hhs_team_id_text,rollup,source,win,loss,gp,win_pct,sec_total,pts,fgm,fga,fg_pct,fg2m,fg2a,fg2m_pct,fg3m,fg3a,fg3m_pct,fg3_rate,ftm,fta,ft_pct,ft_trip,ft_rate,tsa,plays,efg_pct,ppsa,ppp,pct_pts_2,pct_pts_3,pct_pts_ft,orb,orb_pct,drb,drb_pct,trb,trb_pct,ast,ast_shot_pct,tov,tov_pct,ast_tov_ratio,stl,stl_pct,blk_s,blk_s_pct,blk_a,blk_a_pct,pf,pf_pct,pf_drawn,pf_offense,net_pts,poss,pace,sec_total_per_game,pts_per_game,fgm_per_game,fga_per_game,fg2m_per_game,fg2a_per_game,fg3m_per_game,fg3a_per_game,ftm_per_game,fta_per_game,ft_trip_per_game,tsa_per_game,plays_per_game,orb_per_game,drb_per_game,trb_per_game,ast_per_game,tov_per_game,stl_per_game,blk_s_per_game,blk_a_per_game,pf_per_game,pf_drawn_per_game,pf_offense_per_game,net_pts_per_game,opp_pts,opp_fgm,opp_fga,opp_fg_pct,opp_fg2m,opp_fg2a,opp_fg2m_pct,opp_fg3m,opp_fg3a,opp_fg3m_pct,opp_fg3_rate,opp_ftm,opp_fta,opp_ft_pct,opp_ft_trip,opp_ft_rate,opp_tsa,opp_plays,opp_efg_pct,opp_ppsa,opp_ppp,opp_pct_pts_2,opp_pct_pts_3,opp_pct_pts_ft,opp_orb,opp_orb_pct,opp_drb,opp_drb_pct,opp_trb,opp_trb_pct,opp_ast,opp_ast_shot_pct,opp_tov,opp_tov_pct,opp_ast_tov_ratio,opp_stl,opp_stl_pct,opp_blk_s,opp_blk_s_pct,opp_blk_a,opp_blk_a_pct,opp_pf,opp_pf_pct,opp_pf_drawn,opp_pf_offense,opp_net_pts,opp_poss,pts_per_100_poss,opp_pts_per_100_poss,net_pts_per_100_poss,opp_pts_per_game,opp_fgm_per_game,opp_fga_per_game,opp_fg2m_per_game,opp_fg2a_per_game,opp_fg3m_per_game,opp_fg3a_per_game,opp_ftm_per_game,opp_fta_per_game,opp_ft_trip_per_game,opp_tsa_per_game,opp_plays_per_game,opp_orb_per_game,opp_drb_per_game,opp_trb_per_game,opp_ast_per_game,opp_tov_per_game,opp_stl_per_game,opp_blk_s_per_game,opp_blk_a_per_game,opp_pf_per_game,opp_pf_drawn_per_game,opp_pf_offense_per_game,hhs_team_id
11E8E149-C62A-A3A6-AF82-12DF17AE4E1E,2010-ncaa-d0-natl,ncaa,45,62,20,64,23,36,68,28,211,63,26,235,161,144,194,263,3,1,164,1,12,16,12,238,184,164,115,263,5,4,10,11,53,5,11,167,301,316,141,248,216,306,171,264,,,270,96,,,117,19,63,83,58,137,78,116,59,211,219,2,3,3,21,18,8,9,2,249,230,281,221,,144,,,121,334,333,336,139,334,342,110,201,211,189,53,298,304,146,305,136,339,325,113,112,208,90,92,183,281,53,288,10,306,11,265,58,192,327,265,316,201,56,12,,,2,29,,,117,328,99,188,118,274,283,325,298,333,131,116,232,228,242,326,280,184,160,178,156,297,267,35,,2,,,b'\x11\xe8\xe1I\xc6*\xa3\xa6\xaf\x82\x12\xdf\x17\xaeN\x1e'
11E8E149-C62A-A3A6-AF82-12DF17AE4E1E,2010-ncaa-d1-conf-Southland,ncaa,2,3,1,3,1,2,5,3,7,4,1,9,6,5,8,9,1,1,2,1,1,2,1,7,6,6,3,10,1,1,1,1,1,1,1,6,8,11,6,8,6,9,5,6,,,8,2,,,3,2,8,6,6,8,6,7,5,8,8,1,1,1,5,4,2,2,1,7,7,9,6,,2,,,4,10,8,9,4,8,11,3,9,9,8,5,8,6,11,7,2,8,8,5,6,7,6,6,6,5,1,7,1,6,1,8,4,8,10,8,10,5,6,5,,,1,2,,,3,10,4,4,4,3,3,5,4,6,3,4,5,3,3,5,3,3,1,1,3,11,7,5,,1,,,b'\x11\xe8\xe1I\xc6*\xa3\xa6\xaf\x82\x12\xdf\x17\xaeN\x1e'
11E8E149-C62A-A3A6-AF82-12DF17AE4E1E,2010-ncaa-d1-natl,ncaa,41,62,12,60,14,31,62,24,223,51,22,245,164,141,210,264,1,1,157,1,11,13,7,250,188,170,115,267,4,4,10,8,55,4,11,161,303,321,143,253,207,306,153,252,,,290,90,,,119,13,64,90,61,148,84,122,63,221,227,2,3,3,26,18,9,11,2,259,230,276,213,,140,,,122,337,337,338,134,339,343,106,209,224,168,58,302,310,147,312,137,340,334,113,111,193,91,86,186,299,55,310,10,322,11,276,59,181,323,263,319,195,76,17,,,2,27,,,119,333,100,184,117,267,279,324,293,331,125,116,231,229,239,322,278,187,161,179,155,288,259,40,,4,,,b'\x11\xe8\xe1I\xc6*\xa3\xa6\xaf\x82\x12\xdf\x17\xaeN\x1e'
11E8E149-C62A-A3A6-AF82-12DF17AE4E1E,2011-ncaa-d0-natl,ncaa,335,335,288,335,303,238,268,228,287,176,98,286,336,330,336,336,46,39,133,40,62,177,146,321,279,282,264,339,5,168,200,232,300,203,272,334,338,289,278,333,218,247,156,189,,,154,116,,,322,138,7,160,163,229,104,99,15,334,327,4,4,4,42,12,103,109,75,330,323,172,127,,264,,,321,289,267,219,264,287,272,228,140,91,293,58,315,287,320,285,224,246,229,247,290,289,142,83,268,270,300,218,200,260,272,259,201,168,215,229,312,303,235,170,,,75,61,,,322,210,290,304,312,335,328,329,332,336,207,149,332,320,318,338,337,327,319,333,316,89,331,283,,7,,,b'\x11\xe8\xe1I\xc6*\xa3\xa6\xaf\x82\x12\xdf\x17\xaeN\x1e'
11E8E149-C62A-A3A6-AF82-12DF17AE4E1E,2011-ncaa-d1-conf-Southland,ncaa,12,12,9,12,10,9,11,9,11,7,1,12,12,12,12,12,1,1,6,1,3,8,8,12,11,12,11,12,1,5,6,8,7,8,7,11,11,10,9,11,9,10,4,5,,,7,4,,,12,7,2,5,9,11,6,2,1,12,12,1,1,1,3,2,4,3,3,11,11,8,4,,8,,,12,12,11,8,11,10,11,9,10,3,12,3,8,8,10,8,6,8,7,11,11,12,6,7,6,7,7,4,6,5,7,12,10,8,9,11,11,11,6,6,,,5,4,,,12,6,12,12,12,12,12,11,12,12,11,6,10,9,9,11,11,9,8,8,12,6,11,9,,2,,,b'\x11\xe8\xe1I\xc6*\xa3\xa6\xaf\x82\x12\xdf\x17\xaeN\x1e'
11E8E149-C62A-A3A6-AF82-12DF17AE4E1E,2011-ncaa-d1-natl,ncaa,336,337,279,336,299,231,266,215,289,165,82,289,335,330,337,335,47,38,124,37,73,167,121,321,282,290,265,339,4,157,203,208,295,188,269,335,339,297,282,336,207,239,155,189,,,186,126,,,323,113,7,162,175,238,110,108,16,334,328,5,5,4,48,13,105,106,77,334,325,175,128,,267,,,323,311,289,244,271,296,278,233,162,108,298,61,315,296,308,295,233,270,256,256,292,290,156,94,262,280,295,233,203,268,269,275,201,157,213,233,319,300,236,167,,,72,62,,,323,236,294,305,318,337,330,328,330,335,222,156,331,319,319,341,336,321,315,332,318,94,331,274,,7,,,b'\x11\xe8\xe1I\xc6*\xa3\xa6\xaf\x82\x12\xdf\x17\xaeN\x1e'
11E8E149-C62A-A3A6-AF82-12DF17AE4E1E,2012-ncaa-d0-natl,ncaa,266,260,240,268,278,221,203,167,245,162,129,250,239,223,249,242,263,145,341,144,186,162,156,260,292,280,261,226,225,164,233,102,212,126,232,235,242,217,215,256,219,243,184,198,,,180,134,,,270,145,18,262,189,147,74,118,64,222,205,239,103,101,66,35,128,24,41,207,267,195,158,,254,,,270,206,188,240,122,193,198,176,188,281,46,243,229,258,83,256,246,250,221,116,118,177,191,167,227,265,212,292,233,301,232,142,120,218,256,190,190,182,273,249,,,116,126,,,270,201,285,205,264,278,267,328,266,282,222,304,280,293,291,329,328,311,330,333,214,175,236,302,,45,,,b'\x11\xe8\xe1I\xc6*\xa3\xa6\xaf\x82\x12\xdf\x17\xaeN\x1e'
11E8E149-C62A-A3A6-AF82-12DF17AE4E1E,2012-ncaa-d1-conf-Southland,ncaa,9,9,9,9,9,10,9,7,7,7,7,8,10,10,7,10,12,10,12,10,9,8,8,9,11,10,10,9,11,12,12,8,8,9,11,7,6,9,10,9,5,5,6,7,,,5,6,,,10,5,1,3,9,6,2,3,2,10,10,12,9,9,3,2,10,5,8,5,10,2,6,,9,,,10,7,6,5,6,7,6,7,4,4,6,4,9,9,6,9,8,6,6,7,8,6,6,4,9,6,8,9,12,8,11,4,6,5,3,4,9,9,8,9,,,9,8,,,10,8,11,7,10,9,9,9,9,9,7,7,10,10,10,10,11,8,12,11,9,2,10,10,,6,,,b'\x11\xe8\xe1I\xc6*\xa3\xa6\xaf\x82\x12\xdf\x17\xaeN\x1e'
11E8E149-C62A-A3A6-AF82-12DF17AE4E1E,2012-ncaa-d1-natl,ncaa,273,260,286,273,312,244,224,201,256,180,145,256,248,238,249,243,273,161,341,160,186,192,184,268,293,285,254,225,220,182,238,116,217,144,241,252,244,196,218,261,236,248,192,202,,,159,134,,,275,175,20,262,194,160,77,122,66,223,208,239,105,102,71,42,135,25,45,216,269,199,162,,256,,,276,192,180,221,129,184,176,183,172,272,45,243,212,247,87,244,246,232,192,124,125,188,191,161,228,256,217,287,238,289,241,128,120,244,262,202,174,186,270,252,,,139,120,,,275,169,290,214,275,283,270,329,266,284,225,304,281,296,294,329,327,313,331,334,222,182,236,303,,44,,,b'\x11\xe8\xe1I\xc6*\xa3\xa6\xaf\x82\x12\xdf\x17\xaeN\x1e'
11E8E149-C62A-A3A6-AF82-12DF17AE4E1E,2013-ncaa-d0-natl,ncaa,328,330,251,331,277,333,331,293,336,295,245,313,324,258,344,222,278,232,306,238,183,292,269,337,339,339,258,279,82,168,152,317,286,293,265,322,241,243,307,321,218,178,301,274,,,191,296,,,333,298,243,161,337,335,269,280,202,323,245,261,204,208,272,214,122,317,255,322,284,192,294,,269,,,332,138,115,49,286,90,35,279,227,184,285,263,161,133,288,130,240,49,61,297,309,278,269,262,190,122,286,136,152,130,265,150,197,202,117,184,175,234,133,170,,,221,134,,,333,49,337,284,335,225,201,91,154,56,274,231,227,192,185,98,125,178,236,223,208,159,219,167,,176,,,b'\x11\xe8\xe1I\xc6*\xa3\xa6\xaf\x82\x12\xdf\x17\xaeN\x1e'
11E8E149-C62A-A3A6-AF82-12DF17AE4E1E,2013-ncaa-d1-conf-Southland,ncaa,10,10,9,10,10,10,10,9,10,10,8,10,10,9,10,9,9,6,10,6,5,9,9,10,10,10,9,10,3,3,2,8,8,7,4,10,7,8,10,10,5,5,7,6,,,3,10,,,10,9,8,5,10,10,8,9,3,10,9,8,5,5,9,5,1,6,4,10,8,5,7,,7,,,10,1,1,2,5,1,1,6,5,4,6,7,4,3,8,3,8,2,2,5,7,7,9,8,9,6,8,3,2,4,4,1,6,7,6,6,9,10,4,4,,,9,6,,,10,1,10,8,10,8,6,4,5,3,9,9,8,8,8,6,4,8,7,7,7,6,10,6,,5,,,b'\x11\xe8\xe1I\xc6*\xa3\xa6\xaf\x82\x12\xdf\x17\xaeN\x1e'
11E8E149-C62A-A3A6-AF82-12DF17AE4E1E,2013-ncaa-d1-natl,ncaa,330,330,292,331,306,340,337,314,337,311,266,318,327,267,344,220,285,243,307,251,183,309,293,338,341,340,254,279,74,189,158,332,289,308,270,327,242,235,308,324,231,181,305,276,,,175,297,,,333,317,246,157,339,336,274,289,205,323,246,261,204,209,277,217,125,320,258,323,285,201,296,,269,,,334,122,101,32,291,81,24,283,217,175,292,263,154,120,291,119,241,33,38,301,312,283,268,261,191,108,289,117,158,102,270,146,200,217,122,192,162,235,130,177,,,234,134,,,333,27,339,289,336,232,204,92,161,58,274,231,230,194,189,100,125,187,237,225,214,162,220,173,,171,,,b'\x11\xe8\xe1I\xc6*\xa3\xa6\xaf\x82\x12\xdf\x17\xaeN\x1e'
11E8E149-C62A-A3A6-AF82-12DF17AE4E1E,2014-ncaa-d0-natl,ncaa,129,88,254,116,265,229,264,254,255,294,276,272,100,125,77,95,182,212,77,205,95,251,233,201,173,216,49,71,111,103,48,262,140,190,71,217,122,219,270,239,134,85,215,149,,,99,206,,,115,278,221,81,182,240,182,282,249,75,94,130,179,174,185,139,51,220,113,186,284,107,200,,166,,,113,32,52,43,158,27,18,160,215,180,254,281,39,65,26,61,176,29,61,202,161,97,272,307,96,64,140,40,48,32,71,147,289,127,55,110,67,108,107,197,,,218,158,,,115,69,160,86,111,79,97,70,60,32,265,240,62,96,94,55,123,117,95,83,213,77,121,152,,156,,,b'\x11\xe8\xe1I\xc6*\xa3\xa6\xaf\x82\x12\xdf\x17\xaeN\x1e'
11E8E149-C62A-A3A6-AF82-12DF17AE4E1E,2014-ncaa-d1-conf-Southland,ncaa,7,6,5,6,7,8,10,6,11,11,10,12,4,4,2,3,4,7,2,7,6,6,7,8,7,11,3,3,6,6,3,9,4,5,3,6,4,8,7,9,3,4,7,8,,,9,9,,,5,8,6,6,8,11,6,12,9,3,3,5,6,6,6,6,4,7,4,8,8,4,8,,9,,,6,5,5,4,8,4,3,8,10,8,11,10,8,8,1,8,9,4,5,9,8,5,12,12,5,4,4,9,3,6,3,8,11,3,3,7,8,7,10,9,,,6,6,,,5,7,8,4,7,4,4,2,5,2,10,8,6,7,7,3,5,4,8,5,7,4,7,9,,4,,,b'\x11\xe8\xe1I\xc6*\xa3\xa6\xaf\x82\x12\xdf\x17\xaeN\x1e'
11E8E149-C62A-A3A6-AF82-12DF17AE4E1E,2014-ncaa-d1-natl,ncaa,123,88,211,112,231,212,249,241,241,286,268,264,97,118,80,97,166,199,68,198,95,237,206,184,158,207,53,72,106,98,44,240,144,163,67,196,99,256,280,243,149,97,206,157,,,123,196,,,116,255,213,82,177,231,189,276,253,79,96,122,174,172,193,135,54,199,100,167,290,121,202,,168,,,115,46,60,58,152,30,30,138,239,197,273,283,44,75,18,71,175,52,76,195,149,92,278,315,92,89,144,43,44,36,67,166,287,117,62,115,102,141,102,184,,,185,147,,,116,92,157,88,114,83,99,85,61,41,276,243,59,101,97,75,131,134,86,81,215,83,142,120,,138,,,b'\x11\xe8\xe1I\xc6*\xa3\xa6\xaf\x82\x12\xdf\x17\xaeN\x1e'
11E8E149-C62A-A3A6-AF82-12DF17AE4E1E,2015-ncaa-d0-natl,ncaa,162,131,243,163,270,277,270,298,179,206,225,173,283,278,241,255,226,206,253,191,149,291,254,205,210,261,260,261,121,109,23,196,119,150,29,258,203,271,324,291,259,240,184,183,,,91,172,,,142,293,260,274,267,252,288,177,189,277,273,195,168,156,275,203,71,114,78,245,314,253,178,,136,,,141,18,37,68,62,70,143,50,37,43,106,70,41,79,12,82,98,53,55,46,31,47,74,101,139,108,119,13,23,21,29,84,217,215,158,148,310,331,125,166,,,186,113,,,142,57,229,50,138,35,68,113,114,220,47,53,73,113,118,93,89,153,23,38,110,190,328,153,,122,,,b'\x11\xe8\xe1I\xc6*\xa3\xa6\xaf\x82\x12\xdf\x17\xaeN\x1e'
11E8E149-C62A-A3A6-AF82-12DF17AE4E1E,2015-ncaa-d1-conf-Southland,ncaa,5,4,3,5,8,8,7,8,4,5,5,3,8,8,11,8,11,10,13,10,10,8,8,7,8,9,11,10,9,4,1,3,3,2,1,8,6,11,10,9,10,10,4,5,,,4,5,,,4,9,11,11,10,8,10,5,6,9,8,10,9,9,10,11,3,1,2,7,7,10,5,,4,,,4,1,2,9,1,6,10,1,1,2,2,3,2,2,4,2,2,7,6,1,1,1,3,3,6,8,3,1,1,2,1,3,8,10,7,7,11,9,6,7,,,10,9,,,4,6,8,1,4,1,1,9,5,11,1,2,3,3,3,3,2,6,1,2,4,9,8,7,,9,,,b'\x11\xe8\xe1I\xc6*\xa3\xa6\xaf\x82\x12\xdf\x17\xaeN\x1e'
11E8E149-C62A-A3A6-AF82-12DF17AE4E1E,2015-ncaa-d1-natl,ncaa,169,130,209,162,270,261,250,298,146,195,214,155,273,283,207,255,214,194,237,188,150,282,252,181,188,247,255,250,129,111,25,176,126,135,27,236,179,281,318,281,256,234,180,180,,,98,177,,,122,295,260,268,251,234,288,164,182,266,272,188,169,155,273,208,77,113,79,218,308,243,172,,140,,,119,20,37,69,47,67,154,38,29,36,92,63,37,88,7,88,101,54,64,38,21,30,69,93,137,129,126,8,25,16,27,81,204,206,150,136,314,332,140,173,,,180,110,,,122,55,213,37,114,30,64,107,107,228,39,45,66,117,119,92,97,169,24,43,108,179,325,167,,128,,,b'\x11\xe8\xe1I\xc6*\xa3\xa6\xaf\x82\x12\xdf\x17\xaeN\x1e'
11E8E149-C62A-A3A6-AF82-12DF17AE4E1E,2016-ncaa-d0-natl,ncaa,280,249,321,282,330,323,331,339,251,331,325,298,191,261,40,160,262,227,294,240,73,335,319,214,209,275,62,97,102,290,174,345,223,338,212,299,148,260,341,315,82,13,253,166,,,95,255,,,257,320,174,162,272,305,315,313,271,143,195,191,142,153,297,207,225,328,314,251,330,20,217,,235,,,267,48,38,9,307,19,7,250,213,86,347,248,80,102,84,103,286,8,19,327,321,235,306,312,171,15,223,13,174,10,212,110,256,128,25,100,295,339,206,304,,,215,50,,,257,29,286,200,269,201,174,40,95,28,296,183,184,206,205,48,132,83,85,67,218,36,338,282,,72,,,b'\x11\xe8\xe1I\xc6*\xa3\xa6\xaf\x82\x12\xdf\x17\xaeN\x1e'
11E8E149-C62A-A3A6-AF82-12DF17AE4E1E,2016-ncaa-d1-conf-Southland,ncaa,10,8,9,10,9,11,11,12,9,13,11,10,8,8,7,7,7,5,12,6,4,12,11,9,8,11,4,6,6,12,12,13,5,12,9,10,7,12,13,12,2,1,6,2,,,4,6,,,10,9,8,4,11,11,11,12,10,7,7,5,4,4,10,8,12,13,12,10,13,2,5,,7,,,10,5,5,1,12,1,2,7,10,6,13,10,5,6,5,6,11,2,3,13,13,8,12,12,7,1,5,5,12,4,9,8,9,3,1,5,11,12,12,13,,,8,4,,,10,4,11,5,10,7,6,3,2,2,12,6,6,7,7,3,4,4,7,4,10,2,12,12,,4,,,b'\x11\xe8\xe1I\xc6*\xa3\xa6\xaf\x82\x12\xdf\x17\xaeN\x1e'
11E8E149-C62A-A3A6-AF82-12DF17AE4E1E,2016-ncaa-d1-natl,ncaa,280,270,303,280,319,302,320,328,255,331,302,307,165,232,39,159,246,216,282,232,99,321,293,222,217,273,60,89,116,255,173,338,205,329,203,278,158,288,335,312,73,22,242,167,,,131,243,,,267,298,173,168,271,294,294,314,262,131,190,204,158,174,284,205,210,323,310,255,327,32,211,,228,,,270,95,76,9,307,39,12,247,251,124,345,249,110,127,80,125,279,13,34,327,318,233,305,311,155,27,205,31,173,21,203,140,233,105,35,100,311,338,248,304,,,189,65,,,267,49,284,207,271,206,186,48,102,34,296,189,178,198,201,57,137,85,99,73,213,44,333,290,,80,,,b'\x11\xe8\xe1I\xc6*\xa3\xa6\xaf\x82\x12\xdf\x17\xaeN\x1e'
11E8E149-C62A-A3A6-AF82-12DF17AE4E1E,2017-ncaa-d0-natl,ncaa,237,229,234,243,263,276,300,310,255,226,183,282,337,336,295,331,72,78,120,78,43,278,249,298,250,278,236,330,4,182,92,260,141,227,109,299,238,266,306,313,206,159,95,64,,,150,239,,,234,268,227,178,274,301,312,205,138,334,332,23,33,35,258,199,139,229,189,298,293,174,71,,211,,,233,67,62,58,158,49,73,97,200,111,322,199,121,108,214,100,172,49,60,184,203,174,278,270,185,59,141,34,92,30,109,96,201,185,112,146,297,322,22,34,,,85,17,,,234,76,273,157,236,128,114,87,81,105,239,151,156,147,130,80,94,106,74,68,143,132,310,38,,16,,,b'\x11\xe8\xe1I\xc6*\xa3\xa6\xaf\x82\x12\xdf\x17\xaeN\x1e'
11E8E149-C62A-A3A6-AF82-12DF17AE4E1E,2017-ncaa-d1-conf-Southland,ncaa,5,6,1,5,2,8,9,5,10,6,4,10,11,11,11,12,2,2,3,2,4,5,4,11,9,10,10,12,1,5,6,2,3,4,4,10,11,12,10,10,7,7,1,1,,,7,7,,,6,3,11,6,11,11,10,7,5,12,12,3,4,4,10,9,6,7,6,12,9,7,1,,3,,,6,6,4,11,4,5,11,2,12,8,12,7,3,4,4,4,2,11,10,5,4,4,10,11,4,4,3,8,6,5,4,9,9,6,7,7,12,11,4,2,,,2,2,,,6,11,10,4,5,3,3,4,3,6,9,5,2,2,2,4,2,2,5,3,5,7,10,2,,5,,,b'\x11\xe8\xe1I\xc6*\xa3\xa6\xaf\x82\x12\xdf\x17\xaeN\x1e'
11E8E149-C62A-A3A6-AF82-12DF17AE4E1E,2017-ncaa-d1-natl,ncaa,194,229,98,217,122,207,243,244,223,152,106,259,330,328,288,333,38,29,164,32,45,185,142,280,234,260,255,331,5,111,74,152,105,135,79,265,254,307,301,308,160,157,57,46,,,242,251,,,202,164,229,216,262,287,304,176,126,333,332,25,25,30,246,193,119,194,149,295,288,174,55,,216,,,201,124,104,147,114,78,133,63,227,173,307,195,186,186,197,177,177,141,161,142,159,132,281,270,211,103,105,81,74,77,79,119,180,129,112,114,317,314,46,35,,,27,11,,,202,179,245,122,205,92,87,81,53,94,221,142,163,156,140,69,88,90,60,58,104,136,300,39,,14,,,b'\x11\xe8\xe1I\xc6*\xa3\xa6\xaf\x82\x12\xdf\x17\xaeN\x1e'
11E8E149-C62A-A3A6-AF82-12DF17AE4E1E,2018-ncaa-d0-natl,ncaa,170,94,323,137,336,311,300,329,202,279,286,237,255,302,119,225,263,279,136,281,205,327,329,207,193,239,180,186,127,236,127,260,128,266,94,286,193,129,274,251,239,149,233,195,,,25,147,,,138,335,247,344,246,241,259,228,178,210,253,179,199,199,253,226,141,111,113,225,258,170,198,,128,,,135,3,9,26,52,15,32,51,49,63,93,177,21,21,107,24,121,18,17,57,47,50,166,191,160,48,128,15,127,15,94,49,263,239,130,138,139,259,15,54,,,258,90,,,138,16,220,54,133,52,53,112,67,136,115,134,83,98,98,81,103,152,110,122,146,154,244,49,,126,,,b'\x11\xe8\xe1I\xc6*\xa3\xa6\xaf\x82\x12\xdf\x17\xaeN\x1e'
11E8E149-C62A-A3A6-AF82-12DF17AE4E1E,2018-ncaa-d1-conf-Southland,ncaa,5,5,2,5,3,6,6,5,8,6,5,7,7,8,6,9,7,8,5,8,10,6,5,7,6,7,8,8,9,4,7,3,3,3,4,8,8,6,7,7,6,7,7,9,,,3,4,,,6,5,10,6,8,8,5,6,7,8,8,8,10,10,8,9,9,3,4,11,5,7,9,,3,,,6,5,7,9,2,6,8,2,9,9,9,8,4,3,8,3,2,8,7,3,3,5,5,9,4,5,3,9,7,10,4,9,12,5,9,9,4,4,5,2,,,4,5,,,6,9,7,3,6,4,3,8,4,8,6,7,3,2,2,4,2,4,4,4,7,8,4,4,,10,,,b'\x11\xe8\xe1I\xc6*\xa3\xa6\xaf\x82\x12\xdf\x17\xaeN\x1e'
11E8E149-C62A-A3A6-AF82-12DF17AE4E1E,2018-ncaa-d1-natl,ncaa,106,94,144,106,210,228,214,227,178,187,179,203,226,247,169,227,217,223,171,225,228,241,201,201,199,240,226,214,161,120,89,113,74,109,56,212,202,265,277,252,153,126,207,201,,,124,170,,,109,235,235,340,241,221,237,180,164,222,252,205,214,219,251,206,111,87,82,222,269,153,210,,138,,,107,20,31,94,41,30,105,36,118,114,136,178,37,66,35,67,123,71,100,48,34,32,203,224,130,89,74,84,89,68,56,134,288,138,102,116,238,252,14,25,,,153,107,,,109,118,218,30,105,32,39,87,33,109,128,123,46,85,88,66,92,101,94,84,139,124,244,16,,135,,,b'\x11\xe8\xe1I\xc6*\xa3\xa6\xaf\x82\x12\xdf\x17\xaeN\x1e'
11E8E149-C62A-A3A6-AF82-12DF17AE4E1E,2019-ncaa-d0-natl,ncaa,200,180,249,207,281,260,234,230,241,127,68,270,343,340,319,337,179,166,213,173,269,219,198,296,287,282,336,344,82,68,34,271,317,182,167,302,323,260,257,315,80,62,72,50,,,151,177,,,197,253,118,272,248,212,148,72,22,343,338,136,128,132,139,82,30,244,107,293,279,54,53,,226,,,197,61,65,85,109,65,103,92,121,111,206,166,123,137,117,134,191,78,140,116,114,54,218,212,201,278,317,65,34,136,167,143,257,62,32,58,292,298,139,79,,,120,79,,,197,96,254,86,197,117,114,130,102,160,165,157,166,186,181,131,262,311,123,226,180,35,309,174,,42,,,b'\x11\xe8\xe1I\xc6*\xa3\xa6\xaf\x82\x12\xdf\x17\xaeN\x1e'
11E8E149-C62A-A3A6-AF82-12DF17AE4E1E,2019-ncaa-d1-conf-Southland,ncaa,5,6,1,6,1,5,3,1,10,1,1,8,13,11,13,13,6,4,8,4,12,1,1,12,13,10,13,13,9,1,2,2,11,1,6,9,13,12,3,12,3,5,1,2,,,8,3,,,7,1,9,12,9,7,3,3,1,13,13,10,10,10,4,7,3,9,1,13,3,5,3,,3,,,7,12,13,13,3,11,13,3,13,13,11,10,3,5,2,5,1,13,13,3,3,3,6,12,2,13,11,13,2,13,6,12,6,3,4,4,11,7,9,1,,,3,8,,,7,13,8,3,6,3,5,7,3,9,10,8,2,1,1,4,6,10,6,8,6,4,8,8,,8,,,b'\x11\xe8\xe1I\xc6*\xa3\xa6\xaf\x82\x12\xdf\x17\xaeN\x1e'
11E8E149-C62A-A3A6-AF82-12DF17AE4E1E,2019-ncaa-d1-natl,ncaa,148,180,62,174,97,159,117,79,223,48,21,261,332,326,318,337,126,109,241,111,283,80,53,290,286,280,338,341,125,18,21,149,283,63,115,211,295,321,239,284,34,42,62,57,,,247,160,,,136,75,111,267,216,166,108,52,18,338,333,159,133,139,115,71,19,223,73,262,277,36,72,,206,,,138,130,121,223,73,102,185,64,201,219,172,208,152,176,102,171,148,212,296,75,72,21,237,242,183,303,283,193,21,264,115,182,244,15,19,35,335,288,183,62,,,52,117,,,136,278,243,33,134,65,73,111,61,119,161,162,125,135,130,95,257,286,120,196,140,25,310,153,,67,,,b'\x11\xe8\xe1I\xc6*\xa3\xa6\xaf\x82\x12\xdf\x17\xaeN\x1e'
11E8E149-C62A-A3A6-AF82-12DF17AE4E1E,2020-ncaa-d0-natl,ncaa,66,30,312,45,316,311,310,348,74,174,225,103,350,351,317,347,106,119,145,114,100,346,340,170,126,216,336,350,10,287,114,239,96,272,45,304,223,217,327,289,114,38,43,14,,,31,138,,,116,339,301,95,266,262,349,91,123,349,350,49,56,49,336,305,244,119,181,267,287,65,23,,88,,,111,5,9,20,49,13,10,81,81,106,39,277,16,19,143,19,94,10,15,53,43,23,203,248,114,40,96,3,114,4,45,21,143,173,54,42,242,322,46,64,,,143,8,,,116,16,224,23,105,18,27,56,29,39,119,199,34,37,38,30,56,106,12,17,54,98,296,81,,39,,,b'\x11\xe8\xe1I\xc6*\xa3\xa6\xaf\x82\x12\xdf\x17\xaeN\x1e'
11E8E149-C62A-A3A6-AF82-12DF17AE4E1E,2020-ncaa-d1-conf-Southland,ncaa,1,1,1,1,11,9,10,13,5,3,6,5,12,13,11,13,4,4,4,4,8,13,13,6,5,6,12,12,2,12,6,1,3,8,2,7,5,4,10,5,5,3,1,1,,,1,1,,,4,12,12,11,9,10,13,3,6,12,13,4,4,4,13,13,12,1,8,7,4,5,1,,1,,,4,2,2,3,2,1,1,2,11,11,4,13,1,1,5,1,2,1,3,2,2,2,10,13,1,3,3,2,6,2,2,2,7,7,3,3,5,9,1,1,,,5,3,,,4,2,6,2,4,2,2,3,1,1,11,11,1,1,1,1,3,3,2,2,2,7,5,1,,5,,,b'\x11\xe8\xe1I\xc6*\xa3\xa6\xaf\x82\x12\xdf\x17\xaeN\x1e'
11E8E149-C62A-A3A6-AF82-12DF17AE4E1E,2020-ncaa-d1-natl,ncaa,47,30,257,37,278,277,269,347,59,117,174,87,348,349,267,346,90,91,167,89,108,335,316,130,106,198,336,347,15,256,101,182,95,238,40,274,226,259,324,285,74,30,36,15,,,48,117,,,107,322,302,106,252,244,349,80,121,348,350,66,71,65,336,306,241,130,193,259,286,49,25,,78,,,103,12,17,33,49,18,25,81,94,169,41,286,30,27,179,26,107,16,30,55,43,23,216,254,126,59,95,4,101,4,40,30,143,132,57,42,280,325,43,49,,,90,12,,,107,33,205,24,94,18,26,51,28,34,120,198,37,37,39,31,51,100,10,12,48,100,296,64,,50,,,b'\x11\xe8\xe1I\xc6*\xa3\xa6\xaf\x82\x12\xdf\x17\xaeN\x1e'
11E8E149-C62A-A3A6-AF82-12DF17AE4E1E,2021-ncaa-d0-natl,ncaa,290,202,293,286,296,311,310,316,243,284,275,262,334,332,337,337,263,255,277,256,144,311,299,300,288,322,331,342,26,291,187,297,164,302,173,287,38,153,337,302,200,41,170,61,,,55,272,,,295,299,185,111,317,309,332,172,105,343,341,141,90,88,314,183,203,209,220,186,335,45,83,,243,,,307,51,45,42,197,37,36,157,92,62,288,221,88,68,247,71,274,42,43,224,245,211,300,253,256,40,164,46,187,42,173,101,330,281,119,239,231,340,55,123,,,276,75,,,295,45,322,203,307,184,138,96,95,71,256,197,247,236,240,117,141,136,149,121,297,122,340,153,,92,,,b'\x11\xe8\xe1I\xc6*\xa3\xa6\xaf\x82\x12\xdf\x17\xaeN\x1e'
11E8E149-C62A-A3A6-AF82-12DF17AE4E1E,2021-ncaa-d1-conf-Southland,ncaa,10,5,12,11,12,12,12,12,7,11,11,7,13,13,12,12,12,12,9,12,8,12,12,8,8,11,12,11,4,12,7,12,3,12,5,11,2,3,13,9,11,8,6,2,,,2,6,,,11,12,9,3,11,10,12,7,5,12,12,8,6,6,12,8,8,4,6,4,13,6,3,,3,,,11,2,2,2,6,2,2,6,7,5,10,13,1,1,11,1,2,2,2,7,8,9,12,12,3,2,3,2,7,2,5,6,13,12,12,12,7,13,3,6,,,12,6,,,11,2,11,9,11,8,10,9,5,6,12,13,2,2,2,8,6,5,5,5,13,12,13,7,,7,,,b'\x11\xe8\xe1I\xc6*\xa3\xa6\xaf\x82\x12\xdf\x17\xaeN\x1e'
11E8E149-C62A-A3A6-AF82-12DF17AE4E1E,2021-ncaa-d1-natl,ncaa,258,225,259,265,265,284,275,286,175,217,208,217,332,328,322,341,200,168,293,166,124,281,258,258,254,303,333,342,36,237,153,256,175,257,149,228,67,263,334,296,88,20,124,59,,,131,287,,,279,261,122,118,288,279,317,96,63,343,341,102,51,51,265,119,169,190,182,163,333,23,82,,276,,,280,91,78,67,156,67,61,133,156,120,261,239,177,166,245,168,309,75,83,196,232,173,319,255,299,83,175,76,153,75,149,154,329,199,93,191,286,335,97,101,,,207,59,,,279,80,307,169,283,190,120,101,70,62,261,229,299,282,287,145,206,169,148,134,277,75,337,148,,53,,,b'\x11\xe8\xe1I\xc6*\xa3\xa6\xaf\x82\x12\xdf\x17\xaeN\x1e'
11E8E149-C62A-A3A6-AF82-12DF17AE4E1E,2022-ncaa-d0-natl,ncaa,139,67,295,104,305,281,299,306,227,210,198,221,349,342,347,333,91,83,188,85,56,281,271,290,245,268,298,346,6,144,50,250,121,212,69,180,14,211,285,191,104,31,235,168,,,112,259,,,148,297,166,176,227,258,267,110,81,346,333,26,19,22,194,104,63,128,72,85,301,40,200,,251,,,145,24,16,34,54,12,30,50,108,98,163,240,139,119,258,112,259,33,41,74,106,60,314,254,296,57,121,18,50,20,69,54,290,164,56,76,235,297,42,47,,,137,21,,,148,53,238,57,153,71,36,76,29,62,176,186,228,219,218,92,157,143,76,92,143,70,304,81,,19,,,b'\x11\xe8\xe1I\xc6*\xa3\xa6\xaf\x82\x12\xdf\x17\xaeN\x1e'
11E8E149-C62A-A3A6-AF82-12DF17AE4E1E,2022-ncaa-d1-conf-Southland,ncaa,1,1,2,1,2,2,3,2,3,3,2,3,7,6,6,7,1,1,2,1,4,2,2,3,3,3,7,8,3,2,1,1,2,2,2,1,1,7,7,2,3,3,3,2,,,5,4,,,2,2,5,6,3,3,7,2,3,8,7,3,4,4,7,6,3,2,2,1,5,4,3,,3,,,2,4,3,7,1,3,6,1,4,4,3,4,3,3,8,3,3,6,7,1,2,2,4,4,5,2,2,5,1,3,2,3,3,3,4,3,6,6,2,2,,,2,2,,,2,7,3,2,2,3,2,5,2,3,3,3,3,1,1,3,3,2,1,2,3,5,5,2,,2,,,b'\x11\xe8\xe1I\xc6*\xa3\xa6\xaf\x82\x12\xdf\x17\xaeN\x1e'
11E8E149-C62A-A3A6-AF82-12DF17AE4E1E,2022-ncaa-d1-natl,ncaa,108,67,213,90,237,212,223,254,171,125,118,172,347,333,345,338,46,39,180,39,48,208,173,258,213,244,317,348,6,81,33,165,113,121,43,109,18,280,281,171,48,25,174,126,,,223,261,,,100,225,153,198,199,221,252,73,66,349,338,19,10,10,172,88,49,108,49,59,293,26,165,,257,,,92,39,27,73,29,26,69,33,110,154,64,232,200,201,229,197,266,80,121,28,56,23,299,209,309,116,113,45,33,55,43,83,275,86,48,46,292,289,62,29,,,64,21,,,100,128,207,25,93,48,18,79,23,68,128,185,231,231,230,95,180,155,54,75,111,58,301,67,,17,,,b'\x11\xe8\xe1I\xc6*\xa3\xa6\xaf\x82\x12\xdf\x17\xaeN\x1e'
11E8E149-C62A-A3A6-AF82-12DF17AE4E1E,2023-ncaa-d0-natl,ncaa,153,91,290,127,303,285,307,329,228,291,292,225,253,260,213,200,178,161,209,164,59,317,320,225,208,221,131,200,57,196,119,272,101,254,94,153,8,132,253,137,164,64,265,215,,,138,306,,,144,332,290,192,252,276,310,264,245,224,225,106,96,98,270,259,149,198,173,97,223,100,247,,242,,,142,12,10,20,76,18,35,72,50,46,125,139,146,150,165,150,276,20,27,74,91,69,257,158,303,23,101,30,119,17,94,77,315,226,97,150,233,318,170,242,,,203,46,,,144,33,208,56,139,36,21,37,42,69,87,81,222,226,227,44,55,59,94,64,157,152,293,225,,100,,,b'\x11\xe8\xe1I\xc6*\xa3\xa6\xaf\x82\x12\xdf\x17\xaeN\x1e'
11E8E149-C62A-A3A6-AF82-12DF17AE4E1E,2023-ncaa-d1-conf-Southland,ncaa,2,2,5,2,7,4,5,7,4,6,8,1,4,4,6,4,3,3,2,3,3,7,7,3,2,3,5,6,3,4,4,5,3,5,2,1,1,6,7,2,3,1,6,4,,,7,9,,,1,8,7,8,4,5,9,6,9,4,4,3,3,3,7,6,4,4,3,1,7,2,6,,8,,,1,1,1,2,1,1,2,1,2,2,2,3,7,6,6,6,6,3,3,1,1,2,7,4,10,2,3,1,4,1,2,3,7,5,3,2,5,8,7,9,,,4,2,,,1,3,2,2,1,2,2,3,2,3,2,2,7,6,6,3,4,3,2,2,4,3,7,8,,3,,,b'\x11\xe8\xe1I\xc6*\xa3\xa6\xaf\x82\x12\xdf\x17\xaeN\x1e'
11E8E149-C62A-A3A6-AF82-12DF17AE4E1E,2023-ncaa-d1-natl,ncaa,114,91,151,111,188,230,256,285,224,244,242,224,225,235,217,204,109,98,233,100,51,249,233,217,204,215,136,214,47,141,104,174,67,157,72,109,8,212,251,130,88,46,247,208,,,226,309,,,105,262,287,228,246,279,308,254,243,226,229,91,72,75,266,252,142,161,141,94,221,84,248,,246,,,107,25,14,47,40,25,58,53,63,103,56,170,198,211,127,204,280,51,75,35,49,32,266,161,310,52,67,86,104,52,72,111,315,147,76,95,271,298,176,210,,,106,38,,,105,101,202,26,105,21,11,32,18,55,68,103,208,220,219,36,54,48,87,56,119,137,275,181,,88,,,b'\x11\xe8\xe1I\xc6*\xa3\xa6\xaf\x82\x12\xdf\x17\xaeN\x1e'
11E8E149-C62A-A3A6-AF82-12DF17AE4E1E,2024-ncaa-d0-natl,ncaa,106,49,298,67,305,247,261,293,194,215,262,133,298,258,332,219,95,72,274,68,19,261,261,227,204,211,219,289,25,181,126,177,208,179,130,170,49,168,229,170,60,29,169,139,,,57,107,,,110,277,114,79,169,203,218,146,187,276,204,35,21,19,128,98,112,62,50,102,271,26,133,,154,,,100,18,19,93,20,35,83,55,46,151,5,229,102,89,203,91,159,81,91,13,17,16,168,133,238,199,208,61,126,94,130,86,288,169,118,118,205,255,88,150,,,119,22,,,110,74,200,29,108,77,71,229,94,183,83,231,166,169,170,230,264,287,194,245,171,89,279,146,,22,,,b'\x11\xe8\xe1I\xc6*\xa3\xa6\xaf\x82\x12\xdf\x17\xaeN\x1e'
11E8E149-C62A-A3A6-AF82-12DF17AE4E1E,2024-ncaa-d1-conf-Southland,ncaa,2,2,2,2,3,3,3,6,2,3,6,1,5,4,10,6,1,1,8,1,1,2,2,2,2,3,7,7,4,3,3,3,5,2,3,1,1,10,7,4,1,1,3,2,,,5,2,,,2,2,4,4,3,3,6,3,7,6,4,3,1,1,3,2,3,4,2,1,8,1,4,,2,,,2,4,5,9,2,4,7,3,5,10,1,10,3,3,3,2,3,8,9,2,1,1,5,7,3,9,5,3,3,5,3,5,6,1,2,2,6,5,1,2,,,1,1,,,2,9,3,1,2,2,4,6,2,4,4,9,1,1,1,6,7,8,3,4,5,2,5,1,,1,,,b'\x11\xe8\xe1I\xc6*\xa3\xa6\xaf\x82\x12\xdf\x17\xaeN\x1e'
11E8E149-C62A-A3A6-AF82-12DF17AE4E1E,2024-ncaa-d1-natl,ncaa,57,49,130,51,142,137,173,148,208,133,149,140,260,188,334,223,35,22,260,19,19,117,102,233,208,202,213,292,21,96,117,78,164,67,115,98,42,239,182,129,14,13,104,112,,,146,89,,,65,107,99,86,145,191,173,131,151,268,192,25,18,18,88,79,90,49,41,76,224,14,112,,135,,,65,52,55,209,10,69,175,32,84,234,6,232,148,162,115,158,160,210,252,7,10,5,178,144,233,268,164,231,117,254,115,132,263,57,74,66,251,216,122,115,,,35,20,,,65,246,182,6,66,40,47,204,63,164,71,225,141,153,152,197,264,262,221,249,125,65,248,119,,18,,,b'\x11\xe8\xe1I\xc6*\xa3\xa6\xaf\x82\x12\xdf\x17\xaeN\x1e'
11E8E149-C62A-A3A6-AF82-12DF17AE4E1E,2024-ncaa-d1-ncaatournament,ncaa,37,3,37,37,38,57,53,49,54,45,41,51,65,62,65,59,48,42,58,40,32,44,39,61,62,62,61,65,22,28,7,58,58,41,37,42,6,27,52,45,51,44,42,36,,,5,12,,,63,49,33,5,55,48,25,26,9,64,56,33,23,20,16,4,2,57,27,24,61,38,33,,11,,,65,27,27,27,62,24,21,62,32,27,48,56,7,9,22,9,20,25,20,62,59,62,33,58,6,24,58,14,7,17,37,35,60,58,50,65,43,63,57,66,,,47,49,,,63,15,57,67,66,63,63,52,58,35,63,56,15,18,17,48,37,47,41,48,66,48,67,68,,35,,,b'\x11\xe8\xe1I\xc6*\xa3\xa6\xaf\x82\x12\xdf\x17\xaeN\x1e'
11E8E149-C62A-A3A6-AF82-12DF17AE4E1E,2025-ncaa-d0-natl,genius_ncaa,246,199,301,241,319,325,307,292,296,238,171,302,338,335,333,325,262,183,347,191,189,276,283,328,332,327,327,327,114,190,191,235,270,221,241,277,172,129,236,257,122,69,181,124,,,135,234,,323,205,302,188,167,304,277,203,172,79,337,327,217,108,110,178,142,130,119,104,237,250,64,151,,245,,349,209,21,14,62,27,16,47,35,111,128,114,226,133,160,46,163,267,59,74,36,41,42,303,261,279,226,270,177,191,197,241,78,295,178,103,118,127,195,250,253,,,216,118,,121,205,50,317,75,214,81,57,159,45,119,182,226,207,249,259,176,233,307,313,316,167,96,205,316,,108,,80,b'\x11\xe8\xe1I\xc6*\xa3\xa6\xaf\x82\x12\xdf\x17\xaeN\x1e'
11E8E149-C62A-A3A6-AF82-12DF17AE4E1E,2025-ncaa-d1-conf-Southland,genius_ncaa,8,8,6,8,6,9,8,7,8,6,4,8,10,9,10,9,7,6,11,6,7,6,5,9,9,10,9,9,3,5,6,6,6,7,7,9,7,8,7,8,5,4,5,2,,,8,9,,10,8,6,6,5,9,9,8,4,5,10,9,7,4,4,7,5,5,7,7,9,7,5,6,,8,,10,8,5,3,4,8,3,2,7,11,7,9,10,8,8,4,8,9,5,6,8,9,6,11,11,7,5,6,8,6,7,7,9,10,7,5,6,7,6,11,12,,,10,10,,7,8,7,9,7,8,7,6,5,3,3,12,9,8,8,8,5,5,6,7,8,7,6,8,11,,9,,6,b'\x11\xe8\xe1I\xc6*\xa3\xa6\xaf\x82\x12\xdf\x17\xaeN\x1e'
11E8E149-C62A-A3A6-AF82-12DF17AE4E1E,2025-ncaa-d1-natl,genius_ncaa,193,199,172,204,206,259,225,186,255,146,84,278,331,326,311,333,235,146,351,148,223,183,166,302,315,310,341,325,160,106,137,121,223,107,172,202,160,242,227,231,85,68,108,84,,,196,214,,328,163,188,184,195,277,231,166,126,61,331,330,236,118,121,156,124,89,74,52,196,248,68,97,,219,,340,162,48,28,136,10,20,106,13,170,217,98,242,190,224,57,227,269,159,187,15,20,26,323,276,294,271,223,235,137,259,172,115,303,112,103,98,184,178,302,247,,,167,166,,111,163,160,293,37,173,58,29,145,20,106,181,229,205,236,242,169,218,279,275,290,133,99,194,316,,138,,98,b'\x11\xe8\xe1I\xc6*\xa3\xa6\xaf\x82\x12\xdf\x17\xaeN\x1e'
11E8E149-C62A-A3A6-AF82-12DF17AE4E1E,2026-ncaa-d0-natl,genius_ncaa,332,250,327,332,334,356,357,355,285,360,360,266,297,307,218,76,326,295,353,289,10,355,346,255,276,330,27,68,73,340,234,332,289,339,246,341,98,177,359,344,354,343,301,242,,,56,318,,153,324,341,208,97,339,349,360,354,356,198,172,232,115,104,354,239,262,221,262,288,357,339,242,,307,,312,344,58,44,21,300,37,18,302,101,66,286,232,169,145,258,137,326,30,20,312,324,344,295,222,296,78,289,12,234,19,246,58,204,356,334,332,254,359,136,350,,,320,75,,241,324,16,335,349,347,330,295,247,262,159,316,281,336,334,330,296,211,303,121,204,279,330,360,306,,104,,157,b'\x11\xe8\xe1I\xc6*\xa3\xa6\xaf\x82\x12\xdf\x17\xaeN\x1e'
11E8E149-C62A-A3A6-AF82-12DF17AE4E1E,2026-ncaa-d1-natl,genius_ncaa,332,249,345,332,350,360,361,361,277,362,360,289,249,282,123,62,302,261,333,256,9,360,353,220,230,306,10,36,67,326,198,338,253,343,199,322,36,193,356,312,338,261,265,169,,,59,294,,152,299,353,185,100,291,336,350,354,353,113,122,154,87,83,336,197,231,193,205,211,351,257,167,,291,,292,316,41,22,12,252,30,11,255,84,47,246,224,162,133,295,122,303,13,10,269,297,313,286,206,300,70,253,9,198,12,199,54,196,346,274,275,239,354,139,344,,,312,78,,245,299,6,310,324,321,303,255,201,219,142,277,254,328,308,298,255,201,272,130,187,244,267,354,286,,92,,169,b'\x11\xe8\xe1I\xc6*\xa3\xa6\xaf\x82\x12\xdf\x17\xaeN\x1e'
11E8E149-C62E-929A-AF82-12DF17AE4E1E,2014-ncaa-d0-natl,ncaa,239,88,348,180,348,330,327,347,85,343,348,16,90,87,146,5,347,341,305,341,67,347,348,38,72,129,39,9,339,337,214,348,283,348,274,309,209,43,292,250,226,69,251,146,,,6,123,,,157,348,79,270,101,99,162,267,332,17,10,307,277,277,204,135,216,311,297,166,302,68,143,,153,,,157,3,4,2,298,15,4,288,9,7,162,76,49,42,220,38,228,2,2,275,285,195,77,54,242,6,283,3,214,2,274,7,86,255,44,55,90,305,5,130,,,343,187,,,157,2,150,193,158,242,238,116,273,219,77,67,256,252,248,156,249,201,196,206,147,43,316,30,,167,,,b'\x11\xe8\xe1I\xc6.\x92\x9a\xaf\x82\x12\xdf\x17\xaeN\x1e'
11E8E149-C62E-929A-AF82-12DF17AE4E1E,2014-ncaa-d1-conf-Southland,ncaa,9,1,13,7,13,12,12,13,1,12,14,1,2,2,6,1,14,14,12,14,2,13,13,1,1,1,1,1,14,13,9,13,8,13,10,11,5,2,6,3,8,3,10,5,,,1,3,,,7,13,2,7,1,1,4,10,14,1,1,12,11,11,5,4,8,11,10,2,7,3,4,,4,,,4,2,1,2,11,1,2,10,3,2,12,5,3,2,14,2,7,2,2,10,12,10,6,6,8,2,8,2,9,1,10,2,6,12,4,6,3,10,1,10,,,14,10,,,7,2,1,8,5,11,11,11,11,11,6,5,10,9,8,10,11,7,10,10,9,3,10,4,,7,,,b'\x11\xe8\xe1I\xc6.\x92\x9a\xaf\x82\x12\xdf\x17\xaeN\x1e'
11E8E149-C62E-929A-AF82-12DF17AE4E1E,2014-ncaa-d1-natl,ncaa,123,88,211,112,288,104,96,142,47,240,332,9,8,6,90,4,304,285,283,284,82,175,153,15,35,66,31,6,342,167,135,247,191,218,160,81,107,252,248,136,65,55,116,101,,,140,141,,,58,156,37,273,35,32,57,219,326,3,4,300,276,273,90,63,140,217,167,40,287,46,98,,194,,,45,105,100,82,196,176,150,216,33,64,57,73,232,247,133,240,258,97,180,149,170,79,88,39,285,122,191,116,135,115,160,42,38,59,30,22,296,287,19,113,,,215,256,,,58,194,64,75,52,176,161,124,229,220,44,68,272,282,280,174,277,163,183,172,67,26,313,30,,172,,,b'\x11\xe8\xe1I\xc6.\x92\x9a\xaf\x82\x12\xdf\x17\xaeN\x1e'
11E8E149-C62E-929A-AF82-12DF17AE4E1E,2015-ncaa-d0-natl,ncaa,208,86,345,161,348,307,331,336,249,346,349,73,120,53,285,5,208,225,149,234,1,334,336,174,145,197,9,27,46,177,34,337,281,309,114,275,69,111,283,241,88,15,238,133,,,16,123,,,136,346,157,152,148,253,204,330,342,37,6,60,60,66,164,99,39,231,110,149,308,17,155,,148,,,128,4,6,8,117,5,4,147,114,110,168,281,23,19,194,20,198,4,6,150,148,85,285,284,162,57,281,4,34,5,114,37,264,196,57,90,233,330,105,337,,,290,87,,,136,6,143,107,120,138,115,140,81,70,255,264,137,137,142,126,237,269,107,178,191,46,336,223,,51,,,b'\x11\xe8\xe1I\xc6.\x92\x9a\xaf\x82\x12\xdf\x17\xaeN\x1e'
11E8E149-C62E-929A-AF82-12DF17AE4E1E,2015-ncaa-d1-conf-Southland,ncaa,8,7,9,8,11,9,13,10,13,13,13,9,4,1,13,1,5,5,5,5,1,10,9,11,9,10,1,1,2,2,2,8,6,6,4,10,3,8,9,10,3,3,5,4,,,3,4,,,6,12,9,6,7,12,8,13,13,3,1,4,3,4,7,5,1,7,1,9,10,3,4,,5,,,6,2,1,2,4,1,2,4,9,10,4,11,4,3,9,3,9,2,4,5,5,5,9,11,7,7,6,4,2,6,4,4,10,6,3,4,12,12,10,13,,,8,7,,,6,3,7,5,6,6,3,5,3,4,9,10,5,5,5,5,8,9,7,8,6,3,12,10,,5,,,b'\x11\xe8\xe1I\xc6.\x92\x9a\xaf\x82\x12\xdf\x17\xaeN\x1e'
11E8E149-C62E-929A-AF82-12DF17AE4E1E,2015-ncaa-d1-natl,ncaa,142,86,298,115,317,178,238,255,204,324,348,33,46,14,268,5,120,129,141,132,4,236,210,118,103,151,11,26,91,79,30,283,252,189,94,158,65,233,265,203,41,11,192,144,,,85,129,,,79,269,111,163,88,182,151,301,339,24,5,58,58,66,118,59,35,206,84,100,299,14,170,,165,,,65,40,45,51,102,38,36,140,159,188,110,266,105,89,231,90,202,43,96,122,124,65,262,255,194,158,252,33,30,55,94,109,248,90,49,68,315,321,140,315,,,169,140,,,79,93,100,75,62,123,110,142,91,90,222,250,166,149,152,135,259,248,111,167,175,39,335,187,,63,,,b'\x11\xe8\xe1I\xc6.\x92\x9a\xaf\x82\x12\xdf\x17\xaeN\x1e'
11E8E149-C62E-929A-AF82-12DF17AE4E1E,2016-ncaa-d0-natl,ncaa,65,7,340,14,344,190,255,330,85,314,341,50,93,107,83,39,63,46,195,42,1,300,309,47,37,59,16,62,19,157,24,307,318,277,108,225,128,66,188,157,124,61,107,58,,,22,71,,,58,326,116,159,38,113,187,235,323,32,31,3,2,2,82,66,45,171,80,103,236,38,53,,126,,,37,14,26,33,87,38,32,150,59,113,24,229,41,70,48,67,164,22,34,68,59,53,128,154,159,234,318,5,24,21,108,32,129,206,101,81,196,291,47,236,,,112,5,,,58,20,33,111,42,160,175,257,193,208,146,256,155,187,184,241,300,338,55,197,137,55,311,136,,2,,,b'\x11\xe8\xe1I\xc6.\x92\x9a\xaf\x82\x12\xdf\x17\xaeN\x1e'
11E8E149-C62E-929A-AF82-12DF17AE4E1E,2016-ncaa-d1-conf-Southland,ncaa,2,1,9,1,11,4,8,10,3,10,13,1,3,2,3,1,3,3,10,3,1,8,8,1,1,2,1,3,2,4,1,6,10,6,2,7,5,4,6,6,5,5,1,1,,,2,1,,,1,8,5,8,2,3,7,9,13,1,1,2,2,2,3,4,2,4,2,5,8,4,1,,2,,,1,3,1,8,1,5,7,2,6,8,1,8,4,2,8,2,2,7,6,1,1,1,5,6,6,10,10,1,1,5,2,3,5,7,5,4,9,10,4,11,,,4,1,,,1,6,1,2,2,3,4,9,7,9,6,9,4,3,3,9,10,11,2,8,3,5,10,8,,2,,,b'\x11\xe8\xe1I\xc6.\x92\x9a\xaf\x82\x12\xdf\x17\xaeN\x1e'
11E8E149-C62E-929A-AF82-12DF17AE4E1E,2016-ncaa-d1-natl,ncaa,25,7,218,9,260,81,147,208,85,243,326,40,41,39,99,38,5,4,142,4,1,143,152,47,30,40,12,65,9,67,21,187,286,124,78,118,93,169,160,128,36,25,85,70,,,52,39,,,25,184,87,181,22,94,160,216,319,24,20,1,1,1,55,46,31,126,54,75,223,17,70,,87,,,20,62,78,167,69,94,121,115,122,212,29,238,73,105,39,101,134,142,186,60,49,33,147,188,138,298,286,27,21,98,78,94,140,67,61,56,297,292,112,243,,,14,6,,,25,156,22,59,22,116,138,229,155,177,161,251,107,151,145,222,297,323,56,164,125,37,314,144,,1,,,b'\x11\xe8\xe1I\xc6.\x92\x9a\xaf\x82\x12\xdf\x17\xaeN\x1e'
11E8E149-C62E-929A-AF82-12DF17AE4E1E,2017-ncaa-d0-natl,ncaa,93,39,234,63,263,130,196,244,122,288,345,53,36,26,134,10,84,105,103,103,3,216,215,64,58,79,11,22,80,51,5,251,170,145,21,118,53,200,231,144,192,149,141,111,,,80,134,,,83,277,229,178,71,150,192,282,339,14,14,41,50,49,158,121,19,213,66,67,260,158,115,,127,,,75,72,95,63,205,152,117,236,41,63,65,122,148,142,245,147,178,63,68,169,186,179,80,68,211,83,170,6,5,12,21,98,167,200,149,158,301,315,275,342,,,95,27,,,83,77,43,173,68,142,158,104,207,165,68,100,193,178,184,111,113,146,14,35,146,162,312,291,,21,,,b'\x11\xe8\xe1I\xc6.\x92\x9a\xaf\x82\x12\xdf\x17\xaeN\x1e'
11E8E149-C62E-929A-AF82-12DF17AE4E1E,2017-ncaa-d1-conf-Southland,ncaa,2,1,9,2,11,4,6,9,5,9,13,4,1,1,3,1,3,4,6,4,1,6,7,3,3,2,2,2,6,2,1,6,2,5,1,2,1,3,4,1,9,9,2,4,,,2,4,,,3,13,10,6,1,5,6,9,13,1,1,1,1,1,4,5,2,2,1,1,5,9,2,,2,,,3,3,3,3,5,3,4,5,2,3,1,4,5,2,11,3,4,2,1,3,3,5,2,3,8,1,2,1,1,1,1,2,4,10,9,8,4,6,10,13,,,5,4,,,3,1,1,5,2,4,4,5,5,8,2,3,8,7,7,5,3,3,3,2,3,9,7,11,,1,,,b'\x11\xe8\xe1I\xc6.\x92\x9a\xaf\x82\x12\xdf\x17\xaeN\x1e'
11E8E149-C62E-929A-AF82-12DF17AE4E1E,2017-ncaa-d1-natl,ncaa,54,39,98,55,122,66,104,112,107,224,322,39,17,13,137,10,64,77,101,73,5,103,87,58,50,71,12,23,124,20,4,146,110,54,13,58,55,275,218,128,118,118,117,114,,,128,121,,,56,150,203,216,55,111,151,253,336,14,12,57,70,69,114,91,17,177,47,53,252,125,125,,101,,,54,172,175,167,201,210,166,250,114,173,60,175,191,191,200,192,184,164,190,175,184,165,108,98,192,121,110,20,4,26,13,202,198,128,120,156,327,307,288,340,,,56,63,,,56,204,32,142,50,136,144,102,197,120,97,142,171,171,174,99,119,104,19,29,159,135,310,282,,41,,,b'\x11\xe8\xe1I\xc6.\x92\x9a\xaf\x82\x12\xdf\x17\xaeN\x1e'
11E8E149-C62E-929A-AF82-12DF17AE4E1E,2018-ncaa-d0-natl,ncaa,222,129,337,205,340,279,311,345,98,343,349,33,75,78,104,9,259,295,55,293,4,344,343,47,43,90,8,17,157,263,31,345,328,342,175,250,102,126,305,232,271,198,140,62,,,89,293,,,213,347,288,278,144,211,310,325,346,27,21,140,197,190,306,272,133,336,301,152,282,205,74,,263,,,215,49,31,11,283,34,14,268,95,62,271,190,186,144,322,132,289,13,10,284,311,309,262,188,277,122,328,1,31,2,175,43,142,303,199,205,147,301,5,173,,,301,112,,,213,4,77,328,213,254,204,113,194,105,222,175,305,272,269,143,116,289,15,67,168,214,276,21,,168,,,b'\x11\xe8\xe1I\xc6.\x92\x9a\xaf\x82\x12\xdf\x17\xaeN\x1e'
11E8E149-C62E-929A-AF82-12DF17AE4E1E,2018-ncaa-d1-conf-Southland,ncaa,7,7,2,7,3,4,5,8,2,11,13,1,1,1,1,1,4,9,1,8,2,8,7,1,2,2,1,1,10,3,2,9,13,10,7,3,4,9,9,4,8,11,1,1,,,11,10,,,7,8,12,6,4,7,11,11,13,1,1,5,11,10,11,11,5,13,12,3,6,11,1,,9,,,7,13,12,8,12,13,9,12,8,7,10,4,12,10,13,10,8,10,9,11,10,12,6,3,10,10,13,1,2,3,7,11,4,11,11,12,7,9,4,9,,,8,7,,,7,6,2,13,7,9,10,7,11,9,5,4,10,8,8,7,4,10,1,2,9,12,7,3,,12,,,b'\x11\xe8\xe1I\xc6.\x92\x9a\xaf\x82\x12\xdf\x17\xaeN\x1e'
11E8E149-C62E-929A-AF82-12DF17AE4E1E,2018-ncaa-d1-natl,ncaa,169,129,213,163,294,141,188,266,84,296,345,25,34,28,98,9,203,236,86,232,12,270,250,40,40,82,13,17,220,92,16,314,301,229,90,133,75,242,281,179,180,141,87,54,,,232,292,,,136,306,255,279,89,148,232,296,341,18,15,164,199,190,240,182,54,308,190,99,277,156,71,,269,,,136,143,99,68,207,90,64,222,159,142,194,198,284,251,314,247,299,83,75,214,265,245,272,180,297,208,301,4,16,18,90,92,143,201,155,147,231,268,10,125,,,222,158,,,136,55,53,269,125,208,154,107,144,91,191,188,307,281,274,139,142,268,17,55,134,166,264,13,,171,,,b'\x11\xe8\xe1I\xc6.\x92\x9a\xaf\x82\x12\xdf\x17\xaeN\x1e'
11E8E149-C62E-929A-AF82-12DF17AE4E1E,2019-ncaa-d0-natl,ncaa,105,57,249,85,278,122,145,296,18,212,346,3,72,75,106,25,142,192,50,207,18,296,274,16,13,43,59,67,182,252,61,248,203,256,70,77,28,263,313,125,232,200,177,156,,,224,300,,,104,284,206,264,69,85,298,166,340,53,47,96,150,164,288,217,222,209,224,29,286,209,158,,277,,,101,130,106,73,215,127,108,206,92,83,182,112,281,294,99,289,310,105,70,208,227,268,202,98,303,133,203,1,61,5,70,173,255,289,255,274,292,325,42,204,,,158,44,,,104,59,45,267,109,216,168,113,192,168,119,126,305,312,311,175,132,188,4,20,228,263,309,64,,79,,,b'\x11\xe8\xe1I\xc6.\x92\x9a\xaf\x82\x12\xdf\x17\xaeN\x1e'
11E8E149-C62E-929A-AF82-12DF17AE4E1E,2019-ncaa-d1-conf-Southland,ncaa,2,3,2,3,2,1,1,4,2,4,11,1,1,1,2,1,4,8,2,9,4,4,4,1,1,1,2,1,11,6,4,1,1,2,1,1,2,11,8,3,9,9,5,7,,,11,9,,,3,3,11,11,3,2,11,5,13,1,2,7,12,12,12,11,11,4,9,2,5,9,7,,6,,,3,10,9,12,6,10,10,7,7,9,3,5,10,10,6,10,9,12,11,4,5,8,5,6,8,5,1,2,4,2,1,6,4,9,12,9,9,9,2,5,,,4,5,,,3,11,1,6,3,5,4,4,7,8,5,4,7,7,7,5,2,2,1,1,3,13,6,1,,6,,,b'\x11\xe8\xe1I\xc6.\x92\x9a\xaf\x82\x12\xdf\x17\xaeN\x1e'
11E8E149-C62E-929A-AF82-12DF17AE4E1E,2019-ncaa-d1-natl,ncaa,61,57,62,62,97,54,65,149,18,113,304,2,41,25,128,25,77,107,84,108,15,138,91,16,14,41,64,69,189,112,23,120,170,105,30,26,30,323,287,107,123,148,118,130,,,319,312,,,59,98,169,267,52,68,250,148,337,45,36,86,127,135,225,159,136,192,163,25,283,162,141,,292,,,57,237,188,197,189,214,216,174,106,128,139,92,317,330,71,329,311,251,240,158,178,194,187,80,306,226,170,6,23,30,30,230,250,139,175,195,325,298,84,185,,,55,68,,,59,248,35,184,59,167,124,81,157,156,82,84,291,312,311,143,150,159,4,15,188,192,297,61,,73,,,b'\x11\xe8\xe1I\xc6.\x92\x9a\xaf\x82\x12\xdf\x17\xaeN\x1e'
11E8E149-C62E-929A-AF82-12DF17AE4E1E,2019-ncaa-d1-ncaatournament,ncaa,33,2,33,33,36,63,61,51,62,57,55,58,50,35,62,7,62,62,62,62,60,53,54,63,63,63,17,6,62,44,51,62,64,59,63,60,38,17,47,60,59,57,59,62,,,26,52,,,63,57,48,7,63,61,41,57,54,37,7,62,62,62,48,47,37,62,59,60,42,55,59,,56,,,63,29,23,26,47,19,30,17,23,3,64,3,38,38,37,36,56,29,28,51,52,59,51,33,57,38,64,29,51,34,63,38,64,59,54,64,22,52,45,64,,,53,46,,,63,6,62,63,64,61,53,49,44,61,50,5,61,61,61,61,57,64,60,64,64,50,50,64,,47,,,b'\x11\xe8\xe1I\xc6.\x92\x9a\xaf\x82\x12\xdf\x17\xaeN\x1e'
11E8E149-C62E-929A-AF82-12DF17AE4E1E,2020-ncaa-d0-natl,ncaa,66,20,348,24,350,181,242,349,10,326,351,5,31,93,9,11,103,179,37,171,1,348,349,2,2,10,6,16,94,315,87,323,253,341,97,157,76,112,284,135,288,206,239,206,,,53,209,,,65,345,197,90,21,67,313,257,349,7,16,18,42,35,263,211,237,178,220,46,271,204,192,,220,,,50,38,53,30,215,108,51,273,40,68,44,148,80,81,186,81,164,20,9,189,185,247,79,80,182,115,253,1,87,2,97,34,63,331,270,213,227,331,36,293,,,176,7,,,65,5,12,278,51,249,270,258,297,246,114,189,210,220,219,265,212,283,6,39,121,252,317,114,,16,,,b'\x11\xe8\xe1I\xc6.\x92\x9a\xaf\x82\x12\xdf\x17\xaeN\x1e'
11E8E149-C62E-929A-AF82-12DF17AE4E1E,2020-ncaa-d1-conf-Southland,ncaa,2,2,1,2,2,1,1,9,1,11,13,1,1,1,1,1,3,7,1,6,1,9,8,1,1,1,1,1,10,11,2,3,8,6,3,1,2,8,8,2,11,11,7,6,,,6,8,,,3,7,8,2,1,1,9,11,13,1,1,3,7,6,9,8,11,3,6,1,8,11,7,,6,,,3,10,11,12,9,10,8,11,10,12,2,11,6,8,7,8,8,12,6,9,8,11,7,8,6,9,8,1,2,3,3,6,1,12,13,12,11,11,6,13,,,4,4,,,3,7,1,11,2,10,11,12,10,8,10,12,6,8,8,12,6,9,1,3,6,12,11,6,,4,,,b'\x11\xe8\xe1I\xc6.\x92\x9a\xaf\x82\x12\xdf\x17\xaeN\x1e'
11E8E149-C62E-929A-AF82-12DF17AE4E1E,2020-ncaa-d1-natl,ncaa,36,20,326,22,333,53,99,332,7,270,349,3,11,37,9,12,46,88,44,86,2,308,304,2,2,4,9,20,117,264,81,250,219,273,63,52,53,182,246,91,152,112,236,225,,,109,196,,,27,307,158,95,12,32,280,213,347,5,14,18,42,35,222,181,224,143,192,22,238,109,216,,210,,,20,86,104,85,168,167,111,256,53,117,17,173,134,138,172,134,180,80,53,130,134,163,75,68,206,180,219,2,81,7,63,41,51,250,208,113,268,310,40,241,,,64,7,,,27,44,6,187,22,191,212,224,256,212,85,188,205,213,212,232,218,251,5,32,82,196,304,78,,16,,,b'\x11\xe8\xe1I\xc6.\x92\x9a\xaf\x82\x12\xdf\x17\xaeN\x1e'
11E8E149-C62E-929A-AF82-12DF17AE4E1E,2021-ncaa-d0-natl,ncaa,191,227,157,207,168,182,207,243,106,253,304,13,76,57,211,6,141,182,28,180,7,236,199,68,46,153,23,34,83,203,113,172,159,184,78,181,129,312,332,288,195,193,195,229,,,141,144,,,224,193,264,142,199,274,336,313,342,62,30,116,198,198,334,278,239,181,224,209,319,213,209,,120,,,219,176,228,175,287,244,212,264,172,137,267,119,88,104,45,93,41,162,147,275,242,272,49,149,24,163,159,80,113,92,78,247,230,230,251,299,318,331,170,325,,,160,79,,,224,151,163,268,220,200,260,189,276,239,160,103,43,64,59,146,87,148,13,29,265,275,326,162,,138,,,b'\x11\xe8\xe1I\xc6.\x92\x9a\xaf\x82\x12\xdf\x17\xaeN\x1e'
11E8E149-C62E-929A-AF82-12DF17AE4E1E,2021-ncaa-d1-conf-Southland,ncaa,7,7,7,7,7,7,8,11,4,10,12,2,2,2,7,1,8,9,1,9,1,11,11,3,2,3,1,1,9,9,4,7,6,9,3,7,4,8,11,7,12,13,9,10,,,3,1,,,9,11,11,4,6,7,13,12,13,2,1,7,11,11,13,13,11,3,7,6,7,13,9,,1,,,9,7,10,10,10,11,7,7,9,10,7,8,3,3,2,3,1,6,3,9,6,12,2,9,1,8,6,3,4,3,3,12,8,11,13,13,10,12,9,12,,,10,7,,,9,3,3,12,9,10,12,13,12,10,10,10,1,1,1,10,3,10,3,3,11,13,11,9,,11,,,b'\x11\xe8\xe1I\xc6.\x92\x9a\xaf\x82\x12\xdf\x17\xaeN\x1e'
11E8E149-C62E-929A-AF82-12DF17AE4E1E,2021-ncaa-d1-natl,ncaa,119,225,50,163,56,69,107,146,61,177,260,10,29,21,133,10,32,50,32,53,2,131,89,32,22,80,15,34,61,112,86,73,107,83,47,82,113,333,311,243,93,149,136,215,,,250,167,,,102,84,243,184,125,196,331,297,342,42,26,51,99,102,303,248,218,168,205,152,302,172,205,,146,,,116,266,287,254,259,296,281,222,228,208,262,116,141,181,18,168,59,254,258,251,211,204,61,158,38,221,107,139,86,169,47,294,211,98,165,235,332,319,203,297,,,28,29,,,102,258,83,190,119,145,211,139,234,205,147,90,41,71,64,97,85,104,11,19,226,196,301,132,,68,,,b'\x11\xe8\xe1I\xc6.\x92\x9a\xaf\x82\x12\xdf\x17\xaeN\x1e'
11E8E149-C62E-929A-AF82-12DF17AE4E1E,2022-ncaa-d0-natl,ncaa,199,134,295,170,314,179,221,296,74,309,345,54,51,70,35,26,124,166,60,171,6,278,302,32,24,30,9,23,93,279,163,339,274,332,221,139,41,42,143,74,280,223,333,325,,,57,168,,,164,302,162,275,55,124,217,283,342,14,25,49,76,79,187,197,216,338,331,48,132,221,326,,166,,,163,140,181,56,347,157,47,350,224,154,319,272,44,41,154,41,138,46,44,351,346,331,145,264,45,71,274,11,163,16,221,229,254,252,148,277,80,187,125,310,,,148,9,,,164,51,33,325,167,299,317,174,287,115,310,256,99,96,97,150,161,159,50,69,315,159,178,205,,25,,,b'\x11\xe8\xe1I\xc6.\x92\x9a\xaf\x82\x12\xdf\x17\xaeN\x1e'
11E8E149-C62E-929A-AF82-12DF17AE4E1E,2022-ncaa-d1-conf-WAC,ncaa,7,5,8,7,10,3,5,8,4,10,12,5,4,4,3,4,4,4,2,4,2,8,8,4,3,2,2,3,9,10,8,13,7,12,8,5,4,1,2,3,10,9,13,13,,,3,3,,,5,8,6,12,3,3,5,10,11,3,4,3,5,5,8,9,9,13,13,4,1,10,13,,2,,,5,10,13,8,13,12,5,13,11,7,13,9,1,1,7,1,3,5,4,13,13,13,3,10,1,2,7,3,8,3,8,13,9,8,6,11,1,1,11,13,,,5,4,,,5,3,2,13,5,12,12,9,12,6,11,8,1,2,2,5,5,4,4,5,13,8,1,12,,4,,,b'\x11\xe8\xe1I\xc6.\x92\x9a\xaf\x82\x12\xdf\x17\xaeN\x1e'
11E8E149-C62E-929A-AF82-12DF17AE4E1E,2022-ncaa-d1-natl,ncaa,135,134,146,146,196,68,108,162,54,247,328,34,10,18,25,12,76,119,36,119,11,159,174,21,15,17,6,13,163,177,95,278,236,254,144,51,36,87,96,33,173,171,315,320,,,148,155,,,80,183,167,275,27,74,164,280,345,8,12,66,108,107,148,184,177,328,299,25,94,180,325,,149,,,77,235,258,155,324,220,115,325,290,239,303,272,99,105,115,108,162,138,159,333,313,288,181,265,59,137,236,38,95,57,144,283,233,137,122,228,122,120,132,269,,,82,31,,,80,170,16,280,80,244,272,138,230,102,292,247,101,111,112,130,149,145,24,42,285,137,125,130,,47,,,b'\x11\xe8\xe1I\xc6.\x92\x9a\xaf\x82\x12\xdf\x17\xaeN\x1e'
11E8E149-C62E-929A-AF82-12DF17AE4E1E,2023-ncaa-d0-natl,ncaa,223,160,326,204,338,201,193,316,47,264,346,20,74,91,62,25,308,309,241,310,125,318,337,26,40,59,68,32,338,242,112,322,204,316,141,186,180,45,164,115,249,176,261,222,,,50,153,,,141,341,225,182,80,73,174,192,320,22,33,267,255,254,209,226,160,261,234,110,158,196,220,,145,,,132,66,87,41,308,120,52,316,103,91,188,191,67,59,253,63,151,31,28,297,293,298,102,163,119,52,204,11,112,11,141,48,62,285,187,180,171,284,84,245,,,262,82,,,141,28,51,288,118,255,267,163,273,156,189,179,168,142,142,150,138,163,65,79,153,198,273,156,,123,,,b'\x11\xe8\xe1I\xc6.\x92\x9a\xaf\x82\x12\xdf\x17\xaeN\x1e'
11E8E149-C62E-929A-AF82-12DF17AE4E1E,2023-ncaa-d1-conf-WAC,ncaa,7,6,9,7,12,8,9,11,4,8,12,3,3,4,2,3,11,11,8,11,8,11,11,3,3,3,5,3,12,8,6,12,8,11,8,7,9,3,6,4,8,7,8,9,,,3,3,,,4,11,11,11,4,4,7,8,12,3,4,9,9,10,8,11,7,11,11,6,3,7,8,,3,,,4,4,7,4,10,8,5,13,6,5,8,7,3,3,12,3,3,2,4,9,10,9,3,7,3,4,8,2,6,1,8,3,2,8,6,5,7,10,5,7,,,9,5,,,4,3,2,9,4,5,8,6,9,4,8,6,4,3,3,3,4,5,3,4,4,7,10,7,,7,,,b'\x11\xe8\xe1I\xc6.\x92\x9a\xaf\x82\x12\xdf\x17\xaeN\x1e'
11E8E149-C62E-929A-AF82-12DF17AE4E1E,2023-ncaa-d1-natl,ncaa,185,160,219,179,266,126,122,196,47,195,325,12,54,44,128,25,270,262,239,262,118,218,248,34,45,61,80,44,333,146,78,244,149,218,95,140,196,81,133,109,191,144,212,193,,,119,185,,,99,280,209,201,67,59,126,168,316,30,21,254,239,242,162,186,115,220,174,105,138,161,199,,159,,,91,129,142,80,258,158,104,258,128,119,197,168,139,124,236,125,181,78,78,255,253,237,137,162,175,71,149,40,78,25,95,69,61,201,146,113,196,236,84,198,,,180,102,,,99,96,42,217,82,197,213,127,220,139,161,148,184,170,171,121,130,105,68,67,104,167,236,113,,125,,,b'\x11\xe8\xe1I\xc6.\x92\x9a\xaf\x82\x12\xdf\x17\xaeN\x1e'
11E8E149-C62E-929A-AF82-12DF17AE4E1E,2024-ncaa-d0-natl,ncaa,246,176,325,231,330,216,239,301,142,319,356,35,74,47,203,8,242,257,114,247,24,297,317,94,95,104,21,28,203,188,74,302,98,272,81,184,90,70,182,129,266,176,346,324,,,42,162,,,142,330,195,42,99,135,143,268,343,24,10,142,168,151,132,135,90,189,132,97,192,184,340,,152,,,141,59,77,33,285,55,13,325,176,173,208,317,65,54,277,53,210,24,22,304,293,296,249,279,125,16,98,16,74,10,81,95,186,281,165,214,184,280,176,349,,,254,133,,,142,29,87,267,146,235,240,161,185,55,292,296,161,146,147,145,144,68,113,73,225,180,289,272,,113,,,b'\x11\xe8\xe1I\xc6.\x92\x9a\xaf\x82\x12\xdf\x17\xaeN\x1e'
11E8E149-C62E-929A-AF82-12DF17AE4E1E,2024-ncaa-d1-conf-WAC,ncaa,6,6,5,6,5,4,7,5,6,6,10,2,3,3,9,2,6,6,6,4,2,4,4,4,4,5,4,3,9,3,2,7,2,5,2,5,6,8,9,7,7,7,10,10,,,5,8,,,4,5,8,3,3,7,7,8,10,3,3,6,7,6,6,5,1,7,4,6,9,7,10,,5,,,4,4,3,3,8,5,4,9,2,3,4,3,7,5,10,5,5,4,4,7,8,7,4,3,7,2,2,2,2,2,2,2,2,6,3,2,9,8,7,10,,,4,2,,,4,6,5,4,4,2,5,3,6,5,2,4,7,5,5,2,3,2,2,2,2,6,8,8,,3,,,b'\x11\xe8\xe1I\xc6.\x92\x9a\xaf\x82\x12\xdf\x17\xaeN\x1e'
11E8E149-C62E-929A-AF82-12DF17AE4E1E,2024-ncaa-d1-natl,ncaa,218,177,254,213,267,155,190,213,156,299,350,35,42,21,198,8,195,204,161,194,21,214,233,100,102,108,16,20,214,115,56,244,76,192,64,148,107,139,184,142,209,160,347,330,,,96,173,,,135,264,193,47,93,133,122,287,346,19,8,146,153,146,121,116,62,186,115,107,197,169,343,,156,,,133,137,147,85,271,105,36,327,234,249,175,324,101,90,258,88,196,68,68,290,281,274,248,280,116,28,76,44,56,28,64,139,163,213,150,187,251,273,252,354,,,171,122,,,135,99,88,236,132,223,232,158,190,52,289,300,149,131,129,134,144,59,111,70,186,165,291,302,,92,,,b'\x11\xe8\xe1I\xc6.\x92\x9a\xaf\x82\x12\xdf\x17\xaeN\x1e'
11E8E149-C62E-929A-AF82-12DF17AE4E1E,2025-ncaa-d0-natl,genius_ncaa,109,113,90,117,95,98,96,128,89,144,262,25,61,32,206,37,130,148,159,155,73,132,93,66,78,114,87,81,220,71,41,266,240,178,126,101,142,325,263,186,40,39,253,199,,,191,136,,28,96,115,167,120,94,104,162,179,316,57,34,171,174,188,177,114,78,331,235,106,287,39,277,,140,,26,98,204,211,151,286,130,51,321,318,311,269,346,104,110,102,113,234,140,247,326,306,127,299,325,66,171,240,91,41,123,126,230,221,18,13,37,343,311,344,353,,,121,173,,48,96,258,92,117,88,148,156,57,81,8,308,296,70,86,88,44,191,133,40,57,194,16,321,330,,145,,56,b'\x11\xe8\xe1I\xc6.\x92\x9a\xaf\x82\x12\xdf\x17\xaeN\x1e'
11E8E149-C62E-929A-AF82-12DF17AE4E1E,2025-ncaa-d1-conf-WAC,genius_ncaa,5,4,6,5,6,6,5,6,4,5,6,2,4,4,5,4,5,5,8,5,4,6,7,3,3,5,4,4,5,4,3,9,4,8,4,4,4,4,5,5,5,3,8,8,,,1,1,,1,4,8,7,1,4,5,5,5,6,3,4,4,4,4,5,4,3,7,6,4,5,4,8,,1,,1,4,4,5,4,8,6,3,9,5,3,6,6,1,1,6,1,1,1,2,8,6,6,2,5,1,2,4,4,3,2,4,4,3,4,3,3,6,6,6,8,,,6,6,,3,4,3,4,4,4,5,6,4,6,3,5,5,1,1,1,4,3,3,4,3,4,3,6,6,,5,,2,b'\x11\xe8\xe1I\xc6.\x92\x9a\xaf\x82\x12\xdf\x17\xaeN\x1e'
11E8E149-C62E-929A-AF82-12DF17AE4E1E,2025-ncaa-d1-natl,genius_ncaa,78,113,25,102,30,49,51,48,85,69,185,23,27,18,188,37,91,102,161,106,91,52,30,60,69,100,94,79,249,28,27,157,190,78,74,54,144,338,229,157,21,24,241,211,,,270,137,,67,59,46,145,143,77,75,117,146,294,47,26,175,181,186,127,92,52,317,194,82,267,30,283,,146,,35,62,263,252,221,235,157,79,298,333,339,223,351,143,158,84,162,246,222,320,287,264,81,312,331,78,202,190,159,27,178,74,266,227,9,10,30,351,283,349,342,,,59,188,,40,59,324,77,66,61,108,108,46,52,7,300,303,64,84,87,34,192,104,34,41,161,14,309,319,,142,,58,b'\x11\xe8\xe1I\xc6.\x92\x9a\xaf\x82\x12\xdf\x17\xaeN\x1e'
11E8E149-C62E-929A-AF82-12DF17AE4E1E,2026-ncaa-d0-natl,genius_ncaa,163,80,279,147,291,240,240,287,139,250,329,36,186,129,294,26,214,228,174,235,50,284,305,124,119,114,114,120,159,225,130,309,80,296,127,223,164,40,115,125,122,31,330,303,,,89,262,,36,110,303,149,97,109,134,139,161,314,95,20,108,114,134,135,169,125,264,202,128,127,37,327,,226,,58,98,36,37,22,268,36,18,290,80,70,231,253,61,88,35,78,285,25,50,282,263,140,220,242,165,11,80,55,130,29,127,80,278,153,21,85,62,137,46,171,,,218,41,,66,110,63,105,94,90,120,124,26,106,24,192,151,140,197,188,29,119,24,158,74,203,26,137,112,,45,,23,b'\x11\xe8\xe1I\xc6.\x92\x9a\xaf\x82\x12\xdf\x17\xaeN\x1e'
11E8E149-C62E-929A-AF82-12DF17AE4E1E,2026-ncaa-d1-natl,genius_ncaa,110,80,177,113,197,116,115,186,48,129,296,4,92,44,247,28,141,159,122,166,62,184,210,50,48,46,142,124,220,154,84,265,75,226,90,97,135,94,97,67,42,18,300,259,,,130,186,,40,51,217,136,100,46,46,106,75,308,62,21,109,129,143,107,151,128,274,198,60,104,21,312,,156,,55,43,74,77,55,245,68,33,274,150,154,192,271,113,145,49,140,280,54,115,259,246,97,240,248,176,28,75,79,84,40,90,123,242,58,14,50,122,131,40,92,,,165,124,,68,51,155,38,67,41,90,82,16,77,16,175,159,128,161,154,13,118,26,76,36,148,18,138,47,,118,,55,b'\x11\xe8\xe1I\xc6.\x92\x9a\xaf\x82\x12\xdf\x17\xaeN\x1e'
11E8E149-C632-C522-AF82-12DF17AE4E1E,2010-ncaa-d0-natl,ncaa,343,340,288,344,316,327,316,318,298,312,313,279,248,228,281,102,340,342,199,341,324,327,332,291,302,298,192,118,297,268,190,343,319,341,306,306,230,79,259,275,333,312,345,345,,,12,90,,,341,338,330,283,330,314,300,305,277,224,173,335,337,335,323,324,225,343,334,309,181,323,345,,38,,,341,219,269,47,344,177,8,345,334,272,339,335,6,9,122,7,105,20,9,345,345,345,221,334,2,51,319,34,190,29,306,343,345,337,303,345,242,323,331,343,,,343,334,,,341,10,296,345,341,328,337,131,283,20,345,326,26,33,30,77,19,141,126,119,345,325,288,342,,341,,,"b'\x11\xe8\xe1I\xc62\xc5""\xaf\x82\x12\xdf\x17\xaeN\x1e'"
11E8E149-C632-C522-AF82-12DF17AE4E1E,2010-ncaa-d1-conf-Mountain West,ncaa,9,9,6,9,9,9,9,9,7,8,8,7,9,8,8,6,9,9,7,9,8,9,9,8,9,9,7,7,7,7,6,9,9,9,9,9,9,6,7,9,9,8,9,9,,,2,5,,,9,9,7,7,9,9,8,6,6,8,7,9,9,9,8,9,6,9,9,9,6,8,9,,4,,,9,9,9,1,9,9,1,9,9,5,9,8,2,2,4,2,5,1,1,9,9,9,3,8,1,2,9,2,6,1,9,9,9,8,8,9,9,9,9,9,,,9,7,,,9,1,9,9,9,9,9,4,9,3,9,7,4,4,4,3,2,4,3,4,9,8,9,9,,8,,,"b'\x11\xe8\xe1I\xc62\xc5""\xaf\x82\x12\xdf\x17\xaeN\x1e'"
11E8E149-C632-C522-AF82-12DF17AE4E1E,2010-ncaa-d1-natl,ncaa,338,339,191,340,258,315,306,305,283,301,294,262,232,209,276,119,329,335,193,332,305,316,321,280,292,288,195,138,267,248,181,340,315,331,295,295,216,144,268,268,328,311,345,345,,,27,92,,,340,331,327,285,325,312,308,298,276,230,191,329,335,332,326,322,228,342,329,298,191,319,345,,45,,,340,292,319,117,343,242,24,344,340,299,338,333,14,22,135,21,94,70,23,345,345,345,220,332,3,103,315,68,181,61,295,345,345,332,314,345,288,325,331,339,,,342,327,,,340,17,285,345,340,325,335,148,280,27,345,324,29,34,32,92,21,145,101,106,345,329,297,337,,340,,,"b'\x11\xe8\xe1I\xc62\xc5""\xaf\x82\x12\xdf\x17\xaeN\x1e'"
11E8E149-C632-C522-AF82-12DF17AE4E1E,2011-ncaa-d0-natl,ncaa,282,301,170,288,194,213,209,254,134,169,148,199,253,305,40,294,183,191,172,190,223,255,250,163,159,183,246,255,143,295,291,257,111,290,249,138,57,165,240,147,238,223,318,316,,,270,316,,,306,214,201,113,220,206,265,159,136,261,308,173,181,183,262,262,302,261,308,128,203,241,317,,289,,,302,277,262,104,335,260,134,327,205,108,335,122,277,272,224,269,271,136,101,338,338,339,183,152,220,44,111,136,291,78,249,331,331,273,256,327,194,241,101,96,,,235,191,,,306,132,216,329,304,311,291,122,283,162,231,120,287,276,272,162,104,49,163,104,331,270,221,107,,244,,,"b'\x11\xe8\xe1I\xc62\xc5""\xaf\x82\x12\xdf\x17\xaeN\x1e'"
11E8E149-C632-C522-AF82-12DF17AE4E1E,2011-ncaa-d1-conf-Mountain West,ncaa,8,9,3,9,3,6,7,6,6,4,1,7,9,9,1,9,4,2,6,3,5,6,4,7,6,8,7,9,2,8,9,7,9,8,9,8,5,9,8,8,6,7,9,9,,,9,9,,,9,3,1,3,7,8,6,5,1,9,9,4,3,3,5,3,8,7,8,6,9,6,9,,9,,,9,9,9,8,9,9,8,9,5,4,8,4,9,9,3,9,7,9,7,9,9,9,3,3,6,8,9,7,9,8,9,9,7,7,8,9,9,8,2,2,,,5,5,,,9,7,9,9,9,9,9,8,9,9,4,4,9,9,9,9,9,8,7,7,9,6,8,2,,5,,,"b'\x11\xe8\xe1I\xc62\xc5""\xaf\x82\x12\xdf\x17\xaeN\x1e'"
11E8E149-C632-C522-AF82-12DF17AE4E1E,2011-ncaa-d1-natl,ncaa,268,301,132,284,153,203,201,246,139,159,128,207,248,307,35,294,165,166,184,170,212,229,219,166,161,185,238,255,135,287,287,255,126,281,258,133,54,194,240,154,222,215,319,319,,,268,305,,,308,182,193,122,220,217,266,160,136,254,311,165,167,174,266,259,297,276,312,130,205,227,322,,281,,,302,296,284,124,336,273,150,327,218,121,337,127,277,271,233,266,270,155,129,340,339,340,181,156,211,51,126,172,287,105,258,334,329,240,235,324,223,252,118,102,,,225,186,,,308,165,218,328,304,305,291,121,282,155,232,124,283,267,266,159,107,54,170,121,331,247,229,124,,238,,,"b'\x11\xe8\xe1I\xc62\xc5""\xaf\x82\x12\xdf\x17\xaeN\x1e'"
11E8E149-C632-C522-AF82-12DF17AE4E1E,2012-ncaa-d0-natl,ncaa,305,320,163,313,221,290,304,245,323,180,46,333,343,343,323,343,62,50,188,49,140,201,138,336,329,332,318,343,2,179,222,236,285,216,286,261,116,333,324,316,168,194,273,287,,,326,327,,,336,115,31,262,307,322,250,160,13,343,343,29,28,26,191,72,175,240,217,276,333,150,269,,335,,,334,287,244,176,294,262,199,278,188,133,276,101,319,327,61,327,318,223,239,290,299,275,199,104,290,252,285,260,222,265,286,305,287,112,134,229,341,334,249,148,,,86,77,,,336,229,336,279,333,305,279,213,285,248,204,152,322,330,328,279,304,273,284,295,310,80,339,259,,42,,,"b'\x11\xe8\xe1I\xc62\xc5""\xaf\x82\x12\xdf\x17\xaeN\x1e'"
11E8E149-C632-C522-AF82-12DF17AE4E1E,2012-ncaa-d1-conf-Mountain West,ncaa,8,8,5,8,7,8,8,8,8,7,2,8,8,8,8,8,3,2,8,2,4,7,5,8,8,8,8,8,1,5,7,8,8,8,8,8,6,8,8,8,6,6,7,7,,,8,8,,,8,4,2,6,8,8,6,5,1,8,8,2,1,1,5,3,4,8,8,8,8,6,7,,8,,,8,8,7,5,8,5,4,7,8,5,8,5,8,8,3,8,8,5,5,8,8,8,7,6,7,7,8,8,7,8,8,8,7,6,6,8,8,8,4,4,,,4,3,,,8,5,8,8,8,8,8,7,7,6,8,6,8,8,8,8,8,8,8,8,8,6,8,5,,3,,,"b'\x11\xe8\xe1I\xc62\xc5""\xaf\x82\x12\xdf\x17\xaeN\x1e'"
11E8E149-C632-C522-AF82-12DF17AE4E1E,2012-ncaa-d1-natl,ncaa,311,319,196,319,263,302,319,269,327,200,52,335,343,343,321,343,71,58,188,54,138,231,162,336,330,333,318,343,2,202,228,263,291,247,295,278,117,330,324,321,183,205,285,292,,,325,327,,,336,141,31,262,311,326,255,172,14,343,343,28,28,26,201,76,183,248,224,279,334,158,275,,335,,,335,277,236,149,300,245,178,285,172,115,281,101,318,325,61,325,317,199,215,296,303,279,200,108,289,235,291,241,228,249,295,298,288,125,141,238,341,335,239,153,,,98,72,,,336,202,336,283,334,308,281,214,286,253,203,154,324,330,329,280,306,271,291,298,312,84,339,261,,43,,,"b'\x11\xe8\xe1I\xc62\xc5""\xaf\x82\x12\xdf\x17\xaeN\x1e'"
11E8E149-C632-C522-AF82-12DF17AE4E1E,2013-ncaa-d0-natl,ncaa,328,332,183,332,215,252,219,183,268,143,76,278,320,313,308,316,234,184,305,186,280,182,124,300,306,324,325,315,168,184,228,172,97,170,190,145,57,336,321,259,226,252,341,341,,,334,339,,,336,110,28,149,266,224,151,121,39,326,317,235,175,173,159,55,164,131,141,115,335,221,341,,340,,,336,312,271,172,317,266,189,310,195,163,267,119,334,337,240,337,340,233,212,314,329,329,235,110,317,83,97,267,228,195,190,313,305,197,228,295,335,326,104,59,,,201,255,,,336,237,326,309,334,326,292,204,297,218,224,177,340,342,342,294,276,107,287,237,321,177,337,129,,188,,,"b'\x11\xe8\xe1I\xc62\xc5""\xaf\x82\x12\xdf\x17\xaeN\x1e'"
11E8E149-C632-C522-AF82-12DF17AE4E1E,2013-ncaa-d1-conf-Mountain West,ncaa,8,8,6,8,6,8,6,6,8,5,2,6,9,9,8,9,6,4,7,4,6,5,4,8,8,8,8,9,4,4,7,6,2,5,4,5,3,9,9,8,6,6,9,9,,,9,9,,,9,3,1,1,6,6,4,3,1,9,9,5,4,3,2,1,3,5,4,3,9,6,9,,9,,,9,9,7,1,9,7,5,8,2,2,9,2,9,9,7,9,9,4,5,9,9,9,6,2,9,2,2,8,7,3,4,7,7,4,4,5,9,9,3,3,,,3,4,,,9,7,9,8,9,9,8,4,8,7,5,3,9,9,9,6,8,2,8,5,7,2,9,3,,2,,,"b'\x11\xe8\xe1I\xc62\xc5""\xaf\x82\x12\xdf\x17\xaeN\x1e'"
11E8E149-C632-C522-AF82-12DF17AE4E1E,2013-ncaa-d1-natl,ncaa,330,331,210,332,251,270,244,207,272,155,90,286,323,317,309,316,247,197,304,198,277,206,143,302,308,326,325,316,164,209,231,190,99,192,195,155,59,331,322,262,239,261,341,342,,,332,338,,,336,138,28,147,272,231,160,129,42,326,317,235,172,170,162,56,165,132,147,120,337,227,341,,341,,,336,310,262,154,320,259,164,315,187,150,270,116,333,336,243,334,340,218,192,317,329,332,236,109,315,68,99,251,231,181,195,312,305,211,235,301,333,327,98,64,,,221,248,,,336,209,327,315,335,330,297,206,299,218,226,179,341,343,343,299,277,109,289,241,325,184,337,133,,186,,,"b'\x11\xe8\xe1I\xc62\xc5""\xaf\x82\x12\xdf\x17\xaeN\x1e'"
11E8E149-C632-C522-AF82-12DF17AE4E1E,2014-ncaa-d0-natl,ncaa,347,348,254,348,279,337,324,300,326,311,285,302,265,203,335,112,346,340,300,340,335,322,292,324,337,343,255,150,323,316,331,331,339,337,346,233,38,311,344,295,280,276,338,339,,,117,164,,,347,257,159,183,339,326,286,302,262,253,170,345,339,339,317,252,311,336,342,212,337,255,337,,184,,,347,269,295,129,341,310,178,342,134,96,261,89,192,236,37,237,236,149,121,337,326,333,51,81,133,256,339,231,331,245,346,321,294,258,254,330,336,345,269,327,,,336,335,,,347,95,346,343,347,323,332,237,336,268,170,125,245,291,291,277,243,306,301,313,336,220,345,305,,334,,,"b'\x11\xe8\xe1I\xc62\xc5""\xaf\x82\x12\xdf\x17\xaeN\x1e'"
11E8E149-C632-C522-AF82-12DF17AE4E1E,2014-ncaa-d1-conf-Mountain West,ncaa,11,11,8,11,9,11,11,11,11,11,11,10,9,7,11,5,11,11,8,11,11,11,11,11,11,11,7,6,10,11,11,11,11,11,11,10,2,11,11,11,11,11,11,11,,,4,5,,,11,9,5,4,11,11,11,11,9,9,7,11,11,11,11,10,11,11,11,9,11,11,11,,7,,,11,9,10,5,11,10,8,11,6,3,6,4,6,9,1,9,7,6,5,11,11,11,1,3,5,9,11,9,11,10,11,9,6,11,11,11,11,11,8,11,,,11,10,,,11,3,11,11,11,10,10,10,10,10,6,5,6,9,9,10,9,10,10,10,10,11,11,9,,11,,,"b'\x11\xe8\xe1I\xc62\xc5""\xaf\x82\x12\xdf\x17\xaeN\x1e'"
11E8E149-C632-C522-AF82-12DF17AE4E1E,2014-ncaa-d1-natl,ncaa,348,348,307,348,321,344,335,322,327,323,298,305,275,211,335,112,347,344,299,343,336,332,313,326,337,345,254,150,324,323,333,341,342,344,346,254,41,300,344,298,293,280,339,341,,,104,164,,,348,292,162,178,340,330,287,306,264,255,171,345,340,340,319,254,314,339,344,219,336,260,339,,188,,,348,252,285,103,343,306,159,344,122,86,264,87,185,214,39,215,236,115,87,339,331,336,48,77,133,240,342,212,333,223,346,316,294,280,256,331,334,345,263,327,,,342,334,,,348,62,347,345,348,329,334,238,339,272,175,124,250,287,288,280,239,306,300,313,337,227,345,307,,334,,,"b'\x11\xe8\xe1I\xc62\xc5""\xaf\x82\x12\xdf\x17\xaeN\x1e'"
11E8E149-C632-C522-AF82-12DF17AE4E1E,2015-ncaa-d0-natl,ncaa,344,348,172,347,229,308,317,235,345,318,221,346,225,187,283,156,226,243,164,230,188,242,226,340,337,334,112,151,63,338,347,286,341,325,348,191,10,206,254,212,250,279,326,334,,,242,204,,,349,153,74,283,335,339,254,332,228,226,181,223,247,234,255,236,340,296,338,176,226,261,326,,264,,,349,334,333,272,340,326,219,346,268,287,143,244,297,308,132,303,274,284,241,338,336,344,128,138,181,331,341,336,347,338,348,346,325,249,297,344,293,310,298,322,,,203,167,,,349,193,345,347,349,343,340,323,335,255,279,302,309,314,307,334,315,345,345,347,346,257,296,317,,194,,,"b'\x11\xe8\xe1I\xc62\xc5""\xaf\x82\x12\xdf\x17\xaeN\x1e'"
11E8E149-C632-C522-AF82-12DF17AE4E1E,2015-ncaa-d1-conf-Mountain West,ncaa,11,11,7,11,9,11,11,7,11,11,8,11,5,6,5,5,11,11,2,11,11,10,9,11,11,10,5,5,8,10,10,11,11,11,11,5,1,5,7,4,8,9,11,11,,,10,10,,,11,6,3,6,11,11,5,11,8,5,5,11,11,11,8,7,10,11,11,5,6,7,11,,11,,,11,10,10,7,11,10,7,11,6,6,5,5,11,11,4,11,11,9,8,11,11,11,4,2,9,10,11,10,10,10,11,10,6,8,8,11,8,10,9,10,,,9,9,,,11,6,11,11,11,11,11,9,11,8,7,7,11,11,11,10,9,11,10,10,10,8,9,9,,9,,,"b'\x11\xe8\xe1I\xc62\xc5""\xaf\x82\x12\xdf\x17\xaeN\x1e'"
11E8E149-C632-C522-AF82-12DF17AE4E1E,2015-ncaa-d1-natl,ncaa,347,348,209,348,275,333,339,270,347,336,252,348,232,198,289,155,245,258,166,251,190,276,269,343,339,336,108,154,61,344,348,311,343,339,348,212,10,186,260,218,276,291,331,335,,,222,204,,,349,196,81,285,338,342,262,336,232,227,181,230,249,238,262,240,341,299,339,180,232,265,326,,268,,,349,332,330,249,341,321,188,346,254,271,153,245,287,297,137,291,274,264,209,340,338,345,128,136,181,325,343,334,348,337,348,346,325,274,304,344,280,312,294,323,,,235,159,,,349,147,345,347,349,345,341,323,336,261,279,300,310,318,310,335,315,344,346,347,347,263,299,321,,193,,,"b'\x11\xe8\xe1I\xc62\xc5""\xaf\x82\x12\xdf\x17\xaeN\x1e'"
11E8E149-C632-C522-AF82-12DF17AE4E1E,2016-ncaa-d0-natl,ncaa,348,349,175,349,230,343,340,278,347,309,165,345,332,314,341,296,330,284,345,283,295,282,231,347,348,348,303,293,177,179,226,314,293,290,313,306,121,336,345,339,265,261,298,313,,,140,189,,,348,242,232,280,349,348,299,319,148,334,321,330,284,281,311,231,178,337,309,316,331,267,301,,165,,,348,235,270,106,345,319,250,322,50,12,333,11,197,207,123,208,161,122,103,329,328,319,21,21,167,155,293,248,226,220,313,241,170,206,172,241,345,346,322,311,,,249,244,,,348,108,348,316,348,263,290,108,327,288,45,13,217,226,222,130,107,168,276,246,256,199,347,329,,261,,,"b'\x11\xe8\xe1I\xc62\xc5""\xaf\x82\x12\xdf\x17\xaeN\x1e'"
11E8E149-C632-C522-AF82-12DF17AE4E1E,2016-ncaa-d1-conf-Mountain West,ncaa,11,11,7,11,9,11,11,10,11,11,6,11,11,11,10,11,11,6,11,6,7,10,10,11,11,11,9,11,2,6,7,11,10,10,11,10,6,10,11,10,9,9,9,9,,,7,9,,,11,10,6,7,11,11,8,11,4,11,11,10,6,6,7,7,6,10,10,9,11,9,9,,9,,,11,10,11,2,11,11,7,11,2,1,10,1,9,9,1,9,9,3,2,11,11,11,3,2,7,6,10,11,7,8,11,8,7,9,7,9,11,11,11,11,,,7,4,,,11,2,11,11,11,10,11,5,11,8,4,1,9,11,10,6,7,6,11,9,9,7,11,11,,5,,,"b'\x11\xe8\xe1I\xc62\xc5""\xaf\x82\x12\xdf\x17\xaeN\x1e'"
11E8E149-C632-C522-AF82-12DF17AE4E1E,2016-ncaa-d1-natl,ncaa,349,349,218,349,286,349,347,312,348,323,201,347,335,324,341,294,334,295,345,293,293,316,270,348,348,348,300,292,175,206,235,339,299,320,324,324,127,331,344,341,283,267,304,320,,,112,191,,,348,283,234,282,349,348,307,323,153,334,322,330,286,284,314,236,186,342,315,324,334,271,300,,168,,,348,215,252,67,347,311,226,326,37,7,333,11,181,189,126,189,161,80,65,332,331,321,20,21,163,131,299,228,235,189,324,227,170,235,181,247,343,346,320,316,,,274,241,,,348,65,348,322,348,267,292,109,328,287,46,13,217,228,224,134,109,175,279,249,264,203,347,330,,260,,,"b'\x11\xe8\xe1I\xc62\xc5""\xaf\x82\x12\xdf\x17\xaeN\x1e'"
11E8E149-C632-C522-AF82-12DF17AE4E1E,2017-ncaa-d0-natl,ncaa,328,332,234,333,280,326,339,308,337,320,206,345,312,318,242,289,167,140,257,136,95,292,242,339,331,336,159,250,14,272,292,285,199,303,296,322,202,314,333,333,242,224,235,258,,,206,261,,,327,220,111,268,335,343,311,325,168,309,314,129,96,95,279,184,261,277,294,322,327,219,227,,262,,,327,150,172,68,310,282,245,262,8,3,207,4,254,260,123,268,217,106,107,239,260,249,15,3,266,73,199,213,292,166,296,109,95,194,164,161,275,307,133,160,,,139,56,,,327,118,343,231,327,237,248,121,323,322,11,6,293,302,308,184,195,133,278,230,157,154,295,172,,67,,,"b'\x11\xe8\xe1I\xc62\xc5""\xaf\x82\x12\xdf\x17\xaeN\x1e'"
11E8E149-C632-C522-AF82-12DF17AE4E1E,2017-ncaa-d1-conf-Mountain West,ncaa,11,11,7,11,8,11,11,10,11,11,7,11,11,11,8,10,4,5,7,5,4,10,9,11,11,11,8,10,2,9,10,11,9,11,10,11,4,10,11,11,8,7,9,8,,,11,11,,,11,7,4,8,11,11,10,11,5,11,10,2,3,3,7,7,8,11,11,11,10,8,9,,11,,,11,6,7,1,10,10,9,10,1,1,7,1,10,11,2,11,10,5,4,10,10,9,2,1,11,4,9,6,10,5,10,4,2,4,3,4,9,11,10,9,,,3,1,,,11,5,11,8,11,8,8,3,10,10,1,1,11,11,11,7,7,5,9,7,4,4,10,10,,2,,,"b'\x11\xe8\xe1I\xc62\xc5""\xaf\x82\x12\xdf\x17\xaeN\x1e'"
11E8E149-C632-C522-AF82-12DF17AE4E1E,2017-ncaa-d1-natl,ncaa,336,331,310,336,326,340,344,332,338,336,239,346,325,329,248,286,194,166,256,164,92,323,295,340,332,339,156,248,12,294,297,320,211,328,299,334,205,301,335,336,261,232,245,261,,,188,267,,,331,276,118,270,338,345,314,329,171,310,317,133,97,97,287,194,269,282,302,330,327,227,230,,266,,,333,117,147,30,320,271,227,277,6,2,219,4,245,248,126,254,219,57,48,259,273,261,14,3,267,55,211,183,297,124,299,92,94,219,171,168,262,310,118,173,,,168,52,,,331,59,344,240,331,243,258,123,326,325,12,7,293,304,311,182,189,136,289,235,160,161,295,178,,67,,,"b'\x11\xe8\xe1I\xc62\xc5""\xaf\x82\x12\xdf\x17\xaeN\x1e'"
11E8E149-C632-C522-AF82-12DF17AE4E1E,2018-ncaa-d0-natl,ncaa,310,326,164,322,208,307,294,230,327,225,123,330,333,319,335,308,195,170,262,169,212,222,204,336,333,327,297,320,54,183,215,315,164,286,258,261,160,261,271,283,49,20,135,123,,,209,276,,,262,202,196,205,325,316,235,236,101,334,317,180,157,153,228,181,167,335,311,279,265,34,127,,231,,,262,84,81,25,307,194,138,260,8,3,195,3,288,250,321,253,270,28,98,237,290,126,38,4,323,26,164,228,215,139,258,17,28,41,14,9,259,274,286,257,,,175,135,,,262,134,325,94,269,92,79,10,218,151,6,2,291,265,265,19,89,38,252,165,26,27,271,290,,152,,,"b'\x11\xe8\xe1I\xc62\xc5""\xaf\x82\x12\xdf\x17\xaeN\x1e'"
11E8E149-C632-C522-AF82-12DF17AE4E1E,2018-ncaa-d1-conf-Mountain West,ncaa,8,8,3,8,6,10,11,8,11,9,2,11,10,10,10,9,4,4,10,4,4,8,5,11,11,11,9,9,2,3,4,10,5,8,6,9,5,11,11,11,1,1,5,4,,,9,11,,,8,7,7,8,11,11,10,9,4,10,9,5,4,4,8,6,3,10,9,9,11,1,5,,8,,,8,3,3,1,9,5,4,7,1,1,7,1,11,10,9,10,9,1,3,7,9,2,4,1,11,2,5,5,4,4,6,3,3,1,1,1,11,11,11,11,,,3,4,,,8,5,11,2,8,3,2,1,6,4,1,1,11,10,10,1,2,2,6,5,3,1,10,11,,3,,,"b'\x11\xe8\xe1I\xc62\xc5""\xaf\x82\x12\xdf\x17\xaeN\x1e'"
11E8E149-C632-C522-AF82-12DF17AE4E1E,2018-ncaa-d1-natl,ncaa,324,332,144,329,178,306,299,229,332,231,117,332,332,321,332,306,198,178,249,175,215,230,191,334,334,328,287,315,53,209,243,324,158,298,281,260,151,259,269,281,45,21,153,143,,,219,274,,,276,185,181,203,326,322,240,246,111,333,314,183,163,161,232,187,196,339,322,282,262,35,147,,231,,,274,94,86,11,319,217,143,276,7,2,211,3,303,263,327,262,276,21,96,262,316,147,39,3,323,25,158,263,243,151,281,18,32,39,14,11,270,278,286,256,,,170,133,,,276,143,332,105,279,106,91,10,230,152,7,2,303,268,269,19,91,32,264,175,32,30,275,294,,154,,,"b'\x11\xe8\xe1I\xc62\xc5""\xaf\x82\x12\xdf\x17\xaeN\x1e'"
11E8E149-C632-C522-AF82-12DF17AE4E1E,2019-ncaa-d0-natl,ncaa,297,298,249,303,259,273,281,210,323,222,100,332,315,309,303,307,145,98,298,102,168,190,156,332,324,321,261,296,39,78,97,295,248,209,222,332,334,265,243,333,72,56,133,162,,,194,243,,,273,195,80,97,265,280,111,174,44,314,300,103,56,57,86,43,37,293,156,337,287,49,108,,265,,,274,154,192,76,324,303,248,295,12,4,209,4,211,245,69,239,192,95,142,275,273,191,4,6,231,111,248,209,97,168,222,91,50,79,53,52,329,322,328,305,,,89,67,,,273,157,301,177,270,238,266,115,336,326,10,3,256,280,280,154,263,172,287,255,139,44,334,341,,22,,,"b'\x11\xe8\xe1I\xc62\xc5""\xaf\x82\x12\xdf\x17\xaeN\x1e'"
11E8E149-C632-C522-AF82-12DF17AE4E1E,2019-ncaa-d1-conf-Mountain West,ncaa,10,10,7,10,8,10,10,7,11,8,3,11,11,9,11,10,6,4,9,5,6,5,5,11,11,11,9,10,1,4,5,11,9,9,9,9,10,10,10,10,4,3,4,5,,,6,8,,,9,6,3,3,10,10,3,8,1,11,9,4,3,3,3,2,2,11,7,9,11,2,4,,10,,,9,7,9,2,11,11,10,11,1,1,10,1,5,7,3,7,4,3,5,11,11,7,2,1,6,6,9,9,5,7,9,5,3,2,1,2,11,11,11,11,,,1,1,,,9,6,11,7,9,10,10,6,11,11,2,1,5,9,9,7,9,6,10,8,6,1,11,11,,1,,,"b'\x11\xe8\xe1I\xc62\xc5""\xaf\x82\x12\xdf\x17\xaeN\x1e'"
11E8E149-C632-C522-AF82-12DF17AE4E1E,2019-ncaa-d1-natl,ncaa,294,297,233,298,262,275,288,213,320,231,98,332,320,311,295,307,135,85,306,88,131,188,154,331,324,320,249,295,30,82,102,314,262,224,233,334,336,278,259,337,75,55,123,154,,,226,267,,,277,195,82,99,272,289,139,189,53,314,302,83,41,43,93,49,41,307,179,338,300,48,102,,276,,,279,157,199,67,327,310,257,297,7,2,181,4,238,265,77,260,213,88,138,273,278,202,3,3,252,115,262,209,102,174,233,79,45,75,54,46,337,332,327,302,,,71,49,,,277,152,308,187,279,237,264,106,336,325,6,3,273,293,290,155,262,175,281,256,127,47,338,339,,20,,,"b'\x11\xe8\xe1I\xc62\xc5""\xaf\x82\x12\xdf\x17\xaeN\x1e'"
11E8E149-C632-C522-AF82-12DF17AE4E1E,2020-ncaa-d0-natl,ncaa,276,289,87,286,136,220,177,76,288,126,54,281,249,198,306,232,272,267,240,256,315,102,92,301,315,291,280,243,272,50,112,274,155,161,189,252,291,233,178,262,27,22,239,255,,,144,164,,,250,143,171,213,248,201,74,146,54,258,207,288,285,272,104,91,49,309,192,276,204,33,241,,137,,,252,221,268,109,338,313,215,333,56,49,152,52,145,128,232,124,114,103,164,319,315,257,9,33,129,65,155,295,112,225,189,156,80,74,57,83,290,269,311,249,,,260,318,,,250,185,270,228,261,198,254,68,311,187,48,36,143,126,122,52,115,56,281,201,138,81,287,309,,286,,,"b'\x11\xe8\xe1I\xc62\xc5""\xaf\x82\x12\xdf\x17\xaeN\x1e'"
11E8E149-C632-C522-AF82-12DF17AE4E1E,2020-ncaa-d1-conf-Mountain West,ncaa,7,7,3,7,7,8,7,6,10,7,5,9,10,7,10,7,10,6,11,6,8,6,6,9,11,9,9,8,7,2,2,9,3,5,5,7,8,9,9,9,1,1,8,8,,,10,10,,,8,6,6,10,9,8,6,8,5,10,7,10,7,7,7,7,2,9,6,7,9,1,9,,9,,,8,3,4,3,10,6,4,10,2,3,4,3,6,9,1,9,10,3,6,9,9,6,2,3,9,2,3,7,2,5,5,4,5,2,1,1,10,10,11,10,,,6,7,,,8,6,10,3,9,3,3,1,6,3,2,3,5,8,9,1,4,2,8,5,4,2,9,11,,6,,,"b'\x11\xe8\xe1I\xc62\xc5""\xaf\x82\x12\xdf\x17\xaeN\x1e'"
11E8E149-C632-C522-AF82-12DF17AE4E1E,2020-ncaa-d1-natl,ncaa,276,289,45,287,96,211,167,40,295,113,37,284,245,179,309,232,258,252,234,236,311,59,50,307,319,289,280,243,266,21,84,277,165,127,175,250,290,231,166,262,16,16,227,249,,,152,161,,,241,103,170,230,238,200,57,134,49,259,200,279,275,256,84,82,28,313,166,274,199,23,236,,133,,,240,233,272,122,332,309,216,328,57,46,165,51,166,145,251,143,130,112,178,317,315,249,11,34,144,78,165,297,84,230,175,162,77,51,45,68,297,257,312,238,,,259,321,,,241,226,262,215,255,185,249,59,307,179,51,35,154,130,126,52,113,57,269,188,124,65,280,304,,285,,,"b'\x11\xe8\xe1I\xc62\xc5""\xaf\x82\x12\xdf\x17\xaeN\x1e'"
11E8E149-C632-C522-AF82-12DF17AE4E1E,2021-ncaa-d0-natl,ncaa,225,310,89,269,125,163,146,87,291,144,71,309,138,127,176,177,230,256,68,259,331,113,114,276,291,273,195,125,286,69,163,157,160,128,219,155,211,251,173,214,49,51,76,128,,,217,156,,,273,125,173,224,264,218,86,223,107,168,174,305,323,326,170,159,99,266,206,225,182,55,109,,157,,,253,230,256,201,308,292,252,288,109,94,184,37,214,238,59,242,173,209,220,274,262,207,25,36,149,177,160,282,163,256,219,146,24,74,99,63,263,222,289,209,,,208,327,,,273,223,260,180,251,175,217,87,281,222,49,33,161,200,207,91,124,94,269,204,66,105,223,257,,316,,,"b'\x11\xe8\xe1I\xc62\xc5""\xaf\x82\x12\xdf\x17\xaeN\x1e'"
11E8E149-C632-C522-AF82-12DF17AE4E1E,2021-ncaa-d1-conf-Mountain West,ncaa,8,10,2,10,3,8,8,4,10,10,3,11,6,6,6,7,7,7,3,7,9,5,4,10,9,11,5,4,6,2,3,8,9,5,6,5,3,11,11,10,2,1,2,3,,,10,10,,,9,4,8,7,11,11,8,11,8,8,8,9,9,9,10,9,4,11,10,9,11,1,3,,7,,,9,8,8,7,11,10,9,10,4,3,5,1,9,9,2,9,7,7,8,10,10,5,1,1,7,8,9,9,3,8,6,5,3,1,1,2,10,10,11,7,,,3,7,,,9,8,10,4,9,3,3,2,8,5,2,2,5,8,8,2,3,4,5,4,3,1,9,9,,7,,,"b'\x11\xe8\xe1I\xc62\xc5""\xaf\x82\x12\xdf\x17\xaeN\x1e'"
11E8E149-C632-C522-AF82-12DF17AE4E1E,2021-ncaa-d1-natl,ncaa,217,317,50,268,63,136,110,52,287,106,42,302,123,101,203,185,220,244,63,250,335,73,61,277,293,272,227,149,288,61,185,123,134,90,225,132,224,284,177,215,24,28,71,131,,,266,176,,,263,65,165,225,263,213,85,202,94,199,183,309,326,328,169,163,119,270,226,234,187,37,120,,166,,,240,271,282,236,304,307,280,288,137,124,199,35,249,270,76,271,191,240,267,277,266,197,33,38,170,188,134,315,185,288,225,169,26,40,75,56,286,217,308,187,,,187,332,,,263,279,264,162,237,170,203,69,269,201,48,29,169,205,210,77,114,66,269,189,64,81,212,242,,324,,,"b'\x11\xe8\xe1I\xc62\xc5""\xaf\x82\x12\xdf\x17\xaeN\x1e'"
11E8E149-C632-C522-AF82-12DF17AE4E1E,2022-ncaa-d0-natl,ncaa,123,157,79,146,93,147,137,77,286,104,46,301,215,203,260,259,188,215,106,228,335,90,107,297,299,222,271,251,216,64,156,245,103,172,220,131,164,66,36,91,14,9,299,313,,,318,332,,,127,130,265,141,223,183,59,132,49,254,239,237,266,276,108,190,87,339,264,181,36,13,323,,288,,,129,149,154,75,305,238,160,295,12,11,105,15,281,277,224,277,273,92,201,254,274,110,46,9,304,42,103,324,156,241,220,17,4,18,12,2,46,27,284,168,,,170,252,,,127,229,188,77,127,65,69,3,174,81,8,3,232,236,237,6,49,14,288,163,5,19,26,259,,253,,,"b'\x11\xe8\xe1I\xc62\xc5""\xaf\x82\x12\xdf\x17\xaeN\x1e'"
11E8E149-C632-C522-AF82-12DF17AE4E1E,2022-ncaa-d1-conf-Mountain West,ncaa,3,5,3,5,4,7,6,5,10,4,1,11,10,9,8,10,7,9,4,11,11,6,6,11,10,8,10,10,8,1,5,10,7,8,9,5,3,3,2,3,1,1,8,7,,,11,11,,,5,6,10,7,10,9,3,5,2,10,10,10,11,11,6,9,3,11,10,5,2,1,10,,11,,,4,3,3,2,10,6,6,9,1,1,5,1,8,8,7,8,8,3,5,8,10,1,1,1,10,3,7,6,5,6,9,1,1,1,1,1,1,1,7,6,,,5,7,,,5,6,7,1,4,1,1,1,3,2,1,1,7,8,7,1,2,2,6,5,1,1,1,8,,8,,,"b'\x11\xe8\xe1I\xc62\xc5""\xaf\x82\x12\xdf\x17\xaeN\x1e'"
11E8E149-C632-C522-AF82-12DF17AE4E1E,2022-ncaa-d1-natl,ncaa,108,157,32,141,47,131,108,43,285,77,25,299,198,175,239,251,189,215,101,234,339,55,76,295,296,232,268,238,237,62,182,216,126,145,246,119,172,110,51,102,8,10,288,314,,,327,324,,,129,90,264,153,235,197,79,137,60,247,237,252,280,289,129,199,107,337,283,186,44,12,315,,276,,,138,184,186,112,296,278,223,281,16,17,90,13,291,286,227,287,255,128,249,233,260,103,36,8,296,75,126,338,182,310,246,22,4,11,14,3,81,37,293,164,,,158,276,,,129,272,205,74,132,60,68,4,180,99,7,3,226,220,226,7,62,26,288,177,5,19,36,241,,282,,,"b'\x11\xe8\xe1I\xc62\xc5""\xaf\x82\x12\xdf\x17\xaeN\x1e'"
11E8E149-C632-C522-AF82-12DF17AE4E1E,2023-ncaa-d0-natl,ncaa,242,239,236,248,279,221,205,214,200,180,152,229,232,260,145,247,249,262,153,263,298,228,278,207,215,160,254,220,213,302,313,341,202,340,332,251,273,25,70,139,41,13,329,338,,,142,234,,,208,269,188,291,200,174,151,139,101,219,249,223,230,233,180,254,295,354,353,241,50,19,335,,196,,,209,126,177,32,358,279,134,347,15,3,279,6,174,162,227,161,195,33,80,343,343,265,10,9,207,28,202,229,313,125,332,30,16,75,25,17,103,176,301,307,,,228,114,,,208,95,189,214,210,199,245,28,328,205,16,2,217,207,208,29,99,38,298,216,45,35,154,324,,167,,,"b'\x11\xe8\xe1I\xc62\xc5""\xaf\x82\x12\xdf\x17\xaeN\x1e'"
11E8E149-C632-C522-AF82-12DF17AE4E1E,2023-ncaa-d1-conf-Mountain West,ncaa,7,7,8,7,9,8,8,10,6,7,5,6,9,9,7,8,10,9,8,8,9,10,9,7,6,6,10,7,7,8,7,11,9,11,9,7,6,3,5,6,2,1,10,11,,,4,5,,,7,10,5,6,6,6,5,5,4,7,8,10,8,7,5,7,8,11,11,7,5,1,10,,5,,,7,4,7,1,11,10,5,10,2,1,10,1,3,5,2,5,5,1,2,11,9,6,2,2,3,4,9,9,7,6,9,3,3,2,1,1,4,5,8,8,,,7,2,,,7,2,6,6,7,6,8,2,10,8,2,1,3,5,5,2,4,4,9,8,4,1,5,8,,4,,,"b'\x11\xe8\xe1I\xc62\xc5""\xaf\x82\x12\xdf\x17\xaeN\x1e'"
11E8E149-C632-C522-AF82-12DF17AE4E1E,2023-ncaa-d1-natl,ncaa,219,239,151,238,205,206,181,150,216,148,93,241,243,262,189,274,225,225,150,227,311,167,227,226,230,174,278,249,206,283,322,339,215,339,345,229,269,36,67,133,18,11,322,334,,,175,219,,,211,190,163,291,209,184,131,124,77,252,274,220,228,232,164,242,298,355,354,236,47,13,325,,192,,,212,183,241,45,359,331,206,351,15,1,274,4,196,182,232,183,167,45,129,343,345,252,6,6,196,46,215,306,322,222,345,38,12,37,18,15,136,173,331,309,,,173,117,,,211,170,214,201,216,199,257,30,340,224,13,1,205,193,194,28,119,46,320,240,42,30,154,337,,162,,,"b'\x11\xe8\xe1I\xc62\xc5""\xaf\x82\x12\xdf\x17\xaeN\x1e'"
11E8E149-C632-C522-AF82-12DF17AE4E1E,2024-ncaa-d0-natl,ncaa,206,209,196,217,218,209,194,159,264,228,178,274,138,137,162,126,285,318,42,316,335,179,208,239,241,204,146,96,286,199,237,333,299,311,332,210,210,93,125,166,38,16,289,302,,,280,324,,,233,220,179,187,210,189,86,224,151,131,117,287,318,318,150,180,179,355,336,204,122,24,292,,313,,,235,183,149,58,332,260,172,312,11,11,192,8,325,298,345,298,288,84,130,292,328,252,55,3,336,134,299,270,237,226,332,25,10,65,31,9,184,216,278,289,,,322,343,,,233,141,210,241,233,218,192,37,302,215,11,4,332,309,306,69,180,166,305,266,30,41,215,310,,324,,,"b'\x11\xe8\xe1I\xc62\xc5""\xaf\x82\x12\xdf\x17\xaeN\x1e'"
11E8E149-C632-C522-AF82-12DF17AE4E1E,2024-ncaa-d1-conf-Mountain West,ncaa,8,8,6,8,6,8,5,6,7,7,5,8,5,6,2,6,8,8,2,8,10,6,6,6,7,6,6,4,8,7,6,11,11,11,10,6,6,7,6,6,1,1,11,11,,,11,11,,,8,7,4,2,6,3,2,6,4,4,5,8,8,8,4,2,6,11,11,6,8,1,11,,11,,,8,7,2,1,10,10,8,9,1,1,2,1,11,11,10,11,11,2,6,7,8,7,1,1,11,10,11,5,6,7,10,2,1,2,1,1,7,8,4,4,,,10,10,,,8,3,8,9,9,9,6,2,10,11,1,1,11,11,11,3,9,10,7,9,2,1,9,5,,8,,,"b'\x11\xe8\xe1I\xc62\xc5""\xaf\x82\x12\xdf\x17\xaeN\x1e'"
11E8E149-C632-C522-AF82-12DF17AE4E1E,2024-ncaa-d1-natl,ncaa,190,211,130,207,153,194,177,116,285,204,138,300,129,119,172,137,276,298,58,301,338,141,153,260,264,217,156,112,288,159,237,331,303,294,339,204,222,121,122,177,19,11,283,306,,,312,324,,,246,161,164,206,218,195,76,223,136,139,122,292,312,313,135,167,168,357,335,214,123,19,299,,317,,,245,244,207,72,339,295,213,318,19,11,215,7,340,322,347,320,300,113,205,302,341,249,60,5,341,175,303,327,237,296,339,30,11,39,29,9,238,231,311,284,,,306,346,,,246,208,230,242,246,228,196,36,301,199,13,4,336,317,314,66,196,175,317,283,27,35,231,315,,327,,,"b'\x11\xe8\xe1I\xc62\xc5""\xaf\x82\x12\xdf\x17\xaeN\x1e'"
11E8E149-C632-C522-AF82-12DF17AE4E1E,2025-ncaa-d0-natl,genius_ncaa,147,147,135,154,145,155,138,110,203,161,127,224,115,127,115,143,269,274,198,271,317,134,178,183,209,142,160,111,310,147,211,320,243,265,310,136,147,39,46,70,42,25,272,273,,,118,133,,11,148,178,245,108,155,125,72,178,132,110,116,292,292,290,103,209,166,357,317,131,39,33,285,,107,,11,148,169,209,96,345,243,115,348,154,113,245,188,83,70,217,67,119,74,163,340,329,197,87,153,72,100,243,283,211,228,310,227,223,50,25,91,79,90,306,280,,,300,336,,301,148,180,132,169,150,151,205,42,236,78,144,91,77,71,71,31,104,89,297,225,226,39,88,309,,322,,302,"b'\x11\xe8\xe1I\xc62\xc5""\xaf\x82\x12\xdf\x17\xaeN\x1e'"
11E8E149-C632-C522-AF82-12DF17AE4E1E,2025-ncaa-d1-conf-Mountain West,genius_ncaa,7,7,4,7,6,5,5,3,7,5,3,10,6,7,4,7,8,8,10,8,10,2,8,7,8,6,7,6,8,4,5,10,10,9,10,4,4,3,3,4,1,1,8,8,,,5,5,,3,5,9,5,8,8,7,5,7,3,7,7,10,8,10,5,6,6,11,11,5,3,1,9,,5,,3,5,6,7,3,9,6,4,11,4,4,8,5,5,4,9,4,5,4,6,10,9,6,3,5,5,8,10,10,5,10,10,9,8,1,1,1,3,3,11,10,,,11,10,,9,5,5,6,7,5,7,7,1,6,4,4,3,5,4,5,2,7,7,8,10,8,1,3,11,,11,,9,"b'\x11\xe8\xe1I\xc62\xc5""\xaf\x82\x12\xdf\x17\xaeN\x1e'"
11E8E149-C632-C522-AF82-12DF17AE4E1E,2025-ncaa-d1-natl,genius_ncaa,145,147,113,151,118,143,131,103,211,166,126,231,122,129,134,152,259,270,167,266,315,123,164,191,210,147,165,118,294,169,229,321,248,283,318,146,170,40,45,78,43,23,273,272,,,135,145,,13,154,173,242,113,165,136,79,184,131,125,126,280,292,287,117,222,179,359,323,149,41,33,286,,112,,12,155,176,212,99,341,242,115,344,163,120,244,188,97,86,240,76,131,77,181,338,332,200,103,156,87,116,248,294,229,244,318,226,222,48,27,87,89,99,324,300,,,295,336,,283,154,191,138,177,157,156,205,43,221,78,145,99,92,82,74,31,108,98,303,234,225,40,91,325,,323,,297,"b'\x11\xe8\xe1I\xc62\xc5""\xaf\x82\x12\xdf\x17\xaeN\x1e'"
11E8E149-C632-C522-AF82-12DF17AE4E1E,2026-ncaa-d0-natl,genius_ncaa,123,152,116,159,142,210,200,170,279,199,170,277,177,156,247,155,214,198,237,191,234,174,182,278,295,267,170,144,210,113,141,246,129,193,188,229,275,187,179,242,72,35,248,257,,,127,132,,47,176,197,321,97,273,258,201,254,204,207,170,269,255,246,217,244,116,324,258,288,162,61,285,,73,,34,176,121,135,101,255,183,149,238,52,56,161,61,154,150,189,155,177,99,141,220,226,135,58,55,199,69,129,222,141,170,188,70,50,95,36,42,299,297,219,204,,,228,275,,324,176,158,240,106,191,59,76,2,144,77,32,15,116,108,110,5,16,31,202,117,41,87,282,197,,287,,331,"b'\x11\xe8\xe1I\xc62\xc5""\xaf\x82\x12\xdf\x17\xaeN\x1e'"
11E8E149-C632-C522-AF82-12DF17AE4E1E,2026-ncaa-d1-natl,genius_ncaa,163,152,177,171,197,286,279,249,310,284,237,300,240,209,260,154,280,268,240,262,231,253,258,305,315,286,151,139,193,168,180,311,148,284,210,309,292,145,201,270,111,41,289,276,,,68,149,,34,215,273,327,100,298,295,230,293,221,221,186,278,264,259,252,267,142,340,299,326,176,80,296,,81,,39,215,69,93,40,289,143,98,276,26,21,188,58,113,111,201,112,185,38,66,267,272,182,50,49,187,31,148,175,180,114,210,40,55,150,48,62,265,316,192,228,,,282,264,,337,215,80,270,153,230,79,98,4,179,81,34,16,128,125,124,9,14,36,221,133,51,123,293,216,,289,,333,"b'\x11\xe8\xe1I\xc62\xc5""\xaf\x82\x12\xdf\x17\xaeN\x1e'"
11E8E149-C636-E7D8-AF82-12DF17AE4E1E,2010-ncaa-d0-natl,ncaa,125,114,122,125,152,172,179,210,136,131,123,157,271,286,172,286,100,114,104,106,136,187,175,178,149,179,255,284,67,112,41,186,232,166,80,123,73,216,231,160,188,194,262,267,,,210,231,,,117,188,248,218,199,195,258,123,137,281,295,96,113,109,230,213,123,225,174,118,210,206,270,,209,,,116,101,84,137,98,110,146,82,130,128,163,137,192,201,133,198,214,140,165,100,111,82,196,158,248,221,232,34,41,80,80,112,189,118,101,80,268,259,266,245,,,125,86,,,117,158,157,98,108,77,63,84,87,120,110,110,181,194,190,98,130,218,28,57,103,121,253,270,,129,,,b'\x11\xe8\xe1I\xc66\xe7\xd8\xaf\x82\x12\xdf\x17\xaeN\x1e'
11E8E149-C636-E7D8-AF82-12DF17AE4E1E,2010-ncaa-d1-conf-MAC,ncaa,4,4,3,4,5,8,7,9,3,1,1,5,12,12,7,12,6,6,4,6,6,8,8,7,6,8,12,12,3,4,2,5,9,5,2,4,2,5,7,3,10,10,8,8,,,9,8,,,3,8,12,6,9,8,11,1,1,12,12,5,5,5,10,11,4,6,6,4,5,10,8,,8,,,3,1,1,5,2,2,6,1,2,3,4,2,6,6,3,5,4,5,5,2,2,1,4,5,10,8,9,1,2,4,2,1,3,7,6,2,9,8,10,8,,,6,6,,,3,5,5,2,3,1,1,4,1,7,2,3,5,4,4,5,3,8,1,2,1,7,8,10,,7,,,b'\x11\xe8\xe1I\xc66\xe7\xd8\xaf\x82\x12\xdf\x17\xaeN\x1e'
11E8E149-C636-E7D8-AF82-12DF17AE4E1E,2010-ncaa-d1-natl,ncaa,114,114,91,120,115,153,149,166,139,104,102,159,262,278,196,284,99,100,120,90,148,156,135,186,162,179,259,282,78,92,40,162,245,125,84,103,84,239,225,162,178,197,252,267,,,235,228,,,107,156,230,228,191,187,236,118,131,278,290,108,114,109,208,195,115,220,156,113,212,206,267,,211,,,108,112,103,166,88,124,181,76,140,147,141,141,206,218,130,217,213,171,206,88,93,64,195,155,254,251,245,49,40,117,84,121,174,93,96,73,273,253,286,250,,,100,93,,,107,191,159,92,104,73,56,89,83,125,109,115,182,195,194,107,153,233,31,68,92,116,253,274,,124,,,b'\x11\xe8\xe1I\xc66\xe7\xd8\xaf\x82\x12\xdf\x17\xaeN\x1e'
11E8E149-C636-E7D8-AF82-12DF17AE4E1E,2011-ncaa-d0-natl,ncaa,192,175,242,195,264,182,177,257,81,181,234,78,169,197,96,156,203,199,200,199,133,258,266,79,89,120,173,143,199,258,161,257,229,269,171,207,214,132,217,191,286,290,257,246,,,139,201,,,155,256,153,166,131,125,216,138,209,137,169,164,157,155,211,204,237,221,249,164,207,284,255,,211,,,154,116,115,106,166,137,82,260,104,193,26,230,173,157,263,161,219,106,103,159,178,181,154,126,215,152,229,23,161,48,171,108,144,212,189,165,74,117,55,87,,,154,48,,,155,93,135,186,152,187,177,199,199,141,135,243,223,202,208,203,210,213,55,106,164,168,117,75,,75,,,b'\x11\xe8\xe1I\xc66\xe7\xd8\xaf\x82\x12\xdf\x17\xaeN\x1e'
11E8E149-C636-E7D8-AF82-12DF17AE4E1E,2011-ncaa-d1-conf-MAC,ncaa,7,8,3,8,5,7,6,8,7,6,7,7,5,7,4,7,9,11,5,11,11,9,7,5,5,8,6,5,10,8,5,7,8,7,6,11,11,10,10,10,10,11,6,7,,,7,8,,,6,5,8,7,9,9,8,8,8,6,9,11,11,11,12,11,9,5,6,11,8,10,6,,7,,,6,5,4,8,4,7,7,6,3,5,1,4,9,9,10,9,8,8,8,4,5,6,3,3,11,11,8,2,5,5,6,5,6,8,8,7,6,8,3,4,,,8,7,,,6,8,8,6,6,6,4,7,7,8,3,4,9,9,9,8,5,10,1,3,5,9,7,3,,10,,,b'\x11\xe8\xe1I\xc66\xe7\xd8\xaf\x82\x12\xdf\x17\xaeN\x1e'
11E8E149-C636-E7D8-AF82-12DF17AE4E1E,2011-ncaa-d1-natl,ncaa,188,172,199,188,238,161,156,222,76,149,222,73,151,179,105,151,180,179,189,178,136,214,227,73,83,102,179,146,207,237,154,250,229,250,170,178,213,131,192,166,274,275,250,241,,,152,194,,,138,224,149,168,117,105,187,123,194,129,155,156,148,147,187,187,224,227,243,145,186,271,250,,201,,,133,133,130,125,172,158,93,261,109,198,26,230,174,158,258,160,211,125,127,165,175,165,133,124,207,163,229,28,154,56,170,121,151,176,155,152,72,100,48,70,,,126,48,,,138,130,119,172,133,175,178,187,200,137,124,234,205,186,187,194,212,203,57,103,164,135,99,65,,72,,,b'\x11\xe8\xe1I\xc66\xe7\xd8\xaf\x82\x12\xdf\x17\xaeN\x1e'
11E8E149-C636-E7D8-AF82-12DF17AE4E1E,2012-ncaa-d0-natl,ncaa,171,228,81,204,84,28,38,54,40,75,132,41,21,30,35,75,43,75,41,76,89,51,36,27,24,40,66,64,186,133,154,66,263,83,189,33,98,324,222,123,238,316,105,156,,,312,182,,,164,24,4,70,17,28,48,83,188,21,33,46,93,90,46,19,163,91,117,31,294,275,117,,297,,,164,342,336,327,246,331,321,243,305,295,236,162,332,331,232,332,274,334,327,249,266,283,212,158,255,327,263,234,154,302,189,326,206,109,247,267,285,192,85,61,,,40,143,,,164,322,64,285,160,332,321,332,310,314,275,273,323,318,320,340,339,313,159,258,311,133,247,63,,38,,,b'\x11\xe8\xe1I\xc66\xe7\xd8\xaf\x82\x12\xdf\x17\xaeN\x1e'
11E8E149-C636-E7D8-AF82-12DF17AE4E1E,2012-ncaa-d1-conf-MAC,ncaa,6,6,3,6,3,2,3,2,5,4,5,4,2,2,6,4,2,4,4,4,4,2,2,3,4,2,2,3,7,3,4,3,12,2,8,1,5,6,6,2,11,12,6,6,,,10,9,,,6,2,3,2,1,3,2,4,5,1,1,4,3,3,2,2,4,3,2,1,7,11,6,,11,,,6,11,11,11,6,11,11,7,9,9,4,5,11,11,2,11,9,11,11,6,6,9,5,5,10,12,12,9,4,11,8,10,7,9,12,11,8,5,6,4,,,2,6,,,6,11,4,10,6,12,12,12,11,12,10,9,11,12,12,12,12,12,8,11,10,10,7,5,,2,,,b'\x11\xe8\xe1I\xc66\xe7\xd8\xaf\x82\x12\xdf\x17\xaeN\x1e'
11E8E149-C636-E7D8-AF82-12DF17AE4E1E,2012-ncaa-d1-natl,ncaa,186,227,90,210,94,31,41,59,41,83,148,44,24,35,37,76,49,85,41,86,87,57,41,27,24,43,64,66,182,149,163,80,265,101,194,36,101,316,225,128,255,319,111,163,,,307,185,,,175,25,5,68,18,29,48,91,194,21,35,46,93,92,48,19,173,92,126,32,289,281,116,,298,,,175,341,335,327,252,327,319,247,297,288,239,161,328,327,234,327,274,333,327,254,270,286,213,158,256,323,265,213,163,293,194,324,209,120,254,273,274,196,81,64,,,46,141,,,175,321,69,291,170,334,323,335,312,314,277,271,325,318,319,340,339,314,164,261,313,143,251,61,,39,,,b'\x11\xe8\xe1I\xc66\xe7\xd8\xaf\x82\x12\xdf\x17\xaeN\x1e'
11E8E149-C636-E7D8-AF82-12DF17AE4E1E,2013-ncaa-d0-natl,ncaa,60,54,80,58,104,22,33,68,31,73,173,16,23,26,55,49,22,70,4,75,64,59,75,19,9,9,50,66,140,228,245,43,92,91,128,8,15,126,67,16,240,304,171,253,,,42,9,,,62,45,18,267,8,22,58,82,240,24,33,19,86,97,49,93,260,35,123,5,88,275,195,,24,,,60,324,334,328,242,329,325,249,275,289,153,210,108,83,277,86,28,317,296,229,204,255,53,187,26,217,92,229,245,233,128,288,104,188,291,271,223,163,226,225,,,47,72,,,62,307,19,230,59,297,324,337,317,322,259,269,74,58,61,332,304,164,169,170,261,225,186,198,,45,,,b'\x11\xe8\xe1I\xc66\xe7\xd8\xaf\x82\x12\xdf\x17\xaeN\x1e'
11E8E149-C636-E7D8-AF82-12DF17AE4E1E,2013-ncaa-d1-conf-MAC,ncaa,3,3,1,3,1,1,2,2,3,2,4,3,1,1,3,3,1,2,1,2,2,2,2,3,2,1,1,4,3,7,8,2,5,5,6,1,1,4,2,1,10,11,4,8,,,1,1,,,5,1,1,3,1,2,3,5,6,1,1,1,2,2,2,2,8,4,6,1,2,11,4,,1,,,5,12,12,12,9,12,12,10,10,10,7,7,3,1,10,1,1,12,12,9,8,9,1,2,1,10,5,9,8,9,6,11,5,8,10,10,8,6,12,10,,,1,2,,,5,12,2,9,5,10,12,12,12,12,7,8,2,1,1,12,12,6,5,6,9,9,6,10,,2,,,b'\x11\xe8\xe1I\xc66\xe7\xd8\xaf\x82\x12\xdf\x17\xaeN\x1e'
11E8E149-C636-E7D8-AF82-12DF17AE4E1E,2013-ncaa-d1-natl,ncaa,56,54,49,56,74,13,25,48,31,51,148,16,26,27,55,54,14,59,6,61,64,46,48,23,10,10,55,78,131,198,222,25,84,58,112,7,14,158,75,16,228,300,145,236,,,47,8,,,54,28,17,267,7,23,55,75,217,27,37,17,80,83,48,76,240,28,91,5,99,271,179,,24,,,53,326,335,335,215,332,328,224,276,298,130,216,97,78,269,81,22,330,320,201,164,221,53,193,23,240,84,249,222,261,112,290,102,152,280,248,244,163,230,207,,,32,72,,,54,329,21,185,49,284,318,337,314,322,252,270,67,53,53,331,308,172,163,165,250,206,189,197,,43,,,b'\x11\xe8\xe1I\xc66\xe7\xd8\xaf\x82\x12\xdf\x17\xaeN\x1e'
11E8E149-C636-E7D8-AF82-12DF17AE4E1E,2014-ncaa-d0-natl,ncaa,61,57,85,63,123,21,22,41,21,25,61,24,89,98,92,168,24,66,8,67,139,42,58,30,17,13,176,190,135,94,81,70,196,72,91,9,39,130,44,15,224,278,227,261,,,162,48,,,60,54,27,270,11,12,33,16,83,103,114,23,58,61,27,42,112,76,71,6,89,241,253,,118,,,58,329,325,315,168,291,259,247,304,329,88,305,266,211,334,205,157,314,300,191,208,239,232,242,163,290,196,151,81,221,91,284,181,139,240,239,231,149,26,10,,,24,45,,,60,298,10,245,59,299,294,327,254,233,297,329,236,181,180,324,308,269,106,162,264,174,198,22,,15,,,b'\x11\xe8\xe1I\xc66\xe7\xd8\xaf\x82\x12\xdf\x17\xaeN\x1e'
11E8E149-C636-E7D8-AF82-12DF17AE4E1E,2014-ncaa-d1-conf-MAC,ncaa,1,3,2,3,3,1,1,1,1,1,1,1,5,9,4,10,2,2,1,2,8,1,1,2,2,1,7,9,7,1,1,4,10,1,2,1,1,7,4,1,9,12,4,6,,,7,3,,,2,2,2,11,2,2,3,1,2,5,9,1,3,3,3,3,2,4,2,1,5,8,6,,6,,,3,12,12,12,4,12,12,6,8,10,2,7,12,9,12,9,6,12,11,4,5,6,6,5,8,12,10,4,1,5,2,9,4,4,10,6,8,6,5,4,,,2,4,,,2,11,1,7,2,9,8,11,10,10,7,11,7,6,6,11,10,10,3,6,5,7,8,5,,2,,,b'\x11\xe8\xe1I\xc66\xe7\xd8\xaf\x82\x12\xdf\x17\xaeN\x1e'
11E8E149-C636-E7D8-AF82-12DF17AE4E1E,2014-ncaa-d1-natl,ncaa,52,57,59,59,93,17,20,38,22,22,55,23,83,92,95,167,21,51,12,53,130,36,40,30,16,13,171,188,130,86,83,52,188,59,93,10,42,139,43,15,213,271,234,258,,,182,50,,,44,38,29,273,11,13,34,17,88,98,113,21,57,58,29,44,124,68,66,7,87,243,253,,120,,,46,328,324,323,158,289,267,240,311,339,79,315,269,223,331,223,171,322,315,181,195,221,245,250,164,298,188,175,83,235,93,291,185,124,236,227,238,146,21,8,,,19,46,,,44,314,11,228,51,296,281,325,239,213,298,332,230,184,184,321,308,269,109,165,259,169,193,18,,16,,,b'\x11\xe8\xe1I\xc66\xe7\xd8\xaf\x82\x12\xdf\x17\xaeN\x1e'
11E8E149-C636-E7D8-AF82-12DF17AE4E1E,2014-ncaa-d1-ncaatournament,ncaa,33,2,33,33,34,53,50,43,54,44,41,52,57,48,58,35,43,42,23,41,41,42,41,58,57,54,46,49,21,42,43,60,60,52,57,35,6,12,19,19,33,9,41,37,,,1,1,,,56,45,29,3,52,47,15,40,22,51,29,34,35,31,20,27,25,60,52,17,18,7,32,,1,,,57,21,29,25,55,28,21,59,34,27,50,49,2,1,14,1,2,13,24,58,53,52,7,47,3,27,60,21,43,25,57,39,56,39,12,49,10,15,26,49,,,51,55,,,56,18,52,55,58,53,60,53,58,45,55,49,2,1,1,30,49,54,52,57,64,9,11,50,,45,,,b'\x11\xe8\xe1I\xc66\xe7\xd8\xaf\x82\x12\xdf\x17\xaeN\x1e'
11E8E149-C636-E7D8-AF82-12DF17AE4E1E,2015-ncaa-d0-natl,ncaa,68,37,172,51,229,74,61,87,49,71,129,45,81,105,66,127,178,176,168,175,228,98,130,47,55,45,177,124,302,124,95,84,56,93,44,47,89,80,60,36,263,283,302,321,,,163,132,,,65,136,43,283,27,23,30,46,101,68,92,166,180,181,38,66,99,40,39,21,104,273,309,,172,,,58,209,185,227,135,163,187,145,247,250,167,243,209,208,197,208,199,235,204,145,147,188,241,248,188,102,56,115,95,95,44,165,137,219,249,222,67,61,52,39,,,131,165,,,65,222,36,155,54,244,229,290,184,226,264,273,215,215,217,295,267,113,122,109,181,227,89,57,,91,,,b'\x11\xe8\xe1I\xc66\xe7\xd8\xaf\x82\x12\xdf\x17\xaeN\x1e'
11E8E149-C636-E7D8-AF82-12DF17AE4E1E,2015-ncaa-d1-conf-MAC,ncaa,5,3,7,4,8,3,3,5,2,4,4,4,4,7,2,7,7,6,7,6,7,6,6,3,3,3,8,6,9,5,4,6,3,6,3,2,4,7,6,3,7,8,9,9,,,5,4,,,7,5,1,5,1,1,2,1,3,4,7,6,5,5,3,2,5,4,4,1,9,7,9,,8,,,7,10,10,9,9,9,9,8,8,7,10,6,6,5,9,5,5,8,8,8,8,9,6,8,5,3,3,3,4,2,3,9,6,5,7,8,5,4,3,4,,,4,5,,,7,8,2,8,6,12,12,12,11,11,9,7,8,8,8,12,12,3,5,3,11,5,7,6,,1,,,b'\x11\xe8\xe1I\xc66\xe7\xd8\xaf\x82\x12\xdf\x17\xaeN\x1e'
11E8E149-C636-E7D8-AF82-12DF17AE4E1E,2015-ncaa-d1-natl,ncaa,68,37,143,48,198,56,48,70,40,56,117,41,78,105,63,130,171,174,165,175,233,85,108,38,53,35,183,124,304,120,104,63,47,81,43,38,88,90,60,31,258,279,305,320,,,164,130,,,57,120,43,285,27,19,32,41,104,67,94,160,182,180,41,70,118,36,43,19,104,272,309,,168,,,54,232,214,255,145,189,206,151,254,259,178,244,215,216,198,219,200,254,220,157,156,195,239,245,188,102,47,107,104,96,43,175,141,220,252,219,72,61,51,38,,,123,161,,,57,244,34,157,49,252,235,289,193,233,264,274,221,214,220,296,266,101,117,96,190,224,87,56,,97,,,b'\x11\xe8\xe1I\xc66\xe7\xd8\xaf\x82\x12\xdf\x17\xaeN\x1e'
11E8E149-C636-E7D8-AF82-12DF17AE4E1E,2016-ncaa-d0-natl,ncaa,119,137,76,138,80,69,78,55,153,144,161,138,30,26,95,52,106,69,279,69,56,50,65,104,122,100,44,43,212,109,196,48,141,59,158,79,127,144,56,76,215,279,182,189,,,319,239,,,162,57,64,31,64,79,53,193,224,31,24,124,73,74,44,70,145,49,62,81,96,256,205,,291,,,163,322,277,293,154,195,167,235,325,339,111,322,339,344,74,345,339,314,305,194,211,242,329,278,291,286,141,320,196,322,158,189,100,142,240,171,99,55,155,136,,,18,40,,,162,303,97,238,153,287,225,267,158,86,305,334,317,327,326,311,309,244,292,290,152,191,73,120,,18,,,b'\x11\xe8\xe1I\xc66\xe7\xd8\xaf\x82\x12\xdf\x17\xaeN\x1e'
11E8E149-C636-E7D8-AF82-12DF17AE4E1E,2016-ncaa-d1-conf-MAC,ncaa,3,5,2,5,4,2,4,4,7,7,6,8,2,2,5,3,4,1,12,1,2,3,3,6,7,5,3,3,5,4,7,2,8,3,6,1,4,7,4,4,4,7,2,4,,,11,8,,,8,1,2,4,3,6,6,9,8,2,2,5,2,2,3,3,5,4,5,5,5,4,3,,10,,,8,12,10,11,7,10,10,10,7,9,3,6,11,11,2,11,11,12,12,6,6,5,7,3,9,12,8,11,7,11,6,7,2,4,5,2,7,4,12,11,,,1,2,,,8,12,5,6,7,10,8,9,9,7,5,7,11,12,12,11,12,11,10,10,4,4,4,10,,1,,,b'\x11\xe8\xe1I\xc66\xe7\xd8\xaf\x82\x12\xdf\x17\xaeN\x1e'
11E8E149-C636-E7D8-AF82-12DF17AE4E1E,2016-ncaa-d1-natl,ncaa,114,137,51,137,52,56,67,42,154,135,161,138,25,18,83,46,99,56,279,53,52,37,45,99,120,100,36,37,217,100,202,33,116,47,154,64,113,156,59,70,199,272,191,201,,,327,245,,,148,40,51,34,56,74,42,192,224,22,21,119,69,71,35,57,143,37,53,69,103,235,217,,295,,,151,327,271,298,144,192,169,221,327,339,103,320,338,346,49,346,340,326,315,189,199,218,329,277,296,278,116,327,202,322,154,183,94,117,222,143,110,58,139,126,,,13,43,,,148,315,98,209,142,280,213,259,146,82,299,331,314,330,331,310,312,222,297,288,136,174,76,107,,14,,,b'\x11\xe8\xe1I\xc66\xe7\xd8\xaf\x82\x12\xdf\x17\xaeN\x1e'
11E8E149-C636-E7D8-AF82-12DF17AE4E1E,2017-ncaa-d0-natl,ncaa,302,283,291,306,303,259,261,227,280,303,295,261,128,93,227,47,307,308,200,308,241,252,260,248,264,248,70,53,265,289,306,177,122,244,250,215,114,132,201,197,337,335,213,213,,,79,110,,,282,247,58,169,208,219,110,265,250,78,45,282,276,281,145,129,262,67,150,169,226,324,198,,152,,,287,164,181,181,190,142,137,175,251,229,254,269,94,73,264,78,104,155,93,209,205,269,230,277,103,104,122,221,306,183,250,217,215,302,296,303,152,209,116,214,,,239,184,,,282,100,275,262,285,288,291,318,245,256,306,300,148,128,134,308,270,203,322,292,289,264,227,176,,150,,,b'\x11\xe8\xe1I\xc66\xe7\xd8\xaf\x82\x12\xdf\x17\xaeN\x1e'
11E8E149-C636-E7D8-AF82-12DF17AE4E1E,2017-ncaa-d1-conf-MAC,ncaa,11,11,6,11,12,12,11,10,11,9,9,10,7,5,9,3,12,12,10,12,11,11,11,11,11,11,6,4,12,11,12,7,8,10,10,9,5,11,11,9,11,11,9,9,,,5,5,,,11,9,6,9,12,11,8,9,9,7,3,12,12,12,11,10,11,5,10,9,12,11,8,,6,,,11,8,7,8,6,3,4,5,9,8,12,10,4,4,5,4,6,7,4,8,8,9,9,11,4,7,8,7,12,9,10,10,9,9,9,9,9,11,5,6,,,11,10,,,11,4,12,8,11,10,8,10,6,6,10,10,5,4,4,10,7,9,10,11,10,9,11,8,,11,,,b'\x11\xe8\xe1I\xc66\xe7\xd8\xaf\x82\x12\xdf\x17\xaeN\x1e'
11E8E149-C636-E7D8-AF82-12DF17AE4E1E,2017-ncaa-d1-natl,ncaa,283,282,217,287,266,238,239,188,280,279,278,254,110,70,231,46,288,289,211,289,226,216,217,251,261,244,72,57,263,275,305,126,111,199,244,198,117,174,210,203,331,334,191,199,,,106,112,,,282,182,66,178,216,225,116,268,261,80,47,280,274,276,155,135,263,56,142,175,232,325,174,,150,,,282,207,211,238,165,155,164,156,289,276,234,283,125,106,250,108,122,217,154,190,183,262,249,286,111,141,111,280,305,239,244,246,227,284,291,298,179,204,142,220,,,200,182,,,282,160,279,250,286,274,280,313,218,234,303,306,155,130,135,304,256,193,321,287,281,265,218,183,,150,,,b'\x11\xe8\xe1I\xc66\xe7\xd8\xaf\x82\x12\xdf\x17\xaeN\x1e'
11E8E149-C636-E7D8-AF82-12DF17AE4E1E,2018-ncaa-d0-natl,ncaa,277,280,242,281,267,221,226,176,286,263,252,264,112,78,228,66,241,250,182,250,190,193,186,254,265,259,76,76,198,297,331,122,180,199,292,205,177,194,208,230,190,210,214,221,,,147,118,,,258,140,29,185,192,199,81,262,212,87,52,215,213,218,105,75,290,48,137,186,252,164,203,,218,,,260,203,215,217,175,178,163,215,253,271,179,269,123,214,3,214,225,224,210,202,147,173,215,252,96,224,180,299,331,298,292,180,125,178,198,187,220,229,95,142,,,183,154,,,258,204,287,187,256,275,286,314,239,241,290,310,178,250,251,324,322,274,340,330,217,133,264,125,,105,,,b'\x11\xe8\xe1I\xc66\xe7\xd8\xaf\x82\x12\xdf\x17\xaeN\x1e'
11E8E149-C636-E7D8-AF82-12DF17AE4E1E,2018-ncaa-d1-conf-MAC,ncaa,11,11,8,11,9,11,10,9,11,11,10,10,7,4,10,3,10,10,8,10,7,10,8,10,11,11,3,4,6,10,11,7,11,9,11,8,5,11,10,9,7,7,6,6,,,5,5,,,11,7,4,5,10,10,6,10,10,7,4,8,10,10,7,4,9,5,6,8,12,5,6,,7,,,11,8,8,9,5,6,6,8,10,10,7,10,5,7,1,7,8,9,6,6,5,5,5,10,4,11,11,11,11,11,11,10,8,7,8,8,11,11,6,6,,,9,9,,,11,5,12,9,11,10,11,10,9,8,12,12,5,8,8,11,10,12,11,12,12,6,11,6,,9,,,b'\x11\xe8\xe1I\xc66\xe7\xd8\xaf\x82\x12\xdf\x17\xaeN\x1e'
11E8E149-C636-E7D8-AF82-12DF17AE4E1E,2018-ncaa-d1-natl,ncaa,276,278,213,279,225,223,225,167,284,267,250,266,92,69,200,65,237,252,179,255,193,189,173,242,257,249,67,70,207,299,324,94,172,188,284,201,172,199,208,223,195,215,190,204,,,161,114,,,246,115,32,49,181,196,81,264,219,77,51,213,220,225,105,77,292,32,120,175,248,176,172,,214,,,246,203,215,245,133,172,173,167,263,289,157,278,121,207,3,207,206,251,228,163,109,154,225,261,91,244,172,310,324,305,284,177,130,183,212,191,212,220,84,140,,,184,166,,,246,228,280,169,244,266,270,316,229,245,286,315,167,240,244,326,319,281,337,329,207,149,256,118,,112,,,b'\x11\xe8\xe1I\xc66\xe7\xd8\xaf\x82\x12\xdf\x17\xaeN\x1e'
11E8E149-C636-E7D8-AF82-12DF17AE4E1E,2019-ncaa-d0-natl,ncaa,163,152,173,165,192,167,188,214,160,275,294,170,50,71,63,43,192,241,39,241,138,220,267,95,85,82,29,27,211,321,327,177,133,267,274,175,157,37,95,102,255,258,208,204,,,106,130,,,184,214,197,94,132,169,203,284,299,46,55,179,245,243,217,286,326,160,284,156,72,253,210,,120,,,185,184,152,154,191,129,150,160,225,184,285,206,211,200,216,198,217,154,127,217,219,251,259,242,214,105,133,242,327,195,274,123,95,246,220,190,16,43,95,188,,,202,118,,,184,145,124,233,181,211,185,167,149,164,251,202,233,226,218,173,151,122,272,229,127,234,32,106,,181,,,b'\x11\xe8\xe1I\xc66\xe7\xd8\xaf\x82\x12\xdf\x17\xaeN\x1e'
11E8E149-C636-E7D8-AF82-12DF17AE4E1E,2019-ncaa-d1-conf-MAC,ncaa,8,8,9,8,9,9,9,9,9,11,10,9,3,7,2,4,7,8,3,8,5,9,11,7,5,4,3,4,4,10,10,11,11,11,11,7,5,2,6,6,10,10,5,7,,,5,6,,,8,11,8,3,6,9,8,10,9,3,5,6,6,7,8,10,10,11,11,7,3,9,5,,6,,,8,6,4,4,9,6,7,7,4,3,11,3,10,11,4,10,8,5,4,8,8,9,6,4,10,9,11,6,10,8,11,6,5,10,9,9,1,2,7,9,,,6,4,,,8,2,6,9,8,10,8,7,8,11,6,3,12,12,12,8,6,9,7,9,6,8,2,7,,6,,,b'\x11\xe8\xe1I\xc66\xe7\xd8\xaf\x82\x12\xdf\x17\xaeN\x1e'
11E8E149-C636-E7D8-AF82-12DF17AE4E1E,2019-ncaa-d1-natl,ncaa,148,152,107,159,115,130,158,157,169,253,272,162,55,64,84,46,148,209,38,210,108,166,207,110,100,87,33,40,177,309,326,131,107,222,261,164,184,57,84,106,225,245,200,201,,,144,135,,,167,158,190,101,134,178,195,279,292,57,58,152,221,222,205,276,321,148,268,175,66,242,204,,122,,,168,219,189,206,176,159,173,152,232,227,228,212,238,233,216,229,228,215,189,187,197,217,247,221,226,108,107,289,326,234,261,112,79,216,217,159,15,33,94,157,,,143,100,,,167,202,130,204,160,195,165,163,143,149,218,198,236,221,217,168,143,103,271,216,101,230,27,88,,152,,,b'\x11\xe8\xe1I\xc66\xe7\xd8\xaf\x82\x12\xdf\x17\xaeN\x1e'
11E8E149-C636-E7D8-AF82-12DF17AE4E1E,2020-ncaa-d0-natl,ncaa,163,170,87,174,136,121,123,134,127,146,160,146,117,135,100,150,155,151,182,147,160,133,144,121,130,130,142,138,190,263,306,55,58,144,196,188,262,175,156,184,190,221,228,250,,,282,247,,,166,83,63,213,130,138,145,165,187,122,144,169,163,162,145,158,279,53,160,218,157,208,233,,264,,,167,231,208,231,142,238,229,184,118,189,47,142,295,298,147,296,261,260,252,114,137,159,157,98,276,115,58,302,306,252,196,73,30,155,198,80,159,135,123,111,,,72,89,,,166,286,179,127,158,215,184,214,216,205,112,180,274,285,282,254,250,102,292,233,67,179,148,118,,95,,,b'\x11\xe8\xe1I\xc66\xe7\xd8\xaf\x82\x12\xdf\x17\xaeN\x1e'
11E8E149-C636-E7D8-AF82-12DF17AE4E1E,2020-ncaa-d1-conf-MAC,ncaa,9,8,5,9,10,12,11,11,9,12,7,10,8,10,5,9,9,9,7,9,8,12,12,8,8,9,9,6,6,11,11,6,7,8,7,7,6,8,10,8,10,10,7,9,,,9,10,,,8,11,5,7,12,11,10,10,7,8,10,9,8,8,12,11,11,4,7,7,10,10,7,,10,,,8,3,3,6,2,7,10,6,1,2,1,2,10,11,6,11,10,8,7,1,2,3,2,1,11,9,7,6,11,7,7,3,6,7,8,5,9,10,9,9,,,8,6,,,8,5,12,3,8,4,3,8,7,10,1,2,10,12,12,9,9,9,7,8,4,7,9,9,,7,,,b'\x11\xe8\xe1I\xc66\xe7\xd8\xaf\x82\x12\xdf\x17\xaeN\x1e'
11E8E149-C636-E7D8-AF82-12DF17AE4E1E,2020-ncaa-d1-natl,ncaa,177,170,128,182,202,156,160,168,139,172,193,156,128,147,105,152,177,177,181,173,160,171,188,129,136,142,140,138,187,290,312,82,63,182,207,223,266,151,160,191,218,231,236,255,,,262,253,,,183,118,65,201,144,150,155,178,194,124,145,170,170,168,156,165,285,55,174,229,158,217,234,,267,,,184,218,188,201,150,217,202,196,106,177,51,139,280,287,150,285,264,229,214,123,149,183,156,92,274,100,63,282,312,223,207,63,30,190,209,91,139,143,116,114,,,101,86,,,183,254,190,142,174,222,194,217,223,215,112,183,278,287,283,258,251,105,293,239,69,188,149,121,,95,,,b'\x11\xe8\xe1I\xc66\xe7\xd8\xaf\x82\x12\xdf\x17\xaeN\x1e'
11E8E149-C636-E7D8-AF82-12DF17AE4E1E,2021-ncaa-d0-natl,ncaa,249,250,219,266,229,202,184,208,111,203,231,122,143,160,85,101,268,292,51,292,308,230,238,102,107,131,153,90,303,324,342,218,284,278,338,168,145,130,202,141,218,241,162,182,,,160,169,,,277,193,34,129,134,109,128,143,185,86,105,278,310,310,198,186,342,161,319,117,200,204,147,,249,,,270,179,186,153,256,197,170,270,170,164,176,161,206,214,133,208,233,160,150,251,259,267,145,144,195,219,284,220,342,222,338,133,56,210,217,167,210,278,18,6,,,249,255,,,277,143,223,287,273,313,305,292,300,266,217,236,281,284,278,315,317,301,328,328,186,150,273,5,,249,,,b'\x11\xe8\xe1I\xc66\xe7\xd8\xaf\x82\x12\xdf\x17\xaeN\x1e'
11E8E149-C636-E7D8-AF82-12DF17AE4E1E,2021-ncaa-d1-conf-MAC,ncaa,11,10,10,11,10,11,10,10,8,9,8,8,10,10,7,8,12,12,3,12,12,10,10,8,10,10,9,8,11,12,12,10,12,12,12,7,2,7,9,6,7,8,2,4,,,5,4,,,11,10,2,6,10,7,8,7,3,8,9,12,12,12,11,9,12,8,12,3,8,7,1,,8,,,12,5,5,5,7,8,8,7,4,4,4,3,7,8,5,8,6,4,3,6,6,6,2,3,7,9,12,9,12,10,12,5,7,7,6,8,8,11,1,1,,,11,11,,,11,3,12,8,12,11,11,10,11,12,5,5,9,10,8,11,12,12,12,12,8,5,10,1,,12,,,b'\x11\xe8\xe1I\xc66\xe7\xd8\xaf\x82\x12\xdf\x17\xaeN\x1e'
11E8E149-C636-E7D8-AF82-12DF17AE4E1E,2021-ncaa-d1-natl,ncaa,230,250,206,251,216,181,168,199,107,183,209,125,128,153,79,108,255,276,56,275,302,211,217,98,105,122,150,92,293,321,342,194,272,258,336,160,162,134,179,136,208,236,164,187,,,169,153,,,260,177,27,136,127,101,109,130,166,86,106,268,300,299,179,171,338,129,309,118,185,190,156,,245,,,258,195,203,177,237,209,179,257,187,191,160,177,212,223,149,219,225,180,168,235,240,256,154,152,184,237,272,254,342,248,336,134,47,199,229,159,207,256,22,6,,,245,260,,,260,158,210,280,263,307,297,301,290,268,233,257,277,278,273,317,320,297,333,331,174,160,258,5,,251,,,b'\x11\xe8\xe1I\xc66\xe7\xd8\xaf\x82\x12\xdf\x17\xaeN\x1e'
11E8E149-C636-E7D8-AF82-12DF17AE4E1E,2022-ncaa-d0-natl,ncaa,139,106,216,132,248,173,164,234,70,165,216,71,189,220,125,195,185,182,181,184,142,232,247,83,80,96,209,200,185,261,237,211,225,245,216,126,93,114,169,110,219,220,143,143,,,70,87,,,197,237,151,275,126,119,220,106,184,175,200,149,147,150,209,212,255,181,232,86,158,209,127,,103,,,197,189,183,161,211,189,187,197,155,124,249,126,214,198,272,197,189,166,132,210,220,259,154,143,213,185,225,117,237,127,216,136,96,271,272,230,249,284,92,124,,,235,183,,,197,125,117,268,196,247,244,234,245,242,183,153,240,234,233,241,208,229,157,191,163,267,267,105,,205,,,b'\x11\xe8\xe1I\xc66\xe7\xd8\xaf\x82\x12\xdf\x17\xaeN\x1e'
11E8E149-C636-E7D8-AF82-12DF17AE4E1E,2022-ncaa-d1-conf-MAC,ncaa,3,3,3,3,4,5,4,4,4,3,2,4,9,10,5,11,4,3,7,4,7,4,3,4,4,6,9,10,4,6,5,5,10,5,5,4,3,11,7,4,8,8,3,4,,,5,3,,,6,4,8,4,6,5,9,2,4,9,11,4,4,5,9,7,7,9,8,4,8,8,3,,3,,,6,11,11,10,7,12,11,5,4,4,5,2,11,10,10,10,4,10,11,5,6,5,1,2,10,11,10,4,5,7,5,5,3,7,7,8,12,11,6,4,,,5,7,,,6,9,5,7,6,7,7,8,9,11,2,1,9,9,9,8,8,9,3,5,5,7,12,5,,8,,,b'\x11\xe8\xe1I\xc66\xe7\xd8\xaf\x82\x12\xdf\x17\xaeN\x1e'
11E8E149-C636-E7D8-AF82-12DF17AE4E1E,2022-ncaa-d1-natl,ncaa,135,106,213,132,251,176,170,228,74,163,215,71,174,199,110,177,177,168,193,171,133,223,244,80,87,91,191,187,186,253,239,205,212,238,210,127,99,110,157,107,232,227,132,138,,,68,84,,,200,232,144,275,121,115,212,114,187,153,179,144,139,140,197,204,252,164,211,81,151,214,120,,101,,,200,194,193,171,207,199,202,185,158,133,235,122,215,206,272,206,179,169,143,202,213,265,143,142,214,196,212,124,239,141,210,134,81,282,280,229,241,281,96,126,,,230,190,,,200,130,116,274,199,250,247,241,249,260,180,152,239,237,238,250,217,228,167,197,157,270,263,112,,202,,,b'\x11\xe8\xe1I\xc66\xe7\xd8\xaf\x82\x12\xdf\x17\xaeN\x1e'
11E8E149-C636-E7D8-AF82-12DF17AE4E1E,2023-ncaa-d0-natl,ncaa,170,117,290,154,303,203,233,323,97,247,327,54,181,178,185,106,114,170,31,164,33,302,316,95,61,91,99,163,66,351,351,133,77,256,211,123,20,88,213,95,249,230,93,75,,,5,6,,,182,281,110,192,132,177,293,200,303,143,122,57,110,98,248,252,349,31,177,51,184,218,55,,8,,,183,124,195,191,167,197,174,215,145,216,61,250,42,25,319,23,30,140,88,146,132,242,68,182,40,90,77,118,351,91,211,235,245,342,338,340,231,312,24,109,,,244,103,,,182,90,147,224,173,260,297,338,298,296,220,298,77,55,48,315,238,175,246,229,300,328,292,45,,156,,,b'\x11\xe8\xe1I\xc66\xe7\xd8\xaf\x82\x12\xdf\x17\xaeN\x1e'
11E8E149-C636-E7D8-AF82-12DF17AE4E1E,2023-ncaa-d1-conf-MAC,ncaa,5,5,5,5,8,8,10,10,6,10,10,6,10,9,8,6,2,4,1,4,2,9,9,6,4,8,4,9,1,11,11,3,7,8,8,4,1,10,10,7,10,11,3,5,,,1,1,,,8,5,3,11,9,10,12,9,10,11,10,3,3,3,11,10,11,2,7,4,8,9,2,,1,,,7,7,10,11,4,12,12,7,3,7,1,5,2,3,6,2,2,11,9,4,2,6,1,3,3,11,7,7,11,7,8,11,10,11,12,11,12,11,8,9,,,6,3,,,8,9,9,7,7,8,9,12,12,12,2,8,3,3,3,12,10,10,9,10,11,12,11,7,,5,,,b'\x11\xe8\xe1I\xc66\xe7\xd8\xaf\x82\x12\xdf\x17\xaeN\x1e'
11E8E149-C636-E7D8-AF82-12DF17AE4E1E,2023-ncaa-d1-natl,ncaa,151,117,219,139,266,170,199,290,86,193,297,33,176,149,228,110,87,140,29,137,37,266,274,85,57,84,121,181,69,348,349,82,54,206,190,76,19,117,192,81,216,207,75,68,,,9,6,,,163,210,86,201,113,150,268,166,287,153,118,52,101,95,230,233,347,25,159,37,175,192,55,,8,,,162,169,230,254,147,215,211,189,205,263,80,269,52,34,281,33,31,218,137,141,126,217,97,212,37,97,54,176,349,138,190,253,234,318,326,331,231,280,30,93,,,219,128,,,163,156,137,192,159,238,288,337,270,286,239,305,70,55,46,306,241,152,246,220,288,308,261,43,,164,,,b'\x11\xe8\xe1I\xc66\xe7\xd8\xaf\x82\x12\xdf\x17\xaeN\x1e'
11E8E149-C636-E7D8-AF82-12DF17AE4E1E,2024-ncaa-d0-natl,ncaa,246,228,258,247,258,251,241,239,248,252,257,204,195,174,243,124,249,249,157,247,182,248,257,230,227,224,157,147,179,158,134,249,175,214,167,228,179,149,209,228,317,304,246,235,,,48,112,,,231,278,274,7,217,212,177,225,213,170,131,213,226,220,197,171,116,198,151,203,208,308,229,,99,,,237,123,150,104,269,163,102,291,137,138,186,201,78,103,67,93,150,88,75,261,247,262,112,177,100,104,175,104,134,93,167,180,206,257,199,246,145,202,187,245,,,229,179,,,231,73,208,262,240,205,242,174,253,162,187,189,124,154,142,161,139,163,203,181,245,210,205,230,,172,,,b'\x11\xe8\xe1I\xc66\xe7\xd8\xaf\x82\x12\xdf\x17\xaeN\x1e'
11E8E149-C636-E7D8-AF82-12DF17AE4E1E,2024-ncaa-d1-conf-MAC,ncaa,9,8,9,9,9,9,9,8,10,10,9,10,8,5,7,4,9,10,7,10,9,9,11,9,8,8,4,3,10,5,6,10,7,9,8,9,7,7,8,8,10,9,8,8,,,1,5,,,8,10,12,2,9,10,7,9,8,5,4,9,10,10,8,8,4,10,8,8,8,9,8,,5,,,8,5,5,3,10,7,3,10,4,4,5,6,8,6,9,5,8,2,2,10,10,11,5,4,8,3,7,5,6,5,8,7,8,8,6,7,6,6,8,10,,,9,7,,,8,2,7,10,9,9,8,6,10,8,4,7,7,6,6,5,4,5,9,7,8,6,7,10,,8,,,b'\x11\xe8\xe1I\xc66\xe7\xd8\xaf\x82\x12\xdf\x17\xaeN\x1e'
11E8E149-C636-E7D8-AF82-12DF17AE4E1E,2024-ncaa-d1-natl,ncaa,266,230,320,260,320,298,289,295,263,294,291,220,215,201,252,124,270,273,159,272,182,302,312,242,237,241,152,146,177,194,139,285,189,267,184,263,190,115,217,238,340,318,259,243,,,36,117,,,253,327,282,3,239,238,195,243,220,179,133,215,228,225,210,181,124,221,168,224,212,320,236,,111,,,257,92,122,60,286,141,72,304,117,115,202,205,65,94,70,80,148,42,30,274,258,281,112,178,101,86,189,72,139,62,184,167,210,293,214,256,124,213,175,258,,,268,172,,,253,26,231,280,261,222,259,178,263,169,194,190,132,156,147,169,138,172,210,194,261,226,211,238,,172,,,b'\x11\xe8\xe1I\xc66\xe7\xd8\xaf\x82\x12\xdf\x17\xaeN\x1e'
11E8E149-C636-E7D8-AF82-12DF17AE4E1E,2025-ncaa-d0-natl,genius_ncaa,296,292,248,301,290,252,267,293,207,256,300,136,252,196,300,130,197,171,270,170,58,272,253,213,208,249,166,216,98,152,81,258,90,217,76,307,327,268,304,318,282,242,267,198,,,194,325,,361,288,280,233,269,241,245,277,239,275,231,159,148,113,113,250,184,114,211,154,313,305,258,261,,262,,362,289,184,153,74,325,72,18,333,306,255,336,330,164,154,192,154,291,68,54,351,347,346,324,323,164,25,90,39,81,21,76,97,82,284,224,217,120,171,91,197,,,176,95,,131,288,71,228,325,294,274,240,115,133,32,337,310,212,216,211,121,73,55,91,68,155,255,173,132,,105,,106,b'\x11\xe8\xe1I\xc66\xe7\xd8\xaf\x82\x12\xdf\x17\xaeN\x1e'
11E8E149-C636-E7D8-AF82-12DF17AE4E1E,2025-ncaa-d1-conf-MAC,genius_ncaa,10,10,9,10,11,10,10,11,8,9,9,8,10,9,12,6,7,7,11,7,1,8,8,11,11,12,8,10,1,2,2,9,5,5,3,11,12,10,12,12,8,8,8,6,,,8,12,,12,10,10,9,7,10,10,9,9,9,10,8,7,2,2,7,2,2,8,3,11,12,8,8,,10,,12,10,7,5,1,11,5,3,11,9,7,9,10,8,9,4,9,11,1,1,11,11,11,9,8,9,1,5,1,2,1,3,5,5,10,8,9,2,3,6,9,,,7,6,,10,10,1,10,11,10,9,9,4,7,4,11,9,10,11,11,6,2,2,4,3,7,8,4,6,,5,,9,b'\x11\xe8\xe1I\xc66\xe7\xd8\xaf\x82\x12\xdf\x17\xaeN\x1e'
11E8E149-C636-E7D8-AF82-12DF17AE4E1E,2025-ncaa-d1-natl,genius_ncaa,279,292,172,290,226,220,232,240,202,225,267,128,223,161,304,117,174,153,234,152,69,229,198,200,192,241,156,201,114,126,74,178,88,156,69,296,321,294,295,320,279,260,219,169,,,230,308,,361,266,223,232,269,230,239,259,236,275,213,142,150,131,129,242,175,109,163,126,309,299,276,213,,254,,362,266,216,192,118,299,115,49,302,311,276,324,320,174,193,135,193,274,128,100,334,329,333,313,321,150,69,88,85,74,63,69,118,77,276,243,210,167,180,101,185,,,153,103,,125,266,124,221,315,276,256,235,126,128,44,329,294,192,204,203,131,79,77,90,78,136,272,183,118,,111,,118,b'\x11\xe8\xe1I\xc66\xe7\xd8\xaf\x82\x12\xdf\x17\xaeN\x1e'
11E8E149-C636-E7D8-AF82-12DF17AE4E1E,2026-ncaa-d0-natl,genius_ncaa,332,295,279,332,280,268,279,306,173,287,316,143,220,229,174,106,222,191,282,186,36,303,276,152,163,237,92,126,107,276,229,316,325,315,310,280,231,240,330,307,312,318,318,338,,,190,327,,180,297,272,84,7,183,208,244,231,288,132,115,117,78,75,191,67,211,295,287,225,346,292,313,,347,,283,307,178,169,93,327,253,120,343,35,70,62,83,265,202,360,192,239,98,95,300,328,320,48,13,300,178,325,77,229,107,310,65,23,262,219,156,299,346,76,196,,,183,43,,37,297,87,247,327,301,347,340,312,351,330,83,151,351,319,316,327,335,317,233,298,176,140,351,138,,27,,7,b'\x11\xe8\xe1I\xc66\xe7\xd8\xaf\x82\x12\xdf\x17\xaeN\x1e'
11E8E149-C636-E7D8-AF82-12DF17AE4E1E,2026-ncaa-d1-natl,genius_ncaa,332,294,271,333,271,240,245,302,116,268,325,99,163,204,122,98,200,174,261,171,39,291,276,97,107,183,95,112,140,277,208,325,317,325,288,286,303,241,327,300,307,302,310,312,,,225,328,,226,254,270,72,6,126,149,204,190,271,88,94,107,79,78,164,63,205,284,268,224,339,261,293,,346,,298,260,185,161,83,298,225,122,332,26,67,36,105,309,228,363,221,267,102,103,264,319,293,78,15,328,190,317,75,208,108,288,54,27,206,152,102,308,344,65,168,,,165,51,,19,254,89,199,305,262,331,315,267,340,294,62,151,355,319,316,306,333,301,199,265,136,97,348,126,,27,,7,b'\x11\xe8\xe1I\xc66\xe7\xd8\xaf\x82\x12\xdf\x17\xaeN\x1e'
11E8E149-C63B-2E42-AF82-12DF17AE4E1E,2010-ncaa-d0-natl,ncaa,219,224,178,231,182,177,122,108,165,80,71,158,248,246,259,257,297,231,331,235,325,129,121,213,254,243,319,268,320,115,161,129,226,120,199,167,249,220,191,204,238,268,202,221,,,315,309,,,216,126,42,50,152,72,40,41,27,252,244,300,233,237,61,42,93,74,60,149,249,239,206,,328,,,217,212,209,200,171,215,220,185,146,177,118,135,230,289,12,290,259,229,241,151,141,124,160,130,221,264,226,251,161,270,199,130,77,106,139,79,191,154,202,141,,,235,312,,,216,226,234,140,202,250,237,266,253,263,165,198,255,303,304,299,311,286,287,300,146,83,212,220,,231,,,b'\x11\xe8\xe1I\xc6;.B\xaf\x82\x12\xdf\x17\xaeN\x1e'
11E8E149-C63B-2E42-AF82-12DF17AE4E1E,2010-ncaa-d1-conf-SEC,ncaa,11,11,8,11,11,11,9,9,9,7,6,10,11,9,9,8,11,10,11,10,11,10,6,9,12,12,10,8,10,9,11,7,11,7,10,10,10,12,12,12,8,8,9,9,,,10,11,,,12,5,2,8,11,9,6,6,4,11,8,10,10,10,7,2,9,4,5,8,12,6,9,,12,,,12,10,8,5,7,8,7,8,6,7,3,7,11,11,2,11,12,8,8,7,7,6,7,5,10,10,11,9,11,10,10,7,6,4,6,6,12,12,10,7,,,11,12,,,12,8,12,6,12,11,10,12,10,11,7,9,12,12,12,12,12,12,11,12,7,3,12,10,,10,,,b'\x11\xe8\xe1I\xc6;.B\xaf\x82\x12\xdf\x17\xaeN\x1e'
11E8E149-C63B-2E42-AF82-12DF17AE4E1E,2010-ncaa-d1-natl,ncaa,228,223,191,233,197,191,132,118,168,84,80,163,258,253,260,259,304,246,330,248,326,143,131,214,262,246,319,269,320,122,165,138,231,135,207,177,253,209,192,206,251,274,213,223,,,311,313,,,220,137,46,47,159,74,42,42,27,253,242,300,235,237,61,43,95,78,65,152,250,241,209,,328,,,221,199,198,188,173,208,213,195,142,168,122,136,218,282,12,283,258,217,228,156,144,133,155,126,218,257,231,241,165,258,207,117,80,123,147,89,178,157,193,147,,,252,309,,,220,213,238,145,212,257,244,268,256,268,166,197,258,306,307,301,311,289,289,300,152,85,214,223,,231,,,b'\x11\xe8\xe1I\xc6;.B\xaf\x82\x12\xdf\x17\xaeN\x1e'
11E8E149-C63B-2E42-AF82-12DF17AE4E1E,2011-ncaa-d0-natl,ncaa,123,154,43,145,51,78,68,26,229,44,13,246,232,219,257,299,70,31,296,31,206,25,32,266,271,218,291,296,137,38,169,143,282,71,279,200,325,197,46,213,28,51,174,220,,,340,289,,,177,30,32,83,115,91,18,49,7,274,263,98,49,47,17,26,51,256,124,255,120,34,210,,329,,,177,316,306,275,280,322,291,282,135,154,149,76,307,322,57,321,262,290,318,249,251,134,87,62,239,308,282,343,169,339,279,175,34,12,21,19,30,3,282,111,,,29,142,,,177,317,202,132,171,245,236,162,278,224,98,95,270,286,286,209,310,255,330,323,113,6,16,239,,40,,,b'\x11\xe8\xe1I\xc6;.B\xaf\x82\x12\xdf\x17\xaeN\x1e'
11E8E149-C63B-2E42-AF82-12DF17AE4E1E,2011-ncaa-d1-conf-SEC,ncaa,10,10,9,10,10,10,11,6,12,8,3,12,11,11,9,11,7,8,2,8,9,6,6,12,12,12,9,9,3,7,11,11,11,11,12,8,4,6,6,9,2,2,8,8,,,9,9,,,11,5,1,8,8,10,1,7,1,11,10,4,7,7,3,2,5,10,11,6,9,2,8,,12,,,11,10,9,3,10,9,4,10,7,4,9,4,9,9,7,9,11,6,7,10,10,10,5,4,10,7,11,12,11,12,12,10,7,2,2,4,1,2,11,11,,,8,8,,,11,8,12,10,11,11,10,6,11,6,8,5,12,11,11,8,11,9,12,12,11,2,5,11,,7,,,b'\x11\xe8\xe1I\xc6;.B\xaf\x82\x12\xdf\x17\xaeN\x1e'
11E8E149-C63B-2E42-AF82-12DF17AE4E1E,2011-ncaa-d1-natl,ncaa,128,152,51,148,62,85,76,27,235,46,13,247,239,225,257,298,81,35,295,34,207,26,33,270,273,222,289,296,132,43,174,168,286,85,285,212,325,176,45,213,31,54,185,224,,,338,291,,,187,34,33,83,122,95,18,50,7,270,263,101,49,46,17,28,52,258,132,257,121,37,213,,329,,,186,312,303,260,281,317,282,285,122,138,148,74,305,319,60,318,263,282,316,254,260,143,86,61,238,301,286,342,174,338,285,166,32,13,23,23,22,4,279,118,,,32,142,,,187,315,205,141,178,250,240,165,283,224,99,93,274,286,286,212,311,256,335,323,116,6,15,243,,43,,,b'\x11\xe8\xe1I\xc6;.B\xaf\x82\x12\xdf\x17\xaeN\x1e'
11E8E149-C63B-2E42-AF82-12DF17AE4E1E,2012-ncaa-d0-natl,ncaa,221,248,120,240,145,194,197,114,295,131,68,289,290,258,320,278,95,49,300,49,121,97,87,310,304,285,265,298,44,63,104,210,252,135,207,307,338,240,183,310,114,138,228,250,,,305,300,,,247,107,85,209,219,222,111,134,57,297,266,92,42,42,81,67,59,261,138,319,225,114,241,,311,,,242,224,240,185,286,279,218,271,144,100,244,84,169,267,2,253,217,197,241,274,241,178,67,96,115,223,252,282,104,268,207,208,132,47,54,88,38,17,310,261,,,52,65,,,247,242,269,174,229,225,245,149,273,214,146,86,157,261,249,175,256,216,272,262,205,41,35,317,,29,,,b'\x11\xe8\xe1I\xc6;.B\xaf\x82\x12\xdf\x17\xaeN\x1e'
11E8E149-C63B-2E42-AF82-12DF17AE4E1E,2012-ncaa-d1-conf-SEC,ncaa,11,11,8,11,10,10,12,8,12,11,4,12,12,11,12,11,5,4,6,4,5,7,5,12,12,12,8,12,2,6,11,8,6,6,10,12,11,11,8,12,7,6,10,9,,,11,11,,,12,6,2,8,10,12,7,11,3,12,11,5,4,4,5,2,3,7,3,12,12,5,9,,11,,,12,12,12,6,12,12,8,12,9,3,12,4,4,8,1,7,7,6,7,12,12,12,3,6,1,3,6,12,11,10,10,12,9,7,7,11,6,7,11,11,,,6,5,,,12,6,12,12,12,12,12,9,12,11,11,5,6,9,9,9,11,5,12,10,12,5,7,12,,5,,,b'\x11\xe8\xe1I\xc6;.B\xaf\x82\x12\xdf\x17\xaeN\x1e'
11E8E149-C63B-2E42-AF82-12DF17AE4E1E,2012-ncaa-d1-natl,ncaa,234,247,137,250,169,213,219,137,298,145,73,293,294,267,319,276,104,54,296,54,124,112,99,311,310,288,261,295,40,72,109,246,254,154,215,317,338,218,187,313,131,142,240,253,,,301,303,,,252,132,89,200,223,229,118,138,60,297,268,91,37,40,89,69,59,266,144,321,226,121,242,,313,,,252,208,233,155,294,261,199,276,133,84,247,84,157,257,2,240,222,166,220,283,246,189,66,98,113,204,254,273,109,255,215,196,134,58,55,99,31,17,306,263,,,57,58,,,252,219,275,186,242,230,247,154,273,216,144,86,164,261,251,173,254,219,278,267,213,43,37,318,,27,,,b'\x11\xe8\xe1I\xc6;.B\xaf\x82\x12\xdf\x17\xaeN\x1e'
11E8E149-C63B-2E42-AF82-12DF17AE4E1E,2013-ncaa-d0-natl,ncaa,196,216,120,211,117,121,127,20,322,141,54,297,111,42,320,95,115,47,325,45,118,16,24,317,327,272,127,139,159,39,236,217,339,116,335,225,297,107,24,184,40,84,113,169,,,304,148,,,245,35,11,1,108,114,2,148,43,109,35,106,40,37,1,3,32,256,109,248,99,33,112,,299,,,241,319,306,286,262,329,316,283,49,120,23,43,331,326,287,326,237,300,323,209,244,163,40,10,289,339,339,343,236,343,335,228,87,17,48,50,110,43,273,188,,,32,125,,,245,310,257,196,240,318,303,318,331,329,46,105,324,317,318,333,341,339,345,345,223,6,105,270,,15,,,b'\x11\xe8\xe1I\xc6;.B\xaf\x82\x12\xdf\x17\xaeN\x1e'
11E8E149-C63B-2E42-AF82-12DF17AE4E1E,2013-ncaa-d1-conf-SEC,ncaa,13,14,3,13,3,8,9,2,14,11,8,12,3,2,12,2,10,9,12,9,10,2,2,13,14,13,4,3,11,8,13,10,14,9,14,11,12,6,6,13,5,8,11,12,,,11,4,,,14,2,1,2,9,11,2,12,9,3,2,10,10,10,2,2,9,10,12,12,6,5,11,,9,,,12,14,14,13,13,13,12,13,8,9,4,7,13,13,12,13,10,14,14,13,13,12,7,4,10,14,14,14,13,14,14,13,8,3,8,10,8,5,11,11,,,8,11,,,14,13,13,13,12,13,13,12,13,12,7,9,13,13,13,14,14,14,14,14,13,3,6,10,,8,,,b'\x11\xe8\xe1I\xc6;.B\xaf\x82\x12\xdf\x17\xaeN\x1e'
11E8E149-C63B-2E42-AF82-12DF17AE4E1E,2013-ncaa-d1-natl,ncaa,201,216,136,215,134,130,137,21,326,153,60,298,114,45,323,95,127,51,326,49,118,17,26,323,330,276,122,136,156,43,240,239,340,132,337,242,303,93,24,191,42,88,115,171,,,298,152,,,249,40,11,1,111,120,2,158,45,111,34,107,41,39,1,3,32,263,114,254,98,36,113,,302,,,249,317,302,275,268,328,314,288,43,107,23,41,328,320,289,321,238,296,321,211,250,173,41,10,290,337,340,343,240,343,337,221,89,18,48,57,103,44,269,194,,,36,125,,,249,305,263,204,248,318,309,318,332,329,46,102,326,317,318,334,341,340,345,345,226,7,108,271,,15,,,b'\x11\xe8\xe1I\xc6;.B\xaf\x82\x12\xdf\x17\xaeN\x1e'
11E8E149-C63B-2E42-AF82-12DF17AE4E1E,2014-ncaa-d0-natl,ncaa,180,173,180,184,183,225,225,203,242,238,216,252,143,145,149,122,247,175,320,185,148,205,207,216,250,237,127,102,235,149,144,260,238,222,210,274,288,153,185,258,182,173,174,173,,,79,92,,,232,220,226,18,221,217,164,234,208,127,128,246,173,180,174,181,133,262,199,278,172,170,162,,90,,,231,163,212,153,270,246,153,300,134,162,94,192,86,74,270,76,87,127,126,249,245,229,64,128,88,155,238,178,144,172,210,223,204,180,172,226,129,160,333,334,,,169,127,,,232,132,214,235,228,215,264,201,268,204,145,185,113,86,88,167,163,181,222,222,252,172,161,339,,148,,,b'\x11\xe8\xe1I\xc6;.B\xaf\x82\x12\xdf\x17\xaeN\x1e'
11E8E149-C63B-2E42-AF82-12DF17AE4E1E,2014-ncaa-d1-conf-SEC,ncaa,9,6,11,9,11,13,13,10,13,12,12,13,5,4,10,3,11,9,14,8,4,10,11,11,13,13,2,2,6,8,8,12,11,12,11,14,14,4,7,14,10,6,11,11,,,1,2,,,13,11,11,2,13,13,8,12,12,3,4,11,7,7,8,7,5,11,9,14,8,7,11,,3,,,13,6,8,4,11,6,5,13,9,9,6,12,2,2,14,2,4,4,4,11,11,10,5,10,3,6,11,8,8,8,11,12,12,10,7,11,6,8,13,13,,,10,5,,,13,4,13,12,13,9,13,7,11,6,10,11,5,4,4,7,8,10,11,12,13,9,7,14,,6,,,b'\x11\xe8\xe1I\xc6;.B\xaf\x82\x12\xdf\x17\xaeN\x1e'
11E8E149-C63B-2E42-AF82-12DF17AE4E1E,2014-ncaa-d1-natl,ncaa,191,171,211,193,215,246,244,229,247,258,234,257,152,153,151,122,260,199,321,207,148,233,241,222,254,239,126,101,233,167,150,282,246,244,218,292,290,132,188,267,197,182,181,174,,,66,95,,,240,256,231,19,226,222,167,238,212,128,128,247,174,181,179,186,140,269,204,283,173,173,166,,91,,,240,143,195,127,282,230,134,303,122,149,95,192,79,65,275,67,88,93,91,260,252,239,64,121,89,137,246,156,150,152,218,213,207,204,177,234,119,160,329,334,,,194,127,,,240,95,223,250,237,222,269,202,273,207,145,184,114,85,88,165,161,189,220,226,259,182,162,339,,150,,,b'\x11\xe8\xe1I\xc6;.B\xaf\x82\x12\xdf\x17\xaeN\x1e'
11E8E149-C63B-2E42-AF82-12DF17AE4E1E,2015-ncaa-d0-natl,ncaa,208,256,79,238,107,184,238,211,245,202,227,152,229,145,332,149,50,17,322,18,6,144,98,264,249,274,139,231,17,146,185,144,81,130,146,238,201,332,302,308,85,89,145,175,,,208,154,,,216,94,123,280,260,302,306,263,295,251,158,50,9,10,235,173,190,199,198,276,301,90,167,,145,,,213,194,227,200,222,247,253,175,129,95,273,77,151,125,276,118,75,182,244,203,198,124,77,112,129,102,81,245,185,200,146,195,154,59,55,80,276,237,261,285,,,14,3,,,216,265,288,97,204,128,157,102,201,215,99,49,113,90,89,72,151,57,170,113,153,58,234,234,,9,,,b'\x11\xe8\xe1I\xc6;.B\xaf\x82\x12\xdf\x17\xaeN\x1e'
11E8E149-C63B-2E42-AF82-12DF17AE4E1E,2015-ncaa-d1-conf-SEC,ncaa,14,14,10,14,12,14,14,14,11,13,13,6,8,4,13,3,8,7,12,8,1,14,13,9,9,11,5,6,2,14,14,13,7,14,14,14,10,12,13,14,7,5,11,12,,,2,4,,,14,11,2,7,12,14,13,11,13,8,3,6,5,5,13,9,14,10,13,13,13,6,9,,4,,,14,12,12,4,14,11,8,12,9,4,14,4,5,3,14,3,4,4,3,14,14,13,4,9,3,1,7,11,14,5,14,12,10,8,8,12,8,11,10,11,,,7,3,,,14,5,14,13,14,13,14,9,14,9,12,4,7,5,5,9,9,2,13,9,14,6,10,10,,4,,,b'\x11\xe8\xe1I\xc6;.B\xaf\x82\x12\xdf\x17\xaeN\x1e'
11E8E149-C63B-2E42-AF82-12DF17AE4E1E,2015-ncaa-d1-natl,ncaa,222,255,97,244,134,217,269,250,257,229,255,164,237,156,335,146,56,19,323,20,6,184,124,267,253,281,138,228,14,167,195,173,84,160,153,264,209,326,307,314,100,97,153,176,,,188,155,,,232,125,128,281,272,311,307,269,298,253,158,53,11,11,245,176,196,208,210,293,303,98,171,,146,,,229,170,200,170,230,234,230,189,112,69,283,77,133,106,282,102,75,145,212,216,207,135,77,110,127,79,84,218,195,167,153,179,156,70,61,90,260,240,247,295,,,18,3,,,232,242,296,105,220,136,168,102,216,217,98,51,117,91,90,75,150,58,176,116,161,65,238,236,,9,,,b'\x11\xe8\xe1I\xc6;.B\xaf\x82\x12\xdf\x17\xaeN\x1e'
11E8E149-C63B-2E42-AF82-12DF17AE4E1E,2016-ncaa-d0-natl,ncaa,164,181,114,173,165,150,179,185,174,163,191,122,209,152,291,168,67,62,168,61,37,162,143,198,162,179,164,228,36,194,205,134,241,161,207,257,312,221,214,273,43,46,49,45,,,180,142,,,88,127,132,280,165,212,222,179,223,219,163,53,42,43,190,176,216,144,176,283,211,37,47,,160,,,86,67,63,177,28,82,210,28,83,122,67,122,151,144,168,141,129,168,230,27,30,14,155,135,232,286,241,197,205,249,207,98,188,46,38,40,176,169,235,252,,,41,15,,,88,216,187,23,89,47,56,139,70,191,73,103,143,137,135,133,236,278,163,218,87,33,171,232,,22,,,b'\x11\xe8\xe1I\xc6;.B\xaf\x82\x12\xdf\x17\xaeN\x1e'
11E8E149-C63B-2E42-AF82-12DF17AE4E1E,2016-ncaa-d1-conf-SEC,ncaa,12,12,8,12,13,13,14,13,12,12,13,9,8,5,11,3,10,8,7,8,3,13,13,11,11,10,4,7,5,14,14,11,12,14,13,14,14,6,9,14,4,3,7,7,,,1,4,,,11,13,8,10,12,14,11,12,12,7,4,8,8,7,11,12,14,9,13,14,8,3,7,,3,,,11,3,4,6,8,5,7,5,8,3,12,6,3,3,8,3,5,4,4,7,7,7,7,9,7,10,12,10,14,10,13,8,11,7,5,10,9,10,10,13,,,9,5,,,11,2,12,8,11,7,8,8,8,9,9,5,4,4,4,7,8,12,12,12,10,5,10,10,,7,,,b'\x11\xe8\xe1I\xc6;.B\xaf\x82\x12\xdf\x17\xaeN\x1e'
11E8E149-C63B-2E42-AF82-12DF17AE4E1E,2016-ncaa-d1-natl,ncaa,174,179,142,184,209,175,209,218,186,192,222,132,224,168,294,168,79,75,168,74,36,199,183,205,167,187,159,231,32,219,215,162,250,195,218,280,312,196,214,280,54,47,52,44,,,155,145,,,99,168,135,282,174,222,227,190,229,219,166,54,41,43,195,182,221,149,193,293,214,40,47,,166,,,97,41,48,139,29,66,183,30,74,94,69,113,138,127,176,125,130,135,194,29,34,15,152,132,232,271,250,167,215,223,218,86,189,55,41,44,155,173,229,262,,,49,14,,,99,172,196,27,101,49,60,141,81,195,78,102,153,142,143,136,235,284,168,223,95,38,173,236,,20,,,b'\x11\xe8\xe1I\xc6;.B\xaf\x82\x12\xdf\x17\xaeN\x1e'
11E8E149-C63B-2E42-AF82-12DF17AE4E1E,2017-ncaa-d0-natl,ncaa,57,126,11,110,11,34,42,28,142,40,23,130,137,107,219,229,6,3,285,3,20,21,12,162,148,156,184,245,30,26,96,8,66,9,61,69,209,331,174,204,78,175,35,87,,,234,53,,,51,11,91,84,96,137,153,110,131,202,201,18,6,4,74,54,81,37,39,182,225,163,59,,64,,,67,306,325,335,99,341,343,108,119,207,37,46,164,218,35,211,47,336,336,66,35,39,18,44,80,295,66,332,96,329,61,211,39,37,138,57,313,168,234,108,,,2,4,,,51,337,145,35,77,83,162,234,248,311,38,60,62,88,85,194,226,123,156,142,66,118,213,127,,3,,,b'\x11\xe8\xe1I\xc6;.B\xaf\x82\x12\xdf\x17\xaeN\x1e'
11E8E149-C63B-2E42-AF82-12DF17AE4E1E,2017-ncaa-d1-conf-SEC,ncaa,9,11,3,10,3,7,9,6,12,9,9,10,4,2,11,6,5,2,13,2,2,3,2,11,11,13,3,5,4,4,11,2,7,3,10,10,9,13,11,14,11,13,4,4,,,9,5,,,11,3,5,3,12,14,11,11,12,6,6,5,2,2,9,4,8,6,5,12,12,12,4,,5,,,11,13,13,13,7,13,13,8,4,6,6,3,9,9,7,9,5,13,13,6,7,8,4,4,6,12,7,14,11,14,10,10,7,6,8,7,13,13,8,10,,,2,2,,,11,12,12,7,11,10,10,11,11,12,4,4,8,7,7,10,9,11,11,10,8,9,13,7,,1,,,b'\x11\xe8\xe1I\xc6;.B\xaf\x82\x12\xdf\x17\xaeN\x1e'
11E8E149-C63B-2E42-AF82-12DF17AE4E1E,2017-ncaa-d1-natl,ncaa,69,126,11,110,11,37,50,33,148,48,28,140,149,125,221,226,6,3,281,3,18,22,12,172,157,166,183,241,28,35,103,8,68,9,69,83,216,323,176,208,93,188,38,89,,,217,53,,,66,12,94,84,109,151,160,115,139,206,202,19,7,6,81,63,91,41,45,189,230,173,59,,68,,,77,296,322,332,108,340,343,116,100,183,39,45,145,202,36,194,48,334,335,71,42,47,18,43,78,279,68,324,103,325,69,197,39,44,144,67,304,170,227,117,,,2,4,,,66,336,154,41,84,89,170,237,259,312,37,53,65,92,89,195,223,123,159,146,72,125,213,134,,3,,,b'\x11\xe8\xe1I\xc6;.B\xaf\x82\x12\xdf\x17\xaeN\x1e'
11E8E149-C63B-2E42-AF82-12DF17AE4E1E,2018-ncaa-d0-natl,ncaa,87,129,25,115,30,58,95,68,173,70,42,174,227,197,272,287,3,1,98,1,14,37,39,216,146,128,193,314,6,30,47,51,94,31,52,156,280,252,113,208,69,102,62,97,,,227,103,,,81,44,162,161,107,182,185,109,109,278,272,3,5,4,99,107,60,108,68,251,130,108,81,,106,,,88,268,264,293,105,279,304,87,163,168,176,79,238,255,105,255,140,296,306,94,86,95,112,121,195,226,94,247,47,243,52,144,50,73,150,76,237,125,271,164,,,3,15,,,81,311,99,85,87,105,128,135,170,230,98,80,163,170,172,134,159,116,108,103,66,153,144,205,,9,,,b'\x11\xe8\xe1I\xc6;.B\xaf\x82\x12\xdf\x17\xaeN\x1e'
11E8E149-C63B-2E42-AF82-12DF17AE4E1E,2018-ncaa-d1-conf-SEC,ncaa,8,8,10,8,10,11,14,12,10,11,10,11,8,9,7,8,3,3,9,2,1,10,10,10,8,9,5,8,1,5,4,9,5,8,6,13,11,6,8,12,6,4,10,11,,,7,9,,,8,13,9,1,8,13,11,10,10,8,7,2,1,1,8,7,4,7,7,13,8,4,9,,9,,,8,6,5,3,11,5,5,7,7,2,14,4,9,8,7,9,9,2,1,10,9,9,9,7,10,3,5,5,4,2,6,4,6,8,6,6,8,8,11,12,,,1,1,,,8,3,8,9,8,10,10,6,7,7,8,2,9,8,9,5,5,4,8,6,6,6,10,12,,1,,,b'\x11\xe8\xe1I\xc6;.B\xaf\x82\x12\xdf\x17\xaeN\x1e'
11E8E149-C63B-2E42-AF82-12DF17AE4E1E,2018-ncaa-d1-natl,ncaa,95,129,31,122,40,69,113,86,187,80,51,181,244,211,276,287,3,1,89,1,15,49,48,231,155,136,185,311,8,38,56,56,98,37,65,179,285,226,119,220,83,111,65,100,,,204,104,,,92,57,172,162,113,193,193,122,114,283,275,3,6,5,106,113,65,118,71,265,134,118,85,,110,,,99,252,256,287,121,271,303,101,155,144,178,74,223,242,113,241,140,288,294,105,101,102,106,114,195,199,98,222,56,220,65,126,54,91,152,86,212,131,259,172,,,3,14,,,92,300,108,96,96,115,140,134,184,234,101,78,166,174,174,137,155,123,111,107,67,158,149,207,,10,,,b'\x11\xe8\xe1I\xc6;.B\xaf\x82\x12\xdf\x17\xaeN\x1e'
11E8E149-C63B-2E42-AF82-12DF17AE4E1E,2019-ncaa-d0-natl,ncaa,185,209,114,203,132,170,172,170,186,180,187,174,154,144,178,156,142,135,211,142,124,164,123,180,173,217,145,165,139,158,161,87,117,98,105,230,276,302,270,280,221,243,181,199,,,106,74,,,192,117,127,111,187,202,217,213,221,154,157,146,143,147,201,134,161,60,84,257,276,235,184,,91,,,192,195,215,251,126,206,233,119,199,214,168,178,116,137,106,140,107,241,219,129,109,153,144,204,106,201,117,172,161,181,105,123,57,206,222,153,313,290,153,169,,,210,261,,,192,224,219,148,198,171,204,250,193,241,188,199,111,127,131,232,206,175,150,163,100,218,296,146,,236,,,b'\x11\xe8\xe1I\xc6;.B\xaf\x82\x12\xdf\x17\xaeN\x1e'
11E8E149-C63B-2E42-AF82-12DF17AE4E1E,2019-ncaa-d1-conf-SEC,ncaa,11,11,4,11,4,12,11,10,11,11,11,10,5,6,9,5,11,10,10,11,11,10,5,10,11,13,6,6,12,8,7,4,6,5,8,13,9,14,14,14,8,8,8,7,,,6,5,,,11,6,11,4,12,12,11,11,11,7,6,12,11,11,11,8,8,5,6,13,14,8,8,,4,,,11,8,9,8,4,4,6,5,10,12,7,12,6,7,6,7,8,8,9,4,4,8,12,11,8,11,6,8,7,10,8,6,7,7,7,8,14,14,9,10,,,13,12,,,11,9,13,8,11,7,7,7,6,5,11,13,5,5,5,6,5,11,8,7,6,7,14,8,,14,,,b'\x11\xe8\xe1I\xc6;.B\xaf\x82\x12\xdf\x17\xaeN\x1e'
11E8E149-C63B-2E42-AF82-12DF17AE4E1E,2019-ncaa-d1-natl,ncaa,201,209,155,211,178,207,218,221,200,222,226,185,163,160,184,156,175,163,205,164,122,215,181,195,185,226,139,162,133,192,168,105,126,132,121,263,277,282,278,292,251,257,193,204,,,84,79,,,206,176,135,103,196,221,225,227,227,159,158,152,147,151,209,137,174,66,99,272,279,248,187,,95,,,206,152,184,222,140,179,206,133,182,183,178,174,99,114,111,117,106,200,160,145,120,171,141,201,106,172,126,134,168,137,121,92,60,242,232,168,296,294,140,173,,,245,260,,,206,165,228,167,214,179,217,252,208,246,187,195,117,129,132,238,202,178,154,171,108,230,298,154,,239,,,b'\x11\xe8\xe1I\xc6;.B\xaf\x82\x12\xdf\x17\xaeN\x1e'
11E8E149-C63B-2E42-AF82-12DF17AE4E1E,2020-ncaa-d0-natl,ncaa,104,109,87,116,136,52,77,159,50,102,195,43,90,118,67,136,41,47,146,46,41,124,148,46,44,40,112,147,107,143,102,88,68,101,53,169,290,133,124,150,278,293,82,100,,,127,125,,,57,155,176,213,50,75,175,109,227,94,128,46,52,53,134,166,156,96,104,190,125,291,87,,112,,,57,188,189,222,125,185,239,97,187,157,223,127,189,196,144,194,153,223,173,119,120,198,180,176,186,94,68,74,102,71,53,169,154,268,280,246,253,240,316,323,,,65,81,,,57,189,39,171,61,156,158,199,161,220,176,147,174,184,181,197,130,83,61,46,148,283,239,318,,89,,,b'\x11\xe8\xe1I\xc6;.B\xaf\x82\x12\xdf\x17\xaeN\x1e'
11E8E149-C63B-2E42-AF82-12DF17AE4E1E,2020-ncaa-d1-conf-SEC,ncaa,8,8,10,8,10,7,9,12,6,11,12,5,4,5,4,6,6,7,9,7,2,12,12,4,5,5,4,5,5,11,10,7,7,8,7,9,7,7,7,8,13,13,6,6,,,5,7,,,7,11,11,1,5,7,11,10,11,4,5,5,3,4,10,10,10,4,4,8,7,13,6,,6,,,7,4,2,6,4,3,4,3,9,9,11,10,7,7,5,7,11,7,5,4,4,7,13,11,11,6,7,5,10,5,7,6,11,13,12,12,9,10,11,14,,,8,3,,,7,4,6,7,7,7,7,9,4,7,11,9,10,11,11,9,5,8,6,8,7,12,9,13,,6,,,b'\x11\xe8\xe1I\xc6;.B\xaf\x82\x12\xdf\x17\xaeN\x1e'
11E8E149-C63B-2E42-AF82-12DF17AE4E1E,2020-ncaa-d1-natl,ncaa,114,109,128,120,202,66,89,195,53,125,233,45,104,134,71,138,51,59,144,58,40,162,193,49,45,43,110,148,101,170,108,113,71,129,55,199,294,109,125,155,296,300,94,104,,,106,132,,,69,202,180,201,51,80,185,117,230,98,133,49,56,58,142,173,164,102,111,202,125,296,93,,117,,,68,155,169,192,134,163,211,103,170,140,235,127,168,176,147,174,154,183,117,131,129,217,176,174,185,84,71,58,108,51,55,154,155,289,290,258,241,245,314,324,,,94,81,,,69,136,40,190,70,168,169,203,164,224,175,145,180,186,186,201,127,85,63,46,155,293,241,318,,89,,,b'\x11\xe8\xe1I\xc6;.B\xaf\x82\x12\xdf\x17\xaeN\x1e'
11E8E149-C63B-2E42-AF82-12DF17AE4E1E,2021-ncaa-d0-natl,ncaa,44,143,26,88,32,22,33,41,51,61,87,53,18,27,29,73,16,24,37,24,34,35,39,32,23,17,45,66,100,78,184,32,139,43,114,26,85,218,54,40,218,319,152,298,,,179,12,,,97,34,156,197,31,71,153,159,255,28,56,26,60,61,122,190,211,88,132,46,48,319,249,,20,,,110,332,338,327,290,335,336,192,303,237,336,54,147,164,99,156,11,324,314,282,244,297,35,170,7,307,139,287,184,297,114,320,88,167,314,308,249,117,312,252,,,23,86,,,97,313,18,298,108,277,323,309,323,337,218,89,26,43,41,269,191,192,117,128,238,311,111,216,,100,,,b'\x11\xe8\xe1I\xc6;.B\xaf\x82\x12\xdf\x17\xaeN\x1e'
11E8E149-C63B-2E42-AF82-12DF17AE4E1E,2021-ncaa-d1-conf-SEC,ncaa,6,9,2,7,2,2,3,3,6,8,10,4,2,1,5,3,3,2,4,3,2,3,3,3,3,3,2,3,7,8,12,2,5,4,8,1,1,9,5,4,11,14,10,12,,,7,1,,,8,3,10,7,4,10,12,12,13,3,3,4,7,7,12,13,11,4,7,2,4,14,11,,2,,,7,14,14,13,10,14,13,6,13,11,12,8,8,8,10,7,4,13,12,11,9,9,7,10,2,11,5,12,12,13,8,13,7,9,11,12,12,10,10,12,,,2,4,,,8,12,4,9,8,9,10,11,10,12,10,8,3,3,3,9,2,5,7,7,10,11,8,8,,5,,,b'\x11\xe8\xe1I\xc6;.B\xaf\x82\x12\xdf\x17\xaeN\x1e'
11E8E149-C63B-2E42-AF82-12DF17AE4E1E,2021-ncaa-d1-natl,ncaa,46,143,30,92,37,27,41,49,54,70,101,56,19,31,29,73,18,25,37,26,33,41,48,36,23,21,43,65,97,87,191,36,147,49,119,28,87,204,54,42,233,322,164,301,,,163,12,,,105,39,161,193,33,76,159,166,256,31,56,28,61,63,124,191,216,91,143,47,47,322,249,,20,,,120,330,337,324,291,333,335,197,296,227,339,53,141,156,104,149,11,320,309,285,252,302,34,167,7,295,147,277,191,292,119,317,89,184,318,313,240,120,311,258,,,28,83,,,105,307,19,304,117,283,325,310,324,338,225,89,25,43,41,273,190,196,121,130,243,313,112,224,,101,,,b'\x11\xe8\xe1I\xc6;.B\xaf\x82\x12\xdf\x17\xaeN\x1e'
11E8E149-C63B-2E42-AF82-12DF17AE4E1E,2021-ncaa-d1-ncaatournament,ncaa,17,2,17,17,18,19,19,26,14,24,30,23,12,13,10,13,24,25,26,23,22,25,21,10,12,13,16,13,41,23,18,25,44,26,25,18,8,45,49,19,31,48,33,47,,,36,9,,,56,21,17,7,13,13,39,34,50,9,12,32,34,31,37,22,27,37,33,5,48,41,42,,16,,,42,49,51,47,50,48,46,49,50,44,52,37,28,27,50,22,6,47,47,53,51,56,26,39,10,46,44,36,18,38,25,52,37,32,53,59,45,44,46,44,,,19,21,,,56,44,14,59,42,57,60,58,56,54,52,46,17,15,10,51,48,42,9,18,58,53,45,42,,15,,,b'\x11\xe8\xe1I\xc6;.B\xaf\x82\x12\xdf\x17\xaeN\x1e'
11E8E149-C63B-2E42-AF82-12DF17AE4E1E,2022-ncaa-d0-natl,ncaa,79,157,14,119,20,24,44,38,87,96,127,82,17,18,47,67,9,8,131,8,11,29,22,52,44,49,27,60,75,64,154,55,289,50,203,153,338,292,112,213,30,82,135,237,,,315,118,,,80,22,108,154,46,96,153,210,281,37,50,34,39,41,102,121,146,176,159,261,138,70,188,,179,,,83,344,348,336,243,353,351,216,196,216,160,47,251,300,17,299,107,337,344,203,165,170,30,69,96,349,289,323,154,343,203,337,187,39,164,201,244,85,355,355,,,38,171,,,80,339,42,194,84,222,275,255,316,320,92,79,121,192,187,255,276,300,155,234,261,125,106,355,,145,,,b'\x11\xe8\xe1I\xc6;.B\xaf\x82\x12\xdf\x17\xaeN\x1e'
11E8E149-C63B-2E42-AF82-12DF17AE4E1E,2022-ncaa-d1-conf-SEC,ncaa,8,10,2,9,2,4,10,7,10,13,13,11,1,2,4,2,3,2,6,2,1,7,5,3,3,7,1,2,3,7,9,8,12,8,11,13,14,12,11,14,5,7,12,12,,,13,10,,,11,3,9,5,9,12,13,14,14,2,2,5,7,7,13,12,11,11,11,14,10,7,12,,11,,,11,14,14,11,13,14,11,13,7,8,5,8,9,12,1,12,9,13,13,11,11,10,4,4,5,13,12,12,9,12,11,14,12,5,7,12,10,9,14,14,,,5,6,,,11,12,8,10,11,12,14,6,14,10,4,8,8,11,11,8,9,11,8,9,14,7,9,14,,8,,,b'\x11\xe8\xe1I\xc6;.B\xaf\x82\x12\xdf\x17\xaeN\x1e'
11E8E149-C63B-2E42-AF82-12DF17AE4E1E,2022-ncaa-d1-natl,ncaa,93,157,16,129,24,28,52,50,94,119,154,88,22,25,49,65,13,11,134,11,10,35,29,61,47,54,24,61,69,79,163,68,292,59,216,181,341,273,120,220,40,91,152,246,,,304,117,,,99,24,115,154,50,110,168,226,282,41,52,35,40,40,115,131,162,188,171,274,140,79,195,,181,,,101,339,346,335,256,352,350,231,183,188,174,47,236,291,18,287,107,337,342,216,176,185,29,68,95,348,292,311,163,340,216,331,188,55,179,215,214,94,355,355,,,50,165,,,99,337,48,221,100,239,288,259,324,320,94,76,124,198,193,259,273,300,162,239,263,139,108,355,,144,,,b'\x11\xe8\xe1I\xc6;.B\xaf\x82\x12\xdf\x17\xaeN\x1e'
11E8E149-C63B-2E42-AF82-12DF17AE4E1E,2023-ncaa-d0-natl,ncaa,87,74,116,89,156,93,100,166,46,226,289,81,16,52,4,36,226,235,143,231,129,179,178,13,21,41,21,10,323,177,137,173,207,169,136,137,207,183,199,138,69,54,59,62,,,219,223,,,49,179,237,291,77,93,233,263,321,9,48,245,268,264,244,251,196,201,221,136,172,70,56,,197,,,45,99,98,146,120,153,229,87,82,63,201,63,160,156,198,161,131,138,186,95,102,66,103,96,212,215,207,72,137,110,136,154,201,92,69,75,150,168,349,361,,,233,247,,,49,188,45,77,39,69,77,81,131,217,65,47,151,139,146,76,125,204,44,85,135,101,144,354,,266,,,b'\x11\xe8\xe1I\xc6;.B\xaf\x82\x12\xdf\x17\xaeN\x1e'
11E8E149-C63B-2E42-AF82-12DF17AE4E1E,2023-ncaa-d1-conf-SEC,ncaa,6,5,9,6,11,10,9,12,6,12,12,7,2,2,2,2,13,13,9,13,5,12,12,3,5,6,3,1,14,7,6,10,7,11,6,11,10,7,9,10,3,3,7,7,,,4,6,,,6,12,10,9,8,7,10,11,12,2,2,12,13,12,11,11,7,8,7,9,10,3,7,,5,,,6,4,6,3,8,6,4,8,4,3,9,9,3,3,11,3,4,2,2,8,8,7,8,9,6,5,7,4,6,4,6,5,7,7,4,5,4,9,12,14,,,12,11,,,6,2,5,6,6,5,7,5,7,6,7,6,3,4,4,3,4,7,6,7,7,5,6,12,,12,,,b'\x11\xe8\xe1I\xc6;.B\xaf\x82\x12\xdf\x17\xaeN\x1e'
11E8E149-C63B-2E42-AF82-12DF17AE4E1E,2023-ncaa-d1-natl,ncaa,98,74,151,92,205,121,126,214,46,264,317,88,19,68,3,34,246,264,143,258,125,232,242,14,21,42,21,10,323,212,149,210,218,222,151,154,214,156,208,144,88,60,68,64,,,187,231,,,51,246,241,291,83,99,246,273,323,10,52,247,271,268,253,263,209,215,236,145,176,84,58,,204,,,46,68,74,106,136,120,199,94,69,45,218,64,147,134,206,136,133,99,130,111,114,80,103,95,213,197,218,49,149,79,151,136,203,119,77,88,128,171,348,361,,,258,243,,,51,122,46,91,41,76,85,86,138,215,70,49,162,145,149,79,122,207,45,90,150,108,145,354,,267,,,b'\x11\xe8\xe1I\xc6;.B\xaf\x82\x12\xdf\x17\xaeN\x1e'
11E8E149-C63B-2E42-AF82-12DF17AE4E1E,2023-ncaa-d1-ncaatournament,ncaa,36,2,36,36,38,38,38,61,5,62,67,38,20,38,2,4,56,58,3,58,46,63,59,1,1,3,2,3,59,59,42,52,39,62,32,32,2,26,63,20,35,11,45,19,,,18,47,,,31,53,42,7,11,17,57,60,67,1,7,55,58,58,63,54,55,48,62,3,60,11,35,,44,,,34,18,9,9,50,1,1,17,49,40,66,68,20,12,63,12,63,4,7,58,62,57,68,68,33,11,39,2,42,4,32,32,67,44,18,53,18,57,35,67,,,62,61,,,31,10,6,57,35,52,33,14,1,1,68,67,41,29,31,12,12,27,2,6,62,22,50,61,,61,,,b'\x11\xe8\xe1I\xc6;.B\xaf\x82\x12\xdf\x17\xaeN\x1e'
11E8E149-C63B-2E42-AF82-12DF17AE4E1E,2024-ncaa-d0-natl,ncaa,41,57,29,56,48,37,46,50,68,67,86,86,42,62,41,143,40,33,187,32,70,42,37,60,62,64,100,116,156,30,37,67,259,35,95,110,284,247,110,139,63,116,27,47,,,226,68,,,35,54,130,263,47,64,92,100,171,64,111,71,66,67,78,103,49,130,66,158,139,98,34,,107,,,38,254,277,311,100,323,345,76,84,121,77,27,215,241,90,240,77,314,326,54,52,43,22,31,167,343,259,228,37,300,95,215,125,44,120,95,250,141,356,343,,,36,117,,,35,310,37,72,38,110,153,224,249,330,30,44,138,158,158,219,253,291,83,172,126,95,159,346,,87,,,b'\x11\xe8\xe1I\xc6;.B\xaf\x82\x12\xdf\x17\xaeN\x1e'
11E8E149-C63B-2E42-AF82-12DF17AE4E1E,2024-ncaa-d1-conf-SEC,ncaa,5,4,9,5,10,7,9,11,8,11,11,10,2,3,2,3,8,8,7,8,2,11,10,6,6,4,2,3,9,8,7,9,12,8,8,9,8,3,5,7,10,8,5,5,,,7,7,,,6,11,9,5,6,7,11,11,11,2,3,8,8,8,10,9,6,7,5,8,4,9,5,,8,,,6,6,7,7,7,8,7,9,6,5,7,7,8,8,2,8,8,7,5,7,6,9,3,7,9,10,12,6,7,7,8,7,9,11,11,8,6,10,11,13,,,9,6,,,6,4,4,10,6,8,8,8,8,10,9,6,9,11,10,8,7,13,7,11,9,11,8,13,,8,,,b'\x11\xe8\xe1I\xc6;.B\xaf\x82\x12\xdf\x17\xaeN\x1e'
11E8E149-C63B-2E42-AF82-12DF17AE4E1E,2024-ncaa-d1-natl,ncaa,48,57,38,58,68,49,55,60,71,79,114,97,47,72,43,150,52,48,186,48,68,52,53,65,66,68,95,118,151,36,44,90,268,51,110,134,294,213,117,152,75,127,31,52,,,196,72,,,42,71,137,264,54,72,105,114,185,65,114,70,68,68,85,109,56,140,76,177,139,112,34,,117,,,42,241,265,299,112,317,343,85,64,94,86,28,197,219,98,217,81,300,318,67,64,56,22,34,170,339,268,192,44,280,110,204,132,64,129,113,224,149,358,348,,,52,112,,,42,296,40,95,43,121,172,225,258,332,32,41,148,160,160,223,256,300,88,184,133,106,163,348,,85,,,b'\x11\xe8\xe1I\xc6;.B\xaf\x82\x12\xdf\x17\xaeN\x1e'
11E8E149-C63B-2E42-AF82-12DF17AE4E1E,2024-ncaa-d1-ncaatournament,ncaa,17,3,17,17,19,26,21,21,27,22,19,32,24,32,9,57,29,33,21,34,51,25,21,27,30,38,46,39,44,15,6,25,57,20,24,30,59,49,49,55,33,55,24,45,,,39,16,,,29,30,39,5,30,21,31,19,13,32,52,38,44,45,38,23,10,26,11,47,53,51,30,,24,,,27,43,48,50,21,52,55,8,7,12,32,2,40,39,43,39,13,48,50,10,10,16,4,3,36,57,57,36,6,49,24,29,7,27,48,23,47,44,66,63,,,33,61,,,29,41,24,31,25,32,43,62,58,67,3,2,36,34,32,60,60,63,13,45,15,37,43,64,,54,,,b'\x11\xe8\xe1I\xc6;.B\xaf\x82\x12\xdf\x17\xaeN\x1e'
11E8E149-C63B-2E42-AF82-12DF17AE4E1E,2025-ncaa-d0-natl,genius_ncaa,49,53,54,56,60,29,25,43,12,42,81,35,19,45,3,117,92,76,265,68,138,42,53,14,18,13,114,70,306,84,114,44,202,43,104,47,192,129,57,53,87,132,25,55,,,238,90,,247,23,48,63,58,12,15,44,47,136,15,63,138,111,108,39,65,134,50,57,49,87,113,25,,144,,209,23,257,245,317,39,285,336,41,127,188,67,56,297,282,255,292,135,320,317,28,36,65,120,64,264,325,202,232,114,290,104,183,94,84,175,102,202,118,138,82,,,75,180,,121,23,316,15,81,23,161,149,294,209,337,80,97,243,223,231,296,305,287,132,209,106,129,146,101,,114,,155,b'\x11\xe8\xe1I\xc6;.B\xaf\x82\x12\xdf\x17\xaeN\x1e'
11E8E149-C63B-2E42-AF82-12DF17AE4E1E,2025-ncaa-d1-conf-SEC,genius_ncaa,7,6,11,7,11,11,10,12,2,13,13,4,3,5,1,5,16,15,14,16,10,12,14,1,3,4,2,1,15,14,14,9,11,12,11,9,10,2,8,7,12,12,5,5,,,4,4,,5,8,14,12,3,8,7,9,12,13,2,5,16,15,16,11,14,14,5,11,7,6,12,4,,4,,7,8,2,2,4,5,6,8,5,2,4,4,4,5,4,11,5,6,4,4,4,4,5,5,4,11,7,11,4,14,5,11,4,7,12,12,9,9,10,1,3,,,15,14,,6,8,4,3,8,6,5,5,8,11,13,4,5,7,7,7,9,7,11,9,10,5,12,10,1,,13,,5,b'\x11\xe8\xe1I\xc6;.B\xaf\x82\x12\xdf\x17\xaeN\x1e'
11E8E149-C63B-2E42-AF82-12DF17AE4E1E,2025-ncaa-d1-natl,genius_ncaa,54,53,72,58,77,35,30,57,13,51,100,40,21,58,3,120,110,89,259,81,135,56,72,15,18,16,109,69,304,106,122,54,211,57,119,51,198,113,58,55,100,145,27,57,,,210,96,,243,25,64,65,55,14,15,46,49,138,17,65,139,116,111,43,70,142,58,67,52,85,125,25,,154,,217,24,232,221,307,49,276,332,45,114,162,77,53,280,269,262,280,137,310,300,35,41,73,119,63,268,314,211,207,122,271,119,166,94,98,184,109,184,125,128,84,,,93,171,,131,25,299,15,95,25,174,160,297,225,338,84,100,248,227,236,304,306,289,135,213,112,142,150,102,,107,,154,b'\x11\xe8\xe1I\xc6;.B\xaf\x82\x12\xdf\x17\xaeN\x1e'
11E8E149-C63B-2E42-AF82-12DF17AE4E1E,2025-ncaa-d1-ncaatournament,genius_ncaa,17,2,17,17,17,16,16,18,3,16,20,4,14,16,15,35,18,19,40,19,23,18,17,3,3,2,40,33,45,19,10,23,44,20,19,14,25,45,29,17,16,20,29,44,,,52,49,,44,16,17,26,1,1,1,7,2,15,5,17,15,15,13,8,3,17,21,14,3,42,13,36,,60,,43,15,54,50,50,33,46,48,24,60,51,57,42,59,55,59,55,55,51,51,36,45,48,63,51,56,48,44,38,10,42,19,36,4,26,41,24,40,28,28,12,,,22,29,,22,16,52,2,49,16,61,50,59,35,48,60,53,62,58,58,62,63,50,15,28,24,35,32,14,,14,,36,b'\x11\xe8\xe1I\xc6;.B\xaf\x82\x12\xdf\x17\xaeN\x1e'
11E8E149-C63B-2E42-AF82-12DF17AE4E1E,2026-ncaa-d0-natl,genius_ncaa,5,1,49,1,73,50,60,119,18,72,151,18,50,91,35,128,55,60,125,60,57,107,122,14,12,22,132,127,191,150,110,39,28,69,19,57,127,181,112,59,72,71,18,23,,,138,58,,180,26,115,308,97,47,53,266,87,274,66,153,86,98,101,222,307,239,42,100,66,82,105,20,,29,,129,25,101,117,241,20,135,293,9,116,131,135,66,97,96,165,103,28,223,228,14,11,21,129,161,125,140,28,127,110,123,19,89,96,114,132,58,151,100,245,221,,,49,42,,268,26,243,25,20,20,5,15,83,32,222,48,33,41,30,33,38,25,43,15,15,25,180,81,176,,89,,315,b'\x11\xe8\xe1I\xc6;.B\xaf\x82\x12\xdf\x17\xaeN\x1e'
11E8E149-C63B-2E42-AF82-12DF17AE4E1E,2026-ncaa-d1-natl,genius_ncaa,5,1,85,1,117,67,83,186,19,100,214,20,67,131,35,124,82,91,123,92,53,167,184,14,12,24,117,121,172,215,138,51,31,102,27,71,136,138,125,71,111,96,21,24,,,84,64,,152,26,173,316,100,65,77,300,116,290,71,165,88,113,114,258,317,273,52,129,81,83,136,19,,34,,133,26,56,75,187,21,95,259,12,76,69,163,60,67,55,181,59,30,168,164,15,13,25,121,164,125,91,31,66,138,69,27,60,95,173,164,82,113,107,227,246,,,76,37,,284,26,184,27,25,21,6,17,96,39,233,48,32,44,33,36,50,23,50,14,15,33,218,78,198,,97,,310,b'\x11\xe8\xe1I\xc6;.B\xaf\x82\x12\xdf\x17\xaeN\x1e'
11E8E149-C63F-5AB2-AF82-12DF17AE4E1E,2010-ncaa-d0-natl,ncaa,178,101,322,152,336,290,309,336,152,249,277,177,334,340,213,328,61,65,136,61,10,321,281,215,137,275,219,329,4,237,47,319,317,301,151,334,316,333,343,342,207,175,52,37,,,146,241,,,237,285,41,342,231,282,328,173,185,324,334,8,8,7,279,75,142,242,204,319,344,124,24,,298,,,240,37,32,38,169,127,115,162,7,14,51,15,222,273,46,270,288,63,82,108,128,73,64,11,312,188,317,3,47,11,151,96,253,143,65,91,328,338,276,323,,,87,4,,,237,68,275,104,238,200,172,170,271,298,18,27,312,325,325,251,306,309,20,107,235,33,342,325,,3,,,b'\x11\xe8\xe1I\xc6?Z\xb2\xaf\x82\x12\xdf\x17\xaeN\x1e'
11E8E149-C63F-5AB2-AF82-12DF17AE4E1E,2010-ncaa-d1-conf-SWAC,ncaa,2,3,3,3,4,5,5,8,2,5,8,2,7,7,6,7,1,3,3,3,1,8,5,3,3,4,5,7,3,9,6,4,8,5,8,7,10,10,10,10,6,9,1,1,,,6,3,,,7,2,3,10,7,7,9,6,9,7,7,3,4,3,9,6,9,5,8,9,10,7,1,,4,,,7,9,9,9,5,8,9,7,5,7,2,5,5,6,5,5,3,9,10,4,4,3,4,3,5,10,8,2,6,6,8,7,6,3,7,8,10,10,6,10,,,2,1,,,7,10,7,4,6,6,6,9,6,9,4,6,6,6,6,9,9,9,1,4,7,5,10,5,,4,,,b'\x11\xe8\xe1I\xc6?Z\xb2\xaf\x82\x12\xdf\x17\xaeN\x1e'
11E8E149-C63F-5AB2-AF82-12DF17AE4E1E,2010-ncaa-d1-natl,ncaa,156,100,276,130,319,253,297,330,163,219,227,183,331,338,242,332,24,26,134,22,9,302,200,225,142,274,211,331,2,177,41,277,294,235,118,320,302,341,342,339,172,170,46,39,,,213,241,,,212,208,42,341,223,283,328,172,171,327,334,4,4,4,259,62,124,231,179,313,344,127,27,,297,,,218,78,57,70,158,167,174,159,14,18,40,17,284,299,60,299,296,114,153,102,123,67,75,10,318,213,294,5,41,20,118,145,251,80,52,82,335,338,324,330,,,35,4,,,212,146,268,94,207,184,151,154,255,280,19,27,313,324,325,233,303,283,24,88,219,29,342,332,,2,,,b'\x11\xe8\xe1I\xc6?Z\xb2\xaf\x82\x12\xdf\x17\xaeN\x1e'
11E8E149-C63F-5AB2-AF82-12DF17AE4E1E,2011-ncaa-d0-natl,ncaa,192,134,319,179,320,297,316,315,304,280,243,291,328,312,324,287,101,83,237,91,29,290,289,318,286,284,184,310,7,125,41,312,319,263,181,320,266,157,267,311,225,174,253,247,,,226,317,,,205,312,209,7,253,289,232,219,128,317,286,25,10,14,151,92,42,241,94,306,281,159,216,,328,,,209,17,11,21,70,66,110,66,3,4,15,1,278,302,69,298,304,34,45,25,59,56,78,1,341,210,319,19,41,61,181,20,137,194,104,45,194,272,206,258,,,72,2,,,205,31,259,92,205,121,69,102,190,290,3,8,328,334,334,205,254,314,135,243,75,85,287,281,,2,,,b'\x11\xe8\xe1I\xc6?Z\xb2\xaf\x82\x12\xdf\x17\xaeN\x1e'
11E8E149-C63F-5AB2-AF82-12DF17AE4E1E,2011-ncaa-d1-conf-SWAC,ncaa,5,4,5,5,5,6,6,6,9,8,7,8,5,5,7,4,5,4,4,5,4,5,6,7,5,6,6,6,2,2,1,7,8,5,4,9,10,3,3,6,7,6,5,5,,,6,9,,,5,9,10,2,5,7,5,8,6,6,5,3,3,5,5,6,2,7,3,10,3,7,5,,8,,,5,3,4,4,5,7,4,6,1,3,1,2,7,7,6,7,9,4,5,3,6,4,3,1,9,8,8,2,1,5,4,4,5,7,7,6,4,4,7,7,,,1,1,,,5,2,4,6,5,3,4,4,6,5,1,2,8,8,8,5,7,8,2,6,7,7,5,8,,1,,,b'\x11\xe8\xe1I\xc6?Z\xb2\xaf\x82\x12\xdf\x17\xaeN\x1e'
11E8E149-C63F-5AB2-AF82-12DF17AE4E1E,2011-ncaa-d1-natl,ncaa,174,133,279,162,281,270,295,285,296,251,196,287,321,294,326,288,62,39,224,43,19,236,210,313,280,279,177,312,6,90,38,280,304,199,146,310,263,249,268,313,189,159,248,256,,,260,313,,,184,269,181,10,242,287,225,214,128,314,283,22,7,7,144,86,40,225,88,304,289,136,233,,321,,,188,32,12,30,69,99,173,73,1,5,11,2,300,318,62,314,304,74,97,27,59,44,73,1,341,235,304,51,38,108,146,24,124,133,80,41,254,271,253,259,,,37,2,,,184,72,257,76,191,110,62,91,183,280,2,8,324,334,332,192,253,298,133,227,63,68,292,285,,1,,,b'\x11\xe8\xe1I\xc6?Z\xb2\xaf\x82\x12\xdf\x17\xaeN\x1e'
11E8E149-C63F-5AB2-AF82-12DF17AE4E1E,2012-ncaa-d0-natl,ncaa,147,87,292,125,295,268,291,282,275,227,172,301,312,318,222,311,70,73,146,68,55,252,283,300,256,222,200,301,8,133,62,208,182,177,82,331,341,39,103,298,323,314,109,95,,,94,210,,,150,315,237,42,201,256,199,163,76,300,307,16,16,12,137,175,66,83,55,331,110,306,77,,198,,,150,25,34,67,66,76,136,53,30,36,78,42,92,106,58,107,137,63,48,47,47,72,70,59,219,144,182,35,62,48,82,12,24,273,223,86,40,87,249,246,,,84,7,,,150,41,177,103,142,104,125,197,173,278,53,61,166,196,202,203,171,245,120,170,43,224,96,297,,4,,,b'\x11\xe8\xe1I\xc6?Z\xb2\xaf\x82\x12\xdf\x17\xaeN\x1e'
11E8E149-C63F-5AB2-AF82-12DF17AE4E1E,2012-ncaa-d1-conf-SWAC,ncaa,3,2,6,3,7,5,6,5,6,5,2,7,8,8,6,9,3,3,2,3,6,5,7,6,6,4,8,9,5,2,3,3,4,2,3,8,10,1,2,4,10,10,4,4,,,2,3,,,3,8,7,2,4,5,3,4,1,8,8,2,3,3,2,4,2,2,1,7,2,10,4,,3,,,3,3,4,4,3,4,7,2,5,3,7,3,3,2,9,2,2,2,3,3,2,5,4,5,5,5,4,3,3,4,3,4,5,8,8,4,1,3,5,3,,,5,3,,,3,3,3,5,3,5,6,7,7,10,5,3,4,2,2,6,5,6,5,6,5,8,3,6,,3,,,b'\x11\xe8\xe1I\xc6?Z\xb2\xaf\x82\x12\xdf\x17\xaeN\x1e'
11E8E149-C63F-5AB2-AF82-12DF17AE4E1E,2012-ncaa-d1-natl,ncaa,143,86,286,123,294,256,286,269,280,227,154,303,311,316,218,311,68,60,168,54,51,231,266,299,263,230,203,300,7,112,61,192,188,157,85,337,343,47,101,303,320,314,111,106,,,109,220,,,149,315,241,43,207,262,198,168,75,299,304,16,15,12,137,178,60,84,54,334,107,305,85,,207,,,149,28,38,75,61,76,170,46,31,32,91,41,93,115,58,117,123,71,58,50,43,72,69,60,219,161,188,41,61,66,85,14,31,265,216,88,43,95,279,266,,,61,7,,,149,42,180,90,141,96,119,188,166,282,53,56,160,190,195,185,163,247,123,178,46,226,99,311,,4,,,b'\x11\xe8\xe1I\xc6?Z\xb2\xaf\x82\x12\xdf\x17\xaeN\x1e'
11E8E149-C63F-5AB2-AF82-12DF17AE4E1E,2013-ncaa-d0-natl,ncaa,290,265,302,290,311,290,299,311,254,232,207,260,328,326,288,306,118,121,157,129,77,296,286,285,249,269,238,312,14,223,107,291,186,280,127,328,323,183,273,319,298,278,179,170,,,235,323,,,262,305,179,155,254,271,260,183,114,318,315,46,42,48,217,173,147,219,186,323,274,274,143,,311,,,274,97,61,38,210,124,140,156,23,12,251,16,301,302,157,302,306,68,44,168,226,260,149,26,328,71,186,18,107,24,127,84,159,304,269,234,226,293,125,152,,,248,151,,,262,43,261,257,268,240,176,135,243,284,54,23,325,331,331,224,169,161,85,107,171,265,296,188,,158,,,b'\x11\xe8\xe1I\xc6?Z\xb2\xaf\x82\x12\xdf\x17\xaeN\x1e'
11E8E149-C63F-5AB2-AF82-12DF17AE4E1E,2013-ncaa-d1-conf-SWAC,ncaa,7,6,6,7,8,8,7,9,6,6,7,7,7,7,3,7,5,7,2,7,5,9,9,6,4,4,6,7,3,8,6,6,3,7,2,7,6,2,4,5,10,10,5,4,,,4,8,,,4,10,9,7,7,7,7,5,6,7,7,3,4,4,8,8,7,3,3,5,3,10,4,,6,,,4,2,1,2,3,1,2,3,5,4,7,5,6,5,7,5,6,2,1,3,2,9,9,8,8,3,3,2,6,1,2,7,7,10,10,9,3,6,5,6,,,10,10,,,4,1,5,8,5,4,1,4,2,4,7,5,7,6,6,4,2,4,3,2,7,10,4,6,,10,,,b'\x11\xe8\xe1I\xc6?Z\xb2\xaf\x82\x12\xdf\x17\xaeN\x1e'
11E8E149-C63F-5AB2-AF82-12DF17AE4E1E,2013-ncaa-d1-natl,ncaa,281,265,292,282,306,282,296,303,263,231,192,272,321,319,280,306,112,106,170,113,88,279,270,289,263,275,237,308,17,205,106,272,165,252,126,323,323,207,268,320,289,276,166,169,,,259,324,,,264,280,167,157,255,270,252,190,114,317,314,60,44,52,209,168,140,200,172,321,274,266,134,,315,,,266,125,75,48,202,147,185,140,23,10,259,10,303,312,119,314,306,92,61,157,211,251,142,22,326,86,165,33,106,35,126,96,162,295,272,233,245,293,165,166,,,230,160,,,264,70,265,240,263,236,174,141,248,290,49,16,325,334,336,228,178,153,96,113,175,255,297,210,,162,,,b'\x11\xe8\xe1I\xc6?Z\xb2\xaf\x82\x12\xdf\x17\xaeN\x1e'
11E8E149-C63F-5AB2-AF82-12DF17AE4E1E,2014-ncaa-d0-natl,ncaa,312,326,180,318,215,206,253,225,263,205,179,249,265,239,292,238,58,49,229,48,35,180,130,282,253,287,160,274,14,189,196,306,340,280,323,272,254,319,308,316,53,57,344,345,,,248,183,,,321,111,23,179,199,254,208,189,155,265,222,33,23,22,128,60,171,322,286,277,331,32,345,,293,,,319,311,321,196,332,331,287,302,154,53,343,30,238,262,106,258,183,218,266,324,318,266,57,80,157,308,340,194,196,259,323,314,253,49,58,153,316,299,200,203,,,96,92,,,321,247,295,296,312,327,329,270,335,324,168,59,264,289,288,296,336,329,236,292,325,23,320,230,,40,,,b'\x11\xe8\xe1I\xc6?Z\xb2\xaf\x82\x12\xdf\x17\xaeN\x1e'
11E8E149-C63F-5AB2-AF82-12DF17AE4E1E,2014-ncaa-d1-conf-SWAC,ncaa,9,9,3,9,6,5,6,6,5,6,7,4,5,5,6,5,4,5,3,5,4,5,6,5,6,6,4,5,4,7,8,9,10,7,10,4,5,8,6,7,4,3,10,10,,,5,4,,,9,6,2,10,5,6,6,5,6,5,4,4,5,5,6,6,7,10,10,4,7,3,10,,5,,,9,10,10,7,10,10,8,10,10,4,10,4,2,2,4,2,2,6,7,10,10,9,2,9,1,8,10,8,8,8,10,10,10,3,4,9,6,5,9,9,,,6,6,,,9,6,7,9,9,10,10,8,10,8,10,4,2,2,2,6,8,8,8,8,10,3,5,8,,6,,,b'\x11\xe8\xe1I\xc6?Z\xb2\xaf\x82\x12\xdf\x17\xaeN\x1e'
11E8E149-C63F-5AB2-AF82-12DF17AE4E1E,2014-ncaa-d1-natl,ncaa,319,325,211,323,259,230,271,252,269,221,195,254,275,250,293,239,68,59,231,58,36,206,155,283,259,288,159,273,11,206,200,320,344,297,324,289,259,314,311,319,60,64,345,345,,,231,184,,,325,138,26,175,205,258,215,193,157,266,226,34,21,22,134,65,176,325,293,280,332,36,345,,295,,,324,302,312,178,333,327,276,307,140,45,343,31,225,249,109,246,183,196,256,327,320,277,57,76,159,304,344,175,200,241,324,309,254,59,58,161,312,303,191,210,,,104,90,,,325,225,297,302,317,332,331,270,338,326,174,61,267,285,285,298,335,330,235,298,325,26,322,232,,39,,,b'\x11\xe8\xe1I\xc6?Z\xb2\xaf\x82\x12\xdf\x17\xaeN\x1e'
11E8E149-C63F-5AB2-AF82-12DF17AE4E1E,2015-ncaa-d0-natl,ncaa,306,316,172,314,191,247,279,266,252,205,180,242,301,281,320,281,63,59,178,58,38,224,151,283,253,293,212,303,9,266,286,247,293,273,308,246,162,332,332,314,103,110,347,349,,,199,145,,,315,122,42,105,256,293,287,215,167,306,284,35,24,24,226,122,276,263,294,251,334,81,347,,224,,,313,279,327,225,344,342,299,340,29,38,87,20,105,179,6,181,87,226,240,322,283,242,3,5,50,230,293,232,286,246,308,297,149,107,126,210,263,259,158,173,,,62,23,,,315,234,312,252,302,302,335,288,345,335,30,33,118,190,191,288,314,265,260,276,315,82,271,177,,14,,,b'\x11\xe8\xe1I\xc6?Z\xb2\xaf\x82\x12\xdf\x17\xaeN\x1e'
11E8E149-C63F-5AB2-AF82-12DF17AE4E1E,2015-ncaa-d1-conf-SWAC,ncaa,8,9,5,9,5,5,7,7,3,9,8,5,4,6,2,6,4,4,2,4,2,7,6,3,3,4,2,4,2,9,9,7,4,8,7,4,3,7,8,5,5,5,10,10,,,6,6,,,8,5,3,1,6,7,9,8,8,4,6,3,4,4,8,8,9,8,9,4,7,5,10,,5,,,8,9,10,8,10,10,8,10,1,2,4,1,3,4,4,4,3,7,5,10,10,10,1,1,2,3,4,5,9,4,7,10,3,8,6,10,5,7,6,7,,,5,1,,,8,6,6,10,8,10,10,8,10,10,1,1,4,5,5,7,5,2,5,4,10,8,7,6,,3,,,b'\x11\xe8\xe1I\xc6?Z\xb2\xaf\x82\x12\xdf\x17\xaeN\x1e'
11E8E149-C63F-5AB2-AF82-12DF17AE4E1E,2015-ncaa-d1-natl,ncaa,312,313,209,315,229,273,301,304,260,232,206,250,308,291,321,279,75,66,176,64,38,257,197,292,256,296,209,302,8,286,290,289,297,306,316,276,165,326,332,320,118,118,348,349,,,178,148,,,320,156,45,98,269,304,293,224,173,308,284,35,27,26,235,130,275,268,300,257,334,88,348,,227,,,321,261,321,196,345,339,289,342,21,25,90,17,91,157,6,156,86,197,207,327,293,258,3,5,50,210,297,208,290,218,316,292,153,129,130,214,249,265,152,180,,,76,21,,,320,205,316,263,311,304,336,288,346,334,30,35,122,192,190,289,313,268,264,280,317,92,273,180,,17,,,b'\x11\xe8\xe1I\xc6?Z\xb2\xaf\x82\x12\xdf\x17\xaeN\x1e'
11E8E149-C63F-5AB2-AF82-12DF17AE4E1E,2016-ncaa-d0-natl,ncaa,325,327,240,329,286,297,278,292,228,218,188,259,306,317,231,304,249,148,347,149,125,275,228,264,283,320,286,282,151,328,328,302,287,330,332,275,231,324,336,323,176,190,346,349,,,305,307,,,345,158,20,348,295,264,271,191,134,301,314,236,91,89,247,136,324,298,334,267,338,144,348,,331,,,345,313,315,165,348,342,279,346,27,24,116,14,326,335,107,335,294,216,211,337,343,335,17,4,271,175,287,187,328,174,332,232,80,193,215,226,326,332,177,188,,,221,194,,,345,213,339,331,343,340,341,265,347,338,32,26,337,340,341,322,321,229,264,261,271,157,333,215,,180,,,b'\x11\xe8\xe1I\xc6?Z\xb2\xaf\x82\x12\xdf\x17\xaeN\x1e'
11E8E149-C63F-5AB2-AF82-12DF17AE4E1E,2016-ncaa-d1-conf-SWAC,ncaa,9,9,3,9,6,5,6,7,3,7,7,5,3,5,1,5,8,4,10,4,4,6,6,4,4,7,5,3,7,9,9,9,7,9,9,4,3,5,8,5,4,6,10,10,,,9,9,,,9,4,5,10,7,7,8,7,7,3,6,8,4,4,8,8,9,9,10,4,7,5,10,,9,,,9,9,9,5,10,9,7,10,8,4,10,3,9,9,10,8,8,8,5,10,10,10,6,4,6,2,7,7,9,4,9,8,5,8,8,8,6,7,6,7,,,6,6,,,9,7,8,9,9,9,9,5,9,7,8,4,10,10,10,7,4,3,5,4,8,8,6,6,,8,,,b'\x11\xe8\xe1I\xc6?Z\xb2\xaf\x82\x12\xdf\x17\xaeN\x1e'
11E8E149-C63F-5AB2-AF82-12DF17AE4E1E,2016-ncaa-d1-natl,ncaa,323,327,218,326,302,295,273,293,224,217,187,246,313,319,255,302,252,136,347,140,123,271,209,266,285,320,289,288,154,330,326,302,279,332,334,274,229,330,333,323,170,194,346,349,,,314,310,,,345,148,25,348,298,268,275,185,137,307,313,244,83,87,248,139,321,289,331,270,332,145,347,,335,,,345,325,324,186,348,344,289,348,24,20,121,13,331,336,100,336,296,231,223,334,344,335,17,4,276,183,279,207,326,194,334,237,81,191,219,220,325,330,164,169,,,223,187,,,345,222,338,328,343,339,339,262,347,337,35,28,339,342,342,322,325,239,261,256,269,153,331,197,,180,,,b'\x11\xe8\xe1I\xc6?Z\xb2\xaf\x82\x12\xdf\x17\xaeN\x1e'
11E8E149-C63F-5AB2-AF82-12DF17AE4E1E,2017-ncaa-d0-natl,ncaa,348,332,347,348,348,349,348,349,336,344,309,337,347,345,340,312,349,349,328,349,340,349,349,344,347,349,336,310,257,336,290,348,335,348,332,346,282,243,347,346,332,295,247,220,,,14,90,,,339,349,176,268,349,345,324,290,155,342,333,344,336,337,340,259,284,318,328,339,344,279,197,,129,,,345,23,34,13,246,58,42,185,53,20,313,64,66,152,2,149,236,13,7,235,200,251,122,143,173,130,335,10,290,29,332,98,265,333,252,286,309,348,6,38,,,349,345,,,339,2,349,287,345,256,270,240,274,285,191,108,221,299,298,278,243,321,204,278,291,240,347,40,,344,,,b'\x11\xe8\xe1I\xc6?Z\xb2\xaf\x82\x12\xdf\x17\xaeN\x1e'
11E8E149-C63F-5AB2-AF82-12DF17AE4E1E,2017-ncaa-d1-conf-SWAC,ncaa,10,10,9,10,10,10,10,10,10,10,10,10,8,8,8,4,10,10,6,10,9,10,10,10,10,10,9,3,9,10,10,9,6,10,9,9,4,4,10,7,10,10,5,5,,,1,2,,,10,10,8,9,10,10,9,10,9,8,7,10,10,10,10,10,10,8,9,9,7,10,4,,2,,,10,3,5,1,7,3,4,5,9,3,10,4,2,3,1,3,4,1,1,7,7,10,5,10,2,1,6,2,10,1,9,9,10,10,10,10,6,10,2,3,,,10,10,,,10,1,10,9,10,8,7,7,5,7,10,6,3,4,4,8,1,2,6,4,10,10,8,2,,10,,,b'\x11\xe8\xe1I\xc6?Z\xb2\xaf\x82\x12\xdf\x17\xaeN\x1e'
11E8E149-C63F-5AB2-AF82-12DF17AE4E1E,2017-ncaa-d1-natl,ncaa,346,331,343,346,345,349,347,348,335,329,268,336,347,345,341,325,348,343,345,342,336,349,343,346,348,349,339,323,259,314,264,343,335,343,325,346,290,296,346,346,302,262,228,218,,,28,108,,,340,344,168,89,348,343,307,272,119,346,335,344,319,319,328,213,251,323,319,342,344,237,184,,152,,,342,45,59,19,241,98,87,161,62,23,322,44,125,219,4,212,259,23,15,227,194,212,130,122,204,185,335,27,264,58,325,105,216,281,215,224,323,346,7,16,,,348,338,,,340,7,349,266,343,256,253,224,265,287,176,83,247,315,315,273,261,319,209,277,261,178,347,22,,338,,,b'\x11\xe8\xe1I\xc6?Z\xb2\xaf\x82\x12\xdf\x17\xaeN\x1e'
11E8E149-C63F-5AB2-AF82-12DF17AE4E1E,2018-ncaa-d0-natl,ncaa,236,224,242,236,283,313,263,174,332,210,117,322,301,245,334,239,341,321,321,321,344,209,174,333,342,340,315,253,311,72,81,197,97,137,107,209,122,295,282,265,247,241,301,307,,,221,290,,,255,215,99,263,313,266,77,173,60,301,222,338,320,320,130,63,36,133,60,192,309,238,303,,273,,,255,59,26,55,64,91,161,55,13,15,61,10,320,329,85,328,321,91,93,47,75,86,148,15,344,68,97,175,81,117,107,24,79,206,166,72,296,298,52,39,,,264,288,,,255,114,332,75,265,106,51,78,138,239,19,17,331,335,336,163,168,112,241,199,51,168,316,76,,225,,,b'\x11\xe8\xe1I\xc6?Z\xb2\xaf\x82\x12\xdf\x17\xaeN\x1e'
11E8E149-C63F-5AB2-AF82-12DF17AE4E1E,2018-ncaa-d1-conf-SWAC,ncaa,7,7,9,7,9,10,10,6,10,10,8,10,4,4,6,2,10,10,6,10,10,9,9,10,10,10,5,2,10,4,4,8,1,8,2,5,1,3,7,4,9,8,9,9,,,2,6,,,6,10,9,6,10,8,5,10,6,2,2,10,10,10,7,6,2,6,4,4,6,8,9,,3,,,7,1,1,1,4,1,2,3,4,3,9,3,4,3,7,3,7,2,1,5,6,7,7,5,8,1,1,4,4,2,2,2,5,9,8,8,5,8,2,4,,,10,10,,,6,1,10,7,8,3,2,1,3,5,4,3,7,6,6,3,1,1,5,3,4,9,6,3,,10,,,b'\x11\xe8\xe1I\xc6?Z\xb2\xaf\x82\x12\xdf\x17\xaeN\x1e'
11E8E149-C63F-5AB2-AF82-12DF17AE4E1E,2018-ncaa-d1-natl,ncaa,247,223,315,246,326,331,296,216,334,245,152,325,313,262,336,238,345,329,323,330,344,256,229,333,343,342,316,251,310,92,90,238,104,181,123,242,122,274,288,273,263,244,311,310,,,201,290,,,269,277,102,263,320,279,83,194,62,300,224,339,324,324,136,70,43,143,65,210,311,244,302,,275,,,270,30,13,23,72,67,128,60,10,7,66,10,311,321,93,320,322,48,43,52,78,97,148,13,343,47,104,141,90,89,123,12,80,231,171,83,286,305,44,44,,,282,289,,,269,51,338,84,278,116,56,79,149,242,18,16,331,335,336,165,166,119,247,205,55,174,321,82,,227,,,b'\x11\xe8\xe1I\xc6?Z\xb2\xaf\x82\x12\xdf\x17\xaeN\x1e'
11E8E149-C63F-5AB2-AF82-12DF17AE4E1E,2019-ncaa-d0-natl,ncaa,200,209,173,212,248,252,233,161,293,163,124,259,294,218,343,246,218,43,351,41,58,127,146,313,334,305,293,283,145,72,153,161,129,112,186,291,310,121,107,251,215,209,325,333,,,304,330,,,220,187,119,351,268,247,118,153,100,303,216,218,25,23,72,100,57,130,66,301,137,210,328,,323,,,219,100,91,72,185,203,201,175,10,13,23,8,305,338,3,338,332,138,133,102,107,115,50,8,334,120,129,313,153,265,186,22,20,194,173,51,164,147,68,57,,,101,96,,,220,146,279,115,231,123,102,60,233,249,6,8,309,339,340,148,158,138,330,295,32,180,180,78,,63,,,b'\x11\xe8\xe1I\xc6?Z\xb2\xaf\x82\x12\xdf\x17\xaeN\x1e'
11E8E149-C63F-5AB2-AF82-12DF17AE4E1E,2019-ncaa-d1-conf-SWAC,ncaa,7,7,5,7,8,7,6,6,7,6,6,7,7,4,9,4,8,4,10,4,3,6,8,8,8,8,3,4,8,4,7,6,3,6,6,9,10,1,1,5,10,10,10,10,,,6,8,,,7,7,8,10,7,7,5,7,5,5,2,8,3,3,3,9,4,5,3,9,1,10,10,,8,,,7,2,4,3,8,6,6,6,1,1,5,3,5,6,1,6,7,2,1,7,6,8,2,1,6,2,3,8,7,7,6,1,1,10,9,7,2,3,2,3,,,7,6,,,7,2,7,7,7,4,6,3,7,7,1,2,4,8,8,3,2,2,8,7,2,10,3,3,,7,,,b'\x11\xe8\xe1I\xc6?Z\xb2\xaf\x82\x12\xdf\x17\xaeN\x1e'
11E8E149-C63F-5AB2-AF82-12DF17AE4E1E,2019-ncaa-d1-natl,ncaa,222,209,233,224,313,284,268,206,299,205,154,270,313,241,344,246,241,59,351,60,57,172,204,319,335,308,290,283,142,102,162,207,138,152,204,316,316,90,112,259,244,217,332,335,,,279,333,,,232,245,127,351,281,257,133,162,108,306,218,221,27,24,83,104,64,140,76,314,138,218,332,,321,,,235,66,64,34,199,175,167,193,4,8,27,8,292,334,1,334,330,90,82,111,117,136,48,7,333,81,138,298,162,227,204,14,20,233,185,64,133,155,58,64,,,135,93,,,232,90,283,134,246,137,110,62,241,253,5,8,313,342,340,156,157,140,330,301,33,197,184,84,,69,,,b'\x11\xe8\xe1I\xc6?Z\xb2\xaf\x82\x12\xdf\x17\xaeN\x1e'
11E8E149-C63F-5AB2-AF82-12DF17AE4E1E,2020-ncaa-d0-natl,ncaa,123,134,87,136,136,160,120,113,149,36,14,193,336,330,313,339,106,40,321,39,180,83,73,249,263,243,341,343,109,35,49,172,174,82,96,180,260,233,170,215,125,142,170,195,,,312,304,,,113,125,101,213,189,131,122,32,13,338,334,114,43,41,80,74,40,193,83,207,204,139,182,,295,,,115,109,77,105,90,171,264,55,21,14,151,6,314,339,25,335,293,169,236,58,76,36,105,18,334,192,174,153,49,162,96,87,136,39,49,32,134,78,142,45,,,34,62,,,113,250,202,38,111,83,53,65,149,258,13,5,295,330,327,130,228,171,125,140,74,47,112,133,,37,,,b'\x11\xe8\xe1I\xc6?Z\xb2\xaf\x82\x12\xdf\x17\xaeN\x1e'
11E8E149-C63F-5AB2-AF82-12DF17AE4E1E,2020-ncaa-d1-conf-SWAC,ncaa,4,4,1,4,6,5,4,5,3,3,4,3,9,9,5,9,9,7,9,6,9,5,8,4,4,4,10,9,9,3,2,2,2,2,2,4,6,1,1,1,8,7,4,4,,,2,3,,,4,9,9,6,5,4,5,3,4,9,10,9,7,7,6,9,3,2,2,4,1,9,4,,1,,,4,2,3,3,2,3,6,2,3,4,3,3,3,3,8,3,3,3,2,2,2,4,4,4,6,3,2,5,2,4,2,3,3,8,7,4,1,1,2,1,,,7,6,,,4,2,3,4,4,2,3,3,3,4,3,4,3,3,3,3,2,3,4,4,3,9,1,2,,7,,,b'\x11\xe8\xe1I\xc6?Z\xb2\xaf\x82\x12\xdf\x17\xaeN\x1e'
11E8E149-C63F-5AB2-AF82-12DF17AE4E1E,2020-ncaa-d1-natl,ncaa,133,134,128,139,202,201,156,147,158,45,20,204,340,334,313,340,128,48,322,46,180,112,109,256,268,250,341,344,104,46,53,198,182,104,104,215,264,212,176,223,150,152,186,201,,,306,304,,,127,163,108,201,197,145,129,37,13,338,334,119,45,43,86,78,44,195,92,217,213,143,180,,298,,,126,90,59,70,97,152,244,61,13,7,156,5,303,331,25,329,294,131,195,61,80,40,99,16,337,176,182,133,53,139,104,73,139,54,54,36,110,80,132,48,,,47,60,,,127,214,216,43,123,89,56,66,151,260,11,4,301,330,329,134,224,175,129,147,76,52,116,136,,34,,,b'\x11\xe8\xe1I\xc6?Z\xb2\xaf\x82\x12\xdf\x17\xaeN\x1e'
11E8E149-C63F-5AB2-AF82-12DF17AE4E1E,2021-ncaa-d0-natl,ncaa,174,60,288,116,290,268,256,285,70,213,246,71,303,305,256,297,259,236,303,235,160,281,284,120,148,152,321,311,188,232,58,265,102,262,38,275,260,53,168,185,300,260,185,144,,,48,135,,,93,289,235,102,136,101,185,40,69,293,292,170,93,86,164,153,87,97,68,189,178,272,112,,113,,,77,44,48,57,66,66,92,44,31,26,178,14,63,75,47,79,147,58,51,48,48,69,65,43,237,52,102,41,58,43,38,30,46,304,221,104,70,195,35,41,,,289,227,,,93,52,135,77,89,66,78,128,146,275,36,17,168,207,214,129,92,128,57,67,40,243,196,54,,214,,,b'\x11\xe8\xe1I\xc6?Z\xb2\xaf\x82\x12\xdf\x17\xaeN\x1e'
11E8E149-C63F-5AB2-AF82-12DF17AE4E1E,2021-ncaa-d1-conf-SWAC,ncaa,5,4,8,4,8,7,6,8,3,6,7,1,7,7,6,7,7,7,5,7,7,8,8,3,3,3,10,8,9,7,5,4,2,6,2,7,7,1,2,2,9,8,6,6,,,1,3,,,4,8,9,2,3,3,4,1,5,8,7,7,7,7,7,9,5,3,3,6,2,9,6,,2,,,4,1,1,3,3,1,2,2,3,2,6,6,2,2,7,2,4,2,1,3,2,5,6,7,4,1,2,2,5,2,2,1,2,10,8,6,3,7,2,2,,,10,10,,,4,2,3,5,4,3,3,4,2,5,6,5,3,3,3,3,1,2,5,3,2,9,5,1,,10,,,b'\x11\xe8\xe1I\xc6?Z\xb2\xaf\x82\x12\xdf\x17\xaeN\x1e'
11E8E149-C63F-5AB2-AF82-12DF17AE4E1E,2021-ncaa-d1-natl,ncaa,184,60,292,120,295,278,268,292,74,231,256,73,306,309,256,298,271,250,303,247,161,288,289,120,154,155,321,310,186,244,61,271,103,272,42,284,261,48,175,190,303,264,198,146,,,41,137,,,101,291,239,102,142,107,188,46,70,293,293,172,91,86,168,161,89,101,74,201,186,277,113,,115,,,81,40,43,51,75,59,81,43,28,22,189,14,58,68,49,73,146,53,48,53,53,78,64,45,240,48,103,35,61,38,42,26,45,306,230,109,63,199,34,42,,,294,227,,,101,50,141,84,94,68,81,131,153,276,35,17,166,208,216,136,91,131,56,71,41,250,197,60,,215,,,b'\x11\xe8\xe1I\xc6?Z\xb2\xaf\x82\x12\xdf\x17\xaeN\x1e'
11E8E149-C63F-5AB2-AF82-12DF17AE4E1E,2022-ncaa-d0-natl,ncaa,158,157,163,165,173,229,221,186,275,136,66,293,342,334,334,341,91,80,201,85,180,170,170,321,302,280,329,345,27,83,82,138,240,100,132,241,220,198,195,242,268,284,43,53,,,215,219,,,230,202,229,104,260,255,209,105,39,349,342,72,66,73,173,153,67,107,57,255,202,277,28,,228,,,229,140,139,179,112,199,272,60,41,22,230,7,264,315,7,315,249,211,198,81,80,117,85,29,294,285,240,185,82,221,132,71,60,238,259,147,177,179,162,86,,,94,49,,,230,166,244,157,226,147,141,184,211,322,35,13,267,316,316,239,211,283,203,244,77,255,188,168,,55,,,b'\x11\xe8\xe1I\xc6?Z\xb2\xaf\x82\x12\xdf\x17\xaeN\x1e'
11E8E149-C63F-5AB2-AF82-12DF17AE4E1E,2022-ncaa-d1-conf-SWAC,ncaa,2,2,5,2,5,8,8,9,6,5,4,6,12,11,11,12,6,6,5,6,10,8,9,7,6,6,11,12,4,6,4,3,2,3,2,7,5,7,6,6,10,10,2,2,,,6,4,,,6,9,11,2,9,9,9,4,3,12,11,6,7,8,8,11,7,2,2,8,5,10,2,,3,,,6,2,3,7,2,3,9,2,5,1,11,1,4,6,1,6,4,6,5,2,2,3,5,6,8,8,2,5,4,5,2,1,2,10,11,5,4,5,2,3,,,4,1,,,6,4,6,3,6,3,3,4,3,10,4,2,3,4,4,4,2,4,3,4,1,11,5,3,,3,,,b'\x11\xe8\xe1I\xc6?Z\xb2\xaf\x82\x12\xdf\x17\xaeN\x1e'
11E8E149-C63F-5AB2-AF82-12DF17AE4E1E,2022-ncaa-d1-natl,ncaa,176,157,213,175,226,267,265,234,288,172,82,305,348,338,338,341,110,97,197,108,179,213,223,324,305,290,328,345,22,103,91,173,249,138,141,272,228,178,201,253,297,298,48,59,,,186,225,,,246,256,235,101,278,277,219,120,44,351,342,77,67,74,184,160,73,114,64,269,210,294,29,,231,,,247,118,112,139,124,180,261,68,29,13,244,6,247,305,9,306,251,162,139,92,91,136,82,32,293,270,249,148,91,189,141,51,60,274,272,165,156,184,151,91,,,110,44,,,246,109,260,172,246,161,154,186,224,323,39,12,272,316,316,239,209,287,204,249,84,261,189,177,,51,,,b'\x11\xe8\xe1I\xc6?Z\xb2\xaf\x82\x12\xdf\x17\xaeN\x1e'
11E8E149-C63F-5AB2-AF82-12DF17AE4E1E,2023-ncaa-d0-natl,ncaa,181,160,236,183,260,308,325,282,337,291,216,333,307,277,333,248,145,137,207,138,95,256,243,344,324,326,179,273,22,144,144,175,193,156,151,331,310,226,271,331,309,313,201,219,,,36,48,,,245,271,221,117,314,337,267,287,169,309,269,101,98,95,229,167,116,98,81,338,271,304,182,,58,,,246,49,62,130,68,139,224,82,22,47,30,53,122,156,66,158,130,127,101,38,40,68,37,35,215,180,193,139,144,153,151,53,109,276,254,179,221,251,305,331,,,238,207,,,245,88,317,87,249,81,113,210,203,301,28,64,171,204,204,223,161,243,219,233,85,248,256,327,,197,,,b'\x11\xe8\xe1I\xc6?Z\xb2\xaf\x82\x12\xdf\x17\xaeN\x1e'
11E8E149-C63F-5AB2-AF82-12DF17AE4E1E,2023-ncaa-d1-conf-SWAC,ncaa,3,3,4,3,8,8,9,6,11,9,8,10,9,3,10,4,7,9,2,9,7,7,9,10,8,8,3,7,5,7,8,3,2,3,3,9,10,4,5,8,11,11,6,8,,,1,1,,,4,9,10,7,9,10,6,9,8,9,5,7,8,9,9,10,6,2,3,10,4,12,8,,1,,,4,3,5,9,2,5,11,2,4,7,3,6,1,1,5,1,1,6,2,2,2,3,1,8,1,4,2,7,8,5,3,4,3,12,11,11,5,5,10,12,,,8,8,,,4,2,6,3,4,3,4,9,6,11,4,6,1,1,1,4,3,5,5,6,4,12,5,10,,9,,,b'\x11\xe8\xe1I\xc6?Z\xb2\xaf\x82\x12\xdf\x17\xaeN\x1e'
11E8E149-C63F-5AB2-AF82-12DF17AE4E1E,2023-ncaa-d1-natl,ncaa,202,160,310,199,318,335,349,324,342,319,249,338,324,299,335,251,170,159,205,159,93,304,302,347,333,333,175,277,17,173,152,214,198,199,165,343,314,200,277,335,335,321,212,224,,,23,49,,,270,321,228,102,326,340,275,295,174,311,272,102,98,97,241,177,121,108,89,340,275,313,187,,60,,,276,32,46,86,77,111,193,90,18,36,31,53,99,134,73,133,132,86,47,45,46,83,35,36,221,154,198,103,152,108,165,37,110,311,271,195,196,260,302,335,,,264,199,,,270,39,327,104,276,95,125,211,221,306,28,65,178,209,212,227,161,248,223,239,90,267,260,331,,197,,,b'\x11\xe8\xe1I\xc6?Z\xb2\xaf\x82\x12\xdf\x17\xaeN\x1e'
11E8E149-C63F-5AB2-AF82-12DF17AE4E1E,2024-ncaa-d0-natl,ncaa,189,176,196,193,214,231,225,176,284,154,78,303,326,323,300,332,133,108,251,104,190,163,142,311,302,301,306,328,57,52,45,203,199,133,112,280,304,275,242,298,149,136,189,205,,,143,155,,,192,191,152,103,233,229,135,123,43,328,326,105,86,80,107,67,30,183,71,287,288,124,184,,168,,,193,90,77,98,121,127,217,48,34,15,284,9,274,279,173,275,243,117,146,84,133,77,127,37,322,166,199,149,45,145,112,48,79,115,89,41,280,258,227,147,,,140,137,,,192,151,271,93,209,117,81,101,167,285,34,11,288,289,287,139,205,195,197,200,57,88,293,251,,85,,,b'\x11\xe8\xe1I\xc6?Z\xb2\xaf\x82\x12\xdf\x17\xaeN\x1e'
11E8E149-C63F-5AB2-AF82-12DF17AE4E1E,2024-ncaa-d1-conf-SWAC,ncaa,5,5,5,5,7,6,4,4,6,6,4,9,5,7,5,7,8,8,6,8,9,4,5,7,8,6,8,6,10,2,2,5,5,4,2,8,9,5,7,7,7,6,8,8,,,1,1,,,5,7,9,5,6,4,4,7,5,5,6,9,9,9,6,6,2,6,3,9,7,8,8,,1,,,5,6,6,4,7,6,5,5,9,4,12,4,3,2,7,4,5,2,3,9,8,7,6,8,4,3,5,6,2,3,2,2,3,8,5,5,8,6,5,6,,,7,7,,,5,4,5,7,5,5,7,3,5,6,9,4,3,3,3,2,3,5,7,5,3,8,6,6,,7,,,b'\x11\xe8\xe1I\xc6?Z\xb2\xaf\x82\x12\xdf\x17\xaeN\x1e'
11E8E149-C63F-5AB2-AF82-12DF17AE4E1E,2024-ncaa-d1-natl,ncaa,190,177,194,197,216,242,231,186,280,154,76,307,329,332,295,334,142,117,268,109,195,173,148,308,300,304,312,332,62,59,49,219,203,141,118,277,301,278,250,304,147,140,193,208,,,134,162,,,199,198,172,108,252,234,160,127,52,330,331,121,93,86,130,88,40,203,88,292,285,136,191,,161,,,199,93,69,85,136,132,231,63,30,12,277,8,271,271,184,269,241,107,138,91,146,94,123,37,320,158,203,143,49,138,118,48,77,117,89,52,282,258,214,140,,,137,141,,,199,143,269,104,214,117,85,90,174,277,31,11,289,288,285,125,194,189,179,180,61,92,290,232,,91,,,b'\x11\xe8\xe1I\xc6?Z\xb2\xaf\x82\x12\xdf\x17\xaeN\x1e'
11E8E149-C63F-5AB2-AF82-12DF17AE4E1E,2025-ncaa-d0-natl,genius_ncaa,96,77,135,92,177,176,230,217,237,175,136,241,301,298,291,320,12,3,295,3,5,146,143,271,226,210,172,324,1,122,110,293,352,227,283,285,315,188,171,281,38,33,314,329,,,218,181,,264,131,149,159,269,187,275,281,194,141,317,320,5,2,2,141,140,132,337,282,319,188,30,324,,207,,269,131,97,126,145,154,207,219,188,30,67,24,74,147,231,2,237,224,165,238,109,83,27,37,33,201,335,352,147,110,249,283,188,257,33,24,46,130,127,83,67,,,13,1,,107,131,208,199,57,129,76,104,105,194,193,22,57,140,224,226,114,267,333,128,243,176,22,135,81,,3,,107,b'\x11\xe8\xe1I\xc6?Z\xb2\xaf\x82\x12\xdf\x17\xaeN\x1e'
11E8E149-C63F-5AB2-AF82-12DF17AE4E1E,2025-ncaa-d1-conf-SWAC,genius_ncaa,3,2,7,3,9,5,7,10,1,6,10,3,6,6,5,7,1,1,7,1,1,9,10,1,1,1,3,8,1,9,8,12,11,10,9,11,12,1,2,4,4,3,11,12,,,1,1,,8,2,10,7,9,2,5,10,5,10,5,7,1,1,1,6,8,9,10,10,11,2,3,12,,1,,8,2,2,5,7,6,6,5,10,6,6,5,9,1,1,10,1,1,4,4,5,4,2,3,8,1,9,11,2,8,6,9,7,10,4,3,5,2,2,1,2,,,1,1,,4,2,3,1,4,2,3,6,6,7,6,6,8,1,1,1,3,6,10,3,6,8,3,2,1,,1,,5,b'\x11\xe8\xe1I\xc6?Z\xb2\xaf\x82\x12\xdf\x17\xaeN\x1e'
11E8E149-C63F-5AB2-AF82-12DF17AE4E1E,2025-ncaa-d1-natl,genius_ncaa,95,77,113,89,154,152,229,196,244,180,126,253,296,279,296,315,10,3,296,4,5,126,122,278,231,213,168,322,3,96,87,301,351,223,280,283,311,209,164,281,37,30,320,335,,,243,201,,273,119,132,146,269,180,269,261,194,131,312,306,5,2,2,120,117,101,340,269,318,190,28,331,,237,,271,117,100,134,129,164,206,214,183,30,57,34,64,172,262,5,264,247,162,256,115,101,30,46,31,229,333,351,156,87,255,280,188,255,27,23,42,134,119,82,56,,,8,1,,91,119,222,195,59,121,82,104,80,187,189,22,49,161,247,251,103,269,328,131,243,170,19,133,74,,3,,92,b'\x11\xe8\xe1I\xc6?Z\xb2\xaf\x82\x12\xdf\x17\xaeN\x1e'
11E8E149-C63F-5AB2-AF82-12DF17AE4E1E,2026-ncaa-d0-natl,genius_ncaa,332,295,279,332,291,351,351,332,341,320,288,319,360,348,362,317,299,285,289,283,181,331,320,351,348,355,330,355,45,318,297,326,235,330,313,356,347,200,344,359,299,261,330,319,,,72,209,,263,338,313,224,97,360,359,345,303,207,359,347,248,204,202,344,281,273,328,330,360,331,262,327,,179,,337,345,99,112,54,333,122,41,353,101,102,190,246,125,105,280,103,265,54,51,338,337,319,146,148,176,44,235,92,297,71,313,203,315,277,161,285,206,327,229,313,,,281,118,,157,338,54,357,309,343,283,287,133,294,83,225,235,239,218,225,141,129,133,262,214,326,169,314,316,,171,,95,b'\x11\xe8\xe1I\xc6?Z\xb2\xaf\x82\x12\xdf\x17\xaeN\x1e'
11E8E149-C63F-5AB2-AF82-12DF17AE4E1E,2026-ncaa-d1-natl,genius_ncaa,256,294,85,287,117,235,261,235,300,192,154,275,336,295,350,311,64,48,210,49,51,194,132,321,298,323,240,353,10,168,232,200,212,193,232,328,347,351,338,357,106,123,252,266,,,284,263,,338,286,124,154,100,310,334,345,256,202,356,333,69,54,56,308,202,227,282,279,355,335,128,285,,248,,330,286,240,213,172,258,225,167,290,163,204,131,175,294,310,163,303,300,198,240,253,268,192,183,113,286,201,212,251,232,235,232,279,302,64,65,152,346,336,256,229,,,59,49,,58,286,248,323,177,286,181,164,53,187,77,114,132,260,279,276,102,173,139,201,177,253,75,332,230,,64,,73,b'\x11\xe8\xe1I\xc6?Z\xb2\xaf\x82\x12\xdf\x17\xaeN\x1e'
11E8E149-C643-67B0-AF82-12DF17AE4E1E,2010-ncaa-d0-natl,ncaa,219,202,241,224,274,298,317,299,319,267,174,328,337,337,295,334,78,45,281,44,27,266,240,334,316,321,221,330,2,112,50,207,93,177,52,256,51,241,285,280,218,173,67,36,,,329,345,,,204,272,225,246,307,330,304,258,114,335,335,28,11,10,231,160,52,153,90,245,287,194,46,,342,,,206,17,1,9,18,3,52,5,16,12,154,17,337,340,96,340,345,47,59,8,45,39,320,31,345,51,93,51,50,39,52,3,98,185,100,16,174,221,255,265,,,67,7,,,204,70,307,38,214,32,4,11,10,82,17,14,338,342,342,74,94,93,95,81,9,135,226,287,,13,,,b'\x11\xe8\xe1I\xc6Cg\xb0\xaf\x82\x12\xdf\x17\xaeN\x1e'
11E8E149-C643-67B0-AF82-12DF17AE4E1E,2010-ncaa-d1-conf-SWAC,ncaa,4,6,1,6,1,7,7,3,7,6,3,7,8,8,7,8,5,4,6,4,7,4,2,8,8,9,8,8,4,2,2,3,1,2,1,2,1,8,7,5,7,7,2,2,,,10,10,,,6,5,9,6,9,9,7,8,6,8,8,7,7,7,7,9,6,3,4,5,3,9,2,,8,,,6,6,2,5,2,2,5,1,7,6,9,4,10,10,9,10,10,7,5,2,5,5,10,7,10,2,1,7,2,4,1,2,4,6,9,4,2,2,9,6,,,3,6,,,6,7,8,3,7,2,2,1,1,1,5,3,8,8,8,3,1,2,5,1,1,9,1,6,,6,,,b'\x11\xe8\xe1I\xc6Cg\xb0\xaf\x82\x12\xdf\x17\xaeN\x1e'
11E8E149-C643-67B0-AF82-12DF17AE4E1E,2010-ncaa-d1-natl,ncaa,206,202,191,208,253,300,319,299,319,259,149,331,336,337,289,334,59,34,281,34,29,243,209,334,315,319,221,329,3,96,52,200,113,155,60,250,43,269,283,279,221,183,64,40,,,339,345,,,203,247,222,255,311,329,302,257,117,333,335,29,11,11,229,158,57,157,93,247,287,207,47,,342,,,204,17,1,10,14,2,74,4,19,15,143,16,339,344,87,344,345,59,84,6,40,35,321,32,345,81,113,63,52,49,60,3,91,174,109,14,198,219,281,271,,,60,7,,,203,91,307,32,209,34,4,11,10,86,18,14,339,342,342,81,103,121,97,83,9,136,226,301,,14,,,b'\x11\xe8\xe1I\xc6Cg\xb0\xaf\x82\x12\xdf\x17\xaeN\x1e'
11E8E149-C643-67B0-AF82-12DF17AE4E1E,2011-ncaa-d0-natl,ncaa,309,301,288,315,301,328,332,322,332,280,186,328,341,339,342,337,136,97,294,100,71,304,243,340,334,339,300,340,4,119,68,265,178,209,97,333,257,330,335,339,268,245,297,292,,,330,343,,,308,277,117,157,331,335,294,249,100,342,338,81,32,35,252,87,54,178,79,328,340,238,288,,343,,,310,46,16,13,165,45,63,90,15,6,304,4,329,342,15,342,342,38,67,124,181,129,234,17,343,93,178,70,68,61,97,15,70,149,69,30,310,325,315,321,,,77,14,,,308,68,336,124,308,152,54,21,117,182,25,5,341,343,343,145,221,182,182,183,39,71,330,333,,8,,,b'\x11\xe8\xe1I\xc6Cg\xb0\xaf\x82\x12\xdf\x17\xaeN\x1e'
11E8E149-C643-67B0-AF82-12DF17AE4E1E,2011-ncaa-d1-conf-SWAC,ncaa,8,8,5,8,7,8,9,9,7,7,6,6,9,9,9,8,8,7,6,7,5,9,7,8,8,10,8,8,3,5,4,6,3,6,3,7,6,9,10,10,9,9,8,7,,,10,10,,,9,8,6,6,9,9,9,7,5,9,9,6,7,7,9,7,5,6,4,8,10,9,8,,10,,,9,6,3,1,7,3,1,7,5,1,9,1,10,10,2,10,10,3,2,8,8,8,9,5,10,2,3,3,4,1,3,1,2,8,6,5,8,9,10,10,,,5,2,,,9,3,9,8,9,7,3,1,4,2,5,1,9,10,10,4,2,3,3,2,2,8,8,10,,2,,,b'\x11\xe8\xe1I\xc6Cg\xb0\xaf\x82\x12\xdf\x17\xaeN\x1e'
11E8E149-C643-67B0-AF82-12DF17AE4E1E,2011-ncaa-d1-natl,ncaa,289,301,199,297,235,304,317,288,324,230,124,321,341,338,340,337,99,58,288,61,72,252,157,338,331,336,302,340,7,73,48,198,132,122,70,306,215,338,330,333,230,218,282,276,,,337,343,,,276,199,116,159,315,325,281,219,89,340,337,70,27,29,234,83,44,147,58,315,337,210,284,,342,,,277,64,12,18,129,57,106,58,22,7,302,3,331,343,7,343,342,77,121,92,136,93,244,28,343,112,132,102,48,90,70,18,71,95,55,18,316,312,328,315,,,49,18,,,276,142,332,80,273,122,38,18,84,153,28,7,335,343,343,124,208,153,153,154,31,57,321,334,,8,,,b'\x11\xe8\xe1I\xc6Cg\xb0\xaf\x82\x12\xdf\x17\xaeN\x1e'
11E8E149-C643-67B0-AF82-12DF17AE4E1E,2012-ncaa-d0-natl,ncaa,198,129,318,182,330,329,339,332,333,341,324,325,265,223,310,129,155,127,251,129,7,327,318,325,310,321,40,161,7,119,24,289,180,221,49,316,84,220,314,313,307,271,210,157,,,261,343,,,238,335,264,248,312,337,313,337,295,229,160,60,39,40,268,187,28,176,63,291,316,285,168,,334,,,247,13,4,8,30,6,32,18,11,10,121,25,309,308,210,307,335,17,11,17,85,106,300,37,343,71,180,7,24,9,49,7,82,299,197,65,182,283,181,314,,,232,61,,,238,10,301,136,243,89,16,39,36,144,28,25,333,335,334,124,97,189,62,96,20,233,280,254,,76,,,b'\x11\xe8\xe1I\xc6Cg\xb0\xaf\x82\x12\xdf\x17\xaeN\x1e'
11E8E149-C643-67B0-AF82-12DF17AE4E1E,2012-ncaa-d1-conf-SWAC,ncaa,6,5,6,5,8,8,8,9,7,9,10,6,4,3,5,2,6,6,6,6,1,9,9,5,5,7,1,3,3,4,2,2,3,3,2,4,1,6,7,5,9,9,5,5,,,8,10,,,8,9,8,5,8,8,8,8,10,4,2,6,5,5,8,7,3,1,3,4,8,9,5,,9,,,8,4,1,2,1,1,4,1,2,2,5,2,8,8,10,8,8,3,1,1,3,7,9,3,10,3,3,2,2,1,2,3,3,9,9,6,7,7,9,10,,,8,6,,,8,2,6,6,8,6,1,4,1,9,3,2,9,9,9,7,3,4,2,3,3,9,8,10,,7,,,b'\x11\xe8\xe1I\xc6Cg\xb0\xaf\x82\x12\xdf\x17\xaeN\x1e'
11E8E149-C643-67B0-AF82-12DF17AE4E1E,2012-ncaa-d1-natl,ncaa,186,129,325,172,335,326,338,333,331,340,320,325,255,207,303,126,157,130,244,132,13,320,312,321,308,320,45,150,8,100,22,287,196,204,51,297,63,243,314,300,311,271,209,160,,,288,343,,,236,334,256,248,308,336,302,331,290,214,153,76,48,47,258,181,26,176,63,275,314,279,164,,334,,,239,13,4,3,37,8,37,24,11,8,112,25,316,313,161,312,335,17,14,20,85,110,291,36,343,92,196,9,22,13,51,4,82,288,195,65,195,278,214,316,,,229,73,,,236,11,295,139,238,97,18,44,50,147,27,27,333,336,337,133,108,207,61,109,21,232,269,271,,91,,,b'\x11\xe8\xe1I\xc6Cg\xb0\xaf\x82\x12\xdf\x17\xaeN\x1e'
11E8E149-C643-67B0-AF82-12DF17AE4E1E,2013-ncaa-d0-natl,ncaa,304,284,302,306,305,317,332,312,324,316,294,289,289,224,339,163,143,108,256,115,23,294,263,329,314,328,123,231,11,144,69,242,290,211,150,333,308,289,328,338,296,295,102,68,,,325,343,,,302,282,143,89,293,323,261,290,256,273,179,68,38,39,213,103,62,127,70,333,336,272,60,,345,,,303,89,20,42,47,29,70,38,44,48,106,59,341,344,171,344,345,115,93,44,118,173,321,61,345,248,290,42,69,107,150,48,181,259,241,137,254,292,112,203,,,212,139,,,302,61,322,217,301,231,73,145,92,202,91,100,345,345,345,286,261,325,146,255,109,191,305,172,,99,,,b'\x11\xe8\xe1I\xc6Cg\xb0\xaf\x82\x12\xdf\x17\xaeN\x1e'
11E8E149-C643-67B0-AF82-12DF17AE4E1E,2013-ncaa-d1-conf-SWAC,ncaa,8,7,6,8,6,9,9,8,8,9,9,6,6,3,9,3,6,5,5,4,4,8,7,8,9,8,4,3,2,4,2,4,8,4,4,8,5,7,8,9,9,9,2,2,,,10,10,,,8,7,6,3,9,8,5,8,9,4,3,4,3,3,6,4,2,2,1,7,8,9,2,,10,,,8,5,2,5,2,2,5,2,6,2,9,2,10,10,8,10,10,6,4,2,4,8,10,5,10,9,8,3,2,5,4,4,6,9,9,7,7,7,3,5,,,9,9,,,8,4,8,9,8,7,2,6,3,7,8,3,10,10,10,10,6,10,6,8,6,9,7,3,,8,,,b'\x11\xe8\xe1I\xc6Cg\xb0\xaf\x82\x12\xdf\x17\xaeN\x1e'
11E8E149-C643-67B0-AF82-12DF17AE4E1E,2013-ncaa-d1-natl,ncaa,281,282,210,287,228,266,293,267,298,260,260,247,271,207,335,176,103,74,245,77,33,235,179,308,286,310,150,240,20,86,41,190,286,134,121,322,320,319,324,334,239,259,72,59,,,339,343,,,259,209,152,87,268,294,248,245,238,268,189,67,40,42,199,99,52,132,70,327,329,227,54,,345,,,260,142,28,71,41,46,121,31,79,80,119,70,341,344,151,344,343,183,175,41,110,131,323,76,344,281,286,52,41,148,121,60,181,190,193,98,281,277,106,156,,,159,154,,,259,130,298,176,260,202,58,113,79,176,100,101,345,345,345,255,248,320,90,211,100,161,301,136,,114,,,b'\x11\xe8\xe1I\xc6Cg\xb0\xaf\x82\x12\xdf\x17\xaeN\x1e'
11E8E149-C643-67B0-AF82-12DF17AE4E1E,2014-ncaa-d0-natl,ncaa,197,125,334,179,334,312,312,281,321,272,238,274,302,220,346,181,245,174,318,170,99,265,240,329,331,330,237,264,84,49,20,204,199,110,56,274,149,237,287,292,261,228,63,60,,,213,326,,,178,312,123,9,264,255,78,186,126,271,149,154,66,59,64,22,4,32,3,219,329,206,27,,336,,,179,12,5,24,22,35,156,13,2,3,44,2,263,312,16,311,310,55,52,8,20,26,107,4,342,163,199,55,20,81,56,4,24,242,185,31,257,289,150,209,,,277,260,,,178,37,299,43,185,94,43,176,164,328,5,6,320,342,343,284,282,302,224,275,17,139,321,252,,131,,,b'\x11\xe8\xe1I\xc6Cg\xb0\xaf\x82\x12\xdf\x17\xaeN\x1e'
11E8E149-C643-67B0-AF82-12DF17AE4E1E,2014-ncaa-d1-conf-SWAC,ncaa,5,5,7,5,9,7,7,7,9,8,8,7,4,2,9,2,9,9,7,8,8,7,7,9,9,9,6,3,9,1,1,3,1,1,1,2,2,2,3,2,8,8,2,1,,,7,9,,,4,9,9,7,7,7,3,8,7,4,1,9,9,8,5,5,1,2,1,2,4,8,1,,8,,,4,1,2,3,1,1,5,1,2,2,5,2,7,7,2,7,6,5,3,1,2,2,8,2,9,5,1,5,1,4,1,2,2,9,8,5,3,2,6,7,,,8,9,,,4,2,6,2,4,1,2,4,1,7,2,2,8,8,8,5,3,5,6,6,2,8,4,6,,7,,,b'\x11\xe8\xe1I\xc6Cg\xb0\xaf\x82\x12\xdf\x17\xaeN\x1e'
11E8E149-C643-67B0-AF82-12DF17AE4E1E,2014-ncaa-d1-natl,ncaa,161,125,211,150,213,259,262,179,315,204,176,266,281,177,345,188,176,120,296,108,104,161,124,322,322,322,236,266,74,22,19,76,180,37,42,222,125,311,291,283,211,217,35,41,,,299,323,,,158,201,126,13,253,248,93,176,128,270,158,134,71,63,71,26,4,21,3,200,330,196,20,,332,,,157,36,13,114,11,70,264,9,4,10,26,4,308,333,12,331,306,184,175,7,11,18,130,6,343,258,180,123,19,182,42,7,36,176,196,32,310,290,186,190,,,190,262,,,158,150,289,30,156,67,35,183,126,323,7,12,318,339,339,284,275,302,192,259,17,149,321,227,,143,,,b'\x11\xe8\xe1I\xc6Cg\xb0\xaf\x82\x12\xdf\x17\xaeN\x1e'
11E8E149-C643-67B0-AF82-12DF17AE4E1E,2015-ncaa-d0-natl,ncaa,188,161,243,190,253,273,306,268,312,300,232,327,209,226,167,207,104,50,324,51,17,222,164,304,288,312,75,171,22,117,123,118,212,107,118,254,121,323,318,311,243,260,68,64,,,328,343,,,205,194,71,94,252,305,237,295,197,183,202,59,10,12,153,57,75,38,26,241,335,229,46,,344,,,205,64,43,113,30,120,222,53,4,28,3,19,292,335,3,335,323,180,178,9,15,35,85,4,337,264,212,145,123,210,118,22,34,177,185,50,296,299,25,41,,,84,48,,,205,155,306,55,203,124,81,195,188,305,8,38,315,344,343,302,307,314,227,282,36,138,320,34,,14,,,b'\x11\xe8\xe1I\xc6Cg\xb0\xaf\x82\x12\xdf\x17\xaeN\x1e'
11E8E149-C643-67B0-AF82-12DF17AE4E1E,2015-ncaa-d1-conf-SWAC,ncaa,3,3,1,3,1,3,4,4,7,5,4,9,1,1,1,3,3,2,6,2,3,3,2,4,4,3,1,1,4,3,6,1,6,1,5,2,1,6,4,3,8,9,1,1,,,9,8,,,3,2,9,2,5,6,6,9,7,1,2,4,3,3,4,5,5,2,1,3,4,9,1,,8,,,3,7,5,9,2,6,10,3,4,7,1,4,9,9,2,9,7,10,9,2,2,3,7,2,7,10,6,10,6,10,5,4,1,5,9,4,8,5,3,3,,,3,4,,,3,9,4,3,3,3,4,6,4,7,2,5,7,9,9,8,6,7,6,7,1,9,4,3,,4,,,b'\x11\xe8\xe1I\xc6Cg\xb0\xaf\x82\x12\xdf\x17\xaeN\x1e'
11E8E149-C643-67B0-AF82-12DF17AE4E1E,2015-ncaa-d1-natl,ncaa,142,160,97,166,106,190,252,177,294,239,154,321,188,198,143,228,48,15,320,16,16,117,69,286,268,305,89,188,17,65,110,43,208,41,112,193,116,344,328,307,207,257,43,62,,,346,344,,,192,69,61,109,241,299,245,277,189,189,220,43,9,10,154,50,72,29,20,229,338,232,41,,344,,,192,141,96,241,25,217,292,52,7,65,2,25,327,347,1,347,328,299,296,8,12,24,88,4,337,319,208,254,110,298,112,31,32,113,170,40,334,294,38,33,,,35,51,,,192,287,300,40,189,114,73,196,186,297,8,47,317,345,344,304,316,314,211,272,32,123,318,33,,19,,,b'\x11\xe8\xe1I\xc6Cg\xb0\xaf\x82\x12\xdf\x17\xaeN\x1e'
11E8E149-C643-67B0-AF82-12DF17AE4E1E,2015-ncaa-d1-ncaatournament,ncaa,33,2,33,33,33,58,58,57,55,58,50,61,38,52,17,26,57,55,45,55,56,56,38,52,53,59,11,7,53,35,21,58,49,52,47,57,45,46,63,63,45,36,41,46,,,25,51,,,61,37,9,4,58,57,50,58,42,16,28,57,55,55,53,8,12,58,50,57,64,26,32,,54,,,62,30,28,19,59,26,31,50,9,3,54,2,34,30,62,29,48,23,25,56,58,60,23,11,57,14,49,8,21,12,47,30,57,42,31,50,46,63,19,48,,,60,62,,,61,26,60,59,61,62,59,32,58,59,15,3,58,56,56,47,50,28,27,28,60,24,62,40,,60,,,b'\x11\xe8\xe1I\xc6Cg\xb0\xaf\x82\x12\xdf\x17\xaeN\x1e'
11E8E149-C643-67B0-AF82-12DF17AE4E1E,2016-ncaa-d0-natl,ncaa,119,87,175,109,205,195,241,268,210,218,244,164,258,218,301,210,28,17,205,15,6,212,160,242,180,226,133,265,3,152,129,71,76,96,60,195,87,307,306,265,222,242,51,57,,,344,348,,,127,165,107,135,190,265,284,226,247,259,206,11,5,5,201,120,149,23,45,193,318,218,39,,348,,,125,67,30,110,22,114,255,16,2,5,5,3,344,349,42,349,334,190,204,10,23,27,115,1,349,160,76,107,129,116,60,7,8,146,156,12,298,296,55,98,,,105,65,,,127,207,220,28,117,85,28,111,144,297,3,9,345,349,349,230,263,176,121,135,7,128,300,73,,53,,,b'\x11\xe8\xe1I\xc6Cg\xb0\xaf\x82\x12\xdf\x17\xaeN\x1e'
11E8E149-C643-67B0-AF82-12DF17AE4E1E,2016-ncaa-d1-conf-SWAC,ncaa,1,1,1,1,1,1,3,4,4,4,6,3,1,1,4,2,1,1,3,1,1,4,3,3,1,1,1,2,2,3,3,1,1,1,1,2,2,6,5,4,7,7,1,1,,,10,10,,,3,3,8,1,1,5,7,6,8,1,1,1,1,1,5,5,4,1,2,3,5,7,2,,10,,,3,4,3,9,2,3,9,2,2,3,5,1,10,10,3,10,7,9,9,2,2,3,9,1,10,5,1,4,3,2,1,2,1,5,7,3,4,5,1,2,,,2,3,,,3,9,1,3,2,3,3,4,3,5,2,2,8,8,8,4,2,2,2,2,2,7,4,1,,3,,,b'\x11\xe8\xe1I\xc6Cg\xb0\xaf\x82\x12\xdf\x17\xaeN\x1e'
11E8E149-C643-67B0-AF82-12DF17AE4E1E,2016-ncaa-d1-natl,ncaa,114,87,142,104,172,197,257,270,214,228,244,175,250,209,289,205,27,13,217,11,5,207,158,237,177,221,120,256,4,156,138,59,74,85,61,195,84,324,308,264,227,248,50,61,,,345,349,,,137,158,115,134,198,273,296,231,250,253,205,10,5,4,209,129,157,25,49,195,316,226,43,,348,,,134,80,26,110,25,122,263,23,2,9,5,3,345,349,37,349,335,206,208,11,27,34,113,1,349,151,74,113,138,115,61,4,8,143,153,15,295,293,54,90,,,85,54,,,137,217,225,30,120,90,33,102,150,293,3,9,346,349,349,228,253,161,118,131,7,134,297,65,,49,,,b'\x11\xe8\xe1I\xc6Cg\xb0\xaf\x82\x12\xdf\x17\xaeN\x1e'
11E8E149-C643-67B0-AF82-12DF17AE4E1E,2016-ncaa-d1-ncaatournament,ncaa,33,2,33,33,33,61,62,55,61,64,52,64,38,52,20,29,41,44,19,44,20,55,51,60,60,62,1,5,5,52,56,53,55,56,61,56,5,17,50,55,60,62,50,52,,,24,50,,,61,48,22,1,61,62,52,64,48,25,36,27,36,30,53,46,48,52,56,55,41,59,45,,56,,,62,25,24,27,44,25,25,47,18,24,27,24,23,17,58,17,32,29,22,43,47,53,21,23,36,28,55,23,56,26,61,11,7,56,55,43,27,58,31,58,,,52,50,,,61,24,61,57,62,56,55,57,57,57,31,38,48,41,41,61,49,55,55,58,27,49,54,53,,50,,,b'\x11\xe8\xe1I\xc6Cg\xb0\xaf\x82\x12\xdf\x17\xaeN\x1e'
11E8E149-C643-67B0-AF82-12DF17AE4E1E,2017-ncaa-d0-natl,ncaa,197,184,234,205,240,280,325,285,324,274,245,292,325,252,348,231,33,28,161,31,8,233,173,329,305,320,143,311,2,79,37,231,286,153,119,282,143,332,335,325,211,202,228,228,,,334,347,,,269,203,130,42,280,323,274,264,209,326,235,7,4,7,195,47,42,179,74,282,342,180,217,,347,,,269,112,38,46,104,107,134,118,14,27,29,19,347,348,28,348,349,150,160,73,127,125,236,12,349,254,286,52,37,109,119,22,67,152,142,46,341,339,191,235,,,80,42,,,269,134,307,158,269,202,78,70,160,195,20,31,348,348,348,246,278,299,104,194,47,107,345,225,,15,,,b'\x11\xe8\xe1I\xc6Cg\xb0\xaf\x82\x12\xdf\x17\xaeN\x1e'
11E8E149-C643-67B0-AF82-12DF17AE4E1E,2017-ncaa-d1-conf-SWAC,ncaa,3,3,3,3,3,4,6,6,5,6,8,5,2,2,6,2,1,2,1,3,2,5,4,5,5,5,1,4,2,3,1,3,3,2,2,3,1,7,6,4,7,8,4,4,,,10,10,,,3,4,10,1,4,7,6,9,10,3,2,2,2,2,6,7,4,4,2,3,6,8,6,,7,,,3,4,1,3,3,1,1,3,3,6,3,6,10,10,6,10,10,7,6,3,3,4,10,3,10,4,3,1,1,2,2,1,1,7,6,1,10,8,7,7,,,3,2,,,3,5,2,4,3,2,1,1,1,1,3,5,10,10,10,2,3,3,2,2,1,8,7,6,,3,,,b'\x11\xe8\xe1I\xc6Cg\xb0\xaf\x82\x12\xdf\x17\xaeN\x1e'
11E8E149-C643-67B0-AF82-12DF17AE4E1E,2017-ncaa-d1-natl,ncaa,194,181,217,195,229,282,325,307,319,281,253,289,324,253,344,234,19,21,142,21,4,255,159,323,291,317,115,309,2,85,39,217,279,154,113,286,144,338,337,328,214,203,228,224,,,343,348,,,257,203,131,41,276,325,300,273,228,321,237,4,3,3,212,56,47,168,81,285,343,183,220,,347,,,257,114,30,39,94,104,124,110,14,26,33,20,347,348,25,347,349,150,163,63,114,116,245,13,349,254,279,37,39,103,113,23,70,146,130,38,344,340,180,235,,,65,28,,,257,139,305,144,258,192,67,69,140,181,23,36,348,348,348,238,270,291,88,174,46,102,346,212,,13,,,b'\x11\xe8\xe1I\xc6Cg\xb0\xaf\x82\x12\xdf\x17\xaeN\x1e'
11E8E149-C643-67B0-AF82-12DF17AE4E1E,2018-ncaa-d0-natl,ncaa,293,295,242,299,281,327,331,321,316,256,206,299,343,339,347,328,132,52,329,49,24,296,229,334,330,342,300,340,7,142,85,231,307,190,187,336,282,340,341,345,317,329,214,232,,,322,343,,,338,257,159,261,335,334,330,252,165,346,339,88,22,22,295,132,95,172,125,337,341,315,203,,341,,,337,186,128,131,182,211,203,199,55,66,89,44,328,340,15,340,330,198,135,144,164,245,141,31,327,305,307,69,85,155,187,68,53,287,303,213,344,343,116,145,,,104,40,,,338,94,340,296,339,264,210,214,273,274,68,88,336,342,342,301,252,328,122,230,108,274,343,154,,36,,,b'\x11\xe8\xe1I\xc6Cg\xb0\xaf\x82\x12\xdf\x17\xaeN\x1e'
11E8E149-C643-67B0-AF82-12DF17AE4E1E,2018-ncaa-d1-conf-SWAC,ncaa,7,8,5,8,7,8,7,10,4,7,9,3,10,10,10,9,6,7,7,6,3,10,8,6,6,7,9,10,3,7,3,6,5,7,5,9,7,6,9,10,10,10,7,5,,,7,10,,,9,8,10,5,9,9,10,7,8,10,10,6,4,3,10,10,5,5,6,10,7,10,6,,8,,,9,5,5,4,5,4,3,6,7,5,6,5,8,9,2,9,9,4,3,6,8,10,8,7,9,6,5,2,3,3,5,1,2,10,10,9,10,10,1,2,,,7,2,,,9,3,7,10,10,5,6,5,4,4,7,5,8,9,9,6,3,7,2,2,2,10,10,1,,6,,,b'\x11\xe8\xe1I\xc6Cg\xb0\xaf\x82\x12\xdf\x17\xaeN\x1e'
11E8E149-C643-67B0-AF82-12DF17AE4E1E,2018-ncaa-d1-natl,ncaa,289,295,213,296,288,332,335,329,326,267,222,315,343,337,346,326,116,41,330,39,13,295,222,336,331,344,289,340,5,124,85,211,305,186,187,336,273,345,345,346,320,324,190,211,,,328,343,,,334,247,149,261,339,339,333,264,170,346,339,74,18,14,292,124,90,162,116,337,344,311,172,,342,,,335,200,143,130,176,221,215,188,40,59,77,38,331,340,16,340,329,225,152,127,153,235,133,26,326,313,305,73,85,170,187,60,46,281,295,206,346,345,110,144,,,84,32,,,334,95,341,285,336,262,205,208,273,278,63,83,337,342,341,301,253,329,131,232,101,265,346,145,,24,,,b'\x11\xe8\xe1I\xc6Cg\xb0\xaf\x82\x12\xdf\x17\xaeN\x1e'
11E8E149-C643-67B0-AF82-12DF17AE4E1E,2019-ncaa-d0-natl,ncaa,253,245,249,257,276,297,317,337,208,260,251,225,342,341,295,328,67,29,294,30,5,313,199,260,218,328,235,333,1,175,58,138,281,149,95,336,290,351,351,350,267,278,139,141,,,340,340,,,314,204,78,235,299,326,349,253,224,339,339,20,6,6,323,84,122,55,63,339,351,247,114,,344,,,312,182,102,181,67,113,185,71,110,164,75,123,336,342,56,339,336,244,199,58,85,169,282,100,340,314,281,16,58,98,95,123,162,275,298,218,350,349,256,289,,,66,20,,,314,149,327,221,310,258,158,286,171,273,146,213,344,346,346,337,313,339,31,187,156,245,348,291,,13,,,b'\x11\xe8\xe1I\xc6Cg\xb0\xaf\x82\x12\xdf\x17\xaeN\x1e'
11E8E149-C643-67B0-AF82-12DF17AE4E1E,2019-ncaa-d1-conf-SWAC,ncaa,6,6,5,6,7,5,5,10,4,5,9,4,9,9,4,8,3,2,5,2,1,9,6,4,4,5,5,8,1,5,3,3,4,3,1,7,8,10,10,9,8,9,4,3,,,8,9,,,6,6,7,7,5,6,10,5,9,9,9,3,2,2,10,7,5,1,1,7,10,9,3,,9,,,6,3,2,7,1,1,4,2,8,7,3,8,8,7,9,7,9,7,5,1,2,6,10,8,9,4,4,1,3,1,1,2,3,9,10,8,7,9,6,7,,,4,1,,,6,5,5,6,6,5,3,7,2,5,7,9,10,9,9,7,4,6,1,2,4,9,9,7,,2,,,b'\x11\xe8\xe1I\xc6Cg\xb0\xaf\x82\x12\xdf\x17\xaeN\x1e'
11E8E149-C643-67B0-AF82-12DF17AE4E1E,2019-ncaa-d1-natl,ncaa,252,245,233,254,282,294,325,347,209,268,255,236,342,344,286,332,52,22,297,23,5,325,198,264,220,329,230,333,1,175,59,136,295,144,103,337,298,351,351,350,268,277,150,157,,,337,340,,,321,212,84,245,300,330,350,255,228,339,342,20,5,5,325,92,121,57,64,341,351,249,126,,345,,,320,195,104,190,72,119,188,76,115,166,91,118,335,341,58,340,335,257,203,62,91,175,280,100,336,327,295,9,59,103,103,120,157,273,297,217,349,350,261,296,,,55,16,,,321,143,327,234,317,263,167,287,182,278,150,209,344,346,346,339,314,339,35,192,161,245,348,289,,12,,,b'\x11\xe8\xe1I\xc6Cg\xb0\xaf\x82\x12\xdf\x17\xaeN\x1e'
11E8E149-C643-67B0-AF82-12DF17AE4E1E,2020-ncaa-d0-natl,ncaa,308,289,260,308,288,289,336,315,321,284,231,306,324,303,335,295,11,3,314,3,4,239,176,333,307,323,147,320,1,126,95,332,331,289,260,313,184,324,333,334,215,226,180,196,,,328,334,,,333,186,48,160,258,336,296,258,182,322,288,7,1,3,163,42,82,332,262,297,337,184,164,,342,,,333,292,261,137,323,267,226,258,184,62,349,42,333,343,39,342,316,206,194,318,319,316,189,115,289,256,331,86,95,139,260,240,183,185,205,236,309,312,322,333,,,2,1,,,333,167,318,323,331,335,311,241,312,304,225,78,341,345,345,309,315,298,150,231,283,146,327,335,,2,,,b'\x11\xe8\xe1I\xc6Cg\xb0\xaf\x82\x12\xdf\x17\xaeN\x1e'
11E8E149-C643-67B0-AF82-12DF17AE4E1E,2020-ncaa-d1-conf-SWAC,ncaa,7,7,1,7,2,7,9,8,8,10,9,7,6,3,8,4,1,1,6,1,1,7,5,7,7,7,1,5,1,8,8,7,7,7,7,9,4,7,8,9,9,10,3,3,,,8,8,,,8,5,7,2,8,10,9,10,10,6,4,1,1,1,8,6,8,8,8,10,7,10,3,,8,,,8,8,6,7,6,6,8,6,7,6,8,4,10,10,10,10,7,9,5,7,7,8,9,7,8,5,7,6,8,6,7,6,5,10,10,8,6,6,10,10,,,1,1,,,8,6,7,8,8,7,6,7,6,8,6,5,10,10,10,8,4,5,5,5,6,10,6,10,,1,,,b'\x11\xe8\xe1I\xc6Cg\xb0\xaf\x82\x12\xdf\x17\xaeN\x1e'
11E8E149-C643-67B0-AF82-12DF17AE4E1E,2020-ncaa-d1-natl,ncaa,289,289,128,291,193,242,318,279,315,239,165,306,319,303,335,305,5,1,300,1,4,166,73,329,293,315,153,321,1,90,89,309,332,236,257,290,191,339,332,331,192,232,144,192,,,343,331,,,334,76,49,161,246,331,298,244,169,324,298,5,1,1,149,42,78,321,241,294,337,193,150,,340,,,330,328,298,232,316,300,295,240,219,77,349,41,344,349,30,347,313,293,304,306,309,304,183,105,292,311,332,146,89,236,257,276,187,147,205,234,321,303,335,329,,,2,2,,,334,279,308,315,327,333,306,253,315,311,213,76,341,345,345,317,320,317,143,249,279,141,322,336,,2,,,b'\x11\xe8\xe1I\xc6Cg\xb0\xaf\x82\x12\xdf\x17\xaeN\x1e'
11E8E149-C643-67B0-AF82-12DF17AE4E1E,2021-ncaa-d0-natl,ncaa,60,20,219,24,239,152,175,241,38,156,200,74,199,264,26,289,39,30,197,31,8,208,200,50,35,74,136,263,13,177,52,186,200,177,48,132,89,197,245,156,197,195,103,121,,,196,266,,,51,204,45,223,39,92,225,76,138,187,269,4,3,3,113,53,97,74,59,68,276,159,88,,298,,,39,102,91,120,56,132,177,77,38,61,15,23,244,263,95,263,285,139,142,31,49,45,90,13,334,177,200,67,52,86,48,33,9,153,117,6,164,193,228,254,,,73,4,,,51,140,66,47,35,131,95,179,189,281,14,45,324,326,326,248,300,262,33,90,10,76,232,289,,4,,,b'\x11\xe8\xe1I\xc6Cg\xb0\xaf\x82\x12\xdf\x17\xaeN\x1e'
11E8E149-C643-67B0-AF82-12DF17AE4E1E,2021-ncaa-d1-conf-SWAC,ncaa,2,2,1,2,1,1,1,1,1,1,1,2,1,1,2,6,1,1,1,1,1,1,1,1,1,1,1,3,1,2,2,1,5,1,3,1,3,10,7,1,3,7,1,5,,,10,5,,,2,1,2,6,1,1,7,3,7,1,5,1,1,1,3,3,3,2,2,1,8,7,4,,5,,,2,10,10,10,2,10,10,3,8,9,2,8,10,10,9,10,7,10,10,2,3,3,7,4,10,10,5,9,2,10,3,4,1,2,5,2,9,6,10,10,,,1,2,,,2,10,1,3,2,6,5,8,5,7,5,8,10,7,7,8,8,8,2,6,1,5,8,10,,1,,,b'\x11\xe8\xe1I\xc6Cg\xb0\xaf\x82\x12\xdf\x17\xaeN\x1e'
11E8E149-C643-67B0-AF82-12DF17AE4E1E,2021-ncaa-d1-natl,ncaa,62,20,231,24,247,168,190,254,39,172,223,78,206,270,26,287,48,37,196,37,9,226,219,52,38,74,134,260,12,191,55,208,209,200,59,152,90,183,250,158,212,205,109,124,,,182,270,,,54,218,45,224,44,97,229,77,143,188,268,5,3,3,116,60,100,80,68,71,279,167,90,,300,,,40,95,83,107,62,125,159,84,36,56,16,22,240,255,98,256,287,122,124,31,54,49,89,12,336,166,209,62,55,82,59,29,9,167,120,6,157,198,219,261,,,84,3,,,54,125,67,54,37,138,101,180,197,283,15,44,327,328,328,248,298,263,32,92,10,77,236,292,,3,,,b'\x11\xe8\xe1I\xc6Cg\xb0\xaf\x82\x12\xdf\x17\xaeN\x1e'
11E8E149-C643-67B0-AF82-12DF17AE4E1E,2022-ncaa-d0-natl,ncaa,174,180,163,185,187,184,192,164,249,158,97,285,287,286,223,317,58,45,250,44,67,140,94,278,254,298,238,300,24,56,49,167,328,104,167,142,66,342,326,270,222,291,90,112,,,347,333,,,279,103,29,170,188,212,167,136,65,291,304,45,26,25,100,21,35,152,64,133,346,236,86,,351,,,277,279,197,239,118,205,242,132,148,196,94,114,350,354,141,353,339,280,281,113,159,174,269,88,348,346,328,155,49,264,167,163,135,107,177,107,341,311,342,332,,,72,125,,,279,259,272,231,277,299,206,276,220,274,155,199,355,353,353,339,339,346,150,287,164,90,340,348,,42,,,b'\x11\xe8\xe1I\xc6Cg\xb0\xaf\x82\x12\xdf\x17\xaeN\x1e'
11E8E149-C643-67B0-AF82-12DF17AE4E1E,2022-ncaa-d1-conf-SWAC,ncaa,2,3,2,3,3,3,2,3,4,3,3,4,5,10,2,9,5,4,7,4,7,3,2,4,4,4,8,8,7,3,2,2,4,2,3,1,2,10,7,4,8,9,4,4,,,12,11,,,3,3,5,4,3,3,6,3,4,6,9,5,4,4,6,4,4,5,3,1,8,9,5,,12,,,3,9,5,10,3,7,8,4,8,10,2,8,12,12,11,12,10,10,10,3,3,5,9,5,11,11,4,6,2,8,3,4,3,4,6,3,10,8,12,12,,,2,5,,,3,10,4,4,3,4,4,5,6,6,5,9,12,12,12,8,9,7,2,5,4,7,9,12,,4,,,b'\x11\xe8\xe1I\xc6Cg\xb0\xaf\x82\x12\xdf\x17\xaeN\x1e'
11E8E149-C643-67B0-AF82-12DF17AE4E1E,2022-ncaa-d1-natl,ncaa,176,180,146,186,175,193,203,171,245,146,80,282,288,293,230,319,57,40,242,37,66,138,79,283,257,304,248,306,21,58,48,162,329,102,166,135,66,346,329,283,232,291,86,108,,,347,338,,,280,98,32,170,193,226,177,128,63,296,308,42,27,26,110,22,37,158,59,130,346,233,81,,350,,,279,278,197,244,115,215,249,140,142,201,79,114,352,353,128,353,338,302,300,108,163,158,262,81,347,347,329,143,48,273,166,170,139,102,184,114,339,315,346,333,,,82,129,,,280,263,270,224,275,299,207,274,221,274,144,197,354,353,353,340,339,347,139,277,167,96,341,349,,47,,,b'\x11\xe8\xe1I\xc6Cg\xb0\xaf\x82\x12\xdf\x17\xaeN\x1e'
11E8E149-C643-67B0-AF82-12DF17AE4E1E,2023-ncaa-d0-natl,ncaa,181,160,236,183,238,224,255,299,188,199,219,188,299,301,274,287,70,79,139,81,45,259,214,215,176,227,213,310,13,222,140,304,352,289,270,258,230,295,318,302,231,251,143,167,,,176,181,,,300,215,159,28,202,247,302,169,175,301,295,30,36,37,236,133,191,307,282,253,322,212,124,,246,,,299,247,262,172,309,296,272,225,123,47,349,28,230,277,10,275,234,195,185,286,267,281,65,82,186,334,352,32,140,142,270,131,46,198,205,164,263,289,328,341,,,108,41,,,300,134,243,322,297,312,324,277,341,344,159,64,264,305,303,308,308,349,62,227,180,156,297,348,,47,,,b'\x11\xe8\xe1I\xc6Cg\xb0\xaf\x82\x12\xdf\x17\xaeN\x1e'
11E8E149-C643-67B0-AF82-12DF17AE4E1E,2023-ncaa-d1-conf-SWAC,ncaa,3,3,4,3,4,3,4,11,2,4,9,2,7,9,5,7,2,4,1,4,5,9,7,2,2,2,4,9,1,8,3,6,10,8,4,4,6,7,8,5,9,8,4,4,,,5,5,,,6,7,9,1,2,4,12,4,9,8,8,1,4,4,11,9,8,8,8,5,6,9,4,,5,,,6,10,10,8,11,11,10,8,9,2,11,2,7,5,10,5,5,7,9,11,11,11,4,9,4,9,10,2,3,2,4,5,1,7,8,6,6,7,9,9,,,3,2,,,6,7,2,11,7,10,10,7,10,9,10,2,7,5,5,5,6,10,2,3,5,9,6,9,,3,,,b'\x11\xe8\xe1I\xc6Cg\xb0\xaf\x82\x12\xdf\x17\xaeN\x1e'
11E8E149-C643-67B0-AF82-12DF17AE4E1E,2023-ncaa-d1-natl,ncaa,185,160,219,179,224,227,253,301,186,199,218,185,298,302,269,282,73,82,152,80,51,269,212,211,172,234,218,305,20,216,139,308,355,293,268,257,226,310,320,302,246,261,132,167,,,180,182,,,304,211,155,27,202,239,296,172,172,295,294,34,45,45,236,130,188,302,280,247,325,223,118,,239,,,303,275,285,188,317,309,284,237,128,49,349,28,246,286,17,282,238,221,195,297,284,298,63,79,194,333,355,37,139,147,268,129,42,204,218,182,283,305,328,339,,,108,47,,,304,142,246,330,304,320,325,279,345,345,161,64,270,309,305,313,307,346,63,226,175,173,306,343,,50,,,b'\x11\xe8\xe1I\xc6Cg\xb0\xaf\x82\x12\xdf\x17\xaeN\x1e'
11E8E149-C643-67B0-AF82-12DF17AE4E1E,2024-ncaa-d0-natl,ncaa,351,348,258,353,297,355,355,327,358,347,272,355,328,292,351,220,311,265,342,264,187,325,227,357,358,360,220,248,88,243,255,317,357,304,342,318,136,358,358,357,256,270,87,118,,,322,343,,,359,223,84,356,358,357,326,350,239,321,270,309,243,242,323,122,206,315,300,329,360,223,67,,350,,,359,259,216,147,273,289,272,236,27,26,151,7,352,353,116,353,330,225,188,216,261,308,87,6,347,340,357,201,255,286,342,256,257,252,273,288,360,360,303,342,,,276,278,,,359,134,360,335,359,334,303,258,339,342,45,33,355,357,357,330,316,355,289,341,305,203,360,333,,244,,,b'\x11\xe8\xe1I\xc6Cg\xb0\xaf\x82\x12\xdf\x17\xaeN\x1e'
11E8E149-C643-67B0-AF82-12DF17AE4E1E,2024-ncaa-d1-conf-SWAC,ncaa,11,11,9,11,12,12,12,12,12,12,12,12,10,6,11,2,12,12,11,12,11,12,12,12,12,12,4,4,12,10,10,9,7,9,11,12,6,12,12,12,12,11,3,3,,,5,10,,,12,12,10,12,12,12,11,12,12,9,5,12,12,12,11,10,10,8,8,12,12,12,3,,8,,,12,3,3,3,5,7,6,7,1,2,1,2,8,8,10,8,7,3,1,4,5,8,2,1,10,6,7,9,10,9,11,4,10,12,10,12,9,10,10,11,,,12,11,,,12,1,12,8,12,6,5,5,8,11,1,2,11,10,10,8,5,8,11,11,7,11,10,11,,12,,,b'\x11\xe8\xe1I\xc6Cg\xb0\xaf\x82\x12\xdf\x17\xaeN\x1e'
11E8E149-C643-67B0-AF82-12DF17AE4E1E,2024-ncaa-d1-natl,ncaa,357,350,320,357,347,360,359,352,361,356,308,360,337,310,353,226,326,288,342,288,185,351,285,359,361,362,217,246,82,280,270,339,360,337,350,344,141,359,360,360,286,282,97,124,,,312,348,,,362,278,88,358,360,360,332,353,244,327,276,311,247,249,330,137,221,322,314,340,362,243,70,,352,,,361,250,192,109,290,279,252,253,20,16,167,5,350,352,126,352,332,188,133,231,271,319,85,6,347,335,360,168,270,265,350,242,262,290,289,298,362,362,299,347,,,308,275,,,362,79,362,342,362,341,309,267,343,344,45,32,357,359,359,332,315,356,298,345,308,217,362,340,,248,,,b'\x11\xe8\xe1I\xc6Cg\xb0\xaf\x82\x12\xdf\x17\xaeN\x1e'
11E8E149-C643-67B0-AF82-12DF17AE4E1E,2025-ncaa-d0-natl,genius_ncaa,341,332,301,343,326,358,361,332,362,352,262,362,345,317,361,270,271,274,207,276,220,336,287,362,362,362,202,298,18,143,128,330,351,274,306,359,277,340,355,359,266,245,253,229,,,160,248,,93,362,316,196,259,361,362,298,350,185,344,298,234,227,239,305,148,77,303,208,359,356,214,217,,269,,136,361,185,163,94,295,152,83,293,213,163,272,218,215,264,26,261,300,112,98,309,298,305,235,213,226,295,351,142,128,211,306,268,313,254,217,299,352,358,229,294,,,308,268,,170,362,56,362,334,361,313,299,240,272,186,289,263,288,323,319,283,287,346,280,325,337,172,358,300,,241,,132,b'\x11\xe8\xe1I\xc6Cg\xb0\xaf\x82\x12\xdf\x17\xaeN\x1e'
11E8E149-C643-67B0-AF82-12DF17AE4E1E,2025-ncaa-d1-conf-SWAC,genius_ncaa,11,11,11,11,12,12,12,11,12,12,11,12,9,7,10,5,11,11,2,11,11,11,12,12,12,12,5,5,5,6,5,9,7,8,7,12,9,4,8,12,12,10,9,9,,,2,6,,3,9,12,11,6,12,12,6,12,7,7,5,10,11,11,8,7,5,5,5,12,8,10,9,,4,,5,11,3,4,2,8,2,3,9,9,8,8,11,2,2,9,2,3,2,1,9,8,9,6,11,3,5,7,3,5,3,7,6,7,12,9,11,4,10,6,7,,,11,9,,5,9,1,12,9,11,9,8,8,5,5,11,11,2,2,2,8,5,6,10,9,9,10,10,6,,8,,4,b'\x11\xe8\xe1I\xc6Cg\xb0\xaf\x82\x12\xdf\x17\xaeN\x1e'
11E8E149-C643-67B0-AF82-12DF17AE4E1E,2025-ncaa-d1-natl,genius_ncaa,331,332,244,336,286,357,361,311,362,342,224,362,348,312,362,274,233,223,224,227,183,306,238,362,362,362,210,311,10,114,123,304,346,243,302,358,282,347,354,359,243,248,241,219,,,214,259,,157,361,267,195,259,361,362,304,347,178,348,302,204,184,192,302,140,66,302,200,360,354,215,219,,274,,194,362,227,203,140,290,178,100,301,260,233,267,248,240,288,23,287,315,171,163,306,298,297,260,246,218,312,346,198,123,265,302,300,313,215,202,294,356,357,229,272,,,242,230,,162,361,108,362,329,361,303,286,223,250,147,297,281,279,317,316,264,277,342,278,320,332,167,357,283,,206,,139,b'\x11\xe8\xe1I\xc6Cg\xb0\xaf\x82\x12\xdf\x17\xaeN\x1e'
11E8E149-C643-67B0-AF82-12DF17AE4E1E,2026-ncaa-d0-natl,genius_ncaa,332,198,354,332,356,363,363,357,360,361,345,362,359,360,299,315,363,361,363,360,347,358,356,359,363,363,334,216,342,334,228,350,351,353,333,363,356,71,349,362,345,304,318,268,,,34,302,,73,335,358,76,97,362,354,228,330,91,339,330,362,322,322,277,104,128,219,155,362,355,240,233,,344,,288,360,11,9,12,197,8,11,143,52,31,291,174,105,112,156,114,330,14,9,212,231,290,316,240,316,125,351,17,228,33,333,43,301,358,331,329,115,351,273,362,,,363,363,,324,335,8,363,335,359,343,305,347,264,312,327,307,353,357,357,359,349,361,340,360,328,281,355,362,,358,,218,b'\x11\xe8\xe1I\xc6Cg\xb0\xaf\x82\x12\xdf\x17\xaeN\x1e'
11E8E149-C643-67B0-AF82-12DF17AE4E1E,2026-ncaa-d1-natl,genius_ncaa,301,249,271,304,286,346,330,299,329,295,224,326,343,331,326,296,353,322,363,320,318,308,272,341,354,359,344,287,291,203,172,280,340,273,289,351,339,306,351,358,196,173,121,107,,,281,341,,279,331,281,37,100,342,300,188,235,85,335,300,344,266,265,208,53,93,159,122,343,358,110,68,,358,,330,337,143,102,114,129,88,152,71,150,81,301,86,275,316,52,318,322,148,126,148,154,188,291,184,323,304,340,135,172,197,289,141,245,238,229,213,313,345,343,353,,,360,363,,337,331,92,357,246,332,309,253,318,220,329,264,189,345,357,357,352,350,355,282,343,266,133,350,358,,356,,319,b'\x11\xe8\xe1I\xc6Cg\xb0\xaf\x82\x12\xdf\x17\xaeN\x1e'
11E8E149-C649-70A6-AF82-12DF17AE4E1E,2010-ncaa-d0-natl,ncaa,242,251,178,251,190,276,273,147,336,260,125,342,224,198,265,218,213,156,316,158,195,152,175,336,337,313,141,178,106,108,236,204,230,171,285,316,319,98,98,290,101,83,187,186,,,89,86,,,259,191,187,58,294,299,100,276,92,226,198,207,125,132,103,134,89,199,127,329,129,87,189,,104,,,258,99,84,138,97,124,141,115,99,136,83,148,202,175,266,169,197,136,153,91,115,99,174,120,260,193,230,329,236,307,285,80,136,154,128,83,251,245,297,273,,,226,252,,,259,143,304,110,260,123,100,151,138,172,103,149,223,199,197,163,188,232,336,326,108,127,259,310,,212,,,b'\x11\xe8\xe1I\xc6Ip\xa6\xaf\x82\x12\xdf\x17\xaeN\x1e'
11E8E149-C649-70A6-AF82-12DF17AE4E1E,2010-ncaa-d1-conf-America East,ncaa,7,7,6,7,6,7,8,4,9,8,3,9,7,7,6,6,6,4,9,4,4,5,5,9,9,9,4,5,2,1,6,7,8,5,6,9,8,4,4,9,4,3,5,5,,,3,3,,,7,6,3,1,7,8,1,8,2,7,6,5,2,2,1,1,1,6,3,9,6,3,5,,5,,,7,5,3,5,4,8,6,4,3,2,4,2,7,6,8,6,5,6,4,4,4,5,2,3,8,6,8,8,6,8,6,4,6,5,5,5,9,8,8,9,,,6,5,,,7,4,8,5,6,7,5,7,8,9,3,4,9,8,8,7,8,8,8,9,5,4,9,9,,3,,,b'\x11\xe8\xe1I\xc6Ip\xa6\xaf\x82\x12\xdf\x17\xaeN\x1e'
11E8E149-C649-70A6-AF82-12DF17AE4E1E,2010-ncaa-d1-natl,ncaa,250,251,191,257,205,290,292,162,337,280,137,342,232,214,265,219,223,164,316,166,195,167,196,337,337,317,139,181,102,117,240,227,235,186,288,327,319,83,103,294,116,84,199,189,,,73,87,,,266,216,190,55,296,304,104,280,95,230,200,205,127,132,107,138,92,202,129,332,129,91,191,,104,,,264,78,71,121,106,108,129,120,90,121,88,148,191,163,267,158,196,119,133,97,121,108,174,120,259,173,235,327,240,302,288,72,137,171,134,94,244,248,295,277,,,240,248,,,266,118,308,118,268,126,101,155,141,175,105,144,227,199,197,165,189,234,336,329,110,133,262,310,,213,,,b'\x11\xe8\xe1I\xc6Ip\xa6\xaf\x82\x12\xdf\x17\xaeN\x1e'
11E8E149-C649-70A6-AF82-12DF17AE4E1E,2011-ncaa-d0-natl,ncaa,153,134,170,148,206,284,286,204,328,286,239,304,219,119,333,93,229,203,241,202,136,205,234,325,325,294,114,137,116,79,77,292,195,201,173,326,330,71,117,294,126,68,303,288,,,114,228,,,189,288,307,177,301,306,191,298,252,210,100,224,197,196,206,247,52,311,201,336,88,98,304,,141,,,188,28,26,27,142,21,28,88,135,76,308,176,85,88,121,94,211,21,56,176,163,78,257,240,190,72,195,179,77,122,173,85,250,97,28,68,78,113,138,190,,,222,181,,,189,59,256,72,189,39,35,10,28,27,147,87,101,105,110,11,33,82,218,152,104,79,95,155,,228,,,b'\x11\xe8\xe1I\xc6Ip\xa6\xaf\x82\x12\xdf\x17\xaeN\x1e'
11E8E149-C649-70A6-AF82-12DF17AE4E1E,2011-ncaa-d1-conf-America East,ncaa,5,5,6,5,8,7,7,5,7,6,6,6,6,4,8,4,2,3,3,2,2,5,7,7,5,5,6,6,2,2,1,9,9,8,3,9,9,1,2,7,3,1,7,7,,,3,6,,,5,9,7,5,6,7,3,5,5,5,3,1,2,1,3,4,1,9,5,9,3,2,7,,6,,,5,2,2,1,8,2,1,6,4,1,8,4,3,3,6,3,7,1,1,8,8,5,6,7,5,1,9,1,1,1,3,5,8,4,1,4,3,3,7,8,,,5,3,,,5,1,4,5,5,5,4,1,2,1,5,2,3,3,3,1,2,3,3,2,6,2,4,7,,4,,,b'\x11\xe8\xe1I\xc6Ip\xa6\xaf\x82\x12\xdf\x17\xaeN\x1e'
11E8E149-C649-70A6-AF82-12DF17AE4E1E,2011-ncaa-d1-natl,ncaa,159,133,199,153,238,295,296,230,332,302,268,308,227,133,333,91,245,219,237,217,133,232,267,325,324,297,109,134,113,89,80,307,196,227,184,334,330,60,117,295,138,75,308,289,,,96,230,,,199,310,308,168,304,309,196,300,254,210,103,229,201,200,207,251,53,313,208,337,89,104,305,,138,,,200,17,11,12,146,15,19,92,122,68,310,174,74,76,123,81,213,9,35,178,165,85,254,236,191,51,196,159,80,92,184,71,250,113,31,69,70,116,130,195,,,247,182,,,199,34,260,78,197,42,36,10,29,28,147,87,102,104,112,11,32,85,220,155,106,85,95,164,,227,,,b'\x11\xe8\xe1I\xc6Ip\xa6\xaf\x82\x12\xdf\x17\xaeN\x1e'
11E8E149-C649-70A6-AF82-12DF17AE4E1E,2012-ncaa-d0-natl,ncaa,44,54,48,59,74,152,171,101,282,168,89,306,166,176,144,229,81,35,318,36,70,84,91,276,275,240,116,174,67,24,34,198,198,72,90,189,187,148,94,181,23,13,160,142,,,286,304,,,88,147,302,262,243,269,202,245,166,194,224,128,53,56,172,221,30,298,151,257,85,30,199,,231,,,91,68,45,85,69,54,103,52,121,107,176,146,202,208,143,211,265,98,188,76,94,33,259,180,284,169,198,213,34,197,90,130,272,31,23,36,48,34,164,107,,,74,124,,,88,192,163,32,83,18,9,8,13,20,83,60,140,143,145,9,34,96,104,85,73,57,28,110,,155,,,b'\x11\xe8\xe1I\xc6Ip\xa6\xaf\x82\x12\xdf\x17\xaeN\x1e'
11E8E149-C649-70A6-AF82-12DF17AE4E1E,2012-ncaa-d1-conf-America East,ncaa,1,1,1,1,1,2,2,3,4,2,2,6,4,6,2,7,1,1,6,1,1,2,2,4,5,4,3,5,2,1,1,6,9,1,1,4,6,7,4,5,1,1,3,2,,,8,8,,,2,2,6,4,3,6,5,3,4,4,6,2,1,1,4,4,2,7,3,6,5,1,3,,7,,,2,3,3,4,2,2,3,2,6,7,5,7,5,5,3,5,6,3,8,2,2,2,9,7,7,8,9,4,1,4,1,6,8,1,1,1,3,2,8,7,,,1,2,,,2,8,3,1,2,1,1,2,1,1,4,3,3,3,3,2,4,5,1,2,4,1,3,7,,1,,,b'\x11\xe8\xe1I\xc6Ip\xa6\xaf\x82\x12\xdf\x17\xaeN\x1e'
11E8E149-C649-70A6-AF82-12DF17AE4E1E,2012-ncaa-d1-natl,ncaa,50,54,55,59,83,174,194,118,289,187,100,308,170,183,146,227,87,36,316,38,66,98,103,281,278,249,111,170,60,26,37,231,205,86,100,210,192,129,97,189,27,13,169,144,,,278,306,,,92,179,303,262,251,279,209,255,170,199,223,129,53,57,176,223,32,300,156,263,84,30,202,,233,,,95,53,34,57,73,45,77,58,109,91,178,139,191,192,146,194,265,69,156,81,100,37,257,177,285,153,205,194,37,176,100,114,273,36,23,43,41,36,154,111,,,87,119,,,92,160,167,38,90,20,9,8,15,19,86,59,145,146,146,9,35,99,106,88,76,63,29,112,,154,,,b'\x11\xe8\xe1I\xc6Ip\xa6\xaf\x82\x12\xdf\x17\xaeN\x1e'
11E8E149-C649-70A6-AF82-12DF17AE4E1E,2012-ncaa-d1-ncaatournament,ncaa,33,2,33,33,34,56,51,44,53,46,38,57,55,61,35,59,54,46,62,44,43,42,36,54,60,63,56,41,50,29,2,45,15,33,2,56,50,33,61,60,40,26,40,39,,,23,52,,,52,43,18,5,55,49,23,42,9,51,59,53,36,33,26,4,2,26,1,55,63,25,23,,50,,,54,11,19,15,49,12,22,24,24,8,62,16,4,14,1,14,32,15,18,52,34,32,33,52,8,9,15,4,2,7,2,11,19,42,29,26,24,49,37,59,,,44,51,,,52,25,59,28,52,34,48,27,31,43,50,14,7,32,35,30,36,16,12,12,28,24,52,58,,34,,,b'\x11\xe8\xe1I\xc6Ip\xa6\xaf\x82\x12\xdf\x17\xaeN\x1e'
11E8E149-C649-70A6-AF82-12DF17AE4E1E,2013-ncaa-d0-natl,ncaa,19,8,120,13,141,100,94,210,15,84,172,25,160,231,29,224,102,70,250,72,60,178,177,24,28,47,212,200,173,89,12,97,24,84,7,63,73,190,192,78,21,4,239,174,,,207,282,,,10,211,275,108,75,68,251,71,191,159,235,94,69,71,215,218,83,73,58,41,181,15,246,,205,,,9,4,3,36,5,3,17,9,110,202,27,292,97,143,12,142,285,37,103,6,6,3,318,277,274,33,24,6,12,3,7,16,195,56,14,9,105,111,96,109,,,103,66,,,10,140,30,3,7,3,3,12,2,8,106,198,86,145,142,12,51,29,4,3,14,50,101,102,,99,,,b'\x11\xe8\xe1I\xc6Ip\xa6\xaf\x82\x12\xdf\x17\xaeN\x1e'
11E8E149-C649-70A6-AF82-12DF17AE4E1E,2013-ncaa-d1-conf-America East,ncaa,1,1,2,1,2,1,1,2,1,1,2,1,2,7,1,8,1,1,2,1,1,2,2,1,1,1,7,8,2,3,1,1,1,1,1,1,2,8,5,2,1,1,6,5,,,7,6,,,1,2,5,1,1,1,5,1,3,3,7,1,1,1,1,3,3,1,1,1,7,1,5,,5,,,1,2,2,4,1,2,3,1,4,7,1,7,4,5,2,5,7,4,7,1,1,1,7,7,7,1,1,1,1,1,1,2,6,2,2,2,6,4,6,5,,,1,2,,,1,8,1,1,1,1,1,2,1,1,3,6,4,5,5,2,5,1,1,1,2,2,4,5,,1,,,b'\x11\xe8\xe1I\xc6Ip\xa6\xaf\x82\x12\xdf\x17\xaeN\x1e'
11E8E149-C649-70A6-AF82-12DF17AE4E1E,2013-ncaa-d1-natl,ncaa,19,8,136,13,163,110,103,232,16,95,195,25,169,234,29,224,113,83,252,86,59,203,204,24,28,47,207,199,171,99,12,108,25,98,7,69,74,174,194,80,26,4,246,175,,,193,282,,,11,243,276,97,75,73,258,74,195,159,236,95,69,70,219,221,88,75,64,44,184,17,249,,207,,,9,1,1,21,5,2,12,9,103,193,28,290,85,130,13,130,285,20,76,6,7,3,317,275,276,25,25,2,12,1,7,12,199,67,18,10,98,115,92,116,,,115,60,,,11,108,30,3,7,3,2,13,2,8,109,201,86,145,143,12,49,29,4,3,15,53,103,99,,100,,,b'\x11\xe8\xe1I\xc6Ip\xa6\xaf\x82\x12\xdf\x17\xaeN\x1e'
11E8E149-C649-70A6-AF82-12DF17AE4E1E,2013-ncaa-d1-ncaatournament,ncaa,33,2,33,33,35,46,54,49,57,55,57,52,47,31,55,12,36,32,46,32,5,46,39,57,52,54,14,30,6,30,8,44,51,36,22,37,1,29,58,46,46,37,57,56,,,27,55,,,28,41,27,7,42,54,30,54,53,36,9,15,10,13,24,7,5,33,11,19,61,35,55,,56,,,30,2,1,10,9,4,8,13,12,23,11,39,26,37,10,34,61,15,24,6,12,4,50,23,63,28,51,7,8,16,22,1,3,33,7,1,27,48,50,63,,,32,4,,,28,18,51,5,33,7,1,13,10,13,17,35,51,59,57,27,47,50,32,40,1,5,54,63,,1,,,b'\x11\xe8\xe1I\xc6Ip\xa6\xaf\x82\x12\xdf\x17\xaeN\x1e'
11E8E149-C649-70A6-AF82-12DF17AE4E1E,2014-ncaa-d0-natl,ncaa,15,5,53,12,81,66,36,146,7,14,49,9,314,323,215,336,71,61,254,53,151,117,98,22,29,58,341,338,173,60,3,111,45,75,5,39,100,293,249,110,19,5,239,184,,,258,288,,,11,118,282,270,81,39,272,13,93,325,337,113,82,76,234,208,86,203,130,44,232,18,266,,181,,,11,27,17,91,19,7,19,44,206,270,57,329,126,111,247,110,244,76,181,34,45,12,332,304,249,58,45,8,3,8,5,172,339,28,8,36,257,196,249,140,,,58,82,,,11,214,32,9,10,6,2,7,2,2,157,231,81,69,69,3,26,22,1,1,105,42,193,199,,108,,,b'\x11\xe8\xe1I\xc6Ip\xa6\xaf\x82\x12\xdf\x17\xaeN\x1e'
11E8E149-C649-70A6-AF82-12DF17AE4E1E,2014-ncaa-d1-conf-America East,ncaa,1,1,1,1,2,1,1,1,1,1,1,1,8,9,5,9,2,1,8,1,5,1,1,1,1,2,9,9,5,1,1,2,2,1,1,1,8,7,6,3,1,1,3,2,,,8,8,,,1,1,3,7,1,1,3,1,1,9,9,2,1,1,2,3,1,2,1,2,6,1,4,,8,,,1,1,1,3,1,1,2,1,4,6,3,7,6,6,5,6,8,2,9,1,1,1,8,8,7,4,2,1,1,1,1,4,7,1,1,1,5,2,9,5,,,1,5,,,1,9,1,1,1,1,1,1,1,1,3,3,4,5,5,1,4,2,1,1,1,1,3,8,,1,,,b'\x11\xe8\xe1I\xc6Ip\xa6\xaf\x82\x12\xdf\x17\xaeN\x1e'
11E8E149-C649-70A6-AF82-12DF17AE4E1E,2014-ncaa-d1-natl,ncaa,16,5,59,12,93,77,39,171,7,16,57,11,317,330,216,336,82,68,256,64,151,139,119,24,30,60,340,338,170,65,3,131,46,89,5,43,104,281,252,111,22,5,250,189,,,241,290,,,11,147,283,273,84,42,274,14,93,325,337,116,87,80,237,213,87,212,138,46,234,22,268,,186,,,11,18,9,60,21,5,12,45,198,262,60,330,117,99,252,100,241,57,146,34,48,12,332,303,247,49,46,5,3,4,5,153,339,32,10,39,238,198,240,145,,,72,80,,,11,183,33,9,10,7,4,5,2,2,155,232,83,69,69,3,27,22,1,1,107,46,193,207,,109,,,b'\x11\xe8\xe1I\xc6Ip\xa6\xaf\x82\x12\xdf\x17\xaeN\x1e'
11E8E149-C649-70A6-AF82-12DF17AE4E1E,2014-ncaa-d1-ncaatournament,ncaa,33,2,33,33,34,42,41,60,13,34,43,14,64,64,58,63,37,32,60,32,5,52,48,22,31,39,62,64,17,50,47,38,28,46,37,43,39,24,49,39,47,43,54,54,,,30,62,,,44,45,25,3,37,33,60,10,28,64,64,23,5,5,48,43,50,32,43,35,41,36,53,,62,,,46,17,7,4,36,6,3,51,15,29,12,55,37,36,36,35,64,13,20,37,43,43,60,26,60,6,28,8,47,4,37,2,5,46,28,6,27,54,14,33,,,34,3,,,44,23,45,41,44,47,18,7,19,6,28,53,62,63,62,30,41,19,35,28,5,27,50,31,,2,,,b'\x11\xe8\xe1I\xc6Ip\xa6\xaf\x82\x12\xdf\x17\xaeN\x1e'
11E8E149-C649-70A6-AF82-12DF17AE4E1E,2015-ncaa-d0-natl,ncaa,33,37,48,34,73,52,42,142,6,12,25,14,343,344,250,345,32,34,135,32,152,113,87,26,16,50,344,347,68,82,14,199,59,131,17,38,100,276,222,88,12,3,326,303,,,291,309,,,17,100,272,283,76,35,282,8,35,347,345,38,37,37,234,227,137,306,254,40,200,18,337,,228,,,17,74,56,52,143,16,17,140,295,260,285,326,129,163,41,157,286,52,187,212,197,43,332,334,192,35,59,15,14,15,17,214,339,16,3,45,189,142,305,193,,,27,10,,,17,226,34,19,22,17,10,2,4,1,248,209,79,100,98,3,21,9,2,1,145,24,133,276,,24,,,b'\x11\xe8\xe1I\xc6Ip\xa6\xaf\x82\x12\xdf\x17\xaeN\x1e'
11E8E149-C649-70A6-AF82-12DF17AE4E1E,2015-ncaa-d1-conf-America East,ncaa,1,1,1,1,1,1,1,1,1,1,1,2,9,9,4,9,1,1,2,1,4,1,1,2,1,1,9,9,2,2,1,1,1,1,1,1,7,7,1,2,1,1,4,3,,,8,7,,,1,1,3,4,1,1,2,1,1,9,9,1,1,1,1,2,2,4,3,1,4,1,5,,6,,,1,3,3,6,1,2,2,1,9,8,6,9,5,6,1,6,7,4,7,4,3,1,9,9,4,4,1,2,1,2,1,5,9,1,1,1,3,1,8,6,,,1,1,,,1,9,1,1,1,2,2,2,1,1,9,8,3,4,3,2,3,2,1,1,4,1,2,8,,1,,,b'\x11\xe8\xe1I\xc6Ip\xa6\xaf\x82\x12\xdf\x17\xaeN\x1e'
11E8E149-C649-70A6-AF82-12DF17AE4E1E,2015-ncaa-d1-natl,ncaa,36,37,55,39,91,62,49,179,6,13,29,14,345,345,251,345,34,37,133,37,145,136,111,29,19,55,344,347,64,99,15,227,60,162,19,41,101,259,226,91,16,3,331,305,,,279,310,,,20,132,274,285,83,36,291,8,39,347,345,40,41,41,244,232,148,309,263,45,202,22,338,,229,,,19,49,40,28,158,7,7,146,289,245,292,327,109,141,44,140,288,29,145,227,206,49,333,334,189,21,60,5,15,4,19,200,338,21,3,47,172,147,302,200,,,30,9,,,20,192,38,23,22,17,10,2,4,1,250,209,81,104,101,3,21,9,2,1,149,27,134,275,,26,,,b'\x11\xe8\xe1I\xc6Ip\xa6\xaf\x82\x12\xdf\x17\xaeN\x1e'
11E8E149-C649-70A6-AF82-12DF17AE4E1E,2015-ncaa-d1-ncaatournament,ncaa,33,2,33,33,33,56,55,45,57,50,38,55,54,57,43,44,47,47,36,45,47,44,44,56,58,56,38,36,30,35,41,58,54,52,55,41,7,14,30,26,20,1,56,55,,,10,32,,,25,49,44,4,55,53,24,46,15,46,43,43,43,39,24,24,12,58,50,29,33,1,55,,30,,,25,2,2,2,36,1,3,11,23,9,63,30,2,4,1,3,32,2,13,44,31,3,49,62,9,20,54,27,41,27,55,6,45,27,1,2,17,41,46,61,,,53,52,,,25,8,56,2,31,3,3,2,2,4,44,12,4,18,16,2,21,39,58,58,23,1,39,64,,50,,,b'\x11\xe8\xe1I\xc6Ip\xa6\xaf\x82\x12\xdf\x17\xaeN\x1e'
11E8E149-C649-70A6-AF82-12DF17AE4E1E,2016-ncaa-d0-natl,ncaa,12,10,38,11,70,52,28,124,4,5,13,7,342,345,259,346,57,38,199,38,208,95,104,17,21,23,349,347,167,81,6,103,10,85,6,23,98,175,120,41,12,6,253,208,,,190,192,,,7,122,267,280,63,27,248,4,19,347,347,84,58,57,211,248,122,204,158,23,97,17,275,,106,,,8,48,34,84,36,4,24,21,293,276,278,334,75,61,262,72,178,66,177,81,85,20,345,343,154,7,10,8,6,5,6,235,344,22,9,66,66,50,127,22,,,62,67,,,7,235,17,8,5,12,7,7,2,3,252,231,42,29,33,5,25,3,2,1,163,28,37,81,,108,,,b'\x11\xe8\xe1I\xc6Ip\xa6\xaf\x82\x12\xdf\x17\xaeN\x1e'
11E8E149-C649-70A6-AF82-12DF17AE4E1E,2016-ncaa-d1-conf-America East,ncaa,1,1,1,1,1,1,1,1,1,1,1,1,9,9,4,9,1,1,6,1,5,1,1,1,1,1,9,9,5,1,1,1,1,1,1,1,4,3,1,2,1,1,5,5,,,8,6,,,1,1,3,7,1,1,1,1,1,9,9,1,1,1,1,1,1,1,1,1,2,1,5,,6,,,1,2,1,5,1,1,3,1,8,9,5,9,5,6,2,6,7,6,8,1,1,1,9,9,6,3,1,2,1,1,1,7,8,1,1,2,2,1,6,1,,,1,3,,,1,9,1,1,1,2,1,3,1,1,8,8,4,4,4,3,4,2,1,1,5,1,1,4,,1,,,b'\x11\xe8\xe1I\xc6Ip\xa6\xaf\x82\x12\xdf\x17\xaeN\x1e'
11E8E149-C649-70A6-AF82-12DF17AE4E1E,2016-ncaa-d1-natl,ncaa,14,10,51,13,91,63,31,154,4,5,19,7,342,346,261,346,66,47,200,46,205,124,141,17,21,25,348,347,160,94,6,133,10,104,6,27,100,150,128,42,17,7,262,211,,,161,196,,,8,162,273,282,68,29,254,4,20,347,347,83,57,56,219,250,127,215,165,25,98,20,275,,112,,,8,24,17,48,38,3,14,24,284,261,286,333,57,52,269,59,179,30,135,93,92,22,345,343,154,5,10,4,6,3,6,219,344,26,9,74,51,55,107,24,,,78,62,,,8,199,18,9,5,13,7,8,2,3,252,225,42,29,34,6,25,3,2,1,168,31,36,82,,114,,,b'\x11\xe8\xe1I\xc6Ip\xa6\xaf\x82\x12\xdf\x17\xaeN\x1e'
11E8E149-C649-70A6-AF82-12DF17AE4E1E,2016-ncaa-d1-ncaatournament,ncaa,17,2,17,17,17,27,27,30,25,21,21,28,56,56,52,64,18,17,47,17,7,26,21,33,31,40,58,63,9,26,36,25,42,26,34,24,21,52,58,52,12,13,41,47,,,47,41,,,40,19,11,1,34,40,57,16,23,63,64,12,5,5,46,27,44,29,42,26,60,5,55,,51,,,33,40,35,34,15,34,34,36,36,48,7,55,58,59,30,59,63,40,46,17,26,13,61,29,64,46,42,38,36,40,34,35,41,13,8,6,52,52,24,16,,,18,26,,,40,46,46,15,32,27,7,9,7,4,25,55,61,64,63,29,49,50,21,27,18,3,53,16,,23,,,b'\x11\xe8\xe1I\xc6Ip\xa6\xaf\x82\x12\xdf\x17\xaeN\x1e'
11E8E149-C649-70A6-AF82-12DF17AE4E1E,2017-ncaa-d0-natl,ncaa,93,97,74,102,75,109,74,74,96,47,43,110,238,232,220,272,212,213,195,205,327,92,42,137,164,236,325,284,284,29,16,182,195,89,60,57,82,346,317,220,26,26,61,43,,,319,291,,,136,56,115,17,143,77,100,44,40,260,261,272,266,264,133,38,37,272,121,55,334,23,69,,293,,,138,220,132,146,150,73,93,125,266,238,279,254,327,312,310,313,332,185,279,187,255,109,334,268,327,184,195,82,16,107,60,290,338,14,18,69,332,283,163,78,,,78,194,,,136,290,197,93,149,158,76,44,38,28,246,203,312,283,285,68,231,130,44,57,264,14,305,137,,97,,,b'\x11\xe8\xe1I\xc6Ip\xa6\xaf\x82\x12\xdf\x17\xaeN\x1e'
11E8E149-C649-70A6-AF82-12DF17AE4E1E,2017-ncaa-d1-conf-America East,ncaa,2,2,1,2,2,1,1,1,2,1,1,2,7,7,1,8,3,3,6,3,7,1,1,1,2,3,8,8,8,1,1,4,7,1,2,1,1,8,7,5,1,2,2,2,,,9,9,,,1,1,1,9,1,1,2,1,1,7,7,5,4,4,2,1,1,7,1,1,8,2,3,,9,,,1,8,5,8,3,3,3,4,7,7,6,7,9,9,9,9,9,9,9,4,6,2,8,6,9,8,7,3,1,5,2,6,8,1,2,1,8,6,4,2,,,1,4,,,1,9,1,3,2,5,2,4,2,3,6,5,9,9,9,5,9,5,1,2,6,1,8,3,,1,,,b'\x11\xe8\xe1I\xc6Ip\xa6\xaf\x82\x12\xdf\x17\xaeN\x1e'
11E8E149-C649-70A6-AF82-12DF17AE4E1E,2017-ncaa-d1-natl,ncaa,92,97,56,101,57,103,68,65,100,43,30,106,231,232,215,269,223,226,192,223,332,77,33,138,167,231,328,281,289,29,17,186,228,86,75,46,75,345,313,217,24,25,54,38,,,328,296,,,140,43,111,17,141,77,90,42,37,261,262,277,273,268,124,35,37,280,126,50,331,24,65,,299,,,145,243,135,155,156,98,108,127,256,232,281,230,331,321,313,320,329,199,296,186,262,109,329,252,329,219,228,107,17,141,75,299,341,13,19,73,329,280,172,81,,,78,207,,,140,297,201,95,153,163,80,46,45,37,236,187,320,294,294,73,239,154,53,65,270,16,305,141,,103,,,b'\x11\xe8\xe1I\xc6Ip\xa6\xaf\x82\x12\xdf\x17\xaeN\x1e'
11E8E149-C649-70A6-AF82-12DF17AE4E1E,2017-ncaa-d1-ncaatournament,ncaa,33,2,33,33,33,54,49,41,52,42,43,44,52,45,59,23,48,51,27,48,48,42,37,51,52,59,49,40,30,41,38,58,53,50,55,45,31,29,54,53,56,60,48,53,,,14,27,,,62,38,8,6,52,46,15,36,27,44,19,39,45,42,21,7,15,58,49,39,59,54,47,,34,,,62,33,32,27,63,30,17,63,41,32,55,50,26,23,55,23,46,27,26,64,64,64,43,47,28,17,53,20,38,21,55,43,62,56,58,62,35,58,30,53,,,55,57,,,62,26,59,64,61,63,63,56,59,29,63,59,51,47,47,58,57,34,52,52,63,52,60,51,,49,,,b'\x11\xe8\xe1I\xc6Ip\xa6\xaf\x82\x12\xdf\x17\xaeN\x1e'
11E8E149-C649-70A6-AF82-12DF17AE4E1E,2018-ncaa-d0-natl,ncaa,38,31,73,39,76,93,83,73,126,59,52,115,206,180,250,242,95,107,105,109,230,73,46,157,145,171,278,267,149,22,19,220,241,97,87,72,89,321,239,157,14,12,163,134,,,338,319,,,57,69,103,32,95,87,88,56,68,227,209,118,141,145,93,54,22,299,134,69,281,15,187,,324,,,57,119,82,85,107,82,106,118,114,120,150,146,304,301,129,301,319,128,276,115,157,22,273,151,318,197,241,125,19,149,87,211,328,2,4,18,296,217,183,103,,,30,96,,,57,284,123,19,58,60,32,16,35,29,91,82,262,277,278,39,239,146,68,89,167,4,266,164,,43,,,b'\x11\xe8\xe1I\xc6Ip\xa6\xaf\x82\x12\xdf\x17\xaeN\x1e'
11E8E149-C649-70A6-AF82-12DF17AE4E1E,2018-ncaa-d1-conf-America East,ncaa,2,2,3,2,3,3,3,3,3,1,1,3,7,7,7,8,1,1,4,1,4,2,2,4,4,4,7,8,3,1,1,6,8,2,2,3,3,8,4,3,2,2,2,2,,,9,9,,,2,2,1,2,1,1,1,1,1,7,7,1,1,1,1,1,1,8,2,1,7,2,2,,9,,,2,5,2,1,3,3,3,3,2,2,4,1,9,9,3,9,9,5,8,3,5,2,8,2,9,9,8,5,1,6,2,6,8,2,2,1,7,4,9,7,,,1,1,,,2,8,3,2,2,3,2,3,3,3,2,2,9,9,9,4,9,6,5,6,6,2,6,9,,1,,,b'\x11\xe8\xe1I\xc6Ip\xa6\xaf\x82\x12\xdf\x17\xaeN\x1e'
11E8E149-C649-70A6-AF82-12DF17AE4E1E,2018-ncaa-d1-natl,ncaa,45,31,97,43,99,103,99,90,132,68,61,122,221,197,254,243,110,137,101,141,230,93,59,166,152,185,276,268,141,31,23,256,245,131,100,81,90,309,244,164,21,13,175,138,,,328,323,,,65,90,106,30,102,97,90,59,71,226,212,121,147,148,95,56,28,307,146,77,284,18,191,,324,,,63,90,50,51,123,59,67,131,96,93,156,145,290,293,134,293,319,81,257,123,167,28,270,148,317,171,245,102,23,121,100,201,327,5,4,22,286,219,176,110,,,39,87,,,65,267,134,27,64,65,36,16,42,33,94,81,267,279,281,41,241,150,71,93,175,5,267,172,,45,,,b'\x11\xe8\xe1I\xc6Ip\xa6\xaf\x82\x12\xdf\x17\xaeN\x1e'
11E8E149-C649-70A6-AF82-12DF17AE4E1E,2019-ncaa-d0-natl,ncaa,200,224,114,217,124,281,231,259,183,189,186,192,269,276,225,238,339,305,343,308,320,277,253,208,262,281,308,234,328,170,98,220,201,193,130,169,74,279,310,215,211,186,148,122,,,101,156,,,233,282,339,53,326,282,323,223,219,279,284,347,319,320,335,321,174,269,242,171,253,223,155,,87,,,232,70,72,111,91,65,110,83,152,147,180,211,148,113,295,123,158,98,79,101,113,135,245,228,217,158,201,55,98,69,130,91,172,230,185,161,273,297,276,265,,,216,157,,,233,65,273,153,239,51,40,55,51,61,126,138,138,107,111,41,22,142,35,55,88,254,254,263,,248,,,b'\x11\xe8\xe1I\xc6Ip\xa6\xaf\x82\x12\xdf\x17\xaeN\x1e'
11E8E149-C649-70A6-AF82-12DF17AE4E1E,2019-ncaa-d1-conf-America East,ncaa,4,4,3,4,3,4,4,4,2,2,2,3,8,8,3,9,7,2,9,2,7,4,4,4,4,4,9,9,7,4,2,6,6,4,4,3,3,8,6,4,3,4,5,5,,,8,9,,,5,3,4,4,5,4,5,2,2,8,9,7,3,3,5,4,4,6,4,3,6,3,5,,8,,,5,7,4,6,4,3,6,2,6,4,6,4,9,9,8,9,9,7,7,4,5,5,8,5,9,7,6,3,2,3,4,2,2,3,5,3,7,6,8,5,,,1,1,,,5,7,4,5,4,5,3,6,2,5,5,4,9,9,9,6,6,3,2,3,3,5,6,8,,2,,,b'\x11\xe8\xe1I\xc6Ip\xa6\xaf\x82\x12\xdf\x17\xaeN\x1e'
11E8E149-C649-70A6-AF82-12DF17AE4E1E,2019-ncaa-d1-natl,ncaa,222,224,155,227,167,303,266,301,193,229,225,202,285,293,234,239,345,315,343,318,321,314,297,216,271,286,306,235,327,198,111,262,210,241,148,196,76,256,317,227,240,200,167,124,,,80,164,,,247,322,339,46,329,292,324,234,225,285,285,347,321,322,336,321,187,277,249,182,256,236,158,,91,,,247,44,47,65,101,48,74,90,127,117,197,206,122,95,294,100,161,49,39,110,125,155,244,227,213,123,210,25,111,37,148,73,174,264,201,179,250,307,261,273,,,253,150,,,247,28,276,171,256,56,50,55,53,63,129,133,142,110,113,43,23,145,38,56,95,263,256,270,,249,,,b'\x11\xe8\xe1I\xc6Ip\xa6\xaf\x82\x12\xdf\x17\xaeN\x1e'
11E8E149-C649-70A6-AF82-12DF17AE4E1E,2020-ncaa-d0-natl,ncaa,295,289,191,299,214,328,312,314,270,290,267,265,267,263,250,189,338,326,265,324,309,328,302,278,291,310,249,182,290,298,237,283,232,307,230,149,13,254,316,206,328,321,197,205,,,109,216,,,258,293,321,111,340,329,330,289,262,265,264,330,328,327,341,324,285,287,321,132,263,331,198,,134,,,260,45,61,109,73,158,207,103,22,59,11,62,94,90,222,85,75,96,43,48,51,94,24,36,199,158,232,50,237,69,230,84,144,309,275,231,191,255,233,267,,,295,213,,,258,41,320,116,275,52,80,129,175,226,19,55,116,103,95,104,33,177,67,84,84,305,202,234,,291,,,b'\x11\xe8\xe1I\xc6Ip\xa6\xaf\x82\x12\xdf\x17\xaeN\x1e'
11E8E149-C649-70A6-AF82-12DF17AE4E1E,2020-ncaa-d1-conf-America East,ncaa,8,8,5,8,5,9,9,9,8,9,8,7,7,7,6,6,7,6,7,6,3,9,8,6,7,8,5,5,5,7,7,7,9,8,6,4,1,8,9,6,7,7,3,3,,,6,7,,,7,7,8,3,9,9,9,9,8,7,7,6,6,6,9,8,7,8,7,2,8,7,3,,7,,,7,1,3,4,1,3,5,2,3,4,1,5,6,6,4,6,6,4,2,1,1,3,5,3,7,6,9,1,7,2,6,2,4,8,7,6,7,8,5,8,,,5,5,,,7,2,9,3,7,2,3,4,3,5,3,4,6,7,7,5,3,7,2,2,3,8,7,6,,5,,,b'\x11\xe8\xe1I\xc6Ip\xa6\xaf\x82\x12\xdf\x17\xaeN\x1e'
11E8E149-C649-70A6-AF82-12DF17AE4E1E,2020-ncaa-d1-natl,ncaa,289,289,128,291,168,324,312,310,262,283,255,264,267,263,241,195,326,324,264,321,305,327,303,269,285,306,243,185,286,286,235,272,225,301,215,133,13,259,312,196,325,318,186,197,,,121,220,,,241,297,322,110,340,327,328,285,258,268,274,325,325,321,343,323,281,280,317,130,262,323,180,,140,,,244,36,64,135,55,155,216,88,16,54,5,64,99,89,190,87,72,111,49,29,31,71,22,31,202,164,225,58,235,73,215,80,142,307,282,221,182,252,217,249,,,290,218,,,241,41,318,83,259,40,60,131,155,231,14,55,106,99,97,104,33,168,63,74,80,307,190,222,,291,,,b'\x11\xe8\xe1I\xc6Ip\xa6\xaf\x82\x12\xdf\x17\xaeN\x1e'
11E8E149-C649-70A6-AF82-12DF17AE4E1E,2021-ncaa-d0-natl,ncaa,225,165,273,219,281,308,306,303,265,296,299,273,294,296,238,211,310,310,273,310,284,305,298,262,284,308,241,193,245,306,226,292,133,303,160,288,83,121,323,284,287,202,195,138,,,44,147,,,259,295,340,224,335,327,343,310,292,289,293,326,322,321,343,342,307,303,326,274,267,262,135,,41,,,265,45,54,51,140,66,75,72,47,30,290,39,39,33,257,32,37,48,45,114,103,122,69,111,114,37,133,41,226,39,160,58,178,289,166,182,132,312,82,193,,,291,148,,,259,49,320,113,279,26,48,32,96,158,50,12,44,35,32,12,3,41,22,18,94,260,257,136,,285,,,b'\x11\xe8\xe1I\xc6Ip\xa6\xaf\x82\x12\xdf\x17\xaeN\x1e'
11E8E149-C649-70A6-AF82-12DF17AE4E1E,2021-ncaa-d1-conf-America East,ncaa,4,6,5,5,5,7,7,7,6,6,6,7,6,7,3,4,6,6,9,6,7,7,7,5,6,7,6,4,7,6,6,7,2,7,3,5,3,6,9,4,6,6,5,5,,,4,8,,,7,7,10,1,10,9,10,8,9,7,8,8,8,8,10,10,9,9,10,4,8,7,6,,3,,,6,4,4,4,7,5,5,4,5,4,10,2,5,4,10,4,1,4,4,7,7,7,5,4,8,3,2,4,6,4,3,4,4,7,7,6,6,9,6,4,,,7,4,,,7,4,9,6,7,4,3,2,3,5,4,2,4,3,3,2,1,2,2,2,5,10,8,4,,7,,,b'\x11\xe8\xe1I\xc6Ip\xa6\xaf\x82\x12\xdf\x17\xaeN\x1e'
11E8E149-C649-70A6-AF82-12DF17AE4E1E,2021-ncaa-d1-natl,ncaa,230,165,281,231,287,311,310,308,270,298,303,278,300,301,238,209,312,310,272,310,283,308,303,267,290,312,240,193,244,307,232,299,140,305,169,292,86,106,324,293,295,212,205,141,,,38,147,,,267,299,340,225,337,332,343,316,294,289,294,326,322,321,343,342,309,304,326,281,270,267,136,,42,,,274,41,51,47,149,59,68,76,44,25,293,34,37,31,257,31,36,42,40,120,111,134,67,110,112,34,140,35,232,33,169,56,178,293,172,189,124,317,73,204,,,297,139,,,267,44,323,120,287,27,48,33,103,161,51,11,44,35,32,11,3,43,23,18,99,269,262,139,,286,,,b'\x11\xe8\xe1I\xc6Ip\xa6\xaf\x82\x12\xdf\x17\xaeN\x1e'
11E8E149-C649-70A6-AF82-12DF17AE4E1E,2022-ncaa-d0-natl,ncaa,57,67,52,68,75,200,174,203,120,194,225,142,125,158,85,128,302,272,312,270,254,222,171,111,155,233,167,103,316,102,23,162,110,133,24,118,74,320,323,225,88,56,102,90,,,73,86,,,74,195,356,275,316,295,351,292,318,175,222,339,326,326,353,352,154,290,257,190,262,134,132,,23,,,77,35,63,131,57,100,184,47,58,74,85,115,11,18,47,16,23,99,137,46,21,8,65,142,49,112,110,16,23,34,24,61,132,90,51,40,328,327,245,269,,,216,244,,,74,152,200,10,69,2,8,11,24,58,22,25,3,5,4,1,1,47,1,2,17,155,268,178,,321,,,b'\x11\xe8\xe1I\xc6Ip\xa6\xaf\x82\x12\xdf\x17\xaeN\x1e'
11E8E149-C649-70A6-AF82-12DF17AE4E1E,2022-ncaa-d1-conf-America East,ncaa,2,3,1,3,2,4,3,3,4,4,5,4,2,2,2,3,6,6,10,6,6,4,2,2,4,4,3,4,9,2,1,2,2,1,1,3,3,9,7,5,2,2,3,3,,,3,2,,,4,4,10,5,6,5,10,8,10,3,4,8,7,7,10,10,5,6,3,4,6,2,3,,1,,,4,3,4,6,4,3,6,2,6,6,6,5,2,2,7,2,2,6,6,4,4,3,5,7,2,5,2,4,1,4,1,6,5,3,4,3,9,5,9,9,,,5,7,,,4,7,4,1,4,1,1,2,1,3,4,4,2,2,2,2,1,2,1,1,2,6,5,8,,7,,,b'\x11\xe8\xe1I\xc6Ip\xa6\xaf\x82\x12\xdf\x17\xaeN\x1e'
11E8E149-C649-70A6-AF82-12DF17AE4E1E,2022-ncaa-d1-natl,ncaa,48,67,32,68,61,198,183,202,129,206,221,160,119,152,63,129,289,272,294,269,245,220,165,109,147,223,150,100,301,91,21,155,108,120,19,121,72,319,319,218,82,50,93,94,,,57,73,,,66,200,356,275,314,300,350,303,317,166,221,333,318,315,352,351,151,287,250,194,255,139,127,,22,,,74,30,60,133,47,95,186,35,57,76,86,109,16,22,59,21,22,99,135,31,18,8,62,144,50,110,108,12,21,26,19,56,136,89,52,39,320,316,254,271,,,223,249,,,66,144,195,8,65,2,8,15,22,62,21,26,3,4,4,1,1,45,1,2,17,167,258,180,,322,,,b'\x11\xe8\xe1I\xc6Ip\xa6\xaf\x82\x12\xdf\x17\xaeN\x1e'
11E8E149-C649-70A6-AF82-12DF17AE4E1E,2022-ncaa-d1-ncaatournament,ncaa,37,2,37,37,38,60,55,66,27,51,66,19,52,56,48,25,64,65,1,65,64,68,58,29,30,57,51,39,54,62,47,57,43,66,49,59,48,39,68,65,44,26,49,50,,,2,17,,,60,50,30,5,59,53,66,43,62,45,45,63,65,65,68,45,55,54,65,53,68,26,43,,12,,,62,21,28,17,61,28,22,59,15,12,50,19,4,7,27,7,21,16,12,58,55,58,13,26,14,17,43,3,47,5,49,8,10,56,52,49,54,68,24,53,,,67,66,,,60,13,62,62,63,54,62,41,61,54,33,23,20,28,28,38,27,31,8,12,31,52,68,41,,67,,,b'\x11\xe8\xe1I\xc6Ip\xa6\xaf\x82\x12\xdf\x17\xaeN\x1e'
11E8E149-C649-70A6-AF82-12DF17AE4E1E,2023-ncaa-d0-natl,ncaa,59,91,29,87,41,168,154,167,143,161,164,179,150,179,89,170,223,234,132,234,264,181,168,143,149,159,181,151,250,170,160,74,156,102,90,164,202,222,232,191,238,261,149,184,,,82,53,,,113,168,361,272,297,273,346,268,293,201,253,308,324,322,352,358,260,169,234,254,108,306,195,,17,,,118,96,163,274,34,228,291,85,52,181,4,146,74,53,314,47,26,241,204,21,24,49,26,57,101,250,156,127,160,176,90,16,8,264,298,73,215,223,142,138,,,187,199,,,113,195,165,68,107,12,26,73,94,143,13,80,29,15,15,35,6,144,21,23,7,343,125,77,,317,,,b'\x11\xe8\xe1I\xc6Ip\xa6\xaf\x82\x12\xdf\x17\xaeN\x1e'
11E8E149-C649-70A6-AF82-12DF17AE4E1E,2023-ncaa-d1-conf-America East,ncaa,2,2,1,2,1,2,4,4,4,3,4,4,2,4,1,5,2,2,4,2,3,4,2,4,3,4,4,4,4,3,2,1,2,1,1,3,4,6,5,4,4,4,2,2,,,3,1,,,1,2,8,8,5,6,8,6,7,3,8,4,5,5,9,8,4,1,1,4,4,4,4,,1,,,1,1,1,9,1,2,6,1,3,7,1,7,2,2,7,2,2,8,8,1,1,1,4,5,5,5,2,1,2,2,1,2,2,5,7,2,7,6,6,5,,,2,1,,,1,8,4,1,1,1,1,4,1,2,3,6,2,2,2,3,2,3,1,1,2,7,5,5,,4,,,b'\x11\xe8\xe1I\xc6Ip\xa6\xaf\x82\x12\xdf\x17\xaeN\x1e'
11E8E149-C649-70A6-AF82-12DF17AE4E1E,2023-ncaa-d1-natl,ncaa,67,91,33,89,48,201,196,215,149,192,207,186,169,199,96,169,240,262,135,262,263,235,229,151,155,164,179,154,245,199,169,97,161,129,105,197,207,198,236,205,263,276,162,188,,,52,54,,,140,234,361,270,309,289,348,278,298,204,258,309,325,324,353,359,268,180,247,270,105,315,197,,18,,,142,66,119,247,42,200,277,93,40,153,6,145,62,37,321,36,26,211,147,22,27,59,24,57,101,235,161,93,169,134,105,12,8,298,309,84,192,229,130,144,,,219,189,,,140,133,178,78,132,14,33,74,106,146,16,82,29,16,14,39,5,149,23,24,7,347,123,79,,318,,,b'\x11\xe8\xe1I\xc6Ip\xa6\xaf\x82\x12\xdf\x17\xaeN\x1e'
11E8E149-C649-70A6-AF82-12DF17AE4E1E,2024-ncaa-d0-natl,ncaa,41,30,143,34,183,239,229,319,85,226,247,174,211,310,12,260,239,247,139,253,207,315,306,96,90,143,191,186,180,213,46,239,116,232,33,178,91,186,299,185,233,167,84,40,,,19,59,,,76,321,359,263,277,268,357,260,269,221,325,256,266,269,356,354,221,281,285,181,179,253,84,,15,,,76,6,13,56,37,28,74,64,40,86,23,190,13,13,134,13,49,33,34,34,19,22,89,163,80,63,116,2,46,2,33,15,76,226,126,64,199,283,220,266,,,200,57,,,76,38,133,24,64,1,3,10,21,33,29,69,10,12,14,2,2,46,1,1,13,248,191,211,,222,,,b'\x11\xe8\xe1I\xc6Ip\xa6\xaf\x82\x12\xdf\x17\xaeN\x1e'
11E8E149-C649-70A6-AF82-12DF17AE4E1E,2024-ncaa-d1-conf-America East,ncaa,2,2,3,2,3,4,4,8,2,3,7,3,5,8,2,6,3,4,3,5,5,8,8,2,2,4,7,5,4,4,2,5,2,5,2,3,2,8,8,5,6,4,3,1,,,1,4,,,3,8,8,3,5,4,9,3,6,5,9,5,4,5,9,8,4,5,4,3,7,5,3,,2,,,3,1,1,2,2,2,2,4,4,7,2,7,1,1,3,1,2,2,2,3,2,2,5,7,2,3,2,1,2,1,2,3,3,7,4,4,9,9,5,5,,,2,2,,,3,2,3,2,3,1,2,4,2,2,5,6,2,1,1,2,2,2,1,1,3,6,9,5,,4,,,b'\x11\xe8\xe1I\xc6Ip\xa6\xaf\x82\x12\xdf\x17\xaeN\x1e'
11E8E149-C649-70A6-AF82-12DF17AE4E1E,2024-ncaa-d1-natl,ncaa,39,30,130,36,175,225,220,315,78,213,234,160,210,301,15,253,234,248,143,249,212,312,313,91,90,129,203,190,200,187,33,248,103,229,27,147,77,181,262,151,193,115,82,39,,,13,50,,,58,333,361,264,260,253,354,231,255,213,313,254,265,267,352,354,197,284,270,147,167,195,87,,14,,,57,3,12,44,42,24,69,67,33,74,27,181,10,10,120,13,42,19,21,39,20,19,79,154,71,45,103,2,33,3,27,17,87,198,99,55,188,260,237,276,,,203,74,,,58,27,116,17,49,1,4,8,20,29,23,61,9,10,11,2,2,34,1,1,17,208,180,239,,231,,,b'\x11\xe8\xe1I\xc6Ip\xa6\xaf\x82\x12\xdf\x17\xaeN\x1e'
11E8E149-C649-70A6-AF82-12DF17AE4E1E,2025-ncaa-d0-natl,genius_ncaa,39,26,90,33,116,169,118,209,37,106,195,40,188,224,109,183,338,344,120,343,350,244,296,46,72,68,303,191,351,261,193,279,229,286,200,154,209,37,89,76,204,166,161,121,,,21,32,,15,70,293,360,269,222,130,319,118,243,211,256,350,353,353,342,360,299,350,352,174,27,244,189,,9,,9,69,25,59,85,116,99,80,220,47,151,4,258,17,17,204,17,39,55,83,91,66,49,44,120,48,145,229,34,193,54,200,20,27,133,71,32,52,124,47,65,,,291,229,,89,70,80,75,52,59,6,22,14,62,24,25,100,12,7,8,5,6,104,13,22,10,165,42,44,,336,,103,b'\x11\xe8\xe1I\xc6Ip\xa6\xaf\x82\x12\xdf\x17\xaeN\x1e'
11E8E149-C649-70A6-AF82-12DF17AE4E1E,2025-ncaa-d1-conf-America East,genius_ncaa,1,1,1,1,1,2,2,2,2,2,2,2,5,6,3,7,5,7,3,7,8,1,2,2,2,2,7,8,7,5,5,2,4,3,5,3,4,2,2,2,3,5,3,2,,,3,1,,2,2,1,7,3,2,2,4,2,3,7,7,7,7,7,6,8,6,8,8,4,2,5,3,,1,,2,2,2,2,7,2,1,3,4,5,8,2,8,3,3,7,3,7,7,9,2,2,2,7,8,5,6,4,4,5,4,5,2,4,1,1,2,3,2,3,2,,,3,4,,1,2,9,2,2,2,2,2,3,1,1,5,7,3,2,2,2,4,4,1,2,2,1,2,3,,7,,1,b'\x11\xe8\xe1I\xc6Ip\xa6\xaf\x82\x12\xdf\x17\xaeN\x1e'
11E8E149-C649-70A6-AF82-12DF17AE4E1E,2025-ncaa-d1-natl,genius_ncaa,34,26,72,30,101,149,105,201,37,95,193,38,176,206,103,168,339,344,115,344,355,245,293,45,65,68,301,176,355,261,194,287,236,296,209,137,192,33,79,68,191,162,180,142,,,24,35,,10,64,287,360,269,216,126,310,118,240,200,240,351,354,354,338,360,298,348,354,160,27,242,205,,9,,7,67,27,55,85,109,96,76,216,47,157,5,254,18,21,157,21,51,53,89,89,60,45,51,126,51,145,236,38,194,65,209,20,27,116,73,34,55,120,59,70,,,300,247,,77,64,85,71,54,54,8,23,14,60,23,33,98,13,10,13,5,8,107,15,22,11,162,43,47,,341,,85,b'\x11\xe8\xe1I\xc6Ip\xa6\xaf\x82\x12\xdf\x17\xaeN\x1e'
11E8E149-C649-70A6-AF82-12DF17AE4E1E,2026-ncaa-d0-natl,genius_ncaa,55,39,116,52,120,179,171,258,42,219,266,116,83,206,3,110,299,308,164,306,269,271,256,29,42,77,83,31,337,257,138,228,153,244,99,106,27,187,285,120,225,185,154,151,,,117,174,,73,88,260,361,41,238,214,358,279,342,72,245,336,346,345,361,363,308,303,334,93,162,258,169,,61,,63,86,60,67,106,67,91,140,86,35,74,54,88,125,119,223,131,154,99,105,48,56,60,98,69,245,94,153,38,138,45,99,50,101,210,138,88,165,245,119,189,,,223,122,,37,88,115,99,69,67,9,14,5,50,65,12,24,87,77,92,5,4,55,3,3,26,258,131,102,,283,,47,b'\x11\xe8\xe1I\xc6Ip\xa6\xaf\x82\x12\xdf\x17\xaeN\x1e'
11E8E149-C649-70A6-AF82-12DF17AE4E1E,2026-ncaa-d1-natl,genius_ncaa,38,39,85,47,89,169,144,263,23,167,260,58,85,209,8,123,318,329,162,327,311,277,274,16,22,58,153,63,347,277,106,217,131,251,63,77,50,174,254,92,224,185,198,198,,,80,108,,55,77,268,362,47,228,185,355,222,331,96,256,345,352,349,361,362,314,303,343,86,120,263,234,,29,,50,82,56,63,106,79,99,148,83,47,69,83,110,113,99,250,112,127,99,97,62,68,76,108,97,205,88,131,16,106,19,63,77,158,219,161,128,147,214,139,198,,,228,139,,45,77,103,67,83,64,6,14,5,46,56,23,32,80,62,70,3,3,43,2,2,42,276,104,119,,303,,60,b'\x11\xe8\xe1I\xc6Ip\xa6\xaf\x82\x12\xdf\x17\xaeN\x1e'
11E8E149-C64D-CDB8-AF82-12DF17AE4E1E,2010-ncaa-d0-natl,ncaa,290,269,288,291,314,278,295,216,327,260,148,336,271,271,245,268,145,70,313,67,74,176,168,326,324,316,142,241,27,159,217,345,340,328,339,301,272,228,236,314,39,19,343,343,,,329,342,,,298,168,14,200,239,270,65,231,42,246,246,66,21,19,40,13,81,345,317,293,303,12,343,,344,,,300,185,142,7,342,281,87,342,2,1,123,1,336,341,43,341,343,43,152,341,342,235,36,1,341,104,340,264,217,203,339,221,265,17,4,40,224,222,316,306,,,71,37,,,298,160,317,216,303,315,278,18,336,190,3,3,343,344,344,129,318,226,335,320,299,2,275,334,,8,,,b'\x11\xe8\xe1I\xc6M\xcd\xb8\xaf\x82\x12\xdf\x17\xaeN\x1e'
11E8E149-C64D-CDB8-AF82-12DF17AE4E1E,2010-ncaa-d1-conf-SWAC,ncaa,7,6,5,7,6,6,6,2,9,7,4,9,4,4,8,4,7,7,5,6,9,2,3,9,9,8,4,3,7,5,9,10,10,10,10,7,9,4,1,8,2,2,10,10,,,7,7,,,9,3,1,4,4,5,1,5,1,4,3,6,6,5,1,1,3,10,10,8,5,1,10,,9,,,9,8,8,2,10,10,3,10,1,1,1,1,8,8,4,8,9,3,6,10,10,9,1,1,6,4,10,10,9,8,10,8,9,1,1,3,1,1,9,8,,,4,8,,,9,6,9,7,9,9,9,2,10,5,1,1,7,9,9,5,7,5,10,10,9,1,2,10,,3,,,b'\x11\xe8\xe1I\xc6M\xcd\xb8\xaf\x82\x12\xdf\x17\xaeN\x1e'
11E8E149-C64D-CDB8-AF82-12DF17AE4E1E,2010-ncaa-d1-natl,ncaa,298,269,323,298,337,292,309,229,331,280,162,337,279,275,247,268,150,77,314,73,70,192,184,331,326,320,141,238,25,172,219,345,340,339,340,314,278,219,236,315,41,21,344,343,,,326,342,,,307,190,14,185,242,273,67,234,42,247,244,68,22,20,40,13,84,345,318,299,303,13,343,,344,,,312,170,124,1,344,276,68,343,1,1,127,1,334,340,44,339,344,22,129,341,342,248,35,1,340,91,340,255,219,193,340,216,266,17,4,43,217,224,315,309,,,81,36,,,307,136,320,226,312,320,288,19,336,192,3,3,343,344,344,130,318,224,335,322,301,2,276,335,,7,,,b'\x11\xe8\xe1I\xc6M\xcd\xb8\xaf\x82\x12\xdf\x17\xaeN\x1e'
11E8E149-C64D-CDB8-AF82-12DF17AE4E1E,2011-ncaa-d0-natl,ncaa,192,154,288,191,299,280,301,265,318,283,162,337,266,305,61,295,120,109,226,110,93,242,225,319,300,298,115,220,17,141,114,333,278,303,265,307,262,207,257,307,64,32,339,337,,,258,325,,,272,261,78,151,245,283,158,254,77,235,291,64,41,41,111,66,72,339,277,296,286,31,338,,330,,,277,113,119,19,338,216,61,337,18,12,179,20,222,250,99,228,291,24,72,328,329,226,43,11,269,47,278,118,114,70,265,203,276,64,17,116,92,121,310,310,,,181,117,,,272,81,283,200,275,244,237,46,303,179,30,16,291,301,291,90,230,110,246,193,282,12,160,331,,59,,,b'\x11\xe8\xe1I\xc6M\xcd\xb8\xaf\x82\x12\xdf\x17\xaeN\x1e'
11E8E149-C64D-CDB8-AF82-12DF17AE4E1E,2011-ncaa-d1-conf-SWAC,ncaa,3,3,5,3,6,5,5,2,8,6,2,9,2,4,1,5,1,5,2,4,6,3,4,5,4,3,3,3,4,4,6,9,5,8,8,6,8,1,1,3,2,1,10,10,,,5,8,,,4,5,3,5,2,3,1,5,2,2,3,1,5,3,1,3,3,9,9,6,1,1,10,,7,,,4,7,8,2,9,8,2,10,6,4,8,7,3,3,8,3,4,1,4,9,9,9,4,6,2,1,5,7,6,3,8,9,9,1,1,7,1,1,9,9,,,6,6,,,4,6,1,7,4,8,8,3,8,3,7,4,3,3,3,2,6,1,9,4,9,1,1,9,,5,,,b'\x11\xe8\xe1I\xc6M\xcd\xb8\xaf\x82\x12\xdf\x17\xaeN\x1e'
11E8E149-C64D-CDB8-AF82-12DF17AE4E1E,2011-ncaa-d1-natl,ncaa,206,152,321,200,330,292,313,289,319,299,177,339,269,313,66,295,132,122,221,122,93,266,259,319,306,301,111,219,14,155,117,340,281,323,271,319,262,185,257,311,76,36,342,340,,,240,328,,,275,285,79,151,251,286,160,261,78,237,292,66,42,40,113,66,76,340,278,303,285,33,339,,330,,,282,92,105,8,340,204,48,338,13,9,186,19,211,234,100,218,293,14,49,333,335,232,40,9,270,35,281,91,117,48,271,196,278,77,19,123,83,123,307,312,,,198,116,,,275,59,286,210,281,249,241,47,308,185,30,15,294,305,294,96,232,112,252,194,287,12,162,335,,58,,,b'\x11\xe8\xe1I\xc6M\xcd\xb8\xaf\x82\x12\xdf\x17\xaeN\x1e'
11E8E149-C64D-CDB8-AF82-12DF17AE4E1E,2012-ncaa-d0-natl,ncaa,171,260,22,225,43,176,213,57,336,159,30,339,265,254,269,294,36,19,282,19,99,43,30,335,330,322,173,271,15,59,150,299,324,186,317,303,333,320,206,327,13,17,313,326,,,343,341,,,263,28,97,262,293,318,158,261,65,296,291,68,33,35,114,98,117,341,317,332,233,20,329,,339,,,246,265,166,125,231,238,231,218,39,30,139,17,343,342,202,342,340,223,312,189,265,86,196,14,341,273,324,326,150,325,317,119,118,5,7,6,230,124,266,128,,,8,24,,,263,308,314,81,259,137,40,7,129,70,11,7,332,333,333,47,205,181,254,232,55,4,147,199,,15,,,b'\x11\xe8\xe1I\xc6M\xcd\xb8\xaf\x82\x12\xdf\x17\xaeN\x1e'
11E8E149-C64D-CDB8-AF82-12DF17AE4E1E,2012-ncaa-d1-conf-SWAC,ncaa,3,7,1,7,1,3,4,1,8,3,1,9,5,5,7,8,1,1,4,1,4,1,1,8,8,8,5,8,2,3,4,9,6,8,8,6,9,6,4,8,1,1,9,9,,,10,9,,,4,1,3,7,6,7,4,7,3,7,7,1,2,2,4,5,7,10,10,8,3,2,9,,8,,,5,8,7,3,9,10,5,9,1,1,3,1,9,9,7,9,9,5,10,9,9,3,3,1,9,3,6,10,4,8,8,6,4,1,1,2,4,4,4,2,,,1,1,,,4,10,8,2,6,2,2,1,5,1,1,1,8,8,8,1,2,1,6,2,4,2,4,2,,2,,,b'\x11\xe8\xe1I\xc6M\xcd\xb8\xaf\x82\x12\xdf\x17\xaeN\x1e'
11E8E149-C64D-CDB8-AF82-12DF17AE4E1E,2012-ncaa-d1-natl,ncaa,186,260,23,235,50,197,234,64,336,178,30,339,273,265,274,293,41,20,281,20,100,48,33,335,332,326,168,269,11,65,160,314,327,215,318,314,332,313,211,327,15,18,323,328,,,343,342,,,267,29,101,262,297,320,166,272,67,296,290,68,32,34,119,99,122,341,319,335,235,22,329,,339,,,258,249,150,98,239,225,212,222,31,25,145,17,343,342,208,342,340,199,309,192,268,94,197,14,341,263,327,324,160,322,318,107,118,5,7,7,220,125,261,138,,,10,20,,,267,307,317,92,267,144,49,7,132,68,11,7,334,334,334,47,204,182,258,237,57,5,148,205,,15,,,b'\x11\xe8\xe1I\xc6M\xcd\xb8\xaf\x82\x12\xdf\x17\xaeN\x1e'
11E8E149-C64D-CDB8-AF82-12DF17AE4E1E,2013-ncaa-d0-natl,ncaa,339,332,302,340,317,339,335,309,340,282,176,334,344,338,345,329,256,196,324,196,189,305,285,343,344,343,329,342,23,269,194,345,342,340,327,340,327,219,300,339,155,88,276,263,,,278,341,,,323,285,142,254,340,336,255,232,81,344,331,201,112,110,236,172,221,345,342,339,292,98,245,,335,,,327,53,55,8,310,168,70,282,2,2,116,3,250,292,13,287,317,23,46,247,256,184,33,3,311,94,342,46,194,48,327,25,44,131,43,33,275,320,173,169,,,147,26,,,323,39,343,174,331,178,162,37,275,202,7,3,297,325,322,87,173,189,151,169,74,53,311,232,,35,,,b'\x11\xe8\xe1I\xc6M\xcd\xb8\xaf\x82\x12\xdf\x17\xaeN\x1e'
11E8E149-C64D-CDB8-AF82-12DF17AE4E1E,2013-ncaa-d1-conf-SWAC,ncaa,10,10,6,10,10,10,10,10,10,8,6,10,10,10,10,9,10,10,10,10,9,10,10,10,10,10,10,10,5,10,10,10,9,10,10,10,7,3,5,7,5,3,8,8,,,5,9,,,10,9,7,9,10,10,8,7,3,10,10,10,9,9,10,9,10,10,10,10,5,3,8,,8,,,10,1,3,1,9,5,1,9,1,1,4,1,4,6,2,6,9,1,2,8,8,6,1,1,5,1,9,4,10,3,10,3,5,7,3,5,8,9,3,3,,,7,4,,,10,2,10,5,10,3,5,2,8,2,1,1,4,7,7,2,3,3,8,5,5,5,8,3,,4,,,b'\x11\xe8\xe1I\xc6M\xcd\xb8\xaf\x82\x12\xdf\x17\xaeN\x1e'
11E8E149-C64D-CDB8-AF82-12DF17AE4E1E,2013-ncaa-d1-natl,ncaa,340,331,327,340,338,343,341,328,340,298,199,335,344,339,345,328,264,210,325,208,189,321,306,343,344,343,329,341,24,281,198,345,342,344,331,343,328,207,300,341,168,94,284,267,,,271,341,,,324,310,144,254,341,339,262,239,85,344,331,201,111,111,240,177,227,345,342,343,292,108,248,,334,,,328,41,42,1,313,149,57,287,2,2,122,4,237,283,14,276,320,6,30,255,265,188,32,3,310,78,342,33,198,30,331,22,44,141,45,36,260,322,172,176,,,162,26,,,324,20,343,180,333,185,167,37,277,206,7,3,300,324,323,89,171,196,154,175,76,57,314,237,,34,,,b'\x11\xe8\xe1I\xc6M\xcd\xb8\xaf\x82\x12\xdf\x17\xaeN\x1e'
11E8E149-C64D-CDB8-AF82-12DF17AE4E1E,2014-ncaa-d0-natl,ncaa,288,298,180,294,208,334,339,284,345,269,105,345,348,344,348,343,156,80,335,82,111,248,164,348,347,348,313,346,4,176,134,322,329,300,277,348,349,340,340,349,182,198,195,216,,,341,347,,,343,170,105,130,343,345,300,270,68,348,344,124,44,47,252,109,155,340,314,349,345,170,195,,347,,,341,165,66,48,202,165,185,146,11,9,157,3,348,348,90,348,349,143,186,139,216,164,181,5,349,209,329,103,134,142,277,16,20,98,77,22,332,332,205,166,,,58,24,,,343,173,348,175,341,217,79,33,206,234,10,5,348,349,349,191,251,235,139,172,34,63,337,236,,16,,,b'\x11\xe8\xe1I\xc6M\xcd\xb8\xaf\x82\x12\xdf\x17\xaeN\x1e'
11E8E149-C64D-CDB8-AF82-12DF17AE4E1E,2014-ncaa-d1-conf-SWAC,ncaa,8,7,7,8,9,10,10,8,10,7,4,10,10,10,10,10,8,7,8,7,10,8,8,10,10,10,10,10,5,8,3,10,4,10,4,10,10,5,7,10,9,9,6,6,,,10,10,,,8,7,7,7,10,10,7,6,2,10,10,8,6,6,7,7,6,9,9,10,6,9,6,,10,,,8,2,1,1,5,3,2,3,1,1,3,1,10,10,7,10,10,1,2,3,6,5,7,1,10,1,4,1,3,1,4,3,4,7,3,2,5,9,4,4,,,5,2,,,8,3,10,1,8,2,1,1,3,3,1,1,10,10,10,2,2,1,2,1,3,6,8,5,,4,,,b'\x11\xe8\xe1I\xc6M\xcd\xb8\xaf\x82\x12\xdf\x17\xaeN\x1e'
11E8E149-C64D-CDB8-AF82-12DF17AE4E1E,2014-ncaa-d1-natl,ncaa,293,298,211,299,253,342,344,312,346,284,122,346,348,346,348,343,172,91,336,93,112,273,192,348,347,348,313,346,5,188,140,336,333,316,287,349,349,339,342,349,197,201,206,221,,,337,347,,,343,197,106,127,344,346,303,274,72,348,344,128,44,47,254,116,156,344,315,349,345,173,202,,347,,,343,145,53,30,213,153,167,153,7,5,160,2,347,347,92,347,349,111,155,144,224,169,181,4,349,187,333,84,140,121,287,12,21,112,80,25,328,335,196,167,,,72,24,,,343,143,348,184,341,224,89,34,211,234,10,5,348,349,349,195,249,240,142,178,36,66,339,237,,18,,,b'\x11\xe8\xe1I\xc6M\xcd\xb8\xaf\x82\x12\xdf\x17\xaeN\x1e'
11E8E149-C64D-CDB8-AF82-12DF17AE4E1E,2015-ncaa-d0-natl,ncaa,253,238,283,252,295,335,335,300,344,304,203,344,321,299,331,283,235,234,191,227,203,296,258,348,343,345,237,289,30,168,72,304,82,267,64,347,344,276,327,348,188,135,215,168,,,330,349,,,278,285,142,96,333,335,235,278,113,312,285,167,162,159,218,120,98,257,174,347,332,144,189,,347,,,279,26,4,13,67,28,45,75,6,8,30,30,326,333,112,331,347,28,44,41,119,89,269,14,349,11,82,21,72,14,64,10,81,168,85,28,99,155,6,6,,,183,93,,,278,62,339,57,276,96,18,20,58,98,12,21,342,346,345,91,134,39,79,44,29,98,177,13,,66,,,b'\x11\xe8\xe1I\xc6M\xcd\xb8\xaf\x82\x12\xdf\x17\xaeN\x1e'
11E8E149-C64D-CDB8-AF82-12DF17AE4E1E,2015-ncaa-d1-conf-SWAC,ncaa,6,6,5,6,6,7,8,6,9,8,6,8,6,5,6,5,6,6,4,6,7,5,5,9,7,8,4,6,5,5,1,7,1,5,2,10,10,5,7,10,7,6,3,3,,,7,10,,,6,7,8,5,7,9,7,7,6,6,5,6,6,6,6,4,3,8,6,10,6,6,4,,9,,,6,3,3,3,4,3,2,4,5,4,7,5,8,7,8,7,8,2,3,4,5,5,10,4,10,1,1,2,1,2,2,2,2,6,5,3,1,2,1,1,,,6,6,,,6,5,7,4,5,4,3,2,3,3,5,4,9,8,8,2,2,1,2,1,3,7,2,1,,6,,,b'\x11\xe8\xe1I\xc6M\xcd\xb8\xaf\x82\x12\xdf\x17\xaeN\x1e'
11E8E149-C64D-CDB8-AF82-12DF17AE4E1E,2015-ncaa-d1-natl,ncaa,266,238,335,263,339,346,346,326,346,327,231,346,326,312,334,281,253,254,193,247,202,325,297,348,344,345,233,291,30,201,75,323,85,302,74,348,344,259,330,349,215,144,232,168,,,325,349,,,285,321,149,92,337,339,243,285,119,312,285,166,164,160,230,128,108,264,186,347,331,154,193,,347,,,288,18,3,3,70,16,25,84,5,4,33,29,324,330,115,329,347,12,15,44,130,98,268,14,349,6,85,11,75,3,74,4,82,191,93,32,87,161,5,6,,,215,90,,,285,32,342,64,284,100,19,22,67,101,14,22,342,346,346,95,131,40,82,50,30,101,184,13,,66,,,b'\x11\xe8\xe1I\xc6M\xcd\xb8\xaf\x82\x12\xdf\x17\xaeN\x1e'
11E8E149-C64D-CDB8-AF82-12DF17AE4E1E,2016-ncaa-d0-natl,ncaa,268,249,287,270,320,278,270,221,300,144,57,306,346,344,347,344,119,90,264,97,191,190,131,337,328,336,337,345,18,53,25,251,229,145,85,343,348,338,320,348,176,166,92,103,,,289,321,,,270,181,13,344,233,226,81,70,7,345,342,48,20,23,49,9,12,163,32,343,346,120,60,,339,,,271,123,125,78,242,239,219,209,14,10,125,8,255,304,9,304,280,125,143,180,178,149,36,9,296,160,229,74,25,86,85,62,39,133,108,68,251,230,127,59,,,130,130,,,270,140,323,151,274,253,242,208,307,328,23,17,305,330,331,281,319,262,182,219,115,48,302,180,,24,,,b'\x11\xe8\xe1I\xc6M\xcd\xb8\xaf\x82\x12\xdf\x17\xaeN\x1e'
11E8E149-C64D-CDB8-AF82-12DF17AE4E1E,2016-ncaa-d1-conf-SWAC,ncaa,5,6,3,6,5,4,4,2,8,3,2,8,8,8,9,9,2,2,6,2,6,1,1,8,8,8,8,9,4,1,1,4,5,2,2,9,10,9,6,9,3,5,2,2,,,7,8,,,5,2,2,8,4,4,1,3,1,8,7,3,2,2,1,1,1,4,1,9,9,4,1,,8,,,5,7,5,7,5,7,8,4,3,2,8,2,6,6,1,6,6,7,8,4,5,5,3,2,7,7,5,2,1,6,2,3,2,3,4,4,4,3,7,4,,,1,4,,,5,8,7,4,6,6,4,6,6,8,3,3,6,6,6,6,8,6,4,5,4,3,5,7,,1,,,b'\x11\xe8\xe1I\xc6M\xcd\xb8\xaf\x82\x12\xdf\x17\xaeN\x1e'
11E8E149-C64D-CDB8-AF82-12DF17AE4E1E,2016-ncaa-d1-natl,ncaa,256,249,218,256,301,248,241,184,292,112,36,304,347,344,346,344,96,51,285,53,169,158,85,334,327,338,337,345,15,45,35,233,221,126,94,344,348,344,330,348,151,167,67,88,,,319,325,,,273,113,16,344,240,232,109,75,7,345,342,53,18,22,67,11,14,188,55,344,346,125,52,,340,,,273,185,176,117,246,285,265,216,18,14,118,8,296,323,29,321,282,179,211,179,191,156,37,8,304,168,221,122,35,131,94,68,37,96,99,61,280,232,129,56,,,67,107,,,273,210,323,145,277,244,231,189,307,322,21,16,309,328,326,254,314,220,176,198,108,49,298,160,,15,,,b'\x11\xe8\xe1I\xc6M\xcd\xb8\xaf\x82\x12\xdf\x17\xaeN\x1e'
11E8E149-C64D-CDB8-AF82-12DF17AE4E1E,2017-ncaa-d0-natl,ncaa,267,283,168,279,215,264,257,131,330,206,76,334,277,249,306,279,213,82,347,87,154,114,87,336,341,333,250,252,122,50,114,302,322,190,294,285,279,304,259,318,47,53,134,184,,,325,326,,,299,118,31,268,295,276,71,208,37,289,242,215,49,51,57,19,34,325,173,304,301,35,120,,340,,,300,203,233,124,327,327,294,288,3,1,126,1,261,312,12,306,218,167,241,256,246,130,4,1,252,271,322,309,114,310,294,211,160,33,24,56,157,98,285,223,,,74,88,,,299,224,324,144,297,233,268,122,339,334,5,2,277,322,320,191,316,287,329,328,222,16,165,290,,23,,,b'\x11\xe8\xe1I\xc6M\xcd\xb8\xaf\x82\x12\xdf\x17\xaeN\x1e'
11E8E149-C64D-CDB8-AF82-12DF17AE4E1E,2017-ncaa-d1-conf-SWAC,ncaa,5,5,5,5,8,6,4,3,8,5,3,9,4,3,5,7,7,6,10,5,7,2,5,8,9,7,7,5,8,2,4,8,9,5,7,6,8,2,2,5,2,2,3,3,,,7,7,,,5,5,3,9,7,4,2,4,2,4,4,8,5,5,1,2,2,7,5,6,3,2,1,,6,,,5,1,4,2,6,8,7,7,1,1,1,1,4,5,3,5,3,2,4,5,5,3,1,1,6,4,9,8,4,8,7,2,4,2,2,2,1,1,9,9,,,4,4,,,5,4,6,3,5,3,5,2,9,10,1,1,4,5,5,3,7,7,9,9,3,2,2,9,,2,,,b'\x11\xe8\xe1I\xc6M\xcd\xb8\xaf\x82\x12\xdf\x17\xaeN\x1e'
11E8E149-C64D-CDB8-AF82-12DF17AE4E1E,2017-ncaa-d1-natl,ncaa,283,282,217,287,288,299,289,164,332,242,96,338,286,259,309,274,244,96,347,100,153,145,114,335,344,336,247,251,122,63,118,329,324,227,298,307,284,287,264,321,61,59,148,192,,,316,329,,,305,155,32,270,301,286,78,220,40,286,242,217,52,54,64,24,34,331,191,308,301,40,122,,339,,,306,170,206,76,333,324,283,297,2,1,132,1,251,301,12,293,220,119,209,267,264,140,4,1,254,247,324,294,118,289,298,197,166,40,27,64,134,101,279,231,,,88,88,,,305,184,329,157,304,240,278,125,340,334,5,2,278,321,319,190,315,287,331,331,233,20,168,291,,24,,,b'\x11\xe8\xe1I\xc6M\xcd\xb8\xaf\x82\x12\xdf\x17\xaeN\x1e'
11E8E149-C64D-CDB8-AF82-12DF17AE4E1E,2018-ncaa-d0-natl,ncaa,266,224,323,255,329,281,271,233,294,255,213,291,227,200,264,179,288,191,348,182,135,228,196,295,315,312,194,158,208,133,165,338,323,318,313,313,308,284,283,325,54,34,319,326,,,332,346,,,285,216,14,88,200,185,56,172,92,179,120,230,91,83,53,11,43,332,212,276,328,16,305,,348,,,294,139,113,19,338,283,165,331,1,1,47,2,336,336,225,334,324,45,126,311,333,198,9,1,342,141,323,205,165,183,313,147,187,33,11,43,212,230,92,115,,,218,191,,,285,132,307,195,282,309,283,93,344,324,1,1,346,344,343,215,335,271,329,317,262,6,301,168,,65,,,b'\x11\xe8\xe1I\xc6M\xcd\xb8\xaf\x82\x12\xdf\x17\xaeN\x1e'
11E8E149-C64D-CDB8-AF82-12DF17AE4E1E,2018-ncaa-d1-conf-SWAC,ncaa,6,6,5,6,8,6,5,5,7,6,5,6,1,1,3,1,9,9,10,8,8,5,5,4,7,5,3,1,9,3,6,9,8,9,8,4,6,7,6,6,2,1,8,8,,,9,9,,,8,5,3,9,5,4,2,5,6,1,1,9,9,9,4,3,4,9,9,5,8,1,8,,9,,,8,8,8,3,9,8,7,9,2,1,8,2,9,8,10,8,8,3,6,9,9,8,4,2,7,4,8,6,6,6,8,10,9,2,1,4,6,6,5,6,,,9,9,,,8,6,6,8,6,10,8,3,9,8,3,2,9,8,8,5,7,5,8,7,10,1,5,5,,9,,,b'\x11\xe8\xe1I\xc6M\xcd\xb8\xaf\x82\x12\xdf\x17\xaeN\x1e'
11E8E149-C64D-CDB8-AF82-12DF17AE4E1E,2018-ncaa-d1-natl,ncaa,231,223,213,233,241,224,192,120,280,182,120,273,196,164,252,183,270,173,346,167,206,114,73,278,307,307,225,172,258,60,132,328,319,228,291,243,290,329,284,315,23,28,317,330,,,346,346,,,267,89,14,99,182,152,45,136,70,179,131,256,133,125,48,10,34,326,184,234,328,11,313,,348,,,266,243,192,57,336,322,274,324,1,1,22,2,347,341,165,341,325,129,266,269,319,152,6,1,344,228,319,278,132,275,291,184,164,18,13,31,270,217,110,84,,,175,245,,,267,260,300,155,257,283,251,89,342,325,1,1,346,343,343,211,335,276,317,312,212,6,295,145,,105,,,b'\x11\xe8\xe1I\xc6M\xcd\xb8\xaf\x82\x12\xdf\x17\xaeN\x1e'
11E8E149-C64D-CDB8-AF82-12DF17AE4E1E,2019-ncaa-d0-natl,ncaa,342,324,321,342,327,330,309,276,328,274,139,343,322,327,222,317,331,245,349,243,287,279,229,334,345,346,301,262,255,68,51,329,338,253,250,305,213,319,333,334,187,150,293,314,,,191,282,,,336,291,50,149,313,278,95,194,28,300,310,314,159,155,103,20,11,290,97,262,346,102,270,,321,,,340,154,205,61,334,312,227,313,8,4,166,5,194,278,5,275,236,91,84,294,280,264,2,3,215,271,338,111,51,169,250,268,284,206,154,266,277,289,335,330,,,297,307,,,336,56,340,293,339,323,332,259,350,348,16,7,285,326,325,318,318,332,291,326,331,85,323,351,,205,,,b'\x11\xe8\xe1I\xc6M\xcd\xb8\xaf\x82\x12\xdf\x17\xaeN\x1e'
11E8E149-C64D-CDB8-AF82-12DF17AE4E1E,2019-ncaa-d1-conf-SWAC,ncaa,9,9,9,9,10,9,7,7,8,8,5,8,4,6,5,3,10,10,8,10,10,7,7,7,9,9,7,2,10,3,1,9,9,8,7,5,3,6,8,7,9,8,7,8,,,3,6,,,9,10,6,5,9,4,1,6,2,3,3,10,10,10,5,3,1,9,4,4,9,8,7,,4,,,9,7,9,5,10,10,9,10,4,1,9,2,2,2,3,2,1,3,2,9,9,10,1,2,1,8,9,3,1,4,7,10,8,8,8,10,5,7,10,10,,,10,10,,,9,1,9,10,9,9,10,10,10,10,4,3,2,3,3,9,5,8,6,6,10,8,7,10,,10,,,b'\x11\xe8\xe1I\xc6M\xcd\xb8\xaf\x82\x12\xdf\x17\xaeN\x1e'
11E8E149-C64D-CDB8-AF82-12DF17AE4E1E,2019-ncaa-d1-natl,ncaa,341,343,233,344,269,304,280,166,333,213,56,342,327,324,290,323,306,182,349,181,281,170,88,340,347,346,316,290,225,22,39,282,335,145,239,255,168,346,338,331,123,141,263,311,,,279,276,,,342,150,39,152,310,282,80,166,20,323,316,305,135,137,76,8,9,272,67,245,347,94,255,,321,,,342,271,299,181,332,344,325,310,8,3,158,1,277,322,6,320,242,228,231,282,267,249,2,1,233,307,335,237,39,300,239,313,281,120,150,255,337,313,345,323,,,235,293,,,342,190,343,282,341,324,333,275,350,350,11,5,295,330,330,325,326,331,302,330,333,75,338,349,,172,,,b'\x11\xe8\xe1I\xc6M\xcd\xb8\xaf\x82\x12\xdf\x17\xaeN\x1e'
11E8E149-C64D-CDB8-AF82-12DF17AE4E1E,2020-ncaa-d0-natl,ncaa,239,240,191,250,243,232,204,75,316,121,20,333,299,299,289,321,206,106,333,106,259,74,19,334,336,338,302,304,140,53,121,333,350,243,326,259,278,344,304,326,4,3,341,342,,,346,312,,,283,22,4,273,223,197,25,103,12,303,297,189,90,94,26,4,39,341,250,264,341,2,342,,345,,,282,248,226,104,316,283,197,318,62,63,116,49,328,342,24,344,331,173,334,288,284,68,84,31,301,336,350,300,121,332,326,302,305,1,2,29,331,295,257,132,,,108,250,,,283,323,331,107,282,276,259,124,307,212,67,63,326,339,339,221,349,338,317,340,312,1,336,261,,85,,,b'\x11\xe8\xe1I\xc6M\xcd\xb8\xaf\x82\x12\xdf\x17\xaeN\x1e'
11E8E149-C64D-CDB8-AF82-12DF17AE4E1E,2020-ncaa-d1-conf-SWAC,ncaa,5,5,1,5,6,3,3,1,7,4,1,8,3,2,7,6,8,8,7,8,10,2,1,8,8,8,8,6,10,2,4,6,8,4,8,5,8,8,5,6,2,2,9,9,,,9,6,,,6,2,3,6,3,3,1,4,1,4,3,8,8,8,2,1,2,6,4,5,8,2,9,,9,,,6,9,7,5,8,7,3,8,8,8,6,8,9,9,4,9,10,5,8,8,8,7,7,8,5,9,8,10,4,10,8,9,9,2,3,7,7,5,9,7,,,9,10,,,6,8,6,7,6,8,7,4,7,3,8,8,9,9,9,4,7,9,10,9,8,2,7,9,,10,,,b'\x11\xe8\xe1I\xc6M\xcd\xb8\xaf\x82\x12\xdf\x17\xaeN\x1e'
11E8E149-C64D-CDB8-AF82-12DF17AE4E1E,2020-ncaa-d1-natl,ncaa,214,240,45,236,117,177,131,20,311,59,8,328,299,299,293,325,165,61,332,62,266,16,3,331,331,337,316,317,155,23,122,320,348,197,331,185,246,350,308,313,1,2,338,340,,,351,314,,,271,3,3,273,213,167,15,74,8,309,309,183,84,86,15,2,35,339,246,224,345,1,339,,349,,,270,290,266,177,305,304,237,308,73,80,89,52,345,351,29,351,339,266,350,267,275,48,101,30,316,345,348,336,122,346,331,321,313,1,2,21,342,290,278,117,,,42,223,,,271,349,330,76,270,270,240,117,295,203,65,70,334,343,343,220,351,339,322,340,305,1,337,267,,59,,,b'\x11\xe8\xe1I\xc6M\xcd\xb8\xaf\x82\x12\xdf\x17\xaeN\x1e'
11E8E149-C64D-CDB8-AF82-12DF17AE4E1E,2021-ncaa-d0-natl,ncaa,225,227,219,238,229,255,232,213,262,197,175,225,282,238,332,244,275,241,327,239,269,218,223,283,307,293,312,279,263,218,245,304,332,289,335,257,273,151,215,269,36,9,309,326,,,231,322,,,294,222,116,129,283,215,142,129,98,294,242,290,240,235,172,126,186,342,338,264,230,7,325,,323,,,289,128,132,73,335,173,120,307,80,46,333,16,177,252,4,251,305,90,120,328,321,191,74,52,235,150,332,167,245,158,335,180,245,60,12,77,198,256,158,154,,,231,208,,,294,117,298,204,290,222,222,34,264,166,81,10,258,318,318,77,229,219,288,286,244,11,263,194,,190,,,b'\x11\xe8\xe1I\xc6M\xcd\xb8\xaf\x82\x12\xdf\x17\xaeN\x1e'
11E8E149-C64D-CDB8-AF82-12DF17AE4E1E,2021-ncaa-d1-conf-SWAC,ncaa,6,6,4,6,4,5,5,4,8,4,4,6,6,2,10,2,8,8,9,8,10,4,4,8,9,8,9,6,10,5,10,9,9,8,10,8,8,5,3,6,2,2,9,9,,,9,9,,,6,4,5,4,8,5,2,4,4,9,1,10,10,10,5,5,7,10,10,8,4,1,9,,9,,,6,7,7,5,9,7,6,9,5,5,5,3,7,8,2,8,9,5,7,9,9,6,3,3,6,8,9,10,10,9,10,8,7,3,2,3,7,8,7,7,,,7,8,,,6,7,7,6,6,5,6,2,7,3,4,3,5,6,6,2,6,7,9,9,7,2,7,8,,9,,,b'\x11\xe8\xe1I\xc6M\xcd\xb8\xaf\x82\x12\xdf\x17\xaeN\x1e'
11E8E149-C64D-CDB8-AF82-12DF17AE4E1E,2021-ncaa-d1-natl,ncaa,230,225,231,246,241,266,244,226,268,215,192,232,287,250,331,243,282,257,327,252,268,233,237,288,308,298,312,278,260,229,250,305,332,295,337,270,274,138,221,275,45,9,311,326,,,222,322,,,297,230,121,130,287,224,147,136,104,294,243,290,241,232,178,133,191,342,338,271,232,8,326,,323,,,298,120,120,66,335,164,110,309,76,42,336,16,171,246,4,245,306,84,108,329,321,202,71,50,238,141,332,152,250,142,337,164,245,76,12,81,190,262,148,155,,,241,205,,,297,106,305,222,299,227,230,35,272,168,81,9,261,318,317,76,229,221,290,292,249,13,264,196,,192,,,b'\x11\xe8\xe1I\xc6M\xcd\xb8\xaf\x82\x12\xdf\x17\xaeN\x1e'
11E8E149-C64D-CDB8-AF82-12DF17AE4E1E,2022-ncaa-d0-natl,ncaa,345,316,337,345,346,354,354,351,351,356,350,350,267,252,286,75,337,329,315,328,152,351,346,347,348,350,48,65,163,335,323,355,355,355,356,347,196,190,344,344,333,306,342,334,,,255,348,,,348,341,146,169,351,353,313,355,319,191,129,306,268,268,312,225,295,347,350,332,327,284,330,,352,,,352,84,48,17,307,94,45,298,24,12,225,45,321,335,54,336,348,41,31,282,306,306,206,42,349,246,355,98,323,138,356,78,191,300,199,214,224,346,78,282,,,345,268,,,348,16,352,341,352,323,263,154,291,218,114,85,356,356,356,289,302,348,321,348,255,146,336,202,,287,,,b'\x11\xe8\xe1I\xc6M\xcd\xb8\xaf\x82\x12\xdf\x17\xaeN\x1e'
11E8E149-C64D-CDB8-AF82-12DF17AE4E1E,2022-ncaa-d1-conf-SWAC,ncaa,12,10,12,12,12,12,12,12,11,12,12,10,10,7,12,1,12,12,8,12,11,12,12,11,12,11,4,2,10,12,12,12,12,12,12,12,9,1,9,11,12,11,11,10,,,3,10,,,11,12,12,3,12,12,12,12,12,8,3,12,12,12,12,12,12,10,12,12,6,12,11,,10,,,11,1,1,1,7,1,1,6,6,5,8,9,6,5,3,5,11,1,1,7,7,10,11,9,10,3,12,4,12,4,12,2,6,12,10,8,2,9,2,11,,,12,12,,,11,1,12,10,11,7,5,3,4,2,8,7,11,11,11,3,3,11,11,10,6,10,6,6,,12,,,b'\x11\xe8\xe1I\xc6M\xcd\xb8\xaf\x82\x12\xdf\x17\xaeN\x1e'
11E8E149-C64D-CDB8-AF82-12DF17AE4E1E,2022-ncaa-d1-natl,ncaa,350,316,351,350,353,355,355,353,352,356,355,351,279,263,292,75,341,339,319,337,149,354,352,348,350,351,40,66,157,349,331,356,355,356,356,352,197,165,345,345,345,314,347,340,,,228,350,,,349,351,157,166,352,353,321,355,324,198,134,306,266,267,323,237,300,348,352,341,329,298,334,,353,,,353,67,38,7,315,77,30,304,19,8,238,45,313,326,60,326,351,23,13,298,317,318,206,43,349,222,355,56,331,103,356,56,192,322,210,227,197,346,68,292,,,348,265,,,349,7,352,345,352,333,275,156,298,219,118,85,356,356,356,290,301,349,326,347,256,163,339,214,,287,,,b'\x11\xe8\xe1I\xc6M\xcd\xb8\xaf\x82\x12\xdf\x17\xaeN\x1e'
11E8E149-C64D-CDB8-AF82-12DF17AE4E1E,2023-ncaa-d0-natl,ncaa,266,203,326,256,338,298,303,272,308,254,176,312,311,307,287,300,197,99,352,103,83,236,235,315,323,317,240,290,63,185,157,317,245,293,237,223,64,184,238,229,218,164,104,52,,,311,353,,,259,253,27,182,231,242,83,173,54,279,265,98,24,25,51,27,106,251,176,145,301,132,57,,360,,,270,68,16,23,119,25,45,94,65,40,231,68,350,358,25,357,361,70,86,119,186,155,336,91,361,97,245,89,157,77,237,71,281,182,108,95,247,278,202,197,,,130,55,,,259,85,315,142,280,258,77,84,95,135,124,103,361,361,361,275,314,234,259,269,192,70,319,279,,15,,,b'\x11\xe8\xe1I\xc6M\xcd\xb8\xaf\x82\x12\xdf\x17\xaeN\x1e'
11E8E149-C64D-CDB8-AF82-12DF17AE4E1E,2023-ncaa-d1-conf-SWAC,ncaa,9,8,9,9,11,6,5,4,5,5,5,8,6,7,4,8,8,8,8,8,9,4,4,5,6,7,8,6,9,6,5,8,6,6,5,3,1,6,6,2,7,7,3,2,,,9,11,,,8,4,1,8,4,2,1,3,1,5,6,8,7,7,1,1,5,5,5,1,7,7,2,,12,,,8,6,4,3,5,3,3,4,8,4,10,4,12,11,6,11,11,5,3,5,8,9,11,6,12,2,6,3,5,3,5,8,11,7,7,8,10,10,8,7,,,6,6,,,8,5,5,8,9,8,5,5,4,5,9,5,12,12,12,9,7,4,6,5,8,7,11,8,,5,,,b'\x11\xe8\xe1I\xc6M\xcd\xb8\xaf\x82\x12\xdf\x17\xaeN\x1e'
11E8E149-C64D-CDB8-AF82-12DF17AE4E1E,2023-ncaa-d1-natl,ncaa,243,203,310,242,320,253,260,206,286,213,130,302,276,275,266,288,162,65,352,69,77,171,156,298,307,296,237,268,73,148,145,290,255,250,233,188,64,229,228,213,150,135,84,48,,,330,353,,,236,164,19,187,200,219,70,158,52,258,237,93,22,25,45,25,88,243,166,131,302,96,51,,359,,,238,106,24,37,90,41,70,92,63,68,126,76,356,360,19,360,360,124,152,82,148,111,329,74,361,154,255,140,145,142,233,109,281,123,92,70,283,282,215,182,,,90,55,,,236,157,299,107,254,235,73,103,103,145,104,121,361,361,361,284,324,248,258,275,186,60,325,263,,14,,,b'\x11\xe8\xe1I\xc6M\xcd\xb8\xaf\x82\x12\xdf\x17\xaeN\x1e'
11E8E149-C64D-CDB8-AF82-12DF17AE4E1E,2024-ncaa-d0-natl,ncaa,246,276,143,263,183,309,314,270,323,242,163,327,341,329,347,319,176,91,346,93,92,244,199,341,341,340,294,335,30,263,259,161,261,205,247,234,80,305,321,289,171,171,131,119,,,317,342,,,317,187,207,263,348,353,337,279,168,352,340,177,88,90,303,260,282,178,246,263,299,178,140,,324,,,312,160,67,135,36,55,130,45,134,172,94,148,350,357,13,357,358,222,190,45,76,133,338,136,356,265,261,173,259,220,247,114,227,233,255,177,344,349,101,96,,,123,53,,,317,167,343,170,315,144,44,106,44,95,132,162,348,354,354,231,188,271,170,225,110,256,342,98,,106,,,b'\x11\xe8\xe1I\xc6M\xcd\xb8\xaf\x82\x12\xdf\x17\xaeN\x1e'
11E8E149-C64D-CDB8-AF82-12DF17AE4E1E,2024-ncaa-d1-conf-SWAC,ncaa,5,6,1,6,1,5,7,8,4,7,9,4,7,9,8,8,7,4,8,4,4,6,6,5,5,5,5,9,4,11,12,3,4,5,5,3,1,8,8,5,10,9,5,5,,,8,8,,,7,4,12,8,11,11,12,10,10,10,10,8,7,7,12,12,12,4,10,5,3,11,7,,4,,,7,7,7,10,3,4,8,3,11,12,7,10,9,10,2,10,9,10,9,5,4,6,12,11,7,5,4,8,12,8,5,5,6,10,11,10,11,9,3,3,,,3,3,,,7,9,9,6,7,4,3,4,2,2,10,9,5,8,8,4,1,2,2,3,2,12,8,2,,6,,,b'\x11\xe8\xe1I\xc6M\xcd\xb8\xaf\x82\x12\xdf\x17\xaeN\x1e'
11E8E149-C64D-CDB8-AF82-12DF17AE4E1E,2024-ncaa-d1-natl,ncaa,243,278,130,262,175,314,329,280,331,256,165,328,348,333,352,321,156,88,341,89,85,246,209,348,347,345,295,339,28,254,247,160,249,206,233,249,85,316,325,301,163,171,143,135,,,331,345,,,317,182,205,264,350,350,335,283,169,352,341,169,77,78,298,253,274,173,243,268,301,174,151,,328,,,314,166,47,137,38,48,118,43,129,164,105,142,354,359,14,359,360,229,200,47,84,133,344,136,360,263,249,174,247,218,233,100,217,235,260,178,346,351,95,89,,,110,56,,,317,180,346,159,317,147,39,94,35,93,123,164,351,358,358,231,187,260,159,210,103,254,344,94,,105,,,b'\x11\xe8\xe1I\xc6M\xcd\xb8\xaf\x82\x12\xdf\x17\xaeN\x1e'
11E8E149-C64D-CDB8-AF82-12DF17AE4E1E,2025-ncaa-d0-natl,genius_ncaa,220,227,194,232,214,280,276,276,251,185,152,247,344,336,350,332,133,90,311,92,102,236,222,310,301,308,320,344,32,234,226,327,341,316,328,277,228,253,277,289,110,87,161,140,,,327,352,,11,301,217,226,139,308,302,300,180,120,351,341,110,62,65,264,224,229,354,332,291,267,92,165,,345,,14,299,170,76,52,249,94,106,172,95,32,326,41,352,355,51,356,358,107,160,239,287,200,300,81,357,263,341,164,226,209,328,61,98,93,68,48,315,333,122,114,,,178,128,,220,301,132,314,238,304,208,91,29,112,102,104,38,353,357,357,120,189,290,191,252,78,73,319,138,,164,,216,b'\x11\xe8\xe1I\xc6M\xcd\xb8\xaf\x82\x12\xdf\x17\xaeN\x1e'
11E8E149-C64D-CDB8-AF82-12DF17AE4E1E,2025-ncaa-d1-conf-SWAC,genius_ncaa,5,6,1,6,1,3,2,5,4,2,2,2,11,9,11,9,4,6,4,6,8,5,5,5,5,5,12,12,8,9,11,7,6,9,8,3,6,6,5,2,3,4,4,5,,,9,9,,1,7,3,10,5,7,4,9,4,6,12,10,6,6,6,9,12,11,12,11,6,3,5,5,,9,,1,7,10,8,8,11,8,7,6,11,4,12,3,11,10,7,10,11,8,9,11,11,7,11,10,11,7,6,11,11,9,8,5,3,3,4,3,7,6,5,3,,,6,7,,7,7,10,7,8,7,5,2,2,2,2,8,2,9,10,10,2,3,3,8,4,3,5,3,3,,9,,7,b'\x11\xe8\xe1I\xc6M\xcd\xb8\xaf\x82\x12\xdf\x17\xaeN\x1e'
11E8E149-C64D-CDB8-AF82-12DF17AE4E1E,2025-ncaa-d1-natl,genius_ncaa,222,226,172,236,204,286,290,271,267,198,144,258,342,334,351,330,125,73,320,76,86,237,220,317,312,319,317,341,31,215,211,329,344,304,327,277,219,270,286,294,97,82,170,151,,,332,351,,17,303,205,218,142,315,309,296,190,122,349,333,106,58,58,256,211,204,351,322,291,275,81,170,,342,,25,303,172,78,52,234,111,127,156,84,26,325,28,353,354,53,355,358,122,184,226,273,193,287,68,357,280,344,178,211,230,327,58,84,82,72,46,320,332,117,106,,,181,134,,225,303,140,319,229,307,202,96,31,122,127,94,31,353,357,357,124,205,296,196,261,64,71,324,136,,166,,226,b'\x11\xe8\xe1I\xc6M\xcd\xb8\xaf\x82\x12\xdf\x17\xaeN\x1e'
11E8E149-C64D-CDB8-AF82-12DF17AE4E1E,2026-ncaa-d0-natl,genius_ncaa,332,198,354,332,362,362,362,362,307,363,362,342,329,352,82,131,362,362,362,362,308,363,362,288,324,346,97,27,349,361,352,363,352,363,358,351,93,60,358,336,345,267,361,352,,,15,320,,25,328,360,188,360,358,343,348,352,321,177,247,361,345,347,358,310,351,358,361,276,350,240,352,,308,,129,357,15,15,5,354,17,4,348,59,18,344,235,65,42,310,38,319,5,4,358,357,356,277,250,242,30,352,9,352,10,358,50,310,352,220,321,70,344,46,310,,,361,322,,344,328,3,356,356,361,347,336,183,302,114,337,254,318,312,311,241,211,303,285,315,346,203,327,265,,337,,271,b'\x11\xe8\xe1I\xc6M\xcd\xb8\xaf\x82\x12\xdf\x17\xaeN\x1e'
11E8E149-C64D-CDB8-AF82-12DF17AE4E1E,2026-ncaa-d1-natl,genius_ncaa,256,195,271,252,343,323,303,322,215,330,304,314,184,289,20,177,360,347,361,347,326,337,311,191,243,307,118,38,349,274,197,322,233,319,216,213,29,259,345,255,271,198,265,209,,,122,278,,90,297,309,145,360,283,251,273,297,215,114,233,358,329,331,316,184,192,271,246,114,345,197,227,,262,,142,305,119,89,46,269,81,41,279,136,111,245,221,231,193,323,187,306,54,56,281,311,297,277,192,299,81,233,64,197,62,216,159,285,276,181,251,239,328,54,120,,,359,357,,337,297,52,302,293,305,284,230,148,205,98,248,231,323,292,291,185,190,189,183,182,282,173,329,106,,355,,319,b'\x11\xe8\xe1I\xc6M\xcd\xb8\xaf\x82\x12\xdf\x17\xaeN\x1e'
11E8E149-C652-12B0-AF82-12DF17AE4E1E,2010-ncaa-d0-natl,ncaa,60,49,81,55,104,156,167,197,121,180,210,131,116,141,92,134,150,205,30,206,174,200,237,103,85,75,111,115,166,170,93,196,188,194,118,165,178,41,75,87,142,107,80,64,,,23,23,,,50,255,341,216,214,217,285,233,265,135,168,177,247,248,289,331,208,282,268,195,26,183,92,,8,,,50,29,59,134,71,113,146,85,70,123,50,174,22,22,160,22,26,92,102,61,36,38,65,149,62,155,188,62,93,76,118,201,301,175,125,200,15,34,56,82,,,210,144,,,50,92,62,49,45,9,29,35,59,78,51,83,15,19,18,12,11,104,23,25,149,226,14,51,,278,,,b'\x11\xe8\xe1I\xc6R\x12\xb0\xaf\x82\x12\xdf\x17\xaeN\x1e'
11E8E149-C652-12B0-AF82-12DF17AE4E1E,2010-ncaa-d1-conf-Patriot,ncaa,2,2,1,2,1,1,2,1,3,2,2,3,2,2,2,4,2,2,2,2,3,2,2,2,2,1,4,4,5,1,2,2,4,1,2,4,7,1,1,1,2,2,1,2,,,2,2,,,1,2,8,4,1,2,1,2,4,2,3,2,3,3,2,4,1,5,1,4,1,3,2,,2,,,1,2,4,6,1,4,7,2,2,6,1,5,2,2,1,2,2,6,7,1,1,2,3,5,2,7,4,3,2,4,2,4,6,2,4,4,1,1,2,1,,,2,2,,,1,7,1,2,1,1,2,4,2,4,1,4,2,2,2,2,1,4,2,2,2,4,1,1,,2,,,b'\x11\xe8\xe1I\xc6R\x12\xb0\xaf\x82\x12\xdf\x17\xaeN\x1e'
11E8E149-C652-12B0-AF82-12DF17AE4E1E,2010-ncaa-d1-natl,ncaa,64,49,91,58,113,168,178,213,123,191,222,134,121,148,92,135,159,216,29,217,176,213,261,105,87,79,112,115,161,185,94,217,190,209,124,174,179,28,76,87,155,114,87,64,,,16,23,,,54,282,341,212,217,223,287,236,266,137,170,176,246,249,291,331,215,284,271,203,27,193,94,,8,,,55,19,48,117,75,100,132,90,58,108,54,173,14,19,161,17,24,68,81,63,41,42,64,149,63,140,190,41,94,55,124,194,301,197,131,204,15,35,52,87,,,221,144,,,54,67,63,51,47,9,31,36,63,80,53,82,15,19,18,12,11,105,22,25,156,232,14,54,,275,,,b'\x11\xe8\xe1I\xc6R\x12\xb0\xaf\x82\x12\xdf\x17\xaeN\x1e'
11E8E149-C652-12B0-AF82-12DF17AE4E1E,2011-ncaa-d0-natl,ncaa,58,36,119,46,135,178,180,246,97,236,302,91,62,86,45,42,261,286,101,288,196,266,287,55,63,69,60,33,286,272,209,185,92,237,102,105,35,58,142,54,135,81,135,103,,,35,74,,,59,283,331,126,203,205,300,269,317,56,83,281,304,311,313,330,290,222,287,92,54,138,136,,24,,,55,19,47,83,72,67,84,104,92,147,54,216,11,14,50,12,31,45,59,61,41,45,80,200,38,80,92,44,209,42,102,65,152,207,133,125,82,155,50,125,,,268,189,,,59,60,86,45,43,14,40,51,56,49,88,133,11,14,14,18,12,69,34,25,53,237,75,42,,308,,,b'\x11\xe8\xe1I\xc6R\x12\xb0\xaf\x82\x12\xdf\x17\xaeN\x1e'
11E8E149-C652-12B0-AF82-12DF17AE4E1E,2011-ncaa-d1-conf-Patriot,ncaa,2,2,1,2,1,1,1,2,1,2,5,2,2,2,1,2,3,3,1,3,5,2,2,1,1,1,3,2,6,4,4,3,3,2,3,1,4,3,2,1,2,2,3,3,,,8,7,,,1,2,6,2,2,2,5,4,7,2,3,4,5,5,5,6,8,6,7,2,2,2,4,,4,,,2,5,3,4,4,6,6,5,2,3,1,2,7,5,5,6,5,5,7,4,4,3,3,2,6,3,3,4,4,4,3,3,3,2,3,3,1,1,2,2,,,3,4,,,1,7,1,3,1,3,2,2,4,1,1,2,4,4,4,2,3,1,3,3,2,5,1,2,,5,,,b'\x11\xe8\xe1I\xc6R\x12\xb0\xaf\x82\x12\xdf\x17\xaeN\x1e'
11E8E149-C652-12B0-AF82-12DF17AE4E1E,2011-ncaa-d1-natl,ncaa,63,35,132,47,153,197,203,269,100,257,313,92,69,93,46,42,269,300,101,303,197,288,307,55,67,70,57,33,284,283,217,208,97,254,109,118,35,43,147,55,146,87,141,103,,,25,76,,,66,306,332,122,209,218,303,278,319,58,80,278,306,312,317,331,292,222,290,99,53,147,136,,25,,,60,11,34,63,75,54,64,108,82,130,54,213,9,12,51,9,30,30,37,65,46,49,79,199,36,68,97,28,217,22,109,47,153,232,141,136,72,155,45,129,,,284,190,,,66,37,87,48,47,15,44,53,58,50,90,134,11,15,14,18,12,69,34,25,57,240,76,43,,309,,,b'\x11\xe8\xe1I\xc6R\x12\xb0\xaf\x82\x12\xdf\x17\xaeN\x1e'
11E8E149-C652-12B0-AF82-12DF17AE4E1E,2012-ncaa-d0-natl,ncaa,44,27,120,32,126,209,171,161,201,187,206,175,137,112,224,94,317,312,280,312,314,193,211,190,243,205,202,97,332,148,142,293,222,243,218,148,109,78,115,105,46,18,132,101,,,86,145,,,100,245,316,60,258,195,177,208,225,137,118,330,323,321,243,277,162,324,289,150,65,39,130,,64,,,101,24,39,42,144,61,84,98,70,47,240,102,33,37,70,35,69,35,71,137,108,36,99,157,94,99,222,156,142,123,218,135,286,66,21,70,62,100,123,142,,,267,255,,,100,80,186,33,104,15,29,15,47,44,72,37,27,36,35,6,25,83,145,105,130,58,69,112,,301,,,b'\x11\xe8\xe1I\xc6R\x12\xb0\xaf\x82\x12\xdf\x17\xaeN\x1e'
11E8E149-C652-12B0-AF82-12DF17AE4E1E,2012-ncaa-d1-conf-Patriot,ncaa,1,1,3,1,4,4,2,2,4,3,3,4,3,3,5,3,7,6,6,6,7,2,4,4,4,3,5,4,7,1,2,7,7,5,6,4,7,2,1,2,1,1,4,5,,,7,7,,,1,5,6,3,4,3,2,4,4,4,2,7,6,7,2,6,1,8,8,6,1,1,5,,6,,,1,1,1,1,4,2,3,2,1,1,6,1,6,6,1,6,7,1,3,3,3,1,4,1,8,2,7,4,2,3,6,2,6,1,1,1,2,2,5,5,,,4,4,,,1,4,1,1,1,1,1,1,1,2,1,1,5,5,5,1,3,1,5,2,2,1,2,5,,5,,,b'\x11\xe8\xe1I\xc6R\x12\xb0\xaf\x82\x12\xdf\x17\xaeN\x1e'
11E8E149-C652-12B0-AF82-12DF17AE4E1E,2012-ncaa-d1-natl,ncaa,50,27,137,36,143,235,194,195,211,207,232,183,142,123,222,94,322,315,278,314,314,220,253,197,249,214,198,97,332,170,153,309,227,271,227,167,110,64,118,109,52,19,139,102,,,71,144,,,106,276,316,58,263,203,185,217,230,138,117,331,325,323,247,280,171,325,293,159,67,44,135,,66,,,106,15,28,25,149,51,62,103,64,37,242,102,24,32,72,30,72,15,49,146,116,44,102,157,93,81,227,130,153,101,227,118,286,78,21,75,53,100,118,146,,,283,256,,,106,52,192,39,108,16,30,16,52,45,73,37,29,35,34,6,25,84,148,110,134,64,69,113,,303,,,b'\x11\xe8\xe1I\xc6R\x12\xb0\xaf\x82\x12\xdf\x17\xaeN\x1e'
11E8E149-C652-12B0-AF82-12DF17AE4E1E,2013-ncaa-d0-natl,ncaa,164,126,251,151,277,272,244,286,173,235,261,196,208,232,122,166,319,328,155,328,322,305,316,165,193,182,209,147,293,289,235,321,284,323,278,220,134,48,168,139,187,118,241,229,,,57,145,,,169,316,304,161,262,223,254,211,230,186,204,311,319,319,290,302,269,321,322,190,102,164,229,,103,,,170,25,58,28,232,90,70,173,68,24,299,69,33,38,81,37,74,20,34,217,195,121,68,130,88,114,284,59,235,66,278,103,213,180,67,125,35,115,125,177,,,328,279,,,169,29,194,146,174,73,118,50,154,134,98,35,55,66,59,41,62,172,122,134,159,125,74,161,,312,,,b'\x11\xe8\xe1I\xc6R\x12\xb0\xaf\x82\x12\xdf\x17\xaeN\x1e'
11E8E149-C652-12B0-AF82-12DF17AE4E1E,2013-ncaa-d1-conf-Patriot,ncaa,4,3,5,4,6,5,3,7,3,2,5,3,7,7,5,7,4,6,3,5,5,7,7,4,4,4,8,7,4,6,6,8,8,8,7,5,6,2,4,3,1,1,8,7,,,6,7,,,3,7,6,4,5,3,5,1,3,7,7,4,5,4,5,6,6,8,8,5,3,1,7,,8,,,3,3,2,2,8,4,2,6,3,1,8,2,4,5,3,5,7,2,2,8,7,4,4,3,5,5,8,2,6,2,7,4,6,1,1,2,2,4,2,2,,,8,4,,,3,2,4,5,3,3,3,2,5,5,4,1,5,7,7,3,3,7,3,4,5,1,4,3,,5,,,b'\x11\xe8\xe1I\xc6R\x12\xb0\xaf\x82\x12\xdf\x17\xaeN\x1e'
11E8E149-C652-12B0-AF82-12DF17AE4E1E,2013-ncaa-d1-natl,ncaa,171,126,292,155,306,293,266,306,176,254,276,202,214,235,122,160,320,332,155,332,321,321,327,169,196,185,204,143,293,297,238,334,287,332,286,235,136,43,168,143,198,129,248,234,,,48,146,,,175,334,305,157,269,230,261,215,232,188,207,311,321,320,292,302,273,322,324,194,101,171,232,,105,,,176,16,44,14,238,81,57,175,58,18,302,68,30,37,84,34,73,5,16,222,204,132,71,127,90,98,287,44,238,49,286,92,215,195,68,132,28,116,120,182,,,335,276,,,175,11,199,154,180,79,120,50,161,135,97,34,56,67,61,40,60,176,127,138,166,130,74,167,,312,,,b'\x11\xe8\xe1I\xc6R\x12\xb0\xaf\x82\x12\xdf\x17\xaeN\x1e'
11E8E149-C652-12B0-AF82-12DF17AE4E1E,2014-ncaa-d0-natl,ncaa,61,57,85,63,130,176,140,188,94,171,233,63,104,97,163,82,297,311,120,309,291,218,261,87,106,72,162,90,321,242,238,108,43,158,119,59,19,14,41,17,219,193,293,279,,,71,125,,,38,263,341,348,238,193,268,213,282,116,112,319,329,328,302,336,269,143,222,51,10,236,309,,36,,,39,16,22,99,25,18,75,29,150,188,86,260,32,29,153,30,79,60,77,32,25,23,245,270,112,58,43,166,238,116,119,102,284,176,111,134,35,65,57,94,,,242,160,,,38,88,85,22,33,4,13,22,9,16,121,159,18,21,24,8,7,34,110,54,72,224,23,41,,309,,,b'\x11\xe8\xe1I\xc6R\x12\xb0\xaf\x82\x12\xdf\x17\xaeN\x1e'
11E8E149-C652-12B0-AF82-12DF17AE4E1E,2014-ncaa-d1-conf-Patriot,ncaa,3,3,3,3,5,6,5,8,3,3,7,2,6,5,8,4,5,6,3,6,4,9,9,3,5,4,6,5,5,8,7,7,2,7,4,3,4,1,3,2,4,2,10,9,,,5,7,,,2,8,8,9,7,6,9,4,8,8,4,5,7,7,9,10,8,6,8,4,1,5,10,,4,,,2,1,1,2,1,1,2,2,2,4,2,9,3,3,7,3,7,1,2,2,2,1,7,8,7,2,2,4,7,2,4,3,8,3,1,2,2,2,2,2,,,6,4,,,2,2,3,1,2,1,1,2,1,1,3,4,3,2,2,1,2,2,3,2,3,4,2,2,,6,,,b'\x11\xe8\xe1I\xc6R\x12\xb0\xaf\x82\x12\xdf\x17\xaeN\x1e'
11E8E149-C652-12B0-AF82-12DF17AE4E1E,2014-ncaa-d1-natl,ncaa,67,57,100,67,144,194,162,211,100,191,255,64,114,109,168,83,306,317,121,316,292,245,292,86,109,74,161,90,322,257,243,124,45,186,123,66,19,10,42,18,227,196,304,282,,,53,123,,,45,295,341,348,245,197,270,216,286,115,114,321,329,328,303,339,271,149,235,55,10,244,312,,38,,,42,10,12,69,26,10,52,31,135,177,90,260,24,22,154,24,78,38,44,32,26,24,239,270,110,49,45,146,243,87,123,93,284,198,116,137,26,66,52,95,,,268,161,,,45,54,91,22,35,5,13,23,9,16,118,160,19,21,25,7,7,35,115,56,74,230,25,45,,310,,,b'\x11\xe8\xe1I\xc6R\x12\xb0\xaf\x82\x12\xdf\x17\xaeN\x1e'
11E8E149-C652-12B0-AF82-12DF17AE4E1E,2015-ncaa-d0-natl,ncaa,33,37,48,34,62,103,80,180,22,65,147,27,178,210,101,208,172,216,62,210,239,186,229,35,37,28,264,213,251,326,318,134,148,243,242,33,18,48,78,17,180,185,184,202,,,142,126,,,71,167,330,243,174,143,314,113,245,210,250,245,282,281,326,337,344,239,330,31,25,231,229,,65,,,73,121,115,193,64,107,209,48,177,164,199,170,183,155,271,155,126,184,182,76,83,113,221,215,211,186,148,145,318,158,242,135,168,174,184,149,20,40,68,64,,,169,120,,,71,181,73,112,64,32,35,50,38,90,124,106,119,96,95,31,20,93,55,53,76,248,13,43,,289,,,b'\x11\xe8\xe1I\xc6R\x12\xb0\xaf\x82\x12\xdf\x17\xaeN\x1e'
11E8E149-C652-12B0-AF82-12DF17AE4E1E,2015-ncaa-d1-conf-Patriot,ncaa,1,1,1,1,1,2,1,3,1,1,2,1,9,8,2,9,6,5,4,4,8,3,4,1,1,1,9,9,9,8,7,2,3,5,3,1,2,1,1,1,5,6,5,6,,,3,2,,,1,3,8,5,2,1,7,1,4,9,9,7,7,7,6,9,9,6,8,1,1,6,6,,1,,,1,5,3,8,1,3,8,1,5,9,3,9,5,4,10,4,5,8,7,1,2,2,8,7,6,6,3,3,7,5,3,2,2,5,6,4,1,1,2,1,,,4,4,,,1,8,1,1,1,3,2,5,2,6,4,6,4,3,4,3,3,3,2,2,2,6,1,2,,8,,,b'\x11\xe8\xe1I\xc6R\x12\xb0\xaf\x82\x12\xdf\x17\xaeN\x1e'
11E8E149-C652-12B0-AF82-12DF17AE4E1E,2015-ncaa-d1-natl,ncaa,36,37,55,39,77,129,96,227,22,84,172,30,192,221,104,205,190,241,61,236,239,226,271,40,39,31,263,213,248,333,323,167,152,284,255,37,18,34,81,18,202,195,204,210,,,109,132,,,83,211,330,241,188,152,317,117,247,212,255,249,284,283,327,338,344,251,330,34,24,242,231,,70,,,85,89,89,164,66,87,178,53,161,151,205,163,167,139,272,135,128,148,141,80,94,124,219,211,207,161,152,115,323,125,255,118,166,200,194,156,15,42,60,68,,,201,116,,,83,139,77,122,73,40,39,52,42,88,126,102,123,99,96,33,20,95,56,55,79,251,13,41,,290,,,b'\x11\xe8\xe1I\xc6R\x12\xb0\xaf\x82\x12\xdf\x17\xaeN\x1e'
11E8E149-C652-12B0-AF82-12DF17AE4E1E,2015-ncaa-d1-ncaatournament,ncaa,33,2,33,33,33,40,41,58,22,57,63,35,21,35,5,2,55,57,5,55,46,61,60,5,6,11,4,3,57,52,32,44,3,49,10,34,6,14,47,14,45,19,33,18,,,7,35,,,34,60,58,4,30,32,51,57,63,1,8,54,57,55,58,58,47,39,47,5,33,26,21,,18,,,36,14,8,5,51,3,6,29,34,19,61,45,16,9,64,9,43,4,2,59,59,62,59,58,35,1,3,2,32,1,10,9,29,58,52,52,9,28,2,17,,,59,59,,,34,5,11,57,35,36,27,9,8,8,54,31,41,27,29,8,2,1,9,1,29,58,20,3,,59,,,b'\x11\xe8\xe1I\xc6R\x12\xb0\xaf\x82\x12\xdf\x17\xaeN\x1e'
11E8E149-C652-12B0-AF82-12DF17AE4E1E,2016-ncaa-d0-natl,ncaa,280,307,114,295,148,295,238,290,166,207,240,153,264,258,258,200,336,331,263,331,317,303,299,196,238,253,293,213,320,322,308,181,71,273,201,141,39,186,275,155,316,311,172,132,,,258,333,,,265,272,328,212,334,295,337,239,265,282,267,342,335,335,342,339,338,217,316,157,180,331,181,,255,,,258,101,55,53,140,41,55,95,199,133,303,192,237,247,116,256,313,79,64,173,194,203,317,239,292,44,71,127,308,76,201,85,171,255,208,178,277,319,127,167,,,204,80,,,265,80,292,177,259,77,46,23,27,26,198,120,233,247,254,35,18,41,106,58,72,280,251,114,,243,,,b'\x11\xe8\xe1I\xc6R\x12\xb0\xaf\x82\x12\xdf\x17\xaeN\x1e'
11E8E149-C652-12B0-AF82-12DF17AE4E1E,2016-ncaa-d1-conf-Patriot,ncaa,7,7,3,7,5,8,4,8,3,3,5,3,7,9,6,8,9,9,6,9,9,8,9,3,4,4,10,8,9,10,10,5,3,8,4,2,2,5,7,3,10,8,5,5,,,10,10,,,7,8,9,6,7,5,10,3,5,8,9,9,9,9,10,10,10,6,9,2,5,10,7,,10,,,7,5,4,2,4,3,4,4,4,3,7,5,9,9,4,9,10,4,2,4,6,6,8,4,10,3,3,6,10,4,4,2,2,8,6,4,8,10,1,1,,,6,1,,,7,3,4,6,7,4,3,3,3,3,4,3,9,9,9,4,3,3,3,3,2,8,8,1,,5,,,b'\x11\xe8\xe1I\xc6R\x12\xb0\xaf\x82\x12\xdf\x17\xaeN\x1e'
11E8E149-C652-12B0-AF82-12DF17AE4E1E,2016-ncaa-d1-natl,ncaa,293,305,142,300,179,319,276,324,174,241,265,161,277,275,260,199,339,334,262,334,319,330,333,203,246,261,290,213,319,335,317,219,76,307,214,168,41,163,277,162,329,315,191,138,,,241,335,,,277,309,330,199,335,303,341,243,267,280,270,343,335,335,342,341,339,232,320,168,180,334,189,,255,,,274,74,39,31,154,27,33,103,190,111,311,190,223,235,117,244,314,37,28,185,201,216,317,238,292,30,76,97,317,48,214,66,171,275,217,192,256,321,107,170,,,231,75,,,277,43,302,189,276,84,51,24,28,26,199,118,238,248,254,34,18,40,110,59,74,287,255,114,,245,,,b'\x11\xe8\xe1I\xc6R\x12\xb0\xaf\x82\x12\xdf\x17\xaeN\x1e'
11E8E149-C652-12B0-AF82-12DF17AE4E1E,2017-ncaa-d0-natl,ncaa,169,184,116,174,116,201,162,227,76,115,154,89,254,270,178,249,270,287,158,292,315,249,258,104,115,136,308,261,269,308,293,180,130,258,208,64,16,124,188,65,223,205,264,276,,,170,203,,,142,229,322,11,241,187,296,115,187,268,281,293,305,309,316,329,321,223,310,49,103,239,280,,148,,,142,68,70,117,95,119,163,95,67,81,90,116,181,157,275,162,171,113,133,83,92,90,146,100,242,108,130,108,293,90,208,47,74,162,131,71,118,174,198,188,,,195,90,,,142,141,180,84,127,58,55,53,89,120,57,72,160,130,136,52,53,99,91,79,43,175,104,185,,230,,,b'\x11\xe8\xe1I\xc6R\x12\xb0\xaf\x82\x12\xdf\x17\xaeN\x1e'
11E8E149-C652-12B0-AF82-12DF17AE4E1E,2017-ncaa-d1-conf-Patriot,ncaa,4,4,3,4,5,5,4,8,3,2,3,2,8,8,9,8,6,6,2,7,7,7,10,5,3,2,10,8,7,8,7,5,2,7,4,2,1,1,2,1,7,7,10,10,,,2,3,,,3,9,10,6,6,5,8,4,4,8,8,7,7,7,9,10,8,6,8,1,1,7,10,,3,,,3,1,2,3,4,2,4,3,4,3,6,6,3,3,4,3,4,2,1,4,4,5,5,6,4,2,2,4,7,3,4,1,2,5,4,2,1,2,7,7,,,7,4,,,3,2,3,4,3,2,2,2,3,3,4,3,3,4,4,2,1,2,4,3,1,6,1,7,,7,,,b'\x11\xe8\xe1I\xc6R\x12\xb0\xaf\x82\x12\xdf\x17\xaeN\x1e'
11E8E149-C652-12B0-AF82-12DF17AE4E1E,2017-ncaa-d1-natl,ncaa,175,181,144,184,144,233,193,280,84,140,189,93,266,277,183,246,289,307,152,309,314,295,308,112,121,140,306,258,268,324,298,224,143,298,223,75,16,90,196,69,247,213,280,280,,,142,206,,,159,287,324,11,255,198,303,123,192,270,280,298,308,311,318,330,324,237,315,59,103,245,288,,148,,,159,47,51,70,100,95,118,104,51,58,98,113,158,133,282,137,171,64,71,91,99,103,141,97,242,79,143,81,298,62,223,37,80,186,138,84,101,174,180,194,,,223,91,,,159,80,189,94,141,61,60,54,91,118,53,66,168,131,137,53,57,101,95,81,48,185,105,194,,230,,,b'\x11\xe8\xe1I\xc6R\x12\xb0\xaf\x82\x12\xdf\x17\xaeN\x1e'
11E8E149-C652-12B0-AF82-12DF17AE4E1E,2018-ncaa-d0-natl,ncaa,22,16,43,20,44,108,130,128,150,132,138,156,134,131,143,166,72,101,59,90,121,109,138,143,122,92,142,168,92,293,320,71,216,149,275,70,28,60,60,44,152,178,185,212,,,198,116,,,72,93,290,35,183,200,249,204,219,177,186,117,159,149,236,309,327,131,270,89,39,194,225,,107,,,73,104,86,242,12,58,229,12,180,223,110,181,234,226,214,230,190,250,267,16,24,24,291,224,271,303,216,295,320,313,275,68,105,83,124,49,147,131,204,180,,,44,25,,,72,250,134,36,73,34,20,99,15,113,131,142,177,167,170,88,113,243,219,239,27,134,90,162,,95,,,b'\x11\xe8\xe1I\xc6R\x12\xb0\xaf\x82\x12\xdf\x17\xaeN\x1e'
11E8E149-C652-12B0-AF82-12DF17AE4E1E,2018-ncaa-d1-conf-Patriot,ncaa,1,1,1,1,1,1,1,3,2,2,3,2,3,3,3,6,2,2,2,2,3,2,4,2,2,1,4,5,4,8,10,2,9,4,10,1,1,1,1,1,5,7,7,7,,,5,2,,,1,2,5,3,2,1,5,5,4,4,3,2,3,3,5,8,10,2,6,1,1,6,7,,3,,,2,5,3,10,2,4,9,3,6,7,2,7,5,6,5,6,4,10,9,2,3,2,7,7,6,10,9,8,10,9,10,2,2,2,4,2,4,3,7,6,,,1,1,,,1,9,2,2,2,2,2,8,3,5,6,7,4,4,4,7,8,10,7,8,1,3,3,5,,1,,,b'\x11\xe8\xe1I\xc6R\x12\xb0\xaf\x82\x12\xdf\x17\xaeN\x1e'
11E8E149-C652-12B0-AF82-12DF17AE4E1E,2018-ncaa-d1-natl,ncaa,24,16,53,22,54,127,152,158,158,159,169,166,147,152,146,163,88,131,58,121,116,139,184,154,128,100,137,166,90,312,323,90,224,194,285,78,28,43,63,46,174,188,205,219,,,174,119,,,79,123,292,34,195,218,258,215,225,181,187,118,165,156,247,313,328,140,278,97,41,200,225,,111,,,81,78,53,217,15,38,201,14,167,196,116,176,216,208,217,210,194,231,239,19,26,29,285,223,271,296,224,285,323,303,285,50,105,104,132,55,128,135,193,189,,,52,24,,,79,220,142,43,77,41,21,101,17,115,132,139,181,168,173,95,112,252,227,243,30,140,91,171,,99,,,b'\x11\xe8\xe1I\xc6R\x12\xb0\xaf\x82\x12\xdf\x17\xaeN\x1e'
11E8E149-C652-12B0-AF82-12DF17AE4E1E,2018-ncaa-d1-ncaatournament,ncaa,33,2,33,33,34,49,43,53,30,51,56,37,31,41,17,11,61,57,63,56,54,59,58,20,38,45,24,6,62,39,20,39,28,38,24,36,3,15,50,24,53,48,35,34,,,1,10,,,34,61,62,7,48,35,47,46,51,10,19,61,57,56,58,57,22,26,27,8,42,49,19,,3,,,39,5,9,15,27,8,18,6,21,12,61,23,6,5,41,5,17,7,2,28,28,36,44,46,22,10,28,7,20,7,24,25,61,60,56,60,25,59,13,38,,,50,42,,,34,3,43,34,38,23,25,29,19,40,45,19,18,15,16,19,2,24,20,18,54,57,51,28,,45,,,b'\x11\xe8\xe1I\xc6R\x12\xb0\xaf\x82\x12\xdf\x17\xaeN\x1e'
11E8E149-C652-12B0-AF82-12DF17AE4E1E,2019-ncaa-d0-natl,ncaa,63,73,47,73,74,111,143,211,85,193,240,109,86,129,43,127,67,88,60,93,42,192,209,64,53,54,60,106,66,331,339,106,119,225,267,43,5,87,121,41,154,169,226,229,,,155,125,,,93,129,304,272,182,237,332,274,305,111,187,85,138,144,325,339,344,199,332,64,51,208,255,,78,,,95,133,146,209,95,127,151,149,214,274,77,287,94,123,83,117,137,197,212,107,90,83,204,265,107,165,119,258,339,241,267,156,152,121,134,117,198,213,245,270,,,59,14,,,93,223,112,81,90,41,60,64,55,38,151,214,57,73,69,42,42,85,148,115,86,195,126,197,,105,,,b'\x11\xe8\xe1I\xc6R\x12\xb0\xaf\x82\x12\xdf\x17\xaeN\x1e'
11E8E149-C652-12B0-AF82-12DF17AE4E1E,2019-ncaa-d1-conf-Patriot,ncaa,2,2,1,2,1,2,2,8,2,3,10,2,2,4,2,4,1,1,3,1,1,5,7,2,2,2,2,4,1,10,10,4,3,8,8,1,1,1,1,1,3,4,5,5,,,8,5,,,2,2,6,7,2,4,10,5,10,2,7,1,1,1,9,10,10,6,10,1,1,5,5,,4,,,2,4,2,5,3,6,7,5,1,6,1,6,6,7,4,6,8,5,8,3,3,2,5,1,8,6,3,5,10,6,8,2,2,3,2,1,3,3,9,9,,,1,1,,,2,9,2,1,2,1,1,3,2,2,1,4,6,6,5,3,5,3,4,3,1,4,2,8,,1,,,b'\x11\xe8\xe1I\xc6R\x12\xb0\xaf\x82\x12\xdf\x17\xaeN\x1e'
11E8E149-C652-12B0-AF82-12DF17AE4E1E,2019-ncaa-d1-natl,ncaa,73,73,62,79,100,142,182,257,97,238,274,122,101,145,46,128,83,115,60,117,42,240,267,68,54,61,55,105,65,341,344,141,129,277,277,62,5,63,122,43,187,179,241,234,,,129,132,,,106,188,305,272,192,251,334,283,308,118,186,90,142,147,328,340,345,209,336,70,51,216,262,,83,,,107,95,118,174,106,101,120,156,201,261,84,284,84,100,86,96,137,151,150,121,102,99,202,265,107,133,129,228,344,194,277,135,152,155,142,133,177,219,231,278,,,74,13,,,106,163,120,100,103,42,70,67,60,39,161,214,57,75,72,44,40,88,152,119,94,209,127,204,,109,,,b'\x11\xe8\xe1I\xc6R\x12\xb0\xaf\x82\x12\xdf\x17\xaeN\x1e'
11E8E149-C652-12B0-AF82-12DF17AE4E1E,2020-ncaa-d0-natl,ncaa,197,216,87,212,112,258,287,309,225,310,325,137,154,111,259,55,191,255,47,246,79,301,303,182,152,186,57,101,93,342,342,241,133,320,295,200,61,137,223,170,174,134,194,184,,,38,63,,,212,267,329,123,296,327,346,325,336,163,120,201,268,258,344,345,346,278,342,229,129,188,204,,26,,,212,87,154,101,223,131,130,167,211,121,316,209,13,9,258,10,18,61,62,242,206,169,135,269,14,63,133,205,342,143,295,217,253,164,100,194,85,150,94,223,,,252,135,,,212,77,251,154,223,63,121,57,105,84,195,110,9,8,8,20,17,52,176,122,207,186,74,88,,273,,,b'\x11\xe8\xe1I\xc6R\x12\xb0\xaf\x82\x12\xdf\x17\xaeN\x1e'
11E8E149-C652-12B0-AF82-12DF17AE4E1E,2020-ncaa-d1-conf-Patriot,ncaa,7,7,1,7,1,6,8,7,7,7,7,6,4,3,8,3,1,2,2,2,2,7,5,7,6,7,2,5,1,9,10,6,8,8,9,6,3,8,7,6,4,5,4,6,,,6,5,,,7,4,6,1,6,9,9,8,9,6,4,1,2,2,7,7,9,9,9,7,5,5,5,,5,,,7,5,7,8,5,8,9,5,2,2,4,2,5,3,9,2,2,7,7,5,5,5,1,1,3,8,8,8,10,9,9,7,6,2,4,4,7,6,8,8,,,2,1,,,7,7,8,5,7,4,5,4,7,7,2,2,3,2,2,4,4,8,5,4,7,5,5,6,,2,,,b'\x11\xe8\xe1I\xc6R\x12\xb0\xaf\x82\x12\xdf\x17\xaeN\x1e'
11E8E149-C652-12B0-AF82-12DF17AE4E1E,2020-ncaa-d1-natl,ncaa,214,215,128,220,168,297,324,336,239,323,335,148,163,127,262,54,214,274,46,265,77,329,331,192,165,194,57,101,87,346,343,277,140,341,299,232,63,114,226,175,203,144,206,186,,,26,64,,,222,310,330,110,308,335,347,329,338,167,125,205,273,262,345,347,347,286,344,239,128,201,207,,25,,,223,65,129,67,233,117,97,183,198,103,322,208,12,9,265,10,17,32,33,253,221,190,134,268,14,47,140,173,343,117,299,206,251,199,112,211,67,156,88,232,,,273,133,,,222,39,259,170,235,67,129,61,114,87,196,110,10,9,9,18,16,54,181,126,213,197,75,88,,274,,,b'\x11\xe8\xe1I\xc6R\x12\xb0\xaf\x82\x12\xdf\x17\xaeN\x1e'
11E8E149-C652-12B0-AF82-12DF17AE4E1E,2021-ncaa-d0-natl,ncaa,225,20,329,86,330,327,327,332,25,323,332,33,330,333,113,271,312,314,159,314,61,332,331,47,37,87,259,282,73,335,325,331,48,332,175,317,45,12,279,137,323,153,272,46,,,12,136,,,146,331,219,224,172,174,339,107,236,269,310,89,97,91,327,321,337,184,317,84,220,181,71,,91,,,130,12,12,12,123,12,11,123,22,19,203,258,18,12,312,12,205,12,12,154,174,151,285,259,201,10,48,11,325,12,175,11,211,328,121,137,13,215,4,4,,,324,6,,,146,13,157,111,129,97,78,72,52,45,204,205,163,116,118,62,58,29,55,27,139,152,160,2,,42,,,b'\x11\xe8\xe1I\xc6R\x12\xb0\xaf\x82\x12\xdf\x17\xaeN\x1e'
11E8E149-C652-12B0-AF82-12DF17AE4E1E,2021-ncaa-d1-conf-Patriot,ncaa,4,4,7,4,7,7,7,8,2,6,8,2,9,8,5,9,3,3,7,3,1,8,7,2,1,4,6,10,1,8,8,8,6,8,6,6,3,5,10,5,6,4,2,2,,,3,7,,,4,7,3,3,4,5,10,3,7,9,10,1,1,1,9,7,10,6,8,5,9,4,3,,7,,,4,4,4,4,5,4,3,5,4,5,6,8,6,5,6,5,9,4,4,6,7,4,7,7,10,3,6,3,8,4,6,3,6,6,3,2,4,9,1,1,,,4,1,,,4,4,4,4,4,5,4,4,4,4,8,8,9,9,9,4,9,5,2,2,4,3,9,1,,1,,,b'\x11\xe8\xe1I\xc6R\x12\xb0\xaf\x82\x12\xdf\x17\xaeN\x1e'
11E8E149-C652-12B0-AF82-12DF17AE4E1E,2021-ncaa-d1-natl,ncaa,230,20,330,90,330,329,329,332,27,324,332,33,331,333,113,271,313,317,162,316,59,332,331,49,42,90,257,282,72,335,328,332,51,332,184,320,42,12,283,141,327,161,278,48,,,12,138,,,154,331,222,225,181,179,340,113,241,270,310,92,96,93,332,324,337,193,318,90,222,189,71,,90,,,140,12,12,12,135,12,11,129,20,18,213,257,17,12,314,12,206,12,12,160,186,161,284,259,203,10,51,11,328,12,184,11,213,329,123,139,12,220,4,4,,,324,5,,,154,13,160,118,139,101,81,73,53,45,208,203,161,119,123,63,56,29,55,29,147,164,164,2,,43,,,b'\x11\xe8\xe1I\xc6R\x12\xb0\xaf\x82\x12\xdf\x17\xaeN\x1e'
11E8E149-C652-12B0-AF82-12DF17AE4E1E,2022-ncaa-d0-natl,ncaa,43,49,52,51,62,149,134,157,92,74,115,59,281,245,321,251,171,171,153,178,231,165,135,145,145,176,323,311,189,286,307,148,183,206,261,68,33,283,250,118,72,81,230,265,,,209,135,,,117,101,291,134,263,215,324,118,212,313,286,235,243,251,316,336,334,276,342,90,187,116,271,,95,,,123,135,199,212,168,277,239,251,24,152,3,127,81,83,129,86,67,194,244,115,95,36,9,20,93,212,183,237,307,228,261,141,85,37,36,34,240,214,147,110,,,83,67,,,117,252,226,39,125,29,83,53,184,118,9,65,40,41,42,27,75,128,100,99,68,64,158,87,,163,,,b'\x11\xe8\xe1I\xc6R\x12\xb0\xaf\x82\x12\xdf\x17\xaeN\x1e'
11E8E149-C652-12B0-AF82-12DF17AE4E1E,2022-ncaa-d1-conf-Patriot,ncaa,1,1,1,1,2,3,3,4,2,1,2,3,8,7,9,8,2,2,4,2,5,4,3,4,3,4,9,9,1,7,7,8,8,8,8,1,1,6,6,3,1,1,5,5,,,9,6,,,3,2,7,5,6,4,8,2,4,8,7,2,2,2,7,8,7,9,9,1,5,1,7,,6,,,4,5,5,4,6,6,6,7,1,5,1,6,9,8,5,8,7,5,9,5,6,2,2,1,10,9,8,7,7,8,8,5,6,1,1,1,9,9,7,4,,,1,1,,,3,9,5,2,4,2,2,2,6,3,1,3,7,7,7,2,4,7,4,6,4,1,8,5,,1,,,b'\x11\xe8\xe1I\xc6R\x12\xb0\xaf\x82\x12\xdf\x17\xaeN\x1e'
11E8E149-C652-12B0-AF82-12DF17AE4E1E,2022-ncaa-d1-natl,ncaa,48,49,67,57,78,195,167,200,100,93,146,67,295,257,321,253,191,196,159,205,233,206,176,151,154,188,323,308,181,311,316,189,188,252,276,79,41,262,258,131,92,90,249,274,,,179,139,,,143,132,293,130,283,235,335,127,220,315,290,237,247,253,329,340,342,288,344,104,187,131,278,,97,,,151,112,172,168,183,251,211,266,19,121,3,125,71,69,137,73,71,143,209,126,102,48,9,20,92,182,188,217,316,196,276,127,89,48,41,41,210,223,138,120,,,99,57,,,143,222,243,52,150,35,92,54,189,118,10,65,45,42,42,30,75,128,104,105,74,74,163,93,,160,,,b'\x11\xe8\xe1I\xc6R\x12\xb0\xaf\x82\x12\xdf\x17\xaeN\x1e'
11E8E149-C652-12B0-AF82-12DF17AE4E1E,2022-ncaa-d1-ncaatournament,ncaa,37,2,37,37,38,66,62,56,60,51,60,30,67,46,68,13,66,67,15,67,67,64,54,62,63,65,68,67,64,47,43,50,34,52,46,52,19,32,66,62,53,47,49,51,,,13,39,,,62,57,31,5,65,60,46,43,51,66,26,66,67,67,61,37,34,44,40,47,65,46,43,,40,,,64,11,25,26,56,28,25,56,11,15,30,26,1,1,1,1,3,16,13,50,42,46,3,20,1,17,34,17,43,20,46,33,62,52,46,62,31,63,6,15,,,67,67,,,62,15,65,46,64,42,60,56,61,57,27,27,2,4,4,38,34,31,46,48,65,45,61,9,,67,,,b'\x11\xe8\xe1I\xc6R\x12\xb0\xaf\x82\x12\xdf\x17\xaeN\x1e'
11E8E149-C652-12B0-AF82-12DF17AE4E1E,2023-ncaa-d0-natl,ncaa,281,317,116,302,143,238,199,206,199,123,114,192,322,304,324,306,266,283,119,283,343,220,160,242,247,280,347,328,234,307,327,218,262,273,313,146,73,337,334,244,120,136,329,342,,,322,329,,,312,120,136,162,294,241,286,129,130,333,321,292,314,314,302,220,329,283,328,155,321,122,342,,323,,,307,258,249,195,262,268,177,303,155,216,85,202,270,259,203,257,258,206,235,255,266,217,145,113,233,234,262,253,327,260,313,184,116,89,93,93,260,252,124,86,,,167,172,,,312,239,319,218,306,239,229,153,248,125,146,197,259,254,248,177,235,228,240,239,166,95,242,116,,195,,,b'\x11\xe8\xe1I\xc6R\x12\xb0\xaf\x82\x12\xdf\x17\xaeN\x1e'
11E8E149-C652-12B0-AF82-12DF17AE4E1E,2023-ncaa-d1-conf-Patriot,ncaa,7,7,3,7,6,5,5,7,3,4,2,4,8,8,5,8,5,6,4,6,7,5,5,4,4,6,9,8,5,9,7,7,9,9,9,4,3,10,10,7,1,1,8,7,,,10,9,,,7,3,2,6,5,5,7,3,2,8,8,5,6,6,8,4,9,7,10,4,10,1,8,,9,,,7,8,6,5,5,4,2,7,8,9,5,9,9,9,5,9,9,6,8,6,7,6,9,8,9,7,9,7,7,7,9,8,7,1,2,2,8,8,5,5,,,3,4,,,7,8,8,6,7,7,6,4,4,2,8,9,9,9,9,5,9,7,6,7,7,1,8,5,,2,,,b'\x11\xe8\xe1I\xc6R\x12\xb0\xaf\x82\x12\xdf\x17\xaeN\x1e'
11E8E149-C652-12B0-AF82-12DF17AE4E1E,2023-ncaa-d1-natl,ncaa,299,316,151,309,183,279,238,264,212,157,142,198,333,317,329,306,285,312,118,310,343,280,221,250,250,293,347,327,225,331,332,265,271,316,324,178,77,328,336,255,153,150,340,345,,,311,330,,,319,158,141,162,306,257,294,144,135,333,323,296,319,322,308,229,334,287,333,162,324,142,344,,327,,,316,229,231,155,274,246,134,316,142,190,91,200,257,243,211,241,261,166,200,271,282,241,142,114,234,216,271,224,332,231,324,164,117,115,104,109,239,261,113,95,,,198,161,,,319,194,329,251,315,250,241,156,252,128,154,198,263,256,252,181,230,231,244,248,177,103,248,123,,195,,,b'\x11\xe8\xe1I\xc6R\x12\xb0\xaf\x82\x12\xdf\x17\xaeN\x1e'
11E8E149-C652-12B0-AF82-12DF17AE4E1E,2024-ncaa-d0-natl,ncaa,264,276,196,276,206,243,207,223,180,147,166,154,308,279,333,259,243,224,272,219,228,220,218,233,243,253,321,309,181,261,263,257,176,269,258,127,46,207,234,142,122,102,350,352,,,231,285,,,253,206,168,95,244,202,235,116,127,313,271,233,212,206,235,200,258,264,290,99,236,109,350,,259,,,251,169,155,104,278,221,138,298,84,91,137,113,233,241,191,244,266,114,126,259,267,236,108,66,259,95,176,184,263,138,258,117,107,148,115,116,246,271,165,160,,,205,166,,,253,151,270,215,252,203,199,110,257,156,86,96,257,251,253,131,167,115,236,187,138,115,267,178,,181,,,b'\x11\xe8\xe1I\xc6R\x12\xb0\xaf\x82\x12\xdf\x17\xaeN\x1e'
11E8E149-C652-12B0-AF82-12DF17AE4E1E,2024-ncaa-d1-conf-Patriot,ncaa,9,9,7,9,7,8,6,3,8,3,4,4,10,6,10,6,7,6,9,6,6,3,4,8,8,9,10,10,4,4,4,9,8,6,5,6,5,8,7,7,2,2,9,9,,,10,10,,,9,4,2,2,6,4,2,1,2,10,6,4,2,2,2,1,3,8,3,5,9,2,9,,10,,,9,6,8,2,9,8,4,9,3,4,3,4,9,8,6,8,9,3,6,8,9,7,4,3,9,4,8,7,4,6,5,4,4,2,3,1,5,5,8,7,,,5,7,,,9,7,8,6,9,9,9,5,8,7,3,4,10,10,10,6,10,4,9,8,4,2,6,9,,4,,,b'\x11\xe8\xe1I\xc6R\x12\xb0\xaf\x82\x12\xdf\x17\xaeN\x1e'
11E8E149-C652-12B0-AF82-12DF17AE4E1E,2024-ncaa-d1-natl,ncaa,289,278,254,293,269,287,251,278,200,176,201,167,326,298,337,266,267,247,273,244,230,277,277,247,259,263,323,309,178,295,277,297,190,310,276,150,51,183,243,157,150,114,354,356,,,204,295,,,275,264,180,88,263,228,245,128,131,318,278,239,216,208,247,211,266,275,300,111,236,121,353,,267,,,278,134,134,60,293,196,98,310,64,66,152,113,216,219,197,220,271,68,75,272,275,253,108,67,260,77,190,153,277,104,276,96,110,180,124,139,222,275,151,171,,,232,160,,,275,95,283,235,281,219,213,112,265,163,91,97,268,262,263,134,165,116,242,199,149,130,270,194,,179,,,b'\x11\xe8\xe1I\xc6R\x12\xb0\xaf\x82\x12\xdf\x17\xaeN\x1e'
11E8E149-C652-12B0-AF82-12DF17AE4E1E,2025-ncaa-d0-natl,genius_ncaa,360,361,194,362,234,323,316,242,350,309,268,322,265,174,332,122,303,250,343,249,168,246,230,338,346,342,149,161,180,272,319,184,298,228,323,231,57,259,285,262,328,344,209,227,,,106,107,,59,355,209,193,269,343,341,262,329,262,257,158,305,252,249,275,235,273,151,228,226,271,337,202,,123,,68,355,291,309,264,283,285,207,324,293,314,165,306,114,140,77,137,141,255,182,290,264,340,155,263,45,297,298,281,319,301,323,326,275,353,358,361,264,285,186,265,,,322,331,,335,355,140,349,350,356,326,339,334,319,237,317,337,136,158,156,330,226,318,326,329,340,355,284,207,,325,,333,b'\x11\xe8\xe1I\xc6R\x12\xb0\xaf\x82\x12\xdf\x17\xaeN\x1e'
11E8E149-C652-12B0-AF82-12DF17AE4E1E,2025-ncaa-d1-conf-Patriot,genius_ncaa,10,10,7,10,9,10,10,7,10,10,9,9,9,4,10,4,6,5,9,5,4,7,5,10,10,10,7,6,4,4,9,7,10,6,9,10,5,10,9,10,8,9,5,5,,,5,5,,8,10,5,2,6,10,10,6,10,6,9,4,6,5,5,6,2,4,4,4,10,10,8,5,,8,,8,10,10,10,9,10,10,4,10,10,10,9,9,8,7,6,6,7,10,7,10,10,10,9,8,2,9,10,9,9,10,9,9,8,10,10,10,10,10,8,9,,,8,7,,10,10,4,10,10,10,10,10,10,10,8,10,10,8,8,7,10,9,10,9,10,10,10,10,8,,5,,10,b'\x11\xe8\xe1I\xc6R\x12\xb0\xaf\x82\x12\xdf\x17\xaeN\x1e'
11E8E149-C652-12B0-AF82-12DF17AE4E1E,2025-ncaa-d1-natl,genius_ncaa,362,361,244,362,289,338,334,297,353,333,294,328,273,198,334,122,318,270,342,267,168,296,281,342,351,347,142,159,171,299,324,224,312,271,329,262,60,228,293,270,339,345,225,237,,,83,110,,50,357,258,197,269,343,345,279,332,270,261,159,308,256,251,286,246,284,153,245,245,272,340,208,,127,,67,355,274,299,241,298,276,171,330,284,304,179,306,99,121,74,119,143,224,129,303,279,348,153,262,46,281,312,260,324,283,329,323,278,357,361,361,246,295,171,273,,,337,329,,337,357,91,349,354,359,330,345,336,324,242,321,337,142,164,163,333,222,319,327,331,342,355,289,214,,327,,331,b'\x11\xe8\xe1I\xc6R\x12\xb0\xaf\x82\x12\xdf\x17\xaeN\x1e'
11E8E149-C652-12B0-AF82-12DF17AE4E1E,2026-ncaa-d0-natl,genius_ncaa,295,295,206,310,216,282,265,269,255,298,313,194,160,129,256,26,332,320,310,323,246,284,293,216,255,234,91,47,317,329,342,236,270,277,321,253,173,80,175,195,336,347,330,350,,,7,1,,6,279,278,335,97,305,295,304,326,344,128,69,342,331,333,329,354,341,194,299,255,97,349,342,,2,,9,280,143,212,167,254,219,215,186,181,111,310,119,8,12,50,11,9,135,101,246,205,260,41,218,7,233,270,182,342,209,321,223,195,318,326,335,151,270,229,330,,,281,183,,113,279,90,268,290,287,211,291,287,301,326,231,125,11,17,14,217,93,292,261,296,276,337,208,276,,289,,91,b'\x11\xe8\xe1I\xc6R\x12\xb0\xaf\x82\x12\xdf\x17\xaeN\x1e'
11E8E149-C652-12B0-AF82-12DF17AE4E1E,2026-ncaa-d1-natl,genius_ncaa,332,294,271,333,286,342,341,336,294,353,351,223,223,179,268,24,355,354,313,354,248,347,350,256,286,265,79,39,316,358,354,305,294,337,343,322,183,40,198,229,359,356,350,356,,,2,3,,6,310,345,340,100,334,322,329,342,349,145,72,348,337,340,347,355,351,224,333,297,107,356,346,,3,,8,318,94,170,102,288,181,160,219,136,47,330,111,3,5,54,5,8,66,29,287,241,303,37,222,6,190,294,129,354,145,343,191,199,352,340,343,113,292,208,341,,,337,181,,131,310,20,294,325,320,252,324,301,319,338,248,127,12,19,14,229,89,301,280,308,304,347,217,288,,292,,83,b'\x11\xe8\xe1I\xc6R\x12\xb0\xaf\x82\x12\xdf\x17\xaeN\x1e'
11E8E149-C656-3660-AF82-12DF17AE4E1E,2010-ncaa-d0-natl,ncaa,45,86,12,74,14,44,22,25,32,13,13,69,198,249,76,299,176,133,284,130,323,30,13,73,113,180,332,278,318,17,33,8,59,11,15,7,59,344,286,146,21,67,3,3,,,344,307,,,87,13,62,158,96,38,99,21,30,253,294,279,234,236,128,45,59,13,15,21,318,52,5,,317,,,92,319,253,327,22,162,292,18,327,330,166,274,328,319,257,318,247,334,333,34,52,63,329,299,282,302,59,228,33,279,15,330,324,46,173,206,339,271,291,142,,,110,331,,,87,333,160,58,95,144,70,240,37,136,281,291,263,239,235,255,267,183,51,77,251,139,301,216,,279,,,b'\x11\xe8\xe1I\xc6V6`\xaf\x82\x12\xdf\x17\xaeN\x1e'
11E8E149-C656-3660-AF82-12DF17AE4E1E,2010-ncaa-d1-conf-SoCon,ncaa,2,2,1,2,3,2,1,1,2,1,1,2,9,11,5,11,9,7,11,6,11,1,1,4,4,6,11,11,11,1,1,2,5,1,2,1,2,10,9,3,1,1,1,1,,,11,10,,,3,2,3,10,3,1,1,1,1,11,11,9,8,8,2,2,1,4,1,1,9,1,1,,9,,,3,8,6,9,1,3,8,1,10,11,4,9,9,9,9,9,7,10,10,1,1,1,10,10,8,9,5,3,1,7,2,10,11,1,3,7,9,7,8,2,,,7,11,,,3,10,5,1,3,4,2,7,1,5,8,10,7,7,6,8,9,8,1,2,10,1,9,6,,10,,,b'\x11\xe8\xe1I\xc6V6`\xaf\x82\x12\xdf\x17\xaeN\x1e'
11E8E149-C656-3660-AF82-12DF17AE4E1E,2010-ncaa-d1-natl,ncaa,46,86,12,75,16,46,23,28,32,14,13,73,203,257,74,299,181,142,284,138,325,31,13,76,116,180,331,278,319,21,33,9,62,11,15,8,60,344,288,151,22,70,3,3,,,344,309,,,91,14,62,160,99,38,103,21,31,255,295,277,236,236,130,46,62,14,16,22,317,54,5,,317,,,94,315,250,326,23,148,288,19,323,328,167,275,323,314,258,312,249,332,331,37,56,70,327,299,283,299,62,212,33,268,15,326,324,50,179,211,337,273,288,148,,,120,333,,,91,332,164,69,96,151,72,242,40,139,282,291,265,242,239,255,266,187,52,78,252,145,302,218,,276,,,b'\x11\xe8\xe1I\xc6V6`\xaf\x82\x12\xdf\x17\xaeN\x1e'
11E8E149-C656-3660-AF82-12DF17AE4E1E,2011-ncaa-d0-natl,ncaa,24,19,77,22,114,40,18,46,12,10,12,24,273,290,139,331,167,193,121,189,338,55,54,36,57,57,339,328,322,82,66,48,47,44,28,11,28,231,118,20,8,6,93,92,,,291,233,,,27,50,28,257,29,8,28,2,3,300,315,213,247,244,43,42,109,36,38,5,194,3,110,,266,,,25,186,137,225,65,90,190,42,246,238,235,214,237,230,175,228,233,235,287,86,110,41,301,256,243,145,47,138,66,139,28,198,254,23,27,42,141,71,122,24,,,262,339,,,27,295,50,31,26,123,90,146,58,114,236,215,207,208,206,157,273,103,84,74,163,15,114,93,,320,,,b'\x11\xe8\xe1I\xc6V6`\xaf\x82\x12\xdf\x17\xaeN\x1e'
11E8E149-C656-3660-AF82-12DF17AE4E1E,2011-ncaa-d1-conf-SoCon,ncaa,1,1,1,1,2,1,1,1,2,1,1,2,10,11,5,11,3,4,3,4,10,1,1,3,3,3,11,11,8,1,1,1,4,1,1,1,2,9,3,2,1,1,3,4,,,10,8,,,1,1,2,10,1,1,1,1,1,10,11,4,5,5,1,1,3,1,1,1,8,1,4,,10,,,1,8,4,8,1,3,6,1,11,11,8,10,8,8,6,8,7,9,11,2,3,1,11,11,7,6,4,5,1,7,1,11,11,1,1,1,6,3,4,1,,,7,11,,,1,11,3,1,1,2,2,5,1,4,11,10,6,7,6,6,10,5,2,5,8,1,4,4,,10,,,b'\x11\xe8\xe1I\xc6V6`\xaf\x82\x12\xdf\x17\xaeN\x1e'
11E8E149-C656-3660-AF82-12DF17AE4E1E,2011-ncaa-d1-natl,ncaa,25,19,95,23,128,44,18,52,12,10,12,24,276,297,141,330,184,205,121,202,338,65,62,37,58,58,339,328,321,94,70,57,46,54,28,11,28,217,119,20,9,8,101,95,,,281,233,,,28,57,30,260,31,8,29,2,3,298,314,217,247,245,44,44,115,38,42,5,194,3,112,,268,,,26,166,122,203,70,79,163,45,239,225,236,211,224,219,181,218,234,218,279,91,114,46,300,255,242,127,46,113,70,115,28,192,255,27,30,48,128,74,112,26,,,279,342,,,28,287,53,34,27,128,92,147,61,115,236,214,206,211,212,161,274,104,86,75,165,15,116,97,,320,,,b'\x11\xe8\xe1I\xc6V6`\xaf\x82\x12\xdf\x17\xaeN\x1e'
11E8E149-C656-3660-AF82-12DF17AE4E1E,2012-ncaa-d0-natl,ncaa,15,17,22,18,43,44,25,22,66,13,7,120,283,304,159,334,87,84,174,85,315,27,16,145,149,169,336,329,231,15,15,51,123,19,27,36,154,332,218,148,3,6,47,56,,,330,273,,,40,21,47,262,82,39,50,13,1,312,325,164,162,161,59,26,18,164,50,57,275,3,82,,290,,,46,216,184,259,86,168,213,106,229,285,95,231,252,301,29,297,279,269,322,99,92,27,250,215,242,240,123,162,15,203,27,253,264,6,11,25,272,140,325,163,,,74,296,,,40,325,118,20,44,83,63,84,62,57,156,199,167,224,224,106,255,130,36,54,148,10,190,298,,190,,,b'\x11\xe8\xe1I\xc6V6`\xaf\x82\x12\xdf\x17\xaeN\x1e'
11E8E149-C656-3660-AF82-12DF17AE4E1E,2012-ncaa-d1-conf-SoCon,ncaa,1,1,1,1,2,1,1,1,2,1,1,2,11,11,6,11,3,5,4,5,10,1,1,3,3,5,11,11,7,1,1,3,2,1,1,1,3,10,7,3,1,1,4,3,,,11,9,,,1,1,1,6,1,1,1,1,1,11,11,5,5,5,1,1,2,4,2,1,9,1,4,,10,,,1,7,4,5,4,4,3,7,11,11,1,11,6,9,3,9,10,8,11,5,4,2,11,11,6,3,2,1,1,1,1,10,10,1,1,2,4,2,8,3,,,3,10,,,1,11,2,1,1,6,3,3,1,2,10,11,5,7,7,4,8,3,1,1,7,1,3,8,,4,,,b'\x11\xe8\xe1I\xc6V6`\xaf\x82\x12\xdf\x17\xaeN\x1e'
11E8E149-C656-3660-AF82-12DF17AE4E1E,2012-ncaa-d1-natl,ncaa,15,17,23,18,50,48,27,24,66,13,7,124,289,309,162,334,95,95,171,96,315,30,17,150,153,172,336,329,227,18,15,65,131,21,28,39,161,329,222,155,3,7,54,56,,,328,276,,,48,22,47,262,85,40,51,14,2,311,325,168,163,161,62,29,19,170,56,59,276,3,84,,291,,,49,201,176,241,93,156,193,111,220,277,102,230,242,297,30,294,279,259,321,103,98,28,248,213,245,222,131,136,15,182,28,245,267,6,12,25,261,141,323,172,,,87,294,,,48,324,124,21,47,90,66,84,67,57,161,199,170,228,228,108,253,137,36,55,156,10,191,299,,191,,,b'\x11\xe8\xe1I\xc6V6`\xaf\x82\x12\xdf\x17\xaeN\x1e'
11E8E149-C656-3660-AF82-12DF17AE4E1E,2013-ncaa-d0-natl,ncaa,96,65,183,88,198,113,101,154,47,48,82,51,261,277,184,286,85,158,9,154,230,156,123,85,61,108,299,295,126,134,49,143,249,133,95,75,94,287,265,145,29,24,98,81,,,317,309,,,53,125,55,66,54,48,120,23,48,264,278,63,137,129,118,52,116,83,73,40,299,16,80,,333,,,50,79,63,160,43,105,154,107,58,182,4,184,240,279,30,274,278,184,248,35,41,19,160,77,290,282,249,28,49,112,95,165,279,36,39,55,200,179,23,14,,,221,287,,,53,217,108,32,51,112,90,190,131,175,63,200,256,286,285,231,315,309,38,138,191,14,217,31,,212,,,b'\x11\xe8\xe1I\xc6V6`\xaf\x82\x12\xdf\x17\xaeN\x1e'
11E8E149-C656-3660-AF82-12DF17AE4E1E,2013-ncaa-d1-conf-SoCon,ncaa,4,4,3,4,3,3,4,5,4,2,3,3,9,10,8,10,1,4,3,3,7,5,1,5,5,5,11,11,3,4,2,3,6,3,2,3,4,11,9,6,1,1,3,3,,,11,10,,,3,1,2,4,3,4,4,1,3,10,10,2,3,3,3,2,6,3,2,3,11,1,3,,11,,,3,4,2,8,2,2,4,4,7,10,1,10,10,11,1,11,11,10,11,2,3,1,10,8,11,11,6,1,2,6,2,7,11,1,1,2,6,3,3,2,,,8,11,,,3,11,4,2,3,4,3,7,2,4,6,10,10,10,10,10,11,11,3,5,5,1,6,3,,7,,,b'\x11\xe8\xe1I\xc6V6`\xaf\x82\x12\xdf\x17\xaeN\x1e'
11E8E149-C656-3660-AF82-12DF17AE4E1E,2013-ncaa-d1-natl,ncaa,94,65,136,82,160,88,76,127,39,38,60,48,263,274,174,287,75,157,9,149,235,131,96,73,49,101,300,301,128,121,50,126,244,111,94,61,90,313,271,142,23,20,98,81,,,322,310,,,50,83,48,74,47,38,112,21,45,264,279,61,136,131,114,45,119,95,82,37,304,13,83,,332,,,42,105,77,183,47,120,176,107,68,188,8,177,257,291,46,286,279,212,270,37,48,21,173,82,296,287,244,35,50,118,94,166,265,25,31,42,231,188,21,12,,,213,292,,,50,251,105,33,47,115,87,176,127,171,72,196,263,287,283,222,314,299,38,125,176,10,227,28,,212,,,b'\x11\xe8\xe1I\xc6V6`\xaf\x82\x12\xdf\x17\xaeN\x1e'
11E8E149-C656-3660-AF82-12DF17AE4E1E,2014-ncaa-d0-natl,ncaa,221,173,297,212,303,305,253,291,137,124,124,192,343,342,316,341,317,305,271,312,337,303,281,240,261,297,345,341,262,122,18,296,184,243,46,294,304,266,320,311,114,48,158,101,,,158,312,,,212,317,225,85,274,169,195,41,23,341,341,293,272,278,229,142,45,241,127,276,320,67,120,,288,,,216,29,33,21,176,48,31,212,55,74,92,153,143,136,173,129,259,20,26,166,190,153,172,117,269,58,184,5,18,5,46,99,267,192,95,143,227,290,68,41,,,332,332,,,212,28,265,140,221,120,105,63,147,97,99,120,228,225,219,89,127,144,20,37,184,118,296,108,,311,,,b'\x11\xe8\xe1I\xc6V6`\xaf\x82\x12\xdf\x17\xaeN\x1e'
11E8E149-C656-3660-AF82-12DF17AE4E1E,2014-ncaa-d1-conf-SoCon,ncaa,5,4,6,5,6,7,5,7,4,2,2,4,10,10,10,10,8,7,7,7,10,8,7,8,7,8,10,10,6,2,1,7,5,5,2,9,9,8,8,8,5,2,4,3,,,8,9,,,5,8,8,2,6,2,4,1,1,10,10,6,6,6,4,2,2,6,1,8,8,3,3,,9,,,5,3,3,2,5,2,1,6,4,6,3,9,7,7,10,6,9,2,2,5,6,4,9,5,9,5,5,1,1,1,2,4,10,8,7,6,6,7,1,1,,,9,7,,,5,2,5,4,5,4,3,4,3,1,5,7,8,8,8,4,4,7,1,2,8,7,7,2,,5,,,b'\x11\xe8\xe1I\xc6V6`\xaf\x82\x12\xdf\x17\xaeN\x1e'
11E8E149-C656-3660-AF82-12DF17AE4E1E,2014-ncaa-d1-natl,ncaa,211,171,307,209,316,297,230,276,122,103,105,172,343,341,300,341,312,303,273,308,337,293,263,224,257,291,345,342,270,104,12,290,199,217,41,279,295,277,321,306,102,48,147,100,,,187,311,,,207,310,228,86,270,156,184,36,26,340,341,294,278,282,228,139,39,241,116,264,320,67,119,,290,,,210,38,38,27,169,60,42,214,52,83,72,151,168,152,190,147,251,22,39,153,178,144,151,105,268,78,199,4,12,9,41,107,256,177,99,138,247,292,73,42,,,330,329,,,207,37,256,140,211,122,100,70,152,106,89,120,227,222,218,91,126,152,17,30,182,119,298,108,,307,,,b'\x11\xe8\xe1I\xc6V6`\xaf\x82\x12\xdf\x17\xaeN\x1e'
11E8E149-C656-3660-AF82-12DF17AE4E1E,2015-ncaa-d0-natl,ncaa,208,189,243,212,259,166,141,179,117,74,71,162,301,318,206,327,118,139,108,138,244,169,137,184,172,213,312,317,99,146,119,217,220,183,144,250,308,292,275,292,155,153,105,122,,,261,272,,,223,142,19,158,104,78,85,30,20,301,312,81,92,92,81,25,97,157,116,233,324,119,89,,316,,,227,230,198,153,253,258,205,271,63,102,54,84,311,309,199,310,289,200,198,214,241,231,107,38,297,180,220,103,119,119,144,209,216,163,182,204,283,264,125,70,,,108,123,,,223,197,209,233,232,301,285,265,313,287,85,141,326,326,328,311,323,249,165,202,273,125,309,153,,34,,,b'\x11\xe8\xe1I\xc6V6`\xaf\x82\x12\xdf\x17\xaeN\x1e'
11E8E149-C656-3660-AF82-12DF17AE4E1E,2015-ncaa-d1-conf-Sun Belt,ncaa,7,7,5,7,7,4,4,5,5,4,2,7,10,10,7,11,5,6,5,6,9,6,4,5,5,5,11,11,5,3,2,4,4,4,3,6,10,9,7,9,6,6,2,2,,,10,10,,,6,5,2,8,4,4,3,3,2,10,9,4,5,5,3,2,2,3,2,6,9,5,2,,10,,,6,6,6,7,6,7,5,9,5,7,2,8,11,11,9,11,9,7,8,6,7,9,7,4,10,5,4,6,2,5,3,8,8,6,7,7,11,7,3,3,,,5,7,,,6,7,5,9,7,8,6,6,8,6,6,8,11,11,11,7,8,5,6,6,8,6,11,4,,4,,,b'\x11\xe8\xe1I\xc6V6`\xaf\x82\x12\xdf\x17\xaeN\x1e'
11E8E149-C656-3660-AF82-12DF17AE4E1E,2015-ncaa-d1-natl,ncaa,206,189,209,209,242,161,134,162,108,58,68,144,304,319,210,327,127,151,102,147,259,166,115,176,162,207,315,319,111,140,119,203,243,174,150,243,307,304,278,294,148,159,95,110,,,276,275,,,230,126,20,154,105,69,85,27,20,302,313,92,110,107,84,28,106,160,126,231,325,122,77,,318,,,231,254,232,183,258,281,223,268,65,103,49,78,317,314,210,315,284,222,219,217,241,234,96,36,296,207,243,101,119,143,150,227,200,159,185,205,284,258,110,57,,,104,139,,,230,214,209,246,237,301,287,272,315,295,82,129,328,326,326,312,323,266,151,208,267,132,302,136,,39,,,b'\x11\xe8\xe1I\xc6V6`\xaf\x82\x12\xdf\x17\xaeN\x1e'
11E8E149-C656-3660-AF82-12DF17AE4E1E,2016-ncaa-d0-natl,ncaa,256,271,175,264,209,142,141,134,170,78,56,186,309,293,308,316,92,69,224,77,165,107,94,251,227,225,308,324,63,102,121,172,124,130,125,252,323,292,245,298,124,145,96,99,,,326,325,,,251,98,19,198,118,109,76,53,21,312,298,57,37,38,53,21,76,149,95,260,307,109,93,,335,,,248,292,244,164,283,245,183,273,182,143,248,121,340,341,164,341,332,226,233,276,305,279,231,110,321,119,124,218,121,172,125,256,237,102,132,187,282,231,145,65,,,84,122,,,251,252,214,256,244,306,261,190,269,205,204,165,340,338,338,275,311,137,244,198,269,75,287,145,,40,,,b'\x11\xe8\xe1I\xc6V6`\xaf\x82\x12\xdf\x17\xaeN\x1e'
11E8E149-C656-3660-AF82-12DF17AE4E1E,2016-ncaa-d1-conf-Sun Belt,ncaa,7,7,5,7,5,4,3,3,4,3,2,6,8,8,7,9,4,3,8,3,10,3,3,7,7,7,9,9,6,4,7,5,6,5,7,5,10,8,6,7,5,6,4,4,,,10,7,,,7,3,2,2,3,3,3,2,1,8,9,3,3,3,3,2,4,6,5,5,8,4,3,,10,,,7,10,9,8,9,8,8,9,8,7,10,3,10,10,6,10,11,9,9,9,9,10,5,4,10,6,6,9,7,7,7,10,10,5,6,9,8,6,3,2,,,6,8,,,7,9,6,9,7,10,9,7,9,8,8,7,11,11,11,9,9,7,9,7,10,5,8,3,,7,,,b'\x11\xe8\xe1I\xc6V6`\xaf\x82\x12\xdf\x17\xaeN\x1e'
11E8E149-C656-3660-AF82-12DF17AE4E1E,2016-ncaa-d1-natl,ncaa,265,270,218,273,260,172,162,165,183,94,66,195,318,302,308,313,104,84,223,91,166,145,125,257,236,234,304,325,55,121,131,210,131,164,133,270,325,281,249,303,148,163,112,103,,,317,324,,,266,129,21,181,127,120,79,56,25,313,297,58,36,38,57,24,79,153,104,268,306,119,100,,337,,,264,277,226,122,291,225,148,283,167,132,251,112,334,334,173,335,332,197,199,289,311,290,229,107,321,96,131,189,131,139,133,246,235,131,142,197,268,236,122,72,,,104,121,,,266,224,226,262,259,310,268,191,276,207,205,161,342,341,341,281,309,136,246,204,273,84,288,153,,39,,,b'\x11\xe8\xe1I\xc6V6`\xaf\x82\x12\xdf\x17\xaeN\x1e'
11E8E149-C656-3660-AF82-12DF17AE4E1E,2017-ncaa-d0-natl,ncaa,217,247,116,237,140,170,167,92,273,82,27,286,332,317,322,335,78,42,293,38,157,78,69,312,308,293,319,337,38,36,69,113,203,64,130,215,266,260,187,258,170,194,96,115,,,324,315,,,211,94,71,163,193,199,79,81,16,337,328,66,35,31,49,36,33,106,37,238,251,175,99,,326,,,211,203,167,210,123,206,253,111,92,95,137,54,293,316,63,324,270,247,260,95,102,106,144,66,289,267,203,277,69,284,130,210,219,99,140,143,128,72,126,43,,,57,86,,,211,248,264,120,215,188,148,185,203,258,74,80,286,312,318,243,279,257,239,254,178,103,112,115,,35,,,b'\x11\xe8\xe1I\xc6V6`\xaf\x82\x12\xdf\x17\xaeN\x1e'
11E8E149-C656-3660-AF82-12DF17AE4E1E,2017-ncaa-d1-conf-Sun Belt,ncaa,9,9,3,9,3,5,5,3,6,4,3,9,11,10,11,11,6,5,10,5,8,3,3,11,11,8,11,11,5,2,2,3,4,2,3,5,7,6,6,6,9,8,2,2,,,9,10,,,7,4,5,1,5,5,2,3,2,11,11,6,5,5,2,2,2,2,2,6,6,8,2,,9,,,7,8,8,6,7,6,6,6,4,3,6,4,10,10,2,10,10,8,8,5,7,8,6,5,10,7,4,8,2,6,3,8,11,8,9,9,6,4,6,4,,,5,8,,,7,8,7,7,7,6,6,6,6,6,3,3,10,10,10,8,6,4,6,5,8,8,5,6,,6,,,b'\x11\xe8\xe1I\xc6V6`\xaf\x82\x12\xdf\x17\xaeN\x1e'
11E8E149-C656-3660-AF82-12DF17AE4E1E,2017-ncaa-d1-natl,ncaa,236,247,144,247,169,202,198,118,281,104,36,293,335,326,322,335,85,45,290,42,162,97,92,319,314,299,318,338,38,43,78,139,214,82,141,243,266,241,195,262,193,204,104,123,,,315,316,,,224,121,75,155,207,212,86,90,18,337,328,68,35,32,52,38,33,113,43,248,254,184,103,,327,,,225,170,141,172,131,185,237,117,71,63,143,52,276,305,69,310,269,216,236,103,112,118,139,65,285,244,214,253,78,262,141,195,224,124,147,153,110,75,112,45,,,72,87,,,224,220,272,131,228,195,152,186,211,261,79,77,287,314,317,248,273,259,243,263,187,109,115,120,,36,,,b'\x11\xe8\xe1I\xc6V6`\xaf\x82\x12\xdf\x17\xaeN\x1e'
11E8E149-C656-3660-AF82-12DF17AE4E1E,2018-ncaa-d0-natl,ncaa,277,308,117,294,128,261,266,228,292,263,233,290,194,176,238,147,234,152,335,153,86,218,133,281,295,320,126,138,140,71,63,85,215,70,85,231,178,345,335,327,326,336,201,230,,,129,106,,,305,176,248,79,309,308,292,298,266,209,182,255,156,154,279,149,68,75,45,281,330,335,211,,118,,,300,231,227,275,91,192,253,75,268,272,215,236,136,129,212,118,80,269,203,108,94,210,222,262,97,291,215,126,63,205,85,249,235,292,319,314,330,314,340,343,,,131,147,,,305,170,309,242,304,201,215,295,179,249,265,265,133,128,120,277,183,283,118,194,234,313,317,340,,150,,,b'\x11\xe8\xe1I\xc6V6`\xaf\x82\x12\xdf\x17\xaeN\x1e'
11E8E149-C656-3660-AF82-12DF17AE4E1E,2018-ncaa-d1-conf-Sun Belt,ncaa,9,9,4,9,4,10,9,9,10,10,9,11,6,6,8,5,6,6,11,6,4,8,4,10,10,11,5,5,5,2,3,3,5,2,4,8,6,12,12,12,12,12,8,9,,,4,6,,,9,7,8,5,10,10,10,10,9,6,6,7,6,6,10,6,2,3,2,10,12,12,8,,3,,,9,8,8,10,5,7,8,4,9,11,5,11,6,6,7,5,4,10,5,5,6,9,8,10,4,7,5,5,3,5,4,8,8,12,12,12,12,12,12,12,,,5,5,,,9,6,10,9,9,8,8,8,6,9,9,10,6,6,5,7,4,6,3,3,8,12,12,12,,6,,,b'\x11\xe8\xe1I\xc6V6`\xaf\x82\x12\xdf\x17\xaeN\x1e'
11E8E149-C656-3660-AF82-12DF17AE4E1E,2018-ncaa-d1-natl,ncaa,289,307,144,303,159,296,297,272,301,290,258,301,212,191,246,147,251,177,335,175,88,265,176,291,301,323,120,139,132,89,70,102,221,86,98,272,179,342,336,329,335,336,217,234,,,101,107,,,311,221,250,79,317,314,299,303,270,212,183,255,162,161,288,153,74,79,56,292,330,335,217,,119,,,311,202,208,264,97,169,229,82,254,255,225,231,121,106,215,94,81,250,166,120,108,225,221,258,93,282,221,104,70,168,98,239,235,313,321,318,322,316,339,346,,,170,147,,,311,125,310,258,314,212,224,296,190,253,268,267,141,129,121,278,185,284,121,195,239,319,322,340,,154,,,b'\x11\xe8\xe1I\xc6V6`\xaf\x82\x12\xdf\x17\xaeN\x1e'
11E8E149-C656-3660-AF82-12DF17AE4E1E,2019-ncaa-d0-natl,ncaa,63,138,7,107,8,33,32,15,146,26,21,153,91,74,176,211,38,21,293,17,136,13,6,157,178,160,220,206,179,18,129,5,19,5,44,116,321,314,120,208,278,339,213,312,,,248,49,,,152,5,71,144,95,92,65,91,89,159,161,129,79,71,48,62,87,12,15,242,171,334,270,,71,,,153,345,349,347,211,349,350,132,283,248,307,42,123,104,233,112,9,346,346,191,145,216,19,127,22,234,19,348,129,338,44,275,21,139,302,233,310,142,293,149,,,13,145,,,152,347,137,170,154,242,300,329,313,346,164,89,39,30,32,300,242,65,242,169,125,278,191,198,,86,,,b'\x11\xe8\xe1I\xc6V6`\xaf\x82\x12\xdf\x17\xaeN\x1e'
11E8E149-C656-3660-AF82-12DF17AE4E1E,2019-ncaa-d1-conf-Sun Belt,ncaa,5,5,2,5,2,3,3,3,6,5,5,4,4,4,5,7,2,2,10,2,3,3,3,4,5,5,4,6,4,4,5,2,1,3,3,5,8,10,4,7,12,12,6,7,,,7,2,,,4,3,5,2,3,4,2,6,6,6,5,3,2,2,2,3,3,2,3,8,6,12,6,,2,,,4,10,11,11,6,11,11,3,6,7,6,4,5,5,9,5,1,11,10,4,3,6,3,5,3,6,1,10,5,11,3,5,2,9,11,8,10,8,11,9,,,2,5,,,4,10,5,6,4,7,7,9,10,11,5,4,2,2,3,8,8,3,9,6,4,11,7,11,,3,,,b'\x11\xe8\xe1I\xc6V6`\xaf\x82\x12\xdf\x17\xaeN\x1e'
11E8E149-C656-3660-AF82-12DF17AE4E1E,2019-ncaa-d1-natl,ncaa,73,137,11,111,12,44,38,21,158,36,26,163,105,88,180,209,52,25,292,21,136,19,13,173,187,168,219,207,172,25,141,8,20,8,50,137,327,293,121,216,296,341,226,316,,,219,48,,,180,11,72,145,107,99,74,103,100,163,163,128,86,76,55,70,91,14,15,255,173,334,275,,74,,,180,341,347,345,229,349,350,146,274,231,315,41,105,86,245,91,9,344,339,210,162,235,17,122,23,206,20,346,141,331,50,260,21,180,308,243,294,153,280,158,,,20,133,,,180,343,145,195,178,252,309,329,321,346,172,93,37,31,33,304,243,65,243,176,135,281,194,205,,88,,,b'\x11\xe8\xe1I\xc6V6`\xaf\x82\x12\xdf\x17\xaeN\x1e'
11E8E149-C656-3660-AF82-12DF17AE4E1E,2020-ncaa-d0-natl,ncaa,239,258,87,256,91,234,236,184,285,232,205,255,183,138,281,131,200,197,193,186,152,186,186,281,271,258,136,159,132,150,157,145,66,141,116,303,308,201,193,284,226,224,297,310,,,102,109,,,273,184,267,11,261,270,219,264,237,190,148,211,205,192,222,222,162,164,155,314,183,240,303,,87,,,271,229,255,218,248,209,171,226,297,259,306,262,66,44,300,47,56,178,150,276,252,281,200,290,37,59,66,198,157,134,116,285,250,235,231,290,236,235,198,205,,,182,175,,,273,180,255,255,263,212,246,193,185,154,287,242,60,38,44,139,99,41,168,115,269,247,222,182,,202,,,b'\x11\xe8\xe1I\xc6V6`\xaf\x82\x12\xdf\x17\xaeN\x1e'
11E8E149-C656-3660-AF82-12DF17AE4E1E,2020-ncaa-d1-conf-Sun Belt,ncaa,7,7,5,7,5,8,8,9,8,9,9,8,5,4,8,5,7,7,4,7,7,8,7,7,7,9,4,5,7,5,5,6,5,6,5,9,9,8,9,9,8,7,9,8,,,2,2,,,8,9,10,1,8,8,8,9,9,4,4,6,7,7,7,6,5,6,6,9,7,9,9,,1,,,8,7,8,7,5,3,3,5,11,10,11,11,3,1,12,1,2,6,4,9,9,8,11,11,3,4,5,4,5,6,5,11,11,8,8,10,10,10,4,6,,,10,8,,,8,5,7,9,8,6,8,8,2,3,11,10,4,1,1,5,6,5,4,3,11,10,10,4,,8,,,b'\x11\xe8\xe1I\xc6V6`\xaf\x82\x12\xdf\x17\xaeN\x1e'
11E8E149-C656-3660-AF82-12DF17AE4E1E,2020-ncaa-d1-natl,ncaa,257,257,128,265,131,262,271,223,294,275,243,265,195,149,282,127,224,221,193,213,151,228,236,286,278,267,136,160,127,174,168,174,70,179,125,322,311,186,197,292,244,234,308,312,,,82,113,,,278,246,269,9,274,281,231,273,241,193,149,215,207,193,232,229,171,169,170,321,181,251,304,,90,,,279,214,240,187,259,192,151,235,283,235,308,263,59,39,305,42,57,139,92,287,260,291,199,290,36,45,70,168,168,110,125,269,248,262,246,301,222,236,189,211,,,216,173,,,278,124,269,265,276,218,257,196,197,154,292,239,61,39,46,144,98,47,174,118,272,259,223,185,,204,,,b'\x11\xe8\xe1I\xc6V6`\xaf\x82\x12\xdf\x17\xaeN\x1e'
11E8E149-C656-3660-AF82-12DF17AE4E1E,2021-ncaa-d0-natl,ncaa,71,202,26,135,34,64,90,31,292,137,68,301,34,23,147,75,34,28,228,26,54,30,25,251,248,232,36,49,90,18,141,58,153,40,198,147,294,327,162,272,50,139,300,338,,,331,260,,,213,26,62,213,161,222,92,292,213,64,51,97,72,71,78,60,75,213,124,289,214,121,335,,264,,,199,310,309,291,268,320,318,210,208,182,266,29,325,329,139,329,213,302,320,232,243,173,73,54,231,271,153,333,141,326,198,270,81,18,82,78,266,104,332,303,,,8,49,,,213,319,211,145,191,211,212,132,260,254,78,39,241,255,251,162,235,124,295,246,140,61,143,296,,22,,,b'\x11\xe8\xe1I\xc6V6`\xaf\x82\x12\xdf\x17\xaeN\x1e'
11E8E149-C656-3660-AF82-12DF17AE4E1E,2021-ncaa-d1-conf-Sun Belt,ncaa,3,6,1,5,1,2,2,2,12,3,2,12,1,1,6,2,2,2,6,2,1,2,2,10,9,6,1,1,4,2,4,3,6,2,6,4,9,11,3,7,2,5,11,12,,,11,11,,,6,2,5,6,4,7,3,11,10,1,2,4,4,4,3,4,3,9,6,9,6,5,12,,8,,,6,11,11,10,9,11,11,8,7,7,8,1,12,12,8,12,10,11,11,8,8,9,4,2,10,9,6,12,4,10,6,10,5,2,4,5,9,6,12,10,,,1,2,,,6,11,5,8,6,7,8,6,9,7,3,2,10,9,9,6,7,6,9,8,5,4,6,11,,2,,,b'\x11\xe8\xe1I\xc6V6`\xaf\x82\x12\xdf\x17\xaeN\x1e'
11E8E149-C656-3660-AF82-12DF17AE4E1E,2021-ncaa-d1-natl,ncaa,74,201,30,139,42,73,100,37,294,152,80,307,38,27,150,77,44,33,224,31,51,34,30,254,253,239,35,47,90,24,147,68,159,47,203,165,295,319,168,279,59,144,303,338,,,324,261,,,226,29,66,213,168,231,99,296,221,64,51,100,76,70,81,65,78,219,134,296,213,127,335,,266,,,213,306,305,287,272,319,313,215,198,163,269,25,317,322,142,322,213,298,316,243,251,182,70,51,232,264,159,331,147,322,203,263,83,22,85,83,259,106,331,306,,,11,50,,,226,316,221,160,204,217,223,134,268,254,77,38,247,258,254,166,236,129,296,248,149,62,145,300,,23,,,b'\x11\xe8\xe1I\xc6V6`\xaf\x82\x12\xdf\x17\xaeN\x1e'
11E8E149-C656-3660-AF82-12DF17AE4E1E,2022-ncaa-d0-natl,ncaa,214,106,337,170,337,269,270,309,134,303,352,18,129,73,277,18,292,251,330,254,25,307,295,100,131,190,67,56,253,308,277,284,290,310,291,292,282,202,305,297,175,122,299,324,,,66,121,,,201,290,13,11,99,100,95,197,325,45,12,193,110,113,81,23,227,87,128,206,333,59,267,,268,,,212,58,89,78,216,174,215,128,14,4,307,4,67,67,111,68,61,63,85,168,148,114,19,28,122,176,290,92,277,111,291,75,107,167,93,85,143,251,26,203,,,300,232,,,201,69,224,144,200,297,322,339,341,355,84,27,203,229,232,340,348,331,318,338,250,29,297,96,,119,,,b'\x11\xe8\xe1I\xc6V6`\xaf\x82\x12\xdf\x17\xaeN\x1e'
11E8E149-C656-3660-AF82-12DF17AE4E1E,2022-ncaa-d1-conf-Sun Belt,ncaa,7,3,11,5,11,9,9,12,4,11,12,1,2,1,7,1,10,10,8,11,2,12,11,1,1,4,2,2,11,10,9,9,9,10,10,8,7,6,10,8,7,5,10,9,,,1,1,,,6,11,5,4,5,5,7,11,12,1,1,9,10,10,8,5,9,6,5,6,11,4,6,,3,,,6,2,4,2,9,5,7,4,2,1,11,1,1,1,6,1,1,2,1,9,7,5,3,6,1,6,9,2,9,3,10,5,8,9,3,7,6,9,1,8,,,11,11,,,6,2,7,5,6,5,8,10,10,12,5,2,3,2,2,7,8,9,7,9,9,3,10,3,,10,,,b'\x11\xe8\xe1I\xc6V6`\xaf\x82\x12\xdf\x17\xaeN\x1e'
11E8E149-C656-3660-AF82-12DF17AE4E1E,2022-ncaa-d1-natl,ncaa,199,106,326,165,326,238,244,290,157,307,349,21,91,53,280,15,264,205,331,205,15,281,262,104,138,200,43,44,228,285,267,255,266,289,285,273,256,267,304,299,139,115,278,315,,,115,149,,,193,242,13,16,93,114,89,225,333,43,8,173,87,89,76,20,205,90,115,198,336,53,241,,280,,,191,83,131,101,208,208,254,119,17,3,308,4,84,107,64,108,80,91,124,162,143,93,19,25,132,200,266,145,267,158,285,98,94,106,68,64,194,250,23,189,,,258,206,,,193,112,235,109,191,270,308,321,339,354,64,16,198,240,242,325,347,318,322,331,216,20,303,74,,91,,,b'\x11\xe8\xe1I\xc6V6`\xaf\x82\x12\xdf\x17\xaeN\x1e'
11E8E149-C656-3660-AF82-12DF17AE4E1E,2023-ncaa-d0-natl,ncaa,281,284,236,288,251,193,219,176,263,290,287,226,92,60,216,47,178,128,304,132,39,156,180,219,230,201,34,56,143,204,262,257,331,250,328,266,281,121,132,230,119,123,320,345,,,260,257,,,255,169,51,106,149,206,84,284,274,63,32,138,79,88,76,86,175,239,228,260,181,84,324,,311,,,256,240,245,190,263,292,280,201,100,60,276,32,264,255,173,261,198,204,222,236,241,219,64,58,230,304,331,294,262,316,328,111,40,132,149,86,80,95,108,185,,,135,88,,,255,200,215,257,243,305,312,292,340,351,119,72,283,286,289,322,333,330,343,342,165,90,132,133,,76,,,b'\x11\xe8\xe1I\xc6V6`\xaf\x82\x12\xdf\x17\xaeN\x1e'
11E8E149-C656-3660-AF82-12DF17AE4E1E,2023-ncaa-d1-conf-Sun Belt,ncaa,11,10,5,11,8,9,9,6,12,13,12,10,1,1,4,2,11,12,8,12,4,6,8,7,6,7,1,1,11,9,12,12,13,13,14,10,7,5,7,7,4,4,12,13,,,10,12,,,10,8,6,13,9,11,6,13,12,1,1,11,12,12,7,8,9,14,14,10,4,3,12,,10,,,10,9,10,8,11,10,12,9,6,4,12,5,9,6,9,6,5,8,11,10,10,6,5,6,6,13,13,11,12,12,14,6,5,4,5,4,3,4,11,12,,,9,6,,,10,8,9,8,10,9,8,7,9,10,6,5,7,7,7,9,9,13,11,11,5,4,4,10,,9,,,b'\x11\xe8\xe1I\xc6V6`\xaf\x82\x12\xdf\x17\xaeN\x1e'
11E8E149-C656-3660-AF82-12DF17AE4E1E,2023-ncaa-d1-natl,ncaa,265,284,151,285,171,151,185,133,257,262,262,207,73,39,214,47,152,106,320,112,42,121,115,201,220,191,41,58,165,164,242,208,333,185,317,236,282,161,130,232,94,130,315,341,,,296,246,,,226,115,51,118,137,189,78,269,269,59,33,142,82,88,69,79,165,211,196,251,183,88,321,,312,,,225,278,271,264,201,312,325,147,91,74,228,29,286,279,189,282,189,281,292,162,180,163,66,50,256,343,333,321,242,336,317,114,34,96,145,64,124,108,107,161,,,96,92,,,226,257,201,216,211,291,289,306,324,356,101,71,289,283,289,328,338,341,330,341,121,79,141,116,,67,,,b'\x11\xe8\xe1I\xc6V6`\xaf\x82\x12\xdf\x17\xaeN\x1e'
11E8E149-C656-3660-AF82-12DF17AE4E1E,2024-ncaa-d0-natl,ncaa,142,148,94,154,114,73,105,51,250,149,116,223,56,35,177,97,21,10,280,10,15,32,22,208,194,188,37,98,45,34,104,120,289,74,232,150,235,320,171,240,58,115,157,255,,,310,186,,,198,22,9,219,58,109,28,190,147,60,43,19,15,14,15,8,39,146,60,170,293,68,182,,303,,,197,343,342,318,267,348,347,206,182,132,294,26,318,323,162,322,171,329,338,245,244,226,71,60,220,339,289,342,104,345,232,180,18,53,141,78,280,151,257,230,,,19,95,,,198,331,168,247,206,335,336,328,341,352,161,86,297,301,298,340,348,320,319,333,142,69,251,244,,16,,,b'\x11\xe8\xe1I\xc6V6`\xaf\x82\x12\xdf\x17\xaeN\x1e'
11E8E149-C656-3660-AF82-12DF17AE4E1E,2024-ncaa-d1-conf-Sun Belt,ncaa,8,6,6,8,7,5,6,6,10,10,11,11,3,3,4,3,5,5,8,5,3,6,6,6,7,6,2,2,4,8,9,7,10,8,10,6,6,11,7,7,5,8,6,9,,,10,4,,,8,4,3,8,4,6,4,10,8,2,2,3,4,4,4,4,8,6,6,7,11,5,4,,8,,,8,13,13,11,11,11,14,6,6,4,14,2,7,8,5,8,3,10,9,9,8,9,3,5,3,12,10,13,9,12,10,5,1,6,8,5,7,5,12,12,,,4,5,,,8,10,8,9,9,13,13,12,12,14,7,2,7,6,6,11,11,13,13,13,6,6,7,12,,3,,,b'\x11\xe8\xe1I\xc6V6`\xaf\x82\x12\xdf\x17\xaeN\x1e'
11E8E149-C656-3660-AF82-12DF17AE4E1E,2024-ncaa-d1-natl,ncaa,155,150,130,163,153,90,132,61,265,182,152,241,65,43,179,96,33,17,281,16,13,43,30,215,204,201,35,99,41,46,119,150,300,101,246,175,244,310,185,254,70,126,178,263,,,297,194,,,224,35,11,206,67,120,30,204,155,60,44,20,14,14,17,9,43,160,70,188,292,74,188,,307,,,224,337,338,307,284,347,344,217,168,108,304,26,310,313,173,313,176,321,328,254,256,247,67,61,224,333,300,333,119,343,246,167,22,72,155,99,259,159,249,242,,,30,89,,,224,321,180,271,232,343,341,332,344,354,167,88,305,308,306,343,349,327,329,339,153,75,257,251,,15,,,b'\x11\xe8\xe1I\xc6V6`\xaf\x82\x12\xdf\x17\xaeN\x1e'
11E8E149-C656-3660-AF82-12DF17AE4E1E,2025-ncaa-d0-natl,genius_ncaa,246,199,301,241,334,265,260,307,168,304,333,171,131,161,77,67,331,320,248,308,173,321,316,125,150,189,72,41,298,300,245,239,191,267,203,154,28,157,282,154,245,204,321,293,,,158,276,,28,271,309,173,351,212,200,249,281,302,62,85,304,294,278,269,232,258,123,202,78,270,189,308,,266,,51,274,144,105,87,198,34,24,200,310,278,316,335,177,179,172,186,305,85,61,270,273,306,345,339,214,140,191,57,245,68,203,70,86,302,270,220,304,351,53,194,,,303,210,,201,271,53,212,306,272,287,229,221,94,68,345,342,263,269,273,247,194,230,165,195,149,263,343,110,,232,,172,b'\x11\xe8\xe1I\xc6V6`\xaf\x82\x12\xdf\x17\xaeN\x1e'
11E8E149-C656-3660-AF82-12DF17AE4E1E,2025-ncaa-d1-conf-Sun Belt,genius_ncaa,7,5,8,6,14,11,11,12,6,13,14,4,3,6,3,3,13,13,9,13,9,13,13,2,2,5,3,3,13,12,12,8,5,10,7,3,1,6,11,2,10,8,12,11,,,5,11,,1,10,13,11,14,10,9,12,11,13,3,4,13,13,13,13,13,12,6,10,2,9,9,12,,9,,1,10,5,5,3,8,3,2,9,11,10,9,12,4,4,5,5,9,3,2,8,7,10,11,11,5,4,5,3,12,2,7,4,4,13,11,10,12,13,7,10,,,13,9,,7,10,2,10,11,10,6,7,5,5,3,12,11,6,7,7,5,2,6,4,4,4,11,12,8,,13,,6,b'\x11\xe8\xe1I\xc6V6`\xaf\x82\x12\xdf\x17\xaeN\x1e'
11E8E149-C656-3660-AF82-12DF17AE4E1E,2025-ncaa-d1-natl,genius_ncaa,222,199,244,224,301,214,206,270,123,264,311,123,101,131,75,73,310,296,268,279,161,276,272,93,116,152,83,49,307,267,228,171,172,233,179,110,30,203,266,137,214,192,314,289,,,209,274,,41,229,256,168,351,173,160,246,248,295,63,82,295,277,264,263,226,250,104,182,64,257,179,309,,268,,59,230,176,130,127,160,40,40,153,321,302,305,332,224,225,177,232,312,150,117,235,231,261,350,337,234,177,172,83,228,111,179,79,91,273,254,191,320,346,70,175,,,256,214,,197,229,111,176,271,228,259,196,210,71,64,343,336,266,274,276,240,197,233,143,174,127,233,337,97,,223,,187,b'\x11\xe8\xe1I\xc6V6`\xaf\x82\x12\xdf\x17\xaeN\x1e'
11E8E149-C656-3660-AF82-12DF17AE4E1E,2026-ncaa-d0-natl,genius_ncaa,123,80,206,123,216,230,214,290,76,224,278,107,167,252,48,172,273,228,331,221,114,284,287,71,92,118,154,114,260,257,167,201,9,234,42,171,99,102,220,134,264,199,318,298,,,78,175,,180,112,284,345,97,211,192,335,204,295,135,241,267,205,199,329,346,255,144,201,130,143,260,335,,82,,220,111,51,41,63,117,34,34,191,116,170,85,325,116,105,226,94,270,64,68,140,161,149,290,256,248,9,9,52,167,28,42,74,251,245,130,148,131,250,94,161,,,253,133,,127,112,85,124,92,100,47,33,9,31,5,139,222,151,125,113,11,8,5,37,11,95,226,181,116,,234,,103,b'\x11\xe8\xe1I\xc6V6`\xaf\x82\x12\xdf\x17\xaeN\x1e'
11E8E149-C656-3660-AF82-12DF17AE4E1E,2026-ncaa-d1-natl,genius_ncaa,110,80,177,113,197,204,181,288,41,179,275,62,157,258,47,184,239,185,320,187,105,280,299,44,58,72,177,138,249,266,140,163,2,198,14,165,134,94,176,115,284,216,314,279,,,49,134,,178,87,293,344,100,174,157,333,159,276,144,243,237,172,175,325,348,260,91,150,124,104,274,324,,58,,198,80,34,29,60,78,24,16,161,126,214,67,334,97,76,268,65,229,52,53,95,115,126,293,274,214,8,2,31,140,9,14,83,264,271,170,178,129,215,65,116,,,242,131,,149,87,82,76,80,68,32,24,27,23,5,158,251,111,89,81,11,7,3,23,5,92,260,150,74,,231,,139,b'\x11\xe8\xe1I\xc6V6`\xaf\x82\x12\xdf\x17\xaeN\x1e'
11E8E149-C65A-8242-AF82-12DF17AE4E1E,2010-ncaa-d0-natl,ncaa,178,202,122,197,138,134,116,162,62,102,153,54,193,180,197,200,159,157,184,152,152,161,158,84,100,128,245,220,212,231,213,88,263,148,195,192,288,211,210,216,238,272,179,230,,,79,25,,,185,131,128,122,118,93,182,93,176,194,195,166,165,155,182,174,263,62,145,205,204,251,197,,61,,,185,258,258,306,73,240,290,83,249,280,101,238,160,128,298,132,65,297,252,86,71,178,171,216,108,324,263,121,213,235,195,120,34,282,332,244,257,239,202,206,,,141,148,,,185,211,149,238,188,247,264,334,230,307,246,289,152,116,124,327,276,319,102,243,109,311,239,194,,150,,,b'\x11\xe8\xe1I\xc6Z\x82B\xaf\x82\x12\xdf\x17\xaeN\x1e'
11E8E149-C65A-8242-AF82-12DF17AE4E1E,2010-ncaa-d1-conf-Pac-12,ncaa,6,7,4,7,5,5,5,7,4,5,8,3,5,5,6,5,8,6,6,4,1,7,6,4,4,4,4,5,6,9,7,3,9,4,7,6,8,6,7,6,8,8,9,9,,,2,2,,,7,5,3,6,4,4,7,6,10,5,5,7,6,5,7,5,9,2,5,7,5,7,9,,2,,,7,9,9,9,3,7,8,3,10,10,4,10,7,6,9,6,5,9,9,4,3,8,8,10,4,10,9,6,7,7,7,6,4,9,10,10,9,7,6,8,,,5,4,,,7,6,6,8,8,8,8,9,6,7,10,10,6,6,6,9,8,10,7,7,7,9,7,5,,4,,,b'\x11\xe8\xe1I\xc6Z\x82B\xaf\x82\x12\xdf\x17\xaeN\x1e'
11E8E149-C65A-8242-AF82-12DF17AE4E1E,2010-ncaa-d1-natl,ncaa,189,202,134,203,152,143,125,176,65,109,167,56,199,189,198,199,167,165,184,159,153,175,170,85,103,130,243,218,211,250,216,96,269,164,202,203,292,198,211,218,251,277,187,232,,,65,26,,,191,143,127,122,121,98,184,96,176,196,196,167,163,153,183,174,266,66,149,215,205,253,198,,61,,,191,247,254,305,80,235,286,88,241,274,102,240,154,119,299,120,68,293,240,91,77,183,169,215,107,323,269,106,216,220,202,107,35,300,334,246,250,242,193,209,,,156,148,,,191,197,153,245,191,254,271,335,236,309,250,289,152,118,127,329,276,320,104,245,111,311,240,197,,150,,,b'\x11\xe8\xe1I\xc6Z\x82B\xaf\x82\x12\xdf\x17\xaeN\x1e'
11E8E149-C65A-8242-AF82-12DF17AE4E1E,2011-ncaa-d0-natl,ncaa,71,83,43,82,62,29,23,37,31,26,49,29,82,85,113,173,75,63,198,62,171,37,38,39,56,49,233,191,247,121,232,54,199,68,225,44,206,245,99,76,79,165,128,203,,,157,20,,,107,24,17,223,26,18,36,23,81,111,127,106,99,97,34,39,193,85,114,52,168,105,150,,74,,,109,338,340,330,255,338,332,213,307,264,312,144,148,166,95,164,39,325,321,259,211,219,82,210,32,311,199,320,232,326,225,320,120,69,203,214,241,128,241,131,,,44,162,,,107,320,61,229,113,310,323,324,311,324,274,217,97,108,102,310,318,263,250,268,278,120,171,195,,83,,,b'\x11\xe8\xe1I\xc6Z\x82B\xaf\x82\x12\xdf\x17\xaeN\x1e'
11E8E149-C65A-8242-AF82-12DF17AE4E1E,2011-ncaa-d1-conf-Pac-12,ncaa,3,4,1,4,1,2,2,2,3,3,4,3,3,4,3,4,3,4,4,4,7,1,1,2,2,2,4,4,8,8,10,3,8,5,9,2,8,7,4,4,3,5,5,8,,,5,1,,,7,1,2,5,2,2,2,3,4,4,4,5,5,5,4,3,9,5,8,5,5,5,6,,5,,,7,9,10,10,8,9,10,6,9,7,9,2,4,5,6,5,2,9,10,10,8,8,4,6,3,9,8,9,10,9,9,9,4,2,8,9,9,5,10,8,,,2,4,,,7,10,4,8,7,9,9,9,9,9,9,4,4,4,4,9,9,9,8,9,9,4,5,9,,3,,,b'\x11\xe8\xe1I\xc6Z\x82B\xaf\x82\x12\xdf\x17\xaeN\x1e'
11E8E149-C65A-8242-AF82-12DF17AE4E1E,2011-ncaa-d1-natl,ncaa,76,82,51,85,75,32,24,40,31,27,55,29,88,92,116,171,85,79,197,78,176,41,43,40,57,50,230,188,242,138,240,65,202,79,230,49,209,234,99,78,88,173,134,209,,,140,19,,,115,26,19,218,28,18,37,23,82,114,128,108,99,98,35,41,197,88,122,57,168,114,152,,73,,,115,336,339,327,261,337,331,222,305,255,315,144,141,159,96,155,38,323,320,262,219,225,80,209,31,304,202,313,240,322,230,320,121,83,211,223,229,130,232,138,,,49,163,,,115,318,64,235,120,314,327,325,318,324,273,216,98,107,103,312,318,262,254,272,280,123,174,195,,82,,,b'\x11\xe8\xe1I\xc6Z\x82B\xaf\x82\x12\xdf\x17\xaeN\x1e'
11E8E149-C65A-8242-AF82-12DF17AE4E1E,2012-ncaa-d0-natl,ncaa,171,202,120,193,136,105,136,138,163,202,188,234,46,105,13,113,67,93,82,85,62,122,136,117,93,93,33,58,97,176,214,97,171,132,191,127,131,148,129,132,193,219,248,273,,,75,32,,,162,113,127,119,91,141,149,231,208,44,106,55,84,76,130,148,191,81,137,129,148,208,255,,51,,,162,251,258,277,180,251,258,190,235,267,155,206,190,200,132,190,138,265,232,184,170,230,166,198,126,244,171,258,214,251,191,242,162,244,297,277,131,116,249,258,,,116,145,,,162,220,108,240,162,247,255,293,253,265,224,248,189,195,192,282,225,238,236,248,233,272,125,241,,130,,,b'\x11\xe8\xe1I\xc6Z\x82B\xaf\x82\x12\xdf\x17\xaeN\x1e'
11E8E149-C65A-8242-AF82-12DF17AE4E1E,2012-ncaa-d1-conf-Pac-12,ncaa,12,12,5,12,7,4,7,6,7,9,8,9,2,5,3,5,5,6,2,6,4,6,5,5,5,5,2,2,3,8,7,9,11,8,9,2,2,10,8,5,7,8,12,12,,,4,3,,,11,5,3,8,5,7,7,9,8,2,4,6,6,6,7,6,9,8,9,2,9,7,12,,5,,,11,12,12,10,12,12,11,11,8,9,5,8,9,6,10,6,4,11,7,11,11,12,4,8,2,10,11,9,7,9,9,11,9,11,11,11,9,8,9,9,,,5,3,,,11,7,6,12,12,11,11,11,12,11,8,10,10,8,7,11,10,9,10,10,11,11,10,9,,5,,,b'\x11\xe8\xe1I\xc6Z\x82B\xaf\x82\x12\xdf\x17\xaeN\x1e'
11E8E149-C65A-8242-AF82-12DF17AE4E1E,2012-ncaa-d1-natl,ncaa,174,201,90,190,102,99,127,108,172,186,165,240,46,88,21,110,59,76,83,72,57,98,98,128,99,98,35,59,92,152,194,89,192,110,192,111,122,154,115,123,169,209,256,283,,,76,29,,,159,91,126,125,93,141,136,226,203,49,96,56,81,75,111,137,175,104,135,121,136,195,260,,49,,,159,276,284,293,197,278,276,209,239,276,160,203,194,204,128,188,122,295,256,189,185,233,147,191,107,260,192,277,194,283,192,271,170,226,283,279,140,117,256,249,,,103,151,,,159,248,104,243,164,245,261,290,260,268,222,238,174,184,174,277,227,240,240,252,240,263,125,235,,131,,,b'\x11\xe8\xe1I\xc6Z\x82B\xaf\x82\x12\xdf\x17\xaeN\x1e'
11E8E149-C65A-8242-AF82-12DF17AE4E1E,2013-ncaa-d0-natl,ncaa,212,216,183,221,203,177,183,132,264,205,161,262,129,126,160,139,155,173,105,174,190,142,122,241,227,235,108,124,144,127,167,200,242,163,229,177,160,239,204,215,134,148,207,223,,,70,43,,,214,128,53,112,145,168,75,200,131,116,103,132,162,160,82,50,105,190,134,164,264,119,200,,85,,,213,232,269,221,273,275,213,296,165,202,107,203,89,115,56,111,95,201,225,256,235,192,55,140,62,226,242,256,167,251,229,319,310,97,100,237,230,202,311,307,,,168,228,,,214,212,220,191,215,261,291,292,303,262,186,224,100,136,132,253,290,246,279,282,323,70,245,314,,152,,,b'\x11\xe8\xe1I\xc6Z\x82B\xaf\x82\x12\xdf\x17\xaeN\x1e'
11E8E149-C65A-8242-AF82-12DF17AE4E1E,2013-ncaa-d1-conf-Pac-12,ncaa,10,10,9,10,10,8,7,9,7,8,7,8,6,6,9,5,7,8,2,8,6,9,9,8,9,9,5,5,5,9,9,11,11,10,11,8,6,10,9,9,7,7,12,12,,,2,3,,,11,7,2,2,7,7,5,7,5,6,4,6,7,7,6,3,9,11,9,7,10,7,12,,4,,,11,10,10,7,12,12,7,12,9,7,7,9,2,3,2,3,4,5,6,12,11,11,2,7,2,6,11,9,9,8,11,11,12,6,6,11,9,8,9,10,,,8,7,,,11,6,9,11,11,11,11,10,12,9,9,10,4,5,5,8,10,8,9,9,11,3,9,10,,5,,,b'\x11\xe8\xe1I\xc6Z\x82B\xaf\x82\x12\xdf\x17\xaeN\x1e'
11E8E149-C65A-8242-AF82-12DF17AE4E1E,2013-ncaa-d1-natl,ncaa,221,216,210,228,231,196,201,148,267,219,179,269,138,138,162,141,166,188,105,190,190,157,141,246,231,237,106,124,138,143,174,218,248,181,235,191,163,230,206,220,146,151,222,228,,,59,43,,,221,149,57,99,156,176,78,202,136,116,104,130,161,161,83,53,110,196,139,170,265,122,203,,88,,,221,217,260,209,279,269,198,297,154,193,111,204,77,105,60,100,95,181,204,261,237,196,55,138,60,215,248,238,174,234,235,319,310,113,101,241,215,206,308,311,,,191,224,,,221,193,226,198,222,265,296,294,304,265,188,224,103,137,131,254,291,247,279,285,328,76,245,318,,148,,,b'\x11\xe8\xe1I\xc6Z\x82B\xaf\x82\x12\xdf\x17\xaeN\x1e'
11E8E149-C65A-8242-AF82-12DF17AE4E1E,2014-ncaa-d0-natl,ncaa,325,332,180,332,186,309,266,274,229,195,121,307,306,337,36,332,331,331,232,330,344,293,304,268,286,285,328,286,303,328,336,253,125,308,297,269,236,89,203,233,251,226,289,271,,,36,67,,,294,269,296,44,320,277,280,179,88,309,339,335,332,330,307,316,333,250,323,275,116,243,293,,49,,,291,106,135,93,253,102,60,262,238,207,275,276,51,57,103,51,109,64,73,284,256,233,201,283,58,62,125,216,336,148,297,231,287,203,144,248,112,209,269,230,,,312,256,,,294,81,310,214,299,138,187,90,139,52,267,228,57,72,61,60,53,78,254,188,261,195,143,288,,318,,,b'\x11\xe8\xe1I\xc6Z\x82B\xaf\x82\x12\xdf\x17\xaeN\x1e'
11E8E149-C65A-8242-AF82-12DF17AE4E1E,2014-ncaa-d1-conf-Pac-12,ncaa,12,12,9,12,10,12,11,12,10,10,8,11,12,12,6,12,12,12,5,12,12,12,12,11,11,12,12,11,12,12,10,12,10,12,12,12,10,5,11,12,8,7,12,11,,,1,4,,,12,12,11,2,12,11,10,9,6,12,12,12,12,12,12,11,12,12,12,12,6,8,12,,1,,,12,5,5,2,10,2,1,9,10,7,11,11,2,1,9,1,6,1,1,11,11,10,10,11,4,6,10,5,10,4,12,10,11,7,2,7,8,11,9,9,,,12,9,,,12,1,12,10,12,8,7,4,3,1,10,9,2,1,1,1,2,6,7,6,10,6,9,9,,11,,,b'\x11\xe8\xe1I\xc6Z\x82B\xaf\x82\x12\xdf\x17\xaeN\x1e'
11E8E149-C65A-8242-AF82-12DF17AE4E1E,2014-ncaa-d1-natl,ncaa,332,331,211,335,218,316,282,298,237,207,143,311,313,339,35,330,337,335,233,334,344,314,320,273,290,286,328,283,302,335,337,276,127,327,302,287,242,75,203,239,263,229,299,276,,,25,68,,,298,300,298,39,322,280,283,181,90,307,339,335,332,330,310,319,333,259,325,279,112,248,297,,49,,,300,87,122,63,267,86,38,272,230,191,278,277,40,48,107,40,113,41,40,288,267,244,201,284,58,51,127,198,337,129,302,220,289,224,154,256,102,212,263,233,,,323,255,,,298,47,312,227,305,145,193,90,143,49,268,230,57,72,61,60,51,79,254,192,266,201,142,291,,318,,,b'\x11\xe8\xe1I\xc6Z\x82B\xaf\x82\x12\xdf\x17\xaeN\x1e'
11E8E149-C65A-8242-AF82-12DF17AE4E1E,2015-ncaa-d0-natl,ncaa,253,267,172,262,193,271,250,172,298,123,48,309,345,341,343,342,159,183,102,175,305,178,202,334,323,295,331,344,50,173,221,226,137,213,224,313,326,84,107,271,312,318,204,211,,,47,69,,,296,215,234,107,291,261,144,91,19,346,342,141,183,181,149,199,177,225,213,329,106,312,208,,56,,,294,196,253,160,298,266,157,323,155,184,110,213,80,68,222,65,76,125,106,291,271,295,64,135,67,83,137,252,221,195,224,261,227,244,242,288,135,162,309,229,,,216,214,,,296,117,297,273,297,230,289,189,302,177,175,200,99,87,85,144,102,90,275,217,283,255,160,327,,221,,,b'\x11\xe8\xe1I\xc6Z\x82B\xaf\x82\x12\xdf\x17\xaeN\x1e'
11E8E149-C65A-8242-AF82-12DF17AE4E1E,2015-ncaa-d1-conf-Pac-12,ncaa,11,11,8,11,9,11,11,9,12,8,2,12,12,12,12,12,6,7,3,7,11,9,9,12,12,12,12,12,1,7,9,12,12,11,12,12,10,7,6,12,8,8,7,6,,,2,5,,,12,9,7,3,11,11,4,6,1,12,12,3,6,6,5,5,5,11,11,12,8,8,6,,5,,,12,10,12,5,12,12,6,12,10,8,10,10,3,3,9,3,6,4,5,12,11,12,4,10,1,6,12,9,9,7,12,12,11,7,6,11,7,8,12,12,,,7,6,,,12,4,12,12,12,12,12,9,12,7,10,9,4,3,3,7,6,7,11,11,12,6,8,12,,1,,,b'\x11\xe8\xe1I\xc6Z\x82B\xaf\x82\x12\xdf\x17\xaeN\x1e'
11E8E149-C65A-8242-AF82-12DF17AE4E1E,2015-ncaa-d1-natl,ncaa,266,267,209,271,232,292,278,218,300,143,59,317,346,344,345,341,181,209,104,204,306,217,250,336,324,298,330,343,44,207,225,264,143,251,236,328,328,71,110,275,324,320,226,218,,,32,72,,,299,259,236,102,297,269,152,101,19,345,342,141,184,183,160,204,180,231,221,332,109,318,213,,58,,,296,174,236,123,300,255,128,326,140,167,114,214,70,56,222,55,80,84,67,299,279,305,62,133,66,61,143,225,225,164,236,244,228,267,249,296,121,168,306,234,,,246,211,,,299,72,304,284,300,246,292,190,304,180,175,201,98,88,86,149,102,93,276,222,287,261,159,328,,218,,,b'\x11\xe8\xe1I\xc6Z\x82B\xaf\x82\x12\xdf\x17\xaeN\x1e'
11E8E149-C65A-8242-AF82-12DF17AE4E1E,2016-ncaa-d0-natl,ncaa,196,249,76,229,95,221,177,174,185,113,79,258,290,320,103,323,279,254,303,256,319,195,154,239,259,278,322,285,269,146,149,194,149,176,135,176,156,305,299,250,211,218,172,159,,,232,237,,,257,156,264,229,302,249,272,154,104,307,336,313,291,294,299,261,201,274,262,216,267,250,197,,189,,,248,195,173,132,243,167,123,246,182,166,212,187,241,241,158,239,270,148,182,245,249,204,210,178,240,116,149,144,149,126,135,166,168,97,94,115,300,293,283,228,,,161,178,,,257,197,279,183,251,133,116,39,126,53,159,131,211,212,211,46,56,73,76,61,126,139,260,271,,229,,,b'\x11\xe8\xe1I\xc6Z\x82B\xaf\x82\x12\xdf\x17\xaeN\x1e'
11E8E149-C65A-8242-AF82-12DF17AE4E1E,2016-ncaa-d1-conf-Pac-12,ncaa,11,11,5,11,7,12,12,10,11,8,5,11,12,12,12,11,10,10,10,10,10,11,8,12,11,12,12,12,9,9,9,8,6,11,8,12,8,11,12,12,12,11,11,11,,,6,7,,,12,8,8,6,12,12,10,8,5,12,12,10,10,10,11,7,9,10,12,12,11,11,11,,5,,,12,8,6,4,12,6,2,12,10,9,10,11,8,7,7,7,10,3,3,12,12,12,9,10,6,2,6,5,9,5,8,10,11,6,5,8,12,12,9,7,,,7,3,,,12,5,12,11,12,9,7,2,6,1,11,9,8,7,7,2,4,2,6,5,9,6,12,8,,5,,,b'\x11\xe8\xe1I\xc6Z\x82B\xaf\x82\x12\xdf\x17\xaeN\x1e'
11E8E149-C65A-8242-AF82-12DF17AE4E1E,2016-ncaa-d1-natl,ncaa,216,249,99,236,118,253,207,213,195,140,91,264,297,326,108,323,294,274,301,275,321,226,193,247,264,286,323,283,270,174,160,235,154,212,147,204,160,297,303,259,235,230,191,165,,,210,241,,,271,199,268,223,307,260,278,167,106,308,335,313,292,295,300,263,207,279,274,225,267,257,205,,190,,,264,174,151,95,255,153,90,252,167,149,224,184,228,225,163,222,272,117,140,252,261,217,205,175,241,92,154,116,160,88,147,150,167,122,103,125,285,295,281,238,,,193,173,,,271,152,285,193,268,147,124,42,136,56,159,131,212,216,213,47,57,73,82,61,133,149,263,277,,232,,,b'\x11\xe8\xe1I\xc6Z\x82B\xaf\x82\x12\xdf\x17\xaeN\x1e'
11E8E149-C65A-8242-AF82-12DF17AE4E1E,2017-ncaa-d0-natl,ncaa,184,184,168,190,199,190,153,176,132,89,88,137,303,297,282,306,179,186,167,183,280,187,164,198,188,220,321,321,164,218,210,246,308,238,273,205,257,255,255,246,154,172,110,106,,,264,256,,,222,138,83,193,171,135,157,58,48,313,306,163,179,176,166,111,211,261,256,202,271,146,100,,290,,,222,201,186,172,208,224,202,245,92,135,66,113,254,307,18,310,289,208,211,174,163,162,107,69,248,289,308,147,210,217,273,198,198,132,153,162,258,253,317,281,,,196,220,,,222,189,233,196,230,228,217,199,256,224,101,148,268,319,322,253,288,303,165,231,210,113,266,324,,183,,,b'\x11\xe8\xe1I\xc6Z\x82B\xaf\x82\x12\xdf\x17\xaeN\x1e'
11E8E149-C65A-8242-AF82-12DF17AE4E1E,2017-ncaa-d1-conf-Pac-12,ncaa,9,9,8,9,8,11,10,11,9,9,6,8,11,11,10,10,8,10,6,10,9,11,10,9,9,9,12,11,6,10,11,11,12,11,12,12,11,8,11,12,8,8,8,8,,,12,11,,,11,9,6,5,11,9,7,6,3,11,10,8,8,8,7,5,9,11,11,12,10,6,8,,12,,,11,10,9,5,10,8,3,11,6,9,4,10,9,10,1,10,11,5,7,11,8,11,7,5,9,12,12,8,11,10,12,8,8,5,6,7,7,8,10,10,,,10,7,,,11,3,10,12,12,11,12,7,11,4,7,12,10,10,10,10,11,12,8,10,9,5,8,11,,6,,,b'\x11\xe8\xe1I\xc6Z\x82B\xaf\x82\x12\xdf\x17\xaeN\x1e'
11E8E149-C65A-8242-AF82-12DF17AE4E1E,2017-ncaa-d1-natl,ncaa,194,181,217,195,266,217,186,216,136,110,110,148,314,308,286,306,204,218,166,216,280,227,206,203,198,224,321,319,159,245,221,286,314,284,282,227,258,237,259,252,179,184,117,111,,,251,260,,,233,184,85,178,179,146,165,63,51,311,306,172,188,183,173,117,222,269,266,209,273,158,104,,292,,,234,167,158,125,221,204,160,254,71,105,70,110,245,293,18,299,297,164,174,184,174,173,109,67,249,270,314,118,221,184,282,183,200,161,158,169,239,257,313,287,,,225,219,,,233,142,241,211,245,236,223,203,266,229,101,146,274,319,322,255,283,305,170,239,218,120,267,324,,187,,,b'\x11\xe8\xe1I\xc6Z\x82B\xaf\x82\x12\xdf\x17\xaeN\x1e'
11E8E149-C65A-8242-AF82-12DF17AE4E1E,2018-ncaa-d0-natl,ncaa,310,326,164,322,185,271,280,226,309,291,254,316,160,136,206,100,259,300,27,298,275,246,295,291,279,247,83,92,172,303,313,308,316,322,338,321,313,38,92,237,255,254,207,175,,,31,61,,,326,271,309,117,299,302,227,303,259,153,124,262,307,306,271,319,307,325,337,330,58,256,206,,44,,,319,264,264,174,324,155,67,313,337,303,337,329,73,77,146,76,154,149,104,335,330,339,300,335,37,236,316,258,313,260,338,330,337,279,274,339,43,90,110,170,,,274,203,,,326,77,262,339,323,281,292,206,187,54,343,323,90,94,93,169,95,265,282,288,340,289,62,122,,279,,,b'\x11\xe8\xe1I\xc6Z\x82B\xaf\x82\x12\xdf\x17\xaeN\x1e'
11E8E149-C65A-8242-AF82-12DF17AE4E1E,2018-ncaa-d1-conf-Pac-12,ncaa,11,11,8,11,11,12,12,12,12,12,10,12,9,9,9,7,8,10,1,10,6,12,12,12,12,12,2,4,2,12,12,11,12,12,12,12,12,5,10,12,11,10,10,9,,,2,3,,,12,12,10,8,12,12,12,12,10,9,9,5,10,10,12,12,12,11,12,12,6,10,10,,4,,,12,10,9,7,10,5,2,10,12,12,9,12,2,3,2,3,6,5,3,11,11,11,10,12,2,12,12,11,12,12,12,11,12,10,10,11,3,6,6,9,,,9,2,,,12,1,12,12,12,10,11,9,7,4,12,12,3,4,4,7,6,12,10,11,11,10,5,6,,4,,,b'\x11\xe8\xe1I\xc6Z\x82B\xaf\x82\x12\xdf\x17\xaeN\x1e'
11E8E149-C65A-8242-AF82-12DF17AE4E1E,2018-ncaa-d1-natl,ncaa,324,325,213,327,241,303,306,271,313,314,279,323,182,159,211,99,275,313,27,312,274,287,330,302,287,254,83,94,164,318,316,332,320,338,339,334,316,28,98,242,274,262,225,184,,,20,62,,,328,322,312,99,304,307,244,310,262,162,127,264,311,309,281,320,312,333,341,334,60,262,212,,47,,,327,246,256,127,326,133,38,319,333,296,340,328,59,61,149,62,158,100,48,340,336,340,293,334,37,210,320,230,316,242,339,327,337,304,279,342,34,98,101,176,,,294,201,,,328,27,274,343,329,290,297,206,195,53,343,321,95,98,99,173,94,269,285,289,343,294,63,132,,282,,,b'\x11\xe8\xe1I\xc6Z\x82B\xaf\x82\x12\xdf\x17\xaeN\x1e'
11E8E149-C65A-8242-AF82-12DF17AE4E1E,2019-ncaa-d0-natl,ncaa,41,109,4,88,4,25,22,22,43,23,38,37,54,54,120,146,98,92,181,87,209,23,25,57,71,53,222,170,285,175,275,24,143,50,203,67,259,198,63,86,30,84,41,53,,,337,192,,,55,12,283,11,105,82,173,92,200,126,144,230,238,233,197,282,303,145,243,159,38,103,81,,168,,,65,325,294,332,69,226,301,74,328,333,143,278,281,308,54,315,243,339,345,84,75,73,293,288,191,314,143,341,275,344,203,285,199,35,143,123,62,22,297,201,,,41,180,,,55,342,84,76,62,75,65,109,42,54,226,253,134,167,176,108,121,156,141,144,109,164,15,185,,233,,,b'\x11\xe8\xe1I\xc6Z\x82B\xaf\x82\x12\xdf\x17\xaeN\x1e'
11E8E149-C65A-8242-AF82-12DF17AE4E1E,2019-ncaa-d1-conf-Pac-12,ncaa,8,8,3,8,3,8,7,7,6,6,3,7,8,10,7,11,7,4,12,4,5,7,7,7,7,8,10,9,5,12,12,7,9,9,10,11,12,8,9,10,4,4,4,3,,,11,10,,,9,4,10,1,8,9,12,7,5,9,11,7,4,4,11,10,12,7,10,11,9,4,4,,11,,,8,6,5,7,4,5,4,4,9,9,7,9,11,12,5,12,11,10,10,6,6,5,10,7,11,10,9,11,12,12,10,9,10,4,4,5,7,7,12,10,,,3,3,,,9,9,10,6,8,6,5,7,3,4,9,10,11,11,11,9,11,11,11,11,7,4,6,11,,3,,,b'\x11\xe8\xe1I\xc6Z\x82B\xaf\x82\x12\xdf\x17\xaeN\x1e'
11E8E149-C65A-8242-AF82-12DF17AE4E1E,2019-ncaa-d1-natl,ncaa,26,108,1,79,1,18,14,16,39,17,30,37,53,55,98,151,87,89,169,83,216,14,14,51,61,51,228,166,290,161,274,15,130,29,177,56,290,231,65,94,25,85,36,59,,,340,180,,,36,7,284,13,103,78,184,85,195,127,154,242,245,242,206,290,304,120,232,173,43,107,91,,161,,,52,329,307,340,52,240,310,70,336,341,119,294,285,311,45,315,247,343,347,69,59,60,301,295,189,328,130,345,274,345,177,295,196,35,140,110,79,23,298,194,,,37,188,,,36,346,77,58,48,58,45,104,24,46,224,268,124,162,174,97,106,137,125,120,100,173,14,185,,246,,,b'\x11\xe8\xe1I\xc6Z\x82B\xaf\x82\x12\xdf\x17\xaeN\x1e'
11E8E149-C65A-8242-AF82-12DF17AE4E1E,2020-ncaa-d0-natl,ncaa,23,30,33,29,63,55,57,165,30,90,211,30,70,105,44,110,127,236,12,240,189,176,216,26,19,20,129,114,233,323,318,117,85,228,193,83,188,74,82,72,12,14,48,34,,,170,165,,,23,149,269,148,82,87,258,130,272,87,136,170,274,277,278,322,335,184,309,115,39,22,60,,115,,,24,62,51,118,52,28,116,32,208,165,250,210,129,152,81,142,195,108,192,65,67,25,295,285,215,94,85,163,318,131,193,150,272,38,34,57,73,83,4,6,,,191,146,,,23,206,46,22,22,23,18,29,13,44,166,122,96,124,115,26,67,57,86,59,99,63,50,4,,248,,,b'\x11\xe8\xe1I\xc6Z\x82B\xaf\x82\x12\xdf\x17\xaeN\x1e'
11E8E149-C65A-8242-AF82-12DF17AE4E1E,2020-ncaa-d1-conf-Pac-12,ncaa,4,4,3,4,5,5,7,9,5,8,11,5,5,5,5,3,4,5,1,5,4,8,10,4,3,3,2,4,4,12,12,7,5,11,11,9,10,3,3,6,2,1,1,1,,,8,9,,,5,7,7,6,5,7,12,9,11,5,6,4,5,5,11,12,12,7,12,10,3,1,1,,7,,,5,4,4,3,6,3,5,3,6,5,10,6,4,10,2,10,11,3,6,7,7,4,9,7,8,6,5,9,12,7,11,6,8,2,2,4,4,4,1,1,,,4,1,,,5,6,5,4,5,5,5,2,3,2,7,4,5,10,10,3,6,5,9,7,7,2,4,1,,5,,,b'\x11\xe8\xe1I\xc6Z\x82B\xaf\x82\x12\xdf\x17\xaeN\x1e'
11E8E149-C65A-8242-AF82-12DF17AE4E1E,2020-ncaa-d1-natl,ncaa,26,30,45,31,84,69,73,201,32,116,244,31,78,114,47,112,151,258,12,259,188,216,268,27,20,22,127,111,229,333,320,147,90,268,203,99,189,52,86,77,22,18,57,36,,,147,171,,,28,189,271,144,94,90,265,138,274,93,137,174,280,280,281,327,339,187,319,124,39,29,58,,119,,,29,48,34,78,52,23,85,33,195,147,260,209,117,139,81,127,196,73,134,69,73,29,295,287,217,84,90,143,320,103,203,135,271,53,37,61,57,86,3,6,,,222,146,,,28,163,47,26,26,24,20,31,15,46,166,120,99,126,118,27,66,60,87,61,109,71,49,3,,247,,,b'\x11\xe8\xe1I\xc6Z\x82B\xaf\x82\x12\xdf\x17\xaeN\x1e'
11E8E149-C65A-8242-AF82-12DF17AE4E1E,2021-ncaa-d0-natl,ncaa,18,43,26,28,29,54,49,35,131,51,34,177,69,83,77,199,101,80,192,82,231,39,51,133,147,89,186,157,228,110,277,39,46,56,185,109,311,137,26,98,6,10,26,39,,,270,149,,,18,45,246,100,131,116,131,123,130,138,194,211,206,210,150,262,253,117,194,240,17,19,42,,114,,,28,191,199,260,37,216,288,29,166,178,145,65,202,209,135,211,78,255,281,34,31,14,119,125,176,204,46,329,277,310,185,177,114,21,41,25,103,18,289,159,,,90,217,,,18,298,110,13,27,13,22,54,47,149,47,38,63,69,69,35,66,47,263,168,37,66,12,187,,252,,,b'\x11\xe8\xe1I\xc6Z\x82B\xaf\x82\x12\xdf\x17\xaeN\x1e'
11E8E149-C65A-8242-AF82-12DF17AE4E1E,2021-ncaa-d1-conf-Pac-12,ncaa,2,3,3,3,3,4,6,4,6,3,2,6,8,8,8,11,3,3,5,3,7,4,5,8,7,6,8,11,5,8,10,2,2,4,10,7,12,5,3,7,1,1,2,4,,,9,8,,,4,3,5,3,5,6,5,4,3,10,10,4,5,6,4,6,10,4,7,10,3,1,4,,10,,,4,6,7,8,3,7,9,3,3,3,6,1,6,7,3,7,3,8,8,2,2,2,2,3,6,5,2,10,10,9,10,4,4,1,1,2,2,1,5,4,,,3,5,,,4,10,5,2,4,2,2,3,2,7,2,1,3,4,4,3,5,4,11,11,2,1,1,4,,5,,,b'\x11\xe8\xe1I\xc6Z\x82B\xaf\x82\x12\xdf\x17\xaeN\x1e'
11E8E149-C65A-8242-AF82-12DF17AE4E1E,2021-ncaa-d1-natl,ncaa,21,43,30,29,33,63,56,42,132,63,39,183,77,92,77,196,111,94,191,96,233,48,65,135,151,93,180,157,225,127,281,44,48,63,191,121,310,121,25,98,9,11,26,41,,,261,148,,,23,52,251,100,136,119,140,128,133,140,198,213,206,210,154,269,261,128,201,246,17,20,42,,117,,,31,173,183,248,37,203,285,31,156,159,150,64,195,201,138,204,77,244,271,34,31,15,119,121,177,194,48,326,281,305,191,161,114,26,45,25,94,20,284,159,,,106,218,,,23,291,115,13,30,14,22,53,48,151,47,37,64,73,72,36,66,49,268,172,40,67,12,190,,254,,,b'\x11\xe8\xe1I\xc6Z\x82B\xaf\x82\x12\xdf\x17\xaeN\x1e'
11E8E149-C65A-8242-AF82-12DF17AE4E1E,2021-ncaa-d1-ncaatournament,ncaa,2,2,1,2,1,3,3,2,26,5,5,33,2,2,13,26,2,1,57,1,18,2,2,18,19,14,21,16,39,7,55,2,7,3,42,3,45,61,5,13,1,4,5,29,,,64,42,,,6,1,36,7,22,30,40,40,41,12,28,38,26,25,36,51,54,23,41,43,4,6,22,,32,,,6,63,63,63,17,64,63,21,52,56,9,14,62,62,39,62,20,63,63,8,8,5,11,11,36,57,7,64,55,64,42,64,29,1,5,5,48,2,61,32,,,1,14,,,6,64,25,1,6,3,2,6,20,33,3,5,24,20,18,5,13,7,44,27,10,11,2,30,,23,,,b'\x11\xe8\xe1I\xc6Z\x82B\xaf\x82\x12\xdf\x17\xaeN\x1e'
11E8E149-C65A-8242-AF82-12DF17AE4E1E,2022-ncaa-d0-natl,ncaa,67,35,163,50,173,132,130,182,60,132,179,68,136,186,62,174,185,178,189,176,164,189,239,57,66,50,185,160,225,229,201,279,148,275,200,111,125,22,50,39,32,13,86,44,,,232,298,,,48,235,293,104,109,91,203,101,180,125,180,179,170,168,200,284,251,333,330,94,26,20,80,,242,,,39,54,34,40,122,39,88,61,85,31,310,75,268,222,343,220,278,48,102,133,193,71,286,146,334,53,148,111,201,70,200,58,209,49,18,24,10,15,121,125,,,260,248,,,48,118,53,58,38,44,14,6,22,44,74,21,276,227,225,11,44,48,88,52,67,30,11,106,,292,,,b'\x11\xe8\xe1I\xc6Z\x82B\xaf\x82\x12\xdf\x17\xaeN\x1e'
11E8E149-C65A-8242-AF82-12DF17AE4E1E,2022-ncaa-d1-conf-Pac-12,ncaa,6,2,9,4,9,7,7,9,3,6,6,4,8,8,5,8,7,7,9,6,4,9,9,4,4,4,9,11,6,9,11,10,6,10,11,9,12,3,3,4,4,2,10,10,,,8,12,,,3,9,10,8,4,4,10,3,6,6,8,6,6,5,9,10,11,12,12,9,1,2,12,,10,,,3,4,3,3,9,3,3,8,4,3,10,2,9,8,12,8,12,3,4,10,11,5,11,5,12,3,6,5,11,4,11,5,7,2,1,2,1,1,9,8,,,8,4,,,3,4,4,4,3,3,2,1,3,1,2,1,12,10,10,1,1,1,5,2,4,1,1,9,,8,,,b'\x11\xe8\xe1I\xc6Z\x82B\xaf\x82\x12\xdf\x17\xaeN\x1e'
11E8E149-C65A-8242-AF82-12DF17AE4E1E,2022-ncaa-d1-natl,ncaa,74,35,213,53,226,175,160,231,62,166,216,73,154,205,62,176,209,206,185,203,165,232,284,64,71,55,183,159,219,256,215,314,155,316,213,139,133,17,50,45,46,14,99,47,,,201,302,,,55,278,297,101,119,101,216,116,188,126,183,184,178,174,210,296,256,335,337,107,28,25,89,,242,,,47,38,21,21,135,34,61,69,71,17,320,69,255,202,345,200,279,27,52,144,208,87,283,148,333,34,155,69,215,45,213,43,212,68,19,29,4,16,106,136,,,291,245,,,55,76,60,71,45,47,14,7,27,51,84,22,280,235,232,12,42,49,89,56,72,36,11,118,,292,,,b'\x11\xe8\xe1I\xc6Z\x82B\xaf\x82\x12\xdf\x17\xaeN\x1e'
11E8E149-C65A-8242-AF82-12DF17AE4E1E,2022-ncaa-d1-ncaatournament,ncaa,17,2,17,17,18,29,32,30,44,31,30,34,25,22,45,20,25,23,56,24,16,29,32,42,45,40,30,29,27,42,61,35,17,36,58,27,22,32,18,18,15,9,28,30,,,53,64,,,46,28,38,5,45,48,44,48,51,36,24,29,23,25,42,55,55,54,65,33,14,14,30,,60,,,39,44,44,34,51,48,40,46,20,23,38,10,52,50,40,49,53,34,34,45,50,38,19,12,58,25,17,49,61,40,58,45,41,14,4,16,25,16,24,15,,,35,54,,,46,41,46,29,37,27,24,3,36,22,10,7,48,46,45,5,14,9,51,30,31,7,11,9,,58,,,b'\x11\xe8\xe1I\xc6Z\x82B\xaf\x82\x12\xdf\x17\xaeN\x1e'
11E8E149-C65A-8242-AF82-12DF17AE4E1E,2023-ncaa-d0-natl,ncaa,59,52,81,59,81,53,38,42,49,21,22,99,190,230,84,318,93,76,260,72,249,41,70,97,110,57,327,295,240,91,150,147,178,119,187,68,227,30,7,28,14,16,136,158,,,320,285,,,52,71,83,73,36,21,28,9,10,207,274,123,85,83,31,78,115,220,159,72,17,14,158,,293,,,53,260,249,232,215,277,245,222,141,164,116,124,277,284,135,277,247,248,282,196,199,125,123,90,249,193,178,285,150,273,187,287,272,41,55,124,48,16,305,163,,,122,254,,,52,283,49,109,55,186,185,133,218,177,103,122,249,259,254,157,252,149,236,205,246,52,27,292,,183,,,b'\x11\xe8\xe1I\xc6Z\x82B\xaf\x82\x12\xdf\x17\xaeN\x1e'
11E8E149-C65A-8242-AF82-12DF17AE4E1E,2023-ncaa-d1-conf-Pac-12,ncaa,6,4,7,6,8,6,5,5,4,2,2,4,10,10,10,12,6,5,11,5,6,5,6,5,5,3,11,12,8,8,9,9,10,9,10,9,11,2,2,1,1,2,11,11,,,11,10,,,6,6,3,2,3,3,3,1,2,10,10,5,4,3,3,3,8,10,10,8,2,1,11,,12,,,6,7,6,4,9,7,3,11,3,7,3,7,9,11,3,11,11,6,7,9,9,8,6,3,9,5,10,9,9,7,10,9,10,2,2,6,2,2,7,5,,,8,6,,,6,7,4,8,6,9,8,4,8,3,5,9,9,10,10,6,11,6,11,9,8,1,2,6,,6,,,b'\x11\xe8\xe1I\xc6Z\x82B\xaf\x82\x12\xdf\x17\xaeN\x1e'
11E8E149-C65A-8242-AF82-12DF17AE4E1E,2023-ncaa-d1-natl,ncaa,67,52,103,64,109,57,42,52,51,22,26,103,210,253,88,318,114,94,263,89,250,51,90,100,116,64,325,297,232,109,159,180,181,144,200,79,236,17,7,29,16,17,152,163,,,304,290,,,56,88,90,68,39,26,29,8,10,214,277,122,87,84,32,84,120,234,183,75,18,16,162,,297,,,56,234,231,198,235,261,223,234,124,140,128,123,266,272,141,266,249,221,260,217,217,149,121,88,247,169,181,260,159,245,200,276,279,59,65,147,36,17,302,176,,,154,254,,,56,265,50,132,60,200,200,136,234,181,107,126,252,262,258,165,251,156,240,212,257,64,27,297,,184,,,b'\x11\xe8\xe1I\xc6Z\x82B\xaf\x82\x12\xdf\x17\xaeN\x1e'
11E8E149-C65A-8242-AF82-12DF17AE4E1E,2023-ncaa-d1-ncaatournament,ncaa,18,2,18,18,21,22,18,19,15,16,17,11,50,43,59,63,31,24,61,23,50,21,20,26,33,34,66,64,51,22,18,22,15,20,12,22,37,43,29,22,23,17,22,21,,,45,37,,,23,19,17,7,21,6,14,1,2,62,60,44,32,31,16,13,18,17,11,17,36,21,23,,34,,,23,44,45,42,35,45,44,42,36,43,22,37,46,44,37,44,46,44,43,33,37,38,33,29,46,35,15,42,18,39,12,47,39,29,41,34,47,33,35,17,,,22,35,,,23,46,28,31,26,34,33,33,38,33,25,35,46,48,42,38,33,17,31,19,37,41,39,24,,24,,,b'\x11\xe8\xe1I\xc6Z\x82B\xaf\x82\x12\xdf\x17\xaeN\x1e'
11E8E149-C65A-8242-AF82-12DF17AE4E1E,2024-ncaa-d0-natl,ncaa,127,176,29,157,26,58,45,59,48,15,18,85,265,296,157,336,52,70,74,65,242,54,51,101,89,87,337,336,138,141,190,209,309,183,279,63,156,237,124,87,3,4,53,42,,,351,307,,,100,38,175,1,84,61,135,20,32,304,334,87,123,120,119,149,222,337,327,77,135,5,70,,311,,,102,310,297,262,270,283,221,294,275,265,219,220,292,319,46,321,294,281,328,276,263,141,204,194,211,316,309,255,190,293,279,297,220,10,24,66,236,145,300,141,,,90,208,,,100,325,100,154,103,201,193,104,182,82,194,185,211,246,258,128,262,244,108,157,211,20,142,255,,187,,,b'\x11\xe8\xe1I\xc6Z\x82B\xaf\x82\x12\xdf\x17\xaeN\x1e'
11E8E149-C65A-8242-AF82-12DF17AE4E1E,2024-ncaa-d1-conf-Pac-12,ncaa,7,7,3,7,3,6,5,5,4,2,1,7,11,11,3,11,3,3,5,3,7,5,5,5,5,7,11,11,4,8,7,11,11,10,11,6,7,7,6,7,1,1,8,6,,,11,10,,,7,3,4,1,6,4,6,1,1,11,11,3,3,3,5,4,9,12,12,6,6,1,8,,11,,,7,9,7,3,10,4,1,11,10,10,6,11,10,11,4,11,12,5,11,10,10,6,11,10,9,9,11,9,7,9,11,9,9,1,1,3,5,6,9,5,,,3,5,,,7,11,8,7,7,9,6,2,5,1,10,10,11,11,11,3,12,10,7,9,10,1,6,9,,3,,,b'\x11\xe8\xe1I\xc6Z\x82B\xaf\x82\x12\xdf\x17\xaeN\x1e'
11E8E149-C65A-8242-AF82-12DF17AE4E1E,2024-ncaa-d1-natl,ncaa,137,177,38,166,34,74,54,74,54,19,23,96,285,312,159,339,67,85,74,80,245,73,69,112,100,91,336,337,133,178,206,256,320,230,295,74,164,205,129,97,5,7,59,44,,,347,310,,,125,51,183,1,94,69,147,21,37,309,338,86,126,124,131,154,236,340,333,92,133,6,72,,315,,,126,295,287,232,287,274,190,307,263,247,228,219,274,310,45,312,298,259,321,285,272,162,202,193,212,305,320,223,206,272,295,289,225,13,31,84,214,151,296,154,,,115,203,,,125,315,108,179,127,216,206,107,200,82,200,188,214,256,266,131,263,253,117,167,230,28,152,257,,187,,,b'\x11\xe8\xe1I\xc6Z\x82B\xaf\x82\x12\xdf\x17\xaeN\x1e'
11E8E149-C65A-8242-AF82-12DF17AE4E1E,2024-ncaa-d1-ncaatournament,ncaa,17,3,17,17,19,23,29,36,9,24,30,11,32,33,30,54,13,14,40,13,5,33,29,13,11,24,35,47,8,36,37,33,62,34,53,28,32,54,63,51,10,5,20,28,,,50,48,,,21,22,22,5,26,38,65,29,53,44,54,4,4,4,57,43,50,46,57,35,64,2,20,,57,,,20,40,42,41,34,48,49,35,12,30,6,6,39,52,4,51,42,44,51,25,15,8,8,6,37,57,62,33,37,43,53,27,8,12,11,4,57,64,29,32,,,23,17,,,21,45,36,17,20,23,30,31,53,55,6,8,35,47,46,43,65,63,5,31,9,3,63,18,,15,,,b'\x11\xe8\xe1I\xc6Z\x82B\xaf\x82\x12\xdf\x17\xaeN\x1e'
11E8E149-C65A-8242-AF82-12DF17AE4E1E,2025-ncaa-d0-natl,genius_ncaa,109,130,54,125,64,89,74,101,75,64,80,97,147,180,72,233,127,123,197,137,224,99,85,87,94,108,242,219,230,236,283,86,198,131,221,105,198,285,200,160,27,37,88,109,,,343,288,,323,100,60,97,131,111,91,166,84,132,186,240,194,187,196,185,176,290,137,230,137,198,34,110,,309,,304,104,224,213,263,111,218,264,106,206,232,142,159,261,271,164,276,215,274,303,106,116,69,196,173,240,281,198,263,283,278,221,193,154,36,59,53,289,222,132,73,,,136,230,,71,100,303,133,74,103,123,115,160,125,173,146,151,198,203,211,160,268,226,160,189,112,49,216,91,,220,,90,b'\x11\xe8\xe1I\xc6Z\x82B\xaf\x82\x12\xdf\x17\xaeN\x1e'
11E8E149-C65A-8242-AF82-12DF17AE4E1E,2025-ncaa-d1-conf-Big 12,genius_ncaa,9,8,11,8,11,13,12,15,7,10,8,11,12,14,5,12,14,14,10,16,15,15,15,8,10,10,13,8,12,15,14,11,12,14,14,8,8,8,12,6,4,3,10,11,,,9,10,,8,8,15,12,1,12,11,11,10,6,10,12,13,13,14,13,14,15,10,14,8,10,2,10,,11,,9,8,2,2,2,8,6,7,7,6,3,8,5,2,4,4,4,5,3,4,6,5,4,6,7,6,12,12,10,14,9,14,4,6,4,3,4,3,9,2,3,,,13,10,,5,8,5,11,5,8,6,8,6,9,10,6,5,4,6,6,5,11,13,12,12,8,2,6,3,,11,,5,b'\x11\xe8\xe1I\xc6Z\x82B\xaf\x82\x12\xdf\x17\xaeN\x1e'
11E8E149-C65A-8242-AF82-12DF17AE4E1E,2025-ncaa-d1-natl,genius_ncaa,117,130,72,128,81,106,88,127,80,76,99,101,162,208,78,237,151,150,198,158,219,128,114,92,98,113,235,215,229,261,291,106,205,170,238,126,207,257,206,171,42,45,93,115,,,334,289,,320,110,81,107,128,115,99,189,90,134,189,244,194,185,195,198,189,298,146,247,147,199,39,115,,312,,306,111,203,189,240,120,194,251,118,189,209,150,156,247,253,170,259,217,253,283,113,126,78,197,170,240,268,205,237,291,259,238,178,152,49,70,64,268,232,117,78,,,161,225,,77,110,281,140,90,110,135,124,165,134,179,149,149,207,208,216,171,263,235,167,199,121,54,213,96,,218,,85,b'\x11\xe8\xe1I\xc6Z\x82B\xaf\x82\x12\xdf\x17\xaeN\x1e'
11E8E149-C65A-8242-AF82-12DF17AE4E1E,2026-ncaa-d0-natl,genius_ncaa,55,39,116,52,142,87,87,170,20,52,99,31,252,289,128,335,44,41,182,42,73,145,162,46,38,38,327,345,76,289,325,117,54,176,172,57,59,131,95,38,145,156,216,205,,,330,350,,305,80,129,81,97,45,38,201,24,78,283,325,28,25,25,136,183,336,82,225,32,93,156,250,,332,,303,80,226,169,187,148,101,112,167,306,303,212,332,273,260,252,250,300,185,196,197,221,196,349,320,270,94,54,217,325,185,172,243,284,130,136,174,131,111,76,42,,,48,12,,113,80,226,62,157,91,198,127,142,57,33,311,321,259,249,235,151,171,55,195,130,213,132,113,52,,23,,124,b'\x11\xe8\xe1I\xc6Z\x82B\xaf\x82\x12\xdf\x17\xaeN\x1e'
11E8E149-C65A-8242-AF82-12DF17AE4E1E,2026-ncaa-d1-natl,genius_ncaa,74,39,177,59,197,129,127,249,21,75,147,38,294,322,140,336,66,60,180,64,69,216,236,51,41,44,328,348,69,339,340,171,62,263,197,71,61,92,110,44,213,197,265,225,,,305,355,,292,116,191,96,100,60,56,230,27,89,294,331,27,26,28,161,214,347,101,265,34,99,201,266,,337,,313,114,182,134,127,188,68,58,200,290,278,240,330,241,222,260,207,308,128,129,235,265,245,347,318,267,53,62,166,340,126,197,211,290,198,169,222,99,119,54,45,,,74,10,,131,116,160,84,203,124,234,170,152,77,36,324,324,273,258,246,164,165,66,214,143,242,171,115,57,,23,,122,b'\x11\xe8\xe1I\xc6Z\x82B\xaf\x82\x12\xdf\x17\xaeN\x1e'
11E8E149-C65E-E5A8-AF82-12DF17AE4E1E,2010-ncaa-d0-natl,ncaa,108,114,81,117,106,143,125,155,86,46,49,114,328,332,267,336,67,61,172,64,176,140,101,177,147,192,331,338,57,72,19,183,74,126,24,115,129,300,254,200,74,61,64,73,,,294,306,,,101,131,202,229,175,151,244,46,48,332,336,82,72,81,204,159,83,269,176,133,260,89,66,,252,,,102,142,196,129,269,286,262,248,14,11,130,6,184,170,202,166,121,127,183,190,204,111,9,6,207,49,74,48,19,36,24,37,21,53,31,21,242,203,305,221,,,54,44,,,101,222,161,66,98,75,116,32,257,226,6,6,144,144,138,33,88,20,18,9,25,68,208,286,,54,,,b'\x11\xe8\xe1I\xc6^\xe5\xa8\xaf\x82\x12\xdf\x17\xaeN\x1e'
11E8E149-C65E-E5A8-AF82-12DF17AE4E1E,2010-ncaa-d1-conf-Pac-12,ncaa,5,5,8,5,9,8,8,10,5,6,6,5,10,10,7,9,7,4,5,5,4,10,9,5,5,7,9,10,2,6,5,9,4,9,5,7,3,7,9,8,4,2,4,3,,,7,8,,,5,9,7,4,8,8,9,5,4,9,10,2,2,2,9,8,6,9,7,6,9,3,3,,7,,,5,2,4,1,8,5,3,6,1,1,7,1,4,4,5,3,6,1,2,8,8,5,1,1,7,1,4,1,5,1,5,2,1,3,2,1,6,9,7,9,,,7,3,,,5,2,7,4,5,4,5,3,7,5,1,1,5,5,5,3,4,5,3,4,2,3,8,8,,5,,,b'\x11\xe8\xe1I\xc6^\xe5\xa8\xaf\x82\x12\xdf\x17\xaeN\x1e'
11E8E149-C65E-E5A8-AF82-12DF17AE4E1E,2010-ncaa-d1-natl,ncaa,114,114,91,120,115,150,136,171,90,51,52,114,328,334,268,337,74,65,173,67,178,154,114,184,150,192,330,339,56,75,20,204,74,139,26,119,131,287,253,201,78,66,67,77,,,285,306,,,104,143,203,228,179,154,245,47,48,332,337,82,76,82,205,160,86,273,181,136,258,93,67,,254,,,105,125,183,112,276,283,257,252,11,10,132,6,175,158,206,155,122,111,164,196,208,117,8,5,206,45,74,32,20,16,26,30,21,58,31,22,233,203,302,225,,,62,43,,,104,209,165,78,99,77,122,34,261,226,5,7,145,143,140,34,86,22,18,9,25,69,210,290,,55,,,b'\x11\xe8\xe1I\xc6^\xe5\xa8\xaf\x82\x12\xdf\x17\xaeN\x1e'
11E8E149-C65E-E5A8-AF82-12DF17AE4E1E,2011-ncaa-d0-natl,ncaa,85,60,119,78,170,191,199,175,222,145,134,180,281,227,327,227,104,147,50,153,187,169,166,255,210,214,239,288,52,65,35,280,160,185,73,184,141,171,193,188,90,56,178,195,,,252,310,,,133,225,285,340,229,238,219,166,158,296,239,100,150,164,216,220,65,320,229,185,169,92,188,,250,,,134,69,126,40,296,254,206,274,5,7,101,3,128,175,24,184,173,57,96,218,190,126,8,2,189,63,160,73,35,50,73,17,4,105,54,21,204,217,246,218,,,150,130,,,133,113,175,100,134,66,116,16,238,194,4,1,116,163,175,22,35,46,50,31,13,113,195,234,,154,,,b'\x11\xe8\xe1I\xc6^\xe5\xa8\xaf\x82\x12\xdf\x17\xaeN\x1e'
11E8E149-C65E-E5A8-AF82-12DF17AE4E1E,2011-ncaa-d1-conf-Pac-12,ncaa,3,3,3,3,5,8,8,8,7,6,6,6,8,7,8,6,4,7,1,7,6,8,8,10,6,6,6,8,1,4,4,9,5,9,5,6,3,5,7,6,4,3,5,3,,,7,9,,,4,8,9,5,8,9,8,6,8,8,7,3,8,8,8,8,5,10,9,6,6,3,5,,7,,,4,5,5,2,10,7,5,9,1,1,6,1,6,6,5,6,5,2,2,7,7,5,1,1,7,2,5,5,4,3,5,3,2,3,2,3,5,7,9,9,,,5,3,,,4,3,5,4,4,3,4,2,8,6,1,1,6,6,6,2,1,2,3,3,3,3,6,10,,4,,,b'\x11\xe8\xe1I\xc6^\xe5\xa8\xaf\x82\x12\xdf\x17\xaeN\x1e'
11E8E149-C65E-E5A8-AF82-12DF17AE4E1E,2011-ncaa-d1-natl,ncaa,90,57,132,80,199,213,222,200,228,163,152,186,286,234,330,224,113,159,50,166,191,197,195,257,220,218,235,290,52,76,35,295,164,213,76,198,141,151,195,197,103,61,192,201,,,234,312,,,140,258,285,339,234,242,222,169,164,295,238,102,151,172,218,226,66,321,232,190,170,93,191,,251,,,140,49,114,28,299,239,186,280,4,2,106,1,118,166,28,171,174,38,70,226,195,135,8,2,190,43,164,53,35,31,76,11,4,120,59,24,182,219,236,225,,,166,129,,,140,82,179,107,142,70,121,17,245,199,3,1,116,164,176,22,35,46,48,31,13,116,201,239,,153,,,b'\x11\xe8\xe1I\xc6^\xe5\xa8\xaf\x82\x12\xdf\x17\xaeN\x1e'
11E8E149-C65E-E5A8-AF82-12DF17AE4E1E,2011-ncaa-d1-ncaatournament,ncaa,33,2,33,33,34,57,53,50,56,46,43,47,62,56,61,38,49,52,2,52,49,54,51,59,57,59,56,57,24,38,17,50,34,45,28,43,10,19,54,43,47,43,38,31,,,1,11,,,51,60,60,3,57,52,41,43,36,60,42,43,50,50,53,47,17,44,32,37,46,45,27,,2,,,53,7,18,17,43,22,17,43,12,14,24,25,2,1,52,1,1,6,2,40,35,43,3,22,3,12,34,5,17,10,28,11,13,58,55,51,27,57,18,34,,,43,34,,,51,3,55,49,56,22,45,34,50,44,16,18,2,1,1,13,2,22,20,25,23,57,54,34,,33,,,b'\x11\xe8\xe1I\xc6^\xe5\xa8\xaf\x82\x12\xdf\x17\xaeN\x1e'
11E8E149-C65E-E5A8-AF82-12DF17AE4E1E,2012-ncaa-d0-natl,ncaa,87,87,81,86,103,189,137,150,155,102,97,159,247,245,228,255,268,248,229,252,313,167,170,191,220,204,298,254,274,207,235,94,166,147,193,94,73,160,180,112,37,32,10,7,,,254,269,,,97,151,261,222,254,185,219,127,142,265,267,299,293,301,255,266,251,125,204,109,117,44,11,,222,,,98,40,25,136,11,45,206,5,47,59,68,46,225,247,111,244,218,158,198,10,13,10,208,75,316,236,166,234,235,240,193,21,83,78,70,19,233,237,164,111,,,280,315,,,97,184,223,18,99,16,6,50,18,141,30,39,197,211,207,67,99,199,159,177,9,102,200,136,,324,,,b'\x11\xe8\xe1I\xc6^\xe5\xa8\xaf\x82\x12\xdf\x17\xaeN\x1e'
11E8E149-C65E-E5A8-AF82-12DF17AE4E1E,2012-ncaa-d1-conf-Pac-12,ncaa,4,4,5,4,9,11,10,10,6,5,7,7,10,10,7,9,12,11,6,12,12,11,11,8,10,10,10,9,12,10,9,11,10,12,10,4,1,6,10,4,1,1,1,1,,,9,12,,,4,11,11,12,11,10,10,4,7,10,9,12,11,12,11,11,10,12,12,5,7,1,1,,10,,,4,1,1,1,2,1,2,2,2,1,7,2,7,9,5,8,11,1,3,2,2,2,8,5,12,5,10,5,9,7,10,2,6,2,1,1,8,10,5,6,,,11,12,,,4,2,11,2,4,2,1,1,1,4,2,1,8,10,10,1,2,8,6,7,2,2,7,6,,11,,,b'\x11\xe8\xe1I\xc6^\xe5\xa8\xaf\x82\x12\xdf\x17\xaeN\x1e'
11E8E149-C65E-E5A8-AF82-12DF17AE4E1E,2012-ncaa-d1-natl,ncaa,90,86,90,88,115,209,167,180,160,117,110,171,258,255,230,255,280,273,231,278,313,200,199,198,225,213,296,254,271,228,240,111,170,163,199,106,77,138,183,115,42,32,10,7,,,245,272,,,101,186,264,215,259,194,227,131,146,265,269,302,296,301,261,271,253,129,209,116,119,47,11,,224,,,102,29,17,106,13,36,185,6,40,49,72,48,210,234,115,230,223,127,170,11,13,11,208,74,316,220,170,213,240,220,199,16,84,91,73,19,223,238,154,119,,,301,313,,,101,153,234,20,104,17,6,51,20,143,31,39,200,217,213,66,98,200,164,180,10,107,201,139,,324,,,b'\x11\xe8\xe1I\xc6^\xe5\xa8\xaf\x82\x12\xdf\x17\xaeN\x1e'
11E8E149-C65E-E5A8-AF82-12DF17AE4E1E,2013-ncaa-d0-natl,ncaa,196,216,120,211,142,195,162,155,170,128,155,129,238,194,313,192,259,249,219,244,285,174,169,200,222,221,286,232,261,85,55,234,179,159,106,134,111,203,197,148,120,86,146,143,,,289,318,,,172,203,271,124,233,171,176,128,155,251,201,280,268,263,203,205,79,277,184,130,194,124,161,,285,,,172,135,99,78,211,159,179,161,63,25,273,30,281,285,132,284,277,100,126,181,216,191,147,62,304,122,179,97,55,95,106,72,94,158,107,84,175,178,283,266,,,249,282,,,172,131,179,171,178,123,92,39,146,139,53,21,269,274,274,70,77,113,77,82,80,164,165,281,,274,,,b'\x11\xe8\xe1I\xc6^\xe5\xa8\xaf\x82\x12\xdf\x17\xaeN\x1e'
11E8E149-C65E-E5A8-AF82-12DF17AE4E1E,2013-ncaa-d1-conf-Pac-12,ncaa,9,9,9,9,10,11,11,10,9,7,8,6,10,7,12,7,10,9,9,9,9,10,10,10,10,11,9,8,7,4,4,12,8,11,7,6,3,6,7,7,5,3,11,10,,,8,12,,,9,11,11,2,10,9,9,6,6,10,7,9,9,9,10,9,3,12,10,4,8,4,11,,8,,,9,6,6,1,11,4,1,11,5,1,12,4,9,8,7,8,10,1,2,11,12,10,6,5,9,3,8,5,4,4,7,8,9,7,4,6,7,7,8,9,,,9,10,,,9,1,8,10,10,7,7,1,8,3,6,3,9,9,9,2,2,5,6,6,8,5,7,9,,9,,,b'\x11\xe8\xe1I\xc6^\xe5\xa8\xaf\x82\x12\xdf\x17\xaeN\x1e'
11E8E149-C65E-E5A8-AF82-12DF17AE4E1E,2013-ncaa-d1-natl,ncaa,201,216,136,215,164,216,177,176,174,137,171,135,247,205,316,193,268,259,218,258,283,199,195,208,226,224,285,232,259,96,56,260,185,178,110,146,114,187,199,153,139,92,153,148,,,280,319,,,178,236,274,119,240,181,181,138,159,255,204,280,268,262,210,207,82,284,188,139,194,128,162,,288,,,178,120,87,51,217,140,152,163,53,19,275,30,276,274,134,273,277,71,96,185,219,195,148,62,304,108,185,75,56,70,110,64,94,171,110,88,162,182,279,273,,,259,280,,,178,102,181,177,186,125,95,39,150,141,55,21,270,276,276,70,79,116,77,84,82,168,166,283,,275,,,b'\x11\xe8\xe1I\xc6^\xe5\xa8\xaf\x82\x12\xdf\x17\xaeN\x1e'
11E8E149-C65E-E5A8-AF82-12DF17AE4E1E,2014-ncaa-d0-natl,ncaa,47,57,53,57,56,85,97,113,88,66,65,128,221,247,115,289,29,20,208,21,63,79,69,124,103,136,213,283,42,68,61,166,102,105,67,95,142,302,225,192,89,101,270,318,,,306,281,,,101,73,168,68,104,153,219,102,123,252,277,34,27,33,154,126,98,270,185,128,252,124,298,,247,,,103,237,303,200,313,342,322,280,8,5,151,1,162,182,60,183,74,208,257,251,229,149,2,1,128,97,102,131,61,118,67,41,1,50,54,10,263,178,240,159,,,17,19,,,101,280,109,108,101,129,233,68,319,308,2,1,112,134,136,69,138,47,50,28,16,68,199,195,,18,,,b'\x11\xe8\xe1I\xc6^\xe5\xa8\xaf\x82\x12\xdf\x17\xaeN\x1e'
11E8E149-C65E-E5A8-AF82-12DF17AE4E1E,2014-ncaa-d1-conf-Pac-12,ncaa,5,5,9,5,10,9,10,10,6,8,9,7,9,9,10,8,5,4,8,5,4,9,9,8,8,8,8,9,1,4,3,11,4,10,6,7,5,8,7,6,6,6,11,12,,,9,11,,,6,10,9,2,8,10,9,7,7,9,8,4,3,4,7,5,2,11,9,5,9,6,11,,10,,,6,4,7,1,11,10,5,11,1,1,9,1,4,4,3,5,4,1,2,10,10,8,1,1,6,1,4,3,3,1,6,1,1,3,1,1,7,8,7,8,,,4,1,,,6,3,8,8,5,7,8,1,11,9,1,1,5,5,6,1,3,1,3,3,1,2,8,8,,1,,,b'\x11\xe8\xe1I\xc6^\xe5\xa8\xaf\x82\x12\xdf\x17\xaeN\x1e'
11E8E149-C65E-E5A8-AF82-12DF17AE4E1E,2014-ncaa-d1-natl,ncaa,52,57,59,59,63,100,113,130,92,78,79,137,229,259,112,289,30,24,208,26,63,98,79,131,106,141,211,282,41,73,63,194,104,121,68,106,145,292,232,195,97,112,276,319,,,293,280,,,109,87,173,68,112,161,225,106,124,254,278,35,29,34,157,132,101,276,192,138,252,133,301,,248,,,109,215,293,182,318,341,320,289,5,2,154,1,155,176,61,177,74,185,241,265,238,159,2,1,127,83,104,110,63,91,68,31,1,61,56,13,245,179,231,160,,,21,18,,,109,267,116,114,106,134,241,69,321,309,2,1,113,136,137,71,137,49,50,28,16,71,201,201,,20,,,b'\x11\xe8\xe1I\xc6^\xe5\xa8\xaf\x82\x12\xdf\x17\xaeN\x1e'
11E8E149-C65E-E5A8-AF82-12DF17AE4E1E,2014-ncaa-d1-ncaatournament,ncaa,17,2,17,17,17,26,21,32,4,21,27,6,24,29,28,41,24,25,16,27,25,31,29,7,3,18,41,39,28,25,5,31,48,31,20,26,43,48,63,54,27,46,47,58,,,49,63,,,36,27,42,3,26,20,58,16,41,37,48,27,29,31,55,43,32,46,45,33,63,45,53,,60,,,34,44,41,33,49,46,40,42,18,17,48,7,49,52,13,52,58,37,41,46,47,40,21,10,56,44,48,14,5,33,20,48,49,17,16,31,40,41,14,11,,,22,14,,,36,36,17,45,34,39,31,4,43,31,9,2,53,58,58,14,25,39,1,2,44,17,39,10,,18,,,b'\x11\xe8\xe1I\xc6^\xe5\xa8\xaf\x82\x12\xdf\x17\xaeN\x1e'
11E8E149-C65E-E5A8-AF82-12DF17AE4E1E,2015-ncaa-d0-natl,ncaa,12,19,13,20,20,42,41,64,24,35,45,57,154,214,20,265,45,55,100,58,176,60,66,44,39,37,243,239,148,61,46,126,38,88,36,30,78,192,101,58,72,77,256,295,,,173,110,,,23,69,323,144,91,82,253,62,140,200,282,107,127,132,229,280,154,308,264,64,71,121,300,,38,,,26,155,265,210,276,329,297,290,3,22,5,10,71,64,181,65,31,176,243,189,159,88,1,2,69,46,38,137,46,83,36,34,3,56,52,16,173,108,318,237,,,44,85,,,23,275,28,48,23,21,87,13,254,142,2,4,17,12,13,8,12,5,17,8,9,122,82,256,,156,,,b'\x11\xe8\xe1I\xc6^\xe5\xa8\xaf\x82\x12\xdf\x17\xaeN\x1e'
11E8E149-C65E-E5A8-AF82-12DF17AE4E1E,2015-ncaa-d1-conf-Pac-12,ncaa,1,2,4,2,4,7,6,8,5,5,7,6,7,8,2,8,3,6,7,6,4,8,8,6,5,4,5,7,6,4,1,9,3,10,2,4,4,8,7,3,2,2,12,12,,,4,6,,,2,9,11,2,7,7,10,5,6,6,8,4,5,5,8,9,4,10,10,4,5,2,12,,2,,,2,2,3,2,9,7,2,10,1,3,1,4,1,1,5,1,2,1,3,8,7,4,1,1,3,2,3,2,1,1,2,3,3,2,1,1,8,7,11,11,,,3,2,,,2,3,4,2,2,1,3,1,7,2,1,3,1,1,1,1,2,1,1,1,3,2,6,11,,2,,,b'\x11\xe8\xe1I\xc6^\xe5\xa8\xaf\x82\x12\xdf\x17\xaeN\x1e'
11E8E149-C65E-E5A8-AF82-12DF17AE4E1E,2015-ncaa-d1-natl,ncaa,12,19,15,20,22,46,44,72,27,38,54,63,156,229,22,266,50,62,98,64,172,65,79,48,41,40,238,236,141,73,52,154,40,108,40,34,79,165,105,61,84,79,267,300,,,139,112,,,24,86,324,141,104,93,261,65,144,201,282,109,129,137,238,281,166,310,274,68,71,131,303,,40,,,27,124,246,182,284,326,287,297,3,14,4,10,59,51,187,55,30,142,211,197,171,97,1,2,70,29,40,106,52,53,40,29,5,67,57,18,159,109,314,245,,,50,81,,,24,255,29,56,25,21,91,13,257,144,2,4,17,12,14,9,12,5,19,8,10,129,81,260,,156,,,b'\x11\xe8\xe1I\xc6^\xe5\xa8\xaf\x82\x12\xdf\x17\xaeN\x1e'
11E8E149-C65E-E5A8-AF82-12DF17AE4E1E,2015-ncaa-d1-ncaatournament,ncaa,9,2,9,9,10,14,16,15,10,16,16,14,16,19,15,41,13,13,27,13,8,15,15,11,7,23,29,38,9,13,16,15,43,16,22,8,8,57,57,39,7,9,21,35,,,47,19,,,9,15,47,4,36,43,61,39,54,34,50,15,19,20,61,51,42,39,45,13,55,11,30,,16,,,9,50,52,50,29,54,55,33,29,38,14,8,32,40,10,42,10,50,50,17,15,9,5,13,11,54,43,41,16,48,22,45,11,8,12,5,59,57,46,36,,,13,12,,,9,50,24,10,9,9,18,19,43,44,7,7,6,5,6,13,24,39,2,6,10,11,53,25,,23,,,b'\x11\xe8\xe1I\xc6^\xe5\xa8\xaf\x82\x12\xdf\x17\xaeN\x1e'
11E8E149-C65E-E5A8-AF82-12DF17AE4E1E,2016-ncaa-d0-natl,ncaa,23,23,38,25,52,105,93,105,89,83,97,108,152,175,93,214,160,191,84,187,259,110,117,102,105,113,228,198,234,70,39,190,57,118,46,54,45,170,136,59,46,30,253,263,,,212,217,,,43,150,319,143,160,135,216,112,164,197,229,223,261,259,241,272,106,303,220,58,94,69,275,,119,,,43,71,145,116,217,245,228,210,20,21,65,25,41,49,128,55,46,85,170,151,121,45,8,19,77,27,57,78,39,49,46,74,48,40,19,22,208,180,281,238,,,91,98,,,43,214,77,27,31,19,60,12,164,125,10,8,22,23,25,9,24,10,29,13,40,50,149,252,,166,,,b'\x11\xe8\xe1I\xc6^\xe5\xa8\xaf\x82\x12\xdf\x17\xaeN\x1e'
11E8E149-C65E-E5A8-AF82-12DF17AE4E1E,2016-ncaa-d1-conf-Pac-12,ncaa,2,2,10,2,10,10,10,12,4,10,10,3,9,8,6,6,8,9,3,9,7,12,12,5,5,5,6,6,6,5,1,11,2,7,2,4,2,3,5,3,4,1,12,12,,,5,10,,,4,12,11,3,8,8,9,6,8,6,7,6,8,7,9,9,4,9,6,3,6,4,12,,7,,,4,1,2,1,7,2,1,8,2,3,3,4,1,1,2,2,4,1,1,5,5,3,2,4,3,1,2,1,1,1,2,3,4,4,1,1,8,10,6,8,,,6,2,,,4,1,6,2,3,2,3,1,4,2,2,3,2,2,2,1,1,1,1,1,3,3,8,6,,2,,,b'\x11\xe8\xe1I\xc6^\xe5\xa8\xaf\x82\x12\xdf\x17\xaeN\x1e'
11E8E149-C65E-E5A8-AF82-12DF17AE4E1E,2016-ncaa-d1-natl,ncaa,25,23,51,26,68,128,114,136,96,102,116,118,165,193,96,212,171,212,80,209,260,148,158,109,111,119,224,198,230,83,41,230,59,148,48,59,49,143,142,63,57,36,262,267,,,183,217,,,52,192,320,137,168,150,224,124,164,199,228,226,262,260,247,280,110,311,235,62,95,77,275,,126,,,49,46,119,76,226,225,207,222,15,17,68,25,32,42,130,49,46,42,125,162,135,55,8,20,78,19,59,54,41,31,48,53,53,49,22,29,192,185,279,248,,,107,96,,,52,170,82,31,37,21,63,12,173,128,10,8,22,23,26,9,22,10,30,14,43,56,149,255,,166,,,b'\x11\xe8\xe1I\xc6^\xe5\xa8\xaf\x82\x12\xdf\x17\xaeN\x1e'
11E8E149-C65E-E5A8-AF82-12DF17AE4E1E,2016-ncaa-d1-ncaatournament,ncaa,17,2,17,17,17,23,19,25,11,24,26,20,14,21,8,28,36,39,16,35,48,26,29,7,11,12,29,19,53,24,21,31,46,31,31,17,15,41,42,18,15,11,30,45,,,42,53,,,16,30,51,1,21,15,42,21,34,13,35,50,51,50,46,46,39,50,48,8,36,13,41,,44,,,13,37,40,36,34,45,40,40,13,31,5,13,39,38,60,38,26,35,37,26,30,24,8,4,44,39,46,34,21,36,31,18,2,18,19,3,45,46,24,21,,,20,13,,,16,36,12,23,11,20,23,15,40,32,2,8,30,21,21,11,21,30,8,14,2,22,43,16,,26,,,b'\x11\xe8\xe1I\xc6^\xe5\xa8\xaf\x82\x12\xdf\x17\xaeN\x1e'
11E8E149-C65E-E5A8-AF82-12DF17AE4E1E,2017-ncaa-d0-natl,ncaa,93,111,45,111,47,103,91,125,81,45,35,126,303,324,167,337,74,57,215,62,172,102,104,141,134,142,322,332,85,37,18,140,26,82,14,67,81,207,156,105,99,88,151,185,,,165,181,,,76,144,327,73,176,155,252,59,57,328,338,104,86,89,224,254,56,269,157,110,133,147,189,,80,,,81,118,202,156,262,294,255,260,14,22,46,18,76,59,224,60,45,124,158,180,170,133,5,11,99,21,26,63,18,27,14,70,33,110,80,59,196,153,260,139,,,53,45,,,76,209,89,70,73,33,98,24,227,161,8,10,47,38,38,10,13,5,22,6,32,176,131,218,,86,,,b'\x11\xe8\xe1I\xc6^\xe5\xa8\xaf\x82\x12\xdf\x17\xaeN\x1e'
11E8E149-C65E-E5A8-AF82-12DF17AE4E1E,2017-ncaa-d1-conf-Pac-12,ncaa,5,5,4,5,4,8,9,10,8,5,4,9,12,12,6,12,3,1,7,1,2,8,8,8,8,7,10,12,1,4,2,7,3,6,3,7,2,6,6,7,6,5,9,9,,,6,9,,,5,12,11,1,9,11,11,7,5,12,12,3,2,2,9,10,4,7,6,7,6,7,10,,6,,,5,3,4,3,7,4,5,9,3,3,5,4,3,3,7,3,3,1,1,5,5,3,2,3,3,1,3,2,2,1,3,4,4,6,5,4,5,5,6,5,,,1,1,,,5,2,6,3,5,3,3,1,4,3,3,3,2,3,3,1,1,1,4,1,3,7,5,7,,1,,,b'\x11\xe8\xe1I\xc6^\xe5\xa8\xaf\x82\x12\xdf\x17\xaeN\x1e'
11E8E149-C65E-E5A8-AF82-12DF17AE4E1E,2017-ncaa-d1-natl,ncaa,104,111,56,111,63,130,115,154,90,55,44,134,314,332,167,337,81,66,214,71,177,133,137,151,143,150,323,333,83,45,20,179,27,107,16,80,82,183,162,108,125,98,170,194,,,137,184,,,88,192,328,69,184,166,259,65,59,329,339,108,88,91,230,263,65,276,164,115,135,159,195,,81,,,89,83,171,107,274,281,239,274,11,16,50,17,59,50,224,50,46,73,98,191,179,143,5,10,98,16,27,37,20,13,16,59,33,143,93,72,173,159,250,146,,,66,44,,,88,162,97,80,82,37,101,21,235,163,8,10,51,38,39,11,12,7,23,6,37,186,135,218,,88,,,b'\x11\xe8\xe1I\xc6^\xe5\xa8\xaf\x82\x12\xdf\x17\xaeN\x1e'
11E8E149-C65E-E5A8-AF82-12DF17AE4E1E,2017-ncaa-d1-ncaatournament,ncaa,17,2,17,17,18,23,21,24,16,22,23,30,16,31,11,46,25,24,27,23,27,27,29,16,17,15,35,34,26,23,24,28,2,27,10,19,9,38,32,10,17,14,48,59,,,46,61,,,15,29,48,6,19,20,41,24,26,27,49,23,23,19,42,43,34,35,35,11,28,15,59,,53,,,15,36,33,33,43,35,37,37,30,29,42,20,48,49,40,48,59,34,34,38,47,40,44,23,57,15,2,36,24,29,10,19,10,18,13,9,35,30,30,28,,,20,8,,,15,36,16,23,15,17,8,3,13,12,22,11,51,53,54,4,6,2,11,2,8,22,24,27,,10,,,b'\x11\xe8\xe1I\xc6^\xe5\xa8\xaf\x82\x12\xdf\x17\xaeN\x1e'
11E8E149-C65E-E5A8-AF82-12DF17AE4E1E,2018-ncaa-d0-natl,ncaa,66,112,12,94,21,45,34,38,40,20,21,56,198,232,120,303,126,149,132,138,313,45,64,78,84,53,329,298,276,57,61,74,9,58,29,24,66,39,25,14,136,139,310,329,,,115,85,,,36,75,322,278,106,57,154,32,56,264,306,236,245,241,181,302,132,230,188,42,12,217,329,,22,,,42,192,275,237,267,298,260,295,114,158,74,152,16,18,117,17,15,195,216,228,176,142,11,102,14,9,9,172,61,80,29,151,47,110,121,99,39,24,181,48,,,81,155,,,36,274,37,77,36,33,102,27,175,62,47,62,5,5,6,10,7,2,34,4,54,217,14,104,,231,,,b'\x11\xe8\xe1I\xc6^\xe5\xa8\xaf\x82\x12\xdf\x17\xaeN\x1e'
11E8E149-C65E-E5A8-AF82-12DF17AE4E1E,2018-ncaa-d1-conf-Pac-12,ncaa,5,6,1,6,2,4,3,5,3,1,2,5,11,11,5,12,5,5,8,5,9,6,5,4,5,4,11,11,7,4,3,7,1,7,2,4,3,4,3,3,8,6,11,11,,,4,5,,,5,8,12,8,8,7,10,3,4,11,12,7,8,8,10,11,5,7,8,4,3,8,11,,3,,,5,3,7,3,11,11,5,11,3,4,3,4,1,1,4,1,1,1,2,9,8,8,1,3,1,1,1,5,3,1,2,5,3,6,5,5,5,4,7,4,,,3,3,,,5,5,4,5,5,1,5,1,8,2,1,1,1,1,1,1,1,1,3,1,3,7,3,5,,9,,,b'\x11\xe8\xe1I\xc6^\xe5\xa8\xaf\x82\x12\xdf\x17\xaeN\x1e'
11E8E149-C65E-E5A8-AF82-12DF17AE4E1E,2018-ncaa-d1-natl,ncaa,75,111,16,97,27,52,40,53,41,20,26,61,215,250,122,303,145,168,133,158,314,56,82,82,85,53,327,297,271,67,67,92,9,67,31,29,68,29,26,16,158,155,319,331,,,85,88,,,42,101,325,279,112,64,162,35,58,267,306,237,246,242,190,308,145,239,203,46,12,222,332,,22,,,48,163,263,213,280,293,237,303,96,135,80,151,14,17,124,15,16,151,182,243,184,160,10,96,13,6,9,137,67,47,31,134,47,132,129,112,27,24,171,52,,,106,159,,,42,250,38,86,45,39,112,26,188,68,47,59,5,5,6,10,7,2,33,4,59,225,14,107,,231,,,b'\x11\xe8\xe1I\xc6^\xe5\xa8\xaf\x82\x12\xdf\x17\xaeN\x1e'
11E8E149-C65E-E5A8-AF82-12DF17AE4E1E,2018-ncaa-d1-ncaatournament,ncaa,17,2,17,17,18,27,28,25,44,23,23,41,35,31,49,44,14,16,34,14,8,21,23,47,45,37,32,49,4,22,24,25,23,24,28,34,45,37,13,30,23,31,35,51,,,39,33,,,30,28,45,7,32,37,35,28,24,46,44,3,4,4,19,30,17,35,31,44,12,31,53,,22,,,26,42,43,37,49,43,37,57,35,43,18,37,35,37,19,35,34,36,34,45,41,39,21,26,27,32,23,36,24,35,28,25,3,22,25,10,4,1,36,31,,,17,6,,,30,36,32,33,29,28,36,13,42,19,24,31,24,25,23,9,7,8,30,23,6,26,1,28,,5,,,b'\x11\xe8\xe1I\xc6^\xe5\xa8\xaf\x82\x12\xdf\x17\xaeN\x1e'
11E8E149-C65E-E5A8-AF82-12DF17AE4E1E,2019-ncaa-d0-natl,ncaa,63,73,47,73,61,98,71,81,89,64,78,85,123,131,129,185,232,222,253,223,300,96,130,94,123,81,257,186,312,50,50,94,23,72,30,34,34,33,40,20,211,208,156,191,,,123,147,,,66,166,337,142,139,101,153,101,142,154,191,291,281,289,200,304,89,183,117,38,19,258,187,,56,,,68,122,175,181,188,265,279,164,33,39,96,21,110,135,95,137,84,173,135,123,108,162,11,21,136,34,23,154,50,85,30,20,4,258,249,80,37,35,36,27,,,181,218,,,66,190,49,110,57,37,81,44,177,194,12,9,65,83,86,29,5,8,63,22,7,314,28,25,,278,,,b'\x11\xe8\xe1I\xc6^\xe5\xa8\xaf\x82\x12\xdf\x17\xaeN\x1e'
11E8E149-C65E-E5A8-AF82-12DF17AE4E1E,2019-ncaa-d1-conf-Pac-12,ncaa,5,5,7,5,8,11,10,9,9,8,6,8,12,11,10,10,10,10,11,10,10,9,10,9,10,10,11,10,8,3,2,8,1,6,4,5,2,4,5,3,10,8,10,9,,,8,11,,,6,12,12,5,10,10,8,5,4,11,10,10,9,9,7,9,3,8,5,4,5,10,9,,9,,,6,1,1,1,5,2,3,5,1,1,3,1,6,8,3,9,10,1,1,4,4,4,3,1,12,1,1,3,2,1,4,1,1,8,5,2,4,6,2,2,,,8,4,,,6,1,7,4,6,2,2,1,4,5,1,1,6,10,10,1,1,1,4,3,2,8,5,2,,6,,,b'\x11\xe8\xe1I\xc6^\xe5\xa8\xaf\x82\x12\xdf\x17\xaeN\x1e'
11E8E149-C65E-E5A8-AF82-12DF17AE4E1E,2019-ncaa-d1-natl,ncaa,73,73,62,79,81,121,93,109,100,83,107,97,137,147,133,185,256,244,251,248,301,130,188,100,128,89,254,182,311,73,58,122,24,93,34,49,36,24,41,22,240,216,175,193,,,98,147,,,79,232,337,143,155,109,165,111,150,159,189,297,280,286,208,307,95,195,132,46,19,270,190,,56,,,78,82,146,132,201,244,249,173,23,19,108,16,93,111,100,114,85,121,84,137,118,180,11,23,134,26,24,119,58,52,34,12,5,282,256,90,28,41,35,28,,,219,219,,,79,122,56,129,67,41,91,47,195,198,13,10,70,86,89,31,5,9,64,22,8,321,29,30,,279,,,b'\x11\xe8\xe1I\xc6^\xe5\xa8\xaf\x82\x12\xdf\x17\xaeN\x1e'
11E8E149-C65E-E5A8-AF82-12DF17AE4E1E,2019-ncaa-d1-ncaatournament,ncaa,9,2,9,9,10,16,16,16,41,22,16,46,8,9,20,30,21,20,46,18,35,16,16,38,41,43,26,22,39,14,26,15,39,15,28,10,8,54,43,36,14,35,11,26,,,57,48,,,33,16,60,7,50,49,52,48,49,31,39,46,40,39,52,57,27,37,34,27,37,40,25,,41,,,26,48,47,49,14,52,51,21,19,38,4,10,57,57,23,58,42,49,50,11,12,14,13,4,54,52,39,52,26,52,28,30,4,14,38,5,53,38,31,17,,,15,12,,,33,49,43,19,28,3,4,12,28,36,1,4,40,43,46,14,4,37,22,23,1,41,24,7,,21,,,b'\x11\xe8\xe1I\xc6^\xe5\xa8\xaf\x82\x12\xdf\x17\xaeN\x1e'
11E8E149-C65E-E5A8-AF82-12DF17AE4E1E,2020-ncaa-d0-natl,ncaa,66,81,33,80,37,106,85,57,139,75,51,172,172,178,154,231,180,166,215,147,241,62,83,171,190,160,256,207,241,12,11,185,81,48,32,62,85,133,85,77,86,70,288,306,,,172,219,,,70,175,320,29,162,121,112,100,88,204,208,223,199,191,119,170,19,264,90,75,93,121,313,,120,,,74,120,152,116,193,191,173,197,88,88,149,103,117,92,288,90,91,97,129,177,179,129,91,107,151,54,81,94,11,64,32,31,8,110,80,26,150,99,225,143,,,59,119,,,70,162,80,99,78,54,78,28,134,98,68,50,89,70,67,18,22,29,44,25,13,151,103,190,,126,,,b'\x11\xe8\xe1I\xc6^\xe5\xa8\xaf\x82\x12\xdf\x17\xaeN\x1e'
11E8E149-C65E-E5A8-AF82-12DF17AE4E1E,2020-ncaa-d1-conf-Pac-12,ncaa,6,5,9,6,9,10,9,10,8,7,5,9,10,12,6,11,9,9,10,8,10,11,11,8,9,9,11,7,7,4,5,9,6,7,5,5,2,5,6,5,7,6,12,12,,,5,11,,,6,12,12,3,9,8,7,6,3,8,12,9,8,8,8,8,3,8,6,4,6,7,11,,8,,,6,1,1,1,7,1,1,4,2,2,9,3,3,3,4,3,6,1,1,6,6,5,5,3,9,3,6,3,5,3,5,1,1,6,3,2,5,6,5,5,,,6,2,,,6,1,6,6,6,4,3,1,5,4,3,3,3,5,5,1,2,6,4,4,2,5,6,7,,3,,,b'\x11\xe8\xe1I\xc6^\xe5\xa8\xaf\x82\x12\xdf\x17\xaeN\x1e'
11E8E149-C65E-E5A8-AF82-12DF17AE4E1E,2020-ncaa-d1-natl,ncaa,76,81,45,83,53,132,99,77,150,92,69,181,184,196,161,231,201,192,214,173,243,83,122,182,198,168,254,209,235,13,11,215,88,68,32,70,86,109,89,81,109,74,303,310,,,148,225,,,85,228,323,29,170,136,120,111,90,205,209,223,200,192,126,175,21,268,98,82,93,127,313,,121,,,87,96,127,77,204,173,154,208,76,68,154,100,108,81,294,79,95,62,76,186,190,141,82,101,153,41,88,70,11,46,32,21,8,129,86,31,127,102,210,145,,,84,113,,,85,101,85,107,90,59,87,30,136,100,67,51,92,70,66,16,21,29,45,27,16,157,105,190,,130,,,b'\x11\xe8\xe1I\xc6^\xe5\xa8\xaf\x82\x12\xdf\x17\xaeN\x1e'
11E8E149-C65E-E5A8-AF82-12DF17AE4E1E,2021-ncaa-d0-natl,ncaa,128,202,89,157,107,208,235,149,332,245,161,324,176,110,314,117,136,144,152,143,121,150,143,328,314,311,71,143,40,15,25,226,225,128,119,155,28,255,216,218,71,48,256,264,,,190,235,,,210,177,339,163,320,328,264,329,263,238,149,172,192,193,252,265,20,331,206,225,185,98,299,,109,,,202,130,126,125,202,152,137,206,114,120,147,140,174,177,186,175,232,129,160,181,201,94,157,134,230,158,225,210,25,196,119,130,139,58,23,45,266,250,339,341,,,87,52,,,210,160,270,97,209,22,25,2,50,26,56,50,111,111,107,1,7,69,130,84,54,83,228,338,,102,,,b'\x11\xe8\xe1I\xc6^\xe5\xa8\xaf\x82\x12\xdf\x17\xaeN\x1e'
11E8E149-C65E-E5A8-AF82-12DF17AE4E1E,2021-ncaa-d1-conf-Pac-12,ncaa,9,7,10,9,11,11,11,10,12,12,11,12,10,9,11,4,8,9,7,8,2,10,10,11,11,11,1,5,1,5,2,11,8,10,6,11,1,4,8,8,10,4,12,12,,,3,12,,,8,11,12,4,11,11,6,12,11,9,4,5,6,4,6,7,1,11,8,7,8,8,12,,6,,,8,1,1,1,9,1,1,10,1,1,7,6,4,4,9,4,12,1,2,8,10,7,6,4,12,1,8,3,2,2,6,1,2,9,4,4,4,7,10,12,,,7,1,,,8,2,10,7,8,5,4,1,5,3,4,3,9,9,9,1,1,5,9,5,4,4,7,12,,1,,,b'\x11\xe8\xe1I\xc6^\xe5\xa8\xaf\x82\x12\xdf\x17\xaeN\x1e'
11E8E149-C65E-E5A8-AF82-12DF17AE4E1E,2021-ncaa-d1-natl,ncaa,139,201,105,163,125,222,247,164,334,258,177,326,179,122,314,118,148,154,152,152,120,163,156,330,318,315,71,140,40,20,30,237,230,142,126,176,29,240,222,224,76,53,264,268,,,178,238,,,224,196,339,158,322,333,268,332,266,239,152,175,194,194,255,271,24,332,215,235,191,104,301,,110,,,216,121,116,112,210,135,123,210,106,109,152,139,166,166,186,164,236,113,144,193,208,102,151,128,231,150,230,196,30,180,126,123,140,73,23,48,259,254,339,341,,,102,55,,,224,143,276,104,220,23,29,2,51,23,56,50,116,115,112,1,6,73,132,86,56,86,233,339,,104,,,b'\x11\xe8\xe1I\xc6^\xe5\xa8\xaf\x82\x12\xdf\x17\xaeN\x1e'
11E8E149-C65E-E5A8-AF82-12DF17AE4E1E,2022-ncaa-d0-natl,ncaa,214,157,295,208,303,267,280,288,232,292,299,226,186,195,174,117,198,237,75,235,107,281,306,208,178,157,77,119,91,147,53,310,118,267,89,236,107,33,133,132,259,161,147,75,,,128,327,,,118,326,316,89,186,220,201,259,243,118,115,110,154,152,194,211,66,275,160,169,117,207,103,,267,,,111,28,24,15,205,40,39,188,38,17,239,104,110,104,189,106,252,18,19,202,216,172,169,114,269,17,118,18,53,10,89,31,184,245,83,100,66,174,92,192,,,260,129,,,118,25,121,143,114,77,74,25,109,83,80,50,201,210,209,24,27,62,76,55,109,141,161,159,,152,,,b'\x11\xe8\xe1I\xc6^\xe5\xa8\xaf\x82\x12\xdf\x17\xaeN\x1e'
11E8E149-C65E-E5A8-AF82-12DF17AE4E1E,2022-ncaa-d1-conf-Pac-12,ncaa,10,7,11,9,11,11,11,11,11,11,11,11,11,10,11,4,9,9,6,9,3,11,11,11,11,10,2,5,5,8,5,11,3,11,5,11,5,1,6,8,10,6,12,9,,,3,10,,,8,11,7,6,8,10,4,12,7,5,5,5,3,3,6,6,1,10,8,11,7,7,10,,9,,,8,1,1,1,12,1,1,12,2,2,9,5,2,3,2,3,11,1,2,12,12,10,4,3,6,1,3,2,5,1,5,1,6,9,3,5,3,6,1,4,,,10,3,,,8,2,8,8,8,8,7,2,9,3,3,2,6,9,9,2,2,1,11,5,9,3,6,3,,3,,,b'\x11\xe8\xe1I\xc6^\xe5\xa8\xaf\x82\x12\xdf\x17\xaeN\x1e'
11E8E149-C65E-E5A8-AF82-12DF17AE4E1E,2022-ncaa-d1-natl,ncaa,235,157,326,217,333,297,313,327,247,318,322,240,203,215,181,115,227,261,75,263,102,321,337,219,190,168,74,115,84,174,55,334,124,308,95,266,117,21,136,144,290,175,163,77,,,99,331,,,144,344,322,87,206,239,214,270,249,121,121,114,158,157,200,223,71,286,172,181,119,220,109,,273,,,133,15,13,4,226,35,22,197,28,9,250,101,94,86,202,85,256,4,6,214,236,188,170,114,269,8,124,8,55,3,95,26,186,279,94,120,51,177,81,207,,,291,117,,,144,11,133,155,139,84,80,25,120,87,87,50,210,215,215,27,26,61,80,59,122,157,165,167,,151,,,b'\x11\xe8\xe1I\xc6^\xe5\xa8\xaf\x82\x12\xdf\x17\xaeN\x1e'
11E8E149-C65E-E5A8-AF82-12DF17AE4E1E,2023-ncaa-d0-natl,ncaa,300,284,290,304,298,227,247,134,333,216,86,343,266,250,268,280,109,131,103,131,197,130,215,332,312,232,187,261,42,111,211,275,321,208,318,327,347,4,5,168,262,266,172,186,,,148,180,,,303,266,85,98,154,199,21,148,17,237,204,49,61,60,16,63,58,205,100,325,10,227,141,,251,,,303,254,268,163,319,277,211,277,188,110,338,102,192,213,101,210,184,163,136,310,300,329,107,159,148,285,321,330,211,327,318,345,351,272,278,353,56,85,283,230,,,240,234,,,303,101,205,347,302,345,348,325,347,327,258,171,262,269,268,334,317,331,358,359,359,213,125,320,,153,,,b'\x11\xe8\xe1I\xc6^\xe5\xa8\xaf\x82\x12\xdf\x17\xaeN\x1e'
11E8E149-C65E-E5A8-AF82-12DF17AE4E1E,2023-ncaa-d1-conf-Pac-12,ncaa,12,12,12,12,12,12,12,10,12,11,8,12,11,9,12,9,11,11,9,11,10,11,12,12,12,12,5,8,3,9,11,12,12,12,12,12,12,1,1,11,7,7,8,7,,,5,7,,,12,12,1,8,10,11,1,11,1,9,5,7,6,6,1,1,5,12,9,12,1,5,7,,9,,,12,6,5,1,11,5,2,10,5,1,12,5,10,9,7,8,10,1,1,12,12,12,8,7,10,6,12,12,11,11,12,11,12,7,6,11,2,4,5,6,,,12,10,,,12,1,12,12,12,12,11,7,10,7,11,5,12,12,12,9,12,10,12,12,12,3,4,7,,9,,,b'\x11\xe8\xe1I\xc6^\xe5\xa8\xaf\x82\x12\xdf\x17\xaeN\x1e'
11E8E149-C65E-E5A8-AF82-12DF17AE4E1E,2023-ncaa-d1-natl,ncaa,312,284,342,312,344,268,285,177,337,253,111,347,276,271,275,279,133,150,100,149,190,175,281,337,322,245,184,262,37,135,218,312,328,262,329,341,347,3,5,181,292,283,188,190,,,121,187,,,311,317,92,94,172,218,25,169,21,239,210,51,65,63,19,72,61,217,115,331,10,239,147,,255,,,312,226,247,122,325,261,175,292,174,92,344,98,176,191,107,189,191,121,76,323,313,336,107,159,142,261,328,318,218,312,329,342,352,308,288,358,42,87,280,243,,,267,227,,,311,49,218,348,311,349,350,328,348,332,266,175,267,275,273,337,315,334,359,359,359,221,123,322,,150,,,b'\x11\xe8\xe1I\xc6^\xe5\xa8\xaf\x82\x12\xdf\x17\xaeN\x1e'
11E8E149-C65E-E5A8-AF82-12DF17AE4E1E,2024-ncaa-d0-natl,ncaa,246,276,143,263,157,202,191,139,279,148,46,335,282,320,113,334,155,122,284,129,266,138,187,297,295,213,276,285,106,168,257,261,349,234,338,305,349,14,20,197,192,214,255,278,,,280,279,,,303,196,240,105,231,219,123,154,30,290,329,160,125,132,118,236,182,310,286,338,14,192,265,,281,,,299,282,282,229,295,279,217,288,232,207,251,167,239,257,125,253,225,241,220,285,278,309,155,170,179,345,349,330,257,344,338,329,323,199,231,323,9,10,359,333,,,226,230,,,303,166,216,332,296,292,298,235,292,235,229,202,230,244,240,254,237,341,324,343,332,208,9,359,,258,,,b'\x11\xe8\xe1I\xc6^\xe5\xa8\xaf\x82\x12\xdf\x17\xaeN\x1e'
11E8E149-C65E-E5A8-AF82-12DF17AE4E1E,2024-ncaa-d1-conf-Pac-12,ncaa,11,11,9,11,10,11,11,8,12,11,4,12,10,10,6,10,7,6,11,7,9,8,9,12,12,11,8,10,3,6,10,12,12,11,12,12,12,2,2,11,8,8,11,11,,,8,7,,,12,9,6,6,11,11,4,11,2,10,10,5,6,6,6,7,6,11,10,12,2,7,11,,10,,,12,12,10,8,11,11,4,12,9,8,5,9,7,9,1,9,9,8,7,12,11,11,5,4,7,12,12,12,10,12,12,11,11,7,7,11,1,1,12,11,,,8,7,,,12,4,11,12,11,12,11,9,12,8,9,9,8,10,10,11,11,12,12,12,11,7,1,12,,6,,,b'\x11\xe8\xe1I\xc6^\xe5\xa8\xaf\x82\x12\xdf\x17\xaeN\x1e'
11E8E149-C65E-E5A8-AF82-12DF17AE4E1E,2024-ncaa-d1-natl,ncaa,266,278,194,279,209,247,237,177,298,178,60,343,298,336,120,336,176,142,285,159,269,171,253,312,309,224,276,290,97,205,272,302,352,282,346,334,354,8,22,214,228,237,272,287,,,264,286,,,314,256,247,101,254,241,133,173,35,298,333,164,129,141,128,245,193,317,297,347,14,209,277,,289,,,312,267,271,193,303,271,185,301,214,178,255,169,221,237,130,232,228,208,177,297,292,320,149,168,183,342,352,312,272,338,346,327,327,241,246,331,7,10,361,342,,,261,231,,,314,107,235,339,311,301,307,238,303,238,241,200,239,251,248,260,238,344,333,347,336,223,9,361,,260,,,b'\x11\xe8\xe1I\xc6^\xe5\xa8\xaf\x82\x12\xdf\x17\xaeN\x1e'
11E8E149-C65E-E5A8-AF82-12DF17AE4E1E,2025-ncaa-d0-natl,genius_ncaa,265,313,90,285,95,80,87,70,159,75,48,222,147,203,46,277,73,108,56,109,253,73,75,159,145,123,203,224,152,172,272,75,214,100,260,176,313,155,85,170,207,282,43,33,,,350,340,,341,278,62,45,120,79,82,52,78,49,164,233,81,127,133,61,73,196,77,132,203,127,247,40,,351,,344,271,354,336,303,273,264,238,232,356,330,352,286,356,357,120,357,353,329,299,321,331,354,346,316,309,302,214,335,272,329,260,355,328,252,333,348,138,82,347,267,,,115,200,,255,278,296,124,351,271,355,321,313,218,178,355,339,350,351,351,350,314,276,327,319,344,299,114,331,,136,,272,b'\x11\xe8\xe1I\xc6^\xe5\xa8\xaf\x82\x12\xdf\x17\xaeN\x1e'
11E8E149-C65E-E5A8-AF82-12DF17AE4E1E,2025-ncaa-d1-conf-Big 12,genius_ncaa,14,15,5,15,5,8,7,2,11,6,3,13,10,13,3,15,6,8,5,8,11,2,6,12,12,8,12,14,7,10,11,9,15,8,13,10,15,8,5,8,14,14,4,4,,,15,15,,14,14,3,2,8,8,7,2,6,2,11,15,6,7,7,3,5,9,9,9,10,8,14,5,,15,,14,14,16,16,16,12,14,11,12,15,14,15,11,16,16,5,16,16,16,15,12,14,16,14,12,13,15,15,15,11,15,13,16,15,14,16,16,5,3,15,8,,,10,11,,15,14,12,8,16,14,16,15,16,13,8,15,13,15,16,16,16,16,15,15,15,16,14,4,15,,10,,15,b'\x11\xe8\xe1I\xc6^\xe5\xa8\xaf\x82\x12\xdf\x17\xaeN\x1e'
11E8E149-C65E-E5A8-AF82-12DF17AE4E1E,2025-ncaa-d1-natl,genius_ncaa,279,312,113,297,118,100,104,82,168,91,57,235,162,224,46,278,82,134,55,138,251,86,96,169,155,126,203,219,142,202,281,97,226,131,274,199,317,134,90,181,239,294,48,33,,,348,342,,338,294,83,48,113,86,88,53,86,51,171,237,81,129,132,63,81,213,82,145,215,132,259,40,,352,,346,290,353,331,291,284,248,210,247,353,326,352,285,354,353,125,353,353,323,281,332,339,356,345,316,310,291,226,327,281,321,274,351,328,283,338,349,120,86,342,275,,,132,193,,265,294,276,131,355,290,356,328,314,229,180,355,339,351,353,352,352,313,278,328,323,344,308,118,332,,134,,269,b'\x11\xe8\xe1I\xc6^\xe5\xa8\xaf\x82\x12\xdf\x17\xaeN\x1e'
11E8E149-C65E-E5A8-AF82-12DF17AE4E1E,2026-ncaa-d0-natl,genius_ncaa,2,1,9,1,20,43,28,29,48,10,8,73,207,207,187,344,94,70,272,67,292,32,23,87,104,122,356,344,278,31,65,17,46,16,28,29,108,343,190,110,20,36,75,70,,,317,131,,356,36,22,110,97,99,39,113,23,26,308,328,209,180,178,125,101,101,35,35,50,220,45,122,,141,,324,39,213,205,314,21,84,235,14,349,351,187,346,97,150,27,145,87,302,337,37,23,13,354,360,56,262,46,285,65,276,28,262,281,7,26,35,299,129,307,124,,,14,99,,11,36,342,116,11,39,17,16,106,5,21,293,312,18,31,29,52,172,92,77,65,84,29,148,206,,73,,50,b'\x11\xe8\xe1I\xc6^\xe5\xa8\xaf\x82\x12\xdf\x17\xaeN\x1e'
11E8E149-C65E-E5A8-AF82-12DF17AE4E1E,2026-ncaa-d1-natl,genius_ncaa,2,1,13,1,35,55,34,48,57,12,13,85,257,270,206,343,128,103,272,99,299,49,38,99,121,147,359,347,274,51,86,20,54,20,40,35,115,326,208,134,31,42,92,78,,,289,148,,353,42,38,124,100,129,57,139,26,33,320,336,227,191,187,152,128,118,42,42,63,234,55,136,,151,,330,52,167,161,288,22,53,176,16,343,347,211,350,67,111,31,104,95,262,314,49,27,17,355,360,52,225,54,240,86,237,40,237,287,14,32,54,265,144,292,144,,,19,82,,12,42,323,138,13,56,23,22,121,6,27,313,315,21,35,33,63,168,100,80,74,105,41,159,223,,75,,43,b'\x11\xe8\xe1I\xc6^\xe5\xa8\xaf\x82\x12\xdf\x17\xaeN\x1e'
11E8E149-C663-1FEC-AF82-12DF17AE4E1E,2010-ncaa-d0-natl,ncaa,290,303,178,297,203,186,212,174,254,165,161,193,258,188,324,212,59,49,223,53,42,144,84,279,250,281,191,272,24,91,96,228,338,177,273,231,231,335,312,313,71,103,187,222,,,345,339,,,306,86,13,184,164,214,128,150,143,259,175,33,26,27,81,17,56,236,136,225,338,48,189,,345,,,299,320,246,191,258,279,259,234,115,78,260,26,345,345,58,345,341,277,292,240,278,229,211,44,339,333,338,184,96,294,273,322,314,58,112,204,338,320,81,80,,,110,198,,,306,263,274,287,292,334,294,249,305,303,126,80,344,345,345,331,337,340,230,314,329,27,336,87,,68,,,b'\x11\xe8\xe1I\xc6c\x1f\xec\xaf\x82\x12\xdf\x17\xaeN\x1e'
11E8E149-C663-1FEC-AF82-12DF17AE4E1E,2010-ncaa-d1-conf-SWAC,ncaa,8,8,5,8,6,2,4,5,5,4,6,4,3,2,9,2,2,5,1,5,4,5,6,4,4,2,3,4,5,4,1,6,7,4,3,5,4,7,6,3,3,4,7,8,,,8,8,,,3,6,2,4,1,2,3,3,7,2,2,1,3,4,3,2,2,7,5,2,9,3,8,,10,,,3,10,7,7,8,7,8,8,2,3,4,2,9,9,6,9,8,7,7,8,8,8,6,2,7,7,7,3,1,3,3,9,10,4,5,9,9,6,2,1,,,8,9,,,3,5,2,9,3,10,8,6,9,8,3,4,10,10,10,8,10,7,3,6,10,2,9,2,,8,,,b'\x11\xe8\xe1I\xc6c\x1f\xec\xaf\x82\x12\xdf\x17\xaeN\x1e'
11E8E149-C663-1FEC-AF82-12DF17AE4E1E,2010-ncaa-d1-natl,ncaa,298,302,191,303,223,200,232,187,261,179,173,198,268,197,327,212,65,54,226,55,39,158,97,282,257,283,189,273,23,98,98,249,338,189,279,243,236,330,312,314,77,111,199,224,,,345,339,,,312,98,13,172,170,222,132,155,145,262,175,33,26,27,86,17,60,242,140,235,337,49,191,,345,,,309,316,241,179,264,274,251,237,107,67,264,26,345,345,61,345,341,270,289,245,283,237,210,44,338,331,338,167,98,287,279,317,315,64,118,209,334,322,76,83,,,120,198,,,312,252,280,299,302,335,302,251,311,303,128,78,344,345,345,333,337,341,230,319,331,32,338,90,,67,,,b'\x11\xe8\xe1I\xc6c\x1f\xec\xaf\x82\x12\xdf\x17\xaeN\x1e'
11E8E149-C663-1FEC-AF82-12DF17AE4E1E,2011-ncaa-d0-natl,ncaa,340,341,242,341,287,311,329,278,342,316,178,342,319,308,307,298,96,86,204,87,57,251,158,342,338,338,116,287,1,210,276,326,342,310,340,327,248,337,330,340,150,188,288,310,,,296,282,,,342,144,22,342,323,336,249,316,127,320,304,59,40,43,198,50,180,335,313,332,338,111,284,,335,,,341,332,312,203,334,331,276,317,140,59,330,24,333,333,170,331,296,260,258,332,334,331,112,55,278,336,342,285,276,329,340,340,339,129,178,321,343,340,263,265,,,129,111,,,342,197,339,338,341,339,335,297,337,325,177,91,339,339,339,330,332,339,328,339,341,80,341,288,,48,,,b'\x11\xe8\xe1I\xc6c\x1f\xec\xaf\x82\x12\xdf\x17\xaeN\x1e'
11E8E149-C663-1FEC-AF82-12DF17AE4E1E,2011-ncaa-d1-conf-SWAC,ncaa,10,10,9,10,10,9,10,8,10,10,9,10,6,6,5,6,7,6,3,6,3,7,9,10,10,9,1,5,1,8,9,10,10,10,10,10,2,5,5,9,5,5,7,8,,,4,4,,,10,7,1,10,7,10,4,10,4,5,6,2,1,1,4,2,7,10,10,7,8,5,7,,9,,,10,10,10,5,10,9,6,9,10,5,10,4,9,8,10,8,8,6,6,10,10,10,6,7,6,9,10,8,9,10,10,10,10,6,8,10,9,10,5,5,,,8,5,,,10,5,10,10,10,10,10,10,10,10,10,9,10,9,9,10,10,10,10,10,10,4,10,6,,4,,,b'\x11\xe8\xe1I\xc6c\x1f\xec\xaf\x82\x12\xdf\x17\xaeN\x1e'
11E8E149-C663-1FEC-AF82-12DF17AE4E1E,2011-ncaa-d1-natl,ncaa,341,341,279,342,321,323,338,303,343,325,201,343,326,315,309,297,107,101,201,101,56,273,185,343,341,339,112,287,1,230,277,336,343,327,340,335,251,334,332,343,172,192,292,313,,,289,282,,,342,172,23,341,327,338,254,318,134,320,305,62,41,43,201,51,182,336,315,334,340,122,287,,335,,,342,329,308,180,335,326,267,320,127,52,333,24,330,332,175,328,297,240,239,335,338,334,108,53,278,336,343,271,277,326,340,340,339,151,185,323,342,340,261,269,,,145,109,,,342,169,338,340,341,341,338,301,339,326,180,90,340,339,339,332,333,341,332,340,341,86,342,288,,48,,,b'\x11\xe8\xe1I\xc6c\x1f\xec\xaf\x82\x12\xdf\x17\xaeN\x1e'
11E8E149-C663-1FEC-AF82-12DF17AE4E1E,2012-ncaa-d0-natl,ncaa,340,343,163,342,217,327,340,300,342,339,245,343,302,284,313,261,90,61,248,60,19,276,121,342,337,343,52,249,1,176,200,287,334,257,319,341,309,343,342,343,170,214,338,342,,,336,333,,,343,103,22,250,338,342,331,342,248,302,282,56,38,38,291,56,168,302,268,343,343,154,340,,342,,,342,332,276,190,303,231,125,306,305,274,297,213,341,343,136,343,342,274,265,312,327,325,328,203,328,305,334,223,200,286,319,321,301,138,199,273,342,342,262,296,,,100,129,,,343,244,342,330,342,336,297,235,271,161,317,286,342,343,343,322,329,322,252,309,325,110,342,269,,63,,,b'\x11\xe8\xe1I\xc6c\x1f\xec\xaf\x82\x12\xdf\x17\xaeN\x1e'
11E8E149-C663-1FEC-AF82-12DF17AE4E1E,2012-ncaa-d1-conf-SWAC,ncaa,10,10,6,10,8,9,10,8,10,10,9,10,7,6,9,4,4,5,5,5,3,7,4,10,9,9,2,5,1,7,8,10,10,10,10,10,6,10,10,10,4,5,10,10,,,9,8,,,10,3,1,5,9,9,7,9,8,6,4,4,4,4,6,1,5,9,8,9,10,4,10,,10,,,10,10,10,4,10,8,1,10,10,10,9,10,10,10,6,10,10,10,7,10,10,10,10,10,8,7,10,6,8,6,10,10,10,6,7,10,10,10,2,7,,,7,8,,,10,7,9,10,10,10,10,7,10,2,10,10,10,10,10,10,10,9,9,9,10,4,10,5,,6,,,b'\x11\xe8\xe1I\xc6c\x1f\xec\xaf\x82\x12\xdf\x17\xaeN\x1e'
11E8E149-C663-1FEC-AF82-12DF17AE4E1E,2012-ncaa-d1-natl,ncaa,341,343,196,343,259,336,342,325,342,342,271,343,308,292,312,261,97,71,249,72,18,298,142,342,337,343,50,249,1,197,206,307,336,284,320,342,312,343,342,343,186,222,340,342,,,336,333,,,343,126,22,250,339,343,334,342,252,302,283,59,36,36,292,60,177,303,274,343,343,163,340,,342,,,343,328,260,164,305,220,107,312,297,261,304,213,341,343,142,343,343,265,247,314,329,327,327,201,328,297,336,201,206,267,320,317,303,158,206,280,342,342,256,301,,,114,124,,,343,221,342,332,342,338,302,238,271,168,317,287,342,343,343,323,329,323,255,311,326,115,342,272,,59,,,b'\x11\xe8\xe1I\xc6c\x1f\xec\xaf\x82\x12\xdf\x17\xaeN\x1e'
11E8E149-C663-1FEC-AF82-12DF17AE4E1E,2013-ncaa-d0-natl,ncaa,235,216,251,238,276,263,326,306,317,308,249,325,279,287,220,268,17,11,211,12,2,252,201,318,268,296,53,254,2,149,89,288,239,239,152,329,288,291,313,334,149,126,301,295,,,303,326,,,260,221,90,145,253,330,295,299,209,268,274,3,3,3,194,104,94,262,183,330,318,111,294,,332,,,264,146,81,60,205,97,73,180,127,106,225,121,297,323,20,315,339,107,139,204,232,188,267,136,316,129,239,62,89,74,152,217,315,134,90,168,212,232,195,242,,,26,4,,,260,147,288,166,251,233,159,112,163,137,167,151,319,337,333,209,248,187,127,144,268,78,259,236,,2,,,b'\x11\xe8\xe1I\xc6c\x1f\xec\xaf\x82\x12\xdf\x17\xaeN\x1e'
11E8E149-C663-1FEC-AF82-12DF17AE4E1E,2013-ncaa-d1-conf-SWAC,ncaa,5,7,1,6,3,5,8,4,9,7,5,9,4,5,6,5,1,1,6,1,1,2,2,9,8,7,2,4,1,2,4,3,2,3,3,5,4,8,6,6,4,4,9,9,,,8,7,,,6,2,5,6,8,9,10,10,7,5,5,1,1,1,7,6,3,6,5,8,6,6,9,,5,,,6,8,8,7,7,8,8,5,8,7,6,7,8,8,6,8,7,8,9,7,7,7,7,7,6,4,2,9,4,8,3,9,10,4,4,8,6,5,9,9,,,1,2,,,6,9,7,4,6,6,6,3,5,3,6,7,6,4,4,3,4,2,7,3,9,6,6,8,,2,,,b'\x11\xe8\xe1I\xc6c\x1f\xec\xaf\x82\x12\xdf\x17\xaeN\x1e'
11E8E149-C663-1FEC-AF82-12DF17AE4E1E,2013-ncaa-d1-natl,ncaa,201,216,136,215,174,218,292,252,304,259,189,310,270,272,221,273,6,7,203,7,2,184,128,309,250,282,69,262,2,100,79,227,216,166,144,315,285,327,304,330,105,103,277,279,,,329,331,,,247,144,85,145,243,314,283,272,185,274,278,3,3,3,186,95,89,252,176,324,315,91,282,,336,,,246,213,145,122,194,143,146,169,151,130,232,111,314,333,19,330,338,197,226,193,215,159,266,135,316,178,216,105,79,130,144,263,320,79,75,154,245,221,224,227,,,13,4,,,247,226,274,143,229,219,150,103,153,134,166,137,311,335,333,202,253,173,120,133,267,62,242,226,,2,,,b'\x11\xe8\xe1I\xc6c\x1f\xec\xaf\x82\x12\xdf\x17\xaeN\x1e'
11E8E149-C663-1FEC-AF82-12DF17AE4E1E,2014-ncaa-d0-natl,ncaa,346,332,334,346,337,337,335,333,302,288,241,315,337,334,324,312,289,239,323,238,180,331,331,326,328,325,302,315,76,271,237,318,317,318,304,340,326,103,266,326,308,289,342,341,,,139,294,,,337,335,228,32,322,317,282,219,130,332,319,232,148,141,263,235,198,264,246,338,244,268,340,,303,,,342,109,75,24,290,140,81,278,43,26,190,56,273,305,45,306,328,50,27,269,282,311,140,46,313,186,317,90,237,123,304,84,140,322,278,258,147,287,257,300,,,320,184,,,337,15,328,325,340,296,262,176,286,250,98,77,326,337,338,280,226,312,264,293,211,255,265,329,,224,,,b'\x11\xe8\xe1I\xc6c\x1f\xec\xaf\x82\x12\xdf\x17\xaeN\x1e'
11E8E149-C663-1FEC-AF82-12DF17AE4E1E,2014-ncaa-d1-conf-SWAC,ncaa,10,10,7,10,7,9,9,10,6,9,9,6,8,8,8,6,7,8,5,8,7,9,10,6,7,5,8,6,7,9,9,8,8,9,7,8,6,1,5,5,10,10,9,9,,,2,7,,,10,10,10,3,9,9,10,9,9,8,7,7,8,8,9,10,8,8,8,8,1,10,9,,4,,,10,7,7,2,9,7,3,9,6,3,9,3,8,6,8,6,8,3,1,9,9,10,5,5,6,2,8,3,9,2,7,5,5,10,10,10,1,4,7,10,,,8,5,,,10,1,5,10,10,8,8,3,8,4,8,3,9,7,7,4,1,3,4,3,8,10,2,9,,7,,,b'\x11\xe8\xe1I\xc6c\x1f\xec\xaf\x82\x12\xdf\x17\xaeN\x1e'
11E8E149-C663-1FEC-AF82-12DF17AE4E1E,2014-ncaa-d1-natl,ncaa,344,342,307,344,312,326,321,321,297,258,205,300,335,332,331,312,262,197,329,192,176,310,303,321,325,320,308,316,78,251,240,287,315,284,296,333,315,188,282,322,276,258,341,340,,,200,287,,,336,306,212,35,320,311,285,210,130,330,319,232,135,131,261,224,208,236,239,330,270,247,341,,302,,,336,168,125,72,258,176,122,259,76,72,175,77,300,321,49,321,329,120,88,232,255,291,172,65,310,252,315,150,240,189,296,121,147,286,266,236,203,285,263,279,,,294,194,,,336,55,328,314,334,288,244,186,266,241,112,100,325,337,337,283,240,316,255,295,195,236,263,307,,224,,,b'\x11\xe8\xe1I\xc6c\x1f\xec\xaf\x82\x12\xdf\x17\xaeN\x1e'
11E8E149-C663-1FEC-AF82-12DF17AE4E1E,2015-ncaa-d0-natl,ncaa,320,279,338,320,341,349,347,335,335,312,251,322,347,339,349,319,328,281,348,282,232,338,320,346,348,348,326,336,106,303,278,332,336,334,329,345,328,284,344,347,263,232,318,319,,,107,230,,,338,317,63,150,345,331,275,228,99,341,322,284,181,179,265,118,230,243,269,342,345,191,295,,283,,,342,49,41,30,186,85,97,149,14,10,142,25,260,244,241,241,275,38,41,127,185,173,125,28,327,227,336,94,278,141,329,106,250,222,154,174,334,348,223,272,,,321,235,,,338,25,348,237,343,271,226,242,285,316,60,50,335,329,327,304,320,343,301,335,244,108,347,319,,193,,,b'\x11\xe8\xe1I\xc6c\x1f\xec\xaf\x82\x12\xdf\x17\xaeN\x1e'
11E8E149-C663-1FEC-AF82-12DF17AE4E1E,2015-ncaa-d1-conf-SWAC,ncaa,8,7,9,8,9,9,9,9,6,7,7,4,10,10,10,7,8,7,9,7,8,9,9,8,8,9,9,7,6,8,7,9,9,9,9,9,7,7,10,9,9,8,9,9,,,4,5,,,9,9,4,4,9,8,8,5,5,10,9,8,8,8,9,7,7,4,7,7,10,8,9,,6,,,9,4,4,4,6,5,7,5,3,1,10,2,6,6,9,6,6,5,4,5,6,8,4,3,6,7,9,4,7,6,9,5,9,9,7,8,9,10,9,9,,,8,8,,,9,2,9,8,9,8,7,9,7,9,4,3,7,6,6,9,8,9,8,9,9,5,10,9,,7,,,b'\x11\xe8\xe1I\xc6c\x1f\xec\xaf\x82\x12\xdf\x17\xaeN\x1e'
11E8E149-C663-1FEC-AF82-12DF17AE4E1E,2015-ncaa-d1-natl,ncaa,303,293,298,303,315,341,325,296,326,233,147,319,342,328,348,324,301,236,348,236,263,288,224,340,345,348,328,335,128,252,267,247,334,264,323,341,330,334,343,343,235,247,267,291,,,228,235,,,332,207,35,152,336,314,230,184,63,340,321,278,181,179,221,78,211,161,179,340,345,202,244,,308,,,338,138,91,145,94,182,249,77,26,35,94,22,317,318,169,312,271,204,195,60,109,130,132,27,330,323,334,225,267,289,323,134,195,171,183,154,341,343,242,239,,,275,264,,,332,130,348,200,336,263,213,295,277,330,52,62,336,332,332,332,335,347,307,342,207,109,345,292,,197,,,b'\x11\xe8\xe1I\xc6c\x1f\xec\xaf\x82\x12\xdf\x17\xaeN\x1e'
11E8E149-C663-1FEC-AF82-12DF17AE4E1E,2016-ncaa-d0-natl,ncaa,308,271,340,306,345,337,332,337,256,246,207,276,347,347,331,343,271,266,228,275,261,338,339,305,298,303,339,344,58,343,339,309,271,339,329,339,310,69,257,307,339,330,328,337,,,62,173,,,328,329,93,280,301,266,256,105,48,344,345,174,156,167,245,225,319,175,291,313,238,317,319,,224,,,338,108,138,55,284,236,137,305,22,35,32,42,151,169,100,177,193,65,30,237,231,296,25,17,202,142,271,98,339,98,329,102,113,343,328,311,243,336,14,21,,,332,217,,,328,23,328,311,332,304,316,309,338,333,61,106,282,295,301,326,276,304,310,321,247,309,326,61,,239,,,b'\x11\xe8\xe1I\xc6c\x1f\xec\xaf\x82\x12\xdf\x17\xaeN\x1e'
11E8E149-C663-1FEC-AF82-12DF17AE4E1E,2016-ncaa-d1-conf-SWAC,ncaa,8,8,7,8,9,8,7,8,6,4,4,7,9,10,5,10,4,5,2,5,7,7,8,7,6,6,9,10,5,8,8,5,6,7,6,6,6,3,3,6,10,10,9,9,,,4,5,,,8,8,6,6,6,6,6,4,4,9,10,4,5,5,6,7,7,3,6,6,3,10,9,,4,,,8,8,8,8,7,8,6,7,7,6,6,5,4,4,9,4,5,6,2,7,7,8,4,6,5,6,6,6,8,7,6,5,4,10,10,9,7,8,3,3,,,9,5,,,8,3,6,8,8,8,8,9,8,9,7,6,4,4,4,9,6,7,9,8,5,10,8,4,,7,,,b'\x11\xe8\xe1I\xc6c\x1f\xec\xaf\x82\x12\xdf\x17\xaeN\x1e'
11E8E149-C663-1FEC-AF82-12DF17AE4E1E,2016-ncaa-d1-natl,ncaa,280,280,218,283,286,284,251,250,240,124,69,265,344,345,334,343,218,205,248,212,287,248,229,300,297,300,341,344,99,301,309,215,267,272,313,311,316,208,255,307,303,312,317,334,,,178,189,,,322,201,89,282,287,243,214,90,27,344,345,201,178,187,216,184,282,161,248,308,245,295,320,,233,,,322,246,260,208,272,317,268,294,33,63,26,38,270,284,106,287,222,222,168,212,218,283,28,15,237,257,267,263,309,275,313,161,86,289,308,262,321,332,41,17,,,246,226,,,322,151,320,290,320,289,302,294,332,325,42,87,290,300,305,315,274,292,304,313,204,274,327,64,,228,,,b'\x11\xe8\xe1I\xc6c\x1f\xec\xaf\x82\x12\xdf\x17\xaeN\x1e'
11E8E149-C663-1FEC-AF82-12DF17AE4E1E,2017-ncaa-d0-natl,ncaa,255,229,291,254,311,329,329,301,326,267,198,316,338,320,342,295,236,145,338,150,120,285,257,334,335,334,288,319,41,242,263,251,247,261,278,336,309,273,312,337,179,142,300,294,,,271,336,,,293,259,87,255,322,317,243,235,114,336,305,182,72,76,218,122,191,147,174,334,316,119,286,,335,,,298,51,39,38,125,105,111,146,18,30,31,41,251,304,9,304,322,68,86,88,91,81,112,26,321,175,247,209,263,207,278,98,245,163,107,125,279,314,58,86,,,223,151,,,293,81,339,109,300,149,113,119,200,220,37,58,306,336,336,208,260,276,317,312,175,85,311,105,,116,,,b'\x11\xe8\xe1I\xc6c\x1f\xec\xaf\x82\x12\xdf\x17\xaeN\x1e'
11E8E149-C663-1FEC-AF82-12DF17AE4E1E,2017-ncaa-d1-conf-SWAC,ncaa,5,5,5,5,7,9,8,7,6,9,7,6,7,6,7,6,5,5,8,6,4,8,8,7,6,8,5,7,4,7,7,4,2,6,6,8,5,8,9,8,6,5,8,8,,,9,9,,,7,7,4,8,9,8,5,8,6,6,6,5,4,6,7,6,7,3,6,8,9,5,8,,9,,,7,2,2,5,4,2,3,4,5,8,5,9,6,6,5,6,7,4,3,4,4,5,7,8,7,2,2,7,7,5,6,6,8,6,5,6,9,9,6,6,,,6,5,,,7,3,9,5,6,5,4,5,4,3,7,9,6,6,6,6,6,5,7,6,6,5,10,7,,5,,,b'\x11\xe8\xe1I\xc6c\x1f\xec\xaf\x82\x12\xdf\x17\xaeN\x1e'
11E8E149-C663-1FEC-AF82-12DF17AE4E1E,2017-ncaa-d1-natl,ncaa,236,229,217,237,283,312,305,274,320,237,154,311,338,308,342,299,187,113,328,113,116,246,190,327,330,331,295,325,39,202,251,179,237,195,258,329,303,309,312,333,148,149,280,289,,,317,338,,,292,182,61,256,316,307,229,211,100,336,306,155,68,67,201,95,178,130,137,331,323,118,278,,340,,,292,91,62,80,107,126,153,124,30,47,44,50,294,332,10,331,331,143,167,77,83,75,150,35,333,228,237,269,251,268,258,124,245,129,113,123,304,312,60,68,,,173,162,,,292,150,336,98,294,154,103,130,179,218,42,69,322,339,340,229,274,279,315,304,162,85,315,83,,108,,,b'\x11\xe8\xe1I\xc6c\x1f\xec\xaf\x82\x12\xdf\x17\xaeN\x1e'
11E8E149-C663-1FEC-AF82-12DF17AE4E1E,2018-ncaa-d0-natl,ncaa,310,280,323,313,326,338,343,338,330,294,266,307,346,341,349,323,113,74,272,73,15,326,298,341,328,341,276,345,2,240,172,231,258,243,183,332,181,325,342,340,281,263,144,131,,,206,292,,,318,303,84,84,326,335,316,251,154,347,329,22,11,9,248,86,144,78,89,318,347,240,90,,315,,,326,82,52,69,93,60,125,49,83,48,266,58,272,307,29,304,315,99,62,87,98,168,257,131,316,220,258,61,172,96,183,107,232,283,260,233,311,329,166,227,,,175,46,,,318,45,342,214,322,255,187,264,198,295,165,111,330,339,339,319,293,318,198,266,212,219,335,241,,24,,,b'\x11\xe8\xe1I\xc6c\x1f\xec\xaf\x82\x12\xdf\x17\xaeN\x1e'
11E8E149-C663-1FEC-AF82-12DF17AE4E1E,2018-ncaa-d1-conf-SWAC,ncaa,7,8,5,8,5,7,9,9,8,8,10,5,9,8,9,7,4,4,5,4,2,8,7,8,5,9,4,8,2,9,7,2,3,5,4,6,2,10,10,9,8,9,3,2,,,4,4,,,7,7,6,2,7,10,9,9,10,9,8,2,2,2,9,7,9,1,2,6,10,9,1,,5,,,6,4,3,7,2,3,6,1,10,8,10,7,6,7,3,7,6,7,5,3,2,6,10,10,6,5,3,3,7,4,4,6,10,8,9,10,8,9,8,9,,,5,4,,,7,4,9,6,7,4,3,8,2,7,10,8,6,7,7,8,6,6,3,4,8,8,9,9,,3,,,b'\x11\xe8\xe1I\xc6c\x1f\xec\xaf\x82\x12\xdf\x17\xaeN\x1e'
11E8E149-C663-1FEC-AF82-12DF17AE4E1E,2018-ncaa-d1-natl,ncaa,289,278,315,290,268,329,339,332,329,271,226,308,347,336,349,323,52,31,273,28,8,292,227,343,329,340,267,345,1,201,171,167,264,188,192,327,159,343,341,340,242,250,136,142,,,282,302,,,319,229,129,2,316,337,312,242,143,347,327,14,4,4,221,67,128,72,76,313,347,207,97,,326,,,319,132,71,112,79,91,193,48,90,52,272,43,316,335,20,335,323,185,157,75,96,143,258,101,329,276,264,118,171,176,192,126,209,227,227,200,337,334,183,212,,,82,27,,,319,120,342,195,319,250,170,255,193,298,147,96,336,340,340,324,310,321,218,282,189,169,341,222,,9,,,b'\x11\xe8\xe1I\xc6c\x1f\xec\xaf\x82\x12\xdf\x17\xaeN\x1e'
11E8E149-C663-1FEC-AF82-12DF17AE4E1E,2019-ncaa-d0-natl,ncaa,348,245,351,348,351,351,351,351,351,351,340,350,351,351,349,340,342,269,350,261,63,351,351,351,351,351,315,347,11,341,313,350,305,351,335,351,234,79,340,348,251,76,189,70,,,7,209,,,332,351,32,59,349,350,287,287,66,350,343,178,14,12,208,63,238,187,216,343,345,39,41,,292,,,348,1,1,1,216,6,5,166,2,1,231,13,61,113,9,104,296,1,1,178,176,112,108,30,297,22,305,15,313,6,335,11,262,303,66,113,273,351,143,288,,,346,131,,,332,1,351,149,344,264,243,227,287,317,75,44,312,335,334,310,333,320,348,345,271,36,349,332,,77,,,b'\x11\xe8\xe1I\xc6c\x1f\xec\xaf\x82\x12\xdf\x17\xaeN\x1e'
11E8E149-C663-1FEC-AF82-12DF17AE4E1E,2019-ncaa-d1-conf-SWAC,ncaa,10,10,9,10,9,10,10,9,10,10,7,10,10,10,10,9,9,9,9,9,8,10,10,10,10,10,9,10,2,9,9,7,7,9,9,10,5,5,9,10,7,7,1,2,,,1,2,,,10,8,5,3,10,10,8,10,4,10,10,9,4,4,8,5,8,4,8,10,8,6,1,,2,,,10,5,5,4,7,4,5,5,6,4,8,4,3,4,7,4,6,3,4,8,8,7,6,7,5,5,7,9,9,8,9,7,9,7,7,9,10,10,9,9,,,9,8,,,10,4,10,8,10,8,8,8,6,8,8,6,7,5,5,9,7,7,9,9,8,7,10,9,,8,,,b'\x11\xe8\xe1I\xc6c\x1f\xec\xaf\x82\x12\xdf\x17\xaeN\x1e'
11E8E149-C663-1FEC-AF82-12DF17AE4E1E,2019-ncaa-d1-natl,ncaa,333,266,351,325,351,351,351,351,350,343,273,349,351,351,351,340,317,167,350,164,79,350,344,351,351,351,329,347,18,306,289,339,256,344,311,349,211,234,339,347,145,53,144,77,,,68,242,,,329,348,32,78,348,343,252,267,49,350,343,193,13,12,172,47,170,132,149,334,344,30,52,,297,,,340,4,4,3,173,24,20,120,9,4,168,13,158,251,5,241,319,4,5,123,123,67,118,28,312,57,256,106,289,78,311,28,236,188,58,67,329,347,218,264,,,311,164,,,329,4,351,86,335,216,178,175,248,293,55,38,314,341,336,283,328,292,347,342,214,31,349,326,,91,,,b'\x11\xe8\xe1I\xc6c\x1f\xec\xaf\x82\x12\xdf\x17\xaeN\x1e'
11E8E149-C663-1FEC-AF82-12DF17AE4E1E,2020-ncaa-d0-natl,ncaa,315,306,260,316,301,294,275,198,323,191,75,332,319,311,318,318,234,102,344,100,175,177,83,339,337,344,294,312,110,174,184,309,310,282,290,317,295,342,336,342,37,49,245,277,,,341,321,,,330,60,3,266,267,245,86,143,27,314,301,186,66,62,62,8,137,299,249,303,345,19,235,,348,,,330,269,251,142,314,320,260,309,27,35,66,15,344,347,59,346,315,216,293,266,281,191,34,6,322,233,310,205,184,223,290,254,216,23,42,91,345,338,257,182,,,108,161,,,330,303,347,182,321,322,304,248,339,330,37,48,348,347,346,319,348,272,282,292,294,11,345,281,,46,,,b'\x11\xe8\xe1I\xc6c\x1f\xec\xaf\x82\x12\xdf\x17\xaeN\x1e'
11E8E149-C663-1FEC-AF82-12DF17AE4E1E,2020-ncaa-d1-conf-SWAC,ncaa,7,7,1,7,5,6,6,4,9,5,3,9,7,5,10,7,7,5,10,5,8,4,4,9,9,9,7,7,7,4,5,4,6,5,6,6,9,9,6,8,3,4,5,5,,,7,5,,,7,3,2,5,6,6,4,5,3,7,5,7,6,6,4,4,5,4,5,8,9,3,5,,7,,,7,7,8,9,7,9,10,7,5,7,4,5,7,6,6,6,4,10,9,6,6,6,1,2,3,8,6,8,5,8,6,7,4,4,5,5,9,7,6,4,,,6,8,,,7,9,9,6,7,6,8,9,8,10,5,7,7,5,5,9,8,7,7,8,7,4,8,6,,6,,,b'\x11\xe8\xe1I\xc6c\x1f\xec\xaf\x82\x12\xdf\x17\xaeN\x1e'
11E8E149-C663-1FEC-AF82-12DF17AE4E1E,2020-ncaa-d1-natl,ncaa,313,305,257,313,300,292,282,181,326,192,59,332,325,315,327,318,208,77,341,71,161,155,60,341,340,341,294,316,85,177,195,311,300,278,291,318,295,341,331,342,38,60,247,281,,,342,323,,,329,41,4,266,273,257,98,147,29,320,303,172,50,48,66,12,148,294,251,304,343,26,240,,348,,,331,280,269,157,317,320,272,311,28,34,82,18,343,345,49,344,317,237,312,275,289,202,40,7,318,230,300,239,195,240,291,269,218,28,46,102,345,339,262,194,,,76,142,,,329,317,344,198,324,325,303,241,340,325,43,47,347,348,347,312,347,269,283,288,298,18,345,287,,41,,,b'\x11\xe8\xe1I\xc6c\x1f\xec\xaf\x82\x12\xdf\x17\xaeN\x1e'
11E8E149-C663-1FEC-AF82-12DF17AE4E1E,2021-ncaa-d0-natl,ncaa,307,318,191,317,199,203,220,191,264,203,183,243,227,196,290,218,119,73,273,67,33,178,159,263,259,282,157,250,30,197,225,201,305,199,290,193,120,297,305,282,230,289,76,112,,,253,274,,,333,147,14,127,197,241,177,201,160,243,198,46,17,16,112,26,183,182,192,182,325,249,62,,316,,,325,265,256,216,288,271,241,259,197,159,277,85,272,289,107,281,253,227,202,276,281,312,127,102,227,267,305,181,225,218,290,280,246,223,286,309,317,324,186,186,,,119,80,,,333,192,296,320,325,336,327,328,327,335,228,182,325,324,322,334,332,312,256,311,321,223,332,206,,25,,,b'\x11\xe8\xe1I\xc6c\x1f\xec\xaf\x82\x12\xdf\x17\xaeN\x1e'
11E8E149-C663-1FEC-AF82-12DF17AE4E1E,2021-ncaa-d1-conf-SWAC,ncaa,8,9,7,9,7,6,7,6,7,8,8,5,5,4,8,1,5,6,4,6,4,7,6,6,5,6,2,2,5,6,6,3,8,3,7,5,4,9,9,8,8,9,3,4,,,6,6,,,9,5,1,3,6,8,6,8,9,2,2,5,6,6,6,1,8,5,4,5,9,8,2,,7,,,9,8,8,7,6,9,8,6,7,8,7,7,8,6,10,6,3,8,5,8,8,9,4,6,2,9,8,6,6,7,7,9,9,8,9,9,10,10,6,9,,,6,6,,,9,5,8,9,9,10,9,10,10,10,9,9,7,5,5,10,10,9,7,8,10,8,10,7,,6,,,b'\x11\xe8\xe1I\xc6c\x1f\xec\xaf\x82\x12\xdf\x17\xaeN\x1e'
11E8E149-C663-1FEC-AF82-12DF17AE4E1E,2021-ncaa-d1-natl,ncaa,312,317,206,322,215,218,234,214,269,223,201,253,235,202,293,217,126,85,272,79,32,200,177,271,266,286,151,253,29,211,231,222,306,218,296,210,124,289,306,290,240,291,82,116,,,242,276,,,333,166,14,127,208,251,181,207,162,247,202,49,20,18,115,28,189,191,198,193,327,252,60,,317,,,329,251,246,199,288,267,233,263,187,145,280,82,265,283,109,271,253,207,183,281,285,313,126,101,228,262,306,166,231,201,296,275,246,237,288,314,313,326,182,198,,,132,80,,,333,170,299,323,328,337,330,328,329,336,233,178,328,327,323,335,332,315,256,314,324,231,333,210,,26,,,b'\x11\xe8\xe1I\xc6c\x1f\xec\xaf\x82\x12\xdf\x17\xaeN\x1e'
11E8E149-C663-1FEC-AF82-12DF17AE4E1E,2022-ncaa-d0-natl,ncaa,214,210,216,221,248,155,187,156,248,173,144,230,221,197,276,223,40,27,203,27,26,126,132,257,223,184,150,255,13,92,108,153,293,123,196,168,123,143,106,144,193,227,204,240,,,224,184,,,206,163,36,275,103,154,66,128,94,214,160,10,7,6,22,32,52,90,43,140,183,165,191,,268,,,209,228,219,226,176,222,255,131,184,141,273,95,230,266,67,265,203,238,229,163,156,187,152,145,208,320,293,216,108,273,196,238,210,174,217,226,171,152,162,149,,,83,69,,,206,198,167,235,202,289,280,315,276,328,210,169,262,294,296,331,329,337,284,321,279,135,212,203,,25,,,b'\x11\xe8\xe1I\xc6c\x1f\xec\xaf\x82\x12\xdf\x17\xaeN\x1e'
11E8E149-C663-1FEC-AF82-12DF17AE4E1E,2022-ncaa-d1-conf-SWAC,ncaa,8,8,5,8,7,6,7,6,9,7,6,7,5,3,10,6,3,3,6,3,2,5,7,9,7,5,5,7,2,5,7,5,7,4,5,4,3,3,3,2,7,8,6,6,,,4,3,,,7,7,7,9,5,8,5,8,7,5,4,3,3,3,5,6,5,4,4,4,3,8,6,,2,,,7,7,9,9,5,8,11,3,10,7,12,7,2,2,9,2,2,8,7,6,5,7,7,10,2,10,7,10,7,11,5,9,10,8,8,9,3,3,8,6,,,6,7,,,7,6,5,7,7,6,8,10,7,11,9,6,2,2,2,7,7,10,10,9,8,8,3,7,,6,,,b'\x11\xe8\xe1I\xc6c\x1f\xec\xaf\x82\x12\xdf\x17\xaeN\x1e'
11E8E149-C663-1FEC-AF82-12DF17AE4E1E,2022-ncaa-d1-natl,ncaa,219,209,213,225,251,149,189,142,240,155,129,216,222,188,282,232,38,34,199,29,31,115,129,254,224,183,165,257,20,77,104,131,275,98,167,148,115,144,105,134,168,211,184,225,,,228,174,,,194,146,35,275,96,141,51,106,80,216,164,15,8,8,22,31,46,64,31,120,177,159,181,,263,,,194,213,209,225,158,220,265,114,174,135,272,91,218,259,63,257,188,241,234,157,148,157,147,151,197,312,275,233,104,278,167,239,209,156,203,212,169,143,151,124,,,87,78,,,194,215,164,199,189,271,268,313,264,326,198,155,241,285,285,322,325,329,282,314,268,127,208,177,,30,,,b'\x11\xe8\xe1I\xc6c\x1f\xec\xaf\x82\x12\xdf\x17\xaeN\x1e'
11E8E149-C663-1FEC-AF82-12DF17AE4E1E,2023-ncaa-d0-natl,ncaa,195,203,164,209,196,186,202,204,205,113,84,207,347,334,338,347,57,9,359,9,15,126,100,254,259,278,316,352,16,77,67,140,260,104,137,191,173,337,295,282,149,200,81,91,,,349,350,,,229,114,28,169,185,213,215,87,58,349,340,28,1,1,91,31,54,92,54,189,335,140,66,,361,,,228,216,138,202,93,211,276,95,55,85,65,29,348,360,6,360,344,276,280,66,76,78,186,24,353,307,260,168,67,239,137,210,252,108,157,138,310,262,93,47,,,41,38,,,229,263,267,98,216,250,163,251,232,319,54,74,352,357,357,337,345,313,199,271,226,85,312,101,,12,,,b'\x11\xe8\xe1I\xc6c\x1f\xec\xaf\x82\x12\xdf\x17\xaeN\x1e'
11E8E149-C663-1FEC-AF82-12DF17AE4E1E,2023-ncaa-d1-conf-SWAC,ncaa,3,6,1,6,1,2,2,1,3,1,1,3,10,10,7,11,3,1,10,1,4,1,1,3,3,4,11,12,7,2,2,2,5,2,2,1,2,12,7,4,3,6,2,3,,,12,9,,,3,1,3,10,3,3,8,2,4,10,11,5,2,2,3,3,3,3,2,2,8,6,3,,9,,,3,11,11,12,3,10,12,3,10,11,7,8,11,12,3,12,9,12,12,3,4,6,10,10,10,11,5,10,2,11,2,11,12,3,6,9,11,9,5,2,,,1,3,,,3,12,3,6,3,6,6,8,5,8,8,9,9,9,9,10,8,8,4,4,11,6,9,4,,2,,,b'\x11\xe8\xe1I\xc6c\x1f\xec\xaf\x82\x12\xdf\x17\xaeN\x1e'
11E8E149-C663-1FEC-AF82-12DF17AE4E1E,2023-ncaa-d1-natl,ncaa,202,203,151,212,184,192,211,201,211,110,82,216,347,340,336,348,44,5,357,6,15,125,82,259,263,284,307,351,9,56,60,129,261,89,122,190,153,344,308,287,124,167,75,91,,,356,351,,,233,97,24,169,192,223,224,88,61,349,343,25,1,1,84,30,49,90,47,183,336,118,64,,361,,,233,215,148,223,88,224,291,88,50,76,70,22,346,357,7,357,339,289,300,57,72,77,175,25,353,315,261,160,60,245,122,220,254,94,152,137,315,268,99,52,,,31,36,,,233,284,272,98,208,239,159,254,239,323,48,73,350,357,357,335,343,317,178,263,229,78,314,108,,11,,,b'\x11\xe8\xe1I\xc6c\x1f\xec\xaf\x82\x12\xdf\x17\xaeN\x1e'
11E8E149-C663-1FEC-AF82-12DF17AE4E1E,2024-ncaa-d0-natl,ncaa,171,176,143,182,165,101,116,101,166,100,94,170,176,166,199,232,44,13,344,13,33,74,70,184,189,176,189,238,60,75,135,114,257,98,195,113,131,251,150,144,59,90,48,69,,,356,339,,,151,71,17,150,74,97,52,78,76,179,170,34,10,11,24,18,69,85,56,100,239,48,45,,353,,,151,269,193,252,83,236,288,73,117,154,98,58,356,358,62,358,339,303,311,60,115,106,251,58,353,313,257,286,135,313,195,266,292,72,137,148,224,149,220,153,,,37,66,,,151,297,166,122,138,275,186,276,226,315,105,142,354,355,355,334,346,309,284,310,266,70,225,211,,21,,,b'\x11\xe8\xe1I\xc6c\x1f\xec\xaf\x82\x12\xdf\x17\xaeN\x1e'
11E8E149-C663-1FEC-AF82-12DF17AE4E1E,2024-ncaa-d1-conf-SWAC,ncaa,4,4,3,4,4,2,2,3,3,3,5,2,2,2,3,4,2,2,12,2,2,2,2,2,2,2,3,3,6,3,5,2,6,2,4,1,2,6,2,2,3,5,2,2,,,11,9,,,3,1,1,7,2,1,3,3,8,2,3,3,2,2,1,1,3,2,2,1,5,3,2,,10,,,3,10,8,11,4,9,10,4,8,10,2,9,11,11,4,11,8,11,12,2,3,3,7,6,8,9,6,11,5,11,4,12,11,3,8,7,4,3,4,4,,,2,5,,,3,12,2,4,2,8,6,10,6,8,7,10,8,9,9,10,10,7,9,8,11,5,4,4,,2,,,b'\x11\xe8\xe1I\xc6c\x1f\xec\xaf\x82\x12\xdf\x17\xaeN\x1e'
11E8E149-C663-1FEC-AF82-12DF17AE4E1E,2024-ncaa-d1-natl,ncaa,155,177,78,177,97,65,77,48,137,50,44,133,157,139,217,234,36,9,346,9,42,32,26,155,167,154,219,251,76,39,96,73,232,45,152,56,92,274,125,105,34,69,38,63,,,358,329,,,112,29,13,152,56,64,37,51,60,182,171,34,10,10,19,14,48,73,33,51,221,43,41,,353,,,114,295,227,296,62,264,322,58,117,158,76,53,359,361,60,361,338,336,341,49,88,78,250,54,355,323,232,310,96,328,152,297,307,43,126,147,275,161,217,125,,,22,86,,,112,339,139,93,107,257,166,276,216,321,85,128,353,356,356,333,347,301,266,294,271,54,240,197,,21,,,b'\x11\xe8\xe1I\xc6c\x1f\xec\xaf\x82\x12\xdf\x17\xaeN\x1e'
11E8E149-C663-1FEC-AF82-12DF17AE4E1E,2025-ncaa-d0-natl,genius_ncaa,360,344,355,361,355,357,357,354,351,325,260,352,351,348,342,328,339,307,345,312,283,351,341,356,358,357,323,322,141,248,204,348,349,336,325,347,239,282,350,350,245,182,317,294,,,97,238,,171,337,345,138,72,350,343,268,259,100,343,335,297,226,234,274,120,149,272,224,326,351,140,287,,292,,287,343,46,35,29,194,43,31,215,73,61,150,173,161,208,25,201,299,37,34,200,199,164,203,154,276,257,349,77,204,147,325,160,330,220,112,196,209,319,229,293,,,340,270,,134,337,20,355,232,342,253,222,217,230,202,197,219,294,326,325,267,309,354,308,342,318,77,324,329,,235,,65,b'\x11\xe8\xe1I\xc6c\x1f\xec\xaf\x82\x12\xdf\x17\xaeN\x1e'
11E8E149-C663-1FEC-AF82-12DF17AE4E1E,2025-ncaa-d1-conf-SWAC,genius_ncaa,12,12,11,12,11,11,11,12,7,8,8,8,10,12,4,10,12,12,12,12,12,12,11,8,9,10,11,7,12,11,10,11,8,11,10,9,3,8,10,10,9,7,12,10,,,3,4,,6,12,11,5,2,11,7,8,6,4,8,11,12,12,12,11,6,10,7,8,5,11,7,11,,5,,9,12,8,8,3,12,5,1,12,12,12,9,12,3,3,4,3,6,3,2,12,12,12,9,12,2,6,8,8,10,6,10,12,11,7,6,12,3,9,7,8,,,12,10,,3,12,2,11,11,12,11,12,9,9,3,12,12,4,5,5,9,8,7,11,11,12,6,9,10,,11,,3,b'\x11\xe8\xe1I\xc6c\x1f\xec\xaf\x82\x12\xdf\x17\xaeN\x1e'
11E8E149-C663-1FEC-AF82-12DF17AE4E1E,2025-ncaa-d1-natl,genius_ncaa,354,344,341,354,345,353,350,330,349,311,222,353,346,342,343,316,335,299,345,300,288,330,305,358,358,358,319,315,153,198,166,338,348,307,317,335,215,309,350,345,161,114,305,285,,,149,248,,217,332,330,144,71,346,342,253,259,100,339,327,301,240,243,266,114,110,283,205,320,350,96,278,,290,,294,339,58,50,44,195,56,53,190,84,72,173,149,168,231,15,224,296,50,73,187,181,124,200,149,274,284,348,128,166,194,317,185,325,132,79,153,238,310,222,260,,,328,287,,125,332,38,355,187,336,219,192,184,194,193,173,176,272,314,312,234,302,350,308,335,299,51,322,308,,245,,70,b'\x11\xe8\xe1I\xc6c\x1f\xec\xaf\x82\x12\xdf\x17\xaeN\x1e'
11E8E149-C663-1FEC-AF82-12DF17AE4E1E,2026-ncaa-d0-natl,genius_ncaa,260,198,279,265,291,338,338,318,342,328,256,352,333,339,210,323,313,265,357,255,189,312,298,343,349,351,224,244,108,251,240,279,280,284,289,347,323,207,331,353,233,162,318,320,,,103,207,,153,326,300,105,97,348,337,288,314,129,324,341,273,161,154,272,148,183,178,164,351,335,132,313,,250,,261,336,106,107,82,241,95,68,267,157,143,206,243,134,161,100,163,275,85,78,253,245,267,219,227,186,163,280,119,240,134,289,150,242,293,265,278,246,334,46,92,,,316,274,,241,326,68,349,286,335,296,284,281,261,207,295,294,252,281,284,304,293,311,308,326,298,217,337,112,,250,,211,b'\x11\xe8\xe1I\xc6c\x1f\xec\xaf\x82\x12\xdf\x17\xaeN\x1e'
11E8E149-C663-1FEC-AF82-12DF17AE4E1E,2026-ncaa-d1-natl,genius_ncaa,256,195,271,252,286,344,336,312,327,307,234,337,348,347,301,323,323,261,357,256,221,314,285,340,348,352,313,302,159,220,206,276,246,276,236,337,242,286,343,350,190,127,314,310,,,134,243,,226,326,285,70,100,337,315,245,252,102,340,329,283,175,172,231,84,122,155,130,319,354,97,310,,282,,298,333,131,121,76,250,114,76,250,163,135,228,204,174,204,76,207,289,92,80,261,253,260,226,217,226,153,246,143,206,145,236,180,261,276,220,261,277,329,40,62,,,335,319,,245,326,74,351,268,333,297,278,259,258,206,279,260,278,300,305,295,304,278,297,308,293,173,342,83,,282,,216,b'\x11\xe8\xe1I\xc6c\x1f\xec\xaf\x82\x12\xdf\x17\xaeN\x1e'
11E8E149-C667-535A-AF82-12DF17AE4E1E,2010-ncaa-d0-natl,ncaa,219,224,178,231,182,166,135,132,150,136,165,105,148,120,222,120,268,283,160,287,310,163,165,147,173,175,235,153,301,193,209,165,286,184,252,182,257,179,184,197,109,112,67,79,,,165,127,,,211,160,98,50,133,85,80,104,147,137,99,278,289,294,122,107,174,137,154,164,208,92,52,,194,,,212,229,246,232,191,267,268,168,157,146,227,105,156,172,109,169,120,231,212,177,157,184,103,138,125,289,286,196,209,245,252,239,188,188,221,246,76,94,130,127,,,273,316,,,211,182,185,236,213,273,294,304,288,316,184,160,177,198,197,300,294,310,237,286,258,170,107,142,,282,,,b'\x11\xe8\xe1I\xc6gSZ\xaf\x82\x12\xdf\x17\xaeN\x1e'
11E8E149-C667-535A-AF82-12DF17AE4E1E,2010-ncaa-d1-conf-SEC,ncaa,11,11,8,11,10,10,11,7,11,11,10,11,6,4,10,4,9,10,7,11,9,9,10,11,10,10,5,4,7,11,12,9,8,12,12,11,8,6,8,10,2,3,5,5,,,5,6,,,10,6,3,5,8,10,4,10,7,5,4,9,10,11,5,5,11,7,10,9,9,2,5,,8,,,10,9,10,4,9,9,6,10,5,4,5,6,8,8,7,8,7,5,6,10,9,8,4,6,6,6,8,10,12,9,12,8,7,6,5,7,6,8,2,3,,,10,10,,,10,7,11,8,10,10,11,11,11,10,6,6,9,8,9,11,10,9,12,11,10,5,9,2,,9,,,b'\x11\xe8\xe1I\xc6gSZ\xaf\x82\x12\xdf\x17\xaeN\x1e'
11E8E149-C667-535A-AF82-12DF17AE4E1E,2010-ncaa-d1-natl,ncaa,228,223,191,233,197,179,144,147,156,143,177,107,156,128,225,117,276,295,162,302,312,178,180,151,177,175,233,153,299,207,213,186,288,198,255,192,261,168,185,199,123,119,69,83,,,146,128,,,215,178,101,47,136,90,82,108,146,139,100,276,288,295,125,110,178,142,158,168,210,97,52,,193,,,215,222,241,222,199,258,263,173,153,131,228,103,152,161,112,158,120,220,193,185,166,190,105,136,123,287,288,179,213,229,255,231,190,207,230,249,69,94,127,132,,,290,316,,,215,163,188,243,220,281,302,308,292,318,184,160,178,197,197,304,294,313,238,289,260,179,107,145,,281,,,b'\x11\xe8\xe1I\xc6gSZ\xaf\x82\x12\xdf\x17\xaeN\x1e'
11E8E149-C667-535A-AF82-12DF17AE4E1E,2011-ncaa-d0-natl,ncaa,58,83,26,76,32,72,57,40,144,54,36,148,143,146,153,223,139,106,277,111,260,44,55,159,181,138,257,211,260,82,163,37,176,41,154,114,265,127,43,109,79,139,73,119,,,147,43,,,76,53,185,146,140,96,91,88,89,191,203,235,182,187,104,181,157,103,107,189,50,131,104,,47,,,82,226,242,309,49,228,312,38,233,257,140,186,109,146,47,155,64,304,298,48,26,46,143,223,83,312,176,310,163,324,154,215,162,82,168,136,69,23,184,79,,,98,236,,,76,294,133,59,82,85,118,224,107,221,152,179,54,77,82,186,193,233,176,208,124,164,33,107,,238,,,b'\x11\xe8\xe1I\xc6gSZ\xaf\x82\x12\xdf\x17\xaeN\x1e'
11E8E149-C667-535A-AF82-12DF17AE4E1E,2011-ncaa-d1-conf-SEC,ncaa,9,9,9,9,9,9,10,9,8,10,9,10,8,9,5,5,9,9,9,9,8,10,11,8,8,8,5,3,8,11,12,6,6,9,10,10,5,3,8,8,4,3,8,9,,,3,2,,,7,10,7,3,7,7,7,9,7,5,7,9,9,9,7,8,11,4,6,7,6,3,8,,4,,,7,4,3,7,6,5,5,6,6,7,7,9,5,6,3,6,7,7,5,6,5,6,8,8,5,5,6,9,12,8,10,7,9,9,7,10,6,6,6,6,,,9,7,,,7,3,10,6,8,6,5,9,5,7,7,8,7,7,7,9,8,6,11,11,10,6,6,8,,8,,,b'\x11\xe8\xe1I\xc6gSZ\xaf\x82\x12\xdf\x17\xaeN\x1e'
11E8E149-C667-535A-AF82-12DF17AE4E1E,2011-ncaa-d1-natl,ncaa,63,82,28,77,34,80,61,46,150,58,42,153,149,152,155,221,154,119,279,123,260,49,63,163,183,143,255,211,261,94,169,42,177,48,163,131,266,106,43,109,88,145,75,121,,,130,41,,,82,59,190,144,144,102,95,92,92,192,201,239,186,191,106,186,160,104,108,193,49,139,106,,46,,,88,208,227,304,52,214,306,39,221,246,139,186,101,138,45,148,62,299,292,53,30,50,145,220,81,306,177,299,169,321,163,207,162,99,175,143,58,25,173,81,,,115,232,,,82,286,139,64,89,88,123,225,110,222,154,176,55,76,80,190,191,237,180,210,126,173,31,113,,240,,,b'\x11\xe8\xe1I\xc6gSZ\xaf\x82\x12\xdf\x17\xaeN\x1e'
11E8E149-C667-535A-AF82-12DF17AE4E1E,2012-ncaa-d0-natl,ncaa,34,36,48,39,50,103,97,60,186,100,102,152,112,80,245,119,155,116,281,113,175,67,86,183,218,151,179,139,238,40,48,158,132,71,71,87,123,88,43,60,65,56,89,59,,,176,161,,,30,123,305,31,166,139,116,142,182,145,112,238,186,182,131,214,57,275,148,124,42,87,101,,87,,,29,46,57,123,63,89,108,115,67,172,14,204,99,146,22,147,192,122,194,54,46,18,116,113,178,142,132,191,48,178,71,49,107,44,30,21,50,33,210,151,,,111,197,,,30,208,99,16,32,8,15,19,27,24,41,106,51,93,95,14,41,68,86,62,26,78,29,152,,209,,,b'\x11\xe8\xe1I\xc6gSZ\xaf\x82\x12\xdf\x17\xaeN\x1e'
11E8E149-C667-535A-AF82-12DF17AE4E1E,2012-ncaa-d1-conf-SEC,ncaa,5,4,4,6,4,8,7,5,8,8,9,7,4,2,10,2,6,8,5,8,7,5,6,8,8,8,2,3,7,5,5,12,7,10,7,5,3,2,5,4,2,1,6,4,,,5,9,,,4,8,11,1,7,7,5,8,10,3,2,6,8,8,6,8,4,12,12,4,4,3,6,,5,,,4,1,1,1,9,1,1,9,3,5,6,8,8,10,3,10,12,1,2,9,10,4,10,5,10,1,7,6,5,4,7,3,8,2,2,3,2,3,6,6,,,9,9,,,4,5,8,3,7,2,1,1,2,1,3,4,9,8,8,1,2,2,6,5,5,2,2,5,,9,,,b'\x11\xe8\xe1I\xc6gSZ\xaf\x82\x12\xdf\x17\xaeN\x1e'
11E8E149-C667-535A-AF82-12DF17AE4E1E,2012-ncaa-d1-natl,ncaa,35,36,55,40,56,123,112,67,190,116,117,161,119,86,245,117,169,132,280,126,174,73,97,191,221,157,175,139,234,43,49,179,139,84,78,97,127,76,44,65,74,60,94,60,,,153,165,,,36,151,306,32,172,150,124,147,188,146,111,238,192,184,135,215,58,278,152,129,43,91,102,,88,,,36,38,45,95,67,72,82,124,61,154,14,204,87,130,24,131,197,100,162,62,51,21,115,117,179,130,139,168,49,160,78,38,107,53,31,21,43,35,197,155,,,132,196,,,36,175,103,18,40,8,15,18,34,24,43,105,51,93,95,14,40,71,88,63,29,82,30,153,,206,,,b'\x11\xe8\xe1I\xc6gSZ\xaf\x82\x12\xdf\x17\xaeN\x1e'
11E8E149-C667-535A-AF82-12DF17AE4E1E,2012-ncaa-d1-ncaatournament,ncaa,17,2,17,17,17,26,24,19,38,24,19,45,26,26,28,43,17,23,14,21,28,21,26,40,36,26,29,35,13,24,33,21,8,21,19,20,14,31,7,7,19,12,50,57,,,35,22,,,13,25,38,5,30,32,17,29,16,34,36,12,25,21,15,33,28,17,16,20,7,15,57,,15,,,11,35,34,34,16,36,35,27,37,45,22,56,32,33,35,34,36,34,33,19,19,14,41,46,29,27,8,43,33,39,19,46,63,24,20,42,17,7,34,28,,,25,20,,,13,39,23,10,10,7,4,12,6,5,33,49,21,20,22,10,5,8,40,21,50,30,5,34,,20,,,b'\x11\xe8\xe1I\xc6gSZ\xaf\x82\x12\xdf\x17\xaeN\x1e'
11E8E149-C667-535A-AF82-12DF17AE4E1E,2013-ncaa-d0-natl,ncaa,88,105,41,102,41,57,59,57,97,50,65,90,129,113,191,178,71,58,212,61,132,51,62,113,116,88,210,198,174,52,81,100,176,69,114,35,69,139,65,42,64,89,69,83,,,264,193,,,41,70,203,15,83,75,98,76,118,167,152,100,85,91,83,138,88,189,129,44,77,95,87,,193,,,41,155,139,237,45,179,257,57,95,165,45,108,257,255,145,253,187,250,277,38,48,32,146,92,259,257,176,217,81,246,114,125,129,44,69,43,58,29,152,88,,,23,41,,,41,275,73,37,42,60,57,107,90,169,56,96,192,197,194,116,183,174,114,126,76,79,44,115,,36,,,b'\x11\xe8\xe1I\xc6gSZ\xaf\x82\x12\xdf\x17\xaeN\x1e'
11E8E149-C667-535A-AF82-12DF17AE4E1E,2013-ncaa-d1-conf-SEC,ncaa,9,8,10,9,10,11,10,9,9,10,10,11,8,6,10,6,11,10,13,11,8,10,11,9,10,12,6,5,10,7,10,11,10,10,10,5,3,5,10,4,4,5,6,5,,,4,5,,,8,10,13,1,11,10,8,9,10,7,6,11,9,9,8,8,6,9,8,4,9,4,6,,7,,,8,2,2,4,2,3,5,2,6,5,11,6,8,8,10,8,8,3,5,3,7,4,10,8,11,7,10,8,10,6,10,2,6,5,4,3,6,8,6,9,,,9,4,,,8,3,10,6,8,5,2,7,5,7,6,5,8,8,8,6,7,7,10,11,5,5,7,9,,4,,,b'\x11\xe8\xe1I\xc6gSZ\xaf\x82\x12\xdf\x17\xaeN\x1e'
11E8E149-C667-535A-AF82-12DF17AE4E1E,2013-ncaa-d1-natl,ncaa,94,104,49,107,49,62,67,67,101,56,73,93,138,120,193,178,78,64,211,69,133,60,76,119,121,90,206,197,173,62,85,111,181,80,118,41,71,121,66,44,72,95,72,85,,,255,198,,,43,76,203,15,86,81,100,79,123,165,152,101,87,93,85,145,97,194,134,47,77,106,88,,196,,,43,138,125,225,48,162,244,60,87,152,46,106,243,244,150,244,188,236,269,40,49,38,144,91,261,243,181,201,85,229,118,114,130,50,71,49,51,31,149,93,,,27,39,,,43,268,79,45,43,65,63,108,94,174,58,97,195,198,196,120,182,181,116,130,78,83,43,116,,35,,,b'\x11\xe8\xe1I\xc6gSZ\xaf\x82\x12\xdf\x17\xaeN\x1e'
11E8E149-C667-535A-AF82-12DF17AE4E1E,2014-ncaa-d0-natl,ncaa,105,72,180,88,239,196,189,231,130,216,223,186,133,175,45,153,234,226,200,221,194,238,286,110,128,89,129,107,236,179,104,298,157,264,142,104,46,18,56,31,70,20,52,19,,,61,151,,,27,305,315,270,190,180,220,206,217,119,165,233,222,216,231,295,159,315,269,65,35,55,32,,67,,,20,5,6,12,58,12,35,50,30,26,122,98,27,47,14,51,134,8,36,46,36,8,119,147,167,45,157,45,104,27,142,19,199,57,3,9,8,16,189,226,,,210,94,,,27,48,73,7,17,2,8,4,13,23,38,31,31,58,61,2,24,56,61,42,37,34,10,215,,193,,,b'\x11\xe8\xe1I\xc6gSZ\xaf\x82\x12\xdf\x17\xaeN\x1e'
11E8E149-C667-535A-AF82-12DF17AE4E1E,2014-ncaa-d1-conf-SEC,ncaa,12,10,11,12,12,14,14,11,14,13,13,14,7,7,12,4,12,13,6,13,11,12,14,14,14,12,4,5,5,10,12,14,10,13,12,12,3,1,2,3,3,2,7,4,,,3,7,,,10,14,14,9,14,14,11,13,13,7,5,12,12,12,11,14,10,14,13,11,1,2,5,,4,,,11,1,1,1,10,2,1,6,5,3,12,6,2,5,1,5,9,1,2,10,9,4,8,8,8,3,10,9,12,6,12,4,10,6,2,3,1,2,6,10,,,14,7,,,10,1,11,5,9,3,3,1,2,3,7,4,5,6,6,1,2,4,12,9,5,4,1,9,,13,,,b'\x11\xe8\xe1I\xc6gSZ\xaf\x82\x12\xdf\x17\xaeN\x1e'
11E8E149-C667-535A-AF82-12DF17AE4E1E,2014-ncaa-d1-natl,ncaa,111,72,211,92,288,220,215,259,139,234,243,191,141,184,46,153,248,247,199,245,194,264,311,117,134,95,128,105,234,193,106,315,163,280,148,115,48,13,55,32,83,22,55,21,,,42,151,,,27,325,318,273,194,187,226,211,219,118,166,233,224,220,235,296,160,319,273,70,36,58,36,,69,,,21,1,1,4,65,9,19,53,25,18,126,96,20,37,15,40,133,3,23,51,38,8,119,145,165,36,163,32,106,15,148,14,202,71,4,11,5,16,178,229,,,235,91,,,27,27,77,7,17,3,8,4,13,23,39,31,32,58,61,2,24,56,63,42,39,38,10,219,,198,,,b'\x11\xe8\xe1I\xc6gSZ\xaf\x82\x12\xdf\x17\xaeN\x1e'
11E8E149-C667-535A-AF82-12DF17AE4E1E,2015-ncaa-d0-natl,ncaa,116,131,79,128,94,182,233,155,294,224,166,289,178,153,229,171,80,46,290,47,34,128,162,282,271,208,108,177,32,82,108,81,47,79,52,176,110,40,39,91,213,203,118,138,,,201,253,,,101,210,327,222,257,299,256,282,234,192,178,97,44,44,201,286,112,115,102,224,27,252,140,,138,,,102,58,69,148,35,101,222,32,44,73,56,72,151,179,56,187,147,144,124,27,22,65,106,82,230,86,47,194,108,150,52,47,91,235,241,137,77,85,342,345,,,60,18,,,101,142,163,53,92,22,24,53,52,148,26,45,113,140,143,43,19,47,124,76,32,286,57,341,,67,,,b'\x11\xe8\xe1I\xc6gSZ\xaf\x82\x12\xdf\x17\xaeN\x1e'
11E8E149-C667-535A-AF82-12DF17AE4E1E,2015-ncaa-d1-conf-SEC,ncaa,7,9,4,9,7,9,13,8,14,12,9,14,7,6,8,4,6,9,7,8,6,7,12,14,12,9,3,4,4,11,12,6,5,6,8,11,5,1,3,4,13,13,9,11,,,5,9,,,7,12,14,7,11,13,10,13,11,7,6,8,9,9,9,14,11,6,8,11,1,13,10,,5,,,7,1,4,8,4,5,9,4,4,5,4,5,5,7,4,7,6,7,2,4,4,3,5,4,8,6,5,13,12,12,8,5,4,13,12,9,2,3,13,14,,,6,6,,,7,3,9,5,7,3,2,7,4,7,3,5,5,7,7,3,1,5,12,11,4,13,3,14,,7,,,b'\x11\xe8\xe1I\xc6gSZ\xaf\x82\x12\xdf\x17\xaeN\x1e'
11E8E149-C667-535A-AF82-12DF17AE4E1E,2015-ncaa-d1-natl,ncaa,129,130,97,140,118,215,261,200,297,254,190,295,192,164,228,169,97,54,289,55,34,158,209,290,272,214,105,173,32,99,116,105,46,95,55,203,112,28,41,94,238,219,129,141,,,180,258,,,118,251,327,217,270,307,263,290,237,193,176,97,46,46,207,290,120,123,114,237,26,259,148,,138,,,117,35,49,111,38,83,191,34,36,54,58,70,133,157,57,162,147,111,76,30,27,73,101,79,229,65,46,175,116,117,55,33,91,259,248,149,62,88,342,345,,,73,15,,,118,103,175,60,104,22,27,56,61,147,27,43,117,140,146,45,19,49,131,77,33,294,57,341,,67,,,b'\x11\xe8\xe1I\xc6gSZ\xaf\x82\x12\xdf\x17\xaeN\x1e'
11E8E149-C667-535A-AF82-12DF17AE4E1E,2015-ncaa-d1-ncaatournament,ncaa,17,2,17,17,17,32,32,24,59,29,21,53,44,25,58,37,30,25,59,25,33,23,25,61,59,57,42,50,16,11,17,32,37,25,39,22,3,27,6,5,13,5,30,43,,,37,28,,,55,31,54,4,57,57,23,46,17,54,36,38,22,24,18,32,4,57,28,21,7,5,45,,22,,,53,37,36,34,45,39,36,39,29,30,41,13,39,39,45,38,34,33,33,41,42,30,22,20,39,32,37,47,17,41,39,53,64,18,8,37,38,30,57,56,,,25,23,,,55,36,54,26,50,18,16,5,26,18,15,8,31,27,27,4,7,15,49,39,56,12,29,59,,28,,,b'\x11\xe8\xe1I\xc6gSZ\xaf\x82\x12\xdf\x17\xaeN\x1e'
11E8E149-C667-535A-AF82-12DF17AE4E1E,2016-ncaa-d0-natl,ncaa,221,228,175,231,193,233,204,138,290,132,65,291,314,288,325,303,205,197,241,197,289,142,156,313,314,287,312,309,165,89,100,187,150,131,115,248,269,123,111,219,225,225,201,212,,,220,242,,,212,194,169,113,246,204,82,104,30,313,287,210,198,196,91,109,66,176,98,259,144,228,193,,243,,,214,118,112,143,131,145,178,145,87,108,87,126,201,169,293,151,159,140,145,114,138,145,135,101,238,122,150,194,100,160,115,137,190,172,146,143,161,163,302,254,,,219,262,,,212,151,261,132,218,153,138,153,182,200,101,123,221,190,177,161,166,142,220,184,158,162,192,310,,222,,,b'\x11\xe8\xe1I\xc6gSZ\xaf\x82\x12\xdf\x17\xaeN\x1e'
11E8E149-C667-535A-AF82-12DF17AE4E1E,2016-ncaa-d1-conf-SEC,ncaa,10,10,8,10,8,11,10,8,13,10,7,13,11,11,8,11,11,9,9,9,12,8,10,12,13,12,9,8,8,11,12,9,7,9,11,12,11,3,7,10,13,13,12,12,,,5,6,,,12,9,5,1,10,9,6,9,5,10,10,10,9,9,7,6,10,8,9,12,7,12,12,,8,,,12,10,10,9,9,7,6,9,12,11,10,12,6,4,14,4,6,7,6,9,9,11,12,11,5,6,7,13,12,9,11,12,12,13,12,14,10,8,12,12,,,13,13,,,12,6,11,12,12,12,11,12,9,7,12,14,8,6,5,12,12,11,13,11,13,10,11,12,,12,,,b'\x11\xe8\xe1I\xc6gSZ\xaf\x82\x12\xdf\x17\xaeN\x1e'
11E8E149-C667-535A-AF82-12DF17AE4E1E,2016-ncaa-d1-natl,ncaa,234,227,218,238,238,266,237,170,295,159,79,299,321,296,327,301,234,221,243,219,288,177,195,321,324,291,307,308,157,104,108,228,155,165,126,266,271,90,118,227,253,236,218,217,,,192,246,,,229,239,175,101,257,217,82,112,35,314,288,213,198,199,92,112,69,182,105,267,143,242,200,,245,,,231,100,89,102,146,131,142,158,79,80,95,118,186,152,294,135,159,102,100,124,150,158,132,100,240,99,155,165,108,128,126,125,191,204,157,162,137,168,298,263,,,243,256,,,229,107,270,147,237,165,149,159,185,203,102,120,221,191,177,166,165,144,225,193,164,169,191,311,,225,,,b'\x11\xe8\xe1I\xc6gSZ\xaf\x82\x12\xdf\x17\xaeN\x1e'
11E8E149-C667-535A-AF82-12DF17AE4E1E,2017-ncaa-d0-natl,ncaa,197,210,168,210,215,188,155,160,165,154,135,203,169,187,108,190,278,249,270,248,294,182,209,168,192,168,218,157,282,121,82,197,159,160,111,205,251,74,95,148,192,163,115,109,,,131,172,,,112,240,235,268,170,138,128,142,120,159,184,283,256,257,153,200,86,186,130,202,88,176,104,,146,,,111,57,74,130,80,112,194,57,84,70,169,89,108,116,112,122,123,122,113,75,61,83,123,138,177,125,159,92,82,83,111,123,216,211,190,185,145,166,216,194,,,269,294,,,112,111,142,86,104,70,94,134,119,211,91,78,108,125,132,122,95,146,112,113,136,213,158,228,,291,,,b'\x11\xe8\xe1I\xc6gSZ\xaf\x82\x12\xdf\x17\xaeN\x1e'
11E8E149-C667-535A-AF82-12DF17AE4E1E,2017-ncaa-d1-conf-SEC,ncaa,14,14,9,14,12,14,13,9,14,12,11,14,3,3,6,2,14,14,14,14,14,12,12,13,14,14,4,3,14,7,10,11,13,10,12,14,14,7,8,13,7,5,6,5,,,8,10,,,12,12,8,10,14,12,3,12,10,3,2,14,14,14,8,7,4,10,8,14,8,6,6,,10,,,12,3,3,4,5,3,4,5,9,7,11,9,8,8,1,8,11,4,3,7,6,6,9,11,10,11,13,11,10,12,12,8,13,10,7,9,10,12,9,12,,,14,14,,,12,3,14,8,13,7,7,6,6,4,11,10,9,10,11,8,8,13,12,14,11,7,11,12,,14,,,b'\x11\xe8\xe1I\xc6gSZ\xaf\x82\x12\xdf\x17\xaeN\x1e'
11E8E149-C667-535A-AF82-12DF17AE4E1E,2017-ncaa-d1-natl,ncaa,215,210,217,219,288,216,191,197,177,181,172,211,181,209,112,190,296,274,266,272,296,220,259,177,204,179,215,154,280,143,91,242,169,195,118,227,253,53,98,155,215,174,123,113,,,101,176,,,121,295,238,270,177,152,133,153,128,160,186,287,261,261,163,208,94,200,137,209,91,185,107,,145,,,116,34,52,83,87,86,153,60,62,52,178,82,85,97,117,103,127,71,56,76,64,96,120,134,176,97,169,63,91,55,118,103,221,239,196,192,127,168,209,201,,,302,291,,,121,54,151,97,113,76,98,135,124,218,93,75,111,125,132,123,95,146,114,119,143,222,162,231,,291,,,b'\x11\xe8\xe1I\xc6gSZ\xaf\x82\x12\xdf\x17\xaeN\x1e'
11E8E149-C667-535A-AF82-12DF17AE4E1E,2018-ncaa-d0-natl,ncaa,208,224,117,219,157,115,125,36,307,188,149,259,56,21,279,39,227,210,258,213,236,48,83,275,293,182,72,54,281,125,281,133,262,130,315,203,304,9,8,70,210,262,144,211,,,129,54,,,263,81,51,278,116,128,11,224,164,54,14,246,221,226,21,73,124,158,139,235,10,231,156,,118,,,259,324,324,300,275,314,296,242,256,233,272,135,252,208,332,206,101,298,278,260,265,302,122,169,134,285,262,347,281,342,315,297,176,212,271,285,46,34,282,268,,,239,314,,,263,273,182,308,255,325,326,319,318,325,253,221,233,198,199,327,298,280,348,342,292,228,49,273,,260,,,b'\x11\xe8\xe1I\xc6gSZ\xaf\x82\x12\xdf\x17\xaeN\x1e'
11E8E149-C667-535A-AF82-12DF17AE4E1E,2018-ncaa-d1-conf-SEC,ncaa,11,11,4,11,7,7,7,1,14,10,8,13,3,1,12,2,13,11,13,12,11,3,4,13,14,10,4,3,13,9,13,8,13,9,14,10,10,2,2,3,10,10,11,12,,,6,5,,,14,4,1,8,10,8,1,11,8,3,1,13,12,12,1,2,9,10,10,11,2,10,12,,7,,,14,14,14,12,13,14,11,12,13,11,11,7,12,11,14,11,8,12,13,13,13,13,10,10,8,13,13,14,13,14,14,12,11,9,9,13,6,5,13,13,,,12,14,,,14,13,11,13,14,14,13,12,13,11,13,10,12,10,10,14,14,14,14,14,12,9,6,13,,12,,,b'\x11\xe8\xe1I\xc6gSZ\xaf\x82\x12\xdf\x17\xaeN\x1e'
11E8E149-C667-535A-AF82-12DF17AE4E1E,2018-ncaa-d1-natl,ncaa,218,223,144,222,201,137,146,48,312,219,183,272,63,25,282,37,246,231,256,235,238,61,111,286,299,197,70,52,279,147,291,174,270,175,321,231,310,4,8,75,234,269,162,217,,,101,56,,,275,110,53,279,124,137,12,235,168,56,14,248,226,228,25,75,134,166,154,246,10,238,160,,119,,,273,321,323,294,287,311,294,257,241,207,279,134,235,192,332,189,104,290,260,276,282,309,121,168,133,276,270,347,291,339,321,292,177,237,276,290,37,35,274,278,,,263,315,,,275,246,194,316,268,330,329,321,320,324,257,218,235,198,199,327,297,282,349,343,298,234,52,281,,262,,,b'\x11\xe8\xe1I\xc6gSZ\xaf\x82\x12\xdf\x17\xaeN\x1e'
11E8E149-C667-535A-AF82-12DF17AE4E1E,2019-ncaa-d0-natl,ncaa,63,152,4,114,5,13,15,3,180,37,28,156,16,8,140,71,4,13,84,12,86,3,4,135,119,51,52,79,135,68,296,29,268,34,320,122,347,52,4,80,26,137,41,134,,,325,61,,,98,2,39,242,39,64,22,136,145,42,29,40,70,72,16,75,218,177,195,261,8,100,81,,135,,,105,351,350,348,232,351,349,251,232,291,64,69,329,330,169,329,113,350,350,194,189,185,24,32,150,350,268,351,296,351,320,341,116,17,170,168,63,9,326,238,,,8,158,,,98,350,68,203,104,271,296,321,328,332,85,141,221,224,215,319,317,288,342,336,234,106,18,252,,107,,,b'\x11\xe8\xe1I\xc6gSZ\xaf\x82\x12\xdf\x17\xaeN\x1e'
11E8E149-C667-535A-AF82-12DF17AE4E1E,2019-ncaa-d1-conf-SEC,ncaa,7,10,1,8,1,2,2,1,10,6,7,8,2,1,6,3,3,4,1,4,3,1,2,6,6,4,3,3,9,9,14,6,14,6,14,5,14,1,1,2,4,6,4,6,,,10,3,,,10,1,1,8,3,5,2,10,10,2,2,4,8,8,3,5,11,10,11,9,1,6,4,,6,,,10,14,14,14,12,14,14,12,9,13,4,5,14,14,10,14,6,14,14,11,11,11,3,2,6,14,14,14,14,14,14,14,9,4,6,9,1,1,13,13,,,6,9,,,10,14,4,12,10,14,13,12,14,13,6,11,11,12,11,14,14,12,14,14,12,6,1,12,,9,,,b'\x11\xe8\xe1I\xc6gSZ\xaf\x82\x12\xdf\x17\xaeN\x1e'
11E8E149-C667-535A-AF82-12DF17AE4E1E,2019-ncaa-d1-natl,ncaa,73,152,6,122,8,16,22,5,191,47,39,167,19,11,138,71,6,16,83,16,84,5,7,142,124,57,50,77,130,100,304,37,279,45,326,145,346,37,2,82,44,149,43,138,,,303,63,,,112,3,42,240,45,70,23,149,151,47,31,43,74,77,19,80,225,189,212,275,8,110,84,,136,,,121,351,350,346,250,351,349,265,221,274,70,61,316,318,176,315,113,348,350,215,205,206,20,33,155,346,279,351,304,351,326,334,116,37,184,184,54,9,324,246,,,12,151,,,112,350,78,224,117,285,306,322,333,333,86,135,229,224,219,319,318,293,342,339,239,111,17,259,,110,,,b'\x11\xe8\xe1I\xc6gSZ\xaf\x82\x12\xdf\x17\xaeN\x1e'
11E8E149-C667-535A-AF82-12DF17AE4E1E,2020-ncaa-d0-natl,ncaa,23,42,8,40,14,4,8,8,29,55,108,46,3,9,6,59,1,6,34,6,23,5,13,13,9,2,25,38,116,238,313,16,272,59,288,83,328,9,1,21,64,149,77,182,,,109,10,,,11,3,27,212,3,11,14,97,204,4,19,8,17,18,10,81,291,50,165,143,3,104,115,,39,,,13,323,336,351,113,344,350,193,118,295,4,124,175,171,177,169,35,351,349,74,63,88,8,45,71,346,272,344,313,350,288,260,90,85,226,163,4,1,320,298,,,16,93,,,11,348,6,130,15,248,297,344,325,343,83,224,115,116,113,338,330,333,296,331,200,150,1,300,,64,,,b'\x11\xe8\xe1I\xc6gSZ\xaf\x82\x12\xdf\x17\xaeN\x1e'
11E8E149-C667-535A-AF82-12DF17AE4E1E,2020-ncaa-d1-conf-SEC,ncaa,3,3,1,3,1,2,3,2,4,7,8,6,1,1,1,3,2,3,1,4,4,2,2,2,2,1,3,1,10,12,12,3,13,6,13,4,13,2,1,2,4,7,9,10,,,6,2,,,3,1,1,3,2,3,2,7,9,1,1,4,7,7,2,3,12,6,11,5,1,6,10,,4,,,4,14,14,14,8,14,13,10,12,14,2,9,10,8,9,8,3,14,14,8,8,9,3,8,4,14,13,14,12,14,13,12,6,4,8,7,2,2,11,12,,,5,10,,,3,14,2,9,4,13,14,14,14,13,9,11,6,5,4,14,14,14,13,14,12,5,2,11,,9,,,b'\x11\xe8\xe1I\xc6gSZ\xaf\x82\x12\xdf\x17\xaeN\x1e'
11E8E149-C667-535A-AF82-12DF17AE4E1E,2020-ncaa-d1-natl,ncaa,26,42,12,42,24,4,10,13,30,67,138,47,5,13,6,58,1,7,32,7,22,9,22,13,10,3,24,36,110,268,319,21,276,81,294,99,330,9,2,22,82,160,91,183,,,89,10,,,11,6,28,200,3,11,17,107,209,6,21,8,15,16,11,87,297,51,179,153,4,117,120,,40,,,14,310,329,350,122,343,348,204,106,286,4,124,158,159,181,158,33,350,347,79,68,96,7,43,74,344,276,339,319,346,294,251,91,105,238,180,3,1,318,303,,,24,91,,,11,347,7,145,18,258,300,345,326,343,79,220,120,117,117,339,330,335,303,333,205,156,1,302,,65,,,b'\x11\xe8\xe1I\xc6gSZ\xaf\x82\x12\xdf\x17\xaeN\x1e'
11E8E149-C667-535A-AF82-12DF17AE4E1E,2021-ncaa-d0-natl,ncaa,30,104,14,69,23,7,14,18,36,34,44,58,7,14,4,81,1,2,80,1,9,11,18,19,12,5,26,39,61,229,336,43,222,82,325,75,332,88,3,34,50,186,99,241,,,287,34,,,32,10,10,224,4,25,56,111,194,10,33,7,9,6,20,104,330,187,308,208,3,142,191,,95,,,47,341,341,331,297,342,334,277,295,284,259,91,328,323,214,323,130,333,334,285,282,260,68,99,128,327,222,343,336,343,325,312,52,21,142,130,50,3,280,166,,,4,12,,,32,333,12,256,57,310,318,285,325,304,189,144,216,217,220,296,320,219,325,315,198,92,3,154,,13,,,b'\x11\xe8\xe1I\xc6gSZ\xaf\x82\x12\xdf\x17\xaeN\x1e'
11E8E149-C667-535A-AF82-12DF17AE4E1E,2021-ncaa-d1-conf-SEC,ncaa,6,6,5,6,9,3,6,7,5,12,11,6,1,2,2,1,2,3,1,2,1,6,10,2,2,1,1,1,3,13,14,10,12,12,13,10,12,2,1,3,6,7,8,9,,,6,4,,,5,5,2,9,1,5,8,13,12,1,1,1,2,1,4,11,14,10,14,11,1,6,9,,6,,,5,13,12,9,12,13,9,14,8,9,8,7,9,9,11,9,6,9,10,12,12,10,5,6,8,10,12,14,14,14,13,11,4,5,5,6,2,1,7,8,,,5,2,,,5,11,1,10,5,13,12,10,14,9,6,7,7,8,8,11,13,11,13,13,11,5,1,5,,3,,,b'\x11\xe8\xe1I\xc6gSZ\xaf\x82\x12\xdf\x17\xaeN\x1e'
11E8E149-C667-535A-AF82-12DF17AE4E1E,2021-ncaa-d1-natl,ncaa,30,104,18,69,28,10,14,20,37,41,53,63,7,14,4,81,2,3,77,2,11,13,20,19,12,5,23,39,63,239,337,47,226,100,326,83,332,81,3,37,59,196,105,240,,,276,33,,,38,11,12,225,4,27,62,116,200,9,34,7,8,7,22,107,333,195,313,216,3,146,195,,95,,,51,341,340,330,299,342,333,284,289,276,263,87,319,314,220,315,131,331,334,288,286,273,66,98,130,323,226,342,337,343,326,309,53,26,148,133,48,3,273,166,,,4,13,,,38,332,12,265,61,315,318,287,326,308,189,143,219,220,222,297,319,221,327,317,202,98,3,157,,13,,,b'\x11\xe8\xe1I\xc6gSZ\xaf\x82\x12\xdf\x17\xaeN\x1e'
11E8E149-C667-535A-AF82-12DF17AE4E1E,2021-ncaa-d1-ncaatournament,ncaa,33,2,33,33,34,41,56,60,48,58,60,49,40,45,31,14,24,25,26,27,1,52,50,42,27,30,3,22,1,57,51,47,53,56,52,63,59,20,47,62,55,55,48,53,,,14,34,,,27,43,23,7,32,56,59,58,60,22,20,1,1,1,45,36,49,45,53,63,44,52,44,,39,,,29,6,9,17,24,10,26,11,13,4,60,7,8,12,12,10,15,16,20,24,19,16,30,32,29,22,53,13,51,21,52,2,3,40,21,3,22,49,2,16,,,31,1,,,27,13,36,22,32,26,32,40,31,56,29,6,25,31,28,41,49,51,40,53,4,15,47,3,,1,,,b'\x11\xe8\xe1I\xc6gSZ\xaf\x82\x12\xdf\x17\xaeN\x1e'
11E8E149-C667-535A-AF82-12DF17AE4E1E,2022-ncaa-d0-natl,ncaa,107,157,52,140,59,36,46,31,124,89,113,93,24,15,115,58,34,12,284,11,23,23,55,92,98,34,45,67,149,115,268,57,187,70,261,120,315,14,2,30,121,226,13,27,,,275,110,,,62,43,68,120,26,53,23,144,210,29,23,54,30,29,19,88,187,94,106,192,4,193,14,,178,,,63,314,308,320,148,313,332,104,224,202,263,65,304,310,132,311,179,329,320,144,139,163,129,121,225,313,187,350,268,346,261,183,44,102,222,120,10,2,340,336,,,18,42,,,62,314,37,169,67,226,230,274,243,314,158,110,237,262,268,286,294,245,337,321,106,174,2,328,,33,,,b'\x11\xe8\xe1I\xc6gSZ\xaf\x82\x12\xdf\x17\xaeN\x1e'
11E8E149-C667-535A-AF82-12DF17AE4E1E,2022-ncaa-d1-conf-SEC,ncaa,8,8,4,8,4,3,5,3,11,10,12,3,2,1,11,1,6,4,12,4,2,3,7,8,9,3,3,3,9,12,12,6,8,7,12,11,11,1,1,1,9,10,5,5,,,7,5,,,8,5,4,3,3,7,1,12,12,3,1,7,5,5,1,8,12,5,7,12,1,9,5,,6,,,8,11,9,10,5,8,10,6,11,12,7,9,12,9,12,9,10,10,11,6,8,8,12,10,10,9,8,14,12,13,12,9,8,8,10,8,1,1,12,13,,,4,2,,,8,11,6,8,8,9,8,11,5,8,11,9,10,10,10,11,12,8,14,14,9,9,1,12,,3,,,b'\x11\xe8\xe1I\xc6gSZ\xaf\x82\x12\xdf\x17\xaeN\x1e'
11E8E149-C667-535A-AF82-12DF17AE4E1E,2022-ncaa-d1-natl,ncaa,120,157,67,150,76,42,56,37,139,112,144,102,29,20,120,58,40,17,285,16,21,28,69,96,103,37,38,67,142,140,272,71,192,84,276,151,318,10,2,32,154,236,14,28,,,256,110,,,76,57,75,109,30,57,25,157,217,33,25,54,31,30,20,94,199,99,120,208,4,203,15,,180,,,79,311,298,313,164,304,328,115,207,174,271,64,293,299,141,302,181,324,314,155,156,180,128,120,223,303,192,347,272,344,276,170,44,129,234,137,4,2,338,338,,,25,36,,,76,301,40,192,83,243,245,279,253,315,160,110,244,266,274,289,289,246,338,327,117,193,2,329,,31,,,b'\x11\xe8\xe1I\xc6gSZ\xaf\x82\x12\xdf\x17\xaeN\x1e'
11E8E149-C667-535A-AF82-12DF17AE4E1E,2022-ncaa-d1-ncaatournament,ncaa,37,2,37,37,38,46,40,37,50,37,35,35,52,41,62,38,56,51,61,51,60,37,40,54,58,45,64,54,59,38,41,61,59,52,63,66,68,1,1,43,37,20,28,4,,,8,13,,,56,40,5,5,26,8,1,5,3,45,16,49,37,38,1,7,13,61,40,65,1,10,8,,20,,,58,30,25,13,60,6,3,55,46,37,65,65,16,18,17,18,65,19,28,66,64,56,64,66,19,21,59,31,41,27,63,29,55,35,7,38,1,1,2,2,,,46,44,,,56,30,39,60,58,66,60,33,21,3,67,65,41,46,48,44,62,40,66,63,63,3,1,2,,28,,,b'\x11\xe8\xe1I\xc6gSZ\xaf\x82\x12\xdf\x17\xaeN\x1e'
11E8E149-C667-535A-AF82-12DF17AE4E1E,2023-ncaa-d0-natl,ncaa,42,117,3,86,4,13,39,16,201,105,138,88,4,2,210,24,4,2,284,1,1,7,7,135,128,80,10,50,39,105,303,9,167,22,247,55,179,218,27,87,130,298,14,60,,,334,100,,,63,2,44,164,52,136,82,267,324,26,11,13,7,7,39,83,248,44,90,146,39,255,35,,169,,,72,351,341,357,54,338,358,36,306,318,178,110,355,356,100,356,251,360,360,49,64,81,261,171,292,355,167,361,303,361,247,252,51,32,210,67,221,36,322,318,,,1,8,,,63,358,97,91,87,201,152,289,150,297,171,168,284,298,300,321,319,276,336,323,58,152,61,241,,6,,,b'\x11\xe8\xe1I\xc6gSZ\xaf\x82\x12\xdf\x17\xaeN\x1e'
11E8E149-C667-535A-AF82-12DF17AE4E1E,2023-ncaa-d1-conf-SEC,ncaa,8,8,5,8,6,4,7,6,10,11,13,4,1,1,12,1,4,4,6,4,1,5,7,9,9,4,1,3,3,13,14,7,12,10,13,7,7,2,2,3,11,12,4,4,,,7,4,,,8,3,3,5,4,8,6,13,14,1,1,3,3,3,5,8,13,6,9,6,2,11,3,,6,,,8,11,9,11,7,8,11,5,10,8,10,8,13,13,9,13,10,12,12,7,7,8,11,8,11,14,12,14,14,14,13,11,6,5,8,7,7,5,9,11,,,4,2,,,8,12,7,9,8,10,10,12,9,10,10,9,13,13,13,13,14,14,13,14,9,6,5,9,,4,,,b'\x11\xe8\xe1I\xc6gSZ\xaf\x82\x12\xdf\x17\xaeN\x1e'
11E8E149-C667-535A-AF82-12DF17AE4E1E,2023-ncaa-d1-natl,ncaa,45,117,4,88,5,14,43,16,214,135,177,92,5,2,212,24,4,2,283,1,1,8,8,144,134,86,10,50,35,126,311,9,171,25,260,61,188,192,28,92,162,308,16,62,,,329,108,,,71,3,46,164,54,149,92,277,326,27,11,13,7,6,40,89,256,45,100,153,39,270,36,,174,,,85,351,339,357,59,336,358,40,302,310,193,107,352,353,106,353,254,360,360,56,68,100,261,169,292,353,171,361,311,361,260,237,54,49,220,78,196,39,316,323,,,1,8,,,71,358,109,108,102,216,163,293,157,299,178,169,291,302,303,325,318,278,339,326,63,167,63,246,,6,,,b'\x11\xe8\xe1I\xc6gSZ\xaf\x82\x12\xdf\x17\xaeN\x1e'
11E8E149-C667-535A-AF82-12DF17AE4E1E,2024-ncaa-d0-natl,ncaa,127,148,52,142,85,75,119,40,293,244,252,195,17,3,221,12,46,52,155,47,11,33,59,214,200,123,2,12,98,221,343,38,149,76,312,224,333,47,14,148,243,325,17,26,,,94,16,,,163,32,35,263,92,170,36,321,323,15,3,63,67,61,36,94,283,37,110,291,22,297,14,,43,,,165,318,337,343,148,330,347,105,288,273,248,139,153,138,220,130,25,340,323,141,120,176,100,202,42,313,149,360,343,358,312,303,162,163,290,263,88,40,260,313,,,52,105,,,163,323,160,198,174,264,308,346,306,344,242,218,106,94,86,327,304,262,359,355,259,228,57,229,,73,,,b'\x11\xe8\xe1I\xc6gSZ\xaf\x82\x12\xdf\x17\xaeN\x1e'
11E8E149-C667-535A-AF82-12DF17AE4E1E,2024-ncaa-d1-conf-SEC,ncaa,11,9,9,11,10,9,13,9,14,14,13,11,1,1,10,1,7,8,6,9,1,9,11,11,10,8,1,1,5,13,13,6,7,12,14,14,12,1,1,6,13,13,4,4,,,1,3,,,11,9,4,5,8,13,4,14,13,1,1,6,8,9,6,10,13,4,10,13,1,13,3,,3,,,11,8,9,9,9,10,9,7,10,8,12,8,2,5,5,3,2,9,7,10,8,10,5,9,3,8,7,14,13,13,14,12,10,9,10,9,1,1,3,10,,,8,2,,,11,6,10,9,11,10,11,13,10,12,11,9,3,6,4,12,11,10,14,14,12,9,1,3,,5,,,b'\x11\xe8\xe1I\xc6gSZ\xaf\x82\x12\xdf\x17\xaeN\x1e'
11E8E149-C667-535A-AF82-12DF17AE4E1E,2024-ncaa-d1-natl,ncaa,137,150,78,156,116,98,141,50,311,284,282,211,19,4,227,11,58,62,156,61,9,44,76,222,210,130,2,13,87,252,349,54,165,108,323,259,339,31,16,166,279,337,17,26,,,67,15,,,187,46,37,264,104,188,43,332,326,17,5,61,69,62,43,99,295,39,124,306,22,311,14,,44,,,189,306,333,341,169,324,344,120,285,254,251,139,140,120,228,114,26,331,315,160,141,206,99,201,43,300,165,362,349,358,323,297,168,202,301,275,64,40,252,315,,,63,101,,,187,313,173,227,197,278,315,349,314,345,256,222,108,97,91,330,304,272,361,357,271,241,58,235,,74,,,b'\x11\xe8\xe1I\xc6gSZ\xaf\x82\x12\xdf\x17\xaeN\x1e'
11E8E149-C667-535A-AF82-12DF17AE4E1E,2025-ncaa-d0-natl,genius_ncaa,265,313,90,285,115,103,134,92,229,186,196,176,69,34,235,60,52,80,40,78,57,81,85,196,165,138,51,87,76,256,330,81,348,143,345,292,357,171,111,280,335,360,93,209,,,41,2,,110,318,58,26,260,105,162,93,244,245,74,39,53,98,99,81,101,293,87,198,332,139,353,99,,17,,92,311,359,362,355,265,360,358,194,340,320,343,150,114,121,124,113,12,354,334,267,220,326,89,259,11,361,348,345,330,360,345,357,174,286,359,353,270,202,361,361,,,104,163,,335,318,306,182,357,308,360,362,362,359,361,341,315,89,102,88,361,356,360,337,360,346,330,225,361,,122,,343,b'\x11\xe8\xe1I\xc6gSZ\xaf\x82\x12\xdf\x17\xaeN\x1e'
11E8E149-C667-535A-AF82-12DF17AE4E1E,2025-ncaa-d1-conf-SEC,genius_ncaa,13,13,11,13,16,14,15,13,15,16,16,14,7,4,13,2,8,10,5,11,2,12,11,14,14,13,1,4,2,15,16,11,16,15,16,16,16,8,11,16,14,16,11,11,,,1,1,,1,16,11,4,16,13,15,12,16,16,7,4,8,9,9,11,9,15,8,15,16,10,14,11,,2,,1,16,15,15,13,12,13,11,9,16,14,16,10,2,2,5,1,2,12,9,13,13,15,10,16,1,16,16,15,16,16,16,16,15,14,15,16,12,15,15,16,,,13,11,,16,16,6,15,16,16,16,16,16,15,16,16,15,3,3,3,16,15,16,16,16,16,14,14,15,,10,,14,b'\x11\xe8\xe1I\xc6gSZ\xaf\x82\x12\xdf\x17\xaeN\x1e'
11E8E149-C667-535A-AF82-12DF17AE4E1E,2025-ncaa-d1-natl,genius_ncaa,279,312,113,297,153,121,159,115,239,221,226,183,83,40,234,58,60,94,40,95,53,99,114,203,175,146,52,90,73,286,338,102,352,180,349,320,357,143,115,291,345,361,101,222,,,30,2,,102,323,79,32,260,108,177,98,252,251,77,40,52,98,99,85,107,301,92,211,338,142,355,105,,19,,97,318,357,362,355,278,360,356,206,337,312,342,145,99,107,129,100,14,354,325,279,229,337,86,260,12,361,352,337,338,360,349,354,176,308,362,356,253,208,361,361,,,121,154,,337,323,283,192,360,316,361,362,362,360,361,342,316,93,102,91,361,356,360,340,360,347,333,231,361,,116,,344,b'\x11\xe8\xe1I\xc6gSZ\xaf\x82\x12\xdf\x17\xaeN\x1e'
11E8E149-C667-535A-AF82-12DF17AE4E1E,2026-ncaa-d0-natl,genius_ncaa,35,80,9,68,10,18,39,12,127,62,30,186,12,24,41,145,11,12,97,12,77,9,11,100,91,66,52,81,101,13,74,5,100,4,56,48,174,250,50,69,108,239,39,99,,,294,71,,324,51,15,79,78,34,61,39,132,116,38,74,33,41,42,28,50,48,11,9,91,81,209,66,,113,,269,59,340,348,358,74,334,356,60,348,342,201,222,175,207,58,213,34,357,351,94,58,122,166,292,30,329,100,335,74,335,56,311,115,123,312,244,126,19,197,78,,,30,199,,173,51,353,44,122,59,196,243,345,206,321,287,287,48,62,69,317,297,220,189,201,176,272,34,98,,136,,258,b'\x11\xe8\xe1I\xc6gSZ\xaf\x82\x12\xdf\x17\xaeN\x1e'
11E8E149-C667-535A-AF82-12DF17AE4E1E,2026-ncaa-d1-natl,genius_ncaa,38,80,13,79,18,22,47,19,150,86,44,214,18,35,43,144,12,16,93,16,73,17,22,123,103,80,41,83,87,27,97,8,114,7,69,60,185,197,57,85,161,279,47,116,,,257,76,,310,79,26,91,73,42,86,54,162,133,45,78,34,46,45,39,67,58,15,13,111,82,246,71,,121,,274,93,330,342,358,99,327,354,79,341,338,226,223,130,163,61,172,37,353,342,124,79,169,166,287,29,314,114,318,97,321,69,299,115,185,324,280,93,25,173,87,,,44,197,,198,79,345,58,173,91,232,277,352,244,334,304,294,58,71,79,332,295,230,205,220,210,293,37,110,,133,,254,b'\x11\xe8\xe1I\xc6gSZ\xaf\x82\x12\xdf\x17\xaeN\x1e'
11E8E149-C66B-A716-AF82-12DF17AE4E1E,2010-ncaa-d0-natl,ncaa,197,224,122,217,128,131,123,77,228,63,23,258,307,307,246,330,59,42,264,41,175,60,48,281,278,248,303,325,61,39,97,120,272,62,203,228,312,259,155,257,90,133,72,97,,,190,70,,,228,64,32,24,114,105,39,42,8,314,317,51,27,26,23,15,21,106,34,251,246,88,60,,172,,,226,294,293,285,183,283,289,167,229,229,208,158,242,216,264,217,144,284,290,175,185,162,162,167,164,312,272,313,97,325,203,262,166,71,142,161,262,175,202,91,,,75,207,,,228,277,224,189,225,293,301,321,281,305,223,222,237,209,211,315,326,311,306,323,254,75,241,194,,72,,,b'\x11\xe8\xe1I\xc6k\xa7\x16\xaf\x82\x12\xdf\x17\xaeN\x1e'
11E8E149-C66B-A716-AF82-12DF17AE4E1E,2010-ncaa-d1-conf-Sun Belt,ncaa,8,8,4,8,4,4,4,2,8,4,1,10,11,12,9,13,3,2,10,2,5,2,3,10,10,8,11,13,4,2,3,5,11,2,8,6,9,9,6,7,3,5,3,3,,,7,4,,,6,3,3,5,5,5,2,3,1,10,12,3,2,2,2,2,2,4,2,7,7,3,3,,7,,,6,11,10,11,5,6,8,6,13,12,6,12,9,8,12,8,7,11,11,5,5,4,10,10,8,12,11,11,3,11,8,12,13,4,4,8,9,7,12,8,,,3,8,,,6,11,7,4,7,11,8,10,7,8,12,12,9,8,8,11,11,12,10,11,12,3,9,12,,4,,,b'\x11\xe8\xe1I\xc6k\xa7\x16\xaf\x82\x12\xdf\x17\xaeN\x1e'
11E8E149-C66B-A716-AF82-12DF17AE4E1E,2010-ncaa-d1-natl,ncaa,206,223,134,223,140,141,134,81,232,66,24,268,310,309,248,329,65,48,262,47,177,64,49,284,280,251,305,324,60,43,99,129,274,72,212,241,314,248,157,259,98,140,74,98,,,175,74,,,233,72,33,24,117,110,41,43,8,312,317,51,27,26,25,15,23,111,35,256,246,92,60,,170,,,231,288,285,280,186,279,284,172,221,221,210,157,228,203,265,207,146,280,287,182,189,170,157,164,165,311,274,308,99,323,212,257,167,82,151,165,252,176,193,92,,,84,204,,,233,269,227,202,229,297,304,322,286,305,224,224,237,207,209,318,325,314,309,327,256,78,244,197,,71,,,b'\x11\xe8\xe1I\xc6k\xa7\x16\xaf\x82\x12\xdf\x17\xaeN\x1e'
11E8E149-C66B-A716-AF82-12DF17AE4E1E,2011-ncaa-d0-natl,ncaa,137,134,119,140,120,207,190,118,266,138,101,234,273,203,334,229,203,128,331,126,192,113,131,286,309,264,280,273,173,77,132,196,226,124,218,266,313,130,113,251,54,46,188,202,,,109,77,,,145,153,239,6,251,228,128,157,106,286,214,228,124,125,116,135,75,227,122,294,127,53,196,,93,,,145,58,137,171,124,210,200,214,42,128,4,156,34,38,86,43,38,129,202,84,53,19,17,61,50,210,226,279,132,271,218,39,20,44,30,13,67,55,129,88,,,164,193,,,145,200,245,30,139,60,128,138,198,189,36,119,25,28,33,86,190,202,276,262,35,34,62,119,,177,,,b'\x11\xe8\xe1I\xc6k\xa7\x16\xaf\x82\x12\xdf\x17\xaeN\x1e'
11E8E149-C66B-A716-AF82-12DF17AE4E1E,2011-ncaa-d1-conf-Sun Belt,ncaa,4,5,2,6,2,3,3,2,7,2,2,7,8,4,11,6,2,2,11,2,5,2,2,7,8,7,10,7,6,2,5,5,8,3,5,7,8,8,5,7,1,2,4,4,,,7,5,,,5,2,7,1,5,5,3,6,5,9,5,6,4,4,4,5,3,7,4,7,6,2,4,,5,,,5,7,7,11,5,7,10,7,6,10,4,8,2,3,5,3,1,10,11,4,4,3,3,7,2,9,8,11,5,12,5,7,8,1,1,4,9,6,7,5,,,4,12,,,5,11,6,2,4,4,6,6,5,4,6,8,1,2,2,4,7,6,8,8,6,2,8,6,,9,,,b'\x11\xe8\xe1I\xc6k\xa7\x16\xaf\x82\x12\xdf\x17\xaeN\x1e'
11E8E149-C66B-A716-AF82-12DF17AE4E1E,2011-ncaa-d1-natl,ncaa,128,133,95,140,96,199,188,105,271,132,89,245,256,199,331,229,176,104,328,106,170,98,105,289,308,267,266,269,149,66,122,189,244,110,217,271,317,145,113,253,48,39,185,206,,,117,78,,,144,138,244,5,253,236,132,168,108,284,214,210,111,113,114,137,64,242,128,305,126,48,200,,87,,,144,71,157,188,132,232,222,221,43,139,4,153,33,37,75,42,36,144,234,86,57,20,15,58,44,235,244,296,122,294,217,38,20,38,28,10,72,48,130,90,,,129,177,,,144,226,244,32,135,56,126,136,198,187,32,116,25,27,31,79,186,211,278,261,34,39,59,113,,155,,,b'\x11\xe8\xe1I\xc6k\xa7\x16\xaf\x82\x12\xdf\x17\xaeN\x1e'
11E8E149-C66B-A716-AF82-12DF17AE4E1E,2012-ncaa-d0-natl,ncaa,221,228,163,229,215,237,226,220,221,207,241,151,215,148,316,117,237,242,153,250,203,232,265,233,233,191,201,188,174,251,272,331,336,322,334,288,302,56,117,234,203,180,295,300,,,24,25,,,266,262,253,217,250,230,217,202,240,211,136,240,248,257,246,279,255,338,335,298,66,197,303,,29,,,263,185,255,117,327,286,127,329,137,124,199,184,24,19,214,18,26,77,130,319,306,247,23,127,17,229,336,192,272,213,334,115,35,101,59,85,48,106,114,158,,,239,163,,,266,97,211,269,256,219,286,137,296,167,154,143,30,26,25,91,141,255,234,257,142,75,78,126,,233,,,b'\x11\xe8\xe1I\xc6k\xa7\x16\xaf\x82\x12\xdf\x17\xaeN\x1e'
11E8E149-C66B-A716-AF82-12DF17AE4E1E,2012-ncaa-d1-conf-Sun Belt,ncaa,9,9,8,9,10,10,10,8,8,8,7,7,8,3,12,5,8,10,2,10,9,8,10,9,9,7,7,7,6,9,10,12,11,12,11,8,7,1,1,5,5,4,6,6,,,1,1,,,10,11,9,5,9,8,4,8,6,8,3,8,9,9,5,9,9,12,12,7,1,4,6,,1,,,10,8,10,1,12,10,1,12,7,4,9,8,2,1,11,1,1,1,2,12,12,10,2,5,2,7,11,8,10,8,11,9,9,2,2,9,2,3,9,9,,,10,9,,,10,1,8,10,10,10,11,6,11,5,7,8,3,2,2,3,6,9,9,9,10,2,2,10,,10,,,b'\x11\xe8\xe1I\xc6k\xa7\x16\xaf\x82\x12\xdf\x17\xaeN\x1e'
11E8E149-C66B-A716-AF82-12DF17AE4E1E,2012-ncaa-d1-natl,ncaa,234,227,196,238,257,259,250,248,230,233,266,159,225,152,315,116,251,265,153,276,205,260,297,239,238,199,197,189,172,267,276,340,338,333,335,301,302,40,120,242,220,190,304,302,,,19,28,,,270,293,253,210,257,237,225,211,245,211,136,241,249,261,249,282,258,340,337,303,68,201,305,,28,,,271,168,243,87,331,272,110,332,127,105,202,179,20,15,218,14,27,50,91,323,311,250,23,126,17,212,338,169,276,189,335,104,36,112,63,97,41,110,105,163,,,259,161,,,270,67,217,271,265,222,288,137,301,172,159,145,32,28,26,95,138,259,238,260,149,79,77,128,,234,,,b'\x11\xe8\xe1I\xc6k\xa7\x16\xaf\x82\x12\xdf\x17\xaeN\x1e'
11E8E149-C66B-A716-AF82-12DF17AE4E1E,2013-ncaa-d0-natl,ncaa,164,145,183,160,236,186,173,297,29,116,223,27,284,290,237,263,144,139,200,142,74,275,267,63,53,107,288,291,109,305,249,222,291,292,239,268,319,197,270,278,216,212,260,291,,,76,87,,,142,234,213,267,171,151,318,86,220,283,290,115,106,107,295,272,308,215,296,275,218,209,250,,100,,,141,99,210,201,196,277,243,250,20,96,5,95,21,26,134,26,18,150,143,135,84,109,4,20,34,268,291,30,249,103,239,23,2,212,213,61,264,305,9,20,,,174,70,,,142,105,140,159,141,138,243,258,304,300,27,112,37,35,37,192,174,290,42,124,26,200,273,19,,160,,,b'\x11\xe8\xe1I\xc6k\xa7\x16\xaf\x82\x12\xdf\x17\xaeN\x1e'
11E8E149-C66B-A716-AF82-12DF17AE4E1E,2013-ncaa-d1-conf-Sun Belt,ncaa,5,4,8,5,9,8,8,11,1,8,10,1,7,8,4,7,6,7,6,7,2,11,11,1,1,2,7,7,4,11,8,7,11,10,8,8,6,6,9,5,9,8,7,8,,,2,2,,,3,10,6,8,6,7,11,6,10,7,7,4,4,4,11,11,11,6,10,8,7,8,7,,2,,,3,4,5,9,5,7,9,5,3,5,1,3,2,2,1,2,2,6,3,4,3,3,1,2,1,10,11,1,8,3,8,3,2,10,10,4,9,11,1,4,,,10,5,,,3,2,3,5,3,5,6,9,9,11,3,6,2,2,2,8,6,10,1,6,3,10,10,2,,9,,,b'\x11\xe8\xe1I\xc6k\xa7\x16\xaf\x82\x12\xdf\x17\xaeN\x1e'
11E8E149-C66B-A716-AF82-12DF17AE4E1E,2013-ncaa-d1-natl,ncaa,171,145,210,162,274,205,188,317,32,129,246,27,288,294,239,265,153,151,199,154,72,298,290,64,53,109,287,290,104,314,253,243,293,307,243,283,317,182,272,281,226,221,271,292,,,65,87,,,150,264,214,267,177,157,320,89,223,283,290,112,106,108,297,274,310,218,300,279,221,217,256,,99,,,150,78,194,188,203,271,229,253,17,83,4,94,19,23,136,23,18,122,110,140,92,122,4,20,34,256,293,20,253,78,243,16,2,231,219,66,251,307,9,20,,,199,64,,,150,77,145,166,151,140,247,259,305,301,27,111,38,36,37,196,172,293,41,128,26,208,276,19,,156,,,b'\x11\xe8\xe1I\xc6k\xa7\x16\xaf\x82\x12\xdf\x17\xaeN\x1e'
11E8E149-C66B-A716-AF82-12DF17AE4E1E,2014-ncaa-d0-natl,ncaa,61,88,28,80,42,36,33,63,31,32,49,49,158,187,74,254,38,26,214,29,90,50,51,52,55,54,240,239,125,55,47,115,131,78,63,103,260,244,129,149,68,87,171,237,,,297,232,,,62,62,180,239,60,55,171,48,120,200,246,65,51,54,127,154,109,254,177,173,139,111,218,,198,,,66,285,298,256,257,313,316,186,129,71,320,26,232,222,238,215,107,255,285,220,230,175,59,67,179,183,131,124,47,150,63,125,18,53,80,48,126,62,26,8,,,21,46,,,62,292,37,139,65,146,183,85,228,246,66,23,154,147,141,81,131,82,26,27,56,98,71,11,,45,,,b'\x11\xe8\xe1I\xc6k\xa7\x16\xaf\x82\x12\xdf\x17\xaeN\x1e'
11E8E149-C66B-A716-AF82-12DF17AE4E1E,2014-ncaa-d1-conf-Sun Belt,ncaa,1,1,1,1,2,1,1,2,1,1,2,1,4,6,2,8,4,2,8,2,5,2,2,1,1,1,9,7,7,1,3,1,2,1,2,1,6,4,4,2,2,2,2,4,,,2,1,,,1,3,6,8,2,2,5,2,4,6,6,5,3,3,3,5,5,5,5,2,3,3,2,,1,,,1,7,7,8,6,8,9,2,8,4,10,4,2,2,4,2,1,7,9,7,3,2,3,8,1,4,2,5,3,4,2,3,3,2,4,4,4,4,2,2,,,3,6,,,1,9,1,3,1,3,4,4,4,6,5,3,1,1,1,4,4,2,3,2,3,4,4,2,,4,,,b'\x11\xe8\xe1I\xc6k\xa7\x16\xaf\x82\x12\xdf\x17\xaeN\x1e'
11E8E149-C66B-A716-AF82-12DF17AE4E1E,2014-ncaa-d1-natl,ncaa,67,88,33,81,47,40,35,76,34,35,57,52,164,197,77,255,40,29,213,32,93,57,59,53,55,57,242,241,125,61,49,138,136,91,64,114,265,225,132,154,80,91,178,239,,,285,234,,,71,69,185,241,60,58,174,51,122,202,247,64,52,54,133,160,116,261,184,183,139,118,222,,198,,,73,274,288,237,269,310,310,191,117,64,324,28,214,207,243,201,110,236,277,231,239,181,59,66,177,161,136,103,49,132,64,116,18,66,83,53,115,63,21,9,,,25,44,,,71,284,40,150,70,150,191,84,235,246,68,23,157,146,141,84,127,83,27,27,58,105,71,12,,45,,,b'\x11\xe8\xe1I\xc6k\xa7\x16\xaf\x82\x12\xdf\x17\xaeN\x1e'
11E8E149-C66B-A716-AF82-12DF17AE4E1E,2015-ncaa-d0-natl,ncaa,43,67,26,66,40,36,34,56,14,22,39,21,209,220,180,282,32,33,140,35,128,49,55,46,40,39,296,296,117,99,127,124,282,101,174,114,310,206,105,153,116,179,256,316,,,183,57,,,65,41,159,252,45,34,161,20,83,256,275,56,57,60,135,180,193,267,252,191,113,177,294,,78,,,71,315,336,316,275,341,332,247,142,142,180,48,95,97,134,91,14,308,317,233,194,163,10,66,26,312,282,186,127,267,174,122,5,78,133,54,195,113,245,135,,,33,84,,,65,306,42,190,74,181,292,243,315,315,71,56,43,43,40,175,198,246,54,97,51,128,118,181,,87,,,b'\x11\xe8\xe1I\xc6k\xa7\x16\xaf\x82\x12\xdf\x17\xaeN\x1e'
11E8E149-C66B-A716-AF82-12DF17AE4E1E,2015-ncaa-d1-conf-Sun Belt,ncaa,2,2,1,2,1,1,2,2,2,2,2,1,7,7,4,8,1,1,3,1,3,2,2,2,2,2,8,9,2,4,6,2,8,3,6,2,6,4,4,2,7,8,9,10,,,2,1,,,2,2,4,7,2,2,5,2,3,7,8,2,2,2,4,6,8,7,6,4,3,8,9,,1,,,2,10,11,11,8,11,11,8,6,6,3,4,1,1,7,1,1,11,10,7,6,7,1,3,1,10,8,7,6,7,6,5,1,5,6,4,3,3,4,4,,,2,3,,,2,10,2,7,2,5,9,9,10,10,3,5,1,1,1,6,5,7,2,4,3,7,3,3,,3,,,b'\x11\xe8\xe1I\xc6k\xa7\x16\xaf\x82\x12\xdf\x17\xaeN\x1e'
11E8E149-C66B-A716-AF82-12DF17AE4E1E,2015-ncaa-d1-natl,ncaa,36,67,15,64,24,29,26,48,15,15,26,22,209,214,152,280,25,31,137,34,138,42,45,43,34,38,294,294,124,98,130,108,282,96,173,107,309,224,111,152,117,175,252,312,,,194,57,,,55,32,166,257,48,34,170,20,88,249,275,64,69,73,143,185,199,269,254,182,116,178,294,,76,,,63,316,338,325,269,344,338,244,133,130,177,41,101,103,154,90,14,318,322,229,184,164,10,58,31,316,282,194,130,270,173,113,6,67,127,54,207,122,234,124,,,32,87,,,55,318,41,176,65,174,277,237,314,314,68,49,44,41,39,162,189,238,47,87,46,129,126,172,,95,,,b'\x11\xe8\xe1I\xc6k\xa7\x16\xaf\x82\x12\xdf\x17\xaeN\x1e'
11E8E149-C66B-A716-AF82-12DF17AE4E1E,2016-ncaa-d0-natl,ncaa,17,17,38,19,69,22,17,37,23,23,46,19,55,89,35,164,130,166,66,166,277,45,63,22,23,16,224,154,307,85,97,125,233,102,129,41,200,93,34,35,43,76,136,206,,,130,42,,,16,60,120,279,19,16,48,26,95,77,127,183,233,235,70,135,136,237,185,51,40,65,169,,59,,,14,203,273,280,173,305,303,180,106,136,85,80,50,67,108,61,24,247,298,133,98,43,24,89,39,286,233,190,97,244,129,110,19,20,30,20,82,37,189,86,,,67,139,,,16,295,13,50,13,98,186,171,237,252,66,68,29,31,28,120,233,201,77,111,58,27,49,132,,123,,,b'\x11\xe8\xe1I\xc6k\xa7\x16\xaf\x82\x12\xdf\x17\xaeN\x1e'
11E8E149-C66B-A716-AF82-12DF17AE4E1E,2016-ncaa-d1-conf-Sun Belt,ncaa,1,1,3,1,4,2,2,2,1,1,3,1,2,3,1,5,3,5,3,5,11,2,2,1,1,1,7,3,11,3,5,3,9,2,5,1,2,1,1,1,2,3,3,5,,,2,1,,,1,2,3,6,2,1,2,1,3,2,4,5,8,8,2,4,3,5,2,1,1,2,4,,2,,,1,7,8,10,4,9,10,5,4,5,3,2,2,2,1,2,1,9,10,5,2,3,1,3,1,8,9,8,5,9,5,5,2,3,3,2,3,2,5,3,,,4,5,,,1,10,1,3,1,7,7,9,8,10,2,3,1,2,2,6,8,8,5,6,5,2,3,5,,3,,,b'\x11\xe8\xe1I\xc6k\xa7\x16\xaf\x82\x12\xdf\x17\xaeN\x1e'
11E8E149-C66B-A716-AF82-12DF17AE4E1E,2016-ncaa-d1-natl,ncaa,19,17,51,20,90,26,19,48,24,28,56,20,64,96,35,164,148,183,64,188,272,55,77,22,24,16,220,154,304,101,103,150,243,127,141,45,208,66,33,35,54,81,151,210,,,103,45,,,17,72,121,281,23,19,52,27,97,79,126,183,232,238,72,138,147,247,198,52,41,72,175,,60,,,15,180,254,259,184,297,293,191,92,112,92,80,42,58,110,53,24,217,286,149,111,53,22,87,40,271,243,162,103,219,141,97,19,24,37,28,65,39,174,88,,,83,138,,,17,285,14,60,15,105,195,177,246,251,69,66,30,32,29,121,228,210,83,115,61,30,54,139,,124,,,b'\x11\xe8\xe1I\xc6k\xa7\x16\xaf\x82\x12\xdf\x17\xaeN\x1e'
11E8E149-C66B-A716-AF82-12DF17AE4E1E,2017-ncaa-d0-natl,ncaa,302,332,74,314,99,178,211,120,301,216,97,329,165,198,77,239,95,72,251,73,110,103,62,295,291,301,91,159,56,123,214,201,347,163,324,285,320,336,301,329,262,327,148,238,,,231,82,,,321,54,50,220,247,279,184,269,136,184,232,116,81,87,168,73,151,291,246,324,314,293,165,,176,,,315,336,339,320,279,347,329,284,157,207,92,73,211,184,294,183,51,319,316,224,225,236,22,47,84,346,347,320,214,342,324,308,121,98,211,211,347,331,328,297,,,32,53,,,321,297,302,295,312,317,331,334,341,341,124,165,164,127,126,325,333,343,283,336,283,127,339,313,,26,,,b'\x11\xe8\xe1I\xc6k\xa7\x16\xaf\x82\x12\xdf\x17\xaeN\x1e'
11E8E149-C66B-A716-AF82-12DF17AE4E1E,2017-ncaa-d1-conf-Sun Belt,ncaa,11,11,3,11,4,6,8,6,8,8,6,10,6,8,4,8,5,4,8,4,3,5,4,8,8,10,4,7,1,8,9,4,11,5,11,11,9,11,11,11,11,11,3,6,,,5,2,,,11,3,2,2,9,10,8,9,7,6,9,5,3,3,7,3,8,5,7,11,12,11,4,,5,,,11,9,11,12,5,12,12,5,5,7,3,3,7,7,11,7,3,11,11,3,3,7,2,2,4,12,11,10,9,12,11,9,4,9,11,10,12,12,12,10,,,4,4,,,11,10,10,11,11,10,11,12,11,12,4,8,8,6,5,12,11,12,10,12,9,10,12,11,,3,,,b'\x11\xe8\xe1I\xc6k\xa7\x16\xaf\x82\x12\xdf\x17\xaeN\x1e'
11E8E149-C66B-A716-AF82-12DF17AE4E1E,2017-ncaa-d1-natl,ncaa,313,331,98,317,122,209,249,151,307,252,123,331,176,218,81,237,110,85,251,87,109,135,82,301,296,304,89,156,54,146,222,249,348,201,331,307,323,330,305,329,285,330,165,238,,,211,85,,,326,71,54,216,264,291,190,282,144,186,231,118,83,89,175,78,156,296,255,332,315,297,169,,179,,,322,331,337,316,289,346,329,291,142,183,99,71,191,162,298,160,54,317,312,239,238,248,21,45,82,344,348,305,222,340,331,297,123,122,216,219,346,334,323,302,,,42,49,,,326,281,307,311,320,323,332,335,342,342,127,168,171,129,126,327,335,343,292,336,292,132,339,316,,29,,,b'\x11\xe8\xe1I\xc6k\xa7\x16\xaf\x82\x12\xdf\x17\xaeN\x1e'
11E8E149-C66B-A716-AF82-12DF17AE4E1E,2018-ncaa-d0-natl,ncaa,170,162,164,174,224,156,166,156,188,119,71,249,255,303,117,314,88,66,210,61,145,136,124,229,211,221,251,282,61,94,104,272,308,200,234,241,312,216,194,258,177,202,112,120,,,238,208,,,221,141,62,278,132,152,116,94,40,255,300,59,39,38,85,62,79,291,189,261,243,169,103,,255,,,220,254,240,179,295,252,197,277,172,142,236,133,226,238,122,233,222,188,225,281,271,209,136,148,201,274,308,160,104,209,234,217,166,74,90,117,261,235,271,193,,,166,194,,,221,207,195,226,221,270,271,210,276,228,189,156,232,249,247,228,287,291,183,234,231,57,274,276,,138,,,b'\x11\xe8\xe1I\xc6k\xa7\x16\xaf\x82\x12\xdf\x17\xaeN\x1e'
11E8E149-C66B-A716-AF82-12DF17AE4E1E,2018-ncaa-d1-conf-Sun Belt,ncaa,8,6,8,8,11,6,6,7,3,4,4,6,8,10,2,10,5,4,5,4,5,6,7,5,4,4,10,9,4,7,7,8,8,8,7,6,9,8,6,6,5,6,4,3,,,9,9,,,6,6,2,11,3,4,5,3,2,8,10,3,3,3,3,2,6,7,5,6,8,4,3,,10,,,6,4,4,3,9,4,5,8,4,2,9,5,8,9,6,9,10,3,6,8,8,5,7,5,8,6,8,6,7,4,7,5,4,3,2,3,9,10,4,3,,,7,6,,,6,7,4,6,5,7,7,5,7,7,5,4,8,10,10,6,10,8,6,6,6,2,9,4,,7,,,b'\x11\xe8\xe1I\xc6k\xa7\x16\xaf\x82\x12\xdf\x17\xaeN\x1e'
11E8E149-C66B-A716-AF82-12DF17AE4E1E,2018-ncaa-d1-natl,ncaa,186,162,213,185,294,192,200,195,205,142,85,264,275,313,119,313,105,88,209,79,143,167,163,236,221,230,248,278,57,115,117,310,313,245,241,279,315,199,199,263,201,207,130,127,,,213,216,,,231,177,63,279,143,162,120,100,45,259,299,62,45,44,87,69,84,300,206,277,248,178,104,,257,,,232,228,223,130,302,240,161,284,163,114,247,131,210,218,127,215,222,143,195,295,290,224,130,145,199,260,313,126,117,176,241,206,167,94,97,127,245,237,259,201,,,203,195,,,231,171,203,241,232,276,276,208,282,233,195,151,233,251,250,231,288,291,186,236,235,61,277,285,,142,,,b'\x11\xe8\xe1I\xc6k\xa7\x16\xaf\x82\x12\xdf\x17\xaeN\x1e'
11E8E149-C66B-A716-AF82-12DF17AE4E1E,2019-ncaa-d0-natl,ncaa,220,224,173,227,208,142,184,230,135,124,110,186,283,314,143,324,11,4,267,4,10,146,135,183,144,157,217,311,4,190,192,281,334,255,300,200,222,225,192,214,167,198,323,338,,,174,126,,,250,125,65,181,110,163,227,98,79,292,318,4,1,1,103,81,175,302,267,194,228,164,325,,206,,,247,292,326,258,325,324,281,301,243,155,327,130,74,60,222,56,33,229,247,323,305,283,56,176,29,305,334,172,192,256,300,318,236,104,129,243,219,201,285,243,,,14,4,,,250,216,164,303,248,325,338,322,338,320,269,170,85,78,73,288,308,321,204,285,327,77,229,295,,3,,,b'\x11\xe8\xe1I\xc6k\xa7\x16\xaf\x82\x12\xdf\x17\xaeN\x1e'
11E8E149-C66B-A716-AF82-12DF17AE4E1E,2019-ncaa-d1-conf-Sun Belt,ncaa,9,9,5,9,7,6,7,9,4,8,7,8,9,10,3,10,1,1,3,1,1,5,5,5,4,3,7,9,1,8,10,9,12,8,10,6,5,7,7,5,7,8,8,9,,,4,5,,,9,5,3,6,4,7,9,7,5,8,10,1,1,1,5,5,8,9,8,5,8,5,8,,6,,,9,9,12,9,11,12,9,10,8,4,11,5,2,2,8,2,2,8,8,11,10,11,2,8,2,11,12,8,10,9,10,12,9,7,7,10,8,10,12,12,,,3,2,,,9,8,4,11,9,10,12,11,12,10,9,5,3,3,2,9,10,11,7,10,12,5,10,12,,1,,,b'\x11\xe8\xe1I\xc6k\xa7\x16\xaf\x82\x12\xdf\x17\xaeN\x1e'
11E8E149-C66B-A716-AF82-12DF17AE4E1E,2019-ncaa-d1-natl,ncaa,222,224,155,227,193,138,183,228,130,114,106,170,294,313,163,321,8,3,269,3,9,147,139,179,136,153,223,320,4,206,215,280,339,269,312,206,221,223,190,215,158,193,319,337,,,179,114,,,251,122,65,180,114,169,239,97,87,296,317,3,1,1,111,87,205,302,285,193,228,152,321,,203,,,249,302,328,271,322,327,294,300,252,169,319,129,84,67,260,63,34,246,260,320,308,282,55,178,30,322,339,182,215,275,312,322,242,92,124,245,236,214,280,240,,,9,3,,,251,216,164,305,250,321,338,323,337,322,270,176,95,79,76,295,311,326,198,294,329,73,239,290,,3,,,b'\x11\xe8\xe1I\xc6k\xa7\x16\xaf\x82\x12\xdf\x17\xaeN\x1e'
11E8E149-C66B-A716-AF82-12DF17AE4E1E,2020-ncaa-d0-natl,ncaa,259,258,191,272,224,204,231,205,253,228,261,175,172,107,305,111,92,57,252,56,31,179,204,246,234,207,105,164,53,283,321,252,311,284,335,215,175,120,137,175,78,89,310,307,,,174,136,,,307,155,69,169,200,219,171,232,255,168,95,80,50,47,126,150,274,251,285,216,147,71,303,,204,,,307,320,312,254,320,249,107,325,346,332,318,336,122,137,96,135,187,238,236,341,326,319,280,329,41,297,311,323,321,323,335,348,348,146,173,336,112,113,274,305,,,138,113,,,307,199,243,328,304,332,330,299,261,126,344,342,144,156,151,286,301,310,337,336,351,136,128,284,,111,,,b'\x11\xe8\xe1I\xc6k\xa7\x16\xaf\x82\x12\xdf\x17\xaeN\x1e'
11E8E149-C66B-A716-AF82-12DF17AE4E1E,2020-ncaa-d1-conf-Sun Belt,ncaa,7,7,5,7,7,7,7,7,10,10,11,6,3,2,11,1,4,5,5,5,3,7,8,8,6,6,2,4,3,12,12,8,10,9,12,7,4,2,2,4,2,2,10,10,,,5,4,,,10,6,4,6,7,7,6,10,11,3,2,4,5,5,5,7,11,7,10,6,4,2,10,,3,,,10,12,12,9,12,6,2,12,12,12,12,12,2,4,2,4,6,8,11,12,12,11,10,12,1,10,10,12,12,12,12,12,12,4,4,11,2,4,11,11,,,9,7,,,10,7,9,11,10,12,12,10,7,2,12,12,3,4,4,8,10,10,12,12,12,3,3,11,,7,,,b'\x11\xe8\xe1I\xc6k\xa7\x16\xaf\x82\x12\xdf\x17\xaeN\x1e'
11E8E149-C66B-A716-AF82-12DF17AE4E1E,2020-ncaa-d1-natl,ncaa,257,257,128,265,197,194,225,178,260,241,253,198,148,93,279,106,82,50,256,51,30,142,148,242,235,212,80,145,59,250,303,233,311,256,328,201,163,165,149,184,80,94,278,285,,,210,157,,,304,110,66,170,189,229,166,246,257,145,88,78,47,49,119,125,252,233,264,205,165,81,285,,220,,,305,325,320,279,318,260,141,323,346,336,315,332,131,155,94,150,182,273,281,334,324,318,273,327,42,307,311,326,303,334,328,348,347,157,197,336,134,126,262,292,,,108,114,,,304,244,240,329,303,332,330,303,267,146,345,340,147,164,160,293,303,310,334,335,350,145,145,271,,105,,,b'\x11\xe8\xe1I\xc6k\xa7\x16\xaf\x82\x12\xdf\x17\xaeN\x1e'
11E8E149-C66B-A716-AF82-12DF17AE4E1E,2021-ncaa-d0-natl,ncaa,265,202,288,268,288,288,293,294,244,295,296,248,258,272,193,181,234,234,204,230,51,290,286,236,225,254,104,176,54,277,201,269,178,280,152,301,250,104,290,303,284,226,269,223,,,59,212,,,215,284,201,40,247,287,276,264,229,208,209,107,87,76,235,174,206,102,140,291,287,222,218,,205,,,222,63,67,64,106,74,66,116,71,74,96,180,60,46,296,45,90,63,58,96,98,145,149,167,153,80,178,57,201,57,152,101,296,295,227,269,99,251,130,273,,,271,125,,,215,55,261,155,238,154,163,220,166,214,157,192,150,113,113,208,163,217,164,186,249,231,252,252,,133,,,b'\x11\xe8\xe1I\xc6k\xa7\x16\xaf\x82\x12\xdf\x17\xaeN\x1e'
11E8E149-C66B-A716-AF82-12DF17AE4E1E,2021-ncaa-d1-conf-Sun Belt,ncaa,10,10,10,10,10,11,12,11,11,12,12,11,9,8,7,5,9,9,8,9,4,10,12,12,10,11,3,4,2,10,6,9,7,8,5,12,10,4,9,11,11,11,7,6,,,2,6,,,9,12,7,1,10,11,9,10,8,7,7,7,6,6,9,7,5,3,4,11,9,11,6,,5,,,10,3,2,3,4,2,3,5,5,5,3,10,2,2,12,2,2,2,1,5,6,8,8,10,3,6,7,3,6,1,5,7,12,11,10,10,5,8,8,9,,,11,8,,,9,1,11,9,10,5,6,8,4,6,8,9,3,2,2,7,6,7,6,6,10,11,8,9,,7,,,b'\x11\xe8\xe1I\xc6k\xa7\x16\xaf\x82\x12\xdf\x17\xaeN\x1e'
11E8E149-C66B-A716-AF82-12DF17AE4E1E,2021-ncaa-d1-natl,ncaa,202,201,206,209,212,193,192,208,150,188,212,132,179,170,213,165,170,157,247,156,98,206,201,153,167,186,172,190,148,152,96,147,104,148,70,187,177,172,206,191,160,119,181,172,,,125,151,,,89,213,162,60,137,145,155,137,170,171,146,130,94,87,132,99,93,47,42,157,229,117,168,,174,,,83,96,105,138,35,103,138,70,127,189,45,252,89,66,277,63,55,131,125,40,37,48,177,212,118,147,104,117,96,117,70,150,286,199,164,184,130,144,155,172,,,214,220,,,89,127,165,47,95,74,99,222,100,169,157,255,79,56,53,182,180,190,160,161,201,160,171,175,,176,,,b'\x11\xe8\xe1I\xc6k\xa7\x16\xaf\x82\x12\xdf\x17\xaeN\x1e'
11E8E149-C66B-A716-AF82-12DF17AE4E1E,2022-ncaa-d0-natl,ncaa,268,210,319,259,332,151,177,238,84,191,244,110,136,189,55,159,103,112,122,108,47,220,256,75,63,63,101,140,84,184,133,297,208,267,183,219,261,41,86,125,211,150,348,346,,,228,314,,,180,264,16,275,16,30,19,59,88,64,90,17,20,19,16,15,72,171,96,117,174,113,344,,334,,,180,201,183,70,343,209,94,345,120,92,252,138,259,282,72,274,316,85,77,339,340,334,132,102,254,78,208,85,133,71,183,222,237,266,206,282,64,103,58,93,,,219,147,,,180,88,48,324,189,347,339,275,339,256,239,223,333,337,336,318,320,215,283,271,331,133,192,129,,50,,,b'\x11\xe8\xe1I\xc6k\xa7\x16\xaf\x82\x12\xdf\x17\xaeN\x1e'
11E8E149-C66B-A716-AF82-12DF17AE4E1E,2022-ncaa-d1-conf-Sun Belt,ncaa,8,8,5,8,8,5,5,5,6,9,9,5,1,2,1,3,5,5,1,5,4,5,6,4,2,1,3,3,6,6,5,7,6,6,8,5,6,2,1,2,5,3,12,12,,,9,11,,,7,6,4,9,2,2,3,9,9,2,3,4,6,6,3,4,5,9,7,5,3,3,12,,10,,,7,9,9,7,11,10,9,11,7,5,10,5,8,9,7,9,8,7,7,11,11,11,4,4,7,3,6,7,5,6,8,11,9,8,7,11,3,2,4,5,,,7,9,,,7,7,1,11,7,12,12,5,12,6,6,5,9,9,9,5,5,4,9,6,11,8,3,5,,7,,,b'\x11\xe8\xe1I\xc6k\xa7\x16\xaf\x82\x12\xdf\x17\xaeN\x1e'
11E8E149-C66B-A716-AF82-12DF17AE4E1E,2022-ncaa-d1-natl,ncaa,235,209,270,235,296,85,96,122,85,123,157,96,87,110,66,138,59,64,127,64,49,107,139,79,68,51,103,136,101,103,117,223,193,173,172,142,235,60,53,97,110,104,313,325,,,294,303,,,116,153,14,275,11,23,14,51,76,53,64,20,24,20,11,17,48,144,62,76,125,67,303,,332,,,113,267,252,151,319,263,156,324,158,143,208,135,295,308,104,300,295,175,181,311,310,302,134,100,258,152,193,207,117,180,172,266,220,159,170,237,81,67,74,59,,,153,195,,,116,193,35,292,126,337,330,273,332,264,210,206,323,330,326,315,327,219,300,285,314,100,142,101,,63,,,b'\x11\xe8\xe1I\xc6k\xa7\x16\xaf\x82\x12\xdf\x17\xaeN\x1e'
11E8E149-C66B-A716-AF82-12DF17AE4E1E,2023-ncaa-d0-natl,ncaa,223,257,116,243,128,100,128,64,262,148,72,288,120,108,160,175,81,110,81,103,184,64,66,250,237,195,116,154,119,69,167,126,309,91,267,184,274,181,90,190,120,191,261,315,,,304,206,,,232,75,36,67,100,120,26,153,63,118,113,84,121,110,30,28,59,127,64,211,170,122,274,,296,,,229,322,319,301,218,337,329,187,133,137,149,48,327,327,218,323,237,318,316,181,202,223,81,43,288,347,309,343,167,349,267,278,156,112,204,207,178,110,240,157,,,170,304,,,232,285,175,270,225,327,315,334,342,356,111,124,322,318,316,343,349,344,339,348,264,122,171,237,,199,,,b'\x11\xe8\xe1I\xc6k\xa7\x16\xaf\x82\x12\xdf\x17\xaeN\x1e'
11E8E149-C66B-A716-AF82-12DF17AE4E1E,2023-ncaa-d1-conf-Sun Belt,ncaa,10,10,1,10,1,2,4,2,13,6,4,13,3,5,5,7,1,6,1,5,8,2,2,10,9,10,5,7,4,4,8,5,14,4,11,9,12,11,6,9,5,7,9,12,,,14,9,,,11,1,4,6,4,5,3,7,6,5,6,3,6,6,3,4,4,9,6,11,8,5,11,,12,,,11,14,14,14,9,14,14,10,6,7,7,3,14,14,14,14,9,14,14,7,12,10,6,2,13,14,14,14,8,14,11,12,8,3,7,6,11,9,12,10,,,6,11,,,11,14,8,12,11,11,11,11,12,13,5,6,14,13,13,11,13,14,10,14,9,6,9,12,,10,,,b'\x11\xe8\xe1I\xc6k\xa7\x16\xaf\x82\x12\xdf\x17\xaeN\x1e'
11E8E149-C66B-A716-AF82-12DF17AE4E1E,2023-ncaa-d1-natl,ncaa,219,257,103,245,109,99,112,43,261,132,58,277,121,99,178,173,84,121,72,115,207,46,50,254,240,198,135,165,126,55,160,116,309,65,261,192,285,181,87,190,104,172,258,314,,,304,204,,,232,52,35,68,93,109,20,136,59,131,114,88,128,122,22,27,59,102,60,210,167,115,274,,297,,,227,329,322,317,208,340,339,186,142,156,144,62,327,330,222,328,236,329,326,179,204,222,93,53,284,348,309,347,160,354,261,279,152,106,200,205,183,99,232,142,,,176,317,,,232,311,181,267,224,327,316,335,337,354,122,138,320,319,318,345,348,344,340,347,258,121,165,227,,207,,,b'\x11\xe8\xe1I\xc6k\xa7\x16\xaf\x82\x12\xdf\x17\xaeN\x1e'
11E8E149-C66B-A716-AF82-12DF17AE4E1E,2024-ncaa-d0-natl,ncaa,225,209,258,228,266,207,243,261,217,281,302,178,152,130,191,91,97,134,56,127,39,247,293,182,148,121,52,119,42,226,188,231,191,230,186,291,310,28,82,202,248,203,331,321,,,49,117,,,175,294,271,87,159,220,233,268,277,126,93,56,83,77,193,253,184,162,180,293,64,215,326,,101,,,176,112,139,120,219,121,83,252,199,216,171,295,43,30,260,27,81,93,71,236,218,253,179,260,58,131,191,89,188,94,186,167,203,283,232,257,6,17,24,64,,,222,119,,,175,69,124,264,176,194,227,215,198,130,264,276,87,68,62,174,122,196,185,190,231,250,17,34,,163,,,b'\x11\xe8\xe1I\xc6k\xa7\x16\xaf\x82\x12\xdf\x17\xaeN\x1e'
11E8E149-C66B-A716-AF82-12DF17AE4E1E,2024-ncaa-d1-conf-Sun Belt,ncaa,10,10,11,10,11,12,13,13,11,13,14,7,5,4,9,4,9,11,3,11,4,13,14,9,8,5,4,4,2,11,10,11,3,11,6,13,12,1,5,9,12,10,12,11,,,1,1,,,10,14,13,4,11,12,12,13,14,4,4,8,10,10,12,13,11,9,10,12,3,11,12,,1,,,10,2,4,4,10,4,4,11,7,6,10,11,1,1,11,1,1,2,1,11,11,13,5,11,1,1,3,2,10,2,6,6,12,14,9,14,1,2,2,8,,,14,9,,,10,1,5,11,8,4,6,6,7,5,10,8,1,1,1,4,2,3,5,3,12,13,2,3,,14,,,b'\x11\xe8\xe1I\xc6k\xa7\x16\xaf\x82\x12\xdf\x17\xaeN\x1e'
11E8E149-C66B-A716-AF82-12DF17AE4E1E,2024-ncaa-d1-natl,ncaa,235,211,254,233,269,216,243,270,194,276,306,165,146,135,185,85,116,152,57,142,55,249,303,166,140,111,55,119,57,232,196,235,194,237,186,293,312,22,73,188,218,167,307,286,,,42,91,,,153,312,272,88,153,212,223,255,276,119,93,67,105,100,193,257,189,166,184,290,65,183,296,,86,,,151,91,122,113,202,97,73,237,199,226,138,304,35,20,267,18,74,75,62,211,193,214,179,268,53,133,194,95,196,92,186,167,210,262,206,238,4,12,34,77,,,246,151,,,153,57,113,228,147,174,207,205,181,121,251,281,74,48,43,151,122,197,178,187,222,218,10,41,,196,,,b'\x11\xe8\xe1I\xc6k\xa7\x16\xaf\x82\x12\xdf\x17\xaeN\x1e'
11E8E149-C66B-A716-AF82-12DF17AE4E1E,2025-ncaa-d0-natl,genius_ncaa,96,77,135,92,144,93,115,49,279,290,288,225,8,3,151,2,157,129,255,127,39,54,56,178,197,161,3,1,259,41,126,133,276,80,240,114,136,228,104,141,28,41,102,161,,,246,123,,153,117,66,14,71,61,100,13,319,315,1,1,165,129,128,14,9,31,134,42,100,209,25,103,,242,,144,116,253,274,265,214,323,314,206,64,93,76,36,244,246,185,251,138,271,301,152,149,98,30,25,200,306,276,345,126,333,240,305,265,37,60,121,253,151,335,355,,,157,311,,201,117,298,128,114,123,254,285,292,330,342,63,77,238,236,239,300,350,305,349,347,300,25,241,333,,177,,211,b'\x11\xe8\xe1I\xc6k\xa7\x16\xaf\x82\x12\xdf\x17\xaeN\x1e'
11E8E149-C66B-A716-AF82-12DF17AE4E1E,2025-ncaa-d1-conf-Sun Belt,genius_ncaa,2,2,4,2,4,4,5,2,10,11,13,7,1,1,5,1,9,10,6,9,3,3,3,6,6,4,2,1,11,4,5,3,9,3,6,3,2,7,5,3,3,3,3,5,,,8,4,,7,3,4,2,5,3,4,2,13,12,1,1,10,11,11,2,2,3,3,4,3,8,2,3,,8,,7,3,6,6,11,3,10,13,3,2,5,3,2,7,7,11,7,2,11,11,3,3,2,3,2,8,10,9,12,5,12,6,9,9,3,4,3,9,5,13,13,,,10,13,,8,3,11,4,2,3,4,8,12,11,14,1,4,7,6,6,13,13,11,13,13,9,2,9,13,,11,,9,b'\x11\xe8\xe1I\xc6k\xa7\x16\xaf\x82\x12\xdf\x17\xaeN\x1e'
11E8E149-C66B-A716-AF82-12DF17AE4E1E,2025-ncaa-d1-natl,genius_ncaa,95,77,113,89,117,87,115,42,293,297,289,246,6,2,147,2,168,146,264,142,44,49,50,185,203,168,3,1,266,38,129,134,281,76,250,111,137,223,101,146,38,47,93,166,,,238,116,,147,115,59,18,70,68,108,14,327,316,1,1,180,148,142,15,11,32,145,47,108,202,31,101,,227,,142,115,266,289,276,213,335,324,217,58,84,61,38,238,239,183,247,128,282,305,153,150,99,24,22,193,308,281,351,129,346,250,314,266,38,68,128,257,155,344,355,,,161,315,,197,115,304,130,118,118,251,282,288,331,341,54,72,226,226,233,295,348,306,351,350,305,30,246,334,,184,,216,b'\x11\xe8\xe1I\xc6k\xa7\x16\xaf\x82\x12\xdf\x17\xaeN\x1e'
11E8E149-C66B-A716-AF82-12DF17AE4E1E,2025-ncaa-d1-ncaatournament,genius_ncaa,37,2,37,37,38,66,66,38,67,67,64,67,47,26,63,2,64,66,1,66,65,42,39,67,67,66,4,1,54,39,44,62,49,52,61,66,52,25,47,65,60,58,61,62,,,4,2,,9,68,37,10,7,66,66,8,67,63,31,2,63,66,66,18,7,18,62,49,66,57,57,61,,4,,13,68,29,29,24,67,28,12,66,42,30,61,59,11,9,56,9,23,22,18,67,67,67,42,59,11,12,49,32,44,28,61,44,64,54,49,65,30,60,53,68,,,65,65,,62,68,23,66,67,68,65,65,55,63,29,67,61,25,14,14,50,44,29,67,64,68,43,61,68,,65,,62,b'\x11\xe8\xe1I\xc6k\xa7\x16\xaf\x82\x12\xdf\x17\xaeN\x1e'
11E8E149-C66B-A716-AF82-12DF17AE4E1E,2026-ncaa-d0-natl,genius_ncaa,55,80,49,81,55,61,77,33,208,140,175,134,7,1,171,10,79,55,281,54,35,32,25,146,168,158,13,16,225,31,147,228,250,128,283,106,244,323,151,203,5,12,306,343,,,360,335,,305,115,29,15,62,60,102,21,238,301,8,2,126,83,86,16,7,44,349,249,149,248,9,346,,350,,271,123,321,298,199,331,311,235,317,214,139,294,62,357,357,240,357,347,247,326,329,345,171,199,66,342,210,250,351,147,326,283,316,298,1,3,36,311,163,321,317,,,56,224,,46,115,334,148,134,126,253,199,16,235,82,97,42,340,336,337,74,323,114,329,274,263,2,252,287,,95,,83,b'\x11\xe8\xe1I\xc6k\xa7\x16\xaf\x82\x12\xdf\x17\xaeN\x1e'
11E8E149-C66B-A716-AF82-12DF17AE4E1E,2026-ncaa-d1-natl,genius_ncaa,38,80,13,79,18,29,52,11,227,144,171,152,2,1,162,10,66,29,291,32,31,10,5,156,176,164,9,15,216,21,158,226,276,104,300,85,244,334,147,204,3,10,326,346,,,360,326,,310,112,7,15,73,59,100,22,261,313,7,1,119,82,86,16,9,51,351,258,162,239,10,349,,344,,274,123,341,315,219,329,322,266,304,238,147,323,59,356,355,284,353,332,274,352,324,340,152,212,82,335,255,276,353,158,344,300,329,296,1,5,32,323,157,331,329,,,31,224,,26,112,357,151,132,134,259,198,29,227,102,119,39,337,333,333,77,330,139,338,292,266,1,249,293,,107,,58,b'\x11\xe8\xe1I\xc6k\xa7\x16\xaf\x82\x12\xdf\x17\xaeN\x1e'
11E8E149-C670-37FE-AF82-12DF17AE4E1E,2010-ncaa-d0-natl,ncaa,262,224,288,260,295,325,315,314,306,316,316,280,234,195,297,86,338,339,213,338,318,323,334,297,308,293,178,104,290,270,219,305,266,305,255,328,279,39,217,276,323,279,187,153,,,29,161,,,256,339,337,97,327,313,287,310,281,209,141,331,334,334,314,328,227,266,264,320,127,303,162,,85,,,261,10,14,25,79,23,65,37,47,24,290,66,67,62,201,62,145,13,11,79,81,107,186,164,215,118,266,57,219,62,255,3,24,309,193,58,50,207,116,242,,,329,215,,,256,8,290,147,261,40,43,57,62,151,95,39,133,119,120,51,31,238,167,203,13,261,128,170,,308,,,b'\x11\xe8\xe1I\xc6p7\xfe\xaf\x82\x12\xdf\x17\xaeN\x1e'
11E8E149-C670-37FE-AF82-12DF17AE4E1E,2010-ncaa-d1-conf-Patriot,ncaa,5,4,5,5,6,7,8,6,8,8,7,8,5,5,7,3,6,6,4,6,5,6,7,8,8,7,3,3,4,4,4,7,6,6,6,8,8,3,4,7,5,5,4,4,,,3,5,,,5,8,6,2,7,8,5,7,6,5,4,6,6,6,5,5,3,6,5,8,4,5,4,,4,,,5,1,1,2,3,1,4,1,1,1,8,1,6,5,6,6,6,2,2,3,4,3,6,2,8,4,6,5,4,5,6,1,1,4,3,2,3,3,7,8,,,5,4,,,5,1,6,3,5,4,3,3,3,6,3,1,6,6,6,4,4,6,7,7,1,3,3,7,,4,,,b'\x11\xe8\xe1I\xc6p7\xfe\xaf\x82\x12\xdf\x17\xaeN\x1e'
11E8E149-C670-37FE-AF82-12DF17AE4E1E,2010-ncaa-d1-natl,ncaa,250,223,276,250,286,329,321,315,309,320,319,282,225,180,297,79,340,342,194,340,311,325,337,299,306,295,162,103,278,270,230,296,263,305,257,329,283,61,228,282,313,268,187,162,,,38,168,,,251,339,335,100,329,319,291,312,285,202,134,334,336,336,315,327,233,269,269,325,134,298,167,,91,,,254,9,10,21,78,24,79,38,40,21,285,54,89,83,190,85,155,15,9,68,83,97,182,142,238,124,263,74,230,78,257,3,23,289,175,46,65,208,119,234,,,327,220,,,251,8,296,131,259,36,37,47,61,150,78,30,140,135,136,43,30,222,170,198,11,245,130,160,,309,,,b'\x11\xe8\xe1I\xc6p7\xfe\xaf\x82\x12\xdf\x17\xaeN\x1e'
11E8E149-C670-37FE-AF82-12DF17AE4E1E,2011-ncaa-d0-natl,ncaa,208,175,288,207,303,323,317,317,302,322,310,307,222,224,199,121,331,331,265,329,282,321,328,282,297,277,122,89,254,270,216,288,103,295,183,288,139,42,216,226,277,198,65,31,,,20,119,,,181,333,325,160,324,310,285,313,274,183,178,325,320,320,311,319,222,239,256,275,123,253,30,,40,,,181,6,6,16,41,12,55,12,37,11,319,31,29,18,273,16,48,10,10,38,42,44,148,168,175,18,103,54,216,22,183,9,107,281,125,76,104,248,116,226,,,325,230,,,181,11,278,41,185,16,25,37,38,160,72,15,62,38,37,20,15,62,162,114,26,226,175,180,,312,,,b'\x11\xe8\xe1I\xc6p7\xfe\xaf\x82\x12\xdf\x17\xaeN\x1e'
11E8E149-C670-37FE-AF82-12DF17AE4E1E,2011-ncaa-d1-conf-Patriot,ncaa,5,4,5,5,7,8,7,7,7,8,7,7,5,5,7,5,8,8,7,8,6,7,8,7,7,6,5,4,7,5,3,8,4,8,4,7,7,1,4,5,5,4,1,1,,,3,5,,,4,8,7,7,8,7,6,7,6,5,5,8,7,7,6,7,3,8,8,7,3,5,1,,3,,,4,1,1,1,3,1,2,1,1,1,8,1,3,3,6,3,4,1,1,1,2,2,6,3,7,1,4,3,3,2,4,1,2,5,2,1,2,4,4,5,,,8,6,,,4,1,5,2,4,1,1,1,1,4,2,1,5,5,5,1,2,2,4,4,1,4,3,4,,7,,,b'\x11\xe8\xe1I\xc6p7\xfe\xaf\x82\x12\xdf\x17\xaeN\x1e'
11E8E149-C670-37FE-AF82-12DF17AE4E1E,2011-ncaa-d1-natl,ncaa,206,172,279,206,299,321,319,317,295,318,307,305,216,210,197,119,331,329,271,330,287,324,331,280,298,276,131,90,269,270,225,283,91,289,185,285,154,47,210,226,280,207,53,27,,,18,117,,,177,335,326,162,325,310,287,311,276,184,178,328,319,320,312,320,232,228,252,278,112,261,26,,40,,,180,5,5,14,42,10,66,11,45,13,325,36,28,21,252,16,42,5,5,40,41,42,150,179,156,20,91,74,225,27,185,8,93,278,132,79,102,237,112,221,,,328,252,,,177,8,276,44,181,13,25,38,34,158,75,16,49,35,34,20,15,58,166,118,25,232,167,167,,317,,,b'\x11\xe8\xe1I\xc6p7\xfe\xaf\x82\x12\xdf\x17\xaeN\x1e'
11E8E149-C670-37FE-AF82-12DF17AE4E1E,2012-ncaa-d0-natl,ncaa,198,174,240,200,278,288,285,285,249,273,251,273,215,241,141,176,275,269,198,262,207,289,319,246,253,208,150,148,166,248,203,245,60,261,136,311,285,20,98,224,250,177,292,267,,,100,284,,,159,322,318,262,285,285,270,266,223,191,222,250,253,246,273,318,226,201,226,311,45,239,290,,150,,,159,17,19,23,128,29,31,140,77,86,107,200,35,68,33,63,171,21,14,123,101,121,163,192,137,19,60,71,203,34,136,40,170,288,189,172,19,81,59,112,,,284,157,,,159,19,203,114,156,37,42,37,56,39,113,120,61,100,99,27,13,34,144,79,80,276,44,88,,272,,,b'\x11\xe8\xe1I\xc6p7\xfe\xaf\x82\x12\xdf\x17\xaeN\x1e'
11E8E149-C670-37FE-AF82-12DF17AE4E1E,2012-ncaa-d1-conf-Patriot,ncaa,5,4,5,4,6,6,7,7,7,8,7,7,4,6,4,2,5,5,4,4,2,7,8,5,5,5,2,2,3,6,5,6,5,7,7,8,8,1,2,6,6,5,7,7,,,4,8,,,5,8,7,3,6,7,6,7,7,3,5,4,4,3,6,7,4,6,6,8,2,5,7,,7,,,5,2,2,3,3,1,1,6,2,4,2,7,3,3,3,3,5,2,1,4,5,4,5,5,6,2,5,2,5,2,7,1,1,6,4,2,1,1,3,4,,,6,1,,,5,1,4,4,4,3,2,3,2,1,3,4,4,4,4,2,2,3,6,5,1,5,1,4,,3,,,b'\x11\xe8\xe1I\xc6p7\xfe\xaf\x82\x12\xdf\x17\xaeN\x1e'
11E8E149-C670-37FE-AF82-12DF17AE4E1E,2012-ncaa-d1-natl,ncaa,186,173,196,191,263,280,275,282,242,270,256,269,204,235,105,175,274,277,191,267,216,285,320,238,243,198,142,138,181,250,212,218,47,245,131,300,279,24,102,215,251,179,278,250,,,115,287,,,151,322,319,262,285,283,270,267,227,180,221,254,264,252,274,318,234,178,221,302,44,243,269,,160,,,151,15,22,27,96,27,35,108,71,89,100,194,54,75,40,70,175,23,18,102,82,109,175,183,164,25,47,86,212,38,131,38,163,283,196,167,19,67,66,110,,,279,150,,,151,20,197,91,152,35,37,36,51,42,109,118,75,107,105,29,15,34,143,76,68,276,36,87,,269,,,b'\x11\xe8\xe1I\xc6p7\xfe\xaf\x82\x12\xdf\x17\xaeN\x1e'
11E8E149-C670-37FE-AF82-12DF17AE4E1E,2013-ncaa-d0-natl,ncaa,72,40,183,54,236,250,274,269,255,277,246,287,184,220,85,179,185,208,142,213,143,266,310,237,215,160,92,132,98,190,129,175,50,174,69,323,329,10,57,214,260,207,87,42,,,83,252,,,91,322,337,267,264,284,275,279,248,179,214,174,200,205,276,320,172,138,149,328,21,261,64,,110,,,86,7,10,33,38,14,41,33,102,111,127,218,18,37,11,35,106,25,18,48,32,48,209,250,116,29,50,87,129,40,69,16,101,272,185,96,6,36,55,92,,,225,74,,,91,24,131,43,73,9,14,25,19,43,113,121,33,47,48,16,8,37,109,60,22,275,16,68,,215,,,b'\x11\xe8\xe1I\xc6p7\xfe\xaf\x82\x12\xdf\x17\xaeN\x1e'
11E8E149-C670-37FE-AF82-12DF17AE4E1E,2013-ncaa-d1-conf-Patriot,ncaa,2,2,5,2,6,4,4,8,4,8,7,5,3,5,1,5,3,5,1,5,2,8,8,3,3,1,2,3,3,7,3,7,4,7,4,8,8,1,1,5,7,4,3,2,,,3,8,,,2,8,8,4,4,4,8,7,6,3,5,2,4,4,8,8,7,6,7,8,1,6,2,,4,,,2,1,1,1,4,1,1,3,1,3,3,3,3,3,1,3,3,1,1,3,3,2,5,4,3,2,4,1,3,1,4,1,2,7,2,1,1,1,2,4,,,4,1,,,2,1,2,2,2,2,2,1,2,1,2,3,3,3,3,1,1,2,1,1,1,5,1,3,,3,,,b'\x11\xe8\xe1I\xc6p7\xfe\xaf\x82\x12\xdf\x17\xaeN\x1e'
11E8E149-C670-37FE-AF82-12DF17AE4E1E,2013-ncaa-d1-natl,ncaa,63,40,136,53,200,238,252,245,247,266,233,289,155,199,58,163,191,214,142,217,161,246,299,220,205,145,85,109,122,175,128,157,48,157,69,317,326,8,45,196,263,213,72,42,,,94,244,,,84,325,337,267,258,272,270,285,252,144,198,194,213,215,278,320,163,143,149,325,17,268,62,,92,,,77,8,15,33,38,13,46,28,108,112,156,210,21,42,10,41,104,23,18,47,30,50,206,256,113,31,48,92,128,51,69,16,86,266,179,85,6,27,48,75,,,226,101,,,84,23,120,44,63,7,15,24,18,43,116,107,32,48,48,14,8,34,99,59,19,279,13,50,,237,,,b'\x11\xe8\xe1I\xc6p7\xfe\xaf\x82\x12\xdf\x17\xaeN\x1e'
11E8E149-C670-37FE-AF82-12DF17AE4E1E,2014-ncaa-d0-natl,ncaa,39,27,85,34,98,154,188,225,144,245,239,231,78,144,12,111,131,157,68,156,87,216,253,97,81,63,54,74,108,173,106,179,44,166,58,233,241,32,66,126,300,290,227,196,,,264,339,,,70,275,345,133,206,258,313,288,284,90,157,155,201,203,300,329,202,239,235,265,23,319,253,,233,,,72,47,28,58,72,22,55,59,144,131,180,190,215,226,166,225,302,73,70,83,118,125,314,210,310,30,44,62,106,28,58,14,64,236,190,82,13,19,91,142,,,135,41,,,70,91,51,92,52,26,14,6,10,11,113,95,203,190,192,11,6,10,27,10,12,287,6,70,,189,,,b'\x11\xe8\xe1I\xc6p7\xfe\xaf\x82\x12\xdf\x17\xaeN\x1e'
11E8E149-C670-37FE-AF82-12DF17AE4E1E,2014-ncaa-d1-conf-Patriot,ncaa,1,1,1,1,1,2,4,5,5,6,6,5,2,4,2,5,2,2,1,2,2,3,3,4,3,2,2,4,2,4,3,5,1,4,2,8,10,3,1,6,7,7,7,7,,,10,10,,,3,5,9,4,4,8,8,7,7,3,5,2,2,2,7,7,5,9,6,9,2,8,8,,9,,,3,4,2,3,4,2,3,3,4,1,8,2,10,10,3,10,10,3,5,4,4,4,10,4,10,1,1,5,3,1,2,1,1,4,2,1,1,1,7,8,,,1,1,,,3,7,2,3,3,3,2,1,2,2,2,1,9,9,9,2,1,1,1,1,1,6,1,6,,2,,,b'\x11\xe8\xe1I\xc6p7\xfe\xaf\x82\x12\xdf\x17\xaeN\x1e'
11E8E149-C670-37FE-AF82-12DF17AE4E1E,2014-ncaa-d1-natl,ncaa,36,27,59,30,73,137,173,201,137,234,227,225,74,128,11,114,87,130,62,129,69,187,225,95,74,54,52,79,95,144,80,142,34,132,43,225,237,41,64,120,295,279,237,206,,,283,341,,,67,253,343,142,195,246,305,283,283,90,155,120,181,179,293,324,179,227,206,268,28,316,255,,235,,,68,67,31,69,66,22,60,56,171,159,192,211,236,240,158,240,305,86,76,84,117,134,322,238,307,36,34,67,80,28,43,25,81,232,197,90,18,23,88,125,,,104,41,,,67,110,38,99,46,29,14,9,10,11,131,113,202,195,196,13,5,10,23,9,14,284,8,60,,175,,,b'\x11\xe8\xe1I\xc6p7\xfe\xaf\x82\x12\xdf\x17\xaeN\x1e'
11E8E149-C670-37FE-AF82-12DF17AE4E1E,2014-ncaa-d1-ncaatournament,ncaa,33,2,33,33,34,57,53,59,39,60,63,37,24,30,20,2,61,60,58,60,44,62,56,26,32,45,6,2,61,53,54,60,62,62,64,58,54,31,61,60,57,58,47,51,,,11,19,,,59,53,50,3,56,52,59,60,63,4,6,61,59,59,62,55,53,60,62,57,54,54,43,,21,,,59,27,27,23,57,28,28,47,28,10,63,17,14,16,31,16,20,22,20,56,55,60,18,37,13,31,62,12,54,18,64,25,37,54,53,60,19,44,14,56,,,58,56,,,59,11,51,63,60,59,58,51,58,57,49,15,27,30,31,48,41,58,41,50,53,48,35,31,,58,,,b'\x11\xe8\xe1I\xc6p7\xfe\xaf\x82\x12\xdf\x17\xaeN\x1e'
11E8E149-C670-37FE-AF82-12DF17AE4E1E,2015-ncaa-d0-natl,ncaa,57,27,172,33,208,244,256,312,101,247,273,146,186,245,50,185,195,212,150,213,112,306,334,106,93,56,140,157,122,332,303,276,43,318,205,269,268,4,27,71,237,156,118,71,,,72,241,,,60,328,347,163,251,270,335,257,290,172,241,187,210,216,330,347,333,291,332,283,6,244,115,,89,,,52,9,9,17,92,24,44,69,35,25,187,105,46,39,198,37,116,14,18,89,93,68,137,132,201,5,43,63,303,24,205,11,53,202,84,43,1,16,46,96,,,186,7,,,60,25,81,45,43,7,8,5,21,27,32,25,63,57,52,4,1,6,85,27,13,209,3,49,,170,,,b'\x11\xe8\xe1I\xc6p7\xfe\xaf\x82\x12\xdf\x17\xaeN\x1e'
11E8E149-C670-37FE-AF82-12DF17AE4E1E,2015-ncaa-d1-conf-Patriot,ncaa,2,2,3,2,4,5,5,9,5,6,7,6,4,9,1,6,2,2,5,2,3,8,10,3,3,2,3,5,1,10,10,9,5,10,9,9,10,2,2,4,6,4,3,2,,,7,9,,,2,8,9,3,6,7,10,7,7,5,8,2,2,2,10,10,10,9,10,9,2,5,4,,6,,,2,2,1,1,5,1,2,3,2,1,7,2,6,5,7,5,7,1,2,6,7,4,7,4,9,2,5,5,10,2,9,1,1,3,2,1,2,2,1,2,,,2,1,,,2,2,3,2,2,2,1,1,1,1,2,1,7,6,6,1,1,1,3,3,1,3,2,1,,2,,,b'\x11\xe8\xe1I\xc6p7\xfe\xaf\x82\x12\xdf\x17\xaeN\x1e'
11E8E149-C670-37FE-AF82-12DF17AE4E1E,2015-ncaa-d1-natl,ncaa,47,27,143,33,175,236,249,317,97,246,285,145,170,247,41,183,194,217,139,223,119,306,343,95,89,56,139,148,130,326,299,283,51,323,206,275,258,4,31,69,251,165,117,74,,,66,245,,,57,340,348,158,263,268,336,264,295,169,242,201,226,233,332,347,332,296,333,283,6,252,122,,86,,,54,7,8,11,100,25,38,79,29,20,167,99,48,44,204,39,112,6,8,91,92,75,119,121,196,9,51,62,299,18,206,10,49,213,91,46,1,16,41,93,,,184,7,,,57,13,76,47,38,7,9,6,21,28,29,21,59,51,48,4,1,6,69,20,12,217,3,43,,183,,,b'\x11\xe8\xe1I\xc6p7\xfe\xaf\x82\x12\xdf\x17\xaeN\x1e'
11E8E149-C670-37FE-AF82-12DF17AE4E1E,2016-ncaa-d0-natl,ncaa,12,6,114,6,165,91,85,177,26,119,187,67,44,157,3,158,182,201,164,195,185,177,216,15,20,20,115,73,285,134,44,115,52,117,26,81,119,71,101,48,67,35,52,32,,,199,266,,,6,244,298,280,72,67,217,122,214,47,167,211,229,223,228,278,156,112,127,66,61,63,50,,184,,,4,8,7,50,8,25,113,15,14,51,3,84,88,127,22,127,177,55,86,8,9,4,98,51,266,65,52,19,44,17,26,1,6,100,55,3,60,85,145,140,,,123,52,,,6,109,14,3,4,3,3,21,14,73,13,35,80,128,127,19,32,58,13,21,1,110,60,125,,109,,,b'\x11\xe8\xe1I\xc6p7\xfe\xaf\x82\x12\xdf\x17\xaeN\x1e'
11E8E149-C670-37FE-AF82-12DF17AE4E1E,2016-ncaa-d1-conf-Patriot,ncaa,1,1,1,1,1,1,1,1,1,1,1,2,1,5,1,6,6,6,3,6,8,1,2,1,1,1,7,4,8,1,1,3,4,1,2,1,8,4,1,1,2,2,2,3,,,9,8,,,1,3,7,7,1,1,2,1,2,1,5,6,8,8,4,6,3,3,3,1,2,3,2,,5,,,1,2,1,6,1,4,8,1,1,1,1,1,6,7,1,7,4,6,8,1,1,1,1,1,7,7,4,2,1,2,2,1,1,2,3,1,2,1,6,2,,,5,6,,,1,7,1,1,1,1,1,4,1,6,1,1,5,5,5,3,4,4,2,2,1,2,1,4,,6,,,b'\x11\xe8\xe1I\xc6p7\xfe\xaf\x82\x12\xdf\x17\xaeN\x1e'
11E8E149-C670-37FE-AF82-12DF17AE4E1E,2016-ncaa-d1-natl,ncaa,12,6,99,6,132,86,74,170,25,112,183,66,46,153,3,156,194,209,163,204,194,174,198,15,20,19,117,74,290,136,45,112,49,107,28,72,125,57,87,47,61,29,49,32,,,203,261,,,6,228,304,282,71,57,213,114,211,45,165,224,238,229,225,279,156,118,125,60,57,62,50,,178,,,4,5,6,52,10,31,114,17,15,48,4,82,88,135,20,135,176,50,95,9,9,4,96,53,264,59,49,12,45,18,28,1,6,105,58,3,55,75,139,133,,,121,63,,,6,117,13,3,4,4,4,21,17,75,14,34,75,124,128,17,31,49,15,20,1,123,56,121,,137,,,b'\x11\xe8\xe1I\xc6p7\xfe\xaf\x82\x12\xdf\x17\xaeN\x1e'
11E8E149-C670-37FE-AF82-12DF17AE4E1E,2016-ncaa-d1-ncaatournament,ncaa,33,2,33,33,33,49,48,53,39,52,60,33,38,40,44,12,43,42,56,42,5,52,43,35,41,54,19,20,29,37,7,44,62,39,44,34,5,31,60,48,32,12,37,25,,,26,51,,,45,46,31,1,47,45,49,49,59,25,16,38,26,20,45,20,10,39,22,11,61,4,24,,58,,,50,13,9,30,13,11,7,37,18,34,3,62,29,22,49,17,48,31,29,11,15,20,43,30,52,35,62,4,7,23,44,2,3,51,40,10,32,57,24,54,,,37,7,,,45,12,47,44,51,38,28,61,30,17,31,64,54,48,41,63,60,63,17,53,4,34,60,48,,6,,,b'\x11\xe8\xe1I\xc6p7\xfe\xaf\x82\x12\xdf\x17\xaeN\x1e'
11E8E149-C670-37FE-AF82-12DF17AE4E1E,2017-ncaa-d0-natl,ncaa,79,39,168,57,175,156,171,143,220,99,53,260,312,314,277,333,59,57,144,58,146,109,127,279,253,213,292,328,23,28,13,264,165,126,63,164,156,142,103,147,19,5,252,262,,,154,183,,,56,189,186,53,136,156,84,68,20,322,318,26,32,33,52,56,11,285,83,151,161,6,256,,169,,,51,29,53,53,152,142,173,123,14,16,107,20,71,49,290,48,66,40,142,99,101,10,28,30,164,69,165,79,13,63,63,22,44,22,6,5,118,90,267,168,,,68,48,,,56,164,139,12,47,35,72,41,165,189,17,14,83,63,63,31,151,94,102,88,28,9,136,272,,20,,,b'\x11\xe8\xe1I\xc6p7\xfe\xaf\x82\x12\xdf\x17\xaeN\x1e'
11E8E149-C670-37FE-AF82-12DF17AE4E1E,2017-ncaa-d1-conf-Patriot,ncaa,3,3,3,3,4,3,5,2,7,1,1,7,10,9,10,10,2,1,4,1,4,2,1,8,8,8,9,10,1,1,1,7,6,2,2,6,8,6,4,5,1,1,9,9,,,6,5,,,4,5,5,2,3,6,2,1,1,10,10,1,1,1,1,1,1,8,1,6,5,1,9,,5,,,4,4,6,4,5,7,8,6,1,1,5,1,4,2,9,2,3,4,6,5,5,4,1,1,3,5,6,3,1,2,2,2,1,1,1,1,5,3,10,6,,,1,2,,,4,7,4,2,4,4,6,5,8,8,1,1,4,2,2,4,7,4,3,2,2,1,4,10,,1,,,b'\x11\xe8\xe1I\xc6p7\xfe\xaf\x82\x12\xdf\x17\xaeN\x1e'
11E8E149-C670-37FE-AF82-12DF17AE4E1E,2017-ncaa-d1-natl,ncaa,69,39,144,61,151,151,158,116,213,95,43,268,290,303,209,330,54,48,135,47,155,99,111,265,237,208,278,321,30,28,13,261,163,118,58,153,138,144,109,135,18,5,262,270,,,154,169,,,55,194,193,54,132,153,85,76,24,303,312,26,37,37,54,64,14,275,84,146,162,6,265,,158,,,49,27,62,52,154,148,180,128,13,14,95,23,62,45,292,42,58,26,144,100,97,12,26,27,147,70,163,85,13,59,58,23,40,24,9,7,121,94,260,151,,,68,61,,,55,165,126,15,46,33,74,43,168,192,15,14,75,60,60,31,147,91,96,78,29,13,132,264,,32,,,b'\x11\xe8\xe1I\xc6p7\xfe\xaf\x82\x12\xdf\x17\xaeN\x1e'
11E8E149-C670-37FE-AF82-12DF17AE4E1E,2018-ncaa-d0-natl,ncaa,149,129,164,149,172,252,231,183,280,135,57,304,338,335,310,338,173,117,305,104,220,171,171,321,319,295,328,332,79,44,37,242,43,134,63,217,200,159,175,227,125,80,310,321,,,231,310,,,167,235,273,54,276,249,158,112,28,336,338,157,101,94,131,118,21,238,98,243,194,114,312,,253,,,167,40,67,42,206,186,193,175,5,4,66,4,154,158,189,143,139,43,64,112,128,81,10,5,251,9,43,155,37,71,63,30,58,123,55,41,129,130,305,224,,,109,78,,,167,119,261,50,167,51,68,28,210,218,3,4,179,171,159,34,48,12,178,85,44,93,146,316,,77,,,b'\x11\xe8\xe1I\xc6p7\xfe\xaf\x82\x12\xdf\x17\xaeN\x1e'
11E8E149-C670-37FE-AF82-12DF17AE4E1E,2018-ncaa-d1-conf-Patriot,ncaa,4,4,3,4,3,8,5,2,10,1,1,9,10,9,10,10,7,5,8,5,8,3,2,10,10,10,10,10,7,1,2,7,2,3,2,7,7,3,2,4,7,6,9,9,,,9,9,,,5,5,10,1,9,5,3,2,1,10,9,7,5,5,2,2,1,10,2,8,3,7,10,,8,,,5,6,6,2,9,9,7,9,1,1,4,2,8,8,3,7,6,3,4,7,8,6,1,1,8,1,2,7,2,6,2,5,4,4,3,4,1,1,10,5,,,4,6,,,5,5,8,4,5,4,5,1,8,7,1,1,7,8,7,1,1,1,8,4,5,5,1,9,,6,,,b'\x11\xe8\xe1I\xc6p7\xfe\xaf\x82\x12\xdf\x17\xaeN\x1e'
11E8E149-C670-37FE-AF82-12DF17AE4E1E,2018-ncaa-d1-natl,ncaa,150,129,144,149,153,249,219,170,268,119,46,289,335,334,310,336,153,109,294,100,218,147,158,314,311,287,329,332,82,40,36,222,39,120,61,204,184,159,156,206,118,81,311,322,,,245,308,,,151,232,266,59,265,229,144,96,28,335,337,141,96,92,118,115,24,229,92,216,172,107,314,,253,,,151,33,56,35,192,188,191,162,3,4,64,5,161,165,196,154,139,32,60,109,126,80,11,5,258,8,39,158,36,65,61,23,57,112,63,41,116,112,301,210,,,115,89,,,151,120,247,51,152,54,65,28,208,214,3,4,179,171,160,34,49,11,174,80,38,95,127,306,,81,,,b'\x11\xe8\xe1I\xc6p7\xfe\xaf\x82\x12\xdf\x17\xaeN\x1e'
11E8E149-C670-37FE-AF82-12DF17AE4E1E,2019-ncaa-d0-natl,ncaa,253,245,249,257,281,313,307,286,317,298,246,317,260,242,277,203,251,197,317,186,122,275,301,314,318,294,166,191,111,93,54,172,49,132,46,269,125,73,172,206,331,317,306,296,,,25,91,,,240,325,330,272,318,317,267,293,212,245,224,233,155,141,249,277,55,92,47,259,129,330,303,,43,,,241,33,113,121,156,73,92,127,236,208,268,298,1,1,98,1,1,51,24,192,111,198,138,321,1,32,49,80,54,43,46,104,128,338,318,300,106,204,235,263,,,190,62,,,240,26,258,184,242,78,176,193,118,132,283,262,1,1,1,70,16,60,142,87,147,333,170,260,,123,,,b'\x11\xe8\xe1I\xc6p7\xfe\xaf\x82\x12\xdf\x17\xaeN\x1e'
11E8E149-C670-37FE-AF82-12DF17AE4E1E,2019-ncaa-d1-conf-Patriot,ncaa,7,7,7,7,9,8,8,7,8,8,7,7,8,5,8,6,6,4,8,4,4,7,6,8,9,8,5,8,3,1,1,6,4,3,2,7,6,5,6,7,9,9,9,8,,,1,1,,,7,9,7,7,7,7,4,7,4,6,4,5,4,4,3,2,1,5,1,7,6,8,9,,1,,,7,6,9,7,9,7,5,8,10,9,10,10,1,1,1,1,1,4,2,9,8,9,6,10,1,4,4,3,1,2,2,6,4,8,8,9,5,5,10,10,,,4,4,,,7,2,7,8,7,7,10,9,7,6,10,10,1,1,1,7,4,5,5,5,7,8,6,10,,3,,,b'\x11\xe8\xe1I\xc6p7\xfe\xaf\x82\x12\xdf\x17\xaeN\x1e'
11E8E149-C670-37FE-AF82-12DF17AE4E1E,2019-ncaa-d1-natl,ncaa,252,245,233,254,292,309,312,287,309,300,247,317,267,251,270,214,256,194,321,181,115,277,305,310,316,290,172,193,111,83,45,174,51,123,44,276,127,74,166,208,332,315,308,300,,,23,98,,,243,338,332,272,317,316,271,289,206,250,226,234,148,137,250,281,42,97,48,266,122,327,309,,43,,,244,32,109,110,162,80,90,141,248,223,272,301,1,1,103,1,1,33,11,205,113,210,131,323,1,33,51,69,45,31,44,104,127,343,318,300,100,188,218,252,,,192,61,,,243,14,258,194,238,79,182,190,117,126,285,264,1,1,1,67,13,52,134,79,148,333,156,248,,119,,,b'\x11\xe8\xe1I\xc6p7\xfe\xaf\x82\x12\xdf\x17\xaeN\x1e'
11E8E149-C670-37FE-AF82-12DF17AE4E1E,2020-ncaa-d0-natl,ncaa,276,306,33,294,37,146,180,184,187,281,287,207,35,48,65,51,168,90,308,95,32,167,87,110,140,214,26,28,182,289,323,23,102,107,223,200,203,332,310,289,308,336,304,336,,,162,70,,,291,28,99,29,215,244,283,320,318,50,67,213,132,138,259,173,319,38,170,244,308,329,317,,110,,,286,332,344,347,271,342,337,262,291,288,228,184,87,99,108,97,29,341,312,259,217,306,67,183,19,239,102,322,323,313,223,300,111,294,332,329,322,306,276,324,,,81,133,,,291,321,260,287,284,302,328,332,322,325,258,249,67,80,79,318,249,191,280,256,254,323,302,246,,149,,,b'\x11\xe8\xe1I\xc6p7\xfe\xaf\x82\x12\xdf\x17\xaeN\x1e'
11E8E149-C670-37FE-AF82-12DF17AE4E1E,2020-ncaa-d1-conf-Patriot,ncaa,8,9,1,9,2,2,4,3,6,9,8,7,1,1,2,1,2,1,10,1,1,2,1,3,4,4,1,1,3,6,8,1,3,3,6,4,5,10,9,7,8,10,10,10,,,10,10,,,9,1,2,7,4,5,6,9,10,1,1,2,1,1,3,2,7,3,4,5,10,10,10,,10,,,9,10,10,10,9,10,10,9,9,7,8,6,9,10,6,10,6,10,10,9,8,10,4,4,8,7,3,10,8,10,6,8,2,9,10,10,10,8,9,10,,,1,2,,,9,10,6,10,9,10,10,10,10,10,8,7,8,9,9,10,9,4,10,10,8,9,8,9,,1,,,b'\x11\xe8\xe1I\xc6p7\xfe\xaf\x82\x12\xdf\x17\xaeN\x1e'
11E8E149-C670-37FE-AF82-12DF17AE4E1E,2020-ncaa-d1-natl,ncaa,289,305,45,301,53,186,211,223,195,310,303,215,45,64,69,51,194,108,310,114,32,208,126,116,143,221,26,27,178,307,327,32,105,136,232,232,208,329,316,297,318,339,314,336,,,142,70,,,297,50,104,29,225,256,290,322,321,52,69,218,135,142,264,182,322,42,183,257,309,332,320,,115,,,295,322,340,342,283,338,330,269,277,272,240,182,75,87,112,87,27,333,291,272,228,311,63,181,17,216,105,310,327,292,232,289,114,312,336,331,313,309,268,325,,,108,130,,,297,298,273,300,295,305,333,333,324,328,261,245,66,79,79,321,250,188,281,261,260,326,303,252,,148,,,b'\x11\xe8\xe1I\xc6p7\xfe\xaf\x82\x12\xdf\x17\xaeN\x1e'
11E8E149-C670-37FE-AF82-12DF17AE4E1E,2021-ncaa-d0-natl,ncaa,191,165,219,196,240,249,263,275,228,292,295,215,152,156,130,50,207,204,188,203,31,270,265,166,156,193,35,46,89,260,243,228,235,244,225,226,87,122,252,206,281,274,240,244,,,65,66,,,208,262,307,224,272,307,329,324,334,96,99,168,162,166,318,318,268,178,240,219,187,286,230,,43,,,207,94,136,136,167,157,145,219,114,159,62,242,22,25,69,25,2,105,93,145,81,144,23,200,3,169,235,100,243,111,225,100,60,277,268,231,54,93,161,307,,,206,41,,,208,83,206,184,205,107,228,243,245,217,158,233,2,2,2,152,78,254,135,178,119,292,55,204,,131,,,b'\x11\xe8\xe1I\xc6p7\xfe\xaf\x82\x12\xdf\x17\xaeN\x1e'
11E8E149-C670-37FE-AF82-12DF17AE4E1E,2021-ncaa-d1-conf-Patriot,ncaa,6,9,1,7,2,4,5,4,6,7,5,8,2,2,6,2,2,1,10,1,2,4,4,6,6,6,2,2,2,3,5,5,9,5,8,5,6,10,8,8,3,8,3,7,,,10,6,,,8,3,9,3,8,9,9,9,10,2,2,4,3,3,10,10,5,8,7,8,8,8,5,,6,,,8,8,8,9,7,8,9,6,7,9,4,5,4,4,4,4,2,9,8,7,6,5,3,4,2,10,9,7,5,9,8,6,1,3,6,6,7,6,7,6,,,1,2,,,8,8,7,7,8,4,7,8,8,9,5,7,2,2,2,6,4,9,4,7,3,6,4,6,,2,,,b'\x11\xe8\xe1I\xc6p7\xfe\xaf\x82\x12\xdf\x17\xaeN\x1e'
11E8E149-C670-37FE-AF82-12DF17AE4E1E,2021-ncaa-d1-natl,ncaa,202,165,231,200,248,265,276,282,236,293,300,220,161,164,134,49,217,219,189,220,29,278,275,174,162,197,33,45,89,273,248,238,243,254,233,237,88,109,257,214,288,279,247,246,,,57,68,,,222,272,309,225,277,309,332,329,334,98,99,170,166,170,322,321,274,184,246,228,193,289,233,,45,,,220,88,123,121,177,141,131,223,106,145,66,241,22,25,68,25,2,98,84,151,90,155,24,199,3,157,243,94,248,101,233,96,61,285,272,242,52,93,155,311,,,220,41,,,222,72,214,198,217,112,236,245,252,221,160,233,2,2,2,156,78,256,136,181,122,294,54,205,,132,,,b'\x11\xe8\xe1I\xc6p7\xfe\xaf\x82\x12\xdf\x17\xaeN\x1e'
11E8E149-C670-37FE-AF82-12DF17AE4E1E,2022-ncaa-d0-natl,ncaa,158,134,216,155,222,211,207,157,292,269,251,256,102,67,229,59,257,242,259,240,184,173,161,248,268,265,72,63,245,49,33,187,73,113,53,269,301,242,227,291,268,250,257,290,,,108,164,,,209,213,173,45,193,188,68,267,234,78,47,246,222,220,90,55,22,129,35,271,275,257,260,,152,,,210,137,229,168,283,273,229,254,103,72,223,93,10,9,156,7,5,124,106,247,206,235,12,107,9,58,73,140,33,90,53,196,148,253,224,259,235,224,253,291,,,245,296,,,209,125,216,189,221,193,293,239,318,305,120,88,15,16,13,167,142,80,192,133,241,239,260,286,,221,,,b'\x11\xe8\xe1I\xc6p7\xfe\xaf\x82\x12\xdf\x17\xaeN\x1e'
11E8E149-C670-37FE-AF82-12DF17AE4E1E,2022-ncaa-d1-conf-Patriot,ncaa,6,6,6,6,6,5,7,5,9,9,9,8,2,2,6,2,4,3,6,3,3,5,5,7,7,6,2,2,6,1,1,6,4,3,2,8,10,7,7,8,9,9,9,9,,,8,9,,,7,6,3,2,4,5,1,8,9,2,2,4,3,3,1,1,1,6,1,6,8,9,9,,10,,,7,9,9,5,8,10,7,8,6,4,9,4,2,3,6,2,2,4,2,8,7,9,4,6,2,2,4,5,1,2,2,6,5,8,8,10,8,7,4,5,,,6,8,,,7,4,6,7,7,10,10,8,10,8,6,5,2,4,3,8,5,4,6,3,6,8,9,4,,5,,,b'\x11\xe8\xe1I\xc6p7\xfe\xaf\x82\x12\xdf\x17\xaeN\x1e'
11E8E149-C670-37FE-AF82-12DF17AE4E1E,2022-ncaa-d1-natl,ncaa,157,134,213,153,223,214,211,151,291,257,243,249,105,67,242,64,269,254,265,252,204,171,152,252,276,270,90,71,263,48,35,176,75,98,55,276,311,246,220,294,278,272,270,299,,,119,176,,,211,212,169,45,202,194,65,253,226,83,47,257,239,240,94,57,24,116,31,279,274,275,272,,165,,,211,136,232,172,264,272,238,248,100,84,195,97,13,12,129,12,7,126,110,232,184,220,13,102,10,63,75,143,35,91,55,199,145,252,228,261,241,232,246,278,,,265,309,,,211,126,224,188,219,188,285,244,310,304,110,94,20,19,19,175,146,90,192,141,227,232,263,273,,242,,,b'\x11\xe8\xe1I\xc6p7\xfe\xaf\x82\x12\xdf\x17\xaeN\x1e'
11E8E149-C670-37FE-AF82-12DF17AE4E1E,2023-ncaa-d0-natl,ncaa,223,203,236,228,251,263,256,229,261,285,287,221,156,111,262,73,295,279,310,277,177,247,267,239,256,249,112,86,279,155,132,262,70,227,122,304,320,111,185,266,327,311,284,308,,,210,328,,,249,291,264,106,260,249,190,277,274,130,80,296,259,249,214,219,128,245,187,309,173,320,281,,271,,,250,116,180,87,296,260,224,236,29,14,270,12,108,102,219,95,79,79,51,254,255,291,19,27,152,16,70,104,132,48,122,158,153,304,261,283,63,118,153,228,,,301,296,,,249,75,240,239,245,187,246,129,314,301,36,12,157,136,133,110,58,30,180,92,213,299,106,187,,298,,,b'\x11\xe8\xe1I\xc6p7\xfe\xaf\x82\x12\xdf\x17\xaeN\x1e'
11E8E149-C670-37FE-AF82-12DF17AE4E1E,2023-ncaa-d1-conf-Patriot,ncaa,4,4,3,4,3,4,4,1,7,7,9,6,3,2,4,2,6,5,9,5,3,2,1,6,6,5,2,2,6,1,1,6,5,3,4,7,9,7,5,6,4,5,5,5,,,9,8,,,6,4,4,2,4,4,2,8,9,3,2,6,3,3,1,1,1,6,3,8,7,5,5,,8,,,6,9,9,6,10,10,9,8,2,2,6,1,8,8,6,8,6,7,6,8,8,8,3,2,7,3,5,6,1,5,4,7,5,5,4,6,7,5,9,9,,,6,8,,,6,7,4,7,6,8,8,5,10,9,2,1,8,8,8,6,6,3,5,4,6,4,7,8,,6,,,b'\x11\xe8\xe1I\xc6p7\xfe\xaf\x82\x12\xdf\x17\xaeN\x1e'
11E8E149-C670-37FE-AF82-12DF17AE4E1E,2023-ncaa-d1-natl,ncaa,219,203,219,219,244,270,267,233,274,298,302,233,135,90,257,57,302,277,306,269,156,259,263,243,262,252,90,70,274,152,133,274,87,236,131,304,303,125,191,270,329,313,297,313,,,217,320,,,258,298,266,103,260,259,187,297,294,108,67,298,261,252,222,214,123,260,199,308,181,320,291,,269,,,259,117,186,84,303,274,241,231,33,13,281,9,113,97,241,94,74,70,44,257,249,294,20,29,141,20,87,108,133,44,131,174,164,303,255,284,88,132,146,235,,,295,277,,,258,68,243,250,258,191,247,133,319,304,41,12,156,131,126,110,62,30,177,94,221,292,123,169,,281,,,b'\x11\xe8\xe1I\xc6p7\xfe\xaf\x82\x12\xdf\x17\xaeN\x1e'
11E8E149-C670-37FE-AF82-12DF17AE4E1E,2024-ncaa-d0-natl,ncaa,264,209,325,253,343,330,329,320,313,318,267,326,288,287,266,211,297,313,116,314,288,330,346,310,305,270,207,211,146,249,155,357,101,348,205,330,297,15,118,238,180,55,324,298,,,65,310,,,247,349,295,263,291,292,202,265,145,247,217,240,263,263,229,268,161,353,326,314,88,101,304,,207,,,258,27,60,7,348,121,35,343,11,7,220,52,40,27,288,29,142,4,4,334,329,303,13,30,142,1,101,34,155,4,205,145,290,274,105,235,59,183,334,354,,,356,348,,,247,11,263,245,263,152,206,23,284,124,41,19,133,113,118,21,22,11,165,60,276,169,143,356,,348,,,b'\x11\xe8\xe1I\xc6p7\xfe\xaf\x82\x12\xdf\x17\xaeN\x1e'
11E8E149-C670-37FE-AF82-12DF17AE4E1E,2024-ncaa-d1-conf-Patriot,ncaa,7,5,7,7,10,9,10,4,10,9,7,10,4,4,5,3,8,9,4,9,8,7,6,9,9,8,3,4,5,2,1,10,5,8,3,9,8,4,5,9,1,1,7,7,,,6,8,,,8,9,4,8,8,9,3,9,6,4,2,8,8,8,3,3,1,10,5,9,6,1,7,,8,,,8,1,1,1,10,7,1,10,2,2,5,2,2,4,4,4,6,1,1,10,10,6,2,2,5,1,5,3,1,2,3,5,6,3,2,3,4,4,10,10,,,9,10,,,8,2,6,5,7,5,7,1,7,2,2,2,4,6,6,1,2,1,5,3,7,3,5,10,,9,,,b'\x11\xe8\xe1I\xc6p7\xfe\xaf\x82\x12\xdf\x17\xaeN\x1e'
11E8E149-C670-37FE-AF82-12DF17AE4E1E,2024-ncaa-d1-natl,ncaa,243,211,320,242,341,323,324,282,328,312,235,337,268,253,269,204,286,295,132,295,288,297,327,322,323,285,188,198,159,187,120,355,78,331,177,320,272,31,121,235,138,49,316,280,,,112,316,,,245,347,281,264,291,291,174,275,143,235,202,247,263,262,198,237,120,349,298,303,101,87,289,,216,,,246,31,63,10,341,146,50,335,16,10,210,50,71,58,227,63,159,7,7,314,306,271,17,35,157,2,78,48,120,8,177,155,282,235,94,209,83,193,350,356,,,356,353,,,245,14,265,206,255,122,178,21,266,125,35,19,138,128,134,22,23,12,171,57,247,158,165,359,,350,,,b'\x11\xe8\xe1I\xc6p7\xfe\xaf\x82\x12\xdf\x17\xaeN\x1e'
11E8E149-C670-37FE-AF82-12DF17AE4E1E,2025-ncaa-d0-natl,genius_ncaa,49,37,90,47,95,170,173,137,235,250,224,243,65,60,112,64,244,251,185,254,219,155,205,186,198,135,55,37,270,190,232,155,2,179,120,145,100,25,42,63,172,124,244,252,,,65,124,,18,100,207,340,120,224,230,192,303,285,66,67,283,290,293,231,318,223,227,240,161,21,207,267,,42,,12,100,65,99,83,184,133,174,122,77,32,287,65,61,46,321,47,60,64,78,175,175,147,95,129,120,2,2,269,232,110,120,100,164,186,109,132,58,76,327,341,,,314,332,,318,100,150,129,73,99,25,44,13,83,94,53,19,48,33,33,9,4,1,224,50,70,215,47,320,,351,,326,b'\x11\xe8\xe1I\xc6p7\xfe\xaf\x82\x12\xdf\x17\xaeN\x1e'
11E8E149-C670-37FE-AF82-12DF17AE4E1E,2025-ncaa-d1-conf-Patriot,genius_ncaa,2,2,1,2,2,2,2,1,8,6,3,8,1,2,3,2,5,6,6,6,5,1,2,6,6,4,2,1,6,2,2,3,2,1,3,3,4,3,2,1,2,2,6,6,,,7,7,,6,3,2,7,6,4,4,2,9,9,1,2,5,6,6,2,5,2,6,3,3,1,2,6,,4,,5,3,6,7,4,7,7,8,4,6,3,8,2,3,4,8,3,3,3,5,6,5,6,2,4,4,2,2,8,2,6,3,7,6,2,3,5,3,2,10,10,,,7,9,,7,3,9,3,5,3,2,5,2,6,5,4,1,3,2,3,2,1,2,7,2,5,4,1,10,,8,,7,b'\x11\xe8\xe1I\xc6p7\xfe\xaf\x82\x12\xdf\x17\xaeN\x1e'
11E8E149-C670-37FE-AF82-12DF17AE4E1E,2025-ncaa-d1-natl,genius_ncaa,44,37,72,45,81,151,166,128,231,257,229,257,56,53,102,55,246,256,180,260,225,147,203,182,189,134,53,31,272,195,242,135,2,159,111,128,83,30,43,59,170,130,207,210,,,69,120,,24,95,198,337,128,220,229,195,310,291,57,63,288,296,298,235,317,227,205,234,151,23,212,225,,45,,17,95,64,94,94,177,127,184,117,75,40,265,73,59,47,317,47,53,64,81,149,148,130,96,129,111,2,2,280,242,119,111,97,164,186,116,137,55,71,330,340,,,314,339,,316,95,153,125,65,94,23,41,18,81,96,52,23,44,32,33,10,5,1,228,54,65,224,43,317,,350,,326,b'\x11\xe8\xe1I\xc6p7\xfe\xaf\x82\x12\xdf\x17\xaeN\x1e'
11E8E149-C670-37FE-AF82-12DF17AE4E1E,2026-ncaa-d0-natl,genius_ncaa,55,39,116,52,205,141,150,221,62,205,276,77,58,102,27,44,158,187,76,191,96,224,221,40,32,56,36,33,233,248,226,207,16,231,112,87,25,166,211,80,201,161,216,255,,,127,176,,180,78,213,325,362,151,167,328,257,347,43,104,193,241,246,331,348,303,280,316,69,137,228,250,,73,,154,79,110,135,101,255,240,209,220,7,12,80,5,180,156,268,155,115,99,118,185,207,167,9,3,241,20,16,110,226,57,112,116,125,172,89,123,184,220,107,181,,,232,211,,187,78,153,70,102,71,49,76,2,224,183,2,2,147,111,110,5,5,2,46,8,73,192,148,82,,292,,222,b'\x11\xe8\xe1I\xc6p7\xfe\xaf\x82\x12\xdf\x17\xaeN\x1e'
11E8E149-C670-37FE-AF82-12DF17AE4E1E,2026-ncaa-d1-natl,genius_ncaa,38,39,85,47,176,127,130,212,59,209,301,52,27,56,38,23,207,233,103,244,127,222,217,28,29,55,32,20,289,266,238,206,7,226,95,54,19,169,192,60,235,203,225,265,,,116,172,,178,80,202,331,361,153,173,322,269,351,32,61,265,291,298,338,351,303,288,329,47,113,275,258,,60,,151,86,131,165,99,281,258,230,238,12,9,144,5,168,139,304,140,97,99,109,219,242,210,7,4,208,10,7,129,238,42,95,114,98,185,121,141,175,210,91,182,,,249,258,,198,80,163,65,125,80,57,90,3,230,185,3,2,131,103,99,3,4,2,47,8,68,232,133,66,,325,,232,b'\x11\xe8\xe1I\xc6p7\xfe\xaf\x82\x12\xdf\x17\xaeN\x1e'
11E8E149-C674-A83E-AF82-12DF17AE4E1E,2010-ncaa-d0-natl,ncaa,159,174,122,172,132,180,123,171,69,77,92,99,271,295,155,295,281,196,339,193,278,170,181,120,190,178,327,281,308,56,11,161,170,99,32,121,151,133,152,110,321,322,25,21,,,39,51,,,171,241,311,60,213,105,187,59,78,281,299,304,207,207,200,230,40,189,88,114,130,328,25,,31,,,171,149,231,209,199,210,194,220,229,237,168,265,16,19,163,19,14,166,120,202,151,231,94,244,14,176,170,28,11,61,32,183,125,299,304,292,204,212,160,112,,,173,158,,,171,106,120,246,169,133,223,210,197,168,223,243,17,20,20,137,55,168,22,37,172,320,195,154,,195,,,b'\x11\xe8\xe1I\xc6t\xa8>\xaf\x82\x12\xdf\x17\xaeN\x1e'
11E8E149-C674-A83E-AF82-12DF17AE4E1E,2010-ncaa-d1-conf-SEC,ncaa,10,10,4,10,4,7,5,5,3,3,3,3,12,12,6,11,10,7,12,7,10,7,7,5,8,8,12,12,11,2,2,6,3,4,2,3,3,9,9,5,11,10,3,3,,,2,3,,,9,9,12,3,9,7,10,3,6,12,12,11,8,7,11,9,3,5,3,3,8,11,3,,1,,,9,6,9,6,8,5,4,7,11,10,8,11,2,1,11,1,1,4,4,8,8,9,10,10,1,3,3,1,2,3,2,9,9,11,12,11,11,11,5,4,,,7,7,,,9,4,8,9,9,8,8,6,5,2,12,11,3,1,1,3,2,3,3,2,9,11,11,5,,8,,,b'\x11\xe8\xe1I\xc6t\xa8>\xaf\x82\x12\xdf\x17\xaeN\x1e'
11E8E149-C674-A83E-AF82-12DF17AE4E1E,2010-ncaa-d1-natl,ncaa,166,174,134,177,143,193,134,184,69,80,98,101,279,298,154,294,292,203,339,198,280,182,205,126,193,177,327,280,306,60,11,179,176,110,32,125,154,118,152,112,328,324,26,23,,,32,52,,,178,263,315,58,215,110,191,59,79,282,299,304,208,208,202,234,41,191,89,117,132,331,24,,33,,,178,132,223,198,205,204,173,224,221,228,170,264,10,12,166,12,14,147,102,207,158,239,97,242,14,160,176,17,11,42,32,175,125,319,306,296,194,215,152,116,,,186,158,,,178,85,122,254,178,139,229,213,202,171,224,244,17,20,20,138,53,169,21,37,181,320,197,156,,197,,,b'\x11\xe8\xe1I\xc6t\xa8>\xaf\x82\x12\xdf\x17\xaeN\x1e'
11E8E149-C674-A83E-AF82-12DF17AE4E1E,2011-ncaa-d0-natl,ncaa,153,175,77,165,114,153,108,83,169,67,35,200,289,284,254,312,229,170,297,172,321,92,98,228,251,227,335,313,262,54,48,215,287,114,167,118,175,174,123,134,130,140,80,86,,,139,108,,,154,131,230,257,205,141,111,63,29,310,309,263,220,222,136,153,58,285,171,144,135,155,90,,94,,,155,169,187,209,153,174,228,107,200,159,283,155,107,83,265,83,65,181,218,170,152,117,162,217,101,261,287,190,48,236,167,124,86,85,83,80,124,93,153,58,,,137,201,,,154,197,191,141,170,104,132,128,125,171,165,120,85,63,62,87,117,234,119,164,92,108,102,125,,188,,,b'\x11\xe8\xe1I\xc6t\xa8>\xaf\x82\x12\xdf\x17\xaeN\x1e'
11E8E149-C674-A83E-AF82-12DF17AE4E1E,2011-ncaa-d1-conf-SEC,ncaa,7,5,9,7,10,11,8,11,4,6,6,6,12,12,7,12,11,10,10,10,11,11,10,5,6,11,12,12,11,10,6,9,7,10,8,4,3,10,12,4,5,5,5,4,,,3,3,,,6,11,6,8,10,6,8,3,2,12,12,11,10,10,10,7,9,7,7,4,12,5,4,,4,,,6,2,2,2,5,1,2,4,4,5,8,7,4,4,12,4,5,1,3,5,6,4,10,9,7,4,7,3,6,2,8,6,11,3,3,6,10,12,5,4,,,10,9,,,6,2,11,4,7,4,4,5,4,5,6,6,6,4,4,4,6,5,3,6,8,3,12,5,,10,,,b'\x11\xe8\xe1I\xc6t\xa8>\xaf\x82\x12\xdf\x17\xaeN\x1e'
11E8E149-C674-A83E-AF82-12DF17AE4E1E,2011-ncaa-d1-natl,ncaa,159,172,95,172,128,174,122,96,179,72,41,203,295,290,253,311,245,186,296,186,322,108,117,233,254,230,335,311,263,60,51,239,293,131,178,137,177,153,125,138,140,147,84,89,,,123,107,,,162,154,235,260,211,147,113,64,31,310,308,264,223,227,139,162,59,288,177,150,135,161,90,,94,,,163,148,171,183,158,163,214,111,189,145,288,155,99,72,271,69,63,153,194,172,158,124,159,214,102,253,293,168,51,219,178,109,87,101,89,81,112,96,141,59,,,156,202,,,162,169,197,149,177,109,138,133,131,172,166,121,86,65,63,91,115,238,118,168,99,112,102,130,,190,,,b'\x11\xe8\xe1I\xc6t\xa8>\xaf\x82\x12\xdf\x17\xaeN\x1e'
11E8E149-C674-A83E-AF82-12DF17AE4E1E,2012-ncaa-d0-natl,ncaa,198,202,163,207,221,226,207,208,193,189,165,243,190,233,66,228,290,246,309,243,274,211,190,196,238,261,220,155,275,95,45,297,284,204,135,209,183,249,268,251,98,61,13,3,,,180,255,,,156,241,227,262,234,196,193,186,150,176,232,297,255,251,218,180,72,309,206,206,260,77,6,,215,,,156,55,54,55,156,95,98,152,50,57,102,81,166,153,207,160,211,58,108,125,146,79,126,74,263,174,284,52,45,73,135,81,175,98,47,63,210,222,17,17,,,226,228,,,156,94,220,101,159,81,76,53,121,115,54,55,186,174,182,59,114,203,52,95,99,71,224,20,,219,,,b'\x11\xe8\xe1I\xc6t\xa8>\xaf\x82\x12\xdf\x17\xaeN\x1e'
11E8E149-C674-A83E-AF82-12DF17AE4E1E,2012-ncaa-d1-conf-SEC,ncaa,9,9,8,9,10,9,9,11,9,9,11,9,7,10,1,8,9,9,8,9,9,12,10,9,9,9,5,5,6,8,6,11,10,12,9,9,5,9,11,9,4,4,1,1,,,7,10,,,9,11,6,8,9,9,10,9,7,6,10,8,9,9,10,6,8,10,11,7,11,4,1,,10,,,9,3,2,3,6,3,3,4,6,5,10,7,10,9,11,9,10,3,3,7,9,8,11,7,11,7,10,3,6,6,9,8,12,4,3,6,9,10,2,3,,,8,7,,,9,3,9,8,9,8,4,4,4,5,6,6,11,10,10,5,6,9,5,7,8,3,10,2,,6,,,b'\x11\xe8\xe1I\xc6t\xa8>\xaf\x82\x12\xdf\x17\xaeN\x1e'
11E8E149-C674-A83E-AF82-12DF17AE4E1E,2012-ncaa-d1-natl,ncaa,208,201,196,213,263,249,227,233,200,210,186,251,199,244,66,223,300,271,307,267,271,241,232,207,244,265,220,153,272,104,45,311,290,236,141,233,189,229,272,256,110,65,14,3,,,159,256,,,167,270,232,262,245,204,201,195,153,176,233,297,257,252,225,187,74,311,212,215,262,84,6,,218,,,167,42,41,36,161,75,74,160,43,48,113,80,153,139,212,146,212,37,71,131,153,86,123,73,264,157,290,32,45,50,141,69,173,110,49,67,192,222,10,16,,,251,225,,,167,63,229,112,169,88,83,54,124,117,56,57,191,177,190,60,113,206,50,99,100,76,225,18,,218,,,b'\x11\xe8\xe1I\xc6t\xa8>\xaf\x82\x12\xdf\x17\xaeN\x1e'
11E8E149-C674-A83E-AF82-12DF17AE4E1E,2013-ncaa-d0-natl,ncaa,96,145,24,131,38,47,18,35,39,15,11,65,245,274,114,318,178,116,320,119,321,39,26,82,117,115,335,306,311,33,39,118,261,61,119,19,91,276,143,63,10,11,26,14,,,294,160,,,80,38,116,267,86,25,77,14,18,280,312,267,202,203,90,96,67,250,157,27,178,13,43,,190,,,82,275,230,276,94,63,98,83,342,340,303,339,240,213,274,214,247,277,314,203,209,85,343,342,164,299,261,201,39,267,119,313,327,12,21,90,251,139,40,5,,,130,308,,,80,309,96,106,89,149,93,108,14,10,336,332,150,126,124,101,217,224,56,110,248,17,157,20,,257,,,b'\x11\xe8\xe1I\xc6t\xa8>\xaf\x82\x12\xdf\x17\xaeN\x1e'
11E8E149-C674-A83E-AF82-12DF17AE4E1E,2013-ncaa-d1-conf-SEC,ncaa,11,11,10,11,12,10,8,11,7,6,7,8,13,13,7,13,12,12,11,12,13,12,10,8,8,10,13,12,12,11,9,13,11,12,11,6,5,13,12,10,2,2,5,2,,,10,12,,,10,9,6,9,10,6,9,5,3,12,13,12,12,12,11,6,8,13,13,5,13,2,5,,12,,,10,8,4,2,11,1,1,8,14,13,13,14,10,9,13,9,13,2,6,12,12,9,14,14,12,8,11,3,9,4,11,10,14,2,2,6,12,12,1,1,,,12,14,,,10,6,12,9,10,10,6,4,1,1,14,14,11,10,10,5,9,10,6,6,10,2,13,1,,12,,,b'\x11\xe8\xe1I\xc6t\xa8>\xaf\x82\x12\xdf\x17\xaeN\x1e'
11E8E149-C674-A83E-AF82-12DF17AE4E1E,2013-ncaa-d1-natl,ncaa,107,145,27,135,44,53,20,39,42,16,12,66,252,284,115,318,191,124,321,127,320,43,28,84,122,116,335,306,309,37,43,133,268,72,123,20,92,266,144,63,10,14,27,14,,,285,165,,,92,43,118,267,89,27,80,14,19,281,312,264,202,203,93,104,73,256,163,28,177,15,43,,192,,,94,268,219,264,101,53,78,89,342,339,306,340,230,201,278,200,249,266,310,206,214,94,343,342,165,293,268,184,43,255,123,312,327,13,23,93,236,141,33,5,,,146,309,,,92,304,98,110,99,153,97,112,15,10,336,332,153,129,125,103,216,228,57,111,251,22,159,20,,255,,,b'\x11\xe8\xe1I\xc6t\xa8>\xaf\x82\x12\xdf\x17\xaeN\x1e'
11E8E149-C674-A83E-AF82-12DF17AE4E1E,2014-ncaa-d0-natl,ncaa,105,150,28,128,28,102,69,54,124,22,17,143,323,309,330,335,107,79,272,82,269,56,38,223,232,250,342,340,161,29,35,119,179,64,76,45,77,328,250,161,8,9,19,13,,,333,296,,,114,51,174,75,198,136,157,35,30,338,330,186,141,151,151,112,59,259,143,77,278,11,25,,285,,,115,220,144,209,101,111,158,96,247,256,161,236,301,299,186,299,298,242,299,117,143,49,315,239,295,224,179,188,35,209,76,260,309,12,18,53,332,273,240,85,,,88,247,,,114,306,207,45,110,67,40,34,28,25,185,184,226,219,218,56,175,121,56,65,173,32,290,173,,208,,,b'\x11\xe8\xe1I\xc6t\xa8>\xaf\x82\x12\xdf\x17\xaeN\x1e'
11E8E149-C674-A83E-AF82-12DF17AE4E1E,2014-ncaa-d1-conf-SEC,ncaa,6,10,1,8,2,9,7,3,10,4,2,9,13,11,14,12,5,4,12,4,9,3,2,12,12,14,13,13,3,2,4,6,8,4,9,2,5,14,12,9,1,1,2,2,,,13,11,,,11,2,3,4,11,9,6,5,2,13,12,6,4,4,4,2,2,8,6,4,14,1,2,,13,,,10,10,9,9,7,7,7,9,10,11,3,10,12,12,4,12,11,9,13,8,8,3,12,7,10,11,8,12,4,11,9,13,14,1,3,7,13,13,7,5,,,6,12,,,11,13,14,3,11,8,6,6,5,4,8,9,9,11,11,6,11,7,10,10,11,1,13,5,,10,,,b'\x11\xe8\xe1I\xc6t\xa8>\xaf\x82\x12\xdf\x17\xaeN\x1e'
11E8E149-C674-A83E-AF82-12DF17AE4E1E,2014-ncaa-d1-natl,ncaa,111,150,33,138,34,121,82,65,134,26,18,148,327,314,330,335,117,90,274,93,267,64,47,229,234,255,341,339,160,36,37,142,184,75,79,50,78,325,255,165,11,10,21,13,,,332,297,,,122,57,180,76,204,141,158,39,29,338,329,192,149,154,154,120,61,267,148,79,274,13,26,,285,,,123,199,130,191,103,98,141,102,239,248,163,235,291,294,193,293,298,220,289,122,146,54,312,239,293,200,184,166,37,183,79,251,310,14,18,59,328,279,231,85,,,97,248,,,122,299,213,48,118,70,42,36,29,25,186,183,228,226,222,55,173,124,56,65,175,36,291,177,,212,,,b'\x11\xe8\xe1I\xc6t\xa8>\xaf\x82\x12\xdf\x17\xaeN\x1e'
11E8E149-C674-A83E-AF82-12DF17AE4E1E,2015-ncaa-d0-natl,ncaa,208,238,113,230,161,251,161,186,139,83,112,117,301,278,325,275,340,315,340,319,342,215,194,203,261,273,338,301,338,138,78,255,258,207,152,121,104,242,266,178,40,14,75,39,,,173,199,,,132,221,282,283,299,187,233,78,108,309,291,346,334,337,278,261,144,304,260,124,231,33,66,,139,,,134,32,36,68,57,51,66,131,63,153,10,224,114,119,148,123,207,61,139,53,59,14,154,131,227,180,258,63,78,101,152,73,196,66,28,32,304,315,112,79,,,296,317,,,132,133,268,23,129,19,20,28,34,30,49,146,105,103,105,22,72,163,52,69,65,47,293,93,,335,,,b'\x11\xe8\xe1I\xc6t\xa8>\xaf\x82\x12\xdf\x17\xaeN\x1e'
11E8E149-C674-A83E-AF82-12DF17AE4E1E,2015-ncaa-d1-conf-SEC,ncaa,13,13,4,13,7,13,8,9,9,7,6,8,12,11,14,9,14,14,10,14,14,10,8,11,14,14,12,11,14,7,7,8,10,11,7,6,4,13,12,9,4,3,4,3,,,7,6,,,12,9,13,7,14,11,11,7,9,12,11,14,14,14,12,10,7,11,11,7,11,4,4,,7,,,11,7,8,7,8,9,5,10,5,6,2,10,7,6,10,6,5,6,8,8,8,7,6,5,6,8,10,4,7,8,7,9,13,5,6,8,14,14,5,7,,,14,14,,,12,6,13,7,11,5,7,6,7,4,6,8,6,6,6,2,3,9,4,5,9,7,14,6,,14,,,b'\x11\xe8\xe1I\xc6t\xa8>\xaf\x82\x12\xdf\x17\xaeN\x1e'
11E8E149-C674-A83E-AF82-12DF17AE4E1E,2015-ncaa-d1-natl,ncaa,222,238,143,237,198,276,191,230,147,105,126,122,308,289,324,274,344,324,340,326,342,254,244,214,264,280,337,301,339,154,83,294,269,246,160,143,106,228,272,183,46,17,78,41,,,139,201,,,147,266,285,285,304,200,242,87,110,311,290,346,335,337,285,264,156,307,268,131,237,35,68,,139,,,147,22,22,42,60,43,44,139,57,135,10,225,100,101,149,104,206,31,92,53,62,20,147,130,224,159,269,41,83,68,160,57,197,75,34,36,296,317,98,84,,,316,314,,,147,89,271,27,146,19,21,28,38,32,53,144,107,108,109,22,70,167,54,73,68,51,296,99,,334,,,b'\x11\xe8\xe1I\xc6t\xa8>\xaf\x82\x12\xdf\x17\xaeN\x1e'
11E8E149-C674-A83E-AF82-12DF17AE4E1E,2016-ncaa-d0-natl,ncaa,86,111,38,104,41,127,86,83,96,48,64,69,257,198,316,246,235,172,340,176,271,92,66,150,202,224,329,291,294,72,73,238,269,151,166,102,164,339,273,220,7,5,176,138,,,300,224,,,128,71,176,76,206,121,175,67,119,295,248,291,238,243,203,144,109,334,273,140,286,7,219,,232,,,130,178,133,153,139,101,62,237,222,298,50,317,259,251,196,250,309,179,281,159,189,46,290,227,265,238,269,172,73,204,166,262,322,7,6,42,339,298,256,171,,,131,237,,,128,286,208,48,124,75,55,32,35,7,186,259,204,197,198,38,182,147,67,79,189,8,299,207,,216,,,b'\x11\xe8\xe1I\xc6t\xa8>\xaf\x82\x12\xdf\x17\xaeN\x1e'
11E8E149-C674-A83E-AF82-12DF17AE4E1E,2016-ncaa-d1-conf-SEC,ncaa,7,7,6,8,6,8,8,8,7,7,6,7,12,12,13,10,13,13,13,13,14,9,6,9,10,11,12,11,13,9,8,13,13,12,12,9,8,12,10,9,1,1,10,8,,,6,7,,,10,7,10,7,11,7,9,6,8,12,11,13,12,13,10,10,8,13,12,9,11,2,11,,6,,,10,6,3,4,7,2,1,11,11,14,5,14,11,9,13,9,13,4,9,8,10,5,14,12,11,8,13,8,8,7,12,10,13,2,1,4,12,12,11,10,,,12,11,,,10,9,10,5,9,6,4,2,1,1,10,13,12,10,9,2,7,7,7,6,9,2,12,11,,13,,,b'\x11\xe8\xe1I\xc6t\xa8>\xaf\x82\x12\xdf\x17\xaeN\x1e'
11E8E149-C674-A83E-AF82-12DF17AE4E1E,2016-ncaa-d1-natl,ncaa,95,111,51,111,56,153,103,106,103,57,78,73,272,212,318,244,257,192,340,196,269,120,81,161,209,232,327,291,293,84,76,271,277,186,179,120,169,333,274,229,8,5,196,145,,,284,225,,,145,87,182,71,218,134,185,75,123,295,250,293,241,248,208,150,112,339,283,150,289,9,221,,236,,,147,153,108,116,153,84,39,243,209,287,56,314,247,240,207,238,310,143,267,171,196,56,290,225,269,216,277,142,76,172,179,254,322,10,6,46,336,301,248,173,,,152,233,,,145,272,218,57,138,82,59,32,41,7,190,258,207,202,204,37,183,150,69,81,196,12,299,218,,217,,,b'\x11\xe8\xe1I\xc6t\xa8>\xaf\x82\x12\xdf\x17\xaeN\x1e'
11E8E149-C674-A83E-AF82-12DF17AE4E1E,2016-ncaa-d1-ncaatournament,ncaa,17,2,17,17,17,27,26,19,36,19,18,31,38,26,55,48,30,23,52,23,38,19,20,43,44,47,61,56,35,19,24,31,35,27,39,20,16,45,32,26,16,17,30,43,,,39,36,,,49,21,20,1,34,32,21,14,14,52,44,38,30,30,22,20,22,50,43,15,39,17,41,,34,,,39,44,43,34,48,43,37,46,36,34,41,23,39,40,47,38,32,33,39,48,49,40,29,26,34,31,35,47,24,40,39,50,59,14,10,28,42,37,46,43,,,28,48,,,49,43,41,35,41,34,34,9,34,17,25,18,30,27,21,9,26,10,41,27,52,9,37,46,,42,,,b'\x11\xe8\xe1I\xc6t\xa8>\xaf\x82\x12\xdf\x17\xaeN\x1e'
11E8E149-C674-A83E-AF82-12DF17AE4E1E,2017-ncaa-d0-natl,ncaa,136,152,74,152,88,146,155,83,275,162,125,241,155,90,300,124,133,140,163,136,177,88,116,275,273,211,157,167,136,75,121,336,327,265,313,184,208,79,48,126,11,6,235,168,,,286,278,,,134,140,254,132,206,227,126,209,182,182,110,170,186,183,131,209,85,348,335,221,47,8,254,,247,,,135,144,108,45,272,53,12,303,269,249,255,322,215,197,248,194,321,52,212,311,316,89,325,306,229,184,327,282,121,250,313,245,319,4,2,20,30,28,223,199,,,78,78,,,134,218,174,89,128,75,50,5,19,2,248,222,168,153,149,6,97,130,207,184,190,2,25,197,,97,,,b'\x11\xe8\xe1I\xc6t\xa8>\xaf\x82\x12\xdf\x17\xaeN\x1e'
11E8E149-C674-A83E-AF82-12DF17AE4E1E,2017-ncaa-d1-conf-SEC,ncaa,9,8,9,9,10,13,12,7,13,11,10,13,6,4,9,4,13,12,11,12,11,10,13,14,13,9,5,4,13,3,6,14,14,14,14,12,7,1,2,6,2,2,12,8,,,4,6,,,7,13,12,4,11,11,1,10,8,4,3,13,12,12,3,9,2,14,14,11,2,2,12,,7,,,8,1,1,1,14,1,1,14,13,11,10,14,5,5,6,5,12,1,2,14,14,5,12,14,7,6,14,11,6,10,14,9,14,2,1,3,1,2,12,13,,,12,9,,,7,2,8,5,7,4,4,1,1,1,13,12,6,6,6,1,6,8,12,12,12,1,2,13,,10,,,b'\x11\xe8\xe1I\xc6t\xa8>\xaf\x82\x12\xdf\x17\xaeN\x1e'
11E8E149-C674-A83E-AF82-12DF17AE4E1E,2017-ncaa-d1-natl,ncaa,143,151,98,156,112,178,191,101,283,187,158,252,168,99,299,123,153,166,160,164,183,114,152,279,276,218,155,164,137,95,128,346,329,302,316,206,215,56,53,133,16,7,245,172,,,266,284,,,153,188,261,127,218,236,131,222,185,181,110,178,195,191,139,221,92,348,338,227,48,8,254,,249,,,154,112,85,19,284,36,5,311,260,237,268,322,195,182,253,181,321,22,175,321,327,102,325,307,230,156,329,260,128,224,316,232,321,6,2,24,18,28,220,206,,,94,77,,,153,173,184,102,142,81,57,5,21,2,253,219,176,152,151,6,97,133,214,189,198,2,24,204,,97,,,b'\x11\xe8\xe1I\xc6t\xa8>\xaf\x82\x12\xdf\x17\xaeN\x1e'
11E8E149-C674-A83E-AF82-12DF17AE4E1E,2017-ncaa-d1-ncaatournament,ncaa,33,2,33,33,33,61,61,49,62,53,42,59,62,53,64,41,32,33,16,31,12,42,46,62,61,60,33,59,1,45,52,46,28,47,53,57,30,5,11,45,29,7,35,14,,,26,54,,,43,45,33,6,61,61,30,53,25,62,35,9,13,9,21,32,23,45,46,56,9,7,28,,53,,,47,3,1,5,8,1,1,48,15,33,12,64,22,12,64,10,57,4,15,17,30,12,59,48,54,10,28,30,52,25,53,3,13,33,3,2,1,1,2,3,,,37,13,,,43,19,61,9,44,12,3,7,1,1,34,61,46,27,24,6,23,15,60,57,5,4,1,2,,14,,,b'\x11\xe8\xe1I\xc6t\xa8>\xaf\x82\x12\xdf\x17\xaeN\x1e'
11E8E149-C674-A83E-AF82-12DF17AE4E1E,2018-ncaa-d0-natl,ncaa,208,162,295,201,318,270,231,246,203,147,149,188,327,315,315,289,275,273,246,267,299,254,276,252,270,261,327,316,211,119,38,347,312,330,231,321,335,108,197,278,10,2,242,92,,,224,324,,,136,311,197,278,231,166,127,80,54,316,286,243,223,215,136,119,51,349,322,312,211,2,227,,302,,,137,14,6,2,210,3,1,282,109,108,156,319,258,222,310,217,346,4,31,257,310,67,343,251,338,40,312,32,38,27,231,80,334,20,2,12,163,227,116,107,,,317,311,,,136,35,224,62,139,64,16,5,8,3,177,192,310,284,281,6,107,105,93,89,147,3,238,182,,290,,,b'\x11\xe8\xe1I\xc6t\xa8>\xaf\x82\x12\xdf\x17\xaeN\x1e'
11E8E149-C674-A83E-AF82-12DF17AE4E1E,2018-ncaa-d1-conf-SEC,ncaa,10,10,10,10,13,13,11,9,12,8,7,12,13,11,11,10,11,13,5,11,12,9,8,12,12,13,10,9,7,5,6,14,14,13,12,14,14,8,10,14,1,1,11,6,,,13,13,,,10,10,5,8,12,11,7,7,5,12,10,11,10,8,7,5,4,14,12,14,10,1,11,,14,,,10,3,2,1,10,1,1,13,6,6,7,13,13,13,11,13,14,1,4,9,11,6,14,9,14,5,14,10,6,8,12,9,12,1,1,3,12,12,10,8,,,13,12,,,10,4,12,5,10,6,2,1,2,1,6,9,14,14,14,2,8,7,11,9,9,1,13,11,,13,,,b'\x11\xe8\xe1I\xc6t\xa8>\xaf\x82\x12\xdf\x17\xaeN\x1e'
11E8E149-C674-A83E-AF82-12DF17AE4E1E,2018-ncaa-d1-natl,ncaa,203,162,315,200,329,275,237,248,210,149,144,188,328,314,320,291,273,261,258,259,286,260,279,260,279,264,326,317,196,112,48,349,312,337,236,328,334,114,192,279,7,2,247,98,,,229,322,,,140,319,195,279,237,168,133,75,53,320,287,234,202,191,141,127,57,349,324,316,208,2,232,,295,,,137,9,6,1,201,3,1,286,127,129,145,326,249,211,310,205,346,2,20,256,315,63,343,262,335,42,312,34,48,21,236,72,334,21,2,12,172,229,107,89,,,314,298,,,140,28,228,60,143,62,17,5,7,3,190,207,296,271,267,6,108,110,105,100,145,3,240,165,,278,,,b'\x11\xe8\xe1I\xc6t\xa8>\xaf\x82\x12\xdf\x17\xaeN\x1e'
11E8E149-C674-A83E-AF82-12DF17AE4E1E,2019-ncaa-d0-natl,ncaa,78,57,114,68,132,80,74,78,101,58,65,94,159,159,175,226,96,106,128,102,188,72,111,115,111,68,253,238,167,80,81,310,257,221,207,204,340,27,22,109,3,3,266,226,,,255,276,,,65,129,156,111,63,56,41,40,64,168,168,82,113,112,42,110,86,341,277,236,33,3,280,,254,,,61,168,120,59,262,48,16,265,295,254,316,315,227,219,228,207,313,65,197,308,322,158,338,320,242,105,257,144,81,124,207,212,295,9,6,34,122,97,27,16,,,198,255,,,65,209,54,136,67,145,96,18,34,5,300,239,225,207,197,22,154,94,131,103,199,8,121,34,,214,,,b'\x11\xe8\xe1I\xc6t\xa8>\xaf\x82\x12\xdf\x17\xaeN\x1e'
11E8E149-C674-A83E-AF82-12DF17AE4E1E,2019-ncaa-d1-conf-SEC,ncaa,6,6,4,6,4,7,7,4,9,7,6,11,9,7,10,7,7,5,11,5,7,4,7,11,10,6,7,7,8,6,8,14,12,13,12,11,13,1,3,5,1,1,13,12,,,14,13,,,7,7,12,4,9,6,7,8,7,8,8,8,6,5,5,9,7,14,14,11,2,1,13,,13,,,7,7,3,3,11,1,1,11,14,11,14,14,12,11,11,11,14,2,6,13,14,9,14,14,12,2,12,12,8,12,12,11,13,1,1,3,5,6,4,3,,,9,10,,,7,7,8,9,7,6,2,1,1,1,14,12,10,10,10,1,3,2,10,9,11,1,5,4,,10,,,b'\x11\xe8\xe1I\xc6t\xa8>\xaf\x82\x12\xdf\x17\xaeN\x1e'
11E8E149-C674-A83E-AF82-12DF17AE4E1E,2019-ncaa-d1-natl,ncaa,73,57,107,67,118,79,75,71,111,61,67,105,148,147,161,220,97,110,136,108,193,69,112,117,116,73,241,233,178,87,88,323,263,237,224,201,334,29,23,103,3,3,263,212,,,250,275,,,70,130,160,116,69,58,45,46,67,158,166,91,115,114,46,116,89,346,293,224,32,5,274,,251,,,70,177,114,52,276,50,9,278,302,259,321,315,228,217,257,205,310,53,191,316,328,172,339,320,238,96,263,163,88,129,224,222,295,12,6,42,140,105,24,14,,,207,257,,,70,207,58,140,75,151,102,19,32,6,303,239,225,207,196,21,149,92,133,104,206,10,132,31,,222,,,b'\x11\xe8\xe1I\xc6t\xa8>\xaf\x82\x12\xdf\x17\xaeN\x1e'
11E8E149-C674-A83E-AF82-12DF17AE4E1E,2019-ncaa-d1-ncaatournament,ncaa,33,2,33,33,36,45,43,36,51,40,38,36,58,42,64,24,37,32,53,29,15,33,33,56,57,52,49,52,15,26,11,38,5,33,15,55,56,9,12,41,21,3,59,60,,,16,41,,,36,39,4,7,43,37,4,25,14,53,14,20,9,4,1,1,3,28,5,53,18,3,59,,41,,,39,11,15,13,46,19,10,55,5,18,14,31,17,24,8,24,53,13,17,37,32,28,19,13,37,4,5,17,11,9,15,10,22,41,16,18,16,30,36,57,,,38,37,,,36,28,47,16,35,35,39,20,44,21,10,30,34,51,52,24,37,4,49,26,28,14,37,61,,14,,,b'\x11\xe8\xe1I\xc6t\xa8>\xaf\x82\x12\xdf\x17\xaeN\x1e'
11E8E149-C674-A83E-AF82-12DF17AE4E1E,2020-ncaa-d0-natl,ncaa,239,240,191,250,211,143,149,188,120,168,228,86,136,118,203,119,137,139,155,144,116,180,164,114,112,153,141,153,142,132,107,325,165,282,177,215,267,239,221,243,15,12,310,289,,,113,137,,,251,170,114,96,116,125,143,150,221,131,106,111,126,129,129,96,121,336,284,216,246,13,303,,139,,,254,301,305,108,350,252,43,350,339,290,341,328,94,91,216,85,176,94,131,351,351,343,238,316,34,33,165,99,107,52,177,326,279,104,75,247,284,276,52,81,,,300,325,,,251,176,143,326,253,318,323,128,265,35,343,306,116,106,95,102,160,34,110,63,333,79,294,61,,293,,,b'\x11\xe8\xe1I\xc6t\xa8>\xaf\x82\x12\xdf\x17\xaeN\x1e'
11E8E149-C674-A83E-AF82-12DF17AE4E1E,2020-ncaa-d1-conf-SEC,ncaa,12,12,4,12,5,8,9,6,13,10,10,9,5,4,11,5,8,9,5,10,5,6,4,10,9,10,5,6,7,5,8,12,10,12,11,8,6,13,10,11,1,1,13,13,,,3,4,,,11,4,5,4,9,12,7,11,10,5,4,8,9,10,8,4,7,12,12,9,13,1,14,,3,,,11,13,13,8,14,12,2,14,14,12,14,13,3,3,11,3,4,3,7,14,14,13,10,12,2,2,10,12,8,7,11,14,14,2,2,9,14,14,2,4,,,13,13,,,11,11,10,13,11,11,13,5,10,1,14,12,3,3,3,2,7,2,12,7,14,2,14,2,,13,,,b'\x11\xe8\xe1I\xc6t\xa8>\xaf\x82\x12\xdf\x17\xaeN\x1e'
11E8E149-C674-A83E-AF82-12DF17AE4E1E,2020-ncaa-d1-natl,ncaa,257,240,257,258,268,182,185,228,127,196,257,93,152,134,209,119,162,164,155,170,116,219,213,122,117,159,139,154,137,158,115,338,174,315,185,252,270,221,224,257,26,15,319,291,,,93,141,,,268,224,119,91,123,141,152,158,223,136,109,115,129,134,138,100,130,337,294,228,247,16,304,,144,,,272,283,294,73,350,238,28,350,335,275,344,326,88,80,219,74,181,59,78,351,351,345,239,317,33,23,174,73,115,37,185,321,283,123,81,259,276,278,43,83,,,313,322,,,268,114,156,331,273,326,327,132,275,37,343,308,121,107,98,106,160,37,111,66,336,89,293,64,,292,,,b'\x11\xe8\xe1I\xc6t\xa8>\xaf\x82\x12\xdf\x17\xaeN\x1e'
11E8E149-C674-A83E-AF82-12DF17AE4E1E,2021-ncaa-d0-natl,ncaa,265,329,89,303,122,117,112,68,251,72,38,244,199,153,298,260,116,129,107,119,257,72,75,267,265,229,271,281,136,39,103,160,163,105,190,167,293,219,98,199,21,20,232,262,,,181,62,,,284,91,75,191,152,132,42,85,37,260,227,131,163,155,43,50,47,269,147,239,151,21,275,,85,,,264,288,289,235,328,257,193,317,318,278,334,277,199,183,249,195,176,228,245,335,332,306,249,300,66,177,163,289,103,264,190,319,278,49,80,213,271,196,202,92,,,140,270,,,284,256,202,279,259,294,294,164,228,90,317,263,131,117,129,147,226,94,284,222,311,62,236,156,,211,,,b'\x11\xe8\xe1I\xc6t\xa8>\xaf\x82\x12\xdf\x17\xaeN\x1e'
11E8E149-C674-A83E-AF82-12DF17AE4E1E,2021-ncaa-d1-conf-SEC,ncaa,13,14,5,13,9,12,12,5,13,10,7,13,9,6,13,7,11,11,2,11,14,7,7,13,13,13,7,7,8,5,8,12,9,10,11,9,9,7,6,11,3,2,12,13,,,5,5,,,14,9,5,9,13,13,3,11,8,8,7,11,14,14,5,7,5,13,11,10,6,2,13,,4,,,13,11,11,6,13,8,4,13,14,12,13,12,7,7,9,8,9,7,7,13,13,13,11,12,5,7,9,13,8,10,11,14,14,4,3,10,7,7,9,7,,,12,14,,,14,8,13,12,13,11,11,4,9,1,13,11,6,6,6,3,6,4,12,12,13,4,6,9,,13,,,b'\x11\xe8\xe1I\xc6t\xa8>\xaf\x82\x12\xdf\x17\xaeN\x1e'
11E8E149-C674-A83E-AF82-12DF17AE4E1E,2021-ncaa-d1-natl,ncaa,277,329,105,308,140,135,122,80,257,80,45,254,206,162,302,258,123,140,106,131,258,86,89,274,272,237,270,280,129,47,109,176,168,120,195,184,294,205,98,208,27,23,239,266,,,167,64,,,290,110,77,183,161,140,46,88,39,260,226,132,167,158,50,55,51,273,156,245,150,24,278,,84,,,273,288,288,215,329,251,181,318,318,267,337,276,190,172,251,189,180,210,232,335,332,309,250,298,67,166,168,278,109,249,195,316,279,57,83,222,263,200,197,96,,,154,269,,,290,239,205,289,266,299,296,167,235,91,318,263,138,120,130,150,224,98,285,224,312,65,239,158,,212,,,b'\x11\xe8\xe1I\xc6t\xa8>\xaf\x82\x12\xdf\x17\xaeN\x1e'
11E8E149-C674-A83E-AF82-12DF17AE4E1E,2022-ncaa-d0-natl,ncaa,254,245,216,261,236,205,197,182,233,137,82,278,311,321,263,335,88,57,304,56,96,158,181,282,271,229,295,329,40,125,158,261,266,214,245,265,305,86,93,215,121,110,153,158,,,272,296,,,214,195,98,195,176,178,122,79,26,319,328,53,25,21,66,82,98,270,185,267,130,103,135,,307,,,215,160,142,113,228,199,207,184,46,24,235,16,299,295,238,294,266,133,161,193,228,194,104,25,315,182,266,205,158,201,245,48,35,131,102,47,52,57,322,287,,,114,64,,,214,155,212,187,218,218,186,128,253,276,51,26,316,313,311,187,243,224,276,270,79,87,69,337,,46,,,b'\x11\xe8\xe1I\xc6t\xa8>\xaf\x82\x12\xdf\x17\xaeN\x1e'
11E8E149-C674-A83E-AF82-12DF17AE4E1E,2022-ncaa-d1-conf-SEC,ncaa,14,14,9,14,11,14,14,11,14,11,9,14,11,11,13,9,9,8,14,6,3,10,11,14,14,13,9,10,1,8,11,14,13,13,13,14,12,4,6,12,7,6,9,9,,,11,13,,,14,12,8,6,13,14,9,9,6,11,10,6,4,3,8,9,7,13,13,13,5,5,9,,13,,,14,9,6,1,11,5,2,11,6,4,13,7,13,13,14,13,14,4,3,13,13,13,10,7,13,7,13,11,11,9,13,7,7,6,3,5,3,7,7,8,,,7,3,,,14,2,14,11,14,11,10,3,8,2,8,6,14,13,13,4,6,7,13,12,7,3,5,9,,4,,,b'\x11\xe8\xe1I\xc6t\xa8>\xaf\x82\x12\xdf\x17\xaeN\x1e'
11E8E149-C674-A83E-AF82-12DF17AE4E1E,2022-ncaa-d1-natl,ncaa,269,245,270,268,285,239,235,231,248,173,96,287,322,327,275,335,103,65,302,64,95,200,232,292,286,242,296,330,38,155,167,300,279,260,263,290,309,66,101,223,154,124,168,166,,,248,299,,,235,250,101,184,194,201,135,91,28,322,330,53,26,20,75,89,102,279,202,281,136,117,136,,308,,,236,129,116,69,241,180,169,191,31,14,249,16,285,281,243,281,267,92,109,205,246,213,100,29,316,163,279,182,167,164,263,33,36,156,111,57,43,59,318,296,,,132,56,,,235,99,231,215,238,233,200,134,259,280,52,27,318,312,312,190,240,228,277,273,85,99,70,339,,42,,,b'\x11\xe8\xe1I\xc6t\xa8>\xaf\x82\x12\xdf\x17\xaeN\x1e'
11E8E149-C674-A83E-AF82-12DF17AE4E1E,2023-ncaa-d0-natl,ncaa,153,160,116,166,146,134,113,89,198,64,33,241,286,307,206,337,109,84,285,80,227,89,88,240,243,213,329,330,134,116,183,236,306,183,283,179,282,204,119,197,31,31,27,31,,,325,308,,,160,85,41,240,135,105,49,46,11,307,323,116,73,70,44,53,132,297,240,201,192,22,25,,328,,,160,233,190,170,188,268,293,126,32,21,187,5,339,346,129,343,300,234,282,131,180,87,95,13,352,297,306,288,183,311,283,84,56,27,36,13,159,103,186,57,,,76,126,,,160,268,217,104,170,211,146,114,248,298,23,11,340,347,346,217,318,289,276,299,59,25,153,165,,78,,,b'\x11\xe8\xe1I\xc6t\xa8>\xaf\x82\x12\xdf\x17\xaeN\x1e'
11E8E149-C674-A83E-AF82-12DF17AE4E1E,2023-ncaa-d1-conf-SEC,ncaa,10,10,9,10,10,14,14,10,14,8,7,13,13,13,14,12,9,7,14,7,11,9,10,14,14,14,12,13,4,11,12,13,10,12,12,13,9,6,8,12,3,4,8,9,,,11,12,,,14,9,4,4,13,13,8,7,4,13,12,9,6,6,7,6,9,12,11,13,9,3,8,,14,,,14,8,8,4,13,9,6,13,3,2,7,2,11,12,7,12,12,5,5,12,13,11,7,2,12,6,10,13,12,10,12,10,9,4,3,6,3,2,6,5,,,9,7,,,14,5,14,11,14,12,11,6,11,8,3,3,14,14,14,9,11,9,14,12,11,3,3,8,,7,,,b'\x11\xe8\xe1I\xc6t\xa8>\xaf\x82\x12\xdf\x17\xaeN\x1e'
11E8E149-C674-A83E-AF82-12DF17AE4E1E,2023-ncaa-d1-natl,ncaa,167,160,151,172,188,165,138,106,210,76,37,253,301,321,208,338,133,100,284,98,230,104,108,248,248,226,326,329,125,139,191,277,323,234,297,211,289,177,126,212,40,39,29,36,,,317,310,,,177,103,43,228,145,112,50,51,11,308,326,116,75,71,50,59,141,300,253,217,192,26,25,,330,,,178,199,148,128,205,246,280,140,25,14,204,5,336,340,134,338,302,197,260,149,202,109,95,14,350,278,323,265,191,289,297,66,57,37,42,21,136,109,171,66,,,99,118,,,177,248,231,125,189,222,159,117,252,301,23,10,344,346,346,222,317,290,280,302,65,30,154,172,,73,,,b'\x11\xe8\xe1I\xc6t\xa8>\xaf\x82\x12\xdf\x17\xaeN\x1e'
11E8E149-C674-A83E-AF82-12DF17AE4E1E,2024-ncaa-d0-natl,ncaa,86,82,94,90,126,121,107,88,164,48,21,214,321,330,255,348,73,61,211,64,223,83,83,241,222,194,338,347,74,73,114,144,146,116,157,152,232,213,133,174,17,20,61,63,,,305,299,,,65,84,80,263,140,117,79,38,14,338,345,72,62,68,66,79,85,201,134,173,168,22,58,,295,,,64,95,64,120,47,130,238,42,9,20,31,12,331,328,242,328,297,164,269,26,62,7,130,9,354,174,146,270,114,249,157,11,12,12,7,1,210,146,260,116,,,58,87,,,65,276,182,8,72,43,16,36,75,193,5,8,317,311,308,67,243,136,231,192,6,13,172,254,,55,,,b'\x11\xe8\xe1I\xc6t\xa8>\xaf\x82\x12\xdf\x17\xaeN\x1e'
11E8E149-C674-A83E-AF82-12DF17AE4E1E,2024-ncaa-d1-conf-SEC,ncaa,6,7,5,7,7,8,8,8,11,7,4,13,12,12,11,11,6,7,9,7,10,7,7,12,11,11,11,11,3,7,9,10,11,7,9,11,11,7,8,11,2,1,6,6,,,13,14,,,5,6,7,5,10,9,10,7,4,12,11,7,7,7,9,8,7,12,9,10,6,1,6,,13,,,5,2,1,1,4,2,4,6,1,2,1,3,13,13,10,13,14,3,9,3,4,3,7,1,14,6,11,11,9,10,9,1,1,1,1,1,7,7,10,8,,,6,4,,,5,9,12,2,5,2,1,1,3,3,1,2,13,13,13,1,6,6,11,10,1,1,6,10,,7,,,b'\x11\xe8\xe1I\xc6t\xa8>\xaf\x82\x12\xdf\x17\xaeN\x1e'
11E8E149-C674-A83E-AF82-12DF17AE4E1E,2024-ncaa-d1-natl,ncaa,108,83,130,103,175,142,135,123,179,57,25,231,333,341,265,349,86,70,208,75,224,109,108,254,232,205,339,346,64,101,128,187,162,153,175,178,241,187,135,187,29,28,66,67,,,294,304,,,79,110,87,264,152,131,87,42,15,341,348,73,63,69,69,85,99,223,153,190,172,30,63,,302,,,74,65,38,75,58,103,210,52,6,14,41,10,327,322,249,320,301,117,236,34,76,14,127,10,356,148,162,249,128,212,175,8,12,18,10,1,188,153,252,126,,,73,77,,,79,252,191,14,82,54,20,38,90,196,6,8,322,317,314,71,243,145,240,204,7,16,180,256,,54,,,b'\x11\xe8\xe1I\xc6t\xa8>\xaf\x82\x12\xdf\x17\xaeN\x1e'
11E8E149-C674-A83E-AF82-12DF17AE4E1E,2024-ncaa-d1-ncaatournament,ncaa,37,3,37,37,38,51,48,58,40,40,39,37,66,68,63,68,45,40,54,40,37,54,40,50,49,58,67,68,20,30,2,53,12,41,4,55,55,35,65,66,29,2,29,10,,,34,68,,,42,49,25,5,47,40,46,9,4,66,68,27,20,20,39,5,4,51,27,50,68,4,12,,68,,,43,8,7,3,49,8,13,39,5,6,59,6,31,35,11,33,62,5,9,46,53,42,49,14,62,5,12,1,2,1,4,7,33,39,8,12,37,60,14,21,,,38,19,,,42,17,54,29,43,30,11,4,16,18,13,7,63,64,63,7,14,8,2,2,21,11,65,38,,5,,,b'\x11\xe8\xe1I\xc6t\xa8>\xaf\x82\x12\xdf\x17\xaeN\x1e'
11E8E149-C674-A83E-AF82-12DF17AE4E1E,2025-ncaa-d0-natl,genius_ncaa,246,227,248,252,270,202,173,239,93,80,76,161,341,356,170,355,165,137,271,133,233,221,217,164,167,181,357,354,123,170,59,341,265,295,162,180,178,188,231,191,146,103,168,157,,,218,305,,204,166,235,148,176,148,111,182,32,21,342,354,109,83,80,155,112,129,344,289,141,259,116,156,,294,,256,166,108,105,44,308,175,120,264,33,17,277,28,248,203,344,189,240,46,101,279,318,192,107,35,303,94,265,15,59,18,162,33,30,79,31,26,199,242,132,66,,,158,97,,18,166,114,173,180,170,194,174,50,253,191,56,22,289,252,245,71,174,149,36,59,56,35,255,171,,84,,11,b'\x11\xe8\xe1I\xc6t\xa8>\xaf\x82\x12\xdf\x17\xaeN\x1e'
11E8E149-C674-A83E-AF82-12DF17AE4E1E,2025-ncaa-d1-conf-SEC,genius_ncaa,13,13,11,13,11,15,13,16,12,10,10,11,16,16,14,15,9,8,11,8,8,14,12,13,13,14,15,15,4,13,9,16,8,16,10,12,6,12,15,12,10,9,13,12,,,7,15,,13,12,13,11,3,14,12,16,9,5,15,15,9,7,7,14,10,13,16,16,12,13,10,13,,12,,13,12,6,5,1,16,7,1,15,7,2,14,7,10,8,16,7,14,1,1,16,16,14,9,7,16,2,8,1,9,1,10,6,5,7,2,5,11,14,5,6,,,10,4,,2,12,3,13,10,12,8,9,2,12,2,7,3,15,9,9,3,3,2,3,2,7,4,11,7,,8,,1,b'\x11\xe8\xe1I\xc6t\xa8>\xaf\x82\x12\xdf\x17\xaeN\x1e'
11E8E149-C674-A83E-AF82-12DF17AE4E1E,2025-ncaa-d1-natl,genius_ncaa,246,226,244,249,272,173,139,230,69,60,59,146,341,354,156,356,140,112,272,109,221,211,217,149,147,159,357,354,120,158,51,342,251,299,147,158,175,177,211,168,115,85,180,164,,,215,291,,191,141,225,137,181,119,85,164,21,18,343,354,92,67,66,135,109,119,345,288,118,237,86,160,,278,,240,140,105,107,39,315,182,127,272,31,13,279,25,240,196,343,188,230,41,105,281,317,173,94,33,295,84,251,10,51,18,147,28,29,61,26,22,192,213,132,55,,,147,80,,19,141,121,137,160,147,186,164,41,252,184,48,19,279,237,232,57,175,132,31,45,56,26,232,172,,72,,13,b'\x11\xe8\xe1I\xc6t\xa8>\xaf\x82\x12\xdf\x17\xaeN\x1e'
11E8E149-C674-A83E-AF82-12DF17AE4E1E,2026-ncaa-d0-natl,genius_ncaa,35,39,49,45,50,93,89,92,111,65,46,135,212,218,181,307,63,79,87,78,197,90,82,140,127,137,306,316,111,89,132,98,147,93,125,223,359,276,168,273,14,14,88,79,,,275,206,,227,45,78,251,15,139,130,177,68,77,282,307,94,127,124,160,170,156,173,147,325,179,16,115,,177,,154,47,132,85,197,23,88,188,27,101,204,39,158,301,305,174,299,295,207,276,17,30,17,285,120,349,233,147,247,132,244,125,65,100,16,15,7,263,176,219,105,,,125,255,,95,45,283,130,15,48,14,5,15,14,43,40,84,229,243,237,30,133,131,124,118,16,18,171,138,,246,,148,b'\x11\xe8\xe1I\xc6t\xa8>\xaf\x82\x12\xdf\x17\xaeN\x1e'
11E8E149-C674-A83E-AF82-12DF17AE4E1E,2026-ncaa-d1-natl,genius_ncaa,38,39,85,47,85,136,130,144,135,89,71,167,260,275,197,312,90,111,85,110,192,136,130,173,152,162,304,320,97,132,167,147,165,138,158,304,362,228,191,306,24,20,112,89,,,235,226,,201,68,129,267,12,176,173,208,91,88,293,316,96,133,132,186,198,185,209,180,343,191,22,129,,193,,160,72,78,42,137,26,56,134,36,65,147,45,160,279,284,185,278,297,154,221,20,41,20,284,122,349,190,165,202,167,195,158,37,99,30,23,10,220,192,192,124,,,179,247,,112,68,228,162,17,71,17,8,20,17,46,40,85,244,251,248,36,128,135,146,134,20,28,182,156,,244,,142,b'\x11\xe8\xe1I\xc6t\xa8>\xaf\x82\x12\xdf\x17\xaeN\x1e'
11E8E149-C678-FB0A-AF82-12DF17AE4E1E,2010-ncaa-d0-natl,ncaa,159,224,50,196,58,78,107,65,209,79,62,166,224,158,315,238,12,10,168,10,43,44,35,247,212,196,205,282,20,58,134,48,95,42,116,262,334,280,158,295,210,280,165,228,,,262,142,,,277,35,76,78,116,165,112,115,105,262,210,18,20,20,65,57,97,77,65,312,208,260,204,,174,,,271,340,341,322,311,335,308,298,319,282,298,209,242,243,173,238,124,323,300,313,305,334,152,218,72,235,95,312,134,302,116,327,136,221,318,316,185,84,160,96,,,16,42,,,277,304,193,328,272,329,333,317,321,283,298,261,175,179,173,309,249,160,243,222,290,300,118,124,,17,,,b'\x11\xe8\xe1I\xc6x\xfb\n\xaf\x82\x12\xdf\x17\xaeN\x1e'
11E8E149-C678-FB0A-AF82-12DF17AE4E1E,2010-ncaa-d1-conf-OVC,ncaa,3,3,1,3,1,2,2,2,2,2,1,3,7,7,6,10,2,1,4,1,3,1,1,6,4,5,7,9,3,2,2,2,4,2,2,5,10,9,7,8,4,5,3,5,,,6,5,,,4,1,4,4,4,3,5,2,2,8,9,2,1,1,4,2,3,4,3,9,9,4,4,,6,,,4,10,10,10,9,10,10,7,8,8,8,5,6,6,9,6,4,10,10,8,8,9,3,5,5,7,4,5,2,7,2,9,4,5,9,8,7,5,5,3,,,2,3,,,4,10,5,9,5,9,9,9,8,8,6,6,6,5,5,9,8,6,3,3,6,7,6,4,,2,,,b'\x11\xe8\xe1I\xc6x\xfb\n\xaf\x82\x12\xdf\x17\xaeN\x1e'
11E8E149-C678-FB0A-AF82-12DF17AE4E1E,2010-ncaa-d1-natl,ncaa,166,223,53,202,62,88,116,70,214,82,68,169,232,163,317,238,13,15,169,15,40,47,37,253,216,197,203,281,19,62,137,52,101,45,121,280,334,273,160,302,231,285,173,230,,,250,143,,,282,39,78,77,119,172,117,116,108,264,212,18,21,21,65,57,100,80,70,316,210,266,207,,172,,,277,339,341,321,312,333,304,300,317,277,299,210,228,232,177,227,125,321,298,315,308,334,148,216,73,225,101,304,137,295,121,322,137,238,321,319,170,84,152,99,,,16,41,,,282,302,195,330,278,330,333,319,323,284,298,261,176,184,178,310,248,161,243,222,293,300,118,127,,17,,,b'\x11\xe8\xe1I\xc6x\xfb\n\xaf\x82\x12\xdf\x17\xaeN\x1e'
11E8E149-C678-FB0A-AF82-12DF17AE4E1E,2010-ncaa-d1-ncaatournament,ncaa,33,2,33,33,34,59,58,60,54,47,48,52,52,56,46,36,48,54,12,54,54,61,58,56,56,60,38,38,35,50,41,60,64,60,61,63,63,27,60,64,59,61,41,42,,,3,7,,,58,58,56,9,59,58,52,45,38,44,47,45,53,54,61,54,40,60,60,63,54,59,32,,9,,,59,20,27,26,52,25,21,61,17,24,19,40,3,5,13,5,10,21,21,46,38,47,8,27,4,33,64,5,41,19,61,23,31,53,50,52,6,17,23,51,,,44,29,,,58,3,58,59,60,50,56,53,56,49,31,43,8,14,13,46,44,63,29,50,51,48,14,46,,39,,,b'\x11\xe8\xe1I\xc6x\xfb\n\xaf\x82\x12\xdf\x17\xaeN\x1e'
11E8E149-C678-FB0A-AF82-12DF17AE4E1E,2011-ncaa-d0-natl,ncaa,168,226,43,192,70,117,105,81,168,102,95,165,145,137,194,163,164,187,132,177,258,91,66,184,184,212,211,170,227,102,150,78,88,79,104,151,229,307,247,243,213,262,80,88,,,307,272,,,225,62,136,257,191,174,166,167,168,181,175,238,264,256,192,152,154,160,144,203,249,265,107,,255,,,220,300,253,259,205,240,235,208,220,231,177,185,323,311,296,310,272,281,271,207,244,243,241,160,285,169,88,267,150,243,104,217,156,123,195,173,309,251,272,216,,,80,176,,,225,282,205,220,219,203,156,131,158,120,171,170,290,262,264,170,152,91,155,127,154,192,256,228,,172,,,b'\x11\xe8\xe1I\xc6x\xfb\n\xaf\x82\x12\xdf\x17\xaeN\x1e'
11E8E149-C678-FB0A-AF82-12DF17AE4E1E,2011-ncaa-d1-conf-OVC,ncaa,3,5,1,5,1,5,3,3,4,3,3,5,5,5,4,7,5,6,5,5,9,3,2,5,5,5,8,7,8,3,2,3,8,3,3,4,8,10,8,7,3,4,1,1,,,9,6,,,5,2,7,7,5,5,8,4,4,7,8,8,8,8,8,7,4,7,4,6,8,4,1,,5,,,5,7,7,8,1,7,9,2,2,4,3,2,10,10,9,10,6,9,9,1,2,1,3,2,10,8,8,4,2,6,3,3,2,2,3,1,10,9,6,5,,,3,7,,,5,8,5,1,5,1,1,1,4,6,1,2,7,7,7,1,5,5,2,3,1,3,9,4,,8,,,b'\x11\xe8\xe1I\xc6x\xfb\n\xaf\x82\x12\xdf\x17\xaeN\x1e'
11E8E149-C678-FB0A-AF82-12DF17AE4E1E,2011-ncaa-d1-natl,ncaa,174,223,51,201,87,135,119,94,178,120,111,173,151,144,192,161,178,201,130,192,258,106,81,187,187,216,210,167,223,114,156,89,92,93,110,167,233,296,248,244,227,267,84,91,,,302,273,,,230,75,142,260,197,179,169,170,171,182,175,241,268,256,197,161,157,164,153,210,249,270,109,,256,,,226,292,237,241,212,228,220,218,210,219,184,185,317,302,299,302,274,272,261,208,251,249,237,158,285,152,92,249,156,226,110,209,157,145,199,180,304,255,271,223,,,98,176,,,230,270,210,225,226,209,160,134,165,122,173,172,293,262,264,172,151,91,159,129,159,202,258,231,,170,,,b'\x11\xe8\xe1I\xc6x\xfb\n\xaf\x82\x12\xdf\x17\xaeN\x1e'
11E8E149-C678-FB0A-AF82-12DF17AE4E1E,2012-ncaa-d0-natl,ncaa,266,288,120,278,123,102,97,110,86,97,132,87,122,133,131,151,127,155,84,155,194,114,121,90,91,92,178,158,199,278,327,166,231,227,316,183,282,160,131,184,118,148,289,290,,,316,302,,,278,74,51,27,84,81,99,93,147,126,131,137,174,174,111,125,301,202,274,200,155,117,299,,323,,,271,338,325,257,325,295,133,334,332,321,273,309,309,320,68,317,323,283,267,335,330,331,290,285,177,236,231,314,327,304,316,308,171,150,218,264,224,195,249,229,,,56,42,,,278,270,148,327,272,329,320,266,287,118,331,323,304,312,311,297,294,231,315,296,290,163,215,241,,35,,,b'\x11\xe8\xe1I\xc6x\xfb\n\xaf\x82\x12\xdf\x17\xaeN\x1e'
11E8E149-C678-FB0A-AF82-12DF17AE4E1E,2012-ncaa-d1-conf-OVC,ncaa,6,8,1,7,1,2,2,4,4,2,3,4,4,5,3,5,6,7,1,7,8,4,3,4,3,4,6,4,7,8,10,7,10,8,10,2,5,8,5,3,2,3,6,6,,,9,4,,,6,1,4,2,3,2,4,3,5,4,5,6,9,9,4,5,10,9,10,2,5,2,8,,8,,,6,10,10,8,9,9,6,10,10,10,9,7,9,9,4,9,9,9,10,10,10,10,7,8,4,10,10,8,10,8,10,9,8,1,3,8,9,8,7,7,,,2,5,,,6,10,4,10,6,9,10,6,7,5,9,8,9,9,9,8,9,10,7,8,8,2,9,6,,5,,,b'\x11\xe8\xe1I\xc6x\xfb\n\xaf\x82\x12\xdf\x17\xaeN\x1e'
11E8E149-C678-FB0A-AF82-12DF17AE4E1E,2012-ncaa-d1-natl,ncaa,273,288,137,284,141,116,112,129,94,110,148,88,129,138,133,151,138,170,85,169,195,133,142,97,92,96,173,156,192,300,330,189,235,259,317,207,287,138,134,191,135,154,297,294,,,314,304,,,283,87,52,28,88,87,104,98,150,125,129,133,176,176,116,131,306,211,279,212,158,124,302,,322,,,278,335,320,239,330,288,117,336,329,315,279,307,307,317,69,312,321,274,250,337,333,332,290,283,178,220,235,307,330,295,317,301,168,168,225,268,212,199,239,233,,,61,38,,,283,256,152,329,280,331,322,266,289,120,330,322,307,313,313,300,295,234,315,301,292,169,212,247,,33,,,b'\x11\xe8\xe1I\xc6x\xfb\n\xaf\x82\x12\xdf\x17\xaeN\x1e'
11E8E149-C678-FB0A-AF82-12DF17AE4E1E,2013-ncaa-d0-natl,ncaa,317,284,327,317,333,288,259,272,223,244,269,197,217,189,255,125,325,319,293,319,293,289,303,223,261,250,220,156,297,317,323,329,238,334,329,271,247,61,169,210,160,92,328,310,,,125,250,,,308,280,54,151,214,157,95,163,151,164,106,300,266,266,135,124,278,285,304,223,200,76,320,,279,,,313,183,132,26,323,60,5,335,307,265,319,325,187,157,265,153,327,32,47,337,341,323,326,314,194,48,238,219,323,141,329,197,260,176,74,189,121,213,214,271,,,260,152,,,308,51,278,312,308,321,289,167,191,26,337,330,284,271,267,202,258,166,336,316,301,60,225,290,,128,,,b'\x11\xe8\xe1I\xc6x\xfb\n\xaf\x82\x12\xdf\x17\xaeN\x1e'
11E8E149-C678-FB0A-AF82-12DF17AE4E1E,2013-ncaa-d1-conf-OVC,ncaa,11,11,9,11,9,11,8,8,10,8,7,7,10,8,12,6,12,12,12,11,12,9,10,11,12,11,11,9,12,8,11,11,8,11,11,10,10,8,8,10,4,1,11,8,,,5,5,,,11,9,2,4,11,6,1,5,4,10,6,12,12,11,6,5,7,10,10,9,10,1,11,,6,,,11,9,5,3,10,2,1,12,11,11,9,12,6,4,11,3,9,2,3,11,11,10,12,12,6,8,8,10,11,10,11,10,10,4,2,6,9,10,8,7,,,10,11,,,11,3,12,10,11,11,10,8,4,2,12,12,6,6,6,7,10,9,12,12,11,2,11,10,,10,,,b'\x11\xe8\xe1I\xc6x\xfb\n\xaf\x82\x12\xdf\x17\xaeN\x1e'
11E8E149-C678-FB0A-AF82-12DF17AE4E1E,2013-ncaa-d1-natl,ncaa,310,282,327,310,332,269,241,243,207,222,244,183,212,185,255,135,320,310,293,311,301,265,288,217,256,241,227,157,305,306,318,322,231,330,329,261,244,77,162,200,146,90,324,302,,,141,238,,,307,255,50,150,205,142,84,148,134,163,111,301,266,264,127,116,274,269,296,210,196,77,317,,275,,,309,209,159,35,322,72,7,332,317,284,311,326,208,173,274,164,319,45,65,336,338,319,325,313,182,68,231,258,318,188,329,218,249,152,78,187,133,199,242,278,,,242,153,,,307,80,272,309,307,320,292,181,194,30,337,330,280,271,265,216,265,178,336,317,300,61,216,299,,125,,,b'\x11\xe8\xe1I\xc6x\xfb\n\xaf\x82\x12\xdf\x17\xaeN\x1e'
11E8E149-C678-FB0A-AF82-12DF17AE4E1E,2014-ncaa-d0-natl,ncaa,288,263,297,287,323,236,159,198,106,99,135,107,273,272,249,256,328,307,319,303,333,230,237,162,224,221,331,271,338,275,291,155,117,219,218,228,273,121,173,199,296,300,289,297,,,150,210,,,296,206,21,270,142,44,41,28,29,250,227,308,278,266,69,70,232,27,91,171,226,258,273,,275,,,299,241,230,175,259,230,160,270,206,201,195,195,212,227,157,222,233,195,117,261,262,319,178,176,191,131,117,218,291,192,218,125,58,331,335,295,239,272,133,107,,,298,289,,,296,129,252,314,303,333,324,330,311,297,275,285,296,300,301,334,302,242,320,309,229,303,303,210,,220,,,b'\x11\xe8\xe1I\xc6x\xfb\n\xaf\x82\x12\xdf\x17\xaeN\x1e'
11E8E149-C678-FB0A-AF82-12DF17AE4E1E,2014-ncaa-d1-conf-OVC,ncaa,9,7,9,9,10,7,3,6,2,2,5,2,10,10,6,9,11,11,12,11,12,8,6,4,5,7,12,9,12,10,9,4,6,7,8,7,9,9,9,7,6,7,9,9,,,6,5,,,10,4,1,6,3,2,3,1,1,9,8,11,10,9,4,2,8,2,3,4,12,4,9,,7,,,10,9,6,9,5,6,8,4,9,9,8,7,7,9,5,9,6,9,8,7,5,7,8,9,7,10,6,6,9,7,8,3,2,9,10,8,12,11,4,3,,,11,12,,,10,9,9,8,10,12,11,11,10,11,10,11,8,10,10,11,12,11,10,11,7,7,12,6,,10,,,b'\x11\xe8\xe1I\xc6x\xfb\n\xaf\x82\x12\xdf\x17\xaeN\x1e'
11E8E149-C678-FB0A-AF82-12DF17AE4E1E,2014-ncaa-d1-natl,ncaa,279,262,307,279,326,211,140,180,94,87,120,92,261,263,241,252,314,291,310,282,325,207,212,146,200,196,330,264,330,276,289,126,120,196,222,219,270,136,175,189,293,302,270,285,,,186,218,,,291,186,24,273,116,41,46,30,33,240,220,299,259,246,69,71,239,25,97,165,226,260,260,,289,,,294,268,250,203,265,244,178,282,225,225,190,203,251,254,159,250,243,220,148,269,272,323,186,181,201,155,120,231,289,201,222,137,52,331,335,297,251,273,127,102,,,281,277,,,291,149,241,320,301,335,325,330,312,289,283,291,302,304,304,336,303,248,311,304,223,303,300,192,,204,,,b'\x11\xe8\xe1I\xc6x\xfb\n\xaf\x82\x12\xdf\x17\xaeN\x1e'
11E8E149-C678-FB0A-AF82-12DF17AE4E1E,2015-ncaa-d0-natl,ncaa,267,267,243,273,261,139,125,162,102,143,136,175,150,205,29,216,181,183,174,171,216,163,183,110,121,108,181,159,226,300,319,156,283,229,312,154,199,101,118,120,195,228,165,213,,,149,96,,,259,133,15,174,66,57,67,81,73,127,182,140,142,131,68,78,284,69,180,110,156,173,152,,205,,,261,302,310,285,262,311,277,257,220,215,197,168,223,233,108,226,141,282,235,251,238,305,105,142,125,300,283,280,319,296,312,238,106,272,305,291,236,249,261,243,,,238,258,,,259,205,155,319,263,335,337,342,331,336,268,265,253,274,265,343,337,333,328,337,292,253,270,295,,186,,,b'\x11\xe8\xe1I\xc6x\xfb\n\xaf\x82\x12\xdf\x17\xaeN\x1e'
11E8E149-C678-FB0A-AF82-12DF17AE4E1E,2015-ncaa-d1-conf-OVC,ncaa,7,7,5,7,6,4,4,6,4,5,6,6,6,6,4,8,7,6,8,5,4,5,4,5,3,4,5,5,5,12,12,3,8,6,10,5,5,12,10,8,4,6,6,7,,,7,6,,,7,3,1,7,4,4,5,5,6,5,8,6,6,4,5,3,12,3,6,4,12,4,6,,7,,,7,12,11,11,6,11,12,6,6,8,2,5,7,9,4,9,7,12,10,6,5,7,4,4,7,11,8,9,12,11,10,5,1,6,9,7,12,12,12,11,,,6,5,,,7,10,9,8,7,10,11,11,11,11,5,7,7,8,7,12,12,12,7,10,5,8,12,12,,4,,,b'\x11\xe8\xe1I\xc6x\xfb\n\xaf\x82\x12\xdf\x17\xaeN\x1e'
11E8E149-C678-FB0A-AF82-12DF17AE4E1E,2015-ncaa-d1-natl,ncaa,266,267,209,271,248,124,113,141,98,128,130,165,128,191,25,201,160,169,157,163,206,150,160,102,107,98,165,150,214,295,315,130,283,218,309,138,195,111,127,119,199,240,157,203,,,147,88,,,254,114,13,174,53,51,63,83,78,113,164,122,135,126,71,74,284,53,166,106,161,182,142,,202,,,257,314,319,304,262,312,281,255,254,256,191,191,214,234,96,232,141,304,258,247,235,300,109,175,113,306,283,290,315,313,309,251,107,259,309,292,266,261,251,238,,,220,252,,,254,230,145,317,256,336,335,343,329,332,279,286,248,263,259,343,338,334,322,336,290,254,284,282,,173,,,b'\x11\xe8\xe1I\xc6x\xfb\n\xaf\x82\x12\xdf\x17\xaeN\x1e'
11E8E149-C678-FB0A-AF82-12DF17AE4E1E,2016-ncaa-d0-natl,ncaa,280,271,287,286,315,186,188,287,62,160,236,66,230,261,139,229,150,161,158,161,100,265,288,77,75,91,212,236,109,298,270,271,139,298,205,221,233,71,162,156,283,260,201,194,,,108,193,,,252,270,84,280,94,94,190,82,146,200,213,77,69,69,162,173,273,188,251,165,164,249,166,,212,,,257,245,247,113,329,213,122,301,243,133,343,174,203,142,343,141,181,108,64,335,342,346,208,215,163,48,139,66,270,48,205,156,95,301,278,272,141,232,135,169,,,203,88,,,252,78,120,334,252,324,318,256,298,241,300,216,270,221,224,254,222,121,166,146,237,263,228,185,,95,,,b'\x11\xe8\xe1I\xc6x\xfb\n\xaf\x82\x12\xdf\x17\xaeN\x1e'
11E8E149-C678-FB0A-AF82-12DF17AE4E1E,2016-ncaa-d1-conf-OVC,ncaa,5,5,5,5,6,5,6,9,3,5,8,3,9,10,4,9,2,2,5,2,2,8,8,3,3,3,8,9,3,9,7,7,3,8,3,7,7,9,9,6,8,7,5,5,,,7,7,,,4,7,4,10,5,7,10,5,7,9,11,2,2,2,8,7,9,6,9,7,9,7,5,,7,,,4,8,7,6,8,6,3,8,8,9,8,10,8,6,12,6,7,6,4,8,9,9,8,8,8,1,3,1,7,1,3,5,4,6,5,4,10,11,4,4,,,3,1,,,4,6,4,8,4,8,8,5,7,2,8,10,8,6,7,5,4,3,2,2,5,6,10,5,,1,,,b'\x11\xe8\xe1I\xc6x\xfb\n\xaf\x82\x12\xdf\x17\xaeN\x1e'
11E8E149-C678-FB0A-AF82-12DF17AE4E1E,2016-ncaa-d1-natl,ncaa,265,270,218,273,286,145,144,232,55,122,199,65,201,229,111,218,109,118,119,121,88,211,225,74,61,75,200,222,95,278,253,234,170,272,208,189,228,105,157,150,261,264,157,161,,,176,204,,,249,204,90,282,85,84,183,88,151,184,202,65,62,64,161,172,267,192,248,156,160,252,142,,231,,,250,292,282,185,320,251,169,286,289,184,344,185,234,196,317,201,197,185,139,331,335,341,237,231,161,108,170,101,253,87,208,199,100,278,282,271,186,221,129,139,,,152,76,,,249,149,105,334,248,326,318,260,290,232,307,233,268,233,237,265,227,151,151,154,234,263,223,160,,76,,,b'\x11\xe8\xe1I\xc6x\xfb\n\xaf\x82\x12\xdf\x17\xaeN\x1e'
11E8E149-C678-FB0A-AF82-12DF17AE4E1E,2017-ncaa-d0-natl,ncaa,217,184,291,216,295,212,215,273,106,173,243,85,244,227,252,194,151,127,244,130,56,255,268,121,124,139,226,232,106,298,275,160,27,238,126,132,50,100,180,103,303,289,119,126,,,187,271,,,208,253,77,93,126,131,180,104,161,206,189,84,58,59,150,145,272,53,142,56,194,282,82,,279,,,210,127,153,96,267,240,232,213,25,15,240,9,209,229,81,226,185,111,65,205,211,272,38,19,228,18,27,88,275,33,126,14,5,311,283,156,145,210,8,16,,,216,111,,,208,105,176,220,208,259,275,237,319,330,46,24,273,294,293,271,209,39,203,126,53,268,225,15,,106,,,b'\x11\xe8\xe1I\xc6x\xfb\n\xaf\x82\x12\xdf\x17\xaeN\x1e'
11E8E149-C678-FB0A-AF82-12DF17AE4E1E,2017-ncaa-d1-conf-OVC,ncaa,6,4,5,6,5,7,7,7,2,5,10,2,5,5,9,5,3,3,8,3,2,7,8,3,3,3,5,7,2,11,10,4,3,6,4,2,2,7,8,4,6,7,5,8,,,6,8,,,3,6,3,4,5,6,11,6,9,5,5,2,2,2,8,6,11,2,6,2,7,7,6,,7,,,3,7,6,6,7,9,10,6,1,2,4,2,7,8,4,8,6,6,6,4,5,6,2,2,6,2,3,6,10,6,4,1,1,10,11,4,9,10,1,1,,,3,4,,,3,7,6,5,3,7,8,5,11,11,3,1,7,8,8,7,6,3,4,5,1,11,8,1,,3,,,b'\x11\xe8\xe1I\xc6x\xfb\n\xaf\x82\x12\xdf\x17\xaeN\x1e'
11E8E149-C678-FB0A-AF82-12DF17AE4E1E,2017-ncaa-d1-natl,ncaa,194,181,217,195,241,171,180,246,103,147,214,74,231,213,275,192,113,88,250,90,42,219,229,122,118,136,223,240,86,283,273,123,23,202,114,104,48,140,178,100,279,276,97,116,,,214,259,,,199,195,91,98,127,138,193,108,178,211,191,72,44,44,159,152,270,53,145,62,189,274,79,,259,,,202,181,200,148,263,263,264,193,48,22,288,11,218,234,89,233,173,156,104,215,216,274,47,36,210,18,23,137,273,46,114,29,5,290,270,159,179,212,10,17,,,147,84,,,199,158,172,213,193,248,272,222,305,324,66,25,249,268,266,250,180,32,194,104,53,271,218,16,,86,,,b'\x11\xe8\xe1I\xc6x\xfb\n\xaf\x82\x12\xdf\x17\xaeN\x1e'
11E8E149-C678-FB0A-AF82-12DF17AE4E1E,2018-ncaa-d0-natl,ncaa,185,129,295,174,313,269,297,314,231,298,299,246,201,230,136,149,138,169,89,176,47,306,319,210,162,188,70,140,30,284,217,317,151,323,210,316,277,96,226,263,220,144,306,284,,,300,348,,,225,319,246,199,225,284,279,283,261,168,177,69,106,112,249,255,241,298,302,304,199,178,299,,339,,,228,73,37,13,279,63,49,202,42,12,323,24,312,313,171,307,332,23,27,252,303,266,234,56,340,19,151,56,217,29,210,64,178,231,145,145,30,84,116,210,,,172,26,,,225,29,207,234,230,186,109,29,153,127,75,20,335,333,333,69,82,60,143,100,130,174,77,182,,62,,,b'\x11\xe8\xe1I\xc6x\xfb\n\xaf\x82\x12\xdf\x17\xaeN\x1e'
11E8E149-C678-FB0A-AF82-12DF17AE4E1E,2018-ncaa-d1-conf-OVC,ncaa,6,6,5,6,6,9,9,8,9,10,9,10,7,7,8,7,5,5,5,5,3,8,9,9,9,8,4,6,3,8,8,7,4,8,7,11,10,5,6,11,5,4,9,9,,,12,12,,,8,9,8,5,8,12,10,11,8,7,7,5,5,5,8,9,8,8,7,12,6,6,9,,12,,,8,6,4,2,9,5,4,7,4,2,10,4,12,12,3,12,12,3,3,9,9,8,9,4,12,2,4,7,8,4,7,6,6,8,4,4,3,4,3,6,,,5,3,,,8,4,8,7,8,7,5,1,5,4,3,3,11,12,12,1,3,1,7,6,5,7,4,5,,3,,,b'\x11\xe8\xe1I\xc6x\xfb\n\xaf\x82\x12\xdf\x17\xaeN\x1e'
11E8E149-C678-FB0A-AF82-12DF17AE4E1E,2018-ncaa-d1-natl,ncaa,169,129,213,163,285,242,274,291,213,278,281,226,174,196,128,141,133,166,87,172,61,275,292,184,147,161,79,131,55,280,237,300,114,312,204,312,301,124,218,262,199,153,305,289,,,318,347,,,225,291,240,221,216,268,281,274,265,151,170,89,124,131,257,266,263,286,303,310,183,177,304,,338,,,225,122,61,12,285,94,66,220,59,17,320,39,328,325,182,323,335,35,41,268,314,275,246,62,338,22,114,92,237,42,204,92,185,209,144,153,35,82,123,199,,,141,33,,,225,57,193,237,226,188,113,25,151,96,90,27,334,331,330,68,77,46,146,91,134,177,66,159,,73,,,b'\x11\xe8\xe1I\xc6x\xfb\n\xaf\x82\x12\xdf\x17\xaeN\x1e'
11E8E149-C678-FB0A-AF82-12DF17AE4E1E,2019-ncaa-d0-natl,ncaa,200,152,292,197,318,211,281,278,262,325,330,226,91,87,158,42,67,109,24,109,4,258,311,190,128,99,7,48,14,183,126,342,161,319,216,277,231,10,57,139,167,73,347,346,,,166,321,,,164,320,257,344,117,239,184,311,306,57,37,13,42,41,135,212,104,342,300,251,54,109,347,,270,,,164,96,112,12,342,168,42,336,49,20,311,76,164,93,344,92,209,10,22,339,342,316,89,70,220,8,161,74,126,27,216,115,140,170,55,128,19,63,176,301,,,216,85,,,164,33,82,281,159,218,235,26,266,95,93,29,240,166,163,28,52,23,180,84,185,87,58,234,,111,,,b'\x11\xe8\xe1I\xc6x\xfb\n\xaf\x82\x12\xdf\x17\xaeN\x1e'
11E8E149-C678-FB0A-AF82-12DF17AE4E1E,2019-ncaa-d1-conf-OVC,ncaa,5,5,5,5,8,5,8,6,9,11,9,11,3,2,6,2,2,2,2,2,1,5,7,8,7,4,2,3,1,7,8,10,9,9,9,8,7,1,1,5,3,3,12,12,,,8,8,,,5,6,9,12,5,9,7,12,11,3,2,1,1,1,4,7,5,12,11,9,2,4,12,,7,,,5,6,7,4,10,10,7,9,2,1,9,1,4,2,12,2,4,3,6,10,10,8,1,1,5,3,9,8,8,5,9,6,6,2,2,4,1,2,10,12,,,5,2,,,5,7,4,6,5,5,8,2,10,7,2,1,4,2,2,1,3,4,6,6,6,3,2,11,,2,,,b'\x11\xe8\xe1I\xc6x\xfb\n\xaf\x82\x12\xdf\x17\xaeN\x1e'
11E8E149-C678-FB0A-AF82-12DF17AE4E1E,2019-ncaa-d1-natl,ncaa,182,152,233,177,312,156,249,232,239,313,322,213,61,63,127,39,41,92,22,94,7,205,263,159,102,81,6,38,19,150,122,340,163,303,212,254,238,20,60,141,155,87,345,344,,,219,314,,,158,294,227,344,99,218,164,306,305,44,35,13,46,46,127,193,108,339,292,243,64,118,345,,273,,,155,158,172,18,341,231,68,338,72,25,303,88,199,120,350,117,201,13,35,338,342,317,82,67,210,17,163,97,122,35,212,147,125,135,64,131,35,60,195,287,,,181,86,,,158,62,69,285,148,238,244,37,284,108,100,42,245,165,163,36,66,29,176,88,186,86,60,222,,107,,,b'\x11\xe8\xe1I\xc6x\xfb\n\xaf\x82\x12\xdf\x17\xaeN\x1e'
11E8E149-C678-FB0A-AF82-12DF17AE4E1E,2020-ncaa-d0-natl,ncaa,140,109,260,131,286,195,219,164,284,318,313,229,32,16,198,16,236,209,255,215,69,171,206,206,222,189,15,15,228,70,105,342,247,287,264,242,224,99,110,179,86,52,321,296,,,327,345,,,155,257,134,115,126,182,43,309,302,19,7,192,151,161,52,73,35,343,254,213,150,53,303,,340,,,154,119,82,12,336,152,40,326,40,22,216,57,304,303,172,303,340,22,78,321,336,196,143,39,327,47,247,242,105,149,264,108,162,21,10,25,41,42,142,250,,,82,59,,,155,100,146,163,148,196,138,10,214,55,57,35,322,322,323,35,182,80,304,246,142,10,63,176,,34,,,b'\x11\xe8\xe1I\xc6x\xfb\n\xaf\x82\x12\xdf\x17\xaeN\x1e'
11E8E149-C678-FB0A-AF82-12DF17AE4E1E,2020-ncaa-d1-conf-OVC,ncaa,7,7,5,7,7,7,7,3,8,11,11,7,1,1,7,1,9,9,9,10,4,4,6,6,7,6,2,1,11,3,6,12,10,11,10,6,8,3,3,7,6,5,10,10,,,11,12,,,7,6,7,7,7,7,2,12,10,1,1,9,10,10,3,5,3,12,11,6,4,6,11,,12,,,7,5,5,1,12,8,1,11,3,2,9,3,10,11,5,11,12,1,5,11,11,8,3,3,12,2,10,11,6,7,10,6,7,1,1,1,3,3,6,10,,,4,4,,,7,6,6,7,7,7,5,1,8,2,3,2,10,10,10,1,3,4,10,7,7,1,3,6,,4,,,b'\x11\xe8\xe1I\xc6x\xfb\n\xaf\x82\x12\xdf\x17\xaeN\x1e'
11E8E149-C678-FB0A-AF82-12DF17AE4E1E,2020-ncaa-d1-natl,ncaa,133,109,257,128,279,185,210,126,287,318,316,232,29,12,197,14,231,200,265,207,66,138,156,209,224,195,13,15,230,49,100,344,236,276,252,234,212,128,126,185,69,50,326,303,,,339,347,,,156,234,111,129,128,176,39,306,301,18,7,196,152,165,48,64,30,343,250,204,167,46,318,,343,,,156,131,99,7,337,163,38,330,45,26,205,60,316,315,154,313,344,23,95,324,336,201,152,38,328,41,236,265,100,172,252,120,168,20,10,27,39,44,152,257,,,70,76,,,156,128,152,159,149,206,146,10,215,51,60,37,323,326,326,38,193,73,305,235,152,10,64,183,,36,,,b'\x11\xe8\xe1I\xc6x\xfb\n\xaf\x82\x12\xdf\x17\xaeN\x1e'
11E8E149-C678-FB0A-AF82-12DF17AE4E1E,2021-ncaa-d0-natl,ncaa,151,165,157,157,168,185,196,186,234,263,289,90,51,31,223,4,190,178,248,180,18,186,179,148,160,185,15,15,196,116,101,205,54,175,90,181,147,200,226,209,110,71,179,177,,,242,320,,,115,197,264,142,206,256,232,322,339,37,15,218,193,198,233,230,108,255,201,209,209,102,195,,277,,,121,115,102,93,187,134,137,172,53,59,92,26,270,272,179,266,312,107,132,135,186,108,128,25,339,67,54,149,101,111,90,74,64,97,44,22,103,90,141,265,,,185,162,,,115,153,162,76,116,59,36,5,104,75,16,9,306,302,298,22,35,18,138,55,26,82,77,121,,195,,,b'\x11\xe8\xe1I\xc6x\xfb\n\xaf\x82\x12\xdf\x17\xaeN\x1e'
11E8E149-C678-FB0A-AF82-12DF17AE4E1E,2021-ncaa-d1-conf-OVC,ncaa,7,5,11,7,11,9,9,11,9,12,12,5,3,1,8,1,9,9,10,9,1,10,12,9,9,9,1,1,8,6,3,8,2,8,4,9,4,3,8,8,5,3,7,7,,,12,12,,,6,12,7,1,9,9,5,12,12,2,1,7,6,6,5,6,3,6,5,6,8,3,7,,12,,,6,1,1,1,5,2,5,3,1,1,4,1,12,12,5,12,12,1,1,4,6,3,5,1,12,2,2,3,3,1,4,1,1,4,2,1,1,4,1,7,,,8,4,,,6,1,8,2,6,3,1,1,4,6,1,1,12,12,12,2,3,2,8,4,1,3,3,2,,3,,,b'\x11\xe8\xe1I\xc6x\xfb\n\xaf\x82\x12\xdf\x17\xaeN\x1e'
11E8E149-C678-FB0A-AF82-12DF17AE4E1E,2021-ncaa-d1-natl,ncaa,139,165,152,157,160,165,183,183,221,262,283,84,44,24,205,4,173,160,242,160,17,178,173,131,150,173,11,12,200,108,106,198,58,176,99,163,132,218,220,195,99,71,193,193,,,271,326,,,120,184,256,147,187,234,227,322,339,30,13,215,183,185,229,225,114,259,212,191,205,100,221,,293,,,124,130,109,104,203,150,146,183,61,63,93,29,299,295,215,293,318,125,150,148,220,130,145,25,341,73,58,166,106,119,99,80,55,91,47,20,108,75,137,255,,,166,156,,,120,165,152,92,116,73,36,5,115,70,19,14,320,311,309,23,41,19,140,56,28,79,69,110,,184,,,b'\x11\xe8\xe1I\xc6x\xfb\n\xaf\x82\x12\xdf\x17\xaeN\x1e'
11E8E149-C678-FB0A-AF82-12DF17AE4E1E,2022-ncaa-d0-natl,ncaa,107,134,79,127,94,105,124,238,12,149,244,36,88,189,9,172,91,61,273,61,22,209,180,17,19,53,108,126,136,261,212,180,66,221,104,109,132,279,272,166,154,143,283,284,,,318,340,,,94,157,315,155,133,158,350,195,311,110,231,120,83,87,328,335,310,279,329,144,210,202,306,,288,,,99,203,152,109,246,142,103,265,172,171,191,194,315,303,297,301,328,131,168,248,282,246,267,155,318,50,66,69,212,54,104,138,151,111,87,90,192,200,110,157,,,74,32,,,94,194,70,184,101,116,68,15,79,25,126,101,286,277,270,18,18,15,11,9,90,160,144,69,,107,,,b'\x11\xe8\xe1I\xc6x\xfb\n\xaf\x82\x12\xdf\x17\xaeN\x1e'
11E8E149-C678-FB0A-AF82-12DF17AE4E1E,2022-ncaa-d1-conf-OVC,ncaa,4,4,1,4,3,6,6,7,3,6,7,3,2,7,1,5,4,4,10,4,2,7,7,3,3,3,5,4,4,7,7,4,3,6,3,6,6,7,6,5,7,7,6,6,,,8,10,,,4,5,9,4,6,6,9,7,7,3,7,4,4,4,9,9,8,5,6,6,5,7,7,,7,,,4,4,3,2,3,4,3,4,4,7,3,8,7,7,4,7,8,3,5,3,4,4,8,6,9,2,3,2,7,2,3,2,4,6,6,6,4,4,6,7,,,5,3,,,4,6,4,2,4,4,2,2,3,3,3,4,6,6,6,3,2,2,2,2,2,7,4,3,,5,,,b'\x11\xe8\xe1I\xc6x\xfb\n\xaf\x82\x12\xdf\x17\xaeN\x1e'
11E8E149-C678-FB0A-AF82-12DF17AE4E1E,2022-ncaa-d1-natl,ncaa,93,134,32,118,48,80,80,191,9,105,187,33,85,168,9,178,87,61,281,63,35,163,138,16,21,47,124,130,174,235,205,134,77,178,102,89,141,288,262,164,141,160,278,288,,,327,339,,,92,117,318,157,142,145,347,185,296,115,234,148,109,107,324,338,301,267,320,145,197,207,307,,276,,,96,227,174,150,214,179,136,241,168,181,140,178,323,317,284,313,317,179,217,210,256,217,246,134,318,83,77,103,205,82,102,154,135,86,95,89,197,179,118,135,,,58,40,,,92,235,70,167,91,97,62,18,81,31,96,92,281,272,261,19,19,30,12,11,78,166,123,60,,132,,,b'\x11\xe8\xe1I\xc6x\xfb\n\xaf\x82\x12\xdf\x17\xaeN\x1e'
11E8E149-C678-FB0A-AF82-12DF17AE4E1E,2023-ncaa-d0-natl,ncaa,153,91,290,127,319,311,315,357,94,243,279,150,339,355,130,332,194,195,146,205,110,352,347,146,117,184,278,325,48,341,247,283,113,324,135,311,268,178,327,301,198,83,298,260,,,194,346,,,149,343,331,288,286,285,359,193,228,331,354,133,141,152,355,349,333,230,308,300,267,144,291,,288,,,147,7,7,9,81,20,15,156,13,51,12,167,160,147,233,135,291,10,14,60,95,64,190,62,329,23,113,8,247,4,135,3,30,233,78,16,174,315,52,108,,,279,74,,,149,18,229,55,148,20,12,9,47,31,24,89,240,223,220,19,19,59,27,20,11,157,251,87,,213,,,b'\x11\xe8\xe1I\xc6x\xfb\n\xaf\x82\x12\xdf\x17\xaeN\x1e'
11E8E149-C678-FB0A-AF82-12DF17AE4E1E,2023-ncaa-d1-conf-ASUN,ncaa,4,4,6,4,8,9,9,13,3,7,8,4,11,13,2,11,7,6,8,7,4,11,11,4,4,6,10,10,5,11,4,7,3,8,3,6,5,13,13,7,4,4,9,8,,,12,13,,,3,11,12,9,9,10,14,5,9,10,13,7,6,7,14,13,13,7,9,6,11,4,9,,12,,,3,2,2,3,1,2,4,3,2,5,1,6,9,9,13,9,10,3,4,1,2,2,7,5,13,6,3,3,4,3,3,1,2,8,6,2,7,11,5,4,,,9,6,,,3,4,6,2,3,2,1,1,2,3,2,5,9,9,9,3,2,5,1,1,2,8,11,4,,9,,,b'\x11\xe8\xe1I\xc6x\xfb\n\xaf\x82\x12\xdf\x17\xaeN\x1e'
11E8E149-C678-FB0A-AF82-12DF17AE4E1E,2023-ncaa-d1-natl,ncaa,151,91,310,127,334,310,309,357,88,256,288,147,331,356,97,325,195,197,144,202,105,356,350,137,104,176,269,313,54,345,251,287,120,331,134,310,260,188,329,298,194,81,304,261,,,199,344,,,147,351,334,288,290,287,360,199,239,324,351,134,145,152,356,349,330,232,309,299,262,139,295,,284,,,141,6,2,8,72,12,14,150,10,41,10,157,168,156,203,150,290,10,10,51,80,54,178,55,327,28,120,2,251,2,134,3,29,224,79,17,183,315,48,107,,,283,73,,,147,12,222,53,141,20,13,9,45,38,18,77,236,225,224,20,17,65,24,18,11,162,249,76,,213,,,b'\x11\xe8\xe1I\xc6x\xfb\n\xaf\x82\x12\xdf\x17\xaeN\x1e'
11E8E149-C678-FB0A-AF82-12DF17AE4E1E,2024-ncaa-d0-natl,ncaa,171,148,196,173,202,237,231,333,61,161,237,80,316,339,185,314,140,114,264,108,61,309,293,104,97,172,295,317,66,321,250,170,81,252,101,245,240,269,327,278,271,249,77,59,,,232,318,,,144,269,300,51,237,240,355,142,224,318,342,113,91,82,335,321,322,137,256,254,279,272,64,,263,,,145,48,46,84,81,61,153,37,67,42,252,56,178,210,61,204,229,88,81,64,73,82,190,129,282,73,81,23,250,24,101,24,45,219,164,76,243,302,155,207,,,159,39,,,144,94,199,75,144,58,51,65,65,172,69,43,193,227,225,80,64,80,24,31,26,202,265,170,,122,,,b'\x11\xe8\xe1I\xc6x\xfb\n\xaf\x82\x12\xdf\x17\xaeN\x1e'
11E8E149-C678-FB0A-AF82-12DF17AE4E1E,2024-ncaa-d1-conf-ASUN,ncaa,4,6,1,6,2,7,4,7,3,3,4,4,9,8,8,9,6,6,6,6,7,7,6,4,4,6,9,9,6,10,8,3,3,5,4,4,4,11,11,6,8,9,1,1,,,9,9,,,4,4,11,9,9,8,12,6,7,9,11,9,9,9,12,12,12,6,11,5,6,11,1,,7,,,4,4,5,8,4,4,9,2,8,4,12,3,5,4,4,5,5,7,7,5,5,4,8,10,4,5,3,6,8,4,4,6,9,3,6,3,11,11,9,6,,,6,5,,,4,10,7,4,4,3,3,3,2,7,4,2,3,3,3,2,2,3,4,2,4,8,10,5,,8,,,b'\x11\xe8\xe1I\xc6x\xfb\n\xaf\x82\x12\xdf\x17\xaeN\x1e'
11E8E149-C678-FB0A-AF82-12DF17AE4E1E,2024-ncaa-d1-natl,ncaa,155,177,78,177,82,181,172,283,53,114,183,65,294,317,184,306,113,91,262,82,69,247,215,94,95,157,296,315,80,312,258,126,100,200,128,217,247,307,320,276,254,265,55,49,,,302,327,,,155,167,297,61,240,229,355,136,225,314,334,134,110,98,336,322,324,158,274,249,268,285,60,,284,,,159,143,99,158,94,108,227,46,112,79,267,62,277,290,124,291,267,186,183,81,114,120,239,128,306,126,100,61,258,69,128,56,57,172,176,95,267,286,151,152,,,96,42,,,155,196,192,110,160,77,58,65,66,161,81,47,246,261,258,84,63,87,27,36,30,212,235,120,,135,,,b'\x11\xe8\xe1I\xc6x\xfb\n\xaf\x82\x12\xdf\x17\xaeN\x1e'
11E8E149-C678-FB0A-AF82-12DF17AE4E1E,2025-ncaa-d0-natl,genius_ncaa,220,199,248,221,270,291,252,328,102,195,235,119,311,332,198,302,323,295,309,291,275,333,323,144,169,215,333,293,269,354,348,284,182,339,305,304,331,171,305,300,207,153,205,158,,,249,347,,171,234,293,267,176,285,229,339,151,188,310,330,311,280,276,335,319,351,258,345,309,241,171,185,,317,,213,235,75,43,35,206,50,61,168,83,44,268,98,274,275,202,269,325,47,59,210,245,193,263,132,338,90,182,107,348,87,305,31,80,181,94,74,120,239,132,184,,,324,249,,160,234,66,277,191,248,141,85,37,102,86,118,64,309,306,304,73,91,141,174,156,54,127,173,171,,311,,134,b'\x11\xe8\xe1I\xc6x\xfb\n\xaf\x82\x12\xdf\x17\xaeN\x1e'
11E8E149-C678-FB0A-AF82-12DF17AE4E1E,2025-ncaa-d1-conf-ASUN,genius_ncaa,7,9,3,9,5,10,9,11,4,5,5,4,10,11,8,10,11,10,7,10,11,11,11,6,7,9,12,10,9,12,12,9,7,11,11,9,8,11,12,9,3,2,4,2,,,10,11,,5,7,8,12,8,12,11,12,5,7,12,12,12,11,11,12,12,12,10,12,9,8,3,4,,9,,5,6,2,3,2,5,2,2,4,3,4,4,4,9,10,7,10,10,3,4,4,4,2,7,3,11,7,7,9,12,8,11,3,10,2,1,2,8,10,7,6,,,10,10,,4,7,4,11,2,9,2,2,2,1,2,2,2,8,10,9,1,2,6,4,7,2,3,7,7,,10,,4,b'\x11\xe8\xe1I\xc6x\xfb\n\xaf\x82\x12\xdf\x17\xaeN\x1e'
11E8E149-C678-FB0A-AF82-12DF17AE4E1E,2025-ncaa-d1-natl,genius_ncaa,222,226,172,236,206,277,232,312,105,176,209,127,304,329,217,300,298,272,312,271,262,312,294,151,172,216,331,298,253,349,346,259,225,320,312,298,332,245,311,304,191,177,189,159,,,312,352,,228,262,241,267,195,299,239,340,159,194,314,332,306,272,272,334,320,351,265,343,319,251,190,182,,331,,250,261,135,71,57,199,92,103,160,97,55,246,88,327,321,233,318,338,86,113,195,248,209,266,110,345,148,225,143,346,145,312,42,70,160,113,79,147,225,171,209,,,271,204,,131,262,112,286,207,264,158,88,39,102,99,106,60,334,331,330,85,94,165,159,159,53,148,164,183,,288,,125,b'\x11\xe8\xe1I\xc6x\xfb\n\xaf\x82\x12\xdf\x17\xaeN\x1e'
11E8E149-C678-FB0A-AF82-12DF17AE4E1E,2026-ncaa-d0-natl,genius_ncaa,212,39,354,136,356,348,347,360,63,337,358,27,341,346,276,168,326,341,101,335,65,359,361,79,72,117,254,275,121,354,111,358,172,359,115,344,242,10,269,222,336,166,363,358,,,24,354,,96,160,362,244,97,156,149,313,112,286,236,212,107,140,124,294,271,244,290,298,189,242,189,359,,326,,306,144,3,3,2,228,3,2,183,7,2,275,113,36,37,155,35,325,3,2,225,254,202,263,149,323,3,172,1,111,1,115,2,82,337,80,78,6,122,10,192,,,358,167,,241,160,2,127,178,144,154,92,31,103,73,132,69,294,297,293,65,82,83,12,21,65,115,107,138,,208,,93,b'\x11\xe8\xe1I\xc6x\xfb\n\xaf\x82\x12\xdf\x17\xaeN\x1e'
11E8E149-C678-FB0A-AF82-12DF17AE4E1E,2026-ncaa-d1-natl,genius_ncaa,203,39,363,113,363,336,327,363,28,295,355,9,336,343,270,176,333,347,95,343,141,363,363,48,49,78,321,290,213,335,30,359,175,362,54,328,252,12,224,177,341,189,357,332,,,28,351,,90,124,363,160,100,79,49,192,36,184,221,185,136,171,163,184,164,141,239,177,120,235,192,336,,333,,280,77,3,2,1,120,2,3,101,12,6,216,147,67,53,197,53,330,1,1,138,182,129,304,171,340,8,175,1,30,1,54,2,73,331,78,39,9,139,30,187,,,361,217,,227,124,1,68,121,78,128,59,45,72,80,136,105,309,304,305,103,153,132,9,20,42,88,148,189,,203,,98,b'\x11\xe8\xe1I\xc6x\xfb\n\xaf\x82\x12\xdf\x17\xaeN\x1e'
11E8E149-C67D-46F6-AF82-12DF17AE4E1E,2010-ncaa-d0-natl,ncaa,45,49,50,47,64,92,58,95,42,117,176,50,31,50,32,48,321,321,256,324,337,140,134,31,52,80,145,42,344,155,139,101,92,108,90,16,15,209,183,31,80,73,118,111,,,293,285,,,62,131,290,146,142,76,178,161,263,46,69,339,336,339,262,276,214,174,206,14,134,111,141,,218,,,64,140,99,167,77,124,158,95,135,188,70,185,267,272,174,268,264,183,198,77,103,85,226,143,286,173,92,141,139,154,90,144,214,110,122,99,130,114,18,18,,,311,344,,,62,209,83,80,63,43,28,30,48,47,81,118,203,204,206,43,50,76,57,41,76,176,85,10,,342,,,b'\x11\xe8\xe1I\xc6}F\xf6\xaf\x82\x12\xdf\x17\xaeN\x1e'
11E8E149-C67D-46F6-AF82-12DF17AE4E1E,2010-ncaa-d1-conf-Mountain West,ncaa,3,2,4,3,5,5,5,5,4,4,4,4,2,4,2,4,8,8,5,8,7,7,7,2,4,3,6,3,8,9,9,4,3,7,5,3,2,4,5,2,4,3,6,5,,,9,9,,,5,5,5,7,4,3,5,4,5,2,4,7,8,8,7,5,9,6,8,2,4,5,7,,9,,,5,3,2,3,6,2,4,6,2,3,5,4,9,9,2,9,9,4,4,6,6,6,8,2,9,3,3,7,9,2,5,4,6,4,4,5,4,4,1,1,,,8,8,,,5,5,4,5,6,4,3,2,3,2,3,2,9,9,9,2,4,3,4,3,4,4,4,1,,7,,,b'\x11\xe8\xe1I\xc6}F\xf6\xaf\x82\x12\xdf\x17\xaeN\x1e'
11E8E149-C67D-46F6-AF82-12DF17AE4E1E,2010-ncaa-d1-natl,ncaa,46,49,53,49,70,101,63,105,43,121,187,52,34,54,31,48,325,326,253,327,337,154,146,31,55,84,146,41,344,168,143,110,98,121,97,18,16,196,184,32,86,75,120,114,,,283,285,,,68,143,293,146,148,80,181,166,264,47,69,340,338,340,263,278,220,177,208,14,135,116,145,,219,,,68,123,83,152,83,108,140,102,129,182,76,183,258,262,180,258,263,166,182,80,108,93,225,144,288,156,98,129,143,135,97,134,211,125,128,108,120,117,18,19,,,324,344,,,68,195,87,90,68,48,29,32,52,47,84,117,208,204,203,44,50,80,58,44,81,186,85,11,,342,,,b'\x11\xe8\xe1I\xc6}F\xf6\xaf\x82\x12\xdf\x17\xaeN\x1e'
11E8E149-C67D-46F6-AF82-12DF17AE4E1E,2011-ncaa-d0-natl,ncaa,30,36,43,38,70,57,36,52,56,68,114,34,36,24,133,45,261,265,185,265,315,72,97,44,76,42,181,76,335,155,240,32,40,59,98,7,2,45,16,2,122,144,55,55,,,316,307,,,26,85,223,257,73,42,65,91,206,44,30,313,317,319,124,239,224,47,105,4,14,173,67,,271,,,26,123,57,182,21,84,206,26,83,144,38,106,315,323,77,324,310,236,242,16,30,47,260,94,330,158,40,302,240,268,98,85,187,128,157,84,42,25,65,54,,,229,316,,,26,248,43,38,28,46,19,53,34,87,55,88,280,288,290,97,80,83,220,155,38,200,23,41,,318,,,b'\x11\xe8\xe1I\xc6}F\xf6\xaf\x82\x12\xdf\x17\xaeN\x1e'
11E8E149-C67D-46F6-AF82-12DF17AE4E1E,2011-ncaa-d1-conf-Mountain West,ncaa,1,1,5,1,6,1,1,4,2,1,6,2,3,4,3,3,9,8,8,8,8,5,6,2,2,2,6,3,9,5,7,4,2,5,3,1,2,1,1,1,7,5,4,4,,,6,8,,,1,6,4,6,1,1,1,1,3,2,2,9,8,8,3,5,5,1,3,1,1,5,3,,7,,,1,1,1,1,1,1,4,1,2,2,3,3,7,7,1,7,9,2,3,1,1,2,5,4,9,2,2,4,7,4,3,1,2,4,4,1,1,2,2,3,,,7,7,,,1,4,2,2,1,1,1,2,2,5,3,3,8,8,8,4,4,3,6,5,1,3,1,3,,6,,,b'\x11\xe8\xe1I\xc6}F\xf6\xaf\x82\x12\xdf\x17\xaeN\x1e'
11E8E149-C67D-46F6-AF82-12DF17AE4E1E,2011-ncaa-d1-natl,ncaa,25,35,28,36,45,42,28,33,43,54,110,30,22,18,107,44,261,260,194,260,319,54,77,32,65,37,167,66,339,135,230,29,41,51,104,5,2,47,14,2,107,138,53,55,,,326,307,,,22,64,217,260,68,35,57,87,205,34,28,317,318,319,117,234,217,58,115,4,13,167,72,,272,,,22,140,68,197,22,94,225,31,76,143,40,104,319,328,98,330,311,251,263,16,39,43,249,83,332,170,41,312,230,279,104,85,173,105,145,71,38,19,62,45,,,229,322,,,22,269,38,38,23,45,18,45,36,84,49,76,282,287,288,88,80,78,212,147,38,183,21,37,,321,,,b'\x11\xe8\xe1I\xc6}F\xf6\xaf\x82\x12\xdf\x17\xaeN\x1e'
11E8E149-C67D-46F6-AF82-12DF17AE4E1E,2012-ncaa-d0-natl,ncaa,23,17,81,22,108,46,44,95,16,79,185,16,25,39,27,57,148,212,38,210,198,106,117,12,13,18,94,57,295,159,130,27,42,62,46,4,1,126,100,5,146,166,4,8,,,212,175,,,19,107,174,256,37,33,123,92,246,27,50,194,258,254,158,209,196,25,78,1,91,176,7,,155,,,17,137,78,229,15,95,253,15,105,151,74,109,292,249,319,256,200,238,226,12,29,56,248,114,310,174,42,109,130,131,46,26,38,175,215,61,95,80,21,24,,,203,266,,,19,233,18,48,16,77,34,158,53,203,89,108,259,216,225,173,145,128,56,64,16,229,83,16,,277,,,b'\x11\xe8\xe1I\xc6}F\xf6\xaf\x82\x12\xdf\x17\xaeN\x1e'
11E8E149-C67D-46F6-AF82-12DF17AE4E1E,2012-ncaa-d1-conf-WCC,ncaa,2,2,1,2,3,2,2,2,2,3,6,1,1,2,3,2,7,8,2,8,6,2,4,1,1,1,6,4,8,7,5,1,2,3,3,1,1,5,5,1,6,6,1,1,,,3,2,,,1,3,4,4,2,2,2,3,7,2,2,8,8,8,3,4,7,1,3,1,5,6,1,,3,,,1,2,1,7,1,1,8,1,1,4,2,3,7,6,9,6,6,7,6,1,1,1,7,3,9,4,2,3,5,4,3,1,2,6,6,3,3,2,1,2,,,7,8,,,1,7,2,1,1,2,1,5,1,6,1,3,7,6,6,5,4,4,3,4,1,6,2,1,,9,,,b'\x11\xe8\xe1I\xc6}F\xf6\xaf\x82\x12\xdf\x17\xaeN\x1e'
11E8E149-C67D-46F6-AF82-12DF17AE4E1E,2012-ncaa-d1-natl,ncaa,18,17,55,19,80,36,31,65,16,63,160,16,26,40,33,65,146,196,39,196,224,82,83,13,14,19,107,64,302,139,128,25,40,47,42,4,1,144,95,6,107,129,4,8,,,221,153,,,15,80,166,258,34,30,111,81,228,32,52,205,260,263,145,195,190,27,81,1,95,137,8,,146,,,14,133,81,243,15,104,265,13,98,146,63,109,287,244,315,252,186,254,252,12,25,43,237,111,306,169,40,133,128,161,42,26,35,124,164,38,112,76,19,19,,,200,286,,,15,266,17,35,13,58,32,143,53,199,76,99,244,197,200,158,151,120,68,65,13,180,83,14,,290,,,b'\x11\xe8\xe1I\xc6}F\xf6\xaf\x82\x12\xdf\x17\xaeN\x1e'
11E8E149-C67D-46F6-AF82-12DF17AE4E1E,2012-ncaa-d1-ncaatournament,ncaa,33,2,33,33,34,47,46,47,49,51,52,43,40,38,46,7,45,52,3,51,48,48,40,46,43,49,16,12,40,42,25,34,3,35,6,31,1,27,57,31,40,20,26,7,,,18,55,,,27,41,18,5,45,44,30,50,50,18,6,40,51,49,43,20,23,3,8,6,59,25,8,,42,,,30,2,5,10,35,12,15,33,5,6,23,14,8,12,7,12,28,8,11,27,21,17,4,15,21,4,3,12,25,6,6,2,3,42,18,3,36,63,12,35,,,59,58,,,27,20,48,7,28,9,15,12,31,28,8,9,16,26,24,11,15,5,32,9,2,24,63,24,,58,,,b'\x11\xe8\xe1I\xc6}F\xf6\xaf\x82\x12\xdf\x17\xaeN\x1e'
11E8E149-C67D-46F6-AF82-12DF17AE4E1E,2013-ncaa-d0-natl,ncaa,60,65,41,67,48,87,81,115,73,156,244,54,26,38,42,36,229,250,115,248,194,138,148,38,45,57,56,32,312,253,273,20,41,76,97,14,4,143,140,23,245,276,30,58,,,222,192,,,68,112,264,136,125,116,225,219,303,32,47,286,304,302,257,286,295,26,140,13,81,290,40,,141,,,69,179,163,267,34,206,312,24,102,96,152,46,258,243,238,247,132,274,222,28,38,101,142,89,253,149,41,236,273,205,97,175,199,276,324,266,133,127,12,29,,,301,335,,,68,233,79,94,67,71,70,159,102,277,58,46,198,172,183,166,70,77,129,95,115,326,90,8,,341,,,b'\x11\xe8\xe1I\xc6}F\xf6\xaf\x82\x12\xdf\x17\xaeN\x1e'
11E8E149-C67D-46F6-AF82-12DF17AE4E1E,2013-ncaa-d1-conf-WCC,ncaa,4,4,1,4,1,2,3,3,3,5,8,3,1,1,2,1,9,9,4,9,7,6,6,2,2,2,2,1,9,6,6,1,2,3,4,1,1,4,3,2,9,9,1,1,,,6,6,,,3,5,9,3,4,4,6,6,9,1,1,9,9,9,8,9,8,1,4,1,3,9,1,,3,,,3,4,2,7,1,4,9,1,2,4,1,3,9,7,8,8,5,8,5,1,1,3,4,2,8,6,2,5,6,5,4,4,6,9,9,9,2,2,1,1,,,9,9,,,3,4,2,3,3,2,2,5,4,7,2,3,6,5,6,6,1,5,4,4,3,9,2,1,,9,,,b'\x11\xe8\xe1I\xc6}F\xf6\xaf\x82\x12\xdf\x17\xaeN\x1e'
11E8E149-C67D-46F6-AF82-12DF17AE4E1E,2013-ncaa-d1-natl,ncaa,56,65,27,69,31,72,71,99,67,147,233,55,22,31,36,36,227,248,123,243,197,119,123,34,45,57,53,32,316,242,263,17,29,53,78,9,4,172,142,23,243,280,24,57,,,237,194,,,57,90,267,139,124,115,226,218,304,30,47,288,306,304,262,286,291,26,135,11,86,291,39,,138,,,61,182,159,285,33,206,319,20,108,105,167,45,252,243,239,246,125,287,243,26,34,86,143,97,254,146,29,245,263,214,78,183,211,265,317,257,147,129,15,32,,,302,337,,,57,254,75,83,61,59,61,150,93,270,63,43,187,162,167,150,65,67,112,80,110,322,92,9,,343,,,b'\x11\xe8\xe1I\xc6}F\xf6\xaf\x82\x12\xdf\x17\xaeN\x1e'
11E8E149-C67D-46F6-AF82-12DF17AE4E1E,2014-ncaa-d0-natl,ncaa,15,17,15,18,15,32,57,88,41,85,153,58,54,85,30,124,17,17,76,17,23,61,46,39,26,43,65,116,57,166,190,4,29,21,38,12,8,313,221,58,266,326,3,7,,,261,117,,,52,31,207,12,73,150,283,195,271,92,144,29,50,50,230,218,260,4,43,18,213,320,5,,116,,,59,282,234,339,10,173,338,3,299,279,267,154,283,243,338,241,83,335,316,16,23,73,311,269,240,273,29,234,190,258,38,243,206,232,331,268,340,303,229,205,,,32,84,,,52,321,63,73,54,98,64,293,40,284,230,191,195,132,125,272,171,145,60,77,119,325,298,136,,114,,,b'\x11\xe8\xe1I\xc6}F\xf6\xaf\x82\x12\xdf\x17\xaeN\x1e'
11E8E149-C67D-46F6-AF82-12DF17AE4E1E,2014-ncaa-d1-conf-WCC,ncaa,2,2,1,2,1,3,4,8,1,5,8,1,3,4,1,3,2,2,4,2,1,5,3,1,1,2,4,3,2,7,6,1,2,1,2,1,1,9,9,3,10,10,1,1,,,4,4,,,2,2,9,5,5,5,10,7,9,3,5,2,3,3,8,8,7,1,1,1,9,10,1,,1,,,2,4,4,10,1,2,10,1,7,7,6,6,4,3,4,3,1,10,10,1,1,2,10,10,4,5,2,4,6,4,2,4,5,9,9,5,10,9,4,5,,,3,2,,,2,8,4,2,2,2,3,6,1,8,6,6,1,2,1,5,3,5,1,2,3,10,9,3,,4,,,b'\x11\xe8\xe1I\xc6}F\xf6\xaf\x82\x12\xdf\x17\xaeN\x1e'
11E8E149-C67D-46F6-AF82-12DF17AE4E1E,2014-ncaa-d1-natl,ncaa,16,17,16,18,16,35,64,102,42,100,171,60,60,92,31,124,19,21,76,22,22,74,54,39,28,44,65,115,57,180,196,4,30,26,40,12,8,306,229,63,276,328,4,7,,,246,118,,,57,37,208,11,79,154,284,202,273,95,145,31,51,50,233,222,262,5,49,18,216,321,5,,118,,,64,268,219,336,10,157,337,3,294,273,270,154,273,221,338,219,83,333,311,16,23,82,310,269,238,262,30,215,196,239,40,233,211,252,331,273,339,307,219,212,,,39,81,,,57,315,68,82,62,103,67,296,41,286,232,189,196,135,130,275,169,145,62,78,126,327,295,141,,115,,,b'\x11\xe8\xe1I\xc6}F\xf6\xaf\x82\x12\xdf\x17\xaeN\x1e'
11E8E149-C67D-46F6-AF82-12DF17AE4E1E,2014-ncaa-d1-ncaatournament,ncaa,9,2,9,9,10,14,13,14,18,17,16,19,6,8,9,18,23,21,44,20,29,16,16,15,15,24,18,15,46,17,26,9,27,12,16,10,32,54,51,34,33,60,3,2,,,53,32,,,22,15,32,3,28,20,46,39,48,9,19,41,39,39,48,42,39,3,12,17,48,60,1,,38,,,22,52,51,55,10,53,53,13,52,57,14,50,54,53,41,53,30,55,52,8,10,24,43,38,40,59,27,50,26,52,16,53,28,30,64,56,59,57,52,47,,,17,49,,,22,52,22,28,18,28,24,58,23,37,33,56,38,38,39,58,45,47,13,25,25,64,55,44,,54,,,b'\x11\xe8\xe1I\xc6}F\xf6\xaf\x82\x12\xdf\x17\xaeN\x1e'
11E8E149-C67D-46F6-AF82-12DF17AE4E1E,2015-ncaa-d0-natl,ncaa,57,50,79,59,83,82,90,168,39,142,225,38,63,104,42,96,91,108,97,106,62,154,167,27,23,25,96,100,166,316,331,75,96,193,236,30,11,116,128,30,257,292,275,308,,,120,71,,,118,106,221,80,86,116,269,178,291,83,119,111,136,134,251,288,337,107,283,20,91,286,296,,79,,,121,260,242,280,131,243,294,84,187,151,263,101,264,206,349,213,107,275,234,121,158,219,166,134,239,180,96,231,331,219,236,220,185,239,292,275,176,182,184,225,,,150,151,,,118,240,72,215,121,189,174,228,194,274,158,109,239,153,162,227,124,121,164,150,178,289,147,155,,226,,,b'\x11\xe8\xe1I\xc6}F\xf6\xaf\x82\x12\xdf\x17\xaeN\x1e'
11E8E149-C67D-46F6-AF82-12DF17AE4E1E,2015-ncaa-d1-conf-WCC,ncaa,2,3,1,3,2,2,2,7,2,4,7,2,2,2,3,2,3,3,7,3,2,5,6,2,2,1,3,3,5,8,9,1,2,6,6,1,1,3,3,2,8,9,6,10,,,2,1,,,4,2,6,8,4,3,8,6,10,4,4,3,3,3,8,10,10,2,7,1,3,9,9,,2,,,4,6,7,9,4,9,10,4,3,3,5,3,6,5,9,5,1,9,8,3,3,4,3,3,5,7,2,8,9,8,6,8,4,8,9,7,3,4,4,4,,,5,4,,,4,9,3,5,4,4,5,8,7,9,3,3,4,3,3,7,3,3,6,6,4,9,3,3,,7,,,b'\x11\xe8\xe1I\xc6}F\xf6\xaf\x82\x12\xdf\x17\xaeN\x1e'
11E8E149-C67D-46F6-AF82-12DF17AE4E1E,2015-ncaa-d1-natl,ncaa,47,50,55,54,61,66,80,161,43,133,227,42,67,101,43,102,87,104,90,101,57,150,157,27,22,28,85,99,151,315,325,63,99,182,224,29,11,127,140,36,254,281,282,314,,,123,78,,,123,96,228,78,95,131,279,187,296,83,120,110,134,134,258,291,337,115,289,21,95,284,301,,80,,,126,275,254,289,140,257,303,85,199,165,274,100,260,200,348,209,107,285,250,129,163,225,167,144,219,188,99,249,325,230,224,244,194,246,289,276,185,184,178,217,,,142,150,,,123,254,72,228,126,189,185,228,196,273,170,113,224,147,153,228,120,120,150,136,196,292,146,148,,230,,,b'\x11\xe8\xe1I\xc6}F\xf6\xaf\x82\x12\xdf\x17\xaeN\x1e'
11E8E149-C67D-46F6-AF82-12DF17AE4E1E,2015-ncaa-d1-ncaatournament,ncaa,33,2,33,33,33,55,53,63,21,37,52,5,64,61,64,48,47,47,36,45,34,63,43,34,33,55,62,64,32,58,50,42,38,56,38,53,48,44,64,62,57,59,50,53,,,27,55,,,57,37,7,4,54,50,61,23,45,64,55,43,43,39,63,21,55,35,55,51,63,56,46,,57,,,58,26,17,22,41,24,22,51,6,17,5,16,37,35,48,35,57,25,26,31,44,47,30,6,61,14,38,2,50,5,38,23,52,54,50,53,54,64,23,57,,,40,21,,,57,27,59,52,58,58,41,38,56,45,8,27,61,59,59,54,52,28,9,12,52,44,64,48,,16,,,b'\x11\xe8\xe1I\xc6}F\xf6\xaf\x82\x12\xdf\x17\xaeN\x1e'
11E8E149-C67D-46F6-AF82-12DF17AE4E1E,2016-ncaa-d0-natl,ncaa,31,23,76,29,107,75,99,150,57,125,160,104,81,141,19,180,28,27,150,27,20,115,118,53,42,49,80,133,50,173,171,96,92,122,95,33,12,175,143,45,53,60,273,280,,,289,271,,,76,107,155,280,81,118,234,171,222,92,179,28,29,30,183,209,224,131,175,23,128,60,288,,252,,,77,208,171,204,146,171,198,153,161,181,128,161,283,262,255,256,240,212,234,135,171,147,212,149,272,142,92,146,171,136,95,218,248,82,106,134,141,129,102,97,,,89,89,,,76,248,61,121,66,148,115,105,137,126,136,152,244,228,225,125,153,95,78,70,173,123,116,80,,112,,,b'\x11\xe8\xe1I\xc6}F\xf6\xaf\x82\x12\xdf\x17\xaeN\x1e'
11E8E149-C67D-46F6-AF82-12DF17AE4E1E,2016-ncaa-d1-conf-WCC,ncaa,1,1,1,1,2,1,2,4,2,4,7,2,2,3,2,5,3,2,8,2,2,3,4,2,2,2,3,4,5,5,5,3,5,2,4,1,1,3,3,1,2,2,7,8,,,5,4,,,2,4,7,7,2,4,8,6,9,3,4,4,3,3,7,7,7,4,5,1,2,2,9,,4,,,2,5,4,7,4,4,7,4,5,5,4,5,4,4,1,4,3,6,8,4,2,2,3,5,3,8,5,6,5,5,4,6,5,3,4,4,3,2,5,5,,,4,7,,,2,8,3,2,1,4,3,4,3,3,4,4,3,3,3,4,5,5,4,4,5,4,2,4,,8,,,b'\x11\xe8\xe1I\xc6}F\xf6\xaf\x82\x12\xdf\x17\xaeN\x1e'
11E8E149-C67D-46F6-AF82-12DF17AE4E1E,2016-ncaa-d1-natl,ncaa,25,23,51,26,91,69,95,141,56,118,159,103,82,148,21,183,26,22,157,24,15,106,113,53,41,49,83,137,46,172,178,96,103,115,98,23,11,171,134,45,43,46,278,288,,,290,251,,,68,93,154,282,76,121,236,166,222,97,180,24,25,27,179,216,220,136,183,22,118,51,291,,243,,,69,214,182,215,140,179,201,154,179,202,124,172,279,256,263,251,233,219,256,132,160,132,212,155,268,160,103,157,178,151,98,228,255,71,106,131,155,132,99,91,,,78,87,,,68,268,51,123,61,138,109,107,127,127,139,156,240,217,215,126,156,107,78,71,176,111,120,75,,114,,,b'\x11\xe8\xe1I\xc6}F\xf6\xaf\x82\x12\xdf\x17\xaeN\x1e'
11E8E149-C67D-46F6-AF82-12DF17AE4E1E,2016-ncaa-d1-ncaatournament,ncaa,33,2,33,33,33,35,36,57,6,34,54,2,50,52,48,29,40,42,6,42,10,55,57,9,7,7,46,52,15,64,64,59,6,64,55,59,64,13,33,59,40,18,50,36,,,34,64,,,30,42,26,1,21,24,54,11,51,44,36,15,26,20,53,56,64,59,64,59,26,21,45,,64,,,34,22,9,1,62,12,1,64,13,13,29,39,37,34,61,31,64,2,5,62,63,61,49,16,63,1,6,8,64,2,55,15,43,38,2,17,9,27,1,1,,,34,3,,,30,12,21,53,37,53,28,1,33,1,19,18,63,62,60,2,5,1,27,4,38,9,18,1,,3,,,b'\x11\xe8\xe1I\xc6}F\xf6\xaf\x82\x12\xdf\x17\xaeN\x1e'
11E8E149-C67D-46F6-AF82-12DF17AE4E1E,2017-ncaa-d0-natl,ncaa,93,97,74,102,81,93,98,161,65,120,190,63,108,131,87,134,84,103,114,101,55,144,142,58,60,68,128,147,131,284,304,74,133,158,207,42,22,199,184,74,38,43,55,44,,,302,263,,,85,93,195,37,111,132,250,160,264,124,151,101,117,115,231,249,319,90,237,37,162,44,60,,260,,,85,174,74,204,24,27,144,12,280,261,261,261,317,297,297,296,301,225,252,54,89,72,346,304,326,240,133,226,304,238,207,233,323,73,97,134,234,220,187,200,,,132,148,,,85,250,111,76,89,95,30,98,10,54,259,234,291,261,262,139,180,188,149,170,171,104,195,157,,194,,,b'\x11\xe8\xe1I\xc6}F\xf6\xaf\x82\x12\xdf\x17\xaeN\x1e'
11E8E149-C67D-46F6-AF82-12DF17AE4E1E,2017-ncaa-d1-conf-WCC,ncaa,3,2,3,3,3,4,3,5,1,4,7,1,3,5,2,5,6,6,4,6,6,6,5,1,1,1,5,5,9,8,6,3,5,4,3,2,1,3,5,2,1,1,3,2,,,8,7,,,2,5,8,1,4,2,8,4,8,4,5,6,7,7,7,9,10,5,6,1,4,1,2,,7,,,2,2,2,3,1,1,3,1,8,7,9,7,7,7,8,7,8,4,6,2,2,3,10,9,10,8,5,3,6,4,3,4,9,2,2,3,4,4,4,3,,,7,7,,,2,7,3,3,2,3,1,2,1,2,8,5,7,7,7,3,5,7,3,5,4,2,4,3,,8,,,b'\x11\xe8\xe1I\xc6}F\xf6\xaf\x82\x12\xdf\x17\xaeN\x1e'
11E8E149-C67D-46F6-AF82-12DF17AE4E1E,2017-ncaa-d1-natl,ncaa,104,97,98,106,103,114,125,199,69,147,223,67,119,143,91,133,97,121,113,117,59,181,184,61,62,73,124,147,127,303,310,89,146,191,222,50,23,174,192,77,45,47,65,45,,,282,269,,,97,120,202,34,119,141,257,170,272,126,153,105,124,125,239,258,322,96,248,39,165,49,64,,265,,,94,135,52,166,26,19,106,13,273,249,271,262,309,282,300,283,307,191,227,59,95,82,345,305,324,219,146,197,310,215,222,216,325,94,104,144,213,227,166,207,,,161,145,,,97,222,118,88,96,102,34,97,10,58,266,236,291,267,269,138,176,191,154,176,179,110,201,159,,201,,,b'\x11\xe8\xe1I\xc6}F\xf6\xaf\x82\x12\xdf\x17\xaeN\x1e'
11E8E149-C67D-46F6-AF82-12DF17AE4E1E,2018-ncaa-d0-natl,ncaa,149,129,164,149,167,153,160,199,114,175,197,139,135,169,97,153,156,130,277,131,91,191,192,111,121,127,145,137,166,246,254,102,250,148,222,104,51,159,190,118,105,101,8,6,,,274,268,,,109,171,145,22,127,146,189,156,193,116,161,139,112,113,161,158,247,56,114,82,194,85,5,,280,,,107,95,69,203,19,33,177,13,222,234,181,220,206,247,46,247,244,221,207,26,29,46,318,282,253,313,250,192,254,256,222,201,330,175,192,198,199,214,47,65,,,142,111,,,109,166,157,81,112,113,70,249,34,199,241,250,216,260,260,269,273,322,213,283,213,163,207,56,,111,,,b'\x11\xe8\xe1I\xc6}F\xf6\xaf\x82\x12\xdf\x17\xaeN\x1e'
11E8E149-C67D-46F6-AF82-12DF17AE4E1E,2018-ncaa-d1-conf-WCC,ncaa,3,3,6,3,6,8,8,8,4,9,9,5,3,4,1,3,7,7,9,7,4,7,9,4,5,6,2,3,7,9,9,4,9,6,7,6,3,5,7,5,5,5,1,1,,,6,6,,,3,8,6,2,7,6,6,9,9,3,4,6,6,6,6,7,9,3,5,5,6,5,1,,6,,,3,2,1,6,1,1,5,1,5,8,2,8,6,6,1,6,7,5,6,1,1,2,9,9,8,10,9,6,9,8,7,4,9,5,6,5,5,6,1,2,,,8,5,,,3,3,6,2,3,3,1,8,1,7,6,9,6,6,6,7,10,10,8,10,5,4,5,1,,6,,,b'\x11\xe8\xe1I\xc6}F\xf6\xaf\x82\x12\xdf\x17\xaeN\x1e'
11E8E149-C67D-46F6-AF82-12DF17AE4E1E,2018-ncaa-d1-natl,ncaa,169,129,213,163,217,188,195,239,123,206,233,144,150,186,97,150,183,153,275,153,94,237,244,115,126,135,140,136,158,271,261,122,256,193,230,124,54,136,195,128,122,110,8,6,,,248,270,,,126,216,154,19,138,156,196,172,196,123,162,144,115,115,177,161,252,60,121,91,196,95,5,,281,,,122,60,40,170,20,22,141,15,205,208,184,214,189,232,49,230,244,182,170,29,30,52,317,280,255,304,256,159,261,237,230,189,328,201,201,212,176,216,38,69,,,181,105,,,126,118,168,89,127,121,77,251,41,207,240,250,221,262,261,269,268,323,221,286,218,166,210,60,,109,,,b'\x11\xe8\xe1I\xc6}F\xf6\xaf\x82\x12\xdf\x17\xaeN\x1e'
11E8E149-C67D-46F6-AF82-12DF17AE4E1E,2019-ncaa-d0-natl,ncaa,18,18,47,20,63,63,60,71,60,71,101,73,67,98,58,141,155,155,185,159,219,76,91,61,74,59,174,123,280,153,200,61,210,76,174,42,86,109,71,43,96,146,23,19,,,214,112,,,80,84,226,145,85,74,125,109,169,89,131,220,218,231,155,228,219,76,130,61,61,148,30,,114,,,81,244,192,293,42,104,203,46,317,323,158,304,239,239,208,239,220,298,288,68,72,98,331,318,211,317,210,257,200,307,174,263,290,148,218,227,219,158,110,69,,,216,289,,,80,270,63,146,82,126,93,212,40,90,292,310,184,173,177,217,192,280,146,213,197,220,144,68,,306,,,b'\x11\xe8\xe1I\xc6}F\xf6\xaf\x82\x12\xdf\x17\xaeN\x1e'
11E8E149-C67D-46F6-AF82-12DF17AE4E1E,2019-ncaa-d1-conf-WCC,ncaa,1,1,3,1,7,5,5,9,3,7,8,3,4,5,2,4,6,5,8,5,3,7,9,3,3,3,3,3,7,8,8,3,5,5,5,4,3,4,4,3,5,5,1,1,,,2,4,,,3,9,9,7,6,6,10,7,8,4,5,6,5,6,8,10,8,2,5,4,4,5,1,,3,,,3,2,2,5,1,1,3,1,8,10,2,10,6,5,7,6,9,4,3,1,1,2,10,10,9,9,5,5,8,5,5,4,6,4,5,4,3,4,1,4,,,7,5,,,3,2,4,2,2,2,2,5,1,2,8,9,5,5,5,4,4,8,4,5,4,6,3,1,,7,,,b'\x11\xe8\xe1I\xc6}F\xf6\xaf\x82\x12\xdf\x17\xaeN\x1e'
11E8E149-C67D-46F6-AF82-12DF17AE4E1E,2019-ncaa-d1-natl,ncaa,21,18,40,21,52,63,60,69,61,72,94,70,77,101,64,150,148,151,170,157,211,75,87,60,74,58,177,135,272,166,206,56,206,72,174,45,83,107,71,45,97,146,27,23,,,222,120,,,82,70,219,147,90,80,143,108,167,93,137,210,214,226,164,236,229,87,149,62,65,155,34,,126,,,85,254,205,299,48,102,196,56,318,326,156,305,251,242,220,246,233,302,301,73,79,114,332,314,215,313,206,261,206,310,174,263,279,135,213,213,223,167,106,76,,,227,287,,,82,286,70,144,81,138,100,205,43,89,291,309,189,179,184,208,189,274,146,204,192,217,145,68,,306,,,b'\x11\xe8\xe1I\xc6}F\xf6\xaf\x82\x12\xdf\x17\xaeN\x1e'
11E8E149-C67D-46F6-AF82-12DF17AE4E1E,2019-ncaa-d1-ncaatournament,ncaa,17,2,17,17,19,26,24,25,23,25,25,26,21,25,21,39,27,24,51,24,30,22,26,24,31,24,42,37,44,33,47,19,37,23,37,28,54,33,24,32,26,36,18,16,,,46,40,,,22,24,30,7,28,24,36,25,29,35,40,37,28,26,32,39,50,6,25,40,18,31,14,,47,,,22,39,39,44,10,37,37,22,48,52,13,61,33,49,2,49,53,46,44,12,7,11,46,53,27,49,37,44,47,48,37,34,13,30,55,38,49,49,18,13,,,25,39,,,22,40,34,22,23,21,22,54,13,13,44,63,24,50,50,57,48,54,37,51,16,53,49,7,,36,,,b'\x11\xe8\xe1I\xc6}F\xf6\xaf\x82\x12\xdf\x17\xaeN\x1e'
11E8E149-C67D-46F6-AF82-12DF17AE4E1E,2020-ncaa-d0-natl,ncaa,123,81,260,114,273,299,259,267,221,286,280,238,149,164,119,105,345,340,268,340,332,304,332,187,245,208,164,74,338,257,238,105,167,177,157,125,26,35,117,69,275,233,3,1,,,42,88,,,115,329,326,86,275,221,223,261,252,125,135,345,335,334,284,321,243,28,94,85,64,250,3,,75,,,110,9,8,109,2,2,51,1,223,282,86,323,45,38,184,34,99,84,38,4,6,13,348,343,185,233,167,107,238,147,157,68,302,317,281,228,122,234,26,61,,,348,338,,,115,25,209,27,101,15,10,206,3,78,266,319,69,72,64,160,85,272,180,242,92,297,174,40,,346,,,b'\x11\xe8\xe1I\xc6}F\xf6\xaf\x82\x12\xdf\x17\xaeN\x1e'
11E8E149-C67D-46F6-AF82-12DF17AE4E1E,2020-ncaa-d1-conf-WCC,ncaa,4,2,7,3,8,10,10,10,5,9,9,4,4,3,5,2,10,10,9,10,10,10,10,4,6,7,4,3,10,9,8,2,7,3,5,5,1,2,3,3,8,7,1,1,,,3,2,,,2,9,9,6,10,10,10,9,9,4,3,10,10,10,10,10,9,1,1,3,3,7,1,,3,,,2,2,1,5,1,1,2,1,6,9,4,10,2,2,3,2,3,3,3,1,1,1,10,10,6,8,7,4,8,6,5,2,10,6,6,4,2,6,2,2,,,10,10,,,2,2,8,1,2,2,1,7,1,4,8,10,2,3,2,4,4,10,6,8,2,6,4,2,,10,,,b'\x11\xe8\xe1I\xc6}F\xf6\xaf\x82\x12\xdf\x17\xaeN\x1e'
11E8E149-C67D-46F6-AF82-12DF17AE4E1E,2020-ncaa-d1-natl,ncaa,114,81,257,107,267,288,246,263,209,279,272,226,143,150,119,100,344,339,251,338,333,300,324,186,234,196,166,71,339,247,217,76,147,150,129,92,23,37,111,60,253,216,3,1,,,40,75,,,103,332,326,85,267,215,209,254,250,122,128,344,335,336,277,318,233,23,70,70,62,240,3,,62,,,100,8,7,133,2,3,45,1,233,297,77,334,43,36,188,36,93,85,39,4,6,14,349,345,174,217,147,118,217,155,129,75,305,316,283,227,127,229,27,55,,,347,341,,,103,26,201,22,87,12,8,201,3,61,267,325,53,57,52,149,77,257,168,220,96,300,177,35,,346,,,b'\x11\xe8\xe1I\xc6}F\xf6\xaf\x82\x12\xdf\x17\xaeN\x1e'
11E8E149-C67D-46F6-AF82-12DF17AE4E1E,2021-ncaa-d0-natl,ncaa,30,43,59,33,80,76,53,83,40,56,96,35,59,74,81,105,212,237,63,239,314,108,115,41,48,56,224,115,325,124,136,66,93,79,63,30,39,215,139,46,105,142,35,37,,,235,173,,,37,112,250,224,113,66,169,83,192,92,118,298,318,319,224,266,221,113,154,23,101,169,55,,142,,,41,180,147,239,22,125,210,20,247,267,120,249,262,236,308,231,223,236,227,32,52,63,319,261,288,213,93,178,136,195,63,149,148,126,171,101,290,255,114,61,,,170,276,,,37,231,63,69,40,49,23,92,20,64,178,210,207,169,162,88,69,114,36,46,55,214,232,46,,298,,,b'\x11\xe8\xe1I\xc6}F\xf6\xaf\x82\x12\xdf\x17\xaeN\x1e'
11E8E149-C67D-46F6-AF82-12DF17AE4E1E,2021-ncaa-d1-conf-WCC,ncaa,2,2,8,2,9,6,2,5,2,2,5,2,4,4,8,3,9,10,9,10,10,8,9,2,4,2,9,4,10,3,3,2,2,2,2,3,3,2,1,1,9,7,2,1,,,4,5,,,2,9,8,5,2,2,1,2,6,4,3,9,9,9,3,5,4,1,2,3,1,6,2,,4,,,2,3,2,4,1,2,2,1,5,6,1,10,7,7,8,7,8,4,3,1,1,2,10,10,9,3,2,3,3,3,2,3,7,9,8,4,3,3,3,4,,,9,10,,,2,2,2,3,2,2,2,4,1,3,7,10,7,7,7,5,2,7,2,2,3,8,3,4,,10,,,b'\x11\xe8\xe1I\xc6}F\xf6\xaf\x82\x12\xdf\x17\xaeN\x1e'
11E8E149-C67D-46F6-AF82-12DF17AE4E1E,2021-ncaa-d1-natl,ncaa,30,43,70,33,93,86,59,97,42,67,111,35,70,80,80,104,222,252,64,252,315,124,132,44,51,58,221,114,325,143,141,79,95,94,69,33,37,201,142,47,118,151,38,39,,,227,177,,,42,129,254,225,115,68,174,86,197,95,121,300,319,319,233,272,227,119,161,24,104,178,55,,143,,,44,163,135,219,22,116,198,21,236,253,119,248,255,233,309,226,224,219,209,32,57,71,320,261,288,204,95,162,141,179,69,137,146,142,179,105,280,261,111,63,,,182,277,,,42,213,64,76,42,50,24,95,20,65,183,207,210,171,163,90,68,117,39,45,57,222,236,48,,300,,,b'\x11\xe8\xe1I\xc6}F\xf6\xaf\x82\x12\xdf\x17\xaeN\x1e'
11E8E149-C67D-46F6-AF82-12DF17AE4E1E,2021-ncaa-d1-ncaatournament,ncaa,17,2,17,17,18,29,32,30,44,33,32,46,17,22,21,15,19,22,9,23,14,31,27,35,30,42,11,17,9,24,22,27,43,28,33,26,20,45,55,47,33,47,24,30,,,45,55,,,25,30,53,7,44,52,55,51,55,22,25,18,29,31,56,47,29,41,38,36,48,44,31,,48,,,24,35,37,35,26,39,40,29,35,34,27,29,42,48,6,48,50,36,37,25,20,15,35,27,40,43,43,39,22,39,33,22,5,22,19,1,56,61,26,34,,,21,18,,,25,35,37,19,30,12,13,6,19,20,21,20,34,42,42,11,14,37,18,21,3,22,59,14,,25,,,b'\x11\xe8\xe1I\xc6}F\xf6\xaf\x82\x12\xdf\x17\xaeN\x1e'
11E8E149-C67D-46F6-AF82-12DF17AE4E1E,2022-ncaa-d0-natl,ncaa,16,3,112,5,133,42,29,76,6,30,100,6,57,69,71,121,198,248,44,249,317,91,112,13,15,9,259,152,339,77,43,96,169,79,51,11,9,46,25,3,34,27,39,14,,,170,113,,,7,132,154,220,10,3,22,10,105,64,77,228,271,275,44,112,79,91,56,2,37,31,35,,136,,,4,92,66,185,21,40,126,18,258,277,141,294,175,199,96,195,233,191,231,39,44,24,332,318,243,242,169,89,43,137,51,163,292,56,59,68,75,53,58,24,,,202,292,,,7,222,4,31,4,53,30,121,12,63,235,268,144,164,157,127,205,219,34,90,138,61,64,38,,257,,,b'\x11\xe8\xe1I\xc6}F\xf6\xaf\x82\x12\xdf\x17\xaeN\x1e'
11E8E149-C67D-46F6-AF82-12DF17AE4E1E,2022-ncaa-d1-conf-WCC,ncaa,2,1,6,2,7,2,1,3,1,1,3,1,5,3,5,3,9,9,4,9,9,3,8,1,1,1,9,6,10,3,2,6,3,4,2,1,2,1,1,1,2,2,2,2,,,1,1,,,1,8,8,7,1,1,1,1,2,5,3,9,9,9,1,4,3,4,2,1,2,2,2,,1,,,1,1,1,4,1,1,3,1,2,4,2,6,1,2,1,2,4,2,3,2,2,1,8,8,8,4,3,3,2,2,2,1,6,2,2,2,1,1,2,1,,,9,9,,,1,3,1,1,1,1,1,2,1,2,3,4,2,3,2,1,3,4,2,2,2,2,2,3,,9,,,b'\x11\xe8\xe1I\xc6}F\xf6\xaf\x82\x12\xdf\x17\xaeN\x1e'
11E8E149-C67D-46F6-AF82-12DF17AE4E1E,2022-ncaa-d1-natl,ncaa,18,3,146,5,178,50,33,94,7,33,126,6,76,89,70,119,227,272,45,273,316,108,149,13,16,10,256,150,337,95,46,121,174,102,60,12,10,30,26,4,48,32,43,14,,,133,112,,,9,177,162,210,13,3,24,12,109,65,81,230,270,277,51,119,85,94,59,2,36,39,34,,140,,,6,72,54,147,27,35,100,22,236,262,153,293,154,175,105,170,237,141,184,43,48,31,332,313,236,217,174,52,46,100,60,152,294,77,70,83,63,55,50,23,,,238,289,,,9,178,4,40,4,61,37,126,14,67,243,268,149,174,166,134,200,223,36,95,148,72,68,44,,260,,,b'\x11\xe8\xe1I\xc6}F\xf6\xaf\x82\x12\xdf\x17\xaeN\x1e'
11E8E149-C67D-46F6-AF82-12DF17AE4E1E,2022-ncaa-d1-ncaatournament,ncaa,37,2,37,37,38,55,53,62,35,54,57,45,45,53,19,34,56,59,23,56,43,63,62,31,33,45,24,18,42,62,54,43,17,46,22,41,5,21,60,38,48,33,56,55,,,8,33,,,27,57,50,5,50,48,54,49,47,30,41,49,55,50,58,55,55,11,29,20,53,36,55,,20,,,31,3,3,11,19,4,4,43,15,29,10,63,4,8,13,7,52,7,5,21,22,29,44,47,35,14,17,6,54,6,22,11,58,62,56,55,22,59,24,45,,,49,30,,,27,1,52,26,40,19,17,22,15,4,33,58,20,32,28,20,10,23,22,17,42,60,52,41,,36,,,b'\x11\xe8\xe1I\xc6}F\xf6\xaf\x82\x12\xdf\x17\xaeN\x1e'
11E8E149-C67D-46F6-AF82-12DF17AE4E1E,2023-ncaa-d0-natl,ncaa,170,203,81,190,97,151,114,162,63,122,140,129,129,210,22,201,277,297,125,286,332,195,157,67,90,140,229,136,339,190,164,53,9,89,23,90,81,283,275,149,313,325,84,84,,,134,141,,,150,148,293,252,196,151,290,159,208,155,246,325,337,333,312,292,243,46,98,99,235,340,88,,81,,,151,193,205,248,108,132,232,61,272,220,310,197,136,112,265,104,80,221,151,126,122,226,269,288,127,37,9,84,164,52,23,172,148,321,335,304,302,296,283,269,,,189,211,,,150,204,143,170,154,95,110,156,82,155,241,167,96,83,76,111,24,15,35,13,118,350,264,269,,257,,,b'\x11\xe8\xe1I\xc6}F\xf6\xaf\x82\x12\xdf\x17\xaeN\x1e'
11E8E149-C67D-46F6-AF82-12DF17AE4E1E,2023-ncaa-d1-conf-WCC,ncaa,3,4,1,4,1,4,4,5,3,6,4,4,4,6,2,6,9,10,6,9,10,6,3,3,4,4,6,4,10,5,5,1,1,3,2,2,2,10,9,7,8,8,1,1,,,3,2,,,3,2,7,6,8,5,9,7,6,5,6,10,10,10,9,8,5,1,3,2,9,9,1,,1,,,3,4,3,7,1,4,9,1,4,4,4,3,4,4,8,4,3,7,6,1,1,3,4,5,6,1,1,4,5,2,2,3,3,7,8,6,9,10,8,9,,,8,10,,,3,8,5,1,3,2,2,3,2,4,2,3,4,4,3,3,1,1,3,2,2,9,9,8,,10,,,b'\x11\xe8\xe1I\xc6}F\xf6\xaf\x82\x12\xdf\x17\xaeN\x1e'
11E8E149-C67D-46F6-AF82-12DF17AE4E1E,2023-ncaa-d1-natl,ncaa,167,203,56,188,78,138,115,164,61,132,148,139,129,213,17,202,277,304,125,296,328,193,162,64,91,139,221,139,336,192,154,47,9,82,21,76,73,285,281,146,326,332,81,81,,,121,135,,,157,155,306,254,207,164,298,175,210,155,252,322,336,331,316,302,239,56,108,103,234,343,87,,72,,,157,193,203,253,113,131,238,66,275,232,310,211,129,104,271,94,76,229,147,135,133,244,268,288,113,39,9,80,154,37,21,178,149,335,341,311,297,299,287,272,,,192,203,,,157,200,143,185,162,100,107,150,80,141,244,173,89,71,65,102,18,16,32,9,122,351,259,268,,263,,,b'\x11\xe8\xe1I\xc6}F\xf6\xaf\x82\x12\xdf\x17\xaeN\x1e'
11E8E149-C67D-46F6-AF82-12DF17AE4E1E,2024-ncaa-d0-natl,ncaa,154,209,52,181,69,111,104,151,69,140,177,109,71,121,20,141,214,117,357,120,109,141,109,55,88,133,128,77,295,148,173,30,29,48,38,53,32,314,274,118,298,331,68,95,,,279,240,,,178,102,203,230,158,142,276,201,258,86,174,274,170,173,263,227,201,31,57,53,259,331,85,,208,,,178,276,249,295,99,189,281,46,309,257,315,188,288,271,261,279,205,297,254,131,155,261,312,287,233,124,29,201,173,167,38,186,119,300,343,292,259,215,275,284,,,95,128,,,178,268,138,226,172,198,157,225,98,209,280,206,226,214,221,240,113,67,101,69,123,344,195,242,,158,,,b'\x11\xe8\xe1I\xc6}F\xf6\xaf\x82\x12\xdf\x17\xaeN\x1e'
11E8E149-C67D-46F6-AF82-12DF17AE4E1E,2024-ncaa-d1-conf-Big 12,ncaa,10,10,9,10,12,11,9,10,9,10,11,10,8,9,2,9,14,12,14,12,11,11,12,10,11,10,6,4,13,7,6,7,5,6,6,6,5,8,9,7,13,12,9,9,,,5,9,,,10,13,11,7,10,9,9,10,9,8,9,14,13,13,11,10,7,6,5,5,8,13,9,,6,,,10,7,5,6,8,5,8,2,9,8,14,8,13,10,13,10,10,7,2,9,10,12,12,10,13,7,5,6,6,6,6,3,3,12,12,12,7,8,9,12,,,11,11,,,10,2,10,13,10,11,7,10,6,9,11,9,14,12,11,11,2,8,10,8,4,12,8,10,,11,,,b'\x11\xe8\xe1I\xc6}F\xf6\xaf\x82\x12\xdf\x17\xaeN\x1e'
11E8E149-C67D-46F6-AF82-12DF17AE4E1E,2024-ncaa-d1-natl,ncaa,172,211,78,195,100,134,131,187,72,168,208,117,81,150,20,148,244,138,359,139,101,180,142,60,97,143,122,72,296,181,188,40,33,63,43,65,34,301,281,130,327,340,75,100,,,261,253,,,206,135,211,225,172,164,286,215,262,93,182,283,177,179,272,241,216,34,67,57,265,341,91,,212,,,206,263,233,282,111,162,261,56,306,242,323,188,268,252,269,259,212,280,218,149,171,280,315,287,236,103,33,168,188,133,43,173,126,334,348,304,235,225,268,292,,,120,124,,,206,242,153,248,195,213,173,230,113,215,289,206,233,223,228,247,109,69,108,73,131,348,202,249,,162,,,b'\x11\xe8\xe1I\xc6}F\xf6\xaf\x82\x12\xdf\x17\xaeN\x1e'
11E8E149-C67D-46F6-AF82-12DF17AE4E1E,2025-ncaa-d0-natl,genius_ncaa,203,199,194,210,201,152,129,164,107,199,255,99,56,76,58,53,321,311,231,312,287,192,186,71,97,126,93,35,347,234,231,102,66,155,134,93,55,228,226,123,225,238,84,82,,,265,304,,235,171,171,120,50,112,87,119,190,248,35,51,324,314,316,170,139,229,49,107,56,241,220,78,,306,,261,172,210,148,176,138,114,189,76,247,183,322,147,322,323,170,320,312,216,178,166,200,261,318,247,324,100,66,183,231,148,134,180,210,286,295,271,212,228,293,334,,,339,358,,265,171,192,137,227,177,260,186,218,129,218,279,197,331,335,334,275,218,119,203,173,202,286,235,313,,346,,263,b'\x11\xe8\xe1I\xc6}F\xf6\xaf\x82\x12\xdf\x17\xaeN\x1e'
11E8E149-C67D-46F6-AF82-12DF17AE4E1E,2025-ncaa-d1-conf-Big 12,genius_ncaa,14,12,11,14,11,11,11,13,10,12,14,9,6,5,9,3,15,15,12,14,10,14,12,7,9,12,6,3,15,11,10,7,9,10,9,7,6,14,14,9,12,13,5,7,,,12,13,,12,11,10,3,1,9,9,9,12,12,4,3,14,14,13,11,6,11,4,5,6,15,12,4,,14,,12,11,12,8,8,7,12,14,5,7,6,10,2,14,14,10,14,13,12,8,5,9,11,10,5,15,14,9,7,10,9,9,9,10,13,13,11,14,15,10,15,,,15,16,,12,11,7,12,11,11,13,11,15,14,16,8,7,16,15,15,15,15,14,10,12,11,13,16,12,,14,,12,b'\x11\xe8\xe1I\xc6}F\xf6\xaf\x82\x12\xdf\x17\xaeN\x1e'
11E8E149-C67D-46F6-AF82-12DF17AE4E1E,2025-ncaa-d1-natl,genius_ncaa,222,199,244,224,257,172,153,203,111,232,282,104,73,92,61,53,331,324,231,326,283,240,241,76,105,132,89,38,344,259,244,130,68,194,142,106,58,188,234,130,260,251,89,85,,,245,310,,228,185,218,131,48,116,96,125,206,254,38,54,326,317,319,184,151,237,57,121,63,246,235,78,,310,,263,186,190,133,141,151,81,153,81,240,156,330,141,317,318,175,314,316,182,126,183,210,276,317,244,321,81,68,145,244,115,142,163,213,308,307,285,196,238,288,337,,,347,358,,273,185,144,145,246,193,273,199,224,135,222,281,200,337,338,338,281,215,122,213,178,214,298,241,314,,346,,259,b'\x11\xe8\xe1I\xc6}F\xf6\xaf\x82\x12\xdf\x17\xaeN\x1e'
11E8E149-C67D-46F6-AF82-12DF17AE4E1E,2026-ncaa-d0-natl,genius_ncaa,5,13,9,13,20,30,42,19,116,60,76,69,22,4,170,53,31,17,214,18,52,16,12,97,102,100,93,96,175,23,114,16,112,11,93,31,84,318,117,85,17,41,24,31,,,299,79,,245,37,10,54,97,54,66,60,126,236,51,26,81,70,73,54,51,72,34,25,53,169,42,44,,118,,153,40,268,252,341,19,228,302,53,275,350,18,308,285,278,224,276,174,339,350,18,20,23,252,225,240,321,112,349,114,341,93,266,214,17,67,56,292,108,282,195,,,29,180,,205,37,352,88,28,41,57,46,219,46,108,122,300,155,129,128,200,285,204,226,212,90,58,145,173,,127,,282,b'\x11\xe8\xe1I\xc6}F\xf6\xaf\x82\x12\xdf\x17\xaeN\x1e'
11E8E149-C67D-46F6-AF82-12DF17AE4E1E,2026-ncaa-d1-natl,genius_ncaa,5,13,13,13,35,38,50,30,140,84,117,81,31,9,186,57,43,25,212,26,41,26,23,119,119,115,80,97,153,38,142,19,124,15,121,38,85,290,130,109,27,51,29,30,,,263,86,,226,43,20,62,100,74,95,80,154,255,57,31,84,74,75,70,68,88,38,33,68,183,48,47,,125,,157,56,233,207,330,20,189,271,64,256,346,20,308,259,250,232,247,180,326,340,21,23,31,257,228,238,304,124,333,142,329,121,243,216,33,94,80,253,114,265,219,,,42,172,,227,43,344,108,35,59,78,58,230,62,116,146,309,164,134,133,213,281,216,239,238,112,81,155,191,,124,,280,b'\x11\xe8\xe1I\xc6}F\xf6\xaf\x82\x12\xdf\x17\xaeN\x1e'
11E8E149-C681-927E-AF82-12DF17AE4E1E,2010-ncaa-d0-natl,ncaa,178,202,122,197,152,114,95,134,65,130,191,59,91,93,114,92,195,224,83,222,226,155,135,62,64,107,153,101,266,164,116,123,143,141,93,108,165,253,235,167,206,234,171,185,,,277,265,,,170,128,113,218,93,77,137,121,212,83,89,211,249,246,161,141,171,113,134,98,242,223,183,,272,,,170,279,235,225,189,193,202,156,277,246,281,230,270,232,299,223,206,233,207,213,239,280,267,241,218,188,143,98,116,124,93,288,278,202,244,288,276,247,65,74,,,161,209,,,170,210,116,259,173,272,230,232,179,182,281,251,261,219,213,236,216,175,70,95,277,227,257,69,,175,,,b'\x11\xe8\xe1I\xc6\x81\x92~\xaf\x82\x12\xdf\x17\xaeN\x1e'
11E8E149-C681-927E-AF82-12DF17AE4E1E,2010-ncaa-d1-conf-MAC,ncaa,7,7,3,7,5,6,4,4,6,6,7,4,3,3,5,3,9,10,6,10,12,6,6,5,7,5,7,3,11,7,5,4,6,7,6,5,7,4,4,4,9,9,6,6,,,10,9,,,6,6,8,6,6,3,2,7,6,2,3,11,12,12,7,8,7,5,7,5,3,9,6,,9,,,6,8,7,6,6,6,7,5,5,6,6,6,10,8,11,8,6,7,7,6,7,7,5,6,9,6,6,7,5,7,6,8,8,8,9,8,5,5,4,4,,,8,9,,,6,6,7,6,6,6,7,6,6,8,5,6,9,8,8,6,6,6,5,6,7,9,4,3,,9,,,b'\x11\xe8\xe1I\xc6\x81\x92~\xaf\x82\x12\xdf\x17\xaeN\x1e'
11E8E149-C681-927E-AF82-12DF17AE4E1E,2010-ncaa-d1-natl,ncaa,189,202,134,203,167,121,103,149,67,136,199,60,94,101,117,93,202,240,83,237,225,169,147,63,67,112,151,101,262,177,118,133,148,154,101,113,168,243,235,171,226,241,178,187,,,268,267,,,177,140,113,214,97,81,141,125,213,84,89,211,247,247,163,143,173,116,136,98,242,225,185,,272,,,177,271,229,215,194,183,186,162,272,238,284,232,259,221,300,213,207,222,189,218,248,283,266,238,214,169,148,83,118,105,101,285,279,222,248,293,262,250,59,77,,,175,206,,,177,196,118,272,182,280,236,235,184,184,282,252,263,218,212,238,217,179,70,97,284,233,261,70,,172,,,b'\x11\xe8\xe1I\xc6\x81\x92~\xaf\x82\x12\xdf\x17\xaeN\x1e'
11E8E149-C681-927E-AF82-12DF17AE4E1E,2011-ncaa-d0-natl,ncaa,262,279,170,270,179,186,223,229,189,230,224,207,156,165,114,150,111,94,214,95,36,199,148,180,162,224,84,128,61,179,187,113,150,144,149,179,99,312,305,262,260,279,201,237,,,278,273,,,269,137,74,51,175,231,237,237,241,140,158,86,58,64,199,98,181,71,99,158,310,264,198,,300,,,263,258,291,246,281,313,283,275,121,107,191,69,167,234,14,232,172,255,220,251,206,255,44,74,113,195,150,146,187,174,149,190,62,220,260,228,310,300,228,268,,,82,67,,,269,217,229,250,248,291,308,287,320,314,123,117,187,259,258,302,284,220,187,207,213,215,305,237,,42,,,b'\x11\xe8\xe1I\xc6\x81\x92~\xaf\x82\x12\xdf\x17\xaeN\x1e'
11E8E149-C681-927E-AF82-12DF17AE4E1E,2011-ncaa-d1-conf-MAC,ncaa,11,10,8,11,11,11,10,10,8,9,11,8,6,7,6,5,10,8,10,9,6,11,9,8,8,11,5,4,9,10,8,6,3,6,4,8,6,12,12,11,8,8,10,10,,,8,9,,,11,5,3,4,10,10,7,9,10,5,7,8,6,8,9,5,8,3,4,8,12,8,10,,10,,,11,8,9,7,10,12,11,8,4,1,10,1,5,7,1,7,4,6,5,7,6,8,2,2,4,3,3,5,8,3,4,6,4,9,9,9,12,12,7,9,,,10,9,,,11,7,11,8,10,9,11,10,12,12,4,3,6,8,8,9,10,5,8,7,7,8,12,10,,7,,,b'\x11\xe8\xe1I\xc6\x81\x92~\xaf\x82\x12\xdf\x17\xaeN\x1e'
11E8E149-C681-927E-AF82-12DF17AE4E1E,2011-ncaa-d1-natl,ncaa,268,277,199,274,211,207,238,252,196,251,256,213,163,181,117,147,119,110,210,109,36,226,174,182,164,227,82,125,59,197,194,137,157,169,157,194,103,302,310,266,271,288,211,242,,,262,274,,,270,164,76,49,184,237,241,243,246,141,159,87,62,67,202,99,183,71,102,162,312,268,203,,300,,,270,245,279,224,283,309,273,281,109,93,194,65,160,223,14,222,173,233,197,255,215,263,41,73,112,181,157,126,194,148,157,186,65,242,264,236,306,302,220,272,,,102,60,,,270,193,232,259,257,296,311,289,325,314,124,120,192,258,258,302,285,226,191,209,217,222,307,241,,45,,,b'\x11\xe8\xe1I\xc6\x81\x92~\xaf\x82\x12\xdf\x17\xaeN\x1e'
11E8E149-C681-927E-AF82-12DF17AE4E1E,2012-ncaa-d0-natl,ncaa,279,278,240,283,240,263,286,265,286,304,305,249,137,106,242,62,179,152,234,155,26,259,200,248,244,282,39,69,77,246,269,239,124,252,242,154,8,306,312,244,170,151,199,215,,,254,297,,,293,180,103,8,239,288,229,310,296,106,68,142,109,112,213,111,220,190,216,88,322,137,185,,308,,,292,204,222,91,318,283,184,314,53,39,207,33,224,244,113,237,232,114,144,300,300,265,40,34,221,78,124,207,269,142,242,218,173,142,107,177,334,329,158,275,,,140,84,,,293,165,300,237,290,277,287,172,311,273,77,48,276,287,285,216,250,121,288,234,260,85,333,195,,64,,,b'\x11\xe8\xe1I\xc6\x81\x92~\xaf\x82\x12\xdf\x17\xaeN\x1e'
11E8E149-C681-927E-AF82-12DF17AE4E1E,2012-ncaa-d1-conf-MAC,ncaa,11,11,7,11,12,12,12,9,12,12,11,11,6,3,12,2,8,7,9,7,2,10,6,12,12,12,1,2,4,6,9,8,6,8,9,7,1,11,9,11,6,8,8,9,,,8,11,,,10,7,4,10,10,12,7,12,10,6,2,6,6,6,8,6,6,7,7,6,11,6,8,,10,,,10,7,7,4,11,10,9,9,2,1,10,1,8,8,4,8,7,5,5,9,9,8,3,1,8,3,6,10,9,8,9,5,6,4,3,6,12,12,7,10,,,7,5,,,10,7,12,8,11,8,8,6,12,11,2,1,9,9,9,7,8,6,11,9,5,4,12,9,,3,,,b'\x11\xe8\xe1I\xc6\x81\x92~\xaf\x82\x12\xdf\x17\xaeN\x1e'
11E8E149-C681-927E-AF82-12DF17AE4E1E,2012-ncaa-d1-natl,ncaa,273,277,196,278,196,246,273,246,281,301,297,238,142,102,268,72,172,155,241,158,41,237,187,250,251,284,58,89,94,228,250,222,112,229,223,125,8,313,311,234,166,155,181,199,,,266,290,,,290,167,113,9,239,281,222,300,288,124,72,159,120,123,213,115,207,182,202,85,320,144,168,,302,,,289,213,229,114,311,288,196,310,61,45,216,39,220,238,121,234,217,132,154,294,292,253,42,44,207,74,112,238,250,165,223,236,180,131,105,178,330,329,187,282,,,137,110,,,290,181,296,229,286,272,275,169,308,270,88,54,264,274,274,197,235,108,285,226,260,90,331,223,,81,,,b'\x11\xe8\xe1I\xc6\x81\x92~\xaf\x82\x12\xdf\x17\xaeN\x1e'
11E8E149-C681-927E-AF82-12DF17AE4E1E,2013-ncaa-d0-natl,ncaa,128,166,41,155,149,146,198,168,226,203,193,216,169,146,215,161,30,14,224,21,9,135,110,215,178,190,65,177,16,233,292,86,233,138,276,151,95,255,208,198,107,154,232,180,,,278,200,,,155,82,39,345,234,284,297,265,278,201,188,39,24,29,246,248,279,163,240,219,183,149,263,,208,,,155,210,154,252,41,27,32,136,337,344,76,344,161,157,161,168,286,250,282,113,96,60,342,341,152,301,233,310,292,318,276,245,299,32,62,92,83,63,283,292,,,13,5,,,155,268,219,83,148,96,66,136,9,5,328,343,105,104,109,116,197,251,246,268,184,62,58,249,,17,,,b'\x11\xe8\xe1I\xc6\x81\x92~\xaf\x82\x12\xdf\x17\xaeN\x1e'
11E8E149-C681-927E-AF82-12DF17AE4E1E,2013-ncaa-d1-conf-MAC,ncaa,5,3,7,4,8,7,9,10,10,9,11,9,7,8,6,9,2,1,8,1,1,9,8,9,8,7,2,8,1,6,5,7,8,6,7,7,5,4,6,8,9,8,8,7,,,10,10,,,6,7,6,3,7,9,10,9,8,7,8,2,1,1,5,5,4,3,3,7,7,8,8,,11,,,6,2,2,6,1,1,2,3,7,12,2,12,6,8,2,8,12,6,6,2,2,2,11,11,10,11,8,5,5,8,7,3,8,4,3,3,1,2,10,11,,,2,1,,,6,5,7,3,6,3,2,7,1,2,9,12,7,8,8,7,9,11,9,10,3,2,2,11,,1,,,b'\x11\xe8\xe1I\xc6\x81\x92~\xaf\x82\x12\xdf\x17\xaeN\x1e'
11E8E149-C681-927E-AF82-12DF17AE4E1E,2013-ncaa-d1-natl,ncaa,135,165,49,158,173,158,220,195,234,217,213,219,177,154,216,156,34,17,223,25,8,149,131,224,184,194,62,174,15,246,295,97,238,154,283,164,97,245,211,205,129,155,240,182,,,271,205,,,164,98,40,345,241,288,298,274,278,203,188,40,25,31,254,250,282,167,246,228,186,153,270,,212,,,164,192,140,242,44,23,20,141,337,344,82,344,154,148,164,158,286,236,276,124,104,66,342,341,148,296,238,305,295,314,283,233,299,37,63,95,74,64,279,296,,,15,6,,,164,255,225,88,161,101,70,142,10,5,328,343,108,106,111,120,196,251,248,269,189,65,60,251,,19,,,b'\x11\xe8\xe1I\xc6\x81\x92~\xaf\x82\x12\xdf\x17\xaeN\x1e'
11E8E149-C681-927E-AF82-12DF17AE4E1E,2014-ncaa-d0-natl,ncaa,116,205,15,163,18,60,153,160,153,264,289,159,28,41,42,61,6,7,130,7,1,96,68,71,45,85,6,52,6,211,262,48,165,98,193,84,54,328,282,208,197,262,211,240,,,286,139,,,137,38,199,157,162,297,338,335,339,53,72,12,13,13,290,265,297,164,254,169,245,257,262,,139,,,137,321,307,317,129,216,234,139,338,342,221,327,216,206,229,205,177,316,319,180,166,167,316,328,127,294,165,273,262,291,193,338,316,67,139,224,322,274,264,326,,,5,6,,,137,319,125,162,125,164,153,190,69,51,316,318,125,106,105,160,178,170,108,125,274,143,246,182,,13,,,b'\x11\xe8\xe1I\xc6\x81\x92~\xaf\x82\x12\xdf\x17\xaeN\x1e'
11E8E149-C681-927E-AF82-12DF17AE4E1E,2014-ncaa-d1-conf-MAC,ncaa,4,5,1,4,1,3,4,5,6,8,9,6,2,3,3,3,1,1,7,1,1,5,2,4,3,4,2,4,1,6,9,2,9,4,8,2,3,11,10,9,6,8,6,7,,,11,4,,,4,1,9,4,6,9,11,11,11,3,4,2,1,1,9,9,10,7,9,7,9,9,8,,2,,,4,11,10,11,3,9,10,2,11,11,5,9,6,5,10,5,5,11,12,3,4,2,7,11,5,11,9,10,9,11,8,11,8,1,3,4,11,9,11,10,,,1,1,,,4,12,4,2,4,3,3,5,4,5,6,7,4,3,3,5,7,7,4,4,6,3,9,10,,1,,,b'\x11\xe8\xe1I\xc6\x81\x92~\xaf\x82\x12\xdf\x17\xaeN\x1e'
11E8E149-C681-927E-AF82-12DF17AE4E1E,2014-ncaa-d1-natl,ncaa,123,204,16,165,19,70,175,185,157,280,301,162,30,50,43,61,6,7,130,8,1,115,78,71,46,89,6,53,6,227,267,55,171,113,201,92,56,325,283,220,209,264,228,244,,,270,139,,,155,47,201,156,168,301,338,336,339,55,73,11,14,15,294,266,300,170,260,180,247,263,265,,139,,,155,315,296,312,136,203,213,148,335,340,223,328,203,193,232,192,178,311,313,188,172,170,315,326,126,283,171,256,267,281,201,334,316,79,148,233,316,281,257,326,,,5,6,,,155,312,130,172,137,169,160,190,76,48,317,318,127,108,107,161,177,173,111,125,275,147,246,189,,13,,,b'\x11\xe8\xe1I\xc6\x81\x92~\xaf\x82\x12\xdf\x17\xaeN\x1e'
11E8E149-C681-927E-AF82-12DF17AE4E1E,2015-ncaa-d0-natl,ncaa,133,131,113,138,154,143,204,282,77,266,335,33,69,74,125,38,88,114,47,113,10,255,247,45,27,65,29,66,62,312,285,155,290,248,259,72,9,184,243,87,180,187,156,124,,,76,61,,,97,208,276,234,158,241,332,294,338,73,77,80,121,120,321,316,322,176,297,67,170,197,174,,63,,,95,96,97,204,33,46,56,119,284,336,26,337,100,111,105,111,210,183,189,71,55,73,310,319,131,307,290,72,285,181,259,193,300,161,170,188,176,222,10,49,,,170,96,,,97,138,102,118,93,80,76,176,28,23,280,337,95,99,100,142,128,302,59,153,179,183,168,9,,207,,,b'\x11\xe8\xe1I\xc6\x81\x92~\xaf\x82\x12\xdf\x17\xaeN\x1e'
11E8E149-C681-927E-AF82-12DF17AE4E1E,2015-ncaa-d1-conf-MAC,ncaa,3,2,7,2,8,8,8,9,1,9,10,1,6,5,6,3,4,5,5,5,3,9,10,2,1,2,3,4,3,11,9,8,12,8,10,3,1,5,8,2,4,4,6,5,,,1,1,,,2,8,7,5,5,8,9,9,10,5,4,2,3,3,9,10,11,7,8,2,7,4,5,,2,,,2,2,2,6,2,3,3,4,4,8,2,9,3,4,4,4,6,5,5,2,2,2,4,7,7,11,12,2,9,6,10,4,5,4,4,3,7,8,1,3,,,9,6,,,2,5,4,2,2,3,2,8,3,5,5,8,5,5,5,8,9,12,2,10,4,4,8,2,,7,,,b'\x11\xe8\xe1I\xc6\x81\x92~\xaf\x82\x12\xdf\x17\xaeN\x1e'
11E8E149-C681-927E-AF82-12DF17AE4E1E,2015-ncaa-d1-natl,ncaa,142,130,143,148,190,173,234,312,79,296,341,34,83,85,122,40,105,136,45,132,8,289,287,49,27,67,25,63,60,322,289,182,293,287,270,83,9,156,246,90,202,196,173,129,,,56,65,,,113,248,278,231,162,251,333,305,340,71,78,79,121,120,321,318,325,186,303,70,168,209,179,,65,,,110,67,68,175,36,36,35,129,275,330,28,338,88,93,109,95,210,147,146,73,59,81,307,317,130,291,293,48,289,149,270,177,302,187,178,199,162,231,9,51,,,204,93,,,113,97,112,130,105,87,80,179,29,25,281,337,94,103,104,147,126,307,60,157,192,193,177,11,,207,,,b'\x11\xe8\xe1I\xc6\x81\x92~\xaf\x82\x12\xdf\x17\xaeN\x1e'
11E8E149-C681-927E-AF82-12DF17AE4E1E,2016-ncaa-d0-natl,ncaa,78,58,114,71,165,107,130,174,84,151,210,76,122,132,128,139,45,77,33,73,42,161,144,80,57,86,112,161,46,189,164,53,36,89,52,56,18,215,207,77,219,232,233,197,,,68,55,,,85,131,141,280,92,129,214,158,243,129,144,35,62,56,187,177,212,26,71,32,204,239,239,,51,,,83,139,118,234,44,32,45,83,333,342,119,348,92,73,309,72,141,198,188,95,90,128,340,345,101,97,36,113,164,87,52,230,296,198,210,228,154,153,28,43,,,95,75,,,85,209,93,105,87,126,105,214,21,23,327,346,83,60,57,175,150,85,86,68,211,221,160,20,,79,,,b'\x11\xe8\xe1I\xc6\x81\x92~\xaf\x82\x12\xdf\x17\xaeN\x1e'
11E8E149-C681-927E-AF82-12DF17AE4E1E,2016-ncaa-d1-conf-MAC,ncaa,3,3,6,3,11,9,9,8,5,8,8,4,9,10,8,7,1,3,2,3,3,9,8,7,4,6,5,9,1,7,3,5,2,7,2,4,1,8,9,5,7,6,7,5,,,1,2,,,4,9,7,11,8,9,8,6,7,9,9,1,3,3,9,7,6,2,4,1,10,7,6,,2,,,4,2,2,4,2,1,1,2,9,10,7,12,1,1,6,1,2,3,2,3,2,3,10,12,2,1,2,1,3,1,2,4,9,5,4,6,5,6,1,2,,,5,3,,,4,4,6,3,4,2,3,7,1,2,11,12,1,1,2,4,3,2,1,1,5,5,7,1,,3,,,b'\x11\xe8\xe1I\xc6\x81\x92~\xaf\x82\x12\xdf\x17\xaeN\x1e'
11E8E149-C681-927E-AF82-12DF17AE4E1E,2016-ncaa-d1-natl,ncaa,73,58,99,67,132,92,122,165,78,122,195,68,123,125,140,142,39,71,32,68,44,137,137,80,56,80,124,171,53,159,137,42,38,73,45,36,14,219,191,72,217,227,229,191,,,64,46,,,75,125,146,282,88,123,207,139,228,136,145,34,60,55,175,168,189,33,69,25,195,233,238,,46,,,73,148,128,236,42,32,49,87,336,345,126,348,91,66,313,68,137,208,194,104,94,122,339,345,96,105,38,108,137,88,45,233,295,180,199,217,164,144,23,34,,,93,90,,,75,218,87,107,78,119,103,205,19,20,329,345,79,54,54,163,149,87,73,61,209,208,151,16,,88,,,b'\x11\xe8\xe1I\xc6\x81\x92~\xaf\x82\x12\xdf\x17\xaeN\x1e'
11E8E149-C681-927E-AF82-12DF17AE4E1E,2017-ncaa-d0-natl,ncaa,93,75,116,92,129,58,54,96,23,45,103,23,133,163,88,193,96,94,185,96,131,94,90,35,40,55,242,213,229,169,152,68,73,90,75,15,6,218,154,33,138,168,67,56,,,140,70,,,46,69,45,99,29,27,87,26,106,139,166,92,83,84,73,61,184,43,78,7,209,145,65,,123,,,43,207,190,260,86,90,147,81,322,322,214,323,132,100,308,97,121,235,262,138,137,117,320,332,127,147,73,144,152,142,75,247,261,77,110,151,152,95,40,24,,,32,22,,,46,279,54,94,51,198,174,259,64,100,319,323,112,94,91,230,280,129,123,114,233,79,138,37,,13,,,b'\x11\xe8\xe1I\xc6\x81\x92~\xaf\x82\x12\xdf\x17\xaeN\x1e'
11E8E149-C681-927E-AF82-12DF17AE4E1E,2017-ncaa-d1-conf-MAC,ncaa,3,2,6,2,7,4,5,5,2,6,7,2,5,8,2,7,7,7,4,7,5,6,5,2,2,2,8,6,7,8,4,5,2,6,2,1,1,3,6,1,6,5,1,1,,,2,3,,,2,6,3,2,3,3,3,4,7,4,8,6,6,6,4,3,8,4,5,1,6,5,1,,2,,,2,2,2,4,4,2,2,3,9,9,9,12,2,2,4,2,5,2,7,5,4,4,10,12,5,2,2,2,4,2,2,9,12,5,3,6,6,7,1,1,,,4,2,,,2,7,2,3,2,4,5,7,2,3,10,11,2,2,2,5,10,3,3,3,9,3,7,1,,2,,,b'\x11\xe8\xe1I\xc6\x81\x92~\xaf\x82\x12\xdf\x17\xaeN\x1e'
11E8E149-C681-927E-AF82-12DF17AE4E1E,2017-ncaa-d1-natl,ncaa,92,75,98,88,109,50,41,79,23,42,89,26,128,151,95,193,85,86,181,83,141,75,74,38,42,54,240,215,231,153,140,58,74,78,78,11,6,211,138,27,130,167,62,50,,,134,67,,,45,63,47,97,26,26,70,28,96,138,166,90,86,85,68,62,164,46,73,7,191,139,60,,109,,,43,212,195,275,85,102,134,84,324,326,217,326,128,90,312,81,109,254,273,130,135,111,318,333,116,156,74,151,140,152,78,260,274,76,102,157,138,87,34,19,,,29,35,,,45,285,53,89,52,193,171,258,64,98,321,323,104,84,78,221,276,133,118,117,248,78,119,32,,16,,,b'\x11\xe8\xe1I\xc6\x81\x92~\xaf\x82\x12\xdf\x17\xaeN\x1e'
11E8E149-C681-927E-AF82-12DF17AE4E1E,2018-ncaa-d0-natl,ncaa,38,16,117,27,157,37,39,52,43,47,82,38,64,69,84,143,43,19,297,19,39,42,42,49,59,50,161,146,181,96,186,50,95,50,130,23,38,149,64,38,42,68,43,32,,,197,73,,,31,39,6,278,18,19,25,33,86,67,69,35,12,11,14,15,99,21,28,11,142,41,35,,176,,,27,230,201,280,54,122,199,62,308,326,147,313,186,173,257,184,165,278,308,82,79,53,310,315,159,230,95,291,186,290,130,220,204,34,65,69,129,61,75,41,,,26,88,,,31,311,51,48,34,200,179,303,95,169,304,328,185,155,168,295,330,216,290,275,194,29,114,70,,13,,,b'\x11\xe8\xe1I\xc6\x81\x92~\xaf\x82\x12\xdf\x17\xaeN\x1e'
11E8E149-C681-927E-AF82-12DF17AE4E1E,2018-ncaa-d1-conf-MAC,ncaa,3,3,8,3,12,3,3,4,2,5,4,2,5,5,6,5,6,1,12,1,2,4,4,2,3,3,8,7,8,5,6,3,4,3,4,3,3,4,3,2,3,3,3,3,,,4,4,,,3,3,1,10,3,3,2,2,3,4,5,4,1,1,2,2,3,1,2,3,8,3,3,,6,,,3,1,1,7,2,1,3,1,8,9,5,12,4,4,8,4,4,5,8,2,2,2,11,12,5,6,4,8,6,8,4,5,11,3,3,3,4,4,5,5,,,5,6,,,3,8,3,2,3,3,3,9,1,7,11,11,4,4,4,9,12,8,10,10,8,3,5,5,,2,,,b'\x11\xe8\xe1I\xc6\x81\x92~\xaf\x82\x12\xdf\x17\xaeN\x1e'
11E8E149-C681-927E-AF82-12DF17AE4E1E,2018-ncaa-d1-natl,ncaa,35,16,97,27,134,31,31,32,39,39,64,36,54,55,74,139,41,12,299,12,39,29,34,45,55,46,159,141,185,73,168,39,86,38,117,16,35,153,59,30,33,57,36,28,,,202,69,,,25,28,6,279,15,18,18,30,80,60,63,33,11,10,8,14,86,21,16,9,132,26,33,,179,,,20,248,207,296,54,109,196,55,314,328,168,315,197,178,278,185,164,294,316,81,79,48,316,318,162,228,86,298,168,292,117,233,215,29,62,64,134,57,101,51,,,20,97,,,25,324,43,45,27,199,178,302,86,163,310,329,187,151,165,293,333,212,282,270,196,27,116,91,,14,,,b'\x11\xe8\xe1I\xc6\x81\x92~\xaf\x82\x12\xdf\x17\xaeN\x1e'
11E8E149-C681-927E-AF82-12DF17AE4E1E,2019-ncaa-d0-natl,ncaa,297,315,173,305,229,208,211,239,159,151,206,104,265,221,316,217,137,88,303,81,52,208,168,194,195,236,254,264,89,276,295,160,172,213,252,220,226,293,284,267,264,283,235,235,,,118,85,,,296,122,49,272,198,208,247,137,193,261,218,121,65,59,197,127,284,126,220,229,289,261,236,,137,,,291,282,301,245,305,260,117,337,319,321,181,329,78,119,28,126,160,229,221,321,294,296,195,297,31,198,172,239,295,230,252,318,276,170,196,283,328,320,95,107,,,111,89,,,296,228,263,288,289,313,323,302,282,113,332,341,92,131,135,288,281,213,267,264,327,160,322,106,,75,,,b'\x11\xe8\xe1I\xc6\x81\x92~\xaf\x82\x12\xdf\x17\xaeN\x1e'
11E8E149-C681-927E-AF82-12DF17AE4E1E,2019-ncaa-d1-conf-MAC,ncaa,11,11,9,11,11,11,12,11,7,7,8,6,12,12,12,11,6,4,11,4,4,10,8,9,9,12,10,12,3,9,9,10,7,10,8,10,8,11,11,11,8,11,8,5,,,3,3,,,11,8,2,10,11,11,11,6,7,12,11,5,4,4,9,7,9,7,10,9,11,8,8,,4,,,11,9,10,7,12,7,1,12,10,9,8,12,2,2,1,2,5,6,5,12,11,10,7,12,2,6,7,5,9,5,8,12,12,6,5,12,12,12,6,7,,,4,2,,,11,5,12,10,12,11,11,10,9,3,11,11,2,2,2,10,8,7,6,7,12,5,12,6,,3,,,b'\x11\xe8\xe1I\xc6\x81\x92~\xaf\x82\x12\xdf\x17\xaeN\x1e'
11E8E149-C681-927E-AF82-12DF17AE4E1E,2019-ncaa-d1-natl,ncaa,294,314,155,304,218,203,198,233,144,153,198,108,251,213,286,215,142,101,300,94,59,207,174,176,183,221,240,255,100,280,295,167,181,228,258,214,219,285,277,262,265,276,252,245,,,109,74,,,292,124,54,272,188,189,241,144,186,243,211,124,73,69,200,127,282,154,230,207,285,262,252,,115,,,288,295,313,251,313,257,115,337,327,322,216,329,74,108,35,112,149,232,215,330,305,301,207,307,29,203,181,235,295,224,258,326,286,168,199,286,322,324,106,123,,,115,96,,,292,219,259,293,287,314,324,298,283,111,335,340,85,123,126,279,275,215,261,254,332,153,323,121,,85,,,b'\x11\xe8\xe1I\xc6\x81\x92~\xaf\x82\x12\xdf\x17\xaeN\x1e'
11E8E149-C681-927E-AF82-12DF17AE4E1E,2020-ncaa-d0-natl,ncaa,66,67,87,70,99,123,145,190,114,164,217,95,133,133,158,145,66,14,325,19,17,143,107,108,124,158,121,162,87,293,324,12,63,71,182,218,276,252,212,250,223,261,108,134,,,240,169,,,133,46,61,66,133,167,229,179,249,147,143,75,19,23,158,117,302,10,67,243,230,239,122,,221,,,134,190,197,298,50,171,249,71,229,302,55,254,141,191,41,169,134,297,284,54,41,76,202,231,138,220,63,319,324,304,182,73,40,198,252,110,280,254,36,52,,,40,61,,,133,292,207,71,141,160,174,305,149,233,215,297,139,180,158,299,286,202,309,279,67,219,262,32,,52,,,b'\x11\xe8\xe1I\xc6\x81\x92~\xaf\x82\x12\xdf\x17\xaeN\x1e'
11E8E149-C681-927E-AF82-12DF17AE4E1E,2020-ncaa-d1-conf-MAC,ncaa,2,2,5,2,7,11,12,12,5,10,11,3,9,9,10,8,4,2,12,3,1,10,10,7,7,8,8,9,3,10,10,3,8,6,9,10,8,7,8,10,9,9,2,2,,,6,6,,,6,10,7,3,11,12,12,8,10,9,9,3,2,3,9,8,10,3,5,9,8,8,2,,6,,,6,1,4,8,1,4,9,2,5,8,3,8,4,4,2,4,3,7,6,2,1,1,3,7,5,11,8,7,10,11,9,4,5,6,6,3,7,9,1,3,,,5,2,,,6,2,11,2,7,1,6,9,5,9,5,8,4,4,4,8,7,12,8,12,5,6,8,1,,4,,,b'\x11\xe8\xe1I\xc6\x81\x92~\xaf\x82\x12\xdf\x17\xaeN\x1e'
11E8E149-C681-927E-AF82-12DF17AE4E1E,2020-ncaa-d1-natl,ncaa,60,67,45,70,63,102,127,162,108,143,209,88,130,120,160,149,63,11,325,15,18,105,88,107,120,149,124,166,92,283,321,8,72,54,189,208,272,257,204,250,222,267,102,128,,,254,164,,,128,31,64,71,129,165,224,181,244,147,142,79,18,21,151,121,300,11,61,248,227,241,118,,215,,,129,212,214,316,50,181,266,65,236,310,53,254,146,202,33,186,137,318,310,53,38,74,205,238,135,242,72,327,321,312,189,75,35,195,254,104,285,256,34,46,,,41,65,,,128,314,204,72,140,156,166,306,141,235,218,297,140,183,170,300,283,212,314,286,61,218,259,27,,58,,,b'\x11\xe8\xe1I\xc6\x81\x92~\xaf\x82\x12\xdf\x17\xaeN\x1e'
11E8E149-C681-927E-AF82-12DF17AE4E1E,2021-ncaa-d0-natl,ncaa,90,165,59,131,61,46,69,105,44,54,92,35,131,125,165,214,7,5,166,5,5,73,52,63,41,71,144,264,15,105,172,48,126,60,95,92,226,308,214,195,165,265,88,136,,,271,133,,,156,47,60,15,45,95,213,78,183,193,195,6,4,4,115,73,202,49,88,151,249,246,136,,201,,,155,320,305,305,198,257,250,214,339,336,252,325,257,234,310,236,177,303,291,250,255,277,305,317,115,276,126,238,172,259,95,247,61,118,249,196,329,267,69,27,,,14,10,,,156,297,82,269,156,300,288,310,174,140,329,335,203,162,171,304,295,214,113,139,176,207,285,18,,8,,,b'\x11\xe8\xe1I\xc6\x81\x92~\xaf\x82\x12\xdf\x17\xaeN\x1e'
11E8E149-C681-927E-AF82-12DF17AE4E1E,2021-ncaa-d1-conf-MAC,ncaa,3,7,2,6,2,3,3,7,2,2,2,3,8,9,5,11,1,1,10,1,1,2,2,4,4,4,8,10,1,6,5,1,6,1,4,3,4,11,8,7,8,11,1,1,,,8,1,,,8,2,4,1,4,5,12,2,5,10,12,1,1,1,7,4,7,3,5,5,10,10,2,,3,,,8,11,11,12,5,10,11,3,12,12,11,10,8,6,12,6,1,12,11,8,8,10,11,12,2,12,6,6,5,8,4,10,6,6,11,10,12,8,4,4,,,1,2,,,8,11,6,10,8,12,12,12,6,7,12,11,5,3,4,12,10,10,4,5,7,9,10,3,,2,,,b'\x11\xe8\xe1I\xc6\x81\x92~\xaf\x82\x12\xdf\x17\xaeN\x1e'
11E8E149-C681-927E-AF82-12DF17AE4E1E,2021-ncaa-d1-natl,ncaa,98,165,70,134,71,54,78,118,47,65,104,35,140,133,165,213,8,7,169,7,6,87,66,65,45,71,139,261,14,121,179,54,136,69,103,102,229,304,219,203,180,270,95,139,,,262,134,,,167,55,63,15,49,100,218,79,188,195,199,6,4,4,118,79,207,55,93,157,251,249,137,,202,,,166,316,300,301,206,251,239,219,338,335,254,324,252,228,311,232,181,299,284,256,263,288,304,317,114,269,136,224,179,246,103,244,64,134,258,207,325,272,60,28,,,18,11,,,167,289,86,281,166,306,288,311,179,140,329,335,206,163,173,305,294,216,119,141,182,213,286,19,,8,,,b'\x11\xe8\xe1I\xc6\x81\x92~\xaf\x82\x12\xdf\x17\xaeN\x1e'
11E8E149-C681-927E-AF82-12DF17AE4E1E,2022-ncaa-d0-natl,ncaa,79,134,27,111,30,35,35,34,53,79,194,12,9,8,110,16,171,152,207,147,116,46,57,30,38,29,52,27,327,216,317,49,84,84,237,20,67,168,61,26,88,164,115,146,,,288,139,,,105,33,96,142,50,47,83,171,321,16,13,259,253,246,119,179,304,115,228,24,61,155,156,,167,,,113,341,334,315,248,315,268,262,322,327,242,260,312,301,287,299,229,323,317,264,270,274,239,232,194,212,84,343,317,335,237,287,103,90,196,188,212,106,36,38,,,163,321,,,105,323,52,253,112,265,254,200,207,142,276,265,234,223,220,211,210,99,286,224,170,195,111,12,,307,,,b'\x11\xe8\xe1I\xc6\x81\x92~\xaf\x82\x12\xdf\x17\xaeN\x1e'
11E8E149-C681-927E-AF82-12DF17AE4E1E,2022-ncaa-d1-conf-MAC,ncaa,4,4,3,4,3,3,3,3,5,5,8,1,1,1,6,1,6,7,6,6,5,3,4,2,3,3,4,2,10,10,11,4,3,4,6,3,1,5,5,3,7,7,3,3,,,9,5,,,3,3,7,2,5,4,6,8,12,2,1,9,9,9,6,9,11,4,6,1,5,7,3,,5,,,3,10,9,9,6,8,8,6,9,9,7,9,8,8,5,8,7,9,9,7,7,7,9,9,7,5,3,10,11,8,6,4,2,8,8,7,8,7,2,3,,,9,9,,,3,10,4,5,3,6,6,7,6,5,8,9,6,6,5,6,5,4,7,6,3,8,6,2,,10,,,b'\x11\xe8\xe1I\xc6\x81\x92~\xaf\x82\x12\xdf\x17\xaeN\x1e'
11E8E149-C681-927E-AF82-12DF17AE4E1E,2022-ncaa-d1-natl,ncaa,93,134,32,118,38,41,39,46,55,102,237,11,11,9,115,16,191,181,204,176,114,55,73,31,41,30,52,26,326,242,324,63,91,114,253,23,70,137,62,26,112,177,126,150,,,275,145,,,129,38,99,137,53,52,95,180,325,17,14,255,255,248,129,187,306,131,244,28,61,167,164,,168,,,138,336,330,307,263,306,257,275,317,318,254,256,305,293,292,287,233,317,310,280,282,292,239,231,194,182,91,341,324,330,253,270,106,118,207,204,191,113,29,47,,,193,316,,,129,318,59,270,136,277,259,202,219,144,280,264,240,232,226,214,207,103,291,231,179,206,116,16,,309,,,b'\x11\xe8\xe1I\xc6\x81\x92~\xaf\x82\x12\xdf\x17\xaeN\x1e'
11E8E149-C681-927E-AF82-12DF17AE4E1E,2023-ncaa-d0-natl,ncaa,33,39,29,38,32,19,21,52,9,47,145,8,13,23,28,63,57,51,181,48,48,45,60,9,9,6,85,73,252,274,320,44,87,104,198,22,90,106,43,17,110,203,43,42,,,313,191,,,41,31,78,81,17,27,114,79,270,20,46,98,106,102,104,193,337,87,237,26,33,191,61,,214,,,43,333,317,319,160,255,236,203,340,345,162,321,309,280,342,283,254,326,332,199,225,194,322,296,229,220,87,315,320,303,198,312,241,56,128,181,178,102,202,172,,,63,147,,,41,334,16,168,41,237,201,209,117,71,306,324,255,205,205,222,254,103,193,152,233,117,98,127,,160,,,b'\x11\xe8\xe1I\xc6\x81\x92~\xaf\x82\x12\xdf\x17\xaeN\x1e'
11E8E149-C681-927E-AF82-12DF17AE4E1E,2023-ncaa-d1-conf-MAC,ncaa,3,2,3,3,4,3,2,4,1,3,6,1,2,5,2,5,5,3,10,3,3,3,3,1,1,1,8,6,9,8,8,2,6,4,7,3,5,5,5,3,4,6,1,1,,,11,7,,,1,3,2,9,1,1,6,1,8,2,5,5,4,4,5,7,10,3,8,2,5,6,1,,8,,,1,6,5,10,1,2,8,2,8,10,3,10,9,8,10,8,8,10,10,1,3,2,11,9,10,10,6,9,8,8,7,8,9,2,3,3,7,5,5,5,,,3,5,,,1,10,2,2,1,4,3,5,1,4,8,10,8,6,7,7,11,8,3,5,7,3,5,5,,4,,,b'\x11\xe8\xe1I\xc6\x81\x92~\xaf\x82\x12\xdf\x17\xaeN\x1e'
11E8E149-C681-927E-AF82-12DF17AE4E1E,2023-ncaa-d1-natl,ncaa,28,39,18,38,22,13,13,31,9,29,130,8,11,18,37,67,57,45,198,44,57,32,42,9,9,6,103,85,269,252,303,42,108,93,204,18,94,101,34,14,102,191,36,41,,,320,194,,,29,21,81,87,17,19,96,63,259,24,46,105,102,99,91,174,321,95,230,25,32,178,61,,224,,,31,337,322,327,169,265,249,205,338,347,164,322,311,290,332,291,264,335,341,212,225,200,320,290,233,243,108,328,303,315,204,316,239,46,119,177,175,80,215,182,,,61,166,,,29,343,14,167,31,240,198,206,120,72,304,324,255,215,215,222,258,122,197,157,237,107,83,140,,158,,,b'\x11\xe8\xe1I\xc6\x81\x92~\xaf\x82\x12\xdf\x17\xaeN\x1e'
11E8E149-C681-927E-AF82-12DF17AE4E1E,2024-ncaa-d0-natl,ncaa,20,13,52,21,60,57,67,99,50,111,246,18,34,24,108,39,85,76,198,75,30,94,97,34,36,41,57,58,211,260,296,130,87,174,221,54,77,144,99,55,15,15,99,107,,,201,115,,,39,68,142,127,60,76,171,168,318,37,27,109,108,109,148,199,306,225,293,54,91,27,130,,111,,,37,195,227,201,228,233,200,214,193,176,238,176,93,116,68,113,97,183,270,223,195,67,116,199,72,109,87,286,296,223,221,227,197,18,19,48,138,95,63,101,,,95,140,,,39,287,59,42,44,87,123,64,135,96,147,119,54,75,72,41,154,53,200,117,153,31,88,37,,158,,,b'\x11\xe8\xe1I\xc6\x81\x92~\xaf\x82\x12\xdf\x17\xaeN\x1e'
11E8E149-C681-927E-AF82-12DF17AE4E1E,2024-ncaa-d1-conf-MAC,ncaa,2,2,2,2,2,2,3,4,3,4,6,1,2,1,5,3,3,2,8,1,1,4,4,2,2,2,3,4,5,9,7,5,4,6,7,2,2,2,2,2,2,1,1,2,,,5,3,,,2,2,7,4,2,3,3,5,10,2,2,2,2,1,3,7,9,6,9,2,2,2,2,,3,,,2,2,2,5,3,3,6,3,4,6,4,5,2,3,3,3,4,5,10,1,2,1,3,5,5,5,4,9,7,9,7,1,4,2,2,1,2,1,4,5,,,6,6,,,2,9,2,1,2,1,2,2,3,5,2,2,2,3,3,1,6,3,6,4,1,2,1,3,,7,,,b'\x11\xe8\xe1I\xc6\x81\x92~\xaf\x82\x12\xdf\x17\xaeN\x1e'
11E8E149-C681-927E-AF82-12DF17AE4E1E,2024-ncaa-d1-natl,ncaa,18,13,38,21,47,56,61,96,45,117,252,19,29,25,100,39,82,68,193,69,30,87,91,30,36,37,50,57,203,277,307,132,88,193,230,45,74,153,101,54,13,15,98,117,,,210,128,,,36,52,138,128,58,78,189,177,322,34,30,107,104,107,155,203,310,233,305,50,93,29,137,,124,,,39,205,236,201,242,236,206,215,214,178,255,175,102,123,77,124,110,193,278,240,211,85,130,211,78,100,88,291,307,231,230,238,202,17,19,60,148,95,55,90,,,83,136,,,36,295,58,57,46,94,126,67,140,96,165,119,67,82,82,43,157,51,203,123,163,33,96,29,,155,,,b'\x11\xe8\xe1I\xc6\x81\x92~\xaf\x82\x12\xdf\x17\xaeN\x1e'
11E8E149-C681-927E-AF82-12DF17AE4E1E,2025-ncaa-d0-natl,genius_ncaa,29,37,29,41,45,51,54,67,53,56,145,18,67,36,216,77,65,78,103,85,93,67,68,50,44,63,161,157,198,194,262,32,23,58,92,41,69,203,108,62,82,108,38,29,,,172,63,,278,51,45,131,242,70,68,146,89,251,105,64,113,149,155,144,195,269,42,129,52,100,123,51,,68,,232,51,223,202,289,43,137,244,45,301,315,196,280,221,173,342,177,145,285,298,75,87,77,312,305,198,134,23,300,262,260,92,201,182,67,107,93,167,96,79,64,,,67,124,,150,51,316,76,50,56,82,67,147,42,93,244,249,142,101,102,124,142,40,178,109,95,122,92,41,,142,,199,b'\x11\xe8\xe1I\xc6\x81\x92~\xaf\x82\x12\xdf\x17\xaeN\x1e'
11E8E149-C681-927E-AF82-12DF17AE4E1E,2025-ncaa-d1-conf-MAC,genius_ncaa,1,1,1,1,1,1,1,1,4,2,3,1,4,2,7,9,3,1,7,2,8,1,1,3,3,2,10,8,8,3,6,1,2,2,4,1,2,9,1,2,3,5,1,1,,,4,1,,9,1,1,4,6,2,1,2,2,3,8,6,5,6,6,2,3,4,1,2,2,1,4,1,,1,,8,1,4,3,12,1,4,10,2,9,10,6,8,3,2,12,2,1,12,12,1,1,1,8,9,4,8,2,11,6,9,4,7,8,3,3,3,4,2,5,1,,,4,7,,11,1,12,2,1,1,1,3,9,3,5,6,8,1,1,1,5,8,5,6,6,4,3,2,3,,8,,11,b'\x11\xe8\xe1I\xc6\x81\x92~\xaf\x82\x12\xdf\x17\xaeN\x1e'
11E8E149-C681-927E-AF82-12DF17AE4E1E,2025-ncaa-d1-natl,genius_ncaa,28,37,25,41,35,45,47,57,43,39,130,11,75,34,215,89,63,70,111,76,102,54,57,43,40,52,186,170,212,198,258,26,15,45,82,34,67,205,99,58,74,104,42,37,,,159,48,,273,40,41,120,242,61,61,139,69,237,111,67,114,145,154,143,186,272,38,119,45,100,113,57,,62,,220,42,228,201,303,42,133,251,55,302,322,156,296,214,172,329,171,142,293,300,71,80,70,305,301,187,123,15,304,258,257,82,195,166,61,102,85,159,85,82,58,,,62,130,,154,40,322,68,43,48,81,67,153,43,84,238,263,130,88,90,121,150,37,170,102,90,113,90,40,,151,,200,b'\x11\xe8\xe1I\xc6\x81\x92~\xaf\x82\x12\xdf\x17\xaeN\x1e'
11E8E149-C681-927E-AF82-12DF17AE4E1E,2025-ncaa-d1-ncaatournament,genius_ncaa,37,2,37,37,38,44,44,52,35,45,47,27,47,49,45,30,43,45,20,43,29,48,51,37,37,30,32,36,26,64,66,41,55,52,62,64,68,14,25,58,66,67,52,58,,,24,43,,1,47,45,14,7,33,33,33,34,37,31,22,28,34,31,29,39,63,23,49,64,26,66,48,,51,,1,51,23,21,29,31,28,27,42,4,19,4,22,29,27,24,25,44,29,28,23,25,42,14,5,53,33,55,25,66,29,62,13,20,64,65,59,9,20,23,50,,,36,1,,32,47,23,44,52,52,57,55,65,63,60,10,37,59,60,58,65,61,63,61,65,38,62,19,50,,2,,15,b'\x11\xe8\xe1I\xc6\x81\x92~\xaf\x82\x12\xdf\x17\xaeN\x1e'
11E8E149-C681-927E-AF82-12DF17AE4E1E,2026-ncaa-d0-natl,genius_ncaa,55,80,49,81,73,67,70,59,125,79,105,81,79,33,244,92,57,46,232,42,66,50,38,122,128,140,160,160,161,42,83,10,66,13,34,35,22,324,186,106,140,264,95,180,,,289,114,,281,85,43,27,97,72,82,70,98,190,109,51,87,69,69,58,30,61,3,6,33,250,210,129,,191,,226,90,289,277,343,34,267,340,33,268,312,88,163,252,293,41,292,144,345,330,31,25,58,191,200,181,297,66,289,83,299,34,80,6,130,292,68,351,289,3,2,,,65,204,,241,85,329,126,64,87,170,164,340,158,331,178,261,177,233,230,337,330,217,177,185,20,220,317,1,,121,,294,b'\x11\xe8\xe1I\xc6\x81\x92~\xaf\x82\x12\xdf\x17\xaeN\x1e'
11E8E149-C681-927E-AF82-12DF17AE4E1E,2026-ncaa-d1-natl,genius_ncaa,38,80,13,79,35,27,27,16,117,33,56,55,58,15,256,91,57,39,224,37,104,16,10,118,128,132,184,169,201,16,50,2,41,2,18,15,25,337,169,81,106,236,92,187,,,315,119,,292,56,14,24,100,54,48,39,65,150,108,43,102,96,93,37,19,34,3,3,24,251,180,136,,204,,241,70,292,282,354,24,266,352,24,276,320,85,168,269,314,47,316,150,355,352,18,15,48,197,195,190,288,41,299,50,305,18,77,9,86,256,52,355,262,1,2,,,44,240,,227,56,355,111,48,70,141,141,340,133,328,173,256,172,226,231,338,330,193,169,173,18,187,307,1,,133,,280,b'\x11\xe8\xe1I\xc6\x81\x92~\xaf\x82\x12\xdf\x17\xaeN\x1e'
11E8E149-C686-15B0-AF82-12DF17AE4E1E,2010-ncaa-d0-natl,ncaa,16,49,4,39,5,12,13,29,13,3,6,10,331,329,305,344,1,3,64,3,68,18,17,44,25,30,338,345,16,123,186,3,19,4,13,13,122,298,113,57,180,305,1,1,,,160,8,,,12,7,131,265,47,48,242,8,32,342,342,7,12,12,145,191,278,1,17,53,115,288,1,,16,,,17,274,303,344,2,253,340,2,311,342,9,302,58,65,121,62,5,342,340,3,3,11,179,303,22,329,19,273,186,323,13,102,20,143,322,95,121,30,43,3,,,4,27,,,12,338,44,13,19,23,56,330,49,259,210,316,10,13,12,280,203,190,40,70,14,314,27,12,,36,,,b'\x11\xe8\xe1I\xc6\x86\x15\xb0\xaf\x82\x12\xdf\x17\xaeN\x1e'
11E8E149-C686-15B0-AF82-12DF17AE4E1E,2010-ncaa-d1-conf-Big 12,ncaa,7,6,4,7,5,6,6,7,5,4,4,4,12,12,12,12,2,3,7,3,4,6,6,10,8,7,10,12,1,8,9,1,1,5,3,3,2,7,7,4,9,10,1,1,,,2,2,,,5,6,8,7,6,8,9,3,3,12,12,2,3,3,7,8,10,1,2,4,6,8,1,,2,,,5,2,3,9,1,2,9,1,11,11,9,10,2,2,1,2,2,8,8,1,1,2,10,11,2,6,1,6,9,6,3,5,6,10,10,8,7,8,1,1,,,3,2,,,5,7,7,2,5,2,3,11,2,9,11,11,2,2,2,8,5,5,5,5,4,9,8,1,,3,,,b'\x11\xe8\xe1I\xc6\x86\x15\xb0\xaf\x82\x12\xdf\x17\xaeN\x1e'
11E8E149-C686-15B0-AF82-12DF17AE4E1E,2010-ncaa-d1-natl,ncaa,17,49,4,39,5,12,13,32,13,3,6,10,331,330,307,344,2,3,65,3,66,20,17,47,25,30,338,345,15,133,192,3,20,5,13,15,125,286,116,59,199,310,1,1,,,139,9,,,12,7,130,266,50,50,243,8,33,342,341,9,12,12,148,192,281,1,20,54,115,296,1,,16,,,17,266,296,344,2,247,340,2,309,342,9,300,54,58,122,56,5,342,340,3,3,11,178,303,21,328,20,264,192,320,13,93,19,160,326,104,113,31,39,4,,,4,26,,,12,338,46,13,19,26,57,330,53,263,211,315,10,13,12,281,202,194,41,73,14,314,27,13,,38,,,b'\x11\xe8\xe1I\xc6\x86\x15\xb0\xaf\x82\x12\xdf\x17\xaeN\x1e'
11E8E149-C686-15B0-AF82-12DF17AE4E1E,2010-ncaa-d1-ncaatournament,ncaa,3,2,3,3,4,5,5,5,20,4,4,22,34,21,52,61,2,2,28,2,12,4,4,31,20,26,49,60,8,10,56,3,36,3,33,3,5,62,39,19,10,52,1,1,,,61,13,,,10,4,42,9,37,38,60,23,29,60,61,10,10,10,55,58,59,3,21,20,26,48,1,,13,,,14,60,60,62,3,60,63,2,60,62,14,46,58,59,10,59,15,62,62,4,2,3,32,43,20,64,36,62,56,63,33,63,36,10,56,41,58,16,57,27,,,3,7,,,10,61,33,7,14,6,11,56,15,46,29,54,10,19,20,51,43,56,22,37,21,54,13,32,,12,,,b'\x11\xe8\xe1I\xc6\x86\x15\xb0\xaf\x82\x12\xdf\x17\xaeN\x1e'
11E8E149-C686-15B0-AF82-12DF17AE4E1E,2011-ncaa-d0-natl,ncaa,2,3,4,3,7,5,8,16,5,7,7,11,101,203,5,309,1,2,51,2,31,7,9,7,3,4,235,295,41,20,13,2,51,3,7,9,111,142,11,11,94,214,1,1,,,102,2,,,2,12,164,257,7,15,132,12,50,190,295,2,3,2,49,136,97,1,7,15,18,208,1,,7,,,2,216,240,342,1,177,329,3,302,341,8,313,58,51,221,46,6,339,336,1,2,4,212,306,35,335,51,146,13,291,7,46,5,64,239,28,67,6,134,23,,,1,3,,,2,332,3,5,2,17,34,293,26,198,178,317,13,9,7,224,187,226,6,29,7,230,9,44,,5,,,b'\x11\xe8\xe1I\xc6\x86\x15\xb0\xaf\x82\x12\xdf\x17\xaeN\x1e'
11E8E149-C686-15B0-AF82-12DF17AE4E1E,2011-ncaa-d1-conf-Big 12,ncaa,1,1,1,1,1,2,2,2,1,2,2,2,9,11,1,12,1,1,3,1,1,2,2,2,1,1,8,12,1,2,2,1,3,1,1,1,2,8,2,2,4,7,1,1,,,3,1,,,1,2,5,11,2,2,6,2,2,10,12,1,1,1,4,5,3,1,1,1,4,7,1,,1,,,1,4,6,12,1,4,10,1,10,12,1,9,4,3,9,3,2,12,11,1,1,1,8,9,4,12,3,2,2,7,1,1,1,5,10,3,6,3,5,1,,,1,2,,,1,11,1,1,1,1,1,11,2,9,6,11,3,2,2,9,6,8,1,2,1,10,3,3,,2,,,b'\x11\xe8\xe1I\xc6\x86\x15\xb0\xaf\x82\x12\xdf\x17\xaeN\x1e'
11E8E149-C686-15B0-AF82-12DF17AE4E1E,2011-ncaa-d1-natl,ncaa,2,3,4,3,7,5,9,18,5,7,7,11,114,210,5,309,1,2,51,2,29,9,11,7,4,4,232,295,41,25,14,2,51,3,7,9,116,126,11,11,107,223,1,1,,,80,2,,,2,13,167,260,7,15,134,12,53,191,295,2,3,2,50,140,99,1,7,16,19,215,1,,7,,,2,197,225,342,1,166,328,3,300,340,8,312,48,41,219,36,6,339,334,1,2,4,209,306,33,335,51,126,14,275,7,37,5,77,244,33,53,6,125,25,,,1,3,,,2,331,3,5,2,18,35,296,27,202,182,317,13,9,7,226,184,231,6,28,6,236,9,45,,5,,,b'\x11\xe8\xe1I\xc6\x86\x15\xb0\xaf\x82\x12\xdf\x17\xaeN\x1e'
11E8E149-C686-15B0-AF82-12DF17AE4E1E,2011-ncaa-d1-ncaatournament,ncaa,5,2,5,5,5,7,8,8,5,7,8,8,27,21,35,62,3,2,42,2,9,8,8,13,10,13,50,58,10,9,14,6,23,6,11,10,36,60,38,34,13,42,1,1,,,60,12,,,6,8,25,3,17,28,52,11,23,57,62,5,4,3,35,32,39,6,13,26,36,38,1,,16,,,6,56,55,58,4,53,58,4,59,60,25,45,58,60,25,60,23,58,59,5,6,5,48,50,31,61,23,55,14,58,11,54,33,6,30,17,60,39,41,13,,,3,4,,,6,58,14,5,6,10,10,44,10,34,41,48,18,23,24,39,45,35,4,14,16,28,41,14,,4,,,b'\x11\xe8\xe1I\xc6\x86\x15\xb0\xaf\x82\x12\xdf\x17\xaeN\x1e'
11E8E149-C686-15B0-AF82-12DF17AE4E1E,2012-ncaa-d0-natl,ncaa,1,1,1,1,1,1,1,2,1,1,1,2,180,230,53,327,1,1,78,1,52,1,3,3,3,2,315,332,75,10,14,1,59,1,5,1,32,214,9,2,45,179,1,1,,,194,2,,,2,2,192,262,3,4,123,1,26,278,314,3,3,3,62,160,96,1,5,3,16,183,1,,7,,,2,282,306,343,2,244,342,2,327,341,19,301,67,72,133,74,3,343,343,2,1,3,222,315,23,343,59,217,14,329,5,279,169,51,282,151,162,11,132,6,,,1,9,,,2,342,1,5,2,7,23,308,12,248,196,309,3,3,3,237,177,257,5,24,59,277,16,22,,8,,,b'\x11\xe8\xe1I\xc6\x86\x15\xb0\xaf\x82\x12\xdf\x17\xaeN\x1e'
11E8E149-C686-15B0-AF82-12DF17AE4E1E,2012-ncaa-d1-conf-Big 12,ncaa,1,1,1,1,2,1,1,2,1,1,2,1,10,10,7,10,2,2,3,2,5,1,2,1,1,1,10,10,5,2,1,1,4,1,1,1,2,3,1,1,2,4,1,1,,,2,1,,,1,2,5,7,1,1,6,1,2,10,10,2,2,2,2,6,3,1,1,1,1,3,1,,1,,,1,1,1,10,1,1,9,1,6,10,1,8,1,1,3,1,1,8,9,1,1,1,8,10,2,10,4,1,1,2,1,1,5,4,6,2,4,2,1,1,,,2,4,,,1,9,1,1,1,1,1,8,1,6,4,8,1,1,1,6,7,8,1,1,1,5,2,1,,3,,,b'\x11\xe8\xe1I\xc6\x86\x15\xb0\xaf\x82\x12\xdf\x17\xaeN\x1e'
11E8E149-C686-15B0-AF82-12DF17AE4E1E,2012-ncaa-d1-natl,ncaa,1,1,1,1,1,1,1,3,1,1,1,2,187,241,55,327,1,1,78,1,48,1,4,3,3,2,315,331,67,12,14,1,65,1,5,1,34,191,10,2,49,189,1,1,,,175,2,,,2,3,195,262,3,4,130,1,28,276,314,3,3,3,66,170,99,1,5,3,17,189,1,,7,,,2,270,297,343,2,231,342,2,324,341,20,300,58,59,138,63,3,343,343,2,1,3,226,314,21,343,65,197,14,328,5,276,167,62,289,157,144,12,127,5,,,1,8,,,2,341,1,5,2,7,24,309,14,253,198,309,3,3,3,239,172,260,5,25,61,279,17,23,,8,,,b'\x11\xe8\xe1I\xc6\x86\x15\xb0\xaf\x82\x12\xdf\x17\xaeN\x1e'
11E8E149-C686-15B0-AF82-12DF17AE4E1E,2012-ncaa-d1-ncaatournament,ncaa,1,1,1,1,2,1,2,2,6,2,2,15,4,6,7,60,1,1,31,1,7,2,2,12,8,4,33,53,8,2,9,1,48,1,18,2,31,61,12,10,5,47,1,5,,,60,3,,,1,2,49,5,6,19,53,12,27,45,61,2,2,2,26,37,21,15,10,19,10,44,3,,5,,,2,63,64,64,2,63,64,3,63,64,17,39,55,59,26,59,4,64,64,1,1,1,24,36,12,64,48,63,9,64,18,64,24,2,43,21,61,20,63,26,,,1,3,,,1,63,1,5,1,2,11,60,18,55,30,46,6,5,2,52,51,61,5,32,16,39,21,33,,4,,,b'\x11\xe8\xe1I\xc6\x86\x15\xb0\xaf\x82\x12\xdf\x17\xaeN\x1e'
11E8E149-C686-15B0-AF82-12DF17AE4E1E,2013-ncaa-d0-natl,ncaa,3,1,8,2,12,3,2,9,1,1,2,2,256,319,14,342,9,7,242,7,198,9,11,2,2,2,343,339,269,43,31,2,35,4,8,2,12,111,12,1,33,91,2,1,,,34,1,,,2,8,91,267,3,1,50,1,2,299,338,50,29,26,33,107,139,1,15,1,24,94,2,,3,,,2,214,236,341,4,80,300,3,341,343,123,333,17,20,159,20,6,333,335,7,4,8,324,343,8,287,35,108,31,195,8,193,136,35,141,74,105,17,9,1,,,10,79,,,2,337,2,9,2,30,48,298,7,101,314,334,5,4,4,179,198,131,5,17,69,148,33,3,,51,,,b'\x11\xe8\xe1I\xc6\x86\x15\xb0\xaf\x82\x12\xdf\x17\xaeN\x1e'
11E8E149-C686-15B0-AF82-12DF17AE4E1E,2013-ncaa-d1-conf-Big 12,ncaa,1,1,1,1,2,1,1,1,1,1,1,1,9,10,1,10,3,1,7,1,7,1,1,1,1,1,10,10,8,2,2,1,2,1,1,1,2,4,1,1,1,3,1,1,,,1,1,,,1,1,3,8,1,1,2,1,1,9,10,4,1,1,1,3,5,1,1,1,3,2,1,,1,,,1,1,2,10,1,1,7,1,10,10,2,9,1,1,5,1,1,8,10,1,1,1,10,10,1,8,2,2,2,4,1,2,5,1,3,2,5,4,1,1,,,3,4,,,1,10,1,1,1,1,1,8,1,6,9,9,1,1,1,7,8,7,1,3,2,3,4,1,,4,,,b'\x11\xe8\xe1I\xc6\x86\x15\xb0\xaf\x82\x12\xdf\x17\xaeN\x1e'
11E8E149-C686-15B0-AF82-12DF17AE4E1E,2013-ncaa-d1-natl,ncaa,3,1,8,2,13,3,2,10,1,1,2,2,266,322,14,342,11,8,241,7,196,9,11,2,2,2,343,339,268,49,31,2,39,5,8,2,12,96,14,1,35,96,3,2,,,26,1,,,2,8,92,267,3,1,53,1,2,301,337,50,31,27,34,114,144,1,16,1,25,101,2,,3,,,2,195,225,341,4,71,294,3,340,343,129,333,16,15,161,14,7,332,334,7,4,8,321,343,8,280,39,82,31,181,8,183,138,41,146,76,98,20,9,1,,,10,70,,,2,337,2,9,2,31,52,301,8,105,314,334,5,4,4,181,197,132,5,18,74,149,34,3,,51,,,b'\x11\xe8\xe1I\xc6\x86\x15\xb0\xaf\x82\x12\xdf\x17\xaeN\x1e'
11E8E149-C686-15B0-AF82-12DF17AE4E1E,2013-ncaa-d1-ncaatournament,ncaa,9,2,9,9,9,9,9,11,2,6,10,3,18,22,16,57,9,8,41,8,20,10,11,3,3,3,58,54,29,11,6,8,7,9,1,5,17,54,29,9,8,19,5,8,,,34,1,,,2,11,26,7,5,3,30,2,12,45,54,13,10,11,22,23,25,2,5,2,32,18,7,,2,,,2,49,49,52,3,43,53,1,60,51,55,46,36,34,47,34,6,52,53,9,5,5,58,61,12,45,7,48,6,44,1,49,27,9,29,15,50,31,7,2,,,8,6,,,2,54,2,2,2,4,7,44,3,35,55,45,8,7,6,31,26,16,1,1,11,31,31,2,,6,,,b'\x11\xe8\xe1I\xc6\x86\x15\xb0\xaf\x82\x12\xdf\x17\xaeN\x1e'
11E8E149-C686-15B0-AF82-12DF17AE4E1E,2014-ncaa-d0-natl,ncaa,5,5,4,6,4,3,3,2,34,4,3,55,83,100,85,272,4,6,65,5,189,2,2,61,54,16,272,267,143,2,13,3,26,1,8,4,52,108,3,3,95,218,27,63,,,331,130,,,3,5,77,17,4,6,11,7,9,159,191,16,30,27,9,18,8,10,2,4,14,203,56,,158,,,3,318,291,342,18,275,334,36,249,322,22,212,316,328,85,329,197,345,344,20,22,22,229,169,252,290,26,314,13,316,8,262,187,27,131,76,13,1,341,139,,,2,58,,,3,345,4,17,3,65,56,225,71,193,126,225,186,198,193,229,254,107,101,82,95,114,2,283,,8,,,b'\x11\xe8\xe1I\xc6\x86\x15\xb0\xaf\x82\x12\xdf\x17\xaeN\x1e'
11E8E149-C686-15B0-AF82-12DF17AE4E1E,2014-ncaa-d1-conf-Big 12,ncaa,1,1,1,1,1,1,1,1,1,1,1,3,5,6,2,9,1,2,3,2,6,1,1,1,3,1,9,9,6,1,1,1,1,1,2,1,1,1,1,1,5,6,5,4,,,5,2,,,1,1,2,8,1,1,1,1,1,6,7,3,2,2,1,1,1,2,1,1,1,6,5,,3,,,1,3,5,9,3,5,9,3,5,10,1,8,3,6,1,6,6,9,10,3,1,1,5,7,4,6,1,7,1,6,2,6,6,2,4,3,1,1,10,3,,,1,4,,,1,10,1,1,1,3,3,7,5,6,3,8,3,5,5,6,8,4,4,2,4,3,1,9,,2,,,b'\x11\xe8\xe1I\xc6\x86\x15\xb0\xaf\x82\x12\xdf\x17\xaeN\x1e'
11E8E149-C686-15B0-AF82-12DF17AE4E1E,2014-ncaa-d1-natl,ncaa,5,5,4,6,4,3,3,2,36,4,3,55,90,110,88,272,4,6,65,5,190,2,2,60,54,16,273,265,140,2,14,3,26,1,9,4,54,91,3,3,105,222,31,63,,,330,130,,,3,6,82,18,4,6,11,7,9,159,191,17,32,28,9,18,9,10,2,4,14,207,56,,159,,,3,312,281,341,19,263,333,36,243,319,23,212,308,319,87,320,195,345,342,22,22,23,226,169,248,280,26,307,14,311,9,255,188,31,137,82,7,1,339,144,,,2,56,,,3,343,4,17,3,68,58,225,78,193,124,228,189,201,198,236,253,107,100,83,99,117,2,285,,10,,,b'\x11\xe8\xe1I\xc6\x86\x15\xb0\xaf\x82\x12\xdf\x17\xaeN\x1e'
11E8E149-C686-15B0-AF82-12DF17AE4E1E,2014-ncaa-d1-ncaatournament,ncaa,5,2,5,5,5,5,6,5,22,6,5,26,8,9,19,49,3,4,18,3,18,5,5,21,19,9,32,40,16,5,12,6,13,5,10,4,4,54,16,3,9,40,5,25,,,61,47,,,8,6,18,3,5,10,12,8,10,30,44,8,9,8,9,9,12,15,11,1,22,36,21,,45,,,11,60,60,60,32,61,60,27,50,49,30,18,63,62,59,62,29,60,59,29,33,37,24,18,49,57,13,58,12,60,10,61,29,11,50,45,54,21,56,24,,,3,12,,,8,59,6,33,12,39,38,41,42,52,20,15,49,43,43,47,34,16,22,19,32,48,22,29,,6,,,b'\x11\xe8\xe1I\xc6\x86\x15\xb0\xaf\x82\x12\xdf\x17\xaeN\x1e'
11E8E149-C686-15B0-AF82-12DF17AE4E1E,2015-ncaa-d0-natl,ncaa,5,7,4,7,7,4,4,6,5,2,1,9,265,307,71,343,5,5,131,5,218,5,8,10,11,8,339,341,158,18,16,2,12,2,6,2,4,193,18,4,68,138,7,7,,,291,82,,,4,6,70,283,7,3,36,1,5,316,339,21,16,17,25,60,66,6,5,2,35,138,15,,98,,,4,304,260,340,5,163,307,7,331,340,81,303,286,280,243,276,168,341,338,10,16,32,324,313,229,240,12,217,16,243,6,331,334,63,180,197,204,50,318,75,,,5,66,,,4,341,6,17,5,54,31,198,15,94,252,301,150,135,129,179,171,51,19,16,198,179,71,219,,29,,,b'\x11\xe8\xe1I\xc6\x86\x15\xb0\xaf\x82\x12\xdf\x17\xaeN\x1e'
11E8E149-C686-15B0-AF82-12DF17AE4E1E,2015-ncaa-d1-conf-Big 12,ncaa,1,1,1,1,2,1,1,1,1,1,1,1,9,10,3,10,2,2,7,2,9,1,1,1,1,1,10,10,8,2,1,1,3,1,1,1,2,3,1,1,3,6,2,2,,,6,4,,,1,1,2,8,1,1,1,1,1,10,10,3,2,3,1,1,3,1,1,1,1,6,2,,4,,,1,6,2,10,1,1,4,1,9,9,7,9,9,8,8,7,8,9,10,1,1,1,10,9,8,5,3,2,1,2,1,8,9,3,5,6,5,1,4,1,,,2,4,,,1,10,1,1,1,2,1,6,1,3,9,9,7,5,5,5,8,3,1,1,7,5,1,4,,2,,,b'\x11\xe8\xe1I\xc6\x86\x15\xb0\xaf\x82\x12\xdf\x17\xaeN\x1e'
11E8E149-C686-15B0-AF82-12DF17AE4E1E,2015-ncaa-d1-natl,ncaa,5,7,4,7,8,4,4,8,5,2,1,11,283,315,74,343,6,6,129,6,217,5,9,11,11,8,339,341,154,21,17,2,11,2,6,2,4,169,20,4,79,148,7,9,,,279,82,,,4,6,76,285,7,3,40,1,5,317,339,21,17,19,27,67,69,5,6,2,35,149,16,,100,,,4,293,243,339,5,138,304,9,326,339,84,301,280,268,245,264,170,339,336,11,19,38,325,312,228,222,11,196,17,214,6,327,334,72,189,208,188,53,314,79,,,5,65,,,4,340,6,20,5,60,35,197,15,94,255,299,155,134,130,183,169,51,21,17,209,189,72,227,,31,,,b'\x11\xe8\xe1I\xc6\x86\x15\xb0\xaf\x82\x12\xdf\x17\xaeN\x1e'
11E8E149-C686-15B0-AF82-12DF17AE4E1E,2015-ncaa-d1-ncaatournament,ncaa,5,2,5,5,7,6,5,6,9,4,3,15,21,20,30,63,5,8,22,7,38,6,8,21,18,9,57,60,25,5,10,4,19,5,6,3,5,51,11,3,10,42,4,7,,,53,8,,,2,8,48,4,14,7,29,2,6,54,62,17,27,24,23,39,22,3,3,1,8,41,8,,8,,,3,56,58,59,5,57,59,10,51,60,13,53,44,53,7,52,12,59,59,4,2,6,19,43,10,59,19,57,10,58,6,61,42,15,56,49,50,21,57,14,,,9,42,,,2,57,5,3,3,5,10,47,12,33,26,51,5,9,6,33,20,38,13,15,27,57,18,27,,38,,,b'\x11\xe8\xe1I\xc6\x86\x15\xb0\xaf\x82\x12\xdf\x17\xaeN\x1e'
11E8E149-C686-15B0-AF82-12DF17AE4E1E,2016-ncaa-d0-natl,ncaa,2,2,1,2,2,2,2,6,5,2,1,13,239,320,14,345,3,2,267,2,198,3,2,11,15,14,342,341,200,7,8,1,7,1,3,2,3,318,64,7,14,78,2,3,,,221,25,,,2,2,96,280,13,8,70,2,6,315,344,48,19,20,41,61,48,3,3,3,111,82,6,,27,,,2,227,248,347,2,184,340,4,288,343,22,285,90,138,11,135,37,346,346,3,3,2,219,296,61,273,7,208,8,243,3,290,281,29,141,108,295,76,283,42,,,2,51,,,2,348,9,2,2,14,18,205,10,143,152,262,12,25,22,146,156,53,8,15,97,161,113,160,,26,,,b'\x11\xe8\xe1I\xc6\x86\x15\xb0\xaf\x82\x12\xdf\x17\xaeN\x1e'
11E8E149-C686-15B0-AF82-12DF17AE4E1E,2016-ncaa-d1-conf-Big 12,ncaa,1,1,1,1,1,1,1,2,1,1,1,2,9,10,2,10,1,1,6,1,6,1,1,1,1,1,10,10,5,1,1,1,1,1,1,1,2,6,2,1,2,5,2,2,,,3,2,,,1,2,4,5,1,1,3,1,1,10,10,2,1,1,1,1,1,1,1,1,4,5,2,,2,,,1,2,2,10,1,3,10,1,5,8,3,6,1,1,2,1,1,10,9,1,1,1,7,8,2,4,1,2,1,1,1,4,5,4,8,5,6,4,5,3,,,2,4,,,1,9,1,1,1,1,1,8,2,7,3,7,1,1,1,6,3,2,1,1,4,8,4,5,,3,,,b'\x11\xe8\xe1I\xc6\x86\x15\xb0\xaf\x82\x12\xdf\x17\xaeN\x1e'
11E8E149-C686-15B0-AF82-12DF17AE4E1E,2016-ncaa-d1-natl,ncaa,2,2,2,2,3,3,2,8,5,2,1,14,259,326,14,345,4,2,266,2,193,3,2,12,15,14,342,340,201,7,9,1,7,1,3,2,3,313,67,7,19,82,2,3,,,195,26,,,2,2,99,282,14,8,76,2,6,316,344,48,21,21,43,64,54,4,4,3,113,86,7,,27,,,2,207,229,346,3,166,338,4,276,338,25,281,73,121,12,119,37,345,345,4,3,2,214,290,63,249,7,181,9,218,3,280,279,38,150,115,280,80,281,44,,,2,44,,,2,346,10,2,2,16,20,208,11,147,152,260,14,25,23,149,154,57,8,15,105,166,115,170,,25,,,b'\x11\xe8\xe1I\xc6\x86\x15\xb0\xaf\x82\x12\xdf\x17\xaeN\x1e'
11E8E149-C686-15B0-AF82-12DF17AE4E1E,2016-ncaa-d1-ncaatournament,ncaa,5,2,5,5,5,6,5,6,9,3,3,14,9,10,15,56,10,9,40,9,43,6,6,12,14,10,54,47,44,5,10,5,34,6,12,3,11,56,18,5,4,16,2,2,,,54,8,,,2,6,33,1,9,4,15,3,10,37,50,30,30,30,17,25,17,15,10,4,19,16,4,,9,,,3,57,56,58,7,54,58,10,57,60,14,59,55,55,23,57,20,58,60,9,7,5,48,53,20,60,34,58,10,59,12,58,46,3,23,18,56,15,51,14,,,7,38,,,2,59,6,5,2,6,10,35,6,10,40,57,11,10,10,25,36,39,13,22,26,23,16,27,,36,,,b'\x11\xe8\xe1I\xc6\x86\x15\xb0\xaf\x82\x12\xdf\x17\xaeN\x1e'
11E8E149-C686-15B0-AF82-12DF17AE4E1E,2017-ncaa-d0-natl,ncaa,3,3,3,3,6,1,1,1,3,1,1,9,94,206,2,338,4,1,204,1,193,1,1,7,7,4,338,323,240,1,1,1,2,1,1,2,33,200,9,2,114,249,1,1,,,262,48,,,1,1,22,248,1,1,7,1,1,179,304,10,5,8,5,6,4,1,1,2,37,227,1,,66,,,1,239,179,347,1,127,340,1,284,337,19,225,306,303,188,303,126,347,345,1,2,4,322,275,274,240,2,108,1,168,1,74,48,64,235,39,22,1,205,8,,,4,159,,,1,349,2,1,2,19,6,289,3,241,153,271,155,158,156,282,255,48,3,7,11,217,3,84,,27,,,b'\x11\xe8\xe1I\xc6\x86\x15\xb0\xaf\x82\x12\xdf\x17\xaeN\x1e'
11E8E149-C686-15B0-AF82-12DF17AE4E1E,2017-ncaa-d1-conf-Big 12,ncaa,1,1,1,1,2,1,1,1,1,1,1,1,8,9,1,9,1,1,6,1,5,1,1,1,1,1,9,9,5,1,1,1,1,1,1,1,1,2,1,1,7,7,1,1,,,5,3,,,1,1,4,4,1,1,1,1,2,8,9,2,1,1,1,1,1,1,1,1,2,7,1,,4,,,1,2,2,9,1,2,8,1,7,10,1,10,6,7,2,7,7,10,10,1,1,1,10,9,7,4,1,1,1,2,1,2,2,7,8,3,1,1,1,1,,,1,5,,,1,10,1,1,1,1,1,8,1,4,4,10,5,6,6,7,6,3,1,1,2,7,1,1,,2,,,b'\x11\xe8\xe1I\xc6\x86\x15\xb0\xaf\x82\x12\xdf\x17\xaeN\x1e'
11E8E149-C686-15B0-AF82-12DF17AE4E1E,2017-ncaa-d1-natl,ncaa,3,3,3,3,6,1,1,1,3,1,1,9,106,221,2,339,4,1,201,1,198,1,2,7,7,4,335,322,239,2,1,1,2,1,1,2,35,176,9,2,138,259,1,1,,,249,49,,,1,2,25,249,1,1,7,1,1,178,305,10,6,8,5,7,6,1,1,2,37,234,1,,71,,,1,215,153,347,1,102,340,1,277,332,22,223,290,290,199,289,129,347,344,1,2,4,321,274,276,219,2,81,1,126,1,63,47,83,245,41,12,1,191,7,,,4,153,,,1,348,2,1,2,20,7,292,3,246,157,271,164,157,158,283,252,51,3,7,12,227,3,88,,30,,,b'\x11\xe8\xe1I\xc6\x86\x15\xb0\xaf\x82\x12\xdf\x17\xaeN\x1e'
11E8E149-C686-15B0-AF82-12DF17AE4E1E,2017-ncaa-d1-ncaatournament,ncaa,5,2,5,5,5,4,4,5,2,3,4,2,7,7,20,49,4,4,27,4,23,5,5,2,2,2,52,45,32,4,4,3,10,3,1,2,15,58,24,3,7,24,1,5,,,59,20,,,1,5,9,3,1,1,8,1,8,27,35,13,10,13,4,4,13,1,1,1,33,14,5,,26,,,1,56,54,58,1,50,59,1,57,57,28,32,61,60,42,60,30,60,60,2,2,2,55,38,50,58,10,55,4,56,1,48,16,5,27,5,45,4,38,7,,,5,34,,,1,60,2,2,1,7,2,44,6,42,27,37,38,36,33,47,55,31,7,10,7,20,7,9,,21,,,b'\x11\xe8\xe1I\xc6\x86\x15\xb0\xaf\x82\x12\xdf\x17\xaeN\x1e'
11E8E149-C686-15B0-AF82-12DF17AE4E1E,2018-ncaa-d0-natl,ncaa,5,2,12,3,21,5,3,12,2,2,2,5,213,310,24,345,13,12,116,12,288,7,11,7,9,4,346,338,258,5,1,1,3,1,1,6,71,114,19,3,150,238,2,2,,,216,49,,,2,16,61,278,2,2,15,1,3,275,337,33,45,45,9,31,18,1,1,5,41,227,4,,61,,,2,147,111,329,1,44,291,1,304,341,41,302,163,238,7,233,138,330,327,2,2,6,335,328,181,152,3,68,1,84,1,41,35,131,237,53,32,7,52,2,,,10,129,,,2,332,3,4,2,16,14,255,3,140,224,307,55,132,130,230,196,42,3,5,7,233,12,14,,49,,,b'\x11\xe8\xe1I\xc6\x86\x15\xb0\xaf\x82\x12\xdf\x17\xaeN\x1e'
11E8E149-C686-15B0-AF82-12DF17AE4E1E,2018-ncaa-d1-conf-Big 12,ncaa,1,1,1,1,1,1,1,2,1,1,1,1,9,10,3,10,2,2,4,2,9,2,2,1,1,1,10,10,7,1,1,1,1,1,1,1,3,5,3,1,7,8,1,1,,,4,3,,,1,2,6,8,1,1,2,1,1,9,10,4,4,4,3,2,1,1,1,1,4,9,1,,3,,,1,1,1,10,1,1,5,1,4,10,1,10,2,3,1,3,3,9,7,1,1,1,10,10,6,4,1,1,1,1,1,1,1,6,8,2,3,1,1,1,,,1,5,,,1,9,1,1,1,1,1,6,1,3,3,9,2,2,2,3,2,2,1,1,1,7,1,1,,2,,,b'\x11\xe8\xe1I\xc6\x86\x15\xb0\xaf\x82\x12\xdf\x17\xaeN\x1e'
11E8E149-C686-15B0-AF82-12DF17AE4E1E,2018-ncaa-d1-natl,ncaa,5,2,16,3,27,5,3,13,2,2,2,5,226,321,25,344,18,18,113,17,289,10,13,8,10,5,345,338,252,9,1,1,3,1,1,6,73,93,21,3,172,242,2,2,,,192,50,,,2,17,62,279,2,2,16,1,3,281,340,36,49,49,11,33,20,1,2,5,43,234,4,,65,,,2,119,94,324,1,27,287,1,296,338,44,301,146,218,8,215,137,326,322,2,2,6,333,328,182,130,3,37,1,52,1,25,35,149,246,59,21,7,44,2,,,11,124,,,2,329,3,5,2,16,14,258,4,145,228,306,59,134,130,235,192,47,3,5,8,238,12,17,,54,,,b'\x11\xe8\xe1I\xc6\x86\x15\xb0\xaf\x82\x12\xdf\x17\xaeN\x1e'
11E8E149-C686-15B0-AF82-12DF17AE4E1E,2018-ncaa-d1-ncaatournament,ncaa,9,2,9,9,9,11,9,8,18,9,8,20,26,25,42,60,14,12,43,13,48,8,9,32,36,25,61,56,44,3,2,10,10,8,3,7,17,48,9,5,7,3,1,1,,,40,2,,,5,13,29,7,8,7,2,3,1,52,56,32,23,27,2,4,1,7,1,6,14,5,1,,2,,,2,50,49,50,2,41,50,2,53,52,24,55,40,38,33,35,12,50,52,7,6,2,49,56,18,52,10,50,2,51,3,49,40,7,11,12,42,8,42,13,,,15,49,,,5,53,7,1,2,4,4,28,3,17,42,47,6,8,8,15,27,17,14,9,20,12,12,22,,38,,,b'\x11\xe8\xe1I\xc6\x86\x15\xb0\xaf\x82\x12\xdf\x17\xaeN\x1e'
11E8E149-C686-15B0-AF82-12DF17AE4E1E,2019-ncaa-d0-natl,ncaa,1,1,2,1,2,4,2,2,3,2,1,15,324,347,14,351,8,5,236,6,324,2,2,17,21,11,351,351,276,5,5,1,1,1,1,1,6,198,12,2,59,179,1,1,,,286,66,,,3,3,93,272,7,2,25,1,1,347,351,74,61,63,18,52,26,1,2,1,29,184,1,,68,,,3,259,168,346,1,25,298,1,351,351,102,342,274,300,58,302,231,347,348,4,3,6,350,349,236,249,1,137,5,181,1,104,77,64,226,44,92,10,122,2,,,2,133,,,3,349,6,3,3,12,6,196,2,36,308,334,107,136,136,172,147,39,3,2,12,238,24,33,,72,,,b'\x11\xe8\xe1I\xc6\x86\x15\xb0\xaf\x82\x12\xdf\x17\xaeN\x1e'
11E8E149-C686-15B0-AF82-12DF17AE4E1E,2019-ncaa-d1-conf-Big 12,ncaa,1,1,1,1,1,1,1,2,1,1,1,1,10,10,4,10,3,3,7,3,10,1,2,1,2,2,10,10,10,2,1,1,1,1,1,1,1,2,1,1,4,4,1,1,,,6,4,,,1,3,9,3,1,1,3,1,1,10,10,5,4,4,2,3,2,1,1,1,1,7,1,,3,,,1,1,1,5,1,1,1,1,6,10,1,10,3,7,1,7,8,5,6,1,1,1,10,10,8,1,1,1,1,1,1,1,1,5,4,1,1,1,1,1,,,1,4,,,1,8,1,1,1,1,1,2,1,1,5,8,3,5,5,1,1,1,1,1,1,7,1,1,,3,,,b'\x11\xe8\xe1I\xc6\x86\x15\xb0\xaf\x82\x12\xdf\x17\xaeN\x1e'
11E8E149-C686-15B0-AF82-12DF17AE4E1E,2019-ncaa-d1-natl,ncaa,1,1,5,1,5,4,3,4,3,2,1,17,331,347,14,351,16,8,234,9,325,2,2,17,21,13,351,351,275,6,5,1,1,1,1,1,6,165,13,2,76,189,1,1,,,261,69,,,3,4,96,272,8,2,27,1,1,347,351,78,68,68,20,64,31,1,2,1,30,193,1,,70,,,3,235,137,342,1,15,281,1,350,351,113,340,261,285,65,287,236,345,346,4,4,8,350,349,234,226,1,95,5,137,1,77,80,85,239,52,77,10,106,3,,,2,126,,,3,348,6,4,3,13,7,197,2,37,313,333,112,139,140,181,144,41,3,2,13,251,25,36,,78,,,b'\x11\xe8\xe1I\xc6\x86\x15\xb0\xaf\x82\x12\xdf\x17\xaeN\x1e'
11E8E149-C686-15B0-AF82-12DF17AE4E1E,2019-ncaa-d1-ncaatournament,ncaa,1,1,1,1,1,1,1,2,1,1,1,4,13,16,11,64,3,3,32,3,44,2,2,3,4,3,63,64,32,2,4,1,14,2,3,1,28,64,21,6,1,23,1,1,,,64,36,,,1,2,21,7,1,1,12,1,1,61,64,17,15,16,10,13,9,4,3,2,24,22,1,,33,,,1,63,63,63,6,61,63,4,63,63,20,36,64,64,25,64,36,63,63,7,10,5,45,38,49,62,14,61,4,62,3,62,21,1,32,13,63,24,59,14,,,1,29,,,1,64,3,3,1,6,4,28,6,34,31,35,37,40,35,33,31,26,2,5,9,30,24,20,,20,,,b'\x11\xe8\xe1I\xc6\x86\x15\xb0\xaf\x82\x12\xdf\x17\xaeN\x1e'
11E8E149-C686-15B0-AF82-12DF17AE4E1E,2020-ncaa-d0-natl,ncaa,5,3,87,5,182,9,6,34,2,3,5,8,281,342,4,349,73,51,224,49,281,24,67,8,11,6,348,341,291,82,20,8,5,13,1,2,7,45,23,2,60,60,7,4,,,73,37,,,2,77,60,324,7,2,21,1,3,298,342,83,69,60,15,65,84,4,6,1,32,61,8,,61,,,1,8,7,179,1,5,88,2,112,292,3,300,82,134,23,139,212,161,218,1,2,1,333,297,262,38,5,11,20,11,1,4,41,58,62,2,45,25,114,16,,,40,94,,,2,273,5,2,1,2,2,133,2,50,109,278,81,131,134,124,200,28,8,5,3,64,39,109,,52,,,b'\x11\xe8\xe1I\xc6\x86\x15\xb0\xaf\x82\x12\xdf\x17\xaeN\x1e'
11E8E149-C686-15B0-AF82-12DF17AE4E1E,2020-ncaa-d1-conf-Big 12,ncaa,1,1,1,1,9,1,1,5,1,1,1,1,9,10,1,10,6,3,8,3,8,4,7,1,1,1,10,9,10,2,1,1,1,1,1,1,1,2,2,1,6,4,2,1,,,3,5,,,1,9,9,9,1,1,5,1,1,9,10,6,3,3,4,7,2,1,1,1,2,6,2,,3,,,1,1,1,1,1,1,1,1,4,9,1,10,4,5,3,5,10,1,1,1,1,1,10,10,10,1,1,1,1,1,1,1,2,5,3,1,2,2,1,1,,,6,4,,,1,2,1,1,1,1,1,1,1,1,4,9,4,5,5,1,1,1,1,1,1,5,2,1,,6,,,b'\x11\xe8\xe1I\xc6\x86\x15\xb0\xaf\x82\x12\xdf\x17\xaeN\x1e'
11E8E149-C686-15B0-AF82-12DF17AE4E1E,2020-ncaa-d1-natl,ncaa,6,3,128,5,248,11,6,49,2,3,5,9,296,342,4,349,89,66,225,62,278,41,102,9,11,8,348,342,287,101,21,11,5,16,1,2,7,34,25,2,77,68,8,4,,,57,39,,,2,113,62,324,7,2,26,1,3,300,343,85,69,61,21,72,92,5,6,1,32,75,9,,63,,,1,4,4,138,1,5,62,2,102,279,3,300,70,119,24,123,214,121,174,1,2,1,334,297,263,32,5,7,21,4,1,3,43,79,66,4,36,26,107,16,,,58,92,,,2,238,5,2,2,2,3,135,2,53,108,280,83,133,137,126,200,28,9,6,3,72,40,109,,54,,,b'\x11\xe8\xe1I\xc6\x86\x15\xb0\xaf\x82\x12\xdf\x17\xaeN\x1e'
11E8E149-C686-15B0-AF82-12DF17AE4E1E,2021-ncaa-d0-natl,ncaa,2,9,2,4,4,4,1,2,4,1,1,18,213,255,91,343,4,3,149,3,274,1,1,25,27,29,343,343,205,2,2,1,5,1,1,1,30,340,84,16,3,52,6,13,,,333,94,,,2,1,40,205,5,2,13,1,2,330,338,33,46,40,9,11,3,3,2,5,186,46,20,,129,,,3,285,256,337,1,234,331,1,277,326,43,174,338,327,276,328,154,339,341,1,5,5,290,207,303,271,5,255,2,267,1,215,95,4,88,14,312,65,246,9,,,1,154,,,2,343,7,4,3,14,7,154,13,162,89,162,176,147,145,145,210,33,3,6,16,75,124,78,,39,,,b'\x11\xe8\xe1I\xc6\x86\x15\xb0\xaf\x82\x12\xdf\x17\xaeN\x1e'
11E8E149-C686-15B0-AF82-12DF17AE4E1E,2021-ncaa-d1-conf-Big 12,ncaa,1,1,1,1,1,1,1,1,1,1,1,2,10,10,4,10,1,1,7,1,9,1,1,3,3,3,10,10,8,1,1,1,1,1,1,1,3,9,8,2,3,3,2,2,,,6,6,,,1,1,3,9,1,1,1,1,1,10,10,3,1,1,1,1,1,1,1,1,9,4,2,,6,,,1,1,1,5,1,1,8,1,2,3,1,2,7,7,6,6,5,6,10,1,1,1,9,4,10,3,1,1,1,1,1,1,2,2,2,2,9,7,1,1,,,1,4,,,1,10,2,1,1,1,1,2,1,4,2,2,5,6,5,2,4,2,1,1,1,3,8,1,,2,,,b'\x11\xe8\xe1I\xc6\x86\x15\xb0\xaf\x82\x12\xdf\x17\xaeN\x1e'
11E8E149-C686-15B0-AF82-12DF17AE4E1E,2021-ncaa-d1-natl,ncaa,2,9,2,4,4,4,1,3,5,1,1,18,221,267,87,343,5,5,149,4,273,2,2,26,29,30,343,343,204,3,2,1,5,1,1,2,31,339,85,16,4,57,7,14,,,327,94,,,2,2,41,204,5,2,15,1,2,332,338,37,48,42,11,12,3,3,2,5,192,50,22,,129,,,3,282,246,336,1,225,330,1,272,321,42,168,332,318,278,321,153,338,339,1,6,5,289,204,303,264,5,244,2,251,1,205,96,6,94,15,306,66,241,12,,,1,149,,,2,342,8,4,3,15,8,154,14,165,89,161,175,148,146,149,210,35,3,6,16,76,123,77,,40,,,b'\x11\xe8\xe1I\xc6\x86\x15\xb0\xaf\x82\x12\xdf\x17\xaeN\x1e'
11E8E149-C686-15B0-AF82-12DF17AE4E1E,2021-ncaa-d1-ncaatournament,ncaa,5,2,5,5,5,5,4,5,9,2,4,17,13,13,15,63,3,3,42,3,32,5,5,14,14,8,52,56,29,3,10,5,8,5,4,4,42,59,12,10,3,11,3,4,,,59,24,,,2,5,10,6,2,2,3,1,1,48,61,9,5,3,2,3,7,2,4,9,30,8,4,,28,,,2,59,60,60,18,57,57,16,60,62,31,46,56,59,5,59,28,60,60,17,12,9,43,50,17,54,8,57,10,57,4,57,21,4,12,6,62,24,59,19,,,4,16,,,2,60,5,4,2,16,21,37,15,27,37,48,12,24,23,32,47,19,18,11,16,7,35,41,,4,,,b'\x11\xe8\xe1I\xc6\x86\x15\xb0\xaf\x82\x12\xdf\x17\xaeN\x1e'
11E8E149-C686-15B0-AF82-12DF17AE4E1E,2022-ncaa-d0-natl,ncaa,8,19,8,19,10,6,9,14,7,13,23,17,44,56,43,196,7,7,118,7,75,10,14,19,16,8,197,199,160,67,135,8,45,11,36,6,31,154,17,6,141,269,43,88,,,268,54,,,6,14,110,264,11,17,76,28,117,94,147,44,51,54,52,141,179,32,48,11,21,264,82,,58,,,9,309,282,339,22,252,339,11,294,312,152,155,316,299,313,302,147,339,342,23,40,61,268,218,261,280,45,300,135,314,36,236,136,59,212,116,171,39,173,36,,,2,15,,,6,343,10,51,10,84,65,214,64,207,164,168,197,158,158,206,196,113,60,65,81,213,44,61,,22,,,b'\x11\xe8\xe1I\xc6\x86\x15\xb0\xaf\x82\x12\xdf\x17\xaeN\x1e'
11E8E149-C686-15B0-AF82-12DF17AE4E1E,2022-ncaa-d1-conf-Big 12,ncaa,1,1,1,1,2,1,1,1,1,1,3,1,3,3,2,6,1,1,5,1,4,1,3,1,2,1,6,5,8,4,3,1,3,1,2,1,3,1,1,1,6,8,4,5,,,5,2,,,1,3,5,7,2,1,3,1,4,3,4,3,3,3,3,5,6,4,4,2,1,7,4,,2,,,1,6,5,7,2,6,8,2,6,5,4,3,6,7,3,7,6,9,8,1,2,2,7,6,6,7,3,4,3,5,2,4,5,5,5,4,2,1,1,2,,,1,1,,,1,8,1,2,1,2,2,6,2,5,4,3,6,6,6,5,6,5,3,3,3,6,1,1,,1,,,b'\x11\xe8\xe1I\xc6\x86\x15\xb0\xaf\x82\x12\xdf\x17\xaeN\x1e'
11E8E149-C686-15B0-AF82-12DF17AE4E1E,2022-ncaa-d1-natl,ncaa,11,19,9,19,12,7,9,18,8,15,27,18,55,69,45,195,10,10,117,9,71,14,19,22,18,8,194,201,154,83,146,12,49,13,44,7,37,124,19,6,173,281,48,95,,,246,57,,,8,15,118,263,15,21,90,30,118,100,148,41,51,54,60,148,192,35,53,12,23,281,92,,59,,,12,299,263,337,28,229,336,14,290,304,167,155,309,289,315,291,148,338,339,27,46,76,269,220,260,265,49,289,146,301,44,222,141,83,223,133,153,40,158,44,,,2,12,,,8,342,10,63,13,94,73,214,70,208,167,170,206,165,170,209,193,119,65,69,87,222,43,64,,19,,,b'\x11\xe8\xe1I\xc6\x86\x15\xb0\xaf\x82\x12\xdf\x17\xaeN\x1e'
11E8E149-C686-15B0-AF82-12DF17AE4E1E,2022-ncaa-d1-ncaatournament,ncaa,17,2,17,17,18,26,22,27,19,20,29,8,23,17,46,15,28,26,52,25,23,27,24,19,22,25,45,34,46,23,18,17,9,15,3,17,4,45,41,12,37,54,28,29,,,42,36,,,11,27,33,5,31,20,34,18,50,30,14,36,36,33,35,30,27,2,4,2,40,54,30,,29,,,7,34,34,43,2,10,36,1,50,50,39,61,41,34,61,34,25,41,39,6,4,7,65,64,45,32,9,37,18,36,3,23,32,32,43,21,46,40,24,14,,,24,31,,,11,43,26,5,7,6,4,32,1,13,49,55,20,13,13,27,24,21,19,16,12,43,42,9,,28,,,b'\x11\xe8\xe1I\xc6\x86\x15\xb0\xaf\x82\x12\xdf\x17\xaeN\x1e'
11E8E149-C686-15B0-AF82-12DF17AE4E1E,2023-ncaa-d0-natl,ncaa,87,117,46,109,52,54,44,36,87,49,69,86,63,65,112,130,155,130,251,126,235,39,44,89,115,106,195,131,311,75,143,52,84,49,98,18,17,230,95,31,100,162,121,156,,,246,131,,,58,41,69,78,54,41,40,65,121,86,94,215,182,180,48,66,110,74,62,11,154,157,159,,155,,,58,273,275,302,116,256,279,145,256,302,99,248,186,173,221,180,111,302,315,116,110,80,189,219,126,196,84,309,143,292,98,266,204,55,96,118,174,77,313,244,,,55,163,,,58,319,89,62,66,140,168,227,155,167,193,246,118,100,107,200,253,113,229,183,198,91,118,287,,105,,,b'\x11\xe8\xe1I\xc6\x86\x15\xb0\xaf\x82\x12\xdf\x17\xaeN\x1e'
11E8E149-C686-15B0-AF82-12DF17AE4E1E,2023-ncaa-d1-conf-Big 12,ncaa,5,4,7,5,8,7,6,5,6,5,3,8,6,6,6,6,10,10,7,10,9,5,4,6,8,8,8,7,7,5,4,6,6,5,6,3,2,6,6,3,5,5,5,5,,,6,5,,,5,7,2,2,6,5,2,4,2,6,6,9,10,10,3,2,4,4,5,2,7,5,5,,6,,,5,3,2,4,4,3,4,5,4,4,3,5,6,6,5,6,5,4,4,3,4,3,5,5,7,6,6,6,4,6,6,2,6,5,4,3,3,2,8,5,,,7,7,,,5,4,7,3,6,4,2,6,3,6,5,4,6,6,6,6,9,8,7,7,3,3,4,8,,7,,,b'\x11\xe8\xe1I\xc6\x86\x15\xb0\xaf\x82\x12\xdf\x17\xaeN\x1e'
11E8E149-C686-15B0-AF82-12DF17AE4E1E,2023-ncaa-d1-natl,ncaa,98,117,56,116,64,58,48,46,96,55,81,90,76,74,119,132,176,148,254,144,239,50,52,96,121,107,190,132,311,90,151,61,93,57,114,19,17,208,100,32,130,181,136,161,,,224,136,,,65,48,77,77,55,45,41,71,126,88,95,217,182,181,54,73,113,80,72,11,156,169,164,,161,,,65,252,253,288,130,236,258,163,242,289,107,245,168,149,234,157,113,281,303,131,128,99,192,218,123,173,93,296,151,269,114,255,207,70,109,139,153,78,308,251,,,66,153,,,65,308,95,76,74,157,178,228,160,166,205,248,121,100,108,206,252,117,230,192,208,98,117,291,,106,,,b'\x11\xe8\xe1I\xc6\x86\x15\xb0\xaf\x82\x12\xdf\x17\xaeN\x1e'
11E8E149-C686-15B0-AF82-12DF17AE4E1E,2023-ncaa-d1-ncaatournament,ncaa,18,2,18,18,21,23,27,29,35,40,35,60,4,12,5,5,35,33,38,30,22,30,30,12,15,15,1,2,52,29,44,32,23,32,42,17,1,40,34,5,21,14,19,9,,,34,9,,,47,29,35,7,23,34,37,63,64,2,6,46,49,43,46,46,40,53,51,5,27,16,14,,10,,,39,50,50,40,59,40,34,57,62,50,61,64,14,17,30,12,8,38,38,63,60,53,57,62,4,26,23,45,44,42,42,60,63,21,9,45,47,46,12,18,,,29,32,,,47,43,20,48,36,50,52,23,25,5,63,59,3,3,3,9,15,9,40,25,61,10,39,8,,37,,,b'\x11\xe8\xe1I\xc6\x86\x15\xb0\xaf\x82\x12\xdf\x17\xaeN\x1e'
11E8E149-C686-15B0-AF82-12DF17AE4E1E,2024-ncaa-d0-natl,ncaa,26,40,29,40,48,28,20,22,42,35,62,36,35,33,73,99,146,129,232,133,245,28,23,40,60,66,190,105,329,37,62,34,10,23,19,13,26,285,127,33,33,53,194,254,,,293,174,,,16,24,52,263,33,26,33,46,132,53,59,227,218,222,53,53,70,53,32,16,177,59,236,,198,,,20,216,255,287,126,306,305,196,70,186,7,119,165,187,60,190,95,279,315,79,63,26,16,42,134,73,10,265,62,187,19,169,91,20,52,32,259,123,275,193,,,65,225,,,16,339,48,12,20,75,120,152,217,212,23,99,98,119,117,124,233,18,118,49,87,49,165,215,,151,,,b'\x11\xe8\xe1I\xc6\x86\x15\xb0\xaf\x82\x12\xdf\x17\xaeN\x1e'
11E8E149-C686-15B0-AF82-12DF17AE4E1E,2024-ncaa-d1-conf-Big 12,ncaa,3,4,2,4,5,5,4,2,6,4,5,5,4,2,9,6,11,11,12,11,13,4,3,6,8,8,11,8,12,4,4,3,3,5,4,3,6,13,10,6,3,4,14,14,,,7,6,,,4,3,2,7,5,4,2,4,6,4,3,12,11,11,4,2,3,5,4,4,13,3,14,,7,,,5,4,9,11,10,14,13,10,1,6,1,4,3,3,1,3,3,9,11,4,2,4,1,1,3,4,3,7,4,5,4,5,2,4,4,3,12,11,6,3,,,8,12,,,4,13,6,3,4,4,8,8,12,13,1,4,2,3,3,5,12,2,6,4,5,3,12,5,,9,,,b'\x11\xe8\xe1I\xc6\x86\x15\xb0\xaf\x82\x12\xdf\x17\xaeN\x1e'
11E8E149-C686-15B0-AF82-12DF17AE4E1E,2024-ncaa-d1-natl,ncaa,30,40,38,41,68,36,25,31,46,39,84,38,41,40,74,99,166,161,232,162,247,38,34,43,62,70,184,106,327,51,75,46,11,29,22,14,27,262,130,35,49,66,213,262,,,276,184,,,19,37,58,264,37,27,39,50,137,54,62,233,225,226,56,61,79,59,42,16,181,64,242,,203,,,21,192,241,266,142,295,292,206,55,158,9,119,148,171,64,173,102,257,303,87,77,34,14,44,135,50,11,237,75,147,22,155,96,36,63,48,235,138,268,209,,,82,220,,,19,328,50,23,21,84,131,157,232,217,26,102,100,121,123,129,233,23,130,52,100,63,171,224,,150,,,b'\x11\xe8\xe1I\xc6\x86\x15\xb0\xaf\x82\x12\xdf\x17\xaeN\x1e'
11E8E149-C686-15B0-AF82-12DF17AE4E1E,2024-ncaa-d1-ncaatournament,ncaa,9,3,9,9,10,11,11,10,26,12,9,30,8,12,20,39,13,10,51,10,31,9,11,23,29,23,37,28,42,12,36,11,15,12,20,14,48,54,20,23,12,31,14,23,,,61,47,,,15,9,5,5,11,12,11,18,14,19,26,32,26,25,7,14,31,12,17,31,23,28,20,,52,,,16,59,56,58,28,60,57,37,53,57,12,31,64,66,18,66,49,58,60,30,26,25,31,20,47,51,15,62,36,58,20,55,13,11,34,24,45,7,57,39,,,13,42,,,15,60,23,18,18,33,25,36,39,38,24,36,41,46,46,46,48,21,47,31,21,30,9,47,,34,,,b'\x11\xe8\xe1I\xc6\x86\x15\xb0\xaf\x82\x12\xdf\x17\xaeN\x1e'
11E8E149-C686-15B0-AF82-12DF17AE4E1E,2025-ncaa-d0-natl,genius_ncaa,13,37,12,36,14,15,12,11,39,13,17,48,27,38,52,188,47,30,304,29,163,11,13,41,54,43,215,165,275,17,43,17,31,10,22,8,38,203,39,14,54,112,16,24,,,344,208,,335,11,12,75,148,23,19,21,25,76,63,100,124,79,82,25,51,40,38,17,9,61,118,21,,211,,284,11,288,272,333,45,311,338,69,107,220,20,67,317,325,103,324,184,338,343,27,33,34,88,38,277,211,31,320,43,302,22,176,68,35,95,40,179,36,186,42,,,9,88,,15,11,348,23,26,14,71,71,148,140,248,23,63,192,220,217,157,211,70,128,91,43,93,72,85,,42,,40,b'\x11\xe8\xe1I\xc6\x86\x15\xb0\xaf\x82\x12\xdf\x17\xaeN\x1e'
11E8E149-C686-15B0-AF82-12DF17AE4E1E,2025-ncaa-d1-conf-Big 12,genius_ncaa,2,2,1,2,1,1,1,1,6,1,2,8,4,4,8,10,10,7,16,7,12,1,1,6,7,5,14,9,13,1,3,2,6,1,6,2,5,4,1,3,3,6,3,3,,,14,12,,7,2,1,6,3,2,2,1,1,3,6,6,11,8,8,1,1,2,6,2,4,2,5,3,,13,,7,3,7,6,11,4,13,15,8,2,7,1,4,13,13,3,13,11,15,16,3,3,3,3,2,14,11,6,14,3,14,6,2,3,3,4,3,7,1,6,2,,,5,7,,3,2,16,5,3,3,3,3,4,12,9,2,3,12,13,13,8,10,7,9,8,2,4,3,2,,7,,4,b'\x11\xe8\xe1I\xc6\x86\x15\xb0\xaf\x82\x12\xdf\x17\xaeN\x1e'
11E8E149-C686-15B0-AF82-12DF17AE4E1E,2025-ncaa-d1-natl,genius_ncaa,19,37,15,37,18,16,12,12,40,16,19,50,31,45,52,188,56,38,304,39,162,12,14,42,58,45,212,166,275,20,47,22,34,11,25,8,38,172,41,14,71,122,16,26,,,335,213,,330,12,13,82,147,23,20,21,29,82,69,104,127,83,84,25,56,43,41,20,9,63,127,21,,215,,287,14,270,260,328,57,304,337,71,94,197,23,66,311,320,106,318,188,332,337,34,37,43,85,37,280,200,34,306,47,284,25,160,68,45,105,55,159,39,171,46,,,13,76,,19,12,345,26,31,18,76,81,155,152,253,27,64,200,223,220,163,209,75,131,93,49,103,75,86,,44,,39,b'\x11\xe8\xe1I\xc6\x86\x15\xb0\xaf\x82\x12\xdf\x17\xaeN\x1e'
11E8E149-C686-15B0-AF82-12DF17AE4E1E,2025-ncaa-d1-ncaatournament,genius_ncaa,17,2,17,17,20,24,24,33,9,19,29,8,42,39,49,59,18,14,54,14,9,28,25,18,17,28,61,61,17,31,35,17,28,19,15,20,20,55,58,42,35,55,17,28,,,48,51,,57,20,20,17,7,25,26,58,10,34,58,58,15,5,5,48,28,42,4,12,19,57,52,13,,54,,61,19,35,37,46,8,48,51,14,12,35,3,11,47,49,25,49,35,48,47,7,6,9,13,4,54,47,28,39,35,42,15,21,3,28,48,16,42,38,4,2,,,15,2,,16,20,48,31,12,17,17,18,46,39,58,3,17,48,50,48,54,52,43,17,28,3,41,39,2,,4,,15,b'\x11\xe8\xe1I\xc6\x86\x15\xb0\xaf\x82\x12\xdf\x17\xaeN\x1e'
11E8E149-C686-15B0-AF82-12DF17AE4E1E,2026-ncaa-d0-natl,genius_ncaa,5,13,9,13,10,21,32,40,36,49,75,39,22,30,53,115,25,31,73,25,70,36,29,36,27,36,116,115,177,50,52,4,159,9,31,24,81,298,125,61,84,180,2,3,,,196,22,,356,16,31,226,78,40,48,157,89,224,51,98,72,95,91,134,164,137,9,21,40,135,171,2,,34,,324,18,169,222,351,4,258,360,5,129,282,5,99,65,134,5,123,12,349,345,2,2,3,31,115,41,354,159,207,52,305,31,161,91,71,217,79,190,63,197,117,,,40,171,,95,16,329,34,6,18,4,26,303,65,338,23,113,7,28,23,249,231,298,20,95,35,196,64,98,,169,,182,b'\x11\xe8\xe1I\xc6\x86\x15\xb0\xaf\x82\x12\xdf\x17\xaeN\x1e'
11E8E149-C686-15B0-AF82-12DF17AE4E1E,2026-ncaa-d1-natl,genius_ncaa,5,13,13,13,18,25,38,61,42,62,114,47,31,45,56,112,36,48,74,42,66,53,51,39,31,43,103,111,158,75,66,6,177,13,45,29,82,255,139,74,128,221,2,3,,,148,26,,353,16,54,237,73,51,67,182,118,243,57,109,76,111,103,158,192,165,10,27,48,145,214,2,,40,,330,19,123,178,347,4,214,360,6,84,249,4,93,41,92,6,76,11,340,326,2,2,4,29,114,41,348,177,153,66,273,45,123,91,117,253,105,147,65,173,133,,,65,151,,112,16,308,41,8,19,5,36,314,85,344,27,117,6,31,26,263,224,308,18,114,39,233,63,110,,168,,169,b'\x11\xe8\xe1I\xc6\x86\x15\xb0\xaf\x82\x12\xdf\x17\xaeN\x1e'
11E8E149-C68A-B246-AF82-12DF17AE4E1E,2010-ncaa-d0-natl,ncaa,159,145,178,163,182,168,228,149,294,303,290,275,41,22,202,22,91,94,116,98,18,143,196,245,210,136,8,27,58,237,306,76,45,138,219,185,108,14,25,65,326,333,128,127,,,172,203,,,187,179,145,50,135,235,103,314,299,30,11,58,69,77,79,180,234,26,82,166,24,330,117,,207,,,186,202,164,203,102,139,173,100,237,249,174,241,248,236,211,238,237,216,156,122,145,245,268,230,244,118,45,322,306,274,219,161,173,318,330,296,7,14,145,244,,,100,48,,,187,167,158,229,189,243,199,268,155,209,258,275,264,258,255,288,200,143,330,302,192,319,16,158,,62,,,b'\x11\xe8\xe1I\xc6\x8a\xb2F\xaf\x82\x12\xdf\x17\xaeN\x1e'
11E8E149-C68A-B246-AF82-12DF17AE4E1E,2010-ncaa-d1-conf-ASUN,ncaa,2,3,3,3,3,2,4,4,5,8,8,6,1,1,2,1,2,3,3,3,2,4,5,4,3,2,1,1,4,7,7,3,1,5,6,4,3,1,1,1,7,7,4,4,,,5,5,,,3,4,7,1,2,6,4,9,8,1,1,3,3,3,4,6,7,2,5,4,1,8,4,,5,,,3,8,8,7,6,7,7,6,6,4,7,4,6,6,1,6,5,7,6,6,6,7,4,3,5,3,1,9,7,8,6,7,6,7,9,8,1,1,7,8,,,2,2,,,3,6,2,6,3,6,6,5,5,5,3,4,4,5,5,6,2,2,8,5,6,9,1,7,,4,,,b'\x11\xe8\xe1I\xc6\x8a\xb2F\xaf\x82\x12\xdf\x17\xaeN\x1e'
11E8E149-C68A-B246-AF82-12DF17AE4E1E,2010-ncaa-d1-natl,ncaa,166,145,191,167,197,182,244,164,300,316,310,279,46,25,202,20,99,103,114,106,18,157,220,247,213,138,8,27,57,258,310,84,46,152,227,195,110,12,25,68,333,336,133,129,,,153,203,,,194,201,146,47,139,240,107,316,300,29,11,60,72,78,83,180,237,26,84,169,25,332,121,,206,,,194,187,147,192,108,124,154,108,231,240,176,243,233,226,213,227,239,205,135,125,148,258,269,232,243,104,46,316,310,263,227,155,172,326,332,299,6,14,140,249,,,112,48,,,194,142,160,239,192,250,201,270,157,210,258,276,266,260,259,290,199,146,331,303,197,319,16,163,,61,,,b'\x11\xe8\xe1I\xc6\x8a\xb2F\xaf\x82\x12\xdf\x17\xaeN\x1e'
11E8E149-C68A-B246-AF82-12DF17AE4E1E,2011-ncaa-d0-natl,ncaa,229,264,119,252,129,231,271,242,271,313,310,264,83,67,170,37,139,156,139,156,30,230,213,219,194,228,12,38,79,281,296,100,162,180,243,169,24,222,261,205,325,335,149,133,,,223,235,,,244,181,258,63,269,302,292,333,325,82,62,152,163,168,288,283,300,98,226,176,210,335,151,,209,,,238,177,89,198,35,55,123,41,235,270,126,262,306,284,312,281,287,225,174,53,116,183,334,244,312,224,162,221,296,230,243,27,25,273,288,124,267,287,176,284,,,140,76,,,244,166,252,198,240,153,80,176,48,95,242,268,297,266,267,219,130,217,211,216,24,294,259,171,,145,,,b'\x11\xe8\xe1I\xc6\x8a\xb2F\xaf\x82\x12\xdf\x17\xaeN\x1e'
11E8E149-C68A-B246-AF82-12DF17AE4E1E,2011-ncaa-d1-conf-ASUN,ncaa,6,5,3,6,3,6,9,7,7,8,9,6,2,2,3,2,4,4,4,4,1,7,7,4,4,5,2,2,2,6,7,5,3,7,6,2,1,6,7,4,8,8,6,6,,,5,7,,,5,6,9,4,8,9,9,9,9,2,2,5,7,7,9,9,7,5,6,2,5,9,6,,3,,,5,2,2,4,1,2,2,2,2,4,3,5,8,8,9,8,8,5,3,1,4,4,9,3,9,1,3,6,7,4,6,1,1,8,6,1,8,9,4,8,,,5,5,,,5,3,5,3,5,2,1,1,1,1,2,3,7,7,7,1,1,2,5,2,1,9,8,4,,8,,,b'\x11\xe8\xe1I\xc6\x8a\xb2F\xaf\x82\x12\xdf\x17\xaeN\x1e'
11E8E149-C68A-B246-AF82-12DF17AE4E1E,2011-ncaa-d1-natl,ncaa,242,262,132,255,142,254,283,264,278,321,321,269,89,72,171,35,154,168,138,170,28,258,246,226,200,231,12,38,73,293,299,118,167,210,249,185,24,202,261,209,334,338,157,135,,,205,236,,,250,216,260,62,271,305,298,334,326,83,64,152,170,174,291,284,302,102,229,179,212,337,153,,211,,,247,157,76,174,39,43,106,43,225,261,127,262,302,271,315,266,288,202,146,57,123,190,334,241,313,209,167,206,299,215,249,21,25,290,294,135,257,290,162,289,,,158,71,,,250,133,253,208,251,161,81,181,51,101,242,269,299,267,266,221,133,217,213,219,24,298,262,177,,146,,,b'\x11\xe8\xe1I\xc6\x8a\xb2F\xaf\x82\x12\xdf\x17\xaeN\x1e'
11E8E149-C68A-B246-AF82-12DF17AE4E1E,2012-ncaa-d0-natl,ncaa,221,228,163,229,198,271,264,292,173,255,300,122,195,157,251,105,265,217,301,215,73,287,300,165,190,206,140,135,182,334,337,132,186,265,302,231,121,112,234,200,303,309,86,62,,,158,218,,,247,254,254,189,283,284,324,272,309,180,149,257,203,202,314,319,337,84,276,234,147,304,66,,178,,,245,114,62,155,40,43,124,23,218,200,228,205,245,218,268,219,257,172,117,64,86,175,316,270,288,220,186,228,337,225,302,30,50,294,303,163,213,284,173,280,,,176,33,,,247,84,265,210,251,151,99,184,52,160,230,218,263,241,244,206,121,247,257,271,51,300,225,189,,151,,,b'\x11\xe8\xe1I\xc6\x8a\xb2F\xaf\x82\x12\xdf\x17\xaeN\x1e'
11E8E149-C68A-B246-AF82-12DF17AE4E1E,2012-ncaa-d1-conf-ASUN,ncaa,3,3,5,3,8,7,9,10,2,9,8,3,6,6,5,4,7,7,8,7,3,10,10,3,3,3,4,4,5,10,10,3,5,9,8,7,3,1,6,4,10,10,2,2,,,2,5,,,3,10,9,8,9,9,10,8,8,6,6,7,5,5,10,10,10,1,10,6,2,10,1,,4,,,3,1,1,2,1,1,2,1,4,4,4,5,5,5,8,5,6,3,1,1,2,2,10,5,9,6,5,5,10,4,8,1,4,9,9,2,4,9,3,9,,,5,1,,,3,1,6,2,3,2,1,3,1,3,5,5,5,5,5,3,1,7,5,5,2,10,4,3,,4,,,b'\x11\xe8\xe1I\xc6\x8a\xb2F\xaf\x82\x12\xdf\x17\xaeN\x1e'
11E8E149-C68A-B246-AF82-12DF17AE4E1E,2012-ncaa-d1-natl,ncaa,234,227,196,238,238,285,282,317,177,279,311,126,204,163,254,104,275,233,300,228,72,308,321,172,197,215,135,134,178,338,338,147,191,291,308,249,121,98,234,208,317,311,89,63,,,133,223,,,252,286,254,180,288,292,325,280,310,180,149,256,208,204,318,319,337,85,281,240,150,308,66,,183,,,257,97,50,125,44,34,106,26,209,181,232,205,235,204,272,205,255,141,82,67,90,187,314,269,288,201,191,205,338,201,308,24,52,310,307,171,195,287,165,285,,,193,28,,,252,55,272,216,261,161,101,185,58,166,231,217,268,243,246,211,121,249,262,273,51,301,226,193,,152,,,b'\x11\xe8\xe1I\xc6\x8a\xb2F\xaf\x82\x12\xdf\x17\xaeN\x1e'
11E8E149-C68A-B246-AF82-12DF17AE4E1E,2013-ncaa-d0-natl,ncaa,113,126,80,126,94,138,148,151,138,168,173,171,115,143,87,145,128,189,35,193,185,160,204,133,115,81,119,130,154,301,326,50,37,147,184,133,127,37,51,58,314,320,83,71,,,301,317,,,104,159,257,215,178,192,233,207,240,128,162,155,230,230,241,304,327,48,212,154,27,324,82,,278,,,103,119,29,135,16,42,191,10,92,96,125,72,337,334,297,335,338,203,167,14,56,107,323,105,343,79,37,288,326,219,184,9,33,245,275,75,119,151,104,117,,,88,25,,,104,188,123,89,100,67,13,47,26,110,68,68,331,322,326,108,63,52,247,152,6,295,98,91,,119,,,b'\x11\xe8\xe1I\xc6\x8a\xb2F\xaf\x82\x12\xdf\x17\xaeN\x1e'
11E8E149-C68A-B246-AF82-12DF17AE4E1E,2013-ncaa-d1-conf-OVC,ncaa,3,4,2,4,4,7,6,9,5,6,6,6,8,9,7,9,4,8,3,7,7,8,8,5,5,5,6,8,3,9,8,4,5,5,6,7,6,2,2,5,9,10,3,3,,,9,9,,,3,8,11,7,8,9,11,8,7,8,9,6,7,6,11,11,10,3,7,8,2,10,3,,8,,,3,1,1,5,1,1,8,1,1,2,5,2,11,11,9,12,11,5,5,1,1,1,8,3,12,6,5,8,8,8,6,1,2,6,5,1,8,8,5,4,,,3,1,,,3,6,6,1,3,1,1,1,1,5,1,1,9,8,10,1,1,5,5,4,1,6,6,3,,3,,,b'\x11\xe8\xe1I\xc6\x8a\xb2F\xaf\x82\x12\xdf\x17\xaeN\x1e'
11E8E149-C68A-B246-AF82-12DF17AE4E1E,2013-ncaa-d1-natl,ncaa,121,126,90,130,111,148,159,173,143,189,197,178,120,151,86,147,138,201,35,204,185,185,233,134,119,83,116,130,150,308,328,61,41,164,189,145,128,27,54,58,323,326,89,74,,,295,317,,,113,179,262,210,188,203,237,213,244,128,163,154,229,229,248,304,328,49,220,160,27,331,83,,279,,,113,102,21,107,19,33,168,10,84,83,132,72,337,330,298,332,339,184,137,16,62,119,320,104,343,65,41,276,328,204,189,6,36,269,283,77,113,154,98,123,,,96,25,,,113,167,131,95,110,72,14,48,28,111,71,68,333,322,325,110,63,52,249,157,7,296,97,89,,116,,,b'\x11\xe8\xe1I\xc6\x8a\xb2F\xaf\x82\x12\xdf\x17\xaeN\x1e'
11E8E149-C68A-B246-AF82-12DF17AE4E1E,2014-ncaa-d0-natl,ncaa,180,224,85,203,108,175,186,170,232,218,225,197,120,93,219,94,154,188,52,189,144,174,185,206,175,161,94,109,136,203,225,145,62,161,152,173,131,116,120,136,303,316,289,312,,,117,135,,,217,181,290,216,236,257,249,261,272,134,110,191,232,234,260,287,242,201,230,211,77,326,305,,72,,,211,221,255,198,268,262,240,221,189,121,313,101,113,114,167,118,88,193,152,258,240,288,87,160,89,64,62,219,225,152,152,209,143,274,289,285,52,71,338,337,,,116,65,,,217,177,172,250,209,168,221,133,223,213,159,89,90,91,95,99,42,41,170,89,179,310,45,334,,162,,,b'\x11\xe8\xe1I\xc6\x8a\xb2F\xaf\x82\x12\xdf\x17\xaeN\x1e'
11E8E149-C68A-B246-AF82-12DF17AE4E1E,2014-ncaa-d1-conf-OVC,ncaa,2,2,3,2,3,6,7,5,10,8,8,7,4,4,8,4,8,9,4,9,11,5,7,8,7,5,4,4,10,5,5,6,2,3,5,3,3,3,4,2,8,8,10,11,,,1,3,,,2,7,12,4,10,8,8,9,9,4,4,10,11,11,10,10,5,7,8,5,3,8,10,,2,,,2,3,8,6,7,10,10,6,3,3,7,3,1,1,4,1,2,5,5,6,2,3,2,4,1,2,2,8,5,6,5,5,6,8,7,9,2,2,12,11,,,7,5,,,2,6,5,2,2,1,5,6,7,9,4,3,1,1,1,2,1,2,4,3,5,10,2,12,,9,,,b'\x11\xe8\xe1I\xc6\x8a\xb2F\xaf\x82\x12\xdf\x17\xaeN\x1e'
11E8E149-C68A-B246-AF82-12DF17AE4E1E,2014-ncaa-d1-natl,ncaa,191,223,100,211,126,193,211,194,239,236,245,202,129,103,220,95,170,214,51,212,146,201,217,207,178,170,93,107,133,219,229,177,64,188,155,192,135,98,123,144,309,318,299,316,,,104,135,,,226,213,291,219,243,260,252,269,275,134,110,195,237,236,262,289,246,209,241,218,77,327,308,,76,,,224,200,242,179,278,253,220,226,178,106,315,100,104,103,170,107,89,170,117,271,249,296,83,160,90,54,64,199,229,134,155,201,141,293,292,293,45,72,335,337,,,132,68,,,226,148,180,264,220,174,230,134,232,216,156,84,93,91,94,101,41,41,173,90,183,314,44,333,,161,,,b'\x11\xe8\xe1I\xc6\x8a\xb2F\xaf\x82\x12\xdf\x17\xaeN\x1e'
11E8E149-C68A-B246-AF82-12DF17AE4E1E,2015-ncaa-d0-natl,ncaa,188,189,172,200,211,207,186,217,145,241,277,127,86,90,107,61,311,299,266,299,248,239,234,109,143,174,109,51,328,221,214,74,19,127,58,97,32,187,230,112,343,345,215,264,,,25,42,,,218,232,218,187,205,180,210,252,292,71,83,322,311,309,251,246,225,34,92,73,204,345,216,,31,,,217,167,246,237,204,255,276,157,166,130,279,111,34,30,170,30,15,198,103,187,138,261,52,170,25,42,19,137,214,78,58,147,73,339,342,314,86,124,207,273,,,299,306,,,218,134,176,226,210,196,279,300,293,320,187,132,46,41,44,251,99,48,153,88,158,338,110,218,,316,,,b'\x11\xe8\xe1I\xc6\x8a\xb2F\xaf\x82\x12\xdf\x17\xaeN\x1e'
11E8E149-C68A-B246-AF82-12DF17AE4E1E,2015-ncaa-d1-conf-OVC,ncaa,4,4,3,4,3,6,5,5,6,9,10,5,2,3,6,2,9,8,10,9,8,8,6,4,6,6,2,1,12,7,7,1,1,2,2,2,1,7,7,3,12,12,4,5,,,2,2,,,5,6,10,9,10,9,11,11,12,4,3,11,11,11,11,11,10,2,3,2,4,12,5,,1,,,5,4,8,10,1,7,11,1,9,8,9,7,4,2,8,2,1,8,7,1,1,4,5,9,3,4,1,6,7,5,2,4,2,12,12,10,2,4,8,9,,,8,9,,,5,7,6,4,5,3,5,9,5,9,6,6,2,2,2,8,3,3,5,4,1,12,4,8,,12,,,b'\x11\xe8\xe1I\xc6\x8a\xb2F\xaf\x82\x12\xdf\x17\xaeN\x1e'
11E8E149-C68A-B246-AF82-12DF17AE4E1E,2015-ncaa-d1-natl,ncaa,206,207,143,217,178,200,176,206,155,229,277,121,88,82,135,59,318,297,297,294,241,225,217,117,158,184,114,58,329,217,213,60,19,116,64,89,35,186,222,112,345,345,214,261,,,35,45,,,233,215,214,194,210,183,200,250,288,76,76,327,304,302,240,233,219,34,94,75,200,345,213,,38,,,234,202,268,264,214,270,278,175,190,145,279,122,40,39,183,39,22,218,119,201,162,279,63,181,29,38,19,165,213,99,64,156,77,339,340,318,92,117,201,270,,,296,300,,,233,150,193,243,224,216,285,302,293,315,202,155,53,47,48,258,103,45,170,102,166,338,108,208,,312,,,b'\x11\xe8\xe1I\xc6\x8a\xb2F\xaf\x82\x12\xdf\x17\xaeN\x1e'
11E8E149-C68A-B246-AF82-12DF17AE4E1E,2016-ncaa-d0-natl,ncaa,65,43,114,55,131,57,54,117,25,92,185,27,37,78,12,89,145,167,99,171,149,119,146,14,14,13,107,68,273,102,34,33,29,46,15,20,31,81,67,21,343,346,172,239,,,36,27,,,44,169,224,107,28,32,115,85,207,30,75,142,181,190,126,179,102,12,15,12,70,346,181,,25,,,38,207,266,298,128,275,311,84,201,169,250,120,38,23,303,25,14,255,168,118,83,236,72,190,27,102,29,26,34,40,15,86,13,345,347,301,19,15,244,251,,,196,235,,,44,189,10,208,36,194,253,319,257,324,201,162,37,22,24,263,113,94,28,34,76,346,16,236,,230,,,b'\x11\xe8\xe1I\xc6\x8a\xb2F\xaf\x82\x12\xdf\x17\xaeN\x1e'
11E8E149-C68A-B246-AF82-12DF17AE4E1E,2016-ncaa-d1-conf-OVC,ncaa,1,1,1,1,2,1,1,2,2,4,7,2,3,3,2,3,3,3,7,3,3,2,2,2,2,2,4,3,9,1,1,1,1,1,1,1,1,4,2,2,11,12,4,7,,,4,2,,,2,4,11,3,2,2,7,7,8,3,3,6,6,6,6,9,3,1,1,1,2,12,6,,1,,,2,7,8,11,2,9,12,2,5,4,5,3,4,4,11,4,1,11,10,3,1,5,3,6,4,5,1,2,1,4,1,4,1,12,12,8,3,1,9,8,,,2,4,,,2,10,1,3,2,3,5,8,6,11,3,3,3,2,2,6,2,1,1,1,1,12,1,7,,6,,,b'\x11\xe8\xe1I\xc6\x8a\xb2F\xaf\x82\x12\xdf\x17\xaeN\x1e'
11E8E149-C68A-B246-AF82-12DF17AE4E1E,2016-ncaa-d1-natl,ncaa,47,43,51,49,65,31,36,67,26,76,158,29,25,55,12,79,114,132,84,136,141,72,89,14,14,13,87,62,266,67,31,19,26,26,14,13,29,105,61,22,341,347,147,223,,,45,23,,,31,106,224,125,25,33,112,96,220,22,66,137,177,185,121,177,97,11,14,12,66,347,172,,21,,,31,243,293,322,108,292,328,76,236,232,231,151,38,24,297,30,12,300,233,102,70,205,79,209,21,136,26,47,31,57,14,104,13,337,346,287,30,17,260,247,,,161,228,,,31,249,8,185,27,175,237,312,238,315,215,192,27,18,20,253,110,86,28,34,68,345,19,231,,224,,,b'\x11\xe8\xe1I\xc6\x8a\xb2F\xaf\x82\x12\xdf\x17\xaeN\x1e'
11E8E149-C68A-B246-AF82-12DF17AE4E1E,2016-ncaa-d1-ncaatournament,ncaa,33,2,33,33,33,41,41,51,30,45,48,34,38,49,27,24,43,46,29,46,36,53,63,30,29,20,25,24,35,56,57,41,29,50,47,42,34,2,8,10,53,54,50,54,,,3,5,,,40,62,55,1,34,34,46,41,44,25,32,38,42,40,50,62,54,29,48,35,2,51,45,,4,,,45,15,22,24,47,25,31,42,13,11,46,12,2,2,32,2,3,15,12,44,41,48,4,18,2,16,29,10,57,11,47,3,1,57,53,32,5,16,7,26,,,50,33,,,40,9,26,49,39,43,53,50,57,63,19,15,5,5,5,35,24,27,35,33,7,52,11,16,,46,,,b'\x11\xe8\xe1I\xc6\x8a\xb2F\xaf\x82\x12\xdf\x17\xaeN\x1e'
11E8E149-C68A-B246-AF82-12DF17AE4E1E,2017-ncaa-d0-natl,ncaa,21,10,74,15,96,30,36,81,15,71,178,14,17,39,14,70,58,69,95,68,35,75,91,8,8,10,60,66,211,81,34,22,4,29,3,20,35,113,51,17,349,349,51,108,,,53,35,,,26,108,173,206,17,24,114,92,250,17,48,58,77,81,94,149,91,8,14,12,60,349,58,,30,,,22,255,308,303,199,337,330,166,67,77,102,22,61,65,116,70,14,295,203,139,90,261,6,31,33,35,4,46,34,25,3,208,49,348,349,342,39,30,86,105,,,56,64,,,26,252,8,203,20,206,283,309,328,343,45,42,54,55,58,277,87,19,24,11,150,348,33,68,,59,,,b'\x11\xe8\xe1I\xc6\x8a\xb2F\xaf\x82\x12\xdf\x17\xaeN\x1e'
11E8E149-C68A-B246-AF82-12DF17AE4E1E,2017-ncaa-d1-conf-OVC,ncaa,1,1,1,1,2,1,1,4,1,1,8,1,1,2,1,4,2,2,5,2,1,1,1,1,1,1,3,3,6,3,2,1,1,1,1,1,3,9,6,1,12,12,2,4,,,2,1,,,1,2,9,10,1,1,10,3,12,2,4,3,3,3,7,8,5,1,1,1,4,12,2,,1,,,1,8,11,12,1,12,12,1,4,4,3,1,3,5,1,5,1,12,10,1,1,3,1,3,3,7,1,1,2,2,1,3,2,12,12,12,5,4,2,2,,,1,1,,,1,11,1,3,1,2,6,12,10,12,2,2,1,2,2,12,2,2,1,1,2,12,2,2,,2,,,b'\x11\xe8\xe1I\xc6\x8a\xb2F\xaf\x82\x12\xdf\x17\xaeN\x1e'
11E8E149-C68A-B246-AF82-12DF17AE4E1E,2017-ncaa-d1-natl,ncaa,17,10,56,13,77,23,26,74,15,70,189,14,13,31,14,56,57,61,111,60,35,60,83,8,8,9,52,56,232,82,35,17,4,25,3,14,27,101,51,14,349,349,51,108,,,40,36,,,26,84,183,214,17,23,122,102,269,15,45,62,79,81,96,159,100,10,16,11,60,349,57,,25,,,24,277,325,313,206,341,336,171,91,99,125,34,56,57,123,63,12,306,221,152,98,273,7,46,29,31,4,37,35,19,3,224,55,349,349,341,41,30,77,102,,,50,64,,,26,269,7,209,21,202,288,307,323,339,58,56,49,48,53,266,82,19,23,11,157,348,30,57,,65,,,b'\x11\xe8\xe1I\xc6\x8a\xb2F\xaf\x82\x12\xdf\x17\xaeN\x1e'
11E8E149-C68A-B246-AF82-12DF17AE4E1E,2017-ncaa-d1-ncaatournament,ncaa,33,2,33,33,33,33,34,52,12,39,49,25,31,47,9,21,56,58,23,58,56,55,58,12,14,13,24,13,60,50,15,43,23,43,14,35,36,15,35,25,62,62,31,20,,,22,58,,,26,58,57,6,22,17,38,29,40,11,24,54,58,58,50,54,39,35,36,23,29,62,16,,47,,,28,13,10,14,44,11,15,29,15,12,52,26,18,21,30,17,45,15,3,43,44,57,42,34,46,10,23,1,15,2,14,16,48,60,60,61,4,12,5,14,,,60,56,,,26,4,14,56,37,36,28,19,27,24,34,22,39,44,41,20,4,15,3,3,42,60,8,9,,58,,,b'\x11\xe8\xe1I\xc6\x8a\xb2F\xaf\x82\x12\xdf\x17\xaeN\x1e'
11E8E149-C68A-B246-AF82-12DF17AE4E1E,2018-ncaa-d0-natl,ncaa,7,7,25,7,34,24,26,46,16,91,260,4,4,5,35,11,101,111,122,114,36,54,69,5,8,7,26,15,304,72,68,6,23,18,13,11,15,54,36,6,332,343,57,128,,,78,23,,,9,74,280,250,28,32,129,155,331,8,12,167,189,195,134,253,145,6,15,9,26,343,78,,18,,,8,211,263,327,25,287,337,30,135,232,26,91,79,57,273,60,8,319,274,17,13,87,37,107,62,230,23,129,68,171,13,44,6,332,344,250,10,11,156,209,,,64,125,,,9,279,6,88,7,62,127,301,185,327,62,121,27,20,19,246,72,121,35,46,12,345,8,91,,173,,,b'\x11\xe8\xe1I\xc6\x8a\xb2F\xaf\x82\x12\xdf\x17\xaeN\x1e'
11E8E149-C68A-B246-AF82-12DF17AE4E1E,2018-ncaa-d1-conf-OVC,ncaa,1,1,1,1,2,1,1,1,1,5,10,1,1,1,1,1,8,9,8,9,7,2,2,1,1,1,1,1,12,2,2,1,1,1,1,1,1,2,2,1,11,12,3,3,,,1,1,,,1,3,11,10,1,1,5,6,12,1,1,10,10,10,6,12,6,1,1,1,2,12,3,,1,,,1,5,8,12,1,8,12,1,7,10,1,7,1,1,4,1,1,12,11,1,1,1,1,10,1,10,1,5,2,6,1,2,1,11,12,8,1,1,3,9,,,6,8,,,1,10,1,2,1,1,4,12,4,11,5,6,1,1,1,8,4,8,1,3,1,12,1,2,,10,,,b'\x11\xe8\xe1I\xc6\x8a\xb2F\xaf\x82\x12\xdf\x17\xaeN\x1e'
11E8E149-C68A-B246-AF82-12DF17AE4E1E,2018-ncaa-d1-natl,ncaa,7,7,16,7,23,19,23,36,16,95,274,4,3,4,26,11,101,120,114,121,34,45,58,5,6,6,20,11,306,80,82,4,19,10,13,9,12,50,36,7,334,342,49,123,,,72,24,,,8,63,282,250,27,33,134,181,337,6,11,172,196,199,144,262,164,5,15,10,27,342,75,,19,,,7,215,268,336,23,293,339,27,127,235,24,92,79,55,271,58,9,327,289,17,12,87,36,97,62,223,19,138,82,170,13,47,8,335,344,246,9,11,152,211,,,58,129,,,8,289,5,79,6,60,127,295,188,320,60,120,24,20,18,243,71,117,35,44,12,343,8,83,,178,,,b'\x11\xe8\xe1I\xc6\x8a\xb2F\xaf\x82\x12\xdf\x17\xaeN\x1e'
11E8E149-C68A-B246-AF82-12DF17AE4E1E,2018-ncaa-d1-ncaatournament,ncaa,33,2,33,33,34,51,47,58,43,59,62,51,26,34,15,3,57,54,61,53,37,61,55,30,43,48,5,3,59,37,14,44,47,41,32,41,14,24,58,45,62,62,29,15,,,26,62,,,41,61,63,7,50,46,55,59,61,5,7,57,53,52,60,53,17,35,31,31,52,62,14,,56,,,45,6,3,6,20,13,13,26,5,9,14,18,30,28,41,28,52,8,3,18,27,37,39,13,63,21,47,7,14,10,32,8,32,60,57,49,25,58,20,58,,,46,34,,,41,1,46,45,49,25,11,10,28,26,10,15,57,57,57,21,5,48,20,28,21,57,51,40,,38,,,b'\x11\xe8\xe1I\xc6\x8a\xb2F\xaf\x82\x12\xdf\x17\xaeN\x1e'
11E8E149-C68A-B246-AF82-12DF17AE4E1E,2019-ncaa-d0-natl,ncaa,18,18,47,20,71,31,41,73,25,149,310,9,4,5,38,5,145,142,203,136,21,75,106,10,17,12,14,6,315,134,133,25,37,41,32,27,69,38,38,18,292,321,266,297,,,82,50,,,13,105,290,224,29,45,139,244,342,4,5,211,200,193,154,265,187,26,54,30,23,325,298,,33,,,11,172,199,299,37,162,268,42,261,298,100,265,64,63,153,53,37,276,226,45,37,103,198,279,57,174,37,162,133,169,32,143,87,309,332,269,25,25,176,271,,,81,104,,,13,238,11,104,12,62,100,234,72,183,206,260,36,34,29,156,54,89,71,61,78,336,20,136,,152,,,b'\x11\xe8\xe1I\xc6\x8a\xb2F\xaf\x82\x12\xdf\x17\xaeN\x1e'
11E8E149-C68A-B246-AF82-12DF17AE4E1E,2019-ncaa-d1-conf-OVC,ncaa,1,1,1,1,1,1,1,3,1,4,12,1,1,1,1,1,5,4,5,4,2,3,3,1,1,1,1,1,10,5,4,1,1,1,1,1,1,2,2,1,10,11,9,11,,,1,1,,,1,3,12,5,1,1,4,7,12,1,1,6,6,5,5,9,8,1,2,1,1,12,11,,1,,,1,5,8,12,1,8,11,1,11,12,4,10,1,1,4,1,1,11,10,1,1,3,5,12,1,6,1,4,4,2,1,5,4,10,11,10,2,1,6,9,,,3,3,,,1,10,1,2,1,1,3,10,3,9,9,10,1,1,1,8,1,2,1,1,3,12,1,5,,7,,,b'\x11\xe8\xe1I\xc6\x8a\xb2F\xaf\x82\x12\xdf\x17\xaeN\x1e'
11E8E149-C68A-B246-AF82-12DF17AE4E1E,2019-ncaa-d1-natl,ncaa,26,18,62,23,94,42,53,104,25,184,331,10,5,7,37,5,176,165,198,158,21,98,151,11,18,14,11,6,315,164,146,29,39,51,37,37,71,30,40,20,312,325,284,304,,,58,49,,,18,158,293,221,38,51,149,253,344,4,6,212,205,198,168,272,204,29,60,34,22,326,305,,33,,,15,136,166,280,42,135,242,49,248,285,112,263,54,53,163,44,35,259,173,50,43,129,193,280,60,142,39,128,146,125,37,120,92,320,336,276,19,26,166,279,,,111,106,,,18,180,12,123,14,72,109,238,79,188,207,258,35,37,30,163,52,93,72,62,89,338,20,146,,156,,,b'\x11\xe8\xe1I\xc6\x8a\xb2F\xaf\x82\x12\xdf\x17\xaeN\x1e'
11E8E149-C68A-B246-AF82-12DF17AE4E1E,2019-ncaa-d1-ncaatournament,ncaa,33,2,33,33,36,54,56,61,47,55,59,40,46,47,46,10,43,47,12,47,24,62,59,45,43,47,10,9,23,51,36,64,61,63,56,49,22,25,59,55,62,62,44,45,,,7,19,,,52,60,60,7,54,56,61,55,59,25,19,33,41,42,62,59,44,64,63,46,53,62,38,,11,,,53,13,19,10,62,28,14,63,5,10,29,23,5,5,10,5,12,5,3,60,57,53,4,11,10,22,61,4,36,7,56,8,8,46,17,23,12,40,31,62,,,42,7,,,52,1,50,57,56,37,49,13,55,26,10,15,11,12,9,6,4,42,17,24,24,23,24,56,,21,,,b'\x11\xe8\xe1I\xc6\x8a\xb2F\xaf\x82\x12\xdf\x17\xaeN\x1e'
11E8E149-C68A-B246-AF82-12DF17AE4E1E,2020-ncaa-d0-natl,ncaa,39,55,33,54,53,123,157,173,151,241,305,76,47,24,181,31,116,142,119,155,43,169,122,103,95,150,36,49,145,90,86,4,24,6,16,95,72,289,261,185,319,333,286,309,,,107,77,,,80,153,271,138,184,212,270,296,332,61,37,156,186,196,264,240,134,2,7,126,241,334,303,,65,,,82,103,125,313,11,70,215,19,256,341,22,329,54,53,180,53,44,291,208,15,10,52,265,312,70,185,24,126,86,139,16,84,94,329,342,261,203,166,102,199,,,182,221,,,80,203,131,50,73,46,55,285,37,148,230,333,31,32,31,232,91,130,70,69,55,341,159,76,,244,,,b'\x11\xe8\xe1I\xc6\x8a\xb2F\xaf\x82\x12\xdf\x17\xaeN\x1e'
11E8E149-C68A-B246-AF82-12DF17AE4E1E,2020-ncaa-d1-conf-OVC,ncaa,2,1,3,2,4,3,4,6,3,5,9,2,3,2,5,3,2,2,5,2,2,5,4,2,2,4,3,3,5,2,2,1,1,1,1,3,3,9,7,4,10,11,11,12,,,4,2,,,2,5,9,9,3,4,11,8,11,3,3,3,4,4,9,8,7,1,1,4,7,11,12,,1,,,2,2,4,11,1,1,9,1,8,12,1,12,1,1,6,1,2,11,7,1,1,1,8,12,1,6,1,1,2,1,1,2,3,12,12,10,5,5,4,7,,,6,8,,,2,8,3,1,2,1,2,10,1,5,7,12,1,1,1,7,2,5,1,3,2,12,5,3,,8,,,b'\x11\xe8\xe1I\xc6\x8a\xb2F\xaf\x82\x12\xdf\x17\xaeN\x1e'
11E8E149-C68A-B246-AF82-12DF17AE4E1E,2020-ncaa-d1-natl,ncaa,47,55,45,57,72,158,192,210,164,283,322,79,55,30,188,30,136,166,118,182,42,210,163,108,100,156,35,48,139,113,94,4,25,7,18,115,76,273,269,192,329,336,298,311,,,87,78,,,93,199,274,132,192,231,275,303,335,61,38,157,188,197,266,248,144,2,7,135,242,339,304,,69,,,92,83,98,299,11,49,188,20,247,333,25,327,50,47,184,46,45,273,156,15,10,58,266,312,72,171,25,96,94,115,18,70,97,339,345,272,182,171,93,207,,,216,217,,,93,157,140,57,84,53,59,287,38,150,230,330,34,33,33,236,92,137,70,72,58,343,158,83,,240,,,b'\x11\xe8\xe1I\xc6\x8a\xb2F\xaf\x82\x12\xdf\x17\xaeN\x1e'
11E8E149-C68A-B246-AF82-12DF17AE4E1E,2021-ncaa-d0-natl,ncaa,18,43,26,28,35,39,32,39,49,64,113,28,16,15,69,26,190,195,177,192,255,51,58,30,43,37,89,30,335,56,116,114,299,85,224,25,79,212,67,32,6,11,113,153,,,303,251,,,21,64,295,224,99,69,149,164,292,25,28,306,308,304,208,280,162,309,283,41,45,19,194,,198,,,32,232,233,246,134,230,223,190,216,258,70,210,251,289,28,292,272,249,282,132,109,50,203,161,222,318,299,272,116,291,224,269,264,15,27,70,215,99,167,126,,,168,321,,,21,279,29,81,29,43,44,27,59,34,90,126,127,189,195,30,70,226,71,111,138,52,79,64,,328,,,b'\x11\xe8\xe1I\xc6\x8a\xb2F\xaf\x82\x12\xdf\x17\xaeN\x1e'
11E8E149-C68A-B246-AF82-12DF17AE4E1E,2021-ncaa-d1-conf-OVC,ncaa,2,1,6,2,6,4,3,5,2,6,11,1,1,2,2,2,11,11,8,11,10,7,9,1,2,2,2,2,12,4,2,10,10,9,6,2,3,1,2,1,1,1,6,4,,,3,7,,,1,10,12,3,1,1,2,4,11,1,2,11,11,11,4,8,5,10,10,2,1,1,4,,7,,,1,2,2,2,3,1,2,4,5,4,7,8,2,1,7,2,7,2,4,5,4,2,9,9,7,6,10,1,2,2,6,4,10,2,1,2,2,3,2,5,,,11,12,,,1,3,1,3,1,1,2,3,2,3,5,6,3,3,3,1,5,6,2,2,5,1,1,3,,11,,,b'\x11\xe8\xe1I\xc6\x8a\xb2F\xaf\x82\x12\xdf\x17\xaeN\x1e'
11E8E149-C68A-B246-AF82-12DF17AE4E1E,2021-ncaa-d1-natl,ncaa,21,43,30,29,43,42,40,47,51,72,130,29,17,17,71,26,200,208,178,204,255,60,70,33,47,38,86,30,336,65,123,133,300,105,232,27,80,198,69,34,9,12,120,155,,,296,252,,,25,76,298,225,100,74,156,170,294,25,29,308,310,307,212,282,167,309,289,42,45,20,199,,197,,,34,217,217,228,142,218,211,195,205,248,73,210,245,283,30,285,273,237,272,136,119,58,198,156,221,313,300,260,123,284,232,262,267,20,28,75,203,101,159,131,,,181,321,,,25,264,32,86,33,43,43,25,62,32,90,124,134,189,196,30,69,231,75,116,145,56,77,65,,329,,,b'\x11\xe8\xe1I\xc6\x8a\xb2F\xaf\x82\x12\xdf\x17\xaeN\x1e'
11E8E149-C68A-B246-AF82-12DF17AE4E1E,2021-ncaa-d1-ncaatournament,ncaa,17,2,17,17,18,31,27,22,42,24,27,28,25,13,52,10,38,40,23,40,53,26,30,43,46,41,41,32,52,27,45,32,41,32,54,26,38,26,6,12,24,20,29,36,,,46,57,,,41,31,55,7,46,38,31,34,42,33,12,53,55,53,43,53,43,59,59,36,4,25,37,,49,,,37,40,42,33,52,47,37,55,13,25,17,9,50,51,20,51,53,33,34,48,48,43,10,5,49,28,41,50,45,45,54,43,44,24,17,35,27,13,22,13,,,30,43,,,41,34,40,41,41,25,26,3,43,15,3,4,44,48,48,3,5,17,52,41,35,26,11,10,,50,,,b'\x11\xe8\xe1I\xc6\x8a\xb2F\xaf\x82\x12\xdf\x17\xaeN\x1e'
11E8E149-C68A-B246-AF82-12DF17AE4E1E,2022-ncaa-d0-natl,ncaa,43,35,79,38,92,69,67,101,57,153,268,15,19,14,90,17,222,213,234,212,112,109,139,26,40,26,46,24,330,127,142,149,219,144,155,45,61,46,40,15,57,43,56,70,,,117,80,,,22,147,303,138,73,67,143,200,334,17,19,274,262,261,186,268,173,235,223,30,20,77,60,,54,,,19,92,111,194,69,174,266,39,46,43,126,27,154,154,169,158,93,188,217,42,48,30,68,62,217,242,219,181,142,205,155,82,89,78,82,43,23,20,91,161,,,122,124,,,22,209,26,41,18,26,49,74,114,224,19,12,105,106,108,57,88,192,78,121,44,116,17,51,,179,,,b'\x11\xe8\xe1I\xc6\x8a\xb2F\xaf\x82\x12\xdf\x17\xaeN\x1e'
11E8E149-C68A-B246-AF82-12DF17AE4E1E,2022-ncaa-d1-conf-OVC,ncaa,1,1,1,1,5,2,1,3,2,5,8,1,1,1,4,1,7,5,8,6,5,3,4,1,2,2,2,1,10,4,3,2,5,3,4,1,2,1,1,1,5,4,1,1,,,2,2,,,1,6,7,6,2,1,4,5,9,1,1,7,7,7,4,6,5,2,3,1,1,5,1,,2,,,1,1,1,6,1,2,7,1,2,2,5,3,4,3,3,3,3,2,6,1,1,1,6,7,4,8,5,5,3,7,4,1,2,3,4,1,1,1,1,1,,,4,4,,,1,5,1,1,1,1,1,4,1,5,2,2,3,3,3,2,4,7,4,4,1,5,1,1,,4,,,b'\x11\xe8\xe1I\xc6\x8a\xb2F\xaf\x82\x12\xdf\x17\xaeN\x1e'
11E8E149-C68A-B246-AF82-12DF17AE4E1E,2022-ncaa-d1-natl,ncaa,48,35,100,41,121,88,80,124,59,186,298,16,25,17,92,17,251,239,235,237,111,139,182,28,43,28,39,21,328,156,155,191,229,178,169,53,60,30,43,16,75,54,61,73,,,88,82,,,24,195,307,134,79,72,156,212,336,19,22,277,263,263,193,279,185,249,242,35,22,88,65,,56,,,20,72,86,153,78,156,255,42,31,27,135,26,134,129,185,133,95,140,170,47,51,39,65,61,215,217,229,145,155,173,169,60,93,104,93,48,18,21,78,174,,,140,111,,,24,162,27,54,19,30,53,76,126,227,20,11,109,109,111,62,81,196,81,127,51,126,18,53,,181,,,b'\x11\xe8\xe1I\xc6\x8a\xb2F\xaf\x82\x12\xdf\x17\xaeN\x1e'
11E8E149-C68A-B246-AF82-12DF17AE4E1E,2022-ncaa-d1-ncaatournament,ncaa,17,2,17,17,17,25,22,17,45,30,27,39,11,9,38,5,36,31,63,31,42,18,21,36,47,33,9,4,62,15,25,26,54,21,45,21,21,31,9,5,15,24,44,58,,,39,14,,,24,19,63,2,22,20,5,43,43,3,4,58,46,46,9,14,13,29,15,12,11,14,52,,20,,,24,46,47,51,30,52,52,38,20,39,2,15,34,36,26,37,6,50,49,23,21,23,6,11,17,51,54,50,25,51,45,53,49,27,44,51,25,9,62,66,,,24,39,,,24,49,32,30,24,35,46,64,56,63,10,27,15,18,19,60,59,57,57,60,52,34,11,62,,28,,,b'\x11\xe8\xe1I\xc6\x8a\xb2F\xaf\x82\x12\xdf\x17\xaeN\x1e'
11E8E149-C68A-B246-AF82-12DF17AE4E1E,2023-ncaa-d0-natl,ncaa,47,91,17,77,25,34,41,48,48,96,179,28,11,11,54,40,55,41,221,40,28,42,54,32,33,28,43,44,204,159,252,41,248,69,238,47,136,115,44,37,249,334,43,78,,,308,167,,,94,40,224,278,58,84,185,204,319,25,41,128,118,121,158,259,272,126,204,91,27,326,69,,164,,,98,342,335,342,140,323,336,115,313,315,226,176,324,316,235,318,215,343,334,148,164,258,256,209,239,351,248,336,252,348,238,282,113,190,329,275,63,17,262,270,,,38,63,,,94,323,35,290,102,241,213,267,176,241,236,213,261,252,245,273,178,296,181,242,150,316,11,190,,122,,,b'\x11\xe8\xe1I\xc6\x8a\xb2F\xaf\x82\x12\xdf\x17\xaeN\x1e'
11E8E149-C68A-B246-AF82-12DF17AE4E1E,2023-ncaa-d1-conf-MVC,ncaa,1,1,1,1,1,2,3,3,2,4,8,2,1,1,4,2,7,7,9,7,6,4,4,2,2,2,5,3,11,7,8,2,8,3,7,2,7,3,3,3,7,8,4,4,,,6,3,,,3,3,7,5,3,5,4,5,11,2,1,9,8,8,5,7,8,3,4,4,3,7,4,,3,,,4,8,6,11,3,5,8,2,9,12,4,8,8,9,5,8,6,11,10,3,3,4,10,11,7,12,8,9,8,11,7,6,3,5,9,6,1,1,9,9,,,7,8,,,3,10,3,6,4,5,4,8,3,6,9,11,6,5,5,8,7,11,7,9,4,7,1,7,,9,,,b'\x11\xe8\xe1I\xc6\x8a\xb2F\xaf\x82\x12\xdf\x17\xaeN\x1e'
11E8E149-C68A-B246-AF82-12DF17AE4E1E,2023-ncaa-d1-natl,ncaa,52,91,18,83,29,37,45,59,49,116,222,28,14,15,60,40,67,50,215,49,27,52,71,32,35,28,37,42,204,189,271,49,258,85,254,53,143,81,45,40,278,338,47,79,,,292,174,,,110,46,230,277,60,88,202,215,321,26,41,129,119,119,178,271,284,136,223,102,27,334,71,,168,,,120,341,333,339,160,319,333,128,311,305,239,177,314,310,244,310,220,342,327,169,188,285,256,208,238,349,258,323,271,347,254,272,115,224,333,285,52,18,257,279,,,44,59,,,110,314,36,308,123,252,225,267,182,245,240,213,266,255,249,274,179,301,187,250,162,325,12,200,,124,,,b'\x11\xe8\xe1I\xc6\x8a\xb2F\xaf\x82\x12\xdf\x17\xaeN\x1e'
11E8E149-C68A-B246-AF82-12DF17AE4E1E,2024-ncaa-d0-natl,ncaa,26,49,13,46,26,44,52,79,43,102,198,30,23,25,49,51,58,55,193,54,28,68,65,26,29,39,40,48,193,190,262,37,126,67,165,27,35,233,137,48,71,111,48,90,,,259,130,,,51,43,209,263,75,101,245,204,326,34,51,117,114,113,225,256,294,83,182,43,103,121,77,,112,,,56,286,305,331,110,309,326,142,224,287,74,182,171,160,201,156,61,322,313,101,82,128,93,157,88,280,126,313,262,320,165,245,116,137,235,190,145,77,73,82,,,38,77,,,51,306,51,126,63,112,158,216,183,224,131,174,80,77,71,177,127,177,143,141,121,255,63,25,,130,,,b'\x11\xe8\xe1I\xc6\x8a\xb2F\xaf\x82\x12\xdf\x17\xaeN\x1e'
11E8E149-C68A-B246-AF82-12DF17AE4E1E,2024-ncaa-d1-conf-MVC,ncaa,2,2,3,2,7,6,5,8,5,9,11,4,2,2,1,3,8,6,11,6,3,9,10,3,3,4,2,2,8,8,8,5,5,7,7,2,2,3,5,2,4,3,2,1,,,4,6,,,3,9,12,8,5,5,9,9,11,1,3,8,7,7,10,10,8,5,7,2,4,4,2,,4,,,3,1,2,4,2,3,6,3,4,6,4,8,2,2,4,2,2,4,3,1,1,1,6,9,4,5,5,6,8,5,7,2,5,6,5,3,2,2,1,1,,,7,5,,,3,3,4,2,3,1,2,4,3,5,4,5,2,2,2,2,2,5,6,5,2,6,2,1,,6,,,b'\x11\xe8\xe1I\xc6\x8a\xb2F\xaf\x82\x12\xdf\x17\xaeN\x1e'
11E8E149-C68A-B246-AF82-12DF17AE4E1E,2024-ncaa-d1-natl,ncaa,30,49,16,47,34,58,66,102,47,132,237,31,26,30,53,52,72,65,192,64,31,91,83,28,34,42,42,51,195,224,276,51,137,93,182,36,37,203,139,53,86,123,55,92,,,241,138,,,61,58,214,264,87,108,255,218,330,35,53,120,122,117,234,269,299,94,202,45,103,135,81,,118,,,69,273,292,324,127,299,314,161,210,272,81,179,157,147,206,141,64,314,297,118,100,148,92,153,88,271,137,288,276,302,182,230,122,171,252,205,124,80,63,100,,,53,68,,,61,291,54,150,73,123,174,219,201,226,138,174,89,81,77,184,125,180,148,155,129,270,64,27,,130,,,b'\x11\xe8\xe1I\xc6\x8a\xb2F\xaf\x82\x12\xdf\x17\xaeN\x1e'
11E8E149-C68A-B246-AF82-12DF17AE4E1E,2025-ncaa-d0-natl,genius_ncaa,29,113,2,81,3,16,21,8,118,37,45,90,10,5,104,57,30,32,140,31,100,8,8,88,93,70,66,60,217,70,251,6,86,8,152,31,160,280,51,67,31,104,76,168,,,353,173,,323,60,4,112,269,75,85,85,181,239,38,41,131,153,154,89,167,224,31,83,104,52,110,171,,181,,195,73,356,354,358,70,346,350,89,337,355,98,270,306,311,149,315,116,358,359,77,64,105,211,265,121,346,86,362,251,362,152,334,156,52,233,186,185,26,288,164,,,25,234,,150,60,358,83,104,75,137,146,260,122,190,230,285,117,116,121,237,208,184,271,238,142,207,31,125,,221,,255,b'\x11\xe8\xe1I\xc6\x8a\xb2F\xaf\x82\x12\xdf\x17\xaeN\x1e'
11E8E149-C68A-B246-AF82-12DF17AE4E1E,2025-ncaa-d1-conf-MVC,genius_ncaa,2,3,1,3,2,3,3,2,4,5,8,4,3,3,3,5,4,6,5,6,5,3,2,4,4,4,6,5,9,6,6,1,6,1,3,4,7,6,5,6,4,5,7,9,,,12,10,,7,2,2,8,5,4,6,6,8,8,3,4,6,7,7,5,8,7,2,4,4,5,5,9,,8,,6,3,5,5,9,1,6,8,3,3,11,1,9,8,10,3,10,8,10,11,1,1,2,6,6,10,8,6,4,6,7,3,4,4,6,7,5,5,3,2,3,,,7,8,,8,2,11,4,2,3,4,3,6,2,6,3,6,7,8,8,7,4,8,4,6,4,8,2,1,,10,,10,b'\x11\xe8\xe1I\xc6\x8a\xb2F\xaf\x82\x12\xdf\x17\xaeN\x1e'
11E8E149-C68A-B246-AF82-12DF17AE4E1E,2025-ncaa-d1-natl,genius_ncaa,34,113,2,83,3,18,24,8,128,47,56,94,11,7,109,56,35,41,141,40,97,9,8,98,96,75,66,57,214,86,263,6,96,9,167,38,169,250,55,71,46,115,77,176,,,351,179,,320,69,4,121,269,82,93,92,192,245,39,42,136,156,156,94,177,233,31,93,115,52,121,179,,184,,201,85,355,354,358,78,340,349,96,335,354,109,273,290,294,155,299,122,358,359,87,77,122,208,264,120,344,96,362,263,362,167,329,155,66,247,197,165,27,282,177,,,35,233,,162,69,358,88,121,87,149,157,263,131,200,229,284,120,119,124,242,206,184,279,248,152,227,35,132,,219,,252,b'\x11\xe8\xe1I\xc6\x8a\xb2F\xaf\x82\x12\xdf\x17\xaeN\x1e'
11E8E149-C68A-B246-AF82-12DF17AE4E1E,2026-ncaa-d0-natl,genius_ncaa,163,198,116,199,142,136,158,121,247,227,231,223,47,26,153,21,118,116,211,116,49,120,145,192,195,143,14,26,146,120,206,201,282,174,290,140,114,107,64,102,84,78,166,147,,,273,283,,118,184,153,151,97,136,184,86,295,303,30,10,117,106,104,81,143,129,274,216,136,72,69,194,,279,,104,183,243,187,180,193,175,116,287,232,287,76,305,335,314,323,312,338,195,215,202,253,219,300,170,337,275,282,295,206,295,290,186,161,114,114,120,131,104,46,69,,,150,208,,173,184,200,133,237,184,226,149,124,135,39,200,289,322,308,303,175,227,251,299,306,144,114,113,34,,195,,202,b'\x11\xe8\xe1I\xc6\x8a\xb2F\xaf\x82\x12\xdf\x17\xaeN\x1e'
11E8E149-C68A-B246-AF82-12DF17AE4E1E,2026-ncaa-d1-natl,genius_ncaa,203,195,177,216,197,203,230,189,283,307,304,252,64,39,170,21,151,151,206,152,40,181,217,223,224,172,11,23,124,180,242,281,309,259,320,201,121,67,68,124,128,103,209,161,,,232,293,,90,223,217,170,100,172,223,109,325,319,38,15,122,119,118,105,171,158,298,259,175,77,92,207,,293,,104,222,203,147,118,235,130,63,316,195,255,91,305,321,298,334,292,343,142,145,240,293,268,297,170,334,241,309,254,242,257,320,151,172,173,153,160,99,111,30,77,,,220,202,,198,223,131,167,286,224,267,189,135,162,39,224,296,339,317,313,192,220,272,319,321,175,144,115,37,,192,,191,b'\x11\xe8\xe1I\xc6\x8a\xb2F\xaf\x82\x12\xdf\x17\xaeN\x1e'
11E8E149-C68F-468A-AF82-12DF17AE4E1E,2010-ncaa-d0-natl,ncaa,149,145,122,155,165,175,193,158,222,108,43,274,321,335,163,341,46,15,292,17,75,121,95,284,269,258,288,333,12,145,211,122,104,131,172,241,281,282,234,287,145,186,221,251,,,229,190,,,242,87,50,251,208,221,178,97,26,327,337,30,10,11,109,65,153,112,119,272,266,155,229,,227,,,243,255,255,223,220,258,267,155,201,130,318,92,190,200,130,202,149,224,237,225,210,186,155,174,139,148,104,270,211,228,172,157,62,110,146,113,271,226,152,75,,,63,71,,,242,247,260,165,243,246,254,230,248,278,201,112,178,191,194,230,254,139,269,240,143,114,255,146,,38,,,b'\x11\xe8\xe1I\xc6\x8fF\x8a\xaf\x82\x12\xdf\x17\xaeN\x1e'
11E8E149-C68F-468A-AF82-12DF17AE4E1E,2010-ncaa-d1-conf-MEAC,ncaa,4,5,2,5,3,4,4,4,7,3,2,8,7,10,3,11,1,1,8,1,1,3,2,8,5,5,6,10,1,8,9,1,1,1,6,3,5,11,9,8,4,6,4,4,,,9,6,,,6,2,3,8,5,8,10,4,4,8,10,1,1,1,6,3,9,2,3,4,10,5,4,,8,,,6,9,9,10,7,9,10,5,11,8,11,8,7,7,9,7,2,10,10,7,7,9,8,9,2,7,1,10,9,10,6,5,2,4,7,4,11,7,10,8,,,1,1,,,6,10,7,8,7,9,8,9,7,7,9,7,4,2,2,8,7,4,8,8,3,6,7,9,,1,,,b'\x11\xe8\xe1I\xc6\x8fF\x8a\xaf\x82\x12\xdf\x17\xaeN\x1e'
11E8E149-C68F-468A-AF82-12DF17AE4E1E,2010-ncaa-d1-natl,ncaa,132,145,91,149,111,156,177,134,226,88,32,276,320,333,175,341,31,11,282,11,65,88,68,285,267,260,279,334,10,130,221,89,88,101,170,246,294,294,229,290,136,186,221,256,,,280,211,,,248,53,45,152,193,221,171,98,26,325,336,26,10,10,104,58,152,96,118,280,261,163,231,,250,,,249,288,285,265,224,272,282,153,241,162,324,98,216,244,103,247,176,265,267,237,217,195,170,190,155,160,88,307,221,270,170,178,61,97,154,114,266,210,152,64,,,35,60,,,248,290,259,170,247,256,261,234,239,275,223,124,195,212,216,240,267,134,284,246,142,117,242,137,,28,,,b'\x11\xe8\xe1I\xc6\x8fF\x8a\xaf\x82\x12\xdf\x17\xaeN\x1e'
11E8E149-C68F-468A-AF82-12DF17AE4E1E,2011-ncaa-d0-natl,ncaa,248,175,329,236,331,334,335,338,273,303,283,282,337,340,322,333,238,208,250,216,102,334,331,312,294,320,289,332,13,240,86,336,271,327,205,336,318,184,326,331,221,97,223,163,,,95,311,,,262,335,262,159,312,315,317,227,146,338,335,115,83,86,293,215,123,318,268,334,311,113,172,,277,,,272,9,8,4,235,31,17,209,7,5,166,13,153,160,162,158,282,5,7,186,217,154,90,19,308,29,271,7,86,7,205,10,76,248,59,53,101,247,81,161,,,273,59,,,262,8,308,165,281,117,97,25,179,146,17,10,282,279,281,56,81,155,101,118,64,104,231,193,,90,,,b'\x11\xe8\xe1I\xc6\x8fF\x8a\xaf\x82\x12\xdf\x17\xaeN\x1e'
11E8E149-C68F-468A-AF82-12DF17AE4E1E,2011-ncaa-d1-conf-MEAC,ncaa,9,8,11,9,11,11,10,11,7,8,9,5,11,11,11,11,10,9,8,9,10,11,11,10,9,10,11,11,2,10,5,11,10,11,6,10,6,7,11,9,11,6,6,5,,,4,11,,,9,11,9,11,10,10,11,7,6,11,11,7,7,7,10,9,7,9,9,9,10,7,4,,11,,,9,2,3,1,9,3,1,9,3,2,9,3,4,2,9,2,8,1,1,9,9,9,3,3,9,2,10,1,5,1,6,3,3,11,7,6,5,9,4,6,,,9,5,,,9,1,9,9,9,7,7,4,7,7,3,3,8,8,8,4,3,6,3,3,5,9,8,6,,5,,,b'\x11\xe8\xe1I\xc6\x8fF\x8a\xaf\x82\x12\xdf\x17\xaeN\x1e'
11E8E149-C68F-468A-AF82-12DF17AE4E1E,2011-ncaa-d1-natl,ncaa,206,172,279,206,304,302,300,324,243,223,172,262,338,339,304,336,144,127,246,129,104,308,290,290,265,299,304,334,17,149,63,321,238,279,144,333,322,265,316,328,121,56,185,155,,,189,304,,,216,305,252,186,291,292,304,182,112,338,338,92,60,63,270,194,98,309,236,331,305,77,164,,269,,,218,21,12,10,200,70,58,156,12,8,168,13,192,199,134,197,269,14,32,148,184,106,91,23,306,64,238,21,63,19,144,14,56,141,39,28,146,226,187,186,,,170,47,,,216,33,281,97,222,84,62,19,142,135,17,10,257,261,261,41,81,126,90,91,36,74,217,235,,75,,,b'\x11\xe8\xe1I\xc6\x8fF\x8a\xaf\x82\x12\xdf\x17\xaeN\x1e'
11E8E149-C68F-468A-AF82-12DF17AE4E1E,2012-ncaa-d0-natl,ncaa,266,228,318,262,320,320,329,321,328,312,276,313,312,276,334,235,155,150,205,160,57,306,307,330,318,312,155,267,11,199,143,340,329,331,313,335,311,160,285,332,55,12,223,169,,,130,283,,,271,318,225,4,294,321,233,278,191,294,236,60,49,53,195,139,116,339,309,329,290,16,181,,280,,,276,36,27,5,300,66,16,284,17,7,248,29,214,236,104,234,322,6,30,280,297,165,120,36,312,95,329,68,143,55,313,66,209,75,12,38,171,258,118,208,,,232,82,,,271,25,309,176,277,188,149,23,218,107,44,19,307,309,309,63,196,224,244,246,183,15,265,200,,76,,,b'\x11\xe8\xe1I\xc6\x8fF\x8a\xaf\x82\x12\xdf\x17\xaeN\x1e'
11E8E149-C68F-468A-AF82-12DF17AE4E1E,2012-ncaa-d1-conf-MEAC,ncaa,8,7,9,8,11,11,12,12,12,13,12,10,10,7,12,5,3,4,4,4,3,11,13,12,10,9,2,8,1,11,11,13,11,12,11,13,11,4,8,11,2,1,8,5,,,8,12,,,7,12,9,4,10,12,12,13,12,8,6,3,3,3,10,12,10,13,12,13,5,1,7,,11,,,7,5,5,1,10,5,2,10,3,1,8,4,10,7,9,8,12,1,1,9,11,8,8,4,11,5,11,5,11,3,11,6,6,5,3,5,4,9,7,9,,,4,1,,,7,2,10,8,7,7,7,3,6,4,4,4,10,10,10,3,4,7,11,9,7,2,6,8,,3,,,b'\x11\xe8\xe1I\xc6\x8fF\x8a\xaf\x82\x12\xdf\x17\xaeN\x1e'
11E8E149-C68F-468A-AF82-12DF17AE4E1E,2012-ncaa-d1-natl,ncaa,267,247,286,266,288,302,321,287,321,294,247,309,297,257,330,225,144,122,229,126,62,270,252,326,313,310,160,260,15,160,125,341,326,314,298,328,314,231,291,333,35,12,213,171,,,211,294,,,270,277,221,6,290,314,232,266,185,284,225,83,61,65,197,136,102,336,291,326,292,18,187,,292,,,273,73,45,6,285,104,42,267,31,18,224,33,280,292,113,290,325,21,72,260,284,150,149,42,319,149,326,112,125,124,298,92,211,51,15,42,234,273,154,209,,,168,79,,,270,65,306,167,276,181,135,23,196,100,53,29,308,311,311,72,198,232,220,239,170,17,282,206,,74,,,b'\x11\xe8\xe1I\xc6\x8fF\x8a\xaf\x82\x12\xdf\x17\xaeN\x1e'
11E8E149-C68F-468A-AF82-12DF17AE4E1E,2013-ncaa-d0-natl,ncaa,259,197,327,246,332,337,334,329,314,310,289,282,324,279,342,218,314,245,339,252,134,326,311,324,331,336,267,269,114,190,102,328,134,299,140,342,342,261,332,344,166,69,214,127,,,177,320,,,251,323,185,147,327,315,264,250,203,309,239,265,149,161,255,157,76,265,176,342,333,87,168,,308,,,257,9,4,2,135,10,9,102,23,15,209,76,198,178,250,192,321,3,11,120,184,67,261,104,331,19,134,38,102,14,140,31,243,127,19,36,170,265,190,274,,,204,43,,,251,22,333,60,254,77,37,21,63,63,70,44,290,280,289,48,140,79,193,124,106,28,280,265,,42,,,b'\x11\xe8\xe1I\xc6\x8fF\x8a\xaf\x82\x12\xdf\x17\xaeN\x1e'
11E8E149-C68F-468A-AF82-12DF17AE4E1E,2013-ncaa-d1-conf-MEAC,ncaa,8,8,9,8,10,11,10,11,10,11,12,8,9,8,11,7,12,11,13,11,8,12,9,10,11,11,8,7,11,7,8,11,3,10,8,11,11,13,12,12,8,7,7,5,,,6,9,,,9,11,3,5,11,10,10,10,10,8,7,12,11,11,11,4,6,8,7,11,13,6,7,,8,,,9,5,4,2,10,6,3,11,2,2,5,6,7,6,13,6,9,3,3,8,8,6,4,3,6,3,3,5,8,3,8,5,10,4,4,4,10,11,11,12,,,7,7,,,9,5,11,4,9,6,5,3,8,5,4,5,7,7,7,5,7,3,7,6,6,3,12,12,,5,,,b'\x11\xe8\xe1I\xc6\x8fF\x8a\xaf\x82\x12\xdf\x17\xaeN\x1e'
11E8E149-C68F-468A-AF82-12DF17AE4E1E,2013-ncaa-d1-natl,ncaa,221,196,292,222,305,322,304,301,278,250,260,225,306,256,338,214,298,215,341,221,144,291,253,295,314,329,279,265,166,147,100,297,118,245,124,340,340,307,330,342,125,57,194,118,,,249,323,,,208,274,151,149,304,284,249,212,194,294,233,273,149,160,244,134,87,240,161,337,334,64,164,,308,,,213,12,7,2,86,16,21,98,25,28,91,96,260,249,232,254,331,11,51,76,133,51,264,84,337,31,118,71,100,36,124,34,213,76,13,25,205,249,202,246,,,147,62,,,208,73,324,39,209,64,31,20,50,55,52,60,299,293,297,50,149,78,174,115,79,21,262,247,,53,,,b'\x11\xe8\xe1I\xc6\x8fF\x8a\xaf\x82\x12\xdf\x17\xaeN\x1e'
11E8E149-C68F-468A-AF82-12DF17AE4E1E,2014-ncaa-d0-natl,ncaa,258,224,297,257,303,326,333,328,316,320,296,307,283,252,310,180,243,209,277,213,74,323,314,318,310,317,138,206,47,234,169,270,244,264,198,344,343,213,313,343,315,304,64,36,,,54,140,,,264,325,264,85,319,328,304,299,256,261,203,191,145,146,285,234,172,177,173,344,293,297,36,,125,,,269,20,22,55,61,30,63,73,81,113,75,191,107,81,310,82,160,38,33,58,76,98,211,165,237,148,244,70,169,86,198,37,126,265,200,127,319,342,26,86,,,240,86,,,264,24,317,126,273,100,82,173,110,169,134,181,193,152,155,164,144,256,188,233,80,203,339,51,,132,,,b'\x11\xe8\xe1I\xc6\x8fF\x8a\xaf\x82\x12\xdf\x17\xaeN\x1e'
11E8E149-C68F-468A-AF82-12DF17AE4E1E,2014-ncaa-d1-conf-MEAC,ncaa,6,6,4,6,5,8,9,9,10,10,12,8,4,4,9,4,5,6,6,6,3,9,9,8,8,7,4,4,2,10,9,7,5,7,7,12,12,6,8,10,12,11,2,1,,,2,2,,,6,10,11,4,10,12,12,12,13,4,4,5,6,6,11,12,10,6,6,12,8,12,1,,2,,,6,5,5,10,5,7,6,5,9,10,7,10,2,2,13,2,2,4,3,4,4,4,8,11,2,4,5,4,9,5,7,7,10,11,11,10,12,12,1,3,,,6,1,,,6,4,6,5,6,3,5,9,5,7,9,10,2,2,2,4,3,4,3,3,5,12,12,1,,7,,,b'\x11\xe8\xe1I\xc6\x8fF\x8a\xaf\x82\x12\xdf\x17\xaeN\x1e'
11E8E149-C68F-468A-AF82-12DF17AE4E1E,2014-ncaa-d1-natl,ncaa,230,223,211,235,236,311,324,310,320,301,272,303,261,217,314,170,216,183,251,186,84,291,272,315,309,314,138,203,49,199,166,231,261,226,206,345,344,241,299,342,297,287,45,29,,,86,145,,,262,282,269,94,318,328,300,300,254,257,193,191,159,160,281,237,168,184,178,345,284,283,29,,126,,,263,50,43,100,53,41,91,68,127,170,76,217,164,121,310,123,187,89,84,52,78,94,250,197,254,213,261,118,166,159,206,54,129,227,194,118,324,341,37,78,,,200,96,,,262,66,314,129,265,93,69,163,79,141,150,208,205,164,166,158,143,272,186,240,78,205,337,48,,156,,,b'\x11\xe8\xe1I\xc6\x8fF\x8a\xaf\x82\x12\xdf\x17\xaeN\x1e'
11E8E149-C68F-468A-AF82-12DF17AE4E1E,2015-ncaa-d0-natl,ncaa,242,209,283,242,314,315,319,304,322,334,303,323,186,177,207,111,285,272,255,266,147,305,303,300,301,305,81,92,146,262,259,247,277,272,290,307,187,149,256,286,204,163,19,5,,,66,111,,,275,301,183,272,310,318,245,323,265,152,126,255,238,226,243,221,224,159,188,286,234,161,3,,129,,,275,53,66,89,89,71,138,58,119,86,248,125,105,91,225,94,115,76,69,95,96,127,179,190,184,209,277,161,259,197,290,47,101,226,199,126,208,287,105,203,,,294,217,,,275,50,309,151,275,153,154,237,159,266,182,151,175,157,162,234,223,300,285,313,102,180,269,149,,236,,,b'\x11\xe8\xe1I\xc6\x8fF\x8a\xaf\x82\x12\xdf\x17\xaeN\x1e'
11E8E149-C68F-468A-AF82-12DF17AE4E1E,2015-ncaa-d1-conf-MEAC,ncaa,6,5,4,5,7,8,8,9,8,10,10,9,2,2,3,2,8,9,8,9,6,8,9,7,6,5,1,1,8,12,12,2,4,5,7,7,3,4,4,4,8,6,1,1,,,3,4,,,5,7,9,10,9,9,11,13,12,2,3,9,9,9,10,12,12,2,5,6,4,7,1,,2,,,5,3,3,9,1,4,9,1,9,7,7,8,5,5,6,5,5,8,7,1,1,4,8,10,7,6,4,12,12,12,7,3,5,11,10,6,7,8,5,9,,,7,5,,,5,7,7,5,5,4,4,9,4,9,8,7,5,3,3,8,4,8,10,10,3,11,7,5,,8,,,b'\x11\xe8\xe1I\xc6\x8fF\x8a\xaf\x82\x12\xdf\x17\xaeN\x1e'
11E8E149-C68F-468A-AF82-12DF17AE4E1E,2015-ncaa-d1-natl,ncaa,222,207,209,225,271,299,312,259,324,325,285,320,176,151,237,108,255,243,236,236,137,264,258,304,304,304,91,107,122,241,266,190,268,229,286,296,187,186,251,287,173,155,14,5,,,85,111,,,271,250,189,276,308,319,244,322,265,162,126,239,221,214,243,217,227,142,181,292,232,158,5,,127,,,271,69,72,135,67,76,154,57,143,139,182,164,144,122,234,127,137,126,131,77,81,106,206,205,202,245,268,249,266,257,286,63,104,191,169,115,224,271,115,196,,,260,218,,,271,96,312,136,273,139,124,212,126,228,181,178,176,157,162,212,207,294,289,313,93,159,255,142,,237,,,b'\x11\xe8\xe1I\xc6\x8fF\x8a\xaf\x82\x12\xdf\x17\xaeN\x1e'
11E8E149-C68F-468A-AF82-12DF17AE4E1E,2016-ncaa-d0-natl,ncaa,153,111,240,145,254,272,300,318,204,294,309,220,191,214,135,154,179,125,329,131,22,298,289,186,192,227,99,136,70,205,137,197,196,201,121,244,123,206,289,253,207,146,57,34,,,9,16,,,145,299,293,112,264,291,322,284,285,177,187,155,66,70,290,256,171,121,145,225,259,171,40,,15,,,143,18,43,95,50,49,97,53,121,152,83,240,11,9,195,9,22,54,51,52,35,42,127,233,35,175,196,54,137,72,121,51,121,231,150,111,285,322,115,224,,,204,92,,,145,47,215,67,148,41,92,167,80,149,165,204,15,15,15,96,83,229,102,141,80,192,307,147,,149,,,b'\x11\xe8\xe1I\xc6\x8fF\x8a\xaf\x82\x12\xdf\x17\xaeN\x1e'
11E8E149-C68F-468A-AF82-12DF17AE4E1E,2016-ncaa-d1-conf-MEAC,ncaa,3,2,8,2,11,9,9,13,2,11,13,1,3,6,2,1,11,8,11,8,4,13,13,1,1,1,2,1,11,13,11,6,1,13,3,4,1,3,8,4,8,5,1,1,,,1,1,,,3,12,12,6,7,8,13,9,13,1,4,10,7,7,13,13,13,3,13,3,6,8,1,,1,,,3,1,2,1,6,2,1,5,6,7,4,10,1,1,13,1,1,1,1,5,4,4,5,9,2,1,1,1,11,1,3,2,5,10,7,4,6,11,6,11,,,10,5,,,3,2,2,3,3,1,4,5,3,2,7,8,1,1,1,1,1,1,1,1,2,10,8,7,,6,,,b'\x11\xe8\xe1I\xc6\x8fF\x8a\xaf\x82\x12\xdf\x17\xaeN\x1e'
11E8E149-C68F-468A-AF82-12DF17AE4E1E,2016-ncaa-d1-natl,ncaa,134,111,142,128,170,221,245,286,169,255,271,208,154,191,76,160,166,103,333,109,33,256,223,153,165,208,105,124,102,164,127,126,166,136,97,189,89,253,278,230,176,151,44,34,,,11,14,,,114,248,286,128,244,266,316,267,273,162,189,168,74,75,282,245,168,95,116,188,254,179,39,,13,,,113,20,58,173,32,59,142,40,142,192,75,243,12,10,203,10,18,105,104,37,26,32,133,247,34,208,166,81,127,112,97,66,136,191,147,107,315,325,150,224,,,173,103,,,114,86,195,47,116,34,68,170,61,150,160,204,12,11,12,89,77,217,92,128,74,189,309,158,,152,,,b'\x11\xe8\xe1I\xc6\x8fF\x8a\xaf\x82\x12\xdf\x17\xaeN\x1e'
11E8E149-C68F-468A-AF82-12DF17AE4E1E,2017-ncaa-d0-natl,ncaa,114,75,168,101,215,241,290,296,257,275,289,233,230,206,273,172,61,20,307,19,1,235,201,258,234,271,71,203,5,234,235,51,183,95,146,250,137,301,310,295,258,282,21,25,,,103,75,,,101,186,139,268,265,310,327,293,299,224,198,28,8,5,251,190,237,8,48,266,297,259,13,,117,,,100,9,11,232,2,20,270,2,53,106,35,81,72,94,54,88,55,210,200,2,1,1,189,172,203,315,183,163,235,242,146,22,141,177,194,53,329,333,176,256,,,57,16,,,101,163,287,3,100,10,9,283,22,317,60,118,84,109,100,256,259,326,177,272,28,160,333,187,,14,,,b'\x11\xe8\xe1I\xc6\x8fF\x8a\xaf\x82\x12\xdf\x17\xaeN\x1e'
11E8E149-C68F-468A-AF82-12DF17AE4E1E,2017-ncaa-d1-conf-MEAC,ncaa,1,1,1,1,2,3,6,8,2,6,12,3,3,5,1,4,1,2,9,1,1,6,5,1,1,1,2,4,1,11,9,1,2,2,2,4,2,10,10,6,11,11,1,2,,,3,2,,,1,4,7,5,5,8,13,9,13,3,6,1,2,1,12,10,13,1,2,4,8,11,1,,1,,,1,1,1,13,1,2,13,1,4,11,2,8,1,1,8,1,1,13,9,1,1,1,4,10,2,11,2,6,9,8,2,2,6,10,12,5,11,11,5,8,,,3,1,,,1,10,2,1,1,1,1,13,1,12,4,8,1,1,1,10,5,9,1,3,1,12,9,5,,3,,,b'\x11\xe8\xe1I\xc6\x8fF\x8a\xaf\x82\x12\xdf\x17\xaeN\x1e'
11E8E149-C68F-468A-AF82-12DF17AE4E1E,2017-ncaa-d1-natl,ncaa,92,75,98,88,137,214,276,263,269,260,253,236,212,185,285,169,48,19,302,17,3,187,138,263,250,280,80,200,8,196,224,24,154,49,127,240,160,316,307,301,240,273,14,21,,,147,91,,,98,113,150,270,272,308,318,291,289,221,194,41,11,11,249,187,221,8,39,269,294,258,13,,121,,,97,17,17,274,2,29,295,2,84,143,57,89,94,127,55,117,69,260,260,2,1,1,224,200,215,320,154,224,224,281,127,34,139,153,187,53,338,332,191,238,,,40,19,,,98,222,286,3,103,8,8,257,15,304,67,118,84,112,102,234,235,309,176,246,25,162,333,179,,25,,,b'\x11\xe8\xe1I\xc6\x8fF\x8a\xaf\x82\x12\xdf\x17\xaeN\x1e'
11E8E149-C68F-468A-AF82-12DF17AE4E1E,2018-ncaa-d0-natl,ncaa,66,16,242,35,246,245,266,285,213,281,274,265,160,210,69,164,181,107,324,104,28,261,253,181,199,251,77,111,96,219,190,127,168,160,147,170,37,244,281,213,177,152,34,39,,,64,97,,,104,247,189,46,237,268,275,280,246,132,181,138,60,58,232,172,175,61,93,136,279,155,23,,116,,,98,9,25,108,23,112,263,19,3,8,5,5,64,125,9,118,74,95,112,9,7,9,6,7,228,200,168,118,190,146,147,16,72,156,123,45,322,325,116,188,,,121,43,,,104,105,243,12,94,25,42,173,177,330,2,7,110,174,173,173,217,259,193,218,41,103,324,154,,54,,,b'\x11\xe8\xe1I\xc6\x8fF\x8a\xaf\x82\x12\xdf\x17\xaeN\x1e'
11E8E149-C68F-468A-AF82-12DF17AE4E1E,2018-ncaa-d1-conf-MEAC,ncaa,2,2,4,2,4,5,6,11,2,10,12,5,1,3,1,1,12,12,10,12,6,11,13,1,1,1,2,1,12,13,13,4,3,11,6,2,1,2,5,2,9,7,3,3,,,1,1,,,3,12,13,2,7,7,13,11,13,1,3,12,12,12,13,13,13,5,12,2,3,11,3,,1,,,2,2,4,3,4,6,10,4,1,1,1,2,1,1,2,1,1,2,2,3,2,2,1,1,4,3,3,4,13,3,6,2,3,8,6,4,8,10,3,6,,,10,6,,,3,2,1,3,2,1,4,3,6,10,1,1,1,1,1,3,1,5,3,3,2,10,7,3,,10,,,b'\x11\xe8\xe1I\xc6\x8fF\x8a\xaf\x82\x12\xdf\x17\xaeN\x1e'
11E8E149-C68F-468A-AF82-12DF17AE4E1E,2018-ncaa-d1-natl,ncaa,45,16,144,29,153,215,231,245,199,260,238,259,122,185,60,151,160,98,316,98,43,225,186,161,174,232,74,103,112,201,195,88,160,125,151,126,26,266,273,191,150,148,31,39,,,101,100,,,87,181,187,59,219,256,267,277,242,115,177,148,88,90,229,175,189,62,98,113,270,146,24,,119,,,84,16,41,170,21,152,296,21,4,11,5,7,81,152,12,147,69,155,190,10,7,9,9,8,212,234,160,178,195,208,151,23,71,130,127,47,320,319,138,181,,,106,58,,,87,172,226,13,82,26,45,177,171,326,5,11,94,154,152,167,208,254,194,222,38,113,320,157,,78,,,b'\x11\xe8\xe1I\xc6\x8fF\x8a\xaf\x82\x12\xdf\x17\xaeN\x1e'
11E8E149-C68F-468A-AF82-12DF17AE4E1E,2019-ncaa-d0-natl,ncaa,105,73,173,98,195,223,251,228,284,226,157,293,254,246,248,257,75,38,285,40,37,178,179,289,269,251,161,249,19,171,219,134,216,146,228,289,288,172,175,265,192,196,196,219,,,166,157,,,172,185,148,99,227,272,223,237,133,256,247,44,19,22,142,144,143,93,99,295,195,184,194,,198,,,174,83,103,194,50,162,238,67,44,92,26,81,149,141,191,144,110,190,191,35,40,44,77,63,210,271,216,265,219,278,228,91,129,167,178,116,208,211,297,275,,,152,126,,,172,167,247,66,173,99,116,241,180,290,46,102,162,154,164,238,245,281,296,301,108,157,221,303,,119,,,b'\x11\xe8\xe1I\xc6\x8fF\x8a\xaf\x82\x12\xdf\x17\xaeN\x1e'
11E8E149-C68F-468A-AF82-12DF17AE4E1E,2019-ncaa-d1-conf-MEAC,ncaa,2,2,1,2,1,3,5,4,6,6,4,8,4,8,1,10,2,2,7,2,3,3,2,6,4,5,5,6,2,6,8,1,4,3,6,6,6,6,5,5,7,8,9,10,,,5,2,,,5,2,9,3,4,8,10,8,7,5,10,3,2,2,7,9,8,3,4,7,3,9,9,,3,,,5,6,8,12,3,7,11,3,7,10,5,7,2,1,11,1,1,11,10,3,3,4,4,7,3,8,4,11,8,11,6,9,8,10,10,10,10,9,11,10,,,3,3,,,5,11,5,4,5,4,5,8,5,7,6,9,2,1,1,7,6,6,6,6,6,10,8,10,,5,,,b'\x11\xe8\xe1I\xc6\x8fF\x8a\xaf\x82\x12\xdf\x17\xaeN\x1e'
11E8E149-C68F-468A-AF82-12DF17AE4E1E,2019-ncaa-d1-natl,ncaa,93,73,107,88,118,198,237,180,274,192,133,284,243,230,249,254,50,27,283,25,33,137,125,281,260,252,162,249,17,140,202,99,227,105,225,278,293,239,198,280,168,196,188,219,,,222,175,,,172,129,143,116,223,275,231,230,144,258,248,44,19,19,157,139,147,96,108,303,216,184,193,,212,,,173,118,137,253,55,195,295,67,51,112,28,72,166,177,154,184,111,252,241,31,36,50,68,58,207,282,227,299,202,310,225,140,143,139,177,126,258,237,318,292,,,97,114,,,172,218,246,59,169,102,121,235,186,290,44,97,157,164,178,234,245,281,282,292,119,155,243,310,,106,,,b'\x11\xe8\xe1I\xc6\x8fF\x8a\xaf\x82\x12\xdf\x17\xaeN\x1e'
11E8E149-C68F-468A-AF82-12DF17AE4E1E,2019-ncaa-d1-ncaatournament,ncaa,33,2,33,33,36,58,58,53,61,62,60,60,35,30,51,4,43,47,12,47,21,51,49,58,54,59,3,5,18,44,48,56,58,54,57,49,7,21,50,53,54,53,44,56,,,13,29,,,61,51,31,7,58,58,43,62,60,9,4,33,41,42,45,34,37,56,53,46,47,45,38,,34,,,61,27,30,23,60,33,32,53,5,1,57,1,24,20,52,20,29,27,20,56,59,60,8,7,35,23,58,25,48,25,57,30,53,56,47,60,28,59,36,63,,,62,63,,,61,14,59,61,60,59,62,44,63,64,10,1,51,45,47,51,42,47,56,57,62,41,57,61,,62,,,b'\x11\xe8\xe1I\xc6\x8fF\x8a\xaf\x82\x12\xdf\x17\xaeN\x1e'
11E8E149-C68F-468A-AF82-12DF17AE4E1E,2020-ncaa-d0-natl,ncaa,52,23,312,28,332,216,208,273,98,135,184,108,284,301,228,290,132,59,303,61,74,243,265,137,149,154,276,294,83,207,161,145,124,173,111,218,204,98,152,156,149,109,204,192,,,47,73,,,53,284,72,333,115,106,147,62,71,264,276,64,20,19,85,88,148,25,35,151,181,101,180,,114,,,48,13,13,47,24,42,116,41,11,51,2,73,143,171,80,189,230,58,58,13,16,14,111,41,299,131,124,88,161,89,111,3,5,167,106,9,139,180,203,198,,,182,92,,,53,65,154,14,50,50,41,169,105,231,25,87,223,249,258,199,251,226,210,229,5,92,218,256,,67,,,b'\x11\xe8\xe1I\xc6\x8fF\x8a\xaf\x82\x12\xdf\x17\xaeN\x1e'
11E8E149-C68F-468A-AF82-12DF17AE4E1E,2020-ncaa-d1-conf-MEAC,ncaa,1,1,3,1,10,2,1,5,1,2,4,1,7,9,5,10,3,4,6,4,8,4,4,1,1,1,10,9,7,6,6,1,3,3,3,1,3,2,2,1,4,3,5,6,,,1,1,,,1,5,5,10,1,1,4,2,3,8,9,3,4,4,3,4,5,1,4,1,2,4,5,,1,,,1,4,4,8,2,3,9,2,4,4,2,5,6,6,7,6,4,8,7,2,2,3,5,4,9,7,3,4,6,5,3,1,1,9,9,4,4,4,7,6,,,6,5,,,1,6,1,3,1,4,4,9,4,8,4,4,6,6,6,8,7,7,3,4,1,10,4,7,,6,,,b'\x11\xe8\xe1I\xc6\x8fF\x8a\xaf\x82\x12\xdf\x17\xaeN\x1e'
11E8E149-C68F-468A-AF82-12DF17AE4E1E,2020-ncaa-d1-natl,ncaa,36,23,257,28,320,172,170,216,105,103,136,124,260,271,200,278,100,44,301,43,88,179,201,143,155,148,267,279,96,158,148,88,120,95,105,168,190,128,140,145,124,105,203,198,,,82,89,,,45,214,82,333,115,111,140,68,73,246,255,74,27,26,85,90,130,27,34,134,167,102,194,,130,,,41,24,21,89,19,49,151,40,23,78,2,94,179,226,44,235,248,107,125,12,15,13,128,51,298,184,120,152,148,159,105,5,10,120,98,12,152,159,217,189,,,142,115,,,45,114,147,15,45,42,34,145,90,199,29,101,214,253,262,179,238,220,207,223,5,87,195,241,,87,,,b'\x11\xe8\xe1I\xc6\x8fF\x8a\xaf\x82\x12\xdf\x17\xaeN\x1e'
11E8E149-C68F-468A-AF82-12DF17AE4E1E,2022-ncaa-d0-natl,ncaa,326,303,319,328,329,320,320,317,289,268,194,322,342,346,273,338,222,148,333,158,132,299,270,320,319,331,300,326,52,226,186,325,342,305,312,340,342,291,337,350,201,169,283,297,,,111,171,,,325,282,20,171,269,270,204,155,46,329,334,109,49,52,154,39,114,260,191,329,347,107,257,,278,,,332,132,150,89,285,192,132,278,58,56,154,77,206,242,61,237,254,96,104,252,256,233,84,66,245,265,342,104,186,149,312,229,293,185,120,232,269,315,288,296,,,244,157,,,325,81,334,271,325,322,324,301,335,324,151,148,311,322,319,332,341,342,297,330,332,53,338,335,,74,,,b'\x11\xe8\xe1I\xc6\x8fF\x8a\xaf\x82\x12\xdf\x17\xaeN\x1e'
11E8E149-C68F-468A-AF82-12DF17AE4E1E,2022-ncaa-d1-conf-SWAC,ncaa,9,9,9,9,9,10,10,10,5,9,8,9,11,12,5,11,11,9,11,9,8,10,10,6,8,9,10,10,8,11,9,10,9,11,9,10,12,9,10,10,8,6,9,9,,,2,6,,,9,10,6,5,10,10,10,6,5,11,12,9,8,7,9,8,8,8,9,10,10,6,9,,5,,,9,4,4,3,9,6,4,9,7,6,9,6,3,3,10,3,5,3,3,9,9,9,4,7,5,4,9,2,9,2,9,11,11,9,5,10,6,7,8,7,,,11,8,,,9,3,9,9,9,9,9,6,9,8,7,5,6,3,3,6,8,5,6,6,11,5,7,10,,9,,,b'\x11\xe8\xe1I\xc6\x8fF\x8a\xaf\x82\x12\xdf\x17\xaeN\x1e'
11E8E149-C68F-468A-AF82-12DF17AE4E1E,2022-ncaa-d1-natl,ncaa,316,303,304,318,315,306,304,306,275,226,163,304,344,340,294,336,191,116,330,124,120,283,240,306,310,328,311,337,51,214,192,305,340,291,305,339,343,313,337,348,168,168,283,303,,,160,181,,,326,244,25,177,268,265,217,132,51,335,334,104,47,50,165,43,123,237,189,335,344,108,267,,281,,,328,182,188,131,268,242,177,280,71,81,102,80,240,271,73,264,250,142,157,231,240,228,75,57,248,297,340,132,192,201,305,259,282,159,150,230,295,314,298,287,,,201,148,,,326,119,327,271,319,317,318,307,337,322,127,151,307,319,315,333,340,344,283,329,325,70,335,330,,74,,,b'\x11\xe8\xe1I\xc6\x8fF\x8a\xaf\x82\x12\xdf\x17\xaeN\x1e'
11E8E149-C68F-468A-AF82-12DF17AE4E1E,2023-ncaa-d0-natl,ncaa,242,239,236,248,243,257,289,213,331,232,108,344,322,325,283,331,76,31,344,30,40,147,151,341,335,315,216,319,6,119,162,313,295,252,281,350,354,190,189,342,52,25,327,340,,,189,204,,,233,174,73,50,250,287,143,213,50,322,313,34,9,9,66,58,76,320,231,352,241,21,330,,256,,,233,104,102,74,248,202,173,229,25,28,111,34,220,218,187,215,224,87,162,198,212,84,45,23,267,185,295,242,162,225,281,94,121,40,24,25,162,163,337,326,,,97,62,,,233,169,309,92,242,174,188,102,266,256,33,37,257,261,259,128,285,245,307,300,139,16,204,356,,40,,,b'\x11\xe8\xe1I\xc6\x8fF\x8a\xaf\x82\x12\xdf\x17\xaeN\x1e'
11E8E149-C68F-468A-AF82-12DF17AE4E1E,2023-ncaa-d1-conf-SWAC,ncaa,7,6,4,7,5,7,6,8,6,6,4,11,11,12,6,12,5,5,7,5,6,6,6,7,7,6,7,10,4,10,9,9,8,10,9,11,11,5,4,12,2,2,11,12,,,4,4,,,5,5,8,2,7,7,9,6,3,11,12,6,5,5,7,7,10,9,9,11,5,2,11,,4,,,5,5,6,5,6,6,6,6,5,3,8,5,2,2,12,2,2,3,7,6,6,4,3,7,3,6,8,8,9,8,9,7,5,1,1,3,3,4,11,11,,,5,5,,,5,9,7,5,6,5,7,3,7,6,5,3,3,2,2,3,5,6,7,8,7,1,4,12,,6,,,b'\x11\xe8\xe1I\xc6\x8fF\x8a\xaf\x82\x12\xdf\x17\xaeN\x1e'
11E8E149-C68F-468A-AF82-12DF17AE4E1E,2023-ncaa-d1-natl,ncaa,265,239,310,264,313,297,321,277,336,271,134,348,333,333,285,331,93,35,346,34,36,201,209,344,337,324,211,321,4,141,171,336,312,297,292,355,355,160,195,346,65,27,338,344,,,160,211,,,258,240,80,47,263,299,158,228,53,325,316,33,10,10,71,65,83,325,245,353,241,25,336,,258,,,262,71,77,39,261,173,128,239,20,20,120,34,203,195,187,192,226,38,106,219,226,103,43,24,271,159,312,207,171,194,292,75,122,58,29,31,139,166,335,330,,,125,58,,,258,106,318,109,270,187,203,105,278,260,35,37,261,264,261,135,281,252,313,304,152,19,209,355,,38,,,b'\x11\xe8\xe1I\xc6\x8fF\x8a\xaf\x82\x12\xdf\x17\xaeN\x1e'
11E8E149-C68F-468A-AF82-12DF17AE4E1E,2024-ncaa-d0-natl,ncaa,225,176,298,220,301,263,302,244,319,207,115,329,346,338,343,341,58,21,327,22,42,185,201,340,321,300,264,346,6,103,87,275,295,208,224,270,180,129,159,245,89,57,294,293,,,157,199,,,180,248,71,44,208,255,99,131,26,343,327,12,3,5,45,36,41,203,92,223,238,43,270,,269,,,181,43,36,72,73,85,133,93,11,39,16,54,244,268,109,266,285,87,122,43,65,29,113,21,333,225,295,151,87,183,224,78,211,92,56,45,170,200,220,183,,,109,41,,,180,109,280,43,183,141,100,185,194,273,21,78,309,320,320,244,310,306,291,314,151,28,260,292,,19,,,b'\x11\xe8\xe1I\xc6\x8fF\x8a\xaf\x82\x12\xdf\x17\xaeN\x1e'
11E8E149-C68F-468A-AF82-12DF17AE4E1E,2024-ncaa-d1-conf-SWAC,ncaa,9,8,9,9,9,9,9,9,10,9,7,10,11,10,10,10,3,3,9,3,3,7,9,10,10,7,10,11,2,7,8,8,8,7,8,5,3,2,3,3,7,7,10,11,,,2,2,,,6,10,6,3,4,8,5,4,2,11,9,2,3,3,2,3,4,7,5,3,4,6,9,,3,,,6,4,4,5,6,5,4,6,5,7,6,7,2,1,6,1,2,4,4,6,6,4,4,7,3,7,8,6,8,6,8,10,12,7,6,9,4,5,7,8,,,6,4,,,6,2,6,5,6,7,8,9,7,10,8,8,4,4,4,9,9,9,10,10,12,6,7,7,,3,,,b'\x11\xe8\xe1I\xc6\x8fF\x8a\xaf\x82\x12\xdf\x17\xaeN\x1e'
11E8E149-C68F-468A-AF82-12DF17AE4E1E,2024-ncaa-d1-natl,ncaa,190,177,194,197,202,178,197,139,281,106,37,282,342,325,346,344,36,13,325,15,60,99,97,320,297,268,309,351,14,39,52,223,290,130,183,162,129,194,132,180,25,26,259,283,,,217,159,,,112,119,65,50,151,181,66,64,17,347,329,16,7,7,30,23,26,211,71,141,205,18,267,,237,,,107,70,51,136,45,124,192,80,16,74,7,67,274,294,81,294,282,168,252,26,42,11,107,21,331,277,290,209,52,248,183,118,239,26,26,26,222,180,227,124,,,63,81,,,112,242,234,21,115,91,66,161,164,246,15,80,291,304,303,212,318,298,250,281,141,15,246,248,,30,,,b'\x11\xe8\xe1I\xc6\x8fF\x8a\xaf\x82\x12\xdf\x17\xaeN\x1e'
11E8E149-C68F-468A-AF82-12DF17AE4E1E,2025-ncaa-d0-natl,genius_ncaa,296,292,248,301,258,311,321,255,346,266,118,355,336,340,308,339,127,54,346,52,77,211,172,355,350,351,265,330,16,63,49,232,293,147,169,267,126,335,333,321,94,72,188,172,,,213,252,,187,286,214,92,88,319,332,220,242,66,338,342,80,23,22,134,47,27,177,55,251,346,55,172,,287,,235,286,89,54,91,91,105,128,136,33,88,21,106,312,314,151,310,319,123,173,61,111,78,188,42,344,254,293,152,49,197,169,221,345,103,80,148,330,324,276,239,,,149,153,,335,286,149,339,103,283,171,101,164,160,196,56,124,333,339,338,223,297,303,240,282,279,62,345,312,,80,,328,b'\x11\xe8\xe1I\xc6\x8fF\x8a\xaf\x82\x12\xdf\x17\xaeN\x1e'
11E8E149-C68F-468A-AF82-12DF17AE4E1E,2025-ncaa-d1-conf-SWAC,genius_ncaa,7,7,7,7,8,9,10,8,9,7,6,9,8,10,6,11,6,5,11,5,4,8,6,9,8,11,7,9,3,4,3,3,4,4,3,2,1,12,12,9,5,5,5,4,,,7,7,,12,8,7,4,3,9,9,7,7,5,9,9,5,4,4,5,3,3,3,4,2,12,4,4,,7,,12,8,4,2,5,4,3,4,7,4,10,3,10,7,6,11,6,8,6,6,4,5,5,8,6,10,3,4,4,3,2,3,11,12,5,5,8,12,11,10,10,,,5,6,,11,8,6,9,3,8,4,3,4,3,4,5,10,8,6,6,5,7,5,7,5,11,4,12,11,,4,,11,b'\x11\xe8\xe1I\xc6\x8fF\x8a\xaf\x82\x12\xdf\x17\xaeN\x1e'
11E8E149-C68F-468A-AF82-12DF17AE4E1E,2025-ncaa-d1-natl,genius_ncaa,279,292,172,290,183,258,261,189,309,183,74,329,338,341,315,343,83,39,346,35,76,152,101,337,334,337,305,339,22,35,34,157,245,84,105,208,112,342,320,293,65,54,148,143,,,238,223,,217,216,143,79,93,274,284,178,165,45,342,345,64,22,16,102,37,24,133,32,200,343,47,150,,264,,237,216,95,60,139,50,96,155,93,58,144,19,131,310,315,133,306,305,179,225,44,70,47,209,75,341,273,245,159,34,207,105,237,348,66,65,116,343,317,305,238,,,106,148,,337,216,215,320,61,218,117,73,148,108,164,73,143,316,321,314,202,296,284,183,245,267,46,342,320,,68,,336,b'\x11\xe8\xe1I\xc6\x8fF\x8a\xaf\x82\x12\xdf\x17\xaeN\x1e'
11E8E149-C68F-468A-AF82-12DF17AE4E1E,2026-ncaa-d0-natl,genius_ncaa,332,250,327,332,334,358,358,344,356,351,302,361,353,356,301,341,341,335,300,335,302,345,336,356,356,360,265,301,82,289,185,354,339,348,327,360,348,124,340,360,299,205,344,324,,,95,333,,141,338,338,107,97,357,356,271,321,97,350,349,284,243,246,288,143,134,355,324,358,345,174,319,,338,,295,352,62,64,17,352,101,28,358,18,23,116,103,169,174,131,163,329,21,27,343,347,332,75,30,295,59,339,40,185,37,327,94,236,304,150,250,141,326,260,340,,,336,208,,268,338,28,359,329,349,333,329,173,344,217,97,125,336,346,343,263,287,277,263,292,320,115,331,354,,195,,182,b'\x11\xe8\xe1I\xc6\x8fF\x8a\xaf\x82\x12\xdf\x17\xaeN\x1e'
11E8E149-C68F-468A-AF82-12DF17AE4E1E,2026-ncaa-d1-natl,genius_ncaa,301,294,177,317,197,306,310,246,350,277,157,353,327,307,321,313,151,138,238,141,149,233,189,351,346,345,214,315,32,157,196,323,347,291,333,328,300,299,313,346,213,244,289,315,,,281,287,,178,340,196,73,100,323,337,221,286,103,340,318,122,106,106,189,103,133,348,313,341,326,201,296,,328,,198,338,271,261,164,334,317,208,335,65,81,119,54,309,328,74,323,299,198,204,311,308,291,52,22,282,278,347,209,196,246,333,287,254,146,163,253,286,295,331,323,,,160,136,,211,340,179,344,310,337,327,321,221,342,299,77,92,329,345,344,293,320,315,271,311,322,120,305,343,,114,,208,b'\x11\xe8\xe1I\xc6\x8fF\x8a\xaf\x82\x12\xdf\x17\xaeN\x1e'
11E8E149-C693-F252-AF82-12DF17AE4E1E,2010-ncaa-d0-natl,ncaa,242,251,178,251,192,213,201,175,231,267,236,288,50,79,31,55,318,304,307,305,285,206,244,163,215,170,57,20,330,159,171,207,196,195,208,237,261,36,71,154,228,200,246,223,,,68,121,,,208,266,292,111,219,192,131,281,235,35,53,319,309,310,187,251,137,212,180,242,49,224,239,,79,,,207,144,192,154,216,118,63,266,299,286,216,321,29,35,128,33,85,117,87,272,232,272,235,318,28,144,196,203,171,179,208,168,154,280,261,273,89,148,34,51,,,286,277,,,208,81,147,283,212,178,219,181,133,53,309,310,40,44,42,128,70,174,248,234,199,284,120,43,,293,,,b'\x11\xe8\xe1I\xc6\x93\xf2R\xaf\x82\x12\xdf\x17\xaeN\x1e'
11E8E149-C693-F252-AF82-12DF17AE4E1E,2010-ncaa-d1-conf-America East,ncaa,5,4,6,5,9,5,5,6,4,5,7,5,2,4,1,4,7,7,8,7,7,6,7,4,5,4,3,2,8,5,4,8,6,7,5,8,9,3,3,5,6,4,8,8,,,3,5,,,4,8,5,9,4,2,5,5,5,2,3,7,7,7,5,4,4,7,7,8,3,5,8,,5,,,4,7,8,4,6,4,2,7,8,7,7,9,2,2,5,2,3,3,3,7,6,7,7,9,1,5,6,4,4,4,5,6,7,7,7,7,4,5,2,2,,,7,6,,,4,2,3,7,4,8,8,6,6,5,8,8,2,2,2,5,6,5,6,6,6,7,7,3,,7,,,b'\x11\xe8\xe1I\xc6\x93\xf2R\xaf\x82\x12\xdf\x17\xaeN\x1e'
11E8E149-C693-F252-AF82-12DF17AE4E1E,2010-ncaa-d1-natl,ncaa,250,251,191,257,207,226,217,188,236,289,254,290,54,83,30,54,321,313,307,315,285,218,268,168,219,172,56,20,331,172,176,232,199,211,216,255,265,24,72,161,242,202,248,225,,,55,123,,,211,294,295,106,221,200,135,285,240,37,54,320,308,309,187,254,138,216,185,249,48,226,239,,79,,,212,126,177,136,223,104,45,274,296,281,218,321,27,32,128,31,86,100,59,278,236,280,234,318,28,132,199,188,176,169,216,160,155,297,263,282,83,149,30,54,,,302,274,,,211,53,150,292,219,181,224,182,134,51,312,311,41,43,42,129,69,177,248,237,204,285,120,44,,295,,,b'\x11\xe8\xe1I\xc6\x93\xf2R\xaf\x82\x12\xdf\x17\xaeN\x1e'
11E8E149-C693-F252-AF82-12DF17AE4E1E,2011-ncaa-d0-natl,ncaa,99,83,119,101,135,245,233,196,246,210,195,233,209,174,262,159,259,209,298,194,188,194,210,250,265,250,197,161,211,183,226,40,8,78,50,236,197,127,171,218,218,189,297,296,,,23,27,,,129,217,296,126,281,262,245,244,229,215,189,277,236,219,256,280,208,11,54,259,125,233,303,,16,,,128,25,45,183,14,23,98,17,220,280,79,310,9,8,128,9,28,122,83,21,12,30,242,329,30,47,8,227,226,138,50,51,130,276,251,162,39,59,81,98,,,199,156,,,129,111,249,26,132,18,38,155,20,63,226,277,10,10,11,76,31,28,215,121,44,297,42,80,,223,,,b'\x11\xe8\xe1I\xc6\x93\xf2R\xaf\x82\x12\xdf\x17\xaeN\x1e'
11E8E149-C693-F252-AF82-12DF17AE4E1E,2011-ncaa-d1-conf-America East,ncaa,4,4,3,4,4,5,4,3,5,3,3,4,5,5,7,7,8,7,9,7,6,3,3,5,6,6,8,5,7,3,4,1,1,1,1,7,8,5,3,5,8,8,6,6,,,1,1,,,4,5,5,6,7,4,4,3,3,6,6,8,5,5,4,6,4,1,1,8,5,8,6,,1,,,4,1,4,9,2,5,9,2,3,8,1,8,1,1,3,1,1,7,4,1,1,1,2,6,1,2,1,8,4,6,1,2,1,8,8,7,2,2,3,1,,,6,7,,,4,5,6,1,4,1,5,8,5,8,3,8,1,1,1,6,3,1,8,6,1,9,2,3,,7,,,b'\x11\xe8\xe1I\xc6\x93\xf2R\xaf\x82\x12\xdf\x17\xaeN\x1e'
11E8E149-C693-F252-AF82-12DF17AE4E1E,2011-ncaa-d1-natl,ncaa,112,82,132,106,153,262,248,222,251,232,216,240,219,187,262,156,267,227,297,210,192,221,243,253,268,250,195,159,208,202,232,47,8,92,53,244,201,106,175,219,236,193,303,298,,,17,28,,,138,252,296,122,284,269,248,250,231,216,189,275,238,224,260,281,213,12,56,261,125,238,304,,16,,,137,14,33,155,15,16,79,19,210,272,83,310,6,6,129,6,27,93,63,23,12,34,238,327,29,35,8,210,232,114,53,40,132,292,258,170,30,60,74,104,,,218,157,,,138,79,249,30,140,19,41,158,22,65,228,275,10,10,11,77,30,29,217,124,47,300,43,81,,224,,,b'\x11\xe8\xe1I\xc6\x93\xf2R\xaf\x82\x12\xdf\x17\xaeN\x1e'
11E8E149-C693-F252-AF82-12DF17AE4E1E,2012-ncaa-d0-natl,ncaa,198,228,120,217,153,285,271,250,284,260,242,267,211,181,265,140,293,250,315,243,196,257,276,274,295,270,176,141,226,248,286,162,43,202,198,251,144,64,138,175,240,205,273,257,,,56,117,,,228,281,329,236,320,313,305,298,275,220,189,310,281,276,307,325,271,188,249,275,54,263,286,,38,,,224,62,74,105,108,66,70,165,171,242,69,290,67,46,285,45,93,84,54,122,121,183,200,256,107,50,43,251,286,152,198,90,154,290,264,230,35,70,25,43,,,188,60,,,228,66,280,154,226,52,61,67,55,32,163,227,58,39,40,42,10,30,229,131,84,312,31,24,,206,,,b'\x11\xe8\xe1I\xc6\x93\xf2R\xaf\x82\x12\xdf\x17\xaeN\x1e'
11E8E149-C693-F252-AF82-12DF17AE4E1E,2012-ncaa-d1-conf-America East,ncaa,6,6,3,6,3,7,7,6,7,8,8,7,5,4,6,3,7,6,9,6,6,6,7,6,7,6,5,4,7,5,8,2,1,5,4,7,5,6,8,6,6,6,6,4,,,4,6,,,7,7,7,3,7,7,7,8,9,5,4,8,6,6,7,7,7,2,5,7,6,6,6,,5,,,7,4,6,6,4,6,5,6,3,4,2,6,4,4,5,4,3,4,3,4,3,5,2,3,5,2,1,6,8,5,4,3,3,7,8,7,4,5,2,2,,,4,3,,,7,3,7,4,6,4,4,5,3,5,3,6,5,4,4,5,3,1,7,4,3,7,5,2,,5,,,b'\x11\xe8\xe1I\xc6\x93\xf2R\xaf\x82\x12\xdf\x17\xaeN\x1e'
11E8E149-C693-F252-AF82-12DF17AE4E1E,2012-ncaa-d1-natl,ncaa,208,227,137,224,179,299,291,276,290,285,269,272,220,188,270,139,304,275,314,267,197,283,309,278,295,275,170,141,221,265,293,183,49,233,205,268,147,49,141,180,258,213,285,257,,,43,117,,,238,307,330,234,320,316,309,305,281,221,187,312,283,279,310,326,277,195,254,278,54,269,291,,39,,,236,49,60,80,119,58,47,175,157,228,75,289,58,38,288,39,95,55,28,128,127,196,201,255,106,37,49,230,293,133,205,73,153,306,269,239,27,71,21,47,,,203,54,,,238,37,284,165,239,55,64,69,60,34,167,228,59,40,41,42,10,32,233,134,89,314,32,25,,204,,,b'\x11\xe8\xe1I\xc6\x93\xf2R\xaf\x82\x12\xdf\x17\xaeN\x1e'
11E8E149-C693-F252-AF82-12DF17AE4E1E,2013-ncaa-d0-natl,ncaa,317,325,183,321,236,316,319,289,318,290,227,320,280,272,268,239,244,199,314,202,148,278,280,320,319,316,193,225,85,309,330,149,65,241,266,289,167,137,227,274,294,289,297,296,,,142,235,,,312,255,239,267,332,332,308,298,222,279,272,253,187,191,297,294,313,97,238,297,166,298,299,,169,,,308,123,103,104,169,99,119,137,174,137,255,160,184,212,93,215,239,124,72,174,177,243,236,213,226,51,65,286,330,205,266,179,254,307,297,290,196,269,159,186,,,221,119,,,312,88,328,215,309,159,140,116,124,133,190,161,222,238,243,147,74,78,316,246,204,306,211,174,,212,,,b'\x11\xe8\xe1I\xc6\x93\xf2R\xaf\x82\x12\xdf\x17\xaeN\x1e'
11E8E149-C693-F252-AF82-12DF17AE4E1E,2013-ncaa-d1-conf-America East,ncaa,8,8,5,8,5,6,5,7,6,5,4,6,8,8,4,7,7,5,8,5,5,7,6,6,7,7,8,7,7,8,9,2,3,6,7,6,6,6,6,5,7,7,7,7,,,5,5,,,6,4,2,5,7,6,7,5,2,7,8,9,4,4,7,5,9,2,4,7,5,8,6,,7,,,6,5,6,8,3,7,8,5,6,5,5,4,7,7,4,7,5,6,5,4,5,6,5,5,6,7,3,8,9,8,7,7,7,7,7,8,5,6,7,6,,,7,7,,,6,6,8,6,6,7,7,7,6,8,6,5,7,7,7,7,7,7,8,8,7,7,6,7,,6,,,b'\x11\xe8\xe1I\xc6\x93\xf2R\xaf\x82\x12\xdf\x17\xaeN\x1e'
11E8E149-C693-F252-AF82-12DF17AE4E1E,2013-ncaa-d1-natl,ncaa,322,325,210,325,274,328,330,309,320,307,249,326,285,283,269,238,257,213,314,213,145,299,301,325,324,320,191,224,79,319,332,166,67,271,271,301,169,120,229,279,306,291,301,299,,,124,239,,,315,279,242,267,332,333,309,301,225,280,273,253,187,190,298,296,316,100,245,303,167,299,300,,170,,,315,106,90,75,174,87,89,142,162,127,256,160,178,200,97,204,240,92,49,177,184,252,237,214,228,47,67,273,332,191,271,170,253,315,302,297,188,270,155,191,,,234,117,,,315,60,330,228,313,163,144,119,129,132,193,158,223,239,244,148,75,79,314,250,209,309,214,180,,211,,,b'\x11\xe8\xe1I\xc6\x93\xf2R\xaf\x82\x12\xdf\x17\xaeN\x1e'
11E8E149-C693-F252-AF82-12DF17AE4E1E,2014-ncaa-d0-natl,ncaa,325,332,180,332,186,342,346,332,344,333,256,347,318,322,267,285,280,266,280,267,210,330,324,344,344,345,168,240,41,308,315,290,239,310,318,327,172,216,324,325,313,299,283,270,,,33,90,,,341,316,340,44,347,348,343,340,254,322,321,287,263,265,345,334,313,306,330,335,247,312,281,,42,,,340,82,130,102,238,106,89,211,230,167,307,248,14,11,305,10,21,49,35,263,232,246,147,290,20,110,239,200,315,167,318,264,319,279,217,306,282,334,150,220,,,271,107,,,341,31,345,261,343,110,179,109,141,89,254,193,26,12,13,41,23,143,240,210,286,278,288,177,,264,,,b'\x11\xe8\xe1I\xc6\x93\xf2R\xaf\x82\x12\xdf\x17\xaeN\x1e'
11E8E149-C693-F252-AF82-12DF17AE4E1E,2014-ncaa-d1-conf-America East,ncaa,9,9,5,9,5,9,9,8,9,9,5,9,9,8,7,8,4,4,9,4,2,8,8,9,9,9,5,7,1,5,6,8,5,7,8,9,5,6,7,9,9,9,8,8,,,1,3,,,9,8,8,2,9,9,8,9,5,8,8,4,3,3,8,7,5,9,7,9,7,9,7,,1,,,9,4,8,4,7,7,4,7,6,4,7,5,1,1,6,1,1,2,2,7,7,8,2,6,1,5,5,7,6,7,8,7,5,7,7,8,8,9,7,8,,,4,2,,,9,2,9,7,9,7,8,5,7,4,7,5,1,1,1,4,3,5,8,8,7,7,8,7,,4,,,b'\x11\xe8\xe1I\xc6\x93\xf2R\xaf\x82\x12\xdf\x17\xaeN\x1e'
11E8E149-C693-F252-AF82-12DF17AE4E1E,2014-ncaa-d1-natl,ncaa,332,331,211,335,218,346,348,338,345,342,276,347,325,327,268,285,290,279,279,279,209,338,334,345,346,346,167,242,40,316,317,306,247,329,320,332,178,202,325,326,319,300,291,275,,,22,92,,,342,331,340,39,347,348,344,341,259,322,321,289,267,268,345,336,317,308,333,338,249,314,281,,43,,,342,64,117,75,245,92,63,217,220,154,309,246,12,8,307,8,22,31,22,273,241,257,148,289,20,98,247,180,317,147,320,256,318,297,223,313,262,336,143,223,,,297,104,,,342,17,346,274,344,112,188,111,146,90,255,191,26,12,13,41,23,143,238,218,289,279,289,185,,269,,,b'\x11\xe8\xe1I\xc6\x93\xf2R\xaf\x82\x12\xdf\x17\xaeN\x1e'
11E8E149-C693-F252-AF82-12DF17AE4E1E,2015-ncaa-d0-natl,ncaa,331,338,172,334,229,267,299,282,285,334,324,280,108,92,162,51,187,225,80,230,63,275,287,232,203,217,21,43,85,313,327,296,340,321,343,259,145,120,212,231,281,295,302,332,,,75,66,,,329,255,252,283,287,323,307,340,326,91,85,174,234,234,306,310,314,317,334,263,145,282,309,,91,,,327,293,321,264,318,332,292,322,114,126,138,91,135,73,344,73,39,231,160,299,296,335,13,52,66,314,340,245,327,293,343,318,225,300,312,340,167,236,68,190,,,207,99,,,329,105,263,342,329,312,332,317,340,328,119,128,138,91,91,292,191,334,267,323,327,304,186,70,,200,,,b'\x11\xe8\xe1I\xc6\x93\xf2R\xaf\x82\x12\xdf\x17\xaeN\x1e'
11E8E149-C693-F252-AF82-12DF17AE4E1E,2015-ncaa-d1-conf-America East,ncaa,8,8,5,8,8,8,9,7,8,9,7,9,4,4,3,4,2,3,1,3,1,7,5,8,7,8,1,3,1,7,8,8,9,9,9,7,6,6,7,6,7,7,8,8,,,4,2,,,8,5,4,4,8,9,8,9,8,4,5,2,3,3,6,5,6,9,8,7,7,6,8,,5,,,8,9,9,9,7,9,9,8,2,7,3,5,6,4,7,4,1,9,6,7,6,7,1,2,3,9,9,8,8,9,9,9,4,7,8,9,6,7,6,7,,,4,2,,,8,6,7,9,8,9,9,9,9,9,5,7,6,6,6,9,9,9,8,9,9,7,7,6,,2,,,b'\x11\xe8\xe1I\xc6\x93\xf2R\xaf\x82\x12\xdf\x17\xaeN\x1e'
11E8E149-C693-F252-AF82-12DF17AE4E1E,2015-ncaa-d1-natl,ncaa,336,338,209,339,275,291,321,312,290,342,335,287,119,107,165,52,202,247,77,251,62,305,321,242,213,223,20,45,81,323,331,320,340,336,343,287,145,97,216,238,296,302,313,333,,,53,70,,,331,299,258,285,295,329,308,343,327,92,85,176,234,238,312,314,317,319,336,278,144,286,311,,92,,,331,278,315,234,325,332,274,325,98,101,144,86,111,60,343,60,38,205,120,305,302,338,12,49,65,307,340,218,331,275,343,311,226,314,315,342,153,239,60,198,,,240,95,,,331,63,269,343,332,315,333,318,342,328,124,128,137,92,93,294,191,336,269,324,327,308,190,71,,199,,,b'\x11\xe8\xe1I\xc6\x93\xf2R\xaf\x82\x12\xdf\x17\xaeN\x1e'
11E8E149-C693-F252-AF82-12DF17AE4E1E,2016-ncaa-d0-natl,ncaa,239,204,287,238,307,334,339,312,337,323,226,344,297,315,173,282,209,244,117,248,216,309,323,340,329,310,148,223,25,308,313,315,316,329,343,320,222,25,141,252,124,64,159,165,,,3,11,,,264,319,271,172,326,343,259,308,136,283,303,166,195,203,257,294,283,295,313,320,84,77,129,,12,,,268,24,80,58,205,156,167,168,37,22,208,38,7,4,267,4,9,26,36,161,126,108,15,77,23,199,316,239,313,225,343,128,212,214,115,183,86,205,93,116,,,331,263,,,264,27,321,159,278,102,202,174,260,291,59,31,18,13,14,98,114,288,328,327,209,138,164,151,,307,,,b'\x11\xe8\xe1I\xc6\x93\xf2R\xaf\x82\x12\xdf\x17\xaeN\x1e'
11E8E149-C693-F252-AF82-12DF17AE4E1E,2016-ncaa-d1-conf-America East,ncaa,3,3,3,3,4,5,7,3,9,7,2,9,6,8,3,8,2,2,5,2,2,3,2,9,8,7,2,6,1,4,8,4,8,5,9,8,9,7,5,7,2,5,2,2,,,5,1,,,5,2,5,6,8,8,6,7,2,6,8,2,2,2,3,5,5,7,6,9,7,3,2,,5,,,5,5,8,9,3,8,8,5,2,6,2,2,4,4,5,4,2,8,9,3,3,3,1,2,4,9,8,9,8,9,9,5,4,3,5,3,6,5,9,8,,,3,4,,,5,8,8,4,5,4,7,7,7,7,2,4,5,5,5,7,8,8,9,9,4,3,6,9,,4,,,b'\x11\xe8\xe1I\xc6\x93\xf2R\xaf\x82\x12\xdf\x17\xaeN\x1e'
11E8E149-C693-F252-AF82-12DF17AE4E1E,2016-ncaa-d1-natl,ncaa,191,204,142,205,179,293,299,236,322,265,142,339,273,302,131,288,194,212,152,219,253,233,277,326,312,282,185,230,59,270,303,241,290,277,330,286,206,46,112,204,85,56,108,125,,,7,8,,,219,262,290,199,315,321,253,276,125,272,308,200,220,224,257,303,276,261,299,297,64,70,112,,8,,,217,41,128,165,138,198,242,119,41,41,90,50,12,8,260,9,7,90,116,85,58,59,13,72,22,267,290,296,303,302,330,153,213,148,111,152,123,197,122,103,,,320,304,,,219,79,298,95,224,49,141,158,221,273,39,39,12,9,9,77,91,278,314,309,170,135,153,132,,328,,,b'\x11\xe8\xe1I\xc6\x93\xf2R\xaf\x82\x12\xdf\x17\xaeN\x1e'
11E8E149-C693-F252-AF82-12DF17AE4E1E,2017-ncaa-d0-natl,ncaa,237,210,291,232,295,282,303,292,295,342,335,309,90,89,114,28,267,292,119,293,105,298,320,234,218,203,13,14,174,335,338,264,206,320,330,314,258,36,141,226,139,86,56,33,,,17,45,,,201,298,202,93,239,282,218,340,318,48,43,212,249,251,234,274,327,167,291,290,106,90,39,,48,,,201,36,53,61,140,51,75,100,167,116,277,217,32,22,199,23,74,38,44,156,135,107,200,272,74,112,206,257,338,213,330,78,184,177,91,115,64,154,133,279,,,303,207,,,201,48,246,121,209,122,154,177,120,162,233,191,68,59,61,125,170,213,338,314,154,101,120,195,,252,,,b'\x11\xe8\xe1I\xc6\x93\xf2R\xaf\x82\x12\xdf\x17\xaeN\x1e'
11E8E149-C693-F252-AF82-12DF17AE4E1E,2017-ncaa-d1-conf-America East,ncaa,5,5,5,5,6,6,6,5,7,8,8,8,1,1,2,2,4,6,2,6,3,5,5,7,6,6,2,2,4,9,9,6,9,9,9,7,7,3,4,6,5,6,1,1,,,4,2,,,6,5,4,3,6,7,5,8,8,1,1,3,5,5,4,4,9,6,9,7,5,4,1,,3,,,6,4,7,5,6,6,6,3,5,3,9,3,3,3,4,3,2,4,6,5,4,5,5,5,2,9,9,7,9,9,9,5,4,4,4,6,3,5,5,6,,,6,6,,,6,5,7,7,6,6,8,7,7,8,5,4,3,3,3,7,7,9,8,9,5,3,5,6,,6,,,b'\x11\xe8\xe1I\xc6\x93\xf2R\xaf\x82\x12\xdf\x17\xaeN\x1e'
11E8E149-C693-F252-AF82-12DF17AE4E1E,2017-ncaa-d1-natl,ncaa,215,210,217,219,241,253,282,258,287,334,328,298,70,66,121,32,233,264,104,265,113,267,293,218,206,194,13,16,177,332,339,221,229,305,334,279,233,56,125,209,102,71,42,27,,,22,37,,,184,245,190,98,233,270,211,336,316,51,46,208,250,253,224,272,328,172,297,273,97,75,28,,43,,,184,55,102,119,133,104,129,102,186,145,263,207,27,25,151,25,50,75,107,151,109,87,151,261,50,190,229,305,339,281,334,110,170,134,86,109,84,150,166,277,,,280,221,,,184,94,237,111,190,110,160,192,140,190,223,184,52,49,51,131,185,237,338,323,153,90,120,203,,265,,,b'\x11\xe8\xe1I\xc6\x93\xf2R\xaf\x82\x12\xdf\x17\xaeN\x1e'
11E8E149-C693-F252-AF82-12DF17AE4E1E,2018-ncaa-d0-natl,ncaa,99,94,117,104,122,179,190,143,253,223,188,242,109,98,172,94,187,212,134,208,183,153,151,223,226,217,90,94,180,198,258,76,171,105,215,236,295,157,162,241,45,42,12,8,,,5,5,,,95,144,219,29,205,215,151,257,222,104,97,210,222,222,168,184,218,65,109,283,152,45,10,,5,,,94,52,105,227,30,91,230,20,195,190,184,206,3,7,42,7,6,170,209,37,20,14,138,296,10,261,171,285,258,294,215,111,151,88,92,67,261,251,17,33,,,148,146,,,95,185,221,21,105,38,76,222,63,224,184,182,4,7,7,121,192,257,275,278,100,87,251,17,,165,,,b'\x11\xe8\xe1I\xc6\x93\xf2R\xaf\x82\x12\xdf\x17\xaeN\x1e'
11E8E149-C693-F252-AF82-12DF17AE4E1E,2018-ncaa-d1-conf-America East,ncaa,4,3,6,3,6,6,6,5,9,7,6,9,4,6,4,5,3,3,6,3,2,5,5,7,6,6,3,5,2,6,7,1,2,3,4,8,8,4,6,8,4,4,1,1,,,1,1,,,4,4,4,1,5,5,4,7,5,4,4,3,2,2,3,3,5,1,1,8,6,3,1,,1,,,4,1,1,6,1,1,6,1,7,6,7,7,1,1,2,1,1,2,5,1,1,1,6,9,1,3,2,7,7,7,4,1,1,4,4,3,8,7,3,4,,,2,2,,,4,6,6,1,5,2,3,7,2,8,8,6,1,1,1,6,6,5,9,9,2,3,8,5,,2,,,b'\x11\xe8\xe1I\xc6\x93\xf2R\xaf\x82\x12\xdf\x17\xaeN\x1e'
11E8E149-C693-F252-AF82-12DF17AE4E1E,2018-ncaa-d1-natl,ncaa,95,94,97,98,102,162,179,124,254,227,207,254,83,76,158,84,200,218,134,215,189,129,131,220,220,215,80,78,197,172,241,60,169,80,198,228,271,176,161,231,45,46,10,8,,,4,6,,,83,117,216,33,203,213,139,266,231,91,80,217,231,229,165,169,192,49,87,267,156,47,9,,6,,,80,37,101,253,24,78,240,16,194,215,149,223,3,4,42,4,6,191,228,26,15,11,140,293,11,285,169,288,241,302,198,100,153,83,96,67,274,254,24,40,,,165,178,,,83,212,217,20,87,34,71,228,55,219,182,197,3,7,7,127,196,267,264,277,95,88,259,24,,179,,,b'\x11\xe8\xe1I\xc6\x93\xf2R\xaf\x82\x12\xdf\x17\xaeN\x1e'
11E8E149-C693-F252-AF82-12DF17AE4E1E,2019-ncaa-d0-natl,ncaa,253,224,292,250,300,307,297,304,259,302,303,238,198,188,217,107,320,332,99,332,278,318,313,230,235,268,131,107,250,258,179,216,138,237,138,262,148,230,311,266,269,221,161,106,,,68,173,,,251,315,255,160,281,273,256,279,268,152,135,294,313,316,294,230,197,104,140,232,279,232,124,,150,,,255,54,59,65,114,53,53,155,133,164,116,254,114,95,260,95,197,57,33,132,142,201,240,232,203,72,138,51,179,45,138,91,198,320,286,267,266,319,68,170,,,313,260,,,251,33,267,211,259,158,145,175,124,127,213,250,194,169,169,165,103,168,139,152,170,288,302,118,,279,,,b'\x11\xe8\xe1I\xc6\x93\xf2R\xaf\x82\x12\xdf\x17\xaeN\x1e'
11E8E149-C693-F252-AF82-12DF17AE4E1E,2019-ncaa-d1-conf-America East,ncaa,5,5,5,5,5,5,5,5,5,5,4,6,5,5,5,5,3,5,2,5,4,5,5,6,5,5,6,5,4,4,4,2,4,3,3,5,6,7,4,6,5,7,4,3,,,7,7,,,4,4,2,2,4,5,4,4,3,5,5,2,2,2,3,2,2,1,2,5,8,5,3,,9,,,4,6,4,7,2,5,5,3,4,6,2,5,7,8,6,8,8,9,6,3,3,4,6,4,7,6,4,4,4,6,3,5,5,7,7,5,6,5,6,6,,,4,4,,,4,6,5,4,5,7,6,7,6,7,7,6,7,8,8,9,8,7,5,6,5,6,7,6,,1,,,b'\x11\xe8\xe1I\xc6\x93\xf2R\xaf\x82\x12\xdf\x17\xaeN\x1e'
11E8E149-C693-F252-AF82-12DF17AE4E1E,2019-ncaa-d1-natl,ncaa,232,224,233,234,272,283,273,283,242,285,282,223,186,176,227,115,290,313,91,315,268,303,283,226,223,264,150,127,236,238,184,174,114,200,130,238,141,262,315,267,256,218,129,104,,,92,158,,,255,287,250,171,279,273,265,276,264,169,148,282,309,309,297,237,213,97,145,217,287,230,106,,133,,,254,80,90,102,128,87,93,157,167,192,137,247,134,117,233,117,186,96,53,148,149,211,220,228,185,74,114,72,184,64,130,124,175,301,274,254,277,319,66,135,,,290,252,,,255,57,268,210,258,160,157,170,134,132,205,235,175,161,163,166,100,133,136,133,162,276,303,90,,274,,,b'\x11\xe8\xe1I\xc6\x93\xf2R\xaf\x82\x12\xdf\x17\xaeN\x1e'
11E8E149-C693-F252-AF82-12DF17AE4E1E,2020-ncaa-d0-natl,ncaa,52,55,87,60,136,128,132,127,145,137,122,194,128,158,80,178,137,217,31,215,238,146,201,138,127,90,154,158,167,166,177,151,144,156,164,185,257,46,45,109,205,197,120,166,,,73,65,,,60,199,253,213,135,146,137,156,140,141,177,140,228,230,165,251,188,173,184,214,33,224,134,,61,,,61,80,136,174,112,214,294,64,40,25,202,22,66,71,161,69,32,134,157,76,70,59,15,52,112,158,144,203,177,185,164,15,2,138,127,23,48,51,8,7,,,121,100,,,60,154,85,61,57,56,108,125,191,292,34,21,60,68,66,87,109,135,172,159,10,154,41,7,,144,,,b'\x11\xe8\xe1I\xc6\x93\xf2R\xaf\x82\x12\xdf\x17\xaeN\x1e'
11E8E149-C693-F252-AF82-12DF17AE4E1E,2020-ncaa-d1-conf-America East,ncaa,4,4,1,4,3,3,3,3,6,6,4,8,2,2,2,3,1,3,3,3,4,2,3,5,4,3,2,3,2,3,5,2,2,3,4,5,7,4,3,3,2,2,1,2,,,5,4,,,3,2,3,5,3,3,3,6,4,2,3,1,4,4,2,4,3,4,5,7,3,2,1,,4,,,3,6,7,6,5,8,9,4,1,1,7,1,4,3,5,3,1,6,7,5,3,2,2,2,4,3,2,8,5,6,4,1,1,2,4,1,4,1,1,1,,,2,1,,,3,8,3,2,3,3,4,3,7,9,1,1,3,1,1,3,5,3,7,3,1,3,4,1,,2,,,b'\x11\xe8\xe1I\xc6\x93\xf2R\xaf\x82\x12\xdf\x17\xaeN\x1e'
11E8E149-C693-F252-AF82-12DF17AE4E1E,2020-ncaa-d1-natl,ncaa,47,55,45,57,96,110,113,103,142,133,119,206,124,158,73,177,142,224,29,225,254,119,179,140,126,95,152,149,179,165,183,132,137,142,162,185,265,49,45,115,207,207,125,171,,,88,77,,,61,184,255,230,147,149,147,164,141,138,179,164,244,243,176,256,192,167,190,224,34,224,139,,70,,,63,92,140,174,116,232,302,71,33,23,171,19,84,89,128,91,43,149,162,74,69,59,14,41,132,156,137,225,183,204,162,13,1,134,132,23,46,49,9,7,,,133,119,,,61,167,86,60,58,58,103,113,194,283,27,16,74,82,81,87,96,126,177,160,9,164,42,7,,166,,,b'\x11\xe8\xe1I\xc6\x93\xf2R\xaf\x82\x12\xdf\x17\xaeN\x1e'
11E8E149-C693-F252-AF82-12DF17AE4E1E,2021-ncaa-d0-natl,ncaa,265,165,293,258,299,312,298,301,219,278,281,220,321,318,307,290,330,324,338,325,340,309,307,259,301,303,339,295,338,307,268,295,257,304,274,316,322,57,283,308,287,185,220,165,,,31,104,,,219,303,256,224,322,260,254,136,111,326,312,343,333,335,311,295,251,193,241,316,243,201,121,,98,,,234,30,35,46,84,71,76,84,11,16,18,3,44,54,41,50,82,41,42,38,37,34,4,3,221,78,257,52,268,54,274,13,3,284,124,10,103,308,26,40,,,312,223,,,219,41,313,54,227,47,91,122,237,302,3,4,132,187,176,113,130,268,222,258,5,132,284,45,,268,,,b'\x11\xe8\xe1I\xc6\x93\xf2R\xaf\x82\x12\xdf\x17\xaeN\x1e'
11E8E149-C693-F252-AF82-12DF17AE4E1E,2021-ncaa-d1-conf-America East,ncaa,5,7,5,6,5,6,4,5,5,4,5,5,8,8,9,9,7,7,10,7,9,5,6,7,7,6,10,9,9,5,8,6,9,6,9,7,8,5,7,7,5,7,4,7,,,5,3,,,6,6,5,1,7,5,5,3,3,9,9,9,9,9,8,7,6,4,7,8,7,6,5,,4,,,5,6,6,5,6,8,8,5,3,3,2,1,7,8,4,7,6,6,5,3,5,5,1,1,10,7,9,6,8,6,9,3,1,5,4,1,8,10,5,2,,,6,7,,,6,5,7,5,5,5,6,7,8,9,1,1,8,9,8,7,7,9,8,9,1,4,10,3,,6,,,b'\x11\xe8\xe1I\xc6\x93\xf2R\xaf\x82\x12\xdf\x17\xaeN\x1e'
11E8E149-C693-F252-AF82-12DF17AE4E1E,2021-ncaa-d1-natl,ncaa,277,165,299,266,304,314,302,306,228,285,288,227,322,319,309,289,330,324,338,325,340,311,309,264,301,306,338,294,338,308,272,300,266,306,282,319,324,52,288,310,295,193,227,167,,,30,106,,,229,307,263,225,324,273,260,146,113,327,314,343,333,335,313,297,257,200,247,319,245,208,122,,99,,,245,28,31,40,96,64,70,90,11,15,19,3,42,51,43,48,86,36,38,39,38,37,4,3,220,67,266,48,272,51,282,13,5,289,127,11,94,312,25,41,,,315,223,,,229,37,316,61,239,48,95,129,243,306,3,4,139,188,178,118,132,269,224,261,5,139,285,45,,269,,,b'\x11\xe8\xe1I\xc6\x93\xf2R\xaf\x82\x12\xdf\x17\xaeN\x1e'
11E8E149-C693-F252-AF82-12DF17AE4E1E,2022-ncaa-d0-natl,ncaa,295,288,260,297,277,310,286,291,243,251,258,203,291,265,307,190,334,348,96,349,348,309,312,259,282,277,296,230,305,331,332,243,231,297,300,261,172,110,248,222,290,260,219,217,,,45,108,,,226,296,274,185,321,281,280,213,208,276,237,338,348,348,309,325,329,179,295,237,188,271,194,,91,,,227,31,60,76,138,166,156,205,3,19,1,38,38,75,3,73,100,64,70,72,52,55,3,5,110,165,231,155,332,145,300,17,21,242,159,65,240,322,66,115,,,321,255,,,226,58,309,81,228,57,128,132,260,267,4,36,69,126,127,131,126,240,265,264,38,181,286,93,,310,,,b'\x11\xe8\xe1I\xc6\x93\xf2R\xaf\x82\x12\xdf\x17\xaeN\x1e'
11E8E149-C693-F252-AF82-12DF17AE4E1E,2022-ncaa-d1-conf-America East,ncaa,7,8,4,7,6,6,5,5,8,4,3,7,8,7,9,7,9,10,5,10,10,5,7,8,8,7,9,7,7,9,10,3,4,6,8,6,5,5,4,4,9,9,4,6,,,4,4,,,5,5,3,3,7,4,3,4,4,8,8,7,9,9,5,8,9,3,4,6,4,9,5,,4,,,5,6,8,7,6,9,8,6,1,2,1,1,4,5,1,5,4,7,5,5,5,6,1,1,3,7,4,10,10,9,8,3,2,8,8,6,8,9,4,3,,,7,6,,,5,5,7,5,6,5,7,6,8,8,1,2,5,6,6,7,6,7,10,9,4,9,8,3,,6,,,b'\x11\xe8\xe1I\xc6\x93\xf2R\xaf\x82\x12\xdf\x17\xaeN\x1e'
11E8E149-C693-F252-AF82-12DF17AE4E1E,2022-ncaa-d1-natl,ncaa,283,288,213,293,237,291,261,272,214,230,236,191,261,252,270,189,317,330,107,332,337,294,295,230,249,256,267,213,289,326,326,207,222,280,291,229,138,159,252,204,269,260,194,213,,,87,130,,,209,267,266,198,310,267,286,212,215,259,235,318,338,339,314,322,329,168,290,221,191,262,187,,128,,,209,42,79,110,123,203,208,184,3,24,1,33,61,131,1,129,124,110,104,60,41,42,4,4,134,203,222,182,326,185,291,17,16,201,154,51,280,327,68,94,,,295,234,,,209,88,286,68,208,53,112,132,251,265,3,33,87,162,156,137,139,238,241,244,23,175,289,76,,294,,,b'\x11\xe8\xe1I\xc6\x93\xf2R\xaf\x82\x12\xdf\x17\xaeN\x1e'
11E8E149-C693-F252-AF82-12DF17AE4E1E,2023-ncaa-d0-natl,ncaa,242,203,290,239,303,287,238,231,238,202,149,268,273,298,184,275,340,331,298,331,352,271,299,249,276,252,307,230,327,270,271,246,192,267,265,228,196,50,128,156,133,72,298,303,,,75,133,,,195,293,172,192,254,188,106,135,62,247,277,332,316,318,169,204,225,158,196,184,121,77,291,,144,,,197,35,56,52,187,100,124,142,45,28,214,58,53,115,4,118,168,51,71,155,114,74,57,92,139,107,192,196,271,161,265,27,52,165,73,39,66,141,301,304,,,336,326,,,195,68,262,83,196,102,158,119,205,255,82,53,109,197,203,127,193,197,311,292,61,87,140,339,,322,,,b'\x11\xe8\xe1I\xc6\x93\xf2R\xaf\x82\x12\xdf\x17\xaeN\x1e'
11E8E149-C693-F252-AF82-12DF17AE4E1E,2023-ncaa-d1-conf-America East,ncaa,6,6,5,6,6,5,5,3,6,5,2,6,6,7,5,8,5,5,8,6,8,3,4,6,6,6,8,8,6,7,8,5,4,7,6,4,3,1,1,3,1,1,9,9,,,7,7,,,5,3,1,3,3,3,1,2,2,6,6,5,4,4,1,2,5,5,7,3,2,1,9,,8,,,5,6,5,3,8,4,2,6,6,5,7,5,5,6,1,7,7,2,5,8,8,3,8,6,6,2,4,9,8,8,6,3,5,1,1,3,5,4,8,7,,,6,7,,,5,5,6,4,5,5,6,5,5,3,6,5,7,7,7,4,7,4,8,7,4,1,6,8,,5,,,b'\x11\xe8\xe1I\xc6\x93\xf2R\xaf\x82\x12\xdf\x17\xaeN\x1e'
11E8E149-C693-F252-AF82-12DF17AE4E1E,2023-ncaa-d1-natl,ncaa,219,203,219,219,266,263,226,205,236,181,114,264,266,292,199,281,317,308,282,310,348,238,261,253,271,249,304,237,301,266,287,186,162,231,259,211,184,81,145,157,112,78,258,273,,,93,122,,,190,251,169,201,256,210,139,142,72,260,288,315,299,301,191,213,241,129,195,190,138,90,251,,132,,,190,48,72,78,161,131,178,122,50,40,165,60,71,149,6,150,160,84,109,126,93,63,56,83,158,128,162,255,287,222,259,30,52,136,81,41,106,149,308,287,,,317,318,,,190,116,269,65,186,86,127,123,183,254,67,55,106,196,196,132,193,187,314,288,51,92,147,323,,316,,,b'\x11\xe8\xe1I\xc6\x93\xf2R\xaf\x82\x12\xdf\x17\xaeN\x1e'
11E8E149-C693-F252-AF82-12DF17AE4E1E,2024-ncaa-d0-natl,ncaa,225,209,258,228,289,256,227,314,93,256,315,104,142,194,70,85,345,353,121,355,329,333,343,88,103,114,166,73,343,346,322,280,282,331,296,181,99,43,181,107,290,255,169,182,,,149,277,,,158,328,325,263,232,193,306,233,299,120,161,342,351,353,330,347,339,257,342,133,94,273,147,,215,,,158,36,61,53,171,138,178,122,5,6,112,3,128,227,1,227,224,66,55,103,77,115,14,11,246,197,282,49,322,86,296,5,5,271,200,31,35,131,55,145,,,348,294,,,158,37,158,152,149,78,94,76,225,284,6,6,179,264,269,104,76,255,110,165,8,236,67,77,,343,,,b'\x11\xe8\xe1I\xc6\x93\xf2R\xaf\x82\x12\xdf\x17\xaeN\x1e'
11E8E149-C693-F252-AF82-12DF17AE4E1E,2024-ncaa-d1-conf-America East,ncaa,4,4,3,4,3,3,3,3,3,4,8,2,3,2,5,2,6,6,2,6,6,3,3,3,3,3,3,4,7,9,8,3,8,6,7,4,5,6,6,3,4,5,5,5,,,9,9,,,4,2,5,3,3,3,6,4,9,3,2,6,7,8,7,7,9,3,5,4,5,4,5,,9,,,4,6,5,7,3,5,8,2,2,3,3,2,9,9,4,9,8,8,9,2,3,4,7,2,9,8,8,5,8,9,7,2,2,3,6,1,3,2,3,3,,,5,5,,,4,8,4,4,4,4,4,5,6,7,2,2,9,9,9,7,8,8,5,5,2,4,3,2,,6,,,b'\x11\xe8\xe1I\xc6\x93\xf2R\xaf\x82\x12\xdf\x17\xaeN\x1e'
11E8E149-C693-F252-AF82-12DF17AE4E1E,2024-ncaa-d1-natl,ncaa,218,211,194,225,238,240,212,275,110,242,286,120,135,175,78,98,342,349,135,350,335,309,329,103,116,121,173,76,345,331,311,261,279,314,296,164,120,56,160,101,284,259,162,189,,,166,251,,,167,315,327,264,248,196,292,234,282,128,166,343,352,353,324,343,333,262,331,145,80,276,153,,196,,,167,55,86,80,195,206,233,135,11,9,151,6,144,228,2,230,192,91,77,129,97,117,13,16,221,229,279,97,311,137,296,6,5,249,194,36,43,106,55,121,,,336,286,,,167,60,163,154,156,81,110,84,233,284,11,7,157,242,244,105,74,252,127,176,9,232,54,61,,338,,,b'\x11\xe8\xe1I\xc6\x93\xf2R\xaf\x82\x12\xdf\x17\xaeN\x1e'
11E8E149-C693-F252-AF82-12DF17AE4E1E,2025-ncaa-d0-natl,genius_ncaa,220,147,335,203,354,336,333,356,175,316,344,152,280,293,232,163,301,301,180,297,126,356,357,176,176,197,178,192,155,295,145,347,310,343,214,301,187,56,254,232,170,59,285,214,,,4,38,,110,188,357,349,349,293,293,344,267,301,243,243,240,251,244,339,343,231,313,303,255,162,100,251,,19,,182,190,9,24,15,207,26,7,241,116,102,193,309,2,3,8,3,38,4,7,228,166,142,147,299,12,124,310,3,145,9,214,176,349,281,120,264,27,167,100,276,,,331,126,,301,188,5,196,185,188,70,125,82,103,49,226,222,5,19,19,36,32,249,35,97,297,173,103,193,,254,,266,b'\x11\xe8\xe1I\xc6\x93\xf2R\xaf\x82\x12\xdf\x17\xaeN\x1e'
11E8E149-C693-F252-AF82-12DF17AE4E1E,2025-ncaa-d1-conf-America East,genius_ncaa,6,6,5,6,6,6,6,7,6,6,6,6,7,7,7,5,2,3,5,2,2,7,7,6,5,5,4,6,2,4,4,6,8,6,6,6,3,4,4,6,1,1,4,4,,,2,3,,5,4,7,5,3,6,6,7,6,6,6,5,2,2,1,4,5,3,3,3,6,5,1,4,,4,,5,4,4,4,5,3,2,2,5,9,9,5,9,2,2,2,2,4,4,5,4,4,3,8,9,2,8,8,3,4,8,6,9,9,3,5,8,2,3,5,6,,,4,2,,6,4,3,6,4,4,5,5,7,3,3,9,9,2,4,4,7,8,8,5,7,9,4,3,6,,3,,6,b'\x11\xe8\xe1I\xc6\x93\xf2R\xaf\x82\x12\xdf\x17\xaeN\x1e'
11E8E149-C693-F252-AF82-12DF17AE4E1E,2025-ncaa-d1-natl,genius_ncaa,222,147,341,202,354,334,332,356,181,324,342,152,285,288,245,169,293,304,181,302,132,355,355,183,182,204,187,203,147,288,145,340,302,339,203,315,204,68,259,251,179,80,273,196,,,6,34,,108,186,359,351,349,306,298,343,274,301,249,242,243,254,247,337,343,223,290,291,276,168,117,236,,17,,175,188,8,26,15,192,28,10,232,119,108,154,311,2,3,4,3,38,6,5,209,138,133,132,298,9,132,302,4,145,9,203,191,350,291,147,289,44,184,106,277,,,329,115,,306,186,4,204,178,191,66,123,102,97,57,212,231,5,18,18,46,31,255,37,97,304,205,122,197,,246,,277,b'\x11\xe8\xe1I\xc6\x93\xf2R\xaf\x82\x12\xdf\x17\xaeN\x1e'
11E8E149-C693-F252-AF82-12DF17AE4E1E,2026-ncaa-d0-natl,genius_ncaa,212,80,327,171,327,315,303,331,134,292,318,155,278,311,107,208,309,327,78,328,251,333,331,133,130,180,190,166,203,312,169,343,349,339,315,325,321,76,279,274,312,269,358,363,,,97,312,,245,244,333,154,3,145,137,151,138,139,148,191,164,213,216,164,87,180,291,262,240,306,210,356,,342,,353,268,58,68,38,309,101,64,301,28,21,195,53,116,137,82,137,255,43,38,284,275,282,66,49,229,178,349,21,169,49,315,54,108,316,221,220,90,269,59,176,,,299,94,,286,244,31,187,317,263,330,337,313,344,345,135,117,309,328,330,335,343,353,181,319,266,137,287,197,,62,,214,b'\x11\xe8\xe1I\xc6\x93\xf2R\xaf\x82\x12\xdf\x17\xaeN\x1e'
11E8E149-C693-F252-AF82-12DF17AE4E1E,2026-ncaa-d1-natl,genius_ncaa,163,80,271,145,271,229,220,276,115,203,251,121,223,258,132,186,221,273,52,279,244,279,287,121,109,134,202,182,190,220,126,343,350,328,307,275,321,133,213,243,98,47,362,363,,,171,285,,246,171,289,164,6,97,92,99,91,128,145,167,134,193,196,120,87,122,336,282,210,252,39,362,,320,,309,166,106,106,50,287,130,96,265,58,31,253,72,174,204,76,202,278,59,88,274,278,196,127,89,251,253,350,55,126,120,307,92,130,132,49,87,122,198,91,140,,,224,123,,245,171,66,132,237,175,265,257,159,279,245,130,83,278,300,300,205,317,338,162,280,200,35,229,156,,88,,216,b'\x11\xe8\xe1I\xc6\x93\xf2R\xaf\x82\x12\xdf\x17\xaeN\x1e'
11E8E149-C698-5FCC-AF82-12DF17AE4E1E,2010-ncaa-d0-natl,ncaa,108,86,178,103,191,102,101,97,155,93,107,107,177,132,257,181,80,77,134,80,114,90,110,168,151,121,200,226,113,101,109,105,103,92,96,226,322,111,67,195,106,116,89,76,,,213,185,,,122,119,34,110,49,63,27,57,68,164,113,48,50,54,25,33,78,44,31,217,136,90,75,,244,,,120,240,231,232,166,203,159,251,246,286,61,283,205,214,129,222,227,240,225,176,167,191,205,220,165,175,103,199,109,184,96,161,96,184,223,188,68,62,95,58,,,133,194,,,122,227,108,178,120,284,272,304,228,189,265,310,227,230,239,310,297,208,241,244,192,164,96,100,,92,,,b'\x11\xe8\xe1I\xc6\x98_\xcc\xaf\x82\x12\xdf\x17\xaeN\x1e'
11E8E149-C698-5FCC-AF82-12DF17AE4E1E,2010-ncaa-d1-conf-WAC,ncaa,5,4,5,5,5,4,3,4,5,4,3,3,5,4,8,5,4,4,4,4,4,3,4,6,4,4,5,6,4,4,4,4,5,4,4,5,9,3,5,5,7,7,4,4,,,6,6,,,5,4,2,1,3,3,3,2,2,5,4,3,3,3,2,2,2,2,2,5,5,6,4,,7,,,5,6,5,4,7,5,4,6,6,7,5,7,6,7,6,6,6,5,5,6,6,6,6,6,6,3,5,4,4,4,4,3,4,7,5,6,3,3,1,1,,,4,5,,,5,5,4,6,5,7,6,7,6,4,6,7,6,7,7,7,8,5,6,6,5,4,4,1,,4,,,b'\x11\xe8\xe1I\xc6\x98_\xcc\xaf\x82\x12\xdf\x17\xaeN\x1e'
11E8E149-C698-5FCC-AF82-12DF17AE4E1E,2010-ncaa-d1-natl,ncaa,102,86,134,99,152,84,86,68,159,74,83,108,174,118,270,186,65,69,123,71,133,62,83,177,156,125,219,229,123,84,95,73,89,66,81,211,324,127,68,198,82,99,83,69,,,229,183,,,103,87,34,122,49,60,25,53,60,170,115,51,58,62,24,32,53,45,31,229,139,70,70,,244,,,104,259,247,265,148,209,172,241,247,301,55,290,214,234,127,238,236,262,252,165,154,179,216,223,178,173,89,224,95,208,81,170,98,162,209,166,83,60,91,50,,,116,219,,,103,260,101,156,108,271,255,294,212,170,259,312,225,232,241,303,296,185,232,229,176,157,95,85,,100,,,b'\x11\xe8\xe1I\xc6\x98_\xcc\xaf\x82\x12\xdf\x17\xaeN\x1e'
11E8E149-C698-5FCC-AF82-12DF17AE4E1E,2011-ncaa-d0-natl,ncaa,229,242,170,242,224,143,153,165,138,174,204,122,115,117,146,114,128,149,113,148,108,162,141,125,116,160,119,118,151,176,168,174,189,169,160,126,129,268,250,204,323,337,143,134,,,182,164,,,236,127,50,257,110,126,137,165,202,103,98,108,132,134,130,86,175,139,148,112,278,332,133,,212,,,233,290,274,250,240,194,158,246,327,297,288,293,217,206,235,207,226,254,211,279,281,307,287,287,153,191,189,123,168,144,160,229,141,242,272,268,279,262,73,99,,,62,41,,,236,213,172,302,235,315,299,291,227,192,332,319,243,238,236,301,271,215,144,176,249,241,281,88,,24,,,b'\x11\xe8\xe1I\xc6\x98_\xcc\xaf\x82\x12\xdf\x17\xaeN\x1e'
11E8E149-C698-5FCC-AF82-12DF17AE4E1E,2011-ncaa-d1-conf-WAC,ncaa,8,8,7,8,8,7,7,5,7,7,6,6,4,3,7,3,5,6,4,6,5,6,6,7,6,7,3,3,5,6,5,8,3,8,6,5,3,6,6,5,9,9,5,4,,,3,6,,,8,7,3,7,6,6,5,7,6,3,2,5,5,5,5,4,5,7,6,4,8,9,5,,6,,,8,9,8,3,9,4,2,7,9,7,9,7,7,5,6,5,6,2,3,9,9,9,7,9,3,1,3,5,5,4,6,8,6,7,6,8,7,6,2,2,,,6,5,,,8,3,7,9,8,9,9,6,5,2,9,8,7,6,6,7,6,3,7,3,8,6,7,3,,3,,,b'\x11\xe8\xe1I\xc6\x98_\xcc\xaf\x82\x12\xdf\x17\xaeN\x1e'
11E8E149-C698-5FCC-AF82-12DF17AE4E1E,2011-ncaa-d1-natl,ncaa,226,240,132,237,184,123,126,133,124,143,179,117,101,109,127,114,132,157,120,157,143,136,114,111,107,153,124,113,178,171,152,154,197,153,153,114,127,283,249,191,320,336,141,136,,,193,145,,,227,94,49,260,96,109,123,150,188,97,96,122,145,146,124,87,168,148,147,93,280,328,136,,198,,,225,303,292,272,236,210,183,236,327,306,285,292,229,212,228,215,221,274,245,277,277,299,289,287,152,212,197,121,152,160,153,238,136,222,269,257,286,261,74,94,,,63,55,,,227,242,161,300,228,316,298,291,215,193,332,318,239,231,235,299,275,225,131,167,240,230,277,81,,30,,,b'\x11\xe8\xe1I\xc6\x98_\xcc\xaf\x82\x12\xdf\x17\xaeN\x1e'
11E8E149-C698-5FCC-AF82-12DF17AE4E1E,2012-ncaa-d0-natl,ncaa,198,174,240,200,276,161,155,212,82,184,249,77,97,128,80,92,211,258,42,260,210,222,213,69,62,105,110,88,235,195,111,272,120,255,108,197,245,184,235,210,275,267,319,316,,,188,275,,,184,220,111,251,97,95,145,136,216,76,91,180,242,243,170,136,165,255,222,157,238,267,318,,264,,,184,197,188,81,304,224,97,324,91,111,94,155,241,204,286,204,266,97,81,293,303,301,100,69,249,40,120,32,111,20,108,238,238,243,207,275,87,131,150,215,,,280,285,,,184,120,109,274,188,269,267,157,289,170,133,167,288,264,266,181,161,75,69,50,275,216,139,191,,264,,,b'\x11\xe8\xe1I\xc6\x98_\xcc\xaf\x82\x12\xdf\x17\xaeN\x1e'
11E8E149-C698-5FCC-AF82-12DF17AE4E1E,2012-ncaa-d1-conf-Mountain West,ncaa,6,6,3,6,4,2,2,2,6,4,4,6,1,2,5,2,6,6,1,6,7,2,2,5,5,6,3,3,6,3,4,4,2,3,4,7,7,7,5,7,5,5,8,8,,,6,6,,,6,1,1,5,4,4,1,4,4,2,2,6,6,6,3,1,3,5,4,6,7,5,8,,7,,,6,7,8,6,7,8,6,8,4,5,3,4,6,6,4,6,6,7,7,7,7,7,3,2,5,3,2,6,4,6,4,7,4,2,5,5,6,3,8,7,,,6,8,,,6,8,6,7,6,7,7,5,8,5,4,4,7,6,6,7,7,2,7,5,7,5,6,8,,8,,,b'\x11\xe8\xe1I\xc6\x98_\xcc\xaf\x82\x12\xdf\x17\xaeN\x1e'
11E8E149-C698-5FCC-AF82-12DF17AE4E1E,2012-ncaa-d1-natl,ncaa,174,173,137,180,180,108,100,129,71,120,182,64,78,98,72,102,160,228,37,228,228,143,131,60,56,85,122,98,246,152,92,222,125,194,97,144,250,225,213,185,214,221,315,317,,,249,267,,,154,129,84,253,73,75,104,111,195,74,92,175,229,229,133,106,149,241,193,138,233,220,319,,264,,,155,253,239,161,288,268,154,318,140,177,90,175,290,260,293,264,270,185,185,277,290,281,133,80,252,86,125,54,92,48,97,275,244,174,179,249,121,113,180,191,,,255,300,,,154,207,89,254,159,267,252,168,279,171,146,189,287,262,270,194,192,88,63,54,269,174,133,190,,270,,,b'\x11\xe8\xe1I\xc6\x98_\xcc\xaf\x82\x12\xdf\x17\xaeN\x1e'
11E8E149-C698-5FCC-AF82-12DF17AE4E1E,2013-ncaa-d0-natl,ncaa,273,244,302,275,324,243,221,209,236,214,230,201,196,151,262,110,287,318,53,319,317,236,251,232,232,234,191,155,255,222,203,251,160,247,203,206,147,137,190,177,307,308,203,189,,,113,176,,,267,247,59,340,169,147,62,156,134,146,91,251,286,284,112,77,145,143,133,134,236,288,171,,223,,,277,199,172,107,254,175,113,255,165,156,223,174,248,217,272,211,235,122,84,251,277,296,208,160,236,94,160,130,203,115,203,279,320,286,276,325,276,306,173,204,,,316,316,,,267,86,228,290,276,306,282,282,282,256,246,223,295,282,276,293,249,189,271,260,327,231,316,232,,270,,,b'\x11\xe8\xe1I\xc6\x98_\xcc\xaf\x82\x12\xdf\x17\xaeN\x1e'
11E8E149-C698-5FCC-AF82-12DF17AE4E1E,2013-ncaa-d1-conf-Mountain West,ncaa,7,7,6,7,6,6,5,5,7,6,5,5,4,3,7,4,9,9,4,9,9,7,7,7,7,7,6,4,6,7,8,8,4,7,6,6,7,5,6,6,8,8,3,3,,,7,7,,,7,6,3,1,5,4,2,5,3,4,2,8,9,9,5,4,4,6,6,5,7,8,3,,7,,,7,7,5,3,6,4,2,6,7,7,8,7,8,8,8,8,8,4,3,8,8,8,8,6,6,3,4,7,8,5,6,9,9,7,7,9,8,8,6,6,,,9,7,,,7,3,7,9,7,8,6,5,5,5,7,7,8,8,8,6,6,5,7,6,9,7,8,7,,7,,,b'\x11\xe8\xe1I\xc6\x98_\xcc\xaf\x82\x12\xdf\x17\xaeN\x1e'
11E8E149-C698-5FCC-AF82-12DF17AE4E1E,2013-ncaa-d1-natl,ncaa,248,243,210,252,288,198,177,131,238,167,174,196,182,129,281,123,245,287,55,280,312,163,156,239,237,233,205,167,239,144,164,192,141,165,165,160,143,199,182,176,279,292,180,180,,,158,156,,,258,160,62,338,164,140,58,145,119,169,96,231,278,275,89,70,117,137,112,131,232,277,170,,209,,,259,256,234,186,257,222,178,246,230,193,267,191,257,242,256,238,227,200,164,266,278,294,224,207,216,131,141,206,164,178,165,304,316,231,246,307,315,308,194,186,,,280,318,,,258,179,222,278,259,294,273,258,266,233,266,224,277,272,269,274,241,161,262,236,317,208,318,222,,267,,,b'\x11\xe8\xe1I\xc6\x98_\xcc\xaf\x82\x12\xdf\x17\xaeN\x1e'
11E8E149-C698-5FCC-AF82-12DF17AE4E1E,2014-ncaa-d0-natl,ncaa,148,125,180,144,201,160,146,130,192,209,212,198,67,79,108,75,272,296,105,300,294,167,170,146,169,155,93,61,302,193,207,289,252,261,266,165,185,132,130,140,128,135,293,283,,,235,273,,,150,172,111,110,125,100,60,200,203,56,61,267,301,305,105,121,175,303,264,136,156,126,297,,280,,,150,168,80,63,204,94,93,188,123,102,223,119,330,322,290,317,332,114,167,196,270,189,295,119,334,125,252,212,207,184,266,104,174,82,60,57,48,57,42,51,,,291,326,,,150,170,162,181,155,220,111,50,130,93,139,106,327,323,323,139,222,156,251,236,138,52,73,44,,296,,,b'\x11\xe8\xe1I\xc6\x98_\xcc\xaf\x82\x12\xdf\x17\xaeN\x1e'
11E8E149-C698-5FCC-AF82-12DF17AE4E1E,2014-ncaa-d1-conf-Mountain West,ncaa,4,3,8,4,8,8,5,8,4,9,10,7,4,4,1,3,10,10,5,10,10,9,9,3,4,5,5,2,11,8,6,10,8,10,8,6,5,3,6,4,6,4,9,9,,,10,11,,,4,10,6,3,6,3,4,7,7,2,3,10,10,10,7,6,7,10,10,5,4,6,9,,10,,,4,1,1,1,6,2,2,4,2,2,5,2,10,10,8,10,11,2,2,5,5,3,9,4,11,2,8,3,6,3,8,1,3,2,1,1,2,3,1,2,,,10,11,,,4,2,5,3,4,3,1,1,3,2,3,2,11,11,10,3,5,4,7,4,3,1,3,2,,10,,,b'\x11\xe8\xe1I\xc6\x98_\xcc\xaf\x82\x12\xdf\x17\xaeN\x1e'
11E8E149-C698-5FCC-AF82-12DF17AE4E1E,2014-ncaa-d1-natl,ncaa,123,125,100,134,114,118,103,66,178,160,164,189,55,65,96,80,248,273,105,274,302,100,107,138,159,144,106,65,309,156,195,247,238,206,251,126,189,179,122,135,105,131,276,278,,,286,267,,,139,92,102,131,106,88,51,178,179,58,64,272,299,304,95,115,164,296,253,127,153,119,295,,280,,,141,235,140,119,204,150,134,187,162,138,216,131,333,328,265,327,333,188,248,199,271,177,293,126,332,169,238,263,195,239,251,141,163,56,50,54,91,75,49,41,,,263,331,,,139,255,146,161,146,216,110,50,129,87,144,117,322,321,320,139,227,149,241,231,127,49,88,40,,304,,,b'\x11\xe8\xe1I\xc6\x98_\xcc\xaf\x82\x12\xdf\x17\xaeN\x1e'
11E8E149-C698-5FCC-AF82-12DF17AE4E1E,2015-ncaa-d0-natl,ncaa,84,67,113,79,126,79,93,104,103,208,238,149,14,30,13,40,163,188,98,175,122,118,100,51,53,83,22,15,277,69,32,140,136,97,42,54,38,254,211,99,147,147,73,68,,,146,114,,,52,119,162,76,48,76,99,251,277,10,29,171,217,212,113,90,67,150,87,34,244,152,65,,121,,,49,156,155,180,157,169,214,114,171,149,245,134,188,216,80,208,176,193,210,141,135,131,174,182,191,166,136,59,32,86,42,230,273,132,143,184,263,226,164,220,,,170,265,,,52,212,58,127,58,144,136,152,147,195,168,131,172,192,186,154,172,146,42,61,214,143,251,159,,207,,,b'\x11\xe8\xe1I\xc6\x98_\xcc\xaf\x82\x12\xdf\x17\xaeN\x1e'
11E8E149-C698-5FCC-AF82-12DF17AE4E1E,2015-ncaa-d1-conf-Mountain West,ncaa,3,4,1,4,1,2,2,2,3,9,9,7,1,2,1,3,2,3,3,2,2,2,2,2,2,3,1,1,4,3,2,3,3,1,1,2,4,11,8,5,5,6,4,4,,,6,6,,,2,2,5,3,2,3,4,10,10,1,2,3,4,3,3,3,4,7,3,2,10,6,4,,6,,,3,9,9,10,7,8,8,7,7,7,6,7,6,7,7,7,6,10,10,6,7,7,8,8,6,6,3,5,2,7,1,8,4,5,6,7,10,8,2,3,,,3,6,,,2,10,2,5,4,7,5,5,6,6,6,6,6,6,6,6,7,5,2,3,6,5,8,2,,5,,,b'\x11\xe8\xe1I\xc6\x98_\xcc\xaf\x82\x12\xdf\x17\xaeN\x1e'
11E8E149-C698-5FCC-AF82-12DF17AE4E1E,2015-ncaa-d1-natl,ncaa,68,67,55,72,63,53,63,59,103,174,206,126,9,19,17,39,145,172,91,165,140,69,62,50,59,81,26,19,289,56,31,97,142,65,45,34,41,284,197,88,123,151,51,58,,,184,113,,,40,65,186,80,50,71,98,243,280,13,30,191,242,235,119,107,66,171,104,32,222,155,61,,115,,,41,209,194,247,133,194,233,106,210,198,218,168,197,224,79,222,173,249,264,136,119,120,196,208,180,202,142,98,31,132,45,269,275,111,129,173,273,199,172,202,,,156,282,,,40,265,54,114,48,120,119,136,118,156,179,157,141,171,165,134,149,134,38,57,208,142,226,138,,246,,,b'\x11\xe8\xe1I\xc6\x98_\xcc\xaf\x82\x12\xdf\x17\xaeN\x1e'
11E8E149-C698-5FCC-AF82-12DF17AE4E1E,2015-ncaa-d1-ncaatournament,ncaa,33,2,33,33,33,49,44,56,33,55,58,36,31,39,25,7,57,59,7,59,59,56,60,24,25,24,14,5,58,58,57,47,61,57,59,43,31,12,38,26,45,32,41,45,,,9,22,,,42,55,46,4,44,36,45,53,56,7,13,57,59,59,53,58,55,44,56,32,25,26,32,,24,,,43,8,13,25,21,14,28,20,15,11,42,12,13,14,23,11,25,22,20,21,19,29,29,25,34,31,61,14,57,25,59,17,47,49,41,43,17,50,8,30,,,50,35,,,42,11,34,43,41,27,33,43,36,56,26,16,37,37,34,43,40,59,37,56,42,37,39,15,,47,,,b'\x11\xe8\xe1I\xc6\x98_\xcc\xaf\x82\x12\xdf\x17\xaeN\x1e'
11E8E149-C698-5FCC-AF82-12DF17AE4E1E,2016-ncaa-d0-natl,ncaa,136,73,287,103,302,178,176,226,102,215,265,105,104,121,77,82,224,284,34,287,226,250,275,88,87,90,114,85,249,224,170,243,137,247,137,109,60,49,117,61,208,163,261,249,,,17,32,,,105,286,150,106,89,83,99,149,199,61,68,187,249,256,131,150,166,141,149,45,135,159,243,,44,,,99,60,80,79,168,91,99,157,129,112,206,182,50,49,189,46,86,59,53,168,150,154,137,199,100,65,137,67,170,53,137,74,99,223,153,125,56,113,81,144,,,334,326,,,105,67,86,140,101,179,202,211,200,211,200,187,106,104,97,188,197,148,170,157,131,150,119,135,,317,,,b'\x11\xe8\xe1I\xc6\x98_\xcc\xaf\x82\x12\xdf\x17\xaeN\x1e'
11E8E149-C698-5FCC-AF82-12DF17AE4E1E,2016-ncaa-d1-conf-Mountain West,ncaa,3,3,7,3,7,4,4,6,3,9,10,5,2,2,2,2,6,7,2,7,4,7,7,3,2,2,2,1,8,7,5,7,5,7,5,2,1,4,5,2,7,7,8,8,,,3,3,,,4,7,2,2,3,3,3,7,10,2,2,3,7,7,3,3,7,7,4,1,6,5,8,,5,,,4,6,6,4,8,7,6,6,8,6,8,7,3,3,7,3,5,5,5,9,9,8,6,8,3,5,5,5,5,5,5,4,5,6,4,5,3,3,4,8,,,10,10,,,4,6,2,5,4,8,7,8,7,7,8,8,6,6,6,8,9,5,8,7,6,4,6,5,,8,,,b'\x11\xe8\xe1I\xc6\x98_\xcc\xaf\x82\x12\xdf\x17\xaeN\x1e'
11E8E149-C698-5FCC-AF82-12DF17AE4E1E,2016-ncaa-d1-natl,ncaa,114,73,218,95,252,149,141,179,101,177,227,94,104,111,95,92,205,270,29,271,241,206,211,86,87,97,131,104,250,191,161,194,128,203,121,86,62,105,150,69,192,179,250,246,,,29,32,,,107,220,139,127,90,78,105,131,184,75,84,189,257,257,144,143,170,138,153,43,160,170,235,,45,,,105,116,149,148,172,149,147,178,167,160,183,196,63,65,195,63,80,124,118,174,155,159,134,203,83,96,128,92,161,73,121,86,77,186,152,117,77,111,94,128,,,320,322,,,107,136,93,143,104,180,211,218,206,205,205,203,97,92,87,189,201,136,143,139,119,150,117,124,,310,,,b'\x11\xe8\xe1I\xc6\x98_\xcc\xaf\x82\x12\xdf\x17\xaeN\x1e'
11E8E149-C698-5FCC-AF82-12DF17AE4E1E,2017-ncaa-d0-natl,ncaa,41,28,116,36,130,105,86,60,177,127,120,178,63,56,123,90,283,310,62,310,338,83,108,145,168,135,156,73,335,89,109,182,139,134,148,83,112,104,60,70,135,143,151,129,,,126,97,,,105,125,154,119,100,69,24,137,128,62,58,299,329,330,65,99,77,226,147,72,86,140,157,,98,,,104,174,167,174,178,173,137,237,182,224,79,250,186,166,265,157,173,168,197,175,193,148,172,177,184,119,139,228,109,194,148,221,230,87,78,139,99,70,176,133,,,269,333,,,105,211,112,127,107,144,148,120,161,91,163,213,163,140,127,104,160,105,197,167,188,94,86,168,,313,,,b'\x11\xe8\xe1I\xc6\x98_\xcc\xaf\x82\x12\xdf\x17\xaeN\x1e'
11E8E149-C698-5FCC-AF82-12DF17AE4E1E,2017-ncaa-d1-conf-Mountain West,ncaa,2,2,2,2,2,2,2,2,4,1,1,4,5,3,7,6,8,9,5,8,10,2,2,6,6,5,10,6,11,2,2,5,7,2,6,1,5,6,3,4,1,2,5,7,,,10,8,,,3,2,5,7,2,2,2,1,1,6,5,10,9,9,4,4,3,7,5,2,5,2,6,,7,,,3,7,6,8,6,6,7,6,3,5,3,5,7,7,10,7,6,8,9,6,6,5,4,4,9,8,7,9,2,9,6,7,8,1,2,3,7,6,9,6,,,5,9,,,3,9,4,5,3,4,5,5,6,5,3,4,7,7,7,4,8,7,6,6,7,2,7,6,,7,,,b'\x11\xe8\xe1I\xc6\x98_\xcc\xaf\x82\x12\xdf\x17\xaeN\x1e'
11E8E149-C698-5FCC-AF82-12DF17AE4E1E,2017-ncaa-d1-natl,ncaa,30,28,56,30,70,80,60,34,168,88,74,175,55,49,123,94,272,302,75,304,339,47,51,141,166,142,171,76,340,41,86,132,125,77,117,57,125,183,90,85,107,136,152,147,,,150,82,,,83,66,137,137,100,62,25,117,115,65,64,307,330,332,60,76,62,209,115,73,135,136,171,,90,,,87,200,200,234,148,192,175,227,190,266,43,267,199,180,274,175,167,222,266,144,160,108,167,172,184,149,125,269,86,230,117,236,225,61,70,111,163,91,201,126,,,249,341,,,83,280,111,87,93,124,126,126,138,86,145,221,147,122,117,108,169,102,178,145,164,77,124,163,,315,,,b'\x11\xe8\xe1I\xc6\x98_\xcc\xaf\x82\x12\xdf\x17\xaeN\x1e'
11E8E149-C698-5FCC-AF82-12DF17AE4E1E,2017-ncaa-d1-ncaatournament,ncaa,33,2,33,33,33,53,49,37,58,51,46,53,39,31,49,7,56,59,3,58,59,38,37,53,56,58,17,16,52,27,2,52,33,38,21,59,62,22,40,59,56,54,48,49,,,3,7,,,51,49,39,6,51,46,5,50,31,20,6,54,59,58,10,7,2,52,16,58,47,54,47,,6,,,54,22,22,9,59,17,9,56,30,15,64,33,8,17,2,17,48,12,10,62,59,58,39,53,6,4,33,14,2,8,21,33,55,49,29,56,28,53,30,54,,,55,57,,,51,13,52,58,56,53,54,14,43,17,55,29,16,39,41,16,14,7,44,29,61,31,56,51,,49,,,b'\x11\xe8\xe1I\xc6\x98_\xcc\xaf\x82\x12\xdf\x17\xaeN\x1e'
11E8E149-C698-5FCC-AF82-12DF17AE4E1E,2018-ncaa-d0-natl,ncaa,72,57,117,70,157,116,118,168,80,160,226,85,67,89,59,75,246,275,108,270,245,186,167,62,72,96,99,70,299,150,74,139,132,147,61,91,88,223,229,130,304,306,112,140,,,184,199,,,101,181,232,278,120,118,191,180,262,69,88,274,291,288,222,218,160,171,160,85,212,318,119,,167,,,100,130,138,180,110,203,241,112,66,80,91,71,186,178,246,165,125,170,159,84,96,135,76,59,225,134,132,43,74,55,61,44,31,212,209,101,129,129,33,64,,,222,222,,,101,165,89,130,102,104,125,132,192,235,55,68,185,162,148,121,94,120,33,43,45,228,114,37,,240,,,b'\x11\xe8\xe1I\xc6\x98_\xcc\xaf\x82\x12\xdf\x17\xaeN\x1e'
11E8E149-C698-5FCC-AF82-12DF17AE4E1E,2018-ncaa-d1-conf-Mountain West,ncaa,1,1,2,1,2,3,3,3,1,4,6,4,1,3,2,5,7,6,7,6,7,3,3,1,2,3,2,2,10,2,2,6,8,3,2,2,2,10,8,5,9,10,3,3,,,10,8,,,2,4,8,8,4,3,6,8,9,1,3,8,9,9,7,7,5,9,5,2,7,10,4,,6,,,2,6,6,6,4,6,8,4,5,3,5,4,10,9,8,9,7,7,8,3,4,4,8,5,9,8,8,2,2,3,2,4,2,5,4,2,9,7,5,5,,,5,9,,,2,8,1,5,1,4,5,4,4,5,3,3,8,8,7,4,5,7,1,2,4,6,7,4,,8,,,b'\x11\xe8\xe1I\xc6\x98_\xcc\xaf\x82\x12\xdf\x17\xaeN\x1e'
11E8E149-C698-5FCC-AF82-12DF17AE4E1E,2018-ncaa-d1-natl,ncaa,61,57,53,64,92,82,70,89,82,117,170,79,55,62,67,81,233,264,90,261,273,108,89,64,76,96,124,77,308,76,34,107,135,82,47,66,105,253,207,122,286,307,90,126,,,223,196,,,75,108,226,279,101,88,142,151,228,70,88,281,300,298,191,179,106,167,131,80,204,313,106,,162,,,75,175,181,238,100,235,283,95,87,101,105,71,216,201,250,193,128,241,226,79,91,124,87,73,228,171,135,63,34,84,47,61,33,167,195,93,145,105,81,82,,,197,254,,,75,241,82,111,80,96,116,125,170,227,62,71,181,155,149,113,99,124,30,39,38,217,99,58,,249,,,b'\x11\xe8\xe1I\xc6\x98_\xcc\xaf\x82\x12\xdf\x17\xaeN\x1e'
11E8E149-C698-5FCC-AF82-12DF17AE4E1E,2018-ncaa-d1-ncaatournament,ncaa,33,2,33,33,34,63,63,49,62,59,59,55,51,32,62,5,49,42,54,41,9,45,42,64,62,62,18,32,10,49,57,44,38,48,52,60,39,17,46,62,44,37,51,52,,,17,40,,,57,38,7,7,63,63,38,59,56,46,4,46,35,32,35,25,40,35,42,60,44,31,45,,44,,,57,8,18,22,42,24,27,44,2,5,1,5,9,7,19,7,16,14,24,28,25,21,1,3,26,14,38,32,57,28,52,16,41,37,13,27,17,43,13,43,,,42,36,,,57,26,62,20,57,29,44,42,54,59,2,6,24,25,23,34,53,34,63,60,46,7,42,28,,30,,,b'\x11\xe8\xe1I\xc6\x98_\xcc\xaf\x82\x12\xdf\x17\xaeN\x1e'
11E8E149-C698-5FCC-AF82-12DF17AE4E1E,2019-ncaa-d0-natl,ncaa,18,7,114,11,130,61,59,77,50,87,145,50,46,64,60,90,166,213,69,212,226,89,112,46,52,42,121,84,293,158,160,195,92,175,149,55,110,64,55,38,92,93,133,153,,,172,144,,,59,106,89,107,38,34,40,75,154,49,58,173,227,227,59,113,161,231,210,35,76,99,145,,162,,,52,217,205,142,271,254,219,237,81,49,233,37,266,255,242,259,230,161,224,244,256,177,94,52,255,51,92,168,160,109,149,98,46,52,51,37,55,54,95,82,,,227,282,,,59,256,42,130,48,191,186,84,245,210,72,34,260,250,252,104,212,47,149,83,93,50,60,83,,262,,,b'\x11\xe8\xe1I\xc6\x98_\xcc\xaf\x82\x12\xdf\x17\xaeN\x1e'
11E8E149-C698-5FCC-AF82-12DF17AE4E1E,2019-ncaa-d1-conf-Mountain West,ncaa,1,1,1,1,3,1,1,1,2,1,4,2,2,2,3,4,3,6,5,6,4,1,1,2,2,2,4,4,8,6,6,4,3,3,4,1,4,5,2,2,1,4,6,7,,,10,7,,,1,1,4,9,1,1,2,2,6,2,4,6,6,6,2,3,7,8,6,1,4,4,6,,5,,,1,9,8,7,9,10,8,10,3,3,2,3,10,11,5,11,10,9,10,6,8,4,3,3,11,3,3,7,6,6,4,2,2,1,2,1,4,1,3,1,,,2,6,,,1,11,1,2,2,4,5,4,9,6,3,3,10,10,10,4,7,2,5,4,2,2,3,3,,5,,,b'\x11\xe8\xe1I\xc6\x98_\xcc\xaf\x82\x12\xdf\x17\xaeN\x1e'
11E8E149-C698-5FCC-AF82-12DF17AE4E1E,2019-ncaa-d1-natl,ncaa,12,7,40,10,46,28,25,30,37,41,72,43,30,46,45,94,131,175,62,181,259,35,45,38,43,34,132,86,309,114,157,83,85,81,109,18,88,146,61,29,65,97,91,129,,,241,128,,,30,35,78,133,29,24,39,60,136,41,60,189,238,240,54,99,166,177,174,24,85,98,121,,160,,,32,273,258,255,204,278,289,200,127,140,152,81,292,282,238,283,220,271,309,177,203,118,114,69,253,125,85,253,157,210,109,144,50,24,48,32,79,44,106,66,,,196,311,,,30,320,33,82,31,162,156,108,213,195,77,67,252,233,237,120,242,66,131,86,77,48,53,68,,284,,,b'\x11\xe8\xe1I\xc6\x98_\xcc\xaf\x82\x12\xdf\x17\xaeN\x1e'
11E8E149-C698-5FCC-AF82-12DF17AE4E1E,2019-ncaa-d1-ncaatournament,ncaa,33,2,33,33,33,38,45,39,52,51,47,57,31,36,25,17,25,28,6,29,7,36,41,48,42,26,6,10,3,44,52,45,28,45,49,49,49,2,2,11,38,22,44,42,,,30,60,,,29,36,36,1,18,42,8,51,34,4,8,2,4,4,5,13,37,41,41,46,3,13,38,,62,,,32,19,11,9,50,19,10,55,3,10,15,12,38,41,15,41,63,18,25,41,43,39,26,5,62,10,28,31,52,27,49,21,53,35,12,23,9,14,27,52,,,36,18,,,29,28,32,34,34,49,31,11,44,21,6,15,61,62,62,34,54,20,62,59,48,8,14,48,,10,,,b'\x11\xe8\xe1I\xc6\x98_\xcc\xaf\x82\x12\xdf\x17\xaeN\x1e'
11E8E149-C698-5FCC-AF82-12DF17AE4E1E,2020-ncaa-d0-natl,ncaa,39,55,33,54,52,25,14,20,25,23,92,19,58,63,84,109,260,312,30,304,329,51,68,27,39,35,248,132,340,174,192,47,52,75,101,14,46,142,76,23,246,285,41,77,,,174,103,,,87,40,110,88,29,14,41,29,134,71,87,295,326,322,94,134,221,79,126,13,99,273,46,,124,,,91,304,296,291,221,321,331,164,126,96,236,46,297,255,341,243,119,302,280,188,222,271,83,61,234,115,52,219,192,178,101,152,49,224,274,200,147,87,40,25,,,285,333,,,87,312,38,245,93,257,264,246,302,315,102,64,258,213,206,253,193,70,139,102,103,261,94,25,,322,,,b'\x11\xe8\xe1I\xc6\x98_\xcc\xaf\x82\x12\xdf\x17\xaeN\x1e'
11E8E149-C698-5FCC-AF82-12DF17AE4E1E,2020-ncaa-d1-conf-Mountain West,ncaa,2,2,1,2,1,2,1,2,2,2,3,1,2,2,5,4,5,7,3,7,9,2,2,2,2,3,7,5,10,5,5,2,2,2,3,1,2,7,5,2,8,9,1,1,,,11,9,,,2,2,4,3,2,1,4,3,7,3,3,7,9,9,5,6,6,3,3,1,4,9,1,,11,,,2,8,7,9,4,10,11,3,1,2,2,1,11,11,7,11,11,9,8,1,4,5,3,1,11,6,2,6,5,6,3,2,1,7,9,2,5,5,3,2,,,4,10,,,2,10,2,5,2,6,5,6,8,8,1,1,11,11,11,7,7,6,3,3,1,9,5,3,,7,,,b'\x11\xe8\xe1I\xc6\x98_\xcc\xaf\x82\x12\xdf\x17\xaeN\x1e'
11E8E149-C698-5FCC-AF82-12DF17AE4E1E,2020-ncaa-d1-natl,ncaa,26,55,2,51,3,12,9,12,19,10,47,16,41,40,81,111,255,298,41,288,331,15,16,21,33,32,246,131,342,154,194,17,43,26,89,10,52,196,84,26,192,253,34,79,,,217,85,,,53,13,105,88,31,14,43,26,136,70,86,305,327,322,102,136,229,64,122,14,104,250,48,,105,,,59,316,308,332,175,325,346,133,134,118,197,45,312,268,343,260,116,338,332,140,172,231,81,56,244,143,43,272,194,227,89,169,46,169,247,145,182,91,43,19,,,262,339,,,53,341,38,183,61,217,226,228,271,308,84,57,248,192,191,227,186,59,121,88,84,242,97,25,,328,,,b'\x11\xe8\xe1I\xc6\x98_\xcc\xaf\x82\x12\xdf\x17\xaeN\x1e'
11E8E149-C698-5FCC-AF82-12DF17AE4E1E,2021-ncaa-d0-natl,ncaa,110,104,157,113,182,134,89,99,108,41,37,118,255,232,284,306,249,246,243,243,338,117,138,178,222,178,340,320,324,76,94,82,98,74,67,106,222,143,68,97,185,222,10,9,,,127,49,,,114,141,43,224,112,37,16,10,5,291,273,294,290,286,31,38,66,25,17,89,129,193,5,,87,,,119,165,182,229,64,184,257,38,186,156,243,100,135,140,127,144,51,218,203,69,54,89,134,190,101,199,98,197,94,200,67,121,43,186,235,119,233,200,69,7,,,267,341,,,114,203,156,91,119,167,196,301,186,323,181,141,106,120,118,288,279,212,228,230,85,196,243,40,,332,,,b'\x11\xe8\xe1I\xc6\x98_\xcc\xaf\x82\x12\xdf\x17\xaeN\x1e'
11E8E149-C698-5FCC-AF82-12DF17AE4E1E,2021-ncaa-d1-conf-Mountain West,ncaa,5,8,2,6,3,2,2,2,5,2,1,4,9,8,11,10,4,3,8,3,10,2,2,6,6,6,11,11,7,1,2,2,7,1,3,2,5,10,8,5,3,6,1,1,,,11,8,,,6,2,3,7,6,4,4,1,1,11,10,8,7,7,3,2,3,4,3,2,9,4,1,,9,,,6,9,9,9,2,8,10,2,7,7,8,3,10,10,3,10,6,9,10,2,2,2,8,5,6,9,7,8,2,9,3,7,5,2,4,3,11,11,3,1,,,4,10,,,6,10,6,2,6,5,4,7,5,9,5,3,7,9,9,8,9,9,4,6,5,3,11,2,,8,,,b'\x11\xe8\xe1I\xc6\x98_\xcc\xaf\x82\x12\xdf\x17\xaeN\x1e'
11E8E149-C698-5FCC-AF82-12DF17AE4E1E,2021-ncaa-d1-natl,ncaa,98,104,152,104,173,128,69,76,99,29,26,93,257,226,310,311,255,248,239,244,338,93,115,171,220,166,341,328,331,69,93,64,108,63,75,88,223,138,58,83,160,216,9,10,,,143,49,,,92,131,36,225,102,28,10,8,5,299,274,305,297,292,27,36,68,21,19,75,102,181,5,,86,,,96,166,192,246,57,197,272,35,187,173,215,98,136,141,107,145,48,232,215,55,44,64,123,181,96,235,108,222,93,227,75,128,46,154,218,108,232,172,66,7,,,264,342,,,92,214,151,78,96,150,181,302,182,326,171,142,97,116,118,289,290,232,229,237,86,173,225,32,,334,,,b'\x11\xe8\xe1I\xc6\x98_\xcc\xaf\x82\x12\xdf\x17\xaeN\x1e'
11E8E149-C698-5FCC-AF82-12DF17AE4E1E,2022-ncaa-d0-natl,ncaa,305,303,260,311,277,271,245,252,219,170,143,214,336,316,340,318,234,181,326,178,209,243,251,279,292,274,335,333,145,157,100,168,39,171,56,201,103,143,200,173,349,343,125,107,,,122,247,,,273,265,164,185,244,197,173,86,57,334,314,190,118,116,161,131,104,61,51,151,214,342,97,,216,,,276,128,96,115,167,115,131,142,129,107,228,133,254,211,335,213,240,118,67,160,196,293,235,153,292,24,39,76,100,46,56,36,43,344,334,275,169,225,98,81,,,269,240,,,273,84,256,260,279,232,197,220,192,219,182,161,302,275,277,242,121,64,160,98,89,337,234,137,,209,,,b'\x11\xe8\xe1I\xc6\x98_\xcc\xaf\x82\x12\xdf\x17\xaeN\x1e'
11E8E149-C698-5FCC-AF82-12DF17AE4E1E,2022-ncaa-d1-conf-Mountain West,ncaa,10,9,8,10,9,10,9,9,7,6,5,7,11,11,11,11,5,4,11,4,7,7,7,10,11,11,11,11,1,4,2,7,2,7,3,10,8,9,10,11,9,10,3,1,,,9,9,,,9,8,4,3,8,8,6,2,1,11,11,3,1,1,3,2,1,6,2,9,10,9,2,,10,,,9,4,4,4,6,4,5,6,3,4,2,4,11,11,9,11,11,4,4,5,6,8,8,2,11,2,2,3,2,2,3,2,2,8,7,3,10,9,5,4,,,4,5,,,9,4,10,7,9,7,6,5,6,6,4,4,11,11,11,6,7,4,4,3,2,8,10,5,,2,,,b'\x11\xe8\xe1I\xc6\x98_\xcc\xaf\x82\x12\xdf\x17\xaeN\x1e'
11E8E149-C698-5FCC-AF82-12DF17AE4E1E,2022-ncaa-d1-natl,ncaa,296,303,213,301,237,232,204,196,204,130,102,198,308,299,312,311,222,146,328,145,210,189,194,260,283,259,329,316,171,119,87,128,41,116,49,159,96,173,185,159,335,336,105,96,,,154,229,,,246,229,161,198,226,179,152,79,59,311,294,197,117,115,136,115,86,59,47,132,206,336,94,,203,,,247,159,139,148,145,145,161,146,128,138,164,142,269,224,333,229,236,154,94,148,174,272,210,139,289,39,41,110,87,65,49,47,41,332,324,241,203,222,138,92,,,244,247,,,246,122,240,234,254,210,178,199,182,205,156,156,290,257,263,225,121,56,153,94,76,330,232,162,,213,,,b'\x11\xe8\xe1I\xc6\x98_\xcc\xaf\x82\x12\xdf\x17\xaeN\x1e'
11E8E149-C698-5FCC-AF82-12DF17AE4E1E,2023-ncaa-d0-natl,ncaa,170,188,116,181,136,176,180,161,211,183,145,245,174,204,123,210,138,104,286,103,105,138,121,204,212,230,153,177,122,100,77,62,32,66,32,131,60,295,265,194,356,357,6,5,,,241,241,,,178,133,167,129,203,225,227,217,174,188,216,149,113,110,191,132,103,37,39,129,277,356,3,,230,,,178,180,136,260,40,186,301,34,87,119,80,61,297,290,251,277,201,269,209,29,56,140,178,64,312,94,32,133,77,105,32,24,15,316,343,176,300,270,153,130,,,87,81,,,178,235,213,107,168,145,105,259,160,315,71,93,288,278,267,281,160,78,98,77,23,339,286,136,,95,,,b'\x11\xe8\xe1I\xc6\x98_\xcc\xaf\x82\x12\xdf\x17\xaeN\x1e'
11E8E149-C698-5FCC-AF82-12DF17AE4E1E,2023-ncaa-d1-conf-Mountain West,ncaa,5,6,3,6,5,7,7,6,7,9,6,7,5,6,6,6,7,2,11,2,3,4,2,6,7,9,5,4,5,1,1,2,2,1,2,5,3,10,10,7,11,11,1,1,,,8,6,,,6,2,3,6,8,8,8,9,6,4,6,7,2,2,7,1,1,1,1,5,10,11,1,,8,,,6,2,1,9,1,5,11,2,1,4,1,3,9,9,6,9,6,10,8,1,1,2,5,1,10,5,2,2,1,3,2,2,2,10,11,5,11,11,5,4,,,1,5,,,6,10,9,1,6,3,1,8,6,10,1,5,9,9,9,9,8,5,3,3,2,10,11,6,,1,,,b'\x11\xe8\xe1I\xc6\x98_\xcc\xaf\x82\x12\xdf\x17\xaeN\x1e'
11E8E149-C698-5FCC-AF82-12DF17AE4E1E,2023-ncaa-d1-natl,ncaa,151,186,56,177,69,117,124,105,174,151,102,232,121,166,55,209,116,86,285,80,114,100,76,165,169,187,132,153,151,69,68,27,22,31,14,85,68,319,250,168,353,357,5,5,,,265,215,,,139,78,156,142,160,180,189,191,161,143,201,152,107,105,156,121,85,23,27,108,264,357,4,,211,,,139,218,186,301,34,206,326,27,115,161,78,82,300,302,229,291,196,314,270,23,44,121,201,85,308,107,22,170,68,142,14,22,13,298,342,161,319,267,176,126,,,63,97,,,139,287,173,90,136,129,93,265,138,303,86,124,280,271,264,280,166,63,88,62,23,337,284,138,,100,,,b'\x11\xe8\xe1I\xc6\x98_\xcc\xaf\x82\x12\xdf\x17\xaeN\x1e'
11E8E149-C698-5FCC-AF82-12DF17AE4E1E,2024-ncaa-d0-natl,ncaa,106,127,52,123,69,131,144,111,205,173,114,272,89,130,43,190,155,107,312,108,155,109,102,173,195,185,97,95,201,100,169,33,17,37,48,78,38,218,153,94,199,233,5,2,,,149,89,,,112,108,220,230,193,198,203,244,193,125,186,214,162,162,199,206,146,33,37,85,144,250,3,,78,,,111,171,196,288,38,170,269,51,224,276,92,242,72,72,197,63,37,262,239,48,36,75,171,247,68,95,17,293,169,227,48,164,146,220,272,210,224,178,348,325,,,85,120,,,112,259,170,49,105,65,89,218,79,180,178,221,46,38,31,163,90,42,213,120,101,289,161,335,,146,,,b'\x11\xe8\xe1I\xc6\x98_\xcc\xaf\x82\x12\xdf\x17\xaeN\x1e'
11E8E149-C698-5FCC-AF82-12DF17AE4E1E,2024-ncaa-d1-conf-Mountain West,ncaa,3,4,2,5,2,3,4,3,8,3,3,7,4,4,7,8,4,2,11,2,3,3,2,8,8,7,5,6,4,1,4,3,5,2,3,2,1,8,7,4,5,7,1,1,,,5,4,,,2,3,6,5,7,8,6,7,5,8,8,5,2,3,5,4,2,4,2,3,9,6,1,,5,,,3,6,9,10,2,8,10,4,5,7,1,7,5,5,8,5,4,9,10,1,2,2,4,5,6,8,5,9,4,8,3,6,6,5,6,4,8,7,11,11,,,2,1,,,2,10,6,2,2,3,3,8,5,9,3,7,5,4,4,8,7,8,4,6,4,6,8,11,,1,,,b'\x11\xe8\xe1I\xc6\x98_\xcc\xaf\x82\x12\xdf\x17\xaeN\x1e'
11E8E149-C698-5FCC-AF82-12DF17AE4E1E,2024-ncaa-d1-natl,ncaa,91,129,16,117,28,113,117,68,209,152,92,274,75,110,54,179,139,99,308,98,162,70,64,185,197,187,104,93,216,81,154,14,23,19,48,56,39,245,158,96,202,255,2,2,,,180,84,,,109,70,226,247,207,209,204,248,197,122,179,225,179,177,201,215,144,29,36,87,143,264,2,,77,,,117,202,230,326,26,201,302,29,254,300,99,237,87,90,183,80,32,309,288,38,23,58,180,261,67,143,23,324,154,280,48,179,135,198,278,193,247,184,349,321,,,65,131,,,109,301,176,42,105,58,83,224,74,190,176,220,38,34,26,173,95,61,208,131,90,297,161,332,,156,,,b'\x11\xe8\xe1I\xc6\x98_\xcc\xaf\x82\x12\xdf\x17\xaeN\x1e'
11E8E149-C698-5FCC-AF82-12DF17AE4E1E,2025-ncaa-d0-natl,genius_ncaa,147,147,135,154,157,116,115,129,126,139,152,149,112,145,80,154,177,206,94,205,231,142,157,119,119,105,141,130,233,178,170,145,146,162,155,84,61,92,99,72,249,266,15,11,,,164,156,,171,151,151,171,208,100,100,115,141,157,106,138,193,223,221,124,173,181,148,173,62,98,265,10,,151,,163,151,226,229,242,181,247,266,135,190,159,261,109,229,186,337,177,129,239,211,176,197,237,163,161,203,171,146,174,170,175,155,152,81,249,272,219,169,161,156,135,,,178,208,,194,151,212,105,230,152,228,226,244,241,278,186,134,226,177,168,236,176,167,147,153,139,271,161,147,,205,,204,b'\x11\xe8\xe1I\xc6\x98_\xcc\xaf\x82\x12\xdf\x17\xaeN\x1e'
11E8E149-C698-5FCC-AF82-12DF17AE4E1E,2025-ncaa-d1-conf-Mountain West,genius_ncaa,7,7,4,7,4,4,4,5,6,4,4,6,9,8,8,9,5,4,3,4,7,5,4,6,5,5,8,9,5,3,3,6,7,5,6,2,2,7,6,5,11,11,1,1,,,7,7,,7,7,4,4,5,6,5,6,5,4,9,8,3,4,4,6,4,3,6,4,2,6,11,1,,7,,6,7,9,8,11,5,8,10,5,4,5,7,4,10,10,10,9,3,11,9,5,7,9,4,4,8,9,7,3,3,8,6,6,3,9,11,10,9,9,6,5,,,4,7,,8,7,7,5,9,7,8,8,9,9,10,4,5,9,7,7,8,8,10,4,6,7,10,9,6,,6,,7,b'\x11\xe8\xe1I\xc6\x98_\xcc\xaf\x82\x12\xdf\x17\xaeN\x1e'
11E8E149-C698-5FCC-AF82-12DF17AE4E1E,2025-ncaa-d1-natl,genius_ncaa,130,147,72,142,88,91,82,80,110,95,111,136,90,119,90,157,156,188,91,187,245,91,110,109,110,98,160,140,247,154,164,91,145,111,144,65,82,113,83,65,230,273,13,11,,,189,130,,157,130,102,174,228,94,87,104,118,151,107,137,196,232,232,128,180,189,127,158,65,85,270,10,,127,,133,131,275,272,288,161,285,302,144,206,207,184,117,240,206,331,197,112,286,261,145,160,215,137,140,191,210,145,216,164,216,144,174,73,222,272,202,188,152,200,146,,,172,239,,180,130,261,98,209,130,213,224,245,239,277,160,145,202,159,150,237,177,170,144,150,117,267,153,161,,225,,203,b'\x11\xe8\xe1I\xc6\x98_\xcc\xaf\x82\x12\xdf\x17\xaeN\x1e'
11E8E149-C698-5FCC-AF82-12DF17AE4E1E,2026-ncaa-d0-natl,genius_ncaa,55,39,116,52,142,99,101,148,67,113,103,183,88,229,1,289,96,104,154,99,144,142,133,64,62,76,133,131,180,204,221,138,152,166,169,60,34,240,176,77,135,165,134,127,,,154,67,,205,126,119,42,97,60,68,145,101,85,76,274,91,93,88,123,107,243,157,204,33,205,142,150,,101,,183,130,269,288,241,253,228,161,284,332,321,251,336,134,124,236,131,133,229,237,287,264,234,259,328,54,171,152,192,221,190,169,274,169,98,117,172,211,171,260,188,,,64,45,,27,126,247,100,203,133,266,275,261,208,95,338,340,99,90,92,234,283,151,145,136,249,89,186,248,,37,,35,b'\x11\xe8\xe1I\xc6\x98_\xcc\xaf\x82\x12\xdf\x17\xaeN\x1e'
11E8E149-C698-5FCC-AF82-12DF17AE4E1E,2026-ncaa-d1-natl,genius_ncaa,38,39,85,47,117,96,111,126,111,117,72,232,106,243,7,295,73,75,132,69,128,116,102,111,98,122,127,158,113,184,224,125,170,143,178,50,31,259,197,112,150,195,128,144,,,139,49,,226,175,83,60,100,99,124,165,139,91,125,285,79,91,81,143,123,243,161,186,45,218,170,151,,83,,194,176,302,318,288,263,258,188,298,343,337,248,338,99,92,225,97,83,258,269,296,277,246,228,328,30,217,170,218,224,218,178,287,160,89,149,202,231,187,265,188,,,31,40,,31,175,279,144,226,177,276,300,278,230,114,337,342,71,60,60,236,267,173,159,158,264,127,198,242,,32,,43,b'\x11\xe8\xe1I\xc6\x98_\xcc\xaf\x82\x12\xdf\x17\xaeN\x1e'
11E8E149-C69D-4B4A-AF82-12DF17AE4E1E,2010-ncaa-d0-natl,ncaa,125,145,81,145,104,68,52,105,25,55,145,12,94,94,111,101,192,271,8,270,308,136,123,26,26,42,232,142,303,133,39,115,169,114,43,53,102,231,206,77,309,327,140,196,,,154,103,,,95,123,182,216,63,41,142,60,195,104,112,233,311,312,196,189,161,155,155,40,196,325,160,,105,,,96,282,268,282,146,279,305,89,180,149,266,77,234,188,320,185,82,281,235,128,147,237,133,136,180,233,169,19,39,69,43,72,17,267,316,190,191,156,124,113,,,298,343,,,95,229,39,242,93,224,228,269,238,306,161,103,198,158,149,253,174,188,8,20,47,312,151,101,,336,,,b'\x11\xe8\xe1I\xc6\x9dKJ\xaf\x82\x12\xdf\x17\xaeN\x1e'
11E8E149-C69D-4B4A-AF82-12DF17AE4E1E,2010-ncaa-d1-conf-ACC,ncaa,6,7,2,7,2,2,2,5,2,4,8,1,2,2,3,2,4,10,1,10,8,6,5,2,2,2,4,4,8,8,5,5,9,6,5,1,1,9,9,1,10,10,5,8,,,7,2,,,4,3,10,7,5,5,11,7,11,3,4,7,12,12,11,11,11,8,10,1,6,10,8,,2,,,4,11,11,12,4,11,12,3,6,4,8,2,9,6,12,6,1,11,10,4,5,8,5,5,8,11,9,2,5,7,5,5,1,10,11,8,7,5,4,8,,,10,11,,,4,10,2,8,3,8,7,10,9,11,6,4,8,6,6,9,5,9,1,4,2,11,4,2,,12,,,b'\x11\xe8\xe1I\xc6\x9dKJ\xaf\x82\x12\xdf\x17\xaeN\x1e'
11E8E149-C69D-4B4A-AF82-12DF17AE4E1E,2010-ncaa-d1-natl,ncaa,132,145,91,149,113,75,54,115,25,58,158,12,97,102,113,101,200,284,8,282,309,148,133,26,26,44,231,143,300,143,43,123,175,129,45,54,104,225,208,80,318,330,145,199,,,132,103,,,98,135,187,212,65,42,146,60,197,104,114,235,310,311,198,190,164,159,159,40,196,328,163,,105,,,98,274,265,276,150,274,301,95,175,135,270,76,221,179,321,175,82,276,219,134,152,249,134,133,180,222,175,12,43,47,45,62,17,283,319,194,178,159,119,117,,,314,343,,,98,215,41,249,95,231,235,271,242,308,163,102,202,161,153,253,174,192,8,20,48,312,153,105,,336,,,b'\x11\xe8\xe1I\xc6\x9dKJ\xaf\x82\x12\xdf\x17\xaeN\x1e'
11E8E149-C69D-4B4A-AF82-12DF17AE4E1E,2011-ncaa-d0-natl,ncaa,85,111,43,109,62,16,13,27,8,16,47,4,45,52,57,131,106,161,28,161,303,38,28,10,12,27,248,155,318,48,21,23,71,24,12,12,72,317,192,48,158,251,93,165,,,255,103,,,39,25,23,223,8,5,19,13,79,58,76,147,230,239,35,23,77,21,20,6,264,209,123,,175,,,38,334,330,324,163,328,325,132,261,261,210,138,275,269,214,257,112,326,307,167,164,223,127,164,152,251,71,82,21,144,12,277,92,168,293,250,289,180,217,107,,,187,335,,,39,313,21,208,54,286,291,318,289,318,219,211,215,210,199,313,295,172,20,46,205,250,232,165,,282,,,b'\x11\xe8\xe1I\xc6\x9dKJ\xaf\x82\x12\xdf\x17\xaeN\x1e'
11E8E149-C69D-4B4A-AF82-12DF17AE4E1E,2011-ncaa-d1-conf-ACC,ncaa,9,9,4,9,8,5,4,7,2,6,8,2,2,3,3,3,10,11,1,11,12,9,6,2,2,4,5,2,11,7,4,4,5,6,4,3,1,9,10,5,12,12,9,11,,,8,9,,,8,7,5,9,7,4,7,5,10,3,4,10,11,11,10,6,7,6,6,2,10,12,10,,9,,,8,9,10,10,5,10,10,5,2,3,4,2,10,9,7,8,8,10,6,4,4,10,3,2,9,9,5,3,4,5,4,6,5,12,12,12,11,10,5,6,,,10,12,,,8,5,5,10,8,9,10,9,10,11,3,3,10,9,8,9,6,8,2,4,7,12,11,4,,12,,,b'\x11\xe8\xe1I\xc6\x9dKJ\xaf\x82\x12\xdf\x17\xaeN\x1e'
11E8E149-C69D-4B4A-AF82-12DF17AE4E1E,2011-ncaa-d1-natl,ncaa,90,110,51,112,75,17,13,28,8,16,53,4,51,57,61,128,115,173,29,173,305,42,29,10,12,27,244,153,318,53,22,24,73,26,12,12,71,308,194,49,180,253,101,169,,,238,103,,,43,27,25,218,8,5,19,13,80,59,76,147,232,241,36,24,80,22,21,6,264,216,125,,177,,,42,331,327,322,170,323,322,138,254,249,214,137,264,255,213,243,111,324,304,171,166,230,122,160,157,235,73,59,22,119,12,270,90,190,300,255,282,187,209,115,,,204,335,,,43,310,21,215,60,289,295,321,294,318,220,211,219,215,204,314,294,172,19,45,205,254,236,173,,284,,,b'\x11\xe8\xe1I\xc6\x9dKJ\xaf\x82\x12\xdf\x17\xaeN\x1e'
11E8E149-C69D-4B4A-AF82-12DF17AE4E1E,2012-ncaa-d0-natl,ncaa,297,309,163,302,221,258,266,278,215,269,284,199,175,157,196,109,217,269,32,266,172,284,275,199,167,213,92,118,131,296,268,298,254,312,270,244,142,178,265,242,273,269,310,312,,,79,105,,,314,260,243,262,274,286,303,287,289,161,149,221,275,274,306,298,302,310,324,247,200,280,316,,86,,,311,254,265,150,322,244,119,320,274,207,314,229,163,135,257,130,170,142,100,324,321,332,180,240,95,127,254,75,268,84,270,320,310,289,288,333,81,157,310,337,,,323,313,,,314,95,247,329,310,285,291,178,277,146,277,223,185,156,150,172,103,159,103,113,324,297,107,323,,329,,,b'\x11\xe8\xe1I\xc6\x9dKJ\xaf\x82\x12\xdf\x17\xaeN\x1e'
11E8E149-C69D-4B4A-AF82-12DF17AE4E1E,2012-ncaa-d1-conf-ACC,ncaa,11,11,7,11,9,10,10,10,8,12,12,9,4,4,6,1,10,12,3,12,9,11,12,8,8,10,1,1,9,12,12,10,9,12,11,8,1,6,10,8,11,10,12,12,,,3,6,,,12,11,10,8,10,10,10,12,12,3,4,10,12,12,11,12,12,10,12,7,9,11,12,,5,,,12,10,9,4,12,8,3,12,12,6,11,9,7,8,5,8,9,5,2,12,12,12,10,11,4,4,9,7,12,4,11,11,10,12,11,12,4,9,9,11,,,12,12,,,12,2,10,12,12,12,12,6,12,3,12,11,8,9,9,7,3,7,8,8,11,11,5,9,,12,,,b'\x11\xe8\xe1I\xc6\x9dKJ\xaf\x82\x12\xdf\x17\xaeN\x1e'
11E8E149-C69D-4B4A-AF82-12DF17AE4E1E,2012-ncaa-d1-natl,ncaa,301,306,196,304,263,273,284,301,224,294,301,209,179,163,195,107,240,287,32,285,171,305,308,209,174,220,90,114,129,311,273,312,256,326,280,263,144,152,270,247,288,279,320,315,,,59,108,,,316,291,244,262,280,293,305,295,292,159,149,222,276,276,308,300,307,312,325,253,201,285,320,,87,,,315,239,251,122,324,231,98,323,267,191,317,228,150,122,258,117,171,114,68,327,322,333,178,239,95,112,256,53,273,55,280,316,310,305,293,334,72,161,306,339,,,327,312,,,316,64,254,331,314,287,293,179,281,149,282,223,190,161,154,171,103,164,105,117,325,298,108,325,,329,,,b'\x11\xe8\xe1I\xc6\x9dKJ\xaf\x82\x12\xdf\x17\xaeN\x1e'
11E8E149-C69D-4B4A-AF82-12DF17AE4E1E,2013-ncaa-d0-natl,ncaa,212,244,120,231,142,154,169,227,94,253,312,81,35,49,53,29,223,271,46,273,127,244,259,56,48,76,36,28,259,336,335,212,111,313,289,89,26,129,186,77,229,239,291,303,,,128,127,,,212,175,207,124,160,187,273,281,322,33,43,248,288,295,294,301,339,251,336,67,127,242,300,,125,,,210,258,269,174,315,272,203,304,174,132,264,124,176,189,121,197,181,176,159,307,303,295,93,132,134,64,111,169,335,118,289,242,168,204,215,249,36,71,183,291,,,257,226,,,212,186,136,270,198,244,266,137,279,178,169,125,181,185,189,145,128,64,161,101,241,219,49,186,,288,,,b'\x11\xe8\xe1I\xc6\x9dKJ\xaf\x82\x12\xdf\x17\xaeN\x1e'
11E8E149-C69D-4B4A-AF82-12DF17AE4E1E,2013-ncaa-d1-conf-ACC,ncaa,9,9,3,9,4,9,9,9,5,11,12,5,1,1,5,1,9,10,3,10,5,9,9,5,4,4,1,1,8,12,12,7,6,11,12,3,1,3,7,2,9,8,12,12,,,5,4,,,10,9,9,2,9,9,9,12,12,1,1,9,10,11,9,11,12,9,12,3,2,9,12,,5,,,10,11,10,6,11,10,5,11,10,7,11,7,7,6,8,6,6,6,6,12,11,11,4,8,6,4,6,11,12,9,12,11,8,9,10,12,4,3,9,11,,,10,9,,,10,5,9,11,10,11,10,7,10,7,10,7,6,6,6,7,4,2,11,7,9,10,2,9,,11,,,b'\x11\xe8\xe1I\xc6\x9dKJ\xaf\x82\x12\xdf\x17\xaeN\x1e'
11E8E149-C69D-4B4A-AF82-12DF17AE4E1E,2013-ncaa-d1-natl,ncaa,221,243,136,240,164,166,184,249,98,271,323,84,39,54,53,29,238,281,45,284,128,266,281,58,48,75,36,27,257,339,337,234,114,324,297,93,27,114,190,79,246,248,297,306,,,111,131,,,218,197,207,119,168,198,277,290,323,33,44,249,291,297,296,301,339,257,337,69,125,249,301,,126,,,216,245,260,157,317,265,187,308,162,123,266,124,170,176,128,182,181,157,130,310,306,302,90,129,134,53,114,152,337,91,297,231,167,221,221,256,31,72,180,295,,,267,221,,,218,164,143,276,203,249,267,143,281,184,173,125,184,187,192,147,127,64,162,103,243,228,49,189,,287,,,b'\x11\xe8\xe1I\xc6\x9dKJ\xaf\x82\x12\xdf\x17\xaeN\x1e'
11E8E149-C69D-4B4A-AF82-12DF17AE4E1E,2014-ncaa-d0-natl,ncaa,221,246,131,240,145,181,171,245,67,272,305,80,38,72,13,35,309,332,26,329,261,280,277,27,40,67,45,21,333,299,243,256,220,286,214,89,49,155,236,87,217,203,176,148,,,127,182,,,230,249,314,122,197,189,298,290,321,30,68,320,338,334,321,321,308,295,322,73,141,223,183,,114,,,228,235,217,153,274,157,105,269,294,250,309,280,183,150,295,150,217,151,106,301,300,323,287,289,151,129,220,57,243,62,214,297,314,304,299,335,94,170,78,196,,,334,337,,,230,110,97,321,223,240,222,125,157,60,301,257,188,156,157,118,49,127,41,55,301,313,103,66,,345,,,b'\x11\xe8\xe1I\xc6\x9dKJ\xaf\x82\x12\xdf\x17\xaeN\x1e'
11E8E149-C69D-4B4A-AF82-12DF17AE4E1E,2014-ncaa-d1-conf-ACC,ncaa,14,14,12,14,13,13,13,15,7,15,15,7,2,2,3,1,15,15,4,15,11,15,15,4,5,8,1,1,15,15,15,14,13,15,14,8,2,8,14,7,12,10,11,11,,,5,9,,,13,15,14,5,12,11,15,15,15,1,2,15,15,15,15,15,15,13,15,7,11,10,11,,8,,,13,8,5,3,13,7,1,14,9,7,12,11,10,8,13,8,11,1,2,13,13,14,12,10,10,3,13,3,15,3,14,12,14,14,13,15,5,13,4,12,,,15,15,,,13,1,11,14,13,13,12,5,12,4,11,11,10,10,10,5,2,7,6,7,15,13,7,7,,15,,,b'\x11\xe8\xe1I\xc6\x9dKJ\xaf\x82\x12\xdf\x17\xaeN\x1e'
11E8E149-C69D-4B4A-AF82-12DF17AE4E1E,2014-ncaa-d1-natl,ncaa,230,244,145,247,163,201,195,268,71,286,316,81,43,78,15,34,317,337,25,333,260,301,306,31,43,69,45,18,334,309,251,278,224,303,226,100,51,135,243,93,226,205,183,151,,,109,183,,,238,283,315,114,203,194,299,294,321,30,67,322,338,334,323,322,312,298,324,76,141,225,186,,115,,,236,213,200,127,284,142,76,279,288,243,311,282,176,141,298,140,218,117,74,305,304,327,286,288,152,120,224,38,251,47,226,293,314,320,300,338,84,171,73,206,,,339,336,,,238,76,100,325,232,245,232,128,162,61,303,259,191,156,156,119,49,129,42,57,304,319,104,73,,345,,,b'\x11\xe8\xe1I\xc6\x9dKJ\xaf\x82\x12\xdf\x17\xaeN\x1e'
11E8E149-C69D-4B4A-AF82-12DF17AE4E1E,2015-ncaa-d0-natl,ncaa,208,209,172,219,178,158,175,192,155,296,314,193,17,34,25,15,291,317,77,312,214,218,171,72,89,158,17,7,325,243,248,187,243,220,255,100,42,306,304,189,166,182,56,30,,,259,258,,,262,147,98,59,142,167,163,310,319,11,20,303,324,319,222,151,252,168,230,76,312,158,44,,284,,,262,288,210,207,207,101,94,196,331,315,319,314,289,264,300,267,305,231,217,263,284,294,335,322,247,233,243,170,248,214,255,289,302,187,219,266,290,292,144,259,,,316,339,,,262,201,195,295,259,306,249,262,125,97,337,328,303,286,288,292,287,266,206,234,303,177,294,150,,336,,,b'\x11\xe8\xe1I\xc6\x9dKJ\xaf\x82\x12\xdf\x17\xaeN\x1e'
11E8E149-C69D-4B4A-AF82-12DF17AE4E1E,2015-ncaa-d1-conf-ACC,ncaa,12,12,10,12,11,12,11,13,9,14,15,10,1,2,3,1,15,15,5,15,15,15,11,6,8,13,2,1,15,12,12,13,13,13,14,7,2,14,14,11,10,9,7,4,,,8,12,,,12,10,5,3,12,11,11,13,15,1,2,15,15,15,14,9,12,12,13,6,14,8,7,,11,,,13,12,11,7,11,6,4,9,13,12,14,12,11,11,10,11,12,7,7,13,13,13,14,14,9,10,13,8,12,7,14,12,12,12,11,12,14,14,1,7,,,15,15,,,12,5,13,13,13,13,12,12,8,8,14,12,12,11,11,12,12,12,9,9,14,11,14,2,,15,,,b'\x11\xe8\xe1I\xc6\x9dKJ\xaf\x82\x12\xdf\x17\xaeN\x1e'
11E8E149-C69D-4B4A-AF82-12DF17AE4E1E,2015-ncaa-d1-natl,ncaa,222,207,209,225,219,192,203,235,165,323,331,198,18,40,29,16,306,327,75,324,211,255,219,78,95,168,16,7,325,269,259,214,251,259,264,116,45,291,309,197,185,191,64,29,,,246,267,,,275,188,106,56,151,174,173,319,321,11,22,305,325,321,232,162,261,175,233,80,313,167,44,,289,,,276,272,188,176,217,83,70,206,326,310,319,313,281,252,304,252,310,205,176,271,295,304,334,319,249,215,251,142,259,184,264,284,303,213,229,271,277,296,133,264,,,335,338,,,275,159,207,304,275,309,259,261,133,99,337,328,307,286,288,294,286,273,212,241,306,187,297,157,,335,,,b'\x11\xe8\xe1I\xc6\x9dKJ\xaf\x82\x12\xdf\x17\xaeN\x1e'
11E8E149-C69D-4B4A-AF82-12DF17AE4E1E,2016-ncaa-d0-natl,ncaa,164,181,114,173,165,209,177,293,39,205,285,65,117,198,20,122,331,335,113,335,311,313,283,32,47,137,170,84,334,338,306,154,54,274,130,45,1,287,335,106,215,192,162,151,,,172,231,,,152,229,289,280,257,209,343,237,315,122,204,339,340,339,345,333,344,173,317,23,272,231,171,,152,,,152,75,73,118,99,96,123,128,106,143,73,189,118,111,183,114,160,113,89,92,93,116,154,168,184,44,54,45,306,35,130,83,126,225,187,138,300,329,81,163,,,293,242,,,152,125,196,91,147,53,64,67,86,82,103,139,107,109,115,58,38,41,35,33,69,251,284,76,,324,,,b'\x11\xe8\xe1I\xc6\x9dKJ\xaf\x82\x12\xdf\x17\xaeN\x1e'
11E8E149-C69D-4B4A-AF82-12DF17AE4E1E,2016-ncaa-d1-conf-ACC,ncaa,14,14,4,14,6,12,12,14,6,12,13,8,7,10,5,6,15,15,3,15,14,15,13,6,7,11,9,5,15,15,14,4,4,12,8,5,1,14,14,9,14,14,10,11,,,5,7,,,13,12,12,7,13,13,15,13,14,7,9,15,15,15,15,15,15,6,12,4,14,15,10,,3,,,13,9,12,9,10,10,11,8,10,9,11,8,3,3,10,3,2,8,5,12,10,13,8,10,2,3,4,6,14,3,8,6,2,15,14,13,14,15,4,8,,,14,14,,,13,4,13,12,13,11,11,9,10,11,10,9,3,3,3,9,2,3,6,4,7,15,14,4,,15,,,b'\x11\xe8\xe1I\xc6\x9dKJ\xaf\x82\x12\xdf\x17\xaeN\x1e'
11E8E149-C69D-4B4A-AF82-12DF17AE4E1E,2016-ncaa-d1-natl,ncaa,174,179,142,184,209,240,207,326,40,239,307,71,126,212,19,121,335,338,111,338,313,335,319,32,48,142,164,83,332,345,315,181,55,308,142,49,1,274,339,112,244,203,178,160,,,144,234,,,168,276,291,282,266,219,345,241,318,124,208,339,339,339,346,335,344,179,321,25,273,245,177,,154,,,168,49,61,80,110,79,90,143,92,132,76,186,105,91,196,95,160,72,51,106,102,131,151,164,180,30,55,27,315,18,142,64,125,251,202,157,285,335,71,168,,,313,237,,,168,83,206,111,165,56,73,69,98,87,104,142,112,111,115,58,38,40,36,33,72,257,285,77,,322,,,b'\x11\xe8\xe1I\xc6\x9dKJ\xaf\x82\x12\xdf\x17\xaeN\x1e'
11E8E149-C69D-4B4A-AF82-12DF17AE4E1E,2017-ncaa-d0-natl,ncaa,267,283,168,279,215,247,202,288,75,166,239,74,247,264,176,209,320,315,221,317,313,303,248,98,117,231,300,224,301,293,257,193,178,256,190,98,17,324,340,210,262,263,121,103,,,204,236,,,262,217,201,268,272,215,318,157,241,252,259,328,322,325,334,277,301,181,274,64,323,269,107,,227,,,260,158,150,143,193,142,158,148,200,142,282,163,192,201,134,197,205,151,138,194,206,210,226,210,197,156,178,57,257,71,190,118,139,203,199,176,319,336,58,102,,,285,274,,,262,137,269,226,258,197,176,150,165,163,214,158,200,215,213,170,140,176,73,97,131,199,322,69,,304,,,b'\x11\xe8\xe1I\xc6\x9dKJ\xaf\x82\x12\xdf\x17\xaeN\x1e'
11E8E149-C69D-4B4A-AF82-12DF17AE4E1E,2017-ncaa-d1-conf-ACC,ncaa,15,15,10,15,12,14,14,14,8,13,13,9,12,10,10,7,15,14,13,14,13,14,13,8,9,13,8,6,13,14,13,8,9,13,12,8,2,15,15,12,13,11,9,8,,,11,11,,,14,13,8,6,13,13,14,13,12,12,9,15,14,14,14,12,14,7,12,6,15,12,7,,12,,,14,9,7,6,9,8,7,8,12,8,10,7,11,11,5,11,12,5,5,9,10,11,11,10,12,10,9,7,13,8,12,6,7,11,10,10,15,15,5,7,,,15,13,,,14,5,15,12,14,11,10,12,10,12,13,10,13,12,12,12,10,11,9,12,10,10,15,5,,13,,,b'\x11\xe8\xe1I\xc6\x9dKJ\xaf\x82\x12\xdf\x17\xaeN\x1e'
11E8E149-C69D-4B4A-AF82-12DF17AE4E1E,2017-ncaa-d1-natl,ncaa,283,282,217,287,288,286,239,322,83,190,266,79,261,270,181,208,331,327,221,329,312,330,297,103,123,235,297,222,300,312,263,235,191,295,205,116,17,311,342,219,285,271,127,109,,,185,240,,,273,272,208,270,281,225,323,165,243,253,263,332,323,328,336,280,304,193,283,75,324,279,110,,228,,,275,122,117,96,203,122,116,155,183,115,291,161,167,186,140,185,204,100,78,210,215,222,220,210,199,128,191,29,263,41,205,98,137,231,203,182,312,336,49,110,,,313,272,,,273,78,277,235,272,203,184,154,170,164,218,160,203,218,216,174,139,182,74,98,139,212,326,69,,305,,,b'\x11\xe8\xe1I\xc6\x9dKJ\xaf\x82\x12\xdf\x17\xaeN\x1e'
11E8E149-C69D-4B4A-AF82-12DF17AE4E1E,2018-ncaa-d0-natl,ncaa,293,308,164,303,172,268,274,297,210,312,320,219,111,127,107,61,294,299,176,298,172,306,292,149,158,242,49,50,245,341,338,194,242,304,319,210,111,265,308,256,328,333,273,292,,,105,120,,,310,225,250,54,298,298,322,324,327,97,109,298,304,306,329,316,339,185,325,222,270,330,277,,132,,,305,222,247,209,258,268,252,223,150,108,260,87,136,150,138,143,93,202,148,235,219,270,75,135,101,218,242,200,338,212,319,189,108,277,285,268,210,278,63,181,,,274,208,,,310,136,291,285,301,246,275,258,295,286,169,117,164,166,159,248,174,237,224,238,193,279,218,71,,279,,,b'\x11\xe8\xe1I\xc6\x9dKJ\xaf\x82\x12\xdf\x17\xaeN\x1e'
11E8E149-C69D-4B4A-AF82-12DF17AE4E1E,2018-ncaa-d1-conf-ACC,ncaa,13,13,11,13,11,13,14,15,10,15,15,12,4,3,5,2,13,14,5,14,5,15,15,7,7,12,2,2,9,15,15,13,13,15,14,13,1,15,15,14,15,15,15,15,,,4,8,,,14,13,11,1,13,14,15,15,15,3,3,13,14,14,15,15,15,12,15,9,15,15,15,,7,,,14,13,13,8,15,14,12,15,4,3,13,1,8,6,10,6,7,8,3,14,14,14,2,3,7,12,13,7,15,10,14,11,6,14,14,14,13,15,1,6,,,14,8,,,14,4,13,14,14,14,13,12,15,14,9,5,10,9,9,13,8,13,10,11,12,14,15,1,,14,,,b'\x11\xe8\xe1I\xc6\x9dKJ\xaf\x82\x12\xdf\x17\xaeN\x1e'
11E8E149-C69D-4B4A-AF82-12DF17AE4E1E,2018-ncaa-d1-natl,ncaa,305,307,213,310,225,302,300,325,226,330,334,229,117,144,106,60,309,312,182,312,171,329,328,157,170,250,48,50,243,343,339,235,246,325,323,243,113,235,310,260,337,334,285,296,,,76,122,,,315,288,252,49,302,300,326,331,330,98,109,303,306,309,331,319,340,190,326,234,271,333,279,,133,,,315,193,234,179,271,257,228,234,139,81,271,87,121,126,142,119,94,155,90,250,229,284,73,133,97,193,246,170,339,181,323,174,107,300,293,275,187,282,52,190,,,294,205,,,315,74,297,296,313,257,283,260,298,288,171,115,167,167,162,250,175,244,231,241,202,285,220,74,,282,,,b'\x11\xe8\xe1I\xc6\x9dKJ\xaf\x82\x12\xdf\x17\xaeN\x1e'
11E8E149-C69D-4B4A-AF82-12DF17AE4E1E,2019-ncaa-d0-natl,ncaa,185,180,173,191,189,82,65,72,65,76,125,51,75,69,127,98,266,276,218,261,311,93,77,65,90,112,209,110,336,42,27,257,236,152,119,64,122,285,203,122,154,185,238,269,,,276,277,,,160,96,37,70,43,22,17,39,101,60,54,277,278,267,32,11,20,272,109,31,277,149,241,,303,,,160,299,286,165,328,295,245,283,167,45,349,24,313,304,238,306,261,205,246,327,331,294,134,81,257,160,236,111,27,118,119,205,98,68,72,104,230,151,165,128,,,216,309,,,160,252,93,277,167,329,303,184,309,294,183,47,314,308,310,259,306,181,133,153,229,47,233,177,,200,,,b'\x11\xe8\xe1I\xc6\x9dKJ\xaf\x82\x12\xdf\x17\xaeN\x1e'
11E8E149-C69D-4B4A-AF82-12DF17AE4E1E,2019-ncaa-d1-conf-ACC,ncaa,13,13,11,13,11,10,6,8,10,7,10,6,6,5,11,5,14,15,8,15,15,8,7,9,9,10,10,7,15,11,12,14,11,14,14,5,5,13,11,7,11,12,15,15,,,15,15,,,14,6,3,1,7,5,5,5,5,6,4,14,15,14,5,4,10,14,14,4,13,11,15,,15,,,14,15,15,5,15,15,10,15,7,2,15,1,15,15,10,15,15,9,10,15,15,15,5,3,15,4,11,11,12,8,14,12,5,10,10,12,12,12,9,13,,,11,13,,,14,10,10,15,13,15,15,8,15,13,8,3,15,15,15,15,13,6,13,12,13,8,13,12,,9,,,b'\x11\xe8\xe1I\xc6\x9dKJ\xaf\x82\x12\xdf\x17\xaeN\x1e'
11E8E149-C69D-4B4A-AF82-12DF17AE4E1E,2019-ncaa-d1-natl,ncaa,201,180,233,202,248,103,84,101,74,97,157,53,85,85,131,99,288,289,211,282,313,125,108,69,95,123,209,109,336,56,34,289,247,190,136,79,123,261,206,130,187,199,257,280,,,253,282,,,187,138,40,67,48,27,20,44,109,63,55,279,279,271,36,18,25,280,126,36,284,160,248,,303,,,187,280,263,111,333,278,217,293,146,30,351,21,298,289,248,291,263,161,198,332,335,304,132,81,256,125,247,76,34,80,136,186,99,89,80,122,210,160,155,146,,,253,308,,,187,204,99,291,191,331,310,192,317,296,184,44,316,310,312,262,304,185,140,160,237,55,236,188,,203,,,b'\x11\xe8\xe1I\xc6\x9dKJ\xaf\x82\x12\xdf\x17\xaeN\x1e'
11E8E149-C69D-4B4A-AF82-12DF17AE4E1E,2020-ncaa-d0-natl,ncaa,66,109,8,99,22,14,13,17,33,15,32,33,104,112,101,202,51,45,188,46,159,12,7,42,48,75,250,209,216,23,36,68,193,33,67,38,194,316,206,148,91,159,235,293,,,320,217,,,86,10,40,273,27,23,71,24,89,145,168,97,94,102,63,36,57,169,92,61,269,140,261,,258,,,96,331,328,329,245,328,344,172,239,168,315,68,252,229,304,220,82,333,341,229,242,207,110,127,145,279,193,144,36,209,67,217,59,36,122,87,233,92,217,113,,,2,63,,,86,343,55,195,95,264,279,262,286,307,182,95,187,149,146,251,290,202,49,81,135,87,163,157,,24,,,b'\x11\xe8\xe1I\xc6\x9dKJ\xaf\x82\x12\xdf\x17\xaeN\x1e'
11E8E149-C69D-4B4A-AF82-12DF17AE4E1E,2020-ncaa-d1-conf-ACC,ncaa,3,4,1,4,3,3,3,2,5,2,3,4,7,6,7,7,1,1,11,1,2,1,1,5,5,6,7,9,4,3,3,5,8,5,6,4,7,13,10,11,3,8,15,15,,,15,12,,,7,1,2,12,4,4,6,3,9,7,7,2,1,1,4,3,5,10,10,5,11,5,15,,11,,,7,15,15,14,14,14,14,13,14,8,15,5,11,6,13,6,3,14,15,14,13,13,6,11,3,9,8,10,3,10,6,12,6,3,6,6,11,10,7,6,,,1,1,,,7,15,4,11,7,13,14,11,13,11,11,7,7,5,5,10,11,8,7,7,8,6,9,7,,1,,,b'\x11\xe8\xe1I\xc6\x9dKJ\xaf\x82\x12\xdf\x17\xaeN\x1e'
11E8E149-C69D-4B4A-AF82-12DF17AE4E1E,2020-ncaa-d1-natl,ncaa,76,109,12,104,35,19,18,29,35,19,42,35,117,129,107,200,63,54,190,58,159,23,9,45,50,77,242,211,208,33,41,96,198,41,71,48,195,312,216,152,113,175,244,297,,,312,223,,,97,15,41,273,32,27,76,28,93,149,167,99,98,103,68,39,62,179,101,65,272,146,263,,260,,,107,320,318,318,257,321,337,189,229,149,320,65,233,208,308,202,84,322,336,241,248,225,106,122,148,257,198,120,41,183,71,206,61,50,129,97,220,97,205,118,,,6,61,,,97,338,60,217,109,273,282,262,294,309,184,90,194,153,152,256,287,203,53,85,143,96,165,165,,24,,,b'\x11\xe8\xe1I\xc6\x9dKJ\xaf\x82\x12\xdf\x17\xaeN\x1e'
11E8E149-C69D-4B4A-AF82-12DF17AE4E1E,2021-ncaa-d0-natl,ncaa,225,202,248,229,260,209,206,193,231,219,198,260,162,170,112,136,234,274,11,275,306,210,230,212,207,182,126,106,234,100,51,287,294,250,210,215,209,93,127,155,155,83,294,301,,,157,286,,,200,249,98,121,116,105,25,135,71,86,89,199,263,268,45,43,22,321,184,147,184,69,295,,287,,,201,125,142,89,323,191,108,336,69,80,73,124,146,114,321,112,168,86,97,310,322,265,36,38,177,104,294,106,51,97,210,117,80,153,67,98,99,130,195,226,,,263,296,,,200,98,140,262,194,273,290,150,321,199,83,107,236,197,191,157,249,203,219,219,196,49,176,284,,239,,,b'\x11\xe8\xe1I\xc6\x9dKJ\xaf\x82\x12\xdf\x17\xaeN\x1e'
11E8E149-C69D-4B4A-AF82-12DF17AE4E1E,2021-ncaa-d1-conf-ACC,ncaa,12,13,13,12,13,13,13,12,12,13,12,14,9,9,7,4,13,13,4,13,13,12,13,12,12,11,3,3,13,8,5,13,14,13,14,12,6,5,8,8,5,1,13,14,,,9,15,,,15,13,6,9,9,9,2,13,7,3,4,14,13,13,5,5,3,14,14,8,9,1,14,,15,,,13,6,6,3,15,9,3,15,3,3,7,5,12,9,14,9,13,3,3,15,15,14,5,2,13,5,14,4,5,5,14,4,6,6,2,4,7,10,10,11,,,13,13,,,15,3,12,14,13,15,14,3,15,8,6,5,13,13,13,7,10,9,13,12,8,2,10,12,,14,,,b'\x11\xe8\xe1I\xc6\x9dKJ\xaf\x82\x12\xdf\x17\xaeN\x1e'
11E8E149-C69D-4B4A-AF82-12DF17AE4E1E,2021-ncaa-d1-natl,ncaa,230,201,259,237,265,223,220,215,239,237,221,269,166,177,112,138,249,282,11,283,307,227,244,215,211,188,122,105,233,116,54,293,295,261,219,226,213,85,129,157,171,86,296,304,,,145,289,,,214,260,101,118,120,109,26,145,72,88,91,202,266,272,51,47,26,321,189,153,190,72,297,,291,,,215,116,127,82,325,182,102,337,65,74,77,121,140,105,321,104,171,81,88,310,322,278,35,37,178,96,295,100,54,90,219,110,82,167,68,102,90,133,191,231,,,273,296,,,214,88,145,274,206,277,292,151,322,204,84,107,243,197,193,162,252,207,221,221,199,52,178,285,,239,,,b'\x11\xe8\xe1I\xc6\x9dKJ\xaf\x82\x12\xdf\x17\xaeN\x1e'
11E8E149-C69D-4B4A-AF82-12DF17AE4E1E,2022-ncaa-d0-natl,ncaa,67,106,27,91,39,32,28,45,20,22,38,28,98,127,74,231,63,53,230,51,162,39,18,33,42,83,266,233,230,37,38,83,235,54,86,25,100,351,267,146,60,132,75,128,,,302,122,,,66,18,48,253,36,29,110,30,95,155,207,131,106,105,91,42,78,194,112,27,310,114,105,,190,,,70,324,329,323,210,341,329,218,177,221,99,86,285,284,221,281,132,325,336,182,183,141,66,72,177,323,235,188,38,258,86,244,58,23,79,58,344,270,272,141,,,26,141,,,66,330,74,139,82,209,234,229,278,280,89,103,188,184,180,220,291,227,26,82,129,49,302,188,,67,,,b'\x11\xe8\xe1I\xc6\x9dKJ\xaf\x82\x12\xdf\x17\xaeN\x1e'
11E8E149-C69D-4B4A-AF82-12DF17AE4E1E,2022-ncaa-d1-conf-ACC,ncaa,9,7,10,9,11,5,6,11,5,5,11,5,6,9,3,9,6,3,12,3,2,10,5,5,5,6,7,7,7,4,2,11,12,9,5,7,6,15,14,11,8,9,12,12,,,10,8,,,8,7,2,5,5,4,8,4,8,5,8,4,3,3,6,2,4,9,5,4,15,8,11,,12,,,8,11,10,5,12,13,11,13,1,3,1,3,12,12,7,11,9,5,8,12,11,8,2,1,12,9,12,3,2,4,5,6,5,8,7,5,15,15,8,9,,,3,4,,,8,9,6,9,8,12,13,10,14,12,1,4,13,12,12,13,13,12,2,7,7,6,15,11,,2,,,b'\x11\xe8\xe1I\xc6\x9dKJ\xaf\x82\x12\xdf\x17\xaeN\x1e'
11E8E149-C69D-4B4A-AF82-12DF17AE4E1E,2022-ncaa-d1-natl,ncaa,74,106,32,96,50,37,32,58,21,23,47,31,114,147,73,235,76,60,233,60,163,49,22,34,45,93,263,234,226,48,40,104,245,64,92,28,105,344,285,166,77,150,82,135,,,288,124,,,81,20,51,251,42,31,121,32,100,159,211,131,106,106,103,45,84,205,128,32,312,129,112,,194,,,86,322,325,316,229,340,325,233,158,193,108,85,270,268,226,264,132,320,334,193,196,151,60,71,172,312,245,152,40,227,92,228,59,30,88,67,341,277,264,156,,,33,134,,,81,328,85,150,97,217,249,230,291,284,92,102,196,190,186,221,288,232,28,88,137,62,305,199,,67,,,b'\x11\xe8\xe1I\xc6\x9dKJ\xaf\x82\x12\xdf\x17\xaeN\x1e'
11E8E149-C69D-4B4A-AF82-12DF17AE4E1E,2023-ncaa-d0-natl,ncaa,153,203,46,176,64,90,81,78,135,46,46,127,247,212,297,290,96,60,308,57,153,66,34,183,196,251,326,315,160,34,30,106,152,60,57,58,78,360,325,231,62,107,70,97,,,284,164,,,185,33,43,261,147,108,121,55,75,288,272,151,94,89,105,33,50,193,88,81,345,88,83,,202,,,185,312,310,286,237,319,316,165,219,152,317,79,290,273,285,274,179,294,321,231,248,165,155,142,222,206,152,171,30,186,57,312,256,26,51,125,359,338,252,147,,,46,183,,,185,326,232,132,193,229,220,169,236,267,153,79,250,218,218,185,279,121,56,58,261,44,352,218,,88,,,b'\x11\xe8\xe1I\xc6\x9dKJ\xaf\x82\x12\xdf\x17\xaeN\x1e'
11E8E149-C69D-4B4A-AF82-12DF17AE4E1E,2023-ncaa-d1-conf-ACC,ncaa,12,11,4,12,6,10,10,11,9,8,10,7,10,10,12,10,6,3,15,3,3,10,2,10,10,14,10,11,2,7,8,8,13,8,10,5,1,15,15,14,11,12,5,11,,,11,7,,,14,1,2,6,11,10,12,8,11,11,10,5,3,3,11,3,7,9,10,5,15,11,6,,11,,,14,15,14,13,12,14,14,8,7,6,11,6,14,13,15,13,10,14,15,10,11,11,6,4,11,12,13,8,8,9,10,11,8,5,7,8,15,15,10,10,,,4,5,,,14,15,13,12,14,14,13,12,14,13,7,6,14,14,14,14,14,12,7,7,10,4,15,11,,3,,,b'\x11\xe8\xe1I\xc6\x9dKJ\xaf\x82\x12\xdf\x17\xaeN\x1e'
11E8E149-C69D-4B4A-AF82-12DF17AE4E1E,2023-ncaa-d1-natl,ncaa,167,203,56,188,78,118,97,88,140,53,52,136,260,237,299,289,117,74,310,69,153,80,37,190,208,260,324,317,161,41,36,136,158,73,59,68,82,359,328,242,77,124,81,103,,,265,168,,,204,39,45,254,162,121,134,60,76,296,276,154,93,90,112,36,57,203,97,93,347,101,87,,211,,,204,306,301,266,255,303,304,180,210,132,324,79,283,259,294,260,182,272,310,242,261,186,157,140,224,183,158,131,36,147,59,307,259,35,62,148,358,341,250,151,,,55,175,,,204,318,244,157,212,242,234,173,244,270,160,81,253,222,222,190,277,123,57,64,269,50,352,225,,87,,,b'\x11\xe8\xe1I\xc6\x9dKJ\xaf\x82\x12\xdf\x17\xaeN\x1e'
11E8E149-C69D-4B4A-AF82-12DF17AE4E1E,2024-ncaa-d0-natl,ncaa,189,251,52,222,68,67,46,34,98,17,15,100,253,220,296,307,91,67,286,68,261,31,31,155,164,145,341,327,210,25,48,260,336,139,241,66,157,259,107,98,7,6,194,246,,,319,222,,,145,42,56,151,70,40,29,10,16,286,264,124,93,104,31,33,36,348,235,62,171,6,224,,279,,,146,330,336,253,343,350,295,346,126,140,141,78,303,278,315,275,184,264,321,328,333,218,31,26,207,313,336,283,48,310,241,293,144,8,15,53,250,127,253,89,,,55,182,,,145,321,117,233,153,278,305,156,331,241,71,79,248,221,216,169,298,262,198,236,241,11,185,210,,82,,,b'\x11\xe8\xe1I\xc6\x9dKJ\xaf\x82\x12\xdf\x17\xaeN\x1e'
11E8E149-C69D-4B4A-AF82-12DF17AE4E1E,2024-ncaa-d1-conf-ACC,ncaa,12,12,4,12,6,7,6,4,13,5,3,12,14,12,14,13,7,6,13,6,10,4,4,14,14,14,15,15,7,2,5,14,15,11,14,8,9,13,9,11,2,1,11,12,,,14,10,,,13,4,2,8,10,8,4,5,1,14,13,9,6,6,5,1,2,14,13,8,12,1,11,,14,,,13,14,13,9,14,14,9,15,3,4,3,4,14,14,15,14,10,12,13,14,14,10,4,1,12,12,15,11,5,12,14,8,5,1,1,3,12,11,13,8,,,4,6,,,13,12,13,10,13,15,13,4,14,9,3,4,14,14,14,7,14,13,11,14,8,1,12,13,,5,,,b'\x11\xe8\xe1I\xc6\x9dKJ\xaf\x82\x12\xdf\x17\xaeN\x1e'
11E8E149-C69D-4B4A-AF82-12DF17AE4E1E,2024-ncaa-d1-natl,ncaa,218,253,78,235,98,84,55,43,106,21,19,107,274,243,305,311,109,79,287,85,261,42,42,165,176,156,342,330,205,30,58,301,340,181,260,77,167,222,112,104,9,8,213,253,,,310,233,,,173,56,61,153,81,43,32,11,18,289,271,126,91,105,40,38,41,355,248,71,177,7,229,,288,,,174,321,330,225,352,348,275,353,106,117,158,78,294,260,319,258,186,240,312,340,346,242,32,29,207,300,340,260,58,292,260,285,147,10,18,69,224,143,244,105,,,70,175,,,173,310,126,255,175,289,312,159,336,248,77,79,261,227,224,177,298,272,204,243,257,13,195,221,,82,,,b'\x11\xe8\xe1I\xc6\x9dKJ\xaf\x82\x12\xdf\x17\xaeN\x1e'
11E8E149-C69D-4B4A-AF82-12DF17AE4E1E,2025-ncaa-d0-natl,genius_ncaa,147,227,29,188,49,44,48,27,151,40,18,206,105,133,81,268,29,38,57,37,183,26,17,156,138,127,195,231,111,11,21,159,288,51,133,58,153,318,126,128,39,84,181,258,,,305,130,,272,135,29,41,251,49,61,24,58,36,154,192,39,66,64,27,16,19,305,111,79,218,61,234,,192,,213,136,350,353,320,337,354,314,341,284,285,219,164,282,283,178,285,171,321,337,328,321,241,96,131,114,302,288,274,21,297,133,334,173,29,73,136,189,55,327,176,,,35,207,,26,135,336,89,239,139,303,319,238,323,241,214,192,195,195,197,240,306,227,135,169,281,51,108,293,,85,,46,b'\x11\xe8\xe1I\xc6\x9dKJ\xaf\x82\x12\xdf\x17\xaeN\x1e'
11E8E149-C69D-4B4A-AF82-12DF17AE4E1E,2025-ncaa-d1-conf-ACC,genius_ncaa,12,12,4,12,8,7,10,7,15,8,5,15,12,9,8,15,1,1,3,1,2,6,2,15,14,14,7,13,2,2,3,15,16,7,9,12,13,18,14,16,4,7,15,15,,,17,13,,11,14,4,3,11,6,9,6,9,5,12,11,1,1,1,4,1,1,16,8,14,17,6,15,,16,,10,14,18,18,11,17,17,9,18,12,12,13,10,18,18,5,18,16,14,14,17,17,14,10,8,14,13,16,9,3,11,9,16,10,4,5,7,16,11,15,11,,,2,4,,2,14,14,11,14,14,18,16,8,16,10,11,12,17,17,17,13,15,12,8,11,13,4,15,15,,1,,2,b'\x11\xe8\xe1I\xc6\x9dKJ\xaf\x82\x12\xdf\x17\xaeN\x1e'
11E8E149-C69D-4B4A-AF82-12DF17AE4E1E,2025-ncaa-d1-natl,genius_ncaa,161,226,43,193,64,52,55,30,163,49,23,210,117,151,89,267,34,46,56,45,182,30,18,167,145,133,195,229,106,13,25,192,300,70,141,67,163,302,129,139,53,93,207,265,,,289,135,,266,147,33,44,251,54,65,27,61,39,156,196,40,69,69,27,17,21,315,125,83,219,70,243,,192,,221,148,350,353,313,343,353,308,347,273,265,226,164,263,271,184,273,175,311,329,336,330,257,95,127,114,291,300,250,25,279,141,329,174,38,86,152,167,60,321,193,,,47,203,,29,147,329,97,254,152,309,326,242,329,246,218,192,203,200,200,245,307,236,139,172,287,55,112,296,,85,,45,b'\x11\xe8\xe1I\xc6\x9dKJ\xaf\x82\x12\xdf\x17\xaeN\x1e'
11E8E149-C69D-4B4A-AF82-12DF17AE4E1E,2026-ncaa-d0-natl,genius_ncaa,163,346,1,259,1,15,27,2,225,50,8,256,12,3,115,125,14,16,61,15,173,2,1,202,190,146,71,90,133,12,195,21,69,12,167,26,102,339,81,99,72,225,284,345,,,359,164,,205,202,1,198,89,147,172,94,213,161,90,100,116,162,162,100,158,153,226,182,121,87,239,349,,129,,69,193,362,362,362,293,359,337,321,363,363,252,342,324,293,324,292,145,361,363,318,312,292,255,317,73,275,69,363,195,361,167,363,332,32,175,291,334,107,358,277,,,7,190,,11,202,363,146,250,199,238,249,156,179,40,324,323,107,69,65,106,88,25,250,150,319,198,117,297,,189,,102,b'\x11\xe8\xe1I\xc6\x9dKJ\xaf\x82\x12\xdf\x17\xaeN\x1e'
11E8E149-C69D-4B4A-AF82-12DF17AE4E1E,2026-ncaa-d1-conf-ACC,genius_ncaa,6,6,1,6,1,8,9,3,9,9,7,8,4,3,10,3,6,5,5,5,4,3,7,9,8,8,3,4,5,3,5,10,10,9,9,5,2,1,1,3,8,9,9,9,,,4,4,,1,9,9,9,1,8,9,3,9,7,4,3,6,5,5,3,7,3,10,9,5,1,8,9,,4,,1,9,9,9,5,9,9,1,10,9,9,7,10,2,1,7,1,1,3,3,9,9,9,5,9,1,7,10,8,5,9,9,8,7,4,3,7,5,5,8,10,,,4,3,,2,9,1,7,10,9,9,9,5,9,1,9,9,2,1,1,3,3,7,8,9,8,4,5,8,,4,,2,b'\x11\xe8\xe1I\xc6\x9dKJ\xaf\x82\x12\xdf\x17\xaeN\x1e'
11E8E149-C69D-4B4A-AF82-12DF17AE4E1E,2026-ncaa-d1-natl,genius_ncaa,203,345,1,286,1,18,32,2,261,69,13,291,18,8,125,121,17,21,58,20,164,2,1,233,217,178,62,90,116,26,233,24,77,16,189,31,105,316,88,120,111,264,314,349,,,355,191,,178,244,1,215,91,181,207,117,254,179,104,110,121,174,178,125,187,183,250,227,155,89,278,353,,138,,73,237,362,362,362,323,355,328,340,363,363,282,343,309,268,335,272,151,361,361,336,336,329,259,316,69,241,77,363,233,355,189,363,337,52,215,316,318,113,355,298,,,8,188,,12,244,363,182,299,242,278,286,166,216,42,335,326,120,78,75,123,83,28,275,166,332,235,118,307,,185,,97,b'\x11\xe8\xe1I\xc6\x9dKJ\xaf\x82\x12\xdf\x17\xaeN\x1e'
11E8E149-C6A1-CD00-AF82-12DF17AE4E1E,2010-ncaa-d0-natl,ncaa,149,145,122,155,152,146,183,116,270,241,192,299,57,58,102,71,104,85,201,91,64,109,157,227,218,144,35,52,110,264,335,58,89,145,294,149,112,32,29,64,210,251,155,170,,,146,85,,,165,114,70,218,139,206,95,274,214,50,51,99,89,95,84,171,290,38,142,154,34,231,169,,127,,,165,214,175,247,64,158,215,81,210,263,84,243,282,251,282,245,218,259,244,72,105,131,244,196,270,206,89,341,335,332,294,66,39,166,209,78,85,96,202,223,,,100,79,,,165,243,187,121,153,201,153,262,137,204,208,273,271,240,233,277,265,203,340,330,59,172,91,194,,96,,,b'\x11\xe8\xe1I\xc6\xa1\xcd\x00\xaf\x82\x12\xdf\x17\xaeN\x1e'
11E8E149-C6A1-CD00-AF82-12DF17AE4E1E,2010-ncaa-d1-conf-America East,ncaa,3,3,3,3,5,3,4,3,6,7,4,8,1,1,2,2,3,1,7,1,2,2,4,6,6,3,1,1,3,7,8,3,4,3,8,3,2,1,1,1,3,5,6,6,,,2,1,,,3,3,1,4,2,5,3,7,6,1,1,1,1,1,2,3,7,1,4,2,2,4,6,,2,,,3,6,6,8,3,7,9,3,4,7,3,5,6,5,7,5,2,8,9,3,3,3,3,5,6,7,4,9,8,9,8,3,2,4,6,4,2,2,5,6,,,1,1,,,3,9,4,3,3,3,4,8,4,8,4,6,6,4,4,8,9,6,9,8,3,6,2,5,,1,,,b'\x11\xe8\xe1I\xc6\xa1\xcd\x00\xaf\x82\x12\xdf\x17\xaeN\x1e'
11E8E149-C6A1-CD00-AF82-12DF17AE4E1E,2010-ncaa-d1-natl,ncaa,156,145,134,160,167,154,194,128,278,257,200,301,61,63,104,74,113,92,201,100,62,122,168,230,221,146,34,52,106,280,335,65,96,161,299,159,114,21,30,67,231,255,166,172,,,127,86,,,175,126,70,214,143,213,99,278,214,51,51,99,90,95,90,172,291,40,146,158,35,233,169,,133,,,175,207,159,237,66,144,204,86,202,258,89,244,274,242,283,234,218,248,232,75,112,139,245,197,269,186,96,339,335,331,299,53,39,186,220,88,78,96,193,227,,,112,79,,,175,232,190,132,166,209,162,264,140,206,209,273,273,244,236,277,264,208,340,332,64,182,91,197,,96,,,b'\x11\xe8\xe1I\xc6\xa1\xcd\x00\xaf\x82\x12\xdf\x17\xaeN\x1e'
11E8E149-C6A1-CD00-AF82-12DF17AE4E1E,2011-ncaa-d0-natl,ncaa,137,134,119,140,159,161,146,110,192,195,173,215,75,83,88,89,269,250,244,251,266,136,186,164,187,137,109,61,302,252,309,143,131,195,283,141,158,25,33,56,153,154,106,120,,,154,171,,,118,162,204,252,170,158,117,211,199,73,78,283,279,280,152,255,270,161,241,144,26,175,113,,145,,,120,106,85,134,77,121,217,58,68,56,154,51,243,263,126,257,235,158,161,56,87,103,160,79,288,157,131,318,309,283,283,53,68,175,166,91,69,79,57,68,,,238,255,,,118,173,163,98,123,94,74,98,114,204,63,39,237,252,249,130,113,143,315,276,48,190,65,58,,274,,,b'\x11\xe8\xe1I\xc6\xa1\xcd\x00\xaf\x82\x12\xdf\x17\xaeN\x1e'
11E8E149-C6A1-CD00-AF82-12DF17AE4E1E,2011-ncaa-d1-conf-America East,ncaa,1,2,1,2,2,1,1,1,1,2,2,1,1,2,2,3,6,6,6,6,7,1,2,2,2,1,5,3,8,4,5,2,4,2,8,1,5,2,1,1,2,3,3,3,,,6,3,,,1,2,3,7,1,1,2,2,4,2,2,7,7,7,2,5,6,6,7,1,1,3,3,,5,,,1,7,6,7,3,6,8,4,2,4,5,1,8,8,5,8,4,8,9,3,4,4,3,2,6,7,4,9,5,9,8,5,4,2,4,2,1,1,6,3,,,4,5,,,1,8,1,4,1,4,2,4,3,5,2,3,6,5,5,4,6,5,6,7,5,3,1,5,,6,,,b'\x11\xe8\xe1I\xc6\xa1\xcd\x00\xaf\x82\x12\xdf\x17\xaeN\x1e'
11E8E149-C6A1-CD00-AF82-12DF17AE4E1E,2011-ncaa-d1-natl,ncaa,145,133,132,142,182,182,169,130,197,208,192,220,79,90,92,88,276,262,240,260,263,160,218,169,190,142,103,61,301,269,311,168,137,222,288,158,161,19,33,56,175,161,113,122,,,137,174,,,127,193,208,255,181,161,119,220,202,74,77,283,283,282,157,258,274,165,246,150,26,180,115,,143,,,128,85,72,111,82,110,201,63,57,48,154,51,232,249,128,243,236,132,130,61,91,110,157,78,288,139,137,311,311,267,288,43,73,196,173,95,58,81,52,68,,,258,255,,,127,140,169,106,132,99,76,101,120,207,65,39,241,252,250,135,111,146,316,282,51,200,67,59,,277,,,b'\x11\xe8\xe1I\xc6\xa1\xcd\x00\xaf\x82\x12\xdf\x17\xaeN\x1e'
11E8E149-C6A1-CD00-AF82-12DF17AE4E1E,2012-ncaa-d0-natl,ncaa,44,36,81,45,112,161,182,136,253,215,188,265,90,96,129,104,136,127,189,129,116,132,194,226,224,127,64,76,132,171,237,76,128,113,194,204,206,8,8,55,222,215,86,70,,,44,40,,,75,205,309,262,214,241,199,280,247,104,116,176,172,172,197,306,213,99,156,249,7,249,88,,20,,,75,46,57,193,18,63,177,21,144,214,62,210,66,99,19,97,98,180,150,16,14,40,189,228,121,223,128,289,237,286,194,156,279,247,249,225,40,50,105,113,,,145,94,,,75,128,119,53,79,20,28,106,25,103,120,175,44,82,73,86,42,183,248,226,115,293,26,79,,201,,,b'\x11\xe8\xe1I\xc6\xa1\xcd\x00\xaf\x82\x12\xdf\x17\xaeN\x1e'
11E8E149-C6A1-CD00-AF82-12DF17AE4E1E,2012-ncaa-d1-conf-America East,ncaa,2,1,3,2,4,3,3,4,3,4,5,4,1,2,1,4,2,3,3,3,2,4,4,3,1,1,1,2,3,4,4,1,2,2,2,3,4,1,1,1,5,5,1,1,,,1,1,,,1,5,5,4,2,2,3,5,6,1,3,1,2,2,3,5,4,1,2,4,1,5,1,,1,,,1,2,1,7,1,1,6,1,4,9,1,9,1,2,1,2,2,6,5,1,1,1,4,6,2,7,2,5,4,7,2,5,6,6,6,6,1,1,5,6,,,3,1,,,1,4,1,2,1,2,2,7,2,6,4,9,1,2,2,6,5,7,5,7,5,6,1,5,,2,,,b'\x11\xe8\xe1I\xc6\xa1\xcd\x00\xaf\x82\x12\xdf\x17\xaeN\x1e'
11E8E149-C6A1-CD00-AF82-12DF17AE4E1E,2012-ncaa-d1-natl,ncaa,50,36,90,47,129,184,204,164,263,248,216,271,99,104,131,103,150,142,189,143,117,156,236,234,228,133,62,74,130,189,242,89,136,129,200,227,214,3,8,59,238,223,89,69,,,32,41,,,81,238,311,262,219,252,207,286,251,104,114,181,174,174,207,308,219,104,159,256,7,259,90,,21,,,80,38,45,166,23,55,153,23,133,197,66,209,57,95,21,92,100,149,116,18,14,50,186,227,121,204,136,283,242,267,200,142,280,268,256,234,34,51,96,121,,,163,87,,,81,96,127,64,82,24,29,109,30,108,121,174,46,82,75,90,41,183,254,231,119,295,27,83,,201,,,b'\x11\xe8\xe1I\xc6\xa1\xcd\x00\xaf\x82\x12\xdf\x17\xaeN\x1e'
11E8E149-C6A1-CD00-AF82-12DF17AE4E1E,2013-ncaa-d0-natl,ncaa,42,14,183,20,203,182,169,232,89,255,305,115,34,61,20,35,323,292,330,298,191,257,318,46,76,39,45,22,334,312,315,168,108,255,245,106,59,3,10,8,211,151,26,12,,,13,35,,,44,312,328,112,162,148,235,259,307,26,49,325,293,304,269,331,314,122,259,71,6,199,18,,18,,,33,8,10,52,17,18,78,17,63,77,84,140,33,52,9,52,111,41,36,15,10,23,164,192,157,104,108,196,315,156,245,16,101,247,181,81,4,35,4,31,,,276,147,,,44,34,57,29,32,10,14,52,29,96,69,91,43,72,73,43,27,127,237,198,22,250,13,9,,278,,,b'\x11\xe8\xe1I\xc6\xa1\xcd\x00\xaf\x82\x12\xdf\x17\xaeN\x1e'
11E8E149-C6A1-CD00-AF82-12DF17AE4E1E,2013-ncaa-d1-conf-America East,ncaa,2,2,8,2,8,5,4,9,2,7,9,2,3,4,2,2,8,8,7,8,4,9,9,2,2,2,2,1,9,7,6,9,4,9,6,4,4,1,1,1,4,3,1,1,,,1,2,,,2,9,7,5,2,2,2,3,9,1,2,5,6,6,4,8,6,6,7,2,1,3,1,,1,,,2,1,1,1,2,1,1,2,2,2,4,5,1,2,1,2,2,1,1,2,2,3,4,6,2,2,4,2,6,2,6,1,4,6,4,3,1,1,1,1,,,8,5,,,2,1,2,3,2,3,3,4,2,4,4,4,1,2,2,4,2,5,5,6,3,5,1,1,,8,,,b'\x11\xe8\xe1I\xc6\xa1\xcd\x00\xaf\x82\x12\xdf\x17\xaeN\x1e'
11E8E149-C6A1-CD00-AF82-12DF17AE4E1E,2013-ncaa-d1-natl,ncaa,42,14,210,20,231,203,184,255,90,272,313,120,37,67,19,35,327,300,330,308,192,278,330,46,76,41,45,21,334,322,317,186,111,281,253,115,62,2,12,8,219,153,27,13,,,7,37,,,45,331,330,99,170,152,239,265,308,25,49,326,295,303,272,332,317,124,261,72,6,207,19,,18,,,34,4,8,34,21,12,61,21,53,64,89,138,30,47,11,47,110,26,19,17,12,26,165,190,156,90,111,179,317,136,253,12,101,271,189,82,3,38,4,31,,,289,142,,,45,16,56,36,33,10,16,52,31,96,73,88,44,72,73,43,27,127,238,203,24,256,15,8,,278,,,b'\x11\xe8\xe1I\xc6\xa1\xcd\x00\xaf\x82\x12\xdf\x17\xaeN\x1e'
11E8E149-C6A1-CD00-AF82-12DF17AE4E1E,2014-ncaa-d0-natl,ncaa,197,263,53,235,81,209,222,118,314,290,246,313,51,43,178,45,291,223,340,220,154,138,171,267,298,249,44,28,296,281,343,74,191,154,327,82,10,46,46,33,326,340,93,111,,,168,136,,,264,136,291,270,309,305,234,331,305,68,56,325,286,286,265,311,321,128,257,105,20,344,115,,91,,,254,215,201,276,85,146,274,30,286,219,332,169,172,189,88,197,137,271,224,104,86,177,276,279,153,277,191,345,343,342,327,272,295,279,318,312,78,94,133,199,,,242,273,,,264,206,284,206,265,112,110,189,75,207,252,164,126,145,150,179,73,215,332,324,225,327,51,94,,327,,,b'\x11\xe8\xe1I\xc6\xa1\xcd\x00\xaf\x82\x12\xdf\x17\xaeN\x1e'
11E8E149-C6A1-CD00-AF82-12DF17AE4E1E,2014-ncaa-d1-conf-Patriot,ncaa,6,7,3,7,4,8,9,6,8,9,9,8,3,2,6,2,9,8,10,8,5,6,7,7,8,7,3,2,8,9,10,4,10,9,9,4,1,5,5,4,10,10,4,3,,,4,3,,,7,4,6,7,9,9,5,9,9,2,2,10,9,9,6,6,9,4,9,5,4,10,4,,3,,,7,6,5,7,3,4,8,1,8,7,9,4,6,6,4,7,5,8,8,3,3,3,6,10,6,10,10,10,10,10,9,6,5,9,10,9,6,7,3,5,,,9,9,,,7,5,7,6,8,5,5,8,4,7,7,6,6,6,6,8,5,10,9,10,6,9,6,3,,10,,,b'\x11\xe8\xe1I\xc6\xa1\xcd\x00\xaf\x82\x12\xdf\x17\xaeN\x1e'
11E8E149-C6A1-CD00-AF82-12DF17AE4E1E,2014-ncaa-d1-natl,ncaa,211,262,59,244,93,233,243,136,318,304,263,317,56,52,183,45,299,244,342,243,154,157,200,272,302,254,44,27,296,291,343,83,198,181,330,90,10,30,47,34,335,341,100,112,,,152,136,,,270,164,292,273,310,306,239,332,307,69,57,326,289,289,267,314,322,137,262,109,21,344,116,,92,,,262,195,182,260,90,133,258,32,281,204,332,168,169,181,90,186,137,252,196,112,90,183,277,281,154,267,198,344,343,340,330,264,295,297,321,317,70,96,127,207,,,268,271,,,270,176,287,213,274,115,115,189,82,208,253,163,128,144,151,179,74,215,333,326,227,329,51,99,,326,,,b'\x11\xe8\xe1I\xc6\xa1\xcd\x00\xaf\x82\x12\xdf\x17\xaeN\x1e'
11E8E149-C6A1-CD00-AF82-12DF17AE4E1E,2015-ncaa-d0-natl,ncaa,320,329,172,326,229,300,267,254,241,196,160,248,299,285,297,262,314,322,183,322,332,273,255,278,287,303,310,272,270,301,308,88,20,187,154,186,67,215,280,211,322,325,275,270,,,71,95,,,306,228,205,283,321,280,271,196,153,299,287,326,325,325,302,277,300,43,161,166,236,326,280,,85,,,303,170,141,176,132,64,99,92,318,293,317,304,157,130,285,123,164,165,98,194,192,274,322,331,145,38,20,208,308,124,154,236,295,317,315,323,236,284,255,257,,,333,331,,,306,130,323,236,303,200,167,220,72,102,323,309,162,139,134,211,87,45,243,158,249,323,248,272,,344,,,b'\x11\xe8\xe1I\xc6\xa1\xcd\x00\xaf\x82\x12\xdf\x17\xaeN\x1e'
11E8E149-C6A1-CD00-AF82-12DF17AE4E1E,2015-ncaa-d1-conf-Patriot,ncaa,10,10,7,10,8,9,7,8,6,3,4,5,10,10,9,10,9,9,6,9,9,9,7,6,6,9,10,10,8,9,8,6,4,8,6,7,5,10,10,9,9,9,9,8,,,5,7,,,10,6,3,7,8,5,8,3,3,10,10,9,9,9,8,6,8,4,6,5,10,9,8,,7,,,10,9,8,6,9,2,3,4,10,10,10,10,10,10,6,10,10,7,5,9,9,10,10,10,7,4,4,4,8,4,6,8,8,9,8,9,10,9,5,6,,,9,9,,,10,5,9,10,10,10,8,7,3,4,10,10,10,10,10,9,8,7,6,6,9,9,10,7,,9,,,b'\x11\xe8\xe1I\xc6\xa1\xcd\x00\xaf\x82\x12\xdf\x17\xaeN\x1e'
11E8E149-C6A1-CD00-AF82-12DF17AE4E1E,2015-ncaa-d1-natl,ncaa,324,328,209,329,275,322,294,286,253,220,185,255,302,295,300,261,327,330,183,330,333,304,295,283,294,307,311,272,263,313,311,111,22,222,162,208,71,200,284,217,332,329,285,273,,,49,97,,,313,272,215,285,327,290,277,207,157,300,287,328,327,327,308,277,305,45,172,172,240,330,283,,86,,,310,139,116,146,146,55,76,100,312,279,317,302,138,110,290,104,168,126,53,203,202,288,319,330,141,23,22,187,311,97,162,220,296,332,318,327,220,291,242,262,,,341,331,,,313,85,326,256,312,215,183,225,80,104,323,308,170,139,138,212,84,46,247,159,255,326,253,271,,344,,,b'\x11\xe8\xe1I\xc6\xa1\xcd\x00\xaf\x82\x12\xdf\x17\xaeN\x1e'
11E8E149-C6A1-CD00-AF82-12DF17AE4E1E,2016-ncaa-d0-natl,ncaa,338,344,175,342,230,331,320,285,325,299,217,331,271,281,233,234,326,304,317,304,299,290,267,324,334,339,209,179,238,267,277,278,265,285,300,296,181,253,313,310,212,186,182,152,,,205,272,,,343,264,265,280,342,341,306,311,206,270,272,326,311,311,322,297,272,294,308,309,261,201,176,,230,,,342,240,225,142,292,139,82,257,310,250,339,289,175,133,275,127,195,131,88,320,319,325,295,315,123,192,265,185,277,181,300,260,255,269,246,298,228,287,267,289,,,312,297,,,343,80,341,332,345,264,251,150,171,79,321,269,189,161,150,149,89,203,215,213,276,272,240,280,,325,,,b'\x11\xe8\xe1I\xc6\xa1\xcd\x00\xaf\x82\x12\xdf\x17\xaeN\x1e'
11E8E149-C6A1-CD00-AF82-12DF17AE4E1E,2016-ncaa-d1-conf-Patriot,ncaa,10,10,7,10,10,9,10,10,7,9,6,9,10,10,4,10,8,8,7,8,7,9,8,7,9,10,9,7,6,7,7,9,9,9,7,10,7,8,10,10,7,7,5,4,,,4,6,,,10,9,6,7,9,9,8,8,4,9,10,8,7,7,8,7,7,8,7,8,10,7,5,,6,,,10,9,7,5,10,6,3,9,10,9,10,10,7,5,10,5,7,5,3,10,10,10,10,10,5,8,9,4,7,5,7,8,8,10,9,10,4,8,4,5,,,9,8,,,10,2,10,10,10,10,8,7,7,5,10,9,7,6,6,7,6,8,5,7,8,10,7,7,,9,,,b'\x11\xe8\xe1I\xc6\xa1\xcd\x00\xaf\x82\x12\xdf\x17\xaeN\x1e'
11E8E149-C6A1-CD00-AF82-12DF17AE4E1E,2016-ncaa-d1-natl,ncaa,342,344,218,345,286,340,339,319,328,318,244,335,282,287,236,232,331,318,317,316,296,323,306,327,336,340,210,178,236,285,280,310,275,317,305,320,187,227,316,316,239,198,201,162,,,178,277,,,343,304,269,282,343,343,314,317,214,270,274,326,314,313,327,300,279,300,314,317,262,216,182,,233,,,344,222,211,100,304,121,54,266,307,230,341,288,158,115,279,108,192,90,50,326,326,332,294,315,122,162,275,153,280,150,305,251,257,294,256,307,211,288,260,292,,,328,295,,,343,43,342,337,346,270,259,153,178,81,323,266,191,162,157,151,85,214,218,217,281,279,243,285,,323,,,b'\x11\xe8\xe1I\xc6\xa1\xcd\x00\xaf\x82\x12\xdf\x17\xaeN\x1e'
11E8E149-C6A1-CD00-AF82-12DF17AE4E1E,2017-ncaa-d0-natl,ncaa,197,210,168,210,192,244,227,275,125,162,178,134,288,302,221,280,226,158,323,159,150,260,220,169,189,260,299,288,163,217,149,209,251,215,173,126,31,307,324,217,102,83,96,50,,,248,289,,,225,208,237,117,267,240,306,152,176,300,310,227,142,143,285,228,210,205,227,112,304,94,88,,273,,,225,101,52,110,60,16,30,102,259,296,117,325,243,198,328,197,291,118,139,102,152,129,340,311,280,226,251,58,149,102,173,187,314,145,113,170,287,306,68,89,,,191,144,,,225,115,268,155,233,125,65,102,20,23,274,310,257,213,213,114,146,247,79,135,203,125,290,80,,176,,,b'\x11\xe8\xe1I\xc6\xa1\xcd\x00\xaf\x82\x12\xdf\x17\xaeN\x1e'
11E8E149-C6A1-CD00-AF82-12DF17AE4E1E,2017-ncaa-d1-conf-Patriot,ncaa,5,4,7,5,8,7,7,10,2,4,5,4,9,10,5,9,4,3,9,3,3,9,6,4,4,7,8,9,4,5,2,4,9,4,3,4,2,9,10,6,4,4,4,2,,,5,6,,,5,6,3,4,5,4,9,2,2,9,9,4,2,2,6,4,5,3,2,3,10,4,4,,7,,,5,2,1,5,1,1,1,4,8,10,1,10,5,6,7,6,7,5,5,2,2,2,10,10,8,8,9,2,2,4,3,5,10,7,6,6,10,10,2,2,,,5,5,,,5,3,7,5,5,5,3,7,1,1,8,10,5,6,6,7,9,8,2,4,7,5,10,2,,3,,,b'\x11\xe8\xe1I\xc6\xa1\xcd\x00\xaf\x82\x12\xdf\x17\xaeN\x1e'
11E8E149-C6A1-CD00-AF82-12DF17AE4E1E,2017-ncaa-d1-natl,ncaa,215,210,217,219,258,285,268,314,131,187,211,143,300,315,224,279,257,189,323,189,147,305,273,179,201,264,296,283,158,243,165,253,262,261,188,149,33,292,327,228,130,93,104,54,,,231,295,,,238,269,240,115,279,247,311,161,175,300,310,231,153,156,297,236,220,220,236,117,306,105,91,,278,,,238,67,32,63,71,12,12,109,248,284,122,325,230,184,329,185,298,69,80,106,165,139,340,311,277,208,262,31,165,78,188,170,315,172,119,173,277,309,60,96,,,220,140,,,238,56,276,168,247,132,70,103,22,23,279,309,263,216,216,116,143,253,80,140,209,130,290,83,,182,,,b'\x11\xe8\xe1I\xc6\xa1\xcd\x00\xaf\x82\x12\xdf\x17\xaeN\x1e'
11E8E149-C6A1-CD00-AF82-12DF17AE4E1E,2018-ncaa-d0-natl,ncaa,245,244,242,249,256,286,283,325,152,232,250,178,311,325,200,291,191,145,309,138,55,314,284,194,197,271,255,286,65,229,122,268,259,268,156,241,153,303,329,296,172,130,82,21,,,147,233,,,226,292,271,104,289,289,332,210,210,313,319,151,94,91,313,244,195,240,229,239,316,147,59,,218,,,230,60,43,66,76,11,13,116,268,289,174,338,95,80,209,80,258,57,72,145,140,112,339,332,180,170,259,23,122,48,156,198,339,157,98,184,268,311,156,203,,,218,108,,,226,61,265,137,229,108,71,102,18,14,306,324,147,137,138,83,127,226,51,102,243,105,299,198,,156,,,b'\x11\xe8\xe1I\xc6\xa1\xcd\x00\xaf\x82\x12\xdf\x17\xaeN\x1e'
11E8E149-C6A1-CD00-AF82-12DF17AE4E1E,2018-ncaa-d1-conf-Patriot,ncaa,9,9,7,9,7,9,9,10,3,6,6,3,9,10,8,9,6,3,9,3,2,9,8,4,4,8,9,9,3,6,4,10,8,8,4,8,4,10,10,9,5,4,4,1,,,6,7,,,7,9,8,4,7,8,10,4,3,9,10,6,2,2,9,6,4,9,8,7,10,4,4,,7,,,7,4,1,1,4,1,1,4,9,10,7,10,6,5,10,5,9,1,2,5,5,5,10,10,9,5,8,2,4,2,4,8,10,5,2,6,8,9,4,7,,,6,4,,,7,2,9,6,7,6,3,2,1,1,9,10,8,6,6,3,5,7,2,2,8,2,9,7,,5,,,b'\x11\xe8\xe1I\xc6\xa1\xcd\x00\xaf\x82\x12\xdf\x17\xaeN\x1e'
11E8E149-C6A1-CD00-AF82-12DF17AE4E1E,2018-ncaa-d1-natl,ncaa,262,243,315,262,319,316,309,344,160,259,276,186,319,329,203,289,221,163,308,158,56,336,321,206,205,277,253,284,61,257,130,306,267,299,167,279,155,285,331,303,193,138,96,22,,,127,238,,,234,336,275,89,293,294,337,224,217,313,320,154,97,95,318,252,201,252,241,249,317,157,64,,220,,,239,31,19,31,86,8,6,130,254,276,176,337,81,66,212,67,256,23,30,157,155,125,337,332,181,143,267,10,130,23,167,187,340,180,108,196,257,313,152,214,,,248,101,,,234,17,279,154,241,117,81,106,20,16,307,322,153,141,143,89,127,232,53,106,251,114,302,200,,161,,,b'\x11\xe8\xe1I\xc6\xa1\xcd\x00\xaf\x82\x12\xdf\x17\xaeN\x1e'
11E8E149-C6A1-CD00-AF82-12DF17AE4E1E,2019-ncaa-d0-natl,ncaa,163,138,249,153,263,284,273,309,161,238,265,150,265,273,227,202,269,309,66,308,264,317,322,178,166,195,248,228,201,222,94,291,184,282,120,288,255,96,213,230,304,260,260,220,,,16,72,,,178,330,342,166,280,259,319,222,243,249,249,266,303,303,328,329,189,289,266,278,155,288,257,,32,,,178,23,39,36,149,28,17,174,167,170,171,302,18,18,179,18,97,18,21,185,160,163,233,295,67,54,184,11,94,14,120,65,180,277,166,183,54,170,118,181,,,264,109,,,178,22,174,164,182,45,75,50,52,23,216,218,32,31,33,23,11,103,22,35,107,250,109,149,,221,,,b'\x11\xe8\xe1I\xc6\xa1\xcd\x00\xaf\x82\x12\xdf\x17\xaeN\x1e'
11E8E149-C6A1-CD00-AF82-12DF17AE4E1E,2019-ncaa-d1-conf-Patriot,ncaa,4,4,7,4,7,6,6,10,3,5,9,3,9,10,7,10,5,6,2,6,6,10,10,3,3,3,9,10,5,3,2,8,8,6,1,9,10,6,8,8,7,7,6,6,,,2,4,,,4,10,10,3,6,6,9,3,6,9,10,4,6,6,8,9,3,8,5,8,7,7,6,,2,,,4,1,1,2,6,1,1,7,4,2,5,7,2,2,5,2,6,1,1,6,6,5,7,7,3,3,8,1,2,1,1,1,3,7,6,4,4,7,5,8,,,5,3,,,4,1,3,5,4,4,4,2,4,1,5,5,3,2,3,1,1,4,1,1,2,7,5,7,,5,,,b'\x11\xe8\xe1I\xc6\xa1\xcd\x00\xaf\x82\x12\xdf\x17\xaeN\x1e'
11E8E149-C6A1-CD00-AF82-12DF17AE4E1E,2019-ncaa-d1-natl,ncaa,182,137,314,165,319,306,296,336,167,276,292,159,282,291,236,202,292,322,69,318,265,340,342,193,180,203,243,224,198,256,107,325,193,313,137,312,262,69,223,245,320,269,276,226,,,7,77,,,197,349,343,158,290,279,320,233,247,258,253,267,303,302,330,329,206,295,278,286,158,295,264,,32,,,197,11,20,10,167,17,8,191,146,140,185,300,11,13,185,14,99,7,3,206,167,181,231,296,67,42,193,5,107,3,137,54,181,296,178,196,48,180,99,193,,,286,110,,,197,3,186,186,198,49,83,53,55,23,216,218,33,35,37,25,11,107,23,37,118,260,110,156,,226,,,b'\x11\xe8\xe1I\xc6\xa1\xcd\x00\xaf\x82\x12\xdf\x17\xaeN\x1e'
11E8E149-C6A1-CD00-AF82-12DF17AE4E1E,2020-ncaa-d0-natl,ncaa,104,109,87,116,159,257,277,331,119,298,310,161,154,213,53,134,234,212,241,210,70,325,314,100,107,168,77,103,137,303,234,177,39,242,86,229,138,193,281,229,317,280,245,228,,,65,180,,,175,310,350,246,295,322,350,319,328,163,223,247,222,221,349,350,315,196,282,259,175,322,252,,46,,,175,52,72,76,123,47,72,84,233,170,304,263,19,20,188,19,42,44,26,162,128,201,247,314,36,27,39,36,234,24,86,195,292,318,262,310,85,161,114,222,,,211,60,,,175,36,195,168,184,36,48,35,32,38,222,157,15,15,13,12,1,17,25,11,177,332,74,109,,223,,,b'\x11\xe8\xe1I\xc6\xa1\xcd\x00\xaf\x82\x12\xdf\x17\xaeN\x1e'
11E8E149-C6A1-CD00-AF82-12DF17AE4E1E,2020-ncaa-d1-conf-Patriot,ncaa,2,2,3,2,7,9,9,10,3,7,10,3,7,8,4,5,8,5,6,6,3,10,10,4,3,5,5,6,4,7,3,5,2,5,1,8,8,9,10,10,10,8,6,4,,,3,6,,,4,10,10,6,9,8,10,7,8,7,8,8,5,6,10,10,6,5,5,8,9,9,6,,3,,,4,2,3,2,3,2,4,3,5,5,5,7,1,1,4,1,1,1,1,3,3,3,8,9,1,2,2,1,3,1,1,2,8,10,9,9,5,7,6,7,,,5,3,,,4,1,5,3,4,2,3,2,2,4,5,5,1,1,1,1,1,2,1,1,2,10,6,7,,5,,,b'\x11\xe8\xe1I\xc6\xa1\xcd\x00\xaf\x82\x12\xdf\x17\xaeN\x1e'
11E8E149-C6A1-CD00-AF82-12DF17AE4E1E,2020-ncaa-d1-natl,ncaa,114,109,128,120,227,296,312,346,126,317,329,171,163,228,56,131,246,234,243,234,65,343,339,103,111,177,76,103,133,317,243,204,41,281,96,265,145,179,285,241,325,286,255,233,,,50,191,,,191,334,350,244,307,327,350,321,330,167,225,249,222,222,349,350,318,199,291,270,176,323,256,,45,,,191,35,54,52,132,33,49,93,224,154,306,264,16,15,189,15,42,27,9,175,142,219,246,315,35,16,41,24,243,14,96,181,291,333,276,314,67,166,107,230,,,238,58,,,191,11,207,185,205,37,54,39,33,40,225,157,17,15,13,12,1,18,26,11,187,334,75,109,,221,,,b'\x11\xe8\xe1I\xc6\xa1\xcd\x00\xaf\x82\x12\xdf\x17\xaeN\x1e'
11E8E149-C6A1-CD00-AF82-12DF17AE4E1E,2021-ncaa-d0-natl,ncaa,128,9,304,24,309,293,273,312,22,264,307,15,266,291,104,125,331,331,201,331,342,317,319,31,54,81,305,155,343,289,38,300,16,305,12,249,103,32,204,88,249,34,283,151,,,22,101,,,61,321,329,224,142,62,202,58,186,145,178,339,343,343,282,305,138,158,141,49,155,76,200,,31,,,24,19,19,24,42,15,20,31,51,42,228,251,24,18,322,19,61,21,21,68,67,39,293,304,134,15,16,18,38,16,12,17,120,303,61,47,24,145,11,16,,,326,332,,,61,24,60,24,21,11,13,19,8,29,160,121,32,12,11,4,6,9,8,2,25,131,103,14,,338,,,b'\x11\xe8\xe1I\xc6\xa1\xcd\x00\xaf\x82\x12\xdf\x17\xaeN\x1e'
11E8E149-C6A1-CD00-AF82-12DF17AE4E1E,2021-ncaa-d1-conf-Patriot,ncaa,1,2,1,2,2,2,1,3,1,1,2,1,3,4,4,6,7,7,9,7,10,3,3,1,2,3,9,6,10,1,1,2,3,1,1,2,5,9,7,3,1,1,3,4,,,8,5,,,1,4,10,3,3,1,5,2,5,3,5,10,10,10,5,5,2,5,4,3,7,1,5,,5,,,2,5,5,7,2,6,7,2,8,6,7,7,8,8,8,8,5,7,7,3,3,2,8,8,6,6,3,5,1,5,1,4,3,2,1,1,8,5,4,2,,,5,9,,,1,7,2,2,2,1,1,1,1,2,6,2,3,3,3,1,1,2,1,1,1,2,6,2,,9,,,b'\x11\xe8\xe1I\xc6\xa1\xcd\x00\xaf\x82\x12\xdf\x17\xaeN\x1e'
11E8E149-C6A1-CD00-AF82-12DF17AE4E1E,2021-ncaa-d1-natl,ncaa,139,9,307,24,312,299,285,314,23,277,307,15,273,297,104,129,331,331,200,331,342,319,321,34,56,83,305,156,343,297,44,303,16,307,13,261,104,27,208,91,258,39,289,152,,,21,103,,,65,323,330,225,147,65,207,61,190,145,178,339,343,343,287,309,142,167,151,51,153,81,202,,31,,,28,17,17,23,45,15,20,33,48,36,233,250,24,18,322,18,63,21,21,74,72,44,292,302,135,15,16,18,44,16,13,16,122,305,62,50,24,148,11,18,,,327,330,,,65,22,63,27,22,11,14,19,8,27,163,117,32,12,11,4,5,10,8,2,29,138,105,14,,337,,,b'\x11\xe8\xe1I\xc6\xa1\xcd\x00\xaf\x82\x12\xdf\x17\xaeN\x1e'
11E8E149-C6A1-CD00-AF82-12DF17AE4E1E,2022-ncaa-d0-natl,ncaa,123,157,79,146,105,135,108,138,73,117,140,108,106,153,50,154,304,287,302,277,319,159,137,69,113,148,230,118,346,165,147,69,53,83,47,164,267,270,238,212,276,293,41,54,,,143,117,,,118,137,268,275,202,134,246,164,211,130,197,337,322,317,282,263,211,71,107,213,204,309,42,,68,,,121,162,232,270,115,255,281,108,163,189,122,139,26,26,78,22,7,238,203,104,65,132,45,166,15,116,53,135,147,116,47,118,38,272,302,213,143,119,49,28,,,174,216,,,118,218,159,107,123,75,162,219,187,250,111,126,9,11,10,138,58,78,38,34,64,320,96,24,,261,,,b'\x11\xe8\xe1I\xc6\xa1\xcd\x00\xaf\x82\x12\xdf\x17\xaeN\x1e'
11E8E149-C6A1-CD00-AF82-12DF17AE4E1E,2022-ncaa-d1-conf-Patriot,ncaa,4,3,4,4,5,1,1,3,1,2,5,2,3,3,1,4,5,5,10,3,6,3,4,1,1,2,6,4,9,3,3,1,1,1,1,4,8,4,3,4,8,8,1,1,,,7,5,,,2,4,2,6,1,1,3,1,3,3,3,6,5,5,3,2,3,2,2,4,6,8,1,,5,,,2,8,8,10,5,8,8,5,5,6,3,5,4,5,4,4,4,9,7,6,5,6,3,4,3,4,1,2,3,2,1,4,1,9,10,5,6,4,1,1,,,3,4,,,2,7,1,5,2,6,6,9,7,9,4,6,5,5,5,9,6,3,2,2,3,10,6,1,,3,,,b'\x11\xe8\xe1I\xc6\xa1\xcd\x00\xaf\x82\x12\xdf\x17\xaeN\x1e'
11E8E149-C6A1-CD00-AF82-12DF17AE4E1E,2022-ncaa-d1-natl,ncaa,135,157,100,157,137,183,134,172,80,147,173,120,123,175,53,157,312,300,300,294,318,201,179,84,119,157,226,114,344,193,161,82,54,112,56,198,276,246,247,219,300,307,45,60,,,112,116,,,144,182,274,275,220,149,257,174,218,129,201,337,324,320,290,275,226,74,121,230,215,316,43,,70,,,149,132,205,249,128,233,273,122,142,160,132,138,20,21,84,17,6,200,150,119,78,145,45,165,16,94,54,94,161,82,56,101,40,302,310,226,124,128,41,32,,,203,218,,,144,171,173,129,149,83,175,220,194,252,114,123,10,12,10,146,56,78,41,37,68,326,95,24,,262,,,b'\x11\xe8\xe1I\xc6\xa1\xcd\x00\xaf\x82\x12\xdf\x17\xaeN\x1e'
11E8E149-C6A1-CD00-AF82-12DF17AE4E1E,2023-ncaa-d0-natl,ncaa,42,39,46,42,64,76,66,112,22,69,97,68,94,195,6,208,192,190,156,194,277,122,118,29,34,55,205,143,309,193,180,32,41,61,46,43,50,222,187,69,205,241,20,28,,,87,38,,,35,103,265,261,115,80,260,101,178,117,238,247,265,271,268,289,269,35,91,39,137,253,27,,28,,,35,118,194,306,20,165,306,17,200,253,83,200,20,11,290,11,5,274,250,20,15,31,106,248,21,196,41,129,180,149,46,115,94,199,253,155,138,117,101,58,,,88,90,,,35,255,66,29,29,23,62,244,73,249,126,178,8,7,6,135,75,113,36,42,43,284,84,54,,170,,,b'\x11\xe8\xe1I\xc6\xa1\xcd\x00\xaf\x82\x12\xdf\x17\xaeN\x1e'
11E8E149-C6A1-CD00-AF82-12DF17AE4E1E,2023-ncaa-d1-conf-Patriot,ncaa,1,1,1,1,2,1,1,2,1,1,3,1,2,3,1,4,3,3,5,4,5,1,2,1,1,1,3,4,9,5,3,1,4,1,1,1,2,6,3,1,2,3,1,1,,,5,3,,,1,2,5,8,1,1,5,1,7,2,4,4,4,5,4,5,5,1,1,1,4,2,1,,3,,,1,4,4,9,1,1,7,1,9,8,8,7,1,1,7,1,1,9,9,1,1,1,8,10,2,6,4,1,3,2,1,4,4,2,3,3,4,3,2,2,,,1,2,,,1,10,1,1,1,3,3,7,1,5,7,7,1,1,1,4,5,6,1,2,3,3,3,2,,1,,,b'\x11\xe8\xe1I\xc6\xa1\xcd\x00\xaf\x82\x12\xdf\x17\xaeN\x1e'
11E8E149-C6A1-CD00-AF82-12DF17AE4E1E,2023-ncaa-d1-natl,ncaa,45,39,56,42,78,91,75,145,23,82,118,74,108,208,5,212,211,208,154,214,276,157,156,30,36,62,202,147,308,230,188,38,45,75,47,47,51,198,193,76,231,253,22,31,,,60,36,,,37,134,272,254,124,82,269,110,180,126,243,251,269,274,280,296,276,36,102,45,144,268,27,,29,,,37,77,154,291,21,138,295,18,186,235,90,198,15,9,298,9,5,249,221,21,16,36,106,251,20,173,45,94,188,106,47,98,94,236,270,181,119,119,84,68,,,113,84,,,37,228,71,35,30,27,72,248,83,253,134,182,8,7,6,144,75,117,38,45,47,298,85,61,,172,,,b'\x11\xe8\xe1I\xc6\xa1\xcd\x00\xaf\x82\x12\xdf\x17\xaeN\x1e'
11E8E149-C6A1-CD00-AF82-12DF17AE4E1E,2024-ncaa-d0-natl,ncaa,106,82,143,99,148,194,185,296,62,210,275,90,152,228,34,174,221,220,223,219,115,290,277,59,71,113,145,127,218,340,298,156,266,259,219,110,37,207,282,127,207,195,27,17,,,42,42,,,171,241,328,31,224,213,349,237,306,155,239,239,236,232,343,339,345,162,306,96,187,212,19,,40,,,171,133,145,236,51,105,212,34,244,232,231,233,59,41,301,48,41,205,152,63,56,135,236,297,69,285,266,38,298,105,219,220,277,298,318,310,184,251,88,172,,,108,10,,,171,120,165,188,175,109,126,249,85,221,238,230,62,42,46,209,103,284,19,85,208,324,178,88,,92,,,b'\x11\xe8\xe1I\xc6\xa1\xcd\x00\xaf\x82\x12\xdf\x17\xaeN\x1e'
11E8E149-C6A1-CD00-AF82-12DF17AE4E1E,2024-ncaa-d1-conf-Patriot,ncaa,2,2,1,2,1,2,2,5,3,7,9,3,3,2,3,2,4,1,10,1,2,4,3,2,2,5,2,2,7,7,7,2,10,3,7,3,2,10,9,5,4,5,1,1,,,5,3,,,4,1,5,1,5,7,10,8,9,3,3,6,4,4,9,7,9,2,8,4,8,5,1,,3,,,4,10,10,10,1,6,10,1,10,10,7,10,6,5,7,4,2,10,10,2,1,2,10,10,2,10,10,5,7,9,7,10,7,5,10,8,6,7,5,8,,,1,1,,,4,10,5,7,3,7,6,10,3,8,10,10,2,1,1,10,9,10,2,7,8,8,4,4,,1,,,b'\x11\xe8\xe1I\xc6\xa1\xcd\x00\xaf\x82\x12\xdf\x17\xaeN\x1e'
11E8E149-C6A1-CD00-AF82-12DF17AE4E1E,2024-ncaa-d1-natl,ncaa,108,83,130,103,134,209,197,305,56,214,279,89,153,239,34,178,239,238,231,235,135,304,293,50,64,107,154,128,234,341,308,171,285,278,243,104,36,210,289,125,206,200,29,18,,,34,35,,,180,251,329,33,233,221,350,233,308,158,240,257,248,248,347,342,348,188,320,95,193,206,20,,34,,,180,126,156,247,54,114,243,37,234,220,237,216,54,43,270,47,41,216,159,70,59,130,206,288,68,305,285,26,308,123,243,234,283,300,307,301,202,262,95,181,,,117,14,,,180,112,168,196,179,111,137,251,107,243,231,211,58,41,45,207,111,304,21,104,224,315,200,94,,111,,,b'\x11\xe8\xe1I\xc6\xa1\xcd\x00\xaf\x82\x12\xdf\x17\xaeN\x1e'
11E8E149-C6A1-CD00-AF82-12DF17AE4E1E,2025-ncaa-d0-natl,genius_ncaa,220,249,135,247,177,247,256,312,140,244,255,182,248,290,98,239,225,219,232,210,130,306,293,150,152,202,191,214,150,314,286,266,255,301,257,192,98,237,308,218,249,236,96,68,,,76,108,,247,276,263,326,269,306,301,360,266,288,258,311,245,235,226,353,350,329,306,341,207,215,265,93,,67,,253,272,177,194,184,213,149,102,270,279,296,178,329,57,30,356,33,71,150,122,245,232,270,229,306,46,188,255,67,286,108,257,259,287,271,258,309,243,305,132,201,,,318,282,,355,276,110,240,272,270,162,191,161,129,66,288,299,57,32,32,104,47,185,43,82,265,300,231,129,,338,,356,b'\x11\xe8\xe1I\xc6\xa1\xcd\x00\xaf\x82\x12\xdf\x17\xaeN\x1e'
11E8E149-C6A1-CD00-AF82-12DF17AE4E1E,2025-ncaa-d1-conf-Patriot,genius_ncaa,8,8,3,8,5,7,7,9,4,5,5,4,8,10,4,10,3,3,8,2,2,8,6,4,4,5,8,8,3,8,5,9,8,8,8,5,2,8,8,7,5,5,3,3,,,6,6,,10,7,7,6,6,7,7,10,7,7,8,10,3,3,3,8,8,7,10,9,6,8,5,3,,5,,10,7,8,8,8,6,5,3,9,8,9,6,10,5,3,10,3,5,7,6,8,9,8,10,9,3,8,8,3,5,4,8,8,7,6,7,8,4,5,6,6,,,5,5,,8,7,6,6,8,7,8,8,7,7,2,8,9,5,4,4,7,6,8,1,6,8,6,5,6,,6,,9,b'\x11\xe8\xe1I\xc6\xa1\xcd\x00\xaf\x82\x12\xdf\x17\xaeN\x1e'
11E8E149-C6A1-CD00-AF82-12DF17AE4E1E,2025-ncaa-d1-natl,genius_ncaa,246,249,172,257,226,292,294,337,152,275,282,190,259,308,100,241,244,239,232,233,127,329,326,158,162,209,192,212,140,326,294,298,263,324,272,220,103,196,312,237,282,250,108,69,,,58,113,,243,292,313,329,269,321,316,360,281,292,262,314,246,237,229,354,350,330,316,346,223,217,280,97,,71,,259,291,150,176,151,220,122,68,277,270,281,195,329,47,24,358,30,71,100,68,258,245,285,224,307,48,167,263,38,294,72,272,246,288,297,269,323,219,315,117,217,,,332,278,,356,292,61,254,296,286,175,208,166,135,67,288,300,58,34,34,105,45,185,44,86,273,309,236,136,,335,,356,b'\x11\xe8\xe1I\xc6\xa1\xcd\x00\xaf\x82\x12\xdf\x17\xaeN\x1e'
11E8E149-C6A1-CD00-AF82-12DF17AE4E1E,2026-ncaa-d0-natl,genius_ncaa,212,250,116,241,142,250,240,257,202,254,254,239,177,221,99,146,279,276,213,277,230,263,250,185,201,227,126,94,241,264,255,181,228,218,207,181,64,207,291,205,307,328,146,112,,,28,11,,180,255,244,360,97,325,321,357,328,332,207,262,314,320,320,359,360,316,246,306,216,177,344,161,,3,,154,251,162,199,203,165,109,112,181,326,319,249,355,13,4,351,4,11,154,135,218,189,233,289,359,8,227,228,128,255,154,207,243,250,262,280,296,221,287,184,246,,,289,295,,310,255,124,246,249,253,107,162,169,62,33,331,333,5,2,2,58,13,205,63,94,213,322,198,161,,353,,324,b'\x11\xe8\xe1I\xc6\xa1\xcd\x00\xaf\x82\x12\xdf\x17\xaeN\x1e'
11E8E149-C6A1-CD00-AF82-12DF17AE4E1E,2026-ncaa-d1-natl,genius_ncaa,256,249,177,275,197,322,320,334,233,330,325,274,240,277,109,145,323,325,211,327,228,340,330,212,228,258,111,94,226,326,286,265,249,307,250,257,66,157,312,242,351,348,188,131,,,6,11,,152,290,320,360,100,352,344,361,344,343,221,274,326,332,333,362,361,337,274,339,255,188,353,174,,4,,160,295,113,153,144,209,76,58,215,320,301,281,355,7,2,357,2,10,85,65,265,229,276,287,357,7,181,249,67,286,102,250,211,259,328,301,319,175,310,158,274,,,342,282,,321,290,45,276,298,298,137,200,177,81,36,343,335,4,2,2,69,12,217,66,113,242,338,208,182,,353,,324,b'\x11\xe8\xe1I\xc6\xa1\xcd\x00\xaf\x82\x12\xdf\x17\xaeN\x1e'
11E8E149-C6A7-A004-AF82-12DF17AE4E1E,2010-ncaa-d0-natl,ncaa,16,19,20,19,47,21,44,55,49,139,180,84,6,13,4,36,13,44,23,46,24,45,53,18,13,11,12,23,128,110,148,56,96,67,106,35,98,144,57,37,103,162,116,150,,,216,102,,,20,47,146,336,25,67,143,230,288,8,28,31,86,87,124,190,194,157,184,54,50,173,153,,96,,,20,256,286,292,152,297,298,178,153,219,65,146,128,112,258,107,36,279,296,123,114,81,54,109,78,222,96,238,148,231,106,258,149,45,93,104,89,49,291,296,,,8,10,,,20,301,9,62,20,92,151,161,195,205,83,122,61,47,45,112,163,94,85,75,142,110,43,239,,18,,,b'\x11\xe8\xe1I\xc6\xa7\xa0\x04\xaf\x82\x12\xdf\x17\xaeN\x1e'
11E8E149-C6A7-A004-AF82-12DF17AE4E1E,2010-ncaa-d1-conf-MAC,ncaa,1,1,1,1,2,1,1,1,1,4,5,2,1,1,1,1,3,3,2,3,3,1,2,1,1,1,1,1,4,6,8,2,1,2,5,2,4,1,1,1,7,7,7,7,,,5,3,,,1,3,4,8,1,1,4,10,12,1,1,3,3,3,3,7,9,3,5,2,1,8,7,,2,,,1,4,9,10,4,12,12,8,1,4,1,3,2,3,4,2,1,8,9,4,3,2,1,1,3,5,1,11,8,8,5,2,1,1,2,1,2,2,9,9,,,1,1,,,1,11,1,1,1,2,4,5,8,10,1,2,1,1,1,4,7,2,6,4,2,4,2,7,,3,,,b'\x11\xe8\xe1I\xc6\xa7\xa0\x04\xaf\x82\x12\xdf\x17\xaeN\x1e'
11E8E149-C6A7-A004-AF82-12DF17AE4E1E,2010-ncaa-d1-natl,ncaa,17,19,22,19,50,22,45,58,50,148,191,89,6,13,4,35,14,49,22,51,24,48,57,18,13,11,12,23,125,119,152,63,102,75,111,40,101,128,57,37,119,171,119,155,,,202,102,,,20,50,147,336,26,67,147,233,289,8,31,31,87,88,126,191,196,160,191,55,49,186,156,,92,,,20,246,280,286,155,295,294,187,149,210,72,147,119,102,259,98,36,273,293,126,120,91,52,110,77,203,102,226,152,216,111,248,150,49,102,113,83,50,288,299,,,8,9,,,20,299,9,74,20,96,160,162,201,207,86,122,63,47,45,112,163,97,91,77,148,115,43,244,,18,,,b'\x11\xe8\xe1I\xc6\xa7\xa0\x04\xaf\x82\x12\xdf\x17\xaeN\x1e'
11E8E149-C6A7-A004-AF82-12DF17AE4E1E,2010-ncaa-d1-ncaatournament,ncaa,33,2,33,33,34,43,53,62,37,62,59,59,20,41,1,16,37,34,51,34,3,56,58,15,17,18,1,4,21,56,50,39,41,48,43,41,16,11,41,34,54,51,56,59,,,7,24,,,37,55,36,9,33,48,59,62,59,3,14,21,11,13,50,54,49,26,41,33,28,48,56,,25,,,40,16,21,27,28,22,25,37,11,16,17,24,9,6,60,6,14,24,19,25,25,41,12,18,23,20,41,8,50,11,43,17,27,61,60,56,14,38,6,19,,,35,2,,,37,14,22,45,36,44,49,57,51,54,18,30,29,20,22,52,40,44,33,38,42,60,30,8,,5,,,b'\x11\xe8\xe1I\xc6\xa7\xa0\x04\xaf\x82\x12\xdf\x17\xaeN\x1e'
11E8E149-C6A7-A004-AF82-12DF17AE4E1E,2011-ncaa-d0-natl,ncaa,14,10,43,12,70,38,83,101,90,207,268,85,4,9,23,16,12,35,1,35,3,81,112,31,14,9,3,19,35,160,165,75,102,101,89,73,119,52,27,36,196,224,106,149,,,169,122,,,17,108,249,257,37,136,214,275,324,5,14,9,53,56,163,269,230,155,206,112,20,249,137,,87,,,16,131,191,253,108,271,291,125,43,98,21,68,92,92,138,94,46,227,241,57,50,60,19,45,100,183,102,169,165,182,89,66,21,108,136,54,88,65,246,298,,,21,4,,,17,242,8,53,14,54,104,123,188,224,19,42,53,57,59,80,78,104,70,70,29,177,52,202,,27,,,b'\x11\xe8\xe1I\xc6\xa7\xa0\x04\xaf\x82\x12\xdf\x17\xaeN\x1e'
11E8E149-C6A7-A004-AF82-12DF17AE4E1E,2011-ncaa-d1-conf-MAC,ncaa,1,1,2,1,2,3,5,4,3,12,12,4,1,1,1,1,1,2,1,2,1,4,4,1,1,1,1,1,2,8,9,5,5,4,8,3,2,1,2,2,9,10,3,5,,,4,2,,,1,4,12,7,2,6,10,12,12,1,1,1,4,4,7,12,12,6,11,3,1,11,5,,3,,,1,4,8,9,5,11,12,5,1,3,2,2,1,1,4,1,1,9,10,5,2,3,1,1,3,10,5,8,9,9,8,3,1,6,7,3,3,3,10,12,,,2,1,,,1,9,1,3,1,2,5,6,9,11,1,1,1,1,1,4,3,7,3,4,2,7,3,9,,3,,,b'\x11\xe8\xe1I\xc6\xa7\xa0\x04\xaf\x82\x12\xdf\x17\xaeN\x1e'
11E8E149-C6A7-A004-AF82-12DF17AE4E1E,2011-ncaa-d1-natl,ncaa,14,10,51,12,87,40,94,117,91,222,288,88,5,10,23,16,12,39,1,39,3,91,132,31,14,10,3,18,33,176,171,87,104,117,94,83,126,36,27,37,211,229,113,152,,,152,123,,,17,124,253,260,37,143,219,281,324,7,14,9,55,59,166,270,233,161,212,119,21,253,139,,84,,,16,113,174,235,111,254,282,128,37,85,20,64,84,79,139,81,45,204,220,62,54,64,20,43,100,166,104,147,171,155,94,48,21,123,146,60,80,67,236,303,,,24,4,,,17,227,8,55,14,57,108,127,194,224,19,43,54,58,61,81,78,105,72,70,32,185,52,202,,27,,,b'\x11\xe8\xe1I\xc6\xa7\xa0\x04\xaf\x82\x12\xdf\x17\xaeN\x1e'
11E8E149-C6A7-A004-AF82-12DF17AE4E1E,2011-ncaa-d1-ncaatournament,ncaa,33,2,33,33,34,46,46,61,8,36,50,17,62,64,29,63,32,39,3,35,16,61,54,18,6,39,49,60,5,53,26,59,59,58,41,61,60,32,63,63,47,52,38,34,,,12,30,,,41,47,37,3,43,44,61,26,46,60,64,10,21,14,61,51,50,58,58,61,63,45,27,,28,,,44,13,18,14,48,26,20,49,4,5,6,5,11,14,29,14,28,14,18,37,37,35,6,4,33,24,59,1,26,4,41,8,8,41,27,17,34,61,11,29,,,38,5,,,41,12,41,43,45,34,45,29,56,49,4,6,31,35,35,31,37,47,1,11,16,28,61,22,,15,,,b'\x11\xe8\xe1I\xc6\xa7\xa0\x04\xaf\x82\x12\xdf\x17\xaeN\x1e'
11E8E149-C6A7-A004-AF82-12DF17AE4E1E,2012-ncaa-d0-natl,ncaa,44,17,163,25,198,126,171,210,127,216,290,53,73,56,195,44,66,70,142,68,8,179,220,87,74,49,35,72,63,260,293,92,11,170,123,256,287,32,57,151,120,80,253,253,,,81,108,,,40,200,172,189,93,153,196,223,301,65,34,38,45,44,155,232,266,34,140,267,43,101,249,,92,,,30,35,74,109,97,130,145,129,50,92,27,137,18,26,73,23,33,74,104,72,51,45,27,88,53,14,11,241,293,113,123,14,8,155,94,30,13,23,47,136,,,86,15,,,40,149,83,25,31,47,110,128,151,181,54,98,24,32,31,83,109,19,267,141,21,126,22,59,,42,,,b'\x11\xe8\xe1I\xc6\xa7\xa0\x04\xaf\x82\x12\xdf\x17\xaeN\x1e'
11E8E149-C6A7-A004-AF82-12DF17AE4E1E,2012-ncaa-d1-conf-MAC,ncaa,2,1,7,2,8,7,7,10,7,8,10,3,6,4,11,3,4,2,8,3,1,7,11,6,5,3,3,5,1,5,5,5,1,5,2,12,11,1,2,7,8,6,7,7,,,3,6,,,2,12,9,3,6,7,8,7,9,6,3,2,1,1,6,8,5,2,4,12,1,8,7,,3,,,2,1,1,1,2,2,8,2,1,2,1,2,3,3,7,3,3,1,1,2,2,3,2,2,5,1,1,4,5,1,2,1,1,11,8,1,1,2,4,5,,,3,1,,,2,1,3,2,2,2,3,4,4,9,1,2,4,4,3,4,2,1,5,3,1,9,2,4,,1,,,b'\x11\xe8\xe1I\xc6\xa7\xa0\x04\xaf\x82\x12\xdf\x17\xaeN\x1e'
11E8E149-C6A7-A004-AF82-12DF17AE4E1E,2012-ncaa-d1-natl,ncaa,35,17,137,25,169,114,153,191,127,214,289,58,60,43,171,41,62,57,158,59,10,156,202,80,70,45,32,65,72,239,277,63,10,133,105,237,275,31,45,131,113,80,245,247,,,82,101,,,31,184,175,200,86,143,181,227,298,53,32,40,42,41,146,224,244,32,118,247,41,107,244,,78,,,27,36,85,138,89,144,160,135,56,118,22,154,16,24,63,24,29,100,117,72,50,45,26,91,43,13,10,257,277,126,105,19,14,150,103,39,14,22,46,125,,,70,16,,,31,163,71,24,26,41,111,128,149,174,57,120,21,29,29,87,100,15,260,131,23,142,21,49,,44,,,b'\x11\xe8\xe1I\xc6\xa7\xa0\x04\xaf\x82\x12\xdf\x17\xaeN\x1e'
11E8E149-C6A7-A004-AF82-12DF17AE4E1E,2013-ncaa-d0-natl,ncaa,50,65,24,65,40,82,125,111,154,196,246,123,36,35,124,40,51,68,61,67,28,101,107,105,82,79,33,46,95,124,164,38,5,54,37,122,149,152,113,123,105,94,227,220,,,89,68,,,52,103,294,331,156,220,265,282,318,58,56,88,138,136,250,290,224,93,150,196,63,168,269,,30,,,54,129,162,219,85,132,146,163,212,285,47,293,72,74,148,72,97,196,193,95,78,79,186,248,92,24,5,252,164,134,37,104,100,161,163,111,145,116,294,319,,,40,28,,,52,241,81,50,49,31,43,43,42,19,145,217,38,37,35,22,19,3,94,28,43,252,82,244,,112,,,b'\x11\xe8\xe1I\xc6\xa7\xa0\x04\xaf\x82\x12\xdf\x17\xaeN\x1e'
11E8E149-C6A7-A004-AF82-12DF17AE4E1E,2013-ncaa-d1-conf-MAC,ncaa,4,5,1,5,1,5,6,4,5,8,9,5,4,4,7,1,4,4,4,3,3,4,4,5,4,4,3,3,4,3,4,3,3,2,3,4,3,6,5,4,4,4,5,4,,,4,4,,,3,4,11,3,6,7,7,8,12,5,4,4,4,3,7,10,5,5,4,5,3,5,5,,2,,,3,3,3,7,4,4,8,5,2,6,1,8,3,4,7,3,4,7,7,4,4,3,5,3,6,3,3,6,4,4,3,2,2,6,6,2,5,4,9,9,,,3,3,,,3,9,5,2,3,2,3,3,4,4,2,6,2,3,2,2,2,3,3,3,2,8,3,8,,4,,,b'\x11\xe8\xe1I\xc6\xa7\xa0\x04\xaf\x82\x12\xdf\x17\xaeN\x1e'
11E8E149-C6A7-A004-AF82-12DF17AE4E1E,2013-ncaa-d1-natl,ncaa,42,65,17,65,25,69,116,98,152,192,240,117,33,28,130,40,43,58,62,54,23,91,87,105,78,80,33,46,84,115,168,27,5,47,35,109,142,184,126,126,98,93,215,204,,,99,63,,,52,77,293,331,160,227,269,288,318,59,52,86,129,127,258,288,229,93,151,196,75,169,252,,27,,,56,166,187,243,93,155,157,172,236,301,51,296,73,74,147,70,88,220,215,116,88,91,190,262,80,23,5,266,168,148,35,131,97,138,160,115,162,122,289,316,,,29,28,,,52,266,85,58,52,33,53,45,45,19,163,233,35,30,30,22,19,3,89,25,48,253,85,223,,106,,,b'\x11\xe8\xe1I\xc6\xa7\xa0\x04\xaf\x82\x12\xdf\x17\xaeN\x1e'
11E8E149-C6A7-A004-AF82-12DF17AE4E1E,2014-ncaa-d0-natl,ncaa,6,5,15,7,19,45,90,110,81,200,257,68,19,30,39,43,32,58,37,62,18,91,96,41,24,28,15,43,87,126,122,29,16,45,25,76,98,180,118,89,99,128,202,231,,,174,116,,,17,93,319,238,112,212,306,299,329,38,63,73,134,142,286,310,219,77,139,145,65,185,260,,52,,,18,111,154,266,44,174,201,127,150,292,3,284,64,61,152,66,55,233,251,35,27,28,93,182,72,99,16,170,122,142,25,48,17,101,113,37,166,135,226,283,,,30,21,,,17,270,30,19,14,15,27,45,45,28,67,208,17,17,18,21,20,21,24,13,8,202,80,126,,109,,,b'\x11\xe8\xe1I\xc6\xa7\xa0\x04\xaf\x82\x12\xdf\x17\xaeN\x1e'
11E8E149-C6A7-A004-AF82-12DF17AE4E1E,2014-ncaa-d1-conf-MAC,ncaa,1,1,6,1,9,6,9,11,3,11,12,3,3,4,2,2,3,6,2,6,2,11,12,1,1,2,1,1,3,9,5,6,3,7,1,6,2,5,8,4,3,3,5,4,,,1,5,,,1,12,11,7,3,8,10,10,12,2,3,3,5,5,11,11,7,3,5,3,7,3,4,,1,,,1,1,1,4,1,1,3,3,1,4,1,10,1,1,1,1,3,1,1,1,1,1,1,3,3,3,3,1,5,1,1,1,2,7,5,1,5,8,9,9,,,6,2,,,1,1,2,1,1,1,1,4,1,4,1,4,1,1,1,2,2,4,1,1,1,6,6,9,,5,,,b'\x11\xe8\xe1I\xc6\xa7\xa0\x04\xaf\x82\x12\xdf\x17\xaeN\x1e'
11E8E149-C6A7-A004-AF82-12DF17AE4E1E,2014-ncaa-d1-natl,ncaa,6,5,16,7,21,51,105,126,83,216,277,69,22,34,40,43,33,67,36,70,19,110,117,41,25,29,16,43,81,140,127,30,16,52,25,83,101,163,121,95,112,136,215,232,,,156,117,,,18,109,321,240,120,216,313,303,331,41,62,73,138,146,288,312,225,79,146,155,65,186,261,,52,,,19,91,138,249,47,158,183,136,135,286,3,287,52,53,153,57,54,211,231,37,28,28,90,180,70,86,16,149,127,121,25,42,17,115,120,42,156,138,215,291,,,36,22,,,18,258,30,19,14,15,30,45,48,27,69,208,17,17,18,21,20,21,25,14,8,210,80,131,,110,,,b'\x11\xe8\xe1I\xc6\xa7\xa0\x04\xaf\x82\x12\xdf\x17\xaeN\x1e'
11E8E149-C6A7-A004-AF82-12DF17AE4E1E,2015-ncaa-d0-natl,ncaa,267,279,172,277,229,294,336,327,324,349,348,324,80,72,150,13,114,193,6,191,7,317,326,258,179,189,1,14,14,332,323,282,260,321,313,331,247,53,194,284,306,287,339,338,,,45,124,,,263,313,338,283,315,348,346,349,349,64,53,99,191,197,343,345,333,295,334,337,80,308,340,,54,,,263,85,147,111,246,146,68,291,194,226,98,290,12,16,57,14,53,65,37,248,200,256,93,256,17,155,260,139,323,140,313,155,152,314,290,293,50,146,158,334,,,174,9,,,263,31,228,287,274,111,180,109,168,62,217,251,14,22,22,52,15,173,163,175,166,319,59,177,,160,,,b'\x11\xe8\xe1I\xc6\xa7\xa0\x04\xaf\x82\x12\xdf\x17\xaeN\x1e'
11E8E149-C6A7-A004-AF82-12DF17AE4E1E,2015-ncaa-d1-conf-MAC,ncaa,12,12,7,12,8,12,12,12,12,12,12,12,3,4,3,2,5,7,1,7,1,12,12,9,6,8,1,2,1,12,12,12,11,12,12,12,9,2,10,11,10,9,12,12,,,3,6,,,12,12,12,5,12,12,12,12,12,2,3,3,6,6,12,12,12,12,12,12,3,9,11,,3,,,12,7,9,4,12,12,6,12,7,5,9,5,1,2,1,2,1,3,2,12,11,12,1,6,1,8,11,6,12,8,12,7,4,12,12,11,3,7,8,12,,,8,1,,,12,1,10,12,12,9,11,7,12,9,7,5,1,3,3,4,2,11,9,11,8,12,4,9,,6,,,b'\x11\xe8\xe1I\xc6\xa7\xa0\x04\xaf\x82\x12\xdf\x17\xaeN\x1e'
11E8E149-C6A7-A004-AF82-12DF17AE4E1E,2015-ncaa-d1-natl,ncaa,277,279,209,279,275,318,347,346,330,349,349,329,96,82,149,14,132,217,6,220,7,343,344,261,186,194,1,14,11,342,328,309,272,336,319,338,251,39,196,289,321,296,340,338,,,29,128,,,276,343,338,285,323,349,347,349,349,64,55,99,195,196,344,345,340,297,336,341,79,312,340,,55,,,277,57,124,70,259,121,49,298,181,213,103,286,7,11,59,11,56,36,13,257,209,267,94,257,17,138,272,110,328,110,319,136,154,330,292,299,36,151,152,336,,,207,8,,,276,5,239,293,283,113,198,111,175,63,216,254,14,21,22,53,15,179,163,177,176,322,60,180,,158,,,b'\x11\xe8\xe1I\xc6\xa7\xa0\x04\xaf\x82\x12\xdf\x17\xaeN\x1e'
11E8E149-C6A7-A004-AF82-12DF17AE4E1E,2016-ncaa-d0-natl,ncaa,256,228,287,253,305,302,319,334,194,346,348,176,65,82,58,13,319,324,187,320,71,339,338,96,114,177,12,11,263,333,296,245,63,310,183,271,135,126,292,244,333,305,322,307,,,74,238,,,229,330,307,160,270,299,331,346,347,34,39,292,302,299,332,323,320,145,278,244,221,323,318,,158,,,234,46,50,35,175,26,17,194,222,202,246,318,35,35,167,31,144,21,14,227,209,259,286,319,84,15,63,56,296,25,183,37,83,334,284,222,93,246,150,329,,,316,165,,,229,19,206,233,239,143,144,116,78,42,281,290,77,75,74,83,34,59,142,92,88,315,178,198,,278,,,b'\x11\xe8\xe1I\xc6\xa7\xa0\x04\xaf\x82\x12\xdf\x17\xaeN\x1e'
11E8E149-C6A7-A004-AF82-12DF17AE4E1E,2016-ncaa-d1-conf-MAC,ncaa,9,9,6,9,10,10,11,11,9,12,11,9,4,4,4,2,11,11,8,11,7,12,12,5,6,8,2,2,11,12,12,11,5,11,9,10,6,6,10,10,10,8,11,11,,,5,9,,,9,12,12,10,10,11,11,12,11,3,3,11,11,11,12,12,12,11,11,10,9,9,11,,7,,,9,3,3,2,10,3,3,9,3,3,11,5,4,4,9,5,6,1,1,10,10,10,5,8,7,1,5,4,12,2,9,3,5,12,9,8,6,10,10,12,,,11,8,,,9,1,9,9,9,5,5,3,5,5,4,3,4,5,5,1,1,2,6,4,3,11,8,11,,11,,,b'\x11\xe8\xe1I\xc6\xa7\xa0\x04\xaf\x82\x12\xdf\x17\xaeN\x1e'
11E8E149-C6A7-A004-AF82-12DF17AE4E1E,2016-ncaa-d1-natl,ncaa,265,227,337,262,344,327,338,348,203,349,349,185,77,90,62,13,326,330,187,327,68,349,349,100,119,182,11,11,262,342,307,277,65,336,199,296,141,92,295,253,340,311,331,310,,,59,242,,,241,348,310,158,277,307,335,347,348,34,42,294,304,301,336,325,325,150,286,254,221,326,326,,161,,,246,23,34,13,188,17,5,205,209,186,248,315,28,26,175,23,146,8,2,233,216,273,283,321,82,11,65,34,307,11,199,29,85,342,289,232,77,249,129,335,,,330,163,,,241,2,216,247,249,156,156,117,90,43,281,287,84,80,78,86,33,62,150,96,98,319,181,212,,280,,,b'\x11\xe8\xe1I\xc6\xa7\xa0\x04\xaf\x82\x12\xdf\x17\xaeN\x1e'
11E8E149-C6A7-A004-AF82-12DF17AE4E1E,2017-ncaa-d0-natl,ncaa,314,300,291,315,293,275,292,242,318,333,314,303,115,75,243,38,252,233,241,233,79,244,246,284,292,279,24,33,160,171,196,172,47,177,136,341,346,157,218,327,329,321,312,305,,,312,348,,,290,269,131,40,230,262,129,326,286,70,28,201,174,174,130,97,97,63,56,341,249,319,302,,346,,,291,156,147,79,269,178,119,283,95,95,148,130,247,286,43,283,305,118,58,249,249,305,141,88,262,30,47,216,196,109,136,69,59,328,313,258,128,173,294,340,,,184,93,,,290,88,270,275,287,281,269,218,285,229,158,177,305,330,330,281,200,76,320,240,140,305,202,323,,73,,,b'\x11\xe8\xe1I\xc6\xa7\xa0\x04\xaf\x82\x12\xdf\x17\xaeN\x1e'
11E8E149-C6A7-A004-AF82-12DF17AE4E1E,2017-ncaa-d1-conf-MAC,ncaa,10,10,6,10,6,9,10,9,12,10,10,12,4,2,8,2,9,9,9,9,7,9,9,10,10,10,2,2,9,5,7,8,3,7,7,12,12,4,8,12,12,12,11,10,,,11,12,,,9,11,11,1,9,10,7,10,10,3,2,8,9,9,8,8,3,6,6,12,7,12,10,,12,,,9,7,4,2,10,9,5,10,2,2,3,1,8,9,2,9,10,3,1,9,10,11,4,2,9,1,3,8,7,5,7,2,2,12,11,8,4,5,10,12,,,9,6,,,9,2,9,9,9,9,6,5,9,7,4,3,10,11,11,6,3,2,11,8,4,12,5,10,,6,,,b'\x11\xe8\xe1I\xc6\xa7\xa0\x04\xaf\x82\x12\xdf\x17\xaeN\x1e'
11E8E149-C6A7-A004-AF82-12DF17AE4E1E,2017-ncaa-d1-natl,ncaa,300,312,144,310,152,207,254,129,323,304,269,305,83,34,270,41,157,141,224,142,55,131,125,292,297,273,24,40,118,85,159,95,42,82,122,334,344,207,183,322,287,298,297,300,,,338,347,,,280,159,140,55,215,260,97,321,281,74,27,157,135,131,94,83,66,62,43,339,223,290,302,,344,,,276,256,208,174,237,222,186,251,166,170,165,138,311,328,62,327,316,223,160,228,246,304,196,109,278,51,42,308,159,230,122,112,68,290,303,241,154,132,301,326,,,92,89,,,280,198,249,263,269,266,232,190,244,200,171,179,311,331,332,256,178,65,322,236,123,291,164,306,,59,,,b'\x11\xe8\xe1I\xc6\xa7\xa0\x04\xaf\x82\x12\xdf\x17\xaeN\x1e'
11E8E149-C6A7-A004-AF82-12DF17AE4E1E,2018-ncaa-d0-natl,ncaa,245,244,242,249,262,227,270,223,298,323,312,286,77,55,175,37,193,216,135,216,57,227,246,242,239,230,20,39,122,236,270,198,70,219,218,341,345,118,177,324,240,222,220,201,,,263,315,,,280,236,125,172,208,273,163,323,303,63,33,153,172,169,160,161,210,134,161,342,180,220,211,,301,,,280,232,180,105,291,112,66,250,287,211,332,267,268,250,256,237,297,123,91,316,323,333,315,284,242,37,70,239,270,156,218,177,170,266,246,248,126,177,230,320,,,239,187,,,280,120,233,312,274,295,245,167,177,96,314,266,295,283,276,204,164,74,305,231,215,245,172,265,,187,,,b'\x11\xe8\xe1I\xc6\xa7\xa0\x04\xaf\x82\x12\xdf\x17\xaeN\x1e'
11E8E149-C6A7-A004-AF82-12DF17AE4E1E,2018-ncaa-d1-conf-MAC,ncaa,11,11,8,11,11,12,12,12,12,12,12,12,3,3,7,2,10,11,5,11,5,12,12,11,12,12,1,1,2,7,8,11,8,10,9,12,11,10,11,12,8,8,5,5,,,9,12,,,12,12,9,9,12,12,10,12,12,3,2,8,11,11,12,10,6,8,7,12,10,8,5,,11,,,12,7,4,2,9,2,1,5,7,3,12,4,10,10,9,9,11,3,2,11,11,12,12,9,10,3,8,7,8,7,9,4,7,10,10,9,6,10,8,12,,,11,10,,,12,1,11,12,12,9,7,7,5,5,10,6,11,11,11,6,5,4,9,8,7,9,8,9,,10,,,b'\x11\xe8\xe1I\xc6\xa7\xa0\x04\xaf\x82\x12\xdf\x17\xaeN\x1e'
11E8E149-C6A7-A004-AF82-12DF17AE4E1E,2018-ncaa-d1-natl,ncaa,247,243,213,248,267,237,278,225,302,326,311,293,75,49,174,38,167,187,129,184,44,227,242,246,233,227,18,41,100,253,284,176,78,221,229,343,345,116,169,328,245,233,232,220,,,270,313,,,286,229,119,174,210,277,164,327,304,66,35,135,151,151,163,157,228,122,169,345,169,225,229,,304,,,285,264,204,123,295,135,75,263,289,222,335,258,268,258,234,250,292,140,93,319,325,337,308,271,234,52,78,272,284,191,229,188,158,275,256,253,134,180,248,323,,,218,157,,,286,128,233,313,284,302,263,199,198,124,312,270,294,286,278,227,179,92,310,254,217,257,170,273,,163,,,b'\x11\xe8\xe1I\xc6\xa7\xa0\x04\xaf\x82\x12\xdf\x17\xaeN\x1e'
11E8E149-C6A7-A004-AF82-12DF17AE4E1E,2019-ncaa-d0-natl,ncaa,277,283,249,285,281,155,176,252,84,280,325,75,37,64,32,28,210,252,48,254,91,263,239,42,44,92,20,16,243,341,341,90,52,221,221,106,52,269,292,176,324,330,350,350,,,214,228,,,263,146,22,272,86,123,211,276,327,19,34,172,233,234,219,145,339,21,180,76,293,318,350,,271,,,263,301,272,250,240,133,74,273,345,338,303,345,219,229,145,223,279,254,183,304,299,335,341,343,123,81,52,189,341,142,221,239,163,316,333,327,307,324,165,281,,,186,125,,,263,204,165,327,261,341,322,335,198,111,350,351,261,268,264,340,296,134,271,232,288,307,321,199,,119,,,b'\x11\xe8\xe1I\xc6\xa7\xa0\x04\xaf\x82\x12\xdf\x17\xaeN\x1e'
11E8E149-C6A7-A004-AF82-12DF17AE4E1E,2019-ncaa-d1-conf-MAC,ncaa,12,12,9,12,11,10,8,10,6,10,11,8,3,5,3,3,8,9,5,9,6,11,9,4,3,8,4,3,7,11,11,6,4,9,9,6,2,11,12,9,12,12,12,12,,,9,8,,,12,7,1,10,7,8,9,8,10,3,4,8,9,9,10,8,11,2,9,4,11,11,12,,10,,,12,12,11,8,10,7,2,10,12,12,10,11,8,10,2,9,11,9,7,11,12,12,11,10,5,7,4,8,11,9,9,9,7,11,12,11,11,11,11,12,,,5,6,,,12,6,10,12,11,12,12,11,9,6,12,12,9,11,11,12,12,8,10,10,11,9,11,12,,5,,,b'\x11\xe8\xe1I\xc6\xa7\xa0\x04\xaf\x82\x12\xdf\x17\xaeN\x1e'
11E8E149-C6A7-A004-AF82-12DF17AE4E1E,2019-ncaa-d1-natl,ncaa,282,282,233,284,292,161,186,253,110,293,335,89,36,57,39,21,229,272,55,273,101,264,235,52,51,103,20,15,262,340,341,74,46,220,221,102,46,262,288,171,316,327,349,349,,,199,209,,,263,155,34,272,101,133,199,286,329,20,28,205,254,257,219,150,339,17,168,74,287,307,348,,264,,,264,299,268,256,228,125,70,264,346,338,284,345,199,215,139,211,261,260,177,287,287,331,340,341,118,72,46,211,341,158,221,233,155,318,335,325,304,326,155,275,,,212,147,,,263,196,176,315,260,339,313,334,189,113,350,351,245,254,252,340,290,128,287,239,277,307,321,188,,143,,,b'\x11\xe8\xe1I\xc6\xa7\xa0\x04\xaf\x82\x12\xdf\x17\xaeN\x1e'
11E8E149-C6A7-A004-AF82-12DF17AE4E1E,2020-ncaa-d0-natl,ncaa,295,289,191,299,191,89,76,179,35,168,249,64,24,89,7,72,297,292,230,299,257,211,219,18,32,41,79,32,336,332,335,61,70,202,221,47,71,163,177,78,341,344,324,324,,,170,163,,,217,137,111,1,55,44,135,150,247,21,75,300,295,300,187,184,333,29,194,30,176,340,321,,196,,,218,315,317,287,288,269,181,305,336,332,244,319,101,107,145,103,113,274,194,311,287,338,222,307,29,127,70,255,335,207,221,260,135,320,334,334,271,289,176,216,,,219,177,,,217,201,86,325,224,328,332,330,295,199,341,342,126,128,125,322,256,141,273,240,278,328,280,193,,187,,,b'\x11\xe8\xe1I\xc6\xa7\xa0\x04\xaf\x82\x12\xdf\x17\xaeN\x1e'
11E8E149-C6A7-A004-AF82-12DF17AE4E1E,2020-ncaa-d1-conf-MAC,ncaa,12,12,5,12,5,10,7,10,2,10,10,8,3,8,1,4,12,11,10,12,11,11,11,2,3,4,6,3,11,12,12,7,5,10,10,1,1,9,11,4,12,12,12,12,,,5,5,,,11,9,9,1,8,5,9,8,8,3,6,12,11,12,10,9,12,5,9,1,11,12,12,,5,,,11,11,11,11,9,9,6,9,11,10,7,10,3,3,5,2,2,10,3,9,9,11,7,10,2,6,5,10,12,6,10,10,9,11,11,12,12,12,10,11,,,11,9,,,11,4,8,11,11,11,11,11,10,8,11,10,3,3,2,11,5,6,10,7,11,11,12,10,,10,,,b'\x11\xe8\xe1I\xc6\xa7\xa0\x04\xaf\x82\x12\xdf\x17\xaeN\x1e'
11E8E149-C6A7-A004-AF82-12DF17AE4E1E,2020-ncaa-d1-natl,ncaa,276,289,45,287,46,41,33,91,28,100,212,41,18,67,10,71,275,266,242,270,238,124,113,17,25,39,88,42,335,317,329,18,51,117,183,29,66,217,184,74,328,343,314,322,,,227,159,,,192,39,101,4,44,34,133,125,246,23,71,294,285,291,183,166,326,19,157,27,182,336,320,,188,,,193,335,333,339,275,297,222,309,343,348,204,331,125,133,122,123,113,331,292,299,276,328,219,309,28,164,51,286,329,260,183,292,135,302,328,327,302,286,192,203,,,145,180,,,192,309,74,305,196,320,325,330,284,184,341,343,111,122,113,318,255,131,252,218,263,319,285,173,,182,,,b'\x11\xe8\xe1I\xc6\xa7\xa0\x04\xaf\x82\x12\xdf\x17\xaeN\x1e'
11E8E149-C6A7-A004-AF82-12DF17AE4E1E,2021-ncaa-d0-natl,ncaa,18,83,10,49,10,15,21,16,71,33,36,87,13,19,34,88,20,21,74,17,85,15,17,56,47,35,62,74,168,76,270,34,191,45,250,19,112,268,49,48,2,23,147,239,,,340,249,,,29,12,99,108,40,69,97,137,198,39,66,70,108,102,90,149,254,206,253,60,46,22,267,,253,,,45,326,317,320,165,299,287,221,315,332,114,286,321,312,201,310,238,321,332,176,181,100,244,227,181,323,191,334,270,340,250,305,163,3,36,56,260,82,336,294,,,5,44,,,29,331,46,103,49,152,137,129,119,61,203,259,181,177,175,119,239,172,229,212,155,29,85,297,,54,,,b'\x11\xe8\xe1I\xc6\xa7\xa0\x04\xaf\x82\x12\xdf\x17\xaeN\x1e'
11E8E149-C6A7-A004-AF82-12DF17AE4E1E,2021-ncaa-d1-conf-MAC,ncaa,1,1,2,1,3,2,2,2,3,4,3,4,2,4,2,5,2,3,5,2,7,3,3,2,3,2,5,6,7,8,9,4,9,5,9,1,1,6,4,1,2,2,7,8,,,10,6,,,1,3,10,5,3,4,6,5,6,3,4,6,8,8,8,10,10,9,10,1,3,2,8,,4,,,1,4,6,9,3,7,7,6,5,7,1,8,2,4,2,3,3,9,10,2,2,1,4,6,3,11,9,10,9,11,9,7,8,2,2,2,6,4,12,11,,,2,4,,,1,10,2,2,1,2,2,3,3,2,4,7,1,2,2,1,7,9,7,6,5,2,3,11,,5,,,b'\x11\xe8\xe1I\xc6\xa7\xa0\x04\xaf\x82\x12\xdf\x17\xaeN\x1e'
11E8E149-C6A7-A004-AF82-12DF17AE4E1E,2021-ncaa-d1-natl,ncaa,21,82,10,50,10,16,24,17,75,39,41,91,15,20,35,87,22,22,73,18,84,17,19,60,50,36,60,72,165,86,273,39,197,51,261,22,117,253,49,49,3,26,161,238,,,337,250,,,33,15,103,108,45,74,103,147,205,43,66,72,107,101,93,157,263,211,263,64,46,25,268,,253,,,49,324,314,315,176,297,284,225,309,331,112,283,313,305,201,303,241,317,331,190,193,108,245,227,183,317,197,333,273,336,261,305,165,4,37,63,255,84,336,298,,,6,45,,,33,329,50,109,52,157,143,132,125,61,206,262,181,180,177,123,241,176,228,213,161,32,86,301,,54,,,b'\x11\xe8\xe1I\xc6\xa7\xa0\x04\xaf\x82\x12\xdf\x17\xaeN\x1e'
11E8E149-C6A7-A004-AF82-12DF17AE4E1E,2022-ncaa-d0-natl,ncaa,139,210,52,170,67,43,47,89,29,101,147,63,19,52,2,92,96,95,173,91,91,84,74,18,21,28,49,39,256,257,311,94,50,148,202,40,92,258,159,88,42,52,304,330,,,290,205,,,125,51,67,246,38,54,169,168,257,25,85,148,151,146,171,170,316,170,277,47,166,59,332,,209,,,128,337,336,281,331,326,252,327,314,287,302,222,279,267,255,268,212,285,293,334,331,314,176,204,125,92,50,308,311,246,202,305,145,71,133,199,279,191,312,303,,,88,166,,,125,309,56,264,132,293,296,173,269,147,273,218,207,193,193,174,204,28,228,118,247,130,194,290,,166,,,b'\x11\xe8\xe1I\xc6\xa7\xa0\x04\xaf\x82\x12\xdf\x17\xaeN\x1e'
11E8E149-C6A7-A004-AF82-12DF17AE4E1E,2022-ncaa-d1-conf-MAC,ncaa,6,6,5,6,6,4,5,9,1,6,7,5,3,8,1,8,3,4,5,3,2,7,6,1,1,2,5,6,3,11,9,9,4,11,7,5,4,8,8,6,2,1,12,12,,,10,11,,,5,5,4,4,3,3,10,6,6,3,8,3,2,2,7,6,10,11,11,5,9,3,12,,11,,,5,9,8,3,12,10,5,12,6,3,9,6,10,9,8,9,11,4,8,11,11,10,3,3,8,1,4,3,9,2,7,8,7,3,2,5,4,5,12,11,,,3,4,,,5,8,3,8,5,8,10,1,10,3,6,5,11,10,10,1,6,1,6,3,7,3,5,12,,3,,,b'\x11\xe8\xe1I\xc6\xa7\xa0\x04\xaf\x82\x12\xdf\x17\xaeN\x1e'
11E8E149-C6A7-A004-AF82-12DF17AE4E1E,2022-ncaa-d1-natl,ncaa,135,209,32,184,50,33,37,71,23,82,139,55,21,61,3,100,82,81,157,80,86,75,64,18,20,27,56,50,242,253,311,83,55,144,199,32,97,262,155,83,36,52,315,337,,,301,205,,,115,32,70,251,36,51,173,148,250,28,90,135,144,140,168,170,316,175,281,39,165,55,339,,210,,,122,343,342,303,335,329,262,334,310,293,285,219,270,261,255,259,192,306,310,334,329,311,151,193,118,94,55,314,311,258,199,302,129,69,140,190,270,185,309,297,,,78,160,,,115,325,49,268,125,296,301,180,281,157,261,213,196,183,180,176,207,39,222,120,231,136,187,283,,157,,,b'\x11\xe8\xe1I\xc6\xa7\xa0\x04\xaf\x82\x12\xdf\x17\xaeN\x1e'
11E8E149-C6A7-A004-AF82-12DF17AE4E1E,2023-ncaa-d0-natl,ncaa,7,20,3,20,7,6,7,1,70,9,7,80,29,29,92,163,39,36,141,37,252,3,5,80,87,40,223,169,280,24,170,44,21,31,152,6,77,169,8,11,3,8,242,271,,,342,200,,,18,3,40,285,22,16,10,22,46,84,93,131,142,144,13,46,93,228,154,17,25,7,311,,207,,,23,346,339,313,288,314,230,302,350,340,291,313,306,311,154,310,286,324,353,314,313,118,304,300,184,94,21,359,170,351,152,330,213,2,6,18,257,51,360,281,,,11,95,,,18,359,38,57,27,162,138,38,86,15,279,234,175,181,177,32,219,6,304,165,186,7,97,336,,49,,,b'\x11\xe8\xe1I\xc6\xa7\xa0\x04\xaf\x82\x12\xdf\x17\xaeN\x1e'
11E8E149-C6A7-A004-AF82-12DF17AE4E1E,2023-ncaa-d1-conf-MAC,ncaa,2,2,1,2,2,2,1,1,7,1,1,9,4,2,9,7,3,2,7,2,9,1,1,8,8,6,9,8,5,1,4,4,2,2,6,1,2,7,1,1,1,1,7,6,,,12,10,,,3,1,1,10,3,2,1,2,1,5,6,4,5,5,1,1,3,11,6,1,4,1,9,,10,,,3,9,7,4,9,6,5,8,7,5,9,6,9,12,2,12,12,8,12,8,9,1,8,6,8,2,2,12,4,12,6,7,7,1,1,1,6,2,12,12,,,1,4,,,3,12,5,1,3,2,1,1,3,1,4,2,6,9,9,1,7,1,11,8,3,1,3,12,,2,,,b'\x11\xe8\xe1I\xc6\xa7\xa0\x04\xaf\x82\x12\xdf\x17\xaeN\x1e'
11E8E149-C6A7-A004-AF82-12DF17AE4E1E,2023-ncaa-d1-natl,ncaa,4,20,1,19,3,4,3,1,60,8,7,67,27,28,99,165,37,41,139,42,270,1,1,73,87,35,230,171,293,28,180,35,18,27,153,7,89,159,8,9,2,8,241,266,,,344,198,,,15,2,42,285,21,13,11,20,47,86,98,139,153,156,16,56,108,224,167,17,22,9,311,,210,,,20,350,345,324,296,313,244,308,355,342,299,314,302,309,176,308,283,332,357,318,317,132,305,303,186,82,18,359,180,356,153,336,222,2,7,27,249,48,360,277,,,10,100,,,15,360,34,63,25,170,141,40,86,15,280,237,177,179,177,34,208,6,303,155,193,7,90,330,,59,,,b'\x11\xe8\xe1I\xc6\xa7\xa0\x04\xaf\x82\x12\xdf\x17\xaeN\x1e'
11E8E149-C6A7-A004-AF82-12DF17AE4E1E,2024-ncaa-d0-natl,ncaa,154,148,143,163,183,136,141,203,63,164,253,56,92,120,65,103,185,171,217,170,93,195,205,53,64,79,119,101,230,221,189,178,182,200,169,108,95,149,176,106,273,290,203,211,,,210,223,,,216,206,231,263,129,123,254,178,276,90,127,186,178,177,252,264,236,205,241,93,146,295,204,,194,,,216,276,279,215,305,246,203,238,305,210,349,198,198,160,303,162,151,214,161,319,307,338,244,273,122,172,182,100,189,115,169,276,202,296,319,338,58,73,187,240,,,145,84,,,216,162,83,338,213,287,296,221,245,196,306,203,189,165,167,217,116,166,89,106,278,323,54,176,,143,,,b'\x11\xe8\xe1I\xc6\xa7\xa0\x04\xaf\x82\x12\xdf\x17\xaeN\x1e'
11E8E149-C6A7-A004-AF82-12DF17AE4E1E,2024-ncaa-d1-conf-MAC,ncaa,5,4,5,5,7,5,5,7,2,5,7,2,6,8,4,5,5,5,6,5,4,7,7,3,3,3,6,7,3,6,4,7,8,7,4,3,4,4,5,4,9,10,6,7,,,9,10,,,5,8,10,10,4,4,10,4,9,7,7,3,3,4,9,11,6,7,7,3,5,10,6,,7,,,5,10,9,8,8,8,10,4,9,5,12,2,11,10,10,11,7,8,5,9,9,12,10,8,7,8,8,2,4,2,4,10,7,10,10,10,1,3,6,7,,,3,1,,,5,5,4,12,4,10,9,9,7,10,9,5,9,7,8,8,3,7,1,3,7,10,3,6,,2,,,b'\x11\xe8\xe1I\xc6\xa7\xa0\x04\xaf\x82\x12\xdf\x17\xaeN\x1e'
11E8E149-C6A7-A004-AF82-12DF17AE4E1E,2024-ncaa-d1-natl,ncaa,172,150,194,170,238,160,165,258,65,204,286,63,112,147,65,104,205,200,215,203,94,251,269,56,68,85,114,100,221,252,204,231,201,249,185,132,97,115,188,112,306,303,219,218,,,175,234,,,241,264,238,264,137,140,262,197,282,94,129,187,180,183,259,275,250,225,250,103,150,309,211,,199,,,242,263,267,182,313,232,167,255,302,182,354,204,178,147,308,149,151,177,101,328,322,347,245,274,123,143,201,68,204,80,185,264,205,331,327,343,43,77,175,252,,,173,73,,,241,103,93,346,238,296,302,223,255,204,315,204,195,168,171,222,112,176,96,114,284,331,54,192,,143,,,b'\x11\xe8\xe1I\xc6\xa7\xa0\x04\xaf\x82\x12\xdf\x17\xaeN\x1e'
11E8E149-C6A7-A004-AF82-12DF17AE4E1E,2025-ncaa-d0-natl,genius_ncaa,122,113,135,123,145,97,99,170,45,135,219,55,69,124,29,115,100,114,139,114,74,162,159,32,28,61,92,104,184,138,84,163,83,154,59,59,43,188,193,80,166,165,244,260,,,218,255,,357,119,168,218,108,67,77,200,138,240,54,112,91,112,114,179,177,152,185,165,39,188,175,252,,207,,355,118,247,243,179,296,239,201,258,247,165,332,156,211,215,168,209,210,194,174,306,303,311,194,214,174,79,83,73,84,58,59,152,70,230,231,205,58,60,335,343,,,64,30,,67,119,196,55,273,117,243,249,152,233,170,246,143,203,209,201,156,114,65,50,44,139,249,67,333,,35,,60,b'\x11\xe8\xe1I\xc6\xa7\xa0\x04\xaf\x82\x12\xdf\x17\xaeN\x1e'
11E8E149-C6A7-A004-AF82-12DF17AE4E1E,2025-ncaa-d1-conf-MAC,genius_ncaa,5,5,5,5,5,5,4,7,2,5,7,2,1,6,1,5,5,6,5,6,3,6,6,1,1,1,5,4,7,3,3,8,6,6,6,2,1,2,3,1,4,4,5,7,,,7,6,,11,6,7,11,2,1,2,4,5,8,1,5,3,5,5,4,5,3,9,6,1,4,5,4,,7,,11,6,8,9,5,10,8,9,6,4,2,12,2,9,8,6,8,7,6,5,9,9,8,5,4,8,4,6,2,3,2,6,1,1,7,7,5,1,1,12,12,,,5,1,,4,6,6,1,8,6,8,8,6,8,11,5,2,8,9,9,7,4,4,2,2,2,7,1,12,,1,,3,b'\x11\xe8\xe1I\xc6\xa7\xa0\x04\xaf\x82\x12\xdf\x17\xaeN\x1e'
11E8E149-C6A7-A004-AF82-12DF17AE4E1E,2025-ncaa-d1-natl,genius_ncaa,130,113,172,126,183,112,118,212,48,166,249,55,83,141,30,114,118,143,140,144,73,204,204,33,30,65,88,106,178,171,92,195,93,193,70,68,45,160,198,83,191,180,259,266,,,193,260,,354,132,217,225,93,73,81,223,150,246,60,118,95,117,119,192,190,159,194,180,43,188,190,259,,213,,355,129,224,219,144,309,214,165,271,240,143,337,153,199,200,173,195,212,155,121,319,312,323,196,213,173,64,93,49,92,33,70,135,72,265,244,212,50,64,330,344,,,80,26,,71,132,148,60,297,129,262,261,158,244,177,251,141,212,215,207,162,111,72,49,46,151,257,67,334,,35,,59,b'\x11\xe8\xe1I\xc6\xa7\xa0\x04\xaf\x82\x12\xdf\x17\xaeN\x1e'
11E8E149-C6A7-A004-AF82-12DF17AE4E1E,2026-ncaa-d0-natl,genius_ncaa,260,152,327,241,334,329,340,326,330,342,339,263,303,244,347,68,266,316,8,312,125,326,334,327,302,268,95,177,46,276,194,347,230,339,282,329,190,24,152,224,290,157,216,130,,,20,145,,180,279,335,97,97,228,266,98,259,230,207,45,78,171,160,105,102,110,332,262,249,181,149,101,,161,,324,309,60,91,20,359,122,39,354,48,21,306,110,36,32,182,30,139,19,20,355,353,345,40,99,78,20,230,52,194,31,282,135,265,325,196,310,11,68,282,361,,,338,240,,241,279,26,248,332,305,332,348,227,348,277,214,117,190,186,180,226,211,127,319,265,348,177,77,357,,203,,157,b'\x11\xe8\xe1I\xc6\xa7\xa0\x04\xaf\x82\x12\xdf\x17\xaeN\x1e'
11E8E149-C6A7-A004-AF82-12DF17AE4E1E,2026-ncaa-d1-natl,genius_ncaa,163,152,177,171,197,150,197,161,239,199,246,119,145,59,325,61,49,81,34,79,28,142,164,232,191,152,76,173,35,137,202,200,173,184,196,155,101,104,84,119,82,74,51,54,,,157,137,,265,149,174,46,100,91,176,69,182,236,137,30,20,42,40,47,57,102,153,123,113,131,65,29,,188,,288,145,184,207,164,265,262,238,232,65,47,198,37,143,193,42,187,149,168,187,232,208,171,35,52,130,139,173,247,202,215,196,217,179,117,109,163,53,50,298,327,,,121,117,,211,149,190,149,159,145,236,273,221,312,323,77,57,168,226,222,238,298,182,308,279,251,84,65,319,,65,,208,b'\x11\xe8\xe1I\xc6\xa7\xa0\x04\xaf\x82\x12\xdf\x17\xaeN\x1e'
11E8E149-C6B8-4AE4-AF82-12DF17AE4E1E,2010-ncaa-d0-natl,ncaa,125,114,122,125,167,160,137,196,61,141,215,49,133,133,138,127,254,164,337,166,113,191,128,66,121,209,203,130,293,94,34,65,106,65,22,99,92,331,320,223,180,202,28,27,,,295,287,,,174,145,129,283,168,128,237,142,243,139,138,281,177,180,234,130,99,43,39,86,321,198,27,,289,,,174,195,135,214,59,104,207,38,240,232,235,200,283,278,178,280,256,239,202,73,96,152,297,238,277,222,106,37,34,84,22,193,238,225,271,242,341,335,50,78,,,170,228,,,174,200,190,154,172,177,107,220,83,188,238,228,273,266,270,248,213,223,30,60,185,248,335,61,,194,,,b'\x11\xe8\xe1I\xc6\xb8J\xe4\xaf\x82\x12\xdf\x17\xaeN\x1e'
11E8E149-C6B8-4AE4-AF82-12DF17AE4E1E,2010-ncaa-d1-conf-MVC,ncaa,4,3,7,3,10,8,7,10,4,6,9,2,7,5,8,5,10,6,10,6,5,9,8,4,6,8,8,6,10,1,1,4,5,3,1,5,2,10,10,9,5,5,1,1,,,6,8,,,5,10,5,7,7,6,9,5,7,7,5,10,5,5,9,3,1,2,1,5,10,5,1,,8,,,5,1,1,1,2,1,2,1,7,7,9,8,6,6,10,6,7,1,1,3,3,3,9,9,9,4,5,1,1,1,1,5,10,8,6,6,9,9,2,2,,,6,6,,,5,1,7,2,5,3,2,5,1,3,7,8,7,6,7,6,6,5,2,2,7,6,9,2,,6,,,b'\x11\xe8\xe1I\xc6\xb8J\xe4\xaf\x82\x12\xdf\x17\xaeN\x1e'
11E8E149-C6B8-4AE4-AF82-12DF17AE4E1E,2010-ncaa-d1-natl,ncaa,132,114,134,133,181,173,146,212,64,150,229,51,138,143,141,127,267,172,337,175,110,205,140,68,123,210,201,132,292,102,35,73,112,74,23,106,96,325,320,226,199,206,29,28,,,287,287,,,182,159,128,285,174,133,239,147,247,141,141,279,177,178,236,131,102,45,41,86,321,201,28,,290,,,182,179,118,203,60,92,193,39,235,223,236,201,275,268,184,270,257,228,184,76,101,157,298,236,275,203,112,23,35,63,23,184,240,240,274,244,339,337,48,81,,,183,231,,,182,186,192,159,181,179,109,222,89,191,240,229,275,268,270,247,212,221,30,63,191,255,337,63,,193,,,b'\x11\xe8\xe1I\xc6\xb8J\xe4\xaf\x82\x12\xdf\x17\xaeN\x1e'
11E8E149-C6B8-4AE4-AF82-12DF17AE4E1E,2011-ncaa-d0-natl,ncaa,168,175,119,176,142,128,171,185,156,164,170,162,179,194,137,204,50,63,59,55,38,151,91,160,117,195,117,205,28,125,94,74,18,90,26,146,122,335,316,268,73,82,48,24,,,273,262,,,214,87,57,192,137,195,231,182,194,186,204,31,52,48,177,79,141,50,67,149,324,73,38,,267,,,213,262,218,207,215,141,91,245,316,306,231,308,269,235,286,256,284,226,221,255,275,268,317,286,222,51,18,102,94,58,26,286,284,154,194,245,334,311,258,250,,,72,122,,,214,256,199,210,214,261,204,195,127,57,313,309,264,240,247,220,222,30,79,40,274,167,324,244,,77,,,b'\x11\xe8\xe1I\xc6\xb8J\xe4\xaf\x82\x12\xdf\x17\xaeN\x1e'
11E8E149-C6B8-4AE4-AF82-12DF17AE4E1E,2011-ncaa-d1-conf-MVC,ncaa,8,8,4,8,5,4,7,4,8,6,4,7,6,7,4,6,3,3,4,3,3,4,2,8,7,8,6,6,2,2,2,4,1,3,1,5,6,9,8,8,2,3,5,2,,,8,8,,,7,2,1,6,5,7,2,5,5,6,6,2,2,2,2,1,2,3,2,6,9,1,5,,8,,,7,7,6,5,7,4,1,8,10,9,8,10,6,6,5,7,8,7,7,8,9,8,10,10,3,3,1,4,2,4,1,9,10,4,5,7,9,7,8,7,,,4,5,,,7,8,8,6,7,8,7,6,3,1,9,8,8,8,8,6,8,2,4,3,8,4,8,7,,4,,,b'\x11\xe8\xe1I\xc6\xb8J\xe4\xaf\x82\x12\xdf\x17\xaeN\x1e'
11E8E149-C6B8-4AE4-AF82-12DF17AE4E1E,2011-ncaa-d1-natl,ncaa,174,172,132,179,163,148,192,211,161,180,187,169,192,205,139,202,55,79,58,68,37,177,108,164,121,201,113,199,28,143,94,85,18,106,26,162,129,332,318,274,86,88,49,26,,,257,264,,,219,105,58,190,142,202,235,187,196,187,202,32,54,47,184,81,144,53,72,155,324,78,39,,270,,,217,249,202,182,222,125,72,248,311,301,231,307,260,224,291,241,285,203,198,259,282,276,315,285,220,38,18,77,94,39,26,281,285,174,198,251,334,316,253,254,,,94,121,,,219,242,202,216,218,266,208,196,133,57,313,310,268,238,247,223,220,34,81,41,276,177,325,246,,76,,,b'\x11\xe8\xe1I\xc6\xb8J\xe4\xaf\x82\x12\xdf\x17\xaeN\x1e'
11E8E149-C6B8-4AE4-AF82-12DF17AE4E1E,2012-ncaa-d0-natl,ncaa,123,174,22,155,43,36,43,39,85,44,37,112,105,134,79,207,22,41,29,41,147,34,32,102,68,67,169,204,96,38,57,73,151,41,75,84,251,253,109,138,101,156,40,54,,,340,332,,,136,40,131,262,55,79,94,73,100,153,181,39,88,92,88,108,76,203,113,143,145,153,63,,328,,,139,333,289,278,224,280,262,233,253,266,206,160,341,339,322,339,331,310,307,222,286,282,297,132,327,246,151,249,57,249,75,303,250,84,180,210,272,170,173,65,,,45,159,,,136,305,49,263,137,261,173,111,168,108,182,177,331,324,322,186,183,136,87,94,227,180,190,93,,121,,,b'\x11\xe8\xe1I\xc6\xb8J\xe4\xaf\x82\x12\xdf\x17\xaeN\x1e'
11E8E149-C6B8-4AE4-AF82-12DF17AE4E1E,2012-ncaa-d1-conf-MVC,ncaa,8,8,3,8,4,2,4,2,7,4,2,6,8,8,8,7,2,3,1,3,6,2,2,7,7,6,8,8,4,2,2,6,7,3,3,6,8,6,4,7,4,6,1,1,,,9,9,,,5,3,4,5,3,4,3,4,2,8,8,2,4,4,3,3,2,8,2,7,6,5,1,,9,,,5,10,6,6,7,7,6,6,7,8,6,6,9,9,8,9,10,8,8,7,10,8,9,5,9,8,7,4,2,4,3,9,9,3,5,6,7,6,3,3,,,4,6,,,5,8,4,8,5,9,6,5,6,5,6,6,9,9,9,9,7,7,3,5,9,4,6,4,,4,,,b'\x11\xe8\xe1I\xc6\xb8J\xe4\xaf\x82\x12\xdf\x17\xaeN\x1e'
11E8E149-C6B8-4AE4-AF82-12DF17AE4E1E,2012-ncaa-d1-natl,ncaa,128,173,23,162,50,39,48,42,92,48,39,117,112,139,80,207,26,44,29,44,144,38,37,107,74,71,165,203,91,41,60,85,154,45,81,95,253,235,112,143,112,160,45,54,,,338,332,,,145,43,134,262,61,85,98,83,105,154,181,38,89,95,96,110,79,212,121,154,146,162,63,,329,,,147,329,274,264,229,263,247,238,239,247,211,159,341,338,322,337,330,304,301,226,291,285,299,131,327,228,154,228,60,236,81,296,249,96,188,222,261,172,165,67,,,50,155,,,145,304,52,265,146,263,180,111,173,112,184,176,332,324,322,184,179,141,89,97,229,191,191,98,,119,,,b'\x11\xe8\xe1I\xc6\xb8J\xe4\xaf\x82\x12\xdf\x17\xaeN\x1e'
11E8E149-C6B8-4AE4-AF82-12DF17AE4E1E,2013-ncaa-d0-natl,ncaa,177,166,183,180,203,77,80,97,84,78,100,93,137,155,111,188,63,134,8,129,179,100,106,90,66,64,183,194,125,186,201,164,147,163,178,103,175,152,112,107,64,74,214,233,,,132,71,,,137,86,15,112,21,33,37,41,69,121,138,32,97,95,35,32,168,114,134,66,182,47,214,,156,,,136,293,311,264,309,290,208,325,290,296,178,290,95,58,298,57,59,242,250,309,296,271,112,246,38,167,147,198,201,186,178,332,282,109,135,268,163,135,298,259,,,162,240,,,137,258,80,259,135,319,327,326,314,247,302,310,105,81,83,316,322,182,239,225,334,88,181,304,,146,,,b'\x11\xe8\xe1I\xc6\xb8J\xe4\xaf\x82\x12\xdf\x17\xaeN\x1e'
11E8E149-C6B8-4AE4-AF82-12DF17AE4E1E,2013-ncaa-d1-conf-MVC,ncaa,6,6,7,6,9,5,3,3,6,3,4,6,6,6,6,6,8,9,2,9,10,3,5,6,7,6,7,6,7,4,4,8,7,6,8,5,6,6,5,5,1,1,8,9,,,2,2,,,5,5,2,8,1,1,2,3,3,6,6,7,8,9,2,2,4,6,3,2,6,1,8,,4,,,5,7,7,6,7,7,3,8,8,9,3,8,1,1,9,1,2,5,6,7,7,5,4,8,1,6,7,6,4,6,8,8,6,1,2,5,6,5,6,6,,,8,8,,,5,6,5,5,5,7,7,9,8,6,8,9,2,1,1,7,9,8,9,8,8,1,6,8,,7,,,b'\x11\xe8\xe1I\xc6\xb8J\xe4\xaf\x82\x12\xdf\x17\xaeN\x1e'
11E8E149-C6B8-4AE4-AF82-12DF17AE4E1E,2013-ncaa-d1-natl,ncaa,186,165,210,186,231,86,88,112,85,87,114,95,146,163,114,186,69,144,8,138,180,115,126,92,68,67,184,193,118,211,205,182,149,181,182,112,177,137,114,112,72,78,227,237,,,114,71,,,145,105,15,99,21,32,37,45,70,120,134,32,99,97,36,33,169,115,139,68,185,47,217,,157,,,144,282,308,254,312,287,194,328,287,291,179,289,82,51,299,52,60,229,227,312,302,274,112,246,37,150,149,182,205,172,182,331,284,123,141,273,151,137,294,263,,,185,235,,,145,239,84,265,142,319,328,326,316,251,300,309,108,82,84,316,321,190,241,227,334,93,182,309,,144,,,b'\x11\xe8\xe1I\xc6\xb8J\xe4\xaf\x82\x12\xdf\x17\xaeN\x1e'
11E8E149-C6B8-4AE4-AF82-12DF17AE4E1E,2014-ncaa-d0-natl,ncaa,288,298,180,294,206,152,170,166,178,92,89,188,309,295,309,304,51,81,74,76,128,141,130,241,189,208,284,321,28,178,172,240,299,225,248,262,313,228,205,282,200,230,287,314,,,78,24,,,319,117,40,119,110,141,104,60,48,311,289,25,45,40,72,60,158,233,202,267,263,198,289,,88,,,315,333,342,300,339,337,263,340,325,288,336,264,41,31,245,30,14,258,242,340,334,334,79,275,4,271,299,178,172,225,248,344,276,184,247,334,299,270,323,287,,,111,115,,,319,231,211,339,318,341,345,341,342,312,337,319,53,42,43,326,315,300,222,270,343,175,306,335,,54,,,b'\x11\xe8\xe1I\xc6\xb8J\xe4\xaf\x82\x12\xdf\x17\xaeN\x1e'
11E8E149-C6B8-4AE4-AF82-12DF17AE4E1E,2014-ncaa-d1-conf-MVC,ncaa,9,9,7,9,8,6,7,5,9,3,3,8,9,10,9,10,1,1,2,1,4,4,4,9,7,7,7,10,1,4,5,10,10,7,8,8,8,8,4,7,6,8,7,7,,,3,2,,,9,4,1,2,4,6,2,2,1,9,10,1,1,1,2,2,3,8,6,8,8,5,7,,4,,,9,9,9,9,10,9,8,10,8,7,8,7,1,1,7,1,2,7,7,10,9,8,3,7,1,9,10,6,5,8,8,10,10,6,6,9,9,6,10,8,,,2,4,,,9,7,7,9,9,10,10,10,9,8,9,7,1,1,1,9,10,9,6,9,10,5,9,10,,1,,,b'\x11\xe8\xe1I\xc6\xb8J\xe4\xaf\x82\x12\xdf\x17\xaeN\x1e'
11E8E149-C6B8-4AE4-AF82-12DF17AE4E1E,2014-ncaa-d1-natl,ncaa,293,298,211,299,251,172,194,190,181,108,103,195,315,304,311,304,58,92,75,86,129,162,155,250,194,210,285,319,29,190,180,263,304,247,255,279,312,209,205,286,213,232,296,317,,,61,25,,,322,145,43,111,119,147,105,64,52,309,291,27,45,41,74,65,158,239,209,274,263,199,291,,88,,,321,328,342,291,340,335,247,340,323,282,337,264,32,25,251,24,15,239,217,342,337,337,77,276,4,258,304,156,180,199,255,342,275,208,250,335,284,277,320,293,,,125,115,,,322,206,218,342,321,342,345,341,343,315,336,320,55,43,44,326,314,302,220,272,344,184,307,335,,56,,,b'\x11\xe8\xe1I\xc6\xb8J\xe4\xaf\x82\x12\xdf\x17\xaeN\x1e'
11E8E149-C6B8-4AE4-AF82-12DF17AE4E1E,2015-ncaa-d0-natl,ncaa,306,316,172,314,210,275,293,258,304,237,218,238,297,221,346,196,98,132,54,129,77,237,149,314,279,325,196,284,20,208,218,240,233,237,240,301,269,343,342,335,113,112,177,169,,,273,275,,,326,132,50,173,296,314,276,250,226,297,217,77,114,109,250,107,211,241,248,318,344,97,181,,300,,,322,270,250,140,309,251,117,335,187,209,114,221,278,288,149,289,310,179,216,309,312,272,167,127,244,166,233,161,218,171,240,333,344,105,103,262,335,324,280,305,,,159,185,,,326,219,329,262,318,295,283,164,290,124,207,231,294,299,299,230,283,187,192,197,341,81,333,300,,136,,,b'\x11\xe8\xe1I\xc6\xb8J\xe4\xaf\x82\x12\xdf\x17\xaeN\x1e'
11E8E149-C6B8-4AE4-AF82-12DF17AE4E1E,2015-ncaa-d1-conf-MVC,ncaa,8,8,6,8,8,9,9,10,8,7,7,6,9,9,10,8,4,7,2,6,5,9,7,9,8,9,8,8,1,6,6,6,7,7,5,9,7,10,10,10,8,7,5,5,,,8,9,,,9,6,4,6,9,9,9,7,7,9,8,2,5,4,9,4,5,5,4,9,10,6,4,,9,,,9,6,5,4,7,5,4,7,4,6,3,4,8,9,3,9,8,5,5,7,6,7,5,4,8,5,7,3,6,3,5,10,10,6,6,10,10,10,8,8,,,5,5,,,9,5,8,7,9,9,7,5,7,5,5,6,8,9,9,7,7,7,4,4,10,4,10,9,,4,,,b'\x11\xe8\xe1I\xc6\xb8J\xe4\xaf\x82\x12\xdf\x17\xaeN\x1e'
11E8E149-C6B8-4AE4-AF82-12DF17AE4E1E,2015-ncaa-d1-natl,ncaa,312,313,209,315,245,294,316,291,304,268,248,247,300,235,347,194,115,155,53,152,77,273,189,318,288,325,195,284,16,234,224,279,242,279,253,322,272,341,344,337,124,120,192,169,,,262,279,,,327,170,51,160,302,322,283,259,230,297,218,77,115,111,257,115,217,254,259,327,344,102,183,,301,,,326,249,235,106,314,238,91,338,173,198,120,222,270,276,151,276,313,144,173,314,319,287,164,126,242,149,242,130,224,135,253,329,344,126,109,268,329,328,273,308,,,184,180,,,327,183,332,273,324,297,290,170,295,125,208,231,295,302,301,235,282,192,197,201,341,90,333,301,,134,,,b'\x11\xe8\xe1I\xc6\xb8J\xe4\xaf\x82\x12\xdf\x17\xaeN\x1e'
11E8E149-C6B8-4AE4-AF82-12DF17AE4E1E,2016-ncaa-d0-natl,ncaa,280,293,175,289,221,308,315,260,324,286,242,308,264,212,312,181,235,201,304,204,143,259,239,323,322,328,176,203,96,251,288,231,216,257,299,311,262,257,285,321,128,101,131,112,,,205,245,,,284,220,199,269,333,333,276,300,242,265,200,247,205,206,276,239,248,242,269,327,268,115,130,,230,,,282,105,96,95,158,116,88,214,106,163,51,216,179,150,264,151,211,99,125,144,163,137,163,147,231,160,216,279,288,249,299,183,278,131,98,148,248,281,313,331,,,253,248,,,284,120,335,135,287,124,119,99,151,89,124,186,196,174,177,101,138,176,302,273,201,112,252,323,,273,,,b'\x11\xe8\xe1I\xc6\xb8J\xe4\xaf\x82\x12\xdf\x17\xaeN\x1e'
11E8E149-C6B8-4AE4-AF82-12DF17AE4E1E,2016-ncaa-d1-conf-MVC,ncaa,8,9,4,9,6,9,9,8,9,7,6,8,8,7,10,7,6,5,7,5,4,8,5,9,9,10,8,9,3,6,7,7,10,6,9,8,7,10,9,8,6,5,4,5,,,9,9,,,7,5,6,8,10,10,10,8,7,9,8,6,5,5,8,7,7,7,7,8,9,5,5,,9,,,7,3,4,4,5,5,7,5,3,5,1,3,8,7,4,7,7,4,6,4,4,3,5,2,7,9,10,8,7,8,9,6,8,2,4,5,8,9,8,8,,,6,5,,,7,6,10,5,7,3,3,5,6,6,2,4,7,7,7,6,7,9,6,9,6,4,9,8,,6,,,b'\x11\xe8\xe1I\xc6\xb8J\xe4\xaf\x82\x12\xdf\x17\xaeN\x1e'
11E8E149-C6B8-4AE4-AF82-12DF17AE4E1E,2016-ncaa-d1-natl,ncaa,280,292,142,292,203,303,306,248,321,276,223,311,263,204,306,185,236,200,295,200,147,238,208,319,322,328,179,203,96,237,276,224,203,231,284,315,268,269,286,326,116,92,123,99,,,219,250,,,279,202,193,274,325,327,270,296,231,264,201,243,203,202,265,231,230,240,254,326,270,98,118,,235,,,278,110,97,109,156,116,94,206,117,176,58,219,176,152,265,153,200,115,142,148,162,127,172,150,225,156,203,282,276,258,284,190,273,114,94,144,266,281,313,325,,,250,254,,,279,142,334,137,280,123,117,100,143,90,131,185,189,169,168,106,147,165,295,265,194,101,260,312,,275,,,b'\x11\xe8\xe1I\xc6\xb8J\xe4\xaf\x82\x12\xdf\x17\xaeN\x1e'
11E8E149-C6B8-4AE4-AF82-12DF17AE4E1E,2017-ncaa-d0-natl,ncaa,237,247,168,250,194,246,254,218,279,210,170,269,270,237,312,233,139,104,298,103,71,202,196,294,295,282,219,255,55,136,136,130,90,128,113,159,38,183,211,175,284,285,173,193,,,97,125,,,279,213,225,128,270,268,230,211,160,274,237,127,70,67,201,182,113,92,84,140,219,287,162,,109,,,277,193,210,197,213,240,224,226,119,133,134,135,161,140,284,135,109,177,129,186,199,271,78,99,152,97,90,183,136,146,113,155,116,301,305,278,287,295,304,303,,,141,92,,,279,136,271,258,275,223,240,230,269,255,131,146,175,144,139,210,116,120,191,172,165,315,290,311,,104,,,b'\x11\xe8\xe1I\xc6\xb8J\xe4\xaf\x82\x12\xdf\x17\xaeN\x1e'
11E8E149-C6B8-4AE4-AF82-12DF17AE4E1E,2017-ncaa-d1-conf-MVC,ncaa,7,7,3,7,3,6,6,5,6,4,3,6,8,8,7,9,3,1,9,1,2,4,4,7,7,7,9,9,2,3,4,2,3,2,3,3,2,7,7,5,9,10,5,7,,,5,5,,,8,4,5,4,6,6,6,4,2,8,8,3,1,1,5,4,3,2,2,4,7,10,4,,6,,,8,8,7,8,6,8,10,6,4,4,8,2,7,7,5,7,6,8,5,6,7,8,4,3,6,5,3,4,4,5,3,5,3,9,10,8,8,6,9,7,,,2,2,,,8,7,7,7,8,8,7,6,8,9,4,4,7,7,7,9,4,4,3,5,5,10,7,9,,2,,,b'\x11\xe8\xe1I\xc6\xb8J\xe4\xaf\x82\x12\xdf\x17\xaeN\x1e'
11E8E149-C6B8-4AE4-AF82-12DF17AE4E1E,2017-ncaa-d1-natl,ncaa,236,247,144,247,168,231,254,215,264,200,164,260,266,240,301,238,120,79,285,78,60,186,183,283,279,265,212,259,46,137,133,129,102,122,119,153,47,207,214,170,261,263,152,165,,,113,133,,,268,203,212,135,252,260,226,201,157,270,238,106,57,53,195,172,117,99,89,146,223,268,141,,128,,,264,197,213,200,211,240,235,205,130,136,162,126,179,154,288,151,118,194,137,182,192,268,93,107,167,125,102,183,133,157,119,162,125,290,287,267,290,295,301,298,,,121,82,,,268,144,254,254,267,224,239,230,263,260,140,138,189,154,153,213,133,143,184,172,165,291,286,306,,89,,,b'\x11\xe8\xe1I\xc6\xb8J\xe4\xaf\x82\x12\xdf\x17\xaeN\x1e'
11E8E149-C6B8-4AE4-AF82-12DF17AE4E1E,2018-ncaa-d0-natl,ncaa,222,224,164,228,224,181,166,185,143,147,155,167,180,204,124,199,200,181,267,182,198,189,219,148,161,135,212,175,202,223,235,97,30,134,119,120,76,74,100,87,210,199,95,81,,,198,245,,,143,212,167,278,164,152,167,134,137,180,197,194,161,165,159,214,216,50,98,101,87,209,82,,224,,,142,111,96,142,74,104,149,79,123,140,115,161,234,189,331,184,192,141,111,73,109,153,226,163,269,51,30,208,235,142,119,64,85,245,223,159,90,118,85,76,,,209,156,,,143,146,147,127,137,130,106,145,108,167,140,155,238,206,201,158,111,62,233,167,86,239,103,88,,179,,,b'\x11\xe8\xe1I\xc6\xb8J\xe4\xaf\x82\x12\xdf\x17\xaeN\x1e'
11E8E149-C6B8-4AE4-AF82-12DF17AE4E1E,2018-ncaa-d1-conf-MVC,ncaa,7,7,3,7,6,4,3,5,3,3,2,3,4,8,2,8,6,7,8,7,9,6,6,2,3,3,9,8,8,7,7,4,4,5,5,3,4,3,2,3,5,5,3,5,,,8,9,,,4,5,6,5,3,3,4,3,2,5,8,6,6,6,5,6,7,4,5,3,2,5,4,,9,,,4,8,6,6,6,7,6,5,5,5,5,3,7,6,8,6,7,7,4,6,6,7,5,4,6,4,4,5,7,5,5,6,5,6,7,6,2,2,4,3,,,5,5,,,4,6,3,7,4,7,6,5,7,8,5,5,7,7,7,7,4,4,5,5,6,6,2,4,,5,,,b'\x11\xe8\xe1I\xc6\xb8J\xe4\xaf\x82\x12\xdf\x17\xaeN\x1e'
11E8E149-C6B8-4AE4-AF82-12DF17AE4E1E,2018-ncaa-d1-natl,ncaa,218,223,144,222,201,164,156,176,136,138,150,161,194,208,141,210,194,170,262,172,188,178,209,145,164,131,223,198,190,221,225,80,32,111,113,113,85,73,87,83,214,205,83,78,,,221,263,,,135,200,167,279,155,147,157,127,132,189,203,180,156,159,153,216,211,42,85,102,86,215,78,,233,,,133,112,90,152,64,100,168,68,109,148,79,157,249,195,334,193,192,155,120,62,88,144,218,143,278,67,32,211,225,147,113,57,78,241,231,148,101,120,84,75,,,190,144,,,135,155,141,115,128,126,98,158,108,185,123,149,246,206,203,167,117,78,229,171,70,245,107,97,,170,,,b'\x11\xe8\xe1I\xc6\xb8J\xe4\xaf\x82\x12\xdf\x17\xaeN\x1e'
11E8E149-C6B8-4AE4-AF82-12DF17AE4E1E,2019-ncaa-d0-natl,ncaa,105,57,249,85,258,131,178,147,234,168,136,245,178,180,189,216,32,41,78,44,51,117,155,231,179,130,110,222,15,157,198,122,82,132,159,177,174,48,61,116,191,189,79,73,,,207,233,,,117,158,42,93,77,130,48,127,77,154,148,8,9,11,28,42,108,48,47,136,106,162,56,,268,,,114,147,125,147,124,155,186,128,85,101,109,104,274,250,301,244,238,167,175,106,155,150,170,82,294,87,82,251,198,198,159,83,93,154,151,93,181,162,45,41,,,46,23,,,117,194,125,125,112,231,193,245,221,275,111,149,299,282,281,272,290,143,313,279,129,104,219,70,,8,,,b'\x11\xe8\xe1I\xc6\xb8J\xe4\xaf\x82\x12\xdf\x17\xaeN\x1e'
11E8E149-C6B8-4AE4-AF82-12DF17AE4E1E,2019-ncaa-d1-conf-MVC,ncaa,5,5,7,5,7,5,7,3,9,7,3,8,7,6,7,7,2,3,5,3,3,3,3,9,7,6,4,7,1,5,7,4,6,4,6,7,6,3,2,4,5,7,1,1,,,5,6,,,6,4,2,1,3,5,2,6,3,7,6,1,1,1,2,3,4,4,4,6,4,5,1,,7,,,6,6,5,4,7,5,5,6,4,5,4,5,6,8,3,8,6,5,7,6,6,4,7,5,7,6,6,7,7,8,6,4,4,5,5,6,7,5,2,3,,,3,2,,,6,7,6,5,5,8,7,7,6,7,4,5,7,8,8,9,9,9,9,9,6,5,7,3,,1,,,b'\x11\xe8\xe1I\xc6\xb8J\xe4\xaf\x82\x12\xdf\x17\xaeN\x1e'
11E8E149-C6B8-4AE4-AF82-12DF17AE4E1E,2019-ncaa-d1-natl,ncaa,106,57,233,79,255,134,183,150,225,173,139,246,170,181,170,218,28,39,81,41,48,122,164,225,172,124,101,216,16,176,211,113,78,130,164,183,172,58,68,119,191,198,75,83,,,199,215,,,121,167,49,92,79,130,61,137,90,153,150,9,9,11,35,55,123,50,53,136,110,163,60,,264,,,118,141,112,152,118,159,188,118,68,97,86,100,275,245,303,241,235,170,171,98,137,137,156,71,295,81,78,258,211,194,164,77,94,153,151,88,183,168,44,40,,,41,20,,,121,190,128,115,116,217,185,243,227,278,95,142,292,275,276,271,287,140,312,278,124,101,217,63,,6,,,b'\x11\xe8\xe1I\xc6\xb8J\xe4\xaf\x82\x12\xdf\x17\xaeN\x1e'
11E8E149-C6B8-4AE4-AF82-12DF17AE4E1E,2020-ncaa-d0-natl,ncaa,52,30,260,40,310,150,197,297,68,232,304,65,107,148,57,114,61,77,107,88,19,267,291,54,42,45,55,113,52,303,262,92,76,190,112,184,172,81,148,131,278,264,45,32,,,64,89,,,81,281,153,345,77,147,266,206,285,81,114,33,45,51,215,251,273,20,108,145,131,259,31,,102,,,71,69,56,151,43,56,129,54,134,203,49,244,153,102,335,100,147,128,71,47,60,113,244,207,243,107,76,80,262,78,112,73,142,305,286,215,150,223,40,109,,,68,11,,,81,77,62,111,70,118,110,256,97,184,183,263,204,148,142,239,170,168,141,152,98,275,201,58,,26,,,b'\x11\xe8\xe1I\xc6\xb8J\xe4\xaf\x82\x12\xdf\x17\xaeN\x1e'
11E8E149-C6B8-4AE4-AF82-12DF17AE4E1E,2020-ncaa-d1-conf-MVC,ncaa,3,3,1,3,10,4,4,8,2,5,6,2,4,6,5,5,5,5,6,5,4,8,10,3,3,3,5,5,5,8,8,4,7,6,6,5,6,3,3,4,7,7,1,1,,,3,4,,,3,9,7,10,4,4,8,5,6,4,6,5,5,5,8,10,8,4,6,5,3,7,1,,3,,,3,2,2,6,1,2,8,1,4,6,3,6,7,6,10,5,4,6,5,1,1,1,7,7,8,7,7,3,8,6,6,3,5,6,6,5,3,4,3,4,,,4,3,,,3,2,3,2,3,2,2,6,2,8,4,6,7,6,5,6,5,7,3,6,3,6,3,3,,4,,,b'\x11\xe8\xe1I\xc6\xb8J\xe4\xaf\x82\x12\xdf\x17\xaeN\x1e'
11E8E149-C6B8-4AE4-AF82-12DF17AE4E1E,2020-ncaa-d1-natl,ncaa,47,30,257,37,325,121,176,289,60,219,298,50,93,132,49,105,71,88,101,94,28,269,292,42,35,42,56,104,80,284,247,55,56,160,93,140,150,99,165,124,273,264,39,32,,,67,88,,,59,266,143,345,68,119,252,198,285,71,106,42,68,70,214,233,271,18,84,115,146,263,31,,104,,,57,69,63,173,32,60,144,48,134,225,39,248,153,110,330,102,134,152,83,37,42,90,237,203,236,113,56,79,247,75,93,70,133,299,287,200,182,235,38,103,,,73,18,,,59,89,59,87,54,116,105,259,95,189,167,268,191,147,139,243,175,152,120,132,93,272,218,51,,37,,,b'\x11\xe8\xe1I\xc6\xb8J\xe4\xaf\x82\x12\xdf\x17\xaeN\x1e'
11E8E149-C6B8-4AE4-AF82-12DF17AE4E1E,2021-ncaa-d0-natl,ncaa,60,202,14,127,23,30,34,27,98,54,49,125,24,28,52,96,41,57,60,56,149,31,29,78,76,52,79,78,201,72,236,17,84,23,121,49,180,203,40,65,128,252,10,14,,,326,238,,,88,28,204,224,95,106,139,177,208,57,86,136,195,196,149,237,231,55,113,129,32,261,26,,202,,,102,323,290,318,82,251,296,67,329,327,254,250,337,330,245,330,262,322,319,121,142,209,318,282,260,297,84,323,236,325,121,258,98,118,280,209,204,66,251,144,,,33,134,,,88,316,58,208,101,172,121,181,60,107,278,261,246,232,230,201,117,138,190,158,96,287,54,128,,172,,,b'\x11\xe8\xe1I\xc6\xb8J\xe4\xaf\x82\x12\xdf\x17\xaeN\x1e'
11E8E149-C6B8-4AE4-AF82-12DF17AE4E1E,2021-ncaa-d1-conf-MVC,ncaa,3,4,1,3,1,2,2,1,4,2,1,5,3,3,2,3,1,2,3,2,6,1,1,4,4,2,3,3,7,2,5,2,5,2,3,2,6,5,2,3,5,9,1,1,,,10,5,,,4,1,5,9,3,3,3,3,3,4,3,5,8,8,3,5,4,2,3,5,2,9,1,,7,,,4,10,10,9,2,8,9,2,8,8,8,5,10,10,5,10,5,9,10,4,4,7,8,7,9,8,5,10,5,9,3,5,2,2,7,4,5,3,9,4,,,1,7,,,4,10,3,7,4,6,4,6,3,7,6,6,7,8,8,6,5,5,7,7,2,8,3,4,,7,,,b'\x11\xe8\xe1I\xc6\xb8J\xe4\xaf\x82\x12\xdf\x17\xaeN\x1e'
11E8E149-C6B8-4AE4-AF82-12DF17AE4E1E,2021-ncaa-d1-natl,ncaa,46,201,10,121,14,26,27,21,87,39,38,96,21,30,51,100,35,47,62,47,155,22,28,71,68,40,87,84,203,64,222,12,79,14,108,35,172,208,36,56,122,253,11,13,,,330,243,,,69,26,204,225,81,86,130,147,198,57,88,131,191,192,138,237,222,52,96,117,28,266,26,,212,,,88,328,301,322,76,271,304,62,330,330,230,247,338,330,246,331,258,328,321,111,131,205,316,275,261,302,79,328,222,323,108,272,101,108,284,218,216,65,245,128,,,25,141,,,69,319,43,201,82,174,118,184,59,115,270,260,251,239,235,208,117,139,170,145,95,292,52,114,,178,,,b'\x11\xe8\xe1I\xc6\xb8J\xe4\xaf\x82\x12\xdf\x17\xaeN\x1e'
11E8E149-C6B8-4AE4-AF82-12DF17AE4E1E,2021-ncaa-d1-ncaatournament,ncaa,33,2,33,33,34,41,48,58,29,45,52,27,44,54,40,36,33,35,33,34,4,52,54,31,27,26,31,39,7,45,22,44,60,43,45,55,50,14,40,48,55,59,20,6,,,25,51,,,43,56,39,7,32,43,54,37,47,35,39,5,5,4,45,42,30,34,33,52,33,52,2,,55,,,47,22,15,29,23,15,25,19,19,22,33,22,34,33,41,32,52,29,26,19,29,38,48,29,57,39,60,3,22,21,45,10,23,56,60,49,7,19,7,27,,,45,31,,,43,12,30,55,46,53,41,58,39,55,37,43,59,60,60,60,57,64,9,53,30,55,17,14,,33,,,b'\x11\xe8\xe1I\xc6\xb8J\xe4\xaf\x82\x12\xdf\x17\xaeN\x1e'
11E8E149-C6B8-4AE4-AF82-12DF17AE4E1E,2022-ncaa-d0-natl,ncaa,336,328,295,339,304,314,330,312,333,352,341,343,110,130,96,36,292,289,255,291,87,311,327,264,274,249,10,16,180,316,313,271,308,304,326,292,119,29,158,197,354,349,157,104,,,84,230,,,319,324,290,157,300,333,276,353,332,56,59,254,234,238,280,309,286,178,259,260,108,346,111,,223,,,319,132,117,110,198,88,72,220,238,228,234,287,159,148,248,145,243,106,51,228,240,323,280,280,192,242,308,161,313,189,326,178,251,348,348,344,56,183,78,250,,,323,233,,,319,32,265,348,330,291,267,279,201,167,317,318,247,243,242,280,179,327,307,325,288,340,136,130,,288,,,b'\x11\xe8\xe1I\xc6\xb8J\xe4\xaf\x82\x12\xdf\x17\xaeN\x1e'
11E8E149-C6B8-4AE4-AF82-12DF17AE4E1E,2022-ncaa-d1-conf-MVC,ncaa,10,10,7,10,8,9,10,9,10,10,9,10,4,4,4,3,8,7,8,8,5,8,8,8,8,9,2,2,5,9,9,6,9,8,9,9,7,4,7,9,10,9,5,5,,,7,8,,,9,7,7,2,9,10,8,10,9,3,4,8,7,8,7,6,8,5,7,9,6,9,5,,7,,,9,7,6,6,7,4,5,6,9,8,7,10,6,6,7,6,6,6,5,8,7,8,9,9,5,9,9,8,9,9,9,9,10,10,10,10,5,7,2,6,,,8,8,,,9,3,9,9,9,9,9,8,7,6,9,10,7,6,6,8,8,10,9,9,9,10,7,2,,7,,,b'\x11\xe8\xe1I\xc6\xb8J\xe4\xaf\x82\x12\xdf\x17\xaeN\x1e'
11E8E149-C6B8-4AE4-AF82-12DF17AE4E1E,2022-ncaa-d1-natl,ncaa,336,336,270,340,282,296,319,293,325,348,330,334,99,111,109,49,270,259,247,267,84,292,313,264,271,241,15,22,170,304,314,246,317,293,329,279,139,42,144,186,353,352,126,92,,,137,231,,,323,308,282,159,289,325,264,351,323,68,65,239,216,221,264,300,288,183,261,258,100,351,101,,228,,,320,195,171,156,197,128,105,211,270,258,240,281,218,206,282,203,245,155,75,224,245,328,280,272,217,294,317,226,314,264,329,215,228,348,348,342,67,161,74,201,,,289,193,,,323,47,258,347,327,305,267,285,198,181,316,317,275,263,259,291,187,332,311,330,280,342,121,101,,248,,,b'\x11\xe8\xe1I\xc6\xb8J\xe4\xaf\x82\x12\xdf\x17\xaeN\x1e'
11E8E149-C6B8-4AE4-AF82-12DF17AE4E1E,2023-ncaa-d0-natl,ncaa,352,359,116,354,146,258,229,199,260,232,153,298,200,241,122,213,318,321,213,318,346,224,232,251,272,262,221,156,304,305,336,228,289,276,337,204,152,161,217,203,307,327,345,355,,,130,115,,,354,197,274,240,316,279,280,272,182,214,262,337,341,339,306,315,325,291,330,238,152,327,353,,104,,,354,337,347,271,357,340,262,338,330,235,360,183,136,178,53,184,129,258,189,359,353,360,137,264,28,282,289,299,336,310,337,361,359,333,349,361,271,299,289,284,,,331,344,,,354,170,296,360,355,347,356,281,345,264,331,218,122,164,168,270,130,267,288,298,361,349,255,288,,356,,,b'\x11\xe8\xe1I\xc6\xb8J\xe4\xaf\x82\x12\xdf\x17\xaeN\x1e'
11E8E149-C6B8-4AE4-AF82-12DF17AE4E1E,2023-ncaa-d1-conf-MVC,ncaa,12,12,9,12,10,12,9,9,10,9,3,11,10,11,9,10,12,12,7,12,12,11,11,10,11,12,10,8,10,11,11,10,12,11,12,12,11,6,8,10,11,11,12,12,,,3,5,,,12,11,10,5,11,9,9,9,3,10,11,12,12,12,11,10,11,9,11,12,8,11,12,,5,,,12,11,12,9,11,11,6,11,10,6,11,6,4,6,2,6,4,9,3,11,11,12,4,7,2,11,12,11,11,12,12,12,12,12,12,12,10,11,10,8,,,12,10,,,12,2,12,12,12,12,12,11,11,10,11,7,5,7,7,12,8,12,12,12,12,12,11,10,,12,,,b'\x11\xe8\xe1I\xc6\xb8J\xe4\xaf\x82\x12\xdf\x17\xaeN\x1e'
11E8E149-C6B8-4AE4-AF82-12DF17AE4E1E,2023-ncaa-d1-natl,ncaa,352,359,103,353,131,272,246,194,273,251,165,317,203,238,124,211,313,319,190,317,344,234,238,265,285,268,192,146,292,310,338,222,295,285,342,215,145,163,218,207,301,320,348,355,,,124,109,,,355,200,278,245,321,296,283,284,183,209,254,332,339,336,309,316,327,283,331,246,149,317,352,,107,,,352,340,350,283,355,346,265,342,331,249,359,195,129,176,45,180,118,270,199,359,350,360,135,263,27,283,295,318,338,321,342,361,360,340,345,361,283,314,295,290,,,325,334,,,355,168,303,360,354,343,356,281,343,256,332,226,111,149,155,266,129,273,296,300,361,349,268,289,,351,,,b'\x11\xe8\xe1I\xc6\xb8J\xe4\xaf\x82\x12\xdf\x17\xaeN\x1e'
11E8E149-C6B8-4AE4-AF82-12DF17AE4E1E,2024-ncaa-d0-natl,ncaa,334,348,143,339,170,227,218,218,218,240,226,233,170,183,154,155,260,268,170,264,235,228,223,201,211,225,155,124,237,346,356,219,263,303,344,194,138,229,255,230,328,345,324,347,,,125,83,,,348,158,154,208,267,258,283,274,248,174,192,283,284,281,288,287,350,258,345,205,213,337,338,,113,,,346,338,346,274,350,350,295,346,214,180,264,120,241,233,286,235,149,272,213,345,342,356,56,88,115,231,263,306,356,292,344,349,299,324,346,354,307,324,165,208,,,290,297,,,348,210,286,355,345,347,351,303,351,322,213,178,235,220,224,304,231,231,306,296,349,340,301,150,,315,,,b'\x11\xe8\xe1I\xc6\xb8J\xe4\xaf\x82\x12\xdf\x17\xaeN\x1e'
11E8E149-C6B8-4AE4-AF82-12DF17AE4E1E,2024-ncaa-d1-conf-MVC,ncaa,11,11,9,11,11,12,10,11,9,11,10,9,7,8,9,7,12,12,6,12,10,11,12,9,9,9,6,6,9,12,12,10,11,11,12,11,10,6,9,9,11,11,12,12,,,2,2,,,12,12,10,8,12,10,11,11,8,7,8,12,12,12,11,12,12,10,11,11,7,11,12,,2,,,12,12,12,7,12,12,10,11,8,5,10,6,7,6,12,6,5,6,2,12,11,12,2,6,5,11,11,11,12,11,12,12,11,12,12,12,11,11,5,8,,,12,12,,,12,2,11,12,12,12,12,9,12,11,9,7,7,7,7,10,7,11,11,11,12,12,11,5,,12,,,b'\x11\xe8\xe1I\xc6\xb8J\xe4\xaf\x82\x12\xdf\x17\xaeN\x1e'
11E8E149-C6B8-4AE4-AF82-12DF17AE4E1E,2024-ncaa-d1-natl,ncaa,334,350,130,344,153,238,229,238,211,242,225,217,182,204,156,170,265,268,162,264,236,244,240,201,205,223,167,141,228,350,358,231,293,318,351,208,151,233,258,236,340,347,333,349,,,137,95,,,352,160,151,206,276,272,290,272,247,188,207,285,281,279,297,292,354,261,351,221,214,344,338,,128,,,351,348,353,295,354,355,309,347,227,189,279,112,242,231,275,232,138,295,238,350,345,359,49,87,109,275,293,318,358,317,351,353,302,339,351,359,314,330,180,220,,,297,291,,,352,213,292,358,351,352,355,316,355,336,222,179,235,221,225,319,244,270,311,311,353,345,308,173,,314,,,b'\x11\xe8\xe1I\xc6\xb8J\xe4\xaf\x82\x12\xdf\x17\xaeN\x1e'
11E8E149-C6B8-4AE4-AF82-12DF17AE4E1E,2025-ncaa-d0-natl,genius_ncaa,203,249,90,228,116,220,216,202,228,284,299,183,115,83,218,43,276,289,159,297,221,223,215,192,199,219,78,55,268,339,352,81,16,203,223,164,65,217,244,179,271,273,181,217,,,115,131,,44,208,159,272,269,295,295,312,324,334,128,89,319,327,330,327,334,352,87,279,188,166,299,208,,78,,34,205,150,170,196,153,214,248,133,100,104,145,86,149,154,118,160,130,196,169,126,121,165,93,102,169,35,16,293,352,206,223,214,246,249,249,259,283,299,122,236,,,326,339,,295,208,204,280,124,209,83,110,112,157,194,78,61,123,127,132,96,43,21,267,143,170,294,244,103,,355,,303,b'\x11\xe8\xe1I\xc6\xb8J\xe4\xaf\x82\x12\xdf\x17\xaeN\x1e'
11E8E149-C6B8-4AE4-AF82-12DF17AE4E1E,2025-ncaa-d1-conf-MVC,genius_ncaa,9,9,3,9,6,10,10,10,10,10,11,9,6,5,11,4,12,12,9,12,10,11,11,9,9,10,5,3,11,11,11,6,3,10,7,8,2,8,10,8,9,9,9,7,,,3,7,,2,8,11,11,5,12,11,11,11,11,6,5,12,12,12,12,12,11,7,10,8,8,10,8,,3,,2,8,2,1,2,3,1,4,1,4,2,10,3,6,7,5,6,9,2,2,3,3,4,7,7,11,1,3,7,11,4,7,5,9,7,6,8,10,12,5,7,,,12,12,,7,8,2,10,3,8,2,1,2,1,4,5,2,6,7,6,2,2,2,7,5,5,7,10,5,,12,,7,b'\x11\xe8\xe1I\xc6\xb8J\xe4\xaf\x82\x12\xdf\x17\xaeN\x1e'
11E8E149-C6B8-4AE4-AF82-12DF17AE4E1E,2025-ncaa-d1-natl,genius_ncaa,193,249,72,234,101,224,227,204,228,275,290,178,124,83,236,48,275,284,164,297,211,231,227,197,202,218,85,70,257,337,350,70,17,197,228,164,76,215,246,183,273,278,173,203,,,131,132,,35,215,152,274,269,308,300,318,321,334,149,99,315,319,328,328,332,352,81,278,195,162,295,199,,81,,30,215,149,168,204,139,217,259,134,89,97,117,89,150,167,115,171,136,197,181,109,112,149,87,89,177,41,17,303,350,216,228,209,239,241,238,238,280,298,106,216,,,314,327,,276,215,211,285,110,212,78,101,108,154,194,65,61,122,129,135,90,44,23,270,150,160,284,242,86,,350,,299,b'\x11\xe8\xe1I\xc6\xb8J\xe4\xaf\x82\x12\xdf\x17\xaeN\x1e'
11E8E149-C6B8-4AE4-AF82-12DF17AE4E1E,2026-ncaa-d0-natl,genius_ncaa,123,152,116,159,142,119,123,129,150,152,172,156,67,77,89,85,110,144,35,150,154,139,149,119,111,101,67,72,173,196,261,146,146,171,217,106,111,144,104,95,140,151,183,261,,,239,253,,180,140,135,107,97,100,121,104,183,205,57,67,106,175,184,115,157,234,174,208,93,106,149,212,,239,,154,143,246,303,239,299,344,302,299,52,100,69,33,134,134,187,137,42,223,198,237,220,240,1,12,71,159,146,260,261,233,217,243,88,196,234,238,171,136,20,31,,,223,307,,324,140,215,119,217,163,230,296,252,341,339,32,51,99,97,98,224,178,129,257,210,213,239,138,20,,283,,331,b'\x11\xe8\xe1I\xc6\xb8J\xe4\xaf\x82\x12\xdf\x17\xaeN\x1e'
11E8E149-C6B8-4AE4-AF82-12DF17AE4E1E,2026-ncaa-d1-natl,genius_ncaa,110,152,85,156,117,87,108,103,139,151,181,149,43,47,81,72,102,138,51,141,124,109,125,109,93,86,50,61,180,208,278,138,141,173,222,83,107,145,90,83,116,137,174,261,,,269,248,,178,123,105,121,100,87,120,120,203,244,48,50,115,173,179,130,189,265,191,238,95,91,140,199,,229,,151,123,253,308,250,285,344,323,303,33,86,33,34,137,122,222,130,44,238,236,225,210,221,1,10,81,164,141,289,278,257,222,237,81,150,206,205,163,115,13,22,,,217,297,,321,123,251,107,195,135,208,287,224,338,335,13,43,96,85,88,189,166,117,251,200,179,198,119,9,,286,,333,b'\x11\xe8\xe1I\xc6\xb8J\xe4\xaf\x82\x12\xdf\x17\xaeN\x1e'
11E8E149-C6C7-4B7A-AF82-12DF17AE4E1E,2010-ncaa-d0-natl,ncaa,290,269,288,291,295,320,319,260,342,307,232,332,300,209,343,168,275,297,140,295,274,272,278,341,341,333,194,233,86,186,210,302,311,264,302,337,303,126,222,321,129,81,249,206,,,163,259,,,311,292,172,97,321,323,140,291,159,288,158,239,256,249,163,150,115,255,192,334,220,68,228,,275,,,312,60,40,53,140,28,29,138,193,192,225,270,165,162,185,162,282,67,79,179,199,145,303,274,255,206,311,208,210,203,302,76,215,157,76,81,79,159,291,315,,,334,328,,,311,63,331,176,312,190,128,146,86,77,270,271,248,246,246,180,245,297,311,320,170,72,165,324,,315,,,b'\x11\xe8\xe1I\xc6\xc7Kz\xaf\x82\x12\xdf\x17\xaeN\x1e'
11E8E149-C6C7-4B7A-AF82-12DF17AE4E1E,2010-ncaa-d1-conf-Ivy League,ncaa,6,6,1,6,5,7,6,3,8,5,2,7,8,6,8,6,3,3,4,3,4,3,2,8,8,7,7,8,3,4,5,6,6,5,7,8,7,4,2,8,2,2,7,6,,,8,8,,,6,3,3,5,7,6,3,5,2,8,6,3,3,3,3,2,4,6,5,8,4,2,7,,8,,,6,4,3,2,4,4,2,4,6,6,6,6,6,5,5,5,7,5,8,5,5,2,7,6,7,7,6,8,5,8,7,4,4,2,2,3,3,3,7,6,,,7,8,,,6,6,7,3,6,4,3,2,4,2,6,6,6,5,5,5,8,7,8,8,4,2,3,7,,7,,,b'\x11\xe8\xe1I\xc6\xc7Kz\xaf\x82\x12\xdf\x17\xaeN\x1e'
11E8E149-C6C7-4B7A-AF82-12DF17AE4E1E,2010-ncaa-d1-natl,ncaa,298,269,323,298,328,334,331,283,342,319,252,333,304,225,343,166,283,310,138,308,276,295,304,341,341,333,193,231,80,198,214,318,317,284,304,342,305,110,224,323,138,82,252,212,,,142,258,,,316,318,175,95,323,324,144,295,162,288,158,241,254,250,166,153,119,261,201,335,222,73,228,,277,,,318,51,28,32,144,23,20,141,190,187,227,270,158,151,188,152,282,38,52,187,202,150,302,271,255,186,317,193,214,193,304,67,213,174,79,92,71,161,288,318,,,339,329,,,316,35,332,188,318,196,136,146,92,79,270,271,252,251,249,183,244,298,314,322,180,74,167,324,,315,,,b'\x11\xe8\xe1I\xc6\xc7Kz\xaf\x82\x12\xdf\x17\xaeN\x1e'
11E8E149-C6C7-4B7A-AF82-12DF17AE4E1E,2011-ncaa-d0-natl,ncaa,248,226,288,250,298,312,309,298,306,329,323,288,147,109,252,32,333,335,213,335,291,314,316,276,291,275,66,30,303,272,265,225,236,259,257,270,117,84,234,228,227,176,328,321,,,49,124,,,265,322,284,99,305,296,235,321,302,102,48,332,335,334,278,287,227,95,155,244,181,183,327,,115,,,268,37,57,90,85,50,32,170,166,250,42,316,27,31,87,26,83,58,41,111,81,125,187,271,62,193,236,129,265,150,257,117,247,288,236,242,55,164,270,334,,,335,319,,,265,34,284,166,257,126,152,241,122,106,250,314,57,70,60,191,150,283,263,291,207,240,119,308,,334,,,b'\x11\xe8\xe1I\xc6\xc7Kz\xaf\x82\x12\xdf\x17\xaeN\x1e'
11E8E149-C6C7-4B7A-AF82-12DF17AE4E1E,2011-ncaa-d1-conf-Ivy League,ncaa,4,4,1,4,8,7,4,7,4,8,8,4,4,1,6,1,8,7,8,7,5,7,6,4,4,5,2,1,7,8,7,1,3,2,4,4,3,8,8,6,6,6,8,8,,,8,7,,,6,5,4,8,7,4,7,8,8,4,1,8,7,7,7,6,8,1,2,4,8,6,8,,8,,,6,6,6,7,2,4,4,2,8,7,4,7,4,5,1,4,5,7,4,3,3,6,7,8,2,5,3,6,7,6,4,7,6,6,6,6,4,6,8,8,,,7,7,,,6,6,7,5,6,6,6,7,4,4,8,7,4,5,4,7,4,5,6,6,7,6,4,8,,7,,,b'\x11\xe8\xe1I\xc6\xc7Kz\xaf\x82\x12\xdf\x17\xaeN\x1e'
11E8E149-C6C7-4B7A-AF82-12DF17AE4E1E,2011-ncaa-d1-natl,ncaa,258,223,321,254,329,325,322,316,307,335,329,293,155,123,250,31,338,338,209,338,293,327,332,277,295,280,62,28,302,283,266,246,239,277,262,283,125,66,236,231,244,183,336,324,,,34,124,,,267,333,284,97,308,300,238,321,305,107,50,333,336,335,280,288,230,99,166,251,182,189,332,,115,,,272,24,43,71,87,36,23,175,158,240,44,315,23,28,89,23,85,39,23,115,87,131,187,269,61,176,239,100,266,124,262,104,245,301,239,249,42,165,269,337,,,341,318,,,267,17,287,176,264,130,158,242,128,110,250,314,58,70,62,196,149,287,267,295,208,243,121,310,,334,,,b'\x11\xe8\xe1I\xc6\xc7Kz\xaf\x82\x12\xdf\x17\xaeN\x1e'
11E8E149-C6C7-4B7A-AF82-12DF17AE4E1E,2012-ncaa-d0-natl,ncaa,161,87,318,137,323,281,293,320,191,322,326,187,122,140,96,55,256,286,69,291,102,322,333,146,123,115,37,50,144,314,274,287,137,314,223,263,146,15,122,135,216,117,342,335,,,32,180,,,141,332,273,38,187,221,232,289,297,70,71,170,212,217,249,283,267,171,234,198,73,139,339,,134,,,141,16,14,13,94,5,4,188,171,242,69,331,53,44,216,35,240,9,11,141,154,132,308,304,185,40,137,57,274,29,223,34,204,258,119,133,24,137,35,190,,,326,211,,,141,12,138,144,134,102,88,101,33,12,259,316,137,129,111,95,97,147,207,183,126,157,90,93,,278,,,b'\x11\xe8\xe1I\xc6\xc7Kz\xaf\x82\x12\xdf\x17\xaeN\x1e'
11E8E149-C6C7-4B7A-AF82-12DF17AE4E1E,2012-ncaa-d1-conf-Ivy League,ncaa,4,4,1,4,1,4,5,6,6,8,8,7,2,3,3,2,2,3,2,3,1,5,6,5,3,4,1,1,1,6,5,4,4,4,5,6,3,3,5,5,5,4,8,7,,,8,8,,,4,5,6,1,4,5,6,8,8,2,3,2,3,3,5,6,6,4,4,6,3,5,8,,8,,,4,3,2,4,2,3,2,5,4,7,2,8,6,5,4,5,8,4,5,2,2,2,7,5,7,5,4,4,5,5,5,3,3,4,5,3,3,4,4,5,,,3,3,,,4,4,4,3,4,3,2,4,3,2,4,7,6,5,5,4,5,5,4,5,3,4,3,4,,3,,,b'\x11\xe8\xe1I\xc6\xc7Kz\xaf\x82\x12\xdf\x17\xaeN\x1e'
11E8E149-C6C7-4B7A-AF82-12DF17AE4E1E,2012-ncaa-d1-natl,ncaa,158,86,325,129,328,270,288,314,197,317,319,206,112,136,87,60,251,286,69,288,126,315,329,151,131,123,42,52,161,306,266,279,109,307,203,270,174,22,132,151,193,105,342,330,,,34,164,,,144,332,267,41,189,223,230,288,289,71,73,185,224,226,244,266,260,160,229,220,87,126,336,,122,,,137,14,13,16,99,6,3,193,192,261,76,331,51,41,221,34,220,6,12,151,157,121,305,309,158,36,109,59,266,28,203,40,208,242,100,120,31,127,74,217,,,321,233,,,144,13,144,125,130,98,85,96,36,10,260,317,123,109,100,81,99,117,204,165,124,137,90,138,,282,,,b'\x11\xe8\xe1I\xc6\xc7Kz\xaf\x82\x12\xdf\x17\xaeN\x1e'
11E8E149-C6C7-4B7A-AF82-12DF17AE4E1E,2013-ncaa-d0-natl,ncaa,273,244,302,275,321,326,330,319,304,338,335,311,111,103,145,32,334,338,190,338,248,327,327,265,281,286,32,23,275,289,260,326,317,324,311,307,185,111,272,287,243,184,335,329,,,68,209,,,259,330,293,267,319,319,276,338,319,69,64,326,325,328,311,295,250,303,301,290,209,201,333,,162,,,268,26,40,29,173,54,26,231,95,145,58,253,56,51,204,52,169,26,25,171,167,171,160,184,159,189,317,97,260,121,311,105,249,253,155,203,83,206,112,275,,,339,309,,,259,12,294,220,281,122,137,104,140,84,159,215,132,117,120,96,98,281,227,269,195,188,145,172,,324,,,b'\x11\xe8\xe1I\xc6\xc7Kz\xaf\x82\x12\xdf\x17\xaeN\x1e'
11E8E149-C6C7-4B7A-AF82-12DF17AE4E1E,2013-ncaa-d1-conf-Ivy League,ncaa,7,7,1,7,5,6,6,6,4,6,7,5,4,5,3,2,8,8,6,8,8,6,6,3,5,7,3,2,7,7,7,8,7,7,7,5,4,8,7,6,2,2,8,7,,,8,8,,,7,4,4,5,6,6,6,6,7,4,5,8,8,8,6,6,7,8,7,5,8,2,8,,8,,,7,5,5,2,7,5,2,8,5,6,6,7,5,6,4,6,6,3,4,8,8,7,5,5,5,5,7,4,7,5,7,5,5,2,2,3,7,7,3,5,,,7,6,,,7,3,7,7,7,5,5,2,5,2,5,6,5,6,6,3,4,5,4,5,5,2,7,3,,7,,,b'\x11\xe8\xe1I\xc6\xc7Kz\xaf\x82\x12\xdf\x17\xaeN\x1e'
11E8E149-C6C7-4B7A-AF82-12DF17AE4E1E,2013-ncaa-d1-natl,ncaa,281,243,327,281,340,334,336,335,312,341,337,316,114,109,144,32,337,339,189,339,245,338,342,266,281,289,32,23,274,297,265,338,319,334,313,319,192,96,273,288,260,190,338,330,,,57,212,,,267,343,296,267,321,322,281,339,320,69,63,327,327,328,311,297,254,305,303,296,210,209,334,,164,,,277,17,31,16,178,46,17,235,87,136,58,253,55,46,202,47,171,11,8,173,173,180,162,181,159,176,319,75,265,96,313,94,250,277,162,211,74,210,106,281,,,342,310,,,267,2,300,229,290,124,141,104,146,86,161,216,133,120,122,99,97,283,229,271,201,193,148,178,,324,,,b'\x11\xe8\xe1I\xc6\xc7Kz\xaf\x82\x12\xdf\x17\xaeN\x1e'
11E8E149-C6C7-4B7A-AF82-12DF17AE4E1E,2014-ncaa-d0-natl,ncaa,258,224,297,257,303,294,319,337,210,344,339,296,64,132,7,51,252,288,63,293,55,334,340,96,82,112,9,11,140,336,299,342,294,343,326,238,57,50,223,146,190,88,324,303,,,61,223,,,220,341,324,85,259,306,332,344,331,35,84,209,249,250,327,325,320,339,346,188,121,142,319,,141,,,222,43,56,14,285,48,13,286,134,93,269,215,95,91,236,87,238,13,11,298,296,273,215,209,188,63,294,40,299,31,326,116,254,252,126,207,21,90,85,293,,,317,113,,,220,10,158,278,222,159,158,37,147,38,202,151,179,163,164,43,43,148,147,142,217,183,43,143,,260,,,b'\x11\xe8\xe1I\xc6\xc7Kz\xaf\x82\x12\xdf\x17\xaeN\x1e'
11E8E149-C6C7-4B7A-AF82-12DF17AE4E1E,2014-ncaa-d1-conf-Ivy League,ncaa,6,6,1,6,3,6,6,7,5,8,8,6,1,1,3,1,6,6,1,6,3,7,7,3,3,4,1,1,4,7,6,7,8,7,7,4,2,6,7,6,4,4,7,7,,,6,6,,,6,7,7,3,6,6,7,8,8,1,1,6,6,6,7,7,7,7,7,4,6,4,7,,6,,,6,7,6,3,6,5,1,7,8,6,6,6,7,7,5,7,8,4,2,6,7,6,7,5,6,5,8,3,6,5,7,7,7,5,4,7,3,4,1,6,,,6,4,,,6,2,5,7,6,7,6,3,5,1,8,6,7,7,7,4,2,5,3,5,7,5,3,1,,6,,,b'\x11\xe8\xe1I\xc6\xc7Kz\xaf\x82\x12\xdf\x17\xaeN\x1e'
11E8E149-C6C7-4B7A-AF82-12DF17AE4E1E,2014-ncaa-d1-natl,ncaa,270,223,333,261,335,308,327,342,211,347,345,298,73,136,7,49,266,300,64,304,54,343,345,101,88,117,9,11,138,339,304,347,297,348,327,257,60,35,231,152,203,92,325,306,,,42,227,,,229,346,325,84,268,307,332,345,333,35,84,211,251,253,331,327,321,343,347,196,118,148,321,,143,,,231,29,38,6,292,37,7,293,122,83,272,215,92,79,241,76,237,5,3,301,301,283,217,208,186,52,297,26,304,19,327,107,256,274,131,214,14,92,80,296,,,328,112,,,229,4,168,288,231,166,165,38,151,40,201,151,181,168,164,43,43,147,148,145,220,190,42,147,,262,,,b'\x11\xe8\xe1I\xc6\xc7Kz\xaf\x82\x12\xdf\x17\xaeN\x1e'
11E8E149-C6C7-4B7A-AF82-12DF17AE4E1E,2015-ncaa-d0-natl,ncaa,253,238,283,252,299,225,255,251,224,237,218,238,203,207,171,184,123,132,159,132,82,230,270,220,198,161,133,184,54,273,287,312,284,306,322,316,324,35,83,234,77,48,281,268,,,121,170,,,229,260,84,100,138,184,130,179,145,165,156,61,57,52,98,140,237,269,284,300,102,41,261,,225,,,232,141,155,79,290,154,70,298,194,173,226,245,135,107,261,105,184,74,93,297,299,239,170,223,141,141,284,215,287,200,322,220,267,147,96,195,44,87,325,336,,,193,98,,,229,91,185,250,227,284,293,217,273,158,263,249,199,175,173,225,282,243,318,316,307,77,99,342,,78,,,b'\x11\xe8\xe1I\xc6\xc7Kz\xaf\x82\x12\xdf\x17\xaeN\x1e'
11E8E149-C6C7-4B7A-AF82-12DF17AE4E1E,2015-ncaa-d1-conf-Ivy League,ncaa,7,7,1,7,3,3,3,2,3,3,3,4,5,5,4,6,1,1,4,1,2,2,2,3,3,3,4,4,2,8,8,7,8,8,8,7,8,5,2,6,1,1,7,8,,,8,6,,,7,1,1,3,3,3,2,3,3,5,5,1,1,1,2,2,8,7,8,7,5,1,7,,8,,,7,8,8,6,8,8,3,8,7,6,7,5,6,6,4,6,6,7,8,8,8,8,7,6,3,8,8,8,8,8,8,8,8,2,2,5,3,3,8,7,,,1,3,,,7,8,4,8,7,8,8,6,8,3,7,6,6,6,6,7,8,8,8,8,8,2,3,8,,1,,,b'\x11\xe8\xe1I\xc6\xc7Kz\xaf\x82\x12\xdf\x17\xaeN\x1e'
11E8E149-C6C7-4B7A-AF82-12DF17AE4E1E,2015-ncaa-d1-natl,ncaa,266,238,335,263,340,257,285,283,235,268,248,247,215,217,175,187,142,155,156,154,82,266,313,226,207,171,129,180,49,292,291,329,290,328,326,329,325,24,88,241,87,48,292,271,,,91,173,,,243,304,88,93,149,197,135,188,151,165,156,60,56,53,103,154,243,274,295,310,105,43,266,,228,,,247,108,129,46,293,129,51,307,181,161,235,246,111,90,263,90,189,41,51,304,305,255,168,219,139,121,290,193,291,167,326,210,268,169,102,204,33,90,322,339,,,225,94,,,243,49,202,262,243,289,295,222,281,161,265,252,202,179,179,232,280,251,321,318,309,88,102,342,,77,,,b'\x11\xe8\xe1I\xc6\xc7Kz\xaf\x82\x12\xdf\x17\xaeN\x1e'
11E8E149-C6C7-4B7A-AF82-12DF17AE4E1E,2016-ncaa-d0-natl,ncaa,196,111,340,164,345,276,291,320,188,297,309,226,176,216,72,138,224,269,92,267,142,316,336,162,151,123,105,113,144,335,321,292,276,332,321,303,275,9,63,146,195,121,127,95,,,38,108,,,171,325,82,280,129,154,143,202,173,99,124,121,161,157,139,200,298,114,229,232,60,92,76,,162,,,175,26,32,36,95,32,56,72,101,83,216,166,104,88,268,84,165,34,32,96,109,132,228,203,224,184,276,104,321,124,321,80,220,257,168,174,38,152,135,235,,,308,150,,,171,25,169,170,170,216,195,280,179,264,222,218,237,214,213,279,295,323,315,332,212,126,154,239,,163,,,b'\x11\xe8\xe1I\xc6\xc7Kz\xaf\x82\x12\xdf\x17\xaeN\x1e'
11E8E149-C6C7-4B7A-AF82-12DF17AE4E1E,2016-ncaa-d1-conf-Ivy League,ncaa,7,7,1,7,6,3,6,2,8,5,3,8,3,3,4,3,1,4,2,4,2,2,3,8,7,7,3,3,2,7,7,7,8,7,8,7,7,3,4,5,4,4,3,3,,,6,4,,,7,1,1,6,3,6,2,5,3,3,3,1,4,4,2,3,7,7,7,7,3,4,3,,6,,,7,7,7,8,5,7,6,6,5,5,5,3,8,8,4,8,7,8,8,5,6,6,6,3,8,8,8,8,7,8,8,7,5,1,3,3,7,6,8,8,,,4,5,,,7,8,6,6,7,7,7,8,7,6,5,5,8,8,8,8,8,8,8,8,7,1,7,8,,4,,,b'\x11\xe8\xe1I\xc6\xc7Kz\xaf\x82\x12\xdf\x17\xaeN\x1e'
11E8E149-C6C7-4B7A-AF82-12DF17AE4E1E,2016-ncaa-d1-natl,ncaa,174,111,337,155,346,209,220,268,135,243,264,167,135,181,56,136,208,249,90,245,165,273,320,117,117,92,118,116,186,324,311,232,245,298,295,250,243,13,52,109,120,76,133,105,,,38,71,,,115,302,72,282,97,104,107,151,157,88,113,129,172,163,108,173,292,75,182,186,59,50,92,,127,,,106,29,34,80,56,39,96,48,112,112,150,173,113,90,241,87,135,68,70,57,62,74,223,204,212,208,245,153,311,175,295,82,212,202,139,122,46,135,139,204,,,299,206,,,115,51,133,108,107,174,156,275,152,252,202,215,203,189,189,262,295,310,307,321,178,92,138,219,,204,,,b'\x11\xe8\xe1I\xc6\xc7Kz\xaf\x82\x12\xdf\x17\xaeN\x1e'
11E8E149-C6C7-4B7A-AF82-12DF17AE4E1E,2017-ncaa-d0-natl,ncaa,150,111,234,137,259,116,130,172,88,170,210,109,87,126,37,110,135,190,57,191,155,184,220,73,66,58,83,91,196,342,345,98,197,225,311,173,230,46,63,102,209,228,218,264,,,129,86,,,138,141,15,157,49,62,74,132,173,56,82,98,146,146,89,133,341,21,184,135,76,177,209,,180,,,134,207,242,274,145,260,302,93,167,125,256,67,111,142,66,135,67,255,220,126,97,170,72,142,91,284,197,291,345,296,311,141,63,234,264,201,118,144,298,307,,,225,212,,,138,202,113,197,144,280,309,341,309,345,207,174,140,178,178,339,336,316,334,335,186,206,163,316,,180,,,b'\x11\xe8\xe1I\xc6\xc7Kz\xaf\x82\x12\xdf\x17\xaeN\x1e'
11E8E149-C6C7-4B7A-AF82-12DF17AE4E1E,2017-ncaa-d1-conf-Ivy League,ncaa,4,5,3,5,3,1,2,2,2,3,5,2,1,2,3,2,3,5,1,5,4,2,2,2,1,2,2,1,5,7,8,3,7,5,8,2,5,4,3,3,3,6,4,6,,,5,3,,,4,1,1,3,1,1,1,2,4,1,2,4,5,5,1,2,8,1,6,2,3,4,4,,6,,,4,8,8,8,5,8,8,4,6,5,8,3,6,6,1,6,4,8,8,4,4,6,1,3,5,8,7,8,8,8,8,8,3,3,5,6,8,6,8,8,,,6,6,,,4,8,2,6,4,8,7,8,8,8,6,4,6,6,6,8,8,8,8,8,7,3,6,8,,4,,,b'\x11\xe8\xe1I\xc6\xc7Kz\xaf\x82\x12\xdf\x17\xaeN\x1e'
11E8E149-C6C7-4B7A-AF82-12DF17AE4E1E,2017-ncaa-d1-natl,ncaa,143,111,217,131,261,109,118,158,88,171,204,107,69,104,35,104,142,198,64,198,160,164,213,67,68,58,81,77,214,336,343,78,184,223,304,160,220,42,59,87,204,223,225,266,,,150,98,,,127,124,17,157,47,60,68,136,169,50,74,111,163,164,83,132,337,19,185,125,75,175,216,,199,,,124,209,247,277,149,261,306,96,166,118,247,65,120,172,44,172,81,275,249,123,94,163,72,132,105,277,184,293,343,298,304,133,63,226,258,195,118,134,295,305,,,225,213,,,127,227,102,183,129,275,300,336,302,344,196,169,145,200,198,333,331,308,330,334,173,200,152,313,,187,,,b'\x11\xe8\xe1I\xc6\xc7Kz\xaf\x82\x12\xdf\x17\xaeN\x1e'
11E8E149-C6C7-4B7A-AF82-12DF17AE4E1E,2018-ncaa-d0-natl,ncaa,185,94,337,147,338,191,169,212,104,198,285,62,106,95,170,59,284,313,51,312,279,237,307,97,93,76,140,85,300,297,291,182,206,255,238,201,247,11,46,73,262,255,57,38,,,10,26,,,155,297,26,86,40,35,16,67,131,48,25,189,249,250,28,49,213,20,55,95,73,199,18,,105,,,151,109,136,156,142,107,136,102,240,186,295,241,25,36,119,31,54,118,62,174,142,229,218,297,51,179,206,149,291,156,238,140,158,321,300,282,64,140,173,250,,,330,304,,,155,52,85,252,153,324,327,344,289,332,327,321,152,154,145,342,333,320,325,331,285,230,194,269,,236,,,b'\x11\xe8\xe1I\xc6\xc7Kz\xaf\x82\x12\xdf\x17\xaeN\x1e'
11E8E149-C6C7-4B7A-AF82-12DF17AE4E1E,2018-ncaa-d1-conf-Ivy League,ncaa,6,6,5,6,5,5,4,5,4,4,5,3,5,4,6,4,3,4,3,3,4,5,5,4,4,4,6,6,3,6,7,5,6,5,7,6,7,3,5,6,6,6,3,3,,,3,3,,,6,3,1,2,3,3,1,2,2,5,3,2,3,2,2,1,6,3,5,5,5,6,3,,4,,,6,8,8,8,6,7,7,5,8,6,6,5,7,6,8,3,2,8,7,6,6,6,6,6,3,7,6,6,7,7,7,8,6,8,8,8,6,6,5,6,,,5,3,,,6,6,5,7,6,8,8,8,7,8,8,8,8,8,5,8,8,8,7,8,8,8,6,6,,3,,,b'\x11\xe8\xe1I\xc6\xc7Kz\xaf\x82\x12\xdf\x17\xaeN\x1e'
11E8E149-C6C7-4B7A-AF82-12DF17AE4E1E,2018-ncaa-d1-natl,ncaa,186,94,343,147,345,167,156,205,105,197,277,66,83,81,143,56,280,314,38,314,280,246,302,90,87,66,115,76,301,299,296,167,186,242,233,176,219,14,50,65,265,260,45,33,,,10,21,,,160,298,24,84,35,31,14,71,136,39,24,190,252,251,30,47,220,14,50,78,77,203,18,,96,,,156,137,162,188,152,108,148,103,277,213,310,250,37,42,158,32,52,136,65,187,162,248,241,309,51,183,186,159,296,164,233,172,171,317,308,292,70,142,176,249,,,327,302,,,160,48,85,265,161,329,332,344,286,332,336,324,159,150,144,342,330,314,329,327,294,239,193,271,,232,,,b'\x11\xe8\xe1I\xc6\xc7Kz\xaf\x82\x12\xdf\x17\xaeN\x1e'
11E8E149-C6C7-4B7A-AF82-12DF17AE4E1E,2019-ncaa-d0-natl,ncaa,297,283,292,300,293,194,195,151,250,257,254,215,79,60,171,46,256,287,109,289,230,183,219,198,201,165,63,42,273,297,326,235,306,277,339,193,198,41,79,120,97,95,269,285,,,60,40,,,313,172,18,37,92,98,26,210,182,48,22,222,246,244,36,48,263,136,203,131,123,51,253,,133,,,316,321,328,256,330,329,198,344,251,272,145,257,176,146,291,150,135,248,207,329,329,336,85,157,83,285,306,330,326,325,339,335,278,255,284,334,106,148,216,260,,,322,334,,,313,191,211,345,303,350,350,348,348,322,311,330,254,232,236,344,339,329,351,347,347,188,197,264,,290,,,b'\x11\xe8\xe1I\xc6\xc7Kz\xaf\x82\x12\xdf\x17\xaeN\x1e'
11E8E149-C6C7-4B7A-AF82-12DF17AE4E1E,2019-ncaa-d1-conf-Ivy League,ncaa,8,8,5,8,6,6,6,4,7,7,6,7,2,2,7,2,6,7,2,7,7,5,5,7,7,7,1,2,4,7,8,7,7,8,8,8,8,3,4,7,3,4,7,8,,,2,2,,,8,4,1,5,6,6,2,7,6,2,2,6,7,7,4,2,7,7,8,8,5,3,7,,4,,,8,8,8,6,8,8,5,8,8,6,7,4,4,5,4,5,2,5,5,8,8,8,1,4,1,7,7,8,8,8,8,8,6,6,6,8,3,4,7,8,,,8,8,,,8,5,7,8,8,8,8,8,8,6,8,8,5,6,6,8,8,8,8,8,8,6,4,7,,8,,,b'\x11\xe8\xe1I\xc6\xc7Kz\xaf\x82\x12\xdf\x17\xaeN\x1e'
11E8E149-C6C7-4B7A-AF82-12DF17AE4E1E,2019-ncaa-d1-natl,ncaa,282,282,233,284,240,155,150,101,249,228,228,196,68,45,211,43,262,282,113,285,266,127,157,202,209,169,73,47,295,268,322,183,297,221,333,183,224,74,77,127,88,106,247,281,,,62,28,,,308,117,21,37,96,93,20,182,176,50,17,249,273,274,37,50,241,107,172,136,122,57,238,,99,,,308,334,339,300,320,336,251,339,279,302,130,264,180,145,301,151,114,292,269,318,312,330,88,167,74,302,297,342,322,342,333,342,285,239,285,337,151,141,218,244,,,311,340,,,308,241,207,344,295,348,349,347,348,324,311,331,233,200,206,345,339,329,350,347,344,204,193,248,,305,,,b'\x11\xe8\xe1I\xc6\xc7Kz\xaf\x82\x12\xdf\x17\xaeN\x1e'
11E8E149-C6C7-4B7A-AF82-12DF17AE4E1E,2020-ncaa-d0-natl,ncaa,295,258,312,292,319,295,297,279,275,338,333,242,79,56,173,19,333,333,147,334,242,311,305,201,225,241,33,18,309,250,246,310,326,312,310,203,58,168,249,192,283,265,93,63,,,141,233,,,304,311,148,176,227,238,155,323,311,43,20,313,322,326,226,181,211,261,255,128,244,245,61,,263,,,312,204,144,86,234,85,88,133,270,143,346,194,292,274,261,278,302,110,70,278,298,311,330,274,282,269,326,142,246,203,310,214,256,286,258,286,221,286,298,349,,,337,328,,,304,43,252,334,311,316,272,250,178,202,325,236,329,314,320,288,273,322,276,312,284,226,277,330,,320,,,b'\x11\xe8\xe1I\xc6\xc7Kz\xaf\x82\x12\xdf\x17\xaeN\x1e'
11E8E149-C6C7-4B7A-AF82-12DF17AE4E1E,2020-ncaa-d1-conf-Ivy League,ncaa,8,8,1,8,5,5,5,4,4,6,8,4,1,1,6,1,7,7,1,7,7,7,6,4,4,5,2,2,7,7,8,6,8,8,8,4,4,4,5,5,8,8,3,3,,,7,7,,,7,2,1,5,5,5,4,6,8,1,1,7,7,7,7,6,7,6,8,4,4,8,3,,7,,,7,8,8,7,6,8,8,6,6,4,7,1,8,8,6,8,7,8,8,6,6,7,7,4,8,8,8,7,8,8,8,6,3,6,7,7,5,6,8,8,,,8,8,,,7,7,7,8,7,8,8,7,8,8,6,4,8,8,8,8,8,8,7,8,6,6,5,8,,8,,,b'\x11\xe8\xe1I\xc6\xc7Kz\xaf\x82\x12\xdf\x17\xaeN\x1e'
11E8E149-C6C7-4B7A-AF82-12DF17AE4E1E,2020-ncaa-d1-natl,ncaa,303,257,341,300,345,319,328,320,281,346,341,249,88,73,177,19,338,335,147,336,244,331,335,216,233,247,32,17,308,275,254,329,325,334,313,237,61,144,254,198,299,275,102,67,,,121,240,,,313,336,152,172,240,250,165,326,315,43,22,314,320,327,238,189,218,266,259,137,244,255,60,,265,,,320,180,120,58,245,70,62,142,257,126,348,190,278,256,268,260,302,76,37,288,304,320,330,276,283,247,325,119,254,175,313,202,257,305,268,297,207,284,295,349,,,342,326,,,313,17,261,338,317,319,276,254,186,211,328,232,332,321,322,291,269,323,276,316,290,239,281,330,,318,,,b'\x11\xe8\xe1I\xc6\xc7Kz\xaf\x82\x12\xdf\x17\xaeN\x1e'
11E8E149-C6C7-4B7A-AF82-12DF17AE4E1E,2022-ncaa-d0-natl,ncaa,317,288,319,316,332,340,336,327,321,338,340,262,221,167,304,48,345,348,229,348,280,339,335,294,313,317,114,75,294,341,341,306,352,335,353,330,270,122,293,313,137,77,204,206,,,23,37,,,327,323,119,275,326,322,252,326,310,153,72,335,332,331,292,243,323,208,306,313,273,52,155,,89,,,334,77,122,120,190,135,152,138,135,82,297,125,31,30,108,30,36,86,74,194,152,198,100,202,48,317,352,149,341,219,353,290,342,298,255,330,156,300,83,258,,,352,340,,,327,37,336,285,331,280,304,338,295,336,261,206,94,100,101,321,316,354,324,350,343,192,279,173,,344,,,b'\x11\xe8\xe1I\xc6\xc7Kz\xaf\x82\x12\xdf\x17\xaeN\x1e'
11E8E149-C6C7-4B7A-AF82-12DF17AE4E1E,2022-ncaa-d1-conf-Ivy League,ncaa,8,8,5,8,8,6,6,7,5,6,8,4,6,7,5,4,7,7,3,7,6,8,8,5,6,6,6,4,6,8,8,6,8,8,8,7,5,4,5,7,3,3,8,8,,,3,1,,,7,5,3,5,6,6,7,6,8,6,6,7,7,7,8,8,8,5,8,7,5,3,7,,5,,,7,7,8,7,7,8,7,6,5,2,7,1,5,5,4,5,3,7,6,7,5,7,2,3,3,8,8,6,8,7,8,8,7,6,7,8,4,5,6,8,,,7,7,,,7,4,6,7,7,8,8,8,8,8,6,4,5,5,5,8,8,8,7,8,8,6,5,7,,7,,,b'\x11\xe8\xe1I\xc6\xc7Kz\xaf\x82\x12\xdf\x17\xaeN\x1e'
11E8E149-C6C7-4B7A-AF82-12DF17AE4E1E,2022-ncaa-d1-natl,ncaa,316,288,326,316,340,340,336,334,315,340,342,237,212,154,301,46,344,344,262,344,281,339,338,286,309,311,120,79,305,342,339,310,347,338,352,331,263,121,289,309,120,63,202,204,,,18,38,,,319,329,113,275,317,306,234,317,307,144,67,338,332,332,286,234,321,197,301,299,268,43,152,,88,,,324,72,119,112,179,121,144,121,136,81,301,123,33,30,122,29,40,84,59,175,147,172,109,210,49,319,347,155,339,234,352,284,340,284,229,317,148,287,81,248,,,352,338,,,319,31,332,266,321,259,300,330,280,332,254,191,96,98,101,313,313,353,327,351,342,171,268,167,,342,,,b'\x11\xe8\xe1I\xc6\xc7Kz\xaf\x82\x12\xdf\x17\xaeN\x1e'
11E8E149-C6C7-4B7A-AF82-12DF17AE4E1E,2023-ncaa-d0-natl,ncaa,266,160,355,237,355,335,321,348,204,329,349,124,197,166,250,51,355,334,360,334,155,350,352,168,234,250,142,71,350,342,316,338,347,354,343,301,221,72,262,241,114,35,116,85,,,6,22,,,239,348,60,291,230,189,161,237,294,92,57,344,247,251,200,148,284,200,269,206,270,20,49,,66,,,254,19,32,44,138,58,95,102,42,28,199,81,33,26,223,27,56,29,30,114,104,90,61,119,102,250,347,61,316,115,343,215,342,249,132,269,114,273,162,327,,,360,350,,,239,13,277,169,252,234,265,330,289,353,147,132,149,129,137,314,331,356,317,344,342,76,284,283,,336,,,b'\x11\xe8\xe1I\xc6\xc7Kz\xaf\x82\x12\xdf\x17\xaeN\x1e'
11E8E149-C6C7-4B7A-AF82-12DF17AE4E1E,2023-ncaa-d1-conf-Ivy League,ncaa,6,6,5,6,7,5,5,7,5,6,8,3,4,2,7,1,7,4,8,5,2,7,7,5,5,5,3,2,8,8,8,7,8,8,8,7,8,4,6,7,2,2,3,3,,,2,2,,,6,5,1,6,5,4,6,5,8,2,1,7,2,2,6,4,8,7,8,7,6,1,1,,3,,,6,7,8,6,5,8,7,5,3,3,5,1,6,4,8,4,3,6,6,5,5,5,1,2,4,8,8,5,8,8,8,8,7,4,6,6,7,7,5,7,,,7,7,,,6,5,5,8,6,8,8,8,8,8,4,5,7,5,5,8,8,8,7,8,8,4,7,6,,6,,,b'\x11\xe8\xe1I\xc6\xc7Kz\xaf\x82\x12\xdf\x17\xaeN\x1e'
11E8E149-C6C7-4B7A-AF82-12DF17AE4E1E,2023-ncaa-d1-natl,ncaa,265,160,358,237,359,333,306,347,189,324,354,97,192,161,247,53,356,341,360,341,194,354,353,164,225,238,164,74,352,341,309,344,346,352,344,297,227,60,243,230,96,24,118,87,,,5,17,,,237,352,60,291,215,170,137,216,276,94,54,351,268,272,180,139,275,212,268,191,248,20,54,,57,,,247,18,32,29,146,64,98,107,40,29,192,84,31,28,217,29,57,18,22,119,106,91,59,112,103,255,346,69,309,121,344,224,342,232,117,263,111,257,156,317,,,361,355,,,237,9,267,161,243,231,263,322,292,347,136,132,146,129,137,298,329,353,319,346,337,70,272,279,,343,,,b'\x11\xe8\xe1I\xc6\xc7Kz\xaf\x82\x12\xdf\x17\xaeN\x1e'
11E8E149-C6C7-4B7A-AF82-12DF17AE4E1E,2024-ncaa-d0-natl,ncaa,171,72,347,121,354,322,317,340,245,344,351,160,167,130,229,38,337,329,291,329,156,345,351,193,215,200,61,47,283,316,271,346,335,350,331,309,266,27,164,233,209,105,163,135,,,18,87,,,182,351,208,263,222,217,193,292,313,75,45,298,267,266,222,232,237,287,297,259,148,107,99,,109,,,184,7,29,30,157,61,87,120,25,19,190,71,10,10,140,6,21,13,17,125,102,88,34,104,49,180,335,51,271,79,331,36,130,269,136,133,47,187,227,351,,,343,241,,,182,8,219,149,197,125,197,227,255,310,87,77,53,54,41,182,214,321,274,313,145,131,163,326,,263,,,b'\x11\xe8\xe1I\xc6\xc7Kz\xaf\x82\x12\xdf\x17\xaeN\x1e'
11E8E149-C6C7-4B7A-AF82-12DF17AE4E1E,2024-ncaa-d1-conf-Ivy League,ncaa,4,4,5,4,6,5,5,5,5,7,7,5,2,2,2,1,6,6,7,6,2,6,6,5,5,4,1,1,6,7,6,5,8,6,7,5,6,3,4,4,3,4,3,4,,,2,2,,,5,6,2,3,4,4,4,7,7,2,1,5,4,4,5,3,7,4,6,5,4,2,2,,3,,,5,4,3,6,4,5,6,3,2,3,4,1,3,3,5,3,2,6,4,5,3,5,3,3,2,8,8,6,6,8,7,4,2,6,6,4,4,4,8,8,,,6,4,,,5,3,5,5,5,6,5,8,7,8,3,6,5,5,4,8,8,8,6,8,5,5,4,8,,3,,,b'\x11\xe8\xe1I\xc6\xc7Kz\xaf\x82\x12\xdf\x17\xaeN\x1e'
11E8E149-C6C7-4B7A-AF82-12DF17AE4E1E,2024-ncaa-d1-natl,ncaa,172,72,356,126,359,327,333,351,247,344,354,152,160,127,236,36,340,330,293,329,153,348,357,193,215,203,64,48,290,308,241,345,329,346,316,322,270,23,172,233,216,111,147,120,,,19,99,,,179,357,206,264,223,216,184,296,316,77,37,293,267,265,214,217,209,266,262,259,161,114,89,,120,,,172,4,17,22,126,54,89,87,25,18,186,72,10,10,120,10,24,11,8,96,79,77,43,108,58,186,329,44,241,77,316,31,139,269,134,142,58,203,217,352,,,346,256,,,179,6,213,127,185,115,190,229,236,309,83,78,56,67,50,188,219,322,273,310,145,136,187,328,,266,,,b'\x11\xe8\xe1I\xc6\xc7Kz\xaf\x82\x12\xdf\x17\xaeN\x1e'
11E8E149-C6C7-4B7A-AF82-12DF17AE4E1E,2025-ncaa-d0-natl,genius_ncaa,246,147,355,219,357,345,349,351,303,357,360,218,189,137,278,18,334,343,88,343,132,352,358,252,248,240,28,31,196,317,246,352,317,353,301,327,202,21,187,230,289,192,285,215,,,36,226,,110,222,358,310,160,291,311,263,344,348,91,29,272,302,305,293,308,250,296,299,285,122,201,236,,175,,213,233,13,20,24,137,29,12,266,59,138,19,321,21,9,353,7,72,11,6,130,134,169,140,205,88,117,317,20,246,29,301,94,302,330,226,276,31,185,47,298,,,354,243,,307,222,4,246,214,237,129,162,192,163,92,175,302,82,51,43,137,100,277,194,246,262,245,144,146,,303,,269,b'\x11\xe8\xe1I\xc6\xc7Kz\xaf\x82\x12\xdf\x17\xaeN\x1e'
11E8E149-C6C7-4B7A-AF82-12DF17AE4E1E,2025-ncaa-d1-conf-Ivy League,genius_ncaa,4,4,5,4,5,5,8,7,7,8,8,7,4,4,5,1,3,3,2,3,1,6,7,5,5,5,1,1,1,7,8,6,7,7,7,6,4,5,5,6,5,5,4,4,,,4,6,,8,5,6,5,1,5,8,7,8,8,4,3,1,2,2,6,7,7,6,7,6,5,4,4,,6,,8,5,5,4,7,4,3,1,6,7,8,2,8,2,2,7,2,3,7,5,4,4,5,7,7,3,8,7,4,8,6,7,5,7,5,5,6,4,5,4,8,,,2,1,,7,5,3,5,5,5,5,5,8,5,4,7,8,2,2,2,8,8,8,5,6,7,5,5,5,,1,,7,b'\x11\xe8\xe1I\xc6\xc7Kz\xaf\x82\x12\xdf\x17\xaeN\x1e'
11E8E149-C6C7-4B7A-AF82-12DF17AE4E1E,2025-ncaa-d1-natl,genius_ncaa,246,147,355,216,355,337,345,349,296,356,361,201,180,125,271,18,326,339,78,340,124,352,356,240,233,214,28,33,194,312,236,352,317,349,297,325,183,29,172,221,284,168,281,213,,,41,211,,102,219,357,299,159,281,303,258,337,345,85,29,259,293,296,280,303,234,291,298,269,125,183,231,,172,,190,227,13,21,21,129,33,9,266,58,157,15,322,21,10,357,9,68,11,7,128,136,159,139,198,94,129,317,22,236,30,297,88,296,318,203,261,34,175,70,307,,,353,253,,310,219,5,228,195,227,124,153,195,165,91,166,302,85,48,43,134,109,273,187,242,261,218,142,161,,304,,283,b'\x11\xe8\xe1I\xc6\xc7Kz\xaf\x82\x12\xdf\x17\xaeN\x1e'
11E8E149-C6C7-4B7A-AF82-12DF17AE4E1E,2026-ncaa-d0-natl,genius_ncaa,55,152,9,119,20,88,65,37,152,65,52,126,93,54,238,127,262,191,345,191,336,54,48,154,212,193,296,150,351,40,108,27,74,26,67,80,211,286,138,149,59,101,106,146,,,263,115,,263,101,54,307,97,215,143,146,137,177,177,142,347,327,329,197,254,124,59,71,167,120,125,187,,86,,154,108,250,235,324,31,210,262,95,268,343,14,331,249,216,325,226,159,317,307,33,34,56,242,239,211,266,74,311,108,305,67,161,71,98,205,98,323,219,342,264,,,135,316,,187,101,311,170,57,105,37,37,135,41,41,110,291,109,70,78,95,50,102,125,95,35,255,197,284,,323,,265,b'\x11\xe8\xe1I\xc6\xc7Kz\xaf\x82\x12\xdf\x17\xaeN\x1e'
11E8E149-C6C7-4B7A-AF82-12DF17AE4E1E,2026-ncaa-d1-natl,genius_ncaa,74,152,13,138,35,131,90,58,180,89,80,155,123,76,250,122,310,261,345,262,342,80,80,192,235,224,295,148,351,65,134,33,85,35,82,116,232,241,160,170,92,134,138,160,,,221,123,,246,142,89,315,100,251,189,174,173,192,196,154,353,335,335,234,276,151,72,89,203,128,163,197,,93,,160,153,211,191,305,37,170,202,119,249,339,18,328,217,172,339,179,168,292,271,40,47,86,241,238,199,234,85,283,134,273,82,123,76,155,243,126,301,237,331,290,,,191,309,,211,142,279,207,90,144,54,45,143,55,43,133,300,121,79,86,110,47,109,148,114,39,277,205,293,,328,,264,b'\x11\xe8\xe1I\xc6\xc7Kz\xaf\x82\x12\xdf\x17\xaeN\x1e'
11E8E149-C6DA-F0BC-AF82-12DF17AE4E1E,2010-ncaa-d0-natl,ncaa,197,174,241,199,258,213,254,246,251,281,253,289,116,144,84,126,118,100,185,98,36,218,182,219,199,232,45,81,51,127,89,137,46,132,51,154,30,264,272,209,302,307,155,145,,,158,217,,,191,199,83,169,157,237,171,273,224,89,111,65,51,48,136,68,75,45,32,107,297,289,144,,233,,,195,123,84,115,123,78,108,109,164,160,215,189,255,241,218,232,268,131,117,133,174,190,269,197,281,55,46,109,89,73,51,90,157,243,212,182,289,283,190,263,,,149,103,,,191,140,217,163,199,223,154,195,136,174,214,212,294,278,274,231,221,107,193,154,147,200,307,234,,73,,,b'\x11\xe8\xe1I\xc6\xda\xf0\xbc\xaf\x82\x12\xdf\x17\xaeN\x1e'
11E8E149-C6DA-F0BC-AF82-12DF17AE4E1E,2010-ncaa-d1-natl,ncaa,206,174,276,205,293,226,269,262,258,302,270,291,121,151,83,125,125,110,185,106,34,232,206,220,202,237,44,81,50,136,91,151,47,145,52,167,31,252,273,213,313,313,166,148,,,136,217,,,199,224,83,165,163,241,174,277,227,90,113,67,50,49,139,69,78,48,33,109,297,298,148,,232,,,203,105,71,102,126,67,92,114,159,147,217,187,240,230,220,219,267,116,99,140,180,200,270,198,282,47,47,93,91,53,52,83,158,259,222,185,279,285,184,266,,,163,98,,,199,116,218,173,205,230,163,199,138,177,215,210,293,281,276,234,221,106,198,158,154,208,309,238,,72,,,b'\x11\xe8\xe1I\xc6\xda\xf0\xbc\xaf\x82\x12\xdf\x17\xaeN\x1e'
11E8E149-C6DA-F0BC-AF82-12DF17AE4E1E,2011-ncaa-d0-natl,ncaa,248,242,242,256,251,274,267,212,303,223,133,312,281,272,264,270,199,121,333,126,138,187,147,306,320,321,223,252,106,74,75,206,119,125,90,259,218,303,292,304,108,86,241,212,,,271,304,,,263,186,83,45,260,255,140,197,84,276,261,162,63,71,108,35,36,122,36,260,317,76,237,,316,,,262,126,56,55,137,36,37,113,205,171,267,211,292,292,180,302,328,98,129,178,209,158,332,233,318,89,119,182,75,136,90,136,269,121,82,119,304,295,246,217,,,167,172,,,263,157,305,142,261,195,115,110,69,67,254,222,305,313,316,188,246,140,269,227,194,67,314,272,,87,,,b'\x11\xe8\xe1I\xc6\xda\xf0\xbc\xaf\x82\x12\xdf\x17\xaeN\x1e'
11E8E149-C6DA-F0BC-AF82-12DF17AE4E1E,2011-ncaa-d1-natl,ncaa,258,240,279,259,284,282,281,237,305,245,150,313,286,280,264,270,217,132,332,140,135,213,171,309,319,323,220,252,101,86,77,227,121,144,95,273,222,292,294,309,124,92,250,216,,,254,306,,,265,218,83,44,263,262,141,204,86,273,261,164,65,74,110,37,38,126,37,264,318,81,240,,318,,,268,105,39,38,140,24,27,115,195,155,269,209,283,284,185,294,329,73,93,180,217,167,333,233,317,75,121,162,77,112,95,121,268,141,88,127,298,295,236,224,,,185,173,,,265,121,310,150,267,201,119,115,73,68,256,222,308,316,317,191,246,144,274,230,196,74,318,274,,86,,,b'\x11\xe8\xe1I\xc6\xda\xf0\xbc\xaf\x82\x12\xdf\x17\xaeN\x1e'
11E8E149-C6DA-F0BC-AF82-12DF17AE4E1E,2012-ncaa-d0-natl,ncaa,171,153,240,174,278,210,228,169,302,207,115,316,226,247,155,259,132,72,314,63,88,146,150,297,299,274,162,214,65,67,93,200,51,126,99,109,16,155,142,120,124,88,336,333,,,110,151,,,195,187,63,262,172,200,75,170,52,205,227,84,26,24,43,30,20,127,41,62,221,86,335,,171,,,195,141,94,79,183,44,38,184,284,271,245,311,185,127,330,121,258,80,110,219,252,214,323,309,231,33,51,251,93,140,99,273,333,145,90,223,178,171,231,196,,,85,66,,,195,145,241,160,202,217,166,153,90,46,309,301,239,186,178,158,200,53,312,227,299,88,226,257,,16,,,b'\x11\xe8\xe1I\xc6\xda\xf0\xbc\xaf\x82\x12\xdf\x17\xaeN\x1e'
11E8E149-C6DA-F0BC-AF82-12DF17AE4E1E,2012-ncaa-d1-natl,ncaa,186,153,286,187,312,236,253,202,304,233,132,320,234,257,157,259,142,82,313,75,86,173,176,300,300,280,155,213,59,76,97,233,56,144,108,125,17,135,144,125,143,94,337,335,,,88,154,,,207,220,67,262,180,208,78,181,55,205,225,80,26,24,46,34,22,130,45,64,222,90,335,,178,,,208,120,74,52,191,35,26,191,275,255,248,309,175,115,329,110,257,53,72,222,255,219,321,307,232,25,56,230,97,120,108,269,333,164,96,232,160,173,222,198,,,96,59,,,207,109,249,170,213,220,174,156,93,48,310,301,249,190,183,160,198,57,313,232,301,94,227,259,,16,,,b'\x11\xe8\xe1I\xc6\xda\xf0\xbc\xaf\x82\x12\xdf\x17\xaeN\x1e'
11E8E149-C6DA-F0BC-AF82-12DF17AE4E1E,2013-ncaa-d0-natl,ncaa,212,216,183,221,185,175,175,168,182,121,106,177,284,259,306,273,82,50,261,49,72,146,97,236,217,260,261,294,45,92,100,79,98,72,73,155,132,331,296,263,179,216,276,283,,,262,240,,,196,98,30,51,143,154,136,89,79,283,260,58,25,25,88,21,61,24,22,135,330,177,279,,289,,,195,213,176,215,114,120,176,108,263,244,218,240,240,279,30,281,273,235,244,151,135,130,287,268,225,185,98,166,100,175,73,262,307,120,143,200,321,279,236,192,,,49,49,,,196,245,246,118,191,242,207,285,150,199,279,274,256,286,290,300,312,209,206,216,282,98,315,250,,12,,,b'\x11\xe8\xe1I\xc6\xda\xf0\xbc\xaf\x82\x12\xdf\x17\xaeN\x1e'
11E8E149-C6DA-F0BC-AF82-12DF17AE4E1E,2013-ncaa-d1-conf-NEC,ncaa,7,7,5,7,6,5,6,4,8,4,4,6,10,10,12,10,1,3,7,3,2,4,3,10,8,8,10,11,2,5,6,3,2,4,4,7,10,11,8,10,5,7,11,11,,,7,6,,,7,3,2,5,3,6,5,2,2,10,10,1,1,1,4,2,4,2,2,8,11,5,10,,8,,,7,10,11,8,6,6,8,5,10,9,12,7,7,9,2,10,9,9,10,5,7,6,9,8,6,5,2,8,6,6,4,8,7,4,5,7,11,9,10,9,,,3,1,,,7,10,8,4,7,9,8,10,7,9,10,9,8,8,9,9,11,5,8,7,8,4,10,10,,1,,,b'\x11\xe8\xe1I\xc6\xda\xf0\xbc\xaf\x82\x12\xdf\x17\xaeN\x1e'
11E8E149-C6DA-F0BC-AF82-12DF17AE4E1E,2013-ncaa-d1-natl,ncaa,221,216,210,228,214,194,191,195,187,132,120,182,288,268,306,274,90,55,260,54,69,163,114,238,222,263,259,294,42,104,103,88,103,84,77,168,134,322,298,264,192,224,284,286,,,252,246,,,200,124,30,48,155,162,144,92,80,283,260,58,26,26,89,24,69,25,23,142,330,182,280,,293,,,200,193,155,204,126,106,149,114,256,233,220,239,230,269,33,270,274,222,220,153,141,139,284,267,227,170,103,149,103,157,77,251,307,132,150,208,313,282,230,198,,,58,45,,,200,218,250,127,195,248,212,287,156,205,279,271,260,288,291,303,309,211,209,218,285,106,316,253,,12,,,b'\x11\xe8\xe1I\xc6\xda\xf0\xbc\xaf\x82\x12\xdf\x17\xaeN\x1e'
11E8E149-C6DA-F0BC-AF82-12DF17AE4E1E,2014-ncaa-d0-natl,ncaa,129,150,85,148,90,83,84,83,104,80,60,205,126,194,16,242,80,68,248,70,149,72,67,109,120,138,165,169,159,23,17,88,41,45,16,84,137,285,201,157,143,179,306,311,,,197,162,,,117,94,129,62,71,73,88,98,82,137,209,102,62,68,70,63,17,98,25,85,257,175,318,,148,,,117,273,288,251,251,213,162,252,322,309,301,314,93,85,243,94,99,227,230,292,267,253,262,319,39,74,41,117,17,96,16,253,160,133,163,201,290,215,311,244,,,62,131,,,117,257,80,202,118,235,258,210,183,96,324,304,76,62,71,169,169,46,72,43,224,163,253,302,,68,,,b'\x11\xe8\xe1I\xc6\xda\xf0\xbc\xaf\x82\x12\xdf\x17\xaeN\x1e'
11E8E149-C6DA-F0BC-AF82-12DF17AE4E1E,2014-ncaa-d1-conf-NEC,ncaa,4,3,3,4,4,3,3,3,7,3,2,7,7,7,2,7,2,2,9,2,5,3,3,7,7,7,6,6,5,1,1,3,3,2,2,4,4,7,5,5,5,5,9,9,,,4,2,,,4,3,3,7,2,3,2,3,3,6,7,2,2,2,2,2,1,3,1,4,7,5,9,,2,,,4,9,9,8,7,8,7,7,8,8,6,7,2,2,9,2,2,7,7,6,6,6,3,8,2,2,3,6,1,5,2,8,6,3,5,7,8,5,8,7,,,3,4,,,4,8,4,4,3,5,7,7,7,7,6,8,2,2,2,5,5,3,4,4,8,5,8,8,,2,,,b'\x11\xe8\xe1I\xc6\xda\xf0\xbc\xaf\x82\x12\xdf\x17\xaeN\x1e'
11E8E149-C6DA-F0BC-AF82-12DF17AE4E1E,2014-ncaa-d1-natl,ncaa,143,150,100,155,106,97,96,97,111,95,71,210,132,202,18,242,93,76,247,77,149,87,74,116,124,145,163,172,158,27,20,98,43,52,16,92,141,271,200,162,165,186,314,315,,,177,161,,,127,113,131,61,76,78,91,103,85,139,212,102,68,71,72,67,17,104,29,88,257,178,320,,148,,,126,258,276,231,261,201,144,263,321,300,301,313,88,73,249,83,100,204,204,297,277,264,261,319,38,58,43,96,20,73,16,241,161,150,169,209,274,218,309,250,,,74,130,,,127,243,86,211,126,237,264,213,188,95,324,304,77,62,70,167,168,46,74,43,226,172,254,304,,71,,,b'\x11\xe8\xe1I\xc6\xda\xf0\xbc\xaf\x82\x12\xdf\x17\xaeN\x1e'
11E8E149-C6DA-F0BC-AF82-12DF17AE4E1E,2015-ncaa-d0-natl,ncaa,57,37,113,45,126,78,105,99,148,123,158,90,135,88,248,122,23,35,63,35,25,75,80,146,104,95,113,186,29,39,19,163,57,85,28,102,128,185,121,118,141,139,281,294,,,72,50,,,89,117,134,76,46,101,92,126,185,137,91,12,15,15,51,51,25,184,71,99,171,146,291,,52,,,89,233,295,218,307,294,231,301,214,187,270,192,32,23,236,18,20,170,194,305,277,238,54,203,16,46,57,112,19,65,28,132,23,123,123,103,233,180,131,131,,,54,73,,,89,228,55,194,89,216,300,202,303,219,219,175,34,23,20,119,143,35,81,43,107,135,221,116,,30,,,b'\x11\xe8\xe1I\xc6\xda\xf0\xbc\xaf\x82\x12\xdf\x17\xaeN\x1e'
11E8E149-C6DA-F0BC-AF82-12DF17AE4E1E,2015-ncaa-d1-conf-NEC,ncaa,1,1,3,1,3,2,2,2,6,3,5,3,4,4,9,5,1,1,2,1,1,1,1,7,4,3,5,7,2,1,1,4,1,1,2,2,2,6,4,3,4,5,6,6,,,2,2,,,4,4,5,4,2,3,4,5,7,5,4,1,3,3,3,3,1,5,1,1,6,4,6,,2,,,3,6,9,9,8,8,9,4,9,6,10,5,2,2,5,1,1,7,7,8,6,5,3,9,1,1,1,5,1,4,2,3,1,3,3,2,10,8,7,7,,,2,5,,,4,9,3,4,4,5,6,7,6,8,8,5,2,2,2,4,5,2,4,3,3,4,8,7,,4,,,b'\x11\xe8\xe1I\xc6\xda\xf0\xbc\xaf\x82\x12\xdf\x17\xaeN\x1e'
11E8E149-C6DA-F0BC-AF82-12DF17AE4E1E,2015-ncaa-d1-natl,ncaa,68,37,143,48,157,91,137,121,159,143,184,100,141,99,250,122,24,39,62,40,24,92,100,155,110,100,109,185,29,45,20,188,58,102,29,117,133,157,126,127,163,150,292,298,,,50,51,,,104,150,140,71,51,117,100,133,191,138,92,11,16,16,53,56,26,194,73,105,170,157,296,,52,,,102,214,285,188,312,284,200,309,205,171,280,190,27,18,238,13,20,135,154,310,289,253,53,200,15,29,58,81,20,40,29,112,24,144,125,116,217,186,115,134,,,65,73,,,104,197,60,215,100,227,301,201,305,222,219,175,37,23,19,124,141,36,86,49,113,140,223,121,,32,,,b'\x11\xe8\xe1I\xc6\xda\xf0\xbc\xaf\x82\x12\xdf\x17\xaeN\x1e'
11E8E149-C6DA-F0BC-AF82-12DF17AE4E1E,2016-ncaa-d0-natl,ncaa,119,111,114,121,164,111,119,156,86,121,197,56,128,112,203,115,100,154,20,158,121,160,127,87,68,111,149,165,123,61,10,118,44,79,18,49,16,272,250,98,208,200,261,259,,,163,180,,,109,170,200,278,102,111,181,124,234,138,112,93,171,175,185,147,50,117,60,30,250,224,269,,140,,,110,183,180,168,198,137,167,137,250,174,329,190,157,138,209,135,152,162,153,225,219,225,245,260,145,50,44,23,10,19,18,62,18,210,195,107,331,313,190,209,,,118,116,,,109,186,74,185,105,175,168,127,133,137,248,166,145,134,133,123,84,45,21,22,51,232,317,178,,101,,,b'\x11\xe8\xe1I\xc6\xda\xf0\xbc\xaf\x82\x12\xdf\x17\xaeN\x1e'
11E8E149-C6DA-F0BC-AF82-12DF17AE4E1E,2016-ncaa-d1-conf-NEC,ncaa,2,2,3,2,4,3,2,3,2,2,2,1,4,5,4,7,3,6,1,6,9,4,4,2,2,2,8,7,8,3,1,2,3,1,1,1,1,3,5,1,5,6,5,5,,,5,4,,,1,4,5,9,2,2,4,2,3,5,7,4,9,9,4,4,3,1,1,1,4,5,5,,3,,,1,3,4,7,1,2,7,2,7,6,6,5,5,5,1,5,3,5,7,2,1,2,6,7,5,5,3,2,1,2,1,1,1,4,5,3,8,9,5,5,,,4,5,,,1,7,1,1,1,2,2,5,2,7,5,4,3,3,5,5,5,6,1,1,2,5,8,6,,6,,,b'\x11\xe8\xe1I\xc6\xda\xf0\xbc\xaf\x82\x12\xdf\x17\xaeN\x1e'
11E8E149-C6DA-F0BC-AF82-12DF17AE4E1E,2016-ncaa-d1-natl,ncaa,134,111,142,128,203,135,142,195,92,149,233,59,135,124,209,113,116,169,19,174,124,196,170,93,73,117,146,162,112,71,11,145,47,97,19,54,17,252,252,101,233,211,270,262,,,127,186,,,125,214,204,274,106,125,189,138,240,141,115,92,171,173,192,153,55,123,64,32,251,232,269,,146,,,122,158,161,126,209,116,132,151,236,156,331,187,143,121,215,119,154,129,108,229,228,237,244,255,143,34,47,7,11,8,19,44,17,238,205,114,324,317,179,220,,,137,114,,,125,142,78,194,118,184,179,127,143,138,247,162,157,138,139,127,80,44,21,22,56,240,318,185,,107,,,b'\x11\xe8\xe1I\xc6\xda\xf0\xbc\xaf\x82\x12\xdf\x17\xaeN\x1e'
11E8E149-C6DA-F0BC-AF82-12DF17AE4E1E,2017-ncaa-d0-natl,ncaa,120,126,74,129,87,175,202,181,234,153,120,253,265,266,250,276,53,75,42,76,92,167,99,269,197,264,207,292,15,97,67,70,53,67,37,126,52,337,323,255,150,173,148,140,,,108,68,,,183,109,197,129,243,271,286,204,159,297,290,52,89,90,247,162,112,82,76,157,318,182,165,,65,,,183,164,196,243,117,159,181,137,251,280,133,293,56,53,174,49,63,206,220,141,106,104,192,277,60,112,53,103,67,87,37,171,158,106,124,128,334,321,281,243,,,68,74,,,183,241,251,78,178,90,129,167,101,95,230,264,53,44,40,95,114,72,54,48,123,135,315,259,,82,,,b'\x11\xe8\xe1I\xc6\xda\xf0\xbc\xaf\x82\x12\xdf\x17\xaeN\x1e'
11E8E149-C6DA-F0BC-AF82-12DF17AE4E1E,2017-ncaa-d1-conf-NEC,ncaa,3,4,1,4,1,5,5,4,7,2,1,9,8,8,8,10,1,1,1,1,4,3,1,8,7,8,9,10,3,3,2,2,4,2,2,4,3,10,8,6,4,5,2,2,,,4,1,,,5,2,4,6,6,7,6,2,1,10,10,2,3,3,5,4,3,3,2,5,9,5,2,,2,,,5,8,9,10,2,8,7,9,9,10,1,10,2,3,7,2,2,9,9,2,2,3,3,8,1,8,4,4,2,7,2,6,4,4,5,4,10,9,9,5,,,1,1,,,5,9,6,2,6,2,4,7,5,5,4,10,1,1,1,5,7,6,1,2,2,5,9,9,,1,,,b'\x11\xe8\xe1I\xc6\xda\xf0\xbc\xaf\x82\x12\xdf\x17\xaeN\x1e'
11E8E149-C6DA-F0BC-AF82-12DF17AE4E1E,2017-ncaa-d1-natl,ncaa,130,126,98,134,110,205,239,224,240,180,145,264,275,272,256,271,59,91,44,90,90,202,128,273,211,269,205,286,14,114,72,83,58,87,38,149,51,331,325,259,174,186,165,148,,,80,71,,,199,140,205,123,258,283,296,216,165,297,289,52,91,92,261,168,123,83,82,168,317,189,169,,69,,,199,129,168,209,126,135,138,146,240,266,141,290,47,47,182,37,67,163,185,147,117,117,192,276,60,86,58,74,72,59,38,147,163,137,129,137,329,324,272,248,,,81,72,,,199,208,260,90,194,96,131,168,107,103,237,263,56,47,41,98,111,76,56,49,130,141,318,265,,81,,,b'\x11\xe8\xe1I\xc6\xda\xf0\xbc\xaf\x82\x12\xdf\x17\xaeN\x1e'
11E8E149-C6DA-F0BC-AF82-12DF17AE4E1E,2018-ncaa-d0-natl,ncaa,266,280,164,272,169,219,231,212,245,131,86,234,341,330,338,330,45,44,173,43,83,181,116,305,271,294,308,341,11,101,103,120,139,102,97,231,233,337,312,317,160,158,237,252,,,105,86,,,250,132,75,50,236,249,212,103,59,341,332,21,25,24,147,57,85,84,65,255,327,149,240,,132,,,248,194,219,218,180,192,183,196,249,248,213,252,81,100,63,95,109,203,205,204,171,162,186,253,68,172,139,143,103,151,97,188,138,149,156,163,346,333,303,253,,,34,34,,,250,213,290,159,249,220,243,266,215,211,269,276,105,133,133,251,269,196,171,186,190,124,342,315,,8,,,b'\x11\xe8\xe1I\xc6\xda\xf0\xbc\xaf\x82\x12\xdf\x17\xaeN\x1e'
11E8E149-C6DA-F0BC-AF82-12DF17AE4E1E,2018-ncaa-d1-conf-NEC,ncaa,6,5,5,6,5,3,3,4,7,2,1,7,10,10,10,10,1,1,2,1,3,3,3,9,8,8,10,10,1,3,2,2,2,2,1,5,6,8,6,7,4,4,9,9,,,3,3,,,5,3,2,1,2,3,2,1,1,10,10,1,1,1,2,2,2,1,1,6,8,4,9,,3,,,5,8,8,9,7,6,6,7,6,6,9,6,5,5,3,5,5,8,8,8,6,8,4,6,4,2,2,5,2,4,1,6,3,5,8,7,10,7,8,6,,,1,1,,,5,8,6,4,5,9,10,8,7,7,8,9,5,6,5,8,8,2,5,4,7,6,10,9,,1,,,b'\x11\xe8\xe1I\xc6\xda\xf0\xbc\xaf\x82\x12\xdf\x17\xaeN\x1e'
11E8E149-C6DA-F0BC-AF82-12DF17AE4E1E,2018-ncaa-d1-natl,ncaa,276,278,213,279,222,258,272,258,256,157,109,248,341,335,340,331,60,55,178,54,84,223,157,309,281,299,305,341,12,120,116,153,146,140,109,272,238,328,314,323,184,171,250,256,,,76,89,,,263,160,77,45,247,266,221,113,61,341,332,24,26,25,159,61,88,88,69,271,327,159,247,,133,,,261,165,196,190,199,169,145,205,234,225,222,251,64,81,69,79,110,161,168,217,178,181,179,251,69,145,146,120,116,122,109,172,141,167,161,175,345,336,297,257,,,43,30,,,263,179,295,177,264,233,255,267,227,215,271,273,107,136,133,256,265,197,175,188,198,131,343,318,,8,,,b'\x11\xe8\xe1I\xc6\xda\xf0\xbc\xaf\x82\x12\xdf\x17\xaeN\x1e'
11E8E149-C6DA-F0BC-AF82-12DF17AE4E1E,2019-ncaa-d0-natl,ncaa,236,245,173,242,229,185,178,158,212,111,61,255,298,306,252,318,92,59,269,52,131,128,102,262,250,257,285,312,50,51,47,131,106,91,72,161,139,297,241,227,134,140,284,293,,,116,92,,,233,132,56,272,162,159,112,87,35,308,308,59,39,35,74,39,28,89,40,141,294,120,289,,134,,,235,237,234,201,226,224,192,232,199,201,187,196,204,192,232,177,163,205,203,232,230,229,158,169,180,111,106,144,47,127,72,163,88,161,177,156,337,312,256,189,,,56,48,,,233,226,234,204,229,261,261,255,254,230,220,217,229,212,201,259,266,131,178,162,172,145,329,268,,19,,,b'\x11\xe8\xe1I\xc6\xda\xf0\xbc\xaf\x82\x12\xdf\x17\xaeN\x1e'
11E8E149-C6DA-F0BC-AF82-12DF17AE4E1E,2019-ncaa-d1-conf-NEC,ncaa,5,5,5,5,7,7,4,4,6,2,1,7,10,10,7,10,5,3,10,3,7,4,4,7,8,7,10,10,4,2,1,5,3,2,2,5,5,7,5,6,4,4,9,8,,,3,3,,,5,4,1,4,4,3,1,2,1,10,10,5,2,2,1,1,1,2,1,3,7,3,9,,3,,,5,5,7,6,5,7,6,5,5,7,3,7,4,4,4,3,3,6,7,4,3,3,3,6,5,5,3,4,1,4,2,3,3,5,3,3,9,6,7,5,,,2,2,,,5,7,7,3,5,4,5,6,6,7,4,7,6,4,4,5,9,5,5,5,3,2,9,7,,2,,,b'\x11\xe8\xe1I\xc6\xda\xf0\xbc\xaf\x82\x12\xdf\x17\xaeN\x1e'
11E8E149-C6DA-F0BC-AF82-12DF17AE4E1E,2019-ncaa-d1-natl,ncaa,252,245,233,254,292,217,226,201,229,141,85,269,316,318,255,316,109,76,268,72,130,175,146,271,263,265,284,311,43,75,54,174,114,120,76,191,140,275,246,236,168,152,299,299,,,93,97,,,247,190,59,272,174,181,129,100,39,309,312,61,39,37,84,43,34,97,44,151,299,131,294,,135,,,250,204,207,162,244,198,160,245,182,174,201,190,188,170,244,156,164,161,140,246,247,245,159,168,179,74,114,101,54,89,76,144,93,206,190,173,325,318,245,201,,,70,51,,,247,168,241,226,245,271,271,259,266,234,221,216,238,219,208,262,265,133,182,170,182,160,332,273,,18,,,b'\x11\xe8\xe1I\xc6\xda\xf0\xbc\xaf\x82\x12\xdf\x17\xaeN\x1e'
11E8E149-C6DA-F0BC-AF82-12DF17AE4E1E,2020-ncaa-d0-natl,ncaa,259,280,87,273,190,261,269,214,307,207,126,304,291,275,308,272,148,155,160,162,184,212,135,317,304,321,244,279,48,53,52,156,42,86,43,273,208,333,328,315,154,143,245,237,,,117,139,,,271,181,200,346,299,310,263,238,145,304,287,162,167,171,253,142,52,179,87,294,322,169,252,,99,,,266,167,192,146,233,108,92,177,313,257,334,289,48,57,95,59,102,109,137,282,247,215,278,332,35,34,42,121,52,68,43,195,181,138,113,151,325,321,225,185,,,42,54,,,271,178,299,158,264,138,166,102,88,52,310,240,40,49,52,60,77,24,89,43,177,154,315,210,,55,,,b'\x11\xe8\xe1I\xc6\xda\xf0\xbc\xaf\x82\x12\xdf\x17\xaeN\x1e'
11E8E149-C6DA-F0BC-AF82-12DF17AE4E1E,2020-ncaa-d1-conf-NEC,ncaa,7,7,1,7,5,7,8,6,7,2,2,6,11,10,11,11,1,1,4,1,5,5,3,11,8,11,10,11,1,2,2,4,2,2,2,9,8,11,10,11,5,5,9,8,,,5,5,,,6,5,6,5,7,9,9,2,3,11,11,2,1,2,7,3,2,4,2,9,11,5,9,,5,,,6,5,7,6,7,3,3,7,10,10,11,9,3,3,1,3,5,5,5,8,7,6,10,11,3,2,2,2,2,1,2,6,5,4,4,4,11,11,7,4,,,1,1,,,6,7,8,4,6,5,5,5,3,3,10,10,3,3,3,4,4,2,2,1,5,4,11,7,,1,,,b'\x11\xe8\xe1I\xc6\xda\xf0\xbc\xaf\x82\x12\xdf\x17\xaeN\x1e'
11E8E149-C6DA-F0BC-AF82-12DF17AE4E1E,2020-ncaa-d1-natl,ncaa,276,278,128,280,256,300,308,257,314,241,156,314,302,291,310,272,172,185,163,187,185,254,173,327,310,328,238,281,46,69,56,185,46,109,48,298,215,330,333,320,184,154,255,243,,,96,142,,,277,241,205,346,310,321,272,246,149,303,288,161,173,175,259,148,56,184,95,302,326,185,256,,100,,,277,137,173,112,243,93,64,193,311,233,336,289,43,50,97,50,101,75,80,291,254,232,277,332,34,24,46,91,56,49,48,181,183,172,120,166,317,324,210,196,,,59,54,,,277,120,305,175,277,148,176,105,93,56,316,235,39,50,55,65,79,24,90,43,187,163,317,212,,55,,,b'\x11\xe8\xe1I\xc6\xda\xf0\xbc\xaf\x82\x12\xdf\x17\xaeN\x1e'
11E8E149-C6DA-F0BC-AF82-12DF17AE4E1E,2021-ncaa-d0-natl,ncaa,225,250,191,243,192,241,218,206,227,189,146,268,258,278,170,294,265,263,258,265,317,223,180,250,268,306,297,267,264,180,134,162,108,163,91,202,149,322,333,305,182,172,212,211,,,162,184,,,299,189,135,23,290,240,223,170,97,284,308,302,291,296,256,109,138,85,92,202,333,157,212,,213,,,293,154,170,166,195,145,151,150,261,223,289,270,94,71,261,73,58,153,150,225,210,192,245,305,43,133,108,128,134,121,91,221,252,171,143,217,331,333,228,216,,,238,284,,,299,157,308,179,288,218,237,237,151,165,301,279,69,54,55,207,227,146,149,127,259,128,336,267,,256,,,b'\x11\xe8\xe1I\xc6\xda\xf0\xbc\xaf\x82\x12\xdf\x17\xaeN\x1e'
11E8E149-C6DA-F0BC-AF82-12DF17AE4E1E,2021-ncaa-d1-conf-NEC,ncaa,7,9,6,8,6,8,7,6,7,5,3,8,10,9,7,9,10,9,8,9,10,7,6,8,9,10,10,9,9,3,4,3,4,4,3,5,5,10,10,10,6,6,8,8,,,6,7,,,10,6,2,1,10,8,7,4,1,9,9,9,9,9,7,3,4,2,3,7,10,6,8,,7,,,10,8,8,7,7,6,5,5,10,10,8,10,4,3,9,3,5,7,5,8,8,9,10,10,4,7,4,4,4,5,3,8,9,5,8,10,10,10,6,5,,,8,9,,,10,5,10,8,10,8,8,9,4,4,10,10,5,5,5,9,9,7,4,4,9,8,10,6,,9,,,b'\x11\xe8\xe1I\xc6\xda\xf0\xbc\xaf\x82\x12\xdf\x17\xaeN\x1e'
11E8E149-C6DA-F0BC-AF82-12DF17AE4E1E,2021-ncaa-d1-natl,ncaa,230,250,206,251,207,256,232,222,235,206,159,275,265,281,171,293,276,272,258,273,317,240,204,253,274,309,298,263,261,194,139,178,115,186,98,217,148,315,333,307,198,176,223,216,,,150,188,,,304,211,141,21,296,250,225,177,103,284,309,303,290,297,259,112,142,89,99,212,334,165,216,,215,,,300,145,155,147,202,131,137,164,253,214,292,271,86,64,262,66,60,136,134,236,219,203,246,303,42,122,115,114,139,110,98,212,252,188,149,225,327,334,219,222,,,247,284,,,304,137,310,194,296,224,243,237,160,167,303,277,71,55,56,209,226,149,152,129,265,135,337,271,,257,,,b'\x11\xe8\xe1I\xc6\xda\xf0\xbc\xaf\x82\x12\xdf\x17\xaeN\x1e'
11E8E149-C6DA-F0BC-AF82-12DF17AE4E1E,2022-ncaa-d0-natl,ncaa,268,316,79,290,105,243,236,200,276,224,125,337,215,283,39,289,254,265,166,262,311,215,130,267,278,326,205,187,208,148,151,143,134,145,116,142,36,348,347,287,243,280,199,227,,,186,132,,,313,134,246,275,330,331,331,302,176,254,325,294,299,297,339,255,200,216,224,185,336,294,223,,113,,,303,255,291,243,275,269,239,241,282,220,311,186,63,86,37,92,75,223,225,280,239,244,114,245,30,154,134,170,151,151,116,283,193,156,188,244,353,351,253,207,,,129,143,,,313,231,324,224,300,175,232,140,210,163,233,154,38,58,59,115,95,104,59,61,225,221,347,217,,191,,,b'\x11\xe8\xe1I\xc6\xda\xf0\xbc\xaf\x82\x12\xdf\x17\xaeN\x1e'
11E8E149-C6DA-F0BC-AF82-12DF17AE4E1E,2022-ncaa-d1-conf-NEC,ncaa,6,8,1,7,1,2,2,1,7,3,1,9,4,7,1,9,3,3,4,2,8,1,1,6,6,8,6,7,6,4,5,1,3,1,4,1,1,10,10,7,4,6,4,4,,,8,2,,,8,1,5,7,8,9,9,7,3,7,10,7,8,8,10,7,7,5,5,4,10,7,5,,4,,,8,10,10,10,7,10,10,8,10,10,9,9,5,7,2,7,3,10,10,10,6,6,6,9,1,7,3,10,5,10,4,10,6,3,5,8,10,10,9,8,,,1,6,,,8,10,9,6,8,6,8,8,7,4,8,9,2,3,3,7,4,4,4,3,7,7,10,8,,8,,,b'\x11\xe8\xe1I\xc6\xda\xf0\xbc\xaf\x82\x12\xdf\x17\xaeN\x1e'
11E8E149-C6DA-F0BC-AF82-12DF17AE4E1E,2022-ncaa-d1-natl,ncaa,269,316,67,291,94,224,213,187,253,204,107,328,208,275,40,284,255,263,165,263,315,201,122,253,263,313,218,192,220,130,133,131,128,125,113,118,39,350,346,274,226,265,198,231,,,177,119,,,298,124,237,275,319,311,315,277,166,247,318,296,296,296,327,241,176,210,206,159,329,273,225,,95,,,290,255,289,246,271,267,244,237,273,216,307,183,67,94,45,97,77,219,227,277,233,232,112,237,39,152,128,168,133,150,113,275,189,134,171,223,353,348,254,193,,,129,163,,,298,237,310,205,291,170,224,143,203,170,225,147,39,60,64,113,97,102,58,61,219,200,344,215,,199,,,b'\x11\xe8\xe1I\xc6\xda\xf0\xbc\xaf\x82\x12\xdf\x17\xaeN\x1e'
11E8E149-C6DA-F0BC-AF82-12DF17AE4E1E,2023-ncaa-d0-natl,ncaa,312,301,290,313,299,315,308,305,286,309,273,292,218,228,202,144,305,329,123,328,299,314,327,263,271,259,151,128,223,225,185,304,313,292,273,321,313,80,211,281,221,146,183,163,,,15,41,,,292,335,307,103,296,280,240,285,218,191,179,287,309,306,267,277,165,264,241,318,171,167,153,,40,,,292,74,123,96,226,114,113,180,171,126,297,182,23,36,60,44,76,75,49,241,187,235,133,249,34,242,313,93,185,144,273,183,224,301,256,292,215,308,223,291,,,331,285,,,292,33,257,289,290,202,256,241,226,234,247,194,54,81,90,205,141,308,222,283,258,260,278,280,,312,,,b'\x11\xe8\xe1I\xc6\xda\xf0\xbc\xaf\x82\x12\xdf\x17\xaeN\x1e'
11E8E149-C6DA-F0BC-AF82-12DF17AE4E1E,2023-ncaa-d1-conf-America East,ncaa,8,8,5,8,5,7,7,6,8,7,7,8,4,2,6,2,8,7,7,7,7,7,7,7,8,8,1,1,5,2,5,9,9,6,7,7,7,6,7,7,3,2,5,6,,,2,2,,,8,7,4,1,7,7,3,7,4,2,2,7,7,8,4,4,1,9,5,7,8,2,5,,3,,,8,7,8,6,5,6,4,8,7,8,5,8,2,3,3,4,3,5,6,7,5,6,5,7,1,9,9,7,5,9,7,8,6,4,5,6,9,8,7,8,,,5,4,,,8,4,7,7,8,7,9,9,7,5,7,8,3,3,3,8,9,9,7,8,7,3,9,7,,3,,,b'\x11\xe8\xe1I\xc6\xda\xf0\xbc\xaf\x82\x12\xdf\x17\xaeN\x1e'
11E8E149-C6DA-F0BC-AF82-12DF17AE4E1E,2023-ncaa-d1-natl,ncaa,299,301,219,302,244,256,249,237,254,268,230,273,182,197,132,154,283,308,131,307,303,267,277,228,234,232,149,121,246,146,136,242,284,216,220,292,288,115,189,245,165,123,148,138,,,29,41,,,227,310,290,103,248,236,191,251,182,161,170,274,299,298,235,236,115,218,171,285,172,132,132,,46,,,228,91,142,140,177,131,156,143,174,135,258,167,41,61,60,65,82,116,85,186,141,175,133,229,57,255,284,118,136,175,220,181,196,270,236,262,242,292,237,259,,,307,298,,,227,58,211,228,225,162,213,217,183,234,216,166,62,91,93,188,143,291,195,247,225,233,276,270,,309,,,b'\x11\xe8\xe1I\xc6\xda\xf0\xbc\xaf\x82\x12\xdf\x17\xaeN\x1e'
11E8E149-C6DA-F0BC-AF82-12DF17AE4E1E,2024-ncaa-d0-natl,ncaa,206,148,298,199,309,319,312,341,202,317,326,192,232,251,172,148,319,249,360,250,94,338,341,188,225,251,158,126,241,295,253,247,118,279,190,240,92,114,264,222,340,312,238,207,,,23,103,,,238,338,312,164,294,284,324,289,289,183,197,299,195,196,314,311,256,137,198,196,212,321,207,,69,,,241,31,62,61,161,71,67,177,93,98,133,200,25,20,225,21,71,41,23,157,147,191,114,193,82,59,118,73,253,54,190,83,198,342,275,270,128,257,84,221,,,243,58,,,238,20,259,201,242,111,150,162,170,159,156,165,75,64,65,116,49,124,212,168,167,311,224,136,,145,,,b'\x11\xe8\xe1I\xc6\xda\xf0\xbc\xaf\x82\x12\xdf\x17\xaeN\x1e'
11E8E149-C6DA-F0BC-AF82-12DF17AE4E1E,2024-ncaa-d1-conf-America East,ncaa,5,4,5,5,7,5,7,7,5,9,9,6,4,4,4,3,2,1,9,1,1,6,6,5,5,5,2,3,1,6,7,2,3,2,5,5,3,4,4,4,9,9,6,7,,,3,3,,,5,6,3,3,4,7,7,9,8,4,3,1,1,1,4,5,5,1,2,5,4,9,6,,4,,,5,5,6,8,1,3,3,1,8,8,6,8,3,3,7,3,1,7,3,4,5,5,8,8,4,7,3,8,7,8,5,5,6,9,9,8,4,4,3,6,,,1,1,,,5,3,5,5,5,5,6,8,5,5,8,8,4,3,3,8,5,7,8,9,5,9,4,4,,1,,,b'\x11\xe8\xe1I\xc6\xda\xf0\xbc\xaf\x82\x12\xdf\x17\xaeN\x1e'
11E8E149-C6DA-F0BC-AF82-12DF17AE4E1E,2024-ncaa-d1-natl,ncaa,190,150,254,184,283,289,273,325,169,291,315,173,187,216,134,129,314,242,362,241,102,321,321,150,195,210,147,111,274,257,224,214,117,240,169,195,80,136,246,179,315,276,233,216,,,32,98,,,207,325,309,171,269,259,311,278,287,157,178,304,206,202,293,294,228,137,189,152,194,299,214,,67,,,207,41,76,81,156,92,101,181,94,110,114,190,27,20,218,23,62,55,32,147,130,169,96,176,74,74,117,101,224,67,169,110,197,307,242,247,167,252,88,206,,,218,84,,,207,33,225,161,209,95,143,154,176,171,123,154,64,48,51,104,53,112,189,146,167,287,224,125,,164,,,b'\x11\xe8\xe1I\xc6\xda\xf0\xbc\xaf\x82\x12\xdf\x17\xaeN\x1e'
11E8E149-C6DA-F0BC-AF82-12DF17AE4E1E,2025-ncaa-d0-natl,genius_ncaa,147,147,135,154,177,254,215,264,158,206,236,141,242,246,225,190,335,317,306,321,313,280,259,163,196,246,280,202,324,194,106,216,200,215,111,164,70,277,317,204,314,303,237,241,,,103,182,,161,191,270,343,269,312,261,334,233,259,253,266,342,333,334,343,329,200,250,252,163,248,330,240,,95,,152,191,72,96,133,118,88,177,64,154,95,282,131,43,40,288,45,53,95,92,117,110,132,165,239,87,158,200,24,106,52,111,99,162,251,200,187,248,290,39,79,,,279,250,,194,191,84,239,144,195,57,73,85,79,146,144,80,50,38,44,50,23,154,18,43,92,272,237,45,,313,,204,b'\x11\xe8\xe1I\xc6\xda\xf0\xbc\xaf\x82\x12\xdf\x17\xaeN\x1e'
11E8E149-C6DA-F0BC-AF82-12DF17AE4E1E,2025-ncaa-d1-conf-America East,genius_ncaa,3,3,3,3,3,3,4,3,5,3,4,5,6,5,6,6,3,2,7,1,3,3,1,5,6,6,6,5,5,2,1,4,6,1,2,4,2,9,6,4,9,9,4,6,,,8,8,,9,5,2,4,3,4,5,5,4,4,4,6,3,3,3,3,3,2,5,2,2,7,9,5,,8,,7,5,8,6,8,5,5,8,2,8,4,9,3,8,7,9,7,6,8,7,5,6,5,6,6,7,6,6,2,1,3,2,6,5,3,6,5,8,6,5,5,,,1,3,,2,5,7,4,6,5,6,4,6,4,8,6,4,7,5,7,6,5,5,4,4,4,6,6,5,,2,,2,b'\x11\xe8\xe1I\xc6\xda\xf0\xbc\xaf\x82\x12\xdf\x17\xaeN\x1e'
11E8E149-C6DA-F0BC-AF82-12DF17AE4E1E,2025-ncaa-d1-natl,genius_ncaa,145,147,113,151,154,266,218,261,150,196,229,134,246,234,246,187,338,319,324,321,322,280,255,161,199,254,289,210,333,182,99,206,189,211,107,153,74,283,318,207,304,296,225,241,,,109,173,,157,200,262,338,269,318,256,328,223,252,259,258,346,336,336,336,318,197,247,242,163,259,316,241,,92,,145,200,79,112,141,124,104,190,65,163,95,288,127,50,43,276,49,54,106,99,125,120,137,161,242,82,163,189,34,99,63,107,106,161,246,198,186,254,290,39,67,,,281,264,,189,200,94,240,151,207,61,83,91,84,152,145,82,48,36,46,54,24,151,22,43,100,265,234,41,,317,,204,b'\x11\xe8\xe1I\xc6\xda\xf0\xbc\xaf\x82\x12\xdf\x17\xaeN\x1e'
11E8E149-C6DA-F0BC-AF82-12DF17AE4E1E,2026-ncaa-d0-natl,genius_ncaa,35,80,9,68,20,60,50,68,40,50,43,100,74,150,19,267,134,106,293,103,252,74,66,51,69,73,256,165,301,131,203,51,133,70,126,37,83,263,134,65,84,141,80,149,,,344,270,,96,55,56,304,97,140,104,254,94,151,147,288,271,236,231,264,325,260,155,213,68,89,171,134,,204,,40,63,253,230,294,54,277,331,47,116,161,97,32,323,330,159,328,200,308,316,41,50,52,130,51,315,285,133,278,203,279,126,211,129,50,118,83,199,95,273,150,,,95,214,,46,55,315,89,58,58,39,33,47,86,211,22,18,207,211,205,69,64,126,70,69,51,150,67,154,,271,,109,b'\x11\xe8\xe1I\xc6\xda\xf0\xbc\xaf\x82\x12\xdf\x17\xaeN\x1e'
11E8E149-C6DA-F0BC-AF82-12DF17AE4E1E,2026-ncaa-d1-natl,genius_ncaa,38,80,13,79,35,81,64,102,50,69,66,115,101,207,16,270,174,144,292,141,256,108,108,56,77,88,239,163,299,193,240,71,152,103,159,45,84,211,149,78,128,182,100,163,,,324,284,,69,84,91,309,100,177,133,291,122,166,170,295,280,244,242,296,334,291,182,254,84,94,214,148,,216,,44,96,215,189,250,73,236,318,56,76,101,117,28,306,314,173,313,202,275,284,53,74,79,122,45,312,248,152,231,240,242,159,171,131,89,156,110,157,101,256,175,,,130,207,,58,84,285,109,92,89,58,42,52,104,226,22,19,226,226,220,78,62,131,74,78,58,191,68,175,,267,,105,b'\x11\xe8\xe1I\xc6\xda\xf0\xbc\xaf\x82\x12\xdf\x17\xaeN\x1e'
11E8E149-C6ED-662A-AF82-12DF17AE4E1E,2010-ncaa-d0-natl,ncaa,309,290,322,312,334,331,313,339,158,281,310,156,320,325,243,270,336,331,330,332,280,343,332,201,239,304,311,273,272,270,45,291,91,294,28,268,87,280,340,303,315,249,145,77,,,54,272,,,272,337,288,283,323,291,332,225,245,308,311,327,310,309,334,281,189,165,189,205,334,273,100,,196,,,278,11,22,18,186,36,26,199,57,62,149,188,16,31,35,30,131,8,5,178,144,177,115,179,87,21,91,2,45,2,28,51,223,330,234,262,154,282,48,143,,,321,186,,,272,6,308,170,284,85,125,103,150,115,134,145,65,96,98,83,42,79,4,8,178,282,258,104,,255,,,b'\x11\xe8\xe1I\xc6\xedf*\xaf\x82\x12\xdf\x17\xaeN\x1e'
11E8E149-C6ED-662A-AF82-12DF17AE4E1E,2010-ncaa-d1-conf-Patriot,ncaa,8,8,5,8,8,6,6,7,6,5,6,5,7,7,6,7,8,7,8,7,8,7,5,5,6,8,7,7,7,3,1,5,2,3,1,6,4,8,8,8,7,6,2,1,,,4,7,,,6,6,4,6,6,6,7,4,5,7,7,7,7,7,7,3,2,2,2,6,8,6,1,,6,,,6,4,5,3,6,6,5,5,2,2,5,3,3,4,2,4,4,3,1,5,5,6,2,1,3,2,2,1,1,1,1,3,2,6,6,5,6,7,5,5,,,7,7,,,6,2,7,5,6,5,6,5,8,7,4,5,4,4,4,6,3,2,1,1,5,6,8,5,,6,,,b'\x11\xe8\xe1I\xc6\xedf*\xaf\x82\x12\xdf\x17\xaeN\x1e'
11E8E149-C6ED-662A-AF82-12DF17AE4E1E,2010-ncaa-d1-natl,ncaa,308,289,323,310,339,327,310,339,121,262,313,129,310,323,190,256,342,329,329,327,282,342,335,157,211,292,304,252,295,264,42,274,81,276,18,246,74,288,339,288,300,237,125,67,,,73,273,,,258,338,291,285,317,275,332,217,248,293,302,330,309,308,334,280,188,163,183,175,332,264,91,,184,,,263,11,25,18,177,35,28,193,84,79,163,198,18,37,38,37,130,7,4,176,140,171,132,193,87,22,81,2,42,2,18,66,225,326,226,262,175,281,52,138,,,322,217,,,258,4,290,158,269,79,114,96,134,107,150,150,64,93,92,78,39,72,4,8,175,281,258,102,,268,,,b'\x11\xe8\xe1I\xc6\xedf*\xaf\x82\x12\xdf\x17\xaeN\x1e'
11E8E149-C6ED-662A-AF82-12DF17AE4E1E,2011-ncaa-d0-natl,ncaa,229,207,288,228,293,315,293,327,146,225,229,192,331,337,136,328,324,313,293,315,312,330,315,197,216,292,331,314,238,285,96,240,55,274,32,217,38,283,334,265,291,250,166,127,,,14,59,,,253,320,290,94,311,270,332,174,165,328,337,316,289,292,334,285,246,126,193,148,319,275,140,,34,,,254,25,33,51,91,29,34,99,145,163,152,263,42,25,284,20,69,31,17,114,109,177,211,258,99,18,55,4,96,4,32,101,256,325,287,296,240,318,206,251,,,308,208,,,253,21,300,155,267,101,120,169,88,117,221,239,80,56,50,121,41,62,8,11,189,317,291,261,,267,,,b'\x11\xe8\xe1I\xc6\xedf*\xaf\x82\x12\xdf\x17\xaeN\x1e'
11E8E149-C6ED-662A-AF82-12DF17AE4E1E,2011-ncaa-d1-conf-Patriot,ncaa,4,4,3,4,3,5,4,8,2,3,3,4,7,8,2,8,5,6,5,6,8,8,6,4,4,5,8,7,4,6,1,2,1,3,1,4,2,8,8,7,6,6,2,2,,,2,2,,,5,5,5,1,6,6,8,3,3,7,8,6,6,6,8,5,7,1,2,4,8,7,2,,2,,,5,3,2,7,1,2,5,3,4,6,4,6,5,4,7,4,3,4,2,3,3,5,7,7,5,2,1,1,1,1,1,2,4,7,7,6,6,6,6,3,,,4,2,,,5,4,6,5,5,4,4,5,2,2,5,6,3,3,3,5,4,3,1,1,3,7,6,5,,3,,,b'\x11\xe8\xe1I\xc6\xedf*\xaf\x82\x12\xdf\x17\xaeN\x1e'
11E8E149-C6ED-662A-AF82-12DF17AE4E1E,2011-ncaa-d1-natl,ncaa,242,202,321,234,324,329,303,339,153,247,260,198,333,341,138,328,327,322,292,323,311,338,330,201,227,296,328,313,232,298,97,262,56,294,32,227,39,273,337,270,301,252,173,127,,,9,57,,,259,332,290,89,314,273,335,179,167,329,336,315,292,294,335,286,248,130,200,153,321,281,144,,35,,,261,14,22,34,92,20,24,103,132,149,150,263,33,22,288,16,67,19,6,119,113,186,207,257,98,9,56,1,97,1,32,89,257,334,293,302,228,320,200,255,,,318,208,,,259,10,303,163,271,106,125,172,93,117,221,239,80,57,51,127,39,66,8,11,192,318,294,264,,269,,,b'\x11\xe8\xe1I\xc6\xedf*\xaf\x82\x12\xdf\x17\xaeN\x1e'
11E8E149-C6ED-662A-AF82-12DF17AE4E1E,2012-ncaa-d0-natl,ncaa,316,325,163,322,221,308,266,274,222,150,112,248,340,337,326,336,324,327,126,327,340,297,258,286,301,318,343,338,273,199,112,279,158,265,121,190,59,297,326,264,183,131,136,116,,,22,42,,,284,274,283,262,330,286,299,129,81,341,340,328,334,334,320,267,197,291,276,176,305,170,124,,21,,,281,76,111,64,228,134,117,179,105,54,305,88,70,37,318,41,62,47,56,218,216,202,97,149,103,60,158,27,112,23,121,161,229,200,116,186,251,296,255,219,,,321,319,,,284,67,313,179,289,100,136,66,156,143,124,53,81,45,47,45,43,60,26,28,190,191,261,265,,327,,,b'\x11\xe8\xe1I\xc6\xedf*\xaf\x82\x12\xdf\x17\xaeN\x1e'
11E8E149-C6ED-662A-AF82-12DF17AE4E1E,2012-ncaa-d1-conf-Patriot,ncaa,7,7,5,7,6,7,6,8,5,5,4,6,7,8,1,8,6,8,1,7,8,8,7,7,6,7,8,7,4,4,1,8,6,8,2,5,2,7,8,7,4,3,4,3,,,1,3,,,6,7,5,3,7,6,7,5,2,7,8,5,7,6,7,5,3,7,7,3,8,4,4,,2,,,6,3,3,2,8,3,2,7,6,2,8,4,5,5,7,5,6,3,2,8,8,8,7,6,4,1,6,1,1,1,2,4,5,4,3,4,5,6,7,7,,,7,5,,,6,2,7,6,7,5,4,2,5,3,6,2,6,6,6,3,4,2,1,1,4,4,6,7,,6,,,b'\x11\xe8\xe1I\xc6\xedf*\xaf\x82\x12\xdf\x17\xaeN\x1e'
11E8E149-C6ED-662A-AF82-12DF17AE4E1E,2012-ncaa-d1-natl,ncaa,324,325,196,325,263,323,284,298,232,167,127,255,341,339,325,336,330,331,127,331,340,316,290,290,303,322,343,338,270,220,117,299,160,291,129,212,62,290,327,270,196,136,143,118,,,13,44,,,291,301,284,262,331,293,300,133,87,341,340,330,334,334,321,272,201,291,281,188,305,176,126,,23,,,290,58,85,42,235,117,94,186,94,43,311,88,61,32,318,34,62,28,30,221,224,210,100,147,102,47,160,18,117,12,129,146,231,225,121,197,241,298,246,225,,,325,318,,,291,38,316,188,295,106,141,67,160,145,126,51,82,46,48,45,43,64,27,29,196,201,260,265,,327,,,b'\x11\xe8\xe1I\xc6\xedf*\xaf\x82\x12\xdf\x17\xaeN\x1e'
11E8E149-C6ED-662A-AF82-12DF17AE4E1E,2013-ncaa-d0-natl,ncaa,164,166,120,172,131,240,254,239,266,213,182,252,268,252,280,240,101,114,124,110,85,221,192,279,245,266,189,255,28,199,162,30,22,65,28,173,56,239,259,209,319,319,167,171,,,14,15,,,174,191,250,68,275,291,287,230,210,278,262,91,110,106,270,245,212,6,38,191,231,318,177,,11,,,175,67,94,258,14,69,176,28,241,315,33,314,30,22,318,22,24,220,144,21,13,68,234,297,58,94,22,117,162,101,28,137,194,314,333,285,188,207,336,335,,,100,50,,,174,159,265,64,167,62,86,294,61,138,250,316,36,19,19,205,101,93,97,87,131,332,178,334,,95,,,b'\x11\xe8\xe1I\xc6\xedf*\xaf\x82\x12\xdf\x17\xaeN\x1e'
11E8E149-C6ED-662A-AF82-12DF17AE4E1E,2013-ncaa-d1-conf-Patriot,ncaa,5,6,3,6,3,6,4,5,6,4,1,6,8,8,6,8,2,2,5,2,3,4,4,6,6,6,7,8,2,4,5,3,6,2,5,6,5,6,6,7,8,8,5,6,,,1,1,,,6,3,4,3,7,7,6,4,2,8,8,3,2,2,6,4,5,2,3,6,6,8,5,,2,,,6,6,7,7,2,6,7,4,5,7,2,7,2,2,5,2,2,7,7,2,2,3,1,5,2,7,6,4,5,6,5,5,3,8,8,7,6,6,8,8,,,1,2,,,6,7,6,3,6,4,6,8,6,7,6,8,2,2,2,8,7,6,5,7,4,8,6,8,,1,,,b'\x11\xe8\xe1I\xc6\xedf*\xaf\x82\x12\xdf\x17\xaeN\x1e'
11E8E149-C6ED-662A-AF82-12DF17AE4E1E,2013-ncaa-d1-natl,ncaa,171,165,136,177,151,257,273,261,270,233,206,259,277,260,283,239,111,122,125,120,83,243,224,279,251,271,188,255,29,218,169,35,22,77,34,185,58,230,261,215,328,325,180,173,,,9,15,,,180,223,252,65,282,296,292,236,211,279,263,92,109,107,273,246,219,6,40,195,230,325,181,,11,,,181,53,84,250,15,59,149,29,236,312,35,311,27,17,319,18,25,204,112,24,14,74,235,296,55,78,22,94,169,75,34,131,198,325,333,287,178,211,334,336,,,111,46,,,180,131,270,75,175,66,90,296,64,139,251,316,37,19,19,209,100,94,100,89,132,332,180,334,,96,,,b'\x11\xe8\xe1I\xc6\xedf*\xaf\x82\x12\xdf\x17\xaeN\x1e'
11E8E149-C6ED-662A-AF82-12DF17AE4E1E,2014-ncaa-d0-natl,ncaa,148,125,180,144,186,193,242,271,168,219,209,230,207,250,73,225,71,119,57,122,76,242,233,172,115,151,120,197,31,295,276,103,54,192,138,148,64,179,231,160,291,301,154,165,,,41,37,,,196,198,149,44,180,243,271,211,200,195,244,43,79,87,239,220,290,41,165,116,220,291,138,,53,,,197,160,252,247,196,234,222,179,257,244,240,239,6,16,7,15,10,200,142,204,127,209,72,273,3,83,54,129,276,109,138,333,333,307,312,346,166,213,338,336,,,129,51,,,196,162,194,184,188,210,293,323,259,279,283,271,7,26,23,267,188,103,173,141,332,302,202,342,,85,,,b'\x11\xe8\xe1I\xc6\xedf*\xaf\x82\x12\xdf\x17\xaeN\x1e'
11E8E149-C6ED-662A-AF82-12DF17AE4E1E,2014-ncaa-d1-conf-Patriot,ncaa,5,4,7,4,7,4,7,9,4,5,5,6,7,9,3,8,1,1,2,1,1,7,6,5,4,5,4,7,1,7,6,6,4,6,5,6,6,9,8,8,8,8,5,6,,,2,2,,,6,3,2,1,2,5,6,5,5,6,9,1,1,1,5,4,6,3,4,6,9,6,5,,2,,,6,8,9,8,10,9,7,10,9,9,7,7,1,2,1,2,2,7,7,10,9,9,1,6,1,3,4,3,6,3,5,10,9,8,8,10,8,9,10,10,,,2,2,,,6,8,5,9,6,10,10,10,10,10,10,9,2,3,3,9,9,4,6,5,10,8,9,10,,1,,,b'\x11\xe8\xe1I\xc6\xedf*\xaf\x82\x12\xdf\x17\xaeN\x1e'
11E8E149-C6ED-662A-AF82-12DF17AE4E1E,2014-ncaa-d1-natl,ncaa,161,125,211,150,218,218,259,294,173,238,228,238,216,262,76,224,82,128,57,132,74,268,266,177,118,157,121,199,32,306,280,118,57,220,144,167,67,162,239,164,302,303,162,164,,,31,37,,,207,230,149,39,188,245,273,214,201,196,244,44,84,90,243,225,293,43,169,120,220,294,140,,54,,,208,138,239,225,202,220,203,185,251,233,245,238,4,13,7,10,10,176,109,209,132,219,70,272,3,67,57,108,280,82,144,328,333,322,315,347,156,216,335,335,,,149,50,,,207,127,200,194,200,219,300,323,266,282,286,272,7,26,22,268,189,104,176,144,333,304,203,342,,85,,,b'\x11\xe8\xe1I\xc6\xedf*\xaf\x82\x12\xdf\x17\xaeN\x1e'
11E8E149-C6ED-662A-AF82-12DF17AE4E1E,2015-ncaa-d0-natl,ncaa,116,86,172,106,178,228,253,296,131,241,294,98,191,183,203,125,146,202,39,210,90,291,266,131,96,162,129,170,79,221,117,61,9,119,13,204,126,221,293,235,332,323,114,117,,,24,65,,,113,279,309,59,237,264,321,252,308,174,169,127,200,210,320,293,225,23,85,198,245,333,109,,27,,,110,35,43,154,12,32,167,2,177,156,219,195,55,21,342,26,44,115,58,17,18,94,257,282,137,20,9,17,117,12,13,66,160,324,309,263,244,300,228,301,,,162,54,,,113,84,159,67,97,36,42,186,31,189,200,177,69,31,38,115,31,22,20,12,80,331,255,241,,140,,,b'\x11\xe8\xe1I\xc6\xedf*\xaf\x82\x12\xdf\x17\xaeN\x1e'
11E8E149-C6ED-662A-AF82-12DF17AE4E1E,2015-ncaa-d1-conf-Patriot,ncaa,6,4,7,5,7,6,8,10,3,8,10,2,5,5,6,4,4,4,3,5,2,10,9,2,2,4,4,4,4,5,3,4,1,4,1,4,3,7,9,7,10,10,6,5,,,1,1,,,6,9,7,1,5,6,9,6,9,3,4,3,3,3,9,7,5,2,2,4,8,10,5,,2,,,7,4,6,7,4,4,7,2,7,5,8,7,2,1,9,1,2,4,1,5,5,9,6,9,2,1,1,1,3,1,1,5,4,10,10,8,9,10,5,9,,,3,2,,,6,3,4,7,5,5,7,8,6,8,9,7,3,2,3,6,4,2,1,1,5,10,9,7,,3,,,b'\x11\xe8\xe1I\xc6\xedf*\xaf\x82\x12\xdf\x17\xaeN\x1e'
11E8E149-C6ED-662A-AF82-12DF17AE4E1E,2015-ncaa-d1-natl,ncaa,129,86,209,109,219,258,282,323,138,271,319,106,204,194,204,125,165,228,38,236,89,319,309,135,104,172,124,170,75,248,126,83,8,147,14,230,131,205,300,242,339,328,122,123,,,15,69,,,129,312,313,56,246,272,322,260,309,174,168,128,202,214,320,298,233,28,91,210,245,336,106,,28,,,127,25,28,115,17,24,139,5,161,139,226,194,45,16,342,21,44,71,23,23,22,103,257,280,135,14,8,7,126,2,14,52,160,338,312,270,231,302,215,306,,,190,52,,,129,44,170,73,111,43,49,185,33,195,200,178,74,33,41,120,31,23,22,12,85,331,261,244,,138,,,b'\x11\xe8\xe1I\xc6\xedf*\xaf\x82\x12\xdf\x17\xaeN\x1e'
11E8E149-C6ED-662A-AF82-12DF17AE4E1E,2016-ncaa-d0-natl,ncaa,31,30,38,35,52,84,102,179,41,131,217,49,84,127,32,137,53,66,98,61,31,159,108,33,26,75,94,125,93,200,136,25,8,58,20,82,104,330,298,187,191,220,148,185,,,204,162,,,79,90,225,143,123,160,320,203,298,109,175,81,100,93,294,255,264,24,105,118,270,244,180,,116,,,81,179,201,275,77,177,264,61,220,238,176,186,107,157,26,160,102,262,236,73,52,107,172,223,97,41,8,57,136,41,20,173,149,225,268,215,278,240,313,321,,,49,44,,,79,273,95,66,67,80,104,164,98,169,182,176,61,100,104,142,71,15,18,11,106,294,207,294,,88,,,b'\x11\xe8\xe1I\xc6\xedf*\xaf\x82\x12\xdf\x17\xaeN\x1e'
11E8E149-C6ED-662A-AF82-12DF17AE4E1E,2016-ncaa-d1-conf-Patriot,ncaa,2,2,3,2,3,2,2,7,2,2,7,1,3,6,2,5,1,1,4,2,2,5,4,2,2,2,4,6,4,6,2,1,1,3,1,2,6,9,9,6,6,5,4,6,,,3,3,,,2,4,4,1,2,2,7,2,8,4,6,1,1,2,6,4,6,1,2,2,8,6,4,,3,,,2,6,6,7,3,5,7,2,7,8,6,6,3,3,5,3,3,7,6,2,2,4,6,8,4,1,1,1,2,1,1,4,3,7,7,5,6,7,8,8,,,2,3,,,2,8,2,3,2,5,6,6,6,8,6,7,3,3,4,6,5,1,1,1,3,7,5,8,,2,,,b'\x11\xe8\xe1I\xc6\xedf*\xaf\x82\x12\xdf\x17\xaeN\x1e'
11E8E149-C6ED-662A-AF82-12DF17AE4E1E,2016-ncaa-d1-natl,ncaa,38,30,51,36,68,100,129,214,42,158,244,52,96,141,32,133,62,79,98,74,26,195,146,34,28,82,91,122,84,224,147,30,8,71,20,98,104,326,302,195,217,231,164,195,,,176,167,,,90,115,226,137,130,173,324,207,305,113,176,80,102,95,297,257,272,26,111,127,269,254,186,,121,,,93,155,186,254,84,161,241,67,206,226,185,182,94,142,28,144,103,237,201,83,56,124,169,219,100,27,8,35,147,25,20,153,150,251,274,221,260,243,309,328,,,63,39,,,90,250,108,76,77,89,112,168,107,172,186,173,62,104,107,146,69,15,18,11,115,300,207,298,,87,,,b'\x11\xe8\xe1I\xc6\xedf*\xaf\x82\x12\xdf\x17\xaeN\x1e'
11E8E149-C6ED-662A-AF82-12DF17AE4E1E,2017-ncaa-d0-natl,ncaa,16,10,45,12,55,73,95,187,38,130,250,22,85,96,78,97,40,73,27,73,23,169,138,29,17,49,75,128,68,225,142,17,30,54,16,110,151,260,243,173,310,332,82,125,,,108,65,,,40,113,282,140,112,161,322,199,323,109,138,55,107,108,304,297,282,16,88,155,190,333,102,,46,,,48,147,215,299,34,227,311,31,149,215,76,132,38,76,8,78,29,292,231,29,16,73,55,168,38,156,30,40,142,58,16,187,156,313,339,301,297,282,158,213,,,91,75,,,40,244,55,61,40,55,108,250,145,280,97,134,19,47,48,193,62,79,11,18,113,343,253,111,,165,,,b'\x11\xe8\xe1I\xc6\xedf*\xaf\x82\x12\xdf\x17\xaeN\x1e'
11E8E149-C6ED-662A-AF82-12DF17AE4E1E,2017-ncaa-d1-conf-Patriot,ncaa,1,1,1,1,1,1,2,7,1,3,9,1,3,4,1,5,1,2,1,2,1,4,4,1,1,1,2,5,2,7,6,1,1,1,1,3,6,7,5,4,9,10,1,3,,,4,2,,,1,2,7,5,1,3,10,5,9,3,5,2,3,3,10,9,9,1,3,4,4,10,2,,2,,,1,6,7,10,2,9,10,2,3,7,2,3,1,4,1,4,2,10,9,1,1,3,2,4,1,6,1,1,6,1,1,4,3,10,10,8,9,7,5,5,,,2,1,,,1,10,1,3,1,3,4,9,5,9,2,5,1,3,3,8,4,5,1,1,3,10,6,3,,4,,,b'\x11\xe8\xe1I\xc6\xedf*\xaf\x82\x12\xdf\x17\xaeN\x1e'
11E8E149-C6ED-662A-AF82-12DF17AE4E1E,2017-ncaa-d1-natl,ncaa,17,10,56,13,70,89,122,233,41,156,280,24,98,111,82,93,45,88,27,87,22,204,178,33,19,52,73,130,66,255,155,21,30,66,18,132,158,241,248,174,324,332,89,133,,,80,69,,,57,148,285,137,120,172,328,209,326,112,139,55,113,114,310,302,290,15,98,166,192,336,106,,48,,,60,114,183,296,38,207,307,35,135,188,81,127,31,60,9,60,30,283,197,33,16,84,55,167,40,128,30,21,155,29,18,170,162,331,340,303,286,287,142,222,,,107,73,,,57,212,63,75,51,58,114,251,155,281,99,130,19,50,50,194,61,83,11,20,117,344,251,116,,169,,,b'\x11\xe8\xe1I\xc6\xedf*\xaf\x82\x12\xdf\x17\xaeN\x1e'
11E8E149-C6ED-662A-AF82-12DF17AE4E1E,2017-ncaa-d1-ncaatournament,ncaa,33,2,33,33,33,48,54,59,44,48,60,24,47,45,52,15,32,36,12,35,5,55,45,45,37,45,15,38,7,45,26,51,57,48,50,52,37,31,61,57,56,59,48,58,,,18,38,,,60,43,27,6,43,52,57,47,60,37,19,9,16,16,50,26,23,51,47,48,60,54,47,,39,,,60,29,31,29,60,38,32,59,7,5,35,5,22,26,18,23,24,29,23,59,58,62,3,5,26,27,57,4,26,12,50,28,27,63,64,64,40,62,19,52,,,48,43,,,60,19,46,61,60,61,62,61,63,64,10,5,46,53,47,61,49,56,20,40,57,63,62,40,,37,,,b'\x11\xe8\xe1I\xc6\xedf*\xaf\x82\x12\xdf\x17\xaeN\x1e'
11E8E149-C6ED-662A-AF82-12DF17AE4E1E,2018-ncaa-d0-natl,ncaa,66,57,73,66,107,143,182,216,118,165,235,78,177,158,226,139,59,85,52,81,34,198,136,123,88,155,131,200,44,183,115,43,15,64,21,182,195,323,301,264,202,221,100,172,,,138,123,,,92,137,228,278,202,237,315,230,293,204,183,74,125,120,300,251,227,27,76,224,285,241,114,,95,,,91,84,145,265,38,200,314,15,75,58,212,22,18,41,19,48,13,241,192,24,15,40,34,116,41,84,15,59,115,52,21,134,132,255,279,218,287,284,279,305,,,81,65,,,92,221,175,33,86,40,84,213,146,319,51,31,12,30,31,148,81,51,26,21,95,297,263,250,,116,,,b'\x11\xe8\xe1I\xc6\xedf*\xaf\x82\x12\xdf\x17\xaeN\x1e'
11E8E149-C6ED-662A-AF82-12DF17AE4E1E,2018-ncaa-d1-conf-Patriot,ncaa,2,2,3,2,5,2,3,6,1,3,8,1,6,4,5,4,1,1,1,1,1,6,5,1,1,2,5,6,2,3,1,1,1,1,1,3,9,7,7,7,8,9,1,4,,,3,4,,,2,4,4,7,1,2,6,3,9,6,4,1,1,1,6,5,3,1,1,4,7,9,1,,4,,,1,2,4,9,3,7,10,2,2,2,5,1,1,3,1,3,1,9,7,3,1,3,3,4,2,4,1,1,1,1,1,4,3,9,9,8,5,6,9,10,,,2,3,,,2,7,1,3,1,3,4,9,6,10,2,2,1,3,3,9,4,3,1,1,4,10,6,8,,2,,,b'\x11\xe8\xe1I\xc6\xedf*\xaf\x82\x12\xdf\x17\xaeN\x1e'
11E8E149-C6ED-662A-AF82-12DF17AE4E1E,2018-ncaa-d1-natl,ncaa,75,57,97,71,134,179,211,262,126,195,261,90,196,176,233,140,72,116,54,109,35,245,181,130,94,165,127,196,37,224,126,46,17,76,22,206,197,312,306,269,227,223,113,179,,,114,124,,,103,168,233,279,218,261,318,239,295,205,185,74,126,123,302,259,236,28,83,240,286,247,116,,98,,,101,48,119,247,40,177,312,18,59,43,221,20,16,31,22,41,13,215,148,27,16,45,33,108,41,64,17,31,126,24,22,113,136,279,282,228,279,287,270,309,,,106,62,,,103,188,187,39,95,48,94,214,156,318,52,30,13,31,34,152,82,53,26,21,103,300,265,256,,115,,,b'\x11\xe8\xe1I\xc6\xedf*\xaf\x82\x12\xdf\x17\xaeN\x1e'
11E8E149-C6ED-662A-AF82-12DF17AE4E1E,2019-ncaa-d0-natl,ncaa,13,13,26,15,43,34,43,98,17,94,216,22,22,44,10,62,61,92,51,84,49,92,86,11,11,19,45,44,215,267,255,63,123,110,129,29,70,223,153,62,34,48,36,43,,,329,287,,,12,53,207,272,53,69,270,163,308,28,77,110,164,156,256,295,318,131,256,47,110,64,51,,253,,,13,161,141,271,32,145,278,26,157,211,81,151,222,204,256,207,133,271,296,27,42,24,201,164,241,256,123,137,255,187,129,146,149,40,70,43,106,83,45,71,,,65,87,,,12,300,24,25,13,34,26,92,47,139,73,108,139,118,118,70,120,127,28,44,57,92,54,22,,149,,,b'\x11\xe8\xe1I\xc6\xedf*\xaf\x82\x12\xdf\x17\xaeN\x1e'
11E8E149-C6ED-662A-AF82-12DF17AE4E1E,2019-ncaa-d1-conf-Patriot,ncaa,1,1,1,1,1,1,1,1,1,1,8,1,1,1,1,1,2,2,5,2,2,1,1,1,1,1,1,1,6,8,6,3,5,5,5,2,2,7,5,2,1,2,1,1,,,10,9,,,1,1,2,7,1,1,7,2,9,1,1,2,2,2,5,6,9,3,7,2,3,2,1,,9,,,1,5,5,9,1,3,9,1,5,4,4,3,9,9,9,9,7,9,10,1,2,1,8,6,9,9,5,2,6,3,5,5,6,1,3,2,1,1,1,2,,,3,5,,,1,10,1,2,1,3,2,5,1,7,4,3,9,9,9,6,9,8,2,2,4,2,1,1,,4,,,b'\x11\xe8\xe1I\xc6\xedf*\xaf\x82\x12\xdf\x17\xaeN\x1e'
11E8E149-C6ED-662A-AF82-12DF17AE4E1E,2019-ncaa-d1-natl,ncaa,14,13,40,15,61,45,59,132,17,117,253,23,26,59,12,59,78,117,47,111,47,122,124,12,12,20,43,45,213,285,263,73,132,150,147,41,73,190,159,67,56,59,40,43,,,309,290,,,17,72,213,272,58,79,282,171,311,31,80,111,171,164,267,300,324,142,266,52,111,74,56,,255,,,17,127,108,245,35,122,247,27,132,179,89,149,205,180,255,184,134,247,275,30,46,29,196,162,240,230,132,95,263,145,147,124,150,66,78,49,86,84,39,79,,,78,84,,,17,281,25,29,15,37,27,93,51,141,79,109,144,121,120,75,117,128,30,45,66,93,55,29,,152,,,b'\x11\xe8\xe1I\xc6\xedf*\xaf\x82\x12\xdf\x17\xaeN\x1e'
11E8E149-C6ED-662A-AF82-12DF17AE4E1E,2019-ncaa-d1-ncaatournament,ncaa,33,2,33,33,36,41,49,63,20,49,57,16,37,48,22,12,30,37,4,37,2,60,60,12,6,10,8,21,10,62,59,53,60,61,61,43,10,15,42,34,50,40,59,61,,,19,42,,,26,57,41,7,31,48,63,49,57,14,23,9,17,17,60,60,61,53,61,29,34,35,59,,48,,,29,9,8,17,23,19,25,32,1,8,5,7,24,24,31,24,43,25,25,16,20,15,10,3,53,31,60,4,59,18,61,1,1,41,19,1,6,12,12,45,,,33,1,,,26,11,22,32,25,32,27,31,44,49,2,11,51,51,52,46,54,62,17,47,2,14,7,21,,4,,,b'\x11\xe8\xe1I\xc6\xedf*\xaf\x82\x12\xdf\x17\xaeN\x1e'
11E8E149-C6ED-662A-AF82-12DF17AE4E1E,2020-ncaa-d0-natl,ncaa,23,23,87,24,131,158,141,262,40,204,277,79,66,168,5,118,284,316,46,315,273,290,326,24,27,27,93,56,310,341,328,133,11,266,115,152,189,24,70,68,263,211,158,137,,,53,132,,,33,297,348,159,186,163,323,231,295,69,183,299,325,323,338,351,344,152,311,168,22,271,170,,31,,,32,17,17,50,34,23,110,17,78,56,187,94,68,72,165,70,109,40,29,34,35,48,197,178,213,8,11,74,328,26,115,39,161,270,202,128,28,80,36,82,,,290,163,,,33,49,54,28,27,8,9,18,16,71,64,42,64,71,69,8,2,9,61,16,34,288,27,32,,307,,,b'\x11\xe8\xe1I\xc6\xedf*\xaf\x82\x12\xdf\x17\xaeN\x1e'
11E8E149-C6ED-662A-AF82-12DF17AE4E1E,2020-ncaa-d1-conf-Patriot,ncaa,1,1,3,1,10,4,3,9,2,3,6,2,2,6,1,4,9,9,3,9,8,8,9,1,1,1,4,3,9,10,9,2,1,6,3,5,9,1,3,2,8,9,2,2,,,1,3,,,1,8,7,10,3,3,8,3,6,2,6,9,9,9,8,9,10,1,6,4,1,8,2,,1,,,1,1,1,3,1,3,6,1,1,1,2,1,2,4,1,4,3,3,2,1,1,1,2,2,7,1,1,2,9,2,3,1,1,7,6,1,1,3,2,3,,,9,8,,,1,2,1,1,1,1,1,3,3,6,1,1,2,4,4,3,2,1,2,2,1,7,1,2,,9,,,b'\x11\xe8\xe1I\xc6\xedf*\xaf\x82\x12\xdf\x17\xaeN\x1e'
11E8E149-C6ED-662A-AF82-12DF17AE4E1E,2020-ncaa-d1-natl,ncaa,26,23,128,26,192,198,179,307,42,236,293,84,75,183,5,118,297,325,45,322,269,326,344,25,29,30,89,57,309,345,331,161,10,303,124,177,192,19,73,71,282,222,168,143,,,37,137,,,39,326,348,156,194,174,326,242,297,74,185,301,326,323,340,351,345,158,321,176,23,280,169,,31,,,37,10,10,28,37,19,82,18,57,40,190,88,60,64,167,60,111,22,13,39,36,55,194,176,213,6,10,58,331,16,124,33,162,291,212,137,24,83,32,86,,,307,163,,,39,24,58,30,34,8,10,20,17,76,61,42,64,71,68,11,2,8,63,17,37,296,29,34,,305,,,b'\x11\xe8\xe1I\xc6\xedf*\xaf\x82\x12\xdf\x17\xaeN\x1e'
11E8E149-C6ED-662A-AF82-12DF17AE4E1E,2021-ncaa-d0-natl,ncaa,191,1,332,5,332,326,326,331,54,322,329,114,324,334,28,296,322,329,6,329,270,331,333,75,64,16,262,260,164,337,335,324,1,331,45,319,78,6,2,2,334,259,283,63,,,9,39,,,69,333,191,224,79,68,125,48,53,207,281,91,200,206,139,310,335,4,89,38,1,281,61,,21,,,11,9,9,11,12,8,12,10,10,10,50,179,10,8,320,8,42,11,11,14,17,33,211,204,173,5,1,13,335,9,45,8,102,333,259,142,6,2,9,54,,,332,206,,,69,11,45,12,12,16,21,139,30,154,87,138,63,44,38,82,24,2,260,65,29,300,1,96,,271,,,b'\x11\xe8\xe1I\xc6\xedf*\xaf\x82\x12\xdf\x17\xaeN\x1e'
11E8E149-C6ED-662A-AF82-12DF17AE4E1E,2021-ncaa-d1-conf-Patriot,ncaa,3,1,8,1,8,6,6,7,3,5,7,3,7,9,1,10,5,5,1,5,4,7,8,4,3,1,7,8,3,10,10,6,1,7,3,7,4,1,1,1,9,7,3,3,,,1,3,,,2,8,2,3,2,2,2,1,1,7,9,2,2,2,2,6,9,1,3,2,1,7,2,,3,,,1,2,2,3,1,2,4,1,2,2,2,4,3,2,7,2,4,3,3,1,1,1,6,5,8,1,1,4,10,2,3,2,2,8,8,3,1,1,3,4,,,8,4,,,2,3,1,1,1,2,2,7,3,8,3,5,5,6,5,7,3,1,7,4,2,9,1,5,,6,,,b'\x11\xe8\xe1I\xc6\xedf*\xaf\x82\x12\xdf\x17\xaeN\x1e'
11E8E149-C6ED-662A-AF82-12DF17AE4E1E,2021-ncaa-d1-natl,ncaa,202,1,332,5,332,328,328,331,57,323,329,120,325,334,28,295,322,329,6,329,269,331,333,78,66,20,260,258,160,337,336,324,1,331,54,322,79,6,2,2,334,262,289,66,,,9,40,,,74,333,195,225,83,71,135,52,52,210,282,94,200,207,146,312,335,4,94,39,1,284,59,,21,,,13,9,9,11,12,8,12,10,10,10,53,175,10,8,320,8,41,11,11,15,17,34,207,202,172,5,1,12,336,9,54,8,104,333,265,148,6,2,9,56,,,332,203,,,74,11,49,12,13,17,21,139,31,158,88,137,64,44,38,82,22,1,262,67,32,303,1,97,,272,,,b'\x11\xe8\xe1I\xc6\xedf*\xaf\x82\x12\xdf\x17\xaeN\x1e'
11E8E149-C6ED-662A-AF82-12DF17AE4E1E,2022-ncaa-d0-natl,ncaa,34,67,14,61,17,79,65,77,94,53,49,148,144,194,61,262,114,115,176,105,237,73,93,117,127,88,253,223,221,282,338,31,31,76,179,73,136,86,47,50,115,195,110,180,,,147,41,,,54,59,289,150,197,165,263,133,142,226,276,225,232,222,270,343,341,86,251,150,13,219,167,,25,,,57,175,221,308,41,240,326,16,144,154,178,59,73,67,163,68,16,287,296,27,18,21,73,141,60,150,31,341,338,323,179,110,37,64,122,44,43,22,322,251,,,41,50,,,54,302,143,14,50,13,47,107,83,223,55,40,18,17,16,56,51,34,232,127,14,187,9,281,,165,,,b'\x11\xe8\xe1I\xc6\xedf*\xaf\x82\x12\xdf\x17\xaeN\x1e'
11E8E149-C6ED-662A-AF82-12DF17AE4E1E,2022-ncaa-d1-conf-Patriot,ncaa,2,3,1,3,1,2,2,2,3,3,1,4,5,6,2,6,1,1,7,1,1,1,2,3,4,3,5,7,2,8,9,3,2,4,6,2,4,2,1,1,2,2,4,4,,,3,3,,,1,1,4,1,3,3,5,4,2,5,6,1,1,1,4,7,8,4,6,3,1,2,4,,3,,,1,3,4,7,3,4,9,1,3,2,5,2,6,4,8,4,3,7,8,2,2,1,6,5,8,3,2,8,9,7,6,2,3,2,2,2,2,1,10,8,,,2,2,,,1,10,3,1,1,1,1,3,4,6,3,1,3,3,2,3,3,1,8,5,1,2,1,9,,2,,,b'\x11\xe8\xe1I\xc6\xedf*\xaf\x82\x12\xdf\x17\xaeN\x1e'
11E8E149-C6ED-662A-AF82-12DF17AE4E1E,2022-ncaa-d1-natl,ncaa,35,67,16,64,19,97,78,95,104,67,62,163,158,213,61,263,132,135,174,126,237,93,120,126,135,97,252,224,214,301,340,35,34,96,193,87,145,66,47,55,145,207,120,183,,,115,44,,,63,75,291,147,218,186,275,145,147,231,281,229,237,224,276,343,347,92,264,164,15,231,172,,27,,,71,145,195,299,48,220,322,21,126,124,196,59,61,58,175,56,15,274,275,32,24,29,71,143,60,128,34,334,340,312,193,92,39,90,143,50,35,23,318,259,,,54,46,,,63,290,154,18,58,15,51,111,92,226,56,40,22,18,18,59,47,38,240,132,16,200,10,286,,161,,,b'\x11\xe8\xe1I\xc6\xedf*\xaf\x82\x12\xdf\x17\xaeN\x1e'
11E8E149-C6ED-662A-AF82-12DF17AE4E1E,2023-ncaa-d0-natl,ncaa,195,203,164,209,171,284,265,321,157,197,225,173,319,329,264,293,254,238,231,248,228,316,336,197,200,179,306,304,154,354,356,135,24,265,208,261,228,41,154,170,359,359,267,300,,,11,23,,,211,298,344,45,311,283,349,201,223,325,337,253,240,252,347,359,357,88,293,277,58,360,272,,7,,,211,48,115,176,102,178,266,68,73,63,165,78,6,5,349,5,2,110,55,76,59,139,21,136,14,23,24,159,356,74,208,51,49,351,336,278,40,138,170,193,,,259,79,,,211,76,253,99,199,47,135,201,190,299,74,60,7,4,3,88,14,26,182,91,52,351,49,175,,262,,,b'\x11\xe8\xe1I\xc6\xedf*\xaf\x82\x12\xdf\x17\xaeN\x1e'
11E8E149-C6ED-662A-AF82-12DF17AE4E1E,2023-ncaa-d1-conf-Patriot,ncaa,6,6,7,6,8,6,8,10,4,5,8,5,9,9,6,9,4,1,8,1,2,10,10,5,5,4,8,9,1,10,10,4,1,7,5,8,7,2,4,5,10,10,7,8,,,1,2,,,5,9,7,7,6,7,10,5,6,9,9,2,1,1,10,10,10,2,6,6,2,10,7,,2,,,5,2,2,4,3,6,6,3,3,3,4,5,4,2,8,2,3,3,2,3,3,5,4,5,4,4,1,4,10,2,5,2,3,10,9,7,3,7,7,6,,,5,1,,,5,2,5,5,5,4,4,8,6,8,4,5,5,2,2,7,3,4,4,5,2,10,4,7,,4,,,b'\x11\xe8\xe1I\xc6\xedf*\xaf\x82\x12\xdf\x17\xaeN\x1e'
11E8E149-C6ED-662A-AF82-12DF17AE4E1E,2023-ncaa-d1-natl,ncaa,219,203,219,219,227,316,296,346,167,231,255,182,330,341,268,294,273,266,231,270,231,343,351,205,210,192,305,307,150,357,356,167,26,310,224,293,237,27,158,183,360,360,286,307,,,8,24,,,237,341,345,43,323,297,350,212,229,328,336,258,244,256,349,360,357,93,303,290,58,361,281,,7,,,237,31,81,133,117,148,238,75,59,45,178,77,6,5,350,5,2,58,23,81,65,160,22,132,14,15,26,115,356,44,224,34,50,356,344,290,28,144,156,201,,,286,75,,,237,33,265,121,217,53,149,208,202,302,80,61,7,4,4,91,13,26,190,94,58,352,53,181,,265,,,b'\x11\xe8\xe1I\xc6\xedf*\xaf\x82\x12\xdf\x17\xaeN\x1e'
11E8E149-C6ED-662A-AF82-12DF17AE4E1E,2024-ncaa-d0-natl,ncaa,206,228,143,223,170,274,285,306,240,233,204,250,314,322,268,297,155,186,98,183,148,290,296,262,231,246,252,297,39,351,349,152,173,271,282,249,159,153,247,243,280,277,90,104,,,38,46,,,257,249,321,208,325,334,353,266,227,325,331,160,197,191,343,346,353,159,322,276,151,302,95,,33,,,253,109,166,208,127,209,217,148,117,160,85,164,29,30,100,29,27,172,118,108,70,152,57,151,34,188,173,178,349,182,282,227,255,304,307,318,304,338,246,271,,,219,111,,,257,112,293,168,257,91,159,205,195,235,105,152,26,30,29,147,56,184,175,178,217,329,298,257,,253,,,b'\x11\xe8\xe1I\xc6\xedf*\xaf\x82\x12\xdf\x17\xaeN\x1e'
11E8E149-C6ED-662A-AF82-12DF17AE4E1E,2024-ncaa-d1-conf-Patriot,ncaa,5,5,3,5,3,7,7,8,7,6,5,8,9,8,8,9,1,4,1,4,3,8,7,7,6,6,6,9,1,8,9,3,9,5,10,7,6,3,4,4,6,6,2,3,,,4,4,,,7,5,6,4,9,10,7,5,4,9,9,2,5,5,7,8,8,3,7,7,3,6,2,,5,,,7,4,7,8,3,3,6,4,8,9,4,8,1,2,1,2,3,8,7,3,2,3,5,8,1,9,9,9,9,8,10,8,8,8,7,9,9,9,9,9,,,5,5,,,7,6,7,4,8,3,5,8,4,6,8,9,1,2,2,8,6,9,8,9,9,6,8,8,,6,,,b'\x11\xe8\xe1I\xc6\xedf*\xaf\x82\x12\xdf\x17\xaeN\x1e'
11E8E149-C6ED-662A-AF82-12DF17AE4E1E,2024-ncaa-d1-natl,ncaa,235,230,194,237,222,313,330,346,256,272,245,266,329,337,278,299,176,215,99,213,146,334,337,277,244,258,249,301,36,356,355,200,188,313,299,283,171,121,251,258,309,290,98,111,,,27,48,,,280,301,325,189,335,344,358,284,231,330,335,164,201,197,350,352,355,177,329,298,156,314,100,,35,,,279,76,141,171,143,180,185,169,104,135,96,162,22,20,106,19,28,124,68,130,92,175,53,150,33,158,188,150,355,146,299,210,260,336,316,326,293,344,237,281,,,255,106,,,280,62,310,200,287,102,175,210,209,238,113,152,27,35,35,150,55,189,187,186,234,335,303,260,,256,,,b'\x11\xe8\xe1I\xc6\xedf*\xaf\x82\x12\xdf\x17\xaeN\x1e'
11E8E149-C6ED-662A-AF82-12DF17AE4E1E,2025-ncaa-d0-natl,genius_ncaa,133,130,135,135,138,213,190,249,112,216,239,156,152,224,31,161,316,321,163,326,315,274,299,100,113,122,165,106,318,325,299,178,116,256,189,136,62,78,159,94,322,320,43,25,,,42,77,,51,138,270,353,20,253,213,325,246,268,152,230,331,336,336,336,353,335,201,302,131,77,341,29,,36,,47,138,57,53,131,40,48,193,17,127,75,266,94,145,122,232,108,120,117,80,47,62,125,237,208,234,103,116,91,299,83,189,94,215,307,285,241,130,218,165,227,,,273,182,,286,138,87,145,126,137,44,37,83,47,160,111,60,137,122,111,68,18,90,63,65,85,336,135,151,,306,,294,b'\x11\xe8\xe1I\xc6\xedf*\xaf\x82\x12\xdf\x17\xaeN\x1e'
11E8E149-C6ED-662A-AF82-12DF17AE4E1E,2025-ncaa-d1-conf-Patriot,genius_ncaa,4,4,3,4,3,4,3,5,2,4,4,5,3,6,1,6,7,7,5,7,7,6,7,2,3,3,6,4,7,9,7,4,6,5,4,4,6,4,4,5,9,8,2,2,,,3,3,,3,5,8,10,3,5,5,7,6,4,4,7,7,7,7,7,9,9,3,5,5,3,9,2,,3,,3,5,3,4,5,2,4,9,1,4,4,5,4,7,5,9,5,4,5,3,2,2,5,6,3,8,7,6,4,7,3,4,4,5,9,9,6,4,6,9,8,,,4,3,,6,5,3,4,6,5,4,2,5,2,9,5,4,7,5,5,5,3,5,3,4,4,9,5,9,,4,,6,b'\x11\xe8\xe1I\xc6\xedf*\xaf\x82\x12\xdf\x17\xaeN\x1e'
11E8E149-C6ED-662A-AF82-12DF17AE4E1E,2025-ncaa-d1-natl,genius_ncaa,145,130,172,139,175,251,225,302,118,248,269,166,167,239,32,162,330,332,160,334,317,316,331,107,119,125,155,107,316,330,309,217,122,297,202,157,65,67,167,99,337,330,48,27,,,33,76,,41,151,320,354,18,267,231,331,254,276,155,233,331,337,338,339,353,336,211,309,141,78,343,32,,38,,44,151,41,38,92,52,42,155,20,114,56,277,94,134,108,236,95,124,76,35,61,72,146,233,209,235,83,122,67,309,52,202,76,217,326,300,260,111,222,151,237,,,298,175,,295,151,39,159,143,150,47,40,84,53,164,123,62,143,126,113,74,18,96,66,70,95,338,135,161,,306,,294,b'\x11\xe8\xe1I\xc6\xedf*\xaf\x82\x12\xdf\x17\xaeN\x1e'
11E8E149-C6ED-662A-AF82-12DF17AE4E1E,2026-ncaa-d0-natl,genius_ncaa,212,295,49,260,55,206,193,177,253,195,200,214,167,120,282,102,254,256,177,246,265,186,191,248,265,257,183,137,253,303,349,150,284,214,335,140,53,207,202,158,213,263,95,128,,,178,95,,73,258,153,359,62,334,319,341,309,326,236,206,330,332,329,353,359,353,293,357,199,95,294,129,,56,,44,247,234,277,262,208,301,281,229,170,228,84,159,95,145,24,137,59,250,223,177,140,177,33,114,42,313,284,303,349,317,335,274,177,196,256,261,241,251,184,191,,,183,204,,140,258,193,285,212,259,94,164,125,222,172,74,108,38,57,51,82,22,243,210,242,174,303,148,122,,320,,199,b'\x11\xe8\xe1I\xc6\xedf*\xaf\x82\x12\xdf\x17\xaeN\x1e'
11E8E149-C6ED-662A-AF82-12DF17AE4E1E,2026-ncaa-d1-natl,genius_ncaa,256,294,85,287,89,285,271,256,291,277,270,243,228,169,294,101,302,315,176,308,275,266,268,280,292,278,166,134,242,348,359,232,311,305,348,201,56,157,225,183,284,295,121,147,,,122,109,,55,294,217,359,47,354,342,353,335,335,253,220,337,339,335,358,360,358,317,360,241,101,317,146,,67,,50,291,192,239,206,247,274,230,267,126,183,104,163,64,109,25,97,62,192,158,214,170,230,30,112,44,288,311,273,359,291,348,255,184,276,289,292,192,269,158,215,,,249,199,,162,294,125,314,264,302,116,204,136,255,185,84,114,39,67,60,95,20,261,228,264,207,317,159,133,,325,,188,b'\x11\xe8\xe1I\xc6\xedf*\xaf\x82\x12\xdf\x17\xaeN\x1e'
11E8E149-C6F6-2A80-AF82-12DF17AE4E1E,2010-ncaa-d0-natl,ncaa,302,317,178,305,182,197,191,225,151,186,210,136,170,178,139,158,213,207,200,203,163,219,170,142,158,226,181,155,217,98,40,176,228,147,76,154,114,306,301,238,194,204,67,63,,,79,60,,,258,187,162,50,186,170,202,169,204,160,164,207,198,187,208,116,70,150,94,138,308,195,52,,93,,,256,238,235,219,192,166,215,103,303,226,337,220,141,85,336,84,70,197,168,234,237,287,261,302,101,227,228,48,40,94,76,201,140,243,264,258,332,329,65,89,,,155,150,,,258,159,204,298,248,283,280,288,189,257,314,253,155,100,99,262,232,254,59,122,226,237,330,74,,120,,,b'\x11\xe8\xe1I\xc6\xf6*\x80\xaf\x82\x12\xdf\x17\xaeN\x1e'
11E8E149-C6F6-2A80-AF82-12DF17AE4E1E,2010-ncaa-d1-conf-MAC,ncaa,12,12,9,12,9,10,10,10,9,10,5,9,9,10,9,10,11,9,10,9,11,10,9,10,10,10,11,9,10,4,3,7,7,6,4,7,3,10,10,9,12,12,2,2,,,1,2,,,9,10,9,2,10,9,7,4,3,9,9,10,9,9,8,5,2,2,2,6,12,12,1,,3,,,9,6,9,8,7,10,9,6,8,7,8,8,3,1,12,1,2,6,4,7,6,10,3,7,4,7,7,2,3,6,4,3,2,11,12,11,11,12,1,2,,,7,7,,,9,4,10,11,9,10,10,12,11,12,9,8,3,3,2,11,8,7,4,9,5,11,12,2,,6,,,b'\x11\xe8\xe1I\xc6\xf6*\x80\xaf\x82\x12\xdf\x17\xaeN\x1e'
11E8E149-C6F6-2A80-AF82-12DF17AE4E1E,2010-ncaa-d1-natl,ncaa,308,317,191,314,197,212,205,239,157,196,222,142,179,186,142,157,223,218,200,212,164,233,186,146,161,229,178,155,215,106,44,197,233,163,82,167,117,296,303,242,214,208,69,63,,,65,60,,,265,211,164,47,190,175,206,177,206,161,164,205,199,186,210,120,72,154,97,142,309,198,52,,90,,,261,231,229,208,200,153,204,110,299,218,337,219,131,77,338,75,72,184,147,241,246,290,259,302,99,212,233,32,44,76,82,194,141,259,266,268,329,330,59,91,,,171,149,,,265,135,205,305,256,288,290,289,195,261,315,253,155,101,99,263,231,256,59,124,233,242,331,75,,119,,,b'\x11\xe8\xe1I\xc6\xf6*\x80\xaf\x82\x12\xdf\x17\xaeN\x1e'
11E8E149-C6F6-2A80-AF82-12DF17AE4E1E,2011-ncaa-d0-natl,ncaa,153,175,77,165,99,93,65,51,141,65,67,113,125,88,247,144,240,227,223,228,325,61,61,153,180,163,265,172,320,45,60,53,82,39,53,28,36,202,105,50,112,145,9,10,,,129,73,,,162,75,112,213,108,57,34,60,85,146,109,279,275,276,53,76,47,43,23,24,157,135,6,,86,,,162,281,281,292,147,194,270,79,332,286,328,246,155,120,303,117,73,287,259,203,186,242,276,317,91,204,82,247,60,247,53,287,222,222,274,288,274,213,24,14,,,156,283,,,162,256,128,237,174,228,232,270,152,227,325,266,125,88,93,248,201,155,184,171,246,271,242,21,,211,,,b'\x11\xe8\xe1I\xc6\xf6*\x80\xaf\x82\x12\xdf\x17\xaeN\x1e'
11E8E149-C6F6-2A80-AF82-12DF17AE4E1E,2011-ncaa-d1-conf-MAC,ncaa,6,6,3,6,4,4,3,3,5,2,2,3,4,3,7,8,12,12,11,12,12,3,3,4,7,6,12,7,12,2,4,1,2,2,2,1,1,4,4,1,7,7,1,1,,,1,1,,,7,3,4,6,4,2,2,1,2,4,3,12,12,12,2,2,2,2,1,1,5,7,1,,1,,,7,10,11,11,7,8,10,4,12,11,11,8,3,4,8,4,2,10,9,8,8,11,9,12,1,5,2,9,4,8,2,12,9,11,12,12,8,6,1,1,,,9,12,,,7,10,5,11,7,10,9,12,8,10,12,12,3,3,3,10,7,2,9,8,11,12,8,1,,11,,,b'\x11\xe8\xe1I\xc6\xf6*\x80\xaf\x82\x12\xdf\x17\xaeN\x1e'
11E8E149-C6F6-2A80-AF82-12DF17AE4E1E,2011-ncaa-d1-natl,ncaa,159,172,95,172,115,103,71,59,147,70,74,116,133,95,244,139,254,242,218,243,325,71,73,156,182,166,261,169,320,51,66,63,85,44,56,30,37,180,106,51,129,149,10,10,,,115,74,,,169,89,114,208,111,59,35,61,88,147,109,277,279,280,56,78,48,46,24,24,157,144,6,,83,,,169,271,268,286,150,184,258,86,327,281,330,246,149,106,305,104,72,276,240,203,189,248,274,316,88,194,85,228,66,232,56,283,224,246,282,294,265,214,22,13,,,173,282,,,169,242,133,243,180,237,235,271,155,228,325,267,126,87,92,251,199,158,188,174,256,280,246,20,,211,,,b'\x11\xe8\xe1I\xc6\xf6*\x80\xaf\x82\x12\xdf\x17\xaeN\x1e'
11E8E149-C6F6-2A80-AF82-12DF17AE4E1E,2012-ncaa-d0-natl,ncaa,266,288,120,278,125,152,141,142,170,138,122,210,162,190,90,211,160,123,266,123,161,134,102,180,193,229,188,168,180,190,255,130,287,162,278,170,192,301,263,255,109,152,70,75,,,146,45,,,305,77,55,34,165,150,152,139,134,165,206,181,133,131,147,90,211,135,180,175,293,110,67,,121,,,299,328,315,310,226,231,249,173,339,323,335,303,276,168,343,172,124,308,283,276,291,304,320,324,120,312,287,286,255,309,278,333,320,168,254,312,290,254,123,88,,,203,286,,,305,265,254,316,297,326,308,329,238,259,339,330,262,162,165,318,313,316,280,312,333,190,278,112,,231,,,b'\x11\xe8\xe1I\xc6\xf6*\x80\xaf\x82\x12\xdf\x17\xaeN\x1e'
11E8E149-C6F6-2A80-AF82-12DF17AE4E1E,2012-ncaa-d1-conf-MAC,ncaa,11,11,7,11,11,6,4,5,3,3,4,5,10,10,2,10,10,8,12,8,7,4,5,4,6,7,11,10,9,6,7,10,11,10,10,5,7,5,7,5,4,4,1,1,,,6,4,,,9,6,5,9,5,4,4,3,3,9,10,8,7,7,4,5,6,9,9,4,8,3,1,,7,,,9,9,9,9,8,7,5,8,11,10,12,11,7,6,12,6,6,10,8,10,10,10,11,11,6,10,11,7,7,9,10,11,11,7,9,10,5,6,2,2,,,11,10,,,9,6,7,11,9,10,10,11,8,7,11,11,8,7,7,11,9,11,9,10,12,6,5,2,,10,,,b'\x11\xe8\xe1I\xc6\xf6*\x80\xaf\x82\x12\xdf\x17\xaeN\x1e'
11E8E149-C6F6-2A80-AF82-12DF17AE4E1E,2012-ncaa-d1-natl,ncaa,273,288,137,284,142,174,171,172,175,153,138,220,167,198,90,209,171,140,264,138,159,160,114,187,201,235,182,166,176,215,259,145,293,188,287,193,196,296,268,260,125,156,75,76,,,121,46,,,308,90,58,36,171,163,158,144,137,166,209,188,132,130,155,93,217,138,187,187,288,117,68,,121,,,304,323,310,305,231,220,233,181,339,318,337,302,271,155,343,157,126,299,269,285,298,309,317,323,119,306,293,277,259,305,287,333,320,191,260,313,278,253,118,89,,,225,283,,,308,249,260,322,303,326,311,330,242,261,339,329,267,168,171,319,313,317,283,315,334,200,276,113,,231,,,b'\x11\xe8\xe1I\xc6\xf6*\x80\xaf\x82\x12\xdf\x17\xaeN\x1e'
11E8E149-C6F6-2A80-AF82-12DF17AE4E1E,2013-ncaa-d0-natl,ncaa,212,265,80,245,104,140,155,102,243,227,238,217,43,33,156,37,183,208,135,208,153,119,90,179,191,209,42,38,227,144,221,132,306,131,273,96,52,285,238,163,85,120,30,44,,,274,195,,,218,80,96,267,183,203,138,275,281,46,37,229,244,248,166,134,184,175,180,91,253,101,33,,246,,,215,273,248,290,116,228,275,93,256,236,226,182,293,273,269,276,202,290,285,134,151,178,251,220,235,329,306,290,221,320,273,296,294,123,204,238,288,238,159,190,,,221,311,,,218,260,213,221,223,235,203,276,179,250,243,216,263,246,247,276,269,322,257,300,272,161,250,136,,281,,,b'\x11\xe8\xe1I\xc6\xf6*\x80\xaf\x82\x12\xdf\x17\xaeN\x1e'
11E8E149-C6F6-2A80-AF82-12DF17AE4E1E,2013-ncaa-d1-conf-MAC,ncaa,7,7,1,7,1,4,4,3,6,7,6,6,3,3,5,2,5,7,2,8,5,3,3,4,5,6,4,1,6,4,7,4,11,3,8,2,2,12,10,6,3,5,1,1,,,12,6,,,7,3,3,3,5,6,5,7,10,3,3,6,10,10,6,4,6,6,5,3,11,4,1,,9,,,7,9,7,11,3,7,11,2,6,7,4,6,12,11,12,12,6,11,11,3,3,4,8,6,12,12,11,10,7,12,8,8,11,3,8,7,11,8,6,6,,,8,11,,,7,10,6,5,7,5,4,11,6,10,4,7,12,11,9,11,11,12,7,11,8,6,9,5,,10,,,b'\x11\xe8\xe1I\xc6\xf6*\x80\xaf\x82\x12\xdf\x17\xaeN\x1e'
11E8E149-C6F6-2A80-AF82-12DF17AE4E1E,2013-ncaa-d1-natl,ncaa,221,265,90,251,123,150,166,117,250,246,255,220,45,37,158,37,195,222,137,223,149,131,108,186,195,211,40,38,225,161,221,145,308,146,281,101,53,276,242,169,98,130,32,44,,,267,200,,,227,93,98,267,192,211,148,283,281,46,38,229,243,247,172,140,187,182,187,93,253,110,34,,249,,,222,266,240,278,128,220,265,99,252,228,227,179,289,265,277,265,201,284,278,139,155,184,253,220,236,326,308,283,221,316,281,290,294,133,207,242,281,238,155,196,,,234,311,,,227,242,219,230,236,240,206,280,184,255,246,217,268,246,247,279,267,326,260,303,276,165,250,141,,281,,,b'\x11\xe8\xe1I\xc6\xf6*\x80\xaf\x82\x12\xdf\x17\xaeN\x1e'
11E8E149-C6F6-2A80-AF82-12DF17AE4E1E,2014-ncaa-d0-natl,ncaa,148,105,254,131,278,215,200,180,234,172,225,83,226,106,344,101,238,191,286,189,144,184,169,245,262,261,241,210,220,162,176,145,203,145,178,196,165,198,208,209,51,28,64,34,,,239,276,,,163,178,54,115,169,145,66,124,176,206,77,215,155,153,68,56,125,47,57,147,265,17,43,,317,,,163,90,42,116,40,14,57,35,263,251,211,290,231,233,191,225,300,131,171,75,99,65,338,315,296,230,203,208,176,223,178,192,326,102,86,122,147,161,33,45,,,198,207,,,163,150,256,89,180,177,84,213,30,94,303,311,283,290,286,256,298,291,289,296,251,56,212,47,,128,,,b'\x11\xe8\xe1I\xc6\xf6*\x80\xaf\x82\x12\xdf\x17\xaeN\x1e'
11E8E149-C6F6-2A80-AF82-12DF17AE4E1E,2014-ncaa-d1-conf-MAC,ncaa,6,4,6,5,10,8,8,6,7,7,7,5,9,8,12,6,9,10,5,10,10,7,7,7,9,9,10,8,9,7,6,7,11,6,10,8,7,9,9,10,2,2,1,1,,,6,8,,,6,7,4,8,8,4,4,5,6,9,7,9,10,10,5,4,6,6,4,6,10,2,1,,9,,,6,3,3,6,2,2,7,1,6,5,8,4,7,6,11,6,7,6,6,2,3,3,11,9,9,9,11,7,6,10,10,4,10,3,4,3,7,7,3,5,,,10,11,,,6,6,10,4,6,5,4,8,2,9,9,6,8,7,7,8,9,11,9,11,7,2,7,4,,10,,,b'\x11\xe8\xe1I\xc6\xf6*\x80\xaf\x82\x12\xdf\x17\xaeN\x1e'
11E8E149-C6F6-2A80-AF82-12DF17AE4E1E,2014-ncaa-d1-natl,ncaa,143,105,211,131,253,200,183,157,216,166,214,83,198,100,340,99,224,178,286,177,137,158,146,226,251,252,219,188,222,153,163,112,206,121,165,170,153,232,217,211,46,31,59,38,,,275,283,,,158,152,55,127,164,135,71,129,177,183,78,208,154,148,70,47,120,37,48,129,281,19,44,,319,,,157,106,50,142,37,17,78,26,268,254,213,274,256,264,142,261,304,172,197,63,86,60,337,301,296,252,206,217,163,231,165,190,319,96,89,112,188,175,34,44,,,177,212,,,158,185,253,84,167,177,80,219,30,120,295,300,287,294,292,263,299,294,277,291,239,56,225,44,,127,,,b'\x11\xe8\xe1I\xc6\xf6*\x80\xaf\x82\x12\xdf\x17\xaeN\x1e'
11E8E149-C6F6-2A80-AF82-12DF17AE4E1E,2015-ncaa-d0-natl,ncaa,97,103,79,108,106,119,129,61,278,114,84,234,202,115,326,172,65,48,235,47,88,57,43,285,276,269,190,224,58,35,54,95,263,44,135,163,213,327,210,261,21,34,83,96,,,309,240,,,148,56,49,250,161,189,68,151,109,217,133,76,45,44,49,21,24,133,35,212,281,26,85,,278,,,148,214,147,252,54,169,260,47,155,167,132,117,311,313,169,313,263,276,301,56,80,59,243,125,308,311,263,289,54,313,135,261,314,43,70,97,295,194,28,11,,,68,209,,,148,292,233,76,161,145,95,177,109,221,123,133,285,289,290,231,305,293,242,277,213,44,254,22,,85,,,b'\x11\xe8\xe1I\xc6\xf6*\x80\xaf\x82\x12\xdf\x17\xaeN\x1e'
11E8E149-C6F6-2A80-AF82-12DF17AE4E1E,2015-ncaa-d1-conf-MAC,ncaa,5,4,3,6,4,7,7,2,8,3,2,8,9,9,12,10,3,1,10,1,6,2,2,10,10,10,9,10,4,2,1,7,8,3,4,5,6,11,9,9,2,1,2,1,,,9,9,,,5,2,2,3,7,7,3,2,1,10,8,4,1,1,2,1,1,6,2,5,11,1,2,,10,,,5,5,4,7,4,6,10,3,5,2,7,2,10,10,8,10,9,7,11,4,4,3,8,3,10,9,8,7,1,9,4,8,11,2,2,5,11,9,5,2,,,2,7,,,5,11,8,3,7,5,4,5,6,10,4,3,10,10,10,6,11,9,6,8,7,1,10,4,,4,,,b'\x11\xe8\xe1I\xc6\xf6*\x80\xaf\x82\x12\xdf\x17\xaeN\x1e'
11E8E149-C6F6-2A80-AF82-12DF17AE4E1E,2015-ncaa-d1-natl,ncaa,106,103,97,110,132,147,160,68,285,135,96,240,214,122,325,172,78,56,235,55,88,62,48,293,283,276,186,224,54,40,60,118,276,55,145,188,219,310,214,267,27,38,84,99,,,301,244,,,164,61,50,249,166,201,72,158,112,221,134,76,47,46,51,22,25,138,41,222,281,30,87,,283,,,166,191,124,218,57,141,241,51,140,156,138,116,300,303,170,302,261,258,289,56,87,62,242,124,309,302,276,273,60,304,145,244,314,52,77,106,282,196,24,13,,,84,202,,,164,283,241,84,175,153,104,180,115,225,125,131,288,289,291,236,303,297,244,281,223,48,258,24,,85,,,b'\x11\xe8\xe1I\xc6\xf6*\x80\xaf\x82\x12\xdf\x17\xaeN\x1e'
11E8E149-C6F6-2A80-AF82-12DF17AE4E1E,2016-ncaa-d0-natl,ncaa,86,137,25,116,33,113,105,29,298,144,74,296,72,46,230,99,194,157,314,155,240,39,27,280,297,276,127,95,267,15,70,56,88,27,77,83,100,303,174,169,32,53,140,147,,,344,326,,,157,44,154,255,225,215,79,243,167,117,80,278,247,246,105,90,24,132,54,149,208,55,188,,310,,,160,244,163,241,85,132,195,97,228,269,115,224,326,337,96,337,327,275,305,88,115,76,305,205,319,203,88,329,70,314,77,278,321,34,57,109,270,142,161,90,,,78,233,,,157,313,231,62,151,99,50,57,37,44,166,192,279,294,295,94,160,92,241,168,182,56,174,98,,186,,,b'\x11\xe8\xe1I\xc6\xf6*\x80\xaf\x82\x12\xdf\x17\xaeN\x1e'
11E8E149-C6F6-2A80-AF82-12DF17AE4E1E,2016-ncaa-d1-conf-MAC,ncaa,5,7,1,7,1,5,3,1,11,4,1,11,5,5,7,6,8,8,11,7,11,1,1,11,12,10,7,6,9,1,1,3,4,1,3,3,5,10,7,9,3,3,3,2,,,12,12,,,6,2,8,9,9,8,3,7,3,5,7,10,10,10,6,5,1,9,2,8,7,3,4,,12,,,6,9,6,8,3,5,8,4,6,7,4,7,12,12,5,12,12,10,11,2,7,4,12,5,11,7,4,9,1,9,3,10,11,3,3,5,8,5,7,5,,,3,10,,,6,11,8,4,6,3,2,1,2,1,3,4,12,11,11,2,4,4,8,6,7,3,5,6,,8,,,b'\x11\xe8\xe1I\xc6\xf6*\x80\xaf\x82\x12\xdf\x17\xaeN\x1e'
11E8E149-C6F6-2A80-AF82-12DF17AE4E1E,2016-ncaa-d1-natl,ncaa,95,137,30,126,46,139,132,38,302,172,88,303,88,56,233,98,218,173,314,169,242,50,37,286,300,284,125,94,264,17,74,65,97,33,87,100,101,295,178,173,40,60,157,155,,,341,326,,,172,56,152,255,236,224,81,250,168,119,80,277,249,250,106,96,28,141,56,161,210,61,195,,310,,,173,226,145,212,90,112,162,106,215,253,122,220,317,329,99,330,328,248,293,100,129,89,306,201,319,173,97,319,74,301,87,270,321,42,63,116,248,145,150,93,,,100,231,,,172,301,238,71,170,106,53,56,42,45,167,186,283,296,297,102,159,93,245,176,192,60,176,103,,186,,,b'\x11\xe8\xe1I\xc6\xf6*\x80\xaf\x82\x12\xdf\x17\xaeN\x1e'
11E8E149-C6F6-2A80-AF82-12DF17AE4E1E,2016-ncaa-d1-ncaatournament,ncaa,33,2,33,33,33,35,41,34,57,54,41,58,30,31,32,15,38,39,25,40,19,34,33,55,47,46,5,8,11,30,23,38,7,34,21,46,41,16,24,43,53,58,50,51,,,29,60,,,48,33,3,1,21,34,2,54,19,5,4,8,12,12,2,1,2,17,2,40,39,51,45,,61,,,52,27,25,20,57,21,17,56,27,20,57,21,17,29,4,28,52,25,22,58,53,55,31,36,21,6,7,27,23,22,21,25,36,48,34,48,9,12,42,62,,,41,43,,,48,29,36,51,50,59,56,38,53,38,52,30,40,57,55,51,49,6,59,52,55,31,18,62,,16,,,b'\x11\xe8\xe1I\xc6\xf6*\x80\xaf\x82\x12\xdf\x17\xaeN\x1e'
11E8E149-C6F6-2A80-AF82-12DF17AE4E1E,2017-ncaa-d0-natl,ncaa,57,64,74,66,110,85,77,45,179,63,58,141,165,110,284,187,118,70,318,65,152,42,45,203,232,193,246,220,216,14,28,70,48,32,38,69,115,185,81,100,52,58,82,79,,,328,325,,,75,69,93,268,103,84,34,76,66,184,133,155,80,73,30,40,15,82,15,85,149,63,90,,313,,,77,167,105,192,51,140,209,71,80,150,30,115,328,327,234,327,303,228,252,40,83,68,238,70,340,100,48,260,28,211,38,180,274,74,103,108,86,37,163,96,,,95,217,,,75,281,129,47,81,92,46,83,84,129,51,106,316,308,301,143,180,66,179,131,128,109,62,137,,119,,,b'\x11\xe8\xe1I\xc6\xf6*\x80\xaf\x82\x12\xdf\x17\xaeN\x1e'
11E8E149-C6F6-2A80-AF82-12DF17AE4E1E,2017-ncaa-d1-conf-MAC,ncaa,7,7,2,7,2,6,6,2,8,4,4,7,8,4,10,5,8,8,12,8,9,3,3,9,9,8,9,7,11,1,2,3,6,3,5,4,4,9,5,5,2,3,2,3,,,12,10,,,5,3,7,9,8,5,2,6,5,8,6,9,8,8,2,2,1,7,2,5,5,2,3,,10,,,6,6,2,9,2,5,9,2,1,5,2,3,11,11,10,11,9,10,10,2,2,2,8,1,11,8,6,10,2,10,5,8,11,2,4,3,5,3,7,5,,,7,11,,,5,10,7,2,5,3,2,3,5,5,1,2,11,10,10,3,4,4,6,6,5,5,3,6,,10,,,b'\x11\xe8\xe1I\xc6\xf6*\x80\xaf\x82\x12\xdf\x17\xaeN\x1e'
11E8E149-C6F6-2A80-AF82-12DF17AE4E1E,2017-ncaa-d1-natl,ncaa,69,64,98,67,137,107,95,59,189,78,68,151,176,131,287,184,139,82,320,78,151,52,58,210,244,205,242,218,211,19,31,83,52,37,39,83,118,165,81,104,66,63,89,85,,,322,327,,,87,87,99,270,111,94,36,84,72,186,135,162,80,74,30,41,16,83,18,91,153,70,93,,315,,,86,132,81,154,60,119,179,76,61,123,35,112,324,316,236,313,308,192,227,48,87,77,232,68,338,73,52,240,31,177,39,158,273,96,110,124,68,39,147,101,,,110,215,,,87,260,135,58,87,98,53,85,84,130,51,103,317,311,306,143,176,70,186,136,136,114,65,145,,122,,,b'\x11\xe8\xe1I\xc6\xf6*\x80\xaf\x82\x12\xdf\x17\xaeN\x1e'
11E8E149-C6F6-2A80-AF82-12DF17AE4E1E,2018-ncaa-d0-natl,ncaa,9,12,12,12,18,14,12,9,58,13,12,67,62,62,99,214,23,19,151,25,219,6,3,76,77,71,245,214,205,15,66,26,176,12,95,10,40,310,78,42,1,7,28,41,,,348,247,,,18,5,11,167,23,18,12,20,21,102,122,63,64,82,8,9,35,64,26,10,185,6,39,,316,,,20,322,289,325,49,296,313,110,184,322,4,194,343,341,169,340,285,338,348,44,56,28,196,75,310,336,176,328,66,341,95,267,179,1,27,28,189,39,25,3,,,11,178,,,18,347,53,30,25,161,124,239,167,202,92,237,302,301,299,280,339,266,207,237,140,15,84,7,,56,,,b'\x11\xe8\xe1I\xc6\xf6*\x80\xaf\x82\x12\xdf\x17\xaeN\x1e'
11E8E149-C6F6-2A80-AF82-12DF17AE4E1E,2018-ncaa-d1-conf-MAC,ncaa,2,2,1,2,2,2,1,1,4,1,1,5,4,6,3,11,3,2,6,2,10,1,1,4,5,2,9,8,10,1,1,2,7,1,2,1,2,6,1,1,1,1,1,1,,,11,8,,,1,1,2,4,2,1,1,1,1,6,7,5,3,4,1,1,1,4,1,1,2,1,1,,9,,,1,4,2,10,1,3,9,2,3,11,1,9,11,11,6,11,9,11,12,1,1,1,8,3,12,12,7,9,1,10,2,3,6,1,2,1,3,2,3,2,,,2,11,,,1,12,2,1,1,2,1,8,2,6,2,8,9,9,9,8,11,10,5,6,2,1,2,3,,4,,,b'\x11\xe8\xe1I\xc6\xf6*\x80\xaf\x82\x12\xdf\x17\xaeN\x1e'
11E8E149-C6F6-2A80-AF82-12DF17AE4E1E,2018-ncaa-d1-natl,ncaa,11,12,16,12,21,16,15,11,60,13,14,71,69,74,100,211,26,25,150,31,217,9,5,80,79,76,242,208,201,21,72,27,187,15,107,11,44,293,80,44,3,10,30,41,,,347,250,,,24,7,11,169,24,20,13,22,24,106,126,66,71,87,10,12,41,71,31,11,187,8,39,,317,,,26,317,276,321,55,290,311,126,170,315,4,186,340,337,175,337,287,337,346,47,64,36,188,72,312,329,187,321,72,337,107,257,180,4,30,33,167,39,21,3,,,12,180,,,24,345,54,38,33,173,136,242,180,210,96,235,306,304,301,282,338,270,214,240,154,18,85,9,,59,,,b'\x11\xe8\xe1I\xc6\xf6*\x80\xaf\x82\x12\xdf\x17\xaeN\x1e'
11E8E149-C6F6-2A80-AF82-12DF17AE4E1E,2018-ncaa-d1-ncaatournament,ncaa,9,2,9,9,9,10,12,12,23,12,16,16,7,8,28,21,5,6,10,6,10,12,11,15,9,10,15,28,14,13,29,20,57,16,40,15,39,55,30,33,5,6,13,36,,,54,20,,,9,9,5,7,6,17,26,26,44,15,15,3,10,11,18,14,29,53,45,28,35,1,19,,28,,,11,53,54,54,31,58,54,45,35,51,2,29,58,54,51,54,21,55,56,24,24,12,11,10,35,58,57,54,29,56,40,52,24,6,4,7,50,21,36,19,,,8,12,,,9,55,11,21,12,30,42,47,51,43,9,32,34,25,23,42,60,59,20,35,26,2,23,12,,7,,,b'\x11\xe8\xe1I\xc6\xf6*\x80\xaf\x82\x12\xdf\x17\xaeN\x1e'
11E8E149-C6F6-2A80-AF82-12DF17AE4E1E,2019-ncaa-d0-natl,ncaa,41,57,26,54,32,19,37,23,119,46,53,83,48,39,151,128,3,8,8,8,36,17,13,104,65,57,78,173,28,12,21,64,167,26,67,55,185,254,77,98,17,46,216,241,,,344,256,,,42,19,57,137,20,60,36,85,126,80,64,3,15,15,21,29,23,147,49,89,141,37,259,,281,,,47,334,292,304,160,232,206,226,323,334,110,310,331,326,273,323,293,315,335,193,221,164,309,270,266,292,167,254,21,288,67,334,325,16,65,152,82,28,81,34,,,4,61,,,42,332,38,150,50,230,167,171,110,52,280,316,281,267,261,214,282,183,104,128,280,49,48,44,,18,,,b'\x11\xe8\xe1I\xc6\xf6*\x80\xaf\x82\x12\xdf\x17\xaeN\x1e'
11E8E149-C6F6-2A80-AF82-12DF17AE4E1E,2019-ncaa-d1-conf-MAC,ncaa,3,3,1,3,1,2,2,1,4,3,2,3,5,3,9,7,1,1,2,1,2,1,1,2,2,2,6,8,1,1,1,2,10,1,2,3,4,10,5,4,2,2,3,3,,,12,11,,,2,2,4,4,2,2,3,3,3,7,6,1,1,1,1,1,1,5,2,3,7,2,3,,11,,,2,10,5,10,1,2,5,4,7,10,3,9,12,12,11,12,12,12,11,3,3,2,12,7,11,11,10,3,1,7,2,10,11,2,3,6,8,3,4,2,,,2,3,,,2,11,2,3,2,5,3,6,2,1,7,8,10,10,10,7,10,10,2,4,9,3,7,3,,2,,,b'\x11\xe8\xe1I\xc6\xf6*\x80\xaf\x82\x12\xdf\x17\xaeN\x1e'
11E8E149-C6F6-2A80-AF82-12DF17AE4E1E,2019-ncaa-d1-natl,ncaa,51,57,40,57,46,26,46,31,129,61,70,91,59,53,155,129,3,11,8,11,37,25,21,108,75,64,76,167,27,17,26,78,177,38,69,73,191,227,80,102,34,57,231,243,,,329,258,,,56,27,60,133,26,65,40,99,130,81,66,4,15,16,22,33,28,160,56,94,142,46,265,,278,,,59,325,276,286,180,210,170,238,314,329,121,310,323,309,276,306,293,308,326,212,236,184,309,269,265,272,177,220,26,258,69,328,325,36,72,167,67,28,72,39,,,6,62,,,56,323,42,168,60,245,180,174,118,56,282,314,283,271,265,217,280,190,112,136,291,56,51,45,,17,,,b'\x11\xe8\xe1I\xc6\xf6*\x80\xaf\x82\x12\xdf\x17\xaeN\x1e'
11E8E149-C6F6-2A80-AF82-12DF17AE4E1E,2019-ncaa-d1-ncaatournament,ncaa,17,2,17,17,19,19,27,20,34,30,27,35,16,16,19,25,16,17,9,17,9,19,17,32,18,28,14,28,11,14,5,26,46,20,17,23,30,50,52,47,19,28,37,57,,,50,57,,,23,19,12,7,12,27,19,38,35,13,21,6,10,10,18,5,7,28,12,24,60,22,56,,59,,,23,45,44,43,32,46,43,52,30,43,6,38,50,54,9,53,55,44,47,28,26,27,20,9,46,49,46,34,5,40,17,50,56,17,31,42,41,39,43,37,,,17,6,,,23,44,18,39,24,44,43,43,51,38,10,44,50,56,55,54,57,54,10,26,53,20,43,36,,3,,,b'\x11\xe8\xe1I\xc6\xf6*\x80\xaf\x82\x12\xdf\x17\xaeN\x1e'
11E8E149-C6F6-2A80-AF82-12DF17AE4E1E,2020-ncaa-d0-natl,ncaa,81,109,33,111,53,51,51,16,166,62,89,77,121,43,314,108,94,109,138,111,181,17,11,177,172,166,208,185,198,9,22,54,241,14,77,203,329,262,146,246,69,120,228,236,,,303,204,,,118,36,81,138,76,74,22,82,130,149,64,127,149,156,36,31,11,100,19,251,209,96,240,,261,,,121,273,259,308,94,158,194,115,339,344,188,327,175,214,58,213,205,315,333,137,115,111,317,328,116,328,241,205,22,286,77,315,310,60,141,205,236,120,40,24,,,92,259,,,118,327,104,145,115,218,198,279,96,115,327,336,141,169,174,272,299,304,121,221,286,95,193,25,,161,,,b'\x11\xe8\xe1I\xc6\xf6*\x80\xaf\x82\x12\xdf\x17\xaeN\x1e'
11E8E149-C6F6-2A80-AF82-12DF17AE4E1E,2020-ncaa-d1-conf-MAC,ncaa,7,7,1,7,1,3,3,1,10,1,2,6,12,7,12,10,7,8,3,8,12,2,2,11,11,11,12,12,9,1,1,8,10,1,2,8,10,10,7,11,2,3,6,6,,,10,8,,,7,2,8,6,6,4,3,1,2,12,8,8,10,10,4,2,1,8,2,10,7,2,6,,9,,,7,8,6,9,5,1,4,3,10,9,8,9,6,9,4,9,9,11,12,6,6,4,12,11,7,12,10,4,1,10,2,11,11,3,3,9,7,6,4,1,,,10,11,,,7,11,7,4,6,6,5,6,1,4,9,9,6,9,9,6,8,11,2,4,10,4,7,4,,11,,,b'\x11\xe8\xe1I\xc6\xf6*\x80\xaf\x82\x12\xdf\x17\xaeN\x1e'
11E8E149-C6F6-2A80-AF82-12DF17AE4E1E,2020-ncaa-d1-natl,ncaa,92,109,45,113,72,65,66,28,176,73,111,80,134,57,315,110,111,130,135,134,181,33,19,189,183,176,204,183,193,10,24,80,252,17,83,237,331,243,150,260,88,130,236,241,,,287,213,,,132,58,85,132,85,79,27,87,135,152,65,129,154,161,42,32,12,104,20,261,216,108,244,,263,,,133,258,244,295,102,138,171,121,335,339,192,325,158,193,61,195,209,300,320,152,127,122,316,329,114,316,252,173,24,269,83,310,309,83,148,219,222,127,34,26,,,125,257,,,132,305,112,162,126,226,207,282,104,122,329,337,146,178,182,272,299,305,125,231,294,106,194,27,,159,,,b'\x11\xe8\xe1I\xc6\xf6*\x80\xaf\x82\x12\xdf\x17\xaeN\x1e'
11E8E149-C6F6-2A80-AF82-12DF17AE4E1E,2021-ncaa-d0-natl,ncaa,71,104,89,89,107,57,60,45,139,47,33,169,113,118,141,240,49,48,144,51,186,44,60,152,151,94,211,226,131,13,19,73,206,34,55,108,286,132,27,96,90,151,162,198,,,275,218,,,85,97,94,163,36,47,15,38,30,142,159,45,51,53,10,22,9,75,12,155,47,123,221,,246,,,90,274,239,259,113,161,185,102,326,321,265,317,277,281,146,280,289,265,264,173,178,197,331,324,212,286,206,246,19,268,55,308,321,114,193,262,125,35,94,12,,,70,164,,,85,249,36,221,90,247,176,235,66,73,321,325,254,260,260,259,269,266,182,229,298,162,57,32,,78,,,b'\x11\xe8\xe1I\xc6\xf6*\x80\xaf\x82\x12\xdf\x17\xaeN\x1e'
11E8E149-C6F6-2A80-AF82-12DF17AE4E1E,2021-ncaa-d1-conf-MAC,ncaa,3,3,6,3,7,5,5,4,7,3,1,10,11,11,9,12,3,2,6,3,10,5,6,10,9,6,12,12,4,1,2,5,11,3,3,5,8,2,1,3,6,6,4,5,,,7,8,,,4,9,8,7,5,3,2,1,1,11,11,3,3,3,2,2,1,4,1,4,2,6,5,,10,,,4,6,3,7,2,2,5,2,9,9,7,9,9,9,7,9,10,7,6,3,3,4,12,10,9,10,11,4,2,5,3,12,12,7,8,11,2,1,4,3,,,7,7,,,4,5,3,7,4,5,3,9,2,5,10,10,7,7,7,9,9,11,6,8,12,7,2,5,,6,,,b'\x11\xe8\xe1I\xc6\xf6*\x80\xaf\x82\x12\xdf\x17\xaeN\x1e'
11E8E149-C6F6-2A80-AF82-12DF17AE4E1E,2021-ncaa-d1-natl,ncaa,62,104,70,88,84,45,52,35,143,45,27,179,99,103,125,239,39,35,153,37,166,35,43,154,153,96,196,219,111,10,15,59,191,19,45,97,280,146,27,96,75,146,161,197,,,279,193,,,76,77,95,174,38,49,16,49,30,135,158,39,47,50,13,18,5,65,10,154,48,119,223,,233,,,80,279,251,272,109,170,201,109,328,327,227,321,277,286,134,285,284,279,274,163,172,187,329,322,205,295,191,259,15,277,45,317,323,98,197,263,131,32,97,16,,,55,146,,,76,270,37,211,79,239,175,236,64,68,319,326,235,250,251,257,268,263,174,223,301,162,57,35,,73,,,b'\x11\xe8\xe1I\xc6\xf6*\x80\xaf\x82\x12\xdf\x17\xaeN\x1e'
11E8E149-C6F6-2A80-AF82-12DF17AE4E1E,2022-ncaa-d0-natl,ncaa,23,49,14,40,17,13,11,5,63,8,8,95,95,108,94,284,18,19,113,16,224,5,7,91,85,60,277,272,181,9,54,20,264,7,109,28,216,230,29,52,17,70,53,110,,,195,13,,,38,8,33,150,17,12,11,8,13,173,212,55,72,70,11,20,26,49,17,50,78,36,83,,38,,,45,346,346,350,98,335,342,146,329,350,74,269,241,262,119,261,92,351,352,109,90,86,159,233,79,355,264,336,54,353,109,341,262,26,155,190,269,66,16,1,,,25,217,,,38,351,31,129,47,227,260,336,228,275,255,325,117,123,121,325,335,334,208,290,286,83,132,5,,101,,,b'\x11\xe8\xe1I\xc6\xf6*\x80\xaf\x82\x12\xdf\x17\xaeN\x1e'
11E8E149-C6F6-2A80-AF82-12DF17AE4E1E,2022-ncaa-d1-conf-MAC,ncaa,2,2,1,2,1,1,1,1,3,1,1,3,10,12,9,12,2,2,1,2,11,1,1,5,5,4,12,12,5,1,1,2,9,1,3,2,6,7,2,2,1,3,1,2,,,3,2,,,2,1,2,3,1,1,1,1,1,12,12,2,3,3,1,1,1,3,1,3,3,2,1,,2,,,2,12,12,12,2,11,12,2,8,10,1,10,5,5,4,5,2,12,12,2,2,1,5,8,3,12,9,7,1,12,3,11,10,1,4,4,7,4,1,1,,,2,6,,,2,12,2,1,2,4,4,12,7,10,7,10,3,3,3,11,12,12,4,7,6,2,4,1,,2,,,b'\x11\xe8\xe1I\xc6\xf6*\x80\xaf\x82\x12\xdf\x17\xaeN\x1e'
11E8E149-C6F6-2A80-AF82-12DF17AE4E1E,2022-ncaa-d1-natl,ncaa,25,49,16,43,19,15,11,6,68,8,9,103,112,131,96,285,26,26,114,23,227,5,7,95,96,63,273,269,175,11,56,21,277,9,117,31,222,204,30,56,21,81,56,115,,,160,14,,,47,9,37,147,18,13,11,10,15,176,218,55,72,72,13,21,30,51,20,56,78,45,93,,40,,,52,340,343,349,110,326,339,159,323,345,80,267,225,243,123,242,94,350,351,123,99,108,156,232,81,355,277,327,56,350,117,341,266,32,175,205,241,70,13,1,,,32,219,,,47,350,33,143,52,245,270,339,240,278,265,325,118,125,123,329,336,335,209,295,295,93,137,5,,100,,,b'\x11\xe8\xe1I\xc6\xf6*\x80\xaf\x82\x12\xdf\x17\xaeN\x1e'
11E8E149-C6F6-2A80-AF82-12DF17AE4E1E,2022-ncaa-d1-ncaatournament,ncaa,37,2,37,37,38,47,44,39,54,47,44,56,30,34,24,19,65,62,61,61,63,41,39,45,54,53,19,8,65,31,15,57,68,45,62,34,9,21,31,23,24,4,56,64,,,29,52,,,46,39,4,5,33,20,3,34,12,5,7,65,60,59,6,3,8,54,26,6,53,2,55,,65,,,50,20,13,29,32,25,31,31,5,6,10,6,39,38,39,37,56,31,32,26,32,26,17,6,64,38,68,20,15,30,62,13,35,35,15,18,19,35,1,1,,,56,61,,,46,29,45,44,52,53,43,61,56,66,6,8,67,67,67,66,68,68,51,66,46,3,45,1,,50,,,b'\x11\xe8\xe1I\xc6\xf6*\x80\xaf\x82\x12\xdf\x17\xaeN\x1e'
11E8E149-C6F6-2A80-AF82-12DF17AE4E1E,2023-ncaa-d0-natl,ncaa,223,160,326,204,337,261,239,341,50,223,284,84,246,313,60,233,274,283,159,285,210,341,353,69,77,79,245,210,219,356,349,262,114,331,241,217,162,12,114,97,299,231,350,335,,,3,19,,,172,345,272,180,161,144,300,123,196,196,273,211,209,210,286,329,352,125,296,141,65,243,346,,11,,,175,41,113,65,265,66,18,331,260,278,157,356,2,2,47,2,8,28,13,301,237,286,153,345,1,34,114,32,349,21,241,255,324,337,277,344,35,179,37,96,,,325,158,,,172,16,130,267,183,191,285,263,206,62,334,348,2,2,2,134,67,118,165,134,331,303,120,90,,256,,,b'\x11\xe8\xe1I\xc6\xf6*\x80\xaf\x82\x12\xdf\x17\xaeN\x1e'
11E8E149-C6F6-2A80-AF82-12DF17AE4E1E,2023-ncaa-d1-conf-MAC,ncaa,7,9,5,9,7,7,6,9,3,5,8,4,8,12,1,12,8,8,6,8,10,9,12,3,3,3,10,7,7,12,12,5,8,10,10,5,6,1,6,4,8,7,11,11,,,2,2,,,5,8,11,7,8,8,11,7,6,10,12,9,8,8,11,12,12,4,11,5,3,7,11,,2,,,5,5,11,9,8,7,4,10,12,12,6,12,1,1,1,1,1,7,5,10,6,9,3,12,1,9,8,6,12,6,10,12,12,8,9,12,2,7,3,2,,,8,7,,,5,4,7,8,5,7,10,11,8,5,11,11,1,1,1,6,4,9,8,9,12,9,4,2,,10,,,b'\x11\xe8\xe1I\xc6\xf6*\x80\xaf\x82\x12\xdf\x17\xaeN\x1e'
11E8E149-C6F6-2A80-AF82-12DF17AE4E1E,2023-ncaa-d1-natl,ncaa,243,186,342,232,347,274,250,347,50,220,285,93,243,312,58,237,276,293,165,296,211,347,357,76,86,80,245,211,216,356,354,272,114,343,256,222,158,10,114,97,306,235,348,335,,,3,21,,,196,350,276,179,176,157,303,130,193,200,282,213,214,215,294,333,353,135,306,146,62,252,339,,11,,,196,46,145,62,284,76,15,335,282,291,213,355,1,1,54,1,6,20,9,314,260,303,169,351,1,36,114,42,354,19,256,274,323,348,289,348,31,170,42,98,,,322,145,,,196,11,138,298,204,209,304,268,214,67,342,348,1,2,2,139,64,111,176,143,334,312,108,94,,245,,,b'\x11\xe8\xe1I\xc6\xf6*\x80\xaf\x82\x12\xdf\x17\xaeN\x1e'
11E8E149-C6F6-2A80-AF82-12DF17AE4E1E,2024-ncaa-d0-natl,ncaa,127,127,94,133,114,136,143,132,148,126,125,161,176,177,173,205,112,138,81,133,174,133,153,165,153,125,206,217,130,243,301,92,234,142,264,137,164,85,79,103,185,221,289,286,,,299,297,,,151,131,202,219,162,164,194,152,157,194,205,129,169,166,191,252,287,84,179,156,63,213,313,,280,,,153,215,213,266,87,158,127,241,275,345,14,348,171,200,64,202,239,263,253,109,88,136,258,278,148,310,234,317,301,328,264,304,327,186,237,286,130,128,202,167,,,186,214,,,151,228,153,174,160,162,155,237,118,52,252,349,141,169,175,237,210,283,276,297,289,229,105,168,,252,,,b'\x11\xe8\xe1I\xc6\xf6*\x80\xaf\x82\x12\xdf\x17\xaeN\x1e'
11E8E149-C6F6-2A80-AF82-12DF17AE4E1E,2024-ncaa-d1-conf-MAC,ncaa,4,4,1,4,1,4,4,1,5,3,1,7,7,7,6,11,2,4,1,4,7,1,1,7,6,5,9,11,2,8,10,3,9,4,9,4,8,5,4,5,5,8,9,9,,,12,11,,,4,1,5,8,5,5,4,3,3,9,10,4,6,6,4,9,10,5,6,5,4,8,9,,10,,,4,12,12,12,6,11,6,9,11,12,1,11,7,7,4,7,6,12,12,6,5,5,8,10,2,12,9,12,10,12,9,12,12,6,9,11,4,4,10,6,,,5,8,,,4,12,5,6,5,7,7,10,6,3,9,12,5,4,5,10,10,10,10,11,11,7,4,8,,9,,,b'\x11\xe8\xe1I\xc6\xf6*\x80\xaf\x82\x12\xdf\x17\xaeN\x1e'
11E8E149-C6F6-2A80-AF82-12DF17AE4E1E,2024-ncaa-d1-natl,ncaa,123,129,78,133,100,129,136,146,140,126,136,153,179,191,165,211,103,118,100,115,145,136,159,152,141,118,199,220,112,250,299,92,237,146,261,141,157,89,88,103,193,235,307,297,,,318,311,,,151,125,215,225,162,174,222,159,184,198,216,114,150,148,211,266,293,97,198,162,72,222,325,,295,,,152,229,213,278,93,156,107,240,289,350,20,350,181,204,78,209,246,268,255,121,102,143,271,290,154,312,237,307,299,323,261,309,332,193,238,284,132,140,209,184,,,173,184,,,151,231,149,189,159,167,149,226,102,49,262,351,151,171,175,230,201,284,261,282,289,229,105,184,,230,,,b'\x11\xe8\xe1I\xc6\xf6*\x80\xaf\x82\x12\xdf\x17\xaeN\x1e'
11E8E149-C6F6-2A80-AF82-12DF17AE4E1E,2025-ncaa-d0-natl,genius_ncaa,13,26,19,24,24,35,39,41,47,16,10,82,264,290,125,342,10,13,30,15,154,34,37,94,66,58,326,341,55,187,289,57,165,92,243,20,46,165,59,31,17,30,244,193,,,356,316,,278,45,24,70,246,58,59,125,20,26,308,340,20,37,37,91,152,279,184,251,31,65,28,290,,322,,212,50,285,217,274,95,97,59,273,337,358,49,361,303,318,66,320,352,292,339,156,148,48,354,336,250,288,165,338,289,328,243,320,334,6,20,44,222,119,217,45,,,9,23,,5,45,339,79,39,50,96,56,64,14,2,303,356,191,227,232,83,261,174,213,202,223,14,117,127,,29,,18,b'\x11\xe8\xe1I\xc6\xf6*\x80\xaf\x82\x12\xdf\x17\xaeN\x1e'
11E8E149-C6F6-2A80-AF82-12DF17AE4E1E,2025-ncaa-d1-conf-MAC,genius_ncaa,3,2,3,3,3,3,2,4,1,1,1,4,12,12,6,12,1,2,3,2,10,3,5,6,5,3,12,12,3,10,10,5,8,7,9,3,3,4,2,3,1,2,6,4,,,12,11,,6,2,3,1,7,3,3,5,1,2,12,12,1,3,4,3,7,11,7,9,3,3,2,6,,12,,6,2,3,2,7,3,2,2,7,11,11,2,11,10,10,3,10,12,7,11,4,4,3,10,11,10,9,8,10,10,10,9,11,11,1,1,2,8,6,10,4,,,2,3,,1,2,10,5,3,2,3,2,2,2,1,9,11,7,7,7,3,10,8,7,7,10,1,7,8,,3,,1,b'\x11\xe8\xe1I\xc6\xf6*\x80\xaf\x82\x12\xdf\x17\xaeN\x1e'
11E8E149-C6F6-2A80-AF82-12DF17AE4E1E,2025-ncaa-d1-natl,genius_ncaa,14,26,15,26,21,36,34,36,41,11,7,76,266,296,150,342,9,17,39,15,154,33,32,94,64,60,334,342,52,209,302,60,184,93,260,17,46,179,61,31,19,38,251,204,,,356,312,,297,46,14,73,247,60,60,143,16,28,318,342,21,38,38,98,166,293,193,268,30,67,32,297,,323,,221,54,300,235,289,98,108,50,288,346,361,45,361,293,319,60,320,352,302,349,165,159,58,352,339,232,297,184,343,302,331,260,327,335,5,22,58,219,115,217,45,,,6,22,,7,46,349,81,52,55,107,61,73,14,2,306,358,182,219,222,87,253,185,210,206,232,16,115,125,,30,,18,b'\x11\xe8\xe1I\xc6\xf6*\x80\xaf\x82\x12\xdf\x17\xaeN\x1e'
11E8E149-C6F6-2A80-AF82-12DF17AE4E1E,2026-ncaa-d0-natl,genius_ncaa,260,295,116,284,142,212,183,137,298,152,80,308,252,239,258,291,245,219,266,208,330,150,96,315,320,328,304,257,245,16,8,166,254,87,70,189,197,352,329,310,63,67,166,196,,,232,188,,245,237,146,100,97,275,237,115,183,52,283,282,293,275,269,146,32,6,210,42,229,347,58,194,,227,,232,230,192,182,224,95,219,212,192,101,247,12,216,249,211,336,206,187,221,238,72,106,88,117,80,264,282,254,135,8,190,70,186,167,86,87,99,356,331,260,175,,,162,296,,66,237,229,296,105,222,149,140,221,202,189,68,238,230,184,182,222,284,257,69,136,144,75,347,248,,208,,85,b'\x11\xe8\xe1I\xc6\xf6*\x80\xaf\x82\x12\xdf\x17\xaeN\x1e'
11E8E149-C6F6-2A80-AF82-12DF17AE4E1E,2026-ncaa-d1-natl,genius_ncaa,301,294,177,317,197,287,264,206,322,228,124,330,294,289,272,290,298,285,268,279,336,224,152,330,336,346,301,251,228,31,11,249,278,128,86,265,218,345,339,335,98,89,209,217,,,188,211,,226,278,210,111,100,299,275,141,222,64,294,290,298,279,275,172,45,9,239,49,264,353,75,207,,242,,248,277,150,143,168,126,181,155,226,65,207,13,210,217,171,344,161,191,166,178,101,137,128,110,76,260,245,278,75,11,134,86,151,176,142,123,127,351,347,241,200,,,228,283,,86,278,166,322,152,271,182,182,233,238,198,77,243,245,198,192,233,280,276,72,153,175,107,352,267,,206,,75,b'\x11\xe8\xe1I\xc6\xf6*\x80\xaf\x82\x12\xdf\x17\xaeN\x1e'
11E8E149-C6FA-CCAC-AF82-12DF17AE4E1E,2010-ncaa-d0-natl,ncaa,45,49,50,47,56,61,60,105,37,58,140,13,130,100,230,137,81,88,97,85,95,98,112,52,42,44,215,205,182,195,231,93,82,129,141,73,145,144,97,63,58,64,198,231,,,160,93,,,49,92,232,74,84,80,199,84,226,166,134,116,140,142,193,246,272,162,230,91,72,81,230,,74,,,49,176,235,250,153,240,253,170,171,220,111,201,63,52,225,59,31,216,248,134,113,76,78,176,47,167,82,218,231,193,141,290,281,66,92,184,70,63,174,162,,,110,154,,,49,253,63,61,49,68,124,132,158,146,122,157,30,26,29,78,106,74,103,78,230,122,46,136,,203,,,b'\x11\xe8\xe1I\xc6\xfa\xcc\xac\xaf\x82\x12\xdf\x17\xaeN\x1e'
11E8E149-C6FA-CCAC-AF82-12DF17AE4E1E,2010-ncaa-d1-conf-Horizon,ncaa,1,2,1,2,2,3,2,2,2,1,1,2,5,5,5,8,2,2,7,2,3,2,2,3,2,2,8,8,3,4,4,1,3,1,3,3,7,6,4,5,2,3,3,4,,,6,3,,,2,2,5,7,3,3,4,2,3,8,7,2,2,2,2,4,6,1,1,5,5,2,3,,2,,,2,4,7,9,2,7,9,3,4,7,2,6,2,2,3,2,1,8,9,1,1,1,3,5,3,8,3,8,4,7,3,6,9,3,3,3,4,1,10,7,,,2,2,,,2,9,3,1,2,2,3,7,4,8,3,6,1,2,2,3,7,5,4,4,4,3,2,7,,3,,,b'\x11\xe8\xe1I\xc6\xfa\xcc\xac\xaf\x82\x12\xdf\x17\xaeN\x1e'
11E8E149-C6FA-CCAC-AF82-12DF17AE4E1E,2010-ncaa-d1-natl,ncaa,46,49,53,49,60,66,65,115,38,61,152,13,134,106,233,137,88,96,98,93,94,107,124,54,43,46,215,205,179,209,235,101,85,143,148,78,149,128,102,65,64,68,206,233,,,139,94,,,53,102,232,73,85,85,202,85,229,169,133,116,141,144,194,251,274,166,232,91,72,87,229,,74,,,54,162,229,241,156,235,245,177,165,211,112,203,58,46,224,54,32,205,236,141,119,86,73,176,46,149,85,200,235,184,148,287,281,76,100,188,58,65,168,167,,,120,151,,,53,240,64,73,52,68,131,132,160,149,123,152,30,26,31,80,106,76,105,79,237,127,47,136,,205,,,b'\x11\xe8\xe1I\xc6\xfa\xcc\xac\xaf\x82\x12\xdf\x17\xaeN\x1e'
11E8E149-C6FA-CCAC-AF82-12DF17AE4E1E,2011-ncaa-d0-natl,ncaa,99,134,43,128,52,68,95,124,77,126,237,27,62,32,204,43,44,59,43,62,12,105,104,57,41,52,63,102,76,189,207,168,32,175,109,51,34,195,156,61,60,59,303,307,,,288,288,,,133,88,231,92,97,155,251,194,309,83,49,60,95,97,230,258,264,278,300,62,118,90,315,,230,,,137,296,276,188,311,248,142,312,261,236,266,236,278,221,328,212,244,198,218,318,326,309,225,206,208,28,32,179,207,89,109,307,262,103,118,221,101,75,217,264,,,61,72,,,133,264,60,253,131,198,177,59,165,35,219,175,222,171,159,53,52,5,77,17,239,171,58,165,,126,,,b'\x11\xe8\xe1I\xc6\xfa\xcc\xac\xaf\x82\x12\xdf\x17\xaeN\x1e'
11E8E149-C6FA-CCAC-AF82-12DF17AE4E1E,2011-ncaa-d1-conf-Horizon,ncaa,2,2,1,2,1,2,4,5,3,5,6,3,4,5,4,4,2,1,3,2,1,4,3,3,3,2,4,5,1,6,4,6,5,5,4,3,3,7,7,2,2,3,9,10,,,9,8,,,2,3,9,5,4,7,10,5,9,6,8,2,1,2,9,8,7,8,8,4,6,4,9,,7,,,2,6,7,6,6,9,8,6,3,4,4,2,4,4,9,2,1,6,6,5,6,3,2,3,5,5,5,4,4,3,4,3,3,2,4,3,4,5,10,10,,,2,3,,,2,8,2,2,2,2,2,4,6,5,2,2,3,1,1,3,2,3,2,2,3,5,4,9,,4,,,b'\x11\xe8\xe1I\xc6\xfa\xcc\xac\xaf\x82\x12\xdf\x17\xaeN\x1e'
11E8E149-C6FA-CCAC-AF82-12DF17AE4E1E,2011-ncaa-d1-natl,ncaa,90,133,28,124,33,63,83,109,77,115,226,25,65,31,221,45,44,65,40,61,18,89,85,57,41,52,74,110,84,182,206,158,30,163,100,37,33,202,151,57,58,57,295,300,,,303,289,,,133,70,236,88,100,154,249,189,308,95,56,65,107,112,235,261,260,282,300,59,114,87,312,,229,,,136,310,295,199,316,261,152,316,268,237,268,225,280,230,327,218,242,214,243,325,331,309,213,201,209,26,30,204,206,92,100,305,247,87,103,208,100,72,220,251,,,58,79,,,133,277,60,248,128,193,180,48,168,32,208,161,215,163,153,46,48,4,71,15,231,158,57,165,,132,,,b'\x11\xe8\xe1I\xc6\xfa\xcc\xac\xaf\x82\x12\xdf\x17\xaeN\x1e'
11E8E149-C6FA-CCAC-AF82-12DF17AE4E1E,2012-ncaa-d0-natl,ncaa,221,202,240,221,278,268,281,283,250,308,322,178,122,83,256,36,222,225,195,223,42,282,301,213,206,195,43,59,130,287,296,293,54,307,248,268,195,73,184,225,138,64,216,119,,,212,322,,,207,289,235,262,248,283,266,311,319,93,49,197,190,188,259,273,274,284,302,270,127,102,205,,281,,,210,72,38,12,251,20,5,276,239,220,247,319,196,170,267,160,326,19,31,289,307,248,331,301,279,6,54,165,296,53,248,135,288,168,60,153,145,229,96,245,,,200,56,,,207,53,227,207,209,155,95,18,31,5,272,257,253,227,220,25,47,13,259,127,203,115,188,132,,135,,,b'\x11\xe8\xe1I\xc6\xfa\xcc\xac\xaf\x82\x12\xdf\x17\xaeN\x1e'
11E8E149-C6FA-CCAC-AF82-12DF17AE4E1E,2012-ncaa-d1-conf-Horizon,ncaa,5,5,7,5,9,8,8,8,9,9,8,9,6,4,9,3,5,4,9,4,3,6,8,8,9,7,2,3,3,5,5,8,3,6,5,9,8,3,4,7,5,3,4,3,,,6,10,,,5,8,6,7,7,7,6,8,8,5,4,5,4,4,3,7,3,7,4,9,4,4,4,,8,,,5,2,2,1,7,4,2,6,2,2,8,4,5,6,6,6,8,1,1,7,7,5,5,4,9,1,3,6,5,4,5,2,6,2,2,2,6,6,9,8,,,5,4,,,5,3,7,2,5,5,3,2,6,4,2,2,7,6,6,2,3,1,7,6,4,2,7,9,,5,,,b'\x11\xe8\xe1I\xc6\xfa\xcc\xac\xaf\x82\x12\xdf\x17\xaeN\x1e'
11E8E149-C6FA-CCAC-AF82-12DF17AE4E1E,2012-ncaa-d1-natl,ncaa,208,201,196,213,263,247,275,272,257,312,318,182,109,75,254,36,207,204,177,201,38,269,284,215,205,193,39,56,121,290,302,281,45,299,245,274,208,83,184,230,129,66,214,121,,,211,314,,,203,271,228,262,243,283,257,314,319,94,47,189,188,182,254,262,275,274,292,273,127,99,208,,265,,,203,82,40,17,232,18,4,265,239,236,227,318,202,173,263,165,322,18,37,274,299,230,329,299,277,4,45,210,302,70,245,146,290,152,53,140,151,226,132,262,,,180,57,,,203,68,223,180,204,142,79,19,32,5,261,263,247,225,211,24,51,12,265,132,196,108,189,151,,139,,,b'\x11\xe8\xe1I\xc6\xfa\xcc\xac\xaf\x82\x12\xdf\x17\xaeN\x1e'
11E8E149-C6FA-CCAC-AF82-12DF17AE4E1E,2013-ncaa-d0-natl,ncaa,128,126,120,136,233,193,188,203,172,201,264,105,148,91,266,71,217,237,138,233,160,211,233,159,159,151,146,127,210,284,297,179,285,236,303,104,30,102,146,81,176,191,9,5,,,155,132,,,169,196,130,344,228,214,240,215,283,148,89,239,254,251,256,277,293,204,276,81,96,190,6,,144,,,169,135,132,197,87,138,230,52,150,120,247,94,170,222,28,220,179,201,200,83,73,87,187,169,202,283,285,236,297,276,303,150,180,173,182,153,115,157,112,165,,,234,209,,,169,163,182,134,159,123,117,172,125,235,153,105,167,224,218,180,176,284,223,270,145,176,115,115,,259,,,b'\x11\xe8\xe1I\xc6\xfa\xcc\xac\xaf\x82\x12\xdf\x17\xaeN\x1e'
11E8E149-C6FA-CCAC-AF82-12DF17AE4E1E,2013-ncaa-d1-conf-Atlantic 10,ncaa,6,6,9,6,10,11,10,12,7,11,14,3,5,6,7,2,13,13,10,13,5,12,14,6,6,6,3,2,11,13,15,11,16,14,16,5,1,9,13,6,8,7,3,2,,,9,6,,,9,13,10,9,9,8,13,9,14,3,3,12,11,12,12,13,14,11,15,3,10,6,2,,9,,,9,5,4,7,2,2,6,1,12,10,14,10,10,10,6,10,12,8,9,4,5,6,15,13,11,16,16,5,15,12,16,5,7,5,4,6,6,9,3,8,,,10,9,,,9,6,9,6,7,9,4,10,3,8,13,12,12,12,12,13,14,16,10,14,6,4,9,4,,10,,,b'\x11\xe8\xe1I\xc6\xfa\xcc\xac\xaf\x82\x12\xdf\x17\xaeN\x1e'
11E8E149-C6FA-CCAC-AF82-12DF17AE4E1E,2013-ncaa-d1-natl,ncaa,135,126,136,138,270,214,209,226,175,215,278,108,155,93,267,70,233,248,138,245,156,236,259,162,163,159,141,128,207,292,300,199,288,268,306,113,31,88,149,83,188,199,10,5,,,140,134,,,175,228,135,344,236,223,244,220,283,144,92,240,255,252,263,279,296,207,280,83,95,197,6,,145,,,175,120,118,182,90,123,218,54,140,107,246,93,161,214,31,209,180,181,181,90,80,95,185,169,202,277,288,221,300,266,306,146,186,185,191,159,106,157,106,173,,,246,206,,,175,134,188,142,168,125,119,171,130,237,154,102,173,224,220,182,177,287,225,272,147,183,117,116,,257,,,b'\x11\xe8\xe1I\xc6\xfa\xcc\xac\xaf\x82\x12\xdf\x17\xaeN\x1e'
11E8E149-C6FA-CCAC-AF82-12DF17AE4E1E,2014-ncaa-d0-natl,ncaa,165,173,131,173,141,191,207,235,140,225,266,109,120,120,148,93,199,231,93,231,140,245,251,112,107,121,102,96,201,338,341,129,84,252,244,104,35,119,183,80,164,166,46,30,,,72,61,,,187,189,222,106,222,237,289,248,286,124,122,226,253,255,292,302,343,123,290,88,106,180,39,,56,,,185,152,152,190,124,106,132,125,273,259,210,279,103,103,210,104,126,178,159,153,139,176,269,294,115,99,84,212,341,169,244,183,202,215,227,221,239,283,42,89,,,203,120,,,187,168,204,149,177,136,152,192,109,114,273,270,106,94,96,157,124,93,209,155,178,235,230,34,,231,,,b'\x11\xe8\xe1I\xc6\xfa\xcc\xac\xaf\x82\x12\xdf\x17\xaeN\x1e'
11E8E149-C6FA-CCAC-AF82-12DF17AE4E1E,2014-ncaa-d1-conf-Big East,ncaa,6,6,7,6,7,8,9,9,7,8,7,7,5,5,4,5,6,8,2,8,7,8,8,5,4,6,5,5,4,8,8,6,5,8,7,6,4,4,7,5,6,6,1,2,,,2,1,,,7,8,5,6,8,9,9,7,7,5,5,6,7,7,8,8,8,4,8,5,6,5,1,,2,,,7,2,3,6,4,3,4,2,7,7,7,8,2,2,7,2,2,4,4,3,3,4,7,9,3,5,5,3,8,4,7,5,5,7,6,6,8,8,2,3,,,8,6,,,7,3,7,5,7,4,5,8,5,5,8,8,2,2,2,8,5,7,6,6,5,7,8,2,,8,,,b'\x11\xe8\xe1I\xc6\xfa\xcc\xac\xaf\x82\x12\xdf\x17\xaeN\x1e'
11E8E149-C6FA-CCAC-AF82-12DF17AE4E1E,2014-ncaa-d1-natl,ncaa,173,171,145,178,160,215,230,262,147,247,281,114,129,128,150,94,222,251,92,251,143,271,281,118,111,125,103,94,197,340,341,155,85,272,250,115,36,102,187,85,186,175,51,34,,,54,63,,,196,218,223,89,227,241,290,251,289,124,121,229,255,258,296,302,343,129,296,92,106,182,42,,58,,,195,127,136,172,131,92,115,132,265,251,212,281,98,92,214,93,124,150,125,159,143,182,268,292,115,86,85,195,341,149,250,168,204,237,234,231,222,289,37,88,,,226,120,,,196,139,208,157,193,143,159,192,115,115,275,271,107,94,95,157,123,94,213,160,181,244,232,35,,233,,,b'\x11\xe8\xe1I\xc6\xfa\xcc\xac\xaf\x82\x12\xdf\x17\xaeN\x1e'
11E8E149-C6FA-CCAC-AF82-12DF17AE4E1E,2015-ncaa-d0-natl,ncaa,208,189,243,212,244,229,226,273,132,224,255,136,169,187,130,143,237,243,184,242,165,266,302,129,137,116,152,143,196,336,335,159,85,269,250,235,210,35,109,133,309,311,122,108,,,4,8,,,243,268,249,9,193,194,249,206,239,150,155,210,209,209,242,289,328,71,244,214,74,303,105,,8,,,246,154,219,205,216,109,111,180,327,305,331,325,9,11,54,11,33,138,83,265,205,280,266,339,5,89,85,159,335,123,250,230,220,318,313,324,67,145,223,277,,,310,258,,,243,88,175,270,237,249,299,314,176,171,342,330,13,21,25,259,135,130,244,207,287,309,113,260,,307,,,b'\x11\xe8\xe1I\xc6\xfa\xcc\xac\xaf\x82\x12\xdf\x17\xaeN\x1e'
11E8E149-C6FA-CCAC-AF82-12DF17AE4E1E,2015-ncaa-d1-conf-Big East,ncaa,5,4,7,5,7,9,9,10,4,8,9,3,5,6,4,5,5,5,6,6,2,10,9,4,3,5,5,5,3,9,9,5,3,8,4,9,6,5,6,6,9,10,4,3,,,2,2,,,6,8,7,1,6,9,9,8,8,5,5,4,5,6,8,9,9,2,7,7,6,8,3,,2,,,6,2,1,4,3,1,3,2,9,8,8,9,2,2,3,2,2,2,2,5,3,5,7,10,2,4,3,1,9,2,4,3,5,8,8,7,5,6,5,8,,,7,4,,,6,3,5,5,6,3,4,7,2,4,10,8,2,2,3,5,4,6,3,3,3,8,6,6,,6,,,b'\x11\xe8\xe1I\xc6\xfa\xcc\xac\xaf\x82\x12\xdf\x17\xaeN\x1e'
11E8E149-C6FA-CCAC-AF82-12DF17AE4E1E,2015-ncaa-d1-natl,ncaa,206,189,209,209,210,224,218,265,127,221,267,129,156,173,120,138,245,247,191,247,174,268,304,120,136,114,149,130,221,337,335,146,78,274,251,220,204,38,116,128,303,304,122,113,,,4,8,,,245,265,253,9,197,193,250,209,244,144,147,230,234,231,253,294,330,72,252,192,76,290,106,,8,,,245,179,237,213,213,111,121,179,332,309,335,325,6,8,64,10,33,159,81,266,205,284,272,338,5,93,78,186,335,143,251,251,233,318,310,324,77,154,226,278,,,318,267,,,245,94,179,270,239,249,293,310,167,164,342,327,12,17,20,249,125,121,246,208,290,310,117,251,,316,,,b'\x11\xe8\xe1I\xc6\xfa\xcc\xac\xaf\x82\x12\xdf\x17\xaeN\x1e'
11E8E149-C6FA-CCAC-AF82-12DF17AE4E1E,2016-ncaa-d0-natl,ncaa,256,281,114,268,148,230,233,226,255,282,282,246,111,104,149,65,235,250,178,245,148,242,205,213,212,247,61,60,199,262,276,79,236,143,222,163,62,280,295,225,269,292,12,18,,,172,145,,,280,173,222,212,277,289,286,317,313,108,103,267,271,272,300,264,284,61,163,179,262,286,12,,152,,,277,224,240,296,91,224,269,113,208,273,71,218,157,184,67,180,114,285,224,75,62,189,145,194,117,322,236,197,276,274,222,188,134,326,343,315,342,343,310,343,,,241,257,,,280,178,274,246,276,209,219,313,220,271,212,271,145,177,173,301,206,312,163,254,175,339,333,309,,290,,,b'\x11\xe8\xe1I\xc6\xfa\xcc\xac\xaf\x82\x12\xdf\x17\xaeN\x1e'
11E8E149-C6FA-CCAC-AF82-12DF17AE4E1E,2016-ncaa-d1-conf-Big East,ncaa,9,9,3,9,3,8,8,7,9,9,9,8,6,6,8,4,7,7,8,6,4,7,6,7,8,9,3,4,6,6,6,5,9,7,8,6,4,10,10,9,8,9,1,1,,,5,5,,,9,6,6,5,9,10,9,9,8,6,6,7,6,6,9,6,6,5,5,6,10,8,1,,7,,,9,7,6,8,3,6,9,4,7,8,4,7,5,6,1,5,6,9,6,5,4,7,7,6,5,10,9,5,6,10,8,7,6,9,10,10,10,10,6,7,,,6,4,,,9,5,9,8,9,7,7,9,7,8,6,8,6,6,6,9,8,10,4,8,7,8,10,6,,5,,,b'\x11\xe8\xe1I\xc6\xfa\xcc\xac\xaf\x82\x12\xdf\x17\xaeN\x1e'
11E8E149-C6FA-CCAC-AF82-12DF17AE4E1E,2016-ncaa-d1-natl,ncaa,265,280,142,277,179,262,273,266,262,309,302,256,116,113,153,65,257,269,179,266,148,277,244,218,221,253,57,61,200,281,279,103,248,179,233,189,65,260,299,233,288,300,15,18,,,144,148,,,287,218,225,199,288,298,290,320,317,112,103,268,272,273,302,269,290,64,172,188,263,294,12,,154,,,285,203,222,277,98,206,248,122,199,257,73,212,143,169,70,163,117,261,178,89,73,201,144,193,117,313,248,167,279,255,233,168,137,337,343,320,341,343,307,343,,,267,249,,,287,135,279,257,284,218,225,314,228,277,216,268,157,179,175,306,204,317,168,259,184,340,337,310,,293,,,b'\x11\xe8\xe1I\xc6\xfa\xcc\xac\xaf\x82\x12\xdf\x17\xaeN\x1e'
11E8E149-C6FA-CCAC-AF82-12DF17AE4E1E,2017-ncaa-d0-natl,ncaa,314,332,116,322,126,243,240,215,253,221,210,222,216,181,294,153,234,239,174,248,235,223,188,265,259,283,201,185,179,248,267,157,88,210,192,227,187,298,302,279,135,122,145,90,,,278,310,,,309,166,228,63,299,285,280,249,252,225,190,267,269,280,284,253,273,202,260,253,281,140,144,,276,,,302,248,153,161,173,47,38,158,330,314,310,327,318,299,298,296,339,191,168,261,296,304,348,334,292,65,88,201,267,139,192,202,227,230,233,237,305,308,325,328,,,229,246,,,309,187,299,276,304,240,128,100,28,20,329,314,311,287,287,151,93,57,167,112,173,254,292,321,,276,,,b'\x11\xe8\xe1I\xc6\xfa\xcc\xac\xaf\x82\x12\xdf\x17\xaeN\x1e'
11E8E149-C6FA-CCAC-AF82-12DF17AE4E1E,2017-ncaa-d1-conf-Big East,ncaa,10,10,3,10,3,7,7,5,9,8,5,9,7,5,10,6,5,6,6,7,6,4,4,9,9,10,4,6,3,4,5,4,5,5,6,5,4,9,9,9,4,3,7,6,,,10,10,,,9,3,5,4,9,10,6,8,6,7,5,5,6,7,4,4,3,6,5,5,9,4,7,,10,,,9,8,6,6,5,1,3,4,8,8,8,9,10,10,9,10,10,7,7,6,8,8,10,10,9,8,5,7,5,6,6,6,6,5,5,5,10,10,10,10,,,5,5,,,9,8,10,8,9,8,5,6,1,2,9,8,10,10,10,7,5,7,7,6,6,5,10,10,,5,,,b'\x11\xe8\xe1I\xc6\xfa\xcc\xac\xaf\x82\x12\xdf\x17\xaeN\x1e'
11E8E149-C6FA-CCAC-AF82-12DF17AE4E1E,2017-ncaa-d1-natl,ncaa,318,331,144,328,152,284,276,270,262,255,244,229,231,200,293,153,266,264,173,272,241,276,239,269,264,291,199,184,175,270,272,206,91,256,208,255,187,280,306,283,157,132,162,90,,,261,310,,,312,216,232,55,304,293,291,259,259,227,192,269,271,282,296,262,277,216,272,259,280,154,152,,280,,,311,226,123,112,184,32,16,168,328,306,315,327,310,285,301,283,339,145,113,274,305,315,348,334,291,46,91,171,272,102,208,187,234,254,240,249,295,313,321,334,,,259,246,,,312,139,303,292,311,247,130,101,34,21,330,314,309,287,288,156,94,59,174,118,183,256,291,322,,278,,,b'\x11\xe8\xe1I\xc6\xfa\xcc\xac\xaf\x82\x12\xdf\x17\xaeN\x1e'
11E8E149-C6FA-CCAC-AF82-12DF17AE4E1E,2018-ncaa-d0-natl,ncaa,170,207,73,193,94,123,127,152,107,107,130,114,180,186,159,197,132,193,40,196,235,157,134,122,107,125,226,217,160,206,182,100,60,125,83,138,184,237,216,177,109,106,250,226,,,209,188,,,184,124,221,231,175,164,225,131,175,206,227,163,227,235,244,245,245,129,181,161,190,125,264,,153,,,183,246,204,234,114,58,52,162,342,345,235,347,154,98,326,105,202,223,205,221,223,228,344,347,108,106,60,124,182,106,83,268,294,182,203,242,247,225,286,261,,,152,159,,,184,229,146,197,175,165,139,147,22,13,338,344,127,72,80,119,93,61,67,54,229,223,199,264,,198,,,b'\x11\xe8\xe1I\xc6\xfa\xcc\xac\xaf\x82\x12\xdf\x17\xaeN\x1e'
11E8E149-C6FA-CCAC-AF82-12DF17AE4E1E,2018-ncaa-d1-conf-Big East,ncaa,8,8,3,8,4,6,6,6,6,4,4,7,8,6,7,6,3,3,4,3,6,5,5,7,6,7,6,7,1,4,5,4,5,3,3,5,5,9,7,7,4,4,8,6,,,8,9,,,7,4,4,5,7,8,7,4,5,8,6,3,3,3,6,5,5,4,3,5,7,4,7,,9,,,7,6,4,7,3,3,2,5,10,10,5,10,6,7,7,7,7,6,7,5,5,6,9,10,7,5,5,3,5,3,3,5,7,6,5,6,10,10,10,9,,,3,5,,,7,7,7,4,7,6,3,4,3,2,9,10,6,6,6,5,7,6,1,2,5,6,10,10,,2,,,b'\x11\xe8\xe1I\xc6\xfa\xcc\xac\xaf\x82\x12\xdf\x17\xaeN\x1e'
11E8E149-C6FA-CCAC-AF82-12DF17AE4E1E,2018-ncaa-d1-natl,ncaa,186,207,97,201,119,149,150,187,114,132,160,121,199,204,160,195,149,215,41,219,237,196,180,129,115,134,219,210,150,233,188,119,68,168,96,154,185,214,223,187,129,115,263,231,,,186,193,,,201,154,228,223,188,172,241,143,178,208,227,166,229,235,255,253,250,137,198,170,194,136,271,,158,,,201,215,177,206,129,38,28,175,342,341,246,346,139,79,326,82,203,187,168,233,232,244,344,347,105,81,68,100,188,75,96,261,295,211,209,249,221,227,277,268,,,187,162,,,201,199,157,213,198,175,151,153,29,14,340,344,131,75,82,122,93,61,69,57,233,230,200,266,,198,,,b'\x11\xe8\xe1I\xc6\xfa\xcc\xac\xaf\x82\x12\xdf\x17\xaeN\x1e'
11E8E149-C6FA-CCAC-AF82-12DF17AE4E1E,2019-ncaa-d0-natl,ncaa,54,57,47,58,47,85,77,94,80,68,123,45,137,110,243,152,110,125,133,123,158,95,69,88,91,124,225,207,194,103,83,66,16,69,23,83,124,305,223,163,7,5,126,40,,,259,234,,,56,70,229,6,124,113,195,106,213,174,146,162,177,175,195,159,149,105,114,102,237,11,162,,185,,,56,126,90,187,38,4,8,85,349,350,163,351,109,110,170,117,288,175,255,125,112,45,351,351,128,36,16,114,83,64,23,160,251,24,25,36,313,256,281,245,,,93,188,,,56,283,123,22,55,38,19,48,3,1,344,350,63,66,69,31,84,10,34,15,94,48,259,241,,179,,,b'\x11\xe8\xe1I\xc6\xfa\xcc\xac\xaf\x82\x12\xdf\x17\xaeN\x1e'
11E8E149-C6FA-CCAC-AF82-12DF17AE4E1E,2019-ncaa-d1-conf-Big East,ncaa,3,3,7,3,7,9,9,7,8,6,7,7,9,8,9,6,6,6,6,6,6,7,7,8,8,9,9,9,2,4,3,6,2,4,3,8,7,9,8,9,2,1,7,3,,,4,4,,,3,8,6,1,6,6,6,4,5,9,7,5,5,5,5,4,3,3,3,8,9,1,7,,6,,,3,1,1,1,2,1,1,5,8,10,5,10,2,2,6,2,9,1,2,3,3,2,10,10,5,1,2,1,3,1,3,3,8,4,1,1,9,10,10,10,,,7,5,,,3,3,8,2,3,1,1,2,1,1,9,10,2,2,2,1,5,1,2,2,3,1,10,10,,6,,,b'\x11\xe8\xe1I\xc6\xfa\xcc\xac\xaf\x82\x12\xdf\x17\xaeN\x1e'
11E8E149-C6FA-CCAC-AF82-12DF17AE4E1E,2019-ncaa-d1-natl,ncaa,51,57,40,57,40,85,87,90,95,75,124,49,141,106,263,147,105,121,121,119,156,90,56,101,101,138,222,215,179,102,84,60,16,62,22,85,133,308,238,182,8,7,144,44,,,264,246,,,55,52,221,6,132,122,201,115,219,183,149,151,178,177,203,155,150,105,114,114,245,18,174,,197,,,58,122,71,188,32,3,6,80,347,349,133,351,119,124,157,126,296,178,261,107,100,38,351,351,151,39,16,111,84,65,22,144,245,30,26,33,314,267,274,241,,,91,186,,,55,297,136,21,56,36,15,49,3,1,340,349,72,80,80,30,91,11,37,16,77,49,269,235,,176,,,b'\x11\xe8\xe1I\xc6\xfa\xcc\xac\xaf\x82\x12\xdf\x17\xaeN\x1e'
11E8E149-C6FA-CCAC-AF82-12DF17AE4E1E,2020-ncaa-d0-natl,ncaa,81,81,87,86,127,180,235,240,214,218,220,217,206,209,185,212,14,7,206,7,12,188,164,213,161,197,89,204,8,178,154,185,145,180,139,222,183,258,242,255,7,9,210,153,,,248,249,,,147,160,186,150,203,268,300,248,251,214,216,19,13,13,228,191,198,206,215,245,235,7,215,,230,,,147,133,98,137,87,21,18,113,332,335,219,347,114,92,266,96,239,117,190,171,165,89,349,348,139,135,145,126,154,119,139,224,308,46,44,106,134,111,139,163,,,112,115,,,147,197,200,78,145,99,69,95,11,8,331,335,109,85,90,65,145,112,94,91,217,55,112,130,,133,,,b'\x11\xe8\xe1I\xc6\xfa\xcc\xac\xaf\x82\x12\xdf\x17\xaeN\x1e'
11E8E149-C6FA-CCAC-AF82-12DF17AE4E1E,2020-ncaa-d1-conf-Big East,ncaa,6,3,7,6,8,7,8,9,7,5,7,7,10,9,10,9,4,1,9,2,1,7,6,8,8,7,9,9,1,5,5,9,6,9,4,10,10,8,8,9,2,1,9,8,,,5,8,,,7,6,4,4,6,7,9,5,6,9,8,1,1,1,6,5,5,7,7,10,8,1,9,,8,,,7,2,2,2,3,1,1,3,8,7,6,9,1,1,9,1,6,2,3,4,4,2,10,9,3,4,6,3,5,3,4,3,8,3,3,2,4,5,8,8,,,7,6,,,7,5,7,2,7,3,3,3,1,2,9,9,1,1,1,3,8,6,4,4,6,2,5,9,,6,,,b'\x11\xe8\xe1I\xc6\xfa\xcc\xac\xaf\x82\x12\xdf\x17\xaeN\x1e'
11E8E149-C6FA-CCAC-AF82-12DF17AE4E1E,2020-ncaa-d1-natl,ncaa,92,81,128,94,189,218,269,288,221,261,250,230,220,223,192,209,21,15,205,14,10,232,213,224,171,205,86,204,6,202,162,215,151,226,152,256,185,239,245,264,11,10,219,158,,,227,254,,,163,204,189,147,217,280,308,260,255,218,217,19,13,13,240,196,204,212,227,258,236,10,219,,233,,,163,106,76,102,94,17,10,120,332,331,231,347,104,81,274,85,242,81,132,183,175,102,347,347,141,114,151,96,162,88,152,214,307,65,47,116,110,120,130,167,,,142,108,,,163,147,215,88,160,108,75,98,14,8,333,336,115,89,93,69,146,116,97,98,220,60,116,134,,136,,,b'\x11\xe8\xe1I\xc6\xfa\xcc\xac\xaf\x82\x12\xdf\x17\xaeN\x1e'
11E8E149-C6FA-CCAC-AF82-12DF17AE4E1E,2021-ncaa-d0-natl,ncaa,307,310,219,316,247,262,272,261,299,301,297,303,121,125,144,27,243,264,102,259,107,265,253,244,236,269,11,17,169,279,295,277,325,287,329,291,270,177,297,315,218,208,283,283,,,72,53,,,339,243,210,341,299,314,295,337,335,66,55,247,270,265,308,281,297,324,333,320,264,204,296,,60,,,336,208,236,153,325,166,100,334,315,286,315,336,63,48,311,50,67,140,114,339,336,342,277,335,8,210,325,126,295,145,329,318,332,271,289,338,192,283,306,340,,,291,330,,,339,102,291,342,336,330,335,292,258,84,340,338,55,39,42,250,194,295,205,275,343,280,256,323,,333,,,b'\x11\xe8\xe1I\xc6\xfa\xcc\xac\xaf\x82\x12\xdf\x17\xaeN\x1e'
11E8E149-C6FA-CCAC-AF82-12DF17AE4E1E,2021-ncaa-d1-conf-Big East,ncaa,9,11,3,10,3,6,7,5,9,9,8,11,3,2,7,3,3,4,7,3,1,5,5,9,9,9,1,2,1,6,9,6,11,7,11,9,10,11,9,10,4,7,8,9,,,10,6,,,11,5,7,11,9,11,10,11,11,5,5,5,4,4,10,8,9,10,11,10,9,7,11,,6,,,11,11,11,9,9,7,5,9,11,11,10,11,8,7,6,7,7,10,9,9,10,11,10,11,2,11,11,9,9,11,11,11,9,6,10,11,10,9,11,11,,,5,9,,,11,7,8,11,11,11,10,11,5,3,11,11,5,4,4,10,8,10,5,10,11,9,8,10,,11,,,b'\x11\xe8\xe1I\xc6\xfa\xcc\xac\xaf\x82\x12\xdf\x17\xaeN\x1e'
11E8E149-C6FA-CCAC-AF82-12DF17AE4E1E,2021-ncaa-d1-natl,ncaa,312,310,231,321,258,272,284,267,302,303,301,309,131,133,148,27,258,273,99,269,103,272,262,248,242,271,10,16,166,290,299,285,328,294,331,296,270,166,299,318,233,217,289,287,,,64,53,,,340,252,214,341,304,316,300,338,335,66,54,248,272,267,311,283,300,324,334,323,268,212,298,,59,,,337,190,221,136,327,154,87,335,309,279,319,337,58,45,312,48,69,124,103,339,336,342,276,335,8,200,328,113,299,132,331,315,332,280,290,338,180,288,303,340,,,297,329,,,340,91,293,342,337,330,336,294,262,85,341,338,57,39,42,252,192,296,206,283,343,282,261,325,,331,,,b'\x11\xe8\xe1I\xc6\xfa\xcc\xac\xaf\x82\x12\xdf\x17\xaeN\x1e'
11E8E149-C6FA-CCAC-AF82-12DF17AE4E1E,2022-ncaa-d0-natl,ncaa,352,351,260,353,262,311,299,314,213,300,336,79,209,140,316,38,341,341,254,341,260,324,288,195,232,314,170,105,317,319,276,269,284,305,277,264,143,318,352,322,350,352,316,314,,,29,38,,,354,271,214,24,322,302,326,301,339,182,91,342,343,343,343,252,311,239,308,243,342,345,306,,49,,,354,304,326,221,349,260,108,352,352,334,338,346,27,16,212,18,44,185,102,355,352,356,243,341,3,190,284,63,276,97,277,351,347,346,351,355,293,342,208,338,,,338,336,,,354,93,330,356,353,353,354,343,326,176,356,355,49,38,41,323,231,267,143,202,356,343,324,265,,340,,,b'\x11\xe8\xe1I\xc6\xfa\xcc\xac\xaf\x82\x12\xdf\x17\xaeN\x1e'
11E8E149-C6FA-CCAC-AF82-12DF17AE4E1E,2022-ncaa-d1-conf-Big East,ncaa,11,11,11,11,11,11,11,11,10,11,11,7,9,8,11,3,11,11,11,11,5,11,11,9,10,11,4,4,8,11,8,11,10,11,7,11,9,9,11,11,11,11,11,11,,,1,6,,,11,11,9,10,11,11,11,11,11,8,7,11,11,11,11,11,9,10,11,11,11,11,11,,5,,,11,6,6,2,10,5,2,10,9,7,9,8,2,2,5,2,4,2,1,11,11,11,7,9,1,5,10,2,8,2,7,8,9,11,11,11,9,11,5,10,,,11,8,,,11,1,11,11,11,10,10,9,9,8,10,11,3,3,3,9,5,10,3,5,11,11,10,8,,11,,,b'\x11\xe8\xe1I\xc6\xfa\xcc\xac\xaf\x82\x12\xdf\x17\xaeN\x1e'
11E8E149-C6FA-CCAC-AF82-12DF17AE4E1E,2022-ncaa-d1-natl,ncaa,353,351,304,353,305,334,327,340,234,321,348,85,226,159,316,37,343,344,254,345,253,345,329,209,246,319,168,104,314,333,283,309,288,330,293,289,154,309,352,327,354,353,330,323,,,16,40,,,354,312,223,20,325,313,336,313,342,189,94,344,345,345,345,265,313,253,319,255,343,348,315,,52,,,355,293,322,180,352,239,78,352,350,325,342,346,21,12,221,13,45,135,52,356,353,356,241,341,3,169,288,36,283,65,293,350,349,353,351,355,280,343,192,339,,,343,335,,,354,49,336,356,354,355,354,343,335,180,356,355,52,39,41,327,228,272,145,203,356,347,326,274,,338,,,b'\x11\xe8\xe1I\xc6\xfa\xcc\xac\xaf\x82\x12\xdf\x17\xaeN\x1e'
11E8E149-C6FA-CCAC-AF82-12DF17AE4E1E,2023-ncaa-d0-natl,ncaa,242,257,164,258,221,225,221,306,108,305,327,189,68,144,9,65,323,334,120,337,268,319,311,58,73,130,42,17,330,340,310,251,119,317,216,194,140,181,288,199,329,320,343,352,,,9,17,,,241,289,326,290,244,243,342,323,337,54,128,331,343,347,349,351,342,282,340,191,205,333,349,,6,,,241,172,280,146,339,314,189,337,127,114,203,159,7,6,292,6,7,93,57,325,295,331,9,138,6,45,119,57,310,37,216,287,237,320,296,341,66,159,283,351,,,322,283,,,241,71,168,314,246,195,301,157,327,217,129,120,8,6,7,68,16,40,56,35,299,333,84,297,,341,,,b'\x11\xe8\xe1I\xc6\xfa\xcc\xac\xaf\x82\x12\xdf\x17\xaeN\x1e'
11E8E149-C6FA-CCAC-AF82-12DF17AE4E1E,2023-ncaa-d1-conf-Big East,ncaa,9,8,8,9,8,9,10,11,7,11,11,8,3,4,1,2,9,9,4,9,3,11,11,6,6,7,1,2,9,11,10,10,8,11,9,7,8,9,10,8,10,10,11,11,,,1,2,,,9,10,10,3,8,10,11,11,11,2,4,9,9,9,11,11,11,10,11,7,9,10,11,,1,,,9,6,9,2,11,10,4,11,5,5,8,5,2,2,8,2,2,1,1,11,11,11,2,5,2,3,8,3,10,1,9,7,6,9,8,10,3,7,9,11,,,10,4,,,9,2,8,11,9,7,9,6,11,5,5,5,3,2,2,1,2,4,3,3,7,8,5,10,,8,,,b'\x11\xe8\xe1I\xc6\xfa\xcc\xac\xaf\x82\x12\xdf\x17\xaeN\x1e'
11E8E149-C6FA-CCAC-AF82-12DF17AE4E1E,2023-ncaa-d1-natl,ncaa,265,257,219,273,292,263,266,342,114,330,341,196,84,163,8,68,336,343,119,345,267,345,346,63,78,135,36,16,328,349,319,290,128,341,231,227,146,154,295,216,342,328,353,352,,,6,18,,,266,329,329,290,256,258,345,330,339,57,130,331,345,347,350,352,348,286,345,207,208,338,350,,6,,,266,144,262,106,344,297,145,346,107,95,221,161,7,6,300,6,8,46,25,332,308,339,8,136,6,28,128,33,319,15,231,276,242,346,305,346,56,160,280,352,,,341,281,,,266,29,185,325,274,207,314,163,332,215,137,125,8,6,7,71,14,41,57,35,307,335,85,301,,341,,,b'\x11\xe8\xe1I\xc6\xfa\xcc\xac\xaf\x82\x12\xdf\x17\xaeN\x1e'
11E8E149-C6FA-CCAC-AF82-12DF17AE4E1E,2024-ncaa-d0-natl,ncaa,189,209,143,204,183,206,183,232,129,297,303,210,38,94,8,45,351,356,206,357,343,273,290,81,106,120,31,6,360,295,261,243,130,276,203,98,28,108,194,80,288,261,255,272,,,10,24,,,195,279,338,263,235,209,295,330,330,30,89,357,357,358,331,344,309,286,328,73,108,306,265,,6,,,196,136,234,151,301,251,191,268,151,108,277,142,6,6,127,9,15,104,72,282,239,284,20,183,8,70,130,86,261,66,203,261,245,305,278,335,145,225,275,337,,,338,335,,,195,81,142,271,195,115,224,127,259,184,150,88,8,8,8,51,18,57,78,53,259,330,134,289,,353,,,b'\x11\xe8\xe1I\xc6\xfa\xcc\xac\xaf\x82\x12\xdf\x17\xaeN\x1e'
11E8E149-C6FA-CCAC-AF82-12DF17AE4E1E,2024-ncaa-d1-conf-Big East,ncaa,9,8,7,9,10,9,9,9,4,10,10,10,3,6,1,3,9,9,9,9,6,10,11,3,3,3,1,1,10,9,8,9,5,9,6,7,3,6,8,7,11,11,10,10,,,1,1,,,8,11,10,7,7,7,8,10,10,2,6,9,9,9,10,11,9,8,9,6,7,11,10,,1,,,9,5,8,3,9,6,4,10,7,5,9,7,2,2,8,2,2,3,1,9,9,10,4,8,1,2,5,2,8,1,6,8,7,11,11,10,7,8,8,10,,,8,7,,,8,1,4,10,9,9,9,7,9,6,8,6,3,2,2,7,1,3,4,2,9,11,8,8,,8,,,b'\x11\xe8\xe1I\xc6\xfa\xcc\xac\xaf\x82\x12\xdf\x17\xaeN\x1e'
11E8E149-C6FA-CCAC-AF82-12DF17AE4E1E,2024-ncaa-d1-natl,ncaa,190,211,130,207,175,210,186,241,118,305,309,204,36,86,5,47,354,359,169,359,344,281,302,63,92,101,31,6,361,303,255,241,121,281,191,90,26,102,194,78,300,274,252,275,,,7,18,,,190,287,342,264,234,207,297,331,329,27,88,356,359,359,334,344,308,274,323,67,105,317,272,,5,,,190,141,239,168,291,257,185,269,168,122,273,163,7,7,149,8,15,99,60,279,237,294,34,199,9,58,121,82,255,55,191,266,253,320,293,336,139,218,268,331,,,340,335,,,190,71,132,272,190,119,229,131,246,177,167,112,8,8,8,55,14,52,70,47,267,338,134,269,,354,,,b'\x11\xe8\xe1I\xc6\xfa\xcc\xac\xaf\x82\x12\xdf\x17\xaeN\x1e'
11E8E149-C6FA-CCAC-AF82-12DF17AE4E1E,2025-ncaa-d0-natl,genius_ncaa,147,227,29,188,31,120,149,185,103,196,266,79,89,108,101,87,89,100,177,92,33,172,119,80,84,147,68,94,132,161,108,190,143,181,97,63,22,346,337,174,176,208,181,244,,,110,74,,227,190,109,337,29,229,253,353,294,342,130,160,175,169,166,338,309,239,326,315,92,296,254,234,,37,,158,188,284,330,255,338,332,297,286,231,126,346,93,40,40,247,38,16,226,228,327,302,283,35,163,18,130,143,75,108,76,97,324,242,152,167,273,338,310,109,186,,,38,34,,134,190,242,149,255,194,140,236,90,268,188,147,51,21,15,14,37,21,39,8,5,258,240,282,60,,94,,184,b'\x11\xe8\xe1I\xc6\xfa\xcc\xac\xaf\x82\x12\xdf\x17\xaeN\x1e'
11E8E149-C6FA-CCAC-AF82-12DF17AE4E1E,2025-ncaa-d1-conf-Big East,genius_ncaa,9,8,8,9,9,9,9,10,5,10,10,4,7,8,4,3,6,6,6,6,1,10,11,4,4,8,1,5,6,9,6,9,5,9,4,6,1,9,9,8,10,9,10,11,,,1,2,,7,10,11,10,3,9,9,10,10,10,6,7,6,6,6,10,9,7,7,9,6,9,10,9,,2,,7,10,6,9,4,10,10,9,10,7,2,10,3,2,2,6,2,1,3,1,9,9,11,3,5,1,2,5,1,6,1,4,10,8,11,10,11,10,10,6,8,,,3,1,,5,10,1,9,10,10,9,11,8,11,10,7,5,2,2,2,5,2,4,1,1,10,11,10,6,,2,,5,b'\x11\xe8\xe1I\xc6\xfa\xcc\xac\xaf\x82\x12\xdf\x17\xaeN\x1e'
11E8E149-C6FA-CCAC-AF82-12DF17AE4E1E,2025-ncaa-d1-natl,genius_ncaa,161,226,43,193,44,138,173,236,109,228,292,83,101,122,104,88,108,120,179,113,34,213,147,89,86,157,69,97,121,189,118,230,148,219,110,76,22,340,340,186,208,218,207,250,,,86,74,,217,212,140,341,27,245,272,353,307,342,139,162,174,171,168,341,309,248,335,321,98,300,269,243,,40,,163,211,265,317,221,345,324,284,296,216,104,345,93,35,35,252,34,17,192,194,335,311,302,34,158,18,104,148,51,118,49,110,321,246,182,174,286,329,319,97,201,,,51,30,,141,212,208,167,272,221,153,248,90,273,196,150,52,23,16,16,39,21,42,8,6,266,249,287,62,,93,,176,b'\x11\xe8\xe1I\xc6\xfa\xcc\xac\xaf\x82\x12\xdf\x17\xaeN\x1e'
11E8E149-C6FA-CCAC-AF82-12DF17AE4E1E,2026-ncaa-d0-natl,genius_ncaa,123,250,9,196,10,57,52,69,59,62,90,52,58,61,88,117,105,129,90,127,213,79,50,57,56,94,187,133,269,237,322,44,181,98,214,40,77,345,250,129,93,186,61,163,,,289,87,,352,139,25,158,78,133,117,255,132,260,117,162,232,268,275,281,271,349,142,285,70,226,174,96,,105,,323,147,339,356,347,227,356,361,137,275,214,309,34,175,220,36,206,24,345,343,204,163,169,28,123,32,320,181,307,322,321,214,299,64,57,182,150,334,244,136,79,,,65,175,,157,139,341,136,167,150,192,255,258,293,343,122,52,48,72,63,220,220,194,120,142,139,165,229,49,,223,,240,b'\x11\xe8\xe1I\xc6\xfa\xcc\xac\xaf\x82\x12\xdf\x17\xaeN\x1e'
11E8E149-C6FA-CCAC-AF82-12DF17AE4E1E,2026-ncaa-d1-conf-Big East,genius_ncaa,8,9,1,8,1,4,4,2,9,5,4,6,3,1,9,2,9,9,1,9,10,3,3,8,9,8,5,5,10,4,9,5,7,6,10,4,7,9,7,6,4,7,1,3,,,7,4,,5,9,4,7,1,8,7,5,8,7,5,2,10,11,11,6,6,7,9,9,7,7,7,3,,4,,5,9,9,10,10,10,10,10,7,10,7,11,4,1,2,1,2,1,9,8,10,10,10,7,9,1,7,7,11,9,10,10,9,6,4,6,9,9,9,9,10,,,6,10,,11,9,9,9,9,9,8,10,9,9,9,10,5,1,1,1,7,6,5,9,9,9,7,9,8,,10,,11,b'\x11\xe8\xe1I\xc6\xfa\xcc\xac\xaf\x82\x12\xdf\x17\xaeN\x1e'
11E8E149-C6FA-CCAC-AF82-12DF17AE4E1E,2026-ncaa-d1-natl,genius_ncaa,163,249,13,212,18,76,69,103,69,86,139,65,77,87,101,115,137,166,89,166,209,118,83,61,62,107,170,131,259,310,338,59,194,148,258,48,77,332,275,151,139,226,76,176,,,251,98,,348,185,44,177,73,171,154,292,162,277,133,178,244,275,281,309,290,356,167,320,87,238,218,110,,116,,329,189,328,349,338,262,352,361,169,256,163,329,29,130,174,44,161,26,334,324,246,199,220,27,123,32,303,194,278,338,295,258,279,71,95,221,200,318,260,108,88,,,92,159,,184,185,320,171,211,189,227,297,269,313,348,146,47,58,80,72,231,214,206,141,155,167,201,236,51,,218,,241,b'\x11\xe8\xe1I\xc6\xfa\xcc\xac\xaf\x82\x12\xdf\x17\xaeN\x1e'
11E8E149-C6FF-5330-AF82-12DF17AE4E1E,2010-ncaa-d0-natl,ncaa,149,101,241,124,252,74,77,90,87,156,189,113,19,41,24,47,183,143,297,150,110,96,155,48,74,32,60,34,294,265,327,297,341,297,345,207,326,16,11,94,30,39,202,246,,,163,71,,,104,113,12,104,16,16,11,103,135,11,18,150,90,94,10,29,252,292,294,171,39,15,189,,239,,,101,274,306,214,317,322,283,300,102,74,234,43,160,151,226,153,84,210,263,289,277,176,26,56,100,320,341,325,327,335,345,270,152,29,37,84,21,19,182,208,,,161,184,,,104,236,64,221,101,330,335,329,340,339,129,98,215,203,210,324,339,339,341,343,311,6,38,225,,78,,,b'\x11\xe8\xe1I\xc6\xffS0\xaf\x82\x12\xdf\x17\xaeN\x1e'
11E8E149-C6FF-5330-AF82-12DF17AE4E1E,2010-ncaa-d1-natl,ncaa,156,100,276,130,286,83,81,98,91,169,198,113,20,44,23,47,189,150,296,157,108,105,167,50,77,32,57,33,293,281,328,314,341,316,345,217,326,14,11,96,32,41,213,246,,,142,75,,,108,124,12,100,17,19,11,106,138,11,18,150,91,94,10,33,255,294,297,174,39,16,191,,238,,,103,266,299,203,319,317,278,302,94,62,235,42,154,141,227,144,85,197,253,293,282,182,26,57,98,319,341,321,328,334,345,264,153,31,40,95,19,20,177,211,,,175,185,,,108,223,66,232,105,331,336,329,340,339,130,98,218,203,208,326,338,340,341,343,313,6,38,229,,77,,,b'\x11\xe8\xe1I\xc6\xffS0\xaf\x82\x12\xdf\x17\xaeN\x1e'
11E8E149-C6FF-5330-AF82-12DF17AE4E1E,2011-ncaa-d0-natl,ncaa,85,83,77,91,91,31,41,23,161,94,53,242,9,35,9,127,41,28,169,27,82,23,36,122,119,58,45,58,141,74,237,168,340,112,329,123,300,76,7,81,18,35,138,192,,,265,68,,,113,30,14,131,18,34,8,115,53,11,37,30,28,27,8,14,98,243,162,152,49,13,154,,224,,,116,337,336,322,225,325,315,239,307,312,190,221,266,241,272,228,132,322,330,225,227,180,174,213,123,341,340,342,237,343,329,332,231,25,86,155,25,4,338,300,,,72,260,,,113,311,54,258,126,322,319,331,304,307,291,301,238,215,206,328,339,341,337,340,317,19,20,329,,109,,,b'\x11\xe8\xe1I\xc6\xffS0\xaf\x82\x12\xdf\x17\xaeN\x1e'
11E8E149-C6FF-5330-AF82-12DF17AE4E1E,2011-ncaa-d1-natl,ncaa,63,82,28,77,34,15,23,7,151,53,22,215,6,25,12,132,20,13,160,13,96,8,10,114,112,57,56,76,147,40,207,85,337,48,320,104,314,111,7,87,11,30,113,184,,,303,73,,,87,9,13,144,14,24,8,84,43,14,46,29,29,27,7,12,74,215,108,154,52,13,147,,229,,,92,340,339,336,203,333,326,202,330,324,215,221,296,287,243,283,140,337,340,213,209,157,194,223,135,342,337,343,207,343,320,335,219,14,83,144,35,3,339,285,,,47,265,,,87,334,45,230,106,321,313,329,293,307,297,297,236,225,220,326,339,340,337,341,305,16,20,330,,109,,,b'\x11\xe8\xe1I\xc6\xffS0\xaf\x82\x12\xdf\x17\xaeN\x1e'
11E8E149-C6FF-5330-AF82-12DF17AE4E1E,2012-ncaa-d0-natl,ncaa,305,288,292,306,312,151,168,150,213,293,288,247,13,21,34,15,252,267,116,272,171,169,241,120,127,63,10,8,280,331,339,337,342,340,343,188,190,6,12,35,233,258,328,338,,,20,4,,,311,181,8,262,47,82,20,257,233,6,10,196,218,222,30,96,321,334,339,107,28,193,323,,44,,,315,333,342,249,343,343,265,343,232,182,282,166,38,28,292,23,11,203,213,343,342,341,8,97,3,311,342,329,339,334,343,343,334,142,159,338,24,47,286,323,,,257,212,,,311,164,125,343,305,343,343,340,343,338,287,255,96,53,50,333,341,336,342,342,343,59,68,322,,161,,,b'\x11\xe8\xe1I\xc6\xffS0\xaf\x82\x12\xdf\x17\xaeN\x1e'
11E8E149-C6FF-5330-AF82-12DF17AE4E1E,2012-ncaa-d1-natl,ncaa,301,288,286,301,312,126,144,114,194,270,279,232,10,19,36,17,224,249,104,253,162,138,210,102,110,52,13,9,276,329,339,335,342,340,343,147,166,11,14,34,196,237,320,334,,,17,4,,,298,138,4,262,41,71,16,241,225,6,9,177,201,207,25,72,318,330,338,80,35,152,314,,43,,,301,340,342,289,343,343,285,343,239,214,257,171,44,27,295,26,10,244,250,343,342,340,8,99,3,325,342,330,339,336,343,343,335,103,144,337,36,47,283,322,,,235,217,,,298,208,115,343,296,343,343,340,343,338,288,268,86,53,49,335,341,337,342,342,343,44,78,317,,153,,,b'\x11\xe8\xe1I\xc6\xffS0\xaf\x82\x12\xdf\x17\xaeN\x1e'
11E8E149-C6FF-5330-AF82-12DF17AE4E1E,2013-ncaa-d0-natl,ncaa,212,197,251,216,277,135,167,139,195,187,184,195,121,107,182,123,66,56,158,53,40,124,119,183,160,157,81,144,55,60,65,286,294,189,196,203,232,191,157,204,152,157,167,209,,,273,285,,,216,146,22,161,54,104,42,138,126,93,75,21,19,19,25,15,27,254,103,162,250,116,150,,316,,,220,279,272,137,327,318,269,314,15,8,221,2,326,321,268,319,270,189,201,301,326,303,28,5,308,206,294,151,65,184,196,219,125,136,127,173,190,168,315,317,,,158,224,,,216,192,125,302,220,324,317,235,336,335,28,11,338,336,336,310,321,266,248,275,269,81,234,328,,83,,,b'\x11\xe8\xe1I\xc6\xffS0\xaf\x82\x12\xdf\x17\xaeN\x1e'
11E8E149-C6FF-5330-AF82-12DF17AE4E1E,2013-ncaa-d1-natl,ncaa,221,196,292,222,306,144,181,158,202,205,208,200,127,113,185,122,71,62,157,59,41,136,138,191,164,166,77,140,51,68,69,307,296,211,202,220,234,175,160,210,162,160,180,215,,,266,286,,,223,167,25,157,59,107,42,151,129,92,75,22,20,20,27,14,27,260,107,168,250,120,153,,318,,,227,271,263,109,328,314,260,318,13,5,223,2,325,316,276,315,271,168,183,305,327,307,29,5,307,198,296,137,69,170,202,214,127,146,135,179,180,170,314,319,,,181,220,,,223,174,132,311,232,329,319,236,337,334,29,11,339,337,337,310,320,269,251,279,272,86,233,328,,84,,,b'\x11\xe8\xe1I\xc6\xffS0\xaf\x82\x12\xdf\x17\xaeN\x1e'
11E8E149-C6FF-5330-AF82-12DF17AE4E1E,2014-ncaa-d0-natl,ncaa,129,88,254,116,267,126,110,109,147,95,139,97,177,132,270,148,161,185,73,185,243,116,159,167,160,100,227,199,212,116,124,253,267,196,206,210,286,31,32,98,131,138,301,309,,,197,225,,,152,183,58,95,46,31,20,40,61,142,96,103,150,149,21,40,72,207,121,168,64,101,296,,277,,,152,232,214,158,269,231,176,258,174,143,248,139,243,217,271,210,220,171,163,268,284,286,168,144,222,192,267,186,124,204,206,247,234,190,201,249,52,59,180,157,,,260,295,,,152,150,78,288,166,303,296,276,288,266,213,186,290,277,276,299,293,265,270,278,291,147,96,233,,206,,,b'\x11\xe8\xe1I\xc6\xffS0\xaf\x82\x12\xdf\x17\xaeN\x1e'
11E8E149-C6FF-5330-AF82-12DF17AE4E1E,2014-ncaa-d1-conf-WAC,ncaa,2,2,3,2,3,2,3,3,4,2,3,2,5,4,8,5,2,2,4,2,5,2,3,4,5,2,6,6,6,1,3,4,7,4,4,3,6,4,3,2,1,1,4,6,,,8,9,,,3,4,3,5,1,1,2,3,3,5,4,3,2,2,2,2,1,6,5,4,3,1,6,,9,,,3,6,5,6,5,6,7,4,4,5,5,3,9,9,8,9,7,6,6,4,7,4,6,3,9,8,7,5,3,7,4,8,7,2,3,6,4,4,3,1,,,2,6,,,3,6,2,5,3,6,5,5,6,6,4,3,9,9,9,7,8,8,6,7,7,2,4,4,,2,,,b'\x11\xe8\xe1I\xc6\xffS0\xaf\x82\x12\xdf\x17\xaeN\x1e'
11E8E149-C6FF-5330-AF82-12DF17AE4E1E,2014-ncaa-d1-natl,ncaa,111,88,145,105,163,86,69,52,150,67,75,104,145,103,254,151,130,163,72,164,254,59,98,165,163,93,226,193,227,83,116,199,243,127,185,167,283,45,25,86,120,150,282,301,,,242,217,,,149,103,60,114,41,33,19,40,56,135,94,114,164,164,22,41,65,194,102,160,56,122,284,,265,,,148,292,281,219,275,281,237,268,198,172,232,134,269,256,270,256,207,236,238,267,281,278,145,130,216,229,243,249,116,248,185,276,223,154,199,240,67,43,219,148,,,220,315,,,149,236,76,280,157,304,298,271,294,268,207,178,282,266,266,294,286,246,269,275,287,145,82,236,,227,,,b'\x11\xe8\xe1I\xc6\xffS0\xaf\x82\x12\xdf\x17\xaeN\x1e'
11E8E149-C6FF-5330-AF82-12DF17AE4E1E,2015-ncaa-d0-natl,ncaa,57,37,113,45,141,54,70,52,173,120,104,201,51,68,67,112,56,92,31,89,141,53,69,136,113,82,72,93,134,100,187,178,319,136,286,44,54,122,57,56,31,47,275,304,,,300,226,,,73,62,17,199,30,44,21,125,100,53,66,41,88,87,18,27,109,205,151,28,118,29,289,,303,,,69,257,193,229,147,245,277,138,86,102,107,46,328,323,308,321,262,268,298,110,171,102,157,47,324,325,319,301,187,323,286,155,115,31,56,44,155,97,60,35,,,127,252,,,73,284,76,128,78,245,179,219,247,289,74,81,324,315,315,282,334,326,291,327,130,30,150,55,,134,,,b'\x11\xe8\xe1I\xc6\xffS0\xaf\x82\x12\xdf\x17\xaeN\x1e'
11E8E149-C6FF-5330-AF82-12DF17AE4E1E,2015-ncaa-d1-conf-WAC,ncaa,2,2,2,2,3,1,1,2,4,1,3,3,2,3,4,4,1,1,3,1,2,2,2,4,3,2,3,4,1,3,5,2,6,3,6,1,1,5,2,1,1,2,5,6,,,8,8,,,2,2,1,5,1,1,2,1,3,3,4,1,1,1,2,1,3,2,3,1,4,1,6,,8,,,2,7,6,8,3,8,8,4,2,3,1,1,8,8,8,8,7,8,7,2,5,3,4,1,8,8,6,7,5,7,6,6,4,3,3,3,5,4,1,1,,,2,5,,,2,7,2,4,2,7,6,7,8,8,2,3,8,8,8,8,8,7,7,7,5,3,4,1,,2,,,b'\x11\xe8\xe1I\xc6\xffS0\xaf\x82\x12\xdf\x17\xaeN\x1e'
11E8E149-C6FF-5330-AF82-12DF17AE4E1E,2015-ncaa-d1-natl,ncaa,47,37,97,44,118,51,63,43,181,108,85,206,49,63,72,112,58,93,34,91,166,41,52,140,126,86,79,91,149,92,185,181,321,129,293,39,57,104,43,49,25,41,276,304,,,312,231,,,73,44,19,217,29,40,21,121,94,49,63,54,98,99,20,25,102,227,157,25,106,25,293,,299,,,69,277,219,243,174,257,277,148,101,104,151,54,330,322,314,320,264,272,316,130,192,112,169,56,323,324,321,317,185,328,293,166,123,29,54,45,151,84,57,27,,,118,255,,,73,300,78,137,87,251,186,198,246,274,86,77,325,316,313,265,332,323,296,327,138,26,135,50,,133,,,b'\x11\xe8\xe1I\xc6\xffS0\xaf\x82\x12\xdf\x17\xaeN\x1e'
11E8E149-C6FF-5330-AF82-12DF17AE4E1E,2016-ncaa-d0-natl,ncaa,221,249,114,242,121,157,193,139,278,255,199,300,69,84,81,90,146,167,114,161,124,138,155,232,218,181,34,55,136,169,242,246,275,225,302,202,183,108,97,159,143,165,296,304,,,315,316,,,230,145,186,61,177,235,152,283,235,69,85,149,181,177,154,199,199,297,282,217,95,156,308,,313,,,227,248,236,150,293,269,180,303,125,128,157,109,284,315,25,319,311,196,226,275,267,232,120,85,246,238,275,282,242,283,302,204,157,89,104,132,146,149,308,313,,,155,161,,,230,214,184,239,220,234,218,106,252,146,118,107,269,307,310,169,209,217,273,264,187,99,153,307,,177,,,b'\x11\xe8\xe1I\xc6\xffS0\xaf\x82\x12\xdf\x17\xaeN\x1e'
11E8E149-C6FF-5330-AF82-12DF17AE4E1E,2016-ncaa-d1-conf-WAC,ncaa,3,4,2,4,2,3,3,3,5,5,5,5,2,3,2,4,4,2,7,2,2,3,2,4,4,3,1,1,5,2,4,5,6,4,6,2,2,4,3,2,2,2,7,7,,,8,8,,,5,3,3,3,2,3,3,6,7,2,4,5,3,3,3,3,4,7,7,2,3,2,8,,8,,,5,6,5,4,5,5,4,6,4,5,5,5,8,8,5,8,8,7,6,5,5,5,5,4,7,5,6,5,4,5,6,4,4,2,2,2,5,4,7,7,,,3,3,,,5,7,3,5,4,5,5,1,6,2,4,4,8,8,8,4,5,4,3,3,4,2,5,7,,3,,,b'\x11\xe8\xe1I\xc6\xffS0\xaf\x82\x12\xdf\x17\xaeN\x1e'
11E8E149-C6FF-5330-AF82-12DF17AE4E1E,2016-ncaa-d1-natl,ncaa,234,249,142,247,152,191,227,173,285,277,235,306,85,91,85,89,159,185,112,179,126,173,194,240,229,189,31,56,128,199,248,283,282,264,307,222,190,79,101,164,166,177,303,308,,,304,315,,,242,188,189,58,189,245,158,298,241,69,85,151,182,175,160,206,206,305,289,229,96,166,309,,314,,,241,230,217,113,305,254,146,309,109,100,165,100,273,308,27,311,311,163,180,288,278,243,119,85,246,216,282,270,248,266,307,190,159,117,115,149,123,153,306,319,,,187,159,,,242,170,192,253,239,238,224,108,260,151,119,109,276,308,310,172,206,224,277,274,194,105,153,308,,179,,,b'\x11\xe8\xe1I\xc6\xffS0\xaf\x82\x12\xdf\x17\xaeN\x1e'
11E8E149-C6FF-5330-AF82-12DF17AE4E1E,2017-ncaa-d0-natl,ncaa,197,126,321,184,325,287,282,319,178,327,343,186,103,132,72,37,330,334,145,333,224,329,335,108,132,177,36,19,300,248,144,319,307,318,238,230,100,109,257,196,216,136,48,10,,,86,235,,,171,335,286,79,201,215,225,289,309,44,53,307,318,312,256,247,169,264,233,155,238,143,26,,223,,,171,14,6,16,65,6,23,38,115,70,259,196,180,152,291,157,269,20,19,89,124,136,319,255,300,175,307,17,144,48,238,54,262,260,166,164,212,311,4,30,,,331,266,,,171,11,168,192,181,123,68,101,43,104,216,180,276,249,251,135,127,299,129,217,142,172,294,7,,285,,,b'\x11\xe8\xe1I\xc6\xffS0\xaf\x82\x12\xdf\x17\xaeN\x1e'
11E8E149-C6FF-5330-AF82-12DF17AE4E1E,2017-ncaa-d1-conf-WAC,ncaa,3,2,5,3,5,3,4,5,5,6,8,5,2,4,2,1,7,6,7,6,5,5,6,3,3,4,1,1,8,6,3,2,5,4,4,3,1,6,6,4,6,6,1,1,,,7,7,,,3,5,4,2,4,4,5,5,8,2,2,7,6,6,5,2,2,1,2,1,8,6,1,,7,,,3,1,1,2,1,1,3,1,5,6,4,5,7,6,6,6,7,3,3,1,1,1,8,6,8,4,5,4,3,4,4,2,5,6,6,3,7,7,2,3,,,5,4,,,3,3,4,1,3,1,1,6,1,4,4,6,7,7,7,6,6,6,5,6,3,5,7,2,,3,,,b'\x11\xe8\xe1I\xc6\xffS0\xaf\x82\x12\xdf\x17\xaeN\x1e'
11E8E149-C6FF-5330-AF82-12DF17AE4E1E,2017-ncaa-d1-natl,ncaa,175,126,310,164,313,256,254,299,153,308,337,157,75,90,66,33,323,331,145,329,233,315,311,96,111,162,38,19,311,223,151,293,290,283,218,191,91,154,260,181,174,123,38,8,,,131,237,,,155,322,272,86,182,194,218,285,312,39,49,311,318,313,258,242,177,233,220,141,242,129,24,,224,,,153,32,11,28,54,9,41,29,156,106,246,204,230,205,273,209,281,34,29,83,111,125,324,259,310,216,290,33,151,80,218,63,242,227,167,152,280,323,4,22,,,324,286,,,155,22,158,171,164,116,58,98,39,97,220,186,283,261,267,140,137,286,125,203,122,171,306,7,,301,,,b'\x11\xe8\xe1I\xc6\xffS0\xaf\x82\x12\xdf\x17\xaeN\x1e'
11E8E149-C6FF-5330-AF82-12DF17AE4E1E,2018-ncaa-d0-natl,ncaa,149,129,164,149,169,249,249,194,303,253,205,289,191,145,278,130,227,199,280,196,158,198,221,300,302,268,143,144,147,54,28,265,271,164,145,295,293,91,131,246,129,84,74,35,,,169,259,,,121,282,325,50,274,283,175,269,199,191,130,225,176,178,178,215,31,282,136,310,109,117,65,,198,,,121,23,11,35,35,13,38,39,70,94,76,187,214,210,206,198,293,44,66,40,58,36,295,184,317,200,271,108,28,136,145,39,213,119,54,47,154,190,17,35,,,269,266,,,121,52,216,56,132,23,10,21,12,23,79,101,220,220,214,35,51,218,134,163,57,90,169,29,,269,,,b'\x11\xe8\xe1I\xc6\xffS0\xaf\x82\x12\xdf\x17\xaeN\x1e'
11E8E149-C6FF-5330-AF82-12DF17AE4E1E,2018-ncaa-d1-conf-WAC,ncaa,1,2,1,2,1,2,2,2,6,3,2,7,2,1,6,3,4,2,8,1,3,2,2,6,6,6,3,3,5,1,2,2,5,2,3,2,7,5,3,5,1,2,1,1,,,8,7,,,1,2,7,3,5,4,3,5,2,3,3,4,3,3,3,3,2,3,3,5,3,3,1,,7,,,1,1,1,4,1,1,4,1,2,3,2,3,8,8,5,8,8,6,7,1,1,1,6,4,8,7,5,6,2,6,3,3,4,1,1,1,6,5,3,3,,,2,6,,,1,7,3,1,1,1,1,1,1,3,2,2,8,8,8,1,2,6,2,5,1,3,6,3,,5,,,b'\x11\xe8\xe1I\xc6\xffS0\xaf\x82\x12\xdf\x17\xaeN\x1e'
11E8E149-C6FF-5330-AF82-12DF17AE4E1E,2018-ncaa-d1-natl,ncaa,134,129,97,139,103,226,225,133,305,225,168,294,182,124,279,142,200,149,298,150,145,129,151,303,302,272,150,147,143,30,28,243,279,120,146,284,304,121,120,246,107,87,69,35,,,205,240,,,120,233,324,66,270,280,163,263,184,191,135,217,160,163,165,202,26,299,134,314,108,111,73,,183,,,120,27,13,55,33,15,49,47,96,145,67,226,224,211,237,205,285,59,119,43,62,39,301,202,313,244,279,159,28,200,146,50,201,74,41,34,167,169,30,42,,,239,260,,,120,100,215,56,122,23,10,18,10,18,94,119,208,201,194,26,51,223,136,170,52,73,157,35,,260,,,b'\x11\xe8\xe1I\xc6\xffS0\xaf\x82\x12\xdf\x17\xaeN\x1e'
11E8E149-C6FF-5330-AF82-12DF17AE4E1E,2019-ncaa-d0-natl,ncaa,220,209,249,222,290,242,206,147,264,171,141,244,227,176,291,186,326,290,331,291,322,178,204,275,304,264,280,194,323,112,139,318,291,258,266,307,342,104,123,256,34,12,208,165,,,261,310,,,200,242,104,338,215,147,48,130,78,205,145,323,279,282,77,92,72,323,228,304,158,18,203,,314,,,202,85,31,27,186,36,28,159,110,71,259,155,310,312,180,310,342,45,114,200,242,100,317,172,338,150,291,221,139,196,266,104,260,39,13,31,98,125,1,5,,,305,321,,,200,107,246,120,203,147,62,29,58,40,146,109,321,321,322,65,234,217,293,278,147,19,158,5,,297,,,b'\x11\xe8\xe1I\xc6\xffS0\xaf\x82\x12\xdf\x17\xaeN\x1e'
11E8E149-C6FF-5330-AF82-12DF17AE4E1E,2019-ncaa-d1-conf-WAC,ncaa,4,4,3,4,4,5,4,3,7,3,3,5,6,4,8,4,8,8,8,8,9,4,4,7,7,7,7,5,8,4,4,6,7,5,5,8,9,3,2,7,2,2,2,2,,,5,8,,,5,5,5,7,7,4,4,5,3,6,4,9,9,9,4,5,2,8,5,8,1,2,3,,6,,,5,3,1,1,4,1,1,2,7,6,7,8,8,7,7,7,9,1,5,4,5,3,8,8,9,5,7,7,4,7,5,4,8,2,1,2,2,5,1,1,,,6,8,,,5,6,7,4,5,2,1,1,1,1,7,5,7,6,7,1,3,4,7,6,5,2,3,1,,8,,,b'\x11\xe8\xe1I\xc6\xffS0\xaf\x82\x12\xdf\x17\xaeN\x1e'
11E8E149-C6FF-5330-AF82-12DF17AE4E1E,2019-ncaa-d1-natl,ncaa,201,209,155,211,231,209,160,107,254,134,109,210,199,140,305,179,303,257,328,258,314,132,142,260,292,257,279,202,314,88,137,297,278,219,254,279,338,133,117,238,17,8,197,148,,,292,306,,,178,178,104,339,205,143,49,123,93,201,134,314,255,258,77,93,74,320,214,287,152,12,191,,305,,,178,95,40,26,151,41,38,144,132,105,226,170,314,318,171,319,342,62,174,173,229,84,320,183,338,183,278,261,137,234,254,112,253,24,13,27,125,118,1,4,,,277,318,,,178,177,233,89,177,126,40,25,46,31,134,121,320,321,320,58,230,188,286,265,125,18,149,2,,288,,,b'\x11\xe8\xe1I\xc6\xffS0\xaf\x82\x12\xdf\x17\xaeN\x1e'
11E8E149-C6FF-5330-AF82-12DF17AE4E1E,2020-ncaa-d0-natl,ncaa,197,134,336,174,338,332,334,294,334,299,264,301,299,239,343,171,284,287,189,293,236,297,320,338,329,305,236,245,119,163,123,336,223,308,216,286,116,59,155,187,111,37,191,112,,,188,330,,,220,335,208,85,273,266,96,215,124,266,160,205,198,216,110,114,62,288,185,200,173,38,141,,312,,,223,19,14,9,156,26,15,191,29,36,71,111,165,183,119,169,295,9,13,128,158,103,169,77,305,47,223,92,123,59,216,65,244,190,71,97,108,208,17,36,,,320,243,,,220,10,285,105,233,103,79,51,130,102,69,85,265,280,275,83,137,158,272,247,159,83,225,42,,212,,,b'\x11\xe8\xe1I\xc6\xffS0\xaf\x82\x12\xdf\x17\xaeN\x1e'
11E8E149-C6FF-5330-AF82-12DF17AE4E1E,2020-ncaa-d1-conf-WAC,ncaa,5,4,4,5,4,8,8,6,9,7,4,8,7,5,9,5,7,8,3,8,8,6,5,9,9,8,6,7,5,4,4,8,6,6,6,8,5,7,7,8,1,1,2,2,,,8,9,,,8,6,7,2,9,8,6,8,4,7,5,6,8,8,6,4,3,8,6,7,8,1,2,,8,,,8,1,1,1,5,2,1,5,2,2,5,4,4,5,1,5,6,1,3,5,5,1,5,3,7,4,6,6,4,6,6,2,5,1,1,1,8,8,1,1,,,6,6,,,8,3,8,1,8,1,1,1,3,2,2,2,5,5,5,1,4,4,7,6,3,1,8,1,,6,,,b'\x11\xe8\xe1I\xc6\xffS0\xaf\x82\x12\xdf\x17\xaeN\x1e'
11E8E149-C6FF-5330-AF82-12DF17AE4E1E,2020-ncaa-d1-natl,ncaa,177,134,326,156,329,294,274,218,304,226,199,259,270,195,332,168,284,287,199,288,280,245,281,309,311,274,251,222,202,113,107,326,214,264,195,211,116,83,138,146,77,32,179,110,,,254,327,,,185,312,195,87,233,209,69,172,104,243,151,247,243,253,97,108,58,285,173,149,154,41,147,,306,,,185,33,22,14,130,38,30,163,47,61,73,141,225,241,170,232,306,21,31,113,155,92,221,100,322,71,214,131,107,90,195,92,255,138,58,86,127,173,19,23,,,303,282,,,185,34,251,94,193,102,58,45,94,73,83,104,283,289,281,78,142,151,242,214,156,75,204,32,,238,,,b'\x11\xe8\xe1I\xc6\xffS0\xaf\x82\x12\xdf\x17\xaeN\x1e'
11E8E149-C6FF-5330-AF82-12DF17AE4E1E,2021-ncaa-d0-natl,ncaa,191,104,273,157,280,279,269,282,159,254,267,164,262,275,196,201,277,284,160,282,247,283,289,173,177,184,237,206,212,275,198,288,291,291,254,257,156,51,178,157,227,121,220,104,,,82,259,,,176,287,314,215,261,224,274,192,196,236,243,256,262,261,283,311,238,289,297,197,121,150,160,,199,,,175,64,51,58,80,32,40,83,129,102,219,294,121,119,191,118,310,59,61,131,155,133,329,301,292,99,291,59,198,69,254,58,203,247,116,106,63,179,18,20,,,290,207,,,176,57,191,167,181,86,38,50,18,21,251,237,230,238,238,61,61,233,98,141,94,146,139,15,,274,,,b'\x11\xe8\xe1I\xc6\xffS0\xaf\x82\x12\xdf\x17\xaeN\x1e'
11E8E149-C6FF-5330-AF82-12DF17AE4E1E,2021-ncaa-d1-conf-Big West,ncaa,6,3,9,5,9,10,9,9,7,7,7,7,10,10,7,8,6,6,6,6,6,9,9,9,8,9,7,6,5,8,5,10,10,10,9,9,7,2,8,7,6,5,5,2,,,4,9,,,7,9,6,8,8,7,7,5,3,7,10,6,5,5,7,8,5,8,9,8,6,5,3,,9,,,7,2,2,1,3,1,1,2,6,6,10,7,5,5,2,5,9,1,2,3,4,3,9,9,9,6,10,2,5,2,9,3,8,6,4,3,2,4,2,3,,,7,5,,,7,2,8,6,8,4,3,3,2,3,9,6,9,9,9,4,5,8,6,8,5,4,3,3,,5,,,b'\x11\xe8\xe1I\xc6\xffS0\xaf\x82\x12\xdf\x17\xaeN\x1e'
11E8E149-C6FF-5330-AF82-12DF17AE4E1E,2021-ncaa-d1-natl,ncaa,202,104,281,163,286,287,280,290,166,270,278,169,268,278,194,198,285,292,163,290,245,290,291,183,184,190,236,205,211,287,201,294,291,297,266,270,157,47,186,159,238,127,227,105,,,73,260,,,193,290,316,215,267,232,282,199,202,237,245,257,264,263,288,313,242,295,304,206,119,156,161,,200,,,191,59,46,52,92,30,37,89,120,96,223,291,111,108,190,109,311,54,56,135,165,144,330,300,293,90,291,55,201,60,266,56,204,261,119,111,56,187,18,22,,,295,204,,,193,53,195,180,198,92,37,49,19,20,254,238,238,241,240,62,59,238,101,143,99,156,141,15,,274,,,b'\x11\xe8\xe1I\xc6\xffS0\xaf\x82\x12\xdf\x17\xaeN\x1e'
11E8E149-C6FF-5330-AF82-12DF17AE4E1E,2022-ncaa-d0-natl,ncaa,326,288,337,327,339,332,341,343,305,336,332,294,281,273,259,143,237,283,37,287,114,342,349,289,250,226,96,174,44,308,239,346,162,345,242,339,287,12,150,248,324,236,312,253,,,84,339,,,282,349,312,50,268,310,266,298,253,207,170,101,160,165,251,280,227,286,288,317,110,263,281,,303,,,290,40,30,7,302,25,9,282,144,62,330,255,139,119,258,116,315,9,4,322,332,341,309,275,264,11,162,25,239,9,242,71,242,345,279,307,10,88,2,13,,,317,96,,,282,7,229,329,299,252,202,76,148,49,299,220,285,284,282,111,43,93,235,168,245,306,67,8,,163,,,b'\x11\xe8\xe1I\xc6\xffS0\xaf\x82\x12\xdf\x17\xaeN\x1e'
11E8E149-C6FF-5330-AF82-12DF17AE4E1E,2022-ncaa-d1-conf-Big West,ncaa,10,8,10,10,10,7,8,8,8,7,7,6,6,6,8,6,4,6,4,6,3,8,10,8,7,6,6,8,3,3,4,10,8,8,6,9,8,3,5,7,7,6,7,7,,,7,10,,,10,10,10,2,4,8,6,5,7,5,5,2,2,3,4,3,3,9,7,9,6,7,7,,9,,,10,8,8,4,11,9,4,11,7,3,10,5,6,4,9,4,6,3,2,11,11,11,5,5,4,2,8,3,4,2,6,7,5,9,9,10,1,3,1,1,,,8,3,,,10,2,4,11,10,10,11,7,11,6,9,6,7,7,7,7,3,5,6,6,9,9,3,1,,2,,,b'\x11\xe8\xe1I\xc6\xffS0\xaf\x82\x12\xdf\x17\xaeN\x1e'
11E8E149-C6FF-5330-AF82-12DF17AE4E1E,2022-ncaa-d1-natl,ncaa,327,288,343,325,344,324,338,346,283,334,332,269,263,265,246,140,251,287,38,287,139,340,350,270,233,205,108,165,66,292,200,348,161,341,214,333,282,13,138,228,313,197,305,224,,,95,340,,,256,350,306,48,238,281,228,271,231,196,153,113,175,178,229,257,184,280,268,291,112,225,269,,303,,,268,32,23,5,280,15,7,263,147,75,321,264,122,107,237,108,315,7,2,307,312,320,311,281,261,10,161,13,200,8,214,60,255,340,232,277,9,90,2,9,,,321,118,,,256,6,204,310,279,218,174,71,113,34,294,226,271,273,270,101,49,101,213,157,226,273,71,4,,175,,,b'\x11\xe8\xe1I\xc6\xffS0\xaf\x82\x12\xdf\x17\xaeN\x1e'
11E8E149-C6FF-5330-AF82-12DF17AE4E1E,2023-ncaa-d0-natl,ncaa,300,328,116,311,118,324,322,246,345,318,252,334,242,184,318,132,283,262,299,263,206,261,212,338,346,346,141,157,152,261,309,186,304,226,324,341,335,300,322,349,130,126,22,8,,,330,347,,,316,199,320,9,354,352,326,343,295,258,193,316,289,289,332,301,285,240,286,354,284,139,20,,334,,,313,128,34,146,19,29,85,35,161,253,47,271,342,316,348,318,338,191,200,26,74,77,349,205,358,322,304,301,309,323,324,101,254,160,160,97,334,343,162,213,,,240,238,,,316,161,351,131,314,82,15,81,10,51,150,247,341,312,311,143,146,309,290,315,79,178,325,143,,288,,,b'\x11\xe8\xe1I\xc6\xffS0\xaf\x82\x12\xdf\x17\xaeN\x1e'
11E8E149-C6FF-5330-AF82-12DF17AE4E1E,2023-ncaa-d1-conf-Big West,ncaa,10,10,1,10,1,7,7,2,10,7,6,10,5,4,10,4,5,3,11,3,5,3,1,10,10,11,6,5,5,4,10,3,10,3,11,11,11,11,11,11,2,3,1,1,,,11,10,,,11,1,5,2,11,11,7,9,7,9,4,6,5,6,8,4,5,7,7,11,11,3,1,,11,,,11,10,4,9,1,2,8,1,8,9,5,5,11,11,11,11,11,10,11,1,3,3,11,6,11,11,10,11,10,11,11,5,9,2,4,2,11,10,7,6,,,3,8,,,11,11,11,4,11,5,1,5,1,3,6,6,11,11,11,8,11,11,10,11,3,4,11,6,,8,,,b'\x11\xe8\xe1I\xc6\xffS0\xaf\x82\x12\xdf\x17\xaeN\x1e'
11E8E149-C6FF-5330-AF82-12DF17AE4E1E,2023-ncaa-d1-natl,ncaa,312,328,151,321,153,344,347,302,347,339,282,339,256,201,322,134,306,283,302,283,203,309,278,340,350,351,138,159,148,285,317,227,322,275,332,349,338,282,325,350,162,142,23,8,,,326,350,,,324,258,325,8,354,354,330,347,299,263,199,317,292,293,335,305,300,252,297,355,289,152,20,,334,,,322,86,21,106,20,16,55,39,151,235,50,268,339,310,349,310,342,145,142,28,83,95,349,202,358,312,322,280,317,309,332,86,258,191,172,117,329,344,146,222,,,267,231,,,324,100,352,155,322,98,21,86,12,53,157,249,345,316,317,154,146,313,295,319,88,188,327,151,,292,,,b'\x11\xe8\xe1I\xc6\xffS0\xaf\x82\x12\xdf\x17\xaeN\x1e'
11E8E149-C6FF-5330-AF82-12DF17AE4E1E,2024-ncaa-d0-natl,ncaa,307,297,298,308,309,310,310,278,310,351,335,304,109,89,174,29,350,351,282,348,282,306,336,256,286,239,33,10,334,343,351,314,293,339,355,315,301,11,87,218,221,161,279,221,,,78,176,,,294,323,234,164,283,279,187,347,314,59,42,343,335,335,245,304,329,273,331,312,53,166,259,,174,,,301,102,92,61,258,60,22,310,235,228,221,321,121,126,154,130,280,53,54,290,281,279,300,303,166,180,293,273,351,251,355,152,225,248,159,215,35,124,37,135,,,339,289,,,294,39,278,294,301,239,219,162,155,43,306,312,194,205,209,173,179,267,348,339,244,164,84,63,,314,,,b'\x11\xe8\xe1I\xc6\xffS0\xaf\x82\x12\xdf\x17\xaeN\x1e'
11E8E149-C6FF-5330-AF82-12DF17AE4E1E,2024-ncaa-d1-conf-Big West,ncaa,10,9,8,10,11,9,9,9,8,11,10,8,3,4,5,2,11,11,7,11,9,10,11,8,8,6,1,2,9,11,11,11,11,11,11,9,9,1,3,7,8,7,9,9,,,3,6,,,10,10,6,10,9,9,6,11,9,2,2,10,9,9,8,10,11,9,11,9,1,7,9,,7,,,10,6,6,5,10,6,1,10,10,9,8,10,6,6,5,6,9,5,4,10,10,9,8,10,7,8,11,7,11,8,11,9,9,8,6,9,2,3,2,4,,,11,9,,,10,2,9,11,10,9,7,7,8,3,10,10,7,7,8,7,9,9,10,10,10,7,2,2,,10,,,b'\x11\xe8\xe1I\xc6\xffS0\xaf\x82\x12\xdf\x17\xaeN\x1e'
11E8E149-C6FF-5330-AF82-12DF17AE4E1E,2024-ncaa-d1-natl,ncaa,309,296,320,311,331,328,330,289,329,354,342,323,105,77,183,25,356,355,290,353,301,315,346,276,301,257,29,9,341,334,350,322,305,344,358,332,311,11,84,225,232,169,268,210,,,79,185,,,303,342,244,161,301,297,182,350,318,59,35,350,343,340,248,301,319,287,332,327,52,176,244,,176,,,307,106,92,54,260,57,17,313,243,233,226,322,130,133,161,135,279,43,39,289,280,284,298,301,166,198,305,283,350,265,358,141,208,252,171,212,37,112,41,146,,,344,299,,,303,22,288,307,309,247,224,163,154,46,311,308,198,203,204,174,170,286,351,345,233,174,78,67,,321,,,b'\x11\xe8\xe1I\xc6\xffS0\xaf\x82\x12\xdf\x17\xaeN\x1e'
11E8E149-C6FF-5330-AF82-12DF17AE4E1E,2025-ncaa-d0-natl,genius_ncaa,355,359,194,358,247,349,335,284,357,333,294,345,260,190,314,105,359,346,361,347,333,308,267,342,356,355,183,100,338,332,350,135,249,235,332,332,291,322,347,353,316,328,88,80,,,146,155,,59,352,224,203,361,358,354,316,345,296,249,175,358,348,348,337,290,337,90,239,351,332,320,79,,166,,68,351,194,141,225,68,62,167,50,294,289,257,282,248,236,241,228,244,234,176,104,122,220,330,315,254,287,249,315,350,316,332,58,46,316,337,224,348,356,156,259,,,335,333,,245,352,140,358,261,353,229,169,288,85,187,318,314,270,262,256,297,213,304,346,344,74,329,349,170,,340,,243,b'\x11\xe8\xe1I\xc6\xffS0\xaf\x82\x12\xdf\x17\xaeN\x1e'
11E8E149-C6FF-5330-AF82-12DF17AE4E1E,2025-ncaa-d1-conf-Big West,genius_ncaa,10,10,9,10,11,11,11,11,10,10,9,10,10,10,7,6,11,11,11,11,9,11,11,9,10,10,7,5,11,11,11,6,10,10,10,10,8,9,11,11,10,10,5,5,,,6,8,,3,10,10,6,11,11,11,11,9,7,10,9,11,11,11,11,10,11,5,7,9,10,10,3,,8,,6,10,6,4,6,6,5,9,5,7,5,8,4,9,8,7,8,8,7,3,6,6,8,7,5,10,9,10,4,11,6,10,3,4,11,11,8,11,11,4,8,,,11,11,,10,10,2,11,9,10,8,8,8,6,9,8,7,9,10,10,9,8,10,8,8,5,10,11,6,,11,,9,b'\x11\xe8\xe1I\xc6\xffS0\xaf\x82\x12\xdf\x17\xaeN\x1e'
11E8E149-C6FF-5330-AF82-12DF17AE4E1E,2025-ncaa-d1-natl,genius_ncaa,359,359,244,360,303,355,347,317,357,343,318,350,266,217,319,105,359,347,361,348,333,331,309,346,359,357,180,104,335,340,351,166,256,278,339,345,297,306,347,354,333,336,93,82,,,121,165,,50,353,272,208,361,359,355,324,349,300,254,181,358,348,348,340,296,338,95,254,353,333,327,79,,174,,67,353,167,122,199,75,50,133,57,289,269,263,280,231,219,246,214,249,200,124,111,137,235,330,315,257,273,256,298,351,306,339,48,49,334,341,233,345,356,140,266,,,344,333,,256,353,91,360,281,354,241,180,292,90,195,322,315,273,266,262,305,211,310,348,345,80,332,348,179,,339,,245,b'\x11\xe8\xe1I\xc6\xffS0\xaf\x82\x12\xdf\x17\xaeN\x1e'
11E8E149-C6FF-5330-AF82-12DF17AE4E1E,2026-ncaa-d0-natl,genius_ncaa,260,295,116,284,142,215,219,181,300,186,142,293,266,221,306,264,139,93,334,93,100,158,145,317,313,306,225,281,68,163,245,172,93,176,205,297,350,280,251,338,81,64,166,189,,,322,344,,263,284,138,96,97,278,287,228,234,149,304,262,148,82,82,183,143,201,231,225,346,264,64,194,,326,,265,271,243,224,154,292,240,191,245,181,121,303,80,301,309,144,307,297,178,193,281,291,245,189,116,292,82,93,285,245,219,205,223,172,111,88,139,273,247,245,208,,,75,57,,173,284,227,309,198,270,226,211,70,224,152,146,66,293,299,293,119,164,42,283,184,194,103,265,232,,53,,202,b'\x11\xe8\xe1I\xc6\xffS0\xaf\x82\x12\xdf\x17\xaeN\x1e'
11E8E149-C6FF-5330-AF82-12DF17AE4E1E,2026-ncaa-d1-conf-Big West,genius_ncaa,8,8,1,8,1,7,8,3,11,4,2,10,11,8,11,10,4,4,8,3,4,3,5,11,11,11,10,10,3,2,5,6,2,2,3,11,11,6,5,11,3,5,8,10,,,9,9,,10,8,5,8,1,9,10,5,6,2,11,10,5,4,3,4,6,2,7,2,11,5,5,9,,9,,10,8,6,7,3,7,5,5,5,9,4,11,4,6,6,5,6,7,3,3,7,8,9,7,7,6,3,2,10,5,4,3,6,6,4,6,8,3,4,9,8,,,2,2,,3,8,5,8,7,8,5,6,1,4,5,7,2,6,6,6,3,1,2,9,4,5,6,2,9,,2,,3,b'\x11\xe8\xe1I\xc6\xffS0\xaf\x82\x12\xdf\x17\xaeN\x1e'
11E8E149-C6FF-5330-AF82-12DF17AE4E1E,2026-ncaa-d1-natl,genius_ncaa,301,294,177,317,197,291,298,259,323,268,201,316,308,277,318,266,180,135,338,133,95,243,217,334,328,326,208,279,60,234,277,258,107,263,248,349,354,232,277,351,123,85,209,207,,,297,349,,246,313,203,106,100,305,317,262,272,163,316,274,156,95,95,217,171,237,257,265,356,280,85,207,,333,,271,310,203,182,89,321,199,139,281,136,58,321,77,279,292,154,288,301,118,126,317,324,288,192,116,290,39,107,240,277,162,248,191,180,168,125,182,228,265,227,232,,,104,47,,198,313,161,329,248,310,267,241,83,257,164,166,68,302,312,305,135,156,45,301,208,223,136,275,254,,45,,191,b'\x11\xe8\xe1I\xc6\xffS0\xaf\x82\x12\xdf\x17\xaeN\x1e'
11E8E149-C703-9B20-AF82-12DF17AE4E1E,2010-ncaa-d0-natl,ncaa,329,326,288,330,290,273,265,274,243,237,197,283,253,295,105,266,229,222,212,220,216,272,244,252,251,276,204,221,132,294,291,183,113,241,229,182,46,249,292,224,271,263,128,88,,,190,249,,,325,211,38,38,236,228,167,184,98,228,272,171,160,161,163,83,267,61,146,109,311,232,95,,297,,,326,258,202,141,272,118,75,256,311,261,323,281,273,279,137,276,314,162,125,311,320,331,317,307,238,86,113,159,291,134,229,307,317,278,281,326,321,328,14,11,,,214,136,,,325,142,292,325,322,337,317,294,213,166,340,314,318,320,318,322,300,198,298,268,333,217,332,25,,91,,,b'\x11\xe8\xe1I\xc7\x03\x9b \xaf\x82\x12\xdf\x17\xaeN\x1e'
11E8E149-C703-9B20-AF82-12DF17AE4E1E,2010-ncaa-d1-conf-Big West,ncaa,9,9,9,9,9,9,8,9,6,6,5,6,8,9,8,7,8,7,7,7,7,9,8,6,6,8,8,7,4,8,7,4,4,6,6,4,2,7,7,5,9,9,4,3,,,7,8,,,9,7,1,2,7,4,3,3,2,7,7,5,3,3,3,2,5,1,4,2,8,9,4,,8,,,9,8,6,3,6,4,2,6,7,6,4,6,8,8,1,8,9,6,3,7,8,9,7,5,8,4,4,4,7,4,6,7,8,9,9,9,8,8,1,1,,,8,7,,,9,2,8,9,9,9,8,8,6,7,7,8,8,9,9,9,8,8,8,8,9,8,8,2,,4,,,b'\x11\xe8\xe1I\xc7\x03\x9b \xaf\x82\x12\xdf\x17\xaeN\x1e'
11E8E149-C703-9B20-AF82-12DF17AE4E1E,2010-ncaa-d1-natl,ncaa,333,324,323,334,323,288,282,294,248,253,204,286,262,298,107,266,242,236,215,235,216,295,268,262,259,279,202,219,128,310,295,204,119,261,237,192,48,239,292,228,282,266,133,91,,,175,248,,,326,233,40,36,240,231,170,192,101,234,274,171,158,160,166,85,270,64,150,111,311,234,97,,300,,,329,247,189,124,278,104,57,259,309,256,323,281,263,269,138,266,314,143,108,312,322,332,318,308,236,74,119,147,295,112,237,302,317,294,285,327,315,329,12,11,,,225,136,,,326,117,300,326,327,337,317,298,219,168,341,314,318,320,319,324,300,203,297,274,334,224,335,24,,92,,,b'\x11\xe8\xe1I\xc7\x03\x9b \xaf\x82\x12\xdf\x17\xaeN\x1e'
11E8E149-C703-9B20-AF82-12DF17AE4E1E,2011-ncaa-d0-natl,ncaa,323,335,170,329,206,263,256,207,291,220,138,306,264,264,226,254,194,228,97,225,262,213,182,299,287,286,213,235,109,176,215,252,307,233,290,175,39,254,268,224,261,272,209,199,,,214,224,,,327,188,155,177,275,272,197,229,120,270,269,186,225,220,218,160,175,252,237,153,268,267,207,,242,,,323,288,225,183,253,164,103,258,302,273,297,268,312,307,222,307,313,222,174,291,307,328,318,260,263,264,307,211,215,257,290,282,274,266,279,314,312,316,31,28,,,219,227,,,327,145,291,333,326,313,259,222,184,119,320,288,311,310,308,270,231,289,243,288,295,264,310,33,,218,,,b'\x11\xe8\xe1I\xc7\x03\x9b \xaf\x82\x12\xdf\x17\xaeN\x1e'
11E8E149-C703-9B20-AF82-12DF17AE4E1E,2011-ncaa-d1-conf-Big West,ncaa,9,7,9,9,9,9,9,7,9,8,3,9,9,9,8,8,9,8,7,8,8,9,8,9,9,9,8,9,7,6,6,7,7,6,7,9,2,7,8,8,7,7,7,7,,,2,2,,,9,8,3,1,9,9,4,4,2,9,9,9,7,7,6,3,2,2,2,5,8,7,6,,5,,,9,3,3,3,3,3,1,4,5,7,3,7,5,6,3,6,8,4,2,3,3,6,8,6,7,6,7,3,6,4,7,5,7,9,9,9,8,9,1,1,,,9,8,,,9,2,9,6,9,6,5,8,4,5,7,9,7,7,6,9,7,8,7,7,8,8,9,2,,8,,,b'\x11\xe8\xe1I\xc7\x03\x9b \xaf\x82\x12\xdf\x17\xaeN\x1e'
11E8E149-C703-9B20-AF82-12DF17AE4E1E,2011-ncaa-d1-natl,ncaa,328,335,199,334,238,274,275,233,293,243,156,309,267,272,224,252,209,243,96,240,261,243,214,303,288,289,212,236,107,195,222,274,309,248,296,191,40,244,269,225,276,282,220,205,,,198,227,,,328,222,159,168,278,276,201,237,125,267,267,187,227,225,219,166,177,255,241,159,269,273,210,,243,,,327,280,212,155,259,148,83,259,300,265,296,267,310,300,222,299,314,200,146,293,308,331,316,258,264,256,309,195,222,241,296,275,275,284,284,317,309,319,29,30,,,245,226,,,328,106,293,335,328,318,266,224,189,121,321,288,314,313,312,271,233,293,245,293,300,274,311,35,,219,,,b'\x11\xe8\xe1I\xc7\x03\x9b \xaf\x82\x12\xdf\x17\xaeN\x1e'
11E8E149-C703-9B20-AF82-12DF17AE4E1E,2012-ncaa-d0-natl,ncaa,139,129,120,140,122,118,126,100,198,77,43,219,283,275,279,295,46,56,98,56,158,89,67,250,223,220,278,309,40,81,97,80,117,66,94,129,151,278,212,208,62,75,46,44,,,248,185,,,148,73,57,14,122,125,85,62,29,292,283,32,48,48,63,32,80,62,48,130,263,58,49,,249,,,149,205,155,221,77,117,170,84,253,277,171,247,288,285,175,280,275,238,263,106,134,98,302,260,274,198,117,230,97,215,94,208,235,62,88,103,259,204,76,26,,,71,146,,,148,273,196,89,150,198,150,216,111,156,242,260,275,274,272,242,288,194,205,210,205,53,245,68,,59,,,b'\x11\xe8\xe1I\xc7\x03\x9b \xaf\x82\x12\xdf\x17\xaeN\x1e'
11E8E149-C703-9B20-AF82-12DF17AE4E1E,2012-ncaa-d1-conf-Big West,ncaa,2,2,5,2,5,5,5,4,7,3,1,7,8,8,8,8,2,2,6,2,5,3,3,8,7,7,7,8,2,2,4,5,4,4,4,7,7,4,3,5,2,2,1,1,,,3,3,,,4,4,4,1,4,3,2,2,1,8,8,1,2,1,2,2,2,4,3,7,4,2,1,,4,,,4,4,2,4,3,2,3,3,7,6,8,7,4,5,4,4,7,3,5,3,3,1,8,9,6,5,4,6,4,7,4,3,7,1,2,2,4,5,4,3,,,3,2,,,4,6,6,1,4,5,2,4,2,3,9,9,7,8,5,4,8,4,7,8,3,1,5,5,,1,,,b'\x11\xe8\xe1I\xc7\x03\x9b \xaf\x82\x12\xdf\x17\xaeN\x1e'
11E8E149-C703-9B20-AF82-12DF17AE4E1E,2012-ncaa-d1-natl,ncaa,143,129,137,146,139,138,148,115,207,85,48,228,289,282,278,294,52,67,97,67,155,104,77,254,227,226,276,308,36,90,101,95,123,78,104,147,157,268,215,218,72,78,53,44,,,239,188,,,156,86,60,13,130,131,90,67,30,293,284,31,49,49,67,37,85,63,53,140,265,63,50,,249,,,158,191,138,200,83,100,144,90,239,269,174,248,280,277,179,272,275,217,244,109,142,106,301,259,275,179,123,208,101,191,104,196,239,74,94,110,248,206,66,26,,,85,143,,,156,260,207,100,156,203,153,218,113,160,240,261,276,276,275,245,287,195,211,215,213,59,250,65,,56,,,b'\x11\xe8\xe1I\xc7\x03\x9b \xaf\x82\x12\xdf\x17\xaeN\x1e'
11E8E149-C703-9B20-AF82-12DF17AE4E1E,2013-ncaa-d0-natl,ncaa,149,166,80,160,88,163,144,74,274,182,124,267,79,57,187,85,285,228,327,228,279,85,55,249,287,284,130,68,309,61,159,104,175,74,193,100,78,326,252,200,26,30,55,52,,,292,223,,,145,62,64,130,219,184,69,220,170,91,70,308,265,268,115,54,81,132,85,98,291,26,59,,267,,,147,157,106,198,58,111,189,76,154,206,67,199,273,291,88,287,276,228,287,62,72,25,252,164,282,254,175,315,159,311,193,222,300,16,17,45,285,205,125,107,,,139,278,,,145,286,281,28,146,93,68,106,78,107,131,182,247,262,257,144,274,218,291,280,190,10,246,112,,207,,,b'\x11\xe8\xe1I\xc7\x03\x9b \xaf\x82\x12\xdf\x17\xaeN\x1e'
11E8E149-C703-9B20-AF82-12DF17AE4E1E,2013-ncaa-d1-conf-Big West,ncaa,5,5,2,5,4,4,3,2,8,5,3,8,4,3,8,3,10,7,10,6,7,1,1,8,8,8,6,4,9,2,3,5,6,2,4,3,2,10,7,4,1,1,1,1,,,6,4,,,5,2,2,3,6,4,2,6,4,4,3,10,8,8,1,1,1,7,2,3,10,1,1,,6,,,5,6,5,6,7,5,7,4,6,6,7,5,7,7,2,7,7,7,9,7,7,1,7,7,7,6,6,9,3,9,4,9,10,1,1,3,7,5,8,7,,,5,9,,,5,9,7,1,5,3,3,5,3,5,7,5,5,5,5,5,8,6,10,8,8,1,7,8,,6,,,b'\x11\xe8\xe1I\xc7\x03\x9b \xaf\x82\x12\xdf\x17\xaeN\x1e'
11E8E149-C703-9B20-AF82-12DF17AE4E1E,2013-ncaa-d1-natl,ncaa,155,165,90,162,102,177,155,83,279,201,138,276,84,63,189,85,294,241,328,240,276,102,64,254,290,287,124,66,307,69,166,115,179,86,200,106,78,317,254,207,31,31,60,52,,,283,226,,,156,68,66,128,227,197,74,225,177,90,70,308,262,267,120,55,85,134,89,104,291,28,61,,267,,,157,140,96,184,62,98,164,84,143,197,73,199,265,282,92,276,276,212,279,65,79,31,254,164,286,242,179,312,166,305,200,216,300,17,20,51,275,209,120,115,,,156,275,,,156,280,290,35,158,98,73,106,84,110,132,182,249,267,263,146,273,218,295,283,194,11,246,112,,204,,,b'\x11\xe8\xe1I\xc7\x03\x9b \xaf\x82\x12\xdf\x17\xaeN\x1e'
11E8E149-C703-9B20-AF82-12DF17AE4E1E,2014-ncaa-d0-natl,ncaa,116,150,53,141,63,100,82,39,222,145,135,223,40,35,113,67,269,276,186,281,322,62,71,168,201,177,92,51,336,67,138,63,208,58,165,58,81,212,110,77,105,163,60,85,,,296,217,,,131,76,158,132,154,108,48,214,205,51,51,310,317,321,104,133,96,99,81,71,131,155,72,,235,,,132,262,217,287,84,202,301,40,226,178,283,99,288,284,234,285,190,300,293,84,105,117,255,189,261,300,208,314,138,321,165,271,282,105,177,192,129,80,292,265,,,177,314,,,131,281,142,128,124,162,126,204,125,249,178,119,238,226,226,226,228,254,259,273,219,156,90,266,,284,,,b'\x11\xe8\xe1I\xc7\x03\x9b \xaf\x82\x12\xdf\x17\xaeN\x1e'
11E8E149-C703-9B20-AF82-12DF17AE4E1E,2014-ncaa-d1-conf-Big West,ncaa,1,1,1,1,6,3,2,3,3,6,6,4,1,3,3,3,7,7,2,8,7,3,4,2,2,3,3,2,8,3,2,2,2,2,2,2,2,5,3,1,4,5,1,1,,,8,7,,,1,4,6,7,3,2,3,6,6,1,3,8,8,8,3,5,3,2,2,2,3,5,1,,7,,,1,2,2,5,1,1,8,1,2,2,6,2,6,6,3,7,5,5,6,1,1,1,6,2,8,6,2,3,2,6,2,2,4,4,5,3,4,3,7,5,,,8,8,,,1,6,2,2,1,2,2,4,1,7,2,2,6,4,5,4,5,6,3,3,2,5,3,7,,8,,,b'\x11\xe8\xe1I\xc7\x03\x9b \xaf\x82\x12\xdf\x17\xaeN\x1e'
11E8E149-C703-9B20-AF82-12DF17AE4E1E,2014-ncaa-d1-natl,ncaa,123,150,59,147,71,117,94,48,228,168,152,230,46,42,111,66,281,285,184,293,323,76,84,171,203,184,92,52,337,72,142,71,216,67,170,65,82,198,113,82,118,170,67,86,,,282,216,,,147,89,160,130,162,120,50,218,208,54,52,311,316,322,109,140,99,107,85,75,131,159,74,,232,,,149,243,200,274,89,187,295,40,216,165,286,98,277,272,238,274,191,290,284,90,110,124,248,188,261,291,216,307,142,317,170,263,282,119,183,198,119,81,289,271,,,203,312,,,147,268,148,137,136,167,135,206,130,252,182,118,240,232,230,232,225,254,260,274,222,159,90,268,,283,,,b'\x11\xe8\xe1I\xc7\x03\x9b \xaf\x82\x12\xdf\x17\xaeN\x1e'
11E8E149-C703-9B20-AF82-12DF17AE4E1E,2014-ncaa-d1-ncaatournament,ncaa,33,2,33,33,34,48,47,39,56,46,36,57,48,59,20,47,45,45,28,45,58,39,48,56,56,43,28,29,31,42,46,42,41,41,47,58,57,1,1,6,61,61,36,23,,,34,64,,,44,51,50,3,47,43,9,42,7,31,45,38,39,41,11,43,25,37,35,57,1,61,25,,64,,,46,15,6,3,38,12,10,40,3,4,9,8,38,41,9,40,63,13,10,35,39,45,41,4,62,17,41,30,46,26,47,17,58,54,49,53,1,1,39,54,,,48,33,,,44,8,44,49,50,42,14,3,31,21,4,7,63,64,64,30,20,41,60,58,45,48,1,59,,37,,,b'\x11\xe8\xe1I\xc7\x03\x9b \xaf\x82\x12\xdf\x17\xaeN\x1e'
11E8E149-C703-9B20-AF82-12DF17AE4E1E,2015-ncaa-d0-natl,ncaa,43,50,48,53,57,69,69,41,213,139,119,206,32,29,124,66,141,171,73,173,242,51,64,154,161,126,76,60,271,49,92,41,24,34,46,127,260,152,70,132,235,274,188,240,,,216,141,,,41,72,185,217,105,110,54,213,200,54,49,216,259,260,89,132,64,63,40,186,92,283,232,,119,,,41,148,164,260,68,222,279,82,86,149,37,108,193,204,136,203,117,250,263,50,48,62,80,80,200,108,24,297,92,244,46,204,241,105,139,144,74,37,269,240,,,138,273,,,41,281,89,35,40,53,71,114,127,193,42,79,121,130,130,97,112,42,201,117,132,156,40,225,,247,,,b'\x11\xe8\xe1I\xc7\x03\x9b \xaf\x82\x12\xdf\x17\xaeN\x1e'
11E8E149-C703-9B20-AF82-12DF17AE4E1E,2015-ncaa-d1-conf-Big West,ncaa,2,2,3,2,3,2,1,1,5,5,4,6,2,3,2,4,4,6,3,6,6,1,1,4,4,4,3,3,7,2,2,4,3,2,2,5,8,7,3,6,7,7,6,7,,,2,2,,,2,2,5,8,2,3,2,6,6,2,2,7,7,7,3,2,2,4,3,6,5,7,7,,1,,,2,2,4,6,3,6,7,3,2,2,1,2,1,2,3,2,1,5,7,2,2,2,1,2,5,4,3,6,2,3,2,3,3,3,4,3,5,3,9,8,,,8,9,,,2,8,1,2,2,2,2,6,7,7,2,2,1,1,1,5,4,3,4,4,2,4,3,9,,8,,,b'\x11\xe8\xe1I\xc7\x03\x9b \xaf\x82\x12\xdf\x17\xaeN\x1e'
11E8E149-C703-9B20-AF82-12DF17AE4E1E,2015-ncaa-d1-natl,ncaa,47,50,55,54,71,79,78,46,219,160,137,212,39,39,121,66,160,202,72,201,243,55,75,161,168,131,70,59,266,56,100,50,27,39,49,152,266,120,71,142,258,284,207,244,,,194,141,,,44,90,191,211,113,126,54,223,203,54,50,219,264,265,93,143,66,64,46,194,91,288,233,,122,,,45,115,142,228,71,206,262,90,72,125,41,103,178,183,139,183,118,221,236,52,52,71,80,77,201,84,27,287,100,216,49,192,241,126,144,153,59,40,260,248,,,161,271,,,44,263,95,39,45,59,76,115,134,198,45,78,126,130,132,101,110,43,207,121,135,168,39,229,,251,,,b'\x11\xe8\xe1I\xc7\x03\x9b \xaf\x82\x12\xdf\x17\xaeN\x1e'
11E8E149-C703-9B20-AF82-12DF17AE4E1E,2015-ncaa-d1-ncaatournament,ncaa,33,2,33,33,33,50,39,35,48,39,40,40,44,40,46,16,60,60,15,60,61,41,46,48,52,48,50,25,61,35,33,52,8,47,37,62,63,8,20,57,40,15,41,31,,,16,54,,,48,51,36,4,46,25,5,27,21,26,14,60,60,60,20,28,12,51,43,62,18,19,32,,38,,,49,10,8,4,57,14,9,52,9,6,37,11,22,19,40,19,53,6,6,54,55,49,33,16,53,4,8,18,33,8,37,3,8,46,20,14,4,12,23,49,,,60,60,,,48,13,46,40,51,32,27,5,36,15,15,9,53,48,47,10,7,4,45,22,10,30,11,48,,60,,,b'\x11\xe8\xe1I\xc7\x03\x9b \xaf\x82\x12\xdf\x17\xaeN\x1e'
11E8E149-C703-9B20-AF82-12DF17AE4E1E,2016-ncaa-d0-natl,ncaa,296,318,114,307,143,172,163,121,240,165,143,213,163,127,254,146,202,183,276,179,199,124,97,245,255,262,188,160,223,92,135,170,204,126,173,125,101,311,264,222,265,297,167,234,,,234,191,,,323,104,92,149,197,177,126,182,156,176,136,234,207,199,137,72,95,199,139,129,300,284,178,,228,,,317,334,335,290,333,339,307,320,201,149,284,68,245,241,181,246,140,290,237,318,316,342,59,88,115,213,204,255,135,254,173,340,294,295,330,343,347,334,81,72,,,166,255,,,323,240,248,336,320,327,336,306,339,322,201,147,241,236,245,308,248,192,238,220,339,319,345,76,,193,,,b'\x11\xe8\xe1I\xc7\x03\x9b \xaf\x82\x12\xdf\x17\xaeN\x1e'
11E8E149-C703-9B20-AF82-12DF17AE4E1E,2016-ncaa-d1-conf-Big West,ncaa,7,7,6,7,6,7,6,8,5,6,6,5,7,5,7,4,8,7,8,7,6,8,7,6,6,7,6,4,9,2,2,4,4,3,2,5,4,9,9,6,8,8,5,6,,,4,6,,,7,8,5,1,6,4,4,5,4,7,4,7,8,8,4,2,1,3,2,4,9,8,4,,6,,,7,7,8,8,8,9,8,5,3,3,6,3,3,4,4,5,3,8,3,5,5,8,2,3,2,3,4,2,2,3,2,7,7,8,9,8,9,9,2,2,,,9,9,,,7,2,6,8,7,7,9,9,9,9,3,3,6,6,7,9,5,5,4,4,8,9,9,3,,8,,,b'\x11\xe8\xe1I\xc7\x03\x9b \xaf\x82\x12\xdf\x17\xaeN\x1e'
11E8E149-C703-9B20-AF82-12DF17AE4E1E,2016-ncaa-d1-natl,ncaa,302,317,142,313,174,205,190,152,246,195,178,225,180,141,257,146,230,204,275,200,195,162,131,252,260,270,187,159,220,111,146,208,212,161,187,149,102,304,268,232,283,305,186,239,,,216,195,,,325,137,96,149,213,195,131,196,160,179,137,238,211,202,146,77,100,210,146,138,303,291,184,,230,,,323,330,330,268,335,334,299,323,191,136,291,67,233,225,192,230,144,272,203,324,320,345,55,86,114,186,212,234,146,225,187,337,296,315,331,345,347,337,71,78,,,199,248,,,325,203,255,340,324,332,336,307,340,326,203,147,246,238,247,313,248,200,241,226,340,323,344,77,,193,,,b'\x11\xe8\xe1I\xc7\x03\x9b \xaf\x82\x12\xdf\x17\xaeN\x1e'
11E8E149-C703-9B20-AF82-12DF17AE4E1E,2017-ncaa-d0-natl,ncaa,120,126,74,129,99,100,93,63,194,120,87,230,94,100,95,154,185,139,296,145,245,70,59,172,194,201,155,115,262,25,35,27,59,20,23,58,57,260,176,113,341,346,61,112,,,233,177,,,185,91,152,220,130,119,59,160,123,100,124,232,183,195,83,64,24,12,4,57,223,347,69,,182,,,185,283,272,306,92,273,320,52,213,192,241,69,252,246,156,243,113,312,257,84,80,237,145,150,186,221,59,219,35,225,23,255,178,340,347,339,253,177,45,22,,,184,314,,,185,258,143,238,188,229,228,312,239,327,174,140,216,217,218,311,191,165,139,150,207,345,216,31,,258,,,b'\x11\xe8\xe1I\xc7\x03\x9b \xaf\x82\x12\xdf\x17\xaeN\x1e'
11E8E149-C703-9B20-AF82-12DF17AE4E1E,2017-ncaa-d1-conf-Big West,ncaa,3,3,2,3,2,4,5,3,6,3,3,6,5,5,4,5,4,1,7,2,4,2,1,6,7,7,7,5,6,1,1,1,1,1,1,4,3,9,8,6,9,9,2,2,,,4,4,,,5,3,4,3,5,5,4,3,3,5,5,5,2,2,3,2,1,1,1,4,8,9,2,,3,,,5,5,6,9,2,6,9,2,6,5,6,4,3,3,7,3,3,9,6,2,2,5,5,7,4,2,1,3,1,2,1,3,1,9,9,7,9,8,1,2,,,6,8,,,5,7,6,5,5,5,5,7,6,8,5,5,4,3,3,8,3,3,1,2,2,9,8,1,,7,,,b'\x11\xe8\xe1I\xc7\x03\x9b \xaf\x82\x12\xdf\x17\xaeN\x1e'
11E8E149-C703-9B20-AF82-12DF17AE4E1E,2017-ncaa-d1-natl,ncaa,130,126,98,134,122,125,118,78,202,147,109,234,106,115,96,154,215,165,293,174,249,89,80,182,207,211,150,110,261,33,36,33,64,21,26,65,58,241,181,118,346,348,71,118,,,215,180,,,203,118,155,216,139,127,62,170,130,104,123,236,192,206,88,69,25,12,5,65,228,348,74,,184,,,203,268,262,304,96,257,318,56,197,166,248,67,242,237,165,233,114,307,232,93,84,249,140,149,186,201,64,190,36,195,26,243,181,345,347,339,237,184,34,25,,,216,314,,,203,236,152,247,203,237,238,314,247,330,181,136,218,222,222,313,182,168,143,153,213,345,218,32,,260,,,b'\x11\xe8\xe1I\xc7\x03\x9b \xaf\x82\x12\xdf\x17\xaeN\x1e'
11E8E149-C703-9B20-AF82-12DF17AE4E1E,2018-ncaa-d0-natl,ncaa,118,189,25,161,34,83,88,67,163,74,83,86,174,92,318,152,45,41,189,39,74,56,37,184,168,210,227,247,91,19,25,13,31,8,16,26,6,334,244,116,262,310,25,36,,,112,27,,,165,47,185,250,162,172,181,123,187,225,152,103,103,100,150,106,41,12,6,33,260,314,32,,27,,,165,298,292,332,43,223,302,34,333,338,211,296,148,104,313,107,42,324,300,64,53,190,286,325,70,234,31,205,25,225,16,322,307,310,336,343,347,321,156,104,,,32,142,,,165,301,154,179,169,157,169,308,83,227,301,311,68,44,48,274,126,123,65,74,261,337,327,91,,114,,,b'\x11\xe8\xe1I\xc7\x03\x9b \xaf\x82\x12\xdf\x17\xaeN\x1e'
11E8E149-C703-9B20-AF82-12DF17AE4E1E,2018-ncaa-d1-conf-Big West,ncaa,2,4,1,3,1,2,3,2,6,2,3,3,6,4,9,6,2,1,6,1,3,2,2,5,5,7,8,8,3,1,1,1,1,1,1,1,1,9,8,4,6,7,2,2,,,1,1,,,3,2,9,6,7,7,6,5,5,8,7,6,5,5,5,5,3,1,1,4,7,7,2,,1,,,3,7,9,9,1,4,9,1,9,9,3,9,3,1,9,1,1,9,8,1,1,2,6,9,1,6,1,5,1,6,1,9,9,9,9,9,9,8,7,4,,,1,3,,,3,8,6,2,4,1,1,8,1,3,7,8,1,1,1,6,2,4,1,1,5,9,9,3,,5,,,b'\x11\xe8\xe1I\xc7\x03\x9b \xaf\x82\x12\xdf\x17\xaeN\x1e'
11E8E149-C703-9B20-AF82-12DF17AE4E1E,2018-ncaa-d1-natl,ncaa,106,188,16,161,23,73,83,60,167,64,73,91,189,89,322,153,47,41,193,39,86,46,29,197,180,217,233,250,94,22,26,6,34,5,17,27,8,332,243,120,274,317,20,31,,,112,28,,,174,37,197,250,173,171,182,129,183,231,158,111,108,102,152,109,45,10,7,35,259,322,32,,27,,,177,309,306,339,44,221,316,34,337,341,213,298,153,110,307,113,42,335,309,64,54,192,286,327,66,249,34,214,26,242,17,328,307,307,337,343,347,323,171,113,,,28,146,,,174,310,163,188,185,160,167,308,82,222,306,314,69,41,44,274,126,130,66,81,260,338,327,107,,121,,,b'\x11\xe8\xe1I\xc7\x03\x9b \xaf\x82\x12\xdf\x17\xaeN\x1e'
11E8E149-C703-9B20-AF82-12DF17AE4E1E,2018-ncaa-d1-ncaatournament,ncaa,33,2,33,33,34,33,33,37,4,30,36,9,31,46,5,29,63,63,44,63,64,45,42,3,3,7,51,21,64,42,27,47,53,47,35,30,10,17,46,17,44,39,19,6,,,4,14,,,47,44,17,7,8,2,11,7,17,10,26,63,63,63,35,25,31,40,39,4,44,31,2,,16,,,49,29,31,31,58,28,30,49,27,14,60,20,4,5,22,5,8,30,28,59,56,62,18,36,3,26,53,4,27,10,35,40,56,60,59,63,38,63,4,5,,,62,62,,,47,21,8,62,48,61,63,63,59,62,49,25,13,15,16,62,58,56,9,28,63,57,62,4,,62,,,b'\x11\xe8\xe1I\xc7\x03\x9b \xaf\x82\x12\xdf\x17\xaeN\x1e'
11E8E149-C703-9B20-AF82-12DF17AE4E1E,2019-ncaa-d0-natl,ncaa,146,152,114,157,167,207,175,117,258,157,112,273,180,177,206,201,272,254,275,251,314,141,142,254,277,252,240,188,288,51,62,46,58,39,33,78,17,177,165,90,262,265,44,31,,,27,25,,,146,196,272,272,250,207,117,173,116,199,196,308,289,286,161,168,52,14,9,70,164,272,33,,18,,,147,75,127,270,19,51,176,13,305,315,170,321,4,4,198,4,7,212,150,42,19,66,284,345,9,179,58,182,62,184,33,291,339,311,320,331,155,137,230,183,,,272,306,,,146,146,217,74,146,57,103,289,36,158,306,320,4,3,3,176,84,162,162,165,278,323,139,213,,303,,,b'\x11\xe8\xe1I\xc7\x03\x9b \xaf\x82\x12\xdf\x17\xaeN\x1e'
11E8E149-C703-9B20-AF82-12DF17AE4E1E,2019-ncaa-d1-conf-Big West,ncaa,4,2,6,4,7,5,4,6,5,5,3,5,4,6,3,5,6,5,7,4,7,6,3,5,5,5,6,4,7,2,1,2,2,1,1,3,1,7,8,4,5,4,2,1,,,1,1,,,2,8,6,6,3,3,5,4,4,4,6,6,4,3,5,4,1,2,1,3,7,4,2,,1,,,2,2,2,7,2,2,3,2,8,9,6,9,1,1,4,1,1,5,4,2,2,2,6,9,1,6,2,1,1,2,1,6,9,8,8,8,5,4,3,4,,,8,7,,,2,2,2,2,2,2,4,9,2,4,8,8,1,1,1,5,4,6,1,2,5,8,5,5,,7,,,b'\x11\xe8\xe1I\xc7\x03\x9b \xaf\x82\x12\xdf\x17\xaeN\x1e'
11E8E149-C703-9B20-AF82-12DF17AE4E1E,2019-ncaa-d1-natl,ncaa,164,152,155,167,218,246,221,160,267,200,138,283,199,199,213,201,295,279,275,275,319,192,201,266,289,261,237,185,283,75,70,54,58,48,38,90,14,151,169,95,281,274,45,34,,,14,27,,,170,252,276,272,261,225,131,188,121,201,199,310,289,284,174,180,58,15,12,78,164,281,32,,19,,,170,49,90,244,22,36,147,15,296,302,182,320,2,2,204,2,8,167,96,47,25,79,283,344,8,148,58,150,70,141,38,280,340,324,324,338,121,145,209,196,,,294,305,,,170,90,226,94,172,61,113,291,41,163,310,320,4,3,3,183,87,165,168,173,289,327,144,219,,302,,,b'\x11\xe8\xe1I\xc7\x03\x9b \xaf\x82\x12\xdf\x17\xaeN\x1e'
11E8E149-C703-9B20-AF82-12DF17AE4E1E,2020-ncaa-d0-natl,ncaa,239,258,87,256,112,264,236,87,339,253,132,337,149,103,267,121,340,313,334,314,326,131,154,329,338,316,169,94,324,113,205,182,178,148,242,209,156,131,127,177,74,63,235,227,,,151,168,,,255,172,233,123,306,270,87,281,158,159,108,343,320,320,143,177,124,202,164,237,123,82,237,,149,,,255,139,146,146,151,135,138,160,184,191,142,225,157,159,164,162,201,142,170,154,153,128,205,197,188,185,178,327,205,304,242,316,344,123,110,252,167,145,176,157,,,324,344,,,255,164,306,132,260,109,118,102,109,93,169,182,152,147,149,97,127,166,318,279,311,139,152,166,,336,,,b'\x11\xe8\xe1I\xc7\x03\x9b \xaf\x82\x12\xdf\x17\xaeN\x1e'
11E8E149-C703-9B20-AF82-12DF17AE4E1E,2020-ncaa-d1-conf-Big West,ncaa,8,7,3,8,4,6,5,3,8,5,4,9,4,6,5,6,9,9,9,9,9,3,2,8,9,9,6,4,9,2,3,7,7,4,5,7,7,7,6,7,2,2,5,4,,,6,7,,,7,6,6,5,8,6,3,5,3,5,6,9,9,9,4,2,2,7,4,8,6,2,5,,7,,,7,3,3,4,4,4,3,3,4,5,5,6,6,8,4,8,7,4,7,5,6,2,5,5,7,8,7,5,3,7,5,9,9,2,2,5,4,2,7,5,,,9,9,,,7,4,8,5,7,4,4,3,4,3,4,5,5,7,7,3,6,8,5,7,9,2,5,6,,9,,,b'\x11\xe8\xe1I\xc7\x03\x9b \xaf\x82\x12\xdf\x17\xaeN\x1e'
11E8E149-C703-9B20-AF82-12DF17AE4E1E,2020-ncaa-d1-natl,ncaa,238,257,45,249,72,263,227,59,338,251,127,336,144,101,255,121,340,316,335,316,328,105,123,326,338,314,175,93,330,104,204,165,184,130,244,183,139,151,133,162,64,62,234,227,,,150,150,,,261,143,235,132,306,267,86,280,157,160,113,343,324,324,151,178,128,205,168,214,132,84,241,,129,,,260,153,161,163,157,141,135,177,213,219,148,235,153,159,168,158,192,156,187,166,160,131,214,219,176,199,184,330,204,307,244,321,345,106,106,251,182,154,165,139,,,328,344,,,261,191,306,134,267,113,120,104,107,81,187,193,143,142,138,93,125,170,317,275,305,129,158,151,,338,,,b'\x11\xe8\xe1I\xc7\x03\x9b \xaf\x82\x12\xdf\x17\xaeN\x1e'
11E8E149-C703-9B20-AF82-12DF17AE4E1E,2022-ncaa-d0-natl,ncaa,295,266,295,294,297,326,332,331,299,329,284,339,259,305,56,241,287,279,258,281,198,327,324,281,284,299,122,139,133,322,299,335,248,335,316,329,271,147,292,315,77,20,330,301,,,178,319,,,296,322,286,22,324,334,322,323,221,221,277,250,225,230,310,297,296,323,339,324,256,25,322,,302,,,300,63,38,23,213,30,13,275,129,136,149,285,275,246,322,250,345,32,38,235,285,239,325,209,332,72,248,106,299,75,316,132,317,196,70,159,110,262,98,189,,,315,191,,,296,43,316,239,295,195,102,47,80,22,217,247,331,312,314,91,136,162,260,223,234,92,216,172,,247,,,b'\x11\xe8\xe1I\xc7\x03\x9b \xaf\x82\x12\xdf\x17\xaeN\x1e'
11E8E149-C703-9B20-AF82-12DF17AE4E1E,2022-ncaa-d1-conf-Big West,ncaa,9,8,5,9,5,10,9,10,9,8,6,10,6,10,2,9,8,8,9,8,9,9,8,9,9,10,8,5,8,9,8,8,9,10,10,10,10,10,11,11,3,2,9,9,,,9,11,,,9,8,9,4,11,10,10,7,6,7,11,8,8,8,10,10,8,10,10,10,11,2,10,,10,,,9,4,1,2,6,1,2,6,6,7,7,9,9,9,10,9,11,4,6,7,8,8,11,7,10,5,9,6,8,5,10,5,9,3,2,3,5,7,8,8,,,9,9,,,9,5,10,8,9,7,1,2,1,2,7,8,11,9,9,2,7,6,7,7,5,2,7,8,,9,,,b'\x11\xe8\xe1I\xc7\x03\x9b \xaf\x82\x12\xdf\x17\xaeN\x1e'
11E8E149-C703-9B20-AF82-12DF17AE4E1E,2022-ncaa-d1-natl,ncaa,283,266,270,285,270,310,316,321,280,311,270,330,238,281,74,233,268,257,248,259,186,315,309,265,269,280,130,146,133,315,304,313,259,326,320,308,240,167,280,296,60,18,320,278,,,242,323,,,287,299,276,22,311,321,313,311,223,212,268,233,211,213,307,294,297,305,338,301,236,24,310,,304,,,287,95,42,31,177,31,13,245,177,209,128,308,311,291,323,294,347,46,63,209,270,216,344,242,341,110,259,150,304,121,320,147,318,146,71,136,132,236,113,179,,,285,188,,,287,63,299,211,285,177,76,46,47,18,235,273,335,317,319,93,145,180,262,235,207,89,197,151,,243,,,b'\x11\xe8\xe1I\xc7\x03\x9b \xaf\x82\x12\xdf\x17\xaeN\x1e'
11E8E149-C703-9B20-AF82-12DF17AE4E1E,2023-ncaa-d0-natl,ncaa,312,339,116,324,144,234,236,260,213,211,144,283,262,326,53,316,171,184,97,198,234,255,210,227,202,247,220,243,95,222,202,185,181,199,182,275,272,295,317,311,177,153,251,211,,,341,357,,,313,211,285,187,290,289,332,246,173,274,339,177,203,218,326,295,246,237,267,308,277,189,264,,345,,,309,272,163,125,217,62,55,205,313,279,323,307,333,329,272,329,350,174,160,280,311,324,354,309,336,147,181,121,202,121,182,220,246,220,224,255,255,275,258,241,,,183,132,,,313,177,256,318,303,256,119,62,49,20,318,279,334,322,321,120,83,139,87,96,199,243,237,260,,208,,,b'\x11\xe8\xe1I\xc7\x03\x9b \xaf\x82\x12\xdf\x17\xaeN\x1e'
11E8E149-C703-9B20-AF82-12DF17AE4E1E,2023-ncaa-d1-conf-Big West,ncaa,9,9,6,9,7,6,6,6,6,4,2,7,8,10,2,10,8,7,6,8,11,7,5,7,7,8,11,9,8,3,2,6,7,4,4,7,10,9,9,10,6,6,11,8,,,10,11,,,8,7,2,6,7,5,4,4,1,7,10,7,7,7,7,3,3,5,4,9,10,6,9,,10,,,8,8,7,5,8,5,3,7,11,7,9,8,10,10,4,10,10,7,6,9,11,11,10,9,9,7,7,2,2,5,4,7,6,6,7,7,10,9,6,5,,,7,9,,,8,5,7,11,8,11,6,6,4,2,11,9,10,10,10,9,9,7,4,4,8,7,9,8,,9,,,b'\x11\xe8\xe1I\xc7\x03\x9b \xaf\x82\x12\xdf\x17\xaeN\x1e'
11E8E149-C703-9B20-AF82-12DF17AE4E1E,2023-ncaa-d1-natl,ncaa,322,339,151,336,185,276,279,310,225,248,184,292,272,336,59,316,188,202,96,217,238,303,274,234,213,257,215,241,90,257,206,226,183,253,191,302,279,276,319,319,209,168,267,216,,,338,359,,,323,273,291,177,302,300,338,257,176,280,341,180,208,220,329,303,254,251,277,317,280,201,272,,347,,,318,250,119,77,240,49,31,217,311,265,332,307,328,323,273,322,351,132,102,291,323,331,353,310,336,116,183,90,206,84,191,205,251,254,235,269,234,284,252,249,,,213,121,,,323,111,268,328,314,265,130,63,55,23,324,280,337,327,326,130,82,145,92,98,210,257,243,265,,206,,,b'\x11\xe8\xe1I\xc7\x03\x9b \xaf\x82\x12\xdf\x17\xaeN\x1e'
11E8E149-C703-9B20-AF82-12DF17AE4E1E,2024-ncaa-d0-natl,ncaa,351,348,258,353,266,325,322,245,349,297,195,347,299,265,331,231,279,255,297,247,239,259,231,351,353,345,231,244,119,291,333,203,301,250,336,291,187,271,305,313,112,121,118,88,,,176,157,,,344,206,76,87,334,335,198,291,133,292,236,260,229,220,208,131,271,129,206,293,309,83,102,,239,,,343,198,177,200,155,97,75,219,312,326,174,344,160,178,73,177,258,196,191,204,188,189,325,335,145,305,301,331,333,334,336,306,342,172,182,273,344,351,155,181,,,307,314,,,344,158,350,249,340,283,273,310,166,114,343,355,197,230,230,311,318,339,352,356,338,120,351,198,,282,,,b'\x11\xe8\xe1I\xc7\x03\x9b \xaf\x82\x12\xdf\x17\xaeN\x1e'
11E8E149-C703-9B20-AF82-12DF17AE4E1E,2024-ncaa-d1-conf-Big West,ncaa,11,11,8,11,10,11,10,7,11,7,4,11,11,10,11,11,7,5,11,5,8,7,6,11,11,11,9,10,2,8,9,5,9,7,10,10,6,8,8,10,7,6,3,3,,,8,5,,,11,3,2,6,11,10,4,6,2,11,10,7,5,5,4,2,8,2,5,10,9,5,3,,10,,,11,8,7,9,4,5,7,5,11,11,7,11,8,8,6,8,8,9,9,5,5,8,11,11,8,9,9,10,9,9,10,10,11,7,8,10,8,9,8,6,,,9,10,,,11,9,11,8,11,11,8,11,7,8,11,11,10,10,10,11,10,11,11,11,11,6,10,8,,6,,,b'\x11\xe8\xe1I\xc7\x03\x9b \xaf\x82\x12\xdf\x17\xaeN\x1e'
11E8E149-C703-9B20-AF82-12DF17AE4E1E,2024-ncaa-d1-natl,ncaa,357,357,254,359,269,340,339,249,355,313,197,353,309,263,343,231,286,257,315,249,251,256,239,356,356,353,239,248,125,287,328,200,309,243,341,309,197,273,300,319,117,118,116,80,,,172,153,,,350,208,82,88,343,340,194,302,129,302,234,267,229,224,207,128,255,125,196,304,310,84,101,,236,,,350,220,199,216,154,78,64,227,331,344,178,353,153,174,68,179,264,216,209,215,195,213,336,347,124,320,309,339,328,347,341,320,348,191,201,296,347,354,151,164,,,310,319,,,350,159,354,270,348,288,278,319,149,97,350,358,192,219,222,320,320,343,356,359,345,142,352,194,,285,,,b'\x11\xe8\xe1I\xc7\x03\x9b \xaf\x82\x12\xdf\x17\xaeN\x1e'
11E8E149-C703-9B20-AF82-12DF17AE4E1E,2025-ncaa-d0-natl,genius_ncaa,349,344,301,349,307,344,351,287,360,359,344,358,180,90,310,26,303,267,315,266,82,286,236,354,354,354,12,26,137,222,276,179,217,206,276,318,157,329,346,345,271,268,267,242,,,61,70,,343,356,239,47,76,340,351,188,359,326,123,33,266,217,217,201,71,171,57,76,310,352,222,242,,143,,357,356,238,225,215,212,75,62,228,352,342,317,357,98,67,287,75,174,199,147,292,278,316,344,360,50,211,217,272,276,264,276,259,261,296,296,328,326,344,356,362,,,319,319,,321,356,139,354,322,354,343,337,353,181,142,361,361,166,138,145,349,329,298,352,349,335,235,348,360,,265,,307,b'\x11\xe8\xe1I\xc7\x03\x9b \xaf\x82\x12\xdf\x17\xaeN\x1e'
11E8E149-C703-9B20-AF82-12DF17AE4E1E,2025-ncaa-d1-conf-Big West,genius_ncaa,10,10,9,10,9,10,10,7,11,11,10,11,6,2,11,1,10,7,10,7,3,8,6,11,11,11,2,2,5,6,7,5,8,6,9,8,3,10,10,10,9,9,9,9,,,5,2,,11,11,5,2,1,10,10,4,11,9,4,1,9,5,5,4,2,4,4,4,8,11,9,9,,7,,11,11,11,11,9,9,8,8,8,11,11,11,11,3,3,9,3,3,9,8,11,10,11,8,11,1,7,8,10,7,9,9,11,7,9,10,11,10,10,10,11,,,10,10,,11,11,7,10,11,11,11,11,11,10,8,11,11,6,5,5,11,10,9,11,11,11,8,10,11,,8,,11,b'\x11\xe8\xe1I\xc7\x03\x9b \xaf\x82\x12\xdf\x17\xaeN\x1e'
11E8E149-C703-9B20-AF82-12DF17AE4E1E,2025-ncaa-d1-natl,genius_ncaa,346,344,304,349,311,340,351,282,361,362,345,360,169,75,317,26,293,268,308,267,83,285,237,357,357,355,11,25,128,228,283,157,216,199,283,327,153,334,346,344,260,263,277,257,,,61,54,,343,356,224,46,75,338,349,182,360,325,120,30,266,221,220,199,64,177,49,76,314,351,206,258,,137,,356,356,254,240,228,211,96,65,240,352,345,310,357,88,65,297,68,151,208,171,288,275,312,337,359,44,221,216,294,283,286,283,279,259,285,293,322,336,347,356,362,,,322,335,,319,356,151,356,321,353,346,339,353,195,148,361,361,159,128,136,349,333,295,356,353,335,220,351,359,,280,,305,b'\x11\xe8\xe1I\xc7\x03\x9b \xaf\x82\x12\xdf\x17\xaeN\x1e'
11E8E149-C703-9B20-AF82-12DF17AE4E1E,2026-ncaa-d0-natl,genius_ncaa,260,152,327,241,334,343,334,334,289,351,349,278,229,235,190,32,357,356,264,356,304,339,341,245,281,283,57,22,332,334,289,338,344,339,342,316,133,49,263,235,299,220,192,89,,,52,227,,25,271,337,116,97,271,251,170,321,304,75,39,339,333,336,229,190,241,240,262,199,258,174,73,,296,,70,301,40,28,44,162,28,33,146,101,89,235,241,95,112,115,103,281,43,36,188,191,228,293,262,236,194,344,52,289,89,342,20,60,329,269,168,151,338,59,253,,,352,273,,241,271,25,291,289,297,299,262,327,220,254,316,321,291,308,308,335,334,357,319,349,140,184,335,197,,266,,157,b'\x11\xe8\xe1I\xc7\x03\x9b \xaf\x82\x12\xdf\x17\xaeN\x1e'
11E8E149-C703-9B20-AF82-12DF17AE4E1E,2026-ncaa-d1-conf-Big West,genius_ncaa,4,6,1,6,1,6,5,8,7,6,7,7,5,5,7,3,8,7,10,7,8,7,7,7,8,7,5,3,9,8,11,4,10,8,11,8,8,8,8,8,7,8,3,4,,,11,11,,6,9,7,8,1,8,7,10,8,9,6,6,9,8,8,9,9,10,4,9,9,8,7,3,,11,,5,9,7,6,9,3,7,10,3,5,6,3,2,10,11,6,11,10,10,9,3,4,4,5,2,11,11,10,9,11,11,11,1,1,9,10,3,9,9,1,2,,,6,5,,8,9,6,7,8,9,7,5,9,7,10,4,4,10,11,11,10,9,11,8,11,1,10,9,1,,6,,9,b'\x11\xe8\xe1I\xc7\x03\x9b \xaf\x82\x12\xdf\x17\xaeN\x1e'
11E8E149-C703-9B20-AF82-12DF17AE4E1E,2026-ncaa-d1-natl,genius_ncaa,203,152,271,192,286,248,227,240,209,295,332,137,77,47,181,11,355,356,271,356,331,269,294,157,209,180,59,16,358,117,60,251,255,197,153,209,159,67,124,136,260,207,92,38,,,96,200,,17,147,313,167,100,140,104,32,235,287,20,7,348,342,344,87,103,32,89,32,112,157,188,46,,220,,29,133,42,32,77,55,26,58,72,136,195,106,281,99,139,48,140,254,81,72,63,63,96,296,276,210,217,255,89,60,129,153,24,60,293,230,108,163,248,65,177,,,345,341,,245,147,54,135,141,126,149,116,261,82,144,248,313,192,244,245,279,266,320,223,290,56,191,277,126,,313,,216,b'\x11\xe8\xe1I\xc7\x03\x9b \xaf\x82\x12\xdf\x17\xaeN\x1e'
11E8E149-C708-1C04-AF82-12DF17AE4E1E,2010-ncaa-d0-natl,ncaa,108,62,241,93,261,112,84,193,19,82,144,39,140,254,3,245,213,203,239,203,239,197,211,20,27,33,249,180,287,210,128,119,76,163,61,22,7,95,134,17,247,236,305,296,,,186,244,,,88,210,92,188,33,24,98,27,77,111,231,179,154,160,106,120,165,37,63,3,161,217,299,,255,,,82,157,157,161,164,104,84,198,277,278,178,304,130,148,94,132,204,158,124,200,193,234,275,300,128,108,76,53,128,56,61,189,222,272,267,272,85,124,72,54,,,244,241,,,88,131,35,222,85,255,239,275,162,127,305,318,172,200,184,273,235,171,98,115,249,238,147,92,,197,,,b'\x11\xe8\xe1I\xc7\x08\x1c\x04\xaf\x82\x12\xdf\x17\xaeN\x1e'
11E8E149-C708-1C04-AF82-12DF17AE4E1E,2010-ncaa-d1-conf-Big West,ncaa,3,3,5,3,7,1,1,3,1,2,4,3,3,6,1,6,9,9,6,9,9,5,7,1,1,1,7,4,9,4,4,3,1,3,2,1,1,2,2,1,6,6,7,8,,,4,5,,,2,8,4,6,1,1,2,1,4,3,6,9,8,8,4,5,4,2,3,1,3,5,7,,5,,,2,4,5,4,3,5,5,3,6,5,5,5,4,4,4,4,6,3,1,4,4,6,5,6,4,1,1,2,4,1,2,3,5,8,8,8,5,6,5,5,,,9,9,,,2,4,1,4,2,4,5,6,4,6,6,5,4,5,4,5,4,2,2,3,5,7,7,6,,9,,,b'\x11\xe8\xe1I\xc7\x08\x1c\x04\xaf\x82\x12\xdf\x17\xaeN\x1e'
11E8E149-C708-1C04-AF82-12DF17AE4E1E,2010-ncaa-d1-natl,ncaa,114,62,276,94,296,119,90,208,19,87,157,39,146,262,3,246,223,210,239,212,237,210,237,20,27,33,247,183,286,222,131,128,76,178,62,23,7,81,134,18,257,243,308,297,,,170,243,,,92,232,93,176,35,24,102,27,78,109,232,179,152,159,109,124,167,36,68,4,162,218,300,,257,,,85,142,144,145,168,92,66,207,272,271,182,303,121,138,99,120,206,139,106,204,197,246,275,300,125,95,76,34,131,36,62,181,222,285,270,281,78,129,67,56,,,268,240,,,92,108,37,233,88,262,246,276,164,129,307,318,173,200,187,274,234,174,99,117,251,244,148,94,,199,,,b'\x11\xe8\xe1I\xc7\x08\x1c\x04\xaf\x82\x12\xdf\x17\xaeN\x1e'
11E8E149-C708-1C04-AF82-12DF17AE4E1E,2011-ncaa-d0-natl,ncaa,123,111,119,123,142,96,65,76,67,64,58,125,134,221,13,243,254,293,32,293,340,107,132,81,95,73,275,177,325,136,134,168,108,147,99,44,66,95,78,27,148,157,334,340,,,219,209,,,166,133,126,192,72,40,46,41,37,133,228,268,319,317,94,138,151,197,168,26,87,166,341,,206,,,166,279,276,200,300,211,154,271,311,237,334,241,194,168,270,164,181,196,195,317,319,305,255,279,116,102,108,153,134,126,99,300,249,147,159,253,149,139,290,197,,,312,338,,,166,218,70,278,156,274,270,180,200,128,309,236,185,156,152,172,172,85,137,107,284,159,152,285,,338,,,b'\x11\xe8\xe1I\xc7\x08\x1c\x04\xaf\x82\x12\xdf\x17\xaeN\x1e'
11E8E149-C708-1C04-AF82-12DF17AE4E1E,2011-ncaa-d1-conf-Big West,ncaa,1,1,1,1,2,1,1,1,3,1,1,5,7,7,2,9,5,7,1,7,9,1,1,4,4,1,9,8,9,1,3,2,2,1,2,1,4,2,1,1,4,5,9,9,,,5,3,,,4,1,5,6,1,1,1,1,1,8,8,7,8,8,1,4,4,4,4,1,1,5,9,,2,,,4,9,9,9,6,8,7,5,8,6,8,4,4,4,5,4,3,9,9,7,7,4,3,4,1,5,2,6,3,6,2,7,4,3,4,4,4,3,9,7,,,7,9,,,4,9,1,4,4,4,6,5,5,6,6,4,3,3,3,4,4,1,4,3,4,5,3,9,,9,,,b'\x11\xe8\xe1I\xc7\x08\x1c\x04\xaf\x82\x12\xdf\x17\xaeN\x1e'
11E8E149-C708-1C04-AF82-12DF17AE4E1E,2011-ncaa-d1-natl,ncaa,128,110,132,126,163,106,71,87,69,69,63,130,141,228,11,243,263,306,33,306,340,125,153,82,95,73,274,175,324,149,139,191,109,172,106,49,67,76,82,30,165,165,337,341,,,201,211,,,173,158,129,190,76,41,48,41,37,134,231,267,317,317,100,143,152,200,175,26,88,171,341,,209,,,173,269,262,176,305,199,132,275,307,223,338,240,181,161,275,155,182,170,166,322,322,313,251,278,115,84,109,134,139,97,106,296,248,168,166,259,135,141,284,206,,,322,339,,,173,195,74,287,164,277,276,184,204,132,309,236,188,156,150,175,172,86,139,111,288,168,151,286,,338,,,b'\x11\xe8\xe1I\xc7\x08\x1c\x04\xaf\x82\x12\xdf\x17\xaeN\x1e'
11E8E149-C708-1C04-AF82-12DF17AE4E1E,2012-ncaa-d0-natl,ncaa,139,153,81,152,121,38,32,61,21,32,50,39,103,156,25,225,81,111,72,112,234,67,88,28,28,21,234,195,234,144,159,55,91,81,107,28,99,68,34,18,186,227,269,298,,,201,112,,,78,78,83,343,25,23,70,30,67,120,187,99,141,146,73,138,183,71,115,24,46,221,289,,143,,,76,296,309,302,219,264,278,171,318,294,318,249,133,114,206,107,63,288,256,241,215,258,218,298,48,186,91,204,159,201,107,290,180,204,273,283,127,84,218,115,,,135,221,,,78,269,21,248,80,256,275,289,229,252,320,269,108,94,92,258,206,154,142,139,252,263,100,183,,189,,,b'\x11\xe8\xe1I\xc7\x08\x1c\x04\xaf\x82\x12\xdf\x17\xaeN\x1e'
11E8E149-C708-1C04-AF82-12DF17AE4E1E,2012-ncaa-d1-conf-Big West,ncaa,1,1,3,1,4,1,1,2,1,1,2,1,6,6,1,7,3,4,1,4,7,2,3,1,1,1,6,7,6,3,3,2,2,2,2,1,4,1,1,1,5,5,5,5,,,2,1,,,1,3,6,9,1,1,3,1,2,6,6,3,5,5,3,5,5,1,2,1,1,5,5,,1,,,1,5,6,8,2,5,6,1,8,7,6,6,1,1,7,1,1,7,7,2,1,2,4,8,2,6,2,4,3,4,2,7,8,7,7,6,3,3,6,4,,,4,5,,,1,7,1,2,1,2,5,7,4,6,7,7,1,1,1,5,4,5,2,2,5,7,3,6,,7,,,b'\x11\xe8\xe1I\xc7\x08\x1c\x04\xaf\x82\x12\xdf\x17\xaeN\x1e'
11E8E149-C708-1C04-AF82-12DF17AE4E1E,2012-ncaa-d1-natl,ncaa,143,153,90,158,138,42,35,68,24,35,56,41,109,161,25,221,87,122,67,124,236,73,100,28,28,21,229,195,230,165,169,66,96,98,116,31,102,55,34,18,199,236,278,300,,,186,115,,,84,91,87,343,26,23,72,31,70,118,186,101,141,148,75,143,191,73,124,26,45,227,294,,148,,,81,287,301,294,221,248,263,178,318,287,323,249,122,104,211,100,63,279,238,246,223,263,223,297,48,171,96,186,169,180,116,284,177,230,277,288,107,84,207,123,,,155,215,,,84,255,21,255,85,257,276,291,234,256,320,269,107,94,93,260,205,159,145,142,259,267,98,184,,190,,,b'\x11\xe8\xe1I\xc7\x08\x1c\x04\xaf\x82\x12\xdf\x17\xaeN\x1e'
11E8E149-C708-1C04-AF82-12DF17AE4E1E,2013-ncaa-d0-natl,ncaa,72,65,80,76,80,70,49,69,64,40,39,101,148,204,40,249,164,147,235,144,282,70,76,79,92,84,271,211,278,86,110,56,94,58,78,30,68,173,98,43,176,226,171,238,,,246,164,,,84,78,127,13,60,35,60,34,47,168,228,199,182,180,70,95,113,57,59,21,134,207,195,,207,,,85,251,263,285,155,290,313,169,90,130,53,68,233,197,289,192,90,281,269,107,112,139,45,41,178,196,94,211,110,216,78,183,93,141,203,148,50,30,133,53,,,149,265,,,84,275,78,123,86,193,221,267,276,308,59,94,199,155,153,244,226,146,151,141,148,170,50,115,,219,,,b'\x11\xe8\xe1I\xc7\x08\x1c\x04\xaf\x82\x12\xdf\x17\xaeN\x1e'
11E8E149-C708-1C04-AF82-12DF17AE4E1E,2013-ncaa-d1-conf-Big West,ncaa,1,1,2,1,2,1,1,1,1,1,1,1,3,7,1,7,9,8,6,8,10,3,4,1,1,1,7,6,10,3,4,1,1,1,2,1,1,3,1,1,5,5,7,8,,,4,3,,,1,4,6,1,1,1,1,1,1,3,7,9,9,9,2,3,3,1,1,1,2,5,7,,4,,,1,7,9,10,5,9,9,5,4,4,3,3,2,2,9,2,1,9,7,5,3,5,1,3,2,4,1,4,4,4,2,6,5,5,6,5,2,1,4,3,,,8,10,,,1,8,1,3,1,4,6,8,9,9,4,3,2,2,2,6,5,4,4,3,5,5,2,3,,10,,,b'\x11\xe8\xe1I\xc7\x08\x1c\x04\xaf\x82\x12\xdf\x17\xaeN\x1e'
11E8E149-C708-1C04-AF82-12DF17AE4E1E,2013-ncaa-d1-natl,ncaa,77,65,90,76,92,77,57,79,65,43,43,104,155,215,40,251,177,159,233,157,279,83,89,82,94,86,268,208,277,97,112,64,94,70,84,34,70,156,101,46,188,237,185,246,,,233,169,,,98,88,130,13,62,36,64,34,50,166,228,198,181,180,70,102,118,57,65,22,135,216,200,,208,,,98,240,255,274,158,287,308,171,79,121,53,67,218,184,295,180,90,269,257,119,119,149,45,42,178,187,94,192,112,201,84,173,93,152,206,153,44,32,130,57,,,169,261,,,98,268,83,134,97,200,227,271,278,309,64,94,201,158,158,245,226,144,154,146,149,177,50,116,,216,,,b'\x11\xe8\xe1I\xc7\x08\x1c\x04\xaf\x82\x12\xdf\x17\xaeN\x1e'
11E8E149-C708-1C04-AF82-12DF17AE4E1E,2013-ncaa-d1-ncaatournament,ncaa,33,2,33,33,35,45,48,39,56,36,32,56,62,61,60,58,36,36,36,32,29,37,40,61,56,51,46,60,8,41,39,40,46,44,50,51,48,12,8,41,46,46,43,54,,,12,23,,,60,38,5,7,41,46,7,30,3,60,51,15,15,13,6,10,20,27,28,50,17,35,42,,30,,,60,28,28,31,49,32,32,42,12,4,54,3,19,16,28,16,16,31,29,44,47,49,8,13,19,28,46,28,39,31,50,11,8,53,55,46,13,16,35,49,,,43,40,,,60,29,53,58,59,59,60,61,61,64,17,4,34,32,33,62,57,50,60,62,39,39,22,55,,28,,,b'\x11\xe8\xe1I\xc7\x08\x1c\x04\xaf\x82\x12\xdf\x17\xaeN\x1e'
11E8E149-C708-1C04-AF82-12DF17AE4E1E,2014-ncaa-d0-natl,ncaa,116,125,85,126,90,48,29,30,103,38,25,156,98,134,59,206,186,169,206,170,328,35,48,116,155,88,264,164,317,45,102,39,150,31,108,79,225,85,26,42,303,339,123,180,,,293,189,,,182,64,50,62,35,21,13,25,14,108,147,234,218,219,19,32,42,22,13,75,60,326,131,,264,,,182,338,334,328,183,312,326,128,312,277,318,167,301,295,212,293,154,330,307,197,206,303,236,233,175,305,150,298,102,310,108,270,104,288,341,313,63,26,180,59,,,117,270,,,182,295,67,308,174,324,321,338,289,332,312,267,276,272,270,343,312,288,273,285,242,316,55,157,,164,,,b'\x11\xe8\xe1I\xc7\x08\x1c\x04\xaf\x82\x12\xdf\x17\xaeN\x1e'
11E8E149-C708-1C04-AF82-12DF17AE4E1E,2014-ncaa-d1-conf-Big West,ncaa,2,2,1,2,2,1,1,1,2,1,1,3,4,6,2,6,3,3,6,3,6,2,2,3,3,2,6,6,7,2,3,1,3,1,3,1,8,6,2,2,8,9,4,4,,,6,4,,,3,3,3,2,1,1,1,1,2,4,6,4,4,4,2,2,2,1,1,1,4,8,4,,4,,,3,9,8,9,5,8,9,2,8,8,7,5,5,6,2,5,4,9,9,5,4,5,7,7,3,8,3,8,3,9,3,8,2,9,9,9,5,2,6,4,,,3,7,,,3,9,1,7,3,8,8,9,8,9,8,8,5,4,4,9,9,8,5,8,5,9,4,6,,4,,,b'\x11\xe8\xe1I\xc7\x08\x1c\x04\xaf\x82\x12\xdf\x17\xaeN\x1e'
11E8E149-C708-1C04-AF82-12DF17AE4E1E,2014-ncaa-d1-natl,ncaa,123,125,100,134,106,54,31,33,110,39,28,160,105,137,60,205,209,190,206,192,329,43,56,122,161,94,264,164,314,53,104,41,158,35,111,86,229,73,28,45,309,340,128,182,,,280,190,,,191,72,53,61,39,24,14,26,16,108,149,234,219,224,20,35,44,23,14,77,62,327,134,,264,,,191,336,333,326,188,308,324,137,309,270,322,166,291,290,216,287,157,328,298,202,212,311,231,231,173,298,158,292,104,304,111,262,107,303,342,318,53,26,172,64,,,134,268,,,191,288,71,312,188,330,322,339,295,334,313,266,279,275,271,343,310,291,275,285,248,321,55,158,,166,,,b'\x11\xe8\xe1I\xc7\x08\x1c\x04\xaf\x82\x12\xdf\x17\xaeN\x1e'
11E8E149-C708-1C04-AF82-12DF17AE4E1E,2015-ncaa-d0-natl,ncaa,162,131,243,163,254,165,147,130,204,172,140,229,146,153,122,160,235,198,285,197,236,142,145,183,212,195,169,130,261,96,128,140,52,108,76,228,281,162,154,215,211,210,311,293,,,314,341,,,167,174,45,102,102,85,35,120,78,116,124,207,158,160,40,30,58,50,28,197,208,192,307,,340,,,167,145,75,81,129,47,42,192,211,250,96,279,321,324,98,325,345,130,143,154,199,187,326,243,332,56,52,190,128,126,76,118,201,182,165,141,195,181,131,118,,,203,249,,,167,174,167,146,171,240,117,139,86,52,258,294,333,335,336,250,262,89,270,211,152,140,233,166,,145,,,b'\x11\xe8\xe1I\xc7\x08\x1c\x04\xaf\x82\x12\xdf\x17\xaeN\x1e'
11E8E149-C708-1C04-AF82-12DF17AE4E1E,2015-ncaa-d1-conf-Big West,ncaa,3,3,5,3,5,5,5,2,6,3,3,5,6,6,4,6,5,5,6,5,7,3,4,6,7,6,6,6,6,4,4,3,2,3,3,7,9,5,4,7,8,8,6,6,,,9,9,,,4,4,1,3,3,2,1,3,2,6,6,4,5,5,1,1,3,1,2,7,6,6,6,,9,,,4,5,3,5,2,1,3,4,4,7,2,7,9,9,2,9,9,6,4,3,4,4,9,5,9,2,2,7,4,4,3,2,5,7,7,6,7,7,7,6,,,7,7,,,4,5,6,4,4,6,3,7,2,4,4,9,9,9,9,8,7,4,7,5,3,6,7,7,,6,,,b'\x11\xe8\xe1I\xc7\x08\x1c\x04\xaf\x82\x12\xdf\x17\xaeN\x1e'
11E8E149-C708-1C04-AF82-12DF17AE4E1E,2015-ncaa-d1-natl,ncaa,180,130,298,175,309,198,180,159,213,193,164,235,153,164,119,158,253,223,285,223,236,181,183,194,224,203,167,131,257,117,135,170,54,132,84,251,283,131,156,219,235,223,316,296,,,307,341,,,183,218,47,94,112,99,38,126,83,119,124,212,159,161,43,33,62,49,30,208,211,202,310,,340,,,183,112,53,49,144,38,22,201,199,237,102,277,311,319,102,322,345,92,95,168,208,201,327,242,332,38,54,165,135,99,84,102,202,206,172,150,176,187,115,121,,,235,245,,,183,129,180,162,187,254,127,141,91,51,260,292,334,335,337,255,258,92,271,217,160,145,237,174,,142,,,b'\x11\xe8\xe1I\xc7\x08\x1c\x04\xaf\x82\x12\xdf\x17\xaeN\x1e'
11E8E149-C708-1C04-AF82-12DF17AE4E1E,2016-ncaa-d0-natl,ncaa,164,181,114,173,133,159,140,102,213,114,97,227,187,172,226,201,219,273,52,275,318,125,115,237,237,215,241,201,254,181,265,83,103,111,184,140,160,227,190,173,138,171,195,184,,,312,291,,,184,105,78,126,179,148,94,119,96,202,184,253,286,288,138,121,207,68,114,155,214,153,203,,307,,,183,188,107,208,56,74,132,70,236,279,120,274,311,298,277,296,306,232,249,72,117,98,328,235,316,184,103,297,265,278,184,160,227,78,111,101,258,218,244,184,,,133,157,,,184,256,233,96,178,180,98,176,55,96,233,279,299,291,289,219,270,159,295,257,149,74,232,236,,134,,,b'\x11\xe8\xe1I\xc7\x08\x1c\x04\xaf\x82\x12\xdf\x17\xaeN\x1e'
11E8E149-C708-1C04-AF82-12DF17AE4E1E,2016-ncaa-d1-conf-Big West,ncaa,6,6,2,6,2,6,5,2,7,3,3,6,8,6,8,6,7,9,2,9,9,3,2,7,7,6,7,7,8,4,6,3,3,4,5,6,7,3,2,5,4,4,3,3,,,9,9,,,6,2,3,2,7,6,3,2,3,8,6,8,9,9,3,4,6,4,3,6,2,5,3,,9,,,6,6,2,5,2,2,4,3,6,4,7,4,8,9,3,9,9,7,6,2,4,4,8,6,8,5,3,8,6,7,5,3,4,5,5,5,7,5,7,6,,,3,5,,,6,8,7,4,6,4,2,3,1,3,5,4,8,8,8,5,6,3,8,7,3,5,6,7,,2,,,b'\x11\xe8\xe1I\xc7\x08\x1c\x04\xaf\x82\x12\xdf\x17\xaeN\x1e'
11E8E149-C708-1C04-AF82-12DF17AE4E1E,2016-ncaa-d1-natl,ncaa,174,179,142,184,162,193,161,132,227,143,116,235,204,186,230,200,249,283,52,284,320,163,156,244,245,220,238,201,251,208,267,106,109,140,200,167,165,199,192,180,162,185,210,193,,,301,295,,,195,138,85,117,192,163,97,133,98,203,184,255,288,289,148,125,210,70,121,166,216,162,209,,307,,,196,166,84,179,67,59,100,78,224,266,125,271,305,289,281,287,307,201,221,81,131,116,327,232,316,151,109,283,267,258,200,145,227,108,118,108,235,223,237,192,,,156,154,,,195,229,240,117,191,191,104,181,61,98,235,276,302,294,294,224,267,161,296,265,156,82,238,240,,132,,,b'\x11\xe8\xe1I\xc7\x08\x1c\x04\xaf\x82\x12\xdf\x17\xaeN\x1e'
11E8E149-C708-1C04-AF82-12DF17AE4E1E,2017-ncaa-d0-natl,ncaa,237,229,234,243,274,166,135,154,140,66,64,131,325,304,323,317,148,209,34,214,320,163,182,225,190,172,339,335,143,115,93,174,52,144,77,155,191,104,105,121,160,139,264,250,,,242,301,,,196,201,80,251,109,70,43,21,15,326,292,110,181,185,55,60,60,108,65,114,163,127,265,,292,,,196,185,132,98,220,67,49,209,273,231,307,287,247,235,201,232,306,113,119,276,288,273,324,295,244,33,52,133,93,66,77,126,162,195,170,173,141,145,105,56,,,220,238,,,196,157,147,232,187,257,201,157,114,65,309,287,285,276,275,196,206,55,199,138,170,155,182,145,,171,,,b'\x11\xe8\xe1I\xc7\x08\x1c\x04\xaf\x82\x12\xdf\x17\xaeN\x1e'
11E8E149-C708-1C04-AF82-12DF17AE4E1E,2017-ncaa-d1-conf-Big West,ncaa,7,6,6,7,6,5,3,5,3,2,2,3,8,8,8,9,3,5,1,6,8,5,5,4,3,5,9,9,3,3,2,6,2,4,2,5,6,6,5,4,4,4,4,4,,,9,9,,,6,5,1,1,1,1,2,1,1,8,9,2,5,5,2,1,2,3,2,5,7,4,4,,9,,,6,8,5,2,8,5,3,5,5,2,9,5,9,9,8,9,9,3,3,8,8,8,7,4,9,1,2,2,2,1,2,2,4,4,4,4,7,7,5,3,,,7,7,,,6,5,3,6,6,8,6,3,5,4,6,3,9,9,9,4,7,1,3,3,6,3,7,5,,6,,,b'\x11\xe8\xe1I\xc7\x08\x1c\x04\xaf\x82\x12\xdf\x17\xaeN\x1e'
11E8E149-C708-1C04-AF82-12DF17AE4E1E,2017-ncaa-d1-natl,ncaa,258,229,310,258,322,199,163,182,146,81,77,141,332,317,323,314,176,241,35,247,318,199,231,236,202,182,337,335,145,140,101,217,57,183,87,180,193,76,110,129,183,151,280,253,,,225,303,,,210,263,83,252,118,80,48,25,17,327,293,115,191,194,63,67,70,116,72,122,166,137,268,,295,,,210,146,100,52,230,49,24,222,264,213,312,285,240,226,209,221,310,64,60,282,292,286,323,295,244,24,57,109,101,36,87,105,168,221,178,178,121,151,93,62,,,251,238,,,210,97,156,241,202,263,210,161,119,68,309,285,286,279,278,198,203,58,205,142,178,163,188,151,,175,,,b'\x11\xe8\xe1I\xc7\x08\x1c\x04\xaf\x82\x12\xdf\x17\xaeN\x1e'
11E8E149-C708-1C04-AF82-12DF17AE4E1E,2018-ncaa-d0-natl,ncaa,149,94,295,127,313,154,174,146,221,164,122,255,171,186,138,210,110,137,107,131,161,143,157,224,201,162,156,180,93,92,120,288,154,212,176,231,303,93,88,204,44,26,333,323,,,308,328,,,219,182,16,199,58,79,22,93,39,125,134,40,57,51,18,16,38,216,104,197,192,14,326,,342,,,222,249,133,52,320,99,23,320,253,195,307,278,338,321,328,321,341,86,151,332,343,298,332,227,329,45,154,189,120,117,176,225,278,65,38,105,104,103,192,166,,,107,89,,,219,182,137,253,209,330,256,134,198,52,310,288,344,338,338,241,320,117,297,247,291,24,179,250,,16,,,b'\x11\xe8\xe1I\xc7\x08\x1c\x04\xaf\x82\x12\xdf\x17\xaeN\x1e'
11E8E149-C708-1C04-AF82-12DF17AE4E1E,2018-ncaa-d1-conf-Big West,ncaa,3,2,4,2,4,5,5,3,7,3,2,8,5,6,4,8,6,6,4,6,8,3,3,6,8,5,7,5,5,3,2,7,5,3,4,8,8,3,2,8,2,2,8,6,,,8,9,,,6,4,2,1,2,3,1,2,2,5,5,5,6,6,1,1,1,8,3,8,4,2,8,,9,,,6,8,4,2,9,3,1,9,6,5,8,7,9,8,8,8,9,4,5,9,9,7,8,5,9,3,5,6,2,4,4,5,6,1,1,1,5,3,9,6,,,2,4,,,6,6,4,5,6,9,5,1,5,1,6,7,9,9,9,4,7,5,7,7,6,1,5,8,,2,,,b'\x11\xe8\xe1I\xc7\x08\x1c\x04\xaf\x82\x12\xdf\x17\xaeN\x1e'
11E8E149-C708-1C04-AF82-12DF17AE4E1E,2018-ncaa-d1-natl,ncaa,150,94,315,126,325,146,161,129,225,154,104,250,182,194,142,218,117,131,138,130,165,117,143,222,208,172,173,190,104,98,142,268,136,205,173,231,300,107,94,198,43,30,323,304,,,312,330,,,220,155,15,200,64,77,22,84,35,136,143,53,60,56,21,17,46,181,94,191,200,15,316,,341,,,220,257,143,49,313,98,24,316,241,203,286,263,337,325,315,326,341,94,172,326,340,280,328,218,328,42,136,211,142,134,173,227,270,67,49,103,110,100,193,160,,,106,95,,,220,216,148,236,204,328,247,137,202,60,293,282,345,338,338,247,321,110,305,257,285,28,173,247,,18,,,b'\x11\xe8\xe1I\xc7\x08\x1c\x04\xaf\x82\x12\xdf\x17\xaeN\x1e'
11E8E149-C708-1C04-AF82-12DF17AE4E1E,2019-ncaa-d0-natl,ncaa,322,283,335,324,336,331,323,325,289,287,257,295,319,314,299,260,309,319,144,317,299,330,324,302,301,312,272,257,156,243,146,292,114,290,132,255,58,216,317,252,292,239,316,258,,,114,293,,,305,329,114,32,284,264,181,193,104,285,262,235,251,247,206,105,110,128,101,146,320,226,296,,291,,,314,63,36,24,212,12,4,282,243,246,204,334,173,158,241,150,328,20,19,268,287,290,340,317,256,22,114,24,146,16,132,120,264,306,201,246,215,307,127,192,,,236,64,,,305,25,305,268,309,274,224,183,101,31,333,338,291,286,283,240,232,118,199,173,258,190,308,226,,39,,,b'\x11\xe8\xe1I\xc7\x08\x1c\x04\xaf\x82\x12\xdf\x17\xaeN\x1e'
11E8E149-C708-1C04-AF82-12DF17AE4E1E,2019-ncaa-d1-conf-Big West,ncaa,9,9,9,9,9,8,7,8,6,6,4,6,8,8,6,7,8,7,5,7,8,8,7,6,6,7,8,8,6,4,2,8,4,6,3,6,5,8,9,8,8,8,7,7,,,7,9,,,9,6,2,1,5,4,3,2,3,8,7,7,7,7,3,1,3,4,2,4,9,7,7,,9,,,9,7,5,1,8,4,1,8,9,8,8,8,7,7,6,7,9,1,2,8,8,9,9,8,8,2,4,2,2,1,3,4,5,6,5,6,7,8,7,7,,,3,2,,,9,3,7,9,9,9,8,5,6,2,9,9,9,8,8,8,8,2,6,4,6,4,9,9,,1,,,b'\x11\xe8\xe1I\xc7\x08\x1c\x04\xaf\x82\x12\xdf\x17\xaeN\x1e'
11E8E149-C708-1C04-AF82-12DF17AE4E1E,2019-ncaa-d1-natl,ncaa,324,282,346,324,346,335,322,329,290,291,264,293,313,308,283,247,313,319,174,315,302,335,333,299,298,310,264,246,184,236,144,293,99,288,129,238,45,223,318,251,286,239,316,264,,,144,305,,,306,337,100,32,278,254,161,184,107,272,250,251,251,249,194,90,114,119,100,125,322,220,296,,308,,,318,65,37,12,217,14,4,286,256,258,211,332,199,189,215,184,332,10,9,272,290,294,342,317,262,21,99,23,144,11,129,124,267,294,206,250,221,293,125,189,,,241,80,,,306,16,304,268,311,284,227,183,102,28,332,337,299,295,294,245,237,113,212,177,263,197,308,225,,48,,,b'\x11\xe8\xe1I\xc7\x08\x1c\x04\xaf\x82\x12\xdf\x17\xaeN\x1e'
11E8E149-C708-1C04-AF82-12DF17AE4E1E,2020-ncaa-d0-natl,ncaa,259,240,260,263,302,324,305,336,161,232,244,202,316,325,212,298,301,317,132,316,299,341,335,218,215,262,296,283,199,287,188,161,103,222,91,273,159,224,317,269,328,310,334,284,,,108,261,,,245,328,318,273,320,289,338,206,194,310,323,291,305,305,342,326,264,71,159,248,262,317,329,,176,,,248,45,43,66,81,9,2,190,318,342,111,350,24,57,4,53,256,46,24,158,106,186,345,350,47,85,103,24,188,31,91,134,264,325,283,291,191,282,15,29,,,260,103,,,245,23,275,196,256,89,85,127,14,3,337,348,33,86,84,99,27,144,58,65,189,314,231,23,,207,,,b'\x11\xe8\xe1I\xc7\x08\x1c\x04\xaf\x82\x12\xdf\x17\xaeN\x1e'
11E8E149-C708-1C04-AF82-12DF17AE4E1E,2020-ncaa-d1-conf-Big West,ncaa,6,7,1,7,2,4,3,6,3,2,3,6,8,8,3,8,3,5,3,4,6,7,5,5,4,6,7,7,3,6,4,2,2,1,2,5,4,9,9,6,4,6,6,6,,,8,8,,,4,4,9,6,7,8,9,3,4,8,9,5,8,8,9,8,6,4,5,5,8,6,6,,6,,,4,5,4,5,2,3,2,7,7,9,3,9,2,6,1,5,8,5,6,6,4,4,8,9,2,4,2,4,4,4,2,4,5,4,4,4,5,6,6,3,,,1,4,,,4,5,6,4,4,1,2,2,1,2,7,9,2,3,3,2,1,3,1,1,4,4,3,3,,5,,,b'\x11\xe8\xe1I\xc7\x08\x1c\x04\xaf\x82\x12\xdf\x17\xaeN\x1e'
11E8E149-C708-1C04-AF82-12DF17AE4E1E,2020-ncaa-d1-natl,ncaa,257,240,257,258,302,315,293,334,152,213,226,196,312,324,221,295,297,315,125,311,297,333,321,213,213,261,300,288,200,256,163,127,86,200,68,253,153,228,303,263,316,297,326,269,,,109,252,,,228,327,313,273,305,273,324,186,184,307,322,285,304,303,334,312,241,61,129,236,258,310,318,,168,,,230,44,37,72,68,11,3,158,322,343,103,350,24,56,4,56,245,56,22,138,95,152,345,350,50,96,86,31,163,32,68,137,263,321,274,281,202,274,17,24,,,259,116,,,228,19,267,167,240,78,72,129,11,3,336,348,32,83,81,99,30,135,57,56,179,304,232,24,,210,,,b'\x11\xe8\xe1I\xc7\x08\x1c\x04\xaf\x82\x12\xdf\x17\xaeN\x1e'
11E8E149-C708-1C04-AF82-12DF17AE4E1E,2021-ncaa-d0-natl,ncaa,110,165,89,142,91,146,109,101,167,70,52,172,194,175,248,247,252,281,44,280,341,129,125,207,227,217,320,257,320,54,57,103,35,78,32,80,109,241,181,127,95,95,220,176,,,291,315,,,183,139,287,27,234,125,110,81,65,253,252,321,335,334,204,210,76,152,91,112,170,133,263,,272,,,177,202,145,169,107,88,90,126,315,310,251,334,284,277,224,278,340,184,198,197,235,199,340,337,298,101,35,185,57,148,32,197,258,118,126,143,233,182,170,81,,,208,316,,,183,209,181,147,169,119,45,40,6,2,312,316,265,254,255,57,44,24,79,34,131,167,183,124,,316,,,b'\x11\xe8\xe1I\xc7\x08\x1c\x04\xaf\x82\x12\xdf\x17\xaeN\x1e'
11E8E149-C708-1C04-AF82-12DF17AE4E1E,2021-ncaa-d1-conf-Big West,ncaa,4,6,2,5,2,4,1,2,4,1,1,4,8,7,8,9,8,10,2,10,10,3,3,4,6,8,10,9,10,1,1,1,1,1,1,1,5,9,9,4,3,4,6,4,,,10,10,,,4,4,10,1,6,1,1,1,1,9,9,10,10,10,4,2,1,4,2,2,9,4,8,,10,,,5,6,5,6,2,3,3,3,10,10,6,10,10,10,5,10,10,6,7,4,6,6,10,10,10,4,1,5,1,6,1,6,6,3,5,2,8,7,8,6,,,6,10,,,4,7,5,4,4,5,2,1,1,1,10,10,10,10,10,3,1,1,1,1,3,5,7,7,,10,,,b'\x11\xe8\xe1I\xc7\x08\x1c\x04\xaf\x82\x12\xdf\x17\xaeN\x1e'
11E8E149-C708-1C04-AF82-12DF17AE4E1E,2021-ncaa-d1-natl,ncaa,119,165,105,146,108,161,119,112,174,78,62,177,198,182,247,246,265,287,45,287,341,144,138,213,231,220,320,256,320,63,59,119,37,93,35,90,111,230,187,131,112,100,227,177,,,283,316,,,200,156,291,25,241,131,115,84,68,252,253,321,335,334,209,212,80,163,98,116,177,137,265,,274,,,192,182,129,151,120,82,78,132,309,305,253,334,276,265,229,266,341,168,181,211,245,215,340,337,298,93,37,170,59,135,35,186,259,134,129,149,226,189,162,84,,,222,316,,,200,191,186,161,184,126,44,36,7,2,315,315,273,256,260,57,42,24,80,36,138,174,184,129,,318,,,b'\x11\xe8\xe1I\xc7\x08\x1c\x04\xaf\x82\x12\xdf\x17\xaeN\x1e'
11E8E149-C708-1C04-AF82-12DF17AE4E1E,2022-ncaa-d0-natl,ncaa,336,316,319,338,321,327,309,286,312,241,183,304,345,325,351,308,326,316,305,317,338,294,310,337,338,325,342,324,248,261,251,255,100,270,215,279,158,51,170,200,339,320,326,299,,,143,307,,,322,315,123,36,301,239,97,111,35,333,295,295,269,273,144,128,161,93,98,210,193,307,306,,309,,,331,98,65,51,219,38,16,286,258,251,206,340,210,194,274,174,325,53,34,269,289,319,338,314,268,35,100,159,251,88,215,155,286,321,275,304,60,164,272,271,,,326,275,,,322,46,323,302,326,303,246,232,151,47,336,345,314,300,298,259,226,148,331,295,299,265,183,329,,244,,,b'\x11\xe8\xe1I\xc7\x08\x1c\x04\xaf\x82\x12\xdf\x17\xaeN\x1e'
11E8E149-C708-1C04-AF82-12DF17AE4E1E,2022-ncaa-d1-conf-Big West,ncaa,11,11,11,11,11,11,11,8,10,5,5,9,11,11,11,11,11,10,11,10,11,11,11,11,11,11,11,10,10,6,7,9,7,9,8,8,6,2,7,6,9,9,9,8,,,5,9,,,11,11,1,3,10,7,2,1,1,11,9,10,10,10,2,2,2,6,4,6,7,8,8,,11,,,11,6,5,1,10,4,1,10,8,5,9,10,7,7,6,7,10,1,1,9,10,10,8,9,8,1,7,5,7,4,8,7,7,10,8,11,2,5,9,10,,,10,10,,,11,1,11,10,11,11,10,9,10,3,11,11,10,11,10,11,11,8,10,11,11,7,5,11,,10,,,b'\x11\xe8\xe1I\xc7\x08\x1c\x04\xaf\x82\x12\xdf\x17\xaeN\x1e'
11E8E149-C708-1C04-AF82-12DF17AE4E1E,2022-ncaa-d1-natl,ncaa,345,316,343,345,343,346,333,324,323,277,220,314,349,331,351,310,335,328,303,328,338,333,340,338,340,327,343,325,244,287,259,293,104,311,230,297,164,33,179,206,349,326,337,305,,,112,314,,,330,340,133,36,312,256,108,123,38,334,297,299,267,272,156,138,173,98,108,228,194,314,315,,312,,,340,81,52,29,235,31,8,296,236,233,225,339,193,166,283,145,329,30,16,284,303,329,336,309,268,20,104,116,259,55,230,141,288,337,282,309,47,168,264,281,,,335,270,,,330,18,328,314,337,312,254,236,157,52,338,345,314,302,297,263,224,146,334,300,305,269,183,331,,247,,,b'\x11\xe8\xe1I\xc7\x08\x1c\x04\xaf\x82\x12\xdf\x17\xaeN\x1e'
11E8E149-C708-1C04-AF82-12DF17AE4E1E,2023-ncaa-d0-natl,ncaa,281,239,326,278,342,349,353,356,322,357,340,341,247,268,179,140,280,286,197,283,106,354,354,298,284,297,60,109,80,283,215,351,241,352,277,319,128,93,289,284,280,169,314,274,,,142,342,,,294,355,346,189,340,350,345,349,311,200,208,222,213,208,338,331,221,350,335,301,224,228,294,,278,,,300,22,24,7,289,44,15,298,23,20,145,109,138,125,199,114,280,7,7,274,291,273,124,66,286,30,241,41,215,25,277,87,274,290,129,230,48,208,318,360,,,326,175,,,294,7,301,264,307,114,103,15,163,59,58,56,246,242,231,26,13,96,187,141,209,208,148,355,,264,,,b'\x11\xe8\xe1I\xc7\x08\x1c\x04\xaf\x82\x12\xdf\x17\xaeN\x1e'
11E8E149-C708-1C04-AF82-12DF17AE4E1E,2023-ncaa-d1-conf-Big West,ncaa,8,8,8,8,8,11,11,11,9,10,9,9,6,7,8,5,4,5,8,5,3,10,10,9,9,9,4,4,3,7,4,11,6,11,8,9,2,5,8,9,7,4,6,7,,,7,9,,,9,10,10,8,9,10,11,10,8,5,7,4,4,4,10,9,4,10,10,8,8,4,7,,8,,,9,2,3,2,10,7,5,11,1,1,6,3,7,7,5,7,7,2,2,10,10,10,2,1,8,3,6,6,4,4,8,8,10,8,5,8,2,2,9,11,,,9,5,,,9,2,9,8,9,6,7,2,8,7,1,2,8,8,8,3,1,4,9,8,9,5,1,9,,6,,,b'\x11\xe8\xe1I\xc7\x08\x1c\x04\xaf\x82\x12\xdf\x17\xaeN\x1e'
11E8E149-C708-1C04-AF82-12DF17AE4E1E,2023-ncaa-d1-natl,ncaa,288,239,342,284,349,351,352,356,314,353,342,321,252,274,196,141,291,301,184,302,119,357,356,291,279,292,85,126,94,282,200,357,246,353,275,322,129,106,299,285,285,180,304,259,,,160,346,,,296,357,344,183,338,346,346,343,308,212,214,232,230,223,339,330,220,350,336,294,230,232,283,,287,,,299,21,19,4,293,52,13,300,23,20,145,102,150,139,214,129,282,5,4,273,294,281,119,63,287,30,246,28,200,13,275,86,264,294,128,221,52,200,318,360,,,334,184,,,296,5,291,270,305,109,98,17,161,62,59,54,249,244,232,23,12,100,153,125,200,210,139,352,,277,,,b'\x11\xe8\xe1I\xc7\x08\x1c\x04\xaf\x82\x12\xdf\x17\xaeN\x1e'
11E8E149-C708-1C04-AF82-12DF17AE4E1E,2024-ncaa-d0-natl,ncaa,142,127,143,140,164,212,221,264,151,213,207,201,220,272,81,244,162,198,77,194,158,261,193,162,144,229,176,209,96,163,84,197,123,185,80,181,109,345,347,277,67,43,77,36,,,319,353,,,175,210,252,112,249,260,329,242,231,230,286,164,208,204,316,243,173,235,217,187,333,60,73,,326,,,175,97,58,71,130,38,61,104,160,128,256,181,290,300,131,295,331,93,136,155,194,108,327,218,326,88,123,43,84,46,80,55,122,80,43,26,285,296,340,346,,,137,81,,,175,163,230,88,169,83,35,19,28,24,159,118,280,285,279,38,88,74,27,33,43,78,277,342,,126,,,b'\x11\xe8\xe1I\xc7\x08\x1c\x04\xaf\x82\x12\xdf\x17\xaeN\x1e'
11E8E149-C708-1C04-AF82-12DF17AE4E1E,2024-ncaa-d1-conf-Big West,ncaa,4,3,8,4,9,7,8,11,1,4,6,4,9,11,3,9,1,3,2,3,2,11,8,3,3,5,8,9,1,6,2,8,4,9,2,6,2,9,11,8,4,4,2,1,,,9,11,,,4,9,5,3,5,5,11,4,6,9,11,1,1,1,10,5,5,7,8,3,10,4,2,,11,,,3,4,2,1,6,4,5,6,1,1,5,1,10,11,2,11,11,1,2,4,8,6,4,2,11,1,4,1,2,1,2,1,2,4,3,1,6,6,10,11,,,2,1,,,4,4,4,6,3,6,5,2,6,6,1,1,11,11,11,3,5,2,1,1,1,4,6,11,,2,,,b'\x11\xe8\xe1I\xc7\x08\x1c\x04\xaf\x82\x12\xdf\x17\xaeN\x1e'
11E8E149-C708-1C04-AF82-12DF17AE4E1E,2024-ncaa-d1-natl,ncaa,155,129,194,152,217,257,267,319,171,262,250,218,236,291,83,243,182,226,77,223,156,309,259,177,152,245,171,214,86,200,101,248,131,231,92,215,116,334,351,290,79,48,86,37,,,310,355,,,202,268,261,109,268,284,336,261,235,237,288,170,212,206,324,255,186,246,234,206,338,66,77,,330,,,202,68,36,30,145,23,39,118,142,107,260,178,271,281,140,275,333,49,86,179,210,126,329,219,330,70,131,17,101,22,92,39,128,106,51,34,267,302,339,351,,,164,69,,,202,104,245,108,194,88,43,20,31,24,166,118,289,295,290,38,87,83,28,34,51,83,281,344,,125,,,b'\x11\xe8\xe1I\xc7\x08\x1c\x04\xaf\x82\x12\xdf\x17\xaeN\x1e'
11E8E149-C708-1C04-AF82-12DF17AE4E1E,2025-ncaa-d0-natl,genius_ncaa,220,227,194,232,246,298,290,283,273,302,268,306,209,235,145,156,312,333,79,331,306,302,260,251,256,307,120,116,227,233,212,252,207,255,219,240,122,311,340,284,181,151,300,283,,,241,319,,314,253,259,273,347,325,319,309,320,262,201,218,312,332,331,327,284,225,248,267,232,322,170,302,,267,,329,250,77,104,82,202,159,60,340,52,198,2,274,113,145,39,143,251,79,102,174,146,129,71,76,184,142,207,131,212,138,219,51,66,169,110,83,264,304,257,315,,,268,220,,33,253,104,309,134,250,91,122,76,178,51,65,216,135,165,162,80,87,164,150,154,59,147,284,289,,270,,32,b'\x11\xe8\xe1I\xc7\x08\x1c\x04\xaf\x82\x12\xdf\x17\xaeN\x1e'
11E8E149-C708-1C04-AF82-12DF17AE4E1E,2025-ncaa-d1-conf-Big West,genius_ncaa,8,8,3,8,4,8,5,6,3,6,5,7,5,8,3,7,7,10,2,10,8,6,4,3,4,8,6,6,7,5,3,9,7,7,6,3,2,10,9,7,4,4,10,10,,,11,11,,10,8,4,8,9,8,7,9,8,6,7,8,7,10,10,10,7,6,9,8,3,9,5,10,,10,,10,8,8,10,5,8,11,4,11,1,6,2,5,7,10,1,10,10,6,7,8,8,7,2,1,6,5,7,3,3,4,6,5,2,4,4,1,8,8,5,4,,,6,7,,1,8,8,8,6,8,7,7,4,9,4,1,3,7,7,7,4,4,4,1,4,3,4,8,5,,7,,2,b'\x11\xe8\xe1I\xc7\x08\x1c\x04\xaf\x82\x12\xdf\x17\xaeN\x1e'
11E8E149-C708-1C04-AF82-12DF17AE4E1E,2025-ncaa-d1-natl,genius_ncaa,222,226,172,236,241,301,297,289,263,301,262,301,207,231,149,159,298,322,75,321,302,303,259,246,251,304,123,120,224,236,209,255,203,260,218,227,115,321,343,289,145,112,300,278,,,245,319,,314,245,255,272,347,326,320,316,315,261,205,221,306,331,331,326,282,219,262,273,231,329,137,302,,269,,326,244,72,94,76,203,138,43,336,58,205,2,289,117,140,51,135,254,71,106,180,158,120,99,99,185,136,203,125,209,127,218,51,66,124,87,68,264,301,274,319,,,257,229,,26,245,109,310,120,245,88,107,64,162,41,73,221,134,157,154,63,88,152,145,142,60,110,277,290,,270,,29,b'\x11\xe8\xe1I\xc7\x08\x1c\x04\xaf\x82\x12\xdf\x17\xaeN\x1e'
11E8E149-C708-1C04-AF82-12DF17AE4E1E,2026-ncaa-d0-natl,genius_ncaa,332,250,327,332,333,322,334,343,228,332,326,262,320,337,169,265,182,266,4,263,77,338,328,241,155,248,106,263,11,347,276,334,219,345,247,351,351,144,338,354,354,349,351,337,,,68,285,,47,279,328,35,61,186,251,265,219,174,244,273,19,71,70,205,66,283,226,278,342,349,339,332,,321,,136,309,77,52,24,314,61,28,330,59,51,207,178,239,191,346,188,339,37,33,315,339,337,245,104,341,36,219,23,276,17,247,45,97,332,273,245,211,347,119,271,,,306,120,,140,279,34,272,330,315,349,313,255,313,217,260,250,359,354,352,311,310,205,186,187,235,219,353,287,,76,,44,b'\x11\xe8\xe1I\xc7\x08\x1c\x04\xaf\x82\x12\xdf\x17\xaeN\x1e'
11E8E149-C708-1C04-AF82-12DF17AE4E1E,2026-ncaa-d1-conf-Big West,genius_ncaa,8,8,1,8,1,5,9,9,9,9,5,11,7,7,6,9,3,3,2,4,2,8,2,9,7,10,2,9,1,4,2,8,9,6,5,5,3,11,11,10,10,11,6,8,,,6,6,,6,11,3,3,1,7,11,11,11,7,9,9,3,3,4,10,2,4,10,7,7,11,10,7,,6,,5,11,11,10,8,11,10,9,10,8,8,7,5,9,8,9,9,8,9,8,9,10,11,4,5,8,7,9,3,2,3,5,8,5,5,8,9,10,10,6,4,,,1,1,,1,11,9,10,11,11,11,10,8,10,9,6,6,9,8,9,9,8,7,1,2,8,7,10,4,,1,,1,b'\x11\xe8\xe1I\xc7\x08\x1c\x04\xaf\x82\x12\xdf\x17\xaeN\x1e'
11E8E149-C708-1C04-AF82-12DF17AE4E1E,2026-ncaa-d1-natl,genius_ncaa,301,249,271,304,283,272,283,302,200,235,239,211,323,322,277,293,141,194,28,197,137,296,278,239,200,248,237,319,40,245,136,302,242,300,177,340,348,251,332,344,271,226,336,328,,,150,283,,69,230,277,59,93,195,210,204,143,112,302,292,56,103,104,172,65,155,216,172,327,344,197,330,,300,,119,232,101,54,49,191,65,33,266,76,131,82,236,292,260,314,255,344,64,75,189,254,218,282,121,350,112,242,39,136,57,177,60,132,201,113,104,274,322,227,264,,,235,142,,45,230,74,251,212,248,262,176,153,170,83,162,255,350,339,340,226,284,236,132,171,140,92,341,297,,102,,15,b'\x11\xe8\xe1I\xc7\x08\x1c\x04\xaf\x82\x12\xdf\x17\xaeN\x1e'
11E8E149-C70C-ABB6-AF82-12DF17AE4E1E,2010-ncaa-d0-natl,ncaa,159,202,81,181,82,81,97,35,269,121,51,278,110,96,185,182,50,88,26,91,217,39,55,269,231,160,121,169,85,38,95,150,232,79,190,182,287,105,32,150,225,286,336,344,,,311,261,,,201,72,99,12,85,117,18,140,51,126,114,53,112,112,26,49,37,218,99,216,66,258,339,,291,,,198,325,328,289,304,339,326,282,95,72,220,22,275,259,251,255,110,294,285,259,264,278,22,23,161,253,232,317,95,307,190,319,209,122,201,267,23,8,276,192,,,69,163,,,201,286,129,258,186,301,322,281,335,330,65,38,243,216,217,286,281,227,285,266,298,155,18,258,,89,,,b'\x11\xe8\xe1I\xc7\x0c\xab\xb6\xaf\x82\x12\xdf\x17\xaeN\x1e'
11E8E149-C70C-ABB6-AF82-12DF17AE4E1E,2010-ncaa-d1-conf-Big West,ncaa,5,6,3,6,3,5,4,1,8,4,1,9,6,5,7,5,3,4,1,4,8,1,1,8,9,6,4,6,3,1,3,4,6,2,3,6,8,1,1,3,7,8,9,9,,,8,7,,,5,4,6,3,4,3,1,5,1,5,4,3,4,5,1,4,1,6,2,7,1,8,9,,6,,,5,7,8,7,5,8,8,5,1,3,1,2,7,7,6,7,5,7,7,3,3,5,2,1,6,8,6,8,3,8,3,4,2,5,6,5,2,2,8,8,,,3,5,,,5,7,4,5,5,5,6,5,8,8,1,2,7,6,6,7,7,7,6,6,4,6,2,8,,3,,,b'\x11\xe8\xe1I\xc7\x0c\xab\xb6\xaf\x82\x12\xdf\x17\xaeN\x1e'
11E8E149-C70C-ABB6-AF82-12DF17AE4E1E,2010-ncaa-d1-natl,ncaa,166,202,91,187,92,92,107,37,277,124,54,283,116,104,188,182,54,96,26,100,217,41,59,275,238,163,120,168,79,42,97,166,238,86,194,192,291,91,33,155,238,289,337,344,,,306,261,,,207,81,102,13,86,124,21,143,51,128,116,54,111,112,28,51,37,224,104,226,65,261,339,,293,,,205,321,326,283,304,338,324,289,84,57,223,21,266,250,253,247,110,289,279,262,269,282,22,23,163,246,238,310,97,302,194,315,207,137,207,277,21,8,272,197,,,75,163,,,207,278,134,271,189,305,322,281,335,330,67,38,244,215,216,285,281,226,287,271,300,164,18,261,,89,,,b'\x11\xe8\xe1I\xc7\x0c\xab\xb6\xaf\x82\x12\xdf\x17\xaeN\x1e'
11E8E149-C70C-ABB6-AF82-12DF17AE4E1E,2011-ncaa-d0-natl,ncaa,262,279,170,270,224,152,144,126,166,164,162,174,108,115,127,113,224,288,19,285,313,156,195,158,152,125,148,101,256,179,208,298,337,278,319,141,163,54,68,77,312,330,246,294,,,126,112,,,263,203,156,257,126,113,79,155,152,94,92,220,292,290,121,184,181,319,295,131,67,320,251,,162,,,259,296,323,263,320,339,317,315,39,44,85,19,207,132,343,127,47,245,198,283,295,321,10,7,129,320,337,196,208,280,319,274,122,255,275,301,7,9,122,118,,,231,229,,,263,147,122,335,256,319,330,305,340,335,45,38,232,143,145,292,260,330,233,306,289,254,12,132,,237,,,b'\x11\xe8\xe1I\xc7\x0c\xab\xb6\xaf\x82\x12\xdf\x17\xaeN\x1e'
11E8E149-C70C-ABB6-AF82-12DF17AE4E1E,2011-ncaa-d1-conf-Big West,ncaa,8,7,5,8,6,6,5,3,7,7,4,7,2,3,5,2,8,9,2,8,7,5,6,6,6,6,4,2,8,7,8,8,9,8,9,8,9,1,2,3,8,8,8,8,,,4,5,,,7,6,4,6,5,4,2,6,3,2,3,8,9,9,3,5,7,7,7,8,3,8,8,,6,,,7,5,8,8,8,9,9,8,1,1,1,1,6,5,8,5,2,7,4,5,5,7,1,1,6,9,9,8,8,9,9,3,1,7,8,7,1,1,5,5,,,8,7,,,7,3,6,8,7,7,9,9,9,9,1,2,5,5,5,8,8,9,9,9,5,7,1,5,,7,,,b'\x11\xe8\xe1I\xc7\x0c\xab\xb6\xaf\x82\x12\xdf\x17\xaeN\x1e'
11E8E149-C70C-ABB6-AF82-12DF17AE4E1E,2011-ncaa-d1-natl,ncaa,268,277,199,274,260,172,168,143,172,180,177,181,119,129,129,113,242,302,19,300,312,182,228,161,157,127,146,98,256,197,216,311,339,298,322,158,165,38,72,79,320,330,255,294,,,111,113,,,265,240,160,260,135,123,84,159,157,96,95,226,294,292,125,189,183,318,296,134,67,323,253,,165,,,265,289,319,246,326,339,311,319,33,36,87,18,197,121,343,117,46,225,169,285,298,326,10,7,124,315,339,175,216,263,322,267,123,275,283,308,5,9,112,125,,,255,229,,,265,108,125,336,263,322,332,307,340,339,45,37,232,145,146,294,261,329,236,310,293,260,11,139,,239,,,b'\x11\xe8\xe1I\xc7\x0c\xab\xb6\xaf\x82\x12\xdf\x17\xaeN\x1e'
11E8E149-C70C-ABB6-AF82-12DF17AE4E1E,2012-ncaa-d0-natl,ncaa,238,248,163,250,197,198,190,113,292,207,161,280,133,102,248,108,224,236,139,241,266,136,142,271,272,258,121,104,218,85,117,247,105,165,154,197,179,168,146,199,209,190,234,245,,,268,305,,,168,171,130,176,186,180,59,202,145,121,84,232,239,244,85,83,60,253,135,189,193,204,238,,293,,,168,126,111,61,240,188,161,216,29,16,189,22,261,244,245,237,252,84,138,193,230,157,72,25,294,53,105,262,117,168,154,66,79,84,50,44,29,24,132,122,,,124,137,,,168,165,222,124,172,162,136,58,223,199,29,16,280,267,265,99,156,49,289,200,83,61,40,147,,89,,,b'\x11\xe8\xe1I\xc7\x0c\xab\xb6\xaf\x82\x12\xdf\x17\xaeN\x1e'
11E8E149-C70C-ABB6-AF82-12DF17AE4E1E,2012-ncaa-d1-conf-Big West,ncaa,8,8,5,8,7,8,7,5,9,8,7,9,4,4,7,3,8,8,2,8,8,5,6,7,8,8,3,2,7,5,6,9,6,7,7,8,6,2,2,4,6,6,6,7,,,5,8,,,6,7,8,5,7,7,4,8,6,3,3,7,8,8,4,6,4,9,7,8,3,6,6,,7,,,6,3,4,1,9,6,5,9,1,1,9,1,5,4,8,4,4,1,1,9,9,8,3,1,7,2,6,8,6,6,7,1,1,5,3,1,1,1,3,5,,,7,4,,,6,2,7,6,7,4,4,2,6,4,1,1,8,6,5,2,2,2,9,6,2,3,2,4,,6,,,b'\x11\xe8\xe1I\xc7\x0c\xab\xb6\xaf\x82\x12\xdf\x17\xaeN\x1e'
11E8E149-C70C-ABB6-AF82-12DF17AE4E1E,2012-ncaa-d1-natl,ncaa,254,247,196,257,237,220,212,136,295,233,182,283,139,112,248,106,243,260,139,263,265,162,168,277,276,259,117,101,213,92,121,272,110,192,158,221,183,144,149,207,228,199,247,246,,,256,307,,,179,203,133,165,193,189,63,211,149,120,85,233,242,247,93,86,61,258,143,202,198,210,239,,294,,,179,106,85,38,246,178,139,220,24,13,191,22,254,231,247,223,251,55,100,197,236,169,73,26,293,38,110,244,121,149,158,57,80,96,52,49,22,26,127,133,,,146,135,,,179,133,233,135,186,167,141,58,224,203,30,16,281,271,268,100,154,51,294,205,88,67,40,148,,87,,,b'\x11\xe8\xe1I\xc7\x0c\xab\xb6\xaf\x82\x12\xdf\x17\xaeN\x1e'
11E8E149-C70C-ABB6-AF82-12DF17AE4E1E,2013-ncaa-d0-natl,ncaa,235,303,41,267,65,217,250,77,342,247,95,341,200,97,328,152,87,65,225,64,103,67,53,340,338,331,87,171,27,11,35,257,228,90,161,281,272,276,172,312,115,129,235,251,,,306,298,,,276,93,223,266,304,326,135,310,166,225,136,123,100,96,129,114,13,339,170,324,207,162,274,,253,,,258,243,219,130,296,251,194,270,119,83,241,78,287,273,253,280,261,163,231,281,294,200,131,83,254,156,228,306,35,279,161,228,218,34,33,88,215,141,311,273,,,16,32,,,276,238,306,173,273,134,122,22,166,72,82,36,241,222,231,34,81,80,243,177,166,67,152,279,,25,,,b'\x11\xe8\xe1I\xc7\x0c\xab\xb6\xaf\x82\x12\xdf\x17\xaeN\x1e'
11E8E149-C70C-ABB6-AF82-12DF17AE4E1E,2013-ncaa-d1-conf-Big West,ncaa,7,9,1,8,1,7,8,4,10,8,5,10,7,4,9,6,2,1,7,1,3,1,2,10,10,10,3,7,1,1,2,9,8,3,7,9,9,9,4,10,4,4,9,9,,,9,8,,,9,3,7,6,10,10,4,8,7,7,6,3,3,3,4,4,2,10,7,10,6,4,9,,5,,,9,10,10,5,10,10,8,10,6,3,9,2,8,8,6,8,9,5,8,9,10,8,3,4,4,5,8,10,2,9,7,9,7,3,2,4,6,4,10,9,,,1,1,,,9,7,10,8,9,7,8,2,7,3,5,2,4,4,4,2,4,5,5,5,7,4,4,10,,1,,,b'\x11\xe8\xe1I\xc7\x0c\xab\xb6\xaf\x82\x12\xdf\x17\xaeN\x1e'
11E8E149-C70C-ABB6-AF82-12DF17AE4E1E,2013-ncaa-d1-natl,ncaa,248,303,49,271,73,236,269,88,342,266,110,342,206,98,330,152,94,76,224,72,100,80,63,342,340,333,84,170,28,11,38,279,233,103,164,291,274,266,173,314,136,137,242,255,,,300,299,,,284,116,224,266,308,328,142,312,173,227,131,122,102,98,139,120,14,340,178,326,207,168,275,,254,,,265,230,207,100,299,238,172,274,115,69,242,76,284,265,257,269,263,135,210,285,300,207,129,85,255,138,233,301,38,271,164,221,219,40,37,91,202,143,308,280,,,19,32,,,284,211,308,179,282,136,124,22,169,73,84,36,241,222,231,33,82,80,243,182,172,71,154,281,,25,,,b'\x11\xe8\xe1I\xc7\x0c\xab\xb6\xaf\x82\x12\xdf\x17\xaeN\x1e'
11E8E149-C70C-ABB6-AF82-12DF17AE4E1E,2014-ncaa-d0-natl,ncaa,221,224,180,231,219,265,294,264,303,331,329,253,75,49,245,23,231,239,141,242,53,261,296,251,243,196,21,37,149,227,241,302,177,289,264,244,114,26,85,129,271,234,336,329,,,27,73,,,232,309,326,191,285,311,258,337,330,66,40,229,231,238,270,308,220,319,306,247,46,262,335,,29,,,231,104,168,77,304,120,55,290,265,186,333,283,10,7,304,7,25,32,34,318,304,291,162,311,13,49,177,203,241,137,264,219,250,228,143,257,25,69,78,232,,,162,34,,,232,44,192,272,235,134,214,72,167,45,288,211,16,7,5,24,22,57,243,163,248,214,38,89,,138,,,b'\x11\xe8\xe1I\xc7\x0c\xab\xb6\xaf\x82\x12\xdf\x17\xaeN\x1e'
11E8E149-C70C-ABB6-AF82-12DF17AE4E1E,2014-ncaa-d1-conf-Big West,ncaa,7,6,7,7,7,7,9,8,9,9,8,7,3,1,8,2,6,5,5,5,1,6,8,6,5,5,1,1,2,6,6,9,4,8,8,8,3,1,4,5,3,2,9,9,,,1,2,,,7,9,7,6,7,9,8,9,8,2,1,3,3,3,6,8,6,9,8,8,1,3,9,,2,,,7,3,7,3,9,6,2,7,7,4,8,7,1,1,5,1,1,1,1,9,8,6,2,8,1,2,4,6,6,3,8,7,7,3,1,4,2,4,8,9,,,4,1,,,7,1,5,5,7,4,6,3,6,2,7,5,1,1,1,1,2,2,7,4,8,3,2,8,,2,,,b'\x11\xe8\xe1I\xc7\x0c\xab\xb6\xaf\x82\x12\xdf\x17\xaeN\x1e'
11E8E149-C70C-ABB6-AF82-12DF17AE4E1E,2014-ncaa-d1-natl,ncaa,230,223,211,235,262,285,309,285,305,338,334,258,83,58,244,23,245,257,144,258,52,286,315,259,244,198,22,37,146,242,248,318,182,307,274,261,114,19,84,131,283,238,337,330,,,18,74,,,240,327,327,184,287,314,261,339,332,66,41,230,236,242,271,309,226,322,308,253,46,266,337,,29,,,240,82,151,51,307,108,32,299,258,175,334,286,8,6,306,6,26,15,21,320,307,301,161,309,10,41,182,186,248,114,274,209,250,247,153,261,22,70,73,237,,,185,32,,,240,24,198,282,245,139,221,74,171,43,289,212,16,7,5,24,22,57,244,169,255,222,39,92,,138,,,b'\x11\xe8\xe1I\xc7\x0c\xab\xb6\xaf\x82\x12\xdf\x17\xaeN\x1e'
11E8E149-C70C-ABB6-AF82-12DF17AE4E1E,2015-ncaa-d0-natl,ncaa,208,256,79,238,92,182,259,227,261,331,340,211,37,23,168,11,109,108,163,101,5,207,184,171,155,192,7,18,64,129,98,171,124,146,90,244,172,223,248,266,263,261,318,310,,,121,153,,,219,218,331,197,257,322,324,347,345,47,35,131,136,126,311,304,171,245,225,282,185,291,325,,82,,,216,202,208,190,217,140,85,263,308,315,179,330,87,73,238,75,127,165,118,253,237,278,267,312,76,128,124,112,98,103,90,242,237,279,278,300,198,207,23,113,,,89,42,,,219,126,161,271,228,137,146,89,92,22,291,304,64,52,58,59,18,70,51,42,190,313,165,18,,127,,,b'\x11\xe8\xe1I\xc7\x0c\xab\xb6\xaf\x82\x12\xdf\x17\xaeN\x1e'
11E8E149-C70C-ABB6-AF82-12DF17AE4E1E,2015-ncaa-d1-conf-Big West,ncaa,7,7,1,7,2,7,8,5,9,9,8,8,3,1,6,2,1,1,2,1,1,5,2,7,6,7,1,2,1,3,3,5,4,4,4,8,7,8,7,9,5,6,9,9,,,5,5,,,7,3,9,7,8,9,7,9,8,4,1,1,2,2,7,7,4,6,4,9,7,8,9,,3,,,7,6,7,8,6,5,5,7,8,9,5,9,3,3,6,3,6,7,7,6,6,6,5,8,3,5,4,5,3,5,4,8,7,5,5,8,8,8,4,7,,,1,2,,,7,6,7,6,7,3,4,3,3,1,7,8,2,2,3,1,1,2,2,2,5,7,8,4,,4,,,b'\x11\xe8\xe1I\xc7\x0c\xab\xb6\xaf\x82\x12\xdf\x17\xaeN\x1e'
11E8E149-C70C-ABB6-AF82-12DF17AE4E1E,2015-ncaa-d1-natl,ncaa,222,255,97,244,117,215,288,262,270,341,342,217,49,33,172,11,127,131,164,125,5,245,233,178,160,198,7,16,62,146,108,199,131,174,96,269,174,208,253,272,283,267,324,315,,,91,154,,,234,261,331,193,270,328,326,348,345,49,36,130,141,131,316,308,174,255,228,296,187,296,325,,83,,,233,179,187,161,224,114,62,267,304,310,187,331,78,60,241,61,129,126,71,260,247,290,265,311,75,106,131,81,108,75,96,224,237,297,284,303,181,212,18,118,,,111,39,,,234,82,172,281,244,144,156,92,95,23,292,302,67,57,59,59,18,71,53,48,205,314,170,19,,129,,,b'\x11\xe8\xe1I\xc7\x0c\xab\xb6\xaf\x82\x12\xdf\x17\xaeN\x1e'
11E8E149-C70C-ABB6-AF82-12DF17AE4E1E,2016-ncaa-d0-natl,ncaa,338,344,175,342,207,293,317,284,318,341,331,318,97,74,184,32,254,199,334,197,34,271,257,274,285,294,18,21,164,215,214,264,225,259,243,293,186,207,268,297,322,326,342,340,,,32,51,,,335,267,286,180,313,337,303,349,333,81,57,264,201,196,296,277,210,277,271,304,234,327,342,,33,,,330,261,288,187,316,143,68,293,345,318,345,339,22,22,194,21,62,137,79,344,335,345,304,347,8,132,225,172,214,154,243,344,347,316,309,347,176,237,273,342,,,171,84,,,335,72,293,345,337,280,299,221,178,68,348,325,34,28,26,158,66,149,198,175,345,322,201,284,,154,,,b'\x11\xe8\xe1I\xc7\x0c\xab\xb6\xaf\x82\x12\xdf\x17\xaeN\x1e'
11E8E149-C70C-ABB6-AF82-12DF17AE4E1E,2016-ncaa-d1-conf-Big West,ncaa,8,8,9,8,9,9,9,9,8,9,9,8,3,3,5,1,9,8,9,7,2,9,9,8,8,8,1,1,5,8,5,9,5,9,6,9,8,2,8,9,7,6,9,9,,,1,1,,,8,9,9,5,9,9,9,9,9,2,1,9,5,5,9,9,5,6,5,9,7,7,9,,1,,,8,3,4,1,9,1,1,8,9,9,9,9,1,1,6,1,1,1,1,9,9,9,9,9,1,2,5,5,5,2,6,9,9,9,7,9,5,8,9,9,,,7,2,,,8,1,8,9,9,8,8,6,4,2,9,9,1,1,1,4,2,2,6,6,9,8,8,9,,3,,,b'\x11\xe8\xe1I\xc7\x0c\xab\xb6\xaf\x82\x12\xdf\x17\xaeN\x1e'
11E8E149-C70C-ABB6-AF82-12DF17AE4E1E,2016-ncaa-d1-natl,ncaa,342,344,218,345,256,318,337,317,324,346,343,322,106,83,184,31,273,225,334,219,30,307,299,278,287,299,15,22,156,241,224,296,233,294,254,315,192,180,271,302,334,328,345,341,,,22,54,,,336,307,288,164,318,341,310,349,335,82,59,266,204,199,298,285,214,282,282,312,235,330,343,,34,,,334,240,264,154,319,128,42,299,343,305,347,339,18,17,205,16,65,99,40,345,337,347,304,347,8,108,233,142,224,120,254,341,347,329,312,347,155,240,266,342,,,206,79,,,336,37,303,346,340,286,304,222,183,67,347,325,34,28,27,164,65,151,201,182,345,324,201,291,,154,,,b'\x11\xe8\xe1I\xc7\x0c\xab\xb6\xaf\x82\x12\xdf\x17\xaeN\x1e'
11E8E149-C70C-ABB6-AF82-12DF17AE4E1E,2017-ncaa-d0-natl,ncaa,344,332,321,344,338,343,344,346,322,339,323,320,311,298,299,221,216,162,312,173,31,339,341,322,314,314,126,223,18,265,208,326,318,324,287,333,218,100,275,306,340,323,325,300,,,4,22,,,328,341,295,347,332,339,333,328,267,286,252,133,66,71,302,286,201,276,262,323,236,327,313,,19,,,333,91,153,96,267,35,14,241,339,307,343,345,2,2,170,2,13,37,16,326,294,319,316,346,3,210,318,46,208,77,287,305,337,338,298,345,135,272,40,136,,,191,14,,,328,8,310,333,334,268,307,298,140,70,349,345,4,4,4,204,118,318,181,261,339,304,244,94,,44,,,b'\x11\xe8\xe1I\xc7\x0c\xab\xb6\xaf\x82\x12\xdf\x17\xaeN\x1e'
11E8E149-C70C-ABB6-AF82-12DF17AE4E1E,2017-ncaa-d1-conf-Big West,ncaa,9,9,9,9,9,9,9,9,9,9,9,9,9,8,9,7,5,1,8,1,1,9,9,9,9,9,3,7,1,7,6,7,7,8,7,9,7,7,9,9,8,7,5,5,,,1,1,,,9,9,9,9,9,9,9,9,8,9,8,1,1,1,9,9,6,6,6,9,9,7,5,,1,,,9,2,4,3,4,1,1,4,9,9,7,9,1,1,1,1,2,1,1,7,5,6,8,9,1,7,7,1,6,3,7,8,9,8,7,9,8,9,6,7,,,5,1,,,9,1,9,8,9,7,8,9,3,2,9,9,1,1,1,7,4,9,5,8,8,7,9,7,,1,,,b'\x11\xe8\xe1I\xc7\x0c\xab\xb6\xaf\x82\x12\xdf\x17\xaeN\x1e'
11E8E149-C70C-ABB6-AF82-12DF17AE4E1E,2017-ncaa-d1-natl,ncaa,336,331,310,336,332,328,339,337,310,323,299,312,295,285,294,232,161,109,317,117,25,324,329,318,309,303,142,232,15,235,191,291,320,286,273,322,194,150,271,291,333,320,321,305,,,11,28,,,322,337,281,346,319,335,325,307,251,282,261,110,43,48,289,277,190,231,228,310,238,321,314,,28,,,324,135,183,172,210,49,31,200,342,325,324,342,3,4,160,5,19,96,32,298,243,302,317,345,4,290,320,76,191,165,273,315,337,324,300,343,192,283,40,115,,,121,9,,,322,14,300,325,326,258,291,309,119,82,348,347,7,9,8,244,151,329,175,272,336,298,259,74,,27,,,b'\x11\xe8\xe1I\xc7\x0c\xab\xb6\xaf\x82\x12\xdf\x17\xaeN\x1e'
11E8E149-C70C-ABB6-AF82-12DF17AE4E1E,2018-ncaa-d0-natl,ncaa,293,280,295,297,302,307,327,334,272,326,315,283,243,259,178,172,116,102,199,109,8,322,321,259,217,258,58,162,13,300,247,276,122,303,194,268,74,186,289,259,304,277,307,314,,,33,134,,,260,316,237,93,278,321,324,309,292,208,212,46,34,37,296,259,277,197,253,238,269,281,302,,113,,,264,75,123,65,292,215,165,254,37,22,203,40,51,49,154,48,62,48,30,241,225,247,20,46,88,32,122,72,247,43,194,183,224,287,231,277,179,276,173,286,,,136,9,,,260,33,269,222,263,190,248,172,301,283,65,52,120,124,122,149,102,97,160,135,257,251,257,219,,31,,,b'\x11\xe8\xe1I\xc7\x0c\xab\xb6\xaf\x82\x12\xdf\x17\xaeN\x1e'
11E8E149-C70C-ABB6-AF82-12DF17AE4E1E,2018-ncaa-d1-conf-Big West,ncaa,9,9,9,9,9,9,9,9,9,9,9,9,8,8,6,7,4,4,5,4,1,9,9,9,9,9,1,6,1,7,7,8,4,9,6,9,5,8,9,9,9,8,9,9,,,2,3,,,9,9,5,7,9,9,9,9,7,7,8,1,2,2,8,8,7,5,6,9,9,8,9,,3,,,9,1,1,1,7,7,3,8,1,2,1,3,1,2,6,2,3,1,1,5,4,8,1,2,3,2,4,2,7,1,6,4,5,8,6,8,6,9,8,9,,,4,1,,,9,1,9,6,9,4,8,5,9,8,3,3,3,3,3,2,3,2,5,4,7,7,8,9,,1,,,b'\x11\xe8\xe1I\xc7\x0c\xab\xb6\xaf\x82\x12\xdf\x17\xaeN\x1e'
11E8E149-C70C-ABB6-AF82-12DF17AE4E1E,2018-ncaa-d1-natl,ncaa,289,278,315,290,319,304,332,341,266,326,319,279,244,260,179,180,108,88,214,91,5,323,324,255,207,261,60,171,13,303,251,277,109,306,185,265,64,209,295,259,311,285,311,318,,,39,138,,,262,325,242,89,277,323,331,308,293,213,218,41,30,32,298,263,273,194,253,232,273,289,302,,116,,,267,74,135,64,288,225,175,256,34,16,196,35,61,55,198,58,66,38,17,236,221,249,22,39,102,28,109,63,251,31,185,177,206,292,235,270,181,274,171,290,,,112,6,,,262,25,272,225,265,184,238,163,301,285,60,44,134,124,129,146,100,88,152,119,238,255,249,216,,20,,,b'\x11\xe8\xe1I\xc7\x0c\xab\xb6\xaf\x82\x12\xdf\x17\xaeN\x1e'
11E8E149-C70C-ABB6-AF82-12DF17AE4E1E,2019-ncaa-d0-natl,ncaa,200,180,249,207,262,241,223,291,102,182,237,97,254,276,169,231,253,243,238,243,198,297,300,117,135,179,264,237,218,290,252,196,200,252,201,146,59,174,249,156,334,333,208,231,,,13,21,,,211,292,228,159,212,180,288,138,199,242,254,238,224,222,292,274,279,132,219,100,225,331,203,,24,,,211,103,172,194,152,211,203,183,101,160,59,185,30,22,261,21,25,144,80,126,95,187,47,140,36,184,200,61,252,84,201,170,166,316,313,298,204,265,110,147,,,181,54,,,211,61,208,209,212,176,252,307,272,289,132,211,51,36,37,257,164,249,120,167,223,307,239,138,,113,,,b'\x11\xe8\xe1I\xc7\x0c\xab\xb6\xaf\x82\x12\xdf\x17\xaeN\x1e'
11E8E149-C70C-ABB6-AF82-12DF17AE4E1E,2019-ncaa-d1-conf-Big West,ncaa,6,6,6,6,6,6,6,9,3,4,5,3,7,9,4,8,5,4,8,4,5,9,9,3,3,3,7,7,4,7,6,5,6,9,6,5,6,5,6,5,9,9,5,5,,,2,2,,,7,7,4,4,6,5,8,3,5,7,9,4,3,3,8,7,7,5,6,5,6,9,4,,2,,,7,6,8,6,7,8,7,7,5,4,7,4,2,2,3,2,2,6,5,7,6,8,1,5,2,4,6,4,6,4,6,8,4,9,9,9,5,7,6,6,,,2,1,,,7,4,6,8,7,8,9,8,9,9,6,4,2,4,4,7,5,5,4,5,9,9,5,7,,2,,,b'\x11\xe8\xe1I\xc7\x0c\xab\xb6\xaf\x82\x12\xdf\x17\xaeN\x1e'
11E8E149-C70C-ABB6-AF82-12DF17AE4E1E,2019-ncaa-d1-natl,ncaa,201,180,233,202,271,250,237,303,101,180,241,100,265,281,169,234,241,246,210,248,196,303,306,118,125,174,263,244,190,297,249,212,218,261,208,141,55,182,251,155,338,334,214,237,,,10,21,,,222,292,243,157,221,194,297,145,197,242,266,221,211,217,297,284,283,153,229,103,221,331,206,,24,,,223,111,193,219,177,228,208,204,115,176,73,194,28,17,273,18,20,157,86,149,111,208,46,154,32,201,218,47,249,80,208,182,165,320,322,307,210,266,99,141,,,173,40,,,222,67,202,231,220,190,261,307,280,289,150,219,45,31,33,257,161,257,107,160,233,314,236,132,,101,,,b'\x11\xe8\xe1I\xc7\x0c\xab\xb6\xaf\x82\x12\xdf\x17\xaeN\x1e'
11E8E149-C70C-ABB6-AF82-12DF17AE4E1E,2020-ncaa-d0-natl,ncaa,123,150,33,146,51,79,42,62,67,19,33,52,257,230,277,268,191,228,103,224,313,80,112,101,110,84,327,303,276,246,286,28,95,95,170,52,135,88,57,52,275,306,204,226,,,95,41,,,160,69,170,83,119,60,121,23,53,275,265,235,267,265,142,227,278,44,148,65,53,298,219,,57,,,161,278,249,307,86,168,251,63,322,315,268,259,247,257,194,262,209,318,273,115,122,238,311,298,201,214,95,286,286,271,170,267,239,296,326,322,187,139,17,8,,,227,280,,,160,277,119,237,165,227,188,276,107,185,302,289,211,216,223,278,179,159,216,199,231,325,137,13,,276,,,b'\x11\xe8\xe1I\xc7\x0c\xab\xb6\xaf\x82\x12\xdf\x17\xaeN\x1e'
11E8E149-C70C-ABB6-AF82-12DF17AE4E1E,2020-ncaa-d1-conf-Big West,ncaa,3,5,1,5,1,1,1,1,1,1,1,1,7,7,7,7,2,2,4,2,7,1,1,3,3,3,8,8,6,7,8,1,5,2,7,2,5,4,2,3,6,8,4,5,,,5,1,,,5,1,2,3,3,1,4,1,2,7,7,3,3,4,3,5,8,3,6,4,2,8,4,,3,,,5,9,9,9,3,6,8,2,8,8,7,5,9,9,5,9,6,9,9,3,5,8,7,6,6,7,5,9,8,8,7,6,6,5,7,8,7,4,1,1,,,3,6,,,5,9,4,7,5,7,6,8,5,5,8,7,8,9,9,8,8,5,7,8,5,5,4,1,,7,,,b'\x11\xe8\xe1I\xc7\x0c\xab\xb6\xaf\x82\x12\xdf\x17\xaeN\x1e'
11E8E149-C70C-ABB6-AF82-12DF17AE4E1E,2020-ncaa-d1-natl,ncaa,133,150,45,151,69,97,56,83,73,24,44,55,267,246,275,268,214,249,105,247,315,108,151,106,113,91,327,303,273,272,289,37,101,120,180,59,136,62,59,54,291,312,213,232,,,77,44,,,177,101,173,83,125,66,127,27,59,280,269,233,272,268,154,235,284,45,160,71,56,302,222,,61,,,178,263,236,294,93,150,228,69,317,305,277,261,231,237,194,242,213,305,240,124,131,254,309,298,199,196,101,267,289,247,180,256,240,313,326,325,161,149,14,8,,,252,275,,,177,244,125,256,182,236,197,279,115,191,305,291,217,221,224,281,179,165,221,202,234,327,140,13,,276,,,b'\x11\xe8\xe1I\xc7\x0c\xab\xb6\xaf\x82\x12\xdf\x17\xaeN\x1e'
11E8E149-C70C-ABB6-AF82-12DF17AE4E1E,2021-ncaa-d0-natl,ncaa,307,318,191,317,196,252,244,253,211,243,242,205,199,205,184,143,272,254,304,250,206,255,225,205,232,284,177,131,259,247,227,216,74,235,130,172,35,292,328,264,222,214,140,130,,,131,186,,,301,211,239,62,306,295,323,275,274,210,220,308,278,273,325,259,276,231,275,156,316,235,141,,148,,,296,137,128,121,216,112,117,154,217,155,307,211,177,177,206,175,258,123,116,247,260,263,288,262,209,74,74,103,227,85,130,146,167,230,207,216,300,329,55,78,,,182,77,,,301,131,302,228,296,182,147,94,100,87,266,178,215,217,217,105,72,38,74,45,171,239,323,42,,123,,,b'\x11\xe8\xe1I\xc7\x0c\xab\xb6\xaf\x82\x12\xdf\x17\xaeN\x1e'
11E8E149-C70C-ABB6-AF82-12DF17AE4E1E,2021-ncaa-d1-conf-Big West,ncaa,10,10,2,10,3,5,5,4,8,4,4,8,6,5,5,6,5,5,10,5,8,4,4,8,10,10,6,5,8,4,6,3,2,3,4,3,2,10,10,10,5,6,1,3,,,8,6,,,10,3,5,3,10,9,9,6,6,6,6,9,8,7,9,6,6,6,6,5,10,6,2,,6,,,10,8,7,8,6,9,9,5,7,7,8,5,9,9,6,8,6,8,8,6,8,8,6,6,7,7,2,8,6,7,4,7,4,4,6,7,10,10,5,5,,,2,2,,,10,8,10,7,10,6,5,6,6,5,5,4,8,8,8,6,3,2,3,2,4,6,10,5,,2,,,b'\x11\xe8\xe1I\xc7\x0c\xab\xb6\xaf\x82\x12\xdf\x17\xaeN\x1e'
11E8E149-C70C-ABB6-AF82-12DF17AE4E1E,2021-ncaa-d1-natl,ncaa,296,317,182,315,187,234,225,230,208,235,238,207,198,205,189,170,271,246,307,241,221,236,210,207,238,285,204,155,256,239,236,204,73,224,132,165,39,295,325,260,204,187,120,98,,,145,179,,,299,204,232,63,305,295,318,265,259,227,238,307,275,270,326,258,278,218,273,156,315,215,124,,149,,,289,154,131,129,194,117,123,137,227,176,303,216,205,199,223,201,265,137,127,227,248,253,300,264,233,74,73,116,236,99,132,160,200,222,201,219,298,330,83,97,,,170,84,,,299,139,301,221,294,177,137,92,89,76,263,179,224,222,220,106,75,39,86,46,178,239,323,56,,130,,,b'\x11\xe8\xe1I\xc7\x0c\xab\xb6\xaf\x82\x12\xdf\x17\xaeN\x1e'
11E8E149-C70C-ABB6-AF82-12DF17AE4E1E,2022-ncaa-d0-natl,ncaa,233,245,163,245,189,217,204,241,158,168,179,128,291,264,310,250,157,134,223,143,126,228,232,209,198,207,272,289,86,234,225,206,234,227,218,196,142,195,230,201,178,172,199,179,,,243,267,,,254,218,254,210,242,236,295,159,180,300,272,143,130,134,275,257,253,226,261,202,201,178,202,,247,,,250,181,134,138,159,113,114,192,203,238,139,258,292,286,234,281,309,167,146,176,204,236,288,210,297,207,234,138,225,150,218,194,257,235,229,243,279,289,49,41,,,129,53,,,254,134,221,251,253,190,135,122,115,86,215,249,290,293,290,162,129,212,131,165,199,250,266,42,,102,,,b'\x11\xe8\xe1I\xc7\x0c\xab\xb6\xaf\x82\x12\xdf\x17\xaeN\x1e'
11E8E149-C70C-ABB6-AF82-12DF17AE4E1E,2022-ncaa-d1-conf-Big West,ncaa,8,8,3,8,4,4,4,5,3,1,2,3,10,9,9,10,3,3,5,3,5,4,3,4,3,7,10,11,4,4,5,6,10,5,5,6,5,11,8,8,6,7,2,3,,,10,7,,,8,4,2,9,6,5,8,2,3,10,10,3,4,4,8,4,6,7,8,4,8,6,3,,8,,,8,10,10,8,8,10,8,8,5,9,5,4,10,10,4,10,9,9,9,8,7,9,6,4,9,10,10,4,5,6,5,11,10,6,7,9,11,10,7,5,,,3,4,,,8,8,7,9,8,9,9,8,9,7,4,5,8,10,11,9,10,11,3,5,10,6,10,6,,3,,,b'\x11\xe8\xe1I\xc7\x0c\xab\xb6\xaf\x82\x12\xdf\x17\xaeN\x1e'
11E8E149-C70C-ABB6-AF82-12DF17AE4E1E,2022-ncaa-d1-natl,ncaa,247,245,213,253,237,255,244,281,172,197,216,140,300,275,311,252,177,163,225,169,126,269,277,221,208,222,270,288,78,260,233,248,244,272,233,229,153,173,237,207,206,184,214,182,,,213,270,,,268,263,262,198,259,254,306,169,188,300,277,144,130,137,285,269,259,240,275,221,206,191,205,,252,,,267,150,109,104,171,93,81,202,189,214,152,254,276,271,240,264,310,123,95,188,223,253,287,211,297,177,244,96,233,115,233,182,262,270,241,262,254,298,41,52,,,147,47,,,268,91,241,267,272,199,146,127,127,90,221,248,298,293,291,165,123,212,136,170,213,256,274,46,,102,,,b'\x11\xe8\xe1I\xc7\x0c\xab\xb6\xaf\x82\x12\xdf\x17\xaeN\x1e'
11E8E149-C70C-ABB6-AF82-12DF17AE4E1E,2023-ncaa-d0-natl,ncaa,181,188,164,191,166,220,229,277,179,199,158,255,257,326,47,313,141,174,71,172,179,260,276,196,168,162,202,250,78,322,315,204,183,276,259,213,170,90,168,167,201,165,257,243,,,50,59,,,205,256,315,6,241,252,311,207,154,260,333,134,164,163,293,316,331,212,301,220,110,199,259,,50,,,205,121,127,151,141,109,86,218,194,262,66,311,90,65,337,68,113,126,116,151,156,183,214,242,125,130,183,156,315,136,259,190,230,243,209,250,144,221,4,5,,,158,44,,,205,114,207,183,202,128,150,165,131,77,213,284,111,70,74,122,90,161,177,163,206,228,167,4,,130,,,b'\x11\xe8\xe1I\xc7\x0c\xab\xb6\xaf\x82\x12\xdf\x17\xaeN\x1e'
11E8E149-C70C-ABB6-AF82-12DF17AE4E1E,2023-ncaa-d1-conf-Big West,ncaa,7,7,6,7,6,4,5,7,4,3,3,6,9,11,1,11,5,6,5,6,7,6,7,6,6,5,10,10,6,8,7,7,5,8,7,6,6,6,6,5,8,8,8,9,,,3,1,,,7,6,7,3,6,3,6,3,2,8,11,5,6,5,6,7,9,6,8,6,6,8,8,,1,,,7,7,10,8,9,9,7,10,6,8,4,10,4,4,10,4,3,8,5,8,8,8,5,7,2,6,5,7,7,6,7,10,7,7,8,11,7,8,1,1,,,5,4,,,7,6,6,9,6,10,11,10,9,8,9,10,6,5,5,10,8,6,6,9,10,8,8,1,,4,,,b'\x11\xe8\xe1I\xc7\x0c\xab\xb6\xaf\x82\x12\xdf\x17\xaeN\x1e'
11E8E149-C70C-ABB6-AF82-12DF17AE4E1E,2023-ncaa-d1-natl,ncaa,202,186,219,206,220,260,277,320,193,233,199,263,270,336,50,315,167,192,70,191,176,308,327,202,174,166,199,248,71,339,321,248,187,317,269,249,178,64,174,177,226,183,272,250,,,32,62,,,222,309,317,5,255,267,316,219,159,264,334,132,167,165,300,318,337,226,313,233,109,207,261,,51,,,223,78,89,114,163,89,56,230,177,245,72,310,73,46,340,50,115,83,63,172,179,206,212,246,122,103,187,111,321,95,269,170,229,278,219,260,124,228,3,6,,,189,41,,,222,62,221,204,223,144,162,169,138,79,220,285,112,74,76,131,90,167,183,169,216,239,169,3,,130,,,b'\x11\xe8\xe1I\xc7\x0c\xab\xb6\xaf\x82\x12\xdf\x17\xaeN\x1e'
11E8E149-C70C-ABB6-AF82-12DF17AE4E1E,2024-ncaa-d0-natl,ncaa,264,297,143,282,195,241,208,200,226,181,161,236,244,253,201,225,279,310,47,316,344,226,208,232,226,257,258,222,256,233,234,228,224,235,244,148,69,269,280,195,112,101,154,140,,,60,57,,,282,204,227,353,279,249,251,206,164,250,262,301,326,331,287,269,251,269,287,141,250,117,158,,59,,,271,201,216,170,255,142,122,227,300,239,322,288,81,67,258,75,112,141,162,287,268,246,262,315,62,166,224,184,234,174,244,210,188,140,122,172,340,346,138,129,,,301,324,,,282,164,269,242,270,192,212,146,137,86,305,235,89,73,79,101,123,164,189,168,196,144,337,133,,325,,,b'\x11\xe8\xe1I\xc7\x0c\xab\xb6\xaf\x82\x12\xdf\x17\xaeN\x1e'
11E8E149-C70C-ABB6-AF82-12DF17AE4E1E,2024-ncaa-d1-conf-Big West,ncaa,9,9,3,9,7,6,4,5,5,3,5,6,8,8,6,8,10,10,3,10,11,5,5,7,7,7,10,8,10,7,6,9,7,10,8,2,3,7,6,3,5,5,6,5,,,2,2,,,9,5,3,10,7,3,5,3,4,8,8,9,10,10,5,7,7,10,10,2,7,6,5,,2,,,9,10,10,6,11,9,8,11,8,5,11,7,5,5,7,5,6,7,8,11,11,11,5,6,1,5,7,6,6,6,8,7,5,6,5,8,9,10,3,2,,,10,11,,,9,8,7,10,9,8,10,5,9,7,9,6,5,5,5,5,7,5,5,5,7,5,8,3,,11,,,b'\x11\xe8\xe1I\xc7\x0c\xab\xb6\xaf\x82\x12\xdf\x17\xaeN\x1e'
11E8E149-C70C-ABB6-AF82-12DF17AE4E1E,2024-ncaa-d1-natl,ncaa,289,296,194,295,253,284,254,255,241,227,194,258,263,275,210,230,301,327,48,332,346,282,270,246,236,265,257,227,251,266,249,267,233,284,265,170,70,236,293,212,141,113,173,146,,,45,62,,,294,261,232,356,294,271,260,220,177,257,270,303,331,335,296,279,263,280,299,156,256,128,163,,60,,,293,171,192,127,266,118,85,242,292,220,327,286,72,53,265,56,116,96,102,300,277,261,256,320,63,138,233,153,249,141,265,198,190,173,130,191,339,352,122,141,,,324,325,,,294,105,282,266,292,203,223,151,151,88,313,237,95,78,83,110,123,173,193,182,216,154,342,144,,328,,,b'\x11\xe8\xe1I\xc7\x0c\xab\xb6\xaf\x82\x12\xdf\x17\xaeN\x1e'
11E8E149-C70C-ABB6-AF82-12DF17AE4E1E,2025-ncaa-d0-natl,genius_ncaa,332,323,301,334,307,338,334,306,338,281,163,351,345,347,307,340,207,179,261,177,181,294,322,348,338,319,298,333,31,287,305,334,313,332,339,349,336,41,131,292,261,214,239,196,,,95,218,,69,302,322,262,76,328,329,246,234,73,344,346,122,102,99,212,256,247,308,306,350,105,209,199,,193,,105,302,67,55,51,200,94,77,214,47,50,113,108,217,176,327,177,257,50,45,180,219,204,153,72,308,165,313,226,305,205,339,57,130,244,154,140,138,248,206,191,,,188,44,,160,302,36,325,228,309,190,154,124,201,176,93,99,290,268,268,143,143,259,338,322,127,162,219,284,,81,,118,b'\x11\xe8\xe1I\xc7\x0c\xab\xb6\xaf\x82\x12\xdf\x17\xaeN\x1e'
11E8E149-C70C-ABB6-AF82-12DF17AE4E1E,2025-ncaa-d1-conf-Big West,genius_ncaa,9,9,9,9,10,9,9,9,8,5,4,9,11,11,8,11,5,2,7,2,5,9,9,10,9,9,11,11,1,10,10,11,11,11,11,11,11,2,5,9,7,6,8,8,,,3,5,,1,9,8,5,3,9,8,6,3,2,11,11,2,1,1,5,5,8,11,11,10,5,6,8,,5,,1,9,9,9,4,11,10,6,10,4,2,9,1,10,7,10,7,7,4,3,10,11,10,3,3,8,6,11,8,10,6,11,7,6,6,5,7,7,9,8,7,,,5,2,,6,9,3,9,10,9,10,10,6,11,7,6,2,10,8,8,7,8,8,10,8,9,5,9,9,,3,,5,b'\x11\xe8\xe1I\xc7\x0c\xab\xb6\xaf\x82\x12\xdf\x17\xaeN\x1e'
11E8E149-C70C-ABB6-AF82-12DF17AE4E1E,2025-ncaa-d1-natl,genius_ncaa,331,323,304,333,311,328,329,309,328,263,147,346,343,348,314,339,187,164,251,161,172,287,318,343,335,314,295,334,30,284,305,328,318,326,341,343,336,50,131,286,239,191,241,209,,,111,228,,59,290,319,249,75,322,322,249,222,75,340,344,110,89,89,205,245,244,303,304,343,108,185,206,,204,,95,294,66,52,49,189,92,78,204,41,46,97,104,238,216,304,214,270,51,49,156,201,181,157,66,318,188,318,231,305,218,341,56,123,224,137,117,153,254,200,189,,,179,43,,154,290,36,318,210,298,183,136,118,186,173,87,95,305,287,285,144,164,267,336,324,115,146,223,269,,71,,115,b'\x11\xe8\xe1I\xc7\x0c\xab\xb6\xaf\x82\x12\xdf\x17\xaeN\x1e'
11E8E149-C70C-ABB6-AF82-12DF17AE4E1E,2026-ncaa-d0-natl,genius_ncaa,212,198,206,223,216,173,175,169,217,118,86,228,320,297,332,345,96,93,203,93,153,154,167,284,260,220,332,354,53,82,79,325,292,252,261,171,180,171,140,180,12,3,262,190,,,286,346,,205,186,193,25,97,115,123,32,45,9,335,300,39,32,33,21,11,21,357,245,130,235,2,264,,349,,247,188,175,115,63,325,95,41,338,196,139,275,262,308,251,359,250,350,73,157,335,352,188,322,203,339,94,292,203,79,165,261,243,340,17,2,45,246,237,321,267,,,159,188,,157,186,168,196,165,188,255,172,9,133,10,249,185,335,295,293,39,310,133,293,246,295,1,291,338,,83,,140,b'\x11\xe8\xe1I\xc7\x0c\xab\xb6\xaf\x82\x12\xdf\x17\xaeN\x1e'
11E8E149-C70C-ABB6-AF82-12DF17AE4E1E,2026-ncaa-d1-conf-Big West,genius_ncaa,1,1,1,1,1,1,1,1,3,1,1,4,8,10,3,11,2,2,5,2,6,1,1,4,4,2,11,11,4,1,1,9,11,4,8,1,6,5,2,2,1,2,2,2,,,10,10,,6,3,1,1,1,1,1,1,1,1,10,11,2,2,2,1,1,1,11,5,2,4,1,2,,10,,5,4,9,8,4,9,9,7,9,7,4,9,3,10,10,11,10,9,5,11,8,11,6,6,4,10,7,11,6,1,8,8,10,9,1,2,6,5,2,11,10,,,2,6,,2,3,11,1,6,4,9,7,4,9,7,5,2,10,10,10,5,11,7,5,8,10,1,4,11,,2,,2,b'\x11\xe8\xe1I\xc7\x0c\xab\xb6\xaf\x82\x12\xdf\x17\xaeN\x1e'
11E8E149-C70C-ABB6-AF82-12DF17AE4E1E,2026-ncaa-d1-natl,genius_ncaa,203,195,177,216,197,178,177,151,238,113,59,257,323,304,316,345,66,64,173,59,133,128,131,296,262,236,318,355,38,81,114,336,262,274,279,196,207,197,153,207,6,3,265,191,,,310,338,,201,187,151,26,100,134,150,52,59,13,337,311,27,28,22,29,16,41,357,280,169,236,2,266,,341,,224,184,200,140,54,332,118,20,351,218,176,266,280,318,254,362,255,353,70,196,342,355,202,315,199,329,81,262,240,114,186,279,266,338,10,3,51,277,249,353,325,,,130,160,,131,187,211,220,162,191,263,179,15,131,8,242,203,335,286,287,37,310,97,301,242,295,2,298,357,,78,,122,b'\x11\xe8\xe1I\xc7\x0c\xab\xb6\xaf\x82\x12\xdf\x17\xaeN\x1e'
11E8E149-C710-F64E-AF82-12DF17AE4E1E,2010-ncaa-d0-natl,ncaa,40,101,4,80,4,25,21,8,143,13,9,97,193,108,312,249,37,17,253,14,185,8,9,190,202,139,297,286,183,2,5,22,90,8,14,105,317,241,46,155,103,208,64,137,,,273,84,,,65,16,271,40,106,79,69,43,56,267,220,133,100,98,60,116,12,144,30,238,58,236,121,,64,,,73,328,330,337,114,330,337,146,213,274,49,165,222,179,317,194,45,334,328,97,91,132,72,116,105,293,90,293,5,310,14,303,138,93,243,214,111,17,255,98,,,14,165,,,65,330,69,118,73,90,132,172,185,211,87,143,81,49,58,130,79,99,52,44,129,270,23,143,,132,,,b'\x11\xe8\xe1I\xc7\x10\xf6N\xaf\x82\x12\xdf\x17\xaeN\x1e'
11E8E149-C710-F64E-AF82-12DF17AE4E1E,2010-ncaa-d1-conf-Pac-12,ncaa,3,4,1,4,1,4,4,2,7,3,2,6,6,6,10,6,3,2,7,2,7,2,3,8,8,8,7,7,5,1,1,2,2,2,2,8,10,4,4,5,7,7,3,5,,,5,5,,,3,6,9,2,6,5,4,4,2,7,6,8,4,3,3,4,1,3,2,9,4,8,4,,4,,,3,5,5,7,4,6,7,4,4,4,3,4,5,5,8,5,4,7,4,3,2,3,5,4,5,5,2,7,1,6,2,8,9,7,7,7,2,1,9,5,,,3,6,,,3,5,4,3,3,3,3,5,4,4,2,3,4,3,3,5,2,3,6,5,6,8,2,7,,3,,,b'\x11\xe8\xe1I\xc7\x10\xf6N\xaf\x82\x12\xdf\x17\xaeN\x1e'
11E8E149-C710-F64E-AF82-12DF17AE4E1E,2010-ncaa-d1-natl,ncaa,41,100,4,81,4,26,22,9,146,14,9,99,199,111,315,248,41,21,249,19,186,9,10,195,204,141,296,285,180,2,5,23,97,8,14,110,317,234,47,163,119,212,67,138,,,263,85,,,70,18,271,38,109,84,71,44,57,267,222,134,100,98,60,120,12,150,30,244,56,238,125,,64,,,77,326,329,335,122,327,337,147,205,269,53,163,213,167,318,184,46,332,325,105,96,140,68,116,103,290,97,284,5,305,14,299,139,107,247,220,104,18,249,101,,,14,164,,,70,328,72,128,77,94,142,172,190,212,91,140,82,49,59,131,78,102,53,47,131,274,24,146,,131,,,b'\x11\xe8\xe1I\xc7\x10\xf6N\xaf\x82\x12\xdf\x17\xaeN\x1e'
11E8E149-C710-F64E-AF82-12DF17AE4E1E,2011-ncaa-d0-natl,ncaa,123,175,26,158,32,92,62,50,132,34,27,129,246,229,274,286,153,102,307,100,276,51,46,185,204,191,327,302,251,19,24,71,65,33,27,130,286,259,127,200,89,125,188,226,,,70,19,,,128,60,245,146,168,110,120,52,54,295,279,247,175,177,128,144,39,196,70,209,143,155,232,,19,,,132,250,304,298,193,308,280,272,196,286,32,253,52,27,332,28,10,276,268,179,145,150,41,167,23,152,65,209,24,187,27,308,221,118,180,233,149,73,228,91,,,111,268,,,128,283,148,123,127,107,189,184,215,148,121,224,19,11,10,103,70,53,59,38,214,221,81,156,,250,,,b'\x11\xe8\xe1I\xc7\x10\xf6N\xaf\x82\x12\xdf\x17\xaeN\x1e'
11E8E149-C710-F64E-AF82-12DF17AE4E1E,2011-ncaa-d1-conf-Pac-12,ncaa,6,6,1,6,1,6,5,4,6,4,2,4,9,8,10,8,7,5,8,5,9,5,3,9,9,9,9,9,6,1,3,5,4,3,3,8,10,6,5,8,5,4,7,6,,,3,4,,,5,4,7,5,7,7,6,5,3,9,8,8,6,6,6,6,1,7,4,9,3,7,7,,2,,,5,6,8,6,6,8,7,8,5,6,5,7,3,1,10,1,1,5,7,6,6,6,2,5,1,3,4,6,3,6,3,8,9,4,3,8,3,3,5,4,,,4,6,,,5,7,6,5,5,6,6,5,6,4,5,3,1,1,1,3,3,3,6,4,7,8,2,4,,7,,,b'\x11\xe8\xe1I\xc7\x10\xf6N\xaf\x82\x12\xdf\x17\xaeN\x1e'
11E8E149-C710-F64E-AF82-12DF17AE4E1E,2011-ncaa-d1-natl,ncaa,128,172,28,160,34,101,68,58,137,38,31,134,250,236,271,286,167,115,308,115,274,59,54,188,213,196,324,301,251,24,26,81,68,34,27,148,288,249,132,204,102,132,200,230,,,56,18,,,137,73,249,144,180,121,122,53,56,294,279,248,183,184,133,151,42,199,75,220,142,161,237,,19,,,139,234,301,294,198,305,271,276,186,281,33,253,44,24,330,25,10,264,258,181,147,158,38,163,22,132,68,191,26,160,27,301,223,138,187,242,135,76,220,97,,,126,267,,,137,271,153,137,136,113,194,187,218,154,121,225,20,11,10,110,69,52,61,39,219,227,83,165,,249,,,b'\x11\xe8\xe1I\xc7\x10\xf6N\xaf\x82\x12\xdf\x17\xaeN\x1e'
11E8E149-C710-F64E-AF82-12DF17AE4E1E,2012-ncaa-d0-natl,ncaa,23,54,11,50,13,17,13,14,46,10,5,63,233,241,199,317,31,4,333,4,142,11,9,99,134,95,321,320,181,3,4,12,4,6,3,54,277,266,60,115,114,184,132,191,,,295,183,,,35,16,112,86,40,25,31,10,7,279,288,81,14,15,18,24,6,29,3,113,119,201,183,,160,,,45,308,311,323,150,303,315,150,260,287,152,183,252,237,249,237,113,321,314,145,145,180,153,177,142,54,4,237,4,145,3,181,40,109,216,125,135,21,336,233,,,13,154,,,35,328,34,94,43,163,168,184,170,189,160,184,136,121,124,165,133,6,45,10,65,234,51,324,,57,,,b'\x11\xe8\xe1I\xc7\x10\xf6N\xaf\x82\x12\xdf\x17\xaeN\x1e'
11E8E149-C710-F64E-AF82-12DF17AE4E1E,2012-ncaa-d1-conf-Pac-12,ncaa,2,2,2,2,2,2,2,1,2,1,1,3,11,12,5,12,3,2,12,2,8,1,1,3,3,3,12,12,6,1,1,3,2,1,1,5,11,9,5,7,5,5,6,7,,,10,7,,,2,2,2,5,2,2,1,1,1,12,12,5,2,2,1,1,1,3,1,7,6,6,8,,6,,,2,9,8,8,7,10,9,6,10,8,11,6,10,8,7,10,6,8,10,10,9,8,9,9,6,2,2,6,1,3,1,6,5,4,4,5,5,2,12,7,,,2,4,,,2,11,2,5,2,8,8,6,7,5,9,6,6,5,6,5,6,1,2,2,6,4,3,12,,3,,,b'\x11\xe8\xe1I\xc7\x10\xf6N\xaf\x82\x12\xdf\x17\xaeN\x1e'
11E8E149-C710-F64E-AF82-12DF17AE4E1E,2012-ncaa-d1-natl,ncaa,27,54,12,52,13,17,14,15,48,10,5,68,244,251,198,316,34,5,334,6,140,11,9,106,137,100,321,317,177,3,4,13,4,6,3,61,281,250,60,118,131,193,139,196,,,288,186,,,43,18,115,86,43,25,34,10,8,277,287,78,14,15,18,27,7,29,3,119,121,208,185,,164,,,48,303,303,321,155,297,313,157,251,278,157,178,242,221,251,223,114,320,311,154,152,193,155,174,141,40,4,218,4,126,3,169,39,120,223,131,116,23,336,240,,,15,149,,,43,326,38,106,46,168,177,185,176,190,164,184,142,122,125,168,131,6,46,10,66,242,51,326,,54,,,b'\x11\xe8\xe1I\xc7\x10\xf6N\xaf\x82\x12\xdf\x17\xaeN\x1e'
11E8E149-C710-F64E-AF82-12DF17AE4E1E,2012-ncaa-d1-ncaatournament,ncaa,17,2,17,17,17,18,18,19,13,16,19,8,30,26,37,45,20,16,49,17,17,20,20,18,19,19,46,47,28,14,5,29,44,25,21,17,16,42,29,12,17,9,36,55,,,46,53,,,22,24,22,5,10,10,17,7,16,38,36,17,8,8,11,13,7,48,27,9,35,8,46,,53,,,22,48,46,40,46,47,45,50,19,32,16,11,47,45,55,45,43,44,46,37,48,41,15,8,49,43,44,35,5,37,21,45,38,20,25,38,52,55,55,54,,,19,18,,,22,44,10,41,19,51,47,26,57,43,8,12,51,48,49,33,45,34,10,17,49,21,56,55,,12,,,b'\x11\xe8\xe1I\xc7\x10\xf6N\xaf\x82\x12\xdf\x17\xaeN\x1e'
11E8E149-C710-F64E-AF82-12DF17AE4E1E,2013-ncaa-d0-natl,ncaa,6,8,8,9,8,9,12,6,44,9,4,49,164,162,168,283,9,3,333,3,70,4,7,80,100,53,298,281,163,1,3,16,27,3,4,66,305,139,11,60,56,115,171,250,,,297,152,,,16,13,193,85,19,20,31,13,20,229,240,50,8,9,12,43,2,89,4,142,39,144,243,,137,,,24,296,290,314,117,296,322,126,193,224,99,123,270,257,248,258,120,316,320,100,102,103,110,120,180,156,27,229,3,205,4,142,24,65,157,68,67,6,261,74,,,3,31,,,16,332,13,71,23,83,105,109,136,166,95,107,140,115,120,102,107,28,32,20,34,185,21,166,,11,,,b'\x11\xe8\xe1I\xc7\x10\xf6N\xaf\x82\x12\xdf\x17\xaeN\x1e'
11E8E149-C710-F64E-AF82-12DF17AE4E1E,2013-ncaa-d1-conf-Pac-12,ncaa,2,2,3,2,3,3,3,3,4,3,2,4,7,10,5,10,2,2,12,2,2,1,2,4,4,3,8,10,4,1,1,6,1,1,1,5,11,3,3,4,6,5,9,9,,,6,7,,,2,8,7,4,2,3,3,3,2,7,10,2,2,2,1,2,1,6,1,6,3,6,9,,6,,,2,4,4,4,5,5,6,4,3,4,6,3,5,5,12,5,6,4,4,5,5,4,4,3,6,2,1,1,1,1,1,4,2,4,5,4,2,2,2,3,,,2,2,,,2,5,2,3,2,4,4,4,5,6,3,2,5,4,4,4,4,2,3,1,3,6,3,2,,2,,,b'\x11\xe8\xe1I\xc7\x10\xf6N\xaf\x82\x12\xdf\x17\xaeN\x1e'
11E8E149-C710-F64E-AF82-12DF17AE4E1E,2013-ncaa-d1-natl,ncaa,6,8,8,9,8,9,12,6,47,9,4,52,173,169,170,282,11,3,334,3,66,4,7,83,102,53,294,280,160,1,3,19,27,4,4,72,308,121,13,60,63,126,185,254,,,289,155,,,18,15,195,84,19,19,31,13,21,231,242,50,9,9,11,46,2,92,5,148,40,148,244,,137,,,24,285,285,312,129,293,321,131,182,217,107,121,260,246,252,246,122,313,317,109,108,115,110,117,180,138,27,212,3,191,4,137,27,79,164,71,57,7,258,78,,,3,31,,,18,330,14,80,23,91,109,114,142,172,91,105,140,117,122,104,107,28,34,21,34,188,21,172,,11,,,b'\x11\xe8\xe1I\xc7\x10\xf6N\xaf\x82\x12\xdf\x17\xaeN\x1e'
11E8E149-C710-F64E-AF82-12DF17AE4E1E,2013-ncaa-d1-ncaatournament,ncaa,3,2,3,3,3,4,4,4,18,3,3,16,8,6,37,49,3,1,57,1,9,4,4,21,27,24,47,50,21,2,9,2,25,2,8,4,43,60,9,20,6,27,5,30,,,61,32,,,7,4,41,4,12,10,17,10,11,44,45,14,2,2,7,13,8,15,6,24,21,28,27,,26,,,15,62,62,62,22,62,61,25,63,63,31,50,63,63,36,63,44,62,61,25,26,34,49,47,40,59,25,63,9,61,8,60,20,6,47,33,61,23,59,22,,,1,5,,,7,61,9,27,13,36,31,39,25,25,47,52,37,32,32,44,37,29,23,23,19,44,28,32,,3,,,b'\x11\xe8\xe1I\xc7\x10\xf6N\xaf\x82\x12\xdf\x17\xaeN\x1e'
11E8E149-C710-F64E-AF82-12DF17AE4E1E,2014-ncaa-d0-natl,ncaa,61,57,85,63,90,103,97,58,193,57,33,196,260,229,306,284,62,46,268,47,161,52,70,246,249,192,294,305,92,75,127,35,20,39,50,178,267,149,63,159,143,187,139,192,,,154,96,,,108,69,93,62,107,97,57,50,33,280,250,79,48,48,43,69,87,18,20,214,103,175,147,,113,,,108,191,245,294,111,262,307,90,168,168,147,111,80,94,125,106,37,274,250,92,53,109,66,153,60,92,20,283,127,227,50,209,150,203,269,234,63,33,229,109,,,92,189,,,108,272,173,71,109,135,208,292,223,305,138,138,60,70,82,255,209,63,249,168,179,253,55,208,,116,,,b'\x11\xe8\xe1I\xc7\x10\xf6N\xaf\x82\x12\xdf\x17\xaeN\x1e'
11E8E149-C710-F64E-AF82-12DF17AE4E1E,2014-ncaa-d1-conf-Pac-12,ncaa,4,2,9,3,9,7,6,6,3,5,4,4,8,10,7,11,3,2,10,2,5,5,5,5,5,6,9,10,3,4,5,6,1,4,2,11,9,7,6,8,7,8,10,10,,,6,7,,,3,6,4,1,4,4,3,2,1,8,9,3,2,2,3,3,2,3,2,8,8,7,10,,8,,,3,8,7,6,8,6,7,6,5,5,7,5,3,3,7,3,3,6,5,6,5,6,3,6,5,2,1,4,5,3,2,6,6,8,8,9,4,5,5,4,,,6,4,,,3,5,5,5,4,9,8,10,9,10,7,5,4,4,4,9,8,3,5,4,8,8,5,7,,2,,,b'\x11\xe8\xe1I\xc7\x10\xf6N\xaf\x82\x12\xdf\x17\xaeN\x1e'
11E8E149-C710-F64E-AF82-12DF17AE4E1E,2014-ncaa-d1-natl,ncaa,67,57,100,67,106,122,113,69,200,63,40,201,270,238,309,284,72,55,268,57,163,61,82,256,253,194,294,304,91,85,131,37,20,43,52,196,272,126,65,163,165,191,147,202,,,138,100,,,114,83,95,61,114,110,60,57,32,284,251,77,48,48,45,72,88,19,21,222,101,178,152,,114,,,114,173,232,283,113,253,301,92,152,156,150,111,73,82,127,96,37,258,229,97,60,118,66,152,61,81,20,268,131,201,52,201,150,224,271,239,53,33,219,121,,,102,187,,,114,259,181,80,117,142,214,294,232,305,137,137,61,70,81,255,207,62,251,173,183,261,55,216,,118,,,b'\x11\xe8\xe1I\xc7\x10\xf6N\xaf\x82\x12\xdf\x17\xaeN\x1e'
11E8E149-C710-F64E-AF82-12DF17AE4E1E,2014-ncaa-d1-ncaatournament,ncaa,17,2,17,17,17,29,26,23,30,19,17,34,57,55,56,61,28,31,20,28,54,25,29,38,43,42,64,62,30,22,22,30,24,29,27,20,21,36,35,28,23,27,14,6,,,38,24,,,48,30,43,3,42,31,33,10,9,63,62,37,39,37,38,43,25,42,41,17,28,34,8,,16,,,39,43,45,36,44,41,39,38,43,40,54,27,30,29,52,30,18,34,34,47,45,41,34,41,18,36,24,39,22,38,27,54,60,23,23,47,35,28,39,29,,,27,40,,,48,38,42,39,38,30,39,12,31,22,36,25,17,12,12,6,9,13,20,10,57,27,22,31,,41,,,b'\x11\xe8\xe1I\xc7\x10\xf6N\xaf\x82\x12\xdf\x17\xaeN\x1e'
11E8E149-C710-F64E-AF82-12DF17AE4E1E,2015-ncaa-d0-natl,ncaa,33,50,26,48,36,40,24,43,20,23,37,25,156,161,142,238,134,86,315,86,233,45,44,43,76,74,304,247,308,149,217,32,121,53,136,14,41,230,117,39,81,131,86,144,,,178,40,,,47,28,89,239,56,29,108,22,80,191,220,227,157,163,112,141,232,64,134,16,135,120,114,,73,,,50,285,285,324,55,267,325,31,268,245,227,147,195,200,175,181,56,325,320,64,54,82,158,227,115,297,121,291,217,304,136,153,42,97,193,92,195,102,78,22,,,123,286,,,47,320,85,91,57,136,150,279,142,283,198,172,108,101,96,244,245,196,143,173,72,164,118,40,,268,,,b'\x11\xe8\xe1I\xc7\x10\xf6N\xaf\x82\x12\xdf\x17\xaeN\x1e'
11E8E149-C710-F64E-AF82-12DF17AE4E1E,2015-ncaa-d1-conf-Pac-12,ncaa,4,4,1,4,3,4,1,3,3,1,6,2,8,5,8,7,5,2,11,2,3,3,4,5,6,6,9,9,8,6,7,5,10,5,7,2,3,11,9,2,3,5,5,5,,,6,4,,,4,2,5,9,5,2,7,1,7,8,7,7,4,4,6,6,8,7,7,2,10,4,5,,4,,,4,6,5,8,3,6,10,3,5,5,3,5,7,5,11,5,5,9,11,3,3,1,6,6,7,11,10,7,7,9,7,4,5,3,4,2,9,9,3,2,,,4,8,,,4,11,6,3,4,4,4,5,4,9,5,5,6,4,4,5,7,9,5,6,4,3,9,3,,10,,,b'\x11\xe8\xe1I\xc7\x10\xf6N\xaf\x82\x12\xdf\x17\xaeN\x1e'
11E8E149-C710-F64E-AF82-12DF17AE4E1E,2015-ncaa-d1-natl,ncaa,36,50,30,50,42,44,30,48,20,25,43,28,160,170,139,237,153,99,317,99,234,50,49,47,79,77,304,243,309,171,222,35,128,64,146,15,44,216,123,45,94,141,89,147,,,147,42,,,53,33,93,237,62,30,114,25,86,192,222,233,157,164,120,156,239,65,142,16,138,130,116,,74,,,58,269,274,319,58,257,322,33,254,232,237,141,183,177,175,156,58,319,317,67,58,89,154,225,116,283,128,275,222,289,146,134,42,113,204,101,176,102,70,22,,,143,284,,,53,314,92,99,66,143,160,281,153,286,198,171,109,106,99,247,241,208,147,175,78,175,118,39,,268,,,b'\x11\xe8\xe1I\xc7\x10\xf6N\xaf\x82\x12\xdf\x17\xaeN\x1e'
11E8E149-C710-F64E-AF82-12DF17AE4E1E,2015-ncaa-d1-ncaatournament,ncaa,17,2,17,17,17,22,23,29,16,25,28,17,13,17,13,27,24,24,44,22,9,26,24,8,15,20,18,17,31,30,35,22,6,27,14,18,15,50,53,34,33,49,50,60,,,38,24,,,15,23,17,4,15,19,45,31,45,11,25,20,20,16,34,23,43,25,35,11,53,50,55,,24,,,12,40,41,40,33,47,43,41,23,33,15,18,39,40,38,38,24,39,39,26,28,31,13,14,33,24,6,37,35,34,14,36,13,27,33,24,41,33,8,5,,,27,39,,,15,41,19,18,14,25,33,32,48,42,13,21,31,29,27,30,27,8,23,6,19,34,34,2,,34,,,b'\x11\xe8\xe1I\xc7\x10\xf6N\xaf\x82\x12\xdf\x17\xaeN\x1e'
11E8E149-C710-F64E-AF82-12DF17AE4E1E,2016-ncaa-d0-natl,ncaa,164,204,76,186,79,92,64,107,34,45,89,36,178,206,110,243,182,154,297,149,225,106,86,48,73,124,299,243,284,118,92,94,239,101,98,34,52,315,260,109,180,230,111,163,,,26,6,,,147,78,157,17,99,59,163,50,114,206,238,238,200,194,170,119,162,125,142,29,278,206,126,,11,,,149,282,316,314,181,309,304,185,281,291,215,243,23,12,331,14,4,294,278,188,141,180,83,246,7,312,239,92,92,190,98,315,246,161,238,274,278,213,62,32,,,190,293,,,147,263,126,209,157,227,289,324,278,295,262,268,17,9,9,262,261,282,45,113,289,204,230,53,,258,,,b'\x11\xe8\xe1I\xc7\x10\xf6N\xaf\x82\x12\xdf\x17\xaeN\x1e'
11E8E149-C710-F64E-AF82-12DF17AE4E1E,2016-ncaa-d1-conf-Pac-12,ncaa,8,10,1,9,1,3,3,3,3,2,3,2,6,4,11,7,5,2,12,2,3,3,2,6,6,9,8,9,7,4,5,5,9,4,6,1,3,12,11,7,6,9,5,7,,,4,2,,,8,2,7,1,9,5,8,4,7,8,8,7,4,4,7,5,6,6,5,2,12,8,6,,3,,,8,12,12,11,5,12,11,5,11,10,6,9,6,5,11,5,3,11,11,7,6,6,6,8,2,11,9,10,5,10,6,11,10,5,7,9,10,8,3,3,,,3,9,,,8,11,8,7,8,8,11,10,9,10,9,10,4,3,3,10,9,11,5,7,11,7,9,2,,7,,,b'\x11\xe8\xe1I\xc7\x10\xf6N\xaf\x82\x12\xdf\x17\xaeN\x1e'
11E8E149-C710-F64E-AF82-12DF17AE4E1E,2016-ncaa-d1-natl,ncaa,174,204,99,195,101,106,78,139,35,54,105,39,198,222,115,242,205,169,296,166,226,143,110,57,79,129,295,241,282,145,98,121,249,124,105,37,56,309,266,118,207,241,128,170,,,16,6,,,163,99,157,16,104,64,176,52,117,208,239,242,201,197,177,124,169,135,149,31,281,219,133,,12,,,163,265,312,307,197,298,294,194,270,279,226,237,20,11,333,13,6,278,259,199,158,194,81,243,7,298,249,67,98,158,105,311,244,195,243,279,260,217,54,39,,,222,287,,,163,238,136,219,174,233,291,325,282,298,259,265,19,10,10,267,259,288,47,117,294,221,235,54,,258,,,b'\x11\xe8\xe1I\xc7\x10\xf6N\xaf\x82\x12\xdf\x17\xaeN\x1e'
11E8E149-C710-F64E-AF82-12DF17AE4E1E,2017-ncaa-d0-natl,ncaa,93,126,24,119,27,50,30,68,16,21,49,13,194,190,190,252,127,105,261,106,236,69,44,38,50,78,323,290,272,152,137,36,187,54,102,25,68,325,252,106,170,244,31,61,,,153,36,,,107,34,145,142,86,43,204,23,126,246,248,210,189,190,212,176,241,72,134,24,259,233,45,,52,,,112,310,308,333,71,300,322,75,280,313,101,223,188,149,322,149,48,329,319,78,64,142,152,224,100,328,187,144,137,253,102,335,305,179,281,306,295,217,68,23,,,118,258,,,107,312,95,168,119,190,210,312,200,281,221,272,96,69,69,288,236,274,37,95,297,262,222,32,,249,,,b'\x11\xe8\xe1I\xc7\x10\xf6N\xaf\x82\x12\xdf\x17\xaeN\x1e'
11E8E149-C710-F64E-AF82-12DF17AE4E1E,2017-ncaa-d1-conf-Pac-12,ncaa,7,7,4,7,4,6,6,9,5,4,9,2,9,8,11,9,6,6,8,6,5,10,7,5,5,6,11,10,7,10,9,5,7,8,7,5,4,11,12,8,10,10,4,3,,,4,5,,,7,5,8,1,6,5,10,3,10,10,9,7,7,7,11,9,12,5,8,5,9,10,5,,4,,,7,9,10,8,4,11,8,5,6,11,2,7,6,5,12,5,5,8,8,4,4,8,5,6,5,9,7,4,9,6,7,11,12,10,10,11,11,11,1,2,,,7,5,,,7,7,7,10,7,7,6,11,8,8,6,9,6,5,5,8,5,10,5,6,12,9,11,1,,9,,,b'\x11\xe8\xe1I\xc7\x10\xf6N\xaf\x82\x12\xdf\x17\xaeN\x1e'
11E8E149-C710-F64E-AF82-12DF17AE4E1E,2017-ncaa-d1-natl,ncaa,104,126,27,120,33,58,34,85,16,23,58,16,203,211,191,250,148,123,261,124,242,88,57,41,51,84,324,284,271,182,149,43,197,66,107,29,70,312,257,109,193,256,36,65,,,124,38,,,114,39,149,143,95,48,210,27,134,249,248,212,198,201,218,184,245,73,144,27,260,240,47,,54,,,117,304,303,330,79,289,321,82,273,305,105,221,164,124,323,126,49,325,315,86,68,157,148,222,99,323,197,115,149,227,107,333,305,202,288,308,282,222,60,26,,,137,253,,,114,306,101,178,127,196,218,314,207,282,224,272,97,74,73,288,232,281,38,96,303,270,224,34,,250,,,b'\x11\xe8\xe1I\xc7\x10\xf6N\xaf\x82\x12\xdf\x17\xaeN\x1e'
11E8E149-C710-F64E-AF82-12DF17AE4E1E,2017-ncaa-d1-ncaatournament,ncaa,17,2,17,17,18,32,32,32,46,32,29,50,26,28,34,32,31,33,7,35,53,32,30,46,45,54,31,29,28,34,47,23,42,26,38,25,11,55,64,55,42,58,22,35,,,35,12,,,58,26,34,6,57,59,63,52,49,37,46,47,54,56,63,45,52,16,31,33,63,54,26,,18,,,49,40,43,46,21,48,48,18,21,29,26,8,34,42,7,41,18,46,44,16,11,18,12,17,24,51,42,42,47,48,38,52,50,28,50,53,51,54,30,33,,,31,60,,,58,38,57,26,50,25,39,51,49,59,10,11,23,35,33,52,44,54,29,44,48,45,50,27,,60,,,b'\x11\xe8\xe1I\xc7\x10\xf6N\xaf\x82\x12\xdf\x17\xaeN\x1e'
11E8E149-C710-F64E-AF82-12DF17AE4E1E,2018-ncaa-d0-natl,ncaa,72,74,73,77,107,86,50,121,24,35,69,31,194,247,86,280,209,207,222,208,300,127,128,43,57,66,317,262,303,119,40,93,138,89,40,50,99,157,144,63,271,293,144,192,,,114,83,,,111,142,252,278,86,50,179,31,95,219,282,258,242,244,193,232,149,115,121,46,118,296,173,,66,,,113,262,272,294,119,242,265,127,287,294,192,263,91,68,292,67,43,277,213,148,118,242,184,266,52,213,138,36,40,75,40,318,314,302,326,338,86,76,173,97,,,267,315,,,111,213,56,235,108,180,218,274,189,220,263,278,59,42,46,227,104,160,17,31,297,330,70,145,,326,,,b'\x11\xe8\xe1I\xc7\x10\xf6N\xaf\x82\x12\xdf\x17\xaeN\x1e'
11E8E149-C710-F64E-AF82-12DF17AE4E1E,2018-ncaa-d1-conf-Pac-12,ncaa,5,5,3,5,5,5,5,7,5,3,3,4,12,12,11,11,6,8,7,8,11,7,6,6,6,6,12,12,9,5,5,5,5,6,6,5,7,9,7,6,10,11,9,10,,,5,4,,,8,7,7,8,6,5,7,2,2,12,11,6,7,7,9,7,4,5,5,6,8,11,9,,5,,,8,8,8,11,5,8,8,6,7,10,5,10,6,6,11,6,4,10,8,6,6,9,6,7,6,6,5,3,5,4,6,8,9,11,11,10,4,3,8,5,,,11,11,,,8,6,6,8,8,7,7,8,5,7,7,10,5,5,5,8,4,5,4,4,9,11,4,7,,11,,,b'\x11\xe8\xe1I\xc7\x10\xf6N\xaf\x82\x12\xdf\x17\xaeN\x1e'
11E8E149-C710-F64E-AF82-12DF17AE4E1E,2018-ncaa-d1-natl,ncaa,84,74,97,80,134,95,60,147,25,47,81,33,212,264,87,277,233,228,219,229,302,160,168,47,60,69,318,261,299,138,44,109,145,115,43,58,101,133,151,69,287,302,162,197,,,84,87,,,128,179,254,279,93,51,187,33,104,219,283,258,244,245,203,239,159,121,130,48,121,304,176,,71,,,129,241,262,288,136,221,243,138,279,284,202,261,76,50,294,52,41,261,180,160,132,254,178,263,52,189,145,18,44,44,43,313,318,321,327,341,68,81,164,103,,,285,317,,,128,179,58,252,121,191,227,276,200,225,266,275,64,42,46,230,103,166,18,32,302,333,72,156,,326,,,b'\x11\xe8\xe1I\xc7\x10\xf6N\xaf\x82\x12\xdf\x17\xaeN\x1e'
11E8E149-C710-F64E-AF82-12DF17AE4E1E,2018-ncaa-d1-ncaatournament,ncaa,33,2,33,33,34,46,41,53,24,44,49,33,39,54,11,34,57,57,54,56,58,59,58,20,32,41,40,19,60,45,26,34,23,37,12,40,26,15,50,35,53,49,22,11,,,20,55,,,26,60,58,7,44,29,47,34,41,24,38,57,57,56,58,57,34,12,21,28,42,49,7,,49,,,30,3,9,26,15,13,22,9,14,19,35,36,1,1,61,1,5,17,5,16,10,25,32,43,13,14,23,2,26,3,12,25,61,64,64,62,17,50,32,51,,,56,52,,,26,4,42,26,30,19,25,53,28,48,35,35,9,2,2,40,8,34,4,8,54,64,42,52,,56,,,b'\x11\xe8\xe1I\xc7\x10\xf6N\xaf\x82\x12\xdf\x17\xaeN\x1e'
11E8E149-C710-F64E-AF82-12DF17AE4E1E,2019-ncaa-d0-natl,ncaa,95,109,47,108,51,42,40,62,30,51,91,36,50,91,41,142,108,117,139,114,177,66,81,38,41,31,171,130,266,100,91,61,27,63,29,38,118,77,49,31,342,346,101,171,,,106,69,,,120,87,268,66,51,44,106,69,159,72,122,156,170,169,118,206,146,76,95,50,42,346,134,,46,,,124,335,341,312,300,338,330,252,288,217,333,119,136,86,324,89,30,302,230,299,288,344,75,192,35,62,27,135,91,98,29,289,84,344,349,348,32,26,143,95,,,152,240,,,120,261,23,335,128,277,314,282,302,298,253,148,81,49,50,241,60,31,48,26,222,348,25,104,,247,,,b'\x11\xe8\xe1I\xc7\x10\xf6N\xaf\x82\x12\xdf\x17\xaeN\x1e'
11E8E149-C710-F64E-AF82-12DF17AE4E1E,2019-ncaa-d1-conf-Pac-12,ncaa,6,6,3,6,5,4,4,5,4,4,4,5,4,4,3,8,3,3,8,3,3,4,4,4,5,5,4,5,6,4,4,5,2,5,2,3,5,7,7,5,11,11,5,6,,,9,7,,,7,7,9,4,3,5,6,6,6,5,6,4,3,3,4,4,4,5,4,3,8,11,6,,7,,,7,11,10,6,8,11,10,7,5,4,10,3,10,9,11,8,7,8,6,8,9,11,5,4,7,2,2,5,4,2,2,5,3,11,11,10,8,5,3,5,,,4,5,,,7,6,4,9,7,8,9,6,11,9,5,2,10,6,7,5,2,2,2,2,3,11,7,3,,4,,,b'\x11\xe8\xe1I\xc7\x10\xf6N\xaf\x82\x12\xdf\x17\xaeN\x1e'
11E8E149-C710-F64E-AF82-12DF17AE4E1E,2019-ncaa-d1-natl,ncaa,93,108,40,108,41,41,35,64,26,46,88,39,56,98,33,152,119,135,141,128,192,63,83,35,38,30,178,133,278,118,103,54,28,61,28,39,121,82,51,31,343,348,100,172,,,106,68,,,133,80,277,68,53,45,128,68,158,77,132,173,189,185,143,223,171,86,113,51,40,348,136,,45,,,135,339,341,322,302,339,333,251,302,241,337,128,126,83,329,85,29,315,228,304,298,349,91,211,34,64,28,125,103,90,28,295,86,347,349,348,29,21,134,90,,,159,235,,,133,261,24,337,139,283,314,283,304,302,273,158,79,47,46,239,56,31,40,24,223,349,24,93,,257,,,b'\x11\xe8\xe1I\xc7\x10\xf6N\xaf\x82\x12\xdf\x17\xaeN\x1e'
11E8E149-C710-F64E-AF82-12DF17AE4E1E,2019-ncaa-d1-ncaatournament,ncaa,17,2,17,17,19,18,21,29,7,25,29,12,18,21,6,29,18,19,22,18,14,26,24,4,3,6,25,33,21,34,42,25,25,28,30,22,35,40,36,28,46,61,37,58,,,37,21,,,48,22,18,7,10,16,45,25,45,14,32,12,16,14,40,34,54,27,37,21,35,60,56,,24,,,40,47,48,44,52,51,49,39,41,33,56,4,43,41,36,41,19,45,41,47,44,56,18,18,24,38,25,39,42,39,30,53,44,41,63,63,39,41,49,55,,,20,23,,,48,42,11,53,38,54,57,54,59,63,32,10,39,38,36,55,37,29,24,19,56,59,37,48,,27,,,b'\x11\xe8\xe1I\xc7\x10\xf6N\xaf\x82\x12\xdf\x17\xaeN\x1e'
11E8E149-C710-F64E-AF82-12DF17AE4E1E,2020-ncaa-d0-natl,ncaa,221,258,33,240,53,94,119,71,205,88,40,249,200,218,140,269,27,53,41,51,154,53,54,232,183,169,195,253,43,70,116,167,196,111,162,79,104,207,138,129,212,252,106,188,,,222,157,,,264,69,152,138,145,179,130,129,70,228,251,45,91,87,101,113,94,244,175,113,156,243,133,,165,,,259,334,343,305,334,348,345,313,101,72,232,29,231,161,346,164,50,304,277,309,311,335,6,26,117,208,196,261,116,248,162,295,107,238,288,304,245,176,298,219,,,68,147,,,264,286,153,321,254,308,327,273,344,339,75,41,198,132,131,258,185,153,175,167,252,271,203,278,,137,,,b'\x11\xe8\xe1I\xc7\x10\xf6N\xaf\x82\x12\xdf\x17\xaeN\x1e'
11E8E149-C710-F64E-AF82-12DF17AE4E1E,2020-ncaa-d1-conf-Pac-12,ncaa,11,12,3,12,5,8,11,4,11,9,2,12,9,10,9,12,2,2,4,2,3,4,3,11,11,11,4,10,1,6,7,8,10,6,8,8,5,11,9,10,8,10,4,8,,,11,8,,,12,2,1,6,10,11,4,10,2,11,10,2,2,2,3,2,5,12,7,9,10,9,4,,10,,,12,12,12,12,12,12,12,12,3,3,7,1,10,8,10,8,3,11,10,12,12,11,1,1,2,8,10,11,7,11,8,11,6,8,10,10,11,8,12,10,,,2,4,,,12,11,12,11,12,12,12,12,12,12,2,2,10,8,8,11,10,8,11,11,11,8,10,12,,2,,,b'\x11\xe8\xe1I\xc7\x10\xf6N\xaf\x82\x12\xdf\x17\xaeN\x1e'
11E8E149-C710-F64E-AF82-12DF17AE4E1E,2020-ncaa-d1-natl,ncaa,238,257,45,249,72,117,153,95,214,115,57,258,215,235,148,269,35,74,40,65,153,73,86,238,191,178,188,250,43,88,121,194,201,140,174,94,105,194,142,134,234,259,121,193,,,190,163,,,275,101,155,132,159,188,138,137,71,231,253,47,94,91,111,120,99,250,188,123,157,253,134,,169,,,274,329,339,290,336,348,342,315,89,53,243,25,218,147,346,150,49,287,246,314,319,341,6,25,115,191,201,231,121,219,174,284,110,264,294,310,231,183,295,227,,,98,147,,,275,254,168,328,274,312,332,273,346,340,75,41,207,134,133,262,184,157,180,174,258,280,207,284,,140,,,b'\x11\xe8\xe1I\xc7\x10\xf6N\xaf\x82\x12\xdf\x17\xaeN\x1e'
11E8E149-C710-F64E-AF82-12DF17AE4E1E,2021-ncaa-d0-natl,ncaa,329,296,288,333,291,314,317,309,317,297,298,288,326,311,343,264,283,275,262,272,133,303,293,330,321,336,285,325,42,232,60,290,308,283,164,318,239,177,339,338,316,305,85,44,,,26,17,,,336,297,304,224,336,335,338,293,236,337,304,232,207,202,336,250,87,244,164,333,330,312,33,,11,,,337,80,108,78,276,106,88,243,135,89,295,224,16,22,56,22,4,64,53,284,225,310,66,267,2,120,308,45,60,55,164,153,267,324,335,341,217,335,118,263,,,295,221,,,336,46,333,330,337,250,314,303,291,271,290,252,5,4,5,235,98,304,63,166,318,337,330,244,,248,,,b'\x11\xe8\xe1I\xc7\x10\xf6N\xaf\x82\x12\xdf\x17\xaeN\x1e'
11E8E149-C710-F64E-AF82-12DF17AE4E1E,2021-ncaa-d1-conf-Pac-12,ncaa,12,10,12,12,12,12,12,12,11,11,12,11,12,12,12,12,12,11,11,11,6,12,12,12,12,12,12,12,3,10,4,12,11,12,7,12,11,8,12,12,11,11,8,3,,,1,2,,,12,12,9,9,12,12,12,9,8,12,12,8,7,7,12,8,5,9,6,12,12,11,3,,2,,,12,2,3,2,12,4,3,9,5,2,11,8,1,1,1,1,1,2,1,12,9,12,1,9,1,3,11,1,4,1,7,8,11,11,11,11,8,12,2,7,,,12,8,,,12,1,12,12,12,11,12,11,12,11,11,8,1,1,1,11,9,11,2,7,12,11,12,6,,7,,,b'\x11\xe8\xe1I\xc7\x10\xf6N\xaf\x82\x12\xdf\x17\xaeN\x1e'
11E8E149-C710-F64E-AF82-12DF17AE4E1E,2021-ncaa-d1-natl,ncaa,331,294,292,335,296,316,318,312,319,299,302,292,327,313,343,262,290,283,261,279,132,307,297,332,324,337,283,323,42,244,63,296,310,291,175,321,241,166,340,338,318,307,92,45,,,26,17,,,337,302,306,225,338,337,338,298,241,337,305,235,207,202,337,254,89,249,168,334,331,315,33,,12,,,338,76,101,73,280,101,77,250,127,85,297,220,15,21,56,21,4,59,50,287,235,311,65,266,2,113,310,39,63,52,175,138,268,325,335,342,207,337,115,270,,,300,219,,,337,41,334,331,338,257,315,303,294,273,290,251,5,4,5,238,97,306,62,169,319,337,331,247,,248,,,b'\x11\xe8\xe1I\xc7\x10\xf6N\xaf\x82\x12\xdf\x17\xaeN\x1e'
11E8E149-C710-F64E-AF82-12DF17AE4E1E,2022-ncaa-d0-natl,ncaa,254,134,347,219,347,295,319,338,192,300,300,246,281,310,92,248,174,237,13,243,110,334,345,201,138,133,133,224,29,257,87,343,297,331,180,291,175,13,135,153,241,121,135,60,,,59,280,,,175,348,148,64,110,155,127,149,99,188,229,24,64,69,98,107,97,223,151,162,164,109,47,,301,,,175,22,20,14,157,16,36,81,88,23,336,122,114,72,321,73,231,15,12,177,207,213,283,224,283,89,297,4,87,7,180,33,217,315,174,189,6,61,66,160,,,260,33,,,175,9,114,247,176,237,193,223,162,239,252,146,292,271,273,244,257,298,134,218,221,140,68,212,,29,,,b'\x11\xe8\xe1I\xc7\x10\xf6N\xaf\x82\x12\xdf\x17\xaeN\x1e'
11E8E149-C710-F64E-AF82-12DF17AE4E1E,2022-ncaa-d1-conf-Pac-12,ncaa,12,9,12,12,12,12,12,12,12,12,12,12,12,12,10,10,10,10,2,11,5,12,12,12,12,12,4,8,1,10,7,12,12,12,12,12,8,2,10,12,8,4,11,5,,,2,9,,,12,12,4,2,11,12,7,9,5,11,10,2,4,4,7,2,7,11,10,12,11,3,4,,12,,,12,2,2,2,11,2,2,11,1,1,12,1,3,1,6,1,6,2,1,11,10,11,2,1,7,2,12,1,7,2,12,4,12,10,5,8,2,7,5,10,,,12,2,,,12,1,11,12,12,11,11,8,12,11,7,3,10,11,11,9,11,11,9,11,12,4,7,10,,2,,,b'\x11\xe8\xe1I\xc7\x10\xf6N\xaf\x82\x12\xdf\x17\xaeN\x1e'
11E8E149-C710-F64E-AF82-12DF17AE4E1E,2022-ncaa-d1-natl,ncaa,247,134,351,220,351,300,316,342,175,303,297,235,270,314,80,246,163,241,11,245,125,337,346,183,124,125,138,220,40,255,89,343,299,331,175,282,155,12,119,135,253,130,132,64,,,52,275,,,174,349,142,67,98,143,128,129,94,179,225,25,73,76,95,105,100,200,135,150,154,113,48,,300,,,160,20,16,16,142,18,39,82,90,27,318,124,111,83,305,85,228,18,9,165,179,200,271,217,273,103,299,3,89,6,175,29,199,320,200,195,3,51,62,150,,,276,39,,,174,8,101,239,159,241,198,240,168,246,247,161,286,277,277,261,266,303,117,220,212,160,66,193,,36,,,b'\x11\xe8\xe1I\xc7\x10\xf6N\xaf\x82\x12\xdf\x17\xaeN\x1e'
11E8E149-C710-F64E-AF82-12DF17AE4E1E,2023-ncaa-d0-natl,ncaa,195,203,164,209,197,145,115,127,109,118,121,156,143,192,61,199,249,245,183,254,312,140,183,122,134,110,228,160,306,177,184,210,201,198,206,102,113,56,77,63,332,341,136,163,,,201,226,,,200,190,178,173,114,77,77,95,95,133,177,244,250,255,115,172,172,222,209,78,76,336,132,,221,,,198,269,268,191,291,302,273,235,123,70,314,47,265,218,334,214,140,195,154,276,289,322,74,71,214,158,201,171,184,170,206,263,207,267,282,308,40,53,78,54,,,158,119,,,200,167,101,319,201,290,291,231,321,314,125,67,269,228,225,246,172,182,205,198,276,275,49,85,,130,,,b'\x11\xe8\xe1I\xc7\x10\xf6N\xaf\x82\x12\xdf\x17\xaeN\x1e'
11E8E149-C710-F64E-AF82-12DF17AE4E1E,2023-ncaa-d1-conf-Pac-12,ncaa,11,10,7,11,10,9,10,8,8,9,9,8,7,7,4,6,10,8,10,8,9,9,10,8,8,9,6,6,9,11,12,10,11,10,11,10,6,5,6,6,10,11,8,10,,,9,9,,,11,7,4,9,7,8,6,8,8,6,8,9,9,9,9,9,11,11,12,9,6,11,10,,8,,,11,11,11,7,12,12,7,12,2,4,6,2,11,10,5,10,9,7,6,11,11,11,1,1,8,9,11,7,12,8,11,10,6,8,9,9,5,8,1,3,,,3,2,,,11,6,9,11,11,11,12,9,12,11,4,3,10,9,9,8,10,9,10,10,10,9,6,3,,2,,,b'\x11\xe8\xe1I\xc7\x10\xf6N\xaf\x82\x12\xdf\x17\xaeN\x1e'
11E8E149-C710-F64E-AF82-12DF17AE4E1E,2023-ncaa-d1-natl,ncaa,219,203,219,219,258,177,142,166,115,153,152,169,158,206,64,199,266,271,180,274,315,189,248,129,145,114,225,160,304,212,193,255,210,250,222,123,119,41,80,68,344,346,152,170,,,169,237,,,214,253,183,171,123,77,88,101,104,135,181,245,257,259,126,186,186,235,227,89,78,340,138,,230,,,214,243,247,152,305,285,254,244,104,52,321,46,248,195,337,191,146,150,97,286,302,329,73,73,218,134,210,131,193,121,222,250,211,300,292,319,28,57,65,64,,,189,107,,,214,104,112,329,222,303,301,235,327,317,133,67,271,230,230,248,171,190,207,204,284,288,53,90,,130,,,b'\x11\xe8\xe1I\xc7\x10\xf6N\xaf\x82\x12\xdf\x17\xaeN\x1e'
11E8E149-C710-F64E-AF82-12DF17AE4E1E,2024-ncaa-d0-natl,ncaa,106,148,29,135,37,88,99,60,181,186,227,134,22,9,131,17,193,235,61,230,179,79,76,119,129,128,25,14,298,35,56,113,226,70,127,81,89,232,145,109,162,210,157,238,,,273,210,,,156,91,297,135,144,156,138,294,327,25,15,269,298,295,184,205,63,240,141,114,129,225,203,,167,,,157,302,324,300,265,339,341,185,176,105,331,30,188,200,126,204,70,291,275,247,219,269,45,92,89,271,226,255,56,273,127,280,140,198,276,268,112,66,155,197,,,149,265,,,156,266,88,278,163,191,244,184,282,306,98,37,114,125,129,164,89,191,108,129,181,292,62,94,,271,,,b'\x11\xe8\xe1I\xc7\x10\xf6N\xaf\x82\x12\xdf\x17\xaeN\x1e'
11E8E149-C710-F64E-AF82-12DF17AE4E1E,2024-ncaa-d1-conf-Pac-12,ncaa,8,8,3,8,8,8,9,6,10,12,11,9,2,2,9,2,11,11,6,11,8,7,6,8,9,10,1,1,11,4,3,9,9,7,7,8,6,12,12,10,6,7,10,10,,,7,8,,,10,8,10,10,9,10,7,12,11,2,2,11,11,11,9,6,3,10,8,9,12,8,10,,7,,,10,11,11,7,12,12,11,9,3,1,12,1,8,8,5,8,7,7,5,11,12,12,1,2,8,7,9,3,3,7,7,8,7,8,9,9,6,8,5,9,,,9,11,,,10,5,9,10,10,10,10,5,11,11,3,1,7,8,8,6,2,7,3,6,8,9,7,4,,11,,,b'\x11\xe8\xe1I\xc7\x10\xf6N\xaf\x82\x12\xdf\x17\xaeN\x1e'
11E8E149-C710-F64E-AF82-12DF17AE4E1E,2024-ncaa-d1-natl,ncaa,123,150,38,144,47,107,119,75,202,230,262,145,25,11,132,17,214,255,60,249,179,105,99,129,139,137,25,14,299,49,67,141,236,98,144,97,95,202,150,113,199,234,178,246,,,253,218,,,182,121,305,128,157,176,151,310,331,28,16,276,302,299,200,221,75,250,159,125,129,247,206,,170,,,183,290,319,287,281,334,335,201,160,81,339,31,170,179,131,184,76,274,248,257,234,289,44,86,90,263,236,223,67,248,144,270,143,237,291,279,94,70,140,212,,,179,260,,,182,239,98,297,184,201,261,189,299,308,106,35,114,129,132,171,88,200,117,135,194,306,63,100,,271,,,b'\x11\xe8\xe1I\xc7\x10\xf6N\xaf\x82\x12\xdf\x17\xaeN\x1e'
11E8E149-C710-F64E-AF82-12DF17AE4E1E,2025-ncaa-d0-natl,genius_ncaa,39,53,29,53,51,47,50,77,33,102,233,17,15,13,43,22,81,90,168,90,46,75,43,18,20,67,49,33,263,128,121,26,102,36,43,50,114,351,286,159,228,308,96,222,,,310,177,,343,63,37,68,269,53,65,175,182,327,16,23,156,163,163,181,109,194,35,73,58,311,294,140,,200,,334,67,302,310,336,94,336,357,36,116,69,259,8,257,262,183,261,57,335,316,56,53,106,39,40,187,274,102,170,121,219,43,85,8,144,262,94,326,235,156,206,,,72,191,,107,63,322,74,109,71,167,195,285,275,357,52,24,169,164,164,274,247,195,39,76,31,234,254,92,,157,,149,b'\x11\xe8\xe1I\xc7\x10\xf6N\xaf\x82\x12\xdf\x17\xaeN\x1e'
11E8E149-C710-F64E-AF82-12DF17AE4E1E,2025-ncaa-d1-conf-ACC,genius_ncaa,6,6,4,7,9,8,7,11,4,12,17,1,1,1,6,1,14,15,9,15,5,11,10,2,3,6,3,1,17,12,7,4,1,6,3,4,7,17,16,11,17,17,11,14,,,14,14,,18,7,7,7,14,7,7,14,13,18,2,1,14,17,17,14,10,13,4,7,5,16,17,14,,12,,18,7,7,8,10,7,12,15,5,4,2,14,3,14,13,13,12,11,11,9,5,6,8,6,6,13,2,1,3,7,2,3,3,1,15,15,5,14,14,3,9,,,10,11,,5,7,12,8,6,8,6,5,7,12,14,4,2,13,13,12,7,5,2,2,1,3,15,14,3,,13,,5,b'\x11\xe8\xe1I\xc7\x10\xf6N\xaf\x82\x12\xdf\x17\xaeN\x1e'
11E8E149-C710-F64E-AF82-12DF17AE4E1E,2025-ncaa-d1-natl,genius_ncaa,44,53,43,54,66,54,57,93,36,124,262,18,18,20,43,24,98,110,166,109,45,90,61,20,21,71,49,35,259,158,133,30,110,46,48,54,117,344,294,170,265,318,108,230,,,292,183,,340,73,51,72,269,56,71,196,193,329,19,27,158,165,166,195,116,210,37,83,66,319,307,149,,200,,338,75,282,300,333,102,333,355,39,102,51,268,9,240,244,188,243,59,328,299,68,61,125,37,39,186,264,110,137,133,185,48,72,8,175,275,101,310,242,140,225,,,92,181,,116,73,307,79,126,82,178,215,287,283,357,59,25,175,172,175,279,241,201,41,80,32,247,261,98,,158,,148,b'\x11\xe8\xe1I\xc7\x10\xf6N\xaf\x82\x12\xdf\x17\xaeN\x1e'
11E8E149-C710-F64E-AF82-12DF17AE4E1E,2025-ncaa-d1-ncaatournament,genius_ncaa,37,2,37,37,38,64,65,63,64,62,61,63,63,54,64,28,33,33,50,32,2,56,42,65,63,65,7,58,1,43,37,41,17,41,35,66,58,29,63,67,39,25,61,63,,,28,65,,38,40,42,10,7,64,65,59,62,60,59,31,4,2,2,42,17,26,23,25,66,63,18,61,,64,,61,44,1,1,6,5,6,20,6,1,4,2,2,33,27,48,25,56,11,18,3,12,5,28,2,67,7,17,15,37,11,35,7,60,34,8,11,38,65,28,62,,,39,9,,32,40,25,64,5,44,7,3,13,19,45,1,4,62,60,58,27,44,15,49,41,27,4,66,58,,5,,15,b'\x11\xe8\xe1I\xc7\x10\xf6N\xaf\x82\x12\xdf\x17\xaeN\x1e'
11E8E149-C710-F64E-AF82-12DF17AE4E1E,2026-ncaa-d0-natl,genius_ncaa,35,80,9,68,48,53,52,51,87,69,112,48,38,21,146,58,102,82,243,93,130,54,52,77,88,80,145,102,267,63,104,35,118,38,82,28,29,271,122,53,145,249,31,80,,,199,48,,324,58,50,265,361,128,117,194,150,290,87,71,231,195,212,197,276,158,101,108,46,94,269,54,,36,,269,66,269,319,335,125,346,355,114,101,170,74,27,116,150,56,163,16,322,314,75,47,79,4,38,37,291,118,289,104,298,82,161,16,111,224,103,287,165,282,225,,,36,111,,57,58,311,74,85,62,60,139,182,248,318,16,22,30,31,35,108,62,133,82,83,35,262,135,173,,150,,137,b'\x11\xe8\xe1I\xc7\x10\xf6N\xaf\x82\x12\xdf\x17\xaeN\x1e'
11E8E149-C710-F64E-AF82-12DF17AE4E1E,2026-ncaa-d1-natl,genius_ncaa,38,80,13,79,84,72,69,74,101,95,167,57,54,31,167,63,133,116,249,133,125,80,85,90,99,95,131,101,257,92,130,45,133,52,105,34,33,221,136,63,213,289,39,91,,,150,55,,310,90,85,276,362,162,154,224,187,306,100,75,241,206,221,234,294,188,118,136,58,100,300,59,,43,,274,102,235,305,322,160,340,353,132,65,111,89,22,80,111,59,118,17,299,281,104,72,119,3,31,37,255,133,245,130,261,105,123,16,168,259,133,239,179,265,252,,,55,93,,76,90,279,94,122,94,80,181,190,278,332,18,24,31,35,39,124,59,139,87,95,39,286,143,191,,149,,130,b'\x11\xe8\xe1I\xc7\x10\xf6N\xaf\x82\x12\xdf\x17\xaeN\x1e'
11E8E149-C715-93AC-AF82-12DF17AE4E1E,2010-ncaa-d0-natl,ncaa,178,174,178,185,226,162,149,177,120,115,119,123,236,260,204,262,151,109,263,106,144,159,128,153,167,211,268,266,158,101,72,138,177,120,92,112,91,291,265,193,118,114,253,237,,,243,239,,,199,143,54,283,124,102,132,73,81,241,260,125,91,83,114,50,78,90,60,76,296,99,251,,277,,,199,226,209,182,200,140,80,272,295,303,148,313,192,245,23,247,299,200,192,243,214,210,286,295,159,216,177,113,72,152,92,285,294,156,167,254,302,276,166,140,,,83,80,,,199,193,196,211,204,267,237,236,158,76,306,324,213,260,265,265,270,247,139,196,303,129,306,181,,45,,,b'\x11\xe8\xe1I\xc7\x15\x93\xac\xaf\x82\x12\xdf\x17\xaeN\x1e'
11E8E149-C715-93AC-AF82-12DF17AE4E1E,2010-ncaa-d1-conf-ASUN,ncaa,5,4,5,5,6,5,6,6,4,4,5,4,6,8,6,7,5,6,6,6,6,5,6,5,6,5,7,8,6,4,4,7,3,6,3,3,2,6,8,5,4,4,8,8,,,7,9,,,6,5,3,6,3,3,5,3,4,6,7,5,6,6,5,4,3,7,4,2,7,4,8,,8,,,6,7,5,3,7,4,1,8,4,5,5,6,7,7,3,7,8,3,3,8,8,8,6,4,6,1,3,1,4,1,3,8,8,5,4,5,8,8,5,5,,,4,3,,,6,5,4,7,6,8,7,4,6,2,6,5,8,8,8,4,4,1,3,3,8,4,8,6,,3,,,b'\x11\xe8\xe1I\xc7\x15\x93\xac\xaf\x82\x12\xdf\x17\xaeN\x1e'
11E8E149-C715-93AC-AF82-12DF17AE4E1E,2010-ncaa-d1-natl,ncaa,189,174,191,191,258,176,158,190,122,118,129,125,251,264,204,261,160,120,260,116,141,173,140,156,172,212,264,266,153,112,75,153,183,135,100,117,95,278,264,195,128,120,256,237,,,228,238,,,205,155,55,285,128,107,136,74,83,241,260,127,92,85,117,52,81,92,65,79,296,103,250,,278,,,206,219,198,169,206,128,62,280,293,300,151,311,182,234,23,238,301,186,176,249,219,215,286,293,162,196,183,97,75,130,100,281,294,173,173,265,297,278,160,146,,,93,80,,,205,178,198,221,214,276,244,239,160,78,308,325,216,262,267,266,270,249,143,199,305,135,307,180,,48,,,b'\x11\xe8\xe1I\xc7\x15\x93\xac\xaf\x82\x12\xdf\x17\xaeN\x1e'
11E8E149-C715-93AC-AF82-12DF17AE4E1E,2011-ncaa-d0-natl,ncaa,192,175,242,195,243,169,139,156,126,99,105,136,234,258,166,258,223,178,269,187,257,160,154,155,173,181,290,254,239,117,92,125,121,116,71,90,59,182,195,111,172,170,233,245,,,111,105,,,187,171,75,8,107,67,53,47,45,217,234,180,142,146,62,45,79,39,30,38,245,133,224,,171,,,187,182,187,208,157,128,182,108,275,216,303,225,115,111,188,106,115,187,167,192,179,196,243,282,102,145,121,112,92,113,71,190,199,205,225,219,149,161,320,293,,,221,266,,,187,182,169,185,176,263,264,299,195,267,307,270,153,150,148,287,290,209,190,200,248,158,202,328,,177,,,b'\x11\xe8\xe1I\xc7\x15\x93\xac\xaf\x82\x12\xdf\x17\xaeN\x1e'
11E8E149-C715-93AC-AF82-12DF17AE4E1E,2011-ncaa-d1-conf-ASUN,ncaa,3,2,5,3,5,4,4,5,2,4,5,2,5,3,5,3,6,5,7,5,6,5,5,2,3,3,5,4,8,5,5,4,2,3,3,1,2,4,6,1,6,5,9,9,,,2,4,,,3,6,6,1,3,2,4,2,5,4,3,6,4,4,4,4,5,2,3,1,7,5,9,,2,,,3,3,3,6,5,3,5,4,8,8,7,8,1,1,2,1,1,6,5,6,5,5,6,9,2,3,2,2,5,2,3,5,4,7,8,7,6,7,6,6,,,5,6,,,3,6,3,5,3,5,5,7,4,5,8,8,2,1,1,7,6,4,2,3,6,7,7,7,,4,,,b'\x11\xe8\xe1I\xc7\x15\x93\xac\xaf\x82\x12\xdf\x17\xaeN\x1e'
11E8E149-C715-93AC-AF82-12DF17AE4E1E,2011-ncaa-d1-natl,ncaa,206,202,199,213,201,167,129,131,131,89,96,142,233,253,170,255,230,183,272,192,275,143,133,162,180,192,293,254,250,115,93,103,121,102,74,88,77,219,209,126,170,176,231,239,,,131,122,,,198,153,84,11,123,73,61,49,48,219,236,209,158,173,73,50,83,40,32,50,253,143,223,,179,,,198,208,197,229,151,139,191,110,286,239,303,232,141,138,179,133,129,213,196,190,179,196,258,282,109,166,121,130,93,142,74,215,208,197,219,224,169,185,318,287,,,221,268,,,198,196,183,197,189,260,250,293,184,252,305,270,159,162,160,283,284,208,194,202,250,163,219,329,,182,,,b'\x11\xe8\xe1I\xc7\x15\x93\xac\xaf\x82\x12\xdf\x17\xaeN\x1e'
11E8E149-C715-93AC-AF82-12DF17AE4E1E,2012-ncaa-d0-natl,ncaa,147,87,292,125,301,205,139,224,55,90,126,75,283,305,150,289,304,286,302,287,320,244,268,95,144,144,330,283,322,192,126,218,202,215,137,65,25,78,149,33,95,50,125,78,,,12,19,,,112,282,139,163,123,52,93,28,34,265,285,284,244,247,128,131,134,102,106,17,171,40,88,,30,,,105,33,49,80,78,52,58,121,144,211,64,282,30,32,89,31,77,54,67,97,75,67,177,257,77,149,202,56,126,69,137,59,143,183,111,98,95,167,81,55,,,293,265,,,112,63,135,80,105,130,155,222,135,153,208,280,67,83,69,187,220,250,152,205,137,98,177,134,,239,,,b'\x11\xe8\xe1I\xc7\x15\x93\xac\xaf\x82\x12\xdf\x17\xaeN\x1e'
11E8E149-C715-93AC-AF82-12DF17AE4E1E,2012-ncaa-d1-conf-Big South,ncaa,4,4,5,4,6,6,4,7,2,3,4,3,8,8,1,8,8,7,8,7,7,7,8,3,3,4,9,6,9,8,6,4,3,7,4,1,1,2,5,1,3,3,3,3,,,1,1,,,4,7,5,5,6,3,6,3,2,7,9,8,6,6,8,7,8,3,6,1,5,3,3,,1,,,4,2,5,4,2,5,4,4,6,7,1,7,1,1,6,1,2,3,4,3,3,3,3,7,2,4,3,2,6,3,4,4,5,5,4,6,2,3,2,2,,,6,5,,,4,3,5,3,4,3,4,6,4,4,6,7,3,2,2,4,5,5,3,3,6,5,3,2,,6,,,b'\x11\xe8\xe1I\xc7\x15\x93\xac\xaf\x82\x12\xdf\x17\xaeN\x1e'
11E8E149-C715-93AC-AF82-12DF17AE4E1E,2012-ncaa-d1-natl,ncaa,128,86,196,109,238,160,101,167,43,56,73,57,273,290,163,286,303,265,321,267,326,187,194,86,139,141,331,282,328,152,105,155,207,155,124,29,16,129,156,32,67,52,96,64,,,26,21,,,103,206,132,180,120,44,91,21,32,264,282,299,249,252,120,126,123,99,99,10,185,41,71,,35,,,97,74,97,159,79,87,104,125,172,257,52,281,51,60,81,58,85,132,149,97,75,68,173,246,82,208,207,79,105,139,124,92,141,137,114,102,144,167,105,52,,,262,275,,,103,137,125,82,99,131,159,229,140,163,203,285,71,90,83,197,228,258,138,193,135,99,182,128,,242,,,b'\x11\xe8\xe1I\xc7\x15\x93\xac\xaf\x82\x12\xdf\x17\xaeN\x1e'
11E8E149-C715-93AC-AF82-12DF17AE4E1E,2013-ncaa-d0-natl,ncaa,113,65,251,94,261,173,156,206,96,135,142,153,220,261,57,257,179,208,117,208,239,206,205,126,121,131,235,223,187,196,143,302,266,276,223,110,77,165,187,115,32,12,192,167,,,106,126,,,130,210,119,48,109,94,123,74,75,203,251,139,164,164,131,109,144,291,234,56,220,11,174,,170,,,129,115,110,53,263,132,91,229,120,63,296,110,172,177,142,168,222,60,128,252,258,156,169,145,215,145,266,100,143,105,223,150,210,64,26,72,232,254,159,137,,,178,142,,,130,131,134,149,129,202,193,102,200,152,162,101,235,240,236,123,236,201,181,196,208,18,277,193,,108,,,b'\x11\xe8\xe1I\xc7\x15\x93\xac\xaf\x82\x12\xdf\x17\xaeN\x1e'
11E8E149-C715-93AC-AF82-12DF17AE4E1E,2013-ncaa-d1-conf-Big South,ncaa,4,4,5,4,5,4,4,5,5,4,5,5,5,5,4,6,7,7,7,7,9,5,5,5,5,4,8,7,10,8,8,9,8,8,8,2,2,4,4,1,1,1,6,6,,,6,4,,,6,4,5,1,4,4,4,4,4,6,6,7,8,8,6,6,7,9,7,1,3,1,7,,5,,,6,8,8,5,8,8,6,8,6,6,8,7,5,5,8,5,4,4,9,9,8,7,6,5,3,8,8,8,8,7,8,7,8,2,1,3,5,5,5,4,,,5,6,,,6,9,3,7,5,7,8,4,8,4,6,5,5,5,5,4,8,5,8,8,8,1,6,5,,4,,,b'\x11\xe8\xe1I\xc7\x15\x93\xac\xaf\x82\x12\xdf\x17\xaeN\x1e'
11E8E149-C715-93AC-AF82-12DF17AE4E1E,2013-ncaa-d1-natl,ncaa,94,65,136,82,148,115,96,131,75,77,85,127,188,243,42,258,134,159,113,160,224,135,126,91,84,110,234,218,193,132,117,227,239,186,172,60,51,228,184,91,22,12,134,139,,,153,110,,,105,131,105,62,81,66,118,57,71,189,250,116,145,146,125,93,132,252,202,33,227,10,141,,157,,,102,178,159,126,226,180,182,178,143,96,285,103,214,217,142,209,209,138,216,221,224,110,170,145,219,198,239,128,117,160,172,164,164,34,27,55,289,258,165,119,,,128,156,,,105,210,111,111,106,182,168,107,187,178,160,92,224,226,220,127,242,203,142,162,173,20,288,169,,113,,,b'\x11\xe8\xe1I\xc7\x15\x93\xac\xaf\x82\x12\xdf\x17\xaeN\x1e'
11E8E149-C715-93AC-AF82-12DF17AE4E1E,2014-ncaa-d0-natl,ncaa,129,88,254,116,267,270,257,294,145,254,280,167,164,184,86,118,303,293,244,302,236,302,279,122,152,235,141,100,269,162,66,237,259,213,100,94,7,266,319,154,154,105,189,139,,,37,74,,,140,307,286,95,249,220,265,237,253,128,155,285,274,285,288,225,125,179,137,39,303,129,167,,66,,,139,23,52,83,95,32,47,118,194,222,114,301,22,47,10,51,125,56,67,118,67,62,230,300,62,209,259,15,66,40,100,81,189,194,134,128,314,336,145,233,,,302,255,,,140,40,197,109,140,60,97,156,68,74,243,280,43,80,79,114,129,277,35,105,140,155,327,194,,269,,,b'\x11\xe8\xe1I\xc7\x15\x93\xac\xaf\x82\x12\xdf\x17\xaeN\x1e'
11E8E149-C715-93AC-AF82-12DF17AE4E1E,2014-ncaa-d1-conf-Big South,ncaa,4,4,3,4,4,5,4,6,4,5,7,4,3,5,3,5,7,7,6,7,7,7,6,2,3,5,7,4,9,6,3,5,6,6,3,1,1,10,10,3,3,4,6,8,,,5,3,,,4,5,7,2,5,5,8,6,7,3,5,7,7,7,8,7,6,6,5,1,9,4,8,,4,,,4,6,7,8,6,6,4,7,9,9,4,8,1,4,1,4,3,7,8,7,4,4,5,8,1,8,6,3,3,4,3,6,4,4,5,5,10,9,2,3,,,7,7,,,4,6,5,5,4,4,5,6,4,3,10,9,2,3,3,5,6,8,3,3,6,5,10,3,,8,,,b'\x11\xe8\xe1I\xc7\x15\x93\xac\xaf\x82\x12\xdf\x17\xaeN\x1e'
11E8E149-C715-93AC-AF82-12DF17AE4E1E,2014-ncaa-d1-natl,ncaa,111,88,145,105,163,222,201,239,140,216,232,154,145,160,90,130,279,260,278,267,236,253,200,124,157,232,154,109,282,118,52,169,255,129,86,52,4,299,318,143,126,101,162,119,,,68,64,,,130,242,281,114,238,208,255,217,239,135,163,288,269,276,274,208,105,144,105,30,303,128,151,,63,,,130,60,79,149,67,44,69,99,230,277,92,314,44,89,6,90,155,118,134,93,49,51,260,300,80,266,255,28,52,105,86,114,200,157,140,124,319,332,178,225,,,249,249,,,130,102,195,90,133,54,77,158,54,51,245,297,50,93,92,122,135,288,33,106,132,155,326,195,,257,,,b'\x11\xe8\xe1I\xc7\x15\x93\xac\xaf\x82\x12\xdf\x17\xaeN\x1e'
11E8E149-C715-93AC-AF82-12DF17AE4E1E,2015-ncaa-d0-natl,ncaa,133,86,243,111,260,271,267,257,238,219,215,217,253,226,298,186,215,257,74,255,222,258,222,262,248,279,218,221,120,209,191,182,241,197,197,100,5,273,307,170,73,53,161,141,,,66,62,,,190,227,115,165,250,251,212,199,176,241,202,184,243,241,221,146,192,95,131,55,316,45,146,,104,,,191,51,59,115,47,45,106,38,177,180,172,223,93,132,46,133,163,108,149,68,57,42,259,267,168,235,241,116,191,158,197,94,181,107,78,66,263,295,78,109,,,198,164,,,190,126,291,65,191,109,101,196,75,160,227,228,129,162,161,192,278,292,178,240,121,60,297,98,,141,,,b'\x11\xe8\xe1I\xc7\x15\x93\xac\xaf\x82\x12\xdf\x17\xaeN\x1e'
11E8E149-C715-93AC-AF82-12DF17AE4E1E,2015-ncaa-d1-conf-Big South,ncaa,3,4,4,4,6,7,5,6,7,5,6,6,8,7,10,6,5,8,4,8,9,6,4,7,7,9,7,7,5,7,9,3,8,6,9,1,1,11,9,3,1,1,7,7,,,2,1,,,8,3,3,7,7,5,8,5,7,8,6,6,8,8,8,4,8,5,7,1,11,1,7,,1,,,8,5,5,9,3,4,8,3,8,9,7,8,3,5,1,5,4,9,9,4,3,2,7,8,3,10,8,8,9,9,9,6,7,2,2,5,9,8,1,1,,,6,7,,,8,9,9,2,8,4,5,8,4,8,9,8,2,5,4,8,10,9,8,9,6,2,10,1,,6,,,b'\x11\xe8\xe1I\xc7\x15\x93\xac\xaf\x82\x12\xdf\x17\xaeN\x1e'
11E8E149-C715-93AC-AF82-12DF17AE4E1E,2015-ncaa-d1-natl,ncaa,106,86,143,100,177,221,217,210,224,174,167,196,239,209,291,199,179,211,92,204,214,207,145,244,231,269,226,229,119,187,180,118,235,132,181,58,5,321,311,163,59,55,129,135,,,82,55,,,182,136,97,173,238,227,207,170,167,243,213,167,220,218,212,132,184,84,127,36,320,47,134,,99,,,182,80,85,188,40,62,157,32,223,217,197,231,115,151,41,146,153,180,233,63,49,34,276,278,159,280,235,161,180,220,181,136,216,76,75,71,289,285,86,90,,,140,155,,,182,212,280,52,180,104,101,201,68,162,235,230,125,158,156,194,284,293,165,234,133,54,288,82,,124,,,b'\x11\xe8\xe1I\xc7\x15\x93\xac\xaf\x82\x12\xdf\x17\xaeN\x1e'
11E8E149-C715-93AC-AF82-12DF17AE4E1E,2016-ncaa-d0-natl,ncaa,196,204,175,209,221,279,270,278,247,229,226,214,285,260,302,223,230,207,283,206,163,270,258,266,263,267,243,257,145,205,172,257,326,247,274,181,55,195,259,186,172,143,131,106,,,70,93,,,242,279,295,269,303,294,299,231,216,291,255,244,217,214,295,284,203,270,256,167,220,166,130,,87,,,241,95,87,127,107,72,74,158,201,244,92,293,112,114,152,112,190,117,112,127,122,133,249,254,165,316,326,104,172,207,274,104,159,187,154,133,276,305,49,82,,,212,138,,,242,66,264,199,248,115,114,135,87,70,221,266,131,133,132,127,118,327,119,238,121,180,277,66,,210,,,b'\x11\xe8\xe1I\xc7\x15\x93\xac\xaf\x82\x12\xdf\x17\xaeN\x1e'
11E8E149-C715-93AC-AF82-12DF17AE4E1E,2016-ncaa-d1-conf-Big South,ncaa,8,8,3,8,6,7,5,7,7,6,6,6,9,8,9,8,8,6,7,5,7,8,7,7,7,6,9,9,8,8,6,6,10,5,8,1,1,9,9,3,6,7,6,6,,,5,3,,,9,6,3,8,9,7,7,6,5,9,8,9,6,6,8,9,9,6,8,1,8,7,6,,4,,,9,9,8,8,7,7,4,9,11,10,8,9,6,6,4,6,7,8,7,9,7,8,8,10,4,10,10,7,6,8,8,8,8,6,7,7,10,10,2,2,,,5,6,,,9,5,7,8,9,8,8,5,6,4,11,10,6,6,6,7,6,10,7,8,8,6,10,2,,6,,,b'\x11\xe8\xe1I\xc7\x15\x93\xac\xaf\x82\x12\xdf\x17\xaeN\x1e'
11E8E149-C715-93AC-AF82-12DF17AE4E1E,2016-ncaa-d1-natl,ncaa,216,227,142,227,203,278,271,266,260,234,219,237,277,248,299,219,246,207,298,207,162,260,250,273,276,275,230,244,153,188,180,253,327,233,278,183,61,187,253,184,181,172,143,116,,,78,100,,,258,271,296,274,306,295,290,236,221,280,252,252,215,213,288,283,195,273,255,178,201,181,140,,90,,,255,117,102,137,117,73,79,156,220,250,129,290,131,133,144,132,191,133,130,143,140,153,265,262,167,322,327,128,180,247,278,112,149,200,168,148,266,298,49,77,,,214,143,,,258,68,272,214,265,128,121,138,89,72,230,262,144,149,148,135,120,327,135,246,122,196,260,59,,210,,,b'\x11\xe8\xe1I\xc7\x15\x93\xac\xaf\x82\x12\xdf\x17\xaeN\x1e'
11E8E149-C715-93AC-AF82-12DF17AE4E1E,2017-ncaa-d0-natl,ncaa,120,64,291,96,301,313,308,347,103,314,346,77,201,221,149,92,319,260,341,258,32,345,344,86,118,180,114,103,243,263,95,295,25,304,36,261,119,90,282,215,244,119,262,214,,,21,201,,,85,347,347,153,300,289,347,287,338,167,175,296,212,208,345,343,226,240,253,222,188,209,248,,62,,,72,1,2,2,63,5,11,60,7,10,83,62,21,23,82,23,143,1,1,49,41,21,90,79,205,2,25,3,95,1,36,1,17,219,39,10,152,294,12,119,,,274,59,,,85,3,170,8,60,1,2,2,13,27,14,15,55,62,61,2,2,8,15,4,1,159,227,24,,218,,,b'\x11\xe8\xe1I\xc7\x15\x93\xac\xaf\x82\x12\xdf\x17\xaeN\x1e'
11E8E149-C715-93AC-AF82-12DF17AE4E1E,2017-ncaa-d1-conf-Big South,ncaa,2,2,6,2,8,8,7,10,2,8,9,2,5,4,4,2,8,7,10,7,1,10,10,1,2,3,2,2,9,7,4,8,4,8,4,5,1,3,6,3,7,3,5,4,,,3,7,,,2,10,10,8,7,7,10,8,9,3,4,8,6,6,10,10,6,7,8,3,6,6,5,,5,,,2,1,1,1,5,1,1,4,1,1,4,1,1,1,3,1,5,1,1,5,5,3,3,2,7,1,4,1,4,1,4,1,4,6,3,4,5,8,3,6,,,7,3,,,2,1,4,2,2,1,1,1,2,2,1,1,3,4,3,1,1,2,1,1,2,4,6,3,,5,,,b'\x11\xe8\xe1I\xc7\x15\x93\xac\xaf\x82\x12\xdf\x17\xaeN\x1e'
11E8E149-C715-93AC-AF82-12DF17AE4E1E,2017-ncaa-d1-natl,ncaa,92,64,144,72,169,259,261,320,113,262,328,83,165,179,147,105,262,149,341,147,24,307,307,93,124,175,120,115,207,178,67,208,20,195,22,216,149,154,253,215,168,83,215,176,,,43,183,,,42,326,344,155,277,266,342,271,330,164,170,265,143,141,331,329,168,219,206,220,174,169,218,,56,,,37,1,1,5,29,9,43,27,10,11,51,53,31,32,101,34,106,3,11,23,23,6,75,66,209,5,20,7,67,4,22,1,10,137,28,2,179,259,40,135,,,162,37,,,42,23,148,4,31,1,2,2,11,29,11,12,44,52,49,2,3,8,21,5,1,118,193,47,,149,,,b'\x11\xe8\xe1I\xc7\x15\x93\xac\xaf\x82\x12\xdf\x17\xaeN\x1e'
11E8E149-C715-93AC-AF82-12DF17AE4E1E,2018-ncaa-d0-natl,ncaa,208,162,295,201,299,337,340,342,282,344,340,278,198,202,176,71,323,301,303,301,93,341,346,245,266,275,50,63,184,294,205,237,80,279,114,304,91,63,264,236,338,312,237,213,,,34,251,,,155,346,348,40,338,336,345,343,337,165,159,310,279,276,347,347,268,124,187,285,141,334,224,,114,,,152,1,2,12,16,9,55,17,3,7,9,21,42,96,6,95,191,10,3,8,8,23,64,22,279,32,80,25,205,16,114,1,33,334,265,87,78,248,75,264,,,280,53,,,155,3,266,31,146,2,4,26,26,142,5,12,109,184,184,33,8,97,81,72,5,324,151,126,,209,,,b'\x11\xe8\xe1I\xc7\x15\x93\xac\xaf\x82\x12\xdf\x17\xaeN\x1e'
11E8E149-C715-93AC-AF82-12DF17AE4E1E,2018-ncaa-d1-conf-Big South,ncaa,7,6,7,7,8,9,10,10,6,9,9,7,2,2,3,2,10,9,10,9,3,10,10,5,6,8,2,2,9,9,5,4,4,8,4,5,2,4,8,6,10,10,4,4,,,2,6,,,5,10,10,2,9,10,10,9,9,2,2,10,9,9,10,10,9,3,6,5,6,10,4,,2,,,5,1,2,1,3,2,2,3,2,1,3,1,2,6,1,7,6,1,1,3,3,3,4,2,7,3,4,3,5,3,4,2,3,10,9,6,9,9,1,6,,,8,5,,,5,1,8,3,5,3,3,3,3,5,2,1,3,7,7,3,1,6,4,4,2,10,9,4,,8,,,b'\x11\xe8\xe1I\xc7\x15\x93\xac\xaf\x82\x12\xdf\x17\xaeN\x1e'
11E8E149-C715-93AC-AF82-12DF17AE4E1E,2018-ncaa-d1-natl,ncaa,186,162,213,185,225,323,320,330,264,335,336,237,161,148,188,62,324,304,318,299,126,332,342,217,259,263,73,59,255,258,179,159,56,206,82,235,52,90,245,192,327,295,207,199,,,56,227,,,124,344,348,49,328,324,335,336,332,138,113,322,294,291,334,341,234,94,142,227,133,323,198,,108,,,121,1,2,15,6,13,103,11,2,5,7,16,70,137,11,136,178,17,6,4,5,16,66,21,286,37,56,48,179,27,82,1,25,320,248,70,94,218,84,242,,,270,94,,,124,6,252,17,112,3,5,27,23,157,2,9,113,178,178,36,8,76,87,68,5,311,131,118,,237,,,b'\x11\xe8\xe1I\xc7\x15\x93\xac\xaf\x82\x12\xdf\x17\xaeN\x1e'
11E8E149-C715-93AC-AF82-12DF17AE4E1E,2019-ncaa-d0-natl,ncaa,78,109,26,104,36,164,199,96,302,253,191,301,86,55,230,75,122,81,288,78,57,89,65,283,285,274,43,76,107,96,209,32,47,44,116,183,171,309,221,258,270,309,36,90,,,257,187,,,149,67,267,226,287,310,265,326,296,125,96,207,151,152,253,234,172,59,85,272,213,320,51,,136,,,150,144,134,263,31,270,339,20,4,10,13,2,318,314,237,315,151,277,273,9,17,33,16,2,332,170,47,337,209,314,116,43,29,142,202,50,342,309,320,320,,,66,120,,,149,283,269,27,152,28,22,72,144,311,1,2,264,253,254,91,69,71,247,179,15,240,289,277,,154,,,b'\x11\xe8\xe1I\xc7\x15\x93\xac\xaf\x82\x12\xdf\x17\xaeN\x1e'
11E8E149-C715-93AC-AF82-12DF17AE4E1E,2019-ncaa-d1-conf-Big South,ncaa,3,5,1,5,1,6,7,3,11,10,9,10,1,1,8,2,5,4,10,4,2,2,2,10,10,9,2,3,6,6,9,2,1,2,4,4,5,7,5,5,10,11,1,3,,,7,5,,,6,2,9,10,9,10,8,10,10,3,2,8,8,8,9,9,7,2,4,8,4,11,3,,3,,,6,3,5,10,2,8,11,2,1,1,2,1,9,7,9,7,4,11,10,2,2,3,3,1,11,2,1,11,9,11,4,3,3,8,10,6,10,9,10,10,,,1,4,,,6,11,8,2,6,2,2,3,5,11,1,1,6,5,5,2,1,1,8,4,2,11,9,5,,8,,,b'\x11\xe8\xe1I\xc7\x15\x93\xac\xaf\x82\x12\xdf\x17\xaeN\x1e'
11E8E149-C715-93AC-AF82-12DF17AE4E1E,2019-ncaa-d1-natl,ncaa,61,108,11,98,13,127,162,65,305,248,168,301,66,38,223,69,101,59,296,60,49,56,40,278,278,266,35,58,117,65,199,22,38,23,105,155,153,318,215,247,244,296,23,75,,,288,191,,,130,34,257,235,282,305,253,328,300,112,84,199,146,143,231,224,158,55,79,265,209,301,46,,146,,,132,170,147,290,21,286,344,16,1,11,8,3,324,314,242,318,147,315,310,8,13,24,15,2,332,203,38,347,199,334,105,51,32,101,195,44,342,292,321,314,,,43,128,,,130,317,267,23,131,19,19,70,138,312,1,2,259,246,247,91,78,63,256,180,14,227,281,255,,159,,,b'\x11\xe8\xe1I\xc7\x15\x93\xac\xaf\x82\x12\xdf\x17\xaeN\x1e'
11E8E149-C715-93AC-AF82-12DF17AE4E1E,2020-ncaa-d0-natl,ncaa,81,42,312,58,314,320,338,337,274,346,348,170,132,88,266,21,295,277,266,280,38,338,342,219,231,224,32,40,173,221,141,219,22,222,61,266,80,54,188,168,302,225,337,323,,,35,215,,,88,346,341,93,282,319,306,338,340,90,42,260,227,228,304,318,160,89,101,221,134,264,330,,98,,,79,3,2,8,25,16,48,25,2,8,13,38,62,68,166,64,151,5,4,12,17,15,78,28,297,8,22,45,141,15,61,1,3,255,104,8,150,274,94,294,,,223,27,,,88,6,197,11,64,5,5,16,39,139,2,13,136,134,126,11,10,23,134,66,1,198,233,148,,101,,,b'\x11\xe8\xe1I\xc7\x15\x93\xac\xaf\x82\x12\xdf\x17\xaeN\x1e'
11E8E149-C715-93AC-AF82-12DF17AE4E1E,2020-ncaa-d1-conf-Big South,ncaa,1,1,7,1,7,9,10,11,8,10,10,2,3,2,8,2,9,7,9,8,2,11,11,4,6,5,3,2,7,5,2,6,3,5,3,6,2,3,6,6,7,6,10,10,,,2,6,,,1,11,11,1,7,9,10,10,10,3,2,9,6,6,9,10,5,5,4,6,4,7,10,,4,,,1,1,1,1,2,2,4,2,1,2,1,2,4,4,6,4,4,1,1,1,2,1,2,2,9,2,3,1,2,1,3,1,1,6,4,1,9,11,5,10,,,1,1,,,1,1,4,1,1,1,1,1,2,6,1,2,4,4,4,1,1,3,1,2,1,5,10,5,,1,,,b'\x11\xe8\xe1I\xc7\x15\x93\xac\xaf\x82\x12\xdf\x17\xaeN\x1e'
11E8E149-C715-93AC-AF82-12DF17AE4E1E,2020-ncaa-d1-natl,ncaa,60,42,257,52,270,273,305,314,243,334,344,130,81,54,225,20,264,252,250,251,35,314,322,162,175,179,28,29,185,197,137,163,17,187,59,215,78,73,178,143,240,168,332,319,,,59,203,,,55,339,337,97,249,285,304,332,341,66,34,244,210,210,292,313,166,105,112,185,118,221,327,,89,,,51,3,5,9,26,20,73,24,3,8,31,42,78,84,178,77,133,5,12,17,22,15,85,36,282,12,17,75,137,27,59,2,4,197,76,9,190,267,93,264,,,176,39,,,55,16,167,11,43,4,4,14,29,114,4,13,117,112,105,10,11,15,115,46,2,158,222,117,,124,,,b'\x11\xe8\xe1I\xc7\x15\x93\xac\xaf\x82\x12\xdf\x17\xaeN\x1e'
11E8E149-C715-93AC-AF82-12DF17AE4E1E,2021-ncaa-d0-natl,ncaa,60,60,136,58,136,181,161,144,218,182,156,228,104,104,137,100,284,256,323,262,307,160,166,195,238,214,156,76,331,85,102,91,43,83,54,135,138,153,142,134,143,128,60,60,,,138,120,,,56,186,331,10,256,198,174,237,202,112,114,333,311,314,225,269,95,68,50,164,106,167,68,,61,,,53,84,84,144,14,102,183,17,65,92,23,80,124,146,38,147,132,147,159,11,12,9,104,73,233,128,43,204,102,177,54,28,7,123,92,2,192,180,202,189,,,199,247,,,56,166,182,7,45,5,6,43,29,124,21,44,68,102,103,33,33,66,168,106,1,136,158,178,,275,,,b'\x11\xe8\xe1I\xc7\x15\x93\xac\xaf\x82\x12\xdf\x17\xaeN\x1e'
11E8E149-C715-93AC-AF82-12DF17AE4E1E,2021-ncaa-d1-conf-Big South,ncaa,2,2,8,2,9,7,5,6,4,8,8,5,4,5,2,3,11,11,8,11,11,9,10,3,5,3,7,2,11,6,4,9,1,8,2,3,4,2,6,2,4,4,3,2,,,1,2,,,2,10,11,2,7,4,5,5,7,3,3,11,11,11,8,9,4,5,4,2,3,4,2,,1,,,2,2,2,3,1,2,2,1,2,3,2,4,2,3,4,3,6,2,2,2,2,1,4,4,6,3,1,3,4,3,2,1,2,7,4,1,2,6,7,8,,,10,10,,,2,2,3,1,2,1,1,3,1,5,2,3,3,3,4,2,1,3,2,2,1,4,5,9,,11,,,b'\x11\xe8\xe1I\xc7\x15\x93\xac\xaf\x82\x12\xdf\x17\xaeN\x1e'
11E8E149-C715-93AC-AF82-12DF17AE4E1E,2021-ncaa-d1-natl,ncaa,62,60,152,61,152,196,177,158,226,197,170,235,114,117,140,99,291,268,323,271,309,180,190,203,244,217,149,74,333,96,108,106,46,103,63,153,142,140,145,138,155,134,64,63,,,120,121,,,60,207,331,10,262,205,180,245,210,115,118,333,313,315,234,274,98,70,60,172,109,176,68,,61,,,58,81,79,129,15,96,170,18,61,89,25,78,113,136,40,137,133,132,143,12,13,9,102,72,235,117,46,188,108,163,63,23,7,140,97,3,180,188,197,201,,,212,248,,,60,148,187,7,47,5,7,42,30,126,19,43,70,107,108,34,33,69,171,109,1,143,162,183,,276,,,b'\x11\xe8\xe1I\xc7\x15\x93\xac\xaf\x82\x12\xdf\x17\xaeN\x1e'
11E8E149-C715-93AC-AF82-12DF17AE4E1E,2022-ncaa-d0-natl,ncaa,79,35,216,55,232,246,253,297,130,311,337,103,78,95,87,29,299,295,239,296,104,298,293,78,97,147,37,26,276,268,189,286,151,292,163,136,16,162,265,128,172,95,181,136,,,34,107,,,89,297,343,116,250,260,333,330,348,59,62,293,286,288,338,342,259,312,320,95,197,147,170,,44,,,88,25,34,33,171,74,78,187,6,14,33,57,71,113,18,116,216,30,55,122,113,43,51,38,215,50,151,40,189,31,163,28,137,126,32,35,177,275,66,224,,,233,87,,,89,65,163,40,81,14,26,14,107,74,10,17,92,137,139,12,20,69,45,37,51,84,217,73,,201,,,b'\x11\xe8\xe1I\xc7\x15\x93\xac\xaf\x82\x12\xdf\x17\xaeN\x1e'
11E8E149-C715-93AC-AF82-12DF17AE4E1E,2022-ncaa-d1-conf-Big South,ncaa,2,2,1,2,1,4,6,5,5,7,9,6,2,3,3,2,8,9,6,9,6,6,4,4,4,6,1,1,9,3,4,7,10,3,4,3,1,7,8,4,6,6,3,3,,,5,2,,,4,5,12,1,6,8,9,10,12,2,4,10,9,9,10,11,4,10,9,3,7,6,4,,1,,,4,2,2,4,3,5,7,3,1,2,1,4,6,6,5,6,8,5,8,3,3,3,1,1,8,10,10,4,4,6,4,2,4,3,4,3,6,7,8,8,,,4,4,,,4,8,5,3,4,1,1,1,2,3,1,1,5,5,5,1,1,7,1,2,2,6,6,6,,7,,,b'\x11\xe8\xe1I\xc7\x15\x93\xac\xaf\x82\x12\xdf\x17\xaeN\x1e'
11E8E149-C715-93AC-AF82-12DF17AE4E1E,2022-ncaa-d1-natl,ncaa,48,35,100,41,122,153,164,210,87,235,305,47,57,62,93,33,237,213,261,218,70,211,205,51,67,105,50,37,267,164,118,210,121,193,107,56,13,223,235,100,104,77,132,110,,,92,111,,,41,215,324,135,186,196,307,287,343,55,58,263,243,246,301,308,197,276,269,43,185,126,144,,60,,,41,37,50,63,107,107,118,153,9,44,13,73,106,175,14,177,220,64,133,71,66,14,57,36,234,80,121,79,118,70,107,36,123,45,20,17,234,251,62,163,,,113,60,,,41,153,103,12,28,9,13,14,72,63,9,25,94,136,136,11,34,65,33,28,24,47,210,41,,137,,,b'\x11\xe8\xe1I\xc7\x15\x93\xac\xaf\x82\x12\xdf\x17\xaeN\x1e'
11E8E149-C715-93AC-AF82-12DF17AE4E1E,2023-ncaa-d0-natl,ncaa,181,160,236,183,279,319,312,336,222,337,353,166,131,119,180,26,348,314,358,314,104,339,305,162,220,289,61,25,340,156,57,154,15,146,11,247,100,325,355,308,303,260,100,68,,,64,179,,,134,319,333,291,327,321,347,344,353,97,85,353,306,310,350,298,131,72,70,235,336,296,73,,89,,,131,5,6,37,16,19,107,8,13,17,86,39,62,59,202,54,92,26,29,13,18,18,116,76,264,13,15,14,57,5,11,8,93,254,138,38,306,340,42,217,,,296,239,,,134,41,275,15,130,7,6,34,22,149,15,15,94,90,88,21,11,24,24,10,15,217,322,59,,286,,,b'\x11\xe8\xe1I\xc7\x15\x93\xac\xaf\x82\x12\xdf\x17\xaeN\x1e'
11E8E149-C715-93AC-AF82-12DF17AE4E1E,2023-ncaa-d1-conf-Big South,ncaa,3,3,3,3,4,6,6,9,5,10,10,5,4,3,4,2,9,7,10,7,1,8,8,5,5,6,1,2,8,2,2,3,1,1,1,4,2,9,9,5,8,8,1,1,,,1,3,,,4,9,10,5,6,7,10,10,10,4,3,9,7,7,10,8,2,4,1,4,8,8,1,,1,,,4,1,1,2,1,3,8,1,1,1,3,1,5,2,10,2,1,2,2,1,1,1,5,3,8,1,1,1,2,1,1,3,9,9,7,6,8,8,6,9,,,6,6,,,4,2,5,1,3,1,1,1,2,8,1,1,4,2,2,1,1,1,1,1,3,9,8,6,,6,,,b'\x11\xe8\xe1I\xc7\x15\x93\xac\xaf\x82\x12\xdf\x17\xaeN\x1e'
11E8E149-C715-93AC-AF82-12DF17AE4E1E,2023-ncaa-d1-natl,ncaa,167,160,151,172,205,280,265,308,194,317,349,100,108,80,192,26,346,301,359,303,111,315,254,139,198,271,71,28,344,125,52,88,23,97,11,199,92,334,349,290,288,265,64,58,,,78,157,,,103,298,318,291,307,285,334,332,352,92,75,352,309,308,343,283,117,49,53,198,334,297,52,,84,,,103,5,7,60,8,29,186,6,12,22,62,32,66,72,167,68,75,48,49,6,7,10,91,64,257,42,23,19,52,10,11,11,88,221,148,39,315,332,48,188,,,261,241,,,103,64,256,9,96,5,5,50,27,201,11,14,77,83,81,30,19,39,27,14,14,216,314,46,,279,,,b'\x11\xe8\xe1I\xc7\x15\x93\xac\xaf\x82\x12\xdf\x17\xaeN\x1e'
11E8E149-C715-93AC-AF82-12DF17AE4E1E,2024-ncaa-d0-natl,ncaa,171,127,258,160,274,301,300,343,136,323,349,99,156,169,152,52,335,320,317,320,137,348,338,109,137,202,81,52,307,299,193,194,35,246,53,231,113,205,332,247,334,298,163,147,,,13,60,,,153,336,348,171,302,289,354,325,348,130,124,332,304,304,353,340,286,117,200,212,263,324,145,,26,,,150,8,22,51,66,66,114,77,16,35,22,80,28,29,104,29,67,36,20,42,34,72,38,63,143,13,35,14,193,8,53,8,19,343,281,128,106,241,63,243,,,290,136,,,153,27,221,55,143,18,46,70,111,175,15,46,56,65,69,45,11,27,28,16,12,331,167,92,,264,,,b'\x11\xe8\xe1I\xc7\x15\x93\xac\xaf\x82\x12\xdf\x17\xaeN\x1e'
11E8E149-C715-93AC-AF82-12DF17AE4E1E,2024-ncaa-d1-conf-CAA,ncaa,8,8,3,8,6,8,8,11,5,11,13,2,5,3,6,1,12,11,9,11,6,13,12,4,3,5,2,2,10,11,10,6,1,9,4,5,4,9,11,9,13,13,5,7,,,3,3,,,9,12,14,7,9,10,13,13,14,6,5,11,11,11,13,13,13,7,10,7,7,14,6,,2,,,9,7,6,6,7,8,8,6,4,2,8,4,4,4,5,4,5,4,3,7,6,11,3,5,3,1,1,3,10,3,4,2,1,12,13,11,7,10,6,10,,,9,5,,,9,3,7,10,9,5,5,4,10,8,3,2,4,3,4,3,1,1,2,1,1,13,6,6,,11,,,b'\x11\xe8\xe1I\xc7\x15\x93\xac\xaf\x82\x12\xdf\x17\xaeN\x1e'
11E8E149-C715-93AC-AF82-12DF17AE4E1E,2024-ncaa-d1-natl,ncaa,155,129,194,152,222,253,237,324,101,291,344,68,114,120,115,50,335,314,320,314,170,330,318,82,107,176,93,50,332,263,163,129,32,184,37,170,90,233,319,209,328,297,135,144,,,19,56,,,110,319,336,189,262,241,345,304,344,96,99,336,313,316,345,331,260,77,152,156,254,328,129,,24,,,103,11,30,89,33,74,172,48,11,38,11,68,26,37,85,38,54,62,33,16,13,36,20,49,136,25,32,16,163,13,37,9,21,327,280,119,148,239,68,223,,,290,189,,,110,45,177,33,95,8,37,98,99,212,11,42,48,51,52,58,20,36,26,17,12,327,168,82,,284,,,b'\x11\xe8\xe1I\xc7\x15\x93\xac\xaf\x82\x12\xdf\x17\xaeN\x1e'
11E8E149-C715-93AC-AF82-12DF17AE4E1E,2025-ncaa-d0-natl,genius_ncaa,96,113,54,109,71,119,101,78,174,109,122,112,128,64,265,109,262,197,344,187,228,84,107,172,217,155,221,151,326,79,138,88,98,73,135,103,144,79,55,73,136,147,181,221,,,58,28,,143,112,128,283,232,180,132,120,156,198,161,92,318,260,254,145,238,121,142,120,134,45,173,222,,25,,102,112,163,190,239,122,194,253,93,190,193,208,158,88,87,159,87,63,219,231,118,106,102,135,210,81,165,98,295,138,265,135,145,107,116,134,112,86,62,53,44,,,205,294,,121,112,237,127,94,108,67,91,113,105,150,134,104,49,56,53,69,67,99,212,167,81,167,58,36,,305,,155,b'\x11\xe8\xe1I\xc7\x15\x93\xac\xaf\x82\x12\xdf\x17\xaeN\x1e'
11E8E149-C715-93AC-AF82-12DF17AE4E1E,2025-ncaa-d1-conf-CAA,genius_ncaa,3,3,2,3,2,3,2,3,3,2,5,2,3,2,4,5,8,5,12,4,6,3,4,3,4,1,7,5,13,4,7,4,3,3,4,3,5,3,2,1,5,6,8,9,,,6,5,,4,3,4,9,12,3,2,3,4,9,3,3,9,7,7,3,10,7,6,6,4,2,7,8,,5,,4,3,8,7,9,5,6,11,3,9,6,13,4,6,5,12,5,3,9,8,5,5,7,11,11,5,4,3,11,7,6,4,4,2,4,6,4,3,2,4,5,,,6,9,,5,3,11,2,4,3,4,7,5,4,6,6,3,6,5,5,5,4,2,6,2,1,6,2,4,,9,,5,b'\x11\xe8\xe1I\xc7\x15\x93\xac\xaf\x82\x12\xdf\x17\xaeN\x1e'
11E8E149-C715-93AC-AF82-12DF17AE4E1E,2025-ncaa-d1-natl,genius_ncaa,107,113,72,115,88,137,121,95,185,130,150,133,145,81,269,109,279,217,344,207,227,105,135,177,225,164,215,149,323,100,150,111,106,96,145,121,147,68,57,79,157,159,207,229,,,47,30,,130,122,163,288,228,196,145,127,172,207,167,92,318,261,259,159,249,132,148,132,142,48,186,225,,26,,107,123,137,173,209,130,172,231,104,178,168,214,155,71,70,165,68,63,183,197,132,121,115,135,211,79,143,106,278,150,235,145,131,110,144,142,125,76,67,46,47,,,229,292,,131,122,203,134,107,115,71,105,113,107,154,140,104,51,57,55,76,67,105,220,170,89,179,56,37,,305,,154,b'\x11\xe8\xe1I\xc7\x15\x93\xac\xaf\x82\x12\xdf\x17\xaeN\x1e'
11E8E149-C715-93AC-AF82-12DF17AE4E1E,2026-ncaa-d0-natl,genius_ncaa,163,198,116,199,120,167,165,190,144,127,153,130,252,229,273,257,153,126,306,127,134,181,177,173,187,198,292,290,154,104,33,254,333,198,183,213,297,248,234,245,201,223,75,51,,,226,247,,293,152,196,328,41,216,196,267,142,174,283,274,179,132,139,238,230,106,336,271,265,216,228,64,,212,,295,155,153,100,142,70,79,167,37,196,134,288,114,279,288,137,292,301,172,183,92,114,89,329,231,331,309,333,73,33,157,183,203,325,107,79,127,246,248,107,89,,,128,116,,157,152,163,179,136,161,92,40,42,40,103,156,82,272,282,288,97,128,303,19,101,161,99,240,82,,145,,182,b'\x11\xe8\xe1I\xc7\x15\x93\xac\xaf\x82\x12\xdf\x17\xaeN\x1e'
11E8E149-C715-93AC-AF82-12DF17AE4E1E,2026-ncaa-d1-natl,genius_ncaa,110,195,13,183,18,78,69,50,152,61,38,172,140,133,194,246,102,60,312,64,171,44,42,180,203,188,261,238,191,8,8,142,290,46,74,123,276,282,159,203,139,199,47,63,,,232,111,,279,73,75,310,73,173,154,142,113,119,225,229,174,124,130,141,143,21,296,127,213,173,218,71,,103,,217,84,195,161,242,48,149,273,30,182,190,173,102,287,307,143,303,244,263,298,42,62,44,255,165,301,324,290,153,8,237,74,211,250,38,67,73,295,191,208,107,,,65,180,,162,73,289,120,61,85,41,22,46,33,123,72,64,199,213,214,66,106,244,18,74,81,90,195,137,,168,,225,b'\x11\xe8\xe1I\xc7\x15\x93\xac\xaf\x82\x12\xdf\x17\xaeN\x1e'
11E8E149-C719-DEDA-AF82-12DF17AE4E1E,2010-ncaa-d0-natl,ncaa,219,251,122,243,125,265,265,188,317,326,299,330,39,37,113,17,321,335,100,335,311,234,246,273,285,257,13,7,312,260,300,222,183,246,297,207,83,111,170,179,165,132,288,272,,,220,288,,,218,230,313,11,305,306,226,339,322,38,33,330,339,341,286,305,284,276,305,223,101,179,295,,222,,,216,60,50,96,96,33,43,121,218,238,146,295,116,118,159,118,219,85,114,125,135,89,288,284,187,118,183,270,300,220,297,147,270,137,75,119,168,217,182,279,,,330,333,,,218,112,270,93,216,48,38,37,28,19,216,245,107,105,106,31,49,109,269,227,132,143,157,184,,340,,,b'\x11\xe8\xe1I\xc7\x19\xde\xda\xaf\x82\x12\xdf\x17\xaeN\x1e'
11E8E149-C719-DEDA-AF82-12DF17AE4E1E,2010-ncaa-d1-conf-MAAC,ncaa,8,9,3,9,3,5,6,4,9,9,8,9,1,1,4,1,7,7,8,7,4,4,4,7,8,7,1,1,7,6,9,7,7,7,8,6,4,6,5,6,7,7,9,8,,,10,9,,,7,4,4,1,6,6,4,10,9,1,1,7,7,8,4,5,6,7,8,7,4,7,10,,10,,,7,7,4,3,5,3,3,6,9,8,7,8,9,9,4,9,9,4,6,7,7,8,9,8,9,5,7,10,9,9,8,7,9,4,5,5,2,4,7,9,,,6,7,,,7,7,8,6,7,7,4,2,3,3,9,8,9,8,8,5,6,6,9,9,7,5,3,8,,8,,,b'\x11\xe8\xe1I\xc7\x19\xde\xda\xaf\x82\x12\xdf\x17\xaeN\x1e'
11E8E149-C719-DEDA-AF82-12DF17AE4E1E,2010-ncaa-d1-natl,ncaa,228,251,134,245,137,281,282,203,318,334,315,332,44,41,115,17,325,339,100,339,313,254,270,278,287,262,13,6,312,271,304,244,187,266,302,217,88,95,172,183,178,139,294,272,,,207,288,,,222,249,318,12,308,311,227,340,322,40,34,333,341,342,288,306,286,278,308,233,102,189,297,,222,,,219,51,35,72,105,29,29,126,209,229,149,293,110,109,160,109,219,59,96,132,138,101,289,283,187,104,187,260,304,206,302,138,271,155,78,127,154,220,177,281,,,337,334,,,222,94,276,103,221,52,43,39,29,19,216,246,111,106,107,32,48,108,271,226,135,148,158,183,,341,,,b'\x11\xe8\xe1I\xc7\x19\xde\xda\xaf\x82\x12\xdf\x17\xaeN\x1e'
11E8E149-C719-DEDA-AF82-12DF17AE4E1E,2011-ncaa-d0-natl,ncaa,229,264,119,252,142,281,296,271,307,311,288,303,177,151,241,94,199,218,141,213,95,270,239,284,270,285,54,96,85,216,220,113,142,159,164,194,16,263,296,234,298,303,166,152,,,287,328,,,254,247,306,192,320,329,320,330,308,184,150,223,243,241,318,305,250,129,196,197,243,315,177,,282,,,244,90,42,106,40,42,97,40,135,167,112,188,269,299,59,292,306,146,114,44,71,130,302,184,317,187,142,144,220,167,164,104,245,271,259,207,304,323,241,304,,,204,144,,,254,95,294,148,252,80,36,72,36,62,126,153,264,283,278,117,51,173,134,148,98,293,290,230,,239,,,b'\x11\xe8\xe1I\xc7\x19\xde\xda\xaf\x82\x12\xdf\x17\xaeN\x1e'
11E8E149-C719-DEDA-AF82-12DF17AE4E1E,2011-ncaa-d1-conf-MAAC,ncaa,6,7,3,7,4,5,6,5,6,10,7,5,5,5,6,4,8,5,6,5,5,5,6,5,5,7,4,4,5,4,5,3,5,4,3,2,1,7,8,6,8,9,3,3,,,8,10,,,7,6,5,7,7,6,6,10,8,5,5,8,6,6,6,4,4,4,5,3,6,9,3,,8,,,7,5,5,4,4,4,3,3,3,3,3,3,8,9,5,9,9,6,4,4,5,6,7,3,10,5,5,6,5,5,3,4,6,7,7,7,7,8,8,10,,,7,9,,,7,5,7,7,7,6,4,4,4,4,3,3,7,9,9,5,5,3,4,5,5,6,7,8,,6,,,b'\x11\xe8\xe1I\xc7\x19\xde\xda\xaf\x82\x12\xdf\x17\xaeN\x1e'
11E8E149-C719-DEDA-AF82-12DF17AE4E1E,2011-ncaa-d1-natl,ncaa,242,262,132,255,163,293,307,296,308,318,305,307,187,158,239,92,217,233,139,230,95,295,273,287,272,288,50,94,79,237,224,137,147,191,175,208,16,253,298,235,308,310,173,154,,,272,329,,,260,275,306,190,321,331,321,331,313,185,151,228,245,242,320,306,251,133,204,202,242,321,180,,284,,,257,68,31,86,45,29,78,41,122,153,115,189,260,292,64,286,306,121,81,49,75,138,301,184,316,171,147,123,224,141,175,90,244,288,263,218,298,326,232,308,,,227,145,,,260,67,298,154,260,85,37,74,38,63,128,152,268,285,282,121,52,173,136,150,104,296,290,233,,241,,,b'\x11\xe8\xe1I\xc7\x19\xde\xda\xaf\x82\x12\xdf\x17\xaeN\x1e'
11E8E149-C719-DEDA-AF82-12DF17AE4E1E,2012-ncaa-d0-natl,ncaa,221,228,163,229,177,248,275,313,168,327,327,205,73,126,31,45,193,276,7,279,83,315,291,97,60,170,18,29,109,303,208,247,269,285,208,100,3,272,325,170,318,321,200,147,,,150,227,,,242,278,300,99,265,301,336,334,332,65,109,188,284,284,334,314,308,253,305,70,285,319,205,,168,,,238,148,90,103,138,50,35,208,274,299,122,321,235,203,272,204,305,119,91,185,209,238,326,295,269,209,269,16,208,51,208,170,263,266,246,255,336,339,35,192,,,257,144,,,242,69,201,264,245,183,123,116,61,25,277,314,257,234,235,143,91,241,18,68,198,273,332,49,,256,,,b'\x11\xe8\xe1I\xc7\x19\xde\xda\xaf\x82\x12\xdf\x17\xaeN\x1e'
11E8E149-C719-DEDA-AF82-12DF17AE4E1E,2012-ncaa-d1-conf-MAAC,ncaa,8,8,7,8,7,7,9,10,4,10,10,4,4,4,2,2,5,9,1,9,2,10,9,3,2,4,1,3,5,10,6,7,9,9,5,3,1,10,10,7,10,10,6,6,,,6,7,,,8,9,8,3,6,9,9,10,10,2,3,4,8,8,9,8,8,4,8,3,10,10,6,,7,,,8,8,6,6,6,4,2,8,9,10,4,9,8,8,6,8,9,7,3,7,6,9,10,8,8,7,9,1,6,2,5,6,5,10,10,10,10,10,3,8,,,9,3,,,8,2,6,10,8,9,8,8,7,4,10,10,8,8,8,9,5,8,1,3,7,10,10,4,,6,,,b'\x11\xe8\xe1I\xc7\x19\xde\xda\xaf\x82\x12\xdf\x17\xaeN\x1e'
11E8E149-C719-DEDA-AF82-12DF17AE4E1E,2012-ncaa-d1-natl,ncaa,234,227,196,238,217,268,296,329,174,334,334,215,82,134,32,45,210,292,6,293,82,331,316,104,66,173,17,28,109,319,218,272,272,308,216,115,3,260,325,176,327,324,214,155,,,125,231,,,247,303,302,90,269,304,339,335,332,68,109,195,287,286,336,314,315,258,307,74,282,323,208,,174,,,247,130,72,78,142,41,22,211,267,292,131,319,220,188,275,188,306,97,63,186,214,244,324,294,270,191,272,11,218,36,216,156,266,283,253,258,333,339,32,195,,,274,142,,,247,40,210,266,254,189,129,121,66,27,282,313,264,237,236,147,91,241,18,69,208,276,334,48,,261,,,b'\x11\xe8\xe1I\xc7\x19\xde\xda\xaf\x82\x12\xdf\x17\xaeN\x1e'
11E8E149-C719-DEDA-AF82-12DF17AE4E1E,2013-ncaa-d0-natl,ncaa,212,244,120,231,150,225,239,171,294,299,251,314,67,70,80,58,244,302,21,296,277,200,208,248,239,232,38,35,217,152,153,178,260,159,207,127,20,142,170,122,311,317,99,69,,,188,227,,,204,227,280,177,261,277,203,319,274,63,78,271,313,311,244,258,159,202,184,118,139,314,99,,180,,,202,134,73,165,54,43,94,47,256,261,188,271,256,243,209,245,280,178,152,78,100,152,325,290,265,261,260,177,153,227,207,147,245,234,249,212,219,244,139,184,,,301,317,,,204,123,204,195,205,121,71,126,39,64,267,264,246,241,241,152,110,254,168,214,142,266,205,138,,320,,,b'\x11\xe8\xe1I\xc7\x19\xde\xda\xaf\x82\x12\xdf\x17\xaeN\x1e'
11E8E149-C719-DEDA-AF82-12DF17AE4E1E,2013-ncaa-d1-conf-MAAC,ncaa,6,6,3,6,5,5,4,2,8,9,6,8,3,2,3,3,4,5,2,5,6,4,5,6,6,4,2,1,4,3,4,3,6,2,8,4,5,4,3,4,9,10,4,2,,,8,7,,,5,7,5,5,5,6,4,10,6,3,3,4,6,6,4,5,3,2,2,5,3,9,4,,8,,,5,6,5,9,3,4,6,4,7,7,4,6,7,8,4,8,7,9,6,4,4,5,7,7,7,8,6,9,4,8,8,4,5,8,8,4,4,3,6,7,,,6,7,,,5,4,5,7,5,5,4,7,4,5,6,6,7,7,7,7,5,8,7,8,4,8,3,5,,6,,,b'\x11\xe8\xe1I\xc7\x19\xde\xda\xaf\x82\x12\xdf\x17\xaeN\x1e'
11E8E149-C719-DEDA-AF82-12DF17AE4E1E,2013-ncaa-d1-natl,ncaa,221,243,136,240,175,245,259,197,299,315,268,319,70,76,82,58,257,310,20,306,274,226,235,253,244,234,38,35,213,170,159,197,267,178,218,137,23,124,170,124,320,318,103,73,,,172,230,,,208,256,283,169,267,281,209,320,276,62,78,272,315,314,253,260,161,205,188,122,142,319,99,,182,,,208,119,60,144,57,34,74,48,252,251,190,269,242,236,207,238,280,159,122,85,106,162,324,286,266,250,267,160,159,210,218,141,245,255,257,219,205,243,136,187,,,314,316,,,208,93,211,201,211,123,75,129,40,65,265,262,247,243,241,153,110,253,174,217,145,271,206,143,,319,,,b'\x11\xe8\xe1I\xc7\x19\xde\xda\xaf\x82\x12\xdf\x17\xaeN\x1e'
11E8E149-C719-DEDA-AF82-12DF17AE4E1E,2014-ncaa-d0-natl,ncaa,197,205,180,207,219,305,287,314,182,285,296,172,193,200,174,109,323,322,220,322,266,324,317,170,188,252,159,111,283,320,312,224,148,294,236,167,23,190,303,181,329,319,128,76,,,35,84,,,255,298,322,191,317,300,336,286,299,184,185,325,324,324,338,327,329,215,312,140,229,328,118,,47,,,256,58,66,96,116,19,21,99,299,273,284,333,51,53,136,48,141,65,50,185,157,191,330,340,81,99,148,91,312,81,236,122,232,274,222,233,244,315,167,277,,,303,183,,,255,47,288,198,264,81,79,99,20,18,322,306,57,63,55,61,31,130,120,108,156,274,254,190,,308,,,b'\x11\xe8\xe1I\xc7\x19\xde\xda\xaf\x82\x12\xdf\x17\xaeN\x1e'
11E8E149-C719-DEDA-AF82-12DF17AE4E1E,2014-ncaa-d1-conf-MAAC,ncaa,6,5,7,6,8,10,10,10,6,9,8,6,9,8,9,7,7,7,8,7,9,10,8,8,8,8,10,10,6,7,6,8,9,8,7,8,5,7,10,8,9,9,5,1,,,4,5,,,7,9,8,2,10,10,9,7,7,9,8,7,7,7,10,7,6,6,7,7,9,9,4,,4,,,7,3,2,4,4,1,2,4,8,9,9,10,4,4,2,4,6,4,3,5,3,4,9,11,5,5,9,1,6,3,7,2,8,8,6,5,9,10,9,8,,,7,6,,,7,4,9,5,7,3,3,5,1,2,9,9,4,5,5,6,3,7,2,4,3,6,10,9,,7,,,b'\x11\xe8\xe1I\xc7\x19\xde\xda\xaf\x82\x12\xdf\x17\xaeN\x1e'
11E8E149-C719-DEDA-AF82-12DF17AE4E1E,2014-ncaa-d1-natl,ncaa,211,204,211,214,262,313,305,330,186,296,310,176,201,209,179,107,329,328,216,329,264,333,328,174,193,257,158,110,285,331,312,253,154,312,243,186,24,174,307,183,338,322,133,79,,,24,88,,,264,322,323,184,319,304,336,289,301,187,184,326,325,324,338,329,331,221,314,151,227,329,120,,47,,,265,48,53,67,123,11,14,105,294,265,287,333,40,44,138,35,142,42,29,191,163,200,330,340,83,86,154,74,312,62,243,113,230,293,231,238,227,318,154,284,,,317,184,,,264,25,292,205,273,85,89,98,20,18,323,306,57,63,56,61,31,132,123,110,156,275,255,196,,309,,,b'\x11\xe8\xe1I\xc7\x19\xde\xda\xaf\x82\x12\xdf\x17\xaeN\x1e'
11E8E149-C719-DEDA-AF82-12DF17AE4E1E,2015-ncaa-d0-natl,ncaa,253,267,172,262,205,222,216,271,112,211,205,224,162,266,6,233,237,237,194,234,204,264,266,111,122,149,154,138,210,285,254,316,314,318,305,231,212,156,229,210,180,151,270,246,,,112,150,,,234,252,281,120,227,219,293,224,210,159,261,234,242,242,294,293,288,336,332,230,177,175,273,,123,,,234,164,158,100,272,133,52,308,235,241,165,295,159,123,309,123,220,86,103,289,291,253,232,257,151,195,314,91,254,119,305,256,305,163,128,237,183,239,223,253,,,190,94,,,234,89,179,272,239,191,197,91,158,45,250,263,164,132,134,80,99,220,109,147,277,150,198,235,,174,,,b'\x11\xe8\xe1I\xc7\x19\xde\xda\xaf\x82\x12\xdf\x17\xaeN\x1e'
11E8E149-C719-DEDA-AF82-12DF17AE4E1E,2015-ncaa-d1-conf-MAAC,ncaa,8,7,8,8,9,6,7,11,3,7,8,5,5,7,1,6,5,5,8,6,4,10,9,4,4,4,5,5,6,10,10,10,10,11,10,7,10,6,7,7,6,5,10,9,,,5,6,,,6,8,5,4,4,4,7,5,7,5,6,4,4,4,7,7,10,10,11,7,6,5,9,,6,,,6,4,5,3,10,5,3,10,4,4,5,6,6,6,9,6,7,4,4,9,10,9,5,4,7,4,10,4,10,4,10,3,4,3,3,4,4,8,7,8,,,4,2,,,6,4,4,9,6,7,7,4,8,4,4,4,6,6,6,4,7,5,5,4,5,3,5,9,,3,,,b'\x11\xe8\xe1I\xc7\x19\xde\xda\xaf\x82\x12\xdf\x17\xaeN\x1e'
11E8E149-C719-DEDA-AF82-12DF17AE4E1E,2015-ncaa-d1-natl,ncaa,266,267,209,271,239,253,245,306,119,241,233,229,170,274,6,234,255,255,197,255,203,299,309,114,127,159,151,141,206,302,263,335,318,335,311,255,218,122,236,216,202,162,282,253,,,82,153,,,247,296,283,110,235,228,298,239,211,158,264,239,245,242,299,298,291,339,334,241,177,186,278,,124,,,248,133,132,63,282,104,33,314,223,226,175,290,141,103,313,104,221,49,65,296,300,265,230,258,148,171,318,66,263,92,311,239,307,188,132,242,168,241,213,258,,,220,91,,,247,46,195,283,253,206,210,94,163,45,252,267,171,133,138,83,100,225,115,151,280,156,200,237,,173,,,b'\x11\xe8\xe1I\xc7\x19\xde\xda\xaf\x82\x12\xdf\x17\xaeN\x1e'
11E8E149-C719-DEDA-AF82-12DF17AE4E1E,2016-ncaa-d0-natl,ncaa,196,204,175,209,193,215,208,256,126,259,284,189,90,134,29,76,308,329,70,329,290,278,269,95,107,161,86,40,310,326,319,139,155,250,240,88,14,191,263,110,332,336,222,198,,,96,130,,,189,228,241,113,228,218,269,267,283,71,120,310,327,328,306,300,332,93,260,59,212,335,221,,114,,,188,112,99,165,78,52,77,92,273,293,168,321,102,133,38,130,206,156,123,116,94,150,313,323,137,184,155,153,319,160,240,148,224,261,249,227,125,192,68,142,,,235,170,,,189,113,202,163,194,137,124,193,53,74,286,310,113,161,154,191,136,199,174,184,166,265,150,84,,247,,,b'\x11\xe8\xe1I\xc7\x19\xde\xda\xaf\x82\x12\xdf\x17\xaeN\x1e'
11E8E149-C719-DEDA-AF82-12DF17AE4E1E,2016-ncaa-d1-conf-MAAC,ncaa,8,8,8,8,8,6,6,7,4,10,10,5,5,5,4,5,6,9,2,9,6,8,9,4,3,5,4,5,7,10,11,5,4,10,11,5,4,3,7,4,11,11,8,7,,,5,6,,,7,9,7,1,6,5,7,9,10,5,5,6,8,8,7,7,9,2,10,3,5,11,7,,6,,,7,7,7,7,6,1,2,4,11,11,8,11,6,6,3,6,7,7,3,7,8,8,11,11,4,5,4,6,11,6,11,6,5,8,8,8,2,3,1,1,,,6,4,,,7,3,7,9,7,8,8,9,5,5,11,11,6,6,6,9,6,9,9,9,8,7,2,1,,5,,,b'\x11\xe8\xe1I\xc7\x19\xde\xda\xaf\x82\x12\xdf\x17\xaeN\x1e'
11E8E149-C719-DEDA-AF82-12DF17AE4E1E,2016-ncaa-d1-natl,ncaa,216,204,218,220,238,247,240,294,144,282,306,201,101,150,30,74,316,332,69,333,289,315,308,97,112,162,79,41,307,338,328,166,160,288,250,103,15,166,267,119,339,336,237,203,,,76,129,,,199,274,245,101,238,226,276,277,290,70,119,308,328,328,310,305,337,100,271,63,215,335,222,,118,,,201,89,72,123,86,38,50,101,262,281,176,318,88,115,44,112,207,125,80,127,103,165,312,323,137,151,160,124,328,128,250,133,224,285,260,237,104,193,63,151,,,262,167,,,199,70,212,177,211,151,130,192,57,76,287,311,122,162,158,193,134,206,180,193,172,270,150,85,,249,,,b'\x11\xe8\xe1I\xc7\x19\xde\xda\xaf\x82\x12\xdf\x17\xaeN\x1e'
11E8E149-C719-DEDA-AF82-12DF17AE4E1E,2017-ncaa-d0-natl,ncaa,255,283,116,267,145,222,234,281,137,254,318,88,144,126,205,62,208,235,137,235,80,281,270,109,103,160,84,101,173,343,339,177,194,295,304,132,26,183,270,146,281,286,235,211,,,180,202,,,249,206,287,209,276,278,340,286,337,155,126,241,265,267,338,336,345,221,336,134,181,295,243,,155,,,248,192,151,190,127,80,64,203,292,316,116,332,204,163,313,167,232,178,147,172,194,244,314,308,190,190,194,192,339,194,304,187,218,255,255,250,128,190,198,296,,,161,54,,,249,141,229,251,252,167,124,147,57,29,288,316,183,136,140,140,71,166,157,167,163,279,112,185,,186,,,b'\x11\xe8\xe1I\xc7\x19\xde\xda\xaf\x82\x12\xdf\x17\xaeN\x1e'
11E8E149-C719-DEDA-AF82-12DF17AE4E1E,2017-ncaa-d1-conf-MAAC,ncaa,8,8,3,8,5,7,7,9,2,6,9,1,4,5,5,4,6,8,5,8,4,9,7,1,1,4,3,4,7,11,11,7,6,8,8,4,5,9,10,4,7,8,8,8,,,7,8,,,6,6,9,5,8,8,11,7,10,5,6,7,8,8,11,10,11,7,10,4,7,8,8,,7,,,6,4,3,8,4,2,2,5,9,10,3,9,9,9,10,9,10,7,6,4,5,6,11,9,9,7,6,5,11,6,8,5,4,6,8,7,4,7,3,5,,,5,4,,,6,6,7,7,7,5,4,4,3,2,7,10,8,7,7,6,4,4,2,3,5,7,4,3,,6,,,b'\x11\xe8\xe1I\xc7\x19\xde\xda\xaf\x82\x12\xdf\x17\xaeN\x1e'
11E8E149-C719-DEDA-AF82-12DF17AE4E1E,2017-ncaa-d1-natl,ncaa,269,282,144,279,180,265,273,318,142,286,339,92,155,138,207,58,241,260,134,260,79,317,317,115,112,169,83,101,168,345,340,221,205,326,311,156,26,164,274,151,299,293,245,221,,,154,205,,,259,267,288,197,283,290,341,297,339,155,126,242,266,269,342,338,345,234,339,149,185,302,247,,158,,,258,154,122,150,136,60,38,216,287,308,120,331,177,140,316,143,237,134,87,181,203,257,312,308,189,161,205,151,340,154,311,170,223,278,260,259,110,195,180,300,,,192,50,,,259,80,235,265,262,175,127,149,64,27,293,315,187,136,139,139,70,169,160,171,171,282,115,194,,192,,,b'\x11\xe8\xe1I\xc7\x19\xde\xda\xaf\x82\x12\xdf\x17\xaeN\x1e'
11E8E149-C719-DEDA-AF82-12DF17AE4E1E,2018-ncaa-d0-natl,ncaa,245,263,164,255,204,304,299,269,304,298,302,239,206,129,307,77,273,236,314,230,98,274,263,294,303,299,108,121,167,311,318,149,199,241,283,181,18,213,273,209,235,234,225,207,,,161,192,,,282,228,243,143,324,322,302,314,308,200,112,285,228,224,303,289,311,132,247,166,241,233,230,,190,,,277,109,90,153,61,75,53,206,158,295,8,324,223,194,299,191,271,153,134,69,90,128,267,210,259,205,199,255,318,241,283,134,201,220,208,192,230,280,63,159,,,218,130,,,282,129,317,152,276,129,100,162,78,43,177,315,231,209,206,177,156,222,280,267,144,210,245,71,,192,,,b'\x11\xe8\xe1I\xc7\x19\xde\xda\xaf\x82\x12\xdf\x17\xaeN\x1e'
11E8E149-C719-DEDA-AF82-12DF17AE4E1E,2018-ncaa-d1-conf-MAAC,ncaa,8,8,8,8,10,8,8,9,8,9,10,6,7,5,9,5,6,5,11,5,3,8,9,7,8,8,5,5,6,11,11,5,8,10,11,7,4,5,6,7,6,5,7,7,,,6,7,,,8,8,4,10,8,8,8,9,10,7,4,6,5,5,6,8,11,4,9,7,5,5,7,,8,,,8,3,2,4,4,2,2,7,6,8,3,11,10,10,11,10,11,4,4,4,6,4,10,8,9,6,8,9,11,7,11,4,4,5,5,4,5,8,5,8,,,6,4,,,8,4,9,6,8,6,4,7,2,2,7,10,10,10,10,6,6,7,11,11,5,4,6,6,,4,,,b'\x11\xe8\xe1I\xc7\x19\xde\xda\xaf\x82\x12\xdf\x17\xaeN\x1e'
11E8E149-C719-DEDA-AF82-12DF17AE4E1E,2018-ncaa-d1-natl,ncaa,262,263,213,263,265,325,324,306,310,321,320,260,221,147,308,77,290,260,310,255,98,309,306,304,308,305,104,120,159,323,320,192,212,280,293,204,19,195,276,221,254,239,239,209,,,137,200,,,289,291,247,138,331,328,307,321,314,203,112,286,230,225,307,295,315,141,261,177,243,240,235,,191,,,291,80,58,107,69,51,29,214,150,285,9,323,205,180,299,174,273,103,81,76,104,145,265,209,262,180,212,229,320,219,293,113,207,241,216,205,206,284,52,168,,,248,126,,,289,69,322,171,287,138,108,166,89,45,182,313,232,211,207,177,149,230,280,271,157,221,247,74,,192,,,b'\x11\xe8\xe1I\xc7\x19\xde\xda\xaf\x82\x12\xdf\x17\xaeN\x1e'
11E8E149-C719-DEDA-AF82-12DF17AE4E1E,2019-ncaa-d0-natl,ncaa,236,245,173,242,177,275,246,268,213,245,238,223,217,223,183,166,318,335,67,334,329,292,259,217,219,275,218,163,281,227,169,107,159,151,104,285,279,304,330,318,301,297,216,179,,,122,161,,,233,266,300,22,298,267,296,262,239,216,220,318,336,336,321,273,228,56,103,290,305,301,218,,145,,,235,83,74,185,34,20,39,79,298,327,57,348,74,80,100,85,206,167,111,67,54,104,337,341,111,231,159,70,169,104,104,228,333,299,294,303,266,292,216,247,,,297,290,,,233,81,274,143,236,99,87,219,19,29,316,346,85,101,107,189,113,251,84,133,247,293,269,228,,313,,,b'\x11\xe8\xe1I\xc7\x19\xde\xda\xaf\x82\x12\xdf\x17\xaeN\x1e'
11E8E149-C719-DEDA-AF82-12DF17AE4E1E,2019-ncaa-d1-conf-MAAC,ncaa,6,4,8,6,9,9,7,9,4,6,8,5,8,10,4,9,10,11,4,11,10,11,11,4,4,6,10,7,10,9,4,3,8,5,4,9,11,9,10,10,11,11,7,6,,,3,5,,,5,11,9,2,7,5,9,4,6,8,9,10,11,11,10,8,7,1,3,8,9,11,7,,6,,,5,3,4,9,2,2,1,4,10,11,1,11,2,6,2,6,6,9,2,4,2,5,11,11,4,9,8,1,4,3,4,9,10,11,11,11,9,10,6,6,,,11,10,,,5,1,6,6,6,5,5,10,3,3,10,11,5,6,6,11,7,10,1,7,9,11,10,7,,10,,,b'\x11\xe8\xe1I\xc7\x19\xde\xda\xaf\x82\x12\xdf\x17\xaeN\x1e'
11E8E149-C719-DEDA-AF82-12DF17AE4E1E,2019-ncaa-d1-natl,ncaa,252,245,233,254,235,299,284,306,230,279,271,238,236,243,190,167,329,342,70,341,332,327,303,227,231,283,216,159,279,259,177,142,165,189,119,310,279,284,333,323,316,308,231,181,,,97,167,,,247,311,301,20,304,283,301,269,243,219,222,319,338,338,326,277,237,60,122,304,304,307,219,,146,,,250,55,50,137,37,13,13,85,288,321,64,347,62,70,105,72,209,116,61,72,57,130,337,340,109,201,165,37,177,70,119,214,332,315,299,311,245,300,203,255,,,318,284,,,247,38,278,159,255,112,99,222,22,27,319,347,89,103,108,194,111,257,88,147,255,297,274,234,,313,,,b'\x11\xe8\xe1I\xc7\x19\xde\xda\xaf\x82\x12\xdf\x17\xaeN\x1e'
11E8E149-C719-DEDA-AF82-12DF17AE4E1E,2020-ncaa-d0-natl,ncaa,322,329,87,324,169,209,215,219,209,220,183,268,162,224,59,208,200,232,126,232,206,228,197,190,184,232,131,145,158,199,174,221,257,216,214,264,269,275,280,288,288,300,269,278,,,67,46,,,324,179,217,273,240,249,275,250,209,173,233,211,242,247,282,246,219,255,256,288,258,297,286,,50,,,320,327,339,291,333,282,157,332,348,343,331,343,19,21,181,23,30,254,186,345,335,346,229,339,3,260,257,136,174,186,214,345,332,303,316,348,258,261,332,334,,,255,271,,,324,159,237,347,324,319,336,301,276,131,348,341,15,16,18,245,143,241,102,160,344,316,244,331,,278,,,b'\x11\xe8\xe1I\xc7\x19\xde\xda\xaf\x82\x12\xdf\x17\xaeN\x1e'
11E8E149-C719-DEDA-AF82-12DF17AE4E1E,2020-ncaa-d1-conf-MAAC,ncaa,11,11,4,11,8,6,7,10,3,6,8,5,7,10,2,9,4,6,4,6,6,9,7,3,3,7,5,6,4,6,7,7,9,8,7,11,11,8,8,8,11,11,9,8,,,5,5,,,11,6,6,9,7,8,8,6,7,6,10,4,6,5,7,6,6,8,6,9,8,11,9,,6,,,11,9,10,9,10,9,7,10,11,11,10,11,4,3,6,4,3,8,8,10,10,11,7,9,1,8,9,2,7,6,7,10,9,11,11,11,6,8,11,11,,,8,9,,,11,6,7,11,11,9,10,10,9,8,11,11,4,4,4,10,8,9,2,7,10,11,7,11,,8,,,b'\x11\xe8\xe1I\xc7\x19\xde\xda\xaf\x82\x12\xdf\x17\xaeN\x1e'
11E8E149-C719-DEDA-AF82-12DF17AE4E1E,2020-ncaa-d1-natl,ncaa,325,329,128,328,234,243,249,264,216,263,216,278,171,240,60,205,224,252,124,253,205,276,249,205,192,237,131,147,154,221,185,254,264,253,226,290,274,263,284,296,303,305,278,283,,,53,48,,,325,239,223,273,251,262,279,261,214,175,239,215,245,246,284,252,226,261,260,294,265,300,285,,53,,,325,317,330,276,335,273,133,334,348,338,334,344,16,17,185,19,29,218,130,345,337,348,228,339,3,239,264,110,185,163,226,343,332,320,317,349,248,264,330,335,,,275,268,,,325,99,242,347,328,327,338,298,287,135,348,342,17,16,18,248,141,245,103,167,344,318,246,331,,278,,,b'\x11\xe8\xe1I\xc7\x19\xde\xda\xaf\x82\x12\xdf\x17\xaeN\x1e'
11E8E149-C719-DEDA-AF82-12DF17AE4E1E,2021-ncaa-d0-natl,ncaa,337,32,339,337,339,342,342,340,338,342,341,342,336,337,161,45,341,340,333,340,230,340,340,324,334,327,13,6,271,342,343,342,343,342,343,341,75,4,207,245,339,260,338,247,,,5,138,,,254,340,302,224,339,339,320,343,327,113,101,336,314,312,333,339,341,343,343,304,113,247,189,,188,,,341,6,6,5,311,6,5,301,7,5,247,96,4,4,107,5,48,5,5,301,276,299,24,98,28,9,343,6,343,7,343,6,290,340,276,324,3,153,4,302,,,339,160,,,254,4,337,343,341,304,328,307,341,327,182,145,86,104,114,295,264,343,337,343,332,246,80,209,,281,,,b'\x11\xe8\xe1I\xc7\x19\xde\xda\xaf\x82\x12\xdf\x17\xaeN\x1e'
11E8E149-C719-DEDA-AF82-12DF17AE4E1E,2021-ncaa-d1-conf-MAAC,ncaa,11,2,11,11,11,11,11,11,11,11,11,11,11,11,3,2,11,11,5,11,7,11,11,10,10,10,1,1,8,11,11,11,11,11,11,11,9,1,5,6,11,10,10,9,,,1,7,,,9,11,8,6,10,10,7,11,10,2,1,9,9,9,7,10,11,11,11,9,3,10,9,,9,,,11,1,1,1,10,1,1,10,1,1,11,4,1,1,2,1,2,1,1,11,9,11,1,7,1,1,11,1,11,1,11,1,9,11,10,11,1,3,1,8,,,11,2,,,9,1,10,11,11,11,11,11,11,11,10,9,5,5,5,11,10,11,11,11,11,10,1,5,,7,,,b'\x11\xe8\xe1I\xc7\x19\xde\xda\xaf\x82\x12\xdf\x17\xaeN\x1e'
11E8E149-C719-DEDA-AF82-12DF17AE4E1E,2021-ncaa-d1-natl,ncaa,338,32,339,338,339,342,342,340,340,342,341,343,336,337,162,44,341,340,333,340,231,340,340,326,335,330,13,6,266,343,343,342,343,342,343,341,77,4,210,250,339,264,338,251,,,5,140,,,262,340,305,225,340,340,326,343,328,116,101,336,316,313,335,339,342,343,343,309,113,250,192,,190,,,341,6,6,5,313,6,5,299,7,5,249,93,4,4,109,5,47,5,5,301,281,304,25,97,26,9,343,6,343,7,343,6,291,340,279,325,3,155,4,305,,,339,157,,,262,4,338,343,341,309,331,308,341,328,185,144,89,109,119,296,263,343,338,343,333,253,78,215,,281,,,b'\x11\xe8\xe1I\xc7\x19\xde\xda\xaf\x82\x12\xdf\x17\xaeN\x1e'
11E8E149-C719-DEDA-AF82-12DF17AE4E1E,2022-ncaa-d0-natl,ncaa,305,345,79,318,87,202,213,151,307,321,309,303,29,23,103,11,295,270,309,271,149,171,123,206,241,281,6,5,309,168,230,221,341,205,322,265,295,323,314,329,229,290,125,195,,,182,85,,,326,119,238,117,297,313,269,354,349,28,24,328,309,311,294,235,215,328,315,323,291,280,153,,107,,,311,313,336,292,314,349,312,322,100,145,60,54,189,227,64,233,98,291,263,271,249,284,6,16,77,340,341,273,230,328,322,297,100,200,287,283,244,206,272,340,,,208,287,,,326,237,283,318,313,275,321,262,344,319,60,83,133,161,166,254,214,319,220,276,249,271,191,236,,297,,,b'\x11\xe8\xe1I\xc7\x19\xde\xda\xaf\x82\x12\xdf\x17\xaeN\x1e'
11E8E149-C719-DEDA-AF82-12DF17AE4E1E,2022-ncaa-d1-conf-MAAC,ncaa,11,11,3,11,3,5,8,6,9,11,11,9,1,1,3,1,9,9,6,9,4,7,6,5,6,6,1,1,10,7,8,10,11,9,10,11,11,6,7,10,11,11,3,7,,,6,4,,,11,5,8,1,7,9,9,11,11,1,1,10,9,9,9,7,7,10,11,11,5,11,4,,5,,,11,10,10,10,10,11,11,10,2,2,2,2,8,8,1,8,5,10,9,10,10,11,1,1,4,10,11,9,8,10,10,10,3,10,11,11,2,5,7,9,,,10,10,,,11,7,6,11,11,10,10,9,11,11,2,2,7,8,8,10,8,10,9,10,10,11,2,7,,10,,,b'\x11\xe8\xe1I\xc7\x19\xde\xda\xaf\x82\x12\xdf\x17\xaeN\x1e'
11E8E149-C719-DEDA-AF82-12DF17AE4E1E,2022-ncaa-d1-natl,ncaa,316,344,100,329,113,235,255,193,318,342,331,313,32,30,107,11,307,288,311,289,147,214,162,216,256,292,7,5,306,196,240,259,345,248,327,290,300,317,317,334,264,304,144,198,,,148,87,,,333,155,248,108,306,324,279,354,349,31,26,331,309,313,304,245,229,331,328,331,294,296,157,,108,,,326,308,332,283,330,349,304,335,86,114,69,53,168,210,70,210,99,277,241,286,263,304,5,18,78,338,345,254,240,319,327,281,104,242,291,293,214,215,264,341,,,245,279,,,333,200,294,328,325,289,331,262,346,319,61,81,137,172,177,258,213,322,228,282,250,278,191,250,,296,,,b'\x11\xe8\xe1I\xc7\x19\xde\xda\xaf\x82\x12\xdf\x17\xaeN\x1e'
11E8E149-C719-DEDA-AF82-12DF17AE4E1E,2023-ncaa-d0-natl,ncaa,281,301,164,295,173,239,252,200,291,275,273,232,158,86,293,67,233,267,91,269,189,215,173,257,253,275,98,104,175,175,201,255,287,235,271,261,242,299,301,303,149,145,298,307,,,328,345,,,289,176,177,49,265,270,208,298,289,153,77,229,272,274,237,159,170,288,260,277,305,140,308,,342,,,285,207,149,121,214,180,142,230,112,129,128,131,310,314,194,312,314,159,191,205,247,193,221,89,320,246,287,203,201,225,271,235,279,118,105,170,240,241,272,333,,,180,180,,,289,182,283,220,282,230,172,116,194,140,114,133,315,320,319,187,242,268,234,261,241,103,247,290,,158,,,b'\x11\xe8\xe1I\xc7\x19\xde\xda\xaf\x82\x12\xdf\x17\xaeN\x1e'
11E8E149-C719-DEDA-AF82-12DF17AE4E1E,2023-ncaa-d1-conf-MAAC,ncaa,10,9,7,10,8,7,9,7,6,9,10,5,5,2,11,2,6,6,3,6,3,7,6,5,5,6,2,5,5,6,6,10,7,9,7,9,8,5,8,10,8,9,10,10,,,9,10,,,10,9,5,3,7,8,5,9,8,5,2,6,6,6,6,5,6,10,8,9,7,8,10,,10,,,10,9,8,3,10,10,4,10,4,3,7,3,10,10,9,10,10,5,4,8,10,11,5,3,10,6,7,6,6,5,7,9,9,8,7,9,3,4,8,10,,,4,4,,,10,4,8,9,10,10,9,5,11,6,7,5,10,10,10,7,7,6,8,8,9,7,3,9,,4,,,b'\x11\xe8\xe1I\xc7\x19\xde\xda\xaf\x82\x12\xdf\x17\xaeN\x1e'
11E8E149-C719-DEDA-AF82-12DF17AE4E1E,2023-ncaa-d1-natl,ncaa,299,301,219,302,229,281,289,259,302,306,303,244,177,104,297,69,252,289,86,293,185,275,236,268,264,285,94,104,172,208,205,295,306,285,283,293,249,279,306,313,185,159,315,312,,,322,347,,,300,242,181,46,275,286,222,309,295,156,81,235,272,275,248,164,184,293,272,290,307,153,314,,344,,,300,174,107,73,234,149,106,240,91,103,137,129,298,306,198,303,319,120,135,223,258,225,222,87,319,230,306,165,205,194,283,220,282,149,113,193,218,249,268,336,,,208,172,,,300,117,290,253,299,244,184,118,205,144,120,134,321,325,323,194,237,275,238,270,253,110,254,293,,154,,,b'\x11\xe8\xe1I\xc7\x19\xde\xda\xaf\x82\x12\xdf\x17\xaeN\x1e'
11E8E149-C719-DEDA-AF82-12DF17AE4E1E,2024-ncaa-d0-natl,ncaa,154,127,196,151,218,248,254,270,228,327,324,251,80,102,64,54,283,260,292,256,102,276,267,151,177,206,23,19,254,171,115,209,68,198,85,180,66,228,286,214,317,297,333,323,,,149,266,,,203,284,315,187,253,273,298,341,332,61,78,286,258,255,294,281,163,192,178,159,249,320,339,,176,,,201,79,99,102,192,119,73,282,108,185,24,271,98,82,256,79,155,85,64,171,179,220,124,156,151,39,68,64,115,41,85,109,166,296,248,237,184,239,270,348,,,222,149,,,203,72,195,186,204,106,122,107,158,63,120,215,120,107,103,73,30,47,85,56,131,305,215,303,,214,,,b'\x11\xe8\xe1I\xc7\x19\xde\xda\xaf\x82\x12\xdf\x17\xaeN\x1e'
11E8E149-C719-DEDA-AF82-12DF17AE4E1E,2024-ncaa-d1-conf-MAAC,ncaa,4,4,3,4,5,4,6,7,7,8,10,5,3,3,4,2,2,2,5,2,2,7,7,3,3,4,2,2,3,4,4,4,2,5,2,5,6,6,9,6,10,11,11,11,,,7,7,,,5,8,10,8,4,7,8,10,9,3,3,3,3,3,7,7,3,4,5,6,5,11,11,,6,,,5,7,8,7,9,8,4,9,2,9,1,9,6,6,9,6,6,6,4,7,8,9,3,4,7,2,2,4,4,4,2,2,2,8,8,6,5,6,10,11,,,4,3,,,5,4,4,9,5,5,8,6,8,4,3,8,6,6,6,6,2,2,4,2,2,10,5,11,,5,,,b'\x11\xe8\xe1I\xc7\x19\xde\xda\xaf\x82\x12\xdf\x17\xaeN\x1e'
11E8E149-C719-DEDA-AF82-12DF17AE4E1E,2024-ncaa-d1-natl,ncaa,155,129,194,152,222,256,270,292,223,335,332,244,81,101,64,53,295,265,309,264,103,293,280,151,175,211,27,23,265,186,125,230,85,214,98,178,64,222,291,211,331,311,343,328,,,151,274,,,220,300,326,189,266,288,310,343,334,62,84,297,266,263,308,293,174,218,201,166,248,335,341,,174,,,220,89,109,93,210,121,71,285,112,194,33,271,102,92,263,88,163,75,41,190,192,245,131,171,147,45,85,56,125,36,98,122,179,316,274,258,192,246,268,349,,,220,142,,,220,59,205,222,225,114,130,106,158,66,139,215,124,114,109,76,29,57,84,53,144,319,215,293,,214,,,b'\x11\xe8\xe1I\xc7\x19\xde\xda\xaf\x82\x12\xdf\x17\xaeN\x1e'
11E8E149-C719-DEDA-AF82-12DF17AE4E1E,2025-ncaa-d0-natl,genius_ncaa,265,292,135,277,175,291,302,310,242,292,297,216,271,243,277,168,215,219,176,210,90,305,182,244,234,334,142,210,83,216,141,152,162,191,98,277,186,361,362,356,289,302,329,343,,,149,146,,297,313,161,209,249,338,342,359,322,320,279,259,229,235,226,352,220,236,169,219,305,359,307,336,,129,,301,308,185,213,212,185,269,250,222,92,143,57,120,149,115,297,108,87,202,192,153,153,189,51,68,139,180,162,37,141,68,98,207,176,214,222,226,338,337,257,333,,,110,58,,71,313,188,340,186,313,175,212,204,269,254,86,121,144,115,111,174,136,176,24,54,197,223,325,265,,91,,66,b'\x11\xe8\xe1I\xc7\x19\xde\xda\xaf\x82\x12\xdf\x17\xaeN\x1e'
11E8E149-C719-DEDA-AF82-12DF17AE4E1E,2025-ncaa-d1-conf-MAAC,genius_ncaa,8,6,7,8,8,10,12,12,11,11,11,10,10,10,7,8,3,4,4,4,1,12,8,10,7,11,5,8,1,8,3,5,3,5,2,11,11,13,13,12,13,13,13,13,,,5,6,,8,11,7,7,4,10,12,13,11,10,9,10,2,6,6,13,7,5,3,3,12,12,13,13,,6,,8,11,6,9,9,7,10,10,8,2,6,2,6,5,5,5,5,4,8,5,6,6,8,4,4,6,5,3,2,3,2,2,3,4,12,12,11,8,7,11,12,,,2,1,,3,11,5,11,7,11,7,8,12,9,12,3,7,5,5,5,9,6,6,2,2,5,12,9,11,,2,,3,b'\x11\xe8\xe1I\xc7\x19\xde\xda\xaf\x82\x12\xdf\x17\xaeN\x1e'
11E8E149-C719-DEDA-AF82-12DF17AE4E1E,2025-ncaa-d1-natl,genius_ncaa,279,292,172,290,223,324,326,335,257,311,322,223,277,256,284,170,231,239,178,233,87,328,233,253,241,339,135,206,76,246,153,187,169,229,113,300,195,361,362,357,310,312,334,346,,,123,153,,288,318,207,213,246,339,346,359,325,323,283,263,231,237,229,353,234,245,180,231,323,359,314,338,,134,,303,315,161,189,181,206,256,229,241,75,118,62,113,138,102,302,95,88,164,141,169,172,205,50,69,142,161,169,23,153,43,113,191,180,252,234,236,329,340,242,336,,,128,57,,77,318,137,344,202,320,187,226,207,277,255,89,122,147,118,113,181,132,174,25,62,207,239,329,271,,91,,62,b'\x11\xe8\xe1I\xc7\x19\xde\xda\xaf\x82\x12\xdf\x17\xaeN\x1e'
11E8E149-C719-DEDA-AF82-12DF17AE4E1E,2026-ncaa-d0-natl,genius_ncaa,295,295,206,310,216,276,285,328,102,268,308,120,278,311,107,243,188,183,205,186,44,323,264,108,95,274,157,225,59,312,197,279,311,307,218,253,129,349,363,342,345,360,318,349,,,160,241,,205,330,256,241,97,295,310,363,288,343,276,326,154,154,159,363,312,320,315,345,255,359,361,335,,230,,247,332,243,288,169,335,336,238,349,43,91,41,58,201,186,272,178,128,171,126,317,314,343,5,7,143,210,311,28,197,62,218,243,110,325,344,344,351,362,20,98,,,153,31,,127,330,114,295,346,331,325,346,294,355,341,50,97,246,236,226,297,187,272,11,59,295,345,359,36,,79,,103,b'\x11\xe8\xe1I\xc7\x19\xde\xda\xaf\x82\x12\xdf\x17\xaeN\x1e'
11E8E149-C719-DEDA-AF82-12DF17AE4E1E,2026-ncaa-d1-natl,genius_ncaa,332,294,271,333,286,338,350,361,121,341,350,146,317,348,116,242,249,249,198,256,38,360,337,130,114,294,141,224,55,351,235,341,327,351,261,322,139,341,363,354,363,362,344,352,,,106,257,,178,344,331,254,100,330,338,363,318,348,284,335,163,161,172,363,324,340,330,357,297,362,362,338,,248,,259,349,203,249,106,352,329,177,359,17,36,47,53,162,139,282,130,132,105,54,335,337,357,4,6,137,164,327,3,235,15,261,211,113,357,354,352,346,363,13,115,,,222,24,,149,344,41,320,355,349,345,355,307,358,347,50,102,260,244,239,307,183,284,11,68,316,352,361,39,,82,,98,b'\x11\xe8\xe1I\xc7\x19\xde\xda\xaf\x82\x12\xdf\x17\xaeN\x1e'
11E8E149-C71E-2396-AF82-12DF17AE4E1E,2010-ncaa-d0-natl,ncaa,125,28,344,59,344,224,299,321,188,308,330,119,174,136,241,64,22,50,31,49,2,296,320,159,69,72,18,133,3,234,85,249,198,244,98,306,291,19,107,227,292,246,234,208,,,21,89,,,97,328,28,283,28,149,111,216,259,72,36,1,1,1,32,32,64,18,18,246,188,202,170,,176,,,91,25,50,82,121,71,70,164,108,151,80,244,15,25,71,27,73,56,19,119,82,175,110,199,55,112,198,10,85,21,98,42,118,337,319,287,15,71,116,277,,,151,8,,,97,15,57,205,94,289,314,339,299,323,256,296,111,143,151,334,314,312,203,267,248,263,114,244,,1,,,b'\x11\xe8\xe1I\xc7\x1e#\x96\xaf\x82\x12\xdf\x17\xaeN\x1e'
11E8E149-C71E-2396-AF82-12DF17AE4E1E,2010-ncaa-d1-natl,ncaa,74,28,276,41,310,77,155,169,141,196,270,72,84,52,215,60,8,8,37,8,3,121,138,102,46,42,29,121,5,79,34,85,132,67,36,209,274,95,77,176,183,184,128,149,,,78,64,,,45,179,23,285,15,71,55,143,227,50,29,1,2,2,14,19,21,9,7,167,179,132,104,,141,,,34,99,177,243,79,186,239,100,149,219,57,207,46,63,59,67,48,210,164,70,37,95,88,181,58,215,132,63,34,112,36,129,105,259,282,215,65,70,193,270,,,45,20,,,45,159,27,106,42,226,277,338,268,324,201,278,88,109,119,330,309,285,152,236,207,208,130,250,,3,,,b'\x11\xe8\xe1I\xc7\x1e#\x96\xaf\x82\x12\xdf\x17\xaeN\x1e'
11E8E149-C71E-2396-AF82-12DF17AE4E1E,2011-ncaa-d0-natl,ncaa,137,83,242,121,249,145,190,279,70,240,325,42,66,76,82,39,80,77,160,77,2,248,269,37,36,48,22,55,64,189,72,264,99,248,62,202,180,94,167,149,204,146,278,273,,,79,178,,,87,275,263,23,70,148,250,233,316,33,33,39,35,34,193,212,158,225,205,155,146,176,276,,130,,,81,84,157,75,293,216,121,299,60,68,108,113,48,40,200,43,56,47,47,262,235,228,26,82,69,36,99,15,72,11,62,63,32,255,184,153,14,24,87,225,,,90,12,,,87,61,40,205,87,155,228,139,280,203,85,96,71,66,70,108,74,67,36,26,108,223,29,124,,25,,,b'\x11\xe8\xe1I\xc7\x1e#\x96\xaf\x82\x12\xdf\x17\xaeN\x1e'
11E8E149-C71E-2396-AF82-12DF17AE4E1E,2011-ncaa-d1-conf-Southland,ncaa,3,3,1,3,1,2,3,8,1,5,12,1,1,1,1,1,3,3,7,2,1,7,2,1,1,2,1,1,6,7,3,2,2,3,1,3,4,11,8,8,6,6,7,7,,,4,2,,,2,2,11,1,5,6,11,12,12,1,3,8,5,5,11,10,10,7,10,4,8,6,7,,1,,,3,9,12,12,9,12,12,11,2,5,2,5,1,1,4,1,1,9,10,7,5,6,1,2,1,5,2,2,3,2,1,7,1,7,7,7,7,7,8,10,,,2,3,,,2,11,2,4,2,2,8,5,9,9,1,3,1,1,1,2,2,2,1,1,6,10,5,6,,6,,,b'\x11\xe8\xe1I\xc7\x1e#\x96\xaf\x82\x12\xdf\x17\xaeN\x1e'
11E8E149-C71E-2396-AF82-12DF17AE4E1E,2011-ncaa-d1-natl,ncaa,76,82,51,85,56,46,77,103,74,145,244,40,22,19,99,36,32,18,181,18,2,75,71,39,38,44,27,59,78,72,57,124,117,93,63,78,156,206,128,112,46,42,166,196,,,214,170,,,36,79,205,38,45,98,185,202,304,25,22,30,23,25,121,134,112,223,153,113,144,62,194,,147,,,35,215,256,231,242,289,254,278,109,149,75,134,114,106,193,108,80,209,249,215,190,147,36,91,89,135,117,130,57,128,63,131,41,63,74,73,41,20,145,205,,,18,17,,,36,263,33,120,39,126,183,122,231,176,85,105,82,74,76,90,119,79,56,50,88,104,29,113,,20,,,b'\x11\xe8\xe1I\xc7\x1e#\x96\xaf\x82\x12\xdf\x17\xaeN\x1e'
11E8E149-C71E-2396-AF82-12DF17AE4E1E,2012-ncaa-d0-natl,ncaa,87,17,318,34,323,260,297,326,174,335,339,133,79,86,110,21,171,185,131,176,5,318,330,101,86,79,12,26,72,262,163,273,83,285,116,284,213,13,108,161,309,264,261,221,,,13,96,,,85,336,301,38,148,228,264,314,325,33,29,77,79,68,231,262,189,132,166,246,63,287,236,,57,,,70,10,14,15,85,21,15,134,49,78,39,223,14,15,130,14,78,8,7,83,69,83,108,159,101,19,83,22,163,12,116,34,204,297,173,173,10,61,173,325,,,236,19,,,85,8,80,77,61,53,88,107,104,96,107,186,53,50,48,80,61,99,136,112,126,230,38,247,,84,,,b'\x11\xe8\xe1I\xc7\x1e#\x96\xaf\x82\x12\xdf\x17\xaeN\x1e'
11E8E149-C71E-2396-AF82-12DF17AE4E1E,2012-ncaa-d1-conf-Southland,ncaa,2,1,5,2,5,6,8,9,2,11,12,1,1,2,3,1,6,7,5,5,2,9,12,1,1,2,1,1,6,5,4,5,3,5,3,5,4,2,3,3,11,8,5,5,,,1,1,,,2,12,11,1,7,8,11,12,12,1,1,4,7,5,12,12,6,6,7,6,3,10,5,,1,,,2,1,4,4,3,4,4,5,6,9,3,10,1,1,8,1,1,3,1,3,2,3,4,12,2,3,3,1,4,1,3,4,11,11,9,10,2,3,12,12,,,10,6,,,2,1,2,3,2,2,4,5,4,3,6,10,1,1,1,3,2,3,2,2,5,11,2,12,,10,,,b'\x11\xe8\xe1I\xc7\x1e#\x96\xaf\x82\x12\xdf\x17\xaeN\x1e'
11E8E149-C71E-2396-AF82-12DF17AE4E1E,2012-ncaa-d1-natl,ncaa,35,17,137,25,143,120,153,207,98,243,305,53,40,28,110,28,90,92,180,86,9,180,220,56,55,41,24,39,122,149,116,123,55,133,69,142,134,50,75,79,203,169,177,151,,,43,63,,,25,235,276,58,96,143,208,250,316,31,29,77,74,67,179,238,144,110,118,134,56,211,179,,39,,,21,21,37,95,43,57,79,81,77,166,24,239,26,35,99,34,69,62,94,51,30,29,117,175,98,70,55,104,116,67,69,71,201,147,85,94,36,50,197,295,,,109,50,,,25,109,35,26,17,23,38,83,55,69,92,182,34,36,39,53,71,77,112,72,87,138,40,201,,100,,,b'\x11\xe8\xe1I\xc7\x1e#\x96\xaf\x82\x12\xdf\x17\xaeN\x1e'
11E8E149-C71E-2396-AF82-12DF17AE4E1E,2013-ncaa-d0-natl,ncaa,235,145,339,210,339,318,323,339,168,279,303,175,311,319,246,265,197,228,109,225,82,336,339,204,166,201,225,271,34,250,44,302,45,298,24,308,238,55,255,268,328,283,312,302,,,20,211,,,164,344,295,41,236,252,283,177,182,281,287,73,89,80,261,239,121,112,106,260,228,299,281,,136,,,167,6,22,3,223,43,45,135,35,7,338,38,9,16,33,15,44,2,2,202,163,228,50,135,61,5,45,1,44,1,24,13,65,342,288,230,30,156,16,67,,,283,58,,,164,2,168,178,173,110,177,123,208,265,113,31,47,69,64,92,42,34,31,23,95,308,129,67,,111,,,b'\x11\xe8\xe1I\xc7\x1e#\x96\xaf\x82\x12\xdf\x17\xaeN\x1e'
11E8E149-C71E-2396-AF82-12DF17AE4E1E,2013-ncaa-d1-conf-Southland,ncaa,7,6,6,7,6,7,8,8,7,5,2,9,8,10,5,10,3,4,5,4,4,7,8,7,7,6,8,8,2,4,1,4,3,5,2,6,5,6,6,6,6,6,5,7,,,2,5,,,7,8,9,2,7,6,7,4,2,8,10,2,3,2,7,7,3,3,3,7,6,7,5,,4,,,7,4,7,3,7,6,7,5,3,1,10,1,1,2,1,2,2,3,3,7,5,8,3,4,1,1,3,2,1,2,2,5,2,10,9,8,7,6,8,8,,,6,5,,,7,3,5,6,7,6,8,3,7,9,3,1,2,3,3,4,2,1,2,2,4,9,7,9,,6,,,b'\x11\xe8\xe1I\xc7\x1e#\x96\xaf\x82\x12\xdf\x17\xaeN\x1e'
11E8E149-C71E-2396-AF82-12DF17AE4E1E,2013-ncaa-d1-natl,ncaa,171,145,210,162,213,192,188,250,105,138,182,113,271,273,230,260,104,116,111,113,95,234,243,144,123,131,242,272,61,113,30,155,51,128,17,198,186,132,181,174,242,204,234,241,,,67,145,,,85,278,277,45,151,157,233,100,140,268,266,68,75,72,198,197,79,78,59,174,181,230,218,,104,,,75,27,56,78,104,92,184,62,70,34,247,62,22,35,38,34,38,55,45,88,61,83,64,142,70,40,51,11,30,9,17,39,64,282,228,142,84,119,54,61,,,165,92,,,85,55,107,82,81,57,104,124,135,240,91,46,40,51,50,85,58,61,27,29,69,268,115,76,,123,,,b'\x11\xe8\xe1I\xc7\x1e#\x96\xaf\x82\x12\xdf\x17\xaeN\x1e'
11E8E149-C71E-2396-AF82-12DF17AE4E1E,2014-ncaa-d0-natl,ncaa,148,88,297,122,312,318,305,336,135,255,287,153,298,312,205,245,313,320,177,320,274,336,342,180,182,191,284,250,226,332,277,281,4,318,103,279,171,28,200,172,291,208,293,278,,,19,203,,,128,343,335,163,307,285,331,207,230,280,292,288,298,302,332,337,317,210,293,246,84,251,275,,62,,,127,4,11,6,193,59,72,130,4,2,155,6,17,25,64,25,72,4,3,122,101,110,5,10,140,1,4,20,277,4,103,3,6,316,166,59,7,44,226,302,,,300,54,,,128,7,232,53,122,18,42,14,166,184,4,2,51,64,70,7,3,2,93,15,5,276,16,287,,225,,,b'\x11\xe8\xe1I\xc7\x1e#\x96\xaf\x82\x12\xdf\x17\xaeN\x1e'
11E8E149-C71E-2396-AF82-12DF17AE4E1E,2014-ncaa-d1-conf-Southland,ncaa,4,4,5,4,8,11,11,11,7,9,7,9,12,12,11,13,11,11,7,11,13,11,12,9,9,10,13,13,7,12,11,7,1,11,4,10,10,5,5,6,9,7,8,9,,,6,8,,,5,12,14,7,13,12,13,7,7,13,13,11,13,13,14,13,13,6,11,9,5,10,9,,5,,,6,3,3,3,5,7,10,3,1,1,2,1,6,7,6,7,4,3,3,2,2,3,1,1,10,1,1,7,11,3,4,1,1,10,6,1,2,2,14,13,,,7,2,,,5,3,12,2,6,1,1,1,6,8,1,1,5,5,5,1,1,1,5,1,1,13,1,14,,5,,,b'\x11\xe8\xe1I\xc7\x1e#\x96\xaf\x82\x12\xdf\x17\xaeN\x1e'
11E8E149-C71E-2396-AF82-12DF17AE4E1E,2014-ncaa-d1-natl,ncaa,123,88,211,112,256,287,268,324,108,226,253,133,260,283,136,230,276,284,177,288,246,321,332,136,144,152,257,224,220,315,272,234,4,280,94,232,136,49,186,139,236,164,265,268,,,41,187,,,107,330,333,167,290,255,323,201,231,253,275,268,274,280,325,331,313,187,273,213,76,223,266,,61,,,102,5,14,12,154,86,128,103,2,1,130,5,30,47,42,49,71,9,9,94,72,68,5,9,156,1,4,48,272,7,94,2,4,265,139,35,14,50,257,302,,,241,49,,,107,20,186,36,94,17,38,16,143,200,4,2,51,68,74,8,6,2,92,18,4,246,20,286,,206,,,b'\x11\xe8\xe1I\xc7\x1e#\x96\xaf\x82\x12\xdf\x17\xaeN\x1e'
11E8E149-C71E-2396-AF82-12DF17AE4E1E,2015-ncaa-d0-natl,ncaa,208,131,322,193,330,329,324,346,166,318,330,198,258,292,114,195,293,307,124,312,175,348,349,167,154,168,161,179,131,318,208,334,232,341,207,324,239,25,203,219,335,298,309,296,,,6,91,,,208,348,342,251,309,304,341,279,296,221,258,241,266,268,339,339,287,313,318,294,95,314,293,,30,,,212,10,28,16,232,67,61,170,23,3,283,41,5,5,163,6,29,7,2,200,161,198,26,95,42,30,232,4,208,2,207,20,46,329,240,193,35,198,63,195,,,288,12,,,208,2,180,214,205,64,135,68,200,217,57,22,27,25,26,29,14,118,32,47,68,293,114,123,,154,,,b'\x11\xe8\xe1I\xc7\x1e#\x96\xaf\x82\x12\xdf\x17\xaeN\x1e'
11E8E149-C71E-2396-AF82-12DF17AE4E1E,2015-ncaa-d1-conf-Southland,ncaa,7,7,3,7,6,11,10,12,6,8,10,8,10,11,3,10,10,11,6,11,9,13,13,6,6,5,10,8,7,13,11,11,4,12,9,12,10,2,6,6,13,11,11,12,,,1,3,,,8,13,13,9,13,13,13,9,10,10,11,9,10,10,13,13,12,12,13,12,2,13,12,,1,,,8,3,6,4,9,9,8,8,2,1,9,4,1,1,6,1,1,1,1,7,7,8,1,4,2,2,4,3,11,1,9,1,2,13,11,9,2,3,7,10,,,6,2,,,8,1,6,8,8,2,6,1,9,9,3,1,1,1,1,1,1,1,3,1,1,13,2,8,,8,,,b'\x11\xe8\xe1I\xc7\x1e#\x96\xaf\x82\x12\xdf\x17\xaeN\x1e'
11E8E149-C71E-2396-AF82-12DF17AE4E1E,2015-ncaa-d1-natl,ncaa,142,130,143,148,195,268,278,322,141,276,294,188,192,238,79,165,221,260,68,264,168,323,333,133,123,136,136,147,127,275,187,268,228,296,178,258,183,65,188,179,300,270,271,284,,,14,68,,,168,334,344,265,292,298,340,282,307,179,236,228,271,273,339,340,282,280,308,263,81,304,279,,16,,,168,31,74,83,156,138,185,117,41,32,166,58,17,16,146,18,31,46,28,112,80,139,33,90,59,147,228,18,187,33,178,40,62,294,251,186,78,183,124,209,,,197,31,,,168,22,138,150,150,32,89,69,149,201,38,29,19,22,26,31,13,143,25,40,55,299,99,127,,202,,,b'\x11\xe8\xe1I\xc7\x1e#\x96\xaf\x82\x12\xdf\x17\xaeN\x1e'
11E8E149-C71E-2396-AF82-12DF17AE4E1E,2016-ncaa-d0-natl,ncaa,41,7,287,10,315,246,244,323,91,202,229,161,285,332,41,309,157,206,37,205,156,315,333,119,95,88,227,275,54,179,30,290,65,263,33,198,92,16,98,74,337,302,213,191,,,70,278,,,70,342,337,280,176,191,288,126,141,263,320,83,144,143,272,313,119,224,167,128,48,329,173,,146,,,57,4,10,13,132,39,88,49,9,1,330,6,28,49,31,48,97,6,6,82,71,84,45,41,178,9,65,3,30,2,33,5,17,293,149,64,20,99,102,127,,,197,18,,,70,9,55,76,44,23,42,19,103,194,19,3,65,104,102,16,11,34,15,14,18,255,54,157,,89,,,b'\x11\xe8\xe1I\xc7\x1e#\x96\xaf\x82\x12\xdf\x17\xaeN\x1e'
11E8E149-C71E-2396-AF82-12DF17AE4E1E,2016-ncaa-d1-conf-Southland,ncaa,1,2,2,2,4,5,4,8,1,3,4,3,10,12,2,12,4,4,2,4,6,6,9,3,2,1,11,11,4,8,3,4,2,4,1,2,2,2,2,1,13,13,2,3,,,6,9,,,2,10,12,8,6,5,12,3,5,12,12,4,5,5,12,12,10,6,8,3,2,13,3,,3,,,2,1,2,6,2,7,11,1,2,1,12,1,3,4,3,4,1,5,5,2,2,2,2,3,5,5,2,2,3,1,1,1,2,11,10,3,2,5,9,7,,,5,3,,,2,5,2,1,1,1,1,2,3,10,2,1,2,2,2,2,2,3,1,1,1,12,2,7,,8,,,b'\x11\xe8\xe1I\xc7\x1e#\x96\xaf\x82\x12\xdf\x17\xaeN\x1e'
11E8E149-C71E-2396-AF82-12DF17AE4E1E,2016-ncaa-d1-natl,ncaa,14,7,99,8,132,138,138,205,68,100,109,129,247,304,41,310,88,122,56,125,161,196,215,98,82,76,244,277,72,94,25,139,57,106,25,93,75,66,103,62,257,235,151,174,,,195,282,,,27,273,329,282,144,156,269,104,126,262,321,86,137,139,251,298,103,172,120,96,61,278,165,,170,,,26,14,23,49,52,66,219,15,18,3,285,7,73,135,4,132,109,46,57,31,29,25,60,39,213,53,57,10,25,14,25,10,18,178,112,35,71,106,139,94,,,93,28,,,27,79,43,23,20,12,13,17,51,189,17,4,65,124,124,16,14,46,12,17,8,205,68,121,,88,,,b'\x11\xe8\xe1I\xc7\x1e#\x96\xaf\x82\x12\xdf\x17\xaeN\x1e'
11E8E149-C71E-2396-AF82-12DF17AE4E1E,2016-ncaa-d1-ncaatournament,ncaa,33,2,33,33,33,41,40,40,51,45,38,54,34,43,22,34,54,53,34,52,57,40,44,49,54,44,25,14,55,33,16,53,38,44,37,36,19,6,9,12,60,60,59,61,,,5,24,,,54,56,44,1,34,33,8,41,11,16,23,54,53,52,12,24,4,52,31,17,12,59,58,,19,,,55,26,28,19,60,36,29,62,2,5,23,5,23,20,46,17,28,17,13,56,58,62,2,2,33,11,38,18,16,15,37,30,55,57,56,62,14,31,24,44,,,52,53,,,54,12,31,60,55,58,60,36,64,61,3,5,48,44,41,40,26,17,47,41,60,52,29,48,,50,,,b'\x11\xe8\xe1I\xc7\x1e#\x96\xaf\x82\x12\xdf\x17\xaeN\x1e'
11E8E149-C71E-2396-AF82-12DF17AE4E1E,2017-ncaa-d0-natl,ncaa,57,6,321,14,334,251,202,339,14,108,191,37,340,348,55,342,258,267,180,271,275,336,347,45,48,57,343,340,204,270,62,315,129,319,52,189,153,10,133,77,338,298,224,170,,,63,276,,,38,348,332,268,142,81,297,20,59,333,348,174,175,180,283,318,207,235,243,107,64,323,192,,171,,,29,2,1,3,28,3,24,13,9,2,226,16,132,131,200,141,263,3,2,23,42,41,222,62,336,25,129,1,62,2,52,1,23,279,122,19,13,109,105,122,,,239,21,,,38,1,46,46,26,11,4,14,17,108,22,11,238,232,240,24,17,96,6,14,4,198,68,187,,96,,,b'\x11\xe8\xe1I\xc7\x1e#\x96\xaf\x82\x12\xdf\x17\xaeN\x1e'
11E8E149-C71E-2396-AF82-12DF17AE4E1E,2017-ncaa-d1-conf-Southland,ncaa,1,1,3,1,4,3,3,10,1,1,2,2,13,13,1,13,4,5,10,5,10,8,8,1,1,1,13,13,8,7,5,3,1,6,2,3,6,4,5,2,10,10,5,6,,,10,12,,,1,8,13,6,5,4,11,1,3,13,13,7,7,7,12,13,8,4,8,4,1,12,6,,8,,,1,1,1,2,1,2,6,1,1,1,2,1,11,11,7,11,11,3,3,1,1,2,9,2,13,2,1,2,5,2,2,1,1,8,6,2,3,3,2,1,,,4,1,,,1,5,2,2,1,1,1,1,2,2,1,1,10,10,10,1,1,1,1,1,1,10,2,1,,6,,,b'\x11\xe8\xe1I\xc7\x1e#\x96\xaf\x82\x12\xdf\x17\xaeN\x1e'
11E8E149-C71E-2396-AF82-12DF17AE4E1E,2017-ncaa-d1-natl,ncaa,23,6,144,10,196,124,86,249,10,30,67,25,329,345,37,341,168,177,172,183,286,245,284,28,35,33,343,340,235,189,50,205,119,204,37,68,100,31,83,37,216,168,139,107,,,142,243,,,17,304,327,265,102,45,262,13,39,328,347,167,169,178,257,306,185,212,212,44,45,217,129,,148,,,13,5,2,16,14,3,88,7,18,13,174,26,194,217,104,221,264,21,31,11,18,8,246,86,335,73,119,1,50,9,37,2,21,147,58,8,46,85,134,91,,,144,42,,,17,40,26,13,11,4,3,14,5,75,22,13,201,222,228,16,21,99,6,13,2,127,57,156,,127,,,b'\x11\xe8\xe1I\xc7\x1e#\x96\xaf\x82\x12\xdf\x17\xaeN\x1e'
11E8E149-C71E-2396-AF82-12DF17AE4E1E,2017-ncaa-d1-ncaatournament,ncaa,33,2,33,33,33,58,54,45,55,42,33,58,59,63,23,63,56,56,46,55,61,46,51,57,58,55,58,49,45,50,55,61,64,61,63,64,64,5,14,61,36,30,61,61,,,11,11,,,53,52,36,6,58,52,25,36,1,53,63,54,54,52,30,45,39,61,61,64,9,15,61,,20,,,56,19,20,18,54,25,27,47,7,2,55,3,13,17,13,17,31,19,28,49,45,32,11,13,30,33,64,26,55,31,63,8,8,29,7,8,4,10,50,58,,,41,15,,,53,19,55,44,55,47,52,28,56,58,10,2,32,39,41,33,59,62,58,62,24,2,8,61,,21,,,b'\x11\xe8\xe1I\xc7\x1e#\x96\xaf\x82\x12\xdf\x17\xaeN\x1e'
11E8E149-C71E-2396-AF82-12DF17AE4E1E,2018-ncaa-d0-natl,ncaa,72,57,117,70,130,226,216,285,101,162,196,120,281,312,173,281,178,162,242,161,129,278,303,133,133,122,265,272,112,168,58,262,140,233,73,217,223,52,142,150,245,179,310,300,,,67,210,,,85,325,349,116,281,274,337,183,229,299,315,192,174,176,327,344,180,312,287,259,59,257,317,,48,,,84,10,15,29,75,47,91,65,15,17,80,42,113,132,104,125,188,22,23,60,64,75,87,42,262,53,140,16,58,17,73,17,109,252,155,92,46,111,316,322,,,142,23,,,85,25,100,78,83,7,8,7,28,41,15,9,114,130,128,5,2,49,16,12,16,265,49,312,,160,,,b'\x11\xe8\xe1I\xc7\x1e#\x96\xaf\x82\x12\xdf\x17\xaeN\x1e'
11E8E149-C71E-2396-AF82-12DF17AE4E1E,2018-ncaa-d1-conf-Southland,ncaa,3,3,2,3,2,8,7,9,3,4,7,3,11,12,7,12,5,3,8,3,6,9,11,4,4,3,10,11,7,5,3,5,1,6,1,5,5,1,3,3,11,8,13,12,,,1,8,,,3,13,13,3,9,10,12,5,9,12,12,7,8,8,12,13,10,7,9,7,1,12,13,,1,,,3,1,1,2,1,2,5,1,1,1,3,3,7,6,3,6,7,2,1,1,1,2,9,4,11,1,1,2,3,1,1,1,2,10,8,2,1,3,13,12,,,3,1,,,3,1,4,2,3,1,1,1,1,3,1,1,6,6,6,1,1,1,2,1,1,11,1,12,,2,,,b'\x11\xe8\xe1I\xc7\x1e#\x96\xaf\x82\x12\xdf\x17\xaeN\x1e'
11E8E149-C71E-2396-AF82-12DF17AE4E1E,2018-ncaa-d1-natl,ncaa,35,57,16,56,19,108,101,164,55,74,94,75,215,253,113,274,128,106,231,105,155,142,165,91,86,84,274,258,162,85,37,145,99,107,46,123,195,101,105,109,141,114,259,268,,,133,169,,,37,204,349,160,243,202,330,141,218,267,309,206,185,185,324,344,171,301,268,209,46,199,296,,32,,,40,21,23,76,45,73,171,43,23,36,48,52,146,184,64,180,173,77,109,28,33,27,85,53,261,102,99,54,37,55,46,32,115,127,92,52,80,88,326,294,,,63,40,,,37,124,65,28,30,2,3,6,14,28,11,8,59,90,84,2,2,27,9,6,10,219,37,278,,180,,,b'\x11\xe8\xe1I\xc7\x1e#\x96\xaf\x82\x12\xdf\x17\xaeN\x1e'
11E8E149-C71E-2396-AF82-12DF17AE4E1E,2019-ncaa-d0-natl,ncaa,277,224,335,272,342,324,333,346,246,295,275,281,335,344,213,316,161,175,138,180,82,339,342,279,229,239,229,305,9,250,103,349,316,343,235,324,205,53,231,259,264,159,316,283,,,132,337,,,218,350,291,252,263,294,308,212,122,321,328,42,55,55,269,248,120,336,293,271,216,184,296,,310,,,227,11,5,2,255,33,14,212,13,7,250,18,217,235,103,233,326,2,4,231,257,194,150,25,330,53,316,6,103,7,235,13,119,242,67,59,50,196,212,264,,,254,34,,,218,2,222,218,230,138,95,20,166,125,33,13,311,320,318,49,93,227,106,146,89,95,174,300,,65,,,b'\x11\xe8\xe1I\xc7\x1e#\x96\xaf\x82\x12\xdf\x17\xaeN\x1e'
11E8E149-C71E-2396-AF82-12DF17AE4E1E,2019-ncaa-d1-conf-Southland,ncaa,8,9,3,8,3,7,7,6,6,6,5,6,8,12,3,12,3,5,4,5,9,7,9,6,5,6,10,9,4,7,9,10,9,10,10,8,10,3,2,5,8,7,10,10,,,9,10,,,6,8,13,6,8,10,12,10,8,10,12,5,7,7,10,12,10,12,13,10,2,8,11,,9,,,6,5,4,4,9,5,8,8,4,5,6,3,8,9,4,9,11,5,5,8,7,7,7,3,11,7,9,6,9,7,10,3,1,6,6,5,3,2,11,9,,,5,3,,,6,5,6,8,7,4,3,2,4,2,4,2,9,9,9,2,1,4,4,4,2,8,2,9,,5,,,b'\x11\xe8\xe1I\xc7\x1e#\x96\xaf\x82\x12\xdf\x17\xaeN\x1e'
11E8E149-C71E-2396-AF82-12DF17AE4E1E,2019-ncaa-d1-natl,ncaa,232,224,233,234,286,261,273,294,231,196,139,277,329,334,235,330,87,85,192,88,88,262,273,279,237,236,268,325,11,131,69,334,282,286,198,272,206,138,194,226,164,95,269,252,,,258,338,,,163,316,291,252,249,273,283,158,90,330,331,40,41,43,215,220,88,332,260,260,189,128,267,,308,,,164,26,16,5,202,66,57,170,12,7,154,11,280,298,81,294,328,9,38,153,202,100,146,19,337,96,282,45,69,49,198,22,121,100,33,30,62,132,264,243,,,111,28,,,163,31,205,111,165,66,32,7,104,88,15,7,300,316,314,26,71,160,104,110,50,62,125,295,,38,,,b'\x11\xe8\xe1I\xc7\x1e#\x96\xaf\x82\x12\xdf\x17\xaeN\x1e'
11E8E149-C71E-2396-AF82-12DF17AE4E1E,2020-ncaa-d0-natl,ncaa,259,195,336,246,346,350,345,347,266,237,224,252,351,348,350,340,311,297,284,290,268,347,347,323,320,326,347,347,108,194,61,320,97,293,57,351,350,137,290,346,336,279,288,261,,,216,348,,,277,349,324,337,339,320,321,136,73,351,345,268,222,205,313,287,90,222,151,350,256,308,268,,324,,,284,16,10,1,183,24,26,131,13,6,246,26,237,268,109,264,328,6,2,151,209,244,182,40,343,11,97,6,61,3,57,8,74,333,233,138,187,301,257,265,,,285,76,,,277,4,307,230,288,100,50,16,114,130,38,16,319,326,326,47,14,45,52,32,40,292,275,316,,143,,,b'\x11\xe8\xe1I\xc7\x1e#\x96\xaf\x82\x12\xdf\x17\xaeN\x1e'
11E8E149-C71E-2396-AF82-12DF17AE4E1E,2020-ncaa-d1-conf-Southland,ncaa,8,8,1,8,12,13,11,11,7,4,3,7,13,11,13,11,11,12,6,12,13,12,11,10,10,10,13,11,7,2,1,3,1,1,1,13,13,5,9,13,13,12,11,11,,,10,12,,,9,13,13,12,13,11,11,4,3,13,11,11,12,12,12,11,2,3,1,13,5,13,11,,10,,,9,4,3,2,4,3,2,4,7,5,9,7,11,11,8,11,12,4,1,6,7,9,12,9,13,1,1,3,1,1,1,3,2,13,11,9,7,10,11,9,,,12,7,,,9,1,9,9,9,4,3,2,3,2,7,5,11,11,11,4,1,1,3,1,3,13,7,11,,12,,,b'\x11\xe8\xe1I\xc7\x1e#\x96\xaf\x82\x12\xdf\x17\xaeN\x1e'
11E8E149-C71E-2396-AF82-12DF17AE4E1E,2020-ncaa-d1-natl,ncaa,214,195,257,214,321,321,286,318,179,121,116,187,349,346,349,339,286,264,278,256,281,319,307,283,289,291,347,346,162,102,32,254,82,195,33,343,349,206,272,324,291,235,255,235,,,282,345,,,213,337,327,336,314,260,306,85,60,349,342,270,231,219,299,282,67,203,121,344,231,272,247,,308,,,215,30,16,7,120,35,53,82,27,16,214,40,267,292,83,288,323,17,14,95,138,145,215,58,343,29,82,10,32,9,33,9,65,270,171,70,244,294,293,253,,,209,88,,,213,14,266,126,217,55,23,10,60,82,37,24,295,309,308,33,12,44,25,20,23,250,265,308,,151,,,b'\x11\xe8\xe1I\xc7\x1e#\x96\xaf\x82\x12\xdf\x17\xaeN\x1e'
11E8E149-C71E-2396-AF82-12DF17AE4E1E,2021-ncaa-d0-natl,ncaa,110,250,26,179,35,147,157,112,278,80,26,302,308,302,302,341,31,13,288,14,96,86,40,309,299,318,308,339,8,11,11,86,70,39,24,208,297,342,325,333,140,224,205,275,,,342,343,,,262,65,286,224,315,315,331,208,90,342,343,80,37,43,291,201,38,265,122,331,320,255,288,,327,,,233,251,214,202,206,253,260,148,100,89,187,12,341,343,49,343,328,243,273,151,185,124,144,27,341,166,70,200,11,193,24,241,237,38,68,91,311,225,323,197,,,8,11,,,262,285,297,94,232,58,29,3,96,80,19,5,312,321,321,21,22,22,17,10,106,112,220,249,,22,,,b'\x11\xe8\xe1I\xc7\x1e#\x96\xaf\x82\x12\xdf\x17\xaeN\x1e'
11E8E149-C71E-2396-AF82-12DF17AE4E1E,2021-ncaa-d1-conf-Southland,ncaa,2,7,1,4,1,5,5,3,6,3,1,8,12,12,9,13,3,3,12,3,11,2,2,9,9,10,13,13,5,1,1,2,2,1,1,8,13,13,9,12,7,10,4,6,,,13,13,,,6,3,13,9,10,9,11,4,3,13,13,9,3,4,10,11,1,11,4,12,9,12,8,,10,,,6,10,9,10,7,9,10,4,8,8,11,4,13,13,7,13,12,11,11,6,7,6,8,7,11,5,2,5,1,5,1,7,6,5,5,6,8,5,11,9,,,2,2,,,6,11,9,5,6,2,2,1,2,2,6,3,7,8,8,1,1,1,1,1,4,8,5,10,,3,,,b'\x11\xe8\xe1I\xc7\x1e#\x96\xaf\x82\x12\xdf\x17\xaeN\x1e'
11E8E149-C71E-2396-AF82-12DF17AE4E1E,2021-ncaa-d1-natl,ncaa,119,250,30,184,43,162,172,125,281,86,30,308,310,306,304,340,35,15,287,16,94,99,51,312,300,320,307,340,8,12,11,99,72,46,24,220,297,342,327,335,152,231,215,281,,,341,343,,,269,77,289,225,319,318,334,215,92,342,343,80,41,45,294,202,41,269,128,332,320,260,290,,327,,,244,236,199,190,214,247,250,162,93,85,192,12,341,343,50,343,330,228,260,156,197,136,140,26,339,153,72,185,11,177,24,237,238,42,70,96,305,230,318,207,,,11,12,,,269,273,300,101,244,61,33,3,103,81,17,5,314,320,322,19,20,22,17,9,109,118,227,253,,23,,,b'\x11\xe8\xe1I\xc7\x1e#\x96\xaf\x82\x12\xdf\x17\xaeN\x1e'
11E8E149-C71E-2396-AF82-12DF17AE4E1E,2022-ncaa-d0-natl,ncaa,305,266,319,303,325,349,347,348,310,278,206,333,356,356,342,355,280,279,218,285,285,345,340,345,332,343,350,356,43,264,128,311,153,307,118,341,286,205,341,341,341,292,322,294,,,70,304,,,318,343,318,81,348,340,342,190,55,356,356,202,192,201,327,261,164,221,204,336,319,313,300,,246,,,326,36,34,19,218,26,25,173,148,66,329,217,88,99,115,92,262,21,10,253,257,285,297,286,219,24,153,7,128,6,118,66,222,338,278,286,156,306,293,305,,,330,230,,,318,12,340,284,335,177,152,91,104,92,279,182,211,235,231,108,40,124,73,81,190,307,279,339,,267,,,b'\x11\xe8\xe1I\xc7\x1e#\x96\xaf\x82\x12\xdf\x17\xaeN\x1e'
11E8E149-C71E-2396-AF82-12DF17AE4E1E,2022-ncaa-d1-conf-ASUN,ncaa,11,11,8,11,9,12,12,12,11,5,2,12,12,12,12,12,8,9,5,9,12,11,9,12,12,12,12,12,3,5,3,10,8,7,4,10,5,8,12,11,7,6,10,10,,,4,9,,,11,12,11,4,12,12,12,5,1,12,12,6,9,9,10,7,4,9,6,9,12,7,10,,7,,,11,2,2,1,7,5,6,4,5,3,12,4,4,3,4,4,6,1,1,7,7,9,5,6,7,7,8,2,3,2,4,7,8,9,8,9,10,12,11,10,,,11,11,,,11,1,12,9,11,6,6,5,7,7,5,5,6,6,6,5,2,7,2,4,8,9,11,11,,11,,,b'\x11\xe8\xe1I\xc7\x1e#\x96\xaf\x82\x12\xdf\x17\xaeN\x1e'
11E8E149-C71E-2396-AF82-12DF17AE4E1E,2022-ncaa-d1-natl,ncaa,283,266,270,285,274,332,326,328,289,207,120,326,356,356,346,356,229,218,219,227,277,317,298,337,325,332,353,356,41,189,98,241,112,238,89,324,275,272,328,335,304,252,308,285,,,140,293,,,302,310,315,94,341,334,334,140,40,356,356,179,165,172,312,253,131,178,147,325,306,287,300,,233,,,308,67,53,49,162,42,46,134,193,139,297,242,149,163,120,159,271,48,34,196,201,245,306,285,240,57,112,25,98,23,89,98,203,318,254,246,210,292,299,262,,,272,169,,,302,38,333,229,314,145,101,86,65,65,255,198,208,234,232,103,41,111,62,66,150,293,268,322,,205,,,b'\x11\xe8\xe1I\xc7\x1e#\x96\xaf\x82\x12\xdf\x17\xaeN\x1e'
11E8E149-C71E-2396-AF82-12DF17AE4E1E,2023-ncaa-d0-natl,ncaa,325,239,360,313,360,359,359,359,327,340,315,336,360,359,354,355,349,338,340,339,297,359,359,351,353,353,356,358,107,322,209,353,226,356,240,360,359,34,307,355,350,285,336,290,,,4,127,,,318,360,348,90,358,349,343,249,102,359,359,299,229,235,339,321,195,261,261,360,243,307,312,,74,,,334,2,3,3,207,3,1,206,91,54,265,298,10,13,89,13,221,2,1,246,222,248,281,306,122,16,226,4,209,3,240,21,248,357,213,266,38,277,57,144,,,340,48,,,318,2,349,259,338,119,118,67,77,46,267,234,105,125,125,60,36,187,204,200,199,268,227,198,,146,,,b'\x11\xe8\xe1I\xc7\x1e#\x96\xaf\x82\x12\xdf\x17\xaeN\x1e'
11E8E149-C71E-2396-AF82-12DF17AE4E1E,2023-ncaa-d1-conf-ASUN,ncaa,13,9,14,13,14,14,14,14,13,14,11,13,14,14,9,14,13,13,13,12,13,14,14,13,14,14,14,13,6,14,8,14,12,14,9,14,13,4,14,14,13,13,12,9,,,1,1,,,12,14,13,10,14,14,13,9,3,14,14,11,9,9,13,12,8,10,8,14,12,13,11,,1,,,12,1,1,1,7,1,1,9,6,6,5,12,1,1,8,1,3,1,1,8,8,8,10,11,3,4,12,1,8,1,9,3,9,14,10,11,9,14,2,5,,,14,4,,,12,1,14,10,13,7,8,10,5,4,9,13,3,3,3,6,6,13,7,10,8,12,14,7,,8,,,b'\x11\xe8\xe1I\xc7\x1e#\x96\xaf\x82\x12\xdf\x17\xaeN\x1e'
11E8E149-C71E-2396-AF82-12DF17AE4E1E,2023-ncaa-d1-natl,ncaa,312,239,358,301,358,359,357,359,320,330,283,322,360,359,354,353,348,337,336,336,316,359,360,350,352,347,357,357,128,300,183,350,221,351,230,361,357,53,296,351,344,266,326,277,,,10,139,,,317,361,349,93,356,345,333,234,108,359,358,310,258,262,332,320,187,271,255,360,236,296,304,,76,,,326,3,3,3,199,3,2,192,107,71,276,293,23,30,92,31,245,1,1,243,219,243,298,308,155,25,221,6,183,5,230,22,233,352,203,250,44,246,56,117,,,335,65,,,317,1,344,262,336,104,99,57,64,35,263,223,119,138,142,49,24,176,192,184,181,270,190,160,,181,,,b'\x11\xe8\xe1I\xc7\x1e#\x96\xaf\x82\x12\xdf\x17\xaeN\x1e'
11E8E149-C71E-2396-AF82-12DF17AE4E1E,2024-ncaa-d0-natl,ncaa,106,82,143,99,157,159,151,203,84,152,222,73,152,164,150,137,219,224,199,219,169,199,217,93,100,110,204,163,251,284,279,85,95,144,136,290,355,140,178,271,216,222,99,110,,,139,140,,,108,194,238,105,164,145,254,163,246,155,169,234,237,232,260,284,296,50,142,323,143,228,105,,126,,,105,102,86,186,40,108,210,44,96,135,63,115,219,266,33,271,247,200,167,37,37,74,182,118,281,174,95,160,279,157,136,26,23,261,270,104,83,108,58,73,,,272,279,,,108,168,140,85,101,85,67,168,95,214,75,123,213,255,262,198,143,174,153,145,18,278,82,54,,303,,,b'\x11\xe8\xe1I\xc7\x1e#\x96\xaf\x82\x12\xdf\x17\xaeN\x1e'
11E8E149-C71E-2396-AF82-12DF17AE4E1E,2024-ncaa-d1-conf-ASUN,ncaa,2,3,1,3,1,3,2,3,2,2,6,2,3,5,6,5,9,10,3,10,11,4,3,2,2,2,7,5,11,9,11,1,4,2,6,6,9,8,5,7,4,7,3,4,,,5,2,,,2,1,8,8,6,4,9,5,9,5,6,10,12,12,10,11,11,2,5,8,5,7,4,,1,,,2,5,7,11,2,8,11,3,3,7,3,4,3,8,1,8,4,11,12,2,1,3,4,5,2,9,4,9,11,10,6,4,2,9,9,4,5,3,1,2,,,10,12,,,2,12,3,3,2,4,4,8,4,9,2,3,2,4,4,6,5,7,6,6,3,10,2,1,,12,,,b'\x11\xe8\xe1I\xc7\x1e#\x96\xaf\x82\x12\xdf\x17\xaeN\x1e'
11E8E149-C71E-2396-AF82-12DF17AE4E1E,2024-ncaa-d1-natl,ncaa,91,83,78,93,89,130,126,156,94,133,201,79,131,127,169,130,195,185,229,178,157,158,157,106,113,124,192,157,244,235,243,57,83,101,120,286,359,195,181,282,171,188,89,110,,,191,157,,,92,134,227,119,167,153,247,169,246,154,158,227,222,214,253,263,269,45,118,333,152,194,108,,142,,,90,110,83,217,22,105,249,21,101,151,45,120,237,285,25,293,257,244,231,22,19,42,196,118,288,198,83,221,243,218,120,27,26,195,222,70,118,117,79,94,,,225,269,,,92,234,146,44,87,61,52,147,65,185,68,121,203,254,260,180,142,162,160,151,18,234,94,60,,292,,,b'\x11\xe8\xe1I\xc7\x1e#\x96\xaf\x82\x12\xdf\x17\xaeN\x1e'
11E8E149-C71E-2396-AF82-12DF17AE4E1E,2025-ncaa-d0-natl,genius_ncaa,84,65,135,75,177,150,162,190,127,207,282,78,105,94,161,73,145,129,225,143,53,186,196,107,102,117,80,96,169,206,196,95,111,126,116,224,290,135,166,212,280,284,45,41,,,95,95,,171,142,194,243,269,139,172,248,238,303,95,80,149,129,140,229,253,211,70,121,248,145,283,32,,87,,163,143,173,170,246,85,119,249,26,276,211,333,177,114,122,115,116,93,229,178,111,96,187,274,303,108,176,111,157,196,169,116,129,109,307,328,272,109,139,138,233,,,196,190,,325,142,169,115,189,142,156,152,249,101,251,284,198,116,122,119,225,115,172,140,142,116,336,111,133,,223,,329,b'\x11\xe8\xe1I\xc7\x1e#\x96\xaf\x82\x12\xdf\x17\xaeN\x1e'
11E8E149-C71E-2396-AF82-12DF17AE4E1E,2025-ncaa-d1-conf-ASUN,genius_ncaa,2,2,1,2,1,4,3,5,3,6,9,3,3,4,5,4,3,4,8,4,5,4,4,3,3,3,4,3,8,5,5,1,5,2,2,3,6,8,5,5,7,9,1,1,,,6,5,,9,2,4,10,11,6,7,11,10,11,4,5,7,6,6,9,10,7,1,3,6,3,11,1,,4,,8,2,5,4,11,2,4,10,2,10,8,10,5,5,5,4,5,4,11,10,2,2,3,9,12,4,9,5,8,5,9,2,8,9,9,11,10,6,6,6,8,,,5,8,,12,2,9,3,3,2,3,3,5,3,7,7,6,4,4,4,4,3,7,2,2,3,11,3,6,,9,,12,b'\x11\xe8\xe1I\xc7\x1e#\x96\xaf\x82\x12\xdf\x17\xaeN\x1e'
11E8E149-C71E-2396-AF82-12DF17AE4E1E,2025-ncaa-d1-natl,genius_ncaa,78,65,113,71,154,126,134,182,112,207,273,71,81,74,124,66,145,141,221,144,54,177,186,88,92,99,75,78,187,192,180,78,116,117,104,212,283,119,145,185,269,276,35,29,,,96,97,,157,126,183,245,269,124,144,242,238,306,70,66,148,140,148,218,253,208,70,112,230,117,286,26,,86,,145,127,175,178,253,82,118,256,30,280,230,322,194,132,130,109,128,106,240,185,103,95,187,277,304,115,185,116,153,180,171,104,147,131,313,329,282,99,127,140,233,,,200,192,,326,126,179,100,189,117,154,148,249,91,243,284,208,115,127,126,229,112,169,130,140,128,336,95,138,,225,,333,b'\x11\xe8\xe1I\xc7\x1e#\x96\xaf\x82\x12\xdf\x17\xaeN\x1e'
11E8E149-C71E-2396-AF82-12DF17AE4E1E,2026-ncaa-d0-natl,genius_ncaa,163,80,279,147,284,242,211,258,117,250,290,133,105,159,64,42,354,355,262,355,351,288,310,86,118,91,119,20,360,248,179,196,21,221,61,184,131,19,62,51,340,333,204,86,,,145,338,,118,98,314,268,27,114,70,62,161,210,22,33,353,354,354,139,224,179,26,46,78,56,337,141,,319,,201,81,27,5,48,8,4,18,18,80,161,49,324,242,225,299,213,360,62,47,13,40,84,361,268,361,28,21,61,179,41,61,4,26,318,266,48,9,23,59,143,,,333,310,,66,98,59,92,72,61,85,9,111,7,24,192,311,338,327,327,187,106,54,191,126,8,273,19,128,,304,,23,b'\x11\xe8\xe1I\xc7\x1e#\x96\xaf\x82\x12\xdf\x17\xaeN\x1e'
11E8E149-C71E-2396-AF82-12DF17AE4E1E,2026-ncaa-d1-natl,genius_ncaa,110,80,177,113,181,142,101,122,107,160,222,95,34,37,82,26,349,346,309,343,350,160,214,76,116,75,113,19,362,142,162,116,34,118,75,93,140,29,31,31,128,93,150,70,,,221,296,,201,45,231,196,31,75,37,26,124,200,12,14,355,348,346,76,159,109,42,41,54,33,92,140,,280,,224,38,36,6,78,7,5,28,8,163,251,63,324,287,257,311,255,348,107,124,10,22,26,362,307,359,53,34,184,162,140,75,5,39,132,83,8,18,18,139,174,,,312,334,,68,45,155,59,22,36,34,2,50,3,14,194,289,311,287,287,107,151,66,228,164,5,98,20,156,,320,,55,b'\x11\xe8\xe1I\xc7\x1e#\x96\xaf\x82\x12\xdf\x17\xaeN\x1e'
11E8E149-C722-5574-AF82-12DF17AE4E1E,2010-ncaa-d0-natl,ncaa,219,224,178,231,203,234,237,239,215,211,226,186,207,182,254,152,200,198,216,199,135,232,197,223,222,250,180,188,143,145,94,132,88,140,68,172,79,249,275,217,234,219,48,43,,,129,189,,,183,222,211,184,247,245,241,223,227,208,169,192,181,181,235,182,129,80,84,155,268,235,37,,149,,,183,82,102,157,93,129,187,73,135,134,173,141,78,99,74,95,93,141,118,93,68,115,142,185,110,125,88,94,94,91,68,112,162,260,245,210,135,162,21,33,,,168,122,,,183,114,236,109,192,101,123,192,143,224,150,145,92,111,109,168,128,152,107,114,134,253,158,27,,139,,,"b'\x11\xe8\xe1I\xc7""Ut\xaf\x82\x12\xdf\x17\xaeN\x1e'"
11E8E149-C722-5574-AF82-12DF17AE4E1E,2010-ncaa-d1-conf-NEC,ncaa,6,6,4,6,4,5,5,5,4,6,6,4,8,6,6,7,5,5,7,5,6,5,5,5,5,6,7,8,5,5,8,4,3,4,3,4,1,8,8,6,7,9,1,1,,,5,5,,,6,5,7,5,7,5,8,6,8,7,8,6,5,5,9,6,9,3,5,4,7,9,1,,5,,,6,8,9,8,5,9,9,5,5,6,3,5,3,4,4,4,3,8,6,5,4,7,3,5,3,5,3,6,8,4,3,3,4,11,11,9,8,7,2,2,,,7,5,,,6,7,6,7,6,5,8,9,8,10,4,7,3,3,3,8,3,4,4,3,4,11,7,1,,6,,,"b'\x11\xe8\xe1I\xc7""Ut\xaf\x82\x12\xdf\x17\xaeN\x1e'"
11E8E149-C722-5574-AF82-12DF17AE4E1E,2010-ncaa-d1-natl,ncaa,228,223,191,233,223,249,253,255,219,227,245,190,214,192,257,152,208,205,216,205,131,251,221,226,227,253,177,190,141,158,96,142,94,153,71,181,81,239,275,219,248,224,53,43,,,116,188,,,190,244,213,172,249,249,242,227,230,211,172,190,180,179,239,182,133,83,87,159,266,237,39,,150,,,190,64,87,140,101,113,166,78,129,120,175,142,72,92,77,88,95,122,100,99,71,121,137,185,109,108,94,74,96,72,71,102,162,277,249,217,124,163,20,33,,,181,119,,,190,95,240,117,196,104,129,193,147,222,150,142,95,113,111,172,128,156,109,116,137,259,159,26,,139,,,"b'\x11\xe8\xe1I\xc7""Ut\xaf\x82\x12\xdf\x17\xaeN\x1e'"
11E8E149-C722-5574-AF82-12DF17AE4E1E,2011-ncaa-d0-natl,ncaa,99,60,170,87,194,268,245,244,213,208,229,147,246,185,317,147,286,235,320,233,183,254,207,226,256,274,243,209,236,132,100,135,133,127,84,254,224,284,302,287,154,136,58,32,,,267,313,,,164,244,253,113,279,252,253,208,247,242,183,294,232,233,261,205,121,89,78,263,289,150,40,,286,,,164,30,13,67,11,15,79,13,76,117,43,166,256,254,189,248,290,95,111,10,20,24,305,145,331,169,133,109,100,122,84,12,69,157,116,26,178,205,15,25,,,211,183,,,164,99,269,36,161,41,13,73,19,81,82,131,276,264,263,114,115,190,130,152,14,137,194,16,,194,,,"b'\x11\xe8\xe1I\xc7""Ut\xaf\x82\x12\xdf\x17\xaeN\x1e'"
11E8E149-C722-5574-AF82-12DF17AE4E1E,2011-ncaa-d1-conf-NEC,ncaa,5,6,4,6,4,9,7,7,6,6,7,5,7,3,10,3,10,9,11,9,8,7,6,8,9,9,8,7,10,4,4,4,6,5,5,9,8,9,9,9,6,7,1,1,,,9,11,,,6,7,9,4,10,8,9,6,9,9,4,10,9,9,10,9,4,3,4,9,7,7,3,,9,,,6,2,1,5,1,1,3,1,3,9,2,9,9,9,7,9,9,5,5,1,1,3,10,6,11,9,6,6,4,7,5,2,2,7,6,2,2,4,1,1,,,6,7,,,6,5,9,3,6,2,1,2,1,1,3,8,8,8,8,5,2,7,3,5,1,8,3,1,,9,,,"b'\x11\xe8\xe1I\xc7""Ut\xaf\x82\x12\xdf\x17\xaeN\x1e'"
11E8E149-C722-5574-AF82-12DF17AE4E1E,2011-ncaa-d1-natl,ncaa,112,57,199,92,224,277,261,268,220,226,260,152,250,197,321,144,295,247,317,247,187,276,241,231,258,278,239,207,230,147,104,162,139,146,89,266,228,274,305,289,177,142,63,33,,,250,315,,,171,272,256,107,281,257,256,215,250,243,182,293,234,235,267,207,124,94,85,267,288,156,41,,290,,,171,18,7,50,11,9,61,13,66,102,46,161,245,241,194,234,292,68,77,10,24,27,303,146,331,152,139,84,104,92,89,7,74,179,121,32,160,209,11,27,,,236,184,,,171,69,273,39,168,43,13,75,21,85,86,132,280,265,263,117,113,190,132,155,14,140,200,16,,195,,,"b'\x11\xe8\xe1I\xc7""Ut\xaf\x82\x12\xdf\x17\xaeN\x1e'"
11E8E149-C722-5574-AF82-12DF17AE4E1E,2012-ncaa-d0-natl,ncaa,198,174,240,200,247,244,197,264,81,95,100,139,335,337,234,337,243,281,53,284,327,278,248,177,156,221,340,337,175,268,201,148,131,200,125,197,175,244,297,240,233,220,74,60,,,223,289,,,170,238,171,47,213,140,224,44,42,335,338,217,267,270,251,200,250,52,141,157,287,217,52,,287,,,170,57,30,93,25,71,136,45,26,72,6,75,298,305,117,307,308,143,114,14,40,77,184,35,331,156,131,55,201,69,125,37,137,265,259,142,226,274,96,56,,,296,283,,,170,105,248,93,175,134,65,179,133,234,32,102,316,317,319,248,204,221,99,144,71,248,260,132,,289,,,"b'\x11\xe8\xe1I\xc7""Ut\xaf\x82\x12\xdf\x17\xaeN\x1e'"
11E8E149-C722-5574-AF82-12DF17AE4E1E,2012-ncaa-d1-conf-NEC,ncaa,9,8,10,9,10,9,8,9,3,5,6,4,11,11,11,11,7,8,3,8,10,9,10,8,6,8,11,11,5,9,5,8,5,8,4,9,9,5,9,8,10,10,4,3,,,3,9,,,9,10,6,1,9,7,9,1,1,11,11,6,7,6,9,7,8,3,5,8,9,10,3,,9,,,9,2,1,3,1,1,2,2,2,5,4,7,11,10,11,9,11,4,2,1,5,8,10,5,11,3,5,2,5,2,4,1,2,10,10,7,4,9,5,4,,,10,10,,,9,2,9,8,9,8,4,7,4,6,5,9,11,10,10,8,6,7,3,4,2,10,7,6,,8,,,"b'\x11\xe8\xe1I\xc7""Ut\xaf\x82\x12\xdf\x17\xaeN\x1e'"
11E8E149-C722-5574-AF82-12DF17AE4E1E,2012-ncaa-d1-natl,ncaa,208,173,286,208,295,264,219,289,85,109,114,149,338,339,234,337,258,296,52,297,327,303,280,184,165,228,340,336,173,290,207,166,138,231,132,221,179,223,299,245,248,229,79,61,,,207,288,,,185,267,174,44,218,153,234,47,42,335,338,220,271,273,255,206,252,56,147,168,283,224,53,,287,,,186,44,24,69,29,61,121,50,21,64,6,74,292,301,122,302,311,115,78,14,46,85,183,35,331,141,138,34,207,46,132,30,139,282,264,149,216,275,86,59,,,312,282,,,185,75,255,104,189,138,68,180,136,241,32,103,315,317,318,249,203,225,101,147,74,253,259,137,,291,,,"b'\x11\xe8\xe1I\xc7""Ut\xaf\x82\x12\xdf\x17\xaeN\x1e'"
11E8E149-C722-5574-AF82-12DF17AE4E1E,2013-ncaa-d0-natl,ncaa,149,126,183,143,183,189,159,167,145,84,50,200,322,332,226,332,172,165,189,166,296,168,129,222,219,257,333,330,152,82,46,100,194,82,74,158,165,310,285,244,82,81,90,92,,,255,247,,,145,150,120,10,184,129,131,49,23,327,329,154,151,154,142,56,56,40,29,140,310,58,66,,284,,,145,102,88,203,40,111,231,30,116,134,115,112,180,213,79,209,162,211,221,39,43,45,185,142,234,268,194,87,46,161,74,108,158,114,119,86,281,252,303,227,,,137,184,,,145,201,230,63,142,140,127,262,138,287,134,158,219,239,234,260,286,290,109,203,135,93,295,307,,107,,,"b'\x11\xe8\xe1I\xc7""Ut\xaf\x82\x12\xdf\x17\xaeN\x1e'"
11E8E149-C722-5574-AF82-12DF17AE4E1E,2013-ncaa-d1-conf-NEC,ncaa,6,4,5,6,5,6,5,5,2,2,2,2,12,12,9,12,6,6,6,6,8,5,4,6,6,7,11,12,5,8,4,2,5,3,3,5,9,10,9,8,6,6,1,3,,,11,12,,,3,5,4,4,5,2,7,1,1,12,12,6,6,6,5,5,8,1,1,5,10,6,1,,11,,,3,6,3,10,1,3,9,1,4,6,3,3,10,10,8,8,7,10,8,2,2,3,8,6,10,8,5,4,4,7,3,1,1,7,11,3,9,6,5,3,,,6,6,,,3,8,6,3,3,5,3,12,4,12,5,6,9,9,8,11,8,10,5,8,1,8,8,6,,6,,,"b'\x11\xe8\xe1I\xc7""Ut\xaf\x82\x12\xdf\x17\xaeN\x1e'"
11E8E149-C722-5574-AF82-12DF17AE4E1E,2013-ncaa-d1-natl,ncaa,155,126,210,145,210,210,173,192,151,95,56,206,325,334,226,331,185,182,188,182,294,194,149,229,223,260,332,330,146,93,49,111,196,96,79,172,167,299,289,251,93,86,94,92,,,243,252,,,156,171,121,9,193,135,137,52,23,327,330,153,150,154,149,58,58,41,31,146,310,61,66,,287,,,155,81,77,190,42,98,219,32,108,124,121,109,175,201,82,194,166,193,201,42,42,52,182,141,235,256,196,64,49,141,79,96,158,126,125,90,268,255,298,229,,,154,180,,,156,182,233,73,152,142,129,266,144,287,135,155,221,242,235,263,287,293,110,206,136,102,294,310,,108,,,"b'\x11\xe8\xe1I\xc7""Ut\xaf\x82\x12\xdf\x17\xaeN\x1e'"
11E8E149-C722-5574-AF82-12DF17AE4E1E,2014-ncaa-d0-natl,ncaa,239,205,297,236,303,294,292,268,295,236,177,303,298,292,290,271,233,195,276,195,214,257,238,306,308,306,262,277,93,94,59,263,165,180,90,305,289,214,269,307,103,54,185,137,,,222,331,,,228,287,137,85,259,247,120,168,77,280,257,169,122,126,110,72,26,158,54,289,296,60,149,,324,,,235,50,37,31,154,42,47,149,95,87,181,147,206,250,40,250,320,42,53,157,168,163,266,157,300,81,165,74,59,54,90,33,96,205,132,81,37,53,145,155,,,210,147,,,228,60,283,155,242,176,118,105,129,133,153,142,289,312,312,180,199,171,191,187,78,131,84,225,,92,,,"b'\x11\xe8\xe1I\xc7""Ut\xaf\x82\x12\xdf\x17\xaeN\x1e'"
11E8E149-C722-5574-AF82-12DF17AE4E1E,2014-ncaa-d1-conf-NEC,ncaa,9,9,9,9,9,9,9,8,9,5,5,9,9,8,10,9,6,6,8,6,9,7,6,9,9,9,9,9,1,3,2,9,7,4,4,9,8,8,9,10,3,2,4,4,,,8,10,,,9,10,5,5,8,8,6,4,2,9,8,5,3,3,3,3,2,7,3,8,10,2,4,,9,,,9,3,2,1,5,1,1,5,3,2,7,3,8,8,1,8,10,2,2,5,7,7,9,5,9,3,7,3,2,2,4,3,5,8,6,3,2,2,6,5,,,6,6,,,9,1,9,6,9,6,5,2,5,4,3,3,8,9,9,6,7,8,7,7,4,4,4,6,,3,,,"b'\x11\xe8\xe1I\xc7""Ut\xaf\x82\x12\xdf\x17\xaeN\x1e'"
11E8E149-C722-5574-AF82-12DF17AE4E1E,2014-ncaa-d1-natl,ncaa,252,204,333,245,335,308,308,290,299,255,192,306,304,298,292,271,247,218,277,219,214,281,272,310,311,309,261,277,93,111,62,284,171,207,97,314,291,199,272,311,116,62,194,141,,,209,332,,,237,316,140,84,268,251,125,171,81,284,259,173,122,127,114,76,26,165,58,291,295,65,154,,324,,,246,36,24,14,164,30,23,157,85,78,188,144,194,235,41,235,320,22,32,163,174,168,266,156,301,64,171,51,62,35,97,22,98,227,138,86,28,56,138,157,,,235,143,,,237,32,285,164,251,184,126,105,135,134,152,143,292,314,313,184,198,174,201,191,83,134,85,226,,93,,,"b'\x11\xe8\xe1I\xc7""Ut\xaf\x82\x12\xdf\x17\xaeN\x1e'"
11E8E149-C722-5574-AF82-12DF17AE4E1E,2015-ncaa-d0-natl,ncaa,97,103,79,108,80,131,106,139,89,99,121,125,169,207,82,226,195,171,221,175,247,149,125,115,133,166,232,194,250,89,64,102,76,90,43,110,152,273,250,181,177,183,221,225,,,311,322,,,129,144,280,37,178,154,231,135,163,182,239,244,240,245,239,219,119,153,126,131,229,211,244,,281,,,130,156,124,158,140,140,162,150,150,167,119,172,253,278,52,276,278,189,200,128,136,141,215,146,268,131,76,94,64,100,43,62,55,149,156,82,241,216,78,58,,,150,205,,,129,214,132,122,124,101,77,58,92,82,116,133,220,252,251,79,76,73,41,40,45,196,209,59,,226,,,"b'\x11\xe8\xe1I\xc7""Ut\xaf\x82\x12\xdf\x17\xaeN\x1e'"
11E8E149-C722-5574-AF82-12DF17AE4E1E,2015-ncaa-d1-conf-NEC,ncaa,1,1,3,1,4,5,4,6,3,2,3,5,8,8,4,8,5,6,3,6,9,7,6,4,3,6,9,8,6,2,2,1,3,1,1,4,3,7,8,4,6,6,4,4,,,5,6,,,1,6,9,5,7,6,8,4,6,8,8,5,6,6,8,8,5,2,1,3,7,7,5,,4,,,1,1,1,3,1,1,7,2,1,3,1,4,3,4,1,4,4,4,4,1,1,1,4,3,6,4,3,1,2,1,1,1,3,5,5,1,4,5,3,2,,,7,7,,,1,5,4,1,1,1,1,2,1,3,1,1,3,4,4,2,2,3,1,2,1,7,6,3,,8,,,"b'\x11\xe8\xe1I\xc7""Ut\xaf\x82\x12\xdf\x17\xaeN\x1e'"
11E8E149-C722-5574-AF82-12DF17AE4E1E,2015-ncaa-d1-natl,ncaa,106,103,97,110,100,163,138,174,99,121,139,133,180,217,87,223,212,202,221,204,246,190,154,116,137,176,228,193,246,106,67,128,79,112,47,125,150,258,255,187,195,193,236,233,,,303,325,,,144,179,282,36,192,162,240,141,171,183,239,248,243,247,249,223,128,158,136,139,235,222,245,,286,,,143,125,105,120,155,114,134,156,133,156,125,166,245,265,55,264,279,153,160,142,149,152,213,142,267,109,79,69,67,67,47,48,57,171,164,92,228,221,70,61,,,176,200,,,144,175,142,133,140,105,81,61,95,82,119,131,225,254,255,82,77,75,46,45,47,204,211,61,,225,,,"b'\x11\xe8\xe1I\xc7""Ut\xaf\x82\x12\xdf\x17\xaeN\x1e'"
11E8E149-C722-5574-AF82-12DF17AE4E1E,2016-ncaa-d0-natl,ncaa,221,228,175,231,176,249,266,244,283,280,257,288,158,150,188,130,191,146,318,149,70,235,231,263,269,256,87,112,114,194,215,271,213,256,248,235,138,180,226,237,59,23,176,150,,,263,318,,,243,229,272,6,269,290,253,292,258,161,148,197,134,135,233,231,195,286,267,241,200,39,170,,288,,,242,133,91,51,223,116,84,223,101,89,203,127,288,272,253,271,307,83,101,218,248,202,223,116,310,112,213,213,215,165,248,102,147,133,93,98,86,120,19,50,,,133,55,,,243,115,260,196,243,170,118,51,151,81,120,83,293,284,284,78,105,129,235,192,117,119,106,18,,81,,,"b'\x11\xe8\xe1I\xc7""Ut\xaf\x82\x12\xdf\x17\xaeN\x1e'"
11E8E149-C722-5574-AF82-12DF17AE4E1E,2016-ncaa-d1-conf-NEC,ncaa,5,5,5,5,5,6,6,7,7,8,7,9,5,6,5,6,8,3,8,3,3,7,7,7,7,7,5,3,6,6,6,7,6,6,8,6,4,2,3,3,2,2,2,2,,,6,8,,,5,7,9,1,7,7,5,7,6,4,4,8,4,4,5,6,6,5,5,5,3,2,3,,6,,,5,2,1,3,4,3,5,3,2,2,4,3,6,7,8,7,8,4,4,3,4,4,5,3,9,6,6,7,6,7,8,2,3,7,6,4,1,1,1,1,,,5,2,,,5,4,6,5,5,5,3,3,5,8,2,2,6,7,7,6,7,7,8,8,3,6,1,1,,4,,,"b'\x11\xe8\xe1I\xc7""Ut\xaf\x82\x12\xdf\x17\xaeN\x1e'"
11E8E149-C722-5574-AF82-12DF17AE4E1E,2016-ncaa-d1-natl,ncaa,234,227,218,238,219,278,296,280,290,306,279,294,176,165,189,128,213,163,318,166,67,264,270,271,270,266,82,110,106,219,225,302,222,292,263,258,146,155,227,245,73,31,196,157,,,248,318,,,256,276,277,6,275,299,258,305,261,164,149,196,136,137,240,236,202,289,277,250,200,41,176,,287,,,256,114,71,30,234,97,56,230,91,61,215,120,277,256,253,257,308,41,61,223,259,215,219,114,311,89,222,184,225,132,263,94,148,166,101,104,68,128,13,53,,,156,45,,,256,71,268,208,258,178,125,52,158,86,121,83,297,290,290,80,105,129,239,200,125,131,106,21,,78,,,"b'\x11\xe8\xe1I\xc7""Ut\xaf\x82\x12\xdf\x17\xaeN\x1e'"
11E8E149-C722-5574-AF82-12DF17AE4E1E,2017-ncaa-d0-natl,ncaa,237,265,116,255,138,191,229,153,304,245,169,311,149,132,218,146,91,80,212,81,49,126,114,291,284,265,65,136,42,100,153,95,62,83,121,208,155,236,203,240,211,222,262,285,,,209,190,,,253,130,151,130,225,265,162,276,204,158,132,85,67,68,137,119,87,80,64,226,234,222,275,,190,,,252,239,260,237,239,251,214,256,237,235,193,222,127,170,62,169,146,230,199,245,215,258,129,208,95,90,62,295,153,233,121,211,122,225,250,239,230,201,281,278,,,111,122,,,253,221,248,230,251,234,261,231,247,194,232,229,107,146,148,215,163,85,271,215,180,251,223,275,,99,,,"b'\x11\xe8\xe1I\xc7""Ut\xaf\x82\x12\xdf\x17\xaeN\x1e'"
11E8E149-C722-5574-AF82-12DF17AE4E1E,2017-ncaa-d1-conf-NEC,ncaa,5,6,3,6,4,4,4,3,8,3,3,8,4,4,5,6,3,1,9,2,3,2,2,7,8,5,5,6,4,1,3,1,1,1,1,5,5,6,3,5,7,8,9,9,,,7,7,,,6,4,2,10,3,4,3,3,2,4,4,3,2,2,2,2,2,1,1,6,6,7,9,,6,,,6,10,10,8,8,10,9,7,6,7,6,3,6,6,3,6,5,8,7,6,5,8,2,4,4,1,1,9,3,6,1,5,1,8,9,7,5,2,8,6,,,2,5,,,6,8,4,6,5,8,8,9,9,8,5,4,4,6,6,8,6,1,9,5,4,8,6,7,,2,,,"b'\x11\xe8\xe1I\xc7""Ut\xaf\x82\x12\xdf\x17\xaeN\x1e'"
11E8E149-C722-5574-AF82-12DF17AE4E1E,2017-ncaa-d1-natl,ncaa,258,265,144,264,166,221,269,181,309,272,200,315,159,144,220,146,107,95,209,96,53,159,150,297,288,270,63,137,44,117,168,114,65,109,132,231,163,219,211,246,235,230,273,290,,,192,194,,,263,177,154,125,236,276,169,287,209,159,133,87,69,70,146,124,96,82,71,233,236,230,281,,192,,,262,215,244,201,254,233,185,269,220,223,203,220,115,148,65,145,148,194,151,262,227,271,125,208,94,67,65,274,168,206,132,197,124,248,254,250,209,203,272,283,,,130,117,,,263,178,257,238,260,241,273,231,258,199,240,227,110,147,150,213,160,87,280,221,189,255,226,280,,100,,,"b'\x11\xe8\xe1I\xc7""Ut\xaf\x82\x12\xdf\x17\xaeN\x1e'"
11E8E149-C722-5574-AF82-12DF17AE4E1E,2018-ncaa-d0-natl,ncaa,293,308,164,303,208,253,286,209,331,340,296,345,60,67,72,44,246,253,201,254,130,221,187,276,282,292,6,12,179,228,268,189,287,207,293,207,72,300,296,266,286,303,122,165,,,224,206,,,319,177,98,205,279,306,207,346,302,50,56,249,241,248,226,146,220,183,203,218,300,286,113,,246,,,316,276,282,247,269,304,275,281,99,137,76,85,244,252,143,242,168,256,212,223,226,271,53,45,197,288,287,269,268,292,293,234,128,253,282,270,342,334,316,342,,,242,243,,,319,180,301,299,316,297,306,302,326,313,120,148,250,266,252,307,276,305,294,307,246,247,334,325,,232,,,"b'\x11\xe8\xe1I\xc7""Ut\xaf\x82\x12\xdf\x17\xaeN\x1e'"
11E8E149-C722-5574-AF82-12DF17AE4E1E,2018-ncaa-d1-conf-NEC,ncaa,7,7,5,7,8,6,6,6,8,10,7,10,2,2,3,3,8,10,6,10,9,6,6,7,7,6,2,2,8,4,7,3,3,4,6,4,2,5,5,4,10,10,2,2,,,7,8,,,9,6,5,5,6,8,3,10,8,2,3,8,10,10,4,3,4,2,3,3,7,10,2,,7,,,9,9,7,8,8,10,9,8,2,2,2,1,8,8,10,8,7,9,4,6,7,10,3,1,8,5,3,7,7,7,6,5,1,10,10,10,8,9,6,7,,,8,9,,,9,5,7,10,8,10,9,7,10,9,1,2,9,8,8,9,5,5,7,6,5,10,8,6,,8,,,"b'\x11\xe8\xe1I\xc7""Ut\xaf\x82\x12\xdf\x17\xaeN\x1e'"
11E8E149-C722-5574-AF82-12DF17AE4E1E,2018-ncaa-d1-natl,ncaa,305,307,213,310,272,287,311,254,333,347,313,348,67,79,75,44,268,267,200,270,131,268,238,287,289,295,4,12,174,256,275,232,293,252,299,240,74,281,300,277,301,314,139,170,,,202,215,,,324,224,101,187,287,312,215,347,306,51,56,252,242,249,236,151,231,188,217,231,300,293,115,,248,,,323,266,268,223,282,301,262,292,82,108,83,83,227,237,144,226,168,236,177,237,236,285,51,44,197,279,293,241,275,273,299,224,132,275,288,277,338,337,309,345,,,266,241,,,324,137,305,307,323,304,309,304,328,314,119,144,252,267,257,309,275,303,295,310,253,257,334,325,,232,,,"b'\x11\xe8\xe1I\xc7""Ut\xaf\x82\x12\xdf\x17\xaeN\x1e'"
11E8E149-C722-5574-AF82-12DF17AE4E1E,2019-ncaa-d0-natl,ncaa,297,283,292,300,308,304,293,290,273,280,267,261,240,214,259,158,301,301,237,296,237,300,309,269,275,270,194,166,221,309,300,284,227,311,291,233,95,146,225,205,301,275,181,149,,,127,254,,,270,297,140,272,276,262,216,259,204,202,168,274,266,258,230,211,286,223,274,175,223,269,148,,249,,,276,97,89,70,176,84,82,179,117,125,167,189,209,214,158,211,266,83,46,175,197,249,226,171,258,108,227,139,300,122,291,131,207,309,270,261,212,277,45,96,,,311,267,,,270,49,286,246,288,222,188,186,178,180,195,205,275,277,277,237,181,210,278,269,204,261,267,85,,277,,,"b'\x11\xe8\xe1I\xc7""Ut\xaf\x82\x12\xdf\x17\xaeN\x1e'"
11E8E149-C722-5574-AF82-12DF17AE4E1E,2019-ncaa-d1-conf-NEC,ncaa,9,8,9,9,9,9,8,8,8,6,6,9,9,6,10,6,10,9,8,9,9,8,9,9,9,9,8,7,9,9,9,10,9,10,10,8,6,2,6,7,9,9,3,3,,,4,6,,,9,8,5,4,8,7,6,6,3,9,6,9,9,9,6,5,7,10,9,6,4,9,1,,5,,,9,3,4,3,7,5,4,7,3,2,8,4,5,3,6,3,5,2,1,8,8,8,4,5,6,3,9,6,9,5,10,4,5,9,8,7,2,5,2,3,,,9,9,,,9,1,9,8,9,8,8,7,9,8,7,5,7,7,7,7,4,7,10,9,7,8,4,3,,9,,,"b'\x11\xe8\xe1I\xc7""Ut\xaf\x82\x12\xdf\x17\xaeN\x1e'"
11E8E149-C722-5574-AF82-12DF17AE4E1E,2019-ncaa-d1-natl,ncaa,308,282,340,308,344,325,315,325,283,306,293,272,258,239,266,158,317,312,235,309,235,332,338,277,283,278,190,163,217,320,306,319,242,336,302,266,98,107,234,212,316,285,193,151,,,106,257,,,283,331,145,272,288,280,224,268,210,205,172,277,271,263,240,219,290,236,288,184,225,279,149,,249,,,292,63,61,33,195,68,47,196,96,97,177,183,191,193,169,188,269,35,15,194,217,259,225,171,258,72,242,99,306,84,302,106,214,320,277,270,192,286,39,104,,,330,266,,,283,15,293,264,304,236,205,193,196,185,194,204,277,278,277,241,176,219,285,275,217,266,271,95,,278,,,"b'\x11\xe8\xe1I\xc7""Ut\xaf\x82\x12\xdf\x17\xaeN\x1e'"
11E8E149-C722-5574-AF82-12DF17AE4E1E,2020-ncaa-d0-natl,ncaa,328,329,191,330,243,296,298,264,292,245,194,291,284,281,290,248,217,253,102,256,223,276,242,302,286,300,233,256,82,213,200,288,298,269,277,226,103,284,305,272,219,212,82,80,,,213,244,,,306,243,194,273,305,311,290,246,185,291,278,196,240,244,289,235,213,292,273,231,294,213,75,,238,,,304,205,187,161,205,214,188,213,118,112,168,115,273,242,313,243,237,167,147,203,231,250,161,110,264,260,298,147,200,199,277,156,147,218,218,197,287,311,89,100,,,265,234,,,306,113,305,279,308,239,219,184,234,207,137,139,276,247,252,213,190,267,170,226,174,212,298,102,,249,,,"b'\x11\xe8\xe1I\xc7""Ut\xaf\x82\x12\xdf\x17\xaeN\x1e'"
11E8E149-C722-5574-AF82-12DF17AE4E1E,2020-ncaa-d1-conf-NEC,ncaa,11,11,9,11,9,11,11,10,8,5,4,8,10,11,8,10,7,7,8,7,7,9,9,10,10,9,11,10,4,6,6,10,7,10,6,10,9,6,8,10,6,6,3,3,,,7,8,,,10,9,5,5,10,7,8,4,2,10,10,6,6,6,9,8,4,10,9,10,7,6,3,,9,,,10,7,6,4,8,7,7,8,5,2,9,2,7,7,8,7,6,4,3,7,9,9,5,4,7,6,7,5,6,5,6,5,2,8,5,7,8,9,5,3,,,7,6,,,10,3,10,9,11,9,9,6,8,10,6,3,8,7,7,7,7,7,6,6,7,7,8,6,,5,,,"b'\x11\xe8\xe1I\xc7""Ut\xaf\x82\x12\xdf\x17\xaeN\x1e'"
11E8E149-C722-5574-AF82-12DF17AE4E1E,2020-ncaa-d1-natl,ncaa,332,329,257,334,302,320,330,308,302,286,232,302,297,295,291,249,235,272,104,274,225,314,296,310,290,308,231,255,74,235,208,311,306,306,282,262,104,270,310,281,239,223,94,84,,,180,249,,,316,292,201,273,312,322,296,258,191,292,282,199,239,245,292,242,219,294,281,246,294,220,81,,241,,,317,182,167,120,218,195,166,225,106,91,174,110,258,225,317,227,240,128,89,210,240,266,161,104,265,239,306,123,208,172,282,143,149,246,225,213,282,316,82,106,,,285,233,,,316,62,313,286,316,251,230,186,242,217,138,136,281,252,257,216,190,273,176,235,182,219,299,104,,252,,,"b'\x11\xe8\xe1I\xc7""Ut\xaf\x82\x12\xdf\x17\xaeN\x1e'"
11E8E149-C722-5574-AF82-12DF17AE4E1E,2021-ncaa-d0-natl,ncaa,290,250,273,298,281,272,276,272,285,293,288,264,188,168,240,62,238,267,55,265,146,274,275,255,243,242,59,81,123,272,278,274,318,281,322,284,224,89,221,258,272,256,40,20,,,42,15,,,270,270,89,224,233,261,164,288,257,107,64,167,220,219,183,142,233,215,245,253,229,226,8,,38,,,272,97,118,104,231,130,134,141,135,81,325,120,32,39,92,38,13,87,82,239,179,178,87,223,11,204,318,116,278,133,322,119,132,228,149,179,141,265,89,179,,,268,201,,,270,74,258,246,272,252,302,306,285,319,264,159,27,46,46,270,304,332,302,324,235,107,272,143,,181,,,"b'\x11\xe8\xe1I\xc7""Ut\xaf\x82\x12\xdf\x17\xaeN\x1e'"
11E8E149-C722-5574-AF82-12DF17AE4E1E,2021-ncaa-d1-conf-NEC,ncaa,9,10,3,10,5,3,5,3,9,8,6,9,3,2,9,2,2,3,3,4,2,3,3,9,8,7,2,4,3,4,9,6,10,6,10,7,9,6,5,9,8,10,1,1,,,3,1,,,9,2,1,10,6,9,4,10,9,3,2,4,4,4,5,4,8,8,9,9,6,7,1,,2,,,9,10,10,10,9,10,10,7,9,8,9,3,3,5,1,5,2,9,9,9,6,7,2,6,2,10,10,10,9,10,10,9,4,4,7,8,9,7,3,4,,,4,6,,,9,9,7,10,9,10,10,10,10,10,8,6,3,4,4,10,10,10,10,10,8,6,8,3,,5,,,"b'\x11\xe8\xe1I\xc7""Ut\xaf\x82\x12\xdf\x17\xaeN\x1e'"
11E8E149-C722-5574-AF82-12DF17AE4E1E,2021-ncaa-d1-natl,ncaa,296,250,281,303,287,282,288,280,290,294,294,272,193,175,240,62,254,275,54,273,144,283,284,260,248,248,57,81,117,284,282,281,322,288,323,290,225,82,227,265,281,259,43,21,,,36,15,,,276,278,91,225,240,274,169,292,257,111,64,169,221,221,189,148,239,221,252,262,231,232,8,,38,,,282,90,111,94,240,121,120,157,127,75,329,117,30,36,97,36,13,83,75,247,191,190,83,223,11,194,322,108,282,118,323,112,133,243,158,185,131,269,83,182,,,277,197,,,276,66,265,255,281,259,305,306,286,322,267,158,26,46,47,274,302,332,304,327,241,111,271,148,,183,,,"b'\x11\xe8\xe1I\xc7""Ut\xaf\x82\x12\xdf\x17\xaeN\x1e'"
11E8E149-C722-5574-AF82-12DF17AE4E1E,2022-ncaa-d0-natl,ncaa,305,288,295,308,314,304,303,273,313,324,303,324,156,150,179,70,339,337,262,337,308,290,301,270,308,289,79,42,318,248,231,320,334,311,321,322,323,84,204,293,319,302,125,111,,,79,209,,,296,309,199,275,287,269,150,313,255,91,75,332,327,324,214,194,176,295,269,318,197,295,79,,213,,,300,98,133,80,272,166,133,236,78,39,279,60,114,161,38,158,192,78,59,249,232,268,79,97,150,233,334,131,231,157,321,169,212,312,267,292,105,219,36,116,,,288,190,,,296,41,286,311,309,256,274,230,297,290,145,84,205,265,261,243,212,321,282,314,278,263,211,77,,200,,,"b'\x11\xe8\xe1I\xc7""Ut\xaf\x82\x12\xdf\x17\xaeN\x1e'"
11E8E149-C722-5574-AF82-12DF17AE4E1E,2022-ncaa-d1-conf-NEC,ncaa,10,8,7,10,9,9,8,6,9,9,8,8,3,2,8,2,9,10,7,10,10,7,8,8,9,7,3,2,8,6,7,7,10,8,10,10,10,2,3,8,9,9,1,2,,,5,7,,,10,8,4,7,7,7,2,9,6,3,1,9,10,10,3,4,4,7,8,9,3,9,1,,6,,,10,7,8,4,10,9,6,7,5,3,8,4,7,8,1,8,8,4,4,6,8,9,5,4,8,10,10,8,7,9,10,9,10,9,9,9,5,6,3,5,,,8,7,,,10,3,7,9,10,9,9,9,10,10,5,4,8,9,9,9,9,10,10,10,10,8,6,6,,7,,,"b'\x11\xe8\xe1I\xc7""Ut\xaf\x82\x12\xdf\x17\xaeN\x1e'"
11E8E149-C722-5574-AF82-12DF17AE4E1E,2022-ncaa-d1-natl,ncaa,316,288,326,316,340,330,328,318,324,344,325,331,174,170,184,69,342,342,258,342,309,330,333,288,313,302,76,41,315,275,242,340,337,334,326,340,326,60,207,305,340,311,144,117,,,52,218,,,312,338,205,275,298,288,162,324,258,97,76,334,328,325,227,202,187,303,285,327,205,305,87,,220,,,316,81,106,46,288,149,107,252,62,22,282,60,99,135,41,133,196,45,28,265,249,284,76,94,154,210,337,89,242,121,326,158,217,329,276,302,88,226,29,129,,,313,187,,,312,17,296,323,322,268,287,231,302,292,147,84,213,270,265,242,210,326,287,317,287,267,217,84,,200,,,"b'\x11\xe8\xe1I\xc7""Ut\xaf\x82\x12\xdf\x17\xaeN\x1e'"
11E8E149-C722-5574-AF82-12DF17AE4E1E,2023-ncaa-d0-natl,ncaa,312,317,236,315,264,308,299,279,299,274,238,284,269,243,294,183,280,314,79,314,306,291,276,295,286,298,222,205,177,154,122,301,272,259,219,299,254,212,283,296,201,143,189,198,,,157,261,,,296,302,288,209,314,306,264,269,207,256,215,272,306,310,281,249,123,304,243,302,258,170,173,,211,,,296,96,127,67,281,217,183,233,33,18,242,19,143,145,168,135,139,71,79,247,250,222,33,36,193,155,272,89,122,104,219,65,67,208,142,121,88,156,63,88,,,296,267,,,296,64,288,240,292,169,210,90,280,273,41,21,193,193,187,88,96,223,156,182,102,176,138,83,,286,,,"b'\x11\xe8\xe1I\xc7""Ut\xaf\x82\x12\xdf\x17\xaeN\x1e'"
11E8E149-C722-5574-AF82-12DF17AE4E1E,2023-ncaa-d1-conf-NEC,ncaa,9,9,5,9,6,7,8,6,8,7,6,8,7,6,6,5,6,7,1,7,8,7,7,8,8,8,6,5,4,4,3,8,7,6,7,8,7,6,6,8,4,4,4,4,,,5,6,,,7,8,7,4,7,7,7,7,4,7,6,6,8,8,7,5,3,8,7,8,6,4,4,,6,,,7,4,4,3,8,6,5,8,3,2,7,2,5,5,9,5,5,3,3,7,7,7,3,3,4,4,7,3,3,3,7,3,3,6,4,4,5,5,4,4,,,7,8,,,7,2,7,8,7,5,4,4,8,6,2,2,5,5,5,4,4,5,4,5,3,4,6,4,,8,,,"b'\x11\xe8\xe1I\xc7""Ut\xaf\x82\x12\xdf\x17\xaeN\x1e'"
11E8E149-C722-5574-AF82-12DF17AE4E1E,2023-ncaa-d1-natl,ncaa,322,316,310,326,320,335,327,322,311,305,267,293,282,261,298,181,302,330,77,330,309,326,327,304,294,308,216,206,173,183,137,333,276,304,235,324,258,181,288,308,226,156,204,204,,,128,270,,,306,342,296,187,326,315,270,279,208,262,217,278,311,316,292,262,130,312,256,313,259,181,180,,218,,,308,66,89,34,302,191,140,243,28,10,259,19,123,128,166,118,145,30,32,261,264,250,30,37,197,124,276,61,137,74,235,49,67,243,153,144,72,158,54,99,,,317,268,,,306,25,296,268,306,185,222,91,295,275,44,23,201,201,196,91,95,225,162,190,117,186,138,88,,290,,,"b'\x11\xe8\xe1I\xc7""Ut\xaf\x82\x12\xdf\x17\xaeN\x1e'"
11E8E149-C722-5574-AF82-12DF17AE4E1E,2024-ncaa-d0-natl,ncaa,286,297,196,295,218,273,232,206,261,157,128,229,331,297,348,279,296,323,52,325,353,235,272,293,296,265,342,319,248,312,329,287,344,314,352,254,245,57,123,184,233,242,270,283,,,176,195,,,294,253,242,187,299,243,204,133,97,335,291,308,327,327,253,295,313,306,341,260,84,229,268,,203,,,294,172,156,141,214,209,185,208,106,107,164,105,225,213,282,222,216,155,155,190,204,199,123,94,244,316,344,269,329,303,352,64,36,179,166,99,112,189,145,121,,,319,300,,,294,106,288,276,295,206,201,183,241,237,115,121,244,228,236,205,216,335,302,329,78,156,137,163,,320,,,"b'\x11\xe8\xe1I\xc7""Ut\xaf\x82\x12\xdf\x17\xaeN\x1e'"
11E8E149-C722-5574-AF82-12DF17AE4E1E,2024-ncaa-d1-conf-NEC,ncaa,5,5,5,5,5,5,4,5,5,3,3,4,8,8,8,7,7,8,1,8,9,5,7,7,8,4,9,8,7,8,9,6,6,8,9,5,5,1,3,4,6,6,6,4,,,5,6,,,5,6,5,2,5,4,2,2,1,8,7,7,8,8,3,6,8,6,8,5,3,6,5,,6,,,5,4,1,3,3,3,3,4,5,5,4,5,9,8,8,8,8,3,5,4,4,3,8,5,9,7,6,9,9,8,9,1,3,5,5,2,4,5,4,2,,,8,7,,,5,4,5,5,5,4,3,7,3,6,5,6,9,9,9,7,8,7,9,9,1,5,5,5,,8,,,"b'\x11\xe8\xe1I\xc7""Ut\xaf\x82\x12\xdf\x17\xaeN\x1e'"
11E8E149-C722-5574-AF82-12DF17AE4E1E,2024-ncaa-d1-natl,ncaa,298,296,254,301,283,311,282,265,278,195,168,246,340,314,349,282,318,338,53,339,353,291,325,310,310,277,343,324,242,326,334,318,350,340,357,286,254,41,128,202,271,256,293,292,,,142,203,,,307,306,250,171,313,267,218,150,102,339,298,310,333,332,260,303,316,315,344,281,85,249,281,,208,,,306,137,135,98,232,180,150,219,90,84,181,107,208,189,290,198,221,107,97,206,223,229,125,88,249,305,350,245,334,285,357,52,37,219,183,121,94,198,131,130,,,338,301,,,307,58,302,292,308,223,215,186,252,240,119,122,257,232,241,210,215,339,310,337,88,171,145,178,,323,,,"b'\x11\xe8\xe1I\xc7""Ut\xaf\x82\x12\xdf\x17\xaeN\x1e'"
11E8E149-C722-5574-AF82-12DF17AE4E1E,2025-ncaa-d0-natl,genius_ncaa,265,249,248,267,270,259,254,249,224,230,178,282,269,294,139,275,247,249,218,247,258,255,288,239,242,222,227,229,176,226,217,250,238,248,248,267,246,73,142,203,339,335,272,280,,,128,220,,171,280,296,257,176,246,231,212,202,116,245,288,230,215,216,209,248,190,202,210,251,120,339,265,,189,,213,281,166,172,149,237,159,148,203,223,166,283,210,138,95,334,89,122,124,85,244,249,300,198,245,137,183,238,152,217,168,248,150,139,314,298,289,97,165,20,17,,,240,155,,164,280,72,218,312,278,256,265,245,238,224,271,223,181,139,135,226,137,243,240,249,213,307,150,30,,195,,143,"b'\x11\xe8\xe1I\xc7""Ut\xaf\x82\x12\xdf\x17\xaeN\x1e'"
11E8E149-C722-5574-AF82-12DF17AE4E1E,2025-ncaa-d1-conf-NEC,genius_ncaa,3,3,5,3,8,4,4,4,4,3,2,5,5,6,3,8,5,5,7,5,4,4,4,5,5,2,7,7,5,4,3,6,5,4,4,4,5,2,2,3,6,6,2,2,,,4,5,,3,3,7,3,8,2,2,2,2,2,5,6,5,5,5,2,2,1,5,3,4,2,5,2,,5,,4,3,5,6,4,5,4,4,5,7,7,8,7,3,3,8,3,4,5,3,6,6,6,7,7,3,4,5,4,3,5,4,4,4,7,6,6,2,3,6,4,,,6,5,,4,3,3,2,7,3,6,7,6,6,5,7,7,4,3,3,5,5,5,6,6,5,6,2,6,,2,,4,"b'\x11\xe8\xe1I\xc7""Ut\xaf\x82\x12\xdf\x17\xaeN\x1e'"
11E8E149-C722-5574-AF82-12DF17AE4E1E,2025-ncaa-d1-natl,genius_ncaa,262,249,244,265,272,276,256,249,234,228,176,281,266,283,182,271,253,250,220,248,258,259,284,250,259,233,236,237,172,223,221,245,241,251,246,270,241,75,146,204,325,324,273,282,,,135,219,,173,273,289,258,181,260,237,206,202,119,254,279,237,224,222,215,248,196,200,205,254,122,321,267,,188,,207,272,162,168,153,212,157,149,191,210,175,256,209,137,94,315,89,121,130,91,221,219,267,190,235,134,195,241,163,221,177,246,135,118,297,281,256,94,158,20,15,,,237,159,,141,273,77,230,290,273,231,243,232,218,216,250,220,172,137,131,212,141,251,245,255,181,282,146,31,,201,,122,"b'\x11\xe8\xe1I\xc7""Ut\xaf\x82\x12\xdf\x17\xaeN\x1e'"
11E8E149-C722-5574-AF82-12DF17AE4E1E,2026-ncaa-d0-natl,genius_ncaa,332,329,206,332,216,319,324,249,358,301,203,359,320,301,328,280,266,278,134,277,303,261,264,357,354,340,207,267,66,218,260,307,326,293,337,329,278,107,191,305,201,144,262,227,,,127,217,,47,329,271,330,97,354,357,255,336,136,335,305,256,278,277,282,312,199,346,325,349,151,165,264,,165,,51,330,164,153,87,312,147,68,333,181,166,224,244,201,225,123,226,317,95,97,323,315,301,216,197,226,199,326,217,260,219,337,282,344,245,189,305,151,243,219,227,,,289,268,,268,329,87,338,315,336,242,236,72,217,47,231,215,246,274,277,104,74,258,322,317,322,226,208,261,,301,,259,"b'\x11\xe8\xe1I\xc7""Ut\xaf\x82\x12\xdf\x17\xaeN\x1e'"
11E8E149-C722-5574-AF82-12DF17AE4E1E,2026-ncaa-d1-natl,genius_ncaa,354,327,271,354,286,362,361,329,362,354,271,363,355,337,336,283,314,327,130,327,307,335,337,362,359,354,188,263,59,293,289,352,342,347,352,358,297,67,209,330,276,184,300,244,,,68,234,,34,342,343,338,100,361,361,292,349,151,348,314,267,284,283,310,324,234,356,350,358,157,208,277,,175,,59,348,115,112,27,336,107,16,349,136,107,257,247,162,178,135,179,321,35,23,341,338,334,213,194,224,153,342,166,289,162,352,260,346,319,228,323,113,259,192,254,,,342,260,,284,342,19,353,344,352,282,267,87,250,53,248,222,260,282,284,120,74,278,334,332,334,255,217,276,,304,,256,"b'\x11\xe8\xe1I\xc7""Ut\xaf\x82\x12\xdf\x17\xaeN\x1e'"
11E8E149-C726-904E-AF82-12DF17AE4E1E,2010-ncaa-d0-natl,ncaa,219,224,178,231,192,84,128,124,149,201,272,65,35,18,182,24,56,94,35,91,22,120,114,87,60,90,32,48,104,191,218,290,339,254,319,135,172,220,182,174,23,21,319,323,,,247,174,,,222,93,18,111,36,78,62,196,274,22,9,32,69,66,54,35,172,308,273,105,249,11,320,,282,,,222,329,321,227,330,273,130,333,330,297,299,301,248,236,211,245,261,240,265,338,337,321,263,286,119,314,339,209,218,277,319,336,305,59,81,252,234,196,297,329,,,96,128,,,222,244,106,327,231,340,334,299,300,154,335,322,264,258,262,310,330,329,252,306,337,29,243,310,,57,,,b'\x11\xe8\xe1I\xc7&\x90N\xaf\x82\x12\xdf\x17\xaeN\x1e'
11E8E149-C726-904E-AF82-12DF17AE4E1E,2010-ncaa-d1-conf-MAC,ncaa,6,6,3,6,4,2,3,3,2,3,10,1,4,2,10,2,4,4,3,4,4,4,4,2,2,2,3,6,5,10,10,9,11,8,11,3,8,9,6,6,1,2,12,12,,,8,4,,,7,1,1,3,2,2,1,2,9,3,2,4,4,4,2,2,10,10,9,3,8,1,12,,7,,,7,12,12,11,10,11,5,10,12,12,7,12,5,7,1,7,7,11,12,11,9,9,6,11,1,9,11,10,10,10,11,12,12,2,4,9,8,6,11,11,,,4,4,,,7,11,4,9,7,11,12,11,12,5,12,12,4,6,6,12,12,10,11,10,12,1,7,11,,4,,,b'\x11\xe8\xe1I\xc7&\x90N\xaf\x82\x12\xdf\x17\xaeN\x1e'
11E8E149-C726-904E-AF82-12DF17AE4E1E,2010-ncaa-d1-natl,ncaa,228,223,191,233,207,95,139,138,155,211,291,68,37,21,187,24,62,103,34,100,21,134,126,88,63,92,30,48,100,203,220,305,339,273,321,139,175,209,183,178,24,22,320,325,,,233,173,,,227,104,19,106,38,83,63,202,273,22,9,32,72,69,54,37,176,309,276,106,250,12,320,,283,,,226,327,317,217,330,266,114,333,325,293,300,299,233,226,213,234,260,230,256,339,337,323,260,286,118,313,339,194,220,266,321,336,304,65,84,264,224,198,295,329,,,107,125,,,227,233,109,328,236,340,334,301,305,157,335,321,266,260,264,311,330,330,253,309,337,33,245,310,,57,,,b'\x11\xe8\xe1I\xc7&\x90N\xaf\x82\x12\xdf\x17\xaeN\x1e'
11E8E149-C726-904E-AF82-12DF17AE4E1E,2011-ncaa-d0-natl,ncaa,85,60,119,78,161,23,33,32,88,71,81,93,16,21,44,88,21,27,68,28,50,32,44,58,53,24,58,85,125,68,152,86,208,72,201,67,251,73,9,41,50,88,223,250,,,293,196,,,67,38,6,257,3,14,6,45,75,9,16,10,15,15,4,10,66,74,42,59,66,44,240,,294,,,66,336,307,284,250,283,245,273,294,289,234,217,332,332,171,332,311,305,304,273,292,265,271,204,267,274,208,314,152,310,201,325,282,55,142,211,28,5,272,201,,,31,98,,,67,304,23,255,76,329,303,296,273,235,294,287,327,328,328,322,331,273,314,311,322,52,32,265,,10,,,b'\x11\xe8\xe1I\xc7&\x90N\xaf\x82\x12\xdf\x17\xaeN\x1e'
11E8E149-C726-904E-AF82-12DF17AE4E1E,2011-ncaa-d1-conf-MAC,ncaa,4,3,3,3,5,1,2,2,2,3,3,5,2,2,2,2,3,3,3,3,4,2,2,3,2,2,2,2,7,11,12,4,4,5,11,4,10,2,1,3,2,6,11,12,,,10,6,,,4,2,1,7,1,1,1,3,4,2,2,2,2,2,1,1,10,4,5,2,2,3,11,,9,,,4,12,11,10,8,10,8,9,10,10,9,6,11,11,2,11,11,11,11,9,10,9,7,6,6,9,4,12,12,11,11,9,8,4,6,8,1,1,6,5,,,3,6,,,4,11,2,9,4,11,9,11,10,9,9,8,11,11,11,12,12,9,12,12,9,4,1,5,,1,,,b'\x11\xe8\xe1I\xc7&\x90N\xaf\x82\x12\xdf\x17\xaeN\x1e'
11E8E149-C726-904E-AF82-12DF17AE4E1E,2011-ncaa-d1-natl,ncaa,90,57,132,80,184,24,37,32,89,77,92,94,17,24,45,87,23,31,67,31,50,33,51,59,51,24,54,82,118,78,158,99,210,87,206,74,253,62,9,42,59,96,235,251,,,284,198,,,75,44,6,260,3,14,6,46,76,9,16,10,15,15,4,10,68,74,46,61,65,47,241,,295,,,73,333,304,275,257,267,229,277,292,284,235,214,329,330,176,331,312,300,299,278,294,270,269,203,269,264,210,306,158,307,206,324,284,67,151,222,21,5,271,210,,,34,96,,,75,298,24,263,82,331,306,299,276,238,296,285,330,330,331,323,332,274,314,314,324,56,30,269,,10,,,b'\x11\xe8\xe1I\xc7&\x90N\xaf\x82\x12\xdf\x17\xaeN\x1e'
11E8E149-C726-904E-AF82-12DF17AE4E1E,2012-ncaa-d0-natl,ncaa,106,174,11,142,11,15,14,3,166,28,15,158,31,20,152,122,80,27,322,34,215,5,4,160,197,154,172,112,285,11,116,16,172,10,155,69,293,316,71,167,11,49,49,99,,,329,121,,,120,3,5,35,36,30,3,51,41,67,52,179,91,103,4,4,22,42,17,148,197,24,91,,262,,,126,343,337,337,147,315,323,177,333,336,140,288,324,326,224,326,247,339,341,177,186,160,283,269,217,334,172,342,116,342,155,341,317,21,115,200,162,16,225,57,,,42,305,,,120,341,121,158,136,284,257,308,219,220,299,319,279,270,271,316,333,267,327,325,312,45,67,134,,160,,,b'\x11\xe8\xe1I\xc7&\x90N\xaf\x82\x12\xdf\x17\xaeN\x1e'
11E8E149-C726-904E-AF82-12DF17AE4E1E,2012-ncaa-d1-conf-MAC,ncaa,4,5,1,5,1,1,1,1,8,1,1,9,1,1,8,7,5,1,11,1,12,1,1,9,10,8,9,6,11,1,3,1,7,1,6,4,12,7,1,3,1,2,1,5,,,12,8,,,5,1,2,8,2,1,1,2,2,3,4,9,8,8,1,1,2,4,1,8,2,2,4,,9,,,5,12,12,12,5,12,12,6,10,12,3,9,12,12,5,12,10,12,12,5,5,6,9,9,9,11,7,12,3,12,6,12,10,2,4,9,2,1,10,3,,,1,12,,,5,12,5,6,5,7,7,10,7,6,9,10,10,10,10,10,11,10,12,12,9,3,1,7,,9,,,b'\x11\xe8\xe1I\xc7&\x90N\xaf\x82\x12\xdf\x17\xaeN\x1e'
11E8E149-C726-904E-AF82-12DF17AE4E1E,2012-ncaa-d1-natl,ncaa,90,173,7,144,7,9,9,1,169,20,12,170,27,20,154,120,64,24,318,27,203,3,2,158,194,153,162,108,278,10,122,9,184,10,163,55,288,321,69,161,11,53,48,99,,,333,131,,,127,2,8,21,33,28,3,52,36,67,51,168,80,87,4,5,24,44,16,137,192,24,90,,268,,,132,343,341,342,152,329,333,190,334,338,139,287,329,330,220,329,256,342,342,182,193,178,277,267,227,337,184,343,122,343,163,341,315,20,126,219,178,19,225,56,,,31,301,,,127,342,121,171,145,288,266,315,226,237,301,320,289,280,281,318,333,271,329,326,314,52,72,132,,151,,,b'\x11\xe8\xe1I\xc7&\x90N\xaf\x82\x12\xdf\x17\xaeN\x1e'
11E8E149-C726-904E-AF82-12DF17AE4E1E,2013-ncaa-d0-natl,ncaa,72,86,41,82,52,17,15,16,58,42,88,31,17,14,92,47,79,89,101,85,149,17,21,40,44,34,91,61,274,47,117,43,60,37,91,89,286,180,53,103,23,33,34,55,,,198,63,,,44,21,25,225,12,12,10,58,158,23,19,108,141,142,17,30,80,66,54,104,104,31,45,,126,,,45,313,322,308,257,309,283,285,275,291,128,245,142,160,86,164,100,299,305,253,234,196,95,201,59,162,60,301,117,278,91,305,178,51,103,169,121,49,36,18,,,109,295,,,44,326,31,138,48,248,279,273,281,207,236,261,88,105,106,235,273,92,238,173,259,87,83,22,,201,,,b'\x11\xe8\xe1I\xc7&\x90N\xaf\x82\x12\xdf\x17\xaeN\x1e'
11E8E149-C726-904E-AF82-12DF17AE4E1E,2013-ncaa-d1-conf-MAC,ncaa,1,2,1,2,1,2,1,1,2,1,2,2,2,2,4,4,3,3,3,3,6,1,1,2,3,3,7,5,9,1,1,1,4,1,2,3,12,6,1,3,1,2,2,2,,,6,2,,,1,2,2,3,2,1,1,1,2,2,2,3,3,3,1,1,2,2,2,4,3,1,2,,4,,,2,8,10,10,6,11,9,7,4,5,5,4,1,3,1,3,2,10,10,6,5,5,2,4,2,7,4,6,1,7,2,7,6,1,5,4,3,1,1,1,,,5,10,,,1,11,1,4,2,4,8,9,8,9,3,5,1,2,2,9,10,4,3,5,7,4,1,1,,9,,,b'\x11\xe8\xe1I\xc7&\x90N\xaf\x82\x12\xdf\x17\xaeN\x1e'
11E8E149-C726-904E-AF82-12DF17AE4E1E,2013-ncaa-d1-natl,ncaa,77,86,49,85,59,19,16,17,60,45,103,31,20,15,89,48,87,100,100,99,146,18,23,40,44,35,90,57,273,54,121,51,62,44,93,93,289,162,55,107,28,35,37,55,,,183,66,,,45,22,27,223,12,12,10,60,164,23,20,109,141,140,17,32,83,69,56,110,104,33,45,,127,,,47,311,318,303,263,307,275,290,268,285,134,244,134,150,88,153,99,295,300,258,236,201,93,199,57,143,62,296,121,268,93,301,184,59,106,177,116,52,29,18,,,122,290,,,45,322,31,147,51,253,287,276,284,211,237,260,91,107,107,239,272,93,240,177,262,91,83,23,,198,,,b'\x11\xe8\xe1I\xc7&\x90N\xaf\x82\x12\xdf\x17\xaeN\x1e'
11E8E149-C726-904E-AF82-12DF17AE4E1E,2013-ncaa-d1-ncaatournament,ncaa,33,2,33,33,35,35,34,33,52,34,35,50,28,24,47,16,41,39,44,39,31,33,34,47,49,37,18,22,33,29,19,55,37,39,41,48,59,1,1,5,28,9,34,9,,,12,33,,,28,36,4,7,13,15,1,24,10,6,2,23,19,19,1,2,4,55,18,45,1,6,16,,30,,,30,25,11,8,48,5,4,40,30,27,59,53,33,25,56,20,57,8,24,56,61,47,61,55,52,11,37,31,19,26,41,11,43,30,2,8,8,5,23,39,,,46,54,,,28,27,25,44,31,56,35,11,14,5,56,46,57,49,43,13,47,16,63,56,39,2,10,46,,36,,,b'\x11\xe8\xe1I\xc7&\x90N\xaf\x82\x12\xdf\x17\xaeN\x1e'
11E8E149-C726-904E-AF82-12DF17AE4E1E,2014-ncaa-d0-natl,ncaa,89,88,85,95,87,19,18,15,91,70,97,94,6,12,40,56,148,76,333,76,120,16,22,55,92,60,60,33,327,27,114,34,72,24,104,71,259,177,36,79,110,204,202,268,,,232,64,,,93,22,10,25,9,8,6,79,121,5,14,185,77,77,7,8,24,16,9,69,136,143,228,,190,,,93,339,341,330,245,338,320,273,282,299,116,202,270,254,255,250,117,328,324,230,231,251,102,159,124,230,72,338,114,324,104,333,197,107,232,260,105,30,116,73,,,65,269,,,93,331,41,215,95,331,333,342,326,326,263,297,239,218,216,342,342,180,326,302,314,129,91,93,,75,,,b'\x11\xe8\xe1I\xc7&\x90N\xaf\x82\x12\xdf\x17\xaeN\x1e'
11E8E149-C726-904E-AF82-12DF17AE4E1E,2014-ncaa-d1-conf-MAC,ncaa,3,2,6,2,6,2,2,3,2,3,5,4,1,2,1,4,8,4,12,4,6,2,3,3,4,3,5,2,12,3,4,1,4,2,4,4,9,3,2,2,4,6,3,5,,,2,1,,,3,3,1,1,1,1,2,2,4,1,2,8,4,4,1,1,1,1,1,2,6,4,3,,5,,,2,6,9,9,5,10,9,7,5,8,3,5,2,2,4,2,2,9,10,5,2,4,2,4,2,7,4,9,4,9,4,7,6,6,8,7,4,4,1,1,,,5,10,,,3,10,3,3,3,10,12,12,12,12,7,10,5,5,5,12,12,8,10,10,9,5,4,1,,4,,,b'\x11\xe8\xe1I\xc7&\x90N\xaf\x82\x12\xdf\x17\xaeN\x1e'
11E8E149-C726-904E-AF82-12DF17AE4E1E,2014-ncaa-d1-natl,ncaa,93,88,100,96,102,21,23,17,98,82,111,97,6,13,41,56,162,86,334,86,120,18,23,56,96,64,60,33,328,34,119,36,73,27,107,77,264,159,36,84,126,206,215,272,,,216,66,,,98,25,9,25,9,8,6,84,123,6,13,190,81,82,8,8,24,16,9,73,136,149,232,,193,,,99,339,340,328,251,337,316,285,273,292,121,200,261,240,259,235,117,326,318,242,240,262,99,159,124,205,73,335,119,320,107,328,199,120,239,263,95,30,110,74,,,75,267,,,98,328,44,229,101,333,335,343,327,328,263,298,241,224,220,341,342,188,326,309,318,131,91,98,,74,,,b'\x11\xe8\xe1I\xc7&\x90N\xaf\x82\x12\xdf\x17\xaeN\x1e'
11E8E149-C726-904E-AF82-12DF17AE4E1E,2015-ncaa-d0-natl,ncaa,208,238,113,230,161,126,112,94,186,158,177,137,99,67,210,78,213,198,239,205,207,111,126,159,183,152,138,101,281,76,114,77,39,72,56,228,304,115,95,193,190,198,110,88,,,33,16,,,211,157,176,283,133,124,79,169,208,94,64,243,228,243,106,145,72,60,46,249,114,216,118,,19,,,209,276,277,264,240,136,95,238,344,339,324,340,65,48,250,44,85,222,176,301,276,311,319,343,22,76,39,232,114,179,56,338,336,255,277,336,99,92,24,23,,,267,320,,,211,203,115,286,202,264,276,271,121,60,347,343,61,49,42,210,118,60,217,152,336,278,102,23,,308,,,b'\x11\xe8\xe1I\xc7&\x90N\xaf\x82\x12\xdf\x17\xaeN\x1e'
11E8E149-C726-904E-AF82-12DF17AE4E1E,2015-ncaa-d1-conf-MAC,ncaa,8,9,3,9,5,6,4,3,7,6,7,6,5,3,8,4,10,10,9,10,8,3,4,6,7,7,7,5,11,3,3,3,1,2,1,10,11,8,5,10,5,5,3,2,,,2,2,,,9,6,5,5,6,3,4,5,7,6,2,9,9,9,4,4,2,1,1,9,8,5,3,,1,,,9,11,11,10,8,5,7,5,11,11,12,11,4,3,12,3,2,10,6,10,10,10,11,12,2,2,1,9,3,7,1,11,12,11,11,12,8,6,4,5,,,10,11,,,9,7,6,10,9,11,10,11,5,6,12,11,4,1,1,11,6,2,8,5,12,11,6,3,,8,,,b'\x11\xe8\xe1I\xc7&\x90N\xaf\x82\x12\xdf\x17\xaeN\x1e'
11E8E149-C726-904E-AF82-12DF17AE4E1E,2015-ncaa-d1-natl,ncaa,222,238,143,237,198,155,145,118,194,181,203,143,110,76,209,75,235,223,240,229,205,134,157,166,190,161,137,100,279,88,123,100,41,87,61,251,306,95,98,200,217,210,117,91,,,21,21,,,226,202,182,285,141,137,81,179,208,96,65,246,229,243,109,158,74,61,54,254,115,228,122,,20,,,224,257,265,234,252,108,71,248,342,336,328,340,51,39,251,35,83,191,135,306,287,317,317,344,22,56,41,208,123,145,61,334,337,278,282,339,87,93,21,25,,,292,319,,,226,163,125,292,216,273,282,271,128,62,347,343,62,47,44,211,117,60,221,156,337,284,105,25,,307,,,b'\x11\xe8\xe1I\xc7&\x90N\xaf\x82\x12\xdf\x17\xaeN\x1e'
11E8E149-C726-904E-AF82-12DF17AE4E1E,2016-ncaa-d0-natl,ncaa,65,73,38,75,40,29,36,32,68,64,96,71,29,32,47,83,58,96,35,95,146,32,35,54,50,45,95,83,215,47,76,11,31,16,28,98,282,207,79,126,251,316,167,227,,,67,12,,,64,38,97,59,29,36,38,92,157,39,48,89,150,145,43,59,78,9,8,135,136,301,205,,23,,,67,311,320,338,103,268,294,115,342,344,210,325,86,67,300,69,28,329,294,148,108,224,248,329,24,203,31,242,76,238,28,293,163,275,335,321,99,34,250,190,,,71,193,,,64,307,30,198,80,239,263,330,188,228,325,331,47,31,31,300,225,118,122,104,225,327,56,196,,135,,,b'\x11\xe8\xe1I\xc7&\x90N\xaf\x82\x12\xdf\x17\xaeN\x1e'
11E8E149-C726-904E-AF82-12DF17AE4E1E,2016-ncaa-d1-conf-MAC,ncaa,1,2,2,2,3,1,1,3,1,1,4,2,3,3,3,5,3,6,1,6,8,4,3,1,1,2,6,5,8,2,2,1,1,2,1,5,10,9,5,8,8,11,4,7,,,2,1,,,2,4,5,3,1,1,4,2,5,4,4,4,7,7,5,3,2,1,1,7,6,11,5,,1,,,2,10,11,12,4,11,12,3,11,11,9,8,2,2,7,2,1,11,9,5,3,8,3,9,1,4,1,6,2,6,1,8,4,9,12,11,2,2,9,8,,,4,7,,,2,9,1,7,2,7,11,11,11,11,10,8,2,2,1,10,6,5,2,2,6,12,1,9,,7,,,b'\x11\xe8\xe1I\xc7&\x90N\xaf\x82\x12\xdf\x17\xaeN\x1e'
11E8E149-C726-904E-AF82-12DF17AE4E1E,2016-ncaa-d1-natl,ncaa,73,73,51,77,55,36,44,41,72,81,115,75,32,38,48,81,69,110,33,109,145,42,47,60,51,47,92,82,210,59,81,14,31,18,32,116,287,180,84,135,274,319,186,231,,,50,13,,,77,50,101,56,32,38,41,101,161,41,48,89,151,149,46,63,83,9,10,145,134,310,211,,23,,,77,300,314,332,116,251,280,124,338,339,222,323,70,58,303,57,27,321,281,158,121,236,246,329,23,173,31,218,81,211,32,283,163,301,336,326,84,34,242,198,,,89,190,,,77,295,32,212,92,245,269,331,191,232,326,331,48,32,31,304,220,119,122,108,232,330,59,210,,133,,,b'\x11\xe8\xe1I\xc7&\x90N\xaf\x82\x12\xdf\x17\xaeN\x1e'
11E8E149-C726-904E-AF82-12DF17AE4E1E,2017-ncaa-d0-natl,ncaa,41,39,74,49,77,28,30,57,24,51,111,24,36,58,29,114,44,93,10,92,121,54,65,18,15,14,111,122,180,98,60,54,109,53,41,132,325,143,58,120,233,283,96,135,,,135,58,,,45,59,119,33,15,18,50,47,154,41,72,40,105,103,48,81,114,45,52,163,91,268,108,,83,,,49,313,316,314,194,299,298,173,310,301,251,238,131,124,220,122,65,306,285,201,183,264,163,265,51,254,109,86,60,160,41,276,149,252,318,302,94,54,50,36,,,100,185,,,45,283,14,266,59,272,296,322,266,283,292,292,97,90,94,304,244,209,47,87,250,300,69,35,,126,,,b'\x11\xe8\xe1I\xc7&\x90N\xaf\x82\x12\xdf\x17\xaeN\x1e'
11E8E149-C726-904E-AF82-12DF17AE4E1E,2017-ncaa-d1-conf-MAC,ncaa,2,1,6,1,8,2,2,6,1,5,8,1,3,7,1,6,3,5,1,5,3,5,7,1,1,1,5,5,4,6,1,4,4,5,1,8,10,2,4,8,9,9,3,4,,,1,2,,,1,7,5,4,1,2,5,2,8,2,7,2,4,3,3,6,5,2,4,7,4,9,2,,1,,,1,3,9,10,5,10,10,6,7,7,4,7,1,1,8,1,1,9,5,4,3,6,2,7,2,6,4,1,1,1,1,7,7,11,12,11,2,4,1,2,,,6,4,,,1,5,1,6,1,6,10,11,10,11,7,9,1,1,1,11,8,8,1,1,8,11,4,1,,4,,,b'\x11\xe8\xe1I\xc7&\x90N\xaf\x82\x12\xdf\x17\xaeN\x1e'
11E8E149-C726-904E-AF82-12DF17AE4E1E,2017-ncaa-d1-natl,ncaa,54,39,98,55,101,31,34,73,24,59,135,28,45,70,31,111,48,106,11,106,119,70,86,18,15,15,109,119,176,116,68,61,117,64,44,156,325,116,60,125,255,289,104,141,,,106,59,,,61,79,126,32,16,20,55,52,156,47,73,41,108,104,51,88,125,50,58,172,93,278,111,,84,,,61,309,310,309,205,288,287,182,303,291,259,238,118,104,222,103,68,301,262,217,190,283,159,264,53,234,117,57,68,118,44,269,152,274,323,304,73,56,40,41,,,114,183,,,61,262,16,278,65,284,302,322,276,284,295,290,99,94,98,308,241,212,52,90,257,304,69,36,,130,,,b'\x11\xe8\xe1I\xc7&\x90N\xaf\x82\x12\xdf\x17\xaeN\x1e'
11E8E149-C726-904E-AF82-12DF17AE4E1E,2018-ncaa-d0-natl,ncaa,9,9,25,10,34,12,20,27,15,37,105,14,10,25,11,64,11,40,2,41,64,29,34,9,4,6,52,71,174,53,36,14,67,23,22,36,221,181,62,50,255,315,34,87,,,105,12,,,35,29,87,250,8,17,68,59,213,15,42,16,99,105,61,90,103,16,23,49,82,305,47,,26,,,37,340,342,342,193,337,340,160,333,328,276,209,130,134,147,137,25,341,323,209,162,303,120,256,16,285,67,122,36,198,22,300,64,319,343,336,189,81,104,69,,,25,131,,,35,323,7,292,39,298,325,339,303,329,301,292,49,55,55,331,243,191,32,58,211,339,97,51,,98,,,b'\x11\xe8\xe1I\xc7&\x90N\xaf\x82\x12\xdf\x17\xaeN\x1e'
11E8E149-C726-904E-AF82-12DF17AE4E1E,2018-ncaa-d1-conf-MAC,ncaa,1,1,1,1,3,1,2,3,1,2,5,1,1,2,1,4,1,3,1,2,3,2,2,1,1,1,4,3,7,3,2,1,3,2,1,5,9,8,4,4,10,11,2,2,,,2,1,,,2,2,7,10,1,2,5,3,9,1,3,2,5,4,5,6,4,2,3,5,3,11,2,,1,,,2,11,12,12,3,11,12,3,12,12,6,8,3,3,5,3,1,12,11,3,3,6,3,8,2,9,3,1,2,3,1,8,2,12,12,12,5,5,2,3,,,3,4,,,2,11,1,5,2,7,10,11,11,11,7,9,3,2,2,10,6,7,1,1,5,12,4,2,,5,,,b'\x11\xe8\xe1I\xc7&\x90N\xaf\x82\x12\xdf\x17\xaeN\x1e'
11E8E149-C726-904E-AF82-12DF17AE4E1E,2018-ncaa-d1-natl,ncaa,9,9,16,11,23,10,13,23,15,32,95,14,11,23,11,63,9,39,2,41,65,24,24,9,4,8,44,61,169,48,39,8,71,12,21,31,220,190,62,49,254,315,36,87,,,108,12,,,35,23,85,250,9,19,66,61,221,13,38,18,103,106,63,88,107,15,21,49,79,302,47,,25,,,38,343,345,346,190,338,343,161,336,333,263,216,131,137,145,138,25,346,331,202,152,295,120,254,20,296,71,135,39,216,21,304,61,305,341,334,191,86,110,76,,,22,138,,,35,327,7,284,39,294,316,339,303,328,298,293,47,56,57,331,245,183,32,59,201,337,100,56,,104,,,b'\x11\xe8\xe1I\xc7&\x90N\xaf\x82\x12\xdf\x17\xaeN\x1e'
11E8E149-C726-904E-AF82-12DF17AE4E1E,2018-ncaa-d1-ncaatournament,ncaa,9,2,9,9,9,13,12,11,30,15,13,36,6,7,20,20,8,14,6,14,28,11,13,23,19,12,16,17,28,7,5,12,36,10,14,12,31,48,14,20,20,46,17,41,,,49,9,,,15,14,44,7,12,17,17,33,32,9,14,14,28,30,15,21,6,16,2,25,14,46,38,,9,,,17,55,55,56,25,55,56,33,53,54,20,45,40,39,24,43,10,56,55,25,17,30,23,41,7,56,36,50,5,54,14,52,18,30,62,54,51,27,63,59,,,14,43,,,15,51,4,35,16,35,49,61,46,53,42,51,6,10,10,58,40,55,14,28,26,61,25,61,,36,,,b'\x11\xe8\xe1I\xc7&\x90N\xaf\x82\x12\xdf\x17\xaeN\x1e'
11E8E149-C726-904E-AF82-12DF17AE4E1E,2019-ncaa-d0-natl,ncaa,31,34,47,37,65,15,12,42,7,28,121,8,13,31,5,65,118,197,12,196,236,54,65,4,5,6,103,55,326,114,66,27,24,43,9,15,135,109,53,22,167,216,181,228,,,85,29,,,19,59,122,206,9,9,58,31,207,15,50,170,261,260,84,153,167,33,56,14,61,218,207,,36,,,16,295,308,314,168,295,315,157,276,281,199,202,150,126,280,123,51,307,278,160,152,243,129,218,76,117,24,72,66,69,9,110,12,261,321,201,138,75,58,47,,,138,245,,,19,295,5,195,18,205,246,287,232,270,230,222,95,76,74,251,155,58,17,17,51,316,81,38,,224,,,b'\x11\xe8\xe1I\xc7&\x90N\xaf\x82\x12\xdf\x17\xaeN\x1e'
11E8E149-C726-904E-AF82-12DF17AE4E1E,2019-ncaa-d1-conf-MAC,ncaa,1,1,3,1,5,1,1,3,1,1,6,1,2,2,1,5,4,7,1,7,8,4,4,1,1,1,7,6,9,2,2,1,1,2,1,1,3,6,4,1,6,6,4,4,,,2,2,,,1,4,6,5,1,1,1,1,6,2,3,4,8,8,4,4,2,1,1,1,6,6,4,,2,,,1,4,6,9,3,9,12,1,5,5,6,5,3,3,9,3,2,8,8,2,2,5,5,5,4,1,1,1,2,1,1,1,1,9,10,3,9,8,2,1,,,6,11,,,1,8,1,4,1,4,5,9,6,12,4,5,4,4,4,9,5,1,1,1,1,11,9,1,,7,,,b'\x11\xe8\xe1I\xc7&\x90N\xaf\x82\x12\xdf\x17\xaeN\x1e'
11E8E149-C726-904E-AF82-12DF17AE4E1E,2019-ncaa-d1-natl,ncaa,39,34,62,38,83,20,18,57,8,38,148,9,16,43,5,64,142,228,11,228,234,69,91,5,5,6,100,54,326,143,74,34,25,52,12,21,137,80,54,24,201,225,193,233,,,62,31,,,21,85,129,199,10,10,63,34,213,16,52,177,264,264,90,159,178,35,61,18,61,227,209,,35,,,22,276,301,305,185,278,302,163,266,264,214,198,126,102,283,100,51,289,244,180,165,255,126,216,77,80,25,39,74,37,12,83,13,283,325,211,104,78,49,53,,,175,243,,,21,274,5,217,22,217,251,290,240,273,233,221,98,78,77,255,154,58,20,19,60,322,79,39,,228,,,b'\x11\xe8\xe1I\xc7&\x90N\xaf\x82\x12\xdf\x17\xaeN\x1e'
11E8E149-C726-904E-AF82-12DF17AE4E1E,2019-ncaa-d1-ncaatournament,ncaa,33,2,33,33,36,33,33,40,2,33,40,2,37,50,15,31,50,58,5,57,59,43,49,1,1,1,52,38,59,41,15,53,52,51,35,31,29,5,7,2,62,64,44,53,,,2,5,,,23,54,41,7,2,2,11,4,17,14,26,47,58,57,21,34,28,53,49,3,6,62,38,,3,,,24,24,28,26,56,31,26,54,15,15,45,20,14,5,62,5,9,22,11,55,58,62,15,23,17,20,52,1,15,3,35,24,25,63,60,61,9,18,18,30,,,48,43,,,23,6,1,62,29,55,59,49,60,53,37,20,27,12,9,40,21,37,4,9,52,59,14,36,,36,,,b'\x11\xe8\xe1I\xc7&\x90N\xaf\x82\x12\xdf\x17\xaeN\x1e'
11E8E149-C726-904E-AF82-12DF17AE4E1E,2020-ncaa-d0-natl,ncaa,30,30,87,31,87,21,25,77,17,124,295,7,6,6,31,8,227,283,28,277,165,109,112,9,12,17,39,14,326,267,274,28,105,107,141,70,240,182,144,104,266,307,180,235,,,188,104,,,90,57,87,4,18,16,76,139,311,5,8,242,299,296,114,123,282,18,109,74,162,276,195,,174,,,89,314,323,328,218,330,329,237,187,225,110,114,187,207,99,210,90,329,292,195,159,272,50,102,87,233,105,198,274,216,141,115,7,296,328,238,139,97,24,68,,,290,329,,,90,299,28,268,90,301,320,333,326,335,176,209,171,193,198,334,292,217,168,192,90,307,115,22,,307,,,b'\x11\xe8\xe1I\xc7&\x90N\xaf\x82\x12\xdf\x17\xaeN\x1e'
11E8E149-C726-904E-AF82-12DF17AE4E1E,2020-ncaa-d1-conf-MAC,ncaa,1,1,5,1,6,2,1,6,1,8,12,1,1,1,2,1,11,12,1,11,7,8,8,1,1,1,1,1,12,9,9,1,4,5,5,3,4,4,6,2,11,11,3,5,,,1,1,,,2,7,6,2,2,1,5,6,12,1,1,11,12,11,6,6,9,1,4,2,5,11,3,,2,,,2,6,10,12,7,12,12,7,3,6,2,3,1,2,1,2,1,12,8,5,3,6,1,2,1,7,4,3,9,3,5,6,1,11,12,10,5,5,1,5,,,12,12,,,2,8,2,7,1,8,10,12,12,12,4,7,1,2,2,12,10,7,4,5,6,11,5,1,,12,,,b'\x11\xe8\xe1I\xc7&\x90N\xaf\x82\x12\xdf\x17\xaeN\x1e'
11E8E149-C726-904E-AF82-12DF17AE4E1E,2020-ncaa-d1-natl,ncaa,36,30,128,33,128,31,33,104,20,152,313,8,7,9,32,8,242,295,25,292,165,146,151,11,12,18,38,14,326,293,281,37,108,136,154,82,240,160,147,112,285,313,195,240,,,159,109,,,100,89,94,3,21,19,80,150,315,7,8,243,299,297,123,129,287,20,117,81,162,284,199,,178,,,99,294,314,316,231,325,323,244,170,208,114,109,166,186,102,191,92,319,264,203,169,288,44,96,88,211,108,168,281,189,154,99,7,313,331,250,114,100,21,72,,,307,328,,,100,269,32,275,102,303,322,334,328,338,175,205,178,199,202,335,288,217,174,194,99,311,121,23,,305,,,b'\x11\xe8\xe1I\xc7&\x90N\xaf\x82\x12\xdf\x17\xaeN\x1e'
11E8E149-C726-904E-AF82-12DF17AE4E1E,2021-ncaa-d0-natl,ncaa,36,104,26,72,27,17,18,25,18,49,128,7,6,5,35,9,104,145,17,145,155,32,34,9,8,8,43,16,305,121,249,42,68,59,125,47,264,226,58,73,80,182,162,258,,,310,192,,,99,27,125,45,15,20,72,118,304,4,10,213,264,266,110,171,271,124,205,105,57,182,256,,200,,,112,339,334,317,300,315,285,305,337,328,284,278,331,291,335,288,197,318,311,314,325,337,248,252,150,235,68,300,249,281,125,236,15,132,284,195,151,36,63,32,,,79,243,,,99,317,13,317,112,316,303,240,253,143,305,297,253,193,189,242,177,68,147,88,90,279,32,8,,236,,,b'\x11\xe8\xe1I\xc7&\x90N\xaf\x82\x12\xdf\x17\xaeN\x1e'
11E8E149-C726-904E-AF82-12DF17AE4E1E,2021-ncaa-d1-conf-MAC,ncaa,1,2,1,2,1,1,1,1,1,1,5,1,1,1,3,1,8,8,1,8,9,1,1,1,1,1,4,1,12,5,6,2,4,2,5,2,6,8,5,2,5,7,4,7,,,11,7,,,3,1,11,2,1,1,3,4,12,1,2,9,10,10,6,8,8,6,6,2,4,8,7,,5,,,3,12,12,11,9,11,12,9,11,10,10,7,11,10,10,10,5,11,12,10,10,11,7,8,6,8,4,8,6,9,5,4,2,5,9,6,3,2,2,2,,,5,9,,,3,12,1,12,3,9,8,8,8,6,8,8,6,6,6,8,4,6,3,3,3,10,1,1,,10,,,b'\x11\xe8\xe1I\xc7&\x90N\xaf\x82\x12\xdf\x17\xaeN\x1e'
11E8E149-C726-904E-AF82-12DF17AE4E1E,2021-ncaa-d1-natl,ncaa,40,104,30,72,31,19,21,29,18,61,143,7,6,6,36,9,114,155,17,154,153,37,43,9,8,8,42,15,305,139,256,46,70,68,133,52,264,212,59,75,91,190,181,261,,,303,198,,,108,31,130,44,16,21,74,123,305,5,10,217,267,268,114,178,276,133,214,108,57,190,257,,201,,,123,337,332,313,302,314,283,306,335,323,286,277,324,285,336,282,199,312,306,315,327,337,249,249,153,223,70,288,256,272,133,228,17,149,286,206,142,34,55,35,,,92,243,,,108,314,13,320,123,318,307,241,257,144,306,296,257,193,192,244,174,72,150,90,93,281,31,11,,236,,,b'\x11\xe8\xe1I\xc7&\x90N\xaf\x82\x12\xdf\x17\xaeN\x1e'
11E8E149-C726-904E-AF82-12DF17AE4E1E,2021-ncaa-d1-ncaatournament,ncaa,33,2,33,33,34,35,38,38,32,48,47,41,26,36,14,8,39,40,37,40,16,36,39,24,26,20,10,9,32,49,44,36,4,39,35,50,54,5,11,38,37,25,56,58,,,16,40,,,40,38,4,7,13,21,9,42,38,4,7,20,19,20,7,13,38,18,24,45,12,16,56,,43,,,44,26,23,24,47,19,15,48,28,29,42,47,26,18,62,18,47,23,23,50,53,55,46,42,38,6,4,25,44,15,35,24,40,48,43,50,16,37,2,7,,,43,36,,,40,30,26,46,39,58,53,52,48,34,54,54,52,42,45,51,52,8,57,43,52,34,38,3,,27,,,b'\x11\xe8\xe1I\xc7&\x90N\xaf\x82\x12\xdf\x17\xaeN\x1e'
11E8E149-C726-904E-AF82-12DF17AE4E1E,2022-ncaa-d0-natl,ncaa,326,345,163,333,202,233,228,167,306,279,295,186,91,43,296,24,290,301,156,302,222,201,192,254,272,267,63,41,279,216,270,169,179,197,265,248,227,225,228,259,308,321,271,312,,,214,231,,,336,178,160,275,267,266,174,317,323,88,31,307,311,308,225,193,221,159,194,264,221,318,288,,223,,,324,297,297,227,306,281,232,269,272,196,322,151,245,248,194,243,197,234,176,309,304,350,175,193,144,179,179,282,270,262,265,238,120,325,337,335,205,222,98,198,,,322,348,,,336,169,278,346,332,317,313,266,296,255,286,199,244,250,244,272,177,193,309,283,251,336,218,98,,345,,,b'\x11\xe8\xe1I\xc7&\x90N\xaf\x82\x12\xdf\x17\xaeN\x1e'
11E8E149-C726-904E-AF82-12DF17AE4E1E,2022-ncaa-d1-conf-MAC,ncaa,12,12,9,12,9,12,12,11,11,12,12,9,7,5,10,2,12,12,9,12,8,12,12,10,11,12,6,4,12,9,10,8,12,9,11,11,8,10,12,11,12,12,10,10,,,6,7,,,12,11,6,4,12,11,7,11,9,6,3,12,12,12,10,5,9,6,9,11,11,11,10,,9,,,12,8,10,7,9,9,8,9,7,7,11,5,7,6,6,7,6,7,3,10,9,12,6,7,6,10,12,8,10,9,11,9,8,11,11,11,10,10,5,7,,,12,12,,,12,1,12,12,12,12,12,11,12,12,9,8,10,11,11,12,9,11,10,11,11,10,11,6,,12,,,b'\x11\xe8\xe1I\xc7&\x90N\xaf\x82\x12\xdf\x17\xaeN\x1e'
11E8E149-C726-904E-AF82-12DF17AE4E1E,2022-ncaa-d1-natl,ncaa,336,344,213,342,251,270,271,217,317,311,319,203,107,56,297,25,305,313,161,313,223,246,240,272,287,281,63,40,277,242,275,209,183,236,279,275,233,199,234,273,326,329,298,317,,,185,234,,,341,234,168,275,287,286,188,326,327,91,33,307,312,310,238,200,233,173,208,276,226,322,295,,228,,,336,281,281,186,314,258,202,284,254,171,329,150,230,224,206,216,201,195,120,319,315,352,175,189,149,159,183,267,275,234,279,224,124,343,340,337,182,231,88,211,,,332,346,,,341,113,288,349,340,321,324,264,301,260,289,202,251,257,250,276,172,197,312,289,252,338,222,103,,343,,,b'\x11\xe8\xe1I\xc7&\x90N\xaf\x82\x12\xdf\x17\xaeN\x1e'
11E8E149-C726-904E-AF82-12DF17AE4E1E,2023-ncaa-d0-natl,ncaa,325,328,236,331,250,205,178,139,226,207,205,220,129,115,174,103,331,330,224,326,341,183,164,201,233,244,172,93,345,63,50,278,199,173,124,261,322,246,251,287,218,184,220,196,,,264,327,,,313,222,156,97,169,127,47,177,156,93,83,327,328,326,102,65,27,268,102,258,290,190,203,,312,,,314,299,281,126,351,289,102,359,188,200,168,221,300,285,303,283,307,157,111,349,356,357,176,112,269,92,199,113,50,94,124,167,61,309,308,289,290,290,37,49,,,342,359,,,313,117,199,356,316,348,333,206,339,142,235,248,326,307,307,268,185,146,195,172,219,302,316,50,,349,,,b'\x11\xe8\xe1I\xc7&\x90N\xaf\x82\x12\xdf\x17\xaeN\x1e'
11E8E149-C726-904E-AF82-12DF17AE4E1E,2023-ncaa-d1-conf-MAC,ncaa,11,11,9,11,10,9,7,6,10,6,3,11,7,8,6,8,12,12,11,12,12,6,7,9,9,9,11,5,12,2,1,12,10,6,4,11,12,9,8,10,7,4,5,4,,,10,12,,,11,12,7,3,7,4,2,4,2,6,7,12,12,12,3,2,1,10,2,10,10,5,4,,12,,,11,8,6,1,10,8,3,11,2,4,4,4,12,11,12,11,10,2,1,9,12,10,7,2,12,6,10,2,1,2,4,2,4,9,8,8,8,8,6,4,,,12,12,,,11,1,8,12,11,11,8,4,10,7,3,5,12,12,12,9,6,7,5,6,5,8,8,8,,12,,,b'\x11\xe8\xe1I\xc7&\x90N\xaf\x82\x12\xdf\x17\xaeN\x1e'
11E8E149-C726-904E-AF82-12DF17AE4E1E,2023-ncaa-d1-natl,ncaa,322,328,219,330,242,219,192,143,233,203,199,218,140,113,218,106,325,322,240,320,332,178,153,214,242,253,182,106,340,53,47,288,200,174,129,287,333,260,257,299,203,164,226,202,,,270,326,,,318,219,154,96,184,141,46,181,159,117,86,323,321,318,105,69,28,284,116,279,295,173,206,,313,,,319,312,297,126,353,299,96,360,210,203,199,220,302,283,313,282,306,160,104,355,356,358,187,121,265,82,200,127,47,94,129,181,64,300,299,286,297,295,33,46,,,337,357,,,318,123,215,357,319,348,337,193,335,133,242,245,325,306,305,255,185,133,203,164,225,288,319,50,,337,,,b'\x11\xe8\xe1I\xc7&\x90N\xaf\x82\x12\xdf\x17\xaeN\x1e'
11E8E149-C726-904E-AF82-12DF17AE4E1E,2024-ncaa-d0-natl,ncaa,334,312,325,335,332,311,305,311,259,285,286,234,253,233,270,161,323,284,339,285,209,311,266,254,279,326,214,179,252,108,31,192,157,154,47,291,241,330,353,338,331,323,137,138,,,102,193,,,314,299,77,81,241,218,159,212,188,199,160,280,215,218,176,42,30,40,16,244,356,296,93,,249,,,321,150,143,136,195,121,154,143,204,144,299,177,141,116,296,113,141,123,68,202,211,306,228,240,161,134,157,20,31,39,47,126,154,352,340,324,332,347,47,114,,,288,262,,,314,64,307,304,319,321,315,337,284,331,306,266,242,222,222,336,292,265,135,202,259,317,354,104,,161,,,b'\x11\xe8\xe1I\xc7&\x90N\xaf\x82\x12\xdf\x17\xaeN\x1e'
11E8E149-C726-904E-AF82-12DF17AE4E1E,2024-ncaa-d1-conf-MAC,ncaa,11,11,12,11,12,10,10,11,8,9,10,8,10,10,10,6,11,9,12,9,8,11,8,8,9,10,10,8,12,2,1,6,5,5,3,11,11,12,12,12,11,11,5,6,,,7,9,,,11,9,2,1,8,6,5,6,6,8,6,10,7,7,5,1,1,2,1,10,12,11,4,,11,,,11,6,6,5,7,10,12,6,2,1,9,1,6,5,6,5,5,6,3,7,7,10,2,2,6,7,5,1,1,1,3,5,3,12,12,12,12,12,3,4,,,9,10,,,11,4,10,11,11,12,12,12,12,12,6,6,11,10,10,12,11,9,2,5,10,11,12,4,,5,,,b'\x11\xe8\xe1I\xc7&\x90N\xaf\x82\x12\xdf\x17\xaeN\x1e'
11E8E149-C726-904E-AF82-12DF17AE4E1E,2024-ncaa-d1-natl,ncaa,334,314,348,334,349,319,307,311,268,290,275,232,263,243,286,177,322,284,344,285,216,318,266,264,288,332,230,196,255,108,36,185,153,157,50,309,269,329,352,340,340,332,122,119,,,117,213,,,318,311,81,80,253,222,152,206,167,209,175,289,214,218,165,42,33,38,13,262,358,301,78,,259,,,326,158,152,153,199,121,144,147,214,153,297,191,160,137,266,135,153,135,52,209,212,315,244,241,171,133,153,20,36,38,50,146,167,357,347,333,328,347,44,84,,,293,250,,,318,51,311,312,321,326,317,339,290,326,314,279,255,235,234,339,291,264,156,214,271,329,354,92,,157,,,b'\x11\xe8\xe1I\xc7&\x90N\xaf\x82\x12\xdf\x17\xaeN\x1e'
11E8E149-C726-904E-AF82-12DF17AE4E1E,2025-ncaa-d0-natl,genius_ncaa,203,199,194,210,203,190,196,151,255,149,75,308,280,303,199,326,104,88,247,85,170,138,103,282,285,285,260,296,68,20,10,111,33,46,6,272,325,321,262,315,328,338,314,321,,,270,310,,110,206,168,99,98,175,186,87,122,37,284,306,79,60,55,69,27,11,61,5,283,331,337,314,,310,,126,207,196,148,159,160,163,133,237,151,230,46,220,314,315,147,312,320,201,163,147,186,229,230,130,318,41,33,77,10,46,6,121,131,264,273,221,309,263,257,169,,,127,162,,134,206,198,220,190,207,230,186,193,189,145,163,252,321,325,322,249,197,52,89,65,148,266,315,289,,67,,125,b'\x11\xe8\xe1I\xc7&\x90N\xaf\x82\x12\xdf\x17\xaeN\x1e'
11E8E149-C726-904E-AF82-12DF17AE4E1E,2025-ncaa-d1-conf-MAC,genius_ncaa,7,7,5,7,5,7,7,2,10,4,2,12,11,11,5,11,6,4,9,2,9,2,2,12,12,11,11,11,2,1,1,4,3,1,1,9,10,11,9,10,12,12,8,10,,,9,9,,2,7,5,5,2,8,8,1,3,1,11,11,4,1,1,1,1,1,2,1,9,11,12,11,,9,,2,7,5,3,8,5,6,7,5,3,5,5,5,12,12,2,12,9,9,7,6,6,7,7,5,11,2,3,3,1,3,1,3,7,9,11,8,12,11,8,3,,,6,10,,5,7,7,8,6,7,7,4,8,5,7,3,5,12,12,12,11,7,3,3,4,6,11,11,9,,4,,6,b'\x11\xe8\xe1I\xc7&\x90N\xaf\x82\x12\xdf\x17\xaeN\x1e'
11E8E149-C726-904E-AF82-12DF17AE4E1E,2025-ncaa-d1-natl,genius_ncaa,193,199,172,204,183,195,203,141,277,161,66,325,277,300,173,326,105,78,261,73,170,124,90,305,301,297,249,289,64,16,9,99,27,37,5,278,325,327,264,324,321,335,320,324,,,268,301,,130,229,157,100,93,191,199,86,143,33,283,311,82,60,56,68,26,7,61,5,292,331,329,324,,291,,141,229,201,168,177,176,178,135,254,163,245,48,236,306,308,159,301,310,206,174,164,198,241,219,137,307,35,27,88,9,48,5,142,128,273,279,221,309,262,242,148,,,114,174,,141,229,205,232,192,229,236,197,197,198,139,173,263,314,312,307,249,191,43,98,65,157,271,318,271,,78,,142,b'\x11\xe8\xe1I\xc7&\x90N\xaf\x82\x12\xdf\x17\xaeN\x1e'
11E8E149-C726-904E-AF82-12DF17AE4E1E,2026-ncaa-d0-natl,genius_ncaa,163,152,206,171,216,236,221,260,136,174,186,200,290,328,102,329,214,243,120,230,262,262,238,166,167,214,308,300,166,239,198,212,75,227,118,253,286,248,313,281,320,326,284,302,,,61,69,,25,254,236,170,97,229,201,286,139,109,298,345,197,229,210,287,210,236,152,189,255,299,333,298,,63,,25,258,178,224,140,307,253,153,319,147,154,173,197,79,53,300,55,55,131,102,292,279,303,48,137,47,44,75,83,198,68,118,229,182,290,297,315,278,320,171,166,,,168,85,,37,254,125,229,275,255,262,301,247,318,243,186,202,90,62,64,202,101,47,101,66,279,303,311,207,,102,,19,b'\x11\xe8\xe1I\xc7&\x90N\xaf\x82\x12\xdf\x17\xaeN\x1e'
11E8E149-C726-904E-AF82-12DF17AE4E1E,2026-ncaa-d1-natl,genius_ncaa,163,152,177,171,197,245,232,261,184,184,154,263,294,337,98,338,200,190,213,179,217,253,227,216,225,245,290,297,128,208,164,196,73,203,103,257,248,241,296,275,336,338,310,322,,,84,103,,28,270,233,201,100,249,229,271,170,101,294,348,186,178,168,252,200,192,143,154,255,287,344,318,,95,,27,273,195,231,160,308,258,160,326,150,183,143,199,88,92,153,97,98,139,107,298,281,306,54,144,66,46,73,105,164,84,103,228,161,307,299,308,277,311,280,256,,,121,52,,19,270,120,246,281,277,256,298,212,308,206,175,209,100,107,107,186,91,55,117,76,261,304,298,297,,65,,11,b'\x11\xe8\xe1I\xc7&\x90N\xaf\x82\x12\xdf\x17\xaeN\x1e'
11E8E149-C72B-4B70-AF82-12DF17AE4E1E,2010-ncaa-d0-natl,ncaa,178,114,288,163,303,233,280,268,284,337,340,194,17,8,206,4,200,211,156,207,4,263,279,170,166,168,3,4,145,257,270,282,219,284,284,294,268,90,179,253,194,150,322,327,,,94,170,,,173,269,115,172,148,257,157,338,340,7,3,138,135,129,144,151,196,220,225,277,193,136,318,,191,,,173,69,135,64,294,219,150,288,25,20,165,28,60,91,30,92,113,61,73,253,213,166,13,30,97,96,219,170,270,147,284,96,108,178,102,129,63,131,328,345,,,173,55,,,173,73,179,168,176,196,268,168,315,288,41,32,118,168,164,171,224,206,303,278,205,92,141,341,,60,,,b'\x11\xe8\xe1I\xc7+Kp\xaf\x82\x12\xdf\x17\xaeN\x1e'
11E8E149-C72B-4B70-AF82-12DF17AE4E1E,2010-ncaa-d1-conf-Big South,ncaa,4,3,5,4,7,4,5,5,7,8,8,5,1,1,7,1,5,5,3,5,1,5,6,4,4,4,1,1,2,6,6,7,8,7,7,7,8,1,3,6,7,7,8,8,,,2,2,,,4,7,4,4,4,5,4,8,8,1,1,5,5,5,4,5,5,6,7,7,4,7,8,,4,,,4,4,6,5,6,7,6,6,2,2,4,2,1,2,5,2,1,5,3,5,5,5,1,2,2,5,8,6,6,6,7,7,4,5,5,6,1,2,8,8,,,3,3,,,4,2,4,6,4,6,7,6,8,7,3,2,4,3,3,6,5,6,8,7,7,4,2,8,,3,,,b'\x11\xe8\xe1I\xc7+Kp\xaf\x82\x12\xdf\x17\xaeN\x1e'
11E8E149-C72B-4B70-AF82-12DF17AE4E1E,2010-ncaa-d1-natl,ncaa,132,114,134,133,167,140,202,141,264,320,335,139,12,4,216,4,136,129,167,124,6,140,133,150,144,155,3,5,158,174,251,162,213,173,258,248,271,197,178,247,107,116,320,331,,,199,169,,,127,124,84,214,114,220,122,327,338,7,3,125,116,111,121,111,166,164,170,265,204,104,324,,212,,,127,179,234,188,233,286,267,231,40,50,116,39,139,164,74,165,116,191,219,183,160,119,27,37,127,221,213,297,251,284,258,153,83,76,86,83,157,139,336,344,,,72,55,,,127,216,162,122,133,179,238,198,298,292,43,44,141,176,175,203,252,235,300,288,149,72,163,336,,42,,,b'\x11\xe8\xe1I\xc7+Kp\xaf\x82\x12\xdf\x17\xaeN\x1e'
11E8E149-C72B-4B70-AF82-12DF17AE4E1E,2011-ncaa-d0-natl,ncaa,262,175,336,249,336,294,290,319,194,331,339,135,66,47,143,5,336,336,302,336,198,324,334,116,167,161,20,6,334,267,167,340,332,339,316,298,263,11,139,201,271,177,340,332,,,12,95,,,234,338,214,86,154,149,95,280,313,6,8,323,305,305,148,167,121,340,306,215,141,177,330,,109,,,250,41,87,8,341,131,25,335,60,12,342,53,39,46,56,45,140,6,7,341,336,324,50,113,75,60,332,21,167,16,316,84,125,277,101,194,51,200,299,343,,,321,168,,,234,7,144,325,247,297,317,148,322,249,164,47,146,177,176,147,199,259,257,270,268,102,201,342,,165,,,b'\x11\xe8\xe1I\xc7+Kp\xaf\x82\x12\xdf\x17\xaeN\x1e'
11E8E149-C72B-4B70-AF82-12DF17AE4E1E,2011-ncaa-d1-conf-Big South,ncaa,5,5,5,5,6,5,5,5,3,7,8,3,1,1,1,1,8,8,6,7,3,6,7,2,3,2,1,1,8,7,6,8,7,8,8,4,5,3,4,4,4,4,8,8,,,2,4,,,5,7,5,2,3,4,4,7,8,1,1,8,8,7,5,5,6,8,8,4,3,4,8,,4,,,5,7,6,2,8,7,5,8,4,2,8,2,3,4,5,4,4,2,2,8,8,7,2,3,3,4,7,3,6,2,8,6,2,3,1,4,4,5,6,7,,,5,4,,,5,2,3,7,5,7,7,4,7,6,4,2,5,6,5,4,5,5,4,4,7,2,5,6,,4,,,b'\x11\xe8\xe1I\xc7+Kp\xaf\x82\x12\xdf\x17\xaeN\x1e'
11E8E149-C72B-4B70-AF82-12DF17AE4E1E,2011-ncaa-d1-natl,ncaa,188,172,199,188,221,163,167,138,177,267,320,110,11,7,156,5,302,289,273,291,147,173,195,107,144,134,22,6,330,123,134,333,329,286,307,215,256,80,115,169,144,124,314,314,,,86,112,,,196,237,182,95,120,120,71,267,314,5,7,305,285,286,111,128,93,341,292,187,132,119,311,,123,,,196,213,241,73,338,265,128,331,122,58,326,84,128,156,63,152,177,69,116,338,332,282,59,116,99,186,329,191,134,191,307,178,105,92,47,124,135,173,323,342,,,193,170,,,196,103,110,288,198,262,290,104,303,194,147,70,148,182,174,118,197,234,243,248,209,54,171,332,,144,,,b'\x11\xe8\xe1I\xc7+Kp\xaf\x82\x12\xdf\x17\xaeN\x1e'
11E8E149-C72B-4B70-AF82-12DF17AE4E1E,2012-ncaa-d0-natl,ncaa,171,153,240,174,246,116,176,230,93,317,340,47,7,8,47,4,137,179,65,171,4,219,246,24,22,27,3,5,185,292,289,333,340,330,339,271,313,76,134,230,174,167,278,284,,,138,133,,,190,216,147,24,48,117,168,318,337,5,5,91,134,132,166,193,278,335,336,272,133,138,266,,207,,,191,260,281,98,338,300,163,331,150,59,331,60,200,253,31,249,260,127,160,338,331,311,63,86,132,265,340,127,289,199,339,125,28,116,83,97,138,191,105,304,,,140,45,,,190,133,52,325,186,313,318,186,322,262,188,81,256,290,289,224,279,311,213,285,192,54,183,142,,64,,,b'\x11\xe8\xe1I\xc7+Kp\xaf\x82\x12\xdf\x17\xaeN\x1e'
11E8E149-C72B-4B70-AF82-12DF17AE4E1E,2012-ncaa-d1-conf-Big South,ncaa,4,5,3,5,3,3,6,5,5,8,9,4,1,1,2,1,3,4,1,4,1,5,5,2,2,2,1,1,3,8,9,7,9,9,9,7,8,3,4,7,7,8,7,7,,,5,5,,,6,4,7,1,4,7,7,9,9,1,1,3,4,4,6,8,9,8,9,7,2,8,7,,5,,,6,8,7,6,9,8,8,8,4,5,6,4,7,7,4,7,6,7,8,8,7,8,2,3,6,8,9,8,9,8,9,7,2,3,5,3,3,2,5,8,,,3,1,,,6,7,4,8,6,8,8,5,7,7,4,5,6,6,6,8,7,9,5,8,5,4,2,5,,4,,,b'\x11\xe8\xe1I\xc7+Kp\xaf\x82\x12\xdf\x17\xaeN\x1e'
11E8E149-C72B-4B70-AF82-12DF17AE4E1E,2012-ncaa-d1-natl,ncaa,143,153,90,158,92,50,94,116,68,267,331,30,4,3,34,4,99,132,68,126,5,115,126,15,16,22,3,4,228,246,284,300,339,301,333,237,326,124,111,212,115,152,251,273,,,229,127,,,141,89,141,31,38,94,152,307,335,4,4,114,155,151,151,190,276,331,331,268,113,128,259,,202,,,142,313,315,214,333,321,260,325,162,102,293,68,284,306,29,305,268,248,282,324,318,269,67,75,163,315,339,251,284,303,333,126,6,43,71,51,160,154,132,288,,,75,68,,,141,258,33,290,144,290,301,171,310,249,157,81,262,294,291,216,278,310,196,280,107,46,144,105,,88,,,b'\x11\xe8\xe1I\xc7+Kp\xaf\x82\x12\xdf\x17\xaeN\x1e'
11E8E149-C72B-4B70-AF82-12DF17AE4E1E,2013-ncaa-d0-natl,ncaa,322,265,342,321,344,331,338,342,285,344,345,269,100,98,132,18,248,277,93,273,4,342,344,194,155,212,2,19,50,340,334,341,308,342,336,337,284,58,289,318,312,269,337,332,,,12,66,,,305,343,106,146,244,304,285,340,333,30,23,93,125,126,273,230,328,263,323,319,272,239,326,,131,,,317,54,83,15,318,161,43,326,29,33,108,96,99,92,195,89,189,12,5,296,302,311,42,48,169,74,308,43,334,40,336,33,30,320,244,194,78,256,96,332,,,324,111,,,305,4,268,317,307,316,318,293,326,301,126,157,265,266,263,295,268,286,297,311,188,194,233,220,,157,,,b'\x11\xe8\xe1I\xc7+Kp\xaf\x82\x12\xdf\x17\xaeN\x1e'
11E8E149-C72B-4B70-AF82-12DF17AE4E1E,2013-ncaa-d1-conf-Big South,ncaa,10,10,6,10,7,8,10,9,8,11,11,8,2,2,5,1,6,5,6,5,1,9,9,6,6,7,1,1,5,10,11,10,9,9,10,11,7,5,8,9,10,10,11,11,,,5,6,,,10,8,6,5,7,10,9,11,11,1,1,4,4,4,9,9,10,7,9,10,7,10,11,,7,,,10,10,9,8,9,10,8,10,3,4,3,4,7,7,6,7,6,8,5,8,9,10,2,3,4,10,9,6,11,7,10,6,4,9,10,9,4,6,6,11,,,6,3,,,10,5,8,10,10,11,10,11,11,10,3,6,8,9,9,11,9,11,9,9,6,9,5,6,,5,,,b'\x11\xe8\xe1I\xc7+Kp\xaf\x82\x12\xdf\x17\xaeN\x1e'
11E8E149-C72B-4B70-AF82-12DF17AE4E1E,2013-ncaa-d1-natl,ncaa,298,265,327,298,332,267,317,330,254,338,342,199,63,53,152,17,179,217,82,213,6,325,315,157,134,178,8,22,67,336,334,317,305,337,333,320,272,148,274,307,268,258,326,327,,,41,62,,,280,291,80,150,204,273,266,336,331,28,19,88,117,117,251,208,327,233,317,299,261,220,319,,130,,,293,174,194,87,300,253,141,313,53,74,71,98,164,157,173,153,178,89,80,268,266,271,40,44,173,193,305,152,334,175,333,60,24,239,203,144,106,202,106,312,,,256,127,,,280,59,239,286,279,301,308,297,322,302,112,157,261,256,257,298,285,297,299,314,154,155,186,178,,152,,,b'\x11\xe8\xe1I\xc7+Kp\xaf\x82\x12\xdf\x17\xaeN\x1e'
11E8E149-C72B-4B70-AF82-12DF17AE4E1E,2014-ncaa-d0-natl,ncaa,325,298,334,325,339,328,338,312,336,347,338,320,111,66,289,17,320,306,287,304,68,319,322,309,321,315,17,24,215,249,239,345,337,333,338,338,315,134,264,328,173,109,227,193,,,85,208,,,320,327,152,160,304,322,175,342,319,62,27,280,251,243,207,162,163,331,305,333,275,97,180,,229,,,325,84,85,16,316,160,51,322,31,25,140,77,177,179,132,178,280,21,32,305,307,262,73,42,256,163,337,156,239,163,338,141,228,165,82,157,223,309,229,339,,,331,287,,,320,20,316,297,325,276,269,114,300,212,79,71,288,298,297,181,239,302,315,320,272,72,314,307,,270,,,b'\x11\xe8\xe1I\xc7+Kp\xaf\x82\x12\xdf\x17\xaeN\x1e'
11E8E149-C72B-4B70-AF82-12DF17AE4E1E,2014-ncaa-d1-natl,ncaa,332,298,347,332,347,339,343,329,339,349,344,321,121,73,291,17,326,313,289,312,66,328,333,311,324,318,17,24,214,264,246,348,338,340,341,343,314,115,268,329,191,119,243,203,,,72,208,,,324,336,153,161,307,323,180,344,320,64,27,282,253,247,215,166,166,334,307,336,273,104,183,,225,,,328,66,74,8,320,146,30,325,27,17,143,75,172,173,136,172,281,11,18,309,309,271,71,41,253,146,338,137,246,143,341,129,228,182,86,164,212,310,219,339,,,337,289,,,324,10,317,303,328,281,273,118,305,215,79,70,291,297,297,188,237,304,317,321,273,79,314,312,,273,,,b'\x11\xe8\xe1I\xc7+Kp\xaf\x82\x12\xdf\x17\xaeN\x1e'
11E8E149-C72B-4B70-AF82-12DF17AE4E1E,2015-ncaa-d0-natl,ncaa,349,329,338,349,342,348,348,328,346,347,320,348,223,214,221,110,344,346,231,346,321,336,331,339,344,344,95,73,265,250,226,347,332,343,327,339,274,173,319,334,282,223,215,148,,,101,286,,,334,340,196,157,337,336,201,339,232,162,130,337,336,336,256,181,161,341,304,333,319,222,151,,276,,,340,55,50,7,334,87,20,328,34,10,275,57,216,226,128,230,322,13,14,326,331,290,122,57,286,89,332,94,226,78,327,108,231,204,87,159,257,336,125,252,,,323,207,,,334,10,340,304,339,274,246,60,288,146,101,50,313,320,323,125,185,267,301,311,245,84,335,224,,197,,,b'\x11\xe8\xe1I\xc7+Kp\xaf\x82\x12\xdf\x17\xaeN\x1e'
11E8E149-C72B-4B70-AF82-12DF17AE4E1E,2015-ncaa-d1-conf-Big South,ncaa,11,11,7,11,9,11,11,8,11,10,8,11,4,4,5,2,11,11,8,11,11,9,8,11,11,11,3,2,11,6,8,10,10,10,10,11,7,5,7,11,9,9,6,6,,,7,9,,,11,8,6,5,11,11,6,10,8,2,2,11,11,11,9,7,6,10,9,11,8,9,6,,8,,,11,9,7,2,11,9,2,11,5,2,11,3,8,8,5,10,11,2,3,11,11,11,5,4,7,4,10,9,8,7,10,11,11,7,5,9,11,11,4,6,,,8,9,,,11,3,11,11,11,10,9,4,10,3,7,3,11,11,11,4,5,6,10,10,11,5,11,4,,8,,,b'\x11\xe8\xe1I\xc7+Kp\xaf\x82\x12\xdf\x17\xaeN\x1e'
11E8E149-C72B-4B70-AF82-12DF17AE4E1E,2015-ncaa-d1-natl,ncaa,324,328,209,329,242,296,292,184,333,301,212,331,161,132,244,105,331,330,206,332,327,228,182,317,328,333,143,92,302,102,143,330,304,267,283,271,178,298,299,300,114,87,153,128,,,207,263,,,286,224,144,154,306,284,112,293,180,150,109,333,327,329,177,105,70,337,246,252,317,84,137,,255,,,285,101,90,24,299,160,78,290,45,22,231,46,253,276,75,286,318,40,117,283,294,167,110,48,288,149,304,225,143,198,283,140,211,63,28,62,331,329,140,172,,,246,265,,,286,119,323,158,288,172,144,32,220,106,61,30,284,302,308,61,185,192,276,253,180,37,334,167,,218,,,b'\x11\xe8\xe1I\xc7+Kp\xaf\x82\x12\xdf\x17\xaeN\x1e'
11E8E149-C72B-4B70-AF82-12DF17AE4E1E,2016-ncaa-d0-natl,ncaa,239,204,287,238,288,312,316,271,319,299,268,297,248,177,321,133,279,256,298,256,181,276,287,316,320,314,168,170,173,157,157,325,335,285,306,287,177,118,206,249,198,150,140,94,,,278,338,,,231,306,248,20,297,292,164,261,201,216,133,251,215,215,179,172,98,306,216,261,205,145,112,,332,,,236,28,7,16,71,22,31,93,20,31,30,54,329,329,206,329,346,32,66,48,123,63,271,34,348,266,335,144,157,193,306,14,105,88,33,13,74,144,93,164,,,180,62,,,231,45,296,116,238,107,29,35,64,92,30,46,346,344,346,118,223,324,270,311,43,32,155,151,,68,,,b'\x11\xe8\xe1I\xc7+Kp\xaf\x82\x12\xdf\x17\xaeN\x1e'
11E8E149-C72B-4B70-AF82-12DF17AE4E1E,2016-ncaa-d1-conf-Big South,ncaa,7,7,3,7,4,8,8,2,9,8,7,8,6,5,10,5,10,9,8,9,9,4,3,10,10,10,6,6,9,6,8,7,9,5,9,6,6,7,6,5,5,6,5,5,,,11,10,,,8,4,4,3,10,10,5,8,6,6,5,10,10,9,6,4,7,9,8,6,6,5,5,,10,,,8,6,4,3,5,5,3,4,3,2,5,1,11,11,7,11,11,5,10,4,6,6,9,2,11,8,9,9,8,10,9,4,5,2,3,2,6,5,5,5,,,2,4,,,8,8,9,6,8,6,4,3,5,3,3,1,11,11,11,4,10,9,9,9,4,2,5,5,,2,,,b'\x11\xe8\xe1I\xc7+Kp\xaf\x82\x12\xdf\x17\xaeN\x1e'
11E8E149-C72B-4B70-AF82-12DF17AE4E1E,2016-ncaa-d1-natl,ncaa,191,204,142,205,148,256,260,174,312,247,194,291,220,145,317,141,230,199,294,196,176,177,169,310,315,309,178,175,161,82,109,281,337,191,277,233,159,205,209,248,127,120,85,65,,,322,334,,,214,209,247,27,280,275,162,254,178,214,143,238,195,196,167,150,63,302,188,242,219,113,81,,327,,,212,84,25,45,70,69,110,95,22,44,19,47,338,337,183,338,341,122,185,41,100,46,224,25,347,321,337,234,109,293,277,30,110,46,34,16,131,147,174,175,,,102,64,,,214,142,281,96,213,96,30,38,85,114,22,43,338,336,338,113,219,326,241,301,45,29,159,179,,64,,,b'\x11\xe8\xe1I\xc7+Kp\xaf\x82\x12\xdf\x17\xaeN\x1e'
11E8E149-C72B-4B70-AF82-12DF17AE4E1E,2017-ncaa-d0-natl,ncaa,169,126,234,160,250,283,277,230,303,235,212,265,277,203,341,173,206,221,169,224,202,229,264,313,307,275,229,244,99,199,220,323,320,304,318,299,275,52,109,232,102,66,272,229,,,170,242,,,177,284,264,100,286,275,175,216,175,269,177,181,195,201,193,235,161,328,295,298,97,77,270,,230,,,177,22,10,17,100,10,8,154,127,173,86,295,158,198,58,203,327,23,79,123,138,31,307,254,277,215,320,209,220,219,318,15,112,44,16,9,59,100,86,115,,,91,13,,,177,64,272,55,175,56,25,22,18,16,165,211,203,239,242,38,147,277,272,280,37,18,90,115,,19,,,b'\x11\xe8\xe1I\xc7+Kp\xaf\x82\x12\xdf\x17\xaeN\x1e'
11E8E149-C72B-4B70-AF82-12DF17AE4E1E,2017-ncaa-d1-conf-Big South,ncaa,5,5,3,5,3,6,6,2,7,3,3,7,9,8,10,9,4,4,3,4,8,2,4,9,8,8,8,9,1,4,6,7,9,7,7,8,7,4,3,5,2,2,6,6,,,7,5,,,6,4,5,5,6,6,3,4,2,9,7,3,4,4,3,4,4,8,7,8,2,2,7,,7,,,6,3,2,4,2,2,2,5,6,8,1,9,7,6,7,7,8,3,9,2,2,1,9,7,8,9,9,7,6,8,7,4,5,1,1,1,3,3,7,4,,,2,1,,,6,7,7,3,6,4,2,3,1,1,7,7,6,6,6,4,7,9,7,8,4,1,2,6,,1,,,b'\x11\xe8\xe1I\xc7+Kp\xaf\x82\x12\xdf\x17\xaeN\x1e'
11E8E149-C72B-4B70-AF82-12DF17AE4E1E,2017-ncaa-d1-natl,ncaa,130,126,98,134,110,210,199,104,295,156,118,247,257,165,340,186,176,156,237,157,215,115,136,309,311,271,249,245,134,117,201,279,315,214,307,246,272,125,102,218,66,62,245,211,,,255,236,,,155,146,220,123,265,246,140,181,140,267,178,202,178,180,141,183,131,328,269,279,105,70,254,,233,,,157,70,40,60,95,34,22,149,186,233,79,295,237,254,72,256,325,86,223,115,132,28,307,254,280,277,315,311,201,313,307,48,119,16,12,9,121,100,209,157,,,31,14,,,155,194,263,44,158,55,24,22,19,15,167,214,209,239,241,43,171,256,297,285,41,14,101,191,,17,,,b'\x11\xe8\xe1I\xc7+Kp\xaf\x82\x12\xdf\x17\xaeN\x1e'
11E8E149-C72B-4B70-AF82-12DF17AE4E1E,2018-ncaa-d0-natl,ncaa,277,263,295,279,302,299,285,287,255,240,203,260,301,307,270,273,243,230,238,237,210,284,299,278,278,270,257,263,109,274,252,292,294,291,291,340,343,120,228,321,247,235,139,103,,,194,275,,,246,301,169,93,263,256,209,175,125,285,277,177,160,168,204,190,223,218,232,339,222,212,99,,276,,,251,69,60,63,120,91,85,167,66,93,63,150,222,222,165,214,274,75,79,106,135,134,185,104,287,223,294,138,252,173,291,27,60,194,147,73,83,161,7,22,,,218,82,,,246,55,278,181,247,178,145,161,184,185,120,159,284,284,279,200,241,300,257,292,85,121,156,18,,104,,,b'\x11\xe8\xe1I\xc7+Kp\xaf\x82\x12\xdf\x17\xaeN\x1e'
11E8E149-C72B-4B70-AF82-12DF17AE4E1E,2018-ncaa-d1-conf-Big South,ncaa,8,8,3,8,4,4,4,3,4,5,2,5,8,10,5,10,1,2,5,2,4,3,1,6,5,7,6,9,1,6,8,5,9,5,9,9,9,7,5,8,4,7,2,3,,,9,7,,,8,1,2,4,4,3,3,4,2,8,9,1,2,2,2,2,7,6,7,9,7,4,2,,9,,,8,10,9,8,7,7,8,6,10,10,7,9,10,10,7,10,10,10,10,7,7,7,10,7,9,9,9,9,8,10,9,6,5,3,6,4,4,4,1,1,,,2,2,,,8,10,7,9,8,9,8,9,7,7,9,9,10,10,10,9,9,9,6,9,6,3,4,2,,2,,,b'\x11\xe8\xe1I\xc7+Kp\xaf\x82\x12\xdf\x17\xaeN\x1e'
11E8E149-C72B-4B70-AF82-12DF17AE4E1E,2018-ncaa-d1-natl,ncaa,262,263,213,263,241,263,253,249,229,201,172,251,275,290,208,269,212,190,248,192,198,249,250,254,261,257,247,248,119,233,227,256,295,260,276,332,338,159,215,306,229,225,130,109,,,239,272,,,227,249,176,99,253,234,205,166,127,259,276,174,155,157,197,182,204,221,224,331,213,210,104,,276,,,227,103,89,101,116,121,122,163,70,109,53,148,243,246,161,241,264,114,128,96,124,115,163,89,279,267,295,183,227,220,276,45,63,152,135,72,101,138,8,15,,,160,73,,,227,103,260,164,229,166,143,156,187,181,104,145,272,274,270,188,237,298,242,273,79,111,140,10,,100,,,b'\x11\xe8\xe1I\xc7+Kp\xaf\x82\x12\xdf\x17\xaeN\x1e'
11E8E149-C72B-4B70-AF82-12DF17AE4E1E,2019-ncaa-d0-natl,ncaa,236,224,249,240,251,245,203,181,210,120,73,251,315,318,269,314,279,283,215,281,336,209,178,270,279,279,334,310,256,117,108,224,294,177,208,283,327,268,258,302,173,167,166,144,,,251,288,,,231,206,103,39,220,144,87,65,23,314,312,271,268,255,124,65,77,184,100,273,291,137,146,,299,,,234,119,78,100,116,107,122,147,70,111,69,127,309,325,97,323,325,139,164,104,143,116,228,80,326,283,294,131,108,203,208,85,158,128,109,78,296,294,186,114,,,230,246,,,231,128,262,163,238,201,127,155,160,185,99,157,320,327,327,247,285,313,211,283,136,75,313,217,,175,,,b'\x11\xe8\xe1I\xc7+Kp\xaf\x82\x12\xdf\x17\xaeN\x1e'
11E8E149-C72B-4B70-AF82-12DF17AE4E1E,2019-ncaa-d1-conf-Big South,ncaa,6,7,2,7,2,4,1,2,3,1,1,4,9,9,5,10,9,9,7,9,10,3,1,4,6,6,11,10,10,4,4,4,8,4,5,5,10,9,8,7,6,6,5,5,,,10,9,,,7,1,7,4,5,3,6,3,1,9,10,10,10,10,5,5,6,5,5,7,7,6,5,,9,,,7,9,9,9,4,6,6,5,9,10,4,9,11,11,1,11,11,10,11,4,4,5,9,8,8,10,8,6,4,9,5,6,5,5,6,3,8,7,9,5,,,5,8,,,7,10,6,5,7,5,5,4,2,3,6,9,9,11,11,7,6,9,4,7,4,6,8,6,,6,,,b'\x11\xe8\xe1I\xc7+Kp\xaf\x82\x12\xdf\x17\xaeN\x1e'
11E8E149-C72B-4B70-AF82-12DF17AE4E1E,2019-ncaa-d1-natl,ncaa,201,224,107,221,111,163,114,100,188,71,36,230,288,300,220,313,207,212,207,201,322,101,69,238,250,262,326,300,228,63,93,146,296,99,189,208,294,310,250,275,84,108,135,140,,,300,259,,,201,82,90,54,180,122,87,56,25,297,305,229,226,216,104,57,70,169,93,237,294,87,143,,288,,,201,212,142,201,109,169,192,132,99,171,61,123,318,332,51,331,323,254,290,96,115,82,217,88,317,318,296,216,93,296,189,151,156,55,73,56,319,277,231,120,,,139,233,,,201,260,244,119,202,182,128,155,154,186,97,154,310,326,324,243,294,316,191,279,130,51,305,224,,149,,,b'\x11\xe8\xe1I\xc7+Kp\xaf\x82\x12\xdf\x17\xaeN\x1e'
11E8E149-C72B-4B70-AF82-12DF17AE4E1E,2020-ncaa-d0-natl,ncaa,346,337,260,347,291,343,341,323,329,315,273,319,296,274,320,190,325,326,191,329,310,333,328,332,328,331,238,201,202,343,346,259,335,330,346,344,326,175,276,333,215,202,257,229,,,80,82,,,339,296,220,172,341,341,307,301,236,289,243,318,319,321,327,312,339,201,324,345,224,184,244,,136,,,339,210,168,186,143,50,44,145,344,334,288,346,175,189,127,189,275,183,135,231,223,267,346,345,159,336,335,286,346,323,346,260,300,270,264,306,198,280,208,256,,,340,324,,,339,61,341,320,341,286,244,290,85,65,346,345,218,235,235,290,270,343,325,342,297,236,238,239,,334,,,b'\x11\xe8\xe1I\xc7+Kp\xaf\x82\x12\xdf\x17\xaeN\x1e'
11E8E149-C72B-4B70-AF82-12DF17AE4E1E,2020-ncaa-d1-conf-Big South,ncaa,11,11,1,11,5,11,11,8,10,7,6,9,8,6,10,5,11,11,5,11,10,9,7,10,10,10,8,6,8,10,10,5,10,8,11,10,10,7,8,11,6,7,7,7,,,7,3,,,11,4,7,7,11,11,9,8,8,8,6,11,11,11,10,11,10,7,10,10,7,6,7,,6,,,11,10,9,10,3,3,7,5,11,11,7,11,10,10,9,10,9,10,9,4,6,11,11,11,8,10,10,11,10,11,11,11,8,9,10,11,8,9,9,8,,,11,10,,,11,7,11,11,11,10,8,10,3,5,11,11,10,9,9,10,8,10,11,11,11,10,8,9,,11,,,b'\x11\xe8\xe1I\xc7+Kp\xaf\x82\x12\xdf\x17\xaeN\x1e'
11E8E149-C72B-4B70-AF82-12DF17AE4E1E,2020-ncaa-d1-natl,ncaa,332,337,128,337,199,323,316,272,316,270,214,292,290,253,329,207,302,306,191,311,307,289,274,325,323,326,269,240,198,330,340,173,331,280,341,333,310,251,287,318,167,193,236,221,,,118,67,,,336,207,171,178,337,329,288,271,212,293,247,307,308,313,309,286,333,165,288,336,245,171,234,,136,,,336,266,222,271,111,71,88,112,347,347,283,346,211,231,142,227,271,279,265,195,181,236,346,344,173,346,331,318,340,339,341,294,297,202,243,277,268,293,237,239,,,326,315,,,336,154,339,298,335,279,233,297,78,80,346,346,221,235,234,302,289,346,320,344,293,203,262,233,,329,,,b'\x11\xe8\xe1I\xc7+Kp\xaf\x82\x12\xdf\x17\xaeN\x1e'
11E8E149-C72B-4B70-AF82-12DF17AE4E1E,2021-ncaa-d0-natl,ncaa,265,310,157,294,167,221,229,233,196,228,215,253,194,234,72,225,210,209,175,209,190,237,223,189,180,231,140,161,154,303,328,154,248,224,306,255,276,220,292,296,294,324,185,186,,,110,64,,,313,192,263,137,300,301,333,279,253,225,275,238,244,244,337,328,332,141,301,310,228,324,204,,59,,,300,189,195,207,145,149,150,170,291,293,210,326,120,112,226,118,124,190,163,198,173,253,291,319,64,251,248,187,328,216,306,227,233,255,304,306,183,230,130,153,,,234,220,,,313,152,278,284,301,219,219,252,123,98,315,324,90,76,86,225,133,275,200,252,237,310,180,115,,294,,,b'\x11\xe8\xe1I\xc7+Kp\xaf\x82\x12\xdf\x17\xaeN\x1e'
11E8E149-C72B-4B70-AF82-12DF17AE4E1E,2021-ncaa-d1-conf-Big South,ncaa,10,10,5,11,5,8,9,9,6,10,6,7,7,8,3,7,6,8,4,8,8,10,9,6,6,8,6,5,8,9,10,6,11,10,10,9,7,9,10,10,9,9,5,4,,,4,1,,,10,6,8,3,10,10,11,9,8,7,9,8,8,8,11,11,10,6,11,10,7,9,6,,2,,,10,7,8,8,8,6,6,8,11,11,8,11,7,6,7,6,8,7,6,8,8,11,10,11,3,9,11,6,10,7,10,11,11,10,10,11,10,10,8,7,,,9,9,,,10,5,8,11,10,11,11,10,7,6,11,11,6,5,6,9,6,10,5,8,11,11,9,6,,10,,,b'\x11\xe8\xe1I\xc7+Kp\xaf\x82\x12\xdf\x17\xaeN\x1e'
11E8E149-C72B-4B70-AF82-12DF17AE4E1E,2021-ncaa-d1-natl,ncaa,258,310,152,291,159,211,213,217,201,215,182,257,188,228,81,237,183,200,166,199,198,217,203,200,186,231,158,182,137,296,330,134,242,207,303,242,272,242,287,298,273,312,173,183,,,120,61,,,303,179,248,135,293,299,330,266,227,235,277,227,237,239,327,315,329,127,285,305,227,312,197,,61,,,293,197,210,224,131,159,159,171,296,302,174,326,125,117,247,119,114,209,182,173,154,238,282,316,66,269,242,214,330,237,303,236,214,242,294,294,198,231,148,150,,,217,221,,,303,167,274,272,295,215,215,254,126,105,310,324,84,69,81,236,156,277,215,267,230,293,186,128,,284,,,b'\x11\xe8\xe1I\xc7+Kp\xaf\x82\x12\xdf\x17\xaeN\x1e'
11E8E149-C72B-4B70-AF82-12DF17AE4E1E,2022-ncaa-d0-natl,ncaa,345,351,216,350,259,339,327,298,338,325,308,316,252,205,313,99,353,337,352,340,312,313,254,328,341,352,183,109,329,336,342,218,298,293,338,298,147,346,354,349,284,298,153,149,,,189,191,,,355,199,87,349,354,350,340,344,317,244,173,353,345,346,350,238,343,192,323,309,352,272,135,,243,,,355,274,264,217,259,264,177,313,199,257,86,244,271,257,292,255,248,228,188,251,265,317,158,139,228,288,298,238,342,265,338,336,336,296,317,343,349,355,36,129,,,337,345,,,355,157,354,328,354,320,311,302,310,226,240,302,296,289,289,316,284,308,304,317,341,289,351,45,,348,,,b'\x11\xe8\xe1I\xc7+Kp\xaf\x82\x12\xdf\x17\xaeN\x1e'
11E8E149-C72B-4B70-AF82-12DF17AE4E1E,2022-ncaa-d1-conf-Big South,ncaa,12,10,12,12,12,12,12,12,12,12,12,11,9,8,10,4,12,12,12,12,12,12,12,11,12,12,7,4,12,10,10,10,7,10,9,12,6,9,12,11,12,12,4,4,,,2,7,,,12,12,9,12,12,12,11,12,10,7,6,12,12,12,12,9,10,5,7,11,12,12,3,,6,,,12,6,5,5,5,3,3,7,11,10,8,11,5,4,12,4,6,4,1,7,9,12,11,11,5,6,7,5,10,4,9,12,12,12,12,12,10,12,5,9,,,12,12,,,12,1,12,12,12,11,10,11,7,7,11,11,7,6,6,10,7,10,8,9,12,12,12,7,,12,,,b'\x11\xe8\xe1I\xc7+Kp\xaf\x82\x12\xdf\x17\xaeN\x1e'
11E8E149-C72B-4B70-AF82-12DF17AE4E1E,2022-ncaa-d1-natl,ncaa,350,354,213,352,269,344,338,316,342,336,309,327,254,189,323,96,351,338,352,338,304,323,258,336,345,353,181,109,318,337,347,236,304,304,343,301,146,353,354,349,275,294,159,159,,,225,222,,,355,208,88,348,354,351,343,348,321,255,168,352,346,346,350,236,343,214,332,317,352,271,146,,261,,,354,280,267,214,269,267,174,317,193,253,92,228,294,273,311,273,262,229,182,259,277,317,158,128,249,290,304,266,347,295,343,332,333,287,307,338,350,355,62,169,,,335,343,,,355,158,354,333,355,319,315,293,307,221,228,289,311,295,295,311,277,307,310,322,340,274,353,67,,348,,,b'\x11\xe8\xe1I\xc7+Kp\xaf\x82\x12\xdf\x17\xaeN\x1e'
11E8E149-C72B-4B70-AF82-12DF17AE4E1E,2023-ncaa-d0-natl,ncaa,345,347,236,350,277,338,326,236,353,319,267,320,264,151,353,89,347,350,229,350,347,281,194,353,357,358,206,150,303,190,241,251,306,243,309,327,291,350,352,351,181,174,189,205,,,227,235,,,354,201,67,260,350,341,205,321,249,251,114,351,352,352,269,105,164,232,212,336,359,143,173,,285,,,355,246,234,169,270,251,201,246,151,133,235,114,271,273,142,269,259,187,191,266,272,270,164,121,245,287,306,282,241,293,309,167,108,172,180,168,339,345,18,52,,,338,356,,,354,174,357,297,354,311,298,274,305,286,203,164,292,300,298,297,316,315,332,332,219,125,347,25,,342,,,b'\x11\xe8\xe1I\xc7+Kp\xaf\x82\x12\xdf\x17\xaeN\x1e'
11E8E149-C72B-4B70-AF82-12DF17AE4E1E,2023-ncaa-d1-conf-Big South,ncaa,10,10,7,10,8,9,7,4,9,6,3,7,7,6,10,6,8,9,3,9,10,6,6,10,10,10,8,7,7,3,4,8,8,7,7,8,7,7,6,8,3,4,3,2,,,9,9,,,10,7,3,4,7,6,2,5,3,7,6,8,9,9,3,3,3,7,6,8,7,3,2,,9,,,10,8,7,3,9,6,3,8,7,4,9,4,10,10,8,10,10,4,4,9,9,10,7,5,10,6,8,9,4,8,7,6,7,5,6,7,5,6,1,1,,,9,10,,,10,4,8,10,10,9,9,6,9,7,7,4,10,10,10,9,9,9,9,9,8,4,6,1,,9,,,b'\x11\xe8\xe1I\xc7+Kp\xaf\x82\x12\xdf\x17\xaeN\x1e'
11E8E149-C72B-4B70-AF82-12DF17AE4E1E,2023-ncaa-d1-natl,ncaa,347,346,219,349,290,346,332,239,354,325,270,325,245,139,351,86,351,352,220,351,349,286,190,354,358,358,195,137,313,186,244,240,313,234,309,333,301,352,352,352,194,203,197,214,,,241,248,,,354,196,69,268,347,337,194,324,247,231,111,353,353,352,263,102,167,213,198,335,357,162,186,,291,,,355,259,242,187,267,265,213,249,151,136,205,114,269,276,124,272,259,215,205,254,259,267,144,108,244,289,313,290,244,304,309,170,107,174,183,179,339,342,14,49,,,344,356,,,354,179,358,294,353,312,299,277,311,288,188,167,292,299,300,303,316,319,335,332,216,136,345,23,,347,,,b'\x11\xe8\xe1I\xc7+Kp\xaf\x82\x12\xdf\x17\xaeN\x1e'
11E8E149-C72B-4B70-AF82-12DF17AE4E1E,2024-ncaa-d0-natl,ncaa,264,251,258,268,274,265,236,226,251,190,151,266,288,297,236,275,283,273,228,273,311,241,182,265,274,313,296,264,229,116,69,188,212,156,107,278,290,338,339,332,243,247,204,209,,,108,122,,,266,214,83,171,245,204,157,148,79,275,277,263,253,254,183,59,66,105,68,265,350,211,189,,170,,,269,142,148,159,167,146,186,124,163,128,265,136,128,126,194,130,132,148,141,165,171,160,167,196,153,193,212,69,69,99,107,95,95,192,173,140,299,300,37,25,,,278,312,,,266,138,301,176,273,224,238,269,234,291,207,173,179,177,180,263,274,250,142,195,148,143,326,48,,249,,,b'\x11\xe8\xe1I\xc7+Kp\xaf\x82\x12\xdf\x17\xaeN\x1e'
11E8E149-C72B-4B70-AF82-12DF17AE4E1E,2024-ncaa-d1-conf-Big South,ncaa,5,5,6,5,7,6,5,4,4,3,3,4,7,7,7,7,7,7,4,7,5,4,3,4,5,6,7,7,6,3,1,4,3,3,1,5,5,8,7,6,7,7,1,1,,,2,2,,,3,6,2,5,3,2,3,2,3,7,7,6,5,5,3,1,1,1,1,4,9,6,1,,2,,,3,5,5,5,4,4,5,2,7,5,9,5,3,2,4,3,2,4,3,5,4,5,7,7,2,3,3,1,1,2,1,4,3,7,6,4,7,8,2,1,,,7,7,,,3,3,4,6,4,7,7,9,7,8,8,7,3,3,4,7,8,4,3,4,6,6,8,2,,4,,,b'\x11\xe8\xe1I\xc7+Kp\xaf\x82\x12\xdf\x17\xaeN\x1e'
11E8E149-C72B-4B70-AF82-12DF17AE4E1E,2024-ncaa-d1-natl,ncaa,266,253,254,268,283,280,245,243,245,191,147,263,298,305,245,286,298,281,278,279,316,252,195,269,279,322,307,274,246,129,82,176,214,161,117,283,297,341,342,331,271,273,200,207,,,120,130,,,285,216,89,171,256,215,176,143,82,282,286,287,258,259,199,72,82,91,66,276,351,249,174,,186,,,285,152,165,179,174,176,209,133,156,130,243,134,140,137,166,138,123,170,152,171,164,176,139,188,145,209,214,72,82,115,117,96,89,216,203,159,300,307,37,25,,,284,303,,,285,134,312,198,286,236,250,284,247,301,203,174,174,181,184,280,275,263,150,209,149,169,326,44,,242,,,b'\x11\xe8\xe1I\xc7+Kp\xaf\x82\x12\xdf\x17\xaeN\x1e'
11E8E149-C72B-4B70-AF82-12DF17AE4E1E,2025-ncaa-d0-natl,genius_ncaa,184,176,194,191,234,285,267,203,305,276,255,235,223,135,329,90,325,310,267,312,287,226,188,302,315,329,193,152,271,128,122,184,315,165,212,256,204,324,323,311,266,277,227,264,,,56,42,,93,295,212,187,269,310,283,193,278,248,219,100,327,311,316,241,145,104,151,116,263,333,261,214,,74,,102,296,158,198,238,141,249,262,144,116,157,90,127,93,67,270,75,49,213,193,114,109,151,62,114,85,313,315,174,122,243,212,140,92,240,251,204,264,262,47,103,,,271,300,,121,295,147,320,206,300,197,241,302,279,312,130,175,114,90,97,266,246,330,198,286,166,217,284,68,,276,,114,b'\x11\xe8\xe1I\xc7+Kp\xaf\x82\x12\xdf\x17\xaeN\x1e'
11E8E149-C72B-4B70-AF82-12DF17AE4E1E,2025-ncaa-d1-conf-Big South,genius_ncaa,4,3,6,4,8,6,6,7,4,5,8,2,4,3,8,3,8,8,7,9,7,8,7,5,5,5,5,3,7,2,1,5,5,3,2,4,1,6,7,5,5,4,2,3,,,2,4,,5,4,9,7,6,5,6,5,5,8,4,3,7,7,9,5,4,1,2,2,3,7,4,2,,4,,6,4,1,3,3,2,2,5,2,4,3,5,4,2,2,4,2,2,1,3,2,2,3,5,5,3,4,5,2,1,2,2,3,6,6,5,6,3,5,1,2,,,7,8,,5,4,2,5,3,4,3,4,7,4,7,4,4,2,2,2,4,5,7,2,2,5,5,5,1,,6,,5,b'\x11\xe8\xe1I\xc7+Kp\xaf\x82\x12\xdf\x17\xaeN\x1e'
11E8E149-C72B-4B70-AF82-12DF17AE4E1E,2025-ncaa-d1-natl,genius_ncaa,193,176,244,196,289,320,304,254,314,295,282,256,240,153,330,92,333,322,262,326,283,274,244,312,319,333,193,150,268,158,134,224,321,208,229,284,212,307,332,322,292,289,241,270,,,43,44,,85,308,260,192,269,325,301,215,288,254,223,104,328,313,319,259,153,119,153,129,279,335,277,219,,77,,107,310,130,180,208,154,223,247,159,102,135,99,121,73,58,278,63,48,177,142,127,123,167,60,114,88,298,321,139,134,213,229,123,93,273,263,211,246,271,44,109,,,295,298,,131,308,97,327,224,312,207,255,306,288,315,136,174,117,93,96,271,240,334,207,295,176,233,289,69,,275,,110,b'\x11\xe8\xe1I\xc7+Kp\xaf\x82\x12\xdf\x17\xaeN\x1e'
11E8E149-C72B-4B70-AF82-12DF17AE4E1E,2026-ncaa-d0-natl,genius_ncaa,295,295,206,310,208,271,267,222,332,345,333,304,67,33,213,3,344,349,261,349,301,249,247,280,307,300,6,3,348,257,318,166,234,204,294,280,249,154,235,267,328,346,318,348,,,44,24,,59,323,239,232,33,292,296,165,359,354,27,7,356,356,356,245,237,255,68,135,299,210,342,335,,39,,70,320,230,249,225,218,210,231,145,293,228,316,206,97,116,120,114,69,201,145,230,210,307,194,294,49,255,234,258,318,261,294,229,146,341,361,350,184,252,46,173,,,345,360,,310,323,129,303,319,321,310,323,352,291,334,333,292,119,136,136,344,257,310,348,340,279,358,240,59,,361,,305,b'\x11\xe8\xe1I\xc7+Kp\xaf\x82\x12\xdf\x17\xaeN\x1e'
11E8E149-C72B-4B70-AF82-12DF17AE4E1E,2026-ncaa-d1-natl,genius_ncaa,301,294,177,317,181,272,283,239,325,357,348,310,43,23,165,3,342,344,223,347,226,261,247,253,279,282,5,3,335,298,331,130,234,194,306,280,229,211,278,285,331,344,336,353,,,37,22,,90,327,220,202,31,283,302,203,362,356,23,8,346,347,351,278,236,294,53,142,297,256,338,343,,41,,104,328,266,292,279,226,255,271,153,314,267,320,203,97,111,134,112,52,253,171,243,207,319,191,289,43,278,234,295,331,297,306,266,144,352,359,357,253,305,54,195,,,347,356,,305,327,144,299,329,325,324,337,357,306,345,337,308,111,125,124,353,269,315,348,344,295,360,291,57,,358,,305,b'\x11\xe8\xe1I\xc7+Kp\xaf\x82\x12\xdf\x17\xaeN\x1e'
11E8E149-C72F-9068-AF82-12DF17AE4E1E,2010-ncaa-d0-natl,ncaa,108,114,81,117,83,135,107,72,201,58,27,225,287,281,260,310,138,101,240,101,275,71,59,255,262,246,312,306,170,33,42,93,115,47,56,97,120,272,181,170,65,78,118,138,,,231,163,,,107,80,125,27,165,126,75,62,17,301,293,161,123,124,69,53,30,108,41,110,232,70,126,,184,,,107,153,122,212,50,131,244,35,164,167,195,131,237,185,325,191,156,218,261,53,76,45,231,186,261,199,115,214,42,207,56,73,76,47,57,31,135,75,160,56,,,98,225,,,107,264,214,42,106,89,61,150,73,185,146,121,201,154,156,142,228,155,155,153,49,61,106,137,,139,,,b'\x11\xe8\xe1I\xc7/\x90h\xaf\x82\x12\xdf\x17\xaeN\x1e'
11E8E149-C72F-9068-AF82-12DF17AE4E1E,2010-ncaa-d1-conf-Atlantic 10,ncaa,4,4,3,4,4,4,4,4,5,2,1,6,11,12,7,14,3,4,9,4,10,4,3,8,7,6,13,14,5,3,3,5,4,4,3,3,4,13,6,6,3,2,4,5,,,8,9,,,5,3,1,2,3,3,3,2,1,11,12,4,4,4,3,1,3,6,4,3,10,3,4,,8,,,5,7,5,9,5,6,9,5,8,9,7,7,11,11,13,11,10,9,9,6,6,6,11,6,11,4,4,11,3,8,3,1,1,2,2,1,3,2,6,1,,,6,6,,,5,12,6,4,5,5,4,7,4,10,7,7,12,11,11,7,10,5,9,5,1,2,3,5,,5,,,b'\x11\xe8\xe1I\xc7/\x90h\xaf\x82\x12\xdf\x17\xaeN\x1e'
11E8E149-C72F-9068-AF82-12DF17AE4E1E,2010-ncaa-d1-natl,ncaa,114,114,91,120,93,144,116,75,205,61,27,231,292,288,261,310,143,111,240,111,277,76,66,264,269,250,312,305,162,35,46,101,120,52,56,103,123,262,182,173,73,80,120,139,,,216,159,,,112,91,126,26,171,132,77,63,17,302,294,160,125,125,72,54,30,113,43,113,231,77,129,,182,,,112,136,108,201,53,115,233,36,159,156,200,132,224,175,325,181,156,208,249,56,81,48,231,186,260,179,120,198,46,198,56,64,79,51,63,31,124,75,152,59,,,110,226,,,112,253,216,43,112,93,62,153,73,187,146,120,206,156,159,144,228,158,159,156,50,63,106,137,,139,,,b'\x11\xe8\xe1I\xc7/\x90h\xaf\x82\x12\xdf\x17\xaeN\x1e'
11E8E149-C72F-9068-AF82-12DF17AE4E1E,2011-ncaa-d0-natl,ncaa,19,47,4,37,5,15,12,7,34,9,5,65,181,223,89,314,45,26,215,25,255,10,4,75,90,114,326,308,221,7,7,6,124,4,13,13,104,343,199,100,38,124,18,63,,,335,184,,,28,5,93,241,54,27,69,19,18,271,303,122,115,111,67,46,23,32,10,31,250,99,47,,215,,,31,319,300,338,20,290,339,20,248,304,71,163,307,314,163,317,158,341,340,19,16,33,203,175,230,336,124,252,7,320,13,184,51,33,164,51,301,112,235,44,,,41,303,,,28,339,68,40,35,92,83,235,85,240,122,172,171,178,183,237,245,231,26,72,41,136,158,106,,236,,,b'\x11\xe8\xe1I\xc7/\x90h\xaf\x82\x12\xdf\x17\xaeN\x1e'
11E8E149-C72F-9068-AF82-12DF17AE4E1E,2011-ncaa-d1-conf-Atlantic 10,ncaa,4,3,2,4,3,3,2,3,2,2,2,3,10,11,6,14,2,3,8,3,9,3,2,5,4,6,14,14,9,2,1,3,5,3,2,2,6,14,11,5,2,5,4,5,,,13,10,,,3,3,4,6,3,3,5,2,1,11,14,4,4,4,5,2,2,3,3,3,11,5,4,,11,,,3,11,11,12,3,8,11,4,10,11,7,10,11,12,11,12,9,12,13,3,4,4,12,10,10,12,5,4,1,8,2,6,3,3,8,4,13,8,4,1,,,5,13,,,3,13,3,4,3,5,4,8,5,6,8,11,10,9,10,8,9,6,1,1,3,7,9,3,,11,,,b'\x11\xe8\xe1I\xc7/\x90h\xaf\x82\x12\xdf\x17\xaeN\x1e'
11E8E149-C72F-9068-AF82-12DF17AE4E1E,2011-ncaa-d1-natl,ncaa,19,46,4,38,5,16,12,8,34,9,5,66,194,229,93,313,50,30,211,29,255,11,5,79,89,118,323,308,221,7,7,6,127,4,13,13,106,341,201,101,41,130,21,63,,,334,188,,,29,5,92,243,56,29,73,19,18,268,304,125,118,115,69,45,26,33,12,31,250,106,49,,218,,,33,316,298,338,21,277,339,22,241,298,72,160,305,307,166,311,154,341,338,21,18,35,200,169,229,336,127,233,7,316,13,179,53,38,171,58,294,115,227,46,,,45,305,,,29,339,72,46,37,97,86,237,90,243,123,174,176,179,185,238,245,235,27,74,43,138,160,112,,237,,,b'\x11\xe8\xe1I\xc7/\x90h\xaf\x82\x12\xdf\x17\xaeN\x1e'
11E8E149-C72F-9068-AF82-12DF17AE4E1E,2012-ncaa-d0-natl,ncaa,147,129,163,147,177,105,91,155,30,42,47,71,272,321,21,330,125,102,246,104,222,142,141,60,67,88,317,306,188,98,44,89,92,77,26,104,204,189,179,130,257,276,25,47,,,86,63,,,110,162,113,99,57,35,109,17,15,274,321,102,66,71,96,80,77,32,29,72,214,260,18,,99,,,107,190,227,249,173,293,308,131,60,53,149,27,118,92,250,99,42,230,179,119,107,203,18,41,100,160,92,39,44,53,26,98,34,283,312,224,116,109,59,23,,,166,205,,,110,181,69,197,109,224,265,305,304,336,65,52,134,116,129,287,219,188,38,75,119,290,140,69,,143,,,b'\x11\xe8\xe1I\xc7/\x90h\xaf\x82\x12\xdf\x17\xaeN\x1e'
11E8E149-C72F-9068-AF82-12DF17AE4E1E,2012-ncaa-d1-conf-Atlantic 10,ncaa,6,6,8,6,9,6,6,8,2,4,6,5,10,12,2,12,4,4,12,4,4,8,8,4,4,6,12,11,4,7,4,5,8,5,3,6,6,9,10,8,9,10,2,2,,,4,2,,,7,8,2,4,4,4,6,2,4,10,12,4,2,2,4,2,7,3,2,5,10,9,1,,3,,,7,9,9,11,4,8,11,3,7,5,10,5,8,9,3,10,6,11,7,4,4,6,8,7,7,10,8,3,4,6,3,4,4,11,13,9,8,9,2,3,,,8,7,,,7,7,6,7,7,12,10,14,9,14,8,5,7,10,10,14,12,11,2,8,9,11,10,3,,8,,,b'\x11\xe8\xe1I\xc7/\x90h\xaf\x82\x12\xdf\x17\xaeN\x1e'
11E8E149-C72F-9068-AF82-12DF17AE4E1E,2012-ncaa-d1-natl,ncaa,158,129,196,150,217,125,98,186,30,46,53,74,282,324,19,330,136,110,246,112,223,169,166,63,72,91,317,305,184,107,44,107,97,91,27,120,209,167,181,136,271,283,29,47,,,71,67,,,117,197,116,90,62,37,114,17,16,274,321,103,69,74,101,82,80,34,32,78,216,267,19,,102,,,112,175,217,234,182,283,304,139,52,42,154,27,106,84,252,93,42,207,144,126,115,211,19,41,101,145,97,28,44,38,27,80,34,300,315,233,99,114,50,24,,,183,201,,,117,150,75,206,113,229,268,305,305,336,67,50,138,119,132,288,218,189,37,76,123,292,141,70,,144,,,b'\x11\xe8\xe1I\xc7/\x90h\xaf\x82\x12\xdf\x17\xaeN\x1e'
11E8E149-C72F-9068-AF82-12DF17AE4E1E,2013-ncaa-d0-natl,ncaa,23,14,80,17,104,80,43,84,26,18,25,44,306,317,203,330,158,127,263,124,299,88,93,75,89,86,340,335,263,17,4,120,188,41,14,72,188,162,108,76,201,220,20,37,,,125,88,,,33,158,234,267,80,29,109,11,17,319,326,189,153,149,116,146,15,157,35,69,119,227,22,,75,,,32,85,154,228,68,239,288,95,19,77,9,56,78,70,219,79,40,214,217,37,29,38,16,21,125,248,188,17,4,76,14,90,77,136,142,83,101,68,96,26,,,96,156,,,33,199,38,52,31,48,97,158,190,273,12,49,60,53,56,115,133,214,8,36,70,168,81,84,,144,,,b'\x11\xe8\xe1I\xc7/\x90h\xaf\x82\x12\xdf\x17\xaeN\x1e'
11E8E149-C72F-9068-AF82-12DF17AE4E1E,2013-ncaa-d1-conf-Atlantic 10,ncaa,4,2,9,2,10,6,5,9,2,3,3,2,14,15,9,15,4,3,13,3,8,9,9,5,5,4,16,16,7,3,1,8,10,6,1,9,14,2,4,5,12,13,1,1,,,6,7,,,3,14,11,9,3,2,7,1,1,14,15,4,1,1,6,6,1,8,2,7,6,12,1,,8,,,3,1,3,5,3,7,9,5,1,1,4,3,8,7,15,7,6,5,4,2,3,4,3,4,9,8,10,1,1,3,1,3,4,8,5,5,2,1,2,1,,,3,5,,,3,4,2,4,3,3,3,8,8,12,3,3,7,7,7,7,6,12,1,3,4,5,1,2,,2,,,b'\x11\xe8\xe1I\xc7/\x90h\xaf\x82\x12\xdf\x17\xaeN\x1e'
11E8E149-C72F-9068-AF82-12DF17AE4E1E,2013-ncaa-d1-natl,ncaa,26,14,90,17,123,92,51,100,27,20,28,44,309,319,205,329,168,135,263,131,299,104,110,75,91,88,340,335,261,17,4,135,191,50,15,78,194,144,111,78,209,229,22,38,,,109,88,,,34,178,238,267,84,29,114,11,18,319,326,191,153,149,122,151,15,163,37,71,119,231,22,,79,,,33,65,140,218,69,230,280,100,15,64,9,55,67,61,220,70,41,196,196,38,32,42,16,21,125,237,191,12,4,56,15,80,79,146,147,87,93,69,92,27,,,106,147,,,34,179,38,60,32,50,100,162,195,275,14,49,62,55,59,119,131,214,8,36,75,176,81,85,,141,,,b'\x11\xe8\xe1I\xc7/\x90h\xaf\x82\x12\xdf\x17\xaeN\x1e'
11E8E149-C72F-9068-AF82-12DF17AE4E1E,2014-ncaa-d0-natl,ncaa,165,173,131,173,155,146,106,124,109,56,53,102,314,298,323,305,158,199,50,195,311,136,135,199,174,176,332,329,181,109,83,84,113,87,68,170,237,205,181,189,264,284,73,107,,,180,168,,,139,148,133,206,151,83,101,30,34,321,301,163,220,217,123,129,112,55,58,182,202,269,72,,172,,,139,175,233,242,155,299,313,143,34,53,66,23,138,150,105,150,66,239,211,105,88,150,9,27,134,192,113,113,83,147,68,163,103,245,285,231,129,120,101,39,,,181,228,,,139,203,155,150,137,172,239,271,298,333,32,45,137,156,157,261,204,185,109,135,160,268,136,101,,205,,,b'\x11\xe8\xe1I\xc7/\x90h\xaf\x82\x12\xdf\x17\xaeN\x1e'
11E8E149-C72F-9068-AF82-12DF17AE4E1E,2014-ncaa-d1-conf-C-USA,ncaa,7,6,10,7,12,12,7,14,2,3,4,2,16,16,15,15,10,14,3,14,15,15,12,6,4,10,16,16,10,9,3,1,1,6,1,9,11,14,16,12,15,15,8,7,,,2,5,,,4,13,9,6,10,5,11,2,2,16,16,10,14,14,14,7,9,1,2,7,15,15,7,,5,,,4,2,6,9,4,13,15,5,2,5,1,5,1,2,1,2,1,8,4,3,2,2,1,3,1,4,1,1,3,1,1,5,5,16,16,15,15,16,2,2,,,14,12,,,4,4,10,3,4,2,12,16,14,16,2,7,2,2,2,16,7,7,1,1,6,16,16,2,,12,,,b'\x11\xe8\xe1I\xc7/\x90h\xaf\x82\x12\xdf\x17\xaeN\x1e'
11E8E149-C72F-9068-AF82-12DF17AE4E1E,2014-ncaa-d1-conf-CUSA,ncaa,7,6,10,7,12,12,7,14,2,3,4,2,16,16,15,15,10,14,3,14,15,15,12,6,4,10,16,16,10,9,3,1,1,6,1,9,11,14,16,12,15,15,8,7,,,2,5,,,4,13,9,6,10,5,11,2,2,16,16,10,14,14,14,7,9,1,2,7,15,15,7,,5,,,4,2,6,9,4,13,15,5,2,5,1,5,1,2,1,2,1,8,4,3,2,2,1,3,1,4,1,1,3,1,1,5,5,16,16,15,15,16,2,2,,,14,12,,,4,4,10,3,4,2,12,16,14,16,2,7,2,2,2,16,7,7,1,1,6,16,16,2,,12,,,b'\x11\xe8\xe1I\xc7/\x90h\xaf\x82\x12\xdf\x17\xaeN\x1e'
11E8E149-C72F-9068-AF82-12DF17AE4E1E,2014-ncaa-d1-natl,ncaa,173,171,145,178,180,164,126,143,115,61,61,107,317,306,325,305,173,223,50,219,314,155,159,199,177,183,331,326,180,129,84,94,115,101,69,190,243,193,183,190,273,286,80,107,,,162,169,,,157,173,136,206,155,93,102,32,35,321,303,167,223,221,129,134,121,60,60,192,207,271,74,,173,,,157,157,217,220,165,293,307,151,29,45,68,25,127,141,108,140,66,217,176,113,92,161,9,26,134,172,115,91,84,128,69,146,106,265,287,237,119,123,96,48,,,205,230,,,157,173,163,158,154,178,245,273,302,335,34,45,137,156,156,261,201,192,113,137,162,272,134,105,,208,,,b'\x11\xe8\xe1I\xc7/\x90h\xaf\x82\x12\xdf\x17\xaeN\x1e'
11E8E149-C72F-9068-AF82-12DF17AE4E1E,2015-ncaa-d0-natl,ncaa,162,209,79,195,108,95,70,86,80,56,88,84,158,165,148,199,181,219,86,218,289,103,91,104,108,127,259,203,280,109,115,184,194,147,134,46,57,237,195,86,71,75,98,125,,,241,190,,,139,95,145,283,121,73,134,66,117,173,198,230,269,269,161,162,157,262,226,41,198,69,112,,191,,,137,249,262,214,265,267,249,227,191,134,314,114,183,165,242,162,104,209,246,255,254,178,110,145,134,195,194,142,115,162,134,209,133,82,79,106,176,138,125,76,,,166,266,,,139,254,118,176,140,174,216,125,231,194,162,87,136,124,117,100,158,129,82,82,171,83,147,86,,249,,,b'\x11\xe8\xe1I\xc7/\x90h\xaf\x82\x12\xdf\x17\xaeN\x1e'
11E8E149-C72F-9068-AF82-12DF17AE4E1E,2015-ncaa-d1-conf-C-USA,ncaa,6,7,4,7,6,5,5,3,6,4,4,8,8,8,7,9,8,10,2,10,12,5,6,7,7,7,10,9,12,7,5,8,8,7,6,3,3,8,6,3,5,5,4,4,,,6,8,,,5,5,5,8,4,4,3,3,4,8,8,7,10,10,5,5,6,10,6,2,7,5,4,,8,,,4,9,10,10,8,12,10,7,5,5,13,5,10,7,12,7,7,9,10,8,8,7,4,6,7,9,8,4,5,5,6,8,7,5,5,5,8,6,5,3,,,9,11,,,5,10,5,7,6,9,9,9,11,11,5,5,9,9,9,7,8,7,4,3,7,5,8,6,,9,,,b'\x11\xe8\xe1I\xc7/\x90h\xaf\x82\x12\xdf\x17\xaeN\x1e'
11E8E149-C72F-9068-AF82-12DF17AE4E1E,2015-ncaa-d1-conf-CUSA,ncaa,6,7,4,7,6,5,5,3,6,4,4,8,8,8,7,9,8,10,2,10,12,5,6,7,7,7,10,9,12,7,5,8,8,7,6,3,3,8,6,3,5,5,4,4,,,6,8,,,5,5,5,8,4,4,3,3,4,8,8,7,10,10,5,5,6,10,6,2,7,5,4,,8,,,4,9,10,10,8,12,10,7,5,5,13,5,10,7,12,7,7,9,10,8,8,7,4,6,7,9,8,4,5,5,6,8,7,5,5,5,8,6,5,3,,,9,11,,,5,10,5,7,6,9,9,9,11,11,5,5,9,9,9,7,8,7,4,3,7,5,8,6,,9,,,b'\x11\xe8\xe1I\xc7/\x90h\xaf\x82\x12\xdf\x17\xaeN\x1e'
11E8E149-C72F-9068-AF82-12DF17AE4E1E,2015-ncaa-d1-natl,ncaa,180,207,97,202,135,118,80,105,83,70,102,91,163,176,146,197,197,243,84,242,292,127,115,109,114,132,257,200,276,131,124,211,205,177,143,51,60,226,198,89,82,77,105,130,,,220,193,,,153,127,151,285,127,86,140,71,125,173,196,237,272,271,170,166,168,267,229,47,201,74,114,,193,,,151,229,244,186,275,257,222,235,177,111,314,110,167,143,244,141,110,173,213,262,263,196,105,141,134,171,205,113,124,127,143,195,136,93,85,121,162,143,110,82,,,197,263,,,153,223,127,195,153,185,228,126,246,200,163,83,136,124,118,106,157,131,87,82,182,94,150,92,,254,,,b'\x11\xe8\xe1I\xc7/\x90h\xaf\x82\x12\xdf\x17\xaeN\x1e'
11E8E149-C72F-9068-AF82-12DF17AE4E1E,2016-ncaa-d0-natl,ncaa,100,87,114,97,133,54,50,120,17,47,123,15,113,157,39,193,70,95,73,95,119,104,110,16,16,22,203,195,185,162,134,98,303,120,162,119,284,191,149,133,182,235,61,93,,,148,69,,,111,100,86,126,23,26,122,32,129,113,167,62,79,77,104,100,190,89,133,112,184,190,56,,132,,,112,310,325,311,222,320,306,236,263,281,182,197,133,174,36,168,77,307,278,222,184,260,91,193,52,340,303,94,134,254,162,251,89,253,316,282,237,196,3,3,,,99,112,,,111,242,24,292,121,296,320,335,311,320,259,280,120,167,156,331,315,339,72,220,233,277,220,3,,80,,,b'\x11\xe8\xe1I\xc7/\x90h\xaf\x82\x12\xdf\x17\xaeN\x1e'
11E8E149-C72F-9068-AF82-12DF17AE4E1E,2016-ncaa-d1-conf-C-USA,ncaa,5,4,9,4,10,5,2,7,2,2,6,2,8,9,5,9,7,8,5,8,8,7,7,2,2,2,11,10,8,7,7,3,11,4,7,8,12,5,4,7,12,11,3,5,,,2,1,,,5,6,3,5,1,1,4,1,5,6,9,7,8,7,4,3,7,1,3,6,8,9,2,,2,,,5,9,12,13,8,12,12,7,12,12,7,9,2,4,2,4,3,12,8,8,4,10,2,8,1,13,11,2,7,8,7,12,7,14,14,13,9,8,1,2,,,9,9,,,5,5,3,12,5,12,13,14,13,13,13,13,2,4,4,14,13,14,7,10,12,14,10,2,,7,,,b'\x11\xe8\xe1I\xc7/\x90h\xaf\x82\x12\xdf\x17\xaeN\x1e'
11E8E149-C72F-9068-AF82-12DF17AE4E1E,2016-ncaa-d1-conf-CUSA,ncaa,5,4,9,4,10,5,2,7,2,2,6,2,8,9,5,9,7,8,5,8,8,7,7,2,2,2,11,10,8,7,7,3,11,4,7,8,12,5,4,7,12,11,3,5,,,2,1,,,5,6,3,5,1,1,4,1,5,6,9,7,8,7,4,3,7,1,3,6,8,9,2,,2,,,5,9,12,13,8,12,12,7,12,12,7,9,2,4,2,4,3,12,8,8,4,10,2,8,1,13,11,2,7,8,7,12,7,14,14,13,9,8,1,2,,,9,9,,,5,5,3,12,5,12,13,14,13,13,13,13,2,4,4,14,13,14,7,10,12,14,10,2,,7,,,b'\x11\xe8\xe1I\xc7/\x90h\xaf\x82\x12\xdf\x17\xaeN\x1e'
11E8E149-C72F-9068-AF82-12DF17AE4E1E,2016-ncaa-d1-natl,ncaa,114,87,142,104,162,66,62,150,17,56,151,16,118,175,40,194,83,109,72,109,119,138,149,16,16,23,203,193,184,189,145,126,312,153,176,142,288,166,153,142,210,244,63,98,,,116,70,,,126,131,91,117,27,28,128,34,132,115,171,63,81,75,105,106,196,95,138,123,182,205,57,,135,,,126,297,319,303,233,312,297,241,251,269,192,194,120,159,41,151,81,297,259,226,192,275,90,192,54,339,312,69,145,225,176,241,90,273,321,288,220,200,3,3,,,115,111,,,126,208,26,303,133,303,324,335,314,324,257,278,127,172,162,333,315,341,74,226,241,285,222,3,,77,,,b'\x11\xe8\xe1I\xc7/\x90h\xaf\x82\x12\xdf\x17\xaeN\x1e'
11E8E149-C72F-9068-AF82-12DF17AE4E1E,2017-ncaa-d0-natl,ncaa,79,64,116,71,145,65,46,52,62,55,82,66,72,86,84,137,198,197,198,200,296,67,72,61,77,66,216,134,325,101,130,97,278,85,194,36,78,166,89,51,89,128,14,14,,,78,23,,,76,68,35,209,35,19,21,38,74,74,83,229,233,236,31,43,89,85,68,14,159,92,7,,59,,,74,236,254,292,112,236,266,124,244,272,125,233,137,142,193,141,83,286,294,116,99,103,159,227,111,329,278,252,130,306,194,187,105,74,146,110,281,228,58,35,,,161,277,,,76,277,62,142,84,232,251,316,230,276,242,282,117,117,119,302,328,329,220,294,163,75,272,59,,186,,,b'\x11\xe8\xe1I\xc7/\x90h\xaf\x82\x12\xdf\x17\xaeN\x1e'
11E8E149-C72F-9068-AF82-12DF17AE4E1E,2017-ncaa-d1-conf-C-USA,ncaa,4,4,3,4,5,2,1,1,5,2,2,7,5,5,6,7,8,11,5,11,13,2,1,7,7,3,10,7,13,4,5,1,12,1,7,1,3,6,3,2,6,8,1,1,,,4,1,,,3,2,1,7,1,1,1,2,2,6,7,9,11,11,1,1,4,1,1,1,4,6,1,,3,,,3,10,9,14,2,7,12,1,10,13,4,10,9,8,10,8,4,14,14,1,2,2,12,10,8,14,12,13,5,14,7,6,4,5,6,5,11,10,9,6,,,9,13,,,3,13,3,6,3,8,8,13,7,10,11,12,7,8,8,12,14,14,9,10,6,5,10,9,,11,,,b'\x11\xe8\xe1I\xc7/\x90h\xaf\x82\x12\xdf\x17\xaeN\x1e'
11E8E149-C72F-9068-AF82-12DF17AE4E1E,2017-ncaa-d1-conf-CUSA,ncaa,4,4,3,4,5,2,1,1,5,2,2,7,5,5,6,7,8,11,5,11,13,2,1,7,7,3,10,7,13,4,5,1,12,1,7,1,3,6,3,2,6,8,1,1,,,4,1,,,3,2,1,7,1,1,1,2,2,6,7,9,11,11,1,1,4,1,1,1,4,6,1,,3,,,3,10,9,14,2,7,12,1,10,13,4,10,9,8,10,8,4,14,14,1,2,2,12,10,8,14,12,13,5,14,7,6,4,5,6,5,11,10,9,6,,,9,13,,,3,13,3,6,3,8,8,13,7,10,11,12,7,8,8,12,14,14,9,10,6,5,10,9,,11,,,b'\x11\xe8\xe1I\xc7/\x90h\xaf\x82\x12\xdf\x17\xaeN\x1e'
11E8E149-C72F-9068-AF82-12DF17AE4E1E,2017-ncaa-d1-natl,ncaa,92,64,144,72,180,73,52,71,65,62,103,69,85,94,88,136,227,229,197,232,298,86,99,64,80,72,213,135,322,120,142,116,284,111,211,40,78,143,92,53,107,143,15,15,,,46,22,,,88,86,38,197,36,22,23,44,81,75,83,232,232,233,33,44,97,86,76,14,161,102,8,,61,,,83,213,237,283,121,218,251,132,232,258,130,229,125,117,205,117,86,270,274,122,106,115,154,225,107,324,284,228,142,287,211,170,105,96,153,126,268,233,49,39,,,192,277,,,88,256,71,155,92,239,262,316,236,279,246,281,122,119,120,305,327,330,224,297,171,86,272,59,,192,,,b'\x11\xe8\xe1I\xc7/\x90h\xaf\x82\x12\xdf\x17\xaeN\x1e'
11E8E149-C72F-9068-AF82-12DF17AE4E1E,2018-ncaa-d0-natl,ncaa,185,189,164,195,185,161,184,257,77,100,115,121,320,338,126,335,39,29,233,28,35,211,222,124,101,111,290,325,21,159,88,140,236,152,111,183,194,140,192,176,186,166,39,26,,,47,58,,,160,236,267,117,141,169,281,68,94,324,341,18,9,10,205,221,136,122,122,173,169,177,29,,57,,,160,147,180,201,123,122,165,97,274,241,284,264,45,58,76,64,76,172,131,169,120,195,242,310,50,246,236,55,88,104,111,259,302,260,262,292,281,303,13,17,,,91,36,,,160,111,103,224,162,174,202,246,141,188,287,262,54,73,77,201,147,269,57,136,276,260,291,19,,60,,,b'\x11\xe8\xe1I\xc7/\x90h\xaf\x82\x12\xdf\x17\xaeN\x1e'
11E8E149-C72F-9068-AF82-12DF17AE4E1E,2018-ncaa-d1-conf-C-USA,ncaa,4,3,7,4,7,8,7,11,1,3,7,3,13,14,12,13,2,2,10,2,4,9,10,5,4,4,13,13,2,6,3,8,12,8,10,6,6,5,6,4,6,5,1,1,,,1,3,,,5,11,10,1,5,5,10,2,5,13,13,2,1,1,8,8,5,7,7,5,5,6,1,,3,,,5,5,6,7,5,5,7,4,10,12,9,13,3,2,12,2,4,7,5,8,5,7,9,12,4,12,12,2,3,5,10,8,10,7,7,9,12,14,1,1,,,8,7,,,5,4,4,10,5,8,9,10,8,10,10,13,3,3,3,8,8,12,5,7,8,7,13,1,,7,,,b'\x11\xe8\xe1I\xc7/\x90h\xaf\x82\x12\xdf\x17\xaeN\x1e'
11E8E149-C72F-9068-AF82-12DF17AE4E1E,2018-ncaa-d1-conf-CUSA,ncaa,4,3,7,4,7,8,7,11,1,3,7,3,13,14,12,13,2,2,10,2,4,9,10,5,4,4,13,13,2,6,3,8,12,8,10,6,6,5,6,4,6,5,1,1,,,1,3,,,5,11,10,1,5,5,10,2,5,13,13,2,1,1,8,8,5,7,7,5,5,6,1,,3,,,5,5,6,7,5,5,7,4,10,12,9,13,3,2,12,2,4,7,5,8,5,7,9,12,4,12,12,2,3,5,10,8,10,7,7,9,12,14,1,1,,,8,7,,,5,4,4,10,5,8,9,10,8,10,10,13,3,3,3,8,8,12,5,7,8,7,13,1,,7,,,b'\x11\xe8\xe1I\xc7/\x90h\xaf\x82\x12\xdf\x17\xaeN\x1e'
11E8E149-C72F-9068-AF82-12DF17AE4E1E,2018-ncaa-d1-natl,ncaa,203,188,213,204,241,199,214,296,79,123,151,128,325,341,129,335,49,35,228,36,37,258,277,131,108,116,288,325,19,192,99,181,239,199,126,208,196,116,197,185,207,181,40,29,,,30,58,,,183,298,270,99,152,178,290,76,103,324,341,20,13,13,210,230,149,130,132,185,169,185,29,,60,,,183,119,149,167,138,94,134,112,263,217,291,262,31,47,83,47,78,126,75,180,135,210,236,308,49,223,239,30,99,74,126,248,301,283,267,300,270,307,11,18,,,128,34,,,183,48,109,240,186,183,211,247,151,192,286,264,58,77,80,205,142,275,58,142,281,267,295,20,,62,,,b'\x11\xe8\xe1I\xc7/\x90h\xaf\x82\x12\xdf\x17\xaeN\x1e'
11E8E149-C72F-9068-AF82-12DF17AE4E1E,2019-ncaa-d0-natl,ncaa,125,109,114,126,148,200,161,189,144,140,119,209,215,265,71,266,247,236,259,233,292,199,220,163,183,177,260,216,262,126,84,150,181,132,94,186,217,117,150,160,232,219,189,176,,,94,117,,,155,269,320,193,232,183,240,152,120,223,275,278,257,256,259,298,123,168,137,209,105,243,190,,80,,,156,105,130,184,90,122,157,124,162,226,62,247,90,75,240,79,103,161,117,88,84,147,165,210,122,219,181,83,84,117,94,156,186,281,274,248,82,129,27,29,,,264,254,,,155,92,139,165,151,86,107,144,104,119,139,212,87,74,79,104,53,189,66,91,133,297,100,34,,298,,,b'\x11\xe8\xe1I\xc7/\x90h\xaf\x82\x12\xdf\x17\xaeN\x1e'
11E8E149-C72F-9068-AF82-12DF17AE4E1E,2019-ncaa-d1-conf-C-USA,ncaa,6,7,3,7,6,9,8,7,7,4,3,10,10,12,5,12,11,10,10,10,13,7,6,9,9,9,12,10,11,5,5,3,5,3,6,10,10,8,8,10,8,8,4,4,,,5,4,,,7,10,11,9,10,9,7,5,4,10,12,13,10,10,9,8,4,3,3,12,8,8,4,,4,,,7,4,6,10,3,6,10,4,10,12,3,11,3,3,13,3,4,10,8,3,3,4,9,10,6,8,5,6,5,7,6,10,13,7,8,9,9,10,2,2,,,10,11,,,7,7,8,4,7,3,6,7,6,8,8,11,3,3,3,7,5,9,6,6,7,10,9,2,,11,,,b'\x11\xe8\xe1I\xc7/\x90h\xaf\x82\x12\xdf\x17\xaeN\x1e'
11E8E149-C72F-9068-AF82-12DF17AE4E1E,2019-ncaa-d1-conf-CUSA,ncaa,6,7,3,7,6,9,8,7,7,4,3,10,10,12,5,12,11,10,10,10,13,7,6,9,9,9,12,10,11,5,5,3,5,3,6,10,10,8,8,10,8,8,4,4,,,5,4,,,7,10,11,9,10,9,7,5,4,10,12,13,10,10,9,8,4,3,3,12,8,8,4,,4,,,7,4,6,10,3,6,10,4,10,12,3,11,3,3,13,3,4,10,8,3,3,4,9,10,6,8,5,6,5,7,6,10,13,7,8,9,9,10,2,2,,,10,11,,,7,7,8,4,7,3,6,7,6,8,8,11,3,3,3,7,5,9,6,6,7,10,9,2,,11,,,b'\x11\xe8\xe1I\xc7/\x90h\xaf\x82\x12\xdf\x17\xaeN\x1e'
11E8E149-C72F-9068-AF82-12DF17AE4E1E,2019-ncaa-d1-natl,ncaa,135,108,155,130,193,234,205,241,156,171,146,226,232,285,72,267,271,263,257,263,287,254,276,177,192,184,258,214,258,154,94,195,188,172,106,222,223,87,154,168,261,229,197,178,,,70,122,,,183,313,323,180,247,204,248,161,126,226,279,280,261,261,269,304,128,181,154,221,109,257,191,,84,,,183,71,96,133,98,98,126,138,141,199,68,246,81,62,249,69,102,108,68,102,94,165,161,207,125,193,188,50,94,78,106,135,185,301,281,260,67,139,24,32,,,286,255,,,183,44,147,190,176,97,118,144,112,121,145,211,90,76,84,107,51,201,66,98,144,303,104,37,,295,,,b'\x11\xe8\xe1I\xc7/\x90h\xaf\x82\x12\xdf\x17\xaeN\x1e'
11E8E149-C72F-9068-AF82-12DF17AE4E1E,2020-ncaa-d0-natl,ncaa,52,55,87,60,135,179,130,168,106,72,69,123,275,290,245,299,236,184,287,180,253,168,184,162,192,181,320,301,250,68,42,128,157,78,56,176,246,157,153,164,237,228,108,102,,,188,232,,,116,227,289,195,202,144,192,69,72,293,298,248,192,189,201,221,70,145,79,195,139,251,122,,174,,,119,92,97,157,75,88,160,66,152,149,156,176,133,176,32,169,186,151,125,82,73,93,212,201,193,202,157,64,42,93,56,52,64,224,215,105,159,156,2,4,,,194,190,,,116,109,139,108,120,68,67,112,74,136,141,145,130,165,158,106,69,184,48,70,44,241,148,2,,213,,,b'\x11\xe8\xe1I\xc7/\x90h\xaf\x82\x12\xdf\x17\xaeN\x1e'
11E8E149-C72F-9068-AF82-12DF17AE4E1E,2020-ncaa-d1-conf-C-USA,ncaa,5,5,1,5,5,11,7,5,7,5,4,9,12,11,8,12,13,12,11,12,13,6,6,11,12,11,13,11,13,3,2,7,5,2,3,6,9,8,8,10,11,10,3,3,,,7,10,,,7,9,13,10,11,9,8,6,5,12,12,13,12,12,8,9,4,7,3,7,8,11,3,,4,,,7,3,4,6,4,3,8,3,7,6,5,7,3,4,4,4,5,6,5,4,4,4,7,8,5,3,5,4,2,4,3,4,4,8,8,5,8,8,1,1,,,10,10,,,7,5,9,3,7,2,2,4,2,6,6,5,3,4,4,3,1,2,4,3,3,8,8,1,,10,,,b'\x11\xe8\xe1I\xc7/\x90h\xaf\x82\x12\xdf\x17\xaeN\x1e'
11E8E149-C72F-9068-AF82-12DF17AE4E1E,2020-ncaa-d1-conf-CUSA,ncaa,5,5,1,5,5,11,7,5,7,5,4,9,12,11,8,12,13,12,11,12,13,6,6,11,12,11,13,11,13,3,2,7,5,2,3,6,9,8,8,10,11,10,3,3,,,7,10,,,7,9,13,10,11,9,8,6,5,12,12,13,12,12,8,9,4,7,3,7,8,11,3,,4,,,7,3,4,6,4,3,8,3,7,6,5,7,3,4,4,4,5,6,5,4,4,4,7,8,5,3,5,4,2,4,3,4,4,8,8,5,8,8,1,1,,,10,10,,,7,5,9,3,7,2,2,4,2,6,6,5,3,4,4,3,1,2,4,3,3,8,8,1,,10,,,b'\x11\xe8\xe1I\xc7/\x90h\xaf\x82\x12\xdf\x17\xaeN\x1e'
11E8E149-C72F-9068-AF82-12DF17AE4E1E,2020-ncaa-d1-natl,ncaa,60,55,128,62,200,216,165,205,110,85,87,128,290,303,250,299,248,215,285,207,253,209,233,176,202,189,319,300,244,86,46,158,166,101,60,208,251,132,157,171,257,238,122,106,,,159,239,,,130,281,292,181,215,155,202,71,72,293,298,251,195,191,206,227,75,151,89,211,140,260,125,,178,,,128,69,75,119,80,76,137,73,134,133,161,172,120,166,36,158,190,112,74,85,77,106,207,203,192,184,166,50,46,68,60,41,66,253,224,115,139,160,2,4,,,225,189,,,130,60,149,119,132,72,74,111,82,139,142,141,134,174,167,107,68,183,51,73,45,253,149,2,,212,,,b'\x11\xe8\xe1I\xc7/\x90h\xaf\x82\x12\xdf\x17\xaeN\x1e'
11E8E149-C72F-9068-AF82-12DF17AE4E1E,2021-ncaa-d0-natl,ncaa,174,202,157,194,144,97,103,127,85,57,55,110,231,238,195,316,18,22,56,23,58,105,135,136,88,59,256,323,11,160,203,76,110,99,111,219,335,97,33,162,265,320,130,202,,,251,234,,,118,131,77,1,23,50,53,19,17,264,278,3,5,5,16,31,156,20,39,254,60,298,143,,290,,,123,245,243,250,156,269,260,177,139,197,60,90,288,308,63,310,269,259,222,123,131,233,102,55,271,216,110,216,203,220,111,165,49,234,315,242,89,39,118,46,,,51,13,,,118,220,69,224,118,295,285,325,307,330,135,189,322,328,327,335,324,235,247,268,162,276,67,104,,6,,,b'\x11\xe8\xe1I\xc7/\x90h\xaf\x82\x12\xdf\x17\xaeN\x1e'
11E8E149-C72F-9068-AF82-12DF17AE4E1E,2021-ncaa-d1-conf-C-USA,ncaa,6,4,12,5,12,6,9,11,4,4,6,6,13,13,12,13,1,1,1,1,3,9,11,6,3,2,11,13,1,13,8,7,4,10,2,13,14,2,3,7,12,12,6,6,,,4,8,,,5,10,6,1,1,2,2,2,3,13,13,1,1,1,2,2,8,1,1,12,4,12,5,,9,,,5,5,5,6,4,6,7,4,2,4,4,5,8,6,10,6,6,6,3,4,4,9,7,4,10,5,4,2,8,2,2,4,3,12,12,10,3,4,6,4,,,5,1,,,5,5,1,8,4,11,10,14,10,13,7,9,12,13,13,14,14,8,8,8,6,12,6,7,,1,,,b'\x11\xe8\xe1I\xc7/\x90h\xaf\x82\x12\xdf\x17\xaeN\x1e'
11E8E149-C72F-9068-AF82-12DF17AE4E1E,2021-ncaa-d1-conf-CUSA,ncaa,6,4,12,5,12,6,9,11,4,4,6,6,13,13,12,13,1,1,1,1,3,9,11,6,3,2,11,13,1,13,8,7,4,10,2,13,14,2,3,7,12,12,6,6,,,4,8,,,5,10,6,1,1,2,2,2,3,13,13,1,1,1,2,2,8,1,1,12,4,12,5,,9,,,5,5,5,6,4,6,7,4,2,4,4,5,8,6,10,6,6,6,3,4,4,9,7,4,10,5,4,2,8,2,2,4,3,12,12,10,3,4,6,4,,,5,1,,,5,5,1,8,4,11,10,14,10,13,7,9,12,13,13,14,14,8,8,8,6,12,6,7,,1,,,b'\x11\xe8\xe1I\xc7/\x90h\xaf\x82\x12\xdf\x17\xaeN\x1e'
11E8E149-C72F-9068-AF82-12DF17AE4E1E,2021-ncaa-d1-natl,ncaa,184,201,182,198,160,106,112,140,90,68,67,116,238,250,192,316,20,23,55,24,55,120,147,139,91,60,254,321,11,176,205,92,117,116,117,228,334,88,32,165,273,323,139,207,,,240,237,,,129,144,79,1,25,56,57,21,21,266,280,3,5,5,18,33,162,23,40,263,60,301,145,,292,,,134,231,225,234,166,264,250,184,133,181,64,86,283,301,63,303,270,246,201,127,139,242,100,52,271,206,117,201,205,202,117,147,51,246,319,249,81,39,115,49,,,58,14,,,129,205,71,233,127,301,285,325,308,330,134,188,323,330,329,336,324,240,247,272,168,280,66,107,,6,,,b'\x11\xe8\xe1I\xc7/\x90h\xaf\x82\x12\xdf\x17\xaeN\x1e'
11E8E149-C72F-9068-AF82-12DF17AE4E1E,2022-ncaa-d0-natl,ncaa,57,67,52,68,52,106,133,103,204,105,84,197,199,176,249,238,38,40,127,38,70,89,89,232,192,169,188,263,41,142,226,44,201,69,178,175,247,214,123,188,211,272,22,38,,,204,84,,,90,77,262,6,187,210,225,177,147,253,238,58,68,65,185,202,210,70,104,249,114,269,36,,87,,,93,192,179,295,19,238,304,55,58,216,4,111,279,267,255,270,153,305,289,9,13,34,87,40,288,332,201,300,226,330,178,106,57,148,239,86,254,182,133,65,,,58,94,,,90,273,182,64,106,64,67,218,149,251,22,124,207,193,201,217,192,274,217,247,36,238,171,71,,120,,,b'\x11\xe8\xe1I\xc7/\x90h\xaf\x82\x12\xdf\x17\xaeN\x1e'
11E8E149-C72F-9068-AF82-12DF17AE4E1E,2022-ncaa-d1-conf-C-USA,ncaa,1,1,1,1,1,3,6,3,8,4,5,9,7,8,8,9,1,1,6,1,2,1,1,7,7,5,7,9,1,8,11,1,8,1,6,9,13,7,6,8,10,12,1,1,,,5,3,,,2,1,12,2,7,9,11,6,6,8,9,1,1,1,6,8,10,1,2,11,5,12,1,,3,,,2,3,5,14,1,6,13,1,2,9,1,9,4,6,3,7,2,14,14,1,1,1,5,3,8,14,8,14,11,14,6,4,3,9,11,5,11,8,4,3,,,1,2,,,2,13,6,1,2,1,1,10,5,11,1,9,3,3,3,10,10,12,8,12,3,11,8,3,,2,,,b'\x11\xe8\xe1I\xc7/\x90h\xaf\x82\x12\xdf\x17\xaeN\x1e'
11E8E149-C72F-9068-AF82-12DF17AE4E1E,2022-ncaa-d1-conf-CUSA,ncaa,1,1,1,1,1,3,6,3,8,4,5,9,7,8,8,9,1,1,6,1,2,1,1,7,7,5,7,9,1,8,11,1,8,1,6,9,13,7,6,8,10,12,1,1,,,5,3,,,2,1,12,2,7,9,11,6,6,8,9,1,1,1,6,8,10,1,2,11,5,12,1,,3,,,2,3,5,14,1,6,13,1,2,9,1,9,4,6,3,7,2,14,14,1,1,1,5,3,8,14,8,14,11,14,6,4,3,9,11,5,11,8,4,3,,,1,2,,,2,13,6,1,2,1,1,10,5,11,1,9,3,3,3,10,10,12,8,12,3,11,8,3,,2,,,b'\x11\xe8\xe1I\xc7/\x90h\xaf\x82\x12\xdf\x17\xaeN\x1e'
11E8E149-C72F-9068-AF82-12DF17AE4E1E,2022-ncaa-d1-natl,ncaa,65,67,67,72,67,132,165,128,219,131,98,209,214,194,257,241,46,50,128,49,67,106,114,243,203,178,186,261,39,169,234,55,206,83,192,209,252,191,128,199,245,283,25,40,,,172,86,,,110,103,269,6,208,233,233,188,155,257,242,58,69,67,192,214,225,73,117,260,117,289,35,,92,,,114,156,160,287,26,219,293,62,50,188,4,111,266,250,263,251,152,293,267,12,15,45,84,41,287,325,206,289,234,322,192,83,58,187,248,105,227,191,118,72,,,78,86,,,110,242,198,80,127,74,75,219,156,254,24,122,215,199,205,218,191,278,224,251,42,248,177,78,,118,,,b'\x11\xe8\xe1I\xc7/\x90h\xaf\x82\x12\xdf\x17\xaeN\x1e'
11E8E149-C72F-9068-AF82-12DF17AE4E1E,2022-ncaa-d1-ncaatournament,ncaa,37,2,37,37,38,60,55,62,42,45,46,42,67,68,66,66,49,44,64,44,37,61,62,55,56,56,67,68,23,65,65,46,6,59,43,64,65,17,47,61,65,66,56,63,,,11,41,,,61,53,28,5,59,53,54,26,18,66,67,36,24,25,55,55,60,29,51,63,36,65,55,,29,,,63,26,32,20,64,39,27,63,8,8,27,11,4,5,42,4,8,16,9,59,60,65,4,8,10,5,6,25,65,9,43,38,63,66,67,67,19,50,2,4,,,60,57,,,61,18,61,61,62,60,66,46,68,59,16,12,20,21,19,38,16,6,57,25,67,66,45,2,,60,,,b'\x11\xe8\xe1I\xc7/\x90h\xaf\x82\x12\xdf\x17\xaeN\x1e'
11E8E149-C72F-9068-AF82-12DF17AE4E1E,2023-ncaa-d0-natl,ncaa,223,257,116,243,124,184,172,196,153,102,76,199,322,340,223,340,134,163,87,168,269,191,172,206,185,198,333,336,105,218,207,127,279,151,214,249,314,232,242,262,258,307,160,178,,,259,221,,,283,160,239,36,227,209,274,98,76,333,347,148,173,181,257,237,242,129,184,281,219,281,168,,250,,,275,285,278,281,176,283,250,224,206,273,70,212,255,265,108,268,233,285,239,161,157,251,152,155,195,333,279,139,207,243,214,131,37,269,328,237,233,237,202,127,,,130,93,,,283,218,218,293,262,267,263,291,264,253,191,265,242,260,261,306,247,321,110,223,103,305,217,192,,147,,,b'\x11\xe8\xe1I\xc7/\x90h\xaf\x82\x12\xdf\x17\xaeN\x1e'
11E8E149-C72F-9068-AF82-12DF17AE4E1E,2023-ncaa-d1-conf-C-USA,ncaa,7,8,4,8,4,7,8,7,6,4,2,9,11,11,4,11,7,7,4,7,10,8,8,8,7,8,9,11,4,9,9,4,9,3,7,7,8,8,9,9,9,9,4,4,,,7,3,,,8,6,7,2,11,8,10,4,3,11,11,8,9,9,10,8,9,4,5,8,8,8,4,,6,,,8,7,7,10,3,6,10,5,6,10,1,9,7,10,2,10,6,10,9,2,2,3,6,7,7,11,9,5,9,9,7,3,3,10,10,8,9,9,6,3,,,6,7,,,8,7,9,6,8,6,6,10,5,6,5,10,8,9,9,10,11,11,1,9,3,10,9,6,,7,,,b'\x11\xe8\xe1I\xc7/\x90h\xaf\x82\x12\xdf\x17\xaeN\x1e'
11E8E149-C72F-9068-AF82-12DF17AE4E1E,2023-ncaa-d1-conf-CUSA,ncaa,7,8,4,8,4,7,8,7,6,4,2,9,11,11,4,11,7,7,4,7,10,8,8,8,7,8,9,11,4,9,9,4,9,3,7,7,8,8,9,9,9,9,4,4,,,7,3,,,8,6,7,2,11,8,10,4,3,11,11,8,9,9,10,8,9,4,5,8,8,8,4,,6,,,8,7,7,10,3,6,10,5,6,10,1,9,7,10,2,10,6,10,9,2,2,3,6,7,7,11,9,5,9,9,7,3,3,10,10,8,9,9,6,3,,,6,7,,,8,7,9,6,8,6,6,10,5,6,5,10,8,9,9,10,11,11,1,9,3,10,9,6,,7,,,b'\x11\xe8\xe1I\xc7/\x90h\xaf\x82\x12\xdf\x17\xaeN\x1e'
11E8E149-C72F-9068-AF82-12DF17AE4E1E,2023-ncaa-d1-natl,ncaa,243,257,151,255,159,225,215,253,158,128,94,209,333,349,230,342,159,182,84,185,268,249,233,215,197,206,331,336,101,254,212,161,289,190,228,284,315,212,251,280,288,315,175,181,,,234,226,,,298,219,242,31,243,227,282,104,78,333,349,149,175,182,266,252,252,141,205,295,221,297,172,,254,,,296,264,257,257,190,268,226,235,191,253,79,209,241,251,114,253,233,261,207,189,181,277,151,157,199,326,289,103,212,213,228,111,40,305,332,246,210,243,190,135,,,161,85,,,298,157,232,309,287,276,275,296,277,258,202,268,245,263,265,311,245,328,117,231,119,314,222,203,,147,,,b'\x11\xe8\xe1I\xc7/\x90h\xaf\x82\x12\xdf\x17\xaeN\x1e'
11E8E149-C72F-9068-AF82-12DF17AE4E1E,2024-ncaa-d0-natl,ncaa,154,148,143,163,144,166,214,200,230,198,163,261,227,251,161,258,26,35,86,35,36,164,128,229,169,207,112,249,11,134,123,133,183,138,124,196,149,317,296,270,87,92,115,108,,,253,218,,,140,127,143,8,174,251,251,217,168,235,258,16,26,26,185,107,150,120,124,208,310,82,120,,252,,,143,151,133,206,79,119,163,119,182,243,73,250,191,196,143,185,198,200,246,81,87,50,242,212,217,217,183,124,123,152,124,227,293,60,70,114,272,238,260,258,,,26,11,,,140,243,213,53,137,130,112,197,110,138,184,237,182,186,181,198,267,216,111,140,217,55,266,270,,17,,,b'\x11\xe8\xe1I\xc7/\x90h\xaf\x82\x12\xdf\x17\xaeN\x1e'
11E8E149-C72F-9068-AF82-12DF17AE4E1E,2024-ncaa-d1-conf-AAC,ncaa,8,7,8,8,9,13,13,13,10,12,10,12,8,10,4,6,2,3,5,3,2,13,9,8,7,9,4,6,1,8,7,10,10,10,7,12,3,11,12,11,5,3,6,4,,,5,6,,,7,11,10,2,9,13,12,12,10,5,9,1,2,2,11,7,7,7,7,10,14,3,5,,6,,,7,2,4,5,7,2,1,8,7,9,6,10,4,5,8,4,8,2,6,7,7,3,10,9,6,6,10,2,7,3,7,10,11,4,2,5,11,10,11,13,,,4,3,,,7,5,10,5,7,5,5,7,6,3,7,10,6,5,5,6,10,7,4,6,11,2,12,12,,2,,,b'\x11\xe8\xe1I\xc7/\x90h\xaf\x82\x12\xdf\x17\xaeN\x1e'
11E8E149-C72F-9068-AF82-12DF17AE4E1E,2024-ncaa-d1-natl,ncaa,172,150,194,170,194,211,257,255,246,245,198,277,244,273,162,264,39,50,87,50,36,213,174,241,183,218,109,247,8,174,134,168,202,180,142,230,155,305,304,283,106,101,130,118,,,237,227,,,169,172,148,8,186,274,260,238,183,243,268,18,26,26,201,118,164,128,140,226,313,94,119,,256,,,168,112,105,169,91,87,121,131,168,225,80,248,172,177,148,171,205,165,209,92,104,63,241,213,218,198,202,92,134,122,142,210,297,83,84,135,247,245,252,270,,,44,10,,,169,204,233,77,166,148,122,203,123,143,190,238,186,193,188,205,267,225,120,154,234,71,269,277,,16,,,b'\x11\xe8\xe1I\xc7/\x90h\xaf\x82\x12\xdf\x17\xaeN\x1e'
11E8E149-C72F-9068-AF82-12DF17AE4E1E,2025-ncaa-d0-natl,genius_ncaa,246,292,90,272,107,211,223,144,318,191,111,303,276,218,328,250,78,74,223,68,106,133,104,326,310,311,211,285,37,73,101,212,325,139,237,247,234,296,232,282,123,142,131,143,,,309,268,,254,294,130,211,174,282,300,224,245,144,300,253,98,89,91,180,147,82,291,193,293,246,139,159,,268,,242,292,270,205,224,164,182,199,165,247,248,207,207,337,338,176,337,335,258,253,181,215,205,302,195,328,320,325,245,101,292,237,274,292,124,163,203,248,199,146,109,,,68,64,,55,294,233,291,242,289,219,144,146,124,122,220,213,324,327,326,204,217,297,186,259,246,151,206,123,,72,,62,b'\x11\xe8\xe1I\xc7/\x90h\xaf\x82\x12\xdf\x17\xaeN\x1e'
11E8E149-C72F-9068-AF82-12DF17AE4E1E,2025-ncaa-d1-conf-AAC,genius_ncaa,10,11,2,10,2,9,10,4,11,7,6,11,8,6,13,8,1,3,6,4,2,4,3,12,11,12,7,9,1,7,7,10,13,7,9,12,12,10,10,13,4,5,11,11,,,12,10,,10,12,2,9,6,11,13,13,10,9,11,10,6,4,4,12,10,7,13,13,13,10,6,11,,10,,10,12,13,12,9,11,10,5,11,12,13,9,10,12,12,9,12,12,12,12,11,11,11,12,10,11,13,13,9,7,11,9,13,12,5,8,11,10,10,4,6,,,2,3,,2,12,11,12,11,12,10,9,5,6,1,11,9,12,12,12,5,5,9,6,7,11,9,10,3,,4,,6,b'\x11\xe8\xe1I\xc7/\x90h\xaf\x82\x12\xdf\x17\xaeN\x1e'
11E8E149-C72F-9068-AF82-12DF17AE4E1E,2025-ncaa-d1-natl,genius_ncaa,262,292,113,280,135,247,264,179,327,223,139,316,287,234,329,250,95,87,223,81,99,165,133,334,317,318,209,284,36,88,109,248,327,177,253,272,239,272,241,292,139,155,148,146,,,291,273,,251,307,165,215,166,298,315,237,253,153,304,258,101,89,88,193,154,93,297,205,302,250,150,164,,273,,247,305,248,184,197,181,162,163,174,240,233,213,206,332,332,181,331,334,230,227,196,221,220,299,196,329,306,327,223,109,274,253,261,294,154,168,208,226,205,132,117,,,86,62,,59,307,199,301,258,305,229,152,151,133,119,225,214,327,333,332,208,214,304,191,265,258,164,205,130,,70,,61,b'\x11\xe8\xe1I\xc7/\x90h\xaf\x82\x12\xdf\x17\xaeN\x1e'
11E8E149-C72F-9068-AF82-12DF17AE4E1E,2026-ncaa-d0-natl,genius_ncaa,163,250,49,216,71,131,128,43,326,157,47,347,67,71,117,164,172,154,242,150,311,50,59,308,318,275,89,62,261,6,26,169,340,67,219,134,172,220,83,160,84,131,88,115,,,269,149,,59,272,98,252,92,220,217,34,258,81,101,110,279,259,254,58,81,5,318,97,189,110,117,115,,169,,31,259,328,324,301,239,315,263,283,312,321,171,261,317,307,251,307,253,310,296,249,259,263,218,207,212,353,340,321,26,343,219,288,113,120,214,200,141,60,356,306,,,179,348,,187,272,269,200,300,256,270,252,229,240,139,268,280,254,246,241,253,241,331,256,322,193,188,72,337,,314,,245,b'\x11\xe8\xe1I\xc7/\x90h\xaf\x82\x12\xdf\x17\xaeN\x1e'
11E8E149-C72F-9068-AF82-12DF17AE4E1E,2026-ncaa-d1-natl,genius_ncaa,203,249,85,236,116,193,190,64,344,231,72,356,92,98,129,162,232,212,247,206,313,76,95,326,332,295,78,60,251,10,36,253,351,99,262,193,181,174,93,185,128,166,112,133,,,230,170,,40,305,157,268,95,255,247,49,296,91,117,117,288,268,263,78,105,8,333,125,231,120,151,129,,182,,35,300,315,310,261,277,295,204,312,298,304,198,260,299,288,259,288,263,277,259,289,295,305,214,207,201,345,351,302,36,331,262,266,114,178,251,248,108,60,350,328,,,247,344,,211,305,211,239,335,301,305,293,239,272,148,286,286,268,256,255,269,238,340,278,333,222,225,74,349,,319,,246,b'\x11\xe8\xe1I\xc7/\x90h\xaf\x82\x12\xdf\x17\xaeN\x1e'
11E8E149-C733-B85A-AF82-12DF17AE4E1E,2010-ncaa-d0-natl,ncaa,40,36,50,40,58,65,101,103,141,216,266,120,12,12,64,18,66,80,86,75,20,92,108,64,53,49,10,18,149,177,255,13,1,33,20,125,186,136,87,115,247,266,300,318,,,57,27,,,78,95,219,78,90,161,195,293,328,17,20,98,121,119,185,242,254,6,45,167,68,285,316,,21,,,77,242,273,293,130,266,258,190,253,293,64,277,76,55,269,64,32,272,212,131,110,215,126,231,39,11,1,296,255,157,20,221,110,297,333,303,165,122,255,308,,,53,39,,,78,266,67,120,68,125,190,234,178,155,209,279,35,29,34,170,58,7,220,51,141,333,103,213,,83,,,b'\x11\xe8\xe1I\xc73\xb8Z\xaf\x82\x12\xdf\x17\xaeN\x1e'
11E8E149-C733-B85A-AF82-12DF17AE4E1E,2010-ncaa-d1-conf-SoCon,ncaa,1,1,1,1,2,1,2,4,4,6,10,3,2,2,3,2,4,4,2,4,4,3,3,2,3,2,2,2,7,4,6,1,1,2,1,3,6,4,3,2,9,9,11,11,,,1,1,,,1,3,6,8,2,3,6,9,10,2,2,4,5,5,6,8,8,1,2,4,3,10,11,,1,,,1,7,11,10,6,11,10,8,3,9,2,6,1,1,10,1,1,9,8,5,2,7,1,3,1,1,1,9,6,3,1,9,8,10,11,11,4,3,4,8,,,2,4,,,1,9,2,3,2,3,8,9,10,9,3,5,1,1,1,7,2,1,7,1,8,11,2,4,,5,,,b'\x11\xe8\xe1I\xc73\xb8Z\xaf\x82\x12\xdf\x17\xaeN\x1e'
11E8E149-C733-B85A-AF82-12DF17AE4E1E,2010-ncaa-d1-natl,ncaa,41,36,53,40,62,71,112,113,144,232,286,122,15,12,62,18,73,86,86,82,19,101,121,65,56,51,10,17,146,191,259,13,1,36,21,128,188,121,88,116,257,272,303,320,,,46,29,,,81,106,223,77,92,167,198,297,329,17,19,98,123,120,185,246,257,6,47,170,67,292,316,,20,,,81,233,269,287,133,257,250,199,244,288,71,277,71,50,270,57,33,264,193,138,117,222,126,233,39,8,1,287,259,139,21,216,114,318,335,307,150,128,249,311,,,60,38,,,81,255,69,130,72,128,195,237,183,158,210,280,36,31,35,174,57,7,223,54,147,334,105,216,,81,,,b'\x11\xe8\xe1I\xc73\xb8Z\xaf\x82\x12\xdf\x17\xaeN\x1e'
11E8E149-C733-B85A-AF82-12DF17AE4E1E,2010-ncaa-d1-ncaatournament,ncaa,33,2,33,33,34,40,39,50,31,47,64,6,23,23,29,3,48,49,45,49,26,51,40,20,23,37,7,7,51,50,44,33,23,36,24,41,40,33,61,53,59,62,56,62,,,11,29,,,31,39,8,9,29,27,32,45,64,4,3,45,48,48,40,12,40,2,13,33,62,59,56,,34,,,35,14,17,29,20,28,29,46,1,13,1,13,17,19,29,18,36,30,26,6,10,23,4,1,48,20,23,10,44,14,24,25,55,61,61,62,32,58,14,46,,,44,46,,,31,25,42,22,35,39,43,59,58,60,1,25,47,45,45,61,57,44,38,41,54,60,56,23,,39,,,b'\x11\xe8\xe1I\xc73\xb8Z\xaf\x82\x12\xdf\x17\xaeN\x1e'
11E8E149-C733-B85A-AF82-12DF17AE4E1E,2011-ncaa-d0-natl,ncaa,137,134,119,140,128,109,102,111,111,204,282,56,10,11,104,11,269,250,244,251,150,139,219,49,83,38,44,13,328,258,302,97,37,163,208,79,95,6,4,15,315,321,322,329,,,22,15,,,147,201,277,61,98,87,122,228,304,8,10,283,279,280,156,290,277,88,204,70,3,330,331,,13,,,147,238,289,255,262,265,191,292,269,282,174,290,44,32,242,34,35,205,120,275,237,313,103,252,18,69,37,285,302,203,208,244,147,318,331,325,17,21,223,290,,,213,178,,,147,149,48,289,143,217,285,252,245,174,270,278,35,23,26,185,58,51,280,182,231,333,17,212,,256,,,b'\x11\xe8\xe1I\xc73\xb8Z\xaf\x82\x12\xdf\x17\xaeN\x1e'
11E8E149-C733-B85A-AF82-12DF17AE4E1E,2011-ncaa-d1-conf-SoCon,ncaa,3,3,3,3,3,2,2,2,4,5,9,3,2,1,3,2,8,7,7,8,6,3,8,2,2,2,3,2,11,9,9,2,1,4,4,2,5,1,1,1,10,10,10,10,,,1,1,,,3,4,7,5,2,2,3,5,10,1,1,9,8,8,5,9,9,2,6,2,1,11,10,,1,,,3,9,10,7,9,7,7,10,9,10,4,11,4,2,10,2,3,7,4,9,7,10,4,9,2,3,1,11,9,5,4,7,7,11,11,11,1,1,7,8,,,8,7,,,3,7,1,10,3,9,8,8,7,6,9,11,3,1,1,7,4,2,9,6,7,11,1,7,,9,,,b'\x11\xe8\xe1I\xc73\xb8Z\xaf\x82\x12\xdf\x17\xaeN\x1e'
11E8E149-C733-B85A-AF82-12DF17AE4E1E,2011-ncaa-d1-natl,ncaa,145,133,132,142,140,125,115,133,115,219,301,59,12,14,111,11,276,262,240,260,149,165,253,49,85,39,42,13,327,275,304,114,40,198,210,92,98,3,4,15,324,321,328,333,,,16,15,,,153,238,277,59,102,90,123,234,309,8,10,283,283,282,161,290,283,93,211,72,4,331,333,,13,,,153,223,277,237,268,246,165,294,263,276,180,286,36,29,242,30,32,179,86,280,242,318,101,250,17,48,40,271,304,183,210,233,146,329,333,330,13,23,214,294,,,237,178,,,153,112,51,299,150,221,286,253,252,174,271,278,35,24,26,189,58,50,284,184,235,334,16,220,,256,,,b'\x11\xe8\xe1I\xc73\xb8Z\xaf\x82\x12\xdf\x17\xaeN\x1e'
11E8E149-C733-B85A-AF82-12DF17AE4E1E,2012-ncaa-d0-natl,ncaa,59,54,81,64,108,121,128,118,175,194,242,118,46,29,190,32,174,231,33,231,168,139,197,137,124,62,55,46,228,182,228,22,12,61,60,143,161,12,15,32,293,296,281,303,,,18,12,,,90,202,303,256,162,176,173,250,294,60,31,224,278,278,210,307,225,15,77,173,9,312,300,,4,,,92,113,176,264,59,168,278,40,196,189,210,161,16,19,119,19,7,218,134,65,37,150,88,242,24,74,12,266,228,180,60,125,112,329,337,304,19,30,282,313,,,214,204,,,90,154,71,126,75,59,130,217,123,252,164,154,12,13,11,138,26,29,192,114,90,338,14,253,,289,,,b'\x11\xe8\xe1I\xc73\xb8Z\xaf\x82\x12\xdf\x17\xaeN\x1e'
11E8E149-C733-B85A-AF82-12DF17AE4E1E,2012-ncaa-d1-conf-SoCon,ncaa,3,3,3,3,5,4,5,3,6,6,9,3,2,2,8,2,5,6,3,6,4,4,7,4,4,2,2,3,5,7,6,1,1,2,2,3,2,1,1,1,10,9,11,11,,,1,1,,,3,8,10,5,4,5,4,7,10,3,1,6,6,6,5,9,7,1,3,4,1,11,11,,1,,,3,3,7,9,3,6,8,2,8,8,7,7,1,1,7,1,1,5,3,3,3,6,2,9,2,1,1,8,6,2,2,6,8,11,11,11,1,1,6,8,,,7,4,,,3,5,1,5,3,3,6,8,6,7,6,7,1,1,1,6,1,1,6,2,6,11,1,6,,6,,,b'\x11\xe8\xe1I\xc73\xb8Z\xaf\x82\x12\xdf\x17\xaeN\x1e'
11E8E149-C733-B85A-AF82-12DF17AE4E1E,2012-ncaa-d1-natl,ncaa,68,54,90,65,126,140,153,142,178,219,269,122,54,33,190,33,189,252,33,251,168,166,238,140,125,66,54,46,224,205,233,27,12,74,66,161,165,8,15,33,309,299,290,306,,,9,12,,,96,236,304,255,169,182,180,261,297,63,33,225,280,281,222,309,230,16,86,185,9,316,303,,5,,,96,95,167,248,64,156,263,43,182,171,214,160,14,15,124,15,7,193,98,70,42,158,87,243,22,61,12,250,233,163,66,111,110,336,338,308,15,33,274,315,,,240,200,,,96,121,77,137,76,65,137,219,127,256,168,156,13,14,13,141,26,31,193,118,93,338,14,258,,291,,,b'\x11\xe8\xe1I\xc73\xb8Z\xaf\x82\x12\xdf\x17\xaeN\x1e'
11E8E149-C733-B85A-AF82-12DF17AE4E1E,2013-ncaa-d0-natl,ncaa,10,8,41,11,52,46,38,56,52,54,139,24,44,45,118,67,147,97,286,94,113,57,88,41,60,33,153,100,290,52,83,82,57,58,58,38,118,40,20,19,53,55,248,276,,,74,46,,,24,108,225,225,48,42,97,85,222,57,57,204,148,150,101,207,88,145,105,47,18,81,282,,32,,,23,99,130,206,71,192,228,111,68,145,21,126,129,117,246,120,96,194,233,54,51,36,67,78,173,101,57,222,83,172,58,48,29,69,68,30,53,41,267,244,,,72,97,,,24,256,21,26,15,33,52,65,94,123,39,82,72,64,75,54,84,48,116,69,20,112,41,226,,130,,,b'\x11\xe8\xe1I\xc73\xb8Z\xaf\x82\x12\xdf\x17\xaeN\x1e'
11E8E149-C733-B85A-AF82-12DF17AE4E1E,2013-ncaa-d1-conf-SoCon,ncaa,1,1,1,1,1,1,1,2,2,3,7,1,2,2,3,3,4,2,9,1,2,2,5,1,2,1,3,3,11,3,1,5,2,2,1,2,5,1,1,1,3,2,7,7,,,1,1,,,1,6,9,6,1,1,3,4,9,2,3,7,5,5,4,8,3,6,3,2,1,3,9,,1,,,1,2,3,5,4,4,6,6,2,7,3,8,3,3,9,4,4,3,5,4,4,3,5,5,5,2,2,3,1,1,1,2,4,2,2,1,2,2,9,9,,,1,1,,,1,7,1,1,1,1,2,1,3,1,2,4,2,2,2,1,2,1,1,1,1,4,1,8,,4,,,b'\x11\xe8\xe1I\xc73\xb8Z\xaf\x82\x12\xdf\x17\xaeN\x1e'
11E8E149-C733-B85A-AF82-12DF17AE4E1E,2013-ncaa-d1-natl,ncaa,10,8,49,11,59,51,43,66,53,62,157,24,46,48,118,67,156,106,287,106,112,68,106,41,62,34,147,97,290,62,89,90,58,70,58,46,120,34,20,19,59,59,255,278,,,63,46,,,25,136,229,223,50,44,98,87,225,57,58,206,148,151,104,210,97,148,110,53,21,90,283,,34,,,23,78,115,192,72,173,215,116,58,136,20,125,120,106,249,113,96,173,211,58,55,40,70,75,171,86,58,206,89,155,58,42,33,84,69,31,46,43,265,246,,,77,94,,,25,232,23,32,17,36,57,66,98,121,40,82,74,65,75,56,87,49,118,70,22,117,41,232,,127,,,b'\x11\xe8\xe1I\xc73\xb8Z\xaf\x82\x12\xdf\x17\xaeN\x1e'
11E8E149-C733-B85A-AF82-12DF17AE4E1E,2013-ncaa-d1-ncaatournament,ncaa,33,2,33,33,35,41,37,42,37,47,53,42,25,27,15,7,62,63,1,63,63,50,53,27,38,34,16,3,63,55,56,49,6,54,50,34,2,7,17,3,33,12,34,12,,,19,51,,,40,49,35,7,36,25,13,44,48,3,5,62,63,63,39,46,52,48,52,5,9,14,16,,44,,,44,19,10,3,53,6,7,35,26,15,63,26,29,30,44,30,59,6,5,54,59,58,57,45,54,2,6,18,56,8,50,4,30,46,20,24,13,32,1,5,,,63,63,,,40,14,40,51,43,48,30,4,19,9,51,18,55,54,53,8,11,3,49,28,24,27,22,3,,63,,,b'\x11\xe8\xe1I\xc73\xb8Z\xaf\x82\x12\xdf\x17\xaeN\x1e'
11E8E149-C733-B85A-AF82-12DF17AE4E1E,2014-ncaa-d0-natl,ncaa,8,3,53,4,56,86,46,103,25,49,114,19,143,141,166,160,225,249,108,248,305,121,159,42,52,30,290,189,319,198,185,76,12,117,61,47,111,40,37,27,85,59,27,31,,,39,31,,,19,155,320,68,106,52,192,56,184,172,174,280,307,306,245,303,255,132,205,56,19,116,29,,11,,,16,37,80,147,78,146,268,37,40,18,239,21,43,51,95,51,19,116,154,44,33,25,32,76,97,30,12,159,185,81,61,50,61,114,85,45,43,39,50,28,,,242,284,,,19,195,34,14,15,11,26,26,75,195,21,8,22,27,26,12,16,7,65,23,26,162,21,32,,327,,,b'\x11\xe8\xe1I\xc73\xb8Z\xaf\x82\x12\xdf\x17\xaeN\x1e'
11E8E149-C733-B85A-AF82-12DF17AE4E1E,2014-ncaa-d1-conf-SoCon,ncaa,1,1,1,1,1,1,1,2,1,1,4,1,4,4,6,4,6,8,2,8,8,3,5,1,1,1,8,6,10,5,3,1,1,1,1,1,2,2,1,1,1,1,1,1,,,1,1,,,1,4,9,1,1,1,3,2,6,5,5,7,8,8,9,9,8,2,5,1,1,2,2,,1,,,1,2,2,4,1,3,6,1,1,2,6,1,2,1,2,1,1,3,5,1,1,1,3,4,5,1,1,2,3,2,1,3,5,1,1,1,1,1,2,3,,,7,10,,,1,7,1,1,1,1,1,1,1,4,1,1,1,1,1,1,1,1,2,1,1,4,1,1,,10,,,b'\x11\xe8\xe1I\xc73\xb8Z\xaf\x82\x12\xdf\x17\xaeN\x1e'
11E8E149-C733-B85A-AF82-12DF17AE4E1E,2014-ncaa-d1-natl,ncaa,8,3,59,4,63,101,52,120,27,53,136,21,152,146,174,159,241,264,109,262,306,143,186,42,52,31,289,190,317,213,192,86,12,136,62,52,111,27,37,27,93,66,31,35,,,28,34,,,20,182,322,68,113,55,194,60,186,172,175,282,309,308,249,304,257,140,212,61,20,125,32,,12,,,16,22,67,122,83,133,253,37,33,15,244,21,34,41,98,40,19,84,118,49,33,26,30,74,96,23,12,140,192,62,62,44,63,127,90,51,33,40,45,29,,,268,286,,,20,166,35,14,15,11,29,26,82,195,21,8,22,28,27,11,16,7,67,23,29,171,22,32,,326,,,b'\x11\xe8\xe1I\xc73\xb8Z\xaf\x82\x12\xdf\x17\xaeN\x1e'
11E8E149-C733-B85A-AF82-12DF17AE4E1E,2014-ncaa-d1-ncaatournament,ncaa,33,2,33,33,34,56,47,45,47,53,55,42,31,30,44,7,63,47,64,45,28,46,53,41,54,49,21,7,64,40,31,46,55,41,47,35,9,5,7,8,63,63,41,31,,,25,56,,,28,61,62,3,55,43,25,52,54,10,6,63,44,41,32,51,16,43,35,17,7,63,32,,50,,,35,3,1,4,3,2,7,14,1,15,1,25,35,32,47,32,62,10,4,2,9,16,42,2,64,33,55,21,31,26,47,1,1,60,59,5,3,5,1,6,,,51,39,,,28,1,46,33,39,9,1,7,8,13,1,26,60,60,60,25,9,62,52,58,1,59,3,2,,45,,,b'\x11\xe8\xe1I\xc73\xb8Z\xaf\x82\x12\xdf\x17\xaeN\x1e'
11E8E149-C733-B85A-AF82-12DF17AE4E1E,2015-ncaa-d0-natl,ncaa,12,7,48,9,57,118,82,184,21,126,254,11,76,82,106,63,297,294,243,290,245,209,241,14,32,32,170,85,336,238,197,209,198,226,175,68,80,58,99,42,60,33,11,13,,,1,2,,,26,237,346,217,203,149,317,190,324,103,113,340,338,335,334,344,293,315,323,95,28,65,17,,1,,,23,16,78,129,61,183,266,54,4,7,17,9,3,3,248,3,3,71,130,26,10,6,4,12,29,170,198,70,197,101,175,18,16,90,50,14,135,178,158,226,,,231,186,,,26,124,43,11,15,2,15,18,95,170,3,3,3,2,2,5,9,80,21,24,7,124,92,111,,327,,,b'\x11\xe8\xe1I\xc73\xb8Z\xaf\x82\x12\xdf\x17\xaeN\x1e'
11E8E149-C733-B85A-AF82-12DF17AE4E1E,2015-ncaa-d1-conf-SoCon,ncaa,1,1,1,1,1,1,1,4,1,3,5,1,1,1,3,2,6,6,8,6,6,4,4,1,1,1,5,3,8,3,3,3,6,4,4,1,2,3,2,1,1,1,1,1,,,1,1,,,1,5,8,3,2,2,4,4,6,2,2,7,7,7,6,7,4,6,6,1,2,2,1,,1,,,1,1,2,5,1,2,6,1,1,2,1,1,1,1,2,1,1,3,5,1,1,1,1,1,1,7,6,1,3,2,4,1,1,2,2,1,4,4,2,4,,,3,4,,,1,4,1,1,1,1,1,2,2,4,1,1,1,1,1,1,2,5,1,1,1,3,3,1,,8,,,b'\x11\xe8\xe1I\xc73\xb8Z\xaf\x82\x12\xdf\x17\xaeN\x1e'
11E8E149-C733-B85A-AF82-12DF17AE4E1E,2015-ncaa-d1-natl,ncaa,12,7,55,9,71,143,99,229,21,146,290,13,88,91,107,61,313,307,244,304,244,246,281,15,32,34,168,82,337,262,204,239,209,270,184,79,83,43,104,48,67,37,16,13,,,1,2,,,27,281,347,211,212,156,321,202,325,106,114,340,338,336,334,344,298,318,326,102,27,69,18,,1,,,25,10,56,91,63,160,249,58,4,3,19,8,3,3,249,3,3,38,83,29,14,6,4,13,28,153,209,46,204,68,184,16,16,105,53,15,121,182,152,230,,,260,181,,,27,80,44,12,15,2,16,19,97,175,3,3,3,3,2,5,8,85,23,24,7,134,96,117,,327,,,b'\x11\xe8\xe1I\xc73\xb8Z\xaf\x82\x12\xdf\x17\xaeN\x1e'
11E8E149-C733-B85A-AF82-12DF17AE4E1E,2015-ncaa-d1-ncaatournament,ncaa,33,2,33,33,33,62,60,42,61,56,42,56,54,42,60,13,62,62,45,62,63,48,57,62,62,62,53,25,63,32,19,52,5,41,23,62,60,5,14,55,57,52,41,26,,,1,16,,,42,64,64,4,62,60,18,55,28,46,17,62,62,62,38,52,5,51,28,62,8,56,32,,2,,,43,1,1,1,34,9,4,48,1,3,2,10,10,4,49,3,27,1,1,18,26,20,8,2,46,1,5,20,19,8,23,5,43,46,14,23,4,17,23,52,,,57,57,,,42,1,58,8,47,1,2,1,21,6,1,3,26,18,16,1,1,1,47,22,19,30,11,48,,57,,,b'\x11\xe8\xe1I\xc73\xb8Z\xaf\x82\x12\xdf\x17\xaeN\x1e'
11E8E149-C733-B85A-AF82-12DF17AE4E1E,2016-ncaa-d0-natl,ncaa,41,30,76,39,95,208,169,258,56,125,204,57,245,255,202,216,294,310,111,313,309,277,295,84,99,119,300,242,291,278,201,131,160,193,112,198,210,81,179,140,235,217,6,4,,,2,4,,,92,289,346,229,294,236,341,171,262,268,288,322,329,331,343,346,304,196,289,239,53,277,4,,2,,,91,22,67,172,41,166,256,56,16,45,8,45,14,10,242,10,7,116,74,24,14,36,7,33,41,197,160,42,201,70,112,35,47,288,263,147,135,221,177,197,,,288,220,,,92,63,138,51,85,11,39,78,122,209,11,23,6,5,5,26,6,140,26,38,31,326,105,142,,334,,,b'\x11\xe8\xe1I\xc73\xb8Z\xaf\x82\x12\xdf\x17\xaeN\x1e'
11E8E149-C733-B85A-AF82-12DF17AE4E1E,2016-ncaa-d1-conf-SoCon,ncaa,1,1,1,1,2,2,2,4,1,2,4,1,3,5,3,5,5,5,3,5,6,4,6,1,1,1,6,6,5,6,5,1,2,2,1,1,2,3,3,2,4,4,1,1,,,1,1,,,1,6,8,6,6,4,7,3,5,5,6,7,7,7,7,7,6,2,7,1,2,4,1,,1,,,1,2,2,6,1,4,6,1,2,2,1,2,1,1,5,1,1,4,3,1,1,2,1,2,1,4,2,1,5,1,1,2,1,5,6,3,4,5,2,2,,,4,4,,,1,3,1,2,1,1,2,3,3,5,1,1,1,1,1,2,1,2,1,1,2,7,3,2,,5,,,b'\x11\xe8\xe1I\xc73\xb8Z\xaf\x82\x12\xdf\x17\xaeN\x1e'
11E8E149-C733-B85A-AF82-12DF17AE4E1E,2016-ncaa-d1-natl,ncaa,47,30,99,40,118,238,195,295,64,152,240,61,263,272,208,214,304,324,109,322,311,313,331,90,105,125,298,240,289,296,213,158,168,231,123,219,215,53,183,149,264,226,6,4,,,2,4,,,104,325,346,223,300,247,344,181,266,269,289,322,330,332,343,346,309,203,296,249,52,284,4,,2,,,103,13,53,132,45,152,235,61,10,33,8,44,9,7,244,7,8,76,37,25,15,43,6,32,41,168,168,24,213,45,123,28,50,312,272,170,113,226,164,208,,,309,217,,,104,26,147,64,98,11,43,79,133,210,11,23,6,5,5,26,6,142,25,40,32,327,104,149,,335,,,b'\x11\xe8\xe1I\xc73\xb8Z\xaf\x82\x12\xdf\x17\xaeN\x1e'
11E8E149-C733-B85A-AF82-12DF17AE4E1E,2016-ncaa-d1-ncaatournament,ncaa,33,2,33,33,33,56,48,60,32,37,48,18,61,59,60,42,51,54,2,54,55,60,62,38,35,49,62,60,41,54,41,50,64,56,56,56,52,23,59,56,44,41,50,53,,,9,20,,,35,59,59,1,56,45,58,28,44,60,53,51,54,54,60,61,51,47,56,55,53,36,45,,25,,,38,4,2,20,5,7,27,4,2,7,8,7,20,17,42,17,31,21,22,3,5,3,23,10,56,38,64,2,41,20,56,3,17,44,25,8,9,29,16,37,,,41,5,,,35,3,52,20,40,10,10,38,25,59,3,8,43,41,41,44,49,64,5,47,7,17,18,32,,16,,,b'\x11\xe8\xe1I\xc73\xb8Z\xaf\x82\x12\xdf\x17\xaeN\x1e'
11E8E149-C733-B85A-AF82-12DF17AE4E1E,2017-ncaa-d0-natl,ncaa,79,75,74,83,99,134,137,224,55,159,291,19,118,105,168,66,173,239,30,243,142,234,275,49,41,36,142,125,227,219,118,182,127,202,94,175,223,29,71,86,269,232,11,4,,,1,1,,,97,288,349,220,187,194,329,207,331,140,125,216,293,295,337,347,260,272,291,212,18,297,6,,1,,,98,92,212,186,228,178,181,179,244,185,316,240,1,1,72,1,2,92,48,255,169,247,63,301,1,104,127,24,118,35,94,259,253,318,284,326,86,146,97,186,,,232,143,,,97,51,34,243,95,44,147,74,125,95,224,132,2,2,2,17,3,68,12,17,213,341,62,75,,309,,,b'\x11\xe8\xe1I\xc73\xb8Z\xaf\x82\x12\xdf\x17\xaeN\x1e'
11E8E149-C733-B85A-AF82-12DF17AE4E1E,2017-ncaa-d1-conf-SoCon,ncaa,1,1,1,1,1,1,2,3,1,2,3,1,2,3,1,4,1,2,1,2,2,3,3,1,1,1,5,5,3,4,2,1,4,3,1,2,4,2,2,2,4,5,1,1,,,1,1,,,1,3,8,4,1,2,7,2,6,4,5,2,3,3,6,7,6,1,4,2,2,5,1,,1,,,1,1,6,8,1,1,8,1,8,8,8,8,1,1,3,1,1,8,6,1,1,2,7,8,1,7,4,1,2,1,1,8,8,6,7,7,3,2,1,2,,,2,3,,,1,6,1,2,1,1,4,6,1,4,8,8,1,1,1,3,2,6,1,1,6,8,2,1,,4,,,b'\x11\xe8\xe1I\xc73\xb8Z\xaf\x82\x12\xdf\x17\xaeN\x1e'
11E8E149-C733-B85A-AF82-12DF17AE4E1E,2017-ncaa-d1-natl,ncaa,92,75,98,88,122,160,166,279,55,184,313,20,129,122,170,64,199,264,29,265,136,285,322,52,44,41,138,123,224,247,124,225,140,249,99,199,229,20,73,90,291,240,11,5,,,1,1,,,102,327,349,216,198,204,331,218,332,141,125,219,296,300,339,348,267,278,300,218,18,304,7,,1,,,104,62,180,141,246,155,138,187,232,161,321,240,1,1,78,1,2,44,17,266,178,259,62,300,1,77,140,10,124,16,99,250,255,336,290,333,68,154,87,192,,,266,138,,,102,16,36,256,101,47,151,74,130,103,227,129,2,2,2,18,2,73,12,19,222,342,65,79,,310,,,b'\x11\xe8\xe1I\xc73\xb8Z\xaf\x82\x12\xdf\x17\xaeN\x1e'
11E8E149-C733-B85A-AF82-12DF17AE4E1E,2017-ncaa-d1-ncaatournament,ncaa,33,2,33,33,33,44,49,57,41,59,63,48,26,33,24,5,44,51,14,48,16,58,55,28,30,34,2,3,33,45,32,52,33,50,40,45,31,21,49,49,54,48,48,54,,,5,14,,,46,58,52,6,39,46,50,59,63,6,7,33,45,42,53,51,23,52,49,39,43,48,47,,9,,,50,21,26,17,61,28,20,58,15,7,63,12,1,1,1,1,1,9,6,61,60,60,10,31,1,4,33,9,32,4,40,39,59,51,33,59,17,46,5,21,,,37,9,,,46,9,31,60,53,52,58,24,58,43,34,8,1,1,1,13,9,7,31,18,62,38,41,9,,14,,,b'\x11\xe8\xe1I\xc73\xb8Z\xaf\x82\x12\xdf\x17\xaeN\x1e'
11E8E149-C733-B85A-AF82-12DF17AE4E1E,2018-ncaa-d0-natl,ncaa,136,112,164,128,167,259,239,289,132,254,274,193,151,214,50,133,327,338,106,336,324,310,324,115,130,131,155,87,313,314,283,210,167,281,208,275,286,47,168,197,262,237,70,57,,,2,9,,,131,324,347,22,287,255,318,270,282,140,211,330,340,339,332,345,319,201,302,296,68,267,53,,2,,,131,19,47,80,65,103,154,73,25,44,40,80,14,15,200,16,33,53,32,52,40,73,32,68,78,122,167,82,283,82,208,25,61,287,233,161,129,243,19,58,,,328,265,,,131,26,170,90,127,22,44,73,107,171,30,55,20,19,26,44,14,140,83,99,35,300,146,33,,339,,,b'\x11\xe8\xe1I\xc73\xb8Z\xaf\x82\x12\xdf\x17\xaeN\x1e'
11E8E149-C733-B85A-AF82-12DF17AE4E1E,2018-ncaa-d1-conf-SoCon,ncaa,3,3,5,3,5,5,4,5,3,4,5,4,2,3,3,3,7,7,4,7,7,6,8,2,2,2,5,3,8,6,5,6,6,6,6,8,7,2,2,2,3,3,1,1,,,1,1,,,3,8,8,2,4,3,5,4,5,1,1,7,7,7,5,7,5,4,4,7,2,3,1,,1,,,3,1,1,1,1,1,3,1,2,2,4,2,3,1,6,2,2,1,1,1,1,3,4,4,4,6,6,3,5,3,6,2,4,5,4,4,2,5,1,2,,,7,7,,,3,1,3,3,3,2,2,4,1,6,3,4,3,2,3,3,3,6,5,7,3,4,4,1,,7,,,b'\x11\xe8\xe1I\xc73\xb8Z\xaf\x82\x12\xdf\x17\xaeN\x1e'
11E8E149-C733-B85A-AF82-12DF17AE4E1E,2018-ncaa-d1-natl,ncaa,150,111,213,137,217,292,276,322,141,282,295,202,169,236,52,134,334,344,103,344,324,334,345,121,136,141,157,88,312,326,297,247,176,315,219,308,289,34,174,205,283,241,75,61,,,2,9,,,150,342,347,19,292,272,321,279,281,144,214,330,341,339,336,347,321,210,307,306,68,274,55,,2,,,150,6,23,43,73,78,120,79,21,33,42,76,12,10,206,13,32,20,8,56,44,84,31,67,77,97,176,48,297,48,219,13,62,312,242,172,112,251,15,63,,,340,265,,,150,7,180,104,149,25,51,73,116,178,33,55,21,22,26,46,13,144,87,103,35,302,151,32,,339,,,b'\x11\xe8\xe1I\xc73\xb8Z\xaf\x82\x12\xdf\x17\xaeN\x1e'
11E8E149-C733-B85A-AF82-12DF17AE4E1E,2019-ncaa-d0-natl,ncaa,200,209,173,212,218,220,231,238,217,240,225,241,169,184,142,168,172,182,149,173,134,227,264,206,191,176,113,148,113,273,276,174,100,217,212,285,302,56,118,212,321,318,32,33,,,74,102,,,206,249,259,191,218,245,244,260,226,162,183,153,164,157,228,278,274,158,230,290,90,322,21,,83,,,206,135,189,168,221,216,220,172,125,85,269,100,61,47,202,51,48,132,93,214,184,232,72,151,68,66,100,201,276,142,212,115,71,288,269,235,122,181,93,115,,,176,83,,,206,100,196,213,206,168,230,188,244,266,135,90,67,64,65,143,84,88,225,178,123,280,144,96,,143,,,b'\x11\xe8\xe1I\xc73\xb8Z\xaf\x82\x12\xdf\x17\xaeN\x1e'
11E8E149-C733-B85A-AF82-12DF17AE4E1E,2019-ncaa-d1-conf-SoCon,ncaa,3,3,3,3,3,5,4,4,5,5,6,4,2,2,4,3,5,5,4,5,5,5,5,5,5,4,4,3,4,6,5,3,4,4,5,5,7,3,3,3,5,6,1,1,,,4,5,,,3,5,4,7,4,4,4,5,5,2,3,5,5,5,5,6,5,2,3,5,3,6,1,,6,,,3,2,5,5,3,5,8,2,3,2,4,1,3,2,5,2,1,5,4,3,3,3,3,3,2,5,4,6,5,6,5,1,1,6,8,4,2,4,3,2,,,3,4,,,3,4,3,3,3,3,4,5,5,7,2,2,2,2,2,5,4,5,5,5,3,7,3,3,,4,,,b'\x11\xe8\xe1I\xc73\xb8Z\xaf\x82\x12\xdf\x17\xaeN\x1e'
11E8E149-C733-B85A-AF82-12DF17AE4E1E,2019-ncaa-d1-natl,ncaa,201,209,155,211,208,228,254,252,224,255,233,240,176,196,150,178,164,171,147,168,117,248,269,213,194,182,116,164,97,281,288,188,98,233,226,289,299,69,132,217,323,324,30,31,,,64,96,,,221,248,271,195,234,258,264,265,230,175,197,142,160,156,247,297,284,168,240,298,99,324,22,,75,,,221,144,208,177,234,231,221,184,143,90,279,107,56,49,199,47,45,134,89,228,195,242,66,158,57,64,98,200,288,137,226,129,78,287,272,246,125,189,84,116,,,155,59,,,221,107,211,228,222,168,239,189,249,262,149,102,63,56,55,139,81,83,223,171,136,282,149,94,,128,,,b'\x11\xe8\xe1I\xc73\xb8Z\xaf\x82\x12\xdf\x17\xaeN\x1e'
11E8E149-C733-B85A-AF82-12DF17AE4E1E,2020-ncaa-d0-natl,ncaa,239,240,191,250,199,308,329,325,301,327,318,270,190,157,248,84,217,265,55,273,122,322,297,274,242,273,54,107,64,324,320,191,171,272,267,325,263,247,306,313,322,320,134,156,,,50,64,,,294,277,296,46,325,342,339,336,322,178,154,196,260,271,340,320,327,161,277,330,252,321,136,,52,,,297,152,221,190,217,229,220,194,160,117,233,131,48,46,140,47,40,144,78,213,167,253,80,167,39,165,171,179,320,176,267,224,204,313,304,316,264,315,293,343,,,138,32,,,294,71,302,266,301,181,249,226,246,244,173,143,53,62,65,175,89,192,208,209,239,310,272,303,,111,,,b'\x11\xe8\xe1I\xc73\xb8Z\xaf\x82\x12\xdf\x17\xaeN\x1e'
11E8E149-C733-B85A-AF82-12DF17AE4E1E,2020-ncaa-d1-conf-SoCon,ncaa,3,2,5,3,5,5,7,7,4,7,7,4,4,5,4,4,3,3,2,3,2,7,7,4,3,4,2,4,2,7,7,2,1,5,2,8,8,8,7,8,6,6,2,2,,,1,3,,,5,5,3,1,4,7,6,7,6,4,5,2,2,2,7,4,7,1,2,8,8,6,2,,3,,,5,1,2,3,2,3,4,1,2,1,6,2,2,2,5,2,3,3,3,2,2,4,5,4,4,1,1,3,7,2,2,4,6,6,6,6,8,8,8,8,,,2,1,,,5,3,5,3,5,3,4,6,5,6,3,2,4,3,3,6,6,2,5,3,6,6,8,8,,1,,,b'\x11\xe8\xe1I\xc73\xb8Z\xaf\x82\x12\xdf\x17\xaeN\x1e'
11E8E149-C733-B85A-AF82-12DF17AE4E1E,2020-ncaa-d1-natl,ncaa,257,240,257,258,262,331,342,341,309,339,333,280,204,172,254,83,235,281,56,287,122,342,328,279,252,280,53,107,64,334,325,222,178,307,277,337,267,228,311,317,332,324,144,160,,,33,65,,,300,316,297,43,331,342,340,338,323,181,157,199,261,274,342,325,330,166,284,335,258,322,135,,55,,,302,123,204,149,226,210,193,205,141,97,244,129,43,41,144,42,40,107,44,221,177,270,74,164,37,143,178,156,325,150,277,214,209,326,308,320,256,319,287,345,,,167,31,,,300,36,310,271,311,189,260,230,257,250,171,139,53,62,65,179,89,189,218,212,243,314,278,305,,113,,,b'\x11\xe8\xe1I\xc73\xb8Z\xaf\x82\x12\xdf\x17\xaeN\x1e'
11E8E149-C733-B85A-AF82-12DF17AE4E1E,2021-ncaa-d0-natl,ncaa,90,143,89,117,107,126,134,162,100,127,183,55,138,104,220,106,126,123,182,126,75,157,130,108,103,173,147,167,148,190,223,83,213,115,161,99,92,313,302,216,171,233,60,117,,,203,92,,,141,117,171,163,183,193,289,196,283,168,142,160,155,163,271,222,257,98,175,134,284,226,83,,130,,,143,195,207,256,60,225,282,41,158,148,171,57,197,188,229,184,66,242,240,53,51,58,100,109,166,283,213,190,223,232,161,134,44,97,158,74,287,264,170,175,,,90,81,,,141,228,197,85,137,104,126,215,153,287,90,75,128,121,120,205,215,261,94,150,58,145,253,124,,110,,,b'\x11\xe8\xe1I\xc73\xb8Z\xaf\x82\x12\xdf\x17\xaeN\x1e'
11E8E149-C733-B85A-AF82-12DF17AE4E1E,2021-ncaa-d1-conf-SoCon,ncaa,3,3,4,3,4,5,5,5,3,5,7,3,4,3,6,3,4,6,1,6,5,6,5,3,3,3,6,5,4,7,7,2,3,6,4,3,2,5,6,4,4,4,2,5,,,2,3,,,3,4,3,6,4,5,5,3,7,5,5,5,6,6,6,8,8,2,6,4,5,4,3,,3,,,3,2,5,5,2,5,6,1,3,2,6,2,1,2,1,2,1,5,5,1,1,1,2,5,1,3,3,5,7,5,4,3,5,3,4,2,6,7,2,4,,,5,3,,,3,5,5,1,3,1,2,6,3,8,3,2,1,1,1,5,4,5,4,4,2,3,7,2,,6,,,b'\x11\xe8\xe1I\xc73\xb8Z\xaf\x82\x12\xdf\x17\xaeN\x1e'
11E8E149-C733-B85A-AF82-12DF17AE4E1E,2021-ncaa-d1-natl,ncaa,98,143,105,122,125,144,148,182,103,142,201,59,150,117,222,105,135,135,184,138,72,172,144,108,102,177,141,166,138,204,230,97,219,130,171,112,91,306,302,222,185,238,64,120,,,190,92,,,148,133,175,158,194,199,293,202,286,172,145,157,159,167,276,229,265,103,184,139,288,232,85,,130,,,149,176,189,241,67,211,277,40,149,137,182,56,187,180,233,176,67,226,226,59,56,65,98,107,164,274,219,177,230,217,171,125,43,112,167,79,278,267,162,178,,,106,81,,,148,210,200,91,146,107,132,217,162,291,90,72,136,122,124,206,215,262,98,155,60,153,256,129,,111,,,b'\x11\xe8\xe1I\xc73\xb8Z\xaf\x82\x12\xdf\x17\xaeN\x1e'
11E8E149-C733-B85A-AF82-12DF17AE4E1E,2022-ncaa-d0-natl,ncaa,295,328,112,306,113,190,202,181,241,230,248,177,148,103,252,89,164,160,150,162,92,186,165,213,209,228,98,123,120,284,314,163,250,214,296,192,150,262,251,232,293,329,224,246,,,209,151,,,300,128,184,31,243,273,270,280,289,158,112,177,188,195,266,234,314,196,289,221,233,320,244,,180,,,294,292,289,267,232,233,214,217,318,300,293,273,200,215,140,226,195,260,234,260,243,280,256,293,109,272,250,266,314,281,296,211,94,235,290,254,265,258,324,349,,,122,95,,,300,225,260,298,292,281,273,265,206,180,321,299,172,185,203,262,221,249,258,258,186,274,231,324,,130,,,b'\x11\xe8\xe1I\xc73\xb8Z\xaf\x82\x12\xdf\x17\xaeN\x1e'
11E8E149-C733-B85A-AF82-12DF17AE4E1E,2022-ncaa-d1-conf-SoCon,ncaa,5,5,5,5,5,5,5,6,5,6,7,5,3,4,2,3,5,4,4,4,2,5,6,4,4,5,1,3,3,7,7,5,8,6,7,5,1,4,5,4,5,5,5,5,,,2,3,,,5,5,6,1,5,5,6,6,7,2,3,3,3,3,5,6,7,5,6,3,5,5,5,,3,,,5,5,5,4,4,2,2,3,8,6,7,7,3,4,3,4,5,4,4,6,4,7,7,8,3,7,8,5,7,5,7,5,4,7,8,7,2,4,8,8,,,5,3,,,5,4,5,7,5,7,7,8,3,4,8,8,3,4,4,8,6,8,6,7,6,7,4,8,,5,,,b'\x11\xe8\xe1I\xc73\xb8Z\xaf\x82\x12\xdf\x17\xaeN\x1e'
11E8E149-C733-B85A-AF82-12DF17AE4E1E,2022-ncaa-d1-natl,ncaa,305,327,146,312,150,222,241,229,257,263,277,188,163,121,260,86,184,189,155,189,92,229,218,226,222,240,97,123,113,305,323,203,261,260,310,226,156,239,260,244,318,334,243,260,,,179,159,,,314,173,188,29,261,292,280,298,293,162,118,182,190,195,273,244,319,207,306,239,237,323,252,,182,,,311,273,272,237,246,211,175,232,313,289,302,270,181,196,151,206,199,235,195,273,257,301,257,290,109,254,261,246,323,256,310,201,99,270,297,272,239,263,321,349,,,140,87,,,314,180,272,311,309,295,286,263,214,182,322,300,182,191,208,265,222,250,263,263,199,283,236,325,,134,,,b'\x11\xe8\xe1I\xc73\xb8Z\xaf\x82\x12\xdf\x17\xaeN\x1e'
11E8E149-C733-B85A-AF82-12DF17AE4E1E,2023-ncaa-d0-natl,ncaa,120,117,116,120,128,233,245,317,138,249,297,133,195,213,144,133,195,235,47,237,130,308,317,136,112,134,125,159,124,350,347,160,3,279,130,266,252,94,222,226,324,303,242,251,,,60,147,,,123,283,358,67,289,299,357,296,327,202,228,213,268,270,357,361,354,180,332,298,83,338,258,,37,,,122,31,47,67,123,93,162,93,40,32,183,59,47,42,244,39,52,53,37,94,93,119,52,88,134,3,3,100,347,20,130,1,1,293,227,27,10,48,297,349,,,266,134,,,123,71,188,60,127,16,27,17,76,107,27,13,38,36,32,4,1,1,69,6,1,326,10,298,,311,,,b'\x11\xe8\xe1I\xc73\xb8Z\xaf\x82\x12\xdf\x17\xaeN\x1e'
11E8E149-C733-B85A-AF82-12DF17AE4E1E,2023-ncaa-d1-conf-SoCon,ncaa,1,1,1,1,1,3,5,4,3,5,7,1,2,2,4,2,3,4,2,4,1,4,4,3,2,4,2,2,4,8,8,1,1,4,4,2,3,6,5,4,3,3,5,6,,,3,3,,,3,2,7,1,6,6,7,8,8,3,3,5,6,6,8,8,8,4,7,2,4,4,6,,2,,,3,3,3,5,4,6,8,3,2,1,8,1,3,2,5,2,1,4,6,3,2,2,1,3,4,1,1,7,8,4,4,2,1,2,1,2,4,4,7,7,,,4,5,,,3,7,5,1,3,1,2,1,3,4,1,1,1,1,1,1,1,1,5,1,1,3,4,6,,8,,,b'\x11\xe8\xe1I\xc73\xb8Z\xaf\x82\x12\xdf\x17\xaeN\x1e'
11E8E149-C733-B85A-AF82-12DF17AE4E1E,2023-ncaa-d1-natl,ncaa,98,117,56,116,64,221,232,289,159,237,273,159,182,186,147,138,174,204,56,203,128,280,293,154,132,147,124,157,122,350,350,123,2,246,137,257,251,117,207,223,306,285,241,260,,,66,134,,,124,231,358,77,297,305,352,301,322,203,223,212,262,263,355,361,354,174,328,306,80,330,265,,32,,,128,41,69,106,122,121,209,89,48,38,160,61,54,48,201,46,49,72,54,84,76,107,48,86,118,4,2,167,350,41,137,1,1,276,213,25,11,35,324,350,,,227,116,,,124,113,209,51,131,13,24,19,72,109,25,15,32,33,32,6,1,1,86,11,1,321,8,305,,304,,,b'\x11\xe8\xe1I\xc73\xb8Z\xaf\x82\x12\xdf\x17\xaeN\x1e'
11E8E149-C733-B85A-AF82-12DF17AE4E1E,2023-ncaa-d1-ncaatournament,ncaa,36,2,36,36,38,68,67,67,64,64,64,63,50,55,50,15,66,66,68,66,66,68,68,64,65,66,43,11,66,66,66,63,27,66,65,65,57,17,60,65,54,43,51,47,,,4,10,,,56,67,67,7,68,67,67,63,62,44,32,66,66,66,68,68,66,63,66,65,39,47,47,,4,,,59,2,4,1,53,9,4,51,12,7,46,36,3,4,20,4,18,1,1,51,51,39,20,42,12,5,27,19,66,12,65,3,11,44,8,8,6,23,23,59,,,65,64,,,56,2,68,30,62,8,20,2,25,6,25,16,6,7,7,1,1,6,51,40,8,22,9,45,,65,,,b'\x11\xe8\xe1I\xc73\xb8Z\xaf\x82\x12\xdf\x17\xaeN\x1e'
11E8E149-C733-B85A-AF82-12DF17AE4E1E,2024-ncaa-d0-natl,ncaa,26,7,143,12,183,183,202,317,54,233,294,92,140,237,14,178,122,181,41,170,63,298,333,45,34,35,84,128,93,354,350,159,36,288,188,312,353,11,83,215,320,293,313,320,,,157,306,,,60,302,354,263,203,238,356,266,322,148,245,122,188,177,349,359,357,170,340,341,13,330,329,,143,,,58,22,14,58,39,71,139,56,4,21,6,31,210,237,96,240,262,72,46,16,32,65,78,13,328,25,36,81,350,45,188,3,6,314,264,42,2,13,278,334,,,294,156,,,60,62,71,44,51,6,4,11,51,111,3,13,199,223,228,23,3,20,67,32,3,334,2,293,,318,,,b'\x11\xe8\xe1I\xc73\xb8Z\xaf\x82\x12\xdf\x17\xaeN\x1e'
11E8E149-C733-B85A-AF82-12DF17AE4E1E,2024-ncaa-d1-conf-SoCon,ncaa,1,1,1,1,1,1,3,4,1,3,3,1,2,3,1,4,1,2,2,2,2,4,4,1,1,1,2,3,2,8,8,1,1,5,4,4,8,2,3,3,4,5,6,8,,,5,6,,,1,4,8,1,3,4,8,4,7,2,5,2,4,4,7,8,8,3,8,7,1,5,8,,4,,,1,2,2,6,1,6,7,2,1,2,1,2,6,6,3,6,4,6,5,1,1,1,1,1,7,3,1,4,8,3,4,1,1,5,6,2,1,1,7,7,,,5,7,,,1,5,1,1,1,1,1,1,3,6,1,1,6,5,5,1,1,1,1,1,1,7,1,7,,8,,,b'\x11\xe8\xe1I\xc73\xb8Z\xaf\x82\x12\xdf\x17\xaeN\x1e'
11E8E149-C733-B85A-AF82-12DF17AE4E1E,2024-ncaa-d1-natl,ncaa,18,7,78,10,116,144,178,298,40,214,282,85,122,223,12,173,103,152,27,139,61,278,322,38,27,30,79,121,89,355,348,135,34,271,174,314,356,19,89,218,307,285,316,322,,,201,305,,,55,280,357,264,197,233,360,269,326,142,245,114,189,179,353,361,359,179,339,348,15,336,327,,147,,,54,25,32,73,48,87,182,55,5,23,15,22,221,242,112,247,240,89,64,23,36,69,69,13,324,25,34,100,348,50,174,4,7,299,248,38,6,17,303,340,,,279,157,,,55,88,64,48,45,6,5,11,56,123,3,10,191,210,213,19,3,16,50,20,3,332,2,288,,322,,,b'\x11\xe8\xe1I\xc73\xb8Z\xaf\x82\x12\xdf\x17\xaeN\x1e'
11E8E149-C733-B85A-AF82-12DF17AE4E1E,2024-ncaa-d1-ncaatournament,ncaa,37,3,37,37,38,65,63,61,54,59,60,55,60,62,58,52,55,51,62,47,28,63,68,57,61,55,55,55,32,65,68,41,44,57,61,65,65,5,16,52,51,35,62,62,,,13,49,,,53,67,66,5,64,62,58,58,47,56,56,52,41,33,61,68,65,26,53,65,6,38,62,,37,,,54,5,2,10,4,1,1,7,21,31,13,64,31,27,58,27,65,11,5,6,22,32,68,63,64,21,44,26,68,29,61,3,25,67,62,35,5,28,14,43,,,67,66,,,53,3,62,43,57,15,3,15,1,1,48,61,63,59,59,24,7,41,62,65,7,64,9,38,,67,,,b'\x11\xe8\xe1I\xc73\xb8Z\xaf\x82\x12\xdf\x17\xaeN\x1e'
11E8E149-C733-B85A-AF82-12DF17AE4E1E,2025-ncaa-d0-natl,genius_ncaa,184,147,248,182,258,284,271,313,181,290,325,143,196,184,200,88,329,334,155,335,252,325,337,154,172,178,132,110,272,335,303,246,106,305,198,274,236,80,222,216,207,126,219,162,,,97,247,,69,156,323,322,88,279,256,310,274,310,169,148,317,326,327,326,341,326,196,294,258,140,171,196,,153,,91,155,18,15,42,61,35,55,119,22,67,7,169,159,130,282,134,247,42,30,45,67,85,160,77,311,37,106,57,303,36,198,13,75,257,161,82,52,153,165,296,,,322,227,,211,156,39,219,78,153,41,31,48,67,78,37,102,202,179,182,57,34,76,120,89,28,209,93,211,,310,,189,b'\x11\xe8\xe1I\xc73\xb8Z\xaf\x82\x12\xdf\x17\xaeN\x1e'
11E8E149-C733-B85A-AF82-12DF17AE4E1E,2025-ncaa-d1-conf-SoCon,genius_ncaa,2,2,1,2,1,2,1,4,1,2,5,2,5,2,5,4,6,6,3,6,6,4,4,1,2,2,5,5,8,6,6,3,3,4,5,3,3,6,4,1,1,1,4,4,,,6,6,,4,2,2,5,5,6,3,6,4,7,5,4,7,8,8,7,7,6,5,6,3,4,1,4,,5,,4,2,3,4,5,3,6,5,2,3,5,2,6,5,5,6,5,4,6,7,3,3,2,4,4,4,4,3,5,6,5,5,4,5,1,2,2,3,4,8,8,,,7,6,,6,2,7,3,2,2,2,2,3,2,2,3,3,3,4,4,3,2,2,3,2,4,3,3,7,,7,,6,b'\x11\xe8\xe1I\xc73\xb8Z\xaf\x82\x12\xdf\x17\xaeN\x1e'
11E8E149-C733-B85A-AF82-12DF17AE4E1E,2025-ncaa-d1-natl,genius_ncaa,161,147,172,163,183,249,232,283,151,253,306,113,169,167,181,91,306,314,126,317,254,300,310,138,144,155,134,114,283,325,306,181,78,270,183,234,216,103,218,197,163,113,198,150,,,126,236,,90,125,285,321,93,263,239,314,260,311,160,147,312,326,327,324,337,325,168,295,234,133,155,187,,138,,103,121,24,18,58,37,35,61,84,41,105,13,204,163,137,251,142,239,58,56,31,47,62,194,116,302,52,78,87,306,58,183,21,82,215,141,72,60,138,187,285,,,306,235,,207,125,81,194,50,114,27,19,40,47,61,47,113,177,156,160,45,33,59,94,71,24,194,81,193,,312,,208,b'\x11\xe8\xe1I\xc73\xb8Z\xaf\x82\x12\xdf\x17\xaeN\x1e'
11E8E149-C733-B85A-AF82-12DF17AE4E1E,2026-ncaa-d0-natl,genius_ncaa,123,198,49,171,73,121,123,116,169,130,121,207,107,128,100,191,96,104,154,111,141,113,119,159,154,147,129,143,135,173,247,160,158,166,227,196,324,220,145,220,101,119,273,292,,,326,315,,180,224,103,262,97,202,210,250,214,216,159,217,150,164,175,239,296,258,305,313,291,110,137,321,,255,,129,215,309,271,216,282,219,179,251,318,267,319,237,332,332,253,328,324,246,255,304,317,283,328,263,293,159,158,285,247,244,227,215,89,88,112,117,206,142,295,240,,,58,52,,87,224,265,167,251,217,216,154,35,95,36,279,180,290,278,272,69,70,59,168,118,100,144,118,240,,101,,131,b'\x11\xe8\xe1I\xc73\xb8Z\xaf\x82\x12\xdf\x17\xaeN\x1e'
11E8E149-C733-B85A-AF82-12DF17AE4E1E,2026-ncaa-d1-natl,genius_ncaa,110,195,13,183,35,103,113,93,155,117,110,180,110,118,126,179,93,103,129,105,144,93,100,155,146,145,144,159,139,211,290,138,130,175,239,201,328,205,137,221,82,125,278,297,,,339,306,,201,208,76,278,100,216,212,278,218,234,179,217,162,191,194,270,321,307,292,334,308,92,158,323,,257,,137,210,313,274,228,261,214,184,227,328,283,319,245,342,330,249,327,319,258,280,290,309,277,328,271,291,148,130,306,290,268,239,228,109,72,119,123,192,137,292,241,,,42,58,,86,208,296,169,240,203,203,128,33,85,32,275,166,283,267,260,60,58,47,178,108,100,167,103,223,,124,,148,b'\x11\xe8\xe1I\xc73\xb8Z\xaf\x82\x12\xdf\x17\xaeN\x1e'
11E8E149-C737-ED4E-AF82-12DF17AE4E1E,2010-ncaa-d0-natl,ncaa,242,251,178,251,226,205,195,273,64,210,241,147,122,231,5,193,251,225,260,225,171,269,220,56,78,173,131,88,250,245,158,271,163,273,161,71,8,298,319,148,75,36,136,60,,,176,236,,,241,209,170,283,198,180,289,218,241,109,229,257,224,222,288,222,246,296,295,35,304,51,123,,211,,,241,202,131,69,288,42,12,283,327,274,326,324,230,193,308,185,315,80,115,330,338,304,340,330,228,53,163,39,158,34,161,294,332,107,49,220,305,314,2,5,,,253,240,,,241,140,195,269,239,243,159,49,51,9,333,295,255,212,208,68,123,59,49,34,312,85,310,3,,257,,,b'\x11\xe8\xe1I\xc77\xedN\xaf\x82\x12\xdf\x17\xaeN\x1e'
11E8E149-C737-ED4E-AF82-12DF17AE4E1E,2010-ncaa-d1-conf-GWC,ncaa,1,1,2,1,2,2,2,3,1,2,2,2,2,3,2,4,3,3,3,3,3,3,2,2,2,3,2,2,3,1,1,2,1,1,1,1,1,3,3,2,1,1,1,1,,,3,3,,,1,3,3,1,1,2,3,2,3,2,4,3,3,3,3,2,2,1,1,1,4,1,1,,2,,,1,2,2,2,2,2,2,2,3,4,3,4,2,2,4,2,4,2,2,2,3,2,3,3,3,2,1,1,1,2,1,3,3,2,1,2,3,3,1,1,,,2,2,,,1,2,1,1,1,1,1,1,1,1,3,4,3,3,3,2,2,1,1,1,2,2,3,1,,2,,,b'\x11\xe8\xe1I\xc77\xedN\xaf\x82\x12\xdf\x17\xaeN\x1e'
11E8E149-C737-ED4E-AF82-12DF17AE4E1E,2010-ncaa-d1-natl,ncaa,228,251,134,245,181,184,178,257,62,195,226,140,116,223,5,198,228,196,273,194,142,251,198,58,78,166,128,99,241,222,147,253,160,251,150,61,12,307,317,154,56,31,140,66,,,202,246,,,245,186,173,285,194,181,292,213,242,115,233,242,198,201,287,220,232,291,288,37,301,47,139,,216,,,241,245,167,83,292,38,11,284,335,288,331,327,245,209,292,204,315,103,141,332,338,309,342,334,217,62,160,52,147,37,150,309,333,95,53,232,309,312,3,6,,,210,218,,,245,162,183,280,242,249,166,50,46,9,340,300,251,210,206,70,122,59,50,33,318,87,306,3,,234,,,b'\x11\xe8\xe1I\xc77\xedN\xaf\x82\x12\xdf\x17\xaeN\x1e'
11E8E149-C737-ED4E-AF82-12DF17AE4E1E,2011-ncaa-d0-natl,ncaa,58,47,77,53,99,47,41,69,36,48,57,84,105,185,12,244,63,67,126,73,172,65,67,47,52,43,209,199,169,43,14,217,239,106,64,24,49,152,88,26,16,11,44,28,,,214,163,,,34,94,147,213,35,34,71,39,63,125,216,74,74,83,56,88,43,287,140,18,117,12,44,,163,,,32,214,162,144,199,121,130,160,220,179,289,191,275,245,278,248,267,167,251,215,247,137,282,221,257,199,239,80,14,113,64,190,224,33,24,55,104,62,116,51,,,117,215,,,34,249,25,131,32,140,110,66,83,54,197,142,241,220,223,72,180,151,33,55,157,33,83,90,,160,,,b'\x11\xe8\xe1I\xc77\xedN\xaf\x82\x12\xdf\x17\xaeN\x1e'
11E8E149-C737-ED4E-AF82-12DF17AE4E1E,2011-ncaa-d1-conf-GWC,ncaa,1,1,2,1,2,1,1,1,1,1,1,1,2,4,1,4,1,1,3,1,3,1,2,1,1,1,4,3,4,1,1,2,1,2,1,1,1,2,1,1,1,1,1,1,,,2,3,,,1,3,2,1,1,1,1,1,1,2,4,1,1,1,1,1,1,3,1,1,2,1,1,,2,,,1,1,1,1,1,1,1,1,2,2,3,2,2,1,4,1,3,1,2,1,2,1,3,3,4,1,1,1,1,1,1,1,1,1,1,1,1,1,1,1,,,2,4,,,1,2,1,1,1,1,1,1,1,1,2,2,2,2,2,1,1,1,1,1,1,1,1,1,,1,,,b'\x11\xe8\xe1I\xc77\xedN\xaf\x82\x12\xdf\x17\xaeN\x1e'
11E8E149-C737-ED4E-AF82-12DF17AE4E1E,2011-ncaa-d1-natl,ncaa,34,46,28,49,38,26,29,37,45,30,26,101,98,176,15,258,25,26,104,28,132,34,36,60,56,45,200,215,120,16,11,161,245,52,57,15,46,206,75,27,7,4,26,25,,,250,151,,,27,48,139,229,33,40,65,35,52,137,228,39,48,52,46,75,24,283,118,18,118,5,35,,158,,,27,259,215,225,187,176,211,127,263,200,306,184,283,271,253,273,254,245,293,209,227,118,278,225,246,260,245,125,11,193,57,238,221,16,24,50,146,63,162,57,,,57,198,,,27,292,23,117,30,134,106,68,80,66,201,139,217,206,208,72,195,165,33,63,155,30,92,111,,130,,,b'\x11\xe8\xe1I\xc77\xedN\xaf\x82\x12\xdf\x17\xaeN\x1e'
11E8E149-C737-ED4E-AF82-12DF17AE4E1E,2012-ncaa-d0-natl,ncaa,316,309,292,317,312,319,325,304,327,321,263,329,269,261,272,194,256,262,133,266,193,307,289,322,314,323,128,194,54,321,326,342,341,341,342,253,30,253,309,278,38,16,248,209,,,9,10,,,333,265,87,262,314,326,259,308,206,249,228,201,216,219,266,190,294,343,343,211,312,14,229,,26,,,335,196,244,49,342,207,26,342,289,217,325,307,21,13,293,12,59,31,98,342,341,294,135,291,14,186,341,207,326,203,342,336,341,39,9,241,290,322,241,294,,,314,282,,,333,71,332,305,335,300,325,155,298,69,328,285,52,34,32,111,265,284,318,319,342,7,322,292,,283,,,b'\x11\xe8\xe1I\xc77\xedN\xaf\x82\x12\xdf\x17\xaeN\x1e'
11E8E149-C737-ED4E-AF82-12DF17AE4E1E,2012-ncaa-d1-conf-GWC,ncaa,4,4,2,4,4,3,3,2,3,3,1,3,2,3,2,3,2,2,1,2,2,2,2,3,3,3,3,3,2,4,4,5,5,5,4,2,1,2,2,2,1,1,4,4,,,3,2,,,4,1,1,3,3,3,1,2,1,2,3,2,2,2,1,1,4,5,5,1,2,1,4,,3,,,4,4,4,2,5,3,1,5,3,3,4,5,3,3,3,3,3,2,5,4,5,2,3,3,3,4,5,5,4,4,4,4,5,1,1,2,3,3,3,3,,,1,3,,,4,4,3,4,4,4,4,3,4,1,3,3,3,3,3,2,5,4,5,4,4,1,3,3,,1,,,b'\x11\xe8\xe1I\xc77\xedN\xaf\x82\x12\xdf\x17\xaeN\x1e'
11E8E149-C737-ED4E-AF82-12DF17AE4E1E,2012-ncaa-d1-natl,ncaa,311,319,196,319,263,293,302,250,315,282,214,322,258,243,259,212,218,231,136,233,211,249,214,315,305,314,154,204,74,277,309,343,341,342,342,199,25,300,307,268,24,15,214,188,,,19,10,,,330,177,75,262,300,309,228,282,178,247,230,202,206,210,238,160,266,343,341,169,312,11,208,,28,,,328,263,307,114,341,285,60,342,301,250,315,299,35,25,285,25,61,68,189,342,340,287,109,278,16,252,341,280,309,279,342,340,340,25,9,226,324,324,274,293,,,288,293,,,330,160,324,299,326,301,326,169,307,86,321,275,55,38,35,122,275,288,316,322,341,7,325,295,,278,,,b'\x11\xe8\xe1I\xc77\xedN\xaf\x82\x12\xdf\x17\xaeN\x1e'
11E8E149-C737-ED4E-AF82-12DF17AE4E1E,2013-ncaa-d0-natl,ncaa,334,330,302,334,319,340,342,325,343,328,214,343,337,337,334,324,227,203,269,198,154,318,299,344,343,344,244,322,9,278,276,342,345,339,343,341,296,255,325,342,155,130,232,221,,,40,53,,,345,301,134,261,341,344,296,307,120,335,329,164,120,116,279,192,231,343,337,341,314,98,198,,104,,,345,266,295,137,340,283,112,342,256,197,317,241,68,86,85,86,124,118,112,343,338,336,91,229,36,308,345,180,276,262,343,337,329,209,184,330,303,335,214,236,,,312,267,,,345,55,344,344,345,337,339,308,332,252,305,271,145,155,159,289,288,341,299,337,343,135,331,267,,261,,,b'\x11\xe8\xe1I\xc77\xedN\xaf\x82\x12\xdf\x17\xaeN\x1e'
11E8E149-C737-ED4E-AF82-12DF17AE4E1E,2013-ncaa-d1-conf-GWC,ncaa,4,4,4,4,5,5,5,5,5,5,3,5,5,5,4,5,2,2,1,2,2,5,5,5,5,5,4,5,1,5,4,5,5,5,5,5,5,3,5,5,2,2,4,3,,,3,3,,,5,5,2,4,5,5,5,5,2,5,5,2,2,2,5,3,5,5,5,5,4,2,4,,4,,,5,4,5,1,5,4,1,5,5,2,5,2,2,2,3,2,2,1,1,5,5,5,3,5,2,1,5,2,4,1,5,5,5,2,1,4,5,5,1,1,,,5,3,,,5,1,5,5,5,5,5,3,4,2,5,3,3,2,2,2,3,3,4,3,5,2,5,1,,4,,,b'\x11\xe8\xe1I\xc77\xedN\xaf\x82\x12\xdf\x17\xaeN\x1e'
11E8E149-C737-ED4E-AF82-12DF17AE4E1E,2013-ncaa-d1-natl,ncaa,330,331,210,332,272,338,339,285,343,308,148,343,335,330,334,323,198,166,276,162,172,268,223,344,343,344,245,318,14,230,267,342,345,328,342,337,286,298,321,340,102,87,204,203,,,72,56,,,345,217,127,262,342,343,272,302,106,335,324,176,124,120,257,175,197,343,333,339,308,64,192,,117,,,345,305,315,202,336,302,178,339,273,212,312,227,127,134,122,134,143,188,202,339,335,325,96,216,53,328,345,273,267,312,342,338,329,119,111,305,323,333,265,244,,,284,289,,,345,138,344,339,345,326,335,284,323,233,290,248,163,168,170,256,288,341,314,335,342,85,328,285,,271,,,b'\x11\xe8\xe1I\xc77\xedN\xaf\x82\x12\xdf\x17\xaeN\x1e'
11E8E149-C737-ED4E-AF82-12DF17AE4E1E,2014-ncaa-d0-natl,ncaa,347,343,334,347,344,346,347,339,338,338,308,335,309,276,333,176,334,321,338,321,234,338,336,339,343,346,195,186,191,328,327,346,325,346,344,345,335,190,333,344,204,134,239,201,,,3,12,,,347,334,188,347,344,340,315,321,255,280,215,323,280,282,311,269,296,346,344,345,307,139,193,,19,,,348,176,262,50,348,267,43,348,203,153,287,255,19,13,317,13,48,23,17,348,348,347,48,203,10,76,325,138,327,111,344,321,310,286,195,337,302,344,19,72,,,340,304,,,347,14,347,348,348,332,342,246,339,187,299,259,75,49,49,190,176,206,307,287,344,189,338,42,,326,,,b'\x11\xe8\xe1I\xc77\xedN\xaf\x82\x12\xdf\x17\xaeN\x1e'
11E8E149-C737-ED4E-AF82-12DF17AE4E1E,2014-ncaa-d1-conf-WAC,ncaa,9,9,5,9,8,9,9,7,9,9,7,9,7,6,9,6,9,7,9,7,6,7,7,9,9,9,5,5,4,7,8,9,9,9,9,9,8,8,8,9,5,4,2,2,,,3,2,,,9,8,7,9,9,9,8,9,5,6,6,9,7,7,8,7,8,9,9,9,8,4,2,,3,,,9,9,9,3,9,9,4,9,8,4,9,5,4,4,9,4,4,3,4,9,9,9,3,6,2,4,9,6,8,6,9,9,9,7,5,9,8,9,1,2,,,9,9,,,9,3,9,9,9,9,9,4,9,4,8,5,4,4,4,3,4,5,7,8,9,6,9,1,,9,,,b'\x11\xe8\xe1I\xc77\xedN\xaf\x82\x12\xdf\x17\xaeN\x1e'
11E8E149-C737-ED4E-AF82-12DF17AE4E1E,2014-ncaa-d1-natl,ncaa,344,344,211,346,305,337,328,306,334,308,250,328,294,246,338,187,321,285,335,288,248,307,282,335,342,343,240,218,195,301,318,334,323,335,344,344,336,264,322,343,108,76,199,188,,,15,18,,,347,256,170,345,338,337,296,305,230,294,221,314,276,280,301,259,290,341,340,344,294,82,189,,24,,,347,277,322,150,347,317,110,348,239,221,238,261,58,36,305,35,60,101,112,347,344,335,53,196,18,161,323,259,318,227,344,338,302,168,146,311,319,342,61,108,,,331,325,,,347,104,344,336,347,317,337,228,331,166,276,263,84,55,56,180,194,213,305,288,342,138,334,77,,331,,,b'\x11\xe8\xe1I\xc77\xedN\xaf\x82\x12\xdf\x17\xaeN\x1e'
11E8E149-C737-ED4E-AF82-12DF17AE4E1E,2015-ncaa-d0-natl,ncaa,344,329,322,344,337,345,345,349,208,331,327,255,325,343,132,297,304,320,146,316,182,349,341,239,215,333,248,273,67,346,300,343,345,349,335,335,200,340,349,341,254,211,262,205,,,2,10,,,347,330,216,348,344,344,349,299,289,311,336,265,276,274,349,308,338,338,346,328,348,201,227,,22,,,347,168,215,97,323,76,22,302,341,311,348,342,3,4,191,4,41,47,40,345,341,340,315,347,2,246,345,8,300,38,335,323,338,268,218,330,346,349,12,52,,,343,278,,,347,21,343,343,347,326,331,312,219,96,349,344,21,20,17,254,240,339,50,191,347,191,349,26,,330,,,b'\x11\xe8\xe1I\xc77\xedN\xaf\x82\x12\xdf\x17\xaeN\x1e'
11E8E149-C737-ED4E-AF82-12DF17AE4E1E,2015-ncaa-d1-conf-WAC,ncaa,8,8,5,8,7,8,8,8,5,7,7,5,8,8,5,8,5,6,1,6,6,8,7,6,6,7,5,7,3,8,8,8,8,8,8,7,3,7,8,8,5,5,5,4,,,1,1,,,8,5,5,7,8,8,8,7,6,8,8,6,7,7,8,8,8,8,8,7,8,4,5,,1,,,8,6,8,4,8,5,3,8,8,8,8,8,1,1,7,1,1,4,4,8,8,8,8,8,1,5,8,2,8,4,8,8,8,5,6,8,8,8,6,8,,,8,7,,,8,4,8,8,8,8,8,8,7,2,8,8,1,1,1,6,4,8,2,3,8,6,8,6,,8,,,b'\x11\xe8\xe1I\xc77\xedN\xaf\x82\x12\xdf\x17\xaeN\x1e'
11E8E149-C737-ED4E-AF82-12DF17AE4E1E,2015-ncaa-d1-natl,ncaa,336,328,298,336,334,344,342,349,185,317,317,239,314,337,108,296,297,314,150,312,216,349,337,217,206,327,266,268,107,343,296,340,341,347,332,326,202,345,349,340,231,204,214,163,,,7,10,,,347,316,221,348,340,337,349,286,279,306,334,275,291,288,349,307,339,336,346,322,348,196,187,,22,,,347,237,270,157,317,98,44,280,346,322,348,337,9,6,194,6,41,82,70,343,335,335,314,346,2,277,341,13,296,71,332,332,333,244,216,325,347,349,18,59,,,342,306,,,347,36,340,341,346,319,326,305,204,102,349,342,28,20,18,241,220,331,55,181,345,198,349,32,,336,,,b'\x11\xe8\xe1I\xc77\xedN\xaf\x82\x12\xdf\x17\xaeN\x1e'
11E8E149-C737-ED4E-AF82-12DF17AE4E1E,2016-ncaa-d0-natl,ncaa,325,327,240,329,245,325,320,309,293,277,260,281,302,284,311,224,275,245,299,250,189,304,284,301,306,324,233,252,126,275,274,326,344,323,335,313,261,271,325,332,116,85,101,69,,,41,50,,,329,282,252,51,332,323,312,265,229,297,258,262,224,231,304,250,252,330,324,319,308,88,86,,61,,,328,166,180,122,263,129,70,266,263,241,271,295,97,70,325,77,136,98,93,293,283,267,239,294,91,289,344,162,274,223,335,272,305,189,144,255,338,347,24,60,,,312,285,,,329,65,333,295,331,247,252,197,199,109,298,291,142,99,111,183,189,319,248,299,310,146,346,43,,303,,,b'\x11\xe8\xe1I\xc77\xedN\xaf\x82\x12\xdf\x17\xaeN\x1e'
11E8E149-C737-ED4E-AF82-12DF17AE4E1E,2016-ncaa-d1-conf-WAC,ncaa,8,8,5,8,6,8,8,6,6,7,6,8,7,5,6,5,5,3,4,4,3,6,7,8,7,8,5,7,1,6,8,8,8,8,8,8,5,6,7,8,4,3,2,2,,,3,1,,,8,5,5,2,8,8,6,7,4,7,5,4,2,2,6,6,6,8,8,8,7,3,1,,3,,,8,7,7,6,7,8,6,5,6,4,8,4,6,4,8,4,3,4,5,7,8,8,6,5,4,7,8,7,8,7,8,6,7,5,6,7,7,8,1,1,,,6,6,,,8,4,8,8,8,8,8,7,8,8,7,6,7,4,4,7,7,7,7,7,7,5,7,1,,6,,,b'\x11\xe8\xe1I\xc77\xedN\xaf\x82\x12\xdf\x17\xaeN\x1e'
11E8E149-C737-ED4E-AF82-12DF17AE4E1E,2016-ncaa-d1-natl,ncaa,332,327,303,333,308,338,339,335,298,303,282,288,309,289,312,225,289,265,297,271,186,331,321,304,309,330,228,250,114,294,277,346,345,341,341,334,264,248,329,333,143,91,116,74,,,28,53,,,331,317,255,47,334,332,318,275,236,297,260,264,224,235,306,253,264,338,328,328,307,92,93,,61,,,331,145,161,84,271,109,44,275,251,228,278,296,83,61,327,63,139,59,55,299,295,280,241,289,90,274,345,133,277,192,341,264,306,223,155,261,335,347,17,63,,,328,281,,,331,29,335,307,334,253,260,201,208,112,296,290,152,103,112,185,191,321,251,302,311,156,345,45,,302,,,b'\x11\xe8\xe1I\xc77\xedN\xaf\x82\x12\xdf\x17\xaeN\x1e'
11E8E149-C737-ED4E-AF82-12DF17AE4E1E,2017-ncaa-d0-natl,ncaa,348,348,234,348,263,328,326,323,288,313,266,312,265,291,152,234,315,297,300,293,244,325,321,292,304,307,197,178,193,340,340,339,349,347,349,302,192,164,288,281,117,82,218,244,,,3,4,,,337,294,272,178,336,325,335,306,244,257,278,314,284,277,336,324,339,343,346,301,224,86,209,,6,,,338,227,306,158,346,327,219,345,119,58,288,84,23,27,67,27,31,109,93,340,334,326,8,81,11,300,349,225,340,267,349,296,204,219,200,295,327,344,151,220,,,347,337,,,337,55,323,338,339,299,335,244,344,301,161,95,45,53,54,188,174,327,298,324,323,191,338,191,,346,,,b'\x11\xe8\xe1I\xc77\xedN\xaf\x82\x12\xdf\x17\xaeN\x1e'
11E8E149-C737-ED4E-AF82-12DF17AE4E1E,2017-ncaa-d1-conf-WAC,ncaa,8,8,5,8,6,8,8,8,6,8,7,6,6,7,3,7,8,8,8,8,6,8,8,5,6,6,7,5,7,8,8,8,8,8,8,6,4,5,8,7,5,5,6,6,,,1,1,,,8,7,6,3,8,7,8,7,7,6,7,8,8,8,8,8,8,8,8,6,5,4,6,,1,,,8,8,8,6,8,8,7,8,3,2,5,3,2,4,2,4,2,5,5,8,6,7,1,2,2,8,8,7,8,8,8,7,4,7,8,8,8,8,4,6,,,8,8,,,8,2,8,8,8,8,8,8,8,8,3,3,3,3,3,7,7,8,7,8,8,6,8,4,,8,,,b'\x11\xe8\xe1I\xc77\xedN\xaf\x82\x12\xdf\x17\xaeN\x1e'
11E8E149-C737-ED4E-AF82-12DF17AE4E1E,2017-ncaa-d1-natl,ncaa,349,348,310,349,316,341,337,341,298,328,297,317,275,297,158,230,326,312,298,311,248,341,342,298,310,310,194,176,187,344,342,347,349,348,349,320,195,140,293,284,140,90,232,246,,,2,4,,,338,332,276,164,339,328,337,316,247,262,276,316,289,280,338,326,342,343,347,302,229,96,214,,6,,,340,202,298,108,346,324,194,345,100,42,294,78,16,21,76,21,31,60,37,342,337,331,8,79,11,285,349,196,342,245,349,288,210,247,204,299,320,344,134,229,,,347,337,,,338,18,327,343,341,312,339,245,346,303,164,95,48,57,59,187,168,328,301,325,324,202,337,198,,346,,,b'\x11\xe8\xe1I\xc77\xedN\xaf\x82\x12\xdf\x17\xaeN\x1e'
11E8E149-C737-ED4E-AF82-12DF17AE4E1E,2018-ncaa-d0-natl,ncaa,348,349,164,349,224,334,330,322,312,306,278,314,311,305,289,228,301,307,169,306,274,328,277,317,310,343,236,233,135,317,307,320,338,333,339,239,35,346,348,332,225,227,223,256,,,38,40,,,347,234,238,278,346,344,346,316,285,319,302,311,315,317,349,301,323,338,345,257,342,221,228,,49,,,346,295,321,202,344,331,272,336,130,70,299,50,148,149,215,132,75,189,148,338,336,340,14,53,71,288,338,136,307,209,339,315,221,262,269,326,349,349,214,277,,,339,341,,,347,112,347,344,347,323,337,248,342,311,142,74,175,164,151,235,174,305,166,234,329,262,349,217,,344,,,b'\x11\xe8\xe1I\xc77\xedN\xaf\x82\x12\xdf\x17\xaeN\x1e'
11E8E149-C737-ED4E-AF82-12DF17AE4E1E,2018-ncaa-d1-conf-WAC,ncaa,8,8,5,8,8,8,8,8,7,8,8,8,7,8,7,7,8,8,4,8,5,8,8,7,7,8,5,6,3,7,7,7,8,8,7,8,1,8,8,8,7,7,4,4,,,1,1,,,8,8,5,8,8,8,8,8,7,7,8,7,8,8,8,7,7,7,7,8,8,7,3,,2,,,8,8,8,6,7,8,6,7,4,2,7,2,4,4,3,3,2,5,3,7,7,8,2,3,2,6,8,1,7,4,7,6,5,8,7,8,8,8,6,8,,,8,5,,,8,1,8,8,8,8,8,8,8,8,5,3,4,4,4,7,5,7,1,4,6,7,8,7,,7,,,b'\x11\xe8\xe1I\xc77\xedN\xaf\x82\x12\xdf\x17\xaeN\x1e'
11E8E149-C737-ED4E-AF82-12DF17AE4E1E,2018-ncaa-d1-natl,ncaa,349,349,213,349,294,344,343,343,316,324,298,321,319,316,292,225,317,321,173,320,272,344,317,323,317,343,231,230,128,327,310,338,339,347,340,277,39,344,348,335,245,230,235,266,,,24,43,,,349,297,243,279,348,347,347,323,288,318,301,313,320,320,349,307,324,340,348,275,343,225,231,,50,,,349,287,320,168,344,329,255,338,109,50,305,49,137,124,218,108,77,145,90,341,339,342,14,51,71,279,339,116,310,176,340,309,223,285,275,331,349,349,200,291,,,347,341,,,349,50,347,344,349,326,340,249,345,312,141,72,178,166,151,239,175,303,170,236,329,269,349,219,,345,,,b'\x11\xe8\xe1I\xc77\xedN\xaf\x82\x12\xdf\x17\xaeN\x1e'
11E8E149-C737-ED4E-AF82-12DF17AE4E1E,2019-ncaa-d0-natl,ncaa,348,351,173,350,229,299,296,181,340,157,34,345,350,348,350,350,103,127,102,123,271,173,80,350,346,348,338,350,7,178,247,235,330,206,321,326,309,350,344,349,232,285,133,189,,,291,215,,,351,72,6,272,324,319,154,148,12,351,349,69,111,106,137,23,152,242,209,340,350,224,129,,316,,,351,350,346,304,348,345,313,342,310,244,335,118,343,334,189,333,270,322,304,344,348,350,143,128,204,320,330,301,247,324,321,347,223,225,305,335,351,350,341,278,,,206,286,,,351,287,347,351,351,351,351,345,351,344,328,267,340,332,332,350,344,331,320,334,342,216,351,345,,188,,,b'\x11\xe8\xe1I\xc77\xedN\xaf\x82\x12\xdf\x17\xaeN\x1e'
11E8E149-C737-ED4E-AF82-12DF17AE4E1E,2019-ncaa-d1-conf-WAC,ncaa,9,9,5,9,7,8,9,7,9,6,2,9,9,9,9,9,4,5,1,6,8,7,5,9,9,9,9,9,1,5,6,9,9,8,9,9,8,9,9,9,6,6,4,5,,,4,5,,,9,4,3,7,8,9,6,6,1,9,9,4,5,6,7,4,5,9,8,9,9,6,4,,7,,,9,9,9,6,9,9,5,9,8,7,9,6,6,4,8,4,5,7,6,9,9,9,6,6,4,9,9,6,6,8,9,8,7,5,6,8,9,9,9,7,,,7,6,,,9,5,9,9,9,9,9,8,9,8,8,8,8,7,6,8,8,9,8,8,8,4,9,9,,6,,,b'\x11\xe8\xe1I\xc77\xedN\xaf\x82\x12\xdf\x17\xaeN\x1e'
11E8E149-C737-ED4E-AF82-12DF17AE4E1E,2019-ncaa-d1-natl,ncaa,350,351,233,351,292,319,318,234,341,200,44,346,350,348,349,349,121,153,102,152,269,223,118,350,346,348,337,350,5,204,254,270,331,255,327,340,313,350,345,349,261,294,152,192,,,264,222,,,351,98,7,272,325,323,166,160,12,351,348,74,109,107,153,27,163,250,223,344,350,237,132,,315,,,351,349,344,286,349,345,299,344,301,227,338,116,330,327,195,324,273,315,286,347,349,350,139,123,202,308,331,275,254,318,327,345,227,260,316,342,351,351,338,284,,,242,282,,,351,258,347,351,351,351,351,346,351,345,329,267,343,332,332,350,342,333,322,336,345,226,351,345,,187,,,b'\x11\xe8\xe1I\xc77\xedN\xaf\x82\x12\xdf\x17\xaeN\x1e'
11E8E149-C737-ED4E-AF82-12DF17AE4E1E,2020-ncaa-d0-natl,ncaa,350,344,260,350,311,306,316,216,346,249,47,351,323,337,147,337,142,175,108,174,269,216,136,346,339,343,251,309,20,197,229,330,332,310,327,278,141,335,331,320,252,289,281,311,,,254,198,,,350,115,7,350,288,309,120,217,14,320,332,93,122,123,102,20,155,328,291,252,340,233,283,,291,,,351,349,346,240,351,345,248,351,216,174,257,109,342,334,207,333,299,282,267,350,350,351,92,62,239,269,332,260,229,273,327,343,306,196,240,335,347,342,208,124,,,135,151,,,350,255,345,349,350,351,351,328,351,321,253,225,347,340,340,347,339,309,315,325,347,153,347,239,,63,,,b'\x11\xe8\xe1I\xc77\xedN\xaf\x82\x12\xdf\x17\xaeN\x1e'
11E8E149-C737-ED4E-AF82-12DF17AE4E1E,2020-ncaa-d1-conf-WAC,ncaa,9,9,9,9,9,9,9,8,8,8,2,9,9,9,2,9,4,7,1,6,7,8,7,8,8,9,7,9,2,7,6,9,9,9,8,9,6,9,9,9,8,9,8,9,,,5,6,,,9,7,2,8,8,9,7,7,2,9,9,4,4,4,8,3,7,9,9,8,9,7,8,,7,,,9,9,9,4,9,9,4,9,3,3,3,3,8,9,2,9,9,5,5,9,9,9,2,1,6,7,9,2,6,4,8,7,4,6,6,7,9,9,5,4,,,2,3,,,9,4,9,9,9,9,9,8,9,8,3,4,9,9,9,8,9,9,5,7,7,4,9,8,,2,,,b'\x11\xe8\xe1I\xc77\xedN\xaf\x82\x12\xdf\x17\xaeN\x1e'
11E8E149-C737-ED4E-AF82-12DF17AE4E1E,2020-ncaa-d1-natl,ncaa,350,344,326,350,339,327,334,259,346,290,64,351,328,338,154,337,168,202,108,201,267,260,175,347,342,344,244,310,16,219,238,342,333,332,335,300,148,332,337,323,273,295,295,315,,,234,207,,,350,154,7,350,297,320,126,230,14,322,333,96,126,125,112,23,162,330,298,264,341,242,282,,294,,,351,347,343,214,351,344,224,351,204,158,268,106,334,329,208,327,299,262,231,350,350,351,84,59,239,247,333,229,238,250,335,341,306,219,251,337,347,344,197,130,,,161,151,,,350,220,347,350,350,351,351,329,351,323,256,221,348,340,338,349,337,308,316,326,348,160,348,247,,64,,,b'\x11\xe8\xe1I\xc77\xedN\xaf\x82\x12\xdf\x17\xaeN\x1e'
11E8E149-C737-ED4E-AF82-12DF17AE4E1E,2021-ncaa-d0-natl,ncaa,337,250,317,337,322,330,329,324,319,318,302,331,335,335,295,338,314,304,339,306,219,323,321,338,338,341,324,334,62,311,208,325,289,323,293,330,305,82,341,342,318,258,322,292,,,36,291,,,331,320,176,342,338,334,330,270,87,341,342,266,146,158,320,191,185,317,297,337,339,257,291,,266,,,339,40,38,27,322,45,26,328,43,32,222,133,53,57,158,56,277,29,24,317,323,319,124,103,224,30,289,23,208,23,293,84,324,315,185,305,132,338,102,257,,,299,43,,,331,23,340,314,340,284,270,135,283,153,168,136,279,278,280,176,155,204,213,216,326,192,336,304,,69,,,b'\x11\xe8\xe1I\xc77\xedN\xaf\x82\x12\xdf\x17\xaeN\x1e'
11E8E149-C737-ED4E-AF82-12DF17AE4E1E,2021-ncaa-d1-conf-WAC,ncaa,8,8,8,8,8,8,8,8,8,8,7,8,8,8,6,8,8,8,8,8,6,8,8,8,8,8,7,8,2,8,5,8,8,8,8,8,8,4,8,8,8,7,8,8,,,1,6,,,8,8,7,8,8,8,8,6,3,8,8,8,6,6,8,6,5,8,7,8,8,7,8,,6,,,8,1,1,1,8,1,1,8,1,1,2,2,4,3,7,3,6,1,1,8,8,7,1,1,5,1,8,1,5,1,8,2,8,7,5,6,5,8,6,8,,,7,2,,,8,1,8,7,8,7,7,3,8,3,2,2,8,6,6,5,3,7,3,5,8,6,8,8,,3,,,b'\x11\xe8\xe1I\xc77\xedN\xaf\x82\x12\xdf\x17\xaeN\x1e'
11E8E149-C737-ED4E-AF82-12DF17AE4E1E,2021-ncaa-d1-natl,ncaa,338,250,320,338,322,330,330,324,321,321,304,333,335,335,297,337,315,305,339,306,223,323,323,340,339,341,324,333,64,311,211,325,289,324,300,330,306,75,342,342,320,261,324,294,,,32,293,,,331,322,180,342,339,336,333,279,89,341,342,269,151,161,325,192,190,317,304,337,338,263,293,,268,,,340,37,33,24,323,41,25,328,39,27,226,134,50,52,159,52,276,26,22,318,323,321,124,102,224,29,289,22,211,22,300,80,324,318,193,310,124,340,97,264,,,304,44,,,331,21,341,317,340,290,274,137,284,157,173,134,283,285,285,179,151,208,212,217,327,197,337,306,,74,,,b'\x11\xe8\xe1I\xc77\xedN\xaf\x82\x12\xdf\x17\xaeN\x1e'
11E8E149-C737-ED4E-AF82-12DF17AE4E1E,2022-ncaa-d0-natl,ncaa,326,328,260,330,267,301,307,264,336,263,166,336,319,309,317,311,215,148,328,147,154,250,235,341,335,336,268,297,65,134,119,308,247,261,228,350,354,266,294,353,169,126,178,135,,,331,354,,,323,251,114,83,311,317,210,226,80,320,310,167,89,90,183,81,80,319,221,355,311,121,151,,355,,,322,168,93,46,300,143,85,302,58,48,183,68,341,344,79,343,347,87,101,273,312,277,225,57,351,97,247,140,119,110,228,115,156,174,112,121,275,291,98,100,,,174,111,,,323,106,333,267,320,277,188,66,229,130,95,75,353,354,354,184,227,166,253,217,166,103,309,137,,80,,,b'\x11\xe8\xe1I\xc77\xedN\xaf\x82\x12\xdf\x17\xaeN\x1e'
11E8E149-C737-ED4E-AF82-12DF17AE4E1E,2022-ncaa-d1-conf-WAC,ncaa,13,13,11,13,13,13,13,11,13,10,4,13,11,12,12,11,10,5,13,5,9,11,10,13,13,13,12,11,3,4,4,11,9,9,7,13,13,9,10,13,11,10,6,6,,,11,13,,,13,12,5,7,13,13,7,7,3,11,11,8,3,3,7,3,4,6,5,13,12,9,5,,13,,,13,5,3,2,9,5,3,9,3,4,6,4,13,13,2,13,12,4,3,9,9,9,8,2,12,7,9,8,4,7,7,4,3,9,9,6,10,10,6,6,,,7,5,,,13,2,13,11,13,10,8,6,8,9,5,6,13,13,13,10,9,8,10,10,4,6,10,8,,5,,,b'\x11\xe8\xe1I\xc77\xedN\xaf\x82\x12\xdf\x17\xaeN\x1e'
11E8E149-C737-ED4E-AF82-12DF17AE4E1E,2022-ncaa-d1-natl,ncaa,336,327,304,339,309,325,330,308,337,294,194,343,328,323,317,313,244,178,327,176,154,290,280,343,337,338,264,294,62,166,134,330,257,303,242,355,354,242,299,354,201,142,190,143,,,325,356,,,331,294,121,80,318,328,220,238,86,324,310,169,90,91,190,87,87,322,239,355,313,138,154,,356,,,334,138,71,28,309,122,56,310,50,33,200,65,336,341,85,339,350,49,51,290,322,297,228,54,350,66,257,99,134,75,242,94,157,218,128,138,249,301,88,104,,,203,99,,,331,62,339,288,331,293,202,69,241,135,97,73,355,354,354,185,225,167,256,223,173,118,312,151,,78,,,b'\x11\xe8\xe1I\xc77\xedN\xaf\x82\x12\xdf\x17\xaeN\x1e'
11E8E149-C737-ED4E-AF82-12DF17AE4E1E,2023-ncaa-d0-natl,ncaa,345,301,355,345,355,350,346,337,334,319,228,349,339,350,241,322,308,306,254,297,293,338,321,345,348,352,271,282,126,322,314,329,302,336,333,340,278,263,343,346,339,332,320,322,,,220,325,,,358,304,4,291,295,275,98,214,36,306,306,214,180,169,114,24,234,153,194,304,358,278,297,,354,,,360,240,206,71,336,228,77,352,112,123,142,154,316,319,185,315,341,113,61,324,340,356,192,70,316,165,302,153,314,155,333,257,282,342,333,346,211,300,13,26,,,322,275,,,358,57,354,358,359,360,359,353,358,331,268,301,360,359,358,360,357,335,353,358,353,233,332,78,,149,,,b'\x11\xe8\xe1I\xc77\xedN\xaf\x82\x12\xdf\x17\xaeN\x1e'
11E8E149-C737-ED4E-AF82-12DF17AE4E1E,2023-ncaa-d1-natl,ncaa,337,316,342,337,351,319,306,265,325,263,117,346,324,333,248,324,263,237,269,227,293,269,209,332,336,341,283,290,133,280,316,252,277,289,327,315,275,315,323,331,312,323,315,325,,,298,323,,,356,175,4,291,268,252,68,177,26,302,303,203,160,150,76,18,216,107,154,284,349,255,297,,352,,,358,317,285,178,322,299,165,339,162,179,132,149,349,347,163,344,343,241,180,310,328,346,204,72,323,241,277,294,316,288,327,300,269,293,317,334,268,286,33,22,,,256,262,,,356,175,349,352,357,360,357,349,356,327,253,291,360,358,358,359,356,327,356,358,347,209,326,84,,123,,,b'\x11\xe8\xe1I\xc77\xedN\xaf\x82\x12\xdf\x17\xaeN\x1e'
11E8E149-C737-ED4E-AF82-12DF17AE4E1E,2024-ncaa-d0-natl,ncaa,360,348,347,360,349,348,340,321,330,236,123,342,359,360,357,359,279,290,150,289,331,326,289,355,352,354,360,359,67,270,243,335,359,332,341,343,319,311,349,355,344,347,73,72,,,236,289,,,360,285,14,39,313,271,113,91,8,359,358,174,184,189,121,23,160,244,215,324,357,304,27,,349,,,360,297,292,153,351,321,183,354,147,128,233,108,298,321,35,320,307,192,131,348,345,355,86,64,230,331,359,112,243,227,341,312,281,316,326,348,342,355,13,9,,,331,327,,,360,85,353,359,360,360,359,356,360,353,287,279,350,353,353,360,359,359,333,358,358,199,359,44,,220,,,b'\x11\xe8\xe1I\xc77\xedN\xaf\x82\x12\xdf\x17\xaeN\x1e'
11E8E149-C737-ED4E-AF82-12DF17AE4E1E,2024-ncaa-d1-natl,ncaa,361,350,356,361,356,346,340,328,326,225,115,341,362,361,359,361,265,276,130,274,327,329,289,354,349,351,362,362,50,257,227,329,359,323,340,346,316,316,347,352,348,346,51,41,,,246,282,,,360,291,16,43,296,266,101,81,7,362,360,145,167,169,114,19,145,220,179,315,359,310,18,,347,,,362,298,293,173,346,320,202,348,142,122,224,100,305,328,38,326,306,215,151,342,336,353,93,65,244,339,359,105,227,228,340,313,290,316,329,350,345,356,9,9,,,330,323,,,360,86,353,360,359,362,362,358,361,356,279,274,350,355,355,362,360,361,326,358,359,197,361,42,,205,,,b'\x11\xe8\xe1I\xc77\xedN\xaf\x82\x12\xdf\x17\xaeN\x1e'
11E8E149-C737-ED4E-AF82-12DF17AE4E1E,2025-ncaa-d0-natl,genius_ncaa,312,352,54,328,55,166,131,33,330,92,24,325,260,166,334,264,237,225,250,231,347,50,42,340,345,326,314,275,261,91,280,175,330,129,351,196,287,284,133,250,98,178,195,235,,,345,251,,171,354,40,59,3,257,197,28,139,32,288,212,291,278,286,55,56,137,287,226,262,194,129,228,,316,,132,344,360,352,325,323,317,260,311,358,344,349,305,346,343,206,342,301,336,332,345,349,338,323,313,218,343,330,361,280,361,351,359,314,71,165,281,202,108,333,195,,,264,359,,343,354,325,324,338,340,353,338,307,271,163,354,338,323,321,313,331,335,314,362,358,349,100,146,307,,334,,347,b'\x11\xe8\xe1I\xc77\xedN\xaf\x82\x12\xdf\x17\xaeN\x1e'
11E8E149-C737-ED4E-AF82-12DF17AE4E1E,2025-ncaa-d1-conf-NEC,genius_ncaa,5,6,3,5,3,3,3,1,6,1,1,6,8,8,7,9,4,2,6,2,6,1,1,7,8,7,9,9,4,2,5,4,6,3,6,3,4,3,3,4,1,3,4,4,,,8,6,,5,5,1,2,1,3,4,1,1,1,9,8,4,2,3,1,1,2,3,1,3,3,1,4,,6,,5,5,9,7,8,4,2,5,3,8,8,9,8,8,8,3,8,7,8,9,4,4,4,9,8,6,7,6,9,5,9,6,9,9,1,2,5,4,2,8,6,,,5,7,,7,5,9,4,4,5,8,6,9,2,4,8,8,6,6,6,9,9,7,9,9,9,1,3,9,,5,,7,b'\x11\xe8\xe1I\xc77\xedN\xaf\x82\x12\xdf\x17\xaeN\x1e'
11E8E149-C737-ED4E-AF82-12DF17AE4E1E,2025-ncaa-d1-natl,genius_ncaa,319,352,72,332,73,194,155,47,341,113,32,330,266,190,335,262,255,244,250,248,347,64,60,345,350,330,313,278,255,115,289,210,333,164,352,225,295,253,139,261,112,194,216,244,,,337,258,,157,354,55,61,2,270,212,31,151,32,293,214,294,282,291,58,60,150,295,241,278,194,139,237,,318,,133,348,359,352,320,332,311,243,318,357,340,349,305,344,336,213,335,306,329,323,350,355,343,324,312,213,340,333,361,289,361,352,359,317,84,172,298,184,114,324,213,,,288,359,,345,354,310,332,345,344,354,344,308,280,169,353,338,326,325,317,334,336,317,362,358,350,108,150,311,,332,,348,b'\x11\xe8\xe1I\xc77\xedN\xaf\x82\x12\xdf\x17\xaeN\x1e'
11E8E149-C737-ED4E-AF82-12DF17AE4E1E,2026-ncaa-d0-natl,genius_ncaa,295,329,116,321,141,217,183,138,296,147,107,281,266,201,331,247,272,222,325,208,320,151,123,318,330,326,325,280,268,159,269,212,347,196,343,262,339,318,281,331,158,232,146,201,,,337,295,,73,349,112,49,93,282,237,118,175,94,304,234,310,277,269,151,68,192,285,269,323,313,174,161,,338,,63,339,336,309,271,261,330,268,316,157,254,44,126,362,362,265,362,351,313,284,229,278,309,175,31,354,354,347,318,269,342,343,270,122,196,309,257,347,323,219,155,,,243,343,,310,349,240,329,336,338,344,309,307,330,291,112,248,361,360,361,356,346,354,343,355,246,239,334,197,,306,,324,b'\x11\xe8\xe1I\xc77\xedN\xaf\x82\x12\xdf\x17\xaeN\x1e'
11E8E149-C737-ED4E-AF82-12DF17AE4E1E,2026-ncaa-d1-natl,genius_ncaa,332,327,177,340,196,295,264,208,321,225,160,304,308,263,339,244,317,289,331,279,319,227,186,335,343,341,327,277,258,230,296,288,357,288,354,328,345,290,305,345,226,274,188,222,,,314,302,,55,354,171,56,96,311,275,144,213,109,316,247,321,282,275,177,91,222,309,304,341,320,218,174,,345,,65,353,325,285,213,295,322,215,334,117,214,51,118,361,359,274,359,359,281,231,272,313,340,172,25,354,348,357,298,296,330,354,249,121,276,322,289,338,338,192,179,,,302,339,,321,354,181,346,351,354,354,331,320,347,303,136,251,361,361,361,359,344,360,350,359,280,269,344,216,,309,,324,b'\x11\xe8\xe1I\xc77\xedN\xaf\x82\x12\xdf\x17\xaeN\x1e'
11E8E149-C73C-18D8-AF82-12DF17AE4E1E,2010-ncaa-d0-natl,ncaa,219,202,241,224,250,289,292,311,203,296,306,200,203,205,162,115,272,299,121,298,179,310,328,196,192,181,113,109,189,328,296,251,50,309,191,273,189,25,160,181,327,303,284,281,,,2,31,,,225,324,335,47,290,287,316,286,301,172,181,260,285,280,318,334,320,223,311,268,54,320,279,,12,,,230,33,104,76,243,116,92,214,157,97,294,206,2,2,36,2,9,32,13,256,183,247,71,255,3,15,50,68,296,23,191,176,243,334,295,320,47,180,197,301,,,311,170,,,225,22,215,209,232,76,184,116,175,133,206,141,4,9,9,41,10,21,113,50,237,329,89,240,,303,,,b'\x11\xe8\xe1I\xc7<\x18\xd8\xaf\x82\x12\xdf\x17\xaeN\x1e'
11E8E149-C73C-18D8-AF82-12DF17AE4E1E,2010-ncaa-d1-conf-AAC,ncaa,13,14,6,14,6,13,13,13,11,12,12,11,8,8,10,5,12,11,9,11,10,13,14,12,11,9,4,6,9,14,14,12,11,13,13,15,14,4,6,10,13,14,16,16,,,3,3,,,14,12,15,2,14,14,15,14,15,10,8,12,12,12,15,15,15,13,15,15,4,15,16,,2,,,14,9,12,10,12,12,11,9,12,8,14,9,2,3,2,3,2,6,5,13,11,13,5,11,1,9,11,7,14,9,13,13,10,13,14,14,3,8,9,13,,,9,7,,,14,5,11,14,14,8,12,10,11,9,12,7,2,2,2,6,2,8,9,9,12,15,2,11,,13,,,b'\x11\xe8\xe1I\xc7<\x18\xd8\xaf\x82\x12\xdf\x17\xaeN\x1e'
11E8E149-C73C-18D8-AF82-12DF17AE4E1E,2010-ncaa-d1-natl,ncaa,228,223,191,233,205,290,288,316,212,302,314,206,199,202,169,112,262,282,136,279,152,314,333,205,198,186,110,108,167,325,303,230,44,300,185,279,189,31,166,192,331,312,290,284,,,3,34,,,232,330,336,55,296,300,323,299,303,176,183,259,276,274,323,335,324,205,307,279,59,328,286,,12,,,233,42,124,92,235,124,93,208,183,131,288,229,2,2,27,2,10,39,11,248,174,243,82,265,4,18,44,79,303,20,185,191,239,332,299,318,55,187,193,298,,,304,156,,,232,16,222,208,233,71,179,116,157,120,213,160,3,9,9,41,8,21,115,48,231,329,94,223,,299,,,b'\x11\xe8\xe1I\xc7<\x18\xd8\xaf\x82\x12\xdf\x17\xaeN\x1e'
11E8E149-C73C-18D8-AF82-12DF17AE4E1E,2011-ncaa-d0-natl,ncaa,282,264,288,282,316,326,323,325,274,338,337,258,109,103,169,12,337,338,266,338,245,333,337,211,244,253,24,7,323,298,212,325,302,325,270,273,68,42,252,209,340,334,318,302,,,2,31,,,303,337,339,335,326,321,330,339,338,67,42,339,340,340,338,334,269,312,322,248,123,338,308,,11,,,305,43,79,44,214,38,21,215,253,222,272,320,15,9,191,8,57,28,11,256,218,308,253,331,29,120,302,17,212,26,270,230,327,342,334,337,25,153,285,342,,,334,219,,,303,9,254,323,309,146,187,165,104,48,317,298,32,26,23,107,18,216,65,119,301,342,64,320,,328,,,b'\x11\xe8\xe1I\xc7<\x18\xd8\xaf\x82\x12\xdf\x17\xaeN\x1e'
11E8E149-C73C-18D8-AF82-12DF17AE4E1E,2011-ncaa-d1-conf-AAC,ncaa,15,15,13,15,16,16,16,16,15,16,15,15,6,5,11,2,15,14,16,14,9,16,15,13,14,16,1,2,13,14,15,15,15,15,14,15,6,10,16,15,15,15,16,16,,,1,2,,,16,16,15,16,16,16,16,16,15,5,3,15,14,14,15,15,11,15,15,15,15,15,16,,2,,,16,10,13,10,14,8,8,12,11,8,16,10,3,1,16,1,3,4,1,14,14,15,8,11,3,8,15,5,15,6,14,15,14,16,16,16,9,15,15,16,,,14,9,,,16,1,16,16,16,13,16,13,13,10,15,10,4,3,3,10,2,13,10,11,16,16,12,15,,13,,,b'\x11\xe8\xe1I\xc7<\x18\xd8\xaf\x82\x12\xdf\x17\xaeN\x1e'
11E8E149-C73C-18D8-AF82-12DF17AE4E1E,2011-ncaa-d1-natl,ncaa,268,262,279,270,318,327,323,333,275,338,339,251,106,89,169,12,339,339,277,340,245,336,338,211,241,255,28,7,329,298,208,320,291,328,259,270,65,65,265,214,341,337,314,295,,,4,24,,,299,341,339,336,329,319,331,340,338,69,44,340,341,341,339,333,270,308,317,252,137,339,306,,9,,,305,44,88,58,201,36,16,213,281,255,259,323,11,7,192,6,52,27,7,248,210,300,261,333,26,120,291,12,208,24,259,248,327,342,332,336,30,166,280,343,,,336,233,,,299,4,259,321,313,134,172,157,89,39,317,306,27,21,20,93,16,202,58,106,299,341,71,309,,329,,,b'\x11\xe8\xe1I\xc7<\x18\xd8\xaf\x82\x12\xdf\x17\xaeN\x1e'
11E8E149-C73C-18D8-AF82-12DF17AE4E1E,2012-ncaa-d0-natl,ncaa,147,153,120,160,145,211,202,262,92,227,293,64,105,117,119,66,296,274,288,279,166,275,280,73,106,134,112,65,298,281,229,289,288,302,266,229,234,97,207,185,138,98,163,152,,,50,79,,,161,276,325,209,264,227,316,260,317,105,122,314,297,303,321,328,304,321,330,252,95,144,171,,35,,,161,74,105,94,168,143,129,175,67,81,96,132,97,34,342,34,52,69,86,144,169,141,76,91,146,181,288,63,229,98,266,85,127,173,113,120,59,139,187,286,,,214,95,,,161,70,158,167,155,61,104,57,134,109,68,74,91,35,34,31,31,177,37,71,82,194,65,177,,252,,,b'\x11\xe8\xe1I\xc7<\x18\xd8\xaf\x82\x12\xdf\x17\xaeN\x1e'
11E8E149-C73C-18D8-AF82-12DF17AE4E1E,2012-ncaa-d1-conf-AAC,ncaa,12,10,12,12,14,13,12,16,7,14,15,4,8,7,9,3,15,13,15,13,6,16,15,6,7,8,8,5,14,15,15,16,15,16,15,14,13,6,13,13,9,4,15,14,,,1,6,,,12,15,14,10,12,12,16,13,15,7,7,15,13,13,15,15,15,16,15,14,9,5,14,,4,,,12,5,8,4,14,9,5,13,2,3,10,4,3,1,15,1,4,3,2,11,13,9,2,3,8,7,15,4,15,1,15,5,7,13,8,9,8,11,8,13,,,12,3,,,12,2,12,11,12,7,10,5,13,9,3,3,7,4,4,4,4,10,8,5,8,9,9,8,,11,,,b'\x11\xe8\xe1I\xc7<\x18\xd8\xaf\x82\x12\xdf\x17\xaeN\x1e'
11E8E149-C73C-18D8-AF82-12DF17AE4E1E,2012-ncaa-d1-natl,ncaa,158,173,90,172,115,221,196,246,117,240,293,77,101,109,148,61,305,287,287,288,193,267,273,89,127,149,110,68,314,282,235,288,285,299,273,231,235,108,208,195,145,116,153,145,,,57,82,,,174,260,328,215,272,241,315,277,318,110,119,322,306,311,320,330,303,318,330,258,94,157,160,,33,,,174,93,114,118,164,155,144,177,71,91,88,132,111,51,342,47,58,91,102,140,167,145,85,92,152,191,285,73,235,123,273,92,131,174,122,126,67,137,207,289,,,225,129,,,174,89,170,174,172,63,91,57,125,103,69,76,98,37,35,31,29,178,43,73,81,210,61,184,,277,,,b'\x11\xe8\xe1I\xc7<\x18\xd8\xaf\x82\x12\xdf\x17\xaeN\x1e'
11E8E149-C73C-18D8-AF82-12DF17AE4E1E,2013-ncaa-d0-natl,ncaa,212,216,183,221,185,295,302,305,271,243,212,276,319,311,300,289,151,161,126,167,130,296,309,296,267,255,236,299,21,260,188,290,198,295,200,298,239,64,179,256,284,265,301,293,,,81,184,,,245,313,332,51,315,320,327,245,205,322,316,127,146,155,315,319,255,301,302,307,93,293,305,,105,,,246,58,94,70,217,105,63,226,136,142,159,228,37,32,217,33,76,47,39,219,202,203,109,209,71,84,198,58,188,52,200,130,182,263,193,222,55,144,195,221,,,127,12,,,245,36,256,204,243,79,133,70,131,81,161,167,46,44,47,50,31,108,70,72,152,263,80,213,,78,,,b'\x11\xe8\xe1I\xc7<\x18\xd8\xaf\x82\x12\xdf\x17\xaeN\x1e'
11E8E149-C73C-18D8-AF82-12DF17AE4E1E,2013-ncaa-d1-conf-AAC,ncaa,13,13,12,13,15,15,15,14,11,13,14,11,14,13,13,11,11,12,7,12,11,15,15,13,12,12,9,11,5,14,14,14,12,15,12,15,12,3,13,14,14,12,15,14,,,2,9,,,12,15,14,12,15,15,14,13,13,14,13,11,12,12,15,14,14,14,15,15,8,12,15,,7,,,12,4,5,2,10,5,3,10,4,3,12,8,2,1,9,1,5,2,1,10,10,11,7,10,2,2,12,3,14,2,12,5,9,13,11,13,5,11,12,13,,,9,1,,,12,1,12,10,12,6,10,3,11,7,7,3,4,4,4,2,2,10,5,5,9,13,9,12,,5,,,b'\x11\xe8\xe1I\xc7<\x18\xd8\xaf\x82\x12\xdf\x17\xaeN\x1e'
11E8E149-C73C-18D8-AF82-12DF17AE4E1E,2013-ncaa-d1-natl,ncaa,221,216,210,228,214,311,321,323,276,263,236,283,322,316,300,288,162,180,127,183,131,312,322,299,270,258,233,297,21,271,193,311,200,311,208,308,241,54,180,259,296,271,305,294,,,69,193,,,249,332,332,48,317,323,329,251,207,322,316,126,147,156,315,319,256,304,304,311,93,294,305,,106,,,252,45,84,45,222,93,51,230,131,133,162,226,34,29,217,31,76,31,22,224,209,209,109,211,71,71,200,42,193,36,208,122,187,286,197,227,50,147,187,223,,,142,12,,,249,17,262,214,251,86,136,71,137,83,163,168,47,44,47,51,29,111,70,73,158,269,80,215,,80,,,b'\x11\xe8\xe1I\xc7<\x18\xd8\xaf\x82\x12\xdf\x17\xaeN\x1e'
11E8E149-C73C-18D8-AF82-12DF17AE4E1E,2014-ncaa-d0-natl,ncaa,197,224,131,219,164,321,310,288,308,290,250,310,240,227,271,152,332,339,121,338,339,315,295,302,313,326,223,149,294,292,278,223,139,264,220,252,99,263,326,283,266,243,178,179,,,45,85,,,266,280,328,270,342,335,334,313,275,255,221,341,345,345,344,330,302,256,311,273,259,274,186,,37,,,261,26,61,102,90,87,146,70,67,79,120,108,44,39,202,40,47,67,75,69,54,59,82,139,114,92,139,134,278,120,220,21,39,207,150,71,270,314,285,324,,,324,296,,,266,72,334,65,263,25,41,44,82,140,60,61,40,36,37,23,19,86,133,93,27,225,250,289,,340,,,b'\x11\xe8\xe1I\xc7<\x18\xd8\xaf\x82\x12\xdf\x17\xaeN\x1e'
11E8E149-C73C-18D8-AF82-12DF17AE4E1E,2014-ncaa-d1-conf-AAC,ncaa,7,8,5,8,5,10,8,10,8,9,10,8,6,6,8,2,10,10,7,10,9,10,10,8,8,8,6,3,9,10,10,7,8,10,9,8,4,9,10,8,8,8,6,4,,,2,2,,,8,10,10,4,10,9,10,9,10,7,6,10,10,10,10,10,10,8,10,8,9,8,5,,2,,,8,2,3,3,5,4,3,4,2,4,3,5,2,2,9,2,2,2,2,4,5,5,3,4,3,6,8,7,10,5,9,2,2,8,7,3,10,10,7,9,,,10,10,,,8,1,8,5,8,3,5,2,5,3,2,3,2,2,2,1,1,7,6,7,2,8,10,7,,10,,,b'\x11\xe8\xe1I\xc7<\x18\xd8\xaf\x82\x12\xdf\x17\xaeN\x1e'
11E8E149-C73C-18D8-AF82-12DF17AE4E1E,2014-ncaa-d1-natl,ncaa,211,223,145,224,193,334,323,314,309,304,270,313,250,235,272,149,339,342,122,341,339,326,314,306,314,328,220,149,294,303,281,251,146,280,232,269,103,244,327,287,276,246,186,181,,,36,89,,,271,309,329,273,343,336,334,318,278,258,224,341,345,345,344,332,306,263,312,278,259,275,195,,39,,,269,17,45,75,95,68,125,78,58,69,125,108,35,29,207,29,45,47,42,74,61,65,81,134,114,81,146,118,281,93,232,15,39,230,158,78,251,317,283,324,,,333,298,,,271,41,335,73,272,25,44,44,88,139,60,64,39,38,38,23,19,85,135,94,30,231,251,292,,340,,,b'\x11\xe8\xe1I\xc7<\x18\xd8\xaf\x82\x12\xdf\x17\xaeN\x1e'
11E8E149-C73C-18D8-AF82-12DF17AE4E1E,2015-ncaa-d0-natl,ncaa,282,307,113,293,126,287,297,216,334,309,212,343,162,165,161,142,253,272,125,269,254,227,200,319,313,316,87,98,150,282,313,131,191,203,297,319,292,237,272,327,322,339,270,307,,,58,33,,,337,167,232,76,330,330,272,333,250,169,174,272,295,292,290,267,295,140,251,335,225,336,286,,40,,,333,276,324,303,258,324,301,252,214,217,185,177,23,41,36,36,13,277,210,242,183,288,30,168,8,230,191,300,313,291,297,289,130,313,334,335,248,273,309,324,,,246,246,,,337,195,330,293,332,264,322,332,322,323,219,221,25,40,34,299,172,232,290,287,281,332,238,313,,288,,,b'\x11\xe8\xe1I\xc7<\x18\xd8\xaf\x82\x12\xdf\x17\xaeN\x1e'
11E8E149-C73C-18D8-AF82-12DF17AE4E1E,2015-ncaa-d1-conf-AAC,ncaa,8,9,4,9,4,9,10,9,11,11,8,11,7,7,7,7,7,7,5,7,6,9,9,10,9,9,2,2,1,10,11,3,7,9,10,10,8,9,10,10,11,11,10,10,,,4,4,,,11,5,9,2,10,11,11,11,10,7,8,5,7,7,11,11,10,4,9,10,6,11,10,,4,,,11,11,11,10,9,11,11,9,4,4,2,4,3,4,2,4,3,10,7,9,5,10,1,3,3,9,7,11,11,11,10,11,3,11,11,11,9,10,9,11,,,4,3,,,11,7,10,10,10,11,11,11,11,11,4,4,4,5,4,11,7,10,11,11,9,11,9,8,,7,,,b'\x11\xe8\xe1I\xc7<\x18\xd8\xaf\x82\x12\xdf\x17\xaeN\x1e'
11E8E149-C73C-18D8-AF82-12DF17AE4E1E,2015-ncaa-d1-natl,ncaa,291,305,143,299,157,309,319,254,337,330,241,345,170,176,164,140,268,290,126,287,254,261,249,324,316,320,81,98,143,300,318,164,202,242,302,331,291,226,275,330,332,340,282,310,,,42,34,,,338,211,235,71,335,335,278,337,256,169,173,277,298,295,294,269,300,147,262,337,231,337,292,,42,,,336,257,317,296,271,319,291,260,205,206,192,172,18,32,36,27,13,259,169,250,197,299,28,166,9,210,202,292,318,274,302,284,133,328,335,338,235,279,306,325,,,272,242,,,338,149,333,301,334,273,322,331,323,322,219,220,25,43,35,301,171,235,294,290,284,332,241,318,,289,,,b'\x11\xe8\xe1I\xc7<\x18\xd8\xaf\x82\x12\xdf\x17\xaeN\x1e'
11E8E149-C73C-18D8-AF82-12DF17AE4E1E,2016-ncaa-d0-natl,ncaa,280,293,175,289,230,274,275,142,339,310,221,338,119,81,262,61,305,319,102,320,312,175,202,327,331,311,73,48,260,255,316,248,273,268,337,312,317,108,130,282,255,272,273,295,,,60,39,,,338,174,117,280,298,298,101,321,212,112,63,305,323,323,160,193,254,265,292,331,125,264,274,,63,,,337,291,327,258,325,334,266,339,157,192,93,163,66,65,221,61,36,235,197,308,297,318,18,90,25,234,273,333,316,326,337,310,197,260,291,324,41,59,313,322,,,303,318,,,338,179,326,319,333,305,337,317,341,306,183,222,78,68,67,288,251,263,341,336,321,262,53,323,,315,,,b'\x11\xe8\xe1I\xc7<\x18\xd8\xaf\x82\x12\xdf\x17\xaeN\x1e'
11E8E149-C73C-18D8-AF82-12DF17AE4E1E,2016-ncaa-d1-conf-AAC,ncaa,9,9,8,9,10,11,10,9,10,11,11,11,4,2,6,1,10,11,3,11,8,11,11,9,9,8,1,1,7,11,10,9,11,11,11,11,11,3,5,10,9,9,9,10,,,2,3,,,11,11,10,8,11,10,9,11,11,3,2,10,11,11,10,10,10,9,11,11,5,9,9,,3,,,11,9,11,6,11,11,7,11,4,4,3,6,3,3,5,3,3,6,2,9,7,10,1,3,3,10,11,10,10,11,11,8,6,11,11,10,2,3,8,11,,,11,9,,,11,1,10,11,11,9,11,9,11,11,5,6,3,3,3,9,6,11,11,11,9,11,2,9,,10,,,b'\x11\xe8\xe1I\xc7<\x18\xd8\xaf\x82\x12\xdf\x17\xaeN\x1e'
11E8E149-C73C-18D8-AF82-12DF17AE4E1E,2016-ncaa-d1-natl,ncaa,293,292,218,294,286,304,301,177,343,325,248,340,129,89,264,61,314,327,101,327,314,215,242,331,334,313,64,49,259,277,321,285,281,302,343,331,319,79,136,291,278,286,279,296,,,39,42,,,340,219,120,282,304,305,104,325,216,114,64,304,324,324,168,198,265,270,298,333,126,269,273,,63,,,340,276,321,236,332,327,243,340,142,176,98,165,52,55,227,53,36,204,152,316,307,320,18,88,24,213,281,326,321,312,343,305,202,282,297,328,33,59,309,329,,,324,318,,,340,136,327,325,336,309,338,317,342,307,187,218,85,72,69,288,250,265,342,338,322,266,58,324,,316,,,b'\x11\xe8\xe1I\xc7<\x18\xd8\xaf\x82\x12\xdf\x17\xaeN\x1e'
11E8E149-C73C-18D8-AF82-12DF17AE4E1E,2017-ncaa-d0-natl,ncaa,169,126,234,160,263,229,238,198,271,213,151,287,225,227,193,220,173,223,60,214,254,206,230,277,260,224,190,206,107,207,219,249,171,237,223,240,222,85,124,199,117,84,151,142,,,89,121,,,205,235,135,178,198,222,131,183,99,203,208,139,196,185,134,157,177,208,199,225,140,86,124,,142,,,206,96,134,124,182,163,172,162,104,80,183,124,94,78,246,70,86,100,110,163,160,157,89,125,137,89,171,190,219,150,223,184,240,181,147,194,47,77,250,242,,,203,155,,,205,118,225,138,206,177,203,203,226,244,135,123,120,113,110,178,198,150,251,225,241,130,82,282,,144,,,b'\x11\xe8\xe1I\xc7<\x18\xd8\xaf\x82\x12\xdf\x17\xaeN\x1e'
11E8E149-C73C-18D8-AF82-12DF17AE4E1E,2017-ncaa-d1-conf-AAC,ncaa,6,5,8,6,9,7,8,9,7,8,7,8,7,7,7,8,3,5,2,5,5,8,9,8,6,6,5,8,2,9,10,9,8,8,8,9,8,4,5,7,4,4,5,5,,,7,8,,,8,9,3,2,4,7,6,6,4,7,7,2,4,4,4,6,9,7,8,7,5,4,5,,7,,,8,7,7,5,8,7,5,10,5,5,5,5,7,7,10,7,7,4,4,8,8,8,5,4,7,3,8,6,10,6,8,7,6,8,9,9,3,6,11,11,,,7,3,,,8,3,7,8,7,8,8,8,9,7,8,7,7,7,7,8,9,5,8,8,9,7,6,11,,3,,,b'\x11\xe8\xe1I\xc7<\x18\xd8\xaf\x82\x12\xdf\x17\xaeN\x1e'
11E8E149-C73C-18D8-AF82-12DF17AE4E1E,2017-ncaa-d1-natl,ncaa,157,126,217,152,266,223,229,197,250,203,153,282,221,234,168,222,161,226,58,223,257,209,232,259,245,217,195,205,109,217,237,236,172,244,230,227,207,97,130,185,114,89,148,140,,,97,125,,,194,230,127,178,187,208,133,177,98,199,210,135,204,188,140,155,200,195,214,209,149,87,122,,144,,,194,106,135,143,167,163,172,164,114,112,147,148,89,73,228,70,88,117,125,157,152,144,95,145,130,103,172,197,237,163,230,191,220,177,154,183,53,79,250,232,,,198,157,,,194,131,215,134,189,174,202,215,225,238,143,157,115,109,106,186,208,152,247,225,225,133,81,275,,146,,,b'\x11\xe8\xe1I\xc7<\x18\xd8\xaf\x82\x12\xdf\x17\xaeN\x1e'
11E8E149-C73C-18D8-AF82-12DF17AE4E1E,2018-ncaa-d0-natl,ncaa,118,112,117,121,139,134,135,143,133,114,147,106,184,158,242,161,146,188,82,201,224,152,140,146,136,137,229,213,170,206,208,76,40,106,86,96,84,189,180,123,177,186,180,193,,,63,45,,,118,134,130,217,145,142,151,115,162,193,169,155,193,211,165,169,224,65,111,96,179,191,196,,47,,,120,144,189,234,97,147,174,139,243,287,111,299,29,19,288,20,37,195,185,116,91,122,182,274,42,84,40,178,208,131,86,242,259,182,188,227,76,74,260,240,,,216,239,,,118,213,159,96,124,119,166,231,131,138,238,289,30,24,23,161,139,73,149,112,224,200,79,248,,234,,,b'\x11\xe8\xe1I\xc7<\x18\xd8\xaf\x82\x12\xdf\x17\xaeN\x1e'
11E8E149-C73C-18D8-AF82-12DF17AE4E1E,2018-ncaa-d1-conf-AAC,ncaa,4,4,3,4,4,5,7,4,7,5,5,6,6,6,9,5,6,9,4,9,8,6,6,8,7,6,7,8,6,8,7,3,3,4,6,5,6,5,5,5,8,9,4,5,,,4,4,,,5,7,5,4,6,7,5,5,6,6,6,7,9,9,6,6,8,3,4,5,5,10,4,,4,,,5,7,5,10,5,5,7,6,8,10,6,8,4,4,10,4,4,8,5,5,5,5,8,7,5,2,3,7,7,7,6,7,6,7,8,8,2,3,10,6,,,9,9,,,5,7,6,5,5,5,5,9,6,7,9,9,4,4,4,6,5,3,7,5,6,8,3,10,,8,,,b'\x11\xe8\xe1I\xc7<\x18\xd8\xaf\x82\x12\xdf\x17\xaeN\x1e'
11E8E149-C73C-18D8-AF82-12DF17AE4E1E,2018-ncaa-d1-natl,ncaa,106,111,97,114,119,124,124,129,131,110,143,107,182,149,235,161,143,180,91,187,219,133,127,142,132,139,221,203,171,209,208,69,45,98,94,94,84,206,179,126,186,192,174,180,,,56,40,,,124,109,130,223,141,139,154,116,159,191,168,157,187,203,172,164,230,61,110,98,181,193,187,,45,,,125,154,192,262,85,142,173,124,274,305,117,310,32,20,300,20,34,227,210,110,83,112,210,296,40,97,45,187,208,145,94,254,261,175,196,230,70,67,259,232,,,208,228,,,124,238,158,95,124,123,165,238,113,139,258,300,31,21,19,169,154,88,155,124,224,199,74,246,,222,,,b'\x11\xe8\xe1I\xc7<\x18\xd8\xaf\x82\x12\xdf\x17\xaeN\x1e'
11E8E149-C73C-18D8-AF82-12DF17AE4E1E,2019-ncaa-d0-natl,ncaa,41,73,14,65,21,48,36,30,67,16,11,100,222,235,160,303,99,88,197,90,303,34,39,116,129,100,326,303,232,60,120,58,153,55,121,24,78,167,59,39,104,182,81,132,,,282,159,,,67,39,230,241,116,71,114,25,40,280,303,189,184,190,134,210,148,174,158,55,57,194,141,,147,,,73,260,260,294,107,285,306,138,133,223,36,120,267,299,48,299,216,306,316,83,77,71,103,78,227,285,153,288,120,301,121,236,178,49,122,110,42,17,68,13,,,76,217,,,67,317,94,69,73,70,85,90,131,151,51,90,158,205,211,95,118,144,98,102,114,134,14,31,,228,,,b'\x11\xe8\xe1I\xc7<\x18\xd8\xaf\x82\x12\xdf\x17\xaeN\x1e'
11E8E149-C73C-18D8-AF82-12DF17AE4E1E,2019-ncaa-d1-conf-AAC,ncaa,3,3,4,3,7,2,2,5,2,3,3,2,4,10,2,9,5,8,5,8,9,5,8,2,2,2,10,9,10,10,5,5,5,9,4,2,3,2,2,2,6,8,3,4,,,3,5,,,2,7,9,12,2,2,4,2,4,4,10,5,8,8,5,10,9,6,8,2,2,9,4,,3,,,2,4,5,5,5,6,5,6,3,5,1,5,7,8,8,8,7,6,8,3,4,5,6,3,9,6,5,4,5,5,4,3,5,4,6,4,1,2,1,1,,,10,9,,,2,6,2,5,2,4,4,3,6,5,3,5,7,8,8,5,4,7,2,4,4,6,1,1,,10,,,b'\x11\xe8\xe1I\xc7<\x18\xd8\xaf\x82\x12\xdf\x17\xaeN\x1e'
11E8E149-C73C-18D8-AF82-12DF17AE4E1E,2019-ncaa-d1-natl,ncaa,39,73,11,66,17,52,34,32,68,16,12,95,236,252,167,309,100,96,213,97,298,31,38,116,129,104,331,309,235,65,128,47,151,46,120,28,90,181,69,49,109,187,79,131,,,286,156,,,71,32,231,242,124,81,134,27,40,292,314,196,185,189,150,217,158,179,169,68,66,197,136,,137,,,81,266,265,305,110,296,314,143,127,233,34,117,261,289,62,288,198,320,321,79,76,71,93,72,212,280,151,289,128,304,120,246,177,63,134,129,49,19,58,10,,,71,204,,,71,319,100,77,76,76,94,99,146,168,49,94,152,195,198,101,116,138,95,95,121,154,22,25,,220,,,b'\x11\xe8\xe1I\xc7<\x18\xd8\xaf\x82\x12\xdf\x17\xaeN\x1e'
11E8E149-C73C-18D8-AF82-12DF17AE4E1E,2020-ncaa-d0-natl,ncaa,39,67,8,65,15,36,17,12,59,6,6,87,299,317,223,336,88,120,90,122,322,14,30,116,119,81,342,336,225,61,97,137,300,81,190,13,31,96,33,16,107,157,37,71,,,225,83,,,66,30,160,248,75,33,53,8,11,326,329,153,191,195,72,141,112,257,197,18,36,153,53,,126,,,73,252,281,306,131,294,326,117,134,153,124,74,192,204,121,220,106,312,335,99,91,73,77,99,142,332,300,235,97,308,190,288,234,45,114,143,108,52,332,197,,,191,299,,,66,329,66,106,66,125,172,203,220,271,91,86,131,139,146,194,239,294,103,197,225,101,56,319,,281,,,b'\x11\xe8\xe1I\xc7<\x18\xd8\xaf\x82\x12\xdf\x17\xaeN\x1e'
11E8E149-C73C-18D8-AF82-12DF17AE4E1E,2020-ncaa-d1-conf-AAC,ncaa,2,2,1,2,1,2,2,1,2,1,1,2,8,10,5,11,2,2,5,2,10,1,1,2,2,2,11,11,7,7,10,5,10,6,9,2,3,2,1,2,8,8,2,3,,,8,5,,,3,1,3,6,2,2,2,1,2,8,10,3,3,3,1,6,9,8,9,2,2,8,2,,6,,,4,10,11,11,6,12,12,7,4,4,3,2,8,8,12,8,4,12,12,5,5,7,3,2,8,12,10,9,10,12,9,7,4,4,7,7,4,3,9,5,,,6,10,,,3,12,2,7,4,8,9,9,10,12,3,2,8,6,6,10,11,10,5,9,6,6,3,9,,11,,,b'\x11\xe8\xe1I\xc7<\x18\xd8\xaf\x82\x12\xdf\x17\xaeN\x1e'
11E8E149-C73C-18D8-AF82-12DF17AE4E1E,2020-ncaa-d1-natl,ncaa,47,67,12,68,25,49,24,23,66,6,6,94,306,321,226,336,104,145,90,146,320,28,45,125,124,87,342,336,219,76,103,167,307,103,200,16,32,69,33,17,131,171,45,73,,,193,87,,,80,52,163,246,84,38,60,9,12,329,330,155,194,196,76,147,117,263,206,19,37,163,54,,126,,,86,237,262,291,139,283,317,124,124,136,129,69,171,182,123,202,106,297,323,108,98,82,71,93,145,322,307,203,103,286,200,273,234,63,121,154,89,50,330,205,,,222,296,,,80,307,70,118,75,139,181,210,228,271,93,82,135,141,152,197,239,296,105,201,227,110,53,319,,282,,,b'\x11\xe8\xe1I\xc7<\x18\xd8\xaf\x82\x12\xdf\x17\xaeN\x1e'
11E8E149-C73C-18D8-AF82-12DF17AE4E1E,2021-ncaa-d0-natl,ncaa,205,296,89,243,96,145,136,154,118,85,95,99,245,223,294,282,118,117,146,116,169,152,122,176,159,216,293,310,91,130,129,134,297,136,188,60,11,315,299,148,110,164,28,36,,,284,262,,,244,125,211,77,232,201,281,98,152,312,299,134,148,147,254,205,193,227,227,50,288,153,31,,258,,,226,240,239,248,155,261,271,137,158,171,129,63,282,299,60,296,240,250,239,126,129,164,108,66,258,308,297,162,129,227,188,285,282,148,230,261,329,309,294,242,,,199,306,,,244,219,222,214,223,187,176,193,231,258,90,88,261,278,281,229,213,289,48,137,250,220,306,265,,307,,,b'\x11\xe8\xe1I\xc7<\x18\xd8\xaf\x82\x12\xdf\x17\xaeN\x1e'
11E8E149-C73C-18D8-AF82-12DF17AE4E1E,2021-ncaa-d1-conf-AAC,ncaa,6,10,1,7,1,3,3,5,3,2,1,2,6,7,7,8,2,3,1,3,6,4,3,2,2,3,8,9,4,5,9,3,9,4,8,1,1,11,8,5,7,8,1,1,,,11,8,,,8,3,9,4,7,7,10,5,9,9,9,4,6,6,10,8,11,8,9,1,8,8,1,,8,,,7,11,11,10,7,11,11,6,9,10,7,6,10,10,1,10,8,11,10,8,7,8,6,5,5,10,9,6,9,8,8,11,8,7,9,9,11,9,11,9,,,6,10,,,8,9,5,8,7,8,8,7,7,9,5,6,8,8,8,8,4,7,3,4,9,8,8,8,,11,,,b'\x11\xe8\xe1I\xc7<\x18\xd8\xaf\x82\x12\xdf\x17\xaeN\x1e'
11E8E149-C73C-18D8-AF82-12DF17AE4E1E,2021-ncaa-d1-natl,ncaa,217,294,105,251,113,160,151,171,123,92,107,105,254,232,296,279,125,129,146,127,169,165,135,185,163,219,296,309,91,148,134,153,298,150,193,63,12,308,301,151,125,169,29,38,,,275,264,,,252,138,215,72,239,208,286,103,153,315,299,136,153,152,257,206,196,232,234,52,290,160,31,,259,,,234,228,223,230,165,255,262,152,149,155,129,62,270,293,59,289,243,238,225,129,137,177,106,64,256,299,298,147,134,209,193,280,287,163,241,269,325,313,289,245,,,212,306,,,252,203,231,228,236,195,183,193,238,258,90,88,263,285,286,232,213,292,49,137,256,228,309,269,,308,,,b'\x11\xe8\xe1I\xc7<\x18\xd8\xaf\x82\x12\xdf\x17\xaeN\x1e'
11E8E149-C73C-18D8-AF82-12DF17AE4E1E,2022-ncaa-d0-natl,ncaa,233,233,216,241,227,250,265,241,283,237,173,313,267,271,216,263,151,163,128,162,166,232,214,291,269,282,187,248,63,214,215,238,347,243,309,120,7,256,273,168,146,173,43,31,,,310,308,,,274,206,112,98,256,280,229,227,126,263,269,111,131,131,209,142,196,228,231,75,283,125,21,,331,,,274,167,119,174,96,146,226,78,103,96,155,64,308,319,120,322,289,209,212,86,118,113,210,95,322,344,347,165,215,266,309,252,324,148,168,212,296,305,337,344,,,242,242,,,274,158,287,192,273,221,168,245,193,297,120,112,329,331,331,300,318,350,227,318,289,107,313,350,,216,,,b'\x11\xe8\xe1I\xc7<\x18\xd8\xaf\x82\x12\xdf\x17\xaeN\x1e'
11E8E149-C73C-18D8-AF82-12DF17AE4E1E,2022-ncaa-d1-conf-AAC,ncaa,10,9,8,10,10,9,11,10,10,10,10,10,5,6,4,4,8,8,4,8,5,10,9,6,5,7,3,2,5,10,10,9,11,10,10,6,1,5,9,6,5,6,2,3,,,10,11,,,11,9,2,9,9,11,9,11,8,4,5,5,8,8,11,7,10,9,10,5,9,6,1,,11,,,11,7,5,5,8,5,6,8,4,7,2,6,10,10,7,10,11,5,6,6,8,8,6,5,10,11,11,9,10,10,10,6,5,5,6,6,10,11,9,11,,,8,8,,,11,3,10,9,11,10,9,8,7,7,6,7,11,11,11,11,11,11,8,10,9,4,11,10,,8,,,b'\x11\xe8\xe1I\xc7<\x18\xd8\xaf\x82\x12\xdf\x17\xaeN\x1e'
11E8E149-C73C-18D8-AF82-12DF17AE4E1E,2022-ncaa-d1-natl,ncaa,247,233,270,249,274,285,302,281,298,269,204,317,279,287,219,264,173,191,129,189,167,274,262,301,281,295,185,248,59,240,222,276,349,286,321,151,7,233,288,180,178,185,48,33,,,297,316,,,285,258,120,94,275,299,240,239,134,267,272,116,136,135,224,150,210,243,249,90,284,141,21,,333,,,286,136,93,134,106,129,189,89,90,76,169,63,302,311,126,313,292,159,163,97,132,134,208,92,319,342,349,122,222,241,321,235,324,187,182,224,282,312,335,346,,,277,239,,,285,103,297,218,286,237,179,248,200,298,124,113,331,332,332,305,316,352,235,325,298,123,314,350,,215,,,b'\x11\xe8\xe1I\xc7<\x18\xd8\xaf\x82\x12\xdf\x17\xaeN\x1e'
11E8E149-C73C-18D8-AF82-12DF17AE4E1E,2023-ncaa-d0-natl,ncaa,281,301,164,295,175,244,250,190,297,202,90,328,288,317,188,321,155,131,245,126,187,170,140,307,299,303,244,286,73,66,40,262,301,162,165,223,157,283,269,269,171,147,29,22,,,307,334,,,239,194,217,58,273,268,189,208,66,292,316,143,122,116,156,103,46,292,147,234,295,159,23,,322,,,238,143,74,97,152,139,195,108,52,38,184,27,310,330,69,332,316,151,162,115,148,129,188,44,343,266,301,92,40,158,165,111,174,156,134,102,284,264,343,329,,,264,314,,,239,143,274,174,253,157,94,72,161,225,45,35,315,334,336,165,187,283,105,184,124,140,290,352,,274,,,b'\x11\xe8\xe1I\xc7<\x18\xd8\xaf\x82\x12\xdf\x17\xaeN\x1e'
11E8E149-C73C-18D8-AF82-12DF17AE4E1E,2023-ncaa-d1-conf-AAC,ncaa,11,11,5,11,5,11,10,7,10,9,6,10,9,9,8,8,10,8,6,8,9,9,7,10,10,10,8,7,5,6,6,11,7,10,8,9,4,10,10,9,9,6,3,2,,,10,11,,,11,8,9,4,11,10,7,9,6,8,8,8,7,7,9,6,6,11,10,9,10,8,3,,11,,,11,8,5,2,11,5,3,10,4,2,11,2,11,11,5,11,11,4,4,10,11,10,11,3,11,5,7,5,6,4,8,2,2,6,5,5,9,9,9,10,,,11,11,,,11,3,11,10,11,9,6,2,7,6,5,2,11,11,11,6,4,5,5,6,3,5,8,10,,11,,,b'\x11\xe8\xe1I\xc7<\x18\xd8\xaf\x82\x12\xdf\x17\xaeN\x1e'
11E8E149-C73C-18D8-AF82-12DF17AE4E1E,2023-ncaa-d1-natl,ncaa,299,301,219,302,230,286,288,244,309,234,113,334,304,326,187,323,176,150,247,144,183,226,199,313,305,312,244,286,67,81,44,300,319,206,177,257,167,262,272,284,202,161,32,23,,,290,336,,,264,255,224,50,282,284,204,220,69,301,319,141,121,112,176,113,52,295,159,247,298,171,23,,326,,,265,99,59,53,172,111,150,116,40,26,201,27,298,324,77,326,322,107,106,130,168,155,191,44,344,246,319,63,44,114,177,94,179,187,144,123,266,273,340,332,,,291,310,,,264,83,283,197,279,174,101,73,166,225,51,34,321,338,339,172,190,287,111,194,138,146,293,353,,275,,,b'\x11\xe8\xe1I\xc7<\x18\xd8\xaf\x82\x12\xdf\x17\xaeN\x1e'
11E8E149-C73C-18D8-AF82-12DF17AE4E1E,2024-ncaa-d0-natl,ncaa,189,228,94,214,141,168,228,126,332,194,76,345,268,248,274,299,11,11,143,11,38,96,85,336,298,277,123,284,2,19,23,125,113,60,45,309,344,267,167,328,221,252,109,89,,,280,279,,,237,119,158,348,215,302,169,249,90,283,275,9,16,16,86,85,19,153,44,346,210,254,127,,246,,,231,251,216,219,185,163,103,287,275,323,57,323,290,275,250,279,306,239,220,200,227,254,299,244,260,141,113,182,23,160,45,268,280,192,223,254,112,74,320,262,,,24,37,,,237,233,229,231,238,203,162,158,121,34,252,324,258,240,241,180,149,105,124,107,237,234,92,317,,28,,,b'\x11\xe8\xe1I\xc7<\x18\xd8\xaf\x82\x12\xdf\x17\xaeN\x1e'
11E8E149-C73C-18D8-AF82-12DF17AE4E1E,2024-ncaa-d1-conf-Big 12,ncaa,10,11,2,11,5,9,13,5,14,11,2,14,11,11,13,11,2,2,10,2,2,3,4,14,14,14,5,11,1,1,2,8,6,4,5,14,13,10,8,14,7,8,8,6,,,14,14,,,11,6,8,7,13,14,5,11,2,11,11,2,1,1,2,3,1,9,3,14,10,8,8,,13,,,11,13,7,8,11,6,1,11,13,13,4,13,14,14,9,14,14,11,8,11,11,10,13,11,12,8,6,10,2,8,5,12,14,10,9,11,4,3,14,13,,,2,5,,,11,9,13,9,13,10,4,5,3,1,12,12,12,13,14,8,5,6,9,6,12,10,4,14,,2,,,b'\x11\xe8\xe1I\xc7<\x18\xd8\xaf\x82\x12\xdf\x17\xaeN\x1e'
11E8E149-C73C-18D8-AF82-12DF17AE4E1E,2024-ncaa-d1-natl,ncaa,218,230,130,229,190,213,273,162,343,241,103,351,287,269,282,302,13,18,142,18,37,125,110,347,311,294,117,289,1,25,26,154,126,83,56,339,350,233,179,335,254,264,122,90,,,264,286,,,256,164,171,350,237,319,188,268,99,288,280,8,15,15,98,90,23,171,53,353,214,265,130,,254,,,255,239,192,183,206,141,73,300,263,314,64,329,271,257,257,259,310,203,177,222,245,269,299,243,261,120,126,152,26,128,56,258,287,232,236,267,94,78,315,273,,,42,36,,,256,189,244,254,259,219,177,164,135,35,259,322,269,245,249,187,143,109,137,116,254,247,97,324,,27,,,b'\x11\xe8\xe1I\xc7<\x18\xd8\xaf\x82\x12\xdf\x17\xaeN\x1e'
11E8E149-C73C-18D8-AF82-12DF17AE4E1E,2025-ncaa-d0-natl,genius_ncaa,171,130,248,151,270,202,260,191,309,212,131,304,303,281,325,304,21,19,157,22,17,154,213,327,281,183,159,321,2,98,85,294,132,217,148,285,280,13,21,145,228,191,142,72,,,115,224,,37,184,258,201,176,148,240,113,173,78,303,268,3,3,3,45,111,51,274,154,282,28,195,116,,183,,55,184,133,111,62,275,31,21,196,320,218,361,318,140,133,189,134,272,56,68,336,333,280,348,347,163,31,132,151,85,93,148,274,348,178,100,242,38,61,186,156,,,34,3,,23,184,94,146,248,189,222,181,93,61,36,343,275,183,182,182,91,113,63,236,160,325,126,81,238,,4,,15,b'\x11\xe8\xe1I\xc7<\x18\xd8\xaf\x82\x12\xdf\x17\xaeN\x1e'
11E8E149-C73C-18D8-AF82-12DF17AE4E1E,2025-ncaa-d1-conf-Big 12,genius_ncaa,10,10,11,10,13,15,15,9,15,13,4,15,15,12,16,14,2,1,15,1,4,6,10,16,15,14,9,15,1,2,8,15,14,12,12,14,14,1,2,12,13,12,9,8,,,7,9,,1,13,12,9,4,14,14,5,13,4,15,11,2,1,1,2,3,1,13,8,14,3,13,9,,10,,2,13,11,11,4,13,5,4,11,12,11,16,12,10,10,12,10,12,5,3,13,15,13,13,13,8,8,14,13,8,12,12,14,14,10,7,12,4,4,8,5,,,2,3,,1,13,4,14,13,13,12,13,8,7,6,12,11,11,11,11,10,9,12,14,14,14,7,7,9,,1,,1,b'\x11\xe8\xe1I\xc7<\x18\xd8\xaf\x82\x12\xdf\x17\xaeN\x1e'
11E8E149-C73C-18D8-AF82-12DF17AE4E1E,2025-ncaa-d1-natl,genius_ncaa,184,130,304,161,319,239,300,242,317,244,160,318,317,292,327,303,27,24,155,26,19,191,270,335,292,194,149,320,1,126,93,319,135,261,165,315,286,10,25,152,265,204,161,72,,,94,234,,28,203,310,207,169,164,263,119,186,83,307,272,4,3,3,48,119,53,284,173,295,28,208,124,,186,,55,208,107,78,36,288,23,11,207,311,196,362,315,125,114,196,116,275,33,27,340,340,301,347,347,157,24,135,118,93,60,165,261,347,213,109,264,30,66,171,168,,,44,3,,23,203,44,161,263,213,234,195,95,66,35,345,278,190,185,187,95,110,68,244,166,330,139,85,245,,4,,15,b'\x11\xe8\xe1I\xc7<\x18\xd8\xaf\x82\x12\xdf\x17\xaeN\x1e'
11E8E149-C73C-18D8-AF82-12DF17AE4E1E,2026-ncaa-d0-natl,genius_ncaa,212,250,116,241,120,100,99,96,133,87,57,184,167,207,114,298,73,76,146,72,176,91,109,153,147,121,250,274,118,39,16,156,197,107,74,115,204,138,68,103,217,268,117,157,,,223,200,,245,136,136,140,41,64,65,40,50,20,201,247,59,64,57,31,48,18,191,72,105,100,240,124,,207,,232,139,269,288,233,272,291,256,239,247,197,275,135,208,240,113,241,181,237,213,267,255,269,133,167,126,210,197,149,16,165,74,326,331,193,242,312,126,79,219,113,,,128,221,,127,136,219,82,259,157,266,275,243,280,263,219,148,193,211,222,254,222,191,86,109,331,231,103,197,,145,,146,b'\x11\xe8\xe1I\xc7<\x18\xd8\xaf\x82\x12\xdf\x17\xaeN\x1e'
11E8E149-C73C-18D8-AF82-12DF17AE4E1E,2026-ncaa-d1-natl,genius_ncaa,203,249,85,236,89,64,67,57,127,51,30,188,157,219,90,307,66,66,167,59,195,52,63,144,147,109,264,273,137,23,22,125,179,59,58,79,188,154,65,84,239,298,82,110,,,235,192,,279,144,98,132,47,58,52,35,43,17,196,264,72,72,68,30,44,27,161,55,91,97,279,82,,193,,263,148,307,322,279,276,310,278,247,290,246,300,165,203,235,103,238,166,286,254,282,270,289,149,215,104,234,179,159,22,186,58,341,330,201,276,325,129,63,208,91,,,104,228,,112,144,257,75,284,160,288,303,265,287,270,271,198,169,201,202,275,225,185,85,111,336,257,88,177,,149,,142,b'\x11\xe8\xe1I\xc7<\x18\xd8\xaf\x82\x12\xdf\x17\xaeN\x1e'
11E8E149-C740-7EFA-AF82-12DF17AE4E1E,2010-ncaa-d0-natl,ncaa,197,224,122,217,126,159,125,74,237,88,55,215,226,191,291,243,218,179,286,170,296,79,63,263,286,270,291,255,249,61,113,179,244,116,210,83,76,296,219,171,47,65,28,48,,,266,198,,,261,70,44,17,160,107,34,75,35,242,204,240,191,185,48,22,45,211,107,64,280,44,27,,262,,,257,294,265,204,275,309,297,226,44,27,270,9,330,325,239,323,254,253,264,228,269,220,76,16,299,238,244,290,113,289,210,124,32,64,108,53,318,269,250,170,,,223,330,,,261,267,251,210,257,293,269,197,316,321,38,18,323,319,320,269,302,240,288,279,112,63,311,252,,254,,,b'\x11\xe8\xe1I\xc7@~\xfa\xaf\x82\x12\xdf\x17\xaeN\x1e'
11E8E149-C740-7EFA-AF82-12DF17AE4E1E,2010-ncaa-d1-conf-ACC,ncaa,10,10,7,10,10,11,11,11,10,10,7,11,9,9,10,8,12,12,6,12,12,11,11,12,12,12,10,10,10,11,12,12,8,12,11,7,4,5,10,8,5,2,3,4,,,2,4,,,12,11,5,5,11,9,6,8,6,9,9,12,11,11,8,7,10,12,12,6,8,3,3,,4,,,12,7,6,1,12,8,8,10,1,1,11,1,10,7,11,7,8,1,2,12,12,11,3,1,10,4,8,9,12,8,11,2,2,6,6,4,10,11,6,6,,,12,12,,,12,2,12,9,12,9,9,4,10,9,1,1,11,9,9,5,8,5,11,10,5,6,12,7,,11,,,b'\x11\xe8\xe1I\xc7@~\xfa\xaf\x82\x12\xdf\x17\xaeN\x1e'
11E8E149-C740-7EFA-AF82-12DF17AE4E1E,2010-ncaa-d1-natl,ncaa,206,223,134,223,138,171,136,77,241,96,59,220,238,202,292,244,228,185,285,177,295,86,71,271,289,273,289,257,249,65,116,201,252,130,218,89,78,284,221,174,50,69,29,47,,,255,198,,,268,78,48,18,166,113,36,76,35,243,207,242,190,184,48,25,47,215,111,68,282,44,28,,262,,,262,288,262,193,281,307,293,230,38,22,273,9,326,322,242,319,255,241,255,234,273,228,71,17,302,228,252,281,116,277,218,110,32,72,116,60,314,271,244,175,,,237,332,,,268,256,257,220,267,297,275,201,321,321,38,17,323,319,320,270,302,241,290,282,113,65,313,257,,255,,,b'\x11\xe8\xe1I\xc7@~\xfa\xaf\x82\x12\xdf\x17\xaeN\x1e'
11E8E149-C740-7EFA-AF82-12DF17AE4E1E,2011-ncaa-d0-natl,ncaa,262,264,242,266,264,255,222,223,203,254,259,224,94,118,93,69,334,331,319,329,323,261,194,172,218,270,124,37,338,150,101,222,315,188,219,158,65,309,322,250,249,266,62,70,,,46,32,,,304,218,92,166,238,188,152,245,239,70,75,337,329,330,222,96,106,152,101,119,325,232,36,,72,,,304,233,253,246,226,247,239,210,213,197,242,180,117,157,39,158,127,231,186,220,185,245,118,201,87,308,315,85,101,194,219,217,156,262,278,279,289,302,217,273,,,331,341,,,304,137,267,290,297,299,309,319,298,308,265,257,155,202,204,315,302,331,149,278,273,232,307,250,,337,,,b'\x11\xe8\xe1I\xc7@~\xfa\xaf\x82\x12\xdf\x17\xaeN\x1e'
11E8E149-C740-7EFA-AF82-12DF17AE4E1E,2011-ncaa-d1-conf-ACC,ncaa,11,11,9,11,10,11,11,11,10,12,12,10,4,4,4,1,12,12,11,12,10,11,11,9,10,11,2,1,12,9,7,10,11,11,8,10,4,11,12,11,10,10,4,4,,,1,1,,,11,11,6,5,11,11,11,12,12,2,2,12,12,12,11,10,8,7,7,10,12,10,4,,2,,,11,8,8,9,6,6,7,7,11,10,11,10,6,7,1,7,10,9,4,10,7,11,9,10,5,11,11,6,7,7,8,9,6,11,11,11,12,12,7,12,,,12,11,,,11,3,11,11,11,11,11,10,9,9,11,11,9,10,10,11,9,12,8,11,12,11,12,7,,11,,,b'\x11\xe8\xe1I\xc7@~\xfa\xaf\x82\x12\xdf\x17\xaeN\x1e'
11E8E149-C740-7EFA-AF82-12DF17AE4E1E,2011-ncaa-d1-natl,ncaa,258,262,199,263,238,253,219,206,212,257,248,238,94,119,87,75,334,327,309,327,315,249,177,178,228,269,116,40,334,132,96,215,318,176,224,148,60,317,322,248,239,258,57,58,,,64,46,,,304,193,97,168,241,197,157,254,237,76,81,337,327,328,226,102,109,177,112,125,322,219,34,,93,,,300,243,264,255,226,246,248,208,229,200,251,180,145,178,33,178,142,248,208,225,187,233,137,205,93,316,318,97,96,226,224,233,166,247,276,271,304,299,214,264,,,326,338,,,304,161,263,290,298,293,304,315,289,303,267,242,164,220,223,310,296,330,145,279,267,226,305,236,,332,,,b'\x11\xe8\xe1I\xc7@~\xfa\xaf\x82\x12\xdf\x17\xaeN\x1e'
11E8E149-C740-7EFA-AF82-12DF17AE4E1E,2012-ncaa-d0-natl,ncaa,305,288,292,306,301,313,290,297,237,216,204,253,317,316,285,290,320,302,335,300,294,303,273,277,302,320,320,291,262,227,170,250,325,248,268,209,46,296,328,275,237,241,22,9,,,162,216,,,303,279,122,163,305,255,234,150,113,310,301,313,265,265,256,145,169,139,153,139,331,202,5,,275,,,307,112,111,127,137,87,95,147,196,214,162,232,126,233,1,228,281,146,135,157,115,142,235,247,163,316,325,68,170,195,268,249,321,223,204,261,329,332,262,279,,,294,261,,,303,67,318,228,307,237,218,285,200,230,256,282,211,297,293,304,302,338,182,314,298,139,335,305,,247,,,b'\x11\xe8\xe1I\xc7@~\xfa\xaf\x82\x12\xdf\x17\xaeN\x1e'
11E8E149-C740-7EFA-AF82-12DF17AE4E1E,2012-ncaa-d1-conf-ACC,ncaa,11,11,7,11,7,12,12,12,11,10,11,10,12,10,12,7,11,10,10,10,11,12,10,11,11,12,10,9,7,11,11,9,12,10,10,11,2,12,12,12,8,9,4,2,,,6,7,,,11,9,7,3,12,12,12,10,11,12,9,11,10,10,12,9,11,7,9,10,12,8,3,,8,,,11,7,5,6,5,4,5,5,11,12,9,11,8,10,1,10,11,7,7,5,5,8,11,12,9,12,12,6,11,10,10,11,12,9,9,11,12,12,6,8,,,10,9,,,11,4,12,10,11,10,9,10,5,5,11,12,9,11,11,11,12,12,7,12,11,9,12,7,,10,,,b'\x11\xe8\xe1I\xc7@~\xfa\xaf\x82\x12\xdf\x17\xaeN\x1e'
11E8E149-C740-7EFA-AF82-12DF17AE4E1E,2012-ncaa-d1-natl,ncaa,311,288,325,312,331,326,309,324,248,249,231,259,320,321,283,289,326,308,336,308,296,323,303,282,306,325,320,288,260,244,176,274,329,276,277,233,48,289,331,277,254,245,22,9,,,141,219,,,306,304,124,160,308,265,242,156,118,310,300,316,269,267,262,150,178,142,157,151,329,209,5,,277,,,312,93,85,101,141,71,73,154,182,197,167,231,115,219,1,214,281,116,99,166,121,148,236,245,159,311,329,46,176,173,277,241,321,250,210,265,326,333,256,284,,,309,265,,,306,38,321,236,310,239,224,286,207,236,255,280,211,299,297,307,303,338,184,318,300,149,336,304,,249,,,b'\x11\xe8\xe1I\xc7@~\xfa\xaf\x82\x12\xdf\x17\xaeN\x1e'
11E8E149-C740-7EFA-AF82-12DF17AE4E1E,2013-ncaa-d0-natl,ncaa,273,284,183,283,218,279,261,266,241,173,133,245,331,329,323,322,219,196,271,176,212,255,219,291,294,308,322,328,100,247,233,254,321,269,296,249,184,280,308,297,171,177,44,40,,,180,177,,,302,197,161,179,299,270,270,160,102,332,327,217,185,169,267,200,239,260,266,256,290,166,30,,219,,,298,178,182,179,186,192,169,207,164,192,119,200,161,201,60,197,201,178,182,180,169,168,156,165,168,288,321,138,233,230,296,231,265,158,149,204,287,301,165,140,,,174,132,,,302,146,320,211,300,207,220,217,212,190,184,212,195,227,227,226,233,315,186,267,254,137,297,182,,160,,,b'\x11\xe8\xe1I\xc7@~\xfa\xaf\x82\x12\xdf\x17\xaeN\x1e'
11E8E149-C740-7EFA-AF82-12DF17AE4E1E,2013-ncaa-d1-conf-ACC,ncaa,11,9,9,11,11,11,11,10,11,9,9,11,12,12,10,12,11,11,11,11,11,11,10,11,11,11,12,11,5,11,11,12,12,11,11,10,4,10,12,12,6,5,3,3,,,2,3,,,12,10,10,6,11,11,10,9,8,12,12,11,11,10,11,9,11,12,11,10,12,5,3,,3,,,12,6,6,4,8,5,2,10,11,10,6,10,4,4,7,4,5,3,3,9,9,9,10,11,3,9,12,5,11,6,11,10,11,6,4,9,12,12,7,7,,,11,10,,,12,3,11,10,12,8,8,6,6,2,11,11,5,4,4,4,5,11,9,11,11,5,12,8,,9,,,b'\x11\xe8\xe1I\xc7@~\xfa\xaf\x82\x12\xdf\x17\xaeN\x1e'
11E8E149-C740-7EFA-AF82-12DF17AE4E1E,2013-ncaa-d1-natl,ncaa,281,282,210,287,254,300,280,288,248,192,150,252,332,331,325,322,235,210,270,191,210,276,246,291,298,311,321,328,97,260,236,276,323,291,300,271,191,271,309,299,182,180,49,41,,,164,180,,,308,229,166,172,300,276,275,170,107,332,327,217,185,165,270,201,245,266,270,265,290,173,31,,219,,,306,165,159,163,191,173,137,211,151,185,124,201,154,186,63,182,200,159,161,184,175,178,158,166,168,281,323,120,236,212,300,224,264,171,156,212,280,304,161,143,,,199,132,,,308,114,321,225,306,216,223,218,218,192,185,213,198,228,227,229,233,320,191,267,256,139,299,184,,156,,,b'\x11\xe8\xe1I\xc7@~\xfa\xaf\x82\x12\xdf\x17\xaeN\x1e'
11E8E149-C740-7EFA-AF82-12DF17AE4E1E,2014-ncaa-d0-natl,ncaa,197,246,85,228,98,251,196,242,118,127,133,183,296,321,151,311,294,251,312,250,301,255,239,190,219,243,326,298,272,234,198,279,338,276,305,198,173,195,254,212,190,196,74,65,,,117,118,,,286,232,334,133,314,264,324,157,168,315,329,315,290,291,326,324,265,329,333,239,153,212,87,,72,,,279,194,192,184,195,142,126,192,282,252,253,265,152,138,198,136,178,181,170,217,218,222,270,276,135,323,338,108,198,228,305,231,235,184,202,236,216,259,285,254,,,266,224,,,286,113,255,299,287,139,143,106,108,59,263,239,128,114,112,86,58,313,59,169,191,233,187,271,,317,,,b'\x11\xe8\xe1I\xc7@~\xfa\xaf\x82\x12\xdf\x17\xaeN\x1e'
11E8E149-C740-7EFA-AF82-12DF17AE4E1E,2014-ncaa-d1-conf-ACC,ncaa,12,12,4,12,4,12,12,13,11,8,8,14,15,15,10,15,13,11,11,11,14,13,12,14,13,13,15,15,6,13,12,12,15,13,13,10,6,11,13,12,10,11,5,4,,,8,8,,,14,12,15,2,15,14,14,9,8,15,15,13,12,12,14,14,13,12,14,11,10,11,6,,7,,,14,10,10,8,10,10,7,11,11,10,11,10,9,9,11,9,8,8,5,11,10,11,10,9,8,13,15,9,12,11,13,9,9,11,12,12,10,14,14,11,,,11,6,,,14,4,15,13,14,10,10,7,9,6,10,10,9,8,8,7,4,14,8,12,9,12,11,13,,12,,,b'\x11\xe8\xe1I\xc7@~\xfa\xaf\x82\x12\xdf\x17\xaeN\x1e'
11E8E149-C740-7EFA-AF82-12DF17AE4E1E,2014-ncaa-d1-natl,ncaa,211,244,100,232,114,271,219,267,126,144,150,187,302,324,153,309,302,266,315,264,301,278,274,193,225,248,326,297,271,247,203,297,341,294,309,217,179,179,260,223,203,199,82,66,,,104,119,,,292,267,335,131,315,268,326,163,169,314,328,316,292,293,330,325,267,333,335,247,153,215,90,,76,,,283,177,170,163,201,130,105,195,273,245,257,266,141,131,203,131,179,152,138,228,226,232,269,277,135,316,341,87,203,203,309,220,235,208,210,241,209,262,283,261,,,289,225,,,292,79,262,306,296,146,150,107,113,60,263,239,130,116,114,87,58,313,61,174,197,240,188,274,,317,,,b'\x11\xe8\xe1I\xc7@~\xfa\xaf\x82\x12\xdf\x17\xaeN\x1e'
11E8E149-C740-7EFA-AF82-12DF17AE4E1E,2015-ncaa-d0-natl,ncaa,267,279,172,277,220,261,280,255,271,285,281,240,162,135,244,88,187,254,28,255,161,256,253,256,219,233,89,118,95,292,296,326,348,326,346,306,289,173,236,289,163,160,92,77,,,273,289,,,324,233,235,212,276,295,274,298,301,159,115,174,256,259,281,273,291,342,341,323,192,150,77,,300,,,320,289,246,151,301,216,159,249,271,162,345,162,292,299,180,289,287,186,192,314,327,316,284,232,250,333,348,213,296,297,346,252,222,157,168,228,67,114,228,293,,,195,121,,,324,120,272,338,326,307,279,180,246,179,286,182,307,304,299,240,250,347,245,325,275,146,89,241,,178,,,b'\x11\xe8\xe1I\xc7@~\xfa\xaf\x82\x12\xdf\x17\xaeN\x1e'
11E8E149-C740-7EFA-AF82-12DF17AE4E1E,2015-ncaa-d1-conf-ACC,ncaa,15,14,10,15,11,15,15,15,15,14,13,15,12,10,14,7,11,12,1,12,10,14,15,15,14,14,4,8,1,14,15,15,15,15,15,15,13,7,11,15,7,6,12,11,,,12,14,,,15,15,14,3,14,14,13,13,12,11,8,10,12,12,13,14,14,15,15,15,9,6,11,,14,,,15,13,13,3,15,12,7,13,10,3,15,4,12,13,7,12,13,6,4,15,15,15,8,9,12,15,15,12,15,14,15,14,11,11,10,13,2,6,7,11,,,11,6,,,15,1,14,15,15,14,14,7,14,10,11,5,14,15,14,11,10,15,14,15,15,10,3,10,,10,,,b'\x11\xe8\xe1I\xc7@~\xfa\xaf\x82\x12\xdf\x17\xaeN\x1e'
11E8E149-C740-7EFA-AF82-12DF17AE4E1E,2015-ncaa-d1-natl,ncaa,277,279,209,279,264,284,303,287,278,314,310,249,170,143,247,87,202,271,27,274,152,293,294,259,229,240,84,117,93,307,300,341,348,341,346,324,290,144,239,297,182,169,98,79,,,262,290,,,325,277,238,206,282,306,280,308,302,158,116,176,261,264,287,275,295,343,342,330,194,161,80,,301,,,325,273,229,113,306,200,129,254,262,148,345,158,282,290,186,276,289,151,150,321,330,321,282,232,251,327,348,191,300,280,346,237,225,185,175,233,55,114,215,301,,,227,117,,,325,74,277,339,329,310,286,182,256,181,285,182,308,309,301,244,246,346,249,326,278,152,91,244,,180,,,b'\x11\xe8\xe1I\xc7@~\xfa\xaf\x82\x12\xdf\x17\xaeN\x1e'
11E8E149-C740-7EFA-AF82-12DF17AE4E1E,2016-ncaa-d0-natl,ncaa,325,338,175,335,221,327,312,250,323,239,151,317,330,305,337,287,305,253,341,253,279,260,244,335,341,342,317,304,190,192,211,322,333,296,324,309,272,242,276,318,144,120,140,96,,,281,327,,,340,254,251,269,341,326,265,245,133,333,310,305,257,262,277,245,192,343,319,322,252,132,139,,300,,,339,217,132,57,279,77,32,254,265,197,327,259,313,315,177,315,342,106,119,306,322,291,333,265,311,253,333,213,211,234,324,218,282,149,117,195,211,255,161,145,,,320,319,,,340,88,340,312,341,243,160,55,96,25,278,226,312,314,314,108,129,273,235,259,231,134,223,171,,328,,,b'\x11\xe8\xe1I\xc7@~\xfa\xaf\x82\x12\xdf\x17\xaeN\x1e'
11E8E149-C740-7EFA-AF82-12DF17AE4E1E,2016-ncaa-d1-conf-ACC,ncaa,15,15,11,15,13,15,14,12,15,10,6,15,15,15,15,15,14,13,15,13,13,12,12,15,15,15,15,15,9,12,12,15,13,14,15,14,12,9,11,14,8,7,12,10,,,12,14,,,15,13,8,6,15,14,11,9,2,15,15,14,13,13,10,11,10,15,14,14,10,8,11,,15,,,15,14,10,3,15,6,1,15,13,8,15,11,15,14,15,14,15,5,3,15,15,15,14,13,14,7,13,12,12,12,15,12,12,9,7,12,8,12,8,7,,,15,15,,,15,3,15,15,15,14,14,5,9,1,13,11,15,15,15,8,7,9,13,13,14,7,10,11,,14,,,b'\x11\xe8\xe1I\xc7@~\xfa\xaf\x82\x12\xdf\x17\xaeN\x1e'
11E8E149-C740-7EFA-AF82-12DF17AE4E1E,2016-ncaa-d1-natl,ncaa,332,337,218,336,278,339,331,289,327,262,184,321,330,316,338,287,314,272,341,274,273,296,284,339,342,343,312,303,187,217,221,344,335,326,329,330,273,216,279,325,167,129,157,100,,,268,327,,,342,294,254,266,342,335,271,252,135,331,310,304,259,263,283,248,200,345,323,331,252,142,142,,301,,,341,195,107,32,288,62,19,260,255,182,330,253,308,308,189,308,344,64,76,315,328,300,333,260,312,232,335,184,221,204,329,203,281,180,122,202,195,261,150,152,,,333,319,,,342,48,341,320,344,250,171,55,104,25,278,221,317,315,316,114,127,280,239,268,237,141,230,180,,326,,,b'\x11\xe8\xe1I\xc7@~\xfa\xaf\x82\x12\xdf\x17\xaeN\x1e'
11E8E149-C740-7EFA-AF82-12DF17AE4E1E,2017-ncaa-d0-natl,ncaa,169,184,116,174,145,225,229,194,256,159,110,276,298,287,290,292,129,120,196,119,169,187,168,288,286,280,270,302,60,66,47,257,302,166,154,315,331,253,250,316,179,169,141,138,,,187,188,,,259,198,276,209,279,265,245,178,112,318,307,143,123,121,229,208,57,307,194,329,247,178,137,,159,,,253,196,184,159,226,232,198,257,75,106,73,102,254,244,190,243,230,173,177,190,219,207,94,57,250,267,302,88,47,170,154,83,51,172,172,119,244,244,310,283,,,148,150,,,259,153,243,245,257,176,166,94,224,158,64,90,243,241,238,121,110,257,75,137,87,188,238,310,,168,,,b'\x11\xe8\xe1I\xc7@~\xfa\xaf\x82\x12\xdf\x17\xaeN\x1e'
11E8E149-C740-7EFA-AF82-12DF17AE4E1E,2017-ncaa-d1-conf-ACC,ncaa,11,13,5,13,7,13,13,12,15,8,6,14,15,15,15,15,12,11,9,12,14,13,9,15,15,15,15,15,4,5,6,14,10,10,9,15,14,13,12,15,14,13,10,9,,,10,10,,,15,12,13,6,15,14,13,9,5,15,15,12,11,12,13,10,4,15,10,15,13,14,11,,8,,,15,11,11,5,14,11,8,15,2,4,6,3,13,13,7,13,13,6,4,13,14,13,3,1,13,7,10,6,6,5,9,7,4,14,14,12,13,13,14,11,,,10,9,,,15,4,14,13,15,10,11,4,11,9,2,3,14,14,14,7,1,7,6,5,9,15,13,13,,11,,,b'\x11\xe8\xe1I\xc7@~\xfa\xaf\x82\x12\xdf\x17\xaeN\x1e'
11E8E149-C740-7EFA-AF82-12DF17AE4E1E,2017-ncaa-d1-natl,ncaa,175,181,144,184,180,267,269,243,268,184,134,279,309,294,291,290,150,141,194,140,172,227,210,294,290,288,268,301,57,90,52,295,309,205,168,326,333,234,254,320,202,181,158,144,,,164,190,,,270,260,279,197,287,276,253,191,118,316,308,147,135,129,237,218,67,314,213,333,248,187,147,,162,,,265,159,157,110,245,214,157,270,57,78,77,101,245,234,203,233,232,127,125,201,231,219,87,53,251,244,309,60,52,129,168,71,49,196,180,132,226,249,305,289,,,179,148,,,270,91,256,258,271,185,175,93,234,161,62,90,250,240,238,122,108,259,75,141,89,197,241,311,,171,,,b'\x11\xe8\xe1I\xc7@~\xfa\xaf\x82\x12\xdf\x17\xaeN\x1e'
11E8E149-C740-7EFA-AF82-12DF17AE4E1E,2018-ncaa-d0-natl,ncaa,236,244,164,241,185,335,325,263,342,227,85,341,348,346,348,346,243,207,290,208,281,260,242,348,349,346,340,348,37,177,210,267,305,243,286,345,344,261,284,346,118,90,48,30,,,248,291,,,301,260,292,117,347,342,294,238,57,348,348,242,185,183,292,256,161,286,250,347,265,102,33,,261,,,298,57,47,72,70,116,171,82,16,25,28,34,247,257,130,261,265,92,119,53,67,56,89,21,314,274,305,218,210,248,286,34,84,139,104,55,215,255,286,229,,,230,171,,,301,84,345,95,307,63,44,65,127,190,18,28,252,269,273,82,118,291,245,276,52,113,227,290,,210,,,b'\x11\xe8\xe1I\xc7@~\xfa\xaf\x82\x12\xdf\x17\xaeN\x1e'
11E8E149-C740-7EFA-AF82-12DF17AE4E1E,2018-ncaa-d1-conf-ACC,ncaa,15,15,11,15,11,15,15,13,15,12,6,15,15,15,15,15,14,13,15,13,14,13,12,15,15,15,15,15,3,13,13,15,14,13,13,15,15,12,13,15,8,7,3,3,,,11,14,,,15,14,14,1,15,15,13,10,3,15,15,14,12,12,13,10,12,15,13,15,13,8,3,,13,,,15,6,4,1,13,9,3,14,2,1,3,2,11,11,9,12,12,2,2,13,12,10,4,1,12,9,14,14,13,14,13,5,5,10,7,6,10,14,14,14,,,13,12,,,15,2,15,11,15,9,8,4,12,7,3,3,13,13,14,6,6,11,14,15,5,6,13,14,,13,,,b'\x11\xe8\xe1I\xc7@~\xfa\xaf\x82\x12\xdf\x17\xaeN\x1e'
11E8E149-C740-7EFA-AF82-12DF17AE4E1E,2018-ncaa-d1-natl,ncaa,247,243,213,248,241,346,339,302,344,257,108,342,348,348,348,345,262,228,288,229,278,301,290,349,349,346,340,347,33,213,217,304,309,281,296,347,344,233,291,347,140,101,49,32,,,223,291,,,308,315,295,99,349,345,303,247,59,348,348,244,189,187,295,264,170,295,264,347,267,110,34,,264,,,308,27,23,37,80,87,135,91,12,17,32,30,231,244,135,247,262,50,62,57,73,67,82,20,315,260,309,193,217,223,296,20,87,160,114,62,196,261,277,237,,,255,174,,,308,33,346,108,316,67,51,65,141,195,17,27,256,270,274,87,118,291,250,278,56,122,231,299,,211,,,b'\x11\xe8\xe1I\xc7@~\xfa\xaf\x82\x12\xdf\x17\xaeN\x1e'
11E8E149-C740-7EFA-AF82-12DF17AE4E1E,2019-ncaa-d0-natl,ncaa,95,109,47,108,57,65,44,43,77,15,6,178,294,334,47,348,81,48,273,47,289,40,15,151,164,214,342,339,176,36,72,78,276,56,160,127,306,348,290,276,5,11,54,60,,,272,93,,,127,14,14,132,88,54,62,13,5,328,345,115,81,81,46,8,67,138,74,166,332,5,70,,212,,,130,304,307,315,161,272,241,215,319,331,112,307,159,216,22,218,152,313,341,188,140,64,215,283,75,340,276,263,72,323,160,293,187,6,30,47,344,268,343,222,,,68,253,,,127,333,209,80,144,220,245,291,185,146,296,323,101,145,147,273,334,313,152,250,232,13,318,331,,121,,,b'\x11\xe8\xe1I\xc7@~\xfa\xaf\x82\x12\xdf\x17\xaeN\x1e'
11E8E149-C740-7EFA-AF82-12DF17AE4E1E,2019-ncaa-d1-conf-ACC,ncaa,7,7,4,7,6,7,5,7,6,3,2,11,14,15,2,15,5,3,13,3,9,5,3,10,10,11,14,14,4,5,6,7,14,6,10,11,15,15,14,15,1,1,3,2,,,13,8,,,10,3,1,4,9,6,8,2,2,14,15,5,3,3,6,3,5,5,6,12,15,1,3,,11,,,10,10,9,12,6,7,7,7,13,15,5,13,5,5,4,5,9,12,13,7,7,3,13,13,5,14,14,10,6,12,10,6,7,1,1,2,15,13,14,10,,,4,4,,,10,13,11,3,10,9,8,12,5,5,13,15,5,6,6,10,15,14,10,13,7,1,15,14,,3,,,b'\x11\xe8\xe1I\xc7@~\xfa\xaf\x82\x12\xdf\x17\xaeN\x1e'
11E8E149-C740-7EFA-AF82-12DF17AE4E1E,2019-ncaa-d1-natl,ncaa,106,108,62,112,76,82,61,58,84,19,8,191,313,342,52,348,95,63,273,64,285,53,25,165,177,223,341,338,169,47,80,94,290,68,168,152,311,347,298,289,6,17,62,65,,,251,99,,,147,23,15,128,97,60,66,15,5,329,345,118,89,89,51,14,73,147,89,179,332,9,72,,217,,,150,290,299,307,181,248,215,228,311,327,123,308,135,196,26,196,155,303,331,209,157,70,215,284,76,338,290,231,80,314,168,281,187,10,34,60,341,274,340,230,,,82,254,,,147,325,218,99,166,234,250,292,202,153,300,325,105,153,153,277,333,318,158,258,238,15,319,335,,122,,,b'\x11\xe8\xe1I\xc7@~\xfa\xaf\x82\x12\xdf\x17\xaeN\x1e'
11E8E149-C740-7EFA-AF82-12DF17AE4E1E,2019-ncaa-d1-ncaatournament,ncaa,17,2,17,17,19,22,19,21,16,21,20,25,23,33,15,49,34,33,26,33,58,22,21,21,23,34,51,41,54,30,45,29,42,30,45,31,61,49,51,57,9,5,11,8,,,42,37,,,38,17,7,7,22,14,24,14,14,37,46,47,53,53,32,20,48,41,47,52,53,4,8,,38,,,36,44,45,38,45,46,40,60,32,45,10,49,38,39,19,39,37,41,43,36,35,30,16,16,26,42,42,45,45,44,45,45,46,12,14,32,41,42,53,56,,,31,55,,,38,43,41,35,37,41,45,28,51,21,20,47,27,32,33,29,44,41,38,36,48,11,43,60,,55,,,b'\x11\xe8\xe1I\xc7@~\xfa\xaf\x82\x12\xdf\x17\xaeN\x1e'
11E8E149-C740-7EFA-AF82-12DF17AE4E1E,2020-ncaa-d0-natl,ncaa,295,314,33,307,70,197,153,161,157,92,71,201,263,281,184,291,247,221,267,224,286,171,59,207,230,289,295,271,253,33,25,158,342,69,167,244,297,347,342,330,154,219,76,81,,,261,145,,,284,102,185,239,255,205,253,134,114,286,305,281,263,265,270,119,51,233,114,289,338,191,96,,205,,,280,290,285,327,102,213,213,171,325,347,94,332,172,169,174,181,159,326,331,133,116,144,277,309,92,349,342,71,25,289,167,330,317,121,210,269,340,329,289,226,,,92,180,,,284,270,264,261,276,238,236,304,148,146,315,340,137,138,140,290,294,347,31,225,310,162,331,265,,161,,,b'\x11\xe8\xe1I\xc7@~\xfa\xaf\x82\x12\xdf\x17\xaeN\x1e'
11E8E149-C740-7EFA-AF82-12DF17AE4E1E,2020-ncaa-d1-conf-ACC,ncaa,14,14,5,14,8,12,12,12,8,11,6,12,11,14,3,12,14,13,13,13,13,12,7,8,10,14,11,10,13,5,1,10,15,8,10,14,14,15,15,14,9,10,6,6,,,11,10,,,14,9,10,9,13,12,14,11,6,11,14,14,13,13,15,9,3,12,7,14,15,10,7,,10,,,14,11,11,11,7,5,5,7,15,15,7,15,12,7,12,8,10,12,11,7,7,9,14,14,7,15,15,3,1,12,10,14,15,9,9,14,14,15,9,9,,,6,6,,,14,8,12,13,14,12,10,13,7,4,15,15,10,8,8,13,12,15,4,11,14,9,14,9,,4,,,b'\x11\xe8\xe1I\xc7@~\xfa\xaf\x82\x12\xdf\x17\xaeN\x1e'
11E8E149-C740-7EFA-AF82-12DF17AE4E1E,2020-ncaa-d1-natl,ncaa,303,314,45,311,95,231,188,197,169,118,89,212,278,295,191,290,264,242,270,247,286,212,91,221,241,295,295,274,247,44,26,186,343,93,178,269,303,346,342,334,184,228,87,85,,,247,149,,,289,137,188,229,269,219,261,143,117,289,304,283,262,268,273,126,55,238,128,296,338,203,100,,212,,,288,276,273,315,113,194,186,188,324,345,98,333,153,157,180,167,162,315,317,147,128,164,276,308,94,349,343,55,26,272,178,327,317,150,218,279,335,331,284,235,,,125,177,,,289,235,276,268,283,249,252,305,150,148,322,341,143,140,145,292,291,347,33,233,316,172,332,272,,159,,,b'\x11\xe8\xe1I\xc7@~\xfa\xaf\x82\x12\xdf\x17\xaeN\x1e'
11E8E149-C740-7EFA-AF82-12DF17AE4E1E,2021-ncaa-d0-natl,ncaa,128,250,43,188,43,44,39,29,105,23,23,107,143,115,218,263,70,39,266,37,205,29,21,144,164,176,288,276,208,10,14,51,158,17,34,84,292,333,194,229,79,181,130,227,,,330,267,,,128,30,54,43,77,53,35,32,33,222,218,135,89,82,28,15,13,107,22,168,272,156,207,,291,,,133,301,318,309,239,313,306,260,275,290,141,186,200,233,31,232,91,308,312,227,180,177,78,166,49,289,158,262,14,274,34,244,40,48,146,107,293,143,289,131,,,21,149,,,128,314,126,168,138,241,276,259,279,245,193,224,83,127,128,249,279,200,100,118,137,113,204,207,,50,,,b'\x11\xe8\xe1I\xc7@~\xfa\xaf\x82\x12\xdf\x17\xaeN\x1e'
11E8E149-C740-7EFA-AF82-12DF17AE4E1E,2021-ncaa-d1-conf-ACC,ncaa,11,14,3,11,3,4,4,1,9,2,1,9,10,8,13,11,4,2,12,2,9,1,1,10,11,12,14,14,7,1,1,7,5,1,2,8,13,15,12,14,1,4,11,13,,,15,12,,,12,1,2,1,7,5,3,5,1,13,11,6,3,4,2,1,2,7,4,10,13,3,12,,13,,,10,15,14,13,12,14,11,12,10,10,9,8,10,13,2,13,8,13,14,13,12,12,7,7,7,9,5,12,1,11,2,11,8,1,4,8,14,12,14,8,,,1,7,,,12,15,11,7,10,12,13,8,12,10,7,9,7,10,11,11,12,5,8,6,10,3,14,10,,2,,,b'\x11\xe8\xe1I\xc7@~\xfa\xaf\x82\x12\xdf\x17\xaeN\x1e'
11E8E149-C740-7EFA-AF82-12DF17AE4E1E,2021-ncaa-d1-natl,ncaa,139,250,50,192,51,51,46,32,109,26,23,112,153,125,220,261,80,46,266,45,207,32,25,148,168,182,287,274,207,11,14,57,164,22,37,93,293,328,198,237,88,189,139,229,,,322,271,,,138,36,57,41,82,58,40,35,34,225,219,137,88,82,31,16,15,112,27,177,274,164,211,,294,,,142,298,316,306,245,312,300,264,270,284,146,181,191,227,32,227,93,304,307,239,192,188,75,162,46,280,164,251,14,262,37,241,40,55,154,112,284,145,284,135,,,24,143,,,138,308,131,181,147,249,279,261,282,247,193,222,86,128,129,251,277,203,102,122,143,119,206,211,,51,,,b'\x11\xe8\xe1I\xc7@~\xfa\xaf\x82\x12\xdf\x17\xaeN\x1e'
11E8E149-C740-7EFA-AF82-12DF17AE4E1E,2022-ncaa-d0-natl,ncaa,254,303,79,276,88,117,110,85,207,70,50,200,241,204,297,266,89,89,175,85,213,79,62,247,239,231,279,283,113,43,66,197,292,114,191,249,345,292,183,295,53,76,116,122,,,309,238,,,278,81,97,130,155,140,84,84,59,271,241,117,121,124,76,64,51,296,167,306,229,66,138,,266,,,272,329,331,269,334,310,219,331,328,305,305,267,227,262,68,255,227,271,287,341,327,303,202,259,92,293,292,256,66,284,191,330,224,62,114,225,261,168,215,105,,,53,123,,,278,280,195,307,272,308,307,217,273,138,315,278,175,214,213,216,260,241,187,216,303,93,204,163,,69,,,b'\x11\xe8\xe1I\xc7@~\xfa\xaf\x82\x12\xdf\x17\xaeN\x1e'
11E8E149-C740-7EFA-AF82-12DF17AE4E1E,2022-ncaa-d1-conf-ACC,ncaa,12,14,4,13,5,9,8,6,9,6,3,9,12,8,11,10,3,4,4,4,5,5,3,10,9,10,8,12,4,5,7,13,14,12,14,12,14,12,10,12,5,5,11,10,,,12,10,,,12,5,6,2,9,9,7,7,4,12,9,3,4,4,7,5,6,15,13,13,12,6,12,,11,,,12,14,14,9,14,14,4,15,15,13,14,12,10,13,2,11,12,8,12,15,15,15,7,10,7,11,14,10,7,11,14,14,15,4,4,13,14,13,2,1,,,3,5,,,12,12,9,14,12,14,14,8,13,5,15,13,10,11,10,9,12,10,11,12,14,5,14,2,,4,,,b'\x11\xe8\xe1I\xc7@~\xfa\xaf\x82\x12\xdf\x17\xaeN\x1e'
11E8E149-C740-7EFA-AF82-12DF17AE4E1E,2022-ncaa-d1-natl,ncaa,269,303,100,283,114,143,141,102,229,86,65,214,254,221,298,266,105,105,171,108,213,100,83,262,254,243,275,281,109,55,73,235,297,152,206,276,345,273,191,306,70,86,129,127,,,294,240,,,289,111,100,122,174,160,96,94,62,274,246,120,121,127,87,69,57,304,183,316,234,76,138,,272,,,284,327,328,246,343,301,180,340,321,296,312,263,208,243,72,237,227,254,263,346,340,315,199,255,91,280,297,234,73,258,206,325,230,86,131,240,234,171,197,110,,,71,110,,,289,250,210,321,284,314,320,216,287,139,319,279,186,221,220,217,258,242,188,219,312,110,210,172,,70,,,b'\x11\xe8\xe1I\xc7@~\xfa\xaf\x82\x12\xdf\x17\xaeN\x1e'
11E8E149-C740-7EFA-AF82-12DF17AE4E1E,2023-ncaa-d0-natl,ncaa,102,188,17,152,20,63,46,30,113,43,51,100,94,73,177,142,207,171,257,168,305,38,30,132,155,171,259,168,337,54,118,43,265,44,168,51,131,347,241,161,25,56,70,77,,,318,144,,,104,24,124,158,138,91,95,99,153,157,136,300,287,284,138,112,129,130,104,93,263,50,112,,191,,,111,310,317,334,97,260,250,182,337,352,63,340,174,241,13,241,190,336,344,125,86,48,271,313,70,354,265,311,118,345,168,320,263,15,58,87,353,286,258,154,,,96,306,,,104,337,166,75,114,123,141,219,89,57,274,333,64,121,117,195,282,303,135,224,225,47,300,183,,259,,,b'\x11\xe8\xe1I\xc7@~\xfa\xaf\x82\x12\xdf\x17\xaeN\x1e'
11E8E149-C740-7EFA-AF82-12DF17AE4E1E,2023-ncaa-d1-conf-ACC,ncaa,10,10,4,10,4,8,8,5,6,7,8,6,5,4,6,4,14,13,14,13,11,7,3,6,7,9,8,5,15,5,6,9,14,7,11,6,7,14,14,10,4,5,13,8,,,13,11,,,10,6,7,3,8,8,6,7,10,4,6,15,14,14,7,5,5,10,9,6,14,4,11,,14,,,10,12,8,10,8,5,4,10,14,15,4,14,11,11,1,11,13,12,13,9,8,6,12,13,7,15,14,6,6,10,11,13,13,4,4,9,14,14,8,8,,,8,10,,,10,10,8,10,10,9,8,9,4,2,14,14,8,11,11,10,12,14,6,10,12,3,14,8,,9,,,b'\x11\xe8\xe1I\xc7@~\xfa\xaf\x82\x12\xdf\x17\xaeN\x1e'
11E8E149-C740-7EFA-AF82-12DF17AE4E1E,2023-ncaa-d1-natl,ncaa,114,186,18,158,24,69,50,34,118,50,60,105,108,87,176,142,225,188,259,185,308,48,33,138,161,177,258,167,335,67,131,53,273,49,178,59,137,343,249,167,30,64,81,78,,,303,150,,,129,28,128,156,148,96,105,106,157,160,140,302,288,287,153,120,137,142,118,106,263,60,114,,196,,,136,304,309,331,109,239,226,198,331,352,68,341,159,228,14,228,197,330,344,138,98,58,269,314,67,351,273,298,131,341,178,314,265,19,69,104,349,296,252,165,,,123,303,,,129,333,179,87,139,135,155,219,101,58,279,333,67,123,117,201,278,306,145,232,233,54,300,190,,262,,,b'\x11\xe8\xe1I\xc7@~\xfa\xaf\x82\x12\xdf\x17\xaeN\x1e'
11E8E149-C740-7EFA-AF82-12DF17AE4E1E,2024-ncaa-d0-natl,ncaa,225,251,143,243,155,111,119,162,75,141,227,47,96,95,137,92,115,123,154,122,76,156,134,73,73,96,125,123,177,155,122,160,233,161,148,108,126,273,230,154,153,168,339,350,,,108,65,,,183,133,137,67,89,98,184,138,250,93,90,110,127,127,163,127,166,177,168,93,255,156,347,,93,,,182,283,317,275,304,294,215,316,309,304,247,299,40,51,146,48,40,250,227,310,271,301,119,284,15,238,233,91,122,143,148,335,294,199,236,326,317,301,130,182,,,107,101,,,183,225,103,298,185,295,331,306,311,225,320,309,50,45,46,266,247,236,86,130,334,208,313,125,,89,,,b'\x11\xe8\xe1I\xc7@~\xfa\xaf\x82\x12\xdf\x17\xaeN\x1e'
11E8E149-C740-7EFA-AF82-12DF17AE4E1E,2024-ncaa-d1-conf-ACC,ncaa,13,12,11,13,11,13,13,14,6,13,15,4,7,5,10,3,6,9,6,9,1,14,12,4,5,10,4,5,3,10,7,12,11,13,10,10,7,12,13,14,9,8,15,15,,,7,7,,,11,13,10,2,9,13,12,13,14,5,3,5,7,7,12,8,8,12,11,7,13,8,15,,8,,,11,9,12,8,12,10,4,13,10,11,7,13,4,2,7,2,7,5,5,12,11,12,9,11,4,9,11,3,7,4,10,15,12,10,8,14,14,14,4,10,,,7,3,,,11,2,10,13,11,11,12,12,11,5,13,14,5,4,4,10,10,10,4,4,15,8,14,5,,4,,,b'\x11\xe8\xe1I\xc7@~\xfa\xaf\x82\x12\xdf\x17\xaeN\x1e'
11E8E149-C740-7EFA-AF82-12DF17AE4E1E,2024-ncaa-d1-natl,ncaa,243,253,194,253,207,134,141,205,83,171,262,53,114,112,142,90,137,145,155,146,73,205,182,79,79,104,119,124,173,187,133,209,243,208,163,132,128,241,239,173,182,185,348,352,,,79,65,,,210,185,143,66,99,106,198,157,257,96,94,117,133,133,177,140,175,194,190,103,262,168,349,,98,,,211,271,311,251,312,285,181,324,306,291,250,301,33,35,150,36,45,216,186,317,282,316,120,284,15,217,243,61,133,110,163,333,298,241,253,334,303,308,115,192,,,135,97,,,210,176,111,314,212,304,335,308,319,227,323,311,53,46,47,273,250,242,92,140,339,223,318,134,,89,,,b'\x11\xe8\xe1I\xc7@~\xfa\xaf\x82\x12\xdf\x17\xaeN\x1e'
11E8E149-C740-7EFA-AF82-12DF17AE4E1E,2025-ncaa-d0-natl,genius_ncaa,184,199,135,197,145,147,126,176,92,175,232,98,81,122,47,94,282,303,98,297,290,201,239,69,90,79,123,65,330,271,278,122,39,195,138,89,52,53,88,55,318,319,175,197,,,165,245,,309,139,223,301,108,136,121,222,194,255,69,110,306,329,322,259,311,291,110,220,66,54,333,190,,156,,316,139,168,192,167,227,233,234,187,124,88,226,84,136,138,142,137,115,172,113,208,191,268,90,116,133,45,39,174,278,117,138,131,88,316,317,282,25,52,250,290,,,331,338,,318,139,140,94,225,140,145,190,136,229,229,105,71,131,132,133,126,35,36,147,90,120,344,28,260,,352,,321,b'\x11\xe8\xe1I\xc7@~\xfa\xaf\x82\x12\xdf\x17\xaeN\x1e'
11E8E149-C740-7EFA-AF82-12DF17AE4E1E,2025-ncaa-d1-conf-ACC,genius_ncaa,12,12,4,12,4,14,14,12,13,15,15,12,3,5,5,2,15,14,14,14,6,13,15,10,11,8,2,2,12,14,16,11,7,14,15,9,4,4,6,7,14,13,9,9,,,15,17,,15,11,14,18,3,15,15,16,17,17,3,4,16,16,15,17,18,16,13,16,9,4,15,10,,13,,17,11,8,10,6,10,11,8,11,7,8,8,7,13,13,6,13,13,6,5,10,10,13,8,9,11,6,7,13,16,9,15,8,9,16,16,15,4,7,12,14,,,15,15,,14,11,4,13,12,12,7,6,4,9,9,6,5,11,13,14,5,1,4,11,9,8,18,4,12,,17,,14,b'\x11\xe8\xe1I\xc7@~\xfa\xaf\x82\x12\xdf\x17\xaeN\x1e'
11E8E149-C740-7EFA-AF82-12DF17AE4E1E,2025-ncaa-d1-natl,genius_ncaa,193,199,172,204,183,169,147,221,94,214,261,103,92,138,47,95,300,317,98,314,287,248,291,70,91,85,118,63,328,298,287,152,45,233,152,100,56,40,92,57,335,328,203,212,,,141,254,,304,152,271,305,93,155,130,236,213,258,73,117,309,329,324,272,314,300,120,232,71,54,338,194,,161,,319,152,142,174,129,238,206,207,201,107,67,233,84,121,119,152,119,118,125,61,218,204,282,88,115,131,32,45,139,287,85,152,111,89,334,323,299,21,55,239,295,,,341,340,,319,152,91,102,242,153,163,202,139,240,236,116,69,137,135,137,129,35,40,157,92,130,345,30,266,,353,,320,b'\x11\xe8\xe1I\xc7@~\xfa\xaf\x82\x12\xdf\x17\xaeN\x1e'
11E8E149-C740-7EFA-AF82-12DF17AE4E1E,2026-ncaa-d0-natl,genius_ncaa,87,152,49,136,73,101,96,117,94,135,208,72,38,37,92,36,182,158,243,155,126,129,160,71,87,61,74,46,298,173,214,92,1,122,52,102,169,82,49,52,145,134,127,169,,,203,257,,333,68,155,355,97,161,149,255,219,334,51,55,284,262,262,277,353,258,151,210,142,16,220,169,,90,,306,75,174,182,174,200,189,260,70,170,60,358,23,141,139,176,145,74,167,162,192,183,179,137,171,122,11,1,227,214,123,52,111,58,185,174,130,10,3,229,245,,,218,289,,223,68,205,61,99,63,35,50,6,71,131,74,7,60,55,58,4,2,1,92,15,38,292,1,156,,337,,271,b'\x11\xe8\xe1I\xc7@~\xfa\xaf\x82\x12\xdf\x17\xaeN\x1e'
11E8E149-C740-7EFA-AF82-12DF17AE4E1E,2026-ncaa-d1-conf-ACC,genius_ncaa,6,6,1,6,1,9,6,10,3,4,9,3,7,6,8,4,10,7,10,5,3,10,10,4,7,6,10,6,9,10,10,7,4,10,7,10,10,9,9,10,8,8,7,7,,,8,10,,7,7,7,7,1,9,6,10,4,9,7,6,10,7,5,10,10,10,7,10,10,9,8,7,,8,,7,7,5,6,2,6,8,6,6,1,1,5,1,7,5,10,4,3,2,2,5,7,7,2,1,5,2,4,7,10,5,7,3,2,8,5,6,4,4,1,1,,,9,8,,7,7,3,8,6,7,5,6,2,8,6,1,1,7,5,4,2,2,2,7,5,3,8,4,1,,9,,7,b'\x11\xe8\xe1I\xc7@~\xfa\xaf\x82\x12\xdf\x17\xaeN\x1e'
11E8E149-C740-7EFA-AF82-12DF17AE4E1E,2026-ncaa-d1-natl,genius_ncaa,110,152,85,156,117,148,148,181,113,203,280,82,54,56,104,34,239,216,249,212,121,190,233,80,96,71,65,37,294,245,252,134,1,182,66,151,175,42,56,61,213,170,166,185,,,164,276,,321,103,220,356,100,204,192,292,262,344,57,61,292,270,270,305,354,288,178,250,181,17,259,185,,103,,316,110,126,143,112,242,149,201,89,126,24,361,19,99,104,187,104,78,102,89,230,220,232,129,173,123,6,1,181,252,69,66,77,63,262,214,167,2,4,208,273,,,278,276,,245,103,137,83,147,98,47,64,8,93,140,84,7,71,64,65,6,2,1,109,15,42,308,1,177,,342,,269,b'\x11\xe8\xe1I\xc7@~\xfa\xaf\x82\x12\xdf\x17\xaeN\x1e'
11E8E149-C744-D9FA-AF82-12DF17AE4E1E,2010-ncaa-d0-natl,ncaa,108,114,81,117,87,94,96,116,106,117,190,36,114,60,271,75,98,96,139,94,67,110,110,101,108,103,152,158,164,118,102,165,116,154,113,42,20,184,144,48,66,62,274,279,,,73,38,,,113,112,194,67,101,111,158,132,246,130,68,114,119,115,141,168,149,239,212,30,149,74,288,,40,,,113,247,273,207,287,263,143,319,261,273,153,287,81,76,181,74,91,182,214,300,274,218,137,237,42,108,116,145,102,133,113,323,302,88,97,251,272,237,26,31,,,89,116,,,113,233,97,177,110,180,235,139,207,75,240,266,53,54,53,100,135,56,86,61,308,116,235,20,,124,,,b'\x11\xe8\xe1I\xc7D\xd9\xfa\xaf\x82\x12\xdf\x17\xaeN\x1e'
11E8E149-C744-D9FA-AF82-12DF17AE4E1E,2010-ncaa-d1-conf-Horizon,ncaa,4,4,1,4,1,1,3,1,5,2,3,3,4,1,8,4,1,1,2,1,1,1,1,4,3,3,4,5,2,1,2,2,2,2,1,2,4,7,6,3,3,4,4,5,,,7,2,,,3,1,2,4,2,4,2,4,6,4,3,1,1,1,1,1,4,4,2,3,6,3,6,,3,,,3,9,9,8,6,8,7,7,9,9,3,9,6,6,7,6,6,10,10,6,5,5,5,8,5,5,2,5,2,5,1,8,5,4,4,4,8,7,4,3,,,1,3,,,3,10,2,5,3,6,8,5,7,3,7,8,6,4,4,5,8,2,3,3,7,4,7,4,,2,,,b'\x11\xe8\xe1I\xc7D\xd9\xfa\xaf\x82\x12\xdf\x17\xaeN\x1e'
11E8E149-C744-D9FA-AF82-12DF17AE4E1E,2010-ncaa-d1-natl,ncaa,102,114,53,115,62,78,76,89,102,93,165,35,107,56,259,83,89,82,146,80,71,82,88,96,97,105,156,160,164,106,107,138,99,118,106,29,18,219,154,49,49,61,273,281,,,82,36,,,115,80,182,77,102,104,159,128,241,131,74,120,120,116,145,165,154,237,205,29,161,74,292,,41,,,117,282,303,252,288,276,170,318,281,283,152,291,89,87,175,92,100,223,249,304,272,219,141,239,41,116,99,179,107,150,106,333,299,71,103,255,287,243,36,36,,,79,130,,,115,266,99,181,110,183,241,141,206,74,246,274,53,55,57,102,141,51,90,59,309,120,241,28,,134,,,b'\x11\xe8\xe1I\xc7D\xd9\xfa\xaf\x82\x12\xdf\x17\xaeN\x1e'
11E8E149-C744-D9FA-AF82-12DF17AE4E1E,2010-ncaa-d1-ncaatournament,ncaa,33,2,33,33,34,47,43,53,36,40,43,23,56,53,59,43,38,42,17,39,29,46,39,42,41,50,58,55,23,56,55,46,19,55,45,35,12,34,62,42,43,33,56,61,,,11,33,,,54,35,4,9,41,32,38,22,28,54,40,25,29,25,32,7,49,38,50,17,63,24,56,,34,,,56,29,30,25,63,33,28,63,6,6,22,6,21,19,38,18,41,24,23,57,59,59,7,7,39,4,19,17,55,8,45,36,61,50,47,59,32,56,6,11,,,42,42,,,54,26,54,51,56,61,61,51,62,58,10,8,50,45,45,52,51,9,46,32,62,44,56,8,,31,,,b'\x11\xe8\xe1I\xc7D\xd9\xfa\xaf\x82\x12\xdf\x17\xaeN\x1e'
11E8E149-C744-D9FA-AF82-12DF17AE4E1E,2011-ncaa-d0-natl,ncaa,85,83,77,91,118,103,81,121,47,78,158,28,140,112,220,122,197,231,100,228,251,141,127,59,71,100,236,175,287,234,242,93,140,149,165,56,54,239,219,95,112,142,111,97,,,173,114,,,121,98,138,331,128,85,190,94,224,158,138,244,281,276,231,221,278,138,235,47,201,135,129,,120,,,123,218,176,233,104,131,145,145,243,290,87,287,235,219,213,222,249,241,254,131,143,136,275,234,221,210,140,146,242,184,165,297,322,100,143,212,215,203,12,17,,,231,298,,,121,250,134,135,121,141,125,158,88,68,229,273,205,194,198,163,186,162,92,115,258,132,179,8,,305,,,b'\x11\xe8\xe1I\xc7D\xd9\xfa\xaf\x82\x12\xdf\x17\xaeN\x1e'
11E8E149-C744-D9FA-AF82-12DF17AE4E1E,2011-ncaa-d1-conf-Horizon,ncaa,3,2,3,3,6,4,2,6,2,2,4,2,8,9,6,9,6,6,5,6,7,6,4,5,4,4,9,9,7,7,7,5,8,6,5,4,6,8,8,5,6,6,2,2,,,5,2,,,3,5,5,10,5,2,6,3,3,8,9,6,6,6,5,5,8,5,5,3,8,6,2,,2,,,3,5,4,7,4,5,7,4,4,7,2,6,6,6,5,6,7,7,7,2,2,2,6,6,9,9,8,3,7,5,5,6,7,5,5,4,7,6,1,1,,,6,6,,,3,6,4,3,3,4,3,7,3,8,4,5,6,6,5,7,8,9,4,4,4,4,6,1,,7,,,b'\x11\xe8\xe1I\xc7D\xd9\xfa\xaf\x82\x12\xdf\x17\xaeN\x1e'
11E8E149-C744-D9FA-AF82-12DF17AE4E1E,2011-ncaa-d1-natl,ncaa,76,82,51,85,93,89,73,106,49,73,137,28,129,113,195,123,174,204,98,202,242,118,97,58,74,101,227,171,275,225,233,81,144,130,166,39,52,268,221,96,91,131,98,87,,,195,105,,,118,71,123,329,127,85,191,96,215,153,140,234,273,270,224,213,276,143,230,43,207,123,122,,118,,,119,239,193,258,103,148,159,137,274,303,98,289,256,240,239,243,253,269,276,131,145,137,287,246,224,229,144,180,233,209,166,305,323,82,127,204,238,200,16,18,,,216,292,,,118,274,131,130,118,149,124,161,83,64,240,277,211,203,204,166,204,164,92,120,260,122,181,11,,295,,,b'\x11\xe8\xe1I\xc7D\xd9\xfa\xaf\x82\x12\xdf\x17\xaeN\x1e'
11E8E149-C744-D9FA-AF82-12DF17AE4E1E,2012-ncaa-d0-natl,ncaa,238,248,163,250,177,213,249,245,240,265,276,206,148,126,231,86,127,142,111,144,45,227,203,221,184,224,60,109,58,283,301,224,209,267,281,168,42,243,272,212,180,176,179,179,,,168,166,,,301,170,119,99,218,267,250,283,287,135,109,105,129,128,239,207,287,225,281,142,255,163,170,,197,,,297,279,301,195,321,283,164,323,287,239,302,234,124,158,53,151,161,193,180,323,313,316,147,243,55,153,209,213,301,190,281,309,249,200,211,290,255,281,30,85,,,92,27,,,301,185,262,300,296,299,313,244,295,201,292,251,147,178,172,241,221,182,247,224,313,191,271,41,,50,,,b'\x11\xe8\xe1I\xc7D\xd9\xfa\xaf\x82\x12\xdf\x17\xaeN\x1e'
11E8E149-C744-D9FA-AF82-12DF17AE4E1E,2012-ncaa-d1-conf-Horizon,ncaa,7,7,3,7,5,7,7,5,10,6,6,10,8,6,8,7,3,3,6,3,4,4,3,9,8,9,3,7,1,7,9,5,9,5,9,7,4,10,8,8,4,5,2,5,,,9,5,,,10,3,1,7,8,9,7,7,5,8,5,3,3,3,6,3,8,5,6,7,10,5,2,,7,,,10,10,10,7,8,10,10,8,3,4,7,1,8,9,3,9,3,10,9,8,8,8,1,1,5,9,9,10,9,10,9,7,2,3,6,3,10,7,5,5,,,1,1,,,10,9,9,7,10,8,10,8,10,10,3,4,8,9,8,9,9,9,10,10,6,4,8,5,,1,,,b'\x11\xe8\xe1I\xc7D\xd9\xfa\xaf\x82\x12\xdf\x17\xaeN\x1e'
11E8E149-C744-D9FA-AF82-12DF17AE4E1E,2012-ncaa-d1-natl,ncaa,234,247,137,250,153,211,241,236,235,259,280,195,142,120,226,92,125,141,122,141,47,223,192,212,181,229,67,109,70,283,300,199,193,255,272,144,38,270,287,220,176,187,177,193,,,189,171,,,299,148,121,109,221,266,258,281,287,138,115,120,137,137,250,211,286,217,271,138,270,174,179,,195,,,297,293,308,224,317,294,189,321,289,249,291,233,137,168,39,165,164,212,202,320,306,305,140,237,56,164,193,227,300,193,272,314,247,195,217,291,281,290,50,118,,,80,30,,,299,205,264,297,297,292,310,245,295,205,286,248,141,181,177,241,217,180,229,217,311,202,280,55,,51,,,b'\x11\xe8\xe1I\xc7D\xd9\xfa\xaf\x82\x12\xdf\x17\xaeN\x1e'
11E8E149-C744-D9FA-AF82-12DF17AE4E1E,2013-ncaa-d0-natl,ncaa,212,197,251,216,265,148,190,245,111,229,295,91,81,81,112,60,74,89,89,87,17,219,227,87,64,83,43,82,62,233,179,268,241,264,214,187,166,134,174,164,194,176,256,252,,,53,59,,,178,217,126,99,78,138,179,209,280,56,58,31,43,43,149,135,190,228,221,146,201,169,237,,86,,,180,235,260,188,298,233,121,307,270,250,230,283,72,47,306,42,66,144,117,303,299,308,162,263,52,162,241,97,179,109,214,297,286,245,246,316,232,262,36,112,,,143,78,,,178,116,90,305,187,295,311,304,293,200,301,297,114,87,74,252,216,223,175,202,325,214,277,53,,61,,,b'\x11\xe8\xe1I\xc7D\xd9\xfa\xaf\x82\x12\xdf\x17\xaeN\x1e'
11E8E149-C744-D9FA-AF82-12DF17AE4E1E,2013-ncaa-d1-conf-Horizon,ncaa,7,6,6,7,6,5,7,6,6,6,4,7,6,6,7,6,1,2,3,2,2,4,3,8,6,8,5,6,1,4,5,6,6,6,5,8,8,8,8,9,5,5,5,5,,,1,2,,,6,3,1,1,3,7,4,6,4,6,6,1,1,1,2,1,3,5,3,7,8,4,4,,3,,,6,6,7,5,7,8,9,7,4,3,8,3,4,4,7,4,1,5,7,7,7,5,3,3,4,7,6,6,5,7,5,7,6,5,5,5,8,8,1,1,,,5,5,,,6,7,8,5,7,8,9,7,8,9,4,3,6,5,5,7,9,7,7,7,7,5,9,1,,1,,,b'\x11\xe8\xe1I\xc7D\xd9\xfa\xaf\x82\x12\xdf\x17\xaeN\x1e'
11E8E149-C744-D9FA-AF82-12DF17AE4E1E,2013-ncaa-d1-natl,ncaa,201,196,210,206,231,134,171,230,104,224,293,73,77,71,110,57,74,89,94,89,21,202,202,77,57,79,44,80,77,233,183,247,229,247,216,160,151,170,189,163,168,159,248,259,,,57,60,,,177,187,126,99,76,132,188,208,282,56,59,43,53,54,156,146,202,221,217,131,212,149,241,,82,,,177,255,271,214,293,247,148,300,276,262,222,276,85,52,305,47,66,177,144,298,295,300,160,259,51,178,229,96,183,121,216,305,287,233,240,309,268,280,29,99,,,135,77,,,177,145,92,301,185,293,307,303,290,202,293,291,114,85,73,248,215,219,161,193,320,213,294,44,,69,,,b'\x11\xe8\xe1I\xc7D\xd9\xfa\xaf\x82\x12\xdf\x17\xaeN\x1e'
11E8E149-C744-D9FA-AF82-12DF17AE4E1E,2014-ncaa-d0-natl,ncaa,197,173,254,200,279,122,161,239,61,281,332,35,25,34,43,19,156,152,157,150,16,228,263,21,23,21,13,20,211,253,213,325,310,317,294,156,153,24,61,53,210,190,306,293,,,131,199,,,190,260,161,183,37,79,160,257,320,12,20,101,100,97,134,202,228,328,317,97,56,181,302,,204,,,193,273,291,112,345,270,78,347,265,222,289,262,142,153,111,144,230,113,104,346,343,343,144,223,86,148,310,94,213,111,294,307,281,234,212,309,39,76,12,81,,,153,48,,,190,97,26,344,191,329,330,205,317,136,306,280,206,204,200,220,202,213,176,197,330,200,67,21,,71,,,b'\x11\xe8\xe1I\xc7D\xd9\xfa\xaf\x82\x12\xdf\x17\xaeN\x1e'
11E8E149-C744-D9FA-AF82-12DF17AE4E1E,2014-ncaa-d1-conf-Horizon,ncaa,5,5,6,5,6,4,5,7,3,7,8,3,3,2,2,1,3,4,4,4,2,6,8,3,4,2,2,2,4,5,4,9,5,8,6,7,6,1,2,3,5,5,8,8,,,3,4,,,6,9,7,3,2,3,5,7,6,1,1,3,2,2,4,6,4,9,8,6,2,5,7,,3,,,6,5,6,2,9,7,3,9,3,3,7,3,6,6,5,5,6,2,1,9,9,9,4,3,6,3,5,3,4,3,6,6,6,5,5,7,2,2,1,2,,,6,4,,,6,1,2,9,6,7,8,4,8,4,5,3,8,8,6,4,4,4,5,4,7,5,2,2,,4,,,b'\x11\xe8\xe1I\xc7D\xd9\xfa\xaf\x82\x12\xdf\x17\xaeN\x1e'
11E8E149-C744-D9FA-AF82-12DF17AE4E1E,2014-ncaa-d1-natl,ncaa,191,171,211,193,262,113,152,223,63,269,328,38,22,36,38,19,143,142,152,143,16,213,255,23,24,22,11,19,207,256,234,327,314,326,306,147,159,29,66,57,157,142,296,283,,,140,189,,,188,237,148,184,43,84,160,265,318,14,21,95,103,102,141,203,243,332,323,104,59,136,291,,194,,,188,290,303,129,344,281,81,347,273,234,282,265,141,149,112,143,214,120,121,346,343,340,133,222,76,160,314,128,234,140,306,320,281,195,184,299,35,61,10,63,,,140,45,,,188,112,28,338,189,324,329,203,315,129,302,277,185,192,185,207,203,210,196,208,328,173,58,16,,67,,,b'\x11\xe8\xe1I\xc7D\xd9\xfa\xaf\x82\x12\xdf\x17\xaeN\x1e'
11E8E149-C744-D9FA-AF82-12DF17AE4E1E,2015-ncaa-d0-natl,ncaa,133,103,172,122,193,106,137,157,138,219,257,124,47,51,83,59,98,78,251,76,19,138,173,89,94,73,36,52,133,212,253,175,182,195,254,107,93,48,52,64,207,229,204,234,,,163,133,,,199,161,103,107,61,115,119,226,274,36,44,77,41,40,92,152,213,156,178,87,62,209,208,,172,,,199,291,289,235,286,285,218,295,229,229,183,217,225,216,220,220,195,244,201,280,272,308,131,176,144,177,182,272,253,241,254,291,218,249,285,301,120,135,93,155,,,93,51,,,199,199,75,303,189,309,312,299,312,254,245,256,234,223,230,306,261,198,284,267,305,257,144,86,,44,,,b'\x11\xe8\xe1I\xc7D\xd9\xfa\xaf\x82\x12\xdf\x17\xaeN\x1e'
11E8E149-C744-D9FA-AF82-12DF17AE4E1E,2015-ncaa-d1-conf-Horizon,ncaa,3,3,3,3,3,3,5,5,6,6,5,6,5,7,4,6,2,2,5,2,3,2,2,6,5,5,2,5,3,5,5,3,4,4,4,5,4,4,4,6,2,3,3,5,,,7,6,,,4,2,4,2,3,7,5,8,5,6,7,2,2,2,4,4,6,5,6,5,4,4,4,,6,,,4,6,4,7,6,7,7,6,1,2,5,1,8,8,6,8,6,7,8,4,5,4,3,1,7,6,4,7,5,7,4,7,7,3,5,3,5,4,5,5,,,3,3,,,4,8,4,4,3,6,5,4,6,6,1,1,8,7,8,6,6,5,6,5,6,4,5,5,,2,,,b'\x11\xe8\xe1I\xc7D\xd9\xfa\xaf\x82\x12\xdf\x17\xaeN\x1e'
11E8E149-C744-D9FA-AF82-12DF17AE4E1E,2015-ncaa-d1-natl,ncaa,106,103,97,110,109,66,90,88,125,186,216,125,33,45,67,63,103,64,256,60,32,79,107,85,92,66,39,51,171,191,256,143,187,153,259,66,81,79,48,59,173,217,180,221,,,200,127,,,206,95,103,128,55,101,109,221,259,34,46,101,59,54,87,153,214,178,196,73,60,197,200,,160,,,206,325,325,285,292,316,268,299,266,253,219,197,258,245,255,247,199,292,267,297,296,315,136,173,155,210,187,305,256,288,259,312,209,218,270,295,159,136,98,132,,,67,68,,,206,268,75,308,193,312,312,290,312,255,246,237,247,232,240,300,255,189,287,261,305,245,143,83,,57,,,b'\x11\xe8\xe1I\xc7D\xd9\xfa\xaf\x82\x12\xdf\x17\xaeN\x1e'
11E8E149-C744-D9FA-AF82-12DF17AE4E1E,2016-ncaa-d0-natl,ncaa,268,271,240,273,245,237,282,210,321,335,312,332,44,47,109,26,194,157,314,155,30,201,198,269,276,258,7,14,138,171,228,254,113,229,230,238,130,173,201,239,56,27,268,241,,,163,201,,,259,206,101,51,213,270,138,340,300,29,21,172,106,96,122,96,141,221,172,217,230,25,257,,225,,,261,177,174,89,286,137,35,323,236,253,188,308,157,151,160,148,247,94,116,300,301,257,236,249,147,38,113,265,228,167,230,255,286,129,97,206,270,277,76,186,,,173,149,,,259,149,258,216,249,259,245,157,210,63,275,299,201,200,200,173,226,77,320,250,290,70,295,104,,102,,,b'\x11\xe8\xe1I\xc7D\xd9\xfa\xaf\x82\x12\xdf\x17\xaeN\x1e'
11E8E149-C744-D9FA-AF82-12DF17AE4E1E,2016-ncaa-d1-conf-Horizon,ncaa,8,8,7,8,8,9,10,8,10,10,7,10,5,6,3,6,4,2,7,2,1,6,4,10,10,9,2,2,1,4,5,9,6,6,5,10,7,8,8,10,2,2,9,9,,,6,6,,,9,6,3,2,9,10,5,10,5,4,6,3,2,2,3,3,4,8,5,10,9,2,8,,6,,,9,4,4,3,10,5,4,10,3,3,5,7,5,5,7,4,5,3,3,10,10,6,3,3,6,3,6,6,5,6,5,9,8,3,3,4,9,9,7,6,,,4,3,,,9,3,10,5,9,7,7,5,6,5,4,3,6,5,5,5,7,4,9,8,10,3,9,9,,3,,,b'\x11\xe8\xe1I\xc7D\xd9\xfa\xaf\x82\x12\xdf\x17\xaeN\x1e'
11E8E149-C744-D9FA-AF82-12DF17AE4E1E,2016-ncaa-d1-natl,ncaa,280,270,303,280,308,269,310,245,325,345,329,336,54,58,113,25,218,173,314,169,25,232,237,274,279,267,7,13,130,200,237,289,119,267,243,261,134,147,204,246,69,33,273,244,,,127,201,,,272,249,108,47,221,281,144,343,306,31,24,173,108,97,133,101,152,237,189,229,233,30,260,,223,,,277,151,152,57,294,116,21,327,224,232,198,305,143,135,166,132,254,54,73,307,309,271,239,248,146,23,119,246,237,134,243,245,287,162,105,211,248,280,68,195,,,208,149,,,272,106,264,226,267,264,253,163,218,65,276,298,201,204,207,175,221,80,323,251,295,77,294,110,,108,,,b'\x11\xe8\xe1I\xc7D\xd9\xfa\xaf\x82\x12\xdf\x17\xaeN\x1e'
11E8E149-C744-D9FA-AF82-12DF17AE4E1E,2017-ncaa-d0-natl,ncaa,197,152,291,198,315,219,236,271,155,288,312,163,94,113,68,58,226,217,218,214,60,271,297,103,111,107,35,40,205,315,311,217,229,280,280,280,297,39,117,208,284,270,205,169,,,53,89,,,230,279,118,268,133,172,174,254,283,50,59,167,151,153,186,215,290,105,217,262,113,250,181,,131,,,235,158,173,163,204,93,46,258,307,310,204,334,53,65,93,66,164,140,77,263,226,284,289,329,55,184,229,154,311,177,280,290,322,305,286,330,56,119,18,93,,,264,180,,,230,71,157,299,232,284,287,306,194,114,337,343,101,124,125,295,245,280,274,287,330,265,110,43,,194,,,b'\x11\xe8\xe1I\xc7D\xd9\xfa\xaf\x82\x12\xdf\x17\xaeN\x1e'
11E8E149-C744-D9FA-AF82-12DF17AE4E1E,2017-ncaa-d1-conf-Horizon,ncaa,6,6,7,6,9,6,7,9,5,8,8,5,6,6,6,4,5,2,7,2,1,8,8,6,6,6,2,3,4,8,8,6,8,8,9,8,8,2,3,6,6,6,3,4,,,5,3,,,6,9,6,6,6,6,6,7,6,6,4,4,2,2,3,6,8,3,7,8,3,6,3,,6,,,6,5,5,7,5,2,3,5,6,8,5,8,5,6,4,6,7,6,4,5,4,5,6,7,6,7,8,7,8,8,9,9,10,7,7,9,2,3,3,8,,,6,6,,,6,2,6,5,6,6,8,8,4,6,7,8,5,6,6,7,6,10,9,9,10,6,3,4,,5,,,b'\x11\xe8\xe1I\xc7D\xd9\xfa\xaf\x82\x12\xdf\x17\xaeN\x1e'
11E8E149-C744-D9FA-AF82-12DF17AE4E1E,2017-ncaa-d1-natl,ncaa,194,181,217,195,288,193,206,226,175,261,289,174,95,94,103,73,226,224,215,226,110,236,266,126,137,134,57,60,233,297,307,162,208,246,277,269,288,69,122,211,261,263,200,173,,,62,70,,,242,233,130,270,153,176,170,242,276,66,69,203,197,195,188,222,288,101,216,257,117,250,192,,92,,,242,206,217,221,196,129,82,245,317,321,216,334,64,72,102,70,142,187,137,258,218,277,287,330,49,219,208,240,307,233,277,312,314,278,276,327,103,149,49,118,,,256,217,,,242,115,173,290,241,272,284,302,182,114,334,339,94,105,106,285,230,263,287,282,326,261,137,69,,238,,,b'\x11\xe8\xe1I\xc7D\xd9\xfa\xaf\x82\x12\xdf\x17\xaeN\x1e'
11E8E149-C744-D9FA-AF82-12DF17AE4E1E,2018-ncaa-d0-natl,ncaa,99,74,164,90,208,139,181,238,96,202,274,73,112,127,114,109,88,88,124,88,21,212,227,85,71,81,79,124,75,287,268,212,298,260,278,230,299,124,170,217,94,78,151,107,,,175,170,,,147,196,161,205,111,161,246,205,282,98,109,59,75,70,207,230,293,204,277,253,148,73,146,,204,,,147,171,141,182,109,87,62,204,286,315,114,330,177,186,185,188,259,176,176,161,168,161,311,309,191,295,298,126,268,209,278,246,311,162,164,216,129,171,75,139,,,72,18,,,147,148,104,215,152,194,167,217,88,49,294,331,198,201,203,210,236,311,151,234,264,146,146,80,,34,,,b'\x11\xe8\xe1I\xc7D\xd9\xfa\xaf\x82\x12\xdf\x17\xaeN\x1e'
11E8E149-C744-D9FA-AF82-12DF17AE4E1E,2018-ncaa-d1-conf-Horizon,ncaa,5,4,7,5,7,5,5,5,4,5,5,5,4,4,4,4,4,4,4,4,4,4,6,5,5,4,5,4,4,8,8,7,9,9,9,10,10,3,4,7,4,4,7,6,,,6,4,,,5,4,3,3,3,5,4,4,5,4,4,2,2,2,3,4,8,6,8,10,4,4,6,,7,,,5,7,5,6,5,3,3,5,10,9,8,8,6,7,5,7,6,6,7,7,6,4,9,8,5,9,9,6,8,8,9,8,10,4,5,6,3,3,2,3,,,5,4,,,5,7,6,8,6,7,7,8,5,4,10,10,7,7,7,8,8,9,7,8,9,4,3,2,,3,,,b'\x11\xe8\xe1I\xc7D\xd9\xfa\xaf\x82\x12\xdf\x17\xaeN\x1e'
11E8E149-C744-D9FA-AF82-12DF17AE4E1E,2018-ncaa-d1-natl,ncaa,106,74,213,95,272,173,210,280,102,236,295,84,122,144,114,108,105,120,123,118,24,260,281,92,72,86,76,124,73,310,275,249,302,293,288,268,302,101,176,228,109,90,167,110,,,152,176,,,167,249,169,187,117,169,255,216,281,102,109,62,80,74,213,238,301,214,286,266,152,85,149,,207,,,167,142,117,135,126,65,35,212,277,307,122,330,161,169,190,168,257,131,125,175,174,180,310,307,190,288,302,104,275,176,288,237,312,187,170,225,112,178,64,152,,,97,16,,,167,90,111,232,172,204,180,217,101,51,297,330,201,203,204,214,234,311,159,236,270,153,151,89,,38,,,b'\x11\xe8\xe1I\xc7D\xd9\xfa\xaf\x82\x12\xdf\x17\xaeN\x1e'
11E8E149-C744-D9FA-AF82-12DF17AE4E1E,2019-ncaa-d0-natl,ncaa,277,269,292,282,316,268,277,259,275,228,213,235,285,242,331,222,176,162,228,166,139,250,268,291,283,259,236,263,60,270,285,205,124,241,238,316,320,128,183,279,100,63,260,276,,,42,64,,,254,257,59,340,214,231,131,156,118,266,201,108,95,104,119,108,230,85,146,307,211,53,244,,98,,,258,116,212,141,275,243,179,275,101,96,185,139,17,27,44,29,38,101,81,251,205,206,20,129,23,66,124,228,285,160,238,308,329,237,188,307,143,199,239,256,,,236,169,,,254,86,272,196,257,249,307,301,317,303,172,167,46,61,68,265,264,165,324,296,337,165,218,289,,134,,,b'\x11\xe8\xe1I\xc7D\xd9\xfa\xaf\x82\x12\xdf\x17\xaeN\x1e'
11E8E149-C744-D9FA-AF82-12DF17AE4E1E,2019-ncaa-d1-conf-Horizon,ncaa,7,7,5,7,8,8,7,5,8,5,3,7,8,7,9,8,3,2,4,2,6,5,5,8,7,7,7,10,2,5,7,7,7,6,7,8,9,5,5,8,2,2,8,8,,,4,2,,,7,4,2,10,8,7,3,4,3,8,8,2,2,2,3,3,4,6,4,8,6,2,8,,5,,,7,8,10,6,10,10,8,9,4,4,8,3,2,3,2,3,2,6,8,9,8,6,2,5,2,5,7,8,7,6,7,8,8,3,3,7,4,4,8,5,,,6,6,,,7,8,7,6,7,7,9,8,10,10,4,4,2,2,4,6,7,7,8,7,8,3,4,8,,6,,,b'\x11\xe8\xe1I\xc7D\xd9\xfa\xaf\x82\x12\xdf\x17\xaeN\x1e'
11E8E149-C744-D9FA-AF82-12DF17AE4E1E,2019-ncaa-d1-natl,ncaa,266,266,233,268,310,225,226,196,235,163,166,182,275,216,324,225,157,130,265,133,133,191,195,257,253,242,256,268,92,253,282,128,124,179,232,286,314,176,179,266,82,69,247,275,,,58,53,,,241,172,48,340,182,181,120,130,115,268,200,109,87,89,103,86,226,53,107,280,218,54,238,,96,,,241,180,258,238,243,263,234,234,186,179,190,176,26,34,53,39,32,197,164,238,172,203,53,189,22,133,124,272,282,229,232,329,333,223,215,314,199,200,234,231,,,175,132,,,241,175,262,189,239,255,307,328,306,307,227,228,40,58,62,303,281,195,320,302,337,180,228,260,,105,,,b'\x11\xe8\xe1I\xc7D\xd9\xfa\xaf\x82\x12\xdf\x17\xaeN\x1e'
11E8E149-C744-D9FA-AF82-12DF17AE4E1E,2020-ncaa-d0-natl,ncaa,81,81,87,86,166,135,116,109,147,113,106,182,158,169,122,198,180,184,175,178,218,112,155,159,165,135,211,183,215,247,304,88,176,161,269,229,311,88,68,163,48,51,106,147,,,84,39,,,113,112,93,269,146,124,113,120,108,167,184,191,192,187,117,178,269,96,192,259,75,46,114,,74,,,115,145,202,260,95,252,285,114,87,134,38,106,90,82,237,81,39,232,245,71,65,64,44,87,100,256,176,316,304,314,269,299,313,118,146,226,90,73,176,134,,,215,225,,,113,233,171,73,121,112,176,254,231,283,80,129,90,79,78,212,238,238,308,295,282,134,81,166,,227,,,b'\x11\xe8\xe1I\xc7D\xd9\xfa\xaf\x82\x12\xdf\x17\xaeN\x1e'
11E8E149-C744-D9FA-AF82-12DF17AE4E1E,2020-ncaa-d1-conf-Horizon,ncaa,6,6,1,6,1,4,3,2,7,3,2,7,4,5,3,7,2,2,6,2,6,2,1,6,7,6,6,7,5,4,6,2,7,3,6,7,10,7,5,6,1,1,3,4,,,7,2,,,5,1,3,5,5,5,2,4,4,6,6,4,4,3,2,3,4,5,5,7,5,1,4,,6,,,5,7,8,10,4,9,10,5,4,4,1,4,5,5,5,5,3,10,10,4,3,4,3,2,4,8,7,10,6,10,6,9,9,1,3,6,6,4,7,6,,,2,8,,,5,10,5,4,5,6,6,7,8,9,3,4,5,5,5,7,7,8,9,8,7,1,5,7,,5,,,b'\x11\xe8\xe1I\xc7D\xd9\xfa\xaf\x82\x12\xdf\x17\xaeN\x1e'
11E8E149-C744-D9FA-AF82-12DF17AE4E1E,2020-ncaa-d1-natl,ncaa,60,81,12,76,34,57,51,32,114,63,49,155,114,143,80,203,119,133,149,125,216,37,52,119,129,101,198,171,222,225,293,37,171,84,249,135,279,114,63,128,15,33,87,142,,,112,32,,,70,25,86,270,109,89,99,105,98,144,181,178,184,180,105,160,268,91,185,198,73,30,116,,64,,,75,199,238,309,77,270,321,100,100,186,37,107,121,101,259,96,37,298,326,59,55,46,47,85,110,287,171,334,293,334,249,307,310,55,116,190,123,75,197,113,,,145,224,,,70,326,137,55,79,100,149,244,209,275,73,127,86,72,69,198,248,231,299,279,264,102,85,156,,217,,,b'\x11\xe8\xe1I\xc7D\xd9\xfa\xaf\x82\x12\xdf\x17\xaeN\x1e'
11E8E149-C744-D9FA-AF82-12DF17AE4E1E,2021-ncaa-d0-natl,ncaa,110,104,157,113,182,177,193,187,224,210,207,196,169,146,229,139,109,65,261,67,20,170,170,219,208,195,91,172,43,209,269,164,99,179,209,215,225,184,187,234,63,39,236,236,,,173,163,,,131,163,119,224,190,248,234,245,242,176,143,65,35,34,190,179,248,157,213,244,187,38,254,,177,,,131,124,140,150,125,147,149,173,163,200,83,239,103,114,55,115,122,148,171,129,95,55,141,206,90,120,99,208,269,180,209,206,288,79,54,114,156,155,186,218,,,93,20,,,131,182,217,42,128,81,112,117,120,95,149,194,58,79,83,84,162,92,240,182,215,53,149,180,,27,,,b'\x11\xe8\xe1I\xc7D\xd9\xfa\xaf\x82\x12\xdf\x17\xaeN\x1e'
11E8E149-C744-D9FA-AF82-12DF17AE4E1E,2021-ncaa-d1-conf-Horizon,ncaa,6,7,5,8,6,6,7,5,8,7,4,8,6,5,7,8,4,3,10,3,1,5,5,8,7,8,6,11,1,5,9,5,6,5,7,7,8,8,7,8,2,1,6,8,,,7,4,,,7,5,3,8,8,8,5,8,5,10,7,4,2,2,3,4,7,7,7,8,8,1,7,,5,,,7,8,9,8,5,10,8,5,7,8,5,8,6,6,4,6,3,8,8,6,6,4,7,10,4,8,6,10,9,10,7,10,9,2,1,5,7,5,12,9,,,4,2,,,7,8,8,4,7,6,7,9,5,7,8,10,4,4,4,6,9,7,11,7,8,1,5,11,,2,,,b'\x11\xe8\xe1I\xc7D\xd9\xfa\xaf\x82\x12\xdf\x17\xaeN\x1e'
11E8E149-C744-D9FA-AF82-12DF17AE4E1E,2021-ncaa-d1-natl,ncaa,98,104,152,104,173,163,180,178,219,192,180,198,159,136,217,149,100,56,276,60,25,157,158,210,199,194,99,167,54,201,268,146,86,170,201,199,226,186,163,219,47,32,236,244,,,186,156,,,123,152,114,225,183,227,216,233,225,169,143,71,38,38,176,174,236,154,203,242,168,39,255,,172,,,126,134,147,161,128,152,156,167,171,207,92,236,108,122,87,119,118,151,184,126,98,57,144,206,89,129,86,240,268,198,201,231,297,69,54,120,153,122,219,240,,,79,28,,,123,191,209,40,126,80,114,121,123,98,152,185,60,81,81,84,159,78,245,187,223,55,122,213,,34,,,b'\x11\xe8\xe1I\xc7D\xd9\xfa\xaf\x82\x12\xdf\x17\xaeN\x1e'
11E8E149-C744-D9FA-AF82-12DF17AE4E1E,2022-ncaa-d0-natl,ncaa,95,49,216,71,236,148,215,228,190,230,247,180,169,164,175,167,18,14,137,15,3,179,175,176,118,139,50,189,4,89,47,145,141,114,67,283,329,211,205,294,84,55,118,89,,,53,49,,,73,207,99,195,97,195,208,214,225,142,138,3,4,4,97,68,48,81,36,291,245,53,102,,66,,,64,73,95,176,72,69,129,68,238,247,174,293,20,14,159,14,31,130,158,96,62,51,226,317,38,154,141,85,47,98,67,222,320,133,107,182,124,123,278,307,,,54,16,,,73,158,107,59,63,100,146,248,99,165,275,292,28,24,24,185,239,195,107,147,273,89,168,301,,12,,,b'\x11\xe8\xe1I\xc7D\xd9\xfa\xaf\x82\x12\xdf\x17\xaeN\x1e'
11E8E149-C744-D9FA-AF82-12DF17AE4E1E,2022-ncaa-d1-conf-Horizon,ncaa,5,4,8,5,8,2,6,7,5,6,6,5,9,9,4,10,1,1,6,1,1,4,3,6,4,4,4,10,2,2,3,5,7,2,3,9,11,7,7,10,3,2,2,2,,,6,5,,,4,6,3,3,2,3,5,4,3,7,9,1,1,1,1,1,1,2,2,7,10,1,3,,6,,,4,6,6,10,3,2,9,3,9,10,7,11,3,3,3,3,3,9,9,3,3,3,8,11,2,9,7,5,3,7,3,11,11,4,4,10,4,3,11,10,,,1,1,,,4,8,4,4,4,7,7,10,5,9,9,10,3,4,4,10,10,9,4,8,11,3,6,12,,1,,,b'\x11\xe8\xe1I\xc7D\xd9\xfa\xaf\x82\x12\xdf\x17\xaeN\x1e'
11E8E149-C744-D9FA-AF82-12DF17AE4E1E,2022-ncaa-d1-natl,ncaa,74,49,146,67,178,109,172,165,158,186,190,153,129,129,160,160,12,8,156,9,4,121,119,143,102,122,66,185,7,59,44,107,144,70,64,252,319,223,176,263,65,49,86,81,,,51,35,,,52,141,89,210,75,158,170,187,202,122,130,4,5,5,77,64,38,66,29,267,220,50,81,,51,,,49,110,146,231,65,103,166,70,270,289,150,301,22,16,183,17,24,182,216,93,58,44,216,317,25,201,144,132,44,150,64,263,319,91,104,178,133,98,287,293,,,37,22,,,52,221,82,51,48,100,152,258,103,176,277,300,17,16,15,187,251,200,122,155,264,87,139,292,,12,,,b'\x11\xe8\xe1I\xc7D\xd9\xfa\xaf\x82\x12\xdf\x17\xaeN\x1e'
11E8E149-C744-D9FA-AF82-12DF17AE4E1E,2023-ncaa-d0-natl,ncaa,7,6,17,7,20,26,41,33,90,41,39,138,87,114,46,244,2,3,152,3,14,25,21,102,64,64,104,215,15,21,41,15,99,9,28,89,258,270,86,140,28,63,35,50,,,249,66,,,9,22,101,158,37,84,112,96,118,142,198,1,5,5,47,69,53,26,20,162,127,58,63,,97,,,9,225,249,343,10,170,288,38,313,354,21,343,54,79,52,86,47,338,341,16,11,11,260,329,30,319,99,283,41,314,28,341,349,25,92,184,192,52,348,295,,,10,23,,,9,340,39,12,10,30,53,276,32,96,236,335,11,25,29,208,261,207,82,115,267,83,83,311,,13,,,b'\x11\xe8\xe1I\xc7D\xd9\xfa\xaf\x82\x12\xdf\x17\xaeN\x1e'
11E8E149-C744-D9FA-AF82-12DF17AE4E1E,2023-ncaa-d1-conf-Horizon,ncaa,1,1,1,1,1,1,1,3,2,1,1,6,6,8,1,10,1,1,7,1,1,1,1,4,2,3,6,9,2,2,1,1,7,1,1,5,8,9,5,7,2,2,1,1,,,8,4,,,1,1,3,4,1,2,3,1,2,7,9,1,1,1,2,2,2,1,1,6,8,2,1,,5,,,1,3,5,11,2,4,5,3,8,10,2,10,2,2,3,2,1,10,11,2,2,1,8,10,1,10,7,5,1,7,1,10,11,2,3,3,6,3,11,10,,,1,2,,,1,11,1,1,1,2,2,9,2,3,5,10,2,2,2,8,11,10,2,6,9,2,4,11,,1,,,b'\x11\xe8\xe1I\xc7D\xd9\xfa\xaf\x82\x12\xdf\x17\xaeN\x1e'
11E8E149-C744-D9FA-AF82-12DF17AE4E1E,2023-ncaa-d1-natl,ncaa,9,6,18,7,24,28,45,37,99,48,46,151,102,134,48,245,2,3,153,3,14,25,21,109,67,72,106,219,13,27,45,17,106,10,33,103,262,247,90,145,34,77,39,53,,,226,67,,,9,25,104,156,40,88,125,103,125,142,204,1,5,5,53,76,58,29,21,172,127,69,66,,102,,,9,192,231,340,11,141,271,42,311,354,23,344,46,64,56,68,47,333,340,16,12,12,260,329,29,307,106,253,45,295,33,339,351,34,101,197,175,56,347,302,,,11,22,,,9,338,39,13,10,36,60,278,38,99,240,334,12,25,29,214,257,209,84,127,280,94,83,314,,13,,,b'\x11\xe8\xe1I\xc7D\xd9\xfa\xaf\x82\x12\xdf\x17\xaeN\x1e'
11E8E149-C744-D9FA-AF82-12DF17AE4E1E,2023-ncaa-d1-ncaatournament,ncaa,36,2,36,36,38,52,60,61,53,57,62,48,50,53,52,25,31,38,6,38,6,53,52,54,41,43,12,47,2,55,52,52,58,58,63,58,50,17,44,55,47,38,51,51,,,14,28,,,49,50,25,7,49,60,57,54,56,44,29,4,9,10,50,46,50,48,57,55,39,32,47,,32,,,52,17,19,26,41,13,12,35,36,32,53,58,6,7,12,7,17,20,28,50,44,40,52,58,7,26,58,15,52,19,63,39,68,41,24,59,2,6,23,54,,,42,12,,,49,18,47,46,48,51,52,56,34,31,61,60,9,13,13,50,57,55,46,51,65,16,4,45,,14,,,b'\x11\xe8\xe1I\xc7D\xd9\xfa\xaf\x82\x12\xdf\x17\xaeN\x1e'
11E8E149-C744-D9FA-AF82-12DF17AE4E1E,2024-ncaa-d0-natl,ncaa,12,13,13,16,26,19,31,72,17,21,32,43,142,238,16,317,4,3,202,3,20,35,34,30,23,29,222,287,33,108,138,36,70,41,56,83,252,237,103,113,25,45,134,164,,,245,88,,,23,26,124,263,36,56,236,37,104,214,311,7,8,9,120,161,195,80,130,131,107,51,196,,97,,,25,267,270,316,75,193,229,118,336,347,142,336,144,131,222,135,101,307,325,114,98,62,301,333,75,225,70,226,138,232,56,329,329,33,93,174,262,150,333,234,,,5,9,,,23,335,32,48,27,96,98,178,49,54,285,310,60,50,49,125,184,101,48,54,265,97,141,282,,23,,,b'\x11\xe8\xe1I\xc7D\xd9\xfa\xaf\x82\x12\xdf\x17\xaeN\x1e'
11E8E149-C744-D9FA-AF82-12DF17AE4E1E,2024-ncaa-d1-conf-Horizon,ncaa,1,1,1,1,1,2,2,6,2,2,1,2,7,9,2,10,1,1,7,1,2,2,2,2,2,2,9,9,3,5,5,1,4,1,3,4,7,7,6,4,2,2,4,4,,,2,2,,,2,1,5,7,2,2,8,2,2,8,10,2,3,3,6,5,10,2,2,4,6,2,5,,2,,,2,4,7,10,3,4,5,3,10,10,2,10,2,2,10,2,1,7,10,2,1,1,7,10,2,8,4,4,5,4,3,10,11,2,3,4,5,5,9,5,,,1,1,,,2,10,2,1,2,2,3,6,3,4,9,10,2,2,2,4,6,5,3,2,7,3,5,8,,3,,,b'\x11\xe8\xe1I\xc7D\xd9\xfa\xaf\x82\x12\xdf\x17\xaeN\x1e'
11E8E149-C744-D9FA-AF82-12DF17AE4E1E,2024-ncaa-d1-natl,ncaa,12,13,16,16,34,24,38,94,18,26,38,49,169,261,17,319,5,4,201,4,20,46,48,33,26,31,222,291,30,135,141,50,82,57,69,100,259,205,107,118,39,52,152,169,,,225,96,,,26,39,130,264,41,62,246,41,105,222,315,7,9,9,133,171,214,89,146,144,107,57,200,,105,,,30,257,259,304,88,166,199,130,329,345,159,336,130,115,229,117,106,287,317,134,112,84,300,333,76,209,82,190,141,197,69,327,334,52,108,192,238,155,330,247,,,8,8,,,26,324,34,70,30,106,111,183,54,59,295,314,70,54,53,130,180,107,53,58,275,110,150,287,,20,,,b'\x11\xe8\xe1I\xc7D\xd9\xfa\xaf\x82\x12\xdf\x17\xaeN\x1e'
11E8E149-C744-D9FA-AF82-12DF17AE4E1E,2025-ncaa-d0-natl,genius_ncaa,49,65,29,62,38,49,69,145,18,82,204,15,74,105,64,129,6,10,35,10,4,99,92,19,10,20,77,176,26,237,207,23,60,53,36,52,53,250,158,85,181,260,65,89,,,124,37,,346,55,69,234,140,57,109,322,148,311,112,156,11,21,20,249,278,306,22,115,61,131,260,87,,44,,337,56,266,263,336,30,143,300,11,349,332,328,302,66,66,177,60,25,316,291,85,51,128,325,353,31,240,60,111,207,159,36,327,323,226,311,329,234,174,116,140,,,35,41,,343,55,295,38,127,57,115,131,285,46,195,333,306,29,31,28,222,123,148,15,29,271,317,152,67,,85,,349,b'\x11\xe8\xe1I\xc7D\xd9\xfa\xaf\x82\x12\xdf\x17\xaeN\x1e'
11E8E149-C744-D9FA-AF82-12DF17AE4E1E,2025-ncaa-d1-conf-Horizon,genius_ncaa,3,3,2,3,2,2,3,6,1,3,7,1,3,4,3,5,1,1,2,1,1,4,4,1,1,2,4,7,1,6,3,1,2,1,2,2,2,4,3,3,5,6,3,3,,,2,3,,11,3,4,9,8,2,3,11,3,10,5,5,1,1,1,8,9,8,1,1,2,3,7,3,,3,,11,3,6,5,10,3,2,7,1,11,11,11,11,2,2,4,2,1,10,9,3,3,3,11,11,2,6,2,2,3,2,2,11,11,8,10,11,5,4,3,3,,,1,1,,11,3,9,2,3,3,3,4,9,2,3,11,11,2,2,2,5,2,3,2,2,10,10,4,3,,3,,11,b'\x11\xe8\xe1I\xc7D\xd9\xfa\xaf\x82\x12\xdf\x17\xaeN\x1e'
11E8E149-C744-D9FA-AF82-12DF17AE4E1E,2025-ncaa-d1-natl,genius_ncaa,28,65,6,57,7,20,39,75,12,38,134,6,52,66,55,151,2,4,27,3,4,47,39,16,4,13,86,197,24,209,204,9,43,21,27,23,49,301,151,69,117,219,43,86,,,165,22,,355,26,22,209,151,45,83,312,107,299,116,165,8,20,19,234,266,305,15,102,47,131,224,82,,33,,336,35,315,314,353,23,194,334,10,358,353,299,310,90,88,210,76,22,351,343,54,33,88,325,352,31,278,43,170,204,221,27,347,324,141,285,304,275,156,117,98,,,17,46,,341,26,341,24,88,29,94,109,285,36,197,327,309,26,26,26,216,138,129,12,26,257,288,141,46,,83,,352,b'\x11\xe8\xe1I\xc7D\xd9\xfa\xaf\x82\x12\xdf\x17\xaeN\x1e'
11E8E149-C744-D9FA-AF82-12DF17AE4E1E,2026-ncaa-d0-natl,genius_ncaa,55,39,116,52,120,117,141,209,65,119,215,33,186,174,234,187,28,24,133,25,7,163,157,78,54,85,150,279,25,214,181,144,229,176,160,189,295,266,245,240,35,28,232,236,,,210,180,,205,68,140,165,41,92,147,303,122,277,215,197,15,15,16,199,175,252,167,225,229,244,25,269,,188,,183,62,149,107,165,57,101,124,127,138,247,33,258,273,273,185,282,312,178,216,55,80,49,268,153,324,266,229,119,181,176,160,173,287,68,54,77,206,182,260,284,,,49,17,,286,68,205,115,71,78,90,48,91,57,48,94,238,259,264,276,119,233,241,56,121,131,55,176,248,,24,,308,b'\x11\xe8\xe1I\xc7D\xd9\xfa\xaf\x82\x12\xdf\x17\xaeN\x1e'
11E8E149-C744-D9FA-AF82-12DF17AE4E1E,2026-ncaa-d1-conf-Horizon,genius_ncaa,4,5,4,5,4,5,5,7,2,4,9,1,9,7,8,6,6,6,2,6,6,7,7,3,2,4,10,9,6,8,3,10,10,10,8,7,10,7,10,8,5,2,7,7,,,9,11,,8,4,5,8,1,3,2,5,2,8,9,6,6,6,6,7,6,6,11,11,6,9,2,7,,10,,8,4,5,3,2,10,2,3,6,3,2,10,3,9,10,3,9,11,2,5,10,11,7,9,6,10,8,10,2,3,3,8,7,11,4,1,8,3,3,3,5,,,6,9,,9,4,2,2,9,5,7,5,1,4,4,4,1,10,11,11,1,4,9,1,2,9,2,3,4,,7,,9,b'\x11\xe8\xe1I\xc7D\xd9\xfa\xaf\x82\x12\xdf\x17\xaeN\x1e'
11E8E149-C744-D9FA-AF82-12DF17AE4E1E,2026-ncaa-d1-natl,genius_ncaa,38,39,85,47,89,85,125,208,47,99,196,31,200,189,224,225,7,8,118,8,5,146,123,67,42,83,149,298,16,203,153,134,240,164,150,189,293,290,258,253,31,29,252,247,,,235,197,,201,49,105,180,47,84,157,319,112,270,236,236,10,7,8,211,181,257,178,221,222,259,27,285,,193,,160,54,128,93,182,36,88,126,106,126,270,17,272,269,268,170,278,305,200,250,36,50,33,276,166,322,278,240,101,153,165,150,171,294,48,42,63,211,178,265,272,,,13,9,,284,49,241,99,45,63,55,25,70,35,38,84,248,236,240,248,105,215,251,29,88,116,49,174,242,,12,,310,b'\x11\xe8\xe1I\xc7D\xd9\xfa\xaf\x82\x12\xdf\x17\xaeN\x1e'
11E8E149-C749-6844-AF82-12DF17AE4E1E,2010-ncaa-d0-natl,ncaa,178,86,337,139,342,335,337,344,272,326,325,301,309,321,150,260,269,285,163,287,112,342,344,283,258,255,154,228,42,337,330,339,210,344,315,325,181,16,233,246,253,92,221,155,,,9,167,,,230,344,303,283,315,322,325,295,238,273,292,168,171,177,315,326,329,314,333,297,137,142,164,,84,,,236,2,10,1,268,49,20,289,1,3,21,19,24,45,11,48,185,1,2,188,161,130,2,5,179,8,210,27,330,8,315,6,36,302,110,61,121,304,72,193,,,301,28,,,230,1,279,124,244,52,88,20,233,150,4,11,106,164,167,25,26,78,227,179,34,178,264,152,,128,,,b'\x11\xe8\xe1I\xc7IhD\xaf\x82\x12\xdf\x17\xaeN\x1e'
11E8E149-C749-6844-AF82-12DF17AE4E1E,2010-ncaa-d1-conf-Big South,ncaa,4,5,3,5,4,6,5,6,6,6,5,7,4,5,2,4,6,7,2,7,6,7,7,6,5,5,3,2,4,8,8,6,3,8,8,5,3,3,6,5,5,4,3,4,,,3,4,,,5,6,6,7,7,8,7,7,6,5,5,6,7,7,7,8,8,8,8,6,3,5,4,,1,,,5,3,4,3,7,6,5,8,3,4,3,4,5,4,3,4,5,3,2,7,6,6,3,3,3,2,3,7,8,5,8,3,3,6,4,4,4,6,3,4,,,4,4,,,5,3,6,5,5,4,4,2,4,2,2,4,2,5,5,2,2,2,5,3,3,6,4,3,,6,,,b'\x11\xe8\xe1I\xc7IhD\xaf\x82\x12\xdf\x17\xaeN\x1e'
11E8E149-C749-6844-AF82-12DF17AE4E1E,2010-ncaa-d1-natl,ncaa,132,100,191,117,258,286,289,312,233,262,242,273,262,293,118,258,184,192,180,198,126,305,313,249,225,235,174,224,66,321,305,318,256,332,309,269,167,108,233,227,107,43,153,141,,,71,162,,,181,295,288,285,291,301,315,264,225,258,287,170,166,173,308,313,316,319,330,267,155,81,152,,97,,,181,18,40,20,241,148,102,248,5,13,51,23,76,115,20,117,180,19,41,169,147,74,12,13,182,84,256,129,305,100,309,20,47,134,42,33,240,296,86,123,,,175,34,,,181,39,254,88,190,37,67,20,191,132,7,11,101,145,150,19,46,126,196,166,34,96,260,95,,123,,,b'\x11\xe8\xe1I\xc7IhD\xaf\x82\x12\xdf\x17\xaeN\x1e'
11E8E149-C749-6844-AF82-12DF17AE4E1E,2011-ncaa-d0-natl,ncaa,309,226,340,297,340,341,341,337,334,337,327,335,307,297,295,185,340,340,309,340,330,339,341,331,342,333,217,150,274,327,307,328,139,333,296,341,305,21,255,316,306,216,178,121,,,9,159,,,297,341,213,85,333,318,189,295,166,253,207,335,324,326,251,227,249,141,208,327,230,216,89,,150,,,312,5,7,5,176,26,17,178,9,10,70,47,40,40,116,38,144,4,3,130,127,161,49,44,200,7,139,49,307,15,296,10,97,333,234,180,154,327,116,263,,,342,304,,,297,3,334,160,314,148,176,179,247,273,50,54,179,201,197,189,149,160,334,309,138,231,315,269,,310,,,b'\x11\xe8\xe1I\xc7IhD\xaf\x82\x12\xdf\x17\xaeN\x1e'
11E8E149-C749-6844-AF82-12DF17AE4E1E,2011-ncaa-d1-conf-Big South,ncaa,8,8,5,8,7,8,8,8,8,8,6,8,5,5,7,3,7,7,5,7,8,8,8,8,8,8,4,3,5,8,8,6,4,7,5,8,6,4,6,8,7,5,4,5,,,1,5,,,7,8,6,4,8,8,6,8,6,4,4,7,7,7,6,7,8,6,7,8,4,6,3,,3,,,7,2,2,1,4,4,4,5,2,3,2,3,4,3,7,2,5,1,1,5,5,5,3,2,6,2,4,6,8,5,5,1,3,7,5,5,6,7,3,4,,,7,5,,,7,1,8,4,8,3,4,3,4,5,2,3,6,3,2,2,2,3,7,6,3,5,7,4,,6,,,b'\x11\xe8\xe1I\xc7IhD\xaf\x82\x12\xdf\x17\xaeN\x1e'
11E8E149-C749-6844-AF82-12DF17AE4E1E,2011-ncaa-d1-natl,ncaa,258,240,279,259,290,319,304,251,328,284,206,324,290,260,318,206,327,321,294,321,330,282,297,329,335,330,251,210,249,265,296,200,84,234,256,328,311,111,222,305,205,154,125,105,,,48,118,,,238,290,206,96,323,299,172,264,141,276,222,324,304,307,231,218,226,86,144,328,206,173,88,,101,,,239,12,24,56,62,74,124,78,22,38,37,71,60,66,118,61,88,40,50,42,40,40,55,59,184,61,84,271,296,189,256,27,114,216,130,86,254,305,145,170,,,316,295,,,238,55,328,40,239,64,85,143,152,233,35,57,107,120,106,128,128,124,332,299,76,144,292,208,,298,,,b'\x11\xe8\xe1I\xc7IhD\xaf\x82\x12\xdf\x17\xaeN\x1e'
11E8E149-C749-6844-AF82-12DF17AE4E1E,2012-ncaa-d0-natl,ncaa,266,153,342,244,342,339,334,340,247,330,323,261,282,296,192,169,339,340,150,340,332,341,341,249,264,289,232,154,294,323,181,338,236,339,217,334,291,53,298,308,261,119,228,143,,,41,308,,,240,342,196,262,286,245,209,217,180,201,209,322,325,326,262,217,190,247,232,298,284,128,135,,292,,,261,5,5,2,200,11,6,169,7,5,181,31,103,142,34,145,312,2,2,166,183,182,144,42,313,11,236,4,181,2,217,4,31,320,157,66,228,335,85,239,,,342,323,,,240,2,290,192,266,168,126,75,180,188,50,33,300,315,315,144,146,200,157,176,48,173,334,240,,320,,,b'\x11\xe8\xe1I\xc7IhD\xaf\x82\x12\xdf\x17\xaeN\x1e'
11E8E149-C749-6844-AF82-12DF17AE4E1E,2012-ncaa-d1-conf-Big South,ncaa,7,7,5,7,7,8,8,8,8,7,6,8,6,5,5,4,9,9,2,9,9,9,9,8,8,8,5,4,5,7,8,6,4,8,6,8,6,7,9,8,8,7,6,6,,,8,8,,,7,8,8,8,8,8,9,7,6,5,5,9,9,9,9,9,7,7,8,8,7,7,6,,7,,,7,3,1,2,5,6,6,7,2,1,4,2,8,8,2,8,8,2,2,4,5,7,5,2,8,3,4,4,8,4,6,2,3,8,6,5,9,9,8,6,,,9,9,,,7,2,8,7,7,4,3,2,5,5,2,2,8,8,8,2,2,3,6,4,4,7,9,8,,9,,,b'\x11\xe8\xe1I\xc7IhD\xaf\x82\x12\xdf\x17\xaeN\x1e'
11E8E149-C749-6844-AF82-12DF17AE4E1E,2012-ncaa-d1-natl,ncaa,208,153,325,198,337,292,260,252,246,242,228,245,238,232,235,170,322,329,128,330,335,286,287,251,266,276,258,174,307,188,134,296,169,271,155,296,289,144,248,283,123,59,162,125,,,165,297,,,197,310,129,262,229,172,97,141,111,194,171,308,318,320,166,123,115,223,153,272,258,60,124,,286,,,198,27,21,12,189,64,54,167,14,11,128,29,204,263,33,257,308,20,25,142,166,115,119,34,313,53,169,54,134,37,155,11,41,191,82,34,298,327,140,168,,,334,336,,,197,31,265,118,202,149,118,74,181,188,35,31,291,312,310,137,176,150,200,182,49,89,330,209,,320,,,b'\x11\xe8\xe1I\xc7IhD\xaf\x82\x12\xdf\x17\xaeN\x1e'
11E8E149-C749-6844-AF82-12DF17AE4E1E,2013-ncaa-d0-natl,ncaa,259,166,339,237,340,335,333,318,330,290,205,329,334,334,330,312,248,266,129,266,256,318,325,335,332,321,282,319,37,241,181,311,233,302,238,317,210,53,200,284,207,117,210,148,,,35,131,,,264,335,137,88,288,288,146,196,44,330,311,130,145,144,151,123,95,160,116,277,225,109,144,,174,,,286,15,15,9,139,19,33,81,81,34,290,97,129,166,35,160,274,13,13,139,142,122,243,170,263,80,233,83,181,71,238,4,26,243,121,46,205,316,183,205,,,320,229,,,264,14,319,144,270,189,150,166,145,216,179,124,267,295,295,219,237,253,300,299,57,110,313,285,,198,,,b'\x11\xe8\xe1I\xc7IhD\xaf\x82\x12\xdf\x17\xaeN\x1e'
11E8E149-C749-6844-AF82-12DF17AE4E1E,2013-ncaa-d1-conf-Big South,ncaa,8,7,6,8,6,10,8,8,10,8,4,11,11,11,11,11,8,8,3,8,10,8,8,11,11,9,10,11,4,6,6,8,7,7,7,9,6,2,5,8,6,5,8,7,,,4,5,,,9,9,7,2,10,8,6,6,1,11,11,5,6,6,7,7,6,6,6,7,4,6,6,,6,,,9,6,6,2,7,5,4,7,5,5,9,6,6,6,4,6,8,3,4,7,7,8,7,6,6,7,7,9,6,7,7,3,3,6,4,4,7,7,8,7,,,7,8,,,9,4,9,8,9,8,7,7,6,7,8,7,6,6,6,6,6,8,10,9,5,5,7,9,,6,,,b'\x11\xe8\xe1I\xc7IhD\xaf\x82\x12\xdf\x17\xaeN\x1e'
11E8E149-C749-6844-AF82-12DF17AE4E1E,2013-ncaa-d1-natl,ncaa,201,165,292,202,302,290,277,215,308,196,99,302,330,313,333,309,205,228,135,229,296,219,230,329,323,306,302,321,78,155,182,232,230,211,234,266,184,127,169,232,102,64,145,128,,,90,117,,,230,251,122,92,266,249,107,142,30,328,302,151,176,176,121,106,92,153,107,235,208,52,120,,166,,,232,53,45,62,100,63,107,70,99,61,234,88,182,240,22,240,261,73,113,102,97,72,216,148,258,187,230,226,182,217,234,16,25,129,85,32,261,292,215,165,,,267,264,,,230,101,302,89,227,154,122,164,133,221,149,110,250,286,285,208,254,259,307,307,39,73,306,255,,221,,,b'\x11\xe8\xe1I\xc7IhD\xaf\x82\x12\xdf\x17\xaeN\x1e'
11E8E149-C749-6844-AF82-12DF17AE4E1E,2014-ncaa-d0-natl,ncaa,221,173,297,212,313,220,218,237,170,194,179,234,221,257,84,235,202,259,27,260,275,250,245,192,164,184,201,203,162,190,128,228,187,222,141,262,282,165,224,261,182,158,320,326,,,66,87,,,209,252,71,165,117,111,84,113,78,180,210,128,203,201,102,78,130,95,92,236,272,137,313,,143,,,209,139,211,139,278,250,190,266,115,98,212,112,47,63,44,62,56,115,102,262,214,238,36,123,37,129,187,69,128,70,141,162,117,246,224,230,239,279,264,259,,,312,317,,,209,99,178,239,207,281,320,320,323,321,179,160,95,119,123,297,280,239,185,223,254,177,303,318,,256,,,b'\x11\xe8\xe1I\xc7IhD\xaf\x82\x12\xdf\x17\xaeN\x1e'
11E8E149-C749-6844-AF82-12DF17AE4E1E,2014-ncaa-d1-conf-Big South,ncaa,7,6,7,7,7,4,5,4,5,4,3,5,5,6,4,7,5,6,1,6,8,5,7,6,4,4,8,8,5,7,7,7,3,7,6,5,8,5,5,5,6,6,10,10,,,6,6,,,6,4,2,5,4,3,3,3,2,4,6,4,4,4,3,3,7,5,7,5,6,6,10,,6,,,6,9,9,6,10,9,8,9,3,3,9,2,5,6,4,5,4,6,6,9,8,9,1,2,3,4,3,5,7,5,6,8,1,5,7,7,4,4,10,10,,,8,8,,,6,8,4,8,6,10,10,10,10,10,4,3,5,6,5,10,9,5,7,5,8,4,5,10,,6,,,b'\x11\xe8\xe1I\xc7IhD\xaf\x82\x12\xdf\x17\xaeN\x1e'
11E8E149-C749-6844-AF82-12DF17AE4E1E,2014-ncaa-d1-natl,ncaa,173,171,145,178,179,123,110,111,123,91,73,197,177,222,51,249,150,194,44,192,284,128,109,145,130,159,229,207,204,117,98,116,166,108,108,207,284,262,216,253,94,105,304,324,,,130,81,,,160,109,52,183,80,65,64,74,55,170,215,132,198,198,75,54,104,85,68,210,276,87,306,,141,,,160,244,297,261,263,308,293,242,165,141,222,106,81,109,37,110,56,233,241,238,194,198,36,128,40,210,166,150,98,179,108,223,114,148,182,184,301,261,289,224,,,252,328,,,160,240,140,197,160,265,312,316,314,318,177,146,91,119,124,290,289,219,166,196,235,130,296,298,,259,,,b'\x11\xe8\xe1I\xc7IhD\xaf\x82\x12\xdf\x17\xaeN\x1e'
11E8E149-C749-6844-AF82-12DF17AE4E1E,2015-ncaa-d0-natl,ncaa,282,238,338,275,340,285,303,334,123,237,286,109,313,310,284,267,104,143,45,141,48,328,325,176,116,160,222,302,13,262,122,305,180,302,102,332,323,105,258,303,279,225,333,326,,,43,163,,,213,333,126,93,139,191,258,107,150,289,277,15,26,22,185,143,173,152,145,299,267,212,319,,203,,,218,49,66,27,254,77,39,258,99,90,193,188,110,106,168,101,225,23,22,249,251,249,155,159,193,51,180,7,122,4,102,84,151,274,195,209,112,238,78,163,,,214,29,,,213,22,154,247,207,271,269,224,271,214,217,211,237,239,240,248,248,202,71,98,221,163,242,174,,27,,,b'\x11\xe8\xe1I\xc7IhD\xaf\x82\x12\xdf\x17\xaeN\x1e'
11E8E149-C749-6844-AF82-12DF17AE4E1E,2015-ncaa-d1-conf-Big South,ncaa,9,9,7,9,8,5,4,9,3,4,7,3,10,10,9,10,4,5,2,5,3,8,7,3,3,4,10,10,2,9,6,8,6,8,7,7,9,8,8,10,9,10,11,11,,,5,4,,,9,5,4,3,4,4,9,4,3,10,10,3,3,3,7,5,9,6,8,7,10,9,11,,5,,,9,10,11,7,9,10,7,9,4,5,4,6,6,6,8,5,5,8,7,9,9,9,2,3,4,5,6,2,6,4,7,9,9,9,9,11,8,7,4,4,,,4,2,,,9,7,4,9,9,11,11,10,11,9,6,7,9,7,7,11,9,7,3,4,9,9,9,4,,2,,,b'\x11\xe8\xe1I\xc7IhD\xaf\x82\x12\xdf\x17\xaeN\x1e'
11E8E149-C749-6844-AF82-12DF17AE4E1E,2015-ncaa-d1-natl,ncaa,243,238,209,247,232,142,168,239,94,111,158,83,273,264,258,264,31,51,52,50,44,192,167,142,97,124,219,295,21,124,57,124,94,120,41,290,327,221,223,292,195,197,292,293,,,141,146,,,121,193,82,102,80,128,184,63,111,266,252,9,14,13,115,82,90,50,53,281,262,178,290,,197,,,118,128,132,152,171,156,152,183,143,176,111,183,178,200,91,201,215,161,164,155,147,146,152,157,193,129,94,31,57,46,41,121,121,166,156,139,188,192,133,129,,,73,33,,,121,177,107,134,102,203,210,233,214,221,181,208,204,230,231,251,267,169,70,83,152,135,220,157,,16,,,b'\x11\xe8\xe1I\xc7IhD\xaf\x82\x12\xdf\x17\xaeN\x1e'
11E8E149-C749-6844-AF82-12DF17AE4E1E,2016-ncaa-d0-natl,ncaa,268,228,321,264,321,315,328,303,322,329,315,319,190,163,246,95,224,223,232,230,94,302,301,300,295,304,52,100,76,151,107,341,323,307,273,319,246,165,265,313,92,31,340,324,,,304,349,,,239,317,211,10,261,297,168,309,248,137,92,157,140,147,168,108,66,320,212,297,287,26,330,,347,,,240,36,15,7,194,16,10,196,71,47,214,142,286,309,45,304,348,18,39,201,236,140,302,143,344,160,323,68,107,83,273,56,233,97,26,48,74,157,127,237,,,247,151,,,239,32,278,166,242,181,87,37,88,48,142,118,331,342,339,110,234,286,242,275,143,23,184,201,,114,,,b'\x11\xe8\xe1I\xc7IhD\xaf\x82\x12\xdf\x17\xaeN\x1e'
11E8E149-C749-6844-AF82-12DF17AE4E1E,2016-ncaa-d1-conf-Big South,ncaa,9,8,8,9,8,9,11,7,10,9,10,9,5,2,7,2,6,5,6,5,4,8,8,8,8,8,2,3,5,5,5,11,8,9,7,9,8,8,8,11,1,1,10,10,,,10,11,,,7,8,2,5,6,9,3,9,9,4,2,6,4,4,4,2,3,10,6,8,9,1,9,,11,,,7,5,3,2,9,3,2,8,4,1,10,3,10,10,2,10,10,2,4,7,9,7,10,6,10,3,8,8,5,6,7,7,11,1,1,4,4,4,7,8,,,8,7,,,7,4,8,7,7,7,5,2,4,2,5,2,10,10,10,2,7,5,8,7,7,1,4,7,,5,,,b'\x11\xe8\xe1I\xc7IhD\xaf\x82\x12\xdf\x17\xaeN\x1e'
11E8E149-C749-6844-AF82-12DF17AE4E1E,2016-ncaa-d1-natl,ncaa,234,227,218,238,221,217,245,201,286,255,225,279,154,138,219,129,158,142,226,144,93,198,171,268,254,258,99,132,86,79,60,299,298,204,190,259,233,250,251,281,32,15,326,305,,,334,348,,,157,213,169,14,190,235,141,246,183,143,111,118,90,96,127,75,39,288,154,252,283,16,324,,347,,,155,64,20,14,123,23,23,130,98,85,149,163,309,330,35,328,347,46,149,131,170,63,316,159,344,216,298,128,60,160,190,82,250,36,14,31,149,160,122,158,,,173,160,,,157,130,217,80,155,118,48,30,43,36,132,132,319,338,334,84,242,270,186,225,115,16,198,153,,103,,,b'\x11\xe8\xe1I\xc7IhD\xaf\x82\x12\xdf\x17\xaeN\x1e'
11E8E149-C749-6844-AF82-12DF17AE4E1E,2017-ncaa-d0-natl,ncaa,217,152,321,207,334,297,287,278,272,228,158,305,307,323,188,308,216,194,274,193,210,274,266,296,299,292,258,282,93,89,32,319,298,238,145,282,231,169,244,272,102,54,210,200,,,177,290,,,219,319,123,268,224,224,125,141,34,280,293,133,91,94,101,51,18,264,85,232,282,49,171,,297,,,222,33,41,25,195,98,102,152,20,18,190,31,148,163,153,157,197,27,43,153,173,121,82,45,260,152,298,30,32,54,145,61,159,156,63,79,94,149,45,55,,,182,73,,,219,32,245,147,219,185,172,144,238,261,53,35,256,256,251,175,248,285,150,221,152,53,197,103,,38,,,b'\x11\xe8\xe1I\xc7IhD\xaf\x82\x12\xdf\x17\xaeN\x1e'
11E8E149-C749-6844-AF82-12DF17AE4E1E,2017-ncaa-d1-conf-Sun Belt,ncaa,7,7,8,7,9,10,9,5,11,7,5,12,9,9,5,9,7,7,9,7,10,6,6,10,10,9,8,8,7,3,3,11,8,6,5,9,6,7,8,8,3,2,7,9,,,8,9,,,10,8,4,4,10,8,4,7,4,8,8,7,7,7,4,4,3,9,3,9,7,2,7,,10,,,10,7,7,4,10,7,5,10,2,2,8,2,8,8,5,8,8,5,5,10,10,10,4,4,9,4,8,5,3,5,5,6,6,6,5,7,5,6,3,5,,,7,5,,,10,6,9,8,10,9,9,5,9,8,2,2,9,9,9,7,9,6,7,7,7,5,6,4,,5,,,b'\x11\xe8\xe1I\xc7IhD\xaf\x82\x12\xdf\x17\xaeN\x1e'
11E8E149-C749-6844-AF82-12DF17AE4E1E,2017-ncaa-d1-natl,ncaa,215,181,310,214,326,271,267,241,260,184,119,291,300,319,205,312,194,145,287,152,208,229,215,289,295,289,279,291,99,60,32,305,286,191,144,269,243,219,239,273,75,48,207,210,,,224,281,,,213,279,114,270,211,209,120,119,34,289,300,133,77,83,98,49,19,252,83,230,282,41,190,,294,,,214,58,67,41,180,125,129,142,36,25,191,41,190,191,187,190,197,42,83,150,171,113,106,60,262,185,286,60,32,94,144,80,165,110,55,71,121,144,56,46,,,139,85,,,213,68,239,135,213,173,157,139,219,248,65,44,256,247,239,173,244,276,155,220,148,48,188,96,,44,,,b'\x11\xe8\xe1I\xc7IhD\xaf\x82\x12\xdf\x17\xaeN\x1e'
11E8E149-C749-6844-AF82-12DF17AE4E1E,2018-ncaa-d0-natl,ncaa,170,129,242,163,253,217,220,279,119,162,165,180,295,327,106,315,116,105,196,92,92,251,225,158,142,224,253,293,51,94,18,156,160,130,36,265,288,290,299,303,190,153,214,203,,,176,256,,,133,265,226,99,184,189,265,120,117,284,321,70,59,50,212,116,56,93,52,258,308,164,203,,236,,,133,53,64,113,63,27,87,38,229,182,285,260,25,70,20,67,137,86,85,93,70,84,290,321,82,163,160,8,18,32,36,111,207,219,171,173,126,158,156,158,,,125,59,,,133,76,176,103,144,95,107,179,49,134,277,240,57,114,113,151,149,221,27,61,151,183,172,198,,61,,,b'\x11\xe8\xe1I\xc7IhD\xaf\x82\x12\xdf\x17\xaeN\x1e'
11E8E149-C749-6844-AF82-12DF17AE4E1E,2018-ncaa-d1-conf-Sun Belt,ncaa,7,6,4,7,6,4,5,6,2,3,3,5,9,10,3,11,1,1,6,1,3,4,2,4,3,7,9,11,3,3,2,4,3,3,2,7,11,11,10,10,6,7,6,7,,,10,10,,,5,5,5,8,5,6,7,4,3,10,11,2,1,1,6,3,3,4,3,7,11,6,7,,9,,,5,7,7,8,6,3,7,3,12,9,12,8,2,6,1,7,6,8,7,7,5,8,12,12,3,4,3,2,2,2,2,7,7,8,8,9,8,9,9,8,,,2,3,,,5,8,5,7,6,6,6,6,3,5,11,8,3,6,6,5,6,3,2,2,7,8,8,8,,1,,,b'\x11\xe8\xe1I\xc7IhD\xaf\x82\x12\xdf\x17\xaeN\x1e'
11E8E149-C749-6844-AF82-12DF17AE4E1E,2018-ncaa-d1-natl,ncaa,150,129,144,149,162,176,190,222,140,129,103,200,287,323,126,316,68,46,235,43,64,186,122,185,167,234,250,294,35,43,12,96,147,50,26,237,283,313,287,295,164,154,194,185,,,237,260,,,116,181,199,123,169,186,227,110,97,284,317,48,31,27,169,84,30,73,24,258,308,161,200,,244,,,116,67,82,176,52,34,112,35,254,243,237,280,54,106,14,100,149,149,159,73,52,69,294,320,92,199,147,23,12,58,26,134,208,171,160,145,165,155,183,147,,,55,52,,,116,142,170,78,120,83,89,185,38,116,268,257,65,129,127,160,167,218,34,69,139,162,176,194,,35,,,b'\x11\xe8\xe1I\xc7IhD\xaf\x82\x12\xdf\x17\xaeN\x1e'
11E8E149-C749-6844-AF82-12DF17AE4E1E,2019-ncaa-d0-natl,ncaa,163,152,173,165,221,145,124,140,116,72,62,148,274,294,181,298,139,123,242,123,207,132,92,160,165,218,310,293,157,26,8,101,135,60,18,230,324,325,289,301,136,152,200,212,,,260,270,,,175,134,70,245,113,86,93,35,36,269,286,123,103,106,79,30,13,53,13,240,321,124,200,,286,,,175,211,234,248,174,195,210,146,269,250,258,235,80,115,39,107,96,226,209,198,159,180,188,275,63,205,135,24,8,55,18,222,179,200,210,232,242,190,95,50,,,127,192,,,175,210,156,180,180,239,261,305,216,253,291,274,94,128,123,283,273,223,29,69,242,182,247,106,,92,,,b'\x11\xe8\xe1I\xc7IhD\xaf\x82\x12\xdf\x17\xaeN\x1e'
11E8E149-C749-6844-AF82-12DF17AE4E1E,2019-ncaa-d1-conf-Sun Belt,ncaa,7,8,3,8,4,5,5,4,5,4,4,5,8,9,7,9,4,5,9,5,6,4,4,6,7,10,10,10,6,2,2,3,4,4,1,7,9,11,12,10,6,6,4,5,,,11,10,,,8,4,4,12,5,5,4,3,3,9,9,5,5,5,4,2,2,4,2,9,12,6,5,,10,,,8,8,9,10,7,7,8,4,10,10,10,8,7,9,2,8,8,9,9,7,7,8,8,9,5,10,4,6,2,6,1,11,10,11,12,12,11,12,5,4,,,5,7,,,8,9,8,8,8,8,8,8,6,8,10,10,5,8,8,10,9,7,2,3,9,12,12,5,,6,,,b'\x11\xe8\xe1I\xc7IhD\xaf\x82\x12\xdf\x17\xaeN\x1e'
11E8E149-C749-6844-AF82-12DF17AE4E1E,2019-ncaa-d1-natl,ncaa,148,152,107,159,141,83,71,77,76,33,37,109,243,266,151,299,93,81,217,82,206,74,46,120,120,171,310,296,160,15,7,68,137,30,9,183,324,329,252,274,94,114,200,220,,,297,261,,,113,65,53,244,71,54,58,23,26,258,277,85,81,82,48,22,11,47,7,192,316,101,204,,283,,,112,249,264,286,138,219,248,129,288,287,227,254,95,138,33,133,98,280,282,168,124,148,197,277,68,256,137,28,7,86,9,254,201,123,193,206,243,149,99,35,,,78,197,,,113,282,116,148,120,224,248,309,206,250,290,286,92,127,124,294,286,239,25,67,242,137,227,95,,82,,,b'\x11\xe8\xe1I\xc7IhD\xaf\x82\x12\xdf\x17\xaeN\x1e'
11E8E149-C749-6844-AF82-12DF17AE4E1E,2020-ncaa-d0-natl,ncaa,30,10,312,18,314,94,138,224,69,93,157,75,237,260,123,262,7,28,18,29,44,187,209,92,52,52,184,280,13,68,14,66,115,45,20,237,301,120,139,198,243,231,278,282,,,82,105,,,29,260,58,93,20,41,62,33,47,186,211,1,7,7,22,25,23,8,4,172,208,198,263,,184,,,23,48,48,180,23,30,107,37,194,270,53,291,58,56,192,57,86,137,102,27,28,46,262,289,130,185,115,13,14,35,20,54,113,251,232,130,130,130,5,5,,,79,53,,,29,90,32,57,25,139,136,323,94,227,261,327,119,113,114,308,304,266,66,131,100,190,210,6,,17,,,b'\x11\xe8\xe1I\xc7IhD\xaf\x82\x12\xdf\x17\xaeN\x1e'
11E8E149-C749-6844-AF82-12DF17AE4E1E,2020-ncaa-d1-conf-Sun Belt,ncaa,2,2,9,2,9,2,4,6,2,3,5,2,7,7,7,9,1,2,1,2,2,4,5,3,1,1,6,10,1,3,2,2,4,2,2,5,6,6,5,6,11,12,6,6,,,3,1,,,2,7,3,4,2,2,2,2,2,6,7,1,2,2,2,2,2,2,2,4,8,11,6,,3,,,2,4,5,12,2,4,9,3,10,11,1,10,1,2,6,2,1,10,6,2,1,2,7,10,2,11,4,1,2,4,2,4,4,11,11,7,8,7,1,1,,,4,3,,,2,6,1,4,2,5,9,12,5,11,10,11,2,2,2,11,11,12,2,8,5,11,8,1,,2,,,b'\x11\xe8\xe1I\xc7IhD\xaf\x82\x12\xdf\x17\xaeN\x1e'
11E8E149-C749-6844-AF82-12DF17AE4E1E,2020-ncaa-d1-natl,ncaa,21,10,257,17,270,36,59,136,46,52,97,54,168,218,83,254,4,11,28,11,44,76,97,58,37,37,179,258,20,28,12,27,117,15,14,166,297,165,128,157,178,188,283,288,,,118,96,,,13,161,54,97,16,25,45,23,48,158,192,1,7,7,16,19,18,9,4,132,201,158,277,,177,,,10,63,68,247,14,42,144,38,213,320,23,310,70,78,176,79,99,204,199,21,17,25,262,289,134,236,117,27,12,65,14,65,109,185,201,88,152,118,5,5,,,32,50,,,13,191,22,31,14,107,114,314,81,189,235,334,103,104,108,297,304,271,52,124,90,147,195,6,,12,,,b'\x11\xe8\xe1I\xc7IhD\xaf\x82\x12\xdf\x17\xaeN\x1e'
11E8E149-C749-6844-AF82-12DF17AE4E1E,2021-ncaa-d0-natl,ncaa,329,276,293,332,303,286,277,292,124,248,251,193,306,320,108,319,285,270,294,268,235,291,283,170,197,266,307,293,203,248,71,292,331,288,231,273,171,150,317,280,277,232,297,281,,,58,148,,,314,286,22,339,166,122,157,66,38,283,317,204,137,133,145,27,79,177,114,141,332,170,260,,259,,,323,100,107,76,271,81,58,228,240,175,328,315,59,53,242,54,146,73,66,309,302,316,306,327,56,187,331,38,71,65,231,165,293,289,254,310,175,315,69,107,,,274,169,,,314,59,251,337,321,341,339,340,261,237,341,337,196,184,188,338,335,340,118,301,336,166,329,172,,87,,,b'\x11\xe8\xe1I\xc7IhD\xaf\x82\x12\xdf\x17\xaeN\x1e'
11E8E149-C749-6844-AF82-12DF17AE4E1E,2021-ncaa-d1-conf-Sun Belt,ncaa,12,11,12,12,12,10,10,11,1,9,9,4,11,12,3,12,11,11,10,11,12,12,11,3,5,10,12,11,11,7,3,12,12,12,8,9,8,7,11,9,10,10,9,8,,,4,4,,,11,11,3,12,5,3,5,3,2,10,11,8,7,7,5,3,4,7,3,5,12,8,7,,9,,,11,6,9,7,11,4,1,9,12,10,12,12,3,3,11,3,4,5,3,12,12,12,12,12,2,8,12,1,3,4,8,9,10,10,11,11,7,12,6,6,,,10,7,,,11,2,9,12,11,12,12,12,11,9,12,12,7,6,6,11,10,12,4,10,12,10,11,7,,5,,,b'\x11\xe8\xe1I\xc7IhD\xaf\x82\x12\xdf\x17\xaeN\x1e'
11E8E149-C749-6844-AF82-12DF17AE4E1E,2021-ncaa-d1-natl,ncaa,312,275,281,317,291,268,263,277,142,235,239,204,290,304,141,305,253,235,271,236,206,276,259,189,198,268,281,281,162,198,43,280,323,258,172,242,164,230,320,289,228,179,286,271,,,90,157,,,313,268,29,339,167,137,167,81,55,265,300,164,120,120,145,25,56,205,101,149,335,123,257,,254,,,312,128,129,108,278,97,74,273,273,221,316,328,83,61,255,63,148,97,90,311,305,306,303,328,50,200,323,52,43,79,172,217,299,250,204,295,224,309,73,88,,,247,155,,,313,75,251,327,310,332,329,334,250,184,340,337,170,150,148,325,328,334,84,240,335,129,329,139,,81,,,b'\x11\xe8\xe1I\xc7IhD\xaf\x82\x12\xdf\x17\xaeN\x1e'
11E8E149-C749-6844-AF82-12DF17AE4E1E,2022-ncaa-d0-natl,ncaa,214,87,347,163,350,288,304,332,169,263,278,147,311,311,285,276,146,134,194,129,35,313,307,212,176,227,234,293,20,95,3,249,164,195,9,319,308,178,298,314,337,305,283,225,,,147,326,,,144,336,27,274,86,122,91,66,70,264,232,13,9,8,35,11,7,15,6,238,338,265,217,,342,,,131,15,14,29,66,14,19,118,85,126,50,276,105,187,9,191,326,34,25,79,77,88,287,231,287,89,164,2,3,4,9,40,265,308,202,183,171,282,26,70,,,184,29,,,144,22,153,109,124,220,171,286,140,172,247,331,288,328,328,326,327,298,31,138,226,127,332,125,,4,,,b'\x11\xe8\xe1I\xc7IhD\xaf\x82\x12\xdf\x17\xaeN\x1e'
11E8E149-C749-6844-AF82-12DF17AE4E1E,2022-ncaa-d1-conf-Sun Belt,ncaa,8,8,5,8,7,6,8,6,7,7,5,7,9,9,9,7,3,4,3,3,1,6,5,9,7,10,7,8,1,3,1,5,8,4,2,7,9,11,12,11,12,12,6,7,,,11,12,,,9,5,3,8,6,9,4,6,5,8,8,2,2,2,4,3,3,2,3,8,12,12,7,,12,,,9,6,6,8,5,5,4,8,9,10,4,12,10,11,1,11,12,8,8,6,6,8,11,10,9,9,8,1,1,5,2,9,10,7,11,10,12,12,9,9,,,3,2,,,9,8,8,8,9,9,6,9,5,5,10,12,10,12,12,11,10,10,1,5,10,7,12,10,,2,,,b'\x11\xe8\xe1I\xc7IhD\xaf\x82\x12\xdf\x17\xaeN\x1e'
11E8E149-C749-6844-AF82-12DF17AE4E1E,2022-ncaa-d1-natl,ncaa,176,87,326,140,339,199,194,265,75,134,177,75,288,292,238,286,121,101,213,98,72,244,229,117,106,158,278,298,70,42,2,181,139,94,5,243,267,237,267,256,217,172,231,169,,,225,307,,,56,291,23,274,40,44,43,25,42,247,238,31,19,16,23,10,7,20,6,143,326,134,184,,331,,,42,23,16,48,31,16,31,81,100,176,26,277,138,224,6,229,328,53,68,36,42,26,292,228,290,128,139,2,2,5,5,47,242,164,89,69,219,252,48,42,,,135,62,,,56,69,87,34,43,141,93,235,75,123,194,307,255,313,314,274,319,265,13,71,160,49,318,111,,10,,,b'\x11\xe8\xe1I\xc7IhD\xaf\x82\x12\xdf\x17\xaeN\x1e'
11E8E149-C749-6844-AF82-12DF17AE4E1E,2023-ncaa-d0-natl,ncaa,223,188,290,221,320,187,242,287,197,275,294,197,148,159,127,114,69,99,62,99,20,246,244,161,122,151,46,119,30,195,133,269,314,252,222,200,121,201,254,220,192,171,307,320,,,153,186,,,210,255,56,291,107,192,193,241,247,94,108,20,38,38,128,87,147,191,164,150,281,130,299,,260,,,213,190,200,161,212,206,183,217,133,138,143,149,220,197,248,200,200,159,141,202,205,249,138,130,213,287,314,50,133,116,222,176,161,247,239,246,287,313,220,302,,,173,83,,,210,110,149,286,214,304,300,322,309,308,205,216,275,263,264,332,322,333,140,259,255,183,324,275,,69,,,b'\x11\xe8\xe1I\xc7IhD\xaf\x82\x12\xdf\x17\xaeN\x1e'
11E8E149-C749-6844-AF82-12DF17AE4E1E,2023-ncaa-d1-conf-Sun Belt,ncaa,9,8,9,9,14,7,11,13,3,12,13,4,2,8,1,5,3,4,2,3,1,12,10,1,1,2,2,4,2,12,10,11,11,12,9,6,2,12,12,8,9,9,10,10,,,5,4,,,8,10,5,13,3,9,13,12,13,2,7,2,3,2,10,7,10,7,10,4,12,8,9,,7,,,8,8,7,6,8,7,5,11,9,9,6,9,6,3,13,3,6,6,4,9,9,11,7,8,4,10,11,2,10,4,9,10,9,9,9,11,13,13,8,11,,,7,3,,,8,5,5,10,8,10,9,10,9,9,10,10,9,5,5,10,10,11,3,6,12,8,13,8,,3,,,b'\x11\xe8\xe1I\xc7IhD\xaf\x82\x12\xdf\x17\xaeN\x1e'
11E8E149-C749-6844-AF82-12DF17AE4E1E,2023-ncaa-d1-natl,ncaa,202,186,219,206,293,140,205,241,146,237,266,167,115,143,83,120,51,74,60,75,21,197,176,132,89,127,51,120,34,172,121,225,294,218,188,158,109,245,260,197,124,126,309,324,,,175,172,,,164,184,57,291,83,171,198,225,245,90,115,20,40,41,136,88,148,190,174,129,286,98,306,,237,,,164,199,212,200,203,231,213,202,139,150,142,147,219,211,192,212,193,205,203,193,193,191,125,135,206,278,294,58,121,128,188,181,145,161,169,178,297,306,215,267,,,123,78,,,164,178,121,229,164,274,270,287,283,288,176,193,247,248,250,293,313,309,105,211,225,125,319,247,,65,,,b'\x11\xe8\xe1I\xc7IhD\xaf\x82\x12\xdf\x17\xaeN\x1e'
11E8E149-C749-6844-AF82-12DF17AE4E1E,2024-ncaa-d0-natl,ncaa,246,297,94,274,113,121,147,114,191,80,53,193,293,273,307,318,22,6,337,6,29,78,39,246,230,261,268,333,18,21,26,104,328,49,145,235,327,350,291,325,142,224,73,93,,,337,252,,,270,63,44,207,140,171,147,75,60,315,298,23,7,7,58,19,22,112,30,282,341,167,80,,320,,,261,334,301,306,184,248,261,166,332,323,276,254,328,338,18,337,313,326,318,214,209,235,319,288,250,357,328,201,26,323,145,238,112,111,215,168,334,269,240,143,,,6,8,,,270,293,223,291,264,320,290,312,213,233,334,324,306,331,332,333,336,354,148,292,190,140,321,220,,4,,,b'\x11\xe8\xe1I\xc7IhD\xaf\x82\x12\xdf\x17\xaeN\x1e'
11E8E149-C749-6844-AF82-12DF17AE4E1E,2024-ncaa-d1-conf-Sun Belt,ncaa,10,11,6,11,7,7,10,10,7,8,7,8,12,10,10,10,2,1,10,1,1,9,9,10,9,10,8,11,1,6,6,4,8,5,4,9,7,9,12,10,11,12,2,2,,,9,8,,,11,9,9,8,7,10,10,8,7,12,10,1,1,1,9,8,6,3,4,9,10,12,2,,7,,,11,7,7,9,5,6,7,3,13,10,11,8,3,10,1,10,10,9,7,7,4,10,12,13,5,11,8,3,6,7,4,11,10,11,12,12,8,11,8,7,,,2,1,,,11,6,9,13,11,8,8,8,5,7,12,11,6,9,8,8,6,11,4,7,11,11,9,9,,1,,,b'\x11\xe8\xe1I\xc7IhD\xaf\x82\x12\xdf\x17\xaeN\x1e'
11E8E149-C749-6844-AF82-12DF17AE4E1E,2024-ncaa-d1-natl,ncaa,243,296,78,278,99,125,139,120,206,84,52,207,292,274,301,317,24,6,335,6,33,68,32,251,233,269,261,327,20,21,32,100,330,47,154,255,331,354,306,334,137,223,72,93,,,339,261,,,276,45,45,205,150,184,154,92,67,311,297,24,8,8,63,22,27,109,35,300,347,159,82,,319,,,271,338,305,322,181,257,271,170,339,332,278,257,327,342,28,340,312,338,335,216,208,233,324,296,250,359,330,215,32,328,154,242,113,114,216,173,341,279,252,163,,,7,9,,,276,311,238,296,273,318,288,314,205,229,337,327,310,333,332,335,337,354,147,294,196,140,324,235,,7,,,b'\x11\xe8\xe1I\xc7IhD\xaf\x82\x12\xdf\x17\xaeN\x1e'
11E8E149-C749-6844-AF82-12DF17AE4E1E,2025-ncaa-d0-natl,genius_ncaa,84,53,194,64,216,102,88,118,83,114,214,31,87,49,217,65,200,149,314,149,99,118,134,73,95,91,152,121,281,194,223,135,284,169,253,161,278,94,83,132,59,55,209,226,,,177,118,,130,77,125,32,192,51,49,47,68,200,55,27,187,115,116,46,59,179,90,124,138,133,37,202,,212,,142,74,153,186,230,121,187,205,163,195,262,85,254,74,108,22,113,118,216,252,122,91,61,142,226,70,311,284,239,223,282,253,124,90,61,65,54,138,134,25,35,,,186,242,,82,77,232,95,91,78,191,223,295,211,231,225,290,98,133,136,275,337,329,283,317,150,32,160,29,,171,,69,b'\x11\xe8\xe1I\xc7IhD\xaf\x82\x12\xdf\x17\xaeN\x1e'
11E8E149-C749-6844-AF82-12DF17AE4E1E,2025-ncaa-d1-conf-Sun Belt,genius_ncaa,4,4,4,4,5,5,4,5,5,5,8,2,6,3,12,4,10,8,13,8,7,5,6,4,4,3,8,7,10,9,11,4,10,7,12,6,10,4,4,5,4,4,10,9,,,7,3,,6,4,5,3,8,4,3,4,5,8,5,3,11,9,9,5,5,11,4,7,5,4,4,9,,6,,4,4,9,10,11,6,9,9,5,10,11,6,9,2,2,4,2,5,9,10,6,5,3,8,10,1,13,10,11,11,11,12,10,8,4,5,5,5,8,4,4,,,8,11,,4,4,10,5,5,4,7,10,12,7,8,11,9,2,3,3,11,12,12,11,12,10,3,7,4,,9,,4,b'\x11\xe8\xe1I\xc7IhD\xaf\x82\x12\xdf\x17\xaeN\x1e'
11E8E149-C749-6844-AF82-12DF17AE4E1E,2025-ncaa-d1-natl,genius_ncaa,65,53,113,62,136,64,64,66,89,68,172,26,77,29,248,63,147,97,311,98,90,68,78,80,103,92,167,128,269,141,205,117,285,119,248,131,279,140,77,129,30,39,167,187,,,253,148,,207,65,71,23,212,48,40,32,58,190,63,23,153,103,104,31,44,152,112,114,134,137,25,180,,245,,197,63,196,221,266,128,231,242,167,216,274,83,238,117,161,20,162,139,261,297,124,97,53,141,207,89,328,285,290,205,316,248,191,136,34,44,50,159,111,33,38,,,132,232,,88,65,287,95,68,73,188,219,273,210,225,203,271,111,146,148,255,337,322,297,317,174,22,154,32,,134,,83,b'\x11\xe8\xe1I\xc7IhD\xaf\x82\x12\xdf\x17\xaeN\x1e'
11E8E149-C749-6844-AF82-12DF17AE4E1E,2026-ncaa-d0-natl,genius_ncaa,123,198,49,171,73,68,67,46,155,111,107,167,19,17,79,57,134,82,344,78,116,46,35,113,149,151,65,39,290,54,133,58,140,51,128,87,209,326,181,183,30,55,80,60,,,280,109,,227,88,36,22,97,75,79,43,176,192,26,27,218,133,124,46,19,78,76,60,116,252,48,99,,186,,154,93,288,273,303,106,240,161,300,312,358,20,357,226,243,141,241,251,299,324,135,122,63,254,283,141,275,140,316,133,312,128,309,299,17,43,96,292,150,295,231,,,33,136,,66,88,327,152,65,99,168,161,234,112,23,268,357,142,143,141,221,321,189,245,225,244,21,221,240,,53,,115,b'\x11\xe8\xe1I\xc7IhD\xaf\x82\x12\xdf\x17\xaeN\x1e'
11E8E149-C749-6844-AF82-12DF17AE4E1E,2026-ncaa-d1-natl,genius_ncaa,110,195,13,183,35,34,46,19,148,107,97,182,6,7,55,58,86,40,323,37,72,20,13,101,126,138,31,26,247,44,161,33,139,27,147,67,215,338,181,188,36,82,70,51,,,332,161,,265,74,11,22,100,63,82,54,206,217,17,29,152,98,93,51,24,95,72,65,119,254,62,99,,236,,190,88,306,299,333,93,244,173,302,328,360,21,358,269,279,151,272,275,336,349,129,125,72,279,281,164,288,139,335,161,327,147,316,298,11,57,112,286,122,280,216,,,9,103,,58,74,353,139,78,96,173,169,238,110,25,275,358,172,181,162,234,325,193,245,234,249,31,180,208,,37,,105,b'\x11\xe8\xe1I\xc7IhD\xaf\x82\x12\xdf\x17\xaeN\x1e'
11E8E149-C74D-F4A4-AF82-12DF17AE4E1E,2010-ncaa-d0-natl,ncaa,72,86,50,85,78,115,91,91,129,145,172,130,48,51,78,59,260,260,206,260,289,119,122,91,129,129,109,50,324,140,183,65,137,86,149,108,171,182,150,124,85,90,258,254,,,255,220,,,120,121,265,266,173,142,170,220,256,55,73,312,316,315,232,259,195,123,159,147,113,119,283,,165,,,124,220,156,219,72,63,119,58,317,300,244,299,258,285,56,287,302,245,234,124,125,150,332,316,240,242,137,255,183,258,149,128,117,165,202,131,130,108,139,147,,,221,296,,,120,224,126,157,122,108,54,91,24,32,296,284,189,222,226,116,86,167,152,162,60,240,85,103,,313,,,b'\x11\xe8\xe1I\xc7M\xf4\xa4\xaf\x82\x12\xdf\x17\xaeN\x1e'
11E8E149-C74D-F4A4-AF82-12DF17AE4E1E,2010-ncaa-d1-conf-SoCon,ncaa,5,5,4,5,7,5,4,5,5,5,5,6,3,3,6,3,10,11,6,11,8,5,6,5,6,5,6,3,10,2,2,7,9,5,5,5,7,6,5,5,5,5,9,10,,,7,7,,,5,8,8,9,5,4,5,5,7,4,3,10,10,10,8,7,2,8,7,5,6,5,9,,6,,,5,4,5,4,7,4,3,6,7,5,9,7,6,6,3,6,9,4,4,8,8,5,9,7,7,8,9,4,2,6,5,6,7,6,5,5,3,4,3,3,,,10,9,,,5,4,4,7,6,5,4,4,4,3,7,4,6,6,7,4,6,9,3,8,5,7,4,3,,9,,,b'\x11\xe8\xe1I\xc7M\xf4\xa4\xaf\x82\x12\xdf\x17\xaeN\x1e'
11E8E149-C74D-F4A4-AF82-12DF17AE4E1E,2010-ncaa-d1-natl,ncaa,74,86,53,85,87,122,98,100,133,157,183,133,51,55,79,59,273,274,208,273,287,133,132,91,129,132,109,50,325,151,189,73,143,94,155,113,174,170,150,128,94,95,260,258,,,242,220,,,125,133,265,267,178,144,173,224,259,56,72,313,316,315,234,259,199,124,164,150,113,123,284,,166,,,129,211,142,208,77,54,106,59,315,296,247,297,244,277,57,279,303,233,218,128,128,155,332,316,239,234,143,244,189,243,155,113,120,184,211,139,120,111,134,153,,,235,294,,,125,212,130,164,130,112,54,93,25,31,296,285,192,221,227,119,84,168,155,164,65,247,85,107,,314,,,b'\x11\xe8\xe1I\xc7M\xf4\xa4\xaf\x82\x12\xdf\x17\xaeN\x1e'
11E8E149-C74D-F4A4-AF82-12DF17AE4E1E,2011-ncaa-d0-natl,ncaa,262,242,288,263,291,327,324,286,337,320,261,336,269,246,297,174,303,283,308,282,235,296,288,333,336,332,153,146,155,174,184,232,203,214,214,322,256,179,277,319,196,141,226,205,,,95,203,,,279,301,238,44,328,326,220,308,187,239,193,292,249,247,239,182,114,109,84,324,275,139,201,,194,,,282,22,27,40,71,51,61,106,49,91,33,151,109,168,18,175,250,55,49,52,48,77,140,114,232,149,203,155,184,156,214,104,281,262,202,199,180,254,322,336,,,306,280,,,279,45,329,95,282,98,98,157,130,179,87,149,173,244,252,187,168,252,295,294,192,197,254,338,,264,,,b'\x11\xe8\xe1I\xc7M\xf4\xa4\xaf\x82\x12\xdf\x17\xaeN\x1e'
11E8E149-C74D-F4A4-AF82-12DF17AE4E1E,2011-ncaa-d1-conf-SoCon,ncaa,9,9,8,9,9,11,11,9,11,10,8,10,7,6,11,5,9,7,9,7,7,9,9,10,11,11,5,5,5,5,6,7,8,7,7,9,6,8,10,9,6,6,6,6,,,7,7,,,10,10,6,3,11,10,7,9,8,7,6,8,7,7,8,6,4,6,4,9,9,4,6,,8,,,10,1,3,4,2,4,3,3,3,5,3,5,6,7,2,7,8,4,5,1,2,2,6,4,8,8,8,9,6,9,7,8,10,8,8,9,7,8,11,11,,,10,8,,,10,2,11,3,10,3,5,7,6,7,3,7,8,8,8,8,7,9,10,10,9,6,8,11,,8,,,b'\x11\xe8\xe1I\xc7M\xf4\xa4\xaf\x82\x12\xdf\x17\xaeN\x1e'
11E8E149-C74D-F4A4-AF82-12DF17AE4E1E,2011-ncaa-d1-natl,ncaa,258,240,279,259,288,328,327,280,337,317,250,336,256,229,301,170,304,280,307,278,235,293,278,334,339,334,152,148,152,161,173,215,211,195,207,326,264,217,283,322,197,146,217,199,,,103,204,,,283,293,241,48,330,327,223,309,191,242,192,290,249,246,244,179,107,115,83,327,282,146,188,,193,,,285,28,26,59,65,64,85,101,47,93,27,140,130,173,24,180,243,70,62,51,48,75,123,102,236,174,211,189,173,181,207,101,269,257,202,197,194,260,321,336,,,306,284,,,283,51,331,91,286,95,95,160,132,191,82,143,179,240,244,187,168,255,289,294,180,197,261,337,,268,,,b'\x11\xe8\xe1I\xc7M\xf4\xa4\xaf\x82\x12\xdf\x17\xaeN\x1e'
11E8E149-C74D-F4A4-AF82-12DF17AE4E1E,2012-ncaa-d0-natl,ncaa,297,288,240,298,263,336,341,295,343,340,257,342,309,254,339,209,222,142,328,143,61,283,230,343,343,341,98,245,9,83,69,200,283,143,160,331,229,305,322,338,126,83,62,35,,,46,71,,,296,291,250,177,341,341,290,339,227,305,240,197,100,96,262,165,42,127,54,335,321,90,39,,84,,,294,21,35,106,31,39,77,63,117,222,22,278,24,67,7,69,117,89,87,35,17,31,160,233,82,271,283,142,69,207,160,94,243,214,161,154,285,310,315,334,,,224,175,,,296,51,339,59,301,54,84,196,76,131,153,264,43,98,104,170,166,317,232,290,147,171,309,332,,171,,,b'\x11\xe8\xe1I\xc7M\xf4\xa4\xaf\x82\x12\xdf\x17\xaeN\x1e'
11E8E149-C74D-F4A4-AF82-12DF17AE4E1E,2012-ncaa-d1-conf-SoCon,ncaa,8,8,8,8,9,11,11,10,11,11,5,11,9,8,11,7,6,3,11,3,2,6,5,11,11,11,6,9,1,2,2,6,9,4,4,11,6,7,8,11,4,4,1,1,,,3,3,,,9,10,7,6,11,11,7,11,5,9,7,3,2,2,6,3,1,5,1,10,10,3,1,,3,,,9,2,2,4,2,1,4,3,7,10,4,9,2,3,2,3,4,4,5,2,2,3,7,10,4,9,9,9,2,10,4,7,9,7,6,7,4,6,10,10,,,6,5,,,9,3,11,4,9,5,5,6,4,5,8,10,3,3,3,8,6,10,10,11,8,7,7,10,,3,,,b'\x11\xe8\xe1I\xc7M\xf4\xa4\xaf\x82\x12\xdf\x17\xaeN\x1e'
11E8E149-C74D-F4A4-AF82-12DF17AE4E1E,2012-ncaa-d1-natl,ncaa,301,306,196,304,238,339,341,288,343,338,255,342,308,253,338,213,220,130,329,126,60,273,215,343,342,342,102,245,9,67,72,174,288,113,164,335,212,322,322,338,135,104,48,34,,,62,76,,,301,273,240,180,340,341,283,338,226,302,238,204,100,94,257,162,39,121,50,333,324,106,35,,90,,,302,32,55,146,40,67,102,73,117,225,26,260,25,66,8,69,102,119,119,48,20,33,141,218,78,286,288,175,72,249,164,124,255,202,167,166,308,318,323,334,,,209,184,,,301,71,339,71,305,64,110,209,105,158,148,250,45,98,102,176,178,318,241,298,172,167,318,333,,168,,,b'\x11\xe8\xe1I\xc7M\xf4\xa4\xaf\x82\x12\xdf\x17\xaeN\x1e'
11E8E149-C74D-F4A4-AF82-12DF17AE4E1E,2013-ncaa-d0-natl,ncaa,149,166,80,160,104,125,112,23,302,99,24,315,153,128,208,220,190,99,334,94,281,22,22,306,323,285,219,173,251,17,114,37,78,18,124,134,193,216,80,154,95,149,94,131,,,274,161,,,174,39,16,267,148,121,4,125,15,173,149,232,122,121,7,9,15,27,2,155,173,114,98,,246,,,174,262,257,296,107,272,315,104,136,170,111,82,264,240,267,240,119,292,295,86,92,88,97,90,209,215,78,340,114,328,124,202,122,67,125,97,139,57,325,218,,,79,252,,,174,306,255,79,172,208,218,295,248,311,113,135,233,208,208,278,303,162,339,321,165,86,120,308,,99,,,b'\x11\xe8\xe1I\xc7M\xf4\xa4\xaf\x82\x12\xdf\x17\xaeN\x1e'
11E8E149-C74D-F4A4-AF82-12DF17AE4E1E,2013-ncaa-d1-conf-SoCon,ncaa,6,5,8,6,11,5,5,1,9,5,2,9,5,4,7,6,4,5,8,5,8,1,2,9,9,7,5,5,6,1,4,4,3,1,4,7,7,2,2,5,5,6,4,4,,,8,7,,,6,3,1,9,5,5,1,5,1,4,4,4,2,2,1,1,1,2,1,7,6,4,4,,9,,,6,6,4,6,6,5,8,3,9,5,10,4,7,6,7,5,6,7,8,5,5,5,8,10,6,4,3,11,4,10,4,4,6,5,4,4,1,1,8,5,,,2,5,,,6,9,5,5,6,7,6,11,6,11,10,7,7,7,7,11,10,4,11,11,6,3,2,9,,1,,,b'\x11\xe8\xe1I\xc7M\xf4\xa4\xaf\x82\x12\xdf\x17\xaeN\x1e'
11E8E149-C74D-F4A4-AF82-12DF17AE4E1E,2013-ncaa-d1-natl,ncaa,155,165,90,162,123,136,121,24,310,114,26,320,160,139,211,218,202,109,335,106,278,23,24,311,328,288,215,172,252,17,119,46,79,19,129,146,199,203,80,162,112,152,98,132,,,267,166,,,180,44,16,267,158,126,4,135,16,171,149,233,121,121,7,9,15,29,3,162,173,118,98,,249,,,180,251,251,288,118,265,310,111,131,154,115,80,250,233,275,234,121,287,290,94,101,96,97,90,212,205,79,339,119,326,129,196,123,82,129,103,133,59,321,220,,,87,246,,,180,302,260,86,179,217,221,299,256,312,117,136,235,209,212,282,302,162,339,323,171,89,120,312,,100,,,b'\x11\xe8\xe1I\xc7M\xf4\xa4\xaf\x82\x12\xdf\x17\xaeN\x1e'
11E8E149-C74D-F4A4-AF82-12DF17AE4E1E,2014-ncaa-d0-natl,ncaa,105,150,28,128,49,65,51,10,310,42,5,327,202,177,228,294,80,54,282,59,307,11,13,321,323,282,291,273,196,7,117,28,209,12,175,107,230,205,33,128,27,68,128,210,,,324,152,,,171,16,17,270,123,88,9,62,2,243,234,150,103,109,12,13,12,36,11,176,99,44,161,,255,,,169,330,324,332,109,324,337,108,189,248,61,113,318,326,150,325,186,339,337,78,87,75,118,96,247,336,209,347,117,349,175,226,84,38,122,69,203,58,335,164,,,70,320,,,171,335,244,97,168,237,229,312,249,307,118,171,258,268,269,316,331,296,338,341,144,70,126,316,,177,,,b'\x11\xe8\xe1I\xc7M\xf4\xa4\xaf\x82\x12\xdf\x17\xaeN\x1e'
11E8E149-C74D-F4A4-AF82-12DF17AE4E1E,2014-ncaa-d1-conf-CAA,ncaa,3,3,3,3,4,2,2,2,5,2,1,8,6,7,2,7,3,1,8,1,5,2,2,5,7,4,6,6,4,2,5,3,6,2,5,3,6,2,1,3,3,6,2,3,,,9,6,,,4,1,1,6,2,2,1,1,1,6,7,3,1,1,1,1,2,2,2,3,3,3,2,,8,,,4,9,7,9,5,7,9,5,3,8,3,4,9,9,8,9,8,9,9,3,5,5,5,3,7,8,6,9,5,9,5,3,2,3,5,2,3,2,5,3,,,2,5,,,4,9,3,5,4,9,7,9,7,9,3,7,9,9,9,9,9,8,9,8,3,3,3,5,,1,,,b'\x11\xe8\xe1I\xc7M\xf4\xa4\xaf\x82\x12\xdf\x17\xaeN\x1e'
11E8E149-C74D-F4A4-AF82-12DF17AE4E1E,2014-ncaa-d1-natl,ncaa,111,150,33,138,54,76,57,11,314,44,5,330,208,186,227,292,93,64,280,68,309,11,14,323,327,283,291,271,192,9,122,29,217,13,182,119,235,193,33,130,31,70,133,216,,,319,152,,,183,18,18,273,127,95,9,66,2,246,236,157,104,109,12,15,13,38,12,187,97,49,164,,255,,,183,324,314,330,111,321,336,116,178,240,64,112,313,314,151,314,186,335,336,85,91,83,117,90,245,334,217,347,122,349,182,216,84,47,127,75,195,60,333,165,,,80,318,,,183,335,251,106,180,243,238,315,255,308,115,171,258,269,270,319,331,299,338,341,147,74,125,320,,180,,,b'\x11\xe8\xe1I\xc7M\xf4\xa4\xaf\x82\x12\xdf\x17\xaeN\x1e'
11E8E149-C74D-F4A4-AF82-12DF17AE4E1E,2015-ncaa-d0-natl,ncaa,320,329,172,326,229,293,250,202,273,150,99,264,327,303,340,301,311,311,225,308,340,227,185,312,322,328,332,318,274,159,164,289,323,243,280,294,294,284,298,320,171,165,250,226,,,140,125,,,330,202,161,283,314,261,184,133,57,332,307,322,317,317,232,177,146,303,261,310,298,164,247,,147,,,331,255,265,162,312,231,82,341,281,294,171,306,141,190,31,192,243,161,177,327,308,284,191,262,94,268,323,165,164,218,280,327,331,145,141,281,332,332,158,115,,,323,340,,,330,154,326,308,331,286,302,191,267,74,293,311,154,198,198,206,229,288,197,242,338,130,332,177,,339,,,b'\x11\xe8\xe1I\xc7M\xf4\xa4\xaf\x82\x12\xdf\x17\xaeN\x1e'
11E8E149-C74D-F4A4-AF82-12DF17AE4E1E,2015-ncaa-d1-conf-CAA,ncaa,9,9,6,9,10,10,8,8,9,5,5,8,10,10,9,9,6,8,3,7,9,8,7,10,10,10,10,10,5,6,5,10,9,8,9,10,9,7,9,10,7,7,8,7,,,2,4,,,10,8,4,9,10,8,6,4,3,10,9,6,7,6,7,4,5,10,8,10,9,6,8,,3,,,10,10,10,5,10,8,2,10,9,10,7,10,4,4,4,4,9,4,4,10,10,9,7,9,2,7,9,4,5,5,9,10,10,5,5,9,7,8,4,5,,,9,9,,,10,3,10,10,10,10,10,9,9,2,9,10,5,6,6,8,8,8,7,8,10,5,8,5,,8,,,b'\x11\xe8\xe1I\xc7M\xf4\xa4\xaf\x82\x12\xdf\x17\xaeN\x1e'
11E8E149-C74D-F4A4-AF82-12DF17AE4E1E,2015-ncaa-d1-natl,ncaa,324,328,209,329,275,317,278,244,280,173,113,269,332,313,340,300,325,320,225,320,340,261,234,316,323,332,332,317,271,187,173,313,325,284,287,315,296,268,302,327,188,176,261,234,,,107,131,,,333,244,165,285,321,269,194,139,61,333,309,325,319,316,242,180,160,306,269,318,298,170,248,,148,,,334,234,246,126,320,217,60,343,272,281,181,303,122,164,32,170,242,124,136,331,314,297,186,262,96,242,325,134,173,190,287,322,330,167,147,287,326,334,152,119,,,337,339,,,333,109,329,313,333,290,302,191,274,75,294,309,160,200,202,207,225,292,203,248,338,136,332,180,,339,,,b'\x11\xe8\xe1I\xc7M\xf4\xa4\xaf\x82\x12\xdf\x17\xaeN\x1e'
11E8E149-C74D-F4A4-AF82-12DF17AE4E1E,2016-ncaa-d0-natl,ncaa,239,271,114,255,175,269,241,199,294,212,138,303,271,253,272,247,262,281,135,280,303,226,201,303,305,308,250,240,192,224,269,136,295,169,282,213,122,227,253,241,165,183,245,243,,,62,36,,,268,190,233,341,318,303,246,242,151,286,264,283,295,295,274,260,237,146,197,236,214,177,250,,46,,,260,130,160,248,68,87,146,81,293,315,161,324,31,40,109,41,59,206,217,105,63,79,265,326,36,329,295,256,269,307,282,297,332,138,152,235,287,297,336,328,,,273,296,,,268,167,312,134,258,114,146,241,76,119,289,315,33,35,36,187,196,326,245,300,285,149,269,335,,314,,,b'\x11\xe8\xe1I\xc7M\xf4\xa4\xaf\x82\x12\xdf\x17\xaeN\x1e'
11E8E149-C74D-F4A4-AF82-12DF17AE4E1E,2016-ncaa-d1-conf-CAA,ncaa,7,8,3,8,6,9,8,4,9,4,4,8,10,7,9,7,8,9,5,9,9,5,4,9,9,10,10,8,8,7,7,3,6,6,6,6,5,8,9,7,3,3,10,10,,,6,3,,,8,3,2,10,9,8,4,4,5,10,7,9,9,9,6,6,7,5,6,6,8,3,10,,5,,,8,6,7,8,5,2,4,5,8,8,5,9,4,3,6,4,4,6,8,6,6,5,8,9,3,7,6,10,7,10,6,8,9,2,3,8,9,9,8,8,,,9,10,,,8,8,10,6,8,5,6,7,4,3,8,8,3,2,3,5,8,6,9,9,8,2,9,8,,9,,,b'\x11\xe8\xe1I\xc7M\xf4\xa4\xaf\x82\x12\xdf\x17\xaeN\x1e'
11E8E149-C74D-F4A4-AF82-12DF17AE4E1E,2016-ncaa-d1-natl,ncaa,256,270,142,266,216,299,280,235,299,245,173,309,282,271,275,248,280,291,136,289,303,254,240,306,308,312,249,238,189,247,271,163,301,208,289,236,129,199,257,249,192,195,257,248,,,44,37,,,278,237,236,341,322,309,252,248,155,287,265,283,297,296,280,262,243,151,214,245,216,191,254,,49,,,276,111,139,222,79,69,115,91,284,302,169,321,24,31,111,32,61,176,170,118,75,92,261,327,37,322,301,236,271,294,289,287,332,170,162,243,273,300,336,334,,,300,292,,,278,124,317,154,273,125,159,244,85,121,290,313,33,35,35,191,196,327,248,305,289,159,276,338,,315,,,b'\x11\xe8\xe1I\xc7M\xf4\xa4\xaf\x82\x12\xdf\x17\xaeN\x1e'
11E8E149-C74D-F4A4-AF82-12DF17AE4E1E,2017-ncaa-d0-natl,ncaa,267,283,168,279,197,182,137,93,216,107,69,236,238,223,239,254,275,260,243,253,332,116,106,254,277,261,306,242,283,101,128,174,291,137,228,151,174,249,208,201,70,80,260,274,,,184,112,,,255,120,33,176,164,110,38,78,28,227,221,280,262,261,61,39,67,158,97,130,269,56,267,,203,,,254,253,241,230,214,232,190,266,219,251,98,242,245,241,150,240,231,237,260,214,222,193,182,174,200,308,291,249,128,289,228,298,295,83,119,197,214,179,267,180,,,255,326,,,255,233,250,228,250,281,276,282,264,206,237,288,260,259,259,298,327,317,266,305,314,59,239,272,,271,,,b'\x11\xe8\xe1I\xc7M\xf4\xa4\xaf\x82\x12\xdf\x17\xaeN\x1e'
11E8E149-C74D-F4A4-AF82-12DF17AE4E1E,2017-ncaa-d1-conf-CAA,ncaa,7,7,7,7,7,5,4,3,6,4,2,5,6,6,6,6,6,6,5,6,9,4,3,6,7,6,7,6,7,5,6,7,8,4,7,6,6,9,5,6,2,4,7,7,,,4,3,,,6,3,1,2,3,3,1,3,1,5,5,5,5,5,2,1,5,5,3,5,9,2,7,,6,,,6,9,7,7,7,8,4,9,7,8,6,7,7,6,8,6,6,7,8,7,8,6,6,6,7,8,8,8,6,8,7,10,9,1,2,5,3,4,7,6,,,6,8,,,6,8,5,5,6,10,10,10,8,8,7,9,8,8,8,10,10,10,10,10,10,1,5,8,,6,,,b'\x11\xe8\xe1I\xc7M\xf4\xa4\xaf\x82\x12\xdf\x17\xaeN\x1e'
11E8E149-C74D-F4A4-AF82-12DF17AE4E1E,2017-ncaa-d1-natl,ncaa,283,282,217,287,263,212,166,120,225,128,81,241,252,241,245,252,293,280,244,277,334,150,142,258,282,266,304,239,281,120,139,217,296,176,239,173,174,231,215,206,82,88,271,276,,,159,117,,,264,157,35,161,172,118,41,86,31,229,220,285,264,264,69,39,77,168,109,143,268,61,271,,206,,,266,231,216,194,224,214,146,280,203,240,103,242,237,231,155,230,233,205,236,226,236,198,182,173,201,296,296,224,139,270,239,290,298,104,124,205,195,185,260,186,,,289,327,,,264,197,259,236,257,293,283,282,275,210,244,286,266,263,262,298,326,318,272,308,317,65,243,279,,272,,,b'\x11\xe8\xe1I\xc7M\xf4\xa4\xaf\x82\x12\xdf\x17\xaeN\x1e'
11E8E149-C74D-F4A4-AF82-12DF17AE4E1E,2018-ncaa-d0-natl,ncaa,293,326,117,310,154,235,203,143,279,170,83,310,239,253,194,259,296,288,265,293,333,173,130,297,306,302,274,216,279,169,233,220,340,198,327,162,105,303,275,242,219,266,286,316,,,178,94,,,336,128,101,273,295,246,151,192,91,245,268,319,304,311,203,136,184,262,237,170,280,239,301,,162,,,330,311,316,289,289,315,289,290,212,228,178,134,249,264,100,267,186,294,283,264,249,269,85,123,142,346,340,288,233,332,327,331,297,177,236,297,287,277,348,334,,,298,342,,,336,225,308,323,327,312,312,306,319,298,196,215,229,252,261,320,305,342,279,328,334,191,283,346,,333,,,b'\x11\xe8\xe1I\xc7M\xf4\xa4\xaf\x82\x12\xdf\x17\xaeN\x1e'
11E8E149-C74D-F4A4-AF82-12DF17AE4E1E,2018-ncaa-d1-conf-CAA,ncaa,10,10,3,10,5,5,5,6,7,6,4,7,6,7,3,6,9,10,6,10,10,6,5,8,8,8,7,4,10,8,8,6,9,7,9,4,5,10,9,8,9,9,8,9,,,3,1,,,10,2,3,5,9,6,4,7,3,5,7,10,10,10,7,5,8,7,8,5,9,9,8,,4,,,10,10,10,10,10,10,10,10,10,8,9,5,6,8,5,8,4,10,9,10,9,10,2,6,2,10,9,10,8,10,9,10,9,8,9,10,10,8,10,9,,,10,10,,,10,9,8,10,10,10,10,10,10,9,10,8,5,6,6,10,10,9,10,9,10,8,9,10,,10,,,b'\x11\xe8\xe1I\xc7M\xf4\xa4\xaf\x82\x12\xdf\x17\xaeN\x1e'
11E8E149-C74D-F4A4-AF82-12DF17AE4E1E,2018-ncaa-d1-natl,ncaa,305,325,144,322,198,274,241,178,292,201,106,319,257,270,199,261,314,304,266,310,334,214,172,305,310,309,271,209,276,201,246,256,342,238,330,184,108,285,278,248,240,275,297,319,,,155,96,,,337,157,104,273,300,264,160,206,100,250,270,319,306,316,209,142,189,269,254,180,281,245,300,,166,,,334,304,315,282,298,312,282,298,194,200,181,133,233,250,110,255,187,281,265,280,261,283,80,116,143,345,342,273,246,326,330,330,297,204,245,305,279,281,348,338,,,318,342,,,337,195,309,328,332,319,317,309,322,299,202,212,230,252,263,320,306,340,279,331,335,202,285,348,,333,,,b'\x11\xe8\xe1I\xc7M\xf4\xa4\xaf\x82\x12\xdf\x17\xaeN\x1e'
11E8E149-C74D-F4A4-AF82-12DF17AE4E1E,2019-ncaa-d0-natl,ncaa,310,315,249,318,261,274,263,254,255,230,198,267,262,259,244,233,256,266,200,261,255,265,211,264,264,296,245,231,187,222,203,250,283,244,245,260,214,316,329,314,181,176,181,180,,,268,298,,,317,203,87,130,267,251,218,204,135,247,244,242,243,239,226,111,189,211,205,248,329,145,161,,324,,,315,233,176,152,225,196,168,207,162,133,226,122,307,320,139,315,303,195,171,227,240,270,219,120,298,265,283,116,203,173,245,261,301,226,221,276,279,284,276,273,,,293,303,,,317,150,300,284,315,297,256,251,257,255,204,175,319,325,324,309,288,299,192,259,308,186,298,301,,281,,,b'\x11\xe8\xe1I\xc7M\xf4\xa4\xaf\x82\x12\xdf\x17\xaeN\x1e'
11E8E149-C74D-F4A4-AF82-12DF17AE4E1E,2019-ncaa-d1-conf-CAA,ncaa,10,9,6,10,6,10,10,7,10,9,8,9,7,6,10,5,10,10,10,10,10,8,5,9,10,10,6,5,10,5,6,8,7,5,6,9,7,9,9,10,7,6,5,5,,,6,8,,,10,5,4,3,10,10,4,8,5,7,4,10,10,10,6,4,4,4,4,9,10,6,5,,8,,,10,9,8,6,9,9,7,9,8,5,8,2,8,8,6,8,9,7,6,9,8,10,4,4,8,5,7,8,6,6,6,10,10,10,10,10,7,8,10,10,,,10,10,,,10,6,10,10,10,10,10,9,10,9,8,6,9,10,10,10,9,5,10,8,10,10,9,10,,10,,,b'\x11\xe8\xe1I\xc7M\xf4\xa4\xaf\x82\x12\xdf\x17\xaeN\x1e'
11E8E149-C74D-F4A4-AF82-12DF17AE4E1E,2019-ncaa-d1-natl,ncaa,308,314,233,317,265,268,260,256,250,240,184,278,247,265,175,233,260,271,166,271,271,264,211,253,255,285,226,209,195,228,203,237,294,243,246,252,204,310,327,307,187,190,185,177,,,279,297,,,317,202,88,133,263,241,203,209,129,227,242,245,249,244,219,113,200,200,204,240,328,160,164,,321,,,317,243,191,160,224,190,164,211,186,160,237,142,306,314,116,313,306,211,175,234,245,273,241,140,296,269,294,124,203,185,246,270,297,238,234,280,276,290,298,297,,,296,301,,,317,145,290,290,314,303,257,256,253,247,227,201,323,327,326,313,289,307,194,269,307,201,298,320,,281,,,b'\x11\xe8\xe1I\xc7M\xf4\xa4\xaf\x82\x12\xdf\x17\xaeN\x1e'
11E8E149-C74D-F4A4-AF82-12DF17AE4E1E,2020-ncaa-d0-natl,ncaa,221,216,191,225,201,192,201,125,283,228,174,290,118,103,175,129,171,72,326,73,97,105,101,259,276,253,82,106,153,79,131,296,320,211,285,307,330,207,165,287,105,114,170,176,,,325,318,,,285,134,68,55,176,196,65,232,163,113,93,154,73,70,48,40,54,308,204,307,217,92,166,,332,,,285,305,268,155,322,279,198,310,152,101,260,84,347,336,254,333,317,208,238,313,331,303,176,76,312,269,320,288,131,296,285,286,243,89,102,184,216,167,314,314,,,231,287,,,285,213,235,301,283,320,288,177,305,215,168,119,344,336,335,261,303,282,310,308,292,68,230,324,,205,,,b'\x11\xe8\xe1I\xc7M\xf4\xa4\xaf\x82\x12\xdf\x17\xaeN\x1e'
11E8E149-C74D-F4A4-AF82-12DF17AE4E1E,2020-ncaa-d1-conf-CAA,ncaa,9,9,1,9,2,5,6,1,10,9,4,10,2,2,6,2,3,1,9,1,5,1,1,10,10,9,2,2,5,4,9,7,10,5,10,10,10,6,4,9,7,9,6,6,,,10,9,,,9,1,2,5,7,8,4,10,4,2,2,5,1,1,3,2,5,9,5,10,4,9,6,,10,,,9,10,10,8,10,10,9,10,9,6,9,3,10,10,9,10,10,10,10,10,10,9,5,3,8,7,10,10,9,10,10,9,8,2,7,9,5,4,10,10,,,5,7,,,9,10,9,9,9,10,10,8,10,8,7,4,10,10,10,9,9,7,10,10,9,3,5,10,,7,,,b'\x11\xe8\xe1I\xc7M\xf4\xa4\xaf\x82\x12\xdf\x17\xaeN\x1e'
11E8E149-C74D-F4A4-AF82-12DF17AE4E1E,2020-ncaa-d1-natl,ncaa,214,215,128,220,148,179,191,93,278,222,158,287,121,104,185,133,157,65,318,65,96,72,67,264,274,262,92,112,136,71,135,294,316,207,285,310,333,236,181,299,87,109,163,178,,,330,316,,,285,79,58,57,171,193,67,228,153,117,97,137,66,66,47,36,59,302,202,310,233,88,167,,332,,,286,313,281,166,323,294,209,310,159,101,270,73,348,339,215,338,318,233,288,315,329,295,171,71,309,273,316,298,135,302,285,287,225,60,93,161,228,168,318,310,,,206,279,,,285,278,239,296,282,322,291,177,311,223,161,107,344,335,335,263,307,278,308,307,285,59,230,322,,194,,,b'\x11\xe8\xe1I\xc7M\xf4\xa4\xaf\x82\x12\xdf\x17\xaeN\x1e'
11E8E149-C74D-F4A4-AF82-12DF17AE4E1E,2021-ncaa-d0-natl,ncaa,265,104,317,236,320,310,313,297,331,317,306,321,276,242,327,92,296,279,309,280,106,294,303,326,323,305,86,119,95,279,250,323,327,318,336,327,333,26,88,298,277,149,212,100,,,59,300,,,254,303,8,210,207,236,14,258,117,135,33,127,53,57,11,12,71,300,213,328,183,91,71,,333,,,283,40,36,31,245,56,45,238,20,23,94,28,105,104,189,102,288,34,39,189,237,138,81,19,318,66,327,72,250,70,336,25,50,247,43,30,12,7,102,270,,,304,204,,,254,39,301,178,283,284,248,211,306,294,53,65,337,330,331,280,336,320,343,342,127,15,23,304,,81,,,b'\x11\xe8\xe1I\xc7M\xf4\xa4\xaf\x82\x12\xdf\x17\xaeN\x1e'
11E8E149-C74D-F4A4-AF82-12DF17AE4E1E,2021-ncaa-d1-conf-CAA,ncaa,10,5,8,10,8,9,9,8,10,8,8,10,9,7,10,3,8,8,5,8,8,8,8,10,10,10,5,7,4,8,9,8,5,8,9,10,10,2,3,9,8,4,5,1,,,3,10,,,8,8,2,6,8,8,2,7,4,8,1,6,6,6,3,3,5,7,6,10,4,4,1,,10,,,9,3,3,3,9,3,3,9,2,1,5,1,3,3,8,3,9,3,3,8,8,5,4,2,10,2,5,3,9,3,9,2,2,8,3,2,2,3,2,6,,,9,10,,,8,3,10,3,9,9,8,5,8,8,3,2,10,10,10,5,9,4,10,10,4,1,2,8,,9,,,b'\x11\xe8\xe1I\xc7M\xf4\xa4\xaf\x82\x12\xdf\x17\xaeN\x1e'
11E8E149-C74D-F4A4-AF82-12DF17AE4E1E,2021-ncaa-d1-natl,ncaa,258,104,307,220,310,298,304,288,323,306,298,319,245,220,295,94,275,260,294,260,89,287,294,316,314,283,70,106,85,263,228,316,325,309,328,326,333,29,65,282,249,121,210,119,,,74,296,,,230,293,8,210,144,190,8,240,101,107,30,82,40,43,9,10,54,290,179,320,160,66,87,,329,,,251,49,49,38,252,68,47,237,25,23,119,36,117,113,211,112,289,40,51,213,253,142,96,28,314,72,325,88,228,80,328,30,62,229,27,24,13,7,102,241,,,296,200,,,230,47,275,170,257,285,254,207,299,283,72,70,335,331,331,278,336,312,343,342,148,9,21,290,,78,,,b'\x11\xe8\xe1I\xc7M\xf4\xa4\xaf\x82\x12\xdf\x17\xaeN\x1e'
11E8E149-C74D-F4A4-AF82-12DF17AE4E1E,2022-ncaa-d0-natl,ncaa,139,134,163,144,185,85,86,48,218,109,99,172,70,44,224,94,112,157,41,147,223,61,88,199,189,118,126,116,211,51,127,228,343,148,301,139,254,40,13,73,27,30,93,132,,,103,32,,,91,99,30,118,31,39,4,77,71,63,33,98,152,139,8,16,31,266,109,131,47,16,93,,105,,,92,247,275,260,195,309,276,234,88,164,25,102,214,144,354,143,70,248,277,156,170,118,35,44,170,340,343,321,127,339,301,285,215,40,62,118,100,56,208,144,,,194,316,,,91,260,81,165,97,261,294,309,324,327,76,151,220,136,134,298,338,341,334,347,293,22,108,214,,203,,,b'\x11\xe8\xe1I\xc7M\xf4\xa4\xaf\x82\x12\xdf\x17\xaeN\x1e'
11E8E149-C74D-F4A4-AF82-12DF17AE4E1E,2022-ncaa-d1-conf-CAA,ncaa,4,5,3,5,3,3,4,2,8,3,4,5,2,1,9,2,3,3,1,3,5,2,2,7,7,3,5,4,5,3,7,4,9,3,9,4,6,2,2,3,1,2,2,2,,,5,2,,,4,2,1,3,3,3,1,3,3,2,1,4,4,4,2,2,3,5,4,4,2,1,2,,6,,,4,10,10,10,8,10,8,8,1,8,1,4,9,7,10,7,3,10,10,5,7,5,1,1,7,10,9,10,7,10,9,10,7,1,3,7,5,4,6,6,,,4,8,,,4,9,4,5,4,9,10,10,10,9,1,8,8,7,7,10,10,10,10,10,9,1,5,6,,5,,,b'\x11\xe8\xe1I\xc7M\xf4\xa4\xaf\x82\x12\xdf\x17\xaeN\x1e'
11E8E149-C74D-F4A4-AF82-12DF17AE4E1E,2022-ncaa-d1-natl,ncaa,120,134,100,137,120,49,41,17,182,54,60,123,63,33,245,90,105,145,55,137,252,21,39,170,168,89,162,127,250,34,128,186,343,92,302,85,241,48,11,47,12,21,73,123,,,119,24,,,57,46,20,128,21,22,3,43,54,64,28,120,174,164,4,18,28,233,94,77,39,9,72,,75,,,59,268,290,306,160,319,319,192,104,185,25,99,213,143,352,142,51,302,330,122,135,75,38,56,146,351,343,340,128,351,302,287,205,20,44,82,106,36,220,116,,,180,328,,,57,303,68,116,72,236,271,316,314,330,78,148,192,118,115,296,342,346,336,348,267,15,83,191,,222,,,b'\x11\xe8\xe1I\xc7M\xf4\xa4\xaf\x82\x12\xdf\x17\xaeN\x1e'
11E8E149-C74D-F4A4-AF82-12DF17AE4E1E,2023-ncaa-d0-natl,ncaa,281,239,326,278,333,271,275,164,340,298,199,346,170,147,232,131,258,222,279,220,222,177,252,317,332,263,96,101,180,63,76,345,355,264,308,352,357,13,30,275,191,135,335,329,,,46,79,,,257,307,109,99,174,198,15,239,74,104,73,180,147,145,17,39,14,331,132,345,67,102,325,,141,,,264,119,132,60,303,109,48,311,206,171,252,279,77,73,226,75,185,56,84,309,297,244,213,253,92,266,355,234,76,259,308,215,261,138,61,175,13,28,252,267,,,262,235,,,257,57,216,294,261,294,307,247,265,140,300,286,179,167,175,243,312,341,347,356,310,41,64,312,,123,,,b'\x11\xe8\xe1I\xc7M\xf4\xa4\xaf\x82\x12\xdf\x17\xaeN\x1e'
11E8E149-C74D-F4A4-AF82-12DF17AE4E1E,2023-ncaa-d1-conf-CAA,ncaa,10,10,8,10,9,10,11,5,13,13,5,13,5,4,10,4,7,6,12,6,5,5,8,11,13,9,3,3,4,1,4,11,12,7,11,12,13,3,2,11,6,7,12,11,,,3,3,,,9,9,6,2,9,10,1,11,4,4,3,6,5,5,1,2,1,11,5,12,3,5,11,,4,,,9,6,9,6,11,7,5,13,12,12,5,12,4,3,10,3,5,5,5,12,11,8,6,10,3,13,12,11,4,12,11,11,11,5,4,8,1,1,11,11,,,6,5,,,9,5,9,13,9,12,13,10,10,5,12,12,5,3,4,10,10,13,12,13,13,3,1,13,,4,,,b'\x11\xe8\xe1I\xc7M\xf4\xa4\xaf\x82\x12\xdf\x17\xaeN\x1e'
11E8E149-C74D-F4A4-AF82-12DF17AE4E1E,2023-ncaa-d1-natl,ncaa,265,239,310,264,316,229,239,121,330,273,155,341,144,122,215,136,229,191,271,191,217,127,177,309,318,254,97,103,184,44,81,334,348,221,294,340,356,18,29,262,135,105,309,304,,,58,70,,,214,266,105,100,159,186,13,231,70,100,79,175,137,137,18,41,14,315,109,336,68,91,299,,126,,,217,144,173,98,273,149,79,287,205,179,227,250,68,69,208,75,140,77,127,288,276,185,177,236,78,285,348,290,81,303,294,230,250,89,50,135,17,29,273,256,,,213,225,,,214,91,197,240,226,266,281,232,248,157,265,264,136,124,134,220,305,331,347,353,294,37,61,309,,118,,,b'\x11\xe8\xe1I\xc7M\xf4\xa4\xaf\x82\x12\xdf\x17\xaeN\x1e'
11E8E149-C74D-F4A4-AF82-12DF17AE4E1E,2024-ncaa-d0-natl,ncaa,86,57,196,71,218,104,109,62,243,157,90,296,59,82,55,147,128,144,134,149,230,71,96,199,199,134,72,74,209,37,89,148,230,96,191,229,337,47,23,151,47,46,294,289,,,125,70,,,65,128,39,187,53,66,9,133,53,42,60,101,120,125,12,17,17,103,26,229,75,34,296,,151,,,60,140,145,177,137,115,116,193,214,251,115,286,111,166,8,162,213,172,238,159,129,45,226,262,123,246,230,324,89,309,191,224,279,33,34,86,9,3,303,250,,,152,223,,,65,231,90,57,67,180,184,222,154,126,244,290,131,185,187,229,313,269,340,332,253,18,16,324,,102,,,b'\x11\xe8\xe1I\xc7M\xf4\xa4\xaf\x82\x12\xdf\x17\xaeN\x1e'
11E8E149-C74D-F4A4-AF82-12DF17AE4E1E,2024-ncaa-d1-conf-CAA,ncaa,5,3,7,4,9,2,1,2,7,4,3,10,1,4,1,8,10,10,8,10,12,2,6,5,6,1,5,3,11,3,4,9,9,6,8,9,14,1,1,2,2,1,14,11,,,6,7,,,2,9,4,9,1,1,1,2,2,1,3,9,10,10,1,1,3,8,5,8,1,2,13,,8,,,2,8,6,5,8,5,3,12,11,11,6,12,6,10,1,10,11,5,6,10,8,5,11,11,6,9,9,11,4,11,8,10,11,3,2,5,1,1,12,11,,,6,8,,,2,7,1,5,2,9,8,7,5,4,11,11,6,9,9,7,9,11,11,12,11,2,1,13,,6,,,b'\x11\xe8\xe1I\xc7M\xf4\xa4\xaf\x82\x12\xdf\x17\xaeN\x1e'
11E8E149-C74D-F4A4-AF82-12DF17AE4E1E,2024-ncaa-d1-natl,ncaa,76,57,130,69,153,64,69,28,197,103,47,252,45,56,60,147,112,121,125,126,250,31,49,168,169,94,103,85,240,20,80,117,205,53,168,189,337,43,14,108,37,43,294,296,,,170,76,,,35,79,38,206,31,36,7,85,46,45,52,105,128,135,10,18,16,93,21,204,40,35,309,,152,,,33,160,158,208,102,128,137,179,214,284,63,287,153,208,12,202,231,216,286,123,96,31,228,239,160,257,205,342,80,331,168,228,271,21,32,63,9,2,321,246,,,131,254,,,35,279,62,36,38,140,140,202,126,119,205,282,147,197,194,207,307,254,340,329,215,18,7,330,,128,,,b'\x11\xe8\xe1I\xc7M\xf4\xa4\xaf\x82\x12\xdf\x17\xaeN\x1e'
11E8E149-C74D-F4A4-AF82-12DF17AE4E1E,2025-ncaa-d0-natl,genius_ncaa,49,37,90,47,95,66,69,31,209,72,61,188,94,48,236,140,56,63,116,56,148,32,47,203,193,121,137,164,156,10,22,167,228,47,115,148,288,71,20,92,14,12,131,101,,,259,194,,254,26,87,88,120,48,60,11,72,70,95,56,55,70,67,11,20,7,233,34,164,50,11,159,,225,,242,25,95,76,150,66,38,94,61,254,250,214,289,140,176,28,177,250,153,273,98,86,12,320,314,196,245,228,293,22,291,115,184,301,9,6,15,8,3,235,129,,,121,269,,164,26,275,69,14,24,47,35,52,17,37,228,215,112,142,143,51,269,214,267,257,137,7,5,216,,145,,187,b'\x11\xe8\xe1I\xc7M\xf4\xa4\xaf\x82\x12\xdf\x17\xaeN\x1e'
11E8E149-C74D-F4A4-AF82-12DF17AE4E1E,2025-ncaa-d1-conf-CAA,genius_ncaa,1,2,4,2,7,1,2,1,8,3,3,5,2,1,6,4,1,1,2,1,3,1,2,8,7,2,2,3,2,1,1,10,8,4,5,6,9,1,1,3,1,1,9,6,,,13,13,,9,1,2,1,10,1,1,1,1,2,2,1,1,1,1,1,1,1,11,4,6,1,1,9,,14,,8,1,5,3,3,6,2,2,5,14,8,14,12,10,12,3,12,14,3,9,9,9,2,14,14,12,5,8,12,1,11,5,7,14,1,1,1,1,1,9,7,,,1,4,,1,1,12,1,2,1,6,2,1,2,1,13,8,10,11,12,2,9,6,11,9,7,1,1,7,,1,,3,b'\x11\xe8\xe1I\xc7M\xf4\xa4\xaf\x82\x12\xdf\x17\xaeN\x1e'
11E8E149-C74D-F4A4-AF82-12DF17AE4E1E,2025-ncaa-d1-natl,genius_ncaa,54,37,113,49,118,77,83,39,218,88,78,195,104,60,235,142,65,75,112,68,145,42,66,209,197,124,133,165,143,12,26,200,239,63,128,168,296,55,24,96,17,13,148,105,,,241,200,,251,31,108,98,113,53,64,12,82,77,98,57,58,77,71,12,22,9,242,37,180,51,12,164,,231,,247,28,69,53,108,74,31,59,63,245,235,219,291,125,158,31,158,253,103,252,104,102,15,319,314,195,224,239,277,26,273,128,170,302,13,7,20,6,3,222,138,,,141,262,,174,31,253,70,20,26,50,37,54,18,36,228,217,113,145,144,52,264,221,277,262,149,7,5,222,,145,,181,b'\x11\xe8\xe1I\xc7M\xf4\xa4\xaf\x82\x12\xdf\x17\xaeN\x1e'
11E8E149-C74D-F4A4-AF82-12DF17AE4E1E,2026-ncaa-d0-natl,genius_ncaa,123,39,279,75,291,243,225,230,219,219,191,285,229,279,96,260,273,288,131,283,322,238,282,231,230,159,223,174,244,99,28,219,102,166,50,229,221,16,29,74,274,202,262,229,,,17,39,,59,98,309,214,97,115,106,19,101,16,142,189,185,208,202,30,74,9,38,7,140,48,205,218,,42,,114,81,25,44,83,50,31,71,46,157,148,200,313,2,2,150,2,5,63,54,68,37,64,199,346,5,63,102,73,28,68,50,80,257,297,218,226,14,40,76,75,,,338,352,,360,98,52,102,76,77,81,140,286,85,213,295,298,3,4,4,190,141,182,230,206,203,229,52,138,,325,,358,b'\x11\xe8\xe1I\xc7M\xf4\xa4\xaf\x82\x12\xdf\x17\xaeN\x1e'
11E8E149-C74D-F4A4-AF82-12DF17AE4E1E,2026-ncaa-d1-natl,genius_ncaa,110,39,271,67,286,193,173,181,168,151,128,222,200,258,103,256,212,252,73,244,309,202,260,184,186,101,232,196,227,58,23,176,39,116,23,207,246,10,17,46,202,109,300,271,,,16,45,,69,58,300,117,100,49,41,10,46,11,128,167,116,167,163,10,31,4,30,7,107,34,116,277,,56,,119,39,16,24,74,41,19,49,55,150,200,120,326,5,3,238,3,14,49,49,59,35,50,231,336,24,31,39,83,23,50,23,63,215,251,139,146,17,23,83,60,,,337,345,,362,58,61,53,42,40,68,102,257,65,125,264,316,14,10,11,156,173,91,210,162,149,147,49,142,,292,,361,b'\x11\xe8\xe1I\xc7M\xf4\xa4\xaf\x82\x12\xdf\x17\xaeN\x1e'
11E8E149-C752-C286-AF82-12DF17AE4E1E,2010-ncaa-d0-natl,ncaa,262,251,241,266,273,292,288,264,295,275,225,307,226,245,209,203,277,270,254,272,249,270,292,292,295,267,171,163,193,249,262,188,80,212,197,249,127,44,146,185,337,331,258,236,,,108,238,,,284,300,274,214,295,285,217,269,187,217,218,267,241,250,241,269,216,118,173,235,98,335,240,,168,,,287,102,73,90,176,59,57,170,193,188,233,249,179,208,75,210,286,94,47,195,198,291,274,243,233,55,80,175,262,122,197,129,218,333,323,305,81,183,81,111,,,335,321,,,284,47,264,277,286,184,145,133,115,91,249,239,231,257,258,169,65,107,267,225,188,327,141,105,,330,,,b'\x11\xe8\xe1I\xc7R\xc2\x86\xaf\x82\x12\xdf\x17\xaeN\x1e'
11E8E149-C752-C286-AF82-12DF17AE4E1E,2010-ncaa-d1-conf-Patriot,ncaa,5,4,5,5,6,5,5,5,7,6,4,7,6,6,3,6,3,3,6,3,2,4,4,6,5,5,5,5,1,5,6,4,5,4,5,5,5,5,5,5,8,8,6,6,,,7,6,,,7,4,2,2,5,5,3,5,2,6,6,3,2,2,3,2,4,1,3,5,6,7,6,,7,,,7,8,6,4,7,4,2,6,8,7,6,7,8,8,8,8,8,7,5,8,8,8,8,8,6,5,5,7,6,7,5,7,5,6,8,8,5,6,4,3,,,5,6,,,7,5,5,8,7,8,8,8,6,5,8,7,8,8,8,8,8,7,8,8,7,6,6,4,,4,,,b'\x11\xe8\xe1I\xc7R\xc2\x86\xaf\x82\x12\xdf\x17\xaeN\x1e'
11E8E149-C752-C286-AF82-12DF17AE4E1E,2010-ncaa-d1-natl,ncaa,268,251,276,270,305,307,303,285,301,297,244,310,238,251,212,203,289,282,251,285,250,293,319,295,299,272,169,163,189,264,266,208,83,235,204,266,129,35,146,188,340,335,260,236,,,93,237,,,288,323,275,210,298,290,219,272,188,219,220,269,244,251,244,270,222,119,179,242,99,336,240,,168,,,292,81,61,61,176,48,39,177,190,182,234,249,168,195,78,200,286,72,20,201,201,295,274,241,230,47,83,160,266,103,204,115,219,339,327,309,73,183,76,115,,,340,320,,,288,21,270,287,294,190,152,134,117,90,253,240,233,259,262,173,65,106,268,224,193,326,143,108,,331,,,b'\x11\xe8\xe1I\xc7R\xc2\x86\xaf\x82\x12\xdf\x17\xaeN\x1e'
11E8E149-C752-C286-AF82-12DF17AE4E1E,2011-ncaa-d0-natl,ncaa,296,301,242,304,247,260,242,236,218,196,144,254,278,295,140,284,261,239,249,243,283,250,263,245,248,244,267,251,191,262,269,172,86,217,198,212,135,109,200,184,257,237,205,172,,,55,81,,,260,254,183,21,243,214,180,161,95,269,290,242,206,213,196,195,241,79,147,171,191,239,185,,92,,,257,138,103,120,126,45,47,119,288,266,264,304,171,154,274,147,237,119,87,191,201,230,326,316,201,86,86,169,269,130,198,162,243,265,241,247,222,270,55,48,,,273,248,,,260,97,255,226,253,214,165,213,82,84,319,305,220,196,195,217,178,136,261,219,215,238,264,75,,255,,,b'\x11\xe8\xe1I\xc7R\xc2\x86\xaf\x82\x12\xdf\x17\xaeN\x1e'
11E8E149-C752-C286-AF82-12DF17AE4E1E,2011-ncaa-d1-conf-Patriot,ncaa,8,8,5,8,5,6,6,4,6,4,1,6,6,6,6,6,7,5,8,5,7,4,4,6,6,7,7,6,5,7,8,6,7,7,8,6,5,6,6,6,4,5,7,7,,,5,4,,,8,3,2,3,5,5,2,2,1,6,6,5,4,4,2,2,5,5,6,6,6,4,7,,6,,,8,8,6,3,7,4,1,7,8,8,5,8,8,8,8,8,8,5,6,7,8,8,8,5,8,8,7,6,8,7,8,4,1,4,5,4,8,8,1,1,,,6,7,,,8,6,7,8,8,8,6,7,6,3,8,8,8,8,8,7,8,8,7,8,6,3,8,1,,4,,,b'\x11\xe8\xe1I\xc7R\xc2\x86\xaf\x82\x12\xdf\x17\xaeN\x1e'
11E8E149-C752-C286-AF82-12DF17AE4E1E,2011-ncaa-d1-natl,ncaa,305,301,279,311,282,272,257,258,224,211,159,258,281,304,142,284,269,251,250,254,281,272,293,250,252,244,263,250,191,278,272,194,90,235,204,224,139,89,202,192,268,240,217,174,,,40,81,,,263,280,188,19,250,225,184,164,98,266,291,244,208,216,199,201,243,80,158,174,191,244,188,,92,,,263,123,86,96,134,33,38,122,283,258,266,303,163,148,277,141,238,89,65,195,208,235,326,315,202,74,90,147,272,101,204,149,242,282,246,253,210,273,48,48,,,289,245,,,263,68,256,229,261,218,170,212,86,90,319,307,225,201,201,219,176,142,264,221,220,241,266,77,,254,,,b'\x11\xe8\xe1I\xc7R\xc2\x86\xaf\x82\x12\xdf\x17\xaeN\x1e'
11E8E149-C752-C286-AF82-12DF17AE4E1E,2012-ncaa-d0-natl,ncaa,279,288,163,287,167,228,199,154,257,187,152,251,184,152,246,148,303,320,96,321,334,192,192,253,271,259,230,147,304,243,292,189,314,219,323,180,143,128,172,165,270,298,128,155,,,192,142,,,277,174,146,50,237,187,104,179,137,172,141,312,321,322,173,185,238,172,219,170,162,277,119,,227,,,274,209,192,244,118,247,277,145,67,135,29,85,291,261,283,256,181,256,228,84,117,172,94,48,278,321,314,285,292,312,323,151,123,210,251,188,218,231,28,28,,,299,320,,,277,179,272,233,269,242,222,299,278,309,87,157,296,280,278,310,296,328,311,330,179,199,231,32,,310,,,b'\x11\xe8\xe1I\xc7R\xc2\x86\xaf\x82\x12\xdf\x17\xaeN\x1e'
11E8E149-C752-C286-AF82-12DF17AE4E1E,2012-ncaa-d1-conf-Patriot,ncaa,6,6,5,6,5,5,5,3,6,4,2,5,6,5,8,6,4,4,5,4,6,3,3,6,7,6,7,6,5,6,8,5,8,6,8,6,6,3,3,4,7,7,2,2,,,8,6,,,7,3,1,1,3,2,1,1,1,6,3,3,3,3,1,1,4,5,4,4,4,6,2,,8,,,7,7,7,6,7,8,5,8,4,5,3,3,8,8,4,8,8,6,6,7,7,7,2,2,7,8,8,8,8,8,8,6,3,3,5,5,4,4,1,1,,,3,3,,,7,6,6,8,6,8,8,8,8,7,5,5,8,8,8,8,8,8,8,8,6,3,4,2,,2,,,b'\x11\xe8\xe1I\xc7R\xc2\x86\xaf\x82\x12\xdf\x17\xaeN\x1e'
11E8E149-C752-C286-AF82-12DF17AE4E1E,2012-ncaa-d1-natl,ncaa,286,288,196,289,204,251,221,183,266,207,175,257,191,158,246,149,311,323,96,325,333,216,233,263,275,261,227,145,304,259,299,218,316,251,324,205,145,109,173,171,285,301,133,162,,,172,140,,,281,208,151,46,248,197,110,189,140,172,142,313,323,324,178,194,240,178,226,181,163,282,118,,231,,,281,194,183,227,125,235,262,150,61,119,32,85,285,251,286,244,181,238,205,88,124,182,98,48,279,316,316,276,299,308,324,136,124,236,258,199,200,234,25,28,,,315,319,,,281,147,278,240,278,246,228,300,282,309,88,157,299,281,278,313,296,329,312,331,186,209,231,33,,310,,,b'\x11\xe8\xe1I\xc7R\xc2\x86\xaf\x82\x12\xdf\x17\xaeN\x1e'
11E8E149-C752-C286-AF82-12DF17AE4E1E,2013-ncaa-d0-natl,ncaa,259,284,120,272,152,275,263,160,321,284,204,326,129,111,195,87,330,339,107,338,342,215,210,305,316,310,115,53,313,154,199,206,236,194,243,229,137,183,209,228,206,195,248,261,,,125,143,,,254,227,281,195,321,296,185,309,244,131,105,338,342,342,265,259,160,247,218,251,175,216,256,,121,,,249,95,134,161,143,198,186,196,68,150,18,161,114,68,316,67,80,136,131,105,107,116,57,79,155,209,236,258,199,246,243,160,201,196,175,183,128,161,307,320,,,323,333,,,254,119,301,142,253,81,119,117,181,148,57,140,101,66,68,91,87,202,244,239,153,207,127,302,,337,,,b'\x11\xe8\xe1I\xc7R\xc2\x86\xaf\x82\x12\xdf\x17\xaeN\x1e'
11E8E149-C752-C286-AF82-12DF17AE4E1E,2013-ncaa-d1-conf-Patriot,ncaa,7,8,3,8,4,7,8,2,8,7,3,8,4,3,7,3,7,7,4,7,8,3,3,8,8,8,4,4,6,1,4,6,7,6,8,7,7,4,3,8,2,2,6,5,,,7,5,,,8,5,5,4,8,8,2,8,4,4,2,6,7,7,3,3,2,7,5,7,4,2,6,,5,,,8,7,6,5,6,7,4,8,4,4,1,4,8,6,7,6,6,6,6,5,6,6,3,2,8,8,7,8,4,8,8,6,5,2,3,5,3,2,7,6,,,5,6,,,8,4,8,7,8,5,5,4,7,3,1,5,7,6,6,4,5,8,8,8,6,2,3,7,,6,,,b'\x11\xe8\xe1I\xc7R\xc2\x86\xaf\x82\x12\xdf\x17\xaeN\x1e'
11E8E149-C752-C286-AF82-12DF17AE4E1E,2013-ncaa-d1-natl,ncaa,270,282,136,275,178,296,283,184,324,302,228,330,138,118,199,86,332,340,107,339,342,239,237,310,320,313,113,53,312,172,203,227,242,217,250,246,138,166,212,233,215,205,255,265,,,109,143,,,257,256,284,189,323,302,190,311,248,130,106,338,342,342,268,261,162,252,225,258,175,224,261,,124,,,255,74,120,139,148,180,159,201,58,138,18,163,102,59,318,59,79,105,100,113,115,127,57,78,154,202,242,240,203,229,250,154,204,210,183,191,124,161,305,323,,,332,333,,,257,90,304,151,258,87,121,120,187,152,59,141,104,67,68,95,90,207,245,244,160,217,128,304,,338,,,b'\x11\xe8\xe1I\xc7R\xc2\x86\xaf\x82\x12\xdf\x17\xaeN\x1e'
11E8E149-C752-C286-AF82-12DF17AE4E1E,2014-ncaa-d0-natl,ncaa,288,298,180,294,219,265,249,119,328,258,155,338,133,125,177,117,320,324,162,322,340,170,206,315,327,293,133,83,309,180,259,212,159,200,271,198,104,52,64,114,180,171,245,233,,,228,289,,,308,207,165,191,285,251,51,262,127,119,109,324,327,324,109,180,160,193,179,189,67,166,243,,271,,,307,212,171,118,252,124,102,225,265,201,326,221,252,239,250,241,289,139,133,286,295,296,304,256,243,118,159,317,259,271,271,268,302,198,194,265,69,97,189,180,,,309,330,,,308,143,293,283,306,261,220,143,170,108,288,223,274,264,266,186,173,149,331,306,289,190,95,215,,316,,,b'\x11\xe8\xe1I\xc7R\xc2\x86\xaf\x82\x12\xdf\x17\xaeN\x1e'
11E8E149-C752-C286-AF82-12DF17AE4E1E,2014-ncaa-d1-conf-Patriot,ncaa,9,9,7,9,9,9,8,3,9,7,3,9,4,3,7,3,10,10,7,10,10,4,5,9,10,9,5,3,9,5,8,9,8,8,8,9,7,4,2,7,3,3,8,8,,,9,9,,,9,6,4,5,8,7,1,6,2,4,3,9,10,10,1,3,3,8,5,7,5,2,7,,10,,,9,7,7,4,9,6,4,8,7,3,10,5,9,9,8,9,9,5,6,9,10,10,8,5,9,7,8,9,8,9,8,7,7,5,5,5,4,4,4,3,,,10,10,,,9,6,9,10,9,9,7,4,6,4,8,5,10,10,10,7,8,8,10,9,8,2,4,4,,9,,,b'\x11\xe8\xe1I\xc7R\xc2\x86\xaf\x82\x12\xdf\x17\xaeN\x1e'
11E8E149-C752-C286-AF82-12DF17AE4E1E,2014-ncaa-d1-natl,ncaa,293,298,211,299,262,285,265,137,329,275,175,339,141,132,182,116,326,331,162,329,340,197,240,317,330,296,133,83,306,195,265,241,167,230,283,217,106,37,68,116,195,180,255,234,,,214,291,,,309,243,168,184,287,253,54,270,127,118,109,324,327,324,112,185,162,204,187,197,67,170,246,,276,,,309,193,154,92,266,113,75,230,258,187,328,221,243,217,255,219,288,107,98,290,300,307,300,255,240,106,167,312,265,256,283,260,301,217,202,270,57,97,178,182,,,322,330,,,309,105,295,295,311,268,228,145,174,108,289,227,277,265,268,192,170,148,332,311,293,195,95,219,,316,,,b'\x11\xe8\xe1I\xc7R\xc2\x86\xaf\x82\x12\xdf\x17\xaeN\x1e'
11E8E149-C752-C286-AF82-12DF17AE4E1E,2015-ncaa-d0-natl,ncaa,267,296,113,285,131,248,233,150,299,201,129,297,220,199,255,197,259,289,79,286,322,180,171,301,299,288,219,197,217,89,110,263,209,188,177,225,178,185,198,228,130,108,131,115,,,166,196,,,247,219,295,123,297,274,172,235,148,234,213,275,309,310,223,234,92,312,232,246,171,135,133,,132,,,242,129,133,92,248,140,114,218,166,124,288,161,171,152,244,142,180,84,126,246,255,181,185,194,186,121,209,179,110,154,177,155,174,117,81,112,221,221,108,89,,,270,295,,,247,134,267,183,245,122,113,44,124,72,163,101,153,138,127,32,53,98,160,126,130,123,210,86,,312,,,b'\x11\xe8\xe1I\xc7R\xc2\x86\xaf\x82\x12\xdf\x17\xaeN\x1e'
11E8E149-C752-C286-AF82-12DF17AE4E1E,2015-ncaa-d1-conf-Patriot,ncaa,7,7,3,7,3,3,4,2,8,5,2,8,7,7,4,7,3,3,2,3,6,2,2,9,7,6,6,7,5,2,2,7,7,3,5,8,9,5,6,6,2,3,2,3,,,9,8,,,6,2,5,2,4,4,2,5,1,8,7,5,4,4,2,2,1,7,4,8,6,2,3,,8,,,6,7,7,4,8,6,4,8,8,4,9,6,8,8,5,8,8,5,8,8,8,5,9,8,8,5,7,7,2,6,5,4,3,1,3,2,6,7,9,5,,,5,8,,,6,9,6,5,7,6,4,4,5,3,7,5,8,8,8,5,6,6,8,7,4,2,6,9,,5,,,b'\x11\xe8\xe1I\xc7R\xc2\x86\xaf\x82\x12\xdf\x17\xaeN\x1e'
11E8E149-C752-C286-AF82-12DF17AE4E1E,2015-ncaa-d1-natl,ncaa,277,293,143,289,162,274,261,188,301,227,153,305,226,210,260,195,272,302,76,301,323,218,219,305,302,291,217,195,211,106,118,297,215,224,187,248,185,157,201,234,148,114,139,118,,,130,199,,,261,264,298,112,303,280,188,249,154,235,214,279,311,310,233,238,98,314,236,251,170,145,139,,135,,,258,97,111,59,261,114,90,227,153,99,295,157,156,131,246,120,183,47,79,254,264,198,180,186,184,98,215,152,118,121,187,136,178,138,87,126,203,230,95,97,,,296,296,,,261,91,270,201,260,126,122,45,132,74,164,98,158,138,128,34,53,99,161,132,133,131,212,92,,312,,,b'\x11\xe8\xe1I\xc7R\xc2\x86\xaf\x82\x12\xdf\x17\xaeN\x1e'
11E8E149-C752-C286-AF82-12DF17AE4E1E,2016-ncaa-d0-natl,ncaa,296,307,175,302,209,247,258,158,330,282,202,328,145,110,251,102,211,266,46,256,244,172,178,312,309,299,84,101,157,141,222,205,263,179,284,261,214,186,194,260,280,291,20,16,,,175,171,,,311,189,147,198,268,281,125,297,190,144,95,219,269,264,157,141,132,204,161,272,208,278,13,,201,,,307,253,236,205,238,219,207,207,220,173,297,147,259,262,157,266,241,218,188,243,243,282,215,188,226,263,263,301,222,299,284,289,284,247,269,302,287,289,161,182,,,204,215,,,311,165,288,288,306,275,258,243,243,243,241,199,278,278,281,269,237,279,321,318,299,253,292,171,,198,,,b'\x11\xe8\xe1I\xc7R\xc2\x86\xaf\x82\x12\xdf\x17\xaeN\x1e'
11E8E149-C752-C286-AF82-12DF17AE4E1E,2016-ncaa-d1-conf-Patriot,ncaa,8,8,3,8,6,4,6,2,10,7,2,10,5,2,9,4,3,4,1,4,4,2,1,10,8,8,2,5,1,2,6,4,7,4,8,9,10,7,4,9,8,10,1,2,,,7,4,,,8,2,1,7,4,7,1,9,3,6,4,3,3,3,1,1,2,5,4,10,6,8,1,,7,,,8,10,9,9,8,9,9,8,5,5,3,2,10,10,7,10,8,10,10,8,8,9,5,2,8,9,7,10,6,10,8,7,4,5,8,7,10,6,5,4,,,2,5,,,8,9,7,8,8,8,7,8,9,9,5,4,10,10,10,10,9,9,9,10,6,6,9,6,,2,,,b'\x11\xe8\xe1I\xc7R\xc2\x86\xaf\x82\x12\xdf\x17\xaeN\x1e'
11E8E149-C752-C286-AF82-12DF17AE4E1E,2016-ncaa-d1-natl,ncaa,302,305,218,307,260,277,293,197,333,309,237,329,158,121,254,101,240,281,43,275,246,212,212,320,313,304,78,100,150,167,230,240,273,215,291,286,220,163,197,267,297,299,26,17,,,150,179,,,316,235,149,181,274,292,130,309,197,147,96,222,270,264,163,147,139,215,170,282,210,285,14,,202,,,315,234,217,176,251,198,181,220,206,155,303,143,247,247,162,251,244,189,146,251,253,294,210,187,224,240,273,288,230,286,291,279,284,269,275,310,273,290,150,190,,,231,214,,,316,122,296,298,314,281,265,247,252,245,242,198,282,284,288,273,237,287,326,324,304,258,291,180,,200,,,b'\x11\xe8\xe1I\xc7R\xc2\x86\xaf\x82\x12\xdf\x17\xaeN\x1e'
11E8E149-C752-C286-AF82-12DF17AE4E1E,2017-ncaa-d0-natl,ncaa,255,265,168,262,170,140,140,158,134,135,126,184,165,206,66,211,145,190,83,191,246,170,136,132,126,173,189,176,175,270,303,79,140,149,224,197,265,279,256,248,269,312,96,122,,,283,240,,,249,95,32,9,118,114,124,122,104,157,198,140,184,182,129,76,279,29,117,195,283,274,88,,302,,,249,296,263,283,161,217,267,105,288,233,317,168,277,275,164,276,209,289,266,182,197,256,267,252,204,244,140,271,303,262,224,272,228,217,274,280,240,226,74,66,,,129,147,,,249,260,213,254,244,319,294,327,252,315,300,266,288,293,290,335,330,266,293,284,295,222,258,88,,92,,,b'\x11\xe8\xe1I\xc7R\xc2\x86\xaf\x82\x12\xdf\x17\xaeN\x1e'
11E8E149-C752-C286-AF82-12DF17AE4E1E,2017-ncaa-d1-conf-Patriot,ncaa,6,6,7,6,7,3,3,5,4,5,6,3,6,7,4,7,3,5,3,5,5,5,5,2,2,3,7,7,5,8,8,3,8,6,7,8,9,8,7,7,8,8,3,4,,,9,7,,,7,3,1,3,2,1,3,3,3,6,6,3,4,4,2,2,6,2,5,8,8,8,3,,9,,,7,9,9,9,6,8,9,5,9,8,8,4,9,10,3,10,6,9,10,7,7,8,8,7,7,9,8,7,8,8,7,9,6,8,9,10,4,6,1,1,,,4,6,,,7,8,5,8,7,10,10,10,9,10,9,9,10,10,10,10,10,9,7,9,10,8,7,1,,2,,,b'\x11\xe8\xe1I\xc7R\xc2\x86\xaf\x82\x12\xdf\x17\xaeN\x1e'
11E8E149-C752-C286-AF82-12DF17AE4E1E,2017-ncaa-d1-natl,ncaa,269,265,217,271,219,168,170,196,137,167,160,196,176,221,69,210,171,222,83,223,250,206,176,143,131,185,188,173,171,291,309,95,151,187,237,220,263,259,261,254,291,315,104,131,,,265,244,,,259,122,33,8,125,123,130,133,110,158,200,144,193,188,137,80,284,31,124,201,284,282,91,,304,,,260,284,247,265,172,195,252,112,282,220,323,164,264,259,173,258,207,278,245,194,205,269,267,253,207,223,151,251,309,240,237,265,235,246,281,287,222,231,67,74,,,155,142,,,259,239,220,267,255,325,300,327,262,317,300,268,288,293,291,336,330,267,298,290,301,230,258,93,,95,,,b'\x11\xe8\xe1I\xc7R\xc2\x86\xaf\x82\x12\xdf\x17\xaeN\x1e'
11E8E149-C752-C286-AF82-12DF17AE4E1E,2018-ncaa-d0-natl,ncaa,293,308,164,303,185,292,287,304,230,245,246,229,296,295,265,243,216,227,187,240,174,301,271,251,242,286,233,254,86,319,309,170,263,268,276,286,219,309,325,319,286,291,176,178,,,141,162,,,312,224,249,117,314,307,331,259,244,304,294,216,211,229,325,294,324,157,285,303,305,286,176,,170,,,310,187,213,224,157,170,154,211,256,288,139,298,76,77,164,74,90,203,151,177,154,226,204,267,66,264,263,138,309,196,276,278,300,274,283,317,311,326,147,197,,,232,150,,,312,126,311,262,310,211,235,275,200,171,278,307,99,94,91,251,179,284,168,222,293,277,311,170,,215,,,b'\x11\xe8\xe1I\xc7R\xc2\x86\xaf\x82\x12\xdf\x17\xaeN\x1e'
11E8E149-C752-C286-AF82-12DF17AE4E1E,2018-ncaa-d1-conf-Patriot,ncaa,10,10,7,10,7,10,10,9,8,9,9,6,8,8,9,7,5,6,5,6,6,10,9,9,8,9,7,8,1,9,8,6,10,9,8,10,10,8,9,10,10,10,5,6,,,4,5,,,10,8,6,4,10,10,9,7,7,8,8,5,6,6,10,9,8,5,9,10,9,10,5,,5,,,10,8,10,7,8,5,3,8,8,8,6,8,4,4,7,4,5,5,5,8,6,9,6,8,3,8,10,5,8,7,8,10,9,10,10,10,9,10,2,2,,,8,7,,,10,3,10,10,10,10,10,10,7,3,8,9,5,5,5,10,7,9,5,7,10,9,10,3,,8,,,b'\x11\xe8\xe1I\xc7R\xc2\x86\xaf\x82\x12\xdf\x17\xaeN\x1e'
11E8E149-C752-C286-AF82-12DF17AE4E1E,2018-ncaa-d1-natl,ncaa,305,307,213,310,241,319,312,331,238,274,272,241,304,308,270,244,237,250,189,261,173,327,309,264,252,291,227,253,84,328,312,213,273,299,286,315,226,290,328,325,301,300,194,188,,,120,165,,,316,285,251,99,321,313,336,267,245,301,293,213,213,231,328,298,326,164,293,312,306,293,177,,175,,,317,158,185,196,172,149,120,221,241,275,144,297,61,61,170,58,91,161,93,189,166,242,198,264,67,252,273,119,312,160,286,269,299,297,291,320,302,326,138,207,,,257,154,,,316,63,313,276,317,223,244,277,212,178,277,306,103,98,96,256,179,286,173,228,299,283,313,177,,216,,,b'\x11\xe8\xe1I\xc7R\xc2\x86\xaf\x82\x12\xdf\x17\xaeN\x1e'
11E8E149-C752-C286-AF82-12DF17AE4E1E,2019-ncaa-d0-natl,ncaa,220,209,249,222,263,217,160,174,165,144,142,195,186,211,136,206,327,321,262,317,341,211,243,177,213,191,273,183,332,278,308,205,209,249,292,149,134,73,122,103,149,134,81,47,,,251,290,,,220,210,86,166,173,104,73,105,80,165,194,325,316,312,127,152,265,150,215,103,129,113,59,,299,,,222,159,101,96,172,102,67,230,133,196,70,232,314,317,182,320,337,134,149,172,216,190,277,142,319,184,209,272,308,249,292,208,306,152,135,192,53,91,165,142,,,325,335,,,220,144,220,200,216,243,156,148,155,96,179,244,325,324,326,243,270,249,323,314,254,102,98,199,,322,,,b'\x11\xe8\xe1I\xc7R\xc2\x86\xaf\x82\x12\xdf\x17\xaeN\x1e'
11E8E149-C752-C286-AF82-12DF17AE4E1E,2019-ncaa-d1-conf-Patriot,ncaa,6,6,7,6,7,4,3,2,4,2,1,4,4,8,3,9,8,8,7,8,8,4,4,4,4,5,8,7,10,9,9,7,10,10,10,3,5,3,3,3,4,5,2,2,,,9,10,,,6,5,1,3,3,2,1,1,1,4,6,8,8,8,1,1,8,7,8,3,5,3,2,,10,,,6,10,7,4,7,8,6,9,7,7,6,4,10,10,10,10,10,8,9,8,9,8,9,3,10,10,10,10,9,10,10,9,8,4,5,6,5,4,8,7,,,9,10,,,6,8,5,9,6,10,8,8,9,8,7,8,10,10,10,10,10,10,10,10,9,3,6,9,,8,,,b'\x11\xe8\xe1I\xc7R\xc2\x86\xaf\x82\x12\xdf\x17\xaeN\x1e'
11E8E149-C752-C286-AF82-12DF17AE4E1E,2019-ncaa-d1-natl,ncaa,232,209,314,233,319,252,204,225,179,180,174,205,205,236,137,205,334,331,263,330,342,259,288,191,226,199,273,178,331,300,312,246,224,295,304,174,136,53,125,108,182,145,94,48,,,226,292,,,232,265,91,158,183,114,86,118,85,170,195,325,319,316,140,158,272,161,227,110,131,124,62,,299,,,237,125,73,54,193,82,39,243,106,168,78,228,299,300,186,303,337,85,94,191,232,209,275,137,322,155,224,242,312,210,304,190,307,198,143,200,44,97,155,152,,,340,333,,,232,88,231,221,234,254,169,150,168,104,182,247,328,325,327,247,268,256,327,317,265,106,102,206,,324,,,b'\x11\xe8\xe1I\xc7R\xc2\x86\xaf\x82\x12\xdf\x17\xaeN\x1e'
11E8E149-C752-C286-AF82-12DF17AE4E1E,2020-ncaa-d0-natl,ncaa,81,81,87,86,130,83,37,77,41,21,37,45,211,241,117,257,293,319,61,318,343,125,179,64,80,64,328,260,335,269,288,215,168,251,266,20,38,67,59,20,54,56,208,202,,,225,201,,,111,130,136,157,80,26,76,13,39,215,249,308,329,328,136,217,284,249,296,17,56,54,213,,203,,,113,217,194,161,224,191,149,244,194,182,193,205,243,214,312,210,231,157,216,230,256,180,208,166,245,144,168,249,288,209,266,253,262,52,60,129,68,63,74,31,,,290,309,,,111,240,83,161,110,195,170,114,170,110,178,169,232,201,198,120,198,122,218,180,241,59,59,67,,307,,,b'\x11\xe8\xe1I\xc7R\xc2\x86\xaf\x82\x12\xdf\x17\xaeN\x1e'
11E8E149-C752-C286-AF82-12DF17AE4E1E,2020-ncaa-d1-conf-Patriot,ncaa,4,4,3,4,8,1,1,2,1,1,1,1,9,10,5,10,5,8,1,8,9,3,3,2,2,2,10,10,8,8,7,8,9,9,8,1,1,3,1,1,1,2,3,3,,,9,7,,,5,2,1,8,1,1,2,1,1,9,10,5,8,8,2,3,8,7,8,1,3,1,3,,9,,,5,9,9,9,8,9,7,7,7,6,9,5,10,8,10,8,7,9,9,8,9,8,5,5,9,10,9,5,7,6,8,9,7,1,2,5,3,1,1,1,,,8,9,,,5,9,2,8,5,9,9,9,9,8,7,6,10,8,8,9,10,10,6,7,9,1,3,1,,8,,,b'\x11\xe8\xe1I\xc7R\xc2\x86\xaf\x82\x12\xdf\x17\xaeN\x1e'
11E8E149-C752-C286-AF82-12DF17AE4E1E,2020-ncaa-d1-natl,ncaa,92,81,128,94,191,105,46,104,43,27,54,46,228,254,124,258,304,327,61,326,344,164,227,68,85,68,328,262,334,295,294,250,176,287,276,26,39,48,61,20,69,66,217,207,,,193,208,,,125,167,138,155,92,29,80,15,43,221,251,309,328,328,146,223,290,254,302,18,59,65,218,,211,,,125,196,174,120,234,173,120,250,179,166,199,201,227,193,316,191,233,118,171,242,264,195,202,163,246,124,176,216,294,183,276,242,261,72,64,138,52,65,64,34,,,307,303,,,125,198,91,179,122,207,179,112,174,115,179,169,236,208,202,123,198,128,223,186,245,64,55,70,,305,,,b'\x11\xe8\xe1I\xc7R\xc2\x86\xaf\x82\x12\xdf\x17\xaeN\x1e'
11E8E149-C752-C286-AF82-12DF17AE4E1E,2021-ncaa-d0-natl,ncaa,329,83,334,323,334,334,334,335,268,335,336,280,326,329,169,114,336,336,153,336,337,335,335,248,276,265,179,87,328,336,322,335,300,336,333,333,267,11,183,236,337,327,334,199,,,14,334,,,275,335,306,224,312,291,250,287,227,173,178,338,342,342,315,335,320,323,339,298,103,334,256,,311,,,331,11,11,9,324,9,8,326,30,14,338,321,12,15,36,14,337,9,9,341,340,341,330,326,189,11,300,10,322,11,333,17,340,336,240,327,11,158,6,99,,,333,90,,,275,9,290,339,333,290,239,71,101,10,333,301,264,295,291,102,53,204,281,272,329,272,94,71,,205,,,b'\x11\xe8\xe1I\xc7R\xc2\x86\xaf\x82\x12\xdf\x17\xaeN\x1e'
11E8E149-C752-C286-AF82-12DF17AE4E1E,2021-ncaa-d1-conf-Patriot,ncaa,9,6,9,9,9,9,9,9,9,10,9,9,8,7,7,4,10,10,6,10,8,9,9,8,9,9,4,3,8,9,7,10,10,10,10,9,10,3,6,10,10,10,10,6,,,5,10,,,9,9,7,3,9,8,7,8,6,5,5,9,9,9,8,9,7,10,10,9,4,10,8,,10,,,10,3,3,2,10,3,1,10,6,4,10,9,5,7,2,7,10,2,2,10,10,10,9,9,9,4,10,2,7,3,10,4,9,9,7,9,3,7,2,5,,,9,3,,,9,2,9,10,10,10,9,3,6,1,10,9,10,10,10,8,8,10,8,9,10,8,5,4,,3,,,b'\x11\xe8\xe1I\xc7R\xc2\x86\xaf\x82\x12\xdf\x17\xaeN\x1e'
11E8E149-C752-C286-AF82-12DF17AE4E1E,2021-ncaa-d1-natl,ncaa,331,82,334,328,334,334,334,335,273,335,336,284,327,330,170,114,336,336,153,336,337,335,335,251,281,267,173,87,328,336,325,335,301,336,335,333,267,11,190,245,337,330,334,202,,,14,334,,,281,335,308,225,316,299,255,290,235,175,178,338,342,342,318,336,321,323,339,303,107,336,257,,313,,,334,11,11,9,326,9,8,326,25,13,340,320,12,15,37,14,337,9,9,341,340,341,331,326,191,11,301,10,325,11,335,16,340,336,248,330,11,160,6,105,,,333,87,,,281,9,292,339,335,294,245,72,107,9,333,302,271,298,296,105,51,208,282,278,331,275,94,71,,208,,,b'\x11\xe8\xe1I\xc7R\xc2\x86\xaf\x82\x12\xdf\x17\xaeN\x1e'
11E8E149-C752-C286-AF82-12DF17AE4E1E,2022-ncaa-d0-natl,ncaa,305,338,112,316,148,276,243,223,257,221,191,253,241,233,250,180,322,344,56,344,354,260,242,260,276,296,264,188,313,273,274,234,299,258,306,256,235,266,301,288,304,318,224,262,,,157,170,,,307,226,323,275,338,316,315,272,250,259,252,344,353,352,345,345,300,317,338,293,234,324,244,,125,,,297,199,250,189,280,273,245,226,138,87,298,79,66,85,46,82,59,172,167,261,223,238,49,125,50,270,299,203,274,230,306,271,225,200,198,269,286,304,136,154,,,237,201,,,307,131,312,265,303,156,219,125,251,216,122,60,52,77,76,102,72,246,162,207,257,246,251,108,,291,,,b'\x11\xe8\xe1I\xc7R\xc2\x86\xaf\x82\x12\xdf\x17\xaeN\x1e'
11E8E149-C752-C286-AF82-12DF17AE4E1E,2022-ncaa-d1-conf-Patriot,ncaa,9,9,6,9,8,9,9,9,7,7,7,7,7,8,4,7,7,8,1,8,8,9,9,6,6,7,7,6,4,9,8,9,9,10,9,10,6,9,9,10,7,7,6,7,,,6,7,,,8,8,5,6,7,8,9,6,7,7,8,5,8,8,9,9,9,8,10,9,10,7,5,,8,,,8,7,7,2,9,6,5,9,4,1,8,3,7,10,2,10,8,3,4,9,8,7,5,3,7,7,9,6,8,6,9,9,7,5,6,6,10,10,6,7,,,5,3,,,8,2,8,8,8,8,9,4,8,7,5,2,9,10,10,7,9,9,7,8,9,5,10,7,,4,,,b'\x11\xe8\xe1I\xc7R\xc2\x86\xaf\x82\x12\xdf\x17\xaeN\x1e'
11E8E149-C752-C286-AF82-12DF17AE4E1E,2022-ncaa-d1-natl,ncaa,316,336,146,325,196,308,284,267,273,258,231,268,254,251,258,181,332,348,56,347,354,302,286,277,289,309,262,188,308,292,281,273,302,300,318,284,242,242,305,301,324,323,243,271,,,125,178,,,318,267,328,275,340,327,325,289,254,266,255,347,353,352,348,345,303,320,342,304,238,330,252,,131,,,314,162,222,148,295,246,219,246,125,70,305,72,52,70,48,68,61,125,117,274,242,256,48,126,47,253,302,176,281,197,318,252,231,242,209,284,265,311,123,171,,,272,199,,,318,84,322,285,317,168,230,131,257,216,125,60,54,77,77,106,72,247,167,211,258,254,253,122,,291,,,b'\x11\xe8\xe1I\xc7R\xc2\x86\xaf\x82\x12\xdf\x17\xaeN\x1e'
11E8E149-C752-C286-AF82-12DF17AE4E1E,2023-ncaa-d0-natl,ncaa,170,139,236,163,238,299,242,254,225,143,108,223,356,350,351,338,318,337,89,338,357,284,331,279,279,234,360,353,262,272,255,283,64,299,217,241,213,10,60,105,280,214,292,292,,,33,126,,,144,328,353,28,307,234,234,91,50,357,349,318,339,341,271,339,253,281,289,227,23,269,293,,49,,,143,8,31,28,191,121,90,227,3,9,9,36,13,19,67,18,48,12,21,109,87,54,2,7,73,10,64,148,255,58,217,71,221,202,67,126,22,91,42,22,,,293,197,,,144,31,245,41,145,14,44,16,181,128,6,10,21,34,35,5,10,19,227,109,109,163,45,59,,283,,,b'\x11\xe8\xe1I\xc7R\xc2\x86\xaf\x82\x12\xdf\x17\xaeN\x1e'
11E8E149-C752-C286-AF82-12DF17AE4E1E,2023-ncaa-d1-conf-Patriot,ncaa,5,4,7,5,7,8,6,6,8,3,1,9,10,10,10,10,8,8,7,8,9,5,8,9,9,7,10,10,7,3,5,10,3,8,6,5,6,1,1,3,3,2,6,4,,,4,6,,,4,10,10,1,7,6,4,2,1,10,10,8,8,8,3,6,2,10,7,5,1,3,6,,6,,,4,1,1,1,6,4,3,6,1,1,1,2,5,5,2,5,7,1,1,5,5,3,1,1,6,1,3,5,5,4,6,3,8,3,1,4,1,2,6,4,,,8,7,,,4,1,6,2,4,1,2,1,5,3,1,2,6,6,6,1,2,2,7,6,5,2,2,6,,7,,,b'\x11\xe8\xe1I\xc7R\xc2\x86\xaf\x82\x12\xdf\x17\xaeN\x1e'
11E8E149-C752-C286-AF82-12DF17AE4E1E,2023-ncaa-d1-natl,ncaa,167,138,219,159,224,300,243,270,218,142,99,220,356,352,345,335,321,339,88,342,357,296,336,266,272,225,359,347,277,275,261,286,64,301,218,218,170,10,68,94,272,209,292,285,,,30,125,,,134,336,354,27,303,231,241,86,54,354,347,318,341,343,279,336,260,275,293,197,24,259,286,,48,,,131,7,26,17,183,111,86,213,2,9,9,37,11,20,53,20,50,12,15,105,73,46,2,9,73,6,64,145,261,54,218,72,223,194,60,105,25,106,33,18,,,303,195,,,134,23,238,29,130,12,40,15,166,120,4,9,20,35,35,4,10,20,217,107,109,155,51,50,,294,,,b'\x11\xe8\xe1I\xc7R\xc2\x86\xaf\x82\x12\xdf\x17\xaeN\x1e'
11E8E149-C752-C286-AF82-12DF17AE4E1E,2024-ncaa-d0-natl,ncaa,106,127,52,123,69,164,149,187,86,79,57,180,306,349,44,351,133,162,99,154,271,181,208,143,135,130,329,332,124,255,220,114,13,162,59,96,63,95,129,74,310,315,246,306,,,99,124,,,103,194,350,230,246,208,330,103,98,332,356,189,224,216,319,349,304,184,272,120,51,341,280,,49,,,103,87,188,147,240,327,312,224,1,3,2,1,72,121,21,113,42,133,120,113,83,118,1,1,116,18,13,93,220,48,59,117,87,229,208,178,180,209,20,6,,,106,38,,,103,172,146,68,95,21,83,29,291,288,1,1,46,80,72,18,6,8,26,7,62,304,118,9,,170,,,b'\x11\xe8\xe1I\xc7R\xc2\x86\xaf\x82\x12\xdf\x17\xaeN\x1e'
11E8E149-C752-C286-AF82-12DF17AE4E1E,2024-ncaa-d1-conf-Patriot,ncaa,3,2,3,3,5,3,3,7,1,2,2,5,6,10,1,10,1,2,2,2,5,5,8,3,3,1,7,8,3,5,3,5,1,4,1,2,1,1,3,2,8,8,7,8,,,3,5,,,2,8,10,8,3,2,6,3,3,7,10,2,3,3,5,9,5,7,4,1,2,9,8,,4,,,1,1,5,4,6,10,9,7,1,1,1,1,4,6,2,6,4,2,3,4,4,5,1,1,6,2,1,1,3,1,1,2,2,9,5,6,2,3,2,1,,,3,2,,,2,3,2,2,2,1,3,3,9,9,1,1,3,5,5,2,1,2,1,1,2,7,3,3,,3,,,b'\x11\xe8\xe1I\xc7R\xc2\x86\xaf\x82\x12\xdf\x17\xaeN\x1e'
11E8E149-C752-C286-AF82-12DF17AE4E1E,2024-ncaa-d1-natl,ncaa,108,129,38,127,60,153,134,187,81,64,42,179,312,352,49,353,136,176,89,166,298,187,218,136,130,120,334,336,141,245,209,115,13,163,55,82,56,89,123,69,294,288,243,299,,,78,104,,,95,197,351,238,250,203,324,89,85,337,358,192,235,233,319,346,301,184,261,102,49,333,278,,38,,,98,74,181,158,227,324,319,216,1,3,1,2,62,108,22,102,35,133,115,90,71,93,1,1,107,19,13,95,209,36,55,104,85,219,189,170,168,201,17,4,,,110,50,,,95,175,140,50,88,15,76,27,286,285,1,1,35,62,54,15,6,7,24,6,60,292,113,11,,185,,,b'\x11\xe8\xe1I\xc7R\xc2\x86\xaf\x82\x12\xdf\x17\xaeN\x1e'
11E8E149-C752-C286-AF82-12DF17AE4E1E,2025-ncaa-d0-natl,genius_ncaa,84,65,135,75,155,128,140,178,106,150,187,120,147,176,83,177,119,212,4,220,204,184,246,106,86,62,135,162,160,241,200,237,4,248,78,130,131,16,40,47,224,162,336,336,,,92,205,,33,67,244,330,118,119,128,225,160,195,145,182,118,229,237,225,317,257,282,296,124,19,238,344,,79,,31,61,53,89,39,298,145,95,276,43,24,241,66,61,86,75,89,153,35,50,273,252,171,52,78,129,1,4,88,200,13,78,49,73,152,63,73,33,66,9,8,,,178,104,,53,67,108,66,97,66,38,65,6,128,59,38,16,63,83,85,4,9,2,62,5,46,150,36,4,,205,,55,b'\x11\xe8\xe1I\xc7R\xc2\x86\xaf\x82\x12\xdf\x17\xaeN\x1e'
11E8E149-C752-C286-AF82-12DF17AE4E1E,2025-ncaa-d1-conf-Patriot,genius_ncaa,3,3,7,3,8,3,5,6,3,3,5,2,6,7,5,7,2,2,2,3,3,5,8,3,2,2,4,9,1,7,4,8,1,7,1,6,7,2,3,6,3,3,10,10,,,4,8,,8,2,9,5,2,2,2,5,1,3,6,5,1,1,2,4,6,6,8,7,4,4,3,10,,7,,8,2,1,1,1,9,2,2,7,2,1,7,3,4,6,1,6,9,1,1,7,7,4,4,2,7,1,1,2,4,1,1,2,3,4,2,2,1,3,2,2,,,2,2,,1,2,2,2,3,2,3,3,1,5,3,2,2,6,7,7,1,2,1,4,1,3,3,2,3,,2,,1,b'\x11\xe8\xe1I\xc7R\xc2\x86\xaf\x82\x12\xdf\x17\xaeN\x1e'
11E8E149-C752-C286-AF82-12DF17AE4E1E,2025-ncaa-d1-natl,genius_ncaa,78,65,113,71,130,124,127,171,102,144,181,124,141,180,88,178,119,208,6,212,207,179,250,104,82,59,137,160,163,243,196,237,4,248,76,115,123,17,39,44,198,138,336,339,,,79,181,,26,63,238,326,125,114,127,209,161,195,147,182,119,228,235,221,312,261,278,299,112,18,220,347,,70,,28,60,60,94,40,302,153,102,269,47,23,271,65,66,87,72,89,148,32,45,278,253,172,56,80,126,1,4,98,196,13,76,54,71,138,67,76,34,65,15,13,,,195,124,,57,63,112,66,99,62,42,71,6,126,65,44,16,59,83,83,6,9,2,64,5,46,156,36,9,,217,,57,b'\x11\xe8\xe1I\xc7R\xc2\x86\xaf\x82\x12\xdf\x17\xaeN\x1e'
11E8E149-C752-C286-AF82-12DF17AE4E1E,2026-ncaa-d0-natl,genius_ncaa,212,250,116,241,120,230,229,219,261,211,213,224,252,201,312,171,158,197,58,191,179,213,216,278,249,259,193,232,84,282,313,178,305,223,312,270,302,200,237,277,264,312,146,183,,,160,101,,6,309,197,319,41,299,304,322,264,275,283,234,193,252,246,325,337,330,240,310,330,171,316,161,,110,,5,294,260,273,257,205,267,248,219,264,273,159,233,185,174,193,178,112,255,197,205,196,264,152,211,106,318,305,207,313,259,312,274,185,277,333,325,263,293,59,74,,,190,170,,268,309,171,276,295,293,247,264,291,258,250,256,273,153,139,139,281,177,314,178,264,249,333,260,48,,254,,286,b'\x11\xe8\xe1I\xc7R\xc2\x86\xaf\x82\x12\xdf\x17\xaeN\x1e'
11E8E149-C752-C286-AF82-12DF17AE4E1E,2026-ncaa-d1-natl,genius_ncaa,203,249,85,236,89,242,240,212,298,209,189,241,284,209,338,201,147,199,42,197,200,212,193,311,285,276,220,278,72,283,312,183,298,222,319,297,319,221,240,297,284,323,138,181,,,196,150,,34,317,166,314,47,318,318,322,269,260,318,256,193,258,252,329,333,318,261,328,340,181,317,160,,140,,24,306,283,292,279,226,271,249,228,285,290,194,244,187,189,170,187,141,271,228,226,213,275,173,235,107,310,298,247,312,284,319,292,217,271,315,314,265,282,83,79,,,191,178,,211,317,201,295,300,306,250,268,265,247,214,261,269,146,138,138,260,140,288,197,250,266,314,233,54,,255,,246,b'\x11\xe8\xe1I\xc7R\xc2\x86\xaf\x82\x12\xdf\x17\xaeN\x1e'
11E8E149-C756-E0A0-AF82-12DF17AE4E1E,2010-ncaa-d0-natl,ncaa,197,202,178,205,207,144,155,195,99,237,304,72,29,31,71,19,222,293,14,287,165,219,222,45,39,64,37,22,270,245,201,255,241,257,224,214,275,125,176,194,161,137,105,99,,,237,294,,,155,211,198,201,94,110,162,246,313,20,22,214,300,294,208,225,246,273,281,204,155,143,97,,274,,,154,210,153,107,244,208,163,255,57,65,143,56,321,305,292,305,308,156,131,208,275,295,169,46,324,148,241,94,201,103,224,168,194,250,235,245,44,74,139,252,,,284,289,,,155,126,81,301,162,248,180,112,235,194,73,59,327,316,317,196,153,177,107,134,199,242,64,155,,292,,,b'\x11\xe8\xe1I\xc7V\xe0\xa0\xaf\x82\x12\xdf\x17\xaeN\x1e'
11E8E149-C756-E0A0-AF82-12DF17AE4E1E,2010-ncaa-d1-conf-Big 12,ncaa,11,11,8,11,11,7,10,10,10,11,11,5,2,1,5,1,7,9,2,9,3,10,8,6,6,10,2,2,7,12,10,11,11,11,10,10,10,9,11,12,4,5,9,9,,,10,12,,,12,8,5,5,7,9,8,10,11,2,1,6,9,9,9,7,11,11,11,10,11,4,9,,11,,,12,11,9,3,12,11,2,12,6,5,10,7,11,12,5,12,12,5,4,12,12,12,8,5,11,7,11,3,10,5,10,11,10,7,6,11,8,10,4,10,,,11,11,,,12,5,10,12,12,12,12,5,12,4,9,6,12,12,12,6,6,8,7,9,12,6,9,5,,11,,,b'\x11\xe8\xe1I\xc7V\xe0\xa0\xaf\x82\x12\xdf\x17\xaeN\x1e'
11E8E149-C756-E0A0-AF82-12DF17AE4E1E,2010-ncaa-d1-natl,ncaa,206,202,191,208,227,151,165,211,104,253,320,76,32,34,70,19,236,305,14,302,167,233,246,48,40,68,37,22,265,261,207,277,248,277,232,225,279,108,176,196,172,145,110,100,,,221,295,,,165,233,200,186,98,117,165,251,316,21,21,215,299,295,210,228,250,275,283,214,155,152,98,,275,,,164,196,138,91,252,199,146,258,47,50,146,57,317,300,291,302,309,136,114,212,278,302,166,45,324,135,248,74,207,85,232,160,195,268,240,247,40,74,134,257,,,300,288,,,165,105,85,307,173,255,187,115,240,196,73,59,327,317,318,198,156,180,109,136,204,249,64,157,,294,,,b'\x11\xe8\xe1I\xc7V\xe0\xa0\xaf\x82\x12\xdf\x17\xaeN\x1e'
11E8E149-C756-E0A0-AF82-12DF17AE4E1E,2011-ncaa-d0-natl,ncaa,137,175,43,163,62,120,112,98,154,159,182,140,55,46,109,61,240,231,216,222,228,112,95,121,145,173,103,53,301,144,196,58,12,76,63,197,280,274,228,247,206,225,143,160,,,285,274,,,196,88,220,223,193,180,208,231,271,77,72,296,290,289,242,236,210,93,136,252,206,259,168,,219,,,194,261,229,249,174,236,256,163,177,181,182,137,297,272,310,263,212,262,225,174,204,258,195,136,254,56,12,255,196,167,63,208,173,223,265,244,201,172,101,109,,,192,279,,,196,262,180,191,194,159,136,118,153,151,127,124,255,213,201,128,61,13,138,57,148,296,146,70,,284,,,b'\x11\xe8\xe1I\xc7V\xe0\xa0\xaf\x82\x12\xdf\x17\xaeN\x1e'
11E8E149-C756-E0A0-AF82-12DF17AE4E1E,2011-ncaa-d1-conf-Big 12,ncaa,9,8,9,9,10,12,12,11,11,12,12,12,5,4,8,2,11,11,9,11,9,12,10,9,9,12,1,1,10,5,5,9,2,8,5,12,11,9,12,12,9,6,8,7,,,5,8,,,11,11,9,7,12,12,9,12,10,3,2,10,10,10,9,8,5,6,5,12,11,8,7,,8,,,11,5,5,1,9,6,4,10,6,4,10,6,9,5,12,5,6,2,1,11,12,11,7,7,8,2,2,4,5,2,5,9,10,11,11,11,8,9,1,3,,,12,12,,,11,3,12,11,11,6,8,5,9,7,7,6,9,8,7,5,3,2,7,4,10,11,8,1,,11,,,b'\x11\xe8\xe1I\xc7V\xe0\xa0\xaf\x82\x12\xdf\x17\xaeN\x1e'
11E8E149-C756-E0A0-AF82-12DF17AE4E1E,2011-ncaa-d1-natl,ncaa,128,172,28,160,38,107,97,84,152,152,163,139,46,42,98,61,241,213,229,202,220,96,76,113,142,172,99,51,306,130,200,42,13,61,66,173,267,291,233,240,182,216,131,153,,,285,263,,,177,65,214,229,193,177,208,239,274,67,73,296,291,287,246,232,209,104,146,241,209,241,160,,212,,,177,275,237,263,166,239,261,167,186,195,165,151,299,275,297,266,216,275,254,168,197,226,193,138,255,51,13,277,200,186,66,222,180,184,241,225,233,190,106,113,,,173,279,,,177,279,180,175,176,148,129,105,144,131,121,129,242,208,203,123,62,13,141,56,148,276,159,71,,285,,,b'\x11\xe8\xe1I\xc7V\xe0\xa0\xaf\x82\x12\xdf\x17\xaeN\x1e'
11E8E149-C756-E0A0-AF82-12DF17AE4E1E,2012-ncaa-d0-natl,ncaa,73,129,11,107,14,86,70,51,130,77,95,93,77,47,213,95,202,167,271,163,238,58,46,130,157,167,192,115,300,65,110,20,14,25,32,158,288,289,194,235,145,191,132,178,,,292,254,,,128,46,257,151,192,145,189,160,238,133,113,298,279,280,220,234,146,75,99,264,160,232,183,,156,,,133,256,224,287,81,224,300,55,179,169,208,93,307,281,326,275,168,299,274,80,123,166,205,126,281,102,14,283,110,208,32,71,17,158,234,91,307,234,231,171,,,159,302,,,128,298,153,115,132,88,60,86,86,149,99,69,212,155,150,87,49,12,95,34,15,282,223,141,,311,,,b'\x11\xe8\xe1I\xc7V\xe0\xa0\xaf\x82\x12\xdf\x17\xaeN\x1e'
11E8E149-C756-E0A0-AF82-12DF17AE4E1E,2012-ncaa-d1-conf-Pac-12,ncaa,9,10,5,10,7,10,11,9,10,9,9,6,9,7,12,4,10,8,11,8,6,9,7,11,11,11,8,6,8,5,4,10,6,6,5,11,10,11,12,11,7,7,10,11,,,8,11,,,10,8,8,8,10,11,8,9,9,7,6,10,7,7,9,9,4,10,8,11,12,7,10,,9,,,10,7,6,3,10,8,7,8,4,3,10,3,12,11,12,11,10,5,4,8,10,10,6,2,11,4,6,3,4,4,5,5,4,7,5,6,11,12,7,8,,,9,10,,,10,4,9,10,10,9,6,2,8,7,4,3,12,12,12,3,3,4,3,3,5,6,12,7,,9,,,b'\x11\xe8\xe1I\xc7V\xe0\xa0\xaf\x82\x12\xdf\x17\xaeN\x1e'
11E8E149-C756-E0A0-AF82-12DF17AE4E1E,2012-ncaa-d1-natl,ncaa,81,129,12,109,14,97,77,55,137,85,108,96,85,58,215,96,223,179,270,176,240,64,53,133,167,171,186,111,299,74,115,22,15,27,34,180,291,282,197,243,162,200,139,183,,,285,255,,,137,53,258,151,197,158,195,172,241,133,112,300,281,283,226,237,156,77,108,269,162,239,185,,160,,,141,241,214,276,87,215,293,60,162,152,212,92,304,273,325,267,170,290,261,85,132,179,205,125,281,85,15,274,115,185,34,64,18,179,242,100,298,236,222,178,,,175,302,,,137,292,159,126,142,92,63,86,91,153,103,68,212,160,154,91,48,13,97,35,17,283,221,143,,311,,,b'\x11\xe8\xe1I\xc7V\xe0\xa0\xaf\x82\x12\xdf\x17\xaeN\x1e'
11E8E149-C756-E0A0-AF82-12DF17AE4E1E,2013-ncaa-d0-natl,ncaa,30,20,80,24,94,96,84,79,131,51,38,162,228,241,166,276,77,66,185,65,182,69,87,167,163,120,269,264,130,26,17,57,29,29,11,116,199,98,59,89,60,51,67,53,,,285,299,,,32,136,212,215,105,96,90,56,45,248,258,85,77,76,68,126,25,59,20,132,71,71,68,,254,,,31,55,37,140,21,31,144,16,154,167,160,168,208,243,52,240,246,156,182,24,34,30,294,237,275,58,29,111,17,79,11,12,31,111,97,21,44,34,267,164,,,95,165,,,32,210,71,20,35,32,16,51,17,70,131,131,175,213,208,68,85,40,55,38,7,151,47,247,,141,,,b'\x11\xe8\xe1I\xc7V\xe0\xa0\xaf\x82\x12\xdf\x17\xaeN\x1e'
11E8E149-C756-E0A0-AF82-12DF17AE4E1E,2013-ncaa-d1-conf-Pac-12,ncaa,4,4,3,4,3,6,6,6,6,4,3,7,11,11,7,11,5,5,7,5,7,7,8,7,8,7,10,11,3,2,2,4,3,3,2,4,5,5,5,6,3,1,4,3,,,10,11,,,3,9,8,4,6,6,7,4,3,11,11,4,5,5,7,8,2,4,3,5,5,3,4,,9,,,3,1,1,2,2,1,2,3,6,5,8,6,8,9,1,9,9,3,3,3,2,2,12,9,10,3,3,4,2,3,2,2,6,3,3,1,4,4,9,8,,,3,3,,,3,4,5,2,3,2,1,2,1,1,5,5,7,8,8,3,3,3,4,4,2,4,4,8,,4,,,b'\x11\xe8\xe1I\xc7V\xe0\xa0\xaf\x82\x12\xdf\x17\xaeN\x1e'
11E8E149-C756-E0A0-AF82-12DF17AE4E1E,2013-ncaa-d1-natl,ncaa,32,20,90,26,111,106,92,91,135,57,42,168,233,243,168,277,85,77,184,75,182,82,104,172,166,122,265,266,125,30,17,66,31,35,11,127,205,83,58,92,68,54,69,53,,,276,300,,,33,156,213,210,109,98,92,59,47,251,258,84,76,77,69,129,25,61,20,140,71,80,69,,255,,,32,42,27,111,23,27,118,18,143,153,163,172,202,236,58,234,248,130,161,27,36,36,292,238,280,50,31,84,17,58,11,8,34,125,99,26,39,36,265,171,,,105,159,,,33,192,77,23,35,35,17,51,20,72,132,134,181,213,212,69,88,41,55,38,8,152,48,250,,136,,,b'\x11\xe8\xe1I\xc7V\xe0\xa0\xaf\x82\x12\xdf\x17\xaeN\x1e'
11E8E149-C756-E0A0-AF82-12DF17AE4E1E,2013-ncaa-d1-ncaatournament,ncaa,33,2,33,33,35,50,60,45,61,53,34,60,56,62,40,59,32,30,47,29,14,39,42,64,57,55,19,48,1,37,31,40,10,39,24,56,44,16,24,55,27,2,27,7,,,12,39,,,42,41,11,7,47,60,21,51,9,51,56,7,4,3,11,13,11,27,18,55,32,3,4,,30,,,46,10,18,20,44,17,16,45,17,19,44,29,1,1,63,1,2,10,17,44,45,32,10,30,5,9,10,22,31,15,24,16,35,34,8,22,8,8,35,52,,,37,14,,,42,24,56,17,40,33,49,34,46,41,29,25,4,2,2,15,30,10,54,39,46,9,10,55,,10,,,b'\x11\xe8\xe1I\xc7V\xe0\xa0\xaf\x82\x12\xdf\x17\xaeN\x1e'
11E8E149-C756-E0A0-AF82-12DF17AE4E1E,2014-ncaa-d0-natl,ncaa,105,150,28,128,42,68,71,64,110,51,42,113,225,207,236,268,37,28,198,26,93,51,41,158,143,157,259,293,70,66,95,37,46,36,49,83,154,300,196,167,70,99,43,53,,,345,335,,,74,43,132,239,131,138,177,81,110,264,262,57,52,52,130,125,118,69,67,133,219,117,59,,321,,,75,230,109,232,33,96,242,19,189,172,201,102,342,342,189,341,325,292,295,33,78,67,328,158,338,159,46,259,95,232,49,76,93,77,121,40,235,142,196,98,,,33,95,,,74,307,134,52,81,77,24,52,22,115,118,92,311,317,315,135,151,68,124,80,30,136,147,124,,82,,,b'\x11\xe8\xe1I\xc7V\xe0\xa0\xaf\x82\x12\xdf\x17\xaeN\x1e'
11E8E149-C756-E0A0-AF82-12DF17AE4E1E,2014-ncaa-d1-conf-Pac-12,ncaa,8,9,4,9,4,8,8,7,7,6,5,5,11,8,12,9,6,6,6,7,6,7,4,10,9,10,10,12,4,3,6,9,5,7,5,8,7,10,10,11,4,5,3,3,,,11,12,,,5,5,6,4,9,9,8,5,5,11,10,5,5,5,6,4,4,7,5,7,11,5,3,,12,,,5,7,1,3,4,1,3,3,6,4,10,4,11,11,11,11,12,5,7,5,8,5,12,7,12,5,5,7,6,6,5,5,8,5,4,3,5,6,5,6,,,2,2,,,5,8,10,4,6,5,1,2,1,2,5,4,11,11,11,4,6,5,4,5,5,7,4,5,,3,,,b'\x11\xe8\xe1I\xc7V\xe0\xa0\xaf\x82\x12\xdf\x17\xaeN\x1e'
11E8E149-C756-E0A0-AF82-12DF17AE4E1E,2014-ncaa-d1-natl,ncaa,111,150,33,138,47,79,84,78,116,55,49,121,234,215,236,266,38,31,197,29,98,58,50,163,149,162,259,291,70,70,97,39,47,40,51,91,158,288,196,173,83,109,48,54,,,343,334,,,80,50,134,241,139,144,181,87,108,265,263,60,53,53,138,131,125,71,72,142,219,126,60,,322,,,81,208,91,212,34,79,227,19,178,159,202,101,341,339,197,337,326,282,286,33,83,73,328,158,338,140,47,240,97,206,51,66,96,90,126,45,218,142,186,101,,,42,92,,,80,300,139,56,87,81,25,51,22,116,115,91,311,317,315,136,150,69,127,80,33,140,149,128,,83,,,b'\x11\xe8\xe1I\xc7V\xe0\xa0\xaf\x82\x12\xdf\x17\xaeN\x1e'
11E8E149-C756-E0A0-AF82-12DF17AE4E1E,2015-ncaa-d0-natl,ncaa,162,209,79,195,79,71,64,99,52,48,59,122,161,261,8,290,87,126,25,120,249,97,82,68,54,81,229,216,161,135,100,33,116,47,45,49,77,264,208,102,328,344,50,69,,,335,326,,,158,80,166,15,71,61,151,57,63,177,283,101,165,161,150,134,175,20,44,45,219,340,57,,328,,,159,307,254,305,75,265,293,122,166,260,20,154,339,342,126,343,314,326,282,65,97,233,225,87,325,294,116,103,100,192,45,100,25,320,345,276,276,220,155,80,,,137,228,,,158,269,80,256,159,267,199,306,226,273,143,232,332,334,334,333,253,264,45,105,62,340,234,126,,198,,,b'\x11\xe8\xe1I\xc7V\xe0\xa0\xaf\x82\x12\xdf\x17\xaeN\x1e'
11E8E149-C756-E0A0-AF82-12DF17AE4E1E,2015-ncaa-d1-conf-Pac-12,ncaa,7,9,1,8,1,2,2,4,4,2,3,7,6,9,1,9,2,5,2,5,8,4,1,4,4,5,7,8,3,5,4,2,6,1,3,3,2,12,12,5,8,11,4,4,,,12,12,,,8,1,4,7,3,3,8,4,5,7,10,2,7,7,7,4,7,3,3,3,12,10,4,,12,,,8,12,9,11,5,10,9,7,6,10,2,7,12,12,8,12,12,12,12,4,6,8,10,4,12,10,6,4,4,6,3,7,4,9,10,9,12,11,6,4,,,1,7,,,8,12,5,9,7,9,8,7,8,8,6,8,12,12,12,11,10,8,2,4,6,9,12,4,,3,,,b'\x11\xe8\xe1I\xc7V\xe0\xa0\xaf\x82\x12\xdf\x17\xaeN\x1e'
11E8E149-C756-E0A0-AF82-12DF17AE4E1E,2015-ncaa-d1-natl,ncaa,180,207,97,202,99,82,70,121,55,59,74,131,167,269,8,289,104,149,24,141,247,123,102,74,62,88,225,217,158,151,109,38,124,57,48,54,78,250,210,104,337,344,56,70,,,332,328,,,171,101,169,14,77,67,157,59,67,177,283,102,167,162,161,147,177,19,50,54,223,341,58,,327,,,171,295,239,299,79,254,278,132,153,245,23,152,339,341,130,342,317,321,265,68,105,246,224,85,326,277,124,76,109,160,48,84,26,334,346,283,260,229,149,85,,,158,229,,,171,248,86,267,172,277,214,308,242,278,144,232,333,333,333,333,249,267,50,109,65,341,238,126,,195,,,b'\x11\xe8\xe1I\xc7V\xe0\xa0\xaf\x82\x12\xdf\x17\xaeN\x1e'
11E8E149-C756-E0A0-AF82-12DF17AE4E1E,2016-ncaa-d0-natl,ncaa,296,307,175,302,221,202,171,161,193,142,100,263,225,278,61,271,279,298,121,300,341,189,183,221,234,218,281,211,283,194,209,212,192,210,216,137,109,199,216,158,222,227,88,101,,,315,336,,,283,177,121,269,212,153,130,110,65,220,269,286,304,307,174,158,195,210,202,113,224,218,79,,327,,,280,259,199,136,271,245,228,210,87,37,322,23,341,338,223,338,316,193,168,248,291,294,171,42,331,155,192,203,209,178,216,220,219,234,237,248,243,250,206,152,,,241,267,,,283,173,230,283,280,279,227,145,269,268,101,30,341,336,336,232,213,168,230,211,232,220,248,224,,253,,,b'\x11\xe8\xe1I\xc7V\xe0\xa0\xaf\x82\x12\xdf\x17\xaeN\x1e'
11E8E149-C756-E0A0-AF82-12DF17AE4E1E,2016-ncaa-d1-conf-Pac-12,ncaa,12,12,10,12,11,11,11,7,12,11,6,12,10,10,8,9,12,12,11,12,12,9,10,11,12,11,11,7,11,6,8,10,10,10,11,10,5,8,10,10,7,6,7,5,,,11,12,,,11,9,4,6,11,11,4,7,2,9,9,12,12,12,5,4,5,8,8,6,9,5,5,,12,,,11,7,5,3,10,7,5,10,4,4,11,3,12,12,6,12,12,6,4,10,10,11,8,3,12,5,10,7,8,7,11,6,9,8,6,7,9,9,8,6,,,12,12,,,11,3,11,12,11,11,10,6,10,8,5,4,12,12,12,8,8,9,11,10,10,5,10,9,,12,,,b'\x11\xe8\xe1I\xc7V\xe0\xa0\xaf\x82\x12\xdf\x17\xaeN\x1e'
11E8E149-C756-E0A0-AF82-12DF17AE4E1E,2016-ncaa-d1-natl,ncaa,302,305,218,307,278,232,198,200,202,170,119,267,238,285,65,271,294,310,121,313,341,223,220,230,242,225,277,211,281,219,219,244,200,251,228,164,112,172,217,163,250,238,101,104,,,304,338,,,289,223,123,266,220,166,137,122,70,220,273,286,305,311,182,164,202,219,220,124,229,230,79,,329,,,288,239,182,98,278,225,207,222,79,22,325,23,335,331,229,331,317,161,124,255,301,303,168,43,330,131,200,177,219,145,228,204,221,254,241,256,225,254,197,157,,,267,265,,,289,131,237,295,286,284,235,147,276,274,102,30,343,339,339,235,211,175,236,213,240,230,251,230,,252,,,b'\x11\xe8\xe1I\xc7V\xe0\xa0\xaf\x82\x12\xdf\x17\xaeN\x1e'
11E8E149-C756-E0A0-AF82-12DF17AE4E1E,2017-ncaa-d0-natl,ncaa,136,184,45,169,58,67,52,25,181,60,30,205,78,76,124,165,184,166,220,159,318,28,36,175,200,144,209,138,299,39,127,140,231,85,219,105,263,129,35,92,7,10,119,120,,,326,264,,,123,43,70,230,85,55,17,93,43,102,108,252,244,243,22,53,63,269,163,146,55,9,136,,289,,,125,302,272,241,258,256,216,264,248,233,233,193,301,324,59,324,292,269,307,273,271,165,228,183,235,256,231,331,127,324,219,269,210,19,28,70,116,47,339,286,,,207,340,,,123,309,118,150,122,218,184,91,185,92,200,179,251,277,273,137,251,172,284,247,197,26,65,327,,311,,,b'\x11\xe8\xe1I\xc7V\xe0\xa0\xaf\x82\x12\xdf\x17\xaeN\x1e'
11E8E149-C756-E0A0-AF82-12DF17AE4E1E,2017-ncaa-d1-conf-Pac-12,ncaa,9,9,8,9,8,10,11,4,12,12,7,12,5,3,7,2,10,11,9,11,10,6,6,12,12,10,2,3,9,6,8,10,10,10,11,11,10,3,3,6,3,2,12,12,,,10,10,,,9,10,5,5,10,10,2,12,6,4,3,9,9,9,4,3,5,10,9,11,3,1,12,,10,,,9,7,7,2,12,5,1,12,8,6,6,12,7,9,2,8,9,3,4,12,12,10,8,7,7,7,10,10,8,11,11,10,9,2,1,5,2,4,12,12,,,12,12,,,9,4,9,9,9,10,10,4,9,1,8,8,8,9,9,4,9,9,12,11,10,1,3,12,,12,,,b'\x11\xe8\xe1I\xc7V\xe0\xa0\xaf\x82\x12\xdf\x17\xaeN\x1e'
11E8E149-C756-E0A0-AF82-12DF17AE4E1E,2017-ncaa-d1-natl,ncaa,143,181,56,174,79,75,60,26,191,69,38,214,92,84,128,165,209,197,220,189,316,33,43,183,215,151,207,138,299,47,137,179,241,111,235,123,262,97,36,97,10,11,126,129,,,317,271,,,130,52,74,228,91,62,18,100,47,106,108,255,245,244,23,59,71,276,174,159,58,12,145,,290,,,137,289,262,206,271,239,189,279,235,220,239,193,284,311,63,310,299,243,299,278,281,174,222,182,234,236,241,323,137,318,235,259,214,29,33,83,97,50,338,291,,,239,339,,,130,300,123,162,133,223,195,90,188,95,203,177,257,281,276,137,249,178,293,256,205,31,67,329,,311,,,b'\x11\xe8\xe1I\xc7V\xe0\xa0\xaf\x82\x12\xdf\x17\xaeN\x1e'
11E8E149-C756-E0A0-AF82-12DF17AE4E1E,2018-ncaa-d0-natl,ncaa,185,189,164,195,208,130,122,124,137,109,126,124,160,138,205,162,196,199,218,201,243,128,127,145,157,151,234,185,244,84,95,140,196,119,133,176,266,175,157,189,142,141,82,91,,,161,137,,,193,151,77,205,96,80,63,81,103,153,126,186,176,181,77,72,69,122,85,162,207,129,70,,190,,,193,242,235,224,208,230,224,190,229,201,252,176,194,200,151,210,179,230,202,215,204,230,195,211,150,208,196,163,95,175,133,257,233,209,225,246,175,153,144,117,,,252,299,,,193,201,133,225,190,265,266,275,241,256,251,227,208,213,222,287,267,225,186,205,272,199,191,159,,248,,,b'\x11\xe8\xe1I\xc7V\xe0\xa0\xaf\x82\x12\xdf\x17\xaeN\x1e'
11E8E149-C756-E0A0-AF82-12DF17AE4E1E,2018-ncaa-d1-conf-Pac-12,ncaa,9,9,3,9,5,9,7,2,10,9,4,9,5,4,10,5,7,7,10,7,8,3,2,10,11,11,6,6,6,2,7,8,9,8,8,9,10,11,9,9,7,8,7,8,,,10,9,,,10,3,3,8,10,9,3,10,6,6,4,8,6,6,3,3,2,8,7,9,10,6,7,,9,,,10,12,11,10,9,10,9,9,10,9,10,6,12,11,9,12,9,11,11,10,10,10,8,8,8,10,9,8,7,9,8,10,8,7,7,8,8,7,9,8,,,5,9,,,10,10,9,10,10,11,10,7,10,8,10,8,11,10,11,11,11,10,8,9,10,6,9,9,,6,,,b'\x11\xe8\xe1I\xc7V\xe0\xa0\xaf\x82\x12\xdf\x17\xaeN\x1e'
11E8E149-C756-E0A0-AF82-12DF17AE4E1E,2018-ncaa-d1-natl,ncaa,186,188,144,196,178,115,105,92,133,99,104,120,147,128,193,158,203,197,199,204,257,103,102,139,154,144,232,178,249,73,87,143,191,101,131,163,267,180,149,174,129,131,83,88,,,181,140,,,180,118,72,203,85,70,56,70,98,142,115,191,184,186,65,64,61,118,70,152,197,117,78,,195,,,180,257,252,244,195,230,223,187,234,220,232,184,199,203,150,210,182,251,227,204,195,220,193,212,158,206,191,170,87,195,131,261,233,189,219,239,176,147,138,102,,,255,310,,,180,234,119,221,173,263,258,269,239,249,247,233,207,214,221,283,269,229,184,208,266,185,184,157,,253,,,b'\x11\xe8\xe1I\xc7V\xe0\xa0\xaf\x82\x12\xdf\x17\xaeN\x1e'
11E8E149-C756-E0A0-AF82-12DF17AE4E1E,2019-ncaa-d0-natl,ncaa,220,224,173,227,229,189,178,154,222,191,215,155,154,106,287,101,202,222,150,220,178,166,180,216,207,194,162,147,196,64,49,202,202,139,112,215,242,130,139,187,198,183,133,121,,,64,77,,,226,238,233,272,170,159,105,176,211,141,87,190,204,202,129,148,50,204,90,223,145,194,129,,75,,,226,219,228,178,249,155,141,203,301,241,334,263,86,80,190,76,109,153,116,285,277,299,256,310,70,174,202,118,49,131,112,180,123,271,258,254,76,104,256,268,,,302,329,,,226,102,141,297,228,246,256,208,175,155,319,264,106,101,96,167,125,190,144,168,198,267,117,268,,316,,,b'\x11\xe8\xe1I\xc7V\xe0\xa0\xaf\x82\x12\xdf\x17\xaeN\x1e'
11E8E149-C756-E0A0-AF82-12DF17AE4E1E,2019-ncaa-d1-conf-Pac-12,ncaa,12,12,7,12,11,12,12,8,12,11,10,11,9,5,12,3,9,8,9,8,6,8,8,12,12,12,6,8,3,2,5,9,10,7,8,12,11,11,12,12,9,10,6,4,,,7,8,,,12,9,6,9,12,12,7,11,8,8,4,6,7,7,6,3,2,9,7,12,12,9,5,,8,,,12,9,8,3,10,7,5,8,10,5,12,5,7,7,6,7,8,3,3,10,10,12,9,8,5,7,10,7,5,6,8,10,8,9,9,9,10,10,11,11,,,10,10,,,12,4,12,12,12,12,10,5,9,8,10,5,7,8,8,6,5,9,8,8,10,9,12,12,,10,,,b'\x11\xe8\xe1I\xc7V\xe0\xa0\xaf\x82\x12\xdf\x17\xaeN\x1e'
11E8E149-C756-E0A0-AF82-12DF17AE4E1E,2019-ncaa-d1-natl,ncaa,232,224,233,234,292,224,226,194,237,231,252,165,163,116,293,102,226,244,153,243,177,216,236,224,219,202,157,145,192,91,56,242,211,177,131,248,249,96,144,194,223,195,152,123,,,46,81,,,241,289,237,272,181,181,119,189,220,141,88,194,209,207,141,152,57,212,106,235,148,201,132,,77,,,241,182,203,129,266,132,109,219,291,219,335,262,74,70,196,66,110,104,66,296,289,307,254,309,71,142,211,81,56,93,131,163,126,291,267,267,61,109,245,277,,,322,330,,,241,52,148,310,244,257,266,213,194,160,321,261,111,103,99,176,121,202,151,175,205,269,121,273,,316,,,b'\x11\xe8\xe1I\xc7V\xe0\xa0\xaf\x82\x12\xdf\x17\xaeN\x1e'
11E8E149-C756-E0A0-AF82-12DF17AE4E1E,2020-ncaa-d0-natl,ncaa,140,150,87,155,112,166,162,168,173,135,162,135,211,159,284,174,114,97,210,100,119,154,131,192,191,204,209,220,115,30,19,189,106,86,38,140,139,244,204,188,151,138,58,44,,,238,273,,,182,194,259,123,195,192,192,153,188,215,179,120,114,113,178,138,33,210,87,154,223,168,57,,217,,,182,195,171,153,178,83,121,98,317,217,347,250,171,127,315,130,172,139,129,254,258,255,328,326,163,72,106,60,19,51,38,288,318,196,174,267,280,260,293,279,,,164,202,,,182,151,151,236,182,169,135,107,63,77,314,203,161,125,127,91,73,65,46,31,271,218,262,288,,184,,,b'\x11\xe8\xe1I\xc7V\xe0\xa0\xaf\x82\x12\xdf\x17\xaeN\x1e'
11E8E149-C756-E0A0-AF82-12DF17AE4E1E,2020-ncaa-d1-conf-Pac-12,ncaa,9,9,9,9,11,12,12,12,12,11,9,11,12,8,12,7,6,4,11,4,1,9,8,12,12,12,6,9,2,2,3,12,4,5,4,12,7,9,10,12,10,8,7,4,,,9,12,,,10,11,9,9,12,12,9,11,7,12,8,6,3,3,5,4,2,11,5,12,9,8,6,,11,,,10,6,5,2,10,3,1,8,10,4,12,8,6,4,9,4,7,2,2,10,10,10,11,11,6,1,4,4,3,4,4,9,12,11,8,9,11,12,10,12,,,7,5,,,10,2,11,9,10,7,7,3,6,4,11,6,9,6,6,4,4,3,5,5,10,10,12,11,,4,,,b'\x11\xe8\xe1I\xc7V\xe0\xa0\xaf\x82\x12\xdf\x17\xaeN\x1e'
11E8E149-C756-E0A0-AF82-12DF17AE4E1E,2020-ncaa-d1-natl,ncaa,150,150,128,157,168,205,198,205,183,163,195,143,228,174,286,173,134,118,210,121,119,193,171,206,201,213,207,220,109,41,20,221,109,109,39,163,146,227,214,194,178,149,64,44,,,210,275,,,199,254,261,110,202,203,202,167,195,221,180,121,116,117,188,145,40,216,95,163,226,181,57,,220,,,199,167,147,115,193,66,87,104,314,199,350,249,152,114,320,115,177,103,76,260,267,271,328,323,162,57,109,44,20,35,39,273,318,219,186,278,273,263,287,287,,,198,199,,,199,94,166,255,203,177,148,108,74,79,320,201,168,127,127,97,74,68,47,35,273,226,266,292,,186,,,b'\x11\xe8\xe1I\xc7V\xe0\xa0\xaf\x82\x12\xdf\x17\xaeN\x1e'
11E8E149-C756-E0A0-AF82-12DF17AE4E1E,2021-ncaa-d0-natl,ncaa,151,165,157,157,168,169,167,196,96,160,178,123,176,210,86,224,163,139,283,136,90,187,188,107,115,140,187,196,156,170,105,200,124,186,99,169,184,176,205,179,95,59,122,70,,,193,268,,,126,195,271,142,172,171,271,158,193,199,246,161,105,104,236,249,164,247,226,183,177,85,131,,208,,,126,129,128,131,173,108,88,251,237,251,132,328,111,114,122,112,215,128,140,210,193,137,280,303,104,111,124,116,105,107,99,165,217,132,87,120,223,252,318,323,,,183,145,,,126,150,142,120,122,91,97,66,52,14,257,291,76,79,77,51,58,75,55,47,162,117,235,317,,191,,,b'\x11\xe8\xe1I\xc7V\xe0\xa0\xaf\x82\x12\xdf\x17\xaeN\x1e'
11E8E149-C756-E0A0-AF82-12DF17AE4E1E,2021-ncaa-d1-conf-Pac-12,ncaa,8,6,9,7,9,9,9,9,5,7,8,5,10,11,6,10,9,5,12,5,4,9,9,5,5,7,9,10,7,9,9,9,4,9,4,9,8,7,9,9,8,5,9,6,,,5,11,,,6,9,10,5,8,8,9,6,5,11,11,6,4,3,8,10,9,8,10,8,9,4,9,,8,,,6,3,2,3,7,2,2,11,6,8,3,12,2,2,2,2,7,3,3,7,7,5,9,11,2,2,4,4,9,3,4,6,10,7,5,6,7,10,12,11,,,9,4,,,6,4,7,5,6,4,6,4,3,1,8,11,2,2,2,2,2,2,6,2,7,5,9,11,,6,,,b'\x11\xe8\xe1I\xc7V\xe0\xa0\xaf\x82\x12\xdf\x17\xaeN\x1e'
11E8E149-C756-E0A0-AF82-12DF17AE4E1E,2021-ncaa-d1-natl,ncaa,139,165,152,157,160,158,153,189,100,133,155,122,169,186,101,219,157,122,280,121,99,177,178,111,124,140,192,198,159,138,103,171,118,168,94,165,201,186,191,172,77,61,86,51,,,215,277,,,116,184,264,147,170,157,248,149,186,201,239,162,109,108,227,238,157,216,199,192,168,75,104,,220,,,118,142,131,140,146,110,98,214,251,264,128,329,123,133,103,131,229,140,154,187,176,125,293,307,119,132,118,130,103,125,94,169,224,112,92,119,232,235,321,324,,,170,152,,,116,160,140,115,120,86,87,70,44,13,259,288,81,99,89,53,64,82,67,59,152,120,225,317,,195,,,b'\x11\xe8\xe1I\xc7V\xe0\xa0\xaf\x82\x12\xdf\x17\xaeN\x1e'
11E8E149-C756-E0A0-AF82-12DF17AE4E1E,2022-ncaa-d0-natl,ncaa,57,49,79,59,83,104,109,120,108,103,135,85,144,124,203,164,98,74,243,73,79,108,116,118,123,110,182,197,148,92,104,154,147,125,122,84,78,140,91,81,14,11,90,66,,,292,291,,,56,134,297,21,132,136,199,129,193,177,155,130,105,103,178,217,116,246,186,89,80,13,118,,253,,,54,119,105,153,97,78,112,129,233,257,133,299,146,130,265,126,188,149,220,130,135,53,281,283,187,154,147,209,104,192,122,80,92,35,25,18,156,118,350,351,,,153,213,,,56,228,89,49,51,46,42,46,30,28,180,211,101,84,83,26,92,104,126,101,43,39,112,347,,225,,,b'\x11\xe8\xe1I\xc7V\xe0\xa0\xaf\x82\x12\xdf\x17\xaeN\x1e'
11E8E149-C756-E0A0-AF82-12DF17AE4E1E,2022-ncaa-d1-conf-Pac-12,ncaa,3,5,1,5,1,5,5,5,10,4,5,6,6,5,12,6,2,1,11,1,2,4,2,9,10,9,5,9,2,3,6,7,8,5,8,4,4,11,5,6,1,1,6,7,,,12,11,,,4,3,9,1,6,8,6,6,8,10,6,3,1,1,4,3,4,8,7,6,6,1,8,,11,,,4,7,8,7,5,8,5,7,6,9,1,12,7,7,7,7,7,6,11,5,6,2,7,8,8,10,8,12,6,12,8,7,4,1,2,3,8,5,12,11,,,2,5,,,4,10,6,2,4,2,4,4,5,2,4,9,5,5,5,3,9,6,12,10,2,2,5,12,,4,,,b'\x11\xe8\xe1I\xc7V\xe0\xa0\xaf\x82\x12\xdf\x17\xaeN\x1e'
11E8E149-C756-E0A0-AF82-12DF17AE4E1E,2022-ncaa-d1-natl,ncaa,65,49,100,63,103,130,136,148,118,128,167,90,158,143,205,168,115,88,244,88,76,137,154,127,130,116,180,198,138,114,115,198,154,160,133,101,79,106,99,86,19,13,105,68,,,280,292,,,67,179,301,15,150,153,213,138,201,180,158,130,104,104,186,229,122,259,204,103,81,20,121,,256,,,67,99,81,119,109,65,80,142,214,239,142,297,125,102,271,101,190,113,173,141,149,66,277,280,185,133,154,187,115,155,133,58,98,46,28,25,137,127,350,351,,,180,213,,,67,185,97,62,59,52,49,47,34,27,190,208,104,86,85,29,87,109,132,107,49,51,117,348,,222,,,b'\x11\xe8\xe1I\xc7V\xe0\xa0\xaf\x82\x12\xdf\x17\xaeN\x1e'
11E8E149-C756-E0A0-AF82-12DF17AE4E1E,2022-ncaa-d1-ncaatournament,ncaa,37,2,37,37,38,40,36,45,14,36,42,10,52,51,58,42,49,56,17,56,61,46,51,24,25,11,65,59,56,47,35,57,25,59,35,34,30,2,2,2,40,22,40,20,,,23,60,,,39,50,13,5,9,4,11,2,10,45,37,36,49,50,17,30,34,54,51,6,2,19,25,,56,,,42,24,16,9,59,13,8,57,27,19,60,38,30,18,65,18,59,7,13,60,62,57,51,43,54,8,25,9,35,6,35,13,28,43,17,33,3,4,6,7,,,60,62,,,39,25,8,54,39,58,47,19,41,18,49,37,60,46,48,20,34,12,35,17,46,16,3,9,,60,,,b'\x11\xe8\xe1I\xc7V\xe0\xa0\xaf\x82\x12\xdf\x17\xaeN\x1e'
11E8E149-C756-E0A0-AF82-12DF17AE4E1E,2023-ncaa-d0-natl,ncaa,33,39,29,38,30,56,48,53,62,40,42,116,115,164,38,252,108,92,243,91,226,52,49,83,98,102,260,208,253,57,65,56,62,47,47,36,83,259,130,79,23,20,189,220,,,329,305,,,42,50,241,23,89,64,118,62,90,168,234,190,162,161,125,150,109,116,89,50,148,35,249,,265,,,44,214,215,285,64,170,240,90,254,297,103,266,186,164,255,150,114,273,295,78,79,56,247,252,167,165,62,208,65,198,47,227,203,58,80,79,297,205,344,282,,,130,299,,,42,303,76,45,50,48,49,100,51,73,164,204,90,80,70,67,95,66,52,43,104,121,207,315,,269,,,b'\x11\xe8\xe1I\xc7V\xe0\xa0\xaf\x82\x12\xdf\x17\xaeN\x1e'
11E8E149-C756-E0A0-AF82-12DF17AE4E1E,2023-ncaa-d1-conf-Pac-12,ncaa,4,3,7,3,8,8,9,9,6,5,7,6,11,11,11,11,7,7,12,7,4,6,8,6,6,8,10,11,7,7,4,8,3,8,4,8,8,7,8,7,3,1,12,12,,,10,11,,,4,9,9,2,6,6,7,3,3,12,11,8,5,5,7,7,6,6,6,7,7,2,12,,10,,,4,2,3,2,8,2,1,8,7,6,10,11,3,4,4,4,6,2,3,8,7,4,9,10,3,1,3,4,4,3,4,6,9,4,1,4,8,10,10,11,,,10,5,,,4,4,6,3,5,4,4,2,2,1,9,8,4,6,6,2,2,2,5,3,7,2,10,11,,8,,,b'\x11\xe8\xe1I\xc7V\xe0\xa0\xaf\x82\x12\xdf\x17\xaeN\x1e'
11E8E149-C756-E0A0-AF82-12DF17AE4E1E,2023-ncaa-d1-natl,ncaa,37,39,33,39,33,61,53,63,64,45,50,122,130,184,38,257,131,115,245,112,229,64,62,86,103,106,259,208,248,71,70,66,72,54,48,39,86,235,134,88,28,21,204,225,,,325,308,,,43,63,246,22,97,68,130,68,97,175,239,190,165,163,137,153,112,126,99,53,152,40,253,,267,,,45,183,186,263,74,141,211,96,240,285,111,264,168,142,257,129,116,247,277,85,88,66,247,253,166,140,72,173,70,162,48,213,205,74,93,94,279,210,341,291,,,161,296,,,43,289,85,55,53,56,57,99,59,75,171,204,96,82,74,70,93,67,54,46,123,135,210,317,,271,,,b'\x11\xe8\xe1I\xc7V\xe0\xa0\xaf\x82\x12\xdf\x17\xaeN\x1e'
11E8E149-C756-E0A0-AF82-12DF17AE4E1E,2023-ncaa-d1-ncaatournament,ncaa,9,2,9,9,9,12,11,10,25,13,13,39,4,5,12,23,20,20,48,19,53,10,10,18,23,31,24,13,57,7,11,14,9,10,8,11,19,58,42,25,14,29,22,36,,,59,50,,,14,9,24,6,12,9,6,25,21,8,18,52,48,43,11,6,12,15,8,11,49,30,35,,48,,,15,60,60,57,32,59,52,46,56,60,20,56,54,51,56,51,29,56,56,35,36,33,37,41,32,43,9,57,11,51,8,57,21,12,30,23,64,58,59,35,,,17,62,,,14,58,23,24,21,30,32,32,34,20,39,51,30,22,20,23,27,8,29,13,22,28,58,40,,53,,,b'\x11\xe8\xe1I\xc7V\xe0\xa0\xaf\x82\x12\xdf\x17\xaeN\x1e'
11E8E149-C756-E0A0-AF82-12DF17AE4E1E,2024-ncaa-d0-natl,ncaa,41,57,29,56,37,26,17,32,24,20,33,37,71,109,36,213,105,105,151,100,254,34,43,29,35,31,254,196,305,78,121,63,15,60,45,8,22,152,51,14,13,19,137,173,,,307,265,,,35,40,117,135,30,22,54,25,74,103,178,175,186,181,65,116,144,123,125,11,71,32,191,,230,,,38,289,260,256,203,225,243,147,300,239,322,195,295,248,348,249,199,261,292,222,250,187,290,252,232,52,15,260,121,160,45,161,72,51,85,62,121,54,357,321,,,196,344,,,35,317,31,118,42,167,125,98,90,103,232,153,212,167,169,88,140,12,114,43,76,100,64,351,,310,,,b'\x11\xe8\xe1I\xc7V\xe0\xa0\xaf\x82\x12\xdf\x17\xaeN\x1e'
11E8E149-C756-E0A0-AF82-12DF17AE4E1E,2024-ncaa-d1-conf-Pac-12,ncaa,5,5,3,5,6,3,2,4,2,3,5,4,7,8,1,9,4,2,10,2,4,4,4,4,4,4,7,8,6,5,5,5,3,4,3,2,1,8,7,2,2,2,9,9,,,9,11,,,4,5,1,7,3,2,5,3,4,8,8,4,2,2,4,3,5,4,4,2,8,2,9,,9,,,3,6,2,5,5,3,2,4,7,7,9,8,9,7,12,7,8,6,9,5,5,5,10,9,11,3,3,8,5,3,3,2,1,3,2,2,8,7,11,10,,,7,10,,,4,9,4,4,3,4,3,3,3,2,7,7,9,7,7,4,8,3,6,4,2,2,8,11,,8,,,b'\x11\xe8\xe1I\xc7V\xe0\xa0\xaf\x82\x12\xdf\x17\xaeN\x1e'
11E8E149-C756-E0A0-AF82-12DF17AE4E1E,2024-ncaa-d1-natl,ncaa,48,57,38,58,47,32,22,41,24,24,39,39,81,134,37,218,126,129,152,123,255,45,61,32,40,33,251,199,305,108,131,88,17,83,56,10,22,118,59,14,22,27,156,177,,,296,275,,,42,53,124,128,34,23,62,25,81,107,186,180,191,184,68,129,158,133,141,11,73,40,194,,238,,,42,276,249,228,222,201,218,166,292,220,327,202,277,228,350,226,206,237,271,241,262,221,292,253,235,31,17,231,131,128,56,141,74,69,101,83,103,55,359,328,,,225,344,,,42,304,33,137,50,186,144,103,106,110,247,157,218,170,172,90,139,13,122,46,85,112,67,353,,312,,,b'\x11\xe8\xe1I\xc7V\xe0\xa0\xaf\x82\x12\xdf\x17\xaeN\x1e'
11E8E149-C756-E0A0-AF82-12DF17AE4E1E,2024-ncaa-d1-ncaatournament,ncaa,9,3,9,9,10,13,13,11,24,11,10,24,15,13,35,44,17,12,52,11,36,11,10,25,32,29,48,40,43,6,13,15,17,13,12,11,21,60,37,22,3,6,20,35,,,57,33,,,20,12,12,5,16,15,17,13,15,31,33,36,28,26,14,11,14,36,23,12,40,5,40,,34,,,21,60,61,54,50,58,52,54,63,58,41,51,48,52,11,51,36,55,56,51,49,35,36,50,19,44,17,55,13,55,12,62,46,8,6,22,63,50,63,54,,,14,60,,,20,59,26,27,21,37,41,19,32,17,45,42,21,24,24,14,34,14,15,12,46,3,51,54,,51,,,b'\x11\xe8\xe1I\xc7V\xe0\xa0\xaf\x82\x12\xdf\x17\xaeN\x1e'
11E8E149-C756-E0A0-AF82-12DF17AE4E1E,2025-ncaa-d0-natl,genius_ncaa,84,113,29,101,45,67,57,108,14,47,103,26,105,157,39,194,183,188,169,177,238,114,72,23,27,92,257,184,307,132,77,52,36,69,21,34,45,348,310,126,130,161,147,139,,,328,294,,288,110,65,215,242,98,70,257,66,213,154,222,263,270,262,276,217,195,111,152,38,303,184,198,,243,,239,113,304,247,274,145,138,155,156,337,341,252,338,288,258,323,256,266,280,270,211,224,227,340,331,222,113,36,75,77,72,21,241,213,129,188,195,356,331,322,286,,,158,292,,194,110,294,91,182,115,170,111,119,43,29,320,320,199,162,159,111,85,35,8,4,156,213,322,284,,294,,238,b'\x11\xe8\xe1I\xc7V\xe0\xa0\xaf\x82\x12\xdf\x17\xaeN\x1e'
11E8E149-C756-E0A0-AF82-12DF17AE4E1E,2025-ncaa-d1-conf-Big 12,genius_ncaa,8,9,1,9,2,9,5,8,4,3,5,5,10,11,7,13,12,12,9,12,14,11,5,5,5,11,15,13,14,8,7,6,7,5,4,6,7,16,16,11,8,9,11,13,,,13,14,,10,9,2,13,12,10,8,14,5,9,12,14,15,16,15,15,12,10,8,9,7,16,10,13,,12,,8,9,13,9,14,6,7,5,9,11,13,6,13,11,11,16,11,10,13,13,7,10,9,11,11,12,7,7,3,7,4,4,10,7,7,10,7,16,16,11,9,,,12,13,,11,9,14,9,9,9,9,5,5,2,4,11,12,10,10,10,7,5,5,2,2,7,11,15,10,,13,,11,b'\x11\xe8\xe1I\xc7V\xe0\xa0\xaf\x82\x12\xdf\x17\xaeN\x1e'
11E8E149-C756-E0A0-AF82-12DF17AE4E1E,2025-ncaa-d1-natl,genius_ncaa,95,113,43,110,59,79,63,135,15,55,133,28,117,181,39,196,205,209,170,198,234,143,91,26,29,95,254,185,305,162,83,66,39,89,23,40,47,343,317,135,147,178,167,144,,,316,296,,280,120,86,224,237,101,76,272,77,217,156,225,265,273,265,288,229,211,121,171,41,310,198,204,,245,,244,124,285,224,256,158,114,119,168,335,337,261,339,269,238,327,236,268,258,247,220,234,240,341,328,220,89,39,51,83,46,23,230,215,160,200,204,354,336,315,290,,,190,288,,197,120,274,99,196,127,182,120,121,51,30,324,321,208,166,165,116,82,36,8,4,166,230,326,288,,296,,240,b'\x11\xe8\xe1I\xc7V\xe0\xa0\xaf\x82\x12\xdf\x17\xaeN\x1e'
11E8E149-C756-E0A0-AF82-12DF17AE4E1E,2026-ncaa-d0-natl,genius_ncaa,55,80,49,81,73,83,71,70,110,44,27,108,260,211,307,318,71,91,75,89,257,72,76,156,145,127,350,352,142,50,62,80,25,59,37,80,182,216,93,107,22,17,117,97,,,239,197,,73,54,83,221,97,112,87,98,36,30,329,302,103,146,145,99,134,76,118,85,110,105,25,164,,131,,44,56,188,153,201,84,99,152,82,275,260,218,270,226,265,62,250,278,189,244,131,128,68,332,305,243,89,25,232,62,194,37,107,82,46,46,29,241,141,282,144,,,110,235,,268,54,267,112,52,60,46,30,20,19,20,197,166,142,176,156,18,46,22,96,46,32,79,148,223,,208,,315,b'\x11\xe8\xe1I\xc7V\xe0\xa0\xaf\x82\x12\xdf\x17\xaeN\x1e'
11E8E149-C756-E0A0-AF82-12DF17AE4E1E,2026-ncaa-d1-natl,genius_ncaa,74,80,85,97,117,123,101,105,133,55,41,132,303,271,319,322,100,132,78,124,261,107,121,193,181,153,352,354,122,75,78,111,28,90,52,116,195,169,108,129,36,23,150,114,,,196,219,,55,83,136,233,100,148,114,122,44,39,338,309,111,155,151,124,164,91,132,108,137,113,35,178,,140,,50,89,142,112,139,118,65,100,103,256,229,249,265,193,228,71,207,279,135,181,169,162,106,327,299,241,46,28,184,78,136,52,72,84,79,60,43,192,155,265,171,,,156,226,,284,83,210,134,81,92,67,38,25,24,21,222,161,152,190,162,24,43,24,114,50,36,114,159,242,,206,,310,b'\x11\xe8\xe1I\xc7V\xe0\xa0\xaf\x82\x12\xdf\x17\xaeN\x1e'
11E8E149-C75B-0112-AF82-12DF17AE4E1E,2010-ncaa-d0-natl,ncaa,197,202,178,205,207,227,252,231,257,287,284,251,102,84,173,49,195,207,144,207,88,227,208,221,211,228,49,58,147,195,207,173,166,190,194,153,33,200,241,184,145,126,193,197,,,73,87,,,221,218,199,201,240,267,223,300,287,82,60,185,198,197,227,201,176,148,168,135,223,132,199,,86,,,220,120,164,175,160,150,151,149,213,208,221,240,67,43,295,44,56,138,134,171,155,170,175,242,73,155,166,180,207,169,194,136,127,211,182,186,154,188,221,299,,,221,190,,,221,129,229,174,220,157,199,213,168,175,237,232,82,58,60,167,161,179,228,226,149,199,176,241,,205,,,b'\x11\xe8\xe1I\xc7[\x01\x12\xaf\x82\x12\xdf\x17\xaeN\x1e'
11E8E149-C75B-0112-AF82-12DF17AE4E1E,2010-ncaa-d1-conf-Mountain West,ncaa,8,8,6,8,7,8,7,8,6,6,9,5,6,6,7,5,6,5,4,5,5,8,6,6,6,7,5,5,5,6,4,8,7,8,7,7,6,7,9,8,2,2,7,7,,,6,6,,,8,6,2,3,6,6,7,5,7,6,6,3,5,5,6,3,4,7,7,6,9,2,6,,7,,,8,6,6,4,8,6,6,7,7,2,8,2,5,5,8,5,4,3,5,8,8,7,4,4,4,5,7,3,4,4,7,4,3,3,3,3,6,7,4,5,,,3,3,,,8,4,8,7,7,7,7,6,8,7,7,3,6,6,6,6,8,5,5,6,6,3,8,4,,1,,,b'\x11\xe8\xe1I\xc7[\x01\x12\xaf\x82\x12\xdf\x17\xaeN\x1e'
11E8E149-C75B-0112-AF82-12DF17AE4E1E,2010-ncaa-d1-natl,ncaa,206,202,191,208,227,244,265,246,266,305,306,259,105,90,173,49,202,218,142,219,88,244,233,223,215,233,48,58,144,209,212,195,170,204,200,165,34,187,242,187,158,131,204,200,,,60,88,,,225,238,201,186,244,271,225,304,288,83,60,184,199,198,231,203,180,152,174,138,225,140,200,,85,,,224,102,147,159,164,137,133,150,205,201,224,242,62,40,295,41,57,121,116,177,163,177,175,240,74,140,170,163,212,157,200,125,126,230,188,190,145,191,213,302,,,235,191,,,225,106,230,182,224,161,201,215,173,178,239,232,83,59,60,169,160,183,228,225,156,207,176,246,,207,,,b'\x11\xe8\xe1I\xc7[\x01\x12\xaf\x82\x12\xdf\x17\xaeN\x1e'
11E8E149-C75B-0112-AF82-12DF17AE4E1E,2011-ncaa-d0-natl,ncaa,181,175,170,184,224,221,215,290,85,217,283,88,162,200,71,126,248,291,36,290,226,301,299,73,68,117,146,115,218,316,286,249,85,299,192,68,8,123,251,63,221,175,246,210,,,56,127,,,213,282,295,257,227,216,313,223,286,148,191,248,298,299,321,321,323,250,319,39,154,213,251,,60,,,214,134,143,95,238,78,28,269,289,275,257,323,67,45,301,39,120,66,58,285,284,286,277,325,74,40,85,40,286,24,192,225,275,275,227,289,61,136,108,189,,,285,195,,,213,70,157,267,209,158,167,107,97,27,305,290,82,53,46,68,34,44,51,32,243,273,78,121,,297,,,b'\x11\xe8\xe1I\xc7[\x01\x12\xaf\x82\x12\xdf\x17\xaeN\x1e'
11E8E149-C75B-0112-AF82-12DF17AE4E1E,2011-ncaa-d1-conf-Mountain West,ncaa,5,5,5,5,6,8,6,7,3,3,7,3,7,8,5,8,7,9,2,9,9,9,9,3,3,4,8,6,8,9,8,9,4,9,8,3,3,5,7,3,4,3,7,7,,,2,3,,,7,8,7,6,6,4,7,2,6,7,8,7,9,9,9,9,9,9,9,3,6,3,7,,2,,,7,5,6,2,8,3,1,8,8,7,7,9,3,2,9,2,2,1,1,8,8,8,7,9,2,1,4,2,8,1,8,6,4,6,3,7,3,6,5,5,,,9,8,,,7,2,5,8,7,7,7,4,5,1,9,9,3,2,2,1,2,2,2,1,7,5,5,6,,8,,,b'\x11\xe8\xe1I\xc7[\x01\x12\xaf\x82\x12\xdf\x17\xaeN\x1e'
11E8E149-C75B-0112-AF82-12DF17AE4E1E,2011-ncaa-d1-natl,ncaa,188,172,199,188,260,243,232,309,87,238,302,89,170,209,74,124,258,305,34,304,227,315,315,77,75,122,145,112,216,323,286,271,88,319,197,76,9,103,253,64,239,182,255,214,,,41,127,,,218,303,295,260,230,227,316,230,289,149,191,249,300,301,323,321,323,251,321,40,154,219,253,,61,,,219,115,127,76,245,68,19,273,286,267,258,322,54,36,302,33,117,48,36,287,287,292,276,323,71,32,88,24,286,14,197,217,277,291,230,295,48,138,97,194,,,301,193,,,218,47,162,274,215,163,175,112,100,28,305,290,83,54,47,69,34,45,49,32,253,281,79,126,,297,,,b'\x11\xe8\xe1I\xc7[\x01\x12\xaf\x82\x12\xdf\x17\xaeN\x1e'
11E8E149-C75B-0112-AF82-12DF17AE4E1E,2012-ncaa-d0-natl,ncaa,221,202,240,221,251,237,213,314,33,168,272,27,250,269,167,191,270,309,35,309,250,319,307,46,44,136,270,237,232,314,198,258,141,296,129,97,17,244,315,152,151,96,136,69,,,123,239,,,179,290,252,91,204,166,320,124,255,234,248,247,295,297,322,290,305,217,287,46,287,118,112,,186,,,179,70,53,51,161,26,20,136,270,227,279,304,112,79,314,81,209,43,50,205,217,206,319,313,181,77,141,8,198,10,129,57,133,208,118,113,162,249,55,123,,,289,209,,,179,57,171,196,176,149,117,95,48,34,296,271,165,120,123,89,94,117,14,26,96,160,208,83,,279,,,b'\x11\xe8\xe1I\xc7[\x01\x12\xaf\x82\x12\xdf\x17\xaeN\x1e'
11E8E149-C75B-0112-AF82-12DF17AE4E1E,2012-ncaa-d1-conf-Mountain West,ncaa,3,3,5,3,6,4,3,7,1,2,6,1,6,6,2,4,7,8,2,8,6,8,8,1,1,1,7,5,8,8,8,5,3,6,5,1,1,5,6,1,3,3,5,5,,,4,5,,,3,6,3,3,2,1,5,1,5,4,5,7,7,7,6,6,8,2,5,1,5,2,5,,5,,,3,3,1,2,1,1,1,1,7,7,7,7,4,4,7,4,5,3,3,5,5,4,8,8,6,3,3,1,8,1,5,1,1,5,4,1,4,6,1,1,,,7,5,,,3,3,3,4,3,5,2,3,1,2,7,7,5,5,5,4,6,4,2,3,1,3,5,1,,5,,,b'\x11\xe8\xe1I\xc7[\x01\x12\xaf\x82\x12\xdf\x17\xaeN\x1e'
11E8E149-C75B-0112-AF82-12DF17AE4E1E,2012-ncaa-d1-natl,ncaa,208,201,196,213,217,227,199,314,31,157,276,28,244,269,127,200,258,302,30,302,245,317,301,43,38,128,262,231,223,314,199,244,129,295,121,90,19,264,317,154,145,90,133,70,,,125,233,,,171,279,250,90,202,169,321,125,259,231,253,244,295,295,323,288,311,216,289,47,287,114,118,,174,,,171,78,53,50,137,19,24,115,278,257,260,314,125,77,319,78,209,44,59,190,209,190,328,319,191,74,129,6,199,8,121,61,136,191,115,105,186,255,50,116,,,288,204,,,171,71,165,169,165,136,108,90,33,29,296,285,162,112,115,82,88,108,14,22,92,155,216,70,,278,,,b'\x11\xe8\xe1I\xc7[\x01\x12\xaf\x82\x12\xdf\x17\xaeN\x1e'
11E8E149-C75B-0112-AF82-12DF17AE4E1E,2013-ncaa-d0-natl,ncaa,259,244,251,264,274,297,320,320,276,332,331,256,153,140,185,55,223,278,36,282,98,320,333,233,196,165,39,60,87,341,343,181,274,318,330,292,169,12,110,156,268,250,64,23,,,8,19,,,238,318,313,110,287,317,321,330,321,117,97,190,256,265,323,336,341,95,313,281,41,249,39,,19,,,239,51,73,170,53,17,34,54,328,325,222,342,8,12,5,12,51,99,59,126,57,141,328,344,12,273,274,198,343,241,330,143,238,327,318,293,67,199,5,57,,,309,155,,,238,30,245,224,244,117,152,288,35,54,338,340,12,25,24,203,120,318,275,312,198,311,109,14,,292,,,b'\x11\xe8\xe1I\xc7[\x01\x12\xaf\x82\x12\xdf\x17\xaeN\x1e'
11E8E149-C75B-0112-AF82-12DF17AE4E1E,2013-ncaa-d1-conf-Mountain West,ncaa,6,6,6,6,9,9,9,9,6,9,9,8,3,5,3,2,4,7,1,8,2,9,9,5,4,4,1,2,2,9,9,3,7,9,9,9,4,1,4,4,7,7,2,2,,,1,1,,,4,9,9,9,9,9,9,9,9,3,4,3,5,5,9,9,9,2,9,8,3,7,2,,1,,,5,2,2,5,2,1,1,2,9,9,4,9,1,1,1,1,3,1,1,2,2,2,9,9,2,9,7,5,9,8,9,3,5,8,8,8,2,4,1,2,,,8,3,,,4,1,6,4,5,2,3,7,2,1,9,9,2,3,3,5,4,9,6,8,5,8,4,1,,6,,,b'\x11\xe8\xe1I\xc7[\x01\x12\xaf\x82\x12\xdf\x17\xaeN\x1e'
11E8E149-C75B-0112-AF82-12DF17AE4E1E,2013-ncaa-d1-natl,ncaa,248,243,210,252,249,272,298,313,244,323,328,213,127,115,182,52,223,273,33,284,116,314,336,198,160,132,43,58,119,342,343,161,261,314,326,269,155,11,95,127,251,235,56,20,,,8,19,,,219,313,312,117,275,299,315,317,319,110,91,204,263,279,318,336,341,94,309,260,35,235,36,,19,,,220,63,92,197,55,17,35,50,331,328,226,342,7,19,5,20,56,124,73,131,64,144,329,344,13,274,261,214,343,260,326,159,235,315,312,293,71,190,5,49,,,307,167,,,219,32,210,223,223,116,147,275,34,52,338,339,14,26,25,199,115,312,266,300,198,309,101,12,,295,,,b'\x11\xe8\xe1I\xc7[\x01\x12\xaf\x82\x12\xdf\x17\xaeN\x1e'
11E8E149-C75B-0112-AF82-12DF17AE4E1E,2014-ncaa-d0-natl,ncaa,47,27,131,41,133,108,108,139,87,189,264,46,47,46,118,39,183,248,20,252,173,165,232,58,53,22,62,58,261,306,322,72,66,170,197,52,45,8,15,7,167,176,108,92,,,45,32,,,41,186,236,22,76,86,137,205,285,41,42,206,269,274,179,282,322,39,193,33,5,187,106,,37,,,38,74,104,211,39,74,139,61,230,283,68,308,44,39,202,36,46,172,169,50,39,50,225,293,67,131,66,242,322,209,197,141,205,173,189,163,10,14,21,38,,,255,222,,,41,173,47,49,35,56,86,222,63,124,227,298,40,36,36,150,139,131,234,203,145,199,8,19,,290,,,b'\x11\xe8\xe1I\xc7[\x01\x12\xaf\x82\x12\xdf\x17\xaeN\x1e'
11E8E149-C75B-0112-AF82-12DF17AE4E1E,2014-ncaa-d1-conf-Mountain West,ncaa,1,1,1,1,1,1,2,1,3,4,6,1,1,2,5,2,6,7,2,7,6,3,7,2,2,1,4,3,8,10,10,1,3,3,5,1,1,1,1,1,3,3,1,2,,,2,1,,,1,5,10,2,2,2,5,5,9,3,2,8,8,9,5,11,10,1,5,1,1,3,2,,1,,,1,2,4,10,1,3,6,1,7,9,2,9,1,1,3,1,1,7,8,1,1,1,8,9,1,7,3,10,10,9,5,6,7,3,4,4,1,1,3,4,,,7,6,,,1,8,1,1,1,1,2,6,2,4,7,9,1,1,1,4,4,5,8,8,4,5,1,3,,9,,,b'\x11\xe8\xe1I\xc7[\x01\x12\xaf\x82\x12\xdf\x17\xaeN\x1e'
11E8E149-C75B-0112-AF82-12DF17AE4E1E,2014-ncaa-d1-natl,ncaa,36,27,59,30,60,72,78,77,107,152,230,45,36,26,157,36,150,211,21,215,167,96,153,64,68,25,62,57,255,277,316,43,61,120,191,33,39,8,11,7,144,167,86,89,,,78,31,,,39,105,236,9,78,90,107,205,288,43,40,197,260,267,155,270,311,40,185,31,4,167,103,,36,,,38,139,164,277,48,115,190,63,280,306,103,305,65,70,160,65,58,234,247,65,47,55,243,299,66,161,61,297,316,267,191,216,246,145,175,172,14,11,21,38,,,198,223,,,39,254,52,53,34,60,92,209,64,118,251,294,41,41,43,146,140,113,250,209,170,189,7,18,,281,,,b'\x11\xe8\xe1I\xc7[\x01\x12\xaf\x82\x12\xdf\x17\xaeN\x1e'
11E8E149-C75B-0112-AF82-12DF17AE4E1E,2015-ncaa-d0-natl,ncaa,68,27,243,37,251,206,188,234,111,253,301,103,62,86,73,48,321,307,265,316,243,260,312,74,103,60,84,33,330,338,340,117,23,250,228,102,35,6,24,13,255,231,171,103,,,10,31,,,68,290,269,56,155,137,175,238,297,42,51,314,303,307,224,315,336,37,212,56,14,246,157,,17,,,55,20,20,85,17,4,16,29,291,317,109,344,14,16,129,17,103,50,52,52,37,56,331,342,78,32,23,227,340,133,228,120,312,220,160,180,10,38,6,13,,,305,220,,,68,65,106,37,46,38,38,146,9,16,314,336,35,32,33,86,79,58,294,220,157,199,20,8,,300,,,b'\x11\xe8\xe1I\xc7[\x01\x12\xaf\x82\x12\xdf\x17\xaeN\x1e'
11E8E149-C75B-0112-AF82-12DF17AE4E1E,2015-ncaa-d1-conf-Mountain West,ncaa,2,1,7,1,9,7,8,11,2,10,11,2,4,3,3,2,10,10,7,10,6,11,11,3,3,2,3,3,10,11,11,2,1,10,9,4,2,1,2,1,9,8,8,6,,,1,2,,,3,11,7,6,5,6,9,9,11,3,3,10,10,10,10,11,11,1,10,3,1,9,7,,2,,,2,1,1,4,1,1,1,1,8,10,3,11,1,2,5,2,3,2,1,1,1,2,10,11,2,1,1,9,11,8,9,4,7,7,7,5,1,1,1,1,,,11,7,,,3,3,3,2,2,2,2,4,1,2,8,11,2,2,2,4,4,2,9,8,4,7,1,1,,10,,,b'\x11\xe8\xe1I\xc7[\x01\x12\xaf\x82\x12\xdf\x17\xaeN\x1e'
11E8E149-C75B-0112-AF82-12DF17AE4E1E,2015-ncaa-d1-natl,ncaa,47,27,143,33,153,151,133,173,93,212,278,94,40,66,52,49,308,295,266,301,250,209,282,61,86,42,76,29,333,323,337,67,26,199,213,58,32,8,18,10,224,205,157,96,,,13,19,,,43,237,271,67,134,111,159,235,289,40,51,318,303,310,218,315,328,42,205,36,12,232,159,,15,,,37,30,34,136,15,5,24,25,307,332,81,344,18,18,173,18,97,80,97,41,29,40,332,343,78,45,26,279,337,191,213,142,313,180,145,160,12,27,7,10,,,278,213,,,43,128,80,29,34,29,30,138,8,16,307,338,25,23,26,72,75,52,286,204,141,181,15,8,,295,,,b'\x11\xe8\xe1I\xc7[\x01\x12\xaf\x82\x12\xdf\x17\xaeN\x1e'
11E8E149-C75B-0112-AF82-12DF17AE4E1E,2016-ncaa-d0-natl,ncaa,11,2,114,5,132,117,86,164,29,94,182,30,101,141,37,135,305,316,123,315,324,205,271,25,40,19,220,120,342,321,310,69,20,174,99,87,147,7,22,18,186,139,189,168,,,49,76,,,18,237,312,125,113,68,196,89,204,96,155,320,328,327,252,327,337,50,206,74,7,191,195,,31,,,11,11,6,100,4,8,99,5,53,146,6,207,102,79,307,77,116,77,75,2,5,8,226,162,276,32,20,139,310,77,99,3,16,219,167,21,7,22,1,2,,,310,290,,,18,98,41,6,9,6,2,56,6,65,38,144,97,66,65,34,27,30,114,59,2,247,11,1,,335,,,b'\x11\xe8\xe1I\xc7[\x01\x12\xaf\x82\x12\xdf\x17\xaeN\x1e'
11E8E149-C75B-0112-AF82-12DF17AE4E1E,2016-ncaa-d1-conf-Mountain West,ncaa,1,1,1,1,2,1,1,3,1,1,3,1,3,5,1,4,7,8,3,9,11,4,6,1,1,1,5,4,11,10,10,1,2,6,3,1,7,1,1,1,5,5,6,6,,,6,5,,,1,2,9,7,2,1,7,1,7,3,5,9,11,11,8,11,11,2,8,2,1,7,7,,2,,,1,1,2,7,1,2,5,3,5,9,1,8,7,5,11,5,7,7,7,1,1,1,7,5,10,4,2,2,10,1,3,1,2,5,5,2,1,1,1,1,,,8,7,,,1,9,1,1,1,1,1,4,2,4,3,7,5,3,3,4,1,4,2,1,1,9,1,1,,10,,,b'\x11\xe8\xe1I\xc7[\x01\x12\xaf\x82\x12\xdf\x17\xaeN\x1e'
11E8E149-C75B-0112-AF82-12DF17AE4E1E,2016-ncaa-d1-natl,ncaa,8,2,51,5,67,88,52,96,28,61,138,26,85,113,45,126,288,300,135,298,325,134,197,24,39,20,235,126,342,304,294,34,16,112,80,51,120,14,23,17,124,96,144,135,,,70,77,,,10,156,300,136,99,48,175,81,191,99,147,319,327,326,233,318,323,41,180,55,9,152,169,,32,,,9,11,12,157,2,16,142,6,54,173,6,197,143,94,312,93,123,135,150,2,7,5,228,156,287,45,16,208,294,120,80,3,16,158,129,12,21,30,1,2,,,278,298,,,10,181,38,4,9,6,2,46,6,64,37,128,101,69,68,32,30,23,116,55,2,209,12,1,,331,,,b'\x11\xe8\xe1I\xc7[\x01\x12\xaf\x82\x12\xdf\x17\xaeN\x1e'
11E8E149-C75B-0112-AF82-12DF17AE4E1E,2016-ncaa-d1-ncaatournament,ncaa,33,2,33,33,33,59,53,57,41,54,59,45,38,46,33,11,63,64,58,64,64,61,64,37,45,50,39,6,63,56,55,34,24,46,38,46,24,10,40,30,53,51,41,34,,,5,38,,,23,64,64,1,59,52,54,54,58,25,26,63,64,64,61,64,54,6,34,40,20,51,31,,19,,,24,1,1,16,1,1,12,7,2,21,1,41,5,4,16,4,18,11,2,1,1,2,14,13,37,18,24,9,55,13,38,1,9,63,63,40,5,24,2,3,,,59,56,,,23,1,55,3,27,1,1,27,7,26,3,33,11,13,16,20,2,41,29,37,2,63,11,2,,59,,,b'\x11\xe8\xe1I\xc7[\x01\x12\xaf\x82\x12\xdf\x17\xaeN\x1e'
11E8E149-C75B-0112-AF82-12DF17AE4E1E,2017-ncaa-d0-natl,ncaa,41,39,74,49,82,127,124,170,82,180,269,56,58,49,122,40,269,302,86,299,251,200,259,62,72,50,94,54,313,348,349,31,28,171,248,123,146,6,30,29,170,160,168,110,,,16,12,,,41,176,315,66,183,168,265,232,322,75,70,310,331,328,297,345,348,15,252,154,6,202,196,,9,,,44,41,46,225,5,7,42,21,300,342,22,346,23,44,11,43,119,187,169,14,9,14,332,343,52,119,28,318,349,274,248,33,66,215,224,86,10,34,3,3,,,337,336,,,41,176,116,18,45,8,10,132,2,13,282,337,14,31,29,72,41,77,281,214,17,263,15,2,,348,,,b'\x11\xe8\xe1I\xc7[\x01\x12\xaf\x82\x12\xdf\x17\xaeN\x1e'
11E8E149-C75B-0112-AF82-12DF17AE4E1E,2017-ncaa-d1-conf-Mountain West,ncaa,1,1,3,1,4,4,4,9,2,5,10,2,3,5,2,2,10,10,4,10,8,9,10,2,2,2,5,4,10,11,11,2,4,7,9,6,3,1,2,2,5,4,6,4,,,1,1,,,1,8,9,2,7,4,8,7,10,4,4,9,10,10,10,10,11,2,6,5,1,4,5,,1,,,1,2,1,7,1,1,3,2,6,11,1,11,1,3,1,2,3,6,6,1,1,1,10,10,2,7,4,7,11,8,9,2,3,8,6,2,1,2,1,1,,,11,10,,,1,4,3,2,1,1,1,7,1,3,7,10,1,1,1,5,4,8,8,9,2,8,1,1,,11,,,b'\x11\xe8\xe1I\xc7[\x01\x12\xaf\x82\x12\xdf\x17\xaeN\x1e'
11E8E149-C75B-0112-AF82-12DF17AE4E1E,2017-ncaa-d1-natl,ncaa,30,39,27,39,29,94,91,112,76,167,263,55,28,32,77,27,244,287,71,284,235,147,222,51,59,35,65,30,318,347,349,16,29,140,242,73,106,11,31,21,106,113,109,77,,,19,11,,,30,108,315,76,162,159,269,243,329,51,56,304,329,329,304,344,348,16,258,133,6,152,138,,9,,,30,43,50,269,5,7,67,14,307,346,15,345,25,46,11,42,97,229,229,12,7,7,333,343,51,156,29,330,349,302,242,36,76,167,190,66,22,38,3,3,,,335,340,,,30,244,93,9,27,5,6,110,2,12,267,331,9,23,22,57,40,79,255,194,14,242,16,1,,348,,,b'\x11\xe8\xe1I\xc7[\x01\x12\xaf\x82\x12\xdf\x17\xaeN\x1e'
11E8E149-C75B-0112-AF82-12DF17AE4E1E,2018-ncaa-d0-natl,ncaa,87,94,73,95,84,185,141,151,151,175,187,152,97,104,118,89,332,332,217,332,339,194,239,126,159,115,177,78,338,338,343,42,28,143,226,217,309,31,63,133,259,272,82,65,,,61,51,,,118,174,302,137,254,188,220,235,258,105,117,343,343,343,298,337,341,26,206,286,32,284,96,,30,,,122,88,73,231,11,39,121,33,215,318,17,325,141,104,293,105,151,218,170,19,23,57,303,289,218,126,28,304,343,272,226,38,62,259,278,143,32,55,30,47,,,319,330,,,118,178,205,55,114,43,28,142,14,42,183,304,117,82,80,108,50,89,270,213,21,304,31,30,,348,,,b'\x11\xe8\xe1I\xc7[\x01\x12\xaf\x82\x12\xdf\x17\xaeN\x1e'
11E8E149-C75B-0112-AF82-12DF17AE4E1E,2018-ncaa-d1-conf-Mountain West,ncaa,4,4,3,4,3,9,7,6,8,10,10,9,6,5,5,4,11,11,9,11,10,9,9,7,8,7,6,3,11,11,11,3,4,5,8,11,11,2,4,8,8,6,2,2,,,2,5,,,5,8,9,4,9,8,7,10,10,6,5,11,11,11,10,10,11,2,7,11,2,8,3,,2,,,5,1,1,5,1,3,3,1,3,8,2,9,7,8,6,8,8,5,5,1,1,1,9,9,10,5,4,9,11,7,8,1,4,8,7,3,1,3,2,3,,,10,10,,,5,3,8,1,6,1,1,6,2,3,4,7,5,6,6,5,4,6,9,7,1,8,1,1,,11,,,b'\x11\xe8\xe1I\xc7[\x01\x12\xaf\x82\x12\xdf\x17\xaeN\x1e'
11E8E149-C75B-0112-AF82-12DF17AE4E1E,2018-ncaa-d1-natl,ncaa,84,94,53,92,66,180,135,139,138,172,196,142,92,105,123,92,327,330,203,331,338,193,246,122,156,112,182,83,339,335,343,29,28,135,223,229,313,34,66,137,261,277,79,70,,,64,60,,,122,152,308,141,261,191,232,230,257,113,125,343,342,344,300,338,342,23,209,291,32,289,94,,33,,,123,72,56,248,9,34,133,32,205,322,13,321,154,129,275,129,163,240,185,16,21,53,298,270,226,136,28,312,343,279,223,25,60,271,283,139,30,58,44,56,,,323,330,,,122,198,198,53,117,36,26,140,16,44,164,301,121,96,93,111,45,91,262,212,17,308,30,34,,348,,,b'\x11\xe8\xe1I\xc7[\x01\x12\xaf\x82\x12\xdf\x17\xaeN\x1e'
11E8E149-C75B-0112-AF82-12DF17AE4E1E,2019-ncaa-d0-natl,ncaa,310,298,292,311,299,335,336,340,279,335,335,248,256,239,274,100,336,346,34,346,315,347,350,257,252,232,153,124,239,350,347,295,309,345,341,333,228,7,169,204,304,257,155,63,,,1,4,,,290,348,348,152,338,334,343,325,326,226,197,330,345,346,348,351,349,254,347,322,43,273,112,,3,,,299,29,36,73,72,4,13,43,319,293,305,347,9,3,349,3,43,36,16,148,128,211,344,350,32,231,309,97,347,133,341,184,332,340,316,332,14,144,17,102,,,350,326,,,290,6,283,282,301,108,111,194,17,32,348,340,28,12,12,103,35,302,219,275,262,328,47,37,,351,,,b'\x11\xe8\xe1I\xc7[\x01\x12\xaf\x82\x12\xdf\x17\xaeN\x1e'
11E8E149-C75B-0112-AF82-12DF17AE4E1E,2019-ncaa-d1-conf-Mountain West,ncaa,11,11,7,11,9,11,11,11,10,11,11,7,8,7,10,5,10,11,3,11,5,11,11,10,10,9,3,6,5,11,11,10,10,11,11,10,8,2,6,8,11,10,5,3,,,1,1,,,11,11,11,7,11,11,11,11,11,6,5,9,10,10,11,11,11,10,11,10,2,11,5,,1,,,11,4,3,4,5,1,2,1,11,9,11,11,3,1,11,1,3,2,1,8,9,11,11,11,3,9,10,6,11,8,11,8,10,11,9,10,1,4,1,4,,,10,9,,,11,1,10,10,11,5,4,7,1,2,11,10,3,2,2,5,3,10,8,9,8,10,2,1,,10,,,b'\x11\xe8\xe1I\xc7[\x01\x12\xaf\x82\x12\xdf\x17\xaeN\x1e'
11E8E149-C75B-0112-AF82-12DF17AE4E1E,2019-ncaa-d1-natl,ncaa,294,297,233,298,269,329,318,340,241,316,332,207,229,212,241,93,332,346,23,347,316,342,351,223,211,196,142,119,249,350,347,246,305,344,341,303,182,9,151,169,291,262,139,67,,,1,6,,,271,347,347,152,331,323,342,314,322,211,194,324,346,347,348,351,349,215,345,296,36,278,112,,3,,,271,43,47,125,38,6,17,25,330,318,267,348,14,4,343,5,48,66,22,99,80,183,345,350,41,275,305,134,347,199,341,201,328,336,323,330,13,122,16,98,,,350,321,,,271,9,269,254,270,95,90,208,16,32,347,343,30,15,14,121,42,313,203,282,243,330,41,35,,351,,,b'\x11\xe8\xe1I\xc7[\x01\x12\xaf\x82\x12\xdf\x17\xaeN\x1e'
11E8E149-C75B-0112-AF82-12DF17AE4E1E,2020-ncaa-d0-natl,ncaa,259,240,260,263,274,296,261,242,265,317,315,219,88,60,183,27,347,349,120,349,345,299,345,197,249,144,74,22,347,348,349,215,60,324,321,277,231,1,10,41,277,213,194,113,,,5,18,,,191,327,319,97,270,226,163,305,303,60,35,346,348,348,279,344,347,138,315,250,2,255,181,,10,,,193,38,40,57,88,18,12,91,280,274,247,342,27,11,338,11,74,30,20,146,138,163,334,344,59,31,60,320,349,226,321,81,180,283,200,191,7,41,7,26,,,347,321,,,191,27,212,142,189,78,76,109,21,22,318,314,36,19,21,50,25,49,346,294,109,245,13,11,,345,,,b'\x11\xe8\xe1I\xc7[\x01\x12\xaf\x82\x12\xdf\x17\xaeN\x1e'
11E8E149-C75B-0112-AF82-12DF17AE4E1E,2020-ncaa-d1-conf-Mountain West,ncaa,9,9,8,9,10,11,10,8,9,11,11,8,6,4,8,1,11,11,6,11,11,11,11,8,8,8,2,1,11,11,11,7,6,11,11,10,9,1,2,6,9,8,6,4,,,2,5,,,9,11,10,8,10,10,8,10,10,4,2,11,11,11,9,11,11,7,11,10,1,8,5,,3,,,9,1,1,1,2,1,1,4,8,8,6,11,2,2,9,2,8,1,1,4,5,2,11,11,6,4,6,9,11,7,11,1,4,9,4,3,1,2,1,3,,,11,8,,,9,1,9,2,8,1,1,2,1,1,9,9,3,3,3,2,2,5,10,9,3,7,1,1,,11,,,b'\x11\xe8\xe1I\xc7[\x01\x12\xaf\x82\x12\xdf\x17\xaeN\x1e'
11E8E149-C75B-0112-AF82-12DF17AE4E1E,2020-ncaa-d1-natl,ncaa,257,240,257,258,270,302,278,254,273,321,321,237,88,68,196,29,346,348,94,348,340,305,347,220,254,153,69,24,343,349,350,218,59,327,326,282,231,1,13,57,244,186,203,122,,,8,22,,,203,330,321,97,283,252,199,315,307,67,43,346,346,345,287,346,349,164,326,267,3,231,194,,11,,,203,40,37,47,100,15,12,97,289,272,279,342,33,14,342,17,87,25,19,173,159,174,337,343,66,29,59,321,350,232,326,87,188,254,166,169,8,40,11,32,,,341,300,,,203,27,226,139,201,71,72,86,19,21,321,307,41,21,21,43,23,44,346,283,110,233,14,12,,341,,,b'\x11\xe8\xe1I\xc7[\x01\x12\xaf\x82\x12\xdf\x17\xaeN\x1e'
11E8E149-C75B-0112-AF82-12DF17AE4E1E,2021-ncaa-d0-natl,ncaa,110,43,248,60,258,167,137,182,59,151,178,103,104,166,16,135,279,304,20,303,333,207,255,59,69,21,188,84,336,307,332,129,15,209,184,191,283,15,1,9,298,299,135,141,,,36,8,,,73,235,76,54,29,17,11,42,51,43,84,275,315,309,36,167,319,6,54,111,2,293,106,,14,,,56,106,116,137,88,117,155,80,152,143,186,182,63,65,141,63,43,123,94,90,71,184,153,224,65,61,15,185,332,126,184,61,19,307,330,238,30,17,106,96,,,283,308,,,73,107,41,143,61,208,238,319,210,295,240,247,85,90,84,303,222,74,332,294,68,327,16,151,,300,,,b'\x11\xe8\xe1I\xc7[\x01\x12\xaf\x82\x12\xdf\x17\xaeN\x1e'
11E8E149-C75B-0112-AF82-12DF17AE4E1E,2021-ncaa-d1-conf-Mountain West,ncaa,5,3,8,4,8,4,3,7,3,3,7,5,4,7,2,5,8,9,1,9,11,7,9,3,3,3,7,3,9,9,11,5,1,9,7,6,9,2,1,2,9,9,5,5,,,2,2,,,4,7,6,1,3,3,2,3,4,2,5,7,8,8,2,8,11,1,5,4,1,9,5,,4,,,4,5,5,5,3,5,6,3,6,6,10,5,5,5,4,5,3,5,4,4,3,9,7,7,4,2,1,6,11,4,7,4,2,10,10,6,3,2,5,5,,,8,3,,,4,4,3,6,4,7,8,8,7,10,7,5,6,5,5,9,6,2,9,9,4,10,2,5,,4,,,b'\x11\xe8\xe1I\xc7[\x01\x12\xaf\x82\x12\xdf\x17\xaeN\x1e'
11E8E149-C75B-0112-AF82-12DF17AE4E1E,2021-ncaa-d1-natl,ncaa,74,43,206,52,210,118,83,140,34,99,132,69,61,139,6,139,251,277,27,276,328,169,218,27,33,9,171,80,332,290,327,89,15,176,143,138,279,19,1,5,277,299,82,88,,,52,11,,,40,196,99,42,17,10,17,37,55,29,85,261,301,300,39,178,317,7,66,81,2,290,60,,19,,,30,132,146,181,91,147,196,80,179,178,177,176,102,100,183,95,49,160,128,92,78,184,156,218,81,75,15,210,327,160,143,68,15,290,326,203,32,13,125,89,,,259,300,,,40,140,17,140,34,201,225,307,195,286,222,236,102,104,90,290,200,70,316,246,42,324,13,141,,296,,,b'\x11\xe8\xe1I\xc7[\x01\x12\xaf\x82\x12\xdf\x17\xaeN\x1e'
11E8E149-C75B-0112-AF82-12DF17AE4E1E,2022-ncaa-d0-natl,ncaa,95,106,79,106,95,78,79,87,95,117,129,132,47,64,36,103,157,213,23,212,256,98,171,67,70,22,91,73,268,346,354,23,33,93,255,88,152,1,1,5,336,354,181,230,,,11,3,,,87,103,179,236,79,78,96,164,185,49,87,196,262,261,133,321,352,7,136,98,1,352,204,,2,,,91,259,288,324,82,222,290,64,322,329,224,284,46,31,288,32,11,306,238,106,75,215,207,323,14,172,33,348,354,337,255,259,153,335,353,340,8,9,162,134,,,240,270,,,87,253,59,183,89,178,231,327,166,266,313,314,26,15,17,281,149,123,342,306,191,353,5,119,,317,,,b'\x11\xe8\xe1I\xc7[\x01\x12\xaf\x82\x12\xdf\x17\xaeN\x1e'
11E8E149-C75B-0112-AF82-12DF17AE4E1E,2022-ncaa-d1-conf-Mountain West,ncaa,3,6,1,6,1,2,3,1,4,2,4,3,2,2,3,4,2,2,5,2,5,1,3,4,3,3,3,4,7,11,11,1,3,2,7,3,5,1,1,1,9,11,5,5,,,3,2,,,4,1,6,6,3,4,7,8,8,3,3,4,4,4,7,11,11,1,5,4,1,11,5,,2,,,5,10,10,11,2,7,10,2,11,11,9,10,4,3,6,3,3,11,11,2,3,7,10,11,2,9,3,11,11,11,7,9,6,9,11,10,5,2,8,9,,,2,4,,,4,11,3,8,5,6,7,9,4,8,10,11,3,3,3,9,6,5,10,8,7,11,2,7,,6,,,b'\x11\xe8\xe1I\xc7[\x01\x12\xaf\x82\x12\xdf\x17\xaeN\x1e'
11E8E149-C75B-0112-AF82-12DF17AE4E1E,2022-ncaa-d1-natl,ncaa,74,106,32,96,50,58,55,55,103,102,107,138,32,54,36,84,136,209,19,209,266,67,136,71,74,20,81,63,270,344,354,11,25,68,255,55,129,1,1,3,335,351,152,211,,,13,3,,,91,71,204,251,87,86,107,180,203,48,77,208,273,271,151,335,353,7,139,79,1,352,189,,2,,,94,283,306,341,77,242,315,47,338,337,239,286,41,32,259,31,8,333,275,102,67,209,212,334,11,186,25,352,354,343,255,267,147,336,353,339,9,10,185,141,,,217,266,,,91,283,58,184,88,165,216,326,153,249,313,315,16,9,12,273,117,110,342,302,174,353,4,117,,317,,,b'\x11\xe8\xe1I\xc7[\x01\x12\xaf\x82\x12\xdf\x17\xaeN\x1e'
11E8E149-C75B-0112-AF82-12DF17AE4E1E,2023-ncaa-d0-natl,ncaa,120,91,164,112,168,97,97,157,39,148,228,52,59,99,23,88,230,292,5,289,289,188,312,30,26,5,110,69,318,361,360,95,50,287,330,146,247,1,1,2,302,310,65,45,,,85,86,,,74,223,256,33,59,54,127,124,226,44,90,226,305,301,181,352,361,47,313,125,1,312,52,,85,,,69,162,97,176,84,48,137,48,281,237,309,252,224,203,245,205,239,176,133,121,133,214,334,316,240,90,50,333,360,278,330,101,137,304,316,261,1,1,10,19,,,320,279,,,74,151,34,196,67,179,117,201,61,133,301,260,233,216,215,220,120,96,344,302,109,320,1,10,,339,,,b'\x11\xe8\xe1I\xc7[\x01\x12\xaf\x82\x12\xdf\x17\xaeN\x1e'
11E8E149-C75B-0112-AF82-12DF17AE4E1E,2023-ncaa-d1-conf-Mountain West,ncaa,3,3,3,3,3,4,5,2,5,4,7,4,3,3,4,3,9,11,3,11,10,3,10,5,4,3,4,3,10,11,11,3,7,7,10,6,7,1,1,1,7,7,3,3,,,3,3,,,3,6,8,3,3,4,4,6,7,2,3,9,11,11,6,11,11,3,7,6,1,7,3,,4,,,3,3,3,7,2,1,7,1,8,7,5,7,5,7,3,7,7,8,7,2,3,3,9,8,4,9,7,10,11,10,10,5,6,7,8,6,1,1,1,1,,,10,10,,,3,7,4,4,2,5,4,7,1,7,8,7,5,6,7,8,7,9,10,10,5,6,1,1,,11,,,b'\x11\xe8\xe1I\xc7[\x01\x12\xaf\x82\x12\xdf\x17\xaeN\x1e'
11E8E149-C75B-0112-AF82-12DF17AE4E1E,2023-ncaa-d1-natl,ncaa,98,91,103,103,105,71,67,119,35,126,194,56,34,84,10,91,216,288,5,279,294,143,289,21,23,5,95,59,325,360,360,63,63,263,335,115,240,1,1,2,274,303,47,37,,,103,81,,,67,162,257,36,53,49,123,131,225,34,89,233,312,306,185,351,361,55,318,124,1,304,46,,80,,,67,209,158,243,69,64,171,43,315,291,308,277,250,228,262,229,229,247,192,113,130,216,338,327,241,128,63,351,360,322,335,136,136,291,314,251,1,1,17,28,,,305,278,,,67,212,31,193,57,178,112,210,51,119,313,279,233,210,211,224,123,112,343,308,110,317,1,14,,339,,,b'\x11\xe8\xe1I\xc7[\x01\x12\xaf\x82\x12\xdf\x17\xaeN\x1e'
11E8E149-C75B-0112-AF82-12DF17AE4E1E,2024-ncaa-d0-natl,ncaa,106,72,196,85,218,151,144,210,59,211,301,57,44,77,29,40,317,349,8,350,321,256,337,33,39,15,66,27,353,360,360,68,53,298,339,122,123,1,2,4,338,336,44,22,,,2,5,,,84,254,233,187,120,94,208,208,305,28,55,326,352,351,268,357,360,21,321,89,1,340,32,,3,,,78,68,94,213,27,52,145,29,260,286,129,313,21,24,145,23,44,177,114,47,25,90,269,331,40,129,53,340,360,295,339,126,196,320,324,271,5,23,1,1,,,339,287,,,84,122,75,97,73,96,114,277,62,167,283,311,35,33,33,233,138,160,349,325,146,328,4,1,,350,,,b'\x11\xe8\xe1I\xc7[\x01\x12\xaf\x82\x12\xdf\x17\xaeN\x1e'
11E8E149-C75B-0112-AF82-12DF17AE4E1E,2024-ncaa-d1-conf-Mountain West,ncaa,5,4,4,6,4,4,3,5,3,4,7,3,2,3,3,1,10,11,1,11,11,7,10,3,3,2,8,2,11,11,11,4,6,9,11,5,5,1,2,2,10,11,2,2,,,1,1,,,5,4,9,4,4,2,7,4,8,2,2,10,11,11,9,10,11,3,10,4,1,11,2,,1,,,5,5,5,7,3,3,6,1,8,9,7,9,4,4,3,4,5,7,7,3,4,4,10,10,3,9,6,11,11,11,11,8,9,6,8,9,2,2,1,1,,,9,8,,,5,8,3,4,5,5,4,9,2,5,9,9,4,5,5,10,8,9,11,10,8,8,2,1,,10,,,b'\x11\xe8\xe1I\xc7[\x01\x12\xaf\x82\x12\xdf\x17\xaeN\x1e'
11E8E149-C75B-0112-AF82-12DF17AE4E1E,2024-ncaa-d1-natl,ncaa,108,72,194,89,222,141,133,221,51,220,307,54,42,69,23,43,326,353,12,353,328,263,351,27,38,12,70,25,356,362,362,69,59,308,345,118,124,1,1,3,340,339,38,20,,,3,5,,,88,259,235,189,114,94,216,210,310,26,56,330,355,354,271,359,362,22,328,85,1,339,29,,3,,,77,76,101,220,31,51,134,35,281,298,157,316,23,23,117,24,55,183,110,55,34,100,289,338,36,137,59,345,362,308,345,136,200,325,322,273,2,23,1,1,,,344,289,,,88,115,76,109,67,102,120,279,61,160,303,325,32,36,37,240,140,168,352,332,159,325,3,1,,351,,,b'\x11\xe8\xe1I\xc7[\x01\x12\xaf\x82\x12\xdf\x17\xaeN\x1e'
11E8E149-C75B-0112-AF82-12DF17AE4E1E,2025-ncaa-d0-natl,genius_ncaa,96,65,194,81,232,145,176,219,120,263,304,127,58,87,41,51,134,225,7,225,94,217,338,75,59,12,29,42,163,359,361,107,61,267,319,139,89,1,1,3,277,247,175,141,,,16,26,,4,88,288,302,258,104,148,229,264,306,37,58,112,209,214,224,357,360,58,295,108,1,272,175,,19,,4,84,86,82,169,36,27,68,51,301,310,213,343,54,48,250,51,126,146,83,93,80,178,333,348,89,92,61,296,361,236,319,137,249,343,334,312,1,2,62,159,,,232,60,,313,88,92,57,167,76,104,95,208,31,71,323,335,71,67,67,167,62,110,336,278,162,349,1,75,,231,,309,b'\x11\xe8\xe1I\xc7[\x01\x12\xaf\x82\x12\xdf\x17\xaeN\x1e'
11E8E149-C75B-0112-AF82-12DF17AE4E1E,2025-ncaa-d1-conf-Mountain West,genius_ncaa,4,3,7,3,10,8,8,10,4,8,11,4,4,6,2,3,3,5,1,4,2,10,11,3,2,1,3,3,2,11,11,5,5,11,9,8,6,1,1,1,5,2,5,3,,,1,3,,1,3,11,9,10,3,8,8,8,10,2,5,2,2,2,8,11,11,3,9,7,1,4,5,,3,,1,3,1,1,2,2,1,1,1,8,9,6,11,3,3,5,3,4,2,1,3,3,4,11,11,4,3,5,7,11,6,9,3,7,10,7,7,1,1,2,3,,,6,1,,11,3,1,2,4,3,4,2,6,1,1,10,11,3,3,3,6,3,5,9,8,4,9,1,2,,5,,11,b'\x11\xe8\xe1I\xc7[\x01\x12\xaf\x82\x12\xdf\x17\xaeN\x1e'
11E8E149-C75B-0112-AF82-12DF17AE4E1E,2025-ncaa-d1-natl,genius_ncaa,78,65,113,71,152,119,135,181,119,226,269,130,53,76,42,64,114,186,12,187,94,185,315,74,60,14,44,50,162,357,361,69,63,239,310,117,100,1,1,3,251,238,195,160,,,28,27,,5,83,246,309,258,103,147,238,256,303,45,69,116,201,202,233,354,360,48,294,117,1,265,200,,18,,4,78,97,93,218,28,31,90,37,306,328,146,348,71,57,266,58,116,198,135,58,49,134,333,346,99,132,63,331,361,287,310,153,252,317,325,297,1,2,59,122,,,206,68,,310,83,137,56,132,70,80,68,202,18,52,307,341,65,58,59,151,61,118,332,281,137,344,1,57,,242,,319,b'\x11\xe8\xe1I\xc7[\x01\x12\xaf\x82\x12\xdf\x17\xaeN\x1e'
11E8E149-C75B-0112-AF82-12DF17AE4E1E,2026-ncaa-d0-natl,genius_ncaa,55,39,116,52,142,130,111,166,68,103,168,54,130,141,147,141,188,205,117,208,259,170,225,75,81,37,252,179,280,282,321,108,41,162,161,162,305,10,10,32,184,150,154,122,,,82,66,,118,51,211,344,97,123,93,188,85,202,148,159,239,262,269,208,351,330,69,197,187,4,208,169,,27,,104,50,82,76,148,37,39,110,30,247,250,184,315,83,96,72,103,161,144,137,52,41,65,339,339,120,89,41,227,321,190,161,123,270,222,204,181,20,22,119,109,,,190,149,,27,51,148,50,63,47,24,20,55,12,31,219,243,51,62,66,36,14,49,208,136,83,277,13,102,,254,,35,b'\x11\xe8\xe1I\xc7[\x01\x12\xaf\x82\x12\xdf\x17\xaeN\x1e'
11E8E149-C75B-0112-AF82-12DF17AE4E1E,2026-ncaa-d1-natl,genius_ncaa,38,39,85,47,117,114,93,136,70,94,164,53,110,113,136,118,192,223,101,219,265,146,225,75,75,35,219,150,288,290,323,71,49,138,166,148,275,7,7,22,202,188,128,100,,,40,30,,90,49,200,350,100,131,93,186,104,213,134,141,250,277,278,211,353,323,67,180,178,2,242,151,,11,,74,54,85,84,183,32,30,114,22,290,290,208,327,61,65,106,65,104,164,135,54,37,71,345,352,91,109,49,262,323,213,166,135,260,246,245,211,13,15,91,82,,,212,163,,26,49,152,49,77,48,22,18,82,8,30,271,269,38,41,41,48,12,71,219,148,84,296,8,66,,278,,39,b'\x11\xe8\xe1I\xc7[\x01\x12\xaf\x82\x12\xdf\x17\xaeN\x1e'
11E8E149-C75F-DCA0-AF82-12DF17AE4E1E,2010-ncaa-d0-natl,ncaa,108,49,288,84,295,217,188,245,108,186,218,122,167,198,98,164,289,277,259,278,263,254,262,102,135,150,206,132,289,106,18,298,119,221,42,166,142,120,200,141,132,60,169,133,,,89,215,,,89,301,193,97,115,82,106,111,140,116,144,255,226,225,131,116,35,248,116,89,213,73,143,,186,,,83,22,30,15,238,78,46,247,29,25,138,70,101,116,104,114,211,10,40,201,207,108,81,67,219,26,119,12,18,4,42,38,148,130,28,46,174,235,327,330,,,250,188,,,89,50,107,81,80,98,106,41,182,119,48,40,165,187,187,48,134,53,55,35,121,47,250,340,,149,,,b'\x11\xe8\xe1I\xc7_\xdc\xa0\xaf\x82\x12\xdf\x17\xaeN\x1e'
11E8E149-C75F-DCA0-AF82-12DF17AE4E1E,2010-ncaa-d1-conf-Ivy League,ncaa,3,3,1,3,3,3,3,2,3,2,3,3,3,1,4,4,5,4,7,6,6,2,1,3,3,3,6,3,6,1,3,8,5,4,4,4,6,5,4,4,1,1,4,5,,,6,6,,,3,2,2,3,3,3,2,2,3,3,1,5,4,6,2,1,1,8,4,4,5,1,4,,6,,,3,6,5,1,7,6,4,7,3,2,5,2,7,7,6,7,8,1,7,6,8,5,5,2,8,4,5,4,3,4,4,5,3,1,1,1,6,5,8,7,,,3,5,,,3,7,3,5,3,6,5,1,6,4,3,2,7,7,7,1,7,4,4,4,5,1,6,8,,3,,,b'\x11\xe8\xe1I\xc7_\xdc\xa0\xaf\x82\x12\xdf\x17\xaeN\x1e'
11E8E149-C75F-DCA0-AF82-12DF17AE4E1E,2010-ncaa-d1-natl,ncaa,114,49,323,84,328,230,203,261,111,196,234,124,177,214,99,163,298,288,255,289,265,278,284,103,137,154,204,135,289,115,18,315,122,243,44,175,144,105,201,149,143,65,176,135,,,73,215,,,93,324,195,95,118,88,112,114,142,117,145,258,228,228,133,120,35,253,121,89,216,80,147,,184,,,86,13,22,5,247,67,33,251,27,20,142,68,93,106,106,104,210,4,16,205,212,115,78,67,215,18,122,7,18,4,44,32,149,148,28,52,161,236,327,331,,,274,189,,,93,25,110,91,82,102,108,42,188,119,50,40,169,190,190,52,133,56,56,36,123,52,252,342,,149,,,b'\x11\xe8\xe1I\xc7_\xdc\xa0\xaf\x82\x12\xdf\x17\xaeN\x1e'
11E8E149-C75F-DCA0-AF82-12DF17AE4E1E,2011-ncaa-d0-natl,ncaa,296,279,288,297,311,309,312,272,331,316,278,323,234,164,318,112,266,262,206,262,179,278,284,328,326,310,105,130,114,169,173,329,298,304,299,292,159,109,223,267,102,40,162,114,,,133,270,,,292,299,197,257,297,305,172,299,222,201,119,215,208,208,190,166,105,330,279,278,220,57,131,,248,,,294,71,62,18,308,75,27,266,104,33,337,93,182,197,119,196,294,20,37,308,312,239,202,154,249,83,298,146,173,109,299,69,133,149,51,89,234,289,252,306,,,278,210,,,292,43,304,247,302,190,161,44,170,92,154,59,259,267,268,71,124,170,289,254,149,71,288,293,,207,,,b'\x11\xe8\xe1I\xc7_\xdc\xa0\xaf\x82\x12\xdf\x17\xaeN\x1e'
11E8E149-C75F-DCA0-AF82-12DF17AE4E1E,2011-ncaa-d1-conf-Ivy League,ncaa,4,4,1,4,3,4,6,3,7,4,5,5,5,3,8,3,4,4,6,3,3,3,1,7,6,6,4,4,3,1,3,8,8,6,7,7,7,7,7,8,1,1,2,3,,,7,6,,,5,4,2,3,4,6,3,4,5,5,3,4,4,3,3,1,1,8,6,7,7,1,2,,7,,,5,4,3,2,6,5,5,3,3,2,7,2,7,7,4,7,7,3,5,6,6,4,4,2,8,6,8,7,3,7,7,2,2,2,2,2,8,8,6,6,,,3,5,,,5,5,4,4,5,4,3,2,5,5,3,2,7,7,7,3,5,6,7,7,2,2,8,6,,3,,,b'\x11\xe8\xe1I\xc7_\xdc\xa0\xaf\x82\x12\xdf\x17\xaeN\x1e'
11E8E149-C75F-DCA0-AF82-12DF17AE4E1E,2011-ncaa-d1-natl,ncaa,305,277,321,305,335,318,326,297,334,325,296,325,242,180,322,112,272,277,204,275,183,302,305,327,325,315,101,127,112,188,177,337,302,324,303,301,162,89,224,272,118,43,169,118,,,117,271,,,297,321,203,260,301,308,175,301,223,204,120,221,210,209,194,170,110,331,280,279,222,59,133,,249,,,299,50,47,7,311,66,18,270,93,25,339,92,171,185,121,182,295,8,20,311,316,244,199,153,250,72,302,126,177,81,303,50,134,169,56,92,222,292,245,310,,,294,209,,,297,21,308,256,310,196,168,44,173,97,156,59,263,269,270,71,125,171,292,258,152,79,288,295,,207,,,b'\x11\xe8\xe1I\xc7_\xdc\xa0\xaf\x82\x12\xdf\x17\xaeN\x1e'
11E8E149-C75F-DCA0-AF82-12DF17AE4E1E,2012-ncaa-d0-natl,ncaa,332,325,292,334,301,324,324,305,322,319,301,297,261,193,328,121,305,281,319,274,149,310,310,317,325,319,165,162,160,265,266,325,313,317,326,288,114,151,281,282,189,135,317,308,,,130,243,,,331,306,204,163,322,323,262,306,263,237,146,292,235,227,269,237,221,308,300,274,251,132,310,,244,,,331,160,123,50,276,112,53,277,179,143,252,207,238,197,297,194,295,59,57,286,302,292,255,199,267,178,313,144,266,162,326,181,239,241,178,242,190,278,96,213,,,304,233,,,331,44,323,308,332,272,239,164,228,134,244,216,301,283,282,195,191,274,282,291,259,174,253,154,,262,,,b'\x11\xe8\xe1I\xc7_\xdc\xa0\xaf\x82\x12\xdf\x17\xaeN\x1e'
11E8E149-C75F-DCA0-AF82-12DF17AE4E1E,2012-ncaa-d1-conf-Ivy League,ncaa,8,8,1,8,3,8,8,7,8,6,4,4,7,5,8,5,8,8,8,8,6,7,5,8,8,8,6,6,7,7,8,6,7,7,8,8,6,7,7,7,4,6,6,6,,,6,5,,,8,4,4,3,8,8,7,6,4,7,5,8,8,8,7,5,7,6,7,8,7,4,6,,6,,,8,8,8,8,8,7,7,8,7,4,8,4,8,8,8,8,7,8,8,8,8,8,5,4,5,8,7,7,8,8,8,8,6,7,8,8,7,6,7,7,,,8,7,,,8,5,8,8,8,8,8,8,7,7,7,4,8,8,8,8,8,8,7,8,8,7,7,7,,8,,,b'\x11\xe8\xe1I\xc7_\xdc\xa0\xaf\x82\x12\xdf\x17\xaeN\x1e'
11E8E149-C75F-DCA0-AF82-12DF17AE4E1E,2012-ncaa-d1-natl,ncaa,335,325,325,335,331,334,334,327,326,330,312,300,269,202,329,119,312,296,317,291,147,327,325,320,326,324,159,158,159,288,271,332,315,330,327,301,116,131,282,286,203,139,325,311,,,104,246,,,331,326,206,160,324,327,265,313,270,237,147,293,238,229,270,240,226,309,303,277,251,142,314,,244,,,333,141,100,32,280,93,33,283,162,127,255,206,225,183,300,181,296,38,31,291,307,297,255,195,267,161,315,123,271,142,327,169,241,263,187,246,174,283,86,219,,,317,229,,,331,20,326,315,333,281,242,163,231,134,243,215,303,284,284,199,188,273,288,294,265,181,255,155,,265,,,b'\x11\xe8\xe1I\xc7_\xdc\xa0\xaf\x82\x12\xdf\x17\xaeN\x1e'
11E8E149-C75F-DCA0-AF82-12DF17AE4E1E,2013-ncaa-d0-natl,ncaa,322,310,302,323,306,340,337,323,341,336,300,340,273,243,316,156,331,305,336,302,204,323,321,336,342,341,164,159,182,285,287,340,297,329,324,338,290,148,286,328,166,85,309,281,,,73,208,,,329,321,269,92,341,338,286,333,266,255,198,319,269,267,298,265,238,327,316,337,248,114,301,,171,,,331,51,53,20,250,54,25,236,136,92,268,206,119,97,264,101,221,18,30,255,264,226,229,218,205,94,297,193,287,150,324,139,270,200,82,167,196,302,289,333,,,307,211,,,329,24,342,236,332,173,154,73,140,82,209,168,208,171,176,78,121,189,313,285,225,117,274,319,,249,,,b'\x11\xe8\xe1I\xc7_\xdc\xa0\xaf\x82\x12\xdf\x17\xaeN\x1e'
11E8E149-C75F-DCA0-AF82-12DF17AE4E1E,2013-ncaa-d1-conf-Ivy League,ncaa,7,7,1,7,2,8,8,8,8,8,6,8,6,7,6,6,7,7,8,6,5,8,8,8,8,8,4,4,5,8,8,7,8,8,8,8,8,7,8,8,3,3,6,6,,,4,5,,,8,6,6,2,8,8,8,8,6,6,7,7,7,6,8,8,8,7,8,8,7,3,6,,4,,,8,8,7,6,7,6,6,6,5,5,8,5,6,4,7,4,5,5,6,7,7,8,3,4,3,6,8,6,8,6,8,8,7,6,6,8,8,8,7,8,,,6,5,,,8,4,8,8,8,8,7,6,6,6,5,5,6,4,4,5,6,6,6,6,8,6,8,7,,6,,,b'\x11\xe8\xe1I\xc7_\xdc\xa0\xaf\x82\x12\xdf\x17\xaeN\x1e'
11E8E149-C75F-DCA0-AF82-12DF17AE4E1E,2013-ncaa-d1-natl,ncaa,326,310,327,326,329,344,344,338,341,337,308,341,281,247,320,155,334,315,337,311,204,335,335,337,342,342,158,153,182,293,293,341,301,338,327,342,295,134,290,331,177,89,314,283,,,61,211,,,330,337,272,89,344,342,290,334,267,259,201,321,271,264,299,268,244,328,318,338,248,118,302,,172,,,332,40,41,7,254,46,16,240,131,80,271,207,108,87,271,90,222,3,12,260,274,233,230,218,203,78,301,176,293,125,327,134,271,215,90,176,188,305,285,335,,,319,207,,,330,9,342,242,334,178,158,73,146,84,210,170,211,177,180,81,120,196,311,288,228,123,279,320,,246,,,b'\x11\xe8\xe1I\xc7_\xdc\xa0\xaf\x82\x12\xdf\x17\xaeN\x1e'
11E8E149-C75F-DCA0-AF82-12DF17AE4E1E,2014-ncaa-d0-natl,ncaa,312,298,297,314,321,317,329,321,320,329,291,333,221,238,157,170,231,204,245,195,73,313,318,305,294,294,71,126,51,238,197,322,273,311,269,334,306,89,218,314,315,296,301,289,,,156,320,,,329,329,257,262,303,323,277,315,237,180,187,165,133,126,254,246,176,312,275,331,192,297,287,,287,,,329,147,145,32,335,191,68,329,102,50,314,90,179,179,151,171,263,35,18,335,333,335,109,108,208,83,273,96,197,76,269,239,285,316,258,321,69,172,167,263,,,237,73,,,329,17,291,336,333,286,281,107,291,180,163,90,264,273,271,146,98,172,229,230,310,276,145,243,,122,,,b'\x11\xe8\xe1I\xc7_\xdc\xa0\xaf\x82\x12\xdf\x17\xaeN\x1e'
11E8E149-C75F-DCA0-AF82-12DF17AE4E1E,2014-ncaa-d1-conf-Ivy League,ncaa,7,7,1,7,3,7,8,5,8,7,5,8,6,6,4,6,4,3,8,3,2,6,5,8,8,8,3,4,2,6,7,6,7,6,6,8,8,7,6,8,8,8,6,6,,,8,8,,,7,5,5,3,7,8,5,7,5,6,6,4,3,3,6,5,6,6,6,8,7,8,6,,8,,,7,8,7,4,7,7,5,6,4,2,7,1,8,8,2,8,7,7,7,7,6,7,3,2,8,5,7,7,7,7,6,8,6,8,7,8,6,5,4,5,,,3,3,,,7,4,7,8,7,8,7,4,7,5,4,2,8,8,8,7,7,5,7,7,8,8,6,4,,3,,,b'\x11\xe8\xe1I\xc7_\xdc\xa0\xaf\x82\x12\xdf\x17\xaeN\x1e'
11E8E149-C75F-DCA0-AF82-12DF17AE4E1E,2014-ncaa-d1-natl,ncaa,319,298,333,319,339,328,339,334,323,336,305,335,229,246,158,172,245,231,244,219,72,325,329,308,299,297,71,122,51,254,201,336,279,330,278,339,308,75,224,315,323,298,308,290,,,140,320,,,330,339,260,263,306,325,280,319,240,182,186,170,137,127,257,250,181,318,284,333,194,299,290,,288,,,331,124,131,15,336,176,46,329,95,38,316,89,174,173,152,164,265,16,11,336,336,339,106,108,208,67,279,79,201,56,278,228,285,328,260,323,57,173,154,268,,,267,71,,,330,8,294,339,336,292,287,108,298,181,164,86,267,276,273,148,95,178,231,233,312,278,146,243,,125,,,b'\x11\xe8\xe1I\xc7_\xdc\xa0\xaf\x82\x12\xdf\x17\xaeN\x1e'
11E8E149-C75F-DCA0-AF82-12DF17AE4E1E,2015-ncaa-d0-natl,ncaa,282,267,283,287,289,279,313,305,305,303,270,294,248,232,269,182,67,123,9,129,44,282,263,302,230,258,86,212,3,226,186,219,84,232,116,332,302,213,286,331,275,252,156,146,,,248,331,,,271,273,127,49,229,303,246,276,218,225,193,17,47,50,192,130,184,102,129,332,297,242,126,,327,,,272,117,84,64,195,115,125,171,57,50,157,64,304,272,315,273,293,91,65,159,224,257,197,67,328,46,84,70,186,49,116,58,98,285,256,192,155,208,249,299,,,105,14,,,271,78,273,232,270,258,193,184,240,252,98,91,334,323,322,260,204,109,184,161,116,245,225,301,,12,,,b'\x11\xe8\xe1I\xc7_\xdc\xa0\xaf\x82\x12\xdf\x17\xaeN\x1e'
11E8E149-C75F-DCA0-AF82-12DF17AE4E1E,2015-ncaa-d1-conf-Ivy League,ncaa,8,8,1,8,1,5,8,8,7,7,8,7,6,7,6,4,2,3,1,3,3,8,5,6,5,5,2,5,1,7,5,5,4,5,5,8,7,8,8,8,6,7,4,5,,,7,7,,,8,4,4,1,5,8,8,7,8,6,7,2,3,3,8,5,7,5,5,8,8,6,4,,7,,,8,6,6,5,6,6,7,6,5,4,6,3,8,8,5,8,7,6,6,6,6,6,6,4,7,4,4,3,5,3,5,6,5,6,6,6,7,7,7,8,,,1,1,,,8,5,6,6,8,6,6,5,6,7,5,4,8,8,8,6,6,4,3,3,6,6,7,7,,1,,,b'\x11\xe8\xe1I\xc7_\xdc\xa0\xaf\x82\x12\xdf\x17\xaeN\x1e'
11E8E149-C75F-DCA0-AF82-12DF17AE4E1E,2015-ncaa-d1-natl,ncaa,291,267,335,292,335,297,334,331,311,326,304,301,260,248,275,185,80,145,8,152,41,314,304,306,238,266,80,208,2,255,196,250,89,274,130,339,303,196,288,332,288,256,173,149,,,232,333,,,283,309,130,44,237,312,255,281,220,226,192,17,49,50,202,142,187,112,139,333,297,250,130,,326,,,283,85,58,38,203,92,102,186,52,40,168,65,293,260,316,262,294,52,31,172,233,268,192,65,328,29,89,46,196,25,130,43,99,304,260,202,143,213,234,304,,,130,12,,,283,39,278,252,282,266,205,184,252,258,97,88,335,324,324,262,205,112,189,162,118,250,228,306,,13,,,b'\x11\xe8\xe1I\xc7_\xdc\xa0\xaf\x82\x12\xdf\x17\xaeN\x1e'
11E8E149-C75F-DCA0-AF82-12DF17AE4E1E,2016-ncaa-d0-natl,ncaa,239,204,287,238,292,225,237,283,172,252,273,183,173,185,148,134,174,273,2,271,194,281,271,161,121,174,119,139,103,255,191,177,127,216,119,150,53,198,269,167,275,255,148,146,,,194,273,,,244,273,129,46,142,174,176,201,205,135,140,109,230,226,197,142,211,58,112,81,280,237,114,,285,,,247,168,149,134,200,158,178,154,141,94,279,91,252,220,315,223,221,145,78,190,226,290,198,145,263,116,127,58,191,64,119,117,124,327,320,286,217,280,171,244,,,281,238,,,244,73,183,279,245,285,262,289,263,298,214,161,303,288,292,302,250,208,149,174,196,304,282,230,,217,,,b'\x11\xe8\xe1I\xc7_\xdc\xa0\xaf\x82\x12\xdf\x17\xaeN\x1e'
11E8E149-C75F-DCA0-AF82-12DF17AE4E1E,2016-ncaa-d1-conf-Ivy League,ncaa,8,8,1,8,4,7,8,7,7,8,7,6,6,5,8,6,5,5,1,5,3,7,4,7,6,8,4,6,1,5,5,7,6,6,5,5,3,8,8,8,6,7,4,4,,,7,7,,,8,4,4,4,7,8,7,8,7,6,5,5,5,5,7,4,5,7,6,5,8,6,4,,7,,,8,8,8,5,8,8,8,8,4,1,8,1,7,7,6,7,6,7,6,8,8,8,2,1,5,5,6,2,5,3,5,6,2,6,8,8,8,8,7,7,,,6,6,,,8,5,8,8,8,8,8,5,8,8,4,1,7,7,7,7,6,5,2,3,6,6,8,7,,6,,,b'\x11\xe8\xe1I\xc7_\xdc\xa0\xaf\x82\x12\xdf\x17\xaeN\x1e'
11E8E149-C75F-DCA0-AF82-12DF17AE4E1E,2016-ncaa-d1-natl,ncaa,234,204,303,232,308,208,225,259,156,232,257,156,165,179,141,135,183,278,2,279,227,271,259,141,116,158,139,143,151,233,167,165,124,200,101,139,59,199,260,154,239,209,123,122,,,192,258,,,220,263,132,47,131,149,161,177,181,131,138,126,247,247,181,130,180,60,101,72,275,195,98,,276,,,220,159,139,123,182,157,184,144,131,74,262,81,242,210,302,214,208,144,91,173,206,265,182,126,261,116,124,49,167,50,101,116,124,312,298,249,211,264,164,225,,,282,259,,,220,93,169,260,217,268,241,269,250,296,195,145,295,275,280,287,246,202,137,160,185,275,272,225,,235,,,b'\x11\xe8\xe1I\xc7_\xdc\xa0\xaf\x82\x12\xdf\x17\xaeN\x1e'
11E8E149-C75F-DCA0-AF82-12DF17AE4E1E,2017-ncaa-d0-natl,ncaa,197,126,321,184,323,269,281,308,205,231,241,213,288,294,248,255,133,198,25,202,149,301,299,245,178,216,213,273,31,211,98,143,1,183,10,282,242,157,264,268,336,309,294,286,,,122,300,,,174,316,189,6,169,213,183,146,118,259,244,48,101,104,176,123,117,17,28,232,275,317,273,,256,,,176,30,25,21,156,57,62,126,35,26,203,63,181,194,130,192,265,26,9,148,162,239,167,87,281,1,1,12,98,5,10,5,13,342,292,166,111,195,219,261,,,250,139,,,174,29,198,140,177,168,132,114,180,204,95,68,280,282,283,172,75,4,115,31,26,314,216,287,,110,,,b'\x11\xe8\xe1I\xc7_\xdc\xa0\xaf\x82\x12\xdf\x17\xaeN\x1e'
11E8E149-C75F-DCA0-AF82-12DF17AE4E1E,2017-ncaa-d1-conf-Ivy League,ncaa,7,7,5,7,6,5,7,5,6,6,2,8,8,7,6,7,1,2,2,3,2,5,5,7,6,7,5,8,2,5,5,5,1,4,3,7,4,7,7,7,8,8,8,8,,,6,8,,,7,5,4,2,4,7,4,5,2,8,7,1,2,2,4,3,5,3,4,7,8,8,8,,8,,,7,6,5,3,8,6,5,7,2,1,6,1,7,8,6,8,8,3,2,7,8,8,4,2,7,1,1,3,5,1,3,1,1,8,6,5,5,7,7,6,,,2,3,,,7,3,5,7,7,6,6,5,6,5,2,1,8,8,8,5,4,1,4,2,2,7,7,7,,2,,,b'\x11\xe8\xe1I\xc7_\xdc\xa0\xaf\x82\x12\xdf\x17\xaeN\x1e'
11E8E149-C75F-DCA0-AF82-12DF17AE4E1E,2017-ncaa-d1-natl,ncaa,215,126,343,193,344,301,307,332,214,264,271,222,300,303,255,253,153,230,24,234,146,328,333,253,180,220,209,269,29,235,105,188,1,221,12,305,244,136,268,274,340,311,305,291,,,90,302,,,188,343,198,4,176,223,189,156,124,263,244,48,101,105,185,127,127,17,30,243,276,322,279,,258,,,190,14,11,7,168,39,37,135,30,19,212,62,158,178,133,177,262,10,2,156,173,251,164,82,279,1,1,5,105,1,12,4,14,346,297,171,95,200,215,264,,,282,133,,,188,6,210,152,192,179,138,116,184,208,96,62,280,284,286,176,72,4,117,34,31,317,218,289,,112,,,b'\x11\xe8\xe1I\xc7_\xdc\xa0\xaf\x82\x12\xdf\x17\xaeN\x1e'
11E8E149-C75F-DCA0-AF82-12DF17AE4E1E,2018-ncaa-d0-natl,ncaa,277,280,242,281,285,239,223,237,204,241,263,171,152,131,196,87,299,334,22,333,320,269,294,177,178,184,152,104,285,322,328,235,245,290,311,262,278,87,179,215,340,340,292,295,,,105,148,,,289,260,152,278,228,191,182,232,236,119,101,294,331,332,240,268,315,177,289,256,136,339,291,,169,,,286,217,258,185,305,273,186,315,169,174,177,186,91,127,49,112,124,168,108,296,261,313,68,157,65,194,245,222,328,220,311,126,38,313,309,266,95,181,192,259,,,313,285,,,289,98,228,319,286,289,309,283,316,264,214,228,144,177,166,278,203,251,289,287,169,298,142,222,,306,,,b'\x11\xe8\xe1I\xc7_\xdc\xa0\xaf\x82\x12\xdf\x17\xaeN\x1e'
11E8E149-C75F-DCA0-AF82-12DF17AE4E1E,2018-ncaa-d1-conf-Ivy League,ncaa,8,8,5,8,8,7,7,6,6,6,6,6,6,6,5,5,6,7,1,7,7,6,7,7,7,7,4,4,5,7,8,7,5,7,8,7,8,1,3,7,8,8,7,8,,,4,5,,,7,6,3,5,7,7,5,5,3,6,4,5,6,6,6,7,7,7,7,7,2,8,7,,6,,,7,7,7,2,7,8,5,7,5,3,7,4,3,4,4,3,5,3,3,7,7,8,3,3,2,3,5,7,8,5,8,6,3,6,6,7,1,4,4,5,,,7,6,,,7,3,7,8,7,7,7,6,8,7,7,4,5,6,5,7,6,4,8,7,6,5,4,5,,6,,,b'\x11\xe8\xe1I\xc7_\xdc\xa0\xaf\x82\x12\xdf\x17\xaeN\x1e'
11E8E149-C75F-DCA0-AF82-12DF17AE4E1E,2018-ncaa-d1-natl,ncaa,289,278,315,290,329,277,268,278,220,267,286,179,170,152,201,88,316,340,23,340,322,306,329,190,188,198,155,106,283,331,330,268,250,320,318,298,282,66,183,226,341,340,302,299,,,76,154,,,295,315,160,279,240,206,190,241,238,126,101,298,331,332,252,273,317,181,295,273,140,340,293,,174,,,300,191,249,138,317,263,148,321,159,150,179,180,76,100,52,89,126,120,51,308,276,321,69,155,65,167,250,198,330,191,318,104,40,328,314,273,80,185,183,266,,,330,284,,,295,39,237,324,296,297,312,283,318,264,217,226,149,180,169,279,200,258,291,288,176,301,148,222,,309,,,b'\x11\xe8\xe1I\xc7_\xdc\xa0\xaf\x82\x12\xdf\x17\xaeN\x1e'
11E8E149-C75F-DCA0-AF82-12DF17AE4E1E,2019-ncaa-d0-natl,ncaa,277,245,321,276,328,265,240,285,162,278,319,88,123,109,201,41,337,343,191,343,288,304,323,123,161,149,115,54,331,316,298,259,264,301,281,226,178,32,149,134,341,332,343,339,,,135,284,,,220,318,133,155,156,131,108,211,273,68,45,321,321,319,171,200,281,110,202,138,139,326,341,,285,,,228,81,96,104,158,90,60,228,152,221,53,286,94,127,75,117,208,89,41,159,148,248,189,219,145,214,264,100,298,126,281,91,136,334,323,285,164,266,81,211,,,345,337,,,220,30,187,276,234,256,256,312,236,200,261,318,198,235,230,316,254,310,283,311,206,303,258,158,,335,,,b'\x11\xe8\xe1I\xc7_\xdc\xa0\xaf\x82\x12\xdf\x17\xaeN\x1e'
11E8E149-C75F-DCA0-AF82-12DF17AE4E1E,2019-ncaa-d1-conf-Ivy League,ncaa,7,7,5,7,6,5,5,7,5,6,8,4,3,3,6,3,7,6,4,6,3,7,7,4,4,4,3,3,7,8,7,5,6,6,7,6,6,2,5,5,7,7,6,6,,,6,6,,,6,6,3,5,5,5,6,6,8,3,3,7,6,6,6,7,8,5,6,5,4,7,6,,7,,,6,5,6,4,6,5,3,6,4,5,4,6,5,4,7,4,4,4,3,5,6,7,6,6,5,6,6,7,7,6,7,5,4,7,7,7,6,8,5,5,,,7,6,,,6,2,6,7,6,7,7,7,7,4,6,7,6,5,5,7,6,7,7,7,6,7,7,5,,7,,,b'\x11\xe8\xe1I\xc7_\xdc\xa0\xaf\x82\x12\xdf\x17\xaeN\x1e'
11E8E149-C75F-DCA0-AF82-12DF17AE4E1E,2019-ncaa-d1-natl,ncaa,294,245,346,290,347,292,273,319,172,304,340,99,137,119,207,40,344,347,185,346,284,334,343,132,169,160,110,53,330,328,305,291,274,328,292,255,180,20,153,142,343,333,343,340,,,118,286,,,232,343,138,151,170,141,122,225,279,71,46,321,323,321,185,210,289,115,215,147,140,328,341,,282,,,245,54,69,60,178,73,31,241,127,194,60,282,84,103,78,96,211,40,12,178,163,258,190,218,148,183,274,62,305,88,292,73,140,346,327,295,133,273,72,217,,,349,337,,,232,5,201,289,253,266,266,312,246,206,263,318,202,239,229,316,252,315,288,313,218,306,260,161,,337,,,b'\x11\xe8\xe1I\xc7_\xdc\xa0\xaf\x82\x12\xdf\x17\xaeN\x1e'
11E8E149-C75F-DCA0-AF82-12DF17AE4E1E,2020-ncaa-d0-natl,ncaa,123,67,312,97,312,201,176,250,85,215,283,80,98,133,68,82,304,311,221,311,235,276,270,68,87,122,124,72,315,170,85,200,140,183,74,113,83,179,231,132,215,171,125,82,,,18,30,,,108,294,140,44,94,73,106,138,222,57,77,278,272,275,135,97,102,58,49,48,254,163,84,,56,,,102,55,93,122,100,75,70,154,194,253,79,304,18,24,91,24,57,83,54,110,85,117,175,280,32,115,140,28,85,41,74,89,126,262,221,176,153,213,102,173,,,313,290,,,108,55,107,120,104,162,216,292,169,173,261,323,44,56,56,252,231,215,93,137,153,206,235,156,,241,,,b'\x11\xe8\xe1I\xc7_\xdc\xa0\xaf\x82\x12\xdf\x17\xaeN\x1e'
11E8E149-C75F-DCA0-AF82-12DF17AE4E1E,2020-ncaa-d1-conf-Ivy League,ncaa,4,4,1,4,1,2,2,3,3,5,6,3,3,3,2,3,5,4,4,4,2,3,1,2,2,3,3,4,5,5,5,2,2,4,3,2,3,7,4,3,6,7,6,5,,,4,4,,,4,1,2,1,2,2,3,5,6,3,3,5,4,4,3,1,5,2,4,2,7,6,6,,4,,,4,5,7,8,5,6,5,5,6,8,5,6,4,4,4,4,4,7,7,5,5,5,4,6,1,3,2,4,5,4,3,4,2,6,6,5,5,4,4,4,,,3,3,,,4,8,3,5,4,5,7,8,6,5,6,8,4,4,4,7,7,3,4,4,4,6,5,4,,3,,,b'\x11\xe8\xe1I\xc7_\xdc\xa0\xaf\x82\x12\xdf\x17\xaeN\x1e'
11E8E149-C75F-DCA0-AF82-12DF17AE4E1E,2020-ncaa-d1-natl,ncaa,133,67,341,103,341,235,206,297,89,257,299,85,111,146,72,81,312,319,222,318,236,314,310,72,90,130,120,69,314,197,93,228,149,229,80,128,84,156,235,136,236,184,135,87,,,13,33,,,122,325,145,42,102,78,115,148,224,57,79,277,279,279,145,101,105,62,55,50,263,176,91,,60,,,115,38,72,83,110,57,48,171,179,230,81,303,15,20,95,20,58,51,29,119,94,128,174,281,31,100,149,16,93,25,80,75,125,281,233,193,132,217,93,182,,,321,286,,,122,28,114,135,120,171,227,293,173,175,264,324,42,60,58,257,229,215,96,145,164,212,237,163,,237,,,b'\x11\xe8\xe1I\xc7_\xdc\xa0\xaf\x82\x12\xdf\x17\xaeN\x1e'
11E8E149-C75F-DCA0-AF82-12DF17AE4E1E,2022-ncaa-d0-natl,ncaa,23,19,52,25,62,62,66,65,115,123,176,58,33,18,147,39,112,54,343,51,30,60,40,80,111,143,61,54,242,40,71,24,102,21,50,20,13,323,219,105,121,215,57,101,,,294,181,,,67,46,80,134,83,94,106,194,283,42,32,176,82,83,79,52,65,22,14,21,274,193,70,,219,,,68,253,260,327,36,257,323,36,199,272,67,142,217,243,90,243,101,328,311,25,24,65,133,160,164,301,102,279,71,301,50,163,68,155,282,156,292,167,247,240,,,78,235,,,67,300,122,71,78,135,143,296,163,302,136,194,134,155,149,282,259,220,166,195,91,254,214,181,,153,,,b'\x11\xe8\xe1I\xc7_\xdc\xa0\xaf\x82\x12\xdf\x17\xaeN\x1e'
11E8E149-C75F-DCA0-AF82-12DF17AE4E1E,2022-ncaa-d1-conf-Ivy League,ncaa,2,2,1,2,1,3,3,3,2,3,3,1,2,2,4,2,3,1,8,1,1,3,1,2,2,3,4,3,3,3,4,1,1,1,2,1,3,7,4,3,6,8,1,1,,,5,4,,,2,1,2,5,3,3,4,3,7,2,2,4,2,1,4,2,5,1,1,1,4,8,1,,4,,,2,5,5,8,2,7,8,2,2,5,1,2,4,4,3,4,1,8,8,2,1,2,1,1,4,3,1,7,4,6,2,2,2,7,8,5,5,4,8,7,,,2,4,,,2,8,4,2,2,2,3,7,5,7,2,3,4,3,3,7,5,3,4,3,2,8,4,6,,2,,,b'\x11\xe8\xe1I\xc7_\xdc\xa0\xaf\x82\x12\xdf\x17\xaeN\x1e'
11E8E149-C75F-DCA0-AF82-12DF17AE4E1E,2022-ncaa-d1-natl,ncaa,25,19,67,25,78,74,79,79,125,150,208,66,42,25,153,38,131,62,342,60,26,77,48,89,117,154,60,56,239,51,77,26,106,26,59,23,14,317,224,111,154,229,62,109,,,283,186,,,83,60,84,130,94,106,116,207,284,46,35,180,85,85,93,56,70,27,14,21,279,203,71,,224,,,84,223,234,321,41,235,318,37,188,256,75,141,197,219,96,216,101,323,303,30,31,80,133,159,162,287,106,259,77,283,59,152,67,197,286,175,277,170,238,251,,,96,232,,,83,287,134,89,92,144,156,299,171,306,140,194,139,160,154,286,257,224,173,196,96,258,220,190,,153,,,b'\x11\xe8\xe1I\xc7_\xdc\xa0\xaf\x82\x12\xdf\x17\xaeN\x1e'
11E8E149-C75F-DCA0-AF82-12DF17AE4E1E,2023-ncaa-d0-natl,ncaa,15,13,29,16,32,15,17,23,51,48,85,36,5,8,52,55,54,30,305,30,50,20,19,36,43,49,65,54,264,12,15,21,96,8,15,5,6,292,92,23,46,105,55,92,,,284,111,,,14,20,50,81,14,18,25,89,201,12,17,93,54,54,19,18,17,30,9,4,186,83,70,,162,,,14,295,311,339,65,318,344,64,241,276,110,144,192,191,175,193,53,339,338,62,52,47,104,172,95,294,96,259,15,290,15,254,133,49,144,94,215,58,192,126,,,45,251,,,14,338,23,48,17,133,183,299,187,305,145,174,95,97,97,276,296,194,96,125,148,110,125,115,,115,,,b'\x11\xe8\xe1I\xc7_\xdc\xa0\xaf\x82\x12\xdf\x17\xaeN\x1e'
11E8E149-C75F-DCA0-AF82-12DF17AE4E1E,2023-ncaa-d1-conf-Ivy League,ncaa,2,2,2,2,2,1,2,1,3,2,3,1,2,1,3,4,1,1,5,1,1,1,1,3,2,2,4,6,1,1,1,1,1,1,1,1,1,2,2,1,1,4,1,2,,,6,4,,,2,1,2,1,1,1,1,2,3,1,2,1,1,1,1,1,1,1,1,1,3,2,2,,4,,,2,6,6,8,2,7,8,2,4,6,4,3,4,5,5,5,2,7,7,2,2,2,2,3,3,5,1,6,1,6,1,3,2,3,4,2,1,1,4,3,,,1,2,,,2,7,1,2,2,2,3,6,4,7,3,3,4,3,3,7,7,3,4,3,3,2,1,4,,1,,,b'\x11\xe8\xe1I\xc7_\xdc\xa0\xaf\x82\x12\xdf\x17\xaeN\x1e'
11E8E149-C75F-DCA0-AF82-12DF17AE4E1E,2023-ncaa-d1-natl,ncaa,15,13,33,16,35,16,19,24,52,54,109,37,6,10,57,55,65,34,305,34,49,20,19,36,47,52,62,54,259,13,17,23,102,9,18,6,6,274,97,23,60,121,60,98,,,265,115,,,14,23,55,82,15,22,28,95,204,13,17,96,55,56,20,21,17,33,9,4,186,100,72,,167,,,14,283,302,337,75,299,342,72,230,258,119,144,176,173,172,177,54,334,334,69,59,57,104,170,96,275,102,229,17,264,18,242,134,65,155,110,192,61,176,133,,,54,248,,,14,334,24,58,18,150,197,302,199,307,153,178,101,97,98,276,295,202,103,134,159,119,123,122,,113,,,b'\x11\xe8\xe1I\xc7_\xdc\xa0\xaf\x82\x12\xdf\x17\xaeN\x1e'
11E8E149-C75F-DCA0-AF82-12DF17AE4E1E,2024-ncaa-d0-natl,ncaa,51,30,196,37,241,81,77,142,28,100,247,13,52,53,102,55,181,178,180,179,110,143,157,23,28,32,134,85,292,41,7,171,122,109,12,58,72,104,104,43,203,178,279,305,,,192,242,,,38,224,180,263,26,29,62,56,235,38,31,152,153,151,73,97,23,139,41,27,135,183,283,,216,,,30,115,130,152,141,158,212,97,101,81,223,87,128,103,305,93,74,131,119,124,143,155,109,121,170,104,122,11,7,23,12,174,222,226,206,221,21,21,101,161,,,231,276,,,38,136,15,139,29,143,166,196,201,278,109,85,156,129,122,175,152,125,8,27,193,212,31,118,,228,,,b'\x11\xe8\xe1I\xc7_\xdc\xa0\xaf\x82\x12\xdf\x17\xaeN\x1e'
11E8E149-C75F-DCA0-AF82-12DF17AE4E1E,2024-ncaa-d1-conf-Ivy League,ncaa,2,2,1,2,1,1,2,2,2,2,5,1,1,1,1,2,1,1,3,1,1,1,1,1,1,1,3,3,3,1,1,1,2,1,1,1,1,6,3,2,2,3,6,7,,,8,5,,,2,1,3,3,1,2,3,3,6,1,2,1,1,1,1,1,1,1,1,1,3,4,7,,5,,,2,8,8,8,2,6,8,2,7,8,6,5,5,5,8,4,3,8,8,1,2,3,5,5,4,5,2,2,1,3,1,5,3,2,4,3,1,1,4,4,,,1,6,,,2,8,1,2,2,3,3,5,3,5,6,4,4,3,3,3,5,2,2,2,3,4,1,1,,4,,,b'\x11\xe8\xe1I\xc7_\xdc\xa0\xaf\x82\x12\xdf\x17\xaeN\x1e'
11E8E149-C75F-DCA0-AF82-12DF17AE4E1E,2024-ncaa-d1-natl,ncaa,57,30,254,40,304,102,100,179,29,129,273,13,63,61,106,55,200,208,179,209,104,183,221,26,32,35,129,83,292,57,8,226,130,142,12,70,76,76,108,47,236,197,302,314,,,161,254,,,45,282,187,264,26,29,70,67,240,41,34,157,156,155,78,101,27,149,48,29,133,200,292,,222,,,36,84,102,112,162,136,179,110,84,59,231,84,118,94,311,80,78,88,70,141,163,181,109,116,174,86,130,5,8,7,12,162,228,268,219,240,16,21,88,172,,,271,274,,,45,81,16,167,34,166,185,201,218,282,116,86,161,133,125,181,149,134,8,30,212,228,29,125,,228,,,b'\x11\xe8\xe1I\xc7_\xdc\xa0\xaf\x82\x12\xdf\x17\xaeN\x1e'
11E8E149-C75F-DCA0-AF82-12DF17AE4E1E,2024-ncaa-d1-ncaatournament,ncaa,37,3,37,37,38,44,48,60,22,47,64,7,52,48,52,27,34,35,35,35,3,59,48,24,19,27,30,45,5,46,11,38,45,39,13,52,44,24,57,52,63,59,57,61,,,16,39,,,34,53,29,5,30,40,55,30,57,44,29,4,6,6,51,30,26,22,20,44,55,59,54,,43,,,35,11,10,25,25,16,26,22,7,12,32,21,15,18,11,18,42,30,25,23,24,27,30,24,44,24,45,1,11,5,13,11,39,53,47,40,16,37,5,13,,,42,20,,,34,23,27,32,27,41,34,47,43,55,25,26,41,47,46,58,55,47,2,14,41,37,35,6,,15,,,b'\x11\xe8\xe1I\xc7_\xdc\xa0\xaf\x82\x12\xdf\x17\xaeN\x1e'
11E8E149-C75F-DCA0-AF82-12DF17AE4E1E,2025-ncaa-d0-natl,genius_ncaa,49,26,135,38,157,79,65,84,76,86,171,39,58,40,157,71,253,167,354,162,152,87,119,64,103,77,174,90,339,13,2,229,110,79,9,48,50,63,44,25,54,28,304,304,,,132,179,,288,36,202,274,208,55,44,41,63,179,45,36,271,166,162,48,92,5,270,41,25,58,44,314,,111,,294,32,69,134,96,247,158,101,279,124,135,123,231,13,18,69,18,37,61,132,232,187,89,64,190,22,56,110,24,2,22,9,212,280,71,33,104,39,25,146,146,,,178,262,,194,36,155,21,71,26,56,112,42,137,64,105,118,13,20,20,21,60,45,18,17,205,63,46,141,,205,,204,b'\x11\xe8\xe1I\xc7_\xdc\xa0\xaf\x82\x12\xdf\x17\xaeN\x1e'
11E8E149-C75F-DCA0-AF82-12DF17AE4E1E,2025-ncaa-d1-conf-Ivy League,genius_ncaa,1,1,1,1,1,1,1,1,2,1,1,2,1,1,2,3,1,1,7,1,2,1,1,2,2,2,3,3,5,1,1,2,2,1,1,1,1,3,2,1,1,1,6,6,,,6,5,,7,1,1,3,1,1,1,1,2,2,1,1,3,1,1,1,1,1,4,1,1,2,1,6,,4,,7,1,4,5,6,5,5,4,5,6,6,4,6,1,1,2,1,1,5,7,5,5,2,3,6,1,2,2,3,1,2,1,7,6,1,1,2,2,2,8,5,,,1,5,,3,1,7,1,2,1,3,3,2,4,1,5,5,1,1,1,1,2,2,2,2,3,1,2,7,,2,,5,b'\x11\xe8\xe1I\xc7_\xdc\xa0\xaf\x82\x12\xdf\x17\xaeN\x1e'
11E8E149-C75F-DCA0-AF82-12DF17AE4E1E,2025-ncaa-d1-natl,genius_ncaa,54,26,172,39,206,99,78,106,81,108,204,44,75,51,160,71,274,183,353,178,149,108,147,66,112,82,170,93,337,15,2,269,119,104,10,52,54,47,46,27,71,33,315,309,,,104,185,,280,41,252,277,195,59,48,43,74,184,49,38,273,169,165,50,98,6,281,49,26,60,55,318,,114,,295,34,51,112,67,258,127,67,286,107,108,136,229,13,17,67,16,37,38,80,243,200,101,61,189,23,41,119,14,2,14,10,198,283,84,36,111,31,25,132,157,,,213,258,,197,41,102,23,86,28,63,121,48,144,66,116,118,15,21,20,23,57,47,20,16,217,73,50,146,,204,,197,b'\x11\xe8\xe1I\xc7_\xdc\xa0\xaf\x82\x12\xdf\x17\xaeN\x1e'
11E8E149-C75F-DCA0-AF82-12DF17AE4E1E,2025-ncaa-d1-ncaatournament,genius_ncaa,17,2,17,17,20,32,32,31,34,36,35,41,19,18,19,15,29,25,53,25,13,31,31,31,32,39,9,11,33,24,21,35,22,34,26,28,23,46,46,43,20,22,39,52,,,37,34,,52,46,33,47,7,40,48,54,58,55,16,21,34,27,27,53,47,26,56,49,35,45,21,48,,26,,59,38,41,47,34,62,53,41,65,16,31,11,23,29,38,8,38,38,34,37,55,51,35,2,7,16,24,22,36,21,32,26,34,5,19,10,12,52,56,23,20,,,27,26,,32,46,40,35,31,33,31,44,8,57,26,7,12,15,31,32,8,15,11,11,3,21,13,49,11,,31,,41,b'\x11\xe8\xe1I\xc7_\xdc\xa0\xaf\x82\x12\xdf\x17\xaeN\x1e'
11E8E149-C75F-DCA0-AF82-12DF17AE4E1E,2026-ncaa-d0-natl,genius_ncaa,55,152,9,119,10,35,29,29,51,28,45,29,67,44,191,142,67,60,178,60,177,31,24,68,68,82,264,207,257,23,36,104,182,60,91,23,71,340,182,83,10,21,192,287,,,353,292,,360,76,26,189,78,65,46,113,45,160,138,124,157,163,168,120,103,72,289,187,38,214,24,293,,266,,340,89,332,335,308,280,331,332,160,306,194,356,56,279,280,196,276,120,310,329,275,265,200,156,187,134,262,182,242,36,255,91,329,233,29,59,133,311,154,119,43,,,79,294,,268,76,333,64,176,98,181,199,82,197,216,177,35,148,132,128,72,122,92,42,42,222,74,170,44,,252,,328,b'\x11\xe8\xe1I\xc7_\xdc\xa0\xaf\x82\x12\xdf\x17\xaeN\x1e'
11E8E149-C75F-DCA0-AF82-12DF17AE4E1E,2026-ncaa-d1-natl,genius_ncaa,74,152,13,138,18,42,35,48,61,32,68,37,92,63,207,142,96,91,177,92,168,48,40,74,76,96,254,203,244,38,43,153,195,92,119,26,74,320,204,106,17,26,237,306,,,347,301,,360,112,47,208,73,85,64,139,59,177,155,132,168,176,181,149,129,88,313,233,44,223,34,303,,276,,347,123,321,327,275,311,325,320,196,290,135,359,51,251,251,205,247,126,277,302,313,303,251,153,186,131,225,195,196,43,207,119,320,238,48,82,174,286,168,91,47,,,110,281,,284,112,311,87,223,137,214,230,94,233,229,207,35,158,137,133,81,115,100,45,47,255,104,180,42,,249,,329,b'\x11\xe8\xe1I\xc7_\xdc\xa0\xaf\x82\x12\xdf\x17\xaeN\x1e'
11E8E149-C764-2BC0-AF82-12DF17AE4E1E,2010-ncaa-d0-natl,ncaa,290,251,322,286,328,318,282,312,185,189,199,174,341,336,339,323,339,321,341,320,326,314,314,268,299,307,344,335,314,270,199,273,184,289,189,275,218,188,302,274,258,191,288,255,,,135,297,,,246,314,147,164,304,216,224,80,57,337,328,328,279,276,251,173,189,141,171,214,299,185,264,,286,,,255,12,7,16,52,6,21,55,47,76,91,176,202,199,180,191,309,19,29,52,92,67,281,151,325,67,184,43,199,40,189,19,197,225,114,63,161,257,24,30,,,339,318,,,246,28,315,85,258,109,45,97,56,103,115,163,299,301,295,149,195,224,204,211,88,111,263,63,,305,,,b'\x11\xe8\xe1I\xc7d+\xc0\xaf\x82\x12\xdf\x17\xaeN\x1e'
11E8E149-C764-2BC0-AF82-12DF17AE4E1E,2010-ncaa-d1-conf-MEAC,ncaa,9,8,6,9,8,9,5,9,3,4,5,2,9,8,8,7,11,11,11,11,11,9,9,4,8,9,11,8,11,9,8,5,3,8,5,3,4,9,11,4,8,7,6,5,,,8,10,,,8,7,4,4,8,3,6,2,2,7,7,11,11,11,8,5,8,3,5,3,11,6,6,,10,,,8,6,3,4,4,1,3,4,10,9,8,10,9,8,5,8,11,4,3,4,5,6,11,11,9,3,3,4,8,3,5,6,10,8,6,7,6,8,5,4,,,10,10,,,8,4,9,7,8,7,5,5,2,3,11,9,9,10,10,5,6,7,5,7,7,5,8,5,,10,,,b'\x11\xe8\xe1I\xc7d+\xc0\xaf\x82\x12\xdf\x17\xaeN\x1e'
11E8E149-C764-2BC0-AF82-12DF17AE4E1E,2010-ncaa-d1-natl,ncaa,268,251,276,270,296,306,254,287,178,147,132,182,337,336,319,324,332,298,340,294,322,299,264,259,294,304,344,332,297,250,201,213,181,232,179,243,194,255,306,271,228,193,273,249,,,206,293,,,241,259,138,176,295,214,228,80,55,334,330,323,266,264,252,164,193,126,160,207,304,191,254,,288,,,244,27,11,42,38,20,50,50,58,101,62,171,245,245,191,234,305,58,88,35,68,55,279,137,327,130,181,92,201,89,179,27,183,167,98,49,203,247,27,23,,,318,310,,,241,76,314,59,246,86,39,99,55,105,103,159,296,293,285,148,205,225,195,210,73,95,256,52,,293,,,b'\x11\xe8\xe1I\xc7d+\xc0\xaf\x82\x12\xdf\x17\xaeN\x1e'
11E8E149-C764-2BC0-AF82-12DF17AE4E1E,2011-ncaa-d0-natl,ncaa,208,207,242,215,278,246,239,193,258,157,88,284,313,319,258,327,153,72,337,72,114,162,144,290,305,297,296,316,78,115,156,215,201,161,215,271,279,251,241,290,33,19,256,239,,,242,253,,,167,150,31,257,218,209,112,118,25,316,317,111,30,28,65,30,74,143,76,274,287,14,249,,296,,,167,44,32,46,90,40,76,59,104,81,233,118,182,258,10,257,299,74,180,90,93,18,249,179,273,161,201,246,156,215,215,69,202,30,12,14,165,167,191,127,,,129,132,,,167,185,287,27,167,108,79,95,77,131,135,113,230,287,287,146,297,221,311,299,113,4,216,224,,48,,,b'\x11\xe8\xe1I\xc7d+\xc0\xaf\x82\x12\xdf\x17\xaeN\x1e'
11E8E149-C764-2BC0-AF82-12DF17AE4E1E,2011-ncaa-d1-conf-MEAC,ncaa,4,4,2,5,5,3,4,1,4,2,1,7,9,10,1,10,2,1,10,1,4,1,1,5,7,5,9,10,5,2,6,4,7,1,7,6,8,5,4,4,1,1,7,7,,,11,6,,,3,1,2,7,4,4,3,3,1,9,10,3,1,1,1,2,4,5,3,6,5,2,7,,10,,,3,7,7,8,4,5,9,3,6,8,6,9,7,8,5,8,5,9,11,4,4,2,9,7,6,10,7,11,6,11,7,7,6,1,3,3,3,3,9,7,,,1,4,,,3,11,5,3,3,6,6,7,3,8,7,8,7,7,7,8,9,9,11,11,7,1,3,9,,1,,,b'\x11\xe8\xe1I\xc7d+\xc0\xaf\x82\x12\xdf\x17\xaeN\x1e'
11E8E149-C764-2BC0-AF82-12DF17AE4E1E,2011-ncaa-d1-natl,ncaa,206,202,199,213,260,218,211,169,240,127,65,274,318,320,235,332,141,48,340,48,109,129,101,283,299,287,305,319,86,98,153,189,178,133,203,261,282,284,245,291,26,16,261,248,,,261,253,,,155,111,22,260,200,186,104,97,20,318,320,111,21,20,52,26,62,137,65,259,296,15,259,,299,,,154,59,44,69,95,54,93,67,115,90,234,114,197,279,8,276,301,102,226,101,99,21,242,174,273,171,178,262,153,248,203,77,194,25,10,12,194,184,187,111,,,82,114,,,155,231,282,26,159,116,82,99,82,137,134,113,232,290,290,155,304,213,309,298,116,4,233,217,,29,,,b'\x11\xe8\xe1I\xc7d+\xc0\xaf\x82\x12\xdf\x17\xaeN\x1e'
11E8E149-C764-2BC0-AF82-12DF17AE4E1E,2012-ncaa-d0-natl,ncaa,106,87,120,95,145,154,180,158,218,106,82,214,309,287,325,307,26,8,317,8,17,101,64,268,255,269,256,327,10,54,70,111,251,67,139,183,173,326,267,276,25,31,210,235,,,281,220,,,123,83,41,209,167,204,172,106,75,322,293,12,2,2,84,29,50,107,53,200,310,19,225,,284,,,121,117,94,197,38,98,215,29,137,154,132,124,213,272,26,267,234,215,281,42,43,14,229,165,266,292,251,230,70,277,139,94,145,23,24,17,272,210,231,156,,,27,31,,,123,271,249,24,121,98,85,182,87,208,138,145,207,265,262,209,311,294,205,273,88,14,258,223,,6,,,b'\x11\xe8\xe1I\xc7d+\xc0\xaf\x82\x12\xdf\x17\xaeN\x1e'
11E8E149-C764-2BC0-AF82-12DF17AE4E1E,2012-ncaa-d1-conf-MEAC,ncaa,3,4,1,4,1,4,4,5,4,1,2,1,6,6,11,9,2,1,12,1,1,2,1,5,3,5,9,12,2,4,6,2,3,3,5,2,2,12,7,6,1,4,6,7,,,11,4,,,4,1,3,9,4,6,8,4,4,9,8,2,1,1,5,2,5,3,5,3,10,2,8,,7,,,4,7,7,10,4,6,8,5,10,8,9,8,7,8,1,7,7,11,13,4,4,5,9,10,5,8,3,12,6,11,5,7,3,1,4,3,9,4,4,3,,,1,2,,,4,13,5,3,4,4,6,7,5,7,9,8,6,7,7,6,9,4,10,5,5,1,4,3,,1,,,b'\x11\xe8\xe1I\xc7d+\xc0\xaf\x82\x12\xdf\x17\xaeN\x1e'
11E8E149-C764-2BC0-AF82-12DF17AE4E1E,2012-ncaa-d1-natl,ncaa,90,86,90,88,115,131,153,132,196,81,54,187,315,284,327,308,22,4,323,4,16,75,45,255,248,263,273,328,13,43,64,86,245,47,127,153,156,328,263,269,22,30,195,226,,,290,208,,,104,60,38,215,152,182,170,89,65,321,294,12,1,1,76,25,44,103,41,180,308,19,219,,279,,,104,132,100,222,35,117,244,32,133,154,114,119,209,290,12,287,244,243,302,34,33,10,210,150,262,304,245,246,64,295,127,100,145,18,24,12,288,218,222,136,,,21,31,,,104,293,237,17,103,94,76,176,89,211,121,140,197,267,264,208,312,294,189,265,86,12,264,204,,6,,,b'\x11\xe8\xe1I\xc7d+\xc0\xaf\x82\x12\xdf\x17\xaeN\x1e'
11E8E149-C764-2BC0-AF82-12DF17AE4E1E,2013-ncaa-d0-natl,ncaa,177,166,183,180,203,205,231,138,308,176,49,333,287,302,174,323,58,22,296,22,67,107,110,323,315,283,207,283,15,41,79,301,337,172,274,258,256,154,119,253,51,53,271,285,,,285,274,,,186,151,82,112,205,245,84,168,22,286,304,28,9,8,37,35,22,309,142,266,184,39,275,,306,,,187,143,83,93,160,138,199,99,58,28,253,25,306,314,107,319,309,143,233,130,171,64,198,55,324,296,337,272,79,291,274,96,147,21,16,26,139,114,277,193,,,67,56,,,186,200,253,99,183,178,112,97,168,234,63,26,313,321,325,175,299,321,291,320,121,8,158,293,,20,,,b'\x11\xe8\xe1I\xc7d+\xc0\xaf\x82\x12\xdf\x17\xaeN\x1e'
11E8E149-C764-2BC0-AF82-12DF17AE4E1E,2013-ncaa-d1-conf-MEAC,ncaa,4,5,1,5,1,3,4,1,8,3,1,9,8,9,6,9,1,1,11,1,3,1,1,9,9,8,6,9,2,1,4,10,13,3,10,6,8,7,4,6,1,3,9,9,,,13,8,,,5,1,1,9,4,6,2,6,2,9,9,1,1,1,1,1,2,12,6,7,7,1,9,,10,,,5,12,10,11,8,10,12,6,8,5,10,2,12,12,8,12,10,11,13,7,7,5,11,6,12,12,13,13,4,13,10,7,3,1,2,3,7,7,12,11,,,1,1,,,5,13,6,6,5,8,6,7,7,8,7,3,10,10,10,8,13,11,11,11,5,1,7,11,,1,,,b'\x11\xe8\xe1I\xc7d+\xc0\xaf\x82\x12\xdf\x17\xaeN\x1e'
11E8E149-C764-2BC0-AF82-12DF17AE4E1E,2013-ncaa-d1-natl,ncaa,155,165,90,162,103,139,166,78,301,115,23,328,274,294,153,326,29,11,300,11,63,50,40,318,307,280,217,292,19,24,74,247,330,104,265,223,254,237,123,245,24,30,275,300,,,319,277,,,159,62,55,129,167,211,61,139,13,286,308,24,8,8,28,21,18,300,122,251,204,21,286,,309,,,159,207,130,167,139,180,245,72,79,30,278,21,329,335,114,336,321,228,296,106,151,47,217,56,333,318,330,312,74,322,265,119,131,10,7,12,184,104,279,159,,,21,54,,,159,285,241,72,155,162,93,87,140,231,64,24,320,328,329,173,317,317,295,318,103,5,162,268,,16,,,b'\x11\xe8\xe1I\xc7d+\xc0\xaf\x82\x12\xdf\x17\xaeN\x1e'
11E8E149-C764-2BC0-AF82-12DF17AE4E1E,2014-ncaa-d0-natl,ncaa,165,125,254,153,289,250,258,221,277,156,69,312,333,339,257,340,109,60,309,59,114,179,153,312,305,300,307,335,21,51,36,258,288,140,144,206,102,246,246,243,110,91,275,257,,,183,212,,,176,215,78,270,209,226,124,99,15,334,338,48,18,17,66,36,15,211,53,163,295,80,264,,260,,,176,59,46,86,80,40,67,95,148,178,95,227,194,217,77,215,293,101,158,87,97,45,288,207,280,248,288,110,36,167,144,110,258,78,47,58,227,228,57,23,,,97,67,,,176,138,268,69,176,133,87,158,87,116,188,237,247,277,278,201,285,301,206,261,172,37,268,77,,24,,,b'\x11\xe8\xe1I\xc7d+\xc0\xaf\x82\x12\xdf\x17\xaeN\x1e'
11E8E149-C764-2BC0-AF82-12DF17AE4E1E,2014-ncaa-d1-conf-MEAC,ncaa,2,3,1,3,1,2,2,3,3,1,1,5,10,12,5,12,2,2,8,2,5,2,2,7,5,4,10,12,4,3,5,2,7,2,5,1,1,8,3,2,4,5,6,6,,,8,4,,,3,1,3,7,3,3,4,1,1,11,12,3,2,2,3,4,3,5,3,1,4,4,6,,6,,,3,7,7,13,3,6,7,4,13,13,6,12,7,5,7,5,7,12,13,3,3,3,11,13,8,10,7,11,5,12,5,9,11,3,4,5,7,5,3,1,,,2,3,,,3,13,4,3,3,4,4,8,4,2,12,11,6,5,5,8,9,8,6,6,7,3,6,2,,2,,,b'\x11\xe8\xe1I\xc7d+\xc0\xaf\x82\x12\xdf\x17\xaeN\x1e'
11E8E149-C764-2BC0-AF82-12DF17AE4E1E,2014-ncaa-d1-natl,ncaa,143,125,145,141,193,206,208,150,280,110,38,315,332,338,264,340,64,32,300,29,117,116,89,313,306,305,305,335,20,27,31,231,292,99,136,177,115,300,259,257,78,73,259,251,,,242,224,,,169,130,76,273,207,219,115,94,15,334,338,43,16,16,63,33,11,234,59,176,304,68,259,,265,,,169,112,71,123,85,68,100,100,144,188,89,198,261,283,82,286,307,166,233,86,104,46,283,174,300,274,292,166,31,216,136,141,255,42,32,44,290,240,68,19,,,52,70,,,169,215,270,59,170,124,72,120,88,100,148,199,270,290,290,182,278,292,189,253,157,29,286,66,,21,,,b'\x11\xe8\xe1I\xc7d+\xc0\xaf\x82\x12\xdf\x17\xaeN\x1e'
11E8E149-C764-2BC0-AF82-12DF17AE4E1E,2015-ncaa-d0-natl,ncaa,306,296,283,308,302,306,286,278,248,166,67,314,347,349,112,346,246,221,273,213,298,272,246,313,312,320,336,343,97,173,136,318,339,286,289,297,266,237,295,309,204,197,270,269,,,193,243,,,297,270,91,159,290,245,181,73,8,345,347,193,149,140,176,100,108,285,222,264,318,161,249,,290,,,298,113,81,67,187,98,103,168,84,82,147,109,283,302,131,304,319,107,130,153,193,152,220,92,320,296,339,75,136,173,289,56,99,140,109,71,306,328,144,82,,,285,260,,,297,84,317,217,294,255,184,188,212,230,141,148,325,331,332,280,317,342,186,298,112,72,334,195,,205,,,b'\x11\xe8\xe1I\xc7d+\xc0\xaf\x82\x12\xdf\x17\xaeN\x1e'
11E8E149-C764-2BC0-AF82-12DF17AE4E1E,2015-ncaa-d1-conf-MEAC,ncaa,9,9,4,9,4,7,6,6,5,3,2,7,13,13,1,13,7,7,7,7,11,6,5,8,8,9,12,12,6,4,5,6,11,6,9,5,5,7,9,6,4,5,8,8,,,11,8,,,9,5,5,6,7,5,6,4,2,13,13,6,8,7,6,5,7,10,7,4,8,4,7,,11,,,9,10,8,8,6,9,7,6,7,8,5,7,12,13,11,13,11,9,9,6,7,7,10,5,11,11,11,6,5,10,9,6,6,5,6,4,9,9,11,6,,,9,10,,,9,9,8,8,7,9,6,8,8,7,6,8,12,12,12,10,11,11,7,9,6,4,9,10,,11,,,b'\x11\xe8\xe1I\xc7d+\xc0\xaf\x82\x12\xdf\x17\xaeN\x1e'
11E8E149-C764-2BC0-AF82-12DF17AE4E1E,2015-ncaa-d1-natl,ncaa,303,293,298,303,316,308,287,260,258,148,57,324,347,349,96,348,239,220,258,211,313,258,234,319,318,323,338,344,99,158,127,313,337,267,278,296,259,261,295,303,215,214,261,260,,,207,236,,,297,259,91,157,290,243,165,69,7,346,348,187,153,147,168,97,92,270,187,264,318,176,238,,288,,,297,117,79,79,179,118,126,176,74,88,118,107,287,299,117,302,316,126,152,148,178,151,204,87,314,302,337,91,127,191,278,79,109,142,118,88,315,326,172,98,,,282,266,,,297,97,315,222,294,259,196,203,231,243,128,148,320,328,329,288,317,342,186,300,127,85,335,223,,214,,,b'\x11\xe8\xe1I\xc7d+\xc0\xaf\x82\x12\xdf\x17\xaeN\x1e'
11E8E149-C764-2BC0-AF82-12DF17AE4E1E,2016-ncaa-d0-natl,ncaa,153,156,114,158,133,164,121,97,173,34,9,249,348,348,323,348,140,88,296,84,296,89,66,291,289,296,348,348,108,61,72,163,320,103,191,175,240,333,261,269,28,42,227,242,,,279,196,,,195,77,44,126,186,114,86,19,2,348,348,135,72,71,72,24,50,192,97,197,322,19,235,,275,,,196,195,143,232,60,127,214,58,192,206,138,172,299,294,225,293,260,244,286,60,95,51,274,184,304,337,320,203,72,292,191,196,249,31,44,59,258,175,281,101,,,161,287,,,195,261,277,89,204,186,125,210,118,196,193,205,289,285,283,239,326,336,169,287,180,20,232,286,,188,,,b'\x11\xe8\xe1I\xc7d+\xc0\xaf\x82\x12\xdf\x17\xaeN\x1e'
11E8E149-C764-2BC0-AF82-12DF17AE4E1E,2016-ncaa-d1-conf-MEAC,ncaa,2,4,1,4,1,1,1,1,1,1,1,5,13,13,7,13,3,4,5,4,12,1,1,4,4,4,13,13,8,4,6,1,8,2,6,1,8,12,4,2,1,1,7,8,,,12,8,,,3,1,4,10,3,1,3,1,1,13,13,6,4,6,4,4,7,6,4,2,5,1,8,,9,,,4,12,10,13,4,7,12,2,12,13,11,11,11,10,12,10,7,13,13,6,5,5,13,13,9,12,8,12,6,12,6,10,10,2,4,3,9,4,13,6,,,5,12,,,3,13,4,5,4,7,5,7,1,4,11,11,8,5,6,9,9,9,6,7,7,3,5,10,,10,,,b'\x11\xe8\xe1I\xc7d+\xc0\xaf\x82\x12\xdf\x17\xaeN\x1e'
11E8E149-C764-2BC0-AF82-12DF17AE4E1E,2016-ncaa-d1-natl,ncaa,163,179,99,169,110,164,119,89,167,26,5,248,348,348,322,348,145,86,320,85,298,83,50,290,289,295,349,349,127,55,79,152,324,94,207,173,248,337,264,271,28,50,227,247,,,292,197,,,210,57,48,130,204,119,93,17,2,348,348,154,77,77,79,31,60,198,108,204,318,28,234,,273,,,210,224,167,245,74,153,238,58,192,208,151,155,307,296,240,295,253,259,307,65,105,64,264,177,299,340,324,220,79,308,207,207,245,30,52,73,260,181,279,92,,,168,280,,,210,283,282,114,218,193,133,220,136,217,187,187,292,285,284,243,326,336,173,290,186,25,235,271,,190,,,b'\x11\xe8\xe1I\xc7d+\xc0\xaf\x82\x12\xdf\x17\xaeN\x1e'
11E8E149-C764-2BC0-AF82-12DF17AE4E1E,2017-ncaa-d0-natl,ncaa,284,283,234,288,234,324,329,248,346,312,165,347,300,278,309,265,200,127,331,126,122,225,211,345,344,339,186,236,36,145,200,256,330,211,308,321,236,257,281,322,161,164,224,206,,,215,219,,,319,222,181,3,331,334,208,301,117,298,262,176,84,83,185,105,101,217,156,321,291,129,213,,271,,,318,141,86,112,128,98,91,174,136,201,75,209,295,331,19,328,343,165,182,135,148,138,274,161,314,320,330,268,200,305,308,153,242,136,132,145,307,318,333,330,,,196,172,,,319,126,337,210,319,226,153,182,153,127,180,241,324,339,337,267,306,337,321,341,201,90,318,344,,131,,,b'\x11\xe8\xe1I\xc7d+\xc0\xaf\x82\x12\xdf\x17\xaeN\x1e'
11E8E149-C764-2BC0-AF82-12DF17AE4E1E,2017-ncaa-d1-conf-MEAC,ncaa,8,6,8,8,8,9,8,10,5,9,8,6,7,10,5,9,11,9,6,10,8,10,11,5,6,7,7,7,9,13,12,8,7,10,9,7,6,3,5,5,9,8,9,8,,,7,8,,,8,9,10,1,8,7,7,7,8,6,9,8,9,9,8,9,11,7,8,7,5,8,8,,10,,,8,6,3,4,7,2,2,7,7,8,6,11,11,11,12,11,12,3,5,7,7,10,12,9,12,5,7,4,12,4,9,7,11,9,5,7,9,12,6,7,,,8,5,,,8,5,7,10,8,10,7,4,3,3,9,11,12,12,12,6,10,7,9,9,8,6,12,7,,6,,,b'\x11\xe8\xe1I\xc7d+\xc0\xaf\x82\x12\xdf\x17\xaeN\x1e'
11E8E149-C764-2BC0-AF82-12DF17AE4E1E,2017-ncaa-d1-natl,ncaa,300,282,310,301,310,339,340,293,347,325,196,347,310,287,310,264,233,153,329,152,121,279,261,347,346,342,185,234,34,173,210,291,330,257,312,333,242,239,286,325,187,176,238,215,,,197,222,,,324,278,188,3,334,338,213,313,122,299,264,189,87,83,192,112,108,231,163,329,292,140,217,,276,,,326,110,67,64,137,74,63,183,124,176,80,210,278,323,20,318,342,118,131,143,161,150,274,158,313,313,330,248,210,286,312,131,247,164,140,155,297,320,332,337,,,225,170,,,324,66,342,221,325,233,157,182,161,127,185,241,329,340,337,269,304,337,324,341,208,96,321,344,,134,,,b'\x11\xe8\xe1I\xc7d+\xc0\xaf\x82\x12\xdf\x17\xaeN\x1e'
11E8E149-C764-2BC0-AF82-12DF17AE4E1E,2018-ncaa-d0-natl,ncaa,310,308,242,316,264,317,334,276,344,309,223,338,325,271,339,245,99,90,167,100,51,251,194,345,334,339,148,285,4,122,133,288,346,228,305,327,226,333,327,339,165,165,286,293,,,100,82,,,334,218,109,177,323,340,261,301,176,321,260,52,48,55,212,84,74,268,171,329,331,137,285,,160,,,334,211,218,197,219,248,201,269,130,179,60,162,220,252,59,249,233,214,199,189,187,202,104,99,213,344,346,168,133,292,305,276,288,185,200,245,331,327,324,326,,,135,91,,,334,121,338,294,334,280,287,300,299,270,162,235,253,286,283,314,316,346,234,326,312,143,333,337,,66,,,b'\x11\xe8\xe1I\xc7d+\xc0\xaf\x82\x12\xdf\x17\xaeN\x1e'
11E8E149-C764-2BC0-AF82-12DF17AE4E1E,2018-ncaa-d1-conf-MEAC,ncaa,11,10,9,11,10,13,13,12,12,13,11,11,13,12,13,10,1,4,3,4,1,12,11,12,11,13,5,12,1,11,9,12,13,13,13,11,8,11,11,11,6,5,12,12,,,3,2,,,11,11,8,4,13,13,11,10,10,13,11,1,1,1,10,9,10,8,10,10,11,4,12,,5,,,12,6,6,10,5,7,7,8,8,10,6,10,5,4,12,4,4,7,5,5,5,7,6,7,6,13,13,5,9,10,13,6,7,10,10,10,12,12,10,13,,,4,2,,,11,3,13,10,12,8,8,12,9,11,9,10,6,6,6,10,11,13,6,13,9,8,12,12,,3,,,b'\x11\xe8\xe1I\xc7d+\xc0\xaf\x82\x12\xdf\x17\xaeN\x1e'
11E8E149-C764-2BC0-AF82-12DF17AE4E1E,2018-ncaa-d1-natl,ncaa,324,307,315,325,322,334,346,312,345,325,252,341,329,292,341,245,117,123,168,134,51,292,248,346,335,341,144,282,4,142,143,318,347,269,311,337,233,324,329,341,189,180,297,298,,,72,86,,,334,280,110,176,329,343,272,307,179,321,261,53,52,58,221,87,78,280,183,333,331,146,288,,165,,,338,182,192,158,234,236,163,278,109,157,63,162,201,237,65,235,233,175,159,200,196,216,97,94,209,342,347,132,143,273,311,267,291,213,207,251,323,327,316,332,,,175,83,,,334,57,340,302,338,289,291,303,306,273,166,232,258,291,288,316,313,347,240,330,317,151,332,338,,67,,,b'\x11\xe8\xe1I\xc7d+\xc0\xaf\x82\x12\xdf\x17\xaeN\x1e'
11E8E149-C764-2BC0-AF82-12DF17AE4E1E,2019-ncaa-d0-natl,ncaa,322,335,173,331,229,279,325,241,347,324,243,347,241,174,321,174,48,30,241,29,7,195,141,344,331,331,36,192,2,86,128,201,314,149,241,311,199,301,281,331,206,224,173,178,,,111,82,,,338,169,102,272,304,341,254,338,245,239,163,24,11,9,164,88,71,198,102,331,302,200,163,,126,,,335,279,274,236,254,203,190,194,323,262,339,238,182,235,38,235,219,246,217,287,269,298,281,300,114,308,314,248,128,297,241,312,288,237,266,308,249,228,339,345,,,127,127,,,338,177,321,322,335,310,294,297,233,227,334,284,208,257,255,311,278,322,285,321,321,227,251,344,,92,,,b'\x11\xe8\xe1I\xc7d+\xc0\xaf\x82\x12\xdf\x17\xaeN\x1e'
11E8E149-C764-2BC0-AF82-12DF17AE4E1E,2019-ncaa-d1-conf-MEAC,ncaa,9,11,3,11,5,6,9,8,10,11,10,9,3,3,8,4,3,3,6,3,2,6,7,9,7,8,2,3,1,4,3,6,7,6,7,7,5,7,6,6,10,10,3,4,,,1,1,,,8,7,8,7,6,11,9,12,11,3,5,2,3,3,6,7,4,7,5,6,7,10,2,,1,,,8,10,12,10,9,8,7,10,11,11,10,9,4,3,5,3,3,9,6,10,9,11,7,10,1,8,7,5,3,6,7,11,5,11,12,12,8,7,11,12,,,5,6,,,8,5,7,11,8,8,12,10,7,6,11,12,4,3,3,8,7,9,4,5,11,11,9,12,,4,,,b'\x11\xe8\xe1I\xc7d+\xc0\xaf\x82\x12\xdf\x17\xaeN\x1e'
11E8E149-C764-2BC0-AF82-12DF17AE4E1E,2019-ncaa-d1-natl,ncaa,333,334,233,336,292,301,341,278,349,339,276,348,261,192,323,173,64,41,238,39,8,245,200,345,333,335,34,190,2,117,140,241,319,188,252,331,205,281,290,334,232,237,188,180,,,88,90,,,338,235,110,272,307,342,261,339,248,238,167,24,11,9,177,96,77,208,120,332,303,206,169,,128,,,338,263,253,203,271,175,157,212,314,245,341,235,163,219,42,218,223,207,153,298,285,306,278,302,112,295,319,212,140,272,252,301,289,267,271,315,232,236,337,346,,,165,120,,,338,114,326,329,339,318,302,300,241,231,333,284,211,257,256,311,273,323,290,322,324,238,254,344,,95,,,b'\x11\xe8\xe1I\xc7d+\xc0\xaf\x82\x12\xdf\x17\xaeN\x1e'
11E8E149-C764-2BC0-AF82-12DF17AE4E1E,2020-ncaa-d0-natl,ncaa,333,337,191,338,225,348,348,326,350,335,279,346,313,262,344,199,271,228,310,218,128,316,234,349,349,350,175,231,45,210,242,252,329,244,309,343,274,346,350,351,292,304,149,152,,,148,143,,,349,232,190,196,351,351,341,343,279,315,261,272,203,197,335,214,209,251,251,348,344,286,144,,180,,,349,280,277,231,262,226,169,259,299,278,285,251,214,261,60,258,253,244,196,283,267,307,243,263,152,326,329,240,242,300,309,258,196,264,287,302,340,343,189,243,,,257,232,,,349,128,350,333,349,306,295,282,243,191,312,292,227,264,262,292,258,331,263,316,275,255,340,202,,246,,,b'\x11\xe8\xe1I\xc7d+\xc0\xaf\x82\x12\xdf\x17\xaeN\x1e'
11E8E149-C764-2BC0-AF82-12DF17AE4E1E,2020-ncaa-d1-conf-MEAC,ncaa,10,10,3,10,6,11,10,11,9,9,9,8,11,7,11,4,10,9,7,9,6,11,10,10,9,10,7,8,4,8,7,9,10,10,8,10,6,8,10,11,11,11,4,4,,,3,5,,,10,11,11,5,11,10,11,10,10,11,7,10,9,9,11,10,7,9,10,10,8,11,4,,3,,,10,8,9,6,8,7,6,9,9,9,9,9,5,5,9,5,5,7,3,9,10,10,8,10,3,8,10,5,7,7,8,8,7,11,11,11,8,10,1,4,,,11,9,,,10,1,10,10,10,9,9,7,7,6,10,9,5,5,5,6,2,9,6,7,8,11,8,1,,10,,,b'\x11\xe8\xe1I\xc7d+\xc0\xaf\x82\x12\xdf\x17\xaeN\x1e'
11E8E149-C764-2BC0-AF82-12DF17AE4E1E,2020-ncaa-d1-natl,ncaa,341,337,257,342,283,351,351,342,349,345,295,346,323,283,345,196,291,249,311,243,131,338,286,349,349,350,174,228,45,232,245,289,329,282,312,350,280,344,351,351,305,310,156,157,,,127,146,,,349,284,192,183,351,351,343,344,280,314,267,272,205,199,338,221,215,257,256,350,346,292,149,,182,,,349,265,259,201,274,208,150,267,287,262,293,250,202,242,62,238,253,202,137,292,278,312,242,261,154,315,329,208,245,282,312,249,198,284,293,307,335,345,179,254,,,277,228,,,349,76,350,337,349,309,299,283,253,197,318,293,230,267,265,294,258,331,266,319,278,264,340,205,,244,,,b'\x11\xe8\xe1I\xc7d+\xc0\xaf\x82\x12\xdf\x17\xaeN\x1e'
11E8E149-C764-2BC0-AF82-12DF17AE4E1E,2021-ncaa-d0-natl,ncaa,318,227,304,320,309,322,324,318,337,330,325,332,258,242,282,34,317,307,341,306,64,318,306,322,331,338,27,27,182,263,130,306,326,301,286,327,266,125,335,341,327,335,308,302,,,48,205,,,307,310,181,224,329,336,291,341,331,130,62,304,218,216,284,125,73,174,99,336,340,327,269,,243,,,322,36,37,49,67,50,60,75,31,35,75,55,56,67,45,67,182,48,40,55,53,99,93,61,247,135,326,48,130,64,286,19,26,312,261,110,175,336,82,320,,,304,180,,,307,35,336,198,327,176,172,267,235,313,76,102,232,271,269,299,277,339,268,326,57,229,338,235,,158,,,b'\x11\xe8\xe1I\xc7d+\xc0\xaf\x82\x12\xdf\x17\xaeN\x1e'
11E8E149-C764-2BC0-AF82-12DF17AE4E1E,2021-ncaa-d1-conf-MEAC,ncaa,5,8,2,7,2,4,5,4,6,5,5,6,1,1,2,1,6,3,8,3,5,4,3,5,7,7,1,1,6,4,7,3,5,3,7,6,6,8,6,7,7,7,5,7,,,7,5,,,8,3,8,1,7,7,7,7,8,1,1,8,6,6,7,8,7,5,7,8,6,8,6,,3,,,6,8,8,7,5,8,8,4,5,5,5,2,7,7,5,8,3,7,6,4,4,6,1,2,3,7,5,7,7,7,7,5,2,6,7,6,8,6,7,8,,,3,5,,,8,6,7,7,7,5,6,5,7,7,3,1,3,4,4,6,1,7,7,6,2,7,6,7,,7,,,b'\x11\xe8\xe1I\xc7d+\xc0\xaf\x82\x12\xdf\x17\xaeN\x1e'
11E8E149-C764-2BC0-AF82-12DF17AE4E1E,2021-ncaa-d1-natl,ncaa,322,225,307,324,312,323,326,319,339,331,326,334,265,252,288,34,319,307,341,306,62,320,308,324,332,339,25,27,184,276,135,307,329,303,293,328,266,112,337,341,329,336,309,305,,,41,212,,,311,312,185,225,331,338,296,341,331,132,63,306,219,217,289,132,76,181,106,336,340,329,270,,250,,,327,33,32,44,77,46,52,82,28,30,78,54,54,60,47,59,183,42,35,61,59,107,91,59,251,124,329,43,135,57,293,19,24,315,266,114,167,338,73,322,,,307,177,,,311,32,337,215,330,182,178,268,241,316,76,101,239,275,276,300,275,340,274,328,59,238,341,240,,159,,,b'\x11\xe8\xe1I\xc7d+\xc0\xaf\x82\x12\xdf\x17\xaeN\x1e'
11E8E149-C764-2BC0-AF82-12DF17AE4E1E,2022-ncaa-d0-natl,ncaa,158,134,216,155,248,212,264,189,331,259,222,289,219,143,322,141,49,48,186,51,18,165,183,319,286,244,82,211,9,226,289,98,172,143,248,280,264,104,104,236,201,224,157,193,,,108,73,,,188,171,39,275,194,277,134,263,188,209,114,20,12,17,74,87,203,34,60,285,147,176,142,,152,,,188,109,139,220,56,173,262,48,88,115,78,82,118,189,14,183,121,221,209,40,28,50,88,103,147,252,172,312,289,310,248,91,73,189,221,117,38,45,253,276,,,128,79,,,188,195,254,69,180,161,183,313,223,333,102,139,143,221,222,309,314,285,343,340,117,153,57,286,,58,,,b'\x11\xe8\xe1I\xc7d+\xc0\xaf\x82\x12\xdf\x17\xaeN\x1e'
11E8E149-C764-2BC0-AF82-12DF17AE4E1E,2022-ncaa-d1-conf-MEAC,ncaa,4,4,5,4,6,4,5,6,4,5,6,3,3,4,1,3,3,3,1,3,2,6,6,3,2,2,2,3,3,6,7,2,1,5,4,4,6,1,1,2,5,4,4,5,,,2,2,,,3,5,2,3,2,4,5,5,5,2,2,3,3,3,5,5,6,1,3,4,1,4,4,,2,,,3,2,5,5,4,5,6,4,3,3,5,3,2,2,2,2,2,3,1,5,3,3,1,3,2,2,1,7,7,3,4,1,1,6,6,5,1,2,3,5,,,5,3,,,3,4,3,3,4,4,5,6,5,6,3,3,2,2,2,6,4,3,8,5,4,5,2,5,,3,,,b'\x11\xe8\xe1I\xc7d+\xc0\xaf\x82\x12\xdf\x17\xaeN\x1e'
11E8E149-C764-2BC0-AF82-12DF17AE4E1E,2022-ncaa-d1-natl,ncaa,176,134,270,166,296,248,300,241,335,289,257,300,238,164,325,144,62,56,183,60,18,206,235,323,297,254,78,211,5,250,296,123,177,176,268,301,272,77,114,248,232,235,170,194,,,76,75,,,211,223,42,275,214,296,149,272,194,212,120,21,12,19,83,93,219,37,67,295,152,190,143,,155,,,212,88,112,179,66,155,245,55,76,92,85,78,102,158,16,152,120,177,162,45,35,64,85,101,151,227,177,299,296,296,268,72,74,234,233,135,33,45,246,286,,,146,75,,,211,144,267,87,204,172,194,317,234,335,105,141,148,229,229,316,314,290,346,343,132,176,58,289,,55,,,b'\x11\xe8\xe1I\xc7d+\xc0\xaf\x82\x12\xdf\x17\xaeN\x1e'
11E8E149-C764-2BC0-AF82-12DF17AE4E1E,2023-ncaa-d0-natl,ncaa,300,317,164,308,172,303,329,203,360,347,302,350,168,69,337,48,207,143,327,144,42,191,165,357,352,345,24,70,64,119,208,116,54,114,172,323,277,254,257,335,246,244,214,252,,,105,130,,,252,188,199,48,335,351,214,357,316,163,51,200,132,131,189,137,107,68,59,342,269,240,207,,116,,,249,51,71,133,87,147,256,54,33,26,172,16,104,138,63,135,95,127,138,58,55,51,49,55,190,75,54,317,208,256,172,79,134,182,151,98,174,186,220,309,,,192,205,,,252,162,341,42,251,57,87,136,166,295,31,26,122,160,160,124,131,79,337,286,86,166,188,235,,176,,,b'\x11\xe8\xe1I\xc7d+\xc0\xaf\x82\x12\xdf\x17\xaeN\x1e'
11E8E149-C764-2BC0-AF82-12DF17AE4E1E,2023-ncaa-d1-conf-MEAC,ncaa,6,5,5,6,6,6,7,6,8,8,8,8,2,1,5,1,6,6,5,5,1,6,6,8,8,7,1,1,3,5,5,4,1,4,4,7,3,4,6,6,6,4,3,3,,,3,4,,,6,5,3,4,6,7,5,8,8,2,1,5,6,5,5,5,5,1,1,7,7,6,3,,3,,,6,3,3,2,4,6,7,3,2,2,5,1,2,2,5,2,2,3,3,3,3,3,1,2,3,2,1,6,5,4,4,3,2,7,7,4,3,5,4,6,,,7,7,,,6,4,7,3,6,4,5,4,6,8,2,2,3,2,2,4,3,2,8,5,3,7,4,4,,7,,,b'\x11\xe8\xe1I\xc7d+\xc0\xaf\x82\x12\xdf\x17\xaeN\x1e'
11E8E149-C764-2BC0-AF82-12DF17AE4E1E,2023-ncaa-d1-natl,ncaa,312,316,219,318,228,329,350,262,360,355,326,353,188,79,341,49,225,163,325,165,39,249,226,358,355,350,24,71,58,141,213,149,59,138,180,339,284,230,266,337,269,255,232,257,,,79,133,,,279,251,206,45,339,353,230,358,317,167,56,199,131,131,206,144,110,74,65,344,271,253,211,,117,,,279,36,54,93,97,117,232,59,28,17,185,16,86,120,68,118,99,86,79,66,62,61,47,56,193,58,59,303,213,226,180,58,135,211,162,118,153,190,212,315,,,224,196,,,279,101,346,52,278,66,94,139,170,297,33,27,128,167,164,133,132,84,342,290,92,180,194,240,,177,,,b'\x11\xe8\xe1I\xc7d+\xc0\xaf\x82\x12\xdf\x17\xaeN\x1e'
11E8E149-C764-2BC0-AF82-12DF17AE4E1E,2024-ncaa-d0-natl,ncaa,225,228,196,234,241,306,322,250,348,333,289,333,220,141,325,102,223,127,358,122,46,228,233,335,343,331,69,121,75,129,171,256,286,209,262,315,265,194,232,315,153,126,279,300,,,33,45,,,244,261,270,263,333,349,267,349,290,212,123,217,104,105,246,217,117,259,201,337,221,133,283,,44,,,245,50,94,113,151,170,205,127,27,38,88,46,37,53,101,53,53,92,108,100,72,57,12,48,93,238,286,228,171,241,262,57,61,154,103,71,167,210,210,292,,,214,183,,,244,87,323,91,248,61,114,128,214,264,24,35,58,70,76,86,114,261,264,278,63,121,196,227,,200,,,b'\x11\xe8\xe1I\xc7d+\xc0\xaf\x82\x12\xdf\x17\xaeN\x1e'
11E8E149-C764-2BC0-AF82-12DF17AE4E1E,2024-ncaa-d1-conf-MEAC,ncaa,4,4,3,4,4,4,4,4,5,7,8,4,2,1,3,1,3,2,7,2,1,4,4,3,4,4,1,1,3,4,2,4,5,4,3,4,2,3,4,4,3,5,7,8,,,3,3,,,4,4,8,5,5,5,7,7,8,2,1,2,2,2,7,7,4,3,4,4,4,6,8,,3,,,4,4,5,4,4,5,7,5,2,3,5,2,2,2,3,2,1,4,3,4,4,4,1,2,3,4,5,5,2,4,3,2,1,4,5,5,3,4,5,6,,,3,3,,,4,4,4,4,4,3,5,5,5,7,1,2,2,2,2,3,2,4,1,3,2,7,4,4,,4,,,b'\x11\xe8\xe1I\xc7d+\xc0\xaf\x82\x12\xdf\x17\xaeN\x1e'
11E8E149-C764-2BC0-AF82-12DF17AE4E1E,2024-ncaa-d1-natl,ncaa,243,230,254,247,304,339,348,303,354,351,321,342,236,169,328,103,255,152,360,146,45,286,288,346,351,343,68,123,66,167,184,295,298,261,282,342,278,173,242,324,182,133,302,310,,,24,45,,,267,315,276,264,342,355,281,352,297,220,126,219,105,106,256,233,125,272,222,346,229,145,292,,45,,,265,24,69,66,171,151,169,145,20,25,102,46,29,37,108,38,56,46,55,115,94,75,12,50,94,217,298,192,184,202,282,43,65,187,115,87,148,219,194,298,,,248,177,,,267,39,334,114,274,72,124,130,229,271,27,33,66,76,79,89,110,271,276,286,74,138,203,234,,201,,,b'\x11\xe8\xe1I\xc7d+\xc0\xaf\x82\x12\xdf\x17\xaeN\x1e'
11E8E149-C764-2BC0-AF82-12DF17AE4E1E,2025-ncaa-d0-natl,genius_ncaa,122,147,54,138,57,130,126,71,260,174,125,252,87,50,211,95,234,176,332,177,213,76,78,235,269,229,107,77,274,66,153,99,209,74,213,114,111,188,116,134,62,76,277,307,,,208,117,,33,168,96,238,26,210,194,102,251,204,109,68,288,242,246,113,154,94,173,122,150,121,79,306,,118,,23,168,232,259,267,174,256,255,182,243,262,170,213,133,162,42,160,127,262,279,179,136,112,148,218,83,274,209,338,153,325,213,236,184,75,99,126,261,180,257,232,,,268,356,,245,168,270,208,128,167,130,165,169,159,153,184,188,78,109,110,134,179,222,308,284,171,102,192,214,,339,,280,b'\x11\xe8\xe1I\xc7d+\xc0\xaf\x82\x12\xdf\x17\xaeN\x1e'
11E8E149-C764-2BC0-AF82-12DF17AE4E1E,2025-ncaa-d1-conf-MEAC,genius_ncaa,3,3,3,3,4,4,3,3,5,6,6,4,2,1,3,1,8,8,8,8,7,4,5,3,5,3,1,1,7,4,4,5,3,4,4,3,1,2,2,2,5,4,6,7,,,3,3,,1,4,5,8,3,5,3,2,6,8,2,1,8,8,8,5,6,4,4,4,3,2,5,6,,3,,1,4,4,5,4,5,6,6,6,3,2,4,3,2,2,2,2,1,3,3,5,4,5,1,3,1,2,3,6,4,4,4,4,4,5,6,5,3,3,2,5,,,8,7,,6,4,4,3,5,4,4,4,4,4,5,2,2,2,2,2,3,1,3,7,4,4,6,3,3,,8,,6,b'\x11\xe8\xe1I\xc7d+\xc0\xaf\x82\x12\xdf\x17\xaeN\x1e'
11E8E149-C764-2BC0-AF82-12DF17AE4E1E,2025-ncaa-d1-natl,genius_ncaa,130,147,72,142,75,154,147,83,272,211,153,267,99,63,212,96,250,197,329,198,210,93,103,243,278,243,106,81,274,81,171,125,224,98,232,135,115,160,120,143,78,87,288,311,,,186,123,,26,184,121,241,24,222,208,106,258,209,114,70,291,243,248,136,163,107,186,134,158,126,89,311,,123,,22,183,205,239,245,194,237,234,192,234,243,188,213,117,145,41,142,127,234,261,194,153,132,147,222,81,264,224,332,171,316,232,224,188,88,108,140,238,187,242,243,,,292,355,,256,184,248,222,146,183,139,175,172,171,157,190,188,83,113,112,136,177,230,314,291,180,112,193,219,,336,,279,b'\x11\xe8\xe1I\xc7d+\xc0\xaf\x82\x12\xdf\x17\xaeN\x1e'
11E8E149-C764-2BC0-AF82-12DF17AE4E1E,2026-ncaa-d0-natl,genius_ncaa,295,346,49,327,73,214,225,156,334,205,97,348,260,260,240,306,102,76,273,84,131,144,62,337,331,350,164,270,37,124,244,100,279,116,279,202,132,363,357,351,155,278,192,270,,,312,127,,205,354,47,37,97,337,343,324,320,172,329,334,156,121,136,307,93,206,183,189,300,360,224,259,,223,,151,338,352,344,328,251,331,298,273,336,331,210,257,324,322,217,328,245,330,332,260,262,251,223,234,184,338,279,325,244,335,279,346,266,60,171,237,363,360,350,316,,,49,130,,7,354,322,350,264,330,317,299,308,279,234,307,318,273,267,272,312,336,303,271,309,310,105,361,326,,89,,19,b'\x11\xe8\xe1I\xc7d+\xc0\xaf\x82\x12\xdf\x17\xaeN\x1e'
11E8E149-C764-2BC0-AF82-12DF17AE4E1E,2026-ncaa-d1-natl,genius_ncaa,301,345,13,326,35,215,234,124,347,206,79,346,267,232,308,287,71,36,282,40,91,105,30,348,335,350,154,284,26,103,253,87,299,87,302,201,106,363,358,352,92,223,198,276,,,332,146,,178,350,17,39,100,340,352,321,323,190,333,313,122,89,100,290,96,207,228,216,308,359,163,263,,236,,116,341,356,354,340,274,342,316,297,337,333,220,241,332,333,182,339,261,347,354,285,288,259,206,219,179,345,299,344,253,351,302,346,247,38,141,221,363,361,347,324,,,17,88,,5,350,348,354,271,338,321,309,282,286,222,297,287,264,274,280,305,334,305,285,318,312,90,362,323,,63,,19,b'\x11\xe8\xe1I\xc7d+\xc0\xaf\x82\x12\xdf\x17\xaeN\x1e'
11E8E149-C768-566E-AF82-12DF17AE4E1E,2010-ncaa-d0-natl,ncaa,309,269,337,308,341,321,333,334,280,339,336,316,154,213,39,73,306,301,231,295,62,335,337,226,225,266,19,29,131,309,205,331,323,329,283,239,10,123,307,212,345,345,300,294,,,30,157,,,318,340,209,268,281,309,303,325,308,68,117,214,196,190,297,245,217,241,255,131,281,345,275,,167,,,323,80,120,54,298,193,98,305,41,41,126,95,90,101,101,101,160,49,14,274,252,328,42,69,129,172,323,14,205,35,283,218,280,342,336,340,209,311,250,337,,,310,99,,,318,7,269,338,324,311,327,300,333,313,128,155,221,231,234,307,223,317,159,259,328,323,302,322,,164,,,b'\x11\xe8\xe1I\xc7hVn\xaf\x82\x12\xdf\x17\xaeN\x1e'
11E8E149-C768-566E-AF82-12DF17AE4E1E,2010-ncaa-d1-conf-Ivy League,ncaa,7,7,1,7,4,5,5,6,6,8,7,8,2,2,2,2,6,5,8,5,3,6,5,5,5,5,1,1,4,5,4,5,8,7,6,5,2,8,8,5,8,8,8,8,,,6,7,,,7,6,6,4,5,5,6,8,7,2,2,6,5,5,6,5,5,5,7,5,8,8,8,,6,,,7,8,8,8,8,8,7,8,5,5,3,3,8,8,2,8,6,8,5,8,7,8,3,3,5,8,8,5,4,7,6,8,7,7,8,8,7,7,6,8,,,4,4,,,7,4,6,8,7,8,8,8,8,7,5,5,8,8,8,8,5,8,5,7,8,7,7,6,,4,,,b'\x11\xe8\xe1I\xc7hVn\xaf\x82\x12\xdf\x17\xaeN\x1e'
11E8E149-C768-566E-AF82-12DF17AE4E1E,2010-ncaa-d1-natl,ncaa,308,269,342,308,345,321,329,337,279,339,332,313,134,200,48,75,287,290,224,282,64,336,339,219,224,261,21,37,138,296,198,322,309,327,259,217,10,138,298,204,345,345,302,301,,,46,182,,,316,341,198,269,276,303,289,325,302,68,110,209,195,186,285,232,211,221,228,118,279,345,283,,198,,,321,91,147,67,293,218,109,307,38,59,94,97,108,126,71,120,177,61,13,263,243,326,41,63,128,167,309,15,198,38,259,240,274,341,337,339,211,303,262,336,,,304,112,,,316,9,260,336,321,312,325,296,330,307,113,154,222,254,248,306,223,311,163,254,327,321,292,321,,162,,,b'\x11\xe8\xe1I\xc7hVn\xaf\x82\x12\xdf\x17\xaeN\x1e'
11E8E149-C768-566E-AF82-12DF17AE4E1E,2011-ncaa-d0-natl,ncaa,323,301,329,325,332,340,336,339,300,335,331,290,292,284,285,154,335,337,196,337,289,340,340,294,304,309,195,156,216,324,270,332,267,335,287,284,22,58,294,232,331,288,282,211,,,24,211,,,313,339,314,250,335,327,322,307,279,260,230,322,330,328,333,320,285,292,315,213,219,301,247,,132,,,315,14,19,10,233,10,7,188,191,111,326,283,36,35,126,36,206,7,5,277,261,272,296,321,108,47,267,11,270,10,287,130,326,327,232,312,133,315,164,312,,,336,187,,,313,5,317,294,322,154,150,87,81,38,302,242,110,123,127,78,39,194,139,161,283,275,267,271,,294,,,b'\x11\xe8\xe1I\xc7hVn\xaf\x82\x12\xdf\x17\xaeN\x1e'
11E8E149-C768-566E-AF82-12DF17AE4E1E,2011-ncaa-d1-conf-Ivy League,ncaa,7,7,1,7,3,8,8,8,5,5,6,6,8,8,7,6,5,6,3,6,6,8,8,5,5,4,8,8,5,6,5,6,5,8,6,6,2,3,6,4,7,7,7,6,,,5,8,,,7,8,8,3,8,8,8,5,6,8,8,5,6,6,8,8,6,6,8,6,3,7,7,,5,,,7,5,4,4,8,3,2,7,7,5,6,5,5,6,3,6,8,5,1,8,8,8,6,6,5,4,5,3,5,4,6,6,8,7,7,7,3,5,5,5,,,6,3,,,7,1,6,7,7,5,4,4,3,2,7,5,5,6,6,5,1,4,3,4,6,7,3,5,,6,,,b'\x11\xe8\xe1I\xc7hVn\xaf\x82\x12\xdf\x17\xaeN\x1e'
11E8E149-C768-566E-AF82-12DF17AE4E1E,2011-ncaa-d1-natl,ncaa,317,301,321,318,334,338,334,336,298,329,321,290,283,271,278,153,332,336,193,335,284,337,337,293,304,310,189,154,210,311,267,318,259,330,278,263,21,94,295,230,330,299,266,220,,,31,180,,,314,337,309,252,333,322,319,306,279,251,227,321,330,320,330,316,278,274,305,208,224,305,249,,106,,,317,29,39,21,228,18,11,181,221,147,319,275,36,37,117,36,157,12,9,264,236,253,275,318,84,84,259,30,267,34,278,188,322,311,225,307,169,314,187,299,,,328,197,,,314,5,318,279,319,145,156,106,87,53,295,235,92,93,95,86,46,195,147,169,282,267,268,256,,294,,,b'\x11\xe8\xe1I\xc7hVn\xaf\x82\x12\xdf\x17\xaeN\x1e'
11E8E149-C768-566E-AF82-12DF17AE4E1E,2012-ncaa-d0-natl,ncaa,238,174,318,226,332,318,312,336,131,294,316,148,272,293,160,201,313,323,136,323,239,337,339,156,152,196,231,203,214,329,232,322,292,333,260,235,34,51,271,149,244,149,248,186,,,5,27,,,232,339,312,262,291,272,330,229,269,239,262,280,300,294,326,324,297,280,310,136,172,185,219,,18,,,235,19,36,25,191,17,11,167,250,191,303,317,4,7,76,7,40,9,8,235,191,201,256,332,12,122,292,6,232,17,260,151,308,300,184,279,87,269,68,205,,,309,79,,,232,6,225,238,233,131,179,152,88,57,324,294,13,18,17,95,70,256,54,129,266,238,197,145,,227,,,b'\x11\xe8\xe1I\xc7hVn\xaf\x82\x12\xdf\x17\xaeN\x1e'
11E8E149-C768-566E-AF82-12DF17AE4E1E,2012-ncaa-d1-conf-Ivy League,ncaa,5,5,1,5,6,7,7,8,2,3,6,3,8,8,7,8,7,6,6,6,3,8,8,3,4,5,8,8,3,8,6,8,8,8,7,5,2,6,6,6,3,3,5,5,,,2,2,,,6,8,8,6,7,7,8,3,6,8,8,7,6,6,8,8,8,8,8,5,6,3,5,,2,,,6,2,3,3,4,2,1,4,5,6,4,6,2,3,2,3,3,3,2,5,4,3,6,8,2,7,8,2,6,4,7,6,7,3,3,4,6,7,2,3,,,2,1,,,6,1,6,5,6,2,3,3,2,1,5,6,2,3,3,3,2,7,2,4,6,3,6,2,,2,,,b'\x11\xe8\xe1I\xc7hVn\xaf\x82\x12\xdf\x17\xaeN\x1e'
11E8E149-C768-566E-AF82-12DF17AE4E1E,2012-ncaa-d1-natl,ncaa,234,173,325,223,337,317,311,339,135,287,309,152,269,284,170,192,315,325,142,322,256,338,342,157,162,206,239,198,239,327,232,316,263,328,242,219,33,67,273,147,240,144,240,181,,,3,20,,,229,343,310,262,294,272,330,228,264,237,252,300,309,305,327,323,291,260,297,125,175,177,208,,14,,,233,18,41,30,183,16,12,144,263,203,308,313,2,4,64,4,25,10,5,218,170,195,249,330,9,116,263,7,232,17,242,165,306,298,192,281,99,268,66,181,,,309,96,,,229,2,235,222,231,113,169,158,84,62,319,289,10,12,11,92,66,234,57,124,263,248,200,131,,249,,,b'\x11\xe8\xe1I\xc7hVn\xaf\x82\x12\xdf\x17\xaeN\x1e'
11E8E149-C768-566E-AF82-12DF17AE4E1E,2013-ncaa-d0-natl,ncaa,212,145,327,200,329,320,324,335,222,305,315,204,262,254,251,174,238,258,145,252,92,330,340,231,214,203,166,195,81,315,269,338,271,335,291,224,25,29,166,114,271,205,309,284,,,5,30,,,223,339,296,43,267,280,293,244,264,233,210,151,174,161,283,297,273,297,314,133,105,220,289,,27,,,233,19,45,19,230,71,27,256,77,81,105,215,24,16,314,18,65,5,7,222,214,202,86,151,86,62,271,35,269,29,291,99,234,276,150,217,36,171,40,139,,,276,52,,,223,7,218,216,227,148,190,139,207,132,152,178,76,51,51,97,103,192,185,197,221,180,124,100,,159,,,b'\x11\xe8\xe1I\xc7hVn\xaf\x82\x12\xdf\x17\xaeN\x1e'
11E8E149-C768-566E-AF82-12DF17AE4E1E,2013-ncaa-d1-conf-Ivy League,ncaa,5,5,1,5,1,5,4,4,7,4,2,6,7,6,7,7,5,4,5,4,4,3,4,7,7,5,5,7,3,4,5,6,4,6,6,2,2,2,2,2,5,5,5,5,,,2,2,,,6,5,7,1,5,4,4,4,2,7,6,5,4,4,3,4,4,6,6,2,2,5,5,,2,,,6,6,6,4,6,7,7,7,3,4,5,3,1,2,3,2,3,4,5,6,6,6,2,3,1,3,4,7,5,7,6,7,6,5,4,7,3,3,8,7,,,2,2,,,6,5,5,6,5,6,6,4,7,7,3,4,1,2,2,4,5,3,7,7,7,5,3,8,,2,,,b'\x11\xe8\xe1I\xc7hVn\xaf\x82\x12\xdf\x17\xaeN\x1e'
11E8E149-C768-566E-AF82-12DF17AE4E1E,2013-ncaa-d1-natl,ncaa,201,145,327,194,327,308,313,334,216,293,305,192,259,240,271,157,240,253,141,249,102,330,340,230,215,196,169,195,89,304,262,336,266,335,287,195,21,29,161,96,255,183,312,296,,,4,22,,,220,340,290,42,260,268,279,233,261,222,194,158,186,174,275,293,267,299,308,104,96,203,293,,21,,,225,29,60,24,250,96,38,267,70,83,101,208,22,14,313,14,49,6,9,232,218,199,60,139,68,68,266,46,262,40,287,138,237,255,131,216,46,171,63,157,,,271,75,,,220,8,208,212,216,149,201,139,229,138,136,174,65,43,43,89,104,178,188,188,235,173,125,129,,184,,,b'\x11\xe8\xe1I\xc7hVn\xaf\x82\x12\xdf\x17\xaeN\x1e'
11E8E149-C768-566E-AF82-12DF17AE4E1E,2014-ncaa-d0-natl,ncaa,180,125,297,164,321,298,303,327,190,255,276,180,293,286,277,229,178,175,145,181,78,320,326,228,186,215,197,269,38,286,216,315,106,322,194,145,5,83,227,103,107,32,279,243,,,9,36,,,146,327,243,262,265,283,301,207,224,274,255,100,107,107,276,268,249,296,300,63,184,61,261,,21,,,144,14,35,14,238,38,16,197,109,57,311,187,9,6,336,6,35,6,15,242,239,118,126,238,52,9,106,40,216,16,194,114,280,129,23,96,153,275,150,237,,,196,26,,,146,22,230,82,141,58,116,37,118,75,173,100,35,15,15,16,55,37,147,76,212,53,246,228,,77,,,b'\x11\xe8\xe1I\xc7hVn\xaf\x82\x12\xdf\x17\xaeN\x1e'
11E8E149-C768-566E-AF82-12DF17AE4E1E,2014-ncaa-d1-conf-Ivy League,ncaa,5,5,1,5,2,5,4,4,3,3,3,3,8,8,7,8,2,2,6,2,4,4,4,5,5,5,7,8,3,4,4,4,2,5,4,2,1,4,5,2,3,3,5,5,,,2,2,,,5,3,3,2,5,4,4,3,3,8,8,2,2,2,4,4,4,4,5,2,4,3,5,,2,,,5,4,5,5,4,6,7,5,1,3,4,3,2,2,6,2,2,3,3,4,4,5,2,3,3,3,2,5,4,3,4,3,3,2,2,3,8,8,8,8,,,1,1,,,5,6,6,4,5,4,5,5,6,7,1,3,2,2,2,3,3,3,5,3,3,2,8,8,,1,,,b'\x11\xe8\xe1I\xc7hVn\xaf\x82\x12\xdf\x17\xaeN\x1e'
11E8E149-C768-566E-AF82-12DF17AE4E1E,2014-ncaa-d1-natl,ncaa,191,125,333,166,339,310,315,336,198,272,289,184,299,291,281,231,202,199,148,203,77,329,337,234,190,220,194,268,38,296,222,329,109,334,202,163,6,71,235,104,120,38,287,248,,,3,36,,,164,336,249,263,272,287,306,212,225,278,256,99,107,108,278,269,252,302,303,67,186,70,263,,21,,,162,8,22,6,245,27,11,201,103,50,314,189,7,5,336,5,35,1,7,253,247,125,126,237,53,4,109,26,222,10,202,105,280,147,25,100,140,282,143,242,,,220,26,,,164,12,234,91,158,62,123,38,123,75,178,96,37,15,15,17,54,38,148,76,216,57,246,230,,77,,,b'\x11\xe8\xe1I\xc7hVn\xaf\x82\x12\xdf\x17\xaeN\x1e'
11E8E149-C768-566E-AF82-12DF17AE4E1E,2015-ncaa-d0-natl,ncaa,162,103,283,151,289,304,284,302,207,194,182,213,323,322,305,304,282,268,257,265,273,304,318,261,265,236,317,310,178,279,236,251,26,282,133,139,16,31,123,67,166,87,326,300,,,19,104,,,162,323,290,49,282,236,244,121,88,319,310,251,232,221,241,283,242,161,214,75,90,115,320,,64,,,160,12,21,23,148,24,14,185,129,151,118,287,7,9,61,9,73,15,19,161,121,79,177,283,40,3,26,76,236,27,133,45,171,184,69,88,86,192,197,215,,,205,31,,,162,36,247,49,149,34,75,55,48,32,202,227,16,27,24,26,41,19,196,86,99,118,162,258,,92,,,b'\x11\xe8\xe1I\xc7hVn\xaf\x82\x12\xdf\x17\xaeN\x1e'
11E8E149-C768-566E-AF82-12DF17AE4E1E,2015-ncaa-d1-conf-Ivy League,ncaa,5,5,1,5,3,8,6,6,5,5,5,6,8,8,8,8,6,6,7,6,6,6,8,8,8,7,7,8,5,6,7,3,2,4,4,4,2,1,4,3,6,5,8,7,,,3,3,,,4,8,8,3,8,6,6,5,5,8,8,6,6,6,6,8,6,3,4,4,1,6,8,,3,,,4,3,3,2,3,2,1,3,6,5,4,7,2,3,1,2,3,2,1,3,3,3,5,7,2,2,2,5,7,4,4,3,4,4,3,3,4,5,6,5,,,4,4,,,4,2,7,2,4,3,3,2,2,1,6,5,2,3,2,2,1,2,5,4,3,4,4,6,,4,,,b'\x11\xe8\xe1I\xc7hVn\xaf\x82\x12\xdf\x17\xaeN\x1e'
11E8E149-C768-566E-AF82-12DF17AE4E1E,2015-ncaa-d1-natl,ncaa,180,103,335,161,335,326,306,329,215,217,209,220,330,325,306,303,293,287,257,280,272,331,340,266,269,243,318,311,173,297,247,291,29,311,142,162,17,21,130,68,185,94,331,303,,,10,107,,,175,347,293,44,286,246,253,127,93,320,311,254,232,223,252,286,247,166,222,78,90,125,322,,69,,,173,6,13,9,161,13,6,193,112,130,124,285,4,5,63,5,73,3,3,175,133,87,173,282,41,3,29,51,247,9,142,32,174,209,76,99,73,195,188,220,,,238,32,,,175,7,254,57,167,42,79,59,57,34,203,226,16,28,24,25,41,19,202,89,106,120,162,262,,94,,,b'\x11\xe8\xe1I\xc7hVn\xaf\x82\x12\xdf\x17\xaeN\x1e'
11E8E149-C768-566E-AF82-12DF17AE4E1E,2016-ncaa-d0-natl,ncaa,177,137,287,164,294,268,229,290,139,171,142,229,314,337,53,332,271,234,308,248,281,283,327,203,214,143,315,300,205,306,289,271,93,301,233,114,21,3,27,20,298,241,289,255,,,38,144,,,209,322,291,93,220,161,195,90,53,300,334,231,185,203,206,302,278,188,259,48,13,269,282,,93,,,211,66,57,36,190,22,19,159,265,201,324,312,70,38,345,35,139,25,18,254,254,283,323,333,121,18,93,125,289,60,233,117,236,321,250,269,16,74,177,156,,,241,77,,,209,25,170,264,222,187,161,124,64,51,310,288,133,79,75,97,42,67,252,167,196,295,48,235,,165,,,b'\x11\xe8\xe1I\xc7hVn\xaf\x82\x12\xdf\x17\xaeN\x1e'
11E8E149-C768-566E-AF82-12DF17AE4E1E,2016-ncaa-d1-conf-Ivy League,ncaa,5,5,1,5,1,6,4,6,3,2,1,5,8,8,3,8,4,2,8,2,6,4,6,6,8,4,8,8,3,6,6,5,4,5,6,3,1,2,2,2,8,8,7,7,,,3,3,,,5,6,6,1,6,4,6,2,1,8,8,4,2,2,4,6,6,5,5,3,2,8,7,,3,,,5,5,6,4,7,6,4,5,8,6,7,6,3,3,7,3,2,4,3,7,7,7,3,7,2,3,4,7,6,6,6,5,3,5,6,7,3,5,6,5,,,2,1,,,5,3,5,6,5,5,6,4,6,4,8,6,3,3,3,4,3,3,7,6,5,5,3,6,,2,,,b'\x11\xe8\xe1I\xc7hVn\xaf\x82\x12\xdf\x17\xaeN\x1e'
11E8E149-C768-566E-AF82-12DF17AE4E1E,2016-ncaa-d1-natl,ncaa,191,137,337,169,340,297,267,324,152,203,176,236,321,339,53,329,285,258,306,268,276,318,346,207,224,148,310,297,204,321,291,302,101,329,245,138,21,3,27,21,313,254,295,258,,,26,147,,,227,344,297,87,227,176,205,99,57,301,333,233,185,207,213,307,284,199,270,49,13,273,282,,96,,,229,39,40,15,205,12,8,171,255,184,327,310,53,29,345,26,143,9,3,262,267,296,323,330,119,13,101,92,291,39,245,104,234,333,261,276,10,77,164,161,,,267,73,,,227,5,174,273,241,195,172,122,74,54,315,284,139,85,80,104,43,69,256,175,203,301,53,239,,165,,,b'\x11\xe8\xe1I\xc7hVn\xaf\x82\x12\xdf\x17\xaeN\x1e'
11E8E149-C768-566E-AF82-12DF17AE4E1E,2017-ncaa-d0-natl,ncaa,150,75,321,118,326,294,278,324,153,239,216,264,277,332,21,309,260,247,223,243,220,319,338,185,182,174,244,233,142,257,158,316,95,317,142,202,64,15,125,95,223,116,243,179,,,19,152,,,128,337,307,89,216,209,238,154,88,244,320,179,156,148,226,268,185,245,232,124,98,154,211,,84,,,123,5,7,9,157,15,10,183,65,58,142,247,20,12,287,14,95,6,6,167,158,124,162,223,120,15,95,16,158,10,142,10,82,239,88,72,45,160,97,129,,,260,68,,,128,9,164,106,129,60,88,48,83,46,144,161,67,49,52,37,30,53,128,82,62,146,129,179,,131,,,b'\x11\xe8\xe1I\xc7hVn\xaf\x82\x12\xdf\x17\xaeN\x1e'
11E8E149-C768-566E-AF82-12DF17AE4E1E,2017-ncaa-d1-conf-Ivy League,ncaa,4,3,5,4,7,6,6,6,5,5,2,7,7,8,2,8,4,4,3,4,3,6,7,5,5,3,6,7,3,4,4,8,6,7,5,5,1,1,2,2,6,5,5,4,,,3,5,,,3,8,7,6,5,5,5,4,2,7,8,3,3,3,5,6,4,8,7,3,2,5,5,,3,,,3,2,2,1,4,2,1,5,4,3,7,5,2,2,4,2,3,1,1,5,6,5,6,6,3,3,6,1,4,2,5,2,4,4,3,1,2,3,4,5,,,3,2,,,3,1,4,5,3,3,4,2,3,3,5,3,2,2,2,2,2,5,3,4,4,4,3,5,,3,,,b'\x11\xe8\xe1I\xc7hVn\xaf\x82\x12\xdf\x17\xaeN\x1e'
11E8E149-C768-566E-AF82-12DF17AE4E1E,2017-ncaa-d1-natl,ncaa,157,75,343,119,345,318,303,342,163,268,250,269,286,336,24,308,283,272,222,265,224,339,348,192,187,187,239,233,144,283,170,335,97,336,153,225,64,11,128,101,247,121,256,186,,,14,157,,,141,348,310,89,224,220,245,163,94,248,321,193,165,158,233,275,196,255,244,137,99,168,215,,86,,,132,3,4,2,169,8,3,192,50,42,149,247,15,11,291,12,95,1,1,173,169,135,158,220,117,12,97,6,170,5,153,8,86,261,96,85,38,163,87,133,,,294,68,,,141,1,176,120,143,63,91,48,83,46,147,163,69,51,57,38,30,56,131,86,68,152,131,187,,134,,,b'\x11\xe8\xe1I\xc7hVn\xaf\x82\x12\xdf\x17\xaeN\x1e'
11E8E149-C768-566E-AF82-12DF17AE4E1E,2018-ncaa-d0-natl,ncaa,293,263,323,291,326,339,337,331,326,331,295,333,281,292,227,201,309,286,302,285,201,329,328,323,324,322,157,160,134,177,78,341,176,327,165,285,57,152,288,260,134,49,259,191,,,49,243,,,273,340,295,84,327,324,269,300,198,236,238,268,216,213,268,224,78,340,280,223,278,69,234,,174,,,284,26,34,6,328,40,8,328,85,60,242,248,37,25,291,22,194,5,9,326,329,244,167,203,141,7,176,30,78,9,165,90,238,175,35,115,179,291,255,317,,,283,143,,,273,11,310,199,288,135,150,25,151,21,173,129,135,100,92,22,42,29,142,80,190,71,278,321,,172,,,b'\x11\xe8\xe1I\xc7hVn\xaf\x82\x12\xdf\x17\xaeN\x1e'
11E8E149-C768-566E-AF82-12DF17AE4E1E,2018-ncaa-d1-conf-Ivy League,ncaa,6,6,5,6,7,8,8,8,8,8,7,8,8,8,7,8,5,3,8,3,2,7,6,8,8,8,8,7,2,4,4,8,8,8,5,8,5,8,8,8,3,1,8,7,,,6,8,,,8,8,7,4,8,8,8,8,4,8,8,4,2,2,7,6,3,8,8,8,8,2,8,,8,,,8,4,3,1,8,5,1,8,2,1,8,2,6,4,7,6,8,1,1,8,8,7,4,2,6,1,8,4,4,1,5,7,7,2,1,4,8,7,7,8,,,4,2,,,8,1,8,6,8,6,5,1,5,2,2,2,7,6,8,1,1,2,4,3,7,2,8,8,,2,,,b'\x11\xe8\xe1I\xc7hVn\xaf\x82\x12\xdf\x17\xaeN\x1e'
11E8E149-C768-566E-AF82-12DF17AE4E1E,2018-ncaa-d1-natl,ncaa,305,263,343,302,344,348,347,346,331,342,308,333,296,304,234,200,321,302,300,299,195,345,346,327,328,325,158,158,127,213,86,347,187,343,182,314,60,127,294,265,156,54,276,196,,,31,246,,,284,348,300,82,332,330,278,306,206,240,237,270,219,215,278,234,81,341,289,238,279,80,240,,182,,,298,8,15,2,331,25,4,334,70,46,254,242,23,18,292,18,199,1,2,332,335,256,164,199,142,3,187,14,86,2,182,69,240,201,39,125,159,298,244,319,,,302,141,,,284,2,311,219,298,143,161,24,162,22,177,128,142,105,98,21,41,36,145,83,198,77,282,324,,174,,,b'\x11\xe8\xe1I\xc7hVn\xaf\x82\x12\xdf\x17\xaeN\x1e'
11E8E149-C768-566E-AF82-12DF17AE4E1E,2019-ncaa-d0-natl,ncaa,220,138,335,201,345,333,319,335,237,242,229,229,348,345,338,325,294,306,190,298,281,336,336,293,293,293,337,340,121,227,76,322,195,307,117,245,45,138,287,209,136,37,301,238,,,25,148,,,190,344,224,347,293,254,252,113,68,346,332,221,218,206,252,188,103,216,153,131,275,46,269,,130,,,193,2,3,7,68,3,2,130,85,143,39,324,21,23,132,21,198,3,5,82,79,41,286,291,158,40,195,5,76,4,117,59,328,203,46,107,77,242,195,230,,,277,94,,,190,7,277,41,192,47,41,76,25,19,210,290,89,98,90,53,126,178,89,108,200,59,237,285,,108,,,b'\x11\xe8\xe1I\xc7hVn\xaf\x82\x12\xdf\x17\xaeN\x1e'
11E8E149-C768-566E-AF82-12DF17AE4E1E,2019-ncaa-d1-conf-Ivy League,ncaa,4,6,3,6,4,7,7,5,8,3,2,8,8,8,8,8,2,3,6,2,6,4,4,8,8,8,8,8,1,4,3,6,5,5,5,4,1,8,8,8,2,2,5,5,,,4,3,,,7,5,6,5,8,8,8,4,1,8,8,2,2,2,7,5,3,6,5,6,8,2,5,,2,,,7,2,4,3,4,1,2,5,7,7,6,8,1,1,1,1,3,2,4,6,5,2,7,8,3,3,5,3,3,3,5,7,8,2,2,5,8,6,8,6,,,1,1,,,7,4,8,3,7,3,2,2,2,1,7,6,1,2,1,2,2,4,4,3,7,2,6,8,,1,,,b'\x11\xe8\xe1I\xc7hVn\xaf\x82\x12\xdf\x17\xaeN\x1e'
11E8E149-C768-566E-AF82-12DF17AE4E1E,2019-ncaa-d1-natl,ncaa,232,137,349,209,350,347,340,350,247,278,265,250,348,345,339,328,313,316,184,310,280,351,350,300,296,299,336,339,114,259,86,343,207,330,134,276,49,101,295,219,171,44,312,239,,,12,148,,,205,351,232,347,299,269,260,127,71,345,332,225,227,214,260,200,113,226,167,141,276,52,273,,131,,,207,1,1,1,77,2,1,145,64,112,46,323,14,17,135,16,199,1,1,94,86,52,285,290,163,29,207,2,86,2,134,51,327,240,55,123,62,249,183,236,,,300,90,,,205,1,281,56,206,52,51,76,28,19,210,292,93,99,91,60,124,180,91,113,209,69,240,292,,112,,,b'\x11\xe8\xe1I\xc7hVn\xaf\x82\x12\xdf\x17\xaeN\x1e'
11E8E149-C768-566E-AF82-12DF17AE4E1E,2020-ncaa-d0-natl,ncaa,259,195,336,246,339,307,268,334,94,182,201,154,324,340,107,323,304,307,236,308,300,337,324,147,167,244,326,313,247,96,3,337,141,287,22,118,21,239,323,171,163,68,278,200,,,160,333,,,174,343,260,91,217,155,236,70,51,307,328,256,237,236,242,126,25,294,128,41,321,95,250,,297,,,174,21,19,3,256,10,1,263,216,134,309,325,34,53,37,47,267,4,6,299,280,183,324,333,121,14,141,2,3,1,22,161,333,168,37,157,212,292,176,189,,,258,118,,,174,9,187,152,173,113,112,30,42,9,304,265,94,137,133,29,72,54,5,7,272,65,295,260,,105,,,b'\x11\xe8\xe1I\xc7hVn\xaf\x82\x12\xdf\x17\xaeN\x1e'
11E8E149-C768-566E-AF82-12DF17AE4E1E,2020-ncaa-d1-conf-Ivy League,ncaa,7,7,1,7,1,6,6,6,5,3,1,6,8,8,4,8,3,5,2,5,6,4,2,7,6,7,8,8,1,3,2,8,5,6,4,3,1,8,8,6,2,2,8,7,,,8,8,,,6,4,5,1,6,6,6,3,1,8,8,3,5,5,4,2,3,8,6,3,8,2,8,,8,,,6,7,5,2,8,5,1,8,8,5,8,7,7,7,2,7,8,2,3,8,8,8,8,7,6,2,5,1,2,2,4,8,7,2,2,4,8,8,7,6,,,1,2,,,6,4,6,7,6,7,5,2,5,1,8,5,7,7,7,2,3,2,1,2,8,2,8,7,,1,,,b'\x11\xe8\xe1I\xc7hVn\xaf\x82\x12\xdf\x17\xaeN\x1e'
11E8E149-C768-566E-AF82-12DF17AE4E1E,2020-ncaa-d1-natl,ncaa,276,195,351,257,351,328,306,348,97,211,239,166,329,340,115,323,312,313,238,315,296,346,343,159,177,251,326,312,241,120,3,345,150,317,23,137,21,221,328,176,190,72,290,205,,,139,333,,,189,351,262,86,229,164,246,72,55,306,329,259,235,235,250,133,26,299,138,45,325,107,255,,300,,,189,13,12,1,267,8,1,270,204,118,312,323,30,47,43,42,272,2,1,305,294,198,322,333,118,10,150,1,3,1,23,146,333,202,39,174,195,292,165,198,,,279,112,,,189,2,198,169,188,125,119,32,46,9,308,266,96,139,136,34,73,56,5,8,275,74,295,269,,108,,,b'\x11\xe8\xe1I\xc7hVn\xaf\x82\x12\xdf\x17\xaeN\x1e'
11E8E149-C768-566E-AF82-12DF17AE4E1E,2022-ncaa-d0-natl,ncaa,282,210,337,269,341,352,352,350,345,344,320,341,334,316,339,233,314,283,336,281,133,346,341,349,349,347,216,253,74,175,46,348,296,314,162,298,18,168,330,285,308,211,192,41,,,34,251,,,289,350,298,164,345,349,301,321,209,306,263,244,160,156,287,183,39,297,158,211,320,220,123,,214,,,304,11,9,10,106,2,1,95,272,210,309,354,29,18,208,18,258,6,6,211,198,159,354,354,128,75,296,6,46,14,162,99,344,274,86,202,201,339,92,227,,,195,5,,,289,8,339,181,307,131,77,90,9,9,346,340,113,107,101,78,105,248,136,184,274,115,331,226,,14,,,b'\x11\xe8\xe1I\xc7hVn\xaf\x82\x12\xdf\x17\xaeN\x1e'
11E8E149-C768-566E-AF82-12DF17AE4E1E,2022-ncaa-d1-conf-Ivy League,ncaa,6,6,5,6,5,7,8,8,7,7,6,8,8,8,7,7,4,4,6,4,3,6,6,7,7,7,5,8,1,5,2,8,7,7,5,5,2,6,6,6,7,5,4,3,,,6,7,,,6,7,7,1,7,8,8,7,4,8,8,3,3,3,5,6,4,8,7,5,7,5,4,,7,,,6,4,3,1,4,1,1,4,7,7,6,8,6,6,7,6,8,2,2,6,6,6,8,7,6,5,7,1,2,3,5,6,8,5,4,6,7,8,6,6,,,1,1,,,6,2,7,6,6,5,4,3,2,1,7,7,7,7,7,3,4,6,3,4,6,5,8,7,,1,,,b'\x11\xe8\xe1I\xc7hVn\xaf\x82\x12\xdf\x17\xaeN\x1e'
11E8E149-C768-566E-AF82-12DF17AE4E1E,2022-ncaa-d1-natl,ncaa,283,209,343,267,346,351,352,351,341,349,327,340,322,318,315,227,320,290,337,287,156,351,343,342,341,347,205,232,102,178,51,351,307,327,180,288,16,178,330,279,300,195,202,58,,,33,238,,,290,352,300,167,343,344,308,319,216,288,259,259,183,178,294,191,47,325,194,199,321,205,133,,207,,,305,9,8,6,125,3,1,107,278,213,319,353,29,22,171,23,261,3,4,222,215,155,354,354,118,75,307,4,51,9,180,119,344,257,72,196,206,339,96,227,,,213,7,,,290,4,338,194,306,122,78,82,9,9,348,336,103,100,98,61,99,248,112,176,275,102,328,223,,22,,,b'\x11\xe8\xe1I\xc7hVn\xaf\x82\x12\xdf\x17\xaeN\x1e'
11E8E149-C768-566E-AF82-12DF17AE4E1E,2023-ncaa-d0-natl,ncaa,281,203,345,270,345,346,335,330,304,268,256,248,353,322,357,255,314,308,250,310,284,335,334,327,334,336,341,333,144,196,101,352,78,332,143,270,69,160,292,247,159,38,361,356,,,60,250,,,270,344,170,95,308,271,162,160,103,345,258,242,218,220,187,114,87,329,256,178,312,55,359,,201,,,281,16,19,4,320,11,1,330,171,97,333,325,27,47,22,49,294,5,8,340,327,197,303,328,96,2,78,22,101,1,143,142,331,145,19,122,169,280,84,141,,,254,76,,,270,17,326,130,285,150,148,25,79,9,302,245,102,162,166,22,88,9,176,61,287,29,295,189,,80,,,b'\x11\xe8\xe1I\xc7hVn\xaf\x82\x12\xdf\x17\xaeN\x1e'
11E8E149-C768-566E-AF82-12DF17AE4E1E,2023-ncaa-d1-conf-Ivy League,ncaa,7,7,5,7,5,7,6,5,6,4,4,6,8,8,8,7,4,7,1,7,8,6,6,7,7,7,8,8,2,5,4,8,3,7,5,6,5,3,5,5,6,5,8,8,,,5,7,,,7,7,4,3,7,6,4,4,2,8,7,3,6,6,5,3,4,8,7,6,5,6,8,,6,,,7,4,3,1,8,2,1,8,7,5,8,7,5,6,2,6,8,1,1,8,8,8,8,8,6,1,3,4,4,1,5,6,8,5,2,5,5,6,1,2,,,5,3,,,7,2,7,6,7,6,6,2,3,1,8,7,6,7,7,2,2,1,6,2,7,5,6,2,,3,,,b'\x11\xe8\xe1I\xc7hVn\xaf\x82\x12\xdf\x17\xaeN\x1e'
11E8E149-C768-566E-AF82-12DF17AE4E1E,2023-ncaa-d1-natl,ncaa,288,203,354,272,355,348,340,341,303,271,252,245,355,317,356,267,306,304,236,307,279,336,337,326,328,331,338,333,137,198,94,354,70,341,138,264,67,166,291,244,141,32,360,354,,,73,275,,,264,347,162,95,301,269,164,150,98,344,264,225,204,210,182,104,84,329,252,165,309,54,358,,231,,,278,16,15,2,316,8,1,320,174,102,325,321,38,67,27,65,303,2,5,334,325,199,308,322,146,1,70,14,94,1,138,133,328,140,20,103,180,281,107,149,,,250,80,,,264,13,322,120,280,146,129,24,71,8,296,232,133,192,191,22,97,8,173,60,273,35,296,212,,76,,,b'\x11\xe8\xe1I\xc7hVn\xaf\x82\x12\xdf\x17\xaeN\x1e'
11E8E149-C768-566E-AF82-12DF17AE4E1E,2024-ncaa-d0-natl,ncaa,307,251,347,302,354,353,347,351,290,263,200,309,358,359,350,355,291,294,208,285,296,352,354,333,329,322,357,357,71,315,247,345,260,349,287,336,253,53,231,281,334,279,359,356,,,106,317,,,309,353,211,263,324,301,262,137,50,358,357,195,192,183,256,246,229,285,292,306,206,285,357,,292,,,323,35,45,13,293,58,24,306,69,59,206,189,93,96,155,98,251,12,10,283,280,289,157,150,206,63,260,38,247,31,287,156,311,310,184,281,93,263,130,163,,,256,35,,,309,9,324,289,327,234,237,148,246,137,186,174,222,231,232,167,156,205,244,235,306,194,246,258,,70,,,b'\x11\xe8\xe1I\xc7hVn\xaf\x82\x12\xdf\x17\xaeN\x1e'
11E8E149-C768-566E-AF82-12DF17AE4E1E,2024-ncaa-d1-conf-Ivy League,ncaa,7,7,5,7,6,7,7,6,7,6,2,7,8,8,8,8,4,3,5,3,5,5,5,8,8,7,7,8,1,6,7,8,5,7,6,7,7,4,5,7,6,6,8,8,,,6,8,,,7,5,1,3,7,7,5,5,1,8,8,3,3,3,4,2,6,7,7,7,5,6,8,,8,,,7,7,4,2,8,3,1,7,8,5,7,7,7,7,4,7,7,2,3,8,8,7,7,6,7,2,5,8,7,7,6,8,8,3,2,7,6,6,7,7,,,2,1,,,7,4,7,6,7,8,6,3,4,3,8,7,8,8,8,4,7,4,8,7,8,2,7,7,,1,,,b'\x11\xe8\xe1I\xc7hVn\xaf\x82\x12\xdf\x17\xaeN\x1e'
11E8E149-C768-566E-AF82-12DF17AE4E1E,2024-ncaa-d1-natl,ncaa,322,253,360,313,360,358,357,358,309,308,240,324,361,362,351,357,310,309,205,302,300,358,359,344,342,333,358,359,56,327,261,359,269,358,301,352,261,37,241,293,350,293,361,358,,,75,321,,,323,359,220,264,334,318,275,156,53,361,359,198,196,188,269,256,247,298,304,317,210,293,359,,299,,,336,17,23,3,301,43,6,315,53,38,218,189,81,83,162,86,259,4,3,296,294,310,154,149,206,39,269,15,261,13,301,132,314,341,195,293,73,266,115,174,,,299,33,,,323,4,336,306,338,252,253,153,256,140,193,174,226,234,238,175,155,212,248,242,309,205,253,261,,72,,,b'\x11\xe8\xe1I\xc7hVn\xaf\x82\x12\xdf\x17\xaeN\x1e'
11E8E149-C768-566E-AF82-12DF17AE4E1E,2025-ncaa-d0-natl,genius_ncaa,312,279,335,312,344,355,342,358,208,284,285,209,355,353,331,324,352,358,186,358,358,359,360,262,282,290,358,334,277,346,277,311,184,341,201,259,49,50,281,177,360,351,341,322,,,6,62,,59,272,361,359,163,349,317,350,196,170,353,349,345,349,349,360,358,322,221,300,192,158,359,331,,31,,116,279,8,11,23,107,9,7,114,164,139,211,322,6,10,29,11,89,12,4,136,102,174,268,327,35,53,184,5,277,7,201,67,277,357,300,311,52,250,39,106,,,349,160,,194,272,2,313,197,288,64,87,117,50,49,275,272,24,34,38,70,17,170,53,85,184,345,149,108,,309,,141,b'\x11\xe8\xe1I\xc7hVn\xaf\x82\x12\xdf\x17\xaeN\x1e'
11E8E149-C768-566E-AF82-12DF17AE4E1E,2025-ncaa-d1-conf-Ivy League,genius_ncaa,6,6,5,6,5,7,6,8,4,5,6,4,8,8,6,8,7,8,6,8,7,8,8,6,6,6,8,8,4,8,6,5,5,6,4,5,2,6,8,5,8,8,7,7,,,2,2,,3,6,8,8,1,7,6,8,5,5,8,8,7,8,8,8,8,8,2,6,5,6,8,7,,2,,3,6,2,3,2,3,1,1,3,8,6,7,7,3,5,1,5,6,2,1,3,3,4,8,8,4,5,5,2,6,3,4,4,8,8,8,8,5,7,6,6,,,6,2,,3,6,1,7,4,6,4,4,5,3,4,8,7,3,5,5,4,3,6,3,4,6,8,6,6,,5,,1,b'\x11\xe8\xe1I\xc7hVn\xaf\x82\x12\xdf\x17\xaeN\x1e'
11E8E149-C768-566E-AF82-12DF17AE4E1E,2025-ncaa-d1-natl,genius_ncaa,319,279,355,319,355,359,353,361,217,303,307,214,356,353,333,325,352,358,190,358,357,362,362,276,293,301,358,335,277,350,286,336,194,353,216,288,51,39,290,188,362,353,345,322,,,5,65,,50,287,361,359,159,352,332,351,214,177,354,350,344,349,349,361,358,322,230,308,201,160,359,333,,31,,120,297,2,6,9,116,6,4,124,147,111,217,321,6,8,32,8,91,4,2,151,118,195,269,327,34,40,194,3,286,4,216,54,280,362,309,324,44,258,36,114,,,354,149,,197,287,2,321,213,303,69,100,117,56,51,277,275,25,35,37,77,17,171,53,88,194,346,152,111,,309,,138,b'\x11\xe8\xe1I\xc7hVn\xaf\x82\x12\xdf\x17\xaeN\x1e'
11E8E149-C768-566E-AF82-12DF17AE4E1E,2026-ncaa-d0-natl,genius_ncaa,163,295,9,237,10,163,156,126,241,136,123,225,186,145,278,196,186,162,257,166,258,139,128,253,267,256,241,205,224,131,192,150,192,139,200,115,78,260,199,167,158,196,354,361,,,190,117,,263,266,129,363,78,341,323,350,294,300,297,280,314,308,316,356,362,260,344,348,232,88,286,363,,25,,154,245,293,312,268,281,265,191,295,342,325,275,338,70,53,249,45,27,237,228,306,280,274,209,334,15,199,192,260,192,247,200,323,288,143,178,277,105,65,197,151,,,95,113,,57,266,232,245,258,254,75,120,18,77,9,271,222,10,7,7,1,1,46,60,35,211,301,21,98,,271,,137,b'\x11\xe8\xe1I\xc7hVn\xaf\x82\x12\xdf\x17\xaeN\x1e'
11E8E149-C768-566E-AF82-12DF17AE4E1E,2026-ncaa-d1-natl,genius_ncaa,203,294,13,268,18,241,227,194,273,206,177,256,249,199,290,191,246,223,262,226,262,208,192,284,294,277,227,201,204,193,231,232,210,214,237,170,78,205,219,194,226,240,359,362,,,139,128,,246,299,191,363,73,357,346,357,323,318,312,289,326,323,328,360,363,291,354,358,266,92,315,363,,27,,160,288,255,292,210,312,225,139,323,334,310,301,337,47,31,258,24,28,182,164,330,315,309,207,338,13,153,210,218,231,197,237,312,293,211,217,307,70,67,173,176,,,130,97,,76,299,169,275,302,300,98,161,23,97,9,288,231,10,6,6,2,1,52,62,38,240,315,21,110,,267,,130,b'\x11\xe8\xe1I\xc7hVn\xaf\x82\x12\xdf\x17\xaeN\x1e'
11E8E149-C76C-A1E2-AF82-12DF17AE4E1E,2010-ncaa-d0-natl,ncaa,72,62,81,75,106,111,147,135,168,235,257,171,24,28,66,31,120,111,158,110,37,135,177,95,96,62,21,25,175,149,182,93,15,105,71,158,193,36,43,76,238,230,77,87,,,121,165,,,71,182,295,229,127,191,201,289,310,23,35,142,139,141,194,278,179,108,140,186,23,267,84,,75,,,69,116,137,167,122,189,254,74,70,41,242,39,165,138,285,137,96,159,126,104,117,168,101,81,206,32,15,234,182,141,71,112,128,275,276,226,70,92,100,160,,,128,89,,,71,162,55,117,64,58,71,78,133,210,51,28,137,103,105,60,18,12,180,67,78,316,62,81,,181,,,b'\x11\xe8\xe1I\xc7l\xa1\xe2\xaf\x82\x12\xdf\x17\xaeN\x1e'
11E8E149-C76C-A1E2-AF82-12DF17AE4E1E,2010-ncaa-d1-conf-MVC,ncaa,2,2,1,2,1,4,6,5,7,7,10,6,2,2,6,1,3,2,6,2,1,3,5,5,4,4,1,2,3,2,3,2,2,1,3,6,8,2,2,5,8,8,2,2,,,3,5,,,2,7,10,7,5,7,10,8,10,2,2,5,2,2,7,10,3,3,3,8,1,8,2,,3,,,2,2,2,7,3,4,10,3,1,1,3,1,4,4,9,5,3,6,2,2,2,1,2,4,6,3,2,5,3,6,3,3,5,9,9,7,4,4,1,1,,,2,2,,,2,4,4,1,2,1,1,2,3,6,1,1,4,3,3,1,1,2,4,4,2,9,4,1,,5,,,b'\x11\xe8\xe1I\xc7l\xa1\xe2\xaf\x82\x12\xdf\x17\xaeN\x1e'
11E8E149-C76C-A1E2-AF82-12DF17AE4E1E,2010-ncaa-d1-natl,ncaa,74,62,91,77,115,118,155,150,171,251,275,176,26,31,63,32,127,123,159,121,35,147,197,95,98,66,18,25,169,162,188,101,18,116,75,171,193,24,44,79,251,234,83,90,,,106,161,,,74,204,298,228,130,198,205,294,311,24,37,142,140,143,195,281,182,113,144,193,23,272,86,,75,,,72,97,119,152,125,179,246,79,58,31,244,37,158,128,285,127,98,140,109,109,122,176,103,80,205,26,18,221,188,119,75,102,127,292,278,230,58,92,96,165,,,141,87,,,74,138,57,127,69,58,74,80,134,211,53,26,136,104,106,61,18,13,184,71,83,316,63,83,,179,,,b'\x11\xe8\xe1I\xc7l\xa1\xe2\xaf\x82\x12\xdf\x17\xaeN\x1e'
11E8E149-C76C-A1E2-AF82-12DF17AE4E1E,2011-ncaa-d0-natl,ncaa,123,111,119,123,142,167,160,167,153,208,270,101,70,41,171,30,272,276,181,276,207,185,234,110,132,106,93,46,299,234,262,197,15,223,139,94,47,37,66,38,213,169,73,67,,,123,223,,,124,240,298,192,184,176,201,238,295,63,32,289,296,295,243,302,262,231,273,81,34,221,65,,111,,,122,100,124,68,245,221,198,234,21,20,129,15,173,133,321,132,134,67,71,197,214,205,30,15,227,7,15,203,262,76,139,92,106,223,160,159,82,115,108,174,,,246,216,,,124,106,116,151,118,90,113,32,208,185,12,9,164,128,128,28,21,4,179,58,89,251,75,98,,288,,,b'\x11\xe8\xe1I\xc7l\xa1\xe2\xaf\x82\x12\xdf\x17\xaeN\x1e'
11E8E149-C76C-A1E2-AF82-12DF17AE4E1E,2011-ncaa-d1-conf-MVC,ncaa,3,2,6,3,7,8,8,7,5,7,9,3,3,3,6,1,9,9,6,9,7,9,10,2,4,4,5,2,10,8,5,5,2,6,4,3,2,1,4,2,7,6,4,4,,,2,6,,,3,10,10,2,7,5,4,7,8,3,1,9,9,9,9,10,6,5,6,2,2,7,3,,3,,,2,2,2,1,5,2,6,3,2,1,4,1,3,3,7,3,4,1,1,4,3,2,2,3,6,1,2,2,5,2,4,2,3,7,6,4,3,5,1,1,,,9,9,,,3,1,3,2,2,2,3,2,5,8,3,1,4,4,4,1,1,1,3,2,2,7,5,1,,9,,,b'\x11\xe8\xe1I\xc7l\xa1\xe2\xaf\x82\x12\xdf\x17\xaeN\x1e'
11E8E149-C76C-A1E2-AF82-12DF17AE4E1E,2011-ncaa-d1-natl,ncaa,128,110,132,126,163,188,181,193,158,226,291,105,73,49,172,30,278,289,178,291,209,211,267,117,134,110,89,46,299,256,263,221,16,239,147,106,48,23,70,39,227,178,75,70,,,106,226,,,132,267,298,190,191,181,204,244,297,62,34,288,298,297,249,303,267,233,273,85,35,229,68,,110,,,130,78,112,51,252,207,175,241,16,14,130,15,165,123,322,123,131,49,48,199,221,214,28,12,226,2,16,186,263,55,147,80,104,247,167,168,72,118,97,181,,,268,213,,,132,76,122,158,126,93,117,31,212,189,12,9,167,129,130,27,21,5,184,59,94,255,76,102,,290,,,b'\x11\xe8\xe1I\xc7l\xa1\xe2\xaf\x82\x12\xdf\x17\xaeN\x1e'
11E8E149-C76C-A1E2-AF82-12DF17AE4E1E,2012-ncaa-d0-natl,ncaa,87,107,48,100,68,114,108,120,100,167,231,82,40,38,84,39,266,295,80,296,275,156,169,67,85,85,80,40,320,265,308,90,19,170,157,73,75,122,130,68,141,136,128,141,,,168,173,,,107,130,290,230,191,169,238,242,304,59,63,307,322,323,283,316,320,180,282,95,60,194,149,,78,,,111,154,171,170,192,221,228,206,61,67,75,67,171,135,276,139,105,160,166,156,165,155,48,49,186,33,19,274,308,165,157,142,138,150,143,139,178,184,282,309,,,226,254,,,107,213,124,102,107,58,90,38,148,117,33,40,116,88,88,28,23,9,161,55,85,226,122,239,,314,,,b'\x11\xe8\xe1I\xc7l\xa1\xe2\xaf\x82\x12\xdf\x17\xaeN\x1e'
11E8E149-C76C-A1E2-AF82-12DF17AE4E1E,2012-ncaa-d1-conf-MVC,ncaa,2,3,2,3,2,5,6,4,4,6,6,3,1,2,5,2,8,8,5,8,7,5,5,4,5,3,4,3,8,7,9,2,2,4,4,2,1,4,5,1,5,5,2,2,,,4,5,,,3,5,9,5,7,5,6,6,8,3,2,9,9,9,6,9,8,5,7,2,3,7,3,,4,,,3,2,2,6,1,5,9,1,3,3,2,2,4,4,10,4,4,6,6,1,1,2,3,3,4,2,2,9,9,6,4,4,8,5,4,4,4,4,4,7,,,7,7,,,3,7,6,1,3,1,1,2,2,6,3,2,3,3,3,2,2,2,6,3,2,6,2,3,,9,,,b'\x11\xe8\xe1I\xc7l\xa1\xe2\xaf\x82\x12\xdf\x17\xaeN\x1e'
11E8E149-C76C-A1E2-AF82-12DF17AE4E1E,2012-ncaa-d1-natl,ncaa,90,107,55,101,76,136,126,144,106,184,257,83,44,47,83,39,279,303,80,305,274,185,198,71,86,89,78,38,319,288,311,108,21,199,162,78,79,105,133,70,159,140,133,143,,,147,177,,,112,158,292,227,196,177,245,252,304,62,62,309,324,325,285,316,322,185,287,105,60,198,154,,81,,,118,136,159,141,200,212,209,208,54,59,82,67,160,122,278,125,107,130,135,165,173,166,47,50,189,25,21,262,311,145,162,128,140,168,150,146,160,188,274,311,,,251,255,,,112,182,130,113,111,62,96,37,154,119,33,40,117,86,88,27,21,9,166,56,91,237,123,246,,313,,,b'\x11\xe8\xe1I\xc7l\xa1\xe2\xaf\x82\x12\xdf\x17\xaeN\x1e'
11E8E149-C76C-A1E2-AF82-12DF17AE4E1E,2012-ncaa-d1-ncaatournament,ncaa,33,2,33,33,34,38,41,57,12,42,57,5,34,41,22,8,42,49,1,49,31,58,63,8,7,6,14,15,36,64,64,52,16,62,58,31,7,9,41,10,33,7,50,54,,,12,35,,,23,43,33,5,26,29,55,36,56,10,10,33,46,45,57,62,64,49,62,6,23,9,46,,29,,,26,11,6,4,57,23,20,44,1,1,57,1,26,24,44,23,50,4,5,51,53,49,16,2,57,7,16,12,64,8,58,5,8,41,11,9,20,51,12,42,,,55,50,,,23,11,26,37,30,34,21,5,50,36,2,1,54,53,52,5,5,8,32,15,7,17,45,24,,53,,,b'\x11\xe8\xe1I\xc7l\xa1\xe2\xaf\x82\x12\xdf\x17\xaeN\x1e'
11E8E149-C76C-A1E2-AF82-12DF17AE4E1E,2013-ncaa-d0-natl,ncaa,30,28,41,33,41,66,70,97,72,235,318,41,5,5,22,5,291,326,28,324,221,140,161,12,23,25,11,2,341,283,300,95,72,172,192,17,8,102,100,18,187,211,121,150,,,185,157,,,58,115,292,15,91,102,191,302,335,2,4,322,339,339,262,299,317,178,284,15,56,231,159,,113,,,58,207,207,219,168,238,258,138,116,107,191,74,233,171,321,168,113,217,208,141,166,185,106,95,216,114,72,248,300,195,192,204,192,173,189,192,200,197,19,93,,,283,319,,,58,219,43,143,63,94,106,78,149,171,77,52,166,112,109,72,56,56,139,89,139,239,142,12,,335,,,b'\x11\xe8\xe1I\xc7l\xa1\xe2\xaf\x82\x12\xdf\x17\xaeN\x1e'
11E8E149-C76C-A1E2-AF82-12DF17AE4E1E,2013-ncaa-d1-conf-MVC,ncaa,2,2,3,2,3,3,4,7,2,8,9,2,1,1,1,1,10,10,3,10,6,8,9,1,1,1,1,1,10,8,8,3,3,6,6,1,1,3,4,1,8,8,3,3,,,4,3,,,1,8,9,2,4,5,6,8,10,1,1,10,10,10,9,8,8,5,7,1,3,8,3,,3,,,1,2,2,2,1,3,6,1,1,1,5,2,5,4,6,4,4,3,3,1,2,2,6,3,7,3,3,5,8,4,6,3,5,7,5,3,4,7,1,3,,,10,9,,,1,3,1,3,1,2,2,3,4,4,1,1,5,5,5,3,2,3,3,4,4,7,4,1,,10,,,b'\x11\xe8\xe1I\xc7l\xa1\xe2\xaf\x82\x12\xdf\x17\xaeN\x1e'
11E8E149-C76C-A1E2-AF82-12DF17AE4E1E,2013-ncaa-d1-natl,ncaa,32,28,49,33,49,74,81,112,73,254,327,41,5,6,21,5,302,329,28,327,218,155,186,13,24,26,11,2,341,291,301,106,74,195,198,18,8,88,104,18,198,217,126,153,,,170,162,,,64,140,295,15,94,105,193,304,335,2,5,322,339,339,266,299,320,186,290,15,58,237,160,,118,,,65,188,190,208,172,229,245,143,108,91,192,74,218,162,320,158,116,202,189,144,171,191,106,93,217,98,74,231,301,181,198,198,194,185,195,200,191,200,15,96,,,296,319,,,64,198,45,153,71,99,110,79,155,177,79,51,169,114,111,73,54,56,141,91,141,243,143,14,,336,,,b'\x11\xe8\xe1I\xc7l\xa1\xe2\xaf\x82\x12\xdf\x17\xaeN\x1e'
11E8E149-C76C-A1E2-AF82-12DF17AE4E1E,2013-ncaa-d1-ncaatournament,ncaa,17,2,17,17,19,28,31,27,42,33,33,28,13,10,45,3,25,31,3,31,21,28,26,38,35,42,8,13,26,18,7,27,32,23,12,24,3,48,59,39,33,51,57,62,,,44,48,,,37,30,55,7,37,46,49,56,60,14,3,33,44,45,51,41,18,38,31,19,52,50,62,,41,,,33,36,32,34,23,37,36,23,30,36,32,33,51,47,50,47,50,36,36,22,32,37,48,29,58,39,32,32,7,34,12,39,45,25,32,36,52,61,35,51,,,30,50,,,37,35,33,36,35,18,6,10,14,13,24,29,50,43,41,11,9,23,7,7,20,39,59,27,,48,,,b'\x11\xe8\xe1I\xc7l\xa1\xe2\xaf\x82\x12\xdf\x17\xaeN\x1e'
11E8E149-C76C-A1E2-AF82-12DF17AE4E1E,2014-ncaa-d0-natl,ncaa,89,125,28,112,28,106,99,75,165,212,262,75,20,14,152,14,277,302,126,304,256,111,145,89,114,79,48,15,340,211,286,52,2,100,106,38,26,57,42,28,306,323,58,73,,,241,279,,,110,120,327,75,202,196,205,294,324,31,31,328,334,335,274,319,282,117,216,60,18,339,79,,126,,,111,196,217,185,231,294,275,233,27,48,48,27,235,264,93,265,195,208,173,168,167,225,29,17,238,7,2,305,286,192,106,163,115,262,281,246,140,143,205,279,,,220,271,,,110,235,98,137,107,55,77,25,204,150,12,17,161,179,177,25,9,1,213,46,75,330,77,137,,330,,,b'\x11\xe8\xe1I\xc7l\xa1\xe2\xaf\x82\x12\xdf\x17\xaeN\x1e'
11E8E149-C76C-A1E2-AF82-12DF17AE4E1E,2014-ncaa-d1-conf-Big East,ncaa,3,3,3,3,3,4,4,5,4,7,8,3,2,2,3,2,8,7,4,7,6,6,7,2,2,3,2,2,9,6,6,4,2,6,3,2,2,3,4,3,10,10,4,5,,,6,9,,,3,7,9,1,3,3,5,8,8,1,2,8,8,8,7,7,6,3,6,3,3,10,4,,5,,,3,4,4,2,5,8,8,5,1,2,2,1,7,8,6,8,7,3,2,5,4,6,1,1,10,2,2,4,6,2,3,3,4,9,8,5,3,5,3,7,,,7,5,,,3,4,2,3,2,3,3,2,7,7,1,2,7,8,8,3,2,2,4,2,3,9,5,4,,7,,,b'\x11\xe8\xe1I\xc7l\xa1\xe2\xaf\x82\x12\xdf\x17\xaeN\x1e'
11E8E149-C76C-A1E2-AF82-12DF17AE4E1E,2014-ncaa-d1-natl,ncaa,93,125,33,117,34,126,115,90,170,230,279,77,25,16,154,14,287,311,127,312,255,135,171,90,117,83,48,14,339,227,288,59,2,115,110,42,27,43,44,28,313,324,65,76,,,222,278,,,117,149,328,76,209,201,210,298,324,31,32,329,334,335,276,321,283,123,228,64,19,341,81,,125,,,118,179,200,164,238,286,259,243,21,36,48,29,222,252,95,255,194,185,139,175,173,235,27,17,235,2,2,299,288,170,110,146,115,283,284,254,127,143,196,286,,,241,269,,,117,210,102,145,113,58,85,25,210,152,12,17,164,180,180,25,9,1,218,48,77,330,76,142,,330,,,b'\x11\xe8\xe1I\xc7l\xa1\xe2\xaf\x82\x12\xdf\x17\xaeN\x1e'
11E8E149-C76C-A1E2-AF82-12DF17AE4E1E,2015-ncaa-d0-natl,ncaa,133,131,113,138,141,93,79,80,121,176,181,170,21,45,18,57,273,314,32,308,315,118,197,75,91,33,63,26,333,155,180,193,35,171,115,58,71,10,11,8,282,275,131,151,,,89,130,,,132,212,279,199,78,62,57,198,216,22,46,299,332,327,113,264,176,222,203,43,9,299,133,,80,,,134,248,277,159,330,279,243,251,207,56,349,49,112,107,173,111,80,136,99,330,322,338,84,181,77,20,35,210,180,109,115,311,287,286,281,331,50,62,265,267,,,308,328,,,132,139,29,306,128,233,276,115,283,240,209,40,103,98,100,88,30,14,194,78,312,305,43,262,,340,,,b'\x11\xe8\xe1I\xc7l\xa1\xe2\xaf\x82\x12\xdf\x17\xaeN\x1e'
11E8E149-C76C-A1E2-AF82-12DF17AE4E1E,2015-ncaa-d1-conf-Big East,ncaa,5,4,7,5,9,6,5,7,5,7,7,6,4,4,3,3,8,9,1,9,6,6,8,5,4,4,3,3,8,5,3,9,1,6,1,3,3,2,4,3,10,8,7,8,,,3,8,,,4,10,9,8,3,3,4,7,7,3,3,7,9,9,5,6,3,6,5,3,4,9,7,,5,,,4,3,3,1,8,6,5,6,3,2,10,2,3,4,2,4,6,1,1,8,7,8,5,5,3,1,1,3,3,1,1,5,9,8,6,9,4,4,7,9,,,9,7,,,4,1,2,6,4,4,5,3,7,6,4,2,4,5,5,3,2,1,4,2,7,8,4,7,,9,,,b'\x11\xe8\xe1I\xc7l\xa1\xe2\xaf\x82\x12\xdf\x17\xaeN\x1e'
11E8E149-C76C-A1E2-AF82-12DF17AE4E1E,2015-ncaa-d1-natl,ncaa,142,130,143,148,178,117,94,98,129,198,208,183,27,56,19,57,286,323,29,320,319,145,246,80,99,36,61,24,332,180,190,220,36,205,127,66,73,6,11,9,300,285,139,153,,,65,134,,,147,256,281,194,86,68,57,212,215,23,47,300,333,328,123,267,179,228,214,49,9,304,139,,82,,,147,227,265,122,335,266,215,258,194,45,349,49,96,90,172,95,81,97,57,333,326,340,84,179,77,14,36,189,190,83,127,304,287,305,287,333,36,64,251,274,,,326,328,,,147,100,31,312,144,248,282,116,290,244,210,39,104,102,104,91,30,14,200,78,314,309,45,263,,341,,,b'\x11\xe8\xe1I\xc7l\xa1\xe2\xaf\x82\x12\xdf\x17\xaeN\x1e'
11E8E149-C76C-A1E2-AF82-12DF17AE4E1E,2016-ncaa-d0-natl,ncaa,136,228,12,172,20,64,59,61,77,140,171,110,16,28,21,37,211,290,6,292,304,87,116,38,46,27,40,17,327,246,293,36,34,95,132,18,25,48,35,14,311,334,176,244,,,209,159,,,115,89,325,257,137,138,232,258,311,23,62,301,336,336,289,335,315,133,268,44,11,343,240,,68,,,121,300,314,302,221,322,317,215,189,189,170,97,186,179,176,194,89,302,247,198,180,280,65,109,92,108,34,303,293,259,132,286,165,311,341,334,77,63,210,216,,,275,332,,,115,267,45,251,113,129,180,117,223,189,91,73,81,75,89,93,15,19,123,54,164,345,27,123,,347,,,b'\x11\xe8\xe1I\xc7l\xa1\xe2\xaf\x82\x12\xdf\x17\xaeN\x1e'
11E8E149-C76C-A1E2-AF82-12DF17AE4E1E,2016-ncaa-d1-conf-Big East,ncaa,5,7,1,5,1,4,5,4,5,6,8,5,3,3,2,3,5,6,2,7,7,5,5,4,3,5,2,2,7,7,7,1,3,1,5,2,2,7,6,3,10,10,8,9,,,8,7,,,5,3,9,10,6,6,8,8,9,3,3,6,7,7,10,9,9,3,6,3,3,10,9,,4,,,5,6,8,10,4,9,10,6,3,6,2,2,6,5,5,6,4,10,8,4,3,6,3,3,6,5,3,10,7,9,5,6,4,8,9,8,6,7,5,6,,,5,6,,,5,8,5,5,5,3,4,5,5,7,2,2,4,3,4,4,2,3,3,3,4,9,5,5,,9,,,b'\x11\xe8\xe1I\xc7l\xa1\xe2\xaf\x82\x12\xdf\x17\xaeN\x1e'
11E8E149-C76C-A1E2-AF82-12DF17AE4E1E,2016-ncaa-d1-natl,ncaa,153,227,12,183,24,77,72,72,84,168,204,119,17,33,20,36,240,304,5,305,305,114,157,41,46,28,37,18,325,265,296,43,35,112,145,22,25,28,37,16,326,334,196,250,,,181,164,,,130,113,325,257,150,152,238,265,315,27,63,301,336,336,294,337,320,143,278,46,11,346,246,,70,,,137,282,310,291,232,318,308,226,179,173,178,92,169,164,186,178,91,291,218,205,188,291,62,105,91,86,35,290,296,235,145,277,164,326,341,336,62,64,205,226,,,302,330,,,130,243,48,259,124,140,191,118,231,192,97,71,86,80,93,101,15,21,123,56,169,347,28,130,,347,,,b'\x11\xe8\xe1I\xc7l\xa1\xe2\xaf\x82\x12\xdf\x17\xaeN\x1e'
11E8E149-C76C-A1E2-AF82-12DF17AE4E1E,2017-ncaa-d0-natl,ncaa,31,28,74,32,88,103,110,129,101,188,253,94,34,40,60,33,223,279,47,283,243,160,223,66,69,45,51,26,292,254,279,49,16,105,91,40,14,9,26,10,339,339,41,48,,,53,76,,,48,193,333,132,137,142,211,243,306,37,49,274,312,315,244,331,293,36,140,30,8,343,40,,30,,,52,76,139,207,83,210,272,78,31,53,41,40,76,111,36,109,69,191,99,50,26,139,26,40,126,45,16,230,279,153,91,107,136,345,343,310,42,66,116,175,,,262,271,,,48,131,50,111,54,34,86,103,169,239,21,29,59,83,84,74,12,30,153,81,86,347,34,91,,327,,,b'\x11\xe8\xe1I\xc7l\xa1\xe2\xaf\x82\x12\xdf\x17\xaeN\x1e'
11E8E149-C76C-A1E2-AF82-12DF17AE4E1E,2017-ncaa-d1-conf-Big East,ncaa,2,1,3,2,4,3,3,4,3,5,8,3,4,3,4,2,7,8,2,8,5,5,7,3,3,3,2,2,7,6,6,3,3,3,3,3,1,3,4,1,10,10,1,3,,,2,4,,,3,8,8,5,4,4,5,6,9,3,3,7,8,8,6,8,6,1,4,2,2,10,1,,2,,,2,2,2,5,1,5,8,1,2,2,2,2,4,5,1,5,5,5,3,1,1,3,2,2,7,4,3,3,6,3,3,3,4,10,10,6,5,6,5,7,,,6,2,,,3,3,3,3,3,1,2,3,4,8,1,2,4,5,5,5,1,4,3,3,3,10,5,5,,6,,,b'\x11\xe8\xe1I\xc7l\xa1\xe2\xaf\x82\x12\xdf\x17\xaeN\x1e'
11E8E149-C76C-A1E2-AF82-12DF17AE4E1E,2017-ncaa-d1-natl,ncaa,43,28,98,35,112,130,135,162,114,221,283,98,41,52,64,34,255,298,49,299,247,195,274,69,74,48,48,26,292,279,283,55,18,139,97,47,15,6,26,11,344,340,43,51,,,32,78,,,63,254,334,127,146,155,216,249,308,41,50,279,313,317,259,332,298,39,151,33,8,346,40,,30,,,63,51,105,170,89,188,257,88,22,36,42,39,59,92,37,90,71,145,42,54,31,153,24,38,125,35,18,202,283,111,97,90,135,348,344,313,37,68,106,183,,,297,267,,,63,74,59,125,62,38,88,105,173,242,20,29,63,86,88,75,10,30,157,83,88,347,36,98,,328,,,b'\x11\xe8\xe1I\xc7l\xa1\xe2\xaf\x82\x12\xdf\x17\xaeN\x1e'
11E8E149-C76C-A1E2-AF82-12DF17AE4E1E,2017-ncaa-d1-ncaatournament,ncaa,17,2,17,17,18,28,25,26,29,25,24,36,19,26,25,36,27,27,42,27,37,29,32,25,30,17,37,33,38,30,45,21,27,24,31,28,53,24,9,19,29,41,19,28,,,40,37,,,13,31,57,6,34,28,47,29,31,31,39,33,34,40,48,61,50,12,26,47,4,41,16,,30,,,11,32,37,39,7,43,47,10,13,29,9,11,22,29,6,29,7,38,36,6,4,4,9,15,16,43,27,45,45,45,31,33,26,33,49,35,17,15,38,34,,,27,24,,,13,34,19,7,11,5,16,33,37,53,5,11,7,15,11,29,16,40,37,35,19,52,8,32,,37,,,b'\x11\xe8\xe1I\xc7l\xa1\xe2\xaf\x82\x12\xdf\x17\xaeN\x1e'
11E8E149-C76C-A1E2-AF82-12DF17AE4E1E,2018-ncaa-d0-natl,ncaa,99,112,73,110,48,76,91,136,66,202,269,84,24,35,13,33,184,258,15,254,168,154,208,31,29,28,24,18,289,310,316,84,84,171,213,31,7,25,42,11,341,344,103,174,,,129,126,,,126,158,332,1,76,105,203,263,315,16,41,232,292,287,237,320,329,103,255,15,22,344,117,,85,,,129,281,302,285,239,320,312,218,106,108,146,56,183,119,340,107,38,274,175,181,199,316,29,51,111,152,84,239,316,217,213,282,182,338,341,345,76,94,59,120,,,191,148,,,126,184,42,305,125,215,267,259,307,313,82,78,157,88,85,218,61,107,189,149,238,342,64,44,,245,,,b'\x11\xe8\xe1I\xc7l\xa1\xe2\xaf\x82\x12\xdf\x17\xaeN\x1e'
11E8E149-C76C-A1E2-AF82-12DF17AE4E1E,2018-ncaa-d1-conf-Big East,ncaa,3,4,3,4,3,3,4,5,3,7,8,4,3,3,3,4,5,7,1,7,5,6,6,3,2,4,4,3,6,7,7,2,2,5,5,3,2,3,5,3,9,9,3,4,,,4,4,,,5,6,9,1,3,4,6,7,7,3,4,5,7,7,7,8,7,2,6,2,3,9,3,,4,,,5,4,7,8,5,8,9,4,2,3,2,1,4,4,8,3,2,8,5,3,3,7,2,1,5,3,2,6,7,5,5,6,6,9,9,10,4,5,5,8,,,4,3,,,5,5,4,7,5,4,6,8,8,9,1,2,5,3,2,7,3,5,6,5,6,9,4,5,,6,,,b'\x11\xe8\xe1I\xc7l\xa1\xe2\xaf\x82\x12\xdf\x17\xaeN\x1e'
11E8E149-C76C-A1E2-AF82-12DF17AE4E1E,2018-ncaa-d1-natl,ncaa,106,111,97,114,61,87,109,169,67,236,289,95,24,38,12,34,212,274,14,270,164,191,260,33,30,30,24,18,287,322,319,101,88,215,222,35,7,18,43,14,342,344,118,183,,,101,129,,,146,201,333,1,83,117,211,271,321,17,45,233,296,292,249,323,331,115,267,17,22,345,122,,88,,,147,270,294,277,254,317,310,230,90,81,153,55,167,94,340,84,37,257,123,192,214,324,27,47,110,130,88,214,319,187,222,272,183,341,342,346,64,101,50,126,,,221,149,,,146,140,44,314,146,226,272,261,310,314,83,75,162,93,87,221,59,113,193,154,244,342,64,45,,244,,,b'\x11\xe8\xe1I\xc7l\xa1\xe2\xaf\x82\x12\xdf\x17\xaeN\x1e'
11E8E149-C76C-A1E2-AF82-12DF17AE4E1E,2018-ncaa-d1-ncaatournament,ncaa,17,2,17,17,18,25,28,31,34,30,30,40,16,16,16,9,20,22,27,22,6,31,32,18,17,20,7,7,27,27,42,29,51,29,46,18,6,41,31,22,52,61,21,32,,,44,43,,,45,30,49,7,28,37,54,51,56,7,11,21,24,21,51,53,47,46,50,12,27,61,19,,38,,,33,44,43,41,41,43,43,40,35,37,33,24,49,45,52,45,37,41,38,34,37,41,28,23,44,47,51,36,42,42,46,45,35,26,35,40,45,42,42,49,,,20,5,,,45,35,25,46,36,38,36,23,42,37,24,21,44,39,39,25,23,46,30,35,36,34,35,38,,11,,,b'\x11\xe8\xe1I\xc7l\xa1\xe2\xaf\x82\x12\xdf\x17\xaeN\x1e'
11E8E149-C76C-A1E2-AF82-12DF17AE4E1E,2019-ncaa-d0-natl,ncaa,163,180,114,177,124,150,161,246,73,307,348,39,21,22,42,4,269,323,16,324,135,273,296,27,28,49,4,5,317,336,337,94,55,226,204,61,7,83,174,46,347,349,69,93,,,134,203,,,198,240,318,53,150,183,312,331,349,14,17,305,334,333,333,338,342,73,280,40,87,349,74,,117,,,196,234,261,238,227,273,230,238,182,197,155,171,116,102,231,107,82,221,100,221,204,318,87,150,86,72,55,148,337,115,204,255,201,348,350,351,171,236,42,219,,,261,175,,,198,113,92,304,196,210,253,231,262,238,167,177,111,100,102,205,40,73,135,89,246,350,152,46,,293,,,b'\x11\xe8\xe1I\xc7l\xa1\xe2\xaf\x82\x12\xdf\x17\xaeN\x1e'
11E8E149-C76C-A1E2-AF82-12DF17AE4E1E,2019-ncaa-d1-conf-Big East,ncaa,5,6,5,6,5,7,8,10,4,9,9,4,4,4,4,3,8,8,3,8,3,9,8,3,4,5,1,2,7,9,7,2,3,5,4,3,1,8,9,5,10,10,2,5,,,5,5,,,7,7,9,5,6,8,10,9,9,3,4,8,8,8,10,9,9,2,6,5,7,10,2,,4,,,7,4,6,7,5,9,10,4,2,3,3,3,4,4,4,4,2,7,4,2,2,5,2,3,3,6,3,4,7,3,4,6,5,10,10,10,8,8,3,8,,,6,3,,,7,4,5,6,7,4,7,9,9,10,2,3,3,5,5,8,3,7,4,4,8,10,7,3,,7,,,b'\x11\xe8\xe1I\xc7l\xa1\xe2\xaf\x82\x12\xdf\x17\xaeN\x1e'
11E8E149-C76C-A1E2-AF82-12DF17AE4E1E,2019-ncaa-d1-natl,ncaa,182,180,155,191,167,191,205,290,82,323,349,46,23,30,41,4,292,332,16,333,135,310,331,33,31,49,4,4,316,345,338,122,56,278,219,78,8,62,178,54,350,349,81,97,,,114,206,,,211,292,319,46,165,204,318,335,349,15,17,309,336,335,335,339,344,84,295,47,91,349,76,,118,,,212,202,238,206,245,251,201,254,162,169,166,171,99,85,243,88,83,182,50,239,225,328,81,144,85,53,56,109,338,76,219,236,208,349,350,351,140,244,36,227,,,284,170,,,211,61,97,318,212,223,258,236,271,244,173,176,117,102,105,204,38,74,142,93,253,350,158,46,,292,,,b'\x11\xe8\xe1I\xc7l\xa1\xe2\xaf\x82\x12\xdf\x17\xaeN\x1e'
11E8E149-C76C-A1E2-AF82-12DF17AE4E1E,2020-ncaa-d0-natl,ncaa,81,81,87,86,166,119,175,194,158,320,331,147,10,11,48,5,177,269,13,269,92,213,282,72,60,34,4,5,221,283,291,231,138,268,259,58,20,7,19,10,295,272,144,161,,,144,241,,,118,275,325,269,129,199,235,335,341,10,10,186,286,289,254,335,294,273,314,52,7,303,156,,137,,,120,165,207,118,287,251,205,256,101,65,270,65,129,112,239,117,117,104,65,264,255,291,69,97,137,74,138,235,291,170,259,214,197,286,254,286,3,10,248,330,,,100,22,,,118,74,41,277,117,134,183,71,227,175,92,49,127,107,116,53,18,66,206,149,205,302,4,227,,124,,,b'\x11\xe8\xe1I\xc7l\xa1\xe2\xaf\x82\x12\xdf\x17\xaeN\x1e'
11E8E149-C76C-A1E2-AF82-12DF17AE4E1E,2020-ncaa-d1-conf-Big East,ncaa,6,3,7,6,9,5,5,8,5,10,10,5,2,3,1,2,7,8,1,8,3,9,10,2,1,2,1,1,6,9,8,10,7,10,9,5,3,2,3,2,7,6,8,9,,,2,9,,,5,10,9,5,5,5,7,9,9,2,3,7,8,8,8,10,9,10,10,4,2,6,7,,3,,,5,3,3,1,9,8,6,6,2,1,10,2,3,2,5,3,2,1,1,7,7,9,4,4,4,2,7,2,8,2,9,2,3,8,5,6,2,3,6,9,,,5,1,,,5,1,2,8,5,4,6,2,8,6,3,1,3,2,3,1,1,5,3,3,5,7,2,7,,4,,,b'\x11\xe8\xe1I\xc7l\xa1\xe2\xaf\x82\x12\xdf\x17\xaeN\x1e'
11E8E149-C76C-A1E2-AF82-12DF17AE4E1E,2020-ncaa-d1-natl,ncaa,92,81,128,94,232,153,205,236,170,330,339,158,12,14,51,5,198,283,13,285,91,257,317,78,63,36,4,6,215,305,298,268,145,304,271,66,20,4,19,11,307,279,150,162,,,124,247,,,132,315,328,269,140,209,245,337,342,10,10,191,287,290,261,336,301,277,322,58,7,306,157,,143,,,131,135,185,78,299,235,179,264,89,47,281,62,117,100,242,108,119,69,34,278,263,296,65,89,136,59,145,203,298,147,271,202,200,305,265,297,2,11,237,333,,,133,19,,,132,38,42,285,128,145,191,70,237,177,94,46,131,108,119,56,17,70,214,154,210,306,4,233,,127,,,b'\x11\xe8\xe1I\xc7l\xa1\xe2\xaf\x82\x12\xdf\x17\xaeN\x1e'
11E8E149-C76C-A1E2-AF82-12DF17AE4E1E,2021-ncaa-d0-natl,ncaa,174,202,157,194,168,193,188,183,214,257,255,237,45,59,59,21,249,286,13,288,277,201,210,130,134,145,20,8,292,253,301,154,33,193,191,126,48,137,170,108,258,273,195,234,,,106,107,,,203,196,275,142,223,225,219,316,322,26,32,294,329,329,275,307,301,141,250,120,119,291,209,,54,,,195,154,189,162,251,238,217,237,92,88,128,56,121,99,300,106,47,154,128,206,204,259,22,47,91,74,33,206,301,144,191,200,185,260,285,300,164,206,314,334,,,243,268,,,203,148,170,217,198,149,210,147,274,248,55,56,91,60,64,103,32,21,237,115,208,312,160,316,,310,,,b'\x11\xe8\xe1I\xc7l\xa1\xe2\xaf\x82\x12\xdf\x17\xaeN\x1e'
11E8E149-C76C-A1E2-AF82-12DF17AE4E1E,2021-ncaa-d1-conf-Big East,ncaa,6,6,8,6,9,8,8,9,8,10,10,8,6,6,2,1,8,10,2,10,5,9,9,6,6,6,2,1,8,9,10,7,3,9,5,7,4,4,6,6,9,10,9,10,,,2,7,,,6,10,9,5,6,7,7,10,10,3,3,8,11,11,7,10,10,4,7,6,6,10,9,,4,,,6,3,5,2,7,5,4,6,1,2,3,1,3,3,5,5,5,2,2,4,4,5,1,1,7,2,3,4,10,2,5,2,1,9,9,6,6,7,8,10,,,9,5,,,6,3,6,4,6,4,5,3,6,8,1,1,6,6,7,4,1,1,7,3,3,10,6,9,,8,,,b'\x11\xe8\xe1I\xc7l\xa1\xe2\xaf\x82\x12\xdf\x17\xaeN\x1e'
11E8E149-C76C-A1E2-AF82-12DF17AE4E1E,2021-ncaa-d1-natl,ncaa,184,201,182,198,193,204,208,206,223,274,265,246,50,66,62,19,263,294,13,296,278,223,227,132,137,146,20,8,292,267,304,171,35,213,196,142,45,121,178,110,268,278,205,234,,,94,108,,,217,216,277,142,229,233,224,323,325,27,33,296,329,329,280,311,303,150,260,125,116,295,213,,54,,,208,145,175,143,258,232,204,244,89,84,126,55,111,91,301,95,46,137,113,219,212,272,22,48,88,64,35,190,304,131,196,190,187,272,287,307,157,211,313,334,,,255,266,,,217,129,173,230,211,154,221,150,278,250,55,55,94,60,66,106,32,21,237,120,213,314,164,315,,312,,,b'\x11\xe8\xe1I\xc7l\xa1\xe2\xaf\x82\x12\xdf\x17\xaeN\x1e'
11E8E149-C76C-A1E2-AF82-12DF17AE4E1E,2022-ncaa-d0-natl,ncaa,43,67,27,65,30,22,22,36,15,85,211,10,5,5,10,8,260,278,110,277,273,64,78,3,4,6,28,7,354,144,197,67,32,78,88,1,1,95,37,1,138,201,166,224,,,266,173,,,35,65,250,142,23,19,86,182,327,3,8,321,339,340,167,254,248,148,199,1,22,227,206,,122,,,40,312,321,301,256,329,309,209,244,187,299,96,206,157,331,151,48,294,268,237,244,271,83,135,91,83,32,262,197,197,88,305,180,184,266,284,75,34,293,311,,,174,304,,,35,293,9,225,37,182,223,153,244,228,147,76,102,69,62,122,63,18,90,35,206,293,27,226,,315,,,b'\x11\xe8\xe1I\xc7l\xa1\xe2\xaf\x82\x12\xdf\x17\xaeN\x1e'
11E8E149-C76C-A1E2-AF82-12DF17AE4E1E,2022-ncaa-d1-conf-Big East,ncaa,3,3,4,3,6,2,3,4,2,7,10,2,1,1,2,1,10,10,6,10,7,6,9,2,2,2,1,1,11,6,4,7,3,7,3,1,1,3,3,1,4,3,9,10,,,8,10,,,2,9,8,3,3,3,3,7,10,1,1,10,10,10,5,9,6,6,5,1,4,4,9,,8,,,2,2,3,3,4,5,6,3,3,2,8,3,5,4,9,4,7,3,3,5,6,4,6,5,8,1,3,3,4,3,3,4,5,6,4,4,2,3,5,7,,,9,9,,,2,3,3,3,2,4,4,3,5,5,3,2,7,4,4,3,3,2,2,2,4,5,2,5,,10,,,b'\x11\xe8\xe1I\xc7l\xa1\xe2\xaf\x82\x12\xdf\x17\xaeN\x1e'
11E8E149-C76C-A1E2-AF82-12DF17AE4E1E,2022-ncaa-d1-natl,ncaa,48,67,32,68,38,26,24,48,17,110,248,10,5,5,10,8,278,293,112,294,274,81,101,3,4,6,26,8,354,172,212,80,35,98,94,1,1,71,40,1,168,217,177,237,,,244,181,,,44,86,256,137,25,24,97,194,331,3,10,321,342,342,178,267,253,166,214,1,25,237,210,,127,,,48,305,318,292,272,319,300,223,223,159,306,93,186,130,331,125,48,282,250,257,258,290,80,137,90,64,35,241,212,161,94,298,182,223,275,294,63,35,287,319,,,203,300,,,44,275,9,246,44,194,237,155,254,230,151,74,105,72,67,127,64,18,91,38,220,298,27,233,,314,,,b'\x11\xe8\xe1I\xc7l\xa1\xe2\xaf\x82\x12\xdf\x17\xaeN\x1e'
11E8E149-C76C-A1E2-AF82-12DF17AE4E1E,2022-ncaa-d1-ncaatournament,ncaa,5,2,5,5,6,6,8,6,22,12,9,24,2,4,15,9,13,14,30,12,36,6,6,16,16,16,13,10,53,11,45,5,26,8,28,4,8,62,28,13,24,61,15,43,,,63,29,,,39,6,39,5,29,28,39,43,58,5,11,46,53,48,41,44,45,20,33,11,25,62,39,,20,,,26,66,66,64,34,66,64,42,58,59,21,34,65,65,58,65,19,64,63,32,34,43,21,24,34,60,26,64,45,64,28,65,19,18,63,58,59,31,65,55,,,10,36,,,39,63,19,43,29,38,40,46,50,51,27,36,40,27,25,42,23,28,32,25,31,63,27,51,,41,,,b'\x11\xe8\xe1I\xc7l\xa1\xe2\xaf\x82\x12\xdf\x17\xaeN\x1e'
11E8E149-C76C-A1E2-AF82-12DF17AE4E1E,2023-ncaa-d0-natl,ncaa,59,39,116,49,146,84,73,115,36,174,291,22,10,21,24,13,333,347,64,344,328,156,246,12,19,10,51,6,356,281,274,116,13,174,115,28,19,7,15,3,249,235,209,233,,,112,170,,,55,221,309,240,65,49,122,202,322,5,14,349,354,354,223,322,309,105,226,13,4,274,219,,90,,,49,139,188,173,178,228,219,193,82,121,69,129,116,67,357,70,55,142,99,143,155,239,50,81,144,21,13,173,274,85,115,215,225,318,313,321,27,50,37,101,,,289,295,,,55,133,17,184,46,93,144,117,200,193,65,98,106,54,54,78,17,13,148,56,197,340,22,26,,333,,,b'\x11\xe8\xe1I\xc7l\xa1\xe2\xaf\x82\x12\xdf\x17\xaeN\x1e'
11E8E149-C76C-A1E2-AF82-12DF17AE4E1E,2023-ncaa-d1-conf-Big East,ncaa,3,3,3,3,3,5,5,7,2,8,10,2,1,1,2,1,10,10,8,10,8,7,7,1,2,1,2,1,11,7,7,3,2,5,2,3,1,2,4,2,8,6,8,8,,,6,9,,,3,8,9,1,5,5,6,9,10,1,1,10,11,11,8,9,10,2,5,2,2,8,8,,7,,,3,3,3,5,4,7,6,5,1,4,2,4,6,5,10,5,6,5,4,3,4,4,3,1,8,2,2,4,7,3,2,5,5,8,9,5,4,5,1,5,,,9,8,,,3,4,1,4,3,4,3,3,5,6,1,3,6,5,5,2,1,2,4,2,4,10,3,2,,10,,,b'\x11\xe8\xe1I\xc7l\xa1\xe2\xaf\x82\x12\xdf\x17\xaeN\x1e'
11E8E149-C76C-A1E2-AF82-12DF17AE4E1E,2023-ncaa-d1-natl,ncaa,67,39,151,52,188,108,87,151,38,206,319,24,11,29,23,13,340,351,62,349,329,210,306,12,19,10,47,6,356,308,289,149,15,226,127,30,20,4,15,3,278,246,226,238,,,91,176,,,59,285,311,228,70,54,135,213,324,5,16,349,355,355,237,328,314,117,240,13,4,289,221,,93,,,51,95,145,132,192,200,182,206,69,98,77,126,92,48,359,51,56,102,45,161,177,263,49,81,138,12,15,133,289,55,127,204,225,345,322,328,14,55,30,110,,,312,291,,,59,76,17,205,48,105,157,121,217,196,70,97,107,57,57,82,15,14,151,59,207,344,21,29,,332,,,b'\x11\xe8\xe1I\xc7l\xa1\xe2\xaf\x82\x12\xdf\x17\xaeN\x1e'
11E8E149-C76C-A1E2-AF82-12DF17AE4E1E,2023-ncaa-d1-ncaatournament,ncaa,36,2,36,36,38,41,39,39,45,50,63,21,31,25,43,3,58,61,5,58,58,42,50,40,43,31,15,8,60,43,45,48,2,46,38,36,14,5,7,2,50,37,59,60,,,18,56,,,47,50,31,7,25,22,6,44,60,6,1,58,61,58,18,34,23,41,36,12,6,38,59,,44,,,50,23,13,3,57,4,4,26,38,20,68,45,29,25,67,25,61,4,5,62,65,65,66,59,53,2,2,23,45,11,38,24,57,52,39,54,6,10,1,1,,,45,21,,,47,16,29,58,50,57,40,6,8,6,63,36,58,49,53,12,7,2,55,37,55,44,9,1,,17,,,b'\x11\xe8\xe1I\xc7l\xa1\xe2\xaf\x82\x12\xdf\x17\xaeN\x1e'
11E8E149-C76C-A1E2-AF82-12DF17AE4E1E,2024-ncaa-d0-natl,ncaa,26,13,94,25,126,63,63,102,38,136,242,34,19,26,25,25,197,289,1,289,268,127,195,21,17,10,46,22,324,269,282,97,51,148,138,26,24,4,5,2,229,238,77,105,,,98,85,,,45,176,275,263,42,42,104,165,287,14,22,230,314,316,172,316,300,93,202,23,4,267,87,,60,,,43,192,224,230,173,264,284,150,106,117,149,74,149,147,172,145,83,223,165,136,135,223,58,83,139,95,51,206,282,150,138,238,218,306,328,322,27,32,34,43,,,231,235,,,45,186,14,194,37,127,170,176,229,270,68,73,121,123,123,154,50,61,150,91,190,341,19,17,,294,,,b'\x11\xe8\xe1I\xc7l\xa1\xe2\xaf\x82\x12\xdf\x17\xaeN\x1e'
11E8E149-C76C-A1E2-AF82-12DF17AE4E1E,2024-ncaa-d1-conf-Big East,ncaa,2,2,3,2,5,2,2,5,2,6,9,2,1,1,4,1,2,4,1,5,2,4,7,2,2,2,2,3,4,7,7,2,3,4,5,3,4,2,3,2,8,9,4,5,,,5,4,,,2,6,6,7,2,2,4,6,9,1,1,2,5,5,4,7,7,2,3,3,2,8,3,,5,,,2,6,7,8,3,9,11,2,3,3,5,2,8,8,4,8,6,9,6,3,2,6,2,3,8,7,3,5,7,6,5,5,2,10,10,9,4,3,2,2,,,6,5,,,2,6,2,6,2,6,7,9,7,11,4,3,9,9,9,8,7,8,6,7,5,10,4,2,,5,,,b'\x11\xe8\xe1I\xc7l\xa1\xe2\xaf\x82\x12\xdf\x17\xaeN\x1e'
11E8E149-C76C-A1E2-AF82-12DF17AE4E1E,2024-ncaa-d1-natl,ncaa,30,13,130,27,175,80,83,135,43,164,271,34,21,31,26,26,217,305,1,306,272,159,261,23,17,11,44,24,322,300,292,123,56,195,156,35,24,3,5,2,266,253,86,114,,,68,94,,,50,240,284,264,50,49,112,183,296,14,25,236,317,320,187,324,307,104,224,23,3,278,94,,61,,,46,162,203,196,193,250,263,174,90,92,164,75,135,132,185,131,86,185,105,154,153,244,56,81,141,77,56,171,292,120,156,225,223,339,336,330,21,33,27,47,,,271,232,,,50,124,15,221,42,142,192,180,241,275,74,74,126,127,127,161,48,67,155,101,211,345,19,17,,297,,,b'\x11\xe8\xe1I\xc7l\xa1\xe2\xaf\x82\x12\xdf\x17\xaeN\x1e'
11E8E149-C76C-A1E2-AF82-12DF17AE4E1E,2024-ncaa-d1-ncaatournament,ncaa,17,3,17,17,19,20,19,23,11,27,28,21,10,20,4,12,40,44,4,43,56,30,34,6,7,1,14,4,62,46,59,31,28,34,48,16,9,24,10,1,23,29,34,49,,,35,19,,,18,33,53,5,11,9,36,35,49,1,16,57,61,57,49,63,60,41,57,3,6,29,44,,12,,,17,44,51,41,48,51,42,56,32,43,9,34,19,24,23,24,12,39,34,44,40,47,7,11,9,37,28,42,59,37,48,50,28,31,51,48,27,29,5,4,,,32,29,,,18,36,3,45,17,35,55,31,57,42,13,32,11,13,13,22,9,21,31,21,41,54,16,2,,44,,,b'\x11\xe8\xe1I\xc7l\xa1\xe2\xaf\x82\x12\xdf\x17\xaeN\x1e'
11E8E149-C76C-A1E2-AF82-12DF17AE4E1E,2025-ncaa-d0-natl,genius_ncaa,29,26,54,29,83,62,50,73,41,106,194,44,13,21,19,24,305,341,6,343,351,106,174,21,25,11,79,17,358,295,327,93,35,176,202,28,40,12,11,5,200,219,219,281,,,83,55,,24,69,131,279,269,68,50,108,152,280,10,28,336,355,357,196,325,331,154,286,23,5,259,255,,39,,15,70,241,301,260,281,334,308,257,107,99,176,59,74,49,326,48,19,238,216,236,216,245,12,56,39,66,35,286,327,214,202,268,165,230,255,284,29,32,91,112,,,264,307,,255,69,235,26,202,67,139,234,149,299,275,67,45,42,29,28,94,38,25,196,108,206,301,13,62,,334,,288,b'\x11\xe8\xe1I\xc7l\xa1\xe2\xaf\x82\x12\xdf\x17\xaeN\x1e'
11E8E149-C76C-A1E2-AF82-12DF17AE4E1E,2025-ncaa-d1-conf-Big East,genius_ncaa,2,2,1,2,1,2,2,2,2,2,6,2,1,1,2,1,9,10,1,10,11,2,3,2,2,2,4,1,11,6,9,2,2,2,6,2,4,2,2,2,7,8,7,8,,,4,4,,2,2,2,5,7,2,2,2,4,7,1,1,9,10,10,4,6,10,2,6,2,2,8,7,,4,,2,2,9,11,11,5,11,11,4,3,4,5,2,5,6,5,6,3,11,10,4,4,5,1,2,6,3,2,9,9,9,6,4,1,6,8,6,3,3,3,2,,,7,9,,7,2,10,2,4,2,6,8,7,10,11,1,2,5,4,4,8,4,2,8,5,3,9,3,2,,8,,8,b'\x11\xe8\xe1I\xc7l\xa1\xe2\xaf\x82\x12\xdf\x17\xaeN\x1e'
11E8E149-C76C-A1E2-AF82-12DF17AE4E1E,2025-ncaa-d1-natl,genius_ncaa,34,26,72,30,101,71,57,86,44,128,223,47,17,26,20,27,319,344,5,346,350,135,222,22,27,11,76,18,358,313,336,119,38,214,217,34,43,8,11,5,231,235,234,286,,,64,57,,17,79,167,284,269,75,53,114,169,285,13,32,337,354,357,211,327,331,157,297,24,5,272,261,,43,,13,77,214,292,231,292,330,303,267,94,75,192,57,59,43,332,42,19,202,172,246,222,263,10,54,39,45,38,268,336,182,217,253,168,265,266,301,25,33,86,119,,,288,307,,265,79,201,29,220,74,152,245,156,308,281,69,44,44,30,29,98,37,27,202,111,218,311,13,66,,332,,287,b'\x11\xe8\xe1I\xc7l\xa1\xe2\xaf\x82\x12\xdf\x17\xaeN\x1e'
11E8E149-C76C-A1E2-AF82-12DF17AE4E1E,2025-ncaa-d1-ncaatournament,genius_ncaa,37,2,37,37,38,52,51,52,48,48,47,45,47,49,45,26,53,53,56,53,54,53,64,45,50,40,37,26,52,49,52,47,25,50,50,52,54,2,6,25,44,19,29,6,,,10,40,,9,37,65,63,7,48,44,33,42,37,31,22,50,49,49,37,60,42,39,46,49,2,25,6,,20,,13,40,5,6,9,42,7,7,42,12,12,39,38,11,9,56,9,28,5,3,37,38,46,29,31,31,7,25,21,52,15,50,3,9,58,42,28,5,17,9,19,,,54,37,,54,37,2,40,43,42,19,25,18,29,21,31,28,25,14,14,11,3,15,57,49,11,50,11,14,,46,,41,b'\x11\xe8\xe1I\xc7l\xa1\xe2\xaf\x82\x12\xdf\x17\xaeN\x1e'
11E8E149-C76C-A1E2-AF82-12DF17AE4E1E,2026-ncaa-d0-natl,genius_ncaa,163,152,206,171,216,194,203,205,215,292,296,241,44,53,76,8,295,338,5,335,312,226,255,136,142,110,7,5,323,312,340,160,3,221,189,113,9,31,60,31,290,279,232,218,,,117,232,,96,182,243,217,97,157,170,98,324,327,10,8,302,350,349,169,282,320,64,175,52,35,308,227,,150,,118,182,137,135,107,240,157,107,271,116,131,135,203,189,124,355,123,184,99,84,232,261,291,155,132,224,8,3,237,340,126,189,107,104,310,298,264,25,49,76,162,,,299,306,,187,182,113,137,230,185,206,214,131,226,130,139,163,226,148,149,109,30,4,334,173,135,323,34,93,,317,,182,b'\x11\xe8\xe1I\xc7l\xa1\xe2\xaf\x82\x12\xdf\x17\xaeN\x1e'
11E8E149-C76C-A1E2-AF82-12DF17AE4E1E,2026-ncaa-d1-conf-Big East,genius_ncaa,3,1,8,1,8,11,11,11,6,11,11,8,5,6,4,1,10,10,4,10,2,11,11,6,6,3,1,1,7,11,11,10,2,11,8,8,1,1,1,1,11,9,11,11,,,1,5,,1,4,11,11,1,6,8,7,11,11,2,1,7,8,7,8,11,11,6,10,3,1,9,11,,2,,1,4,2,2,1,6,3,2,9,1,2,1,6,3,3,10,2,8,1,1,5,6,5,1,1,10,1,2,3,11,2,8,2,2,11,8,5,1,1,1,1,,,11,4,,7,4,1,3,4,4,3,3,2,4,4,1,4,8,6,6,2,1,1,9,5,3,10,1,1,,7,,5,b'\x11\xe8\xe1I\xc7l\xa1\xe2\xaf\x82\x12\xdf\x17\xaeN\x1e'
11E8E149-C76C-A1E2-AF82-12DF17AE4E1E,2026-ncaa-d1-natl,genius_ncaa,203,152,271,192,286,272,282,283,258,351,345,276,58,75,84,8,334,359,4,359,314,302,334,168,171,130,7,5,321,351,353,243,4,309,211,165,9,12,66,39,341,309,278,237,,,63,249,,69,220,318,231,100,195,204,122,339,336,10,10,308,353,352,197,301,340,81,214,65,43,329,246,,165,,119,221,88,93,44,278,114,53,307,76,69,163,193,143,79,360,76,189,38,20,273,299,328,152,134,221,5,4,191,353,74,211,72,104,351,313,295,13,52,54,185,,,347,299,,211,220,38,172,280,226,245,244,142,258,139,162,156,241,151,150,125,31,5,347,196,159,340,37,106,,322,,169,b'\x11\xe8\xe1I\xc7l\xa1\xe2\xaf\x82\x12\xdf\x17\xaeN\x1e'
11E8E149-C770-F030-AF82-12DF17AE4E1E,2010-ncaa-d0-natl,ncaa,242,202,288,239,292,329,339,327,326,332,321,326,291,274,296,192,234,219,245,212,47,325,325,323,315,324,88,195,18,249,157,282,213,282,175,329,180,152,297,318,266,188,105,62,,,1,6,,,280,333,328,41,332,336,329,324,296,271,251,180,155,135,317,300,185,220,219,322,253,227,64,,3,,,285,14,50,65,154,53,65,147,142,130,191,247,1,1,24,1,11,26,12,160,89,143,80,260,5,86,213,32,157,40,175,186,304,325,263,312,209,299,50,161,,,260,68,,,280,12,320,171,291,62,162,169,146,151,203,208,3,10,10,90,38,198,117,149,269,305,268,90,,165,,,b'\x11\xe8\xe1I\xc7p\xf00\xaf\x82\x12\xdf\x17\xaeN\x1e'
11E8E149-C770-F030-AF82-12DF17AE4E1E,2010-ncaa-d1-conf-Ivy League,ncaa,5,5,1,5,1,6,7,8,5,6,6,5,7,8,6,8,2,2,5,2,2,7,7,6,6,6,4,7,1,3,1,4,4,2,2,7,5,6,7,7,6,5,3,3,,,1,2,,,5,7,8,1,6,7,8,6,6,7,8,2,2,2,7,7,3,4,2,7,6,6,3,,1,,,5,2,2,5,2,2,3,2,7,7,4,7,2,2,1,2,2,3,1,3,3,6,6,7,1,6,4,1,1,1,2,5,6,7,7,6,4,4,2,3,,,2,2,,,5,1,5,6,5,2,2,5,2,3,7,7,2,2,2,3,1,6,1,1,5,7,4,2,,2,,,b'\x11\xe8\xe1I\xc7p\xf00\xaf\x82\x12\xdf\x17\xaeN\x1e'
11E8E149-C770-F030-AF82-12DF17AE4E1E,2010-ncaa-d1-natl,ncaa,250,202,323,244,325,339,343,338,330,338,329,330,295,280,298,190,246,231,245,222,46,338,340,326,317,325,87,197,17,264,161,297,220,303,180,338,182,138,299,318,278,192,110,62,,,1,6,,,284,344,329,39,333,337,330,330,297,272,253,180,153,136,318,302,188,226,222,327,253,229,65,,3,,,290,7,35,43,157,42,47,148,135,115,197,248,1,1,24,1,9,10,3,166,94,148,76,258,5,74,220,19,161,18,180,178,303,330,265,315,198,300,48,166,,,281,66,,,284,2,322,178,301,62,171,168,150,155,204,207,3,10,10,90,36,203,119,151,273,305,269,93,,163,,,b'\x11\xe8\xe1I\xc7p\xf00\xaf\x82\x12\xdf\x17\xaeN\x1e'
11E8E149-C770-F030-AF82-12DF17AE4E1E,2011-ncaa-d0-natl,ncaa,296,279,288,297,289,318,317,306,321,314,251,330,266,276,202,221,287,277,248,278,234,310,306,320,323,306,154,162,134,300,317,229,233,279,311,304,196,96,237,280,306,298,132,108,,,29,60,,,321,300,229,42,316,310,246,294,179,235,245,257,235,236,258,254,272,104,207,291,202,288,88,,65,,,319,114,157,154,182,166,107,262,149,218,52,270,62,62,183,62,91,123,63,183,158,259,106,190,76,187,233,238,317,219,311,234,279,331,328,329,215,305,252,291,,,313,257,,,321,50,319,281,321,246,279,298,264,237,225,295,113,111,108,277,205,280,324,325,304,322,278,293,,273,,,b'\x11\xe8\xe1I\xc7p\xf00\xaf\x82\x12\xdf\x17\xaeN\x1e'
11E8E149-C770-F030-AF82-12DF17AE4E1E,2011-ncaa-d1-conf-Ivy League,ncaa,7,7,1,7,3,5,7,5,8,7,3,8,7,7,5,8,3,3,4,3,4,4,3,8,8,8,3,7,1,4,8,3,7,3,8,8,6,5,3,7,8,8,4,5,,,4,4,,,8,2,2,3,5,7,5,7,3,7,7,3,3,3,4,3,4,3,3,8,5,8,4,,4,,,8,8,8,8,4,7,7,8,5,8,3,6,8,8,5,8,6,8,8,4,4,7,3,4,7,8,7,8,8,8,8,8,5,8,8,8,7,7,3,3,,,5,6,,,8,4,8,8,8,8,8,8,7,7,5,8,8,8,8,8,8,8,8,8,8,8,7,3,,5,,,b'\x11\xe8\xe1I\xc7p\xf00\xaf\x82\x12\xdf\x17\xaeN\x1e'
11E8E149-C770-F030-AF82-12DF17AE4E1E,2011-ncaa-d1-natl,ncaa,305,277,321,305,322,332,329,323,323,323,272,331,269,282,201,219,298,293,249,293,234,322,323,320,322,312,150,161,131,308,319,250,234,299,313,317,200,77,238,283,316,305,137,109,,,19,59,,,321,322,233,42,318,313,250,297,179,237,245,255,237,238,262,257,277,107,213,300,202,293,89,,65,,,322,93,140,125,189,152,87,263,137,206,52,268,51,50,189,51,92,94,41,187,162,267,103,190,74,171,234,220,319,204,313,226,282,337,330,331,202,307,245,295,,,323,257,,,321,29,320,292,323,251,279,302,269,240,227,294,114,112,110,280,205,282,328,325,312,324,279,295,,276,,,b'\x11\xe8\xe1I\xc7p\xf00\xaf\x82\x12\xdf\x17\xaeN\x1e'
11E8E149-C770-F030-AF82-12DF17AE4E1E,2012-ncaa-d0-natl,ncaa,305,288,292,306,301,316,317,324,281,324,307,284,215,218,200,124,302,316,138,317,230,327,304,261,259,307,108,111,176,327,311,250,253,300,284,303,194,301,335,320,278,273,62,37,,,42,73,,,316,280,138,163,308,312,302,309,278,175,171,278,294,295,309,220,307,139,251,287,332,253,32,,117,,,318,138,117,115,155,92,80,201,191,238,100,272,183,159,264,160,236,119,69,172,187,231,252,227,230,186,253,82,311,119,284,257,325,294,284,309,335,341,17,62,,,317,279,,,316,62,325,259,321,255,221,273,204,191,250,299,269,246,250,280,233,284,208,261,307,265,340,30,,294,,,b'\x11\xe8\xe1I\xc7p\xf00\xaf\x82\x12\xdf\x17\xaeN\x1e'
11E8E149-C770-F030-AF82-12DF17AE4E1E,2012-ncaa-d1-conf-Ivy League,ncaa,7,7,1,7,3,6,4,5,4,5,3,5,6,7,4,6,6,5,7,5,5,6,3,6,6,7,5,5,5,5,4,3,5,3,4,7,7,8,8,8,6,7,1,1,,,4,3,,,7,2,3,3,6,4,5,5,3,6,7,6,5,5,6,3,5,3,3,7,8,6,1,,4,,,7,7,5,7,3,4,4,3,8,8,3,7,4,5,3,6,6,7,7,4,5,6,8,7,3,6,5,5,4,6,4,7,8,5,6,6,8,8,2,2,,,4,5,,,7,7,7,7,7,7,5,7,4,4,8,8,4,5,6,7,7,6,5,6,7,5,8,2,,4,,,b'\x11\xe8\xe1I\xc7p\xf00\xaf\x82\x12\xdf\x17\xaeN\x1e'
11E8E149-C770-F030-AF82-12DF17AE4E1E,2012-ncaa-d1-natl,ncaa,311,288,325,312,331,329,327,334,287,331,315,286,225,232,199,122,309,318,137,319,231,336,324,269,265,311,105,106,174,332,316,274,255,316,291,314,200,296,336,322,295,282,67,38,,,30,79,,,319,305,142,160,312,315,304,315,283,175,171,282,298,297,312,221,314,142,257,292,333,262,33,,117,,,322,116,92,86,160,74,58,206,178,224,109,273,172,145,267,146,241,97,48,180,192,240,252,225,231,171,255,61,316,94,291,249,325,310,290,311,331,341,10,65,,,322,279,,,319,34,327,261,323,256,227,273,210,193,252,298,271,248,252,282,233,285,212,266,309,269,340,31,,296,,,b'\x11\xe8\xe1I\xc7p\xf00\xaf\x82\x12\xdf\x17\xaeN\x1e'
11E8E149-C770-F030-AF82-12DF17AE4E1E,2013-ncaa-d0-natl,ncaa,317,303,302,318,321,332,329,330,280,284,277,257,322,304,327,248,281,312,57,314,268,331,326,301,286,305,264,277,89,276,155,260,211,290,148,326,273,180,316,317,319,293,235,172,,,63,213,,,304,332,298,267,325,314,317,246,224,316,288,236,279,280,322,291,230,162,204,320,270,300,207,,151,,,305,49,57,46,177,50,20,247,165,218,72,297,78,120,21,120,258,43,15,194,173,256,237,256,158,137,211,12,155,27,148,115,231,340,326,314,232,324,90,160,,,337,302,,,304,11,307,282,312,172,163,154,129,61,246,291,155,211,212,168,68,235,66,116,207,329,299,153,,318,,,b'\x11\xe8\xe1I\xc7p\xf00\xaf\x82\x12\xdf\x17\xaeN\x1e'
11E8E149-C770-F030-AF82-12DF17AE4E1E,2013-ncaa-d1-conf-Ivy League,ncaa,6,6,1,6,5,7,7,7,3,3,4,3,8,8,8,8,6,6,3,7,7,7,7,6,6,6,8,8,4,6,3,3,6,3,3,7,7,6,6,7,7,7,4,4,,,7,7,,,5,8,8,5,7,7,7,3,4,8,8,6,6,7,7,7,6,3,3,7,6,7,4,,7,,,5,4,4,5,3,2,1,4,8,8,3,8,7,7,1,7,8,6,3,3,3,4,8,8,7,8,6,2,3,3,3,3,4,8,8,6,4,6,2,3,,,8,8,,,5,1,6,5,6,4,4,5,2,1,8,8,7,7,7,6,3,8,2,3,3,8,4,2,,8,,,b'\x11\xe8\xe1I\xc7p\xf00\xaf\x82\x12\xdf\x17\xaeN\x1e'
11E8E149-C770-F030-AF82-12DF17AE4E1E,2013-ncaa-d1-natl,ncaa,322,303,327,322,340,339,335,340,284,302,291,264,325,309,329,250,287,320,57,321,263,341,340,305,289,307,261,277,82,285,161,281,214,304,152,331,275,162,316,319,328,296,242,174,,,53,217,,,309,345,299,267,326,319,319,252,227,316,288,236,281,283,324,293,233,165,209,320,272,300,211,,151,,,312,38,43,28,181,41,14,252,154,211,78,295,67,110,23,113,260,27,4,199,178,263,238,254,158,121,214,7,161,17,152,103,230,343,328,319,219,326,88,168,,,340,300,,,309,1,309,287,315,177,170,155,134,63,249,289,158,211,215,168,68,236,66,120,213,329,302,157,,318,,,b'\x11\xe8\xe1I\xc7p\xf00\xaf\x82\x12\xdf\x17\xaeN\x1e'
11E8E149-C770-F030-AF82-12DF17AE4E1E,2014-ncaa-d0-natl,ncaa,325,311,297,327,333,336,326,338,244,316,327,174,240,215,280,96,343,344,152,343,315,341,341,229,254,295,194,127,300,342,320,332,254,342,315,320,252,163,329,308,266,211,327,327,,,61,224,,,332,337,305,349,330,318,335,296,303,215,166,338,340,340,343,326,334,325,343,308,268,230,324,,141,,,335,89,168,37,334,225,80,336,81,61,224,131,30,26,170,26,71,21,9,326,313,327,21,111,33,55,254,44,320,29,315,104,83,328,267,281,147,302,85,247,,,339,283,,,332,11,318,326,335,236,297,134,310,196,134,103,71,68,73,91,41,128,157,140,193,300,240,143,,335,,,b'\x11\xe8\xe1I\xc7p\xf00\xaf\x82\x12\xdf\x17\xaeN\x1e'
11E8E149-C770-F030-AF82-12DF17AE4E1E,2014-ncaa-d1-conf-Ivy League,ncaa,8,8,1,8,8,8,7,8,6,6,7,4,7,7,8,4,8,8,3,8,7,8,8,6,6,7,6,6,6,8,8,8,6,8,8,7,7,8,8,7,7,7,8,8,,,4,7,,,7,8,8,8,8,7,8,6,7,7,7,8,8,8,8,8,8,8,8,7,8,7,8,,4,,,7,6,8,2,8,8,3,8,2,4,5,4,4,3,7,3,4,2,1,8,8,8,1,1,2,2,6,4,8,2,8,6,2,7,5,6,5,6,5,7,,,8,7,,,7,1,8,6,8,6,8,2,8,3,2,4,4,3,3,2,1,2,4,2,6,7,5,5,,8,,,b'\x11\xe8\xe1I\xc7p\xf00\xaf\x82\x12\xdf\x17\xaeN\x1e'
11E8E149-C770-F030-AF82-12DF17AE4E1E,2014-ncaa-d1-natl,ncaa,332,310,333,333,346,343,337,343,249,324,333,179,250,222,283,96,345,346,155,346,317,348,346,235,261,298,191,124,300,345,325,342,264,346,317,326,256,146,329,312,276,212,329,328,,,42,228,,,332,345,306,349,332,319,335,299,304,217,168,339,341,341,343,328,335,327,345,310,271,233,324,,143,,,335,72,151,22,335,211,56,336,69,54,226,127,23,19,173,19,70,11,2,329,314,328,21,111,32,46,264,30,325,17,317,97,83,338,269,287,135,305,80,255,,,344,283,,,332,5,319,327,338,241,301,135,313,197,134,98,69,67,72,90,40,131,158,143,202,300,240,147,,335,,,b'\x11\xe8\xe1I\xc7p\xf00\xaf\x82\x12\xdf\x17\xaeN\x1e'
11E8E149-C770-F030-AF82-12DF17AE4E1E,2015-ncaa-d0-natl,ncaa,188,131,283,169,292,323,320,313,306,337,307,321,186,204,133,115,323,341,37,342,306,325,319,276,273,294,98,84,222,323,312,220,111,293,256,321,249,164,291,304,241,194,150,123,,,109,244,,,214,309,256,52,317,320,278,324,268,152,154,305,337,338,314,284,305,105,239,313,250,208,112,,205,,,215,15,18,41,56,47,83,77,23,50,23,115,67,89,50,88,146,36,36,40,39,53,83,79,203,69,111,133,312,98,256,26,108,223,148,94,160,266,86,184,,,331,264,,,214,41,316,54,221,52,67,119,120,186,38,91,122,152,157,109,114,151,255,225,70,169,227,133,,309,,,b'\x11\xe8\xe1I\xc7p\xf00\xaf\x82\x12\xdf\x17\xaeN\x1e'
11E8E149-C770-F030-AF82-12DF17AE4E1E,2015-ncaa-d1-conf-Ivy League,ncaa,6,6,1,6,2,7,7,5,8,8,6,8,1,2,2,1,7,8,2,8,8,7,6,7,6,8,1,1,6,5,6,6,6,6,7,5,3,7,7,7,3,3,4,4,,,4,5,,,6,5,5,2,7,7,5,8,6,1,2,7,8,8,7,6,5,6,6,5,7,3,4,,4,,,6,5,5,3,4,7,5,7,3,2,3,2,4,4,3,4,4,3,5,5,4,5,1,2,6,5,6,6,6,7,7,4,3,3,4,4,8,8,3,3,,,8,8,,,6,4,8,5,6,5,5,3,7,5,3,2,4,4,4,3,5,5,6,7,4,3,8,3,,8,,,b'\x11\xe8\xe1I\xc7p\xf00\xaf\x82\x12\xdf\x17\xaeN\x1e'
11E8E149-C770-F030-AF82-12DF17AE4E1E,2015-ncaa-d1-natl,ncaa,206,130,335,181,337,342,341,339,313,344,326,327,201,214,132,116,332,345,35,345,308,346,341,280,274,297,96,81,218,332,317,254,121,318,267,333,254,136,297,310,265,202,162,127,,,79,248,,,229,338,261,47,325,324,286,328,272,154,155,309,337,339,318,287,309,116,248,323,250,218,114,,209,,,232,8,11,22,59,38,61,86,16,40,26,112,55,76,54,76,146,17,12,43,44,56,82,76,205,49,121,103,317,65,267,22,110,250,153,103,146,272,78,188,,,340,261,,,229,10,318,61,238,56,72,122,127,191,41,88,128,156,159,114,114,154,260,231,76,180,230,132,,308,,,b'\x11\xe8\xe1I\xc7p\xf00\xaf\x82\x12\xdf\x17\xaeN\x1e'
11E8E149-C770-F030-AF82-12DF17AE4E1E,2016-ncaa-d0-natl,ncaa,221,228,175,231,193,303,302,305,248,304,289,274,191,225,101,147,311,316,159,320,276,318,316,231,235,231,140,111,243,326,317,248,162,305,283,279,195,93,236,240,283,236,302,290,,,52,128,,,255,307,339,113,323,316,333,312,291,192,220,314,321,323,339,340,332,265,327,287,112,283,305,,49,,,253,71,109,71,224,82,41,249,208,205,207,303,17,14,156,12,53,40,37,250,213,223,167,288,30,75,162,139,317,102,283,132,183,271,201,229,118,238,5,29,,,228,71,,,255,39,269,228,268,88,135,71,111,38,228,238,21,19,18,30,17,97,156,129,153,275,141,8,,240,,,b'\x11\xe8\xe1I\xc7p\xf00\xaf\x82\x12\xdf\x17\xaeN\x1e'
11E8E149-C770-F030-AF82-12DF17AE4E1E,2016-ncaa-d1-conf-Ivy League,ncaa,4,4,1,4,1,8,7,8,2,6,8,3,6,6,6,5,8,8,3,8,8,8,8,3,2,6,6,5,6,8,8,6,7,8,7,6,6,4,6,6,6,6,8,8,,,2,2,,,6,7,8,1,8,7,8,6,8,6,6,8,8,8,8,8,8,6,8,6,4,6,8,,2,,,6,3,4,3,3,3,1,7,6,8,3,8,2,2,8,2,3,3,2,3,3,4,4,8,3,6,7,3,8,5,7,3,6,7,5,6,5,7,2,3,,,7,2,,,6,1,7,5,6,3,4,3,3,1,6,8,2,2,2,3,2,6,3,5,3,7,5,2,,7,,,b'\x11\xe8\xe1I\xc7p\xf00\xaf\x82\x12\xdf\x17\xaeN\x1e'
11E8E149-C770-F030-AF82-12DF17AE4E1E,2016-ncaa-d1-natl,ncaa,234,227,218,238,238,329,323,333,251,322,312,283,208,246,106,149,318,326,158,327,271,338,341,236,243,237,138,107,240,338,322,285,172,332,290,303,202,66,243,247,299,247,309,290,,,33,127,,,269,337,340,101,329,324,339,318,296,195,222,314,322,324,340,342,337,270,331,299,116,289,306,,51,,,271,46,85,41,235,66,27,257,199,189,220,301,15,12,160,11,54,17,10,257,223,235,165,285,30,62,172,113,322,68,290,121,183,297,211,238,100,241,5,35,,,254,68,,,269,10,275,239,279,98,147,72,121,41,229,237,21,20,18,33,17,103,163,135,159,283,143,9,,241,,,b'\x11\xe8\xe1I\xc7p\xf00\xaf\x82\x12\xdf\x17\xaeN\x1e'
11E8E149-C770-F030-AF82-12DF17AE4E1E,2017-ncaa-d0-natl,ncaa,284,247,321,283,321,322,306,331,209,317,311,267,194,241,74,136,340,341,187,342,319,338,346,187,205,207,141,81,296,334,318,302,282,330,315,271,161,20,177,171,303,256,218,203,,,8,32,,,264,339,320,2,282,250,258,266,246,142,177,329,330,332,294,315,314,193,288,215,104,258,180,,33,,,270,43,98,77,179,105,88,194,142,144,174,248,8,7,213,8,23,44,20,181,150,221,97,250,21,168,282,77,318,92,315,83,146,335,291,282,59,207,227,310,,,334,211,,,264,13,234,267,262,204,262,286,242,242,243,263,42,28,30,227,139,291,244,279,198,293,150,294,,296,,,b'\x11\xe8\xe1I\xc7p\xf00\xaf\x82\x12\xdf\x17\xaeN\x1e'
11E8E149-C770-F030-AF82-12DF17AE4E1E,2017-ncaa-d1-conf-Ivy League,ncaa,7,7,5,7,5,7,5,7,3,4,7,3,6,6,5,5,8,8,7,8,8,8,8,3,3,4,8,5,8,8,7,7,8,8,7,6,7,5,8,6,4,4,7,7,,,2,2,,,8,6,6,1,6,4,7,3,5,5,5,8,8,8,8,7,7,7,8,6,7,3,7,,2,,,8,7,7,7,7,7,6,8,7,7,3,6,4,3,5,3,2,5,5,8,7,7,2,4,1,7,8,4,7,6,7,5,2,6,7,8,5,8,5,7,,,8,5,,,8,3,7,8,8,7,8,7,7,6,8,8,4,3,3,7,7,7,5,7,5,5,7,6,,6,,,b'\x11\xe8\xe1I\xc7p\xf00\xaf\x82\x12\xdf\x17\xaeN\x1e'
11E8E149-C770-F030-AF82-12DF17AE4E1E,2017-ncaa-d1-natl,ncaa,300,247,343,296,343,337,327,344,219,332,336,272,203,253,78,135,343,346,184,346,317,348,349,195,219,214,137,80,296,341,321,329,287,341,318,301,164,14,184,172,320,267,232,208,,,5,34,,,274,349,322,2,288,257,270,276,250,142,181,333,333,334,306,318,319,208,296,221,106,269,188,,33,,,285,21,75,39,190,81,56,204,127,116,183,248,8,7,219,7,24,18,5,193,163,233,91,250,22,136,287,51,321,66,318,71,145,344,296,288,48,211,223,313,,,344,206,,,274,2,242,281,283,209,274,287,252,247,247,262,40,29,30,227,138,294,246,281,206,300,151,295,,298,,,b'\x11\xe8\xe1I\xc7p\xf00\xaf\x82\x12\xdf\x17\xaeN\x1e'
11E8E149-C770-F030-AF82-12DF17AE4E1E,2018-ncaa-d0-natl,ncaa,170,94,323,137,329,263,213,310,60,270,325,82,79,151,16,47,349,349,45,349,349,335,335,40,60,102,113,28,349,335,293,283,221,325,228,176,116,137,287,160,308,274,270,254,,,1,8,,,189,326,220,88,166,100,199,212,280,39,75,349,349,349,302,276,317,145,271,90,262,269,243,,8,,,189,43,118,91,227,130,62,285,149,190,92,307,1,1,92,1,4,39,26,227,143,197,52,248,1,112,221,17,293,33,228,82,73,298,232,229,189,308,69,195,,,347,327,,,189,21,152,216,194,183,289,298,276,215,249,305,2,3,3,205,169,240,114,158,179,235,286,144,,337,,,b'\x11\xe8\xe1I\xc7p\xf00\xaf\x82\x12\xdf\x17\xaeN\x1e'
11E8E149-C770-F030-AF82-12DF17AE4E1E,2018-ncaa-d1-conf-Ivy League,ncaa,5,4,5,5,5,6,6,7,3,7,8,4,3,7,1,3,8,8,4,8,8,8,8,1,2,3,2,1,8,8,6,6,7,6,6,4,3,7,7,4,7,7,5,5,,,1,1,,,5,7,5,2,5,4,7,6,8,2,5,8,8,8,8,8,8,6,6,3,7,7,5,,1,,,5,3,6,3,5,6,4,6,3,5,3,7,1,1,1,1,1,2,2,5,4,4,1,5,1,6,7,3,6,4,6,3,2,7,7,6,7,8,3,3,,,8,7,,,5,2,4,5,5,5,6,7,6,6,5,7,1,1,1,6,5,7,3,5,4,7,7,3,,8,,,b'\x11\xe8\xe1I\xc7p\xf00\xaf\x82\x12\xdf\x17\xaeN\x1e'
11E8E149-C770-F030-AF82-12DF17AE4E1E,2018-ncaa-d1-natl,ncaa,186,94,343,147,345,298,257,335,61,297,335,93,86,169,18,46,349,349,46,349,349,349,349,42,62,108,109,28,349,338,301,316,226,342,234,199,118,111,293,167,322,281,284,262,,,1,8,,,205,345,227,84,176,111,206,225,279,41,78,349,349,349,306,282,319,153,279,100,265,277,248,,8,,,206,23,103,57,241,106,35,296,136,168,92,304,1,1,105,1,4,12,5,242,156,212,50,247,1,88,226,6,301,12,234,61,74,318,240,236,167,310,58,206,,,349,327,,,205,5,164,233,208,193,293,301,282,221,253,304,2,3,3,209,169,247,116,166,181,243,290,154,,337,,,b'\x11\xe8\xe1I\xc7p\xf00\xaf\x82\x12\xdf\x17\xaeN\x1e'
11E8E149-C770-F030-AF82-12DF17AE4E1E,2019-ncaa-d0-natl,ncaa,200,138,321,188,332,305,286,318,164,291,317,143,171,182,148,76,345,347,118,346,331,334,335,141,163,193,163,81,329,227,90,338,308,326,213,197,65,71,228,148,203,89,312,261,,,51,225,,,141,343,307,272,244,194,226,245,269,110,111,334,340,341,290,283,130,326,272,109,204,125,299,,163,,,137,3,7,9,165,12,6,236,60,92,56,288,27,40,42,42,232,4,9,169,139,74,187,226,137,95,308,7,90,20,213,47,248,191,48,81,106,255,81,209,,,334,272,,,141,7,160,108,134,52,69,42,64,20,125,203,75,114,119,33,67,240,74,120,143,76,230,158,,301,,,b'\x11\xe8\xe1I\xc7p\xf00\xaf\x82\x12\xdf\x17\xaeN\x1e'
11E8E149-C770-F030-AF82-12DF17AE4E1E,2019-ncaa-d1-conf-Ivy League,ncaa,4,4,5,4,6,8,8,8,6,8,7,6,5,5,1,4,8,8,3,8,8,8,8,6,6,6,4,4,6,6,5,8,8,7,6,5,2,4,7,4,6,3,8,7,,,1,5,,,5,8,8,5,7,7,7,8,7,4,4,8,8,8,8,8,6,8,7,4,6,4,8,,3,,,5,1,1,1,7,3,1,7,3,4,3,5,2,2,2,2,6,1,1,7,7,4,4,5,4,5,8,1,5,2,6,3,5,3,1,2,4,5,6,7,,,6,5,,,5,1,5,5,5,2,3,1,3,2,3,4,3,3,3,1,1,6,1,4,5,1,5,6,,5,,,b'\x11\xe8\xe1I\xc7p\xf00\xaf\x82\x12\xdf\x17\xaeN\x1e'
11E8E149-C770-F030-AF82-12DF17AE4E1E,2019-ncaa-d1-natl,ncaa,222,137,346,200,348,327,306,342,178,315,339,153,186,204,152,78,349,349,114,349,334,347,349,147,175,201,158,80,328,259,101,351,313,347,230,233,68,50,236,158,229,98,322,274,,,35,231,,,163,350,311,272,256,216,237,255,275,117,113,336,341,342,296,294,138,329,286,118,206,138,306,,168,,,158,2,3,2,183,11,3,249,45,64,63,285,21,33,46,35,237,2,2,188,156,90,188,225,137,68,313,3,101,4,230,36,251,230,57,93,86,263,72,215,,,345,270,,,163,1,177,127,153,57,80,42,71,20,128,203,82,117,123,33,65,247,74,124,151,82,233,161,,298,,,b'\x11\xe8\xe1I\xc7p\xf00\xaf\x82\x12\xdf\x17\xaeN\x1e'
11E8E149-C770-F030-AF82-12DF17AE4E1E,2020-ncaa-d0-natl,ncaa,259,216,312,255,319,345,333,327,304,342,313,328,145,178,90,69,350,350,294,350,350,345,339,257,300,312,110,25,350,247,204,328,302,328,283,268,95,193,308,257,243,177,231,187,,,30,101,,,301,342,305,176,337,306,259,328,281,107,122,349,350,350,330,302,206,301,278,224,270,198,206,,85,,,308,59,87,42,229,70,29,274,194,186,179,298,32,27,210,30,112,28,18,256,235,239,198,271,61,174,302,71,204,91,283,230,314,275,192,285,174,287,74,183,,,349,330,,,301,11,310,275,312,172,206,148,158,73,261,272,77,68,72,117,98,265,188,234,295,217,245,125,,340,,,b'\x11\xe8\xe1I\xc7p\xf00\xaf\x82\x12\xdf\x17\xaeN\x1e'
11E8E149-C770-F030-AF82-12DF17AE4E1E,2020-ncaa-d1-conf-Ivy League,ncaa,6,6,1,6,3,8,8,5,8,7,5,8,4,5,1,4,8,8,6,8,8,8,7,8,8,8,4,3,8,6,6,7,7,7,7,7,6,5,7,8,5,5,7,8,,,6,5,,,8,5,4,3,8,8,5,7,5,4,5,8,8,8,8,7,6,7,7,7,5,5,7,,6,,,8,6,6,4,7,7,3,7,5,7,3,8,6,5,7,5,5,4,5,7,7,6,3,3,5,6,7,8,6,6,7,7,6,4,4,6,4,5,5,5,,,7,7,,,8,5,8,6,8,6,6,4,7,3,5,7,6,5,5,4,5,6,8,6,7,4,4,5,,7,,,b'\x11\xe8\xe1I\xc7p\xf00\xaf\x82\x12\xdf\x17\xaeN\x1e'
11E8E149-C770-F030-AF82-12DF17AE4E1E,2020-ncaa-d1-natl,ncaa,276,215,341,264,345,350,344,343,312,347,330,333,158,196,97,68,350,350,292,350,350,350,349,267,307,321,107,26,350,273,213,340,309,347,288,296,95,179,313,265,264,189,241,188,,,23,106,,,308,349,309,172,341,317,269,333,283,106,127,349,350,350,331,307,213,306,286,235,273,209,209,,86,,,319,43,67,22,239,49,15,281,179,173,183,298,28,22,212,24,115,7,6,264,244,255,196,270,60,153,309,55,213,65,288,220,314,293,199,296,148,285,64,193,,,349,329,,,308,3,314,282,320,180,216,155,161,77,264,273,79,69,72,118,97,268,195,241,301,225,248,133,,340,,,b'\x11\xe8\xe1I\xc7p\xf00\xaf\x82\x12\xdf\x17\xaeN\x1e'
11E8E149-C770-F030-AF82-12DF17AE4E1E,2022-ncaa-d0-natl,ncaa,336,328,295,339,312,353,351,319,356,354,332,355,255,183,331,55,356,355,331,355,346,337,322,354,356,354,107,45,342,244,224,296,331,288,298,342,229,230,338,345,310,279,304,274,,,38,119,,,346,329,304,184,355,355,294,356,312,211,103,356,354,354,333,279,167,230,220,348,305,281,291,,129,,,348,67,86,90,187,43,29,237,294,290,232,347,7,23,5,25,139,61,48,238,184,221,295,345,17,269,331,117,224,164,298,222,325,306,244,315,169,294,58,199,,,351,342,,,346,30,353,289,349,197,228,240,118,54,340,347,31,66,71,204,176,335,272,315,310,251,263,104,,352,,,b'\x11\xe8\xe1I\xc7p\xf00\xaf\x82\x12\xdf\x17\xaeN\x1e'
11E8E149-C770-F030-AF82-12DF17AE4E1E,2022-ncaa-d1-conf-Ivy League,ncaa,7,7,5,7,5,8,7,6,8,8,7,7,7,6,8,3,8,8,7,8,8,7,7,8,8,8,7,5,8,7,7,6,5,6,6,8,8,5,7,8,8,7,6,6,,,2,3,,,8,8,8,1,8,7,5,8,5,7,4,8,8,8,7,7,6,5,6,8,6,6,6,,3,,,8,6,6,5,8,4,2,7,8,8,8,7,2,2,1,2,5,4,1,8,8,8,7,8,1,6,5,3,7,5,6,7,6,8,6,7,5,6,1,3,,,8,8,,,8,1,8,8,8,7,7,6,4,4,8,8,2,4,4,5,3,7,5,6,7,7,6,2,,8,,,b'\x11\xe8\xe1I\xc7p\xf00\xaf\x82\x12\xdf\x17\xaeN\x1e'
11E8E149-C770-F030-AF82-12DF17AE4E1E,2022-ncaa-d1-natl,ncaa,345,327,326,346,337,354,353,345,356,355,345,356,267,203,336,56,356,356,333,356,347,352,342,355,356,354,102,46,340,273,231,322,334,322,313,350,236,204,339,347,328,293,320,281,,,26,120,,,346,346,310,176,355,355,305,356,318,215,109,356,354,355,339,291,181,245,237,352,308,297,299,,134,,,349,49,66,53,201,38,15,254,290,279,245,348,6,19,4,21,140,34,23,258,197,243,297,345,17,249,334,75,231,126,313,214,326,327,252,321,148,304,50,213,,,353,340,,,346,15,353,306,349,207,243,243,133,57,343,347,31,69,72,207,171,338,274,319,319,257,268,115,,351,,,b'\x11\xe8\xe1I\xc7p\xf00\xaf\x82\x12\xdf\x17\xaeN\x1e'
11E8E149-C770-F030-AF82-12DF17AE4E1E,2023-ncaa-d0-natl,ncaa,355,352,290,355,320,343,343,319,344,355,319,354,186,188,183,97,345,339,328,335,279,329,307,313,340,344,62,43,292,246,237,318,277,313,292,331,260,260,333,338,231,178,339,337,,,124,228,,,349,309,202,291,343,342,281,351,285,147,126,347,332,329,301,221,192,298,280,329,320,195,338,,213,,,348,160,220,81,340,170,68,322,260,149,353,246,23,67,5,63,127,67,56,352,324,323,173,294,17,138,277,162,237,146,292,273,292,254,186,305,322,347,277,347,,,347,346,,,349,56,345,327,349,284,321,191,272,145,322,231,54,117,114,172,155,240,277,284,326,193,342,316,,343,,,b'\x11\xe8\xe1I\xc7p\xf00\xaf\x82\x12\xdf\x17\xaeN\x1e'
11E8E149-C770-F030-AF82-12DF17AE4E1E,2023-ncaa-d1-conf-Ivy League,ncaa,8,8,5,8,7,8,8,8,8,8,7,8,5,5,4,2,8,8,3,8,6,8,8,8,8,8,1,1,4,7,7,5,5,6,7,8,7,8,8,8,8,8,7,7,,,4,5,,,8,6,3,6,8,8,7,8,7,5,3,8,8,8,8,6,6,5,6,8,8,7,7,,5,,,8,5,5,3,7,5,4,6,5,2,7,4,3,3,1,3,5,4,3,7,7,7,5,5,2,4,5,7,7,5,7,5,5,7,7,7,8,8,8,8,,,8,8,,,8,3,8,7,8,7,7,5,7,6,7,4,3,4,4,6,6,6,8,7,6,7,8,8,,8,,,b'\x11\xe8\xe1I\xc7p\xf00\xaf\x82\x12\xdf\x17\xaeN\x1e'
11E8E149-C770-F030-AF82-12DF17AE4E1E,2023-ncaa-d1-natl,ncaa,355,351,342,356,351,354,352,345,346,358,336,356,203,204,180,99,352,346,327,343,278,351,343,327,345,349,57,40,288,274,252,342,285,337,308,343,264,238,335,343,258,195,348,342,,,100,239,,,349,343,208,291,344,346,290,354,290,147,129,348,332,329,306,231,206,303,290,333,323,206,339,,220,,,350,117,194,43,345,141,44,329,247,129,357,243,17,48,4,46,126,28,24,354,331,330,173,291,16,110,285,118,252,104,308,264,290,289,195,315,313,349,273,348,,,355,345,,,349,19,348,335,352,298,323,197,290,148,326,233,55,119,114,177,159,245,283,287,328,205,344,318,,345,,,b'\x11\xe8\xe1I\xc7p\xf00\xaf\x82\x12\xdf\x17\xaeN\x1e'
11E8E149-C770-F030-AF82-12DF17AE4E1E,2024-ncaa-d0-natl,ncaa,334,251,360,326,360,360,360,360,350,360,359,357,333,343,219,181,360,360,262,360,349,360,360,342,351,349,168,104,306,358,345,354,258,360,326,358,130,17,330,307,358,333,307,256,,,1,1,,,322,360,358,263,360,358,358,359,316,271,283,359,359,359,360,358,344,246,338,334,197,348,242,,1,,,337,2,5,4,201,13,10,167,50,27,266,232,1,1,47,1,2,1,1,199,117,206,36,295,2,33,258,3,345,5,326,39,230,360,330,344,35,312,4,111,,,359,243,,,322,1,354,265,344,66,207,198,186,199,206,167,1,1,1,66,12,234,234,242,235,348,215,41,,344,,,b'\x11\xe8\xe1I\xc7p\xf00\xaf\x82\x12\xdf\x17\xaeN\x1e'
11E8E149-C770-F030-AF82-12DF17AE4E1E,2024-ncaa-d1-conf-Ivy League,ncaa,7,7,5,7,6,8,8,8,8,8,8,8,6,5,6,3,8,8,4,8,6,8,8,7,7,8,2,2,4,8,8,6,7,8,8,8,2,7,8,8,8,8,7,6,,,1,1,,,8,8,8,3,8,8,8,8,8,5,5,8,8,8,8,8,8,5,8,8,8,8,6,,1,,,8,2,5,5,6,4,5,6,5,7,3,8,1,1,1,1,1,4,1,6,6,6,2,7,1,7,7,7,8,6,8,7,6,8,8,8,8,8,2,6,,,8,5,,,8,1,8,7,8,5,7,7,6,6,7,8,1,1,1,6,2,7,7,6,7,8,8,4,,8,,,b'\x11\xe8\xe1I\xc7p\xf00\xaf\x82\x12\xdf\x17\xaeN\x1e'
11E8E149-C770-F030-AF82-12DF17AE4E1E,2024-ncaa-d1-natl,ncaa,322,253,360,313,360,362,362,362,345,362,356,350,316,329,243,145,362,362,283,362,356,362,362,337,350,347,180,92,334,357,322,348,242,360,294,354,125,23,321,298,358,324,316,259,,,1,1,,,308,362,360,264,361,359,359,358,317,257,249,361,361,361,362,360,326,239,318,328,189,342,249,,1,,,323,2,7,7,179,16,15,137,70,35,269,236,1,1,13,1,1,2,1,186,91,170,41,310,2,41,242,7,322,6,294,51,233,361,310,332,40,283,6,99,,,362,297,,,308,1,352,225,333,50,180,182,166,182,208,170,1,1,1,53,10,218,199,213,214,345,174,38,,352,,,b'\x11\xe8\xe1I\xc7p\xf00\xaf\x82\x12\xdf\x17\xaeN\x1e'
11E8E149-C770-F030-AF82-12DF17AE4E1E,2025-ncaa-d0-natl,genius_ncaa,325,249,359,320,360,361,360,360,339,354,350,311,319,298,327,123,362,361,359,361,345,361,362,335,351,344,252,153,343,321,241,360,340,360,330,358,250,22,250,294,352,292,321,303,,,1,8,,2,315,362,352,157,355,347,301,326,276,274,191,359,352,350,333,339,222,327,313,330,167,312,282,,4,,3,329,5,28,7,287,75,39,285,13,13,120,91,1,1,41,1,9,1,1,247,185,233,4,73,7,130,340,18,241,26,330,67,216,359,281,327,20,220,109,303,,,362,317,,325,315,1,341,303,339,138,268,190,317,277,81,75,9,14,17,119,49,310,253,291,263,318,155,273,,347,,292,b'\x11\xe8\xe1I\xc7p\xf00\xaf\x82\x12\xdf\x17\xaeN\x1e'
11E8E149-C770-F030-AF82-12DF17AE4E1E,2025-ncaa-d1-conf-Ivy League,genius_ncaa,8,8,5,8,5,8,7,6,8,7,7,8,6,5,7,5,8,7,8,7,5,7,6,8,8,8,4,4,6,6,5,8,8,8,8,8,6,7,7,8,7,7,5,5,,,1,1,,1,8,7,7,1,8,7,6,7,7,6,5,8,7,7,7,5,5,8,8,8,7,7,5,,1,,1,8,6,8,5,7,7,7,7,3,2,6,2,3,3,3,3,2,4,3,7,7,7,1,2,2,6,8,6,5,7,8,5,3,6,7,7,8,8,7,7,,,7,6,,6,8,2,8,7,8,7,8,7,7,7,4,3,3,4,4,6,6,7,7,7,7,6,8,8,,7,,6,b'\x11\xe8\xe1I\xc7p\xf00\xaf\x82\x12\xdf\x17\xaeN\x1e'
11E8E149-C770-F030-AF82-12DF17AE4E1E,2025-ncaa-d1-natl,genius_ncaa,319,249,361,316,362,361,358,359,322,349,346,284,317,293,325,123,362,360,356,360,346,361,361,319,341,334,271,158,348,319,241,361,338,359,330,353,271,23,236,285,340,270,324,310,,,1,8,,2,314,362,352,158,353,338,295,309,264,270,190,359,351,351,327,335,224,334,315,331,150,292,288,,5,,3,320,3,32,4,294,81,37,294,10,12,120,95,1,1,47,1,10,2,1,248,189,225,5,74,7,126,338,15,241,26,330,73,225,358,264,319,23,198,117,305,,,362,324,,323,314,1,335,294,331,130,262,183,316,269,77,73,7,13,15,106,48,302,237,286,267,306,140,275,,352,,296,b'\x11\xe8\xe1I\xc7p\xf00\xaf\x82\x12\xdf\x17\xaeN\x1e'
11E8E149-C770-F030-AF82-12DF17AE4E1E,2026-ncaa-d0-natl,genius_ncaa,123,39,279,75,291,324,327,326,269,346,338,294,212,247,120,64,331,335,183,335,220,330,337,228,232,204,42,40,242,271,160,299,194,307,163,257,30,19,133,115,352,336,273,223,,,1,2,,4,171,341,362,97,309,318,329,344,336,124,143,306,314,317,341,358,204,237,231,176,56,354,236,,1,,7,171,7,31,52,126,51,50,204,31,80,29,281,1,1,11,1,1,23,19,113,48,101,8,198,1,56,194,42,160,37,163,74,280,342,296,314,70,249,94,255,,,299,62,,187,171,19,192,133,169,19,108,125,157,111,71,186,1,1,1,20,3,166,98,114,196,344,148,168,,208,,134,b'\x11\xe8\xe1I\xc7p\xf00\xaf\x82\x12\xdf\x17\xaeN\x1e'
11E8E149-C770-F030-AF82-12DF17AE4E1E,2026-ncaa-d1-natl,genius_ncaa,110,39,271,67,286,320,320,337,203,349,344,258,157,237,64,67,334,347,120,347,254,346,352,159,165,157,38,28,277,304,195,299,160,318,157,238,40,17,143,95,348,307,225,154,,,1,1,,3,132,354,361,100,275,283,330,335,332,80,142,308,329,331,345,358,251,211,243,156,59,345,169,,1,,4,120,5,20,37,91,44,41,168,33,78,38,291,1,1,9,1,1,11,7,86,30,66,9,239,1,43,160,23,195,21,157,83,288,340,244,282,93,276,83,227,,,327,119,,162,132,8,156,87,112,8,87,124,116,98,80,183,1,1,1,12,5,127,81,82,180,312,178,142,,250,,118,b'\x11\xe8\xe1I\xc7p\xf00\xaf\x82\x12\xdf\x17\xaeN\x1e'
11E8E149-C775-864A-AF82-12DF17AE4E1E,2010-ncaa-d0-natl,ncaa,197,145,288,192,293,209,227,296,66,232,282,111,154,239,20,180,155,145,215,141,38,283,277,61,56,122,90,123,109,289,232,173,98,229,123,200,155,184,269,211,264,242,179,129,,,282,332,,,167,260,91,95,103,143,249,176,230,106,186,86,59,56,201,148,260,47,126,142,273,222,157,,331,,,167,105,36,72,99,12,24,70,277,243,282,293,270,276,145,276,330,95,84,165,201,207,344,311,300,80,98,39,232,42,123,36,112,240,185,114,191,250,166,254,,,132,24,,,167,89,144,195,168,249,121,177,45,59,320,299,316,318,318,245,251,192,133,157,106,157,256,221,,26,,,b'\x11\xe8\xe1I\xc7u\x86J\xaf\x82\x12\xdf\x17\xaeN\x1e'
11E8E149-C775-864A-AF82-12DF17AE4E1E,2010-ncaa-d1-conf-SoCon,ncaa,6,5,9,6,11,4,5,9,3,4,7,4,4,5,1,8,2,1,7,1,2,6,7,3,2,3,4,5,4,9,5,4,4,4,3,4,4,7,7,4,10,10,6,6,,,9,11,,,4,6,4,3,1,2,8,4,6,3,5,1,1,1,4,4,7,2,4,3,8,9,5,,11,,,4,6,3,6,3,2,4,4,7,8,7,8,10,10,6,10,11,7,6,4,6,8,11,6,11,4,4,2,5,2,3,5,6,9,9,8,5,5,7,9,,,1,2,,,4,6,3,6,4,9,6,8,5,7,10,11,10,10,10,9,8,5,4,7,7,8,7,8,,1,,,b'\x11\xe8\xe1I\xc7u\x86J\xaf\x82\x12\xdf\x17\xaeN\x1e'
11E8E149-C775-864A-AF82-12DF17AE4E1E,2010-ncaa-d1-natl,ncaa,189,145,276,184,284,191,214,293,77,224,268,119,146,221,27,185,142,120,218,116,38,272,249,70,68,128,97,128,105,283,244,142,94,217,135,188,148,200,257,208,257,248,166,121,,,297,330,,,170,229,91,98,107,145,244,181,223,109,185,84,60,56,196,150,262,47,123,137,263,218,148,,330,,,170,128,43,97,95,17,30,62,290,259,275,294,286,283,159,279,326,125,122,148,188,189,343,311,301,108,94,65,244,66,135,40,113,226,187,117,187,235,164,241,,,107,30,,,170,122,152,189,170,247,120,190,44,64,321,303,314,316,315,248,253,199,156,183,103,162,237,204,,27,,,b'\x11\xe8\xe1I\xc7u\x86J\xaf\x82\x12\xdf\x17\xaeN\x1e'
11E8E149-C775-864A-AF82-12DF17AE4E1E,2011-ncaa-d0-natl,ncaa,181,207,119,193,159,175,209,253,137,164,184,141,257,270,193,256,53,105,8,98,69,223,207,171,105,147,177,277,18,203,121,168,262,184,142,109,21,218,249,143,122,112,85,81,,,89,84,,,146,206,268,252,194,245,306,182,213,282,285,43,102,96,277,277,231,197,227,107,208,121,84,,66,,,146,118,165,224,97,125,197,87,228,222,200,237,44,50,78,46,44,181,156,117,83,121,168,266,43,270,262,38,121,117,142,195,228,218,230,231,215,242,87,102,,,134,71,,,146,120,156,159,150,103,146,214,116,184,233,231,35,45,40,152,107,271,29,95,190,244,214,85,,135,,,b'\x11\xe8\xe1I\xc7u\x86J\xaf\x82\x12\xdf\x17\xaeN\x1e'
11E8E149-C775-864A-AF82-12DF17AE4E1E,2011-ncaa-d1-conf-SoCon,ncaa,7,8,3,8,6,5,7,7,5,3,5,5,8,9,7,9,2,5,1,5,5,8,5,6,4,4,8,9,3,6,3,8,10,8,5,4,3,6,8,5,2,3,4,3,,,4,5,,,5,5,8,9,6,7,9,4,6,8,9,2,4,4,9,8,7,8,9,4,6,3,3,,4,,,5,7,6,6,6,5,4,4,10,9,10,9,3,3,3,3,4,6,7,8,6,6,8,10,3,9,10,1,3,3,5,9,9,6,6,10,4,5,5,5,,,5,4,,,5,4,4,9,6,6,6,6,5,5,10,9,2,4,4,5,5,8,1,3,10,7,5,5,,4,,,b'\x11\xe8\xe1I\xc7u\x86J\xaf\x82\x12\xdf\x17\xaeN\x1e'
11E8E149-C775-864A-AF82-12DF17AE4E1E,2011-ncaa-d1-natl,ncaa,188,202,132,202,182,194,230,275,145,180,207,146,260,278,191,256,60,117,9,112,67,253,241,174,108,154,176,276,16,223,127,191,265,212,150,125,22,199,252,147,136,116,91,84,,,72,83,,,152,244,268,255,201,248,311,187,216,280,285,47,103,97,279,278,234,200,231,115,208,130,84,,66,,,152,98,148,202,101,112,173,91,218,211,204,237,36,40,83,36,43,153,125,122,89,128,167,264,42,260,265,21,127,87,150,190,231,240,233,239,202,247,78,108,,,152,66,,,152,89,158,168,157,108,152,214,122,188,232,231,35,46,42,156,104,272,30,98,193,247,214,87,,136,,,b'\x11\xe8\xe1I\xc7u\x86J\xaf\x82\x12\xdf\x17\xaeN\x1e'
11E8E149-C775-864A-AF82-12DF17AE4E1E,2012-ncaa-d0-natl,ncaa,59,54,81,64,112,112,106,121,94,68,52,153,261,288,118,306,91,76,217,67,159,109,97,159,150,165,288,295,115,119,120,49,165,64,103,148,235,250,203,201,58,69,37,61,,,67,21,,,66,91,155,262,150,126,186,67,69,282,301,112,94,84,164,157,143,59,86,179,204,67,38,,31,,,65,90,135,275,19,147,297,11,126,132,143,86,55,51,188,57,14,242,249,13,11,15,90,162,79,273,165,175,120,232,103,26,10,96,130,26,324,295,187,92,,,150,234,,,66,241,157,26,67,46,86,229,105,286,103,91,37,33,37,176,197,246,119,171,16,120,297,154,,211,,,b'\x11\xe8\xe1I\xc7u\x86J\xaf\x82\x12\xdf\x17\xaeN\x1e'
11E8E149-C775-864A-AF82-12DF17AE4E1E,2012-ncaa-d1-conf-SoCon,ncaa,2,1,3,2,6,3,3,3,4,2,3,6,8,9,4,9,2,2,5,2,5,3,4,6,6,4,9,8,3,4,4,2,4,3,3,5,9,4,2,4,2,2,2,2,,,2,2,,,2,5,5,6,2,3,4,2,3,8,9,2,3,3,3,5,4,3,4,5,4,2,2,,2,,,2,1,1,8,1,2,9,1,2,4,3,4,2,2,5,2,2,6,7,1,1,1,4,7,5,7,4,5,4,8,3,1,1,6,5,1,4,4,2,1,,,5,6,,,2,7,3,2,2,1,1,7,2,8,3,5,2,2,2,7,7,7,3,6,1,6,5,3,,5,,,b'\x11\xe8\xe1I\xc7u\x86J\xaf\x82\x12\xdf\x17\xaeN\x1e'
11E8E149-C775-864A-AF82-12DF17AE4E1E,2012-ncaa-d1-natl,ncaa,68,54,90,65,129,134,124,145,100,74,58,162,269,296,117,304,98,86,215,79,157,125,109,161,154,169,285,292,115,131,123,60,168,76,112,167,237,231,206,209,67,72,41,62,,,50,23,,,71,113,158,262,157,132,192,79,72,282,300,112,95,85,169,166,153,60,92,193,206,70,44,,30,,,69,70,114,262,24,135,289,11,114,113,150,86,48,43,194,49,15,222,233,13,11,17,88,159,76,263,168,152,123,209,112,22,10,108,137,26,321,297,176,93,,,166,231,,,71,218,162,29,70,49,91,231,110,287,111,90,40,34,38,174,195,248,119,174,18,128,296,155,,208,,,b'\x11\xe8\xe1I\xc7u\x86J\xaf\x82\x12\xdf\x17\xaeN\x1e'
11E8E149-C775-864A-AF82-12DF17AE4E1E,2013-ncaa-d0-natl,ncaa,60,105,16,90,19,55,49,55,76,36,40,69,193,183,190,235,90,116,82,115,242,58,37,102,96,123,278,249,202,93,145,18,206,35,135,23,40,323,221,102,31,72,22,66,,,164,27,,,75,34,181,242,138,112,207,77,136,242,246,180,222,222,214,201,210,85,132,49,211,69,42,,44,,,78,250,297,332,69,309,333,80,136,213,37,100,49,90,6,89,17,328,328,50,20,28,19,97,22,337,206,273,145,316,135,193,58,47,131,80,343,313,257,155,,,115,268,,,75,315,132,47,78,66,157,266,213,299,62,119,16,34,34,194,207,277,83,166,83,141,304,185,,267,,,b'\x11\xe8\xe1I\xc7u\x86J\xaf\x82\x12\xdf\x17\xaeN\x1e'
11E8E149-C775-864A-AF82-12DF17AE4E1E,2013-ncaa-d1-conf-SoCon,ncaa,2,2,1,2,1,2,2,4,1,1,5,2,6,5,5,7,2,3,4,3,6,4,4,2,1,2,7,8,5,7,7,2,5,4,3,1,2,7,4,2,2,3,1,1,,,2,2,,,2,2,7,6,2,3,6,2,6,6,9,3,6,6,7,7,8,4,4,1,2,2,1,,2,,,2,3,8,11,3,8,11,2,6,9,4,6,1,1,2,1,1,11,10,3,1,2,3,7,2,10,5,4,7,8,3,3,2,3,6,3,11,9,4,3,,,5,8,,,2,10,2,3,2,3,4,10,5,8,5,8,1,1,1,6,6,9,2,2,3,6,8,4,,8,,,b'\x11\xe8\xe1I\xc7u\x86J\xaf\x82\x12\xdf\x17\xaeN\x1e'
11E8E149-C775-864A-AF82-12DF17AE4E1E,2013-ncaa-d1-natl,ncaa,63,104,17,93,20,61,57,65,77,37,44,72,198,192,192,235,98,124,83,124,238,69,44,103,97,126,277,249,200,105,151,23,211,42,142,26,39,314,223,106,34,76,23,71,,,145,29,,,83,39,186,242,148,117,214,80,139,244,247,182,221,221,218,202,216,86,138,54,212,77,42,,43,,,90,239,292,329,70,307,332,86,131,207,39,100,46,78,7,77,17,324,325,52,22,34,18,95,22,335,211,260,151,311,142,183,59,54,137,81,343,315,251,160,,,128,265,,,83,311,140,54,87,70,161,270,219,300,67,119,17,35,35,200,207,278,84,167,87,142,305,186,,265,,,b'\x11\xe8\xe1I\xc7u\x86J\xaf\x82\x12\xdf\x17\xaeN\x1e'
11E8E149-C775-864A-AF82-12DF17AE4E1E,2014-ncaa-d0-natl,ncaa,148,173,85,164,98,109,137,154,127,152,163,176,128,160,56,186,47,68,94,68,64,127,132,120,91,93,99,153,55,253,287,142,306,196,298,125,133,173,142,135,92,141,162,228,,,116,29,,,191,96,121,133,124,182,224,193,204,139,184,45,62,64,188,203,284,195,259,154,132,106,175,,70,,,190,298,319,302,219,309,309,189,230,203,252,124,149,161,87,162,78,299,287,206,176,192,84,162,77,333,306,258,287,306,298,125,12,123,199,102,287,262,257,243,,,99,97,,,191,260,138,237,186,259,291,310,285,306,207,168,127,146,145,292,284,323,214,279,98,151,249,244,,127,,,b'\x11\xe8\xe1I\xc7u\x86J\xaf\x82\x12\xdf\x17\xaeN\x1e'
11E8E149-C775-864A-AF82-12DF17AE4E1E,2014-ncaa-d1-conf-SoCon,ncaa,2,3,1,3,2,1,2,3,2,4,5,3,3,3,3,5,1,1,1,1,1,1,2,2,2,2,3,4,1,7,8,2,10,4,8,2,3,3,2,2,2,5,3,4,,,7,2,,,2,1,5,5,1,3,8,6,7,3,4,1,1,1,2,6,9,5,7,2,2,4,4,,2,,,2,10,9,10,6,8,10,5,10,10,5,10,6,6,5,6,4,10,10,6,5,5,8,10,4,10,10,8,8,10,8,5,2,6,8,4,4,3,4,4,,,1,4,,,2,10,2,7,2,7,7,10,7,7,10,10,3,4,4,10,10,10,5,10,4,8,3,4,,4,,,b'\x11\xe8\xe1I\xc7u\x86J\xaf\x82\x12\xdf\x17\xaeN\x1e'
11E8E149-C775-864A-AF82-12DF17AE4E1E,2014-ncaa-d1-natl,ncaa,161,171,100,166,114,128,160,178,136,176,182,182,134,167,55,184,52,76,95,75,64,150,157,127,95,98,99,154,55,270,290,171,310,224,303,142,138,155,143,142,100,144,171,229,,,102,32,,,203,116,124,131,128,189,230,200,207,141,183,47,68,67,192,205,285,206,264,161,132,113,179,,74,,,200,286,310,296,223,304,303,193,220,188,256,121,137,155,89,154,76,289,279,213,183,201,82,164,75,327,310,238,290,300,303,116,13,141,206,105,271,265,251,248,,,108,93,,,203,246,143,254,195,263,296,313,291,307,209,167,129,145,145,293,281,326,219,280,101,153,250,246,,131,,,b'\x11\xe8\xe1I\xc7u\x86J\xaf\x82\x12\xdf\x17\xaeN\x1e'
11E8E149-C775-864A-AF82-12DF17AE4E1E,2015-ncaa-d0-natl,ncaa,320,329,172,326,220,289,225,175,266,198,139,288,212,229,173,204,348,347,313,347,349,235,195,267,309,321,291,160,346,183,216,165,226,174,223,137,51,298,306,218,277,286,148,143,,,233,257,,,321,195,177,212,311,233,149,207,115,206,221,347,347,347,248,183,185,137,150,120,306,278,136,,255,,,318,224,196,180,208,188,171,208,220,208,214,202,242,254,114,252,257,211,162,218,219,262,231,212,225,225,226,217,216,234,223,203,200,261,274,274,324,325,131,117,,,327,342,,,321,148,324,281,319,259,239,229,212,192,240,230,258,278,276,268,196,260,251,260,226,262,326,140,,341,,,b'\x11\xe8\xe1I\xc7u\x86J\xaf\x82\x12\xdf\x17\xaeN\x1e'
11E8E149-C775-864A-AF82-12DF17AE4E1E,2015-ncaa-d1-conf-Atlantic 10,ncaa,14,14,11,14,14,14,13,13,12,11,9,12,10,10,12,7,14,14,11,14,14,14,13,12,13,14,11,5,14,10,7,12,8,12,7,8,3,12,14,13,14,14,11,10,,,1,5,,,13,13,9,14,14,12,8,9,8,10,9,14,14,14,13,9,7,9,8,7,14,14,11,,5,,,13,7,6,3,12,4,1,12,10,10,10,14,4,4,2,5,10,2,1,12,11,12,10,12,5,5,8,3,7,2,7,9,10,13,12,12,14,14,3,4,,,14,14,,,13,1,14,13,13,10,11,8,8,2,13,12,6,8,8,8,2,8,8,7,9,13,14,4,,14,,,b'\x11\xe8\xe1I\xc7u\x86J\xaf\x82\x12\xdf\x17\xaeN\x1e'
11E8E149-C775-864A-AF82-12DF17AE4E1E,2015-ncaa-d1-natl,ncaa,324,328,209,329,264,311,257,222,272,224,163,293,220,243,177,203,349,348,314,348,349,272,245,273,312,324,287,160,346,212,221,190,232,210,233,160,53,281,312,227,292,295,157,146,,,213,266,,,324,237,183,206,315,244,155,216,121,206,223,348,348,348,256,186,188,142,154,128,308,285,142,,258,,,324,204,175,152,218,165,142,217,210,197,221,201,230,244,116,241,258,176,122,230,229,274,228,209,222,205,232,196,221,207,233,191,201,282,279,282,317,330,115,120,,,339,342,,,324,108,327,288,325,268,247,233,229,197,243,229,262,279,277,270,196,264,255,264,234,267,328,142,,342,,,b'\x11\xe8\xe1I\xc7u\x86J\xaf\x82\x12\xdf\x17\xaeN\x1e'
11E8E149-C775-864A-AF82-12DF17AE4E1E,2016-ncaa-d0-natl,ncaa,239,249,175,248,206,241,204,202,208,179,144,236,239,251,201,242,292,287,229,281,302,229,224,243,258,250,278,220,268,192,193,166,125,177,156,156,94,186,225,164,232,228,136,134,,,115,154,,,285,220,213,152,254,204,189,166,121,241,254,290,289,279,221,216,192,133,160,143,208,240,136,,134,,,283,216,209,183,220,157,162,178,269,202,325,220,175,116,324,121,134,169,126,252,247,288,254,271,141,122,125,176,193,147,156,235,232,283,288,295,285,300,256,233,,,257,264,,,285,128,250,272,284,242,233,218,191,181,281,236,189,138,143,210,139,142,202,172,248,290,290,262,,275,,,b'\x11\xe8\xe1I\xc7u\x86J\xaf\x82\x12\xdf\x17\xaeN\x1e'
11E8E149-C775-864A-AF82-12DF17AE4E1E,2016-ncaa-d1-conf-Atlantic 10,ncaa,13,10,10,13,13,13,13,13,10,9,9,11,7,9,2,7,13,12,12,12,10,12,11,9,12,13,8,7,10,10,8,12,8,12,10,6,3,10,14,10,5,3,8,7,,,4,7,,,13,10,7,13,12,12,9,9,7,7,7,12,11,10,10,9,8,11,11,6,11,2,8,,7,,,13,10,9,2,14,6,4,14,11,7,14,8,9,7,12,7,9,2,4,14,14,14,9,10,8,2,8,3,8,3,10,9,8,11,8,10,13,14,8,10,,,11,12,,,13,5,12,13,13,13,13,7,10,5,12,7,10,9,11,6,6,6,9,7,12,10,14,10,,11,,,b'\x11\xe8\xe1I\xc7u\x86J\xaf\x82\x12\xdf\x17\xaeN\x1e'
11E8E149-C775-864A-AF82-12DF17AE4E1E,2016-ncaa-d1-natl,ncaa,256,249,218,256,253,273,237,238,222,211,179,244,259,269,206,241,302,297,227,291,301,257,258,251,263,259,272,218,268,217,207,199,132,213,170,186,95,163,226,168,257,239,151,143,,,94,159,,,292,266,214,153,264,217,198,174,129,247,256,292,290,281,228,222,200,143,168,152,210,250,139,,140,,,291,194,194,151,230,142,129,188,259,186,328,215,158,98,326,106,136,137,83,259,258,298,250,267,141,99,132,146,207,112,170,219,230,307,293,304,272,304,248,244,,,282,261,,,292,87,257,288,293,248,242,221,194,186,281,235,191,143,151,213,138,144,206,180,255,296,290,266,,276,,,b'\x11\xe8\xe1I\xc7u\x86J\xaf\x82\x12\xdf\x17\xaeN\x1e'
11E8E149-C775-864A-AF82-12DF17AE4E1E,2017-ncaa-d0-natl,ncaa,314,313,234,316,275,300,245,206,276,114,52,285,348,345,347,348,298,245,324,248,334,215,217,321,329,318,347,348,223,175,197,194,181,193,206,229,181,181,220,233,170,150,199,176,,,271,316,,,307,225,108,253,303,233,141,64,8,348,346,287,230,234,156,128,133,129,118,205,245,131,193,,323,,,308,163,107,117,144,67,84,131,228,220,229,251,287,263,261,260,307,146,136,171,216,226,315,258,298,163,181,216,197,202,206,217,298,208,202,220,209,241,80,33,,,235,233,,,307,130,315,237,306,243,169,189,114,117,267,273,317,305,299,240,235,223,282,268,266,168,257,107,,200,,,b'\x11\xe8\xe1I\xc7u\x86J\xaf\x82\x12\xdf\x17\xaeN\x1e'
11E8E149-C775-864A-AF82-12DF17AE4E1E,2017-ncaa-d1-conf-Atlantic 10,ncaa,11,11,8,11,11,9,8,8,8,4,2,7,14,14,14,14,13,13,12,13,14,8,8,13,14,12,14,14,12,9,9,8,10,10,9,7,8,9,11,9,6,5,10,10,,,11,14,,,12,7,2,10,9,5,5,1,2,14,14,13,13,13,7,4,7,7,8,7,11,5,10,,14,,,12,10,7,6,9,5,2,11,11,12,10,12,10,9,14,8,13,6,8,11,12,12,13,13,10,8,10,8,9,8,9,11,11,7,5,8,11,11,2,1,,,11,13,,,12,8,12,11,12,13,12,9,7,2,13,13,13,13,12,9,13,10,12,11,12,4,12,3,,10,,,b'\x11\xe8\xe1I\xc7u\x86J\xaf\x82\x12\xdf\x17\xaeN\x1e'
11E8E149-C775-864A-AF82-12DF17AE4E1E,2017-ncaa-d1-natl,ncaa,318,312,310,319,323,319,281,257,285,138,61,292,348,348,348,348,310,270,324,272,337,270,270,322,331,322,347,348,218,198,207,236,194,230,220,257,183,161,226,241,193,159,211,184,,,256,317,,,311,282,115,254,305,243,146,70,13,348,346,291,231,232,166,133,143,144,125,214,246,145,198,,322,,,313,128,83,70,155,49,53,140,213,195,236,251,271,250,264,246,311,96,75,179,228,238,313,257,298,131,194,188,207,165,220,202,300,233,207,234,190,247,74,36,,,268,233,,,311,72,318,245,313,251,177,193,119,115,271,274,318,307,303,244,231,226,291,272,273,180,257,113,,206,,,b'\x11\xe8\xe1I\xc7u\x86J\xaf\x82\x12\xdf\x17\xaeN\x1e'
11E8E149-C775-864A-AF82-12DF17AE4E1E,2018-ncaa-d0-natl,ncaa,222,224,164,228,206,206,206,125,301,191,92,326,198,197,188,230,166,186,149,173,251,126,126,307,298,278,178,187,120,76,143,169,163,123,172,164,104,175,155,174,145,140,214,218,,,310,314,,,234,157,81,158,203,205,66,189,66,194,189,152,167,159,75,69,53,154,88,149,207,133,221,,323,,,232,185,154,127,226,178,148,231,114,108,169,118,291,298,91,298,305,160,198,207,229,155,191,106,288,152,163,267,143,236,172,209,249,92,89,121,277,260,286,237,,,157,181,,,234,208,251,154,220,209,177,123,205,163,137,117,293,312,310,182,258,172,292,262,222,66,289,290,,123,,,b'\x11\xe8\xe1I\xc7u\x86J\xaf\x82\x12\xdf\x17\xaeN\x1e'
11E8E149-C775-864A-AF82-12DF17AE4E1E,2018-ncaa-d1-conf-Atlantic 10,ncaa,9,9,8,9,9,10,7,7,13,6,3,13,10,12,6,11,10,9,8,8,12,7,5,12,13,11,9,9,8,3,5,9,10,7,8,8,4,9,8,8,3,4,10,10,,,11,14,,,10,8,2,4,6,6,3,5,1,8,11,7,5,5,4,2,2,7,4,7,10,2,10,,13,,,10,9,8,4,10,6,3,12,8,9,10,10,10,12,2,12,14,6,10,11,11,9,10,9,10,9,10,11,5,9,8,11,12,3,3,4,13,12,12,11,,,7,8,,,10,9,11,8,10,10,9,6,10,6,9,10,12,12,12,8,12,9,12,10,12,2,13,13,,3,,,b'\x11\xe8\xe1I\xc7u\x86J\xaf\x82\x12\xdf\x17\xaeN\x1e'
11E8E149-C775-864A-AF82-12DF17AE4E1E,2018-ncaa-d1-natl,ncaa,231,223,213,233,266,243,244,153,309,225,118,330,215,211,195,228,194,211,147,200,254,158,165,310,305,282,174,186,115,96,151,210,174,165,189,187,107,148,159,183,166,156,230,226,,,297,319,,,241,199,82,157,220,224,71,204,69,195,189,155,171,166,76,73,58,161,96,156,207,141,223,,323,,,241,155,128,80,240,159,111,246,96,81,173,113,276,291,104,291,309,112,157,221,238,174,184,98,284,130,174,239,151,216,189,199,248,112,95,133,266,265,277,243,,,195,182,,,241,173,263,172,231,220,186,125,218,169,137,115,299,312,313,186,256,177,293,267,231,70,292,299,,127,,,b'\x11\xe8\xe1I\xc7u\x86J\xaf\x82\x12\xdf\x17\xaeN\x1e'
11E8E149-C775-864A-AF82-12DF17AE4E1E,2019-ncaa-d0-natl,ncaa,146,152,114,157,132,140,128,79,243,146,132,205,105,78,231,104,232,239,162,241,290,97,101,221,231,202,160,114,279,58,115,134,107,95,136,114,126,167,111,119,166,184,196,197,,,207,185,,,117,123,121,111,138,133,44,159,136,101,69,258,267,276,71,89,64,153,79,111,148,180,206,,196,,,118,140,134,154,130,118,169,95,182,135,265,154,187,167,249,166,173,151,209,146,165,87,227,211,219,111,107,283,115,236,136,85,94,59,52,39,82,76,176,153,,,114,166,,,117,234,166,75,115,119,110,101,98,143,167,127,181,158,157,93,191,99,269,214,84,54,100,172,,122,,,b'\x11\xe8\xe1I\xc7u\x86J\xaf\x82\x12\xdf\x17\xaeN\x1e'
11E8E149-C775-864A-AF82-12DF17AE4E1E,2019-ncaa-d1-conf-Atlantic 10,ncaa,5,4,5,5,7,3,3,2,9,3,3,5,6,3,11,7,6,6,8,7,10,3,2,8,8,7,9,8,10,1,2,9,6,5,6,3,5,10,6,4,4,5,9,10,,,5,2,,,5,3,3,6,3,2,1,1,2,6,2,8,7,8,2,2,1,10,4,2,9,4,10,,3,,,5,9,10,8,12,9,8,10,9,5,10,6,8,6,13,6,7,6,11,11,11,6,7,8,8,5,6,13,2,8,6,9,7,1,1,3,6,5,9,8,,,3,8,,,5,12,7,4,5,7,7,4,9,7,8,5,8,7,7,3,9,5,9,6,8,1,5,9,,3,,,b'\x11\xe8\xe1I\xc7u\x86J\xaf\x82\x12\xdf\x17\xaeN\x1e'
11E8E149-C775-864A-AF82-12DF17AE4E1E,2019-ncaa-d1-natl,ncaa,148,152,107,159,118,140,130,73,244,157,134,220,103,81,219,105,215,234,151,237,264,93,94,222,230,208,135,112,259,58,121,131,113,89,142,108,112,192,137,131,161,173,204,207,,,208,177,,,125,114,115,116,138,140,53,170,146,101,72,236,246,251,81,82,66,148,84,112,172,176,210,,195,,,125,140,126,159,129,128,178,99,167,123,250,139,195,179,231,181,174,163,218,139,151,86,209,192,217,115,113,282,121,232,142,83,88,57,51,37,125,95,190,161,,,99,141,,,125,241,171,69,121,118,112,105,109,159,147,115,179,171,172,98,203,108,265,211,81,52,123,181,,108,,,b'\x11\xe8\xe1I\xc7u\x86J\xaf\x82\x12\xdf\x17\xaeN\x1e'
11E8E149-C775-864A-AF82-12DF17AE4E1E,2020-ncaa-d0-natl,ncaa,163,170,87,174,165,148,121,109,159,164,147,199,93,114,76,125,287,297,166,299,314,152,192,136,162,141,156,95,314,155,182,72,64,96,118,140,193,88,81,106,348,347,199,252,,,222,248,,,162,188,221,264,172,134,113,179,174,99,123,304,308,310,174,234,169,72,99,154,75,348,208,,200,,,162,187,226,228,173,299,321,151,35,41,83,21,189,202,120,200,96,229,154,108,109,224,10,21,187,107,64,252,182,202,118,81,25,315,321,237,71,68,244,208,,,252,275,,,162,165,134,198,160,155,213,211,301,324,28,30,174,187,187,209,105,94,222,169,73,331,62,223,,273,,,b'\x11\xe8\xe1I\xc7u\x86J\xaf\x82\x12\xdf\x17\xaeN\x1e'
11E8E149-C775-864A-AF82-12DF17AE4E1E,2020-ncaa-d1-conf-Atlantic 10,ncaa,7,7,5,7,7,5,3,2,6,5,5,8,3,3,3,5,10,10,4,10,11,4,6,3,8,5,7,3,13,6,8,5,7,3,5,5,11,5,3,4,14,14,7,10,,,11,11,,,7,7,4,6,2,2,1,5,6,3,4,10,11,10,3,5,7,3,4,7,4,14,7,,12,,,7,14,13,14,10,14,14,10,1,2,2,1,9,11,6,10,3,13,8,7,7,11,1,1,6,10,7,12,8,11,5,4,1,12,13,10,6,5,7,5,,,11,13,,,7,8,4,10,7,10,12,12,14,14,1,1,8,10,10,13,11,8,10,10,5,13,6,6,,13,,,b'\x11\xe8\xe1I\xc7u\x86J\xaf\x82\x12\xdf\x17\xaeN\x1e'
11E8E149-C775-864A-AF82-12DF17AE4E1E,2020-ncaa-d1-natl,ncaa,150,170,45,170,115,135,102,76,159,146,145,193,98,106,94,123,282,290,145,295,314,125,159,137,166,138,161,99,312,149,192,56,67,70,121,128,193,83,74,105,347,346,195,245,,,239,250,,,160,171,234,264,175,140,119,184,183,105,117,299,307,310,184,245,176,69,100,154,70,348,205,,203,,,162,206,240,251,171,302,326,150,37,41,83,22,190,217,79,215,105,257,165,111,106,220,10,22,184,131,67,268,192,220,121,84,24,316,319,239,73,70,237,206,,,250,265,,,160,182,129,201,154,152,206,208,291,322,31,32,170,196,194,207,102,103,225,176,68,329,57,211,,270,,,b'\x11\xe8\xe1I\xc7u\x86J\xaf\x82\x12\xdf\x17\xaeN\x1e'
11E8E149-C775-864A-AF82-12DF17AE4E1E,2021-ncaa-d0-natl,ncaa,191,250,136,218,152,161,158,138,230,191,206,148,85,55,247,38,219,211,209,206,192,154,163,193,218,174,90,63,269,205,291,164,116,177,280,186,245,115,71,144,284,318,179,210,,,212,245,,,228,149,215,224,212,195,156,257,279,86,38,271,269,264,192,254,270,230,272,238,54,325,217,,195,,,218,210,221,181,257,235,199,274,166,182,139,136,222,221,220,222,214,185,178,241,250,269,115,100,193,141,116,274,291,234,280,121,27,202,237,144,158,144,63,58,,,159,151,,,228,188,199,250,229,192,198,123,233,150,133,123,205,201,203,125,79,79,296,233,62,254,121,26,,196,,,b'\x11\xe8\xe1I\xc7u\x86J\xaf\x82\x12\xdf\x17\xaeN\x1e'
11E8E149-C775-864A-AF82-12DF17AE4E1E,2021-ncaa-d1-conf-Atlantic 10,ncaa,9,10,4,9,6,7,9,4,11,9,9,3,5,3,12,4,6,7,8,6,8,5,6,9,10,9,6,7,8,13,14,8,9,11,13,11,14,6,5,11,9,11,11,12,,,11,12,,,12,5,4,13,10,10,9,9,10,6,5,9,8,8,8,9,14,11,14,13,2,11,10,,10,,,12,11,11,10,14,13,11,14,4,3,6,2,12,12,6,12,9,10,10,13,13,12,2,2,10,8,9,12,14,10,13,6,1,7,7,2,10,10,2,1,,,5,8,,,12,10,12,12,12,9,12,6,14,11,2,2,10,12,12,6,6,7,13,11,3,8,9,1,,9,,,b'\x11\xe8\xe1I\xc7u\x86J\xaf\x82\x12\xdf\x17\xaeN\x1e'
11E8E149-C775-864A-AF82-12DF17AE4E1E,2021-ncaa-d1-natl,ncaa,202,250,152,229,173,175,174,152,238,208,227,152,95,61,246,37,228,226,206,222,195,167,184,201,221,180,88,59,263,220,295,180,125,200,288,203,246,103,73,146,293,321,193,214,,,202,247,,,238,172,219,225,218,201,162,264,280,88,39,273,271,266,199,258,275,235,277,244,54,327,221,,194,,,229,191,207,164,262,226,189,279,156,163,144,136,214,214,226,214,214,169,158,250,258,280,114,99,195,132,125,262,295,220,288,114,25,221,246,150,151,146,55,60,,,174,145,,,238,166,202,258,241,203,208,130,240,154,131,120,208,202,205,131,79,82,297,231,66,260,120,27,,198,,,b'\x11\xe8\xe1I\xc7u\x86J\xaf\x82\x12\xdf\x17\xaeN\x1e'
11E8E149-C775-864A-AF82-12DF17AE4E1E,2022-ncaa-d0-natl,ncaa,107,180,27,151,39,89,77,91,89,92,133,64,70,63,136,98,190,245,28,249,292,103,97,81,81,99,166,112,286,129,173,137,230,133,187,131,273,247,178,176,227,287,204,223,,,329,310,,,136,89,308,253,180,147,247,184,272,115,127,283,315,318,284,308,233,293,291,225,124,302,256,,259,,,140,281,252,244,193,222,216,203,263,251,215,196,301,314,93,319,290,262,268,207,209,197,247,196,256,276,230,229,173,260,187,115,24,86,132,57,195,134,92,68,,,96,144,,,136,267,104,195,140,128,97,51,100,57,166,138,213,241,251,64,63,163,55,84,25,189,92,32,,219,,,b'\x11\xe8\xe1I\xc7u\x86J\xaf\x82\x12\xdf\x17\xaeN\x1e'
11E8E149-C775-864A-AF82-12DF17AE4E1E,2022-ncaa-d1-conf-Atlantic 10,ncaa,8,10,1,9,1,5,4,3,8,3,4,5,5,5,11,5,10,11,1,11,12,4,3,8,8,8,8,5,12,5,8,10,14,5,9,9,10,11,9,9,8,11,8,10,,,14,13,,,8,4,9,6,8,6,7,5,9,5,5,11,14,14,10,8,8,13,12,9,9,11,11,,14,,,8,11,10,8,11,12,8,13,7,10,6,8,13,14,8,14,14,10,13,10,11,7,7,5,13,12,14,9,8,11,9,5,3,1,3,2,10,6,5,4,,,7,8,,,8,11,9,8,8,8,7,4,6,4,6,5,13,14,14,7,8,10,4,7,4,2,7,3,,10,,,b'\x11\xe8\xe1I\xc7u\x86J\xaf\x82\x12\xdf\x17\xaeN\x1e'
11E8E149-C775-864A-AF82-12DF17AE4E1E,2022-ncaa-d1-natl,ncaa,120,180,32,163,50,110,90,108,95,116,166,70,86,84,144,98,214,270,25,273,293,130,125,90,91,107,163,112,287,159,187,172,241,168,203,165,279,226,187,188,262,301,220,234,,,323,318,,,161,118,316,251,201,166,258,197,273,117,132,285,316,321,293,318,244,300,308,241,128,308,265,,269,,,165,259,227,210,210,199,178,214,241,233,231,192,288,304,100,310,293,236,250,220,227,218,244,195,256,261,241,207,187,229,203,94,23,115,151,66,169,141,81,75,,,113,141,,,161,233,119,222,166,137,105,52,108,60,169,140,223,246,256,69,64,164,57,89,27,203,92,35,,217,,,b'\x11\xe8\xe1I\xc7u\x86J\xaf\x82\x12\xdf\x17\xaeN\x1e'
11E8E149-C775-864A-AF82-12DF17AE4E1E,2023-ncaa-d0-natl,ncaa,181,188,164,191,203,207,174,251,81,184,265,63,151,160,138,104,333,341,107,341,337,283,294,86,103,124,209,116,346,256,199,315,174,315,213,245,301,106,209,207,294,264,205,160,,,164,293,,,192,293,339,226,221,171,294,183,277,148,147,337,350,350,321,334,262,342,338,257,123,299,201,,182,,,191,134,147,48,330,154,62,324,145,89,316,161,122,120,167,130,240,46,50,328,325,307,151,177,157,37,174,60,199,35,213,90,86,213,118,145,50,124,32,75,,,279,220,,,192,65,131,279,191,143,170,26,172,52,154,83,138,138,153,20,12,35,61,32,97,205,66,32,,304,,,b'\x11\xe8\xe1I\xc7u\x86J\xaf\x82\x12\xdf\x17\xaeN\x1e'
11E8E149-C775-864A-AF82-12DF17AE4E1E,2023-ncaa-d1-conf-Atlantic 10,ncaa,11,9,14,11,14,11,11,15,4,11,13,5,11,14,5,9,12,12,6,12,13,15,15,5,5,7,9,9,11,13,8,15,6,15,11,12,11,7,11,10,13,9,10,10,,,10,15,,,11,15,14,4,9,9,13,7,10,9,10,11,11,12,14,13,11,14,13,10,10,10,9,,15,,,11,2,2,1,15,10,1,15,2,1,9,1,3,5,3,5,12,1,1,15,15,13,1,1,7,1,6,1,8,1,11,3,3,10,2,5,4,8,3,3,,,12,6,,,11,1,7,12,9,9,10,1,15,4,3,1,8,8,8,1,2,2,3,1,4,5,6,3,,8,,,b'\x11\xe8\xe1I\xc7u\x86J\xaf\x82\x12\xdf\x17\xaeN\x1e'
11E8E149-C775-864A-AF82-12DF17AE4E1E,2023-ncaa-d1-natl,ncaa,202,186,219,206,266,249,218,305,90,218,295,68,171,181,137,107,340,347,107,347,335,323,337,89,107,129,204,118,343,280,203,340,176,340,227,282,305,76,220,222,322,282,219,166,,,138,297,,,208,336,340,201,238,195,299,192,284,148,150,339,349,349,324,340,270,348,343,273,121,310,202,,186,,,208,90,103,19,337,121,38,331,128,65,322,162,99,106,165,113,240,17,19,336,332,319,149,174,154,23,176,36,203,13,227,71,89,247,132,171,37,124,25,81,,,306,213,,,208,26,139,302,210,159,182,26,178,54,161,83,147,143,158,21,11,36,62,32,106,214,68,35,,306,,,b'\x11\xe8\xe1I\xc7u\x86J\xaf\x82\x12\xdf\x17\xaeN\x1e'
11E8E149-C775-864A-AF82-12DF17AE4E1E,2024-ncaa-d0-natl,ncaa,127,40,347,64,354,297,275,356,60,282,340,58,220,277,76,132,324,332,142,335,221,355,358,61,69,71,188,134,274,303,108,336,163,339,108,308,317,7,146,173,306,169,90,29,,,31,267,,,62,359,344,263,165,143,292,169,264,141,184,261,271,277,295,333,204,254,249,252,76,224,40,,166,,,50,1,1,1,42,5,27,19,2,1,102,19,52,41,275,39,167,2,2,27,41,30,105,29,309,18,163,1,108,1,108,1,2,298,107,4,7,87,4,40,,,334,109,,,62,2,64,35,43,8,7,17,48,150,7,7,171,161,162,20,21,110,23,38,1,174,47,21,,229,,,b'\x11\xe8\xe1I\xc7u\x86J\xaf\x82\x12\xdf\x17\xaeN\x1e'
11E8E149-C775-864A-AF82-12DF17AE4E1E,2024-ncaa-d1-conf-Atlantic 10,ncaa,9,6,15,7,15,15,15,15,6,14,15,5,14,15,9,9,14,15,9,15,10,15,15,7,7,7,10,10,8,15,10,15,10,15,11,15,15,1,5,12,15,10,4,2,,,2,15,,,7,15,15,7,10,11,15,10,10,12,12,10,9,8,15,15,10,10,12,13,3,10,2,,11,,,7,1,1,1,5,1,1,2,1,1,6,1,5,2,15,2,10,1,1,4,5,6,4,1,15,1,10,1,10,1,11,1,2,15,12,2,1,6,1,3,,,15,2,,,7,1,8,6,7,4,2,1,7,13,1,1,13,11,11,3,2,8,8,7,1,12,2,2,,6,,,b'\x11\xe8\xe1I\xc7u\x86J\xaf\x82\x12\xdf\x17\xaeN\x1e'
11E8E149-C775-864A-AF82-12DF17AE4E1E,2024-ncaa-d1-natl,ncaa,137,40,360,68,360,333,320,360,63,321,353,66,236,297,77,135,337,345,139,346,222,359,361,66,75,78,182,133,276,322,123,357,177,354,125,337,322,4,151,186,331,186,98,30,,,23,278,,,76,361,349,264,177,165,302,186,271,147,189,265,276,282,306,337,220,263,268,272,77,244,42,,169,,,58,1,1,1,51,3,9,27,2,1,111,19,41,30,281,27,174,1,2,35,51,41,105,32,311,9,177,1,123,1,125,1,2,333,117,4,5,88,5,46,,,347,105,,,76,2,72,47,51,11,8,18,53,155,8,6,179,163,166,23,21,111,25,40,1,186,48,22,,229,,,b'\x11\xe8\xe1I\xc7u\x86J\xaf\x82\x12\xdf\x17\xaeN\x1e'
11E8E149-C775-864A-AF82-12DF17AE4E1E,2025-ncaa-d0-natl,genius_ncaa,122,130,90,130,116,173,164,173,165,250,272,174,53,70,59,50,294,283,258,280,217,192,198,118,140,144,57,25,323,165,151,170,70,172,118,236,302,155,195,228,282,270,51,37,,,341,358,,303,111,209,325,269,230,215,272,303,318,53,78,328,315,315,300,313,192,236,229,281,127,309,49,,326,,291,110,77,38,74,88,145,217,95,2,10,3,5,350,340,280,341,332,115,135,33,103,100,94,2,360,53,70,166,151,120,118,1,1,171,135,7,147,164,100,181,,,146,101,,43,111,161,134,79,106,35,10,8,92,137,1,2,338,328,329,29,19,33,103,55,1,200,124,84,,202,,49,b'\x11\xe8\xe1I\xc7u\x86J\xaf\x82\x12\xdf\x17\xaeN\x1e'
11E8E149-C775-864A-AF82-12DF17AE4E1E,2025-ncaa-d1-conf-Atlantic 10,genius_ncaa,3,3,4,3,5,7,6,8,6,11,10,6,3,3,3,4,12,12,9,11,10,10,11,4,4,5,5,3,13,8,7,9,2,9,4,9,13,6,6,7,9,9,2,1,,,11,14,,1,4,10,12,5,7,6,9,11,11,3,3,12,13,12,10,12,7,10,10,10,6,10,1,,10,,3,3,1,1,1,6,6,7,7,1,1,1,1,14,14,8,14,13,1,3,1,4,2,4,1,15,2,2,6,7,3,4,1,1,7,6,1,6,7,5,7,,,7,6,,2,4,6,4,1,3,1,1,1,5,6,1,1,14,13,13,1,2,2,5,3,1,7,6,5,,8,,2,b'\x11\xe8\xe1I\xc7u\x86J\xaf\x82\x12\xdf\x17\xaeN\x1e'
11E8E149-C775-864A-AF82-12DF17AE4E1E,2025-ncaa-d1-natl,genius_ncaa,117,130,72,128,101,155,159,178,153,247,267,162,56,73,53,54,288,279,248,279,209,202,207,111,128,137,65,30,320,175,167,163,72,172,123,249,316,149,186,236,294,291,51,42,,,338,358,,309,107,212,328,269,228,215,283,301,318,57,85,325,311,310,310,319,212,241,248,294,113,318,49,,322,,292,108,86,41,74,96,162,220,99,2,9,7,6,347,335,291,336,321,118,131,43,115,114,92,2,359,64,72,159,167,118,123,1,1,186,149,12,139,157,106,198,,,147,85,,48,107,159,122,93,105,38,14,9,93,141,1,3,332,320,321,28,19,32,87,52,1,224,107,86,,199,,54,b'\x11\xe8\xe1I\xc7u\x86J\xaf\x82\x12\xdf\x17\xaeN\x1e'
11E8E149-C775-864A-AF82-12DF17AE4E1E,2026-ncaa-d0-natl,genius_ncaa,55,80,49,81,55,72,75,81,94,104,136,110,31,46,57,71,128,139,114,140,191,89,103,73,77,57,81,52,276,119,180,136,98,130,154,87,193,124,59,66,59,59,134,180,,,255,228,,141,53,103,311,62,86,92,132,163,243,40,65,205,233,232,157,262,198,270,255,116,42,87,188,,149,,89,55,217,221,192,224,265,266,170,80,79,204,22,252,291,46,292,240,205,233,183,177,124,76,45,255,117,98,268,180,222,154,23,2,71,68,9,98,52,310,280,,,75,114,,17,53,253,53,97,57,71,81,13,154,144,27,10,177,227,230,27,32,29,147,75,1,122,39,265,,150,,43,b'\x11\xe8\xe1I\xc7u\x86J\xaf\x82\x12\xdf\x17\xaeN\x1e'
11E8E149-C775-864A-AF82-12DF17AE4E1E,2026-ncaa-d1-conf-Atlantic 10,genius_ncaa,1,1,1,1,1,3,1,1,6,6,6,7,2,2,4,3,13,13,12,13,13,2,5,2,4,3,4,2,14,5,10,9,2,7,6,2,5,1,1,1,1,1,12,13,,,1,1,,8,3,6,5,1,3,1,1,6,6,2,2,13,13,13,2,5,5,9,7,2,1,1,12,,1,,8,3,5,8,3,14,10,7,11,2,1,9,3,5,4,4,3,4,2,5,12,10,6,1,2,4,2,2,12,10,6,6,6,7,1,1,4,1,1,4,6,,,5,6,,1,3,8,3,4,3,5,8,3,10,7,2,1,5,4,3,2,5,2,12,6,6,1,1,4,,5,,1,b'\x11\xe8\xe1I\xc7u\x86J\xaf\x82\x12\xdf\x17\xaeN\x1e'
11E8E149-C775-864A-AF82-12DF17AE4E1E,2026-ncaa-d1-natl,genius_ncaa,74,80,85,97,89,105,108,122,113,151,192,133,43,65,60,73,167,185,115,187,188,135,158,83,87,66,74,49,271,178,214,213,111,198,185,123,210,88,64,80,92,80,174,201,,,213,244,,108,82,163,319,47,116,120,158,203,262,48,69,220,243,243,183,282,233,294,293,151,49,116,199,,162,,96,87,175,175,130,260,225,208,201,54,29,227,18,222,267,53,272,249,152,171,222,219,173,65,38,250,70,111,222,214,165,185,10,2,117,96,15,63,55,298,300,,,104,99,,19,82,193,71,140,88,95,102,18,187,151,31,10,189,238,242,33,32,34,162,88,2,158,44,284,,149,,34,b'\x11\xe8\xe1I\xc7u\x86J\xaf\x82\x12\xdf\x17\xaeN\x1e'
11E8E149-C77A-38F2-AF82-12DF17AE4E1E,2010-ncaa-d0-natl,ncaa,30,28,50,32,54,40,37,32,55,36,57,43,100,78,165,154,84,84,129,80,190,37,42,71,79,66,230,189,233,47,67,24,44,21,29,44,144,196,70,54,172,241,36,51,,,195,80,,,29,46,114,31,42,32,43,38,91,117,109,123,129,127,50,69,73,21,21,45,128,234,44,,109,,,29,194,219,299,45,180,288,34,266,265,181,223,86,115,52,114,46,286,289,51,26,34,190,273,63,229,44,231,67,228,29,180,131,79,151,87,135,64,338,310,,,47,121,,,29,298,50,31,32,78,108,252,91,224,220,231,44,65,67,205,227,147,121,121,105,136,88,328,,77,,,b'\x11\xe8\xe1I\xc7z8\xf2\xaf\x82\x12\xdf\x17\xaeN\x1e'
11E8E149-C77A-38F2-AF82-12DF17AE4E1E,2010-ncaa-d1-conf-Atlantic 10,ncaa,3,2,3,3,5,2,2,3,3,3,4,3,4,2,10,6,2,2,2,3,2,3,4,4,3,3,6,8,3,4,4,3,7,3,4,2,7,4,1,1,5,9,2,3,,,10,6,,,2,4,2,5,2,2,1,3,6,5,2,2,2,2,1,2,4,2,3,2,3,6,2,,11,,,2,4,6,11,2,5,13,2,12,11,12,6,5,9,1,9,4,11,12,3,2,1,10,12,4,13,7,10,4,13,4,4,2,4,6,3,4,3,13,13,,,3,5,,,2,11,3,3,2,4,5,11,3,13,11,9,3,7,7,12,13,12,7,10,3,4,4,13,,4,,,b'\x11\xe8\xe1I\xc7z8\xf2\xaf\x82\x12\xdf\x17\xaeN\x1e'
11E8E149-C77A-38F2-AF82-12DF17AE4E1E,2010-ncaa-d1-natl,ncaa,32,28,53,33,57,43,38,34,58,37,62,46,102,81,163,154,93,91,128,87,191,40,44,74,83,70,229,191,232,51,70,25,45,21,29,46,147,182,71,56,188,250,37,52,,,182,81,,,29,49,116,30,43,32,44,39,94,118,109,124,132,128,50,70,76,23,23,46,127,236,44,,108,,,29,178,210,294,47,167,282,35,257,260,186,223,77,105,51,104,47,282,286,55,28,40,189,270,64,215,45,215,70,214,29,170,130,89,158,99,124,66,338,312,,,55,118,,,29,295,52,33,32,78,110,253,96,222,220,231,44,65,67,209,227,150,123,123,108,142,88,327,,76,,,b'\x11\xe8\xe1I\xc7z8\xf2\xaf\x82\x12\xdf\x17\xaeN\x1e'
11E8E149-C77A-38F2-AF82-12DF17AE4E1E,2010-ncaa-d1-ncaatournament,ncaa,17,2,17,17,20,23,22,21,24,24,25,29,17,19,16,26,30,28,47,28,35,23,21,22,26,25,28,27,43,26,32,17,39,21,32,28,54,39,25,35,38,59,9,9,,,40,17,,,53,21,18,9,24,20,21,30,30,19,25,42,37,32,23,26,33,7,15,38,25,55,2,,25,,,47,47,48,48,35,48,50,28,43,46,48,29,25,29,24,29,8,48,47,33,27,49,24,41,6,48,39,44,32,46,32,43,8,38,64,58,43,41,57,59,,,19,14,,,53,44,25,52,47,52,58,61,53,61,43,43,14,16,17,61,53,54,33,43,29,62,37,61,,10,,,b'\x11\xe8\xe1I\xc7z8\xf2\xaf\x82\x12\xdf\x17\xaeN\x1e'
11E8E149-C77A-38F2-AF82-12DF17AE4E1E,2011-ncaa-d0-natl,ncaa,71,83,43,82,44,28,32,28,96,51,39,143,43,81,17,178,40,42,64,41,152,31,30,84,74,61,121,120,152,55,120,11,5,16,25,42,162,239,83,73,200,269,119,175,,,285,170,,,57,26,26,37,23,28,21,62,56,55,118,46,66,61,23,24,83,9,12,48,164,251,143,,219,,,60,317,322,311,202,318,318,173,239,225,228,135,235,218,225,219,109,311,300,193,184,198,115,158,131,83,5,313,120,255,25,292,150,94,210,201,136,44,327,253,,,26,125,,,57,319,51,134,69,252,266,273,260,289,190,166,172,165,165,268,266,26,238,138,218,156,90,309,,32,,,b'\x11\xe8\xe1I\xc7z8\xf2\xaf\x82\x12\xdf\x17\xaeN\x1e'
11E8E149-C77A-38F2-AF82-12DF17AE4E1E,2011-ncaa-d1-conf-Atlantic 10,ncaa,3,3,1,3,1,2,3,1,9,3,1,8,2,2,7,9,1,1,3,1,6,1,1,8,8,7,6,8,3,1,5,2,1,1,3,3,8,13,7,7,5,9,5,6,,,14,7,,,4,1,1,1,4,5,2,5,4,8,7,1,2,2,1,1,3,2,2,7,9,8,6,,9,,,4,14,14,14,7,14,14,7,8,10,4,4,13,13,9,13,4,14,14,5,5,5,5,4,8,8,1,14,5,14,3,12,4,2,5,5,10,2,14,11,,,1,5,,,4,14,6,3,4,7,8,11,10,13,4,5,8,8,8,12,12,3,11,6,7,5,5,12,,1,,,b'\x11\xe8\xe1I\xc7z8\xf2\xaf\x82\x12\xdf\x17\xaeN\x1e'
11E8E149-C77A-38F2-AF82-12DF17AE4E1E,2011-ncaa-d1-natl,ncaa,76,82,51,85,53,30,36,29,99,56,45,147,47,85,17,176,44,53,62,48,152,32,31,85,79,62,119,118,148,62,126,11,5,18,25,46,164,230,85,75,214,277,128,177,,,270,173,,,63,28,28,35,23,30,22,63,58,56,119,49,68,64,23,25,86,9,14,53,163,255,146,,222,,,65,314,318,307,209,313,312,182,229,213,230,133,222,210,224,208,108,306,295,196,188,203,113,155,127,72,5,304,126,239,25,288,149,110,216,210,123,45,323,257,,,29,124,,,63,317,54,144,75,256,273,274,265,292,189,169,177,166,165,267,268,26,240,140,223,166,90,311,,33,,,b'\x11\xe8\xe1I\xc7z8\xf2\xaf\x82\x12\xdf\x17\xaeN\x1e'
11E8E149-C77A-38F2-AF82-12DF17AE4E1E,2011-ncaa-d1-ncaatournament,ncaa,33,2,33,33,34,38,36,39,26,39,42,33,28,35,4,9,61,60,63,60,61,44,37,10,28,40,19,2,62,53,53,34,17,43,38,33,20,28,58,36,58,64,56,56,,,17,29,,,39,35,5,3,28,13,12,32,32,4,7,61,60,60,30,12,50,7,27,9,59,58,56,,37,,,41,18,18,25,25,24,28,26,6,11,8,10,28,23,56,23,30,26,26,17,29,40,17,9,47,12,17,23,53,18,38,6,4,47,51,23,22,45,11,27,,,60,63,,,39,29,43,33,39,46,45,51,54,59,8,15,53,45,45,56,51,22,54,45,9,41,47,22,,60,,,b'\x11\xe8\xe1I\xc7z8\xf2\xaf\x82\x12\xdf\x17\xaeN\x1e'
11E8E149-C77A-38F2-AF82-12DF17AE4E1E,2012-ncaa-d0-natl,ncaa,44,17,163,25,163,92,92,77,139,116,146,102,60,40,168,71,139,202,44,189,217,85,111,123,113,77,99,82,241,93,98,136,48,104,79,40,36,75,48,24,186,186,99,107,,,259,282,,,34,126,94,10,39,43,17,94,129,41,30,126,188,185,23,38,69,89,58,19,94,174,84,,289,,,27,96,101,117,131,183,245,89,26,18,145,19,208,183,240,183,145,131,183,82,104,59,51,26,273,74,48,197,98,133,79,115,174,69,52,64,72,58,32,32,,,113,166,,,34,213,65,37,34,129,131,137,217,285,24,17,229,212,214,157,229,86,238,162,142,43,99,46,,81,,,b'\x11\xe8\xe1I\xc7z8\xf2\xaf\x82\x12\xdf\x17\xaeN\x1e'
11E8E149-C77A-38F2-AF82-12DF17AE4E1E,2012-ncaa-d1-conf-Atlantic 10,ncaa,2,2,1,2,1,1,1,1,9,1,1,7,2,2,10,3,2,2,3,2,6,1,1,7,7,5,4,5,7,1,1,2,6,1,2,1,4,12,5,3,3,4,1,3,,,14,11,,,1,1,1,3,1,2,1,3,2,3,2,2,5,4,1,1,1,4,1,1,8,4,3,,14,,,1,11,8,13,2,13,13,2,1,2,1,1,14,14,7,14,10,13,14,1,2,1,3,1,14,12,6,14,1,13,2,7,8,1,2,1,10,3,7,4,,,2,8,,,1,14,3,1,2,3,4,8,6,12,1,2,13,14,14,10,14,8,14,11,3,1,6,5,,2,,,b'\x11\xe8\xe1I\xc7z8\xf2\xaf\x82\x12\xdf\x17\xaeN\x1e'
11E8E149-C77A-38F2-AF82-12DF17AE4E1E,2012-ncaa-d1-natl,ncaa,50,17,196,27,197,106,102,83,144,131,169,105,66,49,173,71,153,216,43,205,218,100,129,124,115,79,97,80,237,101,102,151,52,119,86,45,36,62,49,24,199,194,105,109,,,250,283,,,42,154,97,10,42,46,18,99,134,42,31,127,195,189,24,44,71,90,61,19,96,180,86,,289,,,33,77,80,87,135,169,229,95,21,14,152,19,198,168,242,170,147,106,148,86,112,69,49,27,274,61,52,175,102,111,86,104,172,82,54,70,61,57,29,33,,,134,163,,,42,182,70,43,41,134,138,137,218,285,26,17,233,218,219,159,226,87,241,170,149,48,97,45,,76,,,b'\x11\xe8\xe1I\xc7z8\xf2\xaf\x82\x12\xdf\x17\xaeN\x1e'
11E8E149-C77A-38F2-AF82-12DF17AE4E1E,2012-ncaa-d1-ncaatournament,ncaa,33,2,33,33,34,47,44,47,44,55,59,39,30,26,37,4,58,52,57,51,42,48,56,37,43,41,9,4,59,53,56,37,34,45,45,35,3,6,17,7,63,63,26,14,,,18,44,,,49,48,38,5,45,42,30,54,58,5,2,58,51,49,43,53,50,10,32,10,12,63,8,,42,,,51,16,16,26,20,12,29,8,19,16,49,21,18,14,47,14,19,25,21,20,23,38,40,41,30,22,34,25,56,30,45,23,52,60,60,61,15,31,2,3,,,55,54,,,49,11,45,50,51,45,41,56,31,60,40,25,38,32,35,56,42,49,56,61,54,60,24,2,,53,,,b'\x11\xe8\xe1I\xc7z8\xf2\xaf\x82\x12\xdf\x17\xaeN\x1e'
11E8E149-C77A-38F2-AF82-12DF17AE4E1E,2013-ncaa-d0-natl,ncaa,14,3,120,6,142,25,23,62,14,39,99,14,46,66,32,112,120,153,78,148,199,68,81,10,18,15,180,116,291,104,98,41,42,50,27,24,107,132,78,30,102,116,151,192,,,148,82,,,13,75,38,124,6,6,21,21,99,39,68,116,160,147,30,39,108,14,25,11,130,100,166,,140,,,11,116,149,241,51,141,253,31,183,177,194,151,85,76,184,82,52,225,253,53,45,35,157,223,108,111,42,130,98,118,27,209,259,72,83,109,133,82,104,70,,,116,213,,,13,267,14,25,14,104,136,254,128,278,176,174,73,73,81,216,263,105,124,101,203,68,130,109,,121,,,b'\x11\xe8\xe1I\xc7z8\xf2\xaf\x82\x12\xdf\x17\xaeN\x1e'
11E8E149-C77A-38F2-AF82-12DF17AE4E1E,2013-ncaa-d1-conf-Atlantic 10,ncaa,1,1,4,1,8,1,1,4,1,2,6,1,2,4,3,9,2,2,9,2,4,2,2,1,1,1,9,7,13,5,4,4,3,4,4,2,8,10,5,2,3,3,9,9,,,8,2,,,1,2,1,9,1,1,2,2,6,2,4,3,2,2,1,1,6,4,4,1,8,3,9,,4,,,1,6,7,12,4,8,13,4,10,8,12,7,2,2,5,2,1,11,15,5,4,2,7,12,2,6,3,9,4,8,4,11,15,2,2,4,8,7,6,5,,,1,1,,,1,15,1,2,1,5,7,11,6,13,10,7,1,1,1,9,15,6,6,6,12,2,7,5,,1,,,b'\x11\xe8\xe1I\xc7z8\xf2\xaf\x82\x12\xdf\x17\xaeN\x1e'
11E8E149-C77A-38F2-AF82-12DF17AE4E1E,2013-ncaa-d1-natl,ncaa,15,3,136,7,164,30,25,73,15,41,113,13,48,72,31,112,132,164,77,160,198,81,95,11,18,15,180,116,291,117,101,49,45,58,32,27,109,117,78,32,122,128,160,194,,,133,83,,,16,82,39,119,6,6,23,23,103,37,68,113,159,146,32,41,113,16,26,12,128,109,167,,142,,,12,99,136,228,53,126,240,33,172,166,195,150,73,67,182,73,52,209,231,57,45,39,159,222,107,95,45,112,101,91,32,203,259,89,91,119,129,87,98,74,,,130,208,,,16,253,15,30,16,108,140,255,132,278,178,176,75,73,80,219,261,107,129,103,208,72,130,109,,119,,,b'\x11\xe8\xe1I\xc7z8\xf2\xaf\x82\x12\xdf\x17\xaeN\x1e'
11E8E149-C77A-38F2-AF82-12DF17AE4E1E,2013-ncaa-d1-ncaatournament,ncaa,17,2,17,17,17,17,18,20,4,19,23,7,15,19,6,42,16,17,23,17,17,20,17,5,4,7,31,33,27,32,47,22,21,25,29,19,47,50,49,37,18,33,30,47,,,47,35,,,33,17,8,2,4,6,21,8,24,17,34,10,15,13,17,8,45,19,37,14,56,26,40,,47,,,28,50,50,47,47,51,48,47,44,41,51,28,48,44,52,43,25,46,48,50,49,51,28,32,30,38,21,45,47,41,29,45,9,19,33,28,45,42,43,31,,,16,10,,,33,48,14,47,28,60,59,60,55,56,45,35,46,38,33,59,61,22,32,26,36,19,44,37,,6,,,b'\x11\xe8\xe1I\xc7z8\xf2\xaf\x82\x12\xdf\x17\xaeN\x1e'
11E8E149-C77A-38F2-AF82-12DF17AE4E1E,2014-ncaa-d0-natl,ncaa,47,27,131,41,145,29,27,52,20,26,55,34,119,149,60,209,47,104,14,104,217,59,60,31,25,31,232,214,194,166,158,31,74,61,69,35,128,259,149,74,160,227,45,80,,,237,109,,,55,36,8,122,13,9,26,12,36,118,154,32,90,88,24,16,170,5,22,14,258,165,38,,244,,,47,295,300,316,114,298,325,94,198,211,150,109,212,208,201,210,92,315,308,100,96,127,101,134,148,241,74,176,158,208,69,275,203,132,230,220,166,99,42,13,,,83,197,,,55,311,44,115,55,287,300,340,296,341,195,206,217,207,209,340,341,226,169,199,277,130,173,34,,59,,,b'\x11\xe8\xe1I\xc7z8\xf2\xaf\x82\x12\xdf\x17\xaeN\x1e'
11E8E149-C77A-38F2-AF82-12DF17AE4E1E,2014-ncaa-d1-conf-Atlantic 10,ncaa,1,1,1,1,2,1,1,1,1,1,2,1,3,3,4,7,1,2,2,2,5,1,1,2,2,1,7,7,6,4,3,1,9,2,4,4,10,11,4,5,2,6,1,1,,,12,3,,,1,1,1,9,1,2,3,2,4,3,5,1,5,5,3,4,6,1,2,4,9,4,1,,8,,,1,11,11,13,4,11,13,4,8,12,5,7,10,10,6,10,5,13,13,3,3,2,7,7,7,12,9,9,3,10,4,11,10,2,7,7,6,1,5,1,,,2,7,,,1,13,1,5,2,10,10,12,10,12,8,11,8,8,8,12,12,11,5,10,9,3,5,3,,5,,,b'\x11\xe8\xe1I\xc7z8\xf2\xaf\x82\x12\xdf\x17\xaeN\x1e'
11E8E149-C77A-38F2-AF82-12DF17AE4E1E,2014-ncaa-d1-natl,ncaa,52,27,145,43,163,32,28,64,21,30,63,34,128,156,61,208,52,109,14,108,217,67,66,34,27,32,232,213,190,180,164,32,74,70,70,40,132,241,148,74,181,231,50,82,,,218,113,,,62,44,8,114,13,9,27,13,37,117,157,33,91,91,25,17,175,7,24,14,258,169,41,,243,,,54,283,289,311,121,292,322,101,188,195,153,109,198,195,206,197,93,310,299,110,102,139,98,131,150,217,74,154,164,181,70,268,205,149,237,226,156,99,37,15,,,92,197,,,62,302,47,124,63,295,303,340,301,342,194,206,219,208,212,340,341,235,171,203,280,133,174,35,,60,,,b'\x11\xe8\xe1I\xc7z8\xf2\xaf\x82\x12\xdf\x17\xaeN\x1e'
11E8E149-C77A-38F2-AF82-12DF17AE4E1E,2014-ncaa-d1-ncaatournament,ncaa,33,2,33,33,34,36,36,52,14,36,49,7,42,44,34,21,45,47,11,45,35,52,42,16,13,25,34,26,41,60,59,46,46,57,51,39,43,31,54,41,37,14,27,13,,,17,15,,,43,37,7,3,24,16,43,21,42,23,22,38,44,41,48,31,60,43,57,26,54,11,12,,32,,,44,20,19,21,47,22,15,52,15,27,15,40,22,22,50,22,47,25,28,41,46,42,22,24,39,17,46,6,59,6,51,11,15,39,21,17,28,58,1,3,,,51,47,,,43,28,41,44,42,51,50,46,52,32,28,49,50,47,47,52,58,41,31,31,32,9,57,2,,45,,,b'\x11\xe8\xe1I\xc7z8\xf2\xaf\x82\x12\xdf\x17\xaeN\x1e'
11E8E149-C77A-38F2-AF82-12DF17AE4E1E,2015-ncaa-d0-natl,ncaa,17,22,13,22,25,12,14,34,18,31,31,52,43,110,5,213,6,10,29,10,59,26,18,19,12,17,125,167,69,60,94,7,154,17,53,42,244,296,119,109,147,255,11,33,,,345,281,,,28,15,38,271,12,24,103,50,106,88,175,8,18,18,62,68,151,22,37,97,163,228,24,,320,,,28,333,308,338,31,308,342,28,225,274,84,110,340,340,235,338,227,344,337,29,49,110,216,107,304,343,154,255,94,316,53,230,104,107,259,155,106,28,112,34,,,8,50,,,28,335,18,123,30,199,143,310,172,313,139,174,301,296,295,325,308,286,67,146,104,219,39,54,,22,,,b'\x11\xe8\xe1I\xc7z8\xf2\xaf\x82\x12\xdf\x17\xaeN\x1e'
11E8E149-C77A-38F2-AF82-12DF17AE4E1E,2015-ncaa-d1-conf-Atlantic 10,ncaa,2,2,1,2,4,1,2,2,1,2,3,1,2,7,1,10,1,1,6,1,4,2,2,1,1,1,7,10,6,3,3,2,11,2,3,4,13,10,5,7,4,6,1,1,,,14,6,,,1,2,2,13,1,2,4,2,5,3,10,1,1,1,4,2,5,2,2,4,8,6,1,,12,,,1,9,9,14,2,10,14,2,4,6,3,4,11,12,6,12,8,14,14,1,1,2,6,5,10,14,11,1,3,10,3,5,3,4,6,2,4,1,2,2,,,1,6,,,1,13,1,2,1,5,4,13,6,14,4,6,9,10,10,13,14,13,1,5,2,4,2,2,,1,,,b'\x11\xe8\xe1I\xc7z8\xf2\xaf\x82\x12\xdf\x17\xaeN\x1e'
11E8E149-C77A-38F2-AF82-12DF17AE4E1E,2015-ncaa-d1-natl,ncaa,18,22,15,22,29,13,14,35,18,33,36,58,54,119,5,211,7,11,28,11,60,29,22,18,12,17,118,167,68,71,102,8,160,19,56,46,250,277,124,115,167,260,16,34,,,344,283,,,29,18,39,273,13,27,108,52,109,89,174,10,20,20,68,73,163,23,44,103,160,241,24,,321,,,29,331,295,336,32,298,340,30,215,259,86,106,340,336,237,333,228,344,335,34,53,122,214,106,305,340,160,230,102,310,56,216,105,129,261,164,96,31,98,37,,,8,47,,,29,332,19,135,31,214,153,313,180,315,139,174,305,296,295,324,305,290,67,150,110,223,37,54,,24,,,b'\x11\xe8\xe1I\xc7z8\xf2\xaf\x82\x12\xdf\x17\xaeN\x1e'
11E8E149-C77A-38F2-AF82-12DF17AE4E1E,2015-ncaa-d1-ncaatournament,ncaa,5,2,5,5,6,5,6,8,3,7,8,8,3,6,2,38,2,3,13,3,13,7,6,3,2,4,24,32,15,13,48,6,39,7,24,9,57,60,50,47,17,58,3,13,,,63,44,,,13,5,14,3,6,10,48,18,32,16,42,7,10,13,33,26,52,8,25,41,49,55,5,,52,,,16,61,61,60,17,61,60,28,56,59,20,32,63,64,23,63,36,61,60,13,17,34,31,23,41,61,39,59,48,61,24,57,6,13,59,42,61,37,50,15,,,4,11,,,13,60,8,37,17,49,50,61,50,61,34,45,46,45,46,62,56,52,14,29,19,55,37,15,,13,,,b'\x11\xe8\xe1I\xc7z8\xf2\xaf\x82\x12\xdf\x17\xaeN\x1e'
11E8E149-C77A-38F2-AF82-12DF17AE4E1E,2016-ncaa-d0-natl,ncaa,177,156,240,179,258,151,195,188,205,244,232,244,100,116,62,111,107,140,56,137,79,172,190,165,136,136,46,87,81,142,133,120,166,126,107,132,75,118,132,114,297,300,16,5,,,229,260,,,121,217,102,182,97,147,104,227,181,65,87,56,80,76,81,89,108,45,53,88,171,285,8,,284,,,117,112,72,178,42,31,106,26,280,274,251,294,151,165,110,160,205,171,148,70,68,123,332,325,193,213,166,128,133,158,107,225,327,244,242,263,23,32,15,30,,,102,42,,,121,128,125,139,122,193,140,279,54,162,308,312,199,210,212,278,268,272,207,241,268,207,45,24,,28,,,b'\x11\xe8\xe1I\xc7z8\xf2\xaf\x82\x12\xdf\x17\xaeN\x1e'
11E8E149-C77A-38F2-AF82-12DF17AE4E1E,2016-ncaa-d1-conf-Atlantic 10,ncaa,8,8,10,8,10,6,9,7,12,11,11,12,6,5,4,6,3,4,3,4,3,6,5,8,6,8,2,5,2,4,3,3,9,4,5,4,2,13,11,8,12,13,1,1,,,9,8,,,6,6,2,5,4,7,4,11,8,5,4,2,3,3,3,2,2,2,2,4,13,12,1,,12,,,6,5,3,10,2,2,6,2,14,14,8,14,5,6,2,6,8,10,7,4,3,4,13,14,5,9,9,3,3,8,5,8,12,11,12,9,8,6,2,1,,,3,2,,,6,8,7,6,6,9,9,14,4,7,14,14,7,8,8,14,14,13,9,12,10,10,8,2,,1,,,b'\x11\xe8\xe1I\xc7z8\xf2\xaf\x82\x12\xdf\x17\xaeN\x1e'
11E8E149-C77A-38F2-AF82-12DF17AE4E1E,2016-ncaa-d1-natl,ncaa,191,156,303,192,319,181,230,224,217,267,259,251,108,127,66,109,126,157,57,153,78,212,231,176,145,141,44,88,70,169,143,146,178,161,118,158,76,84,139,121,312,308,19,5,,,208,265,,,136,259,109,168,102,162,110,229,186,65,87,57,82,73,85,95,111,50,52,97,170,293,8,,283,,,129,89,59,141,46,21,76,28,269,260,253,295,138,148,112,144,206,138,103,78,79,138,331,325,193,186,178,99,143,125,118,207,326,264,247,270,16,32,10,36,,,118,37,,,136,87,134,159,135,202,152,282,59,167,310,312,200,214,214,282,265,279,210,244,271,224,50,28,,28,,,b'\x11\xe8\xe1I\xc7z8\xf2\xaf\x82\x12\xdf\x17\xaeN\x1e'
11E8E149-C77A-38F2-AF82-12DF17AE4E1E,2017-ncaa-d0-natl,ncaa,57,64,74,66,82,105,144,121,202,196,167,238,82,96,71,126,64,46,203,45,28,98,105,158,141,140,44,94,69,59,68,46,114,37,55,111,83,176,130,124,310,332,29,41,,,262,241,,,78,134,261,66,140,208,187,247,237,92,120,65,51,50,154,180,66,34,26,136,135,330,31,,228,,,80,121,79,253,12,133,286,10,59,116,33,53,301,305,142,306,225,276,231,6,15,47,190,60,329,271,114,186,68,230,55,141,235,252,297,217,47,36,133,132,,,48,34,,,78,214,105,60,76,61,32,187,70,264,41,74,274,274,278,221,133,230,113,156,99,300,36,106,,47,,,b'\x11\xe8\xe1I\xc7z8\xf2\xaf\x82\x12\xdf\x17\xaeN\x1e'
11E8E149-C77A-38F2-AF82-12DF17AE4E1E,2017-ncaa-d1-conf-Atlantic 10,ncaa,1,1,2,1,2,3,4,5,4,8,7,8,2,5,3,7,1,1,11,1,1,3,2,3,3,5,2,3,5,1,1,1,2,1,1,4,3,12,9,6,12,13,2,4,,,10,7,,,3,3,10,6,4,7,9,9,10,3,6,2,1,1,6,5,4,1,1,4,10,13,4,,7,,,3,4,3,12,1,6,10,1,6,9,3,7,9,10,4,10,7,12,12,1,1,2,8,6,11,10,2,5,1,10,1,6,8,8,12,6,7,7,5,5,,,1,3,,,3,12,2,2,3,3,2,8,2,8,6,8,5,5,6,8,6,6,2,3,5,11,6,2,,1,,,b'\x11\xe8\xe1I\xc7z8\xf2\xaf\x82\x12\xdf\x17\xaeN\x1e'
11E8E149-C77A-38F2-AF82-12DF17AE4E1E,2017-ncaa-d1-natl,ncaa,69,64,98,67,105,132,176,152,209,228,198,246,95,111,74,125,71,50,200,48,29,126,140,165,147,146,40,95,68,78,73,52,122,44,61,135,84,154,134,131,324,332,35,42,,,249,245,,,91,179,268,64,148,219,194,258,240,95,120,66,53,52,164,189,75,36,28,153,140,332,33,,229,,,88,86,59,227,13,111,273,11,43,85,36,51,284,291,149,293,226,255,197,6,15,60,189,61,326,247,122,148,73,202,61,119,241,274,304,229,41,36,118,137,,,58,34,,,91,170,108,73,83,67,36,189,76,265,40,68,277,277,279,223,130,231,115,160,104,304,38,108,,47,,,b'\x11\xe8\xe1I\xc7z8\xf2\xaf\x82\x12\xdf\x17\xaeN\x1e'
11E8E149-C77A-38F2-AF82-12DF17AE4E1E,2017-ncaa-d1-ncaatournament,ncaa,33,2,33,33,33,52,49,41,52,42,41,49,52,47,55,31,40,44,20,40,38,40,47,51,51,47,46,44,18,45,49,34,12,38,34,45,31,1,2,11,56,54,40,43,,,29,60,,,34,49,44,6,50,46,15,36,22,44,24,26,34,27,17,36,23,14,16,39,1,54,38,,56,,,39,6,5,3,29,17,20,31,1,1,1,1,38,42,13,41,63,18,10,9,17,30,14,1,63,10,12,22,49,19,34,3,6,59,55,22,10,28,13,31,,,60,59,,,34,11,49,23,40,17,8,4,43,43,1,1,59,63,63,31,14,15,54,50,5,58,24,32,,58,,,b'\x11\xe8\xe1I\xc7z8\xf2\xaf\x82\x12\xdf\x17\xaeN\x1e'
11E8E149-C77A-38F2-AF82-12DF17AE4E1E,2018-ncaa-d0-natl,ncaa,53,16,164,31,207,87,108,153,75,144,165,144,67,131,10,151,76,84,103,81,75,140,182,59,55,42,73,91,126,174,168,32,27,46,42,140,213,34,51,71,337,341,73,90,,,87,87,,,39,182,122,184,44,64,111,128,147,57,116,50,67,62,91,135,152,3,9,117,55,338,61,,103,,,35,86,92,257,14,68,256,10,184,200,147,165,95,110,87,118,78,243,166,18,16,58,245,247,149,145,27,143,168,144,42,90,140,313,322,240,30,42,99,99,,,104,66,,,39,170,38,60,32,94,103,304,74,289,193,224,121,136,141,298,211,162,171,169,107,312,42,108,,72,,,b'\x11\xe8\xe1I\xc7z8\xf2\xaf\x82\x12\xdf\x17\xaeN\x1e'
11E8E149-C77A-38F2-AF82-12DF17AE4E1E,2018-ncaa-d1-conf-Atlantic 10,ncaa,1,1,4,1,6,2,3,6,1,4,8,5,1,5,1,5,3,3,5,3,3,5,6,1,1,1,2,2,9,7,7,1,3,3,4,5,11,3,4,3,14,14,2,3,,,3,2,,,1,5,5,9,1,1,6,4,9,1,5,3,2,3,5,8,8,1,2,6,4,14,2,,2,,,1,5,6,13,1,7,12,1,7,7,3,7,5,5,4,6,1,12,11,1,1,2,6,8,5,5,3,8,7,6,4,3,2,13,14,8,4,4,8,7,,,3,5,,,1,11,1,3,1,5,5,11,7,12,7,8,5,4,4,11,9,6,5,6,3,13,4,6,,2,,,b'\x11\xe8\xe1I\xc7z8\xf2\xaf\x82\x12\xdf\x17\xaeN\x1e'
11E8E149-C77A-38F2-AF82-12DF17AE4E1E,2018-ncaa-d1-natl,ncaa,61,16,213,33,269,97,129,189,77,183,206,153,73,152,10,149,97,114,99,109,74,174,232,61,57,42,71,93,121,207,175,36,30,54,44,159,218,23,53,76,340,341,83,92,,,56,90,,,48,237,127,179,45,71,114,138,150,59,119,52,74,65,93,141,160,3,9,125,57,339,65,,108,,,41,51,61,234,16,46,233,10,170,174,154,167,81,84,95,94,80,218,112,20,17,68,240,246,150,121,30,120,175,110,44,69,144,328,324,248,20,42,84,104,,,141,63,,,48,125,39,67,37,102,113,306,80,292,200,221,122,140,147,300,209,169,175,174,117,318,43,118,,73,,,b'\x11\xe8\xe1I\xc7z8\xf2\xaf\x82\x12\xdf\x17\xaeN\x1e'
11E8E149-C77A-38F2-AF82-12DF17AE4E1E,2018-ncaa-d1-ncaatournament,ncaa,33,2,33,33,34,44,46,51,45,41,38,43,56,60,51,54,35,37,21,36,14,44,39,50,46,49,41,55,3,33,7,36,33,33,19,64,64,35,56,64,53,56,35,30,,,13,30,,,48,44,17,7,41,43,44,28,21,54,54,5,7,6,34,13,8,16,5,64,61,49,19,,38,,,50,18,18,27,30,8,16,15,42,32,53,52,9,10,12,10,35,28,24,37,33,40,55,62,17,21,33,7,7,10,19,10,23,54,52,46,34,61,8,18,,,37,18,,,48,21,47,42,50,48,44,57,19,30,60,60,24,31,34,59,53,48,20,28,31,50,61,12,,8,,,b'\x11\xe8\xe1I\xc7z8\xf2\xaf\x82\x12\xdf\x17\xaeN\x1e'
11E8E149-C77A-38F2-AF82-12DF17AE4E1E,2019-ncaa-d0-natl,ncaa,136,138,114,141,116,146,187,121,271,205,136,289,142,139,162,188,55,53,143,52,65,104,123,251,221,183,83,168,35,185,259,37,25,66,114,198,216,104,81,167,278,303,199,227,,,319,318,,,87,114,159,5,140,223,122,240,141,145,152,39,48,48,93,134,198,9,41,234,102,293,208,,315,,,87,72,64,198,13,122,248,27,24,92,5,52,264,292,62,294,254,236,211,10,10,27,119,24,313,88,25,319,259,263,114,50,107,213,224,97,22,23,336,331,,,58,40,,,87,238,192,21,89,54,31,165,104,259,20,74,258,284,288,221,195,81,310,248,47,224,29,338,,31,,,b'\x11\xe8\xe1I\xc7z8\xf2\xaf\x82\x12\xdf\x17\xaeN\x1e'
11E8E149-C77A-38F2-AF82-12DF17AE4E1E,2019-ncaa-d1-conf-Atlantic 10,ncaa,4,4,1,4,1,2,2,1,7,1,1,10,5,6,7,11,2,2,4,2,3,1,1,7,6,4,7,10,2,2,7,1,2,1,4,4,13,8,1,5,5,8,10,12,,,14,14,,,3,1,4,1,2,3,2,2,1,7,8,2,2,2,1,4,3,1,1,6,5,7,11,,14,,,3,10,4,12,2,10,13,3,3,6,1,4,14,14,5,14,13,13,14,2,3,2,6,2,14,4,2,14,7,13,4,5,3,2,5,2,1,1,14,13,,,1,3,,,3,14,5,2,3,4,3,6,3,11,3,3,12,13,13,9,12,3,12,11,3,3,1,14,,1,,,b'\x11\xe8\xe1I\xc7z8\xf2\xaf\x82\x12\xdf\x17\xaeN\x1e'
11E8E149-C77A-38F2-AF82-12DF17AE4E1E,2019-ncaa-d1-natl,ncaa,148,137,155,146,157,184,234,163,282,247,169,296,154,156,160,187,71,71,142,72,65,142,181,263,232,192,78,165,34,213,266,47,26,83,132,235,222,74,87,175,296,311,211,230,,,299,324,,,99,169,167,5,157,231,137,249,147,147,153,41,52,53,100,137,210,11,45,244,105,299,211,,314,,,95,47,39,156,17,98,221,29,17,64,5,50,246,273,67,276,254,193,149,10,14,36,111,27,311,62,26,303,266,226,132,42,108,246,235,113,11,25,333,332,,,71,39,,,99,180,204,27,100,59,36,168,112,262,22,71,261,281,285,226,186,81,315,257,53,233,30,340,,30,,,b'\x11\xe8\xe1I\xc7z8\xf2\xaf\x82\x12\xdf\x17\xaeN\x1e'
11E8E149-C77A-38F2-AF82-12DF17AE4E1E,2020-ncaa-d0-natl,ncaa,20,42,1,39,2,66,96,23,244,151,73,286,73,89,86,157,29,37,134,33,113,19,26,224,195,156,68,119,77,51,111,26,59,19,78,83,125,161,67,105,252,297,188,215,,,297,251,,,54,30,278,153,188,214,170,255,195,123,155,89,110,109,160,230,118,130,100,169,63,307,221,,179,,,63,159,150,275,37,121,268,20,219,201,208,150,189,207,107,196,135,271,295,46,38,44,248,236,209,167,59,292,111,262,78,111,112,104,150,71,33,13,323,284,,,13,52,,,54,316,132,37,63,33,28,79,27,125,125,99,99,118,107,56,49,59,127,87,43,200,12,292,,83,,,b'\x11\xe8\xe1I\xc7z8\xf2\xaf\x82\x12\xdf\x17\xaeN\x1e'
11E8E149-C77A-38F2-AF82-12DF17AE4E1E,2020-ncaa-d1-conf-Atlantic 10,ncaa,1,1,1,1,1,2,4,4,10,4,4,9,7,8,4,10,2,2,6,2,3,1,2,7,3,4,5,9,2,3,4,3,5,2,3,2,5,7,5,6,5,8,6,7,,,13,10,,,1,1,9,7,3,6,7,9,7,8,8,2,3,3,6,9,6,6,5,3,6,10,6,,8,,,1,3,4,7,2,3,8,1,5,4,6,5,6,9,1,9,9,8,11,2,1,1,8,8,10,11,5,6,4,9,3,3,5,4,4,2,3,2,14,12,,,2,2,,,1,12,2,1,1,1,2,5,2,4,5,4,5,7,6,5,6,5,3,4,2,4,2,11,,3,,,b'\x11\xe8\xe1I\xc7z8\xf2\xaf\x82\x12\xdf\x17\xaeN\x1e'
11E8E149-C77A-38F2-AF82-12DF17AE4E1E,2020-ncaa-d1-natl,ncaa,21,42,2,41,4,81,122,38,256,178,91,296,81,101,89,159,38,46,132,42,109,34,41,230,206,162,67,119,69,66,118,35,65,22,84,99,128,138,69,114,273,304,199,219,,,280,257,,,64,52,284,149,196,234,180,269,203,125,159,90,113,114,169,240,124,135,108,177,65,312,224,,181,,,73,126,123,254,41,105,249,21,209,188,218,147,168,186,110,178,135,247,266,49,41,51,247,235,207,147,65,274,118,233,84,96,115,123,158,76,28,15,321,294,,,17,52,,,64,292,144,42,72,33,31,78,29,133,127,95,101,119,110,60,49,63,131,92,44,208,13,295,,85,,,b'\x11\xe8\xe1I\xc7z8\xf2\xaf\x82\x12\xdf\x17\xaeN\x1e'
11E8E149-C77A-38F2-AF82-12DF17AE4E1E,2021-ncaa-d0-natl,ncaa,90,32,248,43,260,216,203,237,103,193,210,143,209,249,88,235,247,246,239,250,261,247,256,119,139,126,251,199,254,102,15,184,8,157,8,211,210,67,113,122,308,311,63,15,,,111,295,,,63,275,291,121,126,99,119,87,96,172,232,229,214,226,142,175,23,35,9,144,111,323,32,,222,,,50,65,57,74,24,44,72,27,100,108,112,237,99,87,205,88,199,79,67,33,41,81,292,254,244,36,8,59,15,47,8,51,129,302,270,175,47,60,106,118,,,263,244,,,63,71,70,50,43,40,27,100,24,79,160,193,141,140,144,89,26,19,43,20,52,307,56,151,,239,,,b'\x11\xe8\xe1I\xc7z8\xf2\xaf\x82\x12\xdf\x17\xaeN\x1e'
11E8E149-C77A-38F2-AF82-12DF17AE4E1E,2021-ncaa-d1-conf-Atlantic 10,ncaa,2,1,9,1,10,8,7,9,3,6,4,4,9,11,2,11,9,9,11,9,9,8,9,3,3,5,12,10,11,2,1,4,1,3,1,8,10,6,10,10,11,12,3,1,,,9,13,,,1,10,8,8,2,3,1,2,1,7,11,7,7,7,5,3,1,2,1,8,11,12,3,,12,,,1,3,3,5,1,3,6,2,2,4,2,6,9,7,12,7,11,4,4,1,3,2,9,6,13,3,1,3,1,3,1,2,6,10,11,4,4,2,6,4,,,9,11,,,1,5,3,1,1,3,1,5,2,6,3,3,11,9,9,5,4,3,3,3,2,11,3,6,,8,,,b'\x11\xe8\xe1I\xc7z8\xf2\xaf\x82\x12\xdf\x17\xaeN\x1e'
11E8E149-C77A-38F2-AF82-12DF17AE4E1E,2021-ncaa-d1-natl,ncaa,98,32,259,44,265,227,219,251,106,211,231,146,216,260,85,233,261,261,235,264,261,256,264,119,144,129,249,197,253,118,17,203,10,182,9,223,214,61,116,124,310,313,66,16,,,101,297,,,67,283,293,118,131,105,127,90,102,174,232,233,214,226,149,181,28,39,11,150,112,326,32,,223,,,54,60,53,67,25,40,65,28,93,101,110,234,91,79,205,82,201,70,58,33,43,89,291,250,248,33,10,55,17,45,9,50,131,304,274,180,45,60,102,120,,,273,244,,,67,63,73,58,45,40,30,101,26,80,163,193,146,141,145,91,25,20,44,21,54,310,56,154,,239,,,b'\x11\xe8\xe1I\xc7z8\xf2\xaf\x82\x12\xdf\x17\xaeN\x1e'
11E8E149-C77A-38F2-AF82-12DF17AE4E1E,2022-ncaa-d0-natl,ncaa,16,12,52,16,66,85,85,72,165,93,55,251,95,154,37,237,98,71,251,64,172,66,90,159,174,116,162,155,183,61,124,22,29,23,41,99,185,58,21,60,284,319,39,50,,,238,162,,,32,96,264,235,130,132,117,150,98,134,218,150,126,114,105,203,106,14,19,152,18,326,50,,124,,,33,103,113,273,6,132,281,6,129,209,43,130,124,193,27,195,105,269,250,4,4,13,153,167,176,172,29,297,124,269,41,106,121,207,276,149,18,6,337,295,,,90,149,,,32,262,86,16,32,15,25,161,42,197,70,114,75,110,111,144,83,96,209,153,36,295,7,323,,171,,,b'\x11\xe8\xe1I\xc7z8\xf2\xaf\x82\x12\xdf\x17\xaeN\x1e'
11E8E149-C77A-38F2-AF82-12DF17AE4E1E,2022-ncaa-d1-conf-Atlantic 10,ncaa,1,1,1,1,1,2,2,2,5,2,2,7,9,9,8,12,1,1,8,1,4,2,2,7,7,5,10,11,3,3,5,1,2,1,2,4,6,8,5,4,5,7,2,2,,,12,11,,,1,1,6,6,4,4,4,3,4,9,11,1,1,1,2,2,4,1,1,5,5,8,3,,8,,,1,3,3,13,1,2,12,1,3,11,1,6,6,6,4,6,5,13,12,1,1,1,9,9,8,5,2,11,5,8,2,3,7,6,10,4,4,3,13,7,,,1,6,,,1,14,3,1,1,1,1,10,1,10,2,6,5,5,5,9,7,3,5,4,3,10,3,10,,3,,,b'\x11\xe8\xe1I\xc7z8\xf2\xaf\x82\x12\xdf\x17\xaeN\x1e'
11E8E149-C77A-38F2-AF82-12DF17AE4E1E,2022-ncaa-d1-natl,ncaa,18,12,67,16,82,106,104,88,179,118,70,267,112,177,37,239,115,85,249,76,173,85,115,172,181,124,155,152,178,76,139,25,30,30,50,122,190,39,23,65,309,325,43,57,,,207,171,,,37,129,270,229,145,144,130,161,103,138,222,152,129,113,117,215,110,18,22,166,19,331,52,,129,,,39,87,88,259,7,109,273,6,119,181,51,130,106,163,29,170,104,252,218,5,4,19,150,166,170,150,30,284,139,243,50,83,125,246,283,168,12,7,335,305,,,106,144,,,37,229,93,21,36,17,32,164,51,199,76,116,77,112,113,152,78,99,212,156,42,301,7,324,,170,,,b'\x11\xe8\xe1I\xc7z8\xf2\xaf\x82\x12\xdf\x17\xaeN\x1e'
11E8E149-C77A-38F2-AF82-12DF17AE4E1E,2022-ncaa-d1-ncaatournament,ncaa,17,2,17,17,18,21,22,20,30,29,23,52,13,24,3,30,30,33,21,33,55,22,24,22,23,19,12,9,57,24,29,21,60,24,40,20,9,38,19,10,37,57,5,5,,,44,26,,,17,26,29,5,15,20,18,41,24,4,29,46,54,50,23,30,29,20,22,6,22,54,3,,36,,,14,42,38,47,8,43,50,6,15,29,10,8,58,58,30,58,47,50,49,5,7,10,27,9,65,56,60,42,29,50,40,50,60,27,44,39,37,20,62,64,,,28,50,,,17,46,15,19,13,24,15,51,29,61,6,8,59,60,60,60,59,63,32,58,42,34,21,62,,46,,,b'\x11\xe8\xe1I\xc7z8\xf2\xaf\x82\x12\xdf\x17\xaeN\x1e'
11E8E149-C77A-38F2-AF82-12DF17AE4E1E,2023-ncaa-d0-natl,ncaa,325,301,326,326,327,274,244,289,195,229,212,250,229,293,76,241,306,325,169,323,334,297,284,194,213,240,242,187,286,107,32,193,268,155,82,266,255,212,289,270,349,350,303,301,,,91,157,,,272,316,163,41,179,150,100,134,85,185,233,265,280,277,145,82,36,50,26,204,316,341,283,,208,,,278,129,130,157,137,89,92,164,249,260,161,304,85,97,144,99,160,134,78,165,143,274,268,291,100,264,268,16,32,61,82,231,283,354,348,348,187,257,272,297,,,359,361,,,272,49,198,310,268,303,302,346,239,276,330,339,195,203,206,344,297,340,93,234,316,336,289,329,,357,,,b'\x11\xe8\xe1I\xc7z8\xf2\xaf\x82\x12\xdf\x17\xaeN\x1e'
11E8E149-C77A-38F2-AF82-12DF17AE4E1E,2023-ncaa-d1-conf-Atlantic 10,ncaa,12,12,9,12,11,8,8,9,8,7,5,10,10,13,4,13,7,7,8,7,10,9,8,8,8,9,10,11,5,6,2,8,12,7,4,8,10,13,14,13,15,15,15,15,,,7,5,,,12,9,3,10,8,7,5,5,4,10,14,7,6,6,7,3,4,4,3,9,15,14,14,,8,,,12,14,14,11,10,14,11,10,10,11,10,12,6,7,5,7,4,11,9,10,8,12,9,10,4,13,12,2,2,5,4,14,9,12,13,13,13,14,14,13,,,13,14,,,12,6,10,13,12,15,15,15,14,15,12,13,6,7,7,15,13,14,4,10,15,12,15,14,,12,,,b'\x11\xe8\xe1I\xc7z8\xf2\xaf\x82\x12\xdf\x17\xaeN\x1e'
11E8E149-C77A-38F2-AF82-12DF17AE4E1E,2023-ncaa-d1-natl,ncaa,322,301,342,323,343,271,245,296,175,223,218,235,221,283,67,234,309,326,141,325,330,307,301,176,192,227,241,177,287,113,34,196,256,156,67,263,244,220,289,264,353,350,315,311,,,79,149,,,276,331,172,44,174,137,110,133,91,184,228,259,281,277,159,90,45,54,29,193,315,344,297,,201,,,281,148,145,170,150,84,86,168,269,280,203,311,83,92,169,90,151,142,64,190,164,292,274,309,93,260,256,8,34,46,67,247,301,355,350,353,187,253,268,288,,,360,361,,,276,36,188,317,271,309,304,343,231,264,334,340,188,191,192,343,289,332,76,217,320,334,279,315,,356,,,b'\x11\xe8\xe1I\xc7z8\xf2\xaf\x82\x12\xdf\x17\xaeN\x1e'
11E8E149-C77A-38F2-AF82-12DF17AE4E1E,2024-ncaa-d0-natl,ncaa,264,251,258,268,274,259,217,196,241,154,105,263,311,315,267,310,299,308,144,310,351,224,195,273,282,299,336,299,266,47,11,254,112,151,30,238,239,286,306,287,336,328,254,262,,,195,305,,,298,270,185,171,238,176,100,90,46,307,308,290,293,297,160,87,15,213,59,215,324,326,238,,258,,,300,200,203,100,327,215,157,262,176,70,354,82,191,230,53,222,236,110,73,327,314,333,163,178,184,49,112,30,11,22,30,156,124,310,289,281,145,168,287,246,,,290,317,,,298,88,249,319,300,284,294,171,281,245,231,93,229,268,264,207,133,75,52,48,205,291,205,327,,264,,,b'\x11\xe8\xe1I\xc7z8\xf2\xaf\x82\x12\xdf\x17\xaeN\x1e'
11E8E149-C77A-38F2-AF82-12DF17AE4E1E,2024-ncaa-d1-conf-Atlantic 10,ncaa,12,12,7,12,7,12,11,6,12,5,2,12,15,14,15,15,10,10,10,9,14,7,4,13,13,15,15,15,9,2,1,6,6,3,3,9,9,15,15,13,14,15,8,12,,,13,12,,,13,7,4,3,13,10,6,6,1,15,15,11,11,10,6,2,2,6,3,9,15,15,8,,13,,,13,12,13,10,14,15,12,11,6,4,12,2,12,13,2,13,12,10,7,12,12,15,2,2,8,6,6,4,1,4,3,10,9,14,15,15,10,9,14,11,,,10,12,,,13,9,13,15,13,14,15,12,15,15,7,5,12,13,13,13,9,6,5,4,10,15,12,14,,10,,,b'\x11\xe8\xe1I\xc7z8\xf2\xaf\x82\x12\xdf\x17\xaeN\x1e'
11E8E149-C77A-38F2-AF82-12DF17AE4E1E,2024-ncaa-d1-natl,ncaa,243,253,194,253,222,224,171,151,199,109,62,222,304,309,261,314,276,287,124,290,351,179,139,249,258,278,337,305,267,28,10,223,96,123,21,213,240,307,284,273,316,317,245,268,,,228,288,,,286,213,177,189,215,148,91,71,40,306,308,272,283,289,142,77,17,211,61,199,314,322,245,,248,,,284,252,253,139,326,254,184,267,204,85,358,85,206,249,42,241,233,152,106,331,317,334,158,181,175,50,96,29,10,27,21,188,116,283,264,257,168,166,299,231,,,264,320,,,286,141,222,313,285,279,291,166,283,236,224,89,221,265,259,191,130,64,45,42,198,280,197,323,,263,,,b'\x11\xe8\xe1I\xc7z8\xf2\xaf\x82\x12\xdf\x17\xaeN\x1e'
11E8E149-C77A-38F2-AF82-12DF17AE4E1E,2025-ncaa-d0-natl,genius_ncaa,122,113,135,123,177,175,178,192,153,150,161,163,236,256,183,258,109,105,217,106,112,183,140,169,160,211,217,255,97,117,80,119,189,116,87,174,159,330,312,256,176,206,209,234,,,297,296,,338,147,149,137,269,186,193,252,160,165,248,273,111,106,106,223,135,123,106,98,179,325,188,220,,304,,347,147,129,126,213,56,171,228,109,82,200,10,170,224,203,295,194,178,222,226,42,56,72,134,83,271,237,189,99,80,153,87,74,76,130,148,77,243,225,217,208,,,97,72,,55,147,218,198,89,143,110,104,205,150,214,79,182,219,191,185,206,230,237,74,129,65,140,231,219,,79,,57,b'\x11\xe8\xe1I\xc7z8\xf2\xaf\x82\x12\xdf\x17\xaeN\x1e'
11E8E149-C77A-38F2-AF82-12DF17AE4E1E,2025-ncaa-d1-conf-Atlantic 10,genius_ncaa,5,5,4,5,5,6,7,10,4,5,6,5,10,13,6,12,3,3,10,3,7,7,5,6,5,8,10,10,6,4,4,7,9,6,7,6,5,14,12,8,7,8,13,13,,,13,12,,15,8,5,3,5,6,7,10,5,6,10,13,3,3,3,8,5,5,8,5,5,15,7,13,,13,,15,8,9,8,11,4,11,10,10,4,10,2,7,12,9,15,9,8,11,12,2,5,5,7,3,12,10,9,4,4,7,7,6,5,6,8,4,8,6,13,11,,,2,2,,3,8,12,8,7,8,8,10,12,12,12,4,8,12,8,8,12,13,11,3,7,6,6,7,12,,2,,4,b'\x11\xe8\xe1I\xc7z8\xf2\xaf\x82\x12\xdf\x17\xaeN\x1e'
11E8E149-C77A-38F2-AF82-12DF17AE4E1E,2025-ncaa-d1-natl,genius_ncaa,130,113,172,126,226,203,211,243,165,188,192,172,255,268,186,257,132,131,217,135,110,226,179,176,170,217,213,258,93,147,86,148,197,145,98,195,167,317,321,266,208,216,225,243,,,283,302,,336,161,189,151,269,201,206,268,176,170,252,275,112,105,109,237,148,136,116,108,191,325,200,223,,307,,348,160,103,104,184,67,146,197,121,68,177,11,168,209,186,300,178,181,185,192,50,62,80,131,77,273,217,197,74,86,122,98,63,78,162,155,88,219,235,209,227,,,114,70,,59,161,179,210,102,156,122,113,209,166,215,81,182,222,195,190,209,229,243,76,135,71,152,236,223,,78,,53,b'\x11\xe8\xe1I\xc7z8\xf2\xaf\x82\x12\xdf\x17\xaeN\x1e'
11E8E149-C77A-38F2-AF82-12DF17AE4E1E,2026-ncaa-d0-natl,genius_ncaa,123,152,116,159,142,139,128,196,57,104,167,58,199,221,133,239,132,134,175,136,138,189,174,74,71,115,266,260,176,163,120,127,131,137,85,177,294,274,267,236,217,245,106,85,,,213,230,,324,158,179,219,97,142,125,281,90,198,221,262,143,148,153,263,222,201,123,139,208,251,240,113,,191,,324,160,223,224,219,182,175,144,232,296,306,157,335,146,116,315,114,127,188,181,206,209,215,257,307,98,171,131,110,120,126,85,215,155,190,209,208,171,159,245,229,,,122,103,,140,158,187,120,201,156,193,211,207,135,70,300,327,110,73,73,164,124,151,46,60,176,223,138,232,,128,,170,b'\x11\xe8\xe1I\xc7z8\xf2\xaf\x82\x12\xdf\x17\xaeN\x1e'
11E8E149-C77A-38F2-AF82-12DF17AE4E1E,2026-ncaa-d1-conf-Atlantic 10,genius_ncaa,8,8,1,8,1,14,13,13,13,12,11,10,10,8,13,5,11,9,13,9,8,14,14,13,14,14,11,7,9,14,14,5,6,12,13,12,9,8,12,13,12,12,5,5,,,11,12,,13,11,10,9,1,14,13,13,12,11,10,8,11,9,9,14,14,14,5,12,12,8,12,5,,11,,13,11,4,5,8,4,5,10,4,9,6,10,5,6,4,7,3,3,6,6,4,4,4,6,9,8,6,6,12,14,12,13,2,2,8,7,3,7,9,11,13,,,9,8,,3,11,4,14,6,11,4,5,8,5,10,9,6,6,4,3,6,6,6,12,12,2,8,7,11,,9,,3,b'\x11\xe8\xe1I\xc7z8\xf2\xaf\x82\x12\xdf\x17\xaeN\x1e'
11E8E149-C77A-38F2-AF82-12DF17AE4E1E,2026-ncaa-d1-natl,genius_ncaa,163,152,177,171,197,206,190,278,67,151,234,70,255,277,144,237,171,174,174,179,130,270,249,84,79,136,258,253,154,234,150,193,150,212,113,252,312,224,294,265,290,284,138,97,,,171,246,,310,199,247,232,100,178,167,311,119,214,241,274,148,157,168,295,246,237,139,169,248,271,279,124,,206,,330,199,178,182,163,224,130,93,270,280,283,182,335,109,67,327,65,131,133,115,252,250,266,261,303,98,122,150,55,150,74,113,180,164,265,249,257,129,171,227,257,,,171,85,,162,199,116,150,254,198,230,241,216,162,73,316,329,123,82,81,178,118,160,52,69,210,251,150,254,,126,,155,b'\x11\xe8\xe1I\xc7z8\xf2\xaf\x82\x12\xdf\x17\xaeN\x1e'
11E8E149-C77E-C1E2-AF82-12DF17AE4E1E,2010-ncaa-d0-natl,ncaa,72,86,50,85,54,55,42,39,59,31,54,34,154,104,266,163,164,231,13,229,330,59,57,93,93,93,287,234,291,81,83,62,126,56,75,31,89,220,124,52,58,82,54,56,,,262,176,,,94,58,154,31,74,37,55,32,86,185,135,223,304,303,104,119,118,115,101,36,153,81,62,,174,,,100,299,286,281,179,246,238,195,293,289,182,268,221,241,123,238,199,285,275,198,191,192,228,251,141,235,126,209,83,224,75,265,179,121,192,202,272,194,43,14,,,195,324,,,94,280,84,186,102,204,204,201,161,125,261,272,157,178,173,204,191,160,99,104,201,190,215,28,,294,,,b'\x11\xe8\xe1I\xc7~\xc1\xe2\xaf\x82\x12\xdf\x17\xaeN\x1e'
11E8E149-C77E-C1E2-AF82-12DF17AE4E1E,2010-ncaa-d1-conf-AAC,ncaa,7,6,6,7,7,4,4,4,3,4,6,3,4,5,11,6,11,12,2,12,13,5,4,3,3,5,12,8,13,6,6,6,10,6,6,3,5,13,12,7,4,5,4,5,,,9,7,,,8,4,6,4,5,3,7,5,6,5,4,11,13,13,7,4,6,7,6,3,14,5,4,,9,,,8,13,13,13,11,11,6,11,15,14,10,11,9,9,5,9,9,13,12,10,10,11,10,12,7,11,10,5,6,6,6,10,8,9,10,10,16,15,3,2,,,14,14,,,8,12,6,10,8,13,13,13,10,6,15,14,8,9,9,14,14,13,4,7,10,9,16,3,,14,,,b'\x11\xe8\xe1I\xc7~\xc1\xe2\xaf\x82\x12\xdf\x17\xaeN\x1e'
11E8E149-C77E-C1E2-AF82-12DF17AE4E1E,2010-ncaa-d1-natl,ncaa,74,86,53,85,57,58,43,40,63,32,58,34,162,109,267,162,171,246,13,243,330,62,63,93,94,95,287,232,290,84,84,69,130,63,80,36,93,209,124,53,64,83,58,56,,,250,175,,,97,64,156,30,77,37,56,33,88,188,134,222,305,304,108,123,122,117,106,35,152,87,63,,172,,,101,296,280,275,181,241,229,204,290,282,188,268,211,230,123,227,198,281,268,203,195,202,227,251,139,225,130,194,84,209,80,260,180,134,197,207,259,197,39,15,,,206,323,,,97,272,88,199,106,212,205,204,163,126,263,272,158,183,178,208,191,161,100,109,206,197,217,31,,296,,,b'\x11\xe8\xe1I\xc7~\xc1\xe2\xaf\x82\x12\xdf\x17\xaeN\x1e'
11E8E149-C77E-C1E2-AF82-12DF17AE4E1E,2010-ncaa-d1-ncaatournament,ncaa,33,2,33,33,33,35,34,34,22,35,34,35,34,48,12,38,48,49,45,49,58,34,34,23,28,22,41,29,58,37,29,39,41,37,39,32,28,11,15,12,43,38,29,11,,,32,54,,,31,35,19,1,9,3,2,7,3,16,26,45,48,48,2,2,12,26,16,7,28,24,11,,62,,,35,25,21,23,49,19,12,62,17,29,12,48,35,41,24,41,59,28,30,41,44,46,39,22,54,20,41,22,29,19,39,28,58,38,36,45,17,28,6,6,,,38,34,,,31,29,20,44,33,57,49,49,46,26,31,55,58,61,61,59,62,44,53,50,57,21,37,8,,19,,,b'\x11\xe8\xe1I\xc7~\xc1\xe2\xaf\x82\x12\xdf\x17\xaeN\x1e'
11E8E149-C77E-C1E2-AF82-12DF17AE4E1E,2011-ncaa-d0-natl,ncaa,11,19,11,19,12,13,10,11,19,20,44,15,5,13,39,78,117,124,178,116,256,18,21,18,25,19,183,88,330,42,71,51,182,35,92,5,31,184,34,10,20,33,41,68,,,302,161,,,15,20,163,257,27,17,47,37,164,27,47,245,255,253,73,143,126,229,177,7,44,41,80,,152,,,18,300,289,304,121,295,308,151,163,238,53,142,297,304,154,304,213,313,324,102,119,84,125,100,238,303,182,291,71,308,92,184,63,23,64,40,222,87,27,9,,,102,315,,,15,322,12,76,18,91,95,84,131,121,79,114,174,191,189,104,148,148,66,84,54,87,99,7,,299,,,b'\x11\xe8\xe1I\xc7~\xc1\xe2\xaf\x82\x12\xdf\x17\xaeN\x1e'
11E8E149-C77E-C1E2-AF82-12DF17AE4E1E,2011-ncaa-d1-conf-AAC,ncaa,3,2,4,3,9,3,3,4,3,4,5,4,2,3,4,5,13,13,12,13,15,4,5,3,4,3,9,4,15,5,3,8,11,5,6,2,5,3,1,2,4,4,7,7,,,10,10,,,3,6,3,8,3,2,1,4,5,1,4,13,13,13,1,3,5,8,4,2,3,4,7,,10,,,3,5,5,9,8,9,10,7,3,5,2,3,12,12,2,12,10,10,11,5,4,5,4,3,11,11,11,11,3,10,6,2,2,5,5,3,7,6,1,1,,,13,15,,,3,11,3,6,3,6,6,8,8,9,3,4,10,11,11,8,13,12,11,8,3,5,8,1,,14,,,b'\x11\xe8\xe1I\xc7~\xc1\xe2\xaf\x82\x12\xdf\x17\xaeN\x1e'
11E8E149-C77E-C1E2-AF82-12DF17AE4E1E,2011-ncaa-d1-natl,ncaa,11,19,11,19,12,13,10,12,19,20,50,15,8,16,40,78,128,137,175,129,256,19,22,18,25,19,181,86,331,47,73,61,184,38,97,6,31,163,36,10,20,37,44,71,,,295,162,,,15,21,164,260,29,17,49,38,166,30,49,245,257,253,78,150,129,231,186,7,46,42,81,,153,,,18,292,277,299,127,289,302,155,156,225,53,142,292,295,159,298,215,308,323,108,126,92,120,100,237,295,184,279,73,301,97,179,66,27,69,44,210,87,25,9,,,118,314,,,15,321,12,82,18,96,99,87,136,123,81,115,181,195,194,111,148,151,68,86,58,91,100,7,,299,,,b'\x11\xe8\xe1I\xc7~\xc1\xe2\xaf\x82\x12\xdf\x17\xaeN\x1e'
11E8E149-C77E-C1E2-AF82-12DF17AE4E1E,2011-ncaa-d1-ncaatournament,ncaa,9,2,9,9,9,15,13,9,38,13,12,30,8,5,34,18,22,19,56,19,37,11,11,35,40,35,30,17,52,7,7,16,46,11,29,16,45,48,13,23,9,17,17,30,,,50,23,,,13,14,42,3,32,27,13,26,26,18,11,45,35,35,16,23,6,50,24,32,16,16,27,,24,,,15,51,51,50,28,54,53,48,26,46,4,28,57,58,28,58,44,52,52,23,21,16,13,8,42,52,46,54,7,51,29,49,27,10,18,13,52,33,28,14,,,16,46,,,13,51,23,20,15,18,20,16,38,24,6,22,39,40,42,22,33,38,29,34,21,18,30,15,,41,,,b'\x11\xe8\xe1I\xc7~\xc1\xe2\xaf\x82\x12\xdf\x17\xaeN\x1e'
11E8E149-C77E-C1E2-AF82-12DF17AE4E1E,2012-ncaa-d0-natl,ncaa,44,73,22,73,37,17,15,27,19,45,127,11,8,15,41,27,171,220,57,219,261,40,39,13,16,22,87,33,335,164,243,66,221,103,238,14,83,237,101,28,55,118,91,134,,,226,56,,,67,20,58,237,22,19,56,80,244,13,19,256,298,298,100,127,252,194,238,20,121,96,118,,105,,,69,329,321,322,217,316,321,189,264,250,238,126,312,291,329,290,150,323,323,202,225,215,169,143,214,294,221,308,243,313,238,257,77,43,132,112,272,177,193,157,,,197,328,,,67,321,28,212,78,249,236,236,252,266,189,162,254,200,199,240,268,219,177,203,155,100,190,123,,313,,,b'\x11\xe8\xe1I\xc7~\xc1\xe2\xaf\x82\x12\xdf\x17\xaeN\x1e'
11E8E149-C77E-C1E2-AF82-12DF17AE4E1E,2012-ncaa-d1-conf-AAC,ncaa,8,8,4,8,6,3,3,5,3,5,14,2,3,3,4,2,12,15,5,15,16,9,5,3,3,3,7,2,16,14,12,5,14,11,11,3,3,10,11,4,9,13,8,11,,,3,1,,,7,4,2,7,3,3,5,5,14,2,2,13,15,15,8,6,14,5,12,3,12,11,8,,2,,,7,15,16,14,13,15,15,10,12,8,15,6,7,6,7,6,2,14,14,13,12,12,8,10,1,15,14,8,12,14,11,12,5,9,12,11,13,15,9,11,,,15,16,,,7,13,3,12,7,15,15,16,15,16,12,8,8,7,7,16,16,15,7,11,12,10,14,9,,16,,,b'\x11\xe8\xe1I\xc7~\xc1\xe2\xaf\x82\x12\xdf\x17\xaeN\x1e'
11E8E149-C77E-C1E2-AF82-12DF17AE4E1E,2012-ncaa-d1-natl,ncaa,50,72,23,74,42,17,15,29,22,49,143,11,8,15,44,27,186,240,54,233,259,43,43,12,17,23,86,34,335,182,249,80,226,118,249,15,84,214,104,29,65,126,96,138,,,213,55,,,72,21,61,235,23,20,60,87,250,13,20,255,301,298,105,133,255,203,243,20,123,101,117,,108,,,73,324,317,320,218,309,319,196,258,235,240,126,309,285,328,285,153,322,323,205,232,220,166,144,217,288,226,302,249,309,249,249,78,52,139,119,261,179,180,162,,,215,327,,,72,320,31,218,81,252,239,239,256,267,191,161,262,203,201,244,265,223,182,208,162,105,191,124,,312,,,b'\x11\xe8\xe1I\xc7~\xc1\xe2\xaf\x82\x12\xdf\x17\xaeN\x1e'
11E8E149-C77E-C1E2-AF82-12DF17AE4E1E,2012-ncaa-d1-ncaatournament,ncaa,17,2,17,17,17,31,30,26,41,24,24,42,40,26,54,38,35,34,42,34,53,29,29,46,48,46,57,45,48,35,59,23,46,29,60,31,54,40,36,51,13,4,26,40,,,31,9,,,40,21,17,5,49,40,30,29,28,51,36,49,48,49,43,45,56,32,52,53,33,4,41,,10,,,33,36,34,43,7,36,38,16,37,50,10,58,37,29,59,31,24,41,48,7,9,5,44,44,35,47,46,49,59,48,60,41,45,16,7,12,38,36,47,44,,,28,38,,,40,44,50,6,32,9,4,33,6,16,33,58,27,15,15,26,54,47,60,61,28,2,29,49,,41,,,b'\x11\xe8\xe1I\xc7~\xc1\xe2\xaf\x82\x12\xdf\x17\xaeN\x1e'
11E8E149-C77E-C1E2-AF82-12DF17AE4E1E,2013-ncaa-d0-natl,ncaa,72,86,41,82,66,28,20,18,79,44,98,30,28,13,183,39,194,205,174,202,271,26,28,62,80,65,154,63,330,40,105,93,318,54,224,11,43,193,72,29,139,221,90,159,,,171,33,,,136,36,47,267,23,21,12,64,168,34,18,263,262,261,29,41,58,174,94,9,118,183,107,,83,,,138,333,343,335,284,343,330,277,282,287,195,162,141,178,44,179,45,335,325,268,231,268,37,152,27,344,318,297,105,333,224,275,40,149,286,235,163,70,152,113,,,174,325,,,136,308,52,296,144,314,330,336,329,328,251,246,87,124,127,335,318,335,229,302,214,212,116,115,,271,,,b'\x11\xe8\xe1I\xc7~\xc1\xe2\xaf\x82\x12\xdf\x17\xaeN\x1e'
11E8E149-C77E-C1E2-AF82-12DF17AE4E1E,2013-ncaa-d1-conf-AAC,ncaa,6,6,4,6,9,5,4,6,6,7,11,2,4,3,12,2,9,10,8,10,8,6,7,5,5,7,6,5,12,10,12,5,14,6,13,4,5,7,8,5,10,13,6,10,,,5,4,,,9,5,2,12,5,3,6,7,12,4,3,10,11,10,6,7,10,5,7,4,9,10,5,,6,,,9,14,15,13,9,15,13,9,9,11,6,7,5,6,3,6,4,14,13,9,8,10,2,6,1,15,14,13,12,15,13,9,2,9,14,12,6,9,3,6,,,11,12,,,9,11,7,12,9,13,14,15,14,15,11,11,6,6,6,15,15,15,12,14,10,9,7,3,,12,,,b'\x11\xe8\xe1I\xc7~\xc1\xe2\xaf\x82\x12\xdf\x17\xaeN\x1e'
11E8E149-C77E-C1E2-AF82-12DF17AE4E1E,2013-ncaa-d1-natl,ncaa,77,86,49,85,74,33,22,19,80,47,112,30,30,13,186,39,207,219,174,213,266,27,30,63,81,68,148,59,330,46,109,103,320,64,231,12,42,177,74,28,153,230,94,160,,,153,35,,,144,41,51,267,24,21,12,66,175,34,18,262,259,259,31,43,63,181,100,9,118,187,108,,86,,,147,332,343,334,289,343,329,282,276,279,196,164,131,166,44,168,45,334,323,272,233,273,38,152,28,344,320,292,109,331,231,268,41,163,291,240,151,71,149,120,,,199,325,,,144,303,53,305,156,316,331,336,330,327,252,245,88,127,127,336,315,336,231,306,221,221,118,116,,269,,,b'\x11\xe8\xe1I\xc7~\xc1\xe2\xaf\x82\x12\xdf\x17\xaeN\x1e'
11E8E149-C77E-C1E2-AF82-12DF17AE4E1E,2013-ncaa-d1-ncaatournament,ncaa,33,2,33,33,35,42,45,34,63,55,44,58,28,17,52,6,48,52,17,50,49,34,33,59,61,57,11,10,46,24,10,49,47,34,28,39,12,18,20,33,31,14,57,61,,,9,15,,,47,40,9,7,38,42,2,54,30,6,1,46,50,46,2,1,1,48,3,27,40,12,55,,21,,,51,19,24,23,46,24,24,53,8,12,14,13,15,16,11,16,31,24,27,40,34,38,7,9,25,22,47,26,10,28,28,4,10,42,28,16,34,58,35,57,,,51,57,,,47,23,50,38,53,48,55,39,55,52,9,14,27,32,33,45,50,42,58,59,24,20,61,55,,48,,,b'\x11\xe8\xe1I\xc7~\xc1\xe2\xaf\x82\x12\xdf\x17\xaeN\x1e'
11E8E149-C77E-C1E2-AF82-12DF17AE4E1E,2014-ncaa-d0-natl,ncaa,8,17,8,17,12,4,5,5,19,16,41,15,3,4,35,59,44,35,225,36,108,9,7,10,16,11,80,56,313,24,105,66,129,41,150,3,21,254,38,9,1,3,147,224,,,325,120,,,20,7,20,270,5,7,18,43,173,14,28,131,113,114,18,23,87,257,169,3,90,4,210,,177,,,25,345,346,323,330,347,331,341,226,243,156,117,269,284,106,291,138,327,341,323,311,206,28,75,92,245,129,336,105,326,150,308,55,5,19,41,247,64,269,172,,,36,293,,,20,344,9,151,28,272,306,166,319,221,120,109,139,160,162,161,288,80,208,147,187,10,119,171,,181,,,b'\x11\xe8\xe1I\xc7~\xc1\xe2\xaf\x82\x12\xdf\x17\xaeN\x1e'
11E8E149-C77E-C1E2-AF82-12DF17AE4E1E,2014-ncaa-d1-conf-Big East,ncaa,1,1,1,1,2,1,1,1,1,2,5,1,1,3,1,4,2,1,8,1,1,1,1,1,1,1,4,4,6,1,3,5,4,3,5,1,3,6,3,2,1,1,8,8,,,7,5,,,1,1,1,7,1,1,2,3,6,2,3,2,2,2,1,1,4,7,3,1,4,1,8,,6,,,1,9,9,8,9,9,9,9,4,5,3,4,5,6,5,6,6,8,10,8,9,3,3,4,4,7,4,8,3,8,5,4,2,1,1,1,4,3,3,2,,,1,4,,,1,10,1,2,1,6,8,6,9,6,4,5,5,5,5,6,9,4,5,5,4,1,3,3,,2,,,b'\x11\xe8\xe1I\xc7~\xc1\xe2\xaf\x82\x12\xdf\x17\xaeN\x1e'
11E8E149-C77E-C1E2-AF82-12DF17AE4E1E,2014-ncaa-d1-natl,ncaa,8,17,9,17,13,4,5,6,20,17,48,17,3,4,34,59,50,39,222,40,111,10,8,11,18,11,80,56,311,29,109,75,134,45,153,3,21,236,39,9,1,3,157,225,,,321,120,,,21,9,21,273,5,7,20,46,173,16,29,136,114,115,18,25,88,265,172,3,88,4,214,,178,,,25,344,345,319,332,347,329,341,216,228,159,115,259,272,109,284,139,325,339,323,311,215,26,73,93,222,134,333,109,322,153,303,58,5,19,47,230,65,263,173,,,45,294,,,21,342,10,159,31,278,311,169,321,224,117,104,139,159,163,162,285,81,212,152,192,13,117,175,,186,,,b'\x11\xe8\xe1I\xc7~\xc1\xe2\xaf\x82\x12\xdf\x17\xaeN\x1e'
11E8E149-C77E-C1E2-AF82-12DF17AE4E1E,2014-ncaa-d1-ncaatournament,ncaa,9,2,9,9,10,9,10,12,17,14,15,17,4,4,6,13,14,13,33,13,10,12,11,8,8,7,13,13,34,14,20,17,47,16,36,8,19,53,39,26,8,20,10,20,,,55,28,,,28,12,9,3,3,9,21,31,40,3,10,22,22,23,19,11,24,46,42,7,41,16,12,,41,,,25,58,59,51,52,59,55,48,48,45,39,20,56,57,23,57,33,52,55,49,49,47,13,22,29,56,47,53,20,53,36,52,6,7,18,11,56,45,60,55,,,12,27,,,28,54,7,47,24,51,52,37,57,49,27,18,40,46,46,46,56,38,21,26,22,9,49,50,,18,,,b'\x11\xe8\xe1I\xc7~\xc1\xe2\xaf\x82\x12\xdf\x17\xaeN\x1e'
11E8E149-C77E-C1E2-AF82-12DF17AE4E1E,2015-ncaa-d0-natl,ncaa,20,27,13,27,15,3,3,2,43,15,27,18,2,2,51,10,141,118,248,120,285,2,3,12,33,10,62,11,347,17,156,67,149,32,235,4,49,53,2,3,2,5,188,282,,,271,36,,,9,3,6,27,2,2,2,21,91,2,2,262,248,248,3,7,32,238,106,3,16,2,255,,120,,,9,345,347,329,341,348,334,333,242,201,274,86,242,230,259,230,72,328,345,333,329,157,27,77,71,242,149,347,156,345,235,326,96,2,6,33,125,15,249,125,,,102,349,,,9,347,7,115,16,295,323,227,330,291,148,94,131,112,112,209,339,96,342,315,237,2,47,165,,279,,,b'\x11\xe8\xe1I\xc7~\xc1\xe2\xaf\x82\x12\xdf\x17\xaeN\x1e'
11E8E149-C77E-C1E2-AF82-12DF17AE4E1E,2015-ncaa-d1-conf-Big East,ncaa,1,1,1,1,1,1,1,1,1,3,6,1,1,1,1,2,7,7,5,7,7,1,1,1,1,1,2,2,9,1,2,6,4,2,5,1,2,3,2,2,1,1,7,9,,,6,4,,,1,1,2,3,1,1,1,4,6,1,1,8,7,7,1,1,2,9,3,1,2,1,9,,6,,,1,8,9,7,10,9,8,10,2,3,4,3,5,5,4,5,3,7,8,9,9,4,2,2,4,5,4,9,2,8,5,6,2,1,1,1,3,3,4,4,,,6,10,,,1,10,1,3,1,6,9,4,9,7,2,3,5,4,4,4,8,3,9,8,4,1,3,4,,8,,,b'\x11\xe8\xe1I\xc7~\xc1\xe2\xaf\x82\x12\xdf\x17\xaeN\x1e'
11E8E149-C77E-C1E2-AF82-12DF17AE4E1E,2015-ncaa-d1-natl,ncaa,21,27,15,27,17,3,3,2,50,16,31,21,2,2,53,10,160,139,249,141,286,2,3,13,33,10,60,11,347,19,164,89,153,35,245,4,52,39,2,3,2,7,207,283,,,261,37,,,9,3,6,22,2,2,2,24,96,2,2,263,250,251,3,7,37,250,117,3,17,2,257,,123,,,9,344,347,324,342,348,332,334,230,188,284,83,230,219,262,218,72,324,345,335,331,177,26,74,71,223,153,347,164,344,245,321,96,2,6,37,114,15,234,128,,,125,349,,,9,347,7,126,16,297,324,232,331,290,150,90,134,116,116,210,339,98,344,317,243,2,50,172,,279,,,b'\x11\xe8\xe1I\xc7~\xc1\xe2\xaf\x82\x12\xdf\x17\xaeN\x1e'
11E8E149-C77E-C1E2-AF82-12DF17AE4E1E,2015-ncaa-d1-ncaatournament,ncaa,17,2,17,17,17,23,21,17,38,25,28,17,10,3,44,6,31,33,8,34,45,21,21,35,35,27,20,12,49,28,49,31,47,31,57,17,11,34,13,6,13,10,33,51,,,40,20,,,29,21,12,4,18,15,4,31,45,7,1,43,48,50,11,15,38,50,50,7,17,5,46,,27,,,28,41,42,37,47,45,41,43,41,37,46,27,44,40,46,42,30,38,45,46,46,25,35,32,29,45,47,52,49,49,57,46,41,11,4,12,43,43,35,40,,,30,58,,,29,45,28,28,26,39,38,26,45,31,38,27,35,29,29,27,54,47,58,59,42,3,44,28,,52,,,b'\x11\xe8\xe1I\xc7~\xc1\xe2\xaf\x82\x12\xdf\x17\xaeN\x1e'
11E8E149-C77E-C1E2-AF82-12DF17AE4E1E,2016-ncaa-d0-natl,ncaa,17,43,8,39,11,4,4,4,13,8,24,6,6,7,31,34,202,213,170,206,330,7,8,8,12,6,160,37,349,19,94,30,26,22,57,3,13,126,13,3,14,52,218,273,,,221,45,,,8,8,56,280,6,4,8,18,130,9,14,311,320,316,17,50,82,156,103,2,23,51,271,,52,,,10,340,346,332,322,348,331,340,205,264,69,150,133,184,24,184,64,327,339,302,266,210,14,76,26,102,26,331,94,292,57,320,111,23,79,129,192,40,267,125,,,137,342,,,8,341,4,137,14,207,281,153,308,192,92,138,40,63,61,124,174,11,149,62,202,71,66,165,,310,,,b'\x11\xe8\xe1I\xc7~\xc1\xe2\xaf\x82\x12\xdf\x17\xaeN\x1e'
11E8E149-C77E-C1E2-AF82-12DF17AE4E1E,2016-ncaa-d1-conf-Big East,ncaa,1,1,3,1,3,1,1,1,1,2,5,1,1,2,1,2,8,8,6,8,9,1,3,1,1,1,4,3,10,2,2,4,1,4,1,1,1,2,2,2,1,1,6,7,,,3,4,,,1,5,3,5,1,1,2,2,5,2,2,9,8,8,2,3,3,4,3,1,2,2,7,,3,,,1,4,5,5,8,7,5,8,2,2,1,4,4,4,4,4,5,4,5,6,7,2,2,2,4,1,1,3,2,1,1,2,1,2,1,1,2,2,4,3,,,7,9,,,1,6,1,1,1,4,5,4,8,4,3,4,3,4,3,3,5,1,2,1,3,1,2,4,,7,,,b'\x11\xe8\xe1I\xc7~\xc1\xe2\xaf\x82\x12\xdf\x17\xaeN\x1e'
11E8E149-C77E-C1E2-AF82-12DF17AE4E1E,2016-ncaa-d1-natl,ncaa,19,43,8,40,11,5,4,4,13,8,33,6,6,9,31,33,230,243,171,237,331,9,10,9,13,6,155,35,349,28,99,36,28,29,58,3,13,92,13,3,19,58,233,275,,,195,50,,,9,10,61,282,6,4,9,20,133,10,14,310,320,316,18,54,87,163,109,2,23,58,271,,55,,,11,337,343,328,328,348,325,341,192,246,71,148,120,169,26,167,68,319,335,312,277,221,14,70,26,84,28,323,99,280,58,316,113,28,89,141,175,41,260,137,,,161,342,,,9,339,4,157,16,215,284,159,313,196,98,137,40,64,63,128,175,11,156,63,207,78,70,174,,311,,,b'\x11\xe8\xe1I\xc7~\xc1\xe2\xaf\x82\x12\xdf\x17\xaeN\x1e'
11E8E149-C77E-C1E2-AF82-12DF17AE4E1E,2016-ncaa-d1-ncaatournament,ncaa,9,2,9,9,9,10,10,13,5,13,15,13,6,8,5,20,17,16,48,16,25,14,16,3,5,3,15,9,50,13,25,12,44,13,28,9,14,36,6,1,18,42,30,55,,,51,20,,,12,16,50,1,3,5,25,20,33,2,16,33,29,29,22,39,34,23,30,6,5,41,54,,16,,,10,55,56,55,32,55,53,31,55,56,37,42,51,52,18,52,23,54,52,37,31,44,32,42,17,56,44,52,25,54,28,52,23,21,60,57,45,22,46,29,,,14,12,,,12,49,3,52,12,43,45,50,36,38,45,46,23,26,21,50,31,54,22,35,36,60,18,29,,20,,,b'\x11\xe8\xe1I\xc7~\xc1\xe2\xaf\x82\x12\xdf\x17\xaeN\x1e'
11E8E149-C77E-C1E2-AF82-12DF17AE4E1E,2017-ncaa-d0-natl,ncaa,16,28,16,25,20,9,7,2,42,19,39,12,4,4,105,20,175,167,202,163,306,4,8,20,46,27,119,28,348,13,72,20,29,12,48,5,37,174,21,5,56,147,77,147,,,315,131,,,17,8,10,245,9,7,4,25,139,6,7,285,287,287,7,12,41,66,23,5,52,115,113,,185,,,19,341,334,325,217,335,332,155,251,218,291,66,321,291,330,283,118,329,334,193,227,183,118,112,199,144,29,338,72,318,48,181,14,23,89,40,145,29,45,11,,,71,322,,,17,343,18,116,21,242,245,233,262,294,157,88,232,184,180,228,293,37,227,139,75,56,57,14,,217,,,b'\x11\xe8\xe1I\xc7~\xc1\xe2\xaf\x82\x12\xdf\x17\xaeN\x1e'
11E8E149-C77E-C1E2-AF82-12DF17AE4E1E,2017-ncaa-d1-conf-Big East,ncaa,1,1,1,1,1,2,2,1,2,2,3,2,1,1,5,3,4,4,8,4,8,1,1,2,2,2,5,4,9,1,1,1,1,1,1,1,3,8,5,4,2,2,2,7,,,8,5,,,1,1,1,8,2,2,1,2,3,2,2,6,5,5,1,1,1,2,1,1,6,2,5,,6,,,1,7,7,9,2,8,10,2,4,4,6,3,8,8,10,8,4,9,10,3,3,1,5,4,8,3,1,6,1,4,1,4,1,1,2,1,6,5,1,1,,,2,9,,,1,10,2,1,1,4,4,7,5,9,4,3,6,6,6,6,10,1,2,2,2,1,6,1,,3,,,b'\x11\xe8\xe1I\xc7~\xc1\xe2\xaf\x82\x12\xdf\x17\xaeN\x1e'
11E8E149-C77E-C1E2-AF82-12DF17AE4E1E,2017-ncaa-d1-natl,ncaa,17,28,16,29,23,9,7,3,46,19,46,15,5,5,108,21,202,198,199,194,308,5,8,24,48,28,116,27,348,16,82,26,28,12,54,6,40,152,21,6,71,156,84,154,,,301,137,,,18,9,10,246,10,8,4,31,148,7,7,289,292,288,8,14,41,68,25,5,53,120,117,,189,,,22,339,333,321,227,335,331,166,240,190,297,63,314,274,332,266,121,325,333,209,241,188,113,106,200,119,28,333,82,300,54,162,15,32,97,42,127,29,34,12,,,84,321,,,18,342,19,128,25,250,252,235,273,296,161,88,239,186,184,230,290,39,232,143,78,62,59,15,,219,,,b'\x11\xe8\xe1I\xc7~\xc1\xe2\xaf\x82\x12\xdf\x17\xaeN\x1e'
11E8E149-C77E-C1E2-AF82-12DF17AE4E1E,2017-ncaa-d1-ncaatournament,ncaa,17,2,17,17,18,17,17,17,10,19,26,8,14,11,18,9,37,36,55,35,55,18,18,7,13,11,29,11,63,19,35,29,41,28,39,17,24,39,34,16,36,51,28,39,,,52,62,,,17,18,20,6,7,5,11,14,35,5,10,59,57,56,20,18,23,39,36,8,34,53,37,,62,,,17,46,41,38,40,45,42,38,21,33,15,15,57,54,51,53,56,42,43,30,40,46,29,11,61,42,41,45,35,44,39,31,11,24,44,22,35,26,19,17,,,29,53,,,17,40,12,47,31,49,34,24,45,37,10,18,62,60,60,41,36,37,37,34,18,42,24,17,,49,,,b'\x11\xe8\xe1I\xc7~\xc1\xe2\xaf\x82\x12\xdf\x17\xaeN\x1e'
11E8E149-C77E-C1E2-AF82-12DF17AE4E1E,2018-ncaa-d0-natl,ncaa,18,31,12,28,17,8,9,5,42,73,161,19,1,1,37,3,142,177,78,182,188,10,10,16,20,15,10,4,343,49,180,27,38,28,108,4,4,170,34,5,72,147,208,286,,,314,139,,,23,9,23,165,6,9,8,140,300,1,2,247,282,284,15,28,121,71,74,4,63,131,254,,206,,,30,345,347,337,304,349,344,294,184,197,149,45,299,283,243,285,83,339,337,258,250,240,18,37,118,194,38,345,180,323,108,315,75,49,170,177,163,40,63,62,,,127,340,,,23,342,18,186,35,285,310,287,334,331,92,83,195,182,185,283,288,66,247,184,208,128,72,23,,283,,,b'\x11\xe8\xe1I\xc7~\xc1\xe2\xaf\x82\x12\xdf\x17\xaeN\x1e'
11E8E149-C77E-C1E2-AF82-12DF17AE4E1E,2018-ncaa-d1-conf-Big East,ncaa,1,1,1,1,2,1,2,2,2,3,7,2,1,1,2,1,4,4,3,4,2,2,2,1,1,1,1,1,10,3,2,1,1,1,1,1,1,6,4,2,5,6,5,7,,,6,2,,,1,2,2,8,1,2,2,6,8,1,1,6,6,6,2,2,3,1,1,1,6,5,5,,3,,,1,9,9,10,4,9,10,3,4,4,4,2,1,5,1,5,1,10,9,4,2,2,1,3,1,8,1,8,2,8,1,4,3,4,6,4,8,4,2,2,,,2,10,,,1,9,1,1,1,5,8,10,9,10,3,4,1,2,3,10,9,4,4,4,3,5,6,2,,8,,,b'\x11\xe8\xe1I\xc7~\xc1\xe2\xaf\x82\x12\xdf\x17\xaeN\x1e'
11E8E149-C77E-C1E2-AF82-12DF17AE4E1E,2018-ncaa-d1-natl,ncaa,19,31,16,30,20,8,9,8,43,88,200,20,2,2,37,3,160,203,73,207,184,12,12,16,20,15,10,4,342,60,186,28,43,31,124,4,4,144,35,5,86,162,226,288,,,300,139,,,29,9,25,167,6,10,8,153,303,1,2,249,286,286,16,31,132,75,80,4,63,140,259,,209,,,34,343,344,334,316,349,344,301,170,173,155,44,284,268,246,270,83,338,337,271,262,252,18,34,118,167,43,343,186,314,124,309,76,67,178,190,146,40,52,67,,,165,339,,,29,341,19,203,43,294,313,287,335,330,96,82,198,186,188,287,289,66,253,187,216,134,76,23,,286,,,b'\x11\xe8\xe1I\xc7~\xc1\xe2\xaf\x82\x12\xdf\x17\xaeN\x1e'
11E8E149-C77E-C1E2-AF82-12DF17AE4E1E,2018-ncaa-d1-ncaatournament,ncaa,17,2,17,17,18,17,19,21,10,25,28,14,12,13,9,10,26,27,36,27,20,23,24,5,5,3,12,9,48,27,43,18,31,23,31,11,2,40,20,3,31,50,22,42,,,52,51,,,17,19,11,7,4,13,24,34,49,2,8,34,32,32,23,32,47,7,24,2,18,48,40,,56,,,16,45,39,45,17,40,45,18,35,41,22,21,60,60,31,60,53,48,48,15,19,26,45,22,61,50,31,41,43,44,31,31,11,31,49,26,42,29,20,23,,,31,48,,,17,48,6,29,15,40,23,48,36,47,24,25,60,61,61,61,59,53,35,39,12,49,32,12,,45,,,b'\x11\xe8\xe1I\xc7~\xc1\xe2\xaf\x82\x12\xdf\x17\xaeN\x1e'
11E8E149-C77E-C1E2-AF82-12DF17AE4E1E,2019-ncaa-d0-natl,ncaa,18,34,26,33,27,11,13,9,81,87,192,27,2,1,86,3,44,103,11,97,78,10,9,39,34,23,11,7,284,17,77,97,68,51,93,7,14,190,37,14,53,103,329,343,,,312,165,,,52,9,36,72,8,12,4,154,297,2,2,84,176,174,7,21,45,227,104,6,88,93,343,,217,,,57,348,347,313,344,348,316,346,295,271,288,174,239,216,294,215,104,312,328,340,337,317,64,131,71,95,68,332,77,285,93,308,55,24,76,130,239,79,68,83,,,64,275,,,52,341,15,271,66,328,337,218,333,226,240,179,154,125,122,204,269,32,218,121,233,61,140,36,,148,,,b'\x11\xe8\xe1I\xc7~\xc1\xe2\xaf\x82\x12\xdf\x17\xaeN\x1e'
11E8E149-C77E-C1E2-AF82-12DF17AE4E1E,2019-ncaa-d1-conf-Big East,ncaa,1,1,1,1,2,2,2,1,5,3,6,3,1,1,5,2,2,3,1,3,1,1,1,4,3,3,2,4,5,1,1,4,5,2,2,1,2,7,4,3,5,5,9,10,,,9,8,,,2,2,3,7,2,2,1,5,7,2,1,2,3,3,1,1,1,7,2,1,6,6,10,,8,,,2,10,10,8,10,10,9,9,4,4,6,4,7,7,3,7,4,8,8,9,9,7,1,2,4,5,5,6,1,7,2,5,2,1,2,3,6,4,5,4,,,1,6,,,2,9,2,5,2,9,10,5,10,8,3,4,6,7,6,5,7,3,5,3,5,2,4,4,,1,,,b'\x11\xe8\xe1I\xc7~\xc1\xe2\xaf\x82\x12\xdf\x17\xaeN\x1e'
11E8E149-C77E-C1E2-AF82-12DF17AE4E1E,2019-ncaa-d1-natl,ncaa,21,34,21,34,24,8,11,7,69,74,180,22,2,1,80,3,36,103,6,99,75,9,8,32,29,21,14,10,280,20,83,84,63,40,96,7,16,184,35,12,58,104,335,343,,,311,170,,,39,8,28,72,5,11,5,140,289,3,2,73,172,171,5,17,50,225,110,7,88,89,342,,226,,,44,348,348,324,344,348,320,345,305,273,310,164,246,225,282,223,108,324,335,341,340,318,67,143,73,88,63,332,83,292,96,310,53,24,76,128,238,70,72,83,,,57,272,,,39,344,15,274,57,328,334,221,334,232,256,173,162,131,128,205,272,32,222,123,232,60,138,38,,145,,,b'\x11\xe8\xe1I\xc7~\xc1\xe2\xaf\x82\x12\xdf\x17\xaeN\x1e'
11E8E149-C77E-C1E2-AF82-12DF17AE4E1E,2019-ncaa-d1-ncaatournament,ncaa,33,2,33,33,36,34,34,37,26,38,52,3,31,28,41,8,56,53,53,47,48,38,39,14,28,21,33,18,60,44,40,50,35,50,47,34,21,12,22,10,28,6,33,18,,,26,56,,,38,35,3,7,9,5,6,19,46,4,3,55,49,42,8,11,37,49,48,5,25,4,14,,56,,,42,25,23,16,58,13,14,43,32,20,62,37,21,22,28,20,48,15,25,63,61,54,56,57,30,10,35,15,40,12,47,21,32,30,10,20,12,23,2,3,,,57,58,,,38,28,26,51,45,56,53,24,34,26,61,35,47,48,47,29,54,20,47,37,48,4,24,2,,55,,,b'\x11\xe8\xe1I\xc7~\xc1\xe2\xaf\x82\x12\xdf\x17\xaeN\x1e'
11E8E149-C77E-C1E2-AF82-12DF17AE4E1E,2020-ncaa-d0-natl,ncaa,5,20,1,20,7,2,3,1,65,19,42,39,1,1,37,13,58,147,10,134,240,1,1,28,30,13,34,12,325,5,70,139,202,20,171,2,16,104,6,3,5,15,242,291,,,322,146,,,16,1,12,348,2,5,2,60,161,2,3,132,251,242,2,6,14,296,107,4,29,6,284,,233,,,21,351,350,319,347,349,322,348,280,234,311,119,259,291,76,290,179,334,351,349,345,259,60,118,80,243,202,348,70,337,171,349,319,3,18,145,159,27,293,211,,,121,341,,,16,351,7,222,26,312,324,167,332,201,202,130,170,203,205,174,323,115,290,243,341,6,73,231,,265,,,b'\x11\xe8\xe1I\xc7~\xc1\xe2\xaf\x82\x12\xdf\x17\xaeN\x1e'
11E8E149-C77E-C1E2-AF82-12DF17AE4E1E,2020-ncaa-d1-conf-Big East,ncaa,1,1,1,1,2,1,1,1,3,2,2,3,1,1,2,3,1,3,2,3,5,1,1,3,3,1,2,3,7,1,2,4,5,2,3,1,4,3,1,1,1,2,10,10,,,9,3,,,1,1,1,10,1,1,1,3,3,1,1,2,4,5,1,1,1,8,2,1,3,2,10,,9,,,1,10,10,9,10,10,8,10,4,5,3,5,5,7,2,7,4,9,10,10,10,5,1,3,2,6,5,10,2,9,3,10,7,1,1,1,3,2,7,4,,,3,9,,,1,10,1,4,1,9,10,6,10,7,4,5,4,6,6,5,10,4,8,6,9,1,3,4,,5,,,b'\x11\xe8\xe1I\xc7~\xc1\xe2\xaf\x82\x12\xdf\x17\xaeN\x1e'
11E8E149-C77E-C1E2-AF82-12DF17AE4E1E,2020-ncaa-d1-natl,ncaa,6,20,2,20,11,2,3,1,71,24,59,39,2,2,40,11,75,170,9,160,240,1,1,28,32,14,33,12,324,5,75,169,207,24,181,2,18,83,7,3,5,19,252,296,,,316,151,,,21,1,12,349,2,5,2,63,166,2,3,134,252,242,2,7,15,300,116,4,29,6,283,,236,,,26,351,350,307,348,349,309,348,271,212,314,116,242,279,75,279,184,324,349,349,347,277,56,110,80,220,207,344,75,330,181,347,319,3,20,155,139,28,287,217,,,152,340,,,21,351,8,248,32,315,329,170,334,210,204,127,177,211,211,178,320,120,290,247,341,9,74,238,,265,,,b'\x11\xe8\xe1I\xc7~\xc1\xe2\xaf\x82\x12\xdf\x17\xaeN\x1e'
11E8E149-C77E-C1E2-AF82-12DF17AE4E1E,2021-ncaa-d0-natl,ncaa,90,143,89,117,107,29,28,21,93,36,43,62,23,18,123,58,122,155,21,150,285,25,27,76,82,47,128,79,296,46,148,179,298,124,295,34,158,161,22,29,14,26,195,285,,,205,27,,,105,31,4,163,7,6,2,27,44,17,13,146,223,215,2,5,59,293,198,16,80,12,242,,138,,,113,327,335,277,343,338,303,342,257,211,298,92,169,189,105,191,53,275,307,342,338,290,13,85,18,274,298,316,148,307,295,339,236,11,29,173,260,123,326,248,,,150,335,,,105,311,37,276,124,338,343,302,343,325,211,139,104,126,125,290,339,241,322,316,337,8,218,311,,234,,,b'\x11\xe8\xe1I\xc7~\xc1\xe2\xaf\x82\x12\xdf\x17\xaeN\x1e'
11E8E149-C77E-C1E2-AF82-12DF17AE4E1E,2021-ncaa-d1-conf-Big East,ncaa,4,3,6,4,7,4,3,3,6,3,3,6,2,1,5,4,5,5,1,5,6,3,3,5,5,5,5,4,5,3,4,8,8,5,6,4,7,5,2,4,2,1,9,11,,,8,5,,,4,3,1,7,2,2,1,3,2,1,1,2,3,3,1,1,1,8,4,4,4,1,10,,8,,,4,10,10,6,10,11,7,10,5,4,8,3,7,8,3,9,6,6,7,10,9,6,2,3,5,5,8,10,4,9,6,10,6,2,2,4,7,4,9,8,,,5,11,,,4,9,4,6,4,10,11,10,11,10,7,5,7,8,8,9,11,7,11,11,9,1,7,8,,4,,,b'\x11\xe8\xe1I\xc7~\xc1\xe2\xaf\x82\x12\xdf\x17\xaeN\x1e'
11E8E149-C77E-C1E2-AF82-12DF17AE4E1E,2021-ncaa-d1-natl,ncaa,98,143,105,122,125,32,32,24,97,43,52,67,27,19,126,58,128,163,21,160,285,28,34,79,84,49,124,79,296,55,154,200,299,138,302,39,160,149,22,30,17,29,205,290,,,194,27,,,120,37,4,158,8,6,2,30,45,17,14,145,224,216,2,6,63,299,206,18,79,13,244,,140,,,127,325,333,272,343,336,297,342,248,197,301,88,162,183,106,186,52,264,300,342,338,297,12,84,18,267,299,308,154,303,302,337,236,16,29,177,255,128,324,252,,,164,333,,,120,305,40,287,134,339,343,300,343,327,216,138,109,126,127,292,339,246,324,318,337,8,224,311,,234,,,b'\x11\xe8\xe1I\xc7~\xc1\xe2\xaf\x82\x12\xdf\x17\xaeN\x1e'
11E8E149-C77E-C1E2-AF82-12DF17AE4E1E,2022-ncaa-d0-natl,ncaa,57,87,27,75,28,1,1,1,23,1,6,33,10,12,44,132,81,122,35,123,341,1,2,27,31,15,245,124,347,5,39,77,272,22,147,10,182,174,6,8,20,87,66,189,,,245,17,,,46,2,5,68,1,1,1,2,7,18,28,158,219,227,2,4,11,175,31,7,65,33,100,,81,,,48,355,356,353,355,356,355,354,214,264,103,52,206,206,179,207,17,353,355,347,334,310,1,15,12,343,272,344,39,348,147,356,176,16,118,252,254,37,342,190,,,104,351,,,46,355,5,305,57,356,356,353,356,354,127,149,102,98,100,347,351,281,289,305,345,35,145,322,,229,,,b'\x11\xe8\xe1I\xc7~\xc1\xe2\xaf\x82\x12\xdf\x17\xaeN\x1e'
11E8E149-C77E-C1E2-AF82-12DF17AE4E1E,2022-ncaa-d1-conf-Big East,ncaa,4,4,4,4,5,1,1,1,3,1,2,3,2,2,3,6,3,5,1,6,10,1,1,3,3,3,6,5,9,1,3,7,6,2,5,4,10,1,1,3,2,2,7,8,,,6,2,,,3,1,1,2,1,1,1,1,2,2,2,2,5,5,1,1,1,6,2,3,2,2,6,,6,,,3,11,11,11,11,11,11,11,5,3,5,2,4,6,3,6,3,11,11,10,10,8,1,1,2,6,6,10,3,9,5,10,4,1,2,5,3,2,7,4,,,6,11,,,3,11,2,7,3,11,11,11,11,11,5,4,4,7,7,11,11,5,11,10,9,1,4,7,,6,,,b'\x11\xe8\xe1I\xc7~\xc1\xe2\xaf\x82\x12\xdf\x17\xaeN\x1e'
11E8E149-C77E-C1E2-AF82-12DF17AE4E1E,2022-ncaa-d1-natl,ncaa,65,87,32,83,34,1,1,1,25,1,7,37,14,15,46,132,96,143,31,147,342,2,3,29,33,15,239,124,345,6,41,93,280,28,157,10,187,144,6,8,25,98,73,192,,,216,18,,,53,3,6,69,1,1,1,2,7,20,30,159,221,230,2,4,12,187,37,7,64,41,107,,85,,,60,355,356,353,355,356,355,355,198,246,112,52,186,187,195,191,17,352,353,349,341,322,1,14,13,340,280,342,41,345,157,356,178,21,137,267,227,38,342,204,,,123,351,,,53,354,5,319,75,356,356,353,356,355,131,145,105,101,105,348,350,286,293,307,346,41,150,323,,228,,,b'\x11\xe8\xe1I\xc7~\xc1\xe2\xaf\x82\x12\xdf\x17\xaeN\x1e'
11E8E149-C77E-C1E2-AF82-12DF17AE4E1E,2022-ncaa-d1-ncaatournament,ncaa,37,2,37,37,38,55,58,44,63,58,41,64,49,49,48,43,42,39,40,39,27,41,42,61,62,60,16,35,6,26,16,52,47,42,42,45,20,9,14,23,53,49,15,2,,,23,56,,,58,48,20,5,50,56,10,55,8,38,31,14,12,9,6,9,5,47,13,38,18,46,2,,56,,,60,27,16,23,42,4,15,12,42,26,68,47,28,22,60,18,50,25,19,55,56,61,65,65,41,21,47,28,16,26,42,19,54,62,62,63,3,3,60,68,,,53,52,,,58,15,56,65,61,62,47,51,15,39,66,50,57,53,48,57,43,40,63,60,54,60,3,68,,42,,,b'\x11\xe8\xe1I\xc7~\xc1\xe2\xaf\x82\x12\xdf\x17\xaeN\x1e'
11E8E149-C77E-C1E2-AF82-12DF17AE4E1E,2023-ncaa-d0-natl,ncaa,153,203,46,176,64,31,22,11,119,29,38,93,39,27,155,110,118,115,208,117,276,17,23,119,139,82,188,118,319,11,24,71,177,30,72,24,103,141,22,26,45,86,136,204,,,120,24,,,96,29,37,261,20,13,2,30,49,53,42,176,168,168,6,8,12,111,25,21,71,65,169,,52,,,102,347,356,332,307,354,328,292,324,311,286,216,230,191,281,184,69,333,329,306,294,312,119,215,55,287,177,308,24,318,72,354,293,105,218,309,238,88,338,258,,,211,358,,,96,327,43,299,115,329,342,326,335,290,296,270,156,118,112,304,302,217,228,228,338,172,169,318,,314,,,b'\x11\xe8\xe1I\xc7~\xc1\xe2\xaf\x82\x12\xdf\x17\xaeN\x1e'
11E8E149-C77E-C1E2-AF82-12DF17AE4E1E,2023-ncaa-d1-conf-Big East,ncaa,7,7,3,7,5,2,2,1,6,3,2,5,2,2,5,4,3,2,7,2,5,1,1,7,7,5,3,3,6,1,2,5,7,2,4,4,6,7,2,4,1,3,6,7,,,8,6,,,5,1,1,3,1,1,1,3,2,3,2,3,2,2,1,1,1,4,2,4,6,1,7,,9,,,5,11,11,10,7,11,10,8,8,9,9,6,10,10,6,9,9,11,11,7,8,7,7,6,7,11,7,8,2,10,4,10,7,4,6,7,7,2,10,8,,,3,11,,,5,10,4,8,5,11,11,11,10,11,8,8,10,10,10,11,11,10,8,9,9,4,6,9,,4,,,b'\x11\xe8\xe1I\xc7~\xc1\xe2\xaf\x82\x12\xdf\x17\xaeN\x1e'
11E8E149-C77E-C1E2-AF82-12DF17AE4E1E,2023-ncaa-d1-natl,ncaa,167,203,56,188,78,34,24,12,125,32,43,98,48,31,157,112,143,137,208,137,274,17,23,125,149,88,185,122,321,12,30,88,179,34,81,25,105,107,22,27,57,97,152,207,,,96,25,,,117,35,39,254,23,14,2,32,51,56,42,178,171,172,7,10,12,121,30,23,74,80,173,,53,,,122,346,355,329,314,352,322,307,321,301,297,215,215,173,291,164,71,326,318,313,305,321,116,214,56,263,179,295,30,300,81,353,291,136,227,320,215,92,336,268,,,241,358,,,117,320,44,314,140,339,346,329,336,293,302,272,166,120,112,310,301,218,229,234,341,183,170,320,,314,,,b'\x11\xe8\xe1I\xc7~\xc1\xe2\xaf\x82\x12\xdf\x17\xaeN\x1e'
11E8E149-C77E-C1E2-AF82-12DF17AE4E1E,2024-ncaa-d0-natl,ncaa,225,276,94,250,103,80,64,32,167,80,88,127,62,32,204,73,212,244,83,243,316,51,54,152,167,136,180,103,322,67,176,112,78,84,176,37,42,153,62,40,35,47,125,167,,,295,225,,,174,64,40,115,67,43,15,75,108,66,37,255,276,276,25,41,75,128,82,28,120,38,150,,271,,,174,326,322,271,314,294,263,260,317,238,348,186,235,237,227,227,162,269,291,323,316,295,222,253,124,121,78,346,176,303,176,329,284,62,116,218,121,62,220,149,,,293,358,,,174,302,125,248,168,310,311,246,274,238,312,210,203,194,188,247,284,84,331,263,322,83,97,193,,335,,,b'\x11\xe8\xe1I\xc7~\xc1\xe2\xaf\x82\x12\xdf\x17\xaeN\x1e'
11E8E149-C77E-C1E2-AF82-12DF17AE4E1E,2024-ncaa-d1-conf-Big East,ncaa,10,10,7,10,8,4,5,2,10,5,4,6,4,2,10,4,8,8,7,8,9,2,3,9,10,8,6,4,8,3,5,7,9,6,10,4,5,7,5,5,2,2,7,8,,,11,11,,,10,3,1,2,3,3,1,3,1,4,2,7,6,6,1,1,1,6,4,4,8,2,7,,11,,,10,10,10,6,10,9,7,8,9,6,11,5,11,11,6,11,11,6,9,10,10,9,9,6,11,6,9,11,5,10,10,10,9,2,3,5,6,5,5,5,,,11,11,,,10,9,8,9,10,10,10,8,10,10,9,7,11,11,11,10,11,7,11,10,10,2,6,6,,11,,,b'\x11\xe8\xe1I\xc7~\xc1\xe2\xaf\x82\x12\xdf\x17\xaeN\x1e'
11E8E149-C77E-C1E2-AF82-12DF17AE4E1E,2024-ncaa-d1-natl,ncaa,243,278,130,262,144,101,85,41,182,107,119,139,73,39,214,73,239,267,84,268,318,62,73,162,181,145,174,103,320,93,192,138,93,117,195,43,45,121,66,42,52,56,143,172,,,279,235,,,201,81,43,112,79,51,15,87,111,69,39,257,279,281,34,47,84,139,95,31,123,48,151,,275,,,201,315,317,246,319,285,243,276,313,218,353,184,217,215,232,202,169,247,270,336,330,314,222,254,127,95,93,339,192,285,195,327,289,85,125,234,103,63,209,161,,,318,361,,,201,286,133,273,192,319,320,250,293,243,318,210,207,201,194,251,284,89,339,273,327,91,101,204,,337,,,b'\x11\xe8\xe1I\xc7~\xc1\xe2\xaf\x82\x12\xdf\x17\xaeN\x1e'
11E8E149-C77E-C1E2-AF82-12DF17AE4E1E,2025-ncaa-d0-natl,genius_ncaa,203,249,90,228,105,127,124,90,223,92,50,264,248,248,226,307,81,110,97,106,247,82,81,257,240,218,271,289,104,56,87,150,153,94,146,64,34,237,139,102,225,269,219,240,,,320,297,,130,256,101,133,137,159,154,83,101,52,272,285,103,129,130,82,86,52,219,113,59,177,263,237,,297,,109,246,322,296,245,299,288,226,301,264,244,244,194,328,327,197,329,304,266,250,303,317,314,217,168,274,176,153,276,87,251,146,348,335,167,213,313,261,184,341,255,,,115,193,,18,256,261,184,295,241,294,269,178,258,152,242,207,311,309,310,224,203,139,235,196,338,194,217,328,,136,,28,b'\x11\xe8\xe1I\xc7~\xc1\xe2\xaf\x82\x12\xdf\x17\xaeN\x1e'
11E8E149-C77E-C1E2-AF82-12DF17AE4E1E,2025-ncaa-d1-conf-Big East,genius_ncaa,6,6,8,6,8,3,4,6,6,3,1,10,9,11,7,11,1,1,7,1,3,4,4,9,7,6,10,11,1,1,1,5,6,3,3,4,6,6,5,4,9,11,5,6,,,9,9,,3,7,4,1,1,3,4,3,2,1,9,11,1,1,1,1,1,1,5,1,4,7,9,5,,11,,4,7,10,6,6,7,5,4,8,8,8,8,8,11,11,7,11,11,10,8,7,8,9,9,8,11,6,6,7,1,6,3,7,6,9,9,9,8,8,8,6,,,2,3,,2,7,8,4,9,7,11,9,9,6,5,9,9,11,11,11,11,11,8,9,9,8,6,8,9,,1,,2,b'\x11\xe8\xe1I\xc7~\xc1\xe2\xaf\x82\x12\xdf\x17\xaeN\x1e'
11E8E149-C77E-C1E2-AF82-12DF17AE4E1E,2025-ncaa-d1-natl,genius_ncaa,222,249,113,244,132,148,144,114,235,113,59,280,259,262,226,306,98,137,97,135,246,102,107,268,253,225,267,288,100,64,95,182,162,125,163,78,34,196,147,105,260,283,234,248,,,303,303,,121,271,129,147,133,175,170,91,110,55,278,288,102,132,130,86,94,55,229,128,67,179,278,245,,301,,110,268,311,283,210,311,278,195,314,251,229,252,187,323,323,206,324,308,244,223,316,327,327,215,165,279,156,162,253,95,221,163,343,336,203,227,325,238,189,337,263,,,132,183,,22,271,233,193,313,261,302,275,179,269,156,245,207,317,310,313,231,199,142,243,203,338,210,214,330,,134,,28,b'\x11\xe8\xe1I\xc7~\xc1\xe2\xaf\x82\x12\xdf\x17\xaeN\x1e'
11E8E149-C77E-C1E2-AF82-12DF17AE4E1E,2026-ncaa-d0-natl,genius_ncaa,212,329,9,272,20,79,55,16,196,44,10,215,130,106,231,276,222,142,354,136,343,24,21,221,283,240,346,251,343,17,125,150,313,84,285,18,6,313,130,55,32,79,52,92,,,353,255,,153,245,24,113,97,198,119,52,74,28,242,242,338,293,285,79,91,54,344,247,28,160,67,82,,266,,79,226,355,352,315,319,357,335,310,222,214,193,52,342,346,145,343,228,326,346,296,301,216,52,41,219,334,313,355,125,356,285,361,345,11,48,197,334,196,342,186,,,101,317,,4,245,343,211,218,223,240,251,109,308,235,65,52,241,262,253,130,249,230,269,279,334,43,229,284,,280,,22,b'\x11\xe8\xe1I\xc7~\xc1\xe2\xaf\x82\x12\xdf\x17\xaeN\x1e'
11E8E149-C77E-C1E2-AF82-12DF17AE4E1E,2026-ncaa-d1-conf-Big East,genius_ncaa,8,9,1,8,1,7,6,5,10,6,5,9,6,6,8,6,6,6,10,6,8,7,3,11,11,11,7,7,5,6,8,9,11,7,11,7,6,11,11,10,5,8,4,9,,,11,11,,3,11,2,5,1,11,10,9,9,8,8,8,8,7,7,11,6,9,11,11,10,11,8,6,,11,,3,11,11,11,9,11,11,11,11,8,5,10,2,11,11,3,11,11,10,11,11,11,11,5,5,8,10,11,9,8,9,11,11,8,5,10,10,11,11,7,7,,,5,9,,3,11,11,11,11,11,11,11,7,11,10,8,1,10,10,10,9,9,9,7,7,11,8,11,5,,9,,4,b'\x11\xe8\xe1I\xc7~\xc1\xe2\xaf\x82\x12\xdf\x17\xaeN\x1e'
11E8E149-C77E-C1E2-AF82-12DF17AE4E1E,2026-ncaa-d1-natl,genius_ncaa,256,327,13,300,35,119,73,25,228,55,16,245,184,152,242,277,283,190,356,179,346,37,36,259,304,268,346,243,343,33,155,232,333,123,318,19,6,282,145,66,50,105,63,109,,,347,273,,125,283,43,127,100,235,157,65,101,36,257,259,343,303,292,103,114,65,354,289,31,173,90,90,,276,,85,275,346,345,290,340,353,326,329,182,163,219,47,327,333,156,327,238,306,330,325,331,267,46,34,213,324,333,344,155,344,318,359,347,20,64,245,318,213,331,212,,,140,313,,5,283,325,244,270,272,280,292,123,324,248,72,47,254,274,260,146,246,244,285,292,348,61,236,293,,283,,19,b'\x11\xe8\xe1I\xc7~\xc1\xe2\xaf\x82\x12\xdf\x17\xaeN\x1e'
11E8E149-C783-5CD4-AF82-12DF17AE4E1E,2010-ncaa-d0-natl,ncaa,72,86,50,85,51,118,148,164,128,139,125,175,177,233,63,253,42,46,132,44,46,137,138,134,111,112,136,213,39,86,44,81,133,67,45,293,340,167,148,288,191,211,84,65,,,103,68,,,81,163,329,13,183,231,296,203,209,213,271,55,60,60,256,284,132,146,124,336,93,248,105,,40,,,88,141,173,255,61,84,134,68,309,321,158,323,36,21,315,21,28,206,188,105,79,98,276,326,35,229,133,92,44,143,45,234,255,174,187,223,96,95,37,28,,,39,20,,,81,183,85,108,81,44,64,135,30,38,288,293,22,14,14,62,39,147,25,33,152,251,61,24,,71,,,b'\x11\xe8\xe1I\xc7\x83\\\xd4\xaf\x82\x12\xdf\x17\xaeN\x1e'
11E8E149-C783-5CD4-AF82-12DF17AE4E1E,2010-ncaa-d1-conf-CAA,ncaa,4,4,1,4,1,4,4,6,2,5,8,3,6,7,4,6,2,2,5,2,1,4,6,3,2,4,5,7,1,7,5,2,2,3,2,10,12,6,5,9,10,11,2,2,,,1,1,,,3,5,11,2,4,5,10,7,10,6,7,2,2,2,7,8,8,2,5,12,5,11,2,,1,,,3,6,9,10,5,5,9,4,12,12,4,12,1,1,10,1,1,9,8,5,4,5,3,12,1,5,2,1,5,4,2,11,9,8,10,11,4,4,4,4,,,2,1,,,3,8,3,5,3,2,5,9,3,5,11,11,1,1,1,5,4,3,1,2,7,10,4,4,,2,,,b'\x11\xe8\xe1I\xc7\x83\\\xd4\xaf\x82\x12\xdf\x17\xaeN\x1e'
11E8E149-C783-5CD4-AF82-12DF17AE4E1E,2010-ncaa-d1-natl,ncaa,74,86,53,85,54,125,157,177,132,148,137,179,186,242,61,252,47,51,131,50,45,150,151,137,112,115,131,212,37,90,47,89,139,75,47,309,340,156,148,291,211,215,90,65,,,87,72,,,85,183,330,14,187,233,296,208,210,216,273,56,62,61,256,287,135,151,127,336,95,250,108,,43,,,90,124,157,247,62,75,119,73,306,314,160,323,34,17,316,16,26,192,171,110,84,107,277,326,35,215,139,73,47,122,47,225,256,195,191,228,91,95,33,29,,,47,18,,,85,166,90,116,83,49,64,135,30,38,289,294,22,14,14,63,37,150,25,34,159,257,62,23,,70,,,b'\x11\xe8\xe1I\xc7\x83\\\xd4\xaf\x82\x12\xdf\x17\xaeN\x1e'
11E8E149-C783-5CD4-AF82-12DF17AE4E1E,2011-ncaa-d0-natl,ncaa,85,134,26,120,34,103,147,133,165,75,38,229,323,334,129,340,7,12,27,11,52,89,84,236,151,156,254,337,2,77,49,60,147,49,48,302,341,229,165,309,66,92,22,21,,,143,72,,,102,95,299,232,199,256,304,133,91,335,341,11,26,23,250,273,149,157,135,338,121,116,33,,43,,,104,185,165,283,29,80,206,24,311,314,188,302,148,106,304,109,100,266,264,55,58,83,314,327,135,264,147,118,49,190,48,184,217,118,171,148,209,173,24,7,,,18,8,,,102,253,137,85,101,61,46,127,23,43,264,264,81,51,53,82,60,161,18,41,99,221,130,12,,39,,,b'\x11\xe8\xe1I\xc7\x83\\\xd4\xaf\x82\x12\xdf\x17\xaeN\x1e'
11E8E149-C783-5CD4-AF82-12DF17AE4E1E,2011-ncaa-d1-conf-CAA,ncaa,5,5,1,5,1,4,6,4,9,4,2,10,11,12,5,12,1,1,3,1,2,4,3,10,8,7,5,12,1,4,6,2,5,3,4,11,12,8,4,10,3,4,1,1,,,7,1,,,5,3,10,7,7,11,10,9,4,11,12,1,2,2,8,10,8,5,6,12,4,5,1,,1,,,5,9,9,10,2,6,10,4,11,12,3,12,6,5,10,5,6,10,10,3,2,3,11,11,4,10,5,9,6,9,4,8,7,3,5,6,6,5,4,2,,,1,1,,,5,10,7,3,5,3,2,7,2,3,9,11,2,2,3,4,3,6,3,4,5,9,4,2,,1,,,b'\x11\xe8\xe1I\xc7\x83\\\xd4\xaf\x82\x12\xdf\x17\xaeN\x1e'
11E8E149-C783-5CD4-AF82-12DF17AE4E1E,2011-ncaa-d1-natl,ncaa,90,133,28,124,38,119,170,153,169,85,44,235,329,336,131,340,7,12,27,11,51,103,95,243,156,162,252,338,3,88,52,73,154,59,51,316,341,214,168,312,78,99,26,20,,,126,71,,,113,109,299,229,206,264,308,143,94,335,341,11,26,23,255,274,150,162,143,339,122,126,35,,43,,,113,165,148,274,32,70,186,27,307,308,192,301,141,91,307,93,101,250,251,60,62,91,312,325,131,256,154,91,52,164,51,179,216,138,178,158,190,175,22,8,,,20,7,,,113,239,143,94,109,63,51,131,26,44,266,266,81,51,53,83,60,163,18,42,105,227,131,10,,42,,,b'\x11\xe8\xe1I\xc7\x83\\\xd4\xaf\x82\x12\xdf\x17\xaeN\x1e'
11E8E149-C783-5CD4-AF82-12DF17AE4E1E,2012-ncaa-d0-natl,ncaa,5,2,48,3,74,27,22,63,12,16,28,20,243,282,62,312,28,99,1,93,260,62,106,23,15,9,310,317,133,70,21,18,26,24,7,43,205,27,10,15,231,253,89,102,,,28,14,,,10,128,274,262,26,20,120,8,32,272,305,36,153,142,120,238,110,16,24,52,12,280,101,,8,,,11,103,178,296,29,175,268,48,196,292,35,265,11,14,74,14,6,254,205,34,12,51,69,253,15,149,26,22,21,41,7,38,9,262,305,145,52,43,21,2,,,79,111,,,10,216,8,43,10,32,102,214,94,174,149,237,4,6,7,128,51,81,7,4,18,317,33,13,,159,,,b'\x11\xe8\xe1I\xc7\x83\\\xd4\xaf\x82\x12\xdf\x17\xaeN\x1e'
11E8E149-C783-5CD4-AF82-12DF17AE4E1E,2012-ncaa-d1-conf-CAA,ncaa,1,1,1,1,2,1,1,4,1,1,2,1,7,10,2,10,1,4,1,4,9,3,6,1,1,1,9,9,7,4,1,1,1,2,1,1,6,5,2,2,9,9,3,3,,,1,1,,,1,5,10,8,2,2,9,1,5,8,10,2,7,7,8,10,6,1,2,1,2,11,3,,1,,,1,3,3,12,2,3,4,2,8,12,2,12,1,1,3,1,1,6,6,2,2,2,5,11,1,4,1,1,1,1,1,3,2,8,9,3,4,4,1,1,,,2,4,,,1,8,1,2,1,2,3,7,3,3,6,11,1,1,1,3,2,3,1,1,3,10,4,1,,6,,,b'\x11\xe8\xe1I\xc7\x83\\\xd4\xaf\x82\x12\xdf\x17\xaeN\x1e'
11E8E149-C783-5CD4-AF82-12DF17AE4E1E,2012-ncaa-d1-natl,ncaa,5,2,55,3,83,30,24,70,12,16,28,20,252,290,62,313,30,108,1,101,258,67,120,25,15,9,308,314,131,79,21,20,25,26,7,48,210,19,11,16,246,261,94,104,,,24,15,,,10,156,278,262,29,21,128,8,34,272,305,36,151,143,125,241,116,17,25,54,11,285,102,,8,,,11,86,168,286,32,161,252,53,182,284,35,265,9,11,75,12,6,236,177,36,12,63,70,252,13,138,25,15,21,25,7,31,9,278,308,151,47,44,17,2,,,91,103,,,10,187,8,52,10,36,104,216,98,179,148,234,4,6,7,127,51,82,7,4,19,318,34,13,,158,,,b'\x11\xe8\xe1I\xc7\x83\\\xd4\xaf\x82\x12\xdf\x17\xaeN\x1e'
11E8E149-C783-5CD4-AF82-12DF17AE4E1E,2012-ncaa-d1-ncaatournament,ncaa,17,2,17,17,17,23,22,24,26,21,23,35,26,30,20,46,17,21,21,21,27,23,29,29,23,11,34,39,18,27,39,20,10,21,23,26,46,27,5,12,33,48,19,27,,,35,20,,,8,29,48,5,22,27,28,22,22,34,44,12,19,21,23,45,37,13,16,38,4,47,23,,15,,,5,34,38,37,24,41,40,28,29,35,25,31,15,28,1,27,15,35,34,23,11,10,3,32,6,36,10,42,39,40,23,29,14,25,28,14,6,3,37,37,,,23,11,,,8,36,13,8,5,3,15,21,26,23,18,25,3,14,12,12,13,14,36,28,10,32,3,37,,17,,,b'\x11\xe8\xe1I\xc7\x83\\\xd4\xaf\x82\x12\xdf\x17\xaeN\x1e'
11E8E149-C783-5CD4-AF82-12DF17AE4E1E,2013-ncaa-d0-natl,ncaa,6,8,8,9,9,21,26,29,62,19,13,109,189,245,46,300,5,20,31,18,166,18,41,89,62,22,248,275,73,13,14,17,136,13,23,78,265,25,4,26,171,229,39,56,,,136,55,,,11,76,333,247,74,77,159,47,60,250,301,34,75,74,145,270,50,110,57,176,4,265,75,,25,,,14,157,176,311,11,135,278,21,241,307,42,268,97,109,112,96,50,295,280,12,9,29,222,272,101,309,136,151,14,254,23,150,143,167,247,147,75,32,195,56,,,23,60,,,11,265,6,49,13,14,20,92,20,69,137,214,32,31,28,59,25,167,17,40,38,296,25,114,,151,,,b'\x11\xe8\xe1I\xc7\x83\\\xd4\xaf\x82\x12\xdf\x17\xaeN\x1e'
11E8E149-C783-5CD4-AF82-12DF17AE4E1E,2013-ncaa-d1-conf-CAA,ncaa,1,1,1,1,1,1,1,2,1,1,2,2,4,9,1,10,1,1,2,1,5,2,3,1,1,1,9,9,6,2,1,2,2,2,1,3,8,1,1,2,5,6,1,1,,,2,1,,,1,4,10,8,1,1,2,1,2,6,10,2,4,4,2,9,2,2,2,3,1,7,1,,2,,,1,1,3,9,1,1,9,1,8,11,4,10,1,1,1,1,1,9,7,1,1,1,7,10,2,6,2,1,1,2,1,3,6,8,9,7,3,3,7,1,,,1,2,,,1,8,1,1,1,1,2,4,1,2,6,8,1,1,1,2,2,4,1,1,3,10,3,4,,3,,,b'\x11\xe8\xe1I\xc7\x83\\\xd4\xaf\x82\x12\xdf\x17\xaeN\x1e'
11E8E149-C783-5CD4-AF82-12DF17AE4E1E,2013-ncaa-d1-natl,ncaa,6,8,8,9,10,25,30,31,63,21,15,112,194,249,47,300,7,24,30,21,160,19,51,90,64,23,247,275,68,13,15,21,139,13,24,82,266,18,4,26,182,238,42,58,,,118,55,,,13,83,333,247,74,83,166,51,61,254,303,34,74,72,150,272,54,111,63,180,4,275,75,,26,,,16,140,155,307,12,120,270,25,236,305,42,267,85,98,117,85,51,291,274,13,10,35,219,269,101,303,139,137,15,236,24,146,143,181,253,152,63,33,187,60,,,27,56,,,13,250,7,57,14,14,20,93,22,71,137,215,33,32,28,60,25,169,16,40,40,298,25,115,,147,,,b'\x11\xe8\xe1I\xc7\x83\\\xd4\xaf\x82\x12\xdf\x17\xaeN\x1e'
11E8E149-C783-5CD4-AF82-12DF17AE4E1E,2013-ncaa-d1-ncaatournament,ncaa,9,2,9,9,9,12,16,16,21,12,10,26,53,44,57,64,5,6,9,6,13,12,14,37,19,15,51,63,2,9,3,16,48,14,17,29,63,45,16,48,15,44,15,24,,,51,26,,,15,15,54,7,20,31,48,14,12,63,64,1,5,5,32,40,14,41,30,60,15,41,28,,19,,,14,53,51,51,27,50,49,32,55,57,30,56,48,49,20,49,40,51,51,31,27,30,46,50,23,55,48,49,3,50,17,49,13,12,38,23,48,28,51,21,,,7,1,,,15,50,6,40,12,25,28,27,18,10,48,53,24,25,26,24,22,45,2,14,11,39,22,26,,5,,,b'\x11\xe8\xe1I\xc7\x83\\\xd4\xaf\x82\x12\xdf\x17\xaeN\x1e'
11E8E149-C783-5CD4-AF82-12DF17AE4E1E,2014-ncaa-d0-natl,ncaa,89,72,131,82,145,204,199,212,176,89,55,250,340,341,230,344,86,98,159,97,211,188,190,265,230,223,327,342,36,99,58,102,165,93,57,206,188,145,159,184,176,170,176,176,,,92,102,,,82,231,299,122,243,229,252,82,36,340,343,82,80,82,220,236,97,82,65,227,133,197,183,,75,,,78,22,29,165,9,34,153,14,92,180,16,204,101,87,263,93,102,141,140,7,9,17,207,175,225,238,165,60,58,120,57,91,266,184,181,133,175,193,205,116,,,174,151,,,82,123,176,28,75,19,22,139,25,143,82,173,103,82,85,101,93,222,43,93,82,207,182,213,,199,,,b'\x11\xe8\xe1I\xc7\x83\\\xd4\xaf\x82\x12\xdf\x17\xaeN\x1e'
11E8E149-C783-5CD4-AF82-12DF17AE4E1E,2014-ncaa-d1-conf-CAA,ncaa,2,2,1,2,1,3,3,3,4,1,2,4,8,9,7,9,2,2,5,2,4,3,3,7,5,6,8,8,1,3,3,2,3,3,2,4,5,7,5,5,4,5,4,5,,,5,1,,,3,3,5,5,5,4,6,2,2,8,9,2,2,2,5,5,5,3,4,5,6,5,6,,1,,,3,6,4,8,2,5,6,2,7,9,2,9,6,4,9,4,3,8,7,2,2,2,7,5,5,7,3,6,3,7,2,5,6,4,6,6,9,8,8,5,,,3,3,,,3,7,5,2,3,3,3,7,3,4,3,9,4,1,1,6,5,5,3,4,4,5,7,7,,4,,,b'\x11\xe8\xe1I\xc7\x83\\\xd4\xaf\x82\x12\xdf\x17\xaeN\x1e'
11E8E149-C783-5CD4-AF82-12DF17AE4E1E,2014-ncaa-d1-natl,ncaa,93,72,145,83,163,227,222,239,179,104,63,255,341,343,230,344,100,103,160,103,210,217,221,269,232,225,327,343,35,115,60,116,171,107,59,229,191,125,160,187,192,179,183,179,,,78,106,,,86,266,300,114,252,238,255,88,37,341,343,80,86,87,223,238,100,85,67,237,133,198,186,,78,,,83,15,14,140,9,26,134,14,82,166,17,201,96,75,273,81,104,109,105,8,10,17,208,176,226,215,171,41,60,93,59,81,269,208,187,136,166,194,196,126,,,200,146,,,86,87,182,28,82,19,23,142,25,144,81,172,105,82,84,102,90,229,44,94,86,214,183,218,,202,,,b'\x11\xe8\xe1I\xc7\x83\\\xd4\xaf\x82\x12\xdf\x17\xaeN\x1e'
11E8E149-C783-5CD4-AF82-12DF17AE4E1E,2015-ncaa-d0-natl,ncaa,162,209,79,195,86,151,179,188,175,147,92,267,225,298,11,308,73,90,83,91,166,161,179,187,156,140,193,249,41,205,222,96,75,134,123,223,253,109,125,180,237,249,140,153,,,134,140,,,160,176,313,135,225,248,281,193,126,249,318,89,115,118,263,302,250,142,205,262,84,277,158,,92,,,162,153,189,216,163,173,228,101,235,189,306,184,76,82,119,82,67,191,155,164,134,179,165,258,80,136,75,182,222,165,123,266,289,244,263,290,77,93,245,187,,,115,75,,,160,167,151,180,169,98,124,129,112,152,215,154,56,66,65,81,32,75,115,83,217,294,57,212,,167,,,b'\x11\xe8\xe1I\xc7\x83\\\xd4\xaf\x82\x12\xdf\x17\xaeN\x1e'
11E8E149-C783-5CD4-AF82-12DF17AE4E1E,2015-ncaa-d1-conf-CAA,ncaa,5,7,1,6,1,3,4,5,3,4,4,6,6,8,1,8,2,3,2,3,4,5,5,3,3,2,6,7,1,8,8,3,4,5,6,8,8,4,3,5,6,6,6,8,,,3,3,,,4,4,9,7,4,6,10,6,6,7,10,2,4,4,8,9,9,6,7,9,3,7,7,,2,,,4,5,7,9,6,9,8,5,8,6,8,6,3,2,2,2,1,7,6,7,6,6,4,8,1,6,4,6,8,7,6,9,9,8,9,7,5,5,6,7,,,3,1,,,4,7,3,5,4,4,4,3,4,4,6,5,1,1,1,2,2,4,2,3,7,9,2,4,,3,,,b'\x11\xe8\xe1I\xc7\x83\\\xd4\xaf\x82\x12\xdf\x17\xaeN\x1e'
11E8E149-C783-5CD4-AF82-12DF17AE4E1E,2015-ncaa-d1-natl,ncaa,180,207,97,202,109,184,209,231,183,169,106,273,232,309,11,308,92,112,81,111,159,203,227,197,161,147,189,244,40,230,226,120,77,164,137,245,257,92,133,186,262,253,150,155,,,101,140,,,173,220,315,128,231,258,289,205,134,250,320,91,116,117,270,305,256,149,215,274,84,282,163,,93,,,175,123,169,187,175,145,196,109,223,173,309,180,65,72,119,71,68,154,111,178,146,197,160,259,80,113,77,154,226,132,137,251,289,267,266,297,62,94,231,192,,,136,75,,,173,121,160,197,186,102,134,130,119,153,214,149,57,67,66,84,32,78,119,85,226,297,57,219,,167,,,b'\x11\xe8\xe1I\xc7\x83\\\xd4\xaf\x82\x12\xdf\x17\xaeN\x1e'
11E8E149-C783-5CD4-AF82-12DF17AE4E1E,2016-ncaa-d0-natl,ncaa,153,156,114,158,116,231,240,204,288,232,128,323,235,281,100,273,135,140,140,148,172,190,233,294,275,221,161,216,44,200,243,80,159,115,177,327,344,55,92,290,283,283,80,92,,,78,82,,,169,229,321,14,280,302,255,256,139,251,296,129,151,160,243,296,220,63,124,344,55,295,85,,64,,,169,70,83,228,25,76,237,12,182,166,212,158,48,61,105,55,42,192,156,30,24,58,195,245,87,260,159,248,243,270,177,59,69,267,277,152,3,11,235,211,,,137,58,,,169,125,219,84,164,50,69,203,57,229,179,160,46,52,49,165,87,246,232,243,49,296,6,232,,140,,,b'\x11\xe8\xe1I\xc7\x83\\\xd4\xaf\x82\x12\xdf\x17\xaeN\x1e'
11E8E149-C783-5CD4-AF82-12DF17AE4E1E,2016-ncaa-d1-conf-CAA,ncaa,4,5,3,5,3,7,9,8,7,5,5,9,7,8,4,9,2,2,4,4,3,6,6,7,6,6,6,7,1,4,5,2,7,3,5,10,10,5,5,9,7,7,4,5,,,2,2,,,5,7,9,2,8,9,10,7,6,8,9,3,4,4,7,8,5,4,4,10,3,8,5,,3,,,5,5,5,9,3,1,9,1,7,7,8,7,1,4,1,3,2,7,7,4,3,3,7,7,1,10,7,4,5,7,5,4,4,8,9,6,3,3,2,2,,,3,1,,,5,5,6,5,5,4,5,8,3,8,7,7,2,3,2,6,5,9,4,6,4,9,3,3,,2,,,b'\x11\xe8\xe1I\xc7\x83\\\xd4\xaf\x82\x12\xdf\x17\xaeN\x1e'
11E8E149-C783-5CD4-AF82-12DF17AE4E1E,2016-ncaa-d1-natl,ncaa,163,156,142,162,145,264,279,240,293,253,160,326,250,287,105,274,151,157,141,165,174,224,273,297,278,227,156,215,39,224,249,104,167,145,189,342,345,36,96,300,299,295,91,97,,,61,88,,,184,276,323,12,291,308,260,263,143,253,294,131,153,157,250,299,224,66,129,346,58,305,88,,65,,,184,45,65,198,28,61,212,13,167,149,224,159,38,52,108,49,42,160,109,32,25,69,189,242,86,237,167,228,249,247,189,41,74,290,284,171,2,13,229,221,,,161,49,,,184,83,230,99,179,52,80,207,66,234,181,158,47,55,50,170,82,249,238,246,54,302,7,236,,139,,,b'\x11\xe8\xe1I\xc7\x83\\\xd4\xaf\x82\x12\xdf\x17\xaeN\x1e'
11E8E149-C783-5CD4-AF82-12DF17AE4E1E,2017-ncaa-d0-natl,ncaa,150,126,168,147,184,279,292,305,248,239,173,300,312,336,115,328,109,164,35,170,160,295,302,278,221,221,223,298,16,284,261,157,151,228,179,269,189,100,209,231,249,209,110,93,,,13,29,,,188,300,334,109,305,312,337,245,167,322,336,87,150,161,325,333,291,143,249,285,124,245,100,,15,,,191,30,58,128,55,53,137,33,182,144,234,214,12,11,206,11,19,70,52,76,43,84,174,282,37,140,151,73,261,81,179,109,223,276,229,222,174,256,15,18,,,186,44,,,188,45,237,110,191,36,79,129,51,136,188,162,18,14,15,60,26,162,98,111,125,274,177,16,,170,,,b'\x11\xe8\xe1I\xc7\x83\\\xd4\xaf\x82\x12\xdf\x17\xaeN\x1e'
11E8E149-C783-5CD4-AF82-12DF17AE4E1E,2017-ncaa-d1-conf-CAA,ncaa,4,4,7,4,7,8,8,10,5,6,6,6,9,10,3,9,3,4,3,4,4,10,10,5,5,5,6,8,1,10,9,3,6,7,4,8,5,3,10,7,8,8,3,3,,,1,1,,,5,10,8,2,8,8,10,6,6,9,10,3,4,4,10,8,9,3,7,8,7,8,3,,2,,,5,1,1,3,3,1,6,2,5,3,7,5,3,3,9,3,2,2,1,3,3,3,7,7,3,6,6,1,9,1,4,2,5,9,8,8,4,9,1,1,,,5,2,,,5,1,6,4,5,4,4,8,4,10,6,6,3,3,3,6,3,9,3,4,4,8,6,2,,4,,,b'\x11\xe8\xe1I\xc7\x83\\\xd4\xaf\x82\x12\xdf\x17\xaeN\x1e'
11E8E149-C783-5CD4-AF82-12DF17AE4E1E,2017-ncaa-d1-natl,ncaa,157,126,217,152,244,304,320,331,252,268,204,304,325,340,117,327,127,195,36,203,167,325,335,282,233,225,219,295,16,303,267,206,162,277,192,300,192,75,216,240,269,216,117,92,,,9,31,,,206,335,335,101,307,320,339,255,169,323,337,89,159,167,330,336,296,158,257,293,123,257,104,,15,,,207,14,36,81,63,36,101,37,160,116,240,213,10,10,213,10,20,28,18,82,49,97,172,280,39,116,162,48,267,54,192,92,232,299,235,235,147,260,12,20,,,217,43,,,206,13,250,124,209,41,82,132,58,140,191,165,18,14,14,61,26,165,101,116,131,277,181,18,,173,,,b'\x11\xe8\xe1I\xc7\x83\\\xd4\xaf\x82\x12\xdf\x17\xaeN\x1e'
11E8E149-C783-5CD4-AF82-12DF17AE4E1E,2018-ncaa-d0-natl,ncaa,99,112,73,110,77,110,105,97,144,52,38,142,315,292,317,322,62,45,227,45,165,84,70,219,207,203,323,330,73,91,162,28,49,33,62,120,188,242,163,161,139,170,22,19,,,285,216,,,82,71,117,33,149,133,131,49,41,330,310,76,58,57,104,91,117,10,21,144,198,162,21,,236,,,82,126,106,270,15,128,274,21,103,209,18,141,244,243,187,247,175,278,272,12,18,31,199,129,270,213,49,259,162,250,62,144,197,146,191,123,277,220,264,150,,,44,73,,,82,280,191,28,90,65,50,227,71,242,76,165,206,207,209,229,233,160,202,196,105,178,247,233,,63,,,b'\x11\xe8\xe1I\xc7\x83\\\xd4\xaf\x82\x12\xdf\x17\xaeN\x1e'
11E8E149-C783-5CD4-AF82-12DF17AE4E1E,2018-ncaa-d1-conf-CAA,ncaa,4,4,3,4,4,4,4,5,5,2,2,6,9,10,7,9,3,3,3,3,5,5,4,7,5,4,9,9,2,3,4,2,3,2,2,6,9,4,3,5,5,6,3,3,,,8,9,,,4,3,4,4,4,3,3,2,2,9,10,3,4,4,3,4,3,1,1,8,3,6,3,,9,,,4,4,4,7,2,3,5,3,7,9,3,8,8,7,8,7,8,8,8,2,2,4,9,8,9,5,3,7,4,7,2,3,5,9,8,6,5,4,3,2,,,3,3,,,4,8,4,4,4,5,4,7,4,4,6,10,8,5,5,8,5,6,4,5,3,9,3,3,,3,,,b'\x11\xe8\xe1I\xc7\x83\\\xd4\xaf\x82\x12\xdf\x17\xaeN\x1e'
11E8E149-C783-5CD4-AF82-12DF17AE4E1E,2018-ncaa-d1-natl,ncaa,106,111,97,114,101,129,127,118,155,59,44,151,322,304,318,321,77,57,222,56,161,100,88,232,216,211,321,330,71,111,167,30,53,41,73,139,189,217,165,168,161,183,24,19,,,260,221,,,95,92,122,32,157,143,136,51,46,330,312,76,61,59,110,94,129,12,23,149,199,173,21,,238,,,94,98,82,253,17,103,259,22,87,186,21,139,227,223,192,230,172,262,250,13,20,38,192,128,270,189,53,232,167,226,73,126,200,164,200,134,266,224,254,161,,,52,76,,,95,257,202,37,101,68,55,228,76,244,79,162,210,208,211,233,230,166,207,198,114,188,250,234,,64,,,b'\x11\xe8\xe1I\xc7\x83\\\xd4\xaf\x82\x12\xdf\x17\xaeN\x1e'
11E8E149-C783-5CD4-AF82-12DF17AE4E1E,2019-ncaa-d0-natl,ncaa,146,152,114,157,165,202,149,83,276,72,15,315,328,330,224,342,210,189,256,190,340,93,88,312,314,284,339,334,198,28,60,101,251,62,147,156,162,206,143,171,80,94,45,46,,,278,274,,,155,127,116,268,233,155,51,57,7,334,341,228,201,205,64,66,19,83,32,154,184,86,39,,281,,,156,100,86,204,23,99,232,18,92,131,86,101,245,261,144,259,213,224,253,18,33,26,212,121,290,305,251,260,60,303,147,135,219,86,104,69,230,169,309,173,,,152,225,,,155,222,252,40,160,81,54,175,79,240,80,117,241,252,252,212,259,309,249,294,115,81,207,306,,155,,,b'\x11\xe8\xe1I\xc7\x83\\\xd4\xaf\x82\x12\xdf\x17\xaeN\x1e'
11E8E149-C783-5CD4-AF82-12DF17AE4E1E,2019-ncaa-d1-conf-CAA,ncaa,4,4,6,4,8,8,8,2,9,3,2,10,10,10,8,10,5,4,9,4,9,3,4,10,9,8,10,10,5,3,3,3,5,3,3,5,5,3,3,6,5,5,3,3,,,4,3,,,4,7,5,7,7,6,2,2,1,10,10,5,4,4,2,2,3,2,2,5,3,5,3,,4,,,4,3,2,5,2,2,5,2,3,6,5,7,3,4,2,4,3,5,5,2,2,3,8,9,5,7,5,7,3,7,3,3,8,5,4,4,4,5,8,4,,,6,8,,,4,5,7,3,4,3,3,8,2,7,6,9,3,4,4,7,6,10,9,10,4,3,5,8,,5,,,b'\x11\xe8\xe1I\xc7\x83\\\xd4\xaf\x82\x12\xdf\x17\xaeN\x1e'
11E8E149-C783-5CD4-AF82-12DF17AE4E1E,2019-ncaa-d1-natl,ncaa,164,152,155,167,216,238,190,111,286,92,23,319,335,340,230,341,233,223,254,224,341,125,130,318,319,289,340,334,193,40,68,136,258,76,160,183,163,172,147,180,108,103,53,47,,,254,278,,,183,186,122,264,250,177,56,67,7,334,340,232,206,212,71,75,24,93,34,167,191,97,38,,278,,,183,66,60,167,25,80,204,24,74,103,92,101,224,238,149,237,218,185,201,20,39,34,211,116,290,293,258,229,68,280,160,109,222,109,114,80,210,179,304,182,,,192,226,,,183,162,264,55,185,91,68,179,86,245,83,118,248,255,255,214,259,312,254,300,123,88,215,311,,160,,,b'\x11\xe8\xe1I\xc7\x83\\\xd4\xaf\x82\x12\xdf\x17\xaeN\x1e'
11E8E149-C783-5CD4-AF82-12DF17AE4E1E,2020-ncaa-d0-natl,ncaa,221,216,191,225,201,209,180,153,223,93,49,247,305,304,285,315,193,155,251,162,258,159,119,275,272,270,313,317,141,21,26,236,172,115,76,185,195,266,233,237,111,93,165,133,,,299,319,,,226,196,167,55,209,168,100,78,31,308,306,177,141,142,95,58,16,230,60,180,276,99,161,,307,,,225,181,133,82,212,116,85,203,206,143,274,188,285,298,113,300,319,121,144,235,251,226,285,191,288,123,172,103,26,97,76,243,303,141,124,201,295,288,217,130,,,158,198,,,226,150,226,209,228,217,147,93,132,91,211,168,291,300,302,145,180,139,116,125,256,128,307,226,,134,,,b'\x11\xe8\xe1I\xc7\x83\\\xd4\xaf\x82\x12\xdf\x17\xaeN\x1e'
11E8E149-C783-5CD4-AF82-12DF17AE4E1E,2020-ncaa-d1-conf-CAA,ncaa,7,6,5,7,6,6,4,3,9,2,2,7,9,8,10,8,8,8,7,8,9,3,2,9,9,8,9,9,7,1,2,5,2,2,2,4,4,5,5,5,3,2,4,3,,,7,8,,,6,6,3,3,5,4,2,2,2,9,7,8,8,8,2,1,1,3,2,4,8,2,4,,8,,,6,7,5,2,7,5,3,7,6,5,6,5,7,7,3,7,8,3,3,7,8,8,6,5,6,2,2,7,2,5,2,8,10,7,4,7,7,6,7,4,,,7,8,,,6,5,7,6,7,7,6,4,6,3,6,7,7,7,7,5,6,2,8,7,8,6,8,7,,6,,,b'\x11\xe8\xe1I\xc7\x83\\\xd4\xaf\x82\x12\xdf\x17\xaeN\x1e'
11E8E149-C783-5CD4-AF82-12DF17AE4E1E,2020-ncaa-d1-natl,ncaa,238,215,257,240,263,243,211,187,235,119,65,255,312,316,287,315,217,185,252,187,257,199,159,280,279,277,309,315,135,30,27,272,180,149,82,221,199,248,237,254,133,104,179,135,,,282,321,,,238,255,169,47,221,178,108,83,31,307,306,182,145,145,106,65,19,235,68,192,276,110,160,,308,,,239,149,109,57,223,100,60,212,193,126,285,186,273,287,117,288,319,85,86,247,259,238,282,192,289,107,180,76,27,71,82,235,303,175,131,216,290,287,205,137,,,191,194,,,238,93,232,231,245,225,158,97,135,97,216,168,297,304,308,149,180,147,117,129,261,133,308,232,,137,,,b'\x11\xe8\xe1I\xc7\x83\\\xd4\xaf\x82\x12\xdf\x17\xaeN\x1e'
11E8E149-C783-5CD4-AF82-12DF17AE4E1E,2021-ncaa-d0-natl,ncaa,10,32,14,20,20,21,24,7,249,21,5,263,76,54,234,256,8,9,75,9,202,7,6,260,239,166,210,258,66,1,3,35,127,5,14,85,326,273,25,152,14,47,76,166,,,336,254,,,20,21,93,199,42,60,4,48,6,183,144,21,39,41,4,7,1,156,5,231,75,41,158,,250,,,33,292,284,301,132,300,313,127,200,230,99,75,335,336,155,335,242,309,325,103,125,64,125,65,282,293,127,314,3,317,14,250,107,7,40,38,198,16,102,3,,,13,228,,,20,325,48,56,32,110,101,88,143,177,60,67,239,249,244,108,217,132,148,117,87,40,49,17,,75,,,b'\x11\xe8\xe1I\xc7\x83\\\xd4\xaf\x82\x12\xdf\x17\xaeN\x1e'
11E8E149-C783-5CD4-AF82-12DF17AE4E1E,2021-ncaa-d1-conf-CAA,ncaa,1,1,1,1,1,1,1,1,9,1,1,9,2,1,7,8,1,1,4,1,5,1,1,8,7,6,6,8,3,1,1,1,2,1,1,1,7,10,2,4,1,1,1,2,,,10,8,,,1,1,4,5,2,2,1,2,1,6,4,1,3,3,1,2,1,4,1,5,2,2,2,,6,,,1,10,10,10,4,10,10,4,8,9,4,2,10,10,2,10,6,10,10,1,1,1,3,3,8,8,2,10,1,10,1,9,5,1,1,1,7,1,6,1,,,1,8,,,1,10,1,1,1,2,1,3,5,5,2,1,4,5,4,3,6,2,6,3,2,2,3,1,,4,,,b'\x11\xe8\xe1I\xc7\x83\\\xd4\xaf\x82\x12\xdf\x17\xaeN\x1e'
11E8E149-C783-5CD4-AF82-12DF17AE4E1E,2021-ncaa-d1-natl,ncaa,10,32,10,19,12,13,16,4,243,16,4,260,82,52,231,265,4,6,89,6,192,5,5,255,235,157,219,265,62,1,3,22,106,5,12,72,326,286,26,148,12,45,82,179,,,340,253,,,15,13,65,201,34,53,4,42,6,190,155,18,25,25,3,7,1,125,5,222,82,42,174,,257,,,26,305,292,311,119,303,314,126,205,249,69,90,339,342,143,340,254,319,332,90,103,55,134,61,295,295,106,319,3,318,12,252,94,5,39,26,222,17,102,2,,,8,215,,,15,331,41,41,27,109,94,94,140,170,59,81,256,267,258,125,243,126,151,113,79,35,53,16,,65,,,b'\x11\xe8\xe1I\xc7\x83\\\xd4\xaf\x82\x12\xdf\x17\xaeN\x1e'
11E8E149-C783-5CD4-AF82-12DF17AE4E1E,2022-ncaa-d0-natl,ncaa,43,35,79,38,95,59,55,20,212,31,10,265,227,232,226,327,34,28,162,30,236,18,31,263,247,150,303,313,88,4,7,74,96,20,23,178,343,82,12,120,119,187,93,160,,,215,103,,,64,68,63,236,48,41,5,21,4,266,267,43,44,45,5,13,2,85,8,226,48,163,121,,140,,,62,261,281,290,146,308,320,126,112,120,120,42,222,215,247,213,79,289,282,117,120,139,54,64,169,190,96,273,7,254,23,146,39,126,203,106,90,23,98,9,,,46,187,,,64,289,66,114,68,183,213,257,270,325,69,71,170,147,148,250,252,146,220,179,98,176,56,63,,59,,,b'\x11\xe8\xe1I\xc7\x83\\\xd4\xaf\x82\x12\xdf\x17\xaeN\x1e'
11E8E149-C783-5CD4-AF82-12DF17AE4E1E,2022-ncaa-d1-conf-CAA,ncaa,1,1,1,1,2,1,1,1,7,1,1,9,6,7,4,10,1,1,7,1,4,1,1,8,8,4,7,9,2,1,1,2,3,1,1,5,10,5,3,4,3,4,3,3,,,7,3,,,2,1,3,6,2,1,2,1,1,8,8,1,1,1,1,1,1,2,1,5,4,3,3,,4,,,2,8,9,8,4,9,9,4,5,7,2,3,7,8,1,8,4,9,9,2,2,3,3,2,5,5,3,9,1,9,1,2,1,2,6,1,4,2,5,3,,,1,5,,,2,10,2,2,3,3,4,8,5,8,3,3,4,4,4,8,8,2,6,4,1,4,3,4,,1,,,b'\x11\xe8\xe1I\xc7\x83\\\xd4\xaf\x82\x12\xdf\x17\xaeN\x1e'
11E8E149-C783-5CD4-AF82-12DF17AE4E1E,2022-ncaa-d1-natl,ncaa,35,35,67,37,83,51,47,13,227,24,8,277,219,224,216,326,31,29,142,29,236,13,17,271,255,156,293,309,82,4,7,60,97,11,23,181,342,91,15,130,133,202,91,162,,,235,105,,,64,55,60,240,44,41,6,23,4,260,262,38,45,46,5,13,2,79,8,235,53,178,118,,153,,,64,265,282,305,144,313,333,128,110,124,120,41,233,219,238,221,89,307,301,114,115,130,52,64,177,191,97,288,7,266,23,154,43,118,202,110,78,17,96,10,,,43,191,,,64,302,72,111,73,186,213,256,268,324,66,66,177,160,158,246,252,139,221,180,99,178,44,56,,57,,,b'\x11\xe8\xe1I\xc7\x83\\\xd4\xaf\x82\x12\xdf\x17\xaeN\x1e'
11E8E149-C783-5CD4-AF82-12DF17AE4E1E,2022-ncaa-d1-ncaatournament,ncaa,37,2,37,37,38,42,40,38,47,42,38,48,39,38,40,26,63,64,6,64,65,38,40,47,50,37,46,22,63,25,6,67,55,48,39,45,59,7,5,19,48,41,49,47,,,8,22,,,58,48,13,5,15,8,2,15,4,17,10,58,63,63,3,7,3,67,34,38,11,36,43,,20,,,60,32,35,20,67,32,19,65,34,20,67,36,23,8,67,7,27,19,17,67,67,67,39,46,27,14,55,17,6,15,39,23,21,52,47,60,12,27,13,18,,,64,68,,,58,21,20,68,60,68,68,46,64,45,61,41,52,32,28,44,41,23,46,42,58,45,32,23,,64,,,b'\x11\xe8\xe1I\xc7\x83\\\xd4\xaf\x82\x12\xdf\x17\xaeN\x1e'
11E8E149-C783-5CD4-AF82-12DF17AE4E1E,2023-ncaa-d0-natl,ncaa,153,139,164,155,203,166,168,180,156,172,167,193,167,198,101,194,165,166,171,168,165,173,128,153,152,204,164,170,163,127,104,75,213,86,93,168,188,332,316,257,149,185,100,117,,,300,270,,,153,131,49,226,144,154,159,163,161,160,186,153,155,159,161,76,118,29,38,161,330,140,83,,319,,,153,160,119,263,31,114,270,24,161,194,123,138,248,258,105,261,207,268,261,31,38,44,250,188,266,315,213,108,104,203,93,170,206,132,184,136,314,294,32,33,,,141,177,,,153,242,196,69,140,178,140,317,138,309,182,206,258,266,271,330,332,322,128,235,184,118,315,32,,116,,,b'\x11\xe8\xe1I\xc7\x83\\\xd4\xaf\x82\x12\xdf\x17\xaeN\x1e'
11E8E149-C783-5CD4-AF82-12DF17AE4E1E,2023-ncaa-d1-conf-CAA,ncaa,8,8,8,8,10,6,8,9,7,10,12,6,6,6,6,5,4,4,8,4,2,8,7,7,7,8,4,6,3,6,6,4,7,4,4,5,2,9,8,7,8,9,2,1,,,11,11,,,8,8,1,4,5,7,6,8,10,5,5,3,3,3,6,1,3,2,1,4,10,6,1,,12,,,8,7,6,11,2,6,11,3,7,8,4,4,11,11,3,11,9,11,9,2,2,4,8,5,11,12,7,6,6,8,4,8,10,10,11,12,9,9,3,4,,,4,4,,,8,8,8,5,8,13,9,13,8,12,9,10,12,12,12,13,13,12,9,10,10,8,10,4,,2,,,b'\x11\xe8\xe1I\xc7\x83\\\xd4\xaf\x82\x12\xdf\x17\xaeN\x1e'
11E8E149-C783-5CD4-AF82-12DF17AE4E1E,2023-ncaa-d1-natl,ncaa,167,138,219,159,266,200,207,231,166,202,211,201,187,213,105,195,185,185,169,185,160,228,171,166,158,213,165,168,163,153,110,100,226,114,109,200,200,324,318,274,185,204,108,119,,,283,277,,,171,184,54,201,158,173,180,179,167,163,190,156,156,159,179,83,125,32,43,171,333,153,87,,321,,,170,117,83,233,38,93,247,25,151,164,134,140,231,242,111,247,214,239,236,34,42,53,250,186,270,303,226,80,110,170,109,150,210,166,193,159,297,302,25,38,,,171,169,,,171,204,216,81,160,191,154,318,147,311,188,206,262,272,274,332,332,329,135,243,194,131,319,35,,114,,,b'\x11\xe8\xe1I\xc7\x83\\\xd4\xaf\x82\x12\xdf\x17\xaeN\x1e'
11E8E149-C783-5CD4-AF82-12DF17AE4E1E,2024-ncaa-d0-natl,ncaa,246,276,143,263,170,135,130,131,131,118,154,108,161,129,222,163,155,159,176,158,172,135,109,140,146,181,217,204,198,134,172,90,99,102,109,156,219,300,250,234,145,172,207,240,,,254,207,,,155,104,57,208,128,112,109,107,154,164,137,160,161,163,114,76,150,58,67,152,290,144,210,,253,,,155,221,237,245,162,209,255,99,263,203,309,163,136,179,30,177,140,246,258,180,156,137,205,254,106,166,99,219,172,202,109,280,278,109,139,195,219,177,270,259,,,145,201,,,155,263,180,117,152,216,231,262,195,272,271,198,136,176,176,257,280,164,218,198,283,104,218,277,,143,,,b'\x11\xe8\xe1I\xc7\x83\\\xd4\xaf\x82\x12\xdf\x17\xaeN\x1e'
11E8E149-C783-5CD4-AF82-12DF17AE4E1E,2024-ncaa-d1-conf-CAA,ncaa,9,10,7,9,8,5,5,7,4,3,10,1,7,5,10,6,6,7,7,7,7,8,7,6,5,4,10,9,8,8,9,5,4,7,6,3,7,10,7,7,5,5,5,6,,,11,9,,,6,5,1,6,3,3,3,1,9,7,4,6,5,5,4,2,7,5,6,4,10,4,4,,10,,,7,9,10,7,13,8,7,8,10,8,13,6,8,8,3,7,7,6,8,12,10,8,8,10,5,2,4,8,9,5,6,13,10,5,6,10,8,8,10,12,,,5,6,,,6,11,6,8,7,12,13,11,11,10,10,7,8,8,8,9,11,2,8,7,13,4,9,11,,5,,,b'\x11\xe8\xe1I\xc7\x83\\\xd4\xaf\x82\x12\xdf\x17\xaeN\x1e'
11E8E149-C783-5CD4-AF82-12DF17AE4E1E,2024-ncaa-d1-natl,ncaa,266,278,194,279,222,159,152,168,145,150,188,116,182,161,228,168,176,190,176,190,168,170,142,153,154,192,215,204,198,174,187,116,106,134,127,183,231,285,253,246,175,190,226,248,,,238,215,,,181,139,62,189,136,122,119,120,164,172,148,164,168,166,125,83,164,66,78,173,290,157,217,,257,,,181,198,212,214,186,180,230,113,250,172,315,161,124,165,34,163,140,213,222,197,172,156,203,255,104,138,106,183,187,163,127,270,286,145,154,213,197,188,263,271,,,173,195,,,181,235,189,136,174,232,245,268,209,276,273,197,143,182,180,267,280,173,227,208,288,117,222,282,,143,,,b'\x11\xe8\xe1I\xc7\x83\\\xd4\xaf\x82\x12\xdf\x17\xaeN\x1e'
11E8E149-C783-5CD4-AF82-12DF17AE4E1E,2025-ncaa-d0-natl,genius_ncaa,203,199,194,210,203,209,206,252,136,249,253,203,135,206,28,153,264,246,285,238,161,253,242,116,134,166,96,78,255,291,287,184,252,236,255,181,139,217,261,199,172,174,253,263,,,135,142,,328,181,220,213,98,204,198,279,253,244,108,185,265,243,231,280,258,288,151,241,165,236,160,249,,152,,339,182,123,142,159,146,171,172,185,116,166,70,187,145,166,70,160,185,168,177,128,124,121,129,139,177,250,252,149,287,195,255,137,161,163,150,143,158,208,73,122,,,268,239,,134,181,153,197,147,178,160,173,193,197,197,130,185,164,192,184,197,216,274,176,229,162,143,179,85,,270,,125,b'\x11\xe8\xe1I\xc7\x83\\\xd4\xaf\x82\x12\xdf\x17\xaeN\x1e'
11E8E149-C783-5CD4-AF82-12DF17AE4E1E,2025-ncaa-d1-conf-CAA,genius_ncaa,7,6,4,7,4,6,8,12,4,12,13,6,1,5,1,3,7,6,9,4,1,11,7,1,1,4,1,1,6,12,12,5,11,11,11,4,2,12,13,6,8,8,11,10,,,10,11,,14,8,6,5,5,6,8,13,13,13,1,4,5,5,5,13,11,14,7,12,5,11,8,11,,10,,14,8,12,8,11,7,9,8,9,6,12,3,10,11,14,4,14,13,11,11,7,6,9,9,6,9,12,11,7,12,12,11,10,5,7,8,8,10,10,5,9,,,5,3,,4,8,9,7,10,8,10,8,11,8,9,7,11,11,13,13,12,12,11,5,10,9,7,8,6,,4,,4,b'\x11\xe8\xe1I\xc7\x83\\\xd4\xaf\x82\x12\xdf\x17\xaeN\x1e'
11E8E149-C783-5CD4-AF82-12DF17AE4E1E,2025-ncaa-d1-natl,genius_ncaa,222,199,244,224,259,245,244,303,144,281,281,208,150,226,28,154,282,264,291,256,159,299,292,122,141,176,96,82,246,310,295,224,259,280,270,208,143,182,269,215,203,188,266,268,,,107,146,,324,196,267,219,81,217,213,288,267,250,112,191,269,244,232,293,268,296,153,256,181,242,171,255,,159,,341,199,93,124,121,162,146,141,198,102,144,79,180,134,148,68,142,189,122,125,144,139,141,127,134,176,235,259,116,295,164,270,118,163,199,158,158,139,212,59,130,,,292,240,,141,196,101,209,167,194,172,184,199,212,203,136,186,168,196,188,203,213,277,181,240,171,157,181,86,,268,,122,b'\x11\xe8\xe1I\xc7\x83\\\xd4\xaf\x82\x12\xdf\x17\xaeN\x1e'
11E8E149-C783-5CD4-AF82-12DF17AE4E1E,2026-ncaa-d0-natl,genius_ncaa,163,80,279,147,280,245,251,295,161,199,211,203,333,339,210,352,110,106,200,116,63,267,278,206,174,162,268,350,22,208,117,256,88,244,103,339,361,80,160,301,240,154,284,272,,,48,112,,227,132,289,161,7,121,158,164,78,37,324,341,18,12,12,82,70,97,90,84,333,202,144,256,,137,,316,128,52,64,72,171,79,87,172,52,70,119,153,75,65,201,62,121,66,66,155,154,156,112,128,158,37,88,61,117,47,103,43,69,266,167,122,119,221,150,170,,,205,65,,205,132,72,156,123,129,186,217,226,234,251,121,151,168,151,147,214,230,99,191,148,109,146,264,257,,38,,165,b'\x11\xe8\xe1I\xc7\x83\\\xd4\xaf\x82\x12\xdf\x17\xaeN\x1e'
11E8E149-C783-5CD4-AF82-12DF17AE4E1E,2026-ncaa-d1-natl,genius_ncaa,163,80,271,145,271,243,259,293,164,199,189,224,327,349,163,349,93,88,187,92,73,271,288,208,179,166,249,343,24,178,82,271,135,249,112,355,363,88,152,309,244,181,300,293,,,56,124,,246,155,297,203,6,133,179,160,88,38,313,338,19,12,13,90,89,64,136,92,347,187,166,277,,147,,309,149,64,89,66,213,118,101,206,58,60,135,149,76,85,119,76,133,63,60,190,173,187,87,125,132,46,135,55,82,42,112,72,110,284,199,179,157,234,139,153,,,205,83,,227,155,65,148,172,149,205,230,219,266,256,130,140,149,156,150,215,210,133,162,145,159,184,271,226,,54,,197,b'\x11\xe8\xe1I\xc7\x83\\\xd4\xaf\x82\x12\xdf\x17\xaeN\x1e'
11E8E149-C787-AA00-AF82-12DF17AE4E1E,2010-ncaa-d0-natl,ncaa,321,326,241,324,276,342,340,286,345,320,186,344,335,315,342,292,277,281,224,272,286,291,282,345,345,344,247,296,33,112,90,341,318,301,275,345,345,179,271,345,118,37,284,265,,,89,229,,,312,311,308,274,343,342,274,319,133,331,306,267,258,250,280,249,52,344,300,345,241,75,279,,135,,,309,18,24,3,290,90,43,273,9,5,193,18,125,118,222,120,223,4,29,245,268,102,49,17,272,72,318,122,90,94,275,21,80,82,12,19,56,126,289,295,,,315,295,,,312,26,341,113,319,38,49,6,145,61,12,8,166,165,165,5,32,134,221,191,40,32,104,315,,309,,,b'\x11\xe8\xe1I\xc7\x87\xaa\x00\xaf\x82\x12\xdf\x17\xaeN\x1e'
11E8E149-C787-AA00-AF82-12DF17AE4E1E,2010-ncaa-d1-conf-MEAC,ncaa,10,10,6,10,11,11,11,11,11,11,9,11,10,9,10,8,7,8,5,7,7,11,11,11,11,11,5,7,2,7,3,11,10,10,9,11,11,5,6,11,5,3,7,6,,,6,8,,,10,11,11,11,11,11,11,11,8,10,9,7,8,6,11,11,4,11,10,11,6,3,7,,6,,,10,1,2,1,9,4,2,9,2,1,5,2,3,2,7,2,6,1,1,9,9,4,2,2,7,2,10,3,3,2,9,3,5,2,2,2,3,4,9,10,,,7,3,,,10,1,11,4,10,2,3,1,6,2,2,2,5,3,3,1,2,3,4,3,4,2,3,10,,5,,,b'\x11\xe8\xe1I\xc7\x87\xaa\x00\xaf\x82\x12\xdf\x17\xaeN\x1e'
11E8E149-C787-AA00-AF82-12DF17AE4E1E,2010-ncaa-d1-natl,ncaa,318,324,191,324,255,337,337,275,344,312,159,344,335,313,342,297,269,263,211,257,291,281,258,345,344,343,265,306,38,96,86,342,316,286,268,345,344,204,269,345,92,29,277,255,,,93,222,,,298,304,305,276,340,341,265,313,129,331,312,266,255,244,270,240,57,343,294,345,241,59,268,,132,,,296,14,20,3,275,102,57,254,5,6,172,15,131,131,179,138,224,2,31,214,240,68,46,15,273,89,316,145,86,119,268,18,64,52,10,12,58,123,295,282,,,311,297,,,298,33,339,87,308,30,41,4,130,62,7,6,155,167,169,5,32,132,216,186,26,25,102,310,,311,,,b'\x11\xe8\xe1I\xc7\x87\xaa\x00\xaf\x82\x12\xdf\x17\xaeN\x1e'
11E8E149-C787-AA00-AF82-12DF17AE4E1E,2011-ncaa-d0-natl,ncaa,282,264,288,282,293,329,331,305,341,323,247,340,299,277,319,228,256,247,211,246,194,302,283,338,339,335,145,221,38,132,79,336,330,308,278,339,331,232,304,338,112,50,188,151,,,249,334,,,286,304,250,94,332,333,242,316,177,293,248,198,190,181,245,163,62,341,285,341,298,65,157,,321,,,289,28,17,7,234,70,43,204,4,3,121,2,285,303,94,303,329,16,39,169,213,104,91,3,339,139,330,72,79,82,278,22,115,93,18,20,188,258,191,235,,,252,173,,,286,38,330,126,295,102,56,8,164,133,6,2,319,329,330,43,135,245,188,220,52,27,260,246,,174,,,b'\x11\xe8\xe1I\xc7\x87\xaa\x00\xaf\x82\x12\xdf\x17\xaeN\x1e'
11E8E149-C787-AA00-AF82-12DF17AE4E1E,2011-ncaa-d1-conf-MEAC,ncaa,9,10,7,10,8,10,11,10,11,10,10,11,8,4,10,3,8,8,7,8,7,9,9,11,11,11,3,3,3,4,4,10,8,9,8,11,10,6,6,10,5,4,4,4,,,7,10,,,8,10,10,4,11,11,7,10,10,6,4,9,9,8,7,7,3,11,6,11,6,4,5,,9,,,8,3,2,2,7,4,3,8,2,1,5,2,10,10,11,10,10,2,2,6,7,6,4,1,11,3,8,5,4,3,8,4,5,7,2,4,6,6,7,8,,,7,8,,,8,2,11,6,8,5,3,2,6,2,2,2,10,10,10,3,4,3,6,4,4,4,6,8,,6,,,b'\x11\xe8\xe1I\xc7\x87\xaa\x00\xaf\x82\x12\xdf\x17\xaeN\x1e'
11E8E149-C787-AA00-AF82-12DF17AE4E1E,2011-ncaa-d1-natl,ncaa,268,262,279,270,291,322,331,295,338,314,230,338,296,274,308,233,239,216,216,214,177,288,265,337,333,333,154,229,40,124,78,338,328,307,274,341,331,255,297,335,91,40,179,149,,,253,330,,,277,297,240,98,326,330,239,302,168,290,252,179,165,158,239,160,67,342,281,342,291,55,159,,314,,,281,31,10,4,239,77,49,210,6,1,179,5,286,304,75,306,328,16,54,185,224,107,109,5,339,135,328,83,78,81,274,22,118,74,18,20,188,251,209,236,,,243,175,,,277,43,325,122,287,107,58,8,157,118,6,3,310,327,328,44,137,218,177,200,59,28,256,250,,165,,,b'\x11\xe8\xe1I\xc7\x87\xaa\x00\xaf\x82\x12\xdf\x17\xaeN\x1e'
11E8E149-C787-AA00-AF82-12DF17AE4E1E,2012-ncaa-d0-natl,ncaa,316,309,292,317,296,311,320,298,317,285,210,323,319,314,300,291,174,149,238,153,123,286,279,324,319,310,224,296,17,143,90,339,333,315,288,337,339,182,273,335,250,209,248,226,,,214,317,,,325,308,239,44,300,315,242,244,120,313,298,100,69,75,212,168,82,340,293,338,268,223,229,,307,,,326,180,125,16,332,212,60,336,12,16,60,30,323,322,260,323,336,41,42,311,332,327,89,8,333,139,333,66,90,80,288,192,255,250,169,251,182,252,234,253,,,220,110,,,325,34,302,328,328,286,241,56,306,159,25,35,337,337,338,154,148,240,178,215,267,187,246,286,,116,,,b'\x11\xe8\xe1I\xc7\x87\xaa\x00\xaf\x82\x12\xdf\x17\xaeN\x1e'
11E8E149-C787-AA00-AF82-12DF17AE4E1E,2012-ncaa-d1-conf-MEAC,ncaa,10,10,9,10,10,10,10,10,11,10,9,11,8,10,9,8,8,6,6,6,5,10,10,11,11,10,5,6,4,8,5,11,7,11,8,11,13,5,6,10,12,11,4,4,,,7,11,,,12,11,10,3,9,9,9,9,5,6,9,4,5,6,9,8,6,10,9,11,7,12,4,,8,,,12,8,8,5,12,9,7,13,3,3,6,3,12,12,13,12,10,5,1,12,12,13,6,2,9,3,7,3,5,1,8,9,11,13,12,12,5,11,9,8,,,7,3,,,12,3,9,11,12,9,9,6,9,8,4,5,12,12,12,8,4,6,8,6,11,13,8,9,,4,,,b'\x11\xe8\xe1I\xc7\x87\xaa\x00\xaf\x82\x12\xdf\x17\xaeN\x1e'
11E8E149-C787-AA00-AF82-12DF17AE4E1E,2012-ncaa-d1-natl,ncaa,301,306,196,304,204,278,290,243,310,238,141,317,315,307,290,292,120,98,239,101,123,224,209,319,307,300,233,297,19,93,71,338,323,283,259,330,339,218,255,331,211,177,209,192,,,266,315,,,305,252,230,46,284,298,220,214,102,308,297,85,55,62,187,151,64,339,272,331,254,190,199,,302,,,306,215,164,28,327,250,82,333,16,27,42,30,330,328,233,329,336,84,95,305,323,312,97,8,334,164,323,109,71,133,259,226,259,183,124,220,218,237,239,231,,,155,108,,,305,90,285,314,309,273,215,44,290,133,23,35,336,335,335,131,145,216,162,187,253,146,241,261,,101,,,b'\x11\xe8\xe1I\xc7\x87\xaa\x00\xaf\x82\x12\xdf\x17\xaeN\x1e'
11E8E149-C787-AA00-AF82-12DF17AE4E1E,2013-ncaa-d0-natl,ncaa,290,284,251,293,253,306,285,324,157,189,190,187,338,339,317,336,212,165,291,163,146,313,275,240,237,297,330,338,69,225,90,319,334,305,225,305,281,304,338,323,221,203,210,210,,,300,336,,,317,289,261,22,298,275,327,140,133,338,340,177,118,118,308,235,182,320,287,301,325,194,188,,330,,,318,180,154,74,283,201,164,218,92,31,330,34,271,292,71,287,288,96,96,262,269,269,145,81,267,254,334,9,90,56,225,168,189,222,198,215,269,315,104,124,,,191,75,,,317,63,296,301,316,256,232,131,262,254,124,43,296,309,309,201,191,308,30,119,218,181,301,147,,125,,,b'\x11\xe8\xe1I\xc7\x87\xaa\x00\xaf\x82\x12\xdf\x17\xaeN\x1e'
11E8E149-C787-AA00-AF82-12DF17AE4E1E,2013-ncaa-d1-conf-MEAC,ncaa,8,9,4,9,5,9,8,12,2,4,8,3,10,11,9,11,9,9,7,9,9,11,8,3,3,7,12,11,7,12,6,9,11,11,9,7,6,12,11,9,9,8,4,7,,,10,13,,,8,6,8,3,9,7,12,3,7,10,11,9,9,9,12,10,13,9,11,6,12,9,5,,11,,,8,10,13,10,11,11,10,9,11,8,12,5,9,9,4,9,6,10,9,11,9,9,9,9,4,9,11,2,6,4,9,10,6,9,11,9,11,12,6,6,,,10,9,,,8,8,8,12,8,10,11,10,10,11,11,7,8,8,8,10,9,9,1,4,9,10,10,5,,9,,,b'\x11\xe8\xe1I\xc7\x87\xaa\x00\xaf\x82\x12\xdf\x17\xaeN\x1e'
11E8E149-C787-AA00-AF82-12DF17AE4E1E,2013-ncaa-d1-natl,ncaa,270,282,136,275,140,255,225,292,107,117,131,146,336,338,302,334,185,144,282,143,168,273,215,196,198,273,333,338,95,191,86,287,322,262,196,279,284,322,332,318,177,179,204,222,,,316,333,,,301,219,261,26,277,244,321,108,122,337,340,186,131,128,301,237,189,307,274,293,312,184,205,,325,,,296,221,198,134,260,236,214,218,94,47,280,38,291,303,57,303,281,176,175,239,248,246,124,70,265,272,322,21,86,88,196,190,171,178,176,190,289,301,116,97,,,144,84,,,301,134,268,274,294,229,202,116,252,232,101,44,283,303,300,177,173,284,26,100,199,174,288,128,,139,,,b'\x11\xe8\xe1I\xc7\x87\xaa\x00\xaf\x82\x12\xdf\x17\xaeN\x1e'
11E8E149-C787-AA00-AF82-12DF17AE4E1E,2014-ncaa-d0-natl,ncaa,312,282,334,313,335,314,308,322,248,229,214,242,336,328,337,310,217,207,204,205,175,317,306,291,274,296,309,327,53,303,270,326,343,329,337,307,261,190,294,304,164,145,255,264,,,117,188,,,323,293,89,11,268,250,213,128,92,329,312,117,105,100,189,117,244,288,283,274,307,91,219,,282,,,328,147,145,79,289,213,173,237,64,23,305,35,200,192,192,186,199,92,96,260,277,258,83,61,235,285,343,99,270,184,337,202,246,194,159,222,105,204,180,213,,,300,202,,,323,50,309,310,327,318,314,303,324,336,136,69,304,305,302,317,326,343,277,328,312,91,226,272,,170,,,b'\x11\xe8\xe1I\xc7\x87\xaa\x00\xaf\x82\x12\xdf\x17\xaeN\x1e'
11E8E149-C787-AA00-AF82-12DF17AE4E1E,2014-ncaa-d1-conf-MEAC,ncaa,12,12,9,12,10,9,7,9,4,7,8,3,8,10,7,10,9,10,5,9,9,10,10,5,6,6,8,10,8,13,13,9,11,12,13,6,4,6,9,6,7,7,8,10,,,6,7,,,12,8,8,2,7,7,9,6,8,8,9,9,9,8,9,9,13,8,12,5,9,6,8,,8,,,12,12,10,9,10,10,11,9,8,7,12,6,10,9,8,9,8,8,7,10,11,12,6,7,7,11,11,8,13,10,13,13,12,8,9,11,3,6,6,8,,,10,8,,,12,5,8,12,12,13,12,13,12,12,11,7,10,10,10,13,13,12,12,13,13,7,5,8,,8,,,b'\x11\xe8\xe1I\xc7\x87\xaa\x00\xaf\x82\x12\xdf\x17\xaeN\x1e'
11E8E149-C787-AA00-AF82-12DF17AE4E1E,2014-ncaa-d1-natl,ncaa,293,282,307,295,310,279,272,275,234,172,158,222,335,321,343,310,176,164,183,164,187,261,243,291,271,290,316,332,59,251,244,312,343,306,332,283,253,244,285,299,110,104,206,242,,,179,191,,,308,217,81,16,235,218,182,99,71,330,311,104,96,93,156,95,208,287,263,267,302,77,182,,283,,,315,204,212,132,285,261,236,224,66,25,295,23,249,243,186,235,197,154,176,248,269,226,72,50,241,311,343,158,244,235,332,239,234,124,109,177,140,184,196,193,,,246,204,,,308,120,301,284,313,308,307,281,320,333,103,55,300,300,298,305,326,342,265,322,298,62,218,261,,163,,,b'\x11\xe8\xe1I\xc7\x87\xaa\x00\xaf\x82\x12\xdf\x17\xaeN\x1e'
11E8E149-C787-AA00-AF82-12DF17AE4E1E,2015-ncaa-d0-natl,ncaa,339,329,283,341,304,288,274,328,82,182,230,94,328,331,271,311,211,245,120,242,198,324,297,150,138,243,313,324,89,342,313,311,343,336,336,300,282,306,341,328,226,241,238,274,,,88,85,,,343,253,59,166,246,222,313,98,155,326,325,145,179,174,309,207,332,266,325,268,338,188,203,,182,,,344,305,325,226,343,335,267,343,107,121,134,82,199,234,42,238,167,241,157,332,315,342,18,42,101,323,343,44,313,165,336,300,156,315,325,341,339,346,63,97,,,301,237,,,343,100,301,346,341,346,347,339,347,341,171,185,262,292,296,341,332,349,128,292,335,288,344,100,,250,,,b'\x11\xe8\xe1I\xc7\x87\xaa\x00\xaf\x82\x12\xdf\x17\xaeN\x1e'
11E8E149-C787-AA00-AF82-12DF17AE4E1E,2015-ncaa-d1-conf-MEAC,ncaa,13,13,8,13,11,11,11,13,3,9,13,2,11,12,10,10,6,7,4,7,2,13,13,2,2,8,9,10,2,13,13,8,12,13,13,9,7,13,13,11,11,11,2,7,,,1,1,,,13,8,3,10,11,11,13,8,13,11,10,4,5,5,13,13,13,6,13,9,13,10,2,,1,,,13,12,12,12,12,12,12,12,7,9,3,5,1,2,1,2,1,11,8,12,10,13,1,3,1,13,12,2,13,8,13,13,7,13,13,13,13,13,1,2,,,10,8,,,13,6,12,13,13,13,13,13,13,13,9,10,1,4,4,13,12,13,5,11,13,13,13,1,,9,,,b'\x11\xe8\xe1I\xc7\x87\xaa\x00\xaf\x82\x12\xdf\x17\xaeN\x1e'
11E8E149-C787-AA00-AF82-12DF17AE4E1E,2015-ncaa-d1-natl,ncaa,324,328,209,329,248,256,237,318,75,133,177,92,323,329,245,319,175,187,134,188,188,303,255,141,131,232,312,324,87,335,312,267,342,321,334,292,292,326,338,329,202,237,198,263,,,137,90,,,341,184,71,174,242,212,314,92,145,326,328,136,156,155,306,213,329,234,318,287,334,186,188,,188,,,341,329,337,290,332,343,309,335,127,156,113,85,210,250,19,252,154,300,240,313,288,336,18,45,99,347,342,81,312,244,334,316,162,301,324,337,340,344,78,86,,,272,233,,,341,167,295,344,340,342,346,340,347,341,166,189,243,285,288,342,330,348,122,298,334,291,341,87,,251,,,b'\x11\xe8\xe1I\xc7\x87\xaa\x00\xaf\x82\x12\xdf\x17\xaeN\x1e'
11E8E149-C787-AA00-AF82-12DF17AE4E1E,2016-ncaa-d0-natl,ncaa,268,281,175,276,230,229,224,191,276,203,195,217,230,153,320,142,181,219,81,230,222,202,140,283,264,301,199,207,130,194,235,174,339,182,311,265,276,337,322,325,135,180,87,108,,,270,208,,,300,124,41,280,242,245,166,205,182,228,152,185,228,238,191,80,195,153,168,275,332,126,75,,292,,,297,258,214,256,115,228,268,125,152,186,99,114,317,332,51,333,297,287,275,104,110,159,196,106,300,346,339,240,235,324,311,262,270,160,230,223,332,320,102,108,,,228,288,,,300,226,307,235,292,278,240,314,255,307,177,210,316,331,332,333,334,346,266,335,277,145,329,115,,240,,,b'\x11\xe8\xe1I\xc7\x87\xaa\x00\xaf\x82\x12\xdf\x17\xaeN\x1e'
11E8E149-C787-AA00-AF82-12DF17AE4E1E,2016-ncaa-d1-conf-MEAC,ncaa,10,10,8,10,12,7,7,9,3,6,11,4,5,5,5,3,8,12,1,12,10,9,9,2,2,7,7,5,9,11,9,9,12,10,10,7,5,13,13,10,9,9,4,6,,,9,10,,,10,9,3,10,6,6,8,5,11,4,2,7,11,11,8,7,9,5,6,5,13,9,4,,12,,,10,11,7,11,7,8,10,7,9,9,6,8,12,12,9,12,12,11,9,7,7,9,11,6,11,11,12,3,9,6,10,9,11,11,11,12,13,13,1,1,,,11,10,,,10,5,7,11,11,12,10,12,9,13,9,10,13,13,13,13,12,13,3,12,11,11,13,1,,9,,,b'\x11\xe8\xe1I\xc7\x87\xaa\x00\xaf\x82\x12\xdf\x17\xaeN\x1e'
11E8E149-C787-AA00-AF82-12DF17AE4E1E,2016-ncaa-d1-natl,ncaa,280,280,218,283,286,261,263,226,282,235,230,229,247,171,324,143,203,249,79,257,219,233,179,289,267,305,198,207,121,219,240,213,341,219,318,292,277,332,327,330,157,193,99,110,,,256,206,,,305,165,40,282,251,257,178,208,188,231,153,186,229,241,198,82,202,156,176,286,335,133,76,,291,,,304,238,201,233,132,210,246,138,137,170,104,105,309,327,52,326,298,263,253,117,123,171,190,102,297,345,341,214,240,310,318,254,270,191,235,233,327,322,85,122,,,254,283,,,305,185,311,249,301,283,249,315,264,308,177,209,319,333,332,335,334,347,269,337,282,153,334,115,,241,,,b'\x11\xe8\xe1I\xc7\x87\xaa\x00\xaf\x82\x12\xdf\x17\xaeN\x1e'
11E8E149-C787-AA00-AF82-12DF17AE4E1E,2017-ncaa-d0-natl,ncaa,337,344,168,342,215,278,261,143,333,210,112,318,283,200,344,216,239,186,314,183,256,144,75,338,339,345,264,262,139,101,190,231,345,171,319,307,301,343,331,340,78,118,148,175,,,323,266,,,338,74,8,268,304,284,84,211,77,294,192,247,179,176,98,14,67,237,143,315,345,62,132,,339,,,337,317,260,241,237,250,245,193,240,185,309,97,340,346,26,345,342,291,301,244,263,233,268,154,315,342,345,317,190,340,319,294,271,68,134,179,344,329,64,52,,,188,303,,,338,269,342,289,335,333,292,294,280,293,255,196,347,347,347,337,342,346,337,345,313,44,343,73,,173,,,b'\x11\xe8\xe1I\xc7\x87\xaa\x00\xaf\x82\x12\xdf\x17\xaeN\x1e'
11E8E149-C787-AA00-AF82-12DF17AE4E1E,2017-ncaa-d1-conf-MEAC,ncaa,12,12,8,12,10,8,7,6,8,8,6,8,6,6,8,3,13,12,4,12,12,8,5,9,8,11,8,6,12,10,13,11,13,11,13,8,9,12,13,11,3,3,7,7,,,12,11,,,13,5,1,5,6,5,3,6,4,5,3,12,10,10,6,1,9,10,9,8,13,3,7,,13,,,13,13,12,6,12,12,12,8,8,3,13,1,13,13,9,13,13,10,12,12,13,11,11,4,13,13,13,12,13,13,13,11,10,4,6,11,13,13,1,1,,,11,13,,,13,9,13,13,13,13,13,11,13,13,11,4,13,13,13,13,13,13,13,13,12,3,13,1,,11,,,b'\x11\xe8\xe1I\xc7\x87\xaa\x00\xaf\x82\x12\xdf\x17\xaeN\x1e'
11E8E149-C787-AA00-AF82-12DF17AE4E1E,2017-ncaa-d1-natl,ncaa,342,344,217,344,288,303,290,175,334,246,138,322,293,219,343,216,272,218,314,216,259,181,102,339,340,345,261,260,141,120,198,273,346,208,327,322,302,341,333,341,93,127,165,181,,,314,274,,,339,93,9,270,306,292,92,225,84,294,196,248,188,183,104,18,77,248,152,320,345,69,139,,337,,,337,313,244,206,253,230,227,203,225,161,314,94,339,346,27,345,341,281,288,261,276,245,268,152,314,342,346,303,198,337,327,286,270,87,142,185,343,330,56,57,,,218,299,,,339,248,343,306,338,335,298,294,288,294,260,196,347,347,347,339,342,346,337,345,316,49,343,77,,179,,,b'\x11\xe8\xe1I\xc7\x87\xaa\x00\xaf\x82\x12\xdf\x17\xaeN\x1e'
11E8E149-C787-AA00-AF82-12DF17AE4E1E,2018-ncaa-d0-natl,ncaa,310,326,164,322,224,265,229,100,340,187,64,336,271,207,321,246,306,255,339,264,331,115,96,338,343,335,295,236,275,72,202,229,349,150,333,327,342,261,206,330,116,146,225,253,,,255,144,,,341,113,35,278,297,247,44,178,32,268,200,315,248,264,60,38,52,219,119,334,265,97,230,,268,,,340,307,299,287,235,268,243,239,304,300,228,251,258,311,8,307,275,299,299,251,222,225,243,240,163,347,349,336,202,347,333,318,273,129,196,238,237,199,227,141,,,288,345,,,341,237,329,315,338,331,317,333,295,277,317,320,268,316,315,336,341,348,345,349,332,99,254,236,,299,,,b'\x11\xe8\xe1I\xc7\x87\xaa\x00\xaf\x82\x12\xdf\x17\xaeN\x1e'
11E8E149-C787-AA00-AF82-12DF17AE4E1E,2018-ncaa-d1-conf-MEAC,ncaa,11,10,9,11,13,11,7,5,8,7,7,9,5,6,3,5,13,13,8,13,13,9,10,6,9,9,11,3,13,8,7,13,12,12,12,10,11,4,6,9,5,4,10,9,,,6,7,,,10,10,5,12,8,5,2,5,3,4,4,13,13,13,6,7,6,9,9,9,6,3,9,,7,,,10,11,9,7,10,4,2,7,12,11,11,12,6,7,7,7,9,6,4,11,10,11,13,13,5,10,12,7,7,9,12,10,10,9,9,12,5,6,1,2,,,13,13,,,10,4,9,12,10,12,11,10,7,5,12,13,9,8,8,9,10,11,7,12,12,7,6,2,,13,,,b'\x11\xe8\xe1I\xc7\x87\xaa\x00\xaf\x82\x12\xdf\x17\xaeN\x1e'
11E8E149-C787-AA00-AF82-12DF17AE4E1E,2018-ncaa-d1-natl,ncaa,324,325,213,327,294,300,271,120,341,217,75,337,288,225,323,247,320,270,340,277,331,145,128,339,346,338,294,234,269,92,210,264,349,197,335,337,343,233,213,332,136,161,239,261,,,232,149,,,343,143,33,279,301,265,45,196,36,272,200,317,250,262,67,41,54,230,127,338,267,104,235,,269,,,343,299,291,280,249,257,215,255,296,293,238,246,243,299,10,297,278,292,283,267,231,241,237,238,163,347,349,330,210,346,335,313,275,147,205,244,212,202,215,155,,,309,345,,,343,206,337,321,341,334,324,335,298,278,317,319,272,316,316,338,341,348,345,349,332,107,256,238,,300,,,b'\x11\xe8\xe1I\xc7\x87\xaa\x00\xaf\x82\x12\xdf\x17\xaeN\x1e'
11E8E149-C787-AA00-AF82-12DF17AE4E1E,2019-ncaa-d0-natl,ncaa,322,283,335,324,346,326,330,329,290,297,287,266,319,297,330,229,261,263,219,269,172,328,327,301,296,300,246,261,76,275,229,340,336,340,322,342,318,160,286,326,332,325,251,224,,,35,95,,,320,327,88,350,275,283,214,217,144,285,227,161,147,150,197,123,176,307,270,329,292,302,211,,155,,,327,100,84,29,278,53,35,199,209,81,347,181,190,188,188,189,283,32,31,302,311,301,300,271,246,209,336,60,229,87,322,128,204,262,165,211,106,241,3,26,,,262,97,,,320,23,298,325,327,324,277,230,218,202,323,223,304,303,301,278,287,323,275,320,267,118,252,24,,80,,,b'\x11\xe8\xe1I\xc7\x87\xaa\x00\xaf\x82\x12\xdf\x17\xaeN\x1e'
11E8E149-C787-AA00-AF82-12DF17AE4E1E,2019-ncaa-d1-conf-MEAC,ncaa,9,8,9,9,12,10,10,11,7,10,12,4,7,5,10,2,10,12,1,12,9,12,11,8,8,9,6,5,9,12,12,11,8,11,10,8,8,4,9,9,12,12,10,9,,,2,3,,,10,10,5,7,9,7,7,7,9,6,4,9,11,11,10,8,12,11,11,8,8,12,10,,5,,,10,8,5,2,11,3,2,9,12,9,12,11,10,7,12,7,11,2,2,12,12,12,11,12,7,4,8,6,12,5,10,7,9,9,5,9,7,8,1,1,,,8,5,,,10,2,10,12,10,9,7,4,3,4,12,10,10,7,7,5,8,5,9,8,8,7,7,1,,5,,,b'\x11\xe8\xe1I\xc7\x87\xaa\x00\xaf\x82\x12\xdf\x17\xaeN\x1e'
11E8E149-C787-AA00-AF82-12DF17AE4E1E,2019-ncaa-d1-natl,ncaa,308,282,340,308,345,314,311,317,287,273,254,254,322,283,335,231,245,251,201,251,184,313,309,301,294,297,266,276,85,250,214,337,338,325,317,344,335,217,296,333,325,318,220,198,,,73,130,,,320,317,77,350,273,267,192,175,132,295,229,161,157,158,188,108,160,293,257,331,302,291,184,,202,,,322,147,103,46,258,77,70,160,228,86,349,151,246,245,191,246,286,58,68,278,297,278,299,264,263,258,338,86,214,154,317,157,218,216,149,189,183,248,8,20,,,235,111,,,320,32,299,304,322,311,265,228,212,226,307,192,312,311,310,284,296,327,273,321,262,92,263,19,,86,,,b'\x11\xe8\xe1I\xc7\x87\xaa\x00\xaf\x82\x12\xdf\x17\xaeN\x1e'
11E8E149-C787-AA00-AF82-12DF17AE4E1E,2020-ncaa-d0-natl,ncaa,259,240,260,263,274,263,292,210,331,292,257,294,200,116,326,113,158,123,245,124,85,202,196,319,312,296,96,152,61,166,224,281,270,240,289,332,325,223,217,316,205,204,348,348,,,177,192,,,266,188,57,97,229,267,111,272,214,175,88,110,83,89,86,57,131,240,194,325,261,176,348,,245,,,265,154,176,98,272,264,162,304,35,82,18,82,220,253,93,243,248,115,171,215,219,145,31,27,248,212,270,288,224,275,289,96,72,82,65,53,56,60,168,213,,,59,49,,,266,156,296,164,262,242,251,187,309,235,50,102,259,279,278,227,297,263,334,326,120,44,88,209,,23,,,b'\x11\xe8\xe1I\xc7\x87\xaa\x00\xaf\x82\x12\xdf\x17\xaeN\x1e'
11E8E149-C787-AA00-AF82-12DF17AE4E1E,2020-ncaa-d1-conf-MEAC,ncaa,6,6,3,6,6,8,8,7,7,8,11,4,2,1,9,1,4,5,4,5,2,8,9,6,5,5,2,2,6,9,10,8,6,9,10,8,10,4,4,7,6,5,11,11,,,5,4,,,7,6,6,5,7,8,7,8,11,2,1,4,6,6,7,8,9,8,9,9,5,6,11,,5,,,7,6,7,5,10,8,4,10,7,7,8,8,1,2,3,2,3,5,6,10,9,6,4,8,2,6,6,9,10,8,10,6,4,5,4,5,3,2,2,5,,,3,1,,,7,6,6,6,7,5,8,4,8,4,7,8,1,2,2,4,6,6,10,9,5,4,3,2,,4,,,b'\x11\xe8\xe1I\xc7\x87\xaa\x00\xaf\x82\x12\xdf\x17\xaeN\x1e'
11E8E149-C787-AA00-AF82-12DF17AE4E1E,2020-ncaa-d1-natl,ncaa,238,240,128,243,168,234,259,141,330,274,217,297,176,97,321,117,116,79,266,80,74,118,97,323,315,296,100,159,62,134,226,243,277,207,295,326,323,253,208,311,178,206,348,349,,,227,172,,,257,86,60,110,234,274,118,272,215,177,91,109,81,83,93,66,134,244,202,326,250,181,348,,233,,,257,209,225,166,250,289,211,300,42,97,15,84,227,261,91,255,234,184,270,189,189,115,27,27,235,257,277,322,226,317,295,109,64,38,53,45,79,56,210,221,,,26,40,,,257,258,295,132,258,212,237,177,306,224,45,102,236,261,259,202,293,270,328,322,108,38,86,212,,20,,,b'\x11\xe8\xe1I\xc7\x87\xaa\x00\xaf\x82\x12\xdf\x17\xaeN\x1e'
11E8E149-C787-AA00-AF82-12DF17AE4E1E,2021-ncaa-d0-natl,ncaa,307,165,317,301,321,319,313,310,313,304,300,285,316,296,338,183,319,318,205,319,318,314,312,313,317,313,281,245,253,250,54,320,320,310,234,319,256,36,218,277,294,162,322,294,,,33,202,,,221,319,112,224,286,236,65,178,79,270,161,284,293,296,109,69,24,276,115,264,253,126,291,,248,,,250,26,25,25,139,30,27,156,28,29,86,118,47,62,24,62,282,28,33,119,117,52,154,91,274,62,320,25,54,38,234,14,29,260,31,7,19,86,36,115,,,301,112,,,221,29,294,102,233,141,128,127,152,166,95,110,247,288,290,170,289,317,225,299,39,19,111,154,,74,,,b'\x11\xe8\xe1I\xc7\x87\xaa\x00\xaf\x82\x12\xdf\x17\xaeN\x1e'
11E8E149-C787-AA00-AF82-12DF17AE4E1E,2021-ncaa-d1-conf-MEAC,ncaa,5,7,5,6,5,5,4,5,5,4,4,2,5,4,7,3,7,7,4,7,7,5,5,4,5,4,8,4,7,4,4,6,7,5,5,4,7,3,3,2,5,5,6,6,,,3,3,,,5,5,5,1,4,2,2,3,3,4,4,7,8,8,4,5,4,7,6,4,3,6,7,,4,,,5,5,6,4,7,5,5,7,6,4,7,5,3,5,2,5,5,4,4,7,6,5,5,4,2,4,7,4,4,4,5,2,1,4,3,1,2,4,4,4,,,5,3,,,5,4,4,5,5,6,5,4,5,3,6,4,4,5,5,4,5,5,5,5,1,2,3,4,,3,,,b'\x11\xe8\xe1I\xc7\x87\xaa\x00\xaf\x82\x12\xdf\x17\xaeN\x1e'
11E8E149-C787-AA00-AF82-12DF17AE4E1E,2021-ncaa-d1-natl,ncaa,312,201,307,310,312,313,311,300,316,297,297,290,310,290,339,166,316,316,210,318,320,303,307,317,323,318,271,234,257,244,66,315,311,304,229,314,250,44,232,288,294,184,311,283,,,46,236,,,240,309,102,225,294,251,67,191,97,263,140,294,299,300,113,71,34,255,110,271,267,153,279,,262,,,267,32,29,30,151,34,32,150,39,36,152,126,64,83,19,82,300,33,37,142,145,72,213,130,283,64,311,40,66,44,229,18,28,252,36,7,22,71,41,122,,,292,103,,,240,36,302,112,254,160,127,122,139,149,132,117,276,309,308,176,288,303,238,299,39,24,97,156,,66,,,b'\x11\xe8\xe1I\xc7\x87\xaa\x00\xaf\x82\x12\xdf\x17\xaeN\x1e'
11E8E149-C787-AA00-AF82-12DF17AE4E1E,2022-ncaa-d0-natl,ncaa,355,338,337,355,341,356,356,355,348,351,335,345,353,350,353,307,323,306,329,304,147,355,348,353,353,355,280,318,46,336,281,331,356,342,347,355,322,301,355,356,356,356,350,351,,,1,1,,,356,345,217,164,356,356,355,339,259,353,338,281,214,208,354,265,298,204,280,356,353,355,348,,6,,,356,146,229,171,277,216,137,299,220,225,200,271,5,8,13,9,18,129,41,276,212,335,70,255,2,348,356,14,281,148,347,313,326,356,355,356,321,356,208,329,,,333,182,,,356,13,356,355,356,348,355,356,352,347,335,344,37,67,75,355,322,356,199,349,354,354,354,318,,228,,,b'\x11\xe8\xe1I\xc7\x87\xaa\x00\xaf\x82\x12\xdf\x17\xaeN\x1e'
11E8E149-C787-AA00-AF82-12DF17AE4E1E,2022-ncaa-d1-conf-MEAC,ncaa,8,8,5,8,5,8,8,8,5,7,7,4,8,8,8,5,7,7,8,7,5,8,8,5,5,8,7,7,5,8,8,6,8,8,8,8,3,7,8,8,8,8,8,8,,,1,1,,,8,8,8,1,8,8,8,7,7,8,8,7,7,7,8,8,8,5,8,8,7,8,8,,1,,,8,8,8,8,7,8,7,7,8,8,8,8,1,1,6,1,1,8,3,7,7,8,4,8,1,8,8,1,8,7,8,8,8,8,8,8,8,8,7,8,,,8,5,,,8,1,8,8,8,8,8,8,8,7,8,8,1,1,1,8,6,8,2,8,8,8,8,7,,8,,,b'\x11\xe8\xe1I\xc7\x87\xaa\x00\xaf\x82\x12\xdf\x17\xaeN\x1e'
11E8E149-C787-AA00-AF82-12DF17AE4E1E,2022-ncaa-d1-natl,ncaa,356,336,351,356,352,356,356,355,348,353,346,345,355,354,352,309,333,318,329,315,145,355,355,353,352,355,277,318,43,351,289,345,356,353,349,356,325,283,356,356,356,356,351,351,,,1,2,,,356,354,224,165,356,356,355,344,266,353,339,282,215,210,354,276,302,212,298,356,353,355,349,,6,,,356,122,202,131,294,194,109,307,204,197,220,269,5,5,15,5,19,88,20,291,231,347,69,252,2,346,356,5,289,112,349,306,327,356,355,356,312,356,192,334,,,341,177,,,356,3,356,355,356,349,355,356,353,347,337,344,38,71,74,355,322,356,199,349,354,354,354,316,,227,,,b'\x11\xe8\xe1I\xc7\x87\xaa\x00\xaf\x82\x12\xdf\x17\xaeN\x1e'
11E8E149-C787-AA00-AF82-12DF17AE4E1E,2023-ncaa-d0-natl,ncaa,339,257,360,330,361,361,361,361,355,360,357,360,353,355,295,260,352,344,336,344,168,361,361,358,358,359,157,219,62,345,254,358,327,359,301,359,333,102,351,361,352,302,360,354,,,1,1,,,330,361,341,291,360,360,360,360,292,329,331,311,254,263,360,348,275,296,310,359,325,313,354,,1,,,339,1,5,5,139,4,4,192,87,95,119,332,1,1,27,1,12,3,2,167,101,102,150,327,3,83,327,2,254,6,301,131,352,349,171,316,138,346,142,334,,,351,107,,,330,1,358,176,346,66,159,174,111,70,258,305,3,5,4,74,62,305,168,246,325,207,321,289,,236,,,b'\x11\xe8\xe1I\xc7\x87\xaa\x00\xaf\x82\x12\xdf\x17\xaeN\x1e'
11E8E149-C787-AA00-AF82-12DF17AE4E1E,2023-ncaa-d1-conf-MEAC,ncaa,6,5,5,6,6,8,8,7,7,7,6,7,6,8,4,6,8,8,3,8,8,8,8,7,7,6,4,3,5,7,7,7,6,8,7,8,8,2,7,7,8,7,7,7,,,1,1,,,7,8,8,4,8,8,7,7,5,6,8,8,8,8,8,8,7,6,8,8,3,8,7,,1,,,7,2,5,3,6,3,2,5,7,4,6,7,1,1,3,1,1,2,1,6,4,4,4,8,1,3,6,3,7,2,7,8,8,6,4,8,4,7,8,7,,,8,4,,,7,1,6,5,7,3,6,6,4,3,7,7,1,1,1,3,1,4,4,4,8,6,6,8,,8,,,b'\x11\xe8\xe1I\xc7\x87\xaa\x00\xaf\x82\x12\xdf\x17\xaeN\x1e'
11E8E149-C787-AA00-AF82-12DF17AE4E1E,2023-ncaa-d1-natl,ncaa,322,257,358,317,359,361,361,360,355,360,352,357,350,354,283,256,347,334,337,335,182,360,361,357,357,357,172,216,88,330,224,353,329,358,290,360,328,141,347,356,330,232,360,356,,,1,1,,,315,360,335,291,359,359,354,353,263,322,311,307,248,251,354,327,234,292,294,357,318,246,355,,1,,,324,1,6,7,125,6,4,182,91,129,88,335,1,2,22,2,15,2,2,144,77,64,159,325,5,124,329,5,224,17,290,143,348,305,110,272,153,337,146,303,,,347,141,,,315,2,355,118,329,46,118,161,90,59,245,303,4,5,5,64,80,308,181,256,309,156,302,267,,237,,,b'\x11\xe8\xe1I\xc7\x87\xaa\x00\xaf\x82\x12\xdf\x17\xaeN\x1e'
11E8E149-C787-AA00-AF82-12DF17AE4E1E,2024-ncaa-d0-natl,ncaa,319,276,347,317,350,358,358,351,351,355,312,352,323,315,310,230,306,284,309,285,173,352,344,348,348,348,179,225,72,301,238,355,345,356,333,356,316,205,335,351,258,182,313,304,,,4,20,,,347,341,116,80,343,351,262,324,190,285,251,226,179,183,256,152,199,332,315,348,339,154,282,,51,,,350,100,172,56,344,215,59,351,117,101,226,209,16,23,45,24,86,38,27,343,315,317,43,159,20,185,345,47,238,76,333,251,289,265,167,296,269,342,101,225,,,331,238,,,347,21,348,325,349,326,348,298,343,280,260,239,94,124,131,278,289,324,266,308,345,125,344,217,,220,,,b'\x11\xe8\xe1I\xc7\x87\xaa\x00\xaf\x82\x12\xdf\x17\xaeN\x1e'
11E8E149-C787-AA00-AF82-12DF17AE4E1E,2024-ncaa-d1-conf-MEAC,ncaa,6,6,5,6,5,6,6,5,6,6,5,6,5,5,4,4,6,6,4,6,5,5,5,6,6,6,3,4,4,7,7,6,7,6,7,5,4,6,5,6,4,6,5,6,,,1,1,,,7,5,4,2,6,6,6,6,6,5,5,7,5,6,6,4,7,8,7,6,5,5,5,,1,,,7,6,7,5,8,8,6,8,5,4,3,5,1,1,5,1,2,5,4,7,7,7,2,5,1,5,7,4,7,3,7,7,6,5,6,7,6,6,2,3,,,6,4,,,7,5,6,7,7,7,7,6,8,6,6,6,1,1,1,6,6,6,5,5,7,6,5,3,,5,,,b'\x11\xe8\xe1I\xc7\x87\xaa\x00\xaf\x82\x12\xdf\x17\xaeN\x1e'
11E8E149-C787-AA00-AF82-12DF17AE4E1E,2024-ncaa-d1-natl,ncaa,309,278,348,309,349,345,349,338,339,341,284,346,290,286,240,219,305,272,316,274,196,338,323,332,337,342,162,186,130,263,211,350,343,342,327,348,299,238,326,344,218,165,330,320,,,5,16,,,342,330,106,80,322,329,230,310,174,245,225,243,197,201,231,134,179,326,296,335,330,131,304,,42,,,345,131,213,83,337,226,81,344,177,146,245,240,13,18,36,19,70,55,51,339,300,288,64,210,16,217,343,60,211,108,327,275,293,206,133,261,267,331,131,224,,,319,253,,,342,38,340,310,344,308,342,294,332,259,283,266,62,91,95,265,290,319,249,296,341,98,334,223,,226,,,b'\x11\xe8\xe1I\xc7\x87\xaa\x00\xaf\x82\x12\xdf\x17\xaeN\x1e'
11E8E149-C787-AA00-AF82-12DF17AE4E1E,2025-ncaa-d0-natl,genius_ncaa,360,332,359,360,360,362,362,361,361,362,346,361,347,338,351,255,253,278,102,273,86,360,355,361,360,360,108,279,5,314,270,359,360,359,355,362,330,215,351,360,280,197,259,238,,,7,30,,22,358,355,181,157,356,361,337,353,230,331,295,101,125,125,313,198,212,323,307,360,350,146,175,,85,,76,362,82,119,44,332,175,95,300,62,28,279,79,83,104,55,95,165,40,17,316,301,324,63,89,128,302,360,39,270,145,355,114,159,341,279,301,275,355,270,351,,,356,276,,357,358,8,356,359,362,340,349,327,350,343,217,155,254,287,277,337,317,359,314,354,315,217,356,351,,275,,351,b'\x11\xe8\xe1I\xc7\x87\xaa\x00\xaf\x82\x12\xdf\x17\xaeN\x1e'
11E8E149-C787-AA00-AF82-12DF17AE4E1E,2025-ncaa-d1-conf-MEAC,genius_ncaa,7,7,5,7,6,7,7,7,8,8,7,8,5,5,7,3,6,6,1,6,4,7,7,8,8,7,3,5,2,7,8,7,7,7,8,7,7,3,6,7,7,8,5,5,,,1,2,,4,7,6,3,3,7,7,7,8,6,5,5,5,5,5,7,7,7,7,7,7,4,7,5,,2,,4,7,8,8,6,8,8,7,7,8,3,8,4,4,3,8,3,3,6,4,8,8,8,5,6,2,7,7,8,8,7,8,8,3,7,7,7,4,5,7,8,,,7,6,,7,7,3,7,8,7,8,8,7,8,7,8,4,5,4,3,7,7,7,8,7,8,7,5,7,,6,,7,b'\x11\xe8\xe1I\xc7\x87\xaa\x00\xaf\x82\x12\xdf\x17\xaeN\x1e'
11E8E149-C787-AA00-AF82-12DF17AE4E1E,2025-ncaa-d1-natl,genius_ncaa,346,332,341,347,348,351,360,350,360,354,328,361,306,298,308,210,225,242,135,239,87,347,322,360,343,352,81,208,14,261,237,345,358,336,345,358,287,318,353,358,208,170,195,191,,,25,42,,75,355,332,143,163,344,359,320,348,241,290,257,119,147,139,303,156,195,308,285,354,352,134,140,,96,,132,358,172,192,108,313,248,181,285,114,58,273,82,161,188,85,171,187,109,86,293,290,304,82,100,159,328,358,119,237,224,345,185,162,282,246,267,327,354,297,348,,,337,301,,355,355,30,353,342,357,334,340,316,345,335,209,147,262,291,280,331,314,359,301,348,299,178,356,344,,276,,349,b'\x11\xe8\xe1I\xc7\x87\xaa\x00\xaf\x82\x12\xdf\x17\xaeN\x1e'
11E8E149-C787-AA00-AF82-12DF17AE4E1E,2026-ncaa-d0-natl,genius_ncaa,332,329,206,332,216,327,321,278,346,270,154,357,351,355,260,360,313,288,335,298,340,281,264,353,355,354,345,343,150,307,339,291,298,310,346,341,334,200,303,346,228,195,273,263,,,269,358,,281,344,259,266,97,361,352,315,290,68,356,362,322,290,302,328,312,308,330,351,354,261,201,282,,343,,318,343,196,142,88,295,160,97,303,116,109,202,130,335,328,293,328,356,124,109,285,318,316,253,89,351,178,298,242,339,229,346,130,148,255,230,219,126,213,260,236,,,327,336,,286,344,103,358,318,346,279,220,76,233,99,139,120,355,350,349,184,126,235,339,323,176,249,169,300,,350,,276,b'\x11\xe8\xe1I\xc7\x87\xaa\x00\xaf\x82\x12\xdf\x17\xaeN\x1e'
11E8E149-C787-AA00-AF82-12DF17AE4E1E,2026-ncaa-d1-natl,genius_ncaa,256,327,13,300,18,218,197,111,312,133,26,341,312,334,187,357,174,116,344,133,302,112,72,332,333,334,342,331,142,184,320,125,268,143,335,245,296,342,287,323,78,152,225,287,,,362,359,,331,329,57,253,73,344,320,301,241,66,354,360,280,206,221,301,258,286,281,319,336,266,150,290,,351,,302,315,329,279,274,214,309,282,223,150,214,99,84,362,361,298,360,339,314,311,182,258,247,216,37,356,318,268,349,320,348,335,243,123,83,185,143,277,206,241,113,,,160,279,,284,329,305,341,256,317,231,132,90,198,146,60,81,353,346,346,171,159,235,316,303,112,183,171,156,,300,,329,b'\x11\xe8\xe1I\xc7\x87\xaa\x00\xaf\x82\x12\xdf\x17\xaeN\x1e'
11E8E149-C78B-FCFE-AF82-12DF17AE4E1E,2010-ncaa-d0-natl,ncaa,108,101,122,113,167,169,167,323,2,119,255,9,267,326,2,300,128,196,16,190,93,316,308,4,3,28,270,283,103,340,311,88,48,246,62,79,26,246,323,129,341,342,33,47,,,4,5,,,155,253,307,283,187,176,343,110,284,278,331,120,207,200,340,338,342,62,305,59,237,343,33,,2,,,155,151,235,247,156,240,269,127,171,173,201,153,24,20,250,19,8,192,90,141,109,281,55,189,21,104,48,4,311,6,62,136,57,344,345,333,232,293,190,264,,,204,49,,,155,94,90,264,152,136,230,262,230,280,172,158,23,21,20,192,29,82,2,5,124,345,222,186,,237,,,b'\x11\xe8\xe1I\xc7\x8b\xfc\xfe\xaf\x82\x12\xdf\x17\xaeN\x1e'
11E8E149-C78B-FCFE-AF82-12DF17AE4E1E,2010-ncaa-d1-conf-Sun Belt,ncaa,4,4,4,4,6,8,8,13,2,6,12,2,9,13,2,10,4,7,1,5,1,13,13,2,2,3,6,8,2,13,11,2,3,9,2,3,1,10,13,6,13,13,1,1,,,1,1,,,5,12,12,9,8,10,13,7,13,9,13,4,8,7,13,13,13,1,8,3,10,13,1,,1,,,5,3,8,12,3,6,13,3,9,11,5,10,1,1,1,1,1,9,5,3,1,7,2,12,1,8,3,1,11,1,2,10,10,13,13,13,10,11,7,12,,,8,1,,,5,3,5,8,5,3,7,12,7,13,8,10,1,1,1,9,2,8,1,1,10,13,10,7,,9,,,b'\x11\xe8\xe1I\xc7\x8b\xfc\xfe\xaf\x82\x12\xdf\x17\xaeN\x1e'
11E8E149-C78B-FCFE-AF82-12DF17AE4E1E,2010-ncaa-d1-natl,ncaa,114,100,134,113,181,183,178,336,3,122,273,9,274,328,2,300,133,203,16,194,93,329,326,4,3,28,267,283,98,341,313,96,49,266,63,85,26,237,324,132,344,342,35,46,,,2,5,,,165,280,312,285,192,181,344,113,284,279,331,119,208,201,340,338,342,66,308,62,237,344,33,,2,,,165,134,229,237,160,235,264,131,165,165,205,153,17,13,252,12,8,180,63,145,116,284,53,189,20,91,49,3,313,5,63,125,58,345,345,334,222,294,184,267,,,215,49,,,165,69,93,276,165,141,236,264,236,281,174,157,23,21,20,195,28,85,2,5,124,345,223,186,,239,,,b'\x11\xe8\xe1I\xc7\x8b\xfc\xfe\xaf\x82\x12\xdf\x17\xaeN\x1e'
11E8E149-C78B-FCFE-AF82-12DF17AE4E1E,2011-ncaa-d0-natl,ncaa,99,83,119,101,161,125,120,276,11,110,245,13,164,233,25,182,159,213,45,199,130,274,273,11,10,31,214,184,202,328,293,154,173,269,189,49,14,132,232,46,249,252,44,38,,,93,110,,,76,229,283,257,135,120,329,119,278,165,243,166,239,221,320,322,332,180,314,30,131,269,34,,71,,,76,86,105,144,99,100,177,70,142,120,244,136,100,125,72,121,135,133,132,104,90,107,172,196,144,191,173,22,293,56,189,43,42,191,162,88,118,197,116,165,,,102,10,,,76,117,62,117,71,79,94,105,90,155,134,110,100,118,116,94,71,174,14,35,37,208,121,105,,102,,,b'\x11\xe8\xe1I\xc7\x8b\xfc\xfe\xaf\x82\x12\xdf\x17\xaeN\x1e'
11E8E149-C78B-FCFE-AF82-12DF17AE4E1E,2011-ncaa-d1-conf-Sun Belt,ncaa,4,3,7,3,9,6,6,12,1,7,12,2,4,10,1,5,8,9,3,8,2,12,12,2,1,2,5,5,8,12,11,3,6,10,4,2,2,4,9,2,10,9,1,1,,,5,6,,,3,12,10,7,3,3,12,5,12,3,8,5,8,6,12,11,12,1,8,1,5,10,1,,6,,,2,1,1,4,1,1,5,1,6,5,7,7,5,5,2,5,5,4,1,1,1,2,10,9,8,8,6,2,11,2,4,2,2,10,8,3,4,5,6,8,,,6,1,,,3,1,2,3,2,2,2,8,2,7,8,6,6,5,5,7,5,9,3,4,2,9,5,7,,4,,,b'\x11\xe8\xe1I\xc7\x8b\xfc\xfe\xaf\x82\x12\xdf\x17\xaeN\x1e'
11E8E149-C78B-FCFE-AF82-12DF17AE4E1E,2011-ncaa-d1-natl,ncaa,112,82,132,106,184,146,138,302,11,125,271,13,171,241,27,179,170,229,44,214,128,299,298,11,10,31,213,180,201,332,294,182,175,289,194,53,14,111,234,47,261,254,47,38,,,75,110,,,82,261,283,260,140,129,330,125,281,169,242,169,240,226,322,323,333,185,316,30,129,276,37,,71,,,82,66,88,117,105,89,152,77,129,105,243,136,92,112,80,110,132,106,96,110,95,113,170,196,144,174,175,11,294,35,194,33,40,213,169,91,105,198,106,169,,,118,9,,,82,86,65,126,77,83,98,111,95,161,133,111,101,118,117,100,70,175,14,33,41,216,124,109,,101,,,b'\x11\xe8\xe1I\xc7\x8b\xfc\xfe\xaf\x82\x12\xdf\x17\xaeN\x1e'
11E8E149-C78B-FCFE-AF82-12DF17AE4E1E,2012-ncaa-d0-natl,ncaa,106,87,120,95,154,180,155,235,57,131,193,76,204,250,70,239,201,192,209,200,185,236,243,72,79,99,240,213,203,292,278,158,84,232,172,73,27,110,189,61,200,175,189,194,,,75,87,,,127,212,260,262,194,170,295,134,213,212,260,226,207,215,288,309,315,186,279,61,109,216,205,,51,,,129,86,98,117,129,130,142,139,82,110,80,138,138,110,241,115,144,112,126,107,116,114,123,108,200,95,84,105,278,94,172,31,36,187,155,71,89,148,193,210,,,124,30,,,127,139,139,109,119,78,92,81,119,124,86,96,127,111,117,75,67,80,98,67,36,206,94,187,,137,,,b'\x11\xe8\xe1I\xc7\x8b\xfc\xfe\xaf\x82\x12\xdf\x17\xaeN\x1e'
11E8E149-C78B-FCFE-AF82-12DF17AE4E1E,2012-ncaa-d1-conf-Sun Belt,ncaa,5,3,8,4,11,7,5,11,2,5,8,3,3,11,1,7,9,9,7,9,7,10,11,2,2,2,8,6,9,10,9,7,5,9,7,2,1,2,7,2,6,6,5,5,,,2,4,,,4,12,8,9,4,3,10,3,7,3,9,9,8,8,9,11,10,4,8,2,4,6,5,,3,,,3,1,1,3,2,3,5,3,1,2,1,3,7,4,12,5,5,3,1,1,1,3,3,2,10,2,5,1,9,1,7,1,4,11,10,7,5,7,12,12,,,9,4,,,4,2,3,3,3,3,3,7,6,8,2,2,9,7,8,7,5,7,6,6,4,10,7,12,,7,,,b'\x11\xe8\xe1I\xc7\x8b\xfc\xfe\xaf\x82\x12\xdf\x17\xaeN\x1e'
11E8E149-C78B-FCFE-AF82-12DF17AE4E1E,2012-ncaa-d1-natl,ncaa,112,86,137,98,181,200,180,260,58,145,220,78,212,262,70,237,220,204,209,216,185,265,275,75,81,105,236,211,196,309,286,179,90,263,181,78,27,96,193,66,217,185,201,198,,,57,92,,,136,245,262,262,199,178,295,138,217,213,261,227,212,220,290,310,321,193,286,63,110,223,208,,54,,,134,67,78,87,133,113,123,145,71,94,86,133,126,100,244,106,146,89,87,111,123,125,121,112,202,78,90,86,286,62,181,26,37,213,161,76,79,151,180,214,,,146,26,,,136,104,143,119,128,82,98,80,123,125,87,97,133,114,119,77,65,81,100,68,38,219,93,190,,136,,,b'\x11\xe8\xe1I\xc7\x8b\xfc\xfe\xaf\x82\x12\xdf\x17\xaeN\x1e'
11E8E149-C78B-FCFE-AF82-12DF17AE4E1E,2013-ncaa-d0-natl,ncaa,177,197,120,192,122,112,116,117,122,105,112,143,156,173,119,197,79,80,116,82,117,114,128,130,119,97,171,189,114,134,170,100,36,109,94,114,146,111,88,92,278,301,192,212,,,203,207,,,182,131,148,11,88,100,110,105,113,154,175,70,79,79,94,133,146,77,89,92,103,297,202,,197,,,181,289,299,235,312,293,221,312,237,216,227,204,170,178,123,186,157,239,192,305,295,319,101,176,89,38,36,239,170,145,94,195,57,259,293,261,136,122,139,110,,,52,29,,,182,232,100,278,169,288,299,247,300,222,244,218,167,168,179,238,171,35,227,121,193,282,133,138,,28,,,b'\x11\xe8\xe1I\xc7\x8b\xfc\xfe\xaf\x82\x12\xdf\x17\xaeN\x1e'
11E8E149-C78B-FCFE-AF82-12DF17AE4E1E,2013-ncaa-d1-conf-WAC,ncaa,6,6,3,6,3,4,4,5,3,3,5,3,6,6,5,6,5,5,3,5,6,6,6,4,4,2,6,6,5,1,1,7,3,5,2,4,4,4,5,2,7,7,4,5,,,5,7,,,5,6,8,1,2,3,7,4,5,6,6,5,5,5,4,6,2,8,6,4,4,8,5,,4,,,5,8,8,4,8,9,4,9,7,4,9,5,5,4,10,4,5,3,4,8,9,10,4,7,4,2,3,1,1,2,2,6,5,6,6,6,4,4,3,3,,,5,4,,,5,5,2,8,5,6,8,4,8,4,6,4,6,3,3,3,3,2,2,2,6,8,4,4,,5,,,b'\x11\xe8\xe1I\xc7\x8b\xfc\xfe\xaf\x82\x12\xdf\x17\xaeN\x1e'
11E8E149-C78B-FCFE-AF82-12DF17AE4E1E,2013-ncaa-d1-natl,ncaa,186,196,136,197,138,122,128,129,126,122,127,151,162,183,119,197,87,93,115,95,117,125,146,130,124,100,172,188,109,151,177,111,40,122,97,122,148,96,90,94,293,303,204,217,,,189,210,,,187,152,150,11,91,103,115,111,118,152,174,71,79,80,96,137,148,80,92,96,102,298,205,,200,,,186,279,294,224,315,290,207,317,230,210,228,205,161,166,129,174,159,225,172,308,301,322,101,175,91,34,40,224,177,116,97,187,58,282,296,267,130,124,136,117,,,61,29,,,187,207,101,283,177,290,303,248,301,222,247,218,173,173,182,241,170,35,229,123,196,287,135,143,,28,,,b'\x11\xe8\xe1I\xc7\x8b\xfc\xfe\xaf\x82\x12\xdf\x17\xaeN\x1e'
11E8E149-C78B-FCFE-AF82-12DF17AE4E1E,2014-ncaa-d0-natl,ncaa,273,311,85,290,108,113,141,190,89,150,195,95,151,156,103,169,42,76,54,76,48,158,149,93,70,83,112,171,48,215,199,150,170,175,164,132,129,195,191,150,321,334,169,189,,,272,259,,,291,131,197,216,135,195,275,188,241,158,181,41,77,77,237,245,256,206,243,157,153,334,182,,240,,,282,337,330,280,308,301,226,307,310,281,300,237,312,269,340,274,235,292,223,315,322,346,253,229,204,190,170,137,199,164,164,289,151,321,339,340,166,168,85,101,,,51,20,,,291,233,106,345,279,322,312,258,277,192,304,269,291,239,240,274,153,150,94,97,270,339,142,62,,50,,,b'\x11\xe8\xe1I\xc7\x8b\xfc\xfe\xaf\x82\x12\xdf\x17\xaeN\x1e'
11E8E149-C78B-FCFE-AF82-12DF17AE4E1E,2014-ncaa-d1-conf-Summit League,ncaa,5,6,1,5,1,2,2,3,3,3,4,2,5,4,6,5,3,4,2,4,5,2,2,4,3,4,5,6,3,5,4,1,4,2,4,2,3,6,4,4,8,8,2,4,,,5,3,,,6,2,5,4,6,6,7,5,5,6,5,4,6,5,7,6,7,2,5,2,4,8,3,,3,,,6,7,8,8,4,7,7,4,7,8,6,5,3,3,1,3,3,7,7,6,4,7,4,6,3,7,4,6,4,7,4,7,3,8,8,8,4,3,2,2,,,1,4,,,6,7,5,8,6,5,7,8,5,6,6,6,3,3,3,7,3,6,2,4,5,8,3,1,,5,,,b'\x11\xe8\xe1I\xc7\x8b\xfc\xfe\xaf\x82\x12\xdf\x17\xaeN\x1e'
11E8E149-C78B-FCFE-AF82-12DF17AE4E1E,2014-ncaa-d1-natl,ncaa,279,310,100,294,126,134,164,215,95,172,212,98,159,162,103,169,48,86,53,86,48,182,177,99,71,85,110,174,47,230,204,182,177,202,169,146,133,179,193,155,326,335,177,199,,,257,263,,,297,160,198,219,145,200,277,192,244,158,181,40,81,82,239,249,259,215,251,169,153,337,185,,238,,,292,335,327,264,314,295,206,312,306,275,300,236,304,260,341,263,235,282,194,318,329,347,247,227,202,169,177,122,204,144,169,282,151,331,339,343,156,168,80,105,,,64,21,,,297,208,109,346,284,327,316,263,280,192,306,270,294,241,243,278,152,149,96,97,272,339,139,67,,51,,,b'\x11\xe8\xe1I\xc7\x8b\xfc\xfe\xaf\x82\x12\xdf\x17\xaeN\x1e'
11E8E149-C78B-FCFE-AF82-12DF17AE4E1E,2015-ncaa-d0-natl,ncaa,282,307,113,293,161,200,213,144,276,280,235,296,59,72,98,64,259,287,85,286,264,175,189,222,229,207,43,32,269,279,321,129,235,199,309,213,183,117,144,179,306,326,236,271,,,216,176,,,318,151,171,283,240,256,164,310,272,62,76,275,308,310,215,257,294,134,243,235,115,319,243,,199,,,310,319,293,285,224,264,267,188,291,233,320,187,301,249,345,247,187,289,227,237,267,333,254,231,228,274,235,315,321,316,309,246,134,306,329,316,62,78,144,188,,,238,251,,,318,202,243,335,306,313,298,305,266,271,288,233,292,238,238,310,207,273,316,319,232,322,62,135,,283,,,b'\x11\xe8\xe1I\xc7\x8b\xfc\xfe\xaf\x82\x12\xdf\x17\xaeN\x1e'
11E8E149-C78B-FCFE-AF82-12DF17AE4E1E,2015-ncaa-d1-conf-Summit League,ncaa,7,8,5,8,5,8,8,8,9,9,6,9,5,4,4,3,8,8,4,8,7,8,8,9,9,9,3,2,7,8,8,7,7,7,7,6,5,4,5,5,7,7,7,6,,,4,4,,,9,8,6,1,8,8,6,9,6,3,3,8,8,8,8,8,8,5,7,6,5,7,7,,7,,,9,7,7,5,7,2,2,5,9,9,9,9,7,7,8,7,7,6,3,8,8,8,9,9,6,8,7,8,8,8,7,4,3,7,7,7,2,2,2,2,,,8,7,,,9,2,8,8,9,8,8,5,2,5,9,9,7,7,7,7,7,8,8,8,7,7,2,2,,8,,,b'\x11\xe8\xe1I\xc7\x8b\xfc\xfe\xaf\x82\x12\xdf\x17\xaeN\x1e'
11E8E149-C78B-FCFE-AF82-12DF17AE4E1E,2015-ncaa-d1-natl,ncaa,291,305,143,299,198,232,241,181,284,307,266,304,73,82,102,62,272,301,82,301,265,214,240,228,236,213,41,32,262,297,327,157,245,239,317,236,190,96,149,185,321,330,245,274,,,194,176,,,322,194,176,285,254,264,174,319,276,62,76,279,309,310,227,258,299,139,255,242,119,322,243,,201,,,320,308,281,268,232,253,251,195,282,219,320,184,291,237,344,236,190,270,188,244,277,333,254,230,225,250,245,311,327,310,317,230,137,321,330,320,51,82,133,194,,,266,248,,,322,161,251,335,316,316,300,307,273,275,288,233,294,246,246,309,208,279,319,322,239,325,64,134,,284,,,b'\x11\xe8\xe1I\xc7\x8b\xfc\xfe\xaf\x82\x12\xdf\x17\xaeN\x1e'
11E8E149-C78B-FCFE-AF82-12DF17AE4E1E,2016-ncaa-d0-natl,ncaa,316,327,175,322,181,312,307,326,200,275,305,174,261,245,266,161,314,323,146,319,258,328,328,218,222,241,215,193,232,346,344,298,311,337,336,291,219,133,271,259,235,209,218,169,,,153,233,,,322,304,338,26,336,321,346,282,311,262,249,318,325,322,346,344,346,317,349,302,152,246,215,,174,,,322,173,150,110,237,87,39,255,273,266,244,314,187,151,295,156,250,109,66,272,279,304,299,299,189,224,311,116,344,144,336,281,329,301,279,331,103,234,4,26,,,218,43,,,322,51,301,322,325,211,183,111,115,33,286,292,203,176,181,117,45,250,126,170,295,307,121,5,,219,,,b'\x11\xe8\xe1I\xc7\x8b\xfc\xfe\xaf\x82\x12\xdf\x17\xaeN\x1e'
11E8E149-C78B-FCFE-AF82-12DF17AE4E1E,2016-ncaa-d1-conf-Summit League,ncaa,7,7,5,7,5,9,9,9,5,8,8,6,7,7,8,6,9,9,6,9,9,9,9,6,8,9,8,6,8,9,9,8,9,9,9,8,7,4,8,7,7,7,5,5,,,5,7,,,9,9,9,1,9,9,9,8,7,8,6,9,9,9,9,9,9,8,9,8,5,7,5,,7,,,9,4,5,3,6,4,1,6,8,9,4,9,7,7,6,7,7,3,1,6,6,6,7,7,7,8,9,5,9,6,9,7,9,7,7,8,2,7,1,1,,,9,5,,,9,1,9,7,9,6,5,6,4,2,9,9,8,8,8,6,3,8,6,8,8,7,4,1,,7,,,b'\x11\xe8\xe1I\xc7\x8b\xfc\xfe\xaf\x82\x12\xdf\x17\xaeN\x1e'
11E8E149-C78B-FCFE-AF82-12DF17AE4E1E,2016-ncaa-d1-natl,ncaa,323,327,218,326,223,333,327,345,211,301,324,184,275,265,268,162,321,329,146,326,259,344,347,228,231,249,213,190,227,347,345,325,317,349,342,313,224,99,273,266,264,220,233,175,,,120,237,,,324,335,339,24,336,330,346,297,315,266,251,318,326,323,347,345,347,325,349,311,149,255,220,,176,,,326,147,125,70,248,69,23,261,262,247,247,312,171,135,296,141,257,69,29,282,289,310,300,295,186,196,317,83,345,110,342,272,329,318,285,332,86,237,4,32,,,241,38,,,324,16,307,327,328,220,193,112,125,36,287,291,205,178,184,120,46,252,128,177,297,311,125,5,,221,,,b'\x11\xe8\xe1I\xc7\x8b\xfc\xfe\xaf\x82\x12\xdf\x17\xaeN\x1e'
11E8E149-C78B-FCFE-AF82-12DF17AE4E1E,2017-ncaa-d0-natl,ncaa,314,323,168,320,177,210,217,251,146,203,175,235,198,267,27,247,179,206,98,208,218,246,255,147,133,153,179,181,134,306,297,262,257,301,285,310,333,132,199,274,287,293,251,251,,,217,259,,,295,223,249,56,213,228,266,200,171,189,265,163,215,213,267,284,312,281,320,316,152,289,253,,238,,,294,276,212,166,260,149,125,220,295,228,331,243,313,253,347,246,273,178,137,297,322,331,317,271,268,175,257,129,297,150,285,205,174,285,282,285,76,118,31,47,,,153,60,,,295,124,194,332,296,298,243,186,174,124,305,249,323,268,264,213,132,198,144,173,216,286,85,42,,123,,,b'\x11\xe8\xe1I\xc7\x8b\xfc\xfe\xaf\x82\x12\xdf\x17\xaeN\x1e'
11E8E149-C78B-FCFE-AF82-12DF17AE4E1E,2017-ncaa-d1-conf-Summit League,ncaa,8,8,5,8,6,7,7,7,7,5,2,8,7,7,6,7,5,4,9,4,5,6,7,7,7,7,7,7,3,7,9,8,9,8,8,8,8,5,5,8,7,7,7,6,,,9,7,,,7,6,3,5,7,7,6,5,3,7,7,4,3,3,4,4,6,7,7,8,7,7,7,,9,,,7,6,5,4,6,2,3,5,7,6,6,7,9,9,8,9,9,6,6,7,7,7,9,6,9,8,9,7,9,8,8,5,8,6,7,7,3,3,3,2,,,3,2,,,7,4,7,7,7,7,5,6,4,3,8,8,9,9,9,7,8,8,7,8,6,5,3,4,,2,,,b'\x11\xe8\xe1I\xc7\x8b\xfc\xfe\xaf\x82\x12\xdf\x17\xaeN\x1e'
11E8E149-C78B-FCFE-AF82-12DF17AE4E1E,2017-ncaa-d1-natl,ncaa,318,322,217,322,234,243,252,296,152,237,208,240,208,275,29,244,204,237,97,242,223,292,304,155,142,163,181,180,133,323,300,298,265,327,290,324,335,104,203,277,306,299,262,254,,,199,264,,,302,279,255,47,221,237,278,211,173,191,267,172,219,221,277,287,315,285,325,321,155,294,253,,241,,,302,256,180,116,272,126,88,229,289,210,338,243,304,242,347,237,273,134,76,306,329,338,315,272,269,149,265,104,300,109,290,191,176,310,289,293,58,123,23,50,,,186,56,,,302,63,204,333,303,310,250,187,179,124,303,251,328,273,271,211,129,201,150,178,225,293,86,40,,126,,,b'\x11\xe8\xe1I\xc7\x8b\xfc\xfe\xaf\x82\x12\xdf\x17\xaeN\x1e'
11E8E149-C78B-FCFE-AF82-12DF17AE4E1E,2018-ncaa-d0-natl,ncaa,170,129,242,163,264,145,163,133,222,248,209,277,51,65,55,69,215,220,192,219,181,147,162,155,166,139,40,40,249,81,98,156,53,123,81,145,136,96,99,119,210,201,180,151,,,215,263,,,180,195,71,177,77,108,42,240,166,33,40,174,179,174,52,55,50,93,44,108,154,190,166,,264,,,180,201,158,122,241,109,82,221,264,214,301,265,255,218,311,212,273,128,115,272,295,279,307,268,241,37,53,173,98,99,81,123,99,209,182,172,50,56,110,135,,,166,157,,,180,156,109,239,180,273,226,200,169,123,296,270,286,259,250,213,225,74,239,180,163,172,83,147,,93,,,b'\x11\xe8\xe1I\xc7\x8b\xfc\xfe\xaf\x82\x12\xdf\x17\xaeN\x1e'
11E8E149-C78B-FCFE-AF82-12DF17AE4E1E,2018-ncaa-d1-conf-Summit League,ncaa,5,4,5,5,5,4,5,4,6,6,3,7,4,4,5,5,4,2,7,2,2,3,3,6,6,6,3,3,2,1,1,6,4,2,2,4,4,7,5,5,4,5,4,4,,,8,7,,,5,4,2,1,4,5,2,6,2,4,3,2,1,1,2,1,1,4,2,4,7,4,4,,8,,,5,5,4,4,6,6,4,6,4,2,7,2,8,8,6,8,8,4,5,6,6,5,5,3,8,4,4,5,1,5,2,4,3,3,3,5,4,3,5,5,,,1,1,,,5,5,5,5,5,5,5,5,6,5,5,4,8,8,8,5,7,4,6,5,4,3,5,6,,1,,,b'\x11\xe8\xe1I\xc7\x8b\xfc\xfe\xaf\x82\x12\xdf\x17\xaeN\x1e'
11E8E149-C78B-FCFE-AF82-12DF17AE4E1E,2018-ncaa-d1-natl,ncaa,169,129,213,163,269,128,151,112,224,254,222,281,40,50,48,67,212,207,205,207,167,120,148,140,158,128,34,33,247,82,102,159,52,111,85,135,138,101,89,119,201,190,190,161,,,235,271,,,173,172,69,179,70,102,40,243,170,27,36,174,169,168,51,53,51,94,46,103,152,178,172,,271,,,173,221,166,122,247,119,75,238,263,220,288,264,258,225,301,219,274,131,122,275,299,278,290,253,241,35,52,183,102,112,85,134,108,197,180,174,50,56,107,133,,,160,168,,,173,176,103,238,171,275,232,198,185,124,286,269,286,256,251,214,227,75,242,176,172,164,82,138,,100,,,b'\x11\xe8\xe1I\xc7\x8b\xfc\xfe\xaf\x82\x12\xdf\x17\xaeN\x1e'
11E8E149-C78B-FCFE-AF82-12DF17AE4E1E,2019-ncaa-d0-natl,ncaa,125,138,80,136,82,21,29,28,53,76,75,122,15,36,2,99,34,59,45,57,117,27,30,40,36,32,38,41,199,139,227,47,174,61,185,40,168,198,74,72,123,228,18,38,,,343,240,,,105,21,8,36,10,16,11,89,110,12,43,34,74,73,12,16,163,39,58,36,147,155,20,,327,,,108,346,333,328,202,307,317,161,337,316,306,200,348,346,210,345,295,341,337,230,243,275,298,246,276,311,174,322,227,327,185,249,69,106,252,180,177,64,186,118,,,42,160,,,105,335,40,274,106,343,316,338,275,307,330,303,335,331,331,346,343,293,289,302,207,136,131,162,,44,,,b'\x11\xe8\xe1I\xc7\x8b\xfc\xfe\xaf\x82\x12\xdf\x17\xaeN\x1e'
11E8E149-C78B-FCFE-AF82-12DF17AE4E1E,2019-ncaa-d1-conf-Summit League,ncaa,4,3,5,4,5,3,3,3,3,4,4,4,2,4,2,3,5,4,5,4,3,4,4,3,4,4,3,2,5,4,5,3,7,4,4,3,2,5,5,3,4,3,1,2,,,7,6,,,3,4,1,4,3,3,1,4,2,2,3,5,3,3,1,1,2,2,3,2,5,2,1,,8,,,3,7,5,7,3,4,7,3,8,6,5,4,7,8,5,8,7,7,8,3,3,3,7,5,7,8,7,7,5,8,4,5,4,3,3,4,4,4,4,4,,,5,5,,,3,6,3,3,3,7,5,8,5,7,8,7,8,8,8,8,8,8,8,8,6,3,4,4,,4,,,b'\x11\xe8\xe1I\xc7\x8b\xfc\xfe\xaf\x82\x12\xdf\x17\xaeN\x1e'
11E8E149-C78B-FCFE-AF82-12DF17AE4E1E,2019-ncaa-d1-natl,ncaa,135,137,107,140,110,29,36,39,64,97,100,134,18,50,3,101,46,76,41,78,114,39,46,43,41,35,37,43,194,170,239,58,180,75,202,55,167,165,73,75,150,241,20,38,,,328,243,,,126,30,8,33,11,20,13,102,116,13,44,35,76,78,13,22,175,40,63,40,151,166,21,,328,,,126,343,327,323,212,296,306,171,330,304,314,196,344,339,213,338,295,334,327,245,258,287,295,245,275,298,180,306,239,321,202,230,67,135,260,193,147,66,176,126,,,58,152,,,126,328,44,287,122,345,322,340,286,313,331,302,339,331,331,346,340,294,292,307,219,149,134,165,,44,,,b'\x11\xe8\xe1I\xc7\x8b\xfc\xfe\xaf\x82\x12\xdf\x17\xaeN\x1e'
11E8E149-C78B-FCFE-AF82-12DF17AE4E1E,2020-ncaa-d0-natl,ncaa,182,170,191,185,200,31,75,24,178,98,54,235,87,102,74,181,2,10,19,8,71,15,16,165,106,96,70,161,21,19,53,156,239,56,134,200,313,207,100,212,64,103,120,157,,,287,194,,,180,26,10,52,14,39,7,83,34,72,92,2,10,10,3,2,13,127,25,189,217,50,116,,296,,,180,341,337,301,325,332,265,328,294,293,224,229,259,253,229,243,177,312,328,322,321,309,138,171,128,279,239,246,53,271,134,310,166,91,163,227,233,123,139,78,,,11,68,,,180,331,61,300,174,344,345,337,336,301,307,311,266,259,252,341,343,290,268,288,324,70,243,147,,9,,,b'\x11\xe8\xe1I\xc7\x8b\xfc\xfe\xaf\x82\x12\xdf\x17\xaeN\x1e'
11E8E149-C78B-FCFE-AF82-12DF17AE4E1E,2020-ncaa-d1-conf-Summit League,ncaa,4,3,5,4,5,3,3,2,5,4,2,8,3,3,2,5,5,5,2,5,6,2,1,5,5,5,3,3,5,1,3,7,7,4,6,3,9,5,3,4,2,2,4,4,,,8,5,,,4,1,1,2,2,3,1,3,1,2,3,2,3,3,1,1,1,7,1,3,5,2,4,,8,,,4,8,9,7,8,5,6,8,8,7,7,6,6,6,3,6,7,7,9,8,7,5,6,7,5,8,7,8,3,8,6,9,8,2,2,5,3,3,3,3,,,5,7,,,4,9,3,5,4,8,8,8,6,5,9,9,6,6,6,8,9,7,8,8,8,2,4,3,,4,,,b'\x11\xe8\xe1I\xc7\x8b\xfc\xfe\xaf\x82\x12\xdf\x17\xaeN\x1e'
11E8E149-C78B-FCFE-AF82-12DF17AE4E1E,2020-ncaa-d1-natl,ncaa,177,170,128,182,145,24,54,18,168,87,46,223,75,100,75,180,2,14,19,11,82,13,10,154,101,90,74,161,25,14,52,127,232,33,122,183,314,214,95,203,68,118,102,136,,,296,197,,,172,22,13,54,19,39,7,78,37,74,93,2,12,11,4,4,13,118,22,184,215,62,101,,292,,,172,344,343,320,322,335,284,327,297,301,224,223,259,254,210,250,183,328,334,322,318,305,139,169,127,287,232,256,52,279,122,314,163,95,177,232,231,119,132,68,,,9,78,,,172,334,56,301,172,346,344,336,339,301,299,310,261,257,252,340,340,285,255,274,319,88,234,136,,9,,,b'\x11\xe8\xe1I\xc7\x8b\xfc\xfe\xaf\x82\x12\xdf\x17\xaeN\x1e'
11E8E149-C78B-FCFE-AF82-12DF17AE4E1E,2021-ncaa-d0-natl,ncaa,225,296,136,263,144,102,141,147,155,228,257,88,30,24,98,15,25,38,36,39,1,130,139,82,57,58,3,24,33,253,315,98,190,156,271,121,133,177,124,136,265,325,260,305,,,202,95,,,269,111,41,156,57,158,180,303,337,14,14,11,20,21,123,132,316,76,219,143,143,310,298,,174,,,252,303,313,279,294,290,238,306,326,318,281,303,174,201,87,205,140,279,235,311,294,335,224,291,34,256,190,255,315,259,271,291,115,249,333,326,128,75,141,219,,,62,33,,,269,232,106,332,253,335,340,337,308,240,331,332,140,176,178,331,302,249,258,276,286,319,82,102,,28,,,b'\x11\xe8\xe1I\xc7\x8b\xfc\xfe\xaf\x82\x12\xdf\x17\xaeN\x1e'
11E8E149-C78B-FCFE-AF82-12DF17AE4E1E,2021-ncaa-d1-conf-Summit League,ncaa,7,8,6,7,7,4,7,6,7,8,9,5,3,1,7,1,2,5,1,5,1,5,6,7,5,3,1,3,1,7,9,5,9,7,8,5,1,4,4,3,9,9,9,9,,,2,1,,,7,5,3,7,2,6,5,9,9,2,1,1,3,3,4,4,8,3,6,4,3,9,9,,2,,,7,6,8,8,8,7,7,8,7,8,5,8,2,3,2,3,1,6,5,8,5,8,3,6,1,9,9,6,9,6,8,9,7,9,9,9,1,1,3,4,,,6,5,,,7,4,4,9,7,8,9,9,9,9,8,9,2,4,4,9,8,9,6,8,9,9,1,3,,3,,,b'\x11\xe8\xe1I\xc7\x8b\xfc\xfe\xaf\x82\x12\xdf\x17\xaeN\x1e'
11E8E149-C78B-FCFE-AF82-12DF17AE4E1E,2021-ncaa-d1-natl,ncaa,230,294,152,271,160,111,155,161,161,247,268,94,33,28,96,15,29,45,36,47,1,145,152,83,57,59,3,24,32,267,319,113,196,181,279,136,139,166,128,140,273,327,268,307,,,188,95,,,275,128,42,147,64,162,184,307,337,14,15,12,23,24,125,140,316,81,227,148,143,312,299,,177,,,259,300,310,275,295,286,231,307,324,313,284,301,166,193,91,197,141,269,220,313,295,335,224,288,33,246,196,244,319,246,279,286,116,262,333,329,119,77,135,223,,,71,32,,,275,215,113,333,260,336,340,338,309,242,331,332,145,179,180,333,300,253,259,285,292,322,82,103,,29,,,b'\x11\xe8\xe1I\xc7\x8b\xfc\xfe\xaf\x82\x12\xdf\x17\xaeN\x1e'
11E8E149-C78B-FCFE-AF82-12DF17AE4E1E,2022-ncaa-d0-natl,ncaa,282,288,216,291,217,207,253,250,251,309,326,159,81,55,213,27,117,169,31,162,21,237,250,181,144,152,16,43,67,318,327,216,229,274,310,234,163,122,184,199,315,331,38,36,,,155,178,,,305,218,192,4,181,260,245,329,340,62,38,81,134,131,223,223,320,189,290,224,167,319,18,,206,,,305,288,294,213,315,323,256,315,111,100,161,66,275,225,350,226,158,217,155,291,305,348,57,48,216,185,229,223,327,210,310,196,66,323,332,326,154,213,98,249,,,208,137,,,305,145,204,345,301,329,335,300,345,331,133,121,300,257,258,306,237,229,285,277,241,327,197,117,,171,,,b'\x11\xe8\xe1I\xc7\x8b\xfc\xfe\xaf\x82\x12\xdf\x17\xaeN\x1e'
11E8E149-C78B-FCFE-AF82-12DF17AE4E1E,2022-ncaa-d1-conf-Summit League,ncaa,7,8,5,8,5,8,9,6,10,9,9,10,6,2,9,2,3,2,3,2,1,6,6,10,8,8,2,4,2,7,8,6,8,6,9,6,4,9,8,8,6,6,1,4,,,7,5,,,8,7,4,4,8,10,7,10,9,5,2,2,2,2,7,5,8,6,7,7,9,6,1,,7,,,8,8,8,8,6,10,10,5,1,1,5,1,7,7,6,7,4,9,7,4,5,6,1,1,4,10,8,8,8,9,9,6,1,7,8,6,7,6,5,9,,,7,6,,,8,5,7,6,8,9,9,8,10,10,3,1,6,6,6,8,9,9,9,9,5,6,5,5,,6,,,b'\x11\xe8\xe1I\xc7\x8b\xfc\xfe\xaf\x82\x12\xdf\x17\xaeN\x1e'
11E8E149-C78B-FCFE-AF82-12DF17AE4E1E,2022-ncaa-d1-natl,ncaa,269,288,146,278,147,184,218,197,252,299,315,152,71,41,221,28,92,143,22,141,24,189,205,179,141,148,18,47,68,307,332,185,233,245,312,218,162,144,164,181,304,321,19,25,,,160,118,,,306,158,179,5,170,252,225,325,340,60,34,85,142,138,214,222,320,180,287,226,150,307,11,,166,,,303,323,325,279,306,337,291,305,165,160,177,95,282,231,350,229,138,280,214,283,293,343,66,73,188,245,233,278,332,282,312,246,76,317,333,326,173,201,113,231,,,180,156,,,306,204,197,341,297,333,336,312,343,327,161,153,285,238,237,312,246,243,289,291,247,327,182,106,,185,,,b'\x11\xe8\xe1I\xc7\x8b\xfc\xfe\xaf\x82\x12\xdf\x17\xaeN\x1e'
11E8E149-C78B-FCFE-AF82-12DF17AE4E1E,2023-ncaa-d0-natl,ncaa,242,239,236,248,264,209,273,271,257,345,358,147,49,26,215,6,145,122,253,123,2,240,271,171,165,155,1,11,96,218,210,234,98,235,178,223,118,90,156,172,354,353,64,41,,,135,238,,,264,276,234,209,176,267,251,350,359,24,8,101,74,76,205,227,188,192,199,203,143,355,39,,186,,,265,223,235,134,311,225,122,313,211,179,240,229,165,95,359,82,118,118,61,308,323,352,170,193,145,42,98,145,210,80,178,282,273,350,337,354,76,133,113,319,,,88,14,,,264,79,160,342,272,291,299,221,288,178,252,226,210,132,120,201,74,61,225,151,313,344,125,138,,29,,,b'\x11\xe8\xe1I\xc7\x8b\xfc\xfe\xaf\x82\x12\xdf\x17\xaeN\x1e'
11E8E149-C78B-FCFE-AF82-12DF17AE4E1E,2023-ncaa-d1-conf-Summit League,ncaa,7,5,6,7,8,10,9,9,9,10,10,8,2,1,9,1,9,6,10,7,1,8,9,8,8,7,1,1,5,6,5,10,6,9,7,9,5,5,6,7,10,10,2,2,,,2,6,,,7,9,9,6,8,9,7,10,10,1,1,8,4,5,7,7,5,9,7,8,5,10,1,,4,,,8,2,6,2,8,7,4,8,3,3,4,3,3,2,10,1,2,1,1,8,9,10,1,3,5,4,6,5,5,5,7,6,8,9,8,9,4,4,2,8,,,5,2,,,7,1,6,9,8,3,8,4,8,7,3,4,5,2,2,3,1,5,7,6,8,9,4,2,,4,,,b'\x11\xe8\xe1I\xc7\x8b\xfc\xfe\xaf\x82\x12\xdf\x17\xaeN\x1e'
11E8E149-C78B-FCFE-AF82-12DF17AE4E1E,2023-ncaa-d1-natl,ncaa,243,239,219,248,266,208,273,280,253,345,358,142,43,21,190,6,139,111,268,115,2,246,268,161,152,148,1,11,95,225,215,229,104,244,184,216,120,81,147,163,355,351,64,45,,,131,235,,,273,274,221,201,164,264,253,349,359,19,8,94,66,68,202,218,203,195,216,195,138,353,41,,180,,,272,256,262,147,321,256,129,325,224,184,254,219,190,114,358,103,130,127,56,320,330,354,160,182,149,43,104,157,215,87,184,290,270,349,339,355,83,131,107,314,,,80,14,,,273,75,149,345,281,308,314,223,303,190,250,222,229,152,136,216,83,61,226,154,314,345,119,133,,26,,,b'\x11\xe8\xe1I\xc7\x8b\xfc\xfe\xaf\x82\x12\xdf\x17\xaeN\x1e'
11E8E149-C78B-FCFE-AF82-12DF17AE4E1E,2024-ncaa-d0-natl,ncaa,307,312,258,312,289,226,259,287,199,338,358,51,63,30,226,6,216,210,244,204,4,284,318,121,128,116,7,13,163,337,339,290,132,327,305,221,143,32,113,128,303,265,264,277,,,122,245,,,268,292,235,263,187,248,274,340,360,33,11,178,154,146,259,312,331,272,334,201,70,287,256,,190,,,270,204,230,98,342,276,188,319,76,34,313,38,194,123,358,120,114,90,52,331,340,351,47,51,185,36,132,184,339,102,305,105,43,340,310,277,9,33,20,202,,,178,31,,,268,68,162,341,277,290,309,169,329,294,104,45,233,175,171,166,71,63,275,205,159,326,21,31,,105,,,b'\x11\xe8\xe1I\xc7\x8b\xfc\xfe\xaf\x82\x12\xdf\x17\xaeN\x1e'
11E8E149-C78B-FCFE-AF82-12DF17AE4E1E,2024-ncaa-d1-conf-Summit League,ncaa,6,6,6,6,6,7,9,9,5,9,9,4,3,2,4,1,8,8,6,8,5,9,9,3,3,4,2,1,8,9,8,9,3,9,8,6,4,2,2,3,8,6,7,8,,,2,3,,,6,9,8,3,7,7,6,8,9,1,1,8,8,8,9,9,9,9,9,6,2,8,7,,2,,,6,5,6,2,9,8,6,8,3,1,9,2,3,2,9,2,2,1,1,9,9,9,1,2,1,1,3,6,8,4,8,4,2,9,8,8,1,2,2,4,,,7,4,,,6,1,5,9,6,7,7,3,9,9,4,2,3,3,3,2,2,2,6,4,6,8,1,2,,6,,,b'\x11\xe8\xe1I\xc7\x8b\xfc\xfe\xaf\x82\x12\xdf\x17\xaeN\x1e'
11E8E149-C78B-FCFE-AF82-12DF17AE4E1E,2024-ncaa-d1-natl,ncaa,309,314,254,315,304,236,273,305,191,348,362,47,49,28,212,3,224,208,280,203,3,301,329,117,124,110,5,8,180,337,342,291,124,336,309,230,136,27,118,123,307,272,283,300,,,124,250,,,278,308,240,264,194,259,284,347,362,30,11,189,156,151,270,318,335,268,336,200,71,292,273,,193,,,282,221,246,92,347,291,196,323,74,27,307,34,201,128,361,124,113,83,37,338,347,356,38,48,188,28,124,199,342,102,309,112,48,345,315,287,12,36,14,199,,,185,32,,,278,56,162,340,283,289,313,174,335,297,97,40,241,173,174,170,67,59,279,196,168,333,22,23,,108,,,b'\x11\xe8\xe1I\xc7\x8b\xfc\xfe\xaf\x82\x12\xdf\x17\xaeN\x1e'
11E8E149-C78B-FCFE-AF82-12DF17AE4E1E,2025-ncaa-d0-natl,genius_ncaa,312,279,335,312,337,294,328,340,248,345,357,162,172,129,254,30,172,232,28,238,18,337,353,208,162,128,21,67,44,350,343,351,197,357,336,314,247,11,75,172,261,159,356,352,,,56,250,,69,231,347,285,34,201,276,264,328,341,92,43,62,117,132,247,305,330,320,351,285,51,183,353,,184,,127,243,74,65,11,348,126,33,349,27,20,200,78,232,173,352,169,283,15,12,335,351,337,121,37,313,21,197,123,343,56,336,34,65,295,162,157,4,39,20,168,,,284,63,,279,231,14,166,319,251,252,232,61,287,141,84,56,322,290,287,95,75,93,308,234,119,190,17,54,,160,,237,b'\x11\xe8\xe1I\xc7\x8b\xfc\xfe\xaf\x82\x12\xdf\x17\xaeN\x1e'
11E8E149-C78B-FCFE-AF82-12DF17AE4E1E,2025-ncaa-d1-conf-Summit League,genius_ncaa,9,9,6,9,6,8,8,7,9,8,8,8,3,3,9,2,7,8,1,8,4,8,8,9,8,7,2,3,3,7,6,9,9,8,8,7,3,2,5,5,5,2,8,8,,,4,5,,3,8,8,9,1,8,8,6,8,8,3,3,4,8,8,7,8,6,9,8,7,4,3,8,,5,,5,8,5,4,2,8,2,1,7,3,3,9,3,5,5,7,5,7,2,2,8,9,9,5,5,6,6,9,6,6,5,8,5,7,5,4,6,1,2,4,5,,,8,7,,9,8,2,8,9,8,5,5,2,3,3,5,3,7,7,7,3,3,7,8,7,7,5,2,5,,7,,9,b'\x11\xe8\xe1I\xc7\x8b\xfc\xfe\xaf\x82\x12\xdf\x17\xaeN\x1e'
11E8E149-C78B-FCFE-AF82-12DF17AE4E1E,2025-ncaa-d1-natl,genius_ncaa,301,279,304,301,305,269,316,323,254,339,351,156,150,100,256,28,110,182,17,189,13,316,344,198,153,122,14,64,33,346,347,329,149,351,331,303,229,17,80,172,255,172,345,343,,,72,210,,59,238,337,286,38,204,295,287,333,346,92,44,50,111,118,269,311,340,306,347,281,50,197,344,,150,,95,241,113,119,27,344,178,59,341,44,30,199,85,236,187,351,178,264,31,22,325,344,331,111,42,288,24,149,173,347,101,331,37,33,281,166,143,8,35,22,180,,,238,59,,265,238,25,172,311,247,240,234,68,286,146,88,59,304,261,259,91,69,68,305,217,92,208,17,52,,161,,239,b'\x11\xe8\xe1I\xc7\x8b\xfc\xfe\xaf\x82\x12\xdf\x17\xaeN\x1e'
11E8E149-C78B-FCFE-AF82-12DF17AE4E1E,2026-ncaa-d0-natl,genius_ncaa,260,250,206,273,216,271,267,262,274,264,272,233,252,207,301,121,256,253,212,246,155,263,248,282,280,296,161,170,144,251,254,256,251,264,268,308,322,216,298,325,228,200,232,252,,,37,21,,73,252,244,230,97,292,296,293,281,284,234,169,246,237,232,299,247,249,250,279,331,277,201,227,,23,,95,254,119,157,134,216,165,167,166,147,115,262,152,41,20,320,20,17,114,115,207,193,180,87,202,36,171,251,149,254,150,268,123,112,211,153,158,263,317,20,61,,,172,79,,157,252,108,299,194,258,176,240,225,242,264,186,134,50,26,26,147,147,229,205,217,169,150,302,36,,109,,140,b'\x11\xe8\xe1I\xc7\x8b\xfc\xfe\xaf\x82\x12\xdf\x17\xaeN\x1e'
11E8E149-C78B-FCFE-AF82-12DF17AE4E1E,2026-ncaa-d1-natl,genius_ncaa,203,249,85,236,117,207,202,151,267,220,210,220,128,79,262,70,239,233,200,236,227,160,141,247,258,256,122,95,245,151,212,169,256,168,242,223,255,259,241,262,179,202,198,248,,,45,13,,69,240,149,262,100,265,262,217,285,281,150,89,292,291,294,247,228,202,242,231,279,218,218,234,,14,,60,240,223,249,243,192,229,259,149,270,229,274,185,91,67,279,59,30,219,217,196,181,190,146,249,53,278,256,258,212,278,242,224,129,150,193,195,323,309,40,53,,,156,186,,184,240,201,258,208,252,161,215,207,193,233,231,161,64,42,36,151,122,251,210,239,161,198,294,23,,206,,205,b'\x11\xe8\xe1I\xc7\x8b\xfc\xfe\xaf\x82\x12\xdf\x17\xaeN\x1e'
11E8E149-C790-B58C-AF82-12DF17AE4E1E,2010-ncaa-d0-natl,ncaa,125,114,122,125,140,183,173,223,109,211,248,141,72,119,33,82,281,279,234,272,227,234,256,77,109,105,93,55,306,319,324,132,108,217,240,135,100,72,137,84,258,252,341,342,,,23,16,,,172,214,283,124,220,189,272,245,276,65,121,304,303,301,286,314,328,130,276,137,64,269,344,,15,,,172,145,205,235,109,102,93,181,325,333,136,341,7,3,305,3,15,177,137,172,129,189,265,336,9,139,108,190,324,168,240,307,316,285,298,328,111,174,26,43,,,250,197,,,172,136,156,190,171,124,185,253,79,49,328,339,11,4,6,146,69,131,186,166,302,315,110,26,,289,,,b'\x11\xe8\xe1I\xc7\x90\xb5\x8c\xaf\x82\x12\xdf\x17\xaeN\x1e'
11E8E149-C790-B58C-AF82-12DF17AE4E1E,2010-ncaa-d1-conf-Horizon,ncaa,3,2,3,3,4,4,4,4,4,6,7,6,2,4,1,2,6,5,9,5,4,4,7,2,4,4,2,2,9,9,9,3,6,4,8,6,5,3,3,4,6,7,10,9,,,1,1,,,4,5,8,3,5,5,8,6,8,2,4,8,7,7,7,9,9,2,6,6,2,8,10,,1,,,4,5,6,7,1,3,6,1,10,10,5,10,1,1,8,1,2,7,7,2,2,3,9,10,2,9,6,8,9,9,8,7,10,6,8,8,3,3,3,4,,,5,5,,,4,7,5,4,4,4,4,8,3,4,10,10,2,1,1,8,5,8,7,8,8,8,3,3,,7,,,b'\x11\xe8\xe1I\xc7\x90\xb5\x8c\xaf\x82\x12\xdf\x17\xaeN\x1e'
11E8E149-C790-B58C-AF82-12DF17AE4E1E,2010-ncaa-d1-natl,ncaa,132,114,134,133,155,198,186,237,112,227,265,147,79,127,32,84,292,290,233,285,226,254,275,79,110,109,92,55,303,324,326,142,115,239,247,139,103,60,137,85,270,256,342,341,,,16,15,,,180,235,285,125,222,196,274,250,274,69,122,304,304,302,288,316,329,134,280,140,63,274,344,,15,,,180,127,193,224,115,90,76,189,322,332,139,340,6,3,306,3,15,159,119,179,131,199,262,337,9,124,115,172,326,156,247,302,316,305,298,329,104,175,24,44,,,274,197,,,180,114,158,203,180,127,191,254,84,48,329,338,11,4,6,149,68,136,189,170,304,315,110,25,,287,,,b'\x11\xe8\xe1I\xc7\x90\xb5\x8c\xaf\x82\x12\xdf\x17\xaeN\x1e'
11E8E149-C790-B58C-AF82-12DF17AE4E1E,2011-ncaa-d0-natl,ncaa,208,226,170,222,190,213,216,172,249,215,216,190,169,96,298,85,229,173,291,177,124,170,228,244,257,202,147,123,192,206,271,209,35,211,212,254,259,27,45,153,241,218,312,309,,,86,154,,,222,236,236,106,220,220,146,220,231,157,74,224,160,165,146,233,203,194,211,263,37,246,313,,100,,,224,155,173,112,260,143,65,286,228,216,213,282,95,69,306,65,125,88,79,278,282,279,193,249,97,15,35,274,271,160,212,208,234,248,209,262,19,28,164,203,,,202,146,,,222,105,204,234,224,175,198,132,168,65,255,256,111,85,78,102,62,20,308,188,228,247,25,186,,184,,,b'\x11\xe8\xe1I\xc7\x90\xb5\x8c\xaf\x82\x12\xdf\x17\xaeN\x1e'
11E8E149-C790-B58C-AF82-12DF17AE4E1E,2011-ncaa-d1-conf-Horizon,ncaa,7,7,3,7,3,8,8,3,10,7,5,9,8,4,10,5,5,3,10,3,3,3,5,10,10,10,5,7,3,2,8,8,3,7,8,9,8,1,1,7,5,5,8,8,,,6,7,,,7,6,8,3,9,9,3,8,5,8,3,5,3,3,4,6,4,9,7,9,1,5,8,,6,,,6,4,5,3,9,8,5,9,2,2,3,3,2,2,3,2,4,3,4,9,9,6,1,2,3,2,3,10,8,9,8,2,2,4,3,2,3,2,9,9,,,4,4,,,7,5,10,4,7,3,4,3,8,4,3,3,1,3,3,2,3,2,10,8,2,3,2,10,,3,,,b'\x11\xe8\xe1I\xc7\x90\xb5\x8c\xaf\x82\x12\xdf\x17\xaeN\x1e'
11E8E149-C790-B58C-AF82-12DF17AE4E1E,2011-ncaa-d1-natl,ncaa,206,223,132,220,150,203,205,151,245,206,213,191,166,97,293,94,214,159,300,158,116,153,202,242,250,203,151,130,190,197,274,166,28,183,200,244,260,35,49,159,227,205,310,306,,,82,130,,,212,197,234,118,220,223,152,217,225,162,84,225,151,151,153,236,211,158,196,261,45,229,313,,80,,,211,155,174,138,231,151,75,279,229,246,156,294,89,61,298,60,113,107,89,249,243,247,191,248,91,16,28,295,274,181,200,209,226,233,207,248,25,36,173,197,,,175,135,,,212,142,208,200,211,159,185,138,156,59,247,262,97,69,68,103,61,18,305,181,206,242,35,186,,167,,,b'\x11\xe8\xe1I\xc7\x90\xb5\x8c\xaf\x82\x12\xdf\x17\xaeN\x1e'
11E8E149-C790-B58C-AF82-12DF17AE4E1E,2012-ncaa-d0-natl,ncaa,87,129,22,117,28,61,74,111,36,86,185,23,70,69,133,89,60,64,123,63,41,99,98,35,32,36,106,125,143,151,132,25,35,56,39,38,56,196,139,57,257,290,228,243,,,247,223,,,100,85,298,146,115,127,275,148,292,108,119,115,132,129,253,284,240,78,159,65,90,303,262,,122,,,106,268,232,296,89,143,174,111,327,334,161,324,235,210,252,204,207,293,238,146,156,246,324,319,164,156,35,125,132,132,39,242,189,287,328,302,131,95,21,24,,,80,123,,,100,252,48,229,113,143,115,148,42,36,304,317,148,125,120,133,38,47,21,20,138,333,62,8,,198,,,b'\x11\xe8\xe1I\xc7\x90\xb5\x8c\xaf\x82\x12\xdf\x17\xaeN\x1e'
11E8E149-C790-B58C-AF82-12DF17AE4E1E,2012-ncaa-d1-conf-Horizon,ncaa,2,2,1,2,1,2,3,4,2,2,5,2,5,5,5,9,2,1,4,1,1,3,4,2,2,2,7,9,2,4,2,2,2,2,2,2,2,5,3,2,7,8,6,7,,,5,4,,,2,4,8,5,3,5,8,3,6,7,8,2,1,1,8,9,6,2,3,3,3,9,7,,3,,,2,6,5,9,1,2,8,1,9,9,5,7,6,5,7,4,4,8,6,1,1,3,9,9,7,7,2,2,2,2,2,4,4,10,10,8,4,4,1,1,,,2,3,,,2,7,2,3,2,3,2,7,2,6,8,7,4,3,3,7,2,6,1,2,2,10,4,1,,3,,,b'\x11\xe8\xe1I\xc7\x90\xb5\x8c\xaf\x82\x12\xdf\x17\xaeN\x1e'
11E8E149-C790-B58C-AF82-12DF17AE4E1E,2012-ncaa-d1-natl,ncaa,90,129,23,119,34,70,81,132,36,98,215,23,78,78,134,88,69,74,121,75,39,113,110,35,32,37,104,120,143,172,140,32,36,65,40,43,58,172,142,61,271,295,240,245,,,237,228,,,106,100,299,146,121,133,276,154,295,106,118,115,130,128,259,286,242,80,163,69,93,307,265,,124,,,110,256,223,286,95,129,149,120,324,332,166,323,220,194,254,188,206,284,214,155,164,248,322,318,160,141,36,106,140,110,40,232,188,304,330,306,112,94,17,25,,,92,117,,,106,230,51,237,117,152,122,153,45,37,306,316,153,128,123,138,37,49,23,20,142,334,63,8,,198,,,b'\x11\xe8\xe1I\xc7\x90\xb5\x8c\xaf\x82\x12\xdf\x17\xaeN\x1e'
11E8E149-C790-B58C-AF82-12DF17AE4E1E,2013-ncaa-d0-natl,ncaa,96,105,80,108,94,55,79,159,23,124,270,8,50,50,97,53,50,53,118,55,15,143,173,14,11,12,60,94,128,201,131,64,40,107,38,69,93,53,74,35,318,321,276,267,,,162,172,,,107,168,268,215,47,83,243,153,305,53,62,60,63,68,206,268,232,71,143,60,52,328,296,,123,,,107,289,267,264,197,102,91,177,343,338,328,340,157,115,333,115,164,248,158,284,278,333,339,340,85,62,40,75,131,57,38,259,208,336,340,341,36,52,55,114,,,103,69,,,107,183,15,319,106,254,227,225,72,38,342,337,136,86,86,187,57,41,37,29,226,343,37,39,,155,,,b'\x11\xe8\xe1I\xc7\x90\xb5\x8c\xaf\x82\x12\xdf\x17\xaeN\x1e'
11E8E149-C790-B58C-AF82-12DF17AE4E1E,2013-ncaa-d1-conf-Horizon,ncaa,4,4,3,4,4,3,3,8,2,5,6,2,5,5,3,5,4,4,5,4,3,7,6,2,2,2,6,5,5,5,4,5,3,4,3,2,2,4,5,3,6,6,6,6,,,6,6,,,4,7,8,6,2,4,7,5,7,5,5,4,4,4,7,7,6,4,4,2,4,7,6,,5,,,4,4,5,6,6,2,3,4,7,7,5,7,3,2,6,2,3,6,3,6,6,6,6,8,2,3,3,2,4,2,3,4,3,8,8,7,5,5,2,3,,,7,6,,,4,3,2,6,4,4,4,6,3,3,8,8,3,3,3,3,2,3,3,2,3,8,5,2,,7,,,b'\x11\xe8\xe1I\xc7\x90\xb5\x8c\xaf\x82\x12\xdf\x17\xaeN\x1e'
11E8E149-C790-B58C-AF82-12DF17AE4E1E,2013-ncaa-d1-natl,ncaa,77,104,27,100,36,26,38,102,13,53,215,5,43,49,105,63,26,29,120,31,16,88,105,7,9,9,97,115,129,161,124,31,26,53,29,32,95,91,62,31,301,320,255,266,,,202,147,,,77,91,253,233,30,58,238,102,293,63,67,49,55,62,196,265,237,57,135,51,50,324,291,,109,,,82,320,294,309,173,144,161,160,344,340,319,338,199,139,323,142,160,303,240,254,252,323,336,340,87,98,26,99,124,88,29,273,189,318,337,339,67,55,57,86,,,72,73,,,77,260,12,297,76,238,207,224,63,46,341,336,116,78,82,187,61,39,29,20,206,341,42,34,,153,,,b'\x11\xe8\xe1I\xc7\x90\xb5\x8c\xaf\x82\x12\xdf\x17\xaeN\x1e'
11E8E149-C790-B58C-AF82-12DF17AE4E1E,2014-ncaa-d0-natl,ncaa,325,311,297,327,323,209,214,201,224,229,230,213,141,125,189,105,234,219,215,223,184,211,231,205,210,188,123,104,224,263,293,224,225,254,282,244,238,85,125,197,315,327,326,323,,,45,42,,,313,201,19,270,97,104,46,156,148,100,78,171,156,161,52,60,214,92,151,196,189,297,323,,117,,,317,297,298,234,288,174,95,299,346,335,323,341,97,66,333,66,111,205,145,321,314,338,319,342,34,171,225,251,293,229,282,316,286,314,321,344,177,230,290,318,,,247,215,,,313,142,216,335,316,342,341,344,280,218,349,348,184,124,129,341,323,284,330,325,341,272,263,332,,142,,,b'\x11\xe8\xe1I\xc7\x90\xb5\x8c\xaf\x82\x12\xdf\x17\xaeN\x1e'
11E8E149-C790-B58C-AF82-12DF17AE4E1E,2014-ncaa-d1-conf-Horizon,ncaa,9,8,6,9,6,9,9,5,9,6,3,9,8,8,7,8,5,5,5,5,7,7,6,9,9,9,7,8,3,7,7,5,8,6,8,9,8,6,7,9,8,8,5,7,,,2,2,,,9,5,2,3,8,9,4,5,3,8,8,4,5,5,5,4,5,3,5,9,8,8,5,,2,,,9,8,8,7,4,4,5,4,7,7,6,7,5,2,9,2,2,6,7,5,5,7,7,7,2,6,8,8,7,8,8,8,8,7,7,9,8,8,9,9,,,7,6,,,9,5,9,6,9,9,9,9,5,6,8,9,6,3,3,8,8,8,8,9,9,7,8,9,,6,,,b'\x11\xe8\xe1I\xc7\x90\xb5\x8c\xaf\x82\x12\xdf\x17\xaeN\x1e'
11E8E149-C790-B58C-AF82-12DF17AE4E1E,2014-ncaa-d1-natl,ncaa,319,325,211,323,288,163,167,128,226,195,189,211,114,98,198,105,190,159,252,159,141,136,146,203,212,191,119,104,206,230,294,178,185,201,281,212,226,136,116,181,291,312,328,329,,,89,55,,,311,118,16,273,93,108,42,159,150,96,73,153,116,118,48,47,216,95,154,186,182,273,328,,128,,,311,330,332,291,299,235,128,308,349,343,325,341,146,100,332,101,127,271,220,326,317,338,317,342,36,179,185,306,294,279,281,337,288,269,309,342,222,205,304,308,,,170,202,,,311,231,220,335,310,343,341,341,279,200,349,348,187,137,140,334,316,232,330,320,340,252,252,329,,113,,,b'\x11\xe8\xe1I\xc7\x90\xb5\x8c\xaf\x82\x12\xdf\x17\xaeN\x1e'
11E8E149-C790-B58C-AF82-12DF17AE4E1E,2015-ncaa-d0-natl,ncaa,253,238,283,252,295,257,226,250,182,290,322,134,59,64,129,21,345,345,276,345,312,287,322,116,164,103,73,20,344,343,343,229,269,309,332,189,134,7,33,43,255,238,270,233,,,15,32,,,239,306,233,96,182,146,127,262,305,31,27,345,344,344,206,298,335,122,286,121,19,227,249,,47,,,245,112,117,146,127,63,39,235,287,329,61,338,83,57,290,60,162,119,65,176,164,246,298,317,102,217,269,232,343,241,332,135,162,321,308,294,49,136,25,98,,,345,322,,,239,47,162,289,238,253,247,313,146,91,322,347,141,116,120,298,204,309,331,331,207,301,101,46,,343,,,b'\x11\xe8\xe1I\xc7\x90\xb5\x8c\xaf\x82\x12\xdf\x17\xaeN\x1e'
11E8E149-C790-B58C-AF82-12DF17AE4E1E,2015-ncaa-d1-conf-Horizon,ncaa,5,5,6,5,8,7,6,8,3,7,8,4,4,6,3,2,9,9,6,9,9,9,9,4,4,4,5,2,9,9,9,9,9,9,9,6,5,1,3,3,6,5,6,4,,,1,2,,,5,9,7,8,7,4,7,6,7,3,4,9,9,9,8,9,9,8,9,4,2,5,5,,1,,,5,3,3,3,3,3,3,3,5,7,3,8,3,2,9,2,3,3,2,3,3,3,7,8,6,8,9,4,9,6,9,2,5,7,6,5,4,7,2,3,,,9,7,,,5,1,5,5,5,4,3,5,3,3,7,9,5,4,3,5,5,8,7,8,2,7,4,3,,9,,,b'\x11\xe8\xe1I\xc7\x90\xb5\x8c\xaf\x82\x12\xdf\x17\xaeN\x1e'
11E8E149-C790-B58C-AF82-12DF17AE4E1E,2015-ncaa-d1-natl,ncaa,243,238,209,247,232,202,177,188,176,265,306,127,54,48,128,25,339,339,241,339,291,231,296,113,154,95,74,23,343,325,338,157,223,267,315,141,118,10,34,38,231,225,261,230,,,21,24,,,214,263,219,102,160,141,115,257,294,37,28,341,339,338,187,280,319,85,246,109,21,220,248,,41,,,215,158,152,212,93,68,57,204,314,337,68,341,103,76,300,76,150,194,124,153,142,220,308,327,103,234,223,284,338,276,315,154,165,300,302,278,55,118,25,80,,,337,318,,,214,94,146,259,212,229,227,309,109,71,324,346,131,105,108,287,200,286,317,325,202,289,91,36,,339,,,b'\x11\xe8\xe1I\xc7\x90\xb5\x8c\xaf\x82\x12\xdf\x17\xaeN\x1e'
11E8E149-C790-B58C-AF82-12DF17AE4E1E,2016-ncaa-d0-natl,ncaa,177,156,240,179,245,132,159,201,106,242,307,81,42,49,91,29,153,200,42,197,69,205,259,71,60,38,28,38,183,334,343,139,136,261,293,169,168,14,30,49,344,349,159,180,,,51,34,,,254,210,79,51,71,96,121,218,282,26,23,107,172,166,125,219,334,59,215,122,27,344,146,,78,,,256,306,320,278,298,298,208,310,318,304,276,300,90,77,272,77,65,249,178,314,303,338,166,286,31,167,136,256,343,228,293,270,123,330,339,336,52,102,161,266,,,137,32,,,254,182,85,333,236,336,342,341,321,290,337,330,132,111,111,336,299,218,313,302,306,325,87,194,,51,,,b'\x11\xe8\xe1I\xc7\x90\xb5\x8c\xaf\x82\x12\xdf\x17\xaeN\x1e'
11E8E149-C790-B58C-AF82-12DF17AE4E1E,2016-ncaa-d1-conf-Horizon,ncaa,4,4,7,4,7,4,6,9,1,6,8,2,3,5,2,5,3,4,2,4,3,8,10,1,1,1,4,5,3,10,10,4,4,9,7,3,6,2,3,2,10,10,7,7,,,1,2,,,5,8,4,1,3,4,6,6,6,3,5,2,3,3,4,6,10,3,7,2,2,10,6,,2,,,5,8,7,8,6,7,7,5,5,6,8,4,3,3,9,3,2,7,4,6,6,9,4,5,2,4,4,5,10,5,7,3,2,9,9,9,2,3,3,5,,,3,2,,,5,5,2,9,5,9,9,10,10,9,8,8,4,4,4,9,9,6,6,7,4,9,2,3,,2,,,b'\x11\xe8\xe1I\xc7\x90\xb5\x8c\xaf\x82\x12\xdf\x17\xaeN\x1e'
11E8E149-C790-B58C-AF82-12DF17AE4E1E,2016-ncaa-d1-natl,ncaa,174,156,218,169,229,132,149,192,108,245,307,78,41,41,87,24,156,201,46,200,65,200,250,68,60,39,25,33,193,333,341,123,147,246,288,150,157,17,35,53,346,348,157,185,,,41,30,,,253,192,83,52,72,97,123,218,291,24,23,115,173,168,136,215,332,57,215,111,32,344,142,,71,,,253,313,326,291,295,303,232,302,322,310,277,294,81,74,249,73,58,267,189,308,293,334,154,282,27,186,147,271,341,256,288,272,120,324,338,335,68,120,160,264,,,110,29,,,253,192,89,330,231,337,342,341,322,300,335,329,114,98,101,336,300,242,316,304,297,320,106,190,,47,,,b'\x11\xe8\xe1I\xc7\x90\xb5\x8c\xaf\x82\x12\xdf\x17\xaeN\x1e'
11E8E149-C790-B58C-AF82-12DF17AE4E1E,2017-ncaa-d0-natl,ncaa,120,126,74,129,96,70,66,88,63,131,234,36,20,24,70,31,175,135,284,136,76,96,111,40,55,53,57,36,291,332,347,23,145,109,284,47,70,120,70,45,298,340,74,114,,,279,168,,,114,53,47,206,68,65,143,173,297,25,27,218,178,183,143,203,344,10,158,39,67,324,78,,240,,,114,286,277,319,52,282,314,85,204,290,23,177,245,289,37,290,169,325,309,44,31,123,119,123,180,323,145,336,347,339,284,138,36,239,327,209,174,133,28,64,,,91,94,,,114,298,104,145,113,230,234,332,250,319,164,278,208,255,256,338,320,302,325,329,97,285,128,17,,114,,,b'\x11\xe8\xe1I\xc7\x90\xb5\x8c\xaf\x82\x12\xdf\x17\xaeN\x1e'
11E8E149-C790-B58C-AF82-12DF17AE4E1E,2017-ncaa-d1-conf-Horizon,ncaa,3,3,1,3,1,2,2,3,2,3,7,2,3,2,5,2,6,4,9,4,4,3,5,2,3,2,3,2,8,9,10,1,4,4,8,1,1,5,6,2,8,10,1,3,,,8,6,,,4,1,2,5,4,4,7,6,9,4,2,7,5,5,7,8,10,1,5,1,5,10,1,,8,,,4,6,6,10,2,9,10,1,5,7,2,4,8,8,5,8,6,10,10,1,1,3,5,4,7,10,4,10,10,10,8,2,1,6,9,4,5,5,2,2,,,1,3,,,4,10,5,3,4,4,3,9,6,9,3,7,7,8,8,9,7,6,8,8,2,8,4,2,,3,,,b'\x11\xe8\xe1I\xc7\x90\xb5\x8c\xaf\x82\x12\xdf\x17\xaeN\x1e'
11E8E149-C790-B58C-AF82-12DF17AE4E1E,2017-ncaa-d1-natl,ncaa,130,126,98,134,119,82,83,109,66,161,265,41,24,29,73,29,202,163,280,164,74,121,146,43,57,56,58,35,290,339,347,28,157,144,289,55,71,88,72,48,318,341,80,121,,,262,173,,,122,70,49,194,74,75,148,183,298,26,29,222,186,191,154,211,344,9,166,42,69,327,80,,246,,,120,271,268,315,61,271,311,93,186,276,26,173,237,273,38,272,169,322,301,51,37,134,117,125,179,316,157,331,347,334,289,116,36,261,329,217,147,138,20,70,,,107,96,,,122,283,106,158,121,238,244,331,261,323,167,277,209,260,258,340,318,303,326,332,100,290,130,19,,116,,,b'\x11\xe8\xe1I\xc7\x90\xb5\x8c\xaf\x82\x12\xdf\x17\xaeN\x1e'
11E8E149-C790-B58C-AF82-12DF17AE4E1E,2018-ncaa-d0-natl,ncaa,342,346,164,345,224,246,295,257,311,334,328,287,93,59,219,38,135,133,202,129,6,236,211,260,250,276,14,46,47,344,347,183,339,310,348,274,183,287,294,304,345,348,93,154,,,320,289,,,345,116,39,278,267,319,281,342,336,80,50,124,115,110,251,196,344,173,329,294,287,342,79,,330,,,344,333,328,304,287,321,306,247,268,234,296,104,333,337,137,335,261,317,286,277,285,338,177,144,240,345,339,322,347,342,348,308,173,311,334,337,311,313,248,333,,,71,22,,,345,230,315,345,343,346,343,342,337,345,284,250,333,336,331,347,336,345,339,347,322,310,311,258,,32,,,b'\x11\xe8\xe1I\xc7\x90\xb5\x8c\xaf\x82\x12\xdf\x17\xaeN\x1e'
11E8E149-C790-B58C-AF82-12DF17AE4E1E,2018-ncaa-d1-conf-Horizon,ncaa,9,9,7,9,10,9,10,8,9,10,9,8,3,3,6,2,9,9,7,8,5,9,8,7,8,9,2,2,6,10,10,8,10,10,10,9,7,8,8,9,10,10,3,7,,,8,8,,,10,3,2,7,8,9,6,10,9,3,2,8,8,8,6,5,10,7,10,9,8,9,3,,8,,,10,10,10,10,9,10,10,8,8,4,10,3,8,10,4,10,7,10,9,10,9,10,6,6,8,10,10,9,10,10,10,10,6,8,9,10,9,10,9,9,,,8,8,,,10,8,9,10,10,10,10,10,10,10,9,5,9,10,10,10,10,10,10,10,10,8,9,9,,6,,,b'\x11\xe8\xe1I\xc7\x90\xb5\x8c\xaf\x82\x12\xdf\x17\xaeN\x1e'
11E8E149-C790-B58C-AF82-12DF17AE4E1E,2018-ncaa-d1-natl,ncaa,346,346,213,346,294,282,321,296,315,344,341,298,100,71,222,36,151,156,201,150,6,281,265,270,258,280,12,45,42,345,348,226,340,332,349,307,182,264,299,310,346,349,105,160,,,308,289,,,345,145,40,279,279,325,290,345,336,81,52,127,117,114,263,211,344,177,330,303,287,343,83,,329,,,345,330,326,298,296,318,305,261,254,208,300,102,330,328,138,327,259,313,269,291,301,339,175,141,243,344,340,313,348,339,349,303,173,326,335,339,302,315,237,336,,,95,21,,,345,201,318,345,344,346,343,341,338,345,283,250,335,336,333,347,336,345,340,347,325,316,313,262,,37,,,b'\x11\xe8\xe1I\xc7\x90\xb5\x8c\xaf\x82\x12\xdf\x17\xaeN\x1e'
11E8E149-C790-B58C-AF82-12DF17AE4E1E,2019-ncaa-d0-natl,ncaa,342,335,292,343,308,338,349,336,332,340,324,306,298,250,334,163,245,166,333,159,19,329,329,329,327,325,117,204,33,339,343,343,347,348,351,348,330,146,273,340,194,153,242,206,,,116,201,,,337,313,213,272,341,346,334,333,300,282,211,208,104,94,322,314,338,345,351,350,223,137,224,,229,,,339,116,136,57,284,137,40,321,152,172,136,260,130,172,29,170,274,59,68,290,279,239,168,189,160,293,347,235,343,277,351,323,348,170,103,288,117,249,239,327,,,247,59,,,337,39,342,292,340,249,254,152,242,93,228,261,202,256,256,170,240,335,329,339,341,87,203,289,,144,,,b'\x11\xe8\xe1I\xc7\x90\xb5\x8c\xaf\x82\x12\xdf\x17\xaeN\x1e'
11E8E149-C790-B58C-AF82-12DF17AE4E1E,2019-ncaa-d1-conf-Horizon,ncaa,9,8,9,9,10,9,9,10,9,9,8,9,9,9,10,6,7,6,10,4,2,9,10,9,9,9,5,7,1,10,10,10,10,10,10,10,8,5,9,9,6,4,7,7,,,6,7,,,9,9,4,8,9,9,10,8,8,9,7,5,1,1,9,6,10,10,10,10,8,3,7,,8,,,9,7,7,4,9,5,4,8,7,6,9,7,7,7,4,8,8,5,6,10,9,7,7,6,5,10,10,7,10,10,10,9,9,2,2,8,7,9,6,9,,,7,5,,,9,2,9,9,9,9,7,7,7,7,9,7,9,9,9,8,9,10,10,10,9,1,9,7,,5,,,b'\x11\xe8\xe1I\xc7\x90\xb5\x8c\xaf\x82\x12\xdf\x17\xaeN\x1e'
11E8E149-C790-B58C-AF82-12DF17AE4E1E,2019-ncaa-d1-natl,ncaa,333,334,233,336,292,337,344,336,326,329,320,298,298,238,338,164,212,136,330,126,16,324,325,327,323,321,128,225,24,337,340,346,349,350,351,349,342,168,270,342,191,167,223,195,,,162,211,,,337,297,244,272,343,347,338,332,304,293,213,179,91,85,324,315,332,345,349,350,214,163,213,,227,,,334,168,183,95,285,167,58,322,201,231,155,271,136,208,19,205,272,102,115,291,270,236,180,214,138,322,349,261,340,315,351,338,348,155,122,299,133,234,256,329,,,203,45,,,337,55,342,299,340,250,249,158,231,91,246,271,178,250,247,173,233,336,314,335,342,103,184,286,,135,,,b'\x11\xe8\xe1I\xc7\x90\xb5\x8c\xaf\x82\x12\xdf\x17\xaeN\x1e'
11E8E149-C790-B58C-AF82-12DF17AE4E1E,2020-ncaa-d0-natl,ncaa,333,344,87,341,163,260,258,243,257,241,268,187,226,149,311,122,245,177,311,174,108,240,189,254,266,295,173,173,162,324,336,226,334,293,341,313,299,312,325,328,319,341,245,274,,,295,240,,,343,99,89,262,297,300,304,275,287,226,167,263,184,180,294,228,332,267,331,322,309,327,252,,276,,,340,339,323,298,289,290,247,278,323,307,308,236,320,320,148,318,281,322,305,301,305,331,263,249,216,341,334,298,336,334,341,338,322,235,295,338,346,347,250,282,,,149,129,,,343,247,324,342,342,337,320,305,283,229,324,302,303,306,304,326,302,336,287,329,339,247,342,232,,166,,,b'\x11\xe8\xe1I\xc7\x90\xb5\x8c\xaf\x82\x12\xdf\x17\xaeN\x1e'
11E8E149-C790-B58C-AF82-12DF17AE4E1E,2020-ncaa-d1-conf-Horizon,ncaa,9,9,7,9,10,9,9,9,8,9,8,9,9,7,9,5,9,7,9,6,3,9,9,9,9,9,5,6,6,10,10,7,9,10,9,8,7,9,9,9,10,10,7,7,,,9,10,,,9,5,4,5,9,9,8,9,8,8,7,9,7,6,8,6,10,7,10,8,9,10,7,,9,,,9,8,6,8,7,5,6,6,7,7,7,5,10,10,2,10,10,8,8,7,7,7,6,5,10,9,9,6,10,8,9,7,8,8,10,10,9,9,6,7,,,7,4,,,9,4,9,7,9,8,7,9,7,8,7,8,10,10,10,9,9,9,7,9,8,6,9,6,,6,,,b'\x11\xe8\xe1I\xc7\x90\xb5\x8c\xaf\x82\x12\xdf\x17\xaeN\x1e'
11E8E149-C790-B58C-AF82-12DF17AE4E1E,2020-ncaa-d1-natl,ncaa,341,344,128,344,231,299,300,294,265,283,284,197,236,164,312,125,258,205,312,201,104,285,239,265,275,304,173,174,158,334,337,261,336,323,343,326,305,304,329,332,329,342,255,278,,,278,246,,,344,135,96,262,309,312,314,285,288,229,166,263,187,185,301,236,336,271,332,326,311,331,256,,279,,,343,338,314,283,300,279,223,285,320,294,311,232,312,314,151,311,282,311,280,308,310,334,264,248,218,337,336,280,337,326,343,338,321,262,302,339,346,348,241,291,,,181,127,,,344,207,331,346,344,339,322,308,292,234,327,303,309,312,313,329,301,337,287,331,339,259,342,239,,164,,,b'\x11\xe8\xe1I\xc7\x90\xb5\x8c\xaf\x82\x12\xdf\x17\xaeN\x1e'
11E8E149-C790-B58C-AF82-12DF17AE4E1E,2021-ncaa-d0-natl,ncaa,329,227,317,331,318,320,322,320,311,326,321,313,292,295,227,119,285,297,122,294,45,319,320,295,270,298,47,114,23,317,257,327,337,326,330,322,134,57,316,314,275,97,336,335,,,63,326,,,306,317,132,103,294,316,293,323,281,189,158,92,115,116,263,168,241,327,323,279,315,78,336,,334,,,326,43,40,28,326,45,23,339,49,45,170,185,68,112,3,112,338,32,32,324,315,279,166,128,245,71,337,25,257,40,330,104,335,298,109,277,77,320,153,336,,,303,68,,,306,26,310,308,328,296,284,140,283,105,196,209,307,334,337,228,287,326,225,306,338,70,318,328,,75,,,b'\x11\xe8\xe1I\xc7\x90\xb5\x8c\xaf\x82\x12\xdf\x17\xaeN\x1e'
11E8E149-C790-B58C-AF82-12DF17AE4E1E,2021-ncaa-d1-conf-Horizon,ncaa,10,7,12,10,12,12,12,12,12,12,12,12,12,12,9,5,12,12,7,12,8,12,12,12,12,12,1,3,3,12,7,12,11,12,9,12,7,1,11,12,11,2,12,12,,,1,11,,,10,12,4,3,11,12,8,12,9,8,6,8,8,8,8,5,4,10,9,9,11,3,12,,12,,,11,1,1,1,10,1,1,11,1,1,6,6,1,3,1,3,12,1,1,10,10,10,6,5,8,2,11,1,7,1,9,2,12,12,4,11,1,11,7,12,,,12,10,,,10,1,12,10,10,9,9,5,9,5,9,9,9,12,12,10,10,12,8,12,11,3,11,12,,8,,,b'\x11\xe8\xe1I\xc7\x90\xb5\x8c\xaf\x82\x12\xdf\x17\xaeN\x1e'
11E8E149-C790-B58C-AF82-12DF17AE4E1E,2021-ncaa-d1-natl,ncaa,331,225,320,334,321,320,324,322,313,327,324,317,299,300,227,120,292,302,122,300,43,321,322,299,275,302,45,113,21,320,263,327,337,326,332,324,140,52,319,317,284,102,336,335,,,55,328,,,310,320,137,103,299,319,298,327,284,192,163,96,118,120,268,173,244,329,323,285,317,82,336,,335,,,330,39,37,25,328,41,22,339,47,41,181,180,61,103,3,104,338,30,29,326,318,289,162,123,249,62,337,23,263,35,332,97,336,300,110,283,68,322,143,336,,,306,71,,,310,24,312,312,331,303,284,142,284,110,200,206,312,335,336,231,285,327,226,309,338,71,321,328,,82,,,b'\x11\xe8\xe1I\xc7\x90\xb5\x8c\xaf\x82\x12\xdf\x17\xaeN\x1e'
11E8E149-C790-B58C-AF82-12DF17AE4E1E,2022-ncaa-d0-natl,ncaa,352,355,216,354,236,290,271,255,284,188,118,314,339,338,301,337,266,222,314,222,281,253,197,322,323,339,333,332,151,180,164,246,228,230,195,280,246,325,342,337,98,73,269,248,,,245,264,,,339,197,94,195,319,299,258,170,62,340,341,255,202,202,254,111,140,244,210,285,339,71,276,,277,,,333,224,177,126,267,103,60,272,314,282,306,325,235,234,251,233,299,138,159,305,310,275,330,321,222,161,228,129,164,125,195,244,271,143,113,203,328,337,229,182,,,270,299,,,339,158,338,276,333,284,235,171,143,53,332,321,271,264,262,195,240,198,172,184,282,99,337,260,,264,,,b'\x11\xe8\xe1I\xc7\x90\xb5\x8c\xaf\x82\x12\xdf\x17\xaeN\x1e'
11E8E149-C790-B58C-AF82-12DF17AE4E1E,2022-ncaa-d1-conf-Horizon,ncaa,11,11,8,11,8,10,9,8,7,4,1,10,12,12,11,12,8,7,10,6,7,8,5,10,11,12,12,12,3,6,6,6,9,7,8,10,9,12,12,11,5,5,9,10,,,9,7,,,11,4,2,3,10,9,7,2,1,12,12,7,5,5,6,2,6,7,4,9,12,4,9,,11,,,12,11,11,11,9,9,7,8,11,11,11,9,11,11,11,11,10,12,11,9,10,11,9,9,10,10,9,7,6,8,8,10,9,6,9,12,12,12,9,6,,,8,10,,,11,9,11,11,11,11,11,11,9,8,11,11,12,11,11,11,11,10,7,10,10,4,12,9,,7,,,b'\x11\xe8\xe1I\xc7\x90\xb5\x8c\xaf\x82\x12\xdf\x17\xaeN\x1e'
11E8E149-C790-B58C-AF82-12DF17AE4E1E,2022-ncaa-d1-natl,ncaa,353,354,270,354,285,317,305,297,299,226,148,318,346,342,302,337,283,249,318,249,279,292,251,325,326,341,335,335,147,216,172,283,239,274,209,301,251,321,342,339,121,84,294,261,,,216,266,,,343,252,97,184,323,308,271,179,68,343,341,253,203,205,264,118,157,257,229,295,340,80,282,,282,,,341,189,156,89,281,83,42,288,307,271,313,325,218,212,260,210,302,103,108,316,320,296,329,318,219,136,239,87,172,88,209,228,270,179,129,216,318,340,220,191,,,297,295,,,343,103,342,294,341,298,250,175,154,56,334,324,275,269,266,200,238,198,180,190,291,115,340,267,,266,,,b'\x11\xe8\xe1I\xc7\x90\xb5\x8c\xaf\x82\x12\xdf\x17\xaeN\x1e'
11E8E149-C790-B58C-AF82-12DF17AE4E1E,2023-ncaa-d0-natl,ncaa,345,347,236,350,264,326,293,284,284,199,179,231,351,314,356,284,308,302,261,297,319,290,221,314,330,347,352,339,200,185,173,131,60,140,89,315,302,341,346,347,353,354,179,217,,,80,92,,,351,241,132,209,337,297,271,169,136,353,299,313,293,291,278,145,155,51,66,319,347,354,166,,113,,,351,256,292,220,305,302,264,250,200,129,328,96,108,181,12,172,119,210,118,291,262,339,66,168,60,75,60,124,173,89,89,235,130,358,357,357,349,352,223,222,,,273,282,,,351,134,346,331,350,318,339,324,343,336,244,158,157,222,219,327,202,111,207,161,271,354,353,258,,245,,,b'\x11\xe8\xe1I\xc7\x90\xb5\x8c\xaf\x82\x12\xdf\x17\xaeN\x1e'
11E8E149-C790-B58C-AF82-12DF17AE4E1E,2023-ncaa-d1-conf-Horizon,ncaa,11,11,7,11,9,11,10,11,9,5,5,9,11,11,11,11,10,9,9,9,11,11,7,9,9,11,11,11,6,5,5,5,2,5,4,11,9,11,11,11,11,11,8,9,,,5,6,,,11,8,4,5,11,10,10,4,3,11,11,9,8,8,10,4,4,4,5,11,11,11,8,,6,,,11,7,7,5,8,8,9,6,6,3,9,4,6,7,6,7,6,6,4,9,8,9,5,6,6,2,2,4,5,3,4,7,5,11,11,10,11,11,7,6,,,8,9,,,11,4,11,9,11,8,8,8,8,10,8,5,7,8,8,9,6,2,6,4,7,11,11,8,,6,,,b'\x11\xe8\xe1I\xc7\x90\xb5\x8c\xaf\x82\x12\xdf\x17\xaeN\x1e'
11E8E149-C790-B58C-AF82-12DF17AE4E1E,2023-ncaa-d1-natl,ncaa,347,346,219,349,266,323,292,293,279,193,175,231,357,321,359,301,279,264,264,258,284,293,225,317,325,344,351,344,152,189,176,132,82,150,111,325,316,339,345,348,356,355,192,227,,,93,114,,,351,230,120,201,331,294,273,166,132,356,309,271,242,234,275,140,168,62,77,327,342,355,179,,132,,,351,291,310,238,310,303,263,255,242,148,346,120,143,202,24,192,138,230,121,306,286,345,105,193,69,82,82,133,176,102,111,261,148,356,357,357,347,348,220,214,,,245,234,,,351,145,343,338,350,336,343,327,341,326,276,188,185,241,233,327,210,133,209,175,292,352,349,254,,201,,,b'\x11\xe8\xe1I\xc7\x90\xb5\x8c\xaf\x82\x12\xdf\x17\xaeN\x1e'
11E8E149-C790-B58C-AF82-12DF17AE4E1E,2024-ncaa-d0-natl,ncaa,142,176,52,168,69,171,156,179,123,108,110,152,268,284,188,291,179,166,213,165,224,171,111,160,160,248,299,283,172,173,168,47,58,77,51,231,315,354,345,331,238,287,137,177,,,236,177,,,229,95,203,230,257,223,316,155,180,297,319,229,227,231,313,230,239,57,113,300,335,291,174,,155,,,220,242,202,272,65,161,248,67,250,259,163,210,298,291,217,288,242,281,256,75,104,168,289,225,279,172,58,135,168,137,51,114,67,236,298,180,347,332,138,97,,,93,124,,,229,260,260,157,228,139,95,187,73,153,191,208,240,233,229,205,117,100,45,50,60,308,325,96,,153,,,b'\x11\xe8\xe1I\xc7\x90\xb5\x8c\xaf\x82\x12\xdf\x17\xaeN\x1e'
11E8E149-C790-B58C-AF82-12DF17AE4E1E,2024-ncaa-d1-conf-Horizon,ncaa,5,6,3,6,4,10,9,10,5,3,4,8,11,11,8,11,9,7,6,7,10,10,9,8,9,10,11,10,7,7,4,2,3,2,2,10,10,11,11,11,10,10,5,5,,,5,5,,,9,9,8,5,10,10,11,5,5,11,11,9,8,8,11,9,9,1,1,11,11,10,4,,4,,,8,5,2,7,1,2,6,2,9,9,5,9,6,5,9,5,8,6,5,1,2,4,9,9,9,5,3,3,4,3,2,1,2,10,10,5,10,10,5,4,,,7,7,,,9,4,10,4,8,4,2,7,2,5,7,9,6,5,5,6,5,6,4,4,1,10,10,5,,8,,,b'\x11\xe8\xe1I\xc7\x90\xb5\x8c\xaf\x82\x12\xdf\x17\xaeN\x1e'
11E8E149-C790-B58C-AF82-12DF17AE4E1E,2024-ncaa-d1-natl,ncaa,155,177,78,177,100,219,189,229,131,139,144,164,287,300,197,293,198,194,211,196,225,227,144,174,170,260,297,287,165,210,183,66,62,110,59,269,321,353,349,337,274,300,156,182,,,210,186,,,251,123,211,225,275,248,325,175,192,304,323,235,230,235,320,242,252,65,126,313,339,305,179,,159,,,247,224,177,247,81,140,224,76,227,243,180,210,285,271,224,267,242,259,220,84,124,197,291,224,281,143,62,101,183,102,59,90,69,273,308,197,343,338,122,110,,,118,121,,,251,232,274,184,253,161,107,191,89,158,198,209,250,240,233,210,113,106,51,53,68,316,328,105,,157,,,b'\x11\xe8\xe1I\xc7\x90\xb5\x8c\xaf\x82\x12\xdf\x17\xaeN\x1e'
11E8E149-C790-B58C-AF82-12DF17AE4E1E,2025-ncaa-d0-natl,genius_ncaa,184,147,248,182,258,231,222,255,179,196,226,142,273,244,284,207,208,203,205,199,145,245,224,197,192,232,244,256,145,269,265,282,71,292,215,319,353,272,291,328,111,78,352,351,,,267,332,,100,277,204,65,88,199,189,220,153,172,252,210,164,154,151,199,122,250,253,283,327,308,73,352,,330,,133,278,202,156,67,340,167,89,308,166,71,337,117,319,292,343,292,326,82,124,341,353,309,247,143,321,12,71,152,265,66,215,145,155,122,74,119,290,307,170,221,,,193,142,,71,277,166,255,247,268,295,244,99,245,134,216,106,341,320,324,142,224,29,240,131,209,74,313,222,,125,,51,b'\x11\xe8\xe1I\xc7\x90\xb5\x8c\xaf\x82\x12\xdf\x17\xaeN\x1e'
11E8E149-C790-B58C-AF82-12DF17AE4E1E,2025-ncaa-d1-conf-Horizon,genius_ncaa,5,5,4,5,6,5,4,4,5,4,5,4,9,8,11,9,8,6,9,6,8,5,3,7,9,7,10,10,7,5,7,10,3,9,8,11,11,9,7,11,3,3,11,11,,,11,11,,4,9,2,1,10,6,5,4,2,3,9,8,8,6,6,4,2,6,10,10,11,8,3,11,,11,,4,9,9,8,2,10,8,5,11,6,3,9,3,11,10,11,10,9,3,7,11,11,10,6,4,10,2,3,9,7,8,8,7,5,2,1,3,9,8,8,6,,,3,5,,2,9,10,9,6,8,8,7,2,8,4,6,2,11,9,10,2,6,2,9,5,6,1,9,8,,5,,2,b'\x11\xe8\xe1I\xc7\x90\xb5\x8c\xaf\x82\x12\xdf\x17\xaeN\x1e'
11E8E149-C790-B58C-AF82-12DF17AE4E1E,2025-ncaa-d1-natl,genius_ncaa,184,147,244,177,259,235,229,255,180,200,219,153,264,243,281,211,194,194,206,189,143,245,229,199,190,236,241,256,137,267,261,285,80,297,227,327,351,268,289,328,104,81,348,351,,,283,329,,90,280,189,63,81,199,195,218,158,166,250,216,154,152,146,201,126,250,255,282,329,309,75,349,,328,,118,280,214,168,69,334,172,86,309,177,80,328,122,324,293,342,293,330,85,137,337,352,305,253,144,324,14,80,164,261,89,227,153,154,101,80,108,282,303,187,226,,,188,138,,65,280,181,261,243,268,296,243,106,241,126,219,119,343,322,327,145,234,34,249,148,209,77,316,225,,118,,50,b'\x11\xe8\xe1I\xc7\x90\xb5\x8c\xaf\x82\x12\xdf\x17\xaeN\x1e'
11E8E149-C790-B58C-AF82-12DF17AE4E1E,2026-ncaa-d0-natl,genius_ncaa,212,198,206,223,216,227,229,278,130,180,224,128,308,306,286,303,114,79,309,84,29,245,242,174,160,184,263,333,40,271,279,277,302,286,317,303,344,154,228,290,201,191,330,342,,,188,248,,153,256,234,128,97,206,223,315,144,182,326,318,58,24,23,232,227,271,305,318,325,210,165,342,,271,,193,261,206,224,136,313,215,118,329,232,204,237,247,129,156,90,145,198,140,151,320,303,275,149,214,90,210,302,162,279,180,317,135,60,164,126,135,171,238,59,83,,,75,4,,46,256,142,206,281,250,287,301,234,294,165,282,268,170,195,186,232,270,272,219,261,186,100,232,69,,7,,29,b'\x11\xe8\xe1I\xc7\x90\xb5\x8c\xaf\x82\x12\xdf\x17\xaeN\x1e'
11E8E149-C790-B58C-AF82-12DF17AE4E1E,2026-ncaa-d1-conf-Horizon,genius_ncaa,3,1,4,1,4,4,4,8,1,3,5,2,10,10,5,11,3,3,11,3,3,6,5,2,3,2,11,10,5,3,2,7,3,5,1,6,8,8,8,7,9,10,9,8,,,5,6,,6,3,4,2,1,1,1,6,1,2,10,11,2,1,1,4,2,2,7,2,5,10,10,8,,6,,7,3,7,6,4,7,8,2,11,3,6,4,7,8,8,5,7,10,6,8,7,9,8,5,4,7,3,3,3,2,2,1,3,3,6,4,4,6,6,1,1,,,3,1,,1,3,8,1,7,3,9,8,3,8,2,4,7,9,9,7,5,8,3,2,1,4,4,7,1,,1,,1,b'\x11\xe8\xe1I\xc7\x90\xb5\x8c\xaf\x82\x12\xdf\x17\xaeN\x1e'
11E8E149-C790-B58C-AF82-12DF17AE4E1E,2026-ncaa-d1-natl,genius_ncaa,256,195,271,252,286,306,305,341,156,259,297,160,343,342,296,306,147,111,311,117,24,325,326,202,197,218,253,334,29,331,306,338,324,344,340,351,352,104,251,321,276,234,350,348,,,134,267,,125,291,310,141,100,241,257,336,177,199,335,324,61,24,25,267,251,300,326,345,343,221,208,346,,282,,206,301,161,182,70,337,176,66,347,195,147,270,249,91,115,105,104,198,72,73,339,332,311,143,220,93,164,324,98,306,118,340,100,65,238,162,177,129,254,40,95,,,104,2,,58,291,63,243,321,292,322,328,245,314,176,301,273,180,209,199,249,270,284,236,277,219,133,240,83,,7,,24,b'\x11\xe8\xe1I\xc7\x90\xb5\x8c\xaf\x82\x12\xdf\x17\xaeN\x1e'
11E8E149-C795-9CDC-AF82-12DF17AE4E1E,2010-ncaa-d0-natl,ncaa,159,145,178,163,207,141,139,229,40,103,117,106,230,312,7,313,92,121,61,113,156,208,235,67,46,50,248,271,91,243,167,268,140,269,162,172,232,59,102,111,97,55,325,326,,,68,110,,,135,228,210,201,88,89,217,66,79,236,314,62,97,92,190,238,238,294,292,155,76,79,326,,79,,,135,186,223,103,328,191,79,322,256,202,308,267,67,49,262,48,109,84,99,334,326,308,172,262,51,42,140,57,167,37,162,136,64,162,104,139,79,128,333,320,,,128,43,,,135,124,65,267,132,228,265,107,210,74,281,223,82,65,66,73,90,45,62,39,149,138,113,335,,86,,,b'\x11\xe8\xe1I\xc7\x95\x9c\xdc\xaf\x82\x12\xdf\x17\xaeN\x1e'
11E8E149-C795-9CDC-AF82-12DF17AE4E1E,2010-ncaa-d1-conf-MVC,ncaa,7,7,3,7,4,5,5,8,3,3,2,7,9,10,1,10,5,3,5,3,6,6,4,6,5,5,9,9,4,5,5,6,6,5,5,7,10,8,8,8,3,4,10,10,,,4,4,,,6,5,6,4,4,5,8,4,2,9,10,4,3,3,6,6,5,7,7,7,8,3,10,,4,,,6,7,8,8,7,5,3,7,9,9,7,9,3,3,5,3,4,3,6,9,8,7,8,8,2,5,6,4,5,5,5,7,4,3,3,2,8,8,10,10,,,2,3,,,6,8,5,6,6,6,7,6,6,2,9,9,2,2,2,4,5,4,3,5,6,4,8,10,,3,,,b'\x11\xe8\xe1I\xc7\x95\x9c\xdc\xaf\x82\x12\xdf\x17\xaeN\x1e'
11E8E149-C795-9CDC-AF82-12DF17AE4E1E,2010-ncaa-d1-natl,ncaa,166,145,191,167,227,148,147,245,42,110,127,109,244,315,7,313,101,132,60,124,158,220,258,69,49,52,246,271,87,260,173,290,145,289,165,181,237,47,107,113,111,59,329,327,,,55,111,,,143,248,211,186,90,93,219,68,80,238,314,64,97,92,191,240,243,297,295,159,77,85,328,,79,,,142,171,215,84,328,182,61,322,247,197,309,267,62,43,264,44,109,56,77,335,328,312,172,259,51,36,145,38,173,17,165,125,67,182,112,148,71,131,331,323,,,141,42,,,143,103,67,279,138,235,272,108,215,77,282,225,83,65,66,76,92,46,62,39,156,144,113,337,,85,,,b'\x11\xe8\xe1I\xc7\x95\x9c\xdc\xaf\x82\x12\xdf\x17\xaeN\x1e'
11E8E149-C795-9CDC-AF82-12DF17AE4E1E,2011-ncaa-d0-natl,ncaa,168,154,170,165,190,159,134,220,49,89,126,68,257,281,145,276,165,221,55,216,259,219,201,91,81,127,301,283,188,258,189,208,123,241,115,151,186,210,245,182,166,153,260,261,,,76,87,,,180,176,151,106,133,94,212,56,115,265,287,155,217,211,226,192,261,187,246,134,234,163,271,,90,,,179,193,218,176,247,157,102,254,294,261,295,298,61,48,247,54,81,135,135,286,264,252,219,305,41,93,123,40,189,43,115,195,167,185,161,204,285,301,303,285,,,199,165,,,180,160,152,230,188,221,251,215,181,118,312,282,75,61,62,161,163,109,51,59,216,165,292,312,,182,,,b'\x11\xe8\xe1I\xc7\x95\x9c\xdc\xaf\x82\x12\xdf\x17\xaeN\x1e'
11E8E149-C795-9CDC-AF82-12DF17AE4E1E,2011-ncaa-d1-conf-MVC,ncaa,7,6,6,7,6,6,4,8,2,3,5,2,10,9,7,9,6,8,5,8,10,7,6,3,3,6,10,10,7,4,3,6,7,5,3,6,7,8,7,7,8,8,9,9,,,3,4,,,8,7,4,1,6,4,5,3,3,10,9,6,8,8,7,3,4,6,5,5,8,8,9,,5,,,8,6,9,6,9,7,4,9,8,7,9,8,1,2,4,2,3,5,4,9,8,9,8,9,1,5,7,1,3,1,3,10,9,8,8,9,8,9,5,4,,,8,7,,,8,4,6,9,8,9,10,8,8,5,10,9,1,2,3,7,6,6,1,1,10,8,9,6,,7,,,b'\x11\xe8\xe1I\xc7\x95\x9c\xdc\xaf\x82\x12\xdf\x17\xaeN\x1e'
11E8E149-C795-9CDC-AF82-12DF17AE4E1E,2011-ncaa-d1-natl,ncaa,174,152,199,172,222,179,154,243,51,99,143,69,260,287,146,277,180,236,54,233,259,250,235,95,84,129,297,282,186,275,196,229,125,257,118,167,187,190,244,190,189,160,266,262,,,61,86,,,191,211,156,102,138,98,217,58,120,262,286,156,221,214,229,198,266,191,250,136,235,168,273,,89,,,191,172,202,148,255,139,81,257,292,249,292,296,49,39,249,42,82,107,100,288,271,260,217,305,41,78,125,24,196,23,118,190,168,206,168,215,279,303,299,290,,,218,166,,,191,125,155,238,196,224,255,215,184,119,311,280,73,62,63,165,161,111,49,60,221,174,295,314,,180,,,b'\x11\xe8\xe1I\xc7\x95\x9c\xdc\xaf\x82\x12\xdf\x17\xaeN\x1e'
11E8E149-C795-9CDC-AF82-12DF17AE4E1E,2012-ncaa-d0-natl,ncaa,123,174,22,155,28,111,104,161,50,67,80,88,253,290,67,292,107,120,122,118,206,153,124,85,80,129,290,281,142,195,173,35,6,88,25,104,157,276,251,178,278,299,256,271,,,180,162,,,173,98,304,146,225,191,322,117,184,286,316,195,211,208,313,313,280,113,220,183,169,321,295,,58,,,173,249,298,270,252,288,201,305,270,304,76,298,64,73,87,78,65,244,197,256,212,272,92,236,29,16,6,112,173,45,25,119,15,266,306,227,293,272,320,288,,,80,83,,,173,250,152,211,170,122,192,104,175,43,190,249,21,29,29,61,12,2,17,2,55,326,222,286,,198,,,b'\x11\xe8\xe1I\xc7\x95\x9c\xdc\xaf\x82\x12\xdf\x17\xaeN\x1e'
11E8E149-C795-9CDC-AF82-12DF17AE4E1E,2012-ncaa-d1-conf-MVC,ncaa,5,5,1,5,1,4,5,5,2,3,4,2,9,9,6,9,3,2,4,2,5,4,3,5,3,8,9,9,2,4,3,1,1,2,1,3,5,10,10,9,8,9,9,10,,,5,3,,,7,1,10,2,9,6,10,5,5,9,9,5,5,5,10,8,7,3,5,6,9,10,10,,1,,,7,8,10,10,8,9,8,10,9,10,4,9,1,2,1,2,1,9,9,9,7,6,4,9,1,1,1,3,3,1,1,8,2,7,8,8,10,10,9,5,,,1,3,,,7,10,8,5,7,3,7,3,7,2,8,9,1,1,1,3,1,1,1,1,3,10,9,5,,5,,,b'\x11\xe8\xe1I\xc7\x95\x9c\xdc\xaf\x82\x12\xdf\x17\xaeN\x1e'
11E8E149-C795-9CDC-AF82-12DF17AE4E1E,2012-ncaa-d1-natl,ncaa,128,173,23,162,34,133,121,195,52,73,88,91,264,298,67,290,117,138,120,134,208,181,144,90,82,135,286,278,142,218,178,42,6,107,26,120,164,264,259,186,295,303,264,274,,,159,166,,,190,121,305,146,230,201,322,121,190,287,316,203,215,213,317,313,284,116,228,196,170,324,297,,59,,,189,236,285,256,256,274,179,311,263,299,83,296,55,63,92,66,66,225,166,262,217,276,90,234,28,11,6,92,178,31,26,107,16,283,309,236,281,272,315,291,,,92,77,,,190,227,156,217,184,126,197,104,184,44,192,249,23,32,32,62,12,2,17,2,57,329,220,286,,198,,,b'\x11\xe8\xe1I\xc7\x95\x9c\xdc\xaf\x82\x12\xdf\x17\xaeN\x1e'
11E8E149-C795-9CDC-AF82-12DF17AE4E1E,2013-ncaa-d0-natl,ncaa,235,265,120,258,152,111,119,145,93,153,202,102,69,85,63,94,120,111,198,101,62,138,124,76,77,102,84,91,183,253,279,143,80,191,205,101,116,223,183,135,189,222,210,244,,,231,185,,,221,88,51,195,87,106,154,171,242,64,83,116,109,94,147,127,266,140,214,80,212,201,218,,227,,,219,315,324,244,328,322,248,334,203,197,197,155,190,232,49,220,163,257,239,328,320,320,51,113,87,87,80,261,279,194,205,235,66,186,230,229,261,223,281,295,,,76,67,,,221,262,133,289,214,313,323,268,322,270,196,194,193,233,218,263,235,80,250,184,235,193,243,276,,52,,,b'\x11\xe8\xe1I\xc7\x95\x9c\xdc\xaf\x82\x12\xdf\x17\xaeN\x1e'
11E8E149-C795-9CDC-AF82-12DF17AE4E1E,2013-ncaa-d1-conf-MVC,ncaa,8,9,3,9,6,4,5,6,4,5,7,5,3,3,4,4,6,3,8,3,5,5,3,5,5,7,4,5,6,6,6,7,8,4,9,3,4,10,9,7,3,6,5,7,,,8,4,,,8,2,3,8,5,6,5,6,7,3,3,6,3,3,4,3,6,8,6,3,10,5,5,,7,,,8,8,10,8,10,10,9,10,3,3,7,1,8,9,1,9,6,8,10,10,8,8,1,1,4,8,8,8,6,9,9,6,4,3,4,4,10,9,7,8,,,4,4,,,8,10,7,8,8,8,9,6,10,10,3,3,8,8,8,8,8,7,7,7,6,3,10,7,,4,,,b'\x11\xe8\xe1I\xc7\x95\x9c\xdc\xaf\x82\x12\xdf\x17\xaeN\x1e'
11E8E149-C795-9CDC-AF82-12DF17AE4E1E,2013-ncaa-d1-natl,ncaa,248,265,136,262,178,121,131,166,96,170,223,105,73,88,64,93,132,119,196,110,60,153,143,76,77,104,80,90,183,263,284,157,81,214,214,109,118,214,186,139,201,231,225,250,,,217,195,,,228,107,56,189,90,109,164,180,246,64,86,113,108,96,152,130,269,143,222,80,215,209,221,,228,,,226,314,320,234,330,320,236,335,195,188,198,155,185,223,53,209,167,243,214,330,322,324,50,113,89,73,81,245,284,179,214,227,68,200,236,235,245,226,275,298,,,83,61,,,228,245,141,295,221,315,323,273,325,273,199,196,196,235,220,266,237,80,253,187,237,197,242,278,,52,,,b'\x11\xe8\xe1I\xc7\x95\x9c\xdc\xaf\x82\x12\xdf\x17\xaeN\x1e'
11E8E149-C795-9CDC-AF82-12DF17AE4E1E,2014-ncaa-d0-natl,ncaa,129,150,85,148,96,92,96,133,59,238,315,21,10,12,52,7,262,255,226,256,84,157,157,18,33,41,26,6,335,303,323,133,134,225,268,97,145,161,155,100,107,139,264,285,,,102,57,,,178,106,164,121,87,93,193,281,335,8,14,301,294,298,236,256,323,185,284,104,118,140,284,,63,,,177,308,329,288,295,304,212,321,296,310,153,302,86,81,235,82,67,254,237,304,283,302,104,250,24,166,134,276,323,247,268,275,139,198,256,276,212,210,252,332,,,201,226,,,178,248,83,286,170,275,310,274,282,173,285,308,71,56,59,224,181,133,233,202,256,249,185,232,,271,,,b'\x11\xe8\xe1I\xc7\x95\x9c\xdc\xaf\x82\x12\xdf\x17\xaeN\x1e'
11E8E149-C795-9CDC-AF82-12DF17AE4E1E,2014-ncaa-d1-conf-MVC,ncaa,4,5,1,5,1,2,2,2,2,7,9,1,1,1,1,1,8,8,8,8,3,3,3,1,2,2,2,1,10,7,9,4,6,8,9,2,5,3,3,2,3,4,10,10,,,4,4,,,5,1,4,4,3,2,4,8,10,1,1,9,9,9,5,8,9,6,10,3,3,4,10,,3,,,5,10,10,10,9,8,7,9,10,10,10,9,4,4,8,4,3,10,10,9,10,10,8,9,2,8,6,10,9,9,9,9,7,7,8,8,6,5,7,9,,,6,8,,,5,10,3,8,5,8,8,7,6,5,10,9,2,2,2,6,5,5,8,6,9,8,4,5,,8,,,b'\x11\xe8\xe1I\xc7\x95\x9c\xdc\xaf\x82\x12\xdf\x17\xaeN\x1e'
11E8E149-C795-9CDC-AF82-12DF17AE4E1E,2014-ncaa-d1-natl,ncaa,143,150,100,155,112,108,110,155,64,258,324,24,13,13,52,7,273,268,225,271,83,181,184,21,36,42,25,7,336,312,327,162,138,247,277,108,150,144,155,101,120,143,270,288,,,89,60,,,189,130,164,113,90,102,195,286,335,10,13,303,296,299,238,260,324,193,292,108,116,146,287,,65,,,189,297,325,275,296,299,195,323,290,301,157,302,79,71,240,71,67,235,210,308,290,310,102,249,25,149,138,260,327,225,277,268,138,217,259,282,203,213,243,332,,,225,227,,,189,227,90,297,183,280,314,276,285,175,288,309,69,57,59,229,178,135,234,210,262,255,186,233,,274,,,b'\x11\xe8\xe1I\xc7\x95\x9c\xdc\xaf\x82\x12\xdf\x17\xaeN\x1e'
11E8E149-C795-9CDC-AF82-12DF17AE4E1E,2015-ncaa-d0-natl,ncaa,97,67,172,87,189,56,59,97,32,114,257,8,23,17,134,19,172,195,119,191,109,116,116,15,21,30,85,48,309,177,184,41,66,76,65,34,39,181,147,59,111,120,204,217,,,95,46,,,96,100,26,71,24,19,40,83,274,16,14,158,194,197,54,45,179,5,20,11,199,89,208,,107,,,92,287,299,310,170,227,177,253,336,344,70,339,66,75,94,73,77,296,245,206,156,245,246,327,20,201,66,165,184,191,65,279,166,280,317,307,244,215,255,304,,,263,324,,,96,249,39,239,96,305,319,343,262,202,340,349,82,92,91,338,322,230,197,213,294,282,255,272,,271,,,b'\x11\xe8\xe1I\xc7\x95\x9c\xdc\xaf\x82\x12\xdf\x17\xaeN\x1e'
11E8E149-C795-9CDC-AF82-12DF17AE4E1E,2015-ncaa-d1-conf-MVC,ncaa,2,2,6,2,6,2,3,3,1,3,8,1,3,2,5,2,4,6,3,7,4,3,2,1,1,1,3,3,9,4,3,1,3,2,1,1,1,6,7,3,5,6,7,7,,,3,1,,,2,3,1,1,1,1,1,2,8,2,2,2,4,6,2,1,4,1,1,1,7,4,7,,4,,,2,7,7,10,2,6,8,4,9,10,2,10,1,1,4,1,2,10,8,3,2,5,3,10,1,8,3,1,3,4,1,6,5,8,10,9,6,7,6,6,,,9,10,,,2,8,1,5,2,10,9,10,8,8,10,10,1,1,1,10,10,10,2,5,7,8,7,6,,8,,,b'\x11\xe8\xe1I\xc7\x95\x9c\xdc\xaf\x82\x12\xdf\x17\xaeN\x1e'
11E8E149-C795-9CDC-AF82-12DF17AE4E1E,2015-ncaa-d1-natl,ncaa,92,67,143,84,160,48,46,77,23,92,262,6,20,16,123,20,179,196,121,195,123,92,96,10,15,25,92,50,317,183,181,35,62,69,59,22,37,173,138,46,103,116,207,217,,,91,46,,,88,85,27,74,14,16,42,70,273,18,14,167,207,210,53,51,182,7,25,9,188,87,209,,108,,,87,296,311,315,188,243,183,261,335,344,82,339,69,76,110,73,77,305,258,225,172,256,244,324,20,188,62,165,181,183,59,291,167,274,313,307,247,209,251,298,,,269,330,,,88,266,33,251,89,303,318,341,265,199,339,348,78,86,87,336,311,204,170,191,295,283,251,263,,288,,,b'\x11\xe8\xe1I\xc7\x95\x9c\xdc\xaf\x82\x12\xdf\x17\xaeN\x1e'
11E8E149-C795-9CDC-AF82-12DF17AE4E1E,2016-ncaa-d0-natl,ncaa,65,58,76,65,104,19,16,54,9,29,144,2,35,30,78,59,86,120,41,116,127,58,46,9,8,12,162,117,277,138,109,18,85,32,40,9,29,275,164,34,67,119,101,128,,,201,74,,,28,36,22,245,8,11,52,22,194,38,40,98,157,151,54,42,183,6,21,6,226,83,117,,142,,,28,296,278,335,35,168,274,46,340,348,137,329,201,191,197,185,122,333,315,59,54,143,319,330,114,299,85,95,109,183,40,242,164,210,310,246,315,242,235,219,,,149,279,,,28,310,18,141,30,245,226,336,130,235,330,345,173,158,151,334,320,271,49,106,196,260,280,208,,202,,,b'\x11\xe8\xe1I\xc7\x95\x9c\xdc\xaf\x82\x12\xdf\x17\xaeN\x1e'
11E8E149-C795-9CDC-AF82-12DF17AE4E1E,2016-ncaa-d1-conf-MVC,ncaa,3,3,2,3,3,1,1,1,1,1,2,1,2,2,1,4,3,4,3,4,6,2,1,1,1,1,7,5,9,3,2,1,1,1,1,1,1,9,6,2,3,6,6,6,,,7,4,,,1,1,1,10,1,1,2,1,4,2,3,3,4,4,2,1,4,1,1,1,7,6,6,,5,,,1,10,7,10,1,3,8,1,10,10,6,10,6,5,8,5,5,10,10,3,2,4,9,10,4,6,1,1,2,2,1,9,7,8,10,9,9,6,7,7,,,3,6,,,1,10,1,4,1,6,7,10,2,7,10,10,6,6,6,10,9,5,1,1,7,9,7,6,,5,,,b'\x11\xe8\xe1I\xc7\x95\x9c\xdc\xaf\x82\x12\xdf\x17\xaeN\x1e'
11E8E149-C795-9CDC-AF82-12DF17AE4E1E,2016-ncaa-d1-natl,ncaa,62,58,51,64,86,15,13,46,8,26,146,2,29,32,68,58,67,106,38,97,113,46,37,8,8,11,149,108,265,140,116,8,68,28,37,7,27,282,165,33,66,127,108,140,,,187,62,,,26,29,22,249,9,11,50,23,200,33,39,87,146,142,51,43,187,5,15,6,231,87,126,,129,,,25,302,292,341,36,183,283,46,342,346,161,329,188,186,171,183,105,339,321,66,57,154,319,335,99,298,68,101,116,191,37,259,153,214,313,248,327,256,254,231,,,137,278,,,26,318,15,150,31,247,236,338,133,242,334,344,154,146,140,334,321,262,46,98,199,264,292,223,,199,,,b'\x11\xe8\xe1I\xc7\x95\x9c\xdc\xaf\x82\x12\xdf\x17\xaeN\x1e'
11E8E149-C795-9CDC-AF82-12DF17AE4E1E,2017-ncaa-d0-natl,ncaa,16,6,74,8,82,18,18,55,5,29,138,3,19,29,28,68,91,121,67,119,138,60,57,4,5,7,158,100,297,135,90,65,152,75,70,6,2,216,113,9,16,16,158,137,,,165,66,,,13,51,65,66,8,8,47,18,205,21,41,112,158,155,58,57,168,75,95,3,175,11,177,,106,,,11,237,244,288,106,140,144,163,333,345,147,338,83,96,89,100,127,277,289,164,125,110,304,337,44,269,152,79,90,163,70,275,252,67,111,163,275,204,163,146,,,153,287,,,13,293,9,117,14,189,193,261,84,54,322,340,64,74,74,222,268,227,41,89,247,89,251,137,,222,,,b'\x11\xe8\xe1I\xc7\x95\x9c\xdc\xaf\x82\x12\xdf\x17\xaeN\x1e'
11E8E149-C795-9CDC-AF82-12DF17AE4E1E,2017-ncaa-d1-conf-MVC,ncaa,1,1,1,1,2,1,1,1,1,1,2,1,1,2,1,4,1,2,3,2,5,1,1,1,1,1,6,4,9,4,2,1,6,1,2,1,1,4,2,1,1,1,3,4,,,8,2,,,1,1,1,2,1,1,1,1,3,1,2,1,2,2,1,1,6,1,3,1,2,1,6,,5,,,1,6,5,10,2,3,5,2,10,10,3,10,3,4,2,4,3,10,10,4,2,3,8,10,3,9,6,2,2,6,2,6,6,2,2,3,3,2,4,2,,,3,8,,,1,10,1,3,1,3,4,9,2,2,9,10,3,3,3,8,10,8,1,2,4,2,2,4,,4,,,b'\x11\xe8\xe1I\xc7\x95\x9c\xdc\xaf\x82\x12\xdf\x17\xaeN\x1e'
11E8E149-C795-9CDC-AF82-12DF17AE4E1E,2017-ncaa-d1-natl,ncaa,12,6,56,8,63,16,15,43,5,22,136,2,16,27,25,63,91,133,60,128,156,46,43,3,5,6,161,94,312,131,85,55,167,64,64,3,2,223,116,8,6,10,135,122,,,150,57,,,10,37,64,69,9,7,45,17,201,17,41,126,182,176,53,59,163,70,92,3,173,9,157,,90,,,10,253,260,301,98,137,134,154,336,345,142,338,72,84,92,84,112,289,306,162,113,98,300,337,43,288,167,74,85,161,64,282,248,56,100,148,281,205,172,147,,,164,307,,,10,303,8,106,12,176,192,260,75,54,323,341,60,65,65,216,275,236,36,80,237,72,250,141,,244,,,b'\x11\xe8\xe1I\xc7\x95\x9c\xdc\xaf\x82\x12\xdf\x17\xaeN\x1e'
11E8E149-C795-9CDC-AF82-12DF17AE4E1E,2017-ncaa-d1-ncaatournament,ncaa,33,2,33,33,33,56,59,62,45,56,64,38,39,39,38,6,48,44,53,40,10,62,58,41,44,48,13,12,29,55,52,52,55,57,57,35,2,24,56,42,21,1,48,48,,,5,9,,,39,52,50,6,54,57,60,56,64,20,13,39,34,27,60,54,52,52,56,23,51,2,47,,9,,,44,8,10,9,45,9,7,49,21,22,38,53,3,4,22,4,19,4,14,48,41,26,38,52,5,20,55,13,52,15,57,24,63,37,6,28,28,60,19,56,,,62,61,,,39,8,53,32,47,22,28,14,19,11,44,41,4,6,6,6,21,43,41,44,53,8,56,40,,61,,,b'\x11\xe8\xe1I\xc7\x95\x9c\xdc\xaf\x82\x12\xdf\x17\xaeN\x1e'
11E8E149-C795-9CDC-AF82-12DF17AE4E1E,2018-ncaa-d0-natl,ncaa,32,31,43,36,43,19,21,57,6,42,206,2,7,14,22,26,55,110,12,114,68,59,47,3,3,5,62,47,282,135,80,44,169,53,51,2,1,250,141,8,63,109,122,156,,,105,16,,,22,40,107,8,9,13,102,55,296,10,20,90,166,172,110,104,205,58,100,2,166,88,160,,39,,,19,319,326,328,132,259,259,201,345,349,182,342,42,43,152,41,31,318,318,198,137,192,268,339,7,313,169,75,80,164,51,327,253,139,229,267,281,207,204,231,,,110,236,,,22,313,8,201,21,247,284,326,181,150,338,348,19,22,20,299,277,263,22,64,296,201,215,162,,197,,,b'\x11\xe8\xe1I\xc7\x95\x9c\xdc\xaf\x82\x12\xdf\x17\xaeN\x1e'
11E8E149-C795-9CDC-AF82-12DF17AE4E1E,2018-ncaa-d1-conf-MVC,ncaa,1,1,1,1,2,1,1,2,1,2,5,1,1,1,1,3,2,4,2,4,2,2,1,1,1,1,3,2,10,6,1,1,6,2,1,1,1,9,7,1,1,2,6,6,,,1,1,,,1,1,1,5,1,1,6,2,8,1,1,3,5,5,6,5,8,1,4,1,6,2,6,,1,,,1,7,9,9,3,6,8,4,8,9,4,9,1,1,1,1,1,8,10,3,2,2,6,10,1,8,6,1,1,2,1,8,7,3,5,5,7,6,5,6,,,2,4,,,1,10,1,2,1,3,8,9,4,4,8,8,1,1,1,8,8,6,1,1,7,4,6,5,,4,,,b'\x11\xe8\xe1I\xc7\x95\x9c\xdc\xaf\x82\x12\xdf\x17\xaeN\x1e'
11E8E149-C795-9CDC-AF82-12DF17AE4E1E,2018-ncaa-d1-natl,ncaa,24,31,31,34,31,14,14,45,6,42,217,2,8,12,17,26,51,106,17,109,67,47,46,3,3,3,58,48,286,138,95,33,151,46,49,2,1,235,131,6,54,91,123,153,,,99,14,,,16,30,105,8,8,12,97,55,296,10,21,95,166,172,104,108,222,57,106,1,151,79,161,,36,,,16,323,327,335,125,266,261,190,346,349,171,341,32,39,148,36,29,323,324,184,128,169,263,338,6,307,151,73,95,160,49,329,251,123,218,243,277,197,200,220,,,120,235,,,16,321,8,185,17,227,269,318,164,142,337,347,16,17,15,284,270,237,22,61,286,184,205,161,,202,,,b'\x11\xe8\xe1I\xc7\x95\x9c\xdc\xaf\x82\x12\xdf\x17\xaeN\x1e'
11E8E149-C795-9CDC-AF82-12DF17AE4E1E,2018-ncaa-d1-ncaatournament,ncaa,33,2,33,33,34,37,34,44,3,33,52,1,35,38,31,12,63,63,44,63,63,55,46,4,4,17,55,27,63,58,44,43,18,50,30,25,1,31,57,11,53,53,51,52,,,10,27,,,40,38,7,7,24,6,27,11,45,18,15,63,63,63,53,35,57,33,46,1,58,49,45,,30,,,44,23,27,27,56,27,27,51,14,13,51,22,4,3,63,1,3,19,16,54,53,59,14,27,6,6,18,4,44,2,30,22,27,51,46,52,45,64,1,1,,,64,63,,,40,26,28,50,40,54,59,57,58,59,35,22,13,5,2,46,41,8,9,7,51,45,64,1,,64,,,b'\x11\xe8\xe1I\xc7\x95\x9c\xdc\xaf\x82\x12\xdf\x17\xaeN\x1e'
11E8E149-C795-9CDC-AF82-12DF17AE4E1E,2019-ncaa-d0-natl,ncaa,18,18,47,20,62,16,23,65,10,49,201,4,18,21,28,44,21,42,21,44,29,59,37,6,3,18,56,66,172,172,145,27,59,57,38,5,1,332,226,25,44,85,208,236,,,255,108,,,22,23,28,143,11,15,113,66,285,18,36,25,76,77,98,57,236,33,76,3,270,65,239,,176,,,24,313,296,324,96,229,213,209,335,348,38,344,211,180,282,183,144,323,321,133,122,146,285,305,115,221,59,111,145,144,38,279,176,79,186,177,327,247,171,196,,,19,76,,,22,330,19,119,26,235,233,320,141,98,312,347,146,121,120,302,294,121,32,47,211,130,276,126,,29,,,b'\x11\xe8\xe1I\xc7\x95\x9c\xdc\xaf\x82\x12\xdf\x17\xaeN\x1e'
11E8E149-C795-9CDC-AF82-12DF17AE4E1E,2019-ncaa-d1-conf-MVC,ncaa,1,1,1,1,2,1,1,2,1,2,4,1,2,2,2,3,1,2,1,2,2,2,2,1,1,1,5,5,6,3,3,1,4,2,2,1,1,10,9,1,1,2,6,6,,,7,4,,,1,1,1,10,1,1,3,2,7,2,2,2,3,3,3,2,5,1,2,1,10,1,6,,4,,,1,7,7,10,1,3,6,2,10,10,1,9,4,4,6,4,4,10,10,1,1,1,9,9,4,9,4,4,3,6,2,6,5,2,3,3,10,9,2,4,,,1,4,,,1,10,1,2,1,3,4,8,2,4,9,10,3,3,4,7,10,6,1,3,4,3,10,2,,2,,,b'\x11\xe8\xe1I\xc7\x95\x9c\xdc\xaf\x82\x12\xdf\x17\xaeN\x1e'
11E8E149-C795-9CDC-AF82-12DF17AE4E1E,2019-ncaa-d1-natl,ncaa,14,18,21,19,29,9,12,37,7,28,160,4,13,18,15,49,13,32,27,34,33,33,19,3,3,12,63,65,201,173,159,17,61,35,42,5,1,334,219,25,38,77,200,223,,,254,82,,,13,10,35,144,9,13,114,55,281,17,41,29,83,88,99,68,247,30,87,3,264,58,236,,145,,,12,327,315,338,74,251,255,177,336,350,30,343,218,193,300,196,138,336,340,91,89,102,281,301,120,261,61,148,159,194,42,293,179,62,176,157,332,242,190,181,,,11,85,,,13,340,17,90,21,208,202,320,125,106,301,348,140,108,109,300,293,140,29,48,193,121,271,125,,40,,,b'\x11\xe8\xe1I\xc7\x95\x9c\xdc\xaf\x82\x12\xdf\x17\xaeN\x1e'
11E8E149-C795-9CDC-AF82-12DF17AE4E1E,2019-ncaa-d1-ncaatournament,ncaa,33,2,33,33,35,37,38,43,21,45,50,37,23,44,3,16,46,47,29,47,49,46,44,10,11,16,9,6,52,40,27,48,31,43,34,30,2,21,45,18,38,17,37,20,,,21,54,,,23,45,52,3,16,16,19,42,42,1,16,39,41,42,27,20,20,45,37,1,47,13,28,,50,,,24,15,11,12,40,7,3,50,23,30,38,60,21,15,59,15,52,9,17,49,51,40,57,52,44,10,31,9,27,5,34,10,30,30,8,8,24,53,27,54,,,42,28,,,23,20,14,38,22,43,31,18,20,4,50,57,47,32,36,17,37,20,31,21,28,4,52,48,,21,,,b'\x11\xe8\xe1I\xc7\x95\x9c\xdc\xaf\x82\x12\xdf\x17\xaeN\x1e'
11E8E149-C795-9CDC-AF82-12DF17AE4E1E,2020-ncaa-d0-natl,ncaa,52,42,191,50,213,12,25,177,6,60,281,2,35,50,64,58,6,28,16,36,13,140,96,6,4,9,78,127,90,194,65,68,60,115,18,4,1,280,241,29,115,135,112,88,,,212,160,,,40,73,23,110,6,10,127,36,282,29,40,5,23,28,77,38,185,35,60,3,290,108,108,,236,,,38,292,277,280,176,149,118,216,347,345,262,345,192,144,306,142,192,267,254,257,254,274,335,337,113,100,60,8,65,12,18,292,251,176,223,262,318,299,24,56,,,20,31,,,40,292,9,248,40,313,295,319,168,132,345,347,202,163,164,314,312,121,7,13,297,167,323,24,,11,,,b'\x11\xe8\xe1I\xc7\x95\x9c\xdc\xaf\x82\x12\xdf\x17\xaeN\x1e'
11E8E149-C795-9CDC-AF82-12DF17AE4E1E,2020-ncaa-d1-conf-MVC,ncaa,2,2,1,2,4,1,1,3,1,2,7,1,3,4,2,4,1,1,2,1,1,2,1,1,1,1,3,4,2,4,2,1,6,1,2,1,1,10,8,1,4,5,3,4,,,6,3,,,1,1,1,4,1,1,3,2,7,3,4,1,1,1,2,1,4,1,1,1,10,4,3,,6,,,1,8,8,10,2,5,9,3,9,9,5,8,5,4,9,4,2,10,10,3,3,3,8,9,4,8,6,1,2,2,2,6,4,5,5,4,9,9,1,3,,,1,1,,,1,10,1,4,1,8,8,10,5,9,9,9,5,4,4,10,10,8,1,2,6,5,9,1,,1,,,b'\x11\xe8\xe1I\xc7\x95\x9c\xdc\xaf\x82\x12\xdf\x17\xaeN\x1e'
11E8E149-C795-9CDC-AF82-12DF17AE4E1E,2020-ncaa-d1-natl,ncaa,47,42,128,48,166,10,17,143,5,41,273,2,34,39,63,56,8,34,14,36,16,100,71,6,3,10,82,128,100,191,58,50,48,80,13,4,1,279,229,24,85,107,78,66,,,188,123,,,30,43,24,107,5,9,122,33,278,29,39,8,28,32,77,41,190,35,59,3,282,87,80,,205,,,30,285,266,286,162,138,131,179,345,344,265,343,182,139,311,138,175,284,290,233,231,245,336,338,112,105,48,5,58,13,13,292,253,153,202,246,319,301,27,57,,,20,45,,,30,315,10,203,31,297,278,310,140,131,344,344,188,149,147,306,308,108,7,10,290,143,320,26,,18,,,b'\x11\xe8\xe1I\xc7\x95\x9c\xdc\xaf\x82\x12\xdf\x17\xaeN\x1e'
11E8E149-C795-9CDC-AF82-12DF17AE4E1E,2021-ncaa-d0-natl,ncaa,36,202,5,106,6,9,8,14,8,14,30,6,9,16,23,84,39,40,134,45,179,15,8,7,6,32,146,91,290,33,95,5,55,8,28,2,4,343,274,41,28,154,19,57,,,328,90,,,48,5,47,202,22,18,135,52,214,40,77,187,215,219,158,78,199,37,59,2,300,132,54,,143,,,63,342,339,340,158,320,324,140,342,341,260,300,309,293,263,292,116,340,339,202,198,239,286,312,87,316,55,288,95,305,28,335,144,39,241,223,343,301,322,199,,,16,225,,,48,339,31,209,75,253,245,275,147,164,313,315,133,114,107,261,254,123,27,33,206,216,314,182,,168,,,b'\x11\xe8\xe1I\xc7\x95\x9c\xdc\xaf\x82\x12\xdf\x17\xaeN\x1e'
11E8E149-C795-9CDC-AF82-12DF17AE4E1E,2021-ncaa-d1-conf-MVC,ncaa,2,2,2,2,3,1,1,2,1,1,5,1,4,4,1,4,4,3,6,3,5,2,2,1,1,1,5,4,9,4,2,1,6,1,2,1,1,10,9,2,3,7,2,3,,,7,2,,,1,2,1,7,1,1,5,2,8,3,4,6,7,7,5,2,6,1,1,1,9,4,2,,4,,,2,7,7,10,1,7,8,1,9,9,2,8,6,6,3,5,2,10,9,1,1,2,7,9,2,9,6,2,2,4,2,4,4,5,9,6,10,9,6,5,,,2,6,,,1,9,1,2,2,5,6,9,6,9,8,9,3,3,2,9,9,8,1,2,4,7,9,3,,4,,,b'\x11\xe8\xe1I\xc7\x95\x9c\xdc\xaf\x82\x12\xdf\x17\xaeN\x1e'
11E8E149-C795-9CDC-AF82-12DF17AE4E1E,2021-ncaa-d1-natl,ncaa,30,201,2,103,4,7,6,11,8,11,24,5,10,16,31,88,40,38,133,41,191,10,7,7,5,27,162,100,291,32,95,7,54,7,27,1,4,343,263,35,29,150,18,54,,,323,80,,,29,4,54,204,23,18,136,44,214,48,82,191,216,225,162,90,200,37,61,2,284,129,53,,122,,,55,342,339,341,136,321,326,130,342,343,240,307,309,289,273,287,110,341,340,180,178,212,290,315,85,321,54,299,95,314,27,335,142,32,237,215,343,293,321,196,,,14,230,,,29,341,28,185,62,238,233,269,133,145,314,316,125,100,94,250,246,122,25,31,194,210,307,178,,180,,,b'\x11\xe8\xe1I\xc7\x95\x9c\xdc\xaf\x82\x12\xdf\x17\xaeN\x1e'
11E8E149-C795-9CDC-AF82-12DF17AE4E1E,2022-ncaa-d0-natl,ncaa,95,157,27,131,30,27,33,55,25,57,164,7,25,17,104,37,61,67,120,64,54,54,27,22,23,61,87,80,231,107,150,15,74,26,46,8,2,343,263,63,119,239,29,52,,,238,44,,,88,19,49,142,32,45,141,104,293,40,39,121,138,137,140,69,195,19,39,6,294,210,49,,76,,,95,345,340,345,128,262,306,72,356,353,332,320,178,178,183,178,74,338,338,198,162,228,326,347,46,297,74,242,150,275,46,311,152,133,289,256,352,312,353,353,,,61,228,,,88,337,64,206,105,274,272,331,137,204,350,338,88,81,80,308,293,188,64,110,222,257,330,344,,169,,,b'\x11\xe8\xe1I\xc7\x95\x9c\xdc\xaf\x82\x12\xdf\x17\xaeN\x1e'
11E8E149-C795-9CDC-AF82-12DF17AE4E1E,2022-ncaa-d1-conf-MVC,ncaa,5,6,2,6,2,1,1,3,2,3,7,1,2,1,7,2,5,5,7,4,3,3,1,2,3,5,5,3,8,3,4,1,6,1,3,1,1,10,9,2,4,5,2,2,,,5,2,,,4,1,2,4,1,2,3,4,8,2,2,5,5,5,3,2,4,1,2,1,10,6,1,,5,,,4,9,9,10,3,8,9,1,10,10,9,7,3,5,2,5,2,10,10,6,3,5,7,10,1,10,6,5,4,8,3,8,6,4,8,6,10,10,10,10,,,5,7,,,4,10,4,5,5,6,8,10,6,8,10,9,3,4,4,9,9,7,4,7,8,5,10,10,,5,,,b'\x11\xe8\xe1I\xc7\x95\x9c\xdc\xaf\x82\x12\xdf\x17\xaeN\x1e'
11E8E149-C795-9CDC-AF82-12DF17AE4E1E,2022-ncaa-d1-natl,ncaa,93,157,16,129,19,21,27,40,24,52,168,7,22,13,97,36,60,72,105,66,50,42,14,20,23,56,79,75,238,98,145,10,72,18,46,5,2,346,274,66,128,247,21,46,,,238,43,,,97,11,44,147,32,39,138,105,294,41,37,122,154,145,134,67,189,14,34,6,296,216,39,,79,,,100,347,345,347,122,264,321,72,356,354,332,321,181,175,215,176,68,349,347,189,165,233,324,347,45,302,72,256,145,291,46,323,161,137,296,274,355,318,354,353,,,58,237,,,97,345,64,212,106,276,277,337,149,211,350,340,93,81,80,318,294,187,63,110,233,259,333,344,,170,,,b'\x11\xe8\xe1I\xc7\x95\x9c\xdc\xaf\x82\x12\xdf\x17\xaeN\x1e'
11E8E149-C795-9CDC-AF82-12DF17AE4E1E,2023-ncaa-d0-natl,ncaa,59,52,81,59,85,30,31,99,5,44,206,3,38,44,68,75,52,50,135,42,21,85,62,6,5,15,122,117,196,144,105,11,11,28,6,4,1,320,237,25,108,170,7,11,,,107,29,,,21,46,29,137,10,15,115,35,262,43,54,51,56,53,97,59,187,1,13,2,281,138,6,,64,,,18,283,289,337,44,240,330,26,301,306,224,198,140,110,283,112,34,330,311,53,44,101,228,285,71,152,11,72,105,86,6,220,117,213,314,249,280,195,277,298,,,41,73,,,21,321,22,76,24,217,233,349,173,339,284,280,100,79,83,339,309,102,31,27,170,266,236,265,,46,,,b'\x11\xe8\xe1I\xc7\x95\x9c\xdc\xaf\x82\x12\xdf\x17\xaeN\x1e'
11E8E149-C795-9CDC-AF82-12DF17AE4E1E,2023-ncaa-d1-conf-MVC,ncaa,3,4,1,4,1,1,1,4,1,3,6,1,3,2,5,4,1,1,4,1,2,2,1,1,1,3,8,6,5,2,2,1,1,1,1,1,1,12,11,2,2,2,1,1,,,2,1,,,1,1,1,5,1,2,5,3,10,4,3,1,2,1,4,2,3,1,1,1,11,2,1,,2,,,1,6,8,12,1,7,12,1,8,10,5,5,2,2,9,2,1,12,12,1,1,1,6,9,3,7,1,2,2,4,1,2,2,3,7,2,11,8,12,11,,,3,5,,,1,12,2,1,1,4,6,12,6,12,7,6,2,2,2,10,11,6,1,1,2,5,10,12,,3,,,b'\x11\xe8\xe1I\xc7\x95\x9c\xdc\xaf\x82\x12\xdf\x17\xaeN\x1e'
11E8E149-C795-9CDC-AF82-12DF17AE4E1E,2023-ncaa-d1-natl,ncaa,67,52,103,64,119,33,33,123,5,51,238,3,47,60,70,76,57,61,136,51,22,101,78,6,5,15,122,119,196,173,111,11,11,31,6,4,1,312,247,25,138,187,7,11,,,82,29,,,22,57,30,131,10,16,127,38,266,45,61,54,58,54,102,68,200,1,13,2,287,151,6,,66,,,19,262,271,335,51,215,327,29,293,294,238,196,120,93,292,94,34,322,298,63,50,125,229,285,68,122,11,49,111,56,6,205,118,247,324,259,262,201,273,306,,,51,70,,,22,310,23,88,24,229,245,351,179,339,291,281,103,80,84,341,309,106,33,27,179,281,242,275,,46,,,b'\x11\xe8\xe1I\xc7\x95\x9c\xdc\xaf\x82\x12\xdf\x17\xaeN\x1e'
11E8E149-C795-9CDC-AF82-12DF17AE4E1E,2023-ncaa-d1-ncaatournament,ncaa,36,2,36,36,38,36,36,55,3,35,50,6,33,56,4,37,41,43,22,43,17,51,46,4,3,5,21,19,29,50,16,46,25,46,14,31,5,26,59,16,60,62,35,25,,,10,16,,,28,43,11,7,3,6,50,13,41,11,39,12,16,18,43,24,35,39,36,2,60,58,14,,18,,,29,26,26,21,60,30,31,60,6,1,34,2,20,19,35,18,24,22,14,52,52,56,6,7,29,7,25,2,16,3,14,19,26,56,56,55,37,65,5,9,,,36,6,,,28,27,3,54,27,60,61,49,63,65,10,2,41,43,42,53,39,17,2,3,51,51,65,8,,4,,,b'\x11\xe8\xe1I\xc7\x95\x9c\xdc\xaf\x82\x12\xdf\x17\xaeN\x1e'
11E8E149-C795-9CDC-AF82-12DF17AE4E1E,2024-ncaa-d0-natl,ncaa,12,13,13,16,15,8,11,31,6,16,145,2,16,12,78,49,16,33,30,35,44,27,14,5,4,14,118,107,220,156,150,13,12,26,13,4,13,353,244,41,35,87,19,35,,,118,9,,,30,11,26,73,8,13,93,32,278,26,25,43,85,89,89,50,262,27,72,3,300,75,24,,29,,,34,354,356,350,233,346,350,190,355,344,317,263,72,55,300,43,14,346,347,255,220,255,146,317,9,141,12,147,150,134,13,340,165,96,238,259,336,228,319,305,,,10,96,,,30,350,22,183,48,288,330,339,293,311,339,304,20,15,12,298,285,41,14,12,285,195,271,259,,43,,,b'\x11\xe8\xe1I\xc7\x95\x9c\xdc\xaf\x82\x12\xdf\x17\xaeN\x1e'
11E8E149-C795-9CDC-AF82-12DF17AE4E1E,2024-ncaa-d1-conf-MVC,ncaa,1,1,1,1,1,1,1,3,1,2,8,1,1,1,6,2,4,3,5,3,5,2,1,1,1,2,4,3,10,5,3,1,1,1,1,1,1,12,8,1,2,4,1,2,,,1,1,,,1,1,2,6,2,3,5,4,10,2,1,5,6,6,4,2,5,1,1,1,11,2,1,,1,,,1,8,9,12,3,9,12,1,11,11,8,10,1,1,6,1,1,12,12,3,2,2,7,11,1,3,1,1,3,2,1,10,6,5,9,8,9,8,9,12,,,3,4,,,1,12,2,3,1,5,9,12,6,10,10,10,1,1,1,9,10,2,1,2,8,8,7,9,,3,,,b'\x11\xe8\xe1I\xc7\x95\x9c\xdc\xaf\x82\x12\xdf\x17\xaeN\x1e'
11E8E149-C795-9CDC-AF82-12DF17AE4E1E,2024-ncaa-d1-natl,ncaa,12,13,16,16,19,9,12,40,6,20,183,2,18,15,80,49,24,48,29,50,43,37,17,6,4,15,113,107,211,191,160,13,15,34,13,4,13,350,249,44,52,98,20,36,,,93,11,,,37,11,26,71,9,14,106,34,285,29,26,49,85,89,101,58,272,28,83,3,299,81,25,,30,,,40,354,358,349,250,345,347,204,354,342,325,262,62,40,306,30,14,346,342,266,235,272,142,321,8,120,15,115,160,98,13,339,169,126,255,271,334,237,313,308,,,16,90,,,37,351,24,212,56,297,333,342,304,312,343,302,22,14,13,305,285,45,15,12,291,207,274,262,,42,,,b'\x11\xe8\xe1I\xc7\x95\x9c\xdc\xaf\x82\x12\xdf\x17\xaeN\x1e'
11E8E149-C795-9CDC-AF82-12DF17AE4E1E,2024-ncaa-d1-ncaatournament,ncaa,37,3,37,37,38,40,43,66,3,49,67,1,36,43,9,5,42,40,47,40,2,63,60,2,1,11,7,11,29,65,66,67,67,68,67,37,5,27,64,31,27,4,27,15,,,2,2,,,49,49,17,5,18,27,66,42,67,11,18,22,20,20,61,52,65,67,68,8,61,2,10,,2,,,50,25,33,27,66,35,28,61,12,10,57,20,5,6,25,6,6,23,29,64,60,55,6,21,4,29,67,6,66,16,67,22,25,36,14,31,16,41,5,25,,,38,2,,,49,23,21,59,49,60,68,52,68,59,35,22,5,8,8,43,62,60,15,45,56,6,35,6,,5,,,b'\x11\xe8\xe1I\xc7\x95\x9c\xdc\xaf\x82\x12\xdf\x17\xaeN\x1e'
11E8E149-C795-9CDC-AF82-12DF17AE4E1E,2025-ncaa-d0-natl,genius_ncaa,71,91,29,89,43,25,28,40,20,76,247,3,4,4,44,5,101,157,38,154,81,51,35,7,8,21,30,13,320,87,74,21,5,29,5,7,5,332,204,37,123,195,55,87,,,177,50,,272,68,35,56,145,19,27,74,140,334,3,4,182,245,243,95,76,158,19,33,5,241,174,73,,76,,213,71,346,347,340,204,315,326,139,345,326,344,234,232,201,320,201,80,339,312,242,229,303,252,304,74,79,5,145,74,115,5,264,61,223,323,277,328,227,288,325,,,95,260,,325,68,329,22,235,70,290,298,315,234,270,326,278,150,114,116,291,214,23,28,14,168,316,262,227,,196,,344,b'\x11\xe8\xe1I\xc7\x95\x9c\xdc\xaf\x82\x12\xdf\x17\xaeN\x1e'
11E8E149-C795-9CDC-AF82-12DF17AE4E1E,2025-ncaa-d1-conf-MVC,genius_ncaa,4,3,3,4,4,2,2,5,2,6,10,1,2,2,4,1,10,11,2,11,6,6,3,1,1,3,4,1,12,7,1,2,2,3,1,1,1,11,8,3,7,6,4,5,,,2,2,,8,4,3,5,2,2,2,5,6,10,1,1,11,11,11,6,3,6,1,1,1,9,7,4,,2,,8,4,8,8,9,4,8,10,2,12,7,11,8,1,1,8,1,2,9,8,4,4,8,9,12,2,4,2,1,1,1,1,2,3,9,10,7,9,9,8,11,,,9,9,,11,4,10,2,8,4,8,8,10,8,9,11,8,1,1,1,9,6,4,1,1,2,10,8,8,,9,,11,b'\x11\xe8\xe1I\xc7\x95\x9c\xdc\xaf\x82\x12\xdf\x17\xaeN\x1e'
11E8E149-C795-9CDC-AF82-12DF17AE4E1E,2025-ncaa-d1-natl,genius_ncaa,78,91,43,93,57,30,34,54,20,92,277,3,4,4,44,5,119,177,37,173,78,65,50,9,9,21,26,13,317,111,79,27,5,34,7,7,6,321,209,40,139,207,59,90,,,154,52,,266,78,45,58,139,19,27,81,155,337,3,4,184,246,244,104,86,166,21,36,5,246,189,73,,79,,221,80,345,346,337,216,308,318,152,342,320,343,231,218,183,323,186,81,333,294,256,243,315,250,305,70,64,5,110,79,82,7,249,63,259,331,293,314,237,282,330,,,113,256,,326,78,318,25,250,81,298,304,319,245,274,332,282,151,117,119,298,212,22,29,15,178,324,267,233,,197,,345,b'\x11\xe8\xe1I\xc7\x95\x9c\xdc\xaf\x82\x12\xdf\x17\xaeN\x1e'
11E8E149-C795-9CDC-AF82-12DF17AE4E1E,2026-ncaa-d0-natl,genius_ncaa,295,295,206,310,216,182,180,225,121,189,268,64,142,124,227,60,203,214,158,208,121,228,227,111,115,141,147,128,221,208,155,181,90,199,101,102,15,177,233,109,340,352,204,208,,,170,251,,293,291,224,112,97,138,137,172,153,279,111,60,173,192,187,173,154,189,102,120,42,238,353,200,,236,,324,288,291,282,189,322,240,140,320,318,264,323,291,213,183,320,168,201,177,123,339,341,359,264,297,118,71,90,92,155,82,101,292,229,343,360,360,190,231,197,276,,,232,195,,310,291,140,150,352,285,350,345,325,311,223,353,333,268,231,217,313,178,95,114,91,335,361,255,243,,190,,305,b'\x11\xe8\xe1I\xc7\x95\x9c\xdc\xaf\x82\x12\xdf\x17\xaeN\x1e'
11E8E149-C795-9CDC-AF82-12DF17AE4E1E,2026-ncaa-d1-natl,genius_ncaa,332,294,271,333,286,261,261,302,146,270,334,74,200,172,236,64,266,282,153,279,114,306,309,133,134,167,133,122,200,283,188,265,103,291,128,151,17,133,253,133,360,358,252,229,,,113,270,,279,319,304,126,100,175,184,204,193,296,128,65,190,200,196,203,179,216,119,149,50,252,358,214,,253,,330,324,253,242,128,343,199,88,339,308,234,336,295,178,133,332,122,206,117,49,354,353,361,267,291,119,36,103,39,188,26,128,272,232,362,363,361,147,251,173,297,,,288,192,,321,319,59,184,359,319,357,353,333,330,236,358,335,285,239,230,329,173,104,132,106,349,362,267,262,,186,,301,b'\x11\xe8\xe1I\xc7\x95\x9c\xdc\xaf\x82\x12\xdf\x17\xaeN\x1e'
11E8E149-C79A-22A2-AF82-12DF17AE4E1E,2010-ncaa-d0-natl,ncaa,125,114,122,125,123,186,201,226,171,245,292,142,67,63,118,35,216,314,1,313,248,246,288,111,87,69,55,45,226,324,322,255,278,304,312,125,53,15,62,36,247,227,337,337,,,178,255,,,155,262,340,4,223,233,273,283,318,59,52,236,325,324,301,332,331,306,332,123,15,257,342,,157,,,155,117,122,120,187,161,102,269,104,186,28,224,184,148,289,159,217,121,104,169,189,209,151,119,216,206,278,147,322,175,312,124,144,249,208,203,26,73,111,207,,,246,131,,,155,85,112,243,157,106,96,65,142,60,93,173,169,145,155,69,35,203,137,174,112,271,29,106,,287,,,"b'\x11\xe8\xe1I\xc7\x9a""\xa2\xaf\x82\x12\xdf\x17\xaeN\x1e'"
11E8E149-C79A-22A2-AF82-12DF17AE4E1E,2010-ncaa-d1-conf-CAA,ncaa,6,4,8,5,8,7,9,12,7,12,11,4,1,3,5,2,8,11,1,10,6,12,12,4,1,1,1,1,7,12,12,9,10,12,12,6,1,1,3,1,11,10,12,12,,,2,6,,,6,12,12,1,5,7,8,12,11,1,2,7,11,10,10,12,12,7,12,3,1,10,12,,3,,,6,3,4,5,7,3,2,9,8,11,3,11,2,3,8,3,5,3,2,7,6,8,10,11,3,8,10,7,12,6,12,6,6,12,11,12,1,1,6,11,,,9,5,,,6,1,4,11,6,7,7,7,6,4,10,12,2,3,4,6,3,11,10,10,6,11,1,7,,8,,,"b'\x11\xe8\xe1I\xc7\x9a""\xa2\xaf\x82\x12\xdf\x17\xaeN\x1e'"
11E8E149-C79A-22A2-AF82-12DF17AE4E1E,2010-ncaa-d1-natl,ncaa,132,114,134,133,135,200,217,241,174,265,311,148,69,67,121,34,226,322,1,320,249,269,316,115,89,72,54,44,225,328,323,277,280,323,317,128,53,13,62,36,257,231,338,337,,,159,255,,,165,290,340,4,226,237,275,289,319,59,53,238,326,325,302,332,332,307,334,127,15,260,342,,158,,,165,98,108,105,192,147,84,277,96,179,27,224,175,138,288,148,216,105,83,174,193,214,147,119,212,186,280,136,323,163,317,110,146,267,219,208,24,73,108,210,,,271,132,,,165,57,116,252,169,110,99,67,146,61,94,173,171,146,158,72,33,208,141,176,113,275,29,109,,286,,,"b'\x11\xe8\xe1I\xc7\x9a""\xa2\xaf\x82\x12\xdf\x17\xaeN\x1e'"
11E8E149-C79A-22A2-AF82-12DF17AE4E1E,2011-ncaa-d0-natl,ncaa,99,111,77,114,82,157,163,239,68,251,287,164,22,107,2,49,276,320,12,319,281,271,279,29,33,54,30,11,309,310,281,220,48,284,144,94,42,100,210,69,268,240,297,295,,,92,186,,,103,257,338,67,208,219,326,301,319,21,133,309,336,336,336,338,325,290,330,110,72,292,307,,49,,,103,91,123,87,220,143,94,251,113,129,123,196,85,69,255,72,108,68,59,209,196,212,101,155,112,23,48,58,281,24,144,79,67,271,224,187,104,185,8,26,,,243,161,,,103,78,83,171,108,51,74,19,98,32,93,97,65,47,48,10,4,8,24,8,47,310,83,6,,311,,,"b'\x11\xe8\xe1I\xc7\x9a""\xa2\xaf\x82\x12\xdf\x17\xaeN\x1e'"
11E8E149-C79A-22A2-AF82-12DF17AE4E1E,2011-ncaa-d1-conf-CAA,ncaa,6,5,3,6,3,7,8,11,4,11,11,9,1,4,1,2,11,11,2,11,9,11,12,2,2,3,1,1,11,12,11,7,1,10,7,5,2,1,6,3,12,11,11,11,,,2,8,,,7,11,12,1,8,8,12,12,11,1,3,11,11,12,12,12,12,8,11,6,2,12,11,,2,,,7,3,4,3,9,4,2,10,8,7,6,10,1,1,8,1,5,2,1,9,9,9,5,8,3,1,1,3,11,1,7,5,6,12,10,9,3,6,1,1,,,9,6,,,7,1,6,8,7,2,4,2,5,1,8,8,1,1,1,1,1,1,4,1,6,12,2,1,,9,,,"b'\x11\xe8\xe1I\xc7\x9a""\xa2\xaf\x82\x12\xdf\x17\xaeN\x1e'"
11E8E149-C79A-22A2-AF82-12DF17AE4E1E,2011-ncaa-d1-natl,ncaa,112,110,95,120,101,177,184,262,70,274,304,172,27,121,2,51,283,328,12,328,278,297,303,29,33,55,26,11,309,317,283,243,47,302,152,106,42,82,212,72,284,243,303,297,,,74,190,,,114,281,338,67,214,230,328,304,321,22,132,310,337,337,338,338,325,293,331,117,73,295,310,,48,,,112,70,110,67,229,129,75,253,101,113,125,196,74,56,259,58,107,50,37,214,200,218,99,154,111,10,47,40,283,14,152,64,72,288,228,194,90,191,7,28,,,265,162,,,114,56,85,185,114,55,76,22,101,32,94,97,66,48,49,10,4,8,25,8,50,313,85,6,,312,,,"b'\x11\xe8\xe1I\xc7\x9a""\xa2\xaf\x82\x12\xdf\x17\xaeN\x1e'"
11E8E149-C79A-22A2-AF82-12DF17AE4E1E,2012-ncaa-d0-natl,ncaa,106,129,48,124,57,130,123,159,91,140,175,123,108,142,60,135,207,259,31,243,259,175,232,86,90,47,154,116,256,278,297,150,112,212,219,62,37,14,24,16,243,242,256,268,,,175,230,,,83,209,336,137,216,197,283,209,261,139,178,264,313,306,302,335,328,263,315,83,8,292,287,,85,,,85,85,104,136,112,147,180,118,61,88,51,98,148,180,45,172,174,138,129,89,82,109,86,71,210,129,112,200,297,177,219,46,55,231,213,123,74,126,76,73,,,188,113,,,83,132,86,119,81,26,31,22,69,60,33,47,93,123,111,20,8,52,97,61,23,296,45,43,,289,,,"b'\x11\xe8\xe1I\xc7\x9a""\xa2\xaf\x82\x12\xdf\x17\xaeN\x1e'"
11E8E149-C79A-22A2-AF82-12DF17AE4E1E,2012-ncaa-d1-conf-CAA,ncaa,3,3,1,3,1,8,8,10,3,11,11,4,3,3,4,3,10,11,3,11,6,11,11,3,3,2,3,3,10,12,12,4,3,9,6,3,1,1,4,1,7,6,10,10,,,6,8,,,2,10,12,7,11,11,12,11,11,4,4,11,12,12,12,12,12,8,12,4,1,9,10,,2,,,2,1,2,1,3,2,2,3,2,5,1,6,3,6,1,6,9,2,3,3,3,3,6,3,9,2,3,5,12,5,6,1,1,5,2,1,3,7,4,6,,,8,2,,,2,3,3,3,2,1,1,1,1,1,2,3,3,3,3,1,1,2,2,2,1,7,3,2,,11,,,"b'\x11\xe8\xe1I\xc7\x9a""\xa2\xaf\x82\x12\xdf\x17\xaeN\x1e'"
11E8E149-C79A-22A2-AF82-12DF17AE4E1E,2012-ncaa-d1-natl,ncaa,112,129,55,128,64,149,144,191,96,155,199,129,115,146,61,131,229,282,31,267,257,208,265,92,91,50,149,112,253,300,303,169,118,242,229,70,37,9,25,17,261,247,264,268,,,152,236,,,89,241,337,136,222,205,286,218,266,141,178,265,314,307,304,335,329,268,317,91,8,294,292,,86,,,89,66,81,106,120,135,154,126,54,73,48,98,135,165,48,157,174,113,90,92,84,118,84,70,213,116,118,181,303,158,229,36,56,256,219,128,63,128,66,76,,,203,105,,,89,99,88,131,86,29,32,22,74,60,33,47,94,125,116,21,8,56,99,62,23,297,45,42,,291,,,"b'\x11\xe8\xe1I\xc7\x9a""\xa2\xaf\x82\x12\xdf\x17\xaeN\x1e'"
11E8E149-C79A-22A2-AF82-12DF17AE4E1E,2013-ncaa-d0-natl,ncaa,14,54,2,42,2,43,35,47,63,89,127,74,15,29,17,46,227,305,7,307,333,71,113,33,39,16,75,34,332,196,238,64,121,104,168,5,5,25,16,4,189,236,214,254,,,146,75,,,38,91,345,252,215,173,303,253,314,48,94,329,344,344,329,345,316,312,333,25,2,301,298,,14,,,51,217,239,289,96,231,255,129,227,267,91,238,101,99,149,110,67,272,263,104,76,100,134,227,79,232,121,273,238,267,168,214,157,153,214,185,44,46,52,36,,,135,200,,,38,258,26,109,39,7,19,10,31,16,90,110,18,18,18,3,1,36,24,15,47,315,6,10,,332,,,"b'\x11\xe8\xe1I\xc7\x9a""\xa2\xaf\x82\x12\xdf\x17\xaeN\x1e'"
11E8E149-C79A-22A2-AF82-12DF17AE4E1E,2013-ncaa-d1-conf-CAA,ncaa,3,3,1,3,1,4,4,4,3,5,8,5,1,2,2,3,9,10,1,10,10,4,10,3,3,2,3,3,10,8,6,5,5,5,6,1,1,2,3,1,10,10,9,8,,,1,2,,,3,8,11,8,6,7,9,10,10,2,3,9,11,11,10,11,10,11,11,1,2,11,10,,1,,,3,2,2,4,3,3,3,3,3,6,3,8,3,3,7,4,5,4,3,3,3,3,5,6,5,3,5,6,6,5,6,2,7,7,6,4,2,2,1,4,,,7,5,,,3,5,2,3,3,2,1,1,2,1,2,3,2,2,2,1,1,1,2,2,2,9,1,1,,10,,,"b'\x11\xe8\xe1I\xc7\x9a""\xa2\xaf\x82\x12\xdf\x17\xaeN\x1e'"
11E8E149-C79A-22A2-AF82-12DF17AE4E1E,2013-ncaa-d1-natl,ncaa,15,54,2,42,2,46,40,53,64,101,141,76,16,32,16,47,242,315,7,316,333,84,132,36,41,16,73,34,333,217,242,73,125,118,170,5,5,18,17,4,201,244,227,256,,,131,73,,,39,113,345,252,220,184,305,256,314,49,94,331,344,344,329,345,319,317,336,25,2,301,299,,15,,,52,199,226,277,103,222,242,133,217,259,97,237,88,89,153,98,65,259,245,112,82,111,132,229,79,221,125,260,242,255,170,208,157,167,220,193,39,46,45,36,,,151,197,,,39,239,26,115,39,8,19,10,33,16,89,109,19,18,18,3,1,38,24,15,51,318,6,10,,332,,,"b'\x11\xe8\xe1I\xc7\x9a""\xa2\xaf\x82\x12\xdf\x17\xaeN\x1e'"
11E8E149-C79A-22A2-AF82-12DF17AE4E1E,2014-ncaa-d0-natl,ncaa,165,173,131,173,142,272,236,261,166,296,310,165,53,75,57,25,348,349,47,349,346,312,333,91,135,95,66,10,349,338,334,209,108,294,252,42,1,5,57,6,313,286,322,302,,,49,159,,,109,330,348,116,311,267,308,319,326,54,69,348,349,349,341,348,343,237,326,23,3,323,325,,40,,,109,12,13,41,37,9,23,43,144,156,115,257,51,72,34,66,182,25,24,48,43,54,285,274,174,76,108,142,334,114,252,70,278,268,186,177,11,43,7,20,,,344,340,,,109,22,147,64,98,9,12,13,8,9,133,148,49,66,65,5,2,67,141,87,64,292,9,7,,348,,,"b'\x11\xe8\xe1I\xc7\x9a""\xa2\xaf\x82\x12\xdf\x17\xaeN\x1e'"
11E8E149-C79A-22A2-AF82-12DF17AE4E1E,2014-ncaa-d1-conf-CAA,ncaa,3,3,3,3,3,4,4,5,2,6,8,1,2,2,4,2,9,9,1,9,9,8,9,2,3,2,3,2,9,9,9,5,4,7,7,2,1,1,3,1,8,9,8,8,,,4,8,,,2,7,9,4,3,3,7,8,8,3,2,9,9,9,8,9,9,6,9,1,1,9,8,,4,,,2,2,2,1,4,1,1,3,4,6,6,8,3,5,1,4,7,1,2,5,3,3,8,9,6,2,4,5,9,4,7,2,5,6,3,3,1,3,1,1,,,8,8,,,2,3,2,3,2,2,2,1,1,1,5,5,3,4,3,1,1,2,5,3,2,6,1,1,,8,,,"b'\x11\xe8\xe1I\xc7\x9a""\xa2\xaf\x82\x12\xdf\x17\xaeN\x1e'"
11E8E149-C79A-22A2-AF82-12DF17AE4E1E,2014-ncaa-d1-natl,ncaa,173,171,145,178,161,291,254,282,171,311,320,167,58,82,58,25,348,349,47,349,346,324,342,96,142,100,66,10,349,340,335,237,111,312,261,47,1,3,56,6,319,290,324,305,,,38,158,,,115,341,348,109,312,271,314,323,327,56,69,349,349,349,341,349,343,244,328,24,3,324,325,,41,,,116,6,5,26,40,7,15,44,129,141,119,258,40,62,35,57,182,13,14,53,45,59,285,273,172,61,111,128,335,85,261,63,278,289,190,183,6,46,6,21,,,346,340,,,115,12,153,72,104,9,11,14,8,9,132,146,48,65,65,5,2,68,143,88,68,294,9,7,,348,,,"b'\x11\xe8\xe1I\xc7\x9a""\xa2\xaf\x82\x12\xdf\x17\xaeN\x1e'"
11E8E149-C79A-22A2-AF82-12DF17AE4E1E,2015-ncaa-d0-natl,ncaa,84,67,113,79,121,253,237,261,180,229,221,225,175,221,72,169,282,332,2,334,329,287,305,163,152,148,172,131,262,310,297,294,252,315,301,74,3,58,158,53,104,63,246,185,,,61,108,,,127,289,339,70,301,278,316,269,263,176,234,308,345,345,335,340,321,330,342,70,49,100,256,,42,,,125,26,25,39,87,30,27,135,142,170,93,275,76,75,166,70,197,29,71,113,112,57,262,259,187,139,252,133,297,122,301,117,290,99,42,72,132,218,57,83,,,258,133,,,127,60,192,66,115,16,14,11,17,11,135,169,74,73,71,11,17,112,106,90,93,91,132,51,,298,,,"b'\x11\xe8\xe1I\xc7\x9a""\xa2\xaf\x82\x12\xdf\x17\xaeN\x1e'"
11E8E149-C79A-22A2-AF82-12DF17AE4E1E,2015-ncaa-d1-conf-CAA,ncaa,2,2,6,2,8,9,9,9,5,8,7,10,5,7,3,4,10,10,1,10,10,10,10,5,4,4,4,4,8,10,9,9,7,10,8,4,1,1,5,2,3,2,7,4,,,1,1,,,2,10,10,3,9,9,8,8,7,5,7,9,10,10,10,10,10,9,10,3,4,2,6,,1,,,2,1,1,1,2,1,1,3,2,5,1,8,2,1,7,1,5,1,1,3,3,2,8,7,6,4,7,2,9,2,8,1,4,4,1,2,2,6,3,3,,,7,4,,,2,1,5,2,2,1,1,1,1,1,3,6,3,2,2,1,1,6,4,4,2,3,5,3,,7,,,"b'\x11\xe8\xe1I\xc7\x9a""\xa2\xaf\x82\x12\xdf\x17\xaeN\x1e'"
11E8E149-C79A-22A2-AF82-12DF17AE4E1E,2015-ncaa-d1-natl,ncaa,92,67,143,84,152,277,268,296,187,261,252,230,188,235,75,168,293,342,2,342,331,318,335,171,156,158,170,134,258,319,301,317,259,333,308,86,3,43,160,57,119,65,258,187,,,43,110,,,142,325,339,66,305,286,320,274,267,176,234,312,345,345,335,341,324,335,343,74,51,106,258,,44,,,140,18,18,21,98,19,14,143,125,159,101,274,65,62,167,58,198,14,33,120,116,58,261,260,185,116,259,103,301,95,308,101,290,118,46,81,118,225,48,87,,,282,129,,,142,29,205,72,130,16,15,11,17,11,136,164,77,77,74,10,16,113,110,95,100,98,133,52,,300,,,"b'\x11\xe8\xe1I\xc7\x9a""\xa2\xaf\x82\x12\xdf\x17\xaeN\x1e'"
11E8E149-C79A-22A2-AF82-12DF17AE4E1E,2016-ncaa-d0-natl,ncaa,100,137,38,128,62,144,143,137,171,272,291,206,20,22,34,15,332,345,3,345,342,188,261,85,108,58,23,9,347,288,298,184,248,243,307,45,4,4,16,5,242,246,195,183,,,133,168,,,97,258,347,240,249,237,261,329,332,18,34,346,349,349,325,347,322,300,333,52,3,296,231,,62,,,100,88,82,149,84,97,129,123,121,192,36,226,147,143,151,130,173,143,129,66,74,100,174,174,205,256,248,268,298,277,307,139,223,223,200,196,9,23,102,189,,,316,304,,,97,95,78,143,92,26,24,29,34,29,70,135,91,92,79,18,8,163,147,152,82,292,5,65,,346,,,"b'\x11\xe8\xe1I\xc7\x9a""\xa2\xaf\x82\x12\xdf\x17\xaeN\x1e'"
11E8E149-C79A-22A2-AF82-12DF17AE4E1E,2016-ncaa-d1-conf-CAA,ncaa,2,2,1,2,2,2,2,2,2,9,10,2,1,1,2,1,10,10,1,10,10,4,9,1,2,1,1,1,10,9,8,8,8,8,7,1,2,1,1,1,5,5,7,7,,,3,5,,,2,9,10,7,6,4,6,10,10,1,1,10,10,10,10,10,10,9,10,1,1,5,7,,2,,,2,2,4,2,6,2,3,6,5,6,4,6,2,1,4,1,3,1,2,5,5,4,4,6,4,4,8,6,8,5,7,5,6,3,2,3,1,2,1,4,,,10,9,,,2,2,2,3,2,1,2,1,1,1,4,3,1,1,1,1,1,2,3,3,3,5,1,1,,10,,,"b'\x11\xe8\xe1I\xc7\x9a""\xa2\xaf\x82\x12\xdf\x17\xaeN\x1e'"
11E8E149-C79A-22A2-AF82-12DF17AE4E1E,2016-ncaa-d1-natl,ncaa,114,137,51,137,81,173,166,169,184,298,314,217,23,28,33,14,336,347,3,347,342,222,304,91,113,62,21,9,346,308,310,224,255,280,311,49,4,4,17,6,268,256,210,192,,,106,176,,,108,297,347,238,259,249,266,333,334,18,36,347,349,349,330,348,327,307,339,54,3,306,232,,62,,,112,60,63,112,88,81,95,133,106,176,42,222,129,125,155,112,171,109,87,74,84,117,173,171,203,234,255,250,310,257,311,126,223,249,210,203,5,23,85,197,,,330,302,,,108,57,83,161,105,26,29,29,40,30,75,134,93,97,84,19,8,166,154,159,84,298,5,69,,346,,,"b'\x11\xe8\xe1I\xc7\x9a""\xa2\xaf\x82\x12\xdf\x17\xaeN\x1e'"
11E8E149-C79A-22A2-AF82-12DF17AE4E1E,2017-ncaa-d0-natl,ncaa,57,75,45,75,58,88,115,134,113,263,310,123,9,13,19,9,188,267,24,258,112,152,206,48,47,30,5,4,278,203,215,264,280,249,265,58,36,27,42,21,60,47,319,308,,,192,192,,,33,192,342,230,146,197,262,334,342,9,22,268,317,313,287,340,268,338,339,83,14,85,329,,92,,,34,76,82,90,149,103,76,211,127,184,68,236,136,192,41,194,260,96,170,150,132,62,183,179,195,213,280,179,215,202,265,105,190,60,29,51,47,64,26,107,,,144,91,,,33,161,33,75,28,17,18,8,31,17,69,107,85,116,121,8,16,127,72,80,60,100,29,13,,251,,,"b'\x11\xe8\xe1I\xc7\x9a""\xa2\xaf\x82\x12\xdf\x17\xaeN\x1e'"
11E8E149-C79A-22A2-AF82-12DF17AE4E1E,2017-ncaa-d1-conf-CAA,ncaa,3,3,3,3,4,3,5,7,3,9,10,4,1,1,1,1,8,10,1,9,6,7,9,1,1,1,1,1,9,8,8,10,9,10,9,3,3,1,2,1,4,2,9,9,,,6,8,,,3,8,10,5,4,5,8,9,10,1,1,8,10,9,8,10,8,10,10,2,1,4,9,,5,,,3,2,2,1,5,4,2,7,3,2,4,6,4,4,1,4,8,1,3,5,5,4,4,5,5,5,9,2,8,2,9,4,8,3,1,3,1,1,1,3,,,7,3,,,3,3,2,3,3,1,3,1,3,1,3,2,4,4,4,1,1,4,2,2,3,3,1,1,,8,,,"b'\x11\xe8\xe1I\xc7\x9a""\xa2\xaf\x82\x12\xdf\x17\xaeN\x1e'"
11E8E149-C79A-22A2-AF82-12DF17AE4E1E,2017-ncaa-d1-natl,ncaa,69,75,56,80,79,111,143,166,122,300,334,128,10,16,20,9,217,284,23,281,112,191,255,50,49,34,5,3,277,226,223,302,285,291,276,65,39,19,41,22,74,53,326,312,,,168,196,,,43,250,343,228,154,207,275,337,343,9,24,271,320,314,301,342,274,338,341,88,14,95,330,,93,,,45,51,62,49,159,78,49,223,108,160,72,235,123,175,41,181,258,47,117,161,148,71,183,176,197,191,285,141,223,165,276,87,191,75,34,55,41,65,17,113,,,173,92,,,43,104,35,86,35,17,20,9,40,16,67,105,88,117,123,8,16,128,73,82,65,106,30,14,,253,,,"b'\x11\xe8\xe1I\xc7\x9a""\xa2\xaf\x82\x12\xdf\x17\xaeN\x1e'"
11E8E149-C79A-22A2-AF82-12DF17AE4E1E,2018-ncaa-d0-natl,ncaa,18,31,12,28,12,80,74,42,170,81,64,153,100,71,199,132,156,184,125,182,284,53,59,165,179,116,201,147,264,79,187,140,104,112,197,27,14,89,49,29,20,19,236,250,,,246,180,,,52,64,324,38,197,174,170,163,181,166,140,266,285,284,197,298,190,322,304,51,33,49,280,,92,,,56,125,147,168,147,213,201,208,69,118,37,124,145,127,263,129,127,152,261,113,113,35,65,64,184,108,104,312,187,270,197,193,228,15,10,29,117,66,305,234,,,48,93,,,52,283,110,22,54,12,23,9,56,22,21,38,47,39,40,3,22,16,167,84,81,37,46,225,,174,,,"b'\x11\xe8\xe1I\xc7\x9a""\xa2\xaf\x82\x12\xdf\x17\xaeN\x1e'"
11E8E149-C79A-22A2-AF82-12DF17AE4E1E,2018-ncaa-d1-conf-CAA,ncaa,1,1,1,1,1,2,2,1,4,4,6,2,5,2,8,5,4,5,1,5,6,3,6,4,3,2,5,6,6,4,5,5,1,6,5,2,1,1,1,1,2,1,7,7,,,4,5,,,2,4,10,1,3,4,6,5,6,6,3,5,5,5,5,10,6,8,7,2,1,3,7,,1,,,3,3,2,2,4,4,2,4,1,4,2,6,4,2,10,2,2,2,3,4,4,2,6,3,6,1,1,8,5,2,5,1,3,1,1,1,1,1,2,3,,,2,2,,,2,6,2,1,2,1,1,1,3,1,1,2,4,1,2,1,1,1,3,1,1,1,1,2,,4,,,"b'\x11\xe8\xe1I\xc7\x9a""\xa2\xaf\x82\x12\xdf\x17\xaeN\x1e'"
11E8E149-C79A-22A2-AF82-12DF17AE4E1E,2018-ncaa-d1-natl,ncaa,19,31,16,30,16,90,90,58,183,95,75,164,107,83,202,132,183,207,124,207,282,68,79,179,189,124,195,146,261,103,191,181,113,153,209,32,16,70,51,29,26,25,247,254,,,221,184,,,61,82,328,39,212,183,176,181,186,172,144,269,289,286,205,300,198,328,308,55,33,54,284,,95,,,62,97,122,119,165,191,163,216,52,90,39,119,134,100,266,105,129,102,233,122,129,41,64,63,184,83,113,301,191,253,209,182,230,25,16,35,101,68,301,239,,,55,84,,,61,265,120,31,60,14,24,9,61,25,22,36,50,39,39,5,21,19,172,89,87,44,49,225,,175,,,"b'\x11\xe8\xe1I\xc7\x9a""\xa2\xaf\x82\x12\xdf\x17\xaeN\x1e'"
11E8E149-C79A-22A2-AF82-12DF17AE4E1E,2019-ncaa-d0-natl,ncaa,41,45,47,49,48,164,139,125,176,124,139,133,186,145,283,165,208,241,80,237,275,142,202,192,188,131,251,214,231,145,151,192,188,170,175,45,10,22,45,24,82,58,286,282,,,70,81,,,37,229,351,18,261,230,268,184,229,236,203,272,306,304,296,336,205,306,286,73,15,127,311,,25,,,38,12,43,108,49,102,122,137,18,123,1,204,12,19,67,21,44,61,119,28,13,7,14,65,64,179,188,168,151,177,175,91,225,64,31,40,146,157,176,158,,,127,80,,,37,110,119,7,34,1,10,9,39,24,7,56,6,8,11,2,4,92,76,66,46,105,87,136,,213,,,"b'\x11\xe8\xe1I\xc7\x9a""\xa2\xaf\x82\x12\xdf\x17\xaeN\x1e'"
11E8E149-C79A-22A2-AF82-12DF17AE4E1E,2019-ncaa-d1-conf-CAA,ncaa,2,2,1,2,1,3,2,5,1,2,4,1,5,5,4,6,8,9,2,8,7,6,9,3,3,1,7,6,9,9,8,5,3,8,7,1,1,1,1,1,3,2,9,9,,,2,2,,,2,6,10,2,6,5,9,5,9,5,6,8,9,8,9,10,9,9,9,1,1,4,10,,1,,,2,2,3,3,4,3,3,4,1,4,1,10,1,1,3,1,1,2,3,4,3,2,1,2,1,4,3,6,8,5,7,5,9,2,1,2,3,4,2,3,,,5,4,,,2,4,3,2,2,2,2,1,3,1,1,2,1,1,1,1,1,2,3,3,2,2,2,2,,8,,,"b'\x11\xe8\xe1I\xc7\x9a""\xa2\xaf\x82\x12\xdf\x17\xaeN\x1e'"
11E8E149-C79A-22A2-AF82-12DF17AE4E1E,2019-ncaa-d1-natl,ncaa,51,44,62,50,62,204,176,170,187,150,173,141,205,161,282,166,232,270,77,265,275,193,260,205,197,137,247,212,227,177,160,232,198,211,187,65,10,14,46,26,109,65,301,290,,,50,89,,,51,282,351,15,270,243,280,204,235,233,206,275,306,303,304,337,216,314,297,80,15,141,315,,27,,,49,6,24,64,59,82,88,147,15,95,1,200,8,15,72,16,44,24,73,32,19,9,13,60,64,148,198,133,160,129,187,73,228,85,38,47,113,170,166,165,,,165,76,,,51,59,126,11,41,1,10,9,44,25,8,53,6,8,9,2,4,96,77,66,52,109,88,146,,216,,,"b'\x11\xe8\xe1I\xc7\x9a""\xa2\xaf\x82\x12\xdf\x17\xaeN\x1e'"
11E8E149-C79A-22A2-AF82-12DF17AE4E1E,2020-ncaa-d0-natl,ncaa,30,30,87,31,92,219,201,199,213,194,173,240,172,190,121,172,254,296,56,295,304,225,275,204,201,147,183,155,240,170,140,339,210,318,241,34,3,25,42,12,23,8,297,256,,,47,107,,,91,302,351,12,245,223,244,225,199,179,204,273,307,306,277,331,191,349,341,25,23,30,303,,29,,,92,29,39,13,267,51,7,288,98,85,189,243,48,27,320,28,141,7,34,271,272,77,166,192,133,29,210,116,140,61,241,92,199,24,3,19,101,144,152,150,,,201,99,,,91,47,130,63,86,16,25,1,38,4,87,68,40,25,24,1,3,22,87,40,78,33,85,139,,218,,,"b'\x11\xe8\xe1I\xc7\x9a""\xa2\xaf\x82\x12\xdf\x17\xaeN\x1e'"
11E8E149-C79A-22A2-AF82-12DF17AE4E1E,2020-ncaa-d1-conf-CAA,ncaa,1,1,5,1,5,9,9,6,8,10,7,8,4,3,5,3,9,9,2,9,7,7,10,4,5,3,5,3,6,9,7,10,4,10,9,1,1,1,1,1,1,1,9,9,,,1,2,,,2,10,10,1,8,6,6,9,6,3,3,9,9,9,6,10,8,10,10,1,1,1,9,,1,,,2,1,2,1,8,2,1,6,3,3,7,8,1,1,4,1,1,1,1,8,6,2,2,6,1,1,4,5,7,3,9,3,4,1,1,1,1,3,2,3,,,8,5,,,2,1,3,2,2,1,2,1,2,1,3,3,1,1,1,1,1,1,6,3,3,1,1,2,,8,,,"b'\x11\xe8\xe1I\xc7\x9a""\xa2\xaf\x82\x12\xdf\x17\xaeN\x1e'"
11E8E149-C79A-22A2-AF82-12DF17AE4E1E,2020-ncaa-d1-natl,ncaa,36,30,128,33,132,248,235,240,220,226,209,246,184,209,129,171,270,306,57,307,301,272,312,217,211,150,180,156,233,197,152,347,215,339,248,42,3,20,42,14,36,9,308,262,,,31,111,,,102,328,351,10,255,238,250,234,207,182,206,273,308,308,280,332,197,348,343,29,24,34,304,,28,,,102,20,26,3,280,37,4,294,85,63,193,238,43,22,326,23,142,3,16,283,284,84,165,193,130,21,215,87,152,43,248,80,201,34,5,26,82,152,140,156,,,231,98,,,102,21,138,70,98,17,27,1,39,4,90,65,39,25,24,1,3,23,88,41,80,37,89,146,,215,,,"b'\x11\xe8\xe1I\xc7\x9a""\xa2\xaf\x82\x12\xdf\x17\xaeN\x1e'"
11E8E149-C79A-22A2-AF82-12DF17AE4E1E,2021-ncaa-d0-natl,ncaa,90,104,136,99,144,170,143,146,166,135,135,159,150,139,182,126,268,293,39,293,336,167,203,162,188,119,246,138,322,165,162,250,339,229,320,111,107,47,21,25,72,57,220,214,,,185,180,,,103,208,337,156,239,163,178,171,178,167,167,325,338,338,244,338,197,334,327,126,8,72,251,,149,,,109,120,120,147,74,127,146,119,144,197,67,236,135,139,131,137,160,149,179,82,73,35,200,195,163,316,339,167,162,235,320,130,156,58,34,45,48,29,130,98,,,220,232,,,103,148,113,100,85,31,42,53,51,47,110,152,79,86,82,37,81,321,102,235,74,55,8,93,,308,,,"b'\x11\xe8\xe1I\xc7\x9a""\xa2\xaf\x82\x12\xdf\x17\xaeN\x1e'"
11E8E149-C79A-22A2-AF82-12DF17AE4E1E,2021-ncaa-d1-conf-CAA,ncaa,2,3,2,2,3,4,3,3,3,3,4,3,4,4,4,4,6,7,2,7,10,4,5,3,3,1,9,4,9,6,6,7,10,7,10,3,2,4,1,1,2,2,3,7,,,7,3,,,3,5,10,4,5,4,5,5,7,5,7,9,10,10,8,10,7,10,10,2,1,3,8,,3,,,3,5,5,5,5,6,5,8,5,8,3,8,6,6,4,6,4,5,7,6,6,2,5,6,3,10,10,9,6,9,10,7,7,2,2,3,4,2,7,5,,,7,9,,,3,6,3,4,2,1,2,1,3,1,4,8,2,2,2,2,2,9,5,7,6,3,1,4,,10,,,"b'\x11\xe8\xe1I\xc7\x9a""\xa2\xaf\x82\x12\xdf\x17\xaeN\x1e'"
11E8E149-C79A-22A2-AF82-12DF17AE4E1E,2021-ncaa-d1-natl,ncaa,98,104,152,104,160,183,157,160,173,150,150,163,159,151,183,130,279,299,41,299,336,188,222,170,192,123,244,133,323,179,168,259,339,243,321,123,108,43,21,26,77,62,227,218,,,172,186,,,117,220,337,147,245,167,182,178,182,169,170,325,338,338,249,338,203,333,327,132,8,75,251,,150,,,119,108,113,133,86,119,132,125,137,181,70,233,123,127,135,125,158,133,159,89,81,39,195,196,161,312,339,152,168,222,321,123,157,73,34,48,46,29,125,103,,,235,232,,,117,129,117,107,89,33,40,52,52,46,109,153,81,87,86,38,81,323,104,233,76,57,8,94,,309,,,"b'\x11\xe8\xe1I\xc7\x9a""\xa2\xaf\x82\x12\xdf\x17\xaeN\x1e'"
11E8E149-C79A-22A2-AF82-12DF17AE4E1E,2021-ncaa-d1-ncaatournament,ncaa,33,2,33,33,34,50,39,37,42,36,37,29,59,52,61,38,62,64,1,62,63,42,49,52,56,53,63,54,63,32,16,58,61,46,49,37,27,5,18,16,33,8,48,52,,,16,42,,,39,58,52,7,49,26,8,12,8,55,34,62,64,62,25,33,10,57,42,20,12,7,44,,43,,,43,7,5,10,28,15,23,26,6,4,28,8,21,22,34,22,49,13,20,23,26,21,25,15,54,31,61,9,16,25,49,14,50,38,14,23,7,17,26,41,,,64,64,,,39,8,47,37,43,31,26,21,39,50,10,6,47,49,49,36,49,59,32,57,38,7,17,48,,64,,,"b'\x11\xe8\xe1I\xc7\x9a""\xa2\xaf\x82\x12\xdf\x17\xaeN\x1e'"
11E8E149-C79A-22A2-AF82-12DF17AE4E1E,2022-ncaa-d0-natl,ncaa,8,12,14,14,15,58,38,33,72,26,25,78,159,144,196,242,174,236,16,228,345,52,86,105,108,58,318,260,299,64,105,84,238,68,148,15,17,27,9,4,104,152,140,169,,,155,53,,,40,91,353,72,136,80,137,44,90,239,247,276,320,319,202,333,146,247,216,20,3,201,195,,28,,,46,213,213,293,53,202,259,91,203,299,27,254,165,132,311,136,82,278,283,51,55,64,162,194,133,324,238,271,105,315,148,219,199,95,166,150,90,47,74,12,,,114,199,,,40,270,36,90,41,23,39,84,57,79,97,177,67,39,39,46,26,203,58,112,96,227,25,17,,280,,,"b'\x11\xe8\xe1I\xc7\x9a""\xa2\xaf\x82\x12\xdf\x17\xaeN\x1e'"
11E8E149-C79A-22A2-AF82-12DF17AE4E1E,2022-ncaa-d1-conf-CAA,ncaa,1,1,1,1,1,4,2,4,1,2,2,1,5,4,5,7,6,6,2,6,9,4,4,1,1,1,9,7,9,4,5,3,5,4,5,1,1,1,1,1,4,3,5,6,,,4,4,,,3,4,10,1,4,4,4,2,4,6,7,7,8,8,4,9,6,6,6,1,1,4,6,,1,,,3,2,3,7,3,4,6,3,7,9,4,9,3,3,8,3,5,7,7,3,3,2,7,8,3,8,5,6,5,6,5,6,6,3,2,3,1,3,1,1,,,3,3,,,3,7,1,3,2,1,1,2,1,3,5,5,3,2,2,1,1,5,3,3,4,5,1,1,,7,,,"b'\x11\xe8\xe1I\xc7\x9a""\xa2\xaf\x82\x12\xdf\x17\xaeN\x1e'"
11E8E149-C79A-22A2-AF82-12DF17AE4E1E,2022-ncaa-d1-natl,ncaa,11,12,16,15,17,67,44,44,79,28,30,84,178,165,200,243,195,259,16,255,346,63,109,112,114,61,318,258,297,79,116,105,247,82,159,17,19,19,10,5,126,169,158,175,,,123,56,,,48,121,353,72,155,89,153,53,96,243,250,279,323,322,212,339,162,260,235,20,3,212,200,,29,,,53,174,188,284,64,184,241,101,189,288,36,251,148,105,314,108,86,264,261,62,65,79,160,191,129,314,247,251,116,303,159,211,200,122,181,169,73,47,62,13,,,132,197,,,48,235,39,104,47,27,46,85,60,85,98,177,70,40,39,49,25,204,61,117,103,234,25,17,,280,,,"b'\x11\xe8\xe1I\xc7\x9a""\xa2\xaf\x82\x12\xdf\x17\xaeN\x1e'"
11E8E149-C79A-22A2-AF82-12DF17AE4E1E,2023-ncaa-d0-natl,ncaa,73,52,116,66,136,124,95,174,29,60,97,47,236,291,103,295,211,252,45,263,331,195,262,55,52,34,331,293,271,252,188,294,243,295,221,34,10,14,34,7,125,85,267,254,,,120,171,,,67,262,342,129,130,74,239,41,105,253,304,221,281,289,263,343,277,337,341,16,9,135,286,,100,,,64,81,72,73,193,55,73,134,211,129,337,204,108,95,249,93,172,67,105,233,231,128,275,280,169,135,243,51,188,63,221,176,266,94,41,92,38,80,42,21,,,225,139,,,67,105,47,136,58,53,51,23,45,39,193,106,98,89,86,15,23,122,34,38,159,104,29,29,,249,,,"b'\x11\xe8\xe1I\xc7\x9a""\xa2\xaf\x82\x12\xdf\x17\xaeN\x1e'"
11E8E149-C79A-22A2-AF82-12DF17AE4E1E,2023-ncaa-d1-conf-CAA,ncaa,3,1,8,3,13,7,6,10,2,2,7,2,9,9,8,10,10,9,4,9,10,11,13,2,2,1,11,9,10,13,10,12,8,13,10,1,1,1,3,1,9,5,13,13,,,4,8,,,2,13,13,9,6,2,8,2,5,9,9,9,9,9,9,13,13,12,12,1,1,8,13,,5,,,2,1,1,1,9,2,2,5,6,2,13,6,1,2,8,2,6,1,1,9,10,7,10,11,6,1,8,1,10,1,10,2,8,8,3,5,2,5,1,1,,,9,3,,,2,1,1,6,2,1,1,1,2,3,7,3,3,2,2,1,1,3,2,2,6,6,3,1,,7,,,"b'\x11\xe8\xe1I\xc7\x9a""\xa2\xaf\x82\x12\xdf\x17\xaeN\x1e'"
11E8E149-C79A-22A2-AF82-12DF17AE4E1E,2023-ncaa-d1-natl,ncaa,81,52,151,70,171,154,118,226,29,73,118,50,252,309,108,297,228,275,43,283,331,253,318,60,56,34,330,296,266,278,195,329,253,328,239,37,11,8,36,7,158,96,286,258,,,96,179,,,78,316,343,118,139,74,256,44,117,259,306,223,284,293,271,345,292,345,348,18,9,149,292,,106,,,73,56,56,36,210,44,46,152,195,103,342,202,88,79,254,75,176,28,53,244,241,153,272,280,168,107,253,28,195,31,239,160,274,120,47,108,25,81,33,24,,,250,129,,,78,51,48,162,66,60,58,23,49,40,205,103,102,90,88,14,23,124,35,40,171,111,30,31,,249,,,"b'\x11\xe8\xe1I\xc7\x9a""\xa2\xaf\x82\x12\xdf\x17\xaeN\x1e'"
11E8E149-C79A-22A2-AF82-12DF17AE4E1E,2024-ncaa-d0-natl,ncaa,127,148,52,142,67,211,157,144,179,110,73,222,268,283,194,288,340,347,130,346,360,174,197,223,252,216,339,262,351,130,145,239,253,202,215,60,14,107,139,46,196,183,270,295,,,57,62,,,163,225,356,149,314,225,261,158,117,297,315,354,358,357,315,341,190,338,318,59,60,247,302,,28,,,165,83,126,139,159,193,216,130,57,57,148,61,68,71,167,68,59,118,153,121,109,63,41,72,112,203,253,166,145,184,215,141,174,103,79,101,121,156,246,174,,,315,338,,,163,144,203,80,154,16,47,21,103,119,19,18,42,35,34,10,14,133,74,75,82,155,78,205,,352,,,"b'\x11\xe8\xe1I\xc7\x9a""\xa2\xaf\x82\x12\xdf\x17\xaeN\x1e'"
11E8E149-C79A-22A2-AF82-12DF17AE4E1E,2024-ncaa-d1-conf-CAA,ncaa,2,6,1,5,1,4,3,3,6,1,1,6,9,11,7,12,11,12,6,12,14,4,4,7,8,9,14,11,13,7,7,7,10,7,9,1,1,8,5,1,3,6,11,13,,,7,4,,,8,3,12,8,8,6,10,4,5,12,12,12,12,12,12,12,8,14,12,1,3,6,14,,3,,,8,10,13,10,10,12,10,7,8,7,11,5,7,6,9,5,4,9,13,8,7,4,4,7,4,11,10,10,7,10,9,9,6,1,1,3,9,7,11,8,,,8,11,,,8,13,8,4,6,2,4,2,4,5,4,1,2,2,2,1,2,3,5,3,6,5,4,10,,12,,,"b'\x11\xe8\xe1I\xc7\x9a""\xa2\xaf\x82\x12\xdf\x17\xaeN\x1e'"
11E8E149-C79A-22A2-AF82-12DF17AE4E1E,2024-ncaa-d1-natl,ncaa,123,150,38,144,59,230,156,142,196,111,62,234,274,285,206,292,345,352,129,350,362,191,218,232,268,228,341,264,352,142,142,260,262,219,223,49,9,97,127,40,193,182,250,276,,,58,61,,,170,243,358,151,325,243,263,170,119,305,320,357,360,360,321,346,198,341,326,55,55,245,294,,25,,,173,80,120,134,171,180,213,132,64,54,191,71,65,64,186,61,61,104,147,137,126,73,54,97,113,206,262,182,142,188,223,151,198,103,76,114,132,165,274,202,,,323,345,,,170,132,218,94,167,16,50,17,77,107,32,21,39,33,30,8,12,133,78,79,96,153,82,233,,357,,,"b'\x11\xe8\xe1I\xc7\x9a""\xa2\xaf\x82\x12\xdf\x17\xaeN\x1e'"
11E8E149-C79A-22A2-AF82-12DF17AE4E1E,2024-ncaa-d1-ncaatournament,ncaa,37,3,37,37,38,67,62,61,51,51,55,48,60,64,56,51,65,65,65,65,65,66,64,54,60,66,64,48,63,55,33,68,68,66,68,55,26,31,67,64,65,66,42,50,,,6,9,,,65,64,62,5,67,61,58,46,42,56,59,65,65,65,66,60,37,68,66,50,65,64,33,,14,,,67,22,22,32,40,31,35,14,5,3,67,3,17,18,29,18,23,32,32,34,32,43,11,8,40,47,68,9,33,32,68,29,62,63,63,66,32,66,40,64,,,60,50,,,65,6,67,66,68,57,57,67,65,68,13,4,47,47,46,68,68,68,26,68,61,54,61,62,,59,,,"b'\x11\xe8\xe1I\xc7\x9a""\xa2\xaf\x82\x12\xdf\x17\xaeN\x1e'"
11E8E149-C79A-22A2-AF82-12DF17AE4E1E,2025-ncaa-d0-natl,genius_ncaa,147,113,248,133,252,289,240,244,219,230,251,167,242,194,294,121,350,351,208,353,355,283,309,229,257,242,279,172,345,158,98,325,309,276,216,88,1,77,176,64,194,118,161,145,,,15,45,,11,178,333,347,43,284,216,191,202,214,225,154,351,351,352,270,294,119,327,262,42,129,157,142,,35,,17,178,30,46,49,177,85,110,142,33,26,191,68,47,62,116,63,113,38,32,143,133,120,73,93,150,165,309,53,98,82,216,63,163,234,133,137,116,211,283,319,,,344,321,,170,178,27,211,154,185,68,89,59,143,168,56,39,93,106,108,48,42,228,113,152,105,180,166,317,,332,,149,"b'\x11\xe8\xe1I\xc7\x9a""\xa2\xaf\x82\x12\xdf\x17\xaeN\x1e'"
11E8E149-C79A-22A2-AF82-12DF17AE4E1E,2025-ncaa-d1-conf-CAA,genius_ncaa,4,3,4,4,4,8,7,6,7,7,12,4,5,3,10,2,11,12,8,12,11,7,10,7,8,9,8,4,14,5,5,12,12,8,9,1,1,5,6,2,6,4,3,4,,,7,7,,2,6,10,14,5,9,7,10,8,12,5,2,13,13,13,12,13,5,13,11,1,4,6,4,,6,,2,6,4,5,4,8,3,4,7,5,2,12,5,8,8,6,9,12,4,5,8,8,8,12,9,11,8,12,3,5,4,9,5,8,8,5,5,5,5,13,12,,,9,5,,9,6,3,5,9,6,3,3,3,3,3,5,2,8,9,9,3,1,8,3,4,4,8,5,13,,8,,8,"b'\x11\xe8\xe1I\xc7\x9a""\xa2\xaf\x82\x12\xdf\x17\xaeN\x1e'"
11E8E149-C79A-22A2-AF82-12DF17AE4E1E,2025-ncaa-d1-natl,genius_ncaa,145,113,244,132,251,298,248,245,221,226,243,168,246,201,297,127,350,352,196,352,359,289,315,230,264,244,285,179,345,170,105,324,306,286,222,81,3,71,162,61,187,118,173,148,,,15,45,,10,178,341,348,42,294,216,199,200,206,231,163,350,352,352,279,301,134,326,266,42,114,162,157,,32,,16,178,27,42,47,173,81,108,146,31,25,161,74,46,55,130,55,105,34,26,139,127,116,64,85,139,163,306,68,105,95,222,64,167,231,123,136,120,209,274,308,,,345,331,,180,178,21,216,145,177,57,86,56,135,159,48,40,71,85,88,43,34,219,120,152,102,180,167,302,,341,,165,"b'\x11\xe8\xe1I\xc7\x9a""\xa2\xaf\x82\x12\xdf\x17\xaeN\x1e'"
11E8E149-C79A-22A2-AF82-12DF17AE4E1E,2026-ncaa-d0-natl,genius_ncaa,87,80,116,95,142,158,144,149,164,124,87,249,177,252,60,293,245,266,112,263,346,160,206,179,198,139,276,197,293,86,49,191,132,141,87,110,86,63,53,45,233,211,248,260,,,61,56,,96,117,222,356,97,203,156,151,136,66,207,295,293,311,310,189,318,69,257,149,97,25,277,285,,17,,82,120,133,161,146,202,147,151,162,222,177,268,221,48,39,227,35,32,129,123,211,194,197,159,265,38,100,132,140,49,118,87,186,208,228,193,231,52,48,76,40,,,275,325,,268,117,133,107,186,121,73,111,50,99,81,182,121,35,20,20,19,7,63,74,52,144,282,26,52,,341,,286,"b'\x11\xe8\xe1I\xc7\x9a""\xa2\xaf\x82\x12\xdf\x17\xaeN\x1e'"
11E8E149-C79A-22A2-AF82-12DF17AE4E1E,2026-ncaa-d1-natl,genius_ncaa,110,80,177,113,197,237,218,224,194,184,132,285,240,297,63,297,298,322,113,320,349,246,283,207,226,165,269,194,287,126,63,271,151,217,115,162,86,24,59,53,301,255,289,278,,,20,62,,69,171,302,358,100,238,198,179,170,78,221,303,298,327,324,226,329,85,287,184,120,25,308,296,,17,,91,171,80,121,81,244,107,99,197,182,119,293,222,30,17,236,16,35,62,49,256,232,248,156,264,38,59,151,83,63,65,115,151,214,301,234,270,27,51,54,43,,,335,325,,284,171,54,125,232,171,96,146,59,125,86,212,122,36,23,22,25,6,74,78,59,175,298,28,57,,344,,285,"b'\x11\xe8\xe1I\xc7\x9a""\xa2\xaf\x82\x12\xdf\x17\xaeN\x1e'"
11E8E149-C79E-B56A-AF82-12DF17AE4E1E,2010-ncaa-d0-natl,ncaa,6,13,6,13,11,18,11,6,75,9,2,86,174,148,217,283,41,27,222,28,257,7,5,127,140,124,310,288,223,3,4,20,51,6,9,39,255,316,92,122,2,2,13,11,,,322,179,,,6,9,80,283,46,27,23,14,12,244,257,119,99,101,28,27,10,91,14,100,180,2,23,,179,,,10,176,127,283,15,71,248,6,281,284,164,257,234,265,87,267,212,292,331,16,17,2,313,292,245,249,51,244,4,255,9,207,266,3,7,9,232,55,311,124,,,20,235,,,6,334,59,2,11,13,8,43,7,36,178,188,103,121,121,37,194,69,41,31,57,8,93,227,,114,,,b'\x11\xe8\xe1I\xc7\x9e\xb5j\xaf\x82\x12\xdf\x17\xaeN\x1e'
11E8E149-C79E-B56A-AF82-12DF17AE4E1E,2010-ncaa-d1-conf-ACC,ncaa,1,1,2,1,3,1,1,1,4,1,1,5,7,7,5,10,7,4,8,4,11,1,2,4,4,4,8,7,11,1,1,3,6,1,1,2,6,8,3,2,1,1,1,1,,,11,11,,,1,2,9,8,4,4,3,3,3,7,8,8,8,9,3,3,1,6,2,4,3,1,1,,9,,,1,1,1,6,1,1,3,1,9,11,3,9,7,9,5,8,10,7,9,1,1,1,12,9,12,8,6,5,1,6,1,1,8,1,1,1,4,2,7,3,,,3,10,,,1,11,3,1,1,1,1,1,1,1,7,6,6,7,7,1,4,7,2,3,1,1,2,6,,7,,,b'\x11\xe8\xe1I\xc7\x9e\xb5j\xaf\x82\x12\xdf\x17\xaeN\x1e'
11E8E149-C79E-B56A-AF82-12DF17AE4E1E,2010-ncaa-d1-natl,ncaa,6,13,6,13,11,19,12,6,79,9,2,91,183,155,221,283,46,30,225,31,259,8,6,133,141,126,311,287,222,3,4,20,52,6,9,43,259,309,94,126,2,2,13,11,,,320,178,,,6,9,80,285,48,27,24,15,14,245,257,118,98,101,30,29,10,93,15,100,180,2,23,,177,,,10,162,111,277,17,60,239,6,276,279,165,257,221,255,89,256,211,287,329,19,20,2,313,290,244,241,52,234,4,240,9,202,267,3,8,9,222,56,308,129,,,20,236,,,6,334,59,3,11,13,8,44,7,36,179,189,109,122,124,38,195,69,42,31,62,8,93,231,,115,,,b'\x11\xe8\xe1I\xc7\x9e\xb5j\xaf\x82\x12\xdf\x17\xaeN\x1e'
11E8E149-C79E-B56A-AF82-12DF17AE4E1E,2010-ncaa-d1-ncaatournament,ncaa,5,2,5,5,6,8,10,8,34,9,6,34,23,11,51,52,6,6,17,6,23,8,8,41,35,33,42,52,12,4,10,5,4,6,5,14,53,59,31,44,1,3,7,16,,,57,28,,,3,7,36,9,35,32,43,24,20,53,53,12,17,16,31,30,19,18,14,48,28,4,19,,22,,,7,53,53,57,6,52,56,6,54,54,25,37,52,52,33,53,23,57,57,8,5,4,34,38,29,50,4,59,10,55,5,52,19,3,6,6,60,26,63,50,,,7,24,,,3,58,28,3,7,3,5,12,8,15,24,23,13,13,13,2,7,3,15,4,9,9,28,48,,19,,,b'\x11\xe8\xe1I\xc7\x9e\xb5j\xaf\x82\x12\xdf\x17\xaeN\x1e'
11E8E149-C79E-B56A-AF82-12DF17AE4E1E,2011-ncaa-d0-natl,ncaa,7,8,11,8,12,18,16,10,72,18,10,99,73,91,60,231,66,30,280,29,213,11,8,87,109,80,247,201,253,6,11,26,66,10,19,17,147,277,64,53,4,4,15,14,,,278,109,,,13,17,128,257,46,37,38,32,47,136,185,153,103,102,37,64,5,147,26,43,112,8,35,,105,,,14,214,229,298,56,167,242,77,300,322,107,303,77,138,8,143,113,292,323,78,43,12,226,304,51,240,66,293,11,287,19,297,291,7,15,41,204,52,293,120,,,19,190,,,13,327,38,8,16,29,44,75,28,30,200,251,17,41,44,42,146,73,69,53,152,21,85,205,,112,,,b'\x11\xe8\xe1I\xc7\x9e\xb5j\xaf\x82\x12\xdf\x17\xaeN\x1e'
11E8E149-C79E-B56A-AF82-12DF17AE4E1E,2011-ncaa-d1-conf-ACC,ncaa,1,1,2,1,3,2,2,3,1,2,4,1,3,5,2,5,8,8,6,8,9,3,4,1,3,2,8,5,10,3,2,2,1,2,1,1,2,7,4,1,1,1,2,1,,,3,3,,,1,4,9,9,4,2,4,4,6,4,6,9,9,9,6,8,3,5,3,1,2,2,2,,1,,,1,1,2,8,1,2,3,1,6,11,2,11,1,1,3,1,1,5,9,1,1,1,6,11,1,5,1,5,2,4,1,4,12,3,3,2,5,6,3,3,,,7,8,,,1,9,1,1,1,1,1,2,1,1,4,8,1,1,1,2,2,2,1,2,1,3,5,3,,8,,,b'\x11\xe8\xe1I\xc7\x9e\xb5j\xaf\x82\x12\xdf\x17\xaeN\x1e'
11E8E149-C79E-B56A-AF82-12DF17AE4E1E,2011-ncaa-d1-natl,ncaa,7,8,11,8,12,19,16,11,75,18,10,103,77,102,65,228,72,33,282,32,213,12,9,88,116,85,243,197,253,6,12,28,69,10,18,19,148,268,68,54,4,6,16,15,,,262,109,,,13,18,133,260,47,37,39,33,49,138,185,154,104,104,38,65,7,153,27,45,113,9,38,,102,,,14,196,215,294,59,154,228,84,298,319,112,302,65,129,9,137,112,284,322,82,49,12,227,304,51,225,69,280,12,270,18,293,292,8,15,46,182,54,287,126,,,22,191,,,13,326,40,8,16,30,48,77,29,30,201,250,18,43,46,45,146,74,70,55,155,25,86,210,,116,,,b'\x11\xe8\xe1I\xc7\x9e\xb5j\xaf\x82\x12\xdf\x17\xaeN\x1e'
11E8E149-C79E-B56A-AF82-12DF17AE4E1E,2011-ncaa-d1-ncaatournament,ncaa,5,2,5,5,5,8,7,7,31,8,7,25,11,5,42,46,9,7,48,7,33,7,7,33,34,31,51,47,33,5,19,9,9,8,16,7,21,58,15,12,3,3,32,46,,,58,20,,,9,7,28,3,25,20,17,16,15,38,38,32,20,23,14,16,15,40,23,16,18,5,46,,11,,,12,58,58,54,45,56,54,52,62,58,42,58,44,48,23,47,21,55,57,52,45,29,39,53,12,46,9,60,19,59,16,63,57,3,3,31,58,19,52,24,,,6,17,,,9,57,20,16,12,19,28,8,16,5,48,43,10,11,11,5,14,7,31,15,52,8,24,22,,17,,,b'\x11\xe8\xe1I\xc7\x9e\xb5j\xaf\x82\x12\xdf\x17\xaeN\x1e'
11E8E149-C79E-B56A-AF82-12DF17AE4E1E,2012-ncaa-d0-natl,ncaa,15,13,48,15,74,14,8,44,3,6,23,5,171,263,7,301,113,112,178,109,298,47,45,6,9,12,327,278,321,52,16,74,111,51,15,13,149,227,107,26,9,7,5,6,,,142,37,,,5,50,92,262,9,1,62,3,14,200,287,175,177,168,71,85,87,147,98,12,150,8,12,,55,,,6,135,161,257,54,137,222,47,232,268,134,253,43,40,194,35,29,215,288,69,50,13,179,277,50,203,111,27,16,63,15,197,215,17,19,31,230,144,297,153,,,116,275,,,5,293,11,12,6,43,73,132,60,113,181,207,20,21,19,81,201,126,8,9,123,19,168,261,,221,,,b'\x11\xe8\xe1I\xc7\x9e\xb5j\xaf\x82\x12\xdf\x17\xaeN\x1e'
11E8E149-C79E-B56A-AF82-12DF17AE4E1E,2012-ncaa-d1-conf-ACC,ncaa,1,1,7,1,9,3,2,8,1,2,7,1,7,10,1,10,8,8,8,8,8,8,8,1,1,1,12,8,12,8,2,7,6,7,3,3,6,4,7,2,4,2,1,1,,,2,2,,,1,7,6,8,2,1,6,1,2,7,9,6,6,6,6,6,6,4,4,1,6,3,1,,2,,,1,1,2,4,1,2,4,2,4,5,3,10,3,2,12,2,2,4,5,2,2,2,7,8,5,7,6,2,2,2,3,3,8,7,3,3,5,7,7,6,,,8,6,,,1,5,1,2,1,2,3,6,3,4,4,9,3,2,2,5,6,9,2,2,4,4,7,8,,6,,,b'\x11\xe8\xe1I\xc7\x9e\xb5j\xaf\x82\x12\xdf\x17\xaeN\x1e'
11E8E149-C79E-B56A-AF82-12DF17AE4E1E,2012-ncaa-d1-natl,ncaa,15,13,55,15,83,15,8,48,3,6,24,5,175,274,7,300,124,124,176,120,300,51,51,6,9,13,326,276,320,58,16,86,116,57,16,14,152,206,109,26,10,8,5,6,,,115,39,,,6,57,95,262,9,1,65,3,15,203,286,179,178,169,73,88,90,151,107,14,153,9,12,,56,,,6,114,143,239,58,121,205,52,224,251,141,253,35,34,198,30,30,191,277,74,54,15,177,276,50,185,116,18,16,43,16,185,220,22,19,31,220,148,293,157,,,139,276,,,6,285,11,15,6,45,77,134,65,114,183,206,22,23,19,85,200,133,8,9,128,19,168,263,,220,,,b'\x11\xe8\xe1I\xc7\x9e\xb5j\xaf\x82\x12\xdf\x17\xaeN\x1e'
11E8E149-C79E-B56A-AF82-12DF17AE4E1E,2012-ncaa-d1-ncaatournament,ncaa,5,2,5,5,5,5,5,6,1,5,7,1,8,9,12,49,7,9,7,9,39,7,8,2,2,1,49,45,39,10,21,8,20,8,11,5,25,57,20,5,4,14,7,12,,,59,25,,,4,7,28,5,1,1,38,1,22,34,50,24,36,37,31,39,46,28,37,5,14,14,20,,20,,,4,58,58,57,26,56,55,26,64,62,36,59,47,48,30,48,13,57,57,34,29,24,48,56,15,54,20,51,21,53,11,61,48,4,14,30,56,24,37,11,,,11,46,,,4,58,2,19,4,20,21,30,10,12,50,57,10,9,8,18,26,23,4,3,41,14,23,8,,49,,,b'\x11\xe8\xe1I\xc7\x9e\xb5j\xaf\x82\x12\xdf\x17\xaeN\x1e'
11E8E149-C79E-B56A-AF82-12DF17AE4E1E,2013-ncaa-d0-natl,ncaa,4,3,8,3,12,7,4,10,8,7,7,33,65,192,1,285,32,47,45,47,284,11,9,9,10,14,263,215,264,12,10,12,149,8,18,7,163,302,109,48,7,18,6,15,,,216,32,,,4,9,97,267,11,9,52,12,27,123,264,88,154,152,53,71,47,64,34,22,150,18,16,,52,,,4,207,230,331,7,187,318,11,282,318,78,258,69,103,39,96,36,327,337,10,5,4,212,286,60,331,149,122,10,262,18,267,271,9,31,39,294,126,298,126,,,46,261,,,4,338,10,6,4,28,42,191,34,144,183,235,21,29,28,124,229,234,11,46,128,23,154,214,,206,,,b'\x11\xe8\xe1I\xc7\x9e\xb5j\xaf\x82\x12\xdf\x17\xaeN\x1e'
11E8E149-C79E-B56A-AF82-12DF17AE4E1E,2013-ncaa-d1-conf-ACC,ncaa,1,1,1,1,1,1,1,2,2,3,4,2,3,4,1,5,4,4,2,4,7,2,2,2,1,1,5,4,6,2,1,1,3,1,2,2,8,9,3,4,2,2,1,1,,,4,2,,,1,2,8,6,2,2,4,3,5,3,5,5,8,8,6,6,2,2,2,2,5,2,1,,1,,,1,2,2,11,1,3,5,1,5,12,1,11,3,2,6,2,2,7,11,1,1,1,9,10,4,11,3,2,1,4,2,3,6,2,2,1,11,10,8,5,,,5,8,,,1,11,1,1,1,1,1,8,1,4,5,10,1,1,1,3,7,10,2,2,3,3,8,7,,7,,,b'\x11\xe8\xe1I\xc7\x9e\xb5j\xaf\x82\x12\xdf\x17\xaeN\x1e'
11E8E149-C79E-B56A-AF82-12DF17AE4E1E,2013-ncaa-d1-natl,ncaa,4,3,8,3,13,7,4,11,7,7,7,34,69,198,1,284,36,51,44,51,282,12,9,10,11,14,260,212,262,12,10,14,151,9,19,9,166,290,112,50,8,19,7,15,,,201,33,,,4,9,99,267,11,9,57,12,27,122,265,90,154,152,57,73,48,66,36,23,150,19,16,,51,,,4,188,219,328,9,168,316,11,276,314,83,257,62,93,39,85,36,323,337,12,6,4,209,282,58,330,151,105,10,248,19,258,272,9,34,45,287,128,294,130,,,55,257,,,4,338,10,6,4,29,45,193,36,148,184,235,21,29,28,126,229,234,11,46,129,27,156,217,,203,,,b'\x11\xe8\xe1I\xc7\x9e\xb5j\xaf\x82\x12\xdf\x17\xaeN\x1e'
11E8E149-C79E-B56A-AF82-12DF17AE4E1E,2013-ncaa-d1-ncaatournament,ncaa,5,2,5,5,6,7,6,5,25,6,5,29,10,9,38,46,10,10,32,11,43,6,7,31,31,29,50,41,37,4,20,5,30,5,18,6,34,58,33,26,7,16,3,4,,,57,18,,,9,7,31,7,25,20,19,17,15,41,43,33,32,34,25,24,23,16,17,22,35,14,4,,20,,,13,58,59,58,16,58,57,21,58,59,18,51,53,52,29,52,18,58,59,18,15,15,30,41,20,56,30,59,20,58,18,61,55,6,23,35,60,38,54,16,,,11,46,,,9,58,27,11,14,14,19,37,23,22,36,49,18,17,15,33,34,35,29,28,44,20,39,16,,40,,,b'\x11\xe8\xe1I\xc7\x9e\xb5j\xaf\x82\x12\xdf\x17\xaeN\x1e'
11E8E149-C79E-B56A-AF82-12DF17AE4E1E,2014-ncaa-d0-natl,ncaa,15,17,15,18,20,13,7,34,3,7,16,5,111,235,1,300,87,63,283,54,249,32,18,3,5,14,319,251,320,32,6,21,127,17,14,10,179,335,217,82,15,29,7,4,,,144,14,,,10,18,96,246,15,5,103,4,45,168,291,196,139,134,103,79,92,37,36,15,266,30,8,,33,,,10,272,279,337,30,155,283,32,344,348,165,338,72,61,227,62,31,324,331,57,37,31,317,344,23,320,127,38,6,159,14,283,233,43,105,114,296,157,125,25,,,65,272,,,10,328,7,40,11,80,117,290,31,107,328,335,21,17,17,210,245,221,3,21,177,99,189,55,,209,,,b'\x11\xe8\xe1I\xc7\x9e\xb5j\xaf\x82\x12\xdf\x17\xaeN\x1e'
11E8E149-C79E-B56A-AF82-12DF17AE4E1E,2014-ncaa-d1-conf-ACC,ncaa,2,2,2,2,2,2,2,7,2,2,3,3,5,14,1,13,7,3,15,4,6,4,4,2,2,3,12,10,12,6,4,2,6,2,3,3,11,12,11,6,5,6,1,1,,,1,2,,,3,4,6,8,3,3,9,3,6,10,14,9,5,5,9,6,8,1,2,4,12,5,1,,2,,,3,7,9,15,1,2,12,2,15,15,2,15,1,1,14,1,2,13,13,2,2,2,14,15,1,15,6,4,4,8,3,8,8,8,11,6,13,11,6,5,,,5,8,,,3,12,3,2,3,2,3,15,1,5,14,15,2,1,1,12,12,13,3,3,7,10,13,4,,8,,,b'\x11\xe8\xe1I\xc7\x9e\xb5j\xaf\x82\x12\xdf\x17\xaeN\x1e'
11E8E149-C79E-B56A-AF82-12DF17AE4E1E,2014-ncaa-d1-natl,ncaa,16,17,16,18,22,14,7,38,3,7,17,6,121,243,1,299,102,70,281,65,247,38,20,3,5,14,318,252,319,39,7,22,131,21,14,11,182,333,221,88,17,33,7,4,,,127,13,,,10,21,97,248,16,5,104,5,49,167,293,199,147,139,108,83,93,39,40,15,268,34,8,,33,,,10,257,268,334,30,141,267,34,344,348,169,339,60,53,230,54,31,320,327,62,40,37,316,344,24,313,131,24,7,139,14,276,232,54,112,120,280,157,118,25,,,75,270,,,10,324,8,45,11,84,124,292,32,107,329,336,21,17,17,211,241,227,3,21,180,106,189,58,,213,,,b'\x11\xe8\xe1I\xc7\x9e\xb5j\xaf\x82\x12\xdf\x17\xaeN\x1e'
11E8E149-C79E-B56A-AF82-12DF17AE4E1E,2014-ncaa-d1-ncaatournament,ncaa,17,2,17,17,17,17,17,20,2,16,18,8,28,42,7,57,29,24,50,24,43,22,20,6,9,10,61,51,48,18,1,19,4,19,1,16,38,42,48,30,13,2,10,1,,,30,9,,,6,25,33,3,9,2,27,1,10,43,56,38,27,28,30,19,10,10,5,12,50,3,3,,5,,,4,36,33,39,7,2,32,1,59,52,53,62,22,24,41,22,24,34,35,30,22,15,64,64,16,33,4,26,1,31,1,44,57,18,13,28,44,50,26,13,,,27,54,,,6,40,5,8,4,10,6,21,1,4,63,61,9,7,7,6,12,10,2,1,38,19,50,17,,41,,,b'\x11\xe8\xe1I\xc7\x9e\xb5j\xaf\x82\x12\xdf\x17\xaeN\x1e'
11E8E149-C79E-B56A-AF82-12DF17AE4E1E,2015-ncaa-d0-natl,ncaa,43,67,26,66,36,43,39,60,23,29,43,37,191,212,128,270,49,37,209,35,120,50,33,53,52,96,288,274,154,25,4,9,68,9,7,39,127,341,264,161,54,82,4,2,,,178,56,,,29,41,165,239,60,43,170,31,93,236,268,91,66,60,139,85,31,12,4,65,290,71,3,,73,,,29,204,175,321,4,33,134,19,348,349,71,349,69,91,45,86,106,312,312,28,11,30,347,349,49,297,68,47,4,131,7,274,307,103,190,175,306,201,228,127,,,69,242,,,29,304,57,34,29,54,54,266,5,17,339,348,26,38,35,195,181,196,8,21,163,184,231,168,,172,,,b'\x11\xe8\xe1I\xc7\x9e\xb5j\xaf\x82\x12\xdf\x17\xaeN\x1e'
11E8E149-C79E-B56A-AF82-12DF17AE4E1E,2015-ncaa-d1-conf-ACC,ncaa,4,4,5,4,6,7,4,9,2,4,6,3,14,13,7,13,8,8,11,8,5,9,6,3,3,6,13,13,8,5,3,3,7,2,3,5,8,13,12,9,5,5,1,1,,,4,2,,,4,6,9,7,6,4,10,4,6,13,12,7,8,8,10,5,5,1,2,5,13,5,1,,2,,,4,6,4,11,1,1,3,1,15,15,12,15,1,1,5,1,4,10,10,3,3,4,15,15,1,11,7,1,3,3,3,9,14,7,8,9,13,13,1,1,,,10,12,,,4,9,6,5,4,5,2,13,1,2,15,15,2,1,1,10,9,10,2,3,9,7,13,1,,11,,,b'\x11\xe8\xe1I\xc7\x9e\xb5j\xaf\x82\x12\xdf\x17\xaeN\x1e'
11E8E149-C79E-B56A-AF82-12DF17AE4E1E,2015-ncaa-d1-natl,ncaa,47,67,30,68,42,47,42,66,24,30,51,39,204,226,126,270,54,41,214,40,116,54,38,56,60,101,284,275,150,29,4,11,69,12,7,42,132,337,270,171,60,85,5,2,,,147,61,,,30,46,168,237,66,46,186,34,98,239,268,93,66,62,145,96,36,14,5,69,291,77,4,,74,,,30,182,155,316,4,25,113,20,346,348,74,349,57,81,51,73,111,308,308,33,15,32,347,349,49,283,69,24,4,102,7,264,309,123,199,187,299,203,215,131,,,85,240,,,30,299,63,38,30,60,58,266,5,19,340,349,27,40,37,195,178,208,8,21,174,194,236,175,,172,,,b'\x11\xe8\xe1I\xc7\x9e\xb5j\xaf\x82\x12\xdf\x17\xaeN\x1e'
11E8E149-C79E-B56A-AF82-12DF17AE4E1E,2015-ncaa-d1-ncaatournament,ncaa,9,2,9,9,10,19,17,18,12,17,15,27,18,30,3,49,22,16,61,16,21,17,16,13,19,41,41,33,41,15,26,10,24,14,12,16,29,58,60,52,12,26,6,3,,,49,23,,,23,16,54,4,49,49,63,40,53,43,60,47,33,33,62,56,45,17,24,36,59,26,7,,17,,,23,49,48,51,4,39,49,3,58,56,31,59,48,45,44,45,19,51,49,10,9,13,57,60,27,51,24,44,26,49,12,54,55,13,35,33,55,52,50,42,,,15,18,,,23,49,42,13,22,8,3,26,1,13,48,55,18,14,13,17,13,34,6,9,29,42,42,28,,29,,,b'\x11\xe8\xe1I\xc7\x9e\xb5j\xaf\x82\x12\xdf\x17\xaeN\x1e'
11E8E149-C79E-B56A-AF82-12DF17AE4E1E,2016-ncaa-d0-natl,ncaa,86,87,76,90,95,80,61,124,27,40,78,38,187,242,44,274,153,117,270,114,197,111,80,37,54,116,294,258,253,78,26,41,119,42,27,94,204,339,286,211,92,112,18,10,,,175,107,,,40,86,135,229,90,52,188,42,103,211,276,192,154,148,179,103,93,33,35,100,311,105,20,,122,,,39,116,128,286,17,59,175,19,303,332,81,333,41,88,7,93,99,259,264,33,18,25,303,337,56,279,119,41,26,105,27,173,235,116,173,135,289,228,223,139,,,180,286,,,40,254,91,37,43,57,78,250,25,97,279,324,32,59,63,213,218,225,23,52,135,168,245,190,,248,,,b'\x11\xe8\xe1I\xc7\x9e\xb5j\xaf\x82\x12\xdf\x17\xaeN\x1e'
11E8E149-C79E-B56A-AF82-12DF17AE4E1E,2016-ncaa-d1-conf-ACC,ncaa,7,7,4,7,6,7,6,9,4,4,5,5,9,13,1,13,10,10,13,10,12,9,6,4,5,7,12,10,13,5,4,3,5,4,4,8,9,13,12,11,8,10,1,1,,,4,3,,,6,5,7,7,8,5,10,4,6,9,14,11,10,10,9,5,5,2,3,7,13,9,1,,2,,,6,6,6,12,3,3,6,2,15,15,12,15,1,2,1,2,3,10,9,5,4,7,15,15,1,13,5,4,4,6,4,13,14,13,13,14,13,13,13,11,,,11,13,,,6,9,8,7,7,7,7,14,1,6,15,15,1,2,2,12,9,12,5,6,12,13,13,13,,11,,,b'\x11\xe8\xe1I\xc7\x9e\xb5j\xaf\x82\x12\xdf\x17\xaeN\x1e'
11E8E149-C79E-B56A-AF82-12DF17AE4E1E,2016-ncaa-d1-natl,ncaa,95,87,99,97,118,96,75,154,27,48,90,42,204,263,46,275,164,142,269,133,192,149,100,38,54,121,291,258,249,90,27,48,123,54,31,109,211,333,290,219,107,119,22,10,,,150,114,,,50,109,140,223,96,58,195,43,105,213,276,192,157,150,188,108,99,38,35,112,309,114,19,,128,,,45,97,102,265,18,44,139,22,295,330,84,332,32,75,10,79,99,234,241,35,18,30,303,336,59,257,123,23,27,71,31,153,231,148,182,152,276,235,215,148,,,212,282,,,50,227,101,41,47,64,87,254,25,100,279,324,32,61,65,217,214,233,23,54,142,177,248,200,,250,,,b'\x11\xe8\xe1I\xc7\x9e\xb5j\xaf\x82\x12\xdf\x17\xaeN\x1e'
11E8E149-C79E-B56A-AF82-12DF17AE4E1E,2017-ncaa-d0-natl,ncaa,12,10,24,11,39,26,22,67,7,17,32,17,149,245,8,300,44,68,37,71,214,63,52,11,9,19,294,276,184,145,81,29,186,48,51,29,148,278,179,80,5,11,10,3,,,187,55,,,9,42,149,268,34,26,202,15,76,194,303,72,121,127,198,204,235,51,115,40,174,12,20,,70,,,8,104,117,308,3,55,181,17,292,348,2,339,46,72,46,78,85,298,318,5,5,3,297,331,70,334,186,50,81,194,51,184,255,27,52,47,269,184,94,29,,,144,289,,,9,310,23,4,8,13,16,216,4,34,231,332,20,32,37,150,233,284,7,49,92,50,173,49,,290,,,b'\x11\xe8\xe1I\xc7\x9e\xb5j\xaf\x82\x12\xdf\x17\xaeN\x1e'
11E8E149-C79E-B56A-AF82-12DF17AE4E1E,2017-ncaa-d1-conf-ACC,ncaa,2,2,1,2,2,5,4,8,3,4,4,4,8,10,2,11,7,8,3,8,11,8,7,3,2,4,11,11,10,11,10,2,6,5,7,3,6,10,11,6,1,2,1,1,,,2,1,,,3,7,10,6,8,5,12,4,8,9,14,7,10,10,12,14,13,2,9,4,7,2,1,,1,,,3,4,5,14,1,2,5,1,13,15,2,15,1,1,9,1,2,13,13,1,1,1,13,15,3,12,6,3,10,11,7,9,14,4,5,3,8,8,4,3,,,12,15,,,3,12,6,1,3,1,1,11,1,1,12,15,1,1,1,5,9,9,3,4,6,5,7,3,,15,,,b'\x11\xe8\xe1I\xc7\x9e\xb5j\xaf\x82\x12\xdf\x17\xaeN\x1e'
11E8E149-C79E-B56A-AF82-12DF17AE4E1E,2017-ncaa-d1-natl,ncaa,12,10,27,12,48,30,23,83,7,17,40,19,159,257,8,297,48,81,38,83,216,81,70,12,9,19,290,273,180,173,90,37,196,57,57,32,154,257,186,84,7,14,10,4,,,164,55,,,9,50,153,270,35,31,209,18,83,195,304,75,132,137,206,212,240,55,123,43,175,15,20,,75,,,8,69,91,305,4,38,138,18,287,348,2,339,37,56,49,60,87,291,314,5,5,3,294,331,69,330,196,24,90,154,57,168,257,34,63,50,250,189,84,31,,,173,288,,,9,303,23,5,8,14,19,217,7,36,238,335,20,31,36,155,229,284,7,51,96,56,176,49,,290,,,b'\x11\xe8\xe1I\xc7\x9e\xb5j\xaf\x82\x12\xdf\x17\xaeN\x1e'
11E8E149-C79E-B56A-AF82-12DF17AE4E1E,2017-ncaa-d1-ncaatournament,ncaa,17,2,17,17,18,17,18,21,6,16,17,6,44,43,43,57,15,20,8,20,20,19,17,14,12,14,57,63,13,18,5,17,14,16,2,16,14,45,46,21,9,3,11,1,,,42,28,,,7,18,13,6,7,7,30,3,11,53,56,7,15,14,23,14,19,3,3,5,47,2,1,,33,,,3,30,30,40,3,23,38,4,36,50,9,56,26,39,5,38,40,41,44,3,1,1,49,49,34,41,14,26,5,32,2,36,46,15,16,19,51,50,13,8,,,25,36,,,7,47,12,1,3,1,1,36,1,14,27,56,12,31,31,36,44,35,1,5,24,14,50,9,,26,,,b'\x11\xe8\xe1I\xc7\x9e\xb5j\xaf\x82\x12\xdf\x17\xaeN\x1e'
11E8E149-C79E-B56A-AF82-12DF17AE4E1E,2018-ncaa-d0-natl,ncaa,38,47,43,47,62,66,52,130,20,65,104,45,93,190,9,221,155,155,206,153,207,124,114,24,31,52,220,156,278,124,50,66,187,73,48,60,126,220,189,99,19,15,31,10,,,50,20,,,27,119,291,241,88,68,255,82,177,116,244,226,215,207,252,283,185,107,132,76,138,24,34,,17,,,25,81,103,270,10,22,93,25,327,347,64,348,6,12,34,15,45,232,256,29,17,15,333,349,15,293,187,46,50,121,48,217,312,83,118,124,154,123,156,110,,,226,271,,,27,236,44,24,17,18,30,146,4,15,298,339,3,8,8,71,97,227,13,44,138,134,93,108,,303,,,b'\x11\xe8\xe1I\xc7\x9e\xb5j\xaf\x82\x12\xdf\x17\xaeN\x1e'
11E8E149-C79E-B56A-AF82-12DF17AE4E1E,2018-ncaa-d1-conf-ACC,ncaa,5,4,11,5,13,11,11,12,4,9,12,6,5,10,2,5,11,10,10,10,6,12,13,3,3,5,4,4,11,12,6,9,11,11,6,6,3,6,11,6,3,1,1,1,,,2,2,,,4,15,15,5,8,7,12,8,11,5,7,9,8,8,11,12,10,6,9,4,9,2,1,,2,,,4,1,1,3,1,1,1,1,13,14,10,15,1,1,3,1,3,1,1,2,1,2,15,15,2,9,11,1,6,1,6,6,15,9,5,8,1,6,2,4,,,12,9,,,4,1,5,3,4,3,3,7,1,1,14,15,1,1,1,4,5,11,2,5,10,5,3,2,,12,,,b'\x11\xe8\xe1I\xc7\x9e\xb5j\xaf\x82\x12\xdf\x17\xaeN\x1e'
11E8E149-C79E-B56A-AF82-12DF17AE4E1E,2018-ncaa-d1-natl,ncaa,45,47,53,48,78,77,62,162,21,76,130,48,100,206,9,216,182,180,204,175,207,153,155,24,33,51,211,154,274,146,60,83,198,91,53,69,127,204,194,103,25,17,34,10,,,32,20,,,33,148,293,236,95,76,264,87,180,123,246,230,218,211,264,289,191,117,141,85,142,30,35,,18,,,30,45,71,253,14,12,61,25,320,345,72,347,5,8,38,10,46,201,225,33,19,20,332,349,14,285,198,25,60,91,53,206,317,104,124,136,134,128,152,117,,,251,271,,,33,204,46,32,21,19,31,149,5,17,302,339,4,8,9,75,98,233,14,47,152,140,95,118,,304,,,b'\x11\xe8\xe1I\xc7\x9e\xb5j\xaf\x82\x12\xdf\x17\xaeN\x1e'
11E8E149-C79E-B56A-AF82-12DF17AE4E1E,2018-ncaa-d1-ncaatournament,ncaa,9,2,9,9,9,15,15,15,29,12,11,31,24,22,33,49,10,14,17,14,29,16,16,36,31,34,43,43,22,13,28,14,44,14,29,17,43,53,37,36,5,1,13,27,,,47,8,,,10,16,56,7,40,36,52,26,31,45,52,21,28,30,52,52,29,23,25,40,28,1,19,,7,,,12,48,50,52,1,43,51,3,51,52,17,50,26,45,1,46,20,51,54,3,1,1,37,50,10,59,44,53,28,56,29,51,41,8,20,15,54,36,62,56,,,13,25,,,10,49,31,4,8,2,5,39,4,22,34,47,2,12,12,21,36,61,18,35,21,17,34,58,,30,,,b'\x11\xe8\xe1I\xc7\x9e\xb5j\xaf\x82\x12\xdf\x17\xaeN\x1e'
11E8E149-C79E-B56A-AF82-12DF17AE4E1E,2019-ncaa-d0-natl,ncaa,163,152,173,165,192,201,155,243,61,137,171,106,191,263,49,237,287,256,296,269,274,257,214,75,104,182,263,193,303,203,124,211,266,209,165,195,245,293,309,254,82,68,117,78,,,46,42,,,142,222,211,94,188,135,259,120,155,186,260,299,262,274,280,208,202,214,213,186,289,73,102,,55,,,143,91,116,174,88,77,88,151,232,288,76,318,42,38,155,38,81,131,162,108,87,69,230,296,62,265,266,39,124,94,165,198,275,119,93,151,286,295,153,157,,,316,327,,,142,138,178,93,139,105,130,200,85,73,263,313,55,47,45,142,205,277,45,119,217,97,288,169,,326,,,b'\x11\xe8\xe1I\xc7\x9e\xb5j\xaf\x82\x12\xdf\x17\xaeN\x1e'
11E8E149-C79E-B56A-AF82-12DF17AE4E1E,2019-ncaa-d1-conf-ACC,ncaa,9,10,4,10,5,11,10,12,7,9,9,10,7,11,4,10,12,10,12,10,11,13,9,8,8,9,9,8,10,13,10,9,13,12,12,6,6,12,13,10,4,5,5,6,,,5,4,,,9,8,14,3,12,12,14,10,10,7,12,12,11,11,14,12,13,11,13,8,11,5,7,,4,,,9,3,4,7,5,5,5,6,5,8,4,11,4,4,6,4,5,6,9,5,5,4,7,10,4,11,13,4,10,10,12,6,12,6,5,5,14,14,5,6,,,14,14,,,9,7,9,4,9,2,3,5,4,4,5,9,4,4,4,4,7,11,4,10,7,6,12,5,,14,,,b'\x11\xe8\xe1I\xc7\x9e\xb5j\xaf\x82\x12\xdf\x17\xaeN\x1e'
11E8E149-C79E-B56A-AF82-12DF17AE4E1E,2019-ncaa-d1-natl,ncaa,182,152,233,177,250,236,196,285,72,167,211,119,211,281,54,237,304,280,298,285,274,295,271,82,112,189,262,192,300,239,138,256,276,257,175,229,254,273,316,265,109,75,129,85,,,32,42,,,166,274,216,86,198,145,268,134,160,190,266,301,267,274,285,215,215,224,225,200,298,79,106,,54,,,166,57,85,119,94,59,52,158,221,271,83,318,35,30,167,29,82,81,104,122,96,83,229,297,62,236,276,14,138,57,175,179,280,152,98,166,267,304,140,164,,,333,328,,,166,81,194,112,159,116,145,202,94,81,264,312,53,48,45,147,198,284,49,121,227,97,287,174,,330,,,b'\x11\xe8\xe1I\xc7\x9e\xb5j\xaf\x82\x12\xdf\x17\xaeN\x1e'
11E8E149-C79E-B56A-AF82-12DF17AE4E1E,2020-ncaa-d0-natl,ncaa,104,109,87,116,136,104,80,165,53,64,118,57,192,221,112,227,177,205,133,212,239,171,112,73,70,124,272,236,237,99,55,191,286,144,114,95,173,298,275,200,20,33,64,49,,,98,48,,,102,141,137,213,114,80,184,63,128,206,230,186,216,226,205,123,115,212,160,103,289,29,67,,85,,,104,169,190,239,108,136,107,206,270,329,60,333,78,79,173,78,116,209,266,132,111,71,234,292,68,302,286,39,55,129,114,257,274,47,74,126,212,168,21,13,,,255,302,,,102,230,109,101,99,141,161,225,113,68,269,329,76,77,76,178,264,297,29,106,245,56,195,19,,278,,,b'\x11\xe8\xe1I\xc7\x9e\xb5j\xaf\x82\x12\xdf\x17\xaeN\x1e'
11E8E149-C79E-B56A-AF82-12DF17AE4E1E,2020-ncaa-d1-conf-ACC,ncaa,5,3,10,3,12,9,5,13,3,4,12,3,8,10,5,6,15,15,6,15,15,14,14,4,4,5,12,8,14,13,5,14,12,13,8,5,6,11,13,9,1,1,7,3,,,2,3,,,4,12,7,5,7,3,9,2,10,8,8,15,15,15,13,8,11,13,12,3,12,1,5,,3,,,4,3,2,4,4,3,2,12,6,10,3,13,5,5,8,5,11,3,5,5,5,2,10,9,10,7,12,1,5,3,8,5,10,2,2,3,9,11,1,1,,,15,15,,,4,3,5,3,4,4,3,4,4,2,6,11,6,7,6,4,9,11,1,5,7,1,11,1,,15,,,b'\x11\xe8\xe1I\xc7\x9e\xb5j\xaf\x82\x12\xdf\x17\xaeN\x1e'
11E8E149-C79E-B56A-AF82-12DF17AE4E1E,2020-ncaa-d1-natl,ncaa,114,109,128,120,202,130,93,201,57,76,148,60,207,237,120,228,198,228,130,236,239,212,151,79,76,136,273,235,232,122,57,222,292,182,123,115,175,287,281,206,34,39,72,49,,,79,50,,,118,181,139,201,121,85,193,64,133,207,234,191,215,226,213,129,121,218,174,112,291,33,69,,86,,,118,138,171,213,119,123,81,215,257,326,62,335,67,70,177,70,118,170,230,145,124,80,233,292,70,298,292,28,57,100,123,246,275,66,79,135,195,175,17,14,,,275,297,,,118,186,115,112,113,149,171,229,119,75,269,328,78,77,76,184,264,299,31,109,251,61,198,19,,278,,,b'\x11\xe8\xe1I\xc7\x9e\xb5j\xaf\x82\x12\xdf\x17\xaeN\x1e'
11E8E149-C79E-B56A-AF82-12DF17AE4E1E,2021-ncaa-d0-natl,ncaa,307,1,341,35,342,339,339,342,10,339,341,9,338,340,63,116,342,342,241,342,290,342,342,12,25,36,266,140,337,338,1,339,41,339,2,338,132,3,185,86,342,315,342,315,,,2,7,,,122,342,233,224,32,14,77,21,149,71,99,290,285,274,125,99,4,5,3,20,217,320,271,,7,,,15,2,2,3,39,3,3,47,2,2,24,34,1,2,5,2,1,2,2,24,9,49,1,40,5,2,41,2,1,2,2,2,1,342,340,140,4,253,2,35,,,342,340,,,122,2,8,58,11,61,194,329,277,342,31,68,4,5,4,274,123,182,1,4,3,340,268,30,,336,,,b'\x11\xe8\xe1I\xc7\x9e\xb5j\xaf\x82\x12\xdf\x17\xaeN\x1e'
11E8E149-C79E-B56A-AF82-12DF17AE4E1E,2021-ncaa-d1-conf-ACC,ncaa,14,1,15,14,15,15,15,15,14,14,15,6,15,15,15,12,15,15,15,15,15,15,15,14,15,15,15,15,15,15,4,15,7,15,6,15,15,1,15,15,15,15,15,9,,,1,1,,,8,15,13,9,15,14,7,2,2,15,13,15,15,15,15,7,4,11,6,15,15,15,9,,1,,,15,1,1,1,13,1,1,8,1,1,15,3,1,1,15,1,1,1,1,14,14,15,6,9,3,1,7,1,4,1,6,1,1,15,15,2,1,9,1,9,,,15,15,,,8,1,15,15,15,13,15,13,13,15,10,3,5,1,1,9,3,7,10,10,1,15,9,12,,15,,,b'\x11\xe8\xe1I\xc7\x9e\xb5j\xaf\x82\x12\xdf\x17\xaeN\x1e'
11E8E149-C79E-B56A-AF82-12DF17AE4E1E,2021-ncaa-d1-natl,ncaa,312,1,341,37,342,339,339,342,10,339,341,9,338,340,65,116,342,342,237,342,290,342,342,12,25,37,266,135,337,338,1,339,44,339,2,338,138,3,193,87,342,317,343,316,,,1,7,,,133,342,237,225,35,16,80,23,150,70,99,290,287,277,127,101,4,5,3,22,218,323,273,,7,,,17,2,2,3,40,3,3,46,1,2,26,31,1,1,6,1,1,2,2,24,10,56,1,40,5,2,44,1,1,1,2,1,1,342,340,144,4,259,2,37,,,342,339,,,133,2,9,64,12,64,204,329,280,342,31,65,4,5,4,279,122,186,1,4,3,340,269,31,,335,,,b'\x11\xe8\xe1I\xc7\x9e\xb5j\xaf\x82\x12\xdf\x17\xaeN\x1e'
11E8E149-C79E-B56A-AF82-12DF17AE4E1E,2022-ncaa-d0-natl,ncaa,123,134,112,139,148,130,116,125,118,149,179,99,84,77,154,86,260,226,306,228,227,137,118,107,143,161,161,102,307,80,75,110,185,85,103,104,127,258,215,159,227,256,70,117,,,81,55,,,121,141,175,275,141,115,134,171,228,90,82,288,254,260,174,139,86,113,78,112,228,256,64,,52,,,120,172,241,264,142,281,317,73,103,53,292,18,47,53,97,46,10,237,215,116,87,125,21,90,43,246,185,174,75,202,103,82,13,214,253,138,183,146,215,215,,,213,294,,,121,206,141,137,129,138,210,258,265,341,73,30,39,43,37,210,182,222,119,168,60,260,162,196,,272,,,b'\x11\xe8\xe1I\xc7\x9e\xb5j\xaf\x82\x12\xdf\x17\xaeN\x1e'
11E8E149-C79E-B56A-AF82-12DF17AE4E1E,2022-ncaa-d1-conf-ACC,ncaa,10,10,4,10,9,13,13,10,10,13,13,10,6,5,10,3,11,9,14,10,6,11,11,9,11,11,3,3,11,7,8,8,10,8,11,10,8,10,11,10,14,14,9,11,,,5,6,,,10,12,13,11,13,14,10,13,13,7,5,14,9,10,10,11,9,8,8,10,10,14,8,,5,,,10,9,13,11,11,12,14,9,6,2,15,1,5,6,3,6,4,9,5,10,8,12,3,4,4,12,10,9,8,12,11,7,3,15,14,12,6,10,9,14,,,11,9,,,10,4,11,12,10,9,12,11,12,14,4,1,5,6,6,10,5,11,10,13,5,14,7,10,,11,,,b'\x11\xe8\xe1I\xc7\x9e\xb5j\xaf\x82\x12\xdf\x17\xaeN\x1e'
11E8E149-C79E-B56A-AF82-12DF17AE4E1E,2022-ncaa-d1-natl,ncaa,135,134,146,146,196,172,148,154,132,185,216,106,99,95,161,83,278,253,306,255,230,175,155,113,152,170,152,99,303,97,80,139,190,115,112,129,134,235,216,169,262,274,77,124,,,57,59,,,149,187,178,275,158,130,149,180,235,96,84,291,256,261,185,146,91,127,85,127,233,270,67,,55,,,147,142,212,234,159,258,311,83,90,37,298,18,37,40,106,36,11,196,167,127,95,141,21,87,44,222,190,137,80,167,112,60,14,251,263,152,160,155,197,221,,,252,290,,,149,160,152,148,155,150,225,260,274,342,82,31,39,45,38,213,178,226,128,174,66,265,168,205,,271,,,b'\x11\xe8\xe1I\xc7\x9e\xb5j\xaf\x82\x12\xdf\x17\xaeN\x1e'
11E8E149-C79E-B56A-AF82-12DF17AE4E1E,2023-ncaa-d0-natl,ncaa,27,20,46,26,64,113,91,95,123,60,53,169,221,247,162,296,203,195,172,190,325,105,99,164,178,168,322,278,272,81,64,70,17,63,24,84,111,237,171,118,43,29,13,4,,,249,232,,,23,106,269,261,192,139,182,83,86,267,297,260,273,267,220,231,120,109,92,116,162,61,11,,157,,,21,21,26,144,8,43,221,6,38,75,41,80,95,90,213,99,82,129,225,8,9,3,131,99,244,52,17,148,64,90,24,5,10,21,20,1,229,173,93,29,,,135,221,,,23,256,152,3,21,1,2,18,8,89,12,28,53,45,51,9,48,16,42,16,2,42,164,44,,231,,,b'\x11\xe8\xe1I\xc7\x9e\xb5j\xaf\x82\x12\xdf\x17\xaeN\x1e'
11E8E149-C79E-B56A-AF82-12DF17AE4E1E,2023-ncaa-d1-conf-ACC,ncaa,3,3,4,3,10,13,12,15,11,13,11,14,9,14,3,12,13,12,11,10,8,15,14,11,11,10,7,8,8,6,4,10,2,9,5,13,10,9,12,11,6,4,1,1,,,7,13,,,5,14,15,12,14,14,14,13,12,9,14,13,13,13,14,13,6,11,11,12,8,6,1,,7,,,5,1,1,1,3,2,5,1,2,1,5,3,4,3,11,4,7,1,1,2,2,1,8,7,13,2,2,4,4,1,5,1,2,2,1,1,11,12,2,2,,,7,4,,,5,2,10,1,3,1,1,1,2,5,2,1,3,3,4,1,1,2,5,2,1,2,11,2,,8,,,b'\x11\xe8\xe1I\xc7\x9e\xb5j\xaf\x82\x12\xdf\x17\xaeN\x1e'
11E8E149-C79E-B56A-AF82-12DF17AE4E1E,2023-ncaa-d1-natl,ncaa,28,20,56,27,78,141,110,111,130,73,61,178,234,266,163,298,222,215,170,211,327,129,117,171,184,175,321,281,267,96,69,87,20,78,28,97,117,217,177,122,55,38,13,4,,,226,244,,,24,137,275,254,211,153,200,91,88,270,302,263,273,270,231,239,127,118,103,127,162,75,10,,164,,,22,12,13,105,9,34,186,7,32,56,42,80,77,74,225,83,85,88,175,9,10,3,128,97,243,40,20,106,69,60,28,4,11,30,23,2,203,179,77,30,,,166,218,,,24,229,160,3,21,2,2,18,8,92,15,28,53,47,52,10,46,17,41,16,2,46,163,55,,227,,,b'\x11\xe8\xe1I\xc7\x9e\xb5j\xaf\x82\x12\xdf\x17\xaeN\x1e'
11E8E149-C79E-B56A-AF82-12DF17AE4E1E,2023-ncaa-d1-ncaatournament,ncaa,18,2,18,18,18,20,19,22,13,19,25,5,28,21,44,31,35,36,23,34,57,23,22,15,19,22,61,44,56,23,14,22,7,22,5,20,27,49,50,34,10,1,13,12,,,44,33,,,9,19,34,3,19,8,21,6,24,35,29,46,52,51,26,16,20,17,16,12,53,1,7,,31,,,5,35,40,39,29,46,46,30,12,26,13,10,14,19,19,18,3,37,42,20,14,2,4,10,11,23,7,36,14,34,5,19,8,13,2,4,47,34,3,3,,,32,54,,,9,48,24,1,4,2,20,19,41,47,7,5,3,5,5,7,32,6,11,6,6,1,39,3,,51,,,b'\x11\xe8\xe1I\xc7\x9e\xb5j\xaf\x82\x12\xdf\x17\xaeN\x1e'
11E8E149-C79E-B56A-AF82-12DF17AE4E1E,2024-ncaa-d0-natl,ncaa,65,82,29,78,36,70,51,78,44,41,68,44,139,152,144,210,165,218,39,219,312,93,62,67,72,102,290,232,293,54,25,54,124,44,22,63,137,335,256,150,63,84,6,5,,,315,272,,,41,70,224,71,113,74,181,52,138,187,213,241,286,284,224,168,101,108,87,77,264,98,6,,241,,,44,159,124,250,25,142,307,9,113,98,222,39,269,298,65,298,195,266,295,18,21,17,193,116,298,246,124,68,25,121,22,45,28,47,86,11,320,249,202,118,,,171,313,,,41,295,85,18,41,32,22,88,45,218,51,30,190,219,215,95,151,155,6,22,11,98,256,130,,292,,,b'\x11\xe8\xe1I\xc7\x9e\xb5j\xaf\x82\x12\xdf\x17\xaeN\x1e'
11E8E149-C79E-B56A-AF82-12DF17AE4E1E,2024-ncaa-d1-conf-ACC,ncaa,7,7,4,7,7,10,7,13,2,6,11,1,11,10,11,8,11,12,4,12,14,13,11,3,3,7,13,9,13,9,4,5,3,6,2,3,5,14,14,10,6,5,2,1,,,11,14,,,3,9,13,11,12,9,14,6,12,12,9,11,13,13,14,14,9,6,9,4,14,6,1,,10,,,3,1,1,2,1,2,8,1,2,1,12,1,12,13,4,13,12,2,6,1,3,2,11,7,14,3,3,1,4,1,2,1,3,4,3,1,13,13,3,3,,,11,10,,,3,7,8,1,2,1,1,2,1,7,1,1,11,13,13,2,3,3,1,1,1,5,13,2,,11,,,b'\x11\xe8\xe1I\xc7\x9e\xb5j\xaf\x82\x12\xdf\x17\xaeN\x1e'
11E8E149-C79E-B56A-AF82-12DF17AE4E1E,2024-ncaa-d1-natl,ncaa,76,83,38,82,45,87,65,101,48,47,90,50,160,175,149,213,184,243,40,244,313,122,80,70,77,113,290,233,293,71,28,81,134,58,26,74,142,325,261,169,75,96,6,5,,,306,280,,,47,92,230,69,122,84,196,61,144,196,221,245,293,292,233,180,113,118,99,92,271,112,6,,247,,,48,122,92,220,28,118,293,10,101,74,230,35,249,279,69,279,201,243,274,27,30,25,193,112,297,226,134,37,28,86,26,29,31,65,102,13,307,254,189,127,,,203,313,,,47,274,96,27,48,38,30,92,50,222,55,30,197,226,223,101,148,157,6,24,15,111,261,141,,296,,,b'\x11\xe8\xe1I\xc7\x9e\xb5j\xaf\x82\x12\xdf\x17\xaeN\x1e'
11E8E149-C79E-B56A-AF82-12DF17AE4E1E,2024-ncaa-d1-ncaatournament,ncaa,9,3,9,9,10,16,15,15,30,15,13,29,20,18,34,45,11,17,8,17,33,15,15,29,24,33,39,42,24,6,4,13,4,11,1,17,34,62,54,46,15,33,12,11,,,55,41,,,16,16,61,5,39,40,52,34,38,42,50,25,33,33,55,49,14,22,12,38,47,38,12,,28,,,17,53,53,53,35,54,54,34,46,47,29,23,46,51,10,51,29,53,53,33,27,24,15,17,29,31,4,48,4,39,1,59,48,13,29,37,60,52,44,24,,,17,46,,,16,53,18,8,11,5,14,13,21,29,12,12,15,23,24,6,3,5,1,1,30,44,50,18,,53,,,b'\x11\xe8\xe1I\xc7\x9e\xb5j\xaf\x82\x12\xdf\x17\xaeN\x1e'
11E8E149-C79E-B56A-AF82-12DF17AE4E1E,2025-ncaa-d0-natl,genius_ncaa,11,37,6,31,6,22,14,9,58,9,5,92,89,115,70,283,99,69,281,65,322,12,10,83,104,94,315,245,325,5,8,43,124,15,18,13,81,304,68,49,14,29,21,49,,,337,160,,314,12,14,176,152,56,31,32,23,30,183,236,244,211,210,50,69,16,214,46,29,103,31,46,,148,,213,17,232,254,308,71,307,345,47,69,88,95,16,248,257,161,269,97,310,351,35,34,10,40,28,223,263,124,252,8,272,18,107,32,3,17,4,279,84,300,81,,,60,306,,82,12,351,48,8,12,20,34,47,104,222,7,11,106,103,109,38,166,94,25,30,14,20,122,176,,240,,164,b'\x11\xe8\xe1I\xc7\x9e\xb5j\xaf\x82\x12\xdf\x17\xaeN\x1e'
11E8E149-C79E-B56A-AF82-12DF17AE4E1E,2025-ncaa-d1-conf-ACC,genius_ncaa,1,3,1,3,1,4,3,2,8,3,1,10,10,8,10,14,11,9,16,9,16,2,1,11,13,10,18,14,16,1,1,6,12,3,2,1,3,13,5,4,1,1,3,2,,,16,12,,16,2,5,17,12,9,6,8,5,7,14,14,15,13,13,9,8,2,15,5,4,6,2,4,,11,,14,2,1,1,5,2,3,11,2,1,1,2,1,10,12,3,14,12,5,15,2,2,1,4,1,17,15,12,8,1,10,2,1,3,1,1,1,9,4,13,7,,,6,12,,3,2,15,6,1,2,1,1,1,1,5,1,1,7,7,8,1,3,9,1,3,1,1,5,9,,11,,4,b'\x11\xe8\xe1I\xc7\x9e\xb5j\xaf\x82\x12\xdf\x17\xaeN\x1e'
11E8E149-C79E-B56A-AF82-12DF17AE4E1E,2025-ncaa-d1-natl,genius_ncaa,14,37,6,34,7,28,15,10,61,10,5,95,101,130,76,283,117,80,286,79,324,13,10,90,113,97,314,245,321,6,8,52,127,15,20,14,86,283,70,49,17,34,21,50,,,328,168,,309,15,19,185,151,62,34,36,25,31,186,239,245,212,210,52,76,17,223,53,31,104,36,46,,157,,221,19,205,231,296,81,299,341,53,56,67,105,15,231,237,167,251,100,301,347,45,39,13,38,29,221,251,127,229,8,247,20,88,34,5,18,6,257,93,293,83,,,75,306,,91,15,350,54,9,16,22,36,51,106,227,8,11,107,103,111,40,162,97,26,33,15,21,124,181,,243,,162,b'\x11\xe8\xe1I\xc7\x9e\xb5j\xaf\x82\x12\xdf\x17\xaeN\x1e'
11E8E149-C79E-B56A-AF82-12DF17AE4E1E,2025-ncaa-d1-ncaatournament,genius_ncaa,5,2,5,5,5,10,10,7,46,12,8,50,5,4,32,29,13,10,58,10,27,7,7,42,44,45,20,22,42,2,4,9,19,8,6,11,22,63,34,36,7,17,11,19,,,61,35,,57,5,8,61,7,41,43,37,47,43,24,26,40,32,31,33,38,9,31,10,34,31,24,23,,19,,37,5,53,53,58,3,55,62,2,37,48,13,16,52,56,11,58,27,59,61,2,2,1,22,22,41,60,19,62,4,62,6,27,1,4,2,1,63,37,50,21,,,9,43,,1,5,61,30,1,3,1,1,3,1,15,3,5,11,12,13,1,5,15,17,11,1,8,32,14,,44,,11,b'\x11\xe8\xe1I\xc7\x9e\xb5j\xaf\x82\x12\xdf\x17\xaeN\x1e'
11E8E149-C79E-B56A-AF82-12DF17AE4E1E,2026-ncaa-d0-natl,genius_ncaa,163,250,49,216,73,85,80,65,137,75,50,166,111,124,119,249,105,65,317,60,172,62,56,142,173,156,237,202,219,59,129,84,151,65,135,54,60,283,146,104,101,147,6,11,,,239,103,,227,118,62,88,97,115,108,84,92,83,171,212,162,101,101,78,76,81,132,95,62,188,137,6,,131,,154,125,295,293,301,133,311,338,85,170,143,232,29,299,260,340,269,100,304,293,112,138,153,103,75,246,262,151,307,129,303,135,274,162,98,186,172,292,179,229,122,,,75,196,,241,118,299,149,140,130,182,181,229,235,329,74,47,226,171,190,230,234,172,227,200,174,166,221,156,,150,,294,b'\x11\xe8\xe1I\xc7\x9e\xb5j\xaf\x82\x12\xdf\x17\xaeN\x1e'
11E8E149-C79E-B56A-AF82-12DF17AE4E1E,2026-ncaa-d1-conf-ACC,genius_ncaa,1,1,1,1,1,4,6,7,7,4,6,6,7,8,7,8,1,1,9,1,1,3,1,7,6,7,4,8,1,1,3,1,2,1,1,4,3,10,10,8,2,2,1,3,,,6,6,,10,3,1,1,1,4,6,7,4,6,7,8,1,1,1,3,1,1,1,1,4,10,2,1,,6,,10,3,1,1,6,1,1,9,1,5,6,6,5,8,7,8,7,4,9,8,1,1,1,10,8,9,4,2,5,3,6,1,2,6,3,4,2,10,10,7,7,,,1,4,,5,3,8,6,1,3,1,1,6,1,9,5,6,8,7,7,9,8,4,5,6,2,3,10,7,,1,,5,b'\x11\xe8\xe1I\xc7\x9e\xb5j\xaf\x82\x12\xdf\x17\xaeN\x1e'
11E8E149-C79E-B56A-AF82-12DF17AE4E1E,2026-ncaa-d1-natl,genius_ncaa,203,249,85,236,117,126,116,96,161,103,76,200,145,172,131,249,137,97,321,92,163,93,92,178,205,195,226,198,198,85,159,120,172,97,167,68,63,237,166,125,154,191,8,10,,,196,117,,201,174,102,101,100,150,137,107,120,95,186,223,172,116,114,102,100,97,150,121,77,199,175,6,,140,,160,175,258,253,261,175,289,329,105,126,86,267,25,275,222,348,238,105,265,256,145,168,200,94,69,243,225,172,278,159,268,167,255,173,155,225,220,253,196,208,142,,,104,193,,268,174,259,183,190,178,216,217,239,267,339,84,43,241,185,202,246,230,179,241,219,207,202,223,177,,149,,289,b'\x11\xe8\xe1I\xc7\x9e\xb5j\xaf\x82\x12\xdf\x17\xaeN\x1e'
11E8E149-C7A2-F6F2-AF82-12DF17AE4E1E,2010-ncaa-d0-natl,ncaa,86,86,81,90,81,122,110,67,210,141,109,214,81,71,144,104,204,204,181,205,272,81,86,199,216,190,138,85,264,125,235,132,245,126,259,62,36,198,126,72,29,44,74,71,,,158,55,,,142,79,144,5,145,129,68,172,152,98,85,247,243,240,99,113,157,186,176,52,159,36,75,,106,,,144,231,221,250,125,185,230,102,261,252,240,222,183,185,144,189,164,251,274,143,142,86,227,246,146,276,245,319,235,320,259,297,293,39,62,147,130,88,336,322,,,214,314,,,142,273,198,97,144,163,163,198,131,167,240,224,143,154,153,201,264,252,291,287,262,51,101,330,,281,,,b'\x11\xe8\xe1I\xc7\xa2\xf6\xf2\xaf\x82\x12\xdf\x17\xaeN\x1e'
11E8E149-C7A2-F6F2-AF82-12DF17AE4E1E,2010-ncaa-d1-conf-Atlantic 10,ncaa,4,4,3,4,3,8,8,6,14,9,6,14,6,4,11,5,7,8,5,8,8,5,5,13,11,9,4,6,4,6,10,6,11,5,11,8,3,5,3,4,2,3,6,6,,,7,2,,,8,6,5,1,8,9,5,11,7,7,3,7,8,8,5,6,7,7,5,7,5,2,7,,4,,,8,11,10,12,4,9,12,4,11,12,5,10,7,5,5,6,3,11,14,5,4,3,9,11,5,14,11,14,10,14,11,12,11,3,3,5,2,4,14,14,,,8,11,,,8,9,10,6,7,7,7,12,6,12,10,12,4,5,6,12,14,14,14,14,10,3,2,14,,8,,,b'\x11\xe8\xe1I\xc7\xa2\xf6\xf2\xaf\x82\x12\xdf\x17\xaeN\x1e'
11E8E149-C7A2-F6F2-AF82-12DF17AE4E1E,2010-ncaa-d1-natl,ncaa,89,86,91,91,91,131,119,71,215,150,117,219,87,75,146,103,213,215,181,215,274,89,99,204,220,190,135,88,260,134,239,142,253,139,265,66,36,183,126,75,31,45,78,75,,,136,56,,,152,89,145,5,153,135,70,182,153,98,86,251,245,242,105,116,161,189,181,53,160,37,76,,106,,,154,224,212,241,128,174,222,109,253,243,240,222,173,175,144,179,161,238,266,147,145,94,226,244,145,274,253,312,239,317,265,293,293,43,68,153,120,88,335,324,,,225,314,,,152,263,201,104,153,166,173,202,132,169,242,226,144,156,155,202,262,254,293,290,266,56,104,329,,279,,,b'\x11\xe8\xe1I\xc7\xa2\xf6\xf2\xaf\x82\x12\xdf\x17\xaeN\x1e'
11E8E149-C7A2-F6F2-AF82-12DF17AE4E1E,2011-ncaa-d0-natl,ncaa,30,36,43,38,62,51,41,62,53,60,78,70,75,94,56,152,106,118,135,123,210,58,49,56,64,78,186,138,243,96,127,48,109,48,78,26,52,287,185,70,23,27,28,37,,,298,230,,,46,46,77,223,62,49,100,73,137,96,139,147,166,172,106,93,150,70,86,29,214,27,31,,249,,,46,223,165,269,51,154,268,35,191,199,167,147,293,301,164,298,245,284,294,51,74,59,261,180,286,236,109,241,127,254,78,165,190,40,74,59,215,134,303,240,,,114,263,,,46,297,84,52,47,116,76,150,76,178,138,142,245,251,242,175,242,154,124,135,106,68,159,267,,202,,,b'\x11\xe8\xe1I\xc7\xa2\xf6\xf2\xaf\x82\x12\xdf\x17\xaeN\x1e'
11E8E149-C7A2-F6F2-AF82-12DF17AE4E1E,2011-ncaa-d1-conf-Atlantic 10,ncaa,6,3,7,6,7,5,6,8,4,7,10,4,2,6,3,3,6,6,2,6,4,8,6,2,2,4,5,4,8,10,7,7,8,7,5,5,2,11,12,4,6,3,3,2,,,12,12,,,5,6,5,2,5,4,8,7,10,2,2,3,6,6,8,6,10,6,6,2,12,3,2,,14,,,5,8,4,6,6,3,6,5,6,6,10,5,14,14,5,14,14,7,7,6,7,7,13,6,14,7,8,2,7,2,5,3,6,6,4,3,12,11,5,8,,,7,6,,,5,7,4,8,6,10,6,6,6,7,7,6,13,14,14,9,11,10,3,5,4,3,13,8,,4,,,b'\x11\xe8\xe1I\xc7\xa2\xf6\xf2\xaf\x82\x12\xdf\x17\xaeN\x1e'
11E8E149-C7A2-F6F2-AF82-12DF17AE4E1E,2011-ncaa-d1-natl,ncaa,34,35,51,39,75,56,45,69,55,64,89,70,79,107,60,150,115,129,134,136,210,68,58,56,68,83,183,135,240,107,132,57,110,58,81,29,51,276,188,73,27,33,32,37,,,290,231,,,50,54,78,218,65,51,102,74,143,101,137,147,174,181,108,95,151,69,91,29,216,28,32,,250,,,51,205,148,253,54,137,255,36,183,185,171,148,288,294,167,290,245,273,285,56,78,62,260,177,286,220,110,222,132,238,81,153,186,46,81,63,202,136,299,248,,,129,262,,,50,289,86,54,50,121,78,151,78,181,136,143,248,251,240,178,242,157,124,138,109,76,161,271,,202,,,b'\x11\xe8\xe1I\xc7\xa2\xf6\xf2\xaf\x82\x12\xdf\x17\xaeN\x1e'
11E8E149-C7A2-F6F2-AF82-12DF17AE4E1E,2012-ncaa-d0-natl,ncaa,87,87,81,86,93,72,52,66,58,41,67,46,162,143,221,188,132,116,200,113,219,72,89,80,95,61,277,236,246,87,91,228,104,160,117,30,62,85,41,22,18,8,163,137,,,214,209,,,45,98,178,129,70,46,76,40,89,177,163,169,156,150,79,140,107,294,223,27,52,13,188,,159,,,46,162,129,99,206,102,87,185,221,179,262,224,214,164,320,164,222,106,206,220,251,113,276,251,246,65,104,182,91,121,117,172,218,25,18,42,105,65,187,104,,,93,155,,,45,238,55,73,45,96,80,30,59,30,190,146,180,132,132,26,110,24,125,58,133,23,86,154,,139,,,b'\x11\xe8\xe1I\xc7\xa2\xf6\xf2\xaf\x82\x12\xdf\x17\xaeN\x1e'
11E8E149-C7A2-F6F2-AF82-12DF17AE4E1E,2012-ncaa-d1-conf-Atlantic 10,ncaa,6,7,4,7,5,5,5,4,8,6,5,9,9,7,8,10,3,3,8,3,3,5,5,8,6,7,7,8,3,5,5,9,9,7,8,3,2,8,6,5,1,1,5,5,,,12,13,,,4,5,6,7,7,6,4,7,6,9,9,3,3,3,3,5,6,10,8,6,7,1,8,,13,,,4,4,1,3,5,1,2,5,12,12,11,12,12,12,13,12,13,4,11,8,8,4,13,12,13,5,9,7,5,8,8,5,11,2,1,3,11,10,5,5,,,4,6,,,4,10,7,4,4,4,1,2,1,1,11,11,12,8,9,2,8,5,4,5,6,2,9,6,,4,,,b'\x11\xe8\xe1I\xc7\xa2\xf6\xf2\xaf\x82\x12\xdf\x17\xaeN\x1e'
11E8E149-C7A2-F6F2-AF82-12DF17AE4E1E,2012-ncaa-d1-natl,ncaa,90,86,90,88,102,82,57,74,59,45,72,48,167,147,221,188,142,132,198,126,220,79,101,84,96,65,275,236,243,94,96,257,108,184,123,33,65,73,42,22,20,9,173,141,,,197,215,,,51,121,180,125,74,52,79,42,94,178,163,173,155,151,84,144,112,294,232,28,52,16,192,,163,,,49,143,108,73,209,78,66,192,212,163,266,222,201,151,320,148,228,80,179,223,254,124,273,250,248,51,108,160,96,99,123,160,222,28,18,48,90,68,176,108,,,106,152,,,51,215,57,83,48,103,87,30,63,32,192,149,186,134,135,25,109,25,126,60,137,24,86,155,,138,,,b'\x11\xe8\xe1I\xc7\xa2\xf6\xf2\xaf\x82\x12\xdf\x17\xaeN\x1e'
11E8E149-C7A2-F6F2-AF82-12DF17AE4E1E,2013-ncaa-d0-natl,ncaa,42,28,80,37,86,141,114,53,247,116,79,221,124,70,257,121,273,216,315,217,302,65,85,244,282,216,216,142,306,31,77,252,232,123,198,106,133,93,54,80,2,1,34,16,,,264,268,,,49,125,215,77,188,132,41,141,105,141,88,299,255,256,61,117,30,316,174,114,66,1,36,,235,,,47,29,17,43,37,38,77,45,20,48,28,83,279,257,284,253,294,59,218,27,61,7,224,49,336,171,232,294,77,273,198,55,224,8,1,4,62,45,241,174,,,149,254,,,49,219,159,7,46,17,5,3,24,29,14,30,251,231,225,6,136,121,266,218,35,4,59,217,,219,,,b'\x11\xe8\xe1I\xc7\xa2\xf6\xf2\xaf\x82\x12\xdf\x17\xaeN\x1e'
11E8E149-C7A2-F6F2-AF82-12DF17AE4E1E,2013-ncaa-d1-conf-Atlantic 10,ncaa,5,5,4,5,4,5,3,2,8,5,4,7,5,5,8,10,15,10,16,11,15,3,5,7,8,7,12,8,16,4,5,12,8,8,10,4,9,7,2,4,1,1,4,3,,,14,13,,,4,6,6,1,5,4,1,5,5,6,7,16,13,14,2,5,4,16,9,4,7,1,4,,13,,,4,4,2,3,6,3,5,6,6,6,8,8,12,11,10,11,15,3,12,6,7,1,12,8,15,4,8,15,5,11,10,4,11,1,1,1,5,4,6,4,,,7,12,,,4,13,6,1,5,2,1,1,2,1,5,4,11,11,11,1,11,3,13,10,5,1,6,5,,8,,,b'\x11\xe8\xe1I\xc7\xa2\xf6\xf2\xaf\x82\x12\xdf\x17\xaeN\x1e'
11E8E149-C7A2-F6F2-AF82-12DF17AE4E1E,2013-ncaa-d1-natl,ncaa,42,28,90,37,98,152,126,61,256,129,94,227,131,76,259,120,278,229,315,232,303,78,101,250,282,219,211,139,304,34,81,273,237,140,206,115,135,80,56,82,2,1,37,16,,,255,270,,,51,148,216,76,197,138,41,153,111,139,90,299,256,255,65,122,30,319,182,119,67,1,37,,235,,,49,20,12,26,40,31,60,46,17,40,29,81,273,246,285,244,294,43,197,30,67,7,221,49,335,153,237,289,81,263,206,44,224,8,1,4,53,45,234,180,,,169,247,,,51,198,163,7,46,17,5,3,25,29,16,30,255,232,226,6,134,121,268,220,35,4,61,220,,216,,,b'\x11\xe8\xe1I\xc7\xa2\xf6\xf2\xaf\x82\x12\xdf\x17\xaeN\x1e'
11E8E149-C7A2-F6F2-AF82-12DF17AE4E1E,2014-ncaa-d0-natl,ncaa,89,105,53,105,81,101,132,136,149,130,126,208,159,188,78,223,27,34,116,34,42,105,102,156,111,113,118,200,24,183,215,172,171,168,211,64,36,198,139,81,92,107,57,68,,,241,194,,,82,88,179,270,158,215,255,199,194,189,225,31,46,44,203,223,241,276,273,81,122,131,67,,157,,,85,169,214,191,213,290,257,240,43,92,24,74,149,160,92,158,110,198,252,154,142,69,19,34,154,166,171,250,215,225,211,188,149,47,42,61,93,77,107,88,,,28,15,,,82,255,131,63,90,63,123,58,218,182,23,46,101,112,110,49,126,98,159,118,124,63,62,72,,33,,,b'\x11\xe8\xe1I\xc7\xa2\xf6\xf2\xaf\x82\x12\xdf\x17\xaeN\x1e'
11E8E149-C7A2-F6F2-AF82-12DF17AE4E1E,2014-ncaa-d1-conf-Atlantic 10,ncaa,5,5,3,5,7,7,8,10,8,10,9,10,8,8,6,8,3,3,5,3,2,9,9,9,7,8,4,6,2,6,5,11,6,8,6,6,4,6,6,7,3,2,3,3,,,3,5,,,6,9,9,9,7,10,10,10,10,9,8,3,2,2,9,8,7,12,10,9,5,2,3,,3,,,6,3,7,3,10,9,6,10,2,2,2,2,2,4,4,3,2,3,5,7,6,3,1,2,2,3,6,5,5,4,6,7,4,3,2,1,2,2,6,8,,,3,2,,,6,5,8,3,6,3,5,2,9,5,2,2,2,3,3,1,4,3,4,4,4,2,1,6,,2,,,b'\x11\xe8\xe1I\xc7\xa2\xf6\xf2\xaf\x82\x12\xdf\x17\xaeN\x1e'
11E8E149-C7A2-F6F2-AF82-12DF17AE4E1E,2014-ncaa-d1-natl,ncaa,93,105,59,109,93,118,154,160,154,147,145,213,165,198,82,223,28,38,117,37,43,125,126,159,114,118,116,201,25,197,221,199,178,195,219,73,38,184,142,87,100,118,64,69,,,222,195,,,86,99,184,273,166,221,259,204,195,191,228,32,46,45,212,227,245,281,279,82,119,136,69,,157,,,90,152,198,173,220,278,243,250,41,82,25,72,137,154,94,151,114,174,232,160,145,77,18,34,155,149,178,232,221,199,219,174,148,58,47,67,83,79,102,87,,,33,15,,,86,242,134,69,95,65,131,58,222,183,23,46,104,114,112,51,124,98,160,120,131,66,63,75,,36,,,b'\x11\xe8\xe1I\xc7\xa2\xf6\xf2\xaf\x82\x12\xdf\x17\xaeN\x1e'
11E8E149-C7A2-F6F2-AF82-12DF17AE4E1E,2015-ncaa-d0-natl,ncaa,43,67,26,66,36,46,59,44,136,56,47,195,105,140,53,224,19,21,104,25,83,38,39,138,111,101,132,185,52,23,15,54,133,29,34,22,20,256,124,65,114,162,56,83,,,289,187,,,54,48,179,239,75,111,117,129,110,145,196,30,36,38,90,101,29,163,61,27,155,171,76,,186,,,57,279,275,301,137,278,300,130,203,215,152,144,235,232,215,233,122,302,303,122,123,126,130,143,175,246,133,190,15,226,34,291,238,90,142,168,67,23,345,325,,,50,189,,,54,305,56,113,51,131,134,156,160,199,136,140,141,141,141,143,153,126,58,65,182,148,29,340,,131,,,b'\x11\xe8\xe1I\xc7\xa2\xf6\xf2\xaf\x82\x12\xdf\x17\xaeN\x1e'
11E8E149-C7A2-F6F2-AF82-12DF17AE4E1E,2015-ncaa-d1-conf-Atlantic 10,ncaa,3,3,1,3,2,3,3,4,5,5,5,7,3,4,4,8,4,2,7,2,5,3,3,6,5,5,5,6,5,2,2,4,6,3,2,3,2,11,7,5,7,7,2,2,,,3,2,,,3,4,8,10,3,4,5,6,7,4,5,6,4,4,5,3,2,6,3,3,9,7,2,,1,,,3,6,10,12,5,10,12,7,6,7,4,7,3,2,4,1,1,9,11,5,4,3,4,6,2,10,6,4,2,6,2,7,7,5,4,4,9,4,14,13,,,6,10,,,3,11,3,3,3,2,7,10,6,8,5,7,1,1,1,2,5,6,2,3,5,5,6,13,,8,,,b'\x11\xe8\xe1I\xc7\xa2\xf6\xf2\xaf\x82\x12\xdf\x17\xaeN\x1e'
11E8E149-C7A2-F6F2-AF82-12DF17AE4E1E,2015-ncaa-d1-natl,ncaa,47,67,30,68,42,50,68,50,144,70,58,202,117,148,55,219,22,24,106,28,83,44,42,146,119,107,127,182,47,27,16,66,138,31,37,27,21,243,132,66,126,171,64,85,,,276,190,,,62,52,187,237,79,127,126,136,113,146,195,31,40,42,94,108,32,170,66,29,153,183,79,,184,,,66,261,257,290,151,265,290,138,191,205,161,138,220,221,219,219,121,290,294,132,135,137,129,139,176,229,138,165,16,202,37,286,238,105,148,180,55,25,345,327,,,61,183,,,62,301,62,123,57,138,140,160,164,206,137,139,143,141,145,148,152,127,59,68,198,154,29,340,,130,,,b'\x11\xe8\xe1I\xc7\xa2\xf6\xf2\xaf\x82\x12\xdf\x17\xaeN\x1e'
11E8E149-C7A2-F6F2-AF82-12DF17AE4E1E,2016-ncaa-d0-natl,ncaa,17,17,38,19,49,42,50,30,117,92,105,121,26,27,67,60,88,117,47,114,162,35,42,89,93,67,71,63,230,70,142,23,97,28,81,18,34,140,45,26,186,257,72,118,,,156,47,,,38,45,108,140,48,61,34,137,172,36,42,123,187,181,47,84,106,21,28,19,63,238,96,,80,,,42,241,270,322,49,282,321,68,192,275,34,181,128,118,184,114,39,321,309,37,33,72,86,159,85,292,97,308,142,317,81,294,264,153,248,244,16,6,287,257,,,93,218,,,38,301,53,81,48,134,182,305,203,294,139,227,74,70,70,270,255,214,222,223,227,230,9,255,,169,,,b'\x11\xe8\xe1I\xc7\xa2\xf6\xf2\xaf\x82\x12\xdf\x17\xaeN\x1e'
11E8E149-C7A2-F6F2-AF82-12DF17AE4E1E,2016-ncaa-d1-conf-Atlantic 10,ncaa,2,2,1,2,1,2,2,2,6,6,7,6,1,2,5,3,2,3,4,3,4,2,2,5,3,3,3,3,6,3,6,2,4,2,4,2,4,9,4,2,7,8,3,6,,,5,1,,,2,2,4,2,3,3,2,8,10,1,2,4,7,6,2,5,5,3,3,3,5,9,4,,3,,,3,9,12,13,4,11,13,5,8,8,4,7,6,4,7,4,3,13,13,3,2,3,6,7,2,8,4,14,6,13,4,12,10,3,7,8,1,1,10,13,,,4,7,,,2,13,3,3,3,6,6,11,6,10,6,8,3,3,3,9,10,8,12,8,8,5,1,9,,4,,,b'\x11\xe8\xe1I\xc7\xa2\xf6\xf2\xaf\x82\x12\xdf\x17\xaeN\x1e'
11E8E149-C7A2-F6F2-AF82-12DF17AE4E1E,2016-ncaa-d1-natl,ncaa,14,17,30,19,37,37,46,28,119,93,101,122,27,25,67,59,83,115,54,112,155,31,36,88,92,68,61,60,231,64,149,15,96,21,79,16,31,147,46,28,199,271,67,120,,,153,48,,,39,36,114,144,52,59,40,150,180,35,43,128,186,180,50,89,109,19,28,17,70,256,97,,73,,,42,256,276,332,44,292,330,64,197,283,34,181,148,125,210,119,39,330,314,39,33,77,92,160,89,297,96,314,149,317,79,297,265,164,265,251,16,6,287,255,,,86,221,,,39,312,53,82,46,142,184,308,201,295,142,229,82,75,71,275,252,218,224,224,227,245,10,252,,172,,,b'\x11\xe8\xe1I\xc7\xa2\xf6\xf2\xaf\x82\x12\xdf\x17\xaeN\x1e'
11E8E149-C7A2-F6F2-AF82-12DF17AE4E1E,2016-ncaa-d1-ncaatournament,ncaa,17,2,17,17,17,19,19,17,31,27,24,36,11,11,20,13,23,29,9,28,40,17,18,26,22,21,11,12,40,20,29,28,53,24,45,21,40,36,25,24,20,35,37,49,,,32,4,,,53,18,10,1,12,15,11,35,29,5,6,27,40,40,14,13,28,37,34,22,29,25,45,,6,,,44,49,51,48,42,48,41,43,55,51,47,58,31,29,48,31,11,48,48,49,48,52,44,61,8,48,53,46,29,46,45,47,15,21,39,38,44,40,51,53,,,31,54,,,53,47,19,55,43,57,56,63,44,34,63,61,14,9,10,60,57,57,39,47,43,34,40,51,,50,,,b'\x11\xe8\xe1I\xc7\xa2\xf6\xf2\xaf\x82\x12\xdf\x17\xaeN\x1e'
11E8E149-C7A2-F6F2-AF82-12DF17AE4E1E,2017-ncaa-d0-natl,ncaa,120,184,24,158,39,77,90,44,238,126,80,252,82,65,156,128,72,92,84,87,148,44,47,215,186,161,86,123,114,75,159,36,118,35,133,60,59,188,85,84,251,314,126,166,,,321,255,,,160,49,174,268,157,196,140,218,188,123,116,123,157,156,132,181,144,72,80,111,85,311,164,,248,,,162,305,277,314,81,252,288,114,266,311,78,241,295,285,222,283,194,318,306,86,94,172,240,207,220,298,118,323,159,322,133,326,310,187,276,299,107,50,332,301,,,65,141,,,160,304,156,178,162,175,142,236,134,170,202,265,223,208,207,239,166,194,192,208,271,272,49,303,,148,,,b'\x11\xe8\xe1I\xc7\xa2\xf6\xf2\xaf\x82\x12\xdf\x17\xaeN\x1e'
11E8E149-C7A2-F6F2-AF82-12DF17AE4E1E,2017-ncaa-d1-conf-Atlantic 10,ncaa,6,7,1,7,1,2,2,1,2,3,5,3,3,1,7,5,3,5,3,5,9,1,1,4,4,4,8,6,11,5,8,2,6,2,7,2,5,10,6,4,8,11,7,9,,,14,12,,,6,1,1,10,2,2,4,6,6,5,4,6,10,10,5,3,9,3,5,3,7,11,8,,12,,,6,14,14,14,5,10,11,4,13,13,8,11,13,13,13,13,12,14,14,6,7,9,12,10,8,13,6,14,8,14,7,13,12,3,9,11,12,8,13,12,,,2,8,,,6,14,6,8,6,10,8,11,6,7,11,11,10,9,9,11,10,9,9,8,11,8,8,13,,8,,,b'\x11\xe8\xe1I\xc7\xa2\xf6\xf2\xaf\x82\x12\xdf\x17\xaeN\x1e'
11E8E149-C7A2-F6F2-AF82-12DF17AE4E1E,2017-ncaa-d1-natl,ncaa,130,181,27,162,48,97,113,57,244,151,102,263,95,78,161,128,79,105,84,100,145,54,63,227,195,171,86,120,113,95,171,43,128,42,142,67,60,167,87,88,271,318,135,169,,,313,258,,,173,62,179,270,165,206,145,231,193,124,114,124,166,165,142,190,150,73,88,116,88,319,168,,250,,,174,293,268,309,88,235,276,121,254,302,86,241,278,269,223,266,195,316,298,96,102,179,234,206,224,284,128,310,171,314,142,323,310,211,283,301,89,53,331,306,,,77,135,,,173,292,164,191,178,184,147,239,143,169,206,264,227,210,209,243,163,196,200,214,277,276,50,303,,152,,,b'\x11\xe8\xe1I\xc7\xa2\xf6\xf2\xaf\x82\x12\xdf\x17\xaeN\x1e'
11E8E149-C7A2-F6F2-AF82-12DF17AE4E1E,2018-ncaa-d0-natl,ncaa,32,31,43,36,69,59,71,98,67,129,159,105,32,65,14,92,109,145,90,149,140,94,90,45,47,56,57,58,226,182,201,31,127,52,99,48,53,187,140,69,281,316,14,22,,,279,193,,,69,76,195,265,73,101,196,196,254,45,98,156,191,197,196,238,250,30,94,57,106,313,16,,201,,,71,242,249,309,51,268,319,46,158,201,100,88,191,218,69,217,86,307,292,48,39,104,97,134,147,299,127,202,201,253,99,211,146,243,312,247,104,77,233,225,,,138,198,,,69,278,63,124,71,118,147,269,190,299,112,125,131,151,152,261,176,242,98,148,134,305,67,196,,228,,,b'\x11\xe8\xe1I\xc7\xa2\xf6\xf2\xaf\x82\x12\xdf\x17\xaeN\x1e'
11E8E149-C7A2-F6F2-AF82-12DF17AE4E1E,2018-ncaa-d1-conf-Atlantic 10,ncaa,3,2,8,2,12,6,5,11,2,10,13,1,4,4,2,2,11,12,9,12,4,12,13,2,2,3,3,3,13,13,10,5,5,9,5,3,1,7,9,6,9,8,1,1,,,5,6,,,4,12,7,9,4,3,9,8,13,3,3,10,10,11,10,10,11,4,7,2,8,8,1,,6,,,3,2,3,6,5,5,10,4,4,4,8,6,3,4,3,4,5,5,3,3,2,4,4,7,4,4,5,1,10,3,5,5,7,12,10,9,8,8,4,9,,,11,7,,,4,3,3,6,4,6,7,8,9,11,6,6,4,5,5,7,6,8,4,4,6,10,9,7,,8,,,b'\x11\xe8\xe1I\xc7\xa2\xf6\xf2\xaf\x82\x12\xdf\x17\xaeN\x1e'
11E8E149-C7A2-F6F2-AF82-12DF17AE4E1E,2018-ncaa-d1-natl,ncaa,35,31,53,38,88,71,87,119,68,152,198,115,37,78,13,91,128,163,84,169,138,114,119,48,48,56,56,57,219,221,209,35,142,60,114,54,56,163,148,74,295,322,15,23,,,252,202,,,76,102,204,266,81,113,201,210,259,48,98,160,195,201,204,245,256,31,102,61,110,321,16,,203,,,79,212,237,304,59,257,317,51,150,178,101,88,174,201,74,197,86,302,275,53,42,110,93,130,148,292,142,175,209,231,114,201,148,269,316,254,89,83,225,234,,,178,197,,,76,255,66,138,74,129,157,270,201,300,114,125,139,155,155,265,177,249,102,153,144,306,69,197,,229,,,b'\x11\xe8\xe1I\xc7\xa2\xf6\xf2\xaf\x82\x12\xdf\x17\xaeN\x1e'
11E8E149-C7A2-F6F2-AF82-12DF17AE4E1E,2019-ncaa-d0-natl,ncaa,105,109,80,115,97,114,131,111,190,155,168,159,101,89,198,105,110,154,58,151,145,107,132,170,152,115,99,131,142,207,260,96,101,136,190,87,54,96,82,73,138,160,28,22,,,183,143,,,131,114,188,207,141,171,159,219,236,117,98,135,183,183,167,236,251,124,189,93,75,176,25,,129,,,132,207,228,257,140,155,201,103,301,274,296,266,59,61,126,66,59,233,234,181,141,148,241,313,43,152,101,284,260,249,190,202,157,135,164,170,42,39,159,165,,,117,129,,,131,244,136,133,123,130,165,181,100,133,286,242,45,45,46,128,134,104,220,186,157,179,34,134,,160,,,b'\x11\xe8\xe1I\xc7\xa2\xf6\xf2\xaf\x82\x12\xdf\x17\xaeN\x1e'
11E8E149-C7A2-F6F2-AF82-12DF17AE4E1E,2019-ncaa-d1-conf-Atlantic 10,ncaa,3,3,1,3,2,1,1,3,1,2,4,1,2,2,3,6,3,4,2,4,6,2,3,1,1,1,4,6,7,6,9,3,7,4,7,1,3,6,4,2,1,3,1,2,,,11,8,,,4,2,5,8,1,1,3,4,8,2,5,3,6,5,3,6,9,6,8,1,3,2,1,,10,,,4,13,14,14,6,12,12,4,13,13,12,9,7,7,10,7,4,14,13,9,9,7,11,13,5,13,7,10,9,11,7,10,10,4,8,5,4,4,8,7,,,4,9,,,4,13,1,7,4,9,8,11,6,10,12,10,6,6,5,10,11,9,6,5,10,7,4,8,,8,,,b'\x11\xe8\xe1I\xc7\xa2\xf6\xf2\xaf\x82\x12\xdf\x17\xaeN\x1e'
11E8E149-C7A2-F6F2-AF82-12DF17AE4E1E,2019-ncaa-d1-natl,ncaa,122,108,107,124,131,150,165,144,203,192,210,169,116,100,204,106,131,182,52,176,148,149,190,183,158,127,94,126,137,241,267,125,108,173,210,99,57,69,90,76,172,169,33,21,,,155,145,,,151,169,198,200,158,190,170,230,239,122,100,137,191,190,181,247,261,136,205,101,77,186,26,,130,,,151,165,203,230,154,132,167,111,291,261,300,266,51,50,131,56,62,189,181,202,158,167,239,312,46,115,108,256,267,210,210,182,160,171,174,186,31,46,148,170,,,151,122,,,151,192,143,147,143,143,177,185,110,138,294,246,47,44,48,133,132,108,230,189,166,196,37,144,,166,,,b'\x11\xe8\xe1I\xc7\xa2\xf6\xf2\xaf\x82\x12\xdf\x17\xaeN\x1e'
11E8E149-C7A2-F6F2-AF82-12DF17AE4E1E,2020-ncaa-d0-natl,ncaa,66,81,33,80,47,54,66,98,71,111,159,93,61,98,33,124,116,114,186,110,135,93,107,56,65,60,107,100,223,272,311,17,13,84,129,31,36,137,108,49,258,290,56,75,,,213,159,,,84,51,138,67,79,94,166,152,226,75,124,156,155,151,179,218,310,22,137,38,97,287,65,,161,,,88,227,266,286,150,275,288,169,169,214,89,162,90,128,50,124,71,276,259,124,98,137,75,136,66,58,13,302,311,226,129,236,168,190,236,234,31,23,132,117,,,135,164,,,84,311,92,93,83,143,206,235,230,234,126,170,73,99,102,201,159,30,241,150,196,235,20,104,,193,,,b'\x11\xe8\xe1I\xc7\xa2\xf6\xf2\xaf\x82\x12\xdf\x17\xaeN\x1e'
11E8E149-C7A2-F6F2-AF82-12DF17AE4E1E,2020-ncaa-d1-conf-Atlantic 10,ncaa,5,4,5,5,6,1,1,6,1,2,8,1,1,7,2,6,7,8,7,8,8,7,7,1,1,1,6,4,9,11,12,1,4,6,4,1,1,9,10,2,7,10,3,3,,,8,8,,,4,3,2,2,1,1,6,3,8,2,7,7,8,8,8,6,12,1,6,1,10,8,3,,10,,,4,7,11,13,6,12,11,8,6,8,3,6,5,8,2,7,6,12,10,5,4,4,4,4,5,7,4,9,12,7,4,9,7,8,9,9,7,8,2,2,,,7,9,,,4,13,1,4,4,8,9,11,11,12,6,8,7,9,9,12,12,6,8,8,7,10,8,2,,8,,,b'\x11\xe8\xe1I\xc7\xa2\xf6\xf2\xaf\x82\x12\xdf\x17\xaeN\x1e'
11E8E149-C7A2-F6F2-AF82-12DF17AE4E1E,2020-ncaa-d1-natl,ncaa,76,81,45,83,62,68,80,132,76,133,191,100,69,109,35,126,136,137,186,129,142,129,148,59,68,64,105,100,217,297,317,22,13,106,140,38,37,114,110,51,278,296,63,78,,,180,165,,,95,79,141,53,91,100,176,164,229,82,129,157,159,153,189,224,314,25,147,42,96,293,68,,162,,,98,206,251,270,163,264,270,187,153,195,93,158,84,115,53,111,73,255,221,139,109,153,70,133,68,44,13,282,317,199,140,228,172,215,248,247,26,24,121,124,,,161,164,,,95,286,98,102,93,152,216,238,240,240,128,171,74,101,103,203,156,31,248,156,202,251,20,106,,196,,,b'\x11\xe8\xe1I\xc7\xa2\xf6\xf2\xaf\x82\x12\xdf\x17\xaeN\x1e'
11E8E149-C7A2-F6F2-AF82-12DF17AE4E1E,2021-ncaa-d0-natl,ncaa,265,165,293,258,293,292,297,295,277,302,308,231,236,224,258,76,259,261,212,259,53,292,296,247,240,222,68,102,82,268,182,296,197,296,217,271,51,39,149,135,304,263,170,68,,,51,229,,,225,300,221,34,215,258,179,271,262,120,71,120,101,106,162,170,131,204,168,133,153,264,83,,212,,,246,58,60,47,248,49,46,187,106,63,324,215,49,59,62,59,222,47,44,280,265,252,257,277,127,49,197,58,182,51,217,84,268,298,168,249,32,91,118,305,,,270,50,,,225,44,209,257,249,228,214,157,148,128,284,208,157,198,200,167,151,176,254,238,261,179,89,279,,68,,,b'\x11\xe8\xe1I\xc7\xa2\xf6\xf2\xaf\x82\x12\xdf\x17\xaeN\x1e'
11E8E149-C7A2-F6F2-AF82-12DF17AE4E1E,2021-ncaa-d1-conf-Atlantic 10,ncaa,13,8,13,11,13,12,13,13,13,12,13,12,11,10,10,5,8,6,12,6,1,13,13,12,11,11,3,5,2,12,8,14,7,14,9,12,2,2,8,8,10,9,6,2,,,3,8,,,10,13,3,2,8,13,5,11,9,5,3,5,2,2,3,1,3,8,6,4,10,9,4,,9,,,10,2,2,2,13,1,1,7,5,2,14,9,4,4,7,4,12,2,2,14,14,11,14,12,8,3,7,2,8,2,9,5,13,11,5,11,2,8,5,14,,,10,3,,,10,2,9,10,11,13,10,8,6,7,13,10,9,11,10,9,11,8,12,10,13,4,11,12,,2,,,b'\x11\xe8\xe1I\xc7\xa2\xf6\xf2\xaf\x82\x12\xdf\x17\xaeN\x1e'
11E8E149-C7A2-F6F2-AF82-12DF17AE4E1E,2021-ncaa-d1-natl,ncaa,277,165,299,266,299,297,301,300,279,304,308,238,241,233,258,78,271,270,212,269,50,298,301,250,245,226,68,102,81,282,189,301,205,301,227,282,49,37,150,139,306,267,186,72,,,48,232,,,234,304,224,30,222,269,183,280,265,124,72,118,101,106,166,177,137,210,174,138,152,270,85,,214,,,256,54,56,42,255,45,42,192,99,57,328,214,44,54,61,54,221,41,39,283,268,265,254,274,129,44,205,53,189,48,227,80,270,300,176,257,29,91,115,309,,,280,51,,,234,40,218,266,256,235,226,159,155,131,285,205,156,199,200,172,147,179,253,236,267,184,90,283,,72,,,b'\x11\xe8\xe1I\xc7\xa2\xf6\xf2\xaf\x82\x12\xdf\x17\xaeN\x1e'
11E8E149-C7A2-F6F2-AF82-12DF17AE4E1E,2022-ncaa-d0-natl,ncaa,233,245,163,245,199,172,179,185,159,245,275,131,61,62,106,45,250,242,225,235,134,198,229,109,134,128,51,36,271,240,251,183,149,207,210,91,26,91,128,68,178,163,204,196,,,147,187,,,194,210,234,234,172,175,206,273,305,55,55,261,245,241,221,256,256,188,236,55,100,178,205,,159,,,195,178,176,149,207,150,128,222,224,221,218,252,159,150,243,145,187,152,139,224,230,242,222,238,146,124,149,196,251,162,210,175,177,219,204,219,43,64,178,265,,,213,186,,,194,145,145,236,192,188,185,138,164,107,230,235,160,141,136,139,116,144,218,178,176,225,45,183,,224,,,b'\x11\xe8\xe1I\xc7\xa2\xf6\xf2\xaf\x82\x12\xdf\x17\xaeN\x1e'
11E8E149-C7A2-F6F2-AF82-12DF17AE4E1E,2022-ncaa-d1-conf-Atlantic 10,ncaa,10,10,6,10,8,4,3,5,4,6,11,3,3,3,6,4,8,10,10,10,6,5,8,3,4,3,4,4,11,9,11,8,7,9,10,1,2,4,2,1,4,5,7,8,,,10,12,,,7,6,4,5,3,2,3,7,12,3,3,9,9,9,3,6,10,7,10,1,2,4,7,,12,,,7,12,8,7,12,9,7,12,10,7,9,7,14,13,14,12,12,7,7,12,14,13,12,7,14,7,7,12,11,10,10,8,6,4,7,6,3,2,8,12,,,10,9,,,7,9,2,12,7,12,10,8,7,6,8,7,14,13,13,10,10,6,13,9,7,4,2,9,,9,,,b'\x11\xe8\xe1I\xc7\xa2\xf6\xf2\xaf\x82\x12\xdf\x17\xaeN\x1e'
11E8E149-C7A2-F6F2-AF82-12DF17AE4E1E,2022-ncaa-d1-natl,ncaa,247,245,213,253,249,209,213,233,173,278,304,147,81,82,108,44,270,265,227,263,134,245,276,115,142,140,51,38,265,269,259,223,156,254,224,111,27,69,132,74,206,176,220,200,,,115,196,,,215,261,245,227,189,200,218,290,312,58,56,260,249,245,236,268,266,196,256,60,106,191,209,,161,,,216,146,152,116,227,134,101,240,207,193,234,249,142,125,250,118,189,114,91,240,248,263,223,235,150,100,156,165,259,124,224,163,179,252,215,233,35,65,167,274,,,252,184,,,215,96,158,251,215,196,199,145,172,111,240,230,166,144,139,147,110,143,225,185,187,232,45,195,,221,,,b'\x11\xe8\xe1I\xc7\xa2\xf6\xf2\xaf\x82\x12\xdf\x17\xaeN\x1e'
11E8E149-C7A2-F6F2-AF82-12DF17AE4E1E,2023-ncaa-d0-natl,ncaa,120,91,164,112,222,153,154,153,158,241,277,149,44,52,75,45,240,185,321,179,84,149,203,104,137,107,41,24,296,200,233,58,146,93,140,114,82,37,59,54,329,342,59,36,,,38,30,,,122,208,187,291,125,128,119,259,297,31,37,237,177,172,131,208,198,15,45,90,48,333,45,,39,,,119,156,136,284,22,27,129,12,356,346,274,351,40,48,79,49,75,253,172,69,41,137,355,360,31,271,146,237,233,261,140,201,236,339,354,335,13,20,250,316,,,170,117,,,122,154,99,175,116,168,160,339,21,123,359,357,42,57,55,319,208,287,258,290,218,348,15,268,,151,,,b'\x11\xe8\xe1I\xc7\xa2\xf6\xf2\xaf\x82\x12\xdf\x17\xaeN\x1e'
11E8E149-C7A2-F6F2-AF82-12DF17AE4E1E,2023-ncaa-d1-conf-Atlantic 10,ncaa,8,9,4,8,7,6,7,6,7,9,11,4,3,3,7,4,8,4,15,4,1,7,7,6,6,4,5,5,10,8,9,2,9,5,9,6,7,4,4,4,14,14,4,4,,,6,4,,,7,6,6,10,7,8,6,10,12,2,3,8,3,3,6,8,8,2,5,6,3,15,4,,6,,,7,12,10,14,3,2,12,1,15,14,13,13,7,8,8,8,5,13,11,6,5,10,15,15,5,12,9,13,9,13,9,11,11,14,15,14,1,1,9,12,,,2,2,,,7,10,5,10,7,10,9,14,1,8,15,14,4,6,6,14,10,11,11,12,11,15,1,10,,2,,,b'\x11\xe8\xe1I\xc7\xa2\xf6\xf2\xaf\x82\x12\xdf\x17\xaeN\x1e'
11E8E149-C7A2-F6F2-AF82-12DF17AE4E1E,2023-ncaa-d1-natl,ncaa,114,91,151,111,205,131,140,141,152,224,276,138,48,50,90,45,237,188,313,183,101,148,201,107,136,104,52,34,300,199,233,43,138,72,140,112,96,39,55,56,326,335,50,33,,,45,32,,,118,203,173,291,117,114,104,242,283,36,37,241,183,179,124,201,201,13,38,95,51,329,38,,47,,,118,161,140,292,18,21,137,8,356,348,287,350,41,57,83,55,78,269,189,58,37,127,355,360,35,273,138,249,233,276,140,209,238,342,349,326,9,16,257,318,,,168,127,,,118,165,103,164,114,169,151,338,14,135,358,356,44,64,62,320,222,286,263,293,215,341,14,276,,151,,,b'\x11\xe8\xe1I\xc7\xa2\xf6\xf2\xaf\x82\x12\xdf\x17\xaeN\x1e'
11E8E149-C7A2-F6F2-AF82-12DF17AE4E1E,2024-ncaa-d0-natl,ncaa,76,111,29,97,30,65,65,65,92,127,188,75,25,21,68,41,168,146,234,149,129,73,68,64,82,84,54,38,301,181,264,31,76,54,143,101,214,251,149,134,251,320,41,56,,,254,133,,,131,50,167,37,100,100,149,211,296,31,38,243,234,240,171,190,266,47,117,143,142,314,53,,141,,,134,319,295,333,91,231,307,43,346,320,329,241,301,269,325,261,158,330,309,137,167,245,329,320,209,251,76,329,264,316,143,293,210,213,317,290,102,57,300,311,,,102,202,,,131,308,105,230,139,227,191,274,96,218,323,265,220,182,179,267,207,158,216,193,202,307,55,255,,210,,,b'\x11\xe8\xe1I\xc7\xa2\xf6\xf2\xaf\x82\x12\xdf\x17\xaeN\x1e'
11E8E149-C7A2-F6F2-AF82-12DF17AE4E1E,2024-ncaa-d1-conf-Atlantic 10,ncaa,2,5,2,5,3,2,1,2,3,3,7,2,2,3,3,3,6,7,8,7,8,2,2,2,3,3,7,4,11,8,8,1,3,2,4,2,8,8,4,3,13,14,3,5,,,12,6,,,6,1,2,6,2,1,3,5,9,3,3,7,7,7,4,6,9,1,2,4,5,14,3,,8,,,6,14,14,14,7,10,14,5,15,14,11,10,13,12,10,11,6,14,12,7,7,10,13,13,9,8,3,12,8,11,4,12,11,12,14,14,7,5,11,10,,,5,10,,,6,14,4,10,6,10,10,14,8,12,14,14,10,9,9,14,11,5,9,8,9,14,7,11,,9,,,b'\x11\xe8\xe1I\xc7\xa2\xf6\xf2\xaf\x82\x12\xdf\x17\xaeN\x1e'
11E8E149-C7A2-F6F2-AF82-12DF17AE4E1E,2024-ncaa-d1-natl,ncaa,91,112,38,109,39,82,86,81,100,157,221,83,28,27,71,41,188,178,235,184,130,100,87,69,87,89,49,36,301,215,278,41,90,73,159,126,228,216,155,145,284,335,46,62,,,238,141,,,155,67,178,37,109,107,161,226,303,33,41,249,237,243,186,199,277,52,130,163,144,326,54,,145,,,162,308,286,325,105,210,293,53,344,310,335,239,288,251,329,241,165,322,295,155,182,259,330,324,209,234,90,309,278,299,159,285,214,253,325,302,83,59,296,313,,,128,196,,,155,293,112,253,168,246,205,277,112,222,326,268,225,189,182,274,207,163,224,205,226,314,56,257,,211,,,b'\x11\xe8\xe1I\xc7\xa2\xf6\xf2\xaf\x82\x12\xdf\x17\xaeN\x1e'
11E8E149-C7A2-F6F2-AF82-12DF17AE4E1E,2025-ncaa-d0-natl,genius_ncaa,96,113,54,109,83,65,81,53,178,229,309,63,6,2,146,1,146,105,299,100,14,56,62,90,114,98,4,3,283,190,309,81,251,117,314,74,124,173,77,91,28,46,209,190,,,339,246,,220,88,42,37,269,73,102,59,299,351,5,2,212,155,147,66,94,249,135,200,93,111,36,248,,302,,168,90,287,225,282,93,99,120,138,343,351,186,352,286,309,84,304,315,292,326,157,157,84,353,344,230,324,251,354,309,353,314,288,288,22,41,72,76,30,296,346,,,106,224,,26,88,320,114,101,101,195,127,191,40,35,335,350,229,256,248,211,318,285,342,333,227,24,51,268,,178,,37,b'\x11\xe8\xe1I\xc7\xa2\xf6\xf2\xaf\x82\x12\xdf\x17\xaeN\x1e'
11E8E149-C7A2-F6F2-AF82-12DF17AE4E1E,2025-ncaa-d1-conf-Atlantic 10,genius_ncaa,8,8,4,8,5,4,4,2,7,12,13,3,2,1,9,1,5,5,13,4,1,3,3,5,6,4,1,1,10,12,14,4,10,8,13,4,7,3,2,4,2,2,12,12,,,12,8,,6,7,2,1,5,3,5,1,13,14,2,1,7,5,4,1,3,12,2,9,4,3,2,12,,11,,6,7,12,12,14,10,9,8,12,11,15,4,12,8,12,1,12,11,14,14,10,9,7,10,10,7,15,10,15,14,15,13,10,8,2,5,6,2,2,11,13,,,6,9,,5,7,14,5,8,7,11,12,14,11,8,10,15,8,12,12,15,15,15,14,15,10,3,2,11,,5,,5,b'\x11\xe8\xe1I\xc7\xa2\xf6\xf2\xaf\x82\x12\xdf\x17\xaeN\x1e'
11E8E149-C7A2-F6F2-AF82-12DF17AE4E1E,2025-ncaa-d1-natl,genius_ncaa,107,113,72,115,101,75,93,64,186,259,331,64,8,3,148,1,174,131,300,122,16,72,79,99,120,102,4,4,282,219,313,102,258,147,322,88,128,146,82,95,43,53,225,200,,,330,255,,207,102,57,38,269,81,109,64,311,351,5,2,212,158,152,70,99,264,143,215,100,112,41,254,,306,,170,104,269,200,262,101,76,92,151,340,348,201,353,266,291,90,287,319,277,312,171,176,96,354,342,228,312,258,352,313,351,322,275,290,30,46,84,68,31,291,347,,,124,220,,29,102,305,117,116,109,203,135,196,49,34,337,350,234,262,254,218,317,287,343,334,235,27,53,276,,177,,36,b'\x11\xe8\xe1I\xc7\xa2\xf6\xf2\xaf\x82\x12\xdf\x17\xaeN\x1e'
11E8E149-C7A2-F6F2-AF82-12DF17AE4E1E,2026-ncaa-d0-natl,genius_ncaa,163,152,206,171,208,191,178,179,213,169,154,237,186,193,180,218,210,164,327,160,198,174,180,222,245,232,209,175,228,80,48,178,218,134,121,196,220,200,188,213,128,85,154,102,,,196,266,,312,147,208,95,33,150,132,47,130,68,154,148,191,121,119,47,18,19,97,30,159,261,71,132,,282,,347,144,114,121,154,93,61,83,131,296,298,188,350,43,63,50,62,129,142,152,156,112,103,323,352,43,210,218,153,48,170,121,237,335,164,131,207,206,200,76,59,,,209,258,,95,147,145,201,125,173,172,186,268,71,67,340,352,53,75,71,241,278,272,207,249,290,100,269,93,,159,,72,b'\x11\xe8\xe1I\xc7\xa2\xf6\xf2\xaf\x82\x12\xdf\x17\xaeN\x1e'
11E8E149-C7A2-F6F2-AF82-12DF17AE4E1E,2026-ncaa-d1-conf-Atlantic 10,genius_ncaa,8,8,1,8,1,9,7,11,1,3,6,3,10,14,6,12,10,9,11,9,10,12,10,3,5,9,14,12,11,13,13,1,5,9,9,9,8,14,14,11,14,14,7,9,,,10,9,,13,12,6,5,1,9,7,11,3,6,10,14,10,9,9,12,10,13,1,9,9,14,14,7,,10,,13,12,12,12,14,9,9,7,8,13,13,11,12,1,2,3,2,2,12,8,13,11,12,11,13,1,9,5,6,13,7,9,12,10,14,14,14,14,14,2,2,,,14,14,,5,12,8,11,12,12,12,12,14,9,7,13,13,1,2,2,12,8,9,6,7,12,14,14,2,,14,,5,b'\x11\xe8\xe1I\xc7\xa2\xf6\xf2\xaf\x82\x12\xdf\x17\xaeN\x1e'
11E8E149-C7A2-F6F2-AF82-12DF17AE4E1E,2026-ncaa-d1-natl,genius_ncaa,110,152,85,156,89,77,68,41,178,62,27,226,128,146,118,274,121,75,322,73,220,38,38,194,222,198,252,207,231,6,13,56,158,19,48,123,282,263,127,193,60,100,138,123,,,297,229,,345,100,66,66,47,77,54,17,53,16,150,188,146,91,90,12,7,3,56,9,151,228,78,160,,267,,341,106,251,234,299,88,95,130,107,356,357,255,362,76,79,130,76,101,268,284,179,140,130,356,361,34,264,158,231,13,248,48,323,345,76,130,232,253,134,192,74,,,96,259,,68,100,279,133,134,123,199,199,295,39,41,360,362,50,46,46,251,287,228,176,192,315,108,223,156,,129,,87,b'\x11\xe8\xe1I\xc7\xa2\xf6\xf2\xaf\x82\x12\xdf\x17\xaeN\x1e'
11E8E149-C7A7-588C-AF82-12DF17AE4E1E,2010-ncaa-d0-natl,ncaa,45,36,81,41,106,22,26,19,84,42,33,121,35,53,38,148,23,55,29,54,167,21,20,74,54,43,107,111,163,26,62,36,187,25,84,67,248,220,65,102,58,124,121,169,,,247,65,,,73,21,10,229,9,13,9,36,34,42,59,21,56,57,7,6,24,28,12,60,187,63,130,,210,,,70,335,336,333,184,325,318,211,306,317,147,254,239,234,190,234,115,331,327,184,173,202,167,220,95,321,187,273,62,318,84,323,201,94,233,256,89,27,214,121,,,79,294,,,73,325,32,215,78,326,330,340,311,324,299,307,204,201,201,336,334,303,236,281,308,124,78,187,,112,,,b'\x11\xe8\xe1I\xc7\xa7X\x8c\xaf\x82\x12\xdf\x17\xaeN\x1e'
11E8E149-C7A7-588C-AF82-12DF17AE4E1E,2010-ncaa-d1-conf-ASUN,ncaa,1,1,1,1,2,1,1,1,1,1,2,1,2,2,1,4,1,1,1,1,5,1,1,1,1,1,4,4,5,3,2,1,2,1,1,1,5,7,2,2,1,1,2,3,,,5,1,,,1,1,1,6,1,1,3,1,3,2,3,1,2,2,2,3,4,1,2,1,4,1,3,,1,,,1,9,9,9,3,9,9,3,9,8,6,5,4,4,4,4,3,9,9,4,4,4,5,6,1,7,2,4,2,5,1,6,2,2,3,3,3,2,4,2,,,1,7,,,1,9,1,2,1,4,4,8,4,7,7,6,2,3,3,8,9,4,2,2,3,3,2,3,,7,,,b'\x11\xe8\xe1I\xc7\xa7X\x8c\xaf\x82\x12\xdf\x17\xaeN\x1e'
11E8E149-C7A7-588C-AF82-12DF17AE4E1E,2010-ncaa-d1-natl,ncaa,46,36,91,42,115,23,27,21,88,47,35,123,37,57,39,144,25,57,28,56,168,23,22,77,58,45,107,109,157,29,65,40,189,26,90,71,252,209,66,104,64,129,123,171,,,233,69,,,76,23,11,228,9,14,9,36,34,44,59,21,55,57,7,8,26,28,13,64,187,67,132,,208,,,73,334,334,331,187,321,314,219,303,311,150,253,225,222,193,222,113,329,324,191,179,210,164,220,95,320,189,264,65,315,90,319,201,109,239,266,83,27,207,124,,,88,293,,,76,323,33,224,80,328,331,340,316,323,299,309,209,201,199,336,334,306,237,283,311,129,78,188,,112,,,b'\x11\xe8\xe1I\xc7\xa7X\x8c\xaf\x82\x12\xdf\x17\xaeN\x1e'
11E8E149-C7A7-588C-AF82-12DF17AE4E1E,2010-ncaa-d1-ncaatournament,ncaa,33,2,33,33,34,33,36,42,14,47,56,43,15,27,4,5,44,39,42,39,14,40,40,1,3,4,3,2,44,47,33,49,62,51,59,34,31,11,22,16,43,43,41,46,,,18,26,,,42,41,6,9,1,11,17,45,53,1,5,35,25,25,15,12,34,45,45,14,28,24,32,,45,,,45,32,31,32,44,31,30,54,27,33,20,49,16,12,49,10,25,32,32,40,40,52,26,30,21,41,62,5,33,30,59,28,32,50,55,55,25,48,34,62,,,42,39,,,42,26,5,62,37,63,62,64,61,62,43,61,42,36,34,64,64,64,29,62,57,44,51,55,,31,,,b'\x11\xe8\xe1I\xc7\xa7X\x8c\xaf\x82\x12\xdf\x17\xaeN\x1e'
11E8E149-C7A7-588C-AF82-12DF17AE4E1E,2011-ncaa-d0-natl,ncaa,99,83,119,101,129,62,72,57,157,62,42,167,197,190,187,259,28,50,16,55,182,51,41,189,134,153,218,271,46,38,40,41,211,29,65,169,299,308,209,253,108,194,178,234,,,214,65,,,113,44,12,63,36,47,16,35,16,197,199,17,45,48,16,8,17,12,6,176,295,107,188,,203,,,114,292,318,317,145,313,304,211,246,313,51,248,103,138,36,141,58,314,305,146,100,116,79,194,40,322,211,211,40,292,65,314,219,74,179,205,259,156,343,337,,,70,240,,,113,301,124,136,115,288,315,336,306,315,256,316,102,132,131,333,333,317,197,282,302,73,250,343,,73,,,b'\x11\xe8\xe1I\xc7\xa7X\x8c\xaf\x82\x12\xdf\x17\xaeN\x1e'
11E8E149-C7A7-588C-AF82-12DF17AE4E1E,2011-ncaa-d1-conf-ASUN,ncaa,1,1,3,1,3,1,1,2,3,1,2,3,4,4,2,7,1,1,1,1,2,2,2,3,2,2,3,8,1,2,1,1,5,2,1,4,7,5,1,5,2,3,7,8,,,8,3,,,1,2,1,4,1,1,2,1,2,5,4,1,1,1,1,1,2,1,1,3,3,2,8,,7,,,1,5,9,8,4,7,7,7,6,9,1,9,2,2,1,3,2,8,9,4,2,1,1,6,1,7,5,4,1,5,1,7,5,1,2,3,5,1,9,9,,,1,1,,,1,8,1,1,1,4,7,8,7,6,5,9,1,2,2,8,9,8,3,5,7,1,3,9,,1,,,b'\x11\xe8\xe1I\xc7\xa7X\x8c\xaf\x82\x12\xdf\x17\xaeN\x1e'
11E8E149-C7A7-588C-AF82-12DF17AE4E1E,2011-ncaa-d1-natl,ncaa,112,82,132,106,142,72,85,64,162,66,48,175,208,202,184,259,34,63,15,68,186,59,46,193,136,160,216,270,47,43,42,49,214,31,69,185,304,298,211,251,124,197,192,237,,,198,66,,,121,52,12,62,36,49,16,36,15,200,198,17,45,47,16,8,20,13,6,179,295,116,191,,206,,,122,285,315,317,148,309,298,220,239,305,51,248,95,129,38,133,56,311,301,152,104,123,77,194,39,318,214,195,42,276,69,312,220,89,186,217,251,157,343,339,,,90,238,,,121,294,128,145,122,292,319,338,310,315,257,316,103,133,134,336,334,317,199,289,310,80,252,343,,71,,,b'\x11\xe8\xe1I\xc7\xa7X\x8c\xaf\x82\x12\xdf\x17\xaeN\x1e'
11E8E149-C7A7-588C-AF82-12DF17AE4E1E,2012-ncaa-d0-natl,ncaa,279,288,163,287,177,123,109,65,227,97,50,238,182,162,211,223,153,185,101,184,295,77,77,245,247,211,239,212,205,50,78,138,240,72,148,241,315,188,113,245,195,235,125,118,,,276,242,,,255,101,28,99,89,78,11,64,18,170,157,151,179,178,16,14,24,93,27,243,208,184,115,,302,,,252,305,272,256,229,191,154,227,330,307,304,300,297,300,165,302,301,269,249,272,277,285,321,311,213,268,240,261,78,277,148,299,258,171,232,271,156,101,273,200,,,165,268,,,255,243,168,290,244,321,295,306,224,192,333,327,302,305,308,320,318,290,287,304,303,148,171,290,,140,,,b'\x11\xe8\xe1I\xc7\xa7X\x8c\xaf\x82\x12\xdf\x17\xaeN\x1e'
11E8E149-C7A7-588C-AF82-12DF17AE4E1E,2012-ncaa-d1-conf-ASUN,ncaa,8,8,5,8,6,4,3,2,7,1,2,7,5,4,8,6,8,9,6,9,9,2,4,8,8,5,9,7,9,3,4,6,2,3,3,6,9,3,1,3,4,4,5,3,,,8,8,,,4,5,2,5,3,2,1,1,1,5,4,8,9,9,1,2,2,3,1,5,4,3,4,,9,,,4,7,5,5,8,3,1,7,9,9,8,10,6,6,4,6,8,5,7,9,9,8,9,9,5,3,2,8,4,8,3,8,9,5,4,9,1,1,7,1,,,8,9,,,4,7,3,8,5,8,6,6,4,2,9,9,6,7,7,7,7,4,8,7,9,4,2,8,,7,,,b'\x11\xe8\xe1I\xc7\xa7X\x8c\xaf\x82\x12\xdf\x17\xaeN\x1e'
11E8E149-C7A7-588C-AF82-12DF17AE4E1E,2012-ncaa-d1-natl,ncaa,286,288,196,289,217,143,128,73,238,110,56,249,190,171,212,218,167,196,100,196,297,91,91,249,255,218,235,210,199,56,81,153,242,86,151,258,316,162,117,250,211,241,132,119,,,268,245,,,259,124,29,90,100,84,11,70,18,170,159,150,183,180,16,15,24,94,28,250,211,190,115,,304,,,260,299,257,238,236,181,134,230,327,304,310,298,291,296,170,298,302,259,233,281,281,291,318,310,216,258,242,242,81,260,151,292,261,195,241,277,136,101,270,204,,,180,270,,,259,220,175,296,253,322,299,307,228,194,332,326,305,305,308,321,320,295,293,304,304,158,171,291,,139,,,b'\x11\xe8\xe1I\xc7\xa7X\x8c\xaf\x82\x12\xdf\x17\xaeN\x1e'
11E8E149-C7A7-588C-AF82-12DF17AE4E1E,2013-ncaa-d0-natl,ncaa,290,216,339,282,341,271,236,230,232,165,130,232,313,301,307,295,285,276,228,273,320,248,265,277,288,267,321,302,213,65,21,299,69,206,29,327,339,93,162,308,215,133,48,7,,,160,313,,,292,313,44,148,128,88,14,36,9,282,256,178,163,168,22,11,4,102,14,294,266,120,13,,318,,,300,168,83,22,308,47,8,287,270,186,337,282,286,224,343,220,333,33,16,326,336,339,332,289,296,12,69,27,21,8,29,127,193,316,264,284,101,160,96,81,,,334,331,,,292,33,202,330,298,336,290,231,216,112,329,302,337,318,319,283,244,80,217,149,278,224,227,198,,243,,,b'\x11\xe8\xe1I\xc7\xa7X\x8c\xaf\x82\x12\xdf\x17\xaeN\x1e'
11E8E149-C7A7-588C-AF82-12DF17AE4E1E,2013-ncaa-d1-conf-ASUN,ncaa,8,8,5,8,6,3,4,2,6,3,2,6,8,8,7,9,6,5,9,5,9,2,1,6,7,7,9,8,8,1,1,2,2,1,1,7,10,5,5,7,3,3,1,1,,,10,10,,,8,3,1,3,3,3,1,2,2,8,8,6,4,4,1,1,1,1,1,7,6,2,1,,10,,,8,10,7,7,7,4,3,5,10,8,10,8,10,10,10,10,10,9,8,9,10,9,10,9,9,3,2,6,1,5,1,9,9,5,7,7,6,4,3,1,,,7,9,,,8,8,5,9,8,10,7,7,6,3,10,9,10,10,10,9,10,4,8,6,8,4,6,3,,7,,,b'\x11\xe8\xe1I\xc7\xa7X\x8c\xaf\x82\x12\xdf\x17\xaeN\x1e'
11E8E149-C7A7-588C-AF82-12DF17AE4E1E,2013-ncaa-d1-natl,ncaa,298,216,344,286,344,292,256,251,240,185,145,237,317,307,308,294,294,286,228,284,319,271,289,277,291,272,320,302,209,73,22,318,72,228,37,332,339,80,164,310,224,138,53,7,,,143,313,,,299,332,44,146,130,91,15,36,9,282,257,179,162,164,23,11,4,104,14,300,269,123,13,,321,,,307,153,72,9,311,37,8,291,263,177,338,282,281,216,343,209,332,15,5,329,336,340,331,285,297,9,72,17,22,5,37,116,197,327,275,286,93,160,92,89,,,338,331,,,299,14,205,332,305,337,295,232,223,113,329,302,338,318,319,288,244,80,218,153,281,234,226,202,,242,,,b'\x11\xe8\xe1I\xc7\xa7X\x8c\xaf\x82\x12\xdf\x17\xaeN\x1e'
11E8E149-C7A7-588C-AF82-12DF17AE4E1E,2014-ncaa-d0-natl,ncaa,273,282,180,279,219,212,211,215,183,189,191,210,207,212,170,194,208,212,170,205,212,219,203,203,193,226,191,180,189,151,111,215,186,192,143,290,325,216,248,301,273,266,174,171,,,177,239,,,253,217,192,191,204,202,196,175,166,195,196,213,209,199,204,175,136,204,165,302,247,266,162,,213,,,253,199,165,136,225,168,148,198,184,140,271,142,266,250,254,254,265,161,119,226,253,295,241,163,266,140,186,100,111,114,143,93,65,288,280,219,266,276,74,79,,,208,191,,,253,126,205,291,258,257,213,178,208,199,204,155,285,282,282,215,149,167,135,145,116,286,272,82,,190,,,b'\x11\xe8\xe1I\xc7\xa7X\x8c\xaf\x82\x12\xdf\x17\xaeN\x1e'
11E8E149-C7A7-588C-AF82-12DF17AE4E1E,2014-ncaa-d1-conf-ASUN,ncaa,7,7,5,7,6,7,7,7,9,5,5,8,6,6,7,7,7,6,7,6,9,7,7,8,9,8,7,7,6,3,2,5,7,5,3,9,10,8,7,10,7,6,5,5,,,6,8,,,7,7,5,4,8,8,6,5,4,6,6,6,7,6,6,5,2,6,4,10,9,7,5,,6,,,7,6,5,5,7,7,5,6,5,3,7,2,7,7,10,7,5,5,4,7,7,7,5,3,9,7,7,3,2,5,3,4,3,8,8,5,7,6,3,3,,,6,8,,,7,3,9,7,7,6,6,6,7,7,5,4,8,7,7,6,5,7,3,6,4,8,7,3,,8,,,b'\x11\xe8\xe1I\xc7\xa7X\x8c\xaf\x82\x12\xdf\x17\xaeN\x1e'
11E8E149-C7A7-588C-AF82-12DF17AE4E1E,2014-ncaa-d1-natl,ncaa,279,282,211,282,262,235,233,244,187,204,208,215,216,219,176,195,231,237,168,231,211,247,238,202,197,229,187,182,187,171,118,243,194,220,149,304,328,202,251,303,286,268,181,172,,,159,241,,,261,252,194,184,211,203,197,176,167,196,196,215,212,205,213,181,143,213,169,307,249,269,166,,212,,,261,182,149,109,230,154,128,203,171,125,274,140,258,235,257,240,268,128,86,236,263,306,235,165,266,124,194,83,118,85,149,83,65,303,283,225,247,283,68,82,,,231,189,,,261,90,209,300,266,258,219,178,212,200,204,155,288,280,280,216,148,167,139,147,123,287,274,86,,194,,,b'\x11\xe8\xe1I\xc7\xa7X\x8c\xaf\x82\x12\xdf\x17\xaeN\x1e'
11E8E149-C7A7-588C-AF82-12DF17AE4E1E,2015-ncaa-d0-natl,ncaa,68,86,48,82,62,57,53,99,15,41,113,16,150,156,127,190,132,99,282,96,155,91,84,28,45,68,263,207,272,165,172,47,140,82,103,142,305,244,191,197,219,271,63,104,,,267,181,,,102,71,189,243,83,54,220,54,187,170,200,204,156,155,209,217,234,77,144,213,175,275,71,,188,,,105,285,285,304,162,319,315,190,81,160,15,76,264,284,100,281,160,309,288,100,103,170,47,34,217,281,140,167,172,226,103,84,10,204,289,143,257,205,172,137,,,82,148,,,102,278,74,187,106,169,201,239,281,294,36,98,211,230,228,257,174,207,70,99,42,276,200,124,,164,,,b'\x11\xe8\xe1I\xc7\xa7X\x8c\xaf\x82\x12\xdf\x17\xaeN\x1e'
11E8E149-C7A7-588C-AF82-12DF17AE4E1E,2015-ncaa-d1-conf-SoCon,ncaa,2,2,1,2,1,2,3,3,2,2,3,2,5,5,5,5,4,3,5,3,4,3,2,4,4,5,6,5,6,3,4,1,2,1,1,3,4,7,6,4,5,6,2,3,,,3,3,,,2,1,3,3,3,3,3,2,4,5,6,5,5,5,3,3,4,1,2,3,5,5,2,,3,,,2,3,6,8,2,6,8,2,5,6,2,4,3,3,1,3,2,8,8,2,2,2,3,6,3,5,2,5,4,5,1,3,3,4,6,4,7,7,4,3,,,1,6,,,2,8,5,2,2,3,3,7,4,7,3,4,2,2,2,6,6,4,3,3,3,6,6,4,,6,,,b'\x11\xe8\xe1I\xc7\xa7X\x8c\xaf\x82\x12\xdf\x17\xaeN\x1e'
11E8E149-C7A7-588C-AF82-12DF17AE4E1E,2015-ncaa-d1-natl,ncaa,80,86,55,88,77,68,61,121,16,48,127,16,154,167,125,188,152,124,284,120,146,116,103,30,48,71,261,206,267,196,179,54,148,99,111,164,308,230,194,207,247,278,69,106,,,256,183,,,119,88,196,241,97,60,229,54,193,172,200,207,155,158,216,220,240,81,151,223,175,280,73,,186,,,121,269,274,297,170,311,313,198,70,145,17,72,257,270,103,270,164,302,273,106,111,189,47,34,216,260,148,135,179,202,111,69,11,238,291,152,244,210,162,142,,,102,145,,,119,259,79,204,123,178,217,243,286,292,37,95,217,239,235,261,172,214,71,104,43,282,202,124,,165,,,b'\x11\xe8\xe1I\xc7\xa7X\x8c\xaf\x82\x12\xdf\x17\xaeN\x1e'
11E8E149-C7A7-588C-AF82-12DF17AE4E1E,2016-ncaa-d0-natl,ncaa,196,137,321,185,337,314,325,333,260,321,334,211,221,190,263,103,230,185,327,184,19,323,332,250,251,229,97,134,80,238,147,309,207,298,167,342,335,44,196,312,333,304,273,248,,,52,182,,,231,337,260,280,259,286,270,281,286,170,117,160,71,68,242,249,148,233,192,339,163,313,247,,141,,,239,27,43,21,218,69,42,201,67,44,230,106,66,91,72,91,178,20,13,210,199,214,117,137,168,56,207,29,147,28,167,28,64,308,220,161,41,147,265,340,,,209,28,,,231,12,211,223,237,166,185,122,205,180,135,91,163,189,193,137,90,175,145,155,89,252,128,310,,64,,,b'\x11\xe8\xe1I\xc7\xa7X\x8c\xaf\x82\x12\xdf\x17\xaeN\x1e'
11E8E149-C7A7-588C-AF82-12DF17AE4E1E,2016-ncaa-d1-conf-SoCon,ncaa,4,4,5,4,8,6,6,6,6,5,5,4,6,3,6,4,4,2,8,2,2,5,7,6,6,5,4,4,3,4,4,6,4,6,2,8,8,2,2,5,7,6,8,8,,,3,5,,,5,8,4,6,5,6,4,5,4,4,2,3,2,2,3,5,4,5,4,8,3,6,8,,5,,,5,3,5,3,6,5,4,6,4,4,5,5,3,3,7,3,4,2,2,5,5,5,5,6,4,2,4,4,4,4,2,3,5,6,5,5,3,3,3,4,,,2,1,,,5,1,4,5,4,4,5,5,5,4,4,4,5,5,5,4,3,3,7,4,3,5,4,3,,2,,,b'\x11\xe8\xe1I\xc7\xa7X\x8c\xaf\x82\x12\xdf\x17\xaeN\x1e'
11E8E149-C7A7-588C-AF82-12DF17AE4E1E,2016-ncaa-d1-natl,ncaa,163,137,218,156,278,262,276,271,266,284,295,223,171,126,259,91,203,141,338,140,34,251,262,246,257,235,101,118,119,124,85,248,202,197,119,332,334,118,188,306,268,243,260,249,,,92,174,,,212,304,262,266,252,271,241,282,278,155,101,186,87,87,217,226,81,229,142,335,171,259,252,,136,,,213,82,89,73,193,111,101,184,109,78,213,136,98,124,62,125,177,67,54,190,165,176,136,165,153,126,202,83,85,78,119,53,73,238,176,126,110,170,301,340,,,126,31,,,212,55,204,183,205,137,149,114,171,152,144,117,137,171,172,118,89,170,128,145,83,210,157,314,,55,,,b'\x11\xe8\xe1I\xc7\xa7X\x8c\xaf\x82\x12\xdf\x17\xaeN\x1e'
11E8E149-C7A7-588C-AF82-12DF17AE4E1E,2017-ncaa-d0-natl,ncaa,150,126,168,147,215,169,217,203,215,224,232,202,155,147,192,140,77,45,277,49,17,175,203,201,179,150,76,152,37,154,178,197,121,184,175,325,343,62,77,275,205,181,218,231,,,196,229,,,150,211,185,268,153,228,196,229,236,149,128,49,19,21,139,192,137,186,164,332,74,194,220,,215,,,150,129,136,115,200,184,169,228,44,73,62,90,234,218,235,215,215,130,133,161,187,188,85,49,259,83,121,218,178,174,175,33,15,187,165,61,104,120,239,275,,,95,31,,,150,150,140,169,148,159,156,105,216,182,52,81,243,232,228,133,125,109,232,189,33,171,116,255,,48,,,b'\x11\xe8\xe1I\xc7\xa7X\x8c\xaf\x82\x12\xdf\x17\xaeN\x1e'
11E8E149-C7A7-588C-AF82-12DF17AE4E1E,2017-ncaa-d1-conf-SoCon,ncaa,3,3,5,3,7,4,4,4,5,4,5,6,4,5,3,5,2,1,5,1,1,4,4,4,4,3,3,4,1,3,4,5,3,4,4,8,8,3,3,5,5,4,6,6,,,5,6,,,3,6,1,5,3,4,3,4,4,3,4,1,1,1,2,2,2,4,2,8,3,4,6,,6,,,3,5,3,2,5,5,2,6,4,3,4,4,6,4,7,4,5,3,3,5,5,5,5,5,6,2,3,5,4,2,4,2,2,5,5,4,5,4,6,5,,,1,1,,,3,4,3,4,3,6,5,4,5,5,5,3,6,5,5,6,5,3,6,5,3,4,5,6,,1,,,b'\x11\xe8\xe1I\xc7\xa7X\x8c\xaf\x82\x12\xdf\x17\xaeN\x1e'
11E8E149-C7A7-588C-AF82-12DF17AE4E1E,2017-ncaa-d1-natl,ncaa,157,126,217,152,288,201,252,255,222,258,264,209,168,159,193,140,84,47,273,53,17,212,252,207,184,160,75,149,36,183,186,242,132,222,190,338,345,43,79,279,228,196,232,230,,,171,234,,,168,270,195,270,161,237,205,237,238,148,128,49,21,22,149,200,146,200,177,335,77,201,224,,217,,,167,101,102,65,214,168,126,236,38,53,64,83,221,202,237,198,216,77,71,168,195,194,84,48,261,63,132,189,186,133,190,18,16,211,172,74,84,124,232,278,,,110,32,,,168,88,149,181,163,169,160,107,231,185,52,80,250,234,230,133,123,112,234,196,38,182,120,260,,48,,,b'\x11\xe8\xe1I\xc7\xa7X\x8c\xaf\x82\x12\xdf\x17\xaeN\x1e'
11E8E149-C7A7-588C-AF82-12DF17AE4E1E,2018-ncaa-d0-natl,ncaa,99,112,73,110,102,105,105,54,237,77,58,149,232,111,340,187,84,52,243,51,143,50,41,269,269,240,269,281,105,33,96,138,166,77,161,227,331,233,117,254,15,18,195,209,,,327,301,,,129,59,58,247,130,133,52,78,77,253,132,100,80,77,48,44,32,217,102,295,183,18,220,,306,,,132,218,178,162,196,207,183,219,109,128,120,110,316,323,121,324,314,206,289,173,208,80,194,78,306,179,166,304,96,287,161,164,153,17,19,27,104,52,329,273,,,60,164,,,129,293,203,69,130,147,112,62,149,99,87,88,288,299,300,89,255,133,270,228,118,20,82,318,,86,,,b'\x11\xe8\xe1I\xc7\xa7X\x8c\xaf\x82\x12\xdf\x17\xaeN\x1e'
11E8E149-C7A7-588C-AF82-12DF17AE4E1E,2018-ncaa-d1-conf-SoCon,ncaa,2,2,1,2,1,2,2,2,2,2,2,2,3,1,8,6,2,1,8,1,3,1,1,3,5,3,7,7,5,1,1,2,3,1,2,2,6,6,3,4,2,2,4,4,,,8,7,,,2,1,1,6,2,2,2,2,3,7,2,3,2,2,1,1,1,6,2,4,4,2,6,,7,,,2,6,4,7,5,5,7,3,4,4,7,3,8,8,5,8,7,7,8,4,5,2,6,3,8,3,3,7,1,7,2,5,5,1,2,2,5,2,4,4,,,1,4,,,2,8,2,2,2,3,3,2,3,2,4,3,4,6,7,2,7,3,6,3,4,1,2,4,,3,,,b'\x11\xe8\xe1I\xc7\xa7X\x8c\xaf\x82\x12\xdf\x17\xaeN\x1e'
11E8E149-C7A7-588C-AF82-12DF17AE4E1E,2018-ncaa-d1-natl,ncaa,95,111,53,111,87,93,100,41,242,66,50,160,226,111,339,191,56,36,254,36,119,38,35,276,277,245,261,280,87,27,109,140,161,54,169,237,333,247,124,261,13,19,175,193,,,338,305,,,132,39,51,248,129,135,53,79,78,253,138,78,50,51,43,35,37,208,99,300,202,16,208,,315,,,132,250,183,177,194,220,190,225,121,141,104,112,328,330,122,331,317,239,304,172,215,86,199,74,316,189,161,318,109,300,169,171,152,17,21,29,122,55,332,271,,,35,153,,,132,310,206,69,136,159,118,67,158,101,86,94,304,313,312,107,267,135,281,235,121,21,86,321,,70,,,b'\x11\xe8\xe1I\xc7\xa7X\x8c\xaf\x82\x12\xdf\x17\xaeN\x1e'
11E8E149-C7A7-588C-AF82-12DF17AE4E1E,2019-ncaa-d0-natl,ncaa,253,283,114,265,124,112,97,107,123,49,36,149,283,295,251,320,91,35,310,35,143,80,59,184,190,220,316,324,105,126,175,129,204,122,205,186,304,324,244,268,77,127,111,173,,,313,247,,,243,46,17,53,107,87,82,30,25,302,304,75,31,31,50,26,123,143,122,209,309,82,109,,302,,,239,323,323,279,283,336,323,242,157,92,298,29,278,286,134,286,157,287,302,265,258,241,61,59,186,262,204,274,175,280,205,217,60,71,138,121,260,174,351,324,,,26,49,,,243,304,230,226,232,321,317,308,329,339,129,74,272,276,278,323,326,248,264,268,202,67,241,350,,14,,,b'\x11\xe8\xe1I\xc7\xa7X\x8c\xaf\x82\x12\xdf\x17\xaeN\x1e'
11E8E149-C7A7-588C-AF82-12DF17AE4E1E,2019-ncaa-d1-conf-SoCon,ncaa,4,3,5,4,5,4,3,5,4,3,3,3,7,6,5,6,2,1,7,1,2,4,4,4,4,5,5,7,2,2,3,4,3,3,3,4,6,7,6,6,1,1,3,4,,,5,6,,,4,4,1,1,2,3,2,3,3,6,6,1,1,1,2,1,2,1,1,3,7,1,3,,8,,,4,6,6,4,4,7,7,4,1,3,3,3,6,5,8,5,3,4,5,4,4,4,2,1,6,3,3,3,3,3,3,4,2,3,3,2,6,5,7,6,,,2,1,,,4,6,5,4,4,6,6,8,7,8,3,4,7,6,6,8,8,4,6,6,5,2,6,8,,1,,,b'\x11\xe8\xe1I\xc7\xa7X\x8c\xaf\x82\x12\xdf\x17\xaeN\x1e'
11E8E149-C7A7-588C-AF82-12DF17AE4E1E,2019-ncaa-d1-natl,ncaa,266,282,155,278,167,143,117,138,135,68,49,158,298,306,254,317,108,50,311,51,146,112,79,196,200,229,314,323,103,154,185,167,216,163,222,222,309,303,249,278,104,136,123,174,,,289,248,,,257,62,17,46,117,96,90,33,29,305,304,80,34,31,58,30,128,154,135,221,307,92,114,,301,,,256,308,310,258,297,327,313,257,132,64,304,25,266,268,141,270,160,268,283,274,274,254,56,52,186,231,216,246,185,246,222,201,62,94,146,136,240,182,351,330,,,39,52,,,257,287,237,244,251,326,323,308,337,341,134,71,272,277,278,322,325,254,269,274,210,74,244,351,,14,,,b'\x11\xe8\xe1I\xc7\xa7X\x8c\xaf\x82\x12\xdf\x17\xaeN\x1e'
11E8E149-C7A7-588C-AF82-12DF17AE4E1E,2020-ncaa-d0-natl,ncaa,295,289,191,299,201,285,310,289,303,253,186,310,310,311,287,302,64,57,180,55,63,254,260,313,284,267,196,298,7,320,327,252,306,306,325,331,309,152,195,297,246,260,154,189,,,113,91,,,320,219,195,55,289,326,309,254,170,311,312,51,50,46,262,275,323,251,320,338,164,242,150,,139,,,319,249,288,248,280,311,267,292,118,139,118,108,117,139,78,149,98,235,187,253,214,270,28,85,75,288,306,258,327,282,325,197,92,260,279,258,106,143,257,239,,,46,10,,,320,146,300,289,316,280,307,296,324,305,137,163,140,160,170,284,243,303,275,301,219,250,116,261,,31,,,b'\x11\xe8\xe1I\xc7\xa7X\x8c\xaf\x82\x12\xdf\x17\xaeN\x1e'
11E8E149-C7A7-588C-AF82-12DF17AE4E1E,2020-ncaa-d1-conf-SoCon,ncaa,7,6,5,7,5,7,8,5,7,6,3,7,6,7,5,6,5,4,6,4,4,6,5,7,7,7,6,6,4,6,5,6,7,7,7,7,5,4,5,7,4,4,4,3,,,4,4,,,8,4,2,1,6,8,4,6,2,6,6,4,3,3,3,2,6,6,7,7,6,3,3,,4,,,8,8,8,4,8,8,6,8,4,4,4,3,7,7,7,7,6,4,5,8,8,7,3,2,6,4,7,7,5,6,7,5,2,5,5,5,5,6,6,5,,,5,4,,,8,5,7,7,8,8,8,8,8,8,5,6,7,7,7,8,8,7,7,7,7,5,6,7,,3,,,b'\x11\xe8\xe1I\xc7\xa7X\x8c\xaf\x82\x12\xdf\x17\xaeN\x1e'
11E8E149-C7A7-588C-AF82-12DF17AE4E1E,2020-ncaa-d1-natl,ncaa,289,289,128,291,148,280,316,290,299,249,168,310,309,314,295,301,58,56,179,53,72,257,260,314,282,269,205,302,7,321,326,243,296,297,324,334,313,165,198,304,220,233,147,190,,,112,83,,,315,207,194,57,292,329,310,251,170,311,315,55,53,51,261,273,323,244,316,338,165,219,152,,122,,,314,254,290,263,276,308,277,291,134,169,111,122,109,134,62,143,91,249,204,245,207,262,31,95,65,293,296,272,326,290,324,196,92,244,266,249,110,144,248,231,,,49,13,,,315,163,299,283,309,268,301,286,319,294,142,173,119,145,150,274,237,289,275,294,208,247,116,246,,42,,,b'\x11\xe8\xe1I\xc7\xa7X\x8c\xaf\x82\x12\xdf\x17\xaeN\x1e'
11E8E149-C7A7-588C-AF82-12DF17AE4E1E,2021-ncaa-d0-natl,ncaa,307,296,248,315,254,277,277,255,316,277,260,279,238,176,334,102,232,210,285,215,101,252,245,310,310,312,123,169,92,187,147,260,290,246,262,285,231,177,281,309,122,56,162,124,,,127,223,,,289,251,127,50,289,303,181,285,223,224,97,191,132,136,175,90,82,246,161,294,303,43,132,,247,,,290,103,89,86,166,85,78,146,152,125,238,218,177,174,218,173,295,89,103,186,221,139,298,226,280,158,290,129,147,128,262,88,141,146,60,58,164,238,55,102,,,221,142,,,289,94,306,165,285,205,142,133,108,96,240,220,288,275,276,172,266,274,282,300,136,43,261,77,,105,,,b'\x11\xe8\xe1I\xc7\xa7X\x8c\xaf\x82\x12\xdf\x17\xaeN\x1e'
11E8E149-C7A7-588C-AF82-12DF17AE4E1E,2021-ncaa-d1-conf-SoCon,ncaa,8,7,8,8,8,7,8,7,8,8,8,5,5,4,7,2,6,5,7,5,1,7,7,7,7,6,2,4,2,6,6,8,5,7,8,7,5,2,4,6,2,1,4,1,,,3,7,,,7,8,1,3,6,6,3,7,6,4,1,4,2,2,3,2,5,5,5,6,6,1,1,,8,,,7,4,1,1,7,1,1,5,7,3,8,6,7,7,8,6,8,1,1,7,8,7,8,8,8,2,5,6,6,3,8,4,6,4,2,3,2,2,1,2,,,7,4,,,7,1,6,8,7,8,6,3,2,2,8,7,8,8,8,6,8,3,8,8,7,1,4,1,,2,,,b'\x11\xe8\xe1I\xc7\xa7X\x8c\xaf\x82\x12\xdf\x17\xaeN\x1e'
11E8E149-C7A7-588C-AF82-12DF17AE4E1E,2021-ncaa-d1-natl,ncaa,296,294,231,310,233,267,272,234,315,268,251,281,225,167,328,107,231,207,288,209,113,232,233,310,310,308,128,172,99,177,158,253,290,239,275,281,233,186,268,306,108,55,153,112,,,128,192,,,284,235,138,51,290,302,178,277,217,223,105,207,141,146,175,98,87,251,173,292,284,44,129,,227,,,285,109,100,94,173,87,89,141,179,141,273,230,177,172,222,168,278,99,114,204,228,139,302,252,264,176,290,146,158,154,275,101,148,118,48,61,167,225,66,104,,,210,133,,,284,113,304,165,278,198,142,133,98,90,262,221,270,259,253,161,260,273,286,305,146,38,243,80,,106,,,b'\x11\xe8\xe1I\xc7\xa7X\x8c\xaf\x82\x12\xdf\x17\xaeN\x1e'
11E8E149-C7A7-588C-AF82-12DF17AE4E1E,2022-ncaa-d0-natl,ncaa,305,316,216,314,248,294,292,217,341,321,281,332,129,90,258,44,330,330,274,329,303,249,266,317,328,310,64,33,311,296,339,235,260,277,341,287,221,76,151,228,195,180,204,190,,,170,224,,,334,251,197,275,325,325,188,341,287,101,60,341,336,335,247,276,305,224,296,295,112,168,191,,221,,,327,206,168,126,241,145,117,243,209,189,256,208,271,284,151,287,310,154,119,255,264,287,262,201,278,207,260,316,339,294,341,161,165,267,256,246,90,157,223,297,,,342,346,,,334,109,322,306,328,262,215,171,189,136,248,234,296,306,307,221,187,244,346,331,196,260,125,253,,353,,,b'\x11\xe8\xe1I\xc7\xa7X\x8c\xaf\x82\x12\xdf\x17\xaeN\x1e'
11E8E149-C7A7-588C-AF82-12DF17AE4E1E,2022-ncaa-d1-conf-SoCon,ncaa,5,5,5,5,7,6,7,6,7,7,8,7,3,2,6,1,7,8,6,8,5,7,8,6,6,6,2,1,8,8,8,7,7,8,8,6,4,3,4,5,4,4,3,4,,,6,6,,,7,6,4,5,6,7,6,7,8,2,2,7,8,8,7,8,8,7,8,6,3,4,3,,6,,,7,4,3,3,5,6,5,5,2,2,4,3,7,7,4,7,7,3,3,4,5,4,4,2,7,6,7,7,8,8,8,3,3,6,6,5,3,5,6,7,,,8,8,,,7,3,6,6,7,5,4,5,7,7,2,3,8,8,8,6,5,7,8,8,3,6,5,7,,8,,,b'\x11\xe8\xe1I\xc7\xa7X\x8c\xaf\x82\x12\xdf\x17\xaeN\x1e'
11E8E149-C7A7-588C-AF82-12DF17AE4E1E,2022-ncaa-d1-natl,ncaa,316,316,270,321,296,320,324,260,344,342,310,337,148,105,266,42,337,340,273,338,303,289,305,322,332,315,64,34,307,320,342,275,273,317,345,312,229,52,160,242,223,190,220,193,,,133,228,,,339,294,202,275,327,332,204,345,291,106,61,342,337,338,255,285,307,238,311,306,114,183,198,,226,,,337,168,141,89,254,126,85,259,193,160,265,207,260,268,162,273,311,115,76,268,276,305,264,199,279,177,273,303,342,274,345,147,166,300,266,265,73,164,208,308,,,344,344,,,339,67,326,320,338,274,226,175,195,138,255,229,302,306,307,222,188,245,347,337,207,265,132,262,,352,,,b'\x11\xe8\xe1I\xc7\xa7X\x8c\xaf\x82\x12\xdf\x17\xaeN\x1e'
11E8E149-C7A7-588C-AF82-12DF17AE4E1E,2023-ncaa-d0-natl,ncaa,47,52,46,53,56,125,120,103,180,155,137,198,99,96,115,119,214,214,148,207,254,115,125,160,172,142,133,106,276,49,43,113,195,80,76,275,350,106,87,232,206,216,127,125,,,164,155,,,80,169,355,148,210,201,223,229,233,125,137,268,291,285,243,304,69,209,122,328,52,257,165,,83,,,85,117,98,224,46,79,191,50,214,243,122,243,130,135,127,124,133,205,196,54,54,70,266,266,168,255,195,145,43,193,76,30,31,199,219,57,80,67,42,31,,,130,154,,,80,186,93,89,77,22,25,63,23,67,143,165,69,85,82,45,15,178,41,68,13,284,35,15,,221,,,b'\x11\xe8\xe1I\xc7\xa7X\x8c\xaf\x82\x12\xdf\x17\xaeN\x1e'
11E8E149-C7A7-588C-AF82-12DF17AE4E1E,2023-ncaa-d1-conf-SoCon,ncaa,3,3,3,3,3,2,2,3,4,3,4,4,3,3,5,3,8,7,6,7,7,3,5,5,5,3,4,3,8,3,3,7,7,3,3,6,7,2,2,3,2,1,2,1,,,5,5,,,2,4,8,5,3,3,3,3,5,2,2,8,8,7,3,6,3,7,3,6,2,1,3,,4,,,2,2,2,3,2,1,2,2,6,5,6,5,5,5,4,5,6,3,5,2,3,3,7,6,5,6,7,5,3,6,3,3,7,3,4,3,1,2,1,2,,,5,6,,,2,4,1,3,2,2,1,2,1,2,5,4,5,5,5,2,2,4,4,5,3,4,2,1,,7,,,b'\x11\xe8\xe1I\xc7\xa7X\x8c\xaf\x82\x12\xdf\x17\xaeN\x1e'
11E8E149-C7A7-588C-AF82-12DF17AE4E1E,2023-ncaa-d1-natl,ncaa,37,52,18,51,24,90,83,53,176,110,91,190,83,76,122,119,190,195,140,191,273,67,81,162,167,136,151,110,289,22,25,72,192,39,54,232,344,136,81,214,150,170,106,115,,,194,143,,,48,120,353,156,196,178,182,202,212,125,131,275,296,291,225,286,56,193,88,318,49,222,153,,78,,,59,133,123,269,29,96,244,30,224,260,98,225,137,159,100,157,119,257,259,32,32,43,254,255,167,289,192,176,25,240,54,28,30,147,182,44,96,52,65,35,,,112,201,,,48,242,79,60,49,18,20,61,16,69,119,151,59,77,75,46,20,186,37,61,12,244,29,22,,244,,,b'\x11\xe8\xe1I\xc7\xa7X\x8c\xaf\x82\x12\xdf\x17\xaeN\x1e'
11E8E149-C7A7-588C-AF82-12DF17AE4E1E,2024-ncaa-d0-natl,ncaa,154,82,298,130,316,313,315,345,200,329,343,177,192,209,167,81,307,292,298,289,103,346,356,170,182,165,86,80,219,293,206,268,174,296,174,326,308,9,122,221,310,229,289,239,,,10,72,,,132,356,355,263,284,295,334,318,329,150,150,277,249,249,329,353,254,185,240,322,37,284,264,,36,,,129,5,5,21,43,7,28,31,101,79,227,237,12,18,16,17,107,10,8,61,46,59,261,302,98,86,174,33,206,33,174,6,27,307,180,67,13,82,17,90,,,284,49,,,132,5,164,87,114,14,25,47,17,50,170,146,32,61,50,32,16,176,104,114,10,268,35,25,,209,,,b'\x11\xe8\xe1I\xc7\xa7X\x8c\xaf\x82\x12\xdf\x17\xaeN\x1e'
11E8E149-C7A7-588C-AF82-12DF17AE4E1E,2024-ncaa-d1-conf-SoCon,ncaa,5,5,5,5,5,5,5,7,2,7,8,2,3,2,4,2,7,6,6,6,4,7,8,2,3,3,3,2,7,5,5,6,6,7,5,7,4,5,6,5,5,3,4,5,,,1,1,,,4,8,7,1,5,5,6,6,8,3,2,7,5,5,6,7,5,5,6,5,6,3,4,,1,,,4,1,1,1,2,1,2,1,5,4,6,5,1,1,4,1,1,1,2,2,2,2,6,6,2,5,6,2,5,1,5,2,5,4,3,4,6,6,3,5,,,6,2,,,4,1,4,4,4,2,2,4,1,2,5,4,1,1,1,2,4,6,4,4,3,3,6,3,,5,,,b'\x11\xe8\xe1I\xc7\xa7X\x8c\xaf\x82\x12\xdf\x17\xaeN\x1e'
11E8E149-C7A7-588C-AF82-12DF17AE4E1E,2024-ncaa-d1-natl,ncaa,137,83,254,117,304,304,306,337,203,325,334,185,194,202,174,95,283,263,266,259,99,335,353,182,189,177,96,104,187,270,200,242,161,265,160,330,326,19,143,247,279,199,268,226,,,16,73,,,135,354,356,264,286,299,330,316,322,161,164,262,241,238,326,350,236,179,228,337,61,256,259,,36,,,133,5,10,27,47,8,34,23,129,110,235,244,13,24,15,19,108,15,12,64,45,52,273,317,92,100,161,37,200,47,160,6,25,275,163,58,28,97,27,107,,,241,51,,,135,10,169,75,122,13,19,46,17,51,182,154,25,57,48,30,18,160,97,110,11,237,49,34,,190,,,b'\x11\xe8\xe1I\xc7\xa7X\x8c\xaf\x82\x12\xdf\x17\xaeN\x1e'
11E8E149-C7A7-588C-AF82-12DF17AE4E1E,2025-ncaa-d0-natl,genius_ncaa,171,113,301,139,319,322,318,320,282,336,329,297,189,196,164,91,332,337,148,336,256,335,347,242,251,231,76,59,237,250,198,336,266,323,262,322,285,31,144,237,277,185,168,81,,,19,105,,93,146,352,346,167,301,304,276,330,293,141,128,308,316,312,302,327,197,314,293,316,84,225,135,,63,,136,145,3,7,12,48,9,6,121,33,84,22,278,47,33,339,33,193,9,13,51,76,45,221,186,247,103,266,55,198,58,262,2,18,194,62,14,20,128,25,102,,,289,102,,39,146,11,222,64,145,16,16,27,29,23,83,165,122,81,78,20,27,199,162,178,5,111,77,52,,215,,24,b'\x11\xe8\xe1I\xc7\xa7X\x8c\xaf\x82\x12\xdf\x17\xaeN\x1e'
11E8E149-C7A7-588C-AF82-12DF17AE4E1E,2025-ncaa-d1-conf-SoCon,genius_ncaa,4,3,5,4,7,7,6,5,7,7,7,7,4,4,3,3,7,7,4,7,5,5,6,5,5,4,3,1,7,4,5,8,6,6,6,7,7,1,2,2,3,2,3,2,,,2,3,,1,4,7,7,7,7,5,3,7,5,3,2,6,6,6,3,4,4,8,5,6,2,3,3,,3,,1,3,1,1,1,4,1,1,4,1,2,3,3,3,1,8,2,3,1,1,4,4,3,3,2,5,2,6,3,5,3,6,2,2,3,1,1,1,2,3,5,,,4,3,,1,4,2,5,3,3,3,3,1,3,1,2,2,4,2,3,1,3,4,7,6,3,1,2,5,,3,,1,b'\x11\xe8\xe1I\xc7\xa7X\x8c\xaf\x82\x12\xdf\x17\xaeN\x1e'
11E8E149-C7A7-588C-AF82-12DF17AE4E1E,2025-ncaa-d1-natl,genius_ncaa,145,113,244,132,272,290,286,269,266,314,295,286,158,163,158,93,319,326,154,321,273,286,321,235,247,210,82,59,270,220,192,314,276,300,268,303,284,35,112,205,203,132,148,74,,,30,84,,102,128,339,336,181,288,277,245,312,272,129,114,314,321,314,275,310,190,318,293,304,66,171,128,,52,,128,122,9,10,26,48,19,19,119,47,111,22,277,61,40,345,39,152,18,28,55,65,32,203,186,224,148,276,119,192,132,268,2,19,120,42,9,31,102,39,108,,,251,114,,32,128,23,201,47,116,16,17,27,32,29,78,154,102,66,64,21,42,209,185,201,4,85,66,64,,212,,24,b'\x11\xe8\xe1I\xc7\xa7X\x8c\xaf\x82\x12\xdf\x17\xaeN\x1e'
11E8E149-C7A7-588C-AF82-12DF17AE4E1E,2026-ncaa-d0-natl,genius_ncaa,212,295,49,260,55,185,240,133,354,235,163,330,229,94,354,133,34,39,96,37,25,109,99,350,332,312,55,240,4,113,249,100,214,111,258,297,333,271,192,334,213,295,192,273,,,257,168,,227,285,102,290,62,314,354,290,343,292,298,157,47,60,64,228,252,195,183,177,356,167,294,259,,154,,154,266,287,264,280,138,267,300,105,232,214,214,97,304,291,243,292,204,289,276,136,157,176,185,136,262,303,214,345,249,331,258,186,72,130,212,136,273,209,229,215,,,49,56,,57,285,267,307,188,261,165,137,166,158,239,120,92,233,227,230,175,133,221,318,300,74,220,183,156,,89,,103,b'\x11\xe8\xe1I\xc7\xa7X\x8c\xaf\x82\x12\xdf\x17\xaeN\x1e'
11E8E149-C7A7-588C-AF82-12DF17AE4E1E,2026-ncaa-d1-natl,genius_ncaa,203,294,13,268,18,204,257,105,358,248,144,344,228,86,353,137,26,25,114,26,35,82,74,356,339,324,55,222,5,101,267,75,236,69,285,326,346,270,186,343,169,251,198,275,,,289,173,,201,284,72,299,73,332,358,299,347,282,288,172,62,74,75,241,261,201,186,176,362,160,252,263,,151,,137,276,288,261,308,110,266,315,98,228,242,162,115,306,307,226,303,199,312,304,105,127,142,190,145,257,321,236,351,267,349,285,180,72,99,208,119,290,217,265,239,,,35,66,,58,284,294,318,174,276,136,114,160,133,213,111,111,226,213,214,160,126,239,328,314,64,206,187,191,,110,,105,b'\x11\xe8\xe1I\xc7\xa7X\x8c\xaf\x82\x12\xdf\x17\xaeN\x1e'
11E8E149-C7AB-D90C-AF82-12DF17AE4E1E,2010-ncaa-d0-natl,ncaa,45,62,20,64,21,28,32,88,14,34,77,17,95,166,14,233,25,29,124,28,59,69,29,12,12,45,190,204,139,115,75,25,132,38,41,14,45,341,287,130,78,157,216,282,,,319,207,,,60,20,85,15,39,44,228,54,174,130,243,49,54,55,176,95,199,42,93,19,305,125,247,,246,,,65,324,321,325,110,319,333,116,201,253,106,117,285,279,199,284,143,330,326,96,97,127,118,113,184,308,132,98,75,199,41,282,147,85,215,194,307,229,139,94,,,12,46,,,60,326,61,129,69,213,221,291,245,299,131,172,197,193,204,294,283,244,12,48,198,169,245,86,,30,,,b'\x11\xe8\xe1I\xc7\xab\xd9\x0c\xaf\x82\x12\xdf\x17\xaeN\x1e'
11E8E149-C7AB-D90C-AF82-12DF17AE4E1E,2010-ncaa-d1-conf-C-USA,ncaa,2,5,2,5,2,1,1,8,1,2,9,1,1,6,1,6,2,3,1,3,3,6,3,1,1,1,4,3,5,8,5,1,4,2,2,1,1,12,12,7,7,9,9,10,,,11,6,,,2,2,6,3,2,3,11,6,9,1,8,4,5,5,11,8,11,1,7,1,12,9,10,,7,,,2,11,12,12,3,12,12,4,8,10,5,5,10,9,8,9,3,12,11,2,3,5,4,5,6,12,4,1,5,4,2,8,3,6,11,6,12,11,6,7,,,3,4,,,2,10,2,5,2,8,8,11,10,11,6,7,6,5,5,11,9,9,1,2,2,8,11,4,,3,,,b'\x11\xe8\xe1I\xc7\xab\xd9\x0c\xaf\x82\x12\xdf\x17\xaeN\x1e'
11E8E149-C7AB-D90C-AF82-12DF17AE4E1E,2010-ncaa-d1-conf-CUSA,ncaa,2,5,2,5,2,1,1,8,1,2,9,1,1,6,1,6,2,3,1,3,3,6,3,1,1,1,4,3,5,8,5,1,4,2,2,1,1,12,12,7,7,9,9,10,,,11,6,,,2,2,6,3,2,3,11,6,9,1,8,4,5,5,11,8,11,1,7,1,12,9,10,,7,,,2,11,12,12,3,12,12,4,8,10,5,5,10,9,8,9,3,12,11,2,3,5,4,5,6,12,4,1,5,4,2,8,3,6,11,6,12,11,6,7,,,3,4,,,2,10,2,5,2,8,8,11,10,11,6,7,6,5,5,11,9,9,1,2,2,8,11,4,,3,,,b'\x11\xe8\xe1I\xc7\xab\xd9\x0c\xaf\x82\x12\xdf\x17\xaeN\x1e'
11E8E149-C7AB-D90C-AF82-12DF17AE4E1E,2010-ncaa-d1-natl,ncaa,46,62,22,65,22,29,33,94,14,35,85,17,98,171,13,233,27,32,122,31,58,74,31,13,12,47,188,203,135,122,78,26,138,40,43,16,47,339,289,133,82,165,226,283,,,317,207,,,66,21,86,16,40,46,229,55,174,132,241,49,53,55,177,97,203,44,96,20,306,130,248,,248,,,69,320,317,324,116,315,333,121,195,244,107,115,279,269,204,276,144,327,323,104,102,136,117,112,183,307,138,83,78,190,43,279,148,97,224,199,303,230,134,95,,,12,45,,,66,324,62,137,73,221,226,292,251,300,133,171,201,193,202,296,283,246,12,51,202,178,248,89,,33,,,b'\x11\xe8\xe1I\xc7\xab\xd9\x0c\xaf\x82\x12\xdf\x17\xaeN\x1e'
11E8E149-C7AB-D90C-AF82-12DF17AE4E1E,2011-ncaa-d0-natl,ncaa,168,154,170,165,221,107,129,175,84,129,203,63,125,140,144,134,70,66,173,62,28,146,108,80,75,128,123,157,94,197,206,167,275,178,244,91,78,296,266,181,73,109,219,244,,,338,331,,,176,91,18,222,66,84,150,116,198,114,117,47,39,38,96,43,197,132,161,63,297,63,218,,341,,,176,266,210,192,221,240,242,199,113,101,201,57,334,340,45,341,327,263,274,200,212,185,194,65,320,288,275,157,206,236,244,136,72,73,111,79,190,176,87,110,,,82,113,,,176,265,151,201,169,301,239,231,263,279,117,112,334,341,341,308,326,303,200,269,162,49,213,96,,42,,,b'\x11\xe8\xe1I\xc7\xab\xd9\x0c\xaf\x82\x12\xdf\x17\xaeN\x1e'
11E8E149-C7AB-D90C-AF82-12DF17AE4E1E,2011-ncaa-d1-conf-C-USA,ncaa,4,4,4,5,6,6,6,8,3,6,10,2,4,3,8,2,5,5,2,5,2,6,5,1,1,7,5,5,5,10,9,3,9,5,7,2,1,12,11,7,6,7,7,7,,,12,9,,,8,4,2,8,5,6,10,6,10,5,4,3,7,6,10,6,11,3,6,2,12,6,6,,12,,,8,10,8,10,2,5,8,2,10,11,7,8,10,11,4,12,8,10,10,3,4,4,9,10,9,10,9,3,9,9,7,6,7,4,8,7,11,10,4,5,,,6,7,,,8,9,8,6,8,8,5,9,4,8,10,11,9,10,12,11,11,10,2,6,8,5,10,5,,7,,,b'\x11\xe8\xe1I\xc7\xab\xd9\x0c\xaf\x82\x12\xdf\x17\xaeN\x1e'
11E8E149-C7AB-D90C-AF82-12DF17AE4E1E,2011-ncaa-d1-conf-CUSA,ncaa,4,4,4,5,6,6,6,8,3,6,10,2,4,3,8,2,5,5,2,5,2,6,5,1,1,7,5,5,5,10,9,3,9,5,7,2,1,12,11,7,6,7,7,7,,,12,9,,,8,4,2,8,5,6,10,6,10,5,4,3,7,6,10,6,11,3,6,2,12,6,6,,12,,,8,10,8,10,2,5,8,2,10,11,7,8,10,11,4,12,8,10,10,3,4,4,9,10,9,10,9,3,9,9,7,6,7,4,8,7,11,10,4,5,,,6,7,,,8,9,8,6,8,8,5,9,4,8,10,11,9,10,12,11,11,10,2,6,8,5,10,5,,7,,,b'\x11\xe8\xe1I\xc7\xab\xd9\x0c\xaf\x82\x12\xdf\x17\xaeN\x1e'
11E8E149-C7AB-D90C-AF82-12DF17AE4E1E,2011-ncaa-d1-natl,ncaa,159,152,132,164,179,84,104,142,66,120,191,53,106,118,118,127,62,47,191,46,21,115,83,61,61,116,118,138,105,182,191,126,268,146,225,65,73,299,264,168,62,95,228,255,,,342,333,,,151,67,17,228,50,74,145,115,200,101,107,48,36,35,90,39,186,118,135,48,297,53,230,,341,,,151,284,215,217,204,253,269,179,101,93,186,42,337,342,42,342,325,280,289,175,192,156,186,55,322,304,268,175,191,254,225,128,63,53,107,56,190,161,85,104,,,67,106,,,151,282,130,181,149,290,221,229,257,286,104,95,333,341,341,308,326,305,172,263,145,45,206,90,,36,,,b'\x11\xe8\xe1I\xc7\xab\xd9\x0c\xaf\x82\x12\xdf\x17\xaeN\x1e'
11E8E149-C7AB-D90C-AF82-12DF17AE4E1E,2012-ncaa-d0-natl,ncaa,252,248,240,257,263,283,270,254,264,273,279,221,171,131,277,80,308,300,299,300,221,271,245,247,269,284,134,93,270,219,216,229,188,232,221,162,20,230,289,197,146,112,184,176,,,162,237,,,235,251,169,177,278,253,204,266,266,147,94,304,283,281,241,191,187,174,183,96,277,107,158,,240,,,236,74,90,65,208,150,136,181,45,32,168,36,146,223,9,219,243,86,104,175,150,119,64,51,220,133,188,159,216,148,221,139,216,167,108,150,228,273,245,310,,,287,273,,,235,97,289,138,230,161,164,118,226,234,58,43,196,275,274,160,189,196,250,241,209,109,264,276,,275,,,b'\x11\xe8\xe1I\xc7\xab\xd9\x0c\xaf\x82\x12\xdf\x17\xaeN\x1e'
11E8E149-C7AB-D90C-AF82-12DF17AE4E1E,2012-ncaa-d1-conf-C-USA,ncaa,11,11,3,11,4,7,6,6,7,8,11,7,1,1,4,1,12,12,3,12,11,8,6,6,5,8,3,1,12,9,10,8,9,7,9,3,1,11,12,6,6,8,5,6,,,11,11,,,10,5,4,5,8,7,7,9,10,1,1,12,12,12,11,7,9,9,8,2,11,8,5,,10,,,10,10,10,7,12,11,8,11,7,5,10,4,11,12,5,11,11,7,7,11,11,11,8,6,10,9,9,8,10,8,9,10,6,4,7,6,10,9,11,12,,,8,11,,,10,8,9,10,10,10,9,5,10,9,7,4,10,11,11,9,9,9,7,8,9,5,9,9,,11,,,b'\x11\xe8\xe1I\xc7\xab\xd9\x0c\xaf\x82\x12\xdf\x17\xaeN\x1e'
11E8E149-C7AB-D90C-AF82-12DF17AE4E1E,2012-ncaa-d1-conf-CUSA,ncaa,11,11,3,11,4,7,6,6,7,8,11,7,1,1,4,1,12,12,3,12,11,8,6,6,5,8,3,1,12,9,10,8,9,7,9,3,1,11,12,6,6,8,5,6,,,11,11,,,10,5,4,5,8,7,7,9,10,1,1,12,12,12,11,7,9,9,8,2,11,8,5,,10,,,10,10,10,7,12,11,8,11,7,5,10,4,11,12,5,11,11,7,7,11,11,11,8,6,10,9,9,8,10,8,9,10,6,4,7,6,10,9,11,12,,,8,11,,,10,8,9,10,10,10,9,5,10,9,7,4,10,11,11,9,9,9,7,8,9,5,9,9,,11,,,b'\x11\xe8\xe1I\xc7\xab\xd9\x0c\xaf\x82\x12\xdf\x17\xaeN\x1e'
11E8E149-C7AB-D90C-AF82-12DF17AE4E1E,2012-ncaa-d1-natl,ncaa,234,247,137,250,169,221,200,185,233,216,243,181,133,96,258,84,285,248,310,246,194,197,149,223,252,274,143,99,275,165,192,173,195,176,213,102,28,292,283,182,51,50,157,166,,,210,210,,,180,148,118,200,235,211,174,229,249,134,89,295,251,248,200,140,165,177,172,77,284,43,151,,229,,,180,104,119,116,178,194,201,159,43,44,120,37,153,240,7,236,218,138,200,130,106,59,54,49,209,185,195,242,192,221,213,156,207,54,44,71,272,265,239,281,,,231,267,,,180,195,271,59,178,110,133,106,202,218,44,42,163,247,245,136,214,197,250,236,163,38,268,247,,239,,,b'\x11\xe8\xe1I\xc7\xab\xd9\x0c\xaf\x82\x12\xdf\x17\xaeN\x1e'
11E8E149-C7AB-D90C-AF82-12DF17AE4E1E,2013-ncaa-d0-natl,ncaa,88,54,183,67,218,151,108,86,150,120,156,116,100,65,218,80,327,323,292,319,336,126,153,144,202,155,229,103,343,81,109,189,77,134,115,86,98,72,77,52,39,19,224,219,,,263,303,,,81,179,121,179,116,58,22,87,116,80,59,331,320,315,51,87,52,164,79,52,97,25,215,,292,,,74,61,40,38,147,128,163,131,4,5,50,5,303,315,67,317,320,79,145,76,122,62,89,7,337,47,77,227,109,145,115,42,89,70,36,25,139,138,80,73,,,295,330,,,81,173,126,46,71,84,58,35,157,183,3,5,309,324,324,84,178,68,259,185,51,41,158,101,,297,,,b'\x11\xe8\xe1I\xc7\xab\xd9\x0c\xaf\x82\x12\xdf\x17\xaeN\x1e'
11E8E149-C7AB-D90C-AF82-12DF17AE4E1E,2013-ncaa-d1-conf-C-USA,ncaa,1,2,4,2,5,5,4,3,7,6,6,2,2,2,7,2,11,11,8,11,12,4,4,5,8,6,8,2,12,4,4,5,1,4,3,3,4,5,2,3,2,1,9,9,,,8,12,,,1,5,5,11,5,2,1,4,7,3,2,11,11,11,5,6,4,7,6,3,2,1,9,,11,,,1,4,2,2,6,7,6,7,1,1,2,1,11,11,7,11,12,3,6,4,6,2,3,1,12,1,1,8,4,5,3,3,5,2,1,2,6,4,6,5,,,11,11,,,1,8,3,2,1,2,2,1,4,3,1,1,12,12,12,1,2,1,9,1,4,2,5,6,,11,,,b'\x11\xe8\xe1I\xc7\xab\xd9\x0c\xaf\x82\x12\xdf\x17\xaeN\x1e'
11E8E149-C7AB-D90C-AF82-12DF17AE4E1E,2013-ncaa-d1-conf-CUSA,ncaa,1,2,4,2,5,5,4,3,7,6,6,2,2,2,7,2,11,11,8,11,12,4,4,5,8,6,8,2,12,4,4,5,1,4,3,3,4,5,2,3,2,1,9,9,,,8,12,,,1,5,5,11,5,2,1,4,7,3,2,11,11,11,5,6,4,7,6,3,2,1,9,,11,,,1,4,2,2,6,7,6,7,1,1,2,1,11,11,7,11,12,3,6,4,6,2,3,1,12,1,1,8,4,5,3,3,5,2,1,2,6,4,6,5,,,11,11,,,1,8,3,2,1,2,2,1,4,3,1,1,12,12,12,1,2,1,9,1,4,2,5,6,,11,,,b'\x11\xe8\xe1I\xc7\xab\xd9\x0c\xaf\x82\x12\xdf\x17\xaeN\x1e'
11E8E149-C7AB-D90C-AF82-12DF17AE4E1E,2013-ncaa-d1-natl,ncaa,63,54,90,61,111,100,63,36,145,62,75,107,88,55,246,90,314,290,286,280,336,58,68,153,209,160,243,127,342,35,87,129,75,67,99,53,93,125,68,48,15,6,170,189,,,301,289,,,53,94,93,210,102,48,13,69,94,98,61,327,312,307,39,61,35,157,60,43,103,8,190,,285,,,51,89,49,70,99,155,213,95,7,12,43,7,308,323,53,322,308,140,235,59,91,33,94,8,336,86,75,285,87,226,99,44,90,22,17,11,162,108,116,70,,,242,330,,,53,259,123,20,48,60,40,29,121,173,3,6,296,312,312,72,193,68,264,189,35,15,140,101,,286,,,b'\x11\xe8\xe1I\xc7\xab\xd9\x0c\xaf\x82\x12\xdf\x17\xaeN\x1e'
11E8E149-C7AB-D90C-AF82-12DF17AE4E1E,2014-ncaa-d0-natl,ncaa,78,41,180,55,186,133,141,125,187,172,172,201,104,107,139,114,141,159,91,156,168,128,106,169,163,193,113,112,169,30,8,190,218,89,43,175,197,290,253,244,45,25,23,14,,,336,344,,,68,161,94,44,78,95,55,151,142,93,93,110,151,144,60,27,9,148,27,149,305,19,14,,345,,,64,77,21,71,35,60,137,46,16,44,17,47,338,337,165,336,339,140,199,25,63,34,264,24,348,203,218,52,8,100,43,17,95,70,57,11,216,176,257,252,,,147,217,,,68,190,118,41,69,105,28,66,83,181,20,48,340,338,337,189,270,227,70,129,35,44,243,277,,106,,,b'\x11\xe8\xe1I\xc7\xab\xd9\x0c\xaf\x82\x12\xdf\x17\xaeN\x1e'
11E8E149-C7AB-D90C-AF82-12DF17AE4E1E,2014-ncaa-d1-conf-C-USA,ncaa,5,5,10,5,10,10,11,6,10,12,10,14,4,5,3,5,12,12,5,12,12,8,6,10,11,11,4,2,13,4,1,10,4,7,2,6,5,16,14,13,3,2,1,1,,,16,16,,,6,10,4,1,5,9,3,10,7,3,5,11,11,11,4,1,1,5,3,5,16,3,1,,16,,,6,6,1,1,2,3,4,4,1,3,3,4,16,16,8,16,16,5,6,2,6,3,12,1,16,2,4,4,1,3,2,1,11,4,4,3,10,10,14,13,,,10,14,,,6,6,11,2,5,7,2,2,4,8,1,4,16,16,16,7,12,4,7,5,2,4,13,15,,9,,,b'\x11\xe8\xe1I\xc7\xab\xd9\x0c\xaf\x82\x12\xdf\x17\xaeN\x1e'
11E8E149-C7AB-D90C-AF82-12DF17AE4E1E,2014-ncaa-d1-conf-CUSA,ncaa,5,5,10,5,10,10,11,6,10,12,10,14,4,5,3,5,12,12,5,12,12,8,6,10,11,11,4,2,13,4,1,10,4,7,2,6,5,16,14,13,3,2,1,1,,,16,16,,,6,10,4,1,5,9,3,10,7,3,5,11,11,11,4,1,1,5,3,5,16,3,1,,16,,,6,6,1,1,2,3,4,4,1,3,3,4,16,16,8,16,16,5,6,2,6,3,12,1,16,2,4,4,1,3,2,1,11,4,4,3,10,10,14,13,,,10,14,,,6,6,11,2,5,7,2,2,4,8,1,4,16,16,16,7,12,4,7,5,2,4,13,15,,9,,,b'\x11\xe8\xe1I\xc7\xab\xd9\x0c\xaf\x82\x12\xdf\x17\xaeN\x1e'
11E8E149-C7AB-D90C-AF82-12DF17AE4E1E,2014-ncaa-d1-natl,ncaa,67,40,145,55,151,118,122,97,180,152,157,185,95,96,139,110,121,150,96,143,165,103,79,162,155,188,112,111,175,24,6,185,225,74,47,150,200,303,250,244,23,12,23,14,,,339,343,,,60,122,84,53,70,85,47,144,140,91,90,106,142,135,51,22,8,158,27,136,307,11,15,,345,,,52,87,21,83,35,64,168,41,13,44,15,41,339,338,166,337,339,165,229,21,66,25,252,20,347,222,225,72,6,126,47,21,99,49,37,9,241,177,257,236,,,125,219,,,60,226,114,31,57,94,27,55,81,182,17,44,342,338,338,178,274,242,73,135,34,32,248,269,,100,,,b'\x11\xe8\xe1I\xc7\xab\xd9\x0c\xaf\x82\x12\xdf\x17\xaeN\x1e'
11E8E149-C7AB-D90C-AF82-12DF17AE4E1E,2015-ncaa-d0-natl,ncaa,57,67,48,71,57,76,66,40,210,80,41,271,99,142,35,218,127,82,306,87,227,41,29,186,214,231,162,132,245,16,18,126,177,39,59,58,106,338,227,185,5,6,21,11,,,341,330,,,59,38,54,217,117,100,48,137,56,128,176,192,124,130,52,19,15,230,69,85,296,5,20,,330,,,62,191,107,148,100,133,199,87,107,104,160,75,329,337,74,338,331,228,306,93,133,24,265,88,335,217,177,261,18,251,59,177,256,6,7,17,273,151,339,284,,,62,238,,,59,314,165,20,66,81,29,29,47,80,61,46,302,318,320,64,260,127,136,128,105,8,213,332,,114,,,b'\x11\xe8\xe1I\xc7\xab\xd9\x0c\xaf\x82\x12\xdf\x17\xaeN\x1e'
11E8E149-C7AB-D90C-AF82-12DF17AE4E1E,2015-ncaa-d1-conf-AAC,ncaa,4,5,4,6,5,4,4,3,7,6,4,8,6,8,6,9,2,2,9,2,3,3,2,6,6,6,5,7,2,1,3,6,5,3,4,5,5,10,5,6,3,3,4,4,,,11,11,,,5,3,2,3,5,7,4,6,4,6,9,3,1,1,3,1,1,9,4,5,9,3,4,,11,,,5,7,2,2,8,6,4,8,2,3,6,2,11,11,6,11,11,4,8,7,9,4,8,2,11,2,5,5,3,5,4,4,7,1,1,2,6,5,10,10,,,2,2,,,5,9,6,4,5,6,2,1,6,3,2,1,11,11,11,3,9,2,5,4,3,1,5,11,,1,,,b'\x11\xe8\xe1I\xc7\xab\xd9\x0c\xaf\x82\x12\xdf\x17\xaeN\x1e'
11E8E149-C7AB-D90C-AF82-12DF17AE4E1E,2015-ncaa-d1-natl,ncaa,68,67,55,72,71,87,72,45,217,100,50,277,110,151,37,216,145,93,307,101,229,46,33,196,227,236,159,135,235,17,19,154,185,48,67,66,109,332,234,192,5,8,22,11,,,340,332,,,70,44,57,211,125,116,50,143,60,128,175,191,123,134,55,20,16,238,72,91,296,6,21,,331,,,71,167,78,111,113,104,169,95,90,80,170,71,325,332,74,333,331,200,298,103,144,28,264,86,335,197,185,234,19,224,67,161,258,7,7,19,254,157,338,294,,,76,236,,,70,309,178,24,75,88,33,29,56,79,65,44,306,321,321,65,256,128,141,133,111,10,213,333,,113,,,b'\x11\xe8\xe1I\xc7\xab\xd9\x0c\xaf\x82\x12\xdf\x17\xaeN\x1e'
11E8E149-C7AB-D90C-AF82-12DF17AE4E1E,2016-ncaa-d0-natl,ncaa,196,249,76,229,80,92,75,52,147,56,51,115,183,134,281,203,123,135,126,125,238,60,41,177,179,188,267,253,198,49,83,107,165,71,104,95,175,303,205,176,110,167,233,264,,,309,232,,,214,49,59,31,99,74,49,60,74,209,159,150,177,170,58,35,59,160,86,105,263,135,248,,279,,,210,326,310,280,267,324,297,271,137,155,124,66,335,324,299,323,239,298,293,239,267,268,101,46,280,230,165,250,83,257,104,183,44,94,178,122,304,210,39,11,,,95,222,,,214,298,171,250,210,290,274,239,303,279,108,115,309,303,298,271,287,168,176,173,144,136,263,23,,128,,,b'\x11\xe8\xe1I\xc7\xab\xd9\x0c\xaf\x82\x12\xdf\x17\xaeN\x1e'
11E8E149-C7AB-D90C-AF82-12DF17AE4E1E,2016-ncaa-d1-conf-AAC,ncaa,8,8,3,8,4,5,5,4,5,3,3,4,8,6,9,8,6,6,5,6,6,4,4,5,5,6,9,10,6,2,2,8,9,6,5,2,3,9,6,4,6,7,7,7,,,11,10,,,7,5,4,3,5,5,4,3,3,10,7,6,6,6,4,3,2,8,6,3,7,7,7,,10,,,7,11,10,9,9,9,8,6,7,5,9,4,11,11,10,11,8,9,9,8,9,9,6,5,10,8,9,4,2,7,5,7,4,4,7,7,8,5,2,2,,,3,3,,,7,8,6,9,6,10,8,7,9,8,7,4,10,10,9,8,7,7,4,5,7,5,6,2,,3,,,b'\x11\xe8\xe1I\xc7\xab\xd9\x0c\xaf\x82\x12\xdf\x17\xaeN\x1e'
11E8E149-C7AB-D90C-AF82-12DF17AE4E1E,2016-ncaa-d1-natl,ncaa,216,249,99,236,102,106,92,62,157,66,62,126,203,150,284,203,138,151,124,146,237,69,53,188,187,197,263,251,197,62,90,134,176,88,114,113,178,295,208,182,133,180,249,268,,,296,236,,,230,61,63,30,104,77,53,67,78,210,160,152,176,170,60,37,64,167,96,116,265,144,253,,280,,,228,318,304,259,276,320,284,281,122,141,127,64,327,314,300,314,243,286,279,245,278,281,99,45,280,205,176,230,90,232,114,163,47,121,192,133,288,215,33,11,,,110,220,,,230,289,175,258,226,294,282,242,309,281,109,112,312,302,299,276,287,175,182,181,151,143,267,27,,129,,,b'\x11\xe8\xe1I\xc7\xab\xd9\x0c\xaf\x82\x12\xdf\x17\xaeN\x1e'
11E8E149-C7AB-D90C-AF82-12DF17AE4E1E,2017-ncaa-d0-natl,ncaa,255,247,234,259,240,255,206,205,204,135,103,243,295,307,226,303,323,277,342,278,328,220,204,256,294,295,333,285,310,193,212,275,263,250,264,202,184,240,268,238,220,212,272,282,,,264,308,,,311,194,109,42,250,170,137,99,35,292,300,325,259,259,163,98,154,254,219,182,286,200,270,,316,,,312,234,214,119,314,256,154,326,87,99,108,110,308,302,231,296,297,157,148,294,313,303,114,48,283,170,263,204,212,199,264,211,185,195,185,212,258,273,126,98,,,281,310,,,311,150,295,305,310,308,280,191,306,221,120,142,330,325,323,250,256,232,270,265,262,155,284,167,,268,,,b'\x11\xe8\xe1I\xc7\xab\xd9\x0c\xaf\x82\x12\xdf\x17\xaeN\x1e'
11E8E149-C7AB-D90C-AF82-12DF17AE4E1E,2017-ncaa-d1-conf-AAC,ncaa,11,11,8,11,8,11,10,7,11,6,5,11,9,9,8,9,11,9,11,9,11,9,8,10,11,11,10,9,9,7,6,10,11,10,11,9,7,9,9,9,6,6,7,9,,,11,10,,,11,7,2,1,11,8,4,5,2,9,9,11,9,9,5,1,4,10,10,7,10,6,7,,11,,,11,9,8,3,11,10,6,11,2,1,7,1,11,11,9,11,10,5,5,11,11,10,3,1,11,8,11,9,6,9,11,8,5,6,5,6,7,9,5,5,,,11,11,,,11,4,11,11,11,11,11,3,11,8,2,1,11,11,11,9,10,10,11,11,10,4,9,6,,11,,,b'\x11\xe8\xe1I\xc7\xab\xd9\x0c\xaf\x82\x12\xdf\x17\xaeN\x1e'
11E8E149-C7AB-D90C-AF82-12DF17AE4E1E,2017-ncaa-d1-natl,ncaa,258,247,217,260,229,248,186,193,179,129,90,228,279,297,165,300,324,270,340,271,326,214,191,230,278,284,329,272,319,195,215,268,250,247,259,187,177,252,262,230,163,164,273,284,,,271,293,,,300,186,96,41,226,146,124,89,35,275,294,324,257,259,152,99,160,241,217,158,281,138,274,,307,,,301,247,208,116,306,254,143,326,82,110,84,120,314,298,243,296,302,155,158,279,308,292,112,47,288,172,250,219,215,207,259,221,196,171,166,196,256,263,127,98,,,285,312,,,300,157,281,286,300,299,279,187,301,209,115,152,330,320,320,249,262,222,265,261,258,126,279,167,,270,,,b'\x11\xe8\xe1I\xc7\xab\xd9\x0c\xaf\x82\x12\xdf\x17\xaeN\x1e'
11E8E149-C7AB-D90C-AF82-12DF17AE4E1E,2018-ncaa-d0-natl,ncaa,149,162,117,167,117,146,114,40,281,64,22,269,300,235,336,307,184,63,347,61,256,41,32,315,331,308,334,321,206,22,126,172,260,81,237,109,144,313,188,205,23,40,95,116,,,349,342,,,212,33,15,24,163,111,14,44,8,318,259,206,62,59,11,5,16,213,71,112,293,17,97,,346,,,212,250,163,150,184,247,245,186,35,41,87,14,348,349,55,349,337,238,311,128,198,63,147,13,345,253,260,340,126,329,237,235,277,9,15,32,237,114,316,175,,,58,200,,,212,310,297,64,215,217,140,97,228,243,32,32,343,345,344,223,334,248,338,323,214,8,216,312,,47,,,b'\x11\xe8\xe1I\xc7\xab\xd9\x0c\xaf\x82\x12\xdf\x17\xaeN\x1e'
11E8E149-C7AB-D90C-AF82-12DF17AE4E1E,2018-ncaa-d1-conf-AAC,ncaa,7,7,3,7,3,6,3,2,11,3,1,11,9,8,12,10,9,3,12,3,10,2,1,11,11,11,10,10,9,1,6,10,11,5,11,4,8,9,3,6,2,3,5,6,,,12,12,,,9,1,2,2,7,5,1,4,1,9,9,10,4,4,1,1,2,10,5,4,7,2,5,,12,,,8,11,9,5,9,10,6,10,4,5,5,4,12,12,3,12,12,9,12,9,10,6,5,2,12,12,11,12,6,12,11,11,10,2,2,3,5,4,12,7,,,3,7,,,9,12,11,6,8,10,8,4,9,6,4,5,12,12,12,9,11,11,12,12,10,1,5,12,,3,,,b'\x11\xe8\xe1I\xc7\xab\xd9\x0c\xaf\x82\x12\xdf\x17\xaeN\x1e'
11E8E149-C7AB-D90C-AF82-12DF17AE4E1E,2018-ncaa-d1-natl,ncaa,169,162,144,175,147,182,136,56,295,72,27,283,308,253,337,308,212,81,348,79,255,53,39,321,332,315,331,320,202,31,133,215,268,104,246,130,145,295,193,215,31,42,107,122,,,348,342,,,223,46,16,23,175,119,15,47,8,317,259,201,64,62,13,5,16,224,75,117,291,20,98,,346,,,223,223,134,105,202,230,219,197,31,32,91,14,346,348,60,348,337,212,299,138,212,73,146,12,345,238,268,334,133,323,246,226,278,12,17,38,212,121,309,180,,,77,198,,,223,299,302,70,227,230,152,100,239,246,34,31,344,345,344,225,332,256,339,325,219,9,218,316,,51,,,b'\x11\xe8\xe1I\xc7\xab\xd9\x0c\xaf\x82\x12\xdf\x17\xaeN\x1e'
11E8E149-C7AB-D90C-AF82-12DF17AE4E1E,2019-ncaa-d0-natl,ncaa,146,152,114,157,132,204,161,51,327,96,25,319,307,235,344,285,202,203,202,207,338,62,65,341,342,313,325,315,180,44,171,210,327,123,309,233,293,174,92,217,12,14,87,115,,,196,101,,,228,78,60,111,245,183,19,92,13,324,251,224,217,223,29,36,40,256,123,260,163,10,90,,189,,,224,195,205,206,183,243,263,145,99,89,189,49,187,240,40,244,180,222,288,147,126,50,88,83,187,327,327,346,171,346,309,217,205,12,20,41,130,73,285,154,,,202,300,,,228,268,291,79,223,171,186,178,235,274,88,70,181,234,240,208,316,325,344,344,202,15,128,283,,217,,,b'\x11\xe8\xe1I\xc7\xab\xd9\x0c\xaf\x82\x12\xdf\x17\xaeN\x1e'
11E8E149-C7AB-D90C-AF82-12DF17AE4E1E,2019-ncaa-d1-conf-AAC,ncaa,6,7,4,7,4,6,5,1,12,4,1,12,10,6,12,10,4,6,4,7,12,2,1,12,12,10,9,11,5,2,7,9,10,4,12,9,11,4,3,7,2,2,5,9,,,10,3,,,10,2,1,4,5,6,1,4,1,11,7,4,7,7,1,1,2,9,5,9,3,2,6,,6,,,10,12,12,10,11,12,11,11,6,3,10,2,11,10,7,10,6,11,12,11,11,11,4,2,6,11,10,12,7,12,12,11,6,3,3,6,4,3,8,6,,,5,11,,,10,11,8,11,10,12,12,10,12,11,5,3,9,9,9,10,12,10,12,12,10,3,4,8,,7,,,b'\x11\xe8\xe1I\xc7\xab\xd9\x0c\xaf\x82\x12\xdf\x17\xaeN\x1e'
11E8E149-C7AB-D90C-AF82-12DF17AE4E1E,2019-ncaa-d1-natl,ncaa,164,152,155,167,178,244,205,70,329,119,33,323,322,260,345,287,226,232,196,234,340,83,91,342,342,316,325,315,173,58,181,251,329,164,321,266,292,146,100,229,21,21,100,117,,,166,107,,,243,112,64,103,257,204,22,104,13,326,255,228,225,229,31,36,45,263,139,274,162,17,93,,191,,,239,152,176,170,198,225,237,154,83,60,204,49,166,222,43,227,184,183,266,164,143,56,83,83,187,315,329,341,181,343,321,201,212,24,27,48,100,75,274,160,,,238,297,,,243,228,300,97,240,179,203,182,243,277,90,66,186,236,244,210,317,324,345,345,210,18,129,288,,225,,,b'\x11\xe8\xe1I\xc7\xab\xd9\x0c\xaf\x82\x12\xdf\x17\xaeN\x1e'
11E8E149-C7AB-D90C-AF82-12DF17AE4E1E,2020-ncaa-d0-natl,ncaa,276,289,87,286,169,292,226,62,341,137,18,341,313,283,336,307,334,279,347,275,338,90,90,344,350,340,334,302,312,101,220,350,347,336,350,291,292,204,157,275,1,1,316,280,,,334,325,,,296,103,86,273,330,256,52,156,19,324,293,337,297,294,89,89,117,351,348,305,187,1,319,,329,,,298,200,141,32,332,147,16,345,142,138,172,232,324,324,138,321,348,54,251,330,343,118,252,130,320,252,347,339,220,331,350,334,351,2,1,59,208,152,168,67,,,295,335,,,296,245,340,125,298,174,113,3,126,7,132,132,307,311,309,16,247,233,338,324,330,2,191,159,,312,,,b'\x11\xe8\xe1I\xc7\xab\xd9\x0c\xaf\x82\x12\xdf\x17\xaeN\x1e'
11E8E149-C7AB-D90C-AF82-12DF17AE4E1E,2020-ncaa-d1-conf-AAC,ncaa,9,9,9,9,11,11,11,5,12,8,4,12,12,8,12,9,11,10,11,10,11,8,11,12,12,12,10,9,8,11,11,12,12,12,12,12,10,3,4,9,1,1,11,7,,,11,12,,,10,7,1,6,11,10,5,6,4,11,7,11,8,8,6,4,11,12,12,11,4,1,11,,12,,,10,5,2,1,9,1,1,10,6,7,8,11,11,11,8,11,12,1,4,10,12,6,12,6,12,6,12,12,11,11,12,10,12,1,1,2,3,4,5,3,,,12,12,,,10,2,12,6,11,6,4,1,3,1,8,9,12,12,12,2,9,7,12,12,11,1,5,6,,12,,,b'\x11\xe8\xe1I\xc7\xab\xd9\x0c\xaf\x82\x12\xdf\x17\xaeN\x1e'
11E8E149-C7AB-D90C-AF82-12DF17AE4E1E,2020-ncaa-d1-natl,ncaa,289,289,128,291,234,317,259,83,344,165,22,342,323,297,339,307,339,291,348,288,337,126,128,345,350,342,337,301,311,124,228,350,349,348,350,312,301,190,162,283,2,1,324,284,,,324,329,,,302,138,92,273,335,274,59,171,19,328,292,336,296,295,99,95,123,351,349,313,189,2,323,,330,,,304,172,115,13,334,131,8,346,128,122,177,228,317,316,139,315,348,31,213,335,345,129,250,124,319,232,349,331,228,320,350,333,351,2,1,63,190,157,157,71,,,312,334,,,302,204,343,141,306,183,122,3,129,7,134,131,313,318,317,15,249,237,340,325,333,2,192,167,,309,,,b'\x11\xe8\xe1I\xc7\xab\xd9\x0c\xaf\x82\x12\xdf\x17\xaeN\x1e'
11E8E149-C7AB-D90C-AF82-12DF17AE4E1E,2021-ncaa-d0-natl,ncaa,205,250,157,230,182,199,186,132,304,166,92,299,222,173,318,237,207,166,308,161,241,139,146,311,313,295,265,246,191,53,87,279,336,216,316,194,201,174,132,200,16,6,232,226,,,289,316,,,225,160,113,224,251,219,57,166,56,257,197,236,170,161,62,56,33,340,282,223,176,5,248,,320,,,220,153,132,106,269,174,147,271,77,77,127,49,287,296,151,295,322,134,191,231,272,91,138,34,330,253,336,247,87,250,316,264,339,18,5,75,233,210,228,168,,,188,261,,,225,178,273,114,221,145,106,23,167,91,41,35,321,317,317,59,248,277,297,310,291,7,243,239,,201,,,b'\x11\xe8\xe1I\xc7\xab\xd9\x0c\xaf\x82\x12\xdf\x17\xaeN\x1e'
11E8E149-C7AB-D90C-AF82-12DF17AE4E1E,2021-ncaa-d1-conf-AAC,ncaa,7,8,6,6,7,6,5,6,9,5,5,9,5,5,9,6,7,7,9,7,7,6,5,9,9,8,6,5,9,3,5,10,11,8,10,6,9,5,3,6,2,1,10,9,,,10,11,,,7,6,4,5,5,3,1,6,1,5,4,8,7,7,1,3,3,11,11,6,3,1,9,,11,,,6,6,5,4,9,6,5,10,4,3,6,5,11,11,8,11,10,6,6,9,11,7,9,4,10,8,11,8,5,6,10,9,11,2,1,5,6,4,5,4,,,7,8,,,7,6,8,7,6,7,5,2,5,2,4,4,10,10,10,3,8,6,10,10,10,1,5,6,,7,,,b'\x11\xe8\xe1I\xc7\xab\xd9\x0c\xaf\x82\x12\xdf\x17\xaeN\x1e'
11E8E149-C7AB-D90C-AF82-12DF17AE4E1E,2021-ncaa-d1-natl,ncaa,217,250,182,241,201,214,204,146,307,180,104,305,230,180,319,234,217,178,309,172,240,151,157,313,316,299,265,248,189,62,89,286,336,235,319,212,205,163,135,209,18,6,239,228,,,279,317,,,234,183,117,225,257,226,63,173,57,256,201,239,171,165,68,62,37,340,288,232,183,5,248,,321,,,230,144,120,98,273,165,134,275,72,70,125,48,282,288,153,287,323,119,174,242,276,97,136,33,330,244,336,235,89,239,319,257,339,22,6,80,226,214,219,168,,,198,259,,,234,159,279,121,234,149,110,22,175,92,39,34,322,317,316,59,251,278,298,313,296,7,248,244,,203,,,b'\x11\xe8\xe1I\xc7\xab\xd9\x0c\xaf\x82\x12\xdf\x17\xaeN\x1e'
11E8E149-C7AB-D90C-AF82-12DF17AE4E1E,2022-ncaa-d0-natl,ncaa,233,245,163,245,189,223,191,117,323,135,54,326,309,282,338,323,182,77,351,73,192,107,102,338,343,329,321,323,112,28,34,265,309,147,193,175,124,262,193,219,24,16,33,8,,,290,289,,,168,136,79,210,245,208,46,103,24,324,292,172,63,60,36,28,16,325,105,176,265,11,20,,308,,,168,80,52,94,85,46,84,87,155,176,146,228,241,254,148,252,305,110,220,100,127,18,308,228,306,252,309,227,34,243,193,294,356,11,8,56,212,156,298,188,,,181,280,,,168,209,296,27,175,73,35,52,34,43,161,164,243,261,260,70,264,258,259,268,300,6,225,304,,178,,,b'\x11\xe8\xe1I\xc7\xab\xd9\x0c\xaf\x82\x12\xdf\x17\xaeN\x1e'
11E8E149-C7AB-D90C-AF82-12DF17AE4E1E,2022-ncaa-d1-conf-AAC,ncaa,10,9,8,10,9,11,10,6,11,8,4,11,10,8,10,8,9,7,11,7,7,7,7,11,11,11,9,9,6,6,6,10,9,9,9,10,8,4,6,8,3,3,3,1,,,8,8,,,8,8,1,6,11,10,1,7,1,9,7,8,5,5,2,1,2,11,9,10,8,2,2,,10,,,8,3,3,1,5,3,1,7,6,8,4,9,8,6,9,6,10,1,3,7,7,3,10,8,9,6,9,10,6,9,9,10,11,3,2,3,6,6,7,6,,,8,11,,,8,4,11,3,9,5,5,3,3,2,8,9,9,8,8,4,9,7,10,9,11,1,8,7,,8,,,b'\x11\xe8\xe1I\xc7\xab\xd9\x0c\xaf\x82\x12\xdf\x17\xaeN\x1e'
11E8E149-C7AB-D90C-AF82-12DF17AE4E1E,2022-ncaa-d1-natl,ncaa,247,245,213,253,237,259,231,144,333,170,68,333,319,299,341,324,207,94,351,88,191,136,128,341,343,330,321,324,106,34,36,306,318,183,208,209,131,239,200,229,28,20,37,9,,,279,290,,,192,181,83,198,262,232,54,118,25,327,294,176,64,62,40,29,18,329,119,190,269,17,20,,309,,,193,63,42,57,93,40,54,96,136,142,158,229,225,236,157,235,306,65,173,113,140,22,304,226,306,227,318,204,36,210,208,275,356,16,10,65,191,163,293,202,,,213,274,,,192,162,306,36,201,81,44,53,39,48,163,166,249,264,264,73,262,264,264,269,306,7,228,308,,179,,,b'\x11\xe8\xe1I\xc7\xab\xd9\x0c\xaf\x82\x12\xdf\x17\xaeN\x1e'
11E8E149-C7AB-D90C-AF82-12DF17AE4E1E,2023-ncaa-d0-natl,ncaa,47,52,46,53,46,132,134,57,293,60,19,276,337,277,355,339,45,11,348,10,81,37,33,324,325,305,334,355,31,14,33,208,343,78,224,103,93,314,166,188,2,3,40,23,,,327,245,,,76,45,122,20,215,224,71,83,20,352,320,63,14,14,41,30,15,324,121,144,242,3,50,,283,,,81,99,70,171,50,101,144,114,87,213,13,209,259,280,50,277,287,195,327,37,49,4,208,101,300,344,343,323,33,341,224,247,338,3,2,7,315,203,297,152,,,28,101,,,76,311,265,5,91,18,14,33,38,41,38,134,191,232,225,36,294,304,244,291,176,3,260,273,,44,,,b'\x11\xe8\xe1I\xc7\xab\xd9\x0c\xaf\x82\x12\xdf\x17\xaeN\x1e'
11E8E149-C7AB-D90C-AF82-12DF17AE4E1E,2023-ncaa-d1-conf-AAC,ncaa,2,2,1,2,1,2,1,1,6,1,1,6,10,8,10,10,1,1,11,1,4,1,1,8,8,6,10,11,2,2,4,6,9,4,7,2,6,8,2,4,1,2,4,3,,,9,6,,,3,1,2,1,3,3,3,2,1,10,9,1,1,1,1,1,3,10,8,4,4,2,4,,6,,,3,7,8,8,6,8,7,9,6,9,2,9,8,8,2,8,8,9,11,5,6,2,3,5,6,9,9,11,4,11,7,10,11,2,2,2,11,6,3,1,,,1,2,,,3,11,6,2,4,4,3,4,4,2,3,6,4,7,7,3,8,7,7,8,9,2,9,3,,1,,,b'\x11\xe8\xe1I\xc7\xab\xd9\x0c\xaf\x82\x12\xdf\x17\xaeN\x1e'
11E8E149-C7AB-D90C-AF82-12DF17AE4E1E,2023-ncaa-d1-natl,ncaa,52,52,56,55,56,162,164,68,304,73,22,284,347,299,355,341,50,14,348,13,80,44,36,331,334,313,333,355,25,16,38,252,343,99,241,124,95,303,172,203,3,3,44,24,,,320,259,,,93,56,125,17,230,234,81,91,22,353,322,63,15,15,44,34,15,333,138,151,246,3,53,,288,,,96,68,53,130,57,79,107,126,75,186,12,207,243,269,51,266,292,150,317,44,56,4,206,102,301,341,343,310,38,332,241,232,339,3,2,8,304,209,295,163,,,33,91,,,93,296,274,6,106,23,18,34,42,42,39,136,200,234,230,40,293,307,250,295,183,3,262,280,,42,,,b'\x11\xe8\xe1I\xc7\xab\xd9\x0c\xaf\x82\x12\xdf\x17\xaeN\x1e'
11E8E149-C7AB-D90C-AF82-12DF17AE4E1E,2023-ncaa-d1-ncaatournament,ncaa,36,2,36,36,38,66,68,55,68,64,37,68,68,68,68,68,28,30,28,30,14,46,43,68,68,68,18,68,1,29,8,67,67,55,55,65,38,21,47,67,47,33,45,39,,,25,59,,,63,61,57,7,66,68,50,63,4,68,68,2,2,3,26,18,2,67,51,65,49,32,35,,58,,,64,19,16,2,63,18,9,58,12,1,66,5,35,39,12,38,67,7,12,61,61,54,45,22,60,25,67,17,8,19,55,26,62,38,10,40,21,55,54,66,,,49,37,,,63,6,65,63,65,53,47,4,50,25,25,2,64,66,66,17,31,52,49,51,57,10,53,68,,30,,,b'\x11\xe8\xe1I\xc7\xab\xd9\x0c\xaf\x82\x12\xdf\x17\xaeN\x1e'
11E8E149-C7AB-D90C-AF82-12DF17AE4E1E,2024-ncaa-d0-natl,ncaa,106,127,52,123,54,109,109,74,220,62,28,227,293,269,314,328,32,28,182,26,133,56,37,267,237,237,303,337,36,17,30,169,351,80,223,144,217,324,208,242,11,31,14,6,,,338,235,,,123,60,103,30,154,161,94,65,36,320,311,42,38,36,69,48,28,277,121,189,273,19,11,,299,,,123,229,196,263,78,170,257,59,224,228,204,160,274,305,41,305,261,276,336,83,81,18,266,207,261,358,351,252,30,341,223,310,344,6,12,59,337,274,76,14,,,41,135,,,123,304,190,46,118,126,89,166,79,169,178,163,217,257,255,194,320,351,151,290,280,6,312,50,,64,,,b'\x11\xe8\xe1I\xc7\xab\xd9\x0c\xaf\x82\x12\xdf\x17\xaeN\x1e'
11E8E149-C7AB-D90C-AF82-12DF17AE4E1E,2024-ncaa-d1-conf-AAC,ncaa,5,7,1,7,1,2,3,2,8,1,1,8,13,12,13,13,1,1,4,1,6,1,1,12,9,11,12,13,2,3,3,6,14,2,8,5,9,14,11,12,2,2,1,1,,,11,8,,,9,1,9,7,8,9,9,4,4,13,14,2,4,4,7,5,4,13,8,12,13,2,1,,10,,,9,14,13,14,6,10,11,4,13,12,10,9,9,10,4,10,9,14,14,8,8,5,13,12,8,14,14,11,3,14,8,14,14,1,4,8,14,14,4,1,,,1,7,,,9,14,9,9,9,7,6,8,3,5,12,9,8,8,8,9,12,14,3,10,13,3,14,1,,6,,,b'\x11\xe8\xe1I\xc7\xab\xd9\x0c\xaf\x82\x12\xdf\x17\xaeN\x1e'
11E8E149-C7AB-D90C-AF82-12DF17AE4E1E,2024-ncaa-d1-natl,ncaa,123,129,78,133,80,133,137,96,236,74,33,243,309,289,320,329,43,42,181,41,136,75,53,280,253,252,300,338,32,23,35,219,354,112,238,169,229,315,216,257,18,39,14,6,,,327,244,,,146,78,111,29,170,178,107,79,43,325,315,46,40,38,73,55,32,289,137,207,278,27,11,,305,,,146,206,170,235,89,151,236,71,210,213,216,159,253,294,44,294,266,253,326,94,99,26,260,207,262,358,354,219,35,331,238,307,346,8,15,81,336,284,68,15,,,55,129,,,146,289,210,66,142,141,104,172,96,176,183,169,223,267,265,201,322,353,157,296,285,8,316,52,,63,,,b'\x11\xe8\xe1I\xc7\xab\xd9\x0c\xaf\x82\x12\xdf\x17\xaeN\x1e'
11E8E149-C7AB-D90C-AF82-12DF17AE4E1E,2025-ncaa-d0-natl,genius_ncaa,133,147,90,143,92,162,154,106,238,84,33,283,316,320,270,341,81,56,283,58,197,91,64,290,292,304,328,336,73,22,12,146,248,62,54,111,67,343,289,231,45,51,40,47,,,276,216,,110,149,91,118,54,214,192,123,90,25,331,338,103,69,68,96,43,20,210,54,122,336,50,36,,244,,92,150,157,161,222,99,202,280,62,103,82,195,49,187,239,34,240,166,233,273,81,75,36,125,103,221,270,248,127,12,190,54,282,331,40,48,103,358,342,276,127,,,59,113,,325,149,267,254,45,154,87,100,144,144,260,82,52,160,202,203,146,269,247,59,123,252,40,351,257,,54,,335,b'\x11\xe8\xe1I\xc7\xab\xd9\x0c\xaf\x82\x12\xdf\x17\xaeN\x1e'
11E8E149-C7AB-D90C-AF82-12DF17AE4E1E,2025-ncaa-d1-conf-AAC,genius_ncaa,8,7,3,8,4,7,5,6,7,4,3,9,12,12,9,12,4,2,9,2,7,6,5,10,10,10,12,12,2,4,2,9,7,5,4,4,3,12,12,11,3,3,2,1,,,10,12,,2,8,5,8,4,10,9,10,3,3,12,12,3,2,2,8,3,3,12,6,4,12,3,1,,12,,1,8,8,8,6,9,9,9,8,5,1,12,2,10,10,8,10,10,7,8,9,9,7,6,3,9,4,7,2,2,3,4,10,11,2,3,6,13,13,4,3,,,3,4,,12,8,9,10,7,8,7,7,3,9,7,4,2,9,10,10,4,6,3,2,3,8,3,13,5,,2,,13,b'\x11\xe8\xe1I\xc7\xab\xd9\x0c\xaf\x82\x12\xdf\x17\xaeN\x1e'
11E8E149-C7AB-D90C-AF82-12DF17AE4E1E,2025-ncaa-d1-natl,genius_ncaa,145,147,113,151,115,187,180,133,252,103,44,295,327,333,273,340,98,68,288,69,198,115,81,307,302,313,326,336,66,27,13,176,254,82,63,131,70,339,296,246,59,57,43,49,,,257,226,,102,164,116,128,53,226,203,133,95,27,333,341,102,71,74,105,49,22,220,65,134,338,59,37,,247,,97,164,128,141,195,108,182,266,64,89,64,207,48,174,222,37,221,170,198,252,90,86,49,121,104,217,262,254,94,13,159,63,269,331,53,53,110,357,343,267,134,,,74,104,,326,164,244,269,58,166,101,110,147,160,262,85,54,165,207,209,151,264,255,61,126,264,45,352,262,,54,,333,b'\x11\xe8\xe1I\xc7\xab\xd9\x0c\xaf\x82\x12\xdf\x17\xaeN\x1e'
11E8E149-C7AB-D90C-AF82-12DF17AE4E1E,2026-ncaa-d0-natl,genius_ncaa,123,198,49,171,73,80,90,48,212,79,36,219,142,107,265,252,36,31,156,27,124,41,44,238,220,176,212,271,69,42,138,137,231,99,222,132,262,234,78,164,26,40,127,164,,,332,253,,293,147,49,53,97,107,133,48,98,48,218,181,54,51,49,33,43,61,272,156,183,125,39,169,,274,,253,150,310,311,264,278,301,250,289,293,278,223,219,265,271,179,276,232,271,307,279,268,174,179,199,163,275,231,333,138,323,222,329,309,22,29,126,190,77,282,157,,,74,223,,95,147,310,158,163,162,219,235,128,222,105,214,197,191,192,199,131,274,189,285,265,286,23,101,223,,149,,148,b'\x11\xe8\xe1I\xc7\xab\xd9\x0c\xaf\x82\x12\xdf\x17\xaeN\x1e'
11E8E149-C7AB-D90C-AF82-12DF17AE4E1E,2026-ncaa-d1-natl,genius_ncaa,163,195,85,192,117,120,133,70,254,107,54,249,200,154,275,253,53,48,149,43,120,62,74,270,245,212,192,270,62,67,172,215,251,151,265,189,276,183,86,191,44,50,166,178,,,310,272,,279,191,82,60,100,139,181,61,127,59,236,196,56,54,52,48,57,75,297,195,222,134,46,185,,289,,263,193,289,288,207,310,274,188,318,276,246,255,217,236,240,190,247,243,217,271,316,304,225,178,196,153,241,251,316,172,300,265,320,312,37,40,165,147,79,265,180,,,103,215,,112,191,276,190,207,202,260,266,139,255,114,238,198,206,204,210,147,273,200,303,280,313,37,104,242,,148,,142,b'\x11\xe8\xe1I\xc7\xab\xd9\x0c\xaf\x82\x12\xdf\x17\xaeN\x1e'
11E8E149-C7B0-D664-AF82-12DF17AE4E1E,2010-ncaa-d0-natl,ncaa,60,62,50,70,79,53,85,94,105,55,73,85,217,195,258,259,6,6,82,6,15,55,52,146,88,91,186,292,9,88,120,30,32,34,48,57,61,217,118,81,180,244,202,213,,,224,123,,,70,49,90,283,67,127,174,82,130,257,255,4,6,5,96,112,138,35,46,62,150,243,233,,131,,,67,257,218,290,56,113,196,50,332,329,202,312,197,210,108,215,203,290,283,106,88,110,323,325,147,180,32,244,120,224,48,234,219,110,186,178,213,117,210,155,,,5,6,,,70,297,87,86,67,140,103,218,40,79,311,315,135,149,150,211,206,88,141,104,152,176,141,169,,7,,,b'\x11\xe8\xe1I\xc7\xb0\xd6d\xaf\x82\x12\xdf\x17\xaeN\x1e'
11E8E149-C7B0-D664-AF82-12DF17AE4E1E,2010-ncaa-d1-conf-OVC,ncaa,1,1,1,1,2,1,1,3,1,1,2,1,8,8,8,9,1,2,2,2,2,2,2,5,2,3,8,10,2,1,1,1,1,1,1,1,2,8,4,1,3,3,4,3,,,4,3,,,1,2,5,5,3,1,7,1,3,10,10,1,2,2,5,4,2,2,1,1,5,3,5,,3,,,1,3,3,9,1,3,5,1,9,9,6,8,3,3,2,3,3,8,9,1,1,1,9,10,3,4,1,4,1,3,1,5,5,1,3,3,9,7,8,7,,,1,2,,,1,9,1,1,1,1,2,4,1,4,7,8,3,3,3,3,4,2,1,1,1,3,7,6,,1,,,b'\x11\xe8\xe1I\xc7\xb0\xd6d\xaf\x82\x12\xdf\x17\xaeN\x1e'
11E8E149-C7B0-D664-AF82-12DF17AE4E1E,2010-ncaa-d1-natl,ncaa,46,62,22,65,46,36,58,66,73,38,47,66,210,189,245,262,4,6,87,6,20,36,34,114,72,69,199,290,12,81,119,22,36,27,49,37,58,213,91,57,134,207,182,203,,,242,121,,,50,30,92,285,55,94,163,62,122,254,255,6,8,7,87,117,140,38,50,45,128,204,224,,130,,,51,265,225,305,49,108,209,49,332,336,183,313,193,214,95,216,201,303,306,94,73,82,323,325,140,200,36,263,119,246,49,245,224,74,164,149,202,101,222,150,,,5,8,,,50,316,65,64,50,119,80,207,32,60,306,315,121,140,140,200,204,93,137,104,144,158,114,173,,10,,,b'\x11\xe8\xe1I\xc7\xb0\xd6d\xaf\x82\x12\xdf\x17\xaeN\x1e'
11E8E149-C7B0-D664-AF82-12DF17AE4E1E,2011-ncaa-d0-natl,ncaa,123,111,119,123,135,88,108,145,89,80,101,107,219,251,131,269,19,29,42,30,43,104,141,111,65,51,185,278,19,214,234,89,52,136,105,102,126,69,52,57,263,287,233,218,,,168,151,,,94,116,103,126,58,97,159,69,106,223,257,7,18,19,92,157,247,77,153,86,64,283,250,,156,,,93,232,197,234,140,116,84,224,306,325,102,332,190,130,340,123,194,215,209,189,202,207,300,302,159,93,52,186,234,140,105,171,146,168,201,176,64,56,202,146,,,28,5,,,94,232,65,174,96,201,183,226,109,49,304,335,178,121,120,198,200,78,161,125,167,181,59,201,,9,,,b'\x11\xe8\xe1I\xc7\xb0\xd6d\xaf\x82\x12\xdf\x17\xaeN\x1e'
11E8E149-C7B0-D664-AF82-12DF17AE4E1E,2011-ncaa-d1-conf-OVC,ncaa,5,3,6,4,7,3,3,7,1,1,2,2,9,10,2,10,2,3,1,3,6,6,8,2,2,2,9,10,2,7,6,5,1,7,2,3,3,1,3,2,7,5,10,10,,,1,2,,,2,8,5,3,3,3,5,1,1,9,10,1,1,1,3,8,7,4,6,2,3,7,10,,1,,,2,2,5,4,7,2,2,8,8,8,4,9,1,1,8,1,2,3,3,6,6,5,7,9,2,1,1,2,6,1,2,5,5,6,5,5,3,3,5,4,,,1,1,,,2,3,2,4,2,3,5,6,3,2,7,7,2,1,1,2,2,1,3,1,6,6,2,5,,1,,,b'\x11\xe8\xe1I\xc7\xb0\xd6d\xaf\x82\x12\xdf\x17\xaeN\x1e'
11E8E149-C7B0-D664-AF82-12DF17AE4E1E,2011-ncaa-d1-natl,ncaa,128,110,132,126,153,97,122,166,90,88,117,112,227,257,134,269,21,32,41,33,44,123,165,119,72,53,182,277,19,234,242,103,52,159,111,114,133,55,51,58,280,294,242,222,,,150,149,,,104,136,103,122,60,103,161,72,109,223,256,7,18,19,98,165,249,77,164,93,62,290,251,,159,,,104,215,181,212,143,105,64,228,304,322,107,332,177,119,340,112,193,193,182,193,211,215,299,302,162,78,52,166,242,116,111,160,144,190,205,183,50,57,195,154,,,31,5,,,104,212,69,188,103,206,188,227,113,50,304,334,185,123,123,203,198,79,165,127,168,190,61,200,,9,,,b'\x11\xe8\xe1I\xc7\xb0\xd6d\xaf\x82\x12\xdf\x17\xaeN\x1e'
11E8E149-C7B0-D664-AF82-12DF17AE4E1E,2012-ncaa-d0-natl,ncaa,73,36,163,57,177,83,100,166,35,74,131,43,201,221,138,251,23,28,63,34,37,126,164,57,34,26,197,259,31,163,131,51,8,93,22,97,155,65,63,54,197,187,173,139,,,75,62,,,50,160,90,99,31,54,127,41,104,188,221,7,8,10,76,118,155,12,43,67,84,190,165,,83,,,44,150,154,192,127,83,75,193,300,315,108,330,70,68,195,71,125,170,155,174,143,168,284,316,63,16,8,98,131,43,22,176,196,204,200,201,52,64,68,46,,,54,14,,,50,207,25,107,35,185,195,238,114,67,312,334,81,74,81,204,187,21,131,56,211,195,84,74,,14,,,b'\x11\xe8\xe1I\xc7\xb0\xd6d\xaf\x82\x12\xdf\x17\xaeN\x1e'
11E8E149-C7B0-D664-AF82-12DF17AE4E1E,2012-ncaa-d1-conf-OVC,ncaa,3,2,7,2,8,6,6,8,2,5,5,2,8,9,4,9,1,1,4,1,1,8,8,3,2,2,7,9,1,6,3,2,1,5,1,6,3,4,7,6,6,4,2,1,,,1,1,,,2,7,6,3,2,5,9,2,4,8,9,1,1,1,6,6,5,1,2,3,7,5,1,,1,,,2,2,2,4,1,1,3,2,5,8,3,9,1,1,1,1,2,3,3,3,1,1,9,9,2,1,1,2,3,1,1,2,6,7,2,2,3,5,2,3,,,2,1,,,2,4,2,1,2,1,2,5,1,2,7,9,1,1,1,2,4,1,1,1,2,4,4,3,,1,,,b'\x11\xe8\xe1I\xc7\xb0\xd6d\xaf\x82\x12\xdf\x17\xaeN\x1e'
11E8E149-C7B0-D664-AF82-12DF17AE4E1E,2012-ncaa-d1-natl,ncaa,68,36,137,54,153,64,81,140,34,61,102,37,195,209,143,252,16,24,65,26,32,106,129,55,34,27,196,261,30,144,118,34,7,59,17,83,163,79,63,51,176,173,157,129,,,85,64,,,37,131,86,109,27,51,123,39,99,193,219,6,7,7,70,105,139,10,30,67,86,174,151,,83,,,31,158,159,212,100,83,80,166,297,317,106,328,77,70,187,73,125,182,181,149,122,138,282,311,77,18,7,119,118,46,17,182,198,183,185,184,67,63,74,45,,,38,13,,,37,236,24,77,28,169,170,226,101,73,299,324,82,76,80,190,184,20,127,53,194,183,84,74,,10,,,b'\x11\xe8\xe1I\xc7\xb0\xd6d\xaf\x82\x12\xdf\x17\xaeN\x1e'
11E8E149-C7B0-D664-AF82-12DF17AE4E1E,2013-ncaa-d0-natl,ncaa,96,86,120,97,131,92,88,82,116,121,118,157,63,90,47,120,155,178,97,176,226,93,115,99,102,80,118,95,245,113,141,45,9,60,35,55,60,97,75,41,199,215,97,87,,,41,22,,,116,119,103,68,62,63,48,120,123,60,86,156,201,201,63,108,124,20,32,33,91,208,92,,33,,,115,256,284,276,225,225,201,217,326,316,289,309,21,25,153,25,25,237,205,263,220,261,217,319,10,29,9,222,141,120,35,287,228,230,279,299,148,123,316,293,,,216,294,,,116,245,77,190,107,243,284,309,209,175,324,317,28,23,22,236,189,24,212,103,285,262,140,310,,246,,,b'\x11\xe8\xe1I\xc7\xb0\xd6d\xaf\x82\x12\xdf\x17\xaeN\x1e'
11E8E149-C7B0-D664-AF82-12DF17AE4E1E,2013-ncaa-d1-conf-OVC,ncaa,3,1,6,3,6,3,3,4,3,2,4,2,5,6,5,7,5,6,5,6,8,5,5,4,4,3,8,7,6,4,3,1,1,3,2,2,2,6,4,2,6,6,4,4,,,1,2,,,2,6,3,5,2,2,2,1,5,5,5,4,4,4,3,4,3,1,1,1,6,6,4,,2,,,2,3,6,10,3,5,10,3,8,9,7,9,1,1,2,1,1,9,5,4,3,3,5,10,1,1,1,3,3,1,2,7,6,8,8,8,10,7,10,9,,,7,9,,,2,8,3,3,2,3,7,11,5,11,8,9,1,1,1,9,7,3,3,3,6,8,8,9,,5,,,b'\x11\xe8\xe1I\xc7\xb0\xd6d\xaf\x82\x12\xdf\x17\xaeN\x1e'
11E8E149-C7B0-D664-AF82-12DF17AE4E1E,2013-ncaa-d1-natl,ncaa,94,86,90,94,98,66,72,64,112,104,102,150,62,72,54,114,136,166,85,166,219,73,89,96,100,78,119,100,241,92,127,22,9,36,27,39,60,109,70,39,172,200,80,78,,,44,21,,,108,91,102,76,57,62,45,114,125,60,82,148,194,197,54,102,109,11,21,29,88,194,77,,31,,,108,258,287,298,192,224,210,190,328,324,247,312,26,27,170,25,26,263,227,234,191,239,228,318,11,36,9,243,127,141,27,292,233,221,276,296,151,112,321,294,,,217,304,,,108,274,69,158,100,228,269,310,190,170,319,322,26,22,21,237,188,24,202,99,278,259,134,312,,248,,,b'\x11\xe8\xe1I\xc7\xb0\xd6d\xaf\x82\x12\xdf\x17\xaeN\x1e'
11E8E149-C7B0-D664-AF82-12DF17AE4E1E,2014-ncaa-d0-natl,ncaa,221,173,297,212,323,302,306,335,154,305,307,204,202,247,58,155,248,287,60,285,133,333,334,134,112,173,100,124,117,323,275,220,49,293,129,202,31,127,288,166,345,338,74,52,,,88,268,,,259,332,277,270,272,286,326,273,279,156,200,204,245,237,319,306,315,90,221,119,230,345,48,,182,,,266,70,77,61,210,82,65,203,159,131,228,208,89,88,211,85,163,47,12,212,211,316,191,215,152,19,49,26,275,14,129,54,80,347,345,322,206,319,26,103,,,299,108,,,259,16,219,292,266,209,211,195,200,177,223,207,170,162,159,187,48,64,98,66,129,345,283,51,,222,,,b'\x11\xe8\xe1I\xc7\xb0\xd6d\xaf\x82\x12\xdf\x17\xaeN\x1e'
11E8E149-C7B0-D664-AF82-12DF17AE4E1E,2014-ncaa-d1-conf-OVC,ncaa,7,7,5,7,6,10,9,11,5,9,10,6,6,7,5,6,9,10,1,10,9,11,10,5,4,10,5,5,6,11,6,7,4,9,6,2,1,10,12,5,12,12,2,2,,,4,7,,,12,10,11,6,12,11,12,10,10,5,6,9,9,10,12,11,9,5,9,3,10,12,2,,4,,,12,5,6,5,9,5,7,3,10,7,11,9,2,2,2,2,3,6,3,8,6,12,7,10,3,4,4,2,6,2,6,7,7,12,11,12,10,12,2,2,,,9,6,,,12,3,10,12,12,7,8,8,6,8,9,9,3,4,4,9,2,6,2,2,8,12,10,1,,11,,,b'\x11\xe8\xe1I\xc7\xb0\xd6d\xaf\x82\x12\xdf\x17\xaeN\x1e'
11E8E149-C7B0-D664-AF82-12DF17AE4E1E,2014-ncaa-d1-natl,ncaa,230,171,333,220,342,312,317,340,158,318,317,209,208,259,59,154,262,299,61,296,134,341,343,142,115,181,101,119,115,333,279,247,50,311,134,222,31,110,289,172,347,338,82,52,,,75,271,,,268,343,277,273,275,290,328,277,282,156,201,207,245,240,321,307,319,94,234,124,230,345,51,,187,,,274,57,65,39,218,60,45,207,144,116,233,207,84,78,215,73,164,29,5,219,219,318,191,214,153,15,50,14,279,8,134,46,79,349,345,324,198,323,21,109,,,315,105,,,268,7,225,301,276,217,216,195,203,179,227,207,176,162,158,194,48,63,97,66,135,345,285,52,,223,,,b'\x11\xe8\xe1I\xc7\xb0\xd6d\xaf\x82\x12\xdf\x17\xaeN\x1e'
11E8E149-C7B0-D664-AF82-12DF17AE4E1E,2015-ncaa-d0-natl,ncaa,253,267,172,262,211,255,240,302,92,193,221,130,253,287,116,258,240,206,278,200,162,296,262,128,144,216,251,235,174,299,250,233,155,282,202,186,112,260,320,238,241,237,54,43,,,246,305,,,287,239,246,187,274,249,327,185,228,257,290,239,202,199,324,287,296,234,300,166,277,248,42,,272,,,281,199,168,107,271,183,160,211,166,80,337,94,248,245,188,247,250,122,103,266,275,296,202,151,246,102,155,61,250,63,202,143,120,238,235,227,299,326,38,57,,,213,138,,,287,114,253,284,285,232,209,103,207,181,187,80,264,260,266,137,99,113,76,75,151,251,308,41,,214,,,b'\x11\xe8\xe1I\xc7\xb0\xd6d\xaf\x82\x12\xdf\x17\xaeN\x1e'
11E8E149-C7B0-D664-AF82-12DF17AE4E1E,2015-ncaa-d1-conf-OVC,ncaa,7,7,5,7,8,10,8,12,3,7,11,4,8,11,3,9,11,10,9,10,9,12,12,3,5,9,11,7,9,11,5,9,6,9,5,7,2,11,12,7,7,7,1,1,,,9,10,,,8,12,11,11,11,10,12,8,10,7,10,10,10,10,12,12,11,10,12,7,10,8,1,,9,,,8,2,2,4,7,3,6,4,3,2,11,3,7,7,9,7,8,4,3,7,7,8,6,5,9,6,6,1,5,2,5,2,4,9,8,6,11,11,1,5,,,9,6,,,8,1,10,9,8,5,3,2,4,7,4,1,7,6,6,5,2,5,3,2,2,9,11,1,,10,,,b'\x11\xe8\xe1I\xc7\xb0\xd6d\xaf\x82\x12\xdf\x17\xaeN\x1e'
11E8E149-C7B0-D664-AF82-12DF17AE4E1E,2015-ncaa-d1-natl,ncaa,266,267,209,271,248,279,270,329,104,216,252,137,267,297,115,257,258,232,278,227,155,325,303,132,149,221,246,230,169,311,260,273,163,311,211,208,114,245,324,248,265,244,60,45,,,230,304,,,290,283,247,174,279,259,328,196,232,256,289,244,205,202,325,292,301,243,306,172,279,256,42,,275,,,289,175,146,68,281,160,131,222,153,59,339,89,239,234,192,236,250,79,65,275,286,307,198,147,245,79,163,38,260,38,211,124,119,262,240,231,289,331,31,60,,,245,138,,,290,68,260,291,290,247,222,104,220,186,188,79,270,263,272,142,100,114,80,76,156,258,310,40,,212,,,b'\x11\xe8\xe1I\xc7\xb0\xd6d\xaf\x82\x12\xdf\x17\xaeN\x1e'
11E8E149-C7B0-D664-AF82-12DF17AE4E1E,2016-ncaa-d0-natl,ncaa,338,327,287,340,291,288,291,285,273,302,282,278,170,173,170,113,279,296,128,294,233,287,290,252,252,254,113,104,209,298,295,328,328,335,342,213,73,168,258,201,228,213,167,172,,,188,249,,,332,276,133,44,245,251,186,264,225,132,121,251,270,270,217,180,273,312,321,153,255,183,138,,282,,,335,255,224,86,328,275,167,313,87,48,273,43,321,302,321,300,300,132,89,313,337,333,122,43,307,224,328,185,295,201,342,297,308,268,245,318,224,294,115,196,,,278,216,,,332,70,283,343,329,330,310,232,326,291,150,81,343,326,327,295,274,302,304,313,330,211,288,170,,213,,,b'\x11\xe8\xe1I\xc7\xb0\xd6d\xaf\x82\x12\xdf\x17\xaeN\x1e'
11E8E149-C7B0-D664-AF82-12DF17AE4E1E,2016-ncaa-d1-conf-OVC,ncaa,12,12,9,12,11,11,11,11,11,11,11,11,4,5,6,4,10,10,10,10,6,11,11,10,10,11,3,4,6,11,10,12,12,12,12,9,3,10,12,10,9,5,8,6,,,6,9,,,12,11,10,5,11,11,11,11,10,4,4,8,8,8,11,10,11,12,12,9,11,6,7,,8,,,12,5,5,2,11,7,6,10,2,2,9,1,9,10,9,10,10,3,2,9,11,11,5,1,10,8,12,7,10,8,12,8,11,9,7,11,12,12,7,10,,,9,6,,,12,2,11,12,12,11,9,4,10,9,2,2,10,11,11,7,6,11,9,11,11,9,12,8,,8,,,b'\x11\xe8\xe1I\xc7\xb0\xd6d\xaf\x82\x12\xdf\x17\xaeN\x1e'
11E8E149-C7B0-D664-AF82-12DF17AE4E1E,2016-ncaa-d1-natl,ncaa,342,327,337,343,338,315,316,319,281,320,302,286,189,187,168,111,294,308,126,307,234,320,326,259,255,263,109,101,207,316,300,347,331,347,345,236,73,141,261,211,255,223,186,180,,,160,255,,,333,311,137,43,256,261,194,273,230,135,121,253,271,271,222,187,280,320,324,165,255,197,141,,282,,,339,237,209,53,334,262,132,319,79,35,280,41,314,293,323,292,301,92,51,319,339,339,120,44,308,196,331,153,300,171,345,287,308,292,254,323,209,296,99,207,,,304,215,,,333,36,292,344,332,333,316,233,326,291,151,82,345,329,330,294,273,303,307,319,333,226,289,178,,213,,,b'\x11\xe8\xe1I\xc7\xb0\xd6d\xaf\x82\x12\xdf\x17\xaeN\x1e'
11E8E149-C7B0-D664-AF82-12DF17AE4E1E,2017-ncaa-d0-natl,ncaa,302,247,340,295,340,298,259,320,118,204,265,98,293,285,283,219,320,319,211,319,298,326,331,152,172,205,307,259,261,289,221,322,207,326,220,242,193,94,242,206,251,184,213,161,,,72,199,,,273,331,148,4,166,117,151,79,109,247,216,258,250,252,181,136,208,204,225,143,262,168,159,,235,,,285,93,82,27,292,77,27,292,157,111,275,227,172,132,324,130,252,27,21,303,315,317,244,212,219,45,207,26,221,18,220,187,293,285,212,277,169,275,53,110,,,341,312,,,273,23,214,309,277,314,289,242,265,177,278,260,295,258,261,259,253,195,195,210,319,180,280,149,,281,,,b'\x11\xe8\xe1I\xc7\xb0\xd6d\xaf\x82\x12\xdf\x17\xaeN\x1e'
11E8E149-C7B0-D664-AF82-12DF17AE4E1E,2017-ncaa-d1-conf-OVC,ncaa,11,11,9,11,9,11,8,8,6,9,9,4,8,7,11,6,12,12,11,12,12,11,10,8,9,10,11,6,12,9,8,10,7,9,9,9,6,8,10,9,7,6,8,6,,,4,6,,,12,10,8,1,9,5,4,5,5,7,6,12,12,12,9,5,7,6,7,8,10,6,7,,6,,,12,4,4,4,5,3,3,8,9,9,5,10,8,6,12,6,9,4,3,6,8,9,11,10,8,6,7,7,8,7,9,8,11,8,6,9,9,11,3,3,,,12,12,,,12,3,10,9,12,9,7,8,5,6,10,10,9,6,6,10,10,9,7,7,10,5,11,3,,12,,,b'\x11\xe8\xe1I\xc7\xb0\xd6d\xaf\x82\x12\xdf\x17\xaeN\x1e'
11E8E149-C7B0-D664-AF82-12DF17AE4E1E,2017-ncaa-d1-natl,ncaa,283,247,336,283,336,263,216,303,91,162,226,77,271,265,246,220,303,310,186,309,297,310,310,114,135,176,305,249,269,275,213,310,235,315,224,201,167,144,243,184,220,175,205,162,,,115,209,,,256,311,145,5,151,104,157,64,114,229,217,249,255,253,186,141,218,207,230,121,262,157,163,,242,,,259,144,117,52,270,115,53,276,195,156,264,226,226,182,326,181,253,51,33,288,309,308,256,214,237,94,235,32,213,35,224,221,278,249,205,258,206,281,60,104,,,332,306,,,256,42,191,309,256,308,281,240,248,174,274,261,296,264,264,259,255,225,168,200,309,170,283,120,,281,,,b'\x11\xe8\xe1I\xc7\xb0\xd6d\xaf\x82\x12\xdf\x17\xaeN\x1e'
11E8E149-C7B0-D664-AF82-12DF17AE4E1E,2018-ncaa-d0-natl,ncaa,332,336,242,337,246,287,276,229,305,324,317,274,90,51,233,25,340,323,310,325,257,257,263,258,292,283,42,27,325,282,306,323,336,324,343,208,95,165,240,220,167,143,329,327,,,251,283,,,328,241,171,46,291,281,173,327,310,71,31,337,323,324,224,206,271,327,331,190,234,139,324,,293,,,325,250,175,84,300,186,84,319,146,149,154,180,334,326,304,325,333,138,137,299,325,308,255,110,324,272,336,270,306,285,343,252,298,172,154,228,251,289,156,276,,,313,306,,,328,110,300,324,321,308,237,137,248,124,187,203,340,332,334,232,254,310,320,322,295,127,281,198,,306,,,b'\x11\xe8\xe1I\xc7\xb0\xd6d\xaf\x82\x12\xdf\x17\xaeN\x1e'
11E8E149-C7B0-D664-AF82-12DF17AE4E1E,2018-ncaa-d1-conf-OVC,ncaa,12,12,9,12,9,11,12,11,12,12,12,8,3,3,6,2,12,12,9,12,10,11,11,7,10,11,3,2,11,12,12,11,12,12,12,8,4,9,10,7,6,6,11,11,,,6,7,,,12,10,6,2,11,11,8,12,11,3,2,12,12,12,11,10,11,11,12,6,10,5,11,,7,,,12,8,7,5,7,4,2,9,8,8,6,10,11,11,8,10,10,5,4,8,8,7,10,8,10,12,12,8,12,10,12,9,11,7,6,10,10,12,2,10,,,12,12,,,12,3,12,11,12,10,9,8,8,3,11,12,12,11,11,10,10,12,12,12,9,4,12,7,,12,,,b'\x11\xe8\xe1I\xc7\xb0\xd6d\xaf\x82\x12\xdf\x17\xaeN\x1e'
11E8E149-C7B0-D664-AF82-12DF17AE4E1E,2018-ncaa-d1-natl,ncaa,341,336,315,341,317,318,302,273,311,338,332,285,98,60,242,25,344,333,309,333,256,298,306,269,297,289,41,26,327,303,309,339,336,341,345,241,99,139,247,229,190,159,332,328,,,228,285,,,330,305,179,43,297,289,180,332,318,71,32,338,327,327,234,224,273,334,332,208,237,151,326,,291,,,330,223,143,49,313,163,54,325,132,124,161,175,332,317,306,317,334,90,83,311,332,315,255,99,322,258,336,244,309,268,345,242,298,199,158,235,226,296,152,288,,,330,303,,,330,47,303,329,328,312,247,137,256,130,192,201,340,333,334,236,252,310,323,324,301,133,283,200,,309,,,b'\x11\xe8\xe1I\xc7\xb0\xd6d\xaf\x82\x12\xdf\x17\xaeN\x1e'
11E8E149-C7B0-D664-AF82-12DF17AE4E1E,2019-ncaa-d0-natl,ncaa,277,224,335,272,339,316,303,341,126,313,337,129,195,244,81,114,332,329,290,330,190,345,347,99,127,168,132,90,291,345,330,345,228,350,326,275,161,42,237,200,173,61,323,266,,,64,262,,,268,341,195,149,231,214,295,258,283,114,147,306,276,281,304,302,331,319,345,180,205,74,302,,244,,,279,62,34,3,323,26,1,335,162,104,292,294,227,177,328,173,339,5,7,334,340,322,314,255,301,18,228,43,330,22,326,130,282,233,71,188,171,314,5,66,,,329,181,,,268,13,226,306,275,273,217,53,148,17,288,256,316,295,294,82,145,115,241,200,269,84,286,30,,245,,,b'\x11\xe8\xe1I\xc7\xb0\xd6d\xaf\x82\x12\xdf\x17\xaeN\x1e'
11E8E149-C7B0-D664-AF82-12DF17AE4E1E,2019-ncaa-d1-conf-OVC,ncaa,10,10,9,10,10,10,9,12,3,10,10,4,6,9,3,5,11,11,10,11,10,11,12,3,5,6,5,4,11,12,12,11,11,12,12,5,5,5,8,6,5,5,11,8,,,5,7,,,11,11,7,3,9,7,12,8,9,4,7,11,11,11,11,12,12,10,12,5,7,5,10,,8,,,11,7,5,2,12,3,1,12,9,6,12,9,8,8,9,8,11,2,2,12,12,12,10,9,9,2,11,5,12,2,12,10,11,5,4,8,10,11,3,5,,,11,7,,,11,2,9,11,10,11,10,3,7,2,11,6,10,10,10,4,6,6,10,9,11,5,11,3,,10,,,b'\x11\xe8\xe1I\xc7\xb0\xd6d\xaf\x82\x12\xdf\x17\xaeN\x1e'
11E8E149-C7B0-D664-AF82-12DF17AE4E1E,2019-ncaa-d1-natl,ncaa,252,224,314,251,330,238,223,302,78,252,297,79,126,181,62,113,311,294,276,293,203,311,322,64,87,119,138,91,304,327,313,312,156,337,275,191,149,130,224,170,81,37,301,247,,,144,269,,,208,301,132,179,146,132,235,176,254,89,130,284,260,265,255,245,312,268,317,124,213,42,288,,252,,,209,101,63,9,291,51,7,317,167,151,220,276,283,258,289,253,340,12,41,308,331,265,308,213,310,37,156,94,313,51,275,153,271,109,43,109,235,295,5,31,,,284,190,,,208,52,158,233,207,235,155,44,114,17,234,225,319,304,302,73,167,82,227,174,225,53,280,12,,221,,,b'\x11\xe8\xe1I\xc7\xb0\xd6d\xaf\x82\x12\xdf\x17\xaeN\x1e'
11E8E149-C7B0-D664-AF82-12DF17AE4E1E,2020-ncaa-d0-natl,ncaa,104,109,87,116,102,140,157,184,134,194,231,148,100,110,95,116,116,161,88,162,123,180,188,113,103,123,80,109,129,293,308,121,182,205,261,130,130,186,183,147,11,17,242,216,,,233,203,,,105,126,154,70,158,189,219,225,258,107,119,124,171,171,214,225,302,140,248,142,167,16,248,,212,,,107,129,98,142,83,58,48,168,237,310,52,326,196,218,88,213,284,152,227,106,110,53,302,278,235,233,182,274,308,268,261,193,265,33,39,66,216,215,158,184,,,194,186,,,105,214,170,64,112,96,69,100,43,23,227,308,178,204,201,107,214,217,243,251,175,41,199,145,,213,,,b'\x11\xe8\xe1I\xc7\xb0\xd6d\xaf\x82\x12\xdf\x17\xaeN\x1e'
11E8E149-C7B0-D664-AF82-12DF17AE4E1E,2020-ncaa-d1-conf-OVC,ncaa,4,4,3,4,3,4,3,5,4,3,7,4,4,6,4,6,6,7,3,7,7,6,5,5,5,5,6,6,8,11,11,6,8,9,11,5,5,6,6,5,1,1,8,7,,,8,7,,,4,3,8,2,5,3,9,5,7,5,7,8,9,9,10,10,12,8,10,5,6,1,8,,7,,,4,8,9,7,7,9,6,10,6,9,3,11,5,5,3,5,6,7,10,7,7,4,5,6,6,9,8,10,11,11,11,9,10,3,2,4,4,4,6,6,,,7,7,,,4,10,5,5,5,5,7,6,6,4,5,9,5,5,4,5,8,8,7,8,8,2,4,5,,9,,,b'\x11\xe8\xe1I\xc7\xb0\xd6d\xaf\x82\x12\xdf\x17\xaeN\x1e'
11E8E149-C7B0-D664-AF82-12DF17AE4E1E,2020-ncaa-d1-natl,ncaa,114,109,128,120,148,176,192,223,144,226,260,159,112,126,101,116,136,189,88,187,123,219,238,121,108,134,79,109,125,313,314,152,189,243,272,151,132,168,186,151,20,21,252,220,,,206,211,,,119,164,156,57,166,196,231,234,264,106,124,123,176,175,221,232,309,146,254,152,169,20,253,,217,,,121,103,76,107,89,42,33,185,227,299,56,324,174,198,86,195,284,114,184,114,123,60,303,279,233,211,189,253,314,240,272,179,264,46,40,73,202,219,147,195,,,225,186,,,119,174,184,71,124,105,75,101,47,24,228,309,182,214,207,108,212,217,250,252,183,43,202,154,,212,,,b'\x11\xe8\xe1I\xc7\xb0\xd6d\xaf\x82\x12\xdf\x17\xaeN\x1e'
11E8E149-C7B0-D664-AF82-12DF17AE4E1E,2021-ncaa-d0-natl,ncaa,151,276,43,199,55,86,77,99,86,72,103,52,108,86,205,127,79,127,24,116,151,97,93,96,81,98,181,191,157,144,219,157,232,155,246,53,62,269,177,101,34,50,247,274,,,295,277,,,199,79,261,224,158,155,260,145,249,186,171,152,230,219,258,290,266,322,324,87,138,68,307,,215,,,184,289,273,225,305,222,181,280,318,282,329,275,290,288,230,281,297,235,258,323,328,287,314,299,205,236,232,247,219,242,246,297,263,41,72,155,274,220,262,211,,,129,229,,,199,259,121,275,196,195,148,33,81,20,294,202,220,214,208,44,57,103,76,70,223,100,182,174,,270,,,b'\x11\xe8\xe1I\xc7\xb0\xd6d\xaf\x82\x12\xdf\x17\xaeN\x1e'
11E8E149-C7B0-D664-AF82-12DF17AE4E1E,2021-ncaa-d1-conf-OVC,ncaa,8,8,4,8,5,6,6,7,5,5,5,4,8,6,9,6,6,8,2,7,8,6,6,4,5,5,9,8,4,10,10,11,11,11,11,4,6,4,6,4,2,2,11,11,,,10,10,,,8,5,10,3,8,6,9,3,8,8,5,6,9,9,11,10,10,11,11,4,5,2,11,,8,,,8,7,7,4,10,5,3,8,11,9,12,10,8,7,8,6,9,5,6,11,11,9,11,11,5,5,11,8,10,7,11,9,9,1,3,5,5,7,7,6,,,10,10,,,8,6,7,8,8,7,6,2,3,2,11,7,7,7,6,3,4,4,6,6,9,2,7,7,,10,,,b'\x11\xe8\xe1I\xc7\xb0\xd6d\xaf\x82\x12\xdf\x17\xaeN\x1e'
11E8E149-C7B0-D664-AF82-12DF17AE4E1E,2021-ncaa-d1-natl,ncaa,164,275,50,211,63,95,90,110,91,80,116,55,117,93,206,131,89,138,24,127,150,110,108,99,83,104,175,191,152,166,225,175,238,178,257,57,63,254,185,101,42,56,257,279,,,288,280,,,213,94,266,225,165,159,263,154,250,187,173,150,230,221,263,293,272,322,324,93,138,70,308,,216,,,202,289,269,206,307,208,164,286,318,274,332,274,285,282,234,271,296,217,245,325,329,295,314,296,208,224,238,235,225,229,257,294,266,47,73,161,266,224,258,218,,,144,229,,,213,243,127,286,207,206,155,34,84,19,294,200,222,217,210,43,55,105,78,73,226,105,183,176,,271,,,b'\x11\xe8\xe1I\xc7\xb0\xd6d\xaf\x82\x12\xdf\x17\xaeN\x1e'
11E8E149-C7B0-D664-AF82-12DF17AE4E1E,2022-ncaa-d0-natl,ncaa,174,157,216,170,219,164,158,189,117,152,153,144,202,241,124,227,138,201,17,207,226,198,211,136,107,124,214,225,130,210,178,266,192,258,198,92,38,151,172,97,40,17,346,338,,,215,258,,,182,199,145,28,115,112,134,92,111,192,221,99,169,179,145,135,192,284,267,34,190,17,349,,262,,,182,181,150,90,282,96,23,349,278,305,112,344,233,240,186,241,335,97,129,311,316,252,312,292,247,93,192,111,178,90,198,244,303,97,55,160,261,274,133,119,,,266,283,,,182,153,138,234,184,236,194,92,132,12,308,335,266,274,272,123,206,131,146,133,282,51,276,147,,259,,,b'\x11\xe8\xe1I\xc7\xb0\xd6d\xaf\x82\x12\xdf\x17\xaeN\x1e'
11E8E149-C7B0-D664-AF82-12DF17AE4E1E,2022-ncaa-d1-conf-OVC,ncaa,5,4,7,5,7,5,5,4,4,4,3,4,5,5,7,6,6,7,3,7,7,5,3,6,6,6,7,6,6,5,5,5,4,5,5,3,1,6,4,3,3,3,10,9,,,6,7,,,5,3,4,2,4,4,2,4,3,6,5,6,6,6,2,3,3,4,4,2,6,3,10,,6,,,5,5,4,5,4,3,2,7,9,10,2,10,5,5,5,5,9,4,7,5,5,3,9,9,7,5,4,6,5,4,5,5,6,5,5,4,7,6,5,4,,,8,9,,,5,7,5,4,5,6,4,6,4,2,9,10,5,5,5,6,6,5,5,5,6,4,6,6,,9,,,b'\x11\xe8\xe1I\xc7\xb0\xd6d\xaf\x82\x12\xdf\x17\xaeN\x1e'
11E8E149-C7B0-D664-AF82-12DF17AE4E1E,2022-ncaa-d1-natl,ncaa,176,157,213,175,218,171,170,191,119,144,154,148,203,235,135,226,140,199,29,205,225,195,202,138,113,134,217,225,145,205,178,287,180,274,196,78,34,164,178,94,29,16,349,341,,,238,271,,,197,199,145,24,115,115,136,97,108,194,215,109,172,177,143,130,179,299,279,33,195,19,350,,274,,,196,190,156,70,301,101,16,351,285,310,136,344,245,243,219,242,335,89,127,326,332,268,310,288,246,69,180,104,178,81,196,246,297,79,47,159,270,280,123,111,,,271,280,,,197,149,142,243,200,248,201,75,141,11,312,334,270,278,272,108,197,108,146,116,282,53,283,146,,249,,,b'\x11\xe8\xe1I\xc7\xb0\xd6d\xaf\x82\x12\xdf\x17\xaeN\x1e'
11E8E149-C7B0-D664-AF82-12DF17AE4E1E,2023-ncaa-d0-natl,ncaa,87,34,290,48,303,190,166,264,60,111,199,38,286,270,282,239,217,222,117,225,225,264,280,105,100,116,325,305,190,225,120,172,127,187,67,130,84,82,162,96,230,182,230,200,,,52,87,,,80,292,165,192,111,71,148,35,111,266,231,156,170,174,150,166,165,56,76,56,176,188,198,,105,,,70,30,29,93,32,23,81,25,149,157,163,239,78,56,318,54,109,78,68,41,50,60,293,284,199,107,127,19,120,28,67,61,210,254,192,158,103,177,57,67,,,317,309,,,80,67,106,66,73,85,74,233,55,181,227,240,152,106,110,209,190,197,66,101,136,193,179,94,,291,,,b'\x11\xe8\xe1I\xc7\xb0\xd6d\xaf\x82\x12\xdf\x17\xaeN\x1e'
11E8E149-C7B0-D664-AF82-12DF17AE4E1E,2023-ncaa-d1-conf-OVC,ncaa,3,2,6,3,7,4,4,6,2,4,6,1,7,6,6,7,8,8,6,8,9,7,8,2,3,2,8,7,9,8,5,1,1,3,1,4,7,2,3,3,8,8,5,6,,,2,1,,,3,8,6,2,3,2,4,3,4,7,7,8,8,8,5,5,7,1,1,2,3,8,5,,1,,,3,3,3,7,2,3,6,2,8,9,6,8,2,3,5,3,1,5,4,2,2,2,7,10,2,4,1,2,5,3,1,4,6,9,9,7,4,5,5,4,,,9,10,,,3,3,2,2,3,2,4,9,3,7,9,9,2,2,2,7,5,5,3,4,4,9,5,6,,10,,,b'\x11\xe8\xe1I\xc7\xb0\xd6d\xaf\x82\x12\xdf\x17\xaeN\x1e'
11E8E149-C7B0-D664-AF82-12DF17AE4E1E,2023-ncaa-d1-natl,ncaa,81,34,310,46,320,204,176,280,66,116,205,42,289,272,287,239,208,213,116,217,213,276,302,121,110,117,317,306,179,232,140,170,134,190,78,125,81,68,152,96,244,200,226,198,,,43,85,,,91,307,176,187,122,79,169,43,124,266,235,147,163,169,169,177,182,63,84,61,163,202,196,,99,,,82,30,30,99,39,25,85,26,164,159,184,238,68,53,316,51,96,67,55,49,53,68,287,287,185,107,134,18,140,23,78,72,209,255,198,184,96,163,48,57,,,320,302,,,91,53,115,74,85,92,82,234,63,184,231,235,136,95,94,205,181,198,72,113,151,203,166,76,,296,,,b'\x11\xe8\xe1I\xc7\xb0\xd6d\xaf\x82\x12\xdf\x17\xaeN\x1e'
11E8E149-C7B0-D664-AF82-12DF17AE4E1E,2024-ncaa-d0-natl,ncaa,171,228,52,203,52,108,101,85,144,82,90,128,161,123,233,193,140,153,141,146,226,90,57,167,166,197,243,220,221,72,113,53,145,52,110,88,116,341,260,196,160,225,58,106,,,125,38,,,212,64,151,11,152,132,131,113,139,196,177,197,216,211,142,93,105,73,62,110,297,202,69,,61,,,209,310,329,325,212,324,338,141,279,218,307,116,144,140,176,148,45,319,300,198,178,227,101,198,47,271,145,278,113,286,110,321,242,172,269,300,350,317,138,75,,,186,329,,,212,296,188,234,215,244,295,304,286,332,226,159,102,96,103,279,248,224,190,211,297,240,333,96,,284,,,b'\x11\xe8\xe1I\xc7\xb0\xd6d\xaf\x82\x12\xdf\x17\xaeN\x1e'
11E8E149-C7B0-D664-AF82-12DF17AE4E1E,2024-ncaa-d1-conf-OVC,ncaa,3,2,2,3,2,3,4,3,3,3,3,4,7,6,7,6,5,5,6,4,6,3,2,4,5,5,7,7,6,2,1,3,6,2,2,3,3,11,9,3,8,8,1,1,,,2,2,,,4,2,8,2,4,4,4,3,4,7,6,6,6,4,5,3,3,3,3,3,10,7,1,,2,,,4,8,11,11,5,11,11,2,4,4,7,1,2,2,10,2,1,11,10,2,3,5,1,1,2,10,6,7,1,8,2,8,6,7,8,9,11,11,5,3,,,6,11,,,4,10,4,4,4,5,10,10,10,11,2,4,2,2,2,9,7,10,3,7,8,7,11,3,,9,,,b'\x11\xe8\xe1I\xc7\xb0\xd6d\xaf\x82\x12\xdf\x17\xaeN\x1e'
11E8E149-C7B0-D664-AF82-12DF17AE4E1E,2024-ncaa-d1-natl,ncaa,190,230,78,220,78,132,123,111,160,108,121,141,182,152,241,197,162,187,138,178,227,120,75,181,179,206,242,223,213,98,127,78,160,68,129,107,122,327,266,213,193,243,64,115,,,96,43,,,237,81,159,11,168,147,143,125,145,202,185,199,224,214,156,97,118,81,72,123,295,222,71,,62,,,236,295,321,315,229,318,330,159,271,197,313,115,130,125,187,132,48,307,281,220,191,248,100,197,48,263,160,252,127,265,129,320,245,209,283,309,347,324,122,86,,,218,330,,,237,275,203,258,239,257,301,306,300,333,237,163,103,103,109,286,251,230,194,218,302,257,337,105,,287,,,b'\x11\xe8\xe1I\xc7\xb0\xd6d\xaf\x82\x12\xdf\x17\xaeN\x1e'
11E8E149-C7B0-D664-AF82-12DF17AE4E1E,2025-ncaa-d0-natl,genius_ncaa,122,91,194,113,216,215,178,204,139,116,123,130,303,295,303,293,245,256,173,266,316,215,201,191,191,224,344,318,224,155,107,200,149,182,108,139,85,261,265,173,65,35,81,77,,,227,291,,81,143,217,214,192,215,151,196,71,96,314,300,251,257,267,222,175,143,179,150,108,272,43,75,,256,,94,142,63,55,96,90,82,179,58,59,42,201,58,190,183,237,186,204,92,133,76,99,80,172,104,288,138,149,84,107,91,108,101,235,144,98,107,205,234,62,49,,,311,330,,325,143,135,210,87,147,79,64,101,106,205,76,48,220,205,211,105,125,156,95,106,122,115,224,75,,314,,325,b'\x11\xe8\xe1I\xc7\xb0\xd6d\xaf\x82\x12\xdf\x17\xaeN\x1e'
11E8E149-C7B0-D664-AF82-12DF17AE4E1E,2025-ncaa-d1-conf-OVC,genius_ncaa,3,3,5,3,5,7,5,8,3,4,5,4,9,9,7,9,9,9,7,9,11,9,7,5,6,7,10,9,10,4,1,5,5,4,2,3,1,7,10,3,2,2,2,2,,,1,3,,1,2,10,11,3,7,2,6,3,3,9,9,9,9,9,11,8,3,2,1,1,8,2,2,,1,,2,2,1,1,3,1,1,8,1,2,2,2,2,1,1,3,1,2,2,2,1,1,1,2,2,4,8,5,1,1,1,2,1,6,5,5,3,5,8,2,2,,,10,10,,10,2,1,7,1,2,1,1,3,1,7,2,2,1,1,1,2,2,8,2,4,3,6,6,2,,10,,11,b'\x11\xe8\xe1I\xc7\xb0\xd6d\xaf\x82\x12\xdf\x17\xaeN\x1e'
11E8E149-C7B0-D664-AF82-12DF17AE4E1E,2025-ncaa-d1-natl,genius_ncaa,130,91,244,118,272,254,211,255,149,135,151,142,317,313,312,294,269,276,174,286,318,267,257,196,196,229,343,317,222,185,117,242,156,223,121,158,91,230,273,184,81,43,87,78,,,200,294,,75,156,263,223,181,229,166,218,81,102,317,304,251,259,270,236,188,154,190,168,118,273,54,76,,263,,100,156,47,39,67,99,64,145,61,47,34,209,56,180,165,244,169,201,62,81,86,116,93,170,105,289,110,156,60,117,58,121,83,238,175,107,115,188,241,53,52,,,329,328,,326,156,86,224,101,161,91,76,104,111,206,78,48,223,210,216,107,121,159,99,109,134,129,230,81,,315,,325,b'\x11\xe8\xe1I\xc7\xb0\xd6d\xaf\x82\x12\xdf\x17\xaeN\x1e'
11E8E149-C7B0-D664-AF82-12DF17AE4E1E,2026-ncaa-d0-natl,genius_ncaa,295,346,49,327,73,158,168,105,302,189,118,317,111,107,145,156,158,170,150,166,260,118,88,295,298,294,96,93,189,208,329,111,272,136,326,162,177,329,268,262,140,240,49,76,,,344,274,,263,344,67,101,97,283,288,226,308,212,171,181,260,280,277,254,204,297,199,277,255,257,210,55,,300,,211,329,357,352,325,306,350,323,304,301,290,239,144,347,346,188,351,268,332,311,297,299,321,145,119,222,331,272,353,329,349,326,352,276,185,320,336,329,271,307,252,,,190,328,,223,344,299,310,326,327,329,323,290,325,295,245,221,301,307,318,315,286,291,332,328,328,292,274,255,,328,,271,b'\x11\xe8\xe1I\xc7\xb0\xd6d\xaf\x82\x12\xdf\x17\xaeN\x1e'
11E8E149-C7B0-D664-AF82-12DF17AE4E1E,2026-ncaa-d1-natl,genius_ncaa,332,345,85,347,117,237,240,166,324,270,174,340,145,154,166,155,215,230,144,226,263,179,141,315,318,317,85,93,170,283,344,163,296,210,344,238,189,303,295,292,208,280,57,84,,,324,286,,246,351,111,112,100,314,318,259,332,232,186,196,271,285,283,287,228,318,230,315,297,277,247,60,,310,,220,347,349,345,307,330,344,303,325,285,260,272,137,337,333,198,339,271,317,276,326,330,344,138,120,218,318,296,340,344,338,344,346,282,262,333,344,308,293,292,281,,,254,328,,245,351,259,330,349,346,346,341,304,338,308,261,228,317,316,327,331,282,300,344,339,344,308,283,272,,330,,269,b'\x11\xe8\xe1I\xc7\xb0\xd6d\xaf\x82\x12\xdf\x17\xaeN\x1e'
11E8E149-C7B5-285E-AF82-12DF17AE4E1E,2010-ncaa-d0-natl,ncaa,242,202,288,239,295,313,302,325,200,284,308,167,289,275,278,190,312,310,252,305,189,327,315,224,236,295,239,215,204,332,305,138,18,251,94,278,148,282,335,310,278,224,165,114,,,220,333,,,248,291,186,97,311,295,322,251,271,263,254,291,273,268,323,255,324,25,169,250,326,242,138,,314,,,252,20,9,28,34,10,25,59,47,108,22,198,255,287,42,282,333,54,34,32,58,91,293,135,334,20,18,36,305,19,94,13,103,297,227,94,257,309,4,16,,,279,146,,,248,44,322,63,256,80,27,81,41,63,95,189,309,323,323,154,117,48,128,76,31,247,295,8,,206,,,b'\x11\xe8\xe1I\xc7\xb5(^\xaf\x82\x12\xdf\x17\xaeN\x1e'
11E8E149-C7B5-285E-AF82-12DF17AE4E1E,2010-ncaa-d1-conf-OVC,ncaa,5,4,5,5,5,9,7,8,4,5,7,4,10,9,10,6,9,9,9,9,8,8,7,7,7,9,10,8,9,9,6,4,2,6,4,8,4,10,10,10,5,4,1,1,,,8,9,,,7,6,7,2,8,8,9,6,7,9,8,9,9,9,9,8,9,3,6,6,10,5,1,,8,,,7,1,1,2,2,2,3,2,3,4,1,4,8,8,3,8,10,3,3,2,3,3,8,4,9,1,2,1,6,1,4,1,7,7,5,4,10,9,1,1,,,8,6,,,7,4,9,3,7,2,1,1,3,3,3,4,8,8,8,4,3,1,4,2,2,6,10,1,,8,,,b'\x11\xe8\xe1I\xc7\xb5(^\xaf\x82\x12\xdf\x17\xaeN\x1e'
11E8E149-C7B5-285E-AF82-12DF17AE4E1E,2010-ncaa-d1-natl,ncaa,228,202,276,230,286,313,303,327,195,265,309,158,288,269,296,188,310,301,259,294,188,326,307,222,240,297,245,226,207,325,290,113,16,225,73,269,137,300,337,310,272,236,161,113,,,247,333,,,249,272,183,100,312,290,317,243,269,268,248,290,271,264,317,250,318,20,137,245,327,244,141,,313,,,250,25,9,35,34,7,26,53,90,150,37,225,263,294,43,292,332,63,39,34,59,100,305,169,333,20,16,45,290,14,73,12,104,293,233,96,266,309,5,12,,,263,146,,,249,63,319,70,254,80,28,84,35,51,127,214,306,321,321,155,115,41,114,70,32,252,297,8,,195,,,b'\x11\xe8\xe1I\xc7\xb5(^\xaf\x82\x12\xdf\x17\xaeN\x1e'
11E8E149-C7B5-285E-AF82-12DF17AE4E1E,2011-ncaa-d0-natl,ncaa,323,279,336,324,337,316,326,333,280,333,333,263,224,210,246,83,247,267,123,265,49,329,339,262,231,205,49,98,49,334,331,294,69,329,293,314,202,6,112,207,330,292,286,235,,,41,241,,,257,334,145,88,224,267,204,285,261,126,82,96,117,116,185,232,317,68,230,268,91,285,239,,234,,,271,22,24,17,209,22,12,220,124,112,202,252,82,74,239,65,215,13,6,223,230,282,245,230,193,6,69,95,331,29,293,27,103,336,284,252,2,36,2,13,,,301,52,,,257,10,241,271,270,258,235,240,192,168,272,269,235,225,216,246,184,114,332,295,174,281,34,5,,90,,,b'\x11\xe8\xe1I\xc7\xb5(^\xaf\x82\x12\xdf\x17\xaeN\x1e'
11E8E149-C7B5-285E-AF82-12DF17AE4E1E,2011-ncaa-d1-conf-OVC,ncaa,10,10,9,10,9,9,9,9,9,9,9,9,7,7,8,6,6,7,9,7,2,9,9,9,8,7,3,6,1,9,10,9,6,9,9,8,6,4,6,5,9,6,8,8,,,5,8,,,9,9,6,1,9,9,9,9,8,5,5,5,5,5,9,9,9,6,9,7,4,6,8,,8,,,9,3,3,2,8,3,3,5,5,3,9,5,5,5,3,5,7,2,2,8,8,10,6,6,5,2,6,5,10,4,9,1,3,10,9,6,2,4,1,1,,,8,3,,,9,2,8,9,9,10,7,7,8,8,6,5,8,8,8,8,6,4,9,9,3,9,4,1,,3,,,b'\x11\xe8\xe1I\xc7\xb5(^\xaf\x82\x12\xdf\x17\xaeN\x1e'
11E8E149-C7B5-285E-AF82-12DF17AE4E1E,2011-ncaa-d1-natl,ncaa,317,277,339,317,339,289,308,327,250,312,324,219,216,184,258,97,165,189,111,192,32,316,333,237,194,180,63,123,38,333,330,255,61,322,283,289,181,14,122,195,316,292,261,226,,,69,223,,,241,323,118,87,195,255,218,266,261,146,102,76,82,80,180,221,319,60,226,235,107,288,220,,225,,,246,50,58,34,199,60,33,203,142,135,213,218,125,91,260,84,205,29,15,212,220,273,226,219,198,15,61,151,330,64,283,50,116,322,279,245,3,39,1,7,,,240,35,,,241,23,228,252,247,257,229,247,202,200,260,255,232,217,211,248,207,119,327,290,183,270,38,2,,69,,,b'\x11\xe8\xe1I\xc7\xb5(^\xaf\x82\x12\xdf\x17\xaeN\x1e'
11E8E149-C7B5-285E-AF82-12DF17AE4E1E,2012-ncaa-d0-natl,ncaa,221,174,292,215,301,219,240,266,180,237,255,179,195,191,177,155,135,183,51,189,108,263,271,181,141,163,107,163,66,314,317,117,46,219,190,260,244,123,220,241,326,327,171,163,,,205,288,,,187,231,53,163,141,175,165,181,196,156,145,62,112,120,161,137,285,10,110,226,228,312,131,,301,,,190,107,69,132,68,102,136,95,77,141,40,149,274,227,310,228,254,150,80,60,99,205,207,87,302,83,46,168,317,124,190,90,165,317,321,269,116,187,4,15,,,199,86,,,187,96,206,187,193,233,194,292,214,278,135,215,315,294,293,307,249,171,304,269,181,295,199,14,,86,,,b'\x11\xe8\xe1I\xc7\xb5(^\xaf\x82\x12\xdf\x17\xaeN\x1e'
11E8E149-C7B5-285E-AF82-12DF17AE4E1E,2012-ncaa-d1-conf-OVC,ncaa,4,4,5,4,5,7,7,6,5,7,5,7,7,6,5,6,4,5,3,5,5,6,6,7,5,7,4,6,2,9,9,4,3,6,6,7,4,9,8,9,8,8,1,3,,,5,5,,,4,6,5,7,8,8,8,7,6,6,6,2,4,4,9,8,8,2,5,8,9,8,2,,6,,,4,6,5,6,3,5,7,3,3,3,2,2,6,5,10,5,3,5,5,2,3,3,3,2,8,6,3,6,9,7,6,4,3,8,9,5,7,7,1,1,,,5,2,,,4,5,8,3,5,4,4,7,5,8,3,4,6,5,5,7,5,6,8,7,3,9,6,1,,3,,,b'\x11\xe8\xe1I\xc7\xb5(^\xaf\x82\x12\xdf\x17\xaeN\x1e'
11E8E149-C7B5-285E-AF82-12DF17AE4E1E,2012-ncaa-d1-natl,ncaa,186,173,196,191,238,158,186,206,171,175,210,169,165,156,179,156,86,132,46,139,115,192,191,169,124,142,112,165,68,283,306,70,46,166,177,212,220,154,188,205,311,315,147,154,,,250,277,,,176,147,49,180,118,147,146,142,172,150,140,54,102,105,129,119,271,18,110,188,203,298,129,,289,,,176,188,140,204,86,173,214,109,114,172,55,141,300,279,310,279,252,222,160,80,133,215,206,89,296,106,46,260,306,187,177,155,171,290,312,262,136,158,10,20,,,126,83,,,176,178,182,195,190,240,201,280,219,277,145,213,313,292,293,301,246,152,305,258,204,281,171,18,,68,,,b'\x11\xe8\xe1I\xc7\xb5(^\xaf\x82\x12\xdf\x17\xaeN\x1e'
11E8E149-C7B5-285E-AF82-12DF17AE4E1E,2013-ncaa-d0-natl,ncaa,128,86,251,111,265,224,221,195,259,250,223,279,115,130,106,101,248,260,153,259,227,209,196,219,228,242,88,76,221,180,172,91,47,118,85,212,154,197,218,213,207,190,44,26,,,240,295,,,154,204,87,99,191,189,107,226,174,82,90,223,233,232,133,92,133,16,33,175,256,182,27,,297,,,154,71,31,104,27,38,107,32,107,167,55,187,295,278,292,271,296,139,116,29,63,91,298,147,333,53,47,160,172,115,85,27,84,231,225,91,72,85,19,35,,,209,197,,,154,143,229,80,154,154,75,195,80,173,148,209,315,299,297,243,214,111,252,206,61,196,118,32,,148,,,b'\x11\xe8\xe1I\xc7\xb5(^\xaf\x82\x12\xdf\x17\xaeN\x1e'
11E8E149-C7B5-285E-AF82-12DF17AE4E1E,2013-ncaa-d1-conf-OVC,ncaa,3,4,2,4,4,6,7,3,11,9,3,12,6,5,6,8,6,5,6,5,9,3,3,10,9,10,5,6,5,3,5,2,2,2,3,6,4,11,9,9,5,5,2,2,,,10,7,,,5,2,7,7,7,10,7,10,6,6,7,7,5,5,7,6,4,2,3,6,11,5,2,,9,,,5,4,2,9,2,3,9,2,4,7,2,6,12,12,10,10,10,11,11,2,2,2,9,5,11,5,2,9,5,9,3,2,4,5,6,3,5,4,2,2,,,4,6,,,5,11,9,2,5,2,2,6,2,6,4,6,11,9,8,6,6,4,9,5,2,5,5,2,,4,,,b'\x11\xe8\xe1I\xc7\xb5(^\xaf\x82\x12\xdf\x17\xaeN\x1e'
11E8E149-C7B5-285E-AF82-12DF17AE4E1E,2013-ncaa-d1-natl,ncaa,121,86,210,110,231,209,213,164,264,249,212,282,97,105,109,94,243,255,144,255,229,189,181,226,232,236,81,68,224,157,172,71,44,100,76,189,150,206,203,204,191,185,44,32,,,255,298,,,153,176,94,99,186,190,97,231,180,77,84,225,239,238,134,100,127,20,34,166,236,181,28,,294,,,152,82,36,122,27,42,114,34,115,172,55,182,297,285,294,276,296,161,137,31,66,89,295,146,331,57,44,199,172,130,76,33,80,221,223,84,76,81,18,30,,,190,194,,,153,170,224,78,153,144,69,179,77,162,137,202,310,297,295,230,206,101,255,200,57,192,106,29,,145,,,b'\x11\xe8\xe1I\xc7\xb5(^\xaf\x82\x12\xdf\x17\xaeN\x1e'
11E8E149-C7B5-285E-AF82-12DF17AE4E1E,2014-ncaa-d0-natl,ncaa,148,105,254,131,267,207,244,244,202,212,188,257,230,262,99,248,112,129,110,131,109,226,241,219,177,165,149,219,49,209,174,191,40,199,96,254,235,95,144,216,240,215,195,147,,,277,340,,,149,236,135,95,161,201,167,166,122,209,238,49,65,69,132,150,173,91,128,243,157,214,178,,327,,,149,93,35,39,125,53,45,182,64,118,30,171,326,318,266,316,341,78,78,115,197,199,294,85,340,24,40,105,174,42,96,25,78,228,184,89,59,105,215,219,,,148,64,,,149,106,175,147,146,179,68,62,112,67,94,161,334,329,328,162,152,48,192,110,52,188,110,262,,60,,,b'\x11\xe8\xe1I\xc7\xb5(^\xaf\x82\x12\xdf\x17\xaeN\x1e'
11E8E149-C7B5-285E-AF82-12DF17AE4E1E,2014-ncaa-d1-conf-OVC,ncaa,2,3,1,3,2,2,2,2,7,4,1,11,5,5,4,7,2,2,7,2,6,2,1,6,6,6,7,8,4,2,4,1,3,1,2,3,8,10,6,6,4,6,3,4,,,12,10,,,4,2,7,5,5,5,5,6,4,6,9,4,5,5,5,6,4,6,4,6,5,6,4,,10,,,4,12,10,11,3,8,9,8,7,11,2,8,12,12,7,12,12,12,11,3,7,6,9,5,11,7,3,10,4,10,2,9,9,4,5,4,5,3,10,6,,,2,9,,,4,11,4,5,4,9,3,5,4,2,5,8,11,12,12,8,7,3,5,4,4,5,4,7,,7,,,b'\x11\xe8\xe1I\xc7\xb5(^\xaf\x82\x12\xdf\x17\xaeN\x1e'
11E8E149-C7B5-285E-AF82-12DF17AE4E1E,2014-ncaa-d1-natl,ncaa,143,105,211,131,236,191,214,225,188,193,174,250,221,255,94,250,85,106,107,113,107,204,210,206,169,167,151,220,48,199,167,158,33,172,90,235,216,132,161,215,234,220,186,146,,,288,336,,,151,210,123,94,148,185,163,157,115,208,237,45,60,65,126,141,168,80,113,225,173,220,175,,326,,,150,115,40,49,117,50,47,168,85,137,44,178,330,323,272,322,341,96,96,114,192,194,307,106,342,29,33,123,167,59,90,34,89,203,176,83,84,113,219,213,,,118,66,,,151,135,171,139,147,185,66,67,101,67,104,170,338,332,332,171,164,47,192,107,55,181,128,254,,53,,,b'\x11\xe8\xe1I\xc7\xb5(^\xaf\x82\x12\xdf\x17\xaeN\x1e'
11E8E149-C7B5-285E-AF82-12DF17AE4E1E,2015-ncaa-d0-natl,ncaa,282,209,345,272,346,327,309,314,253,277,269,245,276,270,272,194,342,342,205,341,324,326,335,269,283,266,269,204,296,289,240,331,208,329,268,312,261,33,175,229,296,243,296,247,,,222,347,,,279,339,76,89,223,169,62,132,76,211,170,293,290,288,105,98,180,179,171,226,201,222,248,,345,,,288,37,11,9,200,13,9,174,88,57,257,173,282,260,281,260,337,16,9,209,270,271,318,167,339,27,208,59,240,35,268,40,223,292,198,186,28,128,28,63,,,346,308,,,279,11,282,268,289,292,165,150,144,136,232,203,343,341,341,272,268,213,313,303,200,158,158,86,,269,,,b'\x11\xe8\xe1I\xc7\xb5(^\xaf\x82\x12\xdf\x17\xaeN\x1e'
11E8E149-C7B5-285E-AF82-12DF17AE4E1E,2015-ncaa-d1-conf-OVC,ncaa,9,9,9,9,10,11,9,8,10,8,8,9,10,6,12,7,8,8,6,8,10,9,8,12,11,11,10,9,7,9,10,11,11,10,12,9,10,3,5,9,7,8,10,9,,,11,12,,,11,8,3,4,9,7,3,7,3,9,6,8,8,8,3,4,7,9,9,9,7,7,9,,12,,,11,8,1,3,9,1,2,8,8,7,8,8,11,11,11,11,12,5,5,8,11,10,12,7,12,7,11,8,10,9,12,7,12,8,7,9,8,9,2,3,,,12,12,,,11,5,11,11,12,11,7,8,6,5,9,9,12,12,12,9,9,9,11,11,11,5,9,3,,9,,,b'\x11\xe8\xe1I\xc7\xb5(^\xaf\x82\x12\xdf\x17\xaeN\x1e'
11E8E149-C7B5-285E-AF82-12DF17AE4E1E,2015-ncaa-d1-natl,ncaa,277,207,349,268,349,332,312,320,256,284,267,256,277,269,257,204,335,339,198,339,318,336,338,269,284,271,267,205,274,289,251,331,200,331,271,315,253,51,190,237,286,229,302,262,,,246,347,,,278,344,69,90,218,173,73,138,74,213,188,274,277,276,107,100,185,180,174,226,215,210,264,,345,,,284,37,8,7,184,10,8,160,90,62,236,174,299,287,277,286,340,11,6,190,262,247,320,167,340,29,200,77,251,37,271,40,224,285,184,171,40,137,25,58,,,344,292,,,278,3,283,255,285,287,152,147,135,128,229,207,343,341,342,274,278,204,310,293,195,149,164,85,,245,,,b'\x11\xe8\xe1I\xc7\xb5(^\xaf\x82\x12\xdf\x17\xaeN\x1e'
11E8E149-C7B5-285E-AF82-12DF17AE4E1E,2016-ncaa-d0-natl,ncaa,153,87,287,132,290,148,130,168,94,100,126,124,209,235,119,244,185,233,62,230,278,177,208,116,117,117,257,230,225,241,238,174,172,204,193,176,230,89,116,131,224,223,265,253,,,282,313,,,159,192,30,38,58,41,32,40,33,175,191,128,183,184,39,39,188,55,94,97,189,174,245,,336,,,158,168,138,133,178,129,126,186,175,161,209,173,261,301,27,296,308,165,149,186,200,213,243,183,273,173,172,153,238,156,193,204,265,225,214,233,77,106,68,57,,,290,306,,,159,141,136,217,169,285,254,286,236,249,242,250,307,325,322,323,322,269,281,293,281,153,157,121,,226,,,b'\x11\xe8\xe1I\xc7\xb5(^\xaf\x82\x12\xdf\x17\xaeN\x1e'
11E8E149-C7B5-285E-AF82-12DF17AE4E1E,2016-ncaa-d1-conf-OVC,ncaa,4,4,1,4,1,3,2,1,6,1,1,6,7,4,9,8,5,6,3,6,11,1,1,6,6,5,11,8,8,5,8,2,6,2,5,3,6,12,6,4,3,9,7,11,,,12,11,,,5,1,3,2,7,6,2,3,3,10,8,7,7,7,4,3,7,3,4,4,8,8,8,,12,,,5,11,9,12,6,10,11,6,7,10,2,5,12,12,3,12,9,12,12,5,5,6,6,3,9,12,6,11,8,12,5,10,9,3,8,10,11,8,5,2,,,6,11,,,5,12,6,5,6,6,6,9,8,10,5,6,9,9,9,10,11,8,7,7,8,7,8,4,,10,,,b'\x11\xe8\xe1I\xc7\xb5(^\xaf\x82\x12\xdf\x17\xaeN\x1e'
11E8E149-C7B5-285E-AF82-12DF17AE4E1E,2016-ncaa-d1-natl,ncaa,134,87,218,120,226,105,83,90,80,62,65,107,189,208,117,245,183,235,63,234,304,117,140,105,115,105,285,232,257,181,201,121,164,139,169,113,197,99,82,86,176,197,250,251,,,295,289,,,127,126,31,40,48,31,24,25,23,173,187,156,213,214,31,40,155,53,72,69,149,153,235,,323,,,125,220,185,199,162,157,177,160,209,215,212,188,272,303,33,299,292,218,220,167,169,186,251,199,252,213,164,223,201,229,169,233,261,174,200,215,91,81,85,45,,,267,321,,,127,214,112,186,137,269,237,280,216,241,245,253,293,314,314,311,320,265,275,287,268,133,135,115,,252,,,b'\x11\xe8\xe1I\xc7\xb5(^\xaf\x82\x12\xdf\x17\xaeN\x1e'
11E8E149-C7B5-285E-AF82-12DF17AE4E1E,2017-ncaa-d0-natl,ncaa,237,265,116,255,145,153,128,110,168,93,68,214,222,243,150,269,230,195,290,195,309,118,148,206,230,191,297,240,260,227,296,223,299,230,320,197,276,96,80,158,202,227,94,124,,,315,297,,,269,122,117,209,174,130,104,96,47,229,254,259,221,229,124,178,255,274,287,219,80,211,95,,310,,,263,298,254,221,252,306,281,243,59,55,135,23,337,333,327,330,267,255,242,197,274,281,91,14,328,292,299,309,296,316,320,241,182,174,221,214,111,92,151,91,,,203,250,,,269,223,210,297,265,286,251,207,298,305,48,38,337,328,325,262,249,282,310,304,225,189,100,152,,241,,,b'\x11\xe8\xe1I\xc7\xb5(^\xaf\x82\x12\xdf\x17\xaeN\x1e'
11E8E149-C7B5-285E-AF82-12DF17AE4E1E,2017-ncaa-d1-conf-OVC,ncaa,4,7,1,5,1,5,3,1,9,3,1,10,5,6,5,8,7,5,10,5,11,2,2,9,10,8,10,8,9,6,11,2,11,3,11,8,11,5,3,7,8,10,3,5,,,12,9,,,9,1,10,8,10,9,7,7,4,9,9,11,9,9,10,11,10,7,9,10,3,10,4,,9,,,8,11,10,11,3,11,11,5,1,5,1,3,12,12,9,12,7,11,12,3,3,5,3,1,10,12,11,11,11,12,11,10,5,4,10,5,6,5,9,7,,,5,8,,,9,12,8,6,8,4,4,4,9,10,1,3,10,10,9,6,5,12,10,11,4,10,5,8,,11,,,b'\x11\xe8\xe1I\xc7\xb5(^\xaf\x82\x12\xdf\x17\xaeN\x1e'
11E8E149-C7B5-285E-AF82-12DF17AE4E1E,2017-ncaa-d1-natl,ncaa,236,265,98,259,122,149,115,94,155,85,56,208,212,247,124,266,223,189,279,198,306,107,133,190,218,188,287,231,258,241,299,214,293,239,322,188,273,116,88,153,193,220,86,115,,,319,307,,,253,87,117,216,169,125,113,99,50,221,254,251,217,226,130,179,262,272,291,208,93,209,87,,314,,,252,297,247,223,235,303,292,230,43,48,104,18,344,337,328,333,276,270,263,177,266,266,96,14,334,290,293,315,299,320,322,243,193,155,195,199,127,103,134,79,,,189,235,,,253,254,208,275,251,271,229,181,292,292,40,34,343,332,328,253,242,275,304,295,213,168,104,130,,228,,,b'\x11\xe8\xe1I\xc7\xb5(^\xaf\x82\x12\xdf\x17\xaeN\x1e'
11E8E149-C7B5-285E-AF82-12DF17AE4E1E,2018-ncaa-d0-natl,ncaa,293,244,337,287,339,340,322,336,248,263,232,294,335,343,193,324,345,340,307,338,334,338,341,286,308,298,333,296,290,221,77,323,130,311,93,333,291,69,253,274,330,286,223,185,,,133,336,,,272,348,314,103,311,265,224,149,67,326,334,329,309,303,266,254,90,211,142,301,230,304,169,,299,,,287,18,12,9,181,26,37,105,32,11,310,38,177,153,298,156,269,8,2,166,216,290,201,87,304,11,130,7,77,4,93,10,71,342,316,249,61,216,123,167,,,339,244,,,272,2,284,277,296,166,130,88,168,212,105,41,296,278,280,123,39,99,109,94,87,331,187,221,,267,,,b'\x11\xe8\xe1I\xc7\xb5(^\xaf\x82\x12\xdf\x17\xaeN\x1e'
11E8E149-C7B5-285E-AF82-12DF17AE4E1E,2018-ncaa-d1-conf-OVC,ncaa,9,9,9,9,11,12,10,10,8,8,5,11,10,12,3,10,11,11,11,11,12,10,10,10,12,12,11,9,10,4,3,8,5,7,3,12,11,5,9,12,12,10,6,5,,,7,11,,,11,12,12,11,12,9,7,5,2,10,11,11,11,11,10,8,1,6,4,11,8,10,4,,9,,,11,2,2,3,5,3,5,5,3,1,11,1,7,7,10,7,7,2,1,5,7,10,8,5,9,3,5,3,3,2,3,3,5,12,11,11,8,9,6,5,,,11,11,,,11,1,11,9,11,6,6,4,6,8,4,2,8,8,8,5,1,3,5,5,4,11,9,9,,11,,,b'\x11\xe8\xe1I\xc7\xb5(^\xaf\x82\x12\xdf\x17\xaeN\x1e'
11E8E149-C7B5-285E-AF82-12DF17AE4E1E,2018-ncaa-d1-natl,ncaa,289,243,343,287,348,342,325,338,250,266,225,302,334,344,184,325,346,342,311,340,340,343,347,292,312,303,333,292,300,213,75,324,134,301,92,334,294,66,249,270,332,286,217,163,,,143,337,,,279,349,317,99,313,263,219,148,56,322,334,333,318,315,260,248,81,196,125,305,218,303,154,,292,,,283,12,10,5,150,18,29,73,36,10,314,46,195,165,305,168,267,4,1,139,200,276,227,110,309,10,134,6,75,3,92,8,79,343,317,245,66,209,138,170,,,343,263,,,279,1,288,266,292,164,119,91,135,209,116,56,302,276,284,124,40,104,116,102,80,330,180,226,,287,,,b'\x11\xe8\xe1I\xc7\xb5(^\xaf\x82\x12\xdf\x17\xaeN\x1e'
11E8E149-C7B5-285E-AF82-12DF17AE4E1E,2019-ncaa-d0-natl,ncaa,351,348,321,351,334,349,339,331,315,343,337,299,222,181,281,53,350,350,232,350,349,343,338,297,313,333,133,49,344,334,328,302,211,335,316,307,114,220,335,299,327,302,337,323,,,94,259,,,349,328,205,346,340,323,292,330,301,154,110,350,350,350,336,300,323,212,306,266,303,300,326,,243,,,350,177,148,58,311,141,33,332,195,189,201,269,211,214,168,207,294,63,24,320,328,348,221,208,221,62,211,123,328,92,316,186,211,346,342,345,255,334,13,89,,,351,348,,,349,24,341,346,350,332,306,247,285,135,293,300,294,296,293,282,153,192,305,282,298,341,315,42,,349,,,b'\x11\xe8\xe1I\xc7\xb5(^\xaf\x82\x12\xdf\x17\xaeN\x1e'
11E8E149-C7B5-285E-AF82-12DF17AE4E1E,2019-ncaa-d1-conf-OVC,ncaa,12,12,9,12,11,12,12,11,10,12,11,10,7,7,9,3,12,12,6,12,12,12,11,10,10,12,7,5,12,11,11,8,10,11,11,10,3,12,12,12,9,9,8,7,,,2,4,,,12,10,5,8,12,12,10,11,10,7,4,12,12,12,12,10,11,6,10,7,12,9,7,,5,,,12,10,9,7,9,9,5,10,10,10,7,12,3,6,1,6,6,7,4,9,9,11,6,10,2,9,10,6,11,10,11,11,9,12,10,12,12,12,1,4,,,12,12,,,12,3,12,12,12,12,12,11,9,6,12,12,6,6,6,11,11,10,11,12,12,10,12,1,,12,,,b'\x11\xe8\xe1I\xc7\xb5(^\xaf\x82\x12\xdf\x17\xaeN\x1e'
11E8E149-C7B5-285E-AF82-12DF17AE4E1E,2019-ncaa-d1-natl,ncaa,350,348,314,350,338,340,317,313,301,326,323,285,182,142,274,52,350,351,232,350,350,336,336,285,310,319,163,50,350,321,320,268,190,316,298,272,100,231,323,271,301,278,327,317,,,137,260,,,345,326,211,346,332,303,256,311,288,143,98,350,350,350,321,289,307,201,281,234,281,277,319,,237,,,346,201,166,85,287,155,49,321,194,212,170,261,242,242,177,237,292,99,32,294,306,338,226,194,239,86,190,181,320,141,298,190,200,345,334,334,245,321,14,75,,,351,349,,,345,27,335,343,345,307,281,212,259,125,271,281,289,289,286,264,145,187,300,280,265,329,292,33,,349,,,b'\x11\xe8\xe1I\xc7\xb5(^\xaf\x82\x12\xdf\x17\xaeN\x1e'
11E8E149-C7B5-285E-AF82-12DF17AE4E1E,2020-ncaa-d0-natl,ncaa,259,240,260,263,267,321,318,246,337,319,287,309,200,123,319,79,315,300,299,299,204,268,252,324,330,329,123,105,255,135,151,212,282,175,231,235,64,229,263,247,219,194,125,104,,,123,175,,,287,288,231,47,317,316,181,311,263,175,91,310,283,282,219,159,94,135,93,203,267,190,105,,191,,,290,105,90,164,68,53,132,45,246,210,276,237,129,152,81,159,199,148,103,89,86,134,304,302,177,288,282,202,151,254,231,137,206,275,257,235,297,325,123,200,,,309,291,,,287,67,314,208,291,180,151,263,89,190,289,267,177,206,214,267,226,318,278,311,191,240,319,154,,269,,,b'\x11\xe8\xe1I\xc7\xb5(^\xaf\x82\x12\xdf\x17\xaeN\x1e'
11E8E149-C7B5-285E-AF82-12DF17AE4E1E,2020-ncaa-d1-conf-OVC,ncaa,10,10,9,10,9,12,12,11,12,12,10,11,9,7,10,5,12,12,11,12,11,12,12,11,11,11,7,7,10,7,7,8,9,7,7,8,4,7,10,8,7,7,6,5,,,2,4,,,9,12,10,3,12,12,7,9,8,9,6,12,12,12,12,9,6,7,5,8,9,7,4,,4,,,9,3,3,5,3,2,4,3,6,7,6,8,2,3,2,3,4,5,2,3,3,5,7,10,3,8,9,7,7,8,7,4,6,10,10,11,10,11,1,1,,,12,12,,,9,1,10,8,9,6,8,8,4,8,10,10,4,3,3,10,6,11,9,11,6,10,11,1,,12,,,b'\x11\xe8\xe1I\xc7\xb5(^\xaf\x82\x12\xdf\x17\xaeN\x1e'
11E8E149-C7B5-285E-AF82-12DF17AE4E1E,2020-ncaa-d1-natl,ncaa,257,240,257,258,263,312,314,242,328,313,275,299,195,117,316,93,302,285,283,282,193,265,250,317,325,320,133,120,224,134,157,178,283,163,225,223,72,239,264,244,215,203,125,109,,,142,170,,,282,272,211,47,301,300,171,295,253,178,95,296,268,265,208,140,101,123,91,194,271,191,112,,199,,,284,123,112,189,74,63,146,49,257,248,246,252,141,171,82,174,202,181,130,93,92,139,298,299,179,303,283,216,157,274,225,162,208,261,260,238,300,318,147,208,,,288,281,,,282,78,309,208,287,189,160,271,98,192,291,281,181,212,219,276,243,322,272,309,200,238,313,180,,259,,,b'\x11\xe8\xe1I\xc7\xb5(^\xaf\x82\x12\xdf\x17\xaeN\x1e'
11E8E149-C7B5-285E-AF82-12DF17AE4E1E,2021-ncaa-d0-natl,ncaa,191,276,89,225,125,141,161,150,201,169,142,227,136,144,115,168,101,142,34,143,138,152,127,187,152,200,96,148,69,174,214,122,273,142,230,150,167,308,291,266,173,245,185,224,,,255,185,,,304,118,144,224,220,252,266,252,220,165,206,111,184,193,254,214,236,195,233,221,279,232,237,,220,,,284,283,277,266,200,279,218,311,261,320,29,310,272,243,315,246,230,271,254,192,217,274,191,173,185,299,273,210,214,253,230,322,311,193,292,319,295,272,262,245,,,140,199,,,304,233,218,293,274,276,261,274,252,133,223,323,247,206,211,282,246,278,130,198,316,274,264,218,,211,,,b'\x11\xe8\xe1I\xc7\xb5(^\xaf\x82\x12\xdf\x17\xaeN\x1e'
11E8E149-C7B5-285E-AF82-12DF17AE4E1E,2021-ncaa-d1-conf-OVC,ncaa,9,8,6,9,6,8,8,9,6,8,8,9,7,9,4,7,4,5,3,6,5,9,7,7,6,8,5,5,3,9,8,6,5,7,8,7,8,10,10,9,9,10,7,9,,,11,8,,,9,6,1,3,7,8,8,8,7,6,7,4,4,5,8,4,9,5,6,7,10,8,8,,11,,,9,10,9,9,6,10,6,11,7,11,2,11,11,10,12,10,8,9,8,7,8,11,8,6,10,8,5,4,8,6,8,11,11,12,11,12,8,9,5,4,,,6,5,,,9,8,9,11,9,11,10,11,11,7,9,11,11,10,10,12,12,9,5,8,11,11,9,6,,5,,,b'\x11\xe8\xe1I\xc7\xb5(^\xaf\x82\x12\xdf\x17\xaeN\x1e'
11E8E149-C7B5-285E-AF82-12DF17AE4E1E,2021-ncaa-d1-natl,ncaa,202,275,105,235,144,157,177,165,209,183,154,234,147,153,116,168,111,150,34,152,137,165,141,194,156,208,94,146,68,188,216,143,278,156,241,171,170,304,294,270,189,249,198,226,,,244,189,,,307,134,149,225,227,265,273,260,229,167,208,113,185,194,257,217,240,202,239,230,281,238,240,,222,,,291,278,274,256,208,275,205,312,253,315,29,309,265,239,316,240,233,260,241,206,227,282,186,171,186,289,278,196,216,243,241,320,311,209,293,322,285,276,258,249,,,154,193,,,307,216,228,299,284,280,267,276,256,135,229,323,252,207,213,286,248,280,132,203,317,278,265,225,,212,,,b'\x11\xe8\xe1I\xc7\xb5(^\xaf\x82\x12\xdf\x17\xaeN\x1e'
11E8E149-C7B5-285E-AF82-12DF17AE4E1E,2022-ncaa-d0-natl,ncaa,233,210,260,232,260,219,262,248,269,233,183,291,265,267,215,270,52,62,90,61,39,212,185,274,219,251,136,267,8,134,91,235,186,204,125,267,234,275,277,304,134,107,140,55,,,164,217,,,232,198,76,7,147,228,156,187,103,244,245,11,18,18,88,38,80,167,99,246,317,97,108,,256,,,235,159,142,111,235,65,27,311,312,318,195,349,130,133,173,136,285,103,120,285,272,231,331,338,131,115,186,92,91,88,125,252,316,129,77,195,297,299,83,87,,,61,14,,,232,130,233,217,243,268,236,205,129,30,342,350,191,201,205,209,277,194,178,187,304,55,328,116,,7,,,b'\x11\xe8\xe1I\xc7\xb5(^\xaf\x82\x12\xdf\x17\xaeN\x1e'
11E8E149-C7B5-285E-AF82-12DF17AE4E1E,2022-ncaa-d1-conf-ASUN,ncaa,6,7,4,7,4,4,5,4,8,4,4,9,7,8,3,11,1,1,1,1,3,4,3,8,5,5,6,8,1,2,2,7,10,4,5,6,6,10,7,7,4,4,1,1,,,10,6,,,6,4,2,1,2,5,3,4,3,7,7,1,1,1,3,1,1,7,4,5,10,4,2,,8,,,6,11,10,9,6,8,5,9,12,11,10,11,9,9,10,9,10,9,11,9,10,8,12,11,6,9,10,4,2,7,5,12,11,5,5,7,12,11,3,1,,,1,1,,,6,9,5,8,7,11,9,9,6,3,12,11,8,7,7,9,10,9,3,7,11,4,12,3,,1,,,b'\x11\xe8\xe1I\xc7\xb5(^\xaf\x82\x12\xdf\x17\xaeN\x1e'
11E8E149-C7B5-285E-AF82-12DF17AE4E1E,2022-ncaa-d1-natl,ncaa,176,209,100,195,100,114,156,103,251,112,67,264,234,229,250,280,15,19,83,16,52,83,56,275,220,235,179,276,8,60,79,130,197,88,124,194,234,315,230,277,63,82,62,20,,,288,220,,,199,70,64,11,123,182,103,121,65,262,248,11,18,18,49,25,67,165,86,229,291,60,66,,266,,,199,275,252,239,203,146,82,298,340,346,144,349,215,224,161,229,285,243,282,255,251,174,325,336,142,249,197,237,79,247,124,311,312,38,62,161,333,279,123,51,,,7,11,,,199,280,212,177,212,246,215,201,117,29,333,349,194,205,209,210,295,214,196,207,300,38,317,99,,5,,,b'\x11\xe8\xe1I\xc7\xb5(^\xaf\x82\x12\xdf\x17\xaeN\x1e'
11E8E149-C7B5-285E-AF82-12DF17AE4E1E,2023-ncaa-d0-natl,ncaa,170,139,236,163,279,98,119,119,128,161,189,143,78,95,67,113,106,155,30,154,137,124,149,107,88,75,82,100,155,235,268,232,284,245,304,113,129,72,78,80,123,133,251,262,,,148,101,,,132,132,18,291,38,55,37,116,143,51,69,70,123,123,38,57,205,189,213,66,116,87,243,,200,,,129,253,272,197,290,247,161,300,264,241,246,253,132,159,82,150,171,185,226,304,283,225,182,241,74,266,284,265,268,282,304,275,229,82,75,174,144,143,57,61,,,153,152,,,132,224,86,245,143,315,330,303,301,237,303,295,177,205,199,293,337,306,327,327,311,40,187,73,,92,,,b'\x11\xe8\xe1I\xc7\xb5(^\xaf\x82\x12\xdf\x17\xaeN\x1e'
11E8E149-C7B5-285E-AF82-12DF17AE4E1E,2023-ncaa-d1-conf-ASUN,ncaa,5,5,6,5,9,3,3,3,5,3,4,5,3,3,5,5,2,8,1,8,9,4,3,5,5,3,4,5,9,5,11,8,11,7,12,3,2,5,2,3,2,2,8,10,,,8,4,,,4,3,1,10,2,3,1,4,5,3,3,3,8,8,1,1,7,9,7,3,4,2,8,,8,,,4,11,13,11,10,14,10,11,8,8,8,7,8,8,9,8,6,11,14,10,10,6,4,6,5,12,11,13,11,13,12,13,12,2,3,6,6,6,3,2,,,7,9,,,4,12,3,7,4,12,13,12,13,13,7,7,8,7,7,11,14,12,13,12,13,1,10,3,,6,,,b'\x11\xe8\xe1I\xc7\xb5(^\xaf\x82\x12\xdf\x17\xaeN\x1e'
11E8E149-C7B5-285E-AF82-12DF17AE4E1E,2023-ncaa-d1-natl,ncaa,136,138,103,144,142,44,56,47,110,94,108,113,40,44,77,100,67,108,44,108,138,47,58,91,83,66,88,95,180,120,209,133,282,124,270,43,85,136,63,47,60,100,192,223,,,209,84,,,82,44,18,291,24,36,22,94,138,40,45,71,116,114,25,35,140,154,133,30,113,65,204,,179,,,81,314,320,296,250,303,255,276,291,308,166,273,193,225,75,212,172,297,322,260,227,168,185,235,87,332,282,330,209,338,270,315,240,29,71,158,236,154,77,53,,,76,168,,,82,314,64,194,93,301,312,310,285,227,285,306,175,206,196,300,341,318,317,324,304,36,218,67,,79,,,b'\x11\xe8\xe1I\xc7\xb5(^\xaf\x82\x12\xdf\x17\xaeN\x1e'
11E8E149-C7B5-285E-AF82-12DF17AE4E1E,2024-ncaa-d0-natl,ncaa,106,82,143,99,183,113,131,109,174,103,69,228,199,226,134,280,43,37,204,35,86,90,91,202,179,159,208,256,49,93,139,137,41,120,104,156,215,178,116,160,129,147,321,333,,,264,248,,,126,93,46,263,90,114,64,83,56,204,235,32,27,26,44,47,86,124,94,152,170,132,332,,264,,,126,227,191,147,244,221,179,225,137,126,218,106,311,308,209,316,303,188,223,226,251,200,194,103,307,47,41,267,139,163,104,109,81,93,97,74,210,158,253,176,,,33,36,,,126,255,152,133,134,220,182,125,211,166,136,113,305,304,309,181,238,34,258,152,105,85,210,262,,20,,,b'\x11\xe8\xe1I\xc7\xb5(^\xaf\x82\x12\xdf\x17\xaeN\x1e'
11E8E149-C7B5-285E-AF82-12DF17AE4E1E,2024-ncaa-d1-conf-ASUN,ncaa,4,5,4,5,4,2,3,1,6,1,1,8,7,7,4,7,4,7,2,7,10,2,1,7,7,4,8,8,8,1,4,4,2,1,3,5,8,5,3,4,3,3,10,11,,,7,7,,,3,2,4,9,3,2,2,1,1,7,7,4,6,6,2,3,3,3,2,4,3,5,10,,8,,,3,9,9,7,7,11,7,7,6,5,7,6,10,9,6,10,7,8,8,8,8,7,5,4,9,2,2,11,4,9,3,7,6,3,7,5,9,8,12,8,,,3,6,,,3,11,2,5,3,6,7,6,8,8,3,5,9,9,10,5,6,2,7,7,5,4,9,12,,5,,,b'\x11\xe8\xe1I\xc7\xb5(^\xaf\x82\x12\xdf\x17\xaeN\x1e'
11E8E149-C7B5-285E-AF82-12DF17AE4E1E,2024-ncaa-d1-natl,ncaa,76,83,38,82,68,59,59,32,155,41,21,195,175,191,154,288,31,22,218,22,117,24,24,187,166,141,240,266,73,30,93,77,38,43,73,94,194,222,83,119,72,112,283,319,,,284,197,,,70,28,42,264,72,77,41,52,33,207,229,38,30,32,27,35,52,113,59,122,151,106,318,,218,,,71,270,243,239,197,264,268,182,160,154,201,104,318,314,210,320,277,266,308,182,201,123,187,101,294,77,38,324,93,250,73,149,86,35,65,39,224,103,313,182,,,15,62,,,70,330,118,74,84,179,136,115,180,174,106,95,274,270,279,149,246,28,251,138,92,60,163,279,,26,,,b'\x11\xe8\xe1I\xc7\xb5(^\xaf\x82\x12\xdf\x17\xaeN\x1e'
11E8E149-C7B5-285E-AF82-12DF17AE4E1E,2025-ncaa-d0-natl,genius_ncaa,109,91,135,102,157,99,93,97,128,106,87,180,118,170,49,216,89,137,62,143,216,97,111,131,116,100,156,166,174,165,210,73,56,98,127,83,99,114,87,81,202,244,201,230,,,302,287,,81,121,102,51,208,69,72,55,91,85,114,167,85,135,140,64,80,177,48,75,60,123,217,209,,305,,80,119,242,198,217,161,202,239,131,195,186,227,121,319,316,178,316,277,251,234,163,190,198,242,158,307,106,56,265,210,211,127,124,78,159,194,134,138,115,186,118,,,147,215,,50,121,258,104,163,120,239,192,209,187,233,193,164,315,312,311,256,263,95,272,204,115,163,141,178,,162,,53,b'\x11\xe8\xe1I\xc7\xb5(^\xaf\x82\x12\xdf\x17\xaeN\x1e'
11E8E149-C7B5-285E-AF82-12DF17AE4E1E,2025-ncaa-d1-conf-ASUN,genius_ncaa,4,4,3,4,5,5,4,3,6,4,2,8,5,7,1,9,6,7,4,7,9,5,5,4,4,4,7,6,7,7,7,3,2,3,4,2,1,9,6,2,8,10,5,7,,,8,7,,2,4,2,4,8,4,3,3,3,3,5,7,4,8,8,3,5,6,3,4,1,6,10,6,,7,,2,4,9,4,8,4,5,6,3,8,7,7,8,10,9,11,9,8,8,9,5,5,5,10,9,10,6,2,10,7,7,4,7,8,5,5,5,12,8,9,5,,,8,9,,4,4,11,4,4,4,4,5,4,5,4,8,7,9,7,6,5,7,4,5,6,6,6,9,9,,8,,4,b'\x11\xe8\xe1I\xc7\xb5(^\xaf\x82\x12\xdf\x17\xaeN\x1e'
11E8E149-C7B5-285E-AF82-12DF17AE4E1E,2025-ncaa-d1-natl,genius_ncaa,117,91,172,111,206,114,113,124,135,128,108,188,130,193,48,215,108,157,60,161,214,124,139,137,122,106,146,167,166,195,224,96,58,129,136,95,105,99,91,85,235,258,219,239,,,286,288,,75,133,131,52,195,78,78,59,96,85,118,170,88,136,141,68,88,186,56,86,68,127,232,213,,309,,80,130,216,180,189,178,182,211,145,180,157,234,114,313,309,184,306,281,215,205,176,203,216,241,152,306,84,58,240,224,179,136,106,80,194,210,146,120,121,171,126,,,179,212,,53,133,231,108,182,132,256,212,216,200,239,198,160,320,315,314,258,255,100,280,210,123,171,144,183,,164,,48,b'\x11\xe8\xe1I\xc7\xb5(^\xaf\x82\x12\xdf\x17\xaeN\x1e'
11E8E149-C7B5-285E-AF82-12DF17AE4E1E,2026-ncaa-d0-natl,genius_ncaa,123,39,279,75,291,223,225,252,171,270,292,177,107,137,90,46,232,266,74,263,136,260,296,127,125,79,38,43,206,307,309,244,19,269,184,206,156,14,36,56,312,299,101,26,,,95,249,,96,92,286,70,97,73,106,53,197,217,28,25,130,165,166,63,131,247,60,122,102,36,292,45,,235,,154,74,36,22,49,73,23,36,106,78,102,112,252,154,124,303,123,289,51,58,96,143,108,310,217,319,14,19,153,309,77,184,12,35,238,94,34,4,10,59,146,,,289,200,,53,92,72,111,79,82,120,69,113,59,68,175,235,275,247,241,136,174,25,335,232,28,108,8,128,,187,,12,b'\x11\xe8\xe1I\xc7\xb5(^\xaf\x82\x12\xdf\x17\xaeN\x1e'
11E8E149-C7B5-285E-AF82-12DF17AE4E1E,2026-ncaa-d1-natl,genius_ncaa,74,39,177,59,197,111,108,136,97,164,222,101,34,45,62,48,200,237,77,236,210,150,197,65,67,50,61,33,298,266,294,90,12,151,131,71,91,40,42,29,251,254,63,26,,,157,205,,125,54,177,57,100,38,39,32,129,200,12,23,186,230,227,58,121,260,29,75,34,52,244,42,,188,,147,45,102,71,141,57,53,85,87,195,255,91,312,193,153,316,147,239,128,137,67,99,98,312,261,271,28,12,247,294,153,131,32,45,168,133,56,5,9,91,122,,,278,311,,58,54,179,60,65,54,114,73,173,59,67,224,296,228,175,162,164,197,26,308,188,34,136,10,115,,281,,43,b'\x11\xe8\xe1I\xc7\xb5(^\xaf\x82\x12\xdf\x17\xaeN\x1e'
11E8E149-C7B9-8DE0-AF82-12DF17AE4E1E,2010-ncaa-d0-natl,ncaa,86,36,241,53,246,133,188,145,236,217,182,271,95,118,74,145,43,22,257,19,11,112,149,202,185,133,44,92,32,72,77,219,250,158,174,237,273,59,51,178,42,27,98,79,,,239,263,,,93,176,61,43,51,123,44,196,129,60,78,11,4,4,14,24,20,176,53,210,124,21,70,,306,,,94,142,119,125,173,143,146,135,142,100,246,115,226,222,210,223,234,137,172,167,194,129,197,150,265,197,250,212,77,201,174,245,297,88,68,157,56,65,214,230,,,63,35,,,93,171,93,135,91,237,203,205,196,238,180,144,279,267,268,235,299,258,293,290,285,40,104,259,,11,,,b'\x11\xe8\xe1I\xc7\xb9\x8d\xe0\xaf\x82\x12\xdf\x17\xaeN\x1e'
11E8E149-C7B9-8DE0-AF82-12DF17AE4E1E,2010-ncaa-d1-conf-MAC,ncaa,4,4,3,4,3,4,6,5,11,7,2,11,7,5,8,9,1,1,11,1,1,2,3,11,9,4,2,10,2,3,9,3,10,4,9,11,12,3,2,10,2,3,4,5,,,11,10,,,5,4,2,1,3,7,3,8,2,8,7,1,1,1,1,1,3,4,4,11,2,2,4,,11,,,5,10,8,9,5,9,11,3,6,5,9,1,11,11,9,11,9,9,10,5,5,4,7,4,11,10,10,12,9,12,9,10,9,3,5,4,1,1,8,7,,,2,3,,,5,9,6,5,5,9,8,9,7,11,6,5,11,11,11,9,11,11,12,12,10,2,1,8,,1,,,b'\x11\xe8\xe1I\xc7\xb9\x8d\xe0\xaf\x82\x12\xdf\x17\xaeN\x1e'
11E8E149-C7B9-8DE0-AF82-12DF17AE4E1E,2010-ncaa-d1-natl,ncaa,64,36,134,47,143,65,103,71,189,144,113,215,74,87,95,149,22,8,257,9,15,46,62,173,159,114,62,116,45,26,61,150,192,71,128,157,248,116,50,139,17,13,74,68,,,285,234,,,59,93,43,58,34,81,31,139,103,63,77,12,5,5,11,22,14,141,32,157,131,9,60,,287,,,56,184,157,184,127,153,211,101,172,154,230,135,240,237,194,234,214,197,254,130,150,75,212,171,250,215,192,264,61,258,128,277,307,29,38,115,104,63,233,201,,,27,47,,,59,257,74,76,56,186,159,185,156,216,178,151,246,234,236,216,299,230,282,270,274,21,110,236,,12,,,b'\x11\xe8\xe1I\xc7\xb9\x8d\xe0\xaf\x82\x12\xdf\x17\xaeN\x1e'
11E8E149-C7B9-8DE0-AF82-12DF17AE4E1E,2011-ncaa-d0-natl,ncaa,30,111,4,74,7,22,30,9,179,30,14,172,109,68,251,220,6,3,224,3,41,6,6,203,185,149,175,245,44,3,36,28,285,12,131,33,136,298,61,97,6,15,53,85,,,338,195,,,45,7,104,257,84,121,74,100,93,200,182,28,16,13,36,63,12,212,55,111,111,15,118,,227,,,54,319,296,326,39,271,306,94,275,330,20,273,320,314,256,310,222,335,341,41,62,27,250,191,251,340,285,340,36,340,131,334,323,6,36,92,272,83,340,281,,,5,91,,,45,337,97,51,52,92,70,154,67,77,144,262,201,178,174,154,255,287,189,249,212,32,124,317,,37,,,b'\x11\xe8\xe1I\xc7\xb9\x8d\xe0\xaf\x82\x12\xdf\x17\xaeN\x1e'
11E8E149-C7B9-8DE0-AF82-12DF17AE4E1E,2011-ncaa-d1-conf-MAC,ncaa,3,5,1,4,1,2,1,1,6,1,1,6,9,7,9,11,2,1,8,1,5,1,1,7,6,4,11,12,4,1,1,2,12,1,3,2,7,7,3,4,1,1,2,2,,,11,5,,,3,1,6,7,3,3,4,2,1,11,11,4,1,1,3,3,1,7,3,4,3,1,2,,6,,,3,9,6,12,1,5,9,2,10,12,3,12,10,10,11,9,7,12,12,2,3,2,12,10,7,12,12,11,1,12,3,8,11,1,3,4,7,4,11,6,,,1,4,,,3,12,3,2,3,4,3,8,2,4,7,11,7,6,6,7,9,12,5,10,6,2,4,7,,4,,,b'\x11\xe8\xe1I\xc7\xb9\x8d\xe0\xaf\x82\x12\xdf\x17\xaeN\x1e'
11E8E149-C7B9-8DE0-AF82-12DF17AE4E1E,2011-ncaa-d1-natl,ncaa,34,110,4,75,7,23,34,10,186,33,14,179,120,73,249,218,6,3,219,3,42,7,7,208,188,156,173,243,45,3,36,30,290,12,133,35,140,288,63,99,6,17,60,88,,,336,197,,,48,8,104,260,88,130,79,106,97,203,181,31,16,14,37,64,15,212,57,118,111,16,119,,231,,,59,316,287,324,44,254,300,99,268,329,19,272,314,307,261,302,222,333,339,44,66,31,246,191,254,340,290,339,36,340,133,331,324,7,40,96,262,84,340,286,,,5,91,,,48,336,98,53,56,97,71,156,70,79,142,263,200,179,175,158,256,291,193,249,216,38,127,319,,40,,,b'\x11\xe8\xe1I\xc7\xb9\x8d\xe0\xaf\x82\x12\xdf\x17\xaeN\x1e'
11E8E149-C7B9-8DE0-AF82-12DF17AE4E1E,2012-ncaa-d0-natl,ncaa,59,36,120,52,126,97,79,71,102,31,27,137,302,302,274,323,70,88,97,90,258,71,68,184,162,141,324,331,121,21,6,245,94,94,24,108,237,176,93,126,20,9,173,124,,,155,140,,,49,120,151,60,73,49,38,16,4,311,309,58,81,80,34,37,9,287,82,98,164,10,179,,130,,,43,107,121,69,243,81,52,245,235,203,255,285,78,66,248,57,141,49,177,266,261,78,241,286,93,45,94,75,6,44,24,292,335,18,6,81,131,72,338,301,,,116,232,,,49,217,78,44,46,92,112,35,73,18,224,197,68,48,46,19,140,25,61,31,277,9,125,339,,130,,,b'\x11\xe8\xe1I\xc7\xb9\x8d\xe0\xaf\x82\x12\xdf\x17\xaeN\x1e'
11E8E149-C7B9-8DE0-AF82-12DF17AE4E1E,2012-ncaa-d1-conf-MAC,ncaa,1,1,3,1,5,3,2,3,4,2,2,6,12,12,7,12,1,3,7,2,9,3,3,7,7,5,12,12,6,2,1,6,5,3,1,2,6,4,3,1,2,1,5,2,,,7,5,,,1,4,6,10,3,2,3,1,1,12,12,3,2,2,3,3,1,11,3,2,5,1,4,,5,,,1,2,2,2,3,1,2,3,5,7,7,10,2,4,1,4,4,2,7,3,3,1,6,10,3,4,5,3,1,4,1,8,12,1,1,3,2,3,12,11,,,5,7,,,1,9,2,1,1,1,1,1,1,2,6,6,2,3,3,1,5,3,2,2,7,1,3,12,,5,,,b'\x11\xe8\xe1I\xc7\xb9\x8d\xe0\xaf\x82\x12\xdf\x17\xaeN\x1e'
11E8E149-C7B9-8DE0-AF82-12DF17AE4E1E,2012-ncaa-d1-natl,ncaa,50,36,90,47,94,70,50,49,93,21,17,123,300,301,273,324,52,58,116,59,247,44,49,173,156,122,324,332,119,14,6,233,84,62,20,83,232,162,73,103,13,6,166,124,,,159,126,,,27,93,144,68,54,36,26,13,1,309,307,51,62,59,26,31,8,284,71,89,148,8,182,,122,,,28,116,123,71,230,78,47,237,237,215,249,284,75,62,227,59,144,58,204,253,243,67,242,286,94,40,84,89,6,48,20,296,334,12,4,69,121,62,338,298,,,96,224,,,27,245,60,36,32,83,101,28,63,14,218,193,61,48,47,18,144,22,54,27,272,6,110,339,,123,,,b'\x11\xe8\xe1I\xc7\xb9\x8d\xe0\xaf\x82\x12\xdf\x17\xaeN\x1e'
11E8E149-C7B9-8DE0-AF82-12DF17AE4E1E,2012-ncaa-d1-ncaatournament,ncaa,33,2,33,33,34,55,60,44,62,46,34,63,64,64,64,64,32,34,34,34,36,39,38,64,61,59,51,64,1,36,20,52,30,46,37,47,12,19,43,50,49,42,40,25,,,4,6,,,59,39,8,5,54,60,23,42,2,64,64,9,8,11,15,12,12,49,34,40,48,39,23,,6,,,61,24,29,20,62,30,12,64,15,27,18,52,13,7,50,7,18,15,23,59,58,56,8,23,16,9,30,16,20,12,37,32,57,38,15,51,24,52,52,61,,,37,19,,,59,28,60,53,58,56,61,39,62,22,33,53,21,15,15,30,48,16,40,35,61,12,52,64,,12,,,b'\x11\xe8\xe1I\xc7\xb9\x8d\xe0\xaf\x82\x12\xdf\x17\xaeN\x1e'
11E8E149-C7B9-8DE0-AF82-12DF17AE4E1E,2013-ncaa-d0-natl,ncaa,290,303,183,300,236,255,178,127,253,107,47,265,304,298,278,299,338,332,318,333,345,171,221,290,318,277,338,288,339,108,140,289,172,223,213,200,197,42,71,113,102,52,301,242,,,93,155,,,260,251,235,267,269,159,66,79,19,300,300,341,333,333,146,202,85,300,209,188,61,78,305,,129,,,261,162,112,57,253,27,6,266,329,307,321,338,138,103,305,101,272,55,74,315,318,275,338,338,149,64,172,231,140,161,213,311,343,158,80,273,70,88,283,202,,,342,345,,,260,88,254,263,266,195,151,58,40,6,334,323,161,121,116,61,78,94,265,203,319,137,89,298,,345,,,b'\x11\xe8\xe1I\xc7\xb9\x8d\xe0\xaf\x82\x12\xdf\x17\xaeN\x1e'
11E8E149-C7B9-8DE0-AF82-12DF17AE4E1E,2013-ncaa-d1-conf-MAC,ncaa,9,8,7,9,8,9,7,6,9,4,1,8,11,12,11,12,12,11,12,11,12,7,9,10,10,10,12,12,12,5,6,10,9,9,10,7,8,1,3,5,2,1,8,5,,,4,8,,,8,10,9,3,9,5,4,2,1,11,12,12,11,11,4,6,3,10,9,7,1,2,8,,6,,,8,5,4,3,8,3,1,8,12,11,10,11,8,6,11,6,8,3,3,8,9,7,12,12,7,5,9,8,6,6,10,10,12,5,2,8,4,5,8,4,,,12,12,,,8,2,9,8,8,8,5,4,3,1,12,11,8,7,7,4,4,7,11,9,11,3,5,9,,12,,,b'\x11\xe8\xe1I\xc7\xb9\x8d\xe0\xaf\x82\x12\xdf\x17\xaeN\x1e'
11E8E149-C7B9-8DE0-AF82-12DF17AE4E1E,2013-ncaa-d1-natl,ncaa,298,303,210,304,274,272,194,140,260,123,54,274,306,304,279,299,341,336,319,336,345,197,248,290,322,281,338,287,339,124,148,310,177,246,222,216,203,37,73,118,122,55,305,248,,,81,160,,,268,276,240,267,275,166,70,82,20,302,301,341,334,334,151,203,90,303,216,193,63,86,305,,130,,,269,146,99,38,258,23,4,270,326,305,323,339,127,93,307,90,273,37,53,318,321,277,340,338,146,53,177,214,148,141,222,310,343,171,88,279,59,90,279,205,,,345,345,,,268,60,259,269,277,203,154,60,43,6,334,325,163,124,118,62,80,96,266,206,323,139,89,301,,345,,,b'\x11\xe8\xe1I\xc7\xb9\x8d\xe0\xaf\x82\x12\xdf\x17\xaeN\x1e'
11E8E149-C7B9-8DE0-AF82-12DF17AE4E1E,2014-ncaa-d0-natl,ncaa,165,125,254,153,256,145,114,42,284,127,98,248,117,77,276,103,262,270,178,267,327,68,124,273,285,186,187,123,307,100,208,248,282,175,302,225,300,10,6,69,32,19,332,328,,,127,88,,,161,141,24,16,59,33,4,68,27,88,47,239,241,239,8,15,46,199,96,202,28,9,330,,196,,,161,201,217,166,263,177,102,293,276,265,198,296,122,132,71,141,207,159,218,288,261,171,223,267,101,241,282,331,208,320,302,331,343,60,46,202,23,11,101,63,,,307,345,,,161,209,164,187,165,290,298,285,247,166,313,317,171,193,197,288,334,295,345,345,338,19,35,140,,291,,,b'\x11\xe8\xe1I\xc7\xb9\x8d\xe0\xaf\x82\x12\xdf\x17\xaeN\x1e'
11E8E149-C7B9-8DE0-AF82-12DF17AE4E1E,2014-ncaa-d1-conf-MAC,ncaa,8,8,6,8,7,7,5,2,11,6,2,12,7,6,7,7,11,11,9,11,12,4,5,11,12,8,9,6,11,4,7,11,12,8,11,9,12,2,1,5,1,1,11,11,,,5,7,,,9,6,3,2,4,3,1,3,1,6,6,11,11,11,2,2,3,11,6,9,2,1,11,,8,,,9,8,6,7,10,7,6,10,10,7,9,8,5,7,3,7,8,7,9,10,9,7,9,10,6,10,12,12,7,12,11,12,12,2,1,9,2,3,8,6,,,12,12,,,9,7,8,8,9,11,9,9,9,8,11,9,6,8,8,9,11,12,12,12,12,1,3,8,,12,,,b'\x11\xe8\xe1I\xc7\xb9\x8d\xe0\xaf\x82\x12\xdf\x17\xaeN\x1e'
11E8E149-C7B9-8DE0-AF82-12DF17AE4E1E,2014-ncaa-d1-natl,ncaa,123,125,100,134,102,51,30,12,252,52,30,216,75,46,257,101,214,213,175,207,331,16,34,237,267,151,204,120,320,31,157,107,242,61,247,122,287,23,4,40,8,9,299,312,,,179,54,,,95,39,19,25,34,23,4,38,17,74,44,235,235,234,7,11,21,121,35,124,26,6,308,,150,,,93,285,294,286,211,244,198,252,305,313,172,301,141,169,55,173,162,285,314,229,196,104,218,275,77,291,242,345,157,343,247,341,343,15,36,166,33,9,123,39,,,252,347,,,95,311,111,107,99,262,278,298,223,184,305,319,130,160,159,285,336,290,344,342,336,10,33,111,,296,,,b'\x11\xe8\xe1I\xc7\xb9\x8d\xe0\xaf\x82\x12\xdf\x17\xaeN\x1e'
11E8E149-C7B9-8DE0-AF82-12DF17AE4E1E,2015-ncaa-d0-natl,ncaa,68,103,26,94,35,55,62,21,263,86,41,287,59,58,138,140,90,93,126,91,240,28,34,245,244,172,122,113,193,38,163,49,237,35,217,228,337,129,35,198,35,57,246,256,,,235,73,,,130,33,124,147,119,129,27,173,87,104,100,151,184,176,34,86,68,135,81,307,43,54,287,,110,,,132,308,298,318,107,187,173,203,343,347,116,347,151,157,116,157,153,317,323,184,150,128,317,337,62,328,237,340,163,339,217,324,301,53,107,171,83,27,188,94,,,127,311,,,130,317,134,136,135,166,169,247,59,29,333,345,76,83,82,205,257,274,309,317,265,87,36,132,,274,,,b'\x11\xe8\xe1I\xc7\xb9\x8d\xe0\xaf\x82\x12\xdf\x17\xaeN\x1e'
11E8E149-C7B9-8DE0-AF82-12DF17AE4E1E,2015-ncaa-d1-conf-MAC,ncaa,2,4,1,3,1,1,1,1,9,1,1,10,2,2,4,5,1,2,3,2,9,1,1,8,9,5,4,3,7,1,5,1,10,1,8,8,12,3,2,6,1,2,5,6,,,9,3,,,3,1,4,4,3,2,1,8,2,3,5,8,8,8,1,3,3,8,6,10,2,2,7,,5,,,4,12,12,12,5,11,11,9,12,12,6,12,7,7,6,7,7,12,12,7,7,5,10,11,3,12,10,12,5,12,8,12,10,1,3,6,4,1,10,7,,,2,12,,,3,12,5,6,3,6,7,9,4,2,11,12,2,4,4,5,10,10,12,12,10,3,2,7,,9,,,b'\x11\xe8\xe1I\xc7\xb9\x8d\xe0\xaf\x82\x12\xdf\x17\xaeN\x1e'
11E8E149-C7B9-8DE0-AF82-12DF17AE4E1E,2015-ncaa-d1-natl,ncaa,36,103,4,83,5,20,18,4,222,34,14,241,52,40,137,154,67,76,127,74,282,6,8,208,222,141,166,133,253,16,150,15,198,10,182,147,338,182,25,164,9,49,192,222,,,281,67,,,78,10,98,149,82,66,20,103,53,112,106,175,209,205,29,61,55,104,58,282,41,45,270,,103,,,89,338,331,345,88,227,237,168,348,349,143,348,186,194,133,192,140,341,344,173,136,105,328,342,55,343,198,346,150,346,182,341,305,19,90,147,108,18,215,67,,,86,334,,,78,343,110,116,92,157,161,244,40,24,338,347,64,70,68,190,265,255,302,309,251,71,27,116,,296,,,b'\x11\xe8\xe1I\xc7\xb9\x8d\xe0\xaf\x82\x12\xdf\x17\xaeN\x1e'
11E8E149-C7B9-8DE0-AF82-12DF17AE4E1E,2016-ncaa-d0-natl,ncaa,86,87,76,90,80,70,62,24,217,76,30,240,84,72,146,166,123,120,173,122,265,27,47,217,221,122,171,140,236,49,177,104,177,70,225,156,313,23,10,69,8,9,248,236,,,144,64,,,102,58,88,31,65,53,10,83,36,94,90,150,157,162,15,44,59,155,83,201,18,8,265,,100,,,102,277,286,272,206,125,94,219,348,347,307,345,39,70,33,69,104,241,280,284,234,168,330,349,15,248,177,342,177,334,225,337,342,39,56,217,31,9,256,120,,,225,339,,,102,282,96,161,114,217,230,225,77,32,346,344,31,42,41,179,267,189,333,314,331,39,22,227,,299,,,b'\x11\xe8\xe1I\xc7\xb9\x8d\xe0\xaf\x82\x12\xdf\x17\xaeN\x1e'
11E8E149-C7B9-8DE0-AF82-12DF17AE4E1E,2016-ncaa-d1-conf-MAC,ncaa,5,6,2,6,2,3,2,2,10,3,2,10,6,6,9,8,6,4,7,4,10,2,2,10,9,7,9,8,7,3,5,4,9,4,11,9,12,2,1,6,1,1,6,6,,,7,4,,,3,3,4,1,5,5,2,4,2,7,5,7,6,6,1,2,3,10,6,9,1,1,7,,3,,,3,7,9,9,5,7,5,8,10,12,6,11,3,5,1,3,4,8,10,8,4,2,8,10,3,11,9,12,5,12,11,11,10,1,2,3,2,1,8,7,,,10,11,,,3,10,7,2,3,4,6,6,4,4,8,10,3,3,3,5,9,7,12,11,10,2,1,8,,10,,,b'\x11\xe8\xe1I\xc7\xb9\x8d\xe0\xaf\x82\x12\xdf\x17\xaeN\x1e'
11E8E149-C7B9-8DE0-AF82-12DF17AE4E1E,2016-ncaa-d1-natl,ncaa,73,87,30,86,31,35,32,12,193,40,16,222,62,61,129,171,86,80,175,82,255,13,23,185,197,110,173,145,235,36,184,65,194,42,225,123,309,34,10,61,6,8,218,215,,,190,58,,,87,24,74,37,50,41,11,73,33,89,92,129,142,146,13,38,60,141,81,184,19,8,251,,103,,,91,306,311,306,195,159,136,207,347,348,307,346,67,94,38,89,125,296,324,276,229,157,334,349,19,293,194,345,184,343,225,343,340,20,48,205,41,9,257,110,,,177,327,,,87,322,85,152,103,224,223,229,73,33,346,346,37,56,52,188,276,213,333,320,328,34,17,204,,281,,,b'\x11\xe8\xe1I\xc7\xb9\x8d\xe0\xaf\x82\x12\xdf\x17\xaeN\x1e'
11E8E149-C7B9-8DE0-AF82-12DF17AE4E1E,2017-ncaa-d0-natl,ncaa,323,332,168,327,199,220,200,117,298,162,92,291,247,203,313,227,226,190,292,189,278,123,151,310,315,285,260,235,198,156,247,139,204,145,261,323,345,104,87,284,228,242,300,318,,,173,136,,,308,149,76,193,233,211,53,152,51,252,197,227,184,179,69,92,142,112,111,331,125,218,304,,189,,,304,281,280,255,249,289,255,247,204,199,201,151,231,212,251,209,147,252,209,231,244,294,113,126,163,229,204,324,247,308,261,261,186,248,280,293,157,137,310,271,,,292,331,,,308,207,282,294,303,306,308,307,305,307,220,207,242,227,223,310,284,252,340,327,280,253,165,317,,308,,,b'\x11\xe8\xe1I\xc7\xb9\x8d\xe0\xaf\x82\x12\xdf\x17\xaeN\x1e'
11E8E149-C7B9-8DE0-AF82-12DF17AE4E1E,2017-ncaa-d1-conf-MAC,ncaa,12,12,6,12,8,11,9,7,10,8,5,11,12,10,11,9,11,11,11,11,11,10,10,12,12,12,11,9,10,7,8,12,11,9,9,11,11,5,9,11,8,7,12,12,,,4,6,,,12,10,8,4,11,9,6,8,3,11,9,11,11,11,9,9,6,10,9,11,8,8,12,,5,,,12,10,11,6,12,11,8,12,6,3,10,2,5,5,11,5,4,6,3,11,11,12,1,5,6,8,11,6,8,8,9,11,10,8,8,12,8,10,12,11,,,12,12,,,12,3,11,12,12,11,11,8,11,10,6,4,6,6,5,9,6,10,9,10,11,8,10,12,,12,,,b'\x11\xe8\xe1I\xc7\xb9\x8d\xe0\xaf\x82\x12\xdf\x17\xaeN\x1e'
11E8E149-C7B9-8DE0-AF82-12DF17AE4E1E,2017-ncaa-d1-natl,ncaa,318,331,144,328,180,224,201,91,306,156,78,301,258,206,316,229,227,198,278,194,288,105,131,320,319,292,270,243,197,150,254,126,190,131,257,328,346,113,80,286,224,241,286,307,,,173,124,,,308,127,69,197,240,216,49,149,45,258,199,232,201,190,66,86,139,95,100,334,124,221,291,,171,,,308,292,295,276,244,300,277,240,197,200,185,140,235,213,249,206,136,277,245,222,235,287,100,121,154,234,190,329,254,322,257,264,175,245,278,285,160,142,325,285,,,302,333,,,308,232,287,288,301,302,308,311,310,311,210,204,237,220,212,312,285,245,341,330,278,252,170,325,,313,,,b'\x11\xe8\xe1I\xc7\xb9\x8d\xe0\xaf\x82\x12\xdf\x17\xaeN\x1e'
11E8E149-C7B9-8DE0-AF82-12DF17AE4E1E,2018-ncaa-d0-natl,ncaa,245,263,164,255,185,114,102,76,165,87,51,211,171,193,127,252,201,159,296,159,280,86,81,187,218,185,263,212,267,63,112,259,240,166,212,305,348,147,96,270,55,62,286,273,,,334,329,,,221,100,33,117,78,53,24,51,22,170,184,198,146,144,32,26,44,271,140,321,177,46,295,,337,,,220,288,236,138,323,183,79,321,295,260,305,279,324,324,162,326,334,185,238,330,335,280,312,242,278,152,240,253,112,227,212,286,276,59,66,150,78,54,255,161,,,247,319,,,221,251,153,264,219,316,268,143,209,63,307,285,328,320,321,224,296,172,277,256,298,42,94,266,,242,,,b'\x11\xe8\xe1I\xc7\xb9\x8d\xe0\xaf\x82\x12\xdf\x17\xaeN\x1e'
11E8E149-C7B9-8DE0-AF82-12DF17AE4E1E,2018-ncaa-d1-conf-MAC,ncaa,8,9,4,9,4,5,4,2,8,3,2,9,9,10,4,12,9,7,9,7,12,3,3,8,8,7,11,9,12,2,4,12,10,7,10,11,12,1,2,10,4,4,9,9,,,12,11,,,8,4,6,2,5,4,3,4,2,9,11,11,9,9,3,3,2,12,8,11,1,4,10,,12,,,8,12,9,3,12,8,4,12,8,4,10,3,12,12,4,12,12,7,9,12,12,11,10,5,11,8,10,10,4,9,10,12,10,4,4,7,2,3,12,8,,,12,12,,,8,7,7,11,8,11,9,2,7,2,6,4,12,12,12,7,7,6,8,9,11,4,3,11,,12,,,b'\x11\xe8\xe1I\xc7\xb9\x8d\xe0\xaf\x82\x12\xdf\x17\xaeN\x1e'
11E8E149-C7B9-8DE0-AF82-12DF17AE4E1E,2018-ncaa-d1-natl,ncaa,247,263,144,261,166,118,96,71,175,86,45,215,182,191,148,253,224,170,301,169,283,76,71,202,236,202,269,211,270,54,108,251,227,154,200,320,348,159,93,282,61,70,281,271,,,331,326,,,221,93,45,128,87,57,27,54,25,177,183,216,156,154,34,28,39,265,129,325,172,53,283,,333,,,221,293,245,140,311,177,72,314,293,267,295,279,317,321,154,322,330,199,247,327,331,268,313,245,273,151,227,264,108,232,200,287,284,64,72,156,75,54,248,156,,,253,325,,,221,260,162,245,217,305,249,139,196,63,300,284,321,318,318,212,290,162,268,245,292,48,90,253,,247,,,b'\x11\xe8\xe1I\xc7\xb9\x8d\xe0\xaf\x82\x12\xdf\x17\xaeN\x1e'
11E8E149-C7B9-8DE0-AF82-12DF17AE4E1E,2019-ncaa-d0-natl,ncaa,200,209,173,212,173,205,191,138,253,222,209,216,123,98,238,102,281,182,345,173,148,143,151,227,274,246,141,97,292,166,235,154,80,157,197,315,350,160,151,294,140,133,246,242,,,291,313,,,215,154,138,4,195,172,89,227,202,108,73,289,164,157,99,104,139,117,119,336,177,129,247,,316,,,213,170,132,126,173,95,113,142,225,188,275,216,257,257,181,263,282,150,171,201,213,181,291,254,260,61,80,299,235,228,197,101,113,129,118,85,63,78,36,61,,,195,210,,,215,198,244,151,211,197,148,127,108,110,251,204,270,269,273,161,220,82,318,261,112,107,96,51,,167,,,b'\x11\xe8\xe1I\xc7\xb9\x8d\xe0\xaf\x82\x12\xdf\x17\xaeN\x1e'
11E8E149-C7B9-8DE0-AF82-12DF17AE4E1E,2019-ncaa-d1-conf-MAC,ncaa,8,9,3,9,3,8,7,6,11,6,4,11,8,8,8,8,11,5,12,5,7,6,6,10,12,11,8,7,10,6,7,7,6,5,7,12,12,9,8,12,4,4,5,6,,,11,12,,,9,5,9,1,10,7,6,7,4,8,8,11,5,5,6,6,6,6,4,12,10,4,6,,12,,,9,8,7,6,8,3,4,6,9,7,12,7,9,9,5,11,9,7,9,9,9,8,9,9,9,7,6,10,7,10,7,7,9,4,4,7,5,5,4,4,,,8,10,,,9,8,11,8,9,8,6,4,4,5,9,7,8,9,9,4,7,5,9,8,7,4,5,5,,8,,,b'\x11\xe8\xe1I\xc7\xb9\x8d\xe0\xaf\x82\x12\xdf\x17\xaeN\x1e'
11E8E149-C7B9-8DE0-AF82-12DF17AE4E1E,2019-ncaa-d1-natl,ncaa,201,209,155,211,156,216,203,145,266,231,216,221,131,96,265,96,283,189,344,181,147,151,164,239,285,259,148,103,284,177,242,146,77,152,206,330,350,161,158,308,145,133,226,217,,,292,309,,,223,165,152,4,218,198,101,240,216,125,77,294,173,166,117,120,155,109,124,340,181,134,227,,305,,,222,161,114,121,153,91,118,127,232,196,271,217,251,249,183,253,279,155,164,189,206,185,294,257,259,64,77,307,242,229,206,92,109,132,125,86,62,82,44,73,,,207,214,,,223,189,261,142,223,193,142,130,97,112,249,208,263,265,269,164,210,83,316,263,108,113,100,55,,180,,,b'\x11\xe8\xe1I\xc7\xb9\x8d\xe0\xaf\x82\x12\xdf\x17\xaeN\x1e'
11E8E149-C7B9-8DE0-AF82-12DF17AE4E1E,2020-ncaa-d0-natl,ncaa,163,170,87,174,160,133,126,49,241,102,36,263,192,185,190,254,106,39,324,33,138,35,56,258,273,221,220,223,131,86,210,72,45,58,175,309,348,112,54,251,99,116,281,288,,,338,329,,,176,55,47,247,143,142,37,109,38,206,199,114,41,36,27,51,96,72,52,320,106,109,293,,330,,,176,236,157,172,147,119,128,142,241,240,214,230,332,328,169,326,329,215,250,175,212,174,322,221,317,66,45,346,210,306,175,40,19,78,92,27,59,32,142,70,,,99,188,,,176,296,206,121,175,219,124,123,93,83,232,222,318,316,314,188,243,60,345,282,36,83,54,133,,123,,,b'\x11\xe8\xe1I\xc7\xb9\x8d\xe0\xaf\x82\x12\xdf\x17\xaeN\x1e'
11E8E149-C7B9-8DE0-AF82-12DF17AE4E1E,2020-ncaa-d1-conf-MAC,ncaa,5,5,1,5,4,6,6,2,12,3,1,12,11,12,6,12,1,1,11,1,6,1,1,12,12,12,11,11,2,2,3,3,1,2,4,12,11,6,3,9,2,2,8,8,,,12,12,,,3,1,3,12,9,8,4,3,1,11,12,2,1,1,2,1,2,6,3,12,4,2,9,,12,,,3,4,1,3,3,2,3,5,4,5,4,6,12,12,9,12,12,4,11,4,5,2,9,4,12,1,1,12,3,12,4,4,7,2,2,1,3,2,8,4,,,2,5,,,3,12,10,1,3,2,1,1,2,3,3,4,12,10,10,3,4,1,12,9,3,2,3,8,,2,,,b'\x11\xe8\xe1I\xc7\xb9\x8d\xe0\xaf\x82\x12\xdf\x17\xaeN\x1e'
11E8E149-C7B9-8DE0-AF82-12DF17AE4E1E,2020-ncaa-d1-natl,ncaa,150,170,45,170,112,102,95,34,234,90,32,262,177,176,184,252,92,28,327,24,125,23,30,249,264,206,221,221,128,76,197,58,40,41,160,290,346,114,50,238,94,117,274,275,,,340,328,,,157,37,51,255,129,130,38,109,42,198,199,112,34,30,28,55,89,70,50,309,96,111,291,,328,,,157,245,161,177,138,122,124,149,247,264,186,242,326,327,160,325,328,231,285,167,204,154,321,226,313,71,40,345,197,302,160,43,20,59,89,24,52,29,140,64,,,79,181,,,157,316,196,106,155,204,120,117,89,69,230,227,313,316,312,172,240,50,339,270,35,79,46,130,,119,,,b'\x11\xe8\xe1I\xc7\xb9\x8d\xe0\xaf\x82\x12\xdf\x17\xaeN\x1e'
11E8E149-C7B9-8DE0-AF82-12DF17AE4E1E,2021-ncaa-d0-natl,ncaa,174,143,219,157,240,212,215,190,261,193,173,232,240,207,310,220,168,176,176,175,162,191,214,268,262,226,236,268,84,198,242,160,25,173,126,257,302,84,93,219,143,79,220,174,,,245,336,,,138,210,72,224,174,175,79,124,85,247,181,101,104,103,70,91,148,44,48,264,128,84,197,,328,,,132,92,74,91,44,68,87,52,109,125,115,187,250,256,128,256,334,98,108,56,84,76,322,186,342,62,25,194,242,135,126,55,75,184,114,44,88,94,63,45,,,223,224,,,138,127,228,48,141,99,33,73,32,62,147,169,329,323,324,131,164,50,320,245,34,109,111,59,,173,,,b'\x11\xe8\xe1I\xc7\xb9\x8d\xe0\xaf\x82\x12\xdf\x17\xaeN\x1e'
11E8E149-C7B9-8DE0-AF82-12DF17AE4E1E,2021-ncaa-d1-conf-MAC,ncaa,9,6,12,8,12,12,12,12,12,11,11,12,12,12,12,10,11,11,8,11,8,12,12,12,12,12,11,11,3,11,8,12,1,11,6,12,11,1,6,11,10,4,8,3,,,2,11,,,5,12,6,9,12,12,4,8,2,12,10,8,7,7,3,7,6,2,4,12,6,4,4,,11,,,5,1,1,1,1,1,1,1,1,1,2,4,3,5,3,4,12,1,1,1,1,2,10,4,12,1,1,2,8,2,6,1,5,11,3,1,1,6,2,5,,,12,10,,,5,1,11,1,6,1,1,1,1,4,2,3,11,11,11,2,2,2,9,7,1,3,6,4,,9,,,b'\x11\xe8\xe1I\xc7\xb9\x8d\xe0\xaf\x82\x12\xdf\x17\xaeN\x1e'
11E8E149-C7B9-8DE0-AF82-12DF17AE4E1E,2021-ncaa-d1-natl,ncaa,184,143,231,163,248,226,228,213,266,211,189,239,246,214,311,220,177,187,176,185,163,212,231,275,269,232,235,264,86,213,247,176,28,198,134,270,302,77,94,225,155,83,227,175,,,235,336,,,145,222,72,225,182,180,82,129,87,250,186,105,104,103,74,93,154,46,58,271,126,90,200,,331,,,141,86,69,83,47,61,76,52,103,113,113,182,244,252,131,252,335,93,97,62,93,83,322,188,340,56,28,181,247,119,134,54,78,196,118,47,80,94,55,48,,,236,224,,,145,117,237,55,150,103,35,74,34,63,148,168,330,326,326,138,162,51,322,247,36,115,112,63,,173,,,b'\x11\xe8\xe1I\xc7\xb9\x8d\xe0\xaf\x82\x12\xdf\x17\xaeN\x1e'
11E8E149-C7B9-8DE0-AF82-12DF17AE4E1E,2022-ncaa-d0-natl,ncaa,305,288,295,308,314,255,249,230,270,221,194,241,263,237,295,210,203,188,233,200,181,230,265,275,273,217,223,237,116,228,244,269,79,262,229,346,355,25,73,303,211,137,204,174,,,92,210,,,287,270,55,275,162,160,45,127,77,227,156,122,102,110,47,79,138,177,157,351,92,131,169,,230,,,292,197,173,83,324,115,95,233,294,118,356,197,171,111,348,116,201,76,69,343,345,345,300,308,152,19,79,199,244,104,229,63,32,276,214,174,48,87,42,45,,,318,315,,,287,91,218,320,286,326,309,233,235,192,340,229,259,212,221,235,229,69,332,267,149,199,121,81,,271,,,b'\x11\xe8\xe1I\xc7\xb9\x8d\xe0\xaf\x82\x12\xdf\x17\xaeN\x1e'
11E8E149-C7B9-8DE0-AF82-12DF17AE4E1E,2022-ncaa-d1-conf-MAC,ncaa,10,10,9,10,9,11,10,5,12,7,4,12,12,9,12,10,9,9,10,9,9,5,8,12,12,11,10,11,6,5,6,11,5,7,8,12,12,2,4,12,5,4,6,6,,,7,10,,,11,8,5,4,10,9,2,5,3,11,9,7,6,6,2,3,3,10,5,12,4,5,6,,10,,,11,6,7,2,11,3,3,8,10,4,12,8,4,3,11,3,10,1,1,12,12,11,10,10,4,1,5,12,6,6,8,7,5,5,3,6,3,3,6,5,,,11,11,,,11,3,11,11,11,10,11,4,8,4,10,7,8,5,6,4,7,3,12,10,9,5,3,7,,11,,,b'\x11\xe8\xe1I\xc7\xb9\x8d\xe0\xaf\x82\x12\xdf\x17\xaeN\x1e'
11E8E149-C7B9-8DE0-AF82-12DF17AE4E1E,2022-ncaa-d1-natl,ncaa,305,288,304,307,325,226,220,219,221,201,183,201,234,224,255,204,211,194,231,205,195,221,272,236,234,172,225,222,160,221,230,270,79,268,202,342,355,24,64,275,160,102,194,164,,,91,207,,,271,272,43,356,129,121,36,99,77,197,149,129,107,116,40,76,131,172,142,337,91,98,161,,221,,,274,192,172,75,320,114,86,229,300,129,356,198,186,121,349,122,213,70,57,343,348,338,300,303,175,15,79,199,230,89,202,53,26,261,199,158,51,93,35,36,,,321,318,,,271,84,180,317,266,324,309,227,228,188,340,224,267,218,228,229,237,68,318,246,140,183,133,70,,276,,,b'\x11\xe8\xe1I\xc7\xb9\x8d\xe0\xaf\x82\x12\xdf\x17\xaeN\x1e'
11E8E149-C7B9-8DE0-AF82-12DF17AE4E1E,2023-ncaa-d0-natl,ncaa,181,160,236,183,251,223,200,237,148,163,227,92,257,217,308,174,256,241,234,240,216,248,227,173,186,217,283,249,230,241,226,159,19,186,102,237,263,243,277,261,184,138,70,35,,,80,106,,,214,220,120,106,201,168,206,117,183,245,187,232,211,211,218,158,214,77,123,223,288,151,47,,113,,,214,132,115,114,190,96,81,196,206,200,197,263,148,105,335,104,174,104,103,216,221,213,251,246,183,15,19,145,226,62,102,71,87,206,164,128,196,234,93,122,,,277,284,,,214,150,238,149,208,207,202,177,157,116,246,248,196,141,140,167,165,28,225,118,109,170,239,119,,255,,,b'\x11\xe8\xe1I\xc7\xb9\x8d\xe0\xaf\x82\x12\xdf\x17\xaeN\x1e'
11E8E149-C7B9-8DE0-AF82-12DF17AE4E1E,2023-ncaa-d1-conf-MAC,ncaa,7,9,5,9,6,10,9,7,8,4,4,5,12,11,11,11,10,11,8,11,11,8,6,10,10,11,12,12,10,6,5,6,4,5,5,9,8,12,12,11,3,3,4,2,,,5,6,,,10,6,8,4,11,9,7,6,4,12,11,10,11,11,10,5,6,5,5,11,12,4,5,,6,,,9,3,3,3,7,3,2,5,6,6,7,9,7,6,11,6,9,3,6,7,8,8,10,7,9,3,4,3,5,3,5,4,6,6,4,5,10,9,4,3,,,11,11,,,10,8,10,6,9,6,5,3,5,3,6,7,9,7,6,3,5,4,4,2,4,5,9,4,,11,,,b'\x11\xe8\xe1I\xc7\xb9\x8d\xe0\xaf\x82\x12\xdf\x17\xaeN\x1e'
11E8E149-C7B9-8DE0-AF82-12DF17AE4E1E,2023-ncaa-d1-natl,ncaa,185,160,219,179,244,232,213,258,150,174,233,95,247,211,302,172,243,229,234,227,200,261,235,175,188,216,270,235,212,240,221,155,16,179,106,249,265,239,274,267,203,158,68,35,,,71,99,,,225,226,134,103,208,179,220,127,189,236,186,224,206,203,226,162,212,81,126,233,281,173,48,,108,,,226,152,129,118,204,95,76,203,237,216,234,280,150,103,335,104,180,102,89,235,237,246,270,272,176,10,16,151,221,60,106,85,90,216,178,155,183,221,77,108,,,274,276,,,225,145,237,173,219,212,209,177,148,104,273,265,194,136,139,162,155,24,222,116,124,192,220,105,,250,,,b'\x11\xe8\xe1I\xc7\xb9\x8d\xe0\xaf\x82\x12\xdf\x17\xaeN\x1e'
11E8E149-C7B9-8DE0-AF82-12DF17AE4E1E,2024-ncaa-d0-natl,ncaa,319,312,298,324,308,326,312,283,308,273,242,277,308,278,335,217,319,313,255,310,305,301,280,315,324,332,286,257,223,188,165,288,228,266,216,335,323,267,322,339,185,130,115,78,,,159,292,,,321,297,186,86,317,284,207,221,144,291,227,299,280,280,238,141,120,229,169,332,326,123,79,,272,,,324,121,117,75,276,93,64,226,214,128,342,218,115,110,190,108,186,60,57,298,289,294,252,276,146,109,228,110,165,97,216,184,253,254,176,243,197,261,34,43,,,314,281,,,321,55,328,290,328,258,257,189,205,158,299,209,187,181,183,189,194,201,253,247,279,177,272,55,,255,,,b'\x11\xe8\xe1I\xc7\xb9\x8d\xe0\xaf\x82\x12\xdf\x17\xaeN\x1e'
11E8E149-C7B9-8DE0-AF82-12DF17AE4E1E,2024-ncaa-d1-conf-MAC,ncaa,12,12,9,12,11,11,11,10,11,7,5,11,12,12,12,12,12,11,11,11,12,10,9,12,12,12,12,12,9,3,3,9,6,8,6,12,12,10,10,11,8,6,2,1,,,10,12,,,12,10,9,5,11,11,9,8,2,12,12,12,11,11,10,3,2,9,5,12,10,5,1,,12,,,12,4,2,2,9,5,4,8,3,2,8,3,9,8,5,7,9,3,1,8,8,9,6,3,11,4,6,3,3,4,6,8,9,9,8,8,8,9,2,2,,,11,11,,,12,1,11,8,12,8,5,5,8,9,3,3,10,9,9,7,2,6,5,6,9,9,9,2,,11,,,b'\x11\xe8\xe1I\xc7\xb9\x8d\xe0\xaf\x82\x12\xdf\x17\xaeN\x1e'
11E8E149-C7B9-8DE0-AF82-12DF17AE4E1E,2024-ncaa-d1-natl,ncaa,322,314,320,326,328,337,334,303,316,288,242,297,316,282,338,224,314,310,220,309,305,322,292,328,332,339,281,261,189,195,166,291,223,271,219,347,330,278,332,348,182,124,117,83,,,178,303,,,323,312,190,84,323,300,225,232,149,299,237,290,277,273,252,147,128,230,176,342,332,124,92,,283,,,328,114,115,58,272,81,59,239,204,128,321,223,143,135,181,132,224,54,42,288,283,293,253,256,167,103,223,115,166,92,219,182,240,253,177,236,224,292,41,57,,,315,278,,,323,42,335,290,329,254,244,175,203,145,287,208,202,208,202,185,189,199,254,241,269,177,294,67,,257,,,b'\x11\xe8\xe1I\xc7\xb9\x8d\xe0\xaf\x82\x12\xdf\x17\xaeN\x1e'
11E8E149-C7B9-8DE0-AF82-12DF17AE4E1E,2025-ncaa-d0-natl,genius_ncaa,355,356,248,356,266,273,300,300,259,343,354,195,105,66,214,19,266,259,236,256,41,304,292,194,205,244,13,21,186,272,271,341,246,333,313,296,242,222,298,304,339,332,332,340,,,102,193,,59,347,281,237,96,269,298,290,347,353,60,32,252,239,233,295,255,255,344,335,295,273,339,327,,161,,84,348,315,330,115,362,342,188,362,183,59,354,81,199,190,238,189,203,119,76,362,361,362,47,82,106,76,246,147,271,115,313,299,169,322,305,346,313,348,12,111,,,178,61,,113,347,89,259,362,346,354,359,200,360,269,238,94,259,243,245,218,121,125,232,187,336,314,335,14,,109,,81,b'\x11\xe8\xe1I\xc7\xb9\x8d\xe0\xaf\x82\x12\xdf\x17\xaeN\x1e'
11E8E149-C7B9-8DE0-AF82-12DF17AE4E1E,2025-ncaa-d1-conf-MAC,genius_ncaa,12,12,9,12,10,9,9,9,9,10,10,9,6,3,11,3,10,9,10,9,6,10,10,9,8,8,3,3,9,8,8,12,10,11,10,10,11,2,7,9,11,10,12,12,,,5,5,,4,12,11,10,5,9,9,8,10,10,3,1,9,9,9,9,10,7,12,10,10,7,11,12,,5,,4,12,12,12,4,12,11,8,12,5,3,11,3,6,6,10,6,6,4,2,12,12,12,3,3,5,5,10,7,8,6,10,10,6,12,10,11,5,9,2,7,,,8,4,,5,12,1,9,12,12,12,12,7,12,10,7,4,9,8,8,8,5,7,11,10,11,12,9,4,,7,,4,b'\x11\xe8\xe1I\xc7\xb9\x8d\xe0\xaf\x82\x12\xdf\x17\xaeN\x1e'
11E8E149-C7B9-8DE0-AF82-12DF17AE4E1E,2025-ncaa-d1-natl,genius_ncaa,359,356,304,359,316,313,324,327,269,350,358,202,117,84,216,19,285,278,237,276,37,326,324,202,208,257,13,22,180,299,279,352,250,344,321,322,248,185,304,311,348,341,335,341,,,79,199,,50,350,325,240,80,285,314,302,350,354,66,36,252,242,236,305,267,268,347,339,308,276,341,329,,168,,83,351,301,317,83,362,336,151,362,170,46,355,81,190,172,245,171,199,79,32,362,361,362,47,76,104,61,250,114,279,82,321,290,171,342,311,346,294,350,11,118,,,213,60,,120,350,40,276,362,350,355,359,203,361,273,242,95,261,250,250,225,119,130,238,196,337,321,335,15,,103,,78,b'\x11\xe8\xe1I\xc7\xb9\x8d\xe0\xaf\x82\x12\xdf\x17\xaeN\x1e'
11E8E149-C7B9-8DE0-AF82-12DF17AE4E1E,2026-ncaa-d0-natl,genius_ncaa,123,80,206,123,216,224,221,252,151,195,237,118,260,235,281,181,158,236,14,246,203,258,243,170,130,179,227,255,90,218,136,236,108,227,111,219,208,197,273,232,228,184,295,288,,,213,342,,333,165,253,238,97,200,201,262,158,220,250,218,117,214,232,274,229,199,194,189,199,253,201,302,,312,,353,165,88,69,76,165,112,99,218,23,66,19,91,265,249,288,250,310,89,99,127,182,162,135,19,347,59,108,67,136,57,111,30,37,211,129,57,151,218,20,51,,,179,92,,95,165,111,183,137,167,115,81,37,162,106,21,64,310,291,293,87,79,68,73,53,31,150,208,36,,118,,72,b'\x11\xe8\xe1I\xc7\xb9\x8d\xe0\xaf\x82\x12\xdf\x17\xaeN\x1e'
11E8E149-C7B9-8DE0-AF82-12DF17AE4E1E,2026-ncaa-d1-natl,genius_ncaa,110,80,177,113,197,212,213,240,165,178,218,139,249,216,276,173,137,216,11,226,205,243,222,188,142,187,206,239,99,162,98,217,96,198,88,196,156,224,270,231,185,147,252,235,,,235,333,,321,145,233,191,100,185,192,210,155,191,235,189,104,203,215,217,178,138,188,150,169,271,159,254,,294,,342,141,100,67,68,158,121,102,216,20,60,29,103,279,257,277,261,310,89,112,123,180,136,150,30,345,53,96,86,98,65,88,25,32,150,87,38,200,243,21,36,,,160,108,,86,145,128,175,112,142,112,67,36,141,90,25,72,302,287,294,78,100,66,82,59,28,123,251,23,,114,,75,b'\x11\xe8\xe1I\xc7\xb9\x8d\xe0\xaf\x82\x12\xdf\x17\xaeN\x1e'
11E8E149-C7BE-00FA-AF82-12DF17AE4E1E,2010-ncaa-d0-natl,ncaa,125,86,241,112,251,197,176,170,177,168,158,199,161,180,119,175,258,271,166,276,301,194,226,185,200,158,198,141,269,220,241,230,109,234,211,193,224,43,78,121,197,176,165,152,,,195,271,,,183,226,126,92,136,98,64,122,90,128,143,243,244,254,101,146,177,191,195,160,90,172,154,,271,,,184,136,96,78,217,163,123,228,41,41,126,62,297,253,334,255,270,99,101,181,257,236,161,43,317,49,109,178,241,115,211,140,208,197,150,179,26,45,107,106,,,286,292,,,183,123,166,201,181,235,173,122,226,213,66,63,321,289,292,181,192,86,271,217,203,145,51,139,,263,,,b'\x11\xe8\xe1I\xc7\xbe\x00\xfa\xaf\x82\x12\xdf\x17\xaeN\x1e'
11E8E149-C7BE-00FA-AF82-12DF17AE4E1E,2010-ncaa-d1-conf-Big Sky,ncaa,1,1,3,1,4,4,4,4,2,3,5,3,4,5,1,6,7,5,6,5,7,4,6,3,3,3,6,6,6,5,7,5,3,5,5,6,7,1,2,4,4,4,4,5,,,7,7,,,3,5,7,2,4,4,5,2,5,5,6,7,6,6,5,7,8,5,6,7,1,4,6,,7,,,3,3,2,3,3,3,5,4,2,4,1,4,8,7,8,7,8,4,4,2,4,3,5,2,9,3,3,4,7,2,5,3,7,5,5,4,1,2,2,2,,,6,5,,,3,5,4,3,3,3,2,2,3,3,2,3,8,7,7,2,2,4,4,3,5,6,1,2,,7,,,b'\x11\xe8\xe1I\xc7\xbe\x00\xfa\xaf\x82\x12\xdf\x17\xaeN\x1e'
11E8E149-C7BE-00FA-AF82-12DF17AE4E1E,2010-ncaa-d1-natl,ncaa,102,86,134,99,151,129,100,97,153,118,110,172,115,140,93,172,234,232,178,237,300,125,148,139,164,127,197,130,285,180,224,179,111,185,195,136,220,70,65,91,138,143,123,131,,,263,276,,,133,140,125,94,104,76,57,107,91,112,137,247,240,247,95,147,177,191,198,131,73,139,122,,271,,,132,204,138,127,191,199,199,194,47,59,133,50,322,296,332,295,277,160,172,151,238,197,171,43,325,91,111,246,224,188,195,165,204,129,127,138,40,43,140,110,,,243,291,,,133,201,135,171,139,203,132,105,197,194,58,49,322,300,300,157,188,85,255,203,166,124,46,143,,263,,,b'\x11\xe8\xe1I\xc7\xbe\x00\xfa\xaf\x82\x12\xdf\x17\xaeN\x1e'
11E8E149-C7BE-00FA-AF82-12DF17AE4E1E,2011-ncaa-d0-natl,ncaa,229,226,242,240,264,168,153,113,197,150,142,184,149,132,223,132,224,259,90,253,290,141,180,196,195,159,191,139,248,92,62,308,248,239,179,208,255,42,50,121,166,135,178,147,,,237,297,,,216,234,129,166,106,82,31,108,94,120,86,190,234,232,44,84,45,305,185,165,83,126,165,,287,,,216,229,129,59,272,80,50,212,253,156,340,199,318,295,318,294,323,99,89,299,325,326,333,246,305,93,248,113,62,87,179,195,261,223,193,235,128,147,145,133,,,248,286,,,216,95,121,313,222,294,197,116,140,90,296,191,330,314,314,190,181,144,192,169,253,178,170,191,,217,,,b'\x11\xe8\xe1I\xc7\xbe\x00\xfa\xaf\x82\x12\xdf\x17\xaeN\x1e'
11E8E149-C7BE-00FA-AF82-12DF17AE4E1E,2011-ncaa-d1-conf-Big Sky,ncaa,5,6,2,6,2,3,3,1,6,1,2,5,5,5,7,6,4,4,5,4,6,1,1,5,6,5,6,6,5,2,2,5,6,3,5,8,9,5,3,7,3,4,1,1,,,9,7,,,5,1,5,3,3,3,2,3,1,5,5,5,4,4,2,2,1,9,3,8,6,5,2,,7,,,5,8,7,5,6,4,5,3,9,7,9,7,9,9,8,9,8,7,6,7,7,6,9,8,7,5,6,6,2,7,5,7,6,2,4,4,4,2,4,4,,,3,7,,,5,8,5,7,5,7,4,4,3,3,8,5,8,7,7,4,6,5,5,5,6,4,3,4,,3,,,b'\x11\xe8\xe1I\xc7\xbe\x00\xfa\xaf\x82\x12\xdf\x17\xaeN\x1e'
11E8E149-C7BE-00FA-AF82-12DF17AE4E1E,2011-ncaa-d1-natl,ncaa,206,223,132,220,163,120,106,72,182,111,104,170,125,97,209,129,180,225,81,217,292,85,106,190,185,155,192,137,246,61,50,274,221,156,130,148,236,84,66,115,114,109,137,115,,,274,296,,,176,141,117,190,94,77,31,102,95,116,84,183,235,231,45,76,45,292,156,143,100,99,131,,288,,,176,250,167,115,238,106,101,177,274,177,334,193,324,309,314,309,317,167,173,272,310,295,328,232,309,122,221,159,50,139,130,238,270,157,156,211,169,160,141,103,,,222,293,,,176,188,115,282,193,267,167,109,116,95,274,178,322,303,305,174,182,136,156,148,240,151,185,155,,236,,,b'\x11\xe8\xe1I\xc7\xbe\x00\xfa\xaf\x82\x12\xdf\x17\xaeN\x1e'
11E8E149-C7BE-00FA-AF82-12DF17AE4E1E,2012-ncaa-d0-natl,ncaa,171,129,292,162,312,184,153,183,126,151,159,172,158,198,61,180,264,295,68,296,309,203,217,138,139,137,209,145,269,209,166,293,214,273,211,85,40,93,140,67,38,15,113,71,,,123,190,,,140,223,42,262,85,67,42,74,63,113,148,211,257,261,68,66,152,242,203,25,198,14,83,,238,,,140,100,98,43,262,98,65,234,150,74,309,140,152,167,92,156,253,46,95,267,270,190,203,191,205,84,214,89,166,71,211,222,304,93,39,138,207,236,225,218,,,305,314,,,140,108,140,161,147,229,213,135,212,166,212,141,235,259,247,162,262,172,219,208,281,26,267,275,,268,,,b'\x11\xe8\xe1I\xc7\xbe\x00\xfa\xaf\x82\x12\xdf\x17\xaeN\x1e'
11E8E149-C7BE-00FA-AF82-12DF17AE4E1E,2012-ncaa-d1-conf-Big Sky,ncaa,4,3,5,4,6,3,3,3,4,2,1,6,5,5,6,8,5,7,2,7,9,3,3,4,6,3,8,8,7,4,3,6,4,6,5,2,2,4,3,2,2,1,3,2,,,5,5,,,2,3,3,7,3,3,2,2,1,6,7,5,8,8,3,3,3,7,7,2,5,2,3,,6,,,2,4,4,4,5,4,6,6,2,2,6,3,2,2,1,2,4,3,7,6,6,3,3,6,3,3,4,5,3,5,5,6,7,2,1,2,7,5,5,3,,,6,7,,,2,7,4,3,3,4,5,3,5,4,3,2,2,3,3,4,6,3,4,4,5,2,6,3,,9,,,b'\x11\xe8\xe1I\xc7\xbe\x00\xfa\xaf\x82\x12\xdf\x17\xaeN\x1e'
11E8E149-C7BE-00FA-AF82-12DF17AE4E1E,2012-ncaa-d1-natl,ncaa,158,129,196,150,263,130,115,117,121,108,103,160,149,170,76,182,197,244,72,242,289,138,151,130,129,118,216,160,250,182,182,251,189,225,207,58,43,115,123,50,29,17,100,67,,,196,212,,,129,136,40,262,79,65,43,66,63,128,157,180,219,217,64,68,163,228,195,27,172,17,76,,245,,,125,169,149,87,242,144,105,217,182,119,295,145,198,224,70,214,261,111,172,244,247,171,217,197,221,126,189,157,182,153,207,265,300,61,43,137,223,210,246,210,,,259,299,,,129,184,131,155,137,225,206,137,192,165,211,157,233,265,254,167,260,172,225,210,278,28,245,265,,234,,,b'\x11\xe8\xe1I\xc7\xbe\x00\xfa\xaf\x82\x12\xdf\x17\xaeN\x1e'
11E8E149-C7BE-00FA-AF82-12DF17AE4E1E,2013-ncaa-d0-natl,ncaa,113,105,120,113,124,120,133,181,82,157,190,132,89,164,23,150,106,173,19,186,169,179,184,72,49,70,95,111,145,274,239,189,316,232,270,106,103,165,173,112,194,227,138,173,,,171,110,,,124,152,199,30,107,126,213,176,217,90,161,96,196,204,216,233,283,220,272,85,156,206,148,,156,,,123,218,212,248,118,244,251,170,110,195,34,146,250,247,172,245,184,263,240,91,97,142,104,86,228,319,316,108,239,227,270,225,220,192,240,226,260,260,236,245,,,188,182,,,124,197,98,200,121,201,199,271,241,272,106,190,243,243,241,270,242,324,87,214,217,201,239,230,,211,,,b'\x11\xe8\xe1I\xc7\xbe\x00\xfa\xaf\x82\x12\xdf\x17\xaeN\x1e'
11E8E149-C7BE-00FA-AF82-12DF17AE4E1E,2013-ncaa-d1-conf-Big Sky,ncaa,3,3,2,3,2,2,2,6,1,5,7,4,3,3,1,4,2,5,1,5,4,6,6,1,1,1,3,3,6,9,8,9,10,9,9,4,5,7,5,3,6,9,7,8,,,9,4,,,4,3,7,5,3,3,7,7,9,3,3,3,6,6,7,9,10,10,10,4,4,8,8,,6,,,4,7,8,10,4,8,10,7,3,8,2,7,10,10,4,10,6,10,10,4,4,4,5,4,7,10,10,3,8,9,9,7,7,5,7,5,8,7,8,8,,,4,3,,,4,8,2,6,4,5,5,5,7,7,3,8,9,9,10,5,8,9,2,7,5,6,6,8,,6,,,b'\x11\xe8\xe1I\xc7\xbe\x00\xfa\xaf\x82\x12\xdf\x17\xaeN\x1e'
11E8E149-C7BE-00FA-AF82-12DF17AE4E1E,2013-ncaa-d1-natl,ncaa,107,104,90,112,96,111,123,156,91,150,184,142,83,144,28,148,104,169,22,170,162,161,159,81,56,76,95,106,150,257,235,172,311,220,272,96,96,182,171,115,174,219,126,168,,,186,114,,,127,131,199,36,114,133,216,184,222,89,157,106,198,204,213,228,279,222,268,82,156,200,143,,156,,,128,237,229,272,116,256,275,166,117,202,32,143,250,248,187,246,175,276,261,91,96,141,98,86,226,320,311,129,235,251,272,238,227,176,239,229,261,259,251,252,,,169,192,,,127,214,106,188,128,195,191,263,241,272,105,189,235,234,234,258,234,319,91,212,218,200,234,238,,216,,,b'\x11\xe8\xe1I\xc7\xbe\x00\xfa\xaf\x82\x12\xdf\x17\xaeN\x1e'
11E8E149-C7BE-00FA-AF82-12DF17AE4E1E,2014-ncaa-d0-natl,ncaa,165,125,254,153,279,198,209,290,60,231,271,99,120,188,17,125,222,283,18,286,220,296,311,53,44,56,111,94,223,308,251,314,291,326,279,116,53,68,186,63,167,126,111,72,,,117,222,,,180,299,255,183,144,154,257,197,243,96,158,195,263,269,278,292,293,320,332,58,119,146,90,,184,,,180,131,113,59,271,126,52,298,134,146,128,211,210,165,321,162,266,62,65,273,294,285,198,150,258,140,291,33,251,50,279,226,300,215,160,256,59,154,63,125,,,277,143,,,180,58,88,295,179,233,201,104,207,88,170,188,270,227,222,132,128,208,86,122,280,176,110,86,,235,,,b'\x11\xe8\xe1I\xc7\xbe\x00\xfa\xaf\x82\x12\xdf\x17\xaeN\x1e'
11E8E149-C7BE-00FA-AF82-12DF17AE4E1E,2014-ncaa-d1-conf-Big Sky,ncaa,4,4,5,4,6,8,8,9,5,7,7,9,4,4,1,4,4,9,1,9,6,9,9,4,3,2,3,4,3,10,10,8,8,9,10,7,6,3,5,5,7,6,4,4,,,6,8,,,5,9,9,6,7,7,7,9,8,4,4,4,7,7,8,9,10,8,11,9,3,6,4,,6,,,5,3,3,3,7,5,4,7,3,5,5,7,7,6,9,6,7,4,4,7,7,7,5,3,7,10,8,5,10,6,10,6,5,7,4,6,2,3,1,3,,,8,5,,,5,3,5,6,5,6,6,4,6,3,4,7,7,7,6,4,6,9,6,8,6,6,2,1,,7,,,b'\x11\xe8\xe1I\xc7\xbe\x00\xfa\xaf\x82\x12\xdf\x17\xaeN\x1e'
11E8E149-C7BE-00FA-AF82-12DF17AE4E1E,2014-ncaa-d1-natl,ncaa,161,125,211,150,262,178,188,273,62,221,259,103,109,172,14,125,211,277,13,279,224,283,297,51,44,53,105,92,217,294,235,313,285,323,263,95,49,83,184,60,150,106,102,73,,,130,210,,,167,281,248,184,131,143,250,193,242,92,156,185,264,268,269,280,280,316,321,49,121,131,89,,180,,,168,145,124,69,260,142,62,297,131,149,114,208,214,182,322,180,261,73,75,254,288,268,193,142,256,149,285,37,235,67,263,243,306,195,157,252,62,144,61,117,,,275,159,,,167,70,80,279,159,224,194,103,206,88,158,184,260,225,221,126,129,198,78,113,277,173,96,77,,244,,,b'\x11\xe8\xe1I\xc7\xbe\x00\xfa\xaf\x82\x12\xdf\x17\xaeN\x1e'
11E8E149-C7BE-00FA-AF82-12DF17AE4E1E,2015-ncaa-d0-natl,ncaa,97,86,113,98,131,93,77,136,44,54,111,54,191,228,95,240,121,189,20,200,271,149,152,66,50,58,262,234,194,286,295,140,245,211,271,112,207,129,133,100,143,168,47,55,,,137,70,,,105,116,106,123,78,56,152,51,105,187,240,123,221,238,174,209,298,150,265,114,128,149,41,,114,,,107,214,231,250,167,247,250,187,136,190,66,148,204,220,111,218,151,249,261,131,126,129,95,104,176,281,245,204,295,248,271,220,205,113,140,154,221,214,57,31,,,210,245,,,105,245,94,135,99,186,220,252,253,258,127,180,182,201,201,256,286,278,183,227,210,114,210,51,,258,,,b'\x11\xe8\xe1I\xc7\xbe\x00\xfa\xaf\x82\x12\xdf\x17\xaeN\x1e'
11E8E149-C7BE-00FA-AF82-12DF17AE4E1E,2015-ncaa-d1-conf-Big Sky,ncaa,4,4,1,4,1,3,3,4,2,1,1,2,5,6,2,8,2,8,1,8,11,3,2,2,2,3,11,7,10,11,11,4,9,6,10,4,11,9,5,5,4,4,2,2,,,8,2,,,4,2,5,4,4,3,8,1,3,6,8,6,11,11,9,9,11,8,10,8,5,5,3,,4,,,4,10,10,12,7,10,11,9,5,9,2,5,10,9,5,9,5,12,11,4,4,3,2,4,5,11,9,10,11,11,10,10,7,2,3,4,9,6,4,3,,,6,8,,,4,11,4,3,4,4,6,6,9,8,4,6,5,6,7,6,10,10,3,7,9,3,6,3,,11,,,b'\x11\xe8\xe1I\xc7\xbe\x00\xfa\xaf\x82\x12\xdf\x17\xaeN\x1e'
11E8E149-C7BE-00FA-AF82-12DF17AE4E1E,2015-ncaa-d1-natl,ncaa,80,86,55,88,64,60,59,84,46,44,76,62,159,206,66,240,109,165,13,170,278,96,103,67,51,57,247,219,200,272,295,85,244,168,273,92,217,152,122,96,133,187,34,47,,,184,77,,,97,59,124,136,76,57,156,53,106,178,240,126,231,245,181,220,303,153,272,120,110,170,39,,115,,,100,271,268,290,160,273,285,161,185,215,109,150,227,241,123,241,155,295,302,137,131,133,118,131,179,298,244,263,295,293,273,282,221,98,146,163,213,185,93,50,,,166,234,,,97,291,84,140,93,180,203,238,226,250,151,176,184,195,194,242,264,271,177,224,216,125,180,64,,257,,,b'\x11\xe8\xe1I\xc7\xbe\x00\xfa\xaf\x82\x12\xdf\x17\xaeN\x1e'
11E8E149-C7BE-00FA-AF82-12DF17AE4E1E,2016-ncaa-d0-natl,ncaa,100,87,114,97,148,73,65,92,45,74,120,52,93,115,52,144,130,188,23,187,234,98,101,44,45,63,181,149,240,169,180,148,228,155,180,183,326,227,173,203,95,124,66,54,,,187,111,,,132,81,42,212,46,39,77,63,126,88,115,127,216,212,88,79,199,165,169,202,214,93,64,,172,,,132,299,282,251,240,231,162,279,298,312,173,299,276,256,228,261,261,257,272,261,264,246,263,244,195,268,228,168,180,216,180,278,225,84,137,190,231,184,197,158,,,175,261,,,132,267,76,247,132,283,266,255,228,133,290,314,255,253,255,268,302,258,137,189,266,91,215,183,,206,,,b'\x11\xe8\xe1I\xc7\xbe\x00\xfa\xaf\x82\x12\xdf\x17\xaeN\x1e'
11E8E149-C7BE-00FA-AF82-12DF17AE4E1E,2016-ncaa-d1-conf-Big Sky,ncaa,2,3,5,3,7,4,4,4,3,1,2,4,5,5,4,5,7,8,3,8,9,4,6,5,4,5,7,5,8,3,3,7,11,6,6,9,12,6,6,7,5,5,4,3,,,6,6,,,6,6,4,10,4,3,2,2,4,5,5,7,10,9,4,3,3,9,9,12,7,5,3,,6,,,6,8,8,7,6,7,4,7,9,10,5,10,8,8,6,8,8,8,7,6,6,6,8,9,6,11,11,3,3,6,6,8,8,3,5,6,2,2,5,3,,,9,9,,,6,7,4,8,6,8,7,7,7,3,8,10,8,9,9,6,9,10,3,6,8,4,2,5,,8,,,b'\x11\xe8\xe1I\xc7\xbe\x00\xfa\xaf\x82\x12\xdf\x17\xaeN\x1e'
11E8E149-C7BE-00FA-AF82-12DF17AE4E1E,2016-ncaa-d1-natl,ncaa,95,87,99,97,118,70,64,85,45,69,120,53,96,116,61,148,125,176,30,174,220,98,88,54,47,67,181,151,229,179,189,141,237,158,193,198,330,234,174,222,80,103,58,52,,,203,122,,,140,69,50,223,51,42,88,71,136,96,122,125,209,207,98,90,209,176,191,214,210,85,64,,178,,,140,299,273,257,228,232,162,274,295,315,159,299,283,270,258,272,277,263,282,253,260,231,271,235,216,275,237,194,189,236,193,282,226,80,127,187,235,186,205,164,,,179,255,,,140,284,81,236,143,279,250,238,210,123,279,309,266,252,256,246,292,258,142,184,261,78,212,192,,207,,,b'\x11\xe8\xe1I\xc7\xbe\x00\xfa\xaf\x82\x12\xdf\x17\xaeN\x1e'
11E8E149-C7BE-00FA-AF82-12DF17AE4E1E,2017-ncaa-d0-natl,ncaa,120,126,74,129,88,97,89,119,83,111,148,91,102,115,93,132,161,154,199,167,190,122,109,79,86,108,168,129,249,163,169,153,260,165,203,137,225,245,207,185,31,34,137,128,,,242,173,,,148,101,164,132,124,112,182,143,217,113,137,207,211,222,206,194,203,247,248,173,208,31,154,,194,,,148,253,239,235,201,191,176,224,269,279,197,273,217,226,117,226,221,244,275,217,212,169,253,262,167,271,260,186,169,230,203,316,318,63,82,193,253,222,176,161,,,170,242,,,148,266,121,177,139,203,187,159,148,89,248,262,170,187,188,169,222,230,113,156,295,74,216,151,,244,,,b'\x11\xe8\xe1I\xc7\xbe\x00\xfa\xaf\x82\x12\xdf\x17\xaeN\x1e'
11E8E149-C7BE-00FA-AF82-12DF17AE4E1E,2017-ncaa-d1-conf-Big Sky,ncaa,4,4,2,4,3,5,5,6,3,3,3,4,8,7,7,8,6,3,10,4,7,4,7,5,6,6,9,8,6,7,8,6,7,7,7,10,11,8,7,8,2,2,3,3,,,8,5,,,5,6,10,9,10,9,9,4,7,8,7,7,5,5,8,9,8,8,10,10,6,3,3,,5,,,5,5,5,5,6,6,4,5,9,8,6,8,9,9,5,9,9,6,8,5,7,4,10,9,8,8,7,8,8,9,7,9,9,2,3,4,3,3,9,7,,,5,5,,,5,7,6,3,5,2,3,3,3,3,6,8,5,5,5,2,3,6,4,4,8,4,3,8,,6,,,b'\x11\xe8\xe1I\xc7\xbe\x00\xfa\xaf\x82\x12\xdf\x17\xaeN\x1e'
11E8E149-C7BE-00FA-AF82-12DF17AE4E1E,2017-ncaa-d1-natl,ncaa,121,126,56,126,70,90,84,96,81,101,147,85,101,109,90,134,171,174,185,183,218,106,98,78,86,102,179,133,260,157,165,152,255,157,204,126,221,263,212,179,26,26,127,127,,,246,167,,,129,77,167,137,123,107,176,143,210,113,138,215,227,234,205,192,203,246,243,163,211,30,149,,180,,,134,256,235,248,182,183,168,210,282,289,190,281,210,224,118,224,218,252,284,205,197,147,258,265,162,275,255,193,165,235,204,319,322,48,72,180,260,219,180,158,,,179,261,,,129,277,114,148,120,182,167,147,125,81,250,267,158,177,182,151,217,220,107,148,294,64,217,153,,257,,,b'\x11\xe8\xe1I\xc7\xbe\x00\xfa\xaf\x82\x12\xdf\x17\xaeN\x1e'
11E8E149-C7BE-00FA-AF82-12DF17AE4E1E,2018-ncaa-d0-natl,ncaa,149,129,164,149,208,150,141,173,112,151,217,75,123,107,180,96,216,236,139,226,192,184,185,110,119,121,166,129,247,169,141,292,268,256,214,178,240,159,185,184,46,31,108,76,,,282,302,,,199,191,140,205,123,122,135,135,209,105,92,216,228,217,151,144,150,308,269,164,194,33,100,,288,,,200,215,165,103,277,134,90,259,224,171,292,211,299,262,319,264,302,126,157,293,313,259,287,213,281,167,268,104,141,111,214,246,293,128,105,190,255,257,279,294,,,274,297,,,199,157,122,259,203,241,189,96,157,74,243,190,303,274,275,130,187,190,130,140,264,97,266,282,,279,,,b'\x11\xe8\xe1I\xc7\xbe\x00\xfa\xaf\x82\x12\xdf\x17\xaeN\x1e'
11E8E149-C7BE-00FA-AF82-12DF17AE4E1E,2018-ncaa-d1-conf-Big Sky,ncaa,5,3,7,3,10,7,7,10,5,4,6,5,6,6,6,6,9,9,7,8,8,10,10,7,7,7,8,6,8,5,3,11,11,10,8,8,10,4,6,9,2,1,9,6,,,9,10,,,5,10,4,9,3,3,4,3,5,6,6,8,6,5,4,4,5,10,8,8,7,1,9,,9,,,5,2,1,2,5,1,3,7,7,4,7,8,10,10,7,10,11,2,4,7,10,5,11,8,11,8,11,2,3,4,8,6,10,3,3,4,5,5,10,10,,,10,10,,,5,3,5,5,5,6,4,5,4,4,7,5,10,10,10,5,9,9,7,7,8,2,6,10,,10,,,b'\x11\xe8\xe1I\xc7\xbe\x00\xfa\xaf\x82\x12\xdf\x17\xaeN\x1e'
11E8E149-C7BE-00FA-AF82-12DF17AE4E1E,2018-ncaa-d1-natl,ncaa,150,129,144,149,178,134,130,158,109,141,218,73,114,105,191,98,225,241,130,232,204,170,170,108,119,119,177,134,251,157,134,297,263,252,205,168,247,166,173,175,42,27,107,77,,,285,306,,,191,172,151,203,116,112,130,131,203,110,91,219,232,227,147,139,143,313,269,165,182,27,98,,288,,,191,235,159,89,277,140,75,265,212,160,281,196,306,270,323,270,310,115,163,289,320,257,277,194,288,151,263,104,134,116,205,242,281,112,98,173,238,235,277,295,,,277,305,,,191,168,115,249,195,238,175,82,159,73,220,169,310,278,282,110,173,162,121,134,240,95,244,288,,291,,,b'\x11\xe8\xe1I\xc7\xbe\x00\xfa\xaf\x82\x12\xdf\x17\xaeN\x1e'
11E8E149-C7BE-00FA-AF82-12DF17AE4E1E,2019-ncaa-d0-natl,ncaa,220,269,80,241,83,151,172,141,221,287,278,268,33,42,50,31,218,245,94,243,163,164,128,130,136,187,15,11,259,207,253,191,233,194,258,174,163,293,260,233,221,250,101,111,,,191,150,,,272,109,236,60,196,242,231,329,325,31,51,264,297,295,270,226,251,273,283,212,243,250,119,,144,,,267,316,317,268,304,303,216,315,276,277,205,248,232,200,310,205,172,262,241,307,308,324,152,194,131,242,233,255,253,260,258,306,213,224,261,296,315,293,325,343,,,236,281,,,272,237,206,320,271,277,283,199,273,153,254,248,204,159,162,194,144,178,190,196,275,265,278,316,,295,,,b'\x11\xe8\xe1I\xc7\xbe\x00\xfa\xaf\x82\x12\xdf\x17\xaeN\x1e'
11E8E149-C7BE-00FA-AF82-12DF17AE4E1E,2019-ncaa-d1-conf-Big Sky,ncaa,5,6,1,6,1,3,5,4,7,10,9,10,2,2,3,2,3,2,4,2,2,3,1,5,4,6,1,2,5,7,9,5,9,5,8,6,5,11,11,9,4,7,3,5,,,11,8,,,6,1,8,4,7,10,10,11,11,2,4,5,5,5,10,8,10,10,10,8,11,7,5,,8,,,6,11,10,11,8,10,10,10,6,9,2,5,10,11,6,11,9,11,11,7,6,6,4,4,7,9,9,8,9,9,8,10,7,2,5,3,11,10,10,11,,,1,6,,,6,11,8,7,6,5,5,3,7,5,5,5,6,7,7,5,6,8,3,7,5,6,11,9,,6,,,b'\x11\xe8\xe1I\xc7\xbe\x00\xfa\xaf\x82\x12\xdf\x17\xaeN\x1e'
11E8E149-C7BE-00FA-AF82-12DF17AE4E1E,2019-ncaa-d1-natl,ncaa,222,266,62,243,68,152,181,140,236,298,287,268,31,38,61,31,228,263,88,258,170,164,127,139,144,193,16,12,263,217,260,205,244,211,270,174,164,290,266,243,211,232,108,115,,,199,150,,,276,105,234,60,211,249,233,334,327,34,47,270,301,300,270,234,255,283,297,218,243,234,128,,144,,,269,323,318,264,307,304,201,324,274,276,203,256,237,204,310,205,179,262,236,312,313,322,153,193,135,236,244,269,260,267,270,303,210,208,233,284,312,301,323,343,,,248,283,,,276,236,217,321,278,278,282,181,272,135,250,243,201,160,161,172,141,171,195,200,273,249,285,309,,301,,,b'\x11\xe8\xe1I\xc7\xbe\x00\xfa\xaf\x82\x12\xdf\x17\xaeN\x1e'
11E8E149-C7BE-00FA-AF82-12DF17AE4E1E,2020-ncaa-d0-natl,ncaa,333,337,191,338,209,291,261,217,294,332,303,326,44,52,70,32,348,347,309,347,340,273,280,220,270,257,35,4,349,295,315,278,308,302,331,122,24,119,189,117,243,235,165,150,,,67,79,,,337,270,290,63,294,265,200,340,305,37,46,348,345,345,288,303,283,282,316,110,144,241,161,,81,,,337,318,295,226,311,165,132,230,350,312,351,308,161,113,332,112,154,209,110,342,341,350,339,347,67,278,308,290,315,300,331,347,350,334,335,351,227,273,74,170,,,345,345,,,337,72,281,351,340,329,316,277,184,149,351,325,180,135,135,262,135,285,312,316,350,336,241,83,,347,,,b'\x11\xe8\xe1I\xc7\xbe\x00\xfa\xaf\x82\x12\xdf\x17\xaeN\x1e'
11E8E149-C7BE-00FA-AF82-12DF17AE4E1E,2020-ncaa-d1-conf-Big Sky,ncaa,10,10,8,10,8,10,10,10,8,11,11,11,2,4,2,1,11,11,10,11,10,11,11,5,7,8,2,1,11,9,10,9,10,11,10,6,1,6,9,7,9,8,5,4,,,3,6,,,10,11,10,4,10,10,10,11,11,2,4,11,11,11,11,11,8,9,11,5,9,8,5,,4,,,10,9,6,3,8,4,2,8,11,10,11,11,3,3,8,4,8,4,3,9,9,10,11,11,4,10,10,7,10,9,10,11,11,11,8,11,7,9,3,5,,,11,11,,,10,1,9,11,10,9,8,7,6,4,11,10,5,5,5,7,5,10,8,10,11,11,8,3,,11,,,b'\x11\xe8\xe1I\xc7\xbe\x00\xfa\xaf\x82\x12\xdf\x17\xaeN\x1e'
11E8E149-C7BE-00FA-AF82-12DF17AE4E1E,2020-ncaa-d1-natl,ncaa,332,337,128,337,161,281,256,204,293,331,300,326,37,43,61,31,348,346,306,346,341,278,288,208,267,260,34,4,349,286,318,268,304,296,334,110,27,143,194,121,236,230,156,152,,,66,66,,,338,261,286,70,293,269,195,340,306,34,44,348,345,346,286,299,281,277,314,106,148,239,161,,75,,,338,322,308,258,314,176,134,237,350,328,351,317,161,110,337,111,151,233,124,343,341,350,339,346,64,284,304,301,318,305,334,349,350,335,335,351,248,277,93,183,,,345,350,,,338,81,282,351,339,330,317,281,179,137,351,331,173,123,124,263,133,284,311,311,351,336,246,97,,348,,,b'\x11\xe8\xe1I\xc7\xbe\x00\xfa\xaf\x82\x12\xdf\x17\xaeN\x1e'
11E8E149-C7BE-00FA-AF82-12DF17AE4E1E,2021-ncaa-d0-natl,ncaa,265,310,157,294,182,188,196,201,188,242,244,182,98,110,100,59,157,200,16,194,98,204,177,137,113,190,44,57,118,242,267,226,307,236,301,178,136,279,307,261,113,120,170,184,,,171,132,,,312,172,126,224,211,256,286,297,308,85,91,154,231,219,279,227,286,284,314,204,294,107,188,,176,,,298,247,238,202,254,196,165,273,286,272,260,296,228,166,342,167,181,199,192,286,304,304,276,273,160,249,307,149,267,187,301,238,179,177,201,241,295,313,69,101,,,221,265,,,312,184,220,310,293,297,279,246,209,131,309,307,245,166,169,244,253,273,138,197,252,177,305,40,,280,,,b'\x11\xe8\xe1I\xc7\xbe\x00\xfa\xaf\x82\x12\xdf\x17\xaeN\x1e'
11E8E149-C7BE-00FA-AF82-12DF17AE4E1E,2021-ncaa-d1-conf-Big Sky,ncaa,9,9,8,9,10,10,10,10,7,10,10,6,8,7,6,5,8,9,1,9,6,10,10,6,6,9,5,5,5,10,10,10,11,10,9,8,2,8,10,10,7,5,8,6,,,4,2,,,9,9,5,10,11,10,10,9,10,7,5,8,9,9,11,9,11,10,11,7,10,4,7,,4,,,10,5,5,4,7,5,3,9,8,9,6,11,3,3,9,3,4,3,4,7,7,8,6,9,3,10,11,2,10,5,9,7,8,7,6,7,7,10,2,5,,,10,8,,,9,4,9,9,9,9,8,7,7,3,9,10,5,4,4,7,9,11,5,9,8,6,9,3,,9,,,b'\x11\xe8\xe1I\xc7\xbe\x00\xfa\xaf\x82\x12\xdf\x17\xaeN\x1e'
11E8E149-C7BE-00FA-AF82-12DF17AE4E1E,2021-ncaa-d1-natl,ncaa,258,310,152,291,173,176,194,201,199,238,245,190,88,93,107,52,160,208,16,202,118,202,175,140,120,198,44,49,142,225,257,220,308,230,299,181,153,298,308,277,99,108,161,178,,,188,132,,,309,159,136,225,223,266,287,301,312,84,86,177,246,241,285,230,281,286,312,218,300,100,185,,177,,,299,260,246,216,249,201,166,262,299,287,265,300,224,160,341,161,162,205,199,284,296,294,281,281,148,266,308,160,257,200,299,251,188,146,175,224,306,321,91,118,,,228,290,,,309,188,229,307,288,293,269,238,192,120,312,307,221,136,139,228,249,272,125,194,246,154,313,47,,302,,,b'\x11\xe8\xe1I\xc7\xbe\x00\xfa\xaf\x82\x12\xdf\x17\xaeN\x1e'
11E8E149-C7BE-00FA-AF82-12DF17AE4E1E,2022-ncaa-d0-natl,ncaa,295,303,216,300,258,271,280,164,347,299,232,342,169,102,298,88,248,245,206,246,214,187,231,340,334,306,73,95,166,246,320,197,160,224,317,259,183,50,78,174,111,86,289,291,,,159,196,,,285,209,93,346,291,306,90,319,201,142,69,234,229,231,118,167,239,149,193,258,81,89,293,,210,,,282,157,92,124,124,65,112,92,244,196,289,231,284,239,341,243,277,139,144,157,202,199,328,269,303,124,160,335,320,300,317,148,213,174,146,157,201,241,125,164,,,296,319,,,285,155,314,179,281,212,140,168,91,125,280,240,306,272,275,200,222,172,351,337,175,135,236,137,,303,,,b'\x11\xe8\xe1I\xc7\xbe\x00\xfa\xaf\x82\x12\xdf\x17\xaeN\x1e'
11E8E149-C7BE-00FA-AF82-12DF17AE4E1E,2022-ncaa-d1-conf-Big Sky,ncaa,8,8,5,8,9,9,9,4,10,9,5,10,6,4,9,5,7,7,10,7,8,5,5,10,10,9,4,5,6,3,8,7,6,5,8,9,5,6,5,6,2,2,8,9,,,7,7,,,9,6,2,10,9,9,4,8,6,6,4,7,6,6,5,3,3,5,4,9,6,2,8,,7,,,9,3,3,3,2,1,3,1,8,5,8,8,8,5,8,6,8,3,4,5,4,1,9,9,9,2,6,9,8,8,8,5,8,3,3,2,8,7,3,5,,,7,8,,,9,5,9,1,9,4,2,3,1,3,9,6,8,7,8,3,7,5,9,9,6,2,8,5,,7,,,b'\x11\xe8\xe1I\xc7\xbe\x00\xfa\xaf\x82\x12\xdf\x17\xaeN\x1e'
11E8E149-C7BE-00FA-AF82-12DF17AE4E1E,2022-ncaa-d1-natl,ncaa,283,303,146,297,210,216,226,118,339,288,187,342,91,66,213,72,233,235,188,234,218,133,160,314,319,269,48,59,203,205,299,139,130,168,290,222,163,69,73,149,94,85,283,295,,,191,179,,,254,148,93,345,241,269,68,316,199,88,59,238,240,241,99,151,215,127,155,231,72,92,293,,195,,,254,190,136,170,105,90,137,85,254,226,276,227,302,262,342,264,270,187,191,143,181,187,322,258,303,146,130,343,299,326,290,176,216,153,174,171,210,209,167,184,,,291,329,,,254,206,273,170,253,195,129,171,84,133,262,232,301,268,269,198,218,153,349,326,171,159,219,164,,315,,,b'\x11\xe8\xe1I\xc7\xbe\x00\xfa\xaf\x82\x12\xdf\x17\xaeN\x1e'
11E8E149-C7BE-00FA-AF82-12DF17AE4E1E,2023-ncaa-d0-natl,ncaa,135,74,290,107,303,189,183,204,164,193,209,195,158,188,108,155,236,274,78,260,257,216,292,158,163,100,167,138,241,289,299,224,110,263,249,156,138,5,13,32,171,102,249,248,,,53,90,,,120,287,140,192,109,95,61,126,123,113,126,182,215,202,85,192,256,119,190,101,13,104,218,,107,,,115,62,69,82,156,96,134,117,96,74,210,111,120,79,331,78,108,73,68,139,158,167,147,152,197,52,110,208,299,130,249,37,57,245,182,108,10,32,57,69,,,312,288,,,120,81,117,138,113,183,196,204,197,271,139,126,199,143,144,198,190,115,321,275,81,181,31,94,,277,,,b'\x11\xe8\xe1I\xc7\xbe\x00\xfa\xaf\x82\x12\xdf\x17\xaeN\x1e'
11E8E149-C7BE-00FA-AF82-12DF17AE4E1E,2023-ncaa-d1-conf-Big Sky,ncaa,4,4,4,4,4,3,3,2,3,3,3,6,6,6,3,7,6,6,5,4,7,2,2,4,4,4,7,6,6,5,6,6,5,6,7,2,2,3,3,2,1,1,5,6,,,5,5,,,3,2,3,4,4,4,2,3,2,6,6,6,6,6,3,3,5,6,6,2,3,2,6,,5,,,3,7,5,5,5,7,8,6,1,1,4,1,7,6,10,5,4,5,9,4,6,3,4,1,5,4,5,7,6,7,7,3,3,2,1,1,3,3,5,3,,,6,8,,,3,9,5,2,3,5,6,6,8,8,1,1,6,5,5,6,6,5,7,6,2,1,3,5,,9,,,b'\x11\xe8\xe1I\xc7\xbe\x00\xfa\xaf\x82\x12\xdf\x17\xaeN\x1e'
11E8E149-C7BE-00FA-AF82-12DF17AE4E1E,2023-ncaa-d1-natl,ncaa,114,74,219,98,266,147,143,148,148,174,174,189,121,157,76,144,211,244,62,227,256,160,251,143,148,83,150,124,244,271,292,192,100,238,244,122,114,6,11,26,99,63,241,252,,,66,86,,,102,236,139,201,92,80,55,127,130,95,121,181,220,203,79,193,251,138,203,85,12,72,222,,105,,,92,88,94,120,162,131,171,127,97,89,196,109,137,94,328,94,103,104,104,143,161,140,126,153,192,64,100,249,292,179,244,41,51,181,135,67,15,37,58,65,,,297,290,,,102,137,94,111,90,158,168,183,183,251,122,118,181,128,126,166,185,94,307,250,64,141,35,81,,283,,,b'\x11\xe8\xe1I\xc7\xbe\x00\xfa\xaf\x82\x12\xdf\x17\xaeN\x1e'
11E8E149-C7BE-00FA-AF82-12DF17AE4E1E,2024-ncaa-d0-natl,ncaa,20,13,52,21,69,92,76,48,153,92,84,173,63,63,96,117,237,267,68,264,337,70,113,139,158,86,172,89,328,84,164,97,86,83,141,113,222,13,9,32,73,68,211,248,,,65,39,,,40,122,260,230,121,86,48,127,126,78,91,292,311,310,94,233,128,142,129,136,6,95,248,,30,,,42,99,97,202,33,131,251,35,70,119,56,94,196,140,343,145,99,189,230,28,39,24,128,96,251,148,86,313,164,268,141,62,73,76,76,27,145,105,194,124,,,276,347,,,40,245,68,21,35,24,26,66,57,155,38,55,139,96,102,50,79,81,242,176,23,108,93,140,,341,,,b'\x11\xe8\xe1I\xc7\xbe\x00\xfa\xaf\x82\x12\xdf\x17\xaeN\x1e'
11E8E149-C7BE-00FA-AF82-12DF17AE4E1E,2024-ncaa-d1-conf-Big Sky,ncaa,1,1,1,1,1,3,2,2,5,2,2,4,3,3,7,6,5,5,5,5,8,2,2,5,5,4,7,7,6,1,3,3,5,2,5,4,7,1,1,3,2,2,6,8,,,2,1,,,1,2,4,2,3,3,2,3,3,5,5,6,5,5,2,2,2,3,3,6,1,2,7,,1,,,1,2,2,8,1,6,9,1,1,2,1,1,5,5,10,5,3,6,9,1,1,1,1,1,8,8,5,9,3,8,5,2,4,2,2,1,7,2,8,6,,,5,8,,,1,9,3,1,1,1,1,3,3,6,1,1,4,3,3,4,8,6,8,7,2,2,4,7,,7,,,b'\x11\xe8\xe1I\xc7\xbe\x00\xfa\xaf\x82\x12\xdf\x17\xaeN\x1e'
11E8E149-C7BE-00FA-AF82-12DF17AE4E1E,2024-ncaa-d1-natl,ncaa,12,13,16,16,28,67,51,21,159,68,45,178,50,49,110,120,236,270,66,268,348,36,67,145,164,90,186,96,340,67,161,65,72,49,138,93,219,15,8,27,52,58,205,247,,,79,32,,,32,77,254,247,120,86,44,123,120,87,91,309,328,325,92,228,127,130,120,133,6,81,248,,23,,,36,120,122,250,29,171,290,24,84,132,47,96,191,152,340,152,87,239,280,25,31,21,121,94,238,168,72,343,161,311,138,65,63,51,77,25,168,101,200,108,,,271,350,,,32,290,78,19,29,18,23,71,58,162,36,58,118,86,85,47,76,75,247,175,21,107,90,130,,348,,,b'\x11\xe8\xe1I\xc7\xbe\x00\xfa\xaf\x82\x12\xdf\x17\xaeN\x1e'
11E8E149-C7BE-00FA-AF82-12DF17AE4E1E,2024-ncaa-d1-ncaatournament,ncaa,37,3,37,37,38,62,53,39,64,51,44,65,45,39,54,13,65,66,59,66,68,44,58,63,64,60,46,19,65,52,47,66,54,62,65,65,67,1,1,40,23,1,42,25,,,6,24,,,55,57,49,5,60,48,3,46,18,32,7,65,66,66,16,46,31,66,61,65,1,1,33,,14,,,56,14,16,6,65,18,12,66,12,12,51,41,10,10,29,10,40,3,7,65,64,53,25,38,21,13,54,30,47,24,65,18,52,36,5,27,10,31,29,56,,,60,62,,,55,11,58,49,58,47,50,9,47,16,35,26,22,24,27,4,12,21,66,60,52,6,20,56,,59,,,b'\x11\xe8\xe1I\xc7\xbe\x00\xfa\xaf\x82\x12\xdf\x17\xaeN\x1e'
11E8E149-C7BE-00FA-AF82-12DF17AE4E1E,2025-ncaa-d0-natl,genius_ncaa,282,279,248,287,267,234,220,147,306,199,105,319,265,237,280,242,225,243,150,243,301,159,191,316,312,268,241,238,172,164,228,149,11,159,161,282,308,71,74,213,202,177,232,219,,,78,127,,11,237,201,71,97,202,187,43,158,56,242,193,195,206,203,57,74,124,67,66,269,113,166,206,,130,,17,239,161,140,129,195,121,139,152,206,146,290,184,211,176,316,173,218,128,105,217,237,266,253,227,237,9,11,297,228,186,161,167,207,266,243,243,189,202,352,335,,,243,267,,279,237,160,263,195,238,245,218,215,186,207,253,201,265,231,228,228,186,19,350,271,232,232,239,357,,201,,267,b'\x11\xe8\xe1I\xc7\xbe\x00\xfa\xaf\x82\x12\xdf\x17\xaeN\x1e'
11E8E149-C7BE-00FA-AF82-12DF17AE4E1E,2025-ncaa-d1-conf-Big Sky,genius_ncaa,8,7,7,8,9,5,5,4,10,3,2,9,9,7,9,9,4,5,5,5,5,4,5,10,9,8,8,8,4,6,8,5,2,5,4,8,8,4,4,5,4,4,8,8,,,4,5,,7,4,5,2,4,4,5,2,2,2,8,6,4,4,4,2,2,6,3,3,8,4,4,8,,6,,7,4,5,5,4,7,5,7,4,2,3,4,2,7,8,6,8,7,4,5,6,6,6,4,2,8,1,2,9,8,5,4,6,7,5,4,6,4,3,10,10,,,6,5,,4,4,5,7,3,4,7,6,6,7,9,4,3,8,8,8,6,8,3,10,8,8,3,4,10,,5,,3,b'\x11\xe8\xe1I\xc7\xbe\x00\xfa\xaf\x82\x12\xdf\x17\xaeN\x1e'
11E8E149-C7BE-00FA-AF82-12DF17AE4E1E,2025-ncaa-d1-natl,genius_ncaa,262,279,172,272,201,184,175,94,292,159,81,309,227,201,261,238,214,219,150,218,310,107,131,306,306,247,237,231,193,137,220,94,9,103,134,223,269,80,65,173,155,137,207,206,,,111,118,,13,203,146,76,111,178,157,34,141,52,221,186,200,213,211,49,75,115,53,46,227,97,144,201,,122,,15,202,187,163,178,159,132,180,129,230,193,269,191,236,202,325,204,208,187,168,177,199,223,265,238,246,12,9,328,220,218,134,181,199,234,226,215,213,191,351,318,,,224,290,,283,203,218,234,157,206,220,186,204,150,198,246,203,254,217,216,211,179,15,346,250,196,216,229,356,,220,,289,b'\x11\xe8\xe1I\xc7\xbe\x00\xfa\xaf\x82\x12\xdf\x17\xaeN\x1e'
11E8E149-C7BE-00FA-AF82-12DF17AE4E1E,2026-ncaa-d0-natl,genius_ncaa,123,152,116,159,140,151,154,105,264,149,114,274,139,114,224,184,148,116,320,116,162,102,126,266,282,218,163,154,179,134,246,92,48,107,162,229,336,151,84,221,170,206,204,271,,,174,94,,59,214,123,60,91,179,175,56,178,103,157,129,164,106,104,57,79,154,47,72,288,115,192,240,,125,,48,208,248,252,247,174,281,277,173,157,197,110,122,252,232,305,213,134,250,217,153,174,217,111,95,217,117,48,319,246,273,162,215,121,215,284,235,151,103,282,226,,,114,157,,205,214,238,224,180,215,231,241,271,267,302,112,148,236,204,191,273,236,79,345,283,176,262,127,279,,115,,234,b'\x11\xe8\xe1I\xc7\xbe\x00\xfa\xaf\x82\x12\xdf\x17\xaeN\x1e'
11E8E149-C7BE-00FA-AF82-12DF17AE4E1E,2026-ncaa-d1-natl,genius_ncaa,110,152,85,156,115,131,127,67,244,139,76,273,110,104,159,178,151,129,294,124,206,67,88,238,256,215,152,133,218,117,254,49,35,63,160,223,340,154,75,209,161,200,174,241,,,150,73,,40,185,84,74,94,168,162,56,176,95,134,126,201,148,151,60,88,157,50,62,279,97,193,199,,97,,35,185,266,267,282,171,289,282,184,182,241,101,158,251,213,318,202,118,277,250,155,169,223,106,104,194,102,35,337,254,292,160,228,116,201,270,239,169,103,292,214,,,110,206,,227,185,270,211,176,197,229,238,267,267,281,127,186,222,168,157,269,215,59,342,269,169,257,128,272,,158,,256,b'\x11\xe8\xe1I\xc7\xbe\x00\xfa\xaf\x82\x12\xdf\x17\xaeN\x1e'
11E8E149-C7C2-16EA-AF82-12DF17AE4E1E,2010-ncaa-d0-natl,ncaa,262,251,241,266,261,225,237,214,247,189,164,234,278,254,298,248,136,101,233,101,94,189,136,276,261,285,231,270,56,259,302,108,114,173,236,310,332,321,309,333,124,135,49,46,,,235,216,,,262,103,11,188,189,204,122,143,97,261,231,83,52,50,97,21,233,23,78,315,333,84,32,,303,,,265,201,178,198,124,177,187,160,164,229,88,212,253,257,149,261,244,218,221,121,139,140,198,162,247,184,114,276,302,248,236,112,88,141,164,102,333,325,202,210,,,163,213,,,262,224,306,127,266,292,262,318,249,275,214,278,292,292,296,328,329,251,328,316,171,87,339,245,,81,,,b'\x11\xe8\xe1I\xc7\xc2\x16\xea\xaf\x82\x12\xdf\x17\xaeN\x1e'
11E8E149-C7C2-16EA-AF82-12DF17AE4E1E,2010-ncaa-d1-conf-SoCon,ncaa,7,7,4,7,4,6,6,3,10,2,2,8,11,9,11,9,3,2,8,2,7,2,2,10,10,10,9,10,2,5,9,3,7,3,9,10,10,11,10,11,6,7,2,2,,,10,8,,,10,1,1,4,6,7,3,2,2,10,9,3,2,2,1,1,5,3,3,10,10,6,2,,10,,,10,11,10,11,4,10,11,5,3,7,3,3,11,11,4,11,8,11,11,3,4,4,4,2,9,11,7,11,9,11,9,7,3,2,6,2,11,10,9,5,,,4,8,,,10,11,11,5,10,11,10,11,11,11,4,8,11,11,11,11,11,11,11,11,6,2,10,9,,3,,,b'\x11\xe8\xe1I\xc7\xc2\x16\xea\xaf\x82\x12\xdf\x17\xaeN\x1e'
11E8E149-C7C2-16EA-AF82-12DF17AE4E1E,2010-ncaa-d1-natl,ncaa,228,251,134,245,167,157,161,132,207,136,109,207,214,210,239,239,107,72,234,69,99,117,55,235,230,267,210,241,86,203,280,49,92,87,205,285,328,335,301,330,68,98,41,48,,,290,201,,,195,35,10,214,147,157,109,125,87,226,217,87,61,60,82,21,209,17,59,304,334,53,36,,291,,,195,234,206,269,85,201,247,116,176,252,58,209,271,276,142,274,231,278,297,85,88,71,196,156,253,228,92,314,280,305,205,129,78,58,119,51,336,318,207,177,,,129,258,,,195,298,284,65,211,240,206,304,200,262,186,265,271,271,272,315,329,241,317,306,126,48,334,214,,113,,,b'\x11\xe8\xe1I\xc7\xc2\x16\xea\xaf\x82\x12\xdf\x17\xaeN\x1e'
11E8E149-C7C2-16EA-AF82-12DF17AE4E1E,2011-ncaa-d0-natl,ncaa,123,111,119,123,135,101,75,95,75,52,63,81,243,254,198,279,146,112,286,116,231,99,74,117,140,166,311,289,224,135,172,61,156,77,126,212,326,284,221,261,133,179,12,13,,,194,92,,,131,66,36,126,87,52,83,28,46,254,264,157,106,114,72,44,148,30,51,222,272,129,7,,181,,,129,230,223,280,100,224,279,98,191,209,151,157,179,205,65,212,155,283,280,96,85,93,153,178,156,274,156,224,172,264,126,91,27,92,154,64,314,268,217,126,,,137,233,,,131,278,176,99,135,199,211,289,211,286,181,203,170,204,219,291,305,273,212,248,85,97,298,210,,140,,,b'\x11\xe8\xe1I\xc7\xc2\x16\xea\xaf\x82\x12\xdf\x17\xaeN\x1e'
11E8E149-C7C2-16EA-AF82-12DF17AE4E1E,2011-ncaa-d1-conf-SoCon,ncaa,4,4,3,4,4,4,2,4,3,2,2,4,11,10,9,10,5,3,10,3,8,2,3,4,5,6,10,10,6,4,4,3,6,2,3,7,10,10,9,7,7,8,1,1,,,8,6,,,4,3,3,6,3,2,4,2,2,11,10,5,3,3,3,3,5,3,2,7,10,8,1,,7,,,4,10,9,10,4,8,9,2,7,7,6,4,7,6,8,6,6,10,9,5,5,5,5,6,6,7,6,3,4,6,3,4,2,3,5,3,10,9,5,3,,,2,6,,,4,9,5,4,4,10,7,9,8,9,6,6,7,6,7,9,9,7,4,7,4,3,10,5,,2,,,b'\x11\xe8\xe1I\xc7\xc2\x16\xea\xaf\x82\x12\xdf\x17\xaeN\x1e'
11E8E149-C7C2-16EA-AF82-12DF17AE4E1E,2011-ncaa-d1-natl,ncaa,90,110,51,112,63,67,45,57,86,31,33,85,230,220,225,279,101,70,264,76,214,52,41,128,145,164,307,292,196,83,149,26,134,34,103,178,326,312,214,258,78,151,11,13,,,234,88,,,107,31,32,129,78,51,66,26,39,253,257,124,89,94,55,36,126,28,35,227,268,102,10,,174,,,109,268,270,305,100,259,304,98,225,255,142,173,199,234,55,250,153,308,312,96,80,79,160,185,151,295,134,288,149,308,103,134,33,44,117,51,330,258,245,123,,,77,225,,,107,312,171,81,115,181,199,268,195,272,184,216,156,199,209,273,305,250,216,241,91,71,298,212,,128,,,b'\x11\xe8\xe1I\xc7\xc2\x16\xea\xaf\x82\x12\xdf\x17\xaeN\x1e'
11E8E149-C7C2-16EA-AF82-12DF17AE4E1E,2012-ncaa-d0-natl,ncaa,171,129,292,162,312,253,228,266,157,265,289,182,103,141,57,85,316,312,256,310,244,285,297,122,153,177,90,48,318,311,300,218,260,277,283,246,215,106,225,213,312,312,95,76,,,115,186,,,211,277,118,262,181,153,165,221,240,69,92,303,290,286,206,201,279,102,208,194,211,297,55,,228,,,213,96,107,127,135,121,168,91,121,85,234,105,121,127,124,121,127,119,81,121,119,188,154,154,172,227,260,122,300,176,283,72,105,280,268,198,187,262,55,138,,,309,274,,,211,61,219,222,221,227,216,285,235,300,183,156,203,223,212,280,252,305,261,300,157,243,250,93,,281,,,b'\x11\xe8\xe1I\xc7\xc2\x16\xea\xaf\x82\x12\xdf\x17\xaeN\x1e'
11E8E149-C7C2-16EA-AF82-12DF17AE4E1E,2012-ncaa-d1-conf-SoCon,ncaa,5,5,8,5,9,6,4,6,3,5,8,4,3,3,2,3,8,7,6,7,7,8,7,2,2,3,4,2,10,9,9,4,6,6,6,4,5,5,6,5,9,10,3,4,,,9,10,,,5,6,4,6,3,2,6,4,8,2,3,7,7,7,7,6,9,2,6,3,5,9,3,,11,,,5,8,8,7,6,8,7,4,8,9,6,6,8,8,4,8,7,9,6,6,6,8,8,6,7,8,6,3,9,7,6,4,3,9,10,8,8,8,1,2,,,8,8,,,5,6,5,7,5,8,8,10,8,9,9,9,9,10,10,10,9,9,7,9,5,9,9,2,,8,,,b'\x11\xe8\xe1I\xc7\xc2\x16\xea\xaf\x82\x12\xdf\x17\xaeN\x1e'
11E8E149-C7C2-16EA-AF82-12DF17AE4E1E,2012-ncaa-d1-natl,ncaa,158,129,196,150,263,195,182,214,138,243,266,172,72,109,39,82,286,279,247,265,196,227,224,94,130,164,74,44,295,267,281,129,232,205,254,194,180,189,235,204,292,300,67,72,,,189,193,,,182,189,91,262,155,138,163,219,245,50,77,271,267,249,193,171,258,66,162,157,236,290,51,,242,,,182,155,159,209,105,184,249,77,123,105,188,89,163,181,76,178,133,203,177,99,89,137,134,132,180,263,232,186,281,234,254,76,65,240,245,160,252,279,60,112,,,267,258,,,182,145,194,177,192,209,212,287,232,302,154,145,201,230,229,285,266,301,249,290,117,214,273,80,,251,,,b'\x11\xe8\xe1I\xc7\xc2\x16\xea\xaf\x82\x12\xdf\x17\xaeN\x1e'
11E8E149-C7C2-16EA-AF82-12DF17AE4E1E,2013-ncaa-d0-natl,ncaa,96,126,41,119,64,66,44,63,59,33,37,67,193,207,120,254,159,170,122,167,309,73,65,84,88,98,302,246,273,109,156,71,231,77,170,86,221,247,155,126,64,108,34,48,,,297,199,,,119,57,112,251,91,53,108,35,67,216,243,220,241,241,140,144,178,129,146,97,174,95,45,,239,,,121,294,275,302,140,244,265,143,293,297,182,249,268,273,136,274,207,304,299,158,154,161,254,249,179,314,231,256,156,294,170,245,154,89,174,152,298,221,22,6,,,135,262,,,119,291,107,175,119,216,196,249,161,177,266,265,217,222,223,248,252,271,148,213,184,144,230,15,,238,,,b'\x11\xe8\xe1I\xc7\xc2\x16\xea\xaf\x82\x12\xdf\x17\xaeN\x1e'
11E8E149-C7C2-16EA-AF82-12DF17AE4E1E,2013-ncaa-d1-conf-SoCon,ncaa,3,3,3,3,5,4,3,6,3,4,4,4,4,8,2,8,7,8,5,8,10,6,6,3,4,3,8,6,10,8,8,6,7,5,5,4,6,3,5,3,4,4,2,2,,,9,8,,,4,4,4,8,4,2,5,3,4,5,7,6,8,8,5,6,7,5,5,4,3,5,2,,7,,,4,8,5,7,5,3,3,5,11,11,7,11,8,9,8,8,9,8,9,6,6,6,11,11,7,8,7,6,8,7,5,9,10,7,7,6,3,4,1,1,,,9,10,,,4,7,3,6,4,6,5,6,4,3,11,11,8,8,8,7,9,8,5,7,8,7,3,1,,10,,,b'\x11\xe8\xe1I\xc7\xc2\x16\xea\xaf\x82\x12\xdf\x17\xaeN\x1e'
11E8E149-C7C2-16EA-AF82-12DF17AE4E1E,2013-ncaa-d1-natl,ncaa,107,126,49,124,71,74,53,74,61,34,40,70,198,217,120,253,169,186,122,183,310,87,77,86,90,102,299,245,272,125,162,79,236,90,174,91,224,237,157,130,72,115,37,49,,,289,203,,,130,63,114,251,94,57,113,35,69,215,244,219,238,240,148,149,179,130,153,103,174,106,45,,241,,,131,283,267,297,147,233,253,147,290,292,183,248,257,265,138,264,207,301,292,161,157,171,255,248,179,307,236,238,162,287,174,233,155,103,182,158,295,225,18,6,,,151,258,,,130,286,112,181,129,222,199,250,165,183,264,265,220,222,224,250,251,273,151,216,189,146,230,15,,236,,,b'\x11\xe8\xe1I\xc7\xc2\x16\xea\xaf\x82\x12\xdf\x17\xaeN\x1e'
11E8E149-C7C2-16EA-AF82-12DF17AE4E1E,2014-ncaa-d0-natl,ncaa,197,173,254,200,287,267,218,263,133,152,121,247,290,333,22,326,306,283,293,286,329,273,243,194,221,268,317,278,284,196,132,259,332,247,239,258,274,259,298,290,202,201,34,29,,,74,77,,,212,248,145,256,245,163,198,94,51,277,327,298,263,269,226,157,154,214,187,253,300,168,19,,120,,,213,79,154,167,162,205,195,184,92,121,77,135,19,54,6,51,39,127,137,142,81,83,26,121,29,314,332,62,132,176,239,129,132,162,148,148,247,286,63,34,,,309,312,,,212,83,261,166,225,160,254,287,270,290,121,162,38,84,79,247,262,341,129,267,188,120,284,86,,294,,,b'\x11\xe8\xe1I\xc7\xc2\x16\xea\xaf\x82\x12\xdf\x17\xaeN\x1e'
11E8E149-C7C2-16EA-AF82-12DF17AE4E1E,2014-ncaa-d1-conf-SoCon,ncaa,4,4,4,4,4,6,3,6,5,3,1,7,7,9,1,9,7,5,9,5,9,5,4,6,6,7,9,7,7,4,4,5,9,2,6,4,6,9,9,7,6,7,2,2,,,5,3,,,4,2,3,7,5,5,6,4,3,8,9,8,5,5,5,3,3,4,4,6,9,7,1,,4,,,4,5,5,9,4,5,9,4,7,8,1,7,1,2,1,3,2,8,9,3,2,2,1,7,1,9,9,5,4,8,6,6,6,2,6,3,7,6,3,2,,,6,8,,,4,8,7,3,4,3,6,9,6,8,6,8,2,2,2,7,9,9,3,9,6,3,6,3,,7,,,b'\x11\xe8\xe1I\xc7\xc2\x16\xea\xaf\x82\x12\xdf\x17\xaeN\x1e'
11E8E149-C7C2-16EA-AF82-12DF17AE4E1E,2014-ncaa-d1-natl,ncaa,173,171,145,178,192,214,171,213,117,113,85,234,275,329,16,326,260,236,284,240,313,223,174,168,189,247,310,278,256,176,136,222,329,197,234,235,269,294,301,285,186,203,31,32,,,111,80,,,211,182,146,260,225,167,219,100,66,275,327,267,233,241,232,169,167,226,198,249,298,182,22,,116,,,211,151,224,220,173,250,240,199,135,172,93,160,40,84,9,81,52,200,205,157,103,103,40,149,30,327,329,92,136,217,234,184,136,138,150,150,280,288,61,30,,,261,285,,,211,154,252,179,221,168,252,273,264,270,140,178,48,87,84,241,251,335,114,256,193,121,281,62,,267,,,b'\x11\xe8\xe1I\xc7\xc2\x16\xea\xaf\x82\x12\xdf\x17\xaeN\x1e'
11E8E149-C7C2-16EA-AF82-12DF17AE4E1E,2015-ncaa-d0-natl,ncaa,133,103,172,122,193,153,171,229,87,229,278,111,69,108,40,79,201,173,236,183,84,226,189,63,79,133,61,61,229,202,170,187,273,195,194,153,144,278,290,226,204,221,42,36,,,255,267,,,182,184,153,107,134,160,242,243,293,59,93,198,177,187,230,179,208,168,178,133,291,206,32,,279,,,182,185,147,187,126,157,197,123,171,179,160,164,258,246,224,251,238,213,195,124,145,172,219,164,256,272,273,87,170,158,194,76,50,199,224,120,276,283,17,30,,,148,125,,,182,170,139,205,176,218,180,241,179,235,193,197,272,264,269,273,253,291,103,189,85,198,281,19,,119,,,b'\x11\xe8\xe1I\xc7\xc2\x16\xea\xaf\x82\x12\xdf\x17\xaeN\x1e'
11E8E149-C7C2-16EA-AF82-12DF17AE4E1E,2015-ncaa-d1-conf-CAA,ncaa,4,3,4,4,4,2,5,6,2,7,8,2,1,2,2,2,4,4,8,4,1,6,3,1,1,3,1,2,3,4,3,4,8,3,4,5,7,8,8,8,8,9,2,1,,,10,10,,,5,3,6,5,2,3,7,7,9,1,2,3,2,3,6,5,4,4,4,5,8,8,2,,10,,,5,7,5,7,4,5,7,4,7,8,6,5,10,10,5,10,10,9,8,4,5,5,9,6,9,9,8,3,3,6,4,3,2,6,7,5,9,7,2,2,,,2,2,,,5,8,2,6,5,7,5,10,5,6,7,8,10,10,10,10,9,9,1,7,3,7,7,2,,2,,,b'\x11\xe8\xe1I\xc7\xc2\x16\xea\xaf\x82\x12\xdf\x17\xaeN\x1e'
11E8E149-C7C2-16EA-AF82-12DF17AE4E1E,2015-ncaa-d1-natl,ncaa,106,103,97,110,109,126,134,178,87,196,251,99,66,89,54,81,178,152,252,154,81,181,126,68,81,137,75,67,232,192,177,133,267,144,194,127,163,314,287,225,173,211,32,32,,,291,268,,,186,117,158,128,140,158,246,240,292,63,95,201,173,177,236,183,215,162,185,145,284,197,33,,274,,,186,247,215,262,127,211,238,144,199,223,126,181,277,273,221,276,239,274,257,124,148,181,221,165,255,294,267,138,177,222,194,88,37,174,232,119,295,280,23,41,,,108,130,,,186,236,141,218,184,218,181,240,178,220,191,216,273,259,265,268,245,285,109,185,74,207,270,20,,126,,,b'\x11\xe8\xe1I\xc7\xc2\x16\xea\xaf\x82\x12\xdf\x17\xaeN\x1e'
11E8E149-C7C2-16EA-AF82-12DF17AE4E1E,2016-ncaa-d0-natl,ncaa,136,111,175,133,178,182,191,139,274,157,124,238,248,180,318,213,115,99,217,99,123,123,136,290,278,234,214,261,64,49,56,134,114,85,71,241,277,128,104,214,251,263,93,89,,,229,259,,,141,190,207,12,166,180,87,129,97,247,180,92,54,55,69,78,19,91,34,250,147,263,88,,254,,,140,105,67,145,65,108,171,82,81,125,49,130,243,215,305,216,219,153,149,54,80,99,190,97,298,135,114,189,56,164,71,26,22,193,185,67,138,134,202,165,,,62,39,,,141,153,185,103,141,124,97,159,138,185,87,142,259,233,232,184,172,152,218,191,42,186,166,219,,21,,,b'\x11\xe8\xe1I\xc7\xc2\x16\xea\xaf\x82\x12\xdf\x17\xaeN\x1e'
11E8E149-C7C2-16EA-AF82-12DF17AE4E1E,2016-ncaa-d1-conf-CAA,ncaa,4,4,7,4,7,4,5,3,8,3,3,4,8,6,10,6,4,4,9,2,4,2,2,8,8,7,8,9,3,2,2,5,2,2,2,7,7,6,3,6,8,8,5,4,,,7,8,,,4,4,3,1,3,3,2,1,1,7,6,4,3,2,2,2,2,2,2,7,6,7,4,,8,,,4,4,3,3,4,5,7,4,2,1,3,2,7,7,8,7,7,4,3,3,4,6,5,2,9,2,2,3,2,3,2,2,2,7,6,2,8,6,4,3,,,2,2,,,4,6,5,4,4,6,4,4,8,9,2,2,8,8,7,7,6,3,6,5,2,6,8,4,,1,,,b'\x11\xe8\xe1I\xc7\xc2\x16\xea\xaf\x82\x12\xdf\x17\xaeN\x1e'
11E8E149-C7C2-16EA-AF82-12DF17AE4E1E,2016-ncaa-d1-natl,ncaa,134,111,142,128,145,176,183,122,275,141,113,241,255,184,323,221,121,93,231,92,137,116,132,292,280,240,226,265,65,50,57,119,104,65,68,245,281,138,114,226,248,252,82,78,,,243,272,,,141,172,201,12,176,187,84,128,93,258,183,98,66,65,71,79,25,84,31,258,156,249,77,,260,,,141,99,63,154,51,94,179,57,83,126,55,128,253,215,307,214,213,166,162,42,69,88,198,106,302,136,104,212,57,179,68,24,25,176,166,57,145,133,197,149,,,53,40,,,141,166,193,85,145,108,79,151,111,185,82,140,256,226,225,176,172,146,219,187,37,176,166,206,,26,,,b'\x11\xe8\xe1I\xc7\xc2\x16\xea\xaf\x82\x12\xdf\x17\xaeN\x1e'
11E8E149-C7C2-16EA-AF82-12DF17AE4E1E,2017-ncaa-d0-natl,ncaa,21,17,45,21,68,55,53,52,71,35,38,80,182,182,165,260,66,16,325,16,70,41,40,96,116,94,272,264,153,19,19,64,116,30,34,111,271,188,79,128,96,126,59,70,,,279,232,,,29,63,188,268,76,57,99,41,65,210,230,88,30,26,60,85,25,104,30,166,123,144,79,,212,,,27,156,89,245,18,103,239,20,136,217,52,162,320,280,335,289,247,261,269,17,37,49,281,149,335,246,116,174,19,211,34,72,119,113,163,65,204,103,191,94,,,15,29,,,29,264,59,53,34,59,22,95,31,122,83,139,279,230,231,116,112,157,68,90,35,181,139,136,,17,,,b'\x11\xe8\xe1I\xc7\xc2\x16\xea\xaf\x82\x12\xdf\x17\xaeN\x1e'
11E8E149-C7C2-16EA-AF82-12DF17AE4E1E,2017-ncaa-d1-conf-CAA,ncaa,1,1,1,1,1,1,1,1,1,1,1,1,5,5,4,8,1,1,10,1,1,1,1,2,2,2,9,9,4,1,1,1,1,1,1,2,8,6,1,3,5,5,2,2,,,8,7,,,1,1,4,8,1,1,2,1,2,6,7,1,1,1,1,2,1,1,1,3,3,5,2,,7,,,1,4,3,10,1,3,10,1,4,5,2,3,8,7,10,7,5,9,9,1,1,2,9,4,9,7,1,5,1,4,1,3,4,4,6,2,7,3,7,5,,,1,1,,,1,9,1,1,1,2,1,5,1,5,4,4,7,6,6,4,5,2,1,1,2,6,4,6,,1,,,b'\x11\xe8\xe1I\xc7\xc2\x16\xea\xaf\x82\x12\xdf\x17\xaeN\x1e'
11E8E149-C7C2-16EA-AF82-12DF17AE4E1E,2017-ncaa-d1-natl,ncaa,17,17,27,20,48,45,41,45,68,29,28,76,176,192,152,263,54,15,325,15,65,32,33,92,107,90,272,265,151,17,18,52,122,23,35,108,276,193,69,130,97,130,49,58,,,285,223,,,29,56,187,270,71,57,102,41,62,207,233,80,22,21,62,89,27,104,33,167,112,140,68,,201,,,28,164,96,259,18,107,243,19,142,215,52,160,321,288,331,289,244,282,277,15,33,46,279,147,330,247,122,183,18,217,35,68,101,101,159,59,198,99,180,87,,,13,24,,,29,278,57,52,36,57,22,96,33,121,84,135,272,231,234,117,115,158,66,92,30,174,134,127,,15,,,b'\x11\xe8\xe1I\xc7\xc2\x16\xea\xaf\x82\x12\xdf\x17\xaeN\x1e'
11E8E149-C7C2-16EA-AF82-12DF17AE4E1E,2017-ncaa-d1-ncaatournament,ncaa,33,2,33,33,33,44,37,49,36,36,40,37,52,58,41,45,44,48,24,48,50,50,47,43,41,40,53,46,33,62,62,42,3,50,48,43,37,15,33,35,42,26,48,51,,,11,35,,,39,40,21,6,39,28,30,20,20,44,47,33,41,42,37,36,61,33,49,33,29,30,47,,20,,,44,16,14,15,47,11,13,34,21,15,53,33,16,12,59,10,32,12,6,47,50,52,46,42,41,2,3,20,62,9,48,21,54,54,41,55,8,19,1,1,,,48,40,,,39,17,50,41,48,41,36,20,27,22,44,29,36,27,24,16,9,3,52,32,49,45,16,1,,37,,,b'\x11\xe8\xe1I\xc7\xc2\x16\xea\xaf\x82\x12\xdf\x17\xaeN\x1e'
11E8E149-C7C2-16EA-AF82-12DF17AE4E1E,2018-ncaa-d0-natl,ncaa,38,31,73,39,107,72,77,119,45,43,73,46,227,234,189,286,39,18,288,17,43,88,53,83,81,112,286,300,87,84,86,33,39,35,34,58,75,322,251,144,46,61,66,71,,,258,179,,,30,57,53,278,67,69,176,43,102,246,274,48,21,20,113,70,109,17,29,56,283,54,71,,211,,,23,69,55,220,7,54,238,9,106,161,56,122,214,271,11,267,229,244,282,11,10,7,253,181,275,172,39,138,86,149,34,47,106,42,63,22,325,254,329,278,,,15,41,,,30,289,106,7,31,30,22,130,21,177,82,112,180,234,232,150,246,128,84,89,30,54,285,318,,14,,,b'\x11\xe8\xe1I\xc7\xc2\x16\xea\xaf\x82\x12\xdf\x17\xaeN\x1e'
11E8E149-C7C2-16EA-AF82-12DF17AE4E1E,2018-ncaa-d1-conf-CAA,ncaa,2,3,1,3,2,1,1,3,1,1,3,1,3,7,1,8,1,1,7,1,1,1,1,1,1,1,4,7,1,6,3,1,2,1,1,1,2,7,5,2,1,3,5,5,,,9,8,,,1,1,2,6,1,1,8,1,5,4,8,1,1,1,4,2,7,2,4,1,6,2,5,,7,,,1,6,5,8,3,2,3,2,9,10,5,9,9,10,3,10,10,9,10,3,3,3,10,10,8,6,2,2,3,3,1,4,4,2,5,2,9,6,6,5,,,1,1,,,1,10,1,3,1,4,3,3,1,3,9,9,7,9,9,4,7,4,1,2,2,3,6,4,,1,,,b'\x11\xe8\xe1I\xc7\xc2\x16\xea\xaf\x82\x12\xdf\x17\xaeN\x1e'
11E8E149-C7C2-16EA-AF82-12DF17AE4E1E,2018-ncaa-d1-natl,ncaa,35,31,53,38,92,57,56,103,37,36,60,38,221,231,177,284,33,14,284,14,45,77,51,70,71,105,286,298,91,83,80,26,35,33,30,47,76,320,246,141,49,69,55,67,,,257,174,,,23,45,58,279,65,62,178,40,106,243,273,45,20,21,115,72,114,18,26,50,278,63,58,,208,,,23,65,55,241,11,55,249,9,125,168,71,121,203,273,9,268,227,259,293,12,11,7,254,185,264,167,35,132,80,137,30,47,95,48,70,23,318,253,329,276,,,13,42,,,23,304,99,6,24,35,23,130,28,177,93,112,170,232,229,150,243,120,65,72,28,57,287,312,,16,,,b'\x11\xe8\xe1I\xc7\xc2\x16\xea\xaf\x82\x12\xdf\x17\xaeN\x1e'
11E8E149-C7C2-16EA-AF82-12DF17AE4E1E,2018-ncaa-d1-ncaatournament,ncaa,33,2,33,33,34,64,64,61,63,64,55,64,47,57,35,36,55,42,63,41,20,61,55,62,64,64,9,7,37,49,53,36,3,38,36,54,9,24,58,61,39,16,35,21,,,6,41,,,54,56,52,7,64,64,60,64,49,38,45,55,35,32,60,53,40,16,27,54,52,20,19,,22,,,54,1,2,3,21,2,7,15,14,14,45,39,6,7,9,7,41,1,1,26,23,20,48,47,29,1,3,27,53,16,36,3,13,46,21,10,17,49,32,54,,,42,24,,,54,6,64,13,56,6,6,3,4,8,35,25,18,25,23,1,1,2,59,46,6,26,42,52,,30,,,b'\x11\xe8\xe1I\xc7\xc2\x16\xea\xaf\x82\x12\xdf\x17\xaeN\x1e'
11E8E149-C7C2-16EA-AF82-12DF17AE4E1E,2019-ncaa-d0-natl,ncaa,277,283,249,285,263,258,273,287,215,226,208,237,282,297,226,275,127,131,160,127,90,266,245,239,214,255,216,268,38,222,180,287,277,278,239,294,277,271,297,311,221,205,278,281,,,214,280,,,276,244,129,166,241,259,279,195,148,274,280,79,84,76,229,155,189,282,259,285,295,199,274,,271,,,278,203,181,92,306,203,157,257,133,49,331,66,234,225,247,223,239,103,109,298,307,284,151,117,237,190,277,83,180,103,239,101,65,162,128,114,265,282,312,321,,,136,50,,,276,90,256,290,284,269,260,137,266,232,179,72,277,263,264,164,224,253,147,192,144,113,290,327,,55,,,b'\x11\xe8\xe1I\xc7\xc2\x16\xea\xaf\x82\x12\xdf\x17\xaeN\x1e'
11E8E149-C7C2-16EA-AF82-12DF17AE4E1E,2019-ncaa-d1-conf-CAA,ncaa,9,8,6,9,9,9,9,10,7,8,5,8,9,9,7,8,7,7,6,4,5,10,10,8,8,7,8,8,4,7,7,10,6,9,8,10,9,5,7,8,10,8,7,6,,,7,9,,,8,8,6,8,8,8,8,7,3,8,9,7,6,4,7,8,7,8,7,10,7,9,6,,9,,,9,5,5,2,8,4,2,8,9,3,10,6,6,6,10,6,8,3,2,8,9,9,9,7,6,3,6,4,7,4,8,4,3,8,7,8,6,6,9,9,,,9,6,,,8,3,8,9,8,8,7,3,5,3,9,4,8,7,6,3,3,4,7,5,8,7,6,9,,7,,,b'\x11\xe8\xe1I\xc7\xc2\x16\xea\xaf\x82\x12\xdf\x17\xaeN\x1e'
11E8E149-C7C2-16EA-AF82-12DF17AE4E1E,2019-ncaa-d1-natl,ncaa,282,282,233,284,272,252,266,290,210,231,205,241,278,298,191,272,124,139,148,128,90,269,242,232,203,249,206,259,38,228,176,303,298,294,249,300,289,265,297,313,221,210,291,292,,,211,277,,,284,238,140,171,230,255,275,189,149,271,278,79,95,86,230,161,200,290,272,294,289,198,283,,271,,,286,221,211,91,316,225,153,280,162,57,333,83,231,225,229,223,238,103,112,313,318,297,155,131,216,217,298,76,176,107,249,112,63,172,138,132,255,285,318,324,,,129,56,,,284,99,253,302,294,280,274,147,277,227,199,92,269,261,263,174,224,268,140,193,154,122,284,327,,58,,,b'\x11\xe8\xe1I\xc7\xc2\x16\xea\xaf\x82\x12\xdf\x17\xaeN\x1e'
11E8E149-C7C2-16EA-AF82-12DF17AE4E1E,2020-ncaa-d0-natl,ncaa,197,195,191,205,194,214,256,253,233,249,209,275,200,244,97,220,57,70,100,73,61,230,228,233,176,198,92,186,19,120,98,268,222,211,158,300,283,196,216,277,177,147,177,154,,,332,347,,,142,260,291,23,213,259,265,249,201,192,229,42,68,70,223,204,108,271,204,301,206,170,173,,338,,,142,76,30,35,96,62,97,86,34,29,115,47,345,332,241,332,342,69,82,79,150,120,249,42,350,160,222,102,98,111,158,13,42,146,93,20,159,185,225,229,,,46,21,,,142,75,175,128,157,91,29,23,73,107,36,32,342,334,334,62,92,181,115,135,16,136,185,229,,31,,,b'\x11\xe8\xe1I\xc7\xc2\x16\xea\xaf\x82\x12\xdf\x17\xaeN\x1e'
11E8E149-C7C2-16EA-AF82-12DF17AE4E1E,2020-ncaa-d1-conf-CAA,ncaa,4,6,1,6,2,3,5,5,7,6,5,9,3,3,2,6,2,3,3,3,6,5,3,5,4,4,3,5,1,3,3,5,3,4,3,5,5,8,6,6,6,7,5,5,,,9,10,,,4,2,8,5,4,5,5,7,5,5,6,2,4,5,5,5,3,6,4,7,7,8,5,,9,,,4,3,3,3,3,3,7,2,2,2,10,2,9,9,8,9,9,6,6,3,4,4,8,2,10,4,3,6,3,6,3,2,1,3,3,2,8,7,9,9,,,1,4,,,4,7,4,3,4,3,3,2,3,7,2,2,9,9,9,2,2,3,5,5,1,4,6,9,,2,,,b'\x11\xe8\xe1I\xc7\xc2\x16\xea\xaf\x82\x12\xdf\x17\xaeN\x1e'
11E8E149-C7C2-16EA-AF82-12DF17AE4E1E,2020-ncaa-d1-natl,ncaa,199,195,128,201,134,217,252,251,242,251,205,273,195,230,108,217,48,69,92,71,71,224,222,232,181,200,98,187,17,109,96,276,234,219,170,305,292,206,211,280,175,147,179,154,,,341,348,,,148,258,295,21,216,264,267,253,204,193,227,46,73,73,226,211,107,284,221,306,202,177,175,,338,,,148,95,29,26,106,68,102,96,33,29,124,46,346,336,237,336,343,69,81,84,162,127,251,40,350,184,234,114,96,123,170,11,47,145,97,25,161,172,217,225,,,51,25,,,148,73,177,143,159,91,29,19,75,94,35,31,343,334,334,56,82,183,106,135,18,140,173,222,,44,,,b'\x11\xe8\xe1I\xc7\xc2\x16\xea\xaf\x82\x12\xdf\x17\xaeN\x1e'
11E8E149-C7C2-16EA-AF82-12DF17AE4E1E,2021-ncaa-d0-natl,ncaa,225,83,304,185,309,298,303,314,176,297,311,152,276,288,207,148,287,286,223,288,111,310,310,169,171,189,145,171,135,309,213,318,275,320,282,299,186,38,208,203,262,85,283,189,,,41,237,,,154,309,186,224,192,205,224,206,216,175,162,159,134,143,213,211,218,318,308,205,204,97,200,,211,,,155,31,29,29,191,22,32,68,71,31,342,132,42,38,274,38,183,30,35,222,241,125,296,276,197,35,275,32,213,30,282,27,123,253,25,48,54,253,63,222,,,278,17,,,154,33,200,128,167,121,104,63,58,106,246,86,171,140,149,58,129,180,156,150,97,42,248,200,,32,,,b'\x11\xe8\xe1I\xc7\xc2\x16\xea\xaf\x82\x12\xdf\x17\xaeN\x1e'
11E8E149-C7C2-16EA-AF82-12DF17AE4E1E,2021-ncaa-d1-conf-CAA,ncaa,8,3,8,8,9,8,8,9,5,8,9,5,8,9,5,5,9,9,3,9,7,9,9,6,5,7,4,5,7,9,8,9,4,9,6,8,4,3,7,6,9,5,9,6,,,1,4,,,6,9,7,8,7,7,7,7,8,7,8,8,8,8,9,7,8,9,9,6,5,6,6,,2,,,6,2,2,2,10,1,2,3,3,2,10,4,1,1,10,1,1,2,2,10,10,10,8,9,2,1,4,2,8,1,6,3,6,9,4,6,3,9,1,8,,,8,4,,,6,2,7,7,6,3,5,4,4,4,9,3,1,1,1,1,1,1,4,2,7,5,9,7,,7,,,b'\x11\xe8\xe1I\xc7\xc2\x16\xea\xaf\x82\x12\xdf\x17\xaeN\x1e'
11E8E149-C7C2-16EA-AF82-12DF17AE4E1E,2021-ncaa-d1-natl,ncaa,230,82,307,189,312,303,308,316,184,299,312,156,283,294,208,146,293,294,221,296,107,312,312,179,175,193,140,170,127,309,215,321,280,321,289,305,191,35,212,212,270,87,289,192,,,35,239,,,166,311,189,225,202,212,226,213,223,177,165,156,138,146,222,213,224,318,313,213,206,102,202,,211,,,166,29,28,27,198,21,30,73,66,26,343,131,40,35,275,36,184,27,31,232,249,137,296,273,199,32,280,27,215,27,289,22,126,266,25,51,52,259,55,228,,,286,16,,,166,30,203,137,182,128,108,64,60,111,248,86,170,141,151,58,131,185,158,155,101,45,251,201,,33,,,b'\x11\xe8\xe1I\xc7\xc2\x16\xea\xaf\x82\x12\xdf\x17\xaeN\x1e'
11E8E149-C7C2-16EA-AF82-12DF17AE4E1E,2022-ncaa-d0-natl,ncaa,123,106,163,120,186,190,198,224,174,216,249,143,166,155,193,125,149,184,77,182,108,223,204,158,139,180,116,142,109,157,100,255,339,230,240,185,129,251,262,223,208,214,135,153,,,238,237,,,178,213,253,160,205,227,271,237,273,159,146,139,186,177,263,215,155,302,266,187,257,205,131,,245,,,178,130,152,154,155,181,227,117,94,65,209,55,175,187,150,193,157,158,194,139,136,100,99,99,207,321,339,76,100,174,240,91,69,113,106,66,235,252,303,334,,,141,82,,,178,142,180,163,179,139,151,141,190,241,87,61,174,187,195,156,207,323,53,190,95,98,233,315,,118,,,b'\x11\xe8\xe1I\xc7\xc2\x16\xea\xaf\x82\x12\xdf\x17\xaeN\x1e'
11E8E149-C7C2-16EA-AF82-12DF17AE4E1E,2022-ncaa-d1-conf-CAA,ncaa,6,5,6,6,7,6,6,7,4,8,9,3,4,3,6,3,5,5,6,5,1,6,7,3,2,6,3,3,3,8,6,8,10,8,6,6,4,6,7,7,8,9,4,4,,,6,7,,,7,7,5,4,7,7,7,9,9,4,3,5,5,5,7,6,8,8,7,6,6,8,4,,7,,,7,3,5,5,7,6,7,6,2,1,6,2,4,4,2,4,6,4,5,6,6,4,4,4,4,9,10,3,6,5,6,2,4,4,4,2,9,9,9,10,,,5,2,,,7,3,6,7,7,6,7,7,8,7,4,2,5,6,6,6,7,9,4,9,5,2,10,9,,3,,,b'\x11\xe8\xe1I\xc7\xc2\x16\xea\xaf\x82\x12\xdf\x17\xaeN\x1e'
11E8E149-C7C2-16EA-AF82-12DF17AE4E1E,2022-ncaa-d1-natl,ncaa,135,106,213,132,234,222,237,268,186,251,280,159,186,178,196,125,170,211,77,209,103,262,255,171,148,194,111,141,103,187,113,293,342,274,257,220,136,230,279,233,240,228,152,155,,,207,239,,,205,262,259,160,221,243,283,249,274,164,146,139,187,180,271,226,167,310,279,201,260,218,132,,249,,,205,108,125,120,168,165,195,133,80,51,226,54,154,156,160,163,156,118,133,151,150,122,97,97,205,310,342,45,113,135,257,72,68,143,116,79,206,257,299,336,,,161,77,,,205,93,190,187,203,153,163,146,196,244,91,61,184,193,200,158,203,327,54,192,102,114,237,314,,116,,,b'\x11\xe8\xe1I\xc7\xc2\x16\xea\xaf\x82\x12\xdf\x17\xaeN\x1e'
11E8E149-C7C2-16EA-AF82-12DF17AE4E1E,2023-ncaa-d0-natl,ncaa,281,301,164,295,203,269,213,240,186,159,147,196,303,309,275,291,321,304,289,292,335,267,205,224,250,286,342,296,300,150,90,224,225,194,133,279,303,320,336,324,201,173,234,214,,,172,224,,,271,236,254,226,298,237,285,140,138,316,306,330,317,304,299,212,145,236,193,290,325,199,234,,192,,,266,135,147,117,221,161,107,260,133,167,96,215,140,181,59,172,231,120,126,219,191,187,139,165,171,180,225,57,90,80,133,138,144,189,153,162,351,351,202,175,,,308,331,,,271,113,285,206,274,148,170,105,177,99,138,176,160,196,187,104,110,209,56,99,150,186,349,211,,329,,,b'\x11\xe8\xe1I\xc7\xc2\x16\xea\xaf\x82\x12\xdf\x17\xaeN\x1e'
11E8E149-C7C2-16EA-AF82-12DF17AE4E1E,2023-ncaa-d1-conf-CAA,ncaa,12,11,8,12,10,12,12,12,9,7,9,7,11,9,12,9,13,13,10,13,13,12,12,10,10,12,13,11,13,8,7,8,6,9,5,11,8,7,9,10,11,8,10,8,,,7,10,,,10,12,12,4,11,11,10,6,8,11,9,13,13,12,11,11,8,7,8,9,7,9,9,,8,,,10,2,2,2,5,3,3,7,5,6,3,11,7,7,2,6,11,2,2,7,7,6,9,9,9,3,6,4,7,2,5,3,7,11,8,7,8,10,8,9,,,13,13,,,10,2,10,8,11,2,3,3,4,4,5,9,8,9,8,2,2,5,5,5,7,9,9,8,,13,,,b'\x11\xe8\xe1I\xc7\xc2\x16\xea\xaf\x82\x12\xdf\x17\xaeN\x1e'
11E8E149-C7C2-16EA-AF82-12DF17AE4E1E,2023-ncaa-d1-natl,ncaa,299,301,219,302,266,305,259,300,201,190,186,204,318,323,279,290,334,322,290,317,333,311,271,232,257,298,340,300,298,179,98,270,236,244,148,303,306,312,338,328,226,188,252,221,,,148,233,,,291,292,261,201,311,248,293,159,143,318,310,330,321,310,304,222,155,250,216,303,327,207,242,,197,,,290,92,103,67,243,131,72,275,115,142,103,214,120,159,59,150,231,69,68,236,212,214,138,164,173,154,236,33,98,53,148,115,146,223,167,188,346,352,190,189,,,331,331,,,291,58,293,232,293,165,182,108,183,100,146,179,168,204,196,107,105,212,57,103,162,198,348,223,,330,,,b'\x11\xe8\xe1I\xc7\xc2\x16\xea\xaf\x82\x12\xdf\x17\xaeN\x1e'
11E8E149-C7C2-16EA-AF82-12DF17AE4E1E,2024-ncaa-d0-natl,ncaa,264,276,196,276,241,327,306,211,342,257,168,339,302,264,337,229,352,340,335,339,355,253,237,346,355,347,312,241,320,145,185,264,291,224,281,278,184,251,281,291,142,119,178,149,,,176,224,,,304,261,247,263,350,326,214,272,131,308,255,353,344,347,267,225,129,278,230,286,266,118,170,,203,,,302,75,71,96,114,80,81,181,99,158,34,225,205,187,236,185,260,101,117,111,146,97,209,139,280,231,291,243,185,254,281,126,241,137,95,119,167,214,202,192,,,325,341,,,304,98,341,127,303,101,73,92,92,78,100,179,221,210,208,98,148,259,280,289,146,107,196,216,,331,,,b'\x11\xe8\xe1I\xc7\xc2\x16\xea\xaf\x82\x12\xdf\x17\xaeN\x1e'
11E8E149-C7C2-16EA-AF82-12DF17AE4E1E,2024-ncaa-d1-conf-CAA,ncaa,9,10,7,9,9,13,12,9,13,13,7,13,12,9,12,9,13,13,13,13,13,10,11,13,14,14,11,8,12,5,5,13,8,10,10,12,8,5,6,11,6,4,8,5,,,10,12,,,10,13,11,9,14,12,7,11,7,11,9,13,13,13,9,11,5,13,9,12,6,5,8,,9,,,10,3,1,1,6,3,2,11,1,3,2,7,11,11,13,11,13,2,2,6,9,6,9,2,13,3,8,9,5,7,10,6,9,8,3,4,2,3,7,6,,,13,13,,,10,2,13,7,10,4,2,1,2,1,1,6,12,11,11,2,3,4,10,9,7,6,3,7,,13,,,b'\x11\xe8\xe1I\xc7\xc2\x16\xea\xaf\x82\x12\xdf\x17\xaeN\x1e'
11E8E149-C7C2-16EA-AF82-12DF17AE4E1E,2024-ncaa-d1-natl,ncaa,266,296,130,289,175,331,290,172,347,252,129,344,302,250,342,236,353,335,339,339,360,216,188,352,357,354,314,244,325,114,180,240,286,189,278,263,186,282,275,295,136,129,156,147,,,223,237,,,312,224,260,264,354,332,209,280,124,312,259,355,348,349,267,231,116,270,215,295,264,138,166,,207,,,308,118,92,137,114,97,113,162,129,172,87,212,223,210,260,212,245,141,170,120,154,111,231,164,276,260,286,291,180,300,278,172,250,126,111,143,197,209,229,207,,,310,339,,,312,143,345,142,310,105,78,94,82,87,123,171,215,199,200,98,134,256,287,287,156,125,188,228,,329,,,b'\x11\xe8\xe1I\xc7\xc2\x16\xea\xaf\x82\x12\xdf\x17\xaeN\x1e'
11E8E149-C7C2-16EA-AF82-12DF17AE4E1E,2025-ncaa-d0-natl,genius_ncaa,184,147,248,182,270,310,278,227,304,191,119,292,342,326,355,323,275,232,338,231,280,229,226,337,340,331,351,339,165,116,111,287,289,224,227,289,260,197,241,286,105,57,175,159,,,184,282,,153,234,264,224,176,317,269,154,148,68,347,325,260,189,190,171,125,65,264,170,288,264,68,164,,258,,186,235,52,46,64,140,99,116,150,23,36,51,77,190,199,187,182,237,62,87,105,131,97,119,41,300,199,289,166,111,183,227,89,230,150,82,100,193,237,156,119,,,291,296,,295,234,74,321,125,259,99,89,95,158,179,41,57,250,248,235,106,146,257,255,268,144,92,245,198,,264,,282,b'\x11\xe8\xe1I\xc7\xc2\x16\xea\xaf\x82\x12\xdf\x17\xaeN\x1e'
11E8E149-C7C2-16EA-AF82-12DF17AE4E1E,2025-ncaa-d1-conf-CAA,genius_ncaa,9,6,9,9,12,13,12,9,11,9,6,11,14,14,14,14,13,10,11,10,13,8,9,13,13,14,14,14,8,7,8,11,6,9,8,11,10,8,10,12,4,2,3,3,,,10,14,,10,10,9,6,8,13,11,6,6,1,14,14,12,10,10,6,4,4,10,7,10,10,3,3,,13,,10,10,2,2,1,9,5,3,8,1,1,4,1,9,9,8,8,11,2,3,6,7,6,4,1,13,2,6,8,8,3,8,3,10,5,3,3,9,9,7,6,,,12,14,,13,10,4,13,5,11,5,5,2,7,4,1,1,12,12,10,4,5,3,12,6,6,3,10,8,,11,,13,b'\x11\xe8\xe1I\xc7\xc2\x16\xea\xaf\x82\x12\xdf\x17\xaeN\x1e'
11E8E149-C7C2-16EA-AF82-12DF17AE4E1E,2025-ncaa-d1-natl,genius_ncaa,193,147,304,190,319,330,312,279,312,223,146,305,350,336,355,324,292,248,338,248,277,277,276,341,345,336,348,337,152,146,119,311,301,266,241,317,262,167,250,295,122,66,203,168,,,162,284,,140,260,314,236,169,327,288,174,162,73,347,325,262,187,188,185,134,76,272,184,299,265,79,169,,266,,192,262,35,33,37,153,76,83,162,19,26,58,76,180,181,195,162,240,39,39,112,144,113,118,40,303,180,301,133,119,151,241,74,230,181,94,107,171,244,140,127,,,314,294,,302,260,30,328,140,278,111,103,97,170,181,43,57,256,255,241,109,146,261,260,272,155,102,254,205,,264,,281,b'\x11\xe8\xe1I\xc7\xc2\x16\xea\xaf\x82\x12\xdf\x17\xaeN\x1e'
11E8E149-C7C2-16EA-AF82-12DF17AE4E1E,2026-ncaa-d0-natl,genius_ncaa,212,198,206,223,208,249,208,186,267,183,180,222,242,175,326,140,337,327,314,323,352,204,215,292,314,302,321,192,345,154,184,246,222,210,233,189,151,166,195,194,201,175,301,299,,,213,319,,153,206,220,153,33,252,177,58,149,106,226,121,346,337,333,119,95,104,222,142,149,227,165,312,,312,,193,208,97,78,83,165,101,84,250,52,125,31,187,242,269,107,265,331,106,133,143,173,106,180,68,333,154,222,212,184,203,233,123,261,126,57,93,278,302,119,120,,,285,327,,113,206,134,280,117,218,138,92,60,144,71,59,147,295,316,314,122,228,215,314,294,169,57,311,138,,296,,91,b'\x11\xe8\xe1I\xc7\xc2\x16\xea\xaf\x82\x12\xdf\x17\xaeN\x1e'
11E8E149-C7C2-16EA-AF82-12DF17AE4E1E,2026-ncaa-d1-natl,genius_ncaa,256,195,271,252,276,321,287,267,304,262,248,251,287,232,334,140,358,356,316,354,354,289,299,313,329,321,322,191,345,220,219,311,243,301,275,265,162,119,214,228,276,212,331,316,,,171,324,,125,251,297,172,24,279,213,77,184,125,244,131,352,342,340,147,118,122,247,173,188,239,208,326,,320,,206,255,54,36,23,209,68,28,286,26,65,39,180,208,235,116,227,333,44,62,176,212,148,179,60,327,102,243,159,219,142,275,92,268,191,80,122,231,319,91,139,,,340,327,,131,251,56,309,163,264,171,123,70,179,74,62,147,304,325,320,137,221,226,327,307,200,78,327,156,,299,,83,b'\x11\xe8\xe1I\xc7\xc2\x16\xea\xaf\x82\x12\xdf\x17\xaeN\x1e'
11E8E149-C7C7-3E68-AF82-12DF17AE4E1E,2010-ncaa-d0-natl,ncaa,329,335,178,333,220,280,273,223,315,253,178,318,239,244,252,220,221,215,197,216,229,221,193,307,309,300,174,201,108,283,323,237,258,274,327,240,130,229,251,260,178,197,208,229,,,61,36,,,338,165,73,228,299,299,198,271,164,244,239,213,211,212,214,176,287,253,296,248,254,168,211,,76,,,338,305,326,240,335,331,222,340,161,246,42,239,112,80,294,79,60,211,192,328,322,326,25,97,40,191,258,295,323,268,327,331,250,186,207,309,326,327,221,233,,,183,156,,,338,196,324,323,331,324,339,313,339,266,188,274,128,92,95,285,270,229,314,298,332,167,324,241,,160,,,b'\x11\xe8\xe1I\xc7\xc7>h\xaf\x82\x12\xdf\x17\xaeN\x1e'
11E8E149-C7C7-3E68-AF82-12DF17AE4E1E,2010-ncaa-d1-conf-MVC,ncaa,10,10,7,10,7,10,10,9,10,10,7,10,8,8,10,7,9,10,9,10,8,10,9,10,10,10,6,5,6,8,9,9,10,10,10,10,4,9,9,10,7,7,5,7,,,1,1,,,10,8,3,2,10,10,7,10,6,8,8,9,8,10,10,4,8,8,9,10,9,7,5,,2,,,10,8,10,9,10,10,7,10,3,5,1,5,2,2,1,2,2,8,7,8,7,8,1,1,1,10,10,8,9,9,10,10,9,5,8,10,10,10,6,6,,,8,8,,,10,5,10,9,10,9,10,10,10,10,4,5,3,4,4,10,9,10,9,9,10,3,10,6,,7,,,b'\x11\xe8\xe1I\xc7\xc7>h\xaf\x82\x12\xdf\x17\xaeN\x1e'
11E8E149-C7C7-3E68-AF82-12DF17AE4E1E,2010-ncaa-d1-natl,ncaa,333,335,191,336,251,293,292,237,317,273,189,322,253,250,255,222,234,227,198,228,227,236,216,309,309,305,172,200,104,298,325,261,264,292,328,260,132,221,251,262,195,200,218,231,,,50,38,,,338,185,73,226,301,304,200,274,167,245,238,214,212,213,217,176,289,259,299,255,254,181,216,,77,,,338,301,324,230,335,329,215,341,157,238,45,241,105,71,294,67,63,199,176,328,324,328,25,98,40,170,264,286,325,254,328,327,252,205,218,312,321,327,213,240,,,196,154,,,338,183,326,323,333,327,339,315,339,270,190,275,128,94,95,284,270,228,316,298,332,176,325,246,,159,,,b'\x11\xe8\xe1I\xc7\xc7>h\xaf\x82\x12\xdf\x17\xaeN\x1e'
11E8E149-C7C7-3E68-AF82-12DF17AE4E1E,2011-ncaa-d0-natl,ncaa,282,301,170,288,205,265,281,257,289,304,294,274,149,120,231,77,185,156,262,161,45,249,224,265,258,263,50,84,97,277,303,306,303,307,327,184,20,226,271,216,83,63,246,256,,,32,24,,,274,197,167,165,276,298,268,311,292,135,101,176,139,144,260,229,276,324,328,161,247,70,251,,35,,,273,162,220,123,307,265,171,303,99,91,185,129,69,39,330,39,41,86,140,293,286,194,33,104,66,175,303,257,303,234,327,225,206,78,40,138,279,299,330,341,,,133,54,,,274,137,288,199,278,178,255,143,287,201,108,101,86,46,46,98,174,197,291,267,243,51,281,335,,90,,,b'\x11\xe8\xe1I\xc7\xc7>h\xaf\x82\x12\xdf\x17\xaeN\x1e'
11E8E149-C7C7-3E68-AF82-12DF17AE4E1E,2011-ncaa-d1-conf-MVC,ncaa,9,9,6,9,7,9,9,9,10,9,8,10,4,5,9,5,8,7,7,7,4,8,7,10,9,9,3,5,4,3,6,10,9,10,9,7,1,7,9,9,3,2,10,10,,,1,1,,,9,8,7,2,9,9,8,9,6,4,5,7,6,7,8,4,3,10,10,7,7,2,10,,1,,,9,5,5,2,10,10,5,10,4,2,7,3,2,1,10,1,1,2,3,10,10,7,1,5,2,4,9,7,6,5,9,7,8,2,1,5,7,8,10,10,,,6,4,,,9,2,9,8,9,6,8,3,10,7,4,2,3,1,1,2,5,5,10,8,9,1,7,10,,5,,,b'\x11\xe8\xe1I\xc7\xc7>h\xaf\x82\x12\xdf\x17\xaeN\x1e'
11E8E149-C7C7-3E68-AF82-12DF17AE4E1E,2011-ncaa-d1-natl,ncaa,289,301,199,297,235,275,291,279,292,311,308,282,157,134,230,77,199,168,261,173,46,271,258,268,259,268,46,81,95,287,305,318,306,325,329,198,20,211,272,216,94,69,255,259,,,23,25,,,280,234,170,159,279,302,270,314,295,135,104,176,137,142,264,233,282,325,328,165,247,74,253,,36,,,278,138,205,98,310,246,147,306,91,81,191,125,56,33,329,33,40,61,104,295,289,200,31,104,64,157,306,239,305,218,329,217,204,93,45,146,271,301,329,341,,,149,50,,,280,100,290,209,285,184,260,144,289,206,109,102,87,47,47,104,174,197,296,271,253,55,282,336,,90,,,b'\x11\xe8\xe1I\xc7\xc7>h\xaf\x82\x12\xdf\x17\xaeN\x1e'
11E8E149-C7C7-3E68-AF82-12DF17AE4E1E,2012-ncaa-d0-natl,ncaa,316,325,163,322,221,292,274,254,289,291,299,208,166,96,309,46,317,311,289,312,235,277,256,263,287,295,127,80,284,237,240,206,153,225,214,201,54,213,283,227,262,252,189,183,,,30,49,,,302,259,251,262,310,298,267,305,308,158,74,325,315,315,293,263,235,197,227,195,234,268,191,,34,,,300,177,221,170,259,175,113,256,289,253,289,286,29,21,229,20,39,117,84,281,254,278,176,300,20,118,153,165,240,145,214,242,214,275,260,293,285,317,266,321,,,279,250,,,302,81,304,272,304,206,251,203,205,137,297,263,34,27,27,140,83,142,201,179,249,285,290,277,,297,,,b'\x11\xe8\xe1I\xc7\xc7>h\xaf\x82\x12\xdf\x17\xaeN\x1e'
11E8E149-C7C7-3E68-AF82-12DF17AE4E1E,2012-ncaa-d1-conf-MVC,ncaa,10,10,6,10,8,10,10,9,10,8,8,9,7,3,10,3,10,10,10,10,8,10,10,10,10,10,5,5,9,5,6,10,10,8,9,9,4,8,8,8,9,8,10,9,,,1,2,,,10,10,8,5,10,10,7,8,7,6,3,10,10,10,9,7,4,9,8,9,8,8,9,,2,,,10,5,7,4,9,6,5,7,8,7,9,8,2,1,7,1,2,2,1,8,8,9,6,8,2,7,10,5,6,5,9,10,10,10,9,10,8,8,5,8,,,10,10,,,10,1,10,9,10,7,8,8,8,8,9,8,2,2,2,4,4,9,7,7,10,9,8,6,,10,,,b'\x11\xe8\xe1I\xc7\xc7>h\xaf\x82\x12\xdf\x17\xaeN\x1e'
11E8E149-C7C7-3E68-AF82-12DF17AE4E1E,2012-ncaa-d1-natl,ncaa,324,325,196,325,263,307,295,280,293,310,309,217,170,104,310,46,322,314,289,314,237,300,288,270,290,296,124,78,282,253,245,241,156,257,224,225,56,189,285,238,277,259,201,187,,,25,50,,,304,290,252,262,315,303,266,312,309,156,74,326,316,316,293,267,237,208,236,208,236,273,194,,34,,,305,160,211,141,261,161,90,257,278,238,297,285,23,17,229,16,39,94,57,290,258,282,174,300,19,103,156,139,245,126,224,232,217,292,266,297,274,319,261,325,,,300,251,,,304,53,305,278,307,213,256,203,212,138,296,265,35,30,30,143,84,144,205,184,256,286,291,279,,298,,,b'\x11\xe8\xe1I\xc7\xc7>h\xaf\x82\x12\xdf\x17\xaeN\x1e'
11E8E149-C7C7-3E68-AF82-12DF17AE4E1E,2013-ncaa-d0-natl,ncaa,273,284,183,283,264,235,285,321,169,332,340,133,63,64,99,24,131,203,27,205,8,313,296,93,63,143,12,30,56,335,327,170,83,294,208,203,53,255,324,243,331,333,312,312,,,132,191,,,281,243,145,343,247,298,337,335,339,50,52,101,193,193,330,306,337,126,299,197,276,333,314,,156,,,279,226,208,177,235,105,90,188,320,272,334,295,144,103,324,111,161,150,96,282,281,317,307,317,122,68,83,83,327,63,208,271,291,310,317,334,240,299,277,344,,,225,105,,,281,113,208,297,272,258,240,209,131,104,322,293,172,121,132,192,108,96,104,91,290,312,249,293,,215,,,b'\x11\xe8\xe1I\xc7\xc7>h\xaf\x82\x12\xdf\x17\xaeN\x1e'
11E8E149-C7C7-3E68-AF82-12DF17AE4E1E,2013-ncaa-d1-conf-MVC,ncaa,7,7,7,7,7,9,10,10,5,10,10,3,4,4,5,3,5,7,1,6,1,10,10,3,2,5,3,3,3,10,10,5,5,10,4,7,2,8,10,8,9,9,10,10,,,3,6,,,7,10,7,1,8,10,10,10,9,4,4,3,5,5,10,10,10,4,9,7,9,9,10,,5,,,7,4,3,3,3,2,2,2,9,7,9,9,3,2,10,2,3,2,2,6,5,7,10,10,3,2,5,1,10,1,4,7,9,10,9,8,8,10,8,10,,,7,3,,,7,1,8,7,7,6,6,5,2,3,9,8,4,3,3,5,5,6,2,2,7,9,8,9,,5,,,b'\x11\xe8\xe1I\xc7\xc7>h\xaf\x82\x12\xdf\x17\xaeN\x1e'
11E8E149-C7C7-3E68-AF82-12DF17AE4E1E,2013-ncaa-d1-natl,ncaa,281,282,210,287,300,252,301,337,173,336,341,139,68,69,96,24,141,218,27,217,7,328,311,95,66,148,12,30,52,338,329,188,86,309,219,220,55,245,327,250,334,335,317,313,,,114,197,,,289,269,148,343,251,303,338,337,339,51,52,102,192,192,330,306,337,128,302,203,276,335,313,,157,,,288,210,192,160,242,93,71,192,318,266,336,292,135,93,325,100,165,122,66,286,284,320,307,314,122,56,86,63,329,48,219,263,292,320,321,334,224,302,271,344,,,238,104,,,289,86,215,306,281,262,245,211,137,107,323,292,178,124,131,196,108,98,106,94,291,315,249,293,,213,,,b'\x11\xe8\xe1I\xc7\xc7>h\xaf\x82\x12\xdf\x17\xaeN\x1e'
11E8E149-C7C7-3E68-AF82-12DF17AE4E1E,2014-ncaa-d0-natl,ncaa,165,173,131,173,164,168,200,138,279,255,268,199,71,38,259,40,149,172,86,170,72,145,143,226,207,203,46,64,144,246,306,58,70,119,205,110,48,180,174,121,139,177,279,281,,,109,59,,,154,107,69,270,181,232,133,284,290,69,41,152,195,197,143,148,262,25,114,95,173,158,291,,96,,,154,162,161,247,66,140,137,172,226,320,10,326,146,130,200,125,167,236,232,74,69,86,228,245,155,166,70,305,306,279,205,209,245,147,193,185,255,239,342,345,,,174,208,,,154,241,242,78,150,154,162,279,136,121,221,328,143,141,133,258,255,164,310,280,215,157,242,340,,199,,,b'\x11\xe8\xe1I\xc7\xc7>h\xaf\x82\x12\xdf\x17\xaeN\x1e'
11E8E149-C7C7-3E68-AF82-12DF17AE4E1E,2014-ncaa-d1-conf-MVC,ncaa,5,4,7,4,10,8,9,9,7,9,8,4,3,3,5,3,7,7,4,7,5,9,9,5,6,6,3,3,6,8,8,2,5,5,7,6,3,5,9,6,7,7,8,8,,,2,1,,,4,9,3,6,8,8,7,9,8,3,3,6,6,6,7,6,7,2,4,5,7,6,8,,2,,,4,2,3,4,2,4,1,5,7,9,1,10,2,3,4,3,6,4,4,2,1,3,7,8,5,6,5,7,8,7,7,6,9,4,5,5,6,9,9,10,,,8,5,,,4,2,8,3,4,3,4,6,4,3,7,10,3,4,4,5,8,7,9,8,7,4,8,9,,6,,,b'\x11\xe8\xe1I\xc7\xc7>h\xaf\x82\x12\xdf\x17\xaeN\x1e'
11E8E149-C7C7-3E68-AF82-12DF17AE4E1E,2014-ncaa-d1-natl,ncaa,173,171,145,178,193,188,223,162,284,272,283,205,80,47,258,40,166,194,84,192,71,167,168,232,213,205,46,63,141,262,309,66,71,138,213,122,50,163,176,125,163,184,287,284,,,95,61,,,171,132,72,273,189,240,137,288,292,70,42,160,198,198,147,152,264,27,119,99,175,162,294,,98,,,171,142,146,225,74,129,118,177,216,317,10,327,134,125,205,119,167,216,207,79,77,95,225,244,157,149,71,299,309,264,213,201,244,164,201,192,235,239,340,345,,,200,206,,,171,220,250,86,168,162,169,279,140,122,226,328,146,140,134,260,254,165,313,281,218,163,242,340,,202,,,b'\x11\xe8\xe1I\xc7\xc7>h\xaf\x82\x12\xdf\x17\xaeN\x1e'
11E8E149-C7C7-3E68-AF82-12DF17AE4E1E,2015-ncaa-d0-natl,ncaa,232,256,113,244,131,173,210,213,194,288,282,249,45,80,27,60,211,198,232,200,94,210,244,119,136,109,25,25,225,334,344,270,271,320,342,154,103,51,89,84,106,97,342,341,,,40,22,,,254,184,241,123,214,247,266,321,315,43,86,240,228,238,272,313,343,316,345,160,40,106,342,,23,,,254,259,271,195,293,188,79,314,326,320,275,334,82,44,338,46,95,151,183,323,320,281,280,325,37,180,271,311,344,290,342,320,320,122,116,255,116,166,261,316,,,175,110,,,254,186,174,277,241,247,263,165,163,43,326,322,80,42,45,101,126,163,310,286,321,129,120,252,,217,,,b'\x11\xe8\xe1I\xc7\xc7>h\xaf\x82\x12\xdf\x17\xaeN\x1e'
11E8E149-C7C7-3E68-AF82-12DF17AE4E1E,2015-ncaa-d1-conf-MVC,ncaa,6,7,1,6,1,5,5,4,7,8,9,8,2,3,1,3,7,5,8,5,2,4,5,6,6,6,2,2,7,9,9,8,10,9,10,5,3,3,3,4,4,5,10,10,,,4,3,,,7,4,9,4,6,7,7,9,9,3,3,9,8,8,7,10,9,9,10,6,3,8,10,,2,,,7,9,9,7,8,7,5,8,10,8,9,9,5,4,9,4,4,6,7,8,9,8,8,9,4,7,10,10,9,10,10,9,9,4,4,8,3,3,7,10,,,3,2,,,7,7,6,8,7,4,6,4,4,3,8,8,5,4,4,3,4,6,10,8,9,5,3,7,,5,,,b'\x11\xe8\xe1I\xc7\xc7>h\xaf\x82\x12\xdf\x17\xaeN\x1e'
11E8E149-C7C7-3E68-AF82-12DF17AE4E1E,2015-ncaa-d1-natl,ncaa,222,255,97,244,109,169,188,195,193,282,270,245,46,80,32,65,214,196,231,201,111,199,236,119,140,110,29,27,237,319,342,264,266,315,342,141,105,54,90,82,94,89,340,340,,,41,20,,,247,167,241,128,208,236,259,313,308,48,87,250,241,246,260,310,336,313,338,157,42,93,342,,21,,,246,265,277,207,288,191,86,310,331,325,285,335,82,39,339,43,85,172,202,319,310,271,285,326,34,183,266,321,342,298,342,324,321,119,111,255,126,165,292,326,,,176,126,,,247,200,173,269,233,237,258,165,155,41,326,320,69,34,36,102,123,156,303,272,319,133,119,280,,225,,,b'\x11\xe8\xe1I\xc7\xc7>h\xaf\x82\x12\xdf\x17\xaeN\x1e'
11E8E149-C7C7-3E68-AF82-12DF17AE4E1E,2016-ncaa-d0-natl,ncaa,338,348,114,345,120,281,293,231,313,315,286,312,122,106,215,62,290,269,288,264,166,246,246,289,299,297,54,47,229,306,338,284,252,306,341,289,237,181,240,285,170,164,289,300,,,98,113,,,337,198,270,60,322,329,290,335,316,129,105,302,282,282,303,308,321,322,339,315,173,178,298,,91,,,333,285,313,207,342,309,174,341,269,229,301,254,49,43,231,44,55,165,156,342,338,328,85,222,17,155,252,311,338,282,341,342,337,216,206,335,219,261,296,337,,,278,266,,,337,153,319,323,335,268,303,175,291,140,267,232,48,37,38,126,87,136,309,262,342,238,207,301,,319,,,b'\x11\xe8\xe1I\xc7\xc7>h\xaf\x82\x12\xdf\x17\xaeN\x1e'
11E8E149-C7C7-3E68-AF82-12DF17AE4E1E,2016-ncaa-d1-conf-MVC,ncaa,10,10,4,10,4,7,7,6,7,9,9,9,5,6,5,3,9,9,10,9,8,8,9,6,6,6,2,2,8,8,8,8,9,9,10,7,6,4,5,7,7,8,9,9,,,3,5,,,10,8,9,5,8,7,8,10,9,6,6,10,9,9,8,9,8,8,10,7,3,8,9,,4,,,10,9,10,6,8,9,5,8,8,7,9,8,3,3,6,3,3,5,4,10,10,10,4,8,3,7,9,9,8,9,10,10,10,9,8,10,4,5,9,9,,,9,7,,,10,4,7,10,10,10,10,7,8,5,8,8,3,3,3,7,3,7,10,10,10,8,3,9,,10,,,b'\x11\xe8\xe1I\xc7\xc7>h\xaf\x82\x12\xdf\x17\xaeN\x1e'
11E8E149-C7C7-3E68-AF82-12DF17AE4E1E,2016-ncaa-d1-natl,ncaa,342,348,142,348,151,306,317,272,318,336,310,317,132,116,218,62,301,282,290,281,167,283,287,295,302,302,51,48,225,321,339,313,259,334,344,312,240,156,245,292,196,176,295,300,,,78,116,,,339,242,276,57,328,336,298,339,320,133,104,302,284,285,305,314,326,328,342,323,173,192,296,,90,,,336,268,308,178,344,298,137,344,259,216,309,248,40,36,232,36,56,131,109,344,341,333,85,217,16,131,259,296,339,265,344,339,338,243,216,337,202,267,291,339,,,304,264,,,339,109,324,329,338,275,312,180,299,143,267,226,50,39,39,131,82,135,314,273,343,249,207,303,,318,,,b'\x11\xe8\xe1I\xc7\xc7>h\xaf\x82\x12\xdf\x17\xaeN\x1e'
11E8E149-C7C7-3E68-AF82-12DF17AE4E1E,2017-ncaa-d0-natl,ncaa,197,210,168,210,215,234,265,239,283,299,292,263,144,110,229,79,145,196,71,195,81,229,254,252,217,206,43,90,75,321,327,203,305,274,331,274,241,87,151,229,114,113,247,254,,,53,47,,,249,211,183,268,252,290,253,308,303,134,89,140,191,199,246,283,323,194,302,288,111,102,249,,61,,,249,170,192,229,134,184,159,244,193,288,14,298,111,92,228,93,111,206,190,132,110,163,130,194,121,311,305,271,327,297,331,253,268,210,226,248,128,180,260,311,,,207,123,,,249,152,247,222,247,208,224,280,216,168,204,306,111,107,106,252,234,320,293,321,270,209,143,269,,209,,,b'\x11\xe8\xe1I\xc7\xc7>h\xaf\x82\x12\xdf\x17\xaeN\x1e'
11E8E149-C7C7-3E68-AF82-12DF17AE4E1E,2017-ncaa-d1-conf-MVC,ncaa,6,6,3,6,4,7,7,8,7,8,8,7,4,3,3,2,4,7,1,7,4,7,7,6,6,6,1,2,3,9,9,5,10,9,9,7,5,6,6,7,5,7,8,8,,,3,3,,,7,6,6,6,7,7,9,9,10,5,5,5,7,7,9,9,9,6,9,7,5,5,9,,4,,,7,5,5,9,3,6,6,7,5,9,1,8,5,5,8,5,5,9,9,3,3,5,6,5,4,10,10,7,9,10,9,8,9,7,8,6,2,4,6,8,,,5,3,,,7,5,6,6,7,5,6,10,6,7,5,9,6,6,6,10,9,10,7,10,8,7,3,6,,5,,,b'\x11\xe8\xe1I\xc7\xc7>h\xaf\x82\x12\xdf\x17\xaeN\x1e'
11E8E149-C7C7-3E68-AF82-12DF17AE4E1E,2017-ncaa-d1-natl,ncaa,194,210,144,209,198,217,263,237,257,281,294,224,129,96,214,78,142,189,76,198,78,239,261,221,182,186,46,92,91,320,327,196,304,280,330,259,225,91,149,210,107,110,251,256,,,48,45,,,250,208,175,270,231,268,246,294,300,119,86,138,187,197,245,281,323,192,298,264,107,102,250,,62,,,249,189,208,252,135,195,161,241,207,298,24,297,116,94,246,96,110,225,207,138,120,168,145,207,118,314,304,274,327,301,330,260,266,199,225,252,134,173,265,310,,,204,125,,,250,154,223,226,240,217,232,284,222,167,222,308,114,104,105,257,240,321,280,314,275,201,142,272,,209,,,b'\x11\xe8\xe1I\xc7\xc7>h\xaf\x82\x12\xdf\x17\xaeN\x1e'
11E8E149-C7C7-3E68-AF82-12DF17AE4E1E,2018-ncaa-d0-natl,ncaa,348,343,295,348,318,318,335,337,300,346,344,320,103,121,102,28,253,322,1,325,128,336,337,225,164,238,4,20,88,349,349,303,342,347,349,327,215,143,298,307,349,349,296,302,,,47,70,,,348,314,168,278,306,329,328,347,340,70,68,199,310,314,335,329,349,254,348,323,247,347,289,,131,,,349,327,330,267,336,301,194,337,333,311,326,309,84,91,96,92,97,253,112,342,338,348,181,303,18,331,342,191,349,282,349,345,320,348,348,349,274,336,264,348,,,343,291,,,348,48,302,349,348,348,349,346,343,307,346,346,166,179,178,345,291,344,299,339,348,346,321,311,,336,,,b'\x11\xe8\xe1I\xc7\xc7>h\xaf\x82\x12\xdf\x17\xaeN\x1e'
11E8E149-C7C7-3E68-AF82-12DF17AE4E1E,2018-ncaa-d1-conf-MVC,ncaa,10,10,7,10,7,10,10,8,10,10,10,10,3,3,6,1,9,10,1,10,8,10,10,8,7,9,1,1,4,10,10,8,10,10,10,10,8,6,8,10,10,10,9,9,,,4,2,,,10,8,5,5,10,10,8,10,10,3,3,9,10,10,10,10,10,8,10,10,8,10,8,,5,,,10,10,10,10,10,10,10,10,10,8,10,8,5,5,3,5,2,10,8,10,10,10,4,8,2,10,10,9,10,10,10,10,9,10,10,10,10,10,10,10,,,10,10,,,10,3,10,10,10,10,10,10,10,10,10,9,5,5,5,10,10,10,9,10,10,10,10,10,,10,,,b'\x11\xe8\xe1I\xc7\xc7>h\xaf\x82\x12\xdf\x17\xaeN\x1e'
11E8E149-C7C7-3E68-AF82-12DF17AE4E1E,2018-ncaa-d1-natl,ncaa,341,342,213,342,294,286,318,322,283,345,342,309,78,88,86,27,227,311,1,311,129,326,332,192,141,212,6,23,108,349,349,238,338,340,348,311,206,194,290,287,348,347,276,286,,,75,68,,,347,262,142,279,285,321,321,346,339,68,64,192,304,307,327,322,349,193,343,309,241,344,265,,128,,,347,333,334,308,335,323,253,335,339,330,303,306,110,150,61,147,103,304,202,338,328,348,169,298,21,342,338,241,349,319,348,346,314,347,348,349,308,333,283,348,,,334,296,,,347,110,290,348,347,347,348,346,343,308,346,346,157,188,186,345,293,344,295,338,348,346,318,309,,335,,,b'\x11\xe8\xe1I\xc7\xc7>h\xaf\x82\x12\xdf\x17\xaeN\x1e'
11E8E149-C7C7-3E68-AF82-12DF17AE4E1E,2019-ncaa-d0-natl,ncaa,336,344,173,341,220,286,308,248,334,336,303,331,137,100,270,49,198,272,14,261,142,260,294,315,298,261,26,53,63,347,351,231,303,323,349,311,238,49,134,239,325,331,251,277,,,213,236,,,346,211,187,244,314,332,269,345,306,124,79,185,274,267,284,320,348,236,343,331,83,327,260,,245,,,343,308,317,247,321,311,218,328,253,241,238,213,190,213,118,215,187,246,167,322,312,342,113,175,99,285,303,343,351,336,349,332,296,325,337,349,117,203,337,350,,,302,270,,,346,134,312,347,346,334,335,304,322,262,278,264,216,233,235,311,214,301,347,341,335,326,141,342,,316,,,b'\x11\xe8\xe1I\xc7\xc7>h\xaf\x82\x12\xdf\x17\xaeN\x1e'
11E8E149-C7C7-3E68-AF82-12DF17AE4E1E,2019-ncaa-d1-conf-MVC,ncaa,10,10,7,10,10,10,10,9,10,9,8,10,6,4,10,4,8,9,4,9,6,9,10,10,10,10,3,4,3,10,10,8,10,10,10,10,8,1,3,9,9,9,10,10,,,4,5,,,10,9,5,9,10,10,6,9,8,6,4,8,9,9,6,9,9,8,9,10,1,9,10,,5,,,10,9,9,7,8,9,7,9,8,7,8,7,5,5,4,5,5,7,4,8,8,10,1,6,3,10,10,10,10,10,10,10,10,9,9,10,1,4,10,10,,,9,9,,,10,2,10,10,10,9,10,10,10,9,10,8,5,6,6,10,7,10,10,10,10,9,3,10,,9,,,b'\x11\xe8\xe1I\xc7\xc7>h\xaf\x82\x12\xdf\x17\xaeN\x1e'
11E8E149-C7C7-3E68-AF82-12DF17AE4E1E,2019-ncaa-d1-natl,ncaa,341,343,233,344,281,310,332,293,336,346,328,334,150,110,271,51,220,286,12,282,145,299,328,320,300,268,26,52,60,348,350,268,310,346,349,331,243,36,138,252,333,332,269,284,,,179,240,,,347,266,196,241,318,334,281,345,310,129,81,186,276,271,290,319,348,248,347,332,84,329,267,,244,,,347,292,306,215,329,300,182,330,239,219,255,210,170,191,121,194,189,207,107,329,319,347,107,174,96,263,310,335,350,329,349,325,294,338,339,350,92,204,335,350,,,322,268,,,347,77,321,349,348,336,337,303,328,267,281,261,219,234,238,311,214,302,348,343,335,332,146,343,,316,,,b'\x11\xe8\xe1I\xc7\xc7>h\xaf\x82\x12\xdf\x17\xaeN\x1e'
11E8E149-C7C7-3E68-AF82-12DF17AE4E1E,2020-ncaa-d0-natl,ncaa,346,337,260,347,299,313,318,322,278,333,341,168,133,74,295,29,313,303,285,299,104,323,281,234,259,298,51,48,260,344,347,274,330,335,344,248,92,297,340,291,228,242,188,138,,,228,230,,,341,217,73,192,300,316,301,330,337,114,50,306,287,282,309,231,342,226,328,227,325,202,168,,279,,,342,295,261,200,281,145,53,307,345,338,281,344,239,261,159,255,304,212,187,320,318,323,337,331,178,319,330,276,347,314,344,306,287,215,227,296,336,345,250,342,,,276,209,,,341,125,330,338,339,336,311,300,207,79,347,346,279,288,284,316,310,335,322,341,329,178,341,273,,228,,,b'\x11\xe8\xe1I\xc7\xc7>h\xaf\x82\x12\xdf\x17\xaeN\x1e'
11E8E149-C7C7-3E68-AF82-12DF17AE4E1E,2020-ncaa-d1-conf-MVC,ncaa,10,10,1,10,9,10,10,9,10,9,9,9,6,3,9,3,10,10,9,10,9,10,8,9,10,10,4,3,10,9,10,7,10,9,10,8,4,9,10,9,8,8,6,7,,,4,5,,,10,4,4,9,10,10,9,9,9,6,3,10,10,10,10,8,9,7,9,8,9,8,6,,4,,,10,10,10,9,9,9,6,8,10,10,7,10,5,7,2,7,7,9,9,9,8,10,10,10,1,10,10,10,10,10,10,10,8,7,10,10,10,10,10,9,,,10,10,,,10,6,10,10,10,10,10,9,9,6,10,10,5,7,7,9,9,10,10,10,10,7,10,10,,10,,,b'\x11\xe8\xe1I\xc7\xc7>h\xaf\x82\x12\xdf\x17\xaeN\x1e'
11E8E149-C7C7-3E68-AF82-12DF17AE4E1E,2020-ncaa-d1-natl,ncaa,341,337,257,342,296,311,321,306,280,328,339,142,134,62,311,25,312,293,298,292,102,318,280,240,266,303,62,53,268,341,344,268,330,331,347,246,97,300,338,291,212,224,186,145,,,237,212,,,340,186,70,196,299,308,286,325,336,115,40,310,286,283,296,204,338,228,328,220,322,189,166,,271,,,341,308,281,231,285,167,61,306,344,339,290,341,239,250,152,245,293,242,228,319,316,316,333,331,164,327,330,298,344,328,347,312,282,197,222,292,337,343,252,341,,,263,209,,,340,147,333,340,340,336,313,300,217,98,347,347,270,276,273,319,314,338,330,342,328,158,341,277,,220,,,b'\x11\xe8\xe1I\xc7\xc7>h\xaf\x82\x12\xdf\x17\xaeN\x1e'
11E8E149-C7C7-3E68-AF82-12DF17AE4E1E,2021-ncaa-d0-natl,ncaa,265,310,157,294,181,254,264,251,297,251,228,295,262,238,291,236,153,125,279,135,39,234,195,305,290,316,141,253,19,299,334,131,262,208,317,268,192,308,331,327,230,284,195,146,,,89,18,,,340,166,145,155,325,329,340,309,273,299,278,142,84,99,330,271,331,89,273,317,317,265,209,,34,,,334,230,226,241,126,117,85,292,340,341,126,342,133,125,230,126,241,225,195,236,213,278,336,341,44,279,262,240,334,263,317,305,326,242,305,329,336,341,267,309,,,135,37,,,340,176,332,307,334,289,257,318,67,11,343,343,103,91,98,306,258,308,292,317,325,291,339,280,,93,,,b'\x11\xe8\xe1I\xc7\xc7>h\xaf\x82\x12\xdf\x17\xaeN\x1e'
11E8E149-C7C7-3E68-AF82-12DF17AE4E1E,2021-ncaa-d1-conf-MVC,ncaa,9,10,6,10,8,9,10,9,10,9,8,9,10,9,10,8,7,5,9,5,4,9,6,10,10,10,7,10,1,8,9,5,10,7,9,10,9,9,10,10,10,10,8,7,,,1,1,,,10,6,3,5,10,10,10,9,7,10,10,8,3,3,9,6,8,5,6,10,10,10,8,,1,,,10,9,8,8,6,3,3,8,10,10,7,10,4,3,6,4,8,8,7,8,8,8,10,10,1,10,10,9,9,10,9,10,10,9,10,10,9,10,10,9,,,5,3,,,10,5,10,9,10,9,9,10,4,1,10,10,5,5,5,10,10,10,9,10,9,10,10,10,,2,,,b'\x11\xe8\xe1I\xc7\xc7>h\xaf\x82\x12\xdf\x17\xaeN\x1e'
11E8E149-C7C7-3E68-AF82-12DF17AE4E1E,2021-ncaa-d1-natl,ncaa,258,310,152,291,171,230,260,228,289,247,216,287,243,228,272,237,143,96,286,101,38,217,182,292,283,311,136,242,20,295,333,111,241,189,310,242,175,321,330,324,219,271,173,134,,,98,18,,,339,151,132,157,321,328,339,307,270,290,277,127,71,78,327,251,328,73,253,305,319,255,197,,34,,,333,246,233,250,118,124,92,277,341,342,115,342,143,134,219,137,249,238,203,222,190,268,336,341,47,285,241,257,333,269,310,310,326,233,306,326,338,342,273,302,,,114,37,,,339,188,330,291,334,279,252,321,56,10,343,343,108,103,108,304,259,298,281,312,323,284,337,273,,80,,,b'\x11\xe8\xe1I\xc7\xc7>h\xaf\x82\x12\xdf\x17\xaeN\x1e'
11E8E149-C7C7-3E68-AF82-12DF17AE4E1E,2022-ncaa-d0-natl,ncaa,295,316,163,302,166,161,193,150,285,197,169,243,191,135,291,168,45,40,159,40,27,123,117,277,240,220,102,213,14,240,316,213,318,237,343,270,317,202,153,267,141,204,181,215,,,312,254,,,321,95,34,30,146,216,121,204,160,199,133,23,24,23,67,59,256,245,272,290,205,143,182,,320,,,316,334,321,257,328,333,260,329,209,207,213,124,336,323,325,324,274,275,272,318,330,324,121,86,271,313,318,334,316,338,343,323,214,124,192,263,254,215,238,221,,,90,93,,,321,264,245,331,311,349,341,306,342,308,220,216,338,319,324,338,336,317,344,344,326,112,249,243,,52,,,b'\x11\xe8\xe1I\xc7\xc7>h\xaf\x82\x12\xdf\x17\xaeN\x1e'
11E8E149-C7C7-3E68-AF82-12DF17AE4E1E,2022-ncaa-d1-conf-MVC,ncaa,9,9,7,9,7,8,9,5,9,8,6,8,8,5,10,6,3,2,5,2,2,5,5,10,9,10,3,6,1,6,8,10,10,9,10,10,9,8,8,10,6,6,7,9,,,8,6,,,10,3,1,1,8,9,4,8,4,7,5,1,1,1,2,3,6,8,9,10,9,5,7,,9,,,10,10,10,7,10,10,8,10,7,6,10,3,9,9,6,9,7,8,8,10,10,10,3,4,6,8,10,10,8,10,10,10,9,6,5,9,9,9,6,8,,,6,4,,,10,8,10,10,10,10,10,9,10,9,8,6,9,9,9,10,10,9,10,10,10,4,9,8,,4,,,b'\x11\xe8\xe1I\xc7\xc7>h\xaf\x82\x12\xdf\x17\xaeN\x1e'
11E8E149-C7C7-3E68-AF82-12DF17AE4E1E,2022-ncaa-d1-natl,ncaa,296,316,146,305,150,153,200,144,274,199,171,236,190,134,287,173,32,30,149,29,23,117,117,269,226,207,98,210,12,247,322,213,320,243,344,263,302,213,162,267,144,215,163,196,,,321,276,,,322,88,33,29,144,220,132,204,172,192,135,17,14,14,69,59,267,235,278,283,213,149,166,,327,,,317,341,331,275,332,330,266,332,229,218,229,133,342,327,310,328,288,299,290,320,335,326,137,98,282,328,320,336,322,341,344,324,219,113,191,264,254,214,238,222,,,71,69,,,322,273,246,334,311,348,338,305,342,300,234,223,339,326,329,338,338,320,344,345,324,108,244,243,,41,,,b'\x11\xe8\xe1I\xc7\xc7>h\xaf\x82\x12\xdf\x17\xaeN\x1e'
11E8E149-C7C7-3E68-AF82-12DF17AE4E1E,2023-ncaa-d0-natl,ncaa,242,257,164,258,199,202,280,260,278,273,233,290,225,229,218,225,18,24,173,23,7,189,170,273,221,231,59,225,2,235,259,215,223,228,269,241,148,234,245,258,324,343,183,239,,,215,201,,,323,151,90,176,212,311,301,294,231,227,224,5,8,8,185,154,236,225,250,254,247,330,187,,240,,,319,309,327,241,338,343,290,315,161,108,303,66,237,238,132,234,145,246,207,322,319,340,43,77,131,189,223,243,259,231,269,266,123,262,300,307,302,303,246,279,,,61,22,,,323,216,251,338,312,339,349,294,353,333,182,116,245,257,250,303,265,221,262,264,281,264,305,262,,26,,,b'\x11\xe8\xe1I\xc7\xc7>h\xaf\x82\x12\xdf\x17\xaeN\x1e'
11E8E149-C7C7-3E68-AF82-12DF17AE4E1E,2023-ncaa-d1-conf-MVC,ncaa,9,9,9,9,9,9,10,10,11,10,10,10,9,10,10,9,3,3,8,3,4,10,9,11,10,10,7,9,2,10,10,8,10,10,10,10,5,9,9,11,12,12,6,9,,,5,6,,,10,8,5,3,9,10,10,10,5,9,8,2,3,3,9,6,10,8,9,10,9,12,6,,7,,,10,9,10,8,8,11,11,7,4,4,8,3,6,5,7,5,3,7,5,7,8,10,1,3,4,8,10,10,10,9,10,8,4,11,11,10,12,12,7,7,,,6,4,,,10,5,11,10,10,10,11,10,11,11,6,5,7,6,6,11,10,8,11,11,9,10,12,8,,4,,,b'\x11\xe8\xe1I\xc7\xc7>h\xaf\x82\x12\xdf\x17\xaeN\x1e'
11E8E149-C7C7-3E68-AF82-12DF17AE4E1E,2023-ncaa-d1-natl,ncaa,265,257,219,273,260,241,312,310,287,304,261,300,239,252,224,227,22,26,173,26,7,247,230,286,228,244,56,227,2,266,272,258,233,278,281,277,150,214,255,275,340,347,199,246,,,183,210,,,330,213,96,175,228,322,306,306,236,228,227,6,8,9,204,157,241,239,260,270,250,336,191,,243,,,327,303,319,208,343,338,275,323,151,89,313,67,219,225,135,219,155,220,151,329,326,344,41,80,128,164,233,208,272,200,281,255,124,296,310,317,283,312,237,286,,,76,20,,,330,155,263,343,321,342,351,297,354,335,188,118,247,259,254,309,263,223,266,272,290,279,306,270,,24,,,b'\x11\xe8\xe1I\xc7\xc7>h\xaf\x82\x12\xdf\x17\xaeN\x1e'
11E8E149-C7C7-3E68-AF82-12DF17AE4E1E,2024-ncaa-d0-natl,ncaa,341,359,94,350,97,162,198,106,328,177,95,311,244,175,329,233,29,22,184,23,58,84,49,330,301,305,152,267,16,181,309,131,178,146,313,179,132,344,257,274,285,339,246,314,,,303,204,,,353,29,19,35,211,264,111,216,115,265,198,27,22,25,70,31,214,162,199,210,319,316,267,,292,,,349,358,358,321,357,360,337,359,191,218,132,81,348,339,281,343,273,336,317,355,354,357,27,19,229,214,178,354,309,348,313,344,149,183,303,333,357,339,354,341,,,16,34,,,353,331,320,350,347,357,357,330,359,340,168,187,341,332,334,348,335,183,353,336,335,225,349,353,,13,,,b'\x11\xe8\xe1I\xc7\xc7>h\xaf\x82\x12\xdf\x17\xaeN\x1e'
11E8E149-C7C7-3E68-AF82-12DF17AE4E1E,2024-ncaa-d1-conf-MVC,ncaa,11,11,9,11,10,11,12,9,12,10,7,10,10,7,12,8,7,7,10,7,6,10,8,12,12,12,8,9,2,9,10,9,9,9,10,10,4,9,11,10,10,10,10,10,,,6,7,,,11,7,3,4,11,12,7,10,7,9,7,7,5,5,6,4,9,7,9,9,10,10,10,,9,,,11,11,11,9,10,11,8,12,5,8,2,7,9,9,7,9,9,10,9,10,10,10,3,3,8,10,9,12,10,12,10,11,7,10,10,11,12,12,10,11,,,5,3,,,11,9,12,11,11,11,11,10,11,9,7,9,10,10,10,12,12,10,12,12,11,10,12,11,,4,,,b'\x11\xe8\xe1I\xc7\xc7>h\xaf\x82\x12\xdf\x17\xaeN\x1e'
11E8E149-C7C7-3E68-AF82-12DF17AE4E1E,2024-ncaa-d1-natl,ncaa,352,361,130,356,134,204,245,138,338,216,125,329,263,202,331,235,41,33,184,35,57,110,68,341,317,318,148,267,12,215,317,165,192,193,325,214,138,332,263,288,311,345,259,324,,,293,214,,,357,43,21,33,227,290,121,236,117,272,205,30,23,25,74,36,229,179,221,228,321,327,279,,299,,,355,360,360,310,360,362,328,361,177,197,147,80,347,337,288,340,274,328,309,359,356,360,26,22,231,194,192,354,317,348,325,343,152,225,313,340,358,345,356,346,,,25,31,,,357,321,332,356,352,360,361,333,362,342,175,189,345,337,339,351,338,188,354,341,340,236,353,356,,14,,,b'\x11\xe8\xe1I\xc7\xc7>h\xaf\x82\x12\xdf\x17\xaeN\x1e'
11E8E149-C7C7-3E68-AF82-12DF17AE4E1E,2025-ncaa-d0-natl,genius_ncaa,325,344,135,331,157,212,281,211,331,320,254,348,150,146,175,124,41,58,45,56,15,178,126,303,245,301,11,101,7,281,326,129,234,203,302,236,129,350,342,322,256,307,244,290,,,276,202,,335,342,86,22,208,249,336,273,343,286,149,140,32,49,47,218,100,300,121,227,254,343,276,252,,278,,340,336,341,343,304,317,349,302,339,237,272,134,161,259,298,54,292,201,309,287,299,286,320,68,105,124,281,234,303,326,305,302,353,289,216,294,342,346,334,270,312,,,93,96,,121,342,281,326,320,332,345,353,345,354,332,239,269,256,288,285,351,333,278,318,311,351,227,340,274,,74,,127,b'\x11\xe8\xe1I\xc7\xc7>h\xaf\x82\x12\xdf\x17\xaeN\x1e'
11E8E149-C7C7-3E68-AF82-12DF17AE4E1E,2025-ncaa-d1-conf-MVC,genius_ncaa,10,10,9,10,9,11,12,11,12,12,9,12,8,7,10,6,2,4,4,3,1,10,10,11,11,11,1,6,1,10,10,9,9,11,11,11,5,12,11,12,9,10,11,11,,,9,8,,12,11,7,3,5,10,12,10,12,9,8,6,2,2,2,10,7,10,9,11,11,12,9,11,,10,,12,11,9,9,7,11,10,9,12,5,5,5,5,6,9,1,9,7,8,6,11,11,10,2,3,4,9,9,10,10,11,11,11,11,8,8,10,12,11,10,12,,,4,3,,6,11,6,11,10,11,10,10,11,11,10,6,5,8,10,10,11,11,9,11,11,11,6,12,11,,3,,6,b'\x11\xe8\xe1I\xc7\xc7>h\xaf\x82\x12\xdf\x17\xaeN\x1e'
11E8E149-C7C7-3E68-AF82-12DF17AE4E1E,2025-ncaa-d1-natl,genius_ncaa,319,344,113,329,136,206,294,201,340,325,245,351,152,134,194,128,37,51,38,50,17,171,105,313,257,298,15,115,6,261,316,126,230,188,301,238,135,349,337,326,236,297,253,299,,,300,229,,334,341,76,25,212,252,334,266,340,279,158,139,26,48,45,207,93,283,128,228,271,342,255,265,,294,,339,340,344,349,315,323,353,307,348,234,269,124,158,270,307,49,301,215,319,286,309,295,320,67,88,140,275,230,317,316,313,301,352,289,208,286,338,348,325,267,304,,,83,88,,125,341,289,324,320,333,349,353,340,352,322,222,266,263,298,296,345,330,263,322,308,346,213,338,262,,66,,134,b'\x11\xe8\xe1I\xc7\xc7>h\xaf\x82\x12\xdf\x17\xaeN\x1e'
11E8E149-C7C7-3E68-AF82-12DF17AE4E1E,2026-ncaa-d0-natl,genius_ncaa,260,295,116,284,142,182,200,146,313,259,215,315,74,64,140,45,208,176,276,179,148,153,143,269,286,278,19,23,226,183,271,166,124,174,242,149,70,263,226,202,268,319,166,226,,,213,186,,227,322,133,71,97,241,258,142,337,277,63,41,259,224,228,162,127,219,210,216,157,239,318,194,,191,,214,306,317,324,229,339,331,263,325,247,175,315,93,261,280,124,269,208,242,217,337,331,333,91,112,146,125,124,299,271,247,242,320,239,190,240,306,236,203,260,284,,,172,256,,140,322,236,277,307,299,322,332,237,333,286,219,115,245,271,259,262,236,85,317,238,325,223,225,248,,232,,170,b'\x11\xe8\xe1I\xc7\xc7>h\xaf\x82\x12\xdf\x17\xaeN\x1e'
11E8E149-C7C7-3E68-AF82-12DF17AE4E1E,2026-ncaa-d1-natl,genius_ncaa,301,294,177,317,197,261,279,221,334,337,289,339,101,91,157,50,272,246,279,244,150,233,212,299,306,298,17,21,209,258,297,249,140,259,282,213,73,211,249,237,331,341,209,243,,,171,209,,201,335,199,86,100,273,295,169,350,294,68,47,268,236,238,189,154,251,239,259,198,256,338,207,,206,,224,334,300,310,172,353,325,204,344,218,114,333,88,231,251,136,238,212,185,146,353,348,352,80,111,139,77,140,267,297,197,282,307,248,265,271,324,188,219,241,304,,,242,248,,162,335,174,308,336,330,340,345,249,349,295,242,118,259,281,272,276,231,89,330,260,337,251,231,267,,231,,155,b'\x11\xe8\xe1I\xc7\xc7>h\xaf\x82\x12\xdf\x17\xaeN\x1e'
11E8E149-C7CB-A232-AF82-12DF17AE4E1E,2010-ncaa-d0-natl,ncaa,40,19,122,29,167,77,153,213,73,323,341,25,2,2,30,2,107,149,60,149,3,199,248,9,11,7,1,2,199,324,329,240,178,298,304,18,1,22,53,5,145,125,306,307,,,205,260,,,33,194,253,283,53,153,262,336,344,2,2,103,145,149,245,307,331,297,329,9,22,155,313,,199,,,28,72,60,86,159,118,116,139,63,62,162,96,176,143,279,145,190,81,133,130,162,83,154,99,251,97,178,203,329,156,304,85,175,81,36,47,12,23,76,302,,,44,1,,,33,143,18,74,25,55,51,26,97,89,60,43,158,137,136,29,64,75,199,144,85,81,13,72,,19,,,b'\x11\xe8\xe1I\xc7\xcb\xa22\xaf\x82\x12\xdf\x17\xaeN\x1e'
11E8E149-C7CB-A232-AF82-12DF17AE4E1E,2010-ncaa-d1-natl,ncaa,41,19,134,29,181,87,161,226,74,331,343,25,2,3,29,2,116,156,59,156,2,212,271,9,11,7,1,2,197,328,331,264,184,318,308,19,1,18,52,7,158,130,309,309,,,189,260,,,34,219,252,285,54,157,262,339,344,2,2,102,146,150,248,307,332,298,331,11,22,167,314,,199,,,28,59,49,55,163,104,104,142,51,48,164,94,166,133,281,135,189,53,115,137,170,92,151,99,251,84,184,188,331,137,308,78,176,91,39,53,11,23,70,305,,,52,1,,,34,118,18,86,25,56,51,25,100,88,62,43,161,139,138,31,64,78,204,145,87,83,13,74,,20,,,b'\x11\xe8\xe1I\xc7\xcb\xa22\xaf\x82\x12\xdf\x17\xaeN\x1e'
11E8E149-C7CB-A232-AF82-12DF17AE4E1E,2011-ncaa-d0-natl,ncaa,14,8,77,9,114,52,79,123,43,300,336,21,1,2,11,2,170,206,102,209,5,137,193,4,6,5,1,1,314,289,298,225,217,268,284,41,37,19,23,13,100,103,336,341,,,182,172,,,19,149,254,257,40,83,196,329,342,1,1,219,261,260,228,309,320,295,326,34,10,119,342,,132,,,17,84,108,142,110,152,158,154,78,145,36,174,125,95,269,98,117,128,197,85,104,43,92,106,180,172,217,198,298,191,284,33,28,46,33,12,10,14,60,272,,,58,13,,,19,204,9,43,13,50,63,65,100,82,62,106,98,75,79,39,89,121,131,123,18,61,5,47,,82,,,b'\x11\xe8\xe1I\xc7\xcb\xa22\xaf\x82\x12\xdf\x17\xaeN\x1e'
11E8E149-C7CB-A232-AF82-12DF17AE4E1E,2011-ncaa-d1-natl,ncaa,14,8,95,9,128,59,91,140,44,308,340,21,1,2,10,2,187,224,102,227,4,161,225,5,6,5,1,1,314,304,301,246,219,285,289,45,38,12,24,13,117,110,340,342,,,165,175,,,19,179,257,260,40,87,200,330,342,1,1,224,264,262,233,310,320,297,326,35,10,129,342,,132,,,17,64,95,115,114,135,135,158,69,129,38,171,114,81,274,84,115,101,168,89,108,48,89,106,179,156,219,180,301,165,289,25,27,54,35,15,8,14,57,277,,,71,10,,,19,178,9,47,13,53,65,65,103,86,64,106,99,75,77,42,89,125,135,125,19,64,5,48,,81,,,b'\x11\xe8\xe1I\xc7\xcb\xa22\xaf\x82\x12\xdf\x17\xaeN\x1e'
11E8E149-C7CB-A232-AF82-12DF17AE4E1E,2012-ncaa-d0-natl,ncaa,11,5,120,5,145,42,86,157,22,278,341,7,3,2,9,1,110,177,25,171,3,161,210,2,2,4,1,2,264,260,220,208,156,243,180,26,19,17,25,6,65,42,158,158,,,114,114,,,7,185,231,209,18,55,171,312,342,1,2,113,197,197,185,274,282,256,289,15,17,59,160,,91,,,5,31,67,87,125,159,178,154,9,32,8,38,43,84,23,83,76,72,150,68,49,19,11,21,110,115,156,78,220,81,180,9,3,58,27,7,19,35,42,250,,,86,17,,,7,158,7,19,5,22,53,49,150,163,8,28,42,71,71,33,95,107,64,59,7,47,23,44,,82,,,b'\x11\xe8\xe1I\xc7\xcb\xa22\xaf\x82\x12\xdf\x17\xaeN\x1e'
11E8E149-C7CB-A232-AF82-12DF17AE4E1E,2012-ncaa-d1-conf-ASUN,ncaa,1,1,1,1,2,1,1,4,1,7,9,1,1,1,1,1,1,3,2,3,2,4,5,1,1,1,1,1,8,6,6,2,6,6,5,1,1,2,2,1,2,1,3,4,,,4,2,,,1,3,8,7,1,1,6,9,10,1,1,5,6,6,6,9,8,9,9,1,1,2,3,,2,,,1,3,3,7,3,6,10,3,1,2,1,2,2,2,1,2,1,4,8,2,1,1,1,2,2,7,6,4,6,5,5,2,1,1,1,1,2,2,1,8,,,1,3,,,1,8,1,1,1,1,2,1,5,6,1,2,1,1,1,1,3,2,2,2,1,1,1,1,,3,,,b'\x11\xe8\xe1I\xc7\xcb\xa22\xaf\x82\x12\xdf\x17\xaeN\x1e'
11E8E149-C7CB-A232-AF82-12DF17AE4E1E,2012-ncaa-d1-natl,ncaa,9,5,90,5,115,25,53,123,20,278,341,6,1,2,8,1,101,166,26,165,3,127,195,2,2,3,1,1,274,244,210,188,143,224,165,16,17,14,21,5,52,40,143,147,,,112,105,,,5,170,229,215,14,47,162,316,343,1,1,118,200,201,172,261,274,251,285,11,13,59,149,,82,,,4,29,64,100,97,169,196,121,8,29,7,36,51,81,26,82,75,88,167,58,38,12,12,21,123,130,143,95,210,94,165,8,3,38,26,5,18,25,50,255,,,72,21,,,5,177,4,14,4,17,40,47,138,163,8,23,43,65,68,28,95,102,65,59,5,40,16,43,,83,,,b'\x11\xe8\xe1I\xc7\xcb\xa22\xaf\x82\x12\xdf\x17\xaeN\x1e'
11E8E149-C7CB-A232-AF82-12DF17AE4E1E,2012-ncaa-d1-ncaatournament,ncaa,33,2,33,33,33,40,46,53,43,55,60,33,34,30,45,6,29,32,23,32,3,43,43,38,31,28,4,14,7,53,55,34,1,44,26,49,45,9,27,47,55,57,40,32,,,30,62,,,34,37,51,1,32,44,47,54,59,10,3,5,5,5,29,29,50,3,27,44,23,53,23,,61,,,36,16,6,13,39,18,15,42,5,8,12,13,29,32,32,31,59,19,17,30,39,45,32,9,62,2,1,24,55,10,26,1,1,52,46,1,4,6,1,1,,,33,2,,,34,30,37,24,29,45,21,18,43,28,8,14,56,59,59,40,29,2,55,21,1,46,5,1,,3,,,b'\x11\xe8\xe1I\xc7\xcb\xa22\xaf\x82\x12\xdf\x17\xaeN\x1e'
11E8E149-C7CB-A232-AF82-12DF17AE4E1E,2013-ncaa-d0-natl,ncaa,23,20,41,22,66,38,63,108,40,221,339,3,3,2,82,2,139,200,38,198,12,122,181,5,5,4,6,4,287,282,298,210,203,260,288,33,50,10,15,7,27,17,224,208,,,201,188,,,14,139,289,267,34,84,208,293,344,1,2,195,259,259,228,312,315,314,334,39,8,36,248,,130,,,13,70,83,111,123,149,120,209,43,145,8,175,142,141,182,142,180,107,202,87,90,34,75,66,218,175,203,248,298,219,288,36,38,29,18,10,5,8,90,277,,,132,106,,,14,204,8,36,11,24,28,16,77,28,20,82,88,91,94,10,50,100,139,108,13,57,2,66,,231,,,b'\x11\xe8\xe1I\xc7\xcb\xa22\xaf\x82\x12\xdf\x17\xaeN\x1e'
11E8E149-C7CB-A232-AF82-12DF17AE4E1E,2013-ncaa-d1-conf-ASUN,ncaa,1,1,1,1,1,1,2,4,1,6,9,1,1,1,1,1,2,3,1,3,1,4,4,1,1,1,1,1,9,7,7,6,7,6,9,1,1,1,1,1,1,1,4,5,,,7,6,,,1,2,8,6,1,2,4,7,10,1,1,4,6,6,5,8,8,10,10,1,1,1,5,,5,,,1,1,1,1,1,2,4,3,1,3,1,4,7,7,7,7,7,2,9,1,1,1,3,1,7,5,7,7,7,8,9,2,3,1,1,1,1,1,1,4,,,1,2,,,1,9,1,1,1,1,1,1,1,2,1,3,6,5,6,1,4,3,1,2,1,1,1,1,,3,,,b'\x11\xe8\xe1I\xc7\xcb\xa22\xaf\x82\x12\xdf\x17\xaeN\x1e'
11E8E149-C7CB-A232-AF82-12DF17AE4E1E,2013-ncaa-d1-natl,ncaa,19,20,27,22,44,27,46,84,37,210,334,3,3,2,78,2,120,174,39,170,12,94,146,4,5,3,6,5,288,258,287,195,207,237,282,23,49,14,15,7,19,10,222,214,,,226,187,,,9,114,279,267,32,72,189,287,343,1,2,183,246,247,212,308,303,313,331,35,8,27,250,,130,,,11,70,92,144,97,149,131,187,49,168,5,194,142,139,168,142,170,134,233,73,76,24,79,72,209,207,207,266,287,253,282,38,38,21,14,6,5,5,92,261,,,108,114,,,9,226,6,27,9,22,29,16,66,28,21,93,76,78,82,10,55,110,136,109,11,42,2,55,,223,,,b'\x11\xe8\xe1I\xc7\xcb\xa22\xaf\x82\x12\xdf\x17\xaeN\x1e'
11E8E149-C7CB-A232-AF82-12DF17AE4E1E,2014-ncaa-d0-natl,ncaa,26,27,28,27,28,58,94,87,128,301,336,45,2,3,48,2,184,147,270,142,7,93,115,25,46,32,2,2,301,271,335,71,86,148,270,53,67,85,59,35,24,18,41,44,,,171,99,,,28,72,268,75,100,185,226,341,349,2,3,262,238,230,246,297,325,180,287,86,38,39,55,,65,,,30,134,163,236,82,150,225,66,212,217,170,205,79,68,244,72,45,212,262,86,64,30,159,240,87,162,86,335,335,307,270,93,69,42,41,25,4,4,32,179,,,74,80,,,28,276,64,29,31,33,45,59,54,85,141,132,34,28,29,26,67,70,279,207,40,80,3,13,,180,,,b'\x11\xe8\xe1I\xc7\xcb\xa22\xaf\x82\x12\xdf\x17\xaeN\x1e'
11E8E149-C7CB-A232-AF82-12DF17AE4E1E,2014-ncaa-d1-conf-ASUN,ncaa,1,1,1,1,1,2,2,3,2,7,10,2,1,1,2,1,5,5,6,5,1,3,3,2,2,2,1,1,10,8,9,3,1,4,6,2,1,3,2,1,1,1,2,2,,,5,3,,,1,3,6,1,2,4,7,10,10,1,1,5,5,5,7,7,9,3,8,2,2,2,2,,3,,,1,2,3,6,2,4,6,1,4,5,4,5,1,1,4,1,1,4,7,2,2,1,3,5,4,5,1,8,9,8,6,2,2,1,1,1,1,1,1,4,,,2,1,,,1,8,2,1,1,1,1,2,1,5,2,2,1,1,1,1,2,2,8,5,1,2,1,1,,5,,,b'\x11\xe8\xe1I\xc7\xcb\xa22\xaf\x82\x12\xdf\x17\xaeN\x1e'
11E8E149-C7CB-A232-AF82-12DF17AE4E1E,2014-ncaa-d1-natl,ncaa,28,27,33,28,34,68,108,101,138,315,339,48,2,3,48,2,207,166,270,159,7,111,138,27,47,33,2,2,301,284,336,79,88,174,279,60,69,73,59,36,28,19,44,46,,,154,103,,,31,86,270,76,109,191,231,343,349,2,3,266,241,233,250,297,326,186,294,89,38,43,55,,67,,,33,112,148,215,87,137,205,72,202,201,177,202,71,58,250,61,44,188,251,92,74,35,158,241,88,144,88,332,336,301,279,83,70,53,46,28,3,5,27,180,,,83,78,,,31,263,69,29,33,33,46,60,57,84,139,130,36,29,29,26,70,71,283,212,43,84,3,13,,185,,,b'\x11\xe8\xe1I\xc7\xcb\xa22\xaf\x82\x12\xdf\x17\xaeN\x1e'
11E8E149-C7CB-A232-AF82-12DF17AE4E1E,2014-ncaa-d1-ncaatournament,ncaa,33,2,33,33,33,46,43,41,48,52,52,37,31,28,46,6,49,42,57,41,22,41,40,46,49,46,17,14,44,50,53,33,8,34,35,39,23,12,17,24,27,6,25,8,,,4,5,,,23,38,46,1,42,37,13,51,48,10,4,46,35,31,18,22,50,2,13,26,18,3,9,,5,,,23,5,9,23,19,6,13,20,18,29,20,53,5,7,2,7,16,21,23,17,7,5,30,50,9,6,8,26,53,21,35,25,64,46,30,46,23,42,7,12,,,51,57,,,23,25,50,6,26,14,26,51,19,28,36,53,6,12,12,43,47,19,57,53,53,27,42,10,,45,,,b'\x11\xe8\xe1I\xc7\xcb\xa22\xaf\x82\x12\xdf\x17\xaeN\x1e'
11E8E149-C7CB-A232-AF82-12DF17AE4E1E,2015-ncaa-d0-natl,ncaa,9,3,48,6,53,47,63,103,48,229,336,13,6,5,45,3,108,113,134,117,11,99,164,9,9,6,5,5,267,297,317,118,42,203,219,68,131,11,14,11,74,62,110,72,,,170,147,,,8,119,305,141,44,92,225,307,348,3,4,156,185,195,220,325,326,220,313,95,5,93,144,,90,,,8,46,45,108,36,39,63,86,155,231,28,284,131,96,297,94,174,90,191,48,64,11,271,249,219,55,42,279,317,203,219,9,13,38,22,3,2,2,38,153,,,60,17,,,8,223,9,12,6,8,7,12,10,8,100,183,81,58,56,11,23,18,166,71,2,55,2,24,,109,,,b'\x11\xe8\xe1I\xc7\xcb\xa22\xaf\x82\x12\xdf\x17\xaeN\x1e'
11E8E149-C7CB-A232-AF82-12DF17AE4E1E,2015-ncaa-d1-conf-ASUN,ncaa,1,1,1,1,2,2,1,1,2,4,8,1,1,1,5,1,5,5,4,5,2,2,4,1,1,1,1,1,8,5,5,3,1,4,4,1,3,1,1,1,2,1,2,2,,,3,3,,,1,4,8,5,2,2,4,5,8,1,1,6,7,7,6,8,6,6,7,1,1,2,3,,2,,,1,1,1,1,1,1,2,2,1,2,1,3,3,3,3,3,2,1,3,1,1,1,2,2,4,1,1,5,5,3,4,1,1,1,1,1,1,1,1,1,,,3,3,,,1,5,1,1,1,1,1,1,1,1,1,1,2,2,2,1,1,1,2,1,1,1,1,1,,4,,,b'\x11\xe8\xe1I\xc7\xcb\xa22\xaf\x82\x12\xdf\x17\xaeN\x1e'
11E8E149-C7CB-A232-AF82-12DF17AE4E1E,2015-ncaa-d1-natl,ncaa,7,3,30,6,41,35,52,77,44,222,333,9,5,3,44,3,115,126,161,127,9,80,147,8,9,4,5,3,286,283,305,103,49,188,216,46,124,12,14,11,75,61,105,71,,,174,144,,,8,105,301,146,39,75,215,306,348,3,3,169,194,201,213,322,318,217,309,81,5,92,145,,90,,,6,50,49,119,33,43,65,88,166,259,25,296,138,106,299,104,176,97,206,45,57,14,278,254,214,72,49,287,305,210,216,10,13,34,27,3,2,2,48,177,,,53,25,,,8,240,9,11,6,10,7,12,12,8,109,199,82,60,57,12,24,22,156,74,2,61,2,28,,121,,,b'\x11\xe8\xe1I\xc7\xcb\xa22\xaf\x82\x12\xdf\x17\xaeN\x1e'
11E8E149-C7CB-A232-AF82-12DF17AE4E1E,2015-ncaa-d1-ncaatournament,ncaa,17,2,17,17,17,29,27,26,36,31,31,32,10,7,34,5,36,35,57,34,35,29,31,30,37,24,8,5,54,54,63,28,34,32,58,26,40,24,10,11,25,35,25,36,,,33,10,,,38,26,38,4,44,41,38,54,60,7,7,54,51,50,45,58,63,35,58,37,4,35,32,,10,,,31,38,38,37,20,35,39,17,42,40,44,41,32,29,54,29,18,36,38,25,24,21,43,49,25,40,34,50,63,47,58,30,11,21,18,10,14,6,13,11,,,30,49,,,38,40,44,20,28,20,18,26,18,25,41,35,24,16,16,19,26,25,57,52,10,18,3,3,,52,,,b'\x11\xe8\xe1I\xc7\xcb\xa22\xaf\x82\x12\xdf\x17\xaeN\x1e'
11E8E149-C7CB-A232-AF82-12DF17AE4E1E,2016-ncaa-d0-natl,ncaa,5,17,1,15,1,30,38,12,216,200,276,64,2,2,186,1,223,217,238,220,133,17,31,92,131,53,5,2,345,125,301,15,39,29,232,17,50,19,2,6,88,151,23,38,,,196,61,,,12,24,330,154,153,173,142,339,348,7,4,335,332,332,210,324,285,137,231,78,2,214,61,,19,,,18,135,188,306,24,253,318,42,62,192,4,104,110,151,32,156,63,300,322,17,12,5,39,59,127,232,39,347,301,346,232,91,60,30,69,25,12,3,135,210,,,54,175,,,12,326,68,5,15,2,8,20,31,72,14,34,16,27,29,11,14,33,307,199,10,163,2,26,,284,,,b'\x11\xe8\xe1I\xc7\xcb\xa22\xaf\x82\x12\xdf\x17\xaeN\x1e'
11E8E149-C7CB-A232-AF82-12DF17AE4E1E,2016-ncaa-d1-conf-ASUN,ncaa,1,1,1,1,2,2,2,1,7,7,8,2,1,1,6,1,5,5,4,5,2,2,3,4,4,1,1,1,8,3,4,2,1,3,3,1,2,1,1,1,2,2,1,1,,,2,2,,,1,3,8,5,3,4,2,8,8,1,1,5,6,6,3,6,3,3,3,2,1,2,1,,1,,,1,1,1,2,1,1,6,1,1,1,1,2,1,2,1,2,3,2,5,1,1,1,1,2,7,1,1,8,4,8,3,1,4,2,1,2,1,1,1,2,,,5,6,,,1,5,1,1,1,1,1,1,1,5,1,1,1,2,1,1,1,1,8,5,1,2,1,1,,6,,,b'\x11\xe8\xe1I\xc7\xcb\xa22\xaf\x82\x12\xdf\x17\xaeN\x1e'
11E8E149-C7CB-A232-AF82-12DF17AE4E1E,2016-ncaa-d1-natl,ncaa,3,17,1,15,1,23,30,10,216,214,285,64,2,2,170,1,229,221,228,228,120,15,26,84,122,48,4,1,344,124,304,9,37,27,217,14,48,18,3,5,96,168,26,45,,,195,63,,,7,19,332,154,154,178,146,340,349,6,4,331,329,331,210,326,281,128,226,79,2,228,66,,17,,,13,138,194,308,22,259,320,44,54,202,3,101,110,151,32,153,63,307,325,17,11,6,35,55,121,226,37,348,304,346,217,86,46,26,71,24,13,4,112,203,,,40,158,,,7,330,59,5,10,2,8,19,30,71,12,35,18,26,25,11,11,27,301,186,9,168,2,22,,279,,,b'\x11\xe8\xe1I\xc7\xcb\xa22\xaf\x82\x12\xdf\x17\xaeN\x1e'
11E8E149-C7CB-A232-AF82-12DF17AE4E1E,2017-ncaa-d0-natl,ncaa,31,39,45,42,45,48,58,49,105,197,312,18,5,3,137,4,187,162,252,150,24,56,84,42,65,32,10,3,328,171,273,111,21,126,184,54,111,36,24,23,41,42,313,321,,,286,268,,,16,66,217,70,57,76,83,273,344,5,3,264,242,233,102,226,240,207,242,76,16,61,326,,219,,,15,99,81,108,120,161,187,136,25,44,28,51,280,257,250,254,249,139,224,85,119,34,102,23,317,23,21,330,273,239,184,9,7,24,20,1,13,14,285,337,,,87,117,,,16,282,44,13,15,23,17,13,69,57,13,20,224,204,198,12,58,9,273,123,5,33,12,240,,157,,,b'\x11\xe8\xe1I\xc7\xcb\xa22\xaf\x82\x12\xdf\x17\xaeN\x1e'
11E8E149-C7CB-A232-AF82-12DF17AE4E1E,2017-ncaa-d1-conf-ASUN,ncaa,1,1,1,1,2,1,1,1,3,3,7,1,1,1,3,1,4,4,3,4,1,1,1,1,2,1,1,1,8,3,4,2,1,4,4,1,2,1,1,1,1,1,8,7,,,6,5,,,1,2,5,5,1,1,1,5,8,1,1,6,5,5,1,5,3,4,4,1,1,1,8,,4,,,1,2,3,2,3,5,4,3,1,1,1,1,6,5,3,5,4,2,6,3,3,2,2,1,7,1,1,8,4,6,4,1,1,1,1,1,1,1,4,7,,,3,4,,,1,8,1,1,1,2,1,1,5,4,1,1,4,5,5,1,1,1,6,4,1,1,1,3,,4,,,b'\x11\xe8\xe1I\xc7\xcb\xa22\xaf\x82\x12\xdf\x17\xaeN\x1e'
11E8E149-C7CB-A232-AF82-12DF17AE4E1E,2017-ncaa-d1-natl,ncaa,23,39,16,37,17,29,33,30,92,153,305,11,3,3,156,4,161,144,238,135,30,31,46,37,54,32,11,7,331,160,277,70,11,91,167,36,122,53,23,24,32,34,310,316,,,308,268,,,14,34,215,79,54,65,79,254,341,5,3,262,248,238,108,230,247,197,242,72,16,56,328,,207,,,12,126,105,151,112,179,218,129,34,57,34,55,278,266,227,262,230,169,276,79,108,30,101,30,304,21,11,338,277,278,167,14,8,14,17,1,26,13,286,327,,,63,126,,,14,313,41,10,13,18,13,12,60,48,14,22,194,183,179,10,54,5,271,106,4,34,12,224,,167,,,b'\x11\xe8\xe1I\xc7\xcb\xa22\xaf\x82\x12\xdf\x17\xaeN\x1e'
11E8E149-C7CB-A232-AF82-12DF17AE4E1E,2017-ncaa-d1-ncaatournament,ncaa,33,2,33,33,33,51,37,43,41,48,62,11,31,23,42,1,64,64,63,62,57,50,49,35,46,42,17,6,64,55,56,52,43,57,57,35,22,11,26,23,42,35,48,49,,,26,52,,,21,44,27,6,47,28,21,47,62,11,3,64,64,62,37,41,52,52,56,23,22,30,47,,53,,,24,3,5,3,29,15,9,51,2,11,2,25,26,23,55,23,54,8,17,13,23,10,13,2,60,15,43,18,56,15,57,1,3,33,5,1,10,29,7,36,,,43,26,,,21,22,47,5,21,12,8,4,40,17,2,18,51,47,47,12,29,28,48,44,1,4,24,20,,29,,,b'\x11\xe8\xe1I\xc7\xcb\xa22\xaf\x82\x12\xdf\x17\xaeN\x1e'
11E8E149-C7CB-A232-AF82-12DF17AE4E1E,2018-ncaa-d0-natl,ncaa,13,9,43,11,61,29,38,52,38,220,332,9,2,3,31,1,142,137,216,138,5,58,78,8,14,9,2,1,319,193,253,114,50,141,169,25,62,29,26,15,58,71,324,334,,,277,221,,,12,66,156,230,27,40,94,294,345,2,3,200,183,185,106,217,264,212,256,23,20,80,333,,199,,,12,199,194,174,217,203,203,193,163,129,248,121,216,225,124,230,214,180,257,210,207,101,160,164,216,63,50,286,253,215,169,72,29,30,26,20,9,8,33,173,,,95,151,,,12,285,14,67,9,83,89,38,102,70,118,73,160,161,170,43,100,19,195,107,32,51,9,22,,178,,,b'\x11\xe8\xe1I\xc7\xcb\xa22\xaf\x82\x12\xdf\x17\xaeN\x1e'
11E8E149-C7CB-A232-AF82-12DF17AE4E1E,2018-ncaa-d1-conf-ASUN,ncaa,1,1,1,1,2,1,1,1,1,4,8,1,1,1,1,1,6,6,5,7,2,1,2,1,1,1,1,1,8,4,4,2,1,2,3,1,1,1,1,1,2,2,7,8,,,6,4,,,1,1,6,4,1,1,1,5,8,1,1,8,8,8,1,6,5,5,4,1,1,2,7,,1,,,1,3,3,2,3,4,6,3,2,1,2,2,3,4,2,4,4,2,6,3,2,2,1,2,5,1,1,7,4,4,3,2,1,1,1,1,1,1,2,5,,,6,8,,,1,8,1,1,1,2,2,1,3,3,2,1,2,2,3,1,1,1,4,2,2,1,1,1,,8,,,b'\x11\xe8\xe1I\xc7\xcb\xa22\xaf\x82\x12\xdf\x17\xaeN\x1e'
11E8E149-C7CB-A232-AF82-12DF17AE4E1E,2018-ncaa-d1-natl,ncaa,7,9,9,10,12,12,22,20,44,181,317,10,1,1,43,1,95,70,221,68,3,22,31,11,16,10,2,2,315,112,242,56,36,61,161,15,63,49,20,13,33,59,325,335,,,302,208,,,7,22,145,249,23,41,76,297,346,2,3,182,172,174,86,205,239,207,232,22,15,68,339,,173,,,8,274,263,256,208,266,272,172,205,172,253,115,256,277,88,281,225,273,320,196,194,82,162,163,214,92,36,340,242,292,161,92,27,11,23,13,16,8,70,182,,,25,137,,,7,330,11,49,8,69,74,29,90,65,105,64,150,164,175,37,101,14,208,108,26,40,9,26,,164,,,b'\x11\xe8\xe1I\xc7\xcb\xa22\xaf\x82\x12\xdf\x17\xaeN\x1e'
11E8E149-C7CB-A232-AF82-12DF17AE4E1E,2018-ncaa-d1-ncaatournament,ncaa,17,2,17,17,18,24,26,28,33,33,35,25,12,9,21,4,20,20,51,20,3,26,27,14,20,11,4,5,29,42,60,27,42,32,56,21,18,35,12,12,26,41,57,59,,,53,58,,,32,20,14,7,25,33,40,53,61,2,3,21,13,10,31,42,60,44,60,18,11,43,59,,59,,,27,46,40,39,36,39,32,46,45,46,19,43,59,56,43,55,57,42,46,33,42,34,47,28,56,42,42,50,60,50,56,43,38,14,12,16,42,33,50,61,,,16,2,,,32,47,26,30,25,41,25,16,35,10,33,44,56,56,56,27,51,34,50,53,31,7,32,52,,3,,,b'\x11\xe8\xe1I\xc7\xcb\xa22\xaf\x82\x12\xdf\x17\xaeN\x1e'
11E8E149-C7CB-A232-AF82-12DF17AE4E1E,2019-ncaa-d0-natl,ncaa,18,7,114,11,163,66,68,84,74,230,343,10,6,3,133,2,267,280,208,277,74,103,161,31,45,24,6,3,343,248,279,223,29,238,225,69,106,11,18,21,33,13,171,139,,,155,189,,,9,134,145,255,44,50,53,269,346,3,1,298,301,300,92,204,259,274,292,51,16,28,170,,138,,,8,31,29,36,123,74,102,111,24,25,111,45,180,153,285,143,205,39,129,96,129,23,123,50,288,9,29,281,279,131,225,17,45,14,5,3,5,11,153,302,,,210,230,,,9,199,32,8,8,18,17,6,57,55,20,17,172,139,133,6,71,5,266,111,18,17,9,146,,236,,,b'\x11\xe8\xe1I\xc7\xcb\xa22\xaf\x82\x12\xdf\x17\xaeN\x1e'
11E8E149-C7CB-A232-AF82-12DF17AE4E1E,2019-ncaa-d1-conf-ASUN,ncaa,1,1,1,1,2,1,1,1,2,5,6,1,1,1,2,1,7,7,8,7,5,1,2,1,1,1,2,1,9,4,5,3,1,3,3,1,4,1,1,1,1,1,4,5,,,3,3,,,1,1,6,8,1,1,1,7,8,1,1,8,8,8,1,7,5,6,4,1,1,1,5,,2,,,1,1,1,2,1,4,8,2,1,1,1,2,1,2,8,1,1,1,7,1,1,1,2,2,7,2,1,9,5,7,3,1,1,1,1,1,1,1,6,8,,,5,6,,,1,9,1,1,1,1,1,1,2,5,1,1,1,1,1,1,1,1,6,3,1,1,1,4,,7,,,b'\x11\xe8\xe1I\xc7\xcb\xa22\xaf\x82\x12\xdf\x17\xaeN\x1e'
11E8E149-C7CB-A232-AF82-12DF17AE4E1E,2019-ncaa-d1-natl,ncaa,14,7,62,12,96,39,40,43,59,196,342,6,4,2,113,1,260,260,214,257,69,65,106,25,34,22,7,3,344,213,272,163,21,187,194,45,111,20,18,18,38,25,173,158,,,208,195,,,8,73,120,256,35,39,44,264,346,2,1,302,299,298,79,182,250,244,269,39,18,39,183,,156,,,8,64,62,71,117,102,136,116,31,45,71,78,243,210,314,196,222,72,200,87,136,33,145,48,298,6,21,311,272,172,194,19,43,17,10,4,9,12,160,291,,,187,245,,,8,268,23,12,8,30,21,12,61,52,25,22,205,168,153,11,84,4,258,92,17,29,10,136,,238,,,b'\x11\xe8\xe1I\xc7\xcb\xa22\xaf\x82\x12\xdf\x17\xaeN\x1e'
11E8E149-C7CB-A232-AF82-12DF17AE4E1E,2019-ncaa-d1-ncaatournament,ncaa,33,2,33,33,36,46,50,42,53,57,60,51,23,22,36,2,46,53,15,47,21,44,51,46,45,42,4,4,40,55,57,39,7,45,46,44,17,7,10,16,50,34,29,4,,,16,45,,,35,48,25,7,44,50,16,57,60,1,1,39,49,42,25,39,50,30,41,33,8,35,8,,41,,,37,6,1,1,31,2,4,30,11,10,43,23,29,29,45,28,60,5,6,32,45,32,58,28,63,4,7,29,57,18,46,19,62,35,7,19,12,34,27,61,,,45,26,,,35,16,45,23,36,25,6,1,8,7,23,15,56,57,55,6,16,4,60,47,42,8,24,48,,29,,,b'\x11\xe8\xe1I\xc7\xcb\xa22\xaf\x82\x12\xdf\x17\xaeN\x1e'
11E8E149-C7CB-A232-AF82-12DF17AE4E1E,2020-ncaa-d0-natl,ncaa,11,6,87,8,169,18,36,27,78,260,338,15,2,2,63,1,224,265,64,260,49,49,167,16,23,8,2,2,327,303,332,151,7,228,257,47,151,3,2,6,10,10,316,318,,,77,66,,,9,96,78,273,15,25,15,284,346,1,1,239,282,276,42,194,315,173,269,47,1,12,319,,66,,,9,73,110,59,219,168,165,165,48,26,230,45,113,102,187,108,130,54,169,187,176,49,61,64,181,5,7,339,332,226,257,21,10,11,11,3,1,2,168,317,,,237,262,,,9,252,16,16,9,53,75,24,146,144,44,23,106,102,107,16,122,3,338,202,17,16,2,159,,255,,,b'\x11\xe8\xe1I\xc7\xcb\xa22\xaf\x82\x12\xdf\x17\xaeN\x1e'
11E8E149-C7CB-A232-AF82-12DF17AE4E1E,2020-ncaa-d1-conf-ASUN,ncaa,1,1,1,1,4,1,1,1,4,6,7,2,1,1,3,1,7,8,4,7,4,1,3,1,2,1,1,1,9,6,6,3,1,5,6,2,3,1,1,1,1,1,7,8,,,3,2,,,1,2,1,7,1,1,1,6,7,1,1,7,9,9,2,4,6,3,5,2,1,1,8,,2,,,1,1,2,3,4,5,8,3,2,1,6,1,2,2,3,2,3,1,8,4,3,1,2,2,3,1,1,9,6,6,6,1,2,1,1,1,1,1,6,8,,,8,8,,,1,9,1,1,1,1,2,1,4,8,2,1,2,2,2,1,5,1,9,5,1,1,1,5,,8,,,b'\x11\xe8\xe1I\xc7\xcb\xa22\xaf\x82\x12\xdf\x17\xaeN\x1e'
11E8E149-C7CB-A232-AF82-12DF17AE4E1E,2020-ncaa-d1-natl,ncaa,3,6,2,6,7,8,12,6,75,197,324,13,1,1,55,1,168,205,100,195,47,8,21,15,19,7,2,1,331,241,330,46,12,107,251,23,140,7,1,5,7,11,308,325,,,170,69,,,7,9,74,273,15,22,13,281,346,1,1,239,278,270,33,169,291,155,253,37,1,12,330,,81,,,8,152,188,171,177,248,259,151,71,57,160,48,179,197,99,202,153,176,322,143,136,28,68,61,197,28,12,348,330,324,251,33,6,6,11,2,7,3,231,316,,,125,255,,,7,344,12,14,8,48,62,25,131,139,36,27,116,128,130,22,144,9,338,228,8,14,2,164,,236,,,b'\x11\xe8\xe1I\xc7\xcb\xa22\xaf\x82\x12\xdf\x17\xaeN\x1e'
11E8E149-C7CB-A232-AF82-12DF17AE4E1E,2021-ncaa-d0-natl,ncaa,8,9,26,8,35,10,12,22,20,67,226,1,1,1,78,1,106,101,154,108,29,23,35,5,5,3,7,2,319,263,338,20,10,63,236,17,127,93,8,3,13,28,60,135,,,316,214,,,6,22,33,224,8,13,36,175,340,1,1,215,228,234,51,172,334,36,218,18,6,28,119,,219,,,6,261,253,272,98,294,308,111,99,175,25,36,312,334,19,336,252,290,315,61,57,37,54,21,284,165,10,337,338,324,236,137,18,16,70,9,70,6,76,83,,,75,234,,,6,320,10,18,6,69,75,85,162,213,17,36,219,267,270,116,201,20,318,221,14,58,5,13,,228,,,b'\x11\xe8\xe1I\xc7\xcb\xa22\xaf\x82\x12\xdf\x17\xaeN\x1e'
11E8E149-C7CB-A232-AF82-12DF17AE4E1E,2021-ncaa-d1-conf-ASUN,ncaa,1,1,1,1,2,1,1,1,1,2,6,1,1,1,4,1,4,3,4,2,3,1,2,1,1,1,2,1,9,6,9,1,1,2,3,1,3,1,1,1,1,1,2,5,,,8,5,,,1,1,1,7,1,1,1,3,9,1,1,4,5,5,1,6,8,2,6,1,1,1,4,,5,,,1,2,3,7,2,7,9,3,1,1,1,1,7,8,1,8,6,7,8,1,1,1,1,1,8,2,1,9,9,7,3,1,1,1,1,1,1,1,1,2,,,3,7,,,1,9,1,1,1,1,1,1,5,7,1,1,5,6,6,1,4,1,7,3,1,1,1,1,,7,,,b'\x11\xe8\xe1I\xc7\xcb\xa22\xaf\x82\x12\xdf\x17\xaeN\x1e'
11E8E149-C7CB-A232-AF82-12DF17AE4E1E,2021-ncaa-d1-natl,ncaa,4,9,10,6,14,8,10,10,25,49,194,1,1,1,83,1,69,76,124,81,35,11,17,6,6,3,7,2,321,229,335,9,8,30,209,10,114,125,8,3,6,30,53,137,,,328,194,,,5,8,31,225,7,12,28,179,340,1,1,219,233,240,43,149,334,29,180,16,7,31,123,,203,,,5,285,281,308,80,310,321,110,112,215,15,42,325,338,22,341,244,316,325,48,50,30,50,22,279,186,8,343,335,336,209,154,20,13,69,10,94,6,91,79,,,46,245,,,5,334,10,16,6,57,62,88,159,212,14,45,205,257,264,117,196,18,318,213,14,59,5,13,,228,,,b'\x11\xe8\xe1I\xc7\xcb\xa22\xaf\x82\x12\xdf\x17\xaeN\x1e'
11E8E149-C7CB-A232-AF82-12DF17AE4E1E,2021-ncaa-d1-ncaatournament,ncaa,33,2,33,33,34,37,35,45,23,42,56,7,32,35,35,6,59,52,63,52,39,44,54,15,18,17,29,10,61,59,58,61,56,61,61,58,64,3,12,43,37,22,44,36,,,28,56,,,47,43,20,7,20,13,24,30,55,10,6,59,46,49,29,42,55,61,61,56,8,16,37,,59,,,50,26,23,7,58,23,9,61,21,22,46,39,27,28,33,28,60,13,17,59,60,57,42,33,44,16,56,17,58,18,61,16,25,40,20,32,1,6,16,41,,,45,31,,,47,21,28,61,49,58,53,16,52,15,44,43,53,56,56,36,43,42,47,50,43,15,4,34,,33,,,b'\x11\xe8\xe1I\xc7\xcb\xa22\xaf\x82\x12\xdf\x17\xaeN\x1e'
11E8E149-C7CB-A232-AF82-12DF17AE4E1E,2022-ncaa-d0-natl,ncaa,13,2,112,2,130,46,51,86,40,210,343,2,2,1,64,1,240,193,316,190,16,95,144,5,18,4,2,1,349,314,343,132,9,209,264,28,48,6,3,2,62,41,161,207,,,139,112,,,15,97,83,129,12,20,31,264,354,1,1,271,220,217,50,188,337,149,286,16,5,57,172,,109,,,11,143,203,148,254,303,288,211,4,6,92,2,146,146,196,145,69,151,205,175,167,96,4,3,162,13,9,333,343,222,264,36,7,54,45,14,2,1,8,104,,,133,134,,,15,253,15,50,14,95,170,85,294,309,3,2,118,116,117,73,147,5,326,197,22,58,1,9,,149,,,b'\x11\xe8\xe1I\xc7\xcb\xa22\xaf\x82\x12\xdf\x17\xaeN\x1e'
11E8E149-C7CB-A232-AF82-12DF17AE4E1E,2022-ncaa-d1-conf-ASUN,ncaa,1,1,1,1,1,1,1,1,2,9,11,1,1,1,2,1,5,5,11,5,1,2,4,1,1,1,1,1,12,7,8,5,3,5,7,1,1,1,1,1,1,1,4,6,,,2,1,,,1,2,5,7,1,1,1,9,12,1,1,9,8,7,2,6,9,8,8,1,1,1,5,,1,,,1,3,8,7,9,11,11,7,1,1,5,1,1,1,3,1,1,6,9,5,5,1,1,1,1,4,3,11,8,9,7,2,1,1,1,1,1,1,1,2,,,4,9,,,1,10,1,1,1,2,4,2,9,11,1,1,1,1,1,1,5,2,10,6,2,1,1,1,,8,,,b'\x11\xe8\xe1I\xc7\xcb\xa22\xaf\x82\x12\xdf\x17\xaeN\x1e'
11E8E149-C7CB-A232-AF82-12DF17AE4E1E,2022-ncaa-d1-natl,ncaa,4,2,32,2,46,14,18,21,40,180,340,2,1,1,79,1,205,140,314,137,7,27,58,5,17,3,2,1,350,263,341,75,7,136,254,13,40,16,3,2,21,30,152,222,,,235,107,,,5,25,68,146,9,19,20,264,355,1,1,267,217,215,33,155,323,155,274,11,5,38,189,,119,,,3,202,261,222,239,332,334,189,5,6,93,2,186,202,147,206,73,224,294,161,155,61,3,2,163,18,7,349,341,320,254,50,5,19,25,8,4,1,13,99,,,73,161,,,5,326,12,24,6,79,147,70,286,303,1,1,105,115,114,57,164,3,331,194,14,33,1,10,,150,,,b'\x11\xe8\xe1I\xc7\xcb\xa22\xaf\x82\x12\xdf\x17\xaeN\x1e'
11E8E149-C7CB-A232-AF82-12DF17AE4E1E,2022-ncaa-d1-ncaatournament,ncaa,17,2,17,17,18,18,19,20,20,32,35,13,6,7,17,1,43,44,20,44,53,24,30,9,11,7,3,1,66,51,66,28,12,33,57,18,13,28,11,3,24,32,49,60,,,49,58,,,54,21,10,5,8,13,18,53,66,1,1,64,64,63,31,50,65,36,58,4,4,34,55,,55,,,44,52,50,38,58,51,47,54,42,38,55,20,60,58,48,58,62,44,43,57,59,59,38,29,55,27,12,51,66,44,57,40,12,34,53,46,22,10,13,13,,,28,43,,,54,49,11,57,43,60,53,24,55,41,39,26,63,60,60,42,31,11,59,42,26,52,8,7,,46,,,b'\x11\xe8\xe1I\xc7\xcb\xa22\xaf\x82\x12\xdf\x17\xaeN\x1e'
11E8E149-C7CB-A232-AF82-12DF17AE4E1E,2023-ncaa-d0-natl,ncaa,3,4,17,4,24,12,15,41,6,113,316,2,1,1,8,1,222,216,177,214,80,58,82,2,4,3,5,2,355,307,339,60,75,127,212,11,25,68,31,6,33,58,189,285,,,182,63,,,3,39,228,222,19,24,153,233,360,1,1,319,327,321,217,313,350,178,316,9,10,80,257,,51,,,3,219,286,298,150,341,348,120,26,53,50,8,112,129,92,130,32,288,317,80,63,33,4,12,77,171,75,295,339,275,212,36,3,31,62,10,20,8,124,229,,,118,240,,,3,322,6,27,3,28,90,71,229,288,8,6,32,44,45,46,76,48,108,63,9,108,5,45,,297,,,b'\x11\xe8\xe1I\xc7\xcb\xa22\xaf\x82\x12\xdf\x17\xaeN\x1e'
11E8E149-C7CB-A232-AF82-12DF17AE4E1E,2023-ncaa-d1-conf-ASUN,ncaa,1,1,1,1,2,1,1,1,1,4,14,1,1,1,1,1,11,11,5,10,8,3,4,1,1,1,1,1,14,12,13,3,2,5,4,1,1,1,1,1,1,1,6,7,,,4,2,,,1,1,8,3,1,1,3,7,14,1,1,13,14,13,8,11,14,4,10,1,1,1,7,,2,,,1,3,4,10,3,11,14,2,1,2,2,1,3,4,4,3,1,8,11,2,1,1,1,1,7,5,2,6,13,5,4,2,1,1,1,1,1,1,4,9,,,10,13,,,1,13,1,1,1,1,2,3,6,9,1,1,1,1,1,1,4,2,4,2,1,2,1,2,,14,,,b'\x11\xe8\xe1I\xc7\xcb\xa22\xaf\x82\x12\xdf\x17\xaeN\x1e'
11E8E149-C7CB-A232-AF82-12DF17AE4E1E,2023-ncaa-d1-natl,ncaa,3,4,4,4,8,6,9,23,6,95,309,2,1,1,9,1,211,202,175,197,79,30,41,2,3,3,5,2,355,289,334,35,48,106,206,5,35,97,32,6,25,50,192,293,,,209,61,,,3,18,219,227,18,21,146,240,360,1,1,320,328,326,216,304,350,176,311,9,11,81,269,,45,,,3,248,305,321,141,348,356,113,38,65,48,10,126,156,78,164,33,315,337,75,57,26,4,16,80,178,48,333,334,304,206,38,5,18,49,7,25,8,136,233,,,99,250,,,3,343,6,17,3,22,70,62,195,273,8,5,30,44,43,35,70,32,124,58,10,80,4,44,,302,,,b'\x11\xe8\xe1I\xc7\xcb\xa22\xaf\x82\x12\xdf\x17\xaeN\x1e'
11E8E149-C7CB-A232-AF82-12DF17AE4E1E,2023-ncaa-d1-ncaatournament,ncaa,18,2,18,18,21,25,23,30,14,24,31,17,23,22,19,30,37,33,46,34,52,33,32,13,16,14,40,24,54,37,55,30,45,35,49,28,47,37,21,25,39,58,45,57,,,40,34,,,37,31,51,7,28,19,47,24,41,22,35,53,49,51,56,61,55,45,61,38,15,58,57,,24,,,34,44,46,44,39,46,40,61,42,49,18,59,37,34,53,35,30,41,39,43,42,46,23,43,21,44,45,44,55,45,49,52,46,30,45,49,6,2,48,48,,,22,16,,,37,38,21,41,34,34,43,39,41,16,40,57,24,15,19,27,17,38,36,37,48,44,2,45,,24,,,b'\x11\xe8\xe1I\xc7\xcb\xa22\xaf\x82\x12\xdf\x17\xaeN\x1e'
11E8E149-C7CB-A232-AF82-12DF17AE4E1E,2024-ncaa-d0-natl,ncaa,20,7,94,10,126,68,98,137,58,194,344,5,17,6,171,2,76,65,210,65,1,121,144,24,27,27,12,18,167,121,75,182,24,155,40,88,121,72,63,58,49,30,228,224,,,152,194,,,12,152,256,263,52,91,200,249,359,13,6,80,69,74,156,229,152,255,219,86,52,55,249,,105,,,10,51,81,70,211,132,150,170,34,27,185,42,93,133,27,137,164,64,121,164,150,42,51,62,175,7,24,70,75,32,40,4,3,47,18,3,20,16,101,279,,,50,16,,,12,183,21,19,11,12,36,6,81,73,14,10,74,116,119,5,25,5,31,9,4,59,18,82,,42,,,b'\x11\xe8\xe1I\xc7\xcb\xa22\xaf\x82\x12\xdf\x17\xaeN\x1e'
11E8E149-C7CB-A232-AF82-12DF17AE4E1E,2024-ncaa-d1-conf-ASUN,ncaa,1,1,1,1,2,1,1,2,1,5,11,1,1,1,3,1,3,2,4,2,1,1,2,1,1,1,1,1,10,3,2,5,1,4,1,1,1,1,1,1,1,1,6,7,,,6,4,,,1,3,9,9,1,1,6,9,12,1,1,5,7,7,5,9,5,9,7,1,1,1,7,,2,,,1,2,2,4,5,5,8,5,1,1,1,1,1,2,3,2,3,2,5,3,2,1,1,1,5,1,1,3,2,1,1,1,1,1,1,1,1,1,2,9,,,2,3,,,1,9,1,1,1,1,2,1,3,5,1,1,1,1,1,1,1,1,1,1,1,1,1,2,,4,,,b'\x11\xe8\xe1I\xc7\xcb\xa22\xaf\x82\x12\xdf\x17\xaeN\x1e'
11E8E149-C7CB-A232-AF82-12DF17AE4E1E,2024-ncaa-d1-natl,ncaa,12,7,38,9,68,35,62,85,60,178,346,5,7,3,157,1,49,43,198,46,1,68,93,24,23,21,6,12,166,71,51,144,26,112,32,62,121,76,45,43,37,23,205,211,,,166,161,,,7,100,256,264,36,80,168,262,361,7,2,62,57,63,123,206,113,253,188,70,37,51,231,,90,,,7,56,86,87,184,162,178,153,33,32,135,42,109,153,29,158,155,84,188,138,117,29,47,59,185,19,26,109,51,45,32,5,3,30,14,2,25,13,151,303,,,24,16,,,7,245,14,11,7,7,25,6,76,72,14,12,71,108,112,5,27,7,30,8,4,49,16,108,,35,,,b'\x11\xe8\xe1I\xc7\xcb\xa22\xaf\x82\x12\xdf\x17\xaeN\x1e'
11E8E149-C7CB-A232-AF82-12DF17AE4E1E,2024-ncaa-d1-ncaatournament,ncaa,37,3,37,37,38,42,43,43,46,59,55,57,28,36,14,7,52,47,59,47,30,40,42,37,43,40,3,3,51,36,12,53,45,45,27,52,53,13,30,43,42,23,34,21,,,19,54,,,29,44,33,5,25,27,8,58,42,1,5,44,33,33,8,8,11,51,34,44,33,24,20,,48,,,33,14,9,12,41,12,18,39,7,12,32,26,23,21,49,18,50,11,10,41,45,50,43,22,55,16,45,6,12,9,27,18,64,53,40,49,10,16,12,28,,,53,56,,,29,13,34,48,39,47,25,21,32,29,25,26,54,52,46,24,19,31,15,18,52,37,20,18,,44,,,b'\x11\xe8\xe1I\xc7\xcb\xa22\xaf\x82\x12\xdf\x17\xaeN\x1e'
11E8E149-C7CB-A232-AF82-12DF17AE4E1E,2025-ncaa-d0-natl,genius_ncaa,13,4,90,8,116,74,89,120,86,165,261,50,25,26,90,36,126,83,303,87,29,108,151,49,71,46,46,38,231,117,118,110,34,106,60,131,216,31,35,59,66,42,310,332,,,132,153,,235,21,164,284,269,76,88,148,216,313,26,25,153,105,107,126,252,151,138,138,149,26,71,326,,89,,213,19,40,59,140,41,121,251,28,23,27,104,27,60,63,166,65,47,108,155,25,23,22,42,53,161,48,34,187,118,126,60,3,3,113,81,8,2,1,209,275,,,106,77,,55,21,187,37,19,17,10,22,41,77,201,11,13,46,49,55,28,33,31,116,62,2,141,2,177,,124,,62,b'\x11\xe8\xe1I\xc7\xcb\xa22\xaf\x82\x12\xdf\x17\xaeN\x1e'
11E8E149-C7CB-A232-AF82-12DF17AE4E1E,2025-ncaa-d1-conf-ASUN,genius_ncaa,1,1,1,1,1,1,1,2,2,2,8,2,1,1,2,2,4,3,9,3,3,2,3,2,2,1,2,2,10,3,2,2,1,1,1,1,2,1,1,1,1,1,8,10,,,5,4,,9,1,5,11,11,1,2,5,7,10,2,2,8,5,5,5,8,5,2,1,2,1,1,10,,2,,8,1,1,2,6,1,3,12,1,1,1,1,1,3,3,8,3,3,5,7,1,1,1,1,1,5,5,1,5,2,4,1,1,1,2,3,1,1,1,10,12,,,3,5,,3,1,7,1,1,1,1,1,3,2,8,1,1,2,2,2,2,1,2,1,1,1,4,1,10,,6,,6,b'\x11\xe8\xe1I\xc7\xcb\xa22\xaf\x82\x12\xdf\x17\xaeN\x1e'
11E8E149-C7CB-A232-AF82-12DF17AE4E1E,2025-ncaa-d1-natl,genius_ncaa,10,4,43,8,66,58,70,70,95,149,239,48,20,17,106,23,92,66,285,66,30,67,98,54,72,43,39,32,231,78,104,82,36,77,59,105,218,36,28,54,40,25,310,332,,,144,125,,228,14,115,283,269,74,89,128,229,317,21,19,145,110,115,114,243,130,159,140,145,22,48,327,,74,,172,12,50,73,175,39,146,280,28,28,36,95,29,73,73,182,74,39,157,212,23,22,19,40,52,154,70,36,228,104,165,59,4,2,73,63,4,3,1,229,279,,,90,100,,52,14,237,34,12,11,9,18,32,67,185,9,12,40,42,47,24,32,26,117,59,2,106,2,176,,153,,67,b'\x11\xe8\xe1I\xc7\xcb\xa22\xaf\x82\x12\xdf\x17\xaeN\x1e'
11E8E149-C7CB-A232-AF82-12DF17AE4E1E,2025-ncaa-d1-ncaatournament,genius_ncaa,37,2,37,37,38,50,62,37,65,64,61,64,35,24,54,3,35,37,4,36,4,37,45,64,64,53,3,7,5,57,66,38,62,44,66,59,53,1,1,8,44,42,52,58,,,26,30,,9,53,37,3,7,46,62,3,64,60,16,1,7,17,13,2,21,54,13,34,59,1,25,48,,57,,13,57,20,21,31,19,16,27,21,21,27,27,40,15,16,17,16,22,32,32,19,16,19,32,38,21,43,62,42,66,41,66,31,65,41,38,47,3,3,15,52,,,42,19,,32,53,31,58,35,53,53,55,67,46,60,43,55,37,40,41,68,68,67,68,68,63,19,3,30,,20,,15,b'\x11\xe8\xe1I\xc7\xcb\xa22\xaf\x82\x12\xdf\x17\xaeN\x1e'
11E8E149-C7CB-A232-AF82-12DF17AE4E1E,2026-ncaa-d0-natl,genius_ncaa,295,198,327,297,334,339,342,352,120,336,355,49,333,323,308,120,308,295,290,289,21,353,353,129,134,207,202,243,83,358,345,309,241,343,266,345,287,63,326,306,349,331,318,290,,,19,130,,153,249,345,223,97,265,270,356,233,344,270,218,158,115,104,347,331,356,83,275,301,286,326,294,,153,,312,274,30,37,39,207,43,31,279,52,91,75,286,18,13,166,14,102,29,23,203,180,246,114,195,75,78,241,14,345,23,266,14,34,349,327,246,109,330,46,274,,,285,7,,157,249,18,258,278,276,250,281,321,280,230,242,324,114,109,113,294,224,303,142,220,114,319,306,170,,39,,50,b'\x11\xe8\xe1I\xc7\xcb\xa22\xaf\x82\x12\xdf\x17\xaeN\x1e'
11E8E149-C7CB-A232-AF82-12DF17AE4E1E,2026-ncaa-d1-natl,genius_ncaa,301,195,345,296,350,340,336,360,82,318,357,23,327,314,313,119,318,310,280,308,47,362,361,102,113,175,251,244,157,362,330,293,223,342,214,346,308,62,306,280,348,315,278,202,,,10,80,,152,235,356,218,100,240,217,347,177,330,262,199,199,159,156,341,319,350,49,191,290,262,304,185,,103,,292,239,15,24,37,121,40,15,237,58,141,37,317,11,8,173,10,74,20,12,127,102,197,118,226,59,102,223,11,330,16,214,16,42,357,326,246,122,326,40,224,,,302,26,,162,235,6,232,229,236,212,262,330,253,212,234,341,83,76,80,301,228,309,142,224,103,311,298,141,,79,,70,b'\x11\xe8\xe1I\xc7\xcb\xa22\xaf\x82\x12\xdf\x17\xaeN\x1e'
11E8E149-C7D0-1A74-AF82-12DF17AE4E1E,2010-ncaa-d0-natl,ncaa,197,174,241,199,252,250,240,277,157,242,288,132,154,156,153,89,287,297,173,298,210,286,261,130,145,222,132,90,251,241,163,198,61,215,88,244,234,259,308,278,199,155,33,18,,,95,183,,,206,259,204,104,233,212,253,235,267,120,120,275,281,280,269,203,204,135,175,227,294,175,22,,139,,,209,90,79,75,194,62,91,113,193,97,331,172,112,95,238,92,162,71,68,224,228,199,238,258,157,35,61,51,163,28,88,94,169,219,141,165,300,319,21,50,,,210,101,,,206,84,226,169,215,154,149,115,121,131,249,141,150,139,134,106,112,54,95,66,148,165,316,34,,138,,,b'\x11\xe8\xe1I\xc7\xd0\x1at\xaf\x82\x12\xdf\x17\xaeN\x1e'
11E8E149-C7D0-1A74-AF82-12DF17AE4E1E,2010-ncaa-d1-conf-Sun Belt,ncaa,7,6,9,7,9,12,12,12,9,13,13,7,6,4,11,4,12,12,8,12,7,12,11,9,9,10,5,5,9,8,6,7,6,8,5,8,4,11,11,8,6,6,2,2,,,3,7,,,7,13,10,1,11,11,11,11,12,5,4,11,11,11,11,8,6,3,5,6,11,6,2,,5,,,7,2,2,2,2,1,1,1,8,5,12,9,6,6,9,6,9,2,1,4,4,3,13,13,9,4,6,2,6,2,5,3,11,8,5,4,11,12,2,3,,,10,4,,,7,1,10,3,8,2,2,3,1,2,10,6,7,7,7,3,5,6,3,5,5,7,11,2,,6,,,b'\x11\xe8\xe1I\xc7\xd0\x1at\xaf\x82\x12\xdf\x17\xaeN\x1e'
11E8E149-C7D0-1A74-AF82-12DF17AE4E1E,2010-ncaa-d1-natl,ncaa,189,174,191,191,207,237,224,266,147,231,281,120,138,141,147,92,289,305,171,306,239,286,242,124,140,215,140,91,270,231,156,177,51,205,78,237,235,271,304,272,199,154,29,17,,,92,171,,,198,240,215,106,235,204,254,232,267,119,121,289,299,300,277,216,205,131,177,223,288,184,22,,129,,,199,88,93,84,190,67,88,118,221,129,325,195,114,100,225,98,157,72,79,217,216,191,244,266,148,41,51,55,156,27,78,117,187,212,149,174,306,321,22,47,,,203,134,,,198,102,220,165,202,146,139,108,104,115,254,156,137,126,120,97,95,50,85,56,152,181,315,30,,166,,,b'\x11\xe8\xe1I\xc7\xd0\x1at\xaf\x82\x12\xdf\x17\xaeN\x1e'
11E8E149-C7D0-1A74-AF82-12DF17AE4E1E,2011-ncaa-d0-natl,ncaa,153,175,77,165,112,151,120,164,86,112,196,49,156,139,217,108,261,306,26,312,326,196,177,92,92,136,231,153,300,183,124,242,306,229,223,177,245,235,253,219,70,67,58,43,,,52,34,,,162,173,294,254,202,159,253,154,257,175,149,300,332,335,295,298,238,309,307,206,197,87,62,,23,,,162,177,200,186,218,128,111,194,294,261,295,289,62,85,44,85,124,152,187,253,203,167,232,311,47,274,306,54,124,140,223,282,300,100,96,200,259,259,5,10,,,215,223,,,162,163,141,202,163,118,143,94,86,39,279,237,44,64,65,64,75,242,23,76,240,132,223,4,,287,,,b'\x11\xe8\xe1I\xc7\xd0\x1at\xaf\x82\x12\xdf\x17\xaeN\x1e'
11E8E149-C7D0-1A74-AF82-12DF17AE4E1E,2011-ncaa-d1-conf-Sun Belt,ncaa,4,4,4,4,4,7,7,10,5,8,9,4,3,5,4,4,10,12,1,12,12,10,11,4,3,5,4,4,11,8,4,10,10,9,6,6,4,7,8,5,2,1,3,2,,,1,2,,,6,11,11,6,8,9,10,10,10,4,4,11,12,12,11,10,9,11,10,6,7,1,2,,1,,,6,4,3,2,4,2,1,4,12,12,10,12,1,1,6,1,8,2,3,9,7,6,12,12,4,6,10,3,4,3,6,11,12,4,3,8,5,8,2,4,,,11,9,,,6,2,5,6,6,3,3,2,1,1,10,12,3,3,3,2,2,7,2,2,10,5,6,3,,11,,,b'\x11\xe8\xe1I\xc7\xd0\x1at\xaf\x82\x12\xdf\x17\xaeN\x1e'
11E8E149-C7D0-1A74-AF82-12DF17AE4E1E,2011-ncaa-d1-natl,ncaa,159,172,95,172,127,171,138,190,88,128,217,49,163,147,216,109,269,315,26,320,326,223,207,96,91,141,228,151,300,202,130,264,308,244,226,192,249,225,254,220,83,73,63,44,,,36,32,,,169,208,294,257,208,162,256,158,260,179,150,299,333,336,299,298,241,312,309,214,199,90,61,,24,,,169,157,185,158,225,117,92,204,292,249,292,285,51,73,43,71,123,128,156,258,212,178,231,311,48,264,308,39,130,116,226,275,301,117,102,209,251,263,5,10,,,238,221,,,169,131,148,211,170,123,147,96,91,40,279,238,45,66,66,64,75,245,24,77,248,135,223,5,,289,,,b'\x11\xe8\xe1I\xc7\xd0\x1at\xaf\x82\x12\xdf\x17\xaeN\x1e'
11E8E149-C7D0-1A74-AF82-12DF17AE4E1E,2012-ncaa-d0-natl,ncaa,59,73,48,75,68,93,75,141,23,39,106,14,253,213,299,243,99,165,19,160,225,146,146,50,37,46,303,297,168,139,67,114,185,121,67,99,227,168,155,118,211,228,31,32,,,168,130,,,65,150,306,230,133,97,265,47,192,277,253,153,231,227,270,294,194,220,221,146,92,256,42,,78,,,64,153,147,210,79,167,217,100,121,175,61,150,188,233,51,234,201,220,213,74,72,96,148,121,224,236,185,47,67,104,67,32,13,175,201,68,123,120,8,5,,,106,108,,,65,198,43,123,57,56,56,77,89,102,83,111,128,164,164,82,57,167,12,21,12,262,79,3,,197,,,b'\x11\xe8\xe1I\xc7\xd0\x1at\xaf\x82\x12\xdf\x17\xaeN\x1e'
11E8E149-C7D0-1A74-AF82-12DF17AE4E1E,2012-ncaa-d1-conf-Sun Belt,ncaa,3,5,1,5,2,2,3,4,3,2,3,2,10,5,11,8,1,4,1,4,6,4,5,3,3,3,11,11,3,5,3,5,7,5,5,3,5,7,6,3,3,3,1,1,,,6,6,,,5,4,11,7,2,4,8,2,5,11,8,1,6,6,8,7,7,9,6,4,5,5,1,,4,,,5,9,8,9,8,7,9,7,8,8,11,6,8,10,1,10,10,11,10,7,8,8,9,9,7,8,7,5,3,6,5,6,6,7,7,6,7,5,3,1,,,4,6,,,5,9,2,8,5,4,4,3,3,4,8,6,7,9,9,5,4,5,1,2,6,8,5,2,,8,,,b'\x11\xe8\xe1I\xc7\xd0\x1at\xaf\x82\x12\xdf\x17\xaeN\x1e'
11E8E149-C7D0-1A74-AF82-12DF17AE4E1E,2012-ncaa-d1-natl,ncaa,50,72,23,74,42,77,59,119,26,32,87,15,258,210,305,245,78,146,17,146,227,120,123,53,39,47,302,298,162,124,65,95,176,94,63,90,211,159,139,105,205,233,27,29,,,172,119,,,54,134,309,235,139,103,260,50,186,283,260,143,228,228,268,295,194,225,216,148,80,264,37,,69,,,55,161,150,230,72,173,235,87,133,186,74,149,184,228,44,230,193,238,225,69,63,88,158,141,214,241,176,43,65,113,63,31,13,168,204,64,116,102,10,6,,,100,118,,,54,211,41,110,49,47,49,75,72,97,90,107,119,150,150,78,50,163,12,21,9,261,66,5,,209,,,b'\x11\xe8\xe1I\xc7\xd0\x1at\xaf\x82\x12\xdf\x17\xaeN\x1e'
11E8E149-C7D0-1A74-AF82-12DF17AE4E1E,2013-ncaa-d0-natl,ncaa,96,105,80,108,94,138,109,130,91,38,35,103,335,331,335,335,102,176,14,167,316,140,155,177,146,128,339,343,117,61,28,130,55,87,19,192,282,128,125,161,284,294,69,62,,,93,123,,,118,190,300,215,178,120,194,30,31,340,335,121,220,216,200,246,81,172,111,233,90,307,71,,57,,,118,172,182,178,190,198,198,178,154,158,192,152,149,154,131,153,147,169,120,183,179,240,137,157,160,50,55,43,28,33,19,63,27,279,287,179,203,196,90,32,,,116,112,,,118,153,101,197,122,102,121,77,135,121,131,118,115,132,126,74,29,31,21,11,41,313,169,77,,168,,,b'\x11\xe8\xe1I\xc7\xd0\x1at\xaf\x82\x12\xdf\x17\xaeN\x1e'
11E8E149-C7D0-1A74-AF82-12DF17AE4E1E,2013-ncaa-d1-conf-Sun Belt,ncaa,4,4,3,4,4,9,6,8,5,1,1,4,11,11,11,11,8,9,2,9,11,8,9,9,9,7,11,11,8,2,2,4,3,4,1,4,5,2,3,3,11,11,3,3,,,3,4,,,4,9,11,4,9,5,7,1,1,11,11,8,9,9,8,8,2,5,2,6,2,11,3,,3,,,4,5,2,3,2,2,2,3,6,7,5,9,6,5,9,5,6,2,2,3,4,4,9,8,8,2,3,2,2,1,1,2,3,11,11,6,8,9,5,2,,,9,7,,,4,3,4,4,4,4,3,4,2,1,6,7,6,5,4,4,2,3,2,1,2,11,8,4,,10,,,b'\x11\xe8\xe1I\xc7\xd0\x1at\xaf\x82\x12\xdf\x17\xaeN\x1e'
11E8E149-C7D0-1A74-AF82-12DF17AE4E1E,2013-ncaa-d1-natl,ncaa,107,104,90,112,111,148,118,144,93,40,37,106,338,333,336,335,113,190,14,183,316,155,177,184,149,134,339,343,111,69,29,143,56,102,20,204,281,110,128,168,296,297,72,67,,,81,127,,,129,217,301,210,188,125,196,31,33,340,335,118,219,214,207,248,85,179,116,236,90,307,71,,57,,,129,156,159,161,197,180,178,181,143,145,193,151,139,143,133,142,152,145,91,187,186,243,135,157,160,46,56,32,29,22,20,49,29,300,292,184,193,198,88,33,,,130,108,,,129,122,103,205,131,106,123,78,140,118,132,117,117,131,126,76,28,33,21,11,43,316,171,78,,167,,,b'\x11\xe8\xe1I\xc7\xd0\x1at\xaf\x82\x12\xdf\x17\xaeN\x1e'
11E8E149-C7D0-1A74-AF82-12DF17AE4E1E,2014-ncaa-d0-natl,ncaa,180,224,85,203,108,116,105,72,196,76,51,221,215,202,227,240,101,158,15,160,285,81,119,231,191,125,253,253,128,45,51,157,152,85,84,259,336,49,31,185,252,260,139,195,,,117,110,,,168,168,281,216,138,126,72,92,63,227,216,114,207,209,90,187,42,216,100,298,37,275,147,,72,,,168,266,291,231,279,325,310,232,67,39,251,17,207,197,221,203,105,237,179,232,236,307,22,35,165,171,152,168,51,172,84,157,38,314,329,292,69,56,205,113,,,172,243,,,168,177,75,303,178,222,261,187,305,309,46,24,190,175,179,188,67,137,114,106,120,336,60,188,,240,,,b'\x11\xe8\xe1I\xc7\xd0\x1at\xaf\x82\x12\xdf\x17\xaeN\x1e'
11E8E149-C7D0-1A74-AF82-12DF17AE4E1E,2014-ncaa-d1-conf-C-USA,ncaa,7,9,1,8,1,3,2,1,8,2,2,12,8,7,8,10,6,7,1,7,14,1,1,11,10,8,13,12,8,2,5,4,8,1,7,11,15,6,3,9,11,12,5,8,,,10,6,,,10,2,12,14,9,8,4,4,4,11,9,9,13,13,5,10,4,15,8,13,3,12,8,,3,,,10,16,16,16,14,16,16,12,6,6,9,1,13,11,16,11,5,16,14,11,12,14,3,2,8,12,8,12,5,13,7,13,3,11,15,14,6,3,7,4,,,7,13,,,10,15,5,13,10,10,14,8,15,15,4,2,11,7,7,6,2,3,6,4,7,15,3,4,,14,,,b'\x11\xe8\xe1I\xc7\xd0\x1at\xaf\x82\x12\xdf\x17\xaeN\x1e'
11E8E149-C7D0-1A74-AF82-12DF17AE4E1E,2014-ncaa-d1-conf-CUSA,ncaa,7,9,1,8,1,3,2,1,8,2,2,12,8,7,8,10,6,7,1,7,14,1,1,11,10,8,13,12,8,2,5,4,8,1,7,11,15,6,3,9,11,12,5,8,,,10,6,,,10,2,12,14,9,8,4,4,4,11,9,9,13,13,5,10,4,15,8,13,3,12,8,,3,,,10,16,16,16,14,16,16,12,6,6,9,1,13,11,16,11,5,16,14,11,12,14,3,2,8,12,8,12,5,13,7,13,3,11,15,14,6,3,7,4,,,7,13,,,10,15,5,13,10,10,14,8,15,15,4,2,11,7,7,6,2,3,6,4,7,15,3,4,,14,,,b'\x11\xe8\xe1I\xc7\xd0\x1at\xaf\x82\x12\xdf\x17\xaeN\x1e'
11E8E149-C7D0-1A74-AF82-12DF17AE4E1E,2014-ncaa-d1-natl,ncaa,173,223,59,204,82,107,101,58,194,71,43,221,208,191,218,246,75,143,15,150,280,67,106,225,182,119,250,255,119,46,54,128,150,76,83,263,333,49,29,175,254,263,133,204,,,127,111,,,161,146,282,217,143,132,82,91,70,231,222,108,201,204,100,193,50,210,104,298,34,277,153,,71,,,161,277,302,259,279,329,322,220,69,40,254,17,196,199,177,204,96,255,192,225,216,305,19,36,147,187,150,180,54,185,83,153,29,315,327,280,62,44,215,118,,,154,222,,,161,198,74,298,169,211,257,187,303,310,48,24,169,163,170,187,66,136,112,103,107,336,47,187,,230,,,b'\x11\xe8\xe1I\xc7\xd0\x1at\xaf\x82\x12\xdf\x17\xaeN\x1e'
11E8E149-C7D0-1A74-AF82-12DF17AE4E1E,2015-ncaa-d0-natl,ncaa,339,338,243,342,272,290,291,235,310,253,170,318,264,268,252,245,226,251,132,252,263,245,206,318,305,318,211,223,96,103,71,225,122,172,84,264,174,280,303,299,346,347,242,290,,,17,18,,,345,246,148,283,293,287,176,238,116,260,245,195,226,230,194,111,63,174,99,253,321,346,223,,24,,,343,308,339,255,347,347,308,347,60,42,224,23,29,20,231,20,11,205,86,344,339,349,2,16,6,73,122,80,71,67,84,264,43,347,347,348,341,341,341,343,,,279,288,,,345,97,307,348,345,338,348,335,348,347,81,52,57,47,48,314,145,116,141,123,308,347,341,346,,254,,,b'\x11\xe8\xe1I\xc7\xd0\x1at\xaf\x82\x12\xdf\x17\xaeN\x1e'
11E8E149-C7D0-1A74-AF82-12DF17AE4E1E,2015-ncaa-d1-conf-C-USA,ncaa,14,14,13,14,14,13,13,13,13,14,10,14,11,11,10,8,14,14,10,14,13,13,11,13,13,13,7,7,8,9,8,13,9,11,9,11,6,12,14,12,14,14,9,11,,,1,3,,,14,13,8,8,13,13,11,13,7,10,9,14,13,13,13,8,7,9,7,11,14,14,8,,4,,,14,13,14,9,14,14,12,14,2,2,8,2,3,2,13,2,2,8,2,14,14,14,1,1,2,3,9,2,8,2,9,12,3,14,14,14,14,14,14,14,,,13,14,,,14,2,13,14,14,14,14,14,14,14,4,2,8,3,3,14,5,8,8,9,12,14,14,14,,12,,,b'\x11\xe8\xe1I\xc7\xd0\x1at\xaf\x82\x12\xdf\x17\xaeN\x1e'
11E8E149-C7D0-1A74-AF82-12DF17AE4E1E,2015-ncaa-d1-conf-CUSA,ncaa,14,14,13,14,14,13,13,13,13,14,10,14,11,11,10,8,14,14,10,14,13,13,11,13,13,13,7,7,8,9,8,13,9,11,9,11,6,12,14,12,14,14,9,11,,,1,3,,,14,13,8,8,13,13,11,13,7,10,9,14,13,13,13,8,7,9,7,11,14,14,8,,4,,,14,13,14,9,14,14,12,14,2,2,8,2,3,2,13,2,2,8,2,14,14,14,1,1,2,3,9,2,8,2,9,12,3,14,14,14,14,14,14,14,,,13,14,,,14,2,13,14,14,14,14,14,14,14,4,2,8,3,3,14,5,8,8,9,12,14,14,14,,12,,,b'\x11\xe8\xe1I\xc7\xd0\x1at\xaf\x82\x12\xdf\x17\xaeN\x1e'
11E8E149-C7D0-1A74-AF82-12DF17AE4E1E,2015-ncaa-d1-natl,ncaa,345,338,298,345,329,315,314,270,318,284,194,325,278,276,254,246,245,267,130,267,264,279,253,323,308,322,208,223,95,124,74,262,129,206,92,295,180,264,308,306,346,347,252,295,,,8,22,,,345,291,155,285,300,296,189,251,122,260,247,199,228,229,203,119,65,184,112,262,322,346,230,,26,,,345,297,339,224,347,347,305,347,55,29,233,23,23,15,229,15,10,171,45,345,340,349,2,16,6,53,129,57,74,42,92,248,46,348,347,348,338,341,340,343,,,308,286,,,345,52,311,348,345,339,348,335,348,347,85,52,58,46,51,314,144,116,146,130,310,346,343,347,,259,,,b'\x11\xe8\xe1I\xc7\xd0\x1at\xaf\x82\x12\xdf\x17\xaeN\x1e'
11E8E149-C7D0-1A74-AF82-12DF17AE4E1E,2016-ncaa-d0-natl,ncaa,316,338,114,324,165,211,210,203,225,246,247,222,119,116,160,86,257,305,18,304,284,237,235,197,189,199,116,89,246,312,329,299,341,321,346,262,287,170,219,255,215,240,283,291,,,172,146,,,334,180,209,280,260,257,254,274,268,126,118,280,322,320,288,298,327,338,345,293,161,231,289,,152,,,327,327,319,240,335,295,159,338,318,297,304,292,219,201,281,191,199,238,219,339,344,339,224,259,108,313,341,274,329,301,346,316,245,203,235,299,154,199,210,260,,,290,292,,,334,182,246,346,327,316,313,230,283,132,311,302,223,192,186,227,199,303,261,296,315,226,160,203,,322,,,b'\x11\xe8\xe1I\xc7\xd0\x1at\xaf\x82\x12\xdf\x17\xaeN\x1e'
11E8E149-C7D0-1A74-AF82-12DF17AE4E1E,2016-ncaa-d1-conf-C-USA,ncaa,14,14,4,14,8,12,13,9,14,13,12,12,4,4,9,3,10,12,1,12,12,13,12,13,13,12,4,2,10,14,14,12,14,14,14,13,11,3,8,12,8,9,13,13,,,6,3,,,14,8,7,11,13,14,8,13,11,4,4,10,12,12,13,14,14,13,14,13,3,10,13,,5,,,14,14,13,11,12,11,7,13,14,14,12,14,7,7,9,6,7,11,10,14,14,14,11,14,4,14,14,14,14,14,14,14,12,11,13,14,7,10,12,14,,,13,13,,,14,9,13,14,14,13,12,12,12,9,14,14,8,8,7,12,10,13,13,14,14,12,6,12,,14,,,b'\x11\xe8\xe1I\xc7\xd0\x1at\xaf\x82\x12\xdf\x17\xaeN\x1e'
11E8E149-C7D0-1A74-AF82-12DF17AE4E1E,2016-ncaa-d1-conf-CUSA,ncaa,14,14,4,14,8,12,13,9,14,13,12,12,4,4,9,3,10,12,1,12,12,13,12,13,13,12,4,2,10,14,14,12,14,14,14,13,11,3,8,12,8,9,13,13,,,6,3,,,14,8,7,11,13,14,8,13,11,4,4,10,12,12,13,14,14,13,14,13,3,10,13,,5,,,14,14,13,11,12,11,7,13,14,14,12,14,7,7,9,6,7,11,10,14,14,14,11,14,4,14,14,14,14,14,14,14,12,11,13,14,7,10,12,14,,,13,13,,,14,9,13,14,14,13,12,12,12,9,14,14,8,8,7,12,10,13,13,14,14,12,6,12,,14,,,b'\x11\xe8\xe1I\xc7\xd0\x1at\xaf\x82\x12\xdf\x17\xaeN\x1e'
11E8E149-C7D0-1A74-AF82-12DF17AE4E1E,2016-ncaa-d1-natl,ncaa,323,337,142,331,209,242,241,239,235,269,270,232,129,127,162,84,275,319,17,316,280,266,275,204,199,202,110,91,244,326,333,328,343,340,348,289,290,143,220,263,244,253,291,292,,,144,150,,,335,226,212,282,268,265,259,284,270,130,117,279,323,322,293,302,330,343,348,304,162,245,292,,154,,,330,319,313,211,337,286,124,338,312,286,312,293,205,183,284,175,196,208,175,342,346,343,221,254,108,303,343,257,333,290,348,312,241,232,239,308,131,205,205,271,,,311,286,,,335,139,252,348,330,318,319,231,292,133,316,301,224,197,190,231,199,305,266,298,317,235,159,216,,321,,,b'\x11\xe8\xe1I\xc7\xd0\x1at\xaf\x82\x12\xdf\x17\xaeN\x1e'
11E8E149-C7D0-1A74-AF82-12DF17AE4E1E,2017-ncaa-d0-natl,ncaa,323,323,234,324,237,319,312,300,289,271,231,306,285,293,241,251,284,292,172,288,273,309,280,302,301,312,231,228,133,332,334,317,334,336,343,267,134,257,315,292,220,214,319,320,,,84,87,,,343,246,187,21,318,309,300,260,192,284,279,269,271,272,312,260,332,324,343,265,291,200,318,,135,,,341,300,303,179,339,266,133,337,297,235,329,265,148,185,85,169,188,172,150,343,340,338,188,264,79,280,334,213,334,242,343,315,269,232,228,314,316,338,219,253,,,294,255,,,343,109,329,342,342,337,332,273,313,193,320,293,193,222,210,279,257,314,278,306,332,204,330,253,,282,,,b'\x11\xe8\xe1I\xc7\xd0\x1at\xaf\x82\x12\xdf\x17\xaeN\x1e'
11E8E149-C7D0-1A74-AF82-12DF17AE4E1E,2017-ncaa-d1-conf-C-USA,ncaa,13,13,13,13,13,14,14,14,13,13,9,14,14,13,14,10,12,13,9,13,12,14,14,14,14,14,11,11,4,14,14,13,10,14,14,13,11,10,14,12,13,9,13,12,,,2,4,,,14,13,7,4,14,14,12,12,7,13,11,11,12,13,13,9,14,10,14,12,13,10,12,,5,,,14,11,11,5,14,10,3,14,12,10,14,11,7,6,11,6,8,5,2,14,14,14,10,11,5,5,10,12,14,9,14,12,11,12,12,13,13,14,13,11,,,13,12,,,14,2,14,14,14,14,13,10,13,8,14,11,11,11,11,9,9,8,13,13,13,10,14,13,,13,,,b'\x11\xe8\xe1I\xc7\xd0\x1at\xaf\x82\x12\xdf\x17\xaeN\x1e'
11E8E149-C7D0-1A74-AF82-12DF17AE4E1E,2017-ncaa-d1-conf-CUSA,ncaa,13,13,13,13,13,14,14,14,13,13,9,14,14,13,14,10,12,13,9,13,12,14,14,14,14,14,11,11,4,14,14,13,10,14,14,13,11,10,14,12,13,9,13,12,,,2,4,,,14,13,7,4,14,14,12,12,7,13,11,11,12,13,13,9,14,10,14,12,13,10,12,,5,,,14,11,11,5,14,10,3,14,12,10,14,11,7,6,11,6,8,5,2,14,14,14,10,11,5,5,10,12,14,9,14,12,11,12,12,13,13,14,13,11,,,13,12,,,14,2,14,14,14,14,13,10,13,8,14,11,11,11,11,9,9,8,13,13,13,10,14,13,,13,,,b'\x11\xe8\xe1I\xc7\xd0\x1at\xaf\x82\x12\xdf\x17\xaeN\x1e'
11E8E149-C7D0-1A74-AF82-12DF17AE4E1E,2017-ncaa-d1-natl,ncaa,331,322,310,332,312,335,331,330,299,303,262,310,295,301,247,249,297,310,170,306,274,333,325,306,304,314,229,227,130,339,335,336,336,343,343,298,143,239,317,299,242,222,326,322,,,59,89,,,345,298,196,20,324,317,306,274,197,282,278,273,276,275,315,267,334,330,343,272,292,207,319,,136,,,345,286,291,135,341,252,96,338,294,223,337,266,136,164,85,145,187,126,91,343,342,342,187,263,77,257,336,183,335,220,343,309,268,256,234,316,308,339,215,258,,,319,251,,,345,51,331,349,347,340,334,276,317,198,322,293,198,228,214,279,253,317,289,311,334,215,331,258,,285,,,b'\x11\xe8\xe1I\xc7\xd0\x1at\xaf\x82\x12\xdf\x17\xaeN\x1e'
11E8E149-C7D0-1A74-AF82-12DF17AE4E1E,2018-ncaa-d0-natl,ncaa,277,280,242,281,291,223,248,233,263,272,235,303,144,180,94,145,148,197,79,196,134,232,237,237,206,223,66,107,83,305,321,116,238,201,287,241,208,149,207,240,330,338,286,304,,,147,143,,,283,197,67,341,195,234,177,271,185,111,143,114,147,148,166,148,297,43,141,239,217,329,285,,218,,,281,248,243,262,138,240,249,148,224,239,175,198,186,168,282,165,118,256,176,150,151,256,169,201,145,281,238,277,321,291,287,201,141,323,329,310,112,150,305,323,,,226,163,,,283,155,249,289,279,307,304,338,293,320,267,291,225,208,208,334,297,314,322,325,249,306,158,327,,166,,,b'\x11\xe8\xe1I\xc7\xd0\x1at\xaf\x82\x12\xdf\x17\xaeN\x1e'
11E8E149-C7D0-1A74-AF82-12DF17AE4E1E,2018-ncaa-d1-conf-C-USA,ncaa,13,10,13,13,13,11,11,9,11,10,10,13,5,5,5,5,12,13,7,13,10,11,11,8,11,9,4,5,11,13,13,6,10,9,13,10,8,4,5,6,14,14,10,12,,,5,5,,,12,10,2,7,7,8,3,10,8,4,5,9,10,10,4,4,13,2,5,7,6,13,8,,8,,,12,9,10,9,8,11,11,6,7,5,8,6,5,6,7,6,5,10,8,7,4,10,5,7,5,13,10,10,13,14,13,7,2,14,14,14,6,7,13,11,,,12,11,,,12,5,11,13,12,14,13,14,14,14,9,10,7,9,9,14,14,14,13,14,10,14,8,13,,11,,,b'\x11\xe8\xe1I\xc7\xd0\x1at\xaf\x82\x12\xdf\x17\xaeN\x1e'
11E8E149-C7D0-1A74-AF82-12DF17AE4E1E,2018-ncaa-d1-conf-CUSA,ncaa,13,10,13,13,13,11,11,9,11,10,10,13,5,5,5,5,12,13,7,13,10,11,11,8,11,9,4,5,11,13,13,6,10,9,13,10,8,4,5,6,14,14,10,12,,,5,5,,,12,10,2,7,7,8,3,10,8,4,5,9,10,10,4,4,13,2,5,7,6,13,8,,8,,,12,9,10,9,8,11,11,6,7,5,8,6,5,6,7,6,5,10,8,7,4,10,5,7,5,13,10,10,13,14,13,7,2,14,14,14,6,7,13,11,,,12,11,,,12,5,11,13,12,14,13,14,14,14,9,10,7,9,9,14,14,14,13,14,10,14,8,13,,11,,,b'\x11\xe8\xe1I\xc7\xd0\x1at\xaf\x82\x12\xdf\x17\xaeN\x1e'
11E8E149-C7D0-1A74-AF82-12DF17AE4E1E,2018-ncaa-d1-natl,ncaa,289,278,315,290,336,268,285,276,271,299,261,316,161,197,96,146,171,218,74,219,135,274,286,243,215,231,63,110,80,320,325,149,243,246,297,279,214,124,214,245,338,338,297,308,,,127,148,,,290,252,67,344,211,259,185,280,191,118,145,117,152,155,179,152,304,47,155,249,216,332,288,,220,,,294,219,227,242,155,217,226,157,212,215,177,193,171,143,286,138,120,236,125,161,161,271,166,198,146,269,243,252,325,272,297,189,146,330,330,314,94,162,301,326,,,251,165,,,290,101,262,300,291,311,306,338,295,319,270,290,227,209,209,334,296,318,324,328,256,309,161,328,,169,,,b'\x11\xe8\xe1I\xc7\xd0\x1at\xaf\x82\x12\xdf\x17\xaeN\x1e'
11E8E149-C7D0-1A74-AF82-12DF17AE4E1E,2019-ncaa-d0-natl,ncaa,322,315,292,328,295,308,313,308,299,331,318,283,186,161,258,84,240,232,245,233,79,308,314,281,272,265,61,95,102,327,334,213,168,297,308,314,239,121,214,269,343,341,216,209,,,30,54,,,325,300,155,89,286,307,272,318,290,144,107,196,169,170,262,253,321,101,246,297,209,337,197,,72,,,324,193,243,165,289,168,132,229,314,231,348,276,10,17,68,13,31,115,59,319,286,321,208,327,5,117,168,244,334,199,308,150,68,320,306,284,98,220,136,251,,,257,121,,,325,56,293,319,324,304,330,326,266,252,346,302,30,41,39,281,218,222,331,318,227,288,190,186,,163,,,b'\x11\xe8\xe1I\xc7\xd0\x1at\xaf\x82\x12\xdf\x17\xaeN\x1e'
11E8E149-C7D0-1A74-AF82-12DF17AE4E1E,2019-ncaa-d1-conf-C-USA,ncaa,12,12,13,12,14,13,14,14,12,14,14,11,8,6,11,4,13,12,11,12,7,14,14,11,12,12,4,3,8,14,14,13,12,14,14,13,7,4,7,11,13,13,11,11,,,2,2,,,13,14,4,9,12,12,10,14,9,6,4,12,9,9,12,10,14,11,13,13,7,13,11,,3,,,13,10,13,9,13,9,7,12,13,11,14,12,2,2,11,1,2,4,1,14,12,14,5,13,1,10,12,12,14,13,14,9,4,14,12,13,5,9,3,10,,,12,10,,,13,1,12,14,14,14,14,14,12,11,14,13,2,2,2,12,11,12,14,13,12,11,8,7,,10,,,b'\x11\xe8\xe1I\xc7\xd0\x1at\xaf\x82\x12\xdf\x17\xaeN\x1e'
11E8E149-C7D0-1A74-AF82-12DF17AE4E1E,2019-ncaa-d1-conf-CUSA,ncaa,12,12,13,12,14,13,14,14,12,14,14,11,8,6,11,4,13,12,11,12,7,14,14,11,12,12,4,3,8,14,14,13,12,14,14,13,7,4,7,11,13,13,11,11,,,2,2,,,13,14,4,9,12,12,10,14,9,6,4,12,9,9,12,10,14,11,13,13,7,13,11,,3,,,13,10,13,9,13,9,7,12,13,11,14,12,2,2,11,1,2,4,1,14,12,14,5,13,1,10,12,12,14,13,14,9,4,14,12,13,5,9,3,10,,,12,10,,,13,1,12,14,14,14,14,14,12,11,14,13,2,2,2,12,11,12,14,13,12,11,8,7,,10,,,b'\x11\xe8\xe1I\xc7\xd0\x1at\xaf\x82\x12\xdf\x17\xaeN\x1e'
11E8E149-C7D0-1A74-AF82-12DF17AE4E1E,2019-ncaa-d1-natl,ncaa,333,322,314,334,317,308,327,321,306,333,329,292,192,155,269,88,229,218,267,220,52,316,324,289,280,274,56,102,73,333,334,213,168,301,310,321,236,126,226,281,342,340,223,218,,,35,66,,,325,301,153,85,292,315,289,320,296,154,112,175,140,144,266,252,326,101,242,307,212,335,202,,90,,,330,206,250,174,294,162,128,237,321,249,347,283,18,23,87,22,42,118,58,324,295,326,227,326,10,108,168,258,334,207,310,153,70,319,307,285,115,225,160,266,,,243,104,,,325,50,301,324,329,310,326,326,265,242,348,306,44,49,47,285,223,218,331,316,225,284,201,208,,146,,,b'\x11\xe8\xe1I\xc7\xd0\x1at\xaf\x82\x12\xdf\x17\xaeN\x1e'
11E8E149-C7D0-1A74-AF82-12DF17AE4E1E,2020-ncaa-d0-natl,ncaa,315,314,191,318,201,337,335,318,317,322,290,308,249,215,286,141,327,287,337,283,177,319,286,307,321,335,166,141,251,340,343,88,126,228,287,330,268,273,326,331,314,315,210,209,,,160,214,,,324,247,246,55,346,343,333,326,294,244,205,323,293,286,337,307,337,49,234,337,284,312,209,,189,,,322,141,153,195,107,136,154,139,194,243,91,242,139,196,31,200,220,194,114,107,96,193,201,213,167,181,126,306,343,280,287,117,127,315,313,264,277,318,29,84,,,313,277,,,324,104,346,201,325,166,173,234,154,169,203,262,162,218,220,240,140,200,321,298,125,315,285,34,,305,,,b'\x11\xe8\xe1I\xc7\xd0\x1at\xaf\x82\x12\xdf\x17\xaeN\x1e'
11E8E149-C7D0-1A74-AF82-12DF17AE4E1E,2020-ncaa-d1-conf-C-USA,ncaa,13,13,9,13,11,14,14,13,13,13,12,13,9,8,11,6,14,14,12,14,12,14,14,13,13,14,6,3,14,14,14,6,4,14,12,13,7,11,14,13,13,13,10,10,,,4,7,,,13,11,8,5,14,14,13,13,11,9,8,14,14,14,14,13,14,5,13,13,12,13,10,,6,,,13,4,3,4,5,2,3,5,8,8,6,8,5,7,3,7,10,5,3,5,5,6,9,9,7,3,4,12,14,10,12,5,8,10,10,11,13,14,3,6,,,14,13,,,13,3,14,5,13,5,4,8,4,8,8,8,6,8,8,8,6,7,13,11,6,10,14,3,,14,,,b'\x11\xe8\xe1I\xc7\xd0\x1at\xaf\x82\x12\xdf\x17\xaeN\x1e'
11E8E149-C7D0-1A74-AF82-12DF17AE4E1E,2020-ncaa-d1-conf-CUSA,ncaa,13,13,9,13,11,14,14,13,13,13,12,13,9,8,11,6,14,14,12,14,12,14,14,13,13,14,6,3,14,14,14,6,4,14,12,13,7,11,14,13,13,13,10,10,,,4,7,,,13,11,8,5,14,14,13,13,11,9,8,14,14,14,14,13,14,5,13,13,12,13,10,,6,,,13,4,3,4,5,2,3,5,8,8,6,8,5,7,3,7,10,5,3,5,5,6,9,9,7,3,4,12,14,10,12,5,8,10,10,11,13,14,3,6,,,14,13,,,13,3,14,5,13,5,4,8,4,8,8,8,6,8,8,8,6,7,13,11,6,10,14,3,,14,,,b'\x11\xe8\xe1I\xc7\xd0\x1at\xaf\x82\x12\xdf\x17\xaeN\x1e'
11E8E149-C7D0-1A74-AF82-12DF17AE4E1E,2020-ncaa-d1-natl,ncaa,321,314,257,323,263,347,345,339,322,331,308,317,260,230,288,143,334,303,337,297,177,339,320,313,327,336,167,141,245,344,345,113,129,268,293,342,273,259,330,336,323,319,219,215,,,139,221,,,325,295,251,47,346,344,337,330,296,246,207,323,294,288,339,311,341,50,242,342,286,316,211,,196,,,326,114,128,153,118,123,126,152,179,217,95,237,130,176,35,181,222,153,64,117,105,210,201,212,168,164,129,288,345,264,293,107,128,329,316,275,268,320,27,88,,,321,271,,,325,55,348,224,329,174,182,237,158,170,205,263,169,222,222,244,136,201,324,300,134,316,287,35,,304,,,b'\x11\xe8\xe1I\xc7\xd0\x1at\xaf\x82\x12\xdf\x17\xaeN\x1e'
11E8E149-C7D0-1A74-AF82-12DF17AE4E1E,2021-ncaa-d0-natl,ncaa,128,227,59,180,61,59,71,71,112,104,119,102,37,37,76,71,75,45,265,45,43,64,45,81,92,124,58,62,185,59,133,86,209,70,170,85,214,325,228,205,133,240,260,323,,,313,250,,,220,49,63,15,80,98,109,188,232,47,50,112,64,67,91,48,102,166,120,146,269,212,309,,279,,,209,324,324,297,312,323,297,299,291,262,291,145,217,272,9,270,157,297,292,313,288,289,96,179,50,280,209,277,133,286,170,325,196,87,206,267,246,127,318,295,,,68,188,,,220,295,125,282,204,312,325,276,316,270,267,206,130,227,221,292,296,218,201,223,302,158,168,283,,118,,,b'\x11\xe8\xe1I\xc7\xd0\x1at\xaf\x82\x12\xdf\x17\xaeN\x1e'
11E8E149-C7D0-1A74-AF82-12DF17AE4E1E,2021-ncaa-d1-conf-C-USA,ncaa,6,6,4,6,4,4,4,5,5,9,10,4,2,3,2,4,4,4,8,4,2,5,5,3,2,6,3,4,9,7,6,8,10,6,9,4,6,13,13,11,8,10,13,13,,,13,11,,,10,4,2,4,4,6,10,10,12,2,4,4,3,3,9,5,7,8,9,4,13,8,13,,13,,,10,13,13,12,13,13,12,12,10,6,12,4,7,12,1,13,8,11,11,12,12,10,2,6,5,9,10,11,6,11,9,13,12,7,10,12,13,11,11,13,,,4,7,,,10,10,7,11,10,13,13,11,13,11,9,5,6,8,8,11,12,7,5,6,14,7,12,11,,4,,,b'\x11\xe8\xe1I\xc7\xd0\x1at\xaf\x82\x12\xdf\x17\xaeN\x1e'
11E8E149-C7D0-1A74-AF82-12DF17AE4E1E,2021-ncaa-d1-conf-CUSA,ncaa,6,6,4,6,4,4,4,5,5,9,10,4,2,3,2,4,4,4,8,4,2,5,5,3,2,6,3,4,9,7,6,8,10,6,9,4,6,13,13,11,8,10,13,13,,,13,11,,,10,4,2,4,4,6,10,10,12,2,4,4,3,3,9,5,7,8,9,4,13,8,13,,13,,,10,13,13,12,13,13,12,12,10,6,12,4,7,12,1,13,8,11,11,12,12,10,2,6,5,9,10,11,6,11,9,13,12,7,10,12,13,11,11,13,,,4,7,,,10,10,7,11,10,13,13,11,13,11,9,5,6,8,8,11,12,7,5,6,14,7,12,11,,4,,,b'\x11\xe8\xe1I\xc7\xd0\x1at\xaf\x82\x12\xdf\x17\xaeN\x1e'
11E8E149-C7D0-1A74-AF82-12DF17AE4E1E,2021-ncaa-d1-natl,ncaa,74,225,18,152,18,24,26,19,93,50,50,88,14,15,54,70,42,26,253,24,73,19,11,69,79,101,63,48,228,16,104,34,182,21,138,43,198,333,188,161,66,210,243,322,,,339,256,,,154,14,40,21,42,62,60,140,195,26,35,123,83,81,45,21,79,149,87,104,250,166,312,,287,,,155,340,340,327,310,337,323,305,313,306,257,155,262,318,7,319,170,329,329,307,280,275,85,168,58,314,182,326,104,327,138,336,162,36,174,234,283,97,332,284,,,25,233,,,154,328,90,264,156,302,318,266,311,261,243,209,133,228,225,284,309,204,220,217,280,127,154,287,,132,,,b'\x11\xe8\xe1I\xc7\xd0\x1at\xaf\x82\x12\xdf\x17\xaeN\x1e'
11E8E149-C7D0-1A74-AF82-12DF17AE4E1E,2022-ncaa-d0-natl,ncaa,214,210,216,221,233,224,243,249,220,257,266,182,178,155,218,120,151,158,139,157,63,236,234,204,183,202,93,134,82,189,132,318,295,286,246,270,272,205,240,268,102,65,248,234,,,316,344,,,185,240,187,119,208,243,242,260,268,152,130,111,129,126,219,176,149,344,317,275,239,79,242,,335,,,186,95,71,57,204,126,115,210,41,40,116,67,285,262,308,252,286,73,117,183,235,135,142,58,323,139,295,80,132,92,246,63,123,64,28,30,120,161,317,350,,,135,51,,,185,120,203,131,181,145,103,48,168,131,50,48,308,291,287,81,184,181,99,137,99,31,165,334,,65,,,b'\x11\xe8\xe1I\xc7\xd0\x1at\xaf\x82\x12\xdf\x17\xaeN\x1e'
11E8E149-C7D0-1A74-AF82-12DF17AE4E1E,2022-ncaa-d1-conf-C-USA,ncaa,11,11,3,11,5,7,8,5,10,7,7,10,5,4,9,6,6,7,8,7,7,4,4,9,8,9,6,6,5,5,6,14,14,13,13,7,9,10,8,10,2,4,7,8,,,13,13,,,11,3,3,12,8,10,7,9,7,5,6,7,7,6,7,7,7,14,13,8,9,3,8,,13,,,11,11,9,7,12,11,10,13,8,6,10,5,13,11,14,11,9,6,12,12,14,9,7,6,10,9,14,9,6,10,13,9,9,2,2,4,6,5,13,14,,,2,6,,,11,12,11,7,11,8,9,6,9,6,7,6,13,8,8,7,9,8,7,8,8,2,7,13,,5,,,b'\x11\xe8\xe1I\xc7\xd0\x1at\xaf\x82\x12\xdf\x17\xaeN\x1e'
11E8E149-C7D0-1A74-AF82-12DF17AE4E1E,2022-ncaa-d1-conf-CUSA,ncaa,11,11,3,11,5,7,8,5,10,7,7,10,5,4,9,6,6,7,8,7,7,4,4,9,8,9,6,6,5,5,6,14,14,13,13,7,9,10,8,10,2,4,7,8,,,13,13,,,11,3,3,12,8,10,7,9,7,5,6,7,7,6,7,7,7,14,13,8,9,3,8,,13,,,11,11,9,7,12,11,10,13,8,6,10,5,13,11,14,11,9,6,12,12,14,9,7,6,10,9,14,9,6,10,13,9,9,2,2,4,6,5,13,14,,,2,6,,,11,12,11,7,11,8,9,6,9,6,7,6,13,8,8,7,9,8,7,8,8,2,7,13,,5,,,b'\x11\xe8\xe1I\xc7\xd0\x1at\xaf\x82\x12\xdf\x17\xaeN\x1e'
11E8E149-C7D0-1A74-AF82-12DF17AE4E1E,2022-ncaa-d1-natl,ncaa,176,209,100,195,123,149,180,134,232,204,208,165,114,80,241,85,100,109,154,104,60,132,113,202,189,208,88,121,98,105,111,286,298,227,249,235,280,288,239,282,54,46,220,236,,,343,344,,,162,118,140,136,182,219,190,246,268,120,86,115,126,121,177,120,115,343,300,265,258,52,234,,337,,,163,187,152,125,213,203,183,213,62,68,114,56,319,308,299,302,289,152,242,180,232,112,132,46,321,215,298,195,111,197,249,116,86,24,22,19,173,134,339,350,,,68,70,,,162,232,201,117,171,151,107,50,175,141,46,45,306,296,292,82,215,191,144,161,83,24,154,337,,66,,,b'\x11\xe8\xe1I\xc7\xd0\x1at\xaf\x82\x12\xdf\x17\xaeN\x1e'
11E8E149-C7D0-1A74-AF82-12DF17AE4E1E,2023-ncaa-d0-natl,ncaa,195,257,81,232,105,90,124,87,218,123,92,218,145,125,198,187,36,43,73,44,71,78,43,211,175,218,118,197,47,28,28,184,233,95,106,197,297,357,304,319,56,87,272,302,,,358,349,,,254,54,34,291,116,160,94,165,142,169,141,31,53,55,73,22,26,284,108,250,338,69,298,,350,,,248,338,333,255,342,344,250,351,206,204,190,127,346,348,147,345,320,288,303,330,341,318,144,68,291,234,233,192,28,215,106,284,128,64,102,146,297,193,338,323,,,55,170,,,254,305,179,305,250,334,314,164,330,188,161,147,332,333,332,252,292,188,123,136,239,72,257,330,,68,,,b'\x11\xe8\xe1I\xc7\xd0\x1at\xaf\x82\x12\xdf\x17\xaeN\x1e'
11E8E149-C7D0-1A74-AF82-12DF17AE4E1E,2023-ncaa-d1-conf-C-USA,ncaa,9,8,7,9,10,8,9,6,11,8,6,11,7,7,9,5,5,5,5,5,8,6,3,10,10,11,6,6,2,3,2,9,8,6,4,9,9,11,11,10,3,4,9,10,,,11,11,,,11,5,1,8,6,9,5,7,6,7,6,3,4,4,5,1,2,9,3,9,11,3,9,,11,,,11,8,8,4,10,10,9,10,2,2,2,3,10,11,4,11,10,7,6,7,10,9,1,1,10,4,8,1,2,2,4,9,5,5,6,6,8,5,11,11,,,9,10,,,11,6,11,10,11,10,9,6,11,10,2,2,11,11,11,9,10,6,2,4,10,5,8,11,,8,,,b'\x11\xe8\xe1I\xc7\xd0\x1at\xaf\x82\x12\xdf\x17\xaeN\x1e'
11E8E149-C7D0-1A74-AF82-12DF17AE4E1E,2023-ncaa-d1-conf-CUSA,ncaa,9,8,7,9,10,8,9,6,11,8,6,11,7,7,9,5,5,5,5,5,8,6,3,10,10,11,6,6,2,3,2,9,8,6,4,9,9,11,11,10,3,4,9,10,,,11,11,,,11,5,1,8,6,9,5,7,6,7,6,3,4,4,5,1,2,9,3,9,11,3,9,,11,,,11,8,8,4,10,10,9,10,2,2,2,3,10,11,4,11,10,7,6,7,10,9,1,1,10,4,8,1,2,2,4,9,5,5,6,6,8,5,11,11,,,9,10,,,11,6,11,10,11,10,9,6,11,10,2,2,11,11,11,9,10,6,2,4,10,5,8,11,,8,,,b'\x11\xe8\xe1I\xc7\xd0\x1at\xaf\x82\x12\xdf\x17\xaeN\x1e'
11E8E149-C7D0-1A74-AF82-12DF17AE4E1E,2023-ncaa-d1-natl,ncaa,202,257,56,234,92,82,112,71,221,120,84,217,140,118,202,183,29,40,87,40,71,58,25,208,175,223,128,198,49,21,22,182,238,67,102,201,304,358,307,322,40,66,280,309,,,358,349,,,250,37,34,291,106,160,87,160,137,169,141,30,52,52,66,17,23,277,93,256,338,54,305,,351,,,248,344,336,262,336,347,263,350,205,205,173,132,344,343,143,342,313,299,318,327,335,308,134,68,289,246,238,195,22,228,102,282,128,47,84,127,304,194,342,324,,,49,181,,,250,321,186,300,249,328,310,168,326,188,155,152,325,332,330,246,301,194,121,138,240,66,262,333,,66,,,b'\x11\xe8\xe1I\xc7\xd0\x1at\xaf\x82\x12\xdf\x17\xaeN\x1e'
11E8E149-C7D0-1A74-AF82-12DF17AE4E1E,2024-ncaa-d0-natl,ncaa,86,82,94,90,126,114,141,129,154,136,142,153,159,146,190,195,48,51,168,49,55,114,80,161,143,186,143,212,52,81,83,120,198,102,125,202,287,330,267,285,98,142,134,166,,,329,302,,,135,77,68,263,130,162,185,165,191,177,172,50,47,46,125,74,102,146,114,233,307,114,154,,314,,,135,237,230,225,200,253,236,211,137,171,108,121,271,321,6,324,292,254,287,169,166,107,131,99,252,253,198,182,83,217,125,78,24,46,78,24,295,234,270,253,,,39,60,,,135,286,171,105,135,187,178,164,219,191,103,135,239,298,303,218,276,220,124,158,51,57,270,260,,34,,,b'\x11\xe8\xe1I\xc7\xd0\x1at\xaf\x82\x12\xdf\x17\xaeN\x1e'
11E8E149-C7D0-1A74-AF82-12DF17AE4E1E,2024-ncaa-d1-conf-CUSA,ncaa,3,2,6,3,9,4,5,6,5,5,4,4,5,6,5,7,3,3,6,3,3,4,4,5,5,5,4,7,2,3,3,5,7,3,4,5,8,6,6,5,2,2,6,5,,,7,8,,,3,6,1,7,3,4,3,3,3,4,6,2,2,2,2,2,3,4,3,5,7,2,5,,8,,,3,4,3,4,3,5,3,5,4,5,2,6,4,6,1,7,7,5,6,4,3,2,5,5,5,8,7,3,3,4,4,3,3,2,2,1,6,6,9,9,,,3,3,,,3,4,4,2,3,6,6,6,7,5,6,7,6,7,8,6,8,9,6,6,4,2,9,9,,2,,,b'\x11\xe8\xe1I\xc7\xd0\x1at\xaf\x82\x12\xdf\x17\xaeN\x1e'
11E8E149-C7D0-1A74-AF82-12DF17AE4E1E,2024-ncaa-d1-natl,ncaa,91,83,78,93,116,104,128,122,158,126,134,154,146,137,181,194,43,37,194,35,50,95,56,160,148,189,136,210,48,63,72,105,182,70,99,198,288,343,269,285,82,119,122,155,,,341,306,,,122,62,55,264,115,156,159,159,182,167,168,46,37,35,106,57,73,117,74,234,316,100,143,,322,,,124,243,223,234,173,250,254,190,129,164,105,116,282,331,4,332,302,267,305,145,134,83,136,96,268,255,182,192,72,225,99,68,30,42,78,20,307,243,280,260,,,36,65,,,122,304,170,85,125,182,163,169,202,197,97,135,249,316,319,227,288,222,133,160,50,51,278,266,,33,,,b'\x11\xe8\xe1I\xc7\xd0\x1at\xaf\x82\x12\xdf\x17\xaeN\x1e'
11E8E149-C7D0-1A74-AF82-12DF17AE4E1E,2025-ncaa-d0-natl,genius_ncaa,265,249,248,267,299,249,245,342,71,180,271,60,318,327,258,299,190,93,348,89,28,316,209,112,127,280,300,315,93,165,20,344,250,298,62,259,241,359,360,347,136,98,317,295,,,203,284,,352,267,225,94,358,238,218,349,135,228,315,326,134,45,40,317,103,127,349,290,239,360,101,310,,276,,356,269,158,167,69,346,159,32,355,206,193,222,296,136,93,332,92,228,52,108,346,348,257,191,230,138,76,250,1,20,2,62,250,303,82,35,147,360,361,146,235,,,42,7,,36,267,125,275,231,273,242,256,102,238,48,253,248,179,137,137,88,190,125,1,2,309,38,360,189,,7,,27,b'\x11\xe8\xe1I\xc7\xd0\x1at\xaf\x82\x12\xdf\x17\xaeN\x1e'
11E8E149-C7D0-1A74-AF82-12DF17AE4E1E,2025-ncaa-d1-conf-CUSA,genius_ncaa,7,6,7,7,10,7,8,10,3,9,9,3,8,8,8,7,6,4,10,4,3,10,7,4,5,7,8,8,4,4,1,8,9,8,3,6,6,10,10,10,6,6,7,6,,,3,4,,8,8,8,4,10,7,8,10,6,7,7,8,5,4,4,10,4,4,8,7,5,10,6,7,,4,,8,8,6,8,5,9,7,3,10,8,7,7,9,3,2,8,2,4,3,4,9,9,9,3,6,2,3,9,1,1,1,3,9,10,6,5,8,10,10,5,8,,,3,3,,3,8,3,7,9,8,9,9,7,8,4,9,9,4,2,2,7,6,5,1,2,9,5,10,5,,3,,3,b'\x11\xe8\xe1I\xc7\xd0\x1at\xaf\x82\x12\xdf\x17\xaeN\x1e'
11E8E149-C7D0-1A74-AF82-12DF17AE4E1E,2025-ncaa-d1-natl,genius_ncaa,279,249,304,273,340,294,283,354,75,217,297,60,330,337,263,298,214,115,348,106,26,338,263,117,135,290,297,316,85,195,24,354,257,319,75,288,247,359,360,350,157,108,324,302,,,183,286,,347,284,274,104,359,253,236,350,148,234,319,326,137,49,41,320,110,139,350,301,256,360,109,314,,279,,358,287,130,146,42,352,130,21,358,189,168,229,297,121,78,335,74,227,30,56,352,354,274,189,229,141,61,257,1,24,1,75,237,304,96,38,161,360,361,132,245,,,56,6,,42,284,79,287,248,291,261,267,105,248,50,260,252,186,142,140,89,193,130,1,2,320,43,360,196,,6,,26,b'\x11\xe8\xe1I\xc7\xd0\x1at\xaf\x82\x12\xdf\x17\xaeN\x1e'
11E8E149-C7D0-1A74-AF82-12DF17AE4E1E,2026-ncaa-d0-natl,genius_ncaa,163,80,279,147,291,212,238,283,141,197,231,145,303,307,245,312,52,41,225,37,8,240,231,175,133,177,182,332,7,204,103,316,321,296,239,297,335,200,259,309,99,44,306,312,,,239,340,,227,192,235,2,97,59,129,125,73,72,269,268,3,1,1,32,4,86,295,202,255,331,20,302,,363,,316,196,135,98,73,266,112,76,285,80,91,163,150,289,271,273,269,337,86,122,257,296,203,230,94,340,163,321,57,103,83,239,161,285,114,37,108,131,185,76,103,,,110,13,,95,192,118,177,205,196,321,267,238,283,226,192,214,356,353,353,308,358,311,168,254,305,13,276,138,,2,,45,b'\x11\xe8\xe1I\xc7\xd0\x1at\xaf\x82\x12\xdf\x17\xaeN\x1e'
11E8E149-C7D0-1A74-AF82-12DF17AE4E1E,2026-ncaa-d1-natl,genius_ncaa,203,80,345,166,350,287,317,347,166,282,304,181,336,345,257,317,80,60,230,59,8,318,317,203,158,213,165,333,3,280,125,353,339,348,280,349,344,154,286,333,150,54,336,323,,,196,346,,201,232,313,3,100,80,172,155,100,82,281,279,3,1,1,45,5,104,319,244,297,342,29,318,,363,,323,238,83,54,16,301,80,20,315,54,36,190,150,265,240,283,238,342,24,47,295,328,255,223,88,338,112,339,18,125,27,280,123,292,173,50,139,99,204,54,120,,,156,12,,112,232,43,213,260,239,339,305,250,307,240,221,221,358,356,356,319,358,322,187,273,325,15,288,156,,1,,36,b'\x11\xe8\xe1I\xc7\xd0\x1at\xaf\x82\x12\xdf\x17\xaeN\x1e'
11E8E149-C7D4-86AE-AF82-12DF17AE4E1E,2010-ncaa-d0-natl,ncaa,86,114,20,107,41,157,110,85,178,108,88,184,158,142,178,185,297,287,255,287,338,116,138,193,230,186,264,170,328,135,196,65,145,82,166,120,162,98,72,83,252,271,6,4,,,42,18,,,153,144,325,280,270,211,217,181,188,200,217,329,331,331,274,317,217,171,208,182,28,301,3,,10,,,158,176,235,285,83,240,301,56,171,182,184,120,63,46,260,46,13,260,224,76,53,113,78,176,47,253,145,275,196,284,166,108,40,232,282,181,40,39,278,227,,,180,230,,,153,208,176,126,150,36,81,140,124,217,104,88,24,21,22,75,24,142,138,136,37,318,19,218,,311,,,b'\x11\xe8\xe1I\xc7\xd4\x86\xae\xaf\x82\x12\xdf\x17\xaeN\x1e'
11E8E149-C7D4-86AE-AF82-12DF17AE4E1E,2010-ncaa-d1-conf-MAAC,ncaa,3,3,1,3,2,3,3,2,3,2,2,3,6,7,9,9,8,5,9,6,9,3,2,5,6,5,9,9,9,4,5,2,6,3,5,4,8,5,2,3,8,8,1,1,,,3,2,,,5,3,8,8,5,4,6,2,3,9,8,9,9,9,6,7,4,4,4,4,2,8,1,,2,,,5,9,10,10,6,9,9,5,6,7,6,6,4,2,8,2,2,10,8,5,4,9,3,6,2,6,6,7,5,8,5,5,3,8,8,9,1,1,10,6,,,2,4,,,5,8,4,9,5,5,6,8,7,7,4,6,3,2,2,8,2,5,5,4,4,8,1,6,,6,,,b'\x11\xe8\xe1I\xc7\xd4\x86\xae\xaf\x82\x12\xdf\x17\xaeN\x1e'
11E8E149-C7D4-86AE-AF82-12DF17AE4E1E,2010-ncaa-d1-natl,ncaa,89,114,22,108,43,169,119,89,183,114,94,188,164,149,182,184,304,298,252,302,338,130,151,201,237,185,260,169,329,145,204,73,149,90,169,124,164,83,73,84,264,276,6,4,,,34,18,,,164,157,325,282,277,219,219,189,189,201,219,332,332,333,276,321,223,174,210,187,30,307,3,,10,,,167,162,229,280,91,235,297,57,165,173,190,117,58,42,262,43,13,249,206,79,57,120,73,176,46,246,149,267,204,273,169,99,40,244,286,184,34,39,273,232,,,193,233,,,164,194,180,135,162,42,85,140,125,218,107,87,24,21,22,77,24,144,142,138,38,318,19,220,,313,,,b'\x11\xe8\xe1I\xc7\xd4\x86\xae\xaf\x82\x12\xdf\x17\xaeN\x1e'
11E8E149-C7D4-86AE-AF82-12DF17AE4E1E,2011-ncaa-d0-natl,ncaa,137,111,170,135,206,281,255,292,171,240,278,170,209,219,173,139,318,318,243,315,280,310,322,176,191,177,204,127,295,302,280,181,23,256,117,266,242,16,110,158,263,202,104,96,,,19,69,,,97,322,340,177,299,271,315,258,282,198,209,326,326,321,329,339,307,149,270,282,27,271,94,,17,,,96,7,15,36,28,52,162,21,9,9,74,11,22,16,182,14,17,21,19,13,13,26,20,38,115,13,23,83,280,34,117,3,1,297,216,25,10,53,24,59,,,310,197,,,97,24,195,25,90,4,17,30,65,197,7,6,23,19,18,11,5,18,103,42,1,306,18,27,,325,,,b'\x11\xe8\xe1I\xc7\xd4\x86\xae\xaf\x82\x12\xdf\x17\xaeN\x1e'
11E8E149-C7D4-86AE-AF82-12DF17AE4E1E,2011-ncaa-d1-conf-MAAC,ncaa,5,5,7,5,10,7,5,9,3,5,9,3,6,6,9,6,10,10,8,10,7,9,10,4,4,4,7,6,9,8,6,8,3,8,4,7,9,2,2,3,9,7,2,2,,,3,5,,,4,10,10,6,5,4,6,3,7,6,6,10,9,9,7,9,6,6,8,7,2,8,2,,3,,,4,2,4,1,6,5,7,5,1,1,8,1,3,3,9,3,2,1,1,5,4,5,1,1,6,1,3,1,6,1,4,1,1,10,6,3,1,2,2,3,,,10,8,,,4,1,4,5,4,4,5,3,5,7,1,1,5,3,3,3,1,1,3,1,1,10,2,3,,10,,,b'\x11\xe8\xe1I\xc7\xd4\x86\xae\xaf\x82\x12\xdf\x17\xaeN\x1e'
11E8E149-C7D4-86AE-AF82-12DF17AE4E1E,2011-ncaa-d1-natl,ncaa,145,110,199,136,238,293,274,311,180,267,296,178,219,225,173,135,324,326,239,323,277,322,336,179,197,179,202,122,292,311,282,205,26,273,119,280,247,11,110,165,280,209,111,98,,,13,69,,,109,333,340,168,303,274,317,267,285,201,206,326,326,322,332,339,309,155,269,287,27,278,93,,17,,,106,3,8,24,31,40,140,23,6,6,77,10,16,14,187,11,17,9,8,13,13,29,21,36,114,7,26,61,282,18,119,1,1,310,222,31,8,55,22,60,,,319,195,,,109,11,200,29,95,4,19,29,69,201,5,5,24,19,18,11,5,17,104,43,1,308,17,29,,325,,,b'\x11\xe8\xe1I\xc7\xd4\x86\xae\xaf\x82\x12\xdf\x17\xaeN\x1e'
11E8E149-C7D4-86AE-AF82-12DF17AE4E1E,2012-ncaa-d0-natl,ncaa,34,36,48,39,73,204,215,258,129,273,318,89,60,59,101,26,281,248,284,251,84,266,292,77,105,107,47,25,277,288,288,150,224,221,244,171,94,46,128,96,292,289,118,137,,,53,66,,,126,284,342,260,303,305,341,329,338,84,88,321,308,311,342,342,333,263,320,238,19,318,141,,15,,,130,42,86,186,45,128,255,24,70,61,185,56,27,34,46,39,20,147,114,39,19,55,49,130,58,252,224,136,288,193,244,34,46,269,266,146,11,41,2,13,,,157,23,,,126,72,133,97,112,5,25,51,51,151,42,29,11,20,21,22,6,178,43,80,13,322,6,1,,265,,,b'\x11\xe8\xe1I\xc7\xd4\x86\xae\xaf\x82\x12\xdf\x17\xaeN\x1e'
11E8E149-C7D4-86AE-AF82-12DF17AE4E1E,2012-ncaa-d1-conf-MAAC,ncaa,2,2,1,2,2,4,4,8,2,6,8,2,3,3,5,4,9,8,9,8,6,8,8,2,3,2,5,4,8,7,9,2,7,5,4,4,5,2,3,2,9,9,2,2,,,3,3,,,2,8,10,6,7,5,10,8,9,5,6,9,9,9,10,10,9,5,9,6,2,9,2,,3,,,2,2,2,8,2,5,9,2,1,1,2,1,2,2,1,2,2,5,6,2,2,2,1,2,3,9,7,4,9,6,4,1,1,9,8,3,1,1,1,2,,,5,1,,,2,3,3,2,2,1,1,3,3,7,1,1,2,2,2,2,1,6,2,2,1,9,1,1,,8,,,b'\x11\xe8\xe1I\xc7\xd4\x86\xae\xaf\x82\x12\xdf\x17\xaeN\x1e'
11E8E149-C7D4-86AE-AF82-12DF17AE4E1E,2012-ncaa-d1-natl,ncaa,35,36,55,40,80,231,235,285,136,302,327,92,66,68,102,26,292,273,285,277,83,290,317,79,109,107,44,25,279,306,295,169,229,254,255,194,96,33,131,98,307,294,124,141,,,40,70,,,135,312,342,258,306,308,341,330,338,84,90,321,308,312,342,343,333,268,322,244,19,322,142,,15,,,136,33,69,156,48,112,240,28,64,50,186,58,22,30,49,33,22,117,78,44,23,66,48,129,59,235,229,116,295,171,255,29,45,287,271,152,8,42,1,13,,,173,19,,,135,43,136,109,116,5,26,52,57,156,46,30,12,20,22,22,6,181,44,82,16,324,6,1,,266,,,b'\x11\xe8\xe1I\xc7\xd4\x86\xae\xaf\x82\x12\xdf\x17\xaeN\x1e'
11E8E149-C7D4-86AE-AF82-12DF17AE4E1E,2013-ncaa-d0-natl,ncaa,113,126,80,126,104,242,212,253,141,266,322,70,76,55,193,27,337,330,295,332,266,280,293,104,150,167,97,36,337,285,267,126,39,199,113,84,9,98,193,64,335,328,200,207,,,18,51,,,142,282,340,267,302,271,330,306,329,84,66,343,340,340,336,337,307,165,267,78,71,341,217,,9,,,143,35,101,147,106,168,196,150,49,109,30,141,10,9,236,9,11,82,44,77,52,120,20,98,23,33,39,120,267,69,113,47,46,324,306,218,117,194,183,301,,,274,202,,,142,59,181,102,140,21,63,55,115,115,37,73,6,8,8,18,3,22,71,33,27,336,96,162,,315,,,b'\x11\xe8\xe1I\xc7\xd4\x86\xae\xaf\x82\x12\xdf\x17\xaeN\x1e'
11E8E149-C7D4-86AE-AF82-12DF17AE4E1E,2013-ncaa-d1-conf-MAAC,ncaa,3,3,7,3,9,8,7,10,3,7,10,2,4,3,9,2,9,9,9,9,4,10,10,3,3,3,6,3,8,8,6,8,1,9,1,4,2,3,7,2,10,9,9,10,,,2,3,,,4,10,10,6,7,4,10,5,10,4,2,9,9,9,9,10,8,6,8,3,4,10,9,,2,,,4,2,4,1,9,7,5,8,2,2,5,3,2,2,6,2,3,1,1,7,7,9,1,3,1,1,1,1,6,1,1,1,1,10,10,5,2,5,2,9,,,8,4,,,4,1,3,8,4,2,6,1,7,7,3,2,2,2,2,2,1,1,2,1,2,10,2,3,,8,,,b'\x11\xe8\xe1I\xc7\xd4\x86\xae\xaf\x82\x12\xdf\x17\xaeN\x1e'
11E8E149-C7D4-86AE-AF82-12DF17AE4E1E,2013-ncaa-d1-natl,ncaa,121,126,90,130,123,259,236,275,147,281,330,74,80,62,195,27,340,334,294,335,261,300,310,108,152,173,94,36,337,293,273,140,43,223,116,88,9,83,195,64,339,331,215,213,,,13,52,,,150,307,340,267,307,277,331,309,329,83,65,343,340,340,338,337,309,169,271,77,71,341,220,,9,,,151,28,89,119,115,149,174,153,43,92,31,139,9,9,239,8,10,61,28,84,56,130,19,96,24,25,43,99,273,51,116,39,46,334,310,224,110,196,180,304,,,286,199,,,150,39,186,108,150,23,66,55,118,115,38,74,6,8,8,19,3,22,71,33,27,337,94,168,,316,,,b'\x11\xe8\xe1I\xc7\xd4\x86\xae\xaf\x82\x12\xdf\x17\xaeN\x1e'
11E8E149-C7D4-86AE-AF82-12DF17AE4E1E,2014-ncaa-d0-natl,ncaa,61,72,53,74,53,183,134,204,66,146,190,108,131,196,25,171,309,319,144,319,331,238,269,65,89,73,217,120,331,298,285,115,79,205,162,47,15,33,83,26,343,345,283,308,,,25,26,,,134,246,347,10,287,219,323,215,265,162,229,332,337,337,335,344,328,217,309,56,16,348,305,,6,,,136,118,192,218,137,207,248,103,162,143,217,144,28,14,332,15,6,167,105,134,102,201,62,191,26,102,79,147,285,134,162,93,44,330,327,278,112,186,133,149,,,280,213,,,134,108,107,196,127,44,95,94,128,172,114,87,10,4,4,28,4,50,57,39,51,344,79,94,,337,,,b'\x11\xe8\xe1I\xc7\xd4\x86\xae\xaf\x82\x12\xdf\x17\xaeN\x1e'
11E8E149-C7D4-86AE-AF82-12DF17AE4E1E,2014-ncaa-d1-conf-MAAC,ncaa,4,3,7,3,7,8,8,8,2,7,6,4,7,9,4,8,9,10,4,10,10,8,11,3,3,3,9,6,10,9,8,7,5,9,8,3,2,1,2,1,10,10,9,9,,,2,2,,,4,11,11,1,7,6,7,4,6,5,9,9,9,9,8,11,9,5,9,3,1,10,9,,2,,,4,1,1,5,3,4,7,3,2,4,3,4,2,1,11,1,1,3,2,2,2,3,2,5,3,4,5,2,8,2,8,1,1,10,10,8,1,3,6,6,,,9,4,,,4,1,4,4,4,2,2,6,5,8,2,4,2,1,1,4,2,4,3,3,1,10,1,6,,8,,,b'\x11\xe8\xe1I\xc7\xd4\x86\xae\xaf\x82\x12\xdf\x17\xaeN\x1e'
11E8E149-C7D4-86AE-AF82-12DF17AE4E1E,2014-ncaa-d1-natl,ncaa,67,72,59,77,59,203,157,230,70,169,203,113,138,206,27,173,317,325,146,325,332,264,300,65,93,75,214,117,332,308,286,138,79,234,166,52,16,22,82,26,345,347,291,311,,,15,28,,,153,280,347,8,289,226,324,220,266,161,231,333,337,337,335,344,329,222,311,61,16,348,308,,6,,,154,100,170,197,144,191,232,109,148,128,219,142,21,9,335,10,6,136,72,138,108,211,62,191,26,89,79,133,286,110,166,83,46,339,330,284,102,186,127,150,,,304,216,,,153,74,110,202,139,47,97,93,134,174,111,82,10,4,4,28,3,50,58,39,50,344,77,99,,337,,,b'\x11\xe8\xe1I\xc7\xd4\x86\xae\xaf\x82\x12\xdf\x17\xaeN\x1e'
11E8E149-C7D4-86AE-AF82-12DF17AE4E1E,2015-ncaa-d0-natl,ncaa,162,189,113,184,122,256,204,235,135,178,184,159,217,242,136,212,330,315,319,310,314,259,295,152,206,185,281,188,331,250,233,265,181,277,226,66,7,38,104,27,303,290,260,259,,,78,157,,,231,291,343,72,303,241,300,202,221,229,252,342,334,329,323,335,279,314,316,54,34,311,271,,70,,,228,105,138,101,245,115,117,189,214,139,335,193,50,32,274,31,61,68,54,257,242,251,171,271,73,95,181,118,233,93,226,173,213,262,223,260,53,107,63,73,,,290,215,,,231,58,191,254,233,89,122,49,105,76,219,115,51,33,30,25,10,68,90,66,159,284,44,58,,323,,,b'\x11\xe8\xe1I\xc7\xd4\x86\xae\xaf\x82\x12\xdf\x17\xaeN\x1e'
11E8E149-C7D4-86AE-AF82-12DF17AE4E1E,2015-ncaa-d1-conf-MAAC,ncaa,3,3,3,3,5,8,6,7,5,2,5,4,7,10,6,9,10,9,11,9,10,9,11,6,7,5,11,9,10,9,8,8,5,9,5,3,2,1,2,2,9,8,7,8,,,4,8,,,4,11,11,6,8,7,8,2,5,8,10,11,9,9,11,11,9,9,9,3,1,9,8,,3,,,4,1,2,1,7,3,4,6,3,2,8,3,3,3,7,3,2,1,1,7,7,8,4,5,5,2,5,5,8,3,5,2,3,7,6,5,1,2,2,1,,,9,5,,,4,2,5,6,4,1,1,1,3,3,3,3,3,3,3,1,1,2,4,3,2,8,1,2,,9,,,b'\x11\xe8\xe1I\xc7\xd4\x86\xae\xaf\x82\x12\xdf\x17\xaeN\x1e'
11E8E149-C7D4-86AE-AF82-12DF17AE4E1E,2015-ncaa-d1-natl,ncaa,180,189,143,189,153,280,234,270,143,199,212,174,223,257,134,210,341,324,321,322,317,295,329,159,215,188,279,189,330,277,242,298,190,308,238,77,7,26,108,29,317,298,269,266,,,57,158,,,246,327,343,67,307,251,302,214,227,229,256,343,335,330,324,336,283,315,320,63,34,317,277,,73,,,244,76,114,64,256,92,91,196,205,115,337,192,39,24,280,24,62,37,22,264,252,264,170,269,73,72,190,88,242,62,238,156,215,286,234,265,40,108,57,77,,,312,212,,,246,25,204,265,246,96,131,51,109,76,219,115,52,35,32,24,10,70,93,70,166,290,46,60,,324,,,b'\x11\xe8\xe1I\xc7\xd4\x86\xae\xaf\x82\x12\xdf\x17\xaeN\x1e'
11E8E149-C7D4-86AE-AF82-12DF17AE4E1E,2016-ncaa-d0-natl,ncaa,153,156,114,158,165,225,200,247,131,168,161,188,248,289,106,265,257,282,108,285,298,261,291,163,167,150,270,234,235,324,330,164,42,265,220,64,2,32,102,29,293,269,227,223,,,52,85,,,170,262,318,280,274,241,307,187,177,261,302,280,299,300,319,336,339,195,311,50,34,305,235,,32,,,170,79,128,124,177,145,146,187,116,118,151,162,23,35,78,31,48,88,72,171,127,163,77,177,46,22,42,201,330,102,220,97,108,258,213,193,35,86,62,67,,,307,258,,,170,92,194,124,166,56,113,73,149,119,108,97,25,34,30,42,23,22,167,77,86,285,33,63,,330,,,b'\x11\xe8\xe1I\xc7\xd4\x86\xae\xaf\x82\x12\xdf\x17\xaeN\x1e'
11E8E149-C7D4-86AE-AF82-12DF17AE4E1E,2016-ncaa-d1-conf-MAAC,ncaa,6,4,8,6,11,8,7,11,2,5,9,4,6,9,2,8,10,10,3,10,10,10,11,5,5,3,8,6,9,11,10,7,2,11,7,2,1,1,1,1,10,10,9,9,,,2,4,,,6,11,11,7,7,7,9,3,5,6,9,8,10,10,9,11,10,6,11,1,1,10,9,,3,,,6,1,4,2,9,6,2,11,4,4,4,9,2,2,2,2,3,1,1,8,5,7,2,7,2,1,2,2,10,1,7,1,1,10,7,6,1,1,2,2,,,10,8,,,6,1,5,6,5,3,5,6,6,5,5,8,2,2,2,3,1,1,5,3,1,9,1,4,,10,,,b'\x11\xe8\xe1I\xc7\xd4\x86\xae\xaf\x82\x12\xdf\x17\xaeN\x1e'
11E8E149-C7D4-86AE-AF82-12DF17AE4E1E,2016-ncaa-d1-natl,ncaa,163,156,142,162,209,258,234,284,148,198,197,200,265,297,109,265,275,292,106,295,295,297,328,174,172,154,265,234,233,336,334,194,45,299,231,76,2,24,105,31,307,281,242,228,,,33,91,,,185,303,319,282,282,253,315,197,182,265,302,279,301,302,324,338,340,202,316,50,33,312,241,,31,,,185,51,102,89,191,131,115,197,102,87,157,164,20,26,79,23,49,48,31,183,142,177,74,174,49,16,45,173,334,68,231,82,109,279,224,201,25,88,54,76,,,325,252,,,185,54,203,141,180,60,121,75,157,121,109,96,25,34,30,40,21,24,174,80,94,291,33,65,,329,,,b'\x11\xe8\xe1I\xc7\xd4\x86\xae\xaf\x82\x12\xdf\x17\xaeN\x1e'
11E8E149-C7D4-86AE-AF82-12DF17AE4E1E,2017-ncaa-d0-natl,ncaa,136,126,116,139,128,238,206,268,109,135,171,108,295,296,261,270,252,242,217,240,262,265,286,154,166,169,313,297,214,312,300,143,54,232,167,80,8,80,168,63,317,307,268,243,,,96,170,,,153,266,337,65,294,246,328,156,207,316,312,279,270,270,331,342,324,171,290,69,63,329,284,,77,,,154,49,33,79,42,23,22,147,149,270,7,324,164,125,317,122,258,71,62,65,81,114,294,256,257,44,54,133,300,72,167,39,113,248,214,130,86,158,68,84,,,179,57,,,153,84,205,95,154,28,14,34,14,7,143,280,144,111,112,36,14,35,111,62,27,270,79,66,,216,,,b'\x11\xe8\xe1I\xc7\xd4\x86\xae\xaf\x82\x12\xdf\x17\xaeN\x1e'
11E8E149-C7D4-86AE-AF82-12DF17AE4E1E,2017-ncaa-d1-conf-MAAC,ncaa,3,3,3,3,4,8,5,7,1,1,3,2,11,11,9,11,9,7,9,7,9,7,8,3,4,3,11,11,9,8,9,4,4,6,6,2,2,2,4,2,11,11,9,9,,,2,2,,,4,8,11,3,9,5,10,2,3,11,11,10,7,7,8,11,9,3,6,2,2,11,9,,2,,,4,1,2,7,2,1,1,4,5,9,1,10,5,3,6,3,6,5,4,3,3,4,8,7,6,3,4,3,9,3,6,1,2,8,7,6,3,6,2,2,,,7,5,,,4,4,5,4,4,2,2,3,1,1,4,9,3,2,2,3,1,3,1,2,1,9,2,2,,8,,,b'\x11\xe8\xe1I\xc7\xd4\x86\xae\xaf\x82\x12\xdf\x17\xaeN\x1e'
11E8E149-C7D4-86AE-AF82-12DF17AE4E1E,2017-ncaa-d1-natl,ncaa,143,126,144,146,158,280,243,309,117,167,201,111,308,306,264,267,278,268,217,263,263,312,328,161,173,180,310,293,209,328,304,188,59,281,184,98,8,60,170,66,329,309,284,245,,,73,174,,,170,314,339,62,300,254,330,164,211,314,315,284,275,273,334,343,326,186,299,77,65,330,290,,79,,,170,26,16,41,46,18,11,153,135,254,7,324,145,106,320,103,256,31,21,69,85,127,293,255,258,34,59,109,304,42,184,26,110,268,219,140,68,162,60,94,,,212,54,,,170,36,214,110,167,30,17,34,16,9,146,279,149,113,114,37,14,37,112,61,32,274,79,67,,218,,,b'\x11\xe8\xe1I\xc7\xd4\x86\xae\xaf\x82\x12\xdf\x17\xaeN\x1e'
11E8E149-C7D4-86AE-AF82-12DF17AE4E1E,2018-ncaa-d0-natl,ncaa,208,207,164,215,185,295,284,238,314,311,297,281,141,92,273,49,321,320,229,320,271,263,306,284,297,262,81,60,286,270,294,251,86,270,244,162,16,28,95,87,250,212,266,251,,,43,141,,,224,308,333,117,315,304,246,322,305,126,73,325,328,329,297,330,272,251,290,146,51,251,265,,54,,,223,46,47,48,126,30,60,64,158,80,325,167,81,58,277,64,143,34,34,160,172,150,266,263,174,26,86,247,294,151,244,88,199,224,149,157,55,117,214,295,,,301,245,,,224,46,263,133,222,55,44,33,30,47,177,87,105,73,77,26,16,38,266,186,102,216,72,217,,319,,,b'\x11\xe8\xe1I\xc7\xd4\x86\xae\xaf\x82\x12\xdf\x17\xaeN\x1e'
11E8E149-C7D4-86AE-AF82-12DF17AE4E1E,2018-ncaa-d1-conf-MAAC,ncaa,5,4,8,5,8,9,9,8,10,11,11,10,5,3,6,2,7,8,8,8,5,9,11,8,9,7,2,2,7,10,9,8,3,9,8,6,2,2,4,3,8,7,9,8,,,3,9,,,7,11,11,4,9,9,7,11,11,2,2,7,8,8,8,11,8,6,8,6,2,8,9,,5,,,7,1,1,1,2,1,1,1,5,4,10,8,7,7,7,7,10,1,1,3,5,5,11,10,10,1,3,7,9,3,8,1,6,9,9,5,2,2,4,5,,,8,6,,,7,1,7,4,7,2,1,1,1,1,6,4,7,7,7,1,1,2,10,6,4,9,2,4,,8,,,b'\x11\xe8\xe1I\xc7\xd4\x86\xae\xaf\x82\x12\xdf\x17\xaeN\x1e'
11E8E149-C7D4-86AE-AF82-12DF17AE4E1E,2018-ncaa-d1-natl,ncaa,218,207,213,219,241,321,310,280,317,329,316,292,155,107,278,47,327,328,223,328,269,302,337,295,304,271,81,58,284,287,302,289,91,302,257,184,17,21,101,92,268,216,281,255,,,28,142,,,233,339,334,99,322,310,255,330,310,130,76,325,329,330,299,331,276,260,296,153,53,258,272,,57,,,233,26,23,19,142,19,34,70,150,63,334,169,64,47,281,47,143,10,10,174,179,171,262,259,177,20,91,222,302,122,257,67,204,247,151,169,43,125,200,306,,,319,242,,,233,12,275,148,233,59,51,33,36,50,182,89,107,77,80,26,16,43,270,188,112,224,76,219,,322,,,b'\x11\xe8\xe1I\xc7\xd4\x86\xae\xaf\x82\x12\xdf\x17\xaeN\x1e'
11E8E149-C7D4-86AE-AF82-12DF17AE4E1E,2019-ncaa-d0-natl,ncaa,236,269,114,254,132,272,263,267,245,277,251,271,171,194,124,139,306,335,29,336,325,292,290,220,211,242,142,108,269,240,191,238,86,244,150,100,4,213,268,130,270,242,269,249,,,130,253,,,233,297,343,111,320,306,327,301,282,182,215,322,341,342,340,334,256,286,300,98,191,280,285,,113,,,232,89,71,38,228,51,49,148,190,75,340,156,172,219,53,223,289,46,48,258,248,208,288,266,239,32,86,83,191,46,150,47,86,192,107,82,191,244,20,56,,,230,134,,,233,60,245,175,226,60,39,7,36,21,178,58,164,207,216,11,6,25,66,30,45,210,168,20,,266,,,b'\x11\xe8\xe1I\xc7\xd4\x86\xae\xaf\x82\x12\xdf\x17\xaeN\x1e'
11E8E149-C7D4-86AE-AF82-12DF17AE4E1E,2019-ncaa-d1-conf-MAAC,ncaa,7,9,3,9,3,6,7,8,7,9,6,8,4,7,2,6,8,10,2,10,9,8,10,6,6,5,4,3,9,5,5,8,6,7,7,3,1,4,6,3,9,8,9,9,,,6,7,,,8,10,11,4,8,8,8,9,7,4,7,8,10,10,9,11,5,9,8,3,3,8,9,,5,,,8,6,7,4,8,6,3,8,8,4,10,5,8,8,5,8,8,2,1,9,8,10,9,8,6,3,6,3,5,2,7,4,2,9,8,7,5,6,4,4,,,8,5,,,8,2,4,10,8,6,7,4,6,2,7,4,7,7,8,2,1,3,3,2,5,9,5,4,,8,,,b'\x11\xe8\xe1I\xc7\xd4\x86\xae\xaf\x82\x12\xdf\x17\xaeN\x1e'
11E8E149-C7D4-86AE-AF82-12DF17AE4E1E,2019-ncaa-d1-natl,ncaa,252,266,155,262,178,296,291,305,256,300,281,281,186,216,129,138,320,342,30,342,326,327,325,230,225,253,133,108,268,269,197,272,91,291,162,122,4,179,276,138,290,256,287,256,,,109,256,,,247,331,344,103,322,312,328,309,286,186,216,322,343,343,342,334,264,291,305,107,195,290,292,,115,,,247,56,46,11,249,36,22,155,171,49,342,153,152,200,63,205,288,11,18,268,264,226,287,267,236,25,91,50,197,19,162,36,90,231,119,95,161,250,16,61,,,262,127,,,247,26,257,200,242,69,49,6,41,21,180,54,172,214,220,10,6,25,66,32,48,221,175,27,,267,,,b'\x11\xe8\xe1I\xc7\xd4\x86\xae\xaf\x82\x12\xdf\x17\xaeN\x1e'
11E8E149-C7D4-86AE-AF82-12DF17AE4E1E,2020-ncaa-d0-natl,ncaa,140,150,87,155,102,245,212,217,200,209,211,210,172,173,177,140,309,330,68,326,324,246,284,194,214,182,203,137,303,253,260,225,180,247,236,72,17,52,111,54,260,236,180,155,,,21,34,,,158,286,346,70,279,243,268,240,244,179,185,321,333,332,305,336,271,263,295,77,40,267,195,,14,,,158,56,68,79,117,72,81,121,142,143,160,231,57,57,178,59,107,65,59,121,107,101,185,234,110,147,180,171,260,157,236,152,248,190,139,170,56,98,15,21,,,283,211,,,158,59,196,115,164,40,45,38,56,48,132,138,49,49,52,23,13,125,145,133,130,215,52,15,,302,,,b'\x11\xe8\xe1I\xc7\xd4\x86\xae\xaf\x82\x12\xdf\x17\xaeN\x1e'
11E8E149-C7D4-86AE-AF82-12DF17AE4E1E,2020-ncaa-d1-conf-MAAC,ncaa,3,3,4,3,4,7,6,9,4,7,10,4,5,6,5,4,7,9,2,9,9,10,11,4,4,3,6,4,7,8,8,6,5,9,6,2,2,1,3,2,10,9,5,4,,,2,3,,,3,11,11,3,8,7,7,7,8,4,6,7,9,9,8,11,7,6,7,2,1,10,5,,2,,,3,2,2,2,3,2,2,4,3,4,5,8,6,6,8,6,7,2,1,4,3,4,10,7,7,4,5,5,8,4,6,5,7,10,8,7,1,1,2,2,,,10,8,,,3,1,4,5,3,2,2,2,1,1,4,3,6,5,5,1,1,4,4,2,4,9,1,2,,10,,,b'\x11\xe8\xe1I\xc7\xd4\x86\xae\xaf\x82\x12\xdf\x17\xaeN\x1e'
11E8E149-C7D4-86AE-AF82-12DF17AE4E1E,2020-ncaa-d1-natl,ncaa,150,150,128,157,148,276,245,260,211,244,244,218,184,188,181,141,317,331,71,329,323,290,318,210,222,190,199,137,300,278,267,260,186,286,243,85,19,39,113,56,279,246,195,159,,,16,37,,,173,321,346,57,288,255,274,249,248,182,188,321,333,332,311,337,274,267,300,83,40,275,199,,14,,,174,39,51,54,128,52,57,128,128,126,163,225,52,50,182,50,108,36,32,134,120,114,182,232,109,128,186,151,267,132,243,137,246,215,146,188,44,101,13,22,,,300,207,,,173,29,209,128,181,43,51,41,62,50,134,135,48,50,55,23,13,133,148,140,138,222,50,14,,300,,,b'\x11\xe8\xe1I\xc7\xd4\x86\xae\xaf\x82\x12\xdf\x17\xaeN\x1e'
11E8E149-C7D4-86AE-AF82-12DF17AE4E1E,2021-ncaa-d0-natl,ncaa,151,32,293,59,299,299,294,311,146,312,314,242,190,266,12,74,324,327,163,326,313,315,318,100,128,128,66,21,330,315,265,306,256,312,251,244,14,24,154,61,282,122,185,41,,,23,48,,,100,316,342,224,274,246,307,305,297,61,138,335,337,337,335,343,304,259,306,81,53,180,95,,13,,,84,24,23,33,25,17,22,35,80,82,117,330,16,21,72,21,65,31,30,45,28,28,307,332,38,56,256,33,265,41,251,30,227,295,101,99,23,134,14,44,,,323,295,,,100,28,154,41,81,9,15,51,5,12,220,268,6,7,7,17,13,219,77,113,66,171,62,16,,339,,,b'\x11\xe8\xe1I\xc7\xd4\x86\xae\xaf\x82\x12\xdf\x17\xaeN\x1e'
11E8E149-C7D4-86AE-AF82-12DF17AE4E1E,2021-ncaa-d1-conf-MAAC,ncaa,4,2,5,2,6,5,5,6,1,6,7,3,4,5,1,4,9,9,3,9,11,7,8,1,1,1,3,2,10,9,10,7,4,7,9,5,3,2,4,2,8,6,7,3,,,2,3,,,3,7,11,6,5,4,9,7,8,1,5,10,10,10,9,11,10,7,9,3,1,9,5,,2,,,3,4,4,5,4,2,2,6,8,8,6,11,2,2,4,2,5,4,4,6,6,6,11,11,3,5,4,6,10,5,9,3,3,7,7,4,2,5,3,1,,,8,11,,,3,5,3,5,3,3,3,3,1,1,11,11,1,1,1,1,1,4,4,3,2,8,3,1,,11,,,b'\x11\xe8\xe1I\xc7\xd4\x86\xae\xaf\x82\x12\xdf\x17\xaeN\x1e'
11E8E149-C7D4-86AE-AF82-12DF17AE4E1E,2021-ncaa-d1-natl,ncaa,164,32,299,62,304,304,298,313,152,315,315,252,195,272,13,76,324,327,166,326,313,316,320,102,130,131,65,21,330,318,271,307,265,314,262,256,14,24,154,64,289,128,198,42,,,22,48,,,111,318,343,225,278,259,309,310,298,62,144,335,337,337,336,343,306,264,311,87,53,188,97,,14,,,89,24,23,32,26,17,21,36,76,77,117,331,15,20,70,20,66,29,27,50,28,28,307,332,37,53,265,28,271,36,262,26,228,298,106,103,22,135,14,47,,,323,295,,,111,25,158,46,85,9,16,50,5,11,227,268,6,7,7,15,13,221,79,118,71,180,62,16,,338,,,b'\x11\xe8\xe1I\xc7\xd4\x86\xae\xaf\x82\x12\xdf\x17\xaeN\x1e'
11E8E149-C7D4-86AE-AF82-12DF17AE4E1E,2022-ncaa-d0-natl,ncaa,23,19,52,25,60,94,82,105,75,76,88,122,115,168,44,215,178,220,45,218,300,112,156,88,83,54,222,175,263,259,283,108,132,168,206,67,86,25,20,19,88,92,219,197,,,32,20,,,56,127,332,121,149,127,226,123,152,161,234,239,284,283,248,346,317,210,301,83,6,134,259,,7,,,56,142,171,237,87,83,105,153,320,341,119,351,24,24,85,20,49,196,226,147,104,74,294,344,18,182,132,239,283,222,206,211,238,86,94,135,32,28,12,6,,,144,142,,,56,226,73,76,54,39,60,83,17,18,292,330,6,6,6,30,28,106,109,94,132,148,15,7,,247,,,b'\x11\xe8\xe1I\xc7\xd4\x86\xae\xaf\x82\x12\xdf\x17\xaeN\x1e'
11E8E149-C7D4-86AE-AF82-12DF17AE4E1E,2022-ncaa-d1-conf-MAAC,ncaa,1,1,1,1,2,3,1,4,1,4,4,2,3,8,1,7,5,6,1,6,9,4,8,1,1,1,5,5,7,8,7,4,4,5,6,1,3,1,1,1,3,3,7,4,,,1,1,,,1,7,11,3,4,3,6,4,5,3,8,6,7,7,7,11,9,7,7,1,1,3,7,,1,,,1,1,3,4,4,1,1,3,10,10,6,11,1,1,4,1,1,2,2,5,4,2,10,11,1,3,4,5,7,4,6,6,9,3,3,6,1,1,1,1,,,5,2,,,1,4,1,2,1,1,1,1,1,1,9,9,1,1,1,1,1,1,1,1,3,7,1,1,,7,,,b'\x11\xe8\xe1I\xc7\xd4\x86\xae\xaf\x82\x12\xdf\x17\xaeN\x1e'
11E8E149-C7D4-86AE-AF82-12DF17AE4E1E,2022-ncaa-d1-natl,ncaa,25,19,67,25,77,118,99,130,81,97,102,136,129,189,46,215,201,245,46,241,300,143,205,93,93,58,215,173,257,286,292,137,141,207,220,77,89,18,22,21,112,105,237,201,,,23,21,,,67,171,333,111,168,139,235,134,161,167,236,243,286,284,258,346,324,221,315,100,7,152,271,,7,,,69,120,144,199,97,69,72,162,314,334,130,351,19,20,91,15,50,148,177,160,114,91,296,344,20,163,141,221,292,190,220,201,243,115,106,146,26,30,7,8,,,170,138,,,67,182,81,93,64,43,66,84,20,19,297,328,6,6,5,35,27,111,114,100,141,169,16,8,,253,,,b'\x11\xe8\xe1I\xc7\xd4\x86\xae\xaf\x82\x12\xdf\x17\xaeN\x1e'
11E8E149-C7D4-86AE-AF82-12DF17AE4E1E,2022-ncaa-d1-ncaatournament,ncaa,37,2,37,37,38,58,64,68,48,63,66,54,62,67,24,60,30,38,10,35,1,67,66,51,29,54,11,55,1,65,56,53,62,66,58,59,13,36,67,64,30,3,65,65,,,21,51,,,52,57,39,5,57,63,68,62,62,59,64,1,7,4,67,61,60,48,65,53,67,4,65,,52,,,55,8,5,10,41,13,23,28,8,4,57,5,23,32,8,29,55,13,19,37,35,35,24,14,60,27,62,4,56,12,58,15,59,44,26,41,31,66,6,22,,,38,1,,,52,10,58,39,57,35,29,21,41,55,16,5,52,63,60,34,43,53,13,30,49,23,61,9,,3,,,b'\x11\xe8\xe1I\xc7\xd4\x86\xae\xaf\x82\x12\xdf\x17\xaeN\x1e'
11E8E149-C7D4-86AE-AF82-12DF17AE4E1E,2023-ncaa-d0-natl,ncaa,170,160,164,169,165,242,222,178,265,236,190,279,177,168,195,154,289,228,347,220,232,189,135,252,281,302,175,125,284,127,161,194,155,167,184,173,99,315,306,252,106,88,357,361,,,142,151,,,172,154,197,4,267,245,156,253,177,177,156,309,228,225,185,98,118,193,150,168,319,90,358,,153,,,173,54,83,126,117,132,171,129,75,103,74,143,61,65,174,63,67,107,158,92,82,40,63,117,106,107,155,221,161,178,184,111,167,72,45,45,310,298,252,262,,,162,193,,,172,183,298,34,188,64,100,125,154,184,79,110,66,70,68,87,174,123,247,207,124,51,312,275,,138,,,b'\x11\xe8\xe1I\xc7\xd4\x86\xae\xaf\x82\x12\xdf\x17\xaeN\x1e'
11E8E149-C7D4-86AE-AF82-12DF17AE4E1E,2023-ncaa-d1-conf-MAAC,ncaa,6,5,7,6,7,10,7,5,7,7,5,6,6,6,9,5,10,8,11,8,10,4,4,8,11,10,8,6,10,4,5,6,2,5,5,7,5,6,7,7,5,3,11,11,,,4,6,,,6,7,8,1,9,7,4,6,5,6,4,10,8,8,4,4,4,2,4,6,8,4,11,,4,,,6,2,2,2,4,4,6,5,1,2,2,1,4,4,6,4,4,2,2,4,4,3,1,1,6,2,2,9,5,4,5,2,3,5,4,5,5,6,8,9,,,8,9,,,6,3,10,3,6,3,5,3,6,9,1,2,4,4,4,4,4,3,9,7,3,4,6,9,,7,,,b'\x11\xe8\xe1I\xc7\xd4\x86\xae\xaf\x82\x12\xdf\x17\xaeN\x1e'
11E8E149-C7D4-86AE-AF82-12DF17AE4E1E,2023-ncaa-d1-natl,ncaa,185,160,219,179,219,283,267,229,278,277,228,289,198,188,200,157,313,254,347,247,236,247,192,264,292,311,171,127,280,153,170,235,160,213,194,204,101,305,311,266,135,98,358,361,,,115,158,,,194,216,204,4,278,259,177,263,179,186,160,311,231,227,204,106,125,203,168,179,322,103,359,,158,,,194,38,62,81,131,105,127,145,61,83,82,142,52,46,171,46,70,57,100,108,94,49,62,117,105,79,160,189,170,137,194,94,171,96,51,53,295,307,250,273,,,194,182,,,194,118,309,42,206,72,108,129,159,187,83,109,70,74,73,88,174,127,253,218,138,63,317,282,,139,,,b'\x11\xe8\xe1I\xc7\xd4\x86\xae\xaf\x82\x12\xdf\x17\xaeN\x1e'
11E8E149-C7D4-86AE-AF82-12DF17AE4E1E,2024-ncaa-d0-natl,ncaa,8,2,94,2,103,76,66,134,21,133,315,3,24,17,90,10,271,268,207,268,141,155,126,13,16,52,64,23,354,166,100,120,88,139,54,32,31,303,263,83,61,51,211,203,,,322,334,,,18,118,187,115,62,45,195,161,342,16,13,311,299,298,237,187,198,146,175,25,269,72,228,,312,,,16,53,38,124,21,38,127,22,96,154,35,171,231,258,93,256,282,135,216,17,28,6,274,160,316,119,88,54,100,61,54,52,157,35,28,10,246,218,34,94,,,130,150,,,18,234,52,5,18,17,5,38,15,52,62,116,200,225,223,46,141,78,18,25,29,42,219,17,,160,,,b'\x11\xe8\xe1I\xc7\xd4\x86\xae\xaf\x82\x12\xdf\x17\xaeN\x1e'
11E8E149-C7D4-86AE-AF82-12DF17AE4E1E,2024-ncaa-d1-conf-MAAC,ncaa,1,1,1,1,2,2,2,3,1,3,9,1,1,1,2,1,4,3,8,3,3,3,3,1,1,1,3,1,9,3,3,2,1,2,1,1,2,8,4,1,3,3,6,6,,,10,11,,,1,2,4,6,2,3,5,3,10,1,1,5,4,4,4,4,4,3,4,1,6,3,6,,9,,,1,1,1,3,1,3,7,1,1,1,2,1,9,10,1,9,10,5,9,1,1,1,4,2,10,4,1,3,3,3,1,1,1,3,2,1,6,4,2,4,,,2,2,,,1,9,1,1,1,1,1,1,1,5,1,1,9,9,9,1,6,1,1,1,1,3,4,2,,2,,,b'\x11\xe8\xe1I\xc7\xd4\x86\xae\xaf\x82\x12\xdf\x17\xaeN\x1e'
11E8E149-C7D4-86AE-AF82-12DF17AE4E1E,2024-ncaa-d1-natl,ncaa,6,2,78,2,89,69,55,134,21,129,324,4,16,12,81,9,283,277,207,274,155,149,119,13,14,45,63,21,357,168,103,120,79,136,49,28,32,301,259,82,59,53,226,213,,,333,337,,,11,104,192,119,62,43,193,162,345,16,13,318,304,305,237,189,202,148,175,24,265,69,247,,314,,,11,34,17,104,16,24,107,15,80,138,36,167,228,265,59,264,294,128,229,15,22,7,284,155,323,109,79,44,103,52,49,39,160,32,21,8,238,210,27,81,,,133,158,,,11,250,46,4,10,10,2,26,10,49,54,101,199,231,231,34,132,73,17,23,25,39,207,14,,171,,,b'\x11\xe8\xe1I\xc7\xd4\x86\xae\xaf\x82\x12\xdf\x17\xaeN\x1e'
11E8E149-C7D4-86AE-AF82-12DF17AE4E1E,2024-ncaa-d1-ncaatournament,ncaa,37,3,37,37,38,54,53,44,62,68,62,68,28,31,28,2,65,67,26,66,67,52,57,51,57,51,1,1,67,57,60,51,27,57,60,45,14,9,21,21,51,47,42,29,,,24,56,,,64,52,14,5,51,48,11,68,55,1,2,65,67,66,35,45,45,46,53,31,18,38,33,,58,,,66,29,22,19,55,18,15,59,32,27,48,56,23,21,49,18,52,25,22,60,63,65,53,53,43,9,27,30,60,23,60,35,66,53,43,64,5,10,49,67,,,60,63,,,64,27,56,61,63,65,57,37,47,20,63,56,54,52,46,48,43,15,66,59,66,37,9,66,,59,,,b'\x11\xe8\xe1I\xc7\xd4\x86\xae\xaf\x82\x12\xdf\x17\xaeN\x1e'
11E8E149-C7D4-86AE-AF82-12DF17AE4E1E,2025-ncaa-d0-natl,genius_ncaa,24,12,90,15,116,72,63,117,25,112,286,4,22,15,105,10,325,327,179,326,284,148,177,16,23,28,105,27,359,237,230,135,20,186,105,29,30,83,90,18,80,53,136,113,,,127,137,,44,18,144,252,269,71,52,140,128,329,19,13,340,345,344,215,283,276,197,257,20,66,91,167,,86,,34,16,42,55,103,82,105,133,132,41,105,12,166,70,58,266,51,81,78,165,55,59,21,77,84,172,20,20,160,230,79,105,28,54,56,27,12,62,65,13,38,,,279,323,,18,18,213,43,11,16,11,20,24,63,63,19,62,54,43,37,15,40,9,95,32,16,60,48,8,,329,,28,b'\x11\xe8\xe1I\xc7\xd4\x86\xae\xaf\x82\x12\xdf\x17\xaeN\x1e'
11E8E149-C7D4-86AE-AF82-12DF17AE4E1E,2025-ncaa-d1-conf-MAAC,genius_ncaa,1,1,1,1,2,1,1,1,1,2,9,1,1,1,3,2,11,11,6,11,11,1,1,1,1,1,6,4,13,7,7,2,1,2,4,1,3,3,2,1,3,4,4,4,,,7,5,,3,1,1,8,7,1,1,1,2,11,2,1,11,11,11,4,8,9,4,5,1,3,4,4,,5,,1,1,1,2,6,2,8,11,4,1,4,1,3,3,4,8,4,2,6,11,1,1,1,1,1,7,3,1,11,7,8,4,1,1,2,2,1,4,3,3,4,,,10,11,,1,1,12,1,1,1,1,1,1,4,5,1,2,2,4,4,1,4,1,7,3,1,3,4,3,,11,,1,b'\x11\xe8\xe1I\xc7\xd4\x86\xae\xaf\x82\x12\xdf\x17\xaeN\x1e'
11E8E149-C7D4-86AE-AF82-12DF17AE4E1E,2025-ncaa-d1-natl,genius_ncaa,19,12,72,14,101,68,52,99,27,105,286,4,21,19,107,10,328,331,168,330,290,137,161,17,24,26,104,26,359,239,234,133,20,178,103,25,29,80,75,17,83,60,155,138,,,141,161,,50,18,142,259,269,70,50,134,134,328,17,13,341,347,346,214,286,273,199,258,19,58,99,182,,94,,38,15,39,58,103,88,108,136,140,38,101,14,162,73,64,229,58,92,78,174,64,59,24,78,79,171,14,20,167,234,91,103,27,56,55,30,15,55,56,13,35,,,292,337,,21,18,220,40,15,13,11,25,22,63,59,20,63,54,49,45,16,39,9,95,32,16,64,43,5,,336,,31,b'\x11\xe8\xe1I\xc7\xd4\x86\xae\xaf\x82\x12\xdf\x17\xaeN\x1e'
11E8E149-C7D4-86AE-AF82-12DF17AE4E1E,2025-ncaa-d1-ncaatournament,genius_ncaa,37,2,37,37,38,65,63,65,61,62,67,18,53,33,61,1,57,61,30,61,20,66,64,61,61,63,16,16,44,64,62,66,67,67,67,52,14,23,62,55,32,12,47,39,,,10,14,,1,62,58,49,7,65,63,62,62,67,44,5,55,58,58,66,60,63,66,67,49,53,9,36,,20,,1,62,24,26,17,61,25,15,63,21,24,41,44,8,8,55,6,10,13,17,59,62,59,22,32,13,29,67,10,62,18,67,31,57,41,23,47,13,33,15,63,,,61,57,,62,62,10,65,62,63,59,62,40,60,34,43,46,16,10,6,32,41,58,39,53,63,19,26,30,,60,,62,b'\x11\xe8\xe1I\xc7\xd4\x86\xae\xaf\x82\x12\xdf\x17\xaeN\x1e'
11E8E149-C7D4-86AE-AF82-12DF17AE4E1E,2026-ncaa-d0-natl,genius_ncaa,123,80,206,123,216,126,152,236,39,309,349,51,1,21,6,2,203,276,16,275,28,242,264,8,7,12,1,2,295,329,317,269,208,302,277,74,13,57,99,27,259,241,192,161,,,148,243,,25,104,250,233,97,34,71,203,339,363,1,4,173,276,267,223,312,341,276,340,25,69,240,169,,191,,25,96,181,149,109,267,122,94,264,232,175,287,239,242,188,352,178,262,112,103,288,316,304,292,245,273,100,208,104,317,102,277,179,225,242,197,242,41,75,59,253,,,232,125,,11,104,111,26,291,101,263,233,140,177,91,282,232,295,239,226,143,107,154,140,131,235,215,54,69,,190,,6,b'\x11\xe8\xe1I\xc7\xd4\x86\xae\xaf\x82\x12\xdf\x17\xaeN\x1e'
11E8E149-C7D4-86AE-AF82-12DF17AE4E1E,2026-ncaa-d1-natl,genius_ncaa,163,80,271,145,286,187,224,308,49,355,362,61,4,31,6,1,266,325,15,325,23,323,337,8,7,12,1,1,292,358,333,332,229,350,313,104,13,22,111,32,320,281,237,173,,,93,259,,17,149,324,242,100,42,98,233,352,363,1,3,190,281,273,260,324,351,300,355,29,74,279,185,,206,,29,137,133,108,46,304,85,39,294,195,114,311,239,208,143,358,130,266,50,32,320,339,336,288,241,270,59,229,50,333,42,313,141,230,314,238,279,21,77,40,282,,,288,113,,12,149,37,28,326,138,298,263,148,214,97,301,238,304,248,239,158,104,162,157,145,266,248,53,83,,186,,6,b'\x11\xe8\xe1I\xc7\xd4\x86\xae\xaf\x82\x12\xdf\x17\xaeN\x1e'
11E8E149-C7D9-06DE-AF82-12DF17AE4E1E,2010-ncaa-d0-natl,ncaa,274,269,241,276,278,284,280,281,263,273,274,236,217,188,276,121,247,290,77,284,207,286,295,262,248,242,144,159,148,306,297,291,322,310,325,333,331,84,204,306,228,199,232,210,,,188,274,,,256,286,249,283,279,280,263,262,255,201,149,227,268,265,269,283,294,275,312,337,148,204,222,,261,,,259,82,65,84,167,94,89,176,115,118,151,171,156,211,17,207,265,92,86,162,149,156,188,161,229,257,322,141,297,195,325,239,322,223,170,268,81,185,145,228,,,303,233,,,256,55,256,218,262,151,133,126,148,130,157,163,210,262,254,165,169,305,240,283,283,173,141,183,,286,,,b'\x11\xe8\xe1I\xc7\xd9\x06\xde\xaf\x82\x12\xdf\x17\xaeN\x1e'
11E8E149-C7D9-06DE-AF82-12DF17AE4E1E,2010-ncaa-d1-conf-NEC,ncaa,10,8,10,10,10,10,10,10,9,9,9,8,9,9,10,4,10,10,3,10,10,10,10,10,10,9,6,7,6,10,10,10,10,10,10,11,11,1,5,10,8,6,8,6,,,7,10,,,10,10,6,8,9,9,6,8,7,9,6,9,9,9,8,10,10,9,10,11,4,6,7,,10,,,10,4,3,3,7,4,3,9,3,4,4,4,6,9,1,8,9,3,2,8,8,8,7,4,9,7,10,4,10,8,10,7,8,10,9,10,3,6,6,6,,,10,10,,,10,1,10,10,10,8,7,6,7,4,3,5,9,9,9,9,7,10,10,10,9,7,5,6,,10,,,b'\x11\xe8\xe1I\xc7\xd9\x06\xde\xaf\x82\x12\xdf\x17\xaeN\x1e'
11E8E149-C7D9-06DE-AF82-12DF17AE4E1E,2010-ncaa-d1-natl,ncaa,281,269,276,281,310,298,298,300,271,293,298,241,225,197,279,118,259,301,77,297,204,307,323,270,255,245,143,158,145,319,301,306,323,326,326,340,332,69,206,311,242,201,240,216,,,171,278,,,263,317,249,285,285,287,263,266,258,202,149,227,271,269,275,286,298,277,314,337,147,209,223,,261,,,265,64,53,53,171,85,71,182,107,104,154,170,152,200,17,196,265,68,58,168,157,161,187,161,226,249,323,129,301,185,326,231,323,239,177,278,73,188,140,233,,,315,234,,,263,27,261,227,270,157,143,127,152,135,160,164,215,265,258,167,169,308,241,286,289,184,143,182,,285,,,b'\x11\xe8\xe1I\xc7\xd9\x06\xde\xaf\x82\x12\xdf\x17\xaeN\x1e'
11E8E149-C7D9-06DE-AF82-12DF17AE4E1E,2011-ncaa-d0-natl,ncaa,181,175,170,184,206,266,281,236,305,278,217,308,213,191,242,160,153,173,118,169,116,229,191,291,276,289,96,144,50,223,266,108,270,154,264,327,336,277,287,330,196,212,37,46,,,289,293,,,221,175,124,177,278,298,243,292,233,203,184,135,160,154,241,172,226,60,121,337,282,190,22,,313,,,223,73,59,180,22,112,239,31,37,89,12,66,244,292,25,294,258,214,211,12,15,29,128,49,300,312,270,231,266,289,264,88,189,156,188,109,246,255,65,100,,,174,149,,,221,173,301,64,218,106,82,221,147,277,41,99,268,294,294,260,271,318,265,312,110,132,256,79,,143,,,b'\x11\xe8\xe1I\xc7\xd9\x06\xde\xaf\x82\x12\xdf\x17\xaeN\x1e'
11E8E149-C7D9-06DE-AF82-12DF17AE4E1E,2011-ncaa-d1-conf-NEC,ncaa,8,8,5,8,5,10,9,6,11,9,6,10,9,4,11,5,6,7,5,6,7,6,5,11,11,10,6,6,4,7,8,6,9,6,9,11,11,7,8,11,9,9,3,3,,,11,9,,,10,5,3,2,9,9,5,8,5,8,3,6,6,6,5,3,7,4,5,11,9,8,2,,11,,,10,8,4,7,4,5,8,3,3,5,5,3,10,10,2,10,10,9,9,4,5,7,7,3,9,10,9,8,8,10,9,6,8,7,7,7,9,9,5,7,,,7,10,,,10,7,10,8,10,9,5,9,7,11,4,4,10,10,10,11,11,10,11,11,7,5,9,5,,5,,,b'\x11\xe8\xe1I\xc7\xd9\x06\xde\xaf\x82\x12\xdf\x17\xaeN\x1e'
11E8E149-C7D9-06DE-AF82-12DF17AE4E1E,2011-ncaa-d1-natl,ncaa,188,172,199,188,238,276,291,258,306,294,246,310,222,203,240,157,167,189,118,183,115,257,224,297,278,293,92,141,50,245,268,129,274,185,270,335,336,268,291,332,211,220,40,48,,,277,294,,,226,210,127,168,280,302,246,293,234,206,184,135,169,157,247,176,229,64,127,338,284,195,21,,313,,,229,54,45,153,23,99,224,33,31,79,14,62,234,284,29,288,257,192,186,12,16,33,124,47,299,306,274,214,268,272,270,75,185,176,193,115,233,257,62,106,,,193,150,,,226,140,304,71,225,112,84,222,150,281,41,100,272,295,299,261,273,318,269,315,112,135,258,80,,144,,,b'\x11\xe8\xe1I\xc7\xd9\x06\xde\xaf\x82\x12\xdf\x17\xaeN\x1e'
11E8E149-C7D9-06DE-AF82-12DF17AE4E1E,2012-ncaa-d0-natl,ncaa,198,228,120,217,154,203,221,156,296,157,96,285,290,256,321,267,92,98,155,95,143,140,101,309,290,296,242,292,30,80,76,114,257,83,133,320,343,312,279,336,219,256,29,36,,,228,171,,,231,115,98,262,247,261,169,177,102,297,265,87,90,87,152,89,78,111,71,333,300,233,28,,232,,,226,191,152,239,61,121,243,31,239,202,267,153,229,270,59,275,223,255,248,78,77,89,279,258,245,297,257,156,76,244,133,266,306,124,162,192,315,289,304,277,,,102,160,,,231,229,284,134,225,179,145,237,113,247,229,195,225,262,269,259,270,299,145,236,245,119,302,307,,110,,,b'\x11\xe8\xe1I\xc7\xd9\x06\xde\xaf\x82\x12\xdf\x17\xaeN\x1e'
11E8E149-C7D9-06DE-AF82-12DF17AE4E1E,2012-ncaa-d1-conf-NEC,ncaa,8,9,3,8,6,7,7,5,10,6,4,10,8,7,9,9,3,2,8,3,4,5,4,11,10,9,7,9,1,2,1,5,6,4,3,11,11,8,8,11,8,9,2,1,,,4,5,,,8,6,4,10,7,8,7,5,4,9,9,4,3,3,4,4,1,6,3,11,7,9,2,,4,,,8,8,7,7,7,3,7,1,11,9,11,9,3,4,2,4,6,7,7,7,7,5,11,11,3,9,6,5,1,6,3,10,10,5,6,8,9,8,8,7,,,4,4,,,8,6,8,6,8,7,7,8,3,5,11,10,3,5,5,6,8,9,4,5,9,5,9,10,,3,,,b'\x11\xe8\xe1I\xc7\xd9\x06\xde\xaf\x82\x12\xdf\x17\xaeN\x1e'
11E8E149-C7D9-06DE-AF82-12DF17AE4E1E,2012-ncaa-d1-natl,ncaa,208,227,137,224,181,230,244,187,299,175,109,287,294,266,320,266,99,107,155,104,141,167,113,310,291,297,238,289,27,89,79,127,260,101,139,326,342,304,280,336,236,264,32,37,,,215,175,,,239,141,102,262,255,271,176,187,107,297,267,87,91,90,159,92,83,115,79,336,298,240,29,,234,,,237,176,134,219,65,104,226,34,228,184,272,146,212,260,59,267,230,237,232,83,80,97,278,257,247,290,260,130,79,227,139,260,307,137,168,206,308,291,299,280,,,115,157,,,239,202,288,144,237,184,150,240,116,252,230,195,228,262,272,261,268,305,148,241,248,126,302,305,,111,,,b'\x11\xe8\xe1I\xc7\xd9\x06\xde\xaf\x82\x12\xdf\x17\xaeN\x1e'
11E8E149-C7D9-06DE-AF82-12DF17AE4E1E,2013-ncaa-d0-natl,ncaa,212,197,251,216,261,264,289,202,332,273,177,327,238,212,285,209,145,119,252,115,94,182,174,330,321,314,131,197,39,52,61,202,254,132,145,297,262,208,203,306,185,172,99,67,,,192,248,,,288,229,150,48,256,283,121,249,111,224,187,88,61,60,87,59,23,136,40,295,259,159,69,,271,,,288,172,123,144,152,72,84,113,286,233,305,261,190,225,64,224,265,156,129,196,200,229,312,298,207,234,254,166,61,205,145,275,332,238,239,292,121,134,330,329,,,162,163,,,288,108,286,250,291,249,210,250,122,149,307,282,249,269,272,269,239,289,258,284,307,203,168,337,,84,,,b'\x11\xe8\xe1I\xc7\xd9\x06\xde\xaf\x82\x12\xdf\x17\xaeN\x1e'
11E8E149-C7D9-06DE-AF82-12DF17AE4E1E,2013-ncaa-d1-conf-NEC,ncaa,9,7,9,9,10,8,11,7,12,10,7,12,9,7,10,8,4,4,4,4,3,6,6,12,12,10,5,9,1,4,3,6,8,6,6,12,12,3,4,11,8,8,3,1,,,8,11,,,11,8,5,3,8,10,3,10,5,9,5,2,2,2,3,3,2,4,4,12,6,8,2,,9,,,11,8,4,5,7,3,5,6,11,11,10,9,8,8,5,9,10,6,4,9,9,10,11,11,9,7,8,7,3,5,6,9,10,9,12,10,4,4,12,12,,,5,4,,,11,5,10,11,11,11,10,9,6,6,11,11,10,10,10,10,7,8,9,9,10,9,4,12,,3,,,b'\x11\xe8\xe1I\xc7\xd9\x06\xde\xaf\x82\x12\xdf\x17\xaeN\x1e'
11E8E149-C7D9-06DE-AF82-12DF17AE4E1E,2013-ncaa-d1-natl,ncaa,221,196,292,222,299,285,306,225,334,288,200,331,247,221,288,209,154,127,254,124,91,206,200,333,326,317,126,196,35,62,64,221,262,148,150,307,265,192,205,308,197,177,103,72,,,177,253,,,295,258,154,47,256,287,126,253,117,226,187,90,64,63,88,62,23,139,41,301,260,165,70,,272,,,298,156,109,116,155,60,68,118,282,225,307,261,185,217,68,216,267,130,98,202,207,235,311,297,205,223,262,149,64,191,150,268,331,259,247,300,116,136,327,331,,,185,155,,,295,80,293,258,299,254,215,251,126,153,306,281,253,273,275,271,239,291,261,287,309,210,170,339,,86,,,b'\x11\xe8\xe1I\xc7\xd9\x06\xde\xaf\x82\x12\xdf\x17\xaeN\x1e'
11E8E149-C7D9-06DE-AF82-12DF17AE4E1E,2014-ncaa-d0-natl,ncaa,342,343,254,344,289,307,309,215,340,276,137,343,286,295,237,287,203,215,143,217,273,221,220,341,336,329,185,244,56,166,195,291,336,255,319,329,316,180,215,320,257,256,178,164,,,232,275,,,336,227,102,270,302,310,115,253,58,275,273,170,185,188,125,105,128,277,207,329,256,233,155,,310,,,337,239,196,164,235,146,117,235,280,247,265,253,247,245,188,244,288,183,160,266,276,293,297,258,223,305,336,245,195,282,319,255,273,226,237,272,153,189,325,314,,,272,274,,,336,117,327,318,337,305,277,281,222,191,314,302,295,296,296,307,289,336,308,333,296,185,218,341,,226,,,b'\x11\xe8\xe1I\xc7\xd9\x06\xde\xaf\x82\x12\xdf\x17\xaeN\x1e'
11E8E149-C7D9-06DE-AF82-12DF17AE4E1E,2014-ncaa-d1-conf-NEC,ncaa,10,10,9,10,10,10,10,5,10,7,4,10,10,10,9,10,10,10,4,10,10,8,7,10,10,10,10,10,4,5,6,10,9,9,9,9,7,4,8,8,7,8,6,6,,,5,7,,,10,7,2,8,9,9,3,5,1,10,10,10,10,10,5,4,5,10,6,8,8,6,6,,7,,,10,7,7,4,9,5,2,9,6,6,8,9,6,6,5,6,7,4,4,9,9,10,8,7,6,9,9,8,6,8,9,9,10,7,7,10,8,10,10,9,,,10,10,,,10,3,10,10,10,9,9,8,8,6,10,9,7,7,7,8,8,9,9,9,10,2,10,10,,9,,,b'\x11\xe8\xe1I\xc7\xd9\x06\xde\xaf\x82\x12\xdf\x17\xaeN\x1e'
11E8E149-C7D9-06DE-AF82-12DF17AE4E1E,2014-ncaa-d1-natl,ncaa,344,342,307,344,326,314,321,244,340,289,153,344,290,304,237,286,224,239,145,240,273,249,251,342,336,332,183,246,56,180,199,308,337,273,321,333,315,163,219,321,268,259,186,163,,,216,276,,,338,263,104,273,305,311,122,257,63,279,276,174,188,190,131,110,136,282,215,330,256,238,160,,312,,,338,217,174,139,243,133,89,245,271,237,268,255,236,229,196,224,287,156,128,275,284,302,294,260,224,298,337,226,199,266,321,243,272,245,242,277,140,190,322,316,,,298,272,,,338,83,329,323,339,313,282,285,228,191,316,302,299,295,295,307,288,338,310,335,300,191,218,341,,226,,,b'\x11\xe8\xe1I\xc7\xd9\x06\xde\xaf\x82\x12\xdf\x17\xaeN\x1e'
11E8E149-C7D9-06DE-AF82-12DF17AE4E1E,2015-ncaa-d0-natl,ncaa,253,267,172,262,193,145,171,157,199,133,96,235,242,271,166,287,54,59,151,62,102,135,141,228,196,171,210,269,31,106,124,288,327,215,258,269,322,133,122,247,133,134,110,91,,,276,290,,,227,161,131,107,122,160,119,103,54,244,267,28,24,26,83,91,87,298,217,283,157,117,104,,302,,,226,263,219,164,261,205,99,306,235,265,117,272,284,264,286,265,299,191,195,269,298,279,260,208,258,278,327,161,124,222,258,246,244,157,171,226,125,120,95,60,,,96,88,,,227,169,146,301,240,291,257,192,233,102,250,286,300,286,286,243,253,295,192,248,268,146,153,95,,48,,,b'\x11\xe8\xe1I\xc7\xd9\x06\xde\xaf\x82\x12\xdf\x17\xaeN\x1e'
11E8E149-C7D9-06DE-AF82-12DF17AE4E1E,2015-ncaa-d1-conf-NEC,ncaa,6,6,5,6,8,6,6,8,5,1,1,6,9,10,3,10,4,4,6,4,7,6,7,5,7,5,10,10,4,5,3,10,10,7,7,7,9,2,3,6,7,7,3,3,,,6,7,,,6,8,6,8,5,5,7,1,1,9,10,4,4,4,6,6,6,10,8,7,4,5,3,,7,,,6,8,7,5,9,7,1,9,7,9,4,9,8,7,8,7,8,5,5,9,9,10,8,5,8,9,10,3,3,6,7,9,9,10,9,10,2,3,4,3,,,4,3,,,6,3,5,10,6,7,7,6,8,2,9,9,8,7,7,6,6,9,5,7,9,8,2,4,,3,,,b'\x11\xe8\xe1I\xc7\xd9\x06\xde\xaf\x82\x12\xdf\x17\xaeN\x1e'
11E8E149-C7D9-06DE-AF82-12DF17AE4E1E,2015-ncaa-d1-natl,ncaa,266,267,209,271,232,175,201,202,210,153,109,242,255,281,171,287,62,66,143,71,97,167,178,234,201,181,207,269,31,127,131,312,328,252,269,301,323,102,129,256,153,142,117,94,,,264,291,,,242,207,137,102,128,169,127,108,58,246,267,27,27,28,88,102,93,302,225,297,154,126,104,,304,,,243,241,194,127,272,189,76,312,223,250,123,270,277,252,291,251,299,154,156,278,303,292,259,203,258,255,328,130,131,195,269,230,245,185,179,230,114,124,86,64,,,118,84,,,242,124,155,309,255,295,264,192,249,104,252,285,304,286,286,246,249,300,197,251,273,152,154,101,,47,,,b'\x11\xe8\xe1I\xc7\xd9\x06\xde\xaf\x82\x12\xdf\x17\xaeN\x1e'
11E8E149-C7D9-06DE-AF82-12DF17AE4E1E,2016-ncaa-d0-natl,ncaa,239,281,76,263,95,115,94,70,163,41,15,225,306,319,218,340,112,124,118,125,300,77,48,249,231,230,331,331,146,29,28,147,325,71,144,211,322,326,243,287,144,214,140,161,,,325,267,,,275,72,90,229,138,105,83,44,9,325,333,133,168,170,83,45,25,214,86,257,289,176,159,,301,,,266,331,305,303,176,257,218,232,325,333,156,307,329,312,320,310,288,315,301,214,240,276,307,261,254,343,325,161,28,292,144,322,285,161,254,285,316,247,333,234,,,93,199,,,275,274,189,305,271,302,260,300,204,155,305,325,306,287,288,314,303,337,98,240,304,204,285,320,,125,,,b'\x11\xe8\xe1I\xc7\xd9\x06\xde\xaf\x82\x12\xdf\x17\xaeN\x1e'
11E8E149-C7D9-06DE-AF82-12DF17AE4E1E,2016-ncaa-d1-conf-NEC,ncaa,6,6,5,6,8,5,5,5,3,1,1,5,10,10,6,10,4,9,4,9,10,5,5,5,6,5,10,10,7,2,2,5,9,5,3,7,8,6,7,7,8,8,6,6,,,7,7,,,6,5,3,10,4,3,3,1,1,10,10,5,7,8,3,2,1,4,2,7,6,7,6,,7,,,6,8,6,8,5,5,4,6,9,10,5,10,6,6,9,6,6,8,6,6,7,8,10,8,6,9,9,3,2,6,3,9,10,8,9,8,6,7,8,6,,,8,10,,,6,6,5,9,6,8,7,8,6,4,10,10,6,6,6,8,8,8,3,7,9,8,7,8,,8,,,b'\x11\xe8\xe1I\xc7\xd9\x06\xde\xaf\x82\x12\xdf\x17\xaeN\x1e'
11E8E149-C7D9-06DE-AF82-12DF17AE4E1E,2016-ncaa-d1-natl,ncaa,256,280,99,272,118,144,117,82,170,50,21,233,315,325,221,340,130,146,117,146,299,92,59,255,239,236,328,330,141,41,30,176,329,88,157,232,324,320,247,294,167,224,157,168,,,315,273,,,281,88,95,223,152,117,83,45,11,324,332,135,167,170,86,49,29,227,96,266,291,190,168,,303,,,280,325,290,293,189,236,191,238,318,331,164,304,321,303,321,304,288,305,288,218,248,287,307,256,255,342,329,128,30,280,157,318,286,195,266,292,301,251,331,245,,,109,196,,,281,253,199,314,281,308,267,301,212,162,306,325,307,293,293,318,301,338,102,243,307,221,286,322,,126,,,b'\x11\xe8\xe1I\xc7\xd9\x06\xde\xaf\x82\x12\xdf\x17\xaeN\x1e'
11E8E149-C7D9-06DE-AF82-12DF17AE4E1E,2017-ncaa-d0-natl,ncaa,284,283,234,288,251,272,267,196,317,265,252,280,194,114,326,87,270,258,240,261,211,210,191,309,310,308,145,133,202,69,57,308,244,208,164,279,262,254,272,300,109,72,254,240,,,295,339,,,255,248,165,101,269,259,123,257,219,177,73,254,241,245,146,79,36,305,149,279,289,78,251,,328,,,257,109,62,31,227,60,41,201,149,87,296,166,274,282,124,279,334,51,103,253,282,185,293,195,310,95,244,132,57,102,164,167,296,80,33,104,145,157,176,226,,,212,216,,,255,110,289,174,254,196,114,47,100,52,199,126,309,318,315,84,187,153,196,187,220,41,190,216,,159,,,b'\x11\xe8\xe1I\xc7\xd9\x06\xde\xaf\x82\x12\xdf\x17\xaeN\x1e'
11E8E149-C7D9-06DE-AF82-12DF17AE4E1E,2017-ncaa-d1-conf-NEC,ncaa,7,7,5,7,5,7,6,6,9,6,4,7,7,3,10,3,7,6,8,7,8,6,6,9,9,9,7,7,5,2,1,8,7,5,6,8,9,4,4,7,5,4,7,7,,,8,8,,,7,7,6,2,7,5,2,6,4,7,3,5,5,5,3,3,1,9,3,8,5,4,8,,8,,,7,5,4,1,10,3,2,6,6,3,10,4,7,7,4,7,9,2,4,10,10,6,8,9,8,5,7,6,1,4,6,8,8,5,4,5,1,1,3,3,,,6,8,,,7,4,8,7,7,6,3,2,3,3,8,3,8,8,8,2,5,5,7,7,7,4,1,3,,6,,,b'\x11\xe8\xe1I\xc7\xd9\x06\xde\xaf\x82\x12\xdf\x17\xaeN\x1e'
11E8E149-C7D9-06DE-AF82-12DF17AE4E1E,2017-ncaa-d1-natl,ncaa,300,299,217,303,244,287,282,195,321,276,244,285,198,108,331,87,280,264,239,265,230,216,174,316,316,315,148,139,200,66,65,315,242,211,173,297,265,281,283,311,123,99,267,243,,,304,339,,,277,239,162,101,282,270,129,265,221,182,77,267,250,253,155,79,38,310,157,291,296,99,258,,330,,,277,124,73,26,233,57,40,207,170,94,301,167,301,301,179,296,336,46,109,260,289,192,298,191,323,94,242,150,65,126,173,183,292,81,38,107,184,191,201,241,,,212,226,,,277,116,298,184,273,206,113,44,96,49,202,128,327,321,320,85,188,145,207,187,218,43,228,225,,166,,,b'\x11\xe8\xe1I\xc7\xd9\x06\xde\xaf\x82\x12\xdf\x17\xaeN\x1e'
11E8E149-C7D9-06DE-AF82-12DF17AE4E1E,2018-ncaa-d0-natl,ncaa,185,162,242,188,264,255,251,299,162,239,250,195,234,268,125,215,221,229,177,233,164,293,265,163,155,252,186,194,133,270,197,212,255,246,191,228,187,295,316,282,229,218,108,74,,,152,194,,,214,252,157,177,247,238,291,222,210,215,255,183,187,188,289,207,242,149,194,221,309,206,86,,223,,,213,79,89,121,89,51,73,100,210,226,172,286,87,136,32,137,209,106,120,118,88,94,270,281,139,228,255,57,197,97,191,90,152,164,140,104,304,319,22,52,,,188,76,,,214,104,254,125,216,140,141,197,84,110,254,281,139,186,187,184,230,279,96,172,131,119,319,43,,109,,,b'\x11\xe8\xe1I\xc7\xd9\x06\xde\xaf\x82\x12\xdf\x17\xaeN\x1e'
11E8E149-C7D9-06DE-AF82-12DF17AE4E1E,2018-ncaa-d1-conf-NEC,ncaa,7,7,5,7,6,7,4,7,5,4,4,3,8,8,6,8,5,6,3,6,10,7,7,6,6,7,8,8,4,6,4,5,6,5,4,7,7,8,9,9,9,9,4,3,,,4,5,,,7,7,6,3,8,6,8,4,2,8,8,5,7,7,8,6,5,5,4,7,8,9,4,,4,,,7,4,4,5,4,2,3,6,8,8,6,9,3,3,2,3,6,6,5,7,4,5,9,8,3,7,6,3,4,5,4,3,2,6,7,6,6,8,2,2,,,6,5,,,7,4,8,6,7,5,4,6,3,4,9,10,3,3,3,6,6,7,3,5,2,7,7,3,,6,,,b'\x11\xe8\xe1I\xc7\xd9\x06\xde\xaf\x82\x12\xdf\x17\xaeN\x1e'
11E8E149-C7D9-06DE-AF82-12DF17AE4E1E,2018-ncaa-d1-natl,ncaa,186,162,213,185,269,266,259,298,142,227,242,174,230,278,120,213,236,242,190,245,182,300,277,150,150,237,201,193,155,271,201,203,253,246,191,229,183,292,315,274,226,211,118,81,,,165,199,,,212,259,177,179,255,243,294,208,214,216,258,207,206,209,294,230,252,151,208,220,309,204,91,,216,,,212,66,76,115,82,46,69,107,212,230,151,288,90,143,29,147,215,106,114,116,82,93,268,278,144,231,253,50,201,99,191,81,150,166,143,108,305,321,21,49,,,187,80,,,212,95,254,120,210,128,134,187,80,101,243,278,136,182,186,180,211,277,91,168,124,128,316,39,,117,,,b'\x11\xe8\xe1I\xc7\xd9\x06\xde\xaf\x82\x12\xdf\x17\xaeN\x1e'
11E8E149-C7D9-06DE-AF82-12DF17AE4E1E,2019-ncaa-d0-natl,ncaa,310,298,292,311,306,322,319,313,301,317,301,291,252,217,288,126,318,339,35,341,308,323,328,295,289,280,158,142,197,315,305,321,253,333,311,324,251,109,236,277,211,138,131,77,,,138,295,,,306,324,276,262,322,313,283,297,264,218,171,292,322,323,313,312,300,305,321,318,200,170,91,,259,,,305,89,110,33,303,129,46,310,97,74,214,172,101,135,66,132,234,31,29,300,290,282,124,146,152,72,253,118,305,92,311,186,266,269,176,263,102,239,55,131,,,336,292,,,306,28,296,283,312,208,232,93,237,112,159,147,173,212,210,99,90,168,253,231,264,208,192,91,,329,,,b'\x11\xe8\xe1I\xc7\xd9\x06\xde\xaf\x82\x12\xdf\x17\xaeN\x1e'
11E8E149-C7D9-06DE-AF82-12DF17AE4E1E,2019-ncaa-d1-conf-NEC,ncaa,8,8,5,8,6,8,9,9,7,8,9,6,7,5,9,5,9,10,1,10,10,10,8,6,7,8,6,5,8,8,8,7,4,7,6,10,9,9,10,10,6,6,4,4,,,6,8,,,8,9,9,3,10,9,9,7,7,8,5,10,10,10,10,9,9,7,8,10,9,6,4,,8,,,8,4,6,1,9,2,1,9,8,6,7,9,3,5,2,5,6,1,2,9,9,7,5,8,4,1,4,3,8,3,6,6,6,7,7,5,5,9,1,2,,,10,10,,,8,3,8,7,8,3,4,2,5,3,6,6,4,5,5,3,1,2,4,4,6,7,6,1,,10,,,b'\x11\xe8\xe1I\xc7\xd9\x06\xde\xaf\x82\x12\xdf\x17\xaeN\x1e'
11E8E149-C7D9-06DE-AF82-12DF17AE4E1E,2019-ncaa-d1-natl,ncaa,294,297,233,298,289,298,297,276,295,293,279,286,224,184,285,124,289,321,58,321,293,299,311,292,282,276,159,143,204,285,286,309,245,315,300,310,259,144,225,272,134,78,118,80,,,184,288,,,286,305,258,261,303,299,255,286,253,206,155,281,313,317,290,293,270,300,312,304,201,104,94,,247,,,287,114,137,50,296,165,69,308,98,95,193,172,125,152,83,142,229,46,52,285,281,251,113,130,168,93,245,179,286,145,300,207,252,203,126,212,161,235,55,110,,,329,288,,,286,47,279,250,288,197,220,78,230,110,133,141,170,204,198,88,99,158,250,228,252,152,202,79,,320,,,b'\x11\xe8\xe1I\xc7\xd9\x06\xde\xaf\x82\x12\xdf\x17\xaeN\x1e'
11E8E149-C7D9-06DE-AF82-12DF17AE4E1E,2020-ncaa-d0-natl,ncaa,197,216,87,212,102,271,252,228,263,295,294,222,105,82,209,41,342,343,106,342,325,274,258,217,247,254,95,47,329,209,198,135,101,166,133,194,113,211,253,210,332,330,131,131,,,220,281,,,231,272,330,70,309,288,287,318,310,116,89,344,343,341,328,323,231,154,201,222,191,337,143,,198,,,231,100,61,105,78,98,175,60,85,83,145,79,268,239,301,235,234,125,92,70,104,147,211,108,307,103,101,151,198,126,133,58,96,260,238,142,159,216,74,159,,,273,224,,,231,91,257,139,226,77,44,65,80,158,76,61,250,228,225,80,28,92,119,104,49,274,148,67,,296,,,b'\x11\xe8\xe1I\xc7\xd9\x06\xde\xaf\x82\x12\xdf\x17\xaeN\x1e'
11E8E149-C7D9-06DE-AF82-12DF17AE4E1E,2020-ncaa-d1-conf-NEC,ncaa,4,4,1,4,5,10,6,9,5,8,7,5,5,4,9,5,10,10,6,10,8,9,10,5,6,7,5,5,10,4,4,7,4,6,4,4,4,4,6,3,10,9,4,4,,,9,10,,,5,11,10,5,11,8,10,8,7,5,4,10,10,10,10,10,5,8,6,5,2,10,4,,8,,,5,3,2,3,4,2,4,3,4,3,7,3,10,8,9,8,9,3,1,4,6,7,8,3,10,3,4,3,4,4,4,3,4,10,9,5,4,6,1,2,,,5,4,,,5,2,6,6,5,3,2,3,2,4,4,2,10,8,8,3,1,3,3,4,3,10,4,1,,6,,,b'\x11\xe8\xe1I\xc7\xd9\x06\xde\xaf\x82\x12\xdf\x17\xaeN\x1e'
11E8E149-C7D9-06DE-AF82-12DF17AE4E1E,2020-ncaa-d1-natl,ncaa,214,215,128,220,148,305,290,276,269,315,311,235,121,95,215,40,342,343,107,342,325,312,304,227,253,263,91,46,328,229,205,163,104,214,146,227,118,196,259,219,341,333,141,133,,,188,284,,,248,314,332,57,316,302,293,320,313,117,89,345,342,341,329,328,239,160,214,232,193,341,146,,205,,,249,78,46,70,83,85,155,66,71,60,151,75,252,221,306,218,237,89,47,75,114,167,204,102,306,94,104,126,205,97,146,45,99,280,249,153,139,220,64,162,,,296,221,,,248,49,270,158,237,81,49,66,87,157,76,60,255,229,227,80,27,96,122,105,49,284,149,70,,297,,,b'\x11\xe8\xe1I\xc7\xd9\x06\xde\xaf\x82\x12\xdf\x17\xaeN\x1e'
11E8E149-C7D9-06DE-AF82-12DF17AE4E1E,2021-ncaa-d0-natl,ncaa,60,83,89,72,120,158,132,164,84,130,172,76,131,137,127,120,256,241,267,243,281,175,168,86,119,147,221,123,317,232,276,102,101,153,156,120,151,205,209,145,182,209,113,158,,,205,211,,,132,155,320,177,252,191,303,199,268,160,190,323,313,311,322,336,310,149,260,172,134,244,151,,138,,,138,147,179,209,105,211,229,118,121,167,66,131,104,108,163,106,36,187,186,80,63,82,50,106,73,183,101,190,276,191,156,157,103,157,173,141,125,103,146,138,,,165,141,,,132,194,172,83,123,42,92,101,133,170,60,87,29,34,35,63,30,101,94,80,79,234,57,86,,253,,,b'\x11\xe8\xe1I\xc7\xd9\x06\xde\xaf\x82\x12\xdf\x17\xaeN\x1e'
11E8E149-C7D9-06DE-AF82-12DF17AE4E1E,2021-ncaa-d1-conf-NEC,ncaa,3,4,2,4,2,2,2,4,2,3,6,1,2,4,3,4,9,8,9,8,8,5,5,2,3,3,7,3,10,7,8,2,2,3,4,3,3,8,8,3,6,7,4,5,,,7,6,,,5,4,10,9,7,5,10,7,10,4,5,10,10,10,10,10,10,4,8,4,4,10,5,,3,,,5,7,9,8,4,9,8,6,3,7,2,5,6,6,6,6,4,8,7,3,3,4,1,2,5,5,2,6,8,6,4,7,5,5,9,6,3,3,2,2,,,6,5,,,5,7,3,4,4,3,4,5,7,5,2,4,4,3,3,3,1,2,2,1,4,9,3,2,,8,,,b'\x11\xe8\xe1I\xc7\xd9\x06\xde\xaf\x82\x12\xdf\x17\xaeN\x1e'
11E8E149-C7D9-06DE-AF82-12DF17AE4E1E,2021-ncaa-d1-natl,ncaa,62,82,105,72,139,172,146,184,89,145,187,79,140,150,130,121,268,257,267,258,280,198,191,88,119,148,216,123,318,244,280,118,102,174,164,134,151,190,213,147,198,218,120,160,,,194,217,,,141,177,322,173,258,197,306,206,271,160,195,322,314,312,329,337,311,161,269,180,134,247,152,,140,,,146,141,163,194,115,198,220,124,112,151,68,129,95,97,165,95,35,171,168,88,66,90,48,105,72,170,102,177,280,174,164,140,106,171,182,145,117,105,137,141,,,178,132,,,141,172,175,88,133,42,96,103,141,173,60,87,28,34,35,64,29,102,98,82,82,242,58,89,,255,,,b'\x11\xe8\xe1I\xc7\xd9\x06\xde\xaf\x82\x12\xdf\x17\xaeN\x1e'
11E8E149-C7D9-06DE-AF82-12DF17AE4E1E,2022-ncaa-d0-natl,ncaa,95,106,79,106,80,155,167,152,201,180,163,217,148,146,156,156,124,133,138,136,139,147,152,191,177,170,127,149,119,175,196,73,43,86,83,129,94,178,155,136,264,285,199,252,,,182,163,,,94,148,320,15,229,247,274,247,248,179,189,169,183,190,269,290,226,76,117,178,111,304,223,,107,,,99,101,159,236,70,227,288,70,33,74,22,44,84,78,174,79,34,216,200,35,33,62,22,41,113,103,43,207,196,162,83,126,105,222,246,170,114,104,110,106,,,89,57,,,94,217,181,47,92,38,76,131,167,261,15,38,63,51,53,103,46,59,123,72,71,288,76,69,,126,,,b'\x11\xe8\xe1I\xc7\xd9\x06\xde\xaf\x82\x12\xdf\x17\xaeN\x1e'
11E8E149-C7D9-06DE-AF82-12DF17AE4E1E,2022-ncaa-d1-conf-NEC,ncaa,1,1,2,1,3,3,3,3,4,4,4,4,4,4,7,4,2,1,6,1,2,3,4,4,3,3,5,5,3,5,4,2,1,2,2,3,4,4,2,2,7,8,5,6,,,3,3,,,1,4,9,3,4,4,6,5,9,6,6,4,2,2,6,9,6,1,2,5,1,8,4,,2,,,1,2,2,9,1,6,9,1,1,4,1,3,3,2,7,2,2,8,7,1,1,1,1,1,4,4,1,6,4,5,2,3,4,7,8,5,3,2,6,4,,,2,1,,,1,7,3,1,1,1,1,7,2,9,1,3,3,2,2,4,2,2,3,2,3,9,2,5,,2,,,b'\x11\xe8\xe1I\xc7\xd9\x06\xde\xaf\x82\x12\xdf\x17\xaeN\x1e'
11E8E149-C7D9-06DE-AF82-12DF17AE4E1E,2022-ncaa-d1-natl,ncaa,108,106,100,113,100,196,205,195,216,213,191,228,163,166,163,159,145,162,141,165,137,186,197,203,186,179,121,147,112,205,211,87,46,118,88,163,100,149,170,146,293,299,214,263,,,148,172,,,117,196,325,11,240,266,284,259,253,183,192,170,186,193,275,303,237,80,132,192,113,310,231,,108,,,117,85,135,195,79,203,280,80,27,57,27,43,75,67,188,67,33,166,146,41,38,77,23,42,114,71,46,185,211,124,88,110,107,256,256,188,94,111,96,112,,,103,49,,,117,169,191,60,111,42,85,136,175,266,16,38,64,54,56,107,43,57,130,74,79,292,77,72,,126,,,b'\x11\xe8\xe1I\xc7\xd9\x06\xde\xaf\x82\x12\xdf\x17\xaeN\x1e'
11E8E149-C7D9-06DE-AF82-12DF17AE4E1E,2023-ncaa-d0-natl,ncaa,42,34,81,37,105,120,124,125,126,176,214,148,63,84,51,87,221,215,175,220,212,135,160,98,107,109,90,65,294,104,82,102,145,98,81,87,58,121,117,76,224,226,339,353,,,206,227,,,31,191,330,291,160,160,237,234,268,76,107,264,276,281,250,293,133,136,118,92,78,254,351,,149,,,28,25,46,167,25,170,249,75,4,62,1,60,69,97,68,95,63,147,167,9,8,10,5,6,191,196,145,133,82,154,81,6,6,138,113,11,90,97,15,25,,,134,109,,,31,170,74,13,22,6,13,56,110,185,3,31,48,64,64,37,40,155,64,75,4,187,62,5,,198,,,b'\x11\xe8\xe1I\xc7\xd9\x06\xde\xaf\x82\x12\xdf\x17\xaeN\x1e'
11E8E149-C7D9-06DE-AF82-12DF17AE4E1E,2023-ncaa-d1-conf-NEC,ncaa,1,1,1,1,1,1,1,2,1,3,4,1,1,1,1,2,5,5,6,5,5,2,2,1,1,1,4,1,9,2,1,1,2,1,1,1,3,3,1,1,5,5,9,9,,,7,4,,,1,2,8,4,1,1,3,3,7,1,1,8,6,7,4,6,2,1,1,2,1,5,9,,4,,,1,1,1,6,1,4,8,1,1,3,1,3,3,3,4,3,2,5,6,1,1,1,1,1,7,3,2,5,1,4,1,1,1,3,3,1,4,3,1,1,,,3,5,,,1,8,1,1,1,1,1,3,2,3,1,3,2,2,2,1,2,3,1,2,1,6,2,1,,7,,,b'\x11\xe8\xe1I\xc7\xd9\x06\xde\xaf\x82\x12\xdf\x17\xaeN\x1e'
11E8E149-C7D9-06DE-AF82-12DF17AE4E1E,2023-ncaa-d1-natl,ncaa,45,34,103,37,142,148,151,161,133,209,245,163,76,98,56,90,237,240,174,247,210,183,221,102,111,110,91,66,290,124,89,131,147,124,91,100,63,89,123,85,250,238,348,353,,,175,238,,,32,254,333,291,177,181,248,248,274,79,112,267,276,282,258,300,143,150,133,104,83,269,352,,154,,,28,14,32,125,26,141,225,83,2,44,1,59,58,81,74,80,67,105,110,10,9,11,5,5,195,173,147,98,89,111,91,5,7,170,125,11,74,102,9,29,,,164,101,,,32,108,83,14,22,7,16,58,117,189,3,29,49,70,71,41,36,161,66,81,4,199,64,6,,198,,,b'\x11\xe8\xe1I\xc7\xd9\x06\xde\xaf\x82\x12\xdf\x17\xaeN\x1e'
11E8E149-C7D9-06DE-AF82-12DF17AE4E1E,2024-ncaa-d0-natl,ncaa,206,209,196,217,218,279,295,256,300,341,330,279,104,80,182,31,311,325,111,325,218,284,297,243,249,254,28,21,269,159,105,247,190,214,149,224,103,128,219,217,327,314,321,332,,,94,187,,,243,315,340,187,307,319,284,351,337,80,57,319,328,327,307,323,141,250,210,222,159,328,325,,110,,,242,78,88,107,154,138,176,125,50,48,145,68,160,85,359,87,90,93,65,116,159,209,88,67,226,121,190,70,105,77,149,83,148,314,283,239,117,204,42,142,,,247,147,,,243,58,227,224,236,103,105,117,177,227,53,53,169,112,114,89,33,151,98,102,116,319,144,45,,243,,,b'\x11\xe8\xe1I\xc7\xd9\x06\xde\xaf\x82\x12\xdf\x17\xaeN\x1e'
11E8E149-C7D9-06DE-AF82-12DF17AE4E1E,2024-ncaa-d1-conf-NEC,ncaa,3,3,3,3,3,4,3,4,3,4,7,2,1,1,1,1,6,6,3,6,5,4,4,2,2,2,2,1,9,4,4,3,3,4,2,3,2,4,4,3,8,8,7,8,,,4,4,,,3,4,9,4,3,2,4,6,8,1,1,6,6,6,5,8,4,1,3,3,4,8,7,,2,,,3,5,5,6,4,6,9,3,3,2,7,1,6,5,9,5,1,6,6,3,3,4,4,3,6,5,3,6,4,5,2,4,5,7,7,6,5,4,1,4,,,3,4,,,3,6,2,4,3,3,4,5,6,8,3,1,5,3,3,3,1,3,2,3,3,7,4,1,,4,,,b'\x11\xe8\xe1I\xc7\xd9\x06\xde\xaf\x82\x12\xdf\x17\xaeN\x1e'
11E8E149-C7D9-06DE-AF82-12DF17AE4E1E,2024-ncaa-d1-natl,ncaa,218,211,194,225,222,292,296,266,305,344,335,293,93,71,166,31,320,332,120,332,237,289,304,236,251,250,28,19,289,160,111,244,204,215,150,230,102,128,218,207,329,313,330,336,,,79,169,,,240,327,345,189,303,315,277,354,336,75,57,327,335,335,304,323,141,243,202,226,160,332,329,,98,,,241,73,81,107,132,141,192,98,46,44,149,58,160,99,360,99,90,87,47,97,139,195,86,68,229,133,204,72,111,80,150,93,164,322,287,248,118,205,60,185,,,248,154,,,240,44,228,214,233,95,103,124,184,246,52,48,172,117,119,97,37,166,103,114,120,323,136,66,,251,,,b'\x11\xe8\xe1I\xc7\xd9\x06\xde\xaf\x82\x12\xdf\x17\xaeN\x1e'
11E8E149-C7D9-06DE-AF82-12DF17AE4E1E,2025-ncaa-d0-natl,genius_ncaa,24,4,135,11,177,150,150,162,143,220,251,145,62,73,75,55,247,293,36,291,260,185,262,109,105,69,71,45,292,128,92,160,101,145,75,127,112,8,24,28,306,280,348,355,,,10,21,,100,56,301,357,269,139,142,171,248,283,49,61,269,309,310,227,332,136,181,147,116,9,319,354,,7,,97,48,22,69,123,78,121,229,52,33,30,139,55,7,4,153,5,5,72,56,49,30,68,19,107,23,94,101,109,92,93,75,21,22,281,225,114,3,5,30,53,,,216,137,,82,56,54,47,70,42,13,49,69,108,219,28,27,4,3,4,26,10,84,80,72,15,309,3,22,,248,,77,b'\x11\xe8\xe1I\xc7\xd9\x06\xde\xaf\x82\x12\xdf\x17\xaeN\x1e'
11E8E149-C7D9-06DE-AF82-12DF17AE4E1E,2025-ncaa-d1-conf-NEC,genius_ncaa,1,1,1,1,2,1,1,2,1,2,5,1,1,1,4,1,6,6,3,6,5,2,3,1,1,1,3,1,7,1,1,2,1,2,1,2,2,1,1,1,2,1,8,8,,,1,1,,4,1,3,9,9,1,1,3,3,7,1,1,6,6,6,3,9,3,4,4,2,1,3,8,,1,,2,1,1,1,6,1,6,8,1,1,2,3,1,2,2,6,2,1,3,7,1,1,1,1,2,2,3,1,5,1,4,1,1,1,2,3,1,1,1,3,3,,,2,3,,3,1,7,1,1,1,1,1,1,1,6,1,1,2,2,2,1,1,2,1,1,1,4,1,3,,6,,3,b'\x11\xe8\xe1I\xc7\xd9\x06\xde\xaf\x82\x12\xdf\x17\xaeN\x1e'
11E8E149-C7D9-06DE-AF82-12DF17AE4E1E,2025-ncaa-d1-natl,genius_ncaa,19,4,113,11,154,131,132,157,137,220,252,149,50,65,56,51,256,302,45,300,266,183,266,102,102,66,67,37,301,120,81,149,100,131,68,113,102,8,19,21,313,293,350,355,,,10,23,,90,52,304,357,269,139,140,173,250,288,43,61,278,315,318,228,329,128,167,145,110,8,328,354,,7,,85,47,26,73,129,84,135,246,58,34,38,121,60,8,6,160,6,5,74,47,57,31,75,19,101,20,97,100,102,81,97,68,23,24,291,250,134,2,5,22,48,,,219,151,,88,52,53,42,81,39,12,57,80,116,228,26,29,4,3,3,29,10,85,72,69,19,322,3,22,,261,,83,b'\x11\xe8\xe1I\xc7\xd9\x06\xde\xaf\x82\x12\xdf\x17\xaeN\x1e'
11E8E149-C7D9-06DE-AF82-12DF17AE4E1E,2025-ncaa-d1-ncaatournament,genius_ncaa,37,2,37,37,38,57,47,43,51,39,37,46,68,68,68,66,64,66,1,66,67,51,58,55,59,57,68,68,63,45,43,59,21,58,49,41,13,7,19,15,49,27,52,48,,,1,4,,1,52,61,53,7,57,38,20,10,4,68,66,63,66,66,33,52,35,58,57,23,13,34,48,,1,,1,56,12,16,6,59,12,2,64,21,23,45,54,5,6,21,6,25,4,6,60,60,55,30,47,10,5,21,19,43,10,49,21,52,50,20,40,1,2,33,54,,,61,62,,22,52,7,56,47,56,40,46,13,39,7,43,42,6,6,6,6,7,7,54,38,51,30,1,62,,60,,3,b'\x11\xe8\xe1I\xc7\xd9\x06\xde\xaf\x82\x12\xdf\x17\xaeN\x1e'
11E8E149-C7D9-06DE-AF82-12DF17AE4E1E,2026-ncaa-d0-natl,genius_ncaa,87,80,116,95,142,178,171,161,222,249,229,283,47,66,63,34,326,318,297,319,334,186,208,155,209,183,28,10,352,134,142,186,210,171,182,113,41,124,131,88,259,271,70,65,,,117,119,,47,121,214,351,97,237,214,179,321,298,30,43,351,353,353,256,319,154,252,208,99,89,310,57,,61,,34,126,106,121,142,123,165,244,59,59,38,257,17,134,161,100,163,98,147,141,95,86,111,74,76,186,189,210,195,142,202,182,20,4,222,208,50,90,91,184,222,,,252,286,,21,121,136,164,131,145,48,62,42,123,242,38,9,99,114,123,44,16,173,152,150,10,277,65,161,,316,,30,b'\x11\xe8\xe1I\xc7\xd9\x06\xde\xaf\x82\x12\xdf\x17\xaeN\x1e'
11E8E149-C7D9-06DE-AF82-12DF17AE4E1E,2026-ncaa-d1-natl,genius_ncaa,74,80,85,97,117,175,155,126,221,270,242,278,18,26,50,18,339,335,297,332,337,160,171,140,196,177,18,7,355,106,132,176,201,148,169,89,46,157,144,96,260,268,63,72,,,116,104,,40,139,194,348,100,233,204,165,332,320,19,33,357,356,355,247,299,137,254,192,101,101,305,66,,60,,35,146,147,153,178,134,176,256,69,108,47,291,36,151,159,166,161,102,176,154,121,116,143,114,129,173,205,201,209,132,212,169,25,8,225,224,70,122,108,158,204,,,260,312,,19,139,152,158,164,155,70,76,65,116,230,62,21,113,122,122,57,19,155,155,142,15,279,81,133,,333,,34,b'\x11\xe8\xe1I\xc7\xd9\x06\xde\xaf\x82\x12\xdf\x17\xaeN\x1e'
11E8E149-C7DD-3C7C-AF82-12DF17AE4E1E,2010-ncaa-d0-natl,ncaa,197,145,288,192,303,211,193,262,82,203,272,68,140,148,125,93,263,293,108,293,224,275,301,78,83,85,159,107,261,291,251,316,243,316,267,251,293,29,104,157,218,170,314,312,,,89,193,,,188,297,155,172,105,87,144,129,213,100,93,219,245,243,166,218,264,289,297,203,87,165,309,,186,,,189,125,185,74,327,210,101,321,112,82,249,134,87,67,263,64,112,61,54,319,319,310,69,127,94,66,243,72,251,52,267,23,8,236,154,76,64,161,12,23,,,298,220,,,188,62,98,305,182,280,307,186,308,223,174,136,151,128,125,171,182,166,191,186,62,152,148,19,,236,,,b'\x11\xe8\xe1I\xc7\xdd<|\xaf\x82\x12\xdf\x17\xaeN\x1e'
11E8E149-C7DD-3C7C-AF82-12DF17AE4E1E,2010-ncaa-d1-conf-Sun Belt,ncaa,5,5,9,5,12,7,6,9,5,8,10,5,3,3,3,3,9,10,5,10,4,9,10,3,3,5,3,3,11,10,8,12,9,11,10,5,6,4,5,5,5,3,11,10,,,3,5,,,4,10,5,4,3,4,7,8,8,2,3,8,9,9,8,7,9,11,9,5,5,3,11,,5,,,4,4,7,6,10,6,3,11,4,10,3,13,3,3,8,3,4,3,6,10,8,5,6,8,4,6,9,5,8,6,10,4,3,6,3,3,6,8,3,4,,,12,10,,,4,5,4,6,4,7,10,8,9,6,7,11,4,3,3,5,9,9,8,8,6,6,6,4,,10,,,b'\x11\xe8\xe1I\xc7\xdd<|\xaf\x82\x12\xdf\x17\xaeN\x1e'
11E8E149-C7DD-3C7C-AF82-12DF17AE4E1E,2010-ncaa-d1-natl,ncaa,189,145,276,184,296,180,165,229,75,183,261,65,110,126,107,86,254,279,117,279,220,247,284,66,76,76,138,87,274,274,245,308,225,310,256,232,287,28,96,145,195,150,313,314,,,106,197,,,179,280,149,176,94,78,129,131,211,73,80,221,243,240,151,208,242,280,285,191,82,146,308,,195,,,179,161,212,89,326,242,117,317,129,82,268,122,105,83,250,83,117,71,72,317,315,304,69,127,94,69,225,90,245,63,256,24,7,219,156,72,73,155,12,24,,,290,230,,,179,80,89,301,174,285,308,180,312,227,175,121,151,135,132,171,184,153,191,182,60,153,143,20,,243,,,b'\x11\xe8\xe1I\xc7\xdd<|\xaf\x82\x12\xdf\x17\xaeN\x1e'
11E8E149-C7DD-3C7C-AF82-12DF17AE4E1E,2011-ncaa-d0-natl,ncaa,309,279,319,311,325,307,293,285,281,264,274,221,281,211,337,135,309,295,284,295,250,299,272,287,303,318,240,212,222,232,223,327,335,319,320,322,322,259,309,323,200,166,310,312,,,120,194,,,318,276,41,257,271,242,138,195,173,237,137,274,245,246,158,65,146,299,261,314,321,112,297,,269,,,320,146,208,86,319,271,149,325,63,61,134,94,79,90,75,88,110,72,89,296,283,237,24,59,86,242,335,129,223,178,320,162,121,166,107,167,241,291,27,66,,,278,225,,,318,66,316,277,320,312,325,290,334,311,116,139,163,195,190,283,314,328,302,329,280,57,306,65,,152,,,b'\x11\xe8\xe1I\xc7\xdd<|\xaf\x82\x12\xdf\x17\xaeN\x1e'
11E8E149-C7DD-3C7C-AF82-12DF17AE4E1E,2011-ncaa-d1-conf-Sun Belt,ncaa,9,9,7,9,9,11,11,8,11,12,8,10,6,3,10,3,12,11,9,11,9,9,4,9,9,12,3,3,9,6,6,11,11,11,11,8,7,11,11,10,4,4,10,10,,,9,9,,,11,4,1,7,11,10,7,11,6,5,3,12,10,11,8,2,5,10,9,8,12,4,10,,10,,,11,10,10,5,12,10,6,12,9,7,9,6,9,9,4,9,10,6,9,11,12,10,7,6,7,10,11,7,6,8,11,10,10,2,5,6,12,11,8,9,,,7,8,,,11,9,12,10,11,11,11,9,11,9,9,7,10,10,10,10,12,10,9,10,11,1,12,8,,5,,,b'\x11\xe8\xe1I\xc7\xdd<|\xaf\x82\x12\xdf\x17\xaeN\x1e'
11E8E149-C7DD-3C7C-AF82-12DF17AE4E1E,2011-ncaa-d1-natl,ncaa,305,277,321,305,335,290,271,253,263,242,247,206,255,194,329,138,309,302,285,302,271,278,249,272,289,305,249,201,254,212,213,324,334,313,319,313,312,265,301,318,182,169,297,307,,,137,181,,,311,254,37,260,248,212,111,174,154,225,134,280,256,254,145,52,137,290,239,291,316,107,286,,265,,,315,161,226,120,312,285,189,322,57,74,90,89,81,103,47,93,99,103,121,284,256,208,18,52,75,271,334,139,213,212,319,166,101,148,110,151,240,274,33,54,,,279,266,,,311,83,309,261,312,302,326,297,337,313,106,140,150,197,182,293,319,331,299,327,269,52,302,67,,183,,,b'\x11\xe8\xe1I\xc7\xdd<|\xaf\x82\x12\xdf\x17\xaeN\x1e'
11E8E149-C7DD-3C7C-AF82-12DF17AE4E1E,2012-ncaa-d0-natl,ncaa,161,107,292,145,299,309,309,327,208,298,306,215,239,253,174,161,296,272,295,274,139,329,320,210,230,276,160,151,178,281,196,275,89,292,141,325,312,204,310,321,301,266,323,311,,,8,35,,,228,320,280,46,298,294,317,279,277,203,218,262,224,227,315,261,242,210,238,320,291,289,317,,22,,,229,28,74,38,234,87,47,263,117,121,133,255,6,9,75,8,16,20,18,232,188,187,52,224,11,21,89,30,196,16,141,78,139,262,154,182,251,321,13,49,,,254,73,,,228,23,283,156,238,108,198,130,200,111,179,203,10,15,13,74,63,64,107,72,163,208,301,26,,158,,,b'\x11\xe8\xe1I\xc7\xdd<|\xaf\x82\x12\xdf\x17\xaeN\x1e'
11E8E149-C7DD-3C7C-AF82-12DF17AE4E1E,2012-ncaa-d1-conf-Sun Belt,ncaa,3,3,4,3,7,9,9,10,6,9,9,8,4,10,3,6,5,5,8,5,4,9,8,6,5,6,3,5,4,8,6,6,6,8,6,10,11,10,9,10,8,7,10,10,,,3,3,,,9,8,10,12,10,10,12,9,9,5,11,6,5,5,11,10,8,7,7,11,8,9,10,,2,,,9,5,6,8,7,4,2,8,11,11,7,12,1,2,10,2,2,4,5,8,7,9,12,12,3,5,6,3,6,4,6,10,12,9,9,10,10,11,2,4,,,5,2,,,9,5,7,9,8,5,6,8,4,2,10,11,1,1,1,6,3,4,4,5,9,11,9,3,,5,,,b'\x11\xe8\xe1I\xc7\xdd<|\xaf\x82\x12\xdf\x17\xaeN\x1e'
11E8E149-C7DD-3C7C-AF82-12DF17AE4E1E,2012-ncaa-d1-natl,ncaa,143,107,196,131,216,281,268,294,187,262,284,190,210,207,176,153,287,255,299,259,156,301,273,190,218,268,167,142,217,228,165,232,83,235,120,312,303,250,303,315,277,254,313,304,,,11,31,,,209,283,273,57,286,273,296,255,271,184,195,273,233,240,295,255,207,196,211,316,277,273,313,,18,,,210,54,131,87,219,134,69,251,159,186,135,274,6,8,82,6,14,41,43,216,172,167,59,256,8,40,83,54,165,33,120,97,112,230,153,165,281,316,10,34,,,215,116,,,209,58,267,146,212,99,193,137,182,106,192,221,5,10,10,75,69,58,107,66,139,204,295,18,,178,,,b'\x11\xe8\xe1I\xc7\xdd<|\xaf\x82\x12\xdf\x17\xaeN\x1e'
11E8E149-C7DD-3C7C-AF82-12DF17AE4E1E,2013-ncaa-d0-natl,ncaa,212,197,251,216,277,133,109,90,146,115,135,128,113,87,192,105,269,255,223,259,304,117,146,147,172,127,205,131,310,242,301,312,263,304,328,261,336,68,70,201,53,46,138,176,,,318,325,,,181,115,10,161,53,36,7,59,71,78,65,246,229,232,19,25,201,307,286,249,135,28,119,,339,,,183,260,255,75,338,320,260,323,4,1,323,1,312,311,192,310,262,121,202,325,331,266,14,1,300,108,263,314,301,276,328,64,6,36,24,24,110,96,90,80,,,246,300,,,181,212,153,245,192,315,309,138,338,331,6,1,327,330,329,223,323,163,340,326,111,9,150,133,,204,,,b'\x11\xe8\xe1I\xc7\xdd<|\xaf\x82\x12\xdf\x17\xaeN\x1e'
11E8E149-C7DD-3C7C-AF82-12DF17AE4E1E,2013-ncaa-d1-conf-Sun Belt,ncaa,8,8,8,8,9,4,3,2,8,7,7,6,2,2,5,2,10,11,7,11,10,3,5,6,7,6,6,2,11,10,11,11,6,11,11,6,8,3,2,4,1,1,5,5,,,9,10,,,7,4,2,8,3,1,1,5,5,1,2,10,11,11,1,2,10,11,11,3,4,1,5,,10,,,7,8,9,2,11,11,8,10,1,1,10,1,9,9,5,9,8,3,8,11,11,10,2,1,9,4,6,9,11,9,11,6,4,1,1,2,4,4,3,3,,,11,11,,,7,8,7,8,7,10,10,6,11,10,1,1,9,9,9,6,9,4,11,10,7,1,4,3,,11,,,b'\x11\xe8\xe1I\xc7\xdd<|\xaf\x82\x12\xdf\x17\xaeN\x1e'
11E8E149-C7DD-3C7C-AF82-12DF17AE4E1E,2013-ncaa-d1-natl,ncaa,221,196,292,222,306,142,118,104,153,128,153,134,116,90,194,105,274,263,222,266,305,129,167,150,177,133,202,131,308,253,302,327,272,321,332,277,336,58,72,208,59,48,145,178,,,314,326,,,186,140,10,157,58,37,7,61,73,80,64,248,228,232,19,28,208,312,293,255,137,30,120,,339,,,188,249,249,49,339,316,249,325,4,1,326,1,308,309,191,308,264,89,184,328,332,270,14,1,300,92,272,311,302,266,332,51,6,42,29,28,103,97,88,87,,,256,299,,,186,193,156,250,196,317,311,144,339,331,6,1,328,332,331,227,322,164,340,327,116,9,152,139,,201,,,b'\x11\xe8\xe1I\xc7\xdd<|\xaf\x82\x12\xdf\x17\xaeN\x1e'
11E8E149-C7DD-3C7C-AF82-12DF17AE4E1E,2014-ncaa-d0-natl,ncaa,165,125,254,153,259,112,118,83,221,238,262,133,25,15,164,18,210,204,189,202,103,98,163,129,161,68,34,23,288,166,246,333,334,304,341,214,285,4,5,39,65,52,327,335,,,228,247,,,119,172,45,39,30,38,12,204,234,12,4,178,169,164,14,44,128,337,285,181,13,33,327,,308,,,118,221,251,82,342,319,222,326,23,10,324,7,207,217,145,215,188,98,188,330,323,235,10,11,193,203,334,303,246,287,341,73,9,36,12,21,24,25,167,242,,,174,182,,,119,179,65,244,121,299,318,153,338,314,40,11,268,277,278,198,309,274,335,337,125,5,48,219,,98,,,b'\x11\xe8\xe1I\xc7\xdd<|\xaf\x82\x12\xdf\x17\xaeN\x1e'
11E8E149-C7DD-3C7C-AF82-12DF17AE4E1E,2014-ncaa-d1-conf-C-USA,ncaa,11,9,10,11,12,4,6,5,12,16,16,9,1,1,6,1,9,9,9,8,2,6,10,7,7,2,1,1,11,15,16,16,16,16,16,12,13,1,1,2,2,3,16,16,,,11,10,,,9,8,2,6,3,4,1,16,15,1,1,7,8,7,1,4,13,16,16,9,1,2,16,,13,,,9,12,14,4,16,15,10,16,5,1,16,2,9,9,7,9,8,3,9,16,16,15,2,4,5,5,16,16,16,14,16,6,1,2,1,2,1,1,11,15,,,9,7,,,9,8,4,13,8,16,16,7,16,13,7,1,10,10,10,4,15,9,16,16,8,1,1,13,,8,,,b'\x11\xe8\xe1I\xc7\xdd<|\xaf\x82\x12\xdf\x17\xaeN\x1e'
11E8E149-C7DD-3C7C-AF82-12DF17AE4E1E,2014-ncaa-d1-conf-CUSA,ncaa,11,9,10,11,12,4,6,5,12,16,16,9,1,1,6,1,9,9,9,8,2,6,10,7,7,2,1,1,11,15,16,16,16,16,16,12,13,1,1,2,2,3,16,16,,,11,10,,,9,8,2,6,3,4,1,16,15,1,1,7,8,7,1,4,13,16,16,9,1,2,16,,13,,,9,12,14,4,16,15,10,16,5,1,16,2,9,9,7,9,8,3,9,16,16,15,2,4,5,5,16,16,16,14,16,6,1,2,1,2,1,1,11,15,,,9,7,,,9,8,4,13,8,16,16,7,16,13,7,1,10,10,10,4,15,9,16,16,8,1,1,13,,8,,,b'\x11\xe8\xe1I\xc7\xdd<|\xaf\x82\x12\xdf\x17\xaeN\x1e'
11E8E149-C7DD-3C7C-AF82-12DF17AE4E1E,2014-ncaa-d1-natl,ncaa,161,125,211,150,218,87,103,59,191,207,253,105,22,15,162,20,179,164,186,163,78,75,140,107,132,52,37,28,266,158,241,331,332,293,339,205,289,5,6,42,38,26,325,332,,,251,245,,,104,132,34,39,25,34,12,181,231,14,6,136,130,124,15,40,134,337,288,181,15,12,326,,308,,,100,232,256,87,341,326,240,324,21,7,320,7,219,223,162,224,189,101,216,324,323,208,10,10,206,197,332,317,241,299,339,77,10,16,7,10,32,27,154,222,,,134,145,,,104,216,57,209,102,294,313,136,336,306,37,7,264,270,272,180,312,253,334,329,114,3,53,196,,62,,,b'\x11\xe8\xe1I\xc7\xdd<|\xaf\x82\x12\xdf\x17\xaeN\x1e'
11E8E149-C7DD-3C7C-AF82-12DF17AE4E1E,2015-ncaa-d0-natl,ncaa,232,209,243,234,281,170,168,208,122,210,286,66,93,75,170,52,256,276,115,276,195,222,251,93,100,89,106,71,284,310,324,264,308,301,331,234,278,62,112,155,259,268,338,342,,,146,144,,,258,215,72,345,110,102,126,184,270,60,47,233,265,265,153,202,299,226,301,208,109,253,338,,204,,,257,267,308,218,326,320,259,313,150,118,261,99,100,138,34,138,83,208,165,312,285,314,33,97,51,259,308,243,324,263,331,171,39,244,269,248,35,67,68,145,,,299,282,,,258,137,136,328,257,324,336,324,337,329,197,159,132,172,169,318,295,310,298,324,219,233,65,81,,290,,,b'\x11\xe8\xe1I\xc7\xdd<|\xaf\x82\x12\xdf\x17\xaeN\x1e'
11E8E149-C7DD-3C7C-AF82-12DF17AE4E1E,2015-ncaa-d1-conf-C-USA,ncaa,10,10,8,10,12,7,7,10,7,10,13,4,3,2,3,2,12,11,3,11,9,10,10,5,5,5,3,3,14,13,14,11,13,14,14,9,11,4,8,7,11,12,14,14,,,5,5,,,12,9,4,14,6,6,10,11,13,2,2,12,12,12,10,12,13,11,14,8,5,11,14,,7,,,12,12,13,11,13,13,12,13,5,6,9,6,4,4,5,4,3,11,8,12,11,13,2,5,3,12,13,12,14,13,14,9,2,11,12,12,3,5,4,6,,,12,13,,,12,7,7,13,12,13,13,13,13,13,8,6,6,8,8,13,14,13,11,14,10,11,5,4,,14,,,b'\x11\xe8\xe1I\xc7\xdd<|\xaf\x82\x12\xdf\x17\xaeN\x1e'
11E8E149-C7DD-3C7C-AF82-12DF17AE4E1E,2015-ncaa-d1-conf-CUSA,ncaa,10,10,8,10,12,7,7,10,7,10,13,4,3,2,3,2,12,11,3,11,9,10,10,5,5,5,3,3,14,13,14,11,13,14,14,9,11,4,8,7,11,12,14,14,,,5,5,,,12,9,4,14,6,6,10,11,13,2,2,12,12,12,10,12,13,11,14,8,5,11,14,,7,,,12,12,13,11,13,13,12,13,5,6,9,6,4,4,5,4,3,11,8,12,11,13,2,5,3,12,13,12,14,13,14,9,2,11,12,12,3,5,4,6,,,12,13,,,12,7,7,13,12,13,13,13,13,13,8,6,6,8,8,13,14,13,11,14,10,11,5,4,,14,,,b'\x11\xe8\xe1I\xc7\xdd<|\xaf\x82\x12\xdf\x17\xaeN\x1e'
11E8E149-C7DD-3C7C-AF82-12DF17AE4E1E,2015-ncaa-d1-natl,ncaa,222,207,209,225,292,149,151,188,114,201,288,64,75,69,153,54,224,259,83,260,177,208,246,86,87,80,95,70,270,311,322,249,305,304,331,218,277,68,103,148,262,273,335,342,,,174,157,,,252,190,66,342,90,94,115,176,268,56,45,201,251,254,142,190,301,219,299,184,108,253,336,,221,,,253,290,322,250,329,331,280,315,143,105,267,74,133,164,45,162,93,241,194,315,291,314,30,80,68,262,305,258,322,273,331,168,35,249,273,249,36,64,70,140,,,295,277,,,252,161,123,328,250,325,337,324,341,331,181,136,165,200,198,322,298,304,296,321,212,240,60,80,,278,,,b'\x11\xe8\xe1I\xc7\xdd<|\xaf\x82\x12\xdf\x17\xaeN\x1e'
11E8E149-C7DD-3C7C-AF82-12DF17AE4E1E,2016-ncaa-d0-natl,ncaa,196,181,240,202,272,165,203,188,222,335,338,250,13,14,30,7,287,294,160,294,104,224,252,83,106,102,1,1,317,303,331,208,214,274,320,145,83,53,105,97,302,320,237,254,,,106,125,,,237,208,76,209,110,155,104,340,336,5,7,272,281,285,150,184,293,147,245,96,103,293,223,,171,,,237,243,296,222,300,311,261,277,152,108,266,86,80,78,233,81,47,194,163,286,263,286,44,117,50,184,214,288,331,273,320,139,28,247,253,213,52,92,102,279,,,303,298,,,237,157,148,278,221,297,328,320,330,327,203,156,115,113,116,297,278,242,332,322,185,215,87,134,,290,,,b'\x11\xe8\xe1I\xc7\xdd<|\xaf\x82\x12\xdf\x17\xaeN\x1e'
11E8E149-C7DD-3C7C-AF82-12DF17AE4E1E,2016-ncaa-d1-conf-C-USA,ncaa,11,11,9,11,13,10,11,8,12,14,14,13,1,1,2,1,13,14,3,14,9,10,12,5,6,5,1,1,14,13,13,11,10,13,13,4,4,2,7,4,13,14,8,10,,,4,4,,,13,10,2,11,7,8,5,14,14,1,1,13,14,14,7,8,12,9,12,3,6,13,6,,6,,,13,11,14,10,14,14,13,14,3,1,9,1,4,2,12,2,1,10,6,13,12,13,1,3,2,8,10,12,13,12,13,9,2,12,12,10,5,5,7,13,,,14,14,,,13,7,9,13,13,14,14,13,14,14,5,2,4,2,2,13,12,11,14,13,10,10,7,7,,13,,,b'\x11\xe8\xe1I\xc7\xdd<|\xaf\x82\x12\xdf\x17\xaeN\x1e'
11E8E149-C7DD-3C7C-AF82-12DF17AE4E1E,2016-ncaa-d1-conf-CUSA,ncaa,11,11,9,11,13,10,11,8,12,14,14,13,1,1,2,1,13,14,3,14,9,10,12,5,6,5,1,1,14,13,13,11,10,13,13,4,4,2,7,4,13,14,8,10,,,4,4,,,13,10,2,11,7,8,5,14,14,1,1,13,14,14,7,8,12,9,12,3,6,13,6,,6,,,13,11,14,10,14,14,13,14,3,1,9,1,4,2,12,2,1,10,6,13,12,13,1,3,2,8,10,12,13,12,13,9,2,12,12,10,5,5,7,13,,,14,14,,,13,7,9,13,13,14,14,13,14,14,5,2,4,2,2,13,12,11,14,13,10,10,7,7,,13,,,b'\x11\xe8\xe1I\xc7\xdd<|\xaf\x82\x12\xdf\x17\xaeN\x1e'
11E8E149-C7DD-3C7C-AF82-12DF17AE4E1E,2016-ncaa-d1-natl,ncaa,191,179,218,196,276,159,201,181,233,342,344,252,12,13,38,7,270,286,128,285,91,209,228,94,109,111,1,2,300,309,327,194,215,265,321,148,86,59,108,100,303,313,218,253,,,110,120,,,235,194,82,217,113,167,108,341,336,5,8,263,274,277,152,180,293,138,240,108,107,295,200,,164,,,237,259,298,239,297,310,271,269,179,122,275,90,78,75,220,76,44,211,169,284,256,289,41,124,45,196,215,299,327,286,321,140,26,246,255,212,58,94,99,276,,,289,288,,,235,166,151,282,225,296,325,318,327,329,210,159,111,102,104,297,277,252,332,324,181,225,87,133,,285,,,b'\x11\xe8\xe1I\xc7\xdd<|\xaf\x82\x12\xdf\x17\xaeN\x1e'
11E8E149-C7DD-3C7C-AF82-12DF17AE4E1E,2017-ncaa-d0-natl,ncaa,337,332,291,339,298,259,245,222,250,263,272,232,141,123,208,74,331,327,259,329,307,256,231,226,258,276,130,69,324,227,248,236,211,241,252,295,306,238,285,303,347,348,319,333,,,106,142,,,317,230,54,96,208,185,91,228,212,93,64,322,309,311,151,74,175,132,148,274,298,346,312,,206,,,319,252,299,212,321,323,278,301,75,46,219,34,141,87,343,90,52,195,126,290,298,330,19,36,112,144,211,204,248,186,252,52,2,327,330,231,230,267,80,148,,,333,338,,,317,114,283,325,316,336,341,335,348,346,130,99,225,152,160,331,303,241,316,298,109,303,285,131,,316,,,b'\x11\xe8\xe1I\xc7\xdd<|\xaf\x82\x12\xdf\x17\xaeN\x1e'
11E8E149-C7DD-3C7C-AF82-12DF17AE4E1E,2017-ncaa-d1-conf-C-USA,ncaa,14,14,13,14,14,13,13,12,14,14,11,13,7,6,12,3,14,14,10,14,14,12,12,13,13,13,4,3,14,12,13,11,11,13,13,14,13,8,9,13,14,14,11,14,,,7,7,,,13,12,2,10,12,12,5,14,10,5,3,14,14,14,7,5,11,5,7,13,12,14,11,,7,,,13,9,13,10,13,14,14,10,2,2,8,2,5,3,12,2,1,9,3,10,10,12,1,2,3,7,11,14,13,11,13,2,2,14,14,11,10,12,9,12,,,14,14,,,13,3,13,12,13,13,14,14,14,14,5,5,8,6,6,14,12,11,14,14,7,14,13,12,,14,,,b'\x11\xe8\xe1I\xc7\xdd<|\xaf\x82\x12\xdf\x17\xaeN\x1e'
11E8E149-C7DD-3C7C-AF82-12DF17AE4E1E,2017-ncaa-d1-conf-CUSA,ncaa,14,14,13,14,14,13,13,12,14,14,11,13,7,6,12,3,14,14,10,14,14,12,12,13,13,13,4,3,14,12,13,11,11,13,13,14,13,8,9,13,14,14,11,14,,,7,7,,,13,12,2,10,12,12,5,14,10,5,3,14,14,14,7,5,11,5,7,13,12,14,11,,7,,,13,9,13,10,13,14,14,10,2,2,8,2,5,3,12,2,1,9,3,10,10,12,1,2,3,7,11,14,13,11,13,2,2,14,14,11,10,12,9,12,,,14,14,,,13,3,13,12,13,13,14,14,14,14,5,5,8,6,6,14,12,11,14,14,7,14,13,12,,14,,,b'\x11\xe8\xe1I\xc7\xdd<|\xaf\x82\x12\xdf\x17\xaeN\x1e'
11E8E149-C7DD-3C7C-AF82-12DF17AE4E1E,2017-ncaa-d1-natl,ncaa,336,331,310,336,314,268,247,211,254,268,273,230,139,101,216,72,330,323,259,322,302,257,225,231,260,279,125,70,315,217,250,233,200,240,252,286,292,264,285,303,348,347,318,331,,,121,142,,,318,221,44,95,204,185,80,230,213,94,59,317,304,306,136,61,171,137,141,262,302,344,305,,214,,,321,279,301,229,323,332,295,301,75,45,231,31,167,101,345,100,59,203,135,294,296,329,23,34,124,147,200,228,250,202,252,47,2,313,322,208,254,273,77,134,,,330,332,,,318,129,282,323,321,338,341,333,348,346,131,97,236,166,171,331,308,237,316,296,98,280,292,120,,306,,,b'\x11\xe8\xe1I\xc7\xdd<|\xaf\x82\x12\xdf\x17\xaeN\x1e'
11E8E149-C7DD-3C7C-AF82-12DF17AE4E1E,2018-ncaa-d0-natl,ncaa,208,162,295,201,298,178,201,180,235,225,182,270,135,161,110,156,110,130,120,131,115,167,193,214,190,152,84,130,78,164,199,108,55,117,127,239,279,76,85,194,301,300,286,290,,,52,67,,,164,201,45,15,72,125,46,154,93,92,100,40,51,51,37,37,92,14,16,201,159,271,271,,138,,,164,132,183,189,163,158,178,145,215,190,232,221,29,48,72,43,55,155,128,176,132,185,146,245,44,81,55,227,199,168,127,103,66,236,222,188,154,176,75,80,,,128,84,,,164,154,150,161,156,266,295,322,268,296,281,286,91,119,110,312,307,158,319,289,173,179,222,126,,25,,,b'\x11\xe8\xe1I\xc7\xdd<|\xaf\x82\x12\xdf\x17\xaeN\x1e'
11E8E149-C7DD-3C7C-AF82-12DF17AE4E1E,2018-ncaa-d1-conf-C-USA,ncaa,9,7,7,9,12,3,4,3,8,7,4,10,6,6,6,7,6,6,6,6,11,3,4,11,10,8,8,8,8,5,11,3,2,3,6,9,12,10,4,8,12,13,7,11,,,5,4,,,9,4,1,14,3,4,2,6,3,6,6,4,5,5,2,1,4,1,1,9,11,10,7,,5,,,9,13,13,13,11,13,12,10,11,11,10,7,4,5,5,5,3,12,11,11,10,11,4,8,3,5,2,14,11,11,6,11,3,7,11,11,11,11,4,5,,,7,10,,,9,11,8,9,9,12,14,13,13,13,11,11,5,5,5,13,13,8,12,12,11,7,12,4,,4,,,b'\x11\xe8\xe1I\xc7\xdd<|\xaf\x82\x12\xdf\x17\xaeN\x1e'
11E8E149-C7DD-3C7C-AF82-12DF17AE4E1E,2018-ncaa-d1-conf-CUSA,ncaa,9,7,7,9,12,3,4,3,8,7,4,10,6,6,6,7,6,6,6,6,11,3,4,11,10,8,8,8,8,5,11,3,2,3,6,9,12,10,4,8,12,13,7,11,,,5,4,,,9,4,1,14,3,4,2,6,3,6,6,4,5,5,2,1,4,1,1,9,11,10,7,,5,,,9,13,13,13,11,13,12,10,11,11,10,7,4,5,5,5,3,12,11,11,10,11,4,8,3,5,2,14,11,11,6,11,3,7,11,11,11,11,4,5,,,7,10,,,9,11,8,9,9,12,14,13,13,13,11,11,5,5,5,13,13,8,12,12,11,7,12,4,,4,,,b'\x11\xe8\xe1I\xc7\xdd<|\xaf\x82\x12\xdf\x17\xaeN\x1e'
11E8E149-C7DD-3C7C-AF82-12DF17AE4E1E,2018-ncaa-d1-natl,ncaa,218,162,338,209,338,213,237,220,246,256,222,284,150,178,109,154,130,153,117,153,111,209,247,229,201,158,84,128,77,198,207,134,61,155,136,277,284,52,90,201,318,306,297,294,,,33,72,,,187,260,47,16,78,132,48,169,102,94,100,42,55,55,40,40,96,17,17,220,163,280,277,,142,,,187,108,153,147,177,135,142,154,198,168,243,215,19,39,79,32,55,105,70,188,150,200,143,243,44,61,61,204,207,131,136,77,64,263,233,201,134,182,64,86,,,167,81,,,187,99,161,180,176,273,300,323,276,296,279,285,98,121,115,314,307,161,322,291,178,189,227,134,,26,,,b'\x11\xe8\xe1I\xc7\xdd<|\xaf\x82\x12\xdf\x17\xaeN\x1e'
11E8E149-C7DD-3C7C-AF82-12DF17AE4E1E,2019-ncaa-d0-natl,ncaa,322,335,173,331,224,283,299,251,321,302,291,276,206,118,328,85,192,134,306,136,35,239,177,307,307,319,86,138,65,236,271,193,322,203,312,313,284,321,324,339,308,328,260,302,,,184,134,,,341,157,84,249,307,320,276,314,295,203,100,179,118,120,241,141,231,185,206,333,319,307,267,,218,,,338,281,299,272,259,322,295,281,125,172,97,107,201,227,110,229,136,273,249,233,214,269,44,67,130,332,322,277,271,318,312,273,165,237,285,279,337,333,76,161,,,101,69,,,341,201,329,301,332,312,321,330,334,331,135,185,226,247,249,333,312,337,303,332,289,227,329,80,,63,,,b'\x11\xe8\xe1I\xc7\xdd<|\xaf\x82\x12\xdf\x17\xaeN\x1e'
11E8E149-C7DD-3C7C-AF82-12DF17AE4E1E,2019-ncaa-d1-conf-C-USA,ncaa,12,14,9,14,11,12,13,11,14,13,9,14,12,7,13,8,6,4,12,4,3,10,5,13,13,13,6,8,2,9,11,10,14,10,13,14,14,13,12,14,11,11,11,14,,,8,7,,,14,4,1,8,14,14,8,12,8,12,6,4,2,3,7,4,8,8,9,14,13,10,12,,7,,,14,14,14,13,10,14,13,10,8,7,8,5,10,10,8,10,6,14,14,9,10,11,4,4,8,14,14,14,11,14,13,12,8,7,10,12,14,14,6,8,,,4,3,,,14,13,13,13,13,13,13,13,13,13,10,9,10,11,11,14,14,14,13,14,13,7,14,8,,2,,,b'\x11\xe8\xe1I\xc7\xdd<|\xaf\x82\x12\xdf\x17\xaeN\x1e'
11E8E149-C7DD-3C7C-AF82-12DF17AE4E1E,2019-ncaa-d1-conf-CUSA,ncaa,12,14,9,14,11,12,13,11,14,13,9,14,12,7,13,8,6,4,12,4,3,10,5,13,13,13,6,8,2,9,11,10,14,10,13,14,14,13,12,14,11,11,11,14,,,8,7,,,14,4,1,8,14,14,8,12,8,12,6,4,2,3,7,4,8,8,9,14,13,10,12,,7,,,14,14,14,13,10,14,13,10,8,7,8,5,10,10,8,10,6,14,14,9,10,11,4,4,8,14,14,14,11,14,13,12,8,7,10,12,14,14,6,8,,,4,3,,,14,13,13,13,13,13,13,13,13,13,10,9,10,11,11,14,14,14,13,14,13,7,14,8,,2,,,b'\x11\xe8\xe1I\xc7\xdd<|\xaf\x82\x12\xdf\x17\xaeN\x1e'
11E8E149-C7DD-3C7C-AF82-12DF17AE4E1E,2019-ncaa-d1-natl,ncaa,333,334,233,336,285,305,321,296,324,319,312,287,224,128,330,83,218,162,308,158,36,280,234,312,311,326,81,138,63,266,279,234,322,253,323,333,286,299,325,340,322,329,276,308,,,156,137,,,341,219,86,249,313,327,288,319,300,206,102,182,120,122,254,146,239,196,219,335,321,314,270,,221,,,341,265,290,247,275,316,272,292,99,144,109,104,180,208,118,211,135,253,199,247,230,280,40,63,129,322,322,250,279,305,323,254,164,267,291,290,325,337,66,168,,,135,69,,,341,137,331,314,337,319,327,331,342,332,142,182,233,250,252,335,307,336,308,332,294,238,332,90,,69,,,b'\x11\xe8\xe1I\xc7\xdd<|\xaf\x82\x12\xdf\x17\xaeN\x1e'
11E8E149-C7DD-3C7C-AF82-12DF17AE4E1E,2020-ncaa-d0-natl,ncaa,197,216,87,212,100,132,199,181,226,266,299,118,79,31,253,38,25,34,122,42,8,148,59,174,132,215,29,81,27,122,152,137,285,127,217,250,264,341,321,314,136,189,220,225,,,348,331,,,221,45,54,68,142,218,211,288,314,79,35,30,37,43,169,54,139,157,134,274,334,154,224,,343,,,220,279,245,251,170,214,186,217,250,286,140,235,314,338,28,336,322,290,325,199,187,156,260,194,270,324,285,228,152,295,217,221,169,55,110,111,314,284,8,19,,,18,45,,,221,309,211,197,218,268,229,236,191,163,245,272,295,328,329,287,324,316,202,269,213,61,305,7,,20,,,b'\x11\xe8\xe1I\xc7\xdd<|\xaf\x82\x12\xdf\x17\xaeN\x1e'
11E8E149-C7DD-3C7C-AF82-12DF17AE4E1E,2020-ncaa-d1-conf-C-USA,ncaa,9,9,1,9,1,6,10,4,11,11,10,7,4,2,13,2,4,5,5,4,3,4,2,10,8,12,3,4,3,5,7,9,12,4,10,11,11,14,11,12,6,8,6,5,,,14,14,,,10,2,3,1,7,10,6,12,12,4,3,6,6,6,6,3,6,9,7,12,14,6,8,,14,,,10,13,12,11,8,11,9,9,11,11,10,10,14,14,2,14,13,12,14,10,9,8,11,10,13,12,12,8,7,12,10,10,9,2,4,4,14,12,2,2,,,2,5,,,10,13,12,11,10,13,12,9,10,7,9,11,13,14,14,11,12,12,8,10,9,3,13,2,,3,,,b'\x11\xe8\xe1I\xc7\xdd<|\xaf\x82\x12\xdf\x17\xaeN\x1e'
11E8E149-C7DD-3C7C-AF82-12DF17AE4E1E,2020-ncaa-d1-conf-CUSA,ncaa,9,9,1,9,1,6,10,4,11,11,10,7,4,2,13,2,4,5,5,4,3,4,2,10,8,12,3,4,3,5,7,9,12,4,10,11,11,14,11,12,6,8,6,5,,,14,14,,,10,2,3,1,7,10,6,12,12,4,3,6,6,6,6,3,6,9,7,12,14,6,8,,14,,,10,13,12,11,8,11,9,9,11,11,10,10,14,14,2,14,13,12,14,10,9,8,11,10,13,12,12,8,7,12,10,10,9,2,4,4,14,12,2,2,,,2,5,,,10,13,12,11,10,13,12,9,10,7,9,11,13,14,14,11,12,12,8,10,9,3,13,2,,3,,,b'\x11\xe8\xe1I\xc7\xdd<|\xaf\x82\x12\xdf\x17\xaeN\x1e'
11E8E149-C7DD-3C7C-AF82-12DF17AE4E1E,2020-ncaa-d1-natl,ncaa,214,215,128,220,146,168,234,220,240,297,317,126,88,38,259,39,33,42,120,48,6,187,91,184,138,222,29,80,24,146,161,167,291,163,229,276,269,338,326,319,164,202,227,230,,,344,332,,,233,71,56,55,157,236,223,296,318,86,36,30,38,44,180,60,149,162,144,282,334,166,226,,342,,,233,264,230,222,183,195,163,230,240,271,146,231,303,330,27,330,324,271,305,207,196,180,261,195,269,311,291,195,161,277,229,211,174,75,118,121,306,282,7,20,,,26,43,,,233,284,221,219,231,277,239,239,200,162,248,273,301,329,330,288,322,317,208,272,218,65,306,8,,20,,,b'\x11\xe8\xe1I\xc7\xdd<|\xaf\x82\x12\xdf\x17\xaeN\x1e'
11E8E149-C7DD-3C7C-AF82-12DF17AE4E1E,2021-ncaa-d0-natl,ncaa,174,165,191,184,206,140,137,157,130,178,225,70,73,59,164,41,197,162,297,164,94,159,154,99,126,158,85,59,256,85,63,147,264,128,110,163,236,258,234,228,202,251,71,79,,,303,325,,,155,155,13,224,65,72,47,139,218,43,23,187,122,124,43,16,42,64,30,140,296,207,57,,342,,,154,196,158,191,101,165,192,101,180,206,124,152,290,315,51,310,309,217,204,94,111,153,255,150,312,267,264,140,63,190,110,151,128,175,220,150,223,203,30,14,,,163,202,,,155,195,141,183,149,280,218,299,201,264,199,250,335,337,336,329,333,312,176,277,179,135,260,9,,95,,,b'\x11\xe8\xe1I\xc7\xdd<|\xaf\x82\x12\xdf\x17\xaeN\x1e'
11E8E149-C7DD-3C7C-AF82-12DF17AE4E1E,2021-ncaa-d1-conf-C-USA,ncaa,6,6,4,6,6,5,5,4,6,10,8,7,3,2,4,3,8,6,11,6,4,4,3,4,6,10,4,3,11,3,3,4,11,2,4,6,7,14,14,14,7,8,2,3,,,14,14,,,8,5,1,12,5,8,8,11,9,3,3,10,8,8,7,1,5,5,3,7,14,6,3,,14,,,8,11,8,11,5,8,11,3,9,9,7,8,14,14,8,14,12,12,12,5,6,5,11,7,12,13,11,9,3,12,4,9,10,5,7,5,14,14,2,2,,,6,10,,,8,11,9,6,7,8,6,9,7,9,8,8,14,14,14,12,13,11,4,7,8,5,14,2,,5,,,b'\x11\xe8\xe1I\xc7\xdd<|\xaf\x82\x12\xdf\x17\xaeN\x1e'
11E8E149-C7DD-3C7C-AF82-12DF17AE4E1E,2021-ncaa-d1-conf-CUSA,ncaa,6,6,4,6,6,5,5,4,6,10,8,7,3,2,4,3,8,6,11,6,4,4,3,4,6,10,4,3,11,3,3,4,11,2,4,6,7,14,14,14,7,8,2,3,,,14,14,,,8,5,1,12,5,8,8,11,9,3,3,10,8,8,7,1,5,5,3,7,14,6,3,,14,,,8,11,8,11,5,8,11,3,9,9,7,8,14,14,8,14,12,12,12,5,6,5,11,7,12,13,11,9,3,12,4,9,10,5,7,5,14,14,2,2,,,6,10,,,8,11,9,6,7,8,6,9,7,9,8,8,14,14,14,12,13,11,4,7,8,5,14,2,,5,,,b'\x11\xe8\xe1I\xc7\xdd<|\xaf\x82\x12\xdf\x17\xaeN\x1e'
11E8E149-C7DD-3C7C-AF82-12DF17AE4E1E,2021-ncaa-d1-natl,ncaa,164,165,182,163,200,126,115,124,122,147,196,70,56,48,157,42,181,152,310,151,95,130,118,97,128,161,84,55,265,49,37,142,254,91,92,136,222,279,234,216,174,233,71,82,,,320,329,,,151,142,10,222,50,60,30,118,199,36,21,187,110,115,28,13,23,69,22,121,307,169,62,,342,,,151,211,175,205,116,184,208,111,187,201,136,132,321,332,47,330,320,228,221,109,135,151,255,139,322,272,254,156,37,199,92,154,118,134,187,122,236,185,31,14,,,141,201,,,151,208,124,178,141,287,221,279,209,264,194,230,337,339,339,330,335,310,169,260,175,102,260,10,,84,,,b'\x11\xe8\xe1I\xc7\xdd<|\xaf\x82\x12\xdf\x17\xaeN\x1e'
11E8E149-C7DD-3C7C-AF82-12DF17AE4E1E,2022-ncaa-d0-natl,ncaa,336,345,216,344,222,278,294,284,282,286,298,213,241,183,315,108,195,227,81,228,99,276,284,268,246,248,124,182,71,273,248,233,280,256,266,272,184,131,224,240,321,324,299,320,,,57,92,,,309,285,322,45,302,326,312,306,303,233,150,171,205,210,300,319,262,217,265,277,175,323,302,,69,,,308,187,226,180,257,240,192,260,163,164,188,165,82,75,190,76,80,158,98,241,229,311,82,152,68,233,280,133,248,160,266,171,118,338,333,332,143,234,154,266,,,235,120,,,309,77,255,326,310,245,289,256,290,252,185,189,110,108,110,233,113,272,176,232,208,339,186,186,,205,,,b'\x11\xe8\xe1I\xc7\xdd<|\xaf\x82\x12\xdf\x17\xaeN\x1e'
11E8E149-C7DD-3C7C-AF82-12DF17AE4E1E,2022-ncaa-d1-conf-C-USA,ncaa,14,14,7,14,11,14,14,14,12,13,12,11,9,6,14,4,14,14,5,14,10,14,14,13,13,13,8,5,11,13,13,12,11,14,14,13,4,6,12,13,13,13,12,13,,,1,2,,,14,13,13,6,14,14,14,13,12,9,5,14,13,13,14,14,13,11,12,13,7,13,12,,2,,,14,10,13,9,13,13,11,14,10,8,9,8,1,1,1,1,1,7,3,13,10,14,2,9,1,10,11,8,13,13,14,13,10,13,13,14,6,13,8,12,,,14,11,,,14,2,13,14,14,13,14,11,14,12,10,8,1,2,2,8,4,10,13,14,14,13,9,10,,14,,,b'\x11\xe8\xe1I\xc7\xdd<|\xaf\x82\x12\xdf\x17\xaeN\x1e'
11E8E149-C7DD-3C7C-AF82-12DF17AE4E1E,2022-ncaa-d1-conf-CUSA,ncaa,14,14,7,14,11,14,14,14,12,13,12,11,9,6,14,4,14,14,5,14,10,14,14,13,13,13,8,5,11,13,13,12,11,14,14,13,4,6,12,13,13,13,12,13,,,1,2,,,14,13,13,6,14,14,14,13,12,9,5,14,13,13,14,14,13,11,12,13,7,13,12,,2,,,14,10,13,9,13,13,11,14,10,8,9,8,1,1,1,1,1,7,3,13,10,14,2,9,1,10,11,8,13,13,14,13,10,13,13,14,6,13,8,12,,,14,11,,,14,2,13,14,14,13,14,11,14,12,10,8,1,2,2,8,4,10,13,14,14,13,9,10,,14,,,b'\x11\xe8\xe1I\xc7\xdd<|\xaf\x82\x12\xdf\x17\xaeN\x1e'
11E8E149-C7DD-3C7C-AF82-12DF17AE4E1E,2022-ncaa-d1-natl,ncaa,327,344,146,335,155,250,282,258,282,267,275,210,226,170,309,130,123,146,90,147,55,247,248,280,241,248,118,202,44,229,232,180,265,200,234,256,167,198,233,246,318,324,288,319,,,95,102,,,305,240,309,49,291,323,314,300,289,240,166,110,146,147,297,298,245,175,216,270,188,323,297,,89,,,297,227,258,241,216,264,248,224,177,197,147,159,130,123,218,122,93,222,148,206,185,289,89,147,96,283,265,171,232,215,234,184,85,334,337,325,206,248,174,242,,,161,88,,,305,120,251,318,301,238,272,270,278,272,176,193,127,120,119,252,135,279,166,229,175,339,214,174,,163,,,b'\x11\xe8\xe1I\xc7\xdd<|\xaf\x82\x12\xdf\x17\xaeN\x1e'
11E8E149-C7DD-3C7C-AF82-12DF17AE4E1E,2023-ncaa-d0-natl,ncaa,266,239,290,266,303,248,256,299,193,197,222,177,307,297,301,277,119,98,259,99,58,269,249,222,209,238,256,309,40,156,92,236,157,203,101,323,344,238,286,330,184,131,277,282,,,157,236,,,256,273,79,192,184,216,238,130,141,293,276,66,35,38,159,94,99,140,94,321,311,116,261,,263,,,259,159,185,102,276,201,128,279,116,110,181,151,156,117,311,124,173,101,94,269,273,277,101,123,181,87,157,46,92,45,101,90,64,235,191,165,247,283,162,181,,,195,115,,,256,101,230,253,247,283,287,254,302,264,179,171,239,198,212,258,256,168,136,139,177,158,302,215,,96,,,b'\x11\xe8\xe1I\xc7\xdd<|\xaf\x82\x12\xdf\x17\xaeN\x1e'
11E8E149-C7DD-3C7C-AF82-12DF17AE4E1E,2023-ncaa-d1-conf-C-USA,ncaa,11,10,7,11,9,10,10,10,8,6,5,8,9,8,10,9,4,4,8,4,4,9,7,9,9,9,8,9,1,6,4,5,4,6,3,11,11,9,10,11,5,3,9,8,,,4,5,,,10,8,4,5,8,10,9,5,5,9,8,2,1,1,7,4,5,5,3,11,10,4,9,,5,,,10,6,9,8,9,8,6,8,5,5,7,5,3,2,9,2,2,6,5,8,8,10,4,5,2,2,4,3,4,1,3,7,4,7,7,7,10,10,9,8,,,9,9,,,10,5,10,8,10,9,10,9,9,7,8,7,4,3,4,8,7,3,5,3,9,7,11,10,,8,,,b'\x11\xe8\xe1I\xc7\xdd<|\xaf\x82\x12\xdf\x17\xaeN\x1e'
11E8E149-C7DD-3C7C-AF82-12DF17AE4E1E,2023-ncaa-d1-conf-CUSA,ncaa,11,10,7,11,9,10,10,10,8,6,5,8,9,8,10,9,4,4,8,4,4,9,7,9,9,9,8,9,1,6,4,5,4,6,3,11,11,9,10,11,5,3,9,8,,,4,5,,,10,8,4,5,8,10,9,5,5,9,8,2,1,1,7,4,5,5,3,11,10,4,9,,5,,,10,6,9,8,9,8,6,8,5,5,7,5,3,2,9,2,2,6,5,8,8,10,4,5,2,2,4,3,4,1,3,7,4,7,7,7,10,10,9,8,,,9,9,,,10,5,10,8,10,9,10,9,9,7,8,7,4,3,4,8,7,3,5,3,9,7,11,10,,8,,,b'\x11\xe8\xe1I\xc7\xdd<|\xaf\x82\x12\xdf\x17\xaeN\x1e'
11E8E149-C7DD-3C7C-AF82-12DF17AE4E1E,2023-ncaa-d1-natl,ncaa,243,239,219,248,266,218,237,268,205,184,196,176,289,262,303,254,83,69,226,73,53,212,180,223,203,235,234,301,31,126,85,178,121,153,86,311,337,276,280,326,141,118,280,294,,,167,203,,,229,213,87,201,183,224,240,145,154,283,249,48,36,37,155,95,92,111,79,314,305,109,275,,221,,,231,176,203,150,251,231,164,260,122,136,125,156,168,128,307,136,150,134,136,233,229,228,89,116,171,86,121,83,85,70,86,105,62,190,164,131,277,287,156,155,,,150,111,,,229,159,220,200,220,247,262,231,283,244,149,167,208,173,187,232,240,138,136,128,149,150,298,181,,98,,,b'\x11\xe8\xe1I\xc7\xdd<|\xaf\x82\x12\xdf\x17\xaeN\x1e'
11E8E149-C7DD-3C7C-AF82-12DF17AE4E1E,2024-ncaa-d0-natl,ncaa,264,251,258,268,274,267,295,321,210,323,329,209,147,177,98,98,231,140,353,141,21,300,297,164,188,223,49,67,131,232,186,222,329,230,254,300,273,215,302,297,304,299,260,281,,,44,64,,,252,295,266,171,251,286,319,325,324,123,138,196,95,94,285,255,189,156,180,305,272,288,252,,84,,,256,117,161,195,144,168,212,112,163,140,242,153,33,30,153,27,28,151,106,143,114,180,102,208,38,329,329,79,186,196,254,193,207,307,306,306,170,247,233,328,,,205,85,,,252,60,231,279,259,202,259,305,258,317,207,193,67,68,62,272,223,344,163,287,254,285,232,278,,140,,,b'\x11\xe8\xe1I\xc7\xdd<|\xaf\x82\x12\xdf\x17\xaeN\x1e'
11E8E149-C7DD-3C7C-AF82-12DF17AE4E1E,2024-ncaa-d1-conf-AAC,ncaa,12,12,8,12,13,14,14,14,7,14,13,6,4,4,3,4,12,10,13,10,3,14,14,5,5,10,3,3,10,12,12,13,13,13,13,13,11,9,13,14,12,11,14,13,,,2,4,,,13,14,12,13,14,14,14,14,13,3,4,12,9,9,13,12,12,11,13,13,12,12,14,,3,,,14,8,9,6,11,6,7,10,10,8,12,8,2,1,6,1,2,5,2,10,9,11,6,10,3,12,13,3,12,6,13,9,9,12,10,11,10,11,6,14,,,11,6,,,13,1,13,13,14,11,12,10,9,11,11,8,2,1,1,8,4,13,7,11,10,11,10,7,,11,,,b'\x11\xe8\xe1I\xc7\xdd<|\xaf\x82\x12\xdf\x17\xaeN\x1e'
11E8E149-C7DD-3C7C-AF82-12DF17AE4E1E,2024-ncaa-d1-natl,ncaa,266,253,254,268,283,280,304,332,219,334,338,225,139,175,89,92,236,142,354,142,25,314,306,163,190,229,41,62,136,232,189,233,323,235,252,306,264,220,303,307,311,310,268,294,,,35,57,,,268,314,266,171,256,294,320,335,324,113,134,199,99,100,285,261,189,164,181,302,277,294,259,,79,,,267,124,188,198,166,186,233,104,186,137,280,149,27,30,159,24,25,160,96,169,136,215,110,230,31,323,323,83,189,194,252,216,220,322,311,315,176,249,249,341,,,213,100,,,268,46,236,291,268,210,266,304,253,321,233,187,64,65,54,269,213,345,162,279,270,303,229,298,,151,,,b'\x11\xe8\xe1I\xc7\xdd<|\xaf\x82\x12\xdf\x17\xaeN\x1e'
11E8E149-C7DD-3C7C-AF82-12DF17AE4E1E,2025-ncaa-d0-natl,genius_ncaa,246,292,90,272,95,191,189,95,313,242,130,338,105,102,152,125,286,194,360,194,232,103,94,279,322,300,94,61,296,79,177,77,274,70,242,168,132,246,162,196,176,243,209,265,,,48,10,,130,261,111,170,120,264,244,109,293,168,115,104,323,238,240,118,115,92,83,67,195,191,208,233,,30,,109,256,244,293,305,144,260,283,125,309,303,232,260,29,63,6,65,33,291,281,165,101,126,156,302,13,337,274,341,177,338,242,313,266,148,210,250,232,175,354,340,,,258,342,,255,261,256,286,175,249,199,263,317,206,264,295,292,23,49,55,273,278,321,331,337,290,170,195,346,,316,,272,b'\x11\xe8\xe1I\xc7\xdd<|\xaf\x82\x12\xdf\x17\xaeN\x1e'
11E8E149-C7DD-3C7C-AF82-12DF17AE4E1E,2025-ncaa-d1-conf-AAC,genius_ncaa,13,13,7,13,8,12,13,11,12,13,11,12,3,3,7,3,13,12,13,12,9,12,13,11,12,11,3,2,12,9,10,13,11,12,11,11,6,3,5,7,12,12,13,13,,,1,1,,1,13,12,10,7,12,12,9,13,11,3,3,13,11,11,11,13,9,11,11,11,3,11,13,,1,,2,13,9,11,5,12,8,3,12,13,8,13,12,2,2,4,2,2,3,2,13,13,12,11,13,1,9,11,11,10,10,11,12,10,11,10,13,3,4,10,12,,,13,13,,10,13,2,11,12,13,11,12,9,11,5,13,10,2,2,3,6,4,10,11,11,13,10,3,11,,13,,10,b'\x11\xe8\xe1I\xc7\xdd<|\xaf\x82\x12\xdf\x17\xaeN\x1e'
11E8E149-C7DD-3C7C-AF82-12DF17AE4E1E,2025-ncaa-d1-natl,genius_ncaa,262,292,113,280,118,229,223,122,323,273,159,345,117,115,154,126,306,215,360,215,231,131,123,295,325,308,91,58,293,100,189,99,284,91,256,188,138,209,169,206,208,255,225,271,,,40,10,,121,277,143,178,113,280,265,115,305,175,121,108,323,241,239,140,130,104,88,77,202,190,225,241,,30,,110,271,221,279,294,157,242,268,137,299,294,237,260,25,55,7,55,33,274,264,179,117,148,154,303,13,331,284,334,189,332,256,307,267,180,224,269,212,181,351,341,,,279,342,,265,277,227,298,193,270,209,272,321,221,265,298,290,24,52,58,278,279,327,334,339,297,185,195,350,,316,,269,b'\x11\xe8\xe1I\xc7\xdd<|\xaf\x82\x12\xdf\x17\xaeN\x1e'
11E8E149-C7DD-3C7C-AF82-12DF17AE4E1E,2026-ncaa-d0-natl,genius_ncaa,163,80,279,147,284,307,314,325,218,320,337,190,242,244,222,88,214,222,192,221,32,320,315,201,185,224,58,122,61,312,232,336,314,332,303,316,247,133,305,300,105,30,318,332,,,117,275,,118,216,304,220,27,248,284,326,303,331,165,140,108,108,104,303,243,254,343,346,292,289,25,313,,280,,201,222,48,54,39,270,112,104,202,6,4,211,2,141,202,22,199,273,48,69,214,211,129,24,6,287,100,314,48,232,52,303,4,1,180,50,6,115,259,171,320,,,278,131,,157,216,62,244,143,211,174,183,60,283,296,8,4,262,319,322,128,243,238,137,170,8,46,258,274,,161,,95,b'\x11\xe8\xe1I\xc7\xdd<|\xaf\x82\x12\xdf\x17\xaeN\x1e'
11E8E149-C7DD-3C7C-AF82-12DF17AE4E1E,2026-ncaa-d1-natl,genius_ncaa,163,80,271,145,276,301,317,344,182,337,347,176,213,243,135,90,196,194,184,197,18,338,328,150,136,204,40,99,66,311,217,341,260,341,254,304,179,157,309,268,128,44,289,288,,,106,264,,108,202,324,252,24,234,278,340,309,338,141,148,99,103,104,320,263,272,330,340,250,284,56,258,,248,,160,201,47,63,19,293,149,117,246,5,4,175,3,120,178,22,172,230,28,47,241,223,151,13,8,239,70,260,27,217,29,254,3,1,191,71,7,129,258,139,303,,,260,98,,131,202,50,222,156,186,155,195,53,298,287,9,4,220,282,281,104,170,177,89,116,7,78,240,226,,142,,83,b'\x11\xe8\xe1I\xc7\xdd<|\xaf\x82\x12\xdf\x17\xaeN\x1e'
11E8E149-C7E1-F32A-AF82-12DF17AE4E1E,2010-ncaa-d0-natl,ncaa,159,202,81,181,83,148,156,113,226,222,262,138,38,15,228,13,224,225,178,225,142,130,103,167,189,206,48,28,271,72,70,169,299,116,178,91,57,271,229,159,92,102,89,108,,,239,201,,,194,134,243,27,192,198,149,279,314,44,15,274,274,274,186,161,83,246,157,101,228,109,102,,201,,,193,249,262,242,212,249,242,201,240,224,249,190,132,172,38,175,148,237,246,220,184,174,156,214,84,304,299,175,70,255,178,221,132,118,158,174,251,210,230,291,,,167,258,,,194,212,175,219,196,183,218,189,198,183,213,192,102,146,144,185,187,282,119,210,179,153,216,198,,234,,,b'\x11\xe8\xe1I\xc7\xe1\xf3*\xaf\x82\x12\xdf\x17\xaeN\x1e'
11E8E149-C7E1-F32A-AF82-12DF17AE4E1E,2010-ncaa-d1-conf-SEC,ncaa,8,7,8,8,9,12,12,12,12,12,12,12,3,3,11,1,7,8,4,8,4,11,9,12,11,11,1,1,4,4,4,12,10,8,8,8,2,10,10,11,5,4,7,6,,,8,10,,,11,10,6,2,12,12,8,12,12,3,1,5,6,6,8,4,1,11,6,7,11,4,6,,9,,,11,7,7,3,11,7,2,12,8,6,10,9,4,7,6,7,9,3,3,11,11,10,8,9,3,4,10,6,4,6,8,10,10,7,4,9,7,10,6,10,,,8,8,,,11,3,10,11,11,9,9,5,9,5,9,8,6,7,7,7,8,6,8,8,11,6,10,7,,7,,,b'\x11\xe8\xe1I\xc7\xe1\xf3*\xaf\x82\x12\xdf\x17\xaeN\x1e'
11E8E149-C7E1-F32A-AF82-12DF17AE4E1E,2010-ncaa-d1-natl,ncaa,166,202,91,187,93,159,167,123,231,237,281,144,40,16,231,13,237,241,177,240,139,144,116,175,192,207,47,28,266,75,73,190,305,130,183,95,57,259,232,165,102,110,94,110,,,224,202,,,202,146,244,26,198,206,151,283,317,46,15,273,278,279,186,161,86,251,162,102,228,114,105,,201,,,201,239,258,231,219,245,231,209,235,216,253,188,123,161,37,165,148,227,234,227,186,181,152,211,84,303,305,160,73,240,183,216,133,132,163,180,244,213,222,294,,,179,254,,,202,198,178,228,201,188,222,189,203,185,214,191,107,147,146,187,186,286,121,214,186,161,218,201,,236,,,b'\x11\xe8\xe1I\xc7\xe1\xf3*\xaf\x82\x12\xdf\x17\xaeN\x1e'
11E8E149-C7E1-F32A-AF82-12DF17AE4E1E,2011-ncaa-d0-natl,ncaa,85,154,15,132,17,44,30,24,100,33,28,120,79,100,75,196,150,142,225,137,305,35,27,104,130,134,242,159,308,12,17,43,206,17,43,77,269,300,147,171,158,253,25,59,,,284,152,,,126,37,218,84,102,62,77,72,96,132,180,259,253,252,102,107,28,165,53,161,178,253,45,,143,,,130,327,328,320,194,323,324,131,269,231,282,114,231,251,109,253,107,321,312,190,171,201,120,181,110,319,206,243,17,300,43,252,59,115,245,183,241,111,252,113,,,146,327,,,126,305,80,225,128,182,212,219,217,261,176,129,131,142,140,207,167,218,54,108,130,243,133,163,,306,,,b'\x11\xe8\xe1I\xc7\xe1\xf3*\xaf\x82\x12\xdf\x17\xaeN\x1e'
11E8E149-C7E1-F32A-AF82-12DF17AE4E1E,2011-ncaa-d1-conf-SEC,ncaa,7,8,3,8,5,4,4,4,3,4,4,4,3,6,2,8,5,7,7,7,7,4,3,3,3,3,7,4,9,4,5,4,5,5,4,5,6,12,10,7,7,8,5,5,,,8,7,,,9,3,4,4,4,3,5,4,5,3,8,6,8,7,5,4,4,5,5,5,11,7,6,,8,,,9,12,12,10,8,11,9,7,11,8,11,6,10,8,9,8,8,10,9,9,9,11,9,7,8,6,5,5,5,6,4,9,6,7,9,11,12,9,10,9,,,7,10,,,9,10,4,11,9,12,11,10,10,10,11,7,9,9,9,10,9,4,4,5,7,7,11,10,,9,,,b'\x11\xe8\xe1I\xc7\xe1\xf3*\xaf\x82\x12\xdf\x17\xaeN\x1e'
11E8E149-C7E1-F32A-AF82-12DF17AE4E1E,2011-ncaa-d1-natl,ncaa,90,152,16,134,19,49,34,25,103,37,32,125,85,112,80,193,162,155,220,150,307,38,28,108,132,135,237,155,308,13,18,52,208,19,46,88,269,290,153,180,180,255,29,59,,,268,150,,,135,43,220,84,106,63,83,73,99,133,180,259,253,252,105,111,31,169,55,165,180,257,45,,141,,,138,323,325,320,202,319,321,136,263,219,287,112,219,237,110,236,106,320,309,194,173,207,117,178,108,314,208,223,18,286,46,244,59,131,251,189,229,114,245,120,,,164,326,,,135,300,82,227,137,187,218,221,220,265,179,130,131,144,143,210,166,219,53,112,133,245,134,170,,306,,,b'\x11\xe8\xe1I\xc7\xe1\xf3*\xaf\x82\x12\xdf\x17\xaeN\x1e'
11E8E149-C7E1-F32A-AF82-12DF17AE4E1E,2012-ncaa-d0-natl,ncaa,87,107,48,100,52,52,40,33,97,42,48,61,87,63,218,127,152,109,291,111,231,34,34,112,146,124,235,157,292,7,5,102,246,22,41,56,184,239,97,100,92,133,52,92,,,278,203,,,64,68,190,77,72,44,30,52,101,116,90,231,171,177,48,51,4,196,22,71,159,126,75,,213,,,63,230,251,285,146,291,311,112,110,117,126,57,196,197,156,195,83,283,287,112,103,100,55,67,149,294,246,162,5,248,41,102,22,71,133,55,194,90,307,241,,,80,244,,,64,277,51,130,62,145,176,195,225,275,74,67,131,136,135,178,199,248,73,135,57,122,135,283,,164,,,b'\x11\xe8\xe1I\xc7\xe1\xf3*\xaf\x82\x12\xdf\x17\xaeN\x1e'
11E8E149-C7E1-F32A-AF82-12DF17AE4E1E,2012-ncaa-d1-conf-SEC,ncaa,8,8,4,8,4,4,3,3,5,4,6,5,2,1,8,1,7,7,9,7,8,3,3,5,5,6,3,2,10,2,4,3,4,2,3,2,1,7,6,3,5,5,5,6,,,8,6,,,4,3,5,1,5,4,2,4,8,2,1,7,6,6,3,3,2,3,2,2,6,6,5,,8,,,4,6,7,9,3,7,10,2,4,4,8,3,6,6,10,6,3,9,9,3,3,3,5,4,6,8,4,9,4,8,3,6,5,3,6,4,8,6,9,10,,,7,8,,,4,10,6,5,5,6,7,8,6,9,4,3,8,5,6,8,8,8,8,8,6,4,6,8,,7,,,b'\x11\xe8\xe1I\xc7\xe1\xf3*\xaf\x82\x12\xdf\x17\xaeN\x1e'
11E8E149-C7E1-F32A-AF82-12DF17AE4E1E,2012-ncaa-d1-natl,ncaa,90,107,55,101,58,60,43,36,103,46,55,67,96,72,219,125,165,120,291,122,233,38,39,116,150,127,230,155,289,8,5,116,250,24,43,63,190,216,100,104,104,137,58,94,,,271,207,,,70,82,193,75,76,48,33,54,106,114,93,232,173,179,50,57,5,207,23,76,161,135,74,,216,,,68,217,239,272,151,280,309,122,98,100,136,59,184,183,158,182,83,274,276,120,111,108,52,66,149,288,250,136,5,232,43,83,23,85,140,60,178,88,302,246,,,92,243,,,70,264,53,140,66,155,183,195,229,277,76,65,136,139,138,176,197,250,72,138,59,131,136,283,,161,,,b'\x11\xe8\xe1I\xc7\xe1\xf3*\xaf\x82\x12\xdf\x17\xaeN\x1e'
11E8E149-C7E1-F32A-AF82-12DF17AE4E1E,2012-ncaa-d1-ncaatournament,ncaa,17,2,17,17,17,27,22,17,47,26,17,55,18,17,27,26,32,30,48,30,51,17,17,50,50,45,31,17,53,9,6,26,25,18,15,20,23,37,14,19,29,40,19,41,,,43,41,,,44,21,18,5,35,27,1,32,5,17,17,46,45,45,2,4,3,38,5,20,23,39,23,,41,,,36,44,44,39,44,45,46,38,29,29,44,7,45,45,21,45,41,43,40,41,41,36,22,21,37,39,25,44,6,44,15,42,27,25,32,37,43,26,61,60,,,32,59,,,44,42,36,31,38,41,41,24,50,46,18,7,42,48,49,32,30,21,47,37,34,32,35,61,,53,,,b'\x11\xe8\xe1I\xc7\xe1\xf3*\xaf\x82\x12\xdf\x17\xaeN\x1e'
11E8E149-C7E1-F32A-AF82-12DF17AE4E1E,2013-ncaa-d0-natl,ncaa,60,145,4,107,7,8,8,5,27,8,8,36,84,109,76,241,54,31,260,34,247,7,5,44,56,58,289,229,280,25,93,9,121,12,87,49,303,328,117,142,44,162,39,100,,,337,153,,,69,4,49,250,24,17,45,17,42,175,215,168,129,138,47,57,110,91,77,141,167,139,85,,221,,,79,345,342,342,189,335,341,176,316,317,210,172,330,330,206,330,192,344,343,191,203,197,201,191,197,322,121,321,93,327,87,281,55,21,171,104,294,97,96,12,,,10,158,,,69,342,58,172,87,247,239,257,229,242,227,207,245,242,239,257,267,165,106,120,125,136,136,30,,80,,,b'\x11\xe8\xe1I\xc7\xe1\xf3*\xaf\x82\x12\xdf\x17\xaeN\x1e'
11E8E149-C7E1-F32A-AF82-12DF17AE4E1E,2013-ncaa-d1-conf-SEC,ncaa,8,8,3,8,4,4,4,5,6,4,3,7,7,10,5,11,7,5,9,6,11,5,5,6,7,6,12,9,9,4,8,3,8,6,6,10,14,10,8,12,9,10,4,6,,,12,11,,,9,5,5,5,4,4,5,3,2,8,10,8,6,7,5,5,5,4,4,11,10,10,4,,13,,,9,12,8,10,8,7,10,5,11,8,12,9,12,12,9,12,12,11,10,9,8,10,12,10,13,11,8,10,8,11,6,7,5,11,11,8,4,4,4,4,,,4,5,,,9,10,6,10,9,11,9,8,7,10,11,8,12,12,12,11,10,8,7,10,7,11,4,5,,5,,,b'\x11\xe8\xe1I\xc7\xe1\xf3*\xaf\x82\x12\xdf\x17\xaeN\x1e'
11E8E149-C7E1-F32A-AF82-12DF17AE4E1E,2013-ncaa-d1-natl,ncaa,63,145,4,111,7,8,8,5,28,8,8,36,88,115,75,240,58,34,259,37,244,7,5,44,58,58,288,228,279,29,97,11,125,12,90,57,306,320,118,147,46,167,42,101,,,335,157,,,77,4,53,250,25,17,48,17,44,173,215,167,128,134,50,59,115,96,79,147,168,143,85,,225,,,91,345,342,342,196,335,340,179,313,313,211,174,327,327,204,327,194,344,343,196,210,204,198,189,199,316,125,319,97,325,90,273,56,28,178,109,287,99,92,14,,,10,150,,,77,342,57,178,98,252,244,257,235,247,229,209,246,244,239,260,266,168,107,122,125,138,138,32,,82,,,b'\x11\xe8\xe1I\xc7\xe1\xf3*\xaf\x82\x12\xdf\x17\xaeN\x1e'
11E8E149-C7E1-F32A-AF82-12DF17AE4E1E,2014-ncaa-d0-natl,ncaa,89,105,53,105,72,40,40,85,27,52,112,22,110,111,125,162,39,48,125,51,71,70,62,36,30,50,172,187,139,215,245,130,311,163,272,102,243,297,210,190,42,73,162,213,,,299,149,,,96,32,37,232,45,42,158,59,181,133,146,51,61,72,120,107,267,231,270,137,241,52,194,,242,,,100,317,327,309,224,296,290,219,289,276,247,214,190,248,19,247,170,308,325,234,202,119,166,235,99,338,311,229,245,304,272,209,52,17,45,38,153,93,229,185,,,28,50,,,96,317,87,145,103,251,267,263,234,224,261,241,136,187,185,262,319,317,137,246,150,25,113,186,,33,,,b'\x11\xe8\xe1I\xc7\xe1\xf3*\xaf\x82\x12\xdf\x17\xaeN\x1e'
11E8E149-C7E1-F32A-AF82-12DF17AE4E1E,2014-ncaa-d1-conf-SEC,ncaa,5,5,5,5,9,3,4,9,4,7,9,4,3,6,5,6,6,8,3,8,6,9,8,3,3,3,5,6,10,13,14,7,14,11,14,10,10,11,10,10,7,11,9,9,,,9,5,,,6,5,2,9,3,4,10,7,9,4,6,5,9,9,10,9,14,6,12,8,12,6,9,,8,,,6,11,10,10,6,10,8,8,12,14,4,13,7,7,3,7,8,11,12,7,5,7,11,12,6,14,14,7,14,13,14,8,6,5,9,8,8,6,5,7,,,8,6,,,6,10,5,11,6,13,12,12,9,9,12,14,7,8,8,13,14,14,6,13,10,5,6,6,,8,,,b'\x11\xe8\xe1I\xc7\xe1\xf3*\xaf\x82\x12\xdf\x17\xaeN\x1e'
11E8E149-C7E1-F32A-AF82-12DF17AE4E1E,2014-ncaa-d1-natl,ncaa,93,105,59,109,84,45,44,99,29,56,132,25,120,121,124,162,45,58,126,62,70,85,69,37,31,51,173,187,137,230,252,158,316,190,285,113,247,284,209,191,50,77,171,218,,,286,148,,,102,40,42,234,48,44,159,63,183,133,147,52,66,76,126,113,269,238,275,146,242,57,201,,240,,,107,311,317,302,229,290,282,223,285,269,253,214,184,232,21,230,169,301,319,245,209,126,164,233,98,336,316,209,252,295,285,201,55,20,51,43,140,95,219,196,,,33,48,,,102,309,93,154,108,255,272,266,242,229,262,242,136,191,190,262,320,318,140,250,153,30,111,194,,36,,,b'\x11\xe8\xe1I\xc7\xe1\xf3*\xaf\x82\x12\xdf\x17\xaeN\x1e'
11E8E149-C7E1-F32A-AF82-12DF17AE4E1E,2014-ncaa-d1-ncaatournament,ncaa,17,2,17,17,17,20,19,27,10,20,28,1,18,13,42,22,24,23,40,23,14,27,23,11,12,20,37,33,33,31,30,29,17,30,24,26,48,46,55,50,17,11,41,51,,,39,21,,,32,18,10,3,16,14,43,15,46,27,20,27,26,26,40,22,43,39,43,33,60,11,51,,21,,,30,48,47,39,43,42,37,45,43,42,35,42,45,40,60,40,50,39,44,45,48,44,44,39,41,33,17,36,30,36,24,39,26,15,17,19,49,55,39,40,,,27,50,,,32,46,25,36,31,47,45,21,35,13,36,41,42,41,40,22,40,10,11,6,29,14,57,31,,41,,,b'\x11\xe8\xe1I\xc7\xe1\xf3*\xaf\x82\x12\xdf\x17\xaeN\x1e'
11E8E149-C7E1-F32A-AF82-12DF17AE4E1E,2015-ncaa-d0-natl,ncaa,208,209,172,219,211,216,200,214,178,158,162,157,240,235,251,225,203,227,123,230,246,214,158,195,197,252,255,243,173,140,93,291,288,228,192,201,189,326,315,281,41,18,150,102,,,281,308,,,173,180,144,187,220,195,204,142,154,242,229,199,235,234,214,127,118,309,240,192,325,25,140,,309,,,173,91,88,54,220,94,48,273,124,166,62,240,199,236,35,235,304,71,158,219,209,92,201,150,245,186,288,80,93,110,192,124,189,47,21,42,228,234,149,152,,,150,157,,,173,160,240,104,178,123,102,43,116,36,134,187,206,247,246,60,188,208,97,130,124,28,243,163,,123,,,b'\x11\xe8\xe1I\xc7\xe1\xf3*\xaf\x82\x12\xdf\x17\xaeN\x1e'
11E8E149-C7E1-F32A-AF82-12DF17AE4E1E,2015-ncaa-d1-conf-SEC,ncaa,12,11,10,12,11,12,9,10,10,8,7,10,10,10,11,7,13,13,2,13,13,11,10,10,10,13,9,8,12,10,9,14,13,12,13,10,8,11,11,12,2,2,7,4,,,10,12,,,11,10,3,4,10,8,6,8,5,10,8,13,13,13,8,6,9,12,12,8,12,2,6,,11,,,12,10,6,3,12,4,1,13,11,12,9,13,8,9,6,9,13,2,6,12,12,11,13,13,9,9,13,10,9,10,13,10,14,3,2,6,7,8,9,8,,,13,13,,,11,4,12,11,12,11,10,5,8,2,14,14,8,10,10,6,12,12,11,12,12,3,8,9,,13,,,b'\x11\xe8\xe1I\xc7\xe1\xf3*\xaf\x82\x12\xdf\x17\xaeN\x1e'
11E8E149-C7E1-F32A-AF82-12DF17AE4E1E,2015-ncaa-d1-natl,ncaa,222,207,209,225,248,244,231,253,186,181,187,172,251,251,253,221,224,249,125,251,245,249,203,207,203,257,253,240,168,160,101,316,291,271,201,226,197,309,319,288,47,20,162,105,,,269,307,,,189,227,150,174,225,205,216,146,158,244,230,201,236,238,223,137,127,311,250,202,326,29,148,,311,,,189,63,64,29,227,73,28,279,105,153,62,243,186,224,34,222,309,38,118,231,222,101,197,146,244,161,291,57,101,85,201,105,187,57,26,44,213,238,140,157,,,176,151,,,189,115,248,110,196,127,109,44,121,37,135,186,211,252,250,60,187,215,99,134,129,33,245,167,,122,,,b'\x11\xe8\xe1I\xc7\xe1\xf3*\xaf\x82\x12\xdf\x17\xaeN\x1e'
11E8E149-C7E1-F32A-AF82-12DF17AE4E1E,2016-ncaa-d0-natl,ncaa,65,43,114,55,163,36,37,46,47,29,45,39,124,116,180,207,32,15,259,17,76,33,16,69,70,139,230,235,150,16,15,139,284,56,83,73,223,348,296,247,4,8,57,78,,,342,279,,,55,20,5,248,15,15,16,16,35,133,118,21,12,12,10,4,9,154,29,55,347,4,52,,343,,,50,287,290,258,236,312,289,230,125,130,149,53,285,318,23,321,244,283,335,205,195,59,81,65,229,322,284,153,15,256,83,183,81,5,10,9,344,259,171,77,,,14,143,,,55,330,103,65,73,271,270,268,299,304,118,110,275,310,311,298,345,312,125,227,171,3,335,159,,8,,,b'\x11\xe8\xe1I\xc7\xe1\xf3*\xaf\x82\x12\xdf\x17\xaeN\x1e'
11E8E149-C7E1-F32A-AF82-12DF17AE4E1E,2016-ncaa-d1-conf-SEC,ncaa,5,4,8,5,11,4,4,4,5,6,8,6,3,3,4,4,6,4,12,4,5,5,2,5,5,8,6,3,12,3,3,8,11,5,10,3,7,14,12,11,1,2,5,6,,,14,8,,,8,2,1,5,2,2,1,4,6,2,3,5,2,3,1,1,1,7,2,2,14,1,5,,14,,,8,13,13,11,13,14,10,10,10,5,14,4,8,13,2,13,9,11,14,12,12,9,6,8,4,14,11,9,3,11,10,9,4,1,2,3,14,13,6,5,,,7,12,,,8,13,6,9,8,14,14,14,14,14,11,6,11,13,13,14,14,14,11,13,11,1,14,7,,4,,,b'\x11\xe8\xe1I\xc7\xe1\xf3*\xaf\x82\x12\xdf\x17\xaeN\x1e'
11E8E149-C7E1-F32A-AF82-12DF17AE4E1E,2016-ncaa-d1-natl,ncaa,73,43,142,59,200,44,46,57,49,33,53,43,133,127,179,207,42,24,259,25,75,43,18,69,75,144,225,236,145,20,17,166,291,66,91,87,227,347,300,255,7,9,58,82,,,338,283,,,65,26,6,244,16,18,19,16,39,137,117,22,11,12,11,4,10,158,32,58,347,4,54,,344,,,58,271,266,236,247,300,273,236,109,104,154,51,274,311,25,312,249,256,328,210,202,70,80,61,228,313,291,124,17,228,91,163,84,5,11,13,342,265,160,85,,,24,141,,,65,321,114,75,82,278,279,273,302,305,119,110,279,310,312,301,345,317,127,232,180,3,339,169,,8,,,b'\x11\xe8\xe1I\xc7\xe1\xf3*\xaf\x82\x12\xdf\x17\xaeN\x1e'
11E8E149-C7E1-F32A-AF82-12DF17AE4E1E,2016-ncaa-d1-ncaatournament,ncaa,33,2,33,33,33,44,53,55,42,45,57,23,56,46,59,23,36,35,32,35,4,50,42,48,39,53,30,55,4,33,1,50,4,39,2,46,24,32,61,57,34,4,41,38,,,16,49,,,23,42,22,1,40,52,52,41,56,52,26,6,5,7,43,10,4,47,22,40,62,8,31,,37,,,24,5,9,4,52,18,17,48,1,1,8,1,6,8,13,8,23,4,7,45,43,22,1,1,23,3,4,3,1,1,2,8,19,36,1,9,27,51,4,13,,,40,16,,,23,20,44,7,25,11,28,4,49,38,1,1,14,21,21,4,8,3,11,1,18,7,54,6,,9,,,b'\x11\xe8\xe1I\xc7\xe1\xf3*\xaf\x82\x12\xdf\x17\xaeN\x1e'
11E8E149-C7E1-F32A-AF82-12DF17AE4E1E,2017-ncaa-d0-natl,ncaa,169,184,116,174,155,80,50,85,25,18,25,25,328,305,325,334,151,125,248,124,299,90,56,78,94,148,345,343,255,41,17,115,213,68,47,90,235,330,279,212,89,120,90,98,,,286,228,,,124,67,29,268,65,22,62,7,14,331,322,162,130,130,68,23,43,111,46,89,315,92,92,,282,,,124,263,202,255,103,152,238,62,269,235,294,198,309,259,340,260,219,266,278,127,177,171,308,259,272,269,213,52,17,120,47,264,278,101,150,183,320,279,86,19,,,135,272,,,124,272,115,179,135,249,185,253,131,226,270,229,298,254,254,280,308,263,40,98,261,105,306,83,,152,,,b'\x11\xe8\xe1I\xc7\xe1\xf3*\xaf\x82\x12\xdf\x17\xaeN\x1e'
11E8E149-C7E1-F32A-AF82-12DF17AE4E1E,2017-ncaa-d1-conf-SEC,ncaa,11,11,5,12,8,6,4,3,7,3,4,5,13,11,14,11,10,8,9,8,12,4,4,7,8,8,13,13,12,1,1,8,9,4,3,8,11,14,12,11,5,7,5,6,,,10,7,,,10,4,2,10,6,2,2,2,2,13,12,10,9,9,2,1,1,7,1,8,13,7,5,,11,,,10,14,11,10,8,7,8,6,14,13,12,10,11,10,14,10,10,11,10,10,10,13,14,13,11,10,9,4,1,6,3,13,11,8,9,10,14,14,6,4,,,10,13,,,10,11,7,13,10,13,11,12,8,9,14,13,12,11,10,11,11,10,5,7,13,8,14,6,,11,,,b'\x11\xe8\xe1I\xc7\xe1\xf3*\xaf\x82\x12\xdf\x17\xaeN\x1e'
11E8E149-C7E1-F32A-AF82-12DF17AE4E1E,2017-ncaa-d1-natl,ncaa,175,181,144,184,198,101,57,106,27,18,34,30,333,319,326,334,179,152,248,147,300,115,77,83,96,158,345,343,254,53,19,141,220,90,52,108,240,319,280,222,107,129,100,102,,,266,233,,,135,85,31,270,70,27,65,7,16,332,323,171,144,141,77,26,42,120,53,95,316,102,95,,284,,,136,240,171,230,111,129,215,64,260,223,300,197,298,247,341,246,221,239,257,134,187,178,303,258,273,246,220,26,19,86,52,256,281,126,155,190,313,282,77,21,,,164,269,,,135,251,122,193,150,255,196,253,136,231,275,227,300,259,255,280,307,262,44,99,269,111,308,87,,155,,,b'\x11\xe8\xe1I\xc7\xe1\xf3*\xaf\x82\x12\xdf\x17\xaeN\x1e'
11E8E149-C7E1-F32A-AF82-12DF17AE4E1E,2018-ncaa-d0-natl,ncaa,236,244,164,241,185,174,154,172,148,245,314,63,42,29,166,12,329,328,212,335,286,208,201,92,115,138,47,22,339,122,87,70,105,78,55,132,114,202,231,149,347,345,342,348,,,3,4,,,218,227,229,117,151,137,128,259,321,34,17,332,335,337,197,179,96,28,32,111,230,346,346,,4,,,216,223,302,302,171,302,293,213,195,248,82,203,5,2,334,2,2,261,147,152,97,273,16,180,3,200,105,100,87,127,55,34,1,344,346,302,210,228,52,160,,,306,328,,,218,140,118,283,211,248,319,340,323,337,205,276,9,4,3,317,172,218,125,154,52,344,218,63,,327,,,b'\x11\xe8\xe1I\xc7\xe1\xf3*\xaf\x82\x12\xdf\x17\xaeN\x1e'
11E8E149-C7E1-F32A-AF82-12DF17AE4E1E,2018-ncaa-d1-conf-SEC,ncaa,12,11,10,12,10,14,12,11,11,14,14,8,4,2,10,1,14,14,12,14,14,13,13,9,10,12,3,2,14,11,8,6,6,7,7,8,2,12,13,10,14,14,13,13,,,1,1,,,11,14,12,1,14,12,8,13,13,4,2,14,14,14,12,12,6,4,4,7,13,13,13,,1,,,11,8,11,11,7,11,9,9,8,10,3,11,1,1,13,1,1,8,2,8,7,10,2,8,1,7,6,7,8,9,7,7,3,14,14,14,11,13,4,9,,,14,13,,,11,1,13,10,11,11,12,14,12,13,9,12,2,1,1,12,6,9,9,10,8,13,11,5,,14,,,b'\x11\xe8\xe1I\xc7\xe1\xf3*\xaf\x82\x12\xdf\x17\xaeN\x1e'
11E8E149-C7E1-F32A-AF82-12DF17AE4E1E,2018-ncaa-d1-natl,ncaa,247,243,213,248,241,209,186,207,157,274,330,67,48,32,168,12,337,337,210,342,285,255,254,99,122,147,46,21,338,142,97,88,115,100,67,150,115,184,237,156,349,345,345,348,,,3,5,,,228,290,234,99,159,145,135,267,325,33,18,334,335,337,205,188,101,29,37,116,233,347,345,,4,,,228,195,294,295,186,298,290,224,178,225,88,197,4,2,336,2,2,244,89,164,110,287,16,178,3,175,115,71,97,95,67,20,1,345,346,309,187,232,44,171,,,324,328,,,228,79,127,294,224,259,325,340,325,337,211,273,9,4,3,319,172,227,127,160,56,345,220,66,,327,,,b'\x11\xe8\xe1I\xc7\xe1\xf3*\xaf\x82\x12\xdf\x17\xaeN\x1e'
11E8E149-C7E1-F32A-AF82-12DF17AE4E1E,2019-ncaa-d0-natl,ncaa,277,315,114,297,148,210,211,145,274,283,298,196,57,27,240,16,312,295,278,291,191,176,174,210,243,233,40,22,319,190,242,216,179,202,246,262,299,198,191,253,284,296,349,351,,,105,104,,,303,160,217,193,253,246,163,308,323,58,25,327,310,308,214,218,208,265,255,289,180,296,348,,88,,,293,288,319,223,332,332,252,327,179,135,257,111,116,119,184,117,78,212,174,326,314,328,33,96,56,134,179,265,242,230,246,205,51,268,280,275,106,116,233,296,,,234,250,,,303,189,241,324,295,276,315,211,324,264,161,127,111,110,108,176,114,119,255,210,188,282,112,218,,270,,,b'\x11\xe8\xe1I\xc7\xe1\xf3*\xaf\x82\x12\xdf\x17\xaeN\x1e'
11E8E149-C7E1-F32A-AF82-12DF17AE4E1E,2019-ncaa-d1-conf-SEC,ncaa,12,12,4,12,7,11,12,7,13,14,13,12,3,2,11,1,14,13,13,13,5,7,8,12,13,11,2,1,14,10,12,9,9,9,11,12,7,9,9,11,9,9,14,14,,,3,4,,,14,5,8,8,11,13,8,14,13,3,1,14,14,14,9,11,10,11,10,12,8,10,14,,2,,,14,13,13,10,14,13,10,14,11,8,13,10,2,2,4,2,3,10,7,14,13,14,2,9,1,6,9,13,12,13,11,13,10,10,11,13,7,7,11,14,,,12,11,,,14,10,12,14,14,12,14,9,13,9,12,10,3,3,3,8,4,4,13,13,13,12,8,11,,12,,,b'\x11\xe8\xe1I\xc7\xe1\xf3*\xaf\x82\x12\xdf\x17\xaeN\x1e'
11E8E149-C7E1-F32A-AF82-12DF17AE4E1E,2019-ncaa-d1-natl,ncaa,294,314,155,304,193,249,252,189,284,308,320,206,71,41,245,17,325,307,278,304,197,225,229,218,254,247,38,21,318,223,248,260,186,249,259,290,304,165,193,264,301,306,349,351,,,83,110,,,312,227,224,180,264,256,173,316,326,59,27,327,315,312,221,231,218,273,264,301,184,302,349,,94,,,310,268,308,190,335,322,227,329,158,107,276,110,99,97,189,96,77,167,111,331,322,334,27,94,59,96,186,233,248,185,259,186,51,290,286,281,86,126,213,306,,,263,250,,,312,121,251,330,310,286,319,215,330,270,169,123,117,112,110,183,112,121,259,218,198,286,113,226,,270,,,b'\x11\xe8\xe1I\xc7\xe1\xf3*\xaf\x82\x12\xdf\x17\xaeN\x1e'
11E8E149-C7E1-F32A-AF82-12DF17AE4E1E,2020-ncaa-d0-natl,ncaa,163,170,87,174,189,177,112,121,125,98,132,102,172,145,242,162,312,251,346,246,263,149,142,141,216,211,277,180,328,80,91,96,62,66,70,259,333,207,179,259,263,267,324,335,,,47,31,,,213,172,188,344,201,123,133,107,158,179,161,322,264,258,171,154,81,105,58,287,189,271,328,,29,,,213,226,285,243,270,296,279,243,167,118,241,96,47,69,35,73,38,214,167,249,189,256,30,132,23,79,62,173,91,131,70,197,99,270,276,265,233,214,208,179,,,237,281,,,213,184,186,232,208,201,277,232,294,276,152,104,37,66,73,184,120,71,148,112,180,288,220,200,,255,,,b'\x11\xe8\xe1I\xc7\xe1\xf3*\xaf\x82\x12\xdf\x17\xaeN\x1e'
11E8E149-C7E1-F32A-AF82-12DF17AE4E1E,2020-ncaa-d1-conf-SEC,ncaa,10,10,10,10,14,12,12,11,11,9,9,7,8,7,12,7,13,11,14,11,8,13,11,9,12,12,7,7,12,9,7,9,2,9,5,14,14,9,9,14,12,11,14,14,,,4,5,,,12,10,7,14,11,10,9,9,8,7,7,13,11,11,11,7,6,7,5,14,10,11,13,,5,,,12,8,10,5,12,8,5,12,7,7,13,7,4,4,4,4,6,6,3,12,11,12,6,9,5,1,2,6,7,2,5,9,4,12,11,13,9,9,6,10,,,12,9,,,12,5,11,12,12,10,11,8,12,8,7,7,8,7,7,8,3,1,8,6,10,11,9,8,,11,,,b'\x11\xe8\xe1I\xc7\xe1\xf3*\xaf\x82\x12\xdf\x17\xaeN\x1e'
11E8E149-C7E1-F32A-AF82-12DF17AE4E1E,2020-ncaa-d1-natl,ncaa,177,170,128,182,255,213,147,155,135,124,163,110,184,160,246,164,318,268,347,265,260,188,182,153,226,219,277,181,327,98,97,123,66,89,74,287,336,194,185,268,282,277,329,335,,,31,34,,,223,226,190,344,212,138,142,115,165,182,163,322,265,262,182,159,88,115,65,292,191,280,328,,28,,,224,204,273,216,282,285,261,249,150,100,252,93,41,59,41,65,38,174,114,258,200,272,29,127,21,66,66,152,97,103,74,183,102,291,288,276,220,218,197,190,,,261,276,,,223,133,197,253,221,211,280,234,302,277,153,106,36,67,73,191,118,75,150,114,189,296,219,201,,258,,,b'\x11\xe8\xe1I\xc7\xe1\xf3*\xaf\x82\x12\xdf\x17\xaeN\x1e'
11E8E149-C7E1-F32A-AF82-12DF17AE4E1E,2021-ncaa-d0-natl,ncaa,128,250,43,188,48,40,39,30,101,27,27,93,93,76,181,217,47,31,221,30,147,28,26,122,135,102,240,228,181,14,65,49,149,28,85,163,341,237,55,217,159,268,256,330,,,268,119,,,130,38,88,120,54,53,40,47,57,157,151,90,67,63,27,47,42,96,42,288,90,259,311,,153,,,137,317,327,319,252,335,332,234,172,204,102,35,227,224,219,222,31,315,301,193,175,254,7,32,70,286,149,298,65,295,85,252,32,163,303,250,198,53,327,221,,,82,263,,,130,303,77,254,142,264,309,308,337,340,69,77,120,110,104,294,240,196,184,187,150,293,83,288,,197,,,b'\x11\xe8\xe1I\xc7\xe1\xf3*\xaf\x82\x12\xdf\x17\xaeN\x1e'
11E8E149-C7E1-F32A-AF82-12DF17AE4E1E,2021-ncaa-d1-conf-SEC,ncaa,12,13,5,12,7,7,8,6,11,9,9,10,5,5,10,5,8,6,13,6,3,5,5,10,10,9,5,5,9,3,3,7,11,5,7,13,13,8,4,12,9,12,13,14,,,8,8,,,13,8,8,5,8,9,4,8,9,5,5,8,6,6,3,4,3,8,3,13,9,12,14,,7,,,12,11,13,12,11,12,11,10,9,8,11,6,5,5,13,5,3,10,9,10,10,11,2,7,3,11,11,8,3,9,7,12,5,10,13,13,9,8,12,13,,,8,9,,,13,6,8,13,12,11,13,13,13,14,8,6,5,4,4,13,11,12,10,9,12,13,9,12,,9,,,b'\x11\xe8\xe1I\xc7\xe1\xf3*\xaf\x82\x12\xdf\x17\xaeN\x1e'
11E8E149-C7E1-F32A-AF82-12DF17AE4E1E,2021-ncaa-d1-natl,ncaa,139,250,50,192,55,43,46,33,104,32,31,99,102,83,182,216,54,39,219,36,146,31,32,123,139,107,239,228,182,19,68,55,157,35,90,181,341,224,55,223,174,274,264,330,,,257,120,,,140,43,89,117,59,58,44,51,58,157,156,93,69,65,30,50,46,100,46,295,88,265,313,,153,,,145,312,324,314,260,333,331,241,164,185,101,32,220,217,224,214,31,310,294,207,187,266,6,31,70,278,157,286,68,289,90,247,32,180,308,258,190,53,326,225,,,96,262,,,140,296,79,262,151,269,311,309,338,340,68,74,123,113,110,295,242,199,191,191,157,295,84,291,,200,,,b'\x11\xe8\xe1I\xc7\xe1\xf3*\xaf\x82\x12\xdf\x17\xaeN\x1e'
11E8E149-C7E1-F32A-AF82-12DF17AE4E1E,2022-ncaa-d0-natl,ncaa,67,87,52,86,62,67,63,47,141,44,33,167,151,151,162,246,67,80,97,80,228,47,38,168,159,163,252,244,162,59,144,48,144,43,121,118,278,314,187,216,54,111,110,204,,,351,316,,,107,34,43,134,95,82,48,61,56,203,215,106,135,135,55,47,103,78,62,190,242,90,144,,329,,,114,295,292,298,158,339,349,111,17,25,81,1,337,343,58,344,228,322,324,87,109,97,20,2,310,290,144,321,144,327,121,123,9,51,144,42,312,198,307,191,,,96,261,,,107,321,161,97,117,193,192,221,301,346,7,4,307,321,321,269,301,202,252,235,47,105,243,282,,182,,,b'\x11\xe8\xe1I\xc7\xe1\xf3*\xaf\x82\x12\xdf\x17\xaeN\x1e'
11E8E149-C7E1-F32A-AF82-12DF17AE4E1E,2022-ncaa-d1-conf-SEC,ncaa,5,4,4,4,4,4,5,6,8,7,7,10,6,6,5,7,2,7,2,8,7,6,4,7,4,8,4,7,2,9,10,5,7,5,6,10,10,13,14,13,3,5,10,11,,,14,14,,,5,2,1,3,4,7,8,8,9,6,6,2,8,8,6,2,10,4,4,10,13,3,11,,14,,,5,6,7,9,4,12,12,7,1,2,1,2,14,14,6,14,13,11,12,3,3,3,3,1,14,10,7,10,10,10,6,2,1,4,6,1,14,13,7,6,,,6,9,,,5,12,10,4,5,6,6,8,12,14,1,2,13,14,14,12,14,9,10,10,2,5,13,6,,6,,,b'\x11\xe8\xe1I\xc7\xe1\xf3*\xaf\x82\x12\xdf\x17\xaeN\x1e'
11E8E149-C7E1-F32A-AF82-12DF17AE4E1E,2022-ncaa-d1-natl,ncaa,74,87,67,86,78,84,76,60,151,59,40,181,170,172,168,248,81,97,95,98,231,57,46,181,163,171,247,244,155,74,159,61,151,52,132,149,284,303,192,225,71,125,120,210,,,345,321,,,131,40,46,130,105,91,56,71,61,207,220,108,138,139,64,49,106,83,69,206,248,99,147,,330,,,140,276,274,289,170,336,347,124,10,15,91,1,328,340,67,341,232,316,319,98,122,117,20,1,311,276,151,309,159,317,132,107,10,73,162,47,305,205,304,205,,,113,257,,,131,315,175,113,142,202,206,222,311,345,8,4,309,322,321,271,300,201,255,241,54,120,246,287,,182,,,b'\x11\xe8\xe1I\xc7\xe1\xf3*\xaf\x82\x12\xdf\x17\xaeN\x1e'
11E8E149-C7E1-F32A-AF82-12DF17AE4E1E,2022-ncaa-d1-ncaatournament,ncaa,37,2,37,37,38,58,59,52,59,58,54,58,52,49,59,31,47,42,47,41,15,51,47,60,60,61,32,42,9,28,6,46,20,40,11,52,24,21,48,54,64,63,44,41,,,27,66,,,51,63,55,5,57,57,34,55,37,45,31,26,17,15,30,18,6,29,9,47,53,63,30,,60,,,54,6,13,13,46,27,29,44,2,1,5,4,4,8,13,7,15,13,5,38,33,47,2,3,29,9,20,9,6,8,11,23,64,66,66,66,12,33,45,67,,,41,20,,,51,5,57,41,56,30,43,33,60,63,2,2,20,32,28,34,10,14,35,20,58,66,32,66,,15,,,b'\x11\xe8\xe1I\xc7\xe1\xf3*\xaf\x82\x12\xdf\x17\xaeN\x1e'
11E8E149-C7E1-F32A-AF82-12DF17AE4E1E,2023-ncaa-d0-natl,ncaa,102,160,29,142,38,60,73,40,203,92,57,224,92,86,118,193,22,27,150,25,69,34,28,189,166,163,109,171,70,45,130,54,288,46,215,98,203,330,181,195,62,156,73,143,,,335,198,,,162,23,46,156,96,141,81,161,131,138,141,39,48,46,62,55,89,114,79,160,238,107,102,,281,,,164,340,338,344,135,346,352,118,264,283,151,115,306,311,154,312,162,346,348,123,120,117,136,143,203,358,288,345,130,354,215,252,59,39,162,80,322,206,108,34,,,32,144,,,162,341,154,165,157,270,264,328,271,325,177,189,248,255,258,333,340,333,243,306,144,97,246,42,,86,,,b'\x11\xe8\xe1I\xc7\xe1\xf3*\xaf\x82\x12\xdf\x17\xaeN\x1e'
11E8E149-C7E1-F32A-AF82-12DF17AE4E1E,2023-ncaa-d1-conf-SEC,ncaa,10,10,9,10,11,11,12,7,13,10,8,14,7,7,8,6,7,6,7,6,4,7,9,13,13,12,5,6,1,6,8,9,11,7,10,13,11,4,6,11,10,10,12,12,,,9,9,,,11,10,2,9,11,11,5,9,8,6,5,5,5,5,4,4,5,7,6,13,5,9,12,,13,,,11,9,11,9,11,11,9,9,5,4,12,5,7,8,4,8,5,9,7,9,9,10,3,5,4,12,11,11,8,12,10,8,4,10,11,10,8,11,3,7,,,10,10,,,11,6,11,10,11,13,13,14,13,14,8,7,9,10,10,14,13,13,12,13,10,8,12,5,,8,,,b'\x11\xe8\xe1I\xc7\xe1\xf3*\xaf\x82\x12\xdf\x17\xaeN\x1e'
11E8E149-C7E1-F32A-AF82-12DF17AE4E1E,2023-ncaa-d1-natl,ncaa,114,160,33,148,41,65,87,51,219,108,67,240,107,104,123,194,25,30,149,29,65,38,30,195,171,167,107,169,63,56,144,63,307,53,229,118,209,322,185,209,77,174,84,146,,,332,206,,,181,27,48,151,104,155,91,176,136,138,145,40,49,47,67,60,96,123,86,169,239,126,104,,286,,,183,336,337,342,157,340,348,131,250,269,161,110,295,303,155,303,164,346,347,136,139,139,131,143,203,356,307,335,144,352,229,237,59,57,174,96,313,212,93,39,,,37,135,,,181,339,163,186,175,280,279,331,289,330,184,190,251,257,260,333,337,336,249,313,155,105,253,54,,86,,,b'\x11\xe8\xe1I\xc7\xe1\xf3*\xaf\x82\x12\xdf\x17\xaeN\x1e'
11E8E149-C7E1-F32A-AF82-12DF17AE4E1E,2024-ncaa-d0-natl,ncaa,154,176,94,173,114,53,49,49,78,38,38,97,129,148,109,237,77,72,165,74,191,49,51,100,101,81,251,236,191,112,183,136,302,124,260,189,347,168,67,189,53,93,104,174,,,341,258,,,113,47,25,219,34,32,27,28,45,149,173,83,81,81,22,34,139,169,152,219,135,61,123,,322,,,113,325,285,283,206,299,316,135,182,138,286,41,355,352,196,354,308,315,321,184,229,197,211,73,335,342,302,297,183,336,260,144,35,55,129,56,106,53,270,165,,,78,197,,,113,306,84,238,126,309,263,268,278,325,161,98,347,345,345,316,340,331,255,306,111,73,87,260,,94,,,b'\x11\xe8\xe1I\xc7\xe1\xf3*\xaf\x82\x12\xdf\x17\xaeN\x1e'
11E8E149-C7E1-F32A-AF82-12DF17AE4E1E,2024-ncaa-d1-conf-SEC,ncaa,9,11,1,10,1,4,4,3,7,5,5,7,4,4,6,6,4,3,8,3,5,3,2,7,7,7,5,5,6,11,12,5,14,6,13,10,14,13,6,12,1,2,7,10,,,14,12,,,10,1,1,4,4,5,3,6,8,5,5,4,3,3,3,2,12,10,12,12,10,2,9,,14,,,10,14,12,11,10,12,13,8,7,4,11,2,14,14,11,14,13,13,14,9,11,8,10,3,13,14,14,13,12,14,13,6,3,1,3,2,7,5,12,11,,,2,5,,,10,14,7,8,10,13,9,7,12,13,6,4,14,14,14,13,14,14,12,13,5,2,5,11,,2,,,b'\x11\xe8\xe1I\xc7\xe1\xf3*\xaf\x82\x12\xdf\x17\xaeN\x1e'
11E8E149-C7E1-F32A-AF82-12DF17AE4E1E,2024-ncaa-d1-natl,ncaa,172,177,130,184,153,70,59,58,85,46,48,104,150,172,116,238,88,90,167,89,187,60,69,110,105,87,248,236,194,140,199,171,311,163,279,226,353,136,70,206,67,103,117,178,,,329,271,,,138,62,25,206,38,33,29,29,49,153,180,84,80,78,26,39,148,188,169,238,133,68,125,,327,,,139,313,275,262,224,288,304,152,168,115,293,39,353,351,204,353,311,303,312,200,247,226,210,73,336,338,311,273,199,321,279,120,36,75,138,78,89,54,263,175,,,96,191,,,138,291,94,262,148,317,273,273,297,328,167,99,349,349,349,323,341,336,268,315,119,77,92,263,,93,,,b'\x11\xe8\xe1I\xc7\xe1\xf3*\xaf\x82\x12\xdf\x17\xaeN\x1e'
11E8E149-C7E1-F32A-AF82-12DF17AE4E1E,2025-ncaa-d0-natl,genius_ncaa,109,227,6,165,11,17,15,17,38,8,7,53,125,131,133,292,14,12,127,12,162,13,7,62,56,83,299,295,162,30,72,15,192,13,69,39,226,355,177,151,100,252,30,93,,,348,138,,346,114,7,27,269,42,35,66,19,55,217,255,52,63,63,58,40,95,41,37,84,245,206,65,,218,,314,123,361,361,358,178,358,355,184,345,353,189,214,343,348,114,347,199,360,358,189,181,232,193,216,168,357,192,320,72,346,69,341,91,81,284,235,333,143,179,25,,,20,211,,201,114,355,77,246,130,308,306,341,284,303,287,294,244,266,265,339,325,284,85,172,224,221,191,69,,116,,279,b'\x11\xe8\xe1I\xc7\xe1\xf3*\xaf\x82\x12\xdf\x17\xaeN\x1e'
11E8E149-C7E1-F32A-AF82-12DF17AE4E1E,2025-ncaa-d1-conf-SEC,genius_ncaa,11,11,3,11,4,7,8,8,8,7,6,8,10,10,7,10,7,7,7,6,5,7,6,8,8,11,9,9,6,8,10,3,7,6,7,7,9,15,13,11,13,13,7,9,,,13,8,,14,11,5,5,7,10,10,11,10,10,9,9,7,6,6,9,6,10,4,6,9,14,13,8,,9,,14,11,16,14,14,10,14,12,10,12,12,10,8,14,15,3,15,9,14,12,10,10,11,8,10,4,12,7,11,10,11,7,14,11,10,13,13,15,12,4,2,,,4,7,,10,11,12,11,11,11,14,14,13,13,10,10,8,8,14,13,13,11,9,8,8,13,11,12,4,,7,,11,b'\x11\xe8\xe1I\xc7\xe1\xf3*\xaf\x82\x12\xdf\x17\xaeN\x1e'
11E8E149-C7E1-F32A-AF82-12DF17AE4E1E,2025-ncaa-d1-natl,genius_ncaa,117,226,6,175,13,19,16,17,39,8,8,53,141,148,136,292,18,19,124,19,160,14,7,63,61,89,294,297,148,33,76,16,199,13,78,44,231,350,183,158,115,266,31,95,,,343,143,,343,127,7,33,269,43,38,72,20,58,219,262,51,66,65,60,45,113,46,42,91,249,222,66,,222,,317,135,361,361,358,196,357,353,197,342,350,202,214,340,343,124,343,197,360,358,203,194,248,193,217,166,357,199,306,76,342,78,339,92,95,299,250,320,145,162,25,,,24,209,,207,127,355,80,262,140,315,311,345,293,305,287,292,250,272,269,343,323,286,85,177,231,237,191,70,,109,,278,b'\x11\xe8\xe1I\xc7\xe1\xf3*\xaf\x82\x12\xdf\x17\xaeN\x1e'
11E8E149-C7E1-F32A-AF82-12DF17AE4E1E,2026-ncaa-d0-natl,genius_ncaa,17,39,9,38,47,19,18,19,49,9,12,38,167,113,290,299,10,7,191,7,104,12,12,85,78,67,342,347,94,21,64,24,160,18,79,87,340,286,79,155,14,37,27,64,,,332,138,,312,31,11,66,354,36,31,60,17,31,279,255,32,26,28,37,51,60,55,39,172,120,32,52,,172,,244,34,269,273,331,45,301,350,48,157,225,78,59,277,301,72,292,119,329,349,34,33,27,93,78,223,333,160,311,64,328,79,237,118,8,47,33,199,53,184,44,,,5,61,,87,31,346,48,33,35,60,67,165,121,274,43,59,139,168,156,150,272,228,125,160,65,38,67,80,,32,,181,b'\x11\xe8\xe1I\xc7\xe1\xf3*\xaf\x82\x12\xdf\x17\xaeN\x1e'
11E8E149-C7E1-F32A-AF82-12DF17AE4E1E,2026-ncaa-d1-natl,genius_ncaa,18,39,13,39,82,23,23,30,58,10,19,45,228,161,302,301,11,8,182,8,100,21,23,95,88,81,340,350,82,36,81,28,178,22,102,123,349,241,87,179,24,45,34,69,,,310,155,,301,33,21,78,353,44,40,80,19,41,288,267,33,27,32,53,68,74,66,44,213,128,43,56,,187,,256,41,235,234,317,68,274,343,57,117,176,93,55,246,279,87,272,125,313,338,44,45,36,81,74,220,321,178,283,81,309,102,206,118,15,62,48,157,56,158,48,,,6,53,,105,33,334,64,44,44,80,89,171,146,284,43,56,150,181,162,163,271,239,148,178,75,51,68,95,,31,,168,b'\x11\xe8\xe1I\xc7\xe1\xf3*\xaf\x82\x12\xdf\x17\xaeN\x1e'
11E8E149-C7E6-4998-AF82-12DF17AE4E1E,2010-ncaa-d0-natl,ncaa,125,62,288,101,288,275,273,263,282,293,278,269,170,138,231,90,245,243,205,245,149,267,255,264,263,268,86,89,167,96,31,181,292,151,105,337,337,191,255,330,221,198,159,163,,,51,92,,,167,298,222,9,237,247,147,261,225,122,84,194,187,191,150,102,27,55,23,334,278,170,132,,138,,,167,22,23,123,19,39,163,11,57,87,99,100,120,159,39,154,180,122,94,11,11,28,187,141,253,290,292,33,31,129,105,29,123,267,232,115,251,277,50,118,,,309,305,,,167,54,231,77,167,98,75,280,114,297,106,148,196,241,240,291,268,337,122,265,83,194,292,90,,266,,,b'\x11\xe8\xe1I\xc7\xe6I\x98\xaf\x82\x12\xdf\x17\xaeN\x1e'
11E8E149-C7E6-4998-AF82-12DF17AE4E1E,2010-ncaa-d1-conf-MEAC,ncaa,6,5,6,6,6,7,8,8,8,10,11,7,1,1,5,1,9,9,7,9,3,8,7,7,6,6,1,1,9,1,2,2,9,2,2,9,8,7,8,10,9,9,2,2,,,1,2,,,4,10,8,1,6,6,4,10,11,1,1,8,9,9,5,2,1,1,1,9,9,9,2,,2,,,4,4,5,8,1,3,9,1,6,6,6,7,5,3,6,3,1,8,6,1,1,2,7,8,5,11,9,2,2,6,2,8,9,11,10,9,7,10,3,5,,,7,9,,,4,3,5,5,4,5,6,10,5,11,7,8,7,4,4,10,9,11,2,9,9,11,10,4,,5,,,b'\x11\xe8\xe1I\xc7\xe6I\x98\xaf\x82\x12\xdf\x17\xaeN\x1e'
11E8E149-C7E6-4998-AF82-12DF17AE4E1E,2010-ncaa-d1-natl,ncaa,114,62,276,94,278,266,269,246,275,280,272,263,162,130,234,89,251,245,212,248,170,258,231,257,258,270,94,90,192,93,45,151,285,118,113,338,337,221,262,329,213,198,156,166,,,76,93,,,163,283,217,10,238,241,156,256,234,122,84,213,204,210,164,114,38,48,28,334,280,173,135,,139,,,162,26,25,150,18,39,202,10,58,93,90,96,128,172,25,171,168,149,131,10,8,23,184,139,246,304,285,47,45,161,113,27,105,244,232,101,262,279,59,119,,,309,311,,,163,73,234,61,158,82,73,280,109,299,103,141,185,233,232,289,268,337,124,269,73,189,293,87,,272,,,b'\x11\xe8\xe1I\xc7\xe6I\x98\xaf\x82\x12\xdf\x17\xaeN\x1e'
11E8E149-C7E6-4998-AF82-12DF17AE4E1E,2011-ncaa-d0-natl,ncaa,168,154,170,165,194,163,156,126,186,135,118,187,181,166,195,195,175,163,236,165,216,130,139,194,200,194,215,186,195,92,87,122,260,101,146,242,306,165,158,242,154,187,230,255,,,151,104,,,203,157,88,113,141,132,79,123,104,173,159,165,144,148,80,85,69,75,46,245,203,150,233,,182,,,203,212,200,236,141,185,235,117,207,190,240,159,190,267,9,271,234,255,239,156,121,144,192,202,179,295,260,161,87,243,146,130,73,164,217,144,114,110,101,82,,,270,324,,,203,210,178,180,180,241,230,278,212,273,238,209,210,274,275,302,300,307,202,274,159,141,142,107,,279,,,b'\x11\xe8\xe1I\xc7\xe6I\x98\xaf\x82\x12\xdf\x17\xaeN\x1e'
11E8E149-C7E6-4998-AF82-12DF17AE4E1E,2011-ncaa-d1-conf-MEAC,ncaa,6,4,7,6,7,3,3,5,3,4,6,2,3,3,8,4,6,7,3,7,5,6,7,3,3,2,5,4,8,6,3,3,5,3,3,4,7,2,3,3,7,8,9,10,,,3,1,,,5,7,3,2,3,2,2,2,5,3,3,5,5,5,3,3,5,1,1,3,3,5,9,,4,,,5,8,10,11,6,10,10,5,10,9,8,8,2,4,1,4,3,11,8,7,6,7,6,10,1,9,5,3,3,6,3,8,4,8,11,9,4,4,5,5,,,10,10,,,5,6,2,8,4,8,10,11,10,11,10,10,4,6,6,11,10,11,5,8,8,8,4,5,,10,,,b'\x11\xe8\xe1I\xc7\xe6I\x98\xaf\x82\x12\xdf\x17\xaeN\x1e'
11E8E149-C7E6-4998-AF82-12DF17AE4E1E,2011-ncaa-d1-natl,ncaa,174,152,199,172,224,184,176,143,192,156,133,195,194,182,193,192,193,175,233,176,217,151,163,200,208,200,214,183,195,105,90,147,263,117,154,255,309,145,160,243,177,191,241,258,,,133,104,,,210,187,89,107,145,139,84,130,104,177,162,168,143,145,87,89,72,76,51,253,203,156,238,,182,,,210,194,185,214,145,173,220,120,196,175,241,156,177,253,10,256,235,233,217,161,127,151,192,202,178,289,263,139,90,226,154,116,77,184,223,153,100,113,94,87,,,287,323,,,210,186,181,195,187,245,233,280,216,278,237,209,209,277,279,302,301,312,204,279,163,149,143,113,,282,,,b'\x11\xe8\xe1I\xc7\xe6I\x98\xaf\x82\x12\xdf\x17\xaeN\x1e'
11E8E149-C7E6-4998-AF82-12DF17AE4E1E,2012-ncaa-d0-natl,ncaa,59,27,163,37,221,91,89,78,119,108,134,111,60,62,99,91,153,161,180,163,202,83,74,96,110,118,113,83,261,23,12,121,295,46,66,140,260,226,145,173,109,144,173,218,,,214,129,,,53,128,38,262,38,34,18,79,110,41,39,151,142,152,21,12,5,69,8,108,242,93,165,,248,,,48,146,161,246,65,201,284,62,70,115,50,72,152,217,18,211,129,248,262,46,35,35,65,70,168,329,295,88,12,220,66,41,19,76,114,29,272,218,118,89,,,186,289,,,53,226,61,67,47,177,199,301,246,315,92,134,170,240,237,305,327,330,115,264,63,51,283,130,,162,,,b'\x11\xe8\xe1I\xc7\xe6I\x98\xaf\x82\x12\xdf\x17\xaeN\x1e'
11E8E149-C7E6-4998-AF82-12DF17AE4E1E,2012-ncaa-d1-conf-MEAC,ncaa,3,2,4,3,9,3,2,2,2,5,7,3,2,3,2,3,9,11,3,11,9,4,3,1,1,2,3,3,12,2,1,5,8,4,4,3,6,6,4,3,7,7,7,8,,,9,7,,,2,6,5,11,2,1,3,5,7,3,3,7,9,9,4,3,2,5,2,2,4,8,6,,9,,,2,6,6,8,3,7,11,3,2,5,2,2,8,9,5,8,6,8,10,3,3,3,5,1,10,11,8,2,1,8,4,2,1,6,7,2,11,10,5,6,,,10,12,,,2,10,2,5,2,5,5,9,7,10,2,3,8,8,8,9,10,11,1,7,2,6,11,5,,9,,,b'\x11\xe8\xe1I\xc7\xe6I\x98\xaf\x82\x12\xdf\x17\xaeN\x1e'
11E8E149-C7E6-4998-AF82-12DF17AE4E1E,2012-ncaa-d1-natl,ncaa,68,27,196,39,263,103,96,84,126,122,151,116,66,71,100,91,167,174,178,176,204,97,88,103,113,117,108,81,259,25,12,132,298,52,73,159,265,204,148,178,125,149,181,223,,,197,130,,,58,156,39,262,40,35,19,86,116,42,41,150,142,153,22,13,6,71,8,114,243,96,168,,248,,,51,127,143,229,69,197,270,66,64,99,47,71,141,202,18,194,132,230,243,55,41,41,63,69,168,325,298,66,12,197,73,33,19,90,119,30,261,219,115,90,,,200,285,,,58,198,63,75,50,182,203,303,249,315,94,135,175,242,239,308,325,332,116,269,65,56,283,135,,159,,,b'\x11\xe8\xe1I\xc7\xe6I\x98\xaf\x82\x12\xdf\x17\xaeN\x1e'
11E8E149-C7E6-4998-AF82-12DF17AE4E1E,2013-ncaa-d0-natl,ncaa,235,244,183,248,218,192,168,97,270,176,131,255,140,103,233,115,292,293,183,292,328,134,151,258,283,246,188,119,298,149,226,317,319,280,319,207,236,117,106,168,75,64,327,331,,,139,116,,,251,142,80,179,192,143,37,168,101,125,84,289,295,292,62,80,127,336,282,203,145,54,329,,164,,,250,248,286,131,337,302,214,327,120,51,325,58,91,128,22,132,115,131,191,332,324,259,25,85,57,199,319,293,226,280,319,303,264,58,40,176,136,130,169,144,,,331,344,,,251,183,239,262,255,276,310,156,319,264,144,60,104,149,155,157,246,230,321,308,310,29,155,189,,331,,,b'\x11\xe8\xe1I\xc7\xe6I\x98\xaf\x82\x12\xdf\x17\xaeN\x1e'
11E8E149-C7E6-4998-AF82-12DF17AE4E1E,2013-ncaa-d1-conf-MEAC,ncaa,7,7,9,7,10,8,7,6,6,8,7,6,5,5,3,4,13,13,10,13,13,7,9,6,8,6,7,3,13,9,10,13,9,12,12,8,10,3,5,5,4,1,12,12,,,3,3,,,7,10,6,5,6,3,1,7,4,3,3,13,13,13,4,4,7,13,12,8,5,2,12,,4,,,7,8,11,3,13,12,4,13,8,6,9,9,3,3,1,3,5,4,2,13,13,12,3,8,2,5,9,10,10,7,12,13,13,6,5,10,2,4,9,9,,,13,13,,,7,3,7,10,7,9,13,5,13,6,9,8,3,6,6,6,6,6,12,10,13,4,5,9,,13,,,b'\x11\xe8\xe1I\xc7\xe6I\x98\xaf\x82\x12\xdf\x17\xaeN\x1e'
11E8E149-C7E6-4998-AF82-12DF17AE4E1E,2013-ncaa-d1-natl,ncaa,248,243,210,252,254,213,182,112,274,196,146,263,149,109,234,115,304,301,182,300,328,148,171,261,283,252,187,119,297,168,228,332,321,297,319,223,239,101,109,175,82,68,331,332,,,122,121,,,255,163,81,172,199,150,37,178,105,125,87,291,296,295,67,85,133,338,288,212,146,56,330,,165,,,256,236,279,103,338,300,199,331,117,43,327,57,80,118,24,122,117,98,171,333,326,266,25,87,54,190,321,286,228,273,319,299,263,70,42,182,130,132,165,147,,,336,344,,,255,163,243,268,262,280,313,158,320,267,144,61,107,153,160,159,246,231,322,312,312,31,157,190,,331,,,b'\x11\xe8\xe1I\xc7\xe6I\x98\xaf\x82\x12\xdf\x17\xaeN\x1e'
11E8E149-C7E6-4998-AF82-12DF17AE4E1E,2014-ncaa-d0-natl,ncaa,148,125,180,144,236,142,151,93,269,175,128,279,115,115,141,141,142,175,53,175,242,106,94,242,225,230,115,119,165,125,180,234,272,179,260,134,125,247,194,186,21,15,310,325,,,310,284,,,166,90,12,265,88,106,31,155,94,101,100,111,173,171,34,20,104,226,152,99,281,7,314,,330,,,166,213,241,140,309,313,251,303,19,22,83,15,223,314,1,313,270,193,260,272,226,116,11,7,215,238,272,286,180,278,260,226,185,25,24,60,273,219,252,211,,,224,322,,,166,256,217,116,162,262,280,188,327,303,24,28,253,320,320,260,333,270,316,312,258,7,279,267,,212,,,b'\x11\xe8\xe1I\xc7\xe6I\x98\xaf\x82\x12\xdf\x17\xaeN\x1e'
11E8E149-C7E6-4998-AF82-12DF17AE4E1E,2014-ncaa-d1-conf-MEAC,ncaa,5,4,4,5,7,2,3,2,5,5,6,4,2,3,1,2,6,11,1,11,11,3,5,2,1,1,3,2,10,5,10,10,9,9,10,2,2,4,2,1,1,1,12,12,,,12,12,,,4,4,1,6,1,1,1,4,5,1,2,6,11,11,2,3,7,12,10,2,3,1,12,,13,,,4,10,11,4,13,13,8,13,4,3,8,2,9,11,1,11,11,5,9,13,13,8,2,1,6,5,9,12,10,11,10,11,8,1,1,6,5,4,11,9,,,9,12,,,4,10,2,6,4,9,10,4,11,8,3,2,8,11,11,7,11,5,13,10,10,1,4,10,,11,,,b'\x11\xe8\xe1I\xc7\xe6I\x98\xaf\x82\x12\xdf\x17\xaeN\x1e'
11E8E149-C7E6-4998-AF82-12DF17AE4E1E,2014-ncaa-d1-natl,ncaa,143,125,145,141,193,138,144,71,272,174,113,281,105,107,146,136,147,177,69,175,240,87,75,249,231,237,118,116,173,119,185,220,271,163,258,135,148,268,199,204,20,20,315,327,,,319,284,,,176,74,12,273,95,119,31,161,94,101,98,127,182,178,36,20,108,224,153,114,283,9,317,,328,,,176,236,259,169,309,327,278,305,18,26,71,15,236,316,1,314,266,214,283,264,223,119,12,7,215,248,271,295,185,296,258,239,176,25,27,64,293,235,248,205,,,205,320,,,176,275,233,118,176,261,279,188,325,299,24,30,247,318,318,256,329,267,308,307,254,8,292,260,,208,,,b'\x11\xe8\xe1I\xc7\xe6I\x98\xaf\x82\x12\xdf\x17\xaeN\x1e'
11E8E149-C7E6-4998-AF82-12DF17AE4E1E,2015-ncaa-d0-natl,ncaa,294,279,283,295,304,320,311,301,297,300,260,298,232,235,224,170,325,287,339,290,237,306,275,292,311,329,191,157,252,127,59,330,338,281,245,326,286,273,330,333,207,174,288,283,,,227,306,,,304,308,209,166,312,292,236,273,207,204,195,309,254,255,249,153,56,323,209,320,331,165,272,,317,,,308,100,81,38,247,125,90,239,38,35,141,59,267,267,184,265,308,58,77,216,249,205,142,48,314,253,338,44,59,107,245,124,203,163,108,129,228,288,78,143,,,335,329,,,304,49,310,259,304,236,184,111,249,202,71,66,317,319,318,185,244,324,128,237,192,93,292,122,,317,,,b'\x11\xe8\xe1I\xc7\xe6I\x98\xaf\x82\x12\xdf\x17\xaeN\x1e'
11E8E149-C7E6-4998-AF82-12DF17AE4E1E,2015-ncaa-d1-conf-MEAC,ncaa,10,9,8,10,11,12,10,11,11,11,12,10,5,5,8,3,13,12,12,12,9,11,10,10,11,12,5,4,12,8,6,12,9,11,8,11,9,6,11,10,9,7,12,11,,,10,13,,,10,11,10,10,12,10,9,10,10,5,4,13,12,12,9,8,5,11,10,11,10,8,12,,13,,,10,8,6,4,10,6,3,10,6,5,9,6,13,12,13,12,13,4,3,10,12,11,11,4,12,3,9,4,6,2,8,7,10,9,7,10,8,10,7,10,,,13,13,,,10,3,11,11,10,11,9,4,9,4,7,6,13,13,13,5,3,6,8,5,8,8,10,7,,13,,,b'\x11\xe8\xe1I\xc7\xe6I\x98\xaf\x82\x12\xdf\x17\xaeN\x1e'
11E8E149-C7E6-4998-AF82-12DF17AE4E1E,2015-ncaa-d1-natl,ncaa,291,279,298,293,317,329,322,310,298,314,275,302,237,238,223,173,320,279,334,284,215,313,275,296,305,331,180,163,222,114,51,337,339,286,244,327,278,303,334,334,212,178,285,279,,,249,308,,,303,319,225,163,318,308,264,284,221,214,199,306,252,259,269,171,56,325,216,324,332,169,273,,320,,,308,94,69,36,234,122,99,226,45,36,160,63,274,280,178,276,306,54,76,211,243,192,150,54,315,272,339,33,51,113,244,106,177,147,97,117,235,293,70,130,,,334,322,,,303,42,313,258,298,224,169,100,236,194,76,67,315,319,319,175,238,329,111,229,173,93,288,104,,318,,,b'\x11\xe8\xe1I\xc7\xe6I\x98\xaf\x82\x12\xdf\x17\xaeN\x1e'
11E8E149-C7E6-4998-AF82-12DF17AE4E1E,2016-ncaa-d0-natl,ncaa,177,156,240,179,258,234,221,200,258,207,201,216,218,165,293,153,222,215,235,215,206,209,192,259,268,257,200,190,188,152,168,236,312,205,250,254,254,201,232,266,150,149,336,346,,,221,219,,,227,213,85,182,208,192,120,175,150,201,141,209,202,195,133,92,120,187,150,246,254,119,337,,277,,,229,127,190,174,201,280,281,182,27,26,88,20,118,195,3,200,125,176,183,132,99,115,16,18,140,292,312,168,168,238,250,91,58,168,161,110,130,151,19,25,,,260,278,,,227,143,251,156,223,213,257,274,309,339,32,29,169,243,246,283,305,325,254,306,132,121,185,32,,237,,,b'\x11\xe8\xe1I\xc7\xe6I\x98\xaf\x82\x12\xdf\x17\xaeN\x1e'
11E8E149-C7E6-4998-AF82-12DF17AE4E1E,2016-ncaa-d1-conf-MEAC,ncaa,6,7,4,7,7,5,5,7,4,5,9,2,4,1,9,2,7,7,6,7,5,7,8,3,3,3,8,7,10,10,12,4,6,8,8,3,6,1,3,3,6,6,12,12,,,10,11,,,5,7,7,10,5,5,7,4,10,5,1,9,9,9,7,9,12,7,11,6,1,7,12,,10,,,5,8,11,10,10,11,11,10,7,5,8,4,3,4,1,4,4,9,8,9,8,8,2,5,3,7,6,7,12,7,8,6,2,7,8,6,3,3,2,2,,,8,6,,,5,8,3,8,5,9,9,8,10,9,4,4,3,4,4,8,8,6,8,6,6,7,2,2,,8,,,b'\x11\xe8\xe1I\xc7\xe6I\x98\xaf\x82\x12\xdf\x17\xaeN\x1e'
11E8E149-C7E6-4998-AF82-12DF17AE4E1E,2016-ncaa-d1-natl,ncaa,163,156,142,162,174,189,177,133,257,180,156,231,189,139,271,158,188,183,216,184,196,139,126,261,261,257,189,177,181,136,182,186,320,163,267,222,241,260,230,261,130,164,334,345,,,290,239,,,232,122,68,149,187,181,101,178,138,187,136,190,180,182,107,71,130,187,152,229,263,117,336,,299,,,232,219,250,252,194,314,321,170,27,30,81,14,201,274,9,272,149,257,263,126,101,119,16,13,192,327,320,253,182,305,267,133,62,126,178,118,186,158,33,29,,,218,274,,,232,230,251,171,234,229,263,293,316,343,29,26,214,281,281,302,317,332,262,312,144,124,199,40,,219,,,b'\x11\xe8\xe1I\xc7\xe6I\x98\xaf\x82\x12\xdf\x17\xaeN\x1e'
11E8E149-C7E6-4998-AF82-12DF17AE4E1E,2017-ncaa-d0-natl,ncaa,237,247,168,250,168,273,270,121,343,252,117,341,225,175,307,197,252,130,344,133,192,117,76,340,345,342,181,173,161,8,12,137,262,40,87,302,286,329,296,328,61,56,252,259,,,259,252,,,244,168,180,1,301,294,56,263,80,222,164,257,109,111,62,16,3,109,6,311,329,50,256,,285,,,243,78,62,156,41,86,166,61,87,144,48,146,234,291,13,295,286,181,203,37,36,30,213,118,282,292,262,238,12,271,87,83,180,99,96,60,297,255,86,69,,,159,268,,,244,182,318,54,239,99,84,170,99,178,96,162,243,301,307,217,276,305,255,290,103,66,298,97,,135,,,b'\x11\xe8\xe1I\xc7\xe6I\x98\xaf\x82\x12\xdf\x17\xaeN\x1e'
11E8E149-C7E6-4998-AF82-12DF17AE4E1E,2017-ncaa-d1-conf-MEAC,ncaa,4,4,1,4,1,6,5,2,10,5,2,11,2,3,2,6,6,4,13,4,7,2,1,8,10,10,5,2,10,1,1,2,4,1,1,6,4,13,11,8,4,4,8,10,,,10,6,,,6,3,8,2,6,6,5,8,3,2,4,11,7,7,3,3,1,3,1,6,12,4,10,,5,,,6,9,9,12,4,9,10,5,9,13,3,10,8,9,2,8,7,12,11,3,3,5,8,6,7,9,4,10,1,10,1,9,8,7,9,10,10,8,2,2,,,4,10,,,6,11,8,4,6,5,6,7,6,5,6,10,6,8,7,8,7,6,6,5,7,9,8,2,,5,,,b'\x11\xe8\xe1I\xc7\xe6I\x98\xaf\x82\x12\xdf\x17\xaeN\x1e'
11E8E149-C7E6-4998-AF82-12DF17AE4E1E,2017-ncaa-d1-natl,ncaa,215,247,98,236,98,247,235,67,344,214,64,340,224,150,327,202,229,115,344,117,219,63,30,343,345,343,208,197,178,3,10,95,258,18,83,302,309,339,298,335,43,56,245,262,,,305,255,,,246,78,165,1,297,278,43,241,61,235,164,260,117,125,44,12,3,105,4,323,330,43,254,,291,,,245,140,109,213,44,139,230,62,96,173,45,125,268,317,7,320,292,257,282,39,34,31,191,101,282,316,258,291,10,319,83,96,147,62,85,47,325,267,93,56,,,114,276,,,246,270,321,48,243,105,90,176,114,203,85,142,254,312,313,231,297,303,262,293,93,57,307,89,,130,,,b'\x11\xe8\xe1I\xc7\xe6I\x98\xaf\x82\x12\xdf\x17\xaeN\x1e'
11E8E149-C7E6-4998-AF82-12DF17AE4E1E,2018-ncaa-d0-natl,ncaa,293,326,117,310,139,227,244,80,346,243,89,346,201,113,322,168,152,76,327,76,137,72,49,344,345,337,130,166,81,16,71,234,330,86,260,252,230,310,225,306,97,123,201,223,,,221,127,,,308,79,60,217,285,297,54,282,98,213,111,164,87,89,50,22,8,274,77,297,289,92,211,,209,,,303,273,274,246,249,261,234,241,240,223,241,172,191,257,12,249,207,254,290,254,221,147,151,197,126,334,330,323,71,338,260,273,217,47,80,125,286,215,286,232,,,77,176,,,308,263,319,203,303,257,264,240,253,226,234,211,187,241,237,256,312,330,324,336,267,43,279,278,,75,,,b'\x11\xe8\xe1I\xc7\xe6I\x98\xaf\x82\x12\xdf\x17\xaeN\x1e'
11E8E149-C7E6-4998-AF82-12DF17AE4E1E,2018-ncaa-d1-conf-MEAC,ncaa,10,12,1,10,1,6,10,2,13,12,4,13,2,1,9,3,4,2,9,2,5,2,2,13,13,11,1,2,3,1,3,8,10,2,10,9,10,7,4,10,7,9,9,11,,,5,3,,,12,3,10,9,11,12,5,13,9,2,2,7,6,6,3,4,1,12,6,11,5,10,10,,3,,,11,12,12,11,12,13,12,12,10,8,12,6,4,5,5,5,2,11,12,12,12,12,5,10,1,9,10,13,3,13,10,12,4,5,5,7,6,5,12,10,,,2,5,,,12,11,10,11,11,9,12,8,10,8,10,6,2,3,3,7,6,8,13,10,8,6,5,10,,4,,,b'\x11\xe8\xe1I\xc7\xe6I\x98\xaf\x82\x12\xdf\x17\xaeN\x1e'
11E8E149-C7E6-4998-AF82-12DF17AE4E1E,2018-ncaa-d1-natl,ncaa,289,325,97,306,119,240,255,67,346,246,73,347,199,114,314,173,164,84,330,82,154,64,45,345,344,339,135,160,95,16,74,215,331,70,262,260,251,317,232,313,89,123,175,210,,,223,112,,,306,70,60,223,286,297,54,281,94,208,117,178,98,99,52,23,10,271,74,304,289,93,191,,200,,,297,276,277,261,250,274,247,245,228,217,227,172,180,255,7,251,202,271,301,247,208,129,134,189,112,335,331,334,74,343,262,272,198,44,71,106,311,225,286,222,,,79,192,,,306,276,320,196,297,241,257,236,250,230,218,200,172,238,230,253,309,330,326,336,244,42,289,275,,83,,,b'\x11\xe8\xe1I\xc7\xe6I\x98\xaf\x82\x12\xdf\x17\xaeN\x1e'
11E8E149-C7E6-4998-AF82-12DF17AE4E1E,2019-ncaa-d0-natl,ncaa,342,335,292,343,300,348,348,306,348,330,248,348,327,293,340,236,321,256,340,261,203,310,261,349,350,350,238,247,116,203,228,258,332,243,306,349,345,340,348,351,203,199,293,306,,,232,269,,,342,275,76,160,348,345,264,316,168,319,255,304,207,213,273,90,136,172,148,351,348,154,281,,313,,,342,108,99,120,122,152,174,135,41,65,52,63,252,281,57,285,275,147,153,95,99,101,120,47,291,313,332,212,228,283,306,115,155,170,157,128,348,345,285,317,,,308,298,,,342,82,349,183,341,241,215,273,259,299,75,134,302,318,319,320,319,345,316,340,185,87,347,320,,271,,,b'\x11\xe8\xe1I\xc7\xe6I\x98\xaf\x82\x12\xdf\x17\xaeN\x1e'
11E8E149-C7E6-4998-AF82-12DF17AE4E1E,2019-ncaa-d1-conf-MEAC,ncaa,12,12,9,12,10,12,12,12,12,12,8,12,11,10,11,7,10,9,9,10,8,11,9,12,12,12,8,9,5,10,11,8,9,9,9,12,10,12,12,12,8,7,11,11,,,10,9,,,12,9,3,2,12,12,8,11,6,11,7,9,9,9,9,5,7,6,6,12,12,7,11,,10,,,12,7,6,5,6,10,8,7,2,3,4,2,8,8,6,8,6,6,7,6,6,5,2,2,8,10,9,8,11,9,9,5,3,8,8,7,12,12,10,11,,,10,11,,,12,5,12,8,11,7,8,9,11,12,2,3,8,8,8,10,10,11,11,11,7,6,12,11,,8,,,b'\x11\xe8\xe1I\xc7\xe6I\x98\xaf\x82\x12\xdf\x17\xaeN\x1e'
11E8E149-C7E6-4998-AF82-12DF17AE4E1E,2019-ncaa-d1-natl,ncaa,341,334,314,341,319,348,347,323,348,326,261,341,332,299,343,242,301,248,336,248,176,323,255,348,350,350,244,263,79,215,232,242,330,239,305,351,347,342,348,351,216,211,301,312,,,245,285,,,343,254,74,158,347,345,292,311,177,327,268,278,180,182,281,91,146,159,146,351,348,165,288,,319,,,344,117,104,125,125,172,201,124,32,49,62,40,261,292,47,291,271,171,157,88,98,116,102,35,291,331,330,200,232,291,305,107,141,188,180,139,348,349,280,315,,,301,285,,,343,100,349,199,343,249,232,286,273,320,75,112,302,322,322,326,323,345,310,338,183,100,347,317,,261,,,b'\x11\xe8\xe1I\xc7\xe6I\x98\xaf\x82\x12\xdf\x17\xaeN\x1e'
11E8E149-C7E6-4998-AF82-12DF17AE4E1E,2020-ncaa-d0-natl,ncaa,328,289,348,328,351,351,349,344,344,340,318,317,313,252,347,156,298,194,350,195,46,335,279,342,345,349,180,214,75,103,57,312,289,247,165,345,287,340,351,350,228,180,316,317,,,272,332,,,316,316,25,167,327,333,199,292,215,273,153,208,53,55,149,11,17,149,31,329,351,135,277,,347,,,327,49,51,22,246,161,156,182,5,2,175,2,212,322,1,318,310,39,39,168,134,119,21,8,300,193,289,41,57,71,165,45,98,187,118,74,337,348,82,196,,,248,154,,,316,35,348,157,322,267,265,228,319,341,23,15,320,350,350,313,329,320,247,302,167,54,350,185,,47,,,b'\x11\xe8\xe1I\xc7\xe6I\x98\xaf\x82\x12\xdf\x17\xaeN\x1e'
11E8E149-C7E6-4998-AF82-12DF17AE4E1E,2020-ncaa-d1-conf-MEAC,ncaa,9,9,11,9,11,9,9,9,10,10,10,9,8,5,10,3,9,6,9,6,3,9,7,9,10,11,5,5,5,4,2,7,5,5,2,9,4,10,11,10,8,7,9,10,,,9,11,,,9,9,3,4,9,9,8,9,8,7,3,6,5,5,8,3,3,5,3,8,11,7,8,,11,,,9,5,5,3,9,9,8,8,1,1,3,1,8,10,1,10,9,4,1,7,7,7,2,1,8,2,5,1,2,1,2,5,6,10,7,6,10,11,3,7,,,5,4,,,9,3,9,7,9,6,7,6,10,10,2,1,11,11,11,9,9,5,5,5,6,6,11,5,,3,,,b'\x11\xe8\xe1I\xc7\xe6I\x98\xaf\x82\x12\xdf\x17\xaeN\x1e'
11E8E149-C7E6-4998-AF82-12DF17AE4E1E,2020-ncaa-d1-natl,ncaa,321,289,341,320,344,333,338,304,340,315,286,298,289,193,344,151,255,107,350,114,43,286,182,338,339,346,176,205,75,24,17,286,266,154,107,339,293,345,344,347,154,128,303,314,,,313,335,,,285,273,27,169,281,294,135,257,192,251,123,168,30,34,87,8,5,142,17,319,351,93,281,,345,,,291,79,82,35,232,201,185,200,5,4,118,6,247,335,1,335,321,73,87,158,132,100,30,8,301,211,266,68,17,103,107,54,78,138,96,57,338,341,82,147,,,176,156,,,285,68,336,123,292,248,236,190,314,327,21,22,316,349,348,289,327,303,219,268,121,50,347,149,,39,,,b'\x11\xe8\xe1I\xc7\xe6I\x98\xaf\x82\x12\xdf\x17\xaeN\x1e'
11E8E149-C7E6-4998-AF82-12DF17AE4E1E,2022-ncaa-d0-natl,ncaa,336,338,260,342,285,323,338,282,351,334,265,352,269,243,303,182,209,178,288,182,80,270,236,351,345,349,83,168,34,134,99,289,327,248,247,337,294,320,343,352,304,307,354,355,,,228,273,,,351,253,106,193,335,351,260,342,223,252,199,161,116,120,233,83,80,272,174,347,344,288,352,,304,,,350,260,252,136,335,276,159,330,138,116,233,112,281,319,20,317,313,178,123,321,313,339,113,93,248,270,327,111,99,160,247,271,223,312,311,331,323,343,178,252,,,179,118,,,351,103,347,350,351,337,331,267,337,277,193,183,318,339,339,310,280,322,214,275,317,285,343,241,,82,,,b'\x11\xe8\xe1I\xc7\xe6I\x98\xaf\x82\x12\xdf\x17\xaeN\x1e'
11E8E149-C7E6-4998-AF82-12DF17AE4E1E,2022-ncaa-d1-conf-SWAC,ncaa,10,10,9,10,10,11,11,11,12,11,11,12,9,8,8,5,8,10,9,10,4,11,11,12,11,12,1,5,1,7,5,11,11,10,8,11,10,8,11,12,11,12,12,12,,,7,9,,,12,11,9,6,11,11,11,11,11,7,6,7,9,9,11,9,6,9,8,11,9,11,12,,9,,,12,6,8,4,11,10,5,11,3,3,7,5,8,7,6,7,8,4,2,11,11,12,3,4,7,7,11,3,5,3,8,7,8,11,12,12,9,11,6,10,,,9,3,,,12,2,11,12,12,11,11,7,11,9,6,4,10,10,10,9,6,9,7,8,9,12,10,8,,5,,,b'\x11\xe8\xe1I\xc7\xe6I\x98\xaf\x82\x12\xdf\x17\xaeN\x1e'
11E8E149-C7E6-4998-AF82-12DF17AE4E1E,2022-ncaa-d1-natl,ncaa,345,344,270,348,295,331,346,294,353,345,279,354,263,232,308,172,214,184,280,185,80,284,229,351,348,349,73,155,35,132,108,302,331,251,262,344,291,327,344,353,318,319,353,354,,,238,269,,,351,254,104,196,338,350,268,347,236,247,186,165,127,133,243,83,78,284,180,350,347,303,352,,302,,,350,273,271,145,342,289,171,338,151,121,251,107,283,321,19,321,312,180,130,329,319,344,108,91,238,283,331,113,108,178,262,281,214,307,311,331,331,345,174,247,,,186,133,,,351,99,350,351,351,341,337,266,340,283,200,174,316,340,340,319,285,325,219,281,320,280,346,230,,98,,,b'\x11\xe8\xe1I\xc7\xe6I\x98\xaf\x82\x12\xdf\x17\xaeN\x1e'
11E8E149-C7E6-4998-AF82-12DF17AE4E1E,2023-ncaa-d0-natl,ncaa,339,328,290,343,297,314,286,279,272,234,197,261,315,294,316,265,302,243,350,240,248,277,219,288,311,338,303,279,220,177,158,327,351,297,294,283,225,323,339,325,66,43,143,134,,,246,279,,,334,242,53,88,292,255,172,174,107,303,267,282,189,185,184,67,124,312,249,254,346,25,105,,327,,,333,193,174,90,284,234,171,265,58,44,174,41,295,324,32,321,317,133,165,257,268,207,98,32,309,297,351,104,158,192,294,136,129,116,85,83,328,339,179,178,,,326,345,,,334,132,336,261,329,306,279,218,325,294,96,76,339,351,350,296,335,342,238,307,222,47,348,231,,308,,,b'\x11\xe8\xe1I\xc7\xe6I\x98\xaf\x82\x12\xdf\x17\xaeN\x1e'
11E8E149-C7E6-4998-AF82-12DF17AE4E1E,2023-ncaa-d1-conf-SWAC,ncaa,10,10,9,10,10,11,7,7,7,8,7,5,8,5,9,5,11,12,9,12,12,11,10,8,10,11,10,4,12,3,4,12,11,9,10,5,4,7,10,6,1,1,8,6,,,7,6,,,10,11,6,4,10,6,2,7,6,7,4,11,12,12,6,5,2,10,6,4,10,1,7,,7,,,10,7,7,4,10,7,4,10,5,6,5,9,8,7,9,7,6,4,5,10,10,8,7,4,6,10,11,5,4,9,10,9,7,6,5,5,9,11,4,4,,,12,12,,,10,2,11,9,10,9,9,6,8,7,6,10,10,7,7,7,9,11,8,11,9,3,10,5,,12,,,b'\x11\xe8\xe1I\xc7\xe6I\x98\xaf\x82\x12\xdf\x17\xaeN\x1e'
11E8E149-C7E6-4998-AF82-12DF17AE4E1E,2023-ncaa-d1-natl,ncaa,337,328,310,338,312,314,289,286,271,231,192,266,312,295,312,266,310,244,351,240,251,282,207,293,315,340,302,276,224,173,156,332,354,298,298,287,230,336,344,329,64,48,148,147,,,272,286,,,339,219,53,41,294,256,178,183,111,299,268,289,191,186,188,62,121,310,247,259,353,24,117,,332,,,341,214,197,100,299,265,195,273,54,41,176,36,300,333,33,332,318,159,183,262,277,227,87,30,311,309,354,106,156,205,298,150,125,111,96,92,338,343,185,185,,,327,344,,,339,151,338,278,334,317,297,238,333,310,95,77,340,352,351,318,340,345,228,311,230,47,350,236,,305,,,b'\x11\xe8\xe1I\xc7\xe6I\x98\xaf\x82\x12\xdf\x17\xaeN\x1e'
11E8E149-C7E6-4998-AF82-12DF17AE4E1E,2024-ncaa-d0-natl,ncaa,286,297,196,295,197,254,251,220,282,208,138,305,293,303,241,298,155,176,127,176,201,207,154,294,280,315,245,281,61,148,128,294,356,254,300,321,341,348,338,349,95,118,274,291,,,344,340,,,312,158,99,26,263,269,227,205,107,295,301,131,150,148,216,88,130,316,258,339,347,79,274,,346,,,311,248,164,140,227,218,194,204,101,86,213,55,352,351,152,350,341,212,250,196,253,190,238,54,350,343,356,112,128,251,300,177,190,70,80,97,287,279,240,223,,,98,71,,,312,206,316,270,305,289,210,177,252,255,109,89,353,351,351,276,323,348,155,288,197,43,300,267,,48,,,b'\x11\xe8\xe1I\xc7\xe6I\x98\xaf\x82\x12\xdf\x17\xaeN\x1e'
11E8E149-C7E6-4998-AF82-12DF17AE4E1E,2024-ncaa-d1-conf-SWAC,ncaa,7,6,5,7,5,7,6,5,9,7,6,8,6,8,6,6,9,11,1,11,12,8,7,8,7,8,11,8,11,5,4,6,10,6,6,11,12,8,9,11,6,8,11,12,,,6,5,,,8,6,7,1,8,6,6,8,6,7,8,10,11,11,8,8,6,9,7,11,9,7,11,,6,,,8,8,11,7,10,10,9,9,6,6,8,5,6,6,9,6,6,7,7,10,9,9,3,5,5,10,10,4,4,7,6,10,7,6,7,8,6,7,11,9,,,8,8,,,8,7,7,9,8,9,10,6,10,9,6,6,7,6,6,7,7,10,5,7,10,7,5,9,,8,,,b'\x11\xe8\xe1I\xc7\xe6I\x98\xaf\x82\x12\xdf\x17\xaeN\x1e'
11E8E149-C7E6-4998-AF82-12DF17AE4E1E,2024-ncaa-d1-natl,ncaa,298,296,254,301,259,301,300,275,300,260,179,321,309,317,249,301,176,206,119,206,204,273,216,311,292,328,243,281,52,181,136,323,358,297,313,345,347,339,345,357,120,128,294,302,,,333,344,,,326,216,102,24,277,292,239,219,109,302,305,135,154,153,226,93,142,323,273,349,349,90,286,,349,,,327,233,139,95,247,191,157,214,84,63,222,55,350,350,158,348,344,175,213,218,263,223,237,55,353,339,358,83,136,215,313,164,193,92,95,116,275,290,229,234,,,123,63,,,326,155,329,284,319,299,220,181,261,262,116,90,356,353,353,285,323,352,162,293,218,50,306,274,,46,,,b'\x11\xe8\xe1I\xc7\xe6I\x98\xaf\x82\x12\xdf\x17\xaeN\x1e'
11E8E149-C7E6-4998-AF82-12DF17AE4E1E,2025-ncaa-d0-natl,genius_ncaa,296,292,248,301,249,230,212,233,186,157,109,239,303,334,163,335,194,137,318,133,176,214,155,228,235,296,307,313,124,48,7,268,160,156,23,299,339,343,345,346,141,110,126,108,,,314,350,,191,218,213,110,15,194,174,165,98,61,303,332,138,83,80,140,33,18,231,64,299,354,106,98,,347,,245,220,147,65,60,190,91,144,103,69,22,334,21,351,347,231,346,351,101,139,182,254,201,281,62,356,86,160,8,7,10,23,10,9,138,97,22,304,292,62,43,,,212,256,,121,218,156,248,179,216,231,121,88,148,220,98,32,355,353,353,189,250,131,17,34,17,84,331,98,,154,,96,b'\x11\xe8\xe1I\xc7\xe6I\x98\xaf\x82\x12\xdf\x17\xaeN\x1e'
11E8E149-C7E6-4998-AF82-12DF17AE4E1E,2025-ncaa-d1-conf-SWAC,genius_ncaa,10,8,7,10,7,7,4,6,3,4,5,4,4,8,2,8,10,10,6,10,10,6,7,2,4,6,8,4,11,2,1,5,1,2,1,5,10,10,9,8,7,6,2,2,,,8,8,,10,6,9,8,1,4,2,4,3,2,4,8,11,9,9,4,4,2,4,2,4,10,8,2,,8,,11,6,7,3,4,5,3,6,3,8,2,11,5,8,7,12,8,7,5,3,6,9,10,10,9,9,1,1,1,1,1,1,1,1,9,7,2,5,7,3,4,,,10,12,,9,6,4,4,7,6,8,5,3,3,7,9,3,10,8,9,4,4,2,1,1,1,8,7,5,,12,,9,b'\x11\xe8\xe1I\xc7\xe6I\x98\xaf\x82\x12\xdf\x17\xaeN\x1e'
11E8E149-C7E6-4998-AF82-12DF17AE4E1E,2025-ncaa-d1-natl,genius_ncaa,301,292,244,308,246,215,200,222,177,132,92,232,313,338,175,338,163,123,302,122,187,207,127,225,229,289,318,323,112,35,5,257,157,135,16,309,349,350,345,348,102,86,105,97,,,318,346,,207,212,185,86,14,177,153,148,73,43,313,335,115,74,76,119,24,16,222,48,310,356,73,88,,348,,253,214,157,66,59,183,96,159,91,70,23,326,21,349,348,228,347,351,115,160,161,233,177,281,61,356,92,157,6,5,12,16,8,9,101,88,18,318,299,59,31,,,201,263,,116,212,178,238,154,210,226,114,99,146,232,100,33,355,352,353,195,274,144,17,35,14,77,336,86,,148,,88,b'\x11\xe8\xe1I\xc7\xe6I\x98\xaf\x82\x12\xdf\x17\xaeN\x1e'
11E8E149-C7E6-4998-AF82-12DF17AE4E1E,2026-ncaa-d0-natl,genius_ncaa,332,329,206,332,216,299,272,203,347,199,118,333,353,307,363,337,262,198,339,191,288,196,197,355,357,353,355,359,117,134,189,256,318,212,307,337,353,257,265,350,312,344,216,248,,,255,308,,153,355,207,46,97,323,299,95,172,24,358,322,250,172,169,102,40,70,250,144,352,312,330,215,,333,,193,351,299,259,171,316,258,186,280,247,161,324,105,344,346,170,351,341,211,166,319,326,338,251,142,321,282,318,250,189,268,307,223,127,280,323,302,299,303,321,293,,,218,245,,205,355,158,345,347,350,353,335,298,321,301,302,208,358,358,358,349,326,326,347,342,276,286,322,338,,167,,207,b'\x11\xe8\xe1I\xc7\xe6I\x98\xaf\x82\x12\xdf\x17\xaeN\x1e'
11E8E149-C7E6-4998-AF82-12DF17AE4E1E,2026-ncaa-d1-natl,genius_ncaa,354,327,271,354,286,354,343,281,357,284,174,348,363,345,363,339,310,268,339,262,297,282,272,360,362,361,358,360,101,198,226,324,338,303,336,359,358,201,289,360,354,352,265,268,,,213,314,,125,357,282,52,100,351,327,118,212,29,362,328,264,183,182,134,53,86,280,178,360,318,348,227,,338,,206,360,265,219,108,338,214,132,310,218,101,337,99,332,333,182,339,346,157,97,338,342,354,253,147,320,245,338,206,226,225,336,191,128,336,338,322,265,320,314,310,,,278,234,,227,357,80,359,356,360,359,347,310,333,313,317,215,360,359,359,355,328,333,353,351,304,302,335,350,,167,,197,b'\x11\xe8\xe1I\xc7\xe6I\x98\xaf\x82\x12\xdf\x17\xaeN\x1e'
11E8E149-C7EA-8B20-AF82-12DF17AE4E1E,2010-ncaa-d0-natl,ncaa,8,13,12,14,18,14,16,26,24,26,31,42,50,104,12,216,11,16,80,15,90,23,16,23,21,34,151,171,144,31,24,16,124,16,19,11,94,330,192,88,83,185,33,59,,,310,134,,,19,14,56,264,21,28,104,48,116,88,177,35,55,53,75,52,95,41,36,28,240,151,55,,188,,,19,291,270,332,24,258,312,43,256,316,31,252,265,251,235,253,134,331,335,21,24,27,207,201,195,321,124,150,24,251,19,287,237,27,131,109,238,87,89,27,,,10,90,,,19,332,31,34,23,103,87,261,99,206,170,267,149,136,137,237,270,236,21,58,162,97,124,42,,53,,,b'\x11\xe8\xe1I\xc7\xea\x8b \xaf\x82\x12\xdf\x17\xaeN\x1e'
11E8E149-C7EA-8B20-AF82-12DF17AE4E1E,2010-ncaa-d1-conf-ACC,ncaa,2,2,7,2,11,4,3,10,1,6,11,2,1,6,1,5,5,9,4,9,4,10,9,1,1,1,3,1,6,10,6,4,1,8,2,3,5,7,8,3,9,8,9,9,,,2,3,,,2,8,2,8,1,1,5,5,9,1,3,3,5,5,5,5,9,1,4,2,10,8,9,,4,,,2,2,2,5,2,3,2,5,3,7,2,10,2,1,8,1,3,3,3,2,2,2,6,8,6,1,1,1,6,1,2,6,9,7,7,6,6,6,1,2,,,6,2,,,2,5,1,2,2,3,3,8,4,5,5,10,3,2,1,7,9,2,4,2,8,7,7,1,,3,,,b'\x11\xe8\xe1I\xc7\xea\x8b \xaf\x82\x12\xdf\x17\xaeN\x1e'
11E8E149-C7EA-8B20-AF82-12DF17AE4E1E,2010-ncaa-d1-natl,ncaa,8,13,12,14,20,14,17,29,24,26,33,45,54,109,12,216,12,20,81,20,90,25,16,23,22,34,149,170,142,33,24,16,127,16,20,13,98,324,194,88,89,189,35,59,,,305,133,,,19,15,58,265,23,28,108,49,120,89,178,35,54,53,80,53,98,43,38,28,240,161,54,,186,,,19,286,266,330,29,252,309,46,247,309,30,251,256,242,239,244,136,329,333,24,27,31,204,201,193,320,127,137,24,236,20,283,237,28,138,121,230,87,86,28,,,10,88,,,19,331,32,36,23,106,90,262,103,208,171,266,150,138,139,239,270,238,20,62,170,103,123,43,,54,,,b'\x11\xe8\xe1I\xc7\xea\x8b \xaf\x82\x12\xdf\x17\xaeN\x1e'
11E8E149-C7EA-8B20-AF82-12DF17AE4E1E,2010-ncaa-d1-ncaatournament,ncaa,5,2,5,5,5,7,7,6,25,9,8,27,9,7,24,40,8,11,9,11,33,7,6,27,19,27,34,37,27,5,12,7,55,7,37,6,19,61,40,28,13,48,4,19,,,62,40,,,51,6,34,7,22,23,31,24,27,36,37,21,28,30,28,21,23,51,35,17,44,47,17,,44,,,32,62,61,60,31,61,60,34,55,55,30,22,63,63,40,62,39,60,60,28,32,33,30,24,42,61,55,58,12,60,37,64,46,7,35,38,50,12,59,38,,,6,22,,,51,59,21,42,30,43,36,47,40,45,25,25,44,41,41,44,48,52,11,31,49,28,12,43,,16,,,b'\x11\xe8\xe1I\xc7\xea\x8b \xaf\x82\x12\xdf\x17\xaeN\x1e'
11E8E149-C7EA-8B20-AF82-12DF17AE4E1E,2011-ncaa-d0-natl,ncaa,30,24,77,28,114,39,50,87,29,48,70,54,130,211,18,260,20,17,128,20,44,69,56,35,32,45,182,234,63,61,29,31,59,36,14,99,250,274,177,165,187,249,183,229,,,248,157,,,35,58,49,257,28,41,127,39,92,151,238,19,14,17,66,56,80,20,21,120,229,220,204,,205,,,33,240,243,293,86,224,289,72,239,242,193,181,163,198,51,197,129,294,286,91,75,110,180,220,117,206,59,62,29,103,14,143,55,126,211,123,136,69,258,167,,,34,66,,,35,291,33,87,31,170,190,275,175,269,218,219,139,168,168,269,269,159,28,50,111,157,111,225,,26,,,b'\x11\xe8\xe1I\xc7\xea\x8b \xaf\x82\x12\xdf\x17\xaeN\x1e'
11E8E149-C7EA-8B20-AF82-12DF17AE4E1E,2011-ncaa-d1-conf-ACC,ncaa,3,3,9,3,12,6,8,10,3,9,11,7,5,9,1,6,1,1,2,1,1,10,10,3,1,1,1,6,1,10,6,6,3,7,5,9,8,2,6,6,11,11,12,12,,,2,6,,,5,9,4,9,3,7,10,8,9,4,7,1,1,1,7,5,9,4,5,8,6,11,11,,6,,,4,4,4,6,4,3,7,4,9,7,10,8,4,2,12,3,3,6,3,5,5,7,8,8,6,3,3,2,6,2,5,1,1,10,10,6,1,1,8,10,,,5,2,,,5,4,2,7,4,7,8,8,6,9,10,8,7,5,6,8,8,6,5,5,2,10,1,9,,2,,,b'\x11\xe8\xe1I\xc7\xea\x8b \xaf\x82\x12\xdf\x17\xaeN\x1e'
11E8E149-C7EA-8B20-AF82-12DF17AE4E1E,2011-ncaa-d1-natl,ncaa,34,23,95,30,128,43,54,104,29,51,79,56,136,217,18,260,22,19,128,22,45,79,67,36,32,47,180,235,61,71,30,37,62,41,15,111,252,264,181,174,205,250,195,232,,,232,158,,,39,69,48,260,30,42,128,40,96,151,237,19,14,17,68,58,82,21,22,123,231,228,208,,208,,,34,226,228,288,88,210,280,80,229,230,196,179,156,186,54,186,126,286,278,97,79,116,178,217,116,196,62,44,30,76,15,128,57,148,217,133,123,70,253,172,,,38,59,,,39,281,34,96,34,177,196,276,178,273,218,220,138,168,167,269,271,161,29,48,113,167,110,228,,26,,,b'\x11\xe8\xe1I\xc7\xea\x8b \xaf\x82\x12\xdf\x17\xaeN\x1e'
11E8E149-C7EA-8B20-AF82-12DF17AE4E1E,2011-ncaa-d1-ncaatournament,ncaa,17,2,17,17,18,24,28,28,28,30,29,35,19,27,5,47,19,15,51,15,8,25,24,25,25,25,12,21,15,17,1,15,8,15,2,21,11,44,41,27,36,48,42,47,,,37,38,,,8,28,45,3,26,37,46,38,40,19,42,10,6,6,27,25,8,2,3,22,44,45,46,,28,,,5,33,33,41,1,26,40,2,44,43,32,51,28,28,16,28,19,40,36,3,4,6,55,58,26,37,8,32,1,34,2,20,9,29,46,14,35,17,7,5,,,18,9,,,8,34,15,4,5,4,4,34,3,20,47,44,14,17,17,26,19,19,4,6,3,47,17,4,,6,,,b'\x11\xe8\xe1I\xc7\xea\x8b \xaf\x82\x12\xdf\x17\xaeN\x1e'
11E8E149-C7EA-8B20-AF82-12DF17AE4E1E,2012-ncaa-d0-natl,ncaa,171,202,120,193,144,100,84,204,11,36,100,12,283,306,143,308,74,67,196,65,106,170,120,20,25,78,312,322,129,136,35,69,199,86,34,135,264,327,302,253,320,339,109,161,,,128,59,,,110,119,115,175,76,53,244,22,109,292,312,64,55,54,205,123,141,49,74,138,311,328,109,,107,,,108,212,256,304,104,274,316,77,174,173,188,107,82,85,120,86,21,285,240,95,67,148,57,151,47,281,199,9,35,63,34,161,62,253,309,237,218,189,123,77,,,61,58,,,110,223,82,181,115,205,252,325,272,327,170,170,70,81,76,301,254,280,9,49,153,281,207,112,,45,,,b'\x11\xe8\xe1I\xc7\xea\x8b \xaf\x82\x12\xdf\x17\xaeN\x1e'
11E8E149-C7EA-8B20-AF82-12DF17AE4E1E,2012-ncaa-d1-conf-ACC,ncaa,9,8,7,9,9,9,8,11,2,5,9,2,11,12,5,11,6,9,6,9,3,10,9,2,2,5,11,12,4,10,3,6,1,8,2,10,12,10,11,11,12,12,7,6,,,1,1,,,7,10,8,8,6,6,11,3,9,11,12,5,7,7,10,8,10,2,6,9,11,12,6,,1,,,7,5,7,7,7,7,8,6,5,4,10,5,1,1,7,1,1,6,3,7,6,10,3,7,1,2,1,1,3,1,2,5,4,11,10,10,8,10,2,3,,,7,1,,,7,3,6,9,7,8,10,11,9,11,9,5,2,1,1,8,4,4,1,1,8,10,10,2,,4,,,b'\x11\xe8\xe1I\xc7\xea\x8b \xaf\x82\x12\xdf\x17\xaeN\x1e'
11E8E149-C7EA-8B20-AF82-12DF17AE4E1E,2012-ncaa-d1-natl,ncaa,186,201,137,201,167,113,90,230,11,38,114,12,289,311,145,306,80,79,196,77,105,203,141,22,25,80,311,321,124,152,38,83,206,104,36,153,267,319,301,258,328,340,117,165,,,102,62,,,117,146,119,164,81,62,250,22,115,293,312,65,56,54,216,129,149,51,83,150,313,331,110,,109,,,113,197,244,296,115,258,314,82,159,156,189,108,71,72,125,70,23,276,219,100,73,154,55,148,47,273,206,2,38,43,36,146,64,270,313,245,200,195,118,82,,,70,53,,,117,194,84,190,119,212,257,325,272,326,172,170,73,81,77,304,252,279,9,51,160,282,205,113,,44,,,b'\x11\xe8\xe1I\xc7\xea\x8b \xaf\x82\x12\xdf\x17\xaeN\x1e'
11E8E149-C7EA-8B20-AF82-12DF17AE4E1E,2013-ncaa-d0-natl,ncaa,50,54,41,56,66,15,14,37,9,10,10,28,245,304,26,334,15,21,110,18,178,30,29,29,27,21,327,324,146,96,104,91,310,85,186,27,191,208,79,49,47,109,113,206,,,100,13,,,36,19,19,267,10,8,46,4,7,274,322,24,31,27,31,42,151,173,164,31,132,66,136,,47,,,36,310,336,332,237,341,337,219,195,204,158,93,40,55,19,55,12,323,331,206,127,92,9,112,7,341,310,177,104,297,186,333,209,24,87,164,101,37,139,23,,,44,161,,,36,323,27,136,45,244,312,330,320,338,156,158,22,40,39,315,337,330,78,217,299,43,70,104,,70,,,b'\x11\xe8\xe1I\xc7\xea\x8b \xaf\x82\x12\xdf\x17\xaeN\x1e'
11E8E149-C7EA-8B20-AF82-12DF17AE4E1E,2013-ncaa-d1-conf-ACC,ncaa,4,4,3,4,6,3,3,6,3,2,1,3,10,10,6,11,2,2,5,2,3,4,8,3,3,3,10,12,4,8,9,6,11,7,10,6,11,1,1,3,4,7,5,9,,,1,1,,,4,4,3,6,3,3,6,2,2,10,10,2,2,2,3,8,8,6,7,6,1,4,5,,2,,,4,10,12,12,9,12,11,8,8,8,8,8,1,3,2,3,1,12,10,8,7,7,2,7,1,12,11,8,9,11,10,12,9,4,6,10,2,1,4,2,,,2,3,,,4,9,3,9,5,9,12,12,12,11,9,9,2,3,3,12,12,12,6,12,12,4,1,3,,2,,,b'\x11\xe8\xe1I\xc7\xea\x8b \xaf\x82\x12\xdf\x17\xaeN\x1e'
11E8E149-C7EA-8B20-AF82-12DF17AE4E1E,2013-ncaa-d1-natl,ncaa,56,54,49,56,74,16,14,42,8,10,11,28,252,309,25,333,19,25,109,21,179,31,31,29,27,22,327,323,139,108,108,102,315,99,190,30,197,192,79,51,50,117,115,211,,,88,14,,,37,20,21,267,10,8,49,4,7,275,322,26,32,28,33,44,151,180,171,32,131,73,139,,46,,,36,308,334,329,243,340,336,223,187,196,161,92,37,50,21,50,11,319,328,208,130,98,9,111,7,341,315,160,108,290,190,332,209,30,94,173,93,39,136,23,,,51,151,,,37,319,27,145,45,249,314,331,321,338,158,155,22,40,39,315,337,330,78,219,301,46,69,103,,71,,,b'\x11\xe8\xe1I\xc7\xea\x8b \xaf\x82\x12\xdf\x17\xaeN\x1e'
11E8E149-C7EA-8B20-AF82-12DF17AE4E1E,2013-ncaa-d1-ncaatournament,ncaa,17,2,17,17,19,29,27,22,38,24,19,45,47,57,28,62,35,32,33,32,57,24,28,43,45,45,63,55,42,45,59,29,59,31,61,19,9,30,18,13,13,22,27,41,,,34,6,,,54,23,31,7,44,34,35,21,6,57,63,46,46,46,42,48,57,42,55,14,9,20,33,,8,,,39,43,47,45,31,47,46,31,37,38,33,32,13,22,1,20,8,40,44,30,18,14,13,34,4,50,59,51,59,52,61,53,58,15,14,37,33,25,23,11,,,28,43,,,54,41,49,21,38,27,46,51,41,51,29,31,3,9,9,42,52,58,53,62,56,9,18,13,,46,,,b'\x11\xe8\xe1I\xc7\xea\x8b \xaf\x82\x12\xdf\x17\xaeN\x1e'
11E8E149-C7EA-8B20-AF82-12DF17AE4E1E,2014-ncaa-d0-natl,ncaa,78,88,53,86,60,89,58,66,75,34,39,65,245,226,285,270,139,93,289,95,227,65,34,125,159,227,320,302,233,35,25,86,81,56,28,87,193,346,301,254,18,16,84,84,,,88,21,,,80,43,87,72,129,69,114,34,73,279,258,201,135,138,112,46,49,152,72,114,330,15,107,,31,,,80,185,217,254,126,136,180,105,312,300,264,306,64,63,141,62,60,220,286,171,134,44,271,329,36,145,81,110,25,127,28,292,307,17,22,79,316,235,116,40,,,90,259,,,80,300,189,36,93,84,126,147,62,69,296,275,31,33,33,84,215,77,37,34,247,25,269,80,,166,,,b'\x11\xe8\xe1I\xc7\xea\x8b \xaf\x82\x12\xdf\x17\xaeN\x1e'
11E8E149-C7EA-8B20-AF82-12DF17AE4E1E,2014-ncaa-d1-conf-ACC,ncaa,8,9,4,9,4,8,6,5,8,6,4,8,13,11,13,11,10,9,12,9,15,6,4,10,12,11,14,13,11,2,2,8,3,5,4,6,10,13,12,13,6,5,9,6,,,3,4,,,10,5,4,2,8,6,4,5,3,13,11,11,10,10,4,3,2,8,3,5,14,4,10,,4,,,10,11,13,8,12,8,9,8,14,8,15,9,3,3,5,3,3,7,10,12,12,8,11,14,2,2,3,7,2,4,4,15,13,4,3,10,10,8,5,4,,,8,13,,,10,11,10,8,10,11,11,7,6,10,15,8,3,4,4,4,9,2,7,4,14,3,11,6,,9,,,b'\x11\xe8\xe1I\xc7\xea\x8b \xaf\x82\x12\xdf\x17\xaeN\x1e'
11E8E149-C7EA-8B20-AF82-12DF17AE4E1E,2014-ncaa-d1-natl,ncaa,85,88,59,90,67,103,65,81,77,37,46,66,258,234,287,270,155,100,293,101,226,79,43,132,166,230,319,301,231,42,26,96,81,64,29,97,195,346,305,259,20,17,93,85,,,75,20,,,84,50,89,72,134,72,121,35,77,283,260,203,139,143,116,49,48,159,76,118,331,21,108,,31,,,84,168,200,234,132,124,161,112,309,293,267,306,52,56,143,54,61,199,278,178,137,49,270,328,34,129,81,88,26,103,29,288,307,20,21,85,312,233,110,49,,,100,259,,,84,293,194,40,97,88,135,150,71,71,294,276,32,34,34,85,215,78,37,35,253,30,270,84,,168,,,b'\x11\xe8\xe1I\xc7\xea\x8b \xaf\x82\x12\xdf\x17\xaeN\x1e'
11E8E149-C7EA-8B20-AF82-12DF17AE4E1E,2014-ncaa-d1-ncaatournament,ncaa,17,2,17,17,17,33,31,31,37,29,31,28,31,23,52,26,37,35,51,35,50,32,31,39,44,56,55,36,49,33,37,19,1,23,5,32,41,47,64,58,17,7,36,29,,,35,17,,,32,28,43,3,57,51,56,42,53,49,41,51,54,54,58,50,45,10,23,49,62,11,43,,11,,,30,33,31,34,12,25,25,46,43,53,7,64,26,24,53,22,37,33,33,16,17,10,57,58,25,11,1,40,37,35,5,44,62,20,11,30,45,59,26,31,,,30,42,,,32,36,55,4,32,2,5,5,3,1,36,63,14,7,7,3,2,2,22,4,38,24,53,17,,45,,,b'\x11\xe8\xe1I\xc7\xea\x8b \xaf\x82\x12\xdf\x17\xaeN\x1e'
11E8E149-C7EA-8B20-AF82-12DF17AE4E1E,2015-ncaa-d0-natl,ncaa,6,12,4,12,5,9,6,7,12,6,11,26,51,84,36,227,42,19,289,19,201,7,4,20,35,48,265,198,298,2,1,12,14,5,3,10,162,342,153,81,30,78,71,106,,,329,191,,,6,9,80,263,22,11,37,14,46,123,172,139,94,95,31,26,13,96,13,24,216,73,125,,179,,,6,278,258,312,51,261,305,70,183,245,45,152,284,296,171,294,194,322,336,47,62,13,164,122,249,148,14,161,1,156,3,140,56,5,25,12,313,118,301,132,,,6,126,,,6,343,16,7,7,29,27,47,44,86,59,97,141,147,145,35,138,16,11,6,30,34,174,196,,36,,,b'\x11\xe8\xe1I\xc7\xea\x8b \xaf\x82\x12\xdf\x17\xaeN\x1e'
11E8E149-C7EA-8B20-AF82-12DF17AE4E1E,2015-ncaa-d1-conf-ACC,ncaa,2,2,1,2,3,2,2,1,4,2,2,4,5,8,4,11,7,4,15,3,11,1,1,2,4,2,11,10,14,1,1,2,1,1,1,3,5,12,9,4,6,8,11,12,,,11,8,,,2,1,3,12,3,2,3,2,3,7,9,9,7,7,3,2,1,3,1,3,12,7,12,,7,,,2,5,6,10,3,7,10,3,5,6,2,6,8,10,4,10,8,9,12,2,2,1,6,5,10,2,1,4,1,2,1,2,3,1,2,1,12,8,10,4,,,1,3,,,2,13,2,1,2,1,1,3,3,7,3,4,5,6,6,2,6,1,4,2,1,3,11,7,,1,,,b'\x11\xe8\xe1I\xc7\xea\x8b \xaf\x82\x12\xdf\x17\xaeN\x1e'
11E8E149-C7EA-8B20-AF82-12DF17AE4E1E,2015-ncaa-d1-natl,ncaa,6,12,4,12,6,9,6,9,13,6,11,29,62,94,38,224,46,22,288,22,200,9,4,19,37,54,265,196,298,2,2,16,16,5,3,11,165,340,155,84,37,80,76,109,,,323,194,,,6,9,85,263,23,11,41,15,49,124,171,140,95,95,34,27,13,106,13,26,219,79,129,,178,,,7,260,242,307,54,250,301,78,166,232,48,149,277,285,171,283,196,315,333,50,67,19,158,118,250,132,16,130,2,122,3,121,58,6,32,13,305,120,297,136,,,6,120,,,6,342,18,7,7,34,31,48,53,85,63,93,143,151,148,36,134,17,11,6,31,40,183,199,,34,,,b'\x11\xe8\xe1I\xc7\xea\x8b \xaf\x82\x12\xdf\x17\xaeN\x1e'
11E8E149-C7EA-8B20-AF82-12DF17AE4E1E,2015-ncaa-d1-ncaatournament,ncaa,5,2,5,5,7,7,7,7,5,6,7,10,7,10,10,53,6,6,25,6,30,8,7,9,12,17,44,45,27,8,9,8,10,8,5,6,41,59,48,36,4,7,17,32,,,61,30,,,5,6,29,4,15,14,44,11,21,34,52,18,22,23,36,31,32,33,33,27,45,12,43,,29,,,5,58,57,56,28,56,56,27,56,55,35,42,59,59,26,59,33,57,58,28,29,14,41,40,32,47,10,55,9,53,5,55,24,3,5,4,61,38,55,21,,,6,29,,,5,59,13,5,4,12,7,8,11,11,34,27,26,25,25,5,18,9,5,2,14,7,37,23,,32,,,b'\x11\xe8\xe1I\xc7\xea\x8b \xaf\x82\x12\xdf\x17\xaeN\x1e'
11E8E149-C7EA-8B20-AF82-12DF17AE4E1E,2016-ncaa-d0-natl,ncaa,31,30,38,35,70,33,22,50,15,17,22,22,178,229,45,302,81,59,213,63,215,49,30,26,31,61,314,287,239,17,1,77,14,34,4,24,120,335,228,108,19,14,189,187,,,209,153,,,11,48,105,280,33,20,93,12,38,218,281,117,87,98,79,46,17,139,52,27,274,27,227,,118,,,9,123,130,159,127,93,150,88,228,185,288,206,97,116,76,114,135,151,252,150,128,37,238,273,116,14,14,20,1,13,4,128,156,12,11,19,291,178,145,41,,,42,146,,,11,294,27,18,11,39,53,33,33,43,190,124,53,69,70,24,94,5,5,3,73,19,222,91,,75,,,b'\x11\xe8\xe1I\xc7\xea\x8b \xaf\x82\x12\xdf\x17\xaeN\x1e'
11E8E149-C7EA-8B20-AF82-12DF17AE4E1E,2016-ncaa-d1-conf-ACC,ncaa,4,3,11,4,14,5,4,7,2,2,2,2,13,12,9,14,8,6,9,7,10,7,5,2,2,4,14,14,8,4,2,9,2,6,1,2,4,10,8,5,3,2,13,13,,,9,11,,,3,8,3,7,2,2,3,1,1,13,11,6,2,2,2,2,3,5,1,2,11,2,13,,11,,,3,3,2,2,6,1,3,3,9,4,13,5,5,7,3,7,13,1,4,6,6,5,12,12,11,1,2,1,2,1,1,3,4,3,2,1,10,8,2,2,,,7,5,,,3,7,3,3,3,4,4,3,2,4,9,4,6,9,9,3,10,1,1,1,3,2,11,2,,2,,,b'\x11\xe8\xe1I\xc7\xea\x8b \xaf\x82\x12\xdf\x17\xaeN\x1e'
11E8E149-C7EA-8B20-AF82-12DF17AE4E1E,2016-ncaa-d1-natl,ncaa,38,30,51,36,91,39,24,61,15,19,30,24,198,251,47,299,94,71,213,76,214,60,42,26,33,64,309,285,237,21,1,101,15,43,4,28,126,329,231,115,23,18,205,197,,,181,156,,,14,60,112,282,35,23,96,13,42,218,281,117,91,100,82,50,20,147,51,29,276,31,228,,124,,,10,103,105,118,143,76,118,98,215,169,294,205,83,98,76,95,138,120,225,161,143,44,240,270,115,9,15,6,1,5,4,116,158,19,12,27,277,182,122,42,,,50,146,,,14,282,30,20,12,42,57,34,38,44,193,123,55,74,72,25,92,6,6,3,76,21,228,93,,70,,,b'\x11\xe8\xe1I\xc7\xea\x8b \xaf\x82\x12\xdf\x17\xaeN\x1e'
11E8E149-C7EA-8B20-AF82-12DF17AE4E1E,2016-ncaa-d1-ncaatournament,ncaa,9,2,9,9,9,14,14,16,26,14,13,35,12,15,12,50,13,14,31,14,27,16,11,27,24,27,33,38,23,9,4,14,15,12,7,13,38,60,49,40,7,8,17,31,,,55,42,,,13,13,30,1,24,27,35,21,21,33,48,21,24,20,31,18,10,29,15,25,52,12,27,,37,,,14,51,52,50,33,56,54,34,33,38,21,10,47,44,38,44,10,50,50,31,27,21,7,12,24,47,15,50,4,49,7,56,51,7,18,27,54,33,57,35,,,10,22,,,13,52,23,14,16,18,27,18,37,45,13,7,20,13,14,14,24,10,9,5,45,20,35,42,,12,,,b'\x11\xe8\xe1I\xc7\xea\x8b \xaf\x82\x12\xdf\x17\xaeN\x1e'
11E8E149-C7EA-8B20-AF82-12DF17AE4E1E,2017-ncaa-d0-natl,ncaa,12,17,16,18,18,12,11,17,11,7,6,26,162,219,36,324,9,10,130,11,180,15,14,26,22,20,316,315,146,11,8,56,35,22,8,27,267,222,43,58,14,23,61,94,,,297,161,,,5,21,88,149,12,12,27,6,9,218,284,20,26,34,17,35,32,163,59,50,79,24,104,,150,,,5,217,223,275,101,223,291,65,189,158,232,91,196,202,136,197,105,272,323,93,85,18,134,163,169,75,35,129,8,92,8,66,18,7,17,2,107,23,245,62,,,14,134,,,5,329,13,6,6,39,54,49,72,128,77,43,86,92,89,44,154,18,19,10,15,20,39,164,,60,,,b'\x11\xe8\xe1I\xc7\xea\x8b \xaf\x82\x12\xdf\x17\xaeN\x1e'
11E8E149-C7EA-8B20-AF82-12DF17AE4E1E,2017-ncaa-d1-conf-ACC,ncaa,4,2,10,3,12,6,5,9,2,3,5,2,10,14,5,13,5,6,6,6,8,9,11,2,3,2,14,13,7,7,2,11,2,9,2,4,9,5,5,3,5,3,6,6,,,1,6,,,2,11,7,6,2,2,4,2,2,8,12,4,4,4,4,4,5,8,6,2,5,3,5,,3,,,1,1,1,1,7,3,4,4,1,1,12,2,2,2,14,2,4,1,2,5,5,3,5,6,9,1,2,1,2,1,2,1,1,3,2,1,2,1,6,4,,,7,6,,,2,3,2,2,1,2,2,1,6,8,1,1,3,3,3,1,4,1,2,1,1,2,2,6,,6,,,b'\x11\xe8\xe1I\xc7\xea\x8b \xaf\x82\x12\xdf\x17\xaeN\x1e'
11E8E149-C7EA-8B20-AF82-12DF17AE4E1E,2017-ncaa-d1-natl,ncaa,12,17,16,18,21,12,11,17,12,7,6,31,175,228,39,322,12,13,125,14,188,16,14,31,26,21,315,314,148,12,8,63,35,25,8,30,267,199,42,62,20,24,71,93,,,277,163,,,5,21,90,149,13,12,28,6,14,216,282,21,28,34,20,37,32,175,65,60,82,29,107,,153,,,5,188,192,254,109,200,281,69,170,131,238,84,172,188,143,185,107,246,318,101,89,24,132,160,166,58,35,104,8,66,8,53,18,9,18,3,89,23,238,69,,,19,130,,,5,328,14,11,6,44,59,49,78,129,83,42,90,96,93,44,150,21,18,10,16,23,40,167,,62,,,b'\x11\xe8\xe1I\xc7\xea\x8b \xaf\x82\x12\xdf\x17\xaeN\x1e'
11E8E149-C7EA-8B20-AF82-12DF17AE4E1E,2017-ncaa-d1-ncaatournament,ncaa,5,2,5,5,7,7,7,7,20,5,3,23,22,18,44,61,5,5,38,5,29,6,6,31,33,29,59,64,16,5,17,7,5,7,7,13,56,59,31,43,1,4,14,27,,,60,30,,,8,6,11,6,16,15,19,4,5,58,60,15,12,14,10,12,14,22,12,38,34,5,28,,29,,,9,58,58,57,24,57,56,32,53,56,19,39,54,57,36,57,36,57,57,24,23,9,30,32,42,46,5,61,17,56,7,54,14,3,4,3,62,35,60,22,,,4,23,,,8,59,24,3,9,8,12,12,16,13,24,31,30,26,24,11,28,5,25,10,12,4,40,30,,18,,,b'\x11\xe8\xe1I\xc7\xea\x8b \xaf\x82\x12\xdf\x17\xaeN\x1e'
11E8E149-C7EA-8B20-AF82-12DF17AE4E1E,2018-ncaa-d0-natl,ncaa,22,16,43,20,62,22,18,22,19,17,26,26,64,90,56,200,31,36,111,38,182,22,31,30,27,20,242,204,221,13,7,46,32,25,7,53,289,85,27,43,131,174,100,139,,,178,80,,,10,42,80,241,11,10,18,14,37,82,121,49,61,64,16,41,15,63,11,66,50,175,131,,96,,,9,264,252,297,84,226,279,69,274,283,199,217,191,166,295,165,89,291,294,97,93,119,223,241,133,126,32,108,7,102,7,215,145,117,176,152,90,33,22,6,,,67,225,,,10,306,9,87,10,145,154,226,117,198,225,219,131,97,98,185,197,59,40,29,136,175,59,11,,143,,,b'\x11\xe8\xe1I\xc7\xea\x8b \xaf\x82\x12\xdf\x17\xaeN\x1e'
11E8E149-C7EA-8B20-AF82-12DF17AE4E1E,2018-ncaa-d1-conf-ACC,ncaa,3,3,4,3,6,2,3,3,5,4,5,5,3,5,4,8,3,2,8,2,4,2,2,4,4,3,6,7,4,2,1,3,2,3,2,3,10,3,2,4,10,10,11,12,,,8,5,,,3,5,4,6,2,3,3,4,5,4,5,1,2,2,1,1,2,3,1,5,4,10,10,,6,,,3,8,10,12,6,11,13,6,4,5,8,5,9,7,11,6,6,11,12,6,6,8,5,6,9,2,2,4,1,2,2,7,8,6,10,9,5,4,3,1,,,2,2,,,3,11,3,6,3,7,7,11,9,13,4,4,7,7,7,9,11,3,4,4,6,8,5,3,,1,,,b'\x11\xe8\xe1I\xc7\xea\x8b \xaf\x82\x12\xdf\x17\xaeN\x1e'
11E8E149-C7EA-8B20-AF82-12DF17AE4E1E,2018-ncaa-d1-natl,ncaa,24,16,53,22,78,26,21,26,20,17,32,27,71,102,57,198,37,45,107,48,177,26,38,32,29,21,236,199,214,20,8,49,37,28,7,62,296,63,28,45,153,186,113,146,,,155,84,,,11,54,81,236,13,11,20,15,43,83,120,51,62,69,17,44,15,70,11,73,50,183,133,,99,,,10,246,241,291,90,204,270,74,263,267,212,211,174,140,296,138,88,278,278,114,106,130,222,239,131,102,37,80,8,73,7,204,147,139,185,164,75,33,19,6,,,92,219,,,11,293,9,102,10,153,164,227,132,206,229,216,139,101,101,189,193,59,40,31,148,181,59,11,,148,,,b'\x11\xe8\xe1I\xc7\xea\x8b \xaf\x82\x12\xdf\x17\xaeN\x1e'
11E8E149-C7EA-8B20-AF82-12DF17AE4E1E,2018-ncaa-d1-ncaatournament,ncaa,17,2,17,17,18,21,20,20,19,16,20,10,43,28,57,45,17,16,44,17,13,19,17,34,33,31,57,60,19,12,1,25,23,20,5,30,58,45,29,38,16,12,35,49,,,46,48,,,14,23,30,7,17,14,21,7,14,54,38,6,4,5,9,4,2,35,13,41,36,12,53,,44,,,10,37,32,33,21,36,32,36,21,39,6,34,54,51,60,49,50,34,36,20,30,24,35,18,60,32,23,30,1,31,5,16,8,18,8,2,38,22,13,8,,,19,20,,,14,39,16,16,13,16,6,3,19,10,10,22,52,44,44,6,12,8,4,3,3,14,25,10,,8,,,b'\x11\xe8\xe1I\xc7\xea\x8b \xaf\x82\x12\xdf\x17\xaeN\x1e'
11E8E149-C7EA-8B20-AF82-12DF17AE4E1E,2019-ncaa-d0-natl,ncaa,41,45,47,49,79,69,62,43,132,41,50,72,166,107,307,187,101,131,65,131,243,50,61,155,153,107,278,252,200,22,20,139,69,73,43,140,300,104,47,108,127,147,65,95,,,238,208,,,64,88,225,337,94,79,62,51,96,212,141,141,189,186,67,138,39,247,119,183,59,181,85,,149,,,66,205,243,209,236,285,273,210,92,83,182,56,114,129,137,123,69,200,230,207,192,145,35,72,100,59,69,154,20,111,43,146,63,77,82,70,23,14,201,103,,,142,251,,,64,262,78,100,69,88,138,64,212,187,51,31,68,79,74,43,60,28,63,32,81,129,19,155,,227,,,b'\x11\xe8\xe1I\xc7\xea\x8b \xaf\x82\x12\xdf\x17\xaeN\x1e'
11E8E149-C7EA-8B20-AF82-12DF17AE4E1E,2019-ncaa-d1-conf-ACC,ncaa,6,6,4,6,9,9,7,6,11,4,4,8,12,7,13,8,4,5,5,5,4,6,8,11,11,8,12,12,3,4,5,10,3,9,5,10,12,3,4,6,7,6,9,10,,,10,13,,,6,9,10,8,10,8,7,4,4,12,8,4,5,5,7,8,4,12,10,11,3,6,10,,9,,,6,6,6,2,12,11,9,10,2,1,11,3,9,7,7,5,7,2,3,10,10,8,1,2,10,1,3,7,5,3,5,4,3,7,4,3,3,3,2,2,,,8,7,,,6,6,8,8,6,5,6,1,12,8,2,1,9,7,6,1,2,1,6,3,4,9,3,2,,8,,,b'\x11\xe8\xe1I\xc7\xea\x8b \xaf\x82\x12\xdf\x17\xaeN\x1e'
11E8E149-C7EA-8B20-AF82-12DF17AE4E1E,2019-ncaa-d1-natl,ncaa,51,44,62,50,106,89,80,58,139,54,68,77,180,117,311,186,117,158,68,154,242,64,84,170,159,112,276,253,197,33,24,183,72,94,48,163,305,74,49,113,158,158,73,101,,,205,216,,,77,127,233,337,106,90,66,60,104,216,145,144,195,194,78,142,43,253,134,198,59,190,86,,152,,,76,161,216,174,254,267,245,225,74,56,198,53,96,107,143,100,72,154,180,225,210,164,32,68,97,46,72,119,24,74,48,124,65,104,88,81,15,14,190,114,,,179,251,,,77,216,85,118,80,101,153,67,225,190,55,29,73,84,77,45,59,28,64,33,91,140,18,158,,230,,,b'\x11\xe8\xe1I\xc7\xea\x8b \xaf\x82\x12\xdf\x17\xaeN\x1e'
11E8E149-C7EA-8B20-AF82-12DF17AE4E1E,2019-ncaa-d1-ncaatournament,ncaa,17,2,17,17,19,27,24,17,40,19,17,34,50,39,58,58,21,23,38,21,46,17,18,47,46,46,57,61,27,8,1,27,12,18,2,34,62,43,34,54,34,50,24,22,,,50,63,,,29,28,41,7,31,24,10,10,4,61,55,23,25,22,11,9,1,35,4,59,41,52,28,,59,,,28,41,36,33,28,37,35,34,37,35,33,34,53,50,57,49,57,33,33,29,39,43,49,26,59,23,12,33,1,32,2,36,33,24,24,29,28,16,49,34,,,19,41,,,29,37,27,33,26,28,10,5,13,9,23,24,55,53,50,9,8,8,6,4,17,35,20,48,,21,,,b'\x11\xe8\xe1I\xc7\xea\x8b \xaf\x82\x12\xdf\x17\xaeN\x1e'
11E8E149-C7EA-8B20-AF82-12DF17AE4E1E,2020-ncaa-d0-natl,ncaa,23,42,8,40,15,17,15,33,23,17,59,26,92,112,73,175,82,87,157,84,172,31,63,31,35,24,241,188,265,46,30,39,119,27,30,72,277,85,36,70,252,283,38,60,,,180,140,,,22,92,286,248,38,28,129,39,142,127,168,148,157,152,123,226,85,121,76,124,30,299,55,,89,,,25,183,222,288,74,220,292,72,200,217,130,168,97,107,125,106,59,277,242,73,62,105,132,189,83,224,119,62,30,102,30,109,62,229,265,165,84,45,123,65,,,59,134,,,22,245,15,109,24,70,106,170,115,189,128,146,55,67,68,128,60,134,15,26,57,294,40,77,,167,,,b'\x11\xe8\xe1I\xc7\xea\x8b \xaf\x82\x12\xdf\x17\xaeN\x1e'
11E8E149-C7EA-8B20-AF82-12DF17AE4E1E,2020-ncaa-d1-conf-ACC,ncaa,3,4,1,4,1,2,1,3,2,3,8,1,2,4,4,5,5,3,9,3,4,3,5,3,3,3,6,6,11,6,4,2,6,4,2,6,12,3,2,4,12,12,3,4,,,9,11,,,3,5,14,10,3,2,7,4,12,6,5,7,6,6,6,12,10,6,9,9,1,12,4,,6,,,3,9,10,10,6,8,12,3,9,9,10,7,8,10,10,11,7,11,9,6,6,10,12,12,8,8,6,5,4,7,2,6,7,12,13,13,6,3,5,4,,,3,5,,,3,10,2,9,3,5,6,6,6,8,9,8,5,6,7,7,3,7,2,3,5,14,2,5,,7,,,b'\x11\xe8\xe1I\xc7\xea\x8b \xaf\x82\x12\xdf\x17\xaeN\x1e'
11E8E149-C7EA-8B20-AF82-12DF17AE4E1E,2020-ncaa-d1-natl,ncaa,26,42,12,42,25,27,19,48,25,22,75,28,107,129,78,175,100,104,157,102,172,49,96,31,39,26,236,188,260,62,33,58,123,31,30,85,282,56,37,72,273,289,47,62,,,152,143,,,26,130,288,246,41,31,137,42,146,131,167,150,161,155,131,234,93,126,86,133,30,304,56,,91,,,31,153,206,273,79,200,276,76,187,199,134,163,90,95,127,94,60,256,199,78,67,117,132,186,84,203,123,48,33,76,30,92,63,254,278,182,64,45,116,69,,,84,131,,,26,204,16,120,29,75,113,173,120,196,130,143,56,68,67,130,60,143,17,29,60,303,41,84,,167,,,b'\x11\xe8\xe1I\xc7\xea\x8b \xaf\x82\x12\xdf\x17\xaeN\x1e'
11E8E149-C7EA-8B20-AF82-12DF17AE4E1E,2021-ncaa-d0-natl,ncaa,174,104,248,148,252,230,225,248,151,206,198,204,240,281,102,277,211,234,76,235,245,251,260,177,161,151,245,247,149,238,159,248,207,251,172,257,282,72,131,186,236,206,125,90,,,94,164,,,162,261,200,44,151,140,159,100,71,233,268,138,189,188,166,185,176,195,196,236,129,203,94,,186,,,164,95,108,97,194,119,107,208,100,100,125,177,77,92,68,93,139,91,88,169,151,161,111,163,107,105,207,80,159,82,172,112,153,243,182,190,35,31,177,198,,,223,101,,,162,86,155,172,159,173,201,200,216,197,160,181,113,148,150,195,181,204,141,144,191,182,28,261,,111,,,b'\x11\xe8\xe1I\xc7\xea\x8b \xaf\x82\x12\xdf\x17\xaeN\x1e'
11E8E149-C7EA-8B20-AF82-12DF17AE4E1E,2021-ncaa-d1-conf-ACC,ncaa,5,6,9,5,9,10,11,11,8,10,7,12,12,12,8,14,7,7,5,7,10,11,10,9,8,10,11,12,2,9,6,11,9,11,11,13,12,10,9,11,7,3,6,5,,,6,10,,,6,10,11,2,10,11,11,9,5,14,13,4,6,5,10,9,9,8,8,12,8,4,4,,9,,,6,4,3,5,3,6,7,9,5,6,3,9,7,8,3,8,9,5,7,3,3,2,8,6,9,8,9,6,6,6,11,7,10,5,3,5,3,3,12,10,,,7,2,,,6,7,10,3,6,4,2,6,6,6,5,7,8,8,8,6,8,8,7,8,7,4,3,11,,5,,,b'\x11\xe8\xe1I\xc7\xea\x8b \xaf\x82\x12\xdf\x17\xaeN\x1e'
11E8E149-C7EA-8B20-AF82-12DF17AE4E1E,2021-ncaa-d1-natl,ncaa,184,104,259,154,262,241,240,259,156,225,221,212,246,284,100,275,221,246,74,247,243,260,269,186,164,154,243,249,139,251,165,258,215,263,181,270,287,66,134,192,244,215,134,92,,,85,168,,,173,271,205,43,159,149,164,105,72,232,267,139,190,189,172,188,182,202,204,241,128,211,96,,188,,,174,89,101,87,201,111,101,212,93,94,124,172,71,83,67,86,140,86,79,183,160,174,110,159,107,98,215,74,165,78,181,107,154,257,190,199,30,31,171,208,,,236,100,,,173,76,159,186,170,181,213,200,223,203,163,176,118,149,152,197,178,208,142,147,195,187,27,266,,112,,,b'\x11\xe8\xe1I\xc7\xea\x8b \xaf\x82\x12\xdf\x17\xaeN\x1e'
11E8E149-C7EA-8B20-AF82-12DF17AE4E1E,2021-ncaa-d1-ncaatournament,ncaa,33,2,33,33,34,45,45,43,45,50,41,53,36,49,6,32,52,57,5,55,58,44,56,40,42,37,19,11,50,61,63,52,24,60,58,37,16,2,8,7,46,36,29,8,,,8,31,,,52,43,23,7,38,38,19,47,21,12,31,50,56,53,29,49,60,51,60,20,7,34,8,,21,,,54,23,25,10,60,25,16,57,19,11,59,17,15,14,34,14,38,11,10,57,57,60,24,26,27,6,24,29,63,18,58,16,18,51,39,46,7,20,7,15,,,55,45,,,52,13,43,58,53,54,55,21,53,38,37,15,37,35,35,28,20,8,61,50,43,41,17,14,,50,,,b'\x11\xe8\xe1I\xc7\xea\x8b \xaf\x82\x12\xdf\x17\xaeN\x1e'
11E8E149-C7EA-8B20-AF82-12DF17AE4E1E,2022-ncaa-d0-natl,ncaa,123,157,79,146,86,106,92,136,55,52,73,69,241,263,153,300,124,119,184,121,221,129,115,90,92,120,314,288,190,165,143,98,174,114,106,82,102,247,202,117,245,296,33,26,,,215,141,,,102,106,228,90,137,104,234,49,106,271,303,169,163,167,227,213,211,132,167,84,189,297,37,,140,,,104,211,200,266,84,153,247,56,278,251,262,214,159,124,316,126,88,250,245,99,107,111,254,279,132,259,174,127,143,166,106,202,190,143,191,172,212,180,162,91,,,64,59,,,102,243,128,127,109,124,119,193,94,182,229,205,114,83,83,164,160,199,36,75,145,205,167,119,,88,,,b'\x11\xe8\xe1I\xc7\xea\x8b \xaf\x82\x12\xdf\x17\xaeN\x1e'
11E8E149-C7EA-8B20-AF82-12DF17AE4E1E,2022-ncaa-d1-conf-ACC,ncaa,8,7,4,8,5,8,7,13,6,4,7,6,13,14,5,15,5,5,6,5,4,12,12,6,6,5,12,14,5,14,13,9,8,13,10,8,7,7,9,7,12,13,6,6,,,9,9,,,9,9,11,2,8,6,11,5,10,13,15,5,5,5,11,12,14,11,14,7,7,12,5,,9,,,9,8,8,7,10,9,8,10,9,8,12,8,8,7,14,7,8,6,6,11,10,10,10,8,9,6,8,4,13,5,10,12,9,9,10,10,6,11,4,4,,,6,3,,,9,6,7,8,9,8,8,6,9,8,11,6,8,8,7,7,6,6,3,4,12,10,7,4,,5,,,b'\x11\xe8\xe1I\xc7\xea\x8b \xaf\x82\x12\xdf\x17\xaeN\x1e'
11E8E149-C7EA-8B20-AF82-12DF17AE4E1E,2022-ncaa-d1-natl,ncaa,135,157,100,157,112,132,118,167,57,66,88,77,254,274,158,299,145,140,178,145,221,166,153,94,99,130,310,287,183,193,157,123,178,152,114,98,108,226,206,129,279,309,37,27,,,186,147,,,126,138,234,88,156,123,246,58,110,274,304,170,167,173,240,225,226,148,183,101,189,306,37,,144,,,127,171,174,235,92,136,223,63,262,233,267,211,142,99,318,101,90,210,211,112,120,132,255,277,128,232,178,86,157,127,114,190,191,179,204,189,191,187,151,96,,,86,51,,,126,211,140,141,133,134,132,197,104,184,237,204,114,84,85,167,156,199,38,78,156,213,172,132,,88,,,b'\x11\xe8\xe1I\xc7\xea\x8b \xaf\x82\x12\xdf\x17\xaeN\x1e'
11E8E149-C7EA-8B20-AF82-12DF17AE4E1E,2022-ncaa-d1-ncaatournament,ncaa,37,2,37,37,38,63,64,61,62,61,48,62,65,65,59,63,33,34,23,35,9,54,50,63,59,62,23,63,2,34,8,48,64,43,37,59,13,24,58,59,61,59,28,18,,,17,42,,,42,63,55,5,62,63,52,60,21,63,61,4,4,4,40,27,11,38,15,53,57,57,8,,46,,,45,3,4,17,17,13,30,15,2,1,5,3,16,18,17,18,31,21,24,10,11,12,8,5,53,32,64,8,8,25,37,1,2,48,37,1,31,62,39,63,,,35,2,,,42,5,60,22,48,19,22,41,41,65,2,2,41,46,48,49,50,64,29,58,1,34,61,62,,1,,,b'\x11\xe8\xe1I\xc7\xea\x8b \xaf\x82\x12\xdf\x17\xaeN\x1e'
11E8E149-C7EA-8B20-AF82-12DF17AE4E1E,2023-ncaa-d0-natl,ncaa,47,52,46,53,56,20,28,22,98,28,32,110,62,61,111,184,10,13,93,12,68,14,24,108,86,44,144,190,85,58,165,12,176,19,116,77,276,100,10,64,80,207,9,20,,,270,65,,,25,19,7,148,9,19,7,29,41,85,89,8,17,17,2,9,81,5,10,104,45,122,8,,184,,,22,316,321,355,21,289,355,13,310,324,169,174,215,215,188,215,49,353,349,27,23,41,226,270,97,353,176,352,165,355,116,305,226,87,252,218,76,9,356,305,,,30,146,,,25,344,44,58,32,235,247,360,192,359,276,300,144,135,139,353,356,332,305,329,254,146,33,347,,45,,,b'\x11\xe8\xe1I\xc7\xea\x8b \xaf\x82\x12\xdf\x17\xaeN\x1e'
11E8E149-C7EA-8B20-AF82-12DF17AE4E1E,2023-ncaa-d1-conf-ACC,ncaa,5,4,11,5,13,3,6,4,5,5,6,9,2,6,4,7,1,1,7,1,1,2,5,5,3,2,3,7,1,10,11,1,7,3,7,8,12,1,1,2,13,14,3,4,,,6,5,,,3,3,1,5,1,1,2,5,3,2,4,1,1,1,1,1,10,1,1,8,1,13,2,,10,,,3,5,5,15,4,4,13,2,11,12,8,10,10,8,8,9,5,15,14,3,3,4,11,12,9,14,7,11,11,14,7,9,9,13,14,12,1,1,15,14,,,3,3,,,3,13,3,4,4,10,11,15,7,15,13,12,11,9,9,15,15,15,14,14,9,11,4,15,,1,,,b'\x11\xe8\xe1I\xc7\xea\x8b \xaf\x82\x12\xdf\x17\xaeN\x1e'
11E8E149-C7EA-8B20-AF82-12DF17AE4E1E,2023-ncaa-d1-natl,ncaa,52,52,56,55,69,20,30,22,103,31,36,117,74,72,118,182,10,15,91,15,64,15,24,116,94,46,140,186,83,74,173,13,178,22,128,94,283,69,10,70,109,223,9,19,,,253,66,,,26,20,8,142,9,23,9,31,44,87,91,8,17,17,3,11,90,5,10,116,50,142,8,,189,,,23,310,312,355,22,278,354,13,306,316,182,175,198,192,193,192,51,352,348,29,26,51,226,268,98,350,178,345,173,353,128,301,226,113,268,234,62,9,356,310,,,34,139,,,26,342,45,71,34,248,260,360,203,359,282,300,153,141,146,354,355,335,309,329,263,160,34,348,,43,,,b'\x11\xe8\xe1I\xc7\xea\x8b \xaf\x82\x12\xdf\x17\xaeN\x1e'
11E8E149-C7EA-8B20-AF82-12DF17AE4E1E,2023-ncaa-d1-ncaatournament,ncaa,36,2,36,36,38,57,60,39,65,64,53,66,33,34,39,7,50,51,28,51,40,41,41,63,63,60,6,5,29,43,51,40,22,42,47,51,29,12,25,46,39,21,29,13,,,18,40,,,41,40,8,7,56,60,6,63,46,11,5,40,43,43,11,11,23,21,24,45,27,21,7,,44,,,44,6,4,10,25,9,21,11,12,5,57,9,23,19,48,18,41,9,14,27,30,24,48,35,56,11,22,33,51,29,47,12,51,38,14,24,21,53,12,40,,,57,59,,,41,24,62,20,44,27,20,24,25,48,25,8,49,43,42,27,39,27,68,61,39,10,53,27,,53,,,b'\x11\xe8\xe1I\xc7\xea\x8b \xaf\x82\x12\xdf\x17\xaeN\x1e'
11E8E149-C7EA-8B20-AF82-12DF17AE4E1E,2024-ncaa-d0-natl,ncaa,51,72,29,70,30,13,16,8,130,22,13,139,48,37,156,184,18,40,31,35,203,8,13,136,119,49,184,189,157,84,280,15,245,18,259,116,334,23,3,42,124,272,27,100,,,125,6,,,67,12,18,37,19,21,5,30,22,73,67,36,73,71,6,16,156,17,22,163,7,187,34,,48,,,72,353,357,358,115,358,360,88,307,321,169,127,103,108,148,104,13,356,353,95,57,144,29,175,13,359,245,359,280,360,259,329,115,140,325,285,28,2,310,140,,,55,248,,,67,349,53,196,83,313,344,360,342,359,254,269,52,46,44,357,352,345,354,357,286,227,10,264,,120,,,b'\x11\xe8\xe1I\xc7\xea\x8b \xaf\x82\x12\xdf\x17\xaeN\x1e'
11E8E149-C7EA-8B20-AF82-12DF17AE4E1E,2024-ncaa-d1-conf-ACC,ncaa,4,5,1,5,1,1,1,1,10,2,3,6,2,2,13,5,2,3,2,3,6,1,1,11,8,4,7,8,5,11,15,2,6,2,12,11,15,1,1,5,8,13,5,10,,,5,2,,,7,1,1,1,1,1,1,3,4,6,2,3,4,4,1,3,13,2,4,13,1,11,7,,2,,,7,15,15,15,7,15,15,7,11,13,8,5,2,3,2,4,2,15,15,7,6,8,1,9,2,15,6,15,15,15,12,14,6,8,14,12,2,1,9,5,,,4,9,,,7,15,6,8,8,14,15,15,15,15,9,10,2,2,2,15,15,12,15,15,11,10,1,7,,7,,,b'\x11\xe8\xe1I\xc7\xea\x8b \xaf\x82\x12\xdf\x17\xaeN\x1e'
11E8E149-C7EA-8B20-AF82-12DF17AE4E1E,2024-ncaa-d1-natl,ncaa,57,72,38,72,39,16,21,11,142,27,16,148,58,44,158,184,29,53,30,50,206,11,16,148,129,50,176,191,154,115,289,16,258,21,277,139,343,12,3,45,153,284,31,108,,,96,6,,,80,13,20,37,19,22,5,31,25,81,69,36,72,72,6,20,167,18,26,182,7,202,34,,51,,,83,352,359,360,131,358,362,100,304,311,188,126,87,96,152,94,12,357,352,112,68,165,28,175,13,360,258,361,289,362,277,327,120,173,335,297,22,3,303,153,,,70,243,,,80,348,55,224,99,321,352,362,345,361,260,273,54,47,46,360,353,350,355,360,292,239,11,270,,120,,,b'\x11\xe8\xe1I\xc7\xea\x8b \xaf\x82\x12\xdf\x17\xaeN\x1e'
11E8E149-C7EA-8B20-AF82-12DF17AE4E1E,2024-ncaa-d1-ncaatournament,ncaa,37,3,37,37,38,38,39,38,37,37,34,50,52,65,7,65,52,54,26,53,61,38,38,44,46,39,60,54,55,32,19,61,65,52,57,42,48,9,14,17,45,38,24,9,,,10,21,,,38,37,10,5,13,7,2,2,1,44,63,44,48,45,2,2,7,61,43,24,18,32,5,,30,,,41,22,22,19,55,24,27,43,12,7,67,8,14,13,45,11,26,19,29,54,55,48,20,25,30,31,65,22,19,30,57,9,10,35,10,9,10,13,21,27,,,47,51,,,38,21,29,55,46,57,57,37,58,57,35,8,38,37,32,35,62,62,58,66,27,3,20,48,,35,,,b'\x11\xe8\xe1I\xc7\xea\x8b \xaf\x82\x12\xdf\x17\xaeN\x1e'
11E8E149-C7EA-8B20-AF82-12DF17AE4E1E,2025-ncaa-d0-natl,genius_ncaa,49,53,54,56,81,10,12,10,52,20,20,57,20,19,50,133,17,35,13,35,166,10,20,44,33,7,130,144,195,57,150,40,185,31,179,108,355,10,2,22,60,120,10,20,,,265,71,,100,22,18,6,265,1,5,2,9,22,18,24,17,41,39,3,8,73,36,25,140,4,74,5,,185,,72,22,345,355,349,215,362,359,151,166,157,192,17,193,219,104,220,28,350,345,151,125,168,8,32,53,327,185,348,150,347,179,341,181,94,244,251,14,4,116,21,,,89,301,,350,22,342,4,174,28,315,347,356,357,362,102,83,144,154,154,355,354,289,328,323,320,146,6,80,,147,,352,b'\x11\xe8\xe1I\xc7\xea\x8b \xaf\x82\x12\xdf\x17\xaeN\x1e'
11E8E149-C7EA-8B20-AF82-12DF17AE4E1E,2025-ncaa-d1-conf-ACC,genius_ncaa,6,4,11,5,14,3,4,4,6,5,8,9,2,2,4,5,2,5,2,5,7,4,7,5,5,3,5,4,5,10,14,5,9,5,13,15,18,1,1,3,8,8,2,3,,,12,11,,6,4,6,1,14,2,3,1,3,4,1,2,2,3,3,1,2,8,3,3,16,2,7,1,,14,,5,4,16,15,16,8,15,18,6,7,3,15,2,7,9,2,10,4,16,13,6,5,7,3,4,7,12,9,16,14,17,13,17,12,11,13,16,1,1,5,3,,,10,14,,17,4,13,3,7,4,16,17,18,17,18,8,6,10,11,13,18,18,14,18,18,16,9,2,5,,9,,17,b'\x11\xe8\xe1I\xc7\xea\x8b \xaf\x82\x12\xdf\x17\xaeN\x1e'
11E8E149-C7EA-8B20-AF82-12DF17AE4E1E,2025-ncaa-d1-natl,genius_ncaa,54,53,72,58,99,11,12,11,55,22,26,57,23,24,49,133,22,44,10,44,166,11,24,48,34,6,129,142,191,65,165,45,195,38,189,127,355,7,2,24,75,131,10,21,,,245,72,,90,24,24,8,265,1,5,2,9,25,20,28,18,42,40,3,9,83,39,28,148,4,82,5,,187,,71,23,343,355,346,222,362,359,163,152,135,206,16,184,206,107,208,29,347,339,168,141,188,7,35,52,316,195,344,165,343,189,339,185,113,257,270,12,4,101,21,,,104,300,,352,24,335,4,191,32,322,350,356,358,362,110,84,147,159,159,355,354,292,329,327,326,161,7,84,,146,,351,b'\x11\xe8\xe1I\xc7\xea\x8b \xaf\x82\x12\xdf\x17\xaeN\x1e'
11E8E149-C7EA-8B20-AF82-12DF17AE4E1E,2025-ncaa-d1-ncaatournament,genius_ncaa,17,2,17,17,20,18,20,21,18,20,26,12,16,14,36,19,17,16,49,14,10,19,20,17,15,10,26,28,25,18,5,23,46,17,22,20,43,29,14,20,28,47,14,20,,,41,22,,9,21,22,20,7,5,8,14,14,28,13,10,13,8,5,11,15,11,21,8,19,17,43,6,,36,,9,21,51,51,51,34,54,54,31,31,35,34,9,48,46,62,45,14,50,49,31,29,38,16,13,40,50,46,39,5,47,22,58,56,33,58,61,54,48,28,17,,,25,35,,54,21,47,7,46,19,52,53,60,59,65,21,17,49,43,41,60,55,52,17,40,61,56,57,14,,25,,59,b'\x11\xe8\xe1I\xc7\xea\x8b \xaf\x82\x12\xdf\x17\xaeN\x1e'
11E8E149-C7EA-8B20-AF82-12DF17AE4E1E,2026-ncaa-d0-natl,genius_ncaa,163,295,9,237,20,23,42,7,166,78,38,208,7,6,66,80,19,26,41,27,122,8,7,125,112,96,37,54,138,63,210,29,149,30,171,80,291,303,85,161,190,325,26,105,,,329,86,,263,217,6,18,97,42,66,25,159,139,22,31,57,92,96,26,25,158,63,89,167,148,317,49,,164,,154,207,361,361,360,287,363,362,200,326,278,326,36,356,349,344,349,109,361,356,262,282,323,102,98,200,326,149,357,210,355,171,314,27,149,336,272,319,131,350,279,,,27,191,,140,217,358,106,312,214,342,342,349,343,356,240,110,301,266,262,354,325,213,280,275,192,306,188,308,,112,,229,b'\x11\xe8\xe1I\xc7\xea\x8b \xaf\x82\x12\xdf\x17\xaeN\x1e'
11E8E149-C7EA-8B20-AF82-12DF17AE4E1E,2026-ncaa-d1-conf-ACC,genius_ncaa,6,6,1,6,1,7,8,1,8,7,1,9,9,6,9,7,5,3,8,3,5,1,2,8,9,9,7,9,4,6,8,7,4,7,8,6,7,4,3,6,8,10,7,8,,,3,2,,7,10,1,3,1,7,8,1,7,1,9,6,5,3,3,1,2,6,7,7,6,4,8,7,,3,,7,10,10,10,9,10,10,8,9,8,7,9,6,3,2,9,2,2,6,6,10,10,10,3,6,3,2,4,9,8,8,8,9,5,9,9,10,6,6,6,5,,,6,6,,7,10,7,9,9,10,10,10,9,10,8,8,7,3,2,2,6,6,2,9,8,9,9,6,6,,6,,7,b'\x11\xe8\xe1I\xc7\xea\x8b \xaf\x82\x12\xdf\x17\xaeN\x1e'
11E8E149-C7EA-8B20-AF82-12DF17AE4E1E,2026-ncaa-d1-natl,genius_ncaa,203,294,13,268,35,28,50,14,195,106,59,236,12,11,76,83,25,44,37,43,116,15,16,146,130,110,30,51,118,92,245,36,168,43,193,116,310,267,94,186,260,347,32,121,,,303,97,,246,259,9,20,100,55,95,31,200,153,28,38,60,109,109,35,35,188,80,115,203,151,337,52,,173,,160,252,361,361,360,317,363,362,243,320,246,338,33,352,339,349,338,116,361,350,301,317,345,93,93,188,310,168,347,245,343,193,303,28,219,344,302,295,148,343,299,,,38,191,,162,259,352,124,341,260,353,351,355,352,357,255,115,317,278,275,357,327,223,299,288,221,322,195,317,,117,,225,b'\x11\xe8\xe1I\xc7\xea\x8b \xaf\x82\x12\xdf\x17\xaeN\x1e'
11E8E149-C7EF-06F0-AF82-12DF17AE4E1E,2010-ncaa-d0-natl,ncaa,290,303,178,297,226,281,271,290,238,260,270,228,217,221,218,155,247,251,182,253,177,293,307,234,227,227,156,166,160,327,326,289,147,315,300,268,217,74,194,219,176,104,321,317,,,48,142,,,279,282,304,283,301,298,313,276,270,223,222,254,254,259,313,330,327,307,330,279,94,163,322,,66,,,277,119,198,79,329,177,61,331,201,167,274,256,28,43,55,41,104,59,48,331,317,318,121,234,30,39,147,156,326,93,300,183,174,261,177,261,185,263,81,145,,,307,239,,,279,59,252,300,285,156,225,59,200,52,228,184,36,58,50,35,21,37,211,117,214,255,204,87,,319,,,b'\x11\xe8\xe1I\xc7\xef\x06\xf0\xaf\x82\x12\xdf\x17\xaeN\x1e'
11E8E149-C7EF-06F0-AF82-12DF17AE4E1E,2010-ncaa-d1-conf-Atlantic 10,ncaa,12,14,9,14,12,12,13,12,13,13,13,11,8,6,12,2,12,10,13,10,3,12,13,11,12,12,3,3,9,12,13,11,8,13,13,14,10,2,7,11,6,4,12,11,,,5,8,,,14,11,11,10,13,13,12,13,13,8,4,11,10,10,13,12,12,12,13,13,4,4,12,,6,,,14,9,13,4,14,10,3,14,10,7,13,12,2,4,3,4,8,3,3,14,14,14,6,10,2,5,8,12,13,10,13,11,10,12,10,12,7,11,7,12,,,13,13,,,14,3,13,13,14,11,14,5,11,2,12,10,2,4,5,4,2,6,13,13,12,11,8,9,,13,,,b'\x11\xe8\xe1I\xc7\xef\x06\xf0\xaf\x82\x12\xdf\x17\xaeN\x1e'
11E8E149-C7EF-06F0-AF82-12DF17AE4E1E,2010-ncaa-d1-natl,ncaa,298,302,191,303,258,295,289,311,242,280,289,234,225,233,222,155,259,261,182,266,179,312,325,239,234,231,154,165,154,331,327,304,150,333,303,285,222,61,196,221,192,112,323,318,,,41,143,,,283,312,307,285,304,301,314,280,271,224,223,257,252,257,314,330,328,308,332,286,96,174,323,,67,,,283,101,185,49,329,166,43,331,195,156,276,256,25,40,56,37,105,34,21,330,320,320,120,234,30,31,150,144,327,75,303,175,173,278,182,271,170,264,76,151,,,318,239,,,283,34,258,306,293,160,232,60,204,50,227,185,37,59,51,36,20,38,213,120,217,261,207,90,,320,,,b'\x11\xe8\xe1I\xc7\xef\x06\xf0\xaf\x82\x12\xdf\x17\xaeN\x1e'
11E8E149-C7EF-06F0-AF82-12DF17AE4E1E,2011-ncaa-d0-natl,ncaa,208,242,119,231,142,248,251,226,267,294,308,226,94,54,249,27,258,272,138,268,142,242,261,227,229,221,47,42,203,221,231,246,155,252,232,247,185,100,184,223,176,137,282,284,,,67,115,,,215,264,313,192,287,291,274,319,320,96,46,272,291,291,294,312,252,284,298,278,99,188,287,,51,,,215,97,140,91,239,194,151,253,68,68,137,91,82,120,26,123,147,90,80,212,175,179,51,84,109,93,155,162,231,130,232,69,48,232,190,141,88,131,134,238,,,258,221,,,215,84,225,169,215,87,130,60,186,126,63,50,79,110,120,44,26,78,143,112,58,255,82,126,,302,,,b'\x11\xe8\xe1I\xc7\xef\x06\xf0\xaf\x82\x12\xdf\x17\xaeN\x1e'
11E8E149-C7EF-06F0-AF82-12DF17AE4E1E,2011-ncaa-d1-conf-Atlantic 10,ncaa,10,10,7,10,9,12,13,11,13,14,14,13,7,1,13,1,12,13,5,13,8,13,13,12,13,12,2,1,10,8,8,12,12,12,12,10,5,3,8,11,10,10,12,13,,,2,3,,,12,13,14,6,13,13,11,14,14,4,1,13,13,13,12,13,8,13,12,10,5,10,12,,2,,,12,3,6,3,12,7,4,11,7,3,12,6,2,2,3,2,5,2,3,12,12,10,6,9,3,4,12,5,8,6,12,9,10,11,9,11,3,4,8,12,,,13,11,,,12,2,11,10,12,6,9,4,7,3,9,4,2,3,3,3,2,7,8,7,10,10,3,9,,13,,,b'\x11\xe8\xe1I\xc7\xef\x06\xf0\xaf\x82\x12\xdf\x17\xaeN\x1e'
11E8E149-C7EF-06F0-AF82-12DF17AE4E1E,2011-ncaa-d1-natl,ncaa,226,240,132,237,163,263,272,248,273,305,318,232,106,61,247,25,266,287,137,284,140,266,291,232,235,224,44,43,203,242,238,267,161,268,236,260,186,82,186,224,197,143,286,285,,,52,115,,,222,287,314,190,289,295,277,320,322,101,48,271,293,293,297,313,253,287,299,279,97,193,292,,49,,,220,77,124,72,246,184,126,255,57,59,135,90,71,106,30,112,143,65,58,219,180,189,45,82,107,78,161,141,238,101,236,50,47,255,194,149,80,133,125,246,,,275,218,,,222,61,229,180,219,90,135,62,191,128,65,47,79,110,123,48,26,79,144,117,61,261,84,132,,301,,,b'\x11\xe8\xe1I\xc7\xef\x06\xf0\xaf\x82\x12\xdf\x17\xaeN\x1e'
11E8E149-C7EF-06F0-AF82-12DF17AE4E1E,2012-ncaa-d0-natl,ncaa,221,228,163,229,167,301,294,272,298,338,335,257,43,26,183,6,342,342,245,342,323,308,323,217,261,260,22,6,341,185,100,308,115,280,119,246,89,58,200,166,273,197,269,276,,,18,97,,,197,331,343,50,325,317,298,341,336,34,20,343,343,342,327,333,181,322,297,250,67,280,267,,16,,,197,20,111,37,288,219,158,270,5,6,81,11,2,2,115,3,2,15,9,224,177,198,1,11,4,13,115,34,100,15,119,78,111,309,205,236,78,198,55,242,,,337,335,,,197,13,229,169,197,28,136,25,263,195,4,4,1,2,2,5,2,18,34,15,95,307,104,67,,340,,,b'\x11\xe8\xe1I\xc7\xef\x06\xf0\xaf\x82\x12\xdf\x17\xaeN\x1e'
11E8E149-C7EF-06F0-AF82-12DF17AE4E1E,2012-ncaa-d1-conf-Atlantic 10,ncaa,12,13,8,13,8,13,13,9,14,14,14,12,3,1,13,1,14,14,11,13,11,11,11,13,13,13,2,1,14,6,7,12,4,11,9,12,7,5,8,10,12,9,13,14,,,6,14,,,12,13,14,1,13,13,8,14,14,2,1,14,14,14,11,11,5,11,9,11,5,10,13,,7,,,12,2,5,1,14,11,4,14,2,1,7,2,2,2,6,3,5,1,1,13,13,13,1,3,5,1,4,6,7,1,9,3,5,10,6,8,2,5,11,13,,,13,14,,,12,2,12,11,12,5,7,1,13,5,2,1,3,3,5,1,1,1,8,1,7,10,4,10,,14,,,b'\x11\xe8\xe1I\xc7\xef\x06\xf0\xaf\x82\x12\xdf\x17\xaeN\x1e'
11E8E149-C7EF-06F0-AF82-12DF17AE4E1E,2012-ncaa-d1-natl,ncaa,234,227,196,238,204,315,312,296,300,341,340,262,49,28,184,6,343,343,245,343,322,326,332,227,267,262,21,6,341,209,104,323,121,304,125,266,91,43,203,172,288,207,278,277,,,9,102,,,209,342,343,46,327,319,299,341,337,33,21,343,343,342,331,334,188,323,301,257,70,285,269,,16,,,210,10,85,22,296,210,136,274,4,4,87,11,1,1,118,2,2,4,2,229,183,206,1,11,4,7,121,24,104,5,125,67,109,319,211,244,67,201,46,247,,,340,334,,,209,3,238,182,207,31,141,24,264,198,4,4,1,2,2,5,2,18,34,15,97,309,104,64,,340,,,b'\x11\xe8\xe1I\xc7\xef\x06\xf0\xaf\x82\x12\xdf\x17\xaeN\x1e'
11E8E149-C7EF-06F0-AF82-12DF17AE4E1E,2013-ncaa-d0-natl,ncaa,23,40,16,39,17,109,113,81,188,169,178,166,46,39,139,48,167,243,15,238,241,95,118,148,137,106,59,49,239,106,154,60,82,69,104,79,83,82,64,55,201,223,268,314,,,27,17,,,60,129,338,83,241,236,253,277,300,74,74,270,317,317,287,323,229,209,225,152,25,276,308,,4,,,66,116,252,290,121,287,319,132,63,113,43,70,4,6,41,6,2,236,220,74,33,56,3,69,3,178,82,263,154,237,104,137,54,186,220,150,89,69,36,41,,,126,167,,,60,221,95,58,57,16,84,81,167,196,18,32,3,3,3,23,13,54,75,55,45,294,36,16,,277,,,b'\x11\xe8\xe1I\xc7\xef\x06\xf0\xaf\x82\x12\xdf\x17\xaeN\x1e'
11E8E149-C7EF-06F0-AF82-12DF17AE4E1E,2013-ncaa-d1-conf-Atlantic 10,ncaa,2,3,1,3,2,3,6,7,4,9,10,6,1,1,2,1,8,12,1,12,9,7,8,2,2,3,1,1,14,10,10,2,4,5,5,3,6,3,6,3,8,10,11,15,,,1,1,,,5,7,16,6,6,7,12,11,15,1,1,10,15,15,13,16,12,7,10,5,1,11,14,,1,,,5,8,12,14,5,14,15,8,3,3,3,2,4,4,7,4,2,12,10,3,2,5,1,2,6,11,4,7,10,7,5,5,3,11,11,7,3,3,1,2,,,4,7,,,5,10,4,5,4,1,5,5,12,10,1,1,2,2,2,2,2,5,2,2,3,13,2,1,,12,,,b'\x11\xe8\xe1I\xc7\xef\x06\xf0\xaf\x82\x12\xdf\x17\xaeN\x1e'
11E8E149-C7EF-06F0-AF82-12DF17AE4E1E,2013-ncaa-d1-natl,ncaa,26,40,17,41,18,120,123,93,192,190,202,171,48,43,137,49,179,254,15,251,237,110,136,151,140,108,57,49,236,120,160,69,83,80,108,83,82,71,65,56,209,232,275,316,,,21,17,,,67,150,338,83,247,240,260,284,302,75,74,271,319,318,287,324,231,212,231,158,26,282,309,,4,,,72,99,246,278,132,284,317,135,53,96,44,69,3,5,41,5,2,223,199,79,35,61,3,66,3,162,83,248,160,221,108,131,54,200,229,156,80,70,29,42,,,141,163,,,67,200,97,65,64,16,87,82,170,203,19,32,3,3,3,23,13,54,75,56,48,295,38,16,,277,,,b'\x11\xe8\xe1I\xc7\xef\x06\xf0\xaf\x82\x12\xdf\x17\xaeN\x1e'
11E8E149-C7EF-06F0-AF82-12DF17AE4E1E,2014-ncaa-d0-natl,ncaa,33,27,53,30,64,115,88,144,36,163,246,38,34,61,23,52,319,327,118,327,321,195,223,19,34,33,95,36,343,227,194,37,7,83,33,33,24,73,102,29,320,325,270,307,,,80,93,,,29,203,337,143,179,122,270,232,305,43,73,337,342,342,309,333,274,34,146,37,40,341,298,,26,,,29,38,98,219,32,157,295,20,51,66,104,58,22,22,131,23,7,177,125,22,14,37,25,104,47,47,7,110,194,62,33,51,51,296,301,181,69,102,42,71,,,255,242,,,29,159,40,27,22,12,35,96,85,243,29,29,8,9,11,34,10,13,37,19,29,334,44,26,,331,,,b'\x11\xe8\xe1I\xc7\xef\x06\xf0\xaf\x82\x12\xdf\x17\xaeN\x1e'
11E8E149-C7EF-06F0-AF82-12DF17AE4E1E,2014-ncaa-d1-conf-Atlantic 10,ncaa,2,2,1,2,1,5,4,6,5,7,11,2,1,2,3,1,12,13,8,13,11,8,8,1,3,3,3,1,13,7,6,2,1,3,2,2,1,4,5,2,12,11,12,12,,,4,4,,,2,8,13,3,5,5,9,11,12,1,2,13,13,13,10,12,10,3,5,3,3,13,12,,2,,,2,5,5,8,2,7,8,3,3,3,3,4,3,3,12,3,1,7,6,2,2,5,3,3,4,1,1,4,6,2,2,1,1,12,12,8,3,6,1,3,,,11,10,,,2,6,4,2,1,1,3,5,3,8,3,3,3,1,1,2,1,1,2,1,1,13,3,1,,13,,,b'\x11\xe8\xe1I\xc7\xef\x06\xf0\xaf\x82\x12\xdf\x17\xaeN\x1e'
11E8E149-C7EF-06F0-AF82-12DF17AE4E1E,2014-ncaa-d1-natl,ncaa,36,27,59,30,73,135,101,169,38,184,263,39,39,69,25,50,325,332,119,332,322,222,253,22,37,34,94,36,343,242,198,39,7,98,36,36,25,60,104,29,324,326,276,310,,,68,97,,,33,239,337,142,187,132,271,236,307,44,75,338,342,342,313,335,277,35,152,39,40,342,301,,25,,,32,24,85,198,33,142,288,21,46,58,105,53,15,16,135,17,7,149,90,24,15,41,24,101,48,39,7,88,198,47,36,45,54,312,301,188,57,102,37,73,,,281,244,,,33,125,43,27,22,12,36,96,92,243,32,28,8,9,10,34,10,12,37,19,31,335,43,27,,332,,,b'\x11\xe8\xe1I\xc7\xef\x06\xf0\xaf\x82\x12\xdf\x17\xaeN\x1e'
11E8E149-C7EF-06F0-AF82-12DF17AE4E1E,2014-ncaa-d1-ncaatournament,ncaa,33,2,33,33,34,39,37,61,1,42,52,14,31,61,1,37,56,62,23,60,61,63,62,1,2,8,30,16,62,60,52,44,49,55,40,34,8,24,59,26,63,64,54,63,,,11,35,,,23,57,58,3,32,20,61,36,48,10,51,55,61,59,63,62,60,40,55,7,41,63,53,,21,,,23,7,10,17,27,19,29,29,1,2,2,2,14,13,57,13,10,13,6,15,16,31,1,1,35,24,49,1,52,2,40,16,47,60,60,59,19,49,32,59,,,61,58,,,23,5,21,40,28,17,31,37,49,59,1,2,27,20,22,30,12,49,3,16,42,59,35,55,,61,,,b'\x11\xe8\xe1I\xc7\xef\x06\xf0\xaf\x82\x12\xdf\x17\xaeN\x1e'
11E8E149-C7EF-06F0-AF82-12DF17AE4E1E,2015-ncaa-d0-natl,ncaa,68,86,48,82,57,162,124,128,146,126,141,123,169,150,220,152,270,283,153,283,313,156,143,160,182,194,246,180,310,205,231,40,32,87,82,97,84,222,218,143,244,266,236,288,,,258,262,,,98,126,303,217,273,219,267,190,236,197,194,321,330,333,301,305,273,58,157,136,152,287,264,,174,,,101,77,134,259,40,241,310,37,11,38,14,18,71,97,29,100,40,233,213,14,9,34,9,18,106,131,32,220,231,197,82,97,85,203,237,147,228,217,75,65,,,146,173,,,98,221,218,26,102,18,57,110,152,277,6,11,40,61,64,68,33,55,108,68,50,273,172,45,,262,,,b'\x11\xe8\xe1I\xc7\xef\x06\xf0\xaf\x82\x12\xdf\x17\xaeN\x1e'
11E8E149-C7EF-06F0-AF82-12DF17AE4E1E,2015-ncaa-d1-conf-Atlantic 10,ncaa,4,4,5,4,6,9,6,11,3,7,10,3,8,6,13,5,11,12,8,12,10,11,11,4,6,8,9,8,11,9,6,5,3,6,4,6,5,6,11,8,10,11,11,12,,,9,12,,,4,11,14,5,11,7,12,7,10,8,7,12,13,13,12,12,10,4,6,6,7,11,12,,7,,,4,1,3,5,6,8,11,5,1,1,2,2,1,1,3,1,2,4,4,4,3,4,2,3,3,1,3,2,6,1,4,2,5,11,9,7,8,10,4,5,,,11,8,,,4,4,6,4,4,1,2,2,10,11,1,2,2,2,2,1,1,1,4,2,3,11,9,3,,11,,,b'\x11\xe8\xe1I\xc7\xef\x06\xf0\xaf\x82\x12\xdf\x17\xaeN\x1e'
11E8E149-C7EF-06F0-AF82-12DF17AE4E1E,2015-ncaa-d1-natl,ncaa,80,86,55,88,71,196,157,158,157,146,165,132,180,159,218,151,284,299,146,299,316,200,179,167,189,202,243,176,310,230,239,48,35,105,91,112,89,206,220,147,270,275,245,290,,,244,271,,,115,160,303,211,278,228,274,202,240,198,193,324,331,334,307,309,274,59,163,141,150,290,271,,173,,,116,54,112,227,41,229,307,41,9,25,15,15,59,86,31,86,40,207,170,16,9,39,9,17,109,109,35,200,239,166,91,81,86,236,245,155,213,223,67,69,,,171,165,,,115,184,224,32,118,18,60,112,158,281,6,10,42,63,65,71,33,56,114,72,52,278,180,47,,260,,,b'\x11\xe8\xe1I\xc7\xef\x06\xf0\xaf\x82\x12\xdf\x17\xaeN\x1e'
11E8E149-C7EF-06F0-AF82-12DF17AE4E1E,2016-ncaa-d0-natl,ncaa,177,204,114,198,161,270,274,264,264,323,322,262,75,74,123,22,322,338,44,336,282,290,296,192,203,213,27,18,301,290,282,169,66,235,172,170,37,143,246,147,349,348,298,318,,,78,170,,,200,287,340,238,319,314,325,342,335,75,72,331,341,341,337,338,302,198,286,188,124,349,313,,64,,,199,54,99,120,134,161,254,52,48,13,318,19,39,25,302,24,20,79,49,93,82,162,33,71,86,50,66,158,282,96,172,134,206,319,295,279,176,263,31,115,,,275,197,,,200,57,238,146,208,37,89,69,160,255,34,11,39,24,21,35,9,45,129,74,123,336,171,25,,316,,,b'\x11\xe8\xe1I\xc7\xef\x06\xf0\xaf\x82\x12\xdf\x17\xaeN\x1e'
11E8E149-C7EF-06F0-AF82-12DF17AE4E1E,2016-ncaa-d1-conf-Atlantic 10,ncaa,6,6,4,6,6,12,12,10,11,14,13,7,3,3,10,2,14,14,5,14,12,13,12,6,7,7,4,2,14,12,11,9,5,9,6,9,6,4,6,7,14,14,13,13,,,1,4,,,7,14,14,9,13,13,12,14,13,4,3,14,14,14,14,13,12,10,10,9,4,14,13,,1,,,7,2,4,7,6,9,12,4,2,1,10,1,1,1,14,1,1,4,1,5,5,8,1,3,1,2,5,5,11,4,6,4,4,14,14,14,5,8,1,3,,,13,10,,,7,1,9,8,7,2,4,4,8,12,2,1,1,1,1,3,1,3,3,5,5,14,5,1,,14,,,b'\x11\xe8\xe1I\xc7\xef\x06\xf0\xaf\x82\x12\xdf\x17\xaeN\x1e'
11E8E149-C7EF-06F0-AF82-12DF17AE4E1E,2016-ncaa-d1-natl,ncaa,191,204,142,205,197,300,300,300,272,341,337,266,90,83,126,23,328,339,41,339,277,323,332,200,211,217,26,19,299,310,286,204,69,272,186,200,37,113,250,155,349,349,304,325,,,61,178,,,215,322,341,235,323,322,328,344,338,76,72,332,340,341,339,340,306,205,294,200,125,349,314,,65,,,215,28,72,83,148,148,234,55,33,11,322,18,30,18,305,18,21,37,15,107,90,174,32,69,84,34,69,126,286,60,186,123,207,332,299,284,155,268,23,129,,,302,192,,,215,20,247,164,221,41,95,70,167,257,36,11,39,24,22,34,9,44,132,77,130,336,173,30,,317,,,b'\x11\xe8\xe1I\xc7\xef\x06\xf0\xaf\x82\x12\xdf\x17\xaeN\x1e'
11E8E149-C7EF-06F0-AF82-12DF17AE4E1E,2017-ncaa-d0-natl,ncaa,57,97,24,88,24,136,153,127,207,214,208,210,65,61,126,65,161,235,26,224,205,140,156,163,150,146,53,60,208,145,165,82,42,95,85,184,210,146,131,174,330,338,341,348,,,161,166,,,110,159,346,38,268,277,303,311,316,106,109,262,312,306,320,338,235,203,238,268,51,345,347,,54,,,115,120,251,249,203,330,323,188,6,17,13,7,16,25,34,25,6,203,172,104,57,118,1,4,18,71,42,208,165,155,85,118,43,251,259,208,39,46,31,59,,,87,63,,,110,190,141,91,108,18,109,54,272,282,2,4,3,10,8,27,5,26,60,34,51,327,19,12,,206,,,b'\x11\xe8\xe1I\xc7\xef\x06\xf0\xaf\x82\x12\xdf\x17\xaeN\x1e'
11E8E149-C7EF-06F0-AF82-12DF17AE4E1E,2017-ncaa-d1-conf-Atlantic 10,ncaa,5,5,5,5,5,8,9,10,5,10,13,5,4,5,5,2,9,11,2,11,4,10,12,2,2,2,1,2,8,11,7,6,1,9,3,10,13,3,7,8,14,14,14,14,,,2,4,,,5,13,14,4,8,9,13,11,14,2,5,11,12,12,13,14,11,9,10,13,3,14,14,,2,,,5,2,8,4,12,12,9,12,2,2,4,3,1,1,1,1,1,3,1,9,5,8,1,3,1,1,1,2,7,1,3,4,2,14,13,10,1,1,1,2,,,7,1,,,5,3,5,4,5,2,6,1,12,10,2,2,1,1,1,1,1,1,1,1,4,14,1,1,,5,,,b'\x11\xe8\xe1I\xc7\xef\x06\xf0\xaf\x82\x12\xdf\x17\xaeN\x1e'
11E8E149-C7EF-06F0-AF82-12DF17AE4E1E,2017-ncaa-d1-natl,ncaa,69,97,27,92,27,162,186,156,218,249,241,218,79,73,133,62,190,260,25,250,206,175,199,174,159,154,49,62,203,173,177,101,45,126,94,206,217,121,136,176,337,339,344,348,,,131,168,,,119,203,347,38,280,288,308,317,322,109,109,264,313,310,323,340,240,217,249,275,52,347,348,,57,,,121,84,229,222,217,328,322,198,5,10,14,6,13,20,35,19,7,160,118,110,60,130,1,4,18,54,45,175,177,112,94,98,43,273,263,215,34,49,23,65,,,104,59,,,119,144,150,105,116,19,116,55,278,283,2,4,3,10,9,27,5,25,62,37,57,331,19,13,,212,,,b'\x11\xe8\xe1I\xc7\xef\x06\xf0\xaf\x82\x12\xdf\x17\xaeN\x1e'
11E8E149-C7EF-06F0-AF82-12DF17AE4E1E,2018-ncaa-d0-natl,ncaa,38,57,25,54,26,120,137,121,178,137,120,196,144,145,160,171,113,174,20,176,225,121,128,178,149,134,162,170,125,92,102,65,4,64,30,195,270,140,127,185,286,292,319,333,,,97,108,,,88,153,344,19,253,259,288,242,238,198,216,184,266,266,301,328,180,150,156,291,67,324,331,,23,,,97,103,198,211,156,252,258,178,72,101,62,113,13,8,306,8,7,156,154,111,84,108,13,86,27,8,4,163,102,68,30,183,157,187,172,195,39,41,69,49,,,50,38,,,88,212,115,61,80,15,55,35,116,102,35,42,6,2,2,12,4,3,44,8,91,266,21,35,,142,,,b'\x11\xe8\xe1I\xc7\xef\x06\xf0\xaf\x82\x12\xdf\x17\xaeN\x1e'
11E8E149-C7EF-06F0-AF82-12DF17AE4E1E,2018-ncaa-d1-conf-Atlantic 10,ncaa,3,3,4,3,4,7,8,9,7,9,10,9,7,10,3,9,5,8,2,8,8,9,11,7,6,6,6,7,3,6,3,6,1,5,2,9,10,5,6,9,12,10,13,14,,,5,7,,,3,13,13,3,9,9,11,10,10,7,10,6,9,9,11,13,6,6,5,11,5,12,13,,4,,,4,1,2,1,9,9,8,9,1,1,2,2,2,2,12,2,2,1,1,7,7,6,1,2,7,1,1,2,3,1,2,4,8,9,6,6,3,3,4,6,,,6,2,,,3,2,6,2,3,2,4,2,8,8,1,1,3,3,3,2,1,1,2,1,4,7,3,4,,4,,,b'\x11\xe8\xe1I\xc7\xef\x06\xf0\xaf\x82\x12\xdf\x17\xaeN\x1e'
11E8E149-C7EF-06F0-AF82-12DF17AE4E1E,2018-ncaa-d1-natl,ncaa,45,57,31,59,33,147,161,147,193,169,156,205,161,165,162,168,135,200,21,204,224,152,168,191,161,143,162,170,120,112,115,82,5,76,32,222,275,116,134,193,301,301,325,334,,,69,108,,,101,193,344,18,266,273,295,250,240,200,216,187,266,267,305,330,185,157,171,297,67,330,333,,24,,,109,77,166,181,170,240,235,189,55,77,68,108,11,5,309,5,8,106,96,121,98,118,13,84,27,5,5,128,115,41,32,166,157,214,182,208,27,41,58,53,,,58,37,,,101,178,124,68,89,15,62,36,131,106,36,41,7,2,2,12,4,3,46,8,94,275,20,35,,146,,,b'\x11\xe8\xe1I\xc7\xef\x06\xf0\xaf\x82\x12\xdf\x17\xaeN\x1e'
11E8E149-C7EF-06F0-AF82-12DF17AE4E1E,2019-ncaa-d0-natl,ncaa,31,45,26,45,36,127,130,96,206,250,268,166,31,18,126,13,298,323,73,321,296,129,192,127,154,102,31,14,333,152,162,116,2,127,55,94,76,17,32,36,319,315,347,348,,,41,56,,,81,206,349,226,258,249,265,324,337,51,41,337,348,348,317,346,241,268,269,150,7,337,349,,9,,,88,78,159,159,194,240,227,187,39,53,80,64,21,19,187,19,17,108,99,142,106,122,7,55,33,2,2,185,162,55,55,68,42,220,181,127,6,12,27,77,,,92,43,,,81,179,95,53,61,8,34,12,117,82,15,14,8,5,5,3,1,1,53,3,25,302,4,13,,208,,,b'\x11\xe8\xe1I\xc7\xef\x06\xf0\xaf\x82\x12\xdf\x17\xaeN\x1e'
11E8E149-C7EF-06F0-AF82-12DF17AE4E1E,2019-ncaa-d1-conf-Atlantic 10,ncaa,1,1,1,1,4,5,5,4,4,12,14,4,1,1,1,1,11,12,1,11,11,7,10,2,2,2,1,1,13,7,5,5,1,7,2,2,2,2,2,1,11,11,14,14,,,1,1,,,2,10,14,10,8,8,12,13,14,1,1,11,14,14,13,14,10,11,10,3,1,11,14,,1,,,2,1,3,3,8,11,9,6,2,2,5,2,1,1,8,1,1,1,2,5,4,3,1,3,1,1,1,2,5,1,2,2,1,8,4,4,1,2,1,4,,,6,2,,,2,6,2,3,1,1,2,2,4,5,2,1,1,1,1,1,1,1,1,1,2,11,1,1,,9,,,b'\x11\xe8\xe1I\xc7\xef\x06\xf0\xaf\x82\x12\xdf\x17\xaeN\x1e'
11E8E149-C7EF-06F0-AF82-12DF17AE4E1E,2019-ncaa-d1-natl,ncaa,39,44,40,47,54,167,163,131,217,283,294,180,39,24,130,14,315,332,74,331,299,176,248,136,160,106,29,14,332,188,169,155,2,166,61,112,78,8,36,39,329,322,348,350,,,27,59,,,91,260,349,223,268,261,278,329,339,52,40,340,348,348,317,346,244,276,284,159,7,339,351,,9,,,97,52,131,105,208,219,199,206,28,35,88,57,14,15,194,15,17,56,49,155,116,140,7,44,35,1,2,154,169,23,61,56,44,256,194,143,4,13,24,85,,,125,46,,,91,115,101,65,71,9,38,14,124,92,14,13,8,5,5,3,1,1,54,4,27,305,4,14,,213,,,b'\x11\xe8\xe1I\xc7\xef\x06\xf0\xaf\x82\x12\xdf\x17\xaeN\x1e'
11E8E149-C7EF-06F0-AF82-12DF17AE4E1E,2019-ncaa-d1-ncaatournament,ncaa,33,2,33,33,36,59,58,56,58,63,62,59,31,30,39,3,50,47,47,47,10,56,58,52,51,56,2,2,33,44,37,35,4,40,20,44,3,17,49,44,59,55,44,51,,,10,30,,,51,59,50,7,59,58,52,63,62,4,4,47,41,42,54,55,37,16,26,33,42,55,38,,16,,,52,9,8,14,30,5,23,7,23,8,63,14,8,8,31,8,14,9,3,35,33,45,50,59,18,4,4,11,37,5,20,10,35,61,50,49,35,62,18,60,,,45,20,,,51,8,54,36,51,32,27,21,13,43,50,11,17,16,16,17,4,4,43,21,28,55,61,36,,29,,,b'\x11\xe8\xe1I\xc7\xef\x06\xf0\xaf\x82\x12\xdf\x17\xaeN\x1e'
11E8E149-C7EF-06F0-AF82-12DF17AE4E1E,2020-ncaa-d0-natl,ncaa,52,81,8,75,22,156,136,86,216,216,261,141,44,20,199,26,314,342,3,343,337,161,229,154,166,110,72,31,334,269,292,92,53,174,179,140,176,21,28,56,223,220,310,330,,,151,181,,,83,191,340,273,251,217,225,295,313,66,45,339,346,345,303,348,320,198,287,215,8,265,332,,77,,,87,64,93,198,48,156,285,34,50,51,122,41,98,102,141,103,58,170,147,32,31,47,70,73,175,72,53,261,292,186,179,116,171,222,220,166,11,14,26,51,,,268,263,,,83,172,144,39,72,12,23,41,67,183,24,24,56,64,63,28,7,27,123,67,66,278,3,16,,329,,,b'\x11\xe8\xe1I\xc7\xef\x06\xf0\xaf\x82\x12\xdf\x17\xaeN\x1e'
11E8E149-C7EF-06F0-AF82-12DF17AE4E1E,2020-ncaa-d1-conf-Atlantic 10,ncaa,3,3,1,3,2,6,2,1,7,3,6,3,6,2,9,2,11,13,1,13,14,5,9,6,7,3,9,5,14,13,13,6,2,9,9,11,13,1,1,3,4,3,14,14,,,5,4,,,3,5,11,8,10,4,5,8,11,7,2,13,14,14,9,12,13,8,12,12,1,4,14,,2,,,3,4,5,6,3,10,13,4,2,3,5,2,4,4,10,4,2,7,7,3,3,3,3,2,8,3,2,14,13,10,9,5,8,5,7,4,1,1,1,1,,,10,10,,,3,11,7,3,3,2,3,4,7,10,2,2,4,3,3,3,2,2,9,5,4,8,1,1,,12,,,b'\x11\xe8\xe1I\xc7\xef\x06\xf0\xaf\x82\x12\xdf\x17\xaeN\x1e'
11E8E149-C7EF-06F0-AF82-12DF17AE4E1E,2020-ncaa-d1-natl,ncaa,60,81,12,76,35,196,175,114,229,259,280,153,53,24,205,27,321,342,2,343,336,201,282,169,176,118,71,30,333,295,299,117,57,221,191,163,178,15,30,64,242,229,319,330,,,131,192,,,94,251,341,273,260,235,237,302,317,73,46,338,347,347,308,349,324,202,296,227,9,273,332,,79,,,96,50,72,155,51,136,269,35,42,37,127,39,91,92,145,92,59,133,89,36,32,54,66,72,177,57,57,231,299,163,191,103,175,250,231,183,8,16,24,53,,,290,260,,,94,111,157,44,80,13,24,43,77,188,24,23,58,65,64,32,7,27,127,68,67,289,3,15,,330,,,b'\x11\xe8\xe1I\xc7\xef\x06\xf0\xaf\x82\x12\xdf\x17\xaeN\x1e'
11E8E149-C7EF-06F0-AF82-12DF17AE4E1E,2021-ncaa-d0-natl,ncaa,128,43,273,72,281,271,273,283,186,304,311,214,108,149,45,23,290,300,151,297,135,287,291,104,111,136,14,7,272,242,62,247,19,253,19,226,60,55,199,128,307,290,305,318,,,47,137,,,103,292,332,224,230,250,282,325,336,27,40,274,294,291,298,315,153,100,107,137,137,309,305,,50,,,94,46,63,63,92,86,104,69,36,36,108,31,26,34,18,34,22,61,50,62,40,101,11,57,48,28,19,37,62,29,19,39,58,317,310,244,66,191,55,207,,,288,192,,,103,54,118,75,79,29,89,113,158,259,31,24,16,37,36,74,10,16,16,8,51,335,145,99,,267,,,b'\x11\xe8\xe1I\xc7\xef\x06\xf0\xaf\x82\x12\xdf\x17\xaeN\x1e'
11E8E149-C7EF-06F0-AF82-12DF17AE4E1E,2021-ncaa-d1-conf-Atlantic 10,ncaa,7,2,13,2,14,13,12,14,8,14,14,11,6,9,1,1,12,14,3,14,7,14,14,4,4,4,1,1,10,14,3,13,3,13,2,13,7,1,9,9,12,10,13,13,,,1,10,,,4,14,11,13,9,11,12,13,14,1,2,8,9,9,11,13,6,4,5,10,7,10,13,,6,,,3,1,1,1,4,2,2,4,1,1,1,1,1,1,4,1,4,1,1,3,4,4,1,1,9,1,3,1,3,1,2,1,2,14,12,9,1,6,1,8,,,13,4,,,4,1,4,2,2,2,3,4,9,12,1,1,6,6,6,3,3,2,1,2,1,12,5,4,,7,,,b'\x11\xe8\xe1I\xc7\xef\x06\xf0\xaf\x82\x12\xdf\x17\xaeN\x1e'
11E8E149-C7EF-06F0-AF82-12DF17AE4E1E,2021-ncaa-d1-natl,ncaa,139,43,281,72,287,281,285,291,195,307,312,219,117,159,43,21,297,303,151,302,135,294,293,105,113,137,14,7,267,257,65,257,20,264,19,237,61,50,203,132,309,292,307,318,,,40,139,,,117,296,332,225,237,263,288,330,336,28,40,279,292,291,300,318,159,105,113,144,137,311,307,,52,,,101,42,60,59,102,81,96,75,33,32,106,28,26,32,21,32,22,56,47,68,42,109,10,55,45,26,20,33,65,26,19,37,58,319,312,251,59,197,52,215,,,292,189,,,117,52,123,83,83,31,92,117,168,260,31,22,16,37,36,73,10,16,16,8,53,335,147,100,,268,,,b'\x11\xe8\xe1I\xc7\xef\x06\xf0\xaf\x82\x12\xdf\x17\xaeN\x1e'
11E8E149-C7EF-06F0-AF82-12DF17AE4E1E,2022-ncaa-d0-natl,ncaa,107,87,163,99,189,193,173,142,235,216,223,199,84,68,191,60,314,319,182,317,327,175,222,192,225,168,120,58,338,127,109,261,104,216,130,129,90,35,59,65,183,144,239,268,,,96,144,,,98,245,280,210,211,170,104,237,236,77,57,325,335,334,181,247,118,309,252,121,43,183,248,,94,,,98,62,89,117,143,166,219,112,21,17,115,25,78,63,244,64,55,94,110,103,103,80,27,37,141,35,104,138,109,80,130,11,3,162,110,22,36,52,23,30,,,202,173,,,98,133,149,62,86,49,88,79,182,231,17,8,86,70,72,52,57,29,131,60,7,161,39,20,,209,,,b'\x11\xe8\xe1I\xc7\xef\x06\xf0\xaf\x82\x12\xdf\x17\xaeN\x1e'
11E8E149-C7EF-06F0-AF82-12DF17AE4E1E,2022-ncaa-d1-conf-Atlantic 10,ncaa,5,5,10,5,11,10,11,6,12,13,12,11,4,4,10,3,13,13,11,13,10,9,10,11,11,10,3,3,14,4,3,13,6,10,6,6,3,2,3,3,9,6,13,13,,,4,8,,,4,11,10,10,9,10,2,12,10,4,4,14,13,13,4,7,2,10,6,6,3,6,13,,6,,,4,2,2,3,3,7,11,2,1,1,2,1,5,4,11,4,4,2,3,2,2,2,1,1,10,2,6,4,3,2,6,1,1,9,6,1,2,4,1,1,,,11,4,,,4,4,8,3,4,3,4,5,8,13,1,1,7,6,6,3,4,5,6,6,1,7,4,1,,5,,,b'\x11\xe8\xe1I\xc7\xef\x06\xf0\xaf\x82\x12\xdf\x17\xaeN\x1e'
11E8E149-C7EF-06F0-AF82-12DF17AE4E1E,2022-ncaa-d1-natl,ncaa,120,87,213,111,237,228,209,177,249,251,259,213,99,87,195,59,327,329,177,328,330,218,269,205,240,176,115,58,336,156,124,300,109,263,139,163,93,22,61,70,211,161,256,277,,,66,152,,,120,287,285,198,224,189,113,249,243,80,57,328,336,337,189,258,125,315,265,136,43,195,257,,96,,,116,44,69,73,161,149,180,126,13,9,126,24,67,53,252,52,55,55,62,118,113,99,27,35,141,20,109,96,124,48,139,5,3,204,125,26,29,54,17,35,,,238,168,,,120,89,163,76,101,56,99,79,188,232,18,7,92,73,73,54,53,32,136,65,7,181,38,19,,207,,,b'\x11\xe8\xe1I\xc7\xef\x06\xf0\xaf\x82\x12\xdf\x17\xaeN\x1e'
11E8E149-C7EF-06F0-AF82-12DF17AE4E1E,2023-ncaa-d0-natl,ncaa,120,117,116,120,136,79,54,35,130,65,69,139,61,63,96,108,330,351,10,351,360,73,97,125,147,103,233,94,357,177,256,95,27,123,174,60,160,67,36,34,67,76,220,273,,,112,49,,,79,76,30,129,53,29,5,47,53,56,62,343,356,356,34,64,196,78,117,42,64,62,230,,90,,,74,229,263,262,194,295,302,152,133,114,217,71,148,142,190,135,68,243,265,164,152,112,53,97,108,49,27,318,256,240,174,227,147,71,90,112,114,71,124,55,,,244,336,,,79,293,116,67,75,204,249,261,279,318,111,91,134,127,126,242,287,31,312,221,210,68,108,116,,292,,,b'\x11\xe8\xe1I\xc7\xef\x06\xf0\xaf\x82\x12\xdf\x17\xaeN\x1e'
11E8E149-C7EF-06F0-AF82-12DF17AE4E1E,2023-ncaa-d1-conf-Atlantic 10,ncaa,4,4,9,4,9,6,3,3,5,3,3,3,7,7,8,7,15,15,4,15,15,6,6,7,7,5,15,10,15,9,12,10,1,11,10,5,9,4,3,3,2,3,11,11,,,9,9,,,5,4,1,5,3,2,1,1,2,7,5,15,15,15,3,2,9,9,9,3,8,2,11,,9,,,5,9,8,5,13,13,10,11,5,3,12,3,10,10,11,9,9,5,9,12,13,7,3,4,11,2,1,14,12,4,10,7,4,1,1,1,6,6,4,2,,,9,12,,,5,12,8,2,5,12,11,8,13,14,7,3,13,12,11,9,13,1,14,6,7,1,7,4,,9,,,b'\x11\xe8\xe1I\xc7\xef\x06\xf0\xaf\x82\x12\xdf\x17\xaeN\x1e'
11E8E149-C7EF-06F0-AF82-12DF17AE4E1E,2023-ncaa-d1-natl,ncaa,114,117,103,122,119,70,41,29,122,55,62,143,57,64,92,108,330,353,10,353,361,60,82,120,147,97,232,92,357,186,270,96,28,123,175,53,155,64,37,36,68,89,212,275,,,111,46,,,81,59,33,131,52,25,7,49,60,53,66,346,356,356,36,74,210,85,132,42,64,76,224,,86,,,78,245,275,272,188,299,316,157,136,125,208,78,161,146,205,143,65,258,283,163,158,126,57,99,117,46,28,326,270,250,175,229,144,81,107,121,112,69,136,67,,,258,342,,,81,312,111,72,79,208,255,269,282,318,115,100,143,127,124,245,285,31,311,222,205,81,102,124,,308,,,b'\x11\xe8\xe1I\xc7\xef\x06\xf0\xaf\x82\x12\xdf\x17\xaeN\x1e'
11E8E149-C7EF-06F0-AF82-12DF17AE4E1E,2024-ncaa-d0-natl,ncaa,264,209,325,253,336,307,256,292,184,233,225,211,271,297,176,236,356,348,334,344,348,316,323,212,257,256,307,213,347,138,52,331,184,291,131,276,242,81,210,232,107,33,143,39,,,31,153,,,209,343,248,157,233,154,130,121,96,222,234,346,323,314,194,165,50,283,160,211,215,45,97,,123,,,211,25,27,14,232,5,4,158,288,162,355,343,15,9,335,10,120,8,15,306,291,205,348,360,54,31,184,24,52,18,131,134,318,178,42,156,80,193,19,27,,,354,352,,,209,18,211,197,214,146,128,69,27,17,348,292,65,31,28,36,86,109,147,116,268,79,189,47,,346,,,b'\x11\xe8\xe1I\xc7\xef\x06\xf0\xaf\x82\x12\xdf\x17\xaeN\x1e'
11E8E149-C7EF-06F0-AF82-12DF17AE4E1E,2024-ncaa-d1-conf-Atlantic 10,ncaa,10,9,14,10,14,11,10,10,11,7,5,8,13,13,12,13,13,12,15,12,13,12,12,11,11,10,14,13,15,6,4,9,7,8,6,8,10,5,8,8,6,3,6,3,,,9,11,,,10,13,7,2,9,7,2,4,2,13,11,14,12,12,5,3,3,8,5,7,10,3,4,,12,,,10,5,5,2,8,2,2,7,12,8,15,14,7,6,12,7,11,3,4,8,8,7,15,15,10,5,7,5,4,5,6,8,13,8,5,9,6,8,4,2,,,14,15,,,10,3,10,7,10,8,6,9,2,3,15,13,8,8,8,7,7,7,10,9,12,5,10,4,,14,,,b'\x11\xe8\xe1I\xc7\xef\x06\xf0\xaf\x82\x12\xdf\x17\xaeN\x1e'
11E8E149-C7EF-06F0-AF82-12DF17AE4E1E,2024-ncaa-d1-natl,ncaa,243,211,320,242,331,292,231,258,187,200,189,209,260,281,175,241,354,339,333,334,347,284,299,210,260,253,308,218,348,125,60,305,176,248,126,259,268,121,208,239,87,38,130,43,,,50,156,,,194,337,234,161,236,157,116,117,89,227,236,344,314,306,181,156,55,251,145,222,220,49,99,,127,,,194,29,40,24,200,10,8,143,292,202,347,338,19,15,286,14,119,12,20,262,250,159,343,357,60,56,176,40,60,34,126,159,313,148,52,154,98,183,21,24,,,352,354,,,194,24,214,144,198,120,115,91,29,20,341,289,57,39,38,48,101,129,152,133,251,78,186,43,,341,,,b'\x11\xe8\xe1I\xc7\xef\x06\xf0\xaf\x82\x12\xdf\x17\xaeN\x1e'
11E8E149-C7EF-06F0-AF82-12DF17AE4E1E,2025-ncaa-d0-natl,genius_ncaa,171,130,248,151,270,268,258,199,294,203,149,269,308,272,341,269,234,182,316,191,207,204,189,317,325,320,294,302,140,29,11,284,319,142,107,262,227,253,247,277,123,86,155,92,,,282,348,,264,175,270,232,176,261,234,118,162,92,306,249,201,128,138,107,68,12,258,49,241,294,85,138,,337,,305,174,45,21,50,76,22,25,107,127,160,102,261,224,264,56,269,344,59,104,95,114,63,319,240,333,248,319,73,11,142,107,89,293,101,52,70,179,191,31,24,,,196,199,,332,175,79,256,98,183,84,41,60,37,39,166,218,275,304,304,103,183,296,137,220,144,56,228,50,,126,,323,b'\x11\xe8\xe1I\xc7\xef\x06\xf0\xaf\x82\x12\xdf\x17\xaeN\x1e'
11E8E149-C7EF-06F0-AF82-12DF17AE4E1E,2025-ncaa-d1-conf-Atlantic 10,genius_ncaa,9,8,11,9,11,10,11,7,13,9,4,13,12,12,13,11,8,6,12,7,9,5,6,15,14,13,12,13,5,1,1,13,14,5,10,11,9,11,8,10,6,5,7,8,,,14,15,,12,10,8,6,1,10,10,3,6,2,11,10,6,6,6,3,1,1,12,1,9,13,5,7,,15,,14,10,6,4,2,9,3,2,11,7,6,7,9,13,13,3,13,15,7,8,9,11,8,12,7,14,11,14,9,1,10,10,8,11,5,4,7,10,9,2,1,,,9,10,,15,10,7,11,9,10,9,7,4,6,3,8,9,13,15,15,9,12,14,11,11,9,4,13,4,,4,,15,b'\x11\xe8\xe1I\xc7\xef\x06\xf0\xaf\x82\x12\xdf\x17\xaeN\x1e'
11E8E149-C7EF-06F0-AF82-12DF17AE4E1E,2025-ncaa-d1-natl,genius_ncaa,184,130,304,161,319,308,297,249,307,237,182,287,321,278,342,268,250,203,318,212,204,249,245,324,329,325,290,301,125,32,12,308,323,179,120,291,232,215,257,288,139,94,180,94,,,263,349,,260,189,320,239,169,275,253,124,177,94,310,256,203,130,140,123,74,13,266,57,259,297,94,148,,338,,307,190,29,14,23,87,13,13,120,114,138,114,262,209,247,54,251,345,37,55,102,124,71,318,239,331,229,323,49,12,108,120,74,295,122,57,82,159,197,22,24,,,224,189,,333,189,35,272,111,204,95,45,61,42,40,173,218,277,305,305,104,182,303,142,230,155,65,233,52,,124,,323,b'\x11\xe8\xe1I\xc7\xef\x06\xf0\xaf\x82\x12\xdf\x17\xaeN\x1e'
11E8E149-C7EF-06F0-AF82-12DF17AE4E1E,2026-ncaa-d0-natl,genius_ncaa,87,152,49,136,50,92,93,50,229,75,26,238,186,145,278,284,46,43,180,37,164,45,30,262,242,231,260,298,75,5,9,111,276,41,102,124,234,334,193,227,40,62,154,185,,,353,322,,293,105,58,148,15,135,141,51,92,29,254,231,70,68,64,39,12,4,199,33,173,271,55,220,,328,,253,110,255,149,243,36,112,223,36,247,273,121,193,360,359,264,358,353,287,310,42,101,62,355,186,360,334,276,250,9,307,102,94,70,36,58,16,278,123,150,49,,,40,168,,157,105,295,172,91,120,116,27,87,22,69,151,190,350,342,341,172,279,296,132,209,27,47,190,85,,76,,218,b'\x11\xe8\xe1I\xc7\xef\x06\xf0\xaf\x82\x12\xdf\x17\xaeN\x1e'
11E8E149-C7EF-06F0-AF82-12DF17AE4E1E,2026-ncaa-d1-conf-Atlantic 10,genius_ncaa,8,8,1,8,1,9,13,8,14,12,3,14,10,12,7,13,2,2,9,2,2,5,3,14,13,12,3,12,1,1,3,13,14,7,11,14,14,11,9,14,13,13,14,14,,,14,14,,8,13,3,7,1,9,13,8,12,3,10,12,2,2,2,5,3,1,13,7,14,11,13,14,,14,,8,13,13,9,5,11,10,7,11,6,8,7,4,14,14,9,14,14,11,8,10,13,13,10,4,13,13,14,7,3,12,11,5,3,12,12,8,12,10,4,5,,,2,2,,5,13,6,12,14,13,13,9,5,10,7,6,8,14,14,14,11,8,13,7,12,5,12,12,4,,2,,5,b'\x11\xe8\xe1I\xc7\xef\x06\xf0\xaf\x82\x12\xdf\x17\xaeN\x1e'
11E8E149-C7EF-06F0-AF82-12DF17AE4E1E,2026-ncaa-d1-natl,genius_ncaa,74,152,13,138,14,83,90,32,247,67,22,247,213,150,295,285,43,28,202,22,147,28,14,275,266,263,262,303,73,3,16,87,275,22,117,143,267,353,238,271,39,64,150,188,,,358,329,,310,139,32,174,16,183,189,86,121,53,276,253,84,78,72,75,27,10,228,44,234,299,69,220,,329,,274,151,286,175,266,45,130,244,37,270,272,170,171,360,357,280,357,350,310,333,55,131,83,352,187,360,339,275,273,16,314,117,92,59,21,69,19,328,193,173,65,,,22,152,,162,139,320,217,113,164,134,32,70,30,78,160,143,349,341,341,155,256,281,125,189,26,62,263,110,,87,,225,b'\x11\xe8\xe1I\xc7\xef\x06\xf0\xaf\x82\x12\xdf\x17\xaeN\x1e'
11E8E149-C7F3-8BD0-AF82-12DF17AE4E1E,2010-ncaa-d0-natl,ncaa,16,19,20,19,36,24,29,22,74,125,186,52,4,4,51,10,102,116,106,113,89,27,34,30,35,25,20,14,296,61,131,75,101,51,124,39,154,149,44,38,23,34,202,259,,,237,113,,,21,34,120,252,26,40,45,212,295,5,8,173,201,201,64,128,125,180,139,58,55,42,237,,115,,,22,263,311,287,224,329,312,241,82,114,78,52,108,153,16,152,51,277,302,174,130,71,10,48,58,206,101,310,131,290,124,234,86,26,54,64,75,32,101,114,,,121,297,,,21,315,20,52,24,102,197,141,268,250,30,41,46,83,83,110,181,80,194,143,126,74,36,66,,262,,,b'\x11\xe8\xe1I\xc7\xf3\x8b\xd0\xaf\x82\x12\xdf\x17\xaeN\x1e'
11E8E149-C7F3-8BD0-AF82-12DF17AE4E1E,2010-ncaa-d1-conf-WAC,ncaa,1,1,1,1,2,1,1,2,1,2,4,1,1,1,1,1,3,3,1,3,2,2,2,1,1,1,1,1,8,2,3,2,2,2,3,1,1,4,3,1,1,1,7,8,,,3,3,,,1,2,3,5,1,1,2,4,8,1,1,4,4,4,3,3,4,4,4,1,3,1,8,,2,,,1,3,7,8,5,8,8,4,2,3,3,1,2,2,1,2,2,8,8,4,2,1,1,2,2,3,2,6,3,6,3,6,5,1,1,1,4,2,3,2,,,3,8,,,1,8,1,1,1,1,4,3,7,8,1,1,2,2,2,1,5,2,3,2,3,1,2,2,,8,,,b'\x11\xe8\xe1I\xc7\xf3\x8b\xd0\xaf\x82\x12\xdf\x17\xaeN\x1e'
11E8E149-C7F3-8BD0-AF82-12DF17AE4E1E,2010-ncaa-d1-natl,ncaa,17,19,22,19,37,25,30,26,76,130,196,54,5,5,54,10,111,127,105,124,89,28,36,30,35,26,17,13,296,65,134,83,106,57,129,43,156,134,45,38,24,37,213,263,,,221,113,,,21,38,120,251,28,40,46,218,296,5,8,173,202,204,64,130,129,183,143,61,53,42,237,,116,,,22,252,305,282,232,326,309,244,71,101,84,53,99,144,16,143,53,270,300,181,132,80,9,47,59,186,106,302,134,278,129,225,90,27,60,68,65,33,97,118,,,134,295,,,21,313,20,60,24,105,199,142,272,255,30,41,46,82,82,110,181,83,199,144,128,76,36,68,,264,,,b'\x11\xe8\xe1I\xc7\xf3\x8b\xd0\xaf\x82\x12\xdf\x17\xaeN\x1e'
11E8E149-C7F3-8BD0-AF82-12DF17AE4E1E,2010-ncaa-d1-ncaatournament,ncaa,33,2,33,33,34,49,47,47,45,57,62,37,23,23,29,1,60,63,49,63,62,54,51,34,40,46,6,3,62,32,6,58,50,46,29,41,31,21,48,38,59,58,56,59,,,14,47,,,44,61,61,9,46,38,27,57,62,4,3,60,63,63,45,42,6,57,37,33,45,59,56,,39,,,48,12,21,11,56,28,25,55,2,1,9,1,9,12,15,10,28,10,4,46,42,51,2,2,28,14,50,2,6,6,29,31,63,55,49,61,6,15,6,26,,,53,51,,,44,3,35,49,49,35,49,20,58,54,2,1,29,36,34,25,10,33,18,25,60,50,14,8,,50,,,b'\x11\xe8\xe1I\xc7\xf3\x8b\xd0\xaf\x82\x12\xdf\x17\xaeN\x1e'
11E8E149-C7F3-8BD0-AF82-12DF17AE4E1E,2011-ncaa-d0-natl,ncaa,24,24,43,26,44,21,28,21,112,131,210,51,2,1,77,3,96,118,104,123,65,30,34,32,49,35,7,4,298,21,44,152,210,59,114,16,44,176,44,22,9,12,274,301,,,258,131,,,29,40,66,37,16,24,12,200,294,2,2,132,166,172,22,29,30,269,105,12,102,7,293,,180,,,28,302,320,267,312,337,291,324,86,129,56,78,208,235,70,240,167,270,302,280,259,146,23,39,127,221,210,277,44,272,114,259,93,16,26,50,256,132,206,232,,,116,301,,,29,307,18,122,30,204,262,149,307,224,57,78,154,186,187,153,270,142,178,160,186,16,187,158,,209,,,b'\x11\xe8\xe1I\xc7\xf3\x8b\xd0\xaf\x82\x12\xdf\x17\xaeN\x1e'
11E8E149-C7F3-8BD0-AF82-12DF17AE4E1E,2011-ncaa-d1-conf-WAC,ncaa,1,1,1,1,2,1,1,1,3,4,7,1,1,1,1,1,6,7,2,7,6,2,2,1,1,1,1,1,9,2,3,7,7,4,5,1,2,3,2,1,1,1,8,7,,,5,4,,,1,3,4,2,1,1,1,4,8,1,1,7,7,7,2,2,2,8,4,1,3,1,8,,4,,,1,3,5,3,7,9,6,6,1,1,1,1,2,7,1,7,5,3,7,6,3,1,1,1,4,7,7,6,3,6,5,4,3,1,1,2,2,2,3,6,,,8,9,,,1,7,1,1,1,2,5,3,9,6,1,1,2,5,5,2,7,6,5,5,4,1,2,2,,8,,,b'\x11\xe8\xe1I\xc7\xf3\x8b\xd0\xaf\x82\x12\xdf\x17\xaeN\x1e'
11E8E149-C7F3-8BD0-AF82-12DF17AE4E1E,2011-ncaa-d1-natl,ncaa,25,23,51,26,53,22,32,23,116,149,235,51,2,1,82,3,107,129,106,136,64,31,39,33,48,35,7,4,297,26,46,180,213,72,117,18,44,156,44,22,12,12,279,305,,,240,133,,,31,46,66,35,18,25,12,206,296,2,2,133,174,181,22,34,33,270,107,13,101,8,296,,181,,,30,295,316,252,315,335,282,326,76,113,59,76,199,224,75,228,167,256,297,282,266,152,25,37,122,205,213,262,46,257,117,251,91,19,29,57,247,135,200,238,,,132,301,,,31,302,18,135,31,211,268,150,312,224,58,78,156,190,191,157,272,145,182,163,189,17,191,168,,209,,,b'\x11\xe8\xe1I\xc7\xf3\x8b\xd0\xaf\x82\x12\xdf\x17\xaeN\x1e'
11E8E149-C7F3-8BD0-AF82-12DF17AE4E1E,2011-ncaa-d1-ncaatournament,ncaa,33,2,33,33,34,37,45,35,59,64,64,56,16,13,40,1,42,44,24,42,2,34,36,45,47,38,1,1,32,31,28,57,57,41,51,35,3,2,3,3,36,16,48,50,,,31,59,,,45,41,20,3,24,42,4,64,64,1,1,28,30,27,4,10,3,56,20,17,3,13,46,,62,,,48,26,18,14,48,15,11,43,24,21,46,31,35,32,40,33,58,22,24,48,55,54,46,29,58,24,57,28,28,27,51,16,20,44,36,34,11,26,28,63,,,47,50,,,45,22,26,58,48,58,45,29,40,31,41,35,61,58,58,49,48,47,59,58,31,34,30,47,,44,,,b'\x11\xe8\xe1I\xc7\xf3\x8b\xd0\xaf\x82\x12\xdf\x17\xaeN\x1e'
11E8E149-C7F3-8BD0-AF82-12DF17AE4E1E,2012-ncaa-d0-natl,ncaa,11,13,22,13,33,10,12,13,48,92,209,18,1,1,36,5,186,150,253,155,128,18,23,14,27,15,15,4,338,76,190,97,126,68,210,11,67,112,20,12,8,11,313,336,,,277,111,,,17,18,49,153,11,13,14,166,303,3,1,260,247,253,27,70,136,237,188,14,41,9,329,,163,,,18,294,321,282,298,334,306,295,135,135,159,73,140,152,112,156,64,272,319,271,248,104,17,62,54,193,126,330,190,320,210,252,64,7,16,28,81,19,249,267,,,114,304,,,17,326,15,74,17,178,236,123,285,215,79,63,66,73,77,108,244,93,283,216,145,13,36,186,,260,,,b'\x11\xe8\xe1I\xc7\xf3\x8b\xd0\xaf\x82\x12\xdf\x17\xaeN\x1e'
11E8E149-C7F3-8BD0-AF82-12DF17AE4E1E,2012-ncaa-d1-conf-WAC,ncaa,1,1,1,1,2,1,1,1,2,3,5,1,1,1,3,1,7,6,8,6,6,1,1,2,2,2,1,1,8,1,2,4,3,2,4,1,3,1,1,1,1,1,8,8,,,7,4,,,1,1,3,8,1,1,1,5,6,1,1,7,7,7,1,2,1,7,5,2,1,1,8,,3,,,1,2,4,3,6,6,6,6,1,1,1,1,4,4,6,4,3,2,8,4,4,1,1,1,3,4,3,7,2,6,4,2,3,1,1,1,1,1,6,7,,,6,8,,,1,8,1,1,1,1,1,1,6,3,1,1,2,1,3,1,4,2,7,3,1,1,1,3,,7,,,b'\x11\xe8\xe1I\xc7\xf3\x8b\xd0\xaf\x82\x12\xdf\x17\xaeN\x1e'
11E8E149-C7F3-8BD0-AF82-12DF17AE4E1E,2012-ncaa-d1-natl,ncaa,12,13,23,13,39,11,13,13,50,105,235,19,2,1,38,5,197,165,255,169,128,19,26,14,27,15,14,5,338,85,195,113,134,81,218,11,71,98,20,13,8,11,323,337,,,270,114,,,18,19,50,153,11,14,14,177,303,3,2,262,248,257,30,74,143,245,197,16,42,10,329,,168,,,19,283,317,269,301,331,301,300,123,119,163,72,128,136,116,141,64,262,318,279,251,113,18,62,54,177,134,328,195,315,218,244,66,7,17,28,72,20,239,272,,,135,304,,,18,325,15,87,19,183,239,126,286,219,81,60,68,75,78,110,242,96,290,220,153,14,38,189,,263,,,b'\x11\xe8\xe1I\xc7\xf3\x8b\xd0\xaf\x82\x12\xdf\x17\xaeN\x1e'
11E8E149-C7F3-8BD0-AF82-12DF17AE4E1E,2012-ncaa-d1-ncaatournament,ncaa,33,2,33,33,34,45,55,57,48,60,63,21,34,25,49,1,40,40,41,40,2,55,43,41,40,44,3,7,12,45,24,37,12,37,12,42,5,24,56,44,45,33,59,61,,,15,33,,,29,46,25,5,43,54,55,60,63,10,1,27,22,21,53,29,30,10,13,29,55,32,57,,35,,,31,5,3,17,9,3,25,2,15,4,57,5,15,18,11,14,25,17,18,16,12,12,39,37,32,14,12,7,24,9,12,6,15,45,38,14,24,56,2,7,,,44,34,,,29,20,44,11,27,13,12,33,10,54,33,5,27,38,35,33,36,24,19,19,10,32,52,2,,34,,,b'\x11\xe8\xe1I\xc7\xf3\x8b\xd0\xaf\x82\x12\xdf\x17\xaeN\x1e'
11E8E149-C7F3-8BD0-AF82-12DF17AE4E1E,2013-ncaa-d0-natl,ncaa,50,40,80,48,104,65,61,71,88,135,189,73,22,22,56,34,232,253,113,252,258,84,117,58,68,46,58,31,324,124,164,272,272,217,264,56,104,48,39,31,9,2,299,317,,,9,4,,,69,119,175,267,58,54,62,166,255,20,24,276,291,289,114,187,161,330,292,53,48,4,313,,6,,,67,230,290,217,314,303,234,315,142,145,168,147,24,14,327,12,10,160,236,295,279,179,17,116,15,191,272,252,164,233,264,197,75,29,27,64,55,51,335,334,,,276,329,,,69,235,40,156,64,169,265,133,294,185,119,111,20,12,10,69,154,134,194,170,161,35,52,325,,319,,,b'\x11\xe8\xe1I\xc7\xf3\x8b\xd0\xaf\x82\x12\xdf\x17\xaeN\x1e'
11E8E149-C7F3-8BD0-AF82-12DF17AE4E1E,2013-ncaa-d1-conf-Mountain West,ncaa,2,2,1,2,1,2,2,2,3,4,8,3,1,1,1,1,7,8,5,7,5,2,3,2,2,2,2,1,9,3,4,9,9,8,7,2,2,4,3,2,1,1,8,8,,,3,2,,,3,1,5,1,3,3,3,6,8,1,1,7,8,8,6,6,7,9,8,2,4,1,8,,3,,,3,6,8,6,8,8,6,9,3,6,3,6,3,3,9,3,2,3,9,7,7,3,1,4,3,5,9,6,4,6,7,5,2,1,1,1,4,3,9,9,,,7,9,,,3,9,3,2,3,4,5,3,7,3,2,5,3,1,1,1,5,4,4,4,3,1,3,9,,9,,,b'\x11\xe8\xe1I\xc7\xf3\x8b\xd0\xaf\x82\x12\xdf\x17\xaeN\x1e'
11E8E149-C7F3-8BD0-AF82-12DF17AE4E1E,2013-ncaa-d1-natl,ncaa,42,40,49,46,74,52,51,53,83,117,182,69,15,19,52,34,210,238,133,235,230,70,98,49,63,45,54,31,324,108,157,259,259,184,245,45,104,55,38,29,5,2,301,318,,,11,4,,,59,96,184,267,56,54,67,173,258,20,24,268,282,282,112,188,151,327,283,52,47,3,316,,7,,,59,244,300,233,314,306,247,311,162,164,185,161,32,19,324,16,12,180,255,296,276,169,22,131,15,198,259,266,157,246,245,208,73,26,26,62,61,51,333,333,,,258,328,,,59,257,39,149,58,155,255,123,279,179,128,118,20,12,10,67,148,128,185,154,153,34,51,317,,315,,,b'\x11\xe8\xe1I\xc7\xf3\x8b\xd0\xaf\x82\x12\xdf\x17\xaeN\x1e'
11E8E149-C7F3-8BD0-AF82-12DF17AE4E1E,2013-ncaa-d1-ncaatournament,ncaa,33,2,33,33,35,34,34,39,34,47,51,47,18,26,4,10,43,45,10,45,28,39,45,17,16,8,4,6,40,59,60,49,53,58,62,37,35,5,6,6,38,26,43,53,,,24,46,,,40,35,3,7,6,15,7,44,42,1,3,28,37,36,11,27,59,48,57,19,6,22,42,,53,,,44,29,29,27,59,33,29,59,12,6,47,6,24,33,11,30,40,30,28,55,53,60,9,11,28,24,53,28,60,30,62,34,53,50,46,57,18,36,31,54,,,48,47,,,40,27,21,61,44,61,61,54,62,60,17,8,47,56,53,57,55,45,60,61,61,33,34,51,,41,,,b'\x11\xe8\xe1I\xc7\xf3\x8b\xd0\xaf\x82\x12\xdf\x17\xaeN\x1e'
11E8E149-C7F3-8BD0-AF82-12DF17AE4E1E,2014-ncaa-d0-natl,ncaa,89,72,131,82,153,129,161,178,150,248,278,139,45,56,62,50,149,191,48,189,82,178,187,86,74,80,35,46,199,267,280,158,173,217,232,165,164,127,135,137,73,60,215,248,,,92,60,,,103,159,146,169,116,176,190,275,295,40,52,152,214,211,206,228,280,156,242,174,115,70,224,,75,,,101,135,181,208,138,240,247,157,77,124,55,106,97,100,213,100,61,196,203,107,95,94,45,82,120,186,173,198,280,207,232,76,35,138,147,80,164,184,205,291,,,247,266,,,103,199,113,98,96,118,186,216,229,262,70,108,98,92,92,185,194,175,198,193,71,144,171,213,,283,,,b'\x11\xe8\xe1I\xc7\xf3\x8b\xd0\xaf\x82\x12\xdf\x17\xaeN\x1e'
11E8E149-C7F3-8BD0-AF82-12DF17AE4E1E,2014-ncaa-d1-conf-Mountain West,ncaa,2,2,1,2,2,2,3,5,2,6,8,2,2,3,4,4,4,6,3,6,3,5,5,1,1,2,3,4,6,9,8,2,6,5,7,5,9,4,4,5,2,2,7,8,,,5,4,,,2,3,7,7,3,4,9,8,11,4,4,5,7,6,10,9,9,5,9,6,3,2,8,,4,,,2,6,7,9,2,9,10,2,3,4,1,3,5,5,5,5,3,9,9,2,2,2,2,2,7,8,6,7,8,7,7,3,2,3,5,2,5,5,9,9,,,3,4,,,2,10,2,2,2,2,4,5,7,8,1,3,4,4,5,6,6,8,3,3,1,5,4,8,,8,,,b'\x11\xe8\xe1I\xc7\xf3\x8b\xd0\xaf\x82\x12\xdf\x17\xaeN\x1e'
11E8E149-C7F3-8BD0-AF82-12DF17AE4E1E,2014-ncaa-d1-natl,ncaa,67,72,59,77,81,93,116,107,145,213,242,140,33,43,56,54,121,166,52,168,96,119,122,80,77,79,39,46,211,213,245,86,160,136,193,115,151,176,136,124,53,56,186,243,,,117,52,,,77,91,154,182,108,164,173,268,291,40,53,169,220,219,203,221,257,140,212,152,115,61,224,,64,,,78,164,217,278,107,258,296,119,108,168,41,122,115,107,181,110,53,250,268,76,62,58,50,102,111,240,160,242,245,245,193,89,27,108,134,65,203,172,196,249,,,205,274,,,77,266,104,64,76,86,147,211,209,253,73,121,81,80,79,173,192,181,175,175,54,132,155,166,,286,,,b'\x11\xe8\xe1I\xc7\xf3\x8b\xd0\xaf\x82\x12\xdf\x17\xaeN\x1e'
11E8E149-C7F3-8BD0-AF82-12DF17AE4E1E,2014-ncaa-d1-ncaatournament,ncaa,33,2,33,33,34,53,47,48,45,44,45,41,52,48,49,28,49,47,47,45,42,48,48,48,48,50,46,34,40,53,56,34,32,44,41,58,57,20,36,55,41,32,41,39,,,22,36,,,50,40,18,3,52,43,33,40,33,43,29,46,44,41,40,43,53,15,39,57,31,25,32,,41,,,51,16,10,27,18,6,25,5,28,25,46,35,19,20,62,16,23,28,24,23,29,33,55,45,44,17,32,18,56,16,41,17,51,54,55,53,19,38,11,21,,,61,63,,,50,23,54,37,52,43,31,56,19,51,49,44,42,36,31,55,49,41,49,48,45,48,35,17,,61,,,b'\x11\xe8\xe1I\xc7\xf3\x8b\xd0\xaf\x82\x12\xdf\x17\xaeN\x1e'
11E8E149-C7F3-8BD0-AF82-12DF17AE4E1E,2015-ncaa-d0-natl,ncaa,68,50,113,64,122,153,152,163,153,144,172,110,200,156,264,157,140,145,158,145,153,157,127,172,167,202,202,205,140,124,102,189,239,152,141,225,273,290,263,277,24,16,48,48,,,170,118,,,119,133,178,72,172,181,196,150,198,195,157,149,164,168,189,147,129,216,166,246,270,20,43,,135,,,117,105,137,169,142,220,224,183,40,106,13,107,141,159,91,157,121,162,230,96,85,55,45,50,178,227,239,118,102,154,141,69,49,69,62,35,299,281,318,314,,,238,304,,,119,220,196,61,118,89,119,133,202,207,31,85,125,146,144,112,217,229,90,126,60,51,284,323,,283,,,b'\x11\xe8\xe1I\xc7\xf3\x8b\xd0\xaf\x82\x12\xdf\x17\xaeN\x1e'
11E8E149-C7F3-8BD0-AF82-12DF17AE4E1E,2015-ncaa-d1-conf-Mountain West,ncaa,3,3,4,3,4,6,5,5,7,3,5,3,7,5,10,6,7,9,4,8,9,5,4,7,8,9,8,7,7,4,5,9,6,5,5,9,11,9,10,11,1,1,1,2,,,5,5,,,5,5,6,1,8,5,3,3,7,7,6,7,9,8,4,4,3,8,6,11,9,1,2,,5,,,5,2,4,3,3,6,6,6,1,2,1,4,5,4,6,4,4,3,7,2,3,1,2,1,7,4,6,6,5,6,5,2,2,1,1,1,9,9,10,9,,,9,10,,,5,7,9,1,5,3,4,3,5,4,1,3,5,3,3,3,5,4,7,5,3,1,10,10,,11,,,b'\x11\xe8\xe1I\xc7\xf3\x8b\xd0\xaf\x82\x12\xdf\x17\xaeN\x1e'
11E8E149-C7F3-8BD0-AF82-12DF17AE4E1E,2015-ncaa-d1-natl,ncaa,47,50,55,54,61,120,103,97,151,98,122,110,167,139,255,157,136,142,167,139,184,101,78,165,167,201,214,201,181,82,89,130,230,101,125,174,261,320,263,264,14,14,42,50,,,200,108,,,108,73,177,78,172,165,182,140,184,187,157,174,196,195,188,146,122,205,155,230,270,18,45,,129,,,111,151,188,239,135,255,264,180,65,139,16,115,157,185,76,181,115,231,282,95,78,47,51,62,160,267,230,175,89,219,125,74,34,41,60,24,322,286,328,305,,,220,321,,,108,285,191,49,106,83,116,129,191,203,32,91,113,132,127,109,216,223,92,126,48,50,287,319,,303,,,b'\x11\xe8\xe1I\xc7\xf3\x8b\xd0\xaf\x82\x12\xdf\x17\xaeN\x1e'
11E8E149-C7F3-8BD0-AF82-12DF17AE4E1E,2016-ncaa-d0-natl,ncaa,86,87,76,90,78,143,152,184,112,121,152,112,214,209,214,226,117,82,273,84,83,168,166,140,141,151,210,238,104,221,233,122,208,163,199,83,54,159,161,96,150,168,30,26,,,205,185,,,140,147,296,15,207,206,279,169,210,237,242,141,93,105,253,283,260,183,241,92,109,179,27,,148,,,144,150,145,230,67,133,240,43,175,159,219,133,194,174,261,177,131,220,215,61,75,101,211,191,213,264,208,190,233,225,199,214,269,177,199,210,122,126,93,85,,,169,172,,,140,196,167,128,140,94,93,142,91,181,148,122,165,135,137,135,95,206,118,148,169,230,91,74,,238,,,b'\x11\xe8\xe1I\xc7\xf3\x8b\xd0\xaf\x82\x12\xdf\x17\xaeN\x1e'
11E8E149-C7F3-8BD0-AF82-12DF17AE4E1E,2016-ncaa-d1-conf-Mountain West,ncaa,2,2,1,2,1,5,2,8,2,3,6,2,6,9,4,9,2,1,10,1,1,6,5,2,3,5,7,7,3,8,8,4,8,4,6,3,2,7,9,4,3,4,1,1,,,8,7,,,2,3,11,1,5,5,11,3,9,7,10,4,2,2,11,9,8,6,7,3,5,6,1,,7,,,2,3,3,10,2,4,8,1,6,5,3,5,5,8,6,8,4,9,10,2,2,2,5,6,8,10,8,4,8,9,6,5,8,4,6,4,9,10,3,4,,,2,1,,,2,10,6,3,2,2,3,6,4,6,6,5,4,5,5,5,6,9,3,6,4,8,7,2,,6,,,b'\x11\xe8\xe1I\xc7\xf3\x8b\xd0\xaf\x82\x12\xdf\x17\xaeN\x1e'
11E8E149-C7F3-8BD0-AF82-12DF17AE4E1E,2016-ncaa-d1-natl,ncaa,73,87,30,86,30,118,125,126,122,96,109,120,206,192,225,231,82,45,256,48,86,109,105,154,148,149,214,252,89,164,196,77,186,101,166,67,57,199,159,95,111,137,14,21,,,233,173,,,124,88,293,18,202,203,268,156,193,249,248,123,85,92,242,264,233,171,216,99,117,165,22,,136,,,128,190,176,269,59,172,280,38,188,180,188,119,213,191,268,198,126,261,267,55,61,90,192,180,220,278,186,239,196,273,166,222,248,126,183,185,155,130,145,102,,,134,178,,,124,259,166,105,126,73,76,126,87,179,123,104,162,135,134,124,93,188,106,127,143,211,94,94,,236,,,b'\x11\xe8\xe1I\xc7\xf3\x8b\xd0\xaf\x82\x12\xdf\x17\xaeN\x1e'
11E8E149-C7F3-8BD0-AF82-12DF17AE4E1E,2017-ncaa-d0-natl,ncaa,150,152,116,162,130,221,190,213,150,162,188,127,222,210,254,186,292,249,303,247,257,222,236,173,209,204,262,211,271,245,251,122,182,174,198,175,138,117,159,139,242,235,40,30,,,10,8,,,188,232,314,119,273,234,272,180,222,229,220,312,277,274,281,310,270,124,209,192,96,257,36,,7,,,189,87,139,234,47,114,206,46,228,244,151,267,30,19,196,20,26,194,150,71,39,97,180,286,36,240,182,176,251,209,198,167,211,273,270,255,200,246,80,103,,,303,307,,,188,125,211,130,179,67,111,229,86,175,226,243,26,19,20,156,74,225,142,178,153,295,187,74,,333,,,b'\x11\xe8\xe1I\xc7\xf3\x8b\xd0\xaf\x82\x12\xdf\x17\xaeN\x1e'
11E8E149-C7F3-8BD0-AF82-12DF17AE4E1E,2017-ncaa-d1-conf-Mountain West,ncaa,5,7,1,6,1,3,3,3,3,2,2,3,8,9,5,9,5,2,11,2,7,3,4,3,4,6,9,9,5,7,8,3,8,3,7,4,6,8,7,7,3,6,1,1,,,4,3,,,6,3,8,3,8,8,9,4,7,9,9,8,5,5,8,9,9,5,8,7,7,7,1,,2,,,6,9,9,10,4,8,10,4,7,9,5,6,5,6,9,6,4,10,10,5,5,6,6,6,5,10,8,10,8,10,7,9,7,7,8,8,9,8,3,2,,,2,4,,,6,10,8,6,6,5,6,8,5,6,6,6,5,4,4,8,5,9,3,5,5,9,8,2,,5,,,b'\x11\xe8\xe1I\xc7\xf3\x8b\xd0\xaf\x82\x12\xdf\x17\xaeN\x1e'
11E8E149-C7F3-8BD0-AF82-12DF17AE4E1E,2017-ncaa-d1-natl,ncaa,130,151,56,150,70,188,158,176,144,134,162,119,203,194,251,183,250,212,294,211,227,179,178,167,190,209,254,211,253,217,244,81,183,141,198,147,133,178,197,159,216,228,29,29,,,15,9,,,177,167,306,137,273,235,288,185,231,229,216,294,260,260,288,302,266,136,219,191,131,247,29,,10,,,177,138,183,286,55,151,249,53,248,270,150,258,33,28,191,28,22,247,218,73,44,93,163,278,36,275,183,222,244,258,198,213,206,221,250,231,266,269,84,93,,,259,292,,,177,191,213,123,179,70,114,223,90,176,217,235,22,17,18,147,80,220,134,169,151,266,231,61,,324,,,b'\x11\xe8\xe1I\xc7\xf3\x8b\xd0\xaf\x82\x12\xdf\x17\xaeN\x1e'
11E8E149-C7F3-8BD0-AF82-12DF17AE4E1E,2018-ncaa-d0-natl,ncaa,136,162,73,157,91,105,118,112,141,156,161,172,70,87,66,101,152,216,42,211,213,118,142,113,106,85,87,82,218,295,326,106,226,176,294,100,121,83,74,77,125,145,283,310,,,238,169,,,199,93,172,158,130,151,168,219,220,77,103,190,258,247,187,264,321,138,265,121,62,153,304,,193,,,198,284,296,295,195,313,280,291,146,274,12,199,206,204,210,206,132,292,264,157,146,227,55,72,131,285,226,302,326,312,294,312,257,236,294,311,72,67,198,194,,,172,180,,,199,255,128,245,197,227,261,278,298,247,120,239,172,163,169,272,206,254,265,274,286,280,56,179,,221,,,b'\x11\xe8\xe1I\xc7\xf3\x8b\xd0\xaf\x82\x12\xdf\x17\xaeN\x1e'
11E8E149-C7F3-8BD0-AF82-12DF17AE4E1E,2018-ncaa-d1-conf-Mountain West,ncaa,5,5,3,5,5,4,4,5,5,6,8,3,4,4,4,6,8,9,2,8,8,5,8,3,4,4,5,6,8,9,10,4,9,7,10,5,3,3,3,3,4,5,10,10,,,5,6,,,7,5,6,6,5,5,5,6,8,5,4,7,8,8,6,9,9,5,8,5,3,5,10,,5,,,7,7,7,9,5,8,7,8,4,11,1,8,2,4,3,5,5,9,7,4,3,5,5,4,5,10,9,7,10,10,10,9,8,9,10,10,2,2,6,7,,,6,5,,,7,7,6,7,7,7,7,9,7,7,5,10,3,3,3,9,8,10,7,10,10,10,2,7,,6,,,b'\x11\xe8\xe1I\xc7\xf3\x8b\xd0\xaf\x82\x12\xdf\x17\xaeN\x1e'
11E8E149-C7F3-8BD0-AF82-12DF17AE4E1E,2018-ncaa-d1-natl,ncaa,150,162,97,169,114,125,139,137,153,191,200,180,75,99,68,100,179,239,43,232,212,149,188,118,114,92,87,81,211,314,329,129,231,222,301,120,121,61,76,81,148,160,294,314,,,213,175,,,211,123,180,157,142,160,174,231,226,78,102,193,259,248,194,270,323,145,276,129,62,163,306,,193,,,211,273,288,289,213,310,271,299,132,257,15,194,189,188,213,189,132,279,237,171,158,243,54,70,127,276,231,293,329,300,301,308,257,263,302,315,57,70,188,204,,,208,181,,,211,226,139,261,211,240,271,278,304,251,119,236,177,165,171,272,205,259,269,276,291,286,56,187,,222,,,b'\x11\xe8\xe1I\xc7\xf3\x8b\xd0\xaf\x82\x12\xdf\x17\xaeN\x1e'
11E8E149-C7F3-8BD0-AF82-12DF17AE4E1E,2019-ncaa-d0-natl,ncaa,136,109,173,131,229,123,109,171,51,132,253,28,89,82,153,50,284,337,4,337,326,217,254,54,54,56,180,94,327,260,197,270,222,273,211,89,97,61,116,64,61,35,233,232,,,97,131,,,113,244,231,272,97,70,132,115,257,74,61,293,338,338,213,266,249,285,297,66,94,42,232,,106,,,113,153,192,126,274,182,127,262,214,167,294,222,51,59,114,65,99,104,107,282,252,226,146,256,52,125,222,70,197,71,211,239,258,167,133,229,98,155,256,292,,,323,324,,,113,107,70,225,111,180,234,127,206,128,244,178,62,75,80,95,108,145,84,86,260,157,133,268,,338,,,b'\x11\xe8\xe1I\xc7\xf3\x8b\xd0\xaf\x82\x12\xdf\x17\xaeN\x1e'
11E8E149-C7F3-8BD0-AF82-12DF17AE4E1E,2019-ncaa-d1-conf-Mountain West,ncaa,4,4,4,4,6,4,2,5,3,5,9,1,4,3,9,2,8,10,1,10,10,7,8,3,3,3,5,2,11,8,8,6,8,8,8,4,5,3,3,4,3,1,8,8,,,4,4,,,4,7,7,10,3,3,7,4,9,4,3,8,11,11,8,9,8,7,8,5,3,3,7,,4,,,4,6,7,8,8,5,4,7,8,7,8,6,4,4,1,4,5,7,6,9,6,6,6,9,4,7,8,3,8,5,8,9,8,7,7,8,3,3,8,10,,,9,10,,,4,5,3,8,4,6,7,8,5,4,7,6,4,4,4,8,5,7,4,6,9,8,4,9,,9,,,b'\x11\xe8\xe1I\xc7\xf3\x8b\xd0\xaf\x82\x12\xdf\x17\xaeN\x1e'
11E8E149-C7F3-8BD0-AF82-12DF17AE4E1E,2019-ncaa-d1-natl,ncaa,122,108,107,124,146,96,76,113,50,100,218,29,71,62,158,50,274,328,5,328,331,152,185,54,55,56,183,92,333,209,179,219,213,223,201,68,101,96,105,61,42,32,231,240,,,137,124,,,105,174,210,272,88,62,104,106,251,70,56,303,339,339,189,241,232,269,270,56,95,38,244,,110,,,106,198,229,189,255,203,161,250,239,226,247,233,74,81,123,88,104,165,179,258,234,207,147,246,63,183,213,101,179,125,201,274,264,125,128,215,161,165,287,300,,,310,336,,,105,179,67,206,101,169,222,137,198,124,230,197,66,82,85,105,127,153,94,102,258,142,141,283,,340,,,b'\x11\xe8\xe1I\xc7\xf3\x8b\xd0\xaf\x82\x12\xdf\x17\xaeN\x1e'
11E8E149-C7F3-8BD0-AF82-12DF17AE4E1E,2020-ncaa-d0-natl,ncaa,30,30,87,31,128,33,29,19,70,30,80,35,107,73,235,128,114,205,24,210,276,32,97,79,72,36,242,189,266,131,183,66,129,78,148,53,185,16,9,17,86,98,223,265,,,13,4,,,75,99,96,151,23,18,11,22,78,119,78,120,216,221,23,101,151,63,79,49,16,97,228,,9,,,76,268,313,308,244,319,313,247,229,234,186,182,34,25,257,25,13,278,241,228,184,246,35,172,9,205,129,284,183,262,148,312,222,235,271,314,41,28,233,164,,,176,238,,,75,252,31,251,81,260,310,317,314,312,215,216,29,21,20,277,232,190,262,248,300,247,33,217,,200,,,b'\x11\xe8\xe1I\xc7\xf3\x8b\xd0\xaf\x82\x12\xdf\x17\xaeN\x1e'
11E8E149-C7F3-8BD0-AF82-12DF17AE4E1E,2020-ncaa-d1-conf-Mountain West,ncaa,1,1,1,1,2,1,2,1,3,1,2,3,5,3,9,6,1,1,2,1,3,1,1,4,4,2,8,9,4,4,4,1,5,1,4,2,6,2,1,1,4,5,5,6,,,3,1,,,1,1,3,7,1,2,2,1,3,6,5,1,3,3,2,3,5,1,1,3,2,4,6,,2,,,1,10,10,11,5,8,10,2,10,10,10,6,1,3,3,3,1,10,10,5,3,4,6,9,1,8,5,8,4,9,4,9,8,4,8,10,4,1,7,5,,,1,2,,,1,11,1,6,1,8,8,9,7,7,10,8,1,2,1,8,9,7,7,7,9,6,4,7,,1,,,b'\x11\xe8\xe1I\xc7\xf3\x8b\xd0\xaf\x82\x12\xdf\x17\xaeN\x1e'
11E8E149-C7F3-8BD0-AF82-12DF17AE4E1E,2020-ncaa-d1-natl,ncaa,21,30,12,30,23,13,10,8,49,9,29,25,80,45,232,124,110,202,24,207,302,12,24,56,58,27,266,189,295,86,154,26,142,22,130,26,173,28,9,13,43,71,208,263,,,20,4,,,42,24,98,159,23,11,9,13,66,108,74,160,249,254,19,92,127,60,58,34,16,68,229,,9,,,45,294,327,343,191,324,332,203,264,291,152,205,41,29,228,30,13,332,325,187,139,196,50,196,9,261,142,301,154,300,130,320,215,182,252,287,39,20,241,140,,,173,289,,,42,328,25,202,47,233,296,315,298,303,221,238,21,17,16,270,244,208,230,234,284,231,28,195,,242,,,b'\x11\xe8\xe1I\xc7\xf3\x8b\xd0\xaf\x82\x12\xdf\x17\xaeN\x1e'
11E8E149-C7F3-8BD0-AF82-12DF17AE4E1E,2021-ncaa-d0-natl,ncaa,44,165,14,104,14,12,9,12,24,16,21,38,20,30,25,146,64,67,127,64,260,13,19,23,31,14,194,116,299,96,272,19,179,27,208,29,261,161,16,24,34,140,99,243,,,156,1,,,50,16,65,48,13,11,26,28,74,51,88,186,216,212,38,107,256,56,130,74,18,108,191,,4,,,62,336,341,339,213,333,335,191,333,332,235,225,128,129,164,132,6,336,330,216,157,227,80,251,6,334,179,331,272,339,208,333,121,73,273,277,197,37,312,149,,,86,304,,,50,328,19,232,64,269,318,336,298,309,284,286,9,10,10,313,292,259,234,260,251,236,46,199,,283,,,b'\x11\xe8\xe1I\xc7\xf3\x8b\xd0\xaf\x82\x12\xdf\x17\xaeN\x1e'
11E8E149-C7F3-8BD0-AF82-12DF17AE4E1E,2021-ncaa-d1-conf-Mountain West,ncaa,1,5,1,3,1,1,1,1,1,1,2,2,1,3,1,8,2,2,4,2,5,1,1,2,2,2,8,6,8,5,6,1,8,2,5,1,10,7,3,3,1,2,3,7,,,5,1,,,1,1,5,5,1,2,6,2,6,3,7,4,5,5,4,5,8,5,7,3,4,2,6,,1,,,2,10,11,11,9,11,11,7,10,10,7,8,2,4,1,4,1,11,11,8,6,6,3,8,1,11,8,10,6,10,5,10,7,3,5,8,7,3,6,6,,,2,5,,,1,11,1,8,2,8,9,9,9,8,8,8,1,1,1,7,8,8,3,5,7,5,4,4,,5,,,b'\x11\xe8\xe1I\xc7\xf3\x8b\xd0\xaf\x82\x12\xdf\x17\xaeN\x1e'
11E8E149-C7F3-8BD0-AF82-12DF17AE4E1E,2021-ncaa-d1-natl,ncaa,46,165,18,108,19,12,11,14,26,17,21,38,21,37,25,144,73,79,128,77,260,15,21,24,32,15,188,115,298,108,275,20,183,34,215,32,262,149,16,25,42,148,105,245,,,143,1,,,53,21,68,47,14,14,27,31,76,52,90,188,215,212,40,110,264,60,141,76,18,111,195,,4,,,67,334,340,338,223,332,334,196,331,331,241,221,117,120,166,122,6,335,327,225,167,237,77,248,6,332,183,330,275,335,215,331,123,88,276,283,186,37,311,153,,,100,304,,,53,323,20,242,67,274,318,337,302,313,285,282,9,9,9,314,291,259,234,263,257,245,45,200,,283,,,b'\x11\xe8\xe1I\xc7\xf3\x8b\xd0\xaf\x82\x12\xdf\x17\xaeN\x1e'
11E8E149-C7F3-8BD0-AF82-12DF17AE4E1E,2022-ncaa-d0-natl,ncaa,268,245,260,269,277,181,176,225,97,213,239,157,95,168,20,130,237,275,59,275,248,241,291,73,74,38,99,85,262,312,319,218,105,272,252,211,244,4,14,44,313,300,316,326,,,26,60,,,215,284,207,185,92,88,117,169,165,61,120,194,241,243,148,264,303,134,241,163,8,301,306,,47,,,218,206,204,137,284,195,135,274,196,171,275,194,179,140,324,133,166,131,71,278,287,349,168,181,157,63,105,187,319,121,252,252,253,348,350,349,23,69,32,43,,,270,168,,,215,77,62,338,210,305,301,268,285,229,267,240,235,209,200,263,128,119,295,237,304,348,52,49,,214,,,b'\x11\xe8\xe1I\xc7\xf3\x8b\xd0\xaf\x82\x12\xdf\x17\xaeN\x1e'
11E8E149-C7F3-8BD0-AF82-12DF17AE4E1E,2022-ncaa-d1-conf-Mountain West,ncaa,8,7,8,8,9,6,7,8,3,9,8,5,4,7,2,5,10,7,7,8,8,9,9,3,4,4,4,3,9,9,8,8,6,9,6,8,10,2,4,4,8,6,9,8,,,3,7,,,7,9,7,3,4,3,5,7,7,2,6,8,7,7,8,7,8,8,8,7,3,6,7,,6,,,7,5,5,5,7,5,4,10,4,5,3,7,9,9,8,9,9,5,3,9,9,10,7,6,9,6,6,4,8,4,6,5,7,10,10,9,3,4,2,2,,,7,2,,,7,3,4,10,7,9,8,6,8,5,5,6,10,10,10,8,5,8,5,6,8,9,4,3,,4,,,b'\x11\xe8\xe1I\xc7\xf3\x8b\xd0\xaf\x82\x12\xdf\x17\xaeN\x1e'
11E8E149-C7F3-8BD0-AF82-12DF17AE4E1E,2022-ncaa-d1-natl,ncaa,247,245,213,253,235,137,146,174,102,198,194,175,75,141,12,128,208,241,79,241,228,186,271,72,77,35,83,74,246,297,315,176,116,240,259,197,254,4,12,35,297,286,294,309,,,39,51,,,201,246,196,162,81,85,109,173,167,51,117,181,218,222,132,261,295,116,217,171,6,294,292,,45,,,201,239,243,195,249,234,189,256,214,206,227,186,208,190,297,177,169,193,112,247,259,335,161,172,168,107,116,254,315,195,259,252,209,345,349,347,35,63,35,40,,,238,166,,,201,116,51,327,196,300,296,277,279,239,245,238,236,222,218,275,150,150,304,253,289,344,45,38,,207,,,b'\x11\xe8\xe1I\xc7\xf3\x8b\xd0\xaf\x82\x12\xdf\x17\xaeN\x1e'
11E8E149-C7F3-8BD0-AF82-12DF17AE4E1E,2023-ncaa-d0-natl,ncaa,300,317,164,308,174,265,284,299,247,281,271,239,225,222,226,162,183,204,67,202,119,289,296,238,214,212,121,182,75,252,218,301,69,303,192,335,345,121,224,318,258,201,267,265,,,75,184,,,248,296,352,55,293,317,334,302,286,227,218,165,199,196,323,337,256,326,327,348,139,265,272,,76,,,245,114,167,51,334,214,105,320,75,40,269,89,80,63,313,54,93,40,35,317,322,319,42,84,109,7,69,99,218,34,192,118,114,272,188,232,221,288,113,176,,,176,45,,,248,60,228,278,258,122,183,30,233,97,79,41,97,67,61,17,5,7,115,31,131,284,231,120,,154,,,b'\x11\xe8\xe1I\xc7\xf3\x8b\xd0\xaf\x82\x12\xdf\x17\xaeN\x1e'
11E8E149-C7F3-8BD0-AF82-12DF17AE4E1E,2023-ncaa-d1-conf-Mountain West,ncaa,10,9,8,10,8,10,10,11,10,10,9,9,11,8,10,7,2,3,6,3,1,11,11,10,9,8,3,8,2,6,6,9,4,10,6,11,10,6,6,9,9,8,6,6,,,5,8,,,9,11,10,1,10,10,10,10,8,10,7,1,1,1,10,8,6,9,9,10,6,9,6,,7,,,9,5,4,2,10,7,3,8,4,2,8,2,6,6,7,6,8,2,1,8,8,10,4,4,7,2,4,5,6,2,6,6,7,8,5,9,7,9,4,6,,,6,1,,,9,1,8,9,9,7,7,4,7,5,4,2,7,7,6,4,2,2,7,5,8,8,8,5,,2,,,b'\x11\xe8\xe1I\xc7\xf3\x8b\xd0\xaf\x82\x12\xdf\x17\xaeN\x1e'
11E8E149-C7F3-8BD0-AF82-12DF17AE4E1E,2023-ncaa-d1-natl,ncaa,288,316,103,298,108,240,267,280,247,260,247,236,225,217,243,179,133,162,69,159,96,261,263,241,214,207,137,202,57,257,239,262,60,274,197,337,349,142,215,324,233,186,267,272,,,83,161,,,244,258,350,63,296,318,335,288,278,244,233,143,177,175,322,338,277,316,324,349,118,247,284,,67,,,240,144,196,68,319,231,136,299,91,61,262,101,86,70,276,63,91,54,51,299,299,296,54,106,97,13,60,157,239,69,197,133,109,235,165,202,215,258,130,168,,,132,42,,,244,88,228,249,251,93,147,29,194,84,88,47,76,60,56,15,7,10,127,39,107,261,193,117,,149,,,b'\x11\xe8\xe1I\xc7\xf3\x8b\xd0\xaf\x82\x12\xdf\x17\xaeN\x1e'
11E8E149-C7F3-8BD0-AF82-12DF17AE4E1E,2024-ncaa-d0-natl,ncaa,206,228,143,223,183,185,172,152,234,226,194,257,98,108,101,101,267,273,160,276,292,167,213,196,210,156,96,66,289,159,192,292,110,256,229,233,296,37,53,137,92,50,264,265,,,79,131,,,197,236,293,263,209,195,150,260,212,94,107,288,289,292,203,279,171,335,302,258,32,92,276,,71,,,198,176,188,74,337,204,120,304,160,51,353,91,157,155,164,152,200,73,92,340,337,300,133,165,158,25,110,230,192,119,229,92,57,132,75,98,54,75,310,316,,,309,326,,,197,127,150,256,188,165,179,20,191,83,159,40,150,156,157,24,29,20,229,108,96,138,51,319,,327,,,b'\x11\xe8\xe1I\xc7\xf3\x8b\xd0\xaf\x82\x12\xdf\x17\xaeN\x1e'
11E8E149-C7F3-8BD0-AF82-12DF17AE4E1E,2024-ncaa-d1-conf-Mountain West,ncaa,8,9,4,9,5,6,7,4,10,8,6,9,3,2,9,4,7,7,8,7,7,4,4,10,10,9,3,3,6,4,5,10,9,6,8,9,9,3,3,8,3,2,7,7,,,8,8,,,9,6,10,8,9,9,4,9,6,3,1,7,7,7,6,8,5,10,8,10,3,2,7,,7,,,9,8,8,3,9,7,4,8,4,3,10,2,9,10,4,10,9,4,5,9,9,9,7,3,10,6,9,7,5,6,8,5,5,3,2,3,3,3,10,8,,,7,9,,,9,6,7,8,8,6,5,1,7,2,5,2,8,9,9,1,2,4,6,4,5,3,3,10,,9,,,b'\x11\xe8\xe1I\xc7\xf3\x8b\xd0\xaf\x82\x12\xdf\x17\xaeN\x1e'
11E8E149-C7F3-8BD0-AF82-12DF17AE4E1E,2024-ncaa-d1-natl,ncaa,190,230,78,220,116,143,145,113,224,194,159,257,89,96,95,119,230,253,114,254,290,132,161,192,199,153,107,73,275,128,170,256,87,206,194,241,315,66,65,172,69,50,259,273,,,96,110,,,174,178,278,264,196,190,146,242,202,100,120,268,282,288,191,267,154,324,282,281,45,83,290,,62,,,176,214,225,96,328,232,153,281,186,77,352,102,172,174,165,173,181,99,144,332,321,268,138,182,153,28,87,263,170,149,194,93,45,99,72,79,60,61,303,290,,,284,328,,,174,190,144,218,170,148,164,23,185,81,158,45,144,145,141,26,35,18,207,86,71,121,45,288,,326,,,b'\x11\xe8\xe1I\xc7\xf3\x8b\xd0\xaf\x82\x12\xdf\x17\xaeN\x1e'
11E8E149-C7F3-8BD0-AF82-12DF17AE4E1E,2025-ncaa-d0-natl,genius_ncaa,133,147,90,143,104,167,210,160,277,309,281,309,46,50,85,44,105,162,54,165,66,159,194,211,181,140,7,22,99,198,233,182,224,198,259,187,141,67,72,127,287,300,227,224,,,142,141,,153,204,194,321,130,219,282,247,346,325,44,57,132,193,200,246,307,232,252,271,214,47,313,246,,96,,130,201,232,239,227,228,207,163,263,279,292,194,295,153,159,126,156,190,224,191,249,227,275,218,276,105,226,224,260,233,261,259,254,238,262,278,300,73,99,235,306,,,99,47,,255,204,170,140,282,204,188,194,154,149,84,261,268,125,130,131,131,64,201,201,211,230,310,69,216,,112,,272,b'\x11\xe8\xe1I\xc7\xf3\x8b\xd0\xaf\x82\x12\xdf\x17\xaeN\x1e'
11E8E149-C7F3-8BD0-AF82-12DF17AE4E1E,2025-ncaa-d1-conf-Mountain West,genius_ncaa,6,6,1,6,3,5,9,7,8,11,9,9,2,2,6,2,2,2,2,2,1,6,7,8,6,7,1,2,1,7,7,7,9,7,8,7,3,4,5,8,7,9,7,7,,,6,6,,10,8,6,10,7,10,11,10,11,11,3,3,4,5,5,10,9,8,9,10,8,4,9,7,,4,,10,8,8,10,7,8,7,5,10,10,11,4,10,4,5,1,5,6,7,8,8,8,8,5,8,3,10,9,8,7,9,8,8,5,5,6,6,5,5,5,8,,,1,2,,6,8,6,7,8,8,6,6,4,4,2,7,8,4,5,4,4,4,9,5,5,6,7,5,5,,2,,8,b'\x11\xe8\xe1I\xc7\xf3\x8b\xd0\xaf\x82\x12\xdf\x17\xaeN\x1e'
11E8E149-C7F3-8BD0-AF82-12DF17AE4E1E,2025-ncaa-d1-natl,genius_ncaa,130,147,72,142,86,150,210,150,275,310,269,315,36,45,81,43,125,175,58,178,87,152,192,201,183,141,7,20,130,209,254,161,220,185,264,183,145,58,63,117,294,305,222,233,,,131,117,,140,221,181,320,134,219,283,247,342,319,44,56,164,218,223,246,307,243,238,264,219,39,318,248,,81,,116,217,255,261,243,221,217,181,249,294,294,227,292,150,157,144,155,171,234,196,249,226,289,230,282,98,222,220,280,254,276,264,269,229,279,295,312,79,91,258,312,,,104,55,,265,221,184,136,293,217,195,210,171,154,93,274,268,122,123,125,136,66,183,228,224,230,318,60,228,,146,,287,b'\x11\xe8\xe1I\xc7\xf3\x8b\xd0\xaf\x82\x12\xdf\x17\xaeN\x1e'
11E8E149-C7F3-8BD0-AF82-12DF17AE4E1E,2026-ncaa-d0-natl,genius_ncaa,163,198,116,199,142,199,150,164,156,99,47,245,314,343,95,361,309,305,243,301,361,183,181,214,254,258,361,348,339,225,278,236,166,234,259,202,299,240,232,233,45,27,301,328,,,275,324,,227,176,165,193,97,260,167,185,68,14,349,361,342,341,340,246,241,269,312,321,247,205,36,332,,283,,214,176,128,144,116,232,210,172,243,31,56,70,39,191,211,109,213,223,127,175,186,186,73,35,18,244,100,166,232,278,201,259,196,260,44,20,65,229,227,310,205,,,278,346,,241,176,188,265,66,182,67,87,11,189,121,8,15,163,184,191,17,94,63,210,149,153,33,217,310,,346,,266,b'\x11\xe8\xe1I\xc7\xf3\x8b\xd0\xaf\x82\x12\xdf\x17\xaeN\x1e'
11E8E149-C7F3-8BD0-AF82-12DF17AE4E1E,2026-ncaa-d1-natl,genius_ncaa,163,195,85,192,117,198,130,119,167,71,24,253,323,351,128,362,314,318,220,313,362,150,126,230,264,267,361,351,337,168,222,232,189,210,231,207,317,290,263,263,27,24,326,338,,,329,335,,279,155,116,150,100,259,173,156,59,15,352,362,340,340,339,220,191,227,317,315,254,259,25,340,,313,,263,163,135,140,121,212,221,184,240,15,46,25,45,228,244,144,250,250,131,221,152,155,56,38,12,287,135,189,240,222,207,231,166,207,18,15,36,253,220,314,192,,,271,348,,268,155,243,271,49,166,61,62,14,175,108,5,18,192,209,218,22,128,87,187,140,108,21,223,297,,340,,289,b'\x11\xe8\xe1I\xc7\xf3\x8b\xd0\xaf\x82\x12\xdf\x17\xaeN\x1e'
11E8E149-C7F7-F206-AF82-12DF17AE4E1E,2010-ncaa-d0-natl,ncaa,302,326,122,311,152,261,297,270,304,311,278,322,140,156,122,111,138,145,143,140,39,251,232,282,253,261,27,72,34,217,214,300,312,281,295,253,116,205,250,259,95,69,124,115,,,121,154,,,287,238,294,218,303,328,317,327,305,146,157,137,143,133,305,296,239,334,320,278,201,100,125,,110,,,281,179,221,126,315,203,128,284,223,136,325,173,74,95,68,95,127,110,141,318,295,243,146,226,59,216,312,138,214,169,295,290,289,128,85,239,311,322,339,342,,,210,147,,,287,121,262,263,281,164,213,72,188,102,221,115,70,90,91,53,72,212,131,168,280,132,297,339,,240,,,b'\x11\xe8\xe1I\xc7\xf7\xf2\x06\xaf\x82\x12\xdf\x17\xaeN\x1e'
11E8E149-C7F7-F206-AF82-12DF17AE4E1E,2010-ncaa-d1-conf-SoCon,ncaa,11,11,4,11,4,9,11,10,8,11,8,10,5,5,4,5,5,5,5,5,5,11,8,7,7,8,3,4,3,7,3,11,11,10,8,7,5,8,8,8,4,4,5,5,,,5,6,,,8,10,10,4,10,11,9,10,8,5,7,5,6,6,10,9,9,11,10,7,7,4,7,,5,,,8,5,9,3,11,9,6,11,5,2,10,2,2,2,1,2,2,2,3,11,11,10,2,5,2,7,11,1,3,4,8,10,10,4,2,9,8,9,11,11,,,8,6,,,8,2,8,11,8,6,9,2,8,6,5,1,2,3,3,2,5,7,2,4,11,4,8,11,,8,,,b'\x11\xe8\xe1I\xc7\xf7\xf2\x06\xaf\x82\x12\xdf\x17\xaeN\x1e'
11E8E149-C7F7-F206-AF82-12DF17AE4E1E,2010-ncaa-d1-natl,ncaa,308,324,134,317,167,277,313,290,310,325,302,325,146,162,124,108,143,153,141,148,36,275,256,286,261,266,26,72,30,237,218,317,318,302,300,273,119,193,250,261,107,71,128,117,,,106,151,,,292,258,297,214,307,328,318,333,307,146,157,138,144,133,306,299,244,336,322,285,201,104,128,,109,,,286,165,212,110,318,194,113,290,215,121,326,172,69,87,69,88,129,91,121,321,299,254,143,229,60,196,318,127,218,157,300,287,289,146,92,242,306,323,339,343,,,221,147,,,292,100,266,275,287,167,216,76,194,103,221,114,72,90,90,57,71,215,133,172,287,139,300,341,,242,,,b'\x11\xe8\xe1I\xc7\xf7\xf2\x06\xaf\x82\x12\xdf\x17\xaeN\x1e'
11E8E149-C7F7-F206-AF82-12DF17AE4E1E,2011-ncaa-d0-natl,ncaa,208,175,288,207,288,270,291,282,282,293,259,302,209,226,158,177,125,140,147,137,47,265,281,272,239,230,67,141,29,197,182,217,174,216,185,314,309,85,172,285,321,315,260,280,,,42,83,,,220,290,200,20,211,264,193,268,186,167,180,67,57,57,153,154,136,83,87,317,183,302,248,,104,,,221,67,151,128,210,245,228,223,28,41,37,48,43,68,22,65,49,103,65,148,106,176,12,36,65,134,174,120,182,115,185,83,53,309,297,248,149,227,272,315,,,216,116,,,220,57,220,190,217,185,275,283,313,322,51,82,88,124,119,261,214,240,249,259,161,284,227,313,,110,,,b'\x11\xe8\xe1I\xc7\xf7\xf2\x06\xaf\x82\x12\xdf\x17\xaeN\x1e'
11E8E149-C7F7-F206-AF82-12DF17AE4E1E,2011-ncaa-d1-conf-SoCon,ncaa,5,5,8,5,8,6,8,8,8,7,7,8,5,7,4,7,1,1,4,1,1,5,6,8,7,7,4,6,1,7,7,6,7,5,6,10,9,5,5,8,11,11,6,8,,,4,4,,,6,6,4,2,5,8,5,7,5,5,7,1,1,1,4,4,6,4,3,10,5,10,6,,5,,,6,5,8,8,5,10,10,7,1,2,2,1,2,4,1,4,2,8,8,4,1,3,1,1,4,10,7,7,7,9,6,5,3,9,9,7,5,6,10,10,,,1,2,,,6,6,6,5,5,8,10,10,11,11,1,2,4,5,5,10,8,10,8,10,5,8,6,10,,1,,,b'\x11\xe8\xe1I\xc7\xf7\xf2\x06\xaf\x82\x12\xdf\x17\xaeN\x1e'
11E8E149-C7F7-F206-AF82-12DF17AE4E1E,2011-ncaa-d1-natl,ncaa,188,172,199,188,209,215,265,229,272,266,215,295,187,199,145,190,74,84,126,83,34,196,206,264,224,212,59,150,18,157,163,124,179,135,162,300,305,120,164,279,318,326,242,279,,,82,93,,,206,229,198,28,192,263,195,265,183,167,183,43,46,44,148,147,131,59,66,310,178,320,245,,117,,,207,134,210,227,173,285,290,189,33,67,34,43,63,110,17,104,51,204,133,116,73,160,12,31,72,216,179,171,163,199,162,97,42,306,311,247,194,231,290,306,,,142,88,,,206,112,201,193,206,178,264,292,315,325,45,83,94,138,137,275,221,263,230,253,147,299,233,303,,87,,,b'\x11\xe8\xe1I\xc7\xf7\xf2\x06\xaf\x82\x12\xdf\x17\xaeN\x1e'
11E8E149-C7F7-F206-AF82-12DF17AE4E1E,2012-ncaa-d0-natl,ncaa,161,174,120,169,126,170,199,144,271,171,120,275,212,195,239,231,62,66,128,68,91,120,104,275,246,250,142,230,27,71,74,140,301,94,178,231,246,269,229,274,176,218,109,180,,,192,100,,,209,124,140,60,184,223,154,193,128,225,211,48,54,59,123,91,67,145,82,255,254,186,109,,177,,,207,220,295,292,202,323,331,162,53,47,153,21,78,153,3,154,45,281,263,142,84,118,7,31,39,331,301,175,74,291,178,119,20,163,226,134,302,275,340,340,,,102,158,,,209,227,218,190,199,218,285,310,314,339,49,37,68,141,144,296,288,326,163,282,118,176,289,342,,110,,,b'\x11\xe8\xe1I\xc7\xf7\xf2\x06\xaf\x82\x12\xdf\x17\xaeN\x1e'
11E8E149-C7F7-F206-AF82-12DF17AE4E1E,2012-ncaa-d1-conf-SoCon,ncaa,6,6,3,6,4,5,6,2,7,3,4,7,7,4,9,8,1,1,7,1,1,2,2,7,7,6,7,7,2,3,3,7,11,5,5,6,8,9,5,6,5,7,5,8,,,7,5,,,6,3,3,2,5,6,3,3,4,7,5,1,1,1,2,2,3,7,5,6,8,5,5,,7,,,6,10,11,11,10,11,11,9,4,3,9,1,4,6,1,6,3,11,10,10,7,7,1,2,1,11,11,7,3,11,5,9,2,4,8,5,10,9,11,11,,,1,3,,,6,10,6,8,6,9,11,11,11,11,5,2,4,6,6,11,11,11,5,10,10,3,10,11,,1,,,b'\x11\xe8\xe1I\xc7\xf7\xf2\x06\xaf\x82\x12\xdf\x17\xaeN\x1e'
11E8E149-C7F7-F206-AF82-12DF17AE4E1E,2012-ncaa-d1-natl,ncaa,174,173,137,180,143,192,221,173,278,190,136,277,221,203,240,229,71,76,130,81,90,141,116,279,253,253,136,228,26,80,77,155,305,111,185,249,246,254,229,276,190,227,117,184,,,172,103,,,222,152,145,58,192,230,160,200,133,226,214,48,54,61,128,96,69,149,89,261,257,192,110,,182,,,221,205,281,280,206,314,329,172,47,37,159,21,69,139,3,138,45,272,244,152,88,129,7,32,40,328,305,152,77,273,185,107,20,185,233,141,290,276,340,340,,,115,154,,,222,200,228,199,210,221,287,310,316,339,50,37,70,145,145,299,287,327,170,285,122,184,290,342,,111,,,b'\x11\xe8\xe1I\xc7\xf7\xf2\x06\xaf\x82\x12\xdf\x17\xaeN\x1e'
11E8E149-C7F7-F206-AF82-12DF17AE4E1E,2013-ncaa-d0-natl,ncaa,235,216,251,238,258,244,256,251,260,192,141,273,311,311,269,310,90,123,70,124,138,227,199,289,247,268,241,307,20,132,94,305,305,252,209,229,144,243,269,264,276,288,260,287,,,278,314,,,300,223,147,27,221,243,189,151,74,307,306,45,68,65,162,101,84,293,202,212,284,266,239,,320,,,299,238,246,119,322,305,241,313,12,13,126,7,284,284,147,286,230,146,131,291,300,299,21,8,252,196,305,77,94,117,209,111,42,224,224,178,264,275,320,309,,,143,95,,,300,124,249,307,299,301,302,213,333,320,21,16,303,305,304,264,241,260,155,209,169,183,297,332,,61,,,b'\x11\xe8\xe1I\xc7\xf7\xf2\x06\xaf\x82\x12\xdf\x17\xaeN\x1e'
11E8E149-C7F7-F206-AF82-12DF17AE4E1E,2013-ncaa-d1-conf-SoCon,ncaa,7,7,8,7,9,6,7,7,6,7,6,7,11,11,6,11,3,1,6,1,3,7,7,8,7,6,6,10,1,5,3,9,9,8,6,6,3,8,7,7,9,9,8,9,,,10,11,,,7,9,6,2,6,7,7,6,5,11,11,1,1,1,6,4,4,9,6,6,8,9,7,,10,,,7,10,9,3,10,9,7,10,1,1,6,1,11,10,6,10,10,5,4,9,9,10,4,1,10,6,9,2,3,2,6,5,3,8,9,7,8,8,10,10,,,4,4,,,7,3,6,10,7,10,10,5,10,9,1,1,11,11,11,8,8,7,4,4,7,8,10,11,,3,,,b'\x11\xe8\xe1I\xc7\xf7\xf2\x06\xaf\x82\x12\xdf\x17\xaeN\x1e'
11E8E149-C7F7-F206-AF82-12DF17AE4E1E,2013-ncaa-d1-natl,ncaa,221,216,210,228,211,231,251,238,253,185,121,271,309,312,256,311,73,90,76,89,114,212,185,283,243,267,232,307,18,127,102,285,300,231,213,231,154,264,270,266,275,289,246,285,,,289,308,,,303,191,145,24,224,247,205,159,82,306,309,38,54,54,166,110,93,277,191,223,284,272,239,,311,,,302,257,265,170,318,315,275,304,17,15,126,8,281,289,121,288,214,198,166,279,282,293,20,9,237,230,300,92,102,151,213,119,31,220,234,170,275,274,321,302,,,115,81,,,303,151,248,302,300,295,302,227,333,319,27,23,294,299,298,270,245,264,157,213,155,188,298,329,,55,,,b'\x11\xe8\xe1I\xc7\xf7\xf2\x06\xaf\x82\x12\xdf\x17\xaeN\x1e'
11E8E149-C7F7-F206-AF82-12DF17AE4E1E,2014-ncaa-d0-natl,ncaa,148,105,254,131,289,239,236,285,112,183,206,138,255,280,156,253,188,199,150,204,183,279,291,151,134,150,245,249,120,284,254,153,153,225,181,221,180,99,197,173,340,341,162,200,,,124,192,,,168,275,177,270,195,188,246,136,159,247,270,145,160,169,240,244,263,50,148,193,162,337,140,,192,,,170,74,93,141,97,183,262,63,19,20,100,16,168,186,67,186,132,153,96,47,50,136,47,29,245,177,153,108,254,139,181,14,13,329,324,182,147,238,322,330,,,190,68,,,168,79,180,167,161,155,177,264,253,335,35,32,219,248,251,283,191,251,202,240,45,317,212,337,,119,,,b'\x11\xe8\xe1I\xc7\xf7\xf2\x06\xaf\x82\x12\xdf\x17\xaeN\x1e'
11E8E149-C7F7-F206-AF82-12DF17AE4E1E,2014-ncaa-d1-conf-SoCon,ncaa,3,2,6,2,10,5,7,9,3,5,8,2,8,7,7,7,2,3,4,3,3,9,9,4,3,3,6,8,3,8,5,3,3,6,3,3,4,1,4,3,10,10,5,6,,,4,6,,,3,9,6,9,3,4,9,3,4,7,7,2,3,3,6,7,6,1,2,3,4,10,5,,6,,,3,4,4,5,2,4,7,3,2,4,4,2,9,9,4,9,8,6,3,2,3,7,7,3,10,6,3,3,5,4,3,2,1,10,10,8,2,4,6,8,,,3,1,,,3,3,3,6,3,6,4,6,4,10,3,4,9,9,9,9,5,8,4,4,3,10,4,7,,2,,,b'\x11\xe8\xe1I\xc7\xf7\xf2\x06\xaf\x82\x12\xdf\x17\xaeN\x1e'
11E8E149-C7F7-F206-AF82-12DF17AE4E1E,2014-ncaa-d1-natl,ncaa,123,105,145,121,193,183,182,241,89,141,178,122,240,266,121,251,157,148,176,154,155,229,226,121,113,133,235,239,118,266,259,85,156,162,175,183,174,160,206,176,324,332,132,178,,,187,198,,,145,202,175,273,181,182,258,137,165,235,269,140,141,150,244,241,266,47,149,184,171,330,130,,200,,,146,118,131,214,76,224,303,57,25,30,73,18,191,221,63,224,128,226,170,35,39,109,45,28,244,237,156,166,259,192,175,27,11,301,314,148,218,248,329,330,,,134,64,,,145,154,174,128,140,128,154,262,237,332,29,37,212,237,241,277,195,251,189,229,37,302,229,336,,108,,,b'\x11\xe8\xe1I\xc7\xf7\xf2\x06\xaf\x82\x12\xdf\x17\xaeN\x1e'
11E8E149-C7F7-F206-AF82-12DF17AE4E1E,2015-ncaa-d0-natl,ncaa,133,131,113,138,154,113,108,215,36,146,221,44,105,151,30,137,141,153,142,154,108,202,208,30,31,54,131,119,204,238,196,53,138,110,89,191,276,151,185,177,349,349,154,238,,,95,79,,,157,190,255,234,108,112,270,158,263,106,149,152,178,177,258,272,269,33,120,215,141,349,168,,88,,,158,233,272,300,133,302,327,81,104,82,211,28,164,198,58,202,64,298,180,92,74,252,41,70,113,268,138,69,196,138,89,40,6,349,349,320,202,223,197,243,,,175,153,,,157,158,64,285,157,216,267,328,306,342,90,63,139,168,174,323,122,262,56,112,44,349,195,191,,217,,,b'\x11\xe8\xe1I\xc7\xf7\xf2\x06\xaf\x82\x12\xdf\x17\xaeN\x1e'
11E8E149-C7F7-F206-AF82-12DF17AE4E1E,2015-ncaa-d1-conf-SoCon,ncaa,4,5,3,5,3,4,4,5,4,5,6,4,3,3,2,4,3,3,2,3,2,5,5,3,3,3,3,4,3,6,6,2,3,3,2,5,3,5,7,5,8,8,4,4,,,6,4,,,5,3,5,1,4,4,6,5,5,3,4,3,4,4,5,6,7,2,3,5,6,8,4,,4,,,5,7,7,7,3,7,7,4,4,5,3,3,4,5,5,5,3,7,4,3,3,6,2,3,4,6,3,2,6,4,2,4,2,8,8,8,5,6,3,5,,,2,3,,,5,6,3,6,5,5,6,8,7,8,4,6,4,4,4,8,4,6,2,4,4,8,5,2,,3,,,b'\x11\xe8\xe1I\xc7\xf7\xf2\x06\xaf\x82\x12\xdf\x17\xaeN\x1e'
11E8E149-C7F7-F206-AF82-12DF17AE4E1E,2015-ncaa-d1-natl,ncaa,106,130,55,120,85,65,69,139,30,103,175,49,71,122,14,136,134,145,151,147,134,139,127,22,26,51,125,104,238,201,165,30,139,60,65,136,268,211,193,172,348,349,100,192,,,123,74,,,143,118,243,254,94,97,257,148,252,88,144,171,198,198,250,260,242,27,97,169,156,349,119,,80,,,144,288,313,329,121,323,342,73,127,116,207,31,183,208,78,213,51,326,253,90,63,243,37,69,102,298,139,100,165,198,65,63,3,346,349,314,244,228,226,231,,,146,186,,,143,231,57,279,145,222,273,332,307,345,94,70,130,152,157,325,136,271,41,99,41,349,202,192,,236,,,b'\x11\xe8\xe1I\xc7\xf7\xf2\x06\xaf\x82\x12\xdf\x17\xaeN\x1e'
11E8E149-C7F7-F206-AF82-12DF17AE4E1E,2016-ncaa-d0-natl,ncaa,196,181,240,202,258,228,228,289,141,294,330,117,75,85,89,28,287,314,54,308,179,295,314,93,100,106,42,32,275,322,300,177,243,271,269,308,327,33,139,230,348,347,120,136,,,52,88,,,210,301,285,182,196,208,258,284,327,52,52,272,308,301,283,314,317,95,242,308,68,348,107,,80,,,212,121,163,183,156,208,235,144,87,93,141,77,80,95,125,98,72,163,61,123,102,252,66,100,104,253,243,116,300,163,269,72,30,347,346,314,44,132,267,339,,,343,322,,,210,46,151,277,224,203,236,288,275,311,126,129,115,131,134,258,110,296,177,245,101,344,76,295,,337,,,b'\x11\xe8\xe1I\xc7\xf7\xf2\x06\xaf\x82\x12\xdf\x17\xaeN\x1e'
11E8E149-C7F7-F206-AF82-12DF17AE4E1E,2016-ncaa-d1-conf-SoCon,ncaa,4,5,3,5,3,3,3,3,2,6,6,2,1,1,4,1,6,7,1,7,4,3,5,2,2,2,1,1,8,7,7,1,5,3,6,4,6,5,4,4,8,8,3,4,,,5,3,,,4,3,5,5,2,3,5,6,7,1,1,5,8,8,5,6,7,1,5,5,5,8,3,,4,,,4,6,7,8,4,7,8,4,6,5,6,3,5,4,6,4,2,8,6,4,4,6,3,5,2,6,5,6,7,6,6,5,4,8,8,8,4,4,8,8,,,8,7,,,4,6,3,6,5,5,6,7,6,7,6,5,4,3,3,6,5,6,6,7,4,8,5,8,,8,,,b'\x11\xe8\xe1I\xc7\xf7\xf2\x06\xaf\x82\x12\xdf\x17\xaeN\x1e'
11E8E149-C7F7-F206-AF82-12DF17AE4E1E,2016-ncaa-d1-natl,ncaa,174,179,142,184,179,180,183,221,138,260,313,117,54,65,82,32,275,303,62,298,206,244,286,89,99,103,48,30,288,311,297,120,247,209,258,270,317,43,115,186,344,345,95,123,,,70,85,,,190,253,281,199,180,187,233,271,322,48,49,279,311,309,273,313,307,86,221,287,62,344,90,,81,,,190,159,215,250,126,254,284,117,92,112,92,76,108,108,119,112,69,226,132,88,72,209,58,91,106,298,247,189,297,253,258,75,29,345,344,297,44,98,272,324,,,341,333,,,190,85,137,265,195,185,219,291,260,316,104,124,115,132,135,264,124,304,184,253,85,343,60,282,,341,,,b'\x11\xe8\xe1I\xc7\xf7\xf2\x06\xaf\x82\x12\xdf\x17\xaeN\x1e'
11E8E149-C7F7-F206-AF82-12DF17AE4E1E,2017-ncaa-d0-natl,ncaa,237,210,291,232,302,295,299,326,212,323,340,192,149,154,157,53,287,306,106,307,134,327,336,167,158,182,50,61,194,319,295,212,189,282,235,337,339,62,214,302,348,347,228,216,,,27,100,,,186,330,308,158,263,271,295,309,324,103,91,244,273,276,308,314,295,98,221,335,150,348,207,,75,,,190,16,42,68,78,67,110,94,53,87,51,165,33,49,31,50,88,53,26,70,38,119,79,152,108,148,189,72,295,83,235,22,57,341,312,216,47,159,158,299,,,327,244,,,186,17,206,159,199,76,122,210,162,217,108,173,70,100,104,177,72,249,186,224,68,325,101,221,,307,,,b'\x11\xe8\xe1I\xc7\xf7\xf2\x06\xaf\x82\x12\xdf\x17\xaeN\x1e'
11E8E149-C7F7-F206-AF82-12DF17AE4E1E,2017-ncaa-d1-conf-SoCon,ncaa,5,4,5,5,5,5,5,8,3,7,7,3,1,2,2,2,6,6,4,6,4,6,6,2,2,4,2,2,5,7,7,4,6,5,5,7,6,6,8,7,8,8,4,4,,,2,3,,,5,7,4,1,5,5,6,7,7,1,2,6,5,5,5,4,7,3,5,7,6,8,4,,3,,,5,1,5,5,4,6,6,5,3,4,2,5,2,3,4,3,3,4,4,4,3,4,2,3,3,6,6,3,7,6,5,4,5,7,6,6,6,8,3,4,,,7,5,,,5,2,5,5,5,5,6,7,6,7,4,5,3,3,3,7,6,7,4,7,5,6,7,3,,6,,,b'\x11\xe8\xe1I\xc7\xf7\xf2\x06\xaf\x82\x12\xdf\x17\xaeN\x1e'
11E8E149-C7F7-F206-AF82-12DF17AE4E1E,2017-ncaa-d1-natl,ncaa,194,210,144,209,172,217,234,252,195,281,311,177,98,88,129,48,250,279,102,281,166,266,280,135,139,156,46,46,238,273,279,105,142,183,202,312,329,116,188,271,342,343,185,197,,,57,86,,,131,264,295,170,231,251,266,294,317,79,75,253,287,289,285,298,281,76,181,322,127,343,182,,65,,,133,44,89,174,52,129,200,77,67,151,23,166,44,70,32,74,83,149,85,45,27,76,68,128,106,194,142,192,279,195,202,48,64,308,285,194,76,129,227,301,,,314,294,,,131,69,180,107,138,59,100,190,136,206,76,166,64,90,94,162,67,207,193,212,60,311,87,235,,325,,,b'\x11\xe8\xe1I\xc7\xf7\xf2\x06\xaf\x82\x12\xdf\x17\xaeN\x1e'
11E8E149-C7F7-F206-AF82-12DF17AE4E1E,2018-ncaa-d0-natl,ncaa,170,129,242,163,242,249,257,315,117,236,288,107,248,262,203,192,159,176,147,176,61,308,319,130,114,141,184,228,70,270,164,189,119,236,88,248,204,105,233,218,314,297,112,86,,,55,158,,,211,323,326,20,242,252,321,216,268,230,243,129,135,134,307,311,242,128,180,246,164,310,88,,104,,,211,75,108,106,162,82,101,126,212,158,289,243,20,26,80,24,61,76,33,192,153,235,207,291,45,89,119,20,164,30,88,131,175,328,299,288,95,204,264,319,,,228,67,,,211,31,149,232,207,136,174,168,129,148,258,214,40,53,50,124,45,134,48,59,170,317,142,288,,169,,,b'\x11\xe8\xe1I\xc7\xf7\xf2\x06\xaf\x82\x12\xdf\x17\xaeN\x1e'
11E8E149-C7F7-F206-AF82-12DF17AE4E1E,2018-ncaa-d1-conf-SoCon,ncaa,4,4,5,4,5,7,7,7,4,6,6,3,8,6,7,4,3,3,2,3,1,7,6,5,3,4,3,5,1,4,3,5,5,4,3,4,2,4,7,6,5,5,3,3,,,5,5,,,5,6,7,2,6,6,6,6,6,6,6,1,3,3,6,4,3,1,3,2,7,5,2,,6,,,5,3,3,3,3,2,5,2,6,5,6,5,1,1,2,1,1,3,3,3,3,4,3,8,1,4,5,1,3,1,3,4,7,7,7,7,6,6,6,7,,,4,1,,,5,3,5,5,5,5,6,6,5,7,7,5,2,2,2,6,5,5,1,2,6,7,7,7,,2,,,b'\x11\xe8\xe1I\xc7\xf7\xf2\x06\xaf\x82\x12\xdf\x17\xaeN\x1e'
11E8E149-C7F7-F206-AF82-12DF17AE4E1E,2018-ncaa-d1-natl,ncaa,134,129,97,139,99,152,164,231,97,127,188,81,235,237,216,231,97,97,145,94,72,208,203,120,101,118,229,256,72,157,101,87,100,103,57,172,201,184,211,190,263,274,65,63,,,127,144,,,147,223,315,30,190,197,293,142,213,247,260,99,113,111,270,283,175,96,115,203,162,283,67,,106,,,148,138,172,230,104,126,187,81,254,239,250,248,34,59,51,54,60,192,136,129,94,167,214,292,46,162,100,59,101,78,57,177,170,271,268,242,167,199,283,286,,,134,70,,,147,139,112,176,134,105,149,182,100,150,243,220,33,51,50,128,68,141,44,60,156,290,157,269,,149,,,b'\x11\xe8\xe1I\xc7\xf7\xf2\x06\xaf\x82\x12\xdf\x17\xaeN\x1e'
11E8E149-C7F7-F206-AF82-12DF17AE4E1E,2019-ncaa-d0-natl,ncaa,125,109,114,126,132,162,201,221,175,178,189,172,206,201,197,208,46,82,31,84,68,194,180,186,130,147,136,233,22,126,69,139,216,126,90,239,261,210,201,238,301,308,173,170,,,196,230,,,169,206,294,111,177,233,278,208,222,219,221,35,82,86,234,237,123,156,126,269,188,315,177,,189,,,169,175,169,211,117,179,166,188,176,257,37,253,173,163,214,159,159,208,163,117,118,193,172,184,184,268,216,61,69,118,90,55,31,278,289,175,122,133,339,340,,,101,66,,,169,138,126,223,177,146,150,187,156,134,157,251,165,148,145,168,102,257,40,95,50,296,121,340,,104,,,b'\x11\xe8\xe1I\xc7\xf7\xf2\x06\xaf\x82\x12\xdf\x17\xaeN\x1e'
11E8E149-C7F7-F206-AF82-12DF17AE4E1E,2019-ncaa-d1-conf-SoCon,ncaa,2,2,1,2,2,3,5,3,7,6,5,7,3,4,6,4,1,2,1,2,1,3,1,6,6,6,2,4,1,1,1,2,5,1,1,3,4,6,5,5,6,7,5,5,,,7,7,,,2,3,7,5,5,6,6,6,6,3,4,2,2,2,6,5,1,4,2,6,6,7,5,,3,,,2,2,4,6,2,2,3,3,6,8,2,8,5,6,4,5,4,6,6,2,2,2,6,6,7,7,5,3,1,4,1,5,4,4,6,3,7,6,8,8,,,1,2,,,2,5,4,2,2,1,2,3,1,2,5,8,3,3,3,3,3,3,1,3,2,6,7,7,,2,,,b'\x11\xe8\xe1I\xc7\xf7\xf2\x06\xaf\x82\x12\xdf\x17\xaeN\x1e'
11E8E149-C7F7-F206-AF82-12DF17AE4E1E,2019-ncaa-d1-natl,ncaa,122,137,62,135,76,129,169,166,177,149,155,164,192,183,232,207,32,56,48,57,54,140,122,194,133,159,146,240,20,94,66,85,203,78,84,214,247,253,209,241,293,317,158,170,,,241,230,,,176,147,288,128,176,234,277,199,223,224,217,31,71,74,227,222,117,124,109,263,205,319,177,,196,,,177,226,223,274,120,225,219,176,208,276,48,245,199,215,139,211,171,268,224,117,110,199,168,187,176,281,203,86,66,174,84,67,22,262,295,171,199,161,343,338,,,61,66,,,176,196,135,223,184,156,161,201,164,158,168,243,161,174,170,193,113,257,42,96,45,294,148,337,,96,,,b'\x11\xe8\xe1I\xc7\xf7\xf2\x06\xaf\x82\x12\xdf\x17\xaeN\x1e'
11E8E149-C7F7-F206-AF82-12DF17AE4E1E,2020-ncaa-d0-natl,ncaa,140,109,260,131,293,232,271,341,77,263,326,38,226,212,221,130,60,63,143,61,6,325,308,78,59,120,100,190,17,189,44,278,249,245,83,197,91,229,299,221,344,342,316,316,,,109,234,,,167,322,310,186,194,241,344,230,316,189,180,32,33,33,312,283,150,236,206,157,267,342,297,,178,,,166,82,136,82,220,191,150,240,75,78,101,107,55,74,74,85,100,74,36,192,151,222,41,96,82,202,249,5,44,18,83,137,164,308,263,268,85,155,217,319,,,119,19,,,167,28,103,260,167,145,212,164,247,213,95,100,88,112,122,143,81,249,9,37,191,280,120,244,,54,,,b'\x11\xe8\xe1I\xc7\xf7\xf2\x06\xaf\x82\x12\xdf\x17\xaeN\x1e'
11E8E149-C7F7-F206-AF82-12DF17AE4E1E,2020-ncaa-d1-conf-SoCon,ncaa,4,4,3,4,4,2,5,6,3,4,6,1,5,3,7,5,1,1,3,1,1,5,4,3,2,3,4,5,1,1,1,5,4,2,1,2,2,5,6,4,8,8,6,7,,,8,6,,,4,6,7,5,3,5,7,5,7,5,4,1,1,1,6,5,1,4,1,3,5,8,6,,6,,,4,4,6,5,5,5,5,4,5,5,5,5,4,5,2,6,4,5,4,5,4,6,4,5,3,4,4,1,1,1,1,8,8,7,7,8,4,5,7,7,,,1,2,,,4,4,3,6,4,4,6,4,6,4,4,4,3,5,5,4,2,4,1,1,8,7,5,6,,2,,,b'\x11\xe8\xe1I\xc7\xf7\xf2\x06\xaf\x82\x12\xdf\x17\xaeN\x1e'
11E8E149-C7F7-F206-AF82-12DF17AE4E1E,2020-ncaa-d1-natl,ncaa,92,109,45,113,96,127,178,287,65,160,282,33,171,163,203,146,30,34,152,33,9,243,196,66,54,109,128,198,31,100,30,165,229,124,56,85,58,283,288,179,313,325,283,305,,,180,218,,,114,243,311,230,164,209,335,202,304,189,187,39,43,39,300,271,120,205,162,110,260,325,297,,162,,,116,133,204,201,167,240,230,182,95,124,88,118,78,95,88,102,82,174,135,136,113,147,60,108,83,250,229,11,30,53,56,178,157,231,232,222,123,131,278,320,,,53,35,,,114,103,77,191,116,98,150,139,204,194,88,97,69,86,91,111,69,229,8,30,141,255,98,267,,78,,,b'\x11\xe8\xe1I\xc7\xf7\xf2\x06\xaf\x82\x12\xdf\x17\xaeN\x1e'
11E8E149-C7F7-F206-AF82-12DF17AE4E1E,2021-ncaa-d0-natl,ncaa,205,250,157,230,168,215,211,222,168,233,248,135,158,145,175,79,256,241,267,241,182,230,204,146,174,247,121,89,267,163,68,214,281,196,138,163,76,282,314,248,269,294,275,307,,,161,201,,,262,213,323,142,287,284,326,282,310,151,140,303,284,283,329,298,160,278,251,177,297,301,304,,157,,,255,150,171,156,221,197,183,213,124,132,155,121,131,131,167,132,101,154,143,195,177,203,71,115,112,221,281,86,68,117,138,149,104,215,211,198,283,316,221,301,,,193,138,,,262,135,238,242,257,137,174,131,212,189,112,95,100,105,106,103,67,242,22,69,134,244,292,227,,215,,,b'\x11\xe8\xe1I\xc7\xf7\xf2\x06\xaf\x82\x12\xdf\x17\xaeN\x1e'
11E8E149-C7F7-F206-AF82-12DF17AE4E1E,2021-ncaa-d1-conf-SoCon,ncaa,5,5,2,5,3,4,4,3,2,4,5,2,2,2,4,1,7,6,6,6,6,3,3,2,2,4,4,1,8,4,4,4,7,3,3,1,1,8,7,3,8,8,7,8,,,8,5,,,5,3,7,5,5,3,8,4,8,3,2,7,7,7,7,7,6,4,7,1,7,8,7,,5,,,5,6,7,7,5,7,7,7,5,6,3,4,3,4,4,4,4,7,6,5,5,6,1,3,4,7,7,2,4,4,3,5,3,5,7,5,8,8,7,7,,,4,5,,,5,6,4,6,5,4,7,5,8,6,4,4,4,4,4,4,3,6,1,1,3,8,8,6,,7,,,b'\x11\xe8\xe1I\xc7\xf7\xf2\x06\xaf\x82\x12\xdf\x17\xaeN\x1e'
11E8E149-C7F7-F206-AF82-12DF17AE4E1E,2021-ncaa-d1-natl,ncaa,164,250,70,204,84,156,144,156,138,152,184,92,121,99,196,95,203,178,283,172,145,162,131,128,161,235,146,117,252,73,57,114,228,101,85,85,48,329,315,228,212,269,247,300,,,229,178,,,204,141,300,174,269,246,311,250,297,160,150,281,257,255,316,266,132,213,176,131,301,281,300,,148,,,197,193,219,232,150,235,244,144,182,194,143,133,156,172,85,176,97,220,211,132,104,118,97,149,103,268,228,135,57,183,85,190,124,126,168,147,314,303,231,246,,,120,134,,,204,203,219,141,196,90,130,127,148,171,114,102,74,90,93,92,76,213,18,53,113,204,277,168,,197,,,b'\x11\xe8\xe1I\xc7\xf7\xf2\x06\xaf\x82\x12\xdf\x17\xaeN\x1e'
11E8E149-C7F7-F206-AF82-12DF17AE4E1E,2022-ncaa-d0-natl,ncaa,107,157,52,140,62,110,136,81,274,155,104,260,111,77,225,134,63,86,74,80,120,75,63,251,230,209,103,144,80,24,28,82,80,41,39,110,115,270,157,163,245,299,296,318,,,167,91,,,184,93,260,134,191,222,144,235,191,154,124,102,140,135,142,138,28,146,52,174,180,306,327,,59,,,184,278,301,273,225,236,208,232,331,326,277,317,62,64,94,60,54,254,252,259,222,232,221,325,21,162,80,221,28,200,39,298,206,142,190,242,163,77,310,277,,,35,68,,,184,266,157,197,186,162,204,161,145,89,306,288,30,28,26,109,85,84,81,62,220,223,87,289,,61,,,b'\x11\xe8\xe1I\xc7\xf7\xf2\x06\xaf\x82\x12\xdf\x17\xaeN\x1e'
11E8E149-C7F7-F206-AF82-12DF17AE4E1E,2022-ncaa-d1-conf-SoCon,ncaa,2,3,1,3,1,2,3,3,3,3,2,4,2,3,3,4,1,1,1,1,1,1,1,5,3,3,4,4,1,1,1,1,2,1,1,1,2,5,3,3,6,8,7,7,,,4,2,,,3,2,5,4,3,4,3,4,4,4,4,1,1,1,2,3,1,1,1,2,4,8,7,,2,,,3,8,8,8,7,8,6,8,6,7,5,6,2,1,8,1,1,8,7,7,7,5,5,6,1,3,2,4,1,4,1,8,5,3,3,4,4,2,6,6,,,1,1,,,3,7,2,4,3,4,5,4,6,3,6,6,2,1,1,3,2,2,1,1,5,5,2,6,,1,,,b'\x11\xe8\xe1I\xc7\xf7\xf2\x06\xaf\x82\x12\xdf\x17\xaeN\x1e'
11E8E149-C7F7-F206-AF82-12DF17AE4E1E,2022-ncaa-d1-natl,ncaa,93,157,16,129,19,79,96,36,279,116,69,266,97,64,228,139,42,58,78,56,127,34,24,263,239,219,110,157,73,7,15,49,85,22,28,94,128,309,172,177,185,262,288,316,,,224,92,,,155,48,244,147,180,218,127,222,170,158,127,96,131,128,114,100,20,149,41,171,200,272,324,,66,,,158,301,312,309,212,248,231,227,338,331,266,312,80,98,57,91,79,294,305,248,209,194,234,321,31,191,85,259,15,238,28,308,218,72,139,203,219,85,326,279,,,22,79,,,155,307,156,160,163,149,184,138,134,71,301,284,30,36,30,98,93,84,69,63,215,177,114,293,,62,,,b'\x11\xe8\xe1I\xc7\xf7\xf2\x06\xaf\x82\x12\xdf\x17\xaeN\x1e'
11E8E149-C7F7-F206-AF82-12DF17AE4E1E,2023-ncaa-d0-natl,ncaa,300,257,326,301,327,320,333,322,321,316,263,319,293,280,296,226,161,177,101,174,90,302,286,318,291,311,134,234,21,45,4,307,259,181,41,304,181,228,305,313,348,344,329,331,,,34,103,,,284,339,263,41,269,310,215,273,162,263,219,73,84,81,166,88,10,210,41,265,323,339,323,,109,,,290,61,130,80,266,151,60,321,127,174,84,286,8,11,86,11,51,50,32,271,215,272,55,203,15,135,259,3,4,13,41,158,184,327,273,299,200,267,338,356,,,273,216,,,284,22,254,292,289,242,302,282,300,195,229,289,33,49,44,234,159,265,37,102,266,271,296,360,,155,,,b'\x11\xe8\xe1I\xc7\xf7\xf2\x06\xaf\x82\x12\xdf\x17\xaeN\x1e'
11E8E149-C7F7-F206-AF82-12DF17AE4E1E,2023-ncaa-d1-conf-SoCon,ncaa,7,7,5,7,5,7,7,6,8,7,5,8,6,5,6,5,1,2,3,2,2,5,3,8,8,7,5,5,1,1,1,4,2,1,1,4,2,8,7,7,7,7,8,8,,,4,4,,,7,5,3,2,7,7,5,6,3,6,5,1,1,1,4,1,1,2,1,3,8,7,8,,5,,,7,4,7,4,7,5,3,7,5,6,2,6,1,3,1,2,3,1,2,7,6,7,2,5,1,2,2,1,1,1,1,6,5,6,6,6,7,7,8,8,,,8,8,,,7,2,7,6,7,6,8,7,7,5,6,6,3,4,4,5,5,3,1,2,7,6,7,8,,6,,,b'\x11\xe8\xe1I\xc7\xf7\xf2\x06\xaf\x82\x12\xdf\x17\xaeN\x1e'
11E8E149-C7F7-F206-AF82-12DF17AE4E1E,2023-ncaa-d1-natl,ncaa,265,257,219,273,230,237,271,201,306,260,177,306,230,222,249,215,104,126,134,120,97,179,144,296,269,280,129,212,36,14,3,212,224,66,17,235,166,290,276,286,298,298,319,318,,,60,83,,,200,271,233,50,219,262,132,241,134,216,197,74,76,70,107,61,7,168,17,221,317,287,316,,92,,,200,94,182,163,202,188,111,284,142,241,40,288,21,30,85,31,55,117,97,201,150,161,60,195,24,201,224,12,3,39,17,181,176,224,190,227,274,259,350,351,,,186,214,,,200,91,207,180,198,171,242,250,245,151,179,282,33,45,45,189,171,247,36,86,225,200,297,359,,126,,,b'\x11\xe8\xe1I\xc7\xf7\xf2\x06\xaf\x82\x12\xdf\x17\xaeN\x1e'
11E8E149-C7F7-F206-AF82-12DF17AE4E1E,2024-ncaa-d0-natl,ncaa,225,176,298,220,316,272,297,293,263,279,267,246,253,238,257,194,188,179,197,179,83,281,281,261,238,252,153,215,62,108,34,222,152,174,57,265,172,157,243,256,344,332,333,335,,,55,152,,,224,320,197,263,223,253,218,229,199,218,188,99,102,101,185,142,44,105,46,218,256,327,324,,149,,,233,66,136,112,225,187,130,269,70,125,43,174,20,41,13,36,66,86,52,193,154,222,28,115,35,104,152,29,34,37,57,80,77,331,299,249,170,242,303,340,,,251,170,,,224,51,201,227,223,197,277,265,307,271,134,200,61,108,103,242,175,197,100,125,154,297,260,344,,153,,,b'\x11\xe8\xe1I\xc7\xf7\xf2\x06\xaf\x82\x12\xdf\x17\xaeN\x1e'
11E8E149-C7F7-F206-AF82-12DF17AE4E1E,2024-ncaa-d1-conf-SoCon,ncaa,7,7,5,7,5,6,6,6,7,6,7,5,6,4,6,3,2,3,4,3,1,6,5,7,5,6,4,6,1,3,3,5,7,3,3,5,3,7,7,6,6,7,8,7,,,8,8,,,6,5,3,1,6,6,5,5,5,6,3,1,1,1,5,2,3,2,3,3,7,6,7,,8,,,6,4,5,5,5,5,5,8,4,7,2,7,3,3,1,3,5,4,4,6,3,6,4,4,1,7,7,3,3,4,3,8,8,7,7,8,7,7,8,8,,,4,6,,,6,4,6,6,6,7,7,8,8,5,4,7,4,6,6,7,7,7,5,6,8,6,7,8,,4,,,b'\x11\xe8\xe1I\xc7\xf7\xf2\x06\xaf\x82\x12\xdf\x17\xaeN\x1e'
11E8E149-C7F7-F206-AF82-12DF17AE4E1E,2024-ncaa-d1-natl,ncaa,190,177,194,197,238,185,200,189,201,198,194,198,182,182,188,186,121,111,202,109,90,175,166,200,188,199,149,192,90,43,18,133,115,87,28,183,168,226,212,220,299,305,307,321,,,114,139,,,162,235,173,264,158,183,163,192,177,172,176,92,89,86,132,107,30,87,27,173,249,296,307,,137,,,158,143,213,199,218,247,199,243,117,178,54,197,31,70,9,67,66,178,133,184,133,178,42,132,30,128,115,50,18,63,28,127,88,262,259,215,224,227,330,324,,,171,176,,,162,148,150,170,150,180,247,252,278,255,145,200,51,94,89,224,175,158,74,83,146,256,251,339,,137,,,b'\x11\xe8\xe1I\xc7\xf7\xf2\x06\xaf\x82\x12\xdf\x17\xaeN\x1e'
11E8E149-C7F7-F206-AF82-12DF17AE4E1E,2025-ncaa-d0-natl,genius_ncaa,203,176,248,200,250,222,219,228,200,180,193,172,279,264,292,241,151,119,282,114,92,208,203,226,225,236,253,282,90,111,56,232,114,182,74,196,156,228,238,221,190,167,282,279,,,262,331,,220,198,235,161,16,176,185,157,135,130,270,229,99,67,66,126,97,60,177,101,169,279,152,276,,327,,263,198,129,102,83,192,69,107,124,195,105,340,143,238,252,145,261,290,98,121,221,228,207,295,246,285,62,114,63,56,47,74,124,202,189,141,151,202,230,201,213,,,176,151,,245,198,140,209,176,192,218,166,137,127,156,248,144,283,294,298,185,209,105,128,103,187,134,256,250,,105,,233,b'\x11\xe8\xe1I\xc7\xf7\xf2\x06\xaf\x82\x12\xdf\x17\xaeN\x1e'
11E8E149-C7F7-F206-AF82-12DF17AE4E1E,2025-ncaa-d1-conf-SoCon,genius_ncaa,6,6,3,6,3,4,2,3,4,1,1,3,7,6,8,7,2,2,8,2,3,3,1,6,6,7,7,8,2,3,3,4,4,3,3,1,2,8,6,5,2,4,7,8,,,8,7,,6,7,1,1,1,2,1,2,1,1,7,7,2,1,1,2,1,2,3,3,2,7,2,7,,8,,6,6,8,8,7,7,7,6,5,8,7,8,5,7,8,2,8,7,8,8,8,7,6,8,8,6,6,4,7,3,6,3,8,8,2,3,5,8,6,7,6,,,1,4,,3,7,8,7,5,6,8,7,6,5,6,8,6,7,7,7,7,8,5,5,5,7,2,8,8,,1,,3,b'\x11\xe8\xe1I\xc7\xf7\xf2\x06\xaf\x82\x12\xdf\x17\xaeN\x1e'
11E8E149-C7F7-F206-AF82-12DF17AE4E1E,2025-ncaa-d1-natl,genius_ncaa,193,176,244,196,247,212,211,215,194,163,164,163,285,251,316,251,140,112,272,109,106,199,184,231,227,231,272,295,89,76,42,234,104,156,51,202,174,215,223,228,159,128,281,277,,,280,333,,228,187,233,163,15,169,166,140,104,110,286,228,92,67,66,108,83,41,173,79,174,270,130,275,,326,,263,187,142,98,82,202,64,94,127,226,111,344,160,240,257,151,264,298,97,118,231,236,210,307,268,281,52,104,65,42,40,51,142,214,170,124,147,204,216,200,202,,,178,157,,245,187,145,191,172,178,216,154,131,111,138,266,154,279,293,300,174,198,90,115,91,193,124,257,243,,100,,237,b'\x11\xe8\xe1I\xc7\xf7\xf2\x06\xaf\x82\x12\xdf\x17\xaeN\x1e'
11E8E149-C7F7-F206-AF82-12DF17AE4E1E,2026-ncaa-d0-natl,genius_ncaa,212,250,116,241,120,169,193,167,268,189,145,292,177,185,177,231,105,65,317,60,61,148,101,270,273,301,124,184,64,99,148,178,277,142,228,169,130,346,319,283,101,128,56,63,,,319,280,,227,306,107,47,41,221,245,190,241,157,207,218,99,50,45,141,37,100,240,153,196,337,91,46,,324,,214,291,312,306,220,320,311,272,266,247,126,345,38,317,354,10,353,315,261,268,321,302,271,163,122,251,289,277,249,148,270,228,300,218,88,127,193,345,313,197,168,,,84,126,,46,306,258,284,272,282,319,300,210,312,298,219,74,306,352,348,293,327,277,244,280,302,78,331,181,,64,,50,b'\x11\xe8\xe1I\xc7\xf7\xf2\x06\xaf\x82\x12\xdf\x17\xaeN\x1e'
11E8E149-C7F7-F206-AF82-12DF17AE4E1E,2026-ncaa-d1-natl,genius_ncaa,203,249,85,236,89,169,185,139,270,170,112,290,200,192,218,255,82,29,337,26,52,109,59,273,280,293,147,218,61,81,152,142,295,109,227,170,141,351,307,283,69,130,57,90,,,337,277,,246,285,66,48,47,228,241,191,229,145,236,239,88,36,37,130,39,94,199,138,205,335,85,60,,327,,220,283,310,315,269,279,322,313,204,238,141,325,39,303,348,8,348,281,298,305,271,252,222,135,117,215,329,295,278,152,311,227,303,222,67,129,188,341,298,192,151,,,55,122,,38,285,294,282,234,282,298,296,251,302,322,190,79,275,340,339,302,335,313,241,295,289,83,321,156,,58,,54,b'\x11\xe8\xe1I\xc7\xf7\xf2\x06\xaf\x82\x12\xdf\x17\xaeN\x1e'
11E8E149-C7FC-36E0-AF82-12DF17AE4E1E,2010-ncaa-d0-natl,ncaa,108,86,178,103,207,256,289,301,227,298,305,208,193,185,188,119,120,133,117,130,19,286,299,211,164,172,58,129,25,296,276,251,189,285,249,228,81,74,190,175,127,68,300,275,,,59,141,,,140,293,315,201,269,307,327,308,317,175,171,88,105,103,309,325,302,270,313,221,94,111,301,,73,,,140,26,27,46,119,25,14,192,177,233,94,307,45,80,15,74,229,38,57,152,124,69,255,282,117,97,189,108,276,89,249,9,26,157,59,22,154,243,34,104,,,143,14,,,140,56,202,83,134,28,36,24,29,11,199,260,57,92,92,22,33,126,130,110,11,130,176,43,,104,,,b'\x11\xe8\xe1I\xc7\xfc6\xe0\xaf\x82\x12\xdf\x17\xaeN\x1e'
11E8E149-C7FC-36E0-AF82-12DF17AE4E1E,2010-ncaa-d1-conf-SoCon,ncaa,4,4,4,4,4,7,10,11,6,8,9,5,8,8,9,7,1,3,3,3,1,10,10,6,5,4,5,8,1,10,10,9,6,9,7,6,3,5,6,6,3,3,10,8,,,2,3,,,6,9,9,4,9,10,11,8,9,8,8,2,3,3,9,10,10,9,9,6,5,3,10,,3,,,6,1,1,2,8,1,1,7,6,6,6,11,3,3,2,3,5,1,2,9,7,2,6,11,3,5,6,5,10,5,7,1,2,4,1,1,6,8,1,1,,,3,1,,,6,2,7,4,5,2,3,1,2,1,6,7,3,4,4,1,3,4,5,6,1,4,5,1,,2,,,b'\x11\xe8\xe1I\xc7\xfc6\xe0\xaf\x82\x12\xdf\x17\xaeN\x1e'
11E8E149-C7FC-36E0-AF82-12DF17AE4E1E,2010-ncaa-d1-natl,ncaa,102,86,134,99,167,228,267,292,204,270,296,191,183,167,194,129,105,107,116,106,23,266,275,197,151,162,69,149,31,274,263,221,191,256,241,191,72,94,180,158,99,52,289,248,,,85,142,,,115,268,308,214,252,294,319,291,304,177,169,86,104,102,299,316,288,250,293,199,100,94,290,,83,,,114,30,29,58,103,28,19,175,176,250,64,306,62,106,7,104,238,47,96,119,99,53,251,276,134,135,191,123,263,125,241,10,24,121,50,15,178,240,39,103,,,126,23,,,115,85,179,58,103,27,34,27,27,12,186,262,65,105,101,23,48,143,129,126,10,113,183,48,,110,,,b'\x11\xe8\xe1I\xc7\xfc6\xe0\xaf\x82\x12\xdf\x17\xaeN\x1e'
11E8E149-C7FC-36E0-AF82-12DF17AE4E1E,2011-ncaa-d0-natl,ncaa,208,226,170,222,173,250,268,280,227,311,303,276,83,142,27,71,229,260,94,260,129,282,295,173,160,170,21,28,160,305,304,241,77,290,246,188,41,85,197,132,209,152,306,287,,,104,215,,,211,280,315,27,262,282,297,322,305,71,125,224,265,266,306,317,312,244,308,166,103,198,306,,118,,,211,80,53,36,185,43,25,206,174,172,194,249,202,215,125,210,307,52,49,211,222,222,292,229,262,35,77,143,304,77,246,43,80,258,197,137,215,294,57,144,,,275,182,,,211,63,203,196,211,112,71,30,55,20,191,187,224,242,239,49,27,34,171,100,51,256,234,71,,283,,,b'\x11\xe8\xe1I\xc7\xfc6\xe0\xaf\x82\x12\xdf\x17\xaeN\x1e'
11E8E149-C7FC-36E0-AF82-12DF17AE4E1E,2011-ncaa-d1-conf-SoCon,ncaa,7,7,8,7,9,9,9,11,7,11,10,9,3,4,2,3,7,6,5,6,3,11,11,5,6,5,2,3,4,10,10,10,5,10,9,5,1,4,6,4,7,4,9,9,,,6,9,,,7,11,10,3,9,9,10,11,9,3,3,6,6,6,10,10,10,9,10,5,4,5,9,,6,,,7,2,1,1,8,1,1,6,5,4,7,8,9,9,4,9,11,1,1,10,9,9,9,8,9,2,5,2,10,1,9,1,4,10,4,6,8,10,1,4,,,9,5,,,7,1,7,8,7,5,3,2,3,2,7,5,9,10,10,3,2,3,6,4,2,9,9,1,,7,,,b'\x11\xe8\xe1I\xc7\xfc6\xe0\xaf\x82\x12\xdf\x17\xaeN\x1e'
11E8E149-C7FC-36E0-AF82-12DF17AE4E1E,2011-ncaa-d1-natl,ncaa,226,223,199,229,204,265,282,304,232,318,315,284,89,149,29,71,245,273,92,273,127,306,311,175,163,173,20,26,161,314,306,263,81,309,250,201,41,68,199,136,222,158,310,288,,,84,216,,,215,301,315,23,265,285,300,322,310,71,126,229,270,269,307,318,314,245,310,169,102,205,309,,121,,,215,61,37,24,191,31,14,214,162,157,197,250,192,206,127,201,308,34,31,218,225,228,291,228,263,26,81,121,306,56,250,33,81,277,200,145,202,294,52,152,,,291,183,,,215,40,207,207,216,117,73,29,57,20,191,187,226,242,237,52,27,36,176,103,54,263,239,73,,286,,,b'\x11\xe8\xe1I\xc7\xfc6\xe0\xaf\x82\x12\xdf\x17\xaeN\x1e'
11E8E149-C7FC-36E0-AF82-12DF17AE4E1E,2012-ncaa-d0-natl,ncaa,297,288,240,298,274,321,322,323,307,318,281,315,258,273,173,196,299,316,106,317,273,326,317,295,288,306,151,160,138,299,276,268,196,298,251,313,226,220,313,312,315,300,267,256,,,59,153,,,290,312,299,206,331,332,328,319,267,243,258,295,311,312,328,312,286,246,288,316,271,309,254,,98,,,289,52,62,53,181,79,88,144,100,65,237,122,87,75,190,74,121,45,40,179,171,197,149,163,150,103,196,86,276,78,251,19,25,272,206,114,201,291,158,244,,,299,208,,,290,36,312,206,295,119,133,103,139,150,147,92,124,115,111,101,60,161,155,154,47,258,238,195,,293,,,b'\x11\xe8\xe1I\xc7\xfc6\xe0\xaf\x82\x12\xdf\x17\xaeN\x1e'
11E8E149-C7FC-36E0-AF82-12DF17AE4E1E,2012-ncaa-d1-conf-SoCon,ncaa,10,10,8,10,8,9,10,11,8,10,10,8,6,5,7,4,9,10,2,10,8,11,11,8,8,8,5,5,6,10,10,9,7,11,10,8,4,6,10,8,11,11,10,10,,,6,8,,,10,11,9,4,8,9,10,9,9,5,4,8,9,9,10,10,10,9,10,8,6,10,9,,6,,,10,5,5,3,8,5,5,6,6,1,11,3,8,7,8,7,8,3,2,9,10,10,9,5,9,5,7,4,10,3,10,3,4,10,9,9,7,10,4,6,,,10,7,,,10,1,9,10,10,7,7,5,7,6,7,3,9,8,8,5,4,6,8,7,4,10,8,5,,9,,,b'\x11\xe8\xe1I\xc7\xfc6\xe0\xaf\x82\x12\xdf\x17\xaeN\x1e'
11E8E149-C7FC-36E0-AF82-12DF17AE4E1E,2012-ncaa-d1-natl,ncaa,286,288,196,289,257,318,322,322,302,314,278,318,255,275,164,204,287,310,89,311,260,321,315,289,282,304,146,159,132,300,278,255,174,291,243,306,198,218,310,301,317,297,268,263,,,64,146,,,285,309,300,210,329,331,328,317,261,245,263,273,305,304,326,311,285,237,281,308,254,308,260,,92,,,284,56,66,60,165,82,96,128,98,71,220,128,96,89,183,82,128,52,41,157,160,185,152,154,162,103,174,108,278,89,243,20,26,269,208,108,200,286,154,236,,,296,192,,,285,35,313,191,288,104,124,99,134,146,132,91,127,124,121,96,60,144,158,149,41,259,231,178,,289,,,b'\x11\xe8\xe1I\xc7\xfc6\xe0\xaf\x82\x12\xdf\x17\xaeN\x1e'
11E8E149-C7FC-36E0-AF82-12DF17AE4E1E,2013-ncaa-d0-natl,ncaa,290,310,120,303,173,270,294,252,310,323,279,316,137,124,181,78,207,258,52,256,165,259,212,292,277,300,44,64,99,265,275,201,303,243,302,323,307,294,319,329,276,299,326,336,,,136,115,,,309,184,218,267,311,328,298,334,299,137,123,228,278,277,305,260,276,239,280,335,282,294,330,,133,,,304,216,257,226,244,303,302,227,27,38,73,21,152,178,75,177,93,231,188,178,162,216,11,14,140,288,303,214,275,266,302,64,5,231,267,140,232,255,294,330,,,206,175,,,309,155,317,258,305,199,253,226,309,314,25,27,152,168,173,222,167,292,201,261,66,264,215,292,,227,,,b'\x11\xe8\xe1I\xc7\xfc6\xe0\xaf\x82\x12\xdf\x17\xaeN\x1e'
11E8E149-C7FC-36E0-AF82-12DF17AE4E1E,2013-ncaa-d1-conf-SoCon,ncaa,8,8,3,8,6,8,9,7,8,10,10,8,3,3,4,2,6,9,2,9,5,9,9,6,6,8,2,2,2,9,9,7,10,7,8,9,8,10,11,9,10,11,10,10,,,6,4,,,8,8,8,9,9,9,10,10,10,3,2,5,9,9,10,9,10,7,9,9,10,10,10,,5,,,8,9,10,10,7,10,10,8,3,4,5,3,5,5,3,5,5,9,6,7,7,7,2,2,4,9,10,7,9,9,8,6,1,9,10,9,5,5,7,11,,,7,6,,,8,4,8,8,8,8,9,9,9,10,3,3,5,5,5,9,4,10,6,8,4,10,5,6,,6,,,b'\x11\xe8\xe1I\xc7\xfc6\xe0\xaf\x82\x12\xdf\x17\xaeN\x1e'
11E8E149-C7FC-36E0-AF82-12DF17AE4E1E,2013-ncaa-d1-natl,ncaa,298,310,136,306,200,291,312,274,317,330,292,321,146,135,184,77,222,266,50,263,159,281,239,292,278,301,41,60,93,277,278,220,306,272,305,328,310,283,319,332,292,302,330,336,,,118,120,,,313,210,218,267,314,329,299,335,301,137,122,228,279,277,307,262,280,244,287,335,282,295,331,,134,,,311,197,251,215,249,301,296,231,20,24,79,20,144,166,77,167,92,215,166,182,168,225,11,14,140,281,306,195,278,253,305,51,5,253,278,148,219,257,289,332,,,223,171,,,313,125,319,264,310,208,256,226,310,314,25,27,155,173,175,225,164,295,204,262,71,270,217,292,,226,,,b'\x11\xe8\xe1I\xc7\xfc6\xe0\xaf\x82\x12\xdf\x17\xaeN\x1e'
11E8E149-C7FC-36E0-AF82-12DF17AE4E1E,2014-ncaa-d0-natl,ncaa,258,282,131,272,164,230,236,176,287,222,168,305,185,177,161,177,222,259,69,262,284,193,174,279,264,275,147,146,193,206,249,124,185,156,217,281,290,225,232,289,269,287,259,294,,,102,89,,,299,169,173,270,277,267,188,243,172,182,186,240,281,281,227,210,224,111,172,297,224,275,271,,94,,,290,250,285,253,247,297,272,251,171,175,149,141,117,123,97,122,82,240,190,221,200,270,55,129,74,236,185,257,249,253,217,179,56,296,315,279,277,269,274,262,,,275,305,,,299,171,281,282,300,250,285,282,294,285,164,170,119,127,127,264,177,217,253,259,175,309,259,274,,307,,,b'\x11\xe8\xe1I\xc7\xfc6\xe0\xaf\x82\x12\xdf\x17\xaeN\x1e'
11E8E149-C7FC-36E0-AF82-12DF17AE4E1E,2014-ncaa-d1-conf-SoCon,ncaa,7,7,4,8,5,4,5,5,7,7,7,6,4,6,5,6,4,6,3,6,6,6,6,5,5,4,5,3,5,6,7,4,4,3,5,5,7,7,5,6,9,9,10,10,,,3,4,,,8,4,4,9,4,6,5,7,5,4,6,5,7,7,7,5,5,3,6,7,5,9,10,,3,,,8,9,8,8,8,9,8,8,9,9,7,8,4,5,3,5,5,9,7,8,8,8,5,9,3,7,4,7,7,7,5,7,3,9,9,10,9,8,5,5,,,8,9,,,8,6,6,10,8,8,9,8,8,6,9,9,4,5,5,8,6,6,6,5,7,9,8,5,,8,,,b'\x11\xe8\xe1I\xc7\xfc6\xe0\xaf\x82\x12\xdf\x17\xaeN\x1e'
11E8E149-C7FC-36E0-AF82-12DF17AE4E1E,2014-ncaa-d1-natl,ncaa,270,282,145,278,193,249,254,199,291,242,185,308,191,186,166,178,239,274,70,274,287,220,204,281,269,278,146,145,189,223,254,148,192,182,230,295,292,207,240,292,281,291,265,296,,,89,91,,,301,196,179,273,278,271,191,246,172,185,185,242,283,285,230,215,230,119,177,303,223,277,272,,95,,,299,227,273,233,255,291,257,262,155,164,152,139,107,118,100,117,82,218,160,233,207,281,54,122,72,210,192,237,254,229,230,163,59,312,320,285,256,276,270,267,,,301,304,,,301,141,283,293,306,254,291,286,300,287,165,169,121,131,132,265,176,219,253,262,177,310,259,276,,308,,,b'\x11\xe8\xe1I\xc7\xfc6\xe0\xaf\x82\x12\xdf\x17\xaeN\x1e'
11E8E149-C7FC-36E0-AF82-12DF17AE4E1E,2015-ncaa-d0-natl,ncaa,331,316,283,332,295,296,276,280,227,271,293,190,180,155,233,89,337,338,211,338,302,303,301,206,241,257,176,110,318,323,328,229,294,296,323,301,288,159,261,287,279,273,177,221,,,66,77,,,320,274,117,96,262,225,183,233,242,146,110,332,328,328,240,213,305,122,247,276,246,257,148,,129,,,321,212,260,209,270,307,275,255,60,66,115,43,138,134,221,133,71,189,109,224,216,301,19,40,108,249,294,190,328,228,323,81,18,324,323,270,183,260,108,194,,,349,347,,,320,80,300,324,320,322,330,337,339,344,107,120,205,196,193,335,300,322,300,329,142,303,250,157,,346,,,b'\x11\xe8\xe1I\xc7\xfc6\xe0\xaf\x82\x12\xdf\x17\xaeN\x1e'
11E8E149-C7FC-36E0-AF82-12DF17AE4E1E,2015-ncaa-d1-conf-Sun Belt,ncaa,10,10,9,10,10,9,8,8,7,10,10,6,5,4,8,2,11,11,9,11,10,9,10,6,8,7,4,3,11,11,11,7,9,10,11,10,8,5,6,8,10,10,7,7,,,1,2,,,11,8,3,4,9,6,6,8,9,3,2,11,11,11,7,8,11,4,10,9,6,10,6,,4,,,11,8,8,8,9,10,9,6,7,5,8,5,6,4,11,4,4,8,5,8,8,10,3,5,4,8,9,8,11,9,11,6,3,11,11,8,4,6,6,8,,,11,11,,,11,4,10,11,11,10,11,10,11,11,7,6,7,5,4,10,10,10,9,10,6,11,5,8,,11,,,b'\x11\xe8\xe1I\xc7\xfc6\xe0\xaf\x82\x12\xdf\x17\xaeN\x1e'
11E8E149-C7FC-36E0-AF82-12DF17AE4E1E,2015-ncaa-d1-natl,ncaa,324,313,298,324,309,289,272,262,238,276,289,193,176,144,248,90,327,330,183,332,290,292,286,221,246,258,171,115,306,316,319,196,281,287,313,308,287,171,259,291,265,259,157,205,,,59,75,,,309,252,105,94,261,222,169,242,239,148,105,313,314,316,226,196,296,94,219,286,246,240,128,,126,,,313,214,257,229,253,300,285,236,70,67,127,42,141,131,185,123,69,214,133,206,188,276,24,44,112,255,281,221,319,250,313,92,18,314,320,258,193,256,110,193,,,349,348,,,309,102,299,300,308,305,323,336,332,344,108,118,198,194,185,334,302,320,305,330,139,293,252,162,,346,,,b'\x11\xe8\xe1I\xc7\xfc6\xe0\xaf\x82\x12\xdf\x17\xaeN\x1e'
11E8E149-C7FC-36E0-AF82-12DF17AE4E1E,2016-ncaa-d0-natl,ncaa,296,293,240,298,250,333,330,322,301,343,339,257,135,91,265,19,343,339,257,338,213,329,326,262,279,302,39,26,293,303,279,269,210,300,247,304,170,160,300,288,265,208,268,230,,,22,73,,,292,320,327,102,338,340,328,347,340,107,55,340,334,334,335,328,293,250,305,299,222,251,257,,35,,,293,60,67,65,162,46,25,204,236,253,188,328,33,29,191,30,119,46,32,209,188,217,272,318,68,112,210,75,279,75,247,107,189,301,243,239,128,257,206,336,,,340,303,,,292,31,311,234,295,120,134,118,73,37,275,299,57,51,52,80,40,165,134,144,155,289,180,244,,336,,,b'\x11\xe8\xe1I\xc7\xfc6\xe0\xaf\x82\x12\xdf\x17\xaeN\x1e'
11E8E149-C7FC-36E0-AF82-12DF17AE4E1E,2016-ncaa-d1-conf-Sun Belt,ncaa,11,11,9,11,9,11,10,11,10,11,11,9,5,4,8,1,11,11,10,11,6,11,11,10,10,11,2,2,10,9,9,9,7,10,10,11,5,4,9,10,9,7,8,7,,,1,2,,,9,11,10,1,11,10,10,11,11,4,3,11,11,11,11,10,9,8,8,11,6,7,8,,1,,,9,4,6,5,7,2,1,8,9,9,6,11,1,1,4,1,2,4,1,7,6,7,8,11,2,5,7,5,9,5,10,7,8,10,9,10,5,8,10,11,,,11,11,,,9,1,11,7,9,6,6,5,5,4,10,10,2,1,1,4,4,6,8,5,7,10,5,11,,11,,,b'\x11\xe8\xe1I\xc7\xfc6\xe0\xaf\x82\x12\xdf\x17\xaeN\x1e'
11E8E149-C7FC-36E0-AF82-12DF17AE4E1E,2016-ncaa-d1-natl,ncaa,302,292,303,302,312,343,344,343,306,347,348,263,145,98,267,19,344,340,257,340,211,346,345,270,284,306,35,25,292,320,282,299,217,328,259,322,173,131,304,298,283,219,273,234,,,15,76,,,300,343,327,91,338,342,331,348,340,111,56,340,334,334,338,329,300,255,309,310,222,258,260,,39,,,302,34,53,36,173,32,15,215,224,232,198,327,26,20,202,20,120,19,9,214,195,227,269,320,68,89,217,50,282,47,259,96,190,318,249,245,107,263,197,338,,,344,301,,,300,7,316,248,305,132,146,120,83,40,276,298,58,53,55,81,40,169,141,151,161,294,184,250,,336,,,b'\x11\xe8\xe1I\xc7\xfc6\xe0\xaf\x82\x12\xdf\x17\xaeN\x1e'
11E8E149-C7FC-36E0-AF82-12DF17AE4E1E,2017-ncaa-d0-natl,ncaa,217,210,234,222,277,267,289,269,293,336,339,262,99,56,222,19,258,276,150,273,73,275,282,242,235,227,18,21,181,242,240,218,289,234,272,232,92,120,204,203,200,166,282,256,,,9,10,,,238,287,247,258,262,292,240,337,334,63,30,237,253,254,248,266,221,156,198,211,172,167,277,,14,,,238,79,120,188,84,19,32,96,335,335,231,348,4,4,240,4,21,113,91,166,108,150,330,345,6,278,289,163,240,219,272,217,279,235,215,246,76,136,250,336,,,253,177,,,238,61,231,213,235,154,189,284,42,44,343,349,7,5,5,196,172,310,230,280,266,212,109,282,,225,,,b'\x11\xe8\xe1I\xc7\xfc6\xe0\xaf\x82\x12\xdf\x17\xaeN\x1e'
11E8E149-C7FC-36E0-AF82-12DF17AE4E1E,2017-ncaa-d1-conf-Sun Belt,ncaa,6,6,8,6,8,7,9,7,9,12,12,8,2,2,8,1,9,10,4,10,5,8,10,6,7,5,1,1,10,9,10,7,9,7,10,7,2,3,3,5,10,10,9,8,,,1,1,,,8,11,9,3,6,8,5,11,12,1,2,9,9,9,6,8,7,4,5,5,4,9,9,,1,,,8,6,6,7,3,1,2,2,12,12,10,12,1,1,12,1,4,6,4,8,6,9,12,12,1,9,9,9,10,7,10,10,12,11,10,11,2,3,11,12,,,9,9,,,8,2,6,10,8,7,7,9,1,3,12,12,1,1,1,9,7,9,11,10,11,11,3,12,,9,,,b'\x11\xe8\xe1I\xc7\xfc6\xe0\xaf\x82\x12\xdf\x17\xaeN\x1e'
11E8E149-C7FC-36E0-AF82-12DF17AE4E1E,2017-ncaa-d1-natl,ncaa,215,210,217,219,283,261,284,274,276,329,341,226,80,54,200,20,250,262,155,260,67,276,287,208,205,215,18,22,189,235,236,208,294,233,268,213,92,125,204,191,157,132,271,247,,,8,8,,,217,293,235,256,242,273,229,333,333,57,28,225,244,247,242,257,215,160,196,197,177,130,271,,12,,,218,77,116,199,72,19,29,74,340,340,232,348,4,3,248,3,16,122,113,158,96,121,335,346,5,299,294,168,236,233,268,224,282,208,186,225,84,145,250,330,,,239,159,,,217,58,212,185,220,140,182,290,32,42,344,348,5,4,4,193,190,320,219,282,263,179,120,275,,213,,,b'\x11\xe8\xe1I\xc7\xfc6\xe0\xaf\x82\x12\xdf\x17\xaeN\x1e'
11E8E149-C7FC-36E0-AF82-12DF17AE4E1E,2018-ncaa-d0-natl,ncaa,332,333,295,334,297,329,336,251,347,345,306,347,164,102,292,53,284,291,190,292,179,272,282,342,340,329,33,52,119,195,240,328,344,311,342,316,156,132,220,280,125,97,195,177,,,30,55,,,333,302,223,11,321,331,138,344,269,114,55,257,257,255,167,138,112,319,267,304,237,77,163,,110,,,338,168,170,110,270,150,107,261,195,149,263,202,186,162,300,161,203,100,109,273,281,253,214,209,202,319,344,270,240,303,342,168,171,192,157,193,50,98,276,327,,,305,279,,,333,55,326,317,337,294,281,257,261,221,264,238,251,228,227,264,280,339,336,344,245,117,101,318,,259,,,b'\x11\xe8\xe1I\xc7\xfc6\xe0\xaf\x82\x12\xdf\x17\xaeN\x1e'
11E8E149-C7FC-36E0-AF82-12DF17AE4E1E,2018-ncaa-d1-conf-Sun Belt,ncaa,11,11,8,11,8,11,11,4,12,12,11,12,4,3,12,3,9,8,8,8,8,7,8,12,12,12,1,3,7,8,9,11,12,11,12,9,5,2,4,7,3,1,7,5,,,2,3,,,11,8,6,1,11,11,4,12,8,3,3,8,8,8,4,5,7,11,11,8,5,2,5,,7,,,11,10,9,4,11,8,3,10,9,8,10,10,9,8,10,8,9,5,8,10,11,10,9,9,7,12,12,12,9,12,12,9,10,6,7,8,3,3,10,11,,,10,9,,,11,5,11,10,11,10,10,7,10,6,10,11,9,8,8,9,11,12,12,12,10,3,3,11,,8,,,b'\x11\xe8\xe1I\xc7\xfc6\xe0\xaf\x82\x12\xdf\x17\xaeN\x1e'
11E8E149-C7FC-36E0-AF82-12DF17AE4E1E,2018-ncaa-d1-natl,ncaa,330,332,213,331,215,315,328,218,347,341,284,345,155,82,299,61,251,252,208,252,144,231,230,337,339,326,36,64,101,165,252,324,344,284,341,304,148,180,216,268,92,86,185,190,,,67,63,,,331,244,211,10,314,332,150,344,269,130,58,231,220,222,171,134,123,325,271,296,229,65,170,,117,,,329,238,223,155,276,212,147,264,218,174,269,188,213,190,284,188,198,158,189,282,289,246,202,203,191,326,344,307,252,328,341,193,151,136,133,152,78,110,286,328,,,272,259,,,331,115,324,301,327,279,276,239,257,217,255,221,236,221,218,252,283,334,334,342,221,91,113,310,,240,,,b'\x11\xe8\xe1I\xc7\xfc6\xe0\xaf\x82\x12\xdf\x17\xaeN\x1e'
11E8E149-C7FC-36E0-AF82-12DF17AE4E1E,2019-ncaa-d0-natl,ncaa,310,298,292,311,315,270,281,281,256,312,308,265,123,130,131,68,279,313,63,313,216,298,305,204,197,222,51,50,224,256,205,337,335,329,315,255,172,158,234,228,267,240,340,334,,,22,45,,,323,304,168,330,219,239,190,292,274,82,82,247,293,294,221,196,192,338,314,218,235,229,335,,58,,,321,248,281,115,345,221,76,338,311,216,350,289,44,34,227,32,73,76,56,350,344,347,191,309,24,209,335,79,205,105,315,283,224,262,204,305,130,222,153,249,,,309,268,,,323,47,228,348,323,336,341,263,301,176,343,292,84,77,72,226,215,286,193,251,329,199,208,208,,275,,,b'\x11\xe8\xe1I\xc7\xfc6\xe0\xaf\x82\x12\xdf\x17\xaeN\x1e'
11E8E149-C7FC-36E0-AF82-12DF17AE4E1E,2019-ncaa-d1-conf-Sun Belt,ncaa,12,12,11,12,12,11,11,11,11,12,12,10,3,3,6,1,10,12,1,12,9,11,11,9,6,9,1,1,9,9,7,11,11,12,11,8,3,7,11,8,10,7,9,8,,,1,4,,,12,10,7,6,10,11,5,12,12,2,2,9,12,12,8,6,7,11,11,6,9,7,9,,4,,,12,7,7,5,12,6,4,12,12,9,12,10,3,3,10,3,5,5,2,12,12,12,9,11,4,8,11,5,7,5,11,8,7,10,9,11,7,11,6,10,,,11,11,,,12,2,9,12,12,11,11,7,9,5,12,11,6,5,4,7,7,10,8,9,11,9,8,9,,11,,,b'\x11\xe8\xe1I\xc7\xfc6\xe0\xaf\x82\x12\xdf\x17\xaeN\x1e'
11E8E149-C7FC-36E0-AF82-12DF17AE4E1E,2019-ncaa-d1-natl,ncaa,308,297,314,312,336,273,281,279,261,312,300,265,126,128,142,74,284,313,72,313,227,302,308,214,207,227,67,56,231,259,220,348,334,338,324,268,188,156,237,235,270,246,341,336,,,25,46,,,323,314,164,330,229,242,189,288,269,89,89,258,294,296,223,201,209,337,320,228,234,225,337,,63,,,323,251,287,105,342,237,87,334,305,207,350,272,43,34,205,32,74,71,60,349,343,345,177,300,25,219,334,84,220,124,324,281,211,255,200,287,125,215,166,254,,,316,278,,,323,36,235,348,324,335,340,263,309,189,341,279,83,81,75,223,225,289,215,264,325,185,211,218,,283,,,b'\x11\xe8\xe1I\xc7\xfc6\xe0\xaf\x82\x12\xdf\x17\xaeN\x1e'
11E8E149-C7FC-36E0-AF82-12DF17AE4E1E,2020-ncaa-d0-natl,ncaa,259,280,87,273,97,131,134,68,232,126,114,206,145,105,261,148,120,142,127,130,179,64,33,239,227,247,170,174,150,43,71,131,125,62,84,246,314,314,256,300,144,178,261,287,,,329,315,,,223,38,56,40,141,150,56,146,125,158,109,126,156,145,64,27,48,147,54,270,310,159,274,,320,,,221,285,273,212,276,278,231,277,169,147,196,105,303,325,45,321,285,257,275,261,263,241,145,105,253,144,125,190,71,168,84,141,60,110,147,98,284,224,217,172,,,58,167,,,223,303,222,212,227,273,262,188,270,208,156,142,285,312,309,249,277,122,163,148,115,124,270,205,,81,,,b'\x11\xe8\xe1I\xc7\xfc6\xe0\xaf\x82\x12\xdf\x17\xaeN\x1e'
11E8E149-C7FC-36E0-AF82-12DF17AE4E1E,2020-ncaa-d1-conf-Sun Belt,ncaa,9,9,5,9,8,6,5,4,3,6,7,3,2,3,5,3,8,9,3,8,8,6,3,4,5,7,5,3,11,4,3,5,3,5,4,8,7,12,11,10,7,9,8,9,,,11,11,,,7,2,2,7,5,4,3,4,7,2,3,7,9,8,4,3,4,4,4,7,12,7,7,,12,,,7,11,11,6,11,11,8,11,7,6,8,5,11,12,3,12,11,9,10,11,10,10,6,4,9,3,3,6,3,5,4,5,2,5,6,4,11,12,4,4,,,5,9,,,7,11,6,8,7,11,11,7,12,7,8,7,11,12,12,9,9,3,5,2,6,5,12,4,,5,,,b'\x11\xe8\xe1I\xc7\xfc6\xe0\xaf\x82\x12\xdf\x17\xaeN\x1e'
11E8E149-C7FC-36E0-AF82-12DF17AE4E1E,2020-ncaa-d1-natl,ncaa,276,278,128,280,143,167,170,90,247,154,142,214,158,114,264,150,142,166,127,155,179,88,48,244,239,253,171,175,142,58,76,160,128,84,94,272,316,307,263,307,171,191,270,290,,,322,318,,,234,63,57,40,156,159,63,156,128,163,114,128,160,148,69,28,52,153,62,279,313,173,274,,326,,,235,270,257,180,287,267,204,284,153,130,201,102,291,318,47,315,286,221,244,273,271,259,145,99,255,124,128,162,76,146,94,126,62,129,155,106,276,227,205,181,,,82,167,,,234,272,230,235,244,283,271,189,280,218,157,138,291,319,317,252,273,128,166,153,126,127,274,208,,82,,,b'\x11\xe8\xe1I\xc7\xfc6\xe0\xaf\x82\x12\xdf\x17\xaeN\x1e'
11E8E149-C7FC-36E0-AF82-12DF17AE4E1E,2021-ncaa-d0-natl,ncaa,205,227,191,222,205,123,134,140,149,109,115,139,171,151,221,200,97,99,136,100,122,136,106,164,153,205,193,229,86,64,39,128,143,99,46,197,310,328,295,306,60,62,117,116,,,267,270,,,173,121,3,220,46,65,23,57,54,154,121,28,38,38,15,2,25,42,16,193,336,25,113,,324,,,170,218,188,190,172,149,153,161,282,263,260,285,259,276,120,277,308,207,217,215,228,182,320,286,259,193,143,138,39,152,46,153,87,81,103,76,318,296,161,119,,,147,241,,,173,216,185,164,176,314,256,298,158,171,318,319,319,319,319,325,341,240,173,208,185,33,334,173,,63,,,b'\x11\xe8\xe1I\xc7\xfc6\xe0\xaf\x82\x12\xdf\x17\xaeN\x1e'
11E8E149-C7FC-36E0-AF82-12DF17AE4E1E,2021-ncaa-d1-conf-Sun Belt,ncaa,9,8,10,9,11,6,6,7,2,4,7,1,7,5,10,6,8,8,5,7,6,7,6,1,2,7,8,7,8,3,2,7,9,4,2,8,11,9,10,10,7,4,4,3,,,7,10,,,8,6,2,7,2,2,2,2,3,3,3,3,3,3,2,2,2,2,2,7,11,2,3,,12,,,8,8,7,8,8,5,4,10,9,9,10,11,7,7,2,7,12,8,7,10,10,10,11,11,9,7,9,2,2,3,2,3,1,9,9,8,11,10,7,8,,,8,11,,,8,7,4,10,9,11,11,10,10,8,11,11,12,12,12,10,11,10,5,7,8,5,12,8,,6,,,b'\x11\xe8\xe1I\xc7\xfc6\xe0\xaf\x82\x12\xdf\x17\xaeN\x1e'
11E8E149-C7FC-36E0-AF82-12DF17AE4E1E,2021-ncaa-d1-natl,ncaa,164,225,105,196,143,55,66,50,157,57,43,138,131,91,242,210,26,29,91,28,93,44,23,180,152,200,183,245,59,12,23,51,111,26,29,147,319,340,289,309,20,41,86,114,,,324,282,,,113,30,2,223,26,50,11,43,37,152,109,14,14,14,7,2,10,28,7,196,339,15,112,,332,,,121,287,258,264,141,204,218,151,304,310,218,275,314,327,46,328,315,285,307,179,184,122,315,276,259,255,111,226,23,239,29,172,48,24,74,35,339,287,219,116,,,52,228,,,113,312,161,113,135,295,244,289,150,166,311,317,315,324,325,324,341,226,178,200,117,16,334,187,,27,,,b'\x11\xe8\xe1I\xc7\xfc6\xe0\xaf\x82\x12\xdf\x17\xaeN\x1e'
11E8E149-C7FC-36E0-AF82-12DF17AE4E1E,2022-ncaa-d0-natl,ncaa,158,67,319,114,324,159,162,179,137,153,150,154,206,233,158,236,105,82,235,85,83,169,164,154,147,162,202,232,85,50,17,173,137,105,37,245,307,224,206,253,129,101,153,120,,,198,242,,,98,213,7,52,19,28,7,32,20,128,133,19,8,9,3,3,5,17,5,147,323,44,89,,328,,,90,103,81,106,133,100,118,151,112,126,110,157,251,280,66,277,301,127,129,136,144,137,234,137,299,116,137,57,17,73,37,14,8,162,123,28,224,218,202,179,,,110,74,,,98,141,112,126,98,309,268,324,257,303,222,270,332,336,338,345,349,269,262,274,74,41,320,298,,3,,,b'\x11\xe8\xe1I\xc7\xfc6\xe0\xaf\x82\x12\xdf\x17\xaeN\x1e'
11E8E149-C7FC-36E0-AF82-12DF17AE4E1E,2022-ncaa-d1-conf-Sun Belt,ncaa,6,6,4,7,4,3,4,3,8,5,3,9,4,4,5,5,4,3,4,3,6,3,2,7,8,7,4,5,4,2,3,3,5,2,3,6,10,9,5,7,3,6,4,4,,,10,7,,,5,3,2,6,3,4,2,5,3,4,4,3,4,4,2,2,2,3,2,7,8,5,5,,9,,,5,8,7,9,4,7,8,6,12,11,7,11,12,12,12,12,11,10,10,8,9,9,12,11,10,7,5,10,3,10,3,4,5,3,6,4,9,6,12,11,,,2,3,,,5,10,5,6,5,8,4,7,3,4,11,11,11,10,10,9,7,6,8,8,2,5,7,12,,3,,,b'\x11\xe8\xe1I\xc7\xfc6\xe0\xaf\x82\x12\xdf\x17\xaeN\x1e'
11E8E149-C7FC-36E0-AF82-12DF17AE4E1E,2022-ncaa-d1-natl,ncaa,120,67,270,94,273,66,72,86,89,49,64,86,194,184,206,247,39,36,195,37,87,70,55,120,104,132,250,271,80,18,10,94,150,38,31,174,320,291,188,237,33,38,114,121,,,271,208,,,51,89,5,68,5,6,4,9,12,153,136,9,6,6,3,2,5,13,5,121,323,12,85,,320,,,34,176,143,191,96,156,196,118,128,183,83,147,299,318,54,317,296,224,265,94,109,72,226,127,304,217,150,128,10,158,31,20,8,54,69,11,282,192,233,140,,,42,92,,,51,267,74,75,49,286,232,320,236,305,189,257,324,336,336,345,351,285,242,268,58,16,314,282,,3,,,b'\x11\xe8\xe1I\xc7\xfc6\xe0\xaf\x82\x12\xdf\x17\xaeN\x1e'
11E8E149-C7FC-36E0-AF82-12DF17AE4E1E,2023-ncaa-d0-natl,ncaa,120,52,290,91,290,102,115,116,122,107,105,155,172,203,121,238,81,47,307,44,67,113,111,144,150,138,198,221,116,41,27,77,139,52,39,160,250,171,124,164,215,232,220,227,,,253,246,,,127,145,9,19,26,35,13,31,29,134,139,25,11,11,7,4,11,7,5,104,261,160,188,,330,,,124,236,202,251,103,113,180,98,292,289,223,267,266,290,41,285,281,258,218,132,125,211,321,290,243,225,139,127,27,164,39,145,120,282,322,259,178,144,63,32,,,104,137,,,127,217,87,219,131,338,304,357,224,303,340,340,301,327,326,358,355,298,251,293,227,223,254,104,,19,,,b'\x11\xe8\xe1I\xc7\xfc6\xe0\xaf\x82\x12\xdf\x17\xaeN\x1e'
11E8E149-C7FC-36E0-AF82-12DF17AE4E1E,2023-ncaa-d1-conf-Sun Belt,ncaa,5,4,9,5,10,4,3,4,5,5,6,8,3,7,2,8,6,3,10,3,3,5,4,3,5,4,8,5,9,2,2,2,7,3,4,3,6,7,4,5,10,10,4,5,,,8,6,,,7,7,3,3,2,2,2,4,4,3,5,6,2,2,2,2,2,2,2,3,9,10,4,,9,,,7,11,11,11,7,6,6,8,13,13,13,11,5,9,1,9,8,10,7,11,7,13,11,13,2,9,7,4,2,5,4,8,7,11,11,12,8,7,9,8,,,8,9,,,7,7,2,13,7,12,12,13,8,11,13,13,8,10,10,12,11,10,6,8,10,11,10,9,,4,,,b'\x11\xe8\xe1I\xc7\xfc6\xe0\xaf\x82\x12\xdf\x17\xaeN\x1e'
11E8E149-C7FC-36E0-AF82-12DF17AE4E1E,2023-ncaa-d1-natl,ncaa,81,52,151,70,157,42,47,38,97,43,48,125,114,134,98,230,40,23,295,24,70,34,32,115,122,112,193,213,130,18,19,29,153,15,34,81,229,262,116,136,67,114,182,215,,,306,213,,,68,43,6,24,12,17,5,19,19,103,122,23,13,13,2,3,9,7,3,55,269,59,178,,322,,,61,300,265,323,70,176,273,71,321,323,195,271,280,313,23,312,276,331,323,101,86,128,318,293,228,312,153,214,19,274,34,196,114,145,248,166,242,125,84,26,,,45,165,,,68,319,65,146,76,316,280,357,187,298,333,335,288,320,320,356,357,313,235,291,203,134,252,95,,17,,,b'\x11\xe8\xe1I\xc7\xfc6\xe0\xaf\x82\x12\xdf\x17\xaeN\x1e'
11E8E149-C7FC-36E0-AF82-12DF17AE4E1E,2024-ncaa-d0-natl,ncaa,206,228,143,223,194,103,89,26,255,30,7,258,323,289,346,344,87,47,322,49,269,23,17,299,308,284,352,352,123,5,15,74,296,16,111,204,335,320,157,275,51,112,35,45,,,340,217,,,198,35,4,351,77,44,4,9,2,334,296,75,30,31,5,3,1,38,5,214,312,44,23,,337,,,200,305,274,313,90,277,334,52,210,198,235,67,331,346,25,346,278,333,346,80,86,71,207,124,296,354,296,327,15,349,111,186,84,36,124,63,317,192,187,26,,,66,266,,,198,330,220,123,184,318,292,348,289,350,205,195,329,343,343,355,360,356,318,348,173,32,313,176,,44,,,b'\x11\xe8\xe1I\xc7\xfc6\xe0\xaf\x82\x12\xdf\x17\xaeN\x1e'
11E8E149-C7FC-36E0-AF82-12DF17AE4E1E,2024-ncaa-d1-conf-Sun Belt,ncaa,12,12,6,12,10,10,8,4,13,4,2,13,14,13,14,12,10,8,12,8,13,5,4,14,14,13,13,12,8,3,4,6,11,3,8,11,13,13,8,13,7,9,1,1,,,11,6,,,13,6,4,14,10,9,3,4,2,14,12,10,8,8,3,3,3,5,3,11,12,8,1,,11,,,13,12,10,10,9,10,10,4,12,8,13,6,10,11,3,11,7,11,12,10,7,7,7,9,4,14,11,12,4,13,8,13,8,4,6,6,8,7,5,2,,,8,13,,,13,9,13,8,13,12,12,11,11,12,11,9,9,11,13,12,13,14,12,14,13,5,9,5,,7,,,b'\x11\xe8\xe1I\xc7\xfc6\xe0\xaf\x82\x12\xdf\x17\xaeN\x1e'
11E8E149-C7FC-36E0-AF82-12DF17AE4E1E,2024-ncaa-d1-natl,ncaa,190,230,78,220,128,71,48,12,244,13,5,249,316,267,348,345,57,29,322,28,264,12,8,299,304,281,355,353,129,2,12,44,301,9,101,158,329,342,156,271,33,91,28,45,,,351,202,,,164,14,3,353,65,37,4,7,2,334,293,60,27,27,4,1,1,36,5,191,315,42,23,,333,,,165,327,299,342,73,299,350,43,246,239,221,74,339,354,21,354,273,351,355,66,72,54,221,131,292,361,301,344,12,354,101,206,83,19,106,49,336,194,200,26,,,40,267,,,164,350,207,100,163,305,275,350,273,351,209,199,324,343,343,358,362,358,314,351,162,24,316,171,,38,,,b'\x11\xe8\xe1I\xc7\xfc6\xe0\xaf\x82\x12\xdf\x17\xaeN\x1e'
11E8E149-C7FC-36E0-AF82-12DF17AE4E1E,2025-ncaa-d0-natl,genius_ncaa,171,227,54,196,57,104,79,65,157,47,25,202,240,268,174,322,154,100,325,100,279,65,54,193,218,205,329,303,232,26,42,95,126,45,67,98,166,310,185,162,74,94,84,104,,,339,300,,235,167,72,155,26,131,97,78,53,33,280,305,220,150,147,83,66,35,157,60,127,227,95,106,,302,,191,167,299,239,234,221,210,260,104,276,156,357,82,334,344,48,347,323,271,289,238,239,188,297,222,305,197,126,255,42,239,67,193,115,63,91,85,301,207,300,147,,,55,127,,67,167,301,157,164,161,210,143,106,116,163,234,82,298,324,332,158,215,127,151,135,112,88,249,276,,82,,83,b'\x11\xe8\xe1I\xc7\xfc6\xe0\xaf\x82\x12\xdf\x17\xaeN\x1e'
11E8E149-C7FC-36E0-AF82-12DF17AE4E1E,2025-ncaa-d1-conf-Sun Belt,genius_ncaa,10,11,2,10,3,6,3,4,3,2,1,5,10,11,4,12,12,12,12,12,13,4,4,5,5,7,13,11,12,5,3,6,3,6,4,2,4,10,8,6,5,5,4,3,,,14,13,,11,7,6,12,2,7,5,7,4,4,10,12,12,12,12,7,8,4,9,6,4,7,5,5,,12,,9,7,11,9,6,10,8,8,8,9,6,14,6,14,14,8,14,13,8,9,12,13,12,10,7,13,2,3,8,3,6,4,8,5,5,7,7,6,7,11,9,,,4,7,,5,7,9,6,9,7,9,4,2,6,4,8,2,12,12,12,2,3,1,3,1,5,8,4,9,,8,,5,b'\x11\xe8\xe1I\xc7\xfc6\xe0\xaf\x82\x12\xdf\x17\xaeN\x1e'
11E8E149-C7FC-36E0-AF82-12DF17AE4E1E,2025-ncaa-d1-natl,genius_ncaa,161,226,43,193,44,95,76,57,159,45,22,200,233,253,164,319,156,90,334,87,271,57,46,189,220,208,322,294,233,24,45,82,120,41,65,92,172,304,171,166,69,95,85,111,,,338,300,,243,172,62,166,27,142,100,84,55,37,274,303,224,141,144,84,72,34,159,66,132,221,91,120,,298,,184,173,307,246,225,217,204,261,110,284,165,358,87,336,347,42,349,329,279,289,242,249,194,301,233,305,185,120,263,45,240,65,200,126,60,96,86,296,200,305,158,,,45,123,,65,172,306,165,164,162,205,137,91,109,153,235,81,303,328,333,143,202,112,156,128,116,91,239,280,,81,,89,b'\x11\xe8\xe1I\xc7\xfc6\xe0\xaf\x82\x12\xdf\x17\xaeN\x1e'
11E8E149-C7FC-36E0-AF82-12DF17AE4E1E,2026-ncaa-d0-natl,genius_ncaa,87,80,116,95,142,103,108,141,93,101,158,50,139,105,257,136,73,76,146,72,59,126,167,98,93,62,201,223,110,159,191,156,308,152,249,177,327,63,34,105,145,189,192,279,,,154,63,,205,116,165,159,97,71,82,123,75,186,157,109,59,64,57,91,193,192,191,183,208,25,156,224,,101,,183,119,248,273,277,179,309,310,141,138,143,160,54,191,170,256,168,53,262,242,144,145,178,44,71,116,329,308,212,191,275,249,94,10,180,251,113,81,64,282,266,,,104,82,,187,116,210,58,227,111,231,264,323,310,348,94,93,163,134,130,298,288,330,186,289,58,203,60,279,,87,,222,b'\x11\xe8\xe1I\xc7\xfc6\xe0\xaf\x82\x12\xdf\x17\xaeN\x1e'
11E8E149-C7FC-36E0-AF82-12DF17AE4E1E,2026-ncaa-d1-natl,genius_ncaa,110,80,177,113,197,150,158,216,110,142,224,60,197,150,271,135,102,110,139,105,56,188,240,122,110,73,180,221,95,230,228,237,325,239,291,252,336,24,43,127,213,232,237,296,,,99,70,,178,169,236,178,100,91,108,150,102,204,177,116,63,66,63,114,221,222,222,228,248,25,201,241,,113,,198,169,209,234,221,222,284,286,175,97,86,187,50,147,122,263,122,53,205,180,177,175,231,42,66,118,314,325,159,228,235,291,63,11,255,283,150,46,66,265,293,,,146,71,,211,169,140,80,278,159,273,301,328,327,352,109,97,175,139,135,309,286,338,203,300,65,239,58,290,,95,,208,b'\x11\xe8\xe1I\xc7\xfc6\xe0\xaf\x82\x12\xdf\x17\xaeN\x1e'
11E8E149-C800-744E-AF82-12DF17AE4E1E,2010-ncaa-d0-natl,ncaa,23,8,122,12,128,99,115,153,68,108,111,126,167,252,23,264,51,50,176,51,63,132,146,82,71,78,173,216,75,198,216,84,73,124,120,91,97,138,119,82,72,66,57,52,,,290,278,,,42,128,140,24,75,92,168,97,119,170,263,41,35,37,127,153,209,56,114,78,133,64,51,,284,,,37,72,48,149,36,80,186,39,65,101,60,101,222,267,64,275,258,172,200,25,29,21,193,104,290,144,73,190,216,173,120,13,22,77,72,10,154,137,37,25,,,50,22,,,42,216,92,18,40,55,35,105,66,159,62,92,220,252,260,140,212,135,186,171,10,79,149,39,,24,,,b'\x11\xe8\xe1I\xc8\x00tN\xaf\x82\x12\xdf\x17\xaeN\x1e'
11E8E149-C800-744E-AF82-12DF17AE4E1E,2010-ncaa-d1-conf-Big South,ncaa,1,1,1,1,1,1,2,1,2,2,1,2,2,3,1,6,1,2,5,2,3,1,1,2,2,2,5,5,3,2,3,1,2,1,2,1,1,5,1,1,2,2,2,2,,,8,5,,,2,1,5,3,1,2,3,2,3,3,4,1,2,2,2,4,4,1,1,1,1,2,2,,5,,,2,5,5,7,3,3,7,3,6,6,2,5,6,5,4,6,3,7,8,2,2,2,4,5,5,6,2,5,3,7,2,2,2,2,3,1,3,3,2,2,,,2,2,,,2,8,2,2,2,3,3,5,3,4,5,5,3,4,4,4,4,3,3,2,1,3,3,2,,2,,,b'\x11\xe8\xe1I\xc8\x00tN\xaf\x82\x12\xdf\x17\xaeN\x1e'
11E8E149-C800-744E-AF82-12DF17AE4E1E,2010-ncaa-d1-natl,ncaa,13,8,53,10,57,57,65,89,60,58,65,121,138,225,19,265,43,38,179,36,83,75,76,81,73,81,187,216,99,145,193,36,61,53,93,54,86,205,130,74,34,55,46,50,,,311,271,,,30,54,133,30,71,85,159,83,102,171,264,53,45,44,124,148,191,39,85,57,148,55,48,,274,,,32,109,83,225,24,115,249,28,114,179,56,123,242,279,50,285,240,252,281,18,19,17,202,132,279,208,61,255,193,240,93,19,26,41,72,10,187,122,36,13,,,23,33,,,30,293,91,16,33,41,29,119,57,156,75,113,190,224,235,142,215,139,175,160,12,77,136,28,,30,,,b'\x11\xe8\xe1I\xc8\x00tN\xaf\x82\x12\xdf\x17\xaeN\x1e'
11E8E149-C800-744E-AF82-12DF17AE4E1E,2011-ncaa-d0-natl,ncaa,99,47,242,72,264,211,183,183,176,153,147,182,226,222,225,208,276,235,295,235,264,188,225,198,223,199,259,212,264,136,102,223,157,179,119,143,101,73,108,99,118,79,44,17,,,133,213,,,104,263,165,166,172,139,94,111,97,204,192,254,200,202,110,130,94,154,93,97,126,79,20,,207,,,99,32,22,49,54,33,64,53,78,103,80,168,151,178,58,175,248,60,84,49,54,39,215,157,253,117,157,107,102,90,119,33,139,134,70,43,61,85,50,47,,,270,275,,,104,87,182,42,100,73,49,99,66,116,104,138,192,231,227,122,175,168,172,174,65,86,100,68,,251,,,b'\x11\xe8\xe1I\xc8\x00tN\xaf\x82\x12\xdf\x17\xaeN\x1e'
11E8E149-C800-744E-AF82-12DF17AE4E1E,2011-ncaa-d1-conf-Big South,ncaa,2,2,1,2,1,3,3,1,4,2,1,4,3,3,6,5,5,4,7,4,6,1,1,4,5,6,7,5,6,2,2,2,2,2,2,2,2,6,5,2,3,3,2,2,,,7,6,,,2,1,4,5,6,5,3,3,2,5,5,5,5,5,4,4,2,2,2,2,6,3,2,,6,,,3,3,4,5,2,3,7,2,6,6,4,5,6,6,1,6,6,7,8,2,2,2,6,6,5,6,2,5,2,7,2,5,6,1,3,1,5,3,2,2,,,4,6,,,2,8,5,2,2,2,2,2,2,3,5,5,2,4,4,3,4,4,3,2,2,3,3,2,,7,,,b'\x11\xe8\xe1I\xc8\x00tN\xaf\x82\x12\xdf\x17\xaeN\x1e'
11E8E149-C800-744E-AF82-12DF17AE4E1E,2011-ncaa-d1-natl,ncaa,54,57,28,59,38,87,64,43,160,52,36,163,173,162,202,232,176,105,326,108,249,45,49,186,223,189,285,227,282,53,113,67,119,45,101,46,83,219,100,71,38,52,16,14,,,277,201,,,65,51,132,229,159,112,87,82,70,214,211,252,162,167,92,116,102,146,96,71,124,63,22,,197,,,69,146,112,246,29,103,227,35,151,217,56,188,243,281,49,278,252,263,291,31,33,16,235,171,266,220,119,302,113,293,101,97,140,29,41,26,121,51,57,20,,,98,253,,,65,295,177,17,68,49,31,83,41,87,100,148,175,219,217,106,187,127,192,161,45,51,68,33,,212,,,b'\x11\xe8\xe1I\xc8\x00tN\xaf\x82\x12\xdf\x17\xaeN\x1e'
11E8E149-C800-744E-AF82-12DF17AE4E1E,2011-ncaa-d1-ncaatournament,ncaa,33,2,33,33,34,42,39,36,49,44,35,56,30,38,22,19,55,57,4,57,59,37,34,42,49,48,20,8,57,37,35,42,53,38,45,46,51,26,49,53,40,34,48,53,,,32,53,,,51,36,6,3,38,30,5,38,11,7,10,54,57,57,11,3,16,26,14,44,56,26,46,,63,,,53,23,10,25,17,9,17,16,24,27,23,35,38,38,32,38,61,30,29,15,24,36,53,33,62,32,53,25,35,27,45,18,45,45,52,47,29,51,45,57,,,52,57,,,51,29,47,46,52,55,31,51,31,44,41,52,63,63,63,61,61,59,56,58,41,37,56,62,,51,,,b'\x11\xe8\xe1I\xc8\x00tN\xaf\x82\x12\xdf\x17\xaeN\x1e'
11E8E149-C800-744E-AF82-12DF17AE4E1E,2012-ncaa-d0-natl,ncaa,327,325,240,329,250,322,327,276,338,299,171,340,317,312,297,302,215,107,339,109,100,256,185,338,338,338,215,277,21,132,138,269,298,212,255,333,310,331,327,339,151,147,216,229,,,218,244,,,340,210,91,90,332,335,248,301,118,319,308,187,56,55,209,82,90,248,157,337,335,118,205,,283,,,340,243,249,155,306,254,173,292,212,129,317,119,190,264,16,268,270,182,161,307,290,286,146,170,135,232,298,192,138,214,255,259,194,194,194,249,337,333,222,220,,,203,199,,,340,152,337,295,339,302,306,257,297,269,245,182,250,298,303,284,284,286,281,297,284,141,338,246,,141,,,b'\x11\xe8\xe1I\xc8\x00tN\xaf\x82\x12\xdf\x17\xaeN\x1e'
11E8E149-C800-744E-AF82-12DF17AE4E1E,2012-ncaa-d1-conf-Big South,ncaa,8,8,9,8,9,9,9,9,9,9,5,9,9,9,9,9,4,3,9,3,3,8,7,9,9,9,3,7,1,5,4,9,5,5,5,9,7,8,8,9,6,4,5,5,,,6,7,,,8,9,3,4,9,9,8,8,5,9,8,2,2,2,5,4,4,6,4,9,9,4,5,,8,,,8,1,2,1,7,4,2,5,3,3,7,3,5,5,1,5,7,1,1,6,6,6,4,4,7,2,5,5,4,4,5,5,7,6,3,7,5,7,3,4,,,5,3,,,8,1,9,6,8,7,6,3,6,6,3,4,5,7,7,7,6,6,9,9,7,3,8,4,,3,,,b'\x11\xe8\xe1I\xc8\x00tN\xaf\x82\x12\xdf\x17\xaeN\x1e'
11E8E149-C800-744E-AF82-12DF17AE4E1E,2012-ncaa-d1-natl,ncaa,330,325,286,330,297,332,337,300,338,319,194,340,320,318,296,301,237,118,339,120,101,281,225,338,338,339,213,273,22,147,148,291,301,242,262,339,313,325,328,339,169,153,230,232,,,200,247,,,340,242,94,89,332,337,254,308,123,319,308,194,57,56,221,85,94,255,160,338,337,127,208,,282,,,340,230,238,125,310,241,148,296,203,111,321,121,179,254,17,257,269,150,131,311,297,292,145,163,134,215,301,169,148,190,262,253,195,221,202,254,337,334,214,226,,,225,197,,,340,118,337,302,339,305,309,255,302,273,245,183,259,300,303,284,285,286,286,302,287,152,338,252,,142,,,b'\x11\xe8\xe1I\xc8\x00tN\xaf\x82\x12\xdf\x17\xaeN\x1e'
11E8E149-C800-744E-AF82-12DF17AE4E1E,2013-ncaa-d0-natl,ncaa,259,216,302,256,306,289,282,285,256,232,190,284,280,300,158,287,244,76,345,77,56,255,193,275,302,323,237,239,133,52,29,179,131,115,48,316,317,320,326,331,194,164,75,35,,,210,291,,,191,260,88,92,252,242,188,183,94,261,283,192,23,23,143,31,14,44,10,305,344,143,38,,303,,,196,28,10,40,31,11,42,27,116,132,117,202,259,273,96,276,332,64,85,40,60,52,319,216,329,120,131,59,29,69,48,94,312,164,89,105,288,297,283,290,,,174,153,,,191,82,298,61,199,125,53,141,41,118,180,206,302,313,316,214,254,226,179,205,183,77,323,317,,54,,,b'\x11\xe8\xe1I\xc8\x00tN\xaf\x82\x12\xdf\x17\xaeN\x1e'
11E8E149-C800-744E-AF82-12DF17AE4E1E,2013-ncaa-d1-conf-Big South,ncaa,9,9,2,9,2,7,7,4,9,7,2,9,8,9,7,10,4,3,11,3,5,3,2,9,10,10,7,8,6,2,2,2,2,2,2,8,10,11,9,11,8,8,3,3,,,9,10,,,7,2,3,3,8,7,8,7,6,9,9,6,3,3,5,1,2,2,2,11,11,8,3,,9,,,8,9,7,10,4,4,7,4,9,9,5,9,10,10,7,10,11,10,10,4,4,5,11,9,10,4,2,10,2,10,2,9,11,4,6,8,11,8,11,9,,,3,7,,,7,10,10,4,7,4,4,5,3,3,9,9,10,10,10,8,7,2,7,6,9,6,9,11,,3,,,b'\x11\xe8\xe1I\xc8\x00tN\xaf\x82\x12\xdf\x17\xaeN\x1e'
11E8E149-C800-744E-AF82-12DF17AE4E1E,2013-ncaa-d1-natl,ncaa,201,216,136,215,164,200,179,157,200,133,80,253,266,288,138,296,182,35,345,37,70,127,66,243,284,308,271,258,154,23,20,67,102,29,31,261,288,343,323,321,115,118,49,34,,,295,283,,,134,107,67,119,217,187,156,131,64,267,289,178,21,24,105,19,10,36,2,272,344,103,40,,297,,,135,72,26,131,14,19,102,14,154,191,114,196,300,316,78,319,334,185,230,21,39,29,328,225,334,190,102,149,20,172,31,150,314,55,62,65,328,294,298,243,,,84,170,,,134,232,278,26,136,85,33,110,27,102,168,199,304,315,317,188,260,192,160,178,150,38,323,302,,54,,,b'\x11\xe8\xe1I\xc8\x00tN\xaf\x82\x12\xdf\x17\xaeN\x1e'
11E8E149-C800-744E-AF82-12DF17AE4E1E,2014-ncaa-d0-natl,ncaa,165,125,254,153,279,258,281,242,298,220,170,295,306,277,326,282,94,47,311,50,43,198,171,316,303,301,206,301,12,27,10,140,146,67,32,248,148,243,256,274,138,120,87,81,,,51,62,,,185,260,153,183,232,274,163,184,102,300,259,37,10,11,87,58,6,40,5,231,291,110,69,,86,,,188,56,66,149,47,70,144,57,141,175,84,207,103,88,265,81,98,125,107,45,52,84,193,201,182,177,146,70,10,103,32,51,98,242,229,136,284,282,158,162,,,126,96,,,185,100,246,104,181,127,134,269,133,241,176,230,151,127,120,245,219,251,139,184,90,206,309,207,,41,,,b'\x11\xe8\xe1I\xc8\x00tN\xaf\x82\x12\xdf\x17\xaeN\x1e'
11E8E149-C800-744E-AF82-12DF17AE4E1E,2014-ncaa-d1-conf-Big South,ncaa,5,5,7,5,7,7,8,8,8,7,4,8,10,8,8,9,3,1,8,1,2,6,4,8,8,9,6,9,1,1,2,6,2,3,2,7,4,9,8,10,5,5,4,3,,,4,4,,,7,7,3,5,6,7,6,7,4,10,7,2,1,1,4,2,1,2,2,7,10,5,2,,5,,,7,3,4,5,4,7,6,6,1,4,1,5,4,2,10,2,2,3,5,4,5,5,2,3,4,2,2,4,2,3,2,3,2,6,6,6,7,6,6,5,,,2,2,,,7,4,7,3,7,5,7,9,7,8,2,5,4,4,4,6,7,3,5,4,4,6,8,8,,1,,,b'\x11\xe8\xe1I\xc8\x00tN\xaf\x82\x12\xdf\x17\xaeN\x1e'
11E8E149-C800-744E-AF82-12DF17AE4E1E,2014-ncaa-d1-natl,ncaa,161,125,211,150,262,240,273,225,295,207,162,287,289,267,310,269,80,40,316,46,44,176,151,307,297,300,190,294,15,24,9,121,141,58,27,234,146,261,258,271,126,98,81,77,,,62,65,,,173,240,145,184,217,261,163,181,105,288,252,41,11,13,91,60,6,48,7,220,293,99,66,,89,,,173,68,74,164,50,73,168,59,129,172,82,193,124,100,271,95,107,139,129,43,53,71,187,187,189,179,141,76,9,112,27,57,92,212,207,108,284,274,165,158,,,113,108,,,173,113,240,93,164,116,122,253,131,236,154,211,159,137,126,231,217,232,128,167,81,185,307,205,,47,,,b'\x11\xe8\xe1I\xc8\x00tN\xaf\x82\x12\xdf\x17\xaeN\x1e'
11E8E149-C800-744E-AF82-12DF17AE4E1E,2015-ncaa-d0-natl,ncaa,208,209,172,219,225,207,283,188,328,270,177,331,203,181,230,202,30,12,284,13,9,131,106,322,293,289,51,190,2,47,41,215,270,104,137,269,219,248,215,295,116,116,94,98,,,205,189,,,199,158,86,268,205,298,155,284,164,186,167,9,5,5,73,37,19,202,65,283,268,103,83,,230,,,199,133,124,151,153,148,192,116,136,121,221,120,212,190,269,192,170,149,205,132,152,111,172,140,231,238,270,188,41,219,137,112,109,96,77,63,263,235,301,303,,,25,5,,,199,191,242,125,198,161,153,180,170,231,153,124,222,198,198,184,268,272,224,245,109,62,271,320,,5,,,b'\x11\xe8\xe1I\xc8\x00tN\xaf\x82\x12\xdf\x17\xaeN\x1e'
11E8E149-C800-744E-AF82-12DF17AE4E1E,2015-ncaa-d1-conf-Big South,ncaa,6,7,1,7,1,3,7,1,9,8,4,9,2,2,7,3,1,1,9,1,1,1,1,10,9,10,2,5,1,1,2,4,5,2,5,4,4,10,5,8,3,3,4,5,,,8,5,,,5,2,2,8,5,8,2,9,6,4,3,1,1,1,1,1,1,7,3,6,7,3,5,,7,,,5,11,8,10,7,8,10,7,9,7,9,5,10,7,10,7,7,10,10,8,7,5,8,6,5,7,5,10,2,10,5,8,4,1,1,4,10,6,11,10,,,1,1,,,5,11,6,5,4,7,6,6,6,6,5,5,8,6,6,6,8,5,9,8,7,1,8,11,,1,,,b'\x11\xe8\xe1I\xc8\x00tN\xaf\x82\x12\xdf\x17\xaeN\x1e'
11E8E149-C800-744E-AF82-12DF17AE4E1E,2015-ncaa-d1-natl,ncaa,180,207,97,202,133,146,212,98,312,194,101,311,201,164,256,220,21,9,295,10,12,57,47,308,287,278,107,214,9,18,21,124,217,42,73,235,237,315,218,293,83,95,51,59,,,244,163,,,155,79,62,269,164,260,124,238,124,205,176,13,6,6,45,19,10,154,21,259,285,76,57,,217,,,157,187,165,230,90,164,240,65,181,174,210,139,221,205,289,206,148,228,277,101,113,77,208,182,226,258,217,242,21,258,73,129,116,61,74,55,302,226,318,281,,,12,16,,,155,270,226,90,161,147,126,187,136,224,171,150,201,172,174,186,279,252,191,223,105,53,275,317,,5,,,b'\x11\xe8\xe1I\xc8\x00tN\xaf\x82\x12\xdf\x17\xaeN\x1e'
11E8E149-C800-744E-AF82-12DF17AE4E1E,2016-ncaa-d0-natl,ncaa,136,87,240,117,284,241,259,253,266,215,170,273,291,289,269,276,98,53,281,55,46,223,250,287,265,217,196,281,17,94,57,216,219,158,103,327,342,62,112,293,265,238,88,87,,,22,43,,,141,290,245,343,218,255,202,189,118,285,268,40,14,16,149,175,49,158,76,337,113,251,67,,35,,,138,41,74,127,97,162,199,135,23,59,13,73,35,27,251,25,31,88,66,55,49,81,19,39,90,179,219,84,57,106,103,95,145,264,223,198,118,167,150,133,,,110,25,,,141,59,179,112,138,82,149,201,234,273,28,75,59,48,47,163,116,235,143,182,136,243,169,176,,32,,,b'\x11\xe8\xe1I\xc8\x00tN\xaf\x82\x12\xdf\x17\xaeN\x1e'
11E8E149-C800-744E-AF82-12DF17AE4E1E,2016-ncaa-d1-conf-Big South,ncaa,5,3,8,5,10,5,5,9,6,7,4,7,8,9,3,9,4,3,9,3,5,7,9,6,6,4,8,8,3,3,4,4,3,4,3,10,9,3,3,4,9,8,4,4,,,1,1,,,5,9,6,10,3,3,6,4,2,8,9,3,2,2,3,5,2,3,3,9,3,9,4,,1,,,5,3,6,4,4,8,8,5,1,3,1,4,2,1,11,1,2,3,2,3,3,4,1,1,2,4,3,3,4,4,3,5,7,9,8,6,5,6,6,6,,,4,3,,,5,2,4,4,5,4,6,7,9,11,1,3,2,2,2,6,4,6,5,6,6,9,6,6,,3,,,b'\x11\xe8\xe1I\xc8\x00tN\xaf\x82\x12\xdf\x17\xaeN\x1e'
11E8E149-C800-744E-AF82-12DF17AE4E1E,2016-ncaa-d1-natl,ncaa,114,87,142,104,216,204,232,190,273,182,125,271,285,264,291,276,57,30,272,31,41,149,166,294,269,222,204,289,13,51,47,166,214,95,96,329,340,105,109,295,239,232,63,76,,,37,41,,,132,227,235,341,211,251,180,180,107,291,261,36,13,13,122,144,32,158,62,338,123,241,57,,37,,,132,62,122,192,92,201,243,120,30,71,17,75,49,48,246,45,32,149,137,53,44,72,23,47,92,226,214,142,47,178,96,126,156,214,201,176,164,165,145,112,,,58,24,,,132,113,178,94,136,74,136,196,224,275,34,72,57,47,46,153,131,238,148,183,135,213,179,151,,28,,,b'\x11\xe8\xe1I\xc8\x00tN\xaf\x82\x12\xdf\x17\xaeN\x1e'
11E8E149-C800-744E-AF82-12DF17AE4E1E,2017-ncaa-d0-natl,ncaa,267,247,291,270,309,273,278,316,172,271,281,246,208,267,48,205,223,209,227,208,111,311,321,165,161,181,134,156,120,277,229,301,166,313,212,316,293,74,205,254,269,203,294,290,,,35,126,,,197,322,275,187,229,245,284,238,218,178,234,161,141,140,263,280,246,255,270,294,167,235,285,,86,,,197,38,70,33,236,129,100,210,49,30,236,87,37,31,197,30,71,24,23,211,202,198,53,108,97,45,166,55,229,38,212,57,89,268,179,175,61,152,22,71,,,201,36,,,197,26,191,201,211,126,182,107,221,203,100,58,78,71,68,73,61,113,150,136,114,220,117,53,,87,,,b'\x11\xe8\xe1I\xc8\x00tN\xaf\x82\x12\xdf\x17\xaeN\x1e'
11E8E149-C800-744E-AF82-12DF17AE4E1E,2017-ncaa-d1-conf-Big South,ncaa,8,8,3,8,5,5,4,4,6,6,5,8,4,6,3,5,5,5,6,4,6,4,7,6,6,4,5,5,7,6,7,6,6,6,6,4,6,2,2,2,3,4,6,8,,,1,3,,,7,5,6,7,4,5,5,7,6,4,6,5,5,4,4,5,5,6,6,4,1,4,7,,3,,,7,7,7,5,8,7,7,8,5,4,7,5,5,4,9,4,3,5,5,7,9,7,2,3,3,6,6,6,7,6,6,7,6,4,4,6,3,4,7,5,,,4,5,,,7,4,5,7,7,7,8,7,8,8,6,5,5,3,4,6,5,6,6,6,8,5,2,6,,4,,,b'\x11\xe8\xe1I\xc8\x00tN\xaf\x82\x12\xdf\x17\xaeN\x1e'
11E8E149-C800-744E-AF82-12DF17AE4E1E,2017-ncaa-d1-natl,ncaa,236,247,144,247,172,193,205,220,180,200,174,243,187,239,56,231,145,118,267,117,97,206,219,178,177,184,158,174,111,170,160,188,121,183,149,272,298,138,165,245,207,180,260,268,,,101,146,,,147,235,251,170,195,221,236,201,162,183,236,141,95,96,214,233,161,186,181,288,154,199,261,,110,,,147,82,127,125,166,159,186,138,96,72,194,114,76,66,180,63,77,104,93,155,140,151,80,135,123,91,121,148,160,120,149,62,59,202,174,127,97,115,40,55,,,98,41,,,147,109,171,139,155,95,136,121,177,200,107,86,86,85,79,83,75,110,155,137,80,204,101,47,,70,,,b'\x11\xe8\xe1I\xc8\x00tN\xaf\x82\x12\xdf\x17\xaeN\x1e'
11E8E149-C800-744E-AF82-12DF17AE4E1E,2018-ncaa-d0-natl,ncaa,149,112,242,139,267,265,245,246,242,212,178,258,271,273,223,254,258,233,276,233,233,243,315,263,275,194,252,236,176,255,256,225,205,246,240,326,334,4,30,158,273,250,225,220,,,27,110,,,177,322,317,185,260,231,201,176,126,249,263,237,192,188,200,306,232,159,194,327,16,259,223,,67,,,177,33,55,80,78,87,114,99,58,85,54,139,59,72,102,67,110,70,38,67,61,118,95,128,154,149,205,186,256,168,240,10,21,298,254,128,10,44,63,69,,,225,61,,,177,27,194,149,181,69,96,127,133,180,80,108,104,120,113,104,54,210,251,246,25,284,28,86,,163,,,b'\x11\xe8\xe1I\xc8\x00tN\xaf\x82\x12\xdf\x17\xaeN\x1e'
11E8E149-C800-744E-AF82-12DF17AE4E1E,2018-ncaa-d1-conf-Big South,ncaa,5,6,3,6,6,6,6,1,7,6,4,8,4,3,8,3,5,4,6,4,6,1,5,8,8,5,4,4,5,3,4,6,7,4,6,8,7,1,1,3,5,5,7,6,,,4,3,,,6,6,6,9,7,6,1,6,3,4,3,4,3,3,1,5,3,7,4,7,1,6,6,,3,,,6,6,5,7,5,5,7,5,9,8,9,8,7,6,4,4,4,7,6,5,5,6,9,10,4,8,7,10,4,9,6,4,2,7,7,5,1,1,7,5,,,4,4,,,6,4,4,6,6,6,6,8,5,4,8,8,6,4,4,8,5,8,8,7,5,7,1,7,,3,,,b'\x11\xe8\xe1I\xc8\x00tN\xaf\x82\x12\xdf\x17\xaeN\x1e'
11E8E149-C800-744E-AF82-12DF17AE4E1E,2018-ncaa-d1-natl,ncaa,106,111,97,114,130,196,176,143,228,135,99,225,238,219,250,246,207,174,273,172,227,139,219,248,264,173,260,242,178,186,229,125,193,144,215,301,332,17,31,148,204,200,194,213,,,96,115,,,134,226,310,244,245,205,181,150,126,249,242,225,180,181,183,294,205,142,167,321,19,218,211,,84,,,134,67,91,182,56,119,202,57,78,124,55,129,134,159,98,154,136,168,136,51,45,77,128,131,207,228,193,268,229,270,215,14,23,227,223,88,24,47,78,50,,,138,65,,,134,120,171,103,135,56,59,119,92,170,70,101,125,139,137,101,68,212,241,230,18,252,31,69,,152,,,b'\x11\xe8\xe1I\xc8\x00tN\xaf\x82\x12\xdf\x17\xaeN\x1e'
11E8E149-C800-744E-AF82-12DF17AE4E1E,2019-ncaa-d0-natl,ncaa,200,152,292,197,293,237,267,205,303,260,161,321,222,212,218,224,115,114,173,114,107,190,214,305,290,247,112,196,40,126,154,333,313,285,298,316,329,64,99,260,24,8,207,190,,,286,336,,,189,259,82,37,155,219,56,214,74,178,164,45,46,44,39,44,58,328,223,307,159,7,181,,336,,,189,75,66,24,281,162,94,289,13,11,85,14,285,279,209,277,304,33,101,236,275,110,71,11,323,138,313,234,154,202,298,98,188,31,9,24,130,156,143,138,,,166,114,,,189,92,225,124,189,195,157,54,263,196,19,19,317,316,315,101,283,247,327,319,173,5,208,202,,47,,,b'\x11\xe8\xe1I\xc8\x00tN\xaf\x82\x12\xdf\x17\xaeN\x1e'
11E8E149-C800-744E-AF82-12DF17AE4E1E,2019-ncaa-d1-conf-Big South,ncaa,7,5,6,6,7,5,5,5,7,8,6,8,4,5,4,4,3,2,6,2,4,4,5,7,7,4,3,4,3,5,5,11,9,8,9,7,8,1,2,4,3,2,6,6,,,9,11,,,5,7,4,2,3,4,2,7,5,4,4,2,1,1,1,2,2,11,7,5,2,3,6,,10,,,5,8,8,1,10,9,5,10,2,2,8,2,8,9,6,9,8,1,5,9,10,8,5,2,9,3,9,8,5,6,9,8,9,2,1,2,1,1,3,4,,,2,3,,,5,6,4,8,5,9,9,2,9,6,4,2,10,10,10,3,8,5,10,9,8,2,3,3,,1,,,b'\x11\xe8\xe1I\xc8\x00tN\xaf\x82\x12\xdf\x17\xaeN\x1e'
11E8E149-C800-744E-AF82-12DF17AE4E1E,2019-ncaa-d1-natl,ncaa,164,152,155,167,167,154,192,103,296,196,96,311,152,144,183,203,71,68,156,67,104,86,98,294,269,224,96,179,45,63,142,299,301,197,274,259,303,133,93,220,10,5,175,166,,,325,325,,,135,124,73,46,129,180,42,185,73,145,139,41,48,47,32,42,49,321,194,269,152,7,166,,333,,,133,134,106,55,259,203,150,271,16,18,56,23,302,304,175,302,299,86,226,211,242,65,73,11,318,220,301,314,142,301,274,138,170,6,5,15,156,111,155,106,,,92,129,,,135,229,199,73,133,158,132,50,232,169,20,20,307,307,306,80,283,235,324,311,146,5,172,169,,57,,,b'\x11\xe8\xe1I\xc8\x00tN\xaf\x82\x12\xdf\x17\xaeN\x1e'
11E8E149-C800-744E-AF82-12DF17AE4E1E,2020-ncaa-d0-natl,ncaa,104,81,191,102,241,183,244,133,325,311,225,342,72,70,108,83,58,102,53,95,78,119,125,288,258,233,19,54,39,120,202,264,197,206,270,222,166,183,154,218,20,26,144,120,,,297,295,,,125,137,44,265,165,247,78,315,218,63,59,47,87,84,61,59,108,269,202,228,196,17,142,,306,,,124,96,88,53,200,178,104,279,26,65,15,83,259,274,139,274,289,77,209,144,180,43,82,25,303,122,197,316,202,273,270,214,301,7,8,40,112,85,233,241,,,72,101,,,125,230,221,36,119,108,107,45,201,119,26,65,266,276,277,79,279,136,329,289,233,5,128,234,,56,,,b'\x11\xe8\xe1I\xc8\x00tN\xaf\x82\x12\xdf\x17\xaeN\x1e'
11E8E149-C800-744E-AF82-12DF17AE4E1E,2020-ncaa-d1-conf-Big South,ncaa,5,5,7,5,8,3,6,3,9,9,7,11,2,3,5,3,2,4,2,4,5,2,3,9,7,6,2,3,3,2,4,10,7,7,6,4,7,6,3,5,1,1,4,3,,,10,10,,,4,5,2,5,3,5,2,7,6,2,3,2,3,3,1,2,2,9,6,4,6,1,4,,10,,,4,3,3,2,10,8,3,10,2,3,2,3,9,9,3,9,10,2,7,7,9,3,3,1,11,6,7,8,4,7,6,5,11,1,1,2,3,3,10,9,,,4,7,,,4,8,7,3,4,4,3,2,9,3,2,3,9,10,10,3,9,6,8,7,7,1,3,10,,4,,,b'\x11\xe8\xe1I\xc8\x00tN\xaf\x82\x12\xdf\x17\xaeN\x1e'
11E8E149-C800-744E-AF82-12DF17AE4E1E,2020-ncaa-d1-natl,ncaa,114,81,257,107,299,220,282,167,332,325,256,343,79,84,117,82,75,123,52,114,76,157,164,291,261,238,16,54,35,144,210,298,202,245,278,256,169,163,158,226,34,29,150,124,,,280,298,,,141,177,48,265,173,257,82,319,221,63,60,50,90,88,67,67,113,273,215,238,198,24,145,,307,,,137,74,68,30,213,159,77,287,20,47,16,77,242,256,140,255,291,47,157,162,191,50,77,23,302,105,202,306,210,250,278,202,302,16,12,49,93,90,217,251,,,101,100,,,141,186,229,41,130,119,114,47,208,125,25,62,271,280,278,79,275,144,336,293,236,7,131,241,,57,,,b'\x11\xe8\xe1I\xc8\x00tN\xaf\x82\x12\xdf\x17\xaeN\x1e'
11E8E149-C800-744E-AF82-12DF17AE4E1E,2021-ncaa-d0-natl,ncaa,151,227,89,192,123,124,124,48,309,133,63,300,91,51,274,99,181,186,195,180,287,59,61,301,308,276,130,100,252,25,125,223,187,136,275,191,312,241,103,241,8,8,94,108,,,321,313,,,236,75,37,217,181,167,18,209,94,114,52,254,247,249,26,23,31,330,227,272,170,6,127,,314,,,224,261,248,152,333,248,187,313,200,110,332,64,302,308,110,310,313,179,247,332,333,196,182,113,272,130,187,321,125,283,275,252,209,6,3,37,223,111,214,136,,,148,300,,,236,271,249,139,216,225,191,21,205,78,144,43,289,300,301,52,230,44,327,274,211,5,170,165,,225,,,b'\x11\xe8\xe1I\xc8\x00tN\xaf\x82\x12\xdf\x17\xaeN\x1e'
11E8E149-C800-744E-AF82-12DF17AE4E1E,2021-ncaa-d1-conf-Big South,ncaa,4,4,5,4,6,3,3,3,8,2,3,8,2,2,5,2,9,9,5,9,10,3,3,7,7,6,4,3,10,1,3,10,8,9,8,4,9,5,5,5,1,1,4,3,,,10,10,,,5,5,1,6,3,3,1,3,3,2,2,9,9,9,1,1,1,11,10,5,6,1,3,,10,,,5,6,4,2,11,5,3,11,4,2,11,2,10,10,9,10,10,3,7,11,11,5,6,2,10,2,8,9,3,6,8,7,9,1,1,2,4,3,4,3,,,7,11,,,5,7,5,4,5,7,5,1,5,2,3,1,11,10,10,1,7,1,10,5,8,1,4,4,,7,,,b'\x11\xe8\xe1I\xc8\x00tN\xaf\x82\x12\xdf\x17\xaeN\x1e'
11E8E149-C800-744E-AF82-12DF17AE4E1E,2021-ncaa-d1-natl,ncaa,164,225,105,196,141,142,137,58,312,147,76,306,99,59,275,98,190,196,195,192,287,68,71,305,309,278,126,98,251,31,129,235,194,150,283,209,311,230,104,247,12,8,100,111,,,313,314,,,245,91,37,217,192,171,19,217,99,117,52,255,248,251,29,24,35,331,234,279,177,7,131,,315,,,232,246,231,135,333,242,173,314,192,103,335,63,294,301,113,303,312,160,234,332,333,210,178,111,272,119,194,317,129,274,283,247,210,9,5,42,216,114,206,139,,,162,299,,,245,256,256,155,227,229,200,20,214,79,144,42,292,303,302,50,230,46,332,281,215,6,174,169,,225,,,b'\x11\xe8\xe1I\xc8\x00tN\xaf\x82\x12\xdf\x17\xaeN\x1e'
11E8E149-C800-744E-AF82-12DF17AE4E1E,2022-ncaa-d0-natl,ncaa,139,180,79,168,105,66,73,71,122,67,76,100,126,94,231,177,40,28,191,28,64,59,54,143,129,123,179,222,87,105,198,151,195,129,241,172,327,251,121,209,66,113,41,67,,,338,303,,,164,51,19,275,64,73,47,67,113,157,126,48,44,42,28,41,126,242,195,220,191,93,42,,324,,,167,322,314,244,330,338,296,306,115,78,264,26,333,339,76,338,279,273,303,303,303,240,67,22,280,215,195,325,198,312,241,294,155,31,54,94,163,68,162,94,,,17,38,,,164,305,133,214,171,292,288,150,323,284,71,39,312,320,320,219,307,160,291,249,246,32,115,119,,16,,,b'\x11\xe8\xe1I\xc8\x00tN\xaf\x82\x12\xdf\x17\xaeN\x1e'
11E8E149-C800-744E-AF82-12DF17AE4E1E,2022-ncaa-d1-conf-Big South,ncaa,3,4,4,4,6,2,2,2,4,2,3,5,4,4,5,7,2,1,7,1,4,2,2,5,5,4,6,6,4,1,2,6,9,2,5,5,12,4,2,5,3,5,2,1,,,11,11,,,2,2,2,8,2,2,1,2,2,5,5,1,1,1,1,2,1,7,2,5,4,4,2,,12,,,2,9,6,7,4,8,8,4,4,3,6,3,12,11,10,11,11,8,11,4,5,4,9,4,12,9,9,10,2,9,5,7,9,2,3,4,2,1,9,5,,,1,2,,,2,10,1,4,3,7,5,5,6,8,4,4,12,12,12,7,10,9,9,8,7,2,2,9,,1,,,b'\x11\xe8\xe1I\xc8\x00tN\xaf\x82\x12\xdf\x17\xaeN\x1e'
11E8E149-C800-744E-AF82-12DF17AE4E1E,2022-ncaa-d1-natl,ncaa,157,180,100,179,137,82,88,87,135,76,92,110,146,113,235,179,50,41,187,39,61,74,68,147,139,136,176,221,79,127,213,194,200,165,258,205,330,230,126,215,83,126,45,70,,,333,306,,,190,65,22,275,71,82,55,77,115,161,131,49,43,41,37,42,139,255,209,236,192,101,43,,325,,,192,320,306,210,340,335,287,315,104,61,273,25,325,333,81,332,281,257,287,313,314,261,63,23,281,186,200,313,213,299,258,275,156,37,65,113,144,71,151,98,,,24,32,,,190,293,143,236,197,307,299,153,333,286,78,39,313,321,320,220,305,160,296,254,248,37,120,132,,15,,,b'\x11\xe8\xe1I\xc8\x00tN\xaf\x82\x12\xdf\x17\xaeN\x1e'
11E8E149-C800-744E-AF82-12DF17AE4E1E,2023-ncaa-d0-natl,ncaa,11,6,29,8,40,20,23,27,57,34,56,62,35,43,59,135,18,20,211,20,57,24,20,48,53,52,117,133,149,18,48,168,252,75,159,150,348,263,84,198,18,42,97,135,,,349,302,,,40,20,38,172,18,33,36,56,126,59,82,38,33,31,28,29,34,318,168,231,161,31,135,,324,,,42,332,332,272,324,351,317,317,109,114,147,43,326,332,179,329,260,297,339,293,303,124,44,22,275,279,252,297,48,307,159,241,66,5,8,12,132,23,232,131,,,9,21,,,40,343,32,108,42,232,236,69,303,212,43,42,279,277,273,105,311,172,155,156,128,6,58,169,,4,,,b'\x11\xe8\xe1I\xc8\x00tN\xaf\x82\x12\xdf\x17\xaeN\x1e'
11E8E149-C800-744E-AF82-12DF17AE4E1E,2023-ncaa-d1-conf-Big South,ncaa,1,1,1,1,1,1,1,1,1,1,2,2,1,2,2,5,1,1,5,1,2,1,1,2,1,1,4,4,6,1,1,6,6,2,3,2,8,2,1,2,2,3,2,3,,,10,10,,,1,1,2,1,1,1,1,1,2,1,2,2,2,2,1,1,1,8,4,3,2,2,3,,10,,,1,10,9,8,7,9,9,7,3,3,4,3,9,9,9,9,8,9,10,6,7,4,3,2,9,6,6,5,1,6,3,9,5,1,1,2,1,1,7,6,,,1,1,,,1,10,1,3,1,5,5,3,7,5,3,3,9,8,8,4,8,5,3,3,4,2,1,7,,1,,,b'\x11\xe8\xe1I\xc8\x00tN\xaf\x82\x12\xdf\x17\xaeN\x1e'
11E8E149-C800-744E-AF82-12DF17AE4E1E,2023-ncaa-d1-natl,ncaa,11,6,33,8,46,20,25,28,57,38,65,66,41,59,62,139,22,21,210,21,56,24,20,53,58,57,115,133,145,23,50,200,262,95,170,182,348,240,88,215,21,49,103,139,,,348,306,,,42,23,40,170,20,34,37,61,129,62,85,38,33,32,30,32,41,323,189,245,161,31,141,,328,,,44,324,329,244,329,351,306,326,88,95,159,44,318,326,178,322,265,275,338,302,315,148,42,23,275,259,262,276,50,285,170,224,66,5,10,13,116,25,225,141,,,9,19,,,42,341,33,131,43,246,251,71,314,209,46,40,286,280,276,108,310,181,160,159,141,6,60,175,,4,,,b'\x11\xe8\xe1I\xc8\x00tN\xaf\x82\x12\xdf\x17\xaeN\x1e'
11E8E149-C800-744E-AF82-12DF17AE4E1E,2023-ncaa-d1-ncaatournament,ncaa,36,2,36,36,38,37,37,37,32,35,39,36,37,48,26,29,44,46,16,46,36,38,37,29,24,20,27,25,31,55,60,48,33,55,55,51,57,12,19,46,35,20,45,43,,,34,64,,,57,36,1,7,8,9,4,13,12,14,20,17,27,26,5,4,50,41,51,45,27,11,35,,67,,,60,33,30,19,66,30,22,65,24,14,59,17,39,37,46,35,58,27,32,66,66,66,28,25,49,11,33,28,60,19,55,52,66,37,19,64,18,43,6,16,,,42,30,,,57,33,36,64,56,68,65,47,63,51,47,25,65,65,64,59,67,27,63,51,68,7,50,17,,14,,,b'\x11\xe8\xe1I\xc8\x00tN\xaf\x82\x12\xdf\x17\xaeN\x1e'
11E8E149-C800-744E-AF82-12DF17AE4E1E,2024-ncaa-d0-natl,ncaa,319,331,196,331,257,215,214,157,288,289,292,220,73,34,237,22,314,315,224,310,256,175,148,234,261,280,51,26,325,190,241,245,314,226,317,289,328,306,298,323,332,348,313,336,,,326,323,,,345,139,45,360,219,207,85,307,295,57,18,325,315,312,146,80,174,249,232,308,320,332,319,,341,,,341,331,306,230,325,320,225,334,193,198,196,133,343,348,150,346,332,270,240,318,324,346,174,80,308,297,314,281,241,300,317,264,151,257,309,295,224,212,88,185,,,288,340,,,345,217,287,349,338,351,339,300,338,293,219,223,349,350,350,337,314,317,309,328,289,245,248,101,,289,,,b'\x11\xe8\xe1I\xc8\x00tN\xaf\x82\x12\xdf\x17\xaeN\x1e'
11E8E149-C800-744E-AF82-12DF17AE4E1E,2024-ncaa-d1-conf-Big South,ncaa,8,8,6,8,9,3,1,3,3,6,8,2,2,1,5,1,9,9,7,9,7,3,5,3,3,2,4,1,9,5,5,9,7,8,7,5,7,2,3,3,8,8,6,6,,,9,9,,,8,7,1,9,1,1,1,4,7,1,1,8,8,8,1,2,4,8,5,4,4,8,5,,9,,,8,9,7,3,9,9,4,9,2,2,3,2,9,9,5,9,9,6,4,9,9,9,5,2,9,4,7,4,5,5,7,9,8,9,8,9,5,5,4,4,,,9,9,,,8,3,2,9,8,9,9,7,9,6,3,3,9,9,9,9,9,6,5,6,9,8,5,4,,9,,,b'\x11\xe8\xe1I\xc8\x00tN\xaf\x82\x12\xdf\x17\xaeN\x1e'
11E8E149-C800-744E-AF82-12DF17AE4E1E,2024-ncaa-d1-natl,ncaa,334,333,254,338,319,261,257,195,307,329,325,238,87,41,244,21,331,331,226,329,256,230,203,248,274,297,47,27,323,224,256,282,325,278,329,320,333,291,307,332,349,350,335,341,,,316,326,,,349,192,48,362,241,232,93,321,301,58,19,328,319,314,159,86,187,257,245,321,322,343,331,,343,,,349,322,293,196,336,315,196,342,181,169,209,133,343,343,155,345,335,248,200,326,337,351,173,79,308,282,325,257,256,280,329,249,154,293,319,308,202,222,79,198,,,316,341,,,349,169,301,352,349,355,346,302,342,297,227,228,352,352,352,341,313,323,318,336,294,263,255,114,,294,,,b'\x11\xe8\xe1I\xc8\x00tN\xaf\x82\x12\xdf\x17\xaeN\x1e'
11E8E149-C800-744E-AF82-12DF17AE4E1E,2025-ncaa-d0-natl,genius_ncaa,265,227,301,266,301,236,273,231,290,311,316,244,146,94,251,49,157,219,29,225,85,232,277,248,222,176,36,72,80,207,214,258,316,242,289,309,321,46,103,240,321,322,329,333,,,43,65,,171,246,292,190,37,156,219,103,288,261,81,37,71,141,147,98,124,146,144,141,298,117,302,314,,105,,248,253,165,197,165,242,152,152,192,276,214,329,255,33,45,144,42,58,137,94,266,235,282,202,308,33,270,316,201,214,234,289,155,113,302,288,280,49,111,44,141,,,305,271,,255,246,57,176,321,262,302,320,330,272,280,332,301,95,97,87,311,277,335,322,338,254,263,116,95,,237,,227,b'\x11\xe8\xe1I\xc8\x00tN\xaf\x82\x12\xdf\x17\xaeN\x1e'
11E8E149-C800-744E-AF82-12DF17AE4E1E,2025-ncaa-d1-conf-Big South,genius_ncaa,6,6,6,6,8,4,4,5,6,7,7,5,2,2,3,2,4,4,1,4,2,4,9,3,3,3,2,2,4,7,7,7,8,9,8,7,8,1,1,1,8,8,6,6,,,1,1,,2,5,7,5,6,2,4,3,6,7,2,1,3,4,4,2,6,7,3,4,6,1,8,4,,1,,3,5,7,8,8,7,5,7,4,9,5,9,5,1,1,6,1,1,5,4,8,7,7,7,9,1,7,8,7,7,7,8,7,4,9,9,9,1,1,4,6,,,9,9,,8,5,1,2,9,6,7,9,9,7,8,9,7,1,1,1,9,6,9,9,9,8,9,1,4,,9,,8,b'\x11\xe8\xe1I\xc8\x00tN\xaf\x82\x12\xdf\x17\xaeN\x1e'
11E8E149-C800-744E-AF82-12DF17AE4E1E,2025-ncaa-d1-natl,genius_ncaa,262,226,304,263,305,234,273,234,294,314,311,248,135,85,251,50,136,201,24,207,77,232,273,247,213,180,36,76,65,202,214,261,326,249,300,321,328,58,110,254,320,321,324,330,,,54,78,,157,254,282,181,38,149,219,100,290,260,83,37,68,127,135,96,125,144,161,154,307,124,302,314,,119,,221,256,184,211,181,244,168,161,188,284,219,334,244,55,59,153,55,76,157,106,268,242,294,210,302,42,296,326,207,214,253,300,166,109,294,284,274,51,94,39,124,,,285,251,,232,254,67,178,328,263,305,320,327,272,285,335,291,119,120,116,312,287,341,323,337,255,245,106,78,,211,,202,b'\x11\xe8\xe1I\xc8\x00tN\xaf\x82\x12\xdf\x17\xaeN\x1e'
11E8E149-C800-744E-AF82-12DF17AE4E1E,2026-ncaa-d0-natl,genius_ncaa,260,346,9,295,20,142,148,105,249,173,154,244,88,66,173,87,152,112,332,116,110,102,79,219,240,265,80,70,201,134,252,172,348,156,341,162,230,340,276,271,38,74,306,334,,,340,235,,312,321,67,338,97,310,313,337,335,337,176,167,297,242,245,338,341,262,352,359,301,214,82,350,,191,,244,284,349,331,306,252,250,158,311,361,360,261,354,324,343,77,344,348,319,326,308,295,254,352,349,193,361,348,327,252,353,341,362,362,39,102,273,339,278,197,178,,,112,231,,268,321,299,269,296,289,217,171,68,56,4,343,345,211,251,257,99,110,325,168,273,337,126,239,98,,298,,328,b'\x11\xe8\xe1I\xc8\x00tN\xaf\x82\x12\xdf\x17\xaeN\x1e'
11E8E149-C800-744E-AF82-12DF17AE4E1E,2026-ncaa-d1-natl,genius_ncaa,301,345,13,326,35,214,220,166,286,248,218,280,119,93,190,87,200,148,334,152,108,163,128,258,274,284,72,73,185,198,283,258,358,242,353,238,245,320,301,303,56,98,336,339,,,319,252,,301,334,111,342,100,338,339,352,347,347,194,184,303,252,258,351,350,294,358,361,333,223,109,355,,206,,256,321,339,318,272,286,209,105,330,359,356,286,354,309,324,93,333,355,294,300,331,327,299,353,350,181,356,358,311,283,342,353,360,362,71,137,303,323,301,173,203,,,160,221,,284,334,259,296,330,322,257,207,80,76,4,349,347,231,260,269,114,108,332,187,286,350,164,249,110,,300,,329,b'\x11\xe8\xe1I\xc8\x00tN\xaf\x82\x12\xdf\x17\xaeN\x1e'
11E8E149-C804-F4D8-AF82-12DF17AE4E1E,2010-ncaa-d0-natl,ncaa,262,269,178,270,238,297,268,241,292,197,130,281,323,310,332,294,297,289,250,284,319,254,242,312,318,312,321,314,203,183,169,313,333,278,303,272,229,191,246,273,161,127,89,102,,,133,197,,,285,256,268,339,319,289,245,190,106,326,305,300,293,290,266,250,163,331,303,282,214,143,75,,155,,,284,94,113,88,235,233,226,208,5,9,121,5,199,201,156,194,173,91,112,159,180,138,15,4,264,253,333,138,169,191,303,144,199,152,96,133,209,242,26,19,,,204,127,,,285,83,314,184,289,116,135,66,266,272,7,7,218,218,215,91,119,275,189,248,162,124,225,32,,185,,,b'\x11\xe8\xe1I\xc8\x04\xf4\xd8\xaf\x82\x12\xdf\x17\xaeN\x1e'
11E8E149-C804-F4D8-AF82-12DF17AE4E1E,2010-ncaa-d1-conf-CAA,ncaa,12,12,8,12,12,12,12,8,12,11,9,12,10,8,11,7,12,12,8,12,12,11,10,12,12,12,10,9,11,9,9,12,12,11,11,12,9,5,7,11,9,9,7,6,,,6,11,,,12,10,8,12,12,12,6,10,7,10,8,12,12,12,9,7,9,12,10,10,6,9,7,,10,,,12,4,5,2,11,10,6,10,1,1,7,1,7,8,2,8,7,2,3,9,9,9,1,1,7,6,12,11,9,10,11,8,8,8,5,8,7,9,2,1,,,9,8,,,12,3,12,9,12,10,10,4,12,8,1,1,10,10,10,4,5,8,12,12,11,8,8,2,,8,,,b'\x11\xe8\xe1I\xc8\x04\xf4\xd8\xaf\x82\x12\xdf\x17\xaeN\x1e'
11E8E149-C804-F4D8-AF82-12DF17AE4E1E,2010-ncaa-d1-natl,ncaa,268,269,191,274,273,312,285,258,297,206,143,284,325,312,333,293,304,300,247,297,320,278,266,313,319,316,321,313,201,195,174,326,333,298,305,289,234,177,247,278,172,132,94,102,,,120,196,,,289,286,268,339,320,296,247,196,109,325,305,300,292,287,268,253,165,333,305,289,217,152,76,,157,,,288,71,99,58,244,229,218,215,3,7,125,5,188,191,154,184,173,67,93,164,184,145,14,4,263,246,333,127,174,182,305,134,199,168,106,141,198,245,24,20,,,215,124,,,289,56,315,196,300,120,145,68,270,276,6,8,223,217,214,91,117,278,193,249,170,129,226,34,,183,,,b'\x11\xe8\xe1I\xc8\x04\xf4\xd8\xaf\x82\x12\xdf\x17\xaeN\x1e'
11E8E149-C804-F4D8-AF82-12DF17AE4E1E,2011-ncaa-d0-natl,ncaa,192,207,170,203,224,232,202,214,177,124,114,179,305,290,301,290,207,213,171,216,274,216,241,233,222,208,314,309,156,121,76,287,223,241,150,233,233,87,136,185,190,148,282,281,,,202,290,,,156,271,291,257,240,198,209,109,98,313,298,200,209,211,219,251,113,303,246,228,105,187,283,,228,,,156,53,38,28,206,98,131,111,26,8,321,5,244,269,114,271,274,41,67,162,188,139,117,35,313,98,223,78,76,70,150,39,108,157,80,70,246,280,7,5,,,164,75,,,156,67,184,146,160,86,55,14,119,159,22,3,268,275,275,35,42,111,95,85,49,137,256,10,,121,,,b'\x11\xe8\xe1I\xc8\x04\xf4\xd8\xaf\x82\x12\xdf\x17\xaeN\x1e'
11E8E149-C804-F4D8-AF82-12DF17AE4E1E,2011-ncaa-d1-conf-CAA,ncaa,8,8,8,8,10,10,10,8,10,9,8,8,9,7,11,6,7,9,4,9,10,9,10,9,10,9,8,8,7,8,8,9,7,8,8,10,7,4,5,8,11,9,10,9,,,9,11,,,8,9,8,8,9,7,6,7,7,9,7,7,9,9,7,8,7,9,7,9,5,10,10,,10,,,8,5,3,2,7,5,5,6,1,1,10,1,10,11,4,11,11,3,3,8,8,8,6,2,11,4,7,5,8,5,8,3,2,11,6,3,10,10,2,3,,,6,5,,,8,3,9,9,8,8,7,3,8,8,2,1,11,11,11,5,4,5,7,7,4,10,10,3,,6,,,b'\x11\xe8\xe1I\xc8\x04\xf4\xd8\xaf\x82\x12\xdf\x17\xaeN\x1e'
11E8E149-C804-F4D8-AF82-12DF17AE4E1E,2011-ncaa-d1-natl,ncaa,206,202,199,213,260,255,225,239,183,143,130,185,312,297,299,290,221,229,170,233,272,246,275,238,231,213,313,309,154,138,79,302,226,257,158,240,237,69,140,193,207,150,286,282,,,183,292,,,164,293,291,260,244,210,213,118,102,313,298,202,212,214,220,254,118,304,250,234,105,192,285,,232,,,164,39,26,15,213,86,113,113,20,3,323,4,234,255,116,256,276,24,44,166,191,149,115,33,315,81,226,57,79,48,158,29,106,179,86,72,233,282,6,6,,,183,70,,,164,44,188,153,167,89,56,14,125,164,22,2,272,279,279,38,40,114,97,87,52,140,258,9,,123,,,b'\x11\xe8\xe1I\xc8\x04\xf4\xd8\xaf\x82\x12\xdf\x17\xaeN\x1e'
11E8E149-C804-F4D8-AF82-12DF17AE4E1E,2012-ncaa-d0-natl,ncaa,161,174,120,169,136,132,117,114,142,92,61,216,208,266,43,276,161,215,62,210,301,129,174,175,161,112,264,243,200,156,171,130,229,147,196,158,217,37,39,71,264,284,74,98,,,130,107,,,154,176,240,119,143,110,111,87,51,216,273,184,228,226,138,225,166,135,150,162,36,288,73,,109,,,153,194,178,235,101,204,284,66,110,92,196,54,252,227,271,232,148,240,175,87,106,218,143,84,261,264,229,207,171,244,196,197,191,307,327,296,111,130,96,38,,,150,133,,,154,149,110,242,164,190,175,231,205,293,109,79,251,226,227,244,139,262,186,236,191,320,114,90,,168,,,b'\x11\xe8\xe1I\xc8\x04\xf4\xd8\xaf\x82\x12\xdf\x17\xaeN\x1e'
11E8E149-C804-F4D8-AF82-12DF17AE4E1E,2012-ncaa-d1-conf-CAA,ncaa,7,7,4,7,4,3,5,7,6,5,6,8,8,9,5,9,3,8,2,8,10,8,8,8,5,4,8,7,4,9,9,5,6,7,9,8,7,3,5,3,10,10,4,4,,,3,3,,,4,7,8,3,4,5,7,5,7,7,9,3,8,8,7,8,10,6,7,8,4,8,4,,4,,,4,6,4,6,4,5,6,5,7,9,6,9,10,10,10,10,11,9,5,4,4,6,10,8,10,8,6,7,9,8,9,5,9,11,12,9,4,5,3,2,,,3,3,,,4,4,6,7,6,5,4,8,4,6,8,7,10,10,10,8,6,7,6,7,5,12,5,3,,3,,,b'\x11\xe8\xe1I\xc8\x04\xf4\xd8\xaf\x82\x12\xdf\x17\xaeN\x1e'
11E8E149-C804-F4D8-AF82-12DF17AE4E1E,2012-ncaa-d1-natl,ncaa,174,173,137,180,153,152,137,137,149,105,67,225,216,278,46,275,172,228,60,224,303,152,204,182,171,112,257,243,193,177,177,145,233,163,202,180,223,29,40,75,280,288,79,101,,,104,111,,,165,211,242,109,149,116,118,94,54,217,273,190,229,227,143,228,176,138,154,171,36,291,73,,111,,,164,180,168,214,109,200,270,68,98,75,199,56,242,213,274,219,150,221,142,91,114,222,143,83,261,252,233,190,177,227,202,185,191,318,329,300,96,132,86,41,,,166,130,,,165,114,112,249,174,194,182,234,212,293,114,79,260,229,231,246,136,263,187,241,198,323,116,94,,166,,,b'\x11\xe8\xe1I\xc8\x04\xf4\xd8\xaf\x82\x12\xdf\x17\xaeN\x1e'
11E8E149-C804-F4D8-AF82-12DF17AE4E1E,2013-ncaa-d0-natl,ncaa,273,284,183,283,218,277,278,238,295,194,92,310,331,335,283,331,151,212,41,205,278,237,247,321,304,292,300,329,31,120,78,228,95,185,86,274,228,148,201,269,264,244,260,245,,,130,242,,,271,275,282,179,295,290,239,188,63,332,333,127,203,193,239,241,102,223,161,285,180,270,250,,154,,,270,126,145,83,259,141,94,239,174,125,288,177,112,96,224,96,144,68,51,264,255,272,167,211,136,40,95,71,78,44,86,197,247,272,236,280,114,159,77,47,,,232,194,,,271,71,273,255,282,162,175,83,169,106,190,145,135,110,111,75,45,59,93,66,221,275,131,95,,224,,,b'\x11\xe8\xe1I\xc8\x04\xf4\xd8\xaf\x82\x12\xdf\x17\xaeN\x1e'
11E8E149-C804-F4D8-AF82-12DF17AE4E1E,2013-ncaa-d1-conf-CAA,ncaa,10,10,6,10,8,11,11,9,11,6,4,11,11,11,8,11,6,7,3,7,9,8,6,11,11,11,10,11,3,3,3,6,4,4,3,7,5,9,9,9,9,9,10,9,,,9,11,,,9,11,9,4,11,11,8,7,3,11,11,6,7,7,8,7,3,4,4,8,9,9,9,,8,,,9,5,4,2,6,5,1,7,6,5,8,6,7,8,6,8,10,2,1,7,7,10,9,7,9,1,4,1,3,1,3,6,10,10,10,9,5,5,9,6,,,8,7,,,9,1,11,9,9,4,4,3,4,3,7,4,8,6,7,4,3,3,3,3,7,8,4,9,,7,,,b'\x11\xe8\xe1I\xc8\x04\xf4\xd8\xaf\x82\x12\xdf\x17\xaeN\x1e'
11E8E149-C804-F4D8-AF82-12DF17AE4E1E,2013-ncaa-d1-natl,ncaa,281,282,210,287,254,298,293,260,300,212,106,315,332,336,286,330,162,225,40,217,275,259,271,326,306,295,297,329,31,139,82,252,95,207,89,288,232,134,204,269,279,254,271,252,,,112,248,,,276,300,285,172,297,294,243,192,63,332,333,126,203,192,245,242,107,226,167,291,182,277,256,,154,,,278,110,130,55,266,126,74,245,162,115,295,178,97,86,226,85,148,48,33,269,263,275,167,213,136,38,95,56,82,28,89,190,247,296,244,282,105,159,71,51,,,244,189,,,276,46,282,263,291,166,183,84,171,109,193,145,134,113,113,77,41,58,95,68,225,283,131,94,,222,,,b'\x11\xe8\xe1I\xc8\x04\xf4\xd8\xaf\x82\x12\xdf\x17\xaeN\x1e'
11E8E149-C804-F4D8-AF82-12DF17AE4E1E,2014-ncaa-d0-natl,ncaa,288,311,131,301,133,136,128,78,247,104,78,229,201,147,274,189,140,195,24,195,287,97,105,258,237,201,230,223,164,138,183,100,293,105,241,273,333,159,103,263,276,317,111,151,,,289,230,,,275,99,99,22,136,121,42,110,70,205,153,137,216,217,62,77,137,78,90,292,152,288,108,,294,,,270,320,305,304,171,306,314,173,184,193,140,91,312,313,183,313,214,312,272,159,175,279,130,103,248,336,293,277,183,318,241,286,211,293,337,328,190,156,128,78,,,233,323,,,275,238,198,312,275,313,303,331,307,334,177,189,306,307,309,337,305,338,280,323,285,306,192,121,,263,,,b'\x11\xe8\xe1I\xc8\x04\xf4\xd8\xaf\x82\x12\xdf\x17\xaeN\x1e'
11E8E149-C804-F4D8-AF82-12DF17AE4E1E,2014-ncaa-d1-conf-Atlantic 10,ncaa,11,12,3,12,3,6,6,4,10,4,6,8,7,4,11,4,7,8,4,9,8,4,4,10,10,10,6,5,5,5,9,9,12,7,12,13,13,10,7,13,8,9,6,9,,,13,12,,,12,4,5,2,6,6,4,6,7,8,3,8,8,9,5,5,5,10,8,13,10,8,7,,13,,,12,12,12,10,12,12,11,11,12,7,12,5,13,13,8,13,12,11,9,12,12,12,10,6,10,11,12,12,9,13,12,12,9,10,13,12,9,9,6,7,,,9,13,,,12,9,10,12,12,12,12,10,12,11,11,6,12,13,13,11,9,12,11,12,12,10,9,6,,11,,,b'\x11\xe8\xe1I\xc8\x04\xf4\xd8\xaf\x82\x12\xdf\x17\xaeN\x1e'
11E8E149-C804-F4D8-AF82-12DF17AE4E1E,2014-ncaa-d1-natl,ncaa,293,310,145,308,147,158,151,94,253,119,95,236,207,155,279,190,158,218,23,219,290,116,128,264,239,203,227,221,163,153,190,112,296,121,246,290,332,141,105,269,290,319,120,152,,,275,233,,,280,120,100,21,146,131,43,114,75,207,154,144,218,221,63,81,144,81,94,294,152,292,112,,298,,,276,314,295,298,176,301,308,178,171,181,143,90,304,306,191,307,215,309,262,165,182,289,128,100,246,334,296,261,190,315,246,279,215,309,338,329,180,156,123,81,,,261,322,,,280,213,203,319,283,316,309,331,310,336,181,187,307,310,311,338,307,340,284,325,288,306,191,125,,267,,,b'\x11\xe8\xe1I\xc8\x04\xf4\xd8\xaf\x82\x12\xdf\x17\xaeN\x1e'
11E8E149-C804-F4D8-AF82-12DF17AE4E1E,2015-ncaa-d0-natl,ncaa,208,209,172,219,191,128,176,114,265,219,187,258,97,78,174,90,69,94,49,95,72,103,109,229,195,182,46,94,55,135,177,77,99,92,126,266,314,178,138,269,250,278,148,177,,,216,161,,,261,109,30,105,89,170,56,226,180,80,60,40,70,72,46,40,111,36,38,276,195,261,136,,237,,,258,311,318,295,255,302,251,278,282,298,164,248,202,210,141,208,143,295,238,262,243,317,141,224,100,186,99,268,177,237,126,310,211,290,322,332,132,106,228,247,,,170,255,,,261,244,164,302,255,329,328,338,319,302,296,313,207,220,217,336,310,208,282,266,322,298,154,241,,155,,,b'\x11\xe8\xe1I\xc8\x04\xf4\xd8\xaf\x82\x12\xdf\x17\xaeN\x1e'
11E8E149-C804-F4D8-AF82-12DF17AE4E1E,2015-ncaa-d1-conf-Atlantic 10,ncaa,12,10,11,12,11,11,12,9,13,14,11,13,4,2,7,1,9,13,1,13,11,10,9,11,11,12,3,1,7,7,10,10,9,11,10,14,14,9,12,14,13,13,6,7,,,6,8,,,14,8,3,2,8,10,6,12,9,2,1,8,12,12,6,6,6,7,7,14,12,13,5,,10,,,14,14,14,9,14,13,7,14,12,13,9,10,7,11,5,11,9,10,5,14,14,14,5,8,4,7,9,10,10,7,10,13,8,14,14,14,10,12,10,12,,,13,13,,,14,7,13,14,14,14,14,14,14,12,14,14,10,12,12,14,13,9,12,10,14,14,12,11,,13,,,b'\x11\xe8\xe1I\xc8\x04\xf4\xd8\xaf\x82\x12\xdf\x17\xaeN\x1e'
11E8E149-C804-F4D8-AF82-12DF17AE4E1E,2015-ncaa-d1-natl,ncaa,222,207,209,225,229,159,205,137,271,251,216,263,106,86,178,89,84,119,48,119,71,127,136,236,200,186,45,93,50,151,186,100,105,114,139,298,318,151,144,274,276,288,157,179,,,194,164,,,274,139,29,98,102,178,56,244,185,81,60,42,73,71,48,43,119,39,45,293,197,265,142,,236,,,275,301,308,280,268,293,227,286,273,286,173,250,188,190,144,192,144,278,204,269,253,322,139,222,101,161,105,242,186,211,139,303,214,308,326,334,118,107,215,253,,,204,253,,,274,213,177,310,272,329,330,338,318,302,297,312,214,221,222,337,307,215,285,270,322,303,155,244,,155,,,b'\x11\xe8\xe1I\xc8\x04\xf4\xd8\xaf\x82\x12\xdf\x17\xaeN\x1e'
11E8E149-C804-F4D8-AF82-12DF17AE4E1E,2016-ncaa-d0-natl,ncaa,221,249,114,242,117,169,179,142,243,112,72,264,293,291,268,312,70,94,80,97,170,132,138,279,248,209,258,307,32,146,187,98,234,112,194,229,253,151,126,209,255,294,124,141,,,161,101,,,256,134,180,16,191,212,159,111,67,303,306,62,78,79,145,164,169,89,117,254,141,276,128,,136,,,251,277,260,278,159,228,243,174,261,276,180,235,225,209,259,208,166,274,247,179,185,233,222,217,175,301,234,242,187,285,194,286,259,219,272,281,170,160,324,282,,,124,118,,,256,228,203,262,241,261,248,299,225,238,256,277,226,205,197,292,266,292,223,267,274,247,167,315,,115,,,b'\x11\xe8\xe1I\xc8\x04\xf4\xd8\xaf\x82\x12\xdf\x17\xaeN\x1e'
11E8E149-C804-F4D8-AF82-12DF17AE4E1E,2016-ncaa-d1-conf-Atlantic 10,ncaa,8,9,4,9,6,8,8,8,8,7,5,9,10,10,13,9,6,8,6,8,6,8,8,11,8,10,9,9,3,8,10,8,11,7,11,13,13,7,9,13,11,12,10,11,,,6,6,,,12,7,9,9,10,11,10,7,6,10,10,5,6,7,9,10,9,9,8,13,7,11,10,,6,,,12,12,14,11,9,8,7,11,12,13,7,11,8,9,8,8,7,11,11,11,11,11,8,11,7,14,11,9,10,11,11,11,9,9,11,11,10,11,11,12,,,6,6,,,12,9,11,11,12,11,12,10,7,6,11,13,9,7,7,10,9,12,7,10,11,12,10,12,,7,,,b'\x11\xe8\xe1I\xc8\x04\xf4\xd8\xaf\x82\x12\xdf\x17\xaeN\x1e'
11E8E149-C804-F4D8-AF82-12DF17AE4E1E,2016-ncaa-d1-natl,ncaa,234,249,142,247,147,202,209,177,248,139,86,268,303,299,269,311,83,108,78,112,172,169,177,284,252,214,256,307,28,174,198,126,244,141,206,252,256,122,133,218,278,302,137,150,,,126,109,,,270,175,186,15,206,222,168,123,72,303,305,63,78,80,153,171,177,95,123,263,140,283,135,,144,,,269,256,242,257,169,210,217,182,247,261,190,231,211,193,261,189,166,247,218,188,193,244,217,213,175,288,244,218,198,268,206,277,260,246,279,286,149,164,322,285,,,144,116,,,270,187,214,270,257,266,256,299,232,243,255,274,227,210,203,292,264,296,227,278,280,252,168,317,,118,,,b'\x11\xe8\xe1I\xc8\x04\xf4\xd8\xaf\x82\x12\xdf\x17\xaeN\x1e'
11E8E149-C804-F4D8-AF82-12DF17AE4E1E,2017-ncaa-d0-natl,ncaa,197,210,168,210,182,232,270,238,287,231,200,272,264,222,315,212,69,66,147,66,29,205,219,300,271,238,151,251,8,145,135,102,123,111,112,247,186,132,163,225,246,237,151,151,,,108,128,,,205,244,258,62,246,294,251,242,203,267,215,33,38,37,207,225,132,50,62,263,152,243,133,,132,,,205,93,105,198,46,82,190,41,196,204,167,204,117,135,105,141,139,182,140,63,51,113,237,251,160,200,123,149,135,177,112,171,258,276,271,265,177,202,219,239,,,119,51,,,205,128,221,133,194,115,116,235,95,206,207,214,118,141,145,218,148,220,166,193,183,274,186,236,,77,,,b'\x11\xe8\xe1I\xc8\x04\xf4\xd8\xaf\x82\x12\xdf\x17\xaeN\x1e'
11E8E149-C804-F4D8-AF82-12DF17AE4E1E,2017-ncaa-d1-conf-Atlantic 10,ncaa,10,10,8,10,10,12,13,11,14,12,11,13,10,8,12,8,4,4,8,4,2,9,10,14,13,11,3,9,1,10,11,5,7,8,8,14,11,7,8,12,13,12,7,5,,,3,2,,,11,11,7,3,12,13,10,12,11,10,8,1,2,2,9,9,8,2,3,14,8,12,5,,3,,,11,5,6,9,4,7,7,5,8,10,6,10,3,4,7,4,3,9,5,4,4,7,6,9,3,9,7,12,11,11,8,8,9,13,14,12,10,10,7,10,,,5,2,,,11,5,11,9,10,7,10,13,9,9,8,10,3,4,4,14,9,12,14,13,10,13,11,8,,3,,,b'\x11\xe8\xe1I\xc8\x04\xf4\xd8\xaf\x82\x12\xdf\x17\xaeN\x1e'
11E8E149-C804-F4D8-AF82-12DF17AE4E1E,2017-ncaa-d1-natl,ncaa,215,210,217,219,240,273,294,286,296,264,232,276,274,237,314,211,77,78,147,80,31,256,272,304,272,242,146,250,9,173,147,123,134,147,120,276,186,104,166,235,265,247,170,157,,,80,132,,,219,297,265,53,263,298,258,247,208,268,214,35,40,39,213,232,141,53,70,270,155,254,143,,133,,,220,64,81,160,53,63,146,45,179,179,176,206,102,112,107,117,140,139,82,67,56,126,231,251,157,172,134,120,147,135,120,147,260,299,277,270,151,206,215,244,,,139,47,,,219,69,227,143,211,126,122,238,102,210,214,211,124,141,144,218,145,222,172,202,192,277,191,240,,75,,,b'\x11\xe8\xe1I\xc8\x04\xf4\xd8\xaf\x82\x12\xdf\x17\xaeN\x1e'
11E8E149-C804-F4D8-AF82-12DF17AE4E1E,2018-ncaa-d0-natl,ncaa,38,57,25,54,34,47,57,39,136,59,56,104,116,78,243,175,18,9,261,9,29,31,25,144,141,145,175,225,64,3,5,23,33,4,5,52,90,326,191,141,114,156,163,180,,,169,44,,,54,33,120,250,79,113,112,99,138,176,133,29,20,21,65,51,6,29,4,86,250,163,211,,53,,,58,246,255,316,40,147,216,80,331,348,55,343,37,31,238,31,36,303,312,65,45,60,288,336,26,200,33,189,5,192,5,263,210,92,168,169,274,138,233,151,,,7,57,,,54,318,84,47,57,80,117,250,43,50,295,341,14,10,11,170,173,95,55,56,160,170,190,175,,18,,,b'\x11\xe8\xe1I\xc8\x04\xf4\xd8\xaf\x82\x12\xdf\x17\xaeN\x1e'
11E8E149-C804-F4D8-AF82-12DF17AE4E1E,2018-ncaa-d1-conf-Atlantic 10,ncaa,6,4,4,5,6,4,4,5,5,3,4,4,9,7,9,10,1,1,10,1,1,4,2,6,5,8,8,12,1,1,1,3,2,1,1,4,6,12,11,10,3,3,10,11,,,4,3,,,2,3,4,9,3,4,5,3,6,9,8,1,1,1,3,1,1,3,1,4,12,4,11,,3,,,2,6,7,11,4,2,5,6,10,13,4,14,1,1,13,1,3,9,8,5,5,5,12,13,1,3,2,3,1,2,1,8,9,4,5,5,11,10,11,10,,,1,1,,,2,12,4,5,2,7,6,7,3,3,10,13,2,2,2,6,8,3,3,3,8,4,10,11,,1,,,b'\x11\xe8\xe1I\xc8\x04\xf4\xd8\xaf\x82\x12\xdf\x17\xaeN\x1e'
11E8E149-C804-F4D8-AF82-12DF17AE4E1E,2018-ncaa-d1-natl,ncaa,45,57,31,59,45,54,67,55,147,68,67,114,128,92,249,174,21,9,259,9,29,37,28,155,148,151,171,221,59,6,6,24,38,6,5,61,93,315,196,149,134,167,175,191,,,145,45,,,63,46,124,247,84,123,115,106,144,180,134,32,22,22,69,51,9,30,4,93,253,174,217,,56,,,64,215,245,313,46,127,182,89,329,348,60,343,23,23,240,24,36,297,300,70,49,70,283,335,26,175,38,157,6,156,5,251,216,112,174,181,264,144,225,162,,,9,54,,,63,307,93,61,62,87,129,253,50,52,299,340,15,11,11,174,174,97,57,58,169,176,189,183,,19,,,b'\x11\xe8\xe1I\xc8\x04\xf4\xd8\xaf\x82\x12\xdf\x17\xaeN\x1e'
11E8E149-C804-F4D8-AF82-12DF17AE4E1E,2019-ncaa-d0-natl,ncaa,146,138,173,150,182,186,193,198,184,168,201,140,202,166,271,170,133,120,233,109,83,180,175,195,187,199,195,212,103,94,67,97,177,87,82,181,177,205,194,199,227,226,200,188,,,106,114,,,149,211,222,44,167,175,174,155,186,195,158,113,99,90,144,137,79,52,38,172,212,217,200,,120,,,149,110,124,206,60,48,112,56,301,302,207,317,49,74,35,73,121,185,159,99,69,97,312,334,69,271,177,98,67,153,82,85,110,237,232,165,200,198,251,261,,,80,42,,,149,132,155,144,149,131,134,260,54,109,319,322,59,90,93,230,199,281,121,193,104,227,206,261,,35,,,b'\x11\xe8\xe1I\xc8\x04\xf4\xd8\xaf\x82\x12\xdf\x17\xaeN\x1e'
11E8E149-C804-F4D8-AF82-12DF17AE4E1E,2019-ncaa-d1-conf-Atlantic 10,ncaa,7,7,9,7,9,8,8,7,6,7,6,6,10,9,10,9,8,9,3,9,9,8,9,6,7,8,10,9,4,4,1,7,9,6,5,9,11,9,10,10,9,9,10,9,,,4,3,,,7,9,7,2,4,5,4,6,3,9,9,5,8,7,4,5,2,4,3,7,12,9,9,,6,,,7,5,8,10,5,4,6,7,11,12,8,13,2,3,2,3,3,8,6,8,6,8,10,12,2,10,9,1,1,3,5,4,2,10,12,6,10,9,11,10,,,7,6,,,7,5,8,8,7,8,11,13,8,8,11,13,2,3,3,11,10,12,4,7,7,9,11,12,,4,,,b'\x11\xe8\xe1I\xc8\x04\xf4\xd8\xaf\x82\x12\xdf\x17\xaeN\x1e'
11E8E149-C804-F4D8-AF82-12DF17AE4E1E,2019-ncaa-d1-natl,ncaa,164,137,233,157,240,218,237,249,196,210,236,149,220,186,273,169,163,145,230,141,81,230,231,207,196,207,192,211,99,125,76,128,184,116,87,219,178,168,197,207,254,238,213,190,,,84,115,,,174,266,229,37,177,194,187,165,190,199,159,116,101,97,158,140,84,53,41,183,214,226,201,,123,,,172,75,89,170,67,34,77,65,291,291,224,317,40,61,39,64,122,138,100,109,75,123,311,334,69,243,184,61,76,111,87,71,111,267,243,181,181,201,240,263,,,109,43,,,174,76,170,160,175,144,148,265,59,116,321,324,61,93,96,237,193,285,126,198,117,238,214,268,,37,,,b'\x11\xe8\xe1I\xc8\x04\xf4\xd8\xaf\x82\x12\xdf\x17\xaeN\x1e'
11E8E149-C804-F4D8-AF82-12DF17AE4E1E,2020-ncaa-d0-natl,ncaa,276,289,87,286,186,221,249,157,314,245,190,297,183,126,296,143,103,69,260,67,77,133,158,306,296,259,104,163,54,33,78,249,234,134,178,157,67,128,125,140,201,192,257,249,,,238,265,,,247,221,270,336,249,282,174,276,220,190,137,113,84,83,145,182,36,291,147,179,121,221,269,,217,,,243,205,204,134,265,149,75,282,270,257,264,280,157,179,97,181,250,132,143,292,275,258,255,273,146,198,234,264,78,245,178,219,211,161,145,193,80,66,267,258,,,50,51,,,247,128,210,267,248,183,177,89,129,43,269,240,152,166,171,85,88,178,229,218,209,183,69,250,,65,,,b'\x11\xe8\xe1I\xc8\x04\xf4\xd8\xaf\x82\x12\xdf\x17\xaeN\x1e'
11E8E149-C804-F4D8-AF82-12DF17AE4E1E,2020-ncaa-d1-conf-Atlantic 10,ncaa,13,13,9,13,14,11,13,9,14,13,11,12,9,5,11,4,5,5,9,5,5,9,11,13,13,13,2,8,3,2,3,12,11,9,8,12,4,6,6,8,6,5,10,8,,,8,14,,,11,11,6,14,11,13,4,13,10,9,3,4,5,4,4,3,1,11,7,9,8,5,10,,13,,,11,8,6,3,12,4,2,11,13,9,14,12,12,13,8,13,14,4,5,14,14,12,14,13,11,5,11,8,3,5,8,10,9,7,8,8,4,4,8,11,,,4,4,,,11,4,9,12,11,11,10,6,6,3,13,12,13,13,13,8,9,9,12,12,12,6,4,10,,2,,,b'\x11\xe8\xe1I\xc8\x04\xf4\xd8\xaf\x82\x12\xdf\x17\xaeN\x1e'
11E8E149-C804-F4D8-AF82-12DF17AE4E1E,2020-ncaa-d1-natl,ncaa,289,289,128,291,251,249,287,192,320,286,224,309,195,139,296,144,125,87,261,86,75,171,207,312,302,268,103,163,52,44,83,286,243,173,190,185,71,104,127,147,227,209,268,254,,,210,271,,,264,276,273,337,256,296,183,287,222,193,139,116,87,87,156,190,42,293,159,190,123,226,270,,220,,,263,182,179,98,279,135,50,290,257,233,272,277,143,167,98,167,250,99,85,297,291,276,256,273,149,180,243,234,83,214,190,208,212,195,154,210,60,68,252,265,,,69,51,,,264,76,220,272,266,193,184,92,133,44,269,235,157,176,179,90,88,179,236,226,215,191,67,256,,66,,,b'\x11\xe8\xe1I\xc8\x04\xf4\xd8\xaf\x82\x12\xdf\x17\xaeN\x1e'
11E8E149-C804-F4D8-AF82-12DF17AE4E1E,2021-ncaa-d0-natl,ncaa,307,329,157,319,168,270,286,189,341,300,236,341,169,112,288,67,219,231,138,230,188,200,187,341,339,333,29,41,65,85,111,146,218,127,154,281,166,234,269,317,301,331,201,208,,,106,75,,,329,209,315,142,330,338,247,342,291,176,92,255,266,267,270,245,70,121,67,329,240,335,220,,54,,,316,156,179,207,110,138,165,103,280,276,221,314,52,44,269,44,18,173,144,153,113,213,251,323,14,234,218,210,111,222,154,144,72,269,308,270,211,231,186,247,,,232,267,,,329,137,325,251,323,150,193,252,109,131,302,312,15,8,8,185,83,252,241,269,118,321,212,180,,293,,,b'\x11\xe8\xe1I\xc8\x04\xf4\xd8\xaf\x82\x12\xdf\x17\xaeN\x1e'
11E8E149-C804-F4D8-AF82-12DF17AE4E1E,2021-ncaa-d1-conf-Atlantic 10,ncaa,14,14,9,14,10,14,14,12,14,13,12,14,10,7,11,6,13,13,9,13,10,12,11,14,14,14,4,2,7,8,9,10,12,10,11,14,11,12,14,14,13,13,10,7,,,5,6,,,14,11,12,8,14,14,14,14,11,9,7,12,14,13,14,11,7,5,7,14,14,14,6,,5,,,14,8,8,8,6,7,7,5,13,11,13,14,2,2,3,2,2,8,7,10,7,14,13,14,1,11,12,7,9,9,11,7,5,12,13,14,12,14,7,10,,,14,14,,,14,4,14,14,14,10,14,12,4,8,14,14,1,2,2,11,8,12,11,13,8,13,14,7,,14,,,b'\x11\xe8\xe1I\xc8\x04\xf4\xd8\xaf\x82\x12\xdf\x17\xaeN\x1e'
11E8E149-C804-F4D8-AF82-12DF17AE4E1E,2021-ncaa-d1-natl,ncaa,312,329,182,323,193,279,291,212,342,302,249,342,175,123,292,68,228,242,137,241,189,221,209,342,340,334,27,41,67,96,118,165,223,141,163,287,169,221,276,319,304,333,210,213,,,94,75,,,329,221,317,142,332,339,252,342,293,178,93,256,269,270,275,250,74,131,73,330,242,338,224,,54,,,322,147,163,193,123,126,150,112,276,262,225,313,48,40,268,40,18,155,129,159,122,226,252,323,14,221,223,196,118,205,163,131,75,279,310,275,198,236,182,251,,,243,265,,,329,124,329,259,325,155,202,252,117,134,305,311,15,8,8,188,82,255,241,275,121,325,214,185,,294,,,b'\x11\xe8\xe1I\xc8\x04\xf4\xd8\xaf\x82\x12\xdf\x17\xaeN\x1e'
11E8E149-C804-F4D8-AF82-12DF17AE4E1E,2022-ncaa-d0-natl,ncaa,254,266,163,265,183,238,262,204,315,249,191,308,227,201,284,194,136,111,257,112,74,193,194,307,303,279,138,205,57,219,278,154,152,188,260,274,249,178,191,262,310,327,239,242,,,134,142,,,283,180,188,114,278,308,237,277,204,240,198,125,100,98,205,198,232,137,176,298,185,322,248,,143,,,278,204,211,196,212,184,150,231,249,243,200,259,123,140,133,145,168,185,170,225,210,243,187,240,99,162,152,300,278,266,260,244,219,238,241,272,190,205,238,239,,,142,97,,,283,171,289,243,283,214,229,209,197,154,251,261,126,133,136,196,167,170,316,291,256,255,198,243,,122,,,b'\x11\xe8\xe1I\xc8\x04\xf4\xd8\xaf\x82\x12\xdf\x17\xaeN\x1e'
11E8E149-C804-F4D8-AF82-12DF17AE4E1E,2022-ncaa-d1-conf-Atlantic 10,ncaa,13,13,6,13,9,11,13,8,13,11,7,13,11,10,12,8,6,2,13,3,3,6,7,13,13,13,7,9,1,11,13,4,8,7,13,11,12,12,11,13,14,14,8,11,,,9,9,,,13,5,2,10,13,13,10,11,7,10,9,5,2,2,9,5,11,6,9,12,12,13,10,,10,,,13,10,10,9,10,11,10,11,8,12,5,9,11,9,12,9,9,8,9,8,10,11,6,6,11,10,8,14,13,14,13,11,10,7,9,11,11,11,13,13,,,2,2,,,13,10,14,9,13,11,11,11,11,8,7,10,11,8,8,11,12,8,14,14,10,6,11,13,,2,,,b'\x11\xe8\xe1I\xc8\x04\xf4\xd8\xaf\x82\x12\xdf\x17\xaeN\x1e'
11E8E149-C804-F4D8-AF82-12DF17AE4E1E,2022-ncaa-d1-natl,ncaa,269,266,213,273,231,273,298,252,326,282,231,316,245,219,291,190,160,132,256,132,69,236,246,317,306,288,128,203,55,244,284,198,160,229,275,293,255,149,198,281,328,333,256,255,,,104,148,,,295,235,191,106,290,319,248,293,210,244,202,127,98,98,217,206,241,152,195,308,182,328,257,,148,,,291,166,187,154,231,168,120,250,228,218,220,255,105,115,142,118,168,135,118,243,228,264,187,240,101,137,160,289,284,241,275,228,224,274,251,287,167,213,226,250,,,166,91,,,295,114,298,259,296,224,244,210,202,159,259,261,131,132,139,202,161,171,321,296,257,261,201,254,,119,,,b'\x11\xe8\xe1I\xc8\x04\xf4\xd8\xaf\x82\x12\xdf\x17\xaeN\x1e'
11E8E149-C804-F4D8-AF82-12DF17AE4E1E,2023-ncaa-d0-natl,ncaa,153,160,116,166,146,203,210,135,288,179,133,259,253,201,323,223,130,68,343,72,74,123,122,290,295,274,227,258,81,44,61,106,124,71,85,270,295,199,163,263,246,257,108,87,,,156,163,,,194,169,244,240,257,258,173,211,152,271,211,146,57,62,134,138,31,93,43,299,190,262,108,,134,,,193,139,121,187,96,102,163,103,194,223,134,230,165,187,109,189,202,181,172,97,97,116,245,228,198,160,124,251,61,225,85,69,79,201,207,120,162,135,305,294,,,66,54,,,194,186,244,122,198,93,93,138,88,109,184,205,159,174,172,139,106,156,239,208,51,222,157,304,,57,,,b'\x11\xe8\xe1I\xc8\x04\xf4\xd8\xaf\x82\x12\xdf\x17\xaeN\x1e'
11E8E149-C804-F4D8-AF82-12DF17AE4E1E,2023-ncaa-d1-conf-Atlantic 10,ncaa,8,9,4,8,5,10,10,7,13,8,4,11,14,12,15,14,2,2,14,2,2,5,4,14,13,12,11,14,1,3,5,7,4,4,5,11,13,11,8,12,8,8,5,6,,,12,12,,,9,7,9,7,11,12,7,8,6,15,13,2,1,1,5,6,3,7,4,13,9,8,6,,10,,,9,5,4,7,6,5,7,6,4,7,3,6,11,11,10,11,13,7,7,5,6,4,8,5,13,5,4,12,5,9,5,2,2,6,8,2,8,7,11,9,,,1,3,,,9,8,11,6,10,3,3,5,4,5,4,6,10,11,10,6,5,5,10,7,2,8,8,11,,1,,,b'\x11\xe8\xe1I\xc8\x04\xf4\xd8\xaf\x82\x12\xdf\x17\xaeN\x1e'
11E8E149-C804-F4D8-AF82-12DF17AE4E1E,2023-ncaa-d1-natl,ncaa,167,160,151,172,188,246,252,179,298,212,166,271,266,217,328,225,154,82,343,89,74,158,163,299,303,281,223,260,74,51,66,136,132,88,96,297,298,170,169,282,269,271,114,89,,,127,166,,,210,236,252,228,270,275,196,224,155,276,213,146,59,66,146,145,37,98,46,310,188,276,111,,139,,,210,95,84,144,106,82,119,109,177,200,143,227,150,168,115,169,206,136,117,115,110,138,244,230,201,136,132,222,66,194,96,54,82,238,215,142,139,142,302,301,,,88,49,,,210,121,253,144,215,105,100,143,99,111,191,205,167,186,182,147,102,163,243,219,57,232,158,307,,54,,,b'\x11\xe8\xe1I\xc8\x04\xf4\xd8\xaf\x82\x12\xdf\x17\xaeN\x1e'
11E8E149-C804-F4D8-AF82-12DF17AE4E1E,2024-ncaa-d0-natl,ncaa,65,40,196,48,206,126,151,116,215,175,140,238,114,118,116,166,85,89,120,90,108,115,150,195,173,118,91,133,91,42,42,212,200,127,122,229,318,34,26,133,90,62,174,134,,,155,175,,,46,209,171,95,78,110,37,155,109,95,100,58,65,69,37,83,24,195,64,229,48,73,163,,184,,,36,41,53,97,64,44,64,121,123,182,40,264,81,116,54,124,208,91,143,68,59,21,221,227,183,164,200,166,42,160,122,46,101,60,32,17,28,26,122,106,,,149,151,,,46,149,70,25,39,48,57,98,53,59,145,212,110,139,150,84,203,192,220,216,53,38,37,137,,100,,,b'\x11\xe8\xe1I\xc8\x04\xf4\xd8\xaf\x82\x12\xdf\x17\xaeN\x1e'
11E8E149-C804-F4D8-AF82-12DF17AE4E1E,2024-ncaa-d1-conf-Atlantic 10,ncaa,5,4,7,4,7,5,6,4,10,9,6,10,5,7,4,7,3,4,4,4,3,4,7,8,8,4,6,7,3,3,6,6,9,6,7,10,14,2,1,5,4,5,5,4,,,6,7,,,1,9,8,3,4,5,1,7,6,5,6,3,1,2,1,4,4,6,6,10,1,4,6,,7,,,1,4,3,6,3,4,4,3,5,7,2,12,2,4,5,5,7,5,6,3,4,1,11,12,6,9,9,9,6,7,7,4,7,4,1,1,2,1,5,6,,,7,7,,,1,6,3,1,1,3,3,5,3,4,6,9,3,5,7,6,8,11,11,12,4,2,1,5,,4,,,b'\x11\xe8\xe1I\xc8\x04\xf4\xd8\xaf\x82\x12\xdf\x17\xaeN\x1e'
11E8E149-C804-F4D8-AF82-12DF17AE4E1E,2024-ncaa-d1-natl,ncaa,57,40,194,48,209,123,145,108,229,175,141,255,107,114,114,164,74,77,140,79,88,101,136,205,180,115,80,127,79,30,39,204,184,115,108,235,313,19,21,121,79,63,178,137,,,151,174,,,40,206,174,101,80,110,38,168,107,92,95,51,48,48,37,73,19,179,52,229,36,66,168,,174,,,35,34,44,88,65,39,63,105,136,197,61,269,87,120,41,132,222,79,147,73,62,23,249,242,179,154,184,188,39,174,108,50,121,61,39,21,25,18,115,103,,,128,134,,,40,154,69,28,33,51,59,96,46,58,160,218,107,143,150,81,199,183,231,220,62,43,32,134,,84,,,b'\x11\xe8\xe1I\xc8\x04\xf4\xd8\xaf\x82\x12\xdf\x17\xaeN\x1e'
11E8E149-C804-F4D8-AF82-12DF17AE4E1E,2025-ncaa-d0-natl,genius_ncaa,29,18,90,23,116,68,86,82,121,103,79,197,81,154,21,218,43,44,146,45,98,74,124,114,98,53,100,150,110,59,68,129,179,85,122,150,265,14,8,51,64,52,70,54,,,118,89,,120,30,147,246,269,60,80,73,115,99,86,168,42,47,49,62,171,55,180,97,167,10,65,74,,82,,98,28,80,85,159,57,54,177,27,195,161,263,183,93,110,71,119,142,158,221,74,58,28,255,282,142,217,179,227,68,231,122,52,77,56,42,24,12,7,73,32,,,129,143,,170,30,217,31,33,21,37,38,68,34,98,165,109,65,86,99,52,117,193,164,176,35,60,8,58,,152,,193,b'\x11\xe8\xe1I\xc8\x04\xf4\xd8\xaf\x82\x12\xdf\x17\xaeN\x1e'
11E8E149-C804-F4D8-AF82-12DF17AE4E1E,2025-ncaa-d1-conf-Atlantic 10,genius_ncaa,2,2,1,2,3,1,1,1,2,1,3,4,4,6,2,9,1,1,4,1,2,1,2,2,2,2,7,9,4,5,9,2,8,1,9,3,12,1,1,2,3,4,1,2,,,6,3,,1,1,3,7,5,1,2,2,2,4,4,7,1,1,1,2,7,10,5,6,6,1,4,2,,4,,1,2,8,9,14,2,8,14,2,9,8,11,5,5,5,13,5,3,12,13,4,2,1,8,9,5,11,8,11,9,11,9,7,7,2,3,2,1,1,3,2,,,3,8,,8,1,13,2,2,2,5,5,9,7,11,6,5,5,4,4,7,9,9,9,9,5,5,1,2,,7,,8,b'\x11\xe8\xe1I\xc8\x04\xf4\xd8\xaf\x82\x12\xdf\x17\xaeN\x1e'
11E8E149-C804-F4D8-AF82-12DF17AE4E1E,2025-ncaa-d1-natl,genius_ncaa,34,18,113,23,154,84,101,103,130,125,98,203,92,173,22,218,52,56,145,57,96,87,151,120,106,56,99,147,104,67,70,156,191,112,133,170,268,12,8,51,79,58,71,55,,,96,95,,108,34,187,255,269,63,86,79,132,105,89,171,42,50,52,65,184,60,191,106,182,10,77,74,,86,,104,31,59,60,121,68,46,144,31,180,139,274,178,73,96,69,105,144,110,187,84,64,34,254,280,146,205,191,202,70,201,133,42,79,71,49,29,9,7,59,36,,,146,136,,180,34,177,35,41,22,41,42,72,40,101,170,108,67,89,98,55,114,197,172,181,36,68,8,57,,154,,191,b'\x11\xe8\xe1I\xc8\x04\xf4\xd8\xaf\x82\x12\xdf\x17\xaeN\x1e'
11E8E149-C804-F4D8-AF82-12DF17AE4E1E,2025-ncaa-d1-ncaatournament,genius_ncaa,37,2,37,37,38,49,54,38,62,59,39,65,42,54,29,47,40,40,30,39,37,39,42,62,60,54,8,20,14,33,22,66,61,52,57,46,14,5,8,21,39,18,47,36,,,17,45,,1,58,50,35,7,44,52,8,59,7,24,31,23,24,22,9,17,5,66,49,35,10,18,36,,37,,1,59,27,25,10,65,21,7,62,26,19,60,35,33,30,43,29,66,15,11,66,66,66,45,34,51,12,61,25,22,24,57,17,26,58,52,49,22,39,28,46,,,48,41,,62,58,14,47,66,61,63,61,22,53,21,51,37,62,63,63,35,26,29,61,59,44,50,43,58,,31,,62,b'\x11\xe8\xe1I\xc8\x04\xf4\xd8\xaf\x82\x12\xdf\x17\xaeN\x1e'
11E8E149-C804-F4D8-AF82-12DF17AE4E1E,2026-ncaa-d0-natl,genius_ncaa,87,198,9,168,9,41,46,9,179,56,17,231,38,41,87,194,48,53,137,54,233,11,19,169,172,112,141,129,199,50,222,44,209,44,237,72,253,184,25,76,40,113,67,120,,,340,137,,263,91,15,93,20,80,82,28,115,59,87,115,125,140,151,35,83,137,142,121,148,40,85,106,,191,,154,100,334,334,339,150,349,338,241,147,304,4,147,347,345,206,344,231,348,353,106,124,92,57,24,276,334,209,361,222,359,237,274,74,17,78,60,119,21,119,28,,,18,129,,11,91,354,117,98,96,184,185,214,263,238,37,161,258,259,257,244,310,230,328,313,105,58,33,44,,84,,50,b'\x11\xe8\xe1I\xc8\x04\xf4\xd8\xaf\x82\x12\xdf\x17\xaeN\x1e'
11E8E149-C804-F4D8-AF82-12DF17AE4E1E,2026-ncaa-d1-conf-Atlantic 10,genius_ncaa,1,1,1,1,1,2,6,8,4,3,6,3,7,7,7,11,1,1,6,1,1,4,5,5,2,2,5,11,2,2,1,7,12,1,4,10,12,2,3,7,2,5,7,10,,,13,13,,8,2,8,7,1,2,6,8,3,6,7,7,1,1,1,4,5,2,7,1,10,2,2,7,,13,,8,2,5,1,5,1,2,12,1,2,2,7,2,13,13,6,13,13,9,12,1,2,3,12,2,14,14,12,1,1,7,4,1,1,3,6,1,2,2,1,1,,,1,1,,5,2,10,1,3,2,5,1,5,2,12,2,2,13,13,13,9,12,14,1,7,1,3,2,1,,1,,5,b'\x11\xe8\xe1I\xc8\x04\xf4\xd8\xaf\x82\x12\xdf\x17\xaeN\x1e'
11E8E149-C804-F4D8-AF82-12DF17AE4E1E,2026-ncaa-d1-natl,genius_ncaa,110,195,13,183,14,50,56,16,210,79,28,262,54,59,100,190,73,75,132,79,230,19,34,200,204,131,128,125,183,75,258,59,231,57,278,101,270,141,33,98,58,149,82,142,,,319,154,,246,128,26,104,16,106,108,39,144,71,100,126,129,148,159,50,111,165,167,153,186,47,114,118,,206,,160,142,322,325,328,190,343,329,277,108,280,3,145,337,331,213,333,241,339,345,142,156,131,49,23,276,324,231,356,258,353,278,255,78,33,110,88,87,28,91,30,,,25,115,,12,128,346,141,145,132,217,220,226,294,251,39,155,271,271,269,259,313,244,341,327,127,81,36,42,,91,,43,b'\x11\xe8\xe1I\xc8\x04\xf4\xd8\xaf\x82\x12\xdf\x17\xaeN\x1e'
11E8E149-C809-312E-AF82-12DF17AE4E1E,2010-ncaa-d0-natl,ncaa,309,303,288,315,303,314,297,282,293,253,221,286,294,280,303,225,329,336,196,337,342,302,319,301,310,288,285,240,277,298,285,258,75,290,223,291,238,49,185,231,281,220,208,176,,,18,62,,,304,317,255,172,313,274,190,221,141,279,258,320,329,330,258,267,271,166,232,274,141,247,180,,50,,,304,78,137,61,302,166,78,311,108,95,175,184,34,62,32,57,122,48,20,296,255,312,62,152,60,23,75,128,285,60,223,270,312,332,296,334,223,300,116,159,,,344,345,,,304,33,300,285,311,216,271,164,277,173,170,171,88,119,114,144,68,51,268,199,324,313,274,170,,343,,,b'\x11\xe8\xe1I\xc8\t1.\xaf\x82\x12\xdf\x17\xaeN\x1e'
11E8E149-C809-312E-AF82-12DF17AE4E1E,2010-ncaa-d1-conf-Atlantic 10,ncaa,11,11,9,11,10,11,11,9,12,10,9,12,13,11,14,11,9,9,7,9,11,10,9,14,13,13,12,10,6,8,9,7,3,7,5,13,13,6,8,13,12,13,8,8,,,3,5,,,11,10,10,8,11,12,9,10,9,13,10,8,9,9,9,10,9,5,7,12,7,14,8,,5,,,11,5,9,7,9,11,5,13,5,10,2,11,6,7,2,7,9,6,6,9,7,12,2,5,6,2,3,8,9,7,5,13,13,13,13,13,12,12,10,9,,,10,9,,,11,5,11,10,11,10,11,9,12,9,5,11,7,10,9,8,5,4,11,6,13,13,12,11,,12,,,b'\x11\xe8\xe1I\xc8\t1.\xaf\x82\x12\xdf\x17\xaeN\x1e'
11E8E149-C809-312E-AF82-12DF17AE4E1E,2010-ncaa-d1-natl,ncaa,318,302,323,318,333,325,313,302,298,273,237,288,301,287,305,224,334,340,196,342,342,318,334,303,310,291,284,237,272,312,289,280,75,308,231,306,243,40,186,236,290,225,218,180,,,9,66,,,311,335,255,168,315,279,192,225,143,280,258,321,329,331,258,268,273,169,235,282,141,249,179,,50,,,316,62,119,41,302,153,60,313,102,88,177,182,32,56,33,52,123,26,6,300,262,316,62,150,61,16,75,112,289,41,231,264,311,338,297,335,216,301,112,163,,,344,345,,,311,12,304,295,317,224,279,165,281,176,171,170,90,121,115,146,67,53,269,202,324,313,274,174,,343,,,b'\x11\xe8\xe1I\xc8\t1.\xaf\x82\x12\xdf\x17\xaeN\x1e'
11E8E149-C809-312E-AF82-12DF17AE4E1E,2011-ncaa-d0-natl,ncaa,282,279,242,286,251,293,281,273,268,263,234,265,245,233,259,170,300,306,217,301,288,286,304,275,281,255,210,164,232,244,224,227,184,247,213,259,183,41,148,202,318,301,85,44,,,97,234,,,258,309,319,45,296,280,240,251,209,226,202,306,297,296,271,304,219,162,200,260,81,314,58,,159,,,256,59,47,71,96,18,30,67,261,220,281,297,108,128,105,127,246,69,35,155,140,218,329,328,183,134,184,115,224,109,213,167,309,325,313,320,117,224,38,67,,,315,270,,,258,27,253,254,271,128,102,137,42,44,300,274,147,170,177,139,44,199,196,198,221,326,166,52,,314,,,b'\x11\xe8\xe1I\xc8\t1.\xaf\x82\x12\xdf\x17\xaeN\x1e'
11E8E149-C809-312E-AF82-12DF17AE4E1E,2011-ncaa-d1-conf-Atlantic 10,ncaa,11,11,7,11,9,11,11,10,11,9,9,10,11,9,11,7,14,14,9,13,14,12,12,11,11,11,8,7,13,11,12,8,7,9,7,12,11,4,9,12,13,12,6,4,,,3,5,,,11,11,12,6,12,11,9,10,9,10,9,14,14,13,11,12,12,7,8,11,6,13,5,,3,,,11,7,2,6,5,1,1,3,14,12,11,14,8,6,10,6,11,6,4,9,9,9,14,14,9,5,7,8,12,8,7,9,12,14,13,13,9,12,1,2,,,14,14,,,11,4,12,9,11,9,5,6,1,2,14,13,9,10,9,5,3,8,10,10,10,14,10,1,,14,,,b'\x11\xe8\xe1I\xc8\t1.\xaf\x82\x12\xdf\x17\xaeN\x1e'
11E8E149-C809-312E-AF82-12DF17AE4E1E,2011-ncaa-d1-natl,ncaa,289,277,279,291,284,307,291,298,274,283,265,272,248,241,259,168,311,315,212,311,290,309,320,276,283,254,209,163,227,262,227,248,186,263,216,273,184,27,154,205,328,307,91,45,,,77,234,,,262,327,320,44,300,283,244,258,212,227,200,306,299,298,274,305,223,167,206,264,82,319,58,,161,,,262,41,34,53,98,11,21,72,254,208,283,295,100,116,105,117,246,51,16,160,142,224,330,326,182,116,186,88,227,81,216,157,309,334,315,322,102,227,35,67,,,325,271,,,262,13,254,262,274,133,105,140,45,45,301,273,149,170,177,143,42,199,198,200,228,328,167,53,,314,,,b'\x11\xe8\xe1I\xc8\t1.\xaf\x82\x12\xdf\x17\xaeN\x1e'
11E8E149-C809-312E-AF82-12DF17AE4E1E,2012-ncaa-d0-natl,ncaa,238,228,240,242,275,261,225,242,192,194,195,218,237,252,165,221,294,314,102,314,324,269,311,215,226,164,258,201,266,272,262,304,302,311,308,221,168,11,56,78,87,39,289,260,,,26,57,,,186,306,294,219,235,189,184,149,143,218,235,287,309,307,235,300,261,293,306,187,27,53,280,,46,,,185,54,69,67,166,28,34,123,293,248,307,313,21,26,94,26,88,43,55,214,190,154,301,329,40,198,302,118,262,155,308,273,338,189,99,258,24,79,76,81,,,330,318,,,186,40,178,203,182,125,142,121,54,42,321,287,39,43,43,89,108,261,197,244,299,134,50,93,,330,,,b'\x11\xe8\xe1I\xc8\t1.\xaf\x82\x12\xdf\x17\xaeN\x1e'
11E8E149-C809-312E-AF82-12DF17AE4E1E,2012-ncaa-d1-conf-Atlantic 10,ncaa,11,10,8,11,12,11,11,10,11,10,9,10,11,10,12,8,11,12,1,12,13,10,12,12,10,8,9,10,9,11,11,13,14,12,14,11,11,1,4,7,4,3,10,8,,,1,1,,,10,12,12,9,12,11,9,9,9,11,8,10,12,12,10,13,11,13,14,10,3,3,10,,1,,,10,6,4,5,9,2,2,6,14,14,14,14,1,1,10,1,3,3,6,12,10,8,14,14,1,13,14,9,11,12,14,14,14,5,5,10,2,6,4,6,,,12,12,,,10,4,9,12,10,9,6,6,2,3,14,13,1,1,1,5,10,14,13,14,14,5,4,7,,12,,,b'\x11\xe8\xe1I\xc8\t1.\xaf\x82\x12\xdf\x17\xaeN\x1e'
11E8E149-C809-312E-AF82-12DF17AE4E1E,2012-ncaa-d1-natl,ncaa,254,227,286,254,311,276,248,265,199,219,222,226,247,264,172,215,306,316,102,316,323,293,326,225,230,168,252,201,265,295,267,320,306,324,314,242,172,6,58,81,97,41,297,259,,,22,57,,,199,326,296,212,246,199,189,155,147,220,235,290,310,308,240,302,264,293,308,200,27,57,284,,48,,,199,41,56,44,173,20,21,131,286,233,313,311,16,22,97,20,89,27,29,217,195,165,300,327,41,179,306,99,267,135,314,269,338,217,106,260,19,79,66,85,,,333,317,,,199,19,184,212,199,129,147,124,59,43,322,288,41,43,43,94,107,262,198,249,301,144,50,98,,330,,,b'\x11\xe8\xe1I\xc8\t1.\xaf\x82\x12\xdf\x17\xaeN\x1e'
11E8E149-C809-312E-AF82-12DF17AE4E1E,2013-ncaa-d0-natl,ncaa,177,166,183,180,203,226,181,182,179,124,74,231,289,315,128,315,269,222,299,228,314,194,174,229,254,261,316,282,240,102,72,204,225,156,130,166,148,229,236,195,88,66,106,99,,,234,270,,,177,204,183,112,231,161,150,91,36,288,318,268,215,223,169,137,75,197,125,150,249,64,93,,270,,,177,94,65,107,90,120,192,89,42,51,80,53,277,270,223,267,251,139,157,67,99,81,152,47,313,199,225,102,72,136,130,77,140,146,110,82,205,216,261,195,,,242,264,,,177,147,235,108,175,132,96,118,150,222,49,60,283,278,278,172,200,230,130,172,102,116,222,273,,237,,,b'\x11\xe8\xe1I\xc8\t1.\xaf\x82\x12\xdf\x17\xaeN\x1e'
11E8E149-C809-312E-AF82-12DF17AE4E1E,2013-ncaa-d1-conf-Atlantic 10,ncaa,6,7,4,7,5,4,4,6,6,4,1,8,12,14,4,14,4,4,11,4,12,5,4,8,7,8,14,13,9,2,2,2,6,2,2,7,11,13,10,10,4,4,10,10,,,16,15,,,8,4,4,3,4,5,5,3,2,13,14,7,5,5,4,2,2,2,1,8,13,4,10,,15,,,8,16,14,13,8,9,11,7,12,13,11,11,15,15,12,16,14,15,14,8,10,11,13,9,13,14,6,6,2,9,2,10,5,10,13,10,12,11,11,7,,,7,13,,,8,13,5,10,8,14,11,15,11,9,12,13,15,14,15,15,13,10,5,8,7,10,13,12,,8,,,b'\x11\xe8\xe1I\xc8\t1.\xaf\x82\x12\xdf\x17\xaeN\x1e'
11E8E149-C809-312E-AF82-12DF17AE4E1E,2013-ncaa-d1-natl,ncaa,186,165,210,186,231,246,197,206,185,133,88,236,291,318,127,315,274,235,298,240,314,216,200,233,261,264,315,282,237,113,75,224,228,175,135,180,149,219,240,201,105,72,109,100,,,222,273,,,182,237,187,99,239,168,159,94,39,288,318,266,214,222,173,144,79,202,128,155,249,70,92,,270,,,182,73,51,77,95,106,170,94,37,43,85,52,271,262,225,256,254,108,127,71,105,90,151,48,313,190,228,77,75,107,135,69,141,160,114,86,195,219,258,200,,,254,260,,,182,115,238,113,181,134,99,121,156,222,51,61,290,281,281,172,198,231,132,176,109,122,223,275,,234,,,b'\x11\xe8\xe1I\xc8\t1.\xaf\x82\x12\xdf\x17\xaeN\x1e'
11E8E149-C809-312E-AF82-12DF17AE4E1E,2014-ncaa-d0-natl,ncaa,61,72,53,74,70,39,23,19,101,14,10,123,207,201,203,292,105,83,257,82,296,22,18,159,180,156,318,294,252,5,23,47,122,21,45,37,157,272,94,86,56,94,78,131,,,279,134,,,76,29,29,214,41,23,17,13,8,237,236,147,115,116,17,14,7,68,12,41,206,78,99,,205,,,77,304,321,313,169,330,329,163,162,168,135,82,202,222,104,229,93,313,317,146,129,115,53,97,129,265,122,269,23,275,45,258,125,63,124,118,231,96,205,47,,,70,281,,,76,323,90,102,83,226,265,298,284,318,114,111,147,167,172,287,300,191,183,190,195,88,174,162,,129,,,b'\x11\xe8\xe1I\xc8\t1.\xaf\x82\x12\xdf\x17\xaeN\x1e'
11E8E149-C809-312E-AF82-12DF17AE4E1E,2014-ncaa-d1-conf-Atlantic 10,ncaa,3,3,3,3,4,2,2,2,4,2,1,5,5,7,5,10,5,4,10,4,9,2,2,5,5,5,11,10,12,1,1,3,3,1,1,3,8,12,8,6,4,4,2,4,,,8,6,,,5,2,3,6,2,1,1,1,1,5,7,5,4,4,1,1,1,2,1,2,12,3,2,,9,,,5,10,10,11,9,10,10,7,10,11,10,8,6,7,2,7,6,10,11,10,10,10,6,9,3,8,3,2,1,3,1,9,7,4,6,9,11,7,6,2,,,4,12,,,5,12,3,8,4,11,11,11,11,10,9,12,6,7,7,10,11,5,3,3,10,4,10,6,,3,,,b'\x11\xe8\xe1I\xc8\t1.\xaf\x82\x12\xdf\x17\xaeN\x1e'
11E8E149-C809-312E-AF82-12DF17AE4E1E,2014-ncaa-d1-natl,ncaa,52,72,33,74,45,24,18,13,93,14,7,123,208,193,215,293,71,61,243,61,294,12,13,157,176,147,324,300,249,4,21,34,114,12,38,26,160,281,87,77,45,82,71,127,,,277,107,,,68,19,23,232,36,20,13,8,4,246,245,130,100,100,14,12,7,63,11,37,210,69,96,,181,,,71,319,328,324,168,332,338,163,155,182,112,80,202,223,102,232,87,323,329,142,123,100,46,79,122,267,114,282,21,292,38,272,130,47,107,107,262,107,205,40,,,58,284,,,68,333,83,87,74,229,265,300,288,319,101,106,145,161,169,288,306,186,184,188,205,74,195,151,,117,,,b'\x11\xe8\xe1I\xc8\t1.\xaf\x82\x12\xdf\x17\xaeN\x1e'
11E8E149-C809-312E-AF82-12DF17AE4E1E,2015-ncaa-d0-natl,ncaa,17,7,79,11,92,49,28,33,62,14,8,92,260,276,176,330,137,126,204,125,331,35,25,124,147,150,334,316,299,5,5,20,1,10,1,25,91,321,171,85,53,55,94,110,,,221,137,,,19,40,21,197,31,13,12,6,4,284,298,176,165,165,15,9,3,8,1,15,274,55,107,,152,,,19,108,93,217,23,105,238,24,124,164,64,142,233,246,99,241,211,234,271,24,34,18,210,137,270,24,1,128,5,58,1,33,38,67,72,19,329,228,276,100,,,97,299,,,19,300,79,6,24,56,41,131,56,168,88,129,196,213,203,133,222,10,68,22,31,66,304,253,,138,,,b'\x11\xe8\xe1I\xc8\t1.\xaf\x82\x12\xdf\x17\xaeN\x1e'
11E8E149-C809-312E-AF82-12DF17AE4E1E,2015-ncaa-d1-conf-Atlantic 10,ncaa,1,1,1,1,2,2,1,1,2,1,1,2,12,13,6,14,7,8,10,8,13,1,1,2,3,2,14,14,13,1,1,1,1,1,1,1,7,13,4,2,1,1,3,4,,,3,1,,,2,1,1,10,2,1,1,1,1,13,13,7,9,9,1,1,1,1,1,1,11,1,4,,1,,,2,8,5,13,1,3,10,1,8,12,6,9,8,8,8,8,7,13,13,2,2,1,11,11,8,5,1,5,1,5,1,1,1,1,3,1,12,9,12,7,,,7,12,,,2,14,2,1,2,3,1,11,1,6,8,9,5,5,5,10,12,2,3,1,1,2,11,12,,9,,,b'\x11\xe8\xe1I\xc8\t1.\xaf\x82\x12\xdf\x17\xaeN\x1e'
11E8E149-C809-312E-AF82-12DF17AE4E1E,2015-ncaa-d1-natl,ncaa,12,7,55,9,71,41,19,23,62,10,6,96,251,272,185,325,125,116,202,111,324,28,19,123,147,150,331,314,287,3,6,14,1,6,1,16,82,321,166,81,43,51,95,119,,,234,137,,,18,28,22,211,32,13,12,6,4,280,292,156,146,145,15,9,3,6,1,14,274,48,112,,158,,,15,107,91,243,23,114,258,24,107,165,56,121,239,250,82,246,207,252,289,19,26,15,193,122,271,26,1,140,6,81,1,33,41,47,73,17,331,220,283,107,,,81,294,,,18,316,81,4,23,53,42,132,64,181,75,113,191,217,210,138,235,10,72,28,28,63,300,257,,127,,,b'\x11\xe8\xe1I\xc8\t1.\xaf\x82\x12\xdf\x17\xaeN\x1e'
11E8E149-C809-312E-AF82-12DF17AE4E1E,2015-ncaa-d1-ncaatournament,ncaa,33,2,33,33,33,38,49,34,58,46,33,58,48,50,45,45,31,31,55,31,12,33,33,58,57,54,19,42,3,20,1,44,25,34,8,41,14,27,37,45,35,8,30,5,,,30,62,,,48,35,7,4,25,44,2,40,1,34,26,4,3,3,1,1,1,39,2,29,55,5,16,,61,,,49,25,5,6,25,1,4,8,34,26,58,43,44,35,59,35,62,17,20,40,56,46,64,52,64,12,25,15,1,16,8,13,59,38,15,25,27,35,30,45,,,30,15,,,48,25,49,46,54,53,11,10,2,6,54,40,63,59,59,31,40,18,41,37,37,13,53,54,,2,,,b'\x11\xe8\xe1I\xc8\t1.\xaf\x82\x12\xdf\x17\xaeN\x1e'
11E8E149-C809-312E-AF82-12DF17AE4E1E,2016-ncaa-d0-natl,ncaa,23,23,38,25,39,45,30,18,111,16,3,166,237,252,190,327,102,79,211,73,307,18,13,183,201,183,334,318,242,4,3,7,5,3,5,24,96,320,144,100,163,237,19,40,,,169,60,,,35,26,48,39,53,30,12,11,5,279,299,140,130,124,14,7,2,5,1,27,256,217,24,,96,,,41,232,269,313,63,288,325,57,169,210,91,105,107,162,21,166,57,310,311,50,32,60,74,146,72,92,5,203,3,151,5,242,176,118,219,189,329,193,291,96,,,65,275,,,35,325,106,38,50,122,179,291,209,303,121,154,61,106,110,247,258,40,90,50,170,197,281,259,,113,,,b'\x11\xe8\xe1I\xc8\t1.\xaf\x82\x12\xdf\x17\xaeN\x1e'
11E8E149-C809-312E-AF82-12DF17AE4E1E,2016-ncaa-d1-conf-Atlantic 10,ncaa,1,1,1,1,2,1,1,1,3,1,1,4,8,7,6,11,7,6,9,5,13,1,1,4,5,4,13,11,13,1,1,1,1,1,1,1,7,14,8,3,2,6,2,2,,,8,2,,,1,1,1,3,1,1,1,1,1,9,9,8,8,8,1,1,1,1,1,1,14,6,2,,5,,,1,8,12,14,3,13,14,3,4,6,2,5,7,8,4,8,4,14,14,1,1,1,3,4,6,7,1,7,1,6,1,7,5,2,6,5,14,9,13,6,,,5,13,,,1,14,2,1,1,5,6,13,9,13,3,5,5,5,5,11,11,5,2,2,7,3,13,11,,6,,,b'\x11\xe8\xe1I\xc8\t1.\xaf\x82\x12\xdf\x17\xaeN\x1e'
11E8E149-C809-312E-AF82-12DF17AE4E1E,2016-ncaa-d1-natl,ncaa,25,23,51,26,53,57,32,21,121,18,3,181,255,270,192,326,118,91,211,89,308,23,15,192,208,192,331,318,239,4,3,10,5,4,5,28,98,314,148,103,190,250,25,39,,,141,64,,,45,35,47,35,57,30,12,12,5,277,298,143,132,127,15,7,2,7,1,29,256,227,25,,97,,,48,213,250,305,76,274,318,62,157,192,97,98,94,145,23,150,59,301,298,56,36,71,71,143,73,76,5,177,3,115,5,228,177,151,226,199,321,194,287,101,,,81,273,,,45,314,116,42,56,134,190,292,217,304,124,154,62,109,111,255,255,38,94,52,176,201,284,263,,116,,,b'\x11\xe8\xe1I\xc8\t1.\xaf\x82\x12\xdf\x17\xaeN\x1e'
11E8E149-C809-312E-AF82-12DF17AE4E1E,2016-ncaa-d1-ncaatournament,ncaa,33,2,33,33,33,55,58,50,60,48,39,56,64,63,64,61,28,33,14,32,6,44,38,61,59,58,41,64,2,30,2,33,5,33,1,42,2,26,55,53,53,53,17,1,,,21,54,,,27,41,22,1,55,58,42,45,13,64,60,2,4,3,22,6,2,2,1,35,57,51,1,,44,,,30,2,2,7,20,3,4,23,11,16,8,30,6,20,1,17,50,9,10,15,10,8,19,24,30,6,5,6,2,3,1,23,64,48,27,44,14,25,42,59,,,34,8,,,27,12,58,2,33,4,10,9,19,12,14,22,14,44,41,15,16,6,22,10,52,31,29,62,,3,,,b'\x11\xe8\xe1I\xc8\t1.\xaf\x82\x12\xdf\x17\xaeN\x1e'
11E8E149-C809-312E-AF82-12DF17AE4E1E,2017-ncaa-d0-natl,ncaa,93,64,168,75,169,162,148,128,200,140,135,168,182,151,246,164,194,173,256,163,199,134,160,207,224,189,214,184,233,39,26,110,69,66,32,66,25,104,91,64,114,85,28,13,,,113,156,,,50,215,263,8,147,129,70,128,120,175,135,195,159,148,84,109,22,60,16,38,125,102,24,,136,,,46,23,13,107,15,28,135,16,53,106,35,153,155,168,159,162,180,105,124,12,17,15,225,143,273,83,69,104,26,79,32,54,207,170,139,82,128,116,144,127,,,150,162,,,50,132,127,19,46,24,15,96,36,132,60,118,167,175,174,93,107,109,126,106,67,153,143,164,,117,,,b'\x11\xe8\xe1I\xc8\t1.\xaf\x82\x12\xdf\x17\xaeN\x1e'
11E8E149-C809-312E-AF82-12DF17AE4E1E,2017-ncaa-d1-conf-Atlantic 10,ncaa,4,2,8,2,8,5,6,7,6,7,8,2,6,4,11,4,10,7,9,7,5,7,7,6,6,6,9,7,10,4,2,7,4,6,2,3,2,4,3,2,1,1,4,2,,,5,6,,,2,8,6,1,3,3,3,5,7,6,2,8,5,4,1,2,1,4,2,2,6,1,3,,8,,,1,1,1,1,2,1,5,2,4,4,7,5,5,5,2,5,10,2,4,3,2,1,9,5,12,2,4,3,2,2,2,2,7,1,1,2,4,6,8,8,,,4,4,,,2,7,3,1,1,1,1,2,1,6,5,4,5,8,7,3,7,4,5,4,2,1,7,9,,2,,,b'\x11\xe8\xe1I\xc8\t1.\xaf\x82\x12\xdf\x17\xaeN\x1e'
11E8E149-C809-312E-AF82-12DF17AE4E1E,2017-ncaa-d1-natl,ncaa,104,64,217,80,218,195,181,160,207,173,172,183,191,167,253,164,223,206,255,194,204,170,203,213,235,201,210,183,230,47,30,137,71,85,33,78,25,76,95,68,138,95,33,14,,,83,159,,,65,271,269,7,155,140,76,140,128,174,137,201,167,158,90,116,22,64,19,40,125,110,25,,137,,,59,7,8,61,16,22,99,17,42,78,37,143,140,143,169,137,176,55,64,14,17,20,219,138,274,63,71,76,30,52,33,43,212,194,145,95,110,120,127,131,,,182,156,,,65,75,134,21,56,26,18,95,43,135,56,117,175,179,178,96,106,112,129,110,73,160,144,167,,118,,,b'\x11\xe8\xe1I\xc8\t1.\xaf\x82\x12\xdf\x17\xaeN\x1e'
11E8E149-C809-312E-AF82-12DF17AE4E1E,2018-ncaa-d0-natl,ncaa,99,129,43,123,53,171,174,128,251,194,156,252,116,107,171,119,191,259,21,254,272,150,219,231,221,119,111,112,194,282,314,240,237,273,322,127,77,8,20,34,105,83,144,143,,,53,52,,,143,185,342,151,269,277,249,277,252,159,154,261,306,304,282,343,320,329,342,171,4,138,190,,21,,,146,124,158,144,194,175,150,221,135,139,136,185,89,53,320,48,70,113,163,182,194,120,106,165,107,177,237,298,314,284,322,140,139,92,68,81,8,17,99,96,,,175,117,,,143,160,162,129,147,46,56,22,80,38,81,79,43,26,25,13,15,101,230,190,83,142,7,61,,258,,,b'\x11\xe8\xe1I\xc8\t1.\xaf\x82\x12\xdf\x17\xaeN\x1e'
11E8E149-C809-312E-AF82-12DF17AE4E1E,2018-ncaa-d1-conf-Atlantic 10,ncaa,2,4,1,4,1,5,5,4,9,5,6,8,6,6,11,6,4,6,4,6,9,6,7,9,8,5,7,8,6,12,12,8,8,10,12,6,7,2,2,2,2,2,4,2,,,1,1,,,5,4,14,8,13,13,14,13,12,10,9,9,12,12,13,14,13,14,14,9,1,3,5,,1,,,5,3,5,5,6,8,7,8,4,6,1,8,3,3,9,3,4,4,9,6,6,1,3,6,3,7,8,12,12,12,12,2,3,2,2,1,1,2,3,3,,,2,3,,,5,10,7,1,5,1,1,1,1,1,3,5,1,1,1,1,2,4,9,7,2,3,1,1,,10,,,b'\x11\xe8\xe1I\xc8\t1.\xaf\x82\x12\xdf\x17\xaeN\x1e'
11E8E149-C809-312E-AF82-12DF17AE4E1E,2018-ncaa-d1-natl,ncaa,106,129,53,130,67,207,206,158,263,227,193,268,128,120,175,118,221,275,22,270,270,186,274,238,231,127,107,114,189,303,318,275,242,304,328,144,78,3,22,37,122,95,162,148,,,35,54,,,163,240,342,147,281,285,258,286,256,166,156,262,310,305,291,345,322,335,344,182,4,149,195,,21,,,164,94,131,98,212,155,114,233,118,113,140,179,73,42,322,41,72,68,106,193,206,131,98,162,104,147,242,288,318,267,328,118,142,112,73,90,7,17,84,101,,,212,113,,,163,106,172,142,165,50,63,22,91,39,82,77,43,26,25,14,15,103,236,191,88,150,7,65,,259,,,b'\x11\xe8\xe1I\xc8\t1.\xaf\x82\x12\xdf\x17\xaeN\x1e'
11E8E149-C809-312E-AF82-12DF17AE4E1E,2018-ncaa-d1-ncaatournament,ncaa,33,2,33,33,34,61,57,37,60,54,40,60,47,41,52,18,59,61,44,60,61,42,48,60,60,60,38,21,56,45,51,59,56,58,60,54,52,6,22,48,31,9,57,58,,,6,24,,,59,48,36,7,61,57,11,51,24,38,19,59,61,60,29,38,34,59,57,54,18,7,57,,22,,,59,21,23,12,59,24,18,61,9,9,34,16,18,16,37,15,39,10,15,56,59,56,16,17,32,18,56,30,51,28,60,25,45,43,26,45,14,37,36,52,,,60,59,,,59,11,59,58,62,52,53,23,54,40,20,15,43,41,40,27,36,43,62,60,54,23,35,58,,60,,,b'\x11\xe8\xe1I\xc8\t1.\xaf\x82\x12\xdf\x17\xaeN\x1e'
11E8E149-C809-312E-AF82-12DF17AE4E1E,2019-ncaa-d0-natl,ncaa,253,269,173,262,229,326,327,300,331,338,289,340,191,206,147,132,332,312,326,315,250,312,321,309,322,309,77,61,265,328,338,159,60,266,272,230,27,64,199,170,322,298,226,195,,,14,51,,,260,305,333,272,347,344,331,346,293,186,206,339,318,318,339,344,332,121,281,240,100,323,227,,19,,,259,24,62,107,83,63,55,171,110,234,20,306,8,7,128,9,50,58,38,77,53,91,122,253,34,43,60,284,338,189,272,123,230,312,260,256,117,237,206,272,,,264,112,,,260,45,331,83,265,30,67,96,68,44,116,258,13,17,19,44,12,53,308,222,127,313,141,214,,272,,,b'\x11\xe8\xe1I\xc8\t1.\xaf\x82\x12\xdf\x17\xaeN\x1e'
11E8E149-C809-312E-AF82-12DF17AE4E1E,2019-ncaa-d1-conf-Atlantic 10,ncaa,10,8,9,10,11,14,14,14,12,13,12,13,8,12,4,8,12,11,11,12,12,14,14,12,11,10,5,4,11,14,14,8,4,12,10,7,1,3,11,3,14,13,7,7,,,2,4,,,10,14,11,10,14,14,13,12,12,8,11,12,11,11,14,13,14,5,12,5,6,14,7,,2,,,10,2,2,1,4,2,5,5,4,4,4,8,3,4,3,4,6,3,1,4,5,5,3,6,6,3,4,8,14,5,10,3,9,14,13,12,7,10,6,6,,,12,7,,,10,1,12,5,10,3,4,5,5,6,5,7,3,4,6,6,3,4,10,9,5,13,9,6,,11,,,b'\x11\xe8\xe1I\xc8\t1.\xaf\x82\x12\xdf\x17\xaeN\x1e'
11E8E149-C809-312E-AF82-12DF17AE4E1E,2019-ncaa-d1-natl,ncaa,266,266,233,268,292,346,343,334,332,347,310,343,211,229,149,133,339,324,326,326,248,337,341,313,325,312,75,60,261,338,343,204,60,305,283,263,27,46,202,178,331,309,241,200,,,6,50,,,268,338,334,272,349,346,333,346,298,190,208,342,320,320,341,344,335,135,296,253,103,325,230,,20,,,268,12,34,61,89,46,26,182,92,212,21,307,7,5,133,8,49,19,9,84,56,109,116,250,36,33,60,256,343,149,283,92,232,325,268,268,92,245,195,280,,,286,113,,,268,13,332,103,272,33,78,95,76,45,118,255,14,18,21,46,12,52,311,232,137,320,146,222,,272,,,b'\x11\xe8\xe1I\xc8\t1.\xaf\x82\x12\xdf\x17\xaeN\x1e'
11E8E149-C809-312E-AF82-12DF17AE4E1E,2020-ncaa-d0-natl,ncaa,182,195,87,189,169,288,250,296,142,222,254,160,235,249,150,183,328,314,293,316,293,311,304,158,200,230,252,171,308,272,241,247,181,276,201,206,133,173,252,196,283,258,255,220,,,23,43,,,233,306,345,273,326,284,342,251,280,241,267,332,324,325,346,346,287,286,322,232,151,293,264,,16,,,234,85,102,72,165,30,32,144,304,274,307,331,31,42,55,42,149,62,53,238,191,189,320,341,43,123,181,87,241,85,201,211,294,211,151,233,250,304,203,235,,,290,205,,,233,52,246,193,235,61,71,34,23,11,296,259,27,36,39,22,11,107,68,57,203,228,237,191,,307,,,b'\x11\xe8\xe1I\xc8\t1.\xaf\x82\x12\xdf\x17\xaeN\x1e'
11E8E149-C809-312E-AF82-12DF17AE4E1E,2020-ncaa-d1-conf-Atlantic 10,ncaa,8,7,9,8,12,13,11,14,3,10,13,2,11,11,10,9,12,11,10,11,10,14,14,4,6,8,12,10,10,12,10,13,10,13,12,6,2,4,8,5,11,7,12,11,,,1,1,,,8,14,14,8,13,11,13,7,12,11,10,11,10,11,14,14,11,13,13,4,5,11,12,,1,,,8,1,2,2,9,1,1,9,14,11,13,14,1,2,3,2,7,1,1,10,10,10,13,14,2,4,10,1,10,2,12,6,11,10,6,6,7,11,3,4,,,13,8,,,8,1,8,9,8,4,5,2,1,1,14,13,1,2,2,1,1,7,2,3,6,8,10,4,,11,,,b'\x11\xe8\xe1I\xc8\t1.\xaf\x82\x12\xdf\x17\xaeN\x1e'
11E8E149-C809-312E-AF82-12DF17AE4E1E,2020-ncaa-d1-natl,ncaa,199,195,128,201,234,314,288,329,154,264,276,170,247,261,155,184,335,322,290,324,291,331,334,173,210,234,245,172,307,297,244,284,188,309,213,243,135,146,258,201,299,268,266,222,,,18,46,,,253,331,345,273,333,298,344,263,281,245,272,332,323,325,346,348,293,292,325,247,151,297,266,,16,,,252,63,78,49,174,25,18,156,297,256,310,329,27,38,59,38,149,34,28,249,203,205,319,341,43,107,188,67,244,60,213,196,293,237,159,245,237,307,192,245,,,307,201,,,253,25,254,214,250,64,78,38,26,11,299,259,26,38,40,21,10,111,68,60,208,240,238,191,,305,,,b'\x11\xe8\xe1I\xc8\t1.\xaf\x82\x12\xdf\x17\xaeN\x1e'
11E8E149-C809-312E-AF82-12DF17AE4E1E,2021-ncaa-d0-natl,ncaa,205,250,157,230,168,233,191,181,239,133,103,236,296,275,330,305,264,251,290,254,321,192,205,274,300,272,337,319,279,144,144,231,212,203,211,142,66,115,135,106,82,36,157,122,,,85,63,,,165,217,330,142,304,245,216,114,68,329,316,313,298,298,246,302,145,294,266,142,83,64,179,,27,,,166,95,98,118,76,83,83,106,213,224,149,323,63,61,240,59,97,96,122,120,96,53,289,316,76,138,212,164,144,150,211,89,117,116,45,50,171,207,192,141,,,211,198,,,165,123,257,65,170,24,31,38,19,9,211,240,22,17,18,11,19,115,158,123,50,95,167,189,,255,,,b'\x11\xe8\xe1I\xc8\t1.\xaf\x82\x12\xdf\x17\xaeN\x1e'
11E8E149-C809-312E-AF82-12DF17AE4E1E,2021-ncaa-d1-conf-Atlantic 10,ncaa,9,10,4,9,5,9,6,5,6,3,2,7,13,12,13,14,11,10,14,10,14,7,7,11,13,13,14,14,13,3,5,11,8,8,8,2,3,8,7,4,2,1,8,6,,,6,4,,,8,7,14,11,13,8,10,4,4,14,14,13,12,12,12,14,8,14,11,6,3,1,7,,2,,,8,6,7,6,5,5,5,6,11,10,10,13,5,6,11,4,5,6,8,5,5,3,12,13,4,7,8,10,5,7,8,8,7,3,1,1,13,13,11,7,,,6,9,,,8,8,13,3,8,1,2,1,1,1,9,9,2,1,1,1,2,5,5,4,4,2,12,11,,11,,,b'\x11\xe8\xe1I\xc8\t1.\xaf\x82\x12\xdf\x17\xaeN\x1e'
11E8E149-C809-312E-AF82-12DF17AE4E1E,2021-ncaa-d1-natl,ncaa,202,250,152,229,160,225,193,175,254,120,93,243,295,264,337,296,270,255,279,258,323,185,197,293,304,279,336,317,277,130,152,216,212,189,211,128,52,125,131,105,82,54,153,128,,,92,67,,,161,210,329,147,310,261,212,122,75,330,311,317,302,302,245,304,150,282,253,135,81,79,182,,30,,,161,99,103,127,54,83,100,78,211,231,127,314,83,68,225,70,113,118,137,86,75,41,295,314,95,160,212,190,152,181,211,91,103,100,53,40,186,206,188,126,,,201,195,,,161,134,270,42,164,21,23,39,16,14,197,237,29,27,26,16,21,130,175,142,37,100,172,167,,256,,,b'\x11\xe8\xe1I\xc8\t1.\xaf\x82\x12\xdf\x17\xaeN\x1e'
11E8E149-C809-312E-AF82-12DF17AE4E1E,2022-ncaa-d0-natl,ncaa,214,245,112,236,147,297,285,179,343,274,162,346,248,214,290,199,323,266,355,259,278,203,219,342,351,340,226,153,290,85,116,183,65,140,114,307,293,137,161,282,190,135,323,322,,,167,261,,,262,255,351,271,349,343,268,325,200,265,230,347,291,282,289,316,88,241,156,343,107,213,336,,133,,,256,60,69,85,152,67,90,148,148,132,217,209,63,124,4,133,217,78,87,165,134,116,205,244,114,46,65,242,116,154,114,54,104,200,127,98,224,254,229,214,,,247,247,,,262,101,326,93,265,21,31,19,35,32,134,96,51,102,101,15,3,24,229,115,42,246,200,213,,302,,,b'\x11\xe8\xe1I\xc8\t1.\xaf\x82\x12\xdf\x17\xaeN\x1e'
11E8E149-C809-312E-AF82-12DF17AE4E1E,2022-ncaa-d1-conf-Atlantic 10,ncaa,10,12,1,11,4,12,12,4,14,9,3,14,10,6,13,7,11,2,14,2,5,3,3,14,14,14,9,8,9,1,2,5,3,3,4,10,9,9,7,12,3,3,14,14,,,13,14,,,12,9,14,9,14,14,8,13,8,11,6,13,5,5,8,8,1,11,5,11,8,5,14,,11,,,11,7,5,5,6,5,5,4,6,3,10,4,9,12,3,12,13,6,6,7,7,5,11,8,12,2,3,13,2,9,4,2,4,5,5,3,12,9,6,6,,,3,7,,,12,7,13,4,12,4,3,1,3,2,4,3,8,9,10,2,2,2,11,5,2,9,10,6,,6,,,b'\x11\xe8\xe1I\xc8\t1.\xaf\x82\x12\xdf\x17\xaeN\x1e'
11E8E149-C809-312E-AF82-12DF17AE4E1E,2022-ncaa-d1-natl,ncaa,219,245,100,241,135,311,298,176,346,279,156,346,251,209,307,203,323,261,355,252,276,192,212,349,353,342,233,174,272,64,101,173,56,112,104,315,296,139,161,292,178,137,326,322,,,158,249,,,257,260,351,271,350,343,261,327,186,272,233,343,284,275,281,311,72,215,121,346,111,206,335,,123,,,256,57,66,81,134,67,90,125,151,135,217,206,52,107,2,114,193,74,73,154,110,104,201,249,106,43,56,263,101,167,104,54,119,206,138,102,230,247,238,215,,,252,250,,,257,97,329,82,256,16,34,22,35,32,130,98,39,88,90,16,4,25,237,119,44,240,206,221,,304,,,b'\x11\xe8\xe1I\xc8\t1.\xaf\x82\x12\xdf\x17\xaeN\x1e'
11E8E149-C809-312E-AF82-12DF17AE4E1E,2023-ncaa-d0-natl,ncaa,135,117,164,132,235,190,188,114,274,285,244,291,45,49,95,44,315,319,215,318,304,144,188,213,242,188,39,13,342,60,63,186,164,125,110,275,326,50,69,193,237,219,288,277,,,153,213,,,163,267,267,360,190,193,65,308,243,34,34,328,330,331,122,183,40,182,75,288,70,233,295,,166,,,162,119,87,110,155,77,70,190,182,216,126,276,190,184,192,167,249,112,107,168,184,184,270,233,225,124,164,185,63,164,110,145,198,208,173,189,59,79,252,300,,,315,342,,,163,111,141,188,156,126,106,96,97,60,199,230,204,200,183,92,82,154,220,191,158,201,78,275,,335,,,b'\x11\xe8\xe1I\xc8\t1.\xaf\x82\x12\xdf\x17\xaeN\x1e'
11E8E149-C809-312E-AF82-12DF17AE4E1E,2023-ncaa-d1-conf-Atlantic 10,ncaa,4,5,4,5,7,8,9,4,12,12,9,13,4,1,9,3,10,9,12,9,11,4,5,11,11,10,4,2,12,2,3,9,10,6,6,10,12,2,2,8,6,6,13,13,,,13,14,,,8,10,11,10,10,10,4,12,9,4,2,12,10,10,4,7,2,11,6,12,2,6,14,,12,,,8,8,7,6,9,9,4,14,6,8,4,9,11,13,2,12,14,6,6,8,9,9,7,6,12,8,10,8,3,9,6,8,7,5,7,8,5,4,13,11,,,10,13,,,8,7,9,9,8,7,5,3,9,2,5,8,10,14,14,5,4,8,9,7,5,7,5,12,,13,,,b'\x11\xe8\xe1I\xc8\t1.\xaf\x82\x12\xdf\x17\xaeN\x1e'
11E8E149-C809-312E-AF82-12DF17AE4E1E,2023-ncaa-d1-natl,ncaa,136,117,151,130,218,194,192,111,263,282,247,287,43,42,89,42,328,327,238,325,318,146,194,203,237,178,39,13,347,48,58,184,164,117,110,275,323,41,57,171,248,230,286,270,,,138,197,,,161,275,285,360,195,196,56,302,248,31,35,333,333,334,118,195,36,179,70,286,54,244,292,,148,,,159,113,85,115,155,78,71,185,195,221,124,279,182,178,184,157,239,111,93,170,185,189,267,242,215,134,164,186,58,167,110,150,202,216,180,203,52,63,257,298,,,325,346,,,161,99,125,187,148,117,104,96,94,63,205,230,187,189,174,89,74,160,208,187,160,215,58,276,,342,,,b'\x11\xe8\xe1I\xc8\t1.\xaf\x82\x12\xdf\x17\xaeN\x1e'
11E8E149-C809-312E-AF82-12DF17AE4E1E,2024-ncaa-d0-natl,ncaa,225,228,196,234,241,282,285,229,316,329,297,325,119,97,181,58,319,310,266,307,236,256,252,274,290,294,47,37,284,104,79,212,71,164,89,304,303,191,249,300,273,246,274,263,,,152,264,,,206,290,310,263,310,312,242,346,302,99,74,327,310,306,268,254,78,195,128,326,218,280,274,,181,,,207,40,38,50,109,47,86,84,63,54,188,103,186,196,121,198,267,55,67,106,130,112,208,131,291,43,71,127,79,73,89,20,44,199,125,49,295,319,260,326,,,311,302,,,206,76,267,84,196,47,39,31,55,84,66,58,198,217,220,37,37,50,167,92,20,182,308,297,,309,,,b'\x11\xe8\xe1I\xc8\t1.\xaf\x82\x12\xdf\x17\xaeN\x1e'
11E8E149-C809-312E-AF82-12DF17AE4E1E,2024-ncaa-d1-conf-Atlantic 10,ncaa,11,11,7,11,10,10,12,9,13,12,11,15,4,4,8,4,9,9,7,8,9,8,8,12,12,12,3,3,7,5,7,8,5,7,8,13,13,7,10,14,10,9,11,11,,,10,10,,,11,11,10,7,12,13,8,13,11,4,4,9,10,9,7,7,5,9,7,14,11,9,10,,10,,,11,6,6,5,9,7,6,9,4,3,9,3,11,11,6,12,13,6,5,9,9,9,8,3,13,4,5,10,7,6,8,5,3,10,11,7,15,15,12,13,,,12,13,,,11,5,11,9,11,9,8,4,11,8,4,3,11,12,12,8,5,4,12,10,7,9,15,12,,13,,,b'\x11\xe8\xe1I\xc8\t1.\xaf\x82\x12\xdf\x17\xaeN\x1e'
11E8E149-C809-312E-AF82-12DF17AE4E1E,2024-ncaa-d1-natl,ncaa,235,230,194,237,238,291,296,246,319,338,312,318,114,93,177,54,308,299,227,298,210,265,262,272,283,290,36,37,260,112,83,197,58,161,76,314,303,203,252,308,290,249,268,258,,,156,270,,,194,303,312,264,302,315,252,346,314,96,72,315,301,300,274,264,85,170,117,332,226,283,271,,183,,,195,30,26,46,99,46,85,77,55,49,189,101,178,203,75,202,268,46,45,83,105,96,207,125,289,35,58,119,83,61,76,18,47,209,131,62,300,323,268,334,,,303,288,,,194,66,255,78,186,47,35,32,51,88,66,56,195,220,220,36,31,44,143,81,20,191,313,293,,303,,,b'\x11\xe8\xe1I\xc8\t1.\xaf\x82\x12\xdf\x17\xaeN\x1e'
11E8E149-C809-312E-AF82-12DF17AE4E1E,2025-ncaa-d0-natl,genius_ncaa,220,227,194,232,216,286,285,296,244,235,208,237,320,310,313,298,167,109,321,106,69,266,236,276,280,306,264,310,46,122,60,106,135,106,44,325,334,285,315,340,335,337,100,64,,,203,277,,264,239,273,289,192,311,314,330,241,191,324,321,138,81,79,299,246,96,56,43,342,291,343,90,,239,,288,234,82,46,154,24,18,77,18,275,282,205,314,182,241,21,233,286,174,120,46,46,124,350,329,261,188,135,49,60,93,44,101,253,314,315,261,253,281,250,277,,,131,38,,121,239,105,281,142,223,100,58,184,16,76,298,311,208,267,260,202,111,215,61,110,122,324,275,284,,73,,114,b'\x11\xe8\xe1I\xc8\t1.\xaf\x82\x12\xdf\x17\xaeN\x1e'
11E8E149-C809-312E-AF82-12DF17AE4E1E,2025-ncaa-d1-conf-Atlantic 10,genius_ncaa,11,12,4,12,5,11,12,12,10,10,8,11,11,14,11,14,6,4,14,4,5,11,8,10,11,11,11,11,2,6,6,3,7,4,5,14,14,12,14,15,15,15,4,4,,,9,9,,13,12,7,10,5,12,13,14,10,7,13,14,8,4,4,11,8,6,1,3,14,11,15,4,,9,,12,12,11,7,12,1,5,6,3,13,14,10,13,11,11,7,11,12,13,10,7,8,12,14,13,11,9,7,5,6,9,5,9,10,14,15,14,12,12,14,12,,,5,3,,9,12,9,12,12,12,10,9,13,4,5,14,13,11,11,11,14,7,10,4,8,8,15,10,13,,3,,9,b'\x11\xe8\xe1I\xc8\t1.\xaf\x82\x12\xdf\x17\xaeN\x1e'
11E8E149-C809-312E-AF82-12DF17AE4E1E,2025-ncaa-d1-natl,genius_ncaa,222,226,172,236,206,283,292,294,251,228,205,239,321,310,318,293,151,97,317,95,72,263,236,285,283,302,260,310,43,93,46,94,128,86,35,330,339,290,309,340,335,338,101,64,,,205,272,,260,231,273,292,195,310,313,323,240,187,325,319,134,75,78,291,239,72,53,34,340,291,338,93,,233,,273,232,83,43,160,21,16,70,18,284,293,204,317,174,234,19,224,283,174,116,51,46,121,353,333,254,191,128,54,46,92,35,102,257,312,306,253,268,291,278,287,,,110,45,,120,231,105,278,141,224,96,51,178,13,70,301,312,192,251,239,194,104,216,51,100,120,317,282,293,,73,,111,b'\x11\xe8\xe1I\xc8\t1.\xaf\x82\x12\xdf\x17\xaeN\x1e'
11E8E149-C809-312E-AF82-12DF17AE4E1E,2026-ncaa-d0-natl,genius_ncaa,123,198,49,171,55,122,115,110,165,104,103,161,160,150,215,226,92,106,113,103,157,105,105,180,171,165,222,233,123,73,81,126,240,101,148,147,224,250,163,186,177,242,42,58,,,294,260,,96,198,123,332,62,204,198,236,163,181,229,240,144,167,163,219,268,113,239,161,214,140,257,53,,205,,53,194,292,262,264,161,277,295,123,214,186,217,75,329,330,229,320,242,279,261,154,187,224,193,105,306,303,240,225,81,259,148,186,77,177,268,179,323,279,136,82,,,71,95,,95,198,245,144,240,192,178,133,128,163,225,97,69,285,276,263,158,87,221,90,133,74,286,270,69,,135,,148,b'\x11\xe8\xe1I\xc8\t1.\xaf\x82\x12\xdf\x17\xaeN\x1e'
11E8E149-C809-312E-AF82-12DF17AE4E1E,2026-ncaa-d1-conf-Atlantic 10,genius_ncaa,1,1,1,1,1,11,9,7,11,8,4,11,5,8,5,10,9,9,8,9,12,8,8,11,11,11,9,6,7,7,8,1,1,1,2,12,13,6,7,12,7,6,3,2,,,4,7,,12,4,10,9,1,11,9,7,8,4,5,8,9,9,9,8,8,7,1,1,12,6,7,3,,4,,12,4,1,1,2,2,2,3,5,2,6,2,10,3,4,2,3,7,1,1,2,1,1,4,8,6,1,1,9,8,3,2,2,6,6,3,2,3,3,9,10,,,3,3,,1,4,4,9,1,4,1,1,2,2,3,2,6,3,4,3,1,1,1,9,3,2,6,3,9,,3,,1,b'\x11\xe8\xe1I\xc8\t1.\xaf\x82\x12\xdf\x17\xaeN\x1e'
11E8E149-C809-312E-AF82-12DF17AE4E1E,2026-ncaa-d1-natl,genius_ncaa,110,195,13,183,18,100,101,86,154,107,92,189,110,127,112,199,102,123,107,117,181,87,80,158,151,161,157,160,164,58,83,116,238,77,154,111,190,275,195,192,196,265,47,74,,,319,280,,152,189,94,335,73,214,202,260,206,209,179,226,174,214,206,255,276,133,263,193,199,167,279,71,,206,,99,192,305,282,285,193,289,313,134,228,190,268,70,337,328,228,323,247,301,288,181,215,244,195,114,295,299,238,228,83,267,154,206,77,162,255,186,318,256,158,105,,,59,110,,68,189,270,146,252,188,172,141,111,167,206,111,64,271,263,255,130,67,203,70,103,75,281,236,95,,157,,120,b'\x11\xe8\xe1I\xc8\t1.\xaf\x82\x12\xdf\x17\xaeN\x1e'
11E8E149-C80D-A146-AF82-12DF17AE4E1E,2010-ncaa-d0-natl,ncaa,30,19,81,25,87,88,101,65,205,145,140,179,64,45,192,68,99,126,81,118,130,70,90,186,174,126,80,82,172,23,21,311,277,179,152,34,14,105,52,25,5,3,198,106,,,289,279,,,45,136,229,67,95,120,60,183,193,67,47,118,153,152,68,129,21,341,251,27,66,3,223,,245,,,43,95,39,42,170,27,3,315,201,288,18,334,260,229,286,229,339,65,196,204,256,35,322,257,302,118,277,149,21,143,152,250,338,6,1,25,151,104,266,255,,,158,265,,,45,219,72,26,39,34,18,5,12,1,182,285,226,192,193,6,109,67,91,68,207,3,117,246,,226,,,b'\x11\xe8\xe1I\xc8\r\xa1F\xaf\x82\x12\xdf\x17\xaeN\x1e'
11E8E149-C80D-A146-AF82-12DF17AE4E1E,2010-ncaa-d1-conf-AAC,ncaa,4,2,10,3,10,8,12,10,13,14,15,12,2,2,7,2,6,10,1,10,3,10,10,11,6,6,2,2,4,2,2,16,16,12,12,5,2,5,5,4,2,1,13,10,,,8,12,,,4,13,11,1,7,9,5,13,14,2,2,5,10,10,6,5,2,16,12,4,8,1,13,,13,,,4,3,2,1,8,1,1,16,10,12,4,16,12,9,15,10,16,1,4,11,14,5,14,14,14,6,16,3,2,1,12,8,15,2,1,4,5,5,7,11,,,10,12,,,4,4,4,5,4,5,4,1,3,1,13,15,13,12,12,1,7,10,3,3,9,1,8,8,,8,,,b'\x11\xe8\xe1I\xc8\r\xa1F\xaf\x82\x12\xdf\x17\xaeN\x1e'
11E8E149-C80D-A146-AF82-12DF17AE4E1E,2010-ncaa-d1-natl,ncaa,25,19,53,23,62,69,84,44,194,129,120,167,59,35,186,69,89,111,75,106,143,51,65,174,158,116,84,84,178,16,19,306,279,155,145,26,15,124,55,25,4,3,182,88,,,292,265,,,37,102,228,77,88,115,61,180,194,67,47,120,160,157,69,129,22,341,247,23,70,3,220,,230,,,37,96,41,47,146,24,2,312,243,317,20,341,249,218,280,219,337,66,238,195,244,30,328,285,291,149,279,162,19,163,145,264,338,4,1,25,178,114,262,239,,,141,272,,,37,245,70,20,34,32,19,6,8,1,205,296,199,171,171,6,108,76,76,64,209,3,125,225,,233,,,b'\x11\xe8\xe1I\xc8\r\xa1F\xaf\x82\x12\xdf\x17\xaeN\x1e'
11E8E149-C80D-A146-AF82-12DF17AE4E1E,2010-ncaa-d1-ncaatournament,ncaa,17,2,17,17,20,32,31,17,61,34,22,61,20,15,38,25,38,36,34,36,57,19,23,60,61,56,24,19,47,11,11,22,17,17,15,23,6,29,4,9,28,36,15,8,,,50,59,,,20,32,59,9,54,52,6,53,18,25,18,52,53,53,11,28,1,14,4,28,5,42,11,,53,,,20,30,25,34,2,22,35,3,17,39,7,32,46,48,18,48,51,36,34,1,3,2,44,17,60,38,17,46,11,45,15,25,47,24,25,10,25,10,61,61,,,31,58,,,20,33,51,2,18,2,1,7,4,11,8,25,37,42,43,9,6,25,46,36,7,33,11,62,,55,,,b'\x11\xe8\xe1I\xc8\r\xa1F\xaf\x82\x12\xdf\x17\xaeN\x1e'
11E8E149-C80D-A146-AF82-12DF17AE4E1E,2011-ncaa-d0-natl,ncaa,49,60,26,58,27,85,83,58,181,159,158,176,19,15,105,33,169,184,153,177,201,66,61,132,148,141,48,25,288,47,78,186,240,97,174,53,51,220,120,72,27,23,156,78,,,337,330,,,61,73,288,39,159,170,147,253,277,32,25,260,282,273,179,218,96,312,248,82,105,37,194,,302,,,65,165,50,105,57,17,15,155,282,323,46,335,322,327,104,325,343,174,271,108,162,42,342,292,329,228,240,268,78,269,174,183,316,14,9,29,159,99,223,211,,,93,204,,,61,276,109,44,59,44,5,4,3,2,210,286,277,284,280,15,77,117,118,113,93,22,92,147,,235,,,b'\x11\xe8\xe1I\xc8\r\xa1F\xaf\x82\x12\xdf\x17\xaeN\x1e'
11E8E149-C80D-A146-AF82-12DF17AE4E1E,2011-ncaa-d1-conf-AAC,ncaa,7,9,3,9,3,4,4,3,11,11,9,12,1,2,9,3,11,10,13,9,10,3,3,10,11,11,3,3,12,3,6,9,13,4,9,4,4,9,3,4,2,2,13,11,,,16,15,,,7,3,12,2,9,6,3,13,13,3,2,12,12,12,4,5,3,13,7,5,7,2,13,,15,,,7,11,4,3,7,2,1,11,12,15,6,16,15,15,8,15,16,9,14,11,13,7,16,13,15,8,13,15,6,16,9,13,15,2,1,4,7,2,11,12,,,9,13,,,7,14,8,7,7,7,2,1,2,1,12,15,15,15,15,1,6,6,12,9,9,3,4,10,,10,,,b'\x11\xe8\xe1I\xc8\r\xa1F\xaf\x82\x12\xdf\x17\xaeN\x1e'
11E8E149-C80D-A146-AF82-12DF17AE4E1E,2011-ncaa-d1-natl,ncaa,34,57,16,54,17,71,70,41,175,130,134,149,17,12,130,34,164,174,161,166,203,52,53,129,151,136,60,32,289,33,69,176,237,84,169,42,57,228,111,68,20,21,149,67,,,341,331,,,55,62,287,40,153,159,139,241,270,40,25,261,280,275,167,220,90,314,247,83,93,34,186,,298,,,58,172,54,117,57,13,10,142,296,327,55,336,320,330,87,328,343,187,284,113,157,37,342,309,328,241,237,283,69,281,169,201,320,11,7,29,164,94,214,185,,,88,212,,,55,285,106,41,51,40,5,3,3,1,223,287,265,280,275,13,73,112,109,102,96,20,87,136,,242,,,b'\x11\xe8\xe1I\xc8\r\xa1F\xaf\x82\x12\xdf\x17\xaeN\x1e'
11E8E149-C80D-A146-AF82-12DF17AE4E1E,2011-ncaa-d1-ncaatournament,ncaa,9,2,9,9,9,13,15,12,32,24,20,45,2,4,8,5,11,13,23,13,14,12,14,19,14,10,2,4,28,11,24,14,47,13,33,15,32,48,20,20,15,27,11,9,,,57,46,,,7,16,53,3,20,36,34,53,57,3,5,20,26,25,33,45,24,39,36,27,16,29,16,,45,,,8,49,48,49,10,49,49,17,48,53,12,53,60,59,34,58,48,50,53,10,13,7,52,42,51,55,47,53,24,53,33,53,61,8,11,21,49,25,24,16,,,14,37,,,7,50,5,10,7,10,6,13,7,9,24,49,43,44,42,19,34,45,24,36,38,14,17,13,,33,,,b'\x11\xe8\xe1I\xc8\r\xa1F\xaf\x82\x12\xdf\x17\xaeN\x1e'
11E8E149-C80D-A146-AF82-12DF17AE4E1E,2012-ncaa-d0-natl,ncaa,44,36,81,45,112,149,174,73,312,207,110,317,97,83,201,123,103,76,252,79,117,69,83,301,296,246,67,96,99,41,84,174,145,80,140,162,120,112,62,133,27,22,152,48,,,313,321,,,56,112,193,262,197,234,83,259,156,114,104,132,94,100,75,120,44,257,114,193,79,31,163,,303,,,53,37,12,47,10,2,2,75,239,326,10,341,285,288,144,284,341,70,210,24,60,6,343,317,332,139,145,300,84,252,140,151,340,14,5,20,138,88,136,94,,,58,87,,,56,219,189,7,56,11,3,6,1,1,210,322,245,252,247,13,111,97,263,194,112,11,109,105,,72,,,b'\x11\xe8\xe1I\xc8\r\xa1F\xaf\x82\x12\xdf\x17\xaeN\x1e'
11E8E149-C80D-A146-AF82-12DF17AE4E1E,2012-ncaa-d1-conf-AAC,ncaa,5,4,12,5,14,10,11,6,14,11,7,14,7,6,6,7,9,8,13,8,9,6,9,13,13,12,4,7,9,4,6,12,7,6,8,8,7,5,4,7,3,2,11,2,,,13,14,,,4,11,3,10,9,8,1,10,6,6,6,8,6,6,2,3,2,7,5,6,5,2,11,,14,,,4,1,1,1,2,1,1,5,10,15,2,16,14,15,3,14,16,1,7,3,5,3,16,16,16,3,7,13,6,13,8,7,16,3,1,4,6,5,5,3,,,7,7,,,4,7,11,3,4,2,1,1,1,1,11,16,15,16,15,1,11,8,14,15,9,1,7,5,,5,,,b'\x11\xe8\xe1I\xc8\r\xa1F\xaf\x82\x12\xdf\x17\xaeN\x1e'
11E8E149-C80D-A146-AF82-12DF17AE4E1E,2012-ncaa-d1-natl,ncaa,50,36,90,47,129,171,196,79,316,233,125,323,106,90,200,121,114,86,253,91,119,76,96,302,296,250,65,95,98,45,88,200,150,97,144,184,120,98,64,138,31,25,157,48,,,308,323,,,61,136,196,262,203,241,87,271,160,112,106,130,95,101,78,125,46,261,123,207,79,31,165,,306,,,57,25,5,28,11,2,1,78,228,324,10,340,277,282,147,277,341,45,182,24,68,6,343,315,332,128,150,295,88,238,144,136,341,17,6,20,121,86,132,95,,,65,82,,,61,191,198,7,62,13,3,6,1,1,209,321,255,253,250,13,110,100,267,199,114,11,110,105,,70,,,b'\x11\xe8\xe1I\xc8\r\xa1F\xaf\x82\x12\xdf\x17\xaeN\x1e'
11E8E149-C80D-A146-AF82-12DF17AE4E1E,2012-ncaa-d1-ncaatournament,ncaa,17,2,17,17,17,28,27,18,45,27,18,54,22,30,10,53,25,20,50,20,30,19,19,45,46,42,28,31,26,21,29,23,22,24,33,27,49,40,23,46,22,24,36,31,,,41,34,,,34,18,11,5,37,35,12,35,8,23,44,30,14,17,9,10,15,32,26,42,33,25,46,,35,,,29,40,38,35,30,34,34,57,52,55,27,63,39,43,18,43,58,37,40,40,36,28,61,57,28,39,22,46,29,46,33,48,59,18,9,31,36,21,18,6,,,21,24,,,34,42,40,23,34,24,15,16,4,3,55,61,32,38,35,17,30,21,52,40,52,10,24,8,,15,,,b'\x11\xe8\xe1I\xc8\r\xa1F\xaf\x82\x12\xdf\x17\xaeN\x1e'
11E8E149-C80D-A146-AF82-12DF17AE4E1E,2013-ncaa-d0-natl,ncaa,164,166,120,172,152,147,158,129,196,145,148,182,196,157,254,181,90,62,251,61,66,116,82,210,208,243,173,206,90,37,32,236,331,128,175,177,205,319,262,267,27,26,227,109,,,260,196,,,206,106,74,195,141,165,130,154,147,200,156,79,52,52,105,44,29,279,126,198,302,20,233,,265,,,203,262,115,196,75,5,4,166,345,345,212,345,304,292,291,293,344,222,271,226,253,172,345,345,271,321,331,119,32,243,175,331,345,27,38,162,324,282,261,234,,,80,141,,,206,242,188,210,201,252,107,169,3,2,345,345,298,279,277,213,301,328,108,236,320,15,308,255,,58,,,b'\x11\xe8\xe1I\xc8\r\xa1F\xaf\x82\x12\xdf\x17\xaeN\x1e'
11E8E149-C80D-A146-AF82-12DF17AE4E1E,2013-ncaa-d1-conf-AAC,ncaa,11,11,4,11,6,10,10,8,10,8,10,10,8,7,14,8,8,7,12,7,7,7,6,10,11,11,8,8,9,5,5,8,13,5,8,11,11,13,11,11,4,4,10,7,,,12,11,,,11,7,7,8,10,11,8,10,8,8,7,8,7,7,9,6,5,8,5,11,12,2,10,,11,,,11,10,6,10,5,1,1,8,15,15,9,15,13,13,15,13,15,11,10,8,9,8,15,15,13,14,13,7,5,13,8,14,15,5,6,11,13,12,8,9,,,7,11,,,11,9,10,9,11,11,6,9,1,1,15,15,13,13,13,11,12,14,8,12,13,5,13,7,,9,,,b'\x11\xe8\xe1I\xc8\r\xa1F\xaf\x82\x12\xdf\x17\xaeN\x1e'
11E8E149-C80D-A146-AF82-12DF17AE4E1E,2013-ncaa-d1-natl,ncaa,171,165,136,177,178,159,171,143,203,157,164,187,202,164,258,181,98,71,253,69,62,128,97,219,214,247,175,204,83,41,33,261,335,145,179,191,211,309,264,268,32,26,236,110,,,250,201,,,211,131,78,189,153,174,136,164,152,202,159,79,52,51,110,47,29,286,129,204,301,22,235,,265,,,209,251,101,180,77,5,3,168,345,345,214,345,297,283,297,284,345,207,260,231,262,181,345,345,273,314,335,96,33,226,179,329,345,33,41,171,317,285,258,238,,,89,137,,,211,215,191,222,205,257,111,167,3,2,345,345,302,282,279,215,301,329,108,238,324,18,309,257,,61,,,b'\x11\xe8\xe1I\xc8\r\xa1F\xaf\x82\x12\xdf\x17\xaeN\x1e'
11E8E149-C80D-A146-AF82-12DF17AE4E1E,2014-ncaa-d0-natl,ncaa,258,282,131,272,137,190,129,167,92,62,59,127,319,325,262,328,256,209,295,205,313,177,117,184,214,280,343,328,267,57,19,62,124,55,21,145,178,337,328,271,271,298,50,27,,,171,165,,,246,157,185,58,219,125,178,39,47,323,328,270,229,224,202,97,38,31,17,143,338,280,41,,164,,,243,227,145,265,43,45,96,71,332,344,126,342,246,203,312,197,262,256,208,96,120,217,342,335,228,250,124,35,19,103,21,304,342,310,333,341,335,325,215,129,,,225,303,,,246,184,243,240,248,228,148,294,34,54,335,345,243,201,199,294,200,248,25,78,306,322,331,222,,255,,,b'\x11\xe8\xe1I\xc8\r\xa1F\xaf\x82\x12\xdf\x17\xaeN\x1e'
11E8E149-C80D-A146-AF82-12DF17AE4E1E,2014-ncaa-d1-conf-Big East,ncaa,8,8,3,8,4,6,6,6,3,3,3,4,10,10,9,8,7,6,9,6,8,5,4,8,9,10,10,10,8,3,2,2,6,2,2,5,7,10,10,9,8,8,2,1,,,5,6,,,8,5,6,2,7,5,6,2,2,10,9,7,6,6,5,4,2,2,2,6,10,8,2,,4,,,8,7,5,9,1,1,2,3,10,10,5,10,9,7,10,7,8,10,7,4,5,8,10,10,8,9,6,2,2,3,2,9,10,8,10,10,10,10,6,1,,,5,8,,,8,6,8,9,8,8,4,9,1,2,10,10,9,7,7,9,7,9,2,4,9,8,10,6,,5,,,b'\x11\xe8\xe1I\xc8\r\xa1F\xaf\x82\x12\xdf\x17\xaeN\x1e'
11E8E149-C80D-A146-AF82-12DF17AE4E1E,2014-ncaa-d1-natl,ncaa,252,282,100,271,106,169,117,144,88,51,44,128,323,326,259,332,228,181,289,177,300,151,93,176,206,280,343,330,245,42,16,46,128,34,17,128,168,345,331,272,268,301,40,26,,,197,165,,,243,120,171,61,206,121,176,37,39,324,330,251,210,207,196,85,34,26,13,131,338,282,37,,175,,,239,260,172,291,39,46,100,64,339,346,139,343,269,232,320,224,272,296,237,100,125,227,344,339,236,267,128,34,16,117,17,316,341,306,333,340,343,329,231,129,,,194,299,,,243,216,236,252,252,238,151,305,31,58,339,347,253,216,210,301,216,257,22,77,306,324,335,223,,240,,,b'\x11\xe8\xe1I\xc8\r\xa1F\xaf\x82\x12\xdf\x17\xaeN\x1e'
11E8E149-C80D-A146-AF82-12DF17AE4E1E,2015-ncaa-d0-natl,ncaa,331,344,113,337,154,161,122,48,302,81,24,307,242,225,278,274,226,208,247,197,330,59,52,315,325,310,303,264,256,20,31,122,214,41,95,222,293,314,201,285,136,166,54,52,,,327,313,,,309,72,36,234,189,133,17,71,14,261,236,253,241,232,26,12,6,127,12,243,289,140,53,,329,,,304,328,291,246,281,250,197,265,307,273,309,220,334,341,102,341,335,293,272,296,309,323,305,233,291,259,214,282,31,283,95,302,242,184,247,272,248,165,315,204,,,186,330,,,309,264,276,320,307,328,295,249,254,173,298,269,337,337,337,314,302,259,263,272,295,213,238,316,,230,,,b'\x11\xe8\xe1I\xc8\r\xa1F\xaf\x82\x12\xdf\x17\xaeN\x1e'
11E8E149-C80D-A146-AF82-12DF17AE4E1E,2015-ncaa-d1-conf-Big East,ncaa,10,10,7,10,8,8,7,3,10,6,3,10,8,8,7,8,6,6,7,5,8,4,4,10,10,9,8,7,4,2,1,8,5,3,2,10,8,7,8,10,6,6,3,2,,,10,10,,,8,5,4,4,5,6,3,6,2,7,8,5,6,5,3,2,1,5,1,10,9,5,1,,10,,,9,9,6,2,9,5,2,9,8,6,9,6,10,10,6,10,10,6,4,10,10,10,10,6,10,3,5,6,1,4,2,8,7,6,5,8,7,7,8,6,,,5,6,,,8,6,9,10,10,9,8,5,5,3,9,7,10,10,10,8,6,5,6,5,9,5,8,8,,3,,,b'\x11\xe8\xe1I\xc8\r\xa1F\xaf\x82\x12\xdf\x17\xaeN\x1e'
11E8E149-C80D-A146-AF82-12DF17AE4E1E,2015-ncaa-d1-natl,ncaa,336,344,143,343,190,195,155,52,303,101,27,314,255,238,279,273,245,233,247,223,332,64,57,320,326,314,303,265,252,23,34,151,219,50,103,243,294,297,204,290,156,177,60,54,,,319,314,,,315,90,36,231,201,145,17,78,15,264,236,256,244,233,28,13,6,134,12,248,290,151,53,,328,,,312,322,279,213,286,236,168,270,303,258,310,220,332,338,105,337,335,275,248,303,315,326,303,233,292,237,219,262,34,265,103,296,242,209,253,279,235,172,311,208,,,217,329,,,315,240,284,325,317,328,297,250,257,177,301,271,337,338,338,314,299,263,265,278,301,215,241,320,,231,,,b'\x11\xe8\xe1I\xc8\r\xa1F\xaf\x82\x12\xdf\x17\xaeN\x1e'
11E8E149-C80D-A146-AF82-12DF17AE4E1E,2016-ncaa-d0-natl,ncaa,153,137,175,152,230,167,126,106,177,62,36,184,323,296,327,318,188,207,153,211,314,121,142,256,254,204,338,330,206,76,77,87,38,71,51,231,316,99,83,181,124,106,40,14,,,292,322,,,119,178,126,280,141,91,47,34,14,323,304,195,217,219,67,83,47,41,23,233,117,109,26,,308,,,118,96,42,108,40,15,70,24,243,219,269,251,255,289,62,288,323,142,147,67,88,94,341,307,308,62,38,176,77,119,51,139,289,173,148,146,63,61,262,151,,,257,314,,,119,171,172,80,119,116,54,109,15,69,260,245,276,297,299,164,167,75,202,140,161,166,78,269,,275,,,b'\x11\xe8\xe1I\xc8\r\xa1F\xaf\x82\x12\xdf\x17\xaeN\x1e'
11E8E149-C80D-A146-AF82-12DF17AE4E1E,2016-ncaa-d1-conf-Big East,ncaa,6,5,6,6,9,6,6,5,7,5,2,9,8,8,9,9,6,5,3,5,8,6,7,10,9,8,9,9,3,1,1,6,2,3,2,7,9,3,4,6,4,2,3,2,,,10,10,,,6,8,5,5,5,5,4,5,1,8,8,5,5,5,4,4,1,1,1,7,5,3,3,,10,,,6,2,1,2,1,1,1,1,8,7,7,8,8,9,2,10,10,3,3,3,5,3,10,9,10,3,2,4,1,2,2,4,9,5,3,3,3,4,6,4,,,9,10,,,6,3,7,3,6,5,1,3,1,1,8,7,9,9,10,6,6,4,7,4,5,5,4,7,,8,,,b'\x11\xe8\xe1I\xc8\r\xa1F\xaf\x82\x12\xdf\x17\xaeN\x1e'
11E8E149-C80D-A146-AF82-12DF17AE4E1E,2016-ncaa-d1-natl,ncaa,163,137,218,156,286,199,149,138,189,79,44,193,326,307,329,319,211,238,154,240,315,159,181,263,259,209,338,329,205,88,82,113,39,88,54,253,318,74,86,187,148,110,41,14,,,276,321,,,134,224,128,282,153,97,51,36,14,323,303,195,218,219,68,86,52,45,25,244,120,119,27,,308,,,131,69,26,69,43,7,44,26,230,202,273,246,242,277,66,277,322,108,102,75,97,107,340,303,310,46,39,146,82,80,54,126,291,205,161,168,46,61,254,156,,,282,313,,,134,129,177,91,127,126,58,110,18,68,258,243,280,298,300,169,167,76,206,147,166,173,78,274,,276,,,b'\x11\xe8\xe1I\xc8\r\xa1F\xaf\x82\x12\xdf\x17\xaeN\x1e'
11E8E149-C80D-A146-AF82-12DF17AE4E1E,2017-ncaa-d0-natl,ncaa,136,111,168,127,177,151,119,73,230,90,54,240,219,197,262,244,234,219,233,220,326,86,145,264,279,186,298,238,266,43,71,215,96,121,115,224,308,11,18,104,53,33,58,40,,,246,298,,,129,189,203,56,131,87,19,61,22,215,191,236,224,226,24,84,28,216,77,224,23,39,52,,270,,,129,123,120,75,225,129,99,212,157,119,263,170,181,192,135,186,223,81,128,229,242,187,209,191,206,55,96,238,71,168,115,256,320,121,73,189,3,6,234,136,,,231,295,,,129,154,133,152,131,148,136,64,138,89,172,124,188,205,192,69,111,67,255,183,274,102,10,245,,240,,,b'\x11\xe8\xe1I\xc8\r\xa1F\xaf\x82\x12\xdf\x17\xaeN\x1e'
11E8E149-C80D-A146-AF82-12DF17AE4E1E,2017-ncaa-d1-conf-Big East,ncaa,6,6,7,6,9,4,4,3,8,3,1,10,8,8,9,9,3,3,10,3,9,3,3,10,10,7,10,9,4,2,2,9,6,4,5,9,10,2,3,5,1,1,4,1,,,9,9,,,6,5,3,3,3,3,2,3,1,8,8,3,2,2,2,2,2,8,2,8,4,1,3,,9,,,6,5,5,2,9,4,2,9,6,5,9,6,6,6,3,6,8,4,5,9,9,5,7,6,6,1,6,9,2,5,5,8,10,2,1,3,2,2,7,4,,,4,4,,,6,6,4,5,6,6,7,2,6,4,6,5,7,8,8,4,6,3,9,7,8,2,3,8,,2,,,b'\x11\xe8\xe1I\xc8\r\xa1F\xaf\x82\x12\xdf\x17\xaeN\x1e'
11E8E149-C80D-A146-AF82-12DF17AE4E1E,2017-ncaa-d1-natl,ncaa,143,111,217,131,234,185,148,90,238,111,62,250,235,217,266,240,266,248,234,249,325,112,188,267,285,197,293,235,265,55,79,257,98,159,125,251,306,8,19,107,69,37,68,41,,,229,301,,,143,248,209,47,140,99,21,66,23,213,195,240,228,228,25,93,29,229,85,231,22,45,52,,275,,,141,94,94,37,243,106,70,224,142,87,273,168,158,175,142,166,224,40,66,249,261,193,211,188,208,39,98,212,79,126,125,246,323,154,82,198,2,6,227,141,,,264,293,,,143,92,139,164,145,157,141,64,147,92,179,121,194,208,196,70,109,71,257,187,281,108,10,253,,243,,,b'\x11\xe8\xe1I\xc8\r\xa1F\xaf\x82\x12\xdf\x17\xaeN\x1e'
11E8E149-C80D-A146-AF82-12DF17AE4E1E,2018-ncaa-d0-natl,ncaa,149,189,73,174,107,126,105,59,229,71,26,248,263,256,261,302,176,181,183,169,319,64,107,273,284,167,314,297,212,58,154,184,52,117,158,156,262,16,11,52,61,54,180,127,,,112,113,,,120,142,254,278,179,133,57,65,19,288,285,220,219,208,71,185,71,273,173,195,11,72,208,,63,,,124,155,138,101,246,91,40,266,280,259,270,311,142,171,113,165,267,94,165,292,276,165,299,307,152,21,52,303,154,223,158,252,318,58,36,120,6,9,156,45,,,201,251,,,120,209,135,113,119,88,78,23,40,9,250,216,119,131,131,23,43,11,267,156,202,74,10,130,,252,,,b'\x11\xe8\xe1I\xc8\r\xa1F\xaf\x82\x12\xdf\x17\xaeN\x1e'
11E8E149-C80D-A146-AF82-12DF17AE4E1E,2018-ncaa-d1-conf-Big East,ncaa,5,5,3,5,6,4,3,3,9,2,1,9,10,10,10,10,2,2,6,2,8,3,3,10,10,6,10,10,3,2,3,9,6,4,6,6,8,2,1,5,2,1,6,3,,,7,7,,,6,5,5,8,5,3,3,2,1,10,10,2,2,2,3,3,2,10,4,6,2,1,6,,7,,,6,3,2,2,8,2,1,8,6,6,7,8,8,8,4,8,10,2,6,8,10,3,10,9,9,2,6,10,3,9,6,6,10,1,1,2,2,1,8,6,,,5,8,,,6,6,5,3,6,3,2,1,1,1,6,7,7,8,8,1,5,1,10,7,6,1,1,8,,7,,,b'\x11\xe8\xe1I\xc8\r\xa1F\xaf\x82\x12\xdf\x17\xaeN\x1e'
11E8E149-C80D-A146-AF82-12DF17AE4E1E,2018-ncaa-d1-natl,ncaa,169,188,97,185,134,154,127,78,237,82,32,263,281,273,263,302,203,205,187,197,321,84,145,281,290,183,315,295,205,68,161,227,58,155,170,179,265,9,11,55,78,61,201,131,,,82,117,,,136,179,257,279,193,143,60,67,21,292,286,222,223,212,73,197,75,282,185,215,11,83,214,,66,,,140,125,114,63,265,67,23,275,271,237,278,308,131,147,120,138,265,52,110,304,293,186,292,305,153,13,58,294,161,195,170,242,321,78,42,132,5,9,152,48,,,229,248,,,136,175,143,125,137,95,88,23,47,11,254,214,120,133,131,22,42,12,271,163,211,79,10,136,,248,,,b'\x11\xe8\xe1I\xc8\r\xa1F\xaf\x82\x12\xdf\x17\xaeN\x1e'
11E8E149-C80D-A146-AF82-12DF17AE4E1E,2019-ncaa-d0-natl,ncaa,105,180,14,146,22,96,100,33,285,115,49,292,108,92,194,175,96,101,137,97,205,39,60,273,261,181,139,154,147,76,237,40,65,48,178,195,312,42,19,123,94,139,18,11,,,263,181,,,134,55,298,272,226,236,138,246,150,169,162,184,202,202,156,281,171,118,136,296,13,183,35,,112,,,141,255,205,296,45,63,163,30,343,341,254,337,204,155,333,159,164,286,287,98,105,128,346,347,163,209,65,349,237,339,178,285,309,121,190,220,46,21,256,172,,,88,194,,,134,296,158,113,135,65,33,94,12,15,322,315,103,64,67,58,45,68,294,216,161,244,16,177,,246,,,b'\x11\xe8\xe1I\xc8\r\xa1F\xaf\x82\x12\xdf\x17\xaeN\x1e'
11E8E149-C80D-A146-AF82-12DF17AE4E1E,2019-ncaa-d1-conf-Big East,ncaa,3,4,1,4,3,6,7,3,9,6,2,10,8,7,7,8,3,2,8,2,4,3,4,10,9,8,6,8,1,3,4,5,6,3,7,9,10,2,3,7,3,3,1,1,,,7,6,,,6,5,8,9,9,9,5,7,3,8,8,3,2,2,4,6,4,8,5,9,2,3,1,,5,,,6,5,4,6,3,2,3,1,9,6,8,8,5,4,9,4,6,5,7,5,5,4,9,9,6,8,6,10,4,8,7,8,9,5,3,6,2,2,8,5,,,3,1,,,6,6,7,3,6,3,2,3,2,2,7,6,5,3,3,2,2,6,8,7,7,6,2,7,,3,,,b'\x11\xe8\xe1I\xc8\r\xa1F\xaf\x82\x12\xdf\x17\xaeN\x1e'
11E8E149-C80D-A146-AF82-12DF17AE4E1E,2019-ncaa-d1-natl,ncaa,122,180,21,153,33,117,121,44,291,145,63,300,122,103,200,174,113,124,130,122,208,52,80,282,270,188,131,152,144,106,244,50,66,57,190,229,319,33,19,133,119,150,20,12,,,238,184,,,157,77,300,272,241,250,148,258,153,172,164,185,208,207,169,292,182,130,153,310,13,192,33,,114,,,163,229,176,278,53,46,133,35,342,335,269,337,188,133,334,135,165,267,265,108,114,150,346,347,165,178,66,348,244,332,190,274,310,155,203,235,35,24,245,177,,,118,189,,,157,277,173,133,155,75,37,94,13,16,323,313,107,66,69,64,41,69,299,224,170,256,15,188,,247,,,b'\x11\xe8\xe1I\xc8\r\xa1F\xaf\x82\x12\xdf\x17\xaeN\x1e'
11E8E149-C80D-A146-AF82-12DF17AE4E1E,2020-ncaa-d0-natl,ncaa,322,329,87,324,169,274,256,129,336,270,131,343,178,152,232,158,304,321,112,320,334,177,224,328,327,286,162,121,279,152,227,145,114,144,205,226,160,63,69,141,297,291,68,41,,,127,173,,,288,246,285,273,311,297,140,290,155,182,173,319,330,329,211,281,165,164,160,254,49,304,71,,112,,,287,208,212,184,206,88,66,212,339,323,312,337,76,87,128,91,165,156,112,281,249,286,325,340,55,115,114,314,227,266,205,318,334,258,248,328,112,125,176,155,,,326,334,,,288,119,280,274,285,185,187,136,74,33,335,322,75,82,83,110,52,102,303,249,314,272,92,166,,337,,,b'\x11\xe8\xe1I\xc8\r\xa1F\xaf\x82\x12\xdf\x17\xaeN\x1e'
11E8E149-C80D-A146-AF82-12DF17AE4E1E,2020-ncaa-d1-conf-Big East,ncaa,9,9,7,9,10,10,10,6,10,8,6,10,6,6,5,6,10,10,4,10,10,8,9,9,10,9,6,4,9,6,7,6,2,7,6,9,7,4,6,7,8,8,3,1,,,3,5,,,9,9,7,6,9,9,4,8,4,6,6,9,10,10,7,6,6,4,6,8,6,8,2,,4,,,10,4,6,5,8,2,2,8,10,9,9,10,2,2,3,2,7,3,2,9,8,10,8,10,1,1,2,8,7,5,6,9,10,7,7,10,6,7,4,5,,,10,10,,,9,2,9,10,9,8,9,5,5,3,10,10,2,2,2,4,3,3,10,8,10,6,6,5,,10,,,b'\x11\xe8\xe1I\xc8\r\xa1F\xaf\x82\x12\xdf\x17\xaeN\x1e'
11E8E149-C80D-A146-AF82-12DF17AE4E1E,2020-ncaa-d1-natl,ncaa,325,329,128,328,234,306,295,163,341,299,161,344,191,167,235,160,312,328,111,328,334,218,275,334,330,292,162,122,275,177,236,174,118,182,219,262,161,44,72,148,308,298,74,42,,,106,179,,,295,294,287,273,320,309,150,298,161,188,173,319,330,329,219,288,173,169,174,265,51,307,75,,117,,,296,185,192,143,219,76,44,224,335,316,316,337,66,75,129,82,168,116,60,290,257,294,324,340,54,100,118,295,236,237,219,312,334,278,262,330,93,133,165,160,,,334,333,,,295,67,288,281,296,195,196,140,82,35,335,322,77,81,87,112,54,105,306,250,318,281,94,175,,337,,,b'\x11\xe8\xe1I\xc8\r\xa1F\xaf\x82\x12\xdf\x17\xaeN\x1e'
11E8E149-C80D-A146-AF82-12DF17AE4E1E,2021-ncaa-d0-natl,ncaa,318,276,288,322,288,313,304,290,312,288,286,255,319,285,342,184,327,320,331,319,332,297,294,316,332,334,333,283,323,232,84,282,185,279,116,313,289,112,310,321,258,136,130,28,,,53,242,,,303,298,326,40,332,310,245,235,181,327,238,342,336,336,307,252,87,203,135,323,302,166,60,,175,,,308,53,48,54,83,32,38,95,114,98,196,306,73,52,315,50,218,51,49,130,154,183,321,306,211,58,185,52,84,50,116,126,343,306,218,301,122,290,111,229,,,317,336,,,303,47,329,201,313,117,78,107,36,38,270,276,183,129,123,87,50,169,145,131,287,251,275,222,,335,,,b'\x11\xe8\xe1I\xc8\r\xa1F\xaf\x82\x12\xdf\x17\xaeN\x1e'
11E8E149-C80D-A146-AF82-12DF17AE4E1E,2021-ncaa-d1-conf-Big East,ncaa,10,10,6,11,6,10,10,8,11,7,6,9,10,8,11,6,10,9,11,9,9,8,7,11,11,11,10,10,10,4,3,4,7,4,3,10,11,9,11,11,6,5,3,3,,,11,10,,,10,7,11,2,11,10,8,9,7,11,7,11,10,10,8,7,2,6,3,11,10,6,3,,10,,,9,5,2,4,2,2,2,2,9,8,6,9,10,10,6,10,11,4,5,3,3,4,11,9,11,8,7,5,3,6,3,6,11,7,6,7,8,8,6,7,,,8,8,,,10,4,11,5,9,3,2,1,2,1,9,9,9,9,9,3,2,9,4,4,6,7,9,6,,10,,,b'\x11\xe8\xe1I\xc8\r\xa1F\xaf\x82\x12\xdf\x17\xaeN\x1e'
11E8E149-C80D-A146-AF82-12DF17AE4E1E,2021-ncaa-d1-natl,ncaa,322,275,292,327,292,315,309,297,314,289,292,265,321,291,342,184,327,321,331,321,332,301,298,319,333,335,330,283,324,244,85,289,190,287,122,317,291,101,310,325,268,142,139,31,,,51,244,,,306,303,326,38,335,313,250,243,186,329,240,342,336,336,310,257,89,209,145,326,299,175,58,,179,,,313,48,43,48,95,30,35,102,106,92,204,305,66,50,316,48,218,45,45,134,164,196,321,305,213,55,190,48,85,47,122,119,343,309,227,308,114,295,107,233,,,319,334,,,306,42,333,219,319,121,81,110,36,39,271,276,183,131,126,89,46,174,147,133,293,257,276,227,,333,,,b'\x11\xe8\xe1I\xc8\r\xa1F\xaf\x82\x12\xdf\x17\xaeN\x1e'
11E8E149-C80D-A146-AF82-12DF17AE4E1E,2022-ncaa-d0-natl,ncaa,268,266,216,278,217,262,248,234,258,241,223,244,221,216,240,173,264,263,219,262,233,244,225,252,263,285,199,183,204,189,184,227,244,216,223,212,122,272,291,255,163,141,147,77,,,152,185,,,301,231,227,4,266,250,220,232,192,214,190,253,240,244,235,158,149,207,187,197,290,134,129,,205,,,302,219,183,145,238,60,43,235,350,330,334,352,117,111,199,112,250,137,145,313,301,278,351,353,87,190,244,168,184,170,223,338,354,164,137,311,316,332,58,78,,,237,221,,,301,132,281,292,298,276,244,207,75,31,353,349,140,135,135,194,224,233,234,239,344,128,329,68,,208,,,b'\x11\xe8\xe1I\xc8\r\xa1F\xaf\x82\x12\xdf\x17\xaeN\x1e'
11E8E149-C80D-A146-AF82-12DF17AE4E1E,2022-ncaa-d1-conf-Big East,ncaa,9,9,4,9,4,9,9,8,11,10,7,9,7,7,10,7,8,7,9,7,4,8,4,10,9,10,5,8,3,3,5,9,9,8,8,9,6,11,9,9,3,5,5,3,,,11,11,,,9,4,5,1,9,9,8,10,8,7,8,6,6,6,9,2,3,9,7,9,10,3,4,,11,,,9,8,7,5,7,3,4,6,10,10,10,10,11,10,6,10,10,6,8,8,8,7,10,10,10,7,9,8,5,8,8,9,10,3,3,8,11,10,3,6,,,5,5,,,9,7,10,8,9,7,6,5,3,3,9,9,11,10,10,5,9,7,8,8,8,3,11,4,,3,,,b'\x11\xe8\xe1I\xc8\r\xa1F\xaf\x82\x12\xdf\x17\xaeN\x1e'
11E8E149-C80D-A146-AF82-12DF17AE4E1E,2022-ncaa-d1-natl,ncaa,269,266,213,273,214,261,242,237,255,233,206,245,232,223,248,192,255,245,236,245,226,242,215,255,266,286,211,200,192,169,175,203,209,191,189,214,118,288,300,261,165,162,116,48,,,167,197,,,302,222,198,4,265,248,221,216,179,230,207,241,222,232,232,142,141,162,137,195,304,152,106,,216,,,301,214,182,161,205,49,41,207,352,340,328,354,118,115,212,117,252,146,153,295,279,274,353,353,89,196,209,165,175,170,189,335,354,184,165,313,320,334,68,78,,,230,226,,,302,143,280,281,295,272,231,233,58,28,354,352,145,132,135,216,236,228,225,233,344,147,331,76,,202,,,b'\x11\xe8\xe1I\xc8\r\xa1F\xaf\x82\x12\xdf\x17\xaeN\x1e'
11E8E149-C80D-A146-AF82-12DF17AE4E1E,2023-ncaa-d0-natl,ncaa,195,203,164,209,222,260,209,178,253,170,118,256,277,263,266,269,335,287,345,289,345,204,231,262,297,267,328,251,325,229,257,218,150,228,252,237,249,84,125,185,110,71,75,27,,,201,271,,,236,235,230,291,288,230,156,157,91,275,278,339,298,301,215,250,224,233,250,252,104,94,62,,221,,,236,111,64,91,130,30,40,112,285,250,295,319,183,141,306,143,266,91,112,194,213,168,341,336,227,87,150,256,257,197,252,265,347,145,86,226,84,125,131,94,,,271,268,,,236,122,276,140,238,118,72,64,23,25,304,276,200,161,164,64,87,94,279,226,279,128,103,139,,289,,,b'\x11\xe8\xe1I\xc8\r\xa1F\xaf\x82\x12\xdf\x17\xaeN\x1e'
11E8E149-C80D-A146-AF82-12DF17AE4E1E,2023-ncaa-d1-conf-Big East,ncaa,8,8,3,8,5,8,7,6,10,6,3,9,9,9,11,9,8,5,11,5,9,6,6,10,10,10,10,10,5,6,9,6,5,7,10,10,10,8,8,9,2,1,4,3,,,11,11,,,8,4,4,3,10,8,5,6,4,10,9,8,5,5,6,5,6,7,8,10,8,2,4,,11,,,8,8,5,4,5,2,1,4,9,10,7,10,11,11,11,11,11,7,7,6,6,6,11,9,11,5,5,11,9,11,10,6,10,1,1,4,9,6,4,4,,,2,3,,,8,7,10,5,8,6,5,2,2,1,9,10,11,11,11,5,8,6,11,11,6,1,8,4,,2,,,b'\x11\xe8\xe1I\xc8\r\xa1F\xaf\x82\x12\xdf\x17\xaeN\x1e'
11E8E149-C80D-A146-AF82-12DF17AE4E1E,2023-ncaa-d1-natl,ncaa,202,203,151,212,205,262,219,158,260,165,105,259,282,258,301,262,329,280,350,283,339,185,221,282,309,274,329,265,320,186,230,216,144,213,237,243,252,97,125,195,104,67,74,27,,,203,269,,,253,226,217,291,293,233,148,156,92,289,261,335,289,293,200,229,190,231,226,260,111,97,61,,215,,,252,106,69,90,139,31,40,114,285,255,294,317,180,142,279,143,257,92,113,204,208,158,339,334,217,79,144,263,230,207,237,282,350,140,83,228,103,126,136,96,,,257,259,,,253,133,279,142,250,114,78,66,31,31,301,273,186,149,153,65,94,93,274,229,289,124,114,145,,264,,,b'\x11\xe8\xe1I\xc8\r\xa1F\xaf\x82\x12\xdf\x17\xaeN\x1e'
11E8E149-C80D-A146-AF82-12DF17AE4E1E,2024-ncaa-d0-natl,ncaa,51,82,13,74,22,156,129,100,188,87,66,187,232,212,250,248,249,241,214,238,325,119,95,222,236,243,310,258,282,61,68,86,104,65,62,118,129,286,216,181,178,201,40,31,,,288,268,,,121,116,352,249,300,252,291,188,179,288,288,323,317,315,309,324,136,216,177,191,156,263,58,,145,,,125,135,124,237,31,115,232,30,170,210,111,184,164,143,233,137,108,232,236,38,38,40,212,209,194,188,104,194,68,196,62,186,248,123,146,142,324,288,210,123,,,133,199,,,121,244,212,39,124,7,9,33,19,57,72,94,73,60,55,17,9,65,33,36,75,233,244,117,,280,,,b'\x11\xe8\xe1I\xc8\r\xa1F\xaf\x82\x12\xdf\x17\xaeN\x1e'
11E8E149-C80D-A146-AF82-12DF17AE4E1E,2024-ncaa-d1-conf-Big East,ncaa,3,6,1,6,1,5,4,3,7,2,1,8,10,9,6,9,7,6,10,6,8,3,2,8,9,10,10,10,6,1,2,3,6,2,3,5,6,9,9,9,10,10,2,2,,,10,10,,,6,2,9,6,10,9,7,7,5,10,9,8,8,8,7,8,4,5,5,7,9,10,2,,9,,,6,8,6,10,2,6,10,5,5,7,3,6,9,9,7,9,8,10,10,2,3,4,6,4,10,8,6,8,2,7,3,6,4,6,7,4,9,9,7,4,,,2,6,,,6,10,10,4,6,2,2,2,3,3,3,5,8,7,7,3,3,5,3,3,3,8,9,4,,6,,,b'\x11\xe8\xe1I\xc8\r\xa1F\xaf\x82\x12\xdf\x17\xaeN\x1e'
11E8E149-C80D-A146-AF82-12DF17AE4E1E,2024-ncaa-d1-natl,ncaa,57,83,16,75,28,194,151,133,207,116,88,205,250,237,262,248,270,261,213,259,326,145,124,231,252,255,305,257,283,83,79,112,111,89,75,141,133,267,226,192,213,221,45,32,,,268,279,,,143,158,354,247,314,276,300,201,191,291,291,326,322,319,316,329,147,234,200,210,162,274,63,,149,,,147,99,92,202,43,85,202,39,149,182,122,182,147,128,237,124,111,194,193,48,48,53,211,208,195,158,111,162,79,159,75,173,254,156,160,160,314,296,194,132,,,159,192,,,143,205,232,53,146,9,11,35,22,61,79,92,82,70,62,20,9,68,35,37,84,246,247,124,,282,,,b'\x11\xe8\xe1I\xc8\r\xa1F\xaf\x82\x12\xdf\x17\xaeN\x1e'
11E8E149-C80D-A146-AF82-12DF17AE4E1E,2025-ncaa-d0-natl,genius_ncaa,246,249,194,261,216,227,245,247,220,273,248,242,184,206,136,155,197,252,22,249,185,251,273,207,180,172,97,133,133,175,115,269,222,236,174,285,299,92,186,251,245,205,310,312,,,77,163,,227,213,299,327,192,242,258,269,273,237,176,185,181,254,249,278,299,163,281,241,301,132,239,312,,97,,254,213,144,163,117,258,133,110,221,243,174,320,243,64,54,268,54,101,89,66,282,270,296,207,285,67,145,222,63,115,79,174,233,283,298,263,319,91,155,224,282,,,287,247,,301,213,59,154,304,225,182,200,126,152,113,273,191,83,70,69,99,36,166,79,100,272,308,117,256,,300,,297,b'\x11\xe8\xe1I\xc8\r\xa1F\xaf\x82\x12\xdf\x17\xaeN\x1e'
11E8E149-C80D-A146-AF82-12DF17AE4E1E,2025-ncaa-d1-conf-Big East,genius_ncaa,9,10,3,10,4,6,7,5,10,7,5,11,5,5,6,7,4,4,3,4,6,5,5,10,9,7,3,7,5,2,2,8,10,4,7,11,11,7,7,9,5,5,9,9,,,8,6,,8,8,5,8,5,6,7,6,7,5,5,5,4,5,5,5,3,2,9,5,11,6,5,9,,7,,8,8,11,10,9,9,7,7,9,10,7,11,7,6,5,10,5,6,8,5,10,11,10,7,9,5,8,10,6,2,7,7,11,9,8,7,10,6,5,11,10,,,5,6,,6,8,7,6,11,8,10,10,6,7,6,10,7,6,6,6,6,3,6,6,7,11,8,6,11,,6,,6,b'\x11\xe8\xe1I\xc8\r\xa1F\xaf\x82\x12\xdf\x17\xaeN\x1e'
11E8E149-C80D-A146-AF82-12DF17AE4E1E,2025-ncaa-d1-natl,genius_ncaa,246,249,172,257,206,226,248,246,220,271,248,247,169,196,125,146,192,250,28,245,176,256,270,194,179,174,90,123,135,171,114,254,206,228,153,281,291,105,182,249,236,197,305,296,,,73,138,,217,214,291,324,195,238,261,269,280,242,160,177,182,251,245,277,292,159,260,230,297,135,237,305,,88,,237,213,141,162,119,233,118,108,196,254,191,321,250,64,54,263,54,97,90,66,262,246,278,221,294,66,137,206,78,114,89,153,228,282,290,260,311,111,166,229,286,,,281,250,,295,214,64,151,284,219,162,181,129,132,108,270,201,74,69,67,94,40,157,80,96,262,303,135,260,,298,,294,b'\x11\xe8\xe1I\xc8\r\xa1F\xaf\x82\x12\xdf\x17\xaeN\x1e'
11E8E149-C80D-A146-AF82-12DF17AE4E1E,2026-ncaa-d0-natl,genius_ncaa,87,80,116,95,120,91,101,138,84,111,129,129,93,162,36,220,55,74,79,78,98,124,139,76,61,59,121,148,100,73,32,160,144,126,69,115,196,154,102,111,63,48,117,123,,,257,279,,333,47,165,211,41,49,68,118,97,127,82,176,41,61,66,88,118,50,205,107,105,123,58,124,,261,,335,43,143,149,167,128,189,197,153,69,126,52,112,191,174,233,178,158,167,192,103,113,66,84,62,228,149,144,128,32,130,69,196,244,71,53,92,190,143,119,84,,,142,189,,205,47,207,40,67,40,88,91,94,161,167,46,74,163,139,139,85,161,119,63,63,153,61,160,102,,175,,234,b'\x11\xe8\xe1I\xc8\r\xa1F\xaf\x82\x12\xdf\x17\xaeN\x1e'
11E8E149-C80D-A146-AF82-12DF17AE4E1E,2026-ncaa-d1-conf-Big East,genius_ncaa,8,6,8,8,8,10,10,8,8,10,8,10,11,10,7,11,5,5,7,5,3,8,8,10,8,7,6,10,1,6,4,11,7,10,6,11,11,3,4,11,9,6,10,8,,,3,10,,11,7,9,1,1,5,5,2,5,1,8,9,1,1,1,1,1,1,8,4,11,8,5,6,,9,,11,7,5,5,3,8,5,3,10,3,3,6,5,4,4,9,4,7,3,3,8,9,7,4,4,7,3,7,4,4,4,6,4,3,7,3,4,4,7,7,8,,,7,2,,4,7,4,7,7,7,10,9,8,10,8,6,8,9,9,9,8,10,8,11,11,8,2,8,11,,1,,2,b'\x11\xe8\xe1I\xc8\r\xa1F\xaf\x82\x12\xdf\x17\xaeN\x1e'
11E8E149-C80D-A146-AF82-12DF17AE4E1E,2026-ncaa-d1-natl,genius_ncaa,110,80,177,113,181,135,151,208,95,160,182,161,123,219,36,223,82,108,80,110,93,186,205,89,68,68,108,144,86,106,40,243,163,191,85,170,217,104,112,135,98,62,150,145,,,217,291,,321,70,236,224,31,67,97,144,124,141,92,191,44,64,69,110,139,60,234,135,131,131,75,140,,272,,342,62,94,108,102,168,149,145,187,37,67,64,105,147,127,244,130,165,102,124,137,146,103,75,57,227,97,163,67,40,79,85,159,252,117,74,121,147,158,91,97,,,205,187,,227,70,138,50,98,58,107,119,104,195,180,46,77,175,142,145,100,151,122,66,72,185,84,169,115,,174,,234,b'\x11\xe8\xe1I\xc8\r\xa1F\xaf\x82\x12\xdf\x17\xaeN\x1e'
11E8E149-C812-5344-AF82-12DF17AE4E1E,2010-ncaa-d0-natl,ncaa,30,36,20,35,24,93,99,59,219,115,100,173,130,71,274,138,76,54,251,54,83,50,55,225,223,184,155,183,114,25,65,43,218,26,111,149,239,184,83,169,98,147,12,9,,,110,29,,,58,78,282,84,188,201,156,188,201,176,122,134,102,106,137,192,52,97,58,224,78,164,14,,30,,,59,120,150,305,6,73,228,12,301,332,48,319,50,39,241,35,22,281,285,12,8,13,280,322,53,327,218,278,65,322,111,149,164,79,144,77,143,79,284,243,,,59,112,,,58,258,138,21,60,18,32,200,17,73,252,303,19,17,16,115,126,268,143,214,55,160,74,229,,139,,,b'\x11\xe8\xe1I\xc8\x12SD\xaf\x82\x12\xdf\x17\xaeN\x1e'
11E8E149-C812-5344-AF82-12DF17AE4E1E,2010-ncaa-d1-conf-SEC,ncaa,4,3,4,4,6,8,10,8,10,9,8,8,9,6,12,5,5,2,9,2,3,5,5,10,9,9,7,7,3,5,5,2,5,2,3,9,9,7,7,9,6,6,2,2,,,3,1,,,5,7,8,6,10,11,11,9,8,9,5,4,3,3,9,7,4,2,2,11,7,7,2,,3,,,5,2,2,7,2,1,3,2,9,12,4,12,5,3,12,3,5,6,5,2,2,3,12,11,7,8,5,7,5,7,3,4,8,8,8,5,9,9,4,5,,,5,5,,,5,5,9,4,6,3,2,7,2,1,8,12,4,4,3,5,4,7,5,6,4,8,8,4,,6,,,b'\x11\xe8\xe1I\xc8\x12SD\xaf\x82\x12\xdf\x17\xaeN\x1e'
11E8E149-C812-5344-AF82-12DF17AE4E1E,2010-ncaa-d1-natl,ncaa,32,36,22,35,24,102,109,62,224,118,108,178,134,75,278,138,83,56,248,56,81,55,59,229,229,183,153,185,113,28,68,47,226,29,115,159,244,172,84,172,113,157,12,9,,,95,31,,,64,88,284,84,195,209,158,195,204,179,123,135,102,106,140,193,53,100,63,234,79,177,14,,31,,,65,102,135,303,6,62,220,12,298,331,52,319,43,35,244,33,21,276,279,13,9,14,282,322,53,325,226,270,68,319,115,141,164,89,153,84,134,79,281,248,,,66,109,,,64,247,141,23,65,20,35,203,17,76,256,306,19,17,16,118,126,272,145,216,56,172,74,232,,139,,,b'\x11\xe8\xe1I\xc8\x12SD\xaf\x82\x12\xdf\x17\xaeN\x1e'
11E8E149-C812-5344-AF82-12DF17AE4E1E,2010-ncaa-d1-ncaatournament,ncaa,9,2,9,9,9,16,19,13,52,25,14,55,11,7,31,21,10,7,41,7,4,12,12,50,46,44,8,24,7,9,15,8,44,9,27,20,25,53,26,37,27,56,3,6,,,55,34,,,55,14,58,5,41,52,45,54,46,20,19,9,5,5,23,25,11,11,8,43,27,54,5,,33,,,39,55,52,55,8,51,52,9,58,58,33,55,57,55,43,55,32,55,53,13,14,27,49,50,37,59,44,55,15,56,27,52,22,23,59,46,49,23,43,30,,,11,18,,,55,50,36,38,41,29,29,53,22,36,43,57,36,32,32,55,44,57,33,45,28,59,21,23,,12,,,b'\x11\xe8\xe1I\xc8\x12SD\xaf\x82\x12\xdf\x17\xaeN\x1e'
11E8E149-C812-5344-AF82-12DF17AE4E1E,2011-ncaa-d0-natl,ncaa,49,60,26,58,34,82,52,38,136,42,48,94,169,103,293,175,207,155,299,153,296,47,51,167,196,167,304,229,310,15,23,57,204,25,56,124,290,171,71,142,86,130,39,39,,,197,96,,,80,75,274,232,158,88,84,68,109,216,157,285,252,254,115,170,29,146,44,204,73,147,51,,76,,,85,202,208,295,45,121,210,71,307,328,84,321,100,104,150,109,99,288,279,63,51,72,272,318,82,310,204,234,23,287,56,230,223,110,182,169,82,34,38,16,,,150,293,,,80,266,107,91,88,68,81,167,44,46,261,303,48,49,53,120,98,223,82,134,139,213,37,20,,278,,,b'\x11\xe8\xe1I\xc8\x12SD\xaf\x82\x12\xdf\x17\xaeN\x1e'
11E8E149-C812-5344-AF82-12DF17AE4E1E,2011-ncaa-d1-conf-SEC,ncaa,3,3,3,3,6,5,5,3,6,5,5,5,9,5,11,6,5,6,8,6,6,3,4,7,7,6,11,8,6,3,2,5,10,3,5,7,9,5,3,5,3,4,2,2,,,6,6,,,5,6,8,5,5,5,4,5,6,9,6,6,6,6,4,5,2,6,3,8,4,4,2,,6,,,5,5,4,9,4,4,3,5,9,11,2,10,6,5,10,5,6,9,8,4,4,3,12,10,6,11,10,6,2,11,5,8,10,4,4,7,4,3,1,1,,,6,6,,,5,7,5,3,5,3,3,8,3,3,9,10,4,5,5,7,7,11,6,10,6,4,3,1,,6,,,b'\x11\xe8\xe1I\xc8\x12SD\xaf\x82\x12\xdf\x17\xaeN\x1e'
11E8E149-C812-5344-AF82-12DF17AE4E1E,2011-ncaa-d1-natl,ncaa,54,57,28,59,38,92,56,44,143,44,54,95,181,115,294,172,221,166,298,166,297,55,59,172,201,170,301,231,310,19,25,69,205,27,59,140,290,151,76,146,97,137,42,39,,,178,97,,,87,89,275,229,164,92,88,71,114,217,158,285,252,254,118,174,32,152,49,212,74,154,52,,75,,,92,187,192,290,48,110,189,79,305,326,85,320,92,88,155,93,99,277,270,67,55,80,270,317,80,303,205,217,25,270,59,220,225,126,190,175,72,33,35,15,,,166,294,,,87,250,111,101,94,72,83,171,47,47,262,305,48,50,53,126,95,228,83,137,142,220,36,19,,281,,,b'\x11\xe8\xe1I\xc8\x12SD\xaf\x82\x12\xdf\x17\xaeN\x1e'
11E8E149-C812-5344-AF82-12DF17AE4E1E,2011-ncaa-d1-ncaatournament,ncaa,9,2,9,9,9,17,16,13,44,16,13,46,19,15,37,43,25,22,58,22,45,15,15,47,52,49,44,36,50,13,38,12,43,12,37,22,49,53,35,49,12,25,12,17,,,49,21,,,56,15,54,3,48,44,36,41,29,40,42,50,43,43,43,46,27,25,26,52,31,24,21,,18,,,37,50,50,53,12,46,51,7,55,54,38,52,44,51,12,51,39,53,50,14,11,11,54,56,30,55,43,57,38,56,37,50,42,15,33,29,43,14,41,19,,,14,36,,,56,49,48,19,38,14,11,29,4,16,49,50,20,28,26,27,27,45,42,46,29,34,8,19,,33,,,b'\x11\xe8\xe1I\xc8\x12SD\xaf\x82\x12\xdf\x17\xaeN\x1e'
11E8E149-C812-5344-AF82-12DF17AE4E1E,2012-ncaa-d0-natl,ncaa,59,36,120,52,154,88,48,89,32,37,64,37,166,188,104,236,234,204,273,207,297,94,137,47,76,43,299,229,323,87,59,187,173,138,86,151,303,49,35,80,38,30,285,275,,,187,195,,,29,159,183,262,53,26,57,24,53,168,199,251,219,221,80,150,88,231,139,153,48,36,296,,167,,,25,90,122,124,165,112,91,212,174,220,105,262,59,81,47,81,126,101,172,178,138,63,158,235,81,153,173,91,59,111,86,59,57,51,35,27,35,25,222,130,,,217,271,,,29,180,29,56,27,80,113,85,103,48,170,212,50,68,67,64,136,148,78,92,61,44,31,209,,254,,,b'\x11\xe8\xe1I\xc8\x12SD\xaf\x82\x12\xdf\x17\xaeN\x1e'
11E8E149-C812-5344-AF82-12DF17AE4E1E,2012-ncaa-d1-conf-SEC,ncaa,5,3,8,3,10,7,5,6,4,2,3,4,8,7,5,7,9,10,7,10,10,6,11,4,4,3,11,9,11,9,9,6,5,8,6,6,8,1,1,2,3,2,12,11,,,3,5,,,3,10,6,8,4,2,3,2,1,7,7,8,10,10,4,7,9,5,4,5,1,2,12,,6,,,3,2,3,4,5,4,2,10,7,10,4,10,1,1,9,1,6,2,1,6,6,7,7,10,4,4,5,5,9,4,6,5,7,8,4,7,3,4,4,4,,,10,10,,,3,2,3,7,3,5,8,5,5,3,7,10,2,2,2,4,4,6,7,6,7,6,5,6,,10,,,b'\x11\xe8\xe1I\xc8\x12SD\xaf\x82\x12\xdf\x17\xaeN\x1e'
11E8E149-C812-5344-AF82-12DF17AE4E1E,2012-ncaa-d1-natl,ncaa,68,36,137,54,181,100,52,98,33,39,69,39,170,196,104,233,248,218,273,222,299,109,161,50,78,48,297,227,322,94,62,217,177,157,95,170,304,36,35,84,43,31,295,276,,,168,198,,,35,194,186,262,60,26,61,24,56,168,201,249,221,223,85,157,91,239,146,161,47,36,299,,173,,,30,70,97,97,172,93,67,214,159,205,116,261,50,66,51,68,127,73,140,183,146,74,159,233,81,140,177,68,62,82,95,49,57,62,37,27,27,28,214,139,,,243,274,,,35,148,32,66,33,86,120,85,109,50,172,211,50,72,72,64,133,153,80,94,63,49,32,217,,258,,,b'\x11\xe8\xe1I\xc8\x12SD\xaf\x82\x12\xdf\x17\xaeN\x1e'
11E8E149-C812-5344-AF82-12DF17AE4E1E,2012-ncaa-d1-ncaatournament,ncaa,33,2,33,33,34,36,36,35,31,42,46,44,22,38,5,12,54,58,23,57,60,37,39,20,27,23,10,5,60,38,22,52,4,48,17,56,63,9,22,52,27,3,50,41,,,26,61,,,32,41,18,5,16,11,5,36,36,1,6,53,58,57,13,15,17,49,38,55,23,3,46,,57,,,34,22,6,1,60,3,2,58,24,19,55,48,29,24,57,23,62,2,3,61,64,60,62,49,59,1,4,14,22,4,17,4,4,38,8,4,4,5,6,14,,,61,64,,,32,20,18,51,36,53,21,2,10,4,50,28,56,53,52,3,3,1,36,6,4,12,5,8,,61,,,b'\x11\xe8\xe1I\xc8\x12SD\xaf\x82\x12\xdf\x17\xaeN\x1e'
11E8E149-C812-5344-AF82-12DF17AE4E1E,2013-ncaa-d0-natl,ncaa,14,20,16,20,19,31,28,12,110,25,22,94,129,76,261,191,85,59,244,54,218,12,18,143,156,92,268,226,244,15,53,39,115,17,81,38,162,93,17,32,17,22,128,165,,,253,109,,,26,37,196,242,84,57,43,46,73,194,150,172,142,141,44,132,41,149,60,77,29,34,190,,114,,,27,164,213,295,52,179,251,63,256,291,96,265,30,62,3,72,46,275,308,63,27,12,155,280,29,268,115,312,53,312,81,197,169,14,25,35,93,26,231,104,,,72,242,,,26,312,60,13,26,27,54,95,47,73,172,210,8,24,26,60,142,130,167,140,87,39,39,154,,210,,,b'\x11\xe8\xe1I\xc8\x12SD\xaf\x82\x12\xdf\x17\xaeN\x1e'
11E8E149-C812-5344-AF82-12DF17AE4E1E,2013-ncaa-d1-conf-SEC,ncaa,4,3,3,4,7,7,7,6,11,7,6,9,9,4,13,5,6,5,5,5,9,5,6,10,9,8,10,10,4,3,4,6,5,5,5,9,9,3,5,6,3,3,12,11,,,8,9,,,6,7,9,9,8,8,6,7,8,9,5,7,6,6,5,7,3,6,3,9,3,3,12,,6,,,6,3,5,6,4,5,4,7,10,11,5,13,2,2,1,2,4,5,8,5,4,2,9,11,4,3,5,11,4,10,5,6,7,4,3,4,7,6,9,8,,,10,13,,,6,8,8,2,6,2,3,5,3,2,10,10,3,3,3,2,3,3,12,9,6,4,5,8,,11,,,b'\x11\xe8\xe1I\xc8\x12SD\xaf\x82\x12\xdf\x17\xaeN\x1e'
11E8E149-C812-5344-AF82-12DF17AE4E1E,2013-ncaa-d1-natl,ncaa,15,20,17,20,20,37,32,13,116,27,24,96,138,82,263,191,93,65,247,60,216,13,20,146,161,95,264,225,238,15,55,47,121,18,85,46,165,80,18,34,20,23,134,166,,,241,109,,,26,42,197,242,87,61,43,50,76,198,150,174,143,139,45,136,42,151,67,76,30,37,198,,119,,,27,148,199,287,56,162,239,67,252,285,104,265,27,56,3,63,46,263,305,66,29,13,157,277,30,256,121,307,55,307,85,190,168,15,30,38,84,26,224,109,,,77,239,,,26,307,60,13,26,28,59,96,49,74,175,211,9,24,25,61,139,131,173,145,92,40,40,159,,210,,,b'\x11\xe8\xe1I\xc8\x12SD\xaf\x82\x12\xdf\x17\xaeN\x1e'
11E8E149-C812-5344-AF82-12DF17AE4E1E,2013-ncaa-d1-ncaatournament,ncaa,5,2,5,5,5,8,8,7,32,10,8,34,3,3,26,23,11,10,50,10,27,8,8,29,36,23,25,24,41,8,37,7,50,7,45,8,40,43,5,4,10,45,10,31,,,58,22,,,7,8,57,5,29,25,26,29,36,22,21,43,32,30,28,45,35,23,35,31,4,40,31,,21,,,11,57,58,59,8,55,57,8,60,60,22,55,52,54,3,54,24,59,58,10,4,7,44,53,18,62,50,62,37,62,45,55,17,8,43,20,43,11,54,23,,,12,38,,,7,57,17,18,11,6,12,43,11,22,44,54,13,23,21,41,30,57,43,53,9,45,9,16,,41,,,b'\x11\xe8\xe1I\xc8\x12SD\xaf\x82\x12\xdf\x17\xaeN\x1e'
11E8E149-C812-5344-AF82-12DF17AE4E1E,2014-ncaa-d0-natl,ncaa,89,88,85,95,108,147,101,103,131,94,137,96,154,117,229,134,296,238,330,231,283,119,113,141,211,211,268,152,330,55,49,160,51,96,42,113,160,227,190,153,65,37,185,168,,,284,321,,,63,153,261,216,196,115,123,125,170,164,135,318,282,275,168,169,62,224,123,126,186,76,210,,253,,,63,45,40,78,75,56,116,68,77,98,102,126,183,172,176,171,232,89,149,61,79,36,213,130,285,49,51,125,49,79,42,33,87,72,33,20,87,66,249,207,,,162,239,,,63,179,156,26,70,24,18,17,26,35,53,65,155,158,152,18,39,29,80,36,21,86,70,226,,229,,,b'\x11\xe8\xe1I\xc8\x12SD\xaf\x82\x12\xdf\x17\xaeN\x1e'
11E8E149-C812-5344-AF82-12DF17AE4E1E,2014-ncaa-d1-conf-SEC,ncaa,6,6,5,6,7,10,9,7,9,10,10,5,5,3,11,2,14,12,13,12,12,8,7,10,10,10,8,4,14,6,5,8,1,6,4,11,9,9,8,11,6,3,10,10,,,11,14,,,7,9,10,6,12,8,5,10,11,5,3,14,13,14,9,8,6,7,7,12,7,4,10,,12,,,7,5,4,3,9,4,4,10,5,6,8,8,9,10,9,10,13,3,5,9,10,9,10,6,12,2,1,10,5,4,4,3,4,7,6,4,5,4,7,9,,,11,13,,,7,6,10,7,8,4,4,2,3,2,6,7,10,9,9,3,3,2,9,4,3,8,5,8,,12,,,b'\x11\xe8\xe1I\xc8\x12SD\xaf\x82\x12\xdf\x17\xaeN\x1e'
11E8E149-C812-5344-AF82-12DF17AE4E1E,2014-ncaa-d1-natl,ncaa,93,88,100,96,126,166,119,120,141,112,153,99,161,125,229,133,304,256,331,251,282,141,136,151,216,216,268,153,331,61,50,190,52,110,46,131,169,208,192,159,76,44,194,169,,,268,322,,,72,180,263,219,202,125,128,131,170,163,134,319,284,278,173,175,64,229,130,135,188,80,214,,252,,,69,32,28,52,81,41,88,74,66,87,102,124,176,165,180,164,232,62,114,66,84,40,213,123,284,41,52,104,50,60,46,22,86,83,39,24,75,67,240,214,,,185,239,,,72,152,165,26,75,24,18,17,26,37,53,66,158,158,153,19,38,29,81,37,22,91,70,228,,230,,,b'\x11\xe8\xe1I\xc8\x12SD\xaf\x82\x12\xdf\x17\xaeN\x1e'
11E8E149-C812-5344-AF82-12DF17AE4E1E,2014-ncaa-d1-ncaatournament,ncaa,33,2,33,33,34,50,43,41,48,46,39,54,42,55,15,38,53,55,55,52,59,43,42,50,51,48,29,19,57,34,6,49,40,38,26,39,23,7,13,17,41,16,54,59,,,7,37,,,39,59,60,3,49,37,13,42,15,23,36,51,53,49,21,31,3,46,25,26,10,25,53,,16,,,41,8,13,8,44,14,18,34,15,6,60,11,10,7,28,7,12,4,2,44,41,46,17,36,14,11,40,4,6,3,26,8,13,54,44,39,15,25,7,10,,,58,62,,,39,4,33,48,45,24,39,12,38,37,28,9,16,12,12,6,2,26,26,24,18,48,22,10,,58,,,b'\x11\xe8\xe1I\xc8\x12SD\xaf\x82\x12\xdf\x17\xaeN\x1e'
11E8E149-C812-5344-AF82-12DF17AE4E1E,2015-ncaa-d0-natl,ncaa,97,86,113,98,161,230,244,173,288,214,179,265,212,164,290,162,159,161,170,154,159,172,163,288,277,264,164,195,92,108,130,173,30,140,73,174,86,187,192,188,61,29,262,216,,,154,213,,,84,197,259,283,278,283,221,255,209,222,173,168,187,177,213,223,121,198,153,190,173,50,276,,126,,,83,18,29,54,69,33,36,160,119,205,18,293,28,37,70,44,137,38,101,82,58,10,178,244,104,23,30,170,130,90,73,50,147,71,24,27,112,122,221,228,,,130,115,,,84,142,250,8,84,11,16,17,22,13,106,204,30,37,42,14,34,17,151,62,49,52,116,209,,139,,,b'\x11\xe8\xe1I\xc8\x12SD\xaf\x82\x12\xdf\x17\xaeN\x1e'
11E8E149-C812-5344-AF82-12DF17AE4E1E,2015-ncaa-d1-conf-SEC,ncaa,7,9,4,9,7,11,11,6,13,11,12,13,6,2,10,2,10,11,4,11,10,9,8,12,11,12,4,2,7,9,11,7,2,7,5,7,3,10,9,8,10,9,12,8,,,6,8,,,9,8,11,7,13,12,9,12,12,4,2,10,12,12,10,10,10,7,9,9,8,9,12,,6,,,9,3,5,4,7,3,2,9,13,13,6,14,3,5,5,5,7,5,4,10,6,4,10,14,4,1,2,12,11,9,5,6,9,6,7,7,4,5,12,12,,,10,9,,,9,7,11,3,9,4,4,3,2,1,11,13,3,4,4,1,2,1,8,6,7,8,4,12,,11,,,b'\x11\xe8\xe1I\xc8\x12SD\xaf\x82\x12\xdf\x17\xaeN\x1e'
11E8E149-C812-5344-AF82-12DF17AE4E1E,2015-ncaa-d1-natl,ncaa,106,86,143,100,198,259,272,220,293,246,204,271,220,175,295,159,181,181,171,175,149,210,211,295,286,273,161,194,90,130,138,201,34,169,82,202,91,159,195,196,68,32,271,223,,,119,213,,,99,241,263,285,283,292,231,264,209,223,172,170,186,180,222,227,130,207,159,200,172,53,279,,128,,,97,13,20,29,72,25,17,164,101,194,20,288,22,30,71,35,139,21,61,88,61,16,175,243,106,19,34,142,138,60,82,35,150,80,31,29,104,126,208,232,,,151,106,,,99,103,256,8,97,13,17,18,21,13,104,204,31,39,44,14,34,18,155,66,51,57,116,216,,137,,,b'\x11\xe8\xe1I\xc8\x12SD\xaf\x82\x12\xdf\x17\xaeN\x1e'
11E8E149-C812-5344-AF82-12DF17AE4E1E,2016-ncaa-d0-natl,ncaa,78,58,114,71,148,147,124,135,127,114,129,150,145,157,132,177,264,219,313,220,267,149,152,135,173,170,219,155,296,78,52,102,108,79,55,58,23,157,148,57,131,117,101,77,,,276,301,,,35,197,249,212,162,119,146,119,142,164,167,284,253,257,166,192,68,92,60,33,145,139,109,,271,,,34,19,18,93,11,39,99,38,32,140,1,184,177,223,16,220,259,115,159,12,13,7,156,79,303,166,108,116,52,120,55,12,41,87,71,10,130,130,49,47,,,135,121,,,35,156,133,10,34,15,10,52,26,65,24,137,164,217,215,59,93,141,92,90,9,95,127,55,,138,,,b'\x11\xe8\xe1I\xc8\x12SD\xaf\x82\x12\xdf\x17\xaeN\x1e'
11E8E149-C812-5344-AF82-12DF17AE4E1E,2016-ncaa-d1-conf-SEC,ncaa,7,6,8,6,11,9,9,10,9,11,11,10,6,8,3,6,12,11,10,12,8,11,12,7,7,9,7,4,11,10,9,7,5,7,7,7,2,8,8,4,8,8,6,5,,,8,11,,,6,12,9,5,7,8,8,10,10,5,6,12,10,11,9,9,9,6,6,5,9,8,6,,11,,,6,1,1,3,4,1,3,6,4,9,2,10,7,7,4,7,11,2,2,4,3,3,9,6,10,4,5,6,9,6,7,2,5,9,7,2,7,7,2,4,,,10,7,,,6,3,9,2,6,3,2,6,2,3,5,10,9,11,11,6,6,8,10,10,4,6,8,3,,8,,,b'\x11\xe8\xe1I\xc8\x12SD\xaf\x82\x12\xdf\x17\xaeN\x1e'
11E8E149-C812-5344-AF82-12DF17AE4E1E,2016-ncaa-d1-natl,ncaa,85,58,142,74,179,174,145,167,145,143,161,158,158,175,136,179,281,249,313,250,266,184,189,143,181,177,217,155,295,90,53,130,112,97,57,64,23,128,152,59,155,126,116,81,,,264,304,,,45,240,252,199,170,131,151,133,144,166,171,284,253,256,173,196,71,99,64,36,145,151,117,,271,,,41,10,9,59,13,25,71,45,23,124,1,180,160,208,16,206,263,75,114,13,14,8,155,75,301,134,112,83,53,84,57,8,41,114,74,14,110,134,42,49,,,158,120,,,45,111,142,12,40,18,12,53,26,66,24,136,170,220,217,60,88,143,98,94,11,101,130,55,,136,,,b'\x11\xe8\xe1I\xc8\x12SD\xaf\x82\x12\xdf\x17\xaeN\x1e'
11E8E149-C812-5344-AF82-12DF17AE4E1E,2016-ncaa-d1-ncaatournament,ncaa,33,2,33,33,33,44,36,43,33,37,46,26,34,35,40,9,63,61,64,61,63,47,46,31,40,43,49,13,64,51,44,37,3,37,18,32,2,17,46,14,60,59,21,5,,,23,58,,,26,42,26,1,40,24,17,28,38,16,9,63,61,61,39,30,41,11,17,3,41,59,5,,51,,,27,7,2,6,26,3,4,23,11,12,19,18,23,29,11,28,58,9,8,20,22,23,37,17,58,5,3,16,44,8,18,3,17,51,31,13,9,19,7,22,,,56,57,,,26,12,44,11,29,15,10,8,19,12,14,17,48,57,55,15,10,5,45,24,7,34,18,16,,56,,,b'\x11\xe8\xe1I\xc8\x12SD\xaf\x82\x12\xdf\x17\xaeN\x1e'
11E8E149-C812-5344-AF82-12DF17AE4E1E,2017-ncaa-d0-natl,ncaa,150,152,116,162,121,187,151,185,119,79,92,112,323,299,316,310,157,147,205,136,223,184,167,192,185,218,335,331,137,160,116,124,259,132,144,80,39,245,240,127,189,195,51,53,,,293,277,,,176,164,236,29,220,177,236,72,85,330,319,175,162,152,225,206,172,131,144,69,240,196,51,,284,,,175,140,78,195,31,93,207,32,119,165,84,134,312,319,111,317,294,224,217,32,54,75,273,124,333,302,259,95,116,190,144,54,80,163,192,77,207,203,31,17,,,174,192,,,176,192,208,114,171,114,64,155,66,176,117,144,304,316,314,206,208,290,77,164,48,178,194,29,,210,,,b'\x11\xe8\xe1I\xc8\x12SD\xaf\x82\x12\xdf\x17\xaeN\x1e'
11E8E149-C812-5344-AF82-12DF17AE4E1E,2017-ncaa-d1-conf-SEC,ncaa,8,8,5,8,5,9,7,8,9,8,6,9,12,10,12,9,11,11,8,11,10,7,6,10,10,12,12,11,11,7,8,2,10,5,9,4,1,11,9,8,8,10,2,2,,,11,11,,,9,5,6,1,10,8,8,8,6,12,10,12,10,11,10,5,7,2,2,3,10,8,2,,12,,,9,9,4,8,2,4,6,2,11,14,3,12,13,14,4,13,13,12,11,2,2,3,13,9,12,14,10,9,8,13,9,3,6,9,10,5,12,10,5,5,,,13,12,,,9,10,11,4,9,9,3,10,3,5,9,14,13,13,13,12,12,14,9,11,4,10,10,5,,13,,,b'\x11\xe8\xe1I\xc8\x12SD\xaf\x82\x12\xdf\x17\xaeN\x1e'
11E8E149-C812-5344-AF82-12DF17AE4E1E,2017-ncaa-d1-natl,ncaa,157,151,144,166,147,215,183,231,127,99,115,115,330,314,315,309,186,177,202,164,229,225,209,198,194,222,332,330,138,188,121,151,266,169,157,98,41,228,246,134,211,205,61,56,,,274,282,,,190,214,239,26,225,188,242,79,90,331,320,187,169,162,231,216,182,147,153,77,241,203,51,,287,,,189,109,57,155,36,70,171,36,100,138,92,129,301,308,116,306,301,190,180,38,58,85,273,126,331,290,266,65,121,150,157,43,83,187,197,89,188,207,23,18,,,207,187,,,190,147,217,127,186,122,69,157,73,180,114,140,305,317,314,208,207,293,77,168,52,189,200,28,,214,,,b'\x11\xe8\xe1I\xc8\x12SD\xaf\x82\x12\xdf\x17\xaeN\x1e'
11E8E149-C812-5344-AF82-12DF17AE4E1E,2018-ncaa-d0-natl,ncaa,22,16,43,20,53,85,49,43,108,28,23,130,243,231,241,298,181,161,256,161,325,51,45,161,191,159,335,309,284,54,113,57,179,40,125,41,55,216,107,68,75,111,7,9,,,309,225,,,48,53,115,151,124,65,62,34,25,280,284,253,226,228,90,93,88,86,69,40,133,101,8,,251,,,48,101,73,247,8,130,303,6,32,55,48,13,310,301,236,307,206,270,309,5,12,8,149,28,334,303,179,280,113,301,125,44,80,26,48,11,212,121,39,10,,,138,268,,,48,300,140,10,47,31,17,107,51,267,17,16,257,253,262,135,247,243,188,214,18,41,145,27,,228,,,b'\x11\xe8\xe1I\xc8\x12SD\xaf\x82\x12\xdf\x17\xaeN\x1e'
11E8E149-C812-5344-AF82-12DF17AE4E1E,2018-ncaa-d1-conf-SEC,ncaa,3,3,4,3,4,10,6,4,9,6,4,10,12,7,14,9,11,11,7,12,13,6,6,11,11,11,13,10,12,8,11,4,8,4,8,5,3,7,7,5,4,5,2,1,,,12,10,,,4,5,4,3,11,7,3,6,4,13,8,12,12,12,6,4,8,5,5,4,7,3,1,,11,,,4,1,1,7,1,2,6,1,1,4,1,5,11,11,8,12,11,7,11,1,1,1,8,3,13,12,8,13,11,13,8,3,8,2,3,2,8,7,3,2,,,11,11,,,4,11,10,1,4,2,1,7,1,6,2,3,10,10,11,7,12,11,13,13,3,2,8,3,,11,,,b'\x11\xe8\xe1I\xc8\x12SD\xaf\x82\x12\xdf\x17\xaeN\x1e'
11E8E149-C812-5344-AF82-12DF17AE4E1E,2018-ncaa-d1-natl,ncaa,24,16,53,22,67,94,58,59,117,31,28,136,261,249,248,294,211,186,253,187,325,66,57,171,202,167,332,306,282,65,125,66,192,48,135,45,58,199,112,72,89,119,7,9,,,296,230,,,58,67,118,147,133,72,67,37,27,285,285,254,228,230,92,98,92,93,72,44,135,109,8,,252,,,56,72,45,223,10,106,302,6,26,38,50,13,304,293,238,297,207,254,296,6,14,8,149,28,332,296,192,260,125,281,135,32,82,36,60,14,191,126,30,11,,,178,268,,,58,285,151,10,56,36,18,111,56,270,16,15,263,253,264,138,247,252,192,221,22,47,150,28,,229,,,b'\x11\xe8\xe1I\xc8\x12SD\xaf\x82\x12\xdf\x17\xaeN\x1e'
11E8E149-C812-5344-AF82-12DF17AE4E1E,2018-ncaa-d1-ncaatournament,ncaa,17,2,17,17,18,32,32,24,54,23,17,53,61,46,63,61,25,22,40,22,43,24,20,57,57,57,60,64,9,16,11,21,30,18,24,27,12,50,45,43,20,23,13,13,,,42,36,,,51,26,42,7,54,51,32,28,7,63,61,29,24,21,27,15,5,24,5,31,51,20,11,,35,,,38,35,35,40,16,38,44,12,21,28,24,11,44,43,40,39,24,39,39,10,12,10,26,19,49,43,30,43,11,43,24,29,14,19,19,5,54,55,36,26,,,29,46,,,51,37,53,12,39,12,11,20,28,44,10,8,37,37,31,17,28,39,40,38,9,17,57,28,,38,,,b'\x11\xe8\xe1I\xc8\x12SD\xaf\x82\x12\xdf\x17\xaeN\x1e'
11E8E149-C812-5344-AF82-12DF17AE4E1E,2019-ncaa-d0-natl,ncaa,125,93,173,111,195,125,77,125,39,30,46,56,287,306,203,313,275,273,251,277,345,149,154,85,116,119,347,320,325,88,36,150,93,112,42,64,85,173,168,79,134,102,10,7,,,132,167,,,61,192,166,99,99,39,70,10,20,295,308,286,275,283,110,107,73,111,66,31,197,120,6,,159,,,53,52,46,114,55,104,211,40,24,34,82,25,227,204,278,198,167,118,125,34,57,51,117,31,304,83,93,54,36,48,42,9,23,150,123,25,226,212,68,30,,,297,336,,,61,151,102,39,58,63,46,106,119,256,25,25,249,229,218,118,149,102,62,64,19,127,231,78,,313,,,b'\x11\xe8\xe1I\xc8\x12SD\xaf\x82\x12\xdf\x17\xaeN\x1e'
11E8E149-C812-5344-AF82-12DF17AE4E1E,2019-ncaa-d1-conf-SEC,ncaa,7,6,9,7,9,8,5,6,3,3,3,4,10,10,4,9,13,14,8,14,14,8,9,4,5,5,13,9,13,7,5,8,4,8,6,3,2,7,8,3,5,5,2,2,,,4,6,,,6,10,5,1,5,3,5,2,3,10,9,13,13,13,6,4,5,6,5,1,9,4,2,,7,,,6,4,4,5,6,7,5,6,4,3,6,4,8,8,9,7,9,4,5,5,5,7,8,6,10,5,4,6,5,4,6,5,4,6,5,5,12,12,10,8,,,14,13,,,6,6,6,5,6,8,8,6,8,7,5,3,9,9,9,5,12,7,7,6,5,5,12,10,,13,,,b'\x11\xe8\xe1I\xc8\x12SD\xaf\x82\x12\xdf\x17\xaeN\x1e'
11E8E149-C812-5344-AF82-12DF17AE4E1E,2019-ncaa-d1-natl,ncaa,135,92,233,120,255,166,98,170,42,44,61,61,304,318,208,315,296,287,246,289,344,198,213,94,121,130,346,321,324,118,42,195,96,152,47,79,86,144,171,81,168,113,13,7,,,113,171,,,73,247,172,92,110,46,82,12,22,298,312,290,277,280,123,117,78,116,76,36,201,131,6,,167,,,65,29,26,68,62,84,174,48,17,15,90,22,211,180,281,174,168,62,79,39,61,58,110,32,299,60,96,23,42,21,47,5,23,193,131,34,205,218,58,33,,,318,335,,,73,93,109,49,69,73,61,109,127,256,27,24,256,226,222,118,148,106,63,64,21,136,234,84,,313,,,b'\x11\xe8\xe1I\xc8\x12SD\xaf\x82\x12\xdf\x17\xaeN\x1e'
11E8E149-C812-5344-AF82-12DF17AE4E1E,2020-ncaa-d0-natl,ncaa,123,150,33,146,71,141,100,103,124,52,30,164,275,293,237,309,177,219,93,215,311,118,77,189,187,220,319,310,200,135,146,96,150,103,131,95,143,291,244,195,156,191,58,106,,,278,223,,,172,68,139,240,206,156,173,74,49,302,314,218,259,256,207,156,180,156,163,126,249,194,68,,224,,,172,209,223,241,148,290,336,85,39,21,221,5,265,271,179,274,145,260,282,86,105,98,29,22,258,214,150,195,146,207,131,144,103,107,144,96,291,265,305,218,,,149,218,,,172,291,220,96,168,121,143,145,245,323,22,8,224,230,231,169,195,159,112,126,93,144,265,290,,211,,,b'\x11\xe8\xe1I\xc8\x12SD\xaf\x82\x12\xdf\x17\xaeN\x1e'
11E8E149-C812-5344-AF82-12DF17AE4E1E,2020-ncaa-d1-conf-SEC,ncaa,8,9,4,9,5,11,8,7,12,8,7,12,9,9,9,8,11,12,6,12,11,8,7,12,10,11,8,8,8,10,11,8,5,7,8,7,5,10,11,9,8,9,4,5,,,10,10,,,9,6,8,4,13,11,10,8,7,9,9,12,13,13,12,8,11,8,9,7,9,9,4,,10,,,9,6,6,7,6,9,12,6,1,2,3,2,13,12,12,12,10,8,10,5,6,5,1,1,13,5,5,11,11,9,8,8,8,5,5,4,11,12,9,9,,,10,11,,,9,10,12,4,9,6,6,4,7,12,1,2,12,12,12,6,9,4,11,9,6,6,11,9,,12,,,b'\x11\xe8\xe1I\xc8\x12SD\xaf\x82\x12\xdf\x17\xaeN\x1e'
11E8E149-C812-5344-AF82-12DF17AE4E1E,2020-ncaa-d1-natl,ncaa,133,150,45,151,96,180,127,138,134,63,39,173,290,306,239,308,198,241,93,241,312,155,112,204,196,227,317,311,194,161,158,123,157,133,142,115,149,278,250,200,186,205,64,111,,,260,232,,,187,99,144,230,220,165,182,77,53,302,316,220,260,259,215,162,189,161,178,135,254,205,70,,229,,,188,186,207,215,161,279,329,94,28,17,233,4,249,250,183,255,146,229,252,99,116,111,28,21,260,196,157,165,158,182,142,131,104,125,153,105,287,270,303,226,,,181,215,,,187,262,228,105,184,135,154,152,255,326,23,9,226,234,235,171,194,165,113,131,105,151,268,293,,211,,,b'\x11\xe8\xe1I\xc8\x12SD\xaf\x82\x12\xdf\x17\xaeN\x1e'
11E8E149-C812-5344-AF82-12DF17AE4E1E,2021-ncaa-d0-natl,ncaa,18,60,14,35,16,24,18,19,46,11,8,80,165,184,103,322,41,57,60,48,292,20,14,91,91,109,326,315,213,15,64,24,104,14,44,23,160,336,188,125,33,111,4,11,,,303,112,,,16,17,59,103,63,40,66,12,11,273,313,136,195,166,74,49,84,78,53,58,237,99,6,,157,,,30,279,282,315,59,314,340,48,90,106,52,4,317,311,178,307,88,319,327,28,38,26,16,10,266,302,104,289,64,297,44,137,13,12,81,5,327,171,300,86,,,26,231,,,16,327,102,21,33,70,94,167,215,330,8,7,200,202,198,174,255,142,73,86,11,56,216,177,,148,,,b'\x11\xe8\xe1I\xc8\x12SD\xaf\x82\x12\xdf\x17\xaeN\x1e'
11E8E149-C812-5344-AF82-12DF17AE4E1E,2021-ncaa-d1-conf-SEC,ncaa,3,5,2,3,2,4,2,2,7,2,2,8,6,7,7,8,7,8,3,8,13,2,2,9,8,10,10,8,11,2,4,3,7,2,4,2,3,14,13,9,3,3,2,2,,,13,11,,,3,2,4,7,9,6,7,4,6,7,8,10,10,10,7,5,4,7,4,4,14,4,2,,10,,,4,9,8,11,4,9,12,4,2,2,1,1,13,13,7,13,8,12,13,2,4,2,3,1,13,13,7,11,4,11,4,2,1,1,2,1,13,11,12,6,,,4,8,,,3,13,9,3,4,3,1,3,5,11,1,1,10,9,9,4,12,8,5,6,1,2,12,10,,7,,,b'\x11\xe8\xe1I\xc8\x12SD\xaf\x82\x12\xdf\x17\xaeN\x1e'
11E8E149-C812-5344-AF82-12DF17AE4E1E,2021-ncaa-d1-natl,ncaa,21,60,18,37,21,29,21,22,48,12,9,82,171,188,103,321,49,66,59,54,292,23,15,94,93,114,327,314,212,20,67,26,110,16,53,25,163,330,195,129,41,117,4,11,,,296,113,,,20,22,62,103,71,42,70,14,12,275,315,138,196,170,78,53,86,83,62,60,239,105,6,,156,,,33,274,279,312,66,313,338,47,86,99,55,4,307,304,177,300,91,313,322,28,40,26,16,9,267,291,110,278,67,292,53,126,13,17,84,5,322,176,296,90,,,33,231,,,20,322,111,24,35,71,99,171,222,330,7,7,201,203,198,177,254,146,77,88,11,58,220,181,,148,,,b'\x11\xe8\xe1I\xc8\x12SD\xaf\x82\x12\xdf\x17\xaeN\x1e'
11E8E149-C812-5344-AF82-12DF17AE4E1E,2021-ncaa-d1-ncaatournament,ncaa,17,2,17,17,18,28,25,25,33,20,18,30,44,38,56,57,21,22,30,21,38,23,22,45,43,47,53,60,22,16,8,23,34,21,11,22,15,43,43,34,21,18,15,14,,,21,1,,,18,26,51,7,42,34,37,17,13,58,55,26,29,28,28,24,8,32,14,18,45,23,13,,1,,,15,33,39,40,25,42,44,32,21,32,13,23,8,10,26,10,2,35,35,18,13,10,5,20,5,39,34,37,8,36,11,45,56,21,15,31,50,52,35,22,,,26,42,,,18,36,35,11,19,7,21,16,31,34,10,15,2,2,3,9,10,32,16,15,38,20,52,31,,40,,,b'\x11\xe8\xe1I\xc8\x12SD\xaf\x82\x12\xdf\x17\xaeN\x1e'
11E8E149-C812-5344-AF82-12DF17AE4E1E,2022-ncaa-d0-natl,ncaa,67,67,79,72,88,80,47,61,61,17,9,130,325,343,182,350,134,155,93,152,343,68,61,147,153,141,355,349,233,42,42,70,115,46,45,33,62,251,140,66,74,100,3,4,,,134,50,,,47,78,99,130,89,31,34,4,3,344,348,173,206,207,53,56,47,73,33,22,191,101,2,,64,,,44,153,177,251,75,240,310,37,54,45,157,11,156,204,50,207,85,252,268,43,39,27,44,56,178,225,115,191,42,204,45,66,30,53,89,27,297,210,263,52,,,163,313,,,47,276,111,25,49,66,99,177,181,315,28,15,108,140,140,166,228,174,92,116,31,80,246,224,,243,,,b'\x11\xe8\xe1I\xc8\x12SD\xaf\x82\x12\xdf\x17\xaeN\x1e'
11E8E149-C812-5344-AF82-12DF17AE4E1E,2022-ncaa-d1-conf-SEC,ncaa,7,6,9,7,13,11,9,12,5,6,6,6,13,13,9,13,11,12,1,13,14,12,11,10,8,9,14,12,10,10,5,9,5,9,4,4,1,9,12,7,7,4,4,3,,,4,6,,,7,11,5,12,11,6,10,2,3,13,13,10,12,13,10,9,8,7,5,1,12,5,4,,4,,,7,3,2,3,6,3,3,4,4,3,10,5,5,5,10,5,6,1,2,8,7,5,7,8,11,3,5,2,5,1,4,3,3,7,4,3,13,14,2,2,,,12,10,,,7,4,11,6,7,4,4,4,4,5,5,4,7,7,7,3,5,3,3,2,4,4,14,2,,9,,,b'\x11\xe8\xe1I\xc8\x12SD\xaf\x82\x12\xdf\x17\xaeN\x1e'
11E8E149-C812-5344-AF82-12DF17AE4E1E,2022-ncaa-d1-natl,ncaa,74,67,100,76,114,98,57,72,66,18,10,144,335,346,189,351,154,184,92,180,344,88,78,153,159,153,355,352,230,53,45,83,122,55,54,36,61,230,147,72,96,117,3,4,,,104,54,,,54,105,103,122,101,34,40,4,3,346,349,177,209,209,62,61,51,76,42,22,192,112,2,,68,,,51,124,156,218,83,220,302,38,43,32,172,11,138,185,51,191,88,212,250,49,45,34,44,53,178,203,122,157,45,170,54,49,32,74,101,32,286,221,254,58,,,193,308,,,54,246,124,33,55,75,110,179,187,316,31,15,111,140,144,169,226,177,96,124,33,91,249,231,,244,,,b'\x11\xe8\xe1I\xc8\x12SD\xaf\x82\x12\xdf\x17\xaeN\x1e'
11E8E149-C812-5344-AF82-12DF17AE4E1E,2022-ncaa-d1-ncaatournament,ncaa,17,2,17,17,18,32,31,25,51,23,19,50,49,42,55,61,24,25,35,25,48,24,22,56,55,55,58,62,21,16,13,20,30,20,14,21,2,48,43,23,21,26,5,3,,,33,2,,,34,28,39,5,50,47,32,26,8,62,60,27,29,33,31,24,17,16,12,12,43,26,3,,3,,,29,38,40,44,15,38,46,7,46,45,49,45,23,28,20,29,10,41,41,19,17,18,52,59,13,38,30,40,13,40,14,46,50,27,33,36,41,36,36,28,,,28,51,,,34,39,52,17,30,17,19,33,10,36,46,44,6,9,11,27,27,35,29,30,38,34,32,37,,46,,,b'\x11\xe8\xe1I\xc8\x12SD\xaf\x82\x12\xdf\x17\xaeN\x1e'
11E8E149-C812-5344-AF82-12DF17AE4E1E,2023-ncaa-d0-natl,ncaa,59,91,29,87,41,70,54,66,59,14,9,119,322,345,203,357,59,53,193,56,261,60,45,141,135,150,357,356,135,40,23,105,200,68,58,43,70,320,215,113,10,12,113,83,,,303,199,,,55,52,180,272,129,83,165,18,16,349,357,111,115,119,144,129,67,247,148,59,230,15,160,,193,,,56,202,149,241,61,48,107,78,326,328,194,336,207,232,88,226,271,245,319,104,105,26,346,346,202,271,200,118,23,180,58,338,360,10,13,69,289,183,121,12,,,39,100,,,55,312,121,26,56,39,24,48,6,12,278,287,113,130,128,40,162,167,15,30,272,18,190,58,,99,,,b'\x11\xe8\xe1I\xc8\x12SD\xaf\x82\x12\xdf\x17\xaeN\x1e'
11E8E149-C812-5344-AF82-12DF17AE4E1E,2023-ncaa-d1-conf-SEC,ncaa,5,5,5,5,6,7,5,8,5,4,5,3,14,14,13,14,6,5,5,5,12,8,8,7,7,9,14,14,5,7,7,8,9,9,7,3,3,12,10,5,1,1,11,8,,,12,11,,,5,7,7,5,9,5,11,4,6,14,14,6,7,7,10,9,11,10,8,3,12,1,11,,10,,,5,3,2,2,4,1,2,7,13,14,4,13,8,9,2,9,14,3,8,6,6,3,13,13,10,9,9,5,7,6,7,12,14,1,1,3,10,12,1,1,,,5,4,,,5,7,10,4,5,3,3,1,1,1,11,13,6,9,9,1,7,8,5,4,12,1,9,1,,6,,,b'\x11\xe8\xe1I\xc8\x12SD\xaf\x82\x12\xdf\x17\xaeN\x1e'
11E8E149-C812-5344-AF82-12DF17AE4E1E,2023-ncaa-d1-natl,ncaa,67,91,33,89,48,78,61,76,59,15,10,126,333,351,206,357,72,65,192,66,260,73,53,149,146,156,355,356,127,46,29,134,205,82,61,47,74,312,223,117,12,14,122,86,,,286,207,,,59,66,184,270,138,87,186,18,18,350,357,110,114,117,160,137,74,258,162,61,231,18,165,,198,,,62,168,107,208,68,38,72,85,323,322,211,336,190,216,95,204,275,219,306,123,120,29,346,346,202,251,205,88,29,138,61,331,359,11,15,80,271,188,107,14,,,45,90,,,59,297,127,30,61,45,29,48,6,11,284,289,114,134,129,45,162,174,15,30,281,22,196,64,,102,,,b'\x11\xe8\xe1I\xc8\x12SD\xaf\x82\x12\xdf\x17\xaeN\x1e'
11E8E149-C812-5344-AF82-12DF17AE4E1E,2023-ncaa-d1-ncaatournament,ncaa,18,2,18,18,21,24,25,25,31,26,20,49,24,35,9,52,21,24,19,23,37,25,23,32,27,38,30,35,26,24,22,18,6,19,6,20,10,49,53,34,13,3,35,40,,,39,16,,,22,22,14,7,25,27,32,32,14,30,52,28,32,31,32,24,22,2,4,12,53,3,45,,18,,,22,41,39,46,6,21,35,5,61,56,45,67,35,34,42,33,27,42,46,23,24,16,65,65,23,33,6,42,22,38,6,50,60,23,23,26,47,37,40,28,,,29,46,,,22,49,38,10,20,23,18,46,2,6,61,68,20,15,13,35,39,15,31,17,46,19,39,27,,37,,,b'\x11\xe8\xe1I\xc8\x12SD\xaf\x82\x12\xdf\x17\xaeN\x1e'
11E8E149-C812-5344-AF82-12DF17AE4E1E,2024-ncaa-d0-natl,ncaa,225,228,196,234,218,207,164,166,160,78,46,198,340,345,301,346,223,211,269,214,318,168,172,244,250,241,358,350,199,116,98,147,254,139,156,161,158,181,186,169,167,170,192,195,,,118,95,,,233,198,132,187,202,136,112,40,17,344,346,217,190,197,123,115,93,100,78,135,201,148,188,,142,,,235,189,169,226,98,101,162,81,300,287,255,290,141,179,38,177,190,225,193,145,125,164,311,324,136,271,254,139,98,205,156,298,334,230,254,309,175,184,58,15,,,269,309,,,233,168,225,214,226,221,214,293,122,188,325,315,160,202,198,290,265,301,185,250,318,216,208,68,,276,,,b'\x11\xe8\xe1I\xc8\x12SD\xaf\x82\x12\xdf\x17\xaeN\x1e'
11E8E149-C812-5344-AF82-12DF17AE4E1E,2024-ncaa-d1-conf-SEC,ncaa,13,13,9,13,10,14,14,13,12,10,10,12,13,13,14,12,12,12,4,12,13,13,13,13,13,13,13,12,10,12,11,14,10,13,10,12,9,11,13,13,11,10,13,13,,,5,8,,,13,13,11,5,14,14,13,9,7,13,13,12,12,12,13,13,11,13,13,11,13,11,13,,6,,,13,7,6,4,12,3,1,11,12,10,9,13,6,7,3,7,12,2,3,12,12,12,14,13,7,5,10,7,11,5,10,13,14,10,9,14,10,13,1,2,,,14,13,,,13,3,14,12,13,9,7,5,6,1,13,11,8,9,9,5,5,5,8,9,13,10,12,1,,14,,,b'\x11\xe8\xe1I\xc8\x12SD\xaf\x82\x12\xdf\x17\xaeN\x1e'
11E8E149-C812-5344-AF82-12DF17AE4E1E,2024-ncaa-d1-natl,ncaa,243,230,254,247,283,251,207,213,175,105,60,214,351,351,310,348,255,238,270,238,320,220,237,259,266,254,359,349,199,147,115,195,266,181,173,192,169,153,192,184,202,187,211,200,,,93,105,,,254,257,139,171,222,151,122,44,19,349,349,219,194,200,137,125,108,114,90,149,206,161,193,,146,,,256,157,142,190,110,71,116,90,292,272,259,289,129,165,43,163,194,188,140,163,145,193,311,327,138,263,266,103,115,166,173,292,337,271,272,318,154,197,52,16,,,303,311,,,254,108,239,234,252,240,226,299,140,190,328,318,165,211,204,294,266,308,192,262,324,233,213,73,,277,,,b'\x11\xe8\xe1I\xc8\x12SD\xaf\x82\x12\xdf\x17\xaeN\x1e'
11E8E149-C812-5344-AF82-12DF17AE4E1E,2025-ncaa-d0-natl,genius_ncaa,203,249,90,228,108,149,122,111,183,82,54,226,272,287,181,321,167,142,274,143,276,110,101,219,229,216,312,301,187,102,130,126,140,111,140,214,322,246,172,248,104,111,285,300,,,250,211,,341,230,106,147,226,185,147,129,88,58,289,318,202,164,168,133,130,131,174,144,260,191,120,305,,204,,344,224,295,277,261,226,223,203,234,318,313,265,300,211,187,292,189,196,261,244,259,257,269,278,298,135,176,140,235,130,216,140,333,320,163,206,294,42,24,318,222,,,138,209,,271,230,257,206,243,218,247,239,219,168,123,308,298,178,151,151,209,187,139,177,158,321,192,33,306,,187,,291,b'\x11\xe8\xe1I\xc8\x12SD\xaf\x82\x12\xdf\x17\xaeN\x1e'
11E8E149-C812-5344-AF82-12DF17AE4E1E,2025-ncaa-d1-conf-SEC,genius_ncaa,12,12,6,12,9,12,12,10,14,11,8,15,13,13,15,13,12,10,15,10,11,10,10,15,15,15,12,13,10,11,13,10,12,10,14,15,15,10,9,14,9,6,15,13,,,9,12,,14,14,10,13,7,15,14,13,13,7,13,13,13,10,10,13,13,11,12,12,15,9,7,15,,10,,15,14,11,11,6,9,4,3,11,14,15,11,16,11,10,12,10,15,6,7,11,12,12,16,15,9,6,12,14,13,10,14,15,16,11,9,14,1,2,16,14,,,11,12,,12,14,6,14,12,14,10,8,5,3,1,15,14,12,10,10,5,5,7,14,12,15,10,1,16,,12,,12,b'\x11\xe8\xe1I\xc8\x12SD\xaf\x82\x12\xdf\x17\xaeN\x1e'
11E8E149-C812-5344-AF82-12DF17AE4E1E,2025-ncaa-d1-natl,genius_ncaa,222,249,113,244,136,171,141,139,188,99,65,238,281,299,184,323,188,160,274,161,274,139,129,228,237,223,311,300,182,133,143,155,143,139,155,250,329,209,178,259,121,121,300,306,,,224,216,,338,258,139,156,212,200,163,144,93,60,294,322,206,167,169,147,138,140,187,157,277,190,128,310,,206,,346,254,278,264,234,237,198,167,250,308,302,276,301,199,169,295,171,195,231,219,270,272,283,278,300,133,156,143,210,143,183,155,326,321,199,221,306,34,24,311,235,,,167,206,,276,258,229,220,259,251,265,254,225,177,121,311,299,183,153,158,214,186,142,182,162,327,209,36,310,,189,,293,b'\x11\xe8\xe1I\xc8\x12SD\xaf\x82\x12\xdf\x17\xaeN\x1e'
11E8E149-C812-5344-AF82-12DF17AE4E1E,2026-ncaa-d0-natl,genius_ncaa,5,1,49,1,73,34,29,51,24,25,34,44,79,124,45,262,57,70,109,67,208,48,70,37,33,26,274,226,246,86,69,63,37,68,33,65,265,116,26,36,32,34,70,39,,,275,229,,141,15,67,145,97,23,25,54,21,45,109,212,87,112,104,55,123,143,86,98,78,32,50,83,,177,,89,14,104,71,192,14,43,132,20,214,276,68,290,226,255,79,258,292,187,264,16,21,11,345,285,311,137,37,182,69,162,33,26,28,29,22,4,90,30,150,54,,,95,203,,113,15,280,22,9,15,6,3,13,4,12,97,194,142,167,169,16,91,39,44,31,2,37,34,85,,181,,175,b'\x11\xe8\xe1I\xc8\x12SD\xaf\x82\x12\xdf\x17\xaeN\x1e'
11E8E149-C812-5344-AF82-12DF17AE4E1E,2026-ncaa-d1-natl,genius_ncaa,5,1,85,1,117,41,35,74,26,28,50,51,106,172,46,263,86,103,110,99,203,72,113,40,37,29,266,225,229,126,90,93,46,100,47,85,281,78,34,42,50,38,87,42,,,235,245,,108,15,111,163,100,25,27,70,23,55,125,223,91,121,118,71,148,173,105,126,96,37,63,92,,193,,96,14,59,29,130,16,19,77,23,163,244,80,294,193,217,95,221,295,131,207,19,24,14,344,282,309,88,46,129,90,108,47,12,29,48,29,5,53,35,120,58,,,130,198,,131,15,224,23,11,15,9,6,18,5,11,114,195,152,179,182,22,87,43,47,33,3,49,37,100,,180,,163,b'\x11\xe8\xe1I\xc8\x12SD\xaf\x82\x12\xdf\x17\xaeN\x1e'
11E8E149-C816-B420-AF82-12DF17AE4E1E,2010-ncaa-d0-natl,ncaa,159,145,178,163,223,245,191,234,125,96,98,148,332,334,283,331,285,264,272,270,329,244,271,209,229,203,342,332,252,204,127,306,285,278,222,141,93,57,132,80,34,10,187,136,,,136,247,,,100,276,302,276,255,170,233,61,50,330,333,292,267,273,254,289,187,323,303,117,73,25,189,,160,,,99,16,12,21,74,16,21,92,53,89,77,194,160,181,92,175,303,23,71,81,102,26,245,157,297,139,285,62,127,70,222,18,142,73,17,13,40,90,65,37,,,293,262,,,100,64,203,41,97,17,13,9,22,15,70,93,180,206,202,9,48,169,64,84,24,48,55,74,,299,,,b'\x11\xe8\xe1I\xc8\x16\xb4 \xaf\x82\x12\xdf\x17\xaeN\x1e'
11E8E149-C816-B420-AF82-12DF17AE4E1E,2010-ncaa-d1-conf-CAA,ncaa,10,9,8,10,10,11,10,9,10,7,5,10,12,12,10,12,10,10,10,10,11,9,11,10,9,9,12,12,10,8,8,11,7,10,9,8,4,2,4,3,2,1,8,8,,,2,7,,,7,11,10,9,11,9,7,5,2,12,12,10,10,10,6,9,7,10,8,6,4,2,8,,3,,,7,1,1,1,6,1,1,6,5,5,8,9,5,5,6,5,12,1,1,6,7,6,12,8,8,3,7,6,8,2,9,2,10,5,2,4,2,3,5,6,,,12,11,,,7,2,10,7,7,3,2,2,1,1,7,8,7,7,7,2,1,4,9,6,4,2,3,6,,12,,,b'\x11\xe8\xe1I\xc8\x16\xb4 \xaf\x82\x12\xdf\x17\xaeN\x1e'
11E8E149-C816-B420-AF82-12DF17AE4E1E,2010-ncaa-d1-natl,ncaa,166,145,191,167,255,261,205,249,128,102,105,152,333,335,284,330,295,277,270,282,329,266,297,211,236,204,342,333,250,217,130,321,287,298,230,148,97,45,132,83,36,10,199,137,,,123,247,,,102,306,304,276,264,175,233,61,50,330,333,292,270,277,254,290,190,324,305,121,74,25,191,,161,,,100,8,6,7,81,7,11,97,44,79,83,193,154,170,94,165,304,8,42,84,107,29,246,154,298,124,287,41,130,49,230,14,144,84,17,16,34,90,59,37,,,307,260,,,102,36,204,42,98,17,13,9,22,16,69,92,180,205,200,9,47,171,64,83,24,53,56,75,,301,,,b'\x11\xe8\xe1I\xc8\x16\xb4 \xaf\x82\x12\xdf\x17\xaeN\x1e'
11E8E149-C816-B420-AF82-12DF17AE4E1E,2011-ncaa-d0-natl,ncaa,208,242,119,231,161,234,175,149,217,104,68,237,299,297,268,306,288,249,311,260,331,166,104,263,284,300,334,304,291,52,27,146,283,86,80,222,252,331,310,296,57,64,42,27,,,244,214,,,241,142,141,257,274,201,162,110,52,314,313,315,277,286,204,100,41,169,61,239,314,60,32,,238,,,236,172,87,190,42,43,134,23,268,242,258,226,289,306,91,309,308,229,244,66,94,92,335,281,297,304,283,85,27,193,80,176,278,100,132,135,314,285,235,145,,,262,329,,,241,208,279,130,230,143,78,163,37,103,266,244,283,290,292,223,247,298,60,168,175,110,298,222,,304,,,b'\x11\xe8\xe1I\xc8\x16\xb4 \xaf\x82\x12\xdf\x17\xaeN\x1e'
11E8E149-C816-B420-AF82-12DF17AE4E1E,2011-ncaa-d1-conf-CAA,ncaa,8,9,3,9,6,9,9,5,11,7,3,11,10,9,10,10,10,7,11,7,12,5,5,11,11,11,10,9,9,3,4,4,8,4,6,9,9,12,10,11,5,7,2,2,,,12,10,,,9,5,4,8,10,9,4,8,2,10,9,10,7,7,5,4,3,3,3,10,11,4,2,,12,,,9,10,5,8,3,1,4,2,12,11,9,11,12,12,2,12,12,9,9,5,5,5,12,12,12,12,8,10,4,11,6,9,12,6,9,10,8,8,12,11,,,7,9,,,9,9,11,7,9,9,5,9,1,4,12,12,12,12,12,9,10,11,9,10,9,5,8,12,,7,,,b'\x11\xe8\xe1I\xc8\x16\xb4 \xaf\x82\x12\xdf\x17\xaeN\x1e'
11E8E149-C816-B420-AF82-12DF17AE4E1E,2011-ncaa-d1-natl,ncaa,226,240,132,237,184,257,197,169,223,122,76,241,305,308,267,306,299,260,312,273,332,192,124,267,286,307,333,303,286,58,28,173,287,101,86,232,254,327,313,298,67,70,45,31,,,228,214,,,247,170,145,260,276,212,163,119,55,315,312,314,282,288,206,101,43,173,62,246,314,64,33,,239,,,244,151,74,161,46,31,116,25,261,230,260,222,278,299,94,301,309,207,222,70,100,103,336,280,297,297,287,63,28,167,86,169,281,117,140,142,310,289,227,153,,,279,328,,,247,183,285,140,237,152,80,166,40,107,269,243,284,293,296,225,247,300,63,172,176,114,300,226,,304,,,b'\x11\xe8\xe1I\xc8\x16\xb4 \xaf\x82\x12\xdf\x17\xaeN\x1e'
11E8E149-C816-B420-AF82-12DF17AE4E1E,2012-ncaa-d0-natl,ncaa,279,288,163,287,177,187,155,133,207,70,33,242,336,334,314,340,118,58,320,57,200,110,79,282,286,288,333,339,84,100,125,138,280,111,206,254,301,312,260,297,70,85,33,51,,,285,231,,,292,81,14,99,170,128,81,39,2,337,335,95,34,33,52,15,79,93,62,265,315,44,25,,309,,,285,293,234,264,159,224,283,97,221,166,285,94,325,325,259,325,290,294,279,161,203,221,264,146,301,305,280,246,125,293,206,280,268,138,212,231,320,287,193,67,,,116,216,,,292,263,286,246,284,309,271,315,269,313,234,194,329,327,327,332,335,322,271,315,287,110,319,201,,88,,,b'\x11\xe8\xe1I\xc8\x16\xb4 \xaf\x82\x12\xdf\x17\xaeN\x1e'
11E8E149-C816-B420-AF82-12DF17AE4E1E,2012-ncaa-d1-conf-CAA,ncaa,12,12,8,12,8,11,10,8,10,4,1,10,12,12,12,12,7,5,11,6,12,7,2,12,12,12,12,12,3,6,6,7,11,5,8,11,12,12,12,12,1,1,2,2,,,11,10,,,12,4,2,1,10,7,3,4,1,12,12,7,4,4,3,2,4,3,4,10,12,1,1,,11,,,12,9,6,8,5,6,8,4,10,7,8,7,12,12,9,12,12,11,11,5,5,5,12,9,11,12,11,8,6,9,8,9,10,3,4,6,12,12,9,7,,,9,10,,,12,10,12,6,12,10,8,10,7,10,10,8,12,12,12,11,11,12,10,11,9,2,12,10,,4,,,b'\x11\xe8\xe1I\xc8\x16\xb4 \xaf\x82\x12\xdf\x17\xaeN\x1e'
11E8E149-C816-B420-AF82-12DF17AE4E1E,2012-ncaa-d1-natl,ncaa,286,288,196,289,217,207,180,160,215,76,33,250,339,335,313,339,129,69,319,68,201,127,93,286,289,291,333,339,78,109,133,153,286,127,212,271,301,304,264,299,77,92,37,51,,,277,238,,,295,96,16,90,178,134,85,41,3,338,335,95,33,32,54,16,84,94,68,270,315,47,26,,310,,,295,282,225,248,167,215,269,102,212,151,290,94,323,323,262,322,291,285,265,172,208,226,263,146,302,297,286,225,133,277,212,278,269,158,218,240,317,288,180,70,,,139,210,,,295,245,291,252,292,312,273,318,269,313,236,194,329,327,327,333,332,323,276,319,290,115,322,209,,84,,,b'\x11\xe8\xe1I\xc8\x16\xb4 \xaf\x82\x12\xdf\x17\xaeN\x1e'
11E8E149-C816-B420-AF82-12DF17AE4E1E,2013-ncaa-d0-natl,ncaa,196,166,251,196,277,214,199,215,176,154,162,174,256,248,250,234,202,228,127,222,237,220,212,207,204,215,259,247,171,160,108,202,184,195,126,222,223,189,219,224,145,112,124,110,,,101,128,,,162,223,118,161,173,150,134,108,95,245,227,170,198,190,150,112,112,136,107,195,244,108,106,,165,,,163,85,68,115,88,78,128,84,131,142,146,169,188,136,334,132,167,110,122,89,119,110,230,175,247,160,184,75,108,95,126,80,138,178,126,102,226,249,55,52,,,296,312,,,162,126,198,122,162,175,146,207,139,205,173,189,248,193,187,215,221,221,150,182,133,120,270,80,,273,,,b'\x11\xe8\xe1I\xc8\x16\xb4 \xaf\x82\x12\xdf\x17\xaeN\x1e'
11E8E149-C816-B420-AF82-12DF17AE4E1E,2013-ncaa-d1-conf-CAA,ncaa,9,7,10,9,10,10,10,8,10,10,5,10,9,8,9,6,5,6,8,6,4,7,9,10,10,9,5,6,4,5,5,11,7,9,7,9,6,5,5,8,6,4,6,6,,,4,7,,,7,9,4,3,7,8,4,6,5,8,6,4,5,5,4,3,4,9,5,7,7,5,6,,6,,,8,6,5,1,8,4,2,5,8,3,10,5,7,6,10,6,9,1,2,8,9,8,10,8,8,3,7,5,5,4,7,3,3,6,5,2,6,7,10,9,,,10,10,,,7,2,9,8,8,9,5,6,6,8,9,6,10,9,10,7,8,5,9,8,4,4,7,10,,7,,,b'\x11\xe8\xe1I\xc8\x16\xb4 \xaf\x82\x12\xdf\x17\xaeN\x1e'
11E8E149-C816-B420-AF82-12DF17AE4E1E,2013-ncaa-d1-natl,ncaa,201,165,292,202,306,234,221,236,181,172,180,180,266,253,254,234,215,241,129,235,231,241,239,214,208,216,256,246,168,179,111,221,188,218,132,238,226,172,221,227,158,122,130,111,,,90,132,,,170,253,120,157,179,154,140,116,99,248,227,169,197,189,154,118,116,139,113,202,244,114,107,,166,,,170,65,53,87,92,69,100,90,126,133,154,173,182,124,334,122,168,78,92,98,124,123,231,174,247,141,188,58,111,70,132,74,139,190,134,107,212,250,48,55,,,309,312,,,170,95,202,131,170,180,150,209,145,208,176,191,250,195,191,217,220,224,153,186,134,125,269,81,,273,,,b'\x11\xe8\xe1I\xc8\x16\xb4 \xaf\x82\x12\xdf\x17\xaeN\x1e'
11E8E149-C816-B420-AF82-12DF17AE4E1E,2014-ncaa-d0-natl,ncaa,221,246,131,240,155,159,155,115,228,143,118,236,188,161,216,188,170,172,137,168,239,125,87,232,229,270,188,181,186,113,130,136,224,121,158,180,200,326,291,280,97,132,298,321,,,312,283,,,269,84,34,206,173,160,90,150,119,185,167,182,195,190,108,49,123,130,116,198,323,92,305,,319,,,265,296,289,254,249,282,261,222,235,197,277,143,225,279,29,279,218,269,269,247,223,216,151,178,164,258,224,200,130,233,158,281,221,119,168,210,261,195,158,122,,,186,298,,,269,266,262,224,257,288,292,284,275,270,236,194,227,276,277,304,303,255,201,243,283,115,248,158,,216,,,b'\x11\xe8\xe1I\xc8\x16\xb4 \xaf\x82\x12\xdf\x17\xaeN\x1e'
11E8E149-C816-B420-AF82-12DF17AE4E1E,2014-ncaa-d1-conf-Sun Belt,ncaa,5,5,5,5,6,6,5,6,5,6,8,5,6,5,7,4,6,7,4,7,7,6,4,6,6,9,6,4,6,4,4,2,3,2,4,4,2,9,8,7,4,4,8,8,,,8,7,,,6,4,2,4,5,4,4,6,7,5,4,7,7,7,5,2,3,1,1,1,9,4,8,,8,,,6,8,8,9,7,7,6,6,10,10,5,8,3,6,1,6,7,9,7,8,5,7,7,10,3,8,3,4,4,6,4,10,9,7,8,10,9,8,6,6,,,10,9,,,6,7,8,6,6,8,8,9,8,8,10,9,4,6,6,9,9,9,6,6,10,7,9,6,,10,,,b'\x11\xe8\xe1I\xc8\x16\xb4 \xaf\x82\x12\xdf\x17\xaeN\x1e'
11E8E149-C816-B420-AF82-12DF17AE4E1E,2014-ncaa-d1-natl,ncaa,230,244,145,247,180,176,176,134,236,165,141,241,194,168,217,186,191,194,139,190,237,147,107,238,229,275,185,183,185,134,134,166,227,140,162,202,204,323,293,282,108,139,306,322,,,301,282,,,275,98,39,206,179,172,95,155,121,188,169,188,198,192,111,52,131,139,122,204,323,98,308,,320,,,273,284,278,234,257,270,246,227,226,184,280,141,208,267,31,267,219,249,259,258,233,229,150,177,163,243,227,180,134,207,162,275,220,131,172,216,241,196,148,131,,,211,300,,,275,253,268,239,264,297,297,288,278,274,239,192,229,277,278,303,303,255,208,247,285,118,248,159,,218,,,b'\x11\xe8\xe1I\xc8\x16\xb4 \xaf\x82\x12\xdf\x17\xaeN\x1e'
11E8E149-C816-B420-AF82-12DF17AE4E1E,2015-ncaa-d0-natl,ncaa,232,209,243,234,272,179,182,243,91,178,200,138,175,231,55,205,198,237,88,234,213,244,238,105,97,132,183,173,189,187,86,273,200,255,111,149,125,193,242,169,177,140,324,323,,,149,219,,,205,250,151,283,132,126,187,134,158,156,212,157,204,201,191,168,162,244,218,103,242,148,322,,205,,,205,174,168,106,274,143,73,280,235,212,240,261,175,173,165,178,241,110,90,288,278,289,234,254,163,102,200,23,86,28,111,244,286,232,221,277,228,268,131,158,,,238,208,,,205,98,126,278,208,261,256,185,215,114,277,260,210,218,219,199,160,150,47,64,297,222,263,166,,186,,,b'\x11\xe8\xe1I\xc8\x16\xb4 \xaf\x82\x12\xdf\x17\xaeN\x1e'
11E8E149-C816-B420-AF82-12DF17AE4E1E,2015-ncaa-d1-conf-Sun Belt,ncaa,8,9,5,9,8,6,5,7,3,5,7,3,3,6,2,6,8,9,1,9,8,7,7,3,3,4,5,4,8,8,5,9,5,9,5,3,2,8,8,5,4,5,10,9,,,5,7,,,8,7,6,9,5,5,7,5,8,4,6,8,10,10,6,7,7,10,7,1,8,3,10,,7,,,8,9,7,5,10,4,2,10,11,10,10,11,7,6,8,6,8,5,4,11,11,11,10,11,5,3,5,2,5,2,5,10,10,9,8,11,10,8,5,5,,,9,8,,,8,5,4,10,8,9,8,4,4,3,11,9,5,4,5,4,4,4,3,3,10,8,8,5,,9,,,b'\x11\xe8\xe1I\xc8\x16\xb4 \xaf\x82\x12\xdf\x17\xaeN\x1e'
11E8E149-C816-B420-AF82-12DF17AE4E1E,2015-ncaa-d1-natl,ncaa,222,207,209,225,275,168,161,233,90,163,177,140,161,223,48,206,171,212,71,211,207,227,211,103,93,130,179,171,179,171,72,264,204,231,99,129,126,208,240,170,156,131,316,313,,,161,210,,,197,229,133,285,116,114,163,124,145,150,208,133,188,189,176,148,142,231,190,101,247,134,316,,212,,,198,200,181,120,265,151,87,269,243,226,227,264,191,186,184,192,240,126,115,273,271,277,238,253,175,124,204,20,72,31,99,251,277,230,213,266,235,259,152,163,,,218,204,,,197,121,121,268,198,261,250,188,209,117,273,267,217,213,222,212,181,163,42,65,290,206,264,180,,171,,,b'\x11\xe8\xe1I\xc8\x16\xb4 \xaf\x82\x12\xdf\x17\xaeN\x1e'
11E8E149-C816-B420-AF82-12DF17AE4E1E,2016-ncaa-d0-natl,ncaa,256,249,240,258,258,202,184,208,152,114,148,119,293,261,313,256,185,146,316,149,160,197,159,212,223,248,304,299,170,123,82,267,324,210,208,259,308,290,282,306,99,91,316,308,,,263,276,,,276,178,55,182,156,128,135,78,92,288,240,167,89,89,118,48,82,248,153,252,323,57,314,,317,,,276,245,179,176,183,115,83,222,281,295,201,306,302,285,286,280,312,200,207,228,252,254,327,276,284,308,324,72,82,170,208,171,177,161,174,176,278,271,202,181,,,175,185,,,276,162,229,276,275,300,250,277,181,134,309,323,315,311,307,303,317,334,128,252,223,114,301,240,,104,,,b'\x11\xe8\xe1I\xc8\x16\xb4 \xaf\x82\x12\xdf\x17\xaeN\x1e'
11E8E149-C816-B420-AF82-12DF17AE4E1E,2016-ncaa-d1-conf-Sun Belt,ncaa,10,10,9,10,10,9,6,7,6,6,6,3,10,9,11,8,10,6,11,6,8,7,6,8,9,9,10,8,9,6,4,8,10,7,9,9,8,9,10,11,6,5,9,9,,,8,5,,,11,8,4,6,5,4,5,5,5,9,8,9,4,4,4,3,2,7,3,7,11,3,9,,9,,,11,8,7,7,5,6,5,7,11,11,8,10,8,8,9,8,9,7,6,6,7,9,11,10,4,11,10,3,4,6,9,8,6,9,11,11,9,10,8,7,,,9,9,,,11,4,8,10,11,8,8,10,7,6,11,11,8,8,8,10,10,11,4,9,8,8,11,8,,8,,,b'\x11\xe8\xe1I\xc8\x16\xb4 \xaf\x82\x12\xdf\x17\xaeN\x1e'
11E8E149-C816-B420-AF82-12DF17AE4E1E,2016-ncaa-d1-natl,ncaa,265,249,303,268,319,232,214,243,160,143,182,130,303,277,315,258,208,163,316,166,158,230,198,217,232,254,301,296,162,148,88,298,328,251,219,283,311,277,284,310,116,95,324,312,,,248,281,,,282,224,60,168,166,141,142,84,96,290,242,163,93,94,128,52,87,254,159,261,324,64,316,,316,,,283,229,158,138,198,94,55,229,270,283,211,303,294,270,288,265,313,170,159,234,265,267,326,273,284,293,328,44,88,137,219,151,178,195,187,190,260,275,192,189,,,210,181,,,282,119,236,292,283,306,258,279,184,135,311,323,318,311,306,307,319,335,131,255,230,128,300,243,,112,,,b'\x11\xe8\xe1I\xc8\x16\xb4 \xaf\x82\x12\xdf\x17\xaeN\x1e'
11E8E149-C816-B420-AF82-12DF17AE4E1E,2017-ncaa-d0-natl,ncaa,237,229,234,243,272,259,242,230,240,186,144,256,283,284,260,268,260,245,230,240,284,235,206,272,282,299,289,270,191,115,52,279,277,209,138,258,239,293,305,294,170,144,240,197,,,161,210,,,230,240,160,205,256,230,175,151,87,279,269,239,230,221,203,101,60,258,153,246,310,131,231,,225,,,232,79,76,82,147,42,25,206,244,263,152,317,105,121,95,119,246,71,113,185,176,132,296,307,149,195,277,46,52,69,138,176,283,122,70,147,200,223,191,172,,,186,163,,,230,96,278,148,238,154,134,142,67,35,286,307,133,166,168,138,202,248,92,147,228,68,252,225,,113,,,b'\x11\xe8\xe1I\xc8\x16\xb4 \xaf\x82\x12\xdf\x17\xaeN\x1e'
11E8E149-C816-B420-AF82-12DF17AE4E1E,2017-ncaa-d1-conf-Sun Belt,ncaa,7,7,8,7,9,8,7,10,5,6,7,7,10,11,6,10,8,8,5,8,11,10,8,5,5,7,10,10,8,6,4,8,7,8,4,8,8,8,10,9,7,5,8,5,,,7,7,,,6,9,7,4,7,7,7,5,6,10,10,8,8,8,8,5,4,7,6,8,9,6,8,,7,,,6,4,3,5,4,3,1,7,10,11,5,11,4,5,3,5,9,3,3,7,5,6,10,11,6,5,7,2,4,2,4,5,9,5,4,6,9,10,9,7,,,8,7,,,6,3,8,6,6,5,5,7,4,1,11,11,4,5,6,5,5,7,2,3,6,4,9,10,,8,,,b'\x11\xe8\xe1I\xc8\x16\xb4 \xaf\x82\x12\xdf\x17\xaeN\x1e'
11E8E149-C816-B420-AF82-12DF17AE4E1E,2017-ncaa-d1-natl,ncaa,236,229,217,237,280,262,230,214,228,165,130,251,286,286,267,276,250,243,216,238,289,230,188,271,277,294,299,280,186,92,42,285,292,193,143,251,241,291,302,287,151,134,238,205,,,175,198,,,228,235,160,212,243,213,163,122,70,286,272,225,224,216,179,93,52,268,135,231,305,122,228,,220,,,229,91,91,100,138,41,29,181,256,280,164,317,98,117,94,117,222,86,130,180,170,120,295,314,137,228,292,34,42,89,143,195,280,104,73,139,195,209,180,145,,,178,169,,,228,108,271,145,234,154,139,158,70,42,291,307,119,145,144,150,216,279,84,154,229,65,243,212,,114,,,b'\x11\xe8\xe1I\xc8\x16\xb4 \xaf\x82\x12\xdf\x17\xaeN\x1e'
11E8E149-C816-B420-AF82-12DF17AE4E1E,2018-ncaa-d0-natl,ncaa,310,295,295,314,309,288,313,312,274,268,228,305,305,324,195,290,106,136,88,138,72,297,287,292,248,272,167,270,12,202,109,322,341,299,267,318,261,227,290,315,187,150,259,246,,,81,131,,,305,306,178,180,256,296,277,243,143,288,301,31,53,56,230,156,122,306,246,306,294,142,242,,183,,,311,181,230,142,312,215,78,332,240,261,167,308,22,75,4,78,156,120,94,321,269,284,126,246,28,310,341,38,109,121,267,266,254,257,228,291,179,245,227,262,,,191,64,,,305,44,259,329,312,300,320,294,301,173,297,322,70,148,158,288,265,335,106,252,326,205,257,274,,76,,,b'\x11\xe8\xe1I\xc8\x16\xb4 \xaf\x82\x12\xdf\x17\xaeN\x1e'
11E8E149-C816-B420-AF82-12DF17AE4E1E,2018-ncaa-d1-conf-Sun Belt,ncaa,10,10,8,10,10,9,10,11,9,9,6,10,10,9,5,9,2,3,3,3,1,11,11,9,8,9,6,8,1,5,4,10,10,10,8,10,7,6,9,8,8,9,9,8,,,3,7,,,10,12,7,7,8,9,8,9,5,9,8,1,2,2,8,8,5,10,7,9,7,7,9,,8,,,10,9,11,5,10,9,2,12,11,12,6,12,1,1,2,1,5,4,3,11,10,11,5,11,1,10,10,3,4,6,8,12,12,11,10,11,4,7,7,9,,,6,4,,,10,2,8,11,10,9,11,9,11,4,12,12,1,3,4,8,7,10,4,7,12,10,5,7,,4,,,b'\x11\xe8\xe1I\xc8\x16\xb4 \xaf\x82\x12\xdf\x17\xaeN\x1e'
11E8E149-C816-B420-AF82-12DF17AE4E1E,2018-ncaa-d1-natl,ncaa,289,295,213,296,272,246,282,286,255,236,183,291,299,324,182,300,34,50,77,50,38,250,215,279,211,260,163,288,7,134,77,306,341,255,245,284,225,276,286,302,150,145,247,241,,,155,147,,,300,238,137,187,222,287,270,216,133,292,307,11,23,24,199,116,98,296,219,280,298,126,246,,211,,,299,269,283,221,315,252,103,332,293,303,187,313,54,135,2,138,181,211,186,322,280,282,160,272,31,332,341,44,77,173,245,299,249,214,222,282,236,255,259,258,,,88,39,,,300,109,235,326,299,306,318,299,293,157,314,328,90,176,180,296,280,338,83,233,322,182,272,285,,28,,,b'\x11\xe8\xe1I\xc8\x16\xb4 \xaf\x82\x12\xdf\x17\xaeN\x1e'
11E8E149-C816-B420-AF82-12DF17AE4E1E,2019-ncaa-d0-natl,ncaa,136,138,114,141,132,175,167,189,154,174,209,134,157,147,182,147,179,157,243,157,128,192,186,149,160,169,169,162,183,290,311,165,182,221,269,299,346,179,187,278,108,101,242,250,,,62,38,,,176,136,158,111,193,191,240,201,238,161,160,191,168,167,227,242,309,193,277,327,167,108,256,,47,,,177,158,215,219,171,172,157,195,267,283,165,299,26,33,90,33,49,182,212,196,138,106,166,290,26,205,182,249,311,243,269,208,184,100,90,140,106,124,122,135,,,76,37,,,176,217,213,116,176,133,204,202,146,119,271,282,24,29,31,135,196,178,236,225,195,100,112,116,,70,,,b'\x11\xe8\xe1I\xc8\x16\xb4 \xaf\x82\x12\xdf\x17\xaeN\x1e'
11E8E149-C816-B420-AF82-12DF17AE4E1E,2019-ncaa-d1-conf-Sun Belt,ncaa,6,4,5,4,7,8,8,10,3,9,10,2,5,5,8,2,9,9,7,9,4,10,9,3,3,4,2,4,7,12,11,7,8,9,9,10,10,5,8,9,3,3,7,6,,,1,1,,,5,8,8,6,8,8,10,9,11,3,4,8,8,8,10,9,12,6,9,10,4,3,7,,1,,,5,5,5,7,5,3,3,6,11,11,9,12,1,1,1,1,3,6,6,6,5,4,11,12,1,9,8,7,11,7,9,7,12,4,3,6,6,7,2,7,,,6,3,,,5,6,7,4,5,4,5,6,3,3,11,12,1,1,1,5,5,9,6,7,8,3,6,3,,4,,,b'\x11\xe8\xe1I\xc8\x16\xb4 \xaf\x82\x12\xdf\x17\xaeN\x1e'
11E8E149-C816-B420-AF82-12DF17AE4E1E,2019-ncaa-d1-natl,ncaa,148,137,155,146,178,213,214,241,165,216,244,143,166,164,188,144,203,191,239,191,128,240,239,156,168,179,165,158,175,310,316,209,189,274,279,319,345,152,189,290,134,111,261,257,,,44,37,,,194,197,166,103,208,214,248,218,241,165,161,195,176,175,238,251,313,203,291,330,166,121,263,,49,,,195,124,184,185,192,139,126,214,256,266,175,298,20,24,91,25,47,134,150,219,155,131,163,289,27,175,189,214,316,201,279,190,183,121,95,152,86,133,106,150,,,104,35,,,194,156,221,136,195,147,217,207,160,121,274,283,24,30,31,139,190,180,238,234,203,102,113,121,,74,,,b'\x11\xe8\xe1I\xc8\x16\xb4 \xaf\x82\x12\xdf\x17\xaeN\x1e'
11E8E149-C816-B420-AF82-12DF17AE4E1E,2020-ncaa-d0-natl,ncaa,295,289,191,299,222,305,286,224,315,222,188,261,303,228,345,204,272,258,259,264,249,237,234,330,325,319,279,275,165,210,249,278,284,262,300,336,344,204,227,327,190,186,120,126,,,102,112,,,313,232,206,152,321,301,212,223,172,306,212,276,256,257,233,214,209,282,266,344,216,181,116,,129,,,313,201,226,180,258,242,209,235,173,123,253,126,124,136,110,139,137,162,147,251,228,240,115,156,111,243,284,267,249,265,300,249,224,208,206,254,155,182,102,104,,,276,266,,,313,121,319,264,314,236,259,212,254,228,186,149,149,153,157,202,190,254,283,277,263,201,181,117,,267,,,b'\x11\xe8\xe1I\xc8\x16\xb4 \xaf\x82\x12\xdf\x17\xaeN\x1e'
11E8E149-C816-B420-AF82-12DF17AE4E1E,2020-ncaa-d1-conf-Sun Belt,ncaa,11,10,9,11,10,11,11,11,11,11,10,10,11,10,12,7,12,12,7,12,12,11,11,12,12,11,9,8,10,9,9,10,8,11,8,11,11,7,10,11,8,6,3,3,,,1,3,,,11,11,8,5,11,11,9,8,8,11,9,12,12,12,10,8,8,8,7,10,9,6,2,,2,,,11,3,4,3,6,5,4,6,3,3,9,6,5,3,7,3,3,2,2,6,6,7,4,7,5,5,8,7,9,7,8,7,10,10,7,9,5,8,6,8,,,12,12,,,11,2,11,7,11,4,7,6,9,8,7,5,6,5,5,6,7,7,10,9,9,8,6,6,,12,,,b'\x11\xe8\xe1I\xc8\x16\xb4 \xaf\x82\x12\xdf\x17\xaeN\x1e'
11E8E149-C816-B420-AF82-12DF17AE4E1E,2020-ncaa-d1-natl,ncaa,303,289,257,304,280,326,323,272,321,264,220,274,309,242,346,202,292,276,260,279,250,284,286,335,329,327,279,276,159,232,256,306,288,297,303,345,347,190,231,330,218,199,133,131,,,82,116,,,320,284,212,148,328,313,225,233,176,304,213,275,258,261,245,221,215,288,273,348,220,198,121,,130,,,321,174,211,139,270,224,181,242,159,105,264,126,112,121,114,123,138,122,89,259,234,258,111,153,111,220,288,239,256,235,303,239,227,234,214,263,134,188,93,110,,,299,262,,,320,69,322,269,322,246,270,215,263,233,188,147,152,161,166,204,190,260,283,285,268,209,184,117,,268,,,b'\x11\xe8\xe1I\xc8\x16\xb4 \xaf\x82\x12\xdf\x17\xaeN\x1e'
11E8E149-C816-B420-AF82-12DF17AE4E1E,2021-ncaa-d0-natl,ncaa,128,165,136,152,140,130,137,134,192,137,120,198,138,132,156,180,128,83,280,80,91,124,118,182,194,194,138,162,139,203,299,125,309,154,318,152,215,258,193,212,92,157,49,76,,,284,231,,,176,103,35,70,140,148,132,173,157,147,152,126,71,67,111,81,265,134,209,190,225,105,51,,296,,,171,213,194,249,58,213,266,55,158,190,98,78,293,304,97,303,254,255,268,49,60,59,197,89,300,326,309,291,299,312,318,184,137,66,129,84,201,148,329,319,,,102,114,,,176,237,233,107,172,199,155,262,182,291,121,134,310,314,310,309,330,331,316,331,143,65,174,319,,85,,,b'\x11\xe8\xe1I\xc8\x16\xb4 \xaf\x82\x12\xdf\x17\xaeN\x1e'
11E8E149-C816-B420-AF82-12DF17AE4E1E,2021-ncaa-d1-conf-Sun Belt,ncaa,7,4,5,6,7,4,4,4,6,5,5,3,4,4,9,4,4,4,9,4,3,4,4,5,6,4,5,5,7,8,12,4,11,6,12,7,6,5,4,5,5,6,3,2,,,9,7,,,7,4,4,8,3,4,4,4,6,5,4,5,2,2,4,5,9,5,7,6,7,4,2,,7,,,7,6,6,9,3,6,9,3,6,7,4,5,9,9,5,9,9,9,9,3,3,5,9,6,11,10,11,9,12,9,12,5,6,7,8,7,5,7,10,11,,,5,3,,,7,9,6,7,7,8,5,9,5,11,6,8,11,11,11,9,9,11,11,12,6,7,5,12,,4,,,b'\x11\xe8\xe1I\xc8\x16\xb4 \xaf\x82\x12\xdf\x17\xaeN\x1e'
11E8E149-C816-B420-AF82-12DF17AE4E1E,2021-ncaa-d1-natl,ncaa,119,165,105,146,113,124,122,111,188,117,110,186,111,109,158,160,119,71,277,70,90,102,99,173,182,189,127,150,146,201,300,103,302,137,315,134,210,257,174,194,72,139,47,81,,,293,233,,,156,79,32,72,130,140,114,163,159,127,131,121,73,68,96,76,262,121,197,180,214,86,54,,298,,,156,222,207,251,53,231,279,59,153,191,72,80,303,320,82,316,259,274,280,44,58,52,170,68,304,329,302,306,300,319,315,186,136,56,125,78,198,126,328,312,,,89,123,,,156,262,222,94,158,189,148,260,185,294,95,133,308,314,312,306,330,328,318,331,138,60,156,316,,91,,,b'\x11\xe8\xe1I\xc8\x16\xb4 \xaf\x82\x12\xdf\x17\xaeN\x1e'
11E8E149-C816-B420-AF82-12DF17AE4E1E,2022-ncaa-d0-natl,ncaa,282,210,337,269,337,300,306,319,230,286,304,183,271,260,272,175,257,187,342,184,53,305,321,237,252,234,178,209,115,325,308,339,319,348,340,321,314,38,162,256,150,74,278,264,,,189,317,,,257,313,51,11,171,176,123,171,147,200,141,128,50,48,78,72,264,271,292,273,203,43,234,,338,,,268,56,45,30,220,86,59,246,14,28,71,76,263,257,229,255,322,40,49,189,231,191,131,32,328,133,319,108,308,104,340,66,192,197,90,104,80,212,56,147,,,258,85,,,257,43,257,207,263,290,242,226,286,267,84,114,343,340,340,288,330,305,329,335,235,40,241,150,,56,,,b'\x11\xe8\xe1I\xc8\x16\xb4 \xaf\x82\x12\xdf\x17\xaeN\x1e'
11E8E149-C816-B420-AF82-12DF17AE4E1E,2022-ncaa-d1-conf-Sun Belt,ncaa,10,8,10,10,10,10,11,10,9,10,10,8,8,7,8,6,8,7,11,7,3,10,9,10,10,9,5,6,5,9,11,10,11,11,11,9,8,3,6,6,4,2,5,5,,,6,10,,,10,8,7,2,9,10,8,10,8,6,7,7,5,5,6,8,11,11,12,10,5,2,4,,11,,,10,5,3,5,6,3,5,7,3,4,5,7,9,8,10,8,10,5,6,5,8,6,8,5,12,8,11,9,11,8,11,3,7,5,4,3,5,8,5,6,,,9,6,,,10,5,10,7,10,7,5,6,6,8,4,6,12,11,11,8,9,11,11,11,7,2,6,7,,5,,,b'\x11\xe8\xe1I\xc8\x16\xb4 \xaf\x82\x12\xdf\x17\xaeN\x1e'
11E8E149-C816-B420-AF82-12DF17AE4E1E,2022-ncaa-d1-natl,ncaa,269,209,326,252,326,281,288,301,235,272,284,185,244,231,276,169,237,165,332,159,51,286,301,231,253,236,170,195,126,313,309,319,309,329,336,305,289,56,159,239,145,99,256,238,,,257,328,,,240,289,49,16,167,177,120,171,153,187,136,132,58,55,82,74,261,228,272,256,201,62,208,,343,,,244,75,57,42,182,107,93,219,18,45,33,81,285,293,168,291,326,61,76,145,177,144,135,31,332,182,309,165,309,164,336,66,162,164,98,88,88,181,68,142,,,238,104,,,240,66,257,168,240,262,208,221,262,256,70,124,343,342,342,285,328,305,330,334,185,49,217,143,,69,,,b'\x11\xe8\xe1I\xc8\x16\xb4 \xaf\x82\x12\xdf\x17\xaeN\x1e'
11E8E149-C816-B420-AF82-12DF17AE4E1E,2023-ncaa-d0-natl,ncaa,266,301,116,283,145,227,232,257,208,152,127,211,348,342,332,335,84,90,154,87,97,219,187,253,229,254,309,345,24,182,163,121,191,132,123,254,243,269,281,288,303,323,136,118,,,137,136,,,244,195,277,208,284,284,328,162,146,351,348,86,86,80,298,270,202,118,155,287,249,323,143,,115,,,239,171,91,205,51,68,144,66,219,268,101,257,286,280,220,287,297,231,174,68,85,172,323,240,307,238,191,102,163,149,123,245,322,294,323,319,297,307,142,107,,,220,214,,,244,166,255,194,240,129,68,167,53,98,210,262,280,271,276,216,107,231,73,120,229,329,281,129,,243,,,b'\x11\xe8\xe1I\xc8\x16\xb4 \xaf\x82\x12\xdf\x17\xaeN\x1e'
11E8E149-C816-B420-AF82-12DF17AE4E1E,2023-ncaa-d1-conf-Sun Belt,ncaa,12,12,5,12,6,13,13,14,10,9,8,9,13,12,14,11,8,9,4,8,6,13,13,12,11,12,11,13,1,10,9,8,8,8,7,12,3,10,13,11,14,14,4,4,,,1,5,,,12,13,14,8,13,13,14,10,8,13,12,7,9,9,14,14,11,6,9,12,10,14,5,,1,,,12,4,3,5,3,3,3,4,10,11,4,12,10,10,6,10,12,5,3,5,5,8,12,10,11,6,8,3,9,3,7,11,14,14,13,14,12,12,5,4,,,12,7,,,12,3,12,9,12,6,3,5,3,3,9,12,10,9,9,5,1,5,2,2,11,14,12,5,,12,,,b'\x11\xe8\xe1I\xc8\x16\xb4 \xaf\x82\x12\xdf\x17\xaeN\x1e'
11E8E149-C816-B420-AF82-12DF17AE4E1E,2023-ncaa-d1-natl,ncaa,243,301,56,283,77,186,185,187,163,91,79,180,342,336,333,337,61,57,161,53,106,156,122,231,205,230,328,349,27,133,129,79,185,97,103,207,233,297,270,263,218,252,111,106,,,144,90,,,191,127,264,225,253,255,317,118,123,351,350,78,73,72,278,247,181,106,135,264,242,254,137,,87,,,191,189,103,257,36,74,184,48,240,296,87,261,293,287,226,297,288,273,250,41,64,112,326,250,306,273,185,125,129,189,103,264,326,224,276,278,311,290,185,112,,,172,224,,,191,235,227,130,190,96,47,158,39,87,204,261,268,261,267,191,120,235,52,109,218,286,271,147,,240,,,b'\x11\xe8\xe1I\xc8\x16\xb4 \xaf\x82\x12\xdf\x17\xaeN\x1e'
11E8E149-C816-B420-AF82-12DF17AE4E1E,2024-ncaa-d0-natl,ncaa,206,148,298,199,309,195,199,209,185,183,193,183,224,220,217,209,137,137,184,133,113,194,231,203,190,167,195,223,94,168,170,245,306,219,252,219,231,73,117,171,110,88,194,186,,,206,239,,,200,250,61,164,104,116,59,102,92,178,168,68,64,60,54,55,103,134,106,172,169,66,155,,305,,,202,157,112,127,166,81,111,128,224,176,290,212,225,272,34,264,295,143,135,192,196,193,307,256,258,287,306,144,170,215,252,166,226,196,175,187,135,182,122,136,,,212,181,,,200,104,159,261,202,293,251,290,189,243,303,270,292,324,318,313,324,342,286,327,267,112,229,190,,108,,,b'\x11\xe8\xe1I\xc8\x16\xb4 \xaf\x82\x12\xdf\x17\xaeN\x1e'
11E8E149-C816-B420-AF82-12DF17AE4E1E,2024-ncaa-d1-conf-Sun Belt,ncaa,9,6,11,9,11,9,9,9,9,9,6,10,10,7,8,8,8,10,5,10,10,10,10,11,11,8,9,9,9,9,8,8,9,10,9,7,4,4,4,4,6,3,9,7,,,3,9,,,9,10,8,4,6,5,5,5,5,9,7,6,9,9,7,7,7,7,5,5,5,4,8,,9,,,9,5,5,5,8,3,5,5,11,9,12,10,5,9,4,9,11,5,5,8,9,11,14,14,11,7,9,6,8,9,9,9,13,10,7,10,5,9,13,11,,,12,12,,,9,5,7,12,10,10,7,7,4,6,14,12,11,13,11,7,9,10,10,10,14,7,8,13,,10,,,b'\x11\xe8\xe1I\xc8\x16\xb4 \xaf\x82\x12\xdf\x17\xaeN\x1e'
11E8E149-C816-B420-AF82-12DF17AE4E1E,2024-ncaa-d1-natl,ncaa,190,150,254,184,283,157,165,156,186,156,163,181,200,183,219,202,129,122,185,120,134,148,171,196,187,165,194,217,116,133,148,214,319,188,257,178,196,105,120,146,82,77,186,180,,,230,212,,,177,187,56,171,97,98,53,96,95,166,146,82,75,74,47,53,93,137,101,137,174,54,157,,290,,,177,193,145,179,135,92,144,96,254,217,274,217,249,286,52,279,293,204,218,176,179,155,312,263,266,327,319,203,148,277,257,203,235,137,142,161,161,171,164,149,,,199,206,,,177,170,155,226,181,273,231,284,176,234,304,270,297,319,312,310,329,347,285,334,259,87,220,207,,131,,,b'\x11\xe8\xe1I\xc8\x16\xb4 \xaf\x82\x12\xdf\x17\xaeN\x1e'
11E8E149-C816-B420-AF82-12DF17AE4E1E,2025-ncaa-d0-natl,genius_ncaa,171,176,135,178,135,180,210,157,280,268,220,275,131,109,204,103,96,102,182,100,60,149,167,247,231,198,54,102,69,332,354,243,353,302,360,277,314,108,115,246,24,24,27,8,,,241,147,,187,251,109,104,8,197,248,159,292,242,125,90,87,97,98,146,190,344,292,342,305,109,16,19,,237,,174,242,259,174,230,109,43,83,97,344,336,293,349,312,283,317,279,318,249,286,192,221,140,360,349,283,351,353,351,354,357,360,279,312,44,58,106,102,112,170,217,,,170,194,,279,251,250,258,204,244,258,159,225,39,45,350,352,299,278,274,251,328,355,358,359,276,28,102,160,,194,,289,b'\x11\xe8\xe1I\xc8\x16\xb4 \xaf\x82\x12\xdf\x17\xaeN\x1e'
11E8E149-C816-B420-AF82-12DF17AE4E1E,2025-ncaa-d1-conf-Sun Belt,genius_ncaa,5,8,2,5,2,8,8,6,11,8,7,10,5,4,9,5,4,4,7,4,5,7,5,11,10,11,4,5,7,12,14,9,14,12,14,10,12,8,7,10,1,1,1,1,,,12,8,,11,11,3,7,1,11,10,8,10,11,7,7,8,8,8,10,11,13,12,14,13,5,1,2,,7,,9,11,13,11,9,7,5,3,4,14,14,11,14,12,9,12,9,12,12,13,9,11,7,14,14,6,14,14,14,14,14,14,13,14,1,1,8,4,6,7,6,,,7,8,,12,11,12,11,8,11,10,5,6,3,2,14,13,9,9,8,6,11,13,14,14,13,1,3,6,,12,,12,b'\x11\xe8\xe1I\xc8\x16\xb4 \xaf\x82\x12\xdf\x17\xaeN\x1e'
11E8E149-C816-B420-AF82-12DF17AE4E1E,2025-ncaa-d1-natl,genius_ncaa,184,176,172,185,173,211,253,191,291,288,252,290,148,124,206,102,114,121,187,122,55,185,215,258,240,207,56,105,62,340,354,281,354,325,362,300,318,92,119,258,31,29,29,8,,,212,155,,173,266,140,115,8,212,268,184,304,248,134,91,91,96,98,160,205,346,298,348,323,111,19,19,,240,,181,266,235,152,202,117,36,54,108,341,331,303,346,297,271,320,264,320,211,268,206,230,157,360,348,282,350,354,347,354,353,362,266,314,59,69,114,87,116,157,232,,,205,184,,283,266,220,274,222,265,269,168,230,48,46,350,352,308,281,277,254,329,355,359,359,282,35,105,170,,196,,289,b'\x11\xe8\xe1I\xc8\x16\xb4 \xaf\x82\x12\xdf\x17\xaeN\x1e'
11E8E149-C816-B420-AF82-12DF17AE4E1E,2026-ncaa-d0-natl,genius_ncaa,212,250,116,241,120,136,158,129,239,183,200,193,100,60,236,70,78,50,288,51,22,109,131,210,213,164,51,98,72,271,348,254,358,268,359,246,345,133,80,229,43,60,354,362,,,280,163,,205,276,94,33,41,136,184,104,227,251,91,38,66,33,36,65,97,324,336,356,308,96,30,359,,293,,183,269,325,319,282,275,291,209,309,336,327,233,316,308,305,212,307,293,292,297,295,298,255,280,274,196,358,358,336,348,353,359,344,324,52,98,223,62,35,321,328,,,104,124,,286,276,264,209,302,267,335,323,331,280,183,341,347,298,293,293,334,356,358,355,361,350,44,41,317,,87,,308,b'\x11\xe8\xe1I\xc8\x16\xb4 \xaf\x82\x12\xdf\x17\xaeN\x1e'
11E8E149-C816-B420-AF82-12DF17AE4E1E,2026-ncaa-d1-natl,genius_ncaa,203,249,85,236,89,98,133,73,242,164,171,193,77,26,244,74,47,18,276,18,16,57,79,222,218,163,51,107,68,245,341,255,359,263,361,230,338,141,61,205,20,37,344,355,,,324,202,,201,273,53,27,47,110,181,68,216,222,80,33,47,23,20,40,66,288,338,349,285,88,18,354,,310,,160,267,348,337,311,290,310,219,324,343,342,228,310,332,324,234,327,301,321,335,315,318,272,281,260,219,358,359,350,341,356,361,352,334,33,88,227,53,24,338,333,,,62,118,,284,273,310,210,309,266,343,326,317,287,164,337,346,316,303,305,336,356,356,357,361,355,33,37,324,,70,,310,b'\x11\xe8\xe1I\xc8\x16\xb4 \xaf\x82\x12\xdf\x17\xaeN\x1e'
11E8E149-C81B-8450-AF82-12DF17AE4E1E,2010-ncaa-d0-natl,ncaa,45,49,50,47,71,76,79,76,126,29,22,124,327,314,327,333,18,24,96,22,139,51,41,220,179,185,323,342,31,19,14,63,28,32,10,48,50,304,196,116,19,17,234,250,,,266,209,,,48,53,118,215,112,109,130,26,20,334,330,25,33,30,90,64,29,120,44,49,236,28,259,,178,,,48,134,170,197,113,200,207,169,108,197,24,179,133,196,9,191,183,206,262,102,69,30,96,111,150,74,28,127,14,102,10,234,259,31,33,71,255,152,278,153,,,41,106,,,48,283,139,17,52,39,59,64,117,92,63,123,87,133,129,62,145,23,46,19,152,56,196,243,,75,,,b'\x11\xe8\xe1I\xc8\x1b\x84P\xaf\x82\x12\xdf\x17\xaeN\x1e'
11E8E149-C81B-8450-AF82-12DF17AE4E1E,2010-ncaa-d1-conf-ACC,ncaa,4,4,4,4,5,8,9,7,6,2,3,7,12,12,11,12,1,1,5,1,2,5,4,11,9,11,12,12,1,5,3,8,2,5,3,4,2,11,11,6,4,4,11,11,,,5,6,,,5,4,6,6,8,8,9,4,4,12,12,1,1,1,6,4,5,7,5,3,12,5,11,,3,,,5,6,7,8,10,7,7,11,4,3,7,5,3,3,4,3,4,5,6,10,10,7,1,6,2,1,2,6,3,2,3,11,11,4,3,9,9,7,10,9,,,1,1,,,5,8,9,4,6,4,6,3,8,4,4,5,2,1,2,2,3,1,5,1,10,5,9,9,,1,,,b'\x11\xe8\xe1I\xc8\x1b\x84P\xaf\x82\x12\xdf\x17\xaeN\x1e'
11E8E149-C81B-8450-AF82-12DF17AE4E1E,2010-ncaa-d1-natl,ncaa,46,49,53,49,77,86,84,80,130,30,22,126,327,319,329,333,19,26,97,25,136,56,43,221,183,184,323,342,29,23,14,70,30,35,10,49,51,292,197,120,20,18,241,254,,,255,209,,,52,58,119,211,115,115,134,26,20,336,329,25,32,30,97,66,29,121,46,51,235,29,261,,176,,,53,113,153,186,121,190,193,176,102,192,24,179,125,187,10,181,183,192,251,108,74,33,99,111,149,62,30,110,14,84,10,225,258,32,34,76,248,154,273,159,,,49,104,,,52,275,143,18,58,45,60,65,119,91,64,123,87,134,131,63,144,23,46,19,159,61,199,249,,74,,,b'\x11\xe8\xe1I\xc8\x1b\x84P\xaf\x82\x12\xdf\x17\xaeN\x1e'
11E8E149-C81B-8450-AF82-12DF17AE4E1E,2010-ncaa-d1-ncaatournament,ncaa,33,2,33,33,34,52,39,45,38,38,36,40,61,64,58,63,53,56,17,54,63,49,50,47,50,49,64,62,50,43,20,46,13,41,17,60,61,11,35,57,38,16,33,14,,,20,57,,,37,55,49,9,50,27,21,15,5,61,61,52,56,54,37,40,21,38,26,60,28,17,20,,48,,,40,4,4,3,37,4,4,17,21,9,58,26,21,26,21,24,57,2,2,43,46,36,55,47,55,2,13,5,20,2,17,11,58,38,13,30,25,55,6,8,,,44,38,,,37,9,47,27,42,18,10,3,8,7,37,14,50,53,51,4,3,4,29,15,34,21,51,8,,39,,,b'\x11\xe8\xe1I\xc8\x1b\x84P\xaf\x82\x12\xdf\x17\xaeN\x1e'
11E8E149-C81B-8450-AF82-12DF17AE4E1E,2011-ncaa-d0-natl,ncaa,30,60,15,54,19,47,29,36,54,22,19,75,192,217,125,288,116,84,270,80,273,39,23,102,125,158,316,281,268,13,6,85,93,32,17,28,125,336,238,141,11,13,174,209,,,304,216,,,32,33,159,236,114,60,129,30,57,252,280,218,173,171,133,89,37,263,110,66,261,17,230,,186,,,34,198,227,251,168,252,262,181,135,174,99,141,137,172,48,167,122,239,300,154,125,25,77,124,111,161,93,131,6,136,17,252,227,8,8,31,267,135,336,252,,,90,305,,,32,312,112,18,34,41,68,34,103,66,73,77,55,82,73,24,114,36,13,10,130,11,160,307,,260,,,b'\x11\xe8\xe1I\xc8\x1b\x84P\xaf\x82\x12\xdf\x17\xaeN\x1e'
11E8E149-C81B-8450-AF82-12DF17AE4E1E,2011-ncaa-d1-conf-ACC,ncaa,3,4,2,4,2,7,6,5,8,5,3,8,8,8,5,8,7,7,9,7,8,5,3,8,8,8,9,7,8,1,3,8,4,5,3,4,3,10,9,7,3,3,11,9,,,9,11,,,4,5,10,8,8,8,8,7,5,8,9,8,8,8,8,7,2,11,8,5,8,3,12,,5,,,5,3,5,3,8,5,4,6,5,2,12,3,2,5,4,5,7,3,7,9,8,5,5,6,4,1,4,7,3,3,3,7,8,2,2,3,8,8,11,8,,,8,9,,,4,8,7,2,5,2,3,1,4,2,2,1,2,2,2,1,1,1,3,1,5,2,6,10,,9,,,b'\x11\xe8\xe1I\xc8\x1b\x84P\xaf\x82\x12\xdf\x17\xaeN\x1e'
11E8E149-C81B-8450-AF82-12DF17AE4E1E,2011-ncaa-d1-natl,ncaa,34,57,16,54,22,52,33,39,57,22,20,79,204,222,126,287,125,96,266,93,270,43,24,104,127,163,315,279,265,14,6,98,98,33,17,30,132,333,239,145,14,14,185,213,,,297,217,,,34,36,161,238,121,62,130,31,59,250,280,223,181,179,136,92,39,264,116,67,262,18,235,,185,,,36,182,213,233,175,237,245,188,122,160,102,141,130,164,46,159,119,220,295,158,130,28,75,123,110,144,98,102,6,112,17,244,229,9,9,34,257,137,336,256,,,107,306,,,34,308,117,20,36,43,70,33,106,67,72,75,56,79,73,24,112,37,13,10,133,11,162,308,,261,,,b'\x11\xe8\xe1I\xc8\x1b\x84P\xaf\x82\x12\xdf\x17\xaeN\x1e'
11E8E149-C81B-8450-AF82-12DF17AE4E1E,2011-ncaa-d1-ncaatournament,ncaa,17,2,17,17,18,26,19,19,23,14,17,14,48,29,59,56,33,33,24,33,54,22,23,38,38,36,64,62,54,17,6,32,18,29,17,29,58,38,19,37,10,2,32,38,,,43,60,,,19,27,37,3,33,12,10,3,4,60,53,48,50,50,18,24,8,61,45,41,23,3,37,,47,,,19,37,37,33,59,45,34,59,15,21,26,6,43,41,52,42,47,33,34,59,60,38,17,9,47,18,18,35,6,33,17,26,13,14,1,3,29,9,46,32,,,32,54,,,19,38,27,21,17,20,15,3,34,8,7,5,45,35,35,2,8,5,15,4,9,1,8,39,,51,,,b'\x11\xe8\xe1I\xc8\x1b\x84P\xaf\x82\x12\xdf\x17\xaeN\x1e'
11E8E149-C81B-8450-AF82-12DF17AE4E1E,2012-ncaa-d0-natl,ncaa,18,36,11,31,14,13,9,20,15,11,12,28,158,204,54,282,51,36,223,33,223,19,15,30,39,38,306,270,248,26,29,55,217,32,59,12,87,299,125,38,16,33,80,127,,,326,228,,,21,15,93,151,33,17,78,12,31,217,272,119,104,99,67,73,75,219,124,21,173,28,120,,257,,,22,283,305,313,176,326,324,224,70,179,13,76,229,286,32,284,135,315,328,118,98,47,24,32,148,297,217,172,29,252,59,287,184,13,37,62,246,105,315,173,,,48,238,,,21,331,27,41,22,115,158,141,244,223,27,75,122,165,159,145,237,193,23,60,170,27,140,263,,170,,,b'\x11\xe8\xe1I\xc8\x1b\x84P\xaf\x82\x12\xdf\x17\xaeN\x1e'
11E8E149-C81B-8450-AF82-12DF17AE4E1E,2012-ncaa-d1-conf-ACC,ncaa,3,4,1,4,1,2,3,4,4,3,3,4,5,7,3,9,2,2,4,1,2,4,5,4,4,3,6,7,2,6,5,4,3,5,4,2,3,5,3,1,2,4,8,10,,,10,10,,,4,5,9,5,4,4,8,4,6,6,8,3,2,1,8,7,8,8,8,3,3,4,8,,7,,,4,8,10,9,9,12,11,9,2,3,2,2,4,6,3,5,4,9,8,8,7,6,1,2,3,6,3,4,5,4,4,10,9,6,8,8,6,5,7,5,,,3,5,,,4,8,3,5,4,4,7,3,11,9,2,2,4,4,4,3,5,2,4,3,10,7,4,5,,7,,,b'\x11\xe8\xe1I\xc8\x1b\x84P\xaf\x82\x12\xdf\x17\xaeN\x1e'
11E8E149-C81B-8450-AF82-12DF17AE4E1E,2012-ncaa-d1-natl,ncaa,18,36,12,34,14,14,10,23,15,11,14,27,165,215,56,282,57,37,220,36,225,20,16,30,40,40,304,268,245,29,31,66,222,36,62,12,89,292,128,40,18,33,84,132,,,325,234,,,23,17,96,151,36,17,81,12,33,219,272,122,106,100,72,77,77,230,134,21,172,28,121,,257,,,25,271,296,309,186,320,321,228,64,163,13,75,212,279,32,277,139,311,328,125,104,56,24,33,148,290,222,148,31,238,62,283,183,15,39,66,236,109,312,179,,,52,236,,,23,330,30,50,25,121,164,147,247,227,29,74,126,169,166,148,238,193,25,61,178,27,141,264,,171,,,b'\x11\xe8\xe1I\xc8\x1b\x84P\xaf\x82\x12\xdf\x17\xaeN\x1e'
11E8E149-C81B-8450-AF82-12DF17AE4E1E,2012-ncaa-d1-ncaatournament,ncaa,9,2,9,9,10,10,11,13,11,15,15,27,1,7,1,24,16,15,43,15,34,13,10,6,9,14,13,10,45,8,8,12,41,10,16,9,32,59,52,36,11,17,12,36,,,57,46,,,9,12,23,5,9,11,30,31,41,4,23,38,39,39,34,15,16,35,27,15,54,15,23,,47,,,10,51,53,52,29,54,52,32,43,49,24,24,53,58,16,58,38,52,53,25,26,23,20,20,34,51,41,48,8,50,16,52,29,13,27,22,54,34,58,47,,,12,31,,,9,53,11,22,11,22,30,31,41,39,17,24,37,45,45,33,44,37,8,13,27,23,35,48,,23,,,b'\x11\xe8\xe1I\xc8\x1b\x84P\xaf\x82\x12\xdf\x17\xaeN\x1e'
11E8E149-C81B-8450-AF82-12DF17AE4E1E,2013-ncaa-d0-natl,ncaa,177,166,183,180,203,115,84,52,185,58,34,202,209,194,228,245,175,127,300,124,274,53,46,213,246,220,284,234,247,17,19,218,218,82,96,181,289,247,142,219,48,54,192,205,,,340,337,,,151,81,12,112,63,38,3,31,11,204,186,160,91,86,3,2,3,210,29,166,265,32,187,,344,,,151,259,225,140,292,260,204,275,95,76,196,55,312,336,10,336,336,208,257,265,262,194,133,52,301,186,218,185,19,187,96,253,248,44,61,115,269,177,336,272,,,157,306,,,151,262,156,167,157,282,255,164,291,241,109,87,321,340,341,255,329,215,222,228,274,19,284,340,,139,,,b'\x11\xe8\xe1I\xc8\x1b\x84P\xaf\x82\x12\xdf\x17\xaeN\x1e'
11E8E149-C81B-8450-AF82-12DF17AE4E1E,2013-ncaa-d1-conf-ACC,ncaa,8,7,9,8,9,8,7,1,10,5,1,10,5,5,7,6,8,8,9,8,9,3,3,10,10,10,8,5,9,1,3,11,9,6,7,9,12,5,2,8,3,3,9,6,,,10,12,,,7,6,2,3,5,4,1,4,1,5,4,8,7,7,1,1,1,10,5,9,7,3,9,,12,,,7,9,8,3,10,7,4,12,5,5,10,6,9,12,1,12,12,4,5,11,10,10,7,6,7,4,9,9,3,5,7,8,10,3,3,6,6,5,12,12,,,8,12,,,7,4,8,7,7,10,9,3,8,6,7,5,10,12,12,8,10,5,12,10,10,2,10,12,,8,,,b'\x11\xe8\xe1I\xc8\x1b\x84P\xaf\x82\x12\xdf\x17\xaeN\x1e'
11E8E149-C81B-8450-AF82-12DF17AE4E1E,2013-ncaa-d1-natl,ncaa,186,165,210,186,231,124,92,60,190,68,36,207,215,205,227,247,188,135,299,131,269,62,56,223,252,223,283,234,248,17,19,240,220,96,98,195,292,237,141,223,52,56,204,210,,,337,337,,,162,95,12,99,64,40,3,32,11,204,186,157,93,88,3,2,3,213,31,171,267,35,192,,343,,,162,248,212,111,295,252,189,280,87,63,197,54,308,332,12,333,335,191,237,270,270,198,131,53,301,171,220,167,19,174,98,241,248,50,61,124,257,181,334,279,,,178,305,,,162,245,158,173,165,287,258,166,294,246,113,85,321,341,342,259,328,215,224,229,279,23,284,341,,134,,,b'\x11\xe8\xe1I\xc8\x1b\x84P\xaf\x82\x12\xdf\x17\xaeN\x1e'
11E8E149-C81B-8450-AF82-12DF17AE4E1E,2014-ncaa-d0-natl,ncaa,89,88,85,95,108,26,19,24,68,18,20,72,143,137,175,233,57,43,255,41,203,23,21,98,118,103,281,237,231,7,14,106,227,35,60,143,329,273,96,211,30,49,87,124,,,338,292,,,59,29,11,216,16,11,10,11,13,153,151,67,47,42,10,7,5,141,18,178,236,24,100,,335,,,57,307,271,272,199,310,304,205,81,115,69,49,334,335,126,335,283,305,313,149,178,124,97,33,304,280,227,200,14,244,60,284,249,35,74,105,239,100,189,56,,,92,310,,,59,317,55,120,68,274,246,249,287,300,54,84,313,324,324,306,335,260,155,200,264,38,207,164,,116,,,b'\x11\xe8\xe1I\xc8\x1b\x84P\xaf\x82\x12\xdf\x17\xaeN\x1e'
11E8E149-C81B-8450-AF82-12DF17AE4E1E,2014-ncaa-d1-conf-ACC,ncaa,7,7,4,7,7,5,5,2,6,4,2,10,9,8,6,12,4,5,9,5,9,2,3,7,8,7,10,9,7,1,5,5,4,4,5,13,15,10,3,14,8,8,6,10,,,15,15,,,5,3,1,7,4,4,1,4,1,9,8,3,3,3,1,1,1,6,1,14,9,8,7,,15,,,5,15,14,10,11,15,13,12,3,4,5,3,15,15,8,15,14,12,12,10,11,9,2,1,15,7,4,14,5,10,5,13,10,6,7,9,6,1,10,6,,,6,12,,,5,13,6,10,7,14,14,9,15,13,2,4,15,15,15,15,14,5,13,10,11,6,4,11,,6,,,b'\x11\xe8\xe1I\xc8\x1b\x84P\xaf\x82\x12\xdf\x17\xaeN\x1e'
11E8E149-C81B-8450-AF82-12DF17AE4E1E,2014-ncaa-d1-natl,ncaa,93,88,100,96,126,29,25,26,72,19,23,74,152,141,180,234,67,52,257,50,202,25,22,103,121,107,279,240,228,9,15,122,230,39,61,161,331,256,95,222,36,57,96,130,,,335,294,,,66,36,11,219,18,12,10,12,13,153,152,66,47,43,10,7,5,147,18,189,240,28,102,,337,,,62,295,259,255,208,306,299,209,69,101,74,46,328,330,128,330,284,298,308,151,186,133,95,33,304,272,230,180,15,222,61,278,249,42,77,110,222,100,178,61,,,102,309,,,66,309,59,127,72,279,249,249,292,301,55,79,313,324,324,304,334,263,156,205,268,40,208,168,,118,,,b'\x11\xe8\xe1I\xc8\x1b\x84P\xaf\x82\x12\xdf\x17\xaeN\x1e'
11E8E149-C81B-8450-AF82-12DF17AE4E1E,2014-ncaa-d1-ncaatournament,ncaa,33,2,33,33,34,34,34,35,31,32,35,19,52,40,55,30,37,41,7,41,55,35,35,36,37,34,58,52,35,45,47,55,61,47,61,53,60,22,23,48,20,4,27,28,,,28,34,,,53,34,2,3,8,5,3,3,6,43,14,23,32,31,3,3,32,54,47,49,37,1,12,,56,,,54,30,27,29,50,33,33,44,11,6,50,6,35,31,55,30,45,31,31,48,51,48,15,9,50,37,61,26,47,32,61,11,7,30,5,7,15,16,32,47,,,42,51,,,53,31,40,51,51,62,58,59,62,62,21,9,60,59,58,63,63,63,57,63,32,2,22,55,,27,,,b'\x11\xe8\xe1I\xc8\x1b\x84P\xaf\x82\x12\xdf\x17\xaeN\x1e'
11E8E149-C81B-8450-AF82-12DF17AE4E1E,2015-ncaa-d0-natl,ncaa,97,161,26,134,33,33,36,29,97,40,51,77,72,53,183,133,37,52,55,54,156,30,22,107,92,84,158,166,156,8,8,56,192,23,35,119,309,264,111,187,82,128,84,105,,,280,148,,,75,34,141,145,37,39,45,64,121,111,95,70,103,108,41,44,16,173,33,204,166,123,110,,157,,,79,329,329,320,214,287,281,207,338,334,281,286,202,183,249,178,99,320,318,244,233,222,261,305,82,300,192,177,8,247,35,325,246,102,191,243,276,147,309,235,,,80,285,,,75,313,37,234,88,239,249,255,171,140,311,296,115,95,94,221,201,203,48,80,271,176,190,264,,212,,,b'\x11\xe8\xe1I\xc8\x1b\x84P\xaf\x82\x12\xdf\x17\xaeN\x1e'
11E8E149-C81B-8450-AF82-12DF17AE4E1E,2015-ncaa-d1-conf-ACC,ncaa,9,9,5,9,6,4,6,4,8,7,5,7,10,9,11,9,2,4,3,3,4,4,4,9,9,7,10,11,2,2,2,10,14,4,5,10,14,10,8,12,9,11,6,8,,,9,5,,,10,5,7,7,4,6,4,6,5,10,10,1,3,3,4,4,2,11,3,12,10,10,6,,9,,,10,14,14,14,12,15,14,10,11,9,13,5,8,8,12,8,2,13,11,12,12,11,4,8,3,14,14,4,2,10,5,15,9,13,14,14,11,11,13,10,,,6,9,,,10,11,3,12,11,12,15,15,15,15,9,8,7,6,7,14,13,14,5,8,12,13,12,14,,5,,,b'\x11\xe8\xe1I\xc8\x1b\x84P\xaf\x82\x12\xdf\x17\xaeN\x1e'
11E8E149-C81B-8450-AF82-12DF17AE4E1E,2015-ncaa-d1-natl,ncaa,106,160,30,144,38,38,39,32,111,44,66,81,85,67,184,132,41,59,54,60,147,33,27,111,100,89,155,166,152,9,9,71,203,25,38,138,312,250,114,194,97,137,85,107,,,268,150,,,90,40,148,142,41,41,47,66,129,115,98,72,104,110,44,47,17,181,38,214,161,133,109,,161,,,93,323,325,314,222,275,264,216,333,327,288,284,188,160,250,153,102,313,313,252,240,239,260,305,82,286,203,150,9,220,38,320,249,120,201,250,260,152,306,243,,,99,283,,,90,308,40,254,99,253,259,254,179,141,314,295,119,98,95,226,201,210,52,80,276,186,196,267,,211,,,b'\x11\xe8\xe1I\xc8\x1b\x84P\xaf\x82\x12\xdf\x17\xaeN\x1e'
11E8E149-C81B-8450-AF82-12DF17AE4E1E,2016-ncaa-d0-natl,ncaa,86,111,38,104,70,63,75,60,120,79,84,131,115,108,155,176,24,37,40,35,85,50,57,130,102,97,142,187,61,20,11,164,148,74,47,91,166,199,94,119,26,22,227,226,,,327,311,,,51,80,191,280,84,106,118,107,143,153,150,36,56,52,87,116,29,279,137,126,120,33,252,,281,,,54,209,196,192,189,194,153,243,175,229,74,222,221,283,17,286,291,211,254,187,173,117,181,167,220,147,148,107,11,106,47,178,167,54,64,83,188,108,235,168,,,69,158,,,51,269,50,99,53,100,98,50,116,45,128,169,176,224,228,61,98,70,37,36,111,82,124,186,,132,,,b'\x11\xe8\xe1I\xc8\x1b\x84P\xaf\x82\x12\xdf\x17\xaeN\x1e'
11E8E149-C81B-8450-AF82-12DF17AE4E1E,2016-ncaa-d1-conf-ACC,ncaa,7,7,4,7,6,8,7,5,9,7,4,11,8,7,8,9,4,8,2,8,8,5,8,11,9,8,6,9,2,3,3,13,12,8,6,11,13,6,4,7,6,6,15,15,,,13,13,,,8,11,11,7,9,8,5,7,4,8,8,5,8,8,5,7,4,13,9,11,4,6,15,,13,,,8,7,7,6,9,9,7,11,7,7,8,9,9,12,4,12,12,7,7,7,7,9,7,7,10,8,12,7,3,7,6,9,10,8,9,9,5,5,14,12,,,9,8,,,8,4,6,8,8,8,8,6,8,7,8,8,9,10,10,7,4,8,7,7,8,9,6,14,,9,,,b'\x11\xe8\xe1I\xc8\x1b\x84P\xaf\x82\x12\xdf\x17\xaeN\x1e'
11E8E149-C81B-8450-AF82-12DF17AE4E1E,2016-ncaa-d1-natl,ncaa,95,111,51,111,91,76,92,71,137,96,97,139,121,118,159,178,31,45,37,43,83,62,70,139,107,108,140,186,54,30,13,194,153,91,49,106,171,172,99,125,32,27,242,230,,,318,313,,,61,102,196,282,87,118,124,117,146,153,150,35,56,53,90,120,30,284,145,135,122,38,256,,281,,,62,185,174,160,203,177,119,248,162,216,77,217,209,267,19,272,295,183,228,198,181,133,175,163,219,120,153,75,13,72,49,157,166,63,70,91,170,112,229,171,,,86,155,,,61,245,56,119,60,107,104,51,126,47,130,164,180,224,228,61,99,71,38,38,118,90,126,196,,131,,,b'\x11\xe8\xe1I\xc8\x1b\x84P\xaf\x82\x12\xdf\x17\xaeN\x1e'
11E8E149-C81B-8450-AF82-12DF17AE4E1E,2017-ncaa-d0-natl,ncaa,57,152,3,115,3,23,23,10,151,22,7,189,122,118,148,267,13,5,335,5,59,5,3,184,201,188,241,246,110,3,14,45,218,8,69,106,314,335,126,236,22,68,86,153,,,349,337,,,111,4,106,14,88,91,54,71,36,199,226,70,12,12,28,25,13,231,58,234,212,60,148,,337,,,120,344,335,339,142,331,328,151,288,314,113,171,337,337,257,338,222,345,346,134,157,131,202,147,253,329,218,328,14,335,69,293,114,17,100,76,287,81,348,305,,,6,118,,,111,345,130,122,115,205,168,197,187,191,160,189,261,242,244,216,269,178,101,122,120,71,137,343,,49,,,b'\x11\xe8\xe1I\xc8\x1b\x84P\xaf\x82\x12\xdf\x17\xaeN\x1e'
11E8E149-C81B-8450-AF82-12DF17AE4E1E,2017-ncaa-d1-conf-ACC,ncaa,9,10,5,10,5,8,8,3,11,6,1,12,12,9,11,14,2,1,15,1,3,2,1,13,13,11,10,14,3,1,1,12,7,3,5,13,15,11,7,13,4,5,14,15,,,15,15,,,9,2,4,1,9,8,2,5,1,13,10,3,1,1,2,1,1,12,4,14,11,4,15,,15,,,9,13,13,8,13,12,10,14,6,9,7,6,12,12,8,12,11,10,12,11,13,12,4,3,8,5,7,12,1,10,5,10,3,5,4,5,11,7,15,15,,,5,7,,,9,14,9,9,9,13,12,10,12,11,8,6,11,11,11,11,12,5,11,7,11,4,11,15,,4,,,b'\x11\xe8\xe1I\xc8\x1b\x84P\xaf\x82\x12\xdf\x17\xaeN\x1e'
11E8E149-C81B-8450-AF82-12DF17AE4E1E,2017-ncaa-d1-natl,ncaa,69,151,3,116,3,26,24,12,159,24,7,198,135,135,151,265,16,6,335,5,62,6,4,191,216,199,236,242,107,4,15,50,222,8,77,126,319,328,129,243,26,74,92,158,,,348,335,,,120,5,112,14,97,103,57,78,38,203,225,73,14,14,28,28,15,240,64,244,215,67,154,,336,,,127,343,334,338,150,329,327,158,282,306,116,169,337,334,258,337,223,344,345,141,168,141,200,143,255,324,222,319,15,331,77,285,111,23,107,88,277,82,348,311,,,8,115,,,120,344,136,132,122,210,176,201,192,197,163,189,267,242,242,215,264,184,105,128,124,83,136,342,,49,,,b'\x11\xe8\xe1I\xc8\x1b\x84P\xaf\x82\x12\xdf\x17\xaeN\x1e'
11E8E149-C81B-8450-AF82-12DF17AE4E1E,2018-ncaa-d0-natl,ncaa,87,129,25,115,39,60,48,33,130,23,13,183,293,305,216,339,35,11,304,11,166,26,26,208,215,192,331,328,94,4,8,116,96,34,33,87,217,285,123,148,11,11,65,70,,,341,311,,,38,37,112,278,115,97,87,37,16,327,333,77,28,27,59,60,14,265,81,143,175,21,91,,291,,,41,135,113,178,82,175,244,76,58,73,81,51,280,292,90,291,249,207,305,61,76,13,125,49,291,129,96,181,8,154,33,107,122,6,7,6,207,79,345,239,,,57,223,,,38,319,114,11,38,28,24,15,59,84,23,21,196,214,212,28,155,47,52,37,40,13,108,334,,162,,,b'\x11\xe8\xe1I\xc8\x1b\x84P\xaf\x82\x12\xdf\x17\xaeN\x1e'
11E8E149-C81B-8450-AF82-12DF17AE4E1E,2018-ncaa-d1-conf-ACC,ncaa,9,9,4,9,7,9,7,5,12,5,2,14,14,14,12,13,4,4,13,4,8,5,5,14,14,13,13,13,2,1,2,12,8,6,5,11,12,9,8,10,1,2,5,4,,,15,15,,,8,8,7,7,10,9,4,5,2,14,14,4,3,3,4,4,1,13,5,13,8,1,4,,15,,,8,5,3,2,9,4,4,8,3,2,11,4,13,14,7,14,14,3,9,9,10,5,10,4,15,2,8,6,2,4,5,4,10,1,1,1,4,3,15,15,,,5,7,,,8,10,10,4,8,5,4,1,4,2,2,2,12,12,12,1,7,3,6,6,4,1,4,15,,4,,,b'\x11\xe8\xe1I\xc8\x1b\x84P\xaf\x82\x12\xdf\x17\xaeN\x1e'
11E8E149-C81B-8450-AF82-12DF17AE4E1E,2018-ncaa-d1-natl,ncaa,95,129,31,122,48,72,57,42,139,25,15,191,301,316,220,339,45,15,303,15,163,32,30,218,225,206,328,328,92,7,9,149,103,43,36,102,223,262,130,155,13,12,69,76,,,336,312,,,46,51,114,279,122,107,89,39,16,327,333,79,29,29,62,65,12,276,87,148,178,23,93,,290,,,47,109,96,129,88,155,217,83,40,54,87,50,263,281,102,278,251,165,292,68,80,18,123,46,292,107,103,145,9,124,36,81,125,8,9,9,185,87,345,245,,,73,216,,,46,308,123,12,46,33,27,15,64,88,23,20,199,217,213,30,148,49,54,38,44,14,115,335,,167,,,b'\x11\xe8\xe1I\xc8\x1b\x84P\xaf\x82\x12\xdf\x17\xaeN\x1e'
11E8E149-C81B-8450-AF82-12DF17AE4E1E,2019-ncaa-d0-natl,ncaa,136,109,173,131,204,143,119,75,219,92,46,246,215,201,219,256,208,208,221,212,319,84,75,241,253,240,282,242,254,14,9,221,229,86,58,198,301,265,185,244,24,17,60,34,,,267,281,,,109,119,64,138,111,83,21,55,20,209,202,206,187,196,26,10,5,221,36,191,266,19,49,,294,,,107,116,116,133,132,100,86,196,186,244,84,274,157,200,43,201,257,137,219,151,133,61,237,236,192,198,229,83,9,105,58,258,335,34,27,95,204,126,212,108,,,207,301,,,109,226,172,59,110,142,130,136,114,70,199,267,168,226,225,147,280,213,100,136,276,25,213,221,,190,,,b'\x11\xe8\xe1I\xc8\x1b\x84P\xaf\x82\x12\xdf\x17\xaeN\x1e'
11E8E149-C81B-8450-AF82-12DF17AE4E1E,2019-ncaa-d1-conf-ACC,ncaa,9,9,11,9,15,12,12,5,13,10,3,14,11,10,12,11,9,9,11,9,12,7,5,14,12,13,11,9,6,1,2,12,7,7,4,12,10,10,9,13,3,3,7,5,,,11,14,,,11,10,5,15,11,11,3,9,3,11,9,9,7,7,4,2,1,9,3,10,10,3,6,,13,,,11,5,3,1,9,4,3,11,5,6,6,9,7,8,3,5,12,1,4,9,8,7,8,9,9,3,7,5,2,5,4,12,15,5,3,7,9,8,6,5,,,10,12,,,11,5,12,7,11,8,7,4,9,3,7,7,10,11,10,5,8,5,11,8,13,2,10,8,,7,,,b'\x11\xe8\xe1I\xc8\x1b\x84P\xaf\x82\x12\xdf\x17\xaeN\x1e'
11E8E149-C81B-8450-AF82-12DF17AE4E1E,2019-ncaa-d1-natl,ncaa,135,108,155,130,189,135,105,67,211,79,43,235,211,202,221,259,215,218,221,220,323,78,59,237,251,239,288,247,265,13,9,220,217,79,55,203,307,262,177,237,24,19,55,25,,,275,284,,,108,113,62,141,109,74,17,45,19,212,202,214,198,205,26,13,5,231,38,188,260,21,40,,290,,,105,114,107,117,141,96,81,201,192,242,111,270,149,202,50,200,256,130,218,165,145,55,242,240,190,183,217,81,9,97,55,270,336,37,23,91,210,125,231,131,,,215,302,,,108,232,162,54,112,141,135,125,108,69,204,252,169,218,215,136,276,188,107,127,283,27,215,239,,192,,,b'\x11\xe8\xe1I\xc8\x1b\x84P\xaf\x82\x12\xdf\x17\xaeN\x1e'
11E8E149-C81B-8450-AF82-12DF17AE4E1E,2020-ncaa-d0-natl,ncaa,66,81,33,80,45,170,112,112,136,69,63,128,265,233,303,253,249,236,243,240,302,128,179,195,223,170,317,282,273,59,58,162,17,98,36,146,199,70,64,97,181,148,154,148,,,72,113,,,39,235,343,54,225,171,191,93,103,288,271,283,274,277,221,290,79,239,152,187,35,219,184,,34,,,45,21,41,49,98,106,146,102,25,31,46,56,30,64,9,62,79,37,75,69,49,22,17,60,99,11,17,115,58,44,36,24,55,74,32,16,33,38,132,75,,,169,157,,,39,127,126,10,34,4,14,4,59,60,9,17,18,40,36,2,4,7,63,15,8,115,21,104,,233,,,b'\x11\xe8\xe1I\xc8\x1b\x84P\xaf\x82\x12\xdf\x17\xaeN\x1e'
11E8E149-C81B-8450-AF82-12DF17AE4E1E,2020-ncaa-d1-conf-ACC,ncaa,6,7,5,7,5,12,10,10,9,5,5,7,15,11,15,11,9,9,12,9,10,10,11,14,13,11,15,15,6,7,6,13,2,11,4,13,11,4,5,7,7,3,12,12,,,3,7,,,6,15,15,1,13,11,12,8,5,15,12,11,9,9,11,14,6,14,13,12,4,8,12,,2,,,6,2,2,1,11,4,3,6,2,1,12,2,2,2,4,2,5,1,1,10,9,3,3,4,5,1,2,8,6,2,4,2,4,4,1,1,3,4,4,3,,,5,2,,,6,2,10,2,5,2,2,1,3,3,1,1,2,3,3,1,1,1,8,2,2,4,4,4,,3,,,b'\x11\xe8\xe1I\xc8\x1b\x84P\xaf\x82\x12\xdf\x17\xaeN\x1e'
11E8E149-C81B-8450-AF82-12DF17AE4E1E,2020-ncaa-d1-natl,ncaa,76,81,45,83,60,208,147,145,146,83,81,135,280,249,302,255,267,258,244,259,300,166,227,211,232,180,312,285,269,75,59,191,16,124,37,166,203,51,67,104,207,159,163,150,,,56,118,,,46,287,343,46,236,180,201,100,111,291,275,287,280,280,230,293,87,247,162,196,36,224,183,,35,,,48,13,29,26,106,90,115,111,18,21,50,54,26,55,11,54,77,19,42,73,51,22,17,57,100,8,16,86,59,29,37,17,57,96,36,19,28,38,121,78,,,203,155,,,46,75,134,12,40,5,15,5,68,62,9,15,20,41,37,2,4,6,66,16,10,121,21,106,,230,,,b'\x11\xe8\xe1I\xc8\x1b\x84P\xaf\x82\x12\xdf\x17\xaeN\x1e'
11E8E149-C81B-8450-AF82-12DF17AE4E1E,2021-ncaa-d0-natl,ncaa,44,104,43,82,44,77,53,65,83,42,42,84,119,123,140,215,172,162,233,161,294,71,90,106,129,88,274,207,297,81,139,62,63,68,80,58,140,132,39,37,187,254,82,173,,,183,69,,,88,94,311,95,141,97,152,79,126,198,226,276,271,271,194,285,189,161,173,100,21,278,137,,35,,,99,244,275,265,192,297,309,109,176,138,279,32,143,140,207,145,25,260,241,146,115,170,30,86,51,187,63,252,139,231,80,209,63,167,256,207,99,30,228,121,,,93,152,,,88,251,85,141,94,89,156,134,214,265,72,30,38,36,45,83,27,50,86,53,89,295,14,143,,217,,,b'\x11\xe8\xe1I\xc8\x1b\x84P\xaf\x82\x12\xdf\x17\xaeN\x1e'
11E8E149-C81B-8450-AF82-12DF17AE4E1E,2021-ncaa-d1-conf-ACC,ncaa,3,5,1,3,2,3,2,3,4,3,2,4,5,6,6,9,8,5,10,5,11,5,5,6,6,4,12,10,12,7,7,4,4,4,4,1,4,6,2,1,10,11,4,8,,,5,6,,,3,5,15,9,8,7,12,6,11,10,9,12,12,12,13,15,11,9,10,4,2,12,8,,3,,,3,10,11,11,9,13,14,3,6,4,13,2,6,6,7,6,4,10,10,5,4,5,4,5,6,7,4,11,7,9,4,8,4,7,11,9,6,2,7,3,,,4,4,,,3,11,3,4,3,2,4,2,10,13,3,1,3,4,4,1,1,2,3,1,4,12,2,3,,8,,,b'\x11\xe8\xe1I\xc8\x1b\x84P\xaf\x82\x12\xdf\x17\xaeN\x1e'
11E8E149-C81B-8450-AF82-12DF17AE4E1E,2021-ncaa-d1-natl,ncaa,46,104,50,82,52,87,59,74,88,50,50,88,128,130,144,214,181,175,229,172,294,85,106,107,132,92,273,206,297,92,145,73,66,78,86,61,143,119,40,40,202,256,90,174,,,169,70,,,96,111,312,95,146,104,158,80,127,202,225,280,274,275,201,288,193,168,181,105,21,282,138,,35,,,108,230,272,253,199,292,305,115,168,125,282,30,136,128,208,135,24,247,227,152,123,179,29,85,49,174,66,240,145,215,86,197,65,184,263,217,90,30,219,123,,,109,147,,,96,235,88,158,101,95,163,136,221,270,71,30,38,36,46,83,26,51,87,54,92,297,15,148,,217,,,b'\x11\xe8\xe1I\xc8\x1b\x84P\xaf\x82\x12\xdf\x17\xaeN\x1e'
11E8E149-C81B-8450-AF82-12DF17AE4E1E,2021-ncaa-d1-ncaatournament,ncaa,9,2,9,9,9,15,14,14,18,11,12,22,17,20,29,49,20,17,52,17,50,14,14,20,24,23,51,45,45,10,17,16,24,14,19,15,45,49,21,24,13,23,15,34,,,46,19,,,17,15,60,3,27,18,37,12,18,44,49,42,40,43,42,45,24,36,29,34,12,25,35,,8,,,20,52,52,49,32,50,51,31,52,49,35,38,48,39,60,42,14,49,49,38,33,27,32,38,26,48,24,53,17,51,19,53,51,12,26,39,40,12,50,33,,,12,23,,,17,50,15,25,18,17,24,15,22,24,29,24,16,9,10,8,9,20,18,12,37,33,11,34,,27,,,b'\x11\xe8\xe1I\xc8\x1b\x84P\xaf\x82\x12\xdf\x17\xaeN\x1e'
11E8E149-C81B-8450-AF82-12DF17AE4E1E,2022-ncaa-d0-natl,ncaa,67,87,52,86,56,131,110,111,140,107,102,153,144,148,144,193,244,202,308,195,265,115,121,151,187,160,248,169,295,115,149,38,6,56,28,39,12,157,107,42,255,278,33,40,,,62,36,,,51,129,338,67,231,181,236,180,186,194,211,302,273,267,256,307,187,52,83,43,71,314,45,,17,,,52,63,99,241,17,138,273,9,94,109,97,80,33,44,26,46,25,211,202,16,5,12,69,147,54,60,6,214,149,141,28,58,67,205,228,103,120,90,110,61,,,144,185,,,51,226,158,7,48,5,17,89,50,190,42,46,8,19,22,41,10,12,72,28,16,294,63,54,,247,,,b'\x11\xe8\xe1I\xc8\x1b\x84P\xaf\x82\x12\xdf\x17\xaeN\x1e'
11E8E149-C81B-8450-AF82-12DF17AE4E1E,2022-ncaa-d1-conf-ACC,ncaa,7,6,4,6,4,11,10,14,7,9,12,8,9,10,6,8,12,12,9,12,11,14,13,7,7,7,10,6,12,13,12,4,2,7,3,3,1,6,8,5,13,11,7,7,,,2,5,,,6,13,15,1,10,10,12,9,12,10,11,15,15,15,14,14,13,5,7,3,5,13,6,,3,,,6,2,4,4,4,4,6,2,5,4,9,5,2,4,1,4,5,4,3,3,2,4,5,9,2,1,2,5,12,3,3,3,4,12,11,6,5,12,1,2,,,10,7,,,6,3,8,3,6,1,4,4,5,7,3,2,2,3,3,1,1,1,6,1,3,13,6,1,,10,,,b'\x11\xe8\xe1I\xc8\x1b\x84P\xaf\x82\x12\xdf\x17\xaeN\x1e'
11E8E149-C81B-8450-AF82-12DF17AE4E1E,2022-ncaa-d1-natl,ncaa,74,87,67,86,72,174,141,132,150,134,129,166,158,168,149,188,267,233,309,224,261,147,158,161,200,169,241,168,294,140,162,44,9,66,34,46,12,125,117,50,283,292,37,42,,,44,39,,,61,174,340,65,242,202,247,192,193,200,216,304,272,266,267,317,199,53,89,49,70,319,46,,17,,,62,45,75,206,24,116,262,12,80,88,107,75,24,35,27,36,26,162,147,17,5,17,68,149,53,40,9,192,162,108,34,43,66,245,240,122,103,96,96,69,,,170,182,,,61,182,172,10,53,6,19,90,55,193,44,46,8,19,23,44,10,14,78,30,20,300,67,56,,253,,,b'\x11\xe8\xe1I\xc8\x1b\x84P\xaf\x82\x12\xdf\x17\xaeN\x1e'
11E8E149-C81B-8450-AF82-12DF17AE4E1E,2022-ncaa-d1-ncaatournament,ncaa,37,2,37,37,38,53,48,50,37,47,51,40,39,46,24,22,67,66,68,65,66,55,58,32,46,47,44,11,68,57,53,48,22,55,47,45,46,13,31,41,53,46,28,15,,,2,18,,,53,57,31,5,47,34,29,34,33,17,26,67,66,65,43,45,45,38,44,38,27,46,8,,12,,,56,14,20,13,55,25,23,48,11,8,47,13,13,8,33,7,20,13,11,51,52,54,14,18,25,9,22,20,53,15,47,8,15,56,50,49,6,15,32,59,,,49,32,,,53,15,49,50,55,46,53,33,56,55,27,12,34,32,28,34,26,14,51,42,31,52,11,57,,36,,,b'\x11\xe8\xe1I\xc8\x1b\x84P\xaf\x82\x12\xdf\x17\xaeN\x1e'
11E8E149-C81B-8450-AF82-12DF17AE4E1E,2023-ncaa-d0-natl,ncaa,195,203,164,209,185,229,218,170,267,166,95,280,295,287,298,303,165,194,66,194,283,170,190,292,275,253,281,306,98,106,103,213,282,160,203,209,185,115,135,179,231,237,265,298,,,111,118,,,198,239,253,118,246,240,147,151,70,310,293,153,184,189,156,185,86,223,144,217,134,232,267,,123,,,196,102,157,185,131,240,270,132,33,65,46,55,97,119,93,118,78,163,154,87,73,89,23,34,151,285,282,159,103,210,203,94,89,208,203,149,187,210,131,81,,,268,291,,,198,127,233,133,197,113,176,215,258,309,31,62,119,134,135,202,172,295,182,242,100,201,198,139,,280,,,b'\x11\xe8\xe1I\xc8\x1b\x84P\xaf\x82\x12\xdf\x17\xaeN\x1e'
11E8E149-C81B-8450-AF82-12DF17AE4E1E,2023-ncaa-d1-conf-ACC,ncaa,13,13,11,13,11,14,13,14,12,12,8,12,14,13,14,11,11,14,4,14,14,14,15,14,14,11,12,13,4,9,10,15,10,14,12,11,5,3,5,8,14,13,15,15,,,5,6,,,13,15,12,1,12,12,9,10,8,14,11,9,10,11,12,12,9,14,13,10,4,14,15,,6,,,13,6,10,3,14,11,8,11,6,2,15,4,6,8,4,8,6,2,2,13,12,14,5,6,6,4,10,9,10,6,12,6,4,14,12,11,10,10,4,5,,,14,14,,,13,1,12,14,13,11,12,8,13,12,6,4,9,9,8,7,6,8,9,8,8,13,10,6,,14,,,b'\x11\xe8\xe1I\xc8\x1b\x84P\xaf\x82\x12\xdf\x17\xaeN\x1e'
11E8E149-C81B-8450-AF82-12DF17AE4E1E,2023-ncaa-d1-natl,ncaa,219,203,219,219,244,269,263,219,280,197,115,290,314,306,300,303,185,214,65,214,283,226,252,301,286,262,281,308,92,128,109,257,297,203,219,243,194,81,138,192,258,248,280,305,,,85,120,,,211,293,260,103,259,253,162,171,73,312,297,156,185,190,176,197,94,236,157,231,138,243,275,,123,,,213,70,114,138,152,215,247,151,28,47,49,54,79,105,98,104,80,121,97,99,81,113,23,35,145,261,297,115,109,179,219,75,92,243,212,172,169,219,121,91,,,297,287,,,211,72,245,160,214,121,189,214,270,311,33,62,123,140,139,208,171,300,190,250,112,211,204,148,,283,,,b'\x11\xe8\xe1I\xc8\x1b\x84P\xaf\x82\x12\xdf\x17\xaeN\x1e'
11E8E149-C81B-8450-AF82-12DF17AE4E1E,2024-ncaa-d0-natl,ncaa,142,176,52,168,60,95,84,71,117,66,81,94,147,112,231,188,137,126,220,127,217,75,92,134,149,105,256,221,244,164,260,65,83,93,185,56,68,90,46,38,238,300,313,349,,,129,50,,,158,76,147,127,123,93,89,72,123,181,165,192,181,190,105,182,226,81,145,56,47,291,342,,64,,,160,299,331,312,252,342,330,234,210,217,195,128,93,123,56,113,33,301,279,228,184,248,30,132,27,188,83,338,260,302,185,289,150,206,287,283,138,93,310,247,,,205,307,,,158,289,127,221,157,226,301,285,318,313,167,158,54,81,72,249,201,117,271,227,236,276,88,285,,295,,,b'\x11\xe8\xe1I\xc8\x1b\x84P\xaf\x82\x12\xdf\x17\xaeN\x1e'
11E8E149-C81B-8450-AF82-12DF17AE4E1E,2024-ncaa-d1-conf-ACC,ncaa,10,10,4,10,4,9,10,8,9,10,10,7,10,7,12,6,9,8,12,8,5,9,10,9,10,8,6,7,8,14,14,9,5,12,13,4,3,5,6,2,13,14,13,14,,,2,3,,,12,6,9,5,11,12,10,11,11,8,8,10,10,9,10,13,14,10,14,5,5,14,13,,3,,,12,13,14,12,13,13,11,12,8,7,10,8,3,4,3,2,3,11,9,13,12,13,2,8,3,4,5,13,14,11,13,10,9,9,10,11,7,10,14,15,,,12,12,,,12,10,12,12,12,10,14,10,13,10,7,7,3,3,3,6,4,4,13,10,10,11,6,14,,12,,,b'\x11\xe8\xe1I\xc8\x1b\x84P\xaf\x82\x12\xdf\x17\xaeN\x1e'
11E8E149-C81B-8450-AF82-12DF17AE4E1E,2024-ncaa-d1-natl,ncaa,155,177,78,177,89,116,102,92,128,78,107,101,172,139,238,188,160,150,219,153,218,101,122,146,156,114,253,225,238,201,274,89,98,129,206,68,69,69,52,39,274,315,335,351,,,100,52,,,184,99,152,119,132,101,100,86,128,189,171,195,186,194,116,196,240,92,160,61,47,305,344,,66,,,184,285,323,301,262,336,318,249,199,194,208,128,81,111,57,102,36,283,255,245,203,264,29,124,26,158,98,321,274,283,206,281,153,247,298,294,118,93,303,262,,,232,308,,,184,267,134,243,178,245,308,292,324,315,173,161,61,87,78,253,201,118,282,234,253,292,94,288,,298,,,b'\x11\xe8\xe1I\xc8\x1b\x84P\xaf\x82\x12\xdf\x17\xaeN\x1e'
11E8E149-C81B-8450-AF82-12DF17AE4E1E,2025-ncaa-d0-natl,genius_ncaa,71,77,54,81,64,39,28,25,63,31,64,38,33,22,156,82,219,252,74,249,342,33,63,60,85,33,224,122,350,51,79,54,49,41,51,19,56,18,7,7,132,168,232,302,,,61,17,,76,44,70,140,131,29,18,12,27,95,42,31,276,307,304,26,96,63,79,51,16,11,165,264,,28,,48,42,265,332,310,246,349,335,235,111,149,92,73,28,19,299,19,4,282,268,190,135,173,3,48,10,124,49,269,79,223,51,286,126,152,207,231,18,8,53,16,,,298,360,,307,44,289,20,133,45,174,286,276,328,336,74,76,16,8,7,187,159,54,173,115,225,202,9,36,,353,,322,b'\x11\xe8\xe1I\xc8\x1b\x84P\xaf\x82\x12\xdf\x17\xaeN\x1e'
11E8E149-C81B-8450-AF82-12DF17AE4E1E,2025-ncaa-d1-conf-ACC,genius_ncaa,8,8,4,8,4,5,5,6,5,4,9,4,6,3,16,4,11,13,4,13,14,7,9,6,6,5,12,10,15,7,6,9,5,9,6,2,1,3,3,1,11,12,16,16,,,3,4,,2,6,8,14,3,4,4,5,4,9,6,3,11,14,14,6,9,7,10,9,1,3,12,16,,3,,2,6,14,16,13,14,16,13,13,5,7,7,5,3,3,14,2,1,10,10,12,11,11,2,5,2,5,5,10,6,8,6,14,11,10,9,14,3,3,3,4,,,17,18,,16,6,11,4,8,6,9,13,9,15,13,5,4,2,2,2,6,6,3,10,7,10,12,3,3,,18,,16,b'\x11\xe8\xe1I\xc8\x1b\x84P\xaf\x82\x12\xdf\x17\xaeN\x1e'
11E8E149-C81B-8450-AF82-12DF17AE4E1E,2025-ncaa-d1-natl,genius_ncaa,78,77,72,83,81,48,34,27,67,35,80,43,41,28,159,82,238,273,74,267,342,43,80,61,88,35,218,119,350,59,85,71,52,54,58,24,59,15,7,7,150,181,248,307,,,50,17,,67,50,91,154,128,31,18,13,32,98,46,35,277,306,304,26,100,69,83,59,16,12,179,269,,28,,47,48,243,323,299,256,347,331,251,97,122,103,71,24,18,305,18,4,266,244,204,152,191,3,47,11,102,52,247,85,189,58,274,124,182,222,243,16,8,46,18,,,317,360,,310,50,270,21,153,53,185,294,276,335,337,72,77,18,8,8,191,157,58,178,116,233,219,9,37,,354,,321,b'\x11\xe8\xe1I\xc8\x1b\x84P\xaf\x82\x12\xdf\x17\xaeN\x1e'
11E8E149-C81B-8450-AF82-12DF17AE4E1E,2025-ncaa-d1-ncaatournament,genius_ncaa,37,2,37,37,38,60,54,47,59,48,45,49,57,47,57,25,61,53,67,53,56,48,60,57,62,59,64,45,57,39,24,58,36,48,39,41,5,4,11,5,54,38,52,51,,,10,40,,24,55,67,67,7,60,52,26,42,28,50,19,60,49,49,29,54,18,56,42,23,6,43,48,,20,,43,58,14,19,14,53,12,6,57,26,24,54,51,3,3,56,3,4,7,3,57,56,60,33,57,3,7,36,10,24,8,39,23,53,62,51,60,4,8,4,5,,,61,61,,54,55,2,54,58,58,42,50,31,39,17,51,46,3,3,3,14,3,15,39,34,52,57,6,5,,60,,41,b'\x11\xe8\xe1I\xc8\x1b\x84P\xaf\x82\x12\xdf\x17\xaeN\x1e'
11E8E149-C81B-8450-AF82-12DF17AE4E1E,2026-ncaa-d0-natl,genius_ncaa,163,295,9,237,20,63,60,37,129,36,15,150,212,193,248,330,38,20,230,20,165,28,19,176,179,191,331,340,113,46,131,7,53,10,51,33,37,350,215,127,81,182,49,82,,,317,98,,263,126,17,67,97,151,131,146,58,46,316,319,98,75,79,117,83,132,17,24,60,247,159,73,,141,,154,141,325,324,348,59,315,330,112,312,347,65,259,308,334,71,334,205,354,348,59,62,113,211,212,196,297,53,319,131,321,51,349,330,107,287,284,351,260,342,200,,,108,323,,310,126,350,186,100,142,166,153,282,142,206,190,296,186,220,221,286,251,144,151,142,270,261,284,284,,288,,340,b'\x11\xe8\xe1I\xc8\x1b\x84P\xaf\x82\x12\xdf\x17\xaeN\x1e'
11E8E149-C81B-8450-AF82-12DF17AE4E1E,2026-ncaa-d1-natl,genius_ncaa,203,294,13,268,35,85,83,58,153,42,23,186,260,256,265,333,57,34,234,32,160,46,34,205,210,223,331,341,98,72,165,10,61,14,64,40,37,342,232,149,123,222,57,94,,,289,114,,246,179,28,80,100,185,178,174,77,58,324,325,102,85,86,145,111,161,20,31,72,266,205,82,,151,,160,183,311,310,341,81,295,316,130,298,343,77,259,287,316,86,316,210,345,332,85,85,154,209,216,185,264,61,299,165,295,64,340,335,165,308,312,346,284,331,226,,,152,321,,321,179,341,226,148,184,200,191,299,177,222,219,305,199,233,231,299,251,151,169,155,299,285,295,293,,291,,340,b'\x11\xe8\xe1I\xc8\x1b\x84P\xaf\x82\x12\xdf\x17\xaeN\x1e'
11E8E149-C81F-C772-AF82-12DF17AE4E1E,2010-ncaa-d0-natl,ncaa,8,8,20,9,36,7,2,7,4,2,5,5,143,153,126,275,138,184,44,180,344,14,19,10,15,8,340,291,338,41,58,28,154,22,59,3,70,151,21,3,11,26,23,49,,,119,9,,,3,15,25,252,5,1,8,1,5,193,227,210,269,269,11,31,91,48,42,2,57,18,36,,33,,,3,216,245,319,32,247,322,33,185,243,96,145,120,143,84,137,37,310,329,23,16,8,117,178,90,316,154,232,58,293,59,142,55,7,23,12,216,76,202,42,,,143,338,,,3,331,7,10,3,61,89,254,127,270,118,162,55,77,72,210,304,249,78,152,51,17,119,144,,283,,,b'\x11\xe8\xe1I\xc8\x1f\xc7r\xaf\x82\x12\xdf\x17\xaeN\x1e'
11E8E149-C81F-C772-AF82-12DF17AE4E1E,2010-ncaa-d1-conf-WCC,ncaa,1,1,3,1,3,1,1,2,1,1,2,1,4,5,1,7,3,3,3,3,8,2,2,1,1,1,8,8,8,2,1,2,1,2,1,1,2,2,2,1,1,1,3,2,,,2,1,,,1,2,1,5,1,1,1,1,1,4,4,3,3,3,1,1,2,2,2,1,3,1,2,,1,,,1,1,1,4,1,1,4,2,2,3,2,5,2,2,1,2,2,4,6,1,1,1,4,4,5,3,1,1,1,2,1,1,1,1,1,1,3,2,1,1,,,4,6,,,1,6,1,1,1,1,1,4,1,3,2,4,2,2,2,3,6,3,1,1,1,1,3,1,,3,,,b'\x11\xe8\xe1I\xc8\x1f\xc7r\xaf\x82\x12\xdf\x17\xaeN\x1e'
11E8E149-C81F-C772-AF82-12DF17AE4E1E,2010-ncaa-d1-natl,ncaa,8,8,22,9,37,7,2,7,4,2,5,5,149,159,131,271,143,189,43,185,344,15,19,10,15,8,340,289,339,46,59,31,158,22,59,3,73,137,21,4,12,28,24,49,,,104,10,,,3,17,27,251,5,1,8,1,5,195,229,208,274,272,12,34,93,51,44,2,54,19,38,,36,,,3,208,240,317,35,242,319,34,183,235,99,146,115,133,86,127,37,309,327,27,18,9,116,178,91,315,158,218,59,286,59,132,56,8,23,13,203,76,193,43,,,159,338,,,3,330,7,10,3,61,92,255,128,274,118,163,56,76,71,214,304,251,82,155,53,17,119,148,,282,,,b'\x11\xe8\xe1I\xc8\x1f\xc7r\xaf\x82\x12\xdf\x17\xaeN\x1e'
11E8E149-C81F-C772-AF82-12DF17AE4E1E,2010-ncaa-d1-ncaatournament,ncaa,9,2,9,9,11,13,12,10,17,11,11,25,15,17,13,51,17,18,29,17,49,11,10,18,18,19,45,38,42,14,43,13,48,13,47,9,22,55,29,15,7,15,4,13,,,45,2,,,39,9,7,9,19,13,15,14,13,28,50,39,40,39,19,17,39,31,37,9,38,9,6,,7,,,27,57,57,56,42,59,58,40,43,49,39,15,49,52,17,53,19,55,56,34,28,25,11,25,17,58,48,56,43,57,47,56,17,9,24,27,62,54,59,47,,,14,37,,,39,56,23,30,24,47,55,55,55,58,27,20,24,30,29,55,60,53,41,47,42,7,55,49,,31,,,b'\x11\xe8\xe1I\xc8\x1f\xc7r\xaf\x82\x12\xdf\x17\xaeN\x1e'
11E8E149-C81F-C772-AF82-12DF17AE4E1E,2011-ncaa-d0-natl,ncaa,10,10,15,11,23,2,1,3,3,1,3,3,166,162,165,296,85,151,10,156,342,5,10,3,5,2,341,324,337,22,25,27,98,18,21,3,102,45,2,1,14,21,101,171,,,214,39,,,8,11,39,257,1,1,4,1,1,225,244,167,270,272,9,33,62,101,56,2,5,20,149,,62,,,5,319,333,323,190,335,323,218,196,255,66,148,188,200,115,203,78,320,329,168,131,97,53,109,88,264,98,186,25,236,21,300,126,21,77,101,183,46,45,1,,,181,342,,,8,332,2,75,7,161,219,236,251,258,105,151,95,101,101,204,263,132,31,43,179,60,87,19,,324,,,b'\x11\xe8\xe1I\xc8\x1f\xc7r\xaf\x82\x12\xdf\x17\xaeN\x1e'
11E8E149-C81F-C772-AF82-12DF17AE4E1E,2011-ncaa-d1-conf-WCC,ncaa,1,1,2,1,3,1,1,1,1,1,1,1,7,8,3,8,3,3,2,3,8,1,1,1,1,1,8,8,8,1,1,2,1,1,1,1,2,3,1,1,1,2,3,4,,,3,2,,,1,1,1,3,1,1,1,1,1,7,7,3,5,6,1,1,1,2,1,1,3,2,4,,2,,,1,2,2,3,1,4,4,2,1,4,1,4,2,3,1,3,2,3,5,1,1,1,2,1,3,2,1,1,1,1,1,1,3,2,2,1,4,3,1,1,,,7,8,,,1,8,1,1,1,1,2,4,2,5,1,3,2,2,2,3,5,1,1,1,1,2,4,1,,7,,,b'\x11\xe8\xe1I\xc8\x1f\xc7r\xaf\x82\x12\xdf\x17\xaeN\x1e'
11E8E149-C81F-C772-AF82-12DF17AE4E1E,2011-ncaa-d1-natl,ncaa,8,10,11,11,12,1,1,2,2,1,2,3,157,162,162,300,77,138,20,141,342,3,8,3,5,2,341,324,337,15,15,17,111,15,20,2,112,44,2,1,9,22,84,161,,,223,31,,,6,6,41,260,1,1,4,1,1,224,243,161,259,267,9,33,51,92,43,1,5,19,142,,59,,,5,327,335,330,176,336,332,215,198,275,57,152,183,208,75,208,73,330,336,151,120,89,48,114,78,293,111,193,15,254,20,302,128,18,73,94,176,43,48,1,,,149,341,,,6,338,1,69,5,156,211,238,247,255,105,154,87,98,100,207,267,147,23,37,174,59,81,17,,315,,,b'\x11\xe8\xe1I\xc8\x1f\xc7r\xaf\x82\x12\xdf\x17\xaeN\x1e'
11E8E149-C81F-C772-AF82-12DF17AE4E1E,2011-ncaa-d1-ncaatournament,ncaa,5,2,5,5,5,6,6,6,14,6,6,20,12,11,32,57,4,4,11,4,27,6,6,20,11,6,46,56,16,10,47,8,32,9,40,5,19,55,7,4,4,10,19,41,,,58,8,,,19,5,7,3,4,7,14,6,9,42,52,6,11,10,8,15,45,33,44,7,12,9,37,,11,,,21,63,63,60,52,62,59,51,64,61,47,44,61,62,20,62,29,60,60,55,46,44,34,46,19,57,32,62,47,62,40,62,31,5,24,35,54,10,28,7,,,7,28,,,19,60,8,42,21,53,55,48,49,35,52,51,26,27,26,46,51,32,43,40,46,16,16,10,,18,,,b'\x11\xe8\xe1I\xc8\x1f\xc7r\xaf\x82\x12\xdf\x17\xaeN\x1e'
11E8E149-C81F-C772-AF82-12DF17AE4E1E,2012-ncaa-d0-natl,ncaa,11,13,22,13,42,9,6,11,14,5,9,24,145,167,81,274,81,106,74,105,325,13,20,29,36,20,322,269,312,19,31,33,72,18,31,8,96,99,11,7,26,52,101,111,,,235,84,,,18,27,77,261,10,2,10,4,3,182,231,159,198,194,11,45,38,108,40,8,37,48,128,,110,,,19,300,297,308,175,221,255,158,323,310,264,289,200,192,199,183,132,306,311,206,201,159,278,308,99,198,72,251,31,227,31,204,69,36,89,73,131,37,81,8,,,80,281,,,18,315,12,132,18,187,185,181,118,100,294,275,119,108,106,159,203,95,90,73,104,86,62,35,,198,,,b'\x11\xe8\xe1I\xc8\x1f\xc7r\xaf\x82\x12\xdf\x17\xaeN\x1e'
11E8E149-C81F-C772-AF82-12DF17AE4E1E,2012-ncaa-d1-conf-WCC,ncaa,1,1,1,1,4,1,1,1,1,1,1,2,8,7,4,8,6,6,4,6,9,1,1,2,3,2,9,8,7,1,2,3,1,2,2,2,2,1,1,2,1,2,2,2,,,2,1,,,2,1,2,5,1,1,1,1,1,8,7,6,6,6,1,1,1,3,2,2,1,1,2,,2,,,2,3,3,2,4,2,2,3,8,7,6,9,1,1,2,1,2,2,7,4,4,3,8,9,2,2,1,5,2,2,2,3,5,2,2,1,1,1,2,1,,,6,9,,,2,9,1,3,2,3,3,2,2,2,8,7,1,1,1,2,5,2,5,2,3,2,1,2,,7,,,b'\x11\xe8\xe1I\xc8\x1f\xc7r\xaf\x82\x12\xdf\x17\xaeN\x1e'
11E8E149-C81F-C772-AF82-12DF17AE4E1E,2012-ncaa-d1-natl,ncaa,12,13,23,13,49,10,6,11,14,5,9,24,154,176,81,272,87,116,73,113,324,13,22,29,36,20,322,267,313,23,34,40,80,20,33,8,99,86,12,7,30,54,107,114,,,221,89,,,19,28,80,261,10,2,10,4,4,186,232,163,199,198,11,52,37,111,44,8,37,52,131,,112,,,20,292,283,301,185,212,240,165,321,307,269,288,188,179,203,170,136,297,307,209,205,172,276,305,100,179,80,230,34,204,33,194,72,45,95,79,112,38,74,9,,,92,281,,,19,314,12,143,20,192,188,182,122,105,295,273,122,110,107,163,202,98,92,74,105,92,63,36,,198,,,b'\x11\xe8\xe1I\xc8\x1f\xc7r\xaf\x82\x12\xdf\x17\xaeN\x1e'
11E8E149-C81F-C772-AF82-12DF17AE4E1E,2012-ncaa-d1-ncaatournament,ncaa,9,2,9,9,10,11,12,11,22,11,11,29,14,13,22,44,12,11,33,11,26,10,11,26,25,20,36,38,23,10,23,9,45,9,34,9,26,50,16,12,16,35,12,38,,,49,17,,,17,11,15,5,14,14,15,17,13,32,36,16,18,18,12,17,23,25,22,15,18,31,23,,23,,,17,53,54,55,18,50,53,11,61,56,41,44,50,54,14,53,30,55,55,22,20,22,47,51,23,56,45,52,23,54,34,53,28,14,33,26,50,25,37,19,,,8,8,,,17,55,17,26,17,33,31,51,23,42,49,48,27,36,32,54,58,53,30,44,28,24,28,21,,9,,,b'\x11\xe8\xe1I\xc8\x1f\xc7r\xaf\x82\x12\xdf\x17\xaeN\x1e'
11E8E149-C81F-C772-AF82-12DF17AE4E1E,2013-ncaa-d0-natl,ncaa,19,14,41,16,66,39,17,29,46,28,29,79,69,125,18,205,252,189,323,186,326,41,57,52,83,52,260,148,338,36,66,120,19,63,46,25,131,50,21,20,14,3,87,75,,,167,121,,,18,76,169,267,35,18,30,29,46,88,169,301,249,249,45,127,54,212,112,29,35,9,102,,80,,,17,99,90,102,151,135,176,127,84,58,177,73,198,201,178,211,210,119,223,129,139,44,136,96,244,20,19,267,66,139,46,97,142,19,8,18,44,21,82,24,,,139,274,,,18,268,33,18,16,33,33,14,69,60,47,28,144,139,146,15,71,7,165,49,60,27,34,54,,241,,,b'\x11\xe8\xe1I\xc8\x1f\xc7r\xaf\x82\x12\xdf\x17\xaeN\x1e'
11E8E149-C81F-C772-AF82-12DF17AE4E1E,2013-ncaa-d1-conf-WCC,ncaa,1,1,3,1,5,1,1,1,2,2,3,1,2,3,1,6,7,6,8,6,9,1,1,1,1,1,7,4,8,1,1,7,1,2,1,2,4,1,1,1,1,1,4,4,,,5,5,,,1,7,6,5,1,1,1,2,3,2,3,8,7,7,1,1,1,7,1,2,1,1,4,,6,,,1,1,1,1,2,1,2,2,1,1,2,1,5,6,5,6,8,1,2,2,2,1,5,1,9,1,1,4,1,1,1,1,3,1,1,1,1,1,3,2,,,6,8,,,1,3,1,1,1,1,1,1,1,3,1,1,5,6,5,1,2,1,3,1,1,1,1,2,,6,,,b'\x11\xe8\xe1I\xc8\x1f\xc7r\xaf\x82\x12\xdf\x17\xaeN\x1e'
11E8E149-C81F-C772-AF82-12DF17AE4E1E,2013-ncaa-d1-natl,ncaa,19,14,49,16,74,43,19,31,49,31,32,82,73,136,17,206,260,201,324,198,326,45,67,56,85,52,257,144,338,40,70,135,20,75,50,28,132,44,21,20,14,3,92,76,,,148,125,,,20,83,175,267,40,18,30,30,48,87,169,300,250,250,46,130,56,215,117,30,37,12,104,,82,,,19,78,80,73,153,120,149,132,70,50,178,73,192,186,178,196,211,87,203,135,144,49,134,94,244,14,20,251,70,110,50,87,142,22,9,21,39,22,79,25,,,156,271,,,20,255,33,18,18,36,36,14,74,62,47,28,143,140,147,16,72,7,166,49,68,30,36,56,,239,,,b'\x11\xe8\xe1I\xc8\x1f\xc7r\xaf\x82\x12\xdf\x17\xaeN\x1e'
11E8E149-C81F-C772-AF82-12DF17AE4E1E,2013-ncaa-d1-ncaatournament,ncaa,33,2,33,33,35,40,39,37,47,38,41,48,36,31,43,18,51,50,53,50,51,38,45,44,48,43,24,16,53,45,42,62,24,54,56,41,36,4,4,9,25,1,43,13,,,22,57,,,38,46,34,7,35,31,5,32,25,17,9,49,46,46,8,27,25,62,52,32,5,2,42,,50,,,40,16,6,1,60,3,1,64,30,33,46,63,26,16,61,16,64,2,5,63,63,56,63,59,51,2,24,30,42,16,56,11,50,31,1,11,1,1,9,20,,,51,52,,,38,14,39,49,41,45,20,1,5,1,56,59,51,32,33,2,11,3,62,40,39,3,1,16,,48,,,b'\x11\xe8\xe1I\xc8\x1f\xc7r\xaf\x82\x12\xdf\x17\xaeN\x1e'
11E8E149-C81F-C772-AF82-12DF17AE4E1E,2014-ncaa-d0-natl,ncaa,8,5,28,9,36,24,17,17,58,17,23,61,104,104,150,195,135,121,197,117,290,26,31,81,104,53,286,205,299,4,11,90,91,27,27,20,124,75,16,24,3,1,38,38,,,259,190,,,7,65,214,152,40,24,28,22,46,144,150,220,200,198,36,91,11,213,47,30,31,3,52,,145,,,7,68,43,152,21,90,221,22,23,67,18,59,281,248,319,254,219,180,274,13,31,6,157,38,328,151,91,208,11,199,27,13,22,8,5,1,45,13,47,7,,,105,288,,,7,283,17,5,5,13,6,16,18,82,9,21,210,166,169,17,104,57,75,48,3,15,18,24,,233,,,b'\x11\xe8\xe1I\xc8\x1f\xc7r\xaf\x82\x12\xdf\x17\xaeN\x1e'
11E8E149-C81F-C772-AF82-12DF17AE4E1E,2014-ncaa-d1-conf-WCC,ncaa,1,1,1,1,1,1,1,1,2,1,1,2,4,3,6,5,5,5,6,5,8,1,1,3,5,4,9,6,10,1,1,3,3,2,1,1,3,1,1,1,1,1,3,3,,,6,5,,,1,3,10,5,2,1,2,1,3,4,3,7,6,6,2,3,1,9,2,1,1,1,3,,5,,,1,1,2,2,2,3,4,2,1,1,2,1,6,6,7,7,6,2,5,2,2,1,2,1,9,2,3,6,1,3,1,2,3,1,1,1,1,1,1,1,,,4,10,,,1,9,1,1,1,1,1,1,2,1,1,1,5,5,5,1,1,2,2,1,1,1,1,1,,7,,,b'\x11\xe8\xe1I\xc8\x1f\xc7r\xaf\x82\x12\xdf\x17\xaeN\x1e'
11E8E149-C81F-C772-AF82-12DF17AE4E1E,2014-ncaa-d1-natl,ncaa,8,5,33,9,42,27,21,19,61,18,27,63,114,115,152,196,147,132,196,126,291,28,38,82,107,56,286,205,299,7,13,101,93,31,28,21,130,63,16,25,3,1,42,42,,,242,193,,,7,78,216,153,46,27,28,22,50,145,151,221,206,203,37,94,12,220,52,34,31,3,53,,146,,,7,55,31,126,23,73,202,24,17,60,20,55,269,232,320,240,220,151,264,13,31,6,156,37,330,133,93,192,13,174,28,9,22,9,6,1,40,13,42,7,,,118,290,,,7,273,17,5,5,13,6,15,18,81,9,21,211,170,171,18,103,57,77,50,3,19,19,25,,236,,,b'\x11\xe8\xe1I\xc8\x1f\xc7r\xaf\x82\x12\xdf\x17\xaeN\x1e'
11E8E149-C81F-C772-AF82-12DF17AE4E1E,2014-ncaa-d1-ncaatournament,ncaa,33,2,33,33,34,39,41,38,52,40,37,50,52,44,53,34,41,40,32,40,39,38,37,52,52,47,43,43,24,39,28,34,23,33,32,33,2,7,11,5,47,43,27,15,,,17,30,,,36,39,18,3,32,33,6,28,10,43,22,29,27,26,8,8,11,15,9,5,10,36,12,,32,,,39,13,7,19,13,9,17,22,11,20,9,31,30,27,61,26,51,25,20,10,28,36,49,21,59,11,23,24,28,18,32,14,48,59,58,49,10,8,26,44,,,42,33,,,36,22,47,33,40,37,18,43,25,35,21,36,59,50,50,52,41,26,55,50,38,57,11,50,,27,,,b'\x11\xe8\xe1I\xc8\x1f\xc7r\xaf\x82\x12\xdf\x17\xaeN\x1e'
11E8E149-C81F-C772-AF82-12DF17AE4E1E,2015-ncaa-d0-natl,ncaa,26,27,26,29,26,34,48,68,38,55,116,46,58,95,31,144,12,36,4,33,45,61,53,31,13,29,94,141,51,50,20,51,161,37,31,50,143,311,200,130,64,83,16,15,,,313,233,,,32,54,243,19,39,71,214,127,230,93,137,19,63,57,168,167,86,139,98,90,203,82,23,,220,,,32,266,205,294,52,211,269,83,203,274,50,210,320,281,339,276,228,301,304,61,101,103,255,155,290,294,161,78,20,176,31,179,140,85,138,95,280,186,50,24,,,20,34,,,32,299,21,108,28,115,74,135,85,123,136,199,255,208,206,138,155,189,15,31,87,141,196,27,,40,,,b'\x11\xe8\xe1I\xc8\x1f\xc7r\xaf\x82\x12\xdf\x17\xaeN\x1e'
11E8E149-C81F-C772-AF82-12DF17AE4E1E,2015-ncaa-d1-conf-WCC,ncaa,1,1,3,1,4,3,1,5,1,2,6,1,3,4,2,5,4,5,2,5,4,7,5,1,1,2,4,4,9,3,3,4,7,3,3,3,6,7,7,4,1,1,2,2,,,4,5,,,1,5,8,4,2,1,6,2,7,2,3,4,7,5,6,5,4,4,3,3,6,2,2,,5,,,1,3,3,7,2,3,5,2,3,6,2,6,4,2,5,2,5,6,6,2,2,1,5,6,6,8,7,2,3,2,3,2,3,2,2,2,9,8,1,1,,,4,5,,,1,6,1,2,1,2,2,6,3,6,4,5,3,4,4,4,5,9,2,2,2,3,8,1,,3,,,b'\x11\xe8\xe1I\xc8\x1f\xc7r\xaf\x82\x12\xdf\x17\xaeN\x1e'
11E8E149-C81F-C772-AF82-12DF17AE4E1E,2015-ncaa-d1-natl,ncaa,27,27,30,29,30,39,56,80,42,69,133,51,70,109,34,141,14,40,4,38,42,67,58,33,13,32,90,142,45,59,22,58,170,45,35,55,141,296,203,140,71,86,19,15,,,304,238,,,33,58,244,19,44,84,221,134,234,95,139,19,63,58,178,172,91,146,111,96,205,89,23,,223,,,33,244,184,279,55,194,252,91,191,259,52,212,308,269,338,264,230,288,295,62,110,111,255,152,291,277,170,55,22,140,35,164,140,98,143,104,266,190,41,28,,,25,35,,,33,295,22,118,29,118,78,137,90,124,137,199,260,209,206,144,154,197,16,31,92,146,198,27,,38,,,b'\x11\xe8\xe1I\xc8\x1f\xc7r\xaf\x82\x12\xdf\x17\xaeN\x1e'
11E8E149-C81F-C772-AF82-12DF17AE4E1E,2015-ncaa-d1-ncaatournament,ncaa,9,2,9,9,9,10,11,13,11,12,12,24,16,20,7,55,11,10,18,10,20,12,12,15,9,12,36,46,10,10,11,12,56,9,32,14,44,53,43,37,8,24,9,15,,,56,29,,,9,13,39,1,12,18,45,17,21,34,53,8,14,14,30,27,23,20,16,31,44,15,14,,39,,,9,52,51,55,3,49,53,2,51,56,28,50,61,62,27,62,45,56,56,5,8,11,56,48,54,60,56,47,11,57,32,48,21,10,30,11,52,36,50,28,,,8,8,,,9,55,10,17,7,22,11,55,7,35,42,55,47,47,45,55,60,64,9,42,18,16,36,28,,9,,,b'\x11\xe8\xe1I\xc8\x1f\xc7r\xaf\x82\x12\xdf\x17\xaeN\x1e'
11E8E149-C81F-C772-AF82-12DF17AE4E1E,2016-ncaa-d0-natl,ncaa,100,137,38,128,52,85,99,94,122,103,118,147,116,126,122,173,48,45,145,50,74,83,79,122,113,128,132,169,77,29,14,74,49,42,21,117,163,254,175,161,85,84,96,88,,,260,252,,,61,108,269,143,124,156,198,173,192,157,165,73,68,78,171,185,44,127,64,163,177,121,124,,193,,,65,147,90,183,51,64,144,40,222,229,194,231,280,257,245,256,274,201,221,63,97,92,321,248,297,97,49,78,14,70,21,115,184,113,129,96,188,123,202,161,,,48,78,,,61,239,80,78,62,52,26,44,17,40,186,169,219,202,202,55,47,43,29,28,63,187,124,150,,86,,,b'\x11\xe8\xe1I\xc8\x1f\xc7r\xaf\x82\x12\xdf\x17\xaeN\x1e'
11E8E149-C81F-C772-AF82-12DF17AE4E1E,2016-ncaa-d1-conf-WCC,ncaa,6,5,7,6,9,9,9,9,5,9,9,4,7,5,7,4,8,8,7,8,5,9,8,4,4,5,6,6,7,2,1,7,2,6,2,7,7,2,5,6,8,6,9,4,,,4,8,,,5,9,9,5,8,7,6,7,7,6,3,7,8,8,8,8,2,5,2,7,3,8,8,,5,,,5,1,2,1,3,2,2,1,4,3,9,7,3,3,8,3,6,1,1,3,3,4,9,7,7,1,2,2,1,1,2,2,4,8,5,6,2,3,1,3,,,8,3,,,5,2,4,3,4,2,2,2,2,2,6,3,4,4,4,2,1,1,2,2,2,8,3,2,,7,,,b'\x11\xe8\xe1I\xc8\x1f\xc7r\xaf\x82\x12\xdf\x17\xaeN\x1e'
11E8E149-C81F-C772-AF82-12DF17AE4E1E,2016-ncaa-d1-natl,ncaa,114,137,51,137,68,101,126,120,140,129,146,151,125,136,124,173,59,58,145,62,72,106,98,131,118,133,130,168,66,41,16,96,51,54,22,139,168,228,179,167,102,89,112,93,,,243,256,,,73,141,275,137,132,168,209,183,200,158,168,73,71,78,179,191,50,136,67,176,177,128,130,,192,,,72,125,70,151,58,47,113,49,209,216,204,226,268,243,248,244,276,171,176,70,108,104,321,245,295,80,51,54,16,45,22,102,185,143,138,101,170,131,192,166,,,62,74,,,73,202,86,88,70,55,31,44,21,42,190,164,219,206,209,54,47,42,30,28,65,198,126,156,,84,,,b'\x11\xe8\xe1I\xc8\x1f\xc7r\xaf\x82\x12\xdf\x17\xaeN\x1e'
11E8E149-C81F-C772-AF82-12DF17AE4E1E,2017-ncaa-d0-natl,ncaa,21,17,45,21,68,44,57,69,68,75,127,55,60,58,117,106,23,63,14,63,52,62,63,60,42,48,95,141,89,46,30,50,33,36,11,35,58,195,106,62,70,78,38,31,,,209,145,,,18,76,182,268,45,72,148,114,223,87,88,30,94,91,122,155,69,74,51,33,127,99,43,,121,,,16,127,126,254,25,132,220,53,157,253,17,245,196,146,334,135,112,241,255,28,33,37,212,186,214,83,33,98,30,77,11,88,109,97,128,58,135,68,138,113,,,71,121,,,18,285,29,26,12,40,34,113,47,99,105,200,115,84,82,82,91,40,35,26,46,152,75,92,,120,,,b'\x11\xe8\xe1I\xc8\x1f\xc7r\xaf\x82\x12\xdf\x17\xaeN\x1e'
11E8E149-C81F-C772-AF82-12DF17AE4E1E,2017-ncaa-d1-conf-WCC,ncaa,1,1,1,1,1,1,1,1,3,2,3,2,4,3,5,4,2,2,2,2,5,1,2,3,3,2,7,6,5,2,2,2,2,2,2,1,3,3,3,1,2,3,2,3,,,6,4,,,1,2,5,9,1,1,3,2,5,5,4,3,4,4,2,3,2,3,2,2,3,3,3,,5,,,1,3,4,7,2,5,6,2,4,8,1,6,3,4,2,4,4,7,9,1,1,2,4,6,5,5,2,5,2,5,2,2,3,4,4,2,1,1,2,1,,,3,6,,,1,9,1,2,1,2,3,6,3,5,3,6,2,3,2,4,3,3,2,2,1,4,1,1,,6,,,b'\x11\xe8\xe1I\xc8\x1f\xc7r\xaf\x82\x12\xdf\x17\xaeN\x1e'
11E8E149-C81F-C772-AF82-12DF17AE4E1E,2017-ncaa-d1-natl,ncaa,23,17,56,22,90,53,70,86,72,94,161,59,72,70,120,106,30,76,13,73,56,79,84,63,45,51,92,142,87,57,33,57,33,43,14,39,59,171,112,65,82,85,41,32,,,192,152,,,19,94,191,270,53,82,155,120,227,89,91,29,94,93,128,161,79,75,57,36,126,107,45,,119,,,18,100,98,228,27,110,195,57,142,241,21,245,172,120,335,112,113,207,230,29,40,44,213,184,218,63,33,69,33,49,14,74,109,121,134,69,114,71,122,122,,,84,116,,,19,264,30,29,15,46,40,114,50,105,103,199,118,88,85,80,93,41,34,26,50,159,74,99,,123,,,b'\x11\xe8\xe1I\xc8\x1f\xc7r\xaf\x82\x12\xdf\x17\xaeN\x1e'
11E8E149-C81F-C772-AF82-12DF17AE4E1E,2017-ncaa-d1-ncaatournament,ncaa,33,2,33,33,33,44,37,35,48,34,36,43,59,51,60,43,40,40,34,40,49,35,36,50,50,50,56,54,24,30,9,37,4,34,9,40,29,15,22,29,36,19,35,19,,,20,48,,,39,42,16,6,39,28,3,14,6,53,29,26,26,27,5,6,4,26,4,29,29,15,28,,43,,,44,16,7,5,32,1,4,19,30,25,47,57,33,25,63,23,62,9,15,44,54,42,63,62,55,3,4,14,9,5,9,5,12,43,11,4,8,14,50,59,,,41,28,,,39,23,45,31,43,41,16,7,1,4,55,50,56,49,47,13,23,4,44,22,10,13,16,61,,21,,,b'\x11\xe8\xe1I\xc8\x1f\xc7r\xaf\x82\x12\xdf\x17\xaeN\x1e'
11E8E149-C81F-C772-AF82-12DF17AE4E1E,2018-ncaa-d0-natl,ncaa,18,12,43,14,71,44,43,56,48,25,37,39,216,186,259,276,26,39,75,36,150,47,54,89,76,58,302,315,101,38,24,83,211,45,58,76,220,96,50,61,35,52,106,132,,,161,74,,,24,73,187,278,50,47,100,27,61,251,242,38,68,60,81,121,57,145,87,106,56,53,143,,82,,,22,144,165,269,41,158,247,56,172,263,45,229,123,136,127,143,99,259,285,46,38,32,162,198,135,288,211,120,24,196,58,139,124,67,110,68,64,35,173,68,,,39,99,,,24,276,36,42,20,53,62,144,69,137,127,195,65,80,84,114,163,223,45,93,80,106,38,118,,90,,,b'\x11\xe8\xe1I\xc8\x1f\xc7r\xaf\x82\x12\xdf\x17\xaeN\x1e'
11E8E149-C81F-C772-AF82-12DF17AE4E1E,2018-ncaa-d1-conf-WCC,ncaa,1,1,1,1,2,1,1,2,2,1,3,2,5,6,4,7,2,2,2,2,5,2,2,2,2,1,7,7,4,3,3,2,5,1,2,1,7,2,2,1,1,1,4,4,,,3,2,,,1,2,8,5,1,1,4,1,4,5,7,2,4,4,3,5,3,4,3,3,2,2,4,,3,,,1,3,5,7,2,6,8,2,1,6,1,4,3,4,4,4,3,7,9,2,2,1,4,5,4,8,5,3,3,5,2,2,2,3,5,1,2,2,8,4,,,4,4,,,1,9,1,1,1,1,2,4,5,8,1,4,3,3,3,3,4,7,2,3,1,3,2,8,,4,,,b'\x11\xe8\xe1I\xc8\x1f\xc7r\xaf\x82\x12\xdf\x17\xaeN\x1e'
11E8E149-C81F-C772-AF82-12DF17AE4E1E,2018-ncaa-d1-natl,ncaa,19,12,53,14,92,51,51,76,50,26,43,40,230,204,261,275,31,49,69,46,147,58,71,95,77,60,300,312,99,47,25,99,218,53,70,86,227,81,52,68,48,55,123,137,,,137,77,,,30,97,196,279,53,49,105,28,63,257,244,40,76,64,81,131,61,153,95,110,58,61,146,,82,,,28,116,136,252,47,135,223,61,163,241,49,222,105,113,133,119,101,243,266,50,41,40,158,195,134,279,218,97,25,160,70,117,128,85,118,77,50,36,164,71,,,48,92,,,30,252,37,52,26,58,69,147,74,143,127,192,75,82,85,119,159,231,47,96,86,115,40,128,,92,,,b'\x11\xe8\xe1I\xc8\x1f\xc7r\xaf\x82\x12\xdf\x17\xaeN\x1e'
11E8E149-C81F-C772-AF82-12DF17AE4E1E,2018-ncaa-d1-ncaatournament,ncaa,33,2,33,33,34,43,44,53,38,44,49,33,47,54,40,38,36,40,3,40,18,51,49,39,29,33,29,40,7,49,39,56,60,54,51,54,60,12,40,55,28,5,57,57,,,13,30,,,41,48,36,7,36,37,47,34,41,38,38,6,21,21,43,40,40,54,51,54,36,3,57,,38,,,45,15,18,12,50,13,9,39,35,25,55,48,6,14,2,15,47,10,24,56,50,35,52,59,14,30,60,11,39,16,51,11,28,35,7,17,17,47,45,63,,,36,3,,,41,11,38,48,47,45,44,23,28,13,59,47,18,39,40,27,53,62,35,46,36,5,42,62,,5,,,b'\x11\xe8\xe1I\xc8\x1f\xc7r\xaf\x82\x12\xdf\x17\xaeN\x1e'
11E8E149-C81F-C772-AF82-12DF17AE4E1E,2019-ncaa-d0-natl,ncaa,9,7,26,9,33,27,24,43,19,9,9,65,233,316,8,338,24,57,18,57,276,43,54,50,39,30,323,327,137,62,53,57,76,51,37,28,137,113,44,28,28,40,87,112,,,172,80,,,14,52,234,139,45,27,103,7,16,276,337,47,119,121,108,185,129,116,104,43,39,55,132,,67,,,15,194,173,269,61,176,255,65,190,238,105,184,201,196,211,183,128,267,290,60,64,48,199,191,202,198,76,131,53,148,37,180,170,50,80,67,143,68,195,40,,,75,174,,,14,299,21,37,14,44,42,86,59,114,101,142,122,111,104,64,98,79,25,29,90,112,62,127,,180,,,b'\x11\xe8\xe1I\xc8\x1f\xc7r\xaf\x82\x12\xdf\x17\xaeN\x1e'
11E8E149-C81F-C772-AF82-12DF17AE4E1E,2019-ncaa-d1-conf-WCC,ncaa,1,1,3,1,5,3,2,4,2,1,2,2,8,9,1,9,2,3,2,3,8,5,6,2,2,1,8,9,5,6,4,4,2,3,2,1,5,2,3,2,3,1,5,4,,,1,1,,,1,7,8,3,2,1,4,1,2,8,9,1,2,3,5,7,6,3,3,1,2,3,5,,1,,,1,1,1,2,2,2,2,2,6,7,4,9,1,1,1,1,2,2,2,3,3,1,8,9,4,2,2,2,4,1,2,1,5,3,1,1,2,2,3,1,,,2,1,,,1,3,1,1,1,1,1,1,2,1,5,7,1,1,1,1,2,2,2,1,1,3,2,3,,2,,,b'\x11\xe8\xe1I\xc8\x1f\xc7r\xaf\x82\x12\xdf\x17\xaeN\x1e'
11E8E149-C81F-C772-AF82-12DF17AE4E1E,2019-ncaa-d1-natl,ncaa,12,7,40,10,48,35,31,58,20,14,13,68,247,328,10,338,33,75,18,78,276,56,70,55,44,33,323,326,131,88,62,71,82,65,43,38,139,82,44,30,47,49,100,116,,,143,85,,,19,70,238,136,49,32,113,10,17,283,339,46,122,123,114,195,135,127,123,49,40,61,136,,69,,,19,151,144,243,69,141,229,71,171,216,116,179,180,174,219,161,130,239,267,64,70,54,194,191,200,170,82,92,62,103,43,163,172,71,87,78,110,69,183,48,,,93,169,,,19,280,22,45,16,46,52,89,66,118,104,136,130,113,106,69,97,80,27,31,96,118,63,137,,182,,,b'\x11\xe8\xe1I\xc8\x1f\xc7r\xaf\x82\x12\xdf\x17\xaeN\x1e'
11E8E149-C81F-C772-AF82-12DF17AE4E1E,2019-ncaa-d1-ncaatournament,ncaa,17,2,17,17,19,24,24,28,17,24,21,28,31,44,8,55,21,25,14,25,41,29,28,22,17,19,47,50,28,23,21,23,26,24,16,25,43,36,33,33,31,44,14,14,,,47,59,,,12,30,46,7,24,24,43,17,17,44,57,23,33,33,44,44,28,22,28,31,30,45,12,,55,,,11,36,35,37,11,35,42,8,32,35,22,26,48,46,43,44,40,38,37,9,15,16,41,27,55,40,26,34,21,37,16,36,41,25,36,34,39,43,12,4,,,25,36,,,12,37,19,15,9,14,6,21,11,34,20,24,47,45,43,23,22,35,10,15,17,37,37,6,,36,,,b'\x11\xe8\xe1I\xc8\x1f\xc7r\xaf\x82\x12\xdf\x17\xaeN\x1e'
11E8E149-C81F-C772-AF82-12DF17AE4E1E,2020-ncaa-d0-natl,ncaa,5,6,33,7,69,69,54,170,27,68,102,78,118,255,2,258,161,212,83,207,247,174,195,32,33,38,217,171,267,139,46,117,79,124,27,27,32,142,143,44,48,34,96,76,,,113,129,,,12,201,316,236,106,83,260,92,150,144,284,204,253,249,271,304,184,184,191,28,99,67,119,,70,,,11,18,27,122,14,43,146,27,62,125,16,191,39,34,150,34,51,90,141,14,12,8,126,155,136,85,79,10,46,19,27,20,70,71,50,15,198,191,40,27,,,166,145,,,12,157,34,7,8,3,6,32,18,60,42,89,22,24,23,13,23,48,3,4,7,110,145,25,,230,,,b'\x11\xe8\xe1I\xc8\x1f\xc7r\xaf\x82\x12\xdf\x17\xaeN\x1e'
11E8E149-C81F-C772-AF82-12DF17AE4E1E,2020-ncaa-d1-conf-WCC,ncaa,1,1,7,1,10,6,6,9,2,5,7,3,3,8,1,4,9,8,5,8,8,9,9,3,3,2,5,4,9,3,1,7,4,5,1,2,2,4,5,4,3,2,3,2,,,1,3,,,1,10,10,10,6,3,8,5,6,3,8,9,8,8,8,9,2,5,2,1,4,2,3,,2,,,1,1,2,1,2,2,1,2,3,3,2,8,1,1,9,1,2,1,1,2,2,2,6,7,3,3,4,1,1,1,1,1,4,5,2,2,3,5,1,1,,,9,6,,,1,1,1,2,1,1,2,2,2,1,3,4,1,1,1,1,1,4,1,1,1,2,5,1,,7,,,b'\x11\xe8\xe1I\xc8\x1f\xc7r\xaf\x82\x12\xdf\x17\xaeN\x1e'
11E8E149-C81F-C772-AF82-12DF17AE4E1E,2020-ncaa-d1-natl,ncaa,6,6,45,8,94,83,69,207,27,82,127,81,130,264,3,259,184,234,85,231,248,215,248,32,36,40,215,172,261,165,49,147,85,158,27,34,33,123,145,50,61,40,110,80,,,93,135,,,12,258,317,226,111,87,270,98,157,147,285,209,254,248,274,309,192,187,205,33,101,79,122,,73,,,12,11,19,83,15,29,115,27,47,107,18,188,34,29,155,30,50,55,82,14,13,10,121,152,133,71,85,6,49,12,27,11,71,92,55,18,175,198,34,29,,,200,145,,,12,98,35,8,9,3,7,34,20,62,40,86,23,24,23,13,24,50,3,4,7,117,147,27,,227,,,b'\x11\xe8\xe1I\xc8\x1f\xc7r\xaf\x82\x12\xdf\x17\xaeN\x1e'
11E8E149-C81F-C772-AF82-12DF17AE4E1E,2021-ncaa-d0-natl,ncaa,10,20,26,13,32,35,26,55,11,22,35,20,76,135,27,241,124,147,50,148,295,62,52,16,18,28,280,219,289,23,7,30,3,22,3,11,21,282,156,30,75,103,97,140,,,262,225,,,9,69,322,197,70,43,200,35,134,158,257,235,273,276,229,267,81,81,56,11,125,172,177,,94,,,10,190,177,231,61,178,230,57,200,215,143,153,230,238,154,237,200,232,236,67,68,57,230,181,236,81,3,96,7,84,3,192,184,68,113,97,278,177,42,2,,,52,118,,,9,274,14,26,9,12,16,13,23,39,74,72,99,108,107,10,5,4,2,1,56,203,156,4,,170,,,b'\x11\xe8\xe1I\xc8\x1f\xc7r\xaf\x82\x12\xdf\x17\xaeN\x1e'
11E8E149-C81F-C772-AF82-12DF17AE4E1E,2021-ncaa-d1-conf-WCC,ncaa,1,1,3,1,5,1,1,4,1,1,4,1,5,8,1,7,7,7,1,7,9,5,6,1,1,1,10,7,8,1,1,1,1,1,1,1,2,4,3,2,6,4,5,3,,,2,4,,,1,8,10,5,1,1,4,1,4,5,7,8,8,8,6,9,2,2,1,1,3,7,5,,2,,,1,2,3,2,2,3,3,2,3,3,3,5,1,1,2,1,5,2,2,2,2,1,5,6,6,2,1,1,1,1,1,2,3,7,2,2,4,2,1,1,,,6,4,,,1,3,1,1,1,1,1,2,2,2,3,3,1,2,2,1,1,1,1,1,1,7,2,1,,7,,,b'\x11\xe8\xe1I\xc8\x1f\xc7r\xaf\x82\x12\xdf\x17\xaeN\x1e'
11E8E149-C81F-C772-AF82-12DF17AE4E1E,2021-ncaa-d1-natl,ncaa,11,20,30,13,37,38,30,65,11,23,40,20,88,146,27,240,130,157,49,158,295,74,66,17,19,29,278,220,287,30,7,33,3,29,3,14,21,271,156,31,82,105,102,143,,,250,230,,,10,85,324,193,77,45,205,39,137,158,257,238,277,279,236,273,85,86,64,12,122,182,179,,93,,,12,172,161,210,68,168,221,60,192,204,148,147,224,235,156,234,202,215,222,73,74,63,229,183,239,68,3,91,7,80,3,180,186,83,117,101,269,184,38,3,,,59,115,,,10,258,15,29,9,13,17,13,25,40,74,69,104,112,112,10,4,4,2,1,58,207,160,4,,171,,,b'\x11\xe8\xe1I\xc8\x1f\xc7r\xaf\x82\x12\xdf\x17\xaeN\x1e'
11E8E149-C81F-C772-AF82-12DF17AE4E1E,2021-ncaa-d1-ncaatournament,ncaa,33,2,33,33,34,45,43,64,1,40,61,1,44,56,22,28,49,46,60,45,8,64,63,1,3,18,43,38,43,49,1,36,4,39,1,32,6,28,63,39,50,42,48,45,,,8,42,,,31,64,61,7,38,32,64,25,61,35,45,42,34,31,64,63,38,18,24,9,57,44,44,,21,,,34,5,5,10,28,6,11,35,13,22,21,49,8,8,55,8,26,9,3,32,29,45,34,36,31,6,4,1,1,1,1,10,34,64,64,62,29,62,2,20,,,45,17,,,31,3,15,38,27,24,26,21,26,23,29,43,25,17,18,19,4,8,1,1,30,64,55,3,,33,,,b'\x11\xe8\xe1I\xc8\x1f\xc7r\xaf\x82\x12\xdf\x17\xaeN\x1e'
11E8E149-C81F-C772-AF82-12DF17AE4E1E,2022-ncaa-d0-natl,ncaa,13,19,14,21,24,38,43,58,51,46,68,70,55,86,38,170,29,60,18,59,119,55,48,42,33,42,125,143,128,10,5,34,85,17,6,36,79,286,145,87,75,115,50,47,,,282,186,,,19,74,324,272,77,95,223,125,207,101,174,78,144,141,208,227,30,98,34,62,129,158,75,,114,,,20,209,213,302,40,189,258,80,238,316,26,270,135,164,63,164,109,298,288,48,34,52,178,230,108,259,85,79,5,129,6,200,166,126,207,155,232,108,190,107,,,42,130,,,19,286,18,55,16,22,39,100,45,77,116,214,48,56,55,67,30,117,3,8,73,269,98,85,,168,,,b'\x11\xe8\xe1I\xc8\x1f\xc7r\xaf\x82\x12\xdf\x17\xaeN\x1e'
11E8E149-C81F-C772-AF82-12DF17AE4E1E,2022-ncaa-d1-conf-WCC,ncaa,1,1,4,1,5,4,4,5,3,3,6,4,4,5,2,5,2,4,2,4,4,4,7,2,2,3,4,4,6,1,1,4,2,1,1,2,3,3,3,3,4,4,2,3,,,3,4,,,2,7,10,7,2,2,7,4,5,4,6,3,4,4,5,7,1,3,1,3,3,4,4,,3,,,2,2,2,5,2,2,4,2,4,5,1,7,2,1,4,1,2,5,4,1,1,2,5,6,3,5,2,2,1,1,1,2,3,5,4,3,3,3,4,5,,,7,7,,,2,4,2,2,2,2,2,3,2,3,2,6,1,1,1,3,1,3,1,1,1,5,3,4,,6,,,b'\x11\xe8\xe1I\xc8\x1f\xc7r\xaf\x82\x12\xdf\x17\xaeN\x1e'
11E8E149-C81F-C772-AF82-12DF17AE4E1E,2022-ncaa-d1-natl,ncaa,16,19,16,21,27,45,51,70,51,61,84,78,66,102,38,174,36,71,18,70,117,68,60,46,34,48,119,143,119,14,5,41,92,23,7,40,81,265,150,95,97,128,54,54,,,264,192,,,19,98,329,272,89,108,231,136,214,106,176,82,152,149,223,239,35,106,43,69,131,170,79,,113,,,21,170,188,294,46,172,239,90,220,311,35,268,114,138,69,139,109,286,264,53,43,65,177,229,108,232,92,48,5,95,7,188,168,151,219,174,203,114,174,115,,,55,119,,,19,265,19,70,17,25,46,102,53,82,120,211,51,61,58,70,29,121,4,8,82,275,97,91,,166,,,b'\x11\xe8\xe1I\xc8\x1f\xc7r\xaf\x82\x12\xdf\x17\xaeN\x1e'
11E8E149-C81F-C772-AF82-12DF17AE4E1E,2022-ncaa-d1-ncaatournament,ncaa,17,2,17,17,18,27,28,34,21,25,32,12,30,27,51,27,20,24,11,22,8,33,30,26,18,27,41,48,14,20,5,24,37,23,10,27,30,51,59,49,29,34,25,27,,,41,38,,,20,36,66,5,39,43,58,31,59,44,38,14,24,19,57,50,20,24,19,33,53,36,27,,27,,,20,41,39,39,18,35,39,11,46,47,45,49,37,39,20,37,27,39,34,22,23,31,56,57,33,43,37,30,5,35,10,38,30,35,51,45,49,49,39,50,,,24,23,,,20,33,23,36,22,22,17,25,7,21,46,47,17,21,19,20,14,40,1,10,24,59,45,41,,28,,,b'\x11\xe8\xe1I\xc8\x1f\xc7r\xaf\x82\x12\xdf\x17\xaeN\x1e'
11E8E149-C81F-C772-AF82-12DF17AE4E1E,2023-ncaa-d0-natl,ncaa,15,6,46,10,64,55,60,93,33,94,110,116,34,118,1,147,109,180,6,184,262,104,107,21,17,26,91,74,261,66,21,111,165,84,37,61,154,161,110,77,98,109,149,151,,,176,138,,,29,124,310,261,56,60,180,136,192,48,161,166,249,260,213,258,95,203,137,87,84,153,178,,94,,,29,185,208,260,100,176,211,124,228,275,93,264,126,100,276,99,87,236,232,99,100,99,205,235,115,218,165,41,21,77,37,142,107,143,168,116,178,139,124,82,,,92,121,,,29,240,12,101,23,59,76,103,80,81,157,202,67,52,51,65,57,141,5,14,54,212,123,81,,178,,,b'\x11\xe8\xe1I\xc8\x1f\xc7r\xaf\x82\x12\xdf\x17\xaeN\x1e'
11E8E149-C81F-C772-AF82-12DF17AE4E1E,2023-ncaa-d1-conf-WCC,ncaa,1,1,3,1,6,2,2,3,2,5,5,3,1,5,1,5,5,5,2,5,8,4,5,2,2,2,2,2,6,2,1,5,4,4,1,3,6,4,4,4,5,5,4,3,,,5,6,,,1,8,9,9,1,1,5,6,5,1,5,5,7,7,6,6,2,5,4,3,4,5,4,,3,,,1,1,2,3,2,1,1,5,5,8,1,10,3,3,6,3,4,2,3,2,2,2,7,8,5,4,4,1,1,1,1,1,2,5,5,1,4,5,3,4,,,5,7,,,1,4,1,2,1,1,1,2,1,1,4,7,3,3,4,1,2,2,1,1,1,5,4,3,,7,,,b'\x11\xe8\xe1I\xc8\x1f\xc7r\xaf\x82\x12\xdf\x17\xaeN\x1e'
11E8E149-C81F-C772-AF82-12DF17AE4E1E,2023-ncaa-d1-natl,ncaa,15,6,56,10,78,60,66,109,33,112,135,122,39,137,1,150,133,199,7,203,261,125,133,23,16,27,92,75,257,81,26,145,169,110,40,70,162,131,117,86,128,127,162,156,,,151,145,,,30,171,312,254,57,63,199,151,195,49,163,168,256,263,229,270,102,216,150,97,90,165,182,,96,,,29,159,173,229,114,147,175,136,217,256,100,262,104,84,287,83,92,201,192,117,113,123,203,238,114,201,169,20,26,49,40,119,108,176,179,136,157,145,113,92,,,116,109,,,30,196,12,123,23,68,84,106,89,82,166,202,72,54,52,68,57,147,5,13,61,220,121,85,,178,,,b'\x11\xe8\xe1I\xc8\x1f\xc7r\xaf\x82\x12\xdf\x17\xaeN\x1e'
11E8E149-C81F-C772-AF82-12DF17AE4E1E,2023-ncaa-d1-ncaatournament,ncaa,36,2,36,36,38,62,62,50,63,50,46,51,66,56,67,39,47,46,31,46,25,48,52,65,64,61,62,67,6,34,12,57,66,43,53,62,55,10,19,53,60,62,59,62,,,16,38,,,54,65,67,7,62,62,37,44,32,66,39,22,27,26,34,46,8,55,30,60,17,58,59,,38,,,57,11,9,26,20,9,13,21,24,31,29,52,20,29,9,25,51,27,14,22,23,36,50,52,39,45,66,13,12,32,53,3,6,66,66,35,1,1,6,21,,,40,9,,,54,1,55,61,61,40,33,56,25,34,47,57,41,56,53,59,39,68,40,67,8,66,1,17,,10,,,b'\x11\xe8\xe1I\xc8\x1f\xc7r\xaf\x82\x12\xdf\x17\xaeN\x1e'
11E8E149-C81F-C772-AF82-12DF17AE4E1E,2024-ncaa-d0-natl,ncaa,4,4,8,5,11,7,8,19,9,27,85,14,3,15,2,59,65,117,5,114,192,22,25,4,5,4,59,40,316,28,12,40,55,22,6,3,19,162,42,8,78,129,81,115,,,176,48,,,6,31,255,148,12,16,78,58,233,7,49,147,245,244,108,192,82,133,91,4,36,152,137,,39,,,7,279,308,326,142,307,300,213,255,319,33,266,116,86,307,75,29,310,314,135,124,116,92,195,43,193,55,76,12,107,6,277,168,67,143,155,175,69,76,34,,,63,213,,,6,327,2,86,4,70,121,138,146,105,133,207,28,19,17,68,63,53,2,2,131,183,65,22,,224,,,b'\x11\xe8\xe1I\xc8\x1f\xc7r\xaf\x82\x12\xdf\x17\xaeN\x1e'
11E8E149-C81F-C772-AF82-12DF17AE4E1E,2024-ncaa-d1-conf-WCC,ncaa,1,1,3,1,3,1,1,2,1,2,6,1,1,1,1,2,3,4,2,4,4,3,3,1,1,1,2,2,9,1,1,1,1,1,1,1,1,3,1,1,4,3,4,4,,,1,1,,,1,4,5,4,1,1,1,2,5,1,1,3,4,4,1,4,1,1,1,1,2,3,4,,1,,,1,1,1,7,1,2,6,1,1,6,1,7,1,1,1,1,1,5,6,1,1,1,1,3,1,3,1,1,1,1,1,1,2,4,5,2,1,1,2,3,,,5,8,,,1,6,1,1,1,1,1,5,2,4,1,5,1,1,1,2,3,2,1,1,1,5,1,2,,6,,,b'\x11\xe8\xe1I\xc8\x1f\xc7r\xaf\x82\x12\xdf\x17\xaeN\x1e'
11E8E149-C81F-C772-AF82-12DF17AE4E1E,2024-ncaa-d1-natl,ncaa,5,4,9,5,13,8,8,26,9,32,112,14,5,20,2,59,77,138,5,136,191,30,36,5,5,4,58,40,316,35,14,55,61,26,8,3,19,131,44,8,93,138,89,122,,,142,51,,,6,44,264,150,13,16,86,69,238,9,48,152,251,250,120,202,92,143,105,5,38,165,140,,41,,,8,265,296,316,163,297,282,224,234,309,44,265,99,68,312,56,30,291,302,153,144,131,90,194,44,166,61,48,14,73,8,266,173,89,157,175,154,73,68,41,,,80,204,,,6,317,2,107,5,82,133,143,162,114,142,207,30,20,17,72,59,58,2,2,142,194,68,24,,223,,,b'\x11\xe8\xe1I\xc8\x1f\xc7r\xaf\x82\x12\xdf\x17\xaeN\x1e'
11E8E149-C81F-C772-AF82-12DF17AE4E1E,2024-ncaa-d1-ncaatournament,ncaa,9,3,9,9,10,15,16,16,29,17,17,27,8,10,26,19,10,12,11,13,19,16,16,22,17,19,8,21,21,16,30,14,45,15,30,14,25,57,38,26,11,16,24,44,,,55,32,,,19,15,57,5,36,46,54,46,60,19,24,21,28,32,56,60,40,32,41,31,28,16,43,,28,,,19,54,54,57,18,53,53,32,55,58,14,44,56,49,64,49,28,56,55,21,28,20,38,36,41,60,45,54,30,56,30,55,29,10,20,21,52,47,29,14,,,11,11,,,19,54,14,24,16,14,15,26,16,25,25,42,33,20,19,19,24,41,14,23,21,22,41,6,,24,,,b'\x11\xe8\xe1I\xc8\x1f\xc7r\xaf\x82\x12\xdf\x17\xaeN\x1e'
11E8E149-C81F-C772-AF82-12DF17AE4E1E,2025-ncaa-d0-natl,genius_ncaa,49,77,19,74,19,55,56,61,68,68,84,103,35,79,17,139,134,161,137,155,240,68,41,54,64,102,126,86,286,33,16,31,48,23,4,26,29,341,243,97,160,228,96,134,,,255,158,,191,108,55,296,14,101,92,183,154,212,72,153,249,263,262,214,186,61,72,40,37,247,253,153,,106,,120,114,323,303,317,133,255,285,115,328,324,262,267,268,271,208,269,194,318,293,169,168,239,289,297,173,188,48,94,16,131,4,301,224,234,316,304,337,249,224,148,,,84,216,,220,108,302,78,217,116,164,140,172,89,116,281,250,157,148,146,155,65,66,6,7,180,339,250,130,,213,,271,b'\x11\xe8\xe1I\xc8\x1f\xc7r\xaf\x82\x12\xdf\x17\xaeN\x1e'
11E8E149-C81F-C772-AF82-12DF17AE4E1E,2025-ncaa-d1-conf-WCC,genius_ncaa,2,1,8,2,8,6,4,8,2,7,7,3,4,8,1,7,5,5,6,5,5,8,7,1,2,3,6,5,9,2,1,3,3,2,1,2,3,9,10,5,7,6,6,6,,,6,8,,9,2,10,9,3,2,3,4,6,5,3,7,5,5,5,5,3,1,3,1,2,10,6,6,,6,,10,2,1,1,2,3,1,2,3,7,8,6,9,5,7,1,7,8,3,1,3,3,4,10,9,7,2,3,1,1,1,1,2,4,7,7,5,5,6,5,5,,,6,6,,5,2,3,2,2,2,2,1,5,2,2,8,8,5,8,8,5,4,2,1,1,2,7,6,5,,5,,5,b'\x11\xe8\xe1I\xc8\x1f\xc7r\xaf\x82\x12\xdf\x17\xaeN\x1e'
11E8E149-C81F-C772-AF82-12DF17AE4E1E,2025-ncaa-d1-natl,genius_ncaa,54,77,25,77,26,61,62,72,73,82,104,116,43,94,18,140,161,179,138,174,237,82,59,56,68,107,122,88,285,38,16,35,51,27,6,31,28,337,254,101,179,244,108,141,,,232,166,,178,118,75,297,11,104,101,202,171,216,75,156,250,266,265,227,199,68,76,45,39,252,267,159,,106,,123,125,312,294,307,146,234,270,128,325,317,272,268,251,253,214,251,194,308,275,185,183,254,293,297,172,167,51,70,16,98,6,292,223,268,322,317,327,257,214,159,,,100,213,,225,118,280,82,235,128,177,150,174,94,116,283,254,162,150,151,161,65,73,7,7,190,340,257,141,,210,,267,b'\x11\xe8\xe1I\xc8\x1f\xc7r\xaf\x82\x12\xdf\x17\xaeN\x1e'
11E8E149-C81F-C772-AF82-12DF17AE4E1E,2026-ncaa-d0-natl,genius_ncaa,87,152,49,136,115,81,67,97,53,79,87,95,74,134,31,207,165,187,92,191,316,111,90,56,57,89,218,130,310,124,115,63,7,81,24,48,62,305,241,113,190,248,284,330,,,266,238,,245,125,89,197,359,108,79,194,98,159,104,223,265,298,304,234,215,206,86,122,49,225,273,331,,166,,181,134,303,312,278,259,315,271,270,268,264,197,201,213,220,202,213,140,271,246,256,248,280,119,172,110,50,7,175,115,116,24,266,102,203,290,259,263,194,94,45,,,128,242,,187,125,277,97,209,131,202,238,156,240,152,178,169,130,116,113,131,49,10,33,12,158,309,171,46,,249,,245,b'\x11\xe8\xe1I\xc8\x1f\xc7r\xaf\x82\x12\xdf\x17\xaeN\x1e'
11E8E149-C81F-C772-AF82-12DF17AE4E1E,2026-ncaa-d1-natl,genius_ncaa,110,152,85,156,175,121,98,154,62,107,132,109,101,185,31,206,221,256,91,262,317,171,145,60,64,102,200,126,310,184,144,93,10,121,33,60,64,270,261,137,260,286,314,335,,,225,255,,226,178,146,214,359,142,105,224,127,175,120,230,275,306,314,268,240,243,105,154,62,237,305,334,,177,,194,180,278,292,223,294,295,219,306,249,234,224,190,178,174,207,172,144,217,184,294,290,316,112,174,106,21,10,118,144,62,33,243,101,284,310,291,220,212,65,49,,,183,231,,211,178,221,117,263,179,240,268,166,272,164,209,166,140,128,128,147,45,10,35,12,190,327,182,44,,246,,246,b'\x11\xe8\xe1I\xc8\x1f\xc7r\xaf\x82\x12\xdf\x17\xaeN\x1e'
11E8E149-C823-EFF0-AF82-12DF17AE4E1E,2010-ncaa-d0-natl,ncaa,219,145,322,202,326,308,326,340,235,331,334,241,217,256,147,125,171,155,225,158,7,332,324,205,172,265,42,116,11,307,180,315,290,322,227,310,187,267,336,327,228,160,159,112,,,51,172,,,232,321,184,134,272,318,333,316,325,168,184,71,46,49,312,227,259,237,263,295,331,146,118,,192,,,234,15,17,19,118,15,29,69,115,59,297,155,81,136,6,130,257,15,35,136,120,62,251,233,213,134,290,7,180,22,227,29,168,168,48,50,238,308,10,66,,,191,19,,,232,27,277,94,227,117,86,108,75,124,205,139,170,249,243,138,225,270,65,158,116,54,305,23,,37,,,b'\x11\xe8\xe1I\xc8#\xef\xf0\xaf\x82\x12\xdf\x17\xaeN\x1e'
11E8E149-C823-EFF0-AF82-12DF17AE4E1E,2010-ncaa-d1-conf-SWAC,ncaa,4,4,5,4,5,9,8,10,3,10,10,3,1,1,1,1,10,10,4,10,2,10,10,2,2,3,1,1,9,10,10,6,5,9,7,6,2,5,9,6,9,8,6,5,,,3,4,,,5,9,10,2,8,8,10,10,10,1,1,9,10,10,10,10,10,7,9,6,8,8,6,,3,,,5,3,4,3,7,1,2,5,10,8,10,9,3,4,2,4,5,2,2,7,6,6,9,10,3,3,5,1,10,2,7,3,2,8,6,6,6,9,1,2,,,9,4,,,5,2,3,6,4,4,3,5,3,2,10,8,3,3,3,4,3,4,2,2,4,8,5,1,,9,,,b'\x11\xe8\xe1I\xc8#\xef\xf0\xaf\x82\x12\xdf\x17\xaeN\x1e'
11E8E149-C823-EFF0-AF82-12DF17AE4E1E,2010-ncaa-d1-natl,ncaa,206,145,323,200,331,309,327,340,244,331,334,240,210,229,160,110,148,132,209,138,7,332,324,212,175,269,40,110,11,288,167,311,292,315,225,309,160,281,335,324,226,168,151,108,,,82,189,,,224,322,181,144,274,316,333,318,324,166,161,65,44,48,309,215,234,238,256,283,331,159,119,,209,,,228,16,18,22,111,19,37,61,124,67,291,143,109,169,5,158,264,25,46,124,118,62,250,227,227,163,292,9,167,23,225,31,175,158,54,56,255,310,9,53,,,156,13,,,224,30,275,99,217,117,79,111,78,133,198,132,188,264,256,143,232,279,65,168,116,60,305,17,,32,,,b'\x11\xe8\xe1I\xc8#\xef\xf0\xaf\x82\x12\xdf\x17\xaeN\x1e'
11E8E149-C823-EFF0-AF82-12DF17AE4E1E,2011-ncaa-d0-natl,ncaa,192,175,242,195,256,260,276,299,215,248,249,235,249,266,163,232,133,94,290,91,24,273,231,218,211,258,140,217,39,231,193,147,188,190,153,263,204,291,315,300,190,190,268,276,,,239,264,,,193,220,97,100,243,269,284,240,220,232,256,91,46,45,244,136,205,53,103,270,305,169,264,,291,,,195,47,35,101,37,73,196,29,43,42,117,35,211,267,30,268,255,133,152,27,33,32,164,71,296,204,188,81,193,120,153,53,161,133,109,66,271,297,50,84,,,125,45,,,193,145,270,48,179,115,87,189,132,275,67,57,262,289,289,240,278,270,141,206,96,83,297,68,,44,,,b'\x11\xe8\xe1I\xc8#\xef\xf0\xaf\x82\x12\xdf\x17\xaeN\x1e'
11E8E149-C823-EFF0-AF82-12DF17AE4E1E,2011-ncaa-d1-conf-SWAC,ncaa,5,6,3,6,4,3,4,4,2,3,7,2,3,3,3,3,2,3,5,3,1,4,3,1,2,2,5,4,5,6,5,2,1,2,2,4,7,8,9,7,6,7,6,6,,,8,6,,,3,4,4,7,3,4,8,4,9,4,4,4,4,4,6,5,8,2,2,5,7,6,6,,5,,,3,8,7,8,3,5,9,3,8,9,6,8,6,6,4,6,5,9,8,5,4,3,8,8,7,4,1,4,5,3,2,5,4,5,5,4,7,6,4,4,,,4,3,,,3,9,3,3,3,5,5,6,3,6,9,8,6,6,6,8,8,4,1,1,4,6,6,3,,6,,,b'\x11\xe8\xe1I\xc8#\xef\xf0\xaf\x82\x12\xdf\x17\xaeN\x1e'
11E8E149-C823-EFF0-AF82-12DF17AE4E1E,2011-ncaa-d1-natl,ncaa,174,172,132,179,148,225,251,261,210,231,222,229,230,250,160,225,110,73,286,74,24,220,161,217,202,256,135,208,42,197,187,92,190,135,145,253,211,323,319,306,175,202,235,263,,,274,260,,,187,147,106,105,249,272,295,248,241,228,249,96,51,51,259,157,211,63,117,274,309,180,241,,288,,,189,90,70,170,36,112,260,24,54,50,129,27,247,297,22,295,251,214,238,24,29,30,158,65,296,253,190,115,187,186,145,92,190,103,115,74,315,311,52,83,,,77,42,,,187,224,272,42,171,101,74,176,122,279,57,42,256,292,289,232,264,267,125,189,107,90,304,59,,50,,,b'\x11\xe8\xe1I\xc8#\xef\xf0\xaf\x82\x12\xdf\x17\xaeN\x1e'
11E8E149-C823-EFF0-AF82-12DF17AE4E1E,2012-ncaa-d0-natl,ncaa,171,153,240,174,244,241,243,215,270,234,184,300,201,225,114,227,194,127,308,126,120,199,165,262,270,287,141,164,118,78,38,203,239,141,84,312,330,289,291,323,229,237,261,272,,,248,274,,,218,205,102,22,208,220,148,210,126,173,208,161,80,77,124,50,34,131,52,314,318,205,252,,305,,,220,130,107,148,98,116,184,71,128,105,218,108,214,231,114,232,221,168,175,98,109,103,206,147,262,209,239,59,38,104,84,81,119,145,137,90,267,266,173,177,,,144,135,,,218,165,263,128,201,207,184,244,179,273,166,153,265,279,281,272,295,271,112,184,135,88,295,210,,68,,,b'\x11\xe8\xe1I\xc8#\xef\xf0\xaf\x82\x12\xdf\x17\xaeN\x1e'
11E8E149-C823-EFF0-AF82-12DF17AE4E1E,2012-ncaa-d1-conf-SWAC,ncaa,6,6,3,6,3,4,3,3,4,7,5,5,2,2,1,3,8,4,8,4,5,3,3,4,4,5,4,1,8,1,1,1,1,1,1,5,8,8,6,7,7,7,8,8,,,6,7,,,7,4,5,3,3,3,2,6,4,2,3,7,7,7,3,3,1,5,2,5,6,7,8,,6,,,7,9,9,10,8,9,10,7,9,8,8,8,6,4,8,4,4,9,8,8,8,9,7,8,4,2,1,4,1,3,1,8,6,4,5,7,8,5,7,6,,,3,7,,,7,8,4,8,4,9,9,9,9,8,9,8,5,4,4,8,8,2,3,1,9,5,7,7,,4,,,b'\x11\xe8\xe1I\xc8#\xef\xf0\xaf\x82\x12\xdf\x17\xaeN\x1e'
11E8E149-C823-EFF0-AF82-12DF17AE4E1E,2012-ncaa-d1-natl,ncaa,174,153,196,172,199,211,215,197,247,200,156,268,199,210,155,219,165,110,309,107,118,177,122,245,260,281,163,181,126,47,24,185,234,98,64,292,315,306,289,317,209,224,260,269,,,268,273,,,196,179,100,19,183,190,127,172,121,176,198,148,69,69,104,40,17,131,35,297,317,186,254,,304,,,196,133,103,157,85,126,199,62,117,96,197,95,220,241,102,244,227,172,201,87,94,83,196,134,269,226,234,47,24,107,64,76,114,108,111,73,278,256,165,147,,,122,158,,,196,187,245,105,179,192,161,224,172,272,148,132,264,277,278,256,292,267,87,167,117,75,293,193,,67,,,b'\x11\xe8\xe1I\xc8#\xef\xf0\xaf\x82\x12\xdf\x17\xaeN\x1e'
11E8E149-C823-EFF0-AF82-12DF17AE4E1E,2013-ncaa-d0-natl,ncaa,273,310,80,292,89,154,178,146,218,224,185,272,76,113,49,127,135,54,332,59,43,133,61,176,203,273,49,67,138,100,122,281,340,208,298,298,335,344,330,337,85,147,306,324,,,251,107,,,327,58,46,132,207,238,222,270,253,84,130,162,67,72,184,60,130,331,277,326,342,101,316,,212,,,321,334,345,305,339,344,309,343,252,227,239,145,134,232,2,240,129,303,307,339,328,306,24,121,21,324,340,231,122,293,298,342,273,58,123,278,345,337,298,305,,,63,120,,,327,296,272,316,310,329,345,315,341,303,238,205,102,199,208,319,328,313,170,259,340,72,344,280,,56,,,b'\x11\xe8\xe1I\xc8#\xef\xf0\xaf\x82\x12\xdf\x17\xaeN\x1e'
11E8E149-C823-EFF0-AF82-12DF17AE4E1E,2013-ncaa-d1-conf-SWAC,ncaa,8,9,4,9,4,4,4,3,5,9,10,5,1,1,1,1,8,4,8,5,3,5,3,2,2,6,1,1,10,1,1,9,10,6,7,4,9,9,9,8,7,7,10,10,,,2,2,,,9,5,3,5,3,6,4,9,10,1,1,8,6,6,5,3,1,9,7,6,9,7,10,,2,,,9,10,10,10,10,10,7,10,10,10,10,10,1,2,1,2,2,9,7,10,10,10,2,9,1,8,10,4,1,7,7,10,9,6,8,10,10,10,9,10,,,4,6,,,9,7,3,10,9,10,10,10,10,6,10,10,1,2,2,8,7,8,2,7,10,7,10,10,,6,,,b'\x11\xe8\xe1I\xc8#\xef\xf0\xaf\x82\x12\xdf\x17\xaeN\x1e'
11E8E149-C823-EFF0-AF82-12DF17AE4E1E,2013-ncaa-d1-natl,ncaa,281,310,90,300,103,166,194,167,224,243,210,279,80,120,48,125,145,60,333,66,43,146,74,183,207,277,49,63,133,111,130,303,341,230,301,308,335,344,331,339,98,150,311,326,,,239,106,,,328,64,49,129,213,241,224,278,256,83,129,160,68,71,190,64,136,333,281,329,343,110,318,,214,,,323,334,345,300,340,344,305,343,249,220,241,145,125,223,2,234,128,300,303,338,328,310,24,118,21,318,341,214,130,286,301,341,275,70,127,281,345,338,294,308,,,71,118,,,328,290,281,320,314,333,345,315,342,304,240,207,105,201,212,318,326,317,177,260,340,78,345,282,,58,,,b'\x11\xe8\xe1I\xc8#\xef\xf0\xaf\x82\x12\xdf\x17\xaeN\x1e'
11E8E149-C823-EFF0-AF82-12DF17AE4E1E,2014-ncaa-d0-natl,ncaa,273,263,254,275,264,201,221,218,208,141,120,232,309,305,278,314,74,19,348,17,33,155,78,260,267,310,270,314,29,82,72,218,318,143,188,335,347,347,341,348,84,110,239,280,,,225,143,,,302,86,6,56,147,170,117,83,50,305,293,30,2,1,46,6,32,147,56,339,348,49,222,,307,,,301,285,282,240,256,327,299,275,51,96,40,46,294,321,54,322,249,274,278,199,204,186,37,20,251,313,318,134,72,233,188,253,164,100,142,156,343,327,196,161,,,48,70,,,302,259,305,219,294,334,328,335,341,343,74,125,316,331,332,344,345,340,227,305,295,48,347,245,,3,,,b'\x11\xe8\xe1I\xc8#\xef\xf0\xaf\x82\x12\xdf\x17\xaeN\x1e'
11E8E149-C823-EFF0-AF82-12DF17AE4E1E,2014-ncaa-d1-conf-SWAC,ncaa,6,7,3,7,4,3,2,4,2,1,5,3,7,6,5,7,3,1,10,1,1,3,2,2,2,4,7,8,3,3,2,2,5,3,3,9,9,10,9,9,2,2,8,8,,,4,2,,,6,1,1,4,1,1,5,1,4,7,6,3,1,1,3,1,2,3,2,9,10,2,8,,2,,,6,9,9,9,7,9,9,7,9,10,7,10,3,4,6,4,3,9,9,7,7,8,3,10,3,6,5,6,2,6,3,9,9,4,7,8,10,10,4,5,,,2,4,,,6,9,4,8,6,9,9,10,9,9,9,10,3,3,3,10,10,6,3,5,9,5,10,4,,1,,,b'\x11\xe8\xe1I\xc8#\xef\xf0\xaf\x82\x12\xdf\x17\xaeN\x1e'
11E8E149-C823-EFF0-AF82-12DF17AE4E1E,2014-ncaa-d1-natl,ncaa,252,262,145,262,159,154,167,154,183,88,70,206,309,300,304,315,42,8,349,7,24,92,36,255,265,307,281,322,22,60,76,140,303,91,168,324,346,349,338,347,61,115,215,273,,,283,140,,,290,33,6,66,130,162,123,71,51,312,298,26,1,1,42,6,40,111,46,335,348,51,219,,307,,,285,325,320,303,235,336,317,267,85,145,36,63,318,331,36,333,264,313,323,186,185,165,55,30,257,327,303,206,76,284,168,274,159,63,118,129,347,314,186,119,,,16,52,,,290,316,304,191,280,328,324,334,337,341,91,152,315,333,334,344,345,335,223,296,282,43,347,203,,3,,,b'\x11\xe8\xe1I\xc8#\xef\xf0\xaf\x82\x12\xdf\x17\xaeN\x1e'
11E8E149-C823-EFF0-AF82-12DF17AE4E1E,2015-ncaa-d0-natl,ncaa,294,279,283,295,316,332,316,292,325,287,242,299,294,245,334,189,332,303,336,304,280,301,291,327,340,338,271,219,254,323,334,347,349,348,349,321,265,197,284,316,52,30,302,314,,,25,19,,,322,256,56,283,332,307,207,256,168,280,206,328,277,279,233,188,305,348,349,313,278,13,298,,94,,,324,101,185,91,305,270,172,315,29,47,58,73,36,60,21,53,68,66,153,267,231,115,8,36,55,317,349,227,334,289,349,209,229,57,27,86,241,304,125,177,,,339,325,,,322,93,344,184,323,238,308,240,327,300,55,83,89,118,113,218,329,348,327,343,301,14,302,182,,322,,,b'\x11\xe8\xe1I\xc8#\xef\xf0\xaf\x82\x12\xdf\x17\xaeN\x1e'
11E8E149-C823-EFF0-AF82-12DF17AE4E1E,2015-ncaa-d1-conf-SWAC,ncaa,7,7,5,7,7,8,6,5,8,5,5,7,5,4,7,4,9,10,7,10,10,6,7,7,9,7,7,5,10,10,10,10,10,10,10,6,6,1,3,4,2,2,8,8,,,2,1,,,7,6,5,7,8,5,4,6,4,5,4,9,10,10,7,9,10,10,10,5,1,2,8,,1,,,7,5,8,6,9,8,6,8,7,6,6,6,2,2,7,2,1,4,6,9,7,4,2,6,1,8,10,9,10,9,10,7,7,3,3,6,4,3,7,5,,,9,10,,,7,4,8,6,7,5,8,7,9,6,7,6,2,2,2,4,7,10,10,10,7,2,3,7,,10,,,b'\x11\xe8\xe1I\xc8#\xef\xf0\xaf\x82\x12\xdf\x17\xaeN\x1e'
11E8E149-C823-EFF0-AF82-12DF17AE4E1E,2015-ncaa-d1-natl,ncaa,277,279,209,279,275,312,296,248,306,254,201,288,267,217,317,189,320,277,339,277,270,253,240,311,327,328,260,207,256,304,324,349,349,348,349,307,269,233,277,302,27,22,285,301,,,62,33,,,313,186,63,285,317,292,204,248,169,256,204,319,270,269,225,181,294,348,348,301,271,8,283,,107,,,310,165,249,142,308,307,225,318,29,48,60,48,65,113,13,104,79,121,238,270,231,102,8,25,62,348,349,287,324,324,349,274,232,28,23,80,254,288,110,139,,,324,327,,,313,159,335,181,310,234,304,220,327,301,39,64,95,142,138,201,329,349,318,344,300,9,278,136,,323,,,b'\x11\xe8\xe1I\xc8#\xef\xf0\xaf\x82\x12\xdf\x17\xaeN\x1e'
11E8E149-C823-EFF0-AF82-12DF17AE4E1E,2016-ncaa-d0-natl,ncaa,164,137,240,157,274,213,179,157,215,104,100,191,309,276,334,277,220,177,333,171,234,163,182,270,287,242,325,312,201,152,178,333,346,294,325,273,325,86,95,232,27,12,320,326,,,116,114,,,236,194,58,260,172,122,58,64,34,305,253,207,128,125,63,71,120,340,296,265,146,11,317,,179,,,235,161,206,94,311,275,142,330,62,79,72,111,146,121,237,119,145,92,191,289,290,157,37,49,144,279,346,213,178,249,325,268,277,32,15,94,40,52,262,203,,,190,181,,,236,159,236,184,232,241,272,165,304,215,81,108,193,175,174,170,312,310,279,308,302,9,71,287,,130,,,b'\x11\xe8\xe1I\xc8#\xef\xf0\xaf\x82\x12\xdf\x17\xaeN\x1e'
11E8E149-C823-EFF0-AF82-12DF17AE4E1E,2016-ncaa-d1-conf-SWAC,ncaa,4,4,3,4,3,3,2,3,7,2,3,6,4,3,3,4,7,8,7,5,8,3,4,6,7,3,7,5,8,5,5,10,8,6,7,5,7,1,1,1,2,2,8,8,,,3,2,,,4,5,7,5,3,2,2,2,3,4,4,7,7,7,2,4,3,10,7,5,1,2,8,,3,,,4,5,7,3,8,5,1,8,9,10,7,10,3,3,8,3,4,2,6,8,8,6,7,10,2,8,8,10,5,9,7,9,10,2,2,5,1,1,10,8,,,4,8,,,4,5,2,5,4,5,6,3,4,2,9,10,3,3,3,3,5,7,7,7,9,1,1,10,,5,,,b'\x11\xe8\xe1I\xc8#\xef\xf0\xaf\x82\x12\xdf\x17\xaeN\x1e'
11E8E149-C823-EFF0-AF82-12DF17AE4E1E,2016-ncaa-d1-natl,ncaa,153,137,142,151,202,161,134,97,194,79,53,164,292,244,330,273,173,122,327,115,210,100,114,256,266,219,322,309,190,130,172,318,339,257,319,236,315,153,113,220,12,12,309,321,,,183,126,,,208,106,41,260,147,111,58,59,39,297,243,177,95,89,52,58,116,333,279,245,166,10,316,,198,,,209,226,246,171,298,303,203,322,54,94,33,93,201,189,234,192,174,168,261,264,264,135,34,33,185,303,339,259,172,292,319,294,280,16,15,89,46,38,266,177,,,139,177,,,208,243,219,163,206,234,261,166,304,221,58,102,214,207,208,178,316,305,268,300,292,8,65,269,,111,,,b'\x11\xe8\xe1I\xc8#\xef\xf0\xaf\x82\x12\xdf\x17\xaeN\x1e'
11E8E149-C823-EFF0-AF82-12DF17AE4E1E,2017-ncaa-d0-natl,ncaa,114,152,24,134,33,75,73,33,226,56,25,208,192,141,297,237,70,33,276,32,151,28,24,260,262,229,249,258,117,15,76,206,303,78,242,103,197,300,144,192,18,29,294,324,,,224,69,,,160,33,97,239,150,148,68,105,64,238,200,121,71,72,59,50,38,331,200,179,204,22,320,,101,,,162,307,325,265,329,342,299,332,75,99,82,43,203,240,29,243,154,271,324,305,283,120,11,20,118,308,303,334,76,332,242,312,199,4,13,52,279,151,116,37,,,47,187,,,160,319,188,123,158,182,246,77,308,198,30,30,100,161,161,70,247,210,242,237,237,8,200,65,,103,,,b'\x11\xe8\xe1I\xc8#\xef\xf0\xaf\x82\x12\xdf\x17\xaeN\x1e'
11E8E149-C823-EFF0-AF82-12DF17AE4E1E,2017-ncaa-d1-conf-SWAC,ncaa,2,2,1,2,2,1,1,1,3,2,2,2,1,1,3,1,4,4,2,4,6,1,1,1,1,1,2,2,6,1,2,5,7,3,5,1,2,3,1,1,1,1,7,7,,,2,1,,,1,1,6,7,1,2,3,2,5,1,1,4,6,4,3,3,3,9,8,2,1,1,7,,1,,,1,10,10,8,9,10,8,9,8,7,7,7,1,1,7,1,2,8,10,10,8,6,2,6,1,9,7,10,2,10,5,10,6,1,1,3,2,2,1,1,,,5,7,,,1,10,1,6,1,6,6,3,7,4,6,4,1,1,1,1,5,4,3,3,9,1,1,1,,7,,,b'\x11\xe8\xe1I\xc8#\xef\xf0\xaf\x82\x12\xdf\x17\xaeN\x1e'
11E8E149-C823-EFF0-AF82-12DF17AE4E1E,2017-ncaa-d1-natl,ncaa,121,151,27,139,40,93,92,38,236,63,34,216,201,153,297,235,78,38,272,37,149,33,27,262,267,232,246,256,115,21,83,251,311,103,250,122,201,283,152,198,23,30,305,326,,,204,73,,,173,38,102,239,158,161,74,111,71,242,201,122,72,73,67,53,40,335,218,186,208,28,322,,105,,,174,297,322,241,335,342,288,336,57,71,91,42,176,230,30,233,154,245,320,314,288,131,11,19,114,296,311,328,83,327,250,304,201,6,15,56,266,157,106,43,,,57,185,,,173,316,199,133,171,190,254,77,313,204,30,31,103,161,160,71,243,213,244,243,246,12,205,66,,102,,,b'\x11\xe8\xe1I\xc8#\xef\xf0\xaf\x82\x12\xdf\x17\xaeN\x1e'
11E8E149-C823-EFF0-AF82-12DF17AE4E1E,2018-ncaa-d0-natl,ncaa,99,129,43,123,44,92,90,50,197,67,46,159,216,148,306,237,48,37,230,41,142,46,33,238,229,237,260,280,89,109,245,158,343,139,336,132,235,328,222,239,8,24,82,147,,,325,185,,,204,23,41,35,134,141,92,83,78,251,195,83,66,79,74,46,168,279,252,178,275,11,111,,278,,,202,310,290,296,166,312,310,192,114,161,67,57,336,343,48,343,295,314,335,123,133,70,107,39,292,349,343,344,245,349,336,230,107,10,33,30,338,272,214,109,,,62,210,,,204,324,247,134,210,232,208,224,270,278,67,95,312,321,320,286,340,343,311,340,151,16,309,172,,129,,,b'\x11\xe8\xe1I\xc8#\xef\xf0\xaf\x82\x12\xdf\x17\xaeN\x1e'
11E8E149-C823-EFF0-AF82-12DF17AE4E1E,2018-ncaa-d1-conf-SWAC,ncaa,1,1,1,1,1,1,1,3,1,2,3,1,2,3,2,5,2,3,2,2,5,3,2,2,2,1,6,5,5,6,10,5,9,6,9,2,5,5,3,2,1,2,1,3,,,3,1,,,3,1,4,1,2,2,4,2,3,3,4,3,7,6,5,4,10,7,8,3,3,2,3,,2,,,3,10,9,9,6,9,9,7,9,9,5,8,5,4,6,4,4,9,10,8,7,4,5,8,3,10,9,10,10,10,9,9,4,3,5,3,9,7,4,3,,,3,7,,,3,10,2,5,3,6,7,9,7,9,9,7,4,3,3,7,8,10,6,9,7,5,8,4,,8,,,b'\x11\xe8\xe1I\xc8#\xef\xf0\xaf\x82\x12\xdf\x17\xaeN\x1e'
11E8E149-C823-EFF0-AF82-12DF17AE4E1E,2018-ncaa-d1-natl,ncaa,106,129,53,130,54,102,108,67,216,78,55,169,230,167,307,237,64,47,225,50,141,57,40,245,240,246,257,277,88,128,257,200,345,183,337,150,240,319,228,244,10,31,96,150,,,315,191,,,215,27,42,34,144,150,94,88,86,257,192,87,73,83,75,48,177,288,266,192,276,12,111,,279,,,213,303,277,290,180,309,309,202,96,139,75,56,334,339,50,339,295,310,334,134,151,78,99,37,293,349,345,342,257,347,337,219,106,14,36,36,335,276,200,116,,,84,207,,,215,319,259,150,223,244,217,224,279,280,69,92,315,327,327,289,339,343,312,340,162,19,308,179,,131,,,b'\x11\xe8\xe1I\xc8#\xef\xf0\xaf\x82\x12\xdf\x17\xaeN\x1e'
11E8E149-C823-EFF0-AF82-12DF17AE4E1E,2018-ncaa-d1-ncaatournament,ncaa,33,2,33,33,34,60,60,36,61,55,44,62,47,35,55,15,54,53,52,53,53,39,38,61,61,61,28,24,46,37,41,62,64,58,63,60,55,17,42,62,39,35,51,54,,,6,13,,,63,36,12,7,60,60,9,54,32,38,10,53,52,52,19,9,17,62,57,60,44,20,45,,22,,,63,28,28,30,54,29,31,48,9,8,39,8,19,21,21,19,26,31,30,46,44,46,10,11,28,39,64,28,41,32,63,29,33,46,44,48,30,53,54,64,,,58,59,,,63,19,61,61,63,60,60,62,60,63,20,12,45,48,46,63,62,64,60,63,57,26,57,64,,58,,,b'\x11\xe8\xe1I\xc8#\xef\xf0\xaf\x82\x12\xdf\x17\xaeN\x1e'
11E8E149-C823-EFF0-AF82-12DF17AE4E1E,2019-ncaa-d0-natl,ncaa,146,180,80,165,110,139,132,103,207,79,42,239,278,282,257,311,83,28,322,28,109,77,37,253,263,286,294,307,72,76,165,165,333,119,287,186,257,349,322,317,10,30,133,177,,,331,231,,,229,31,15,251,190,173,142,95,54,306,305,97,35,34,95,25,101,235,170,239,341,13,156,,304,,,225,276,263,265,198,307,291,227,70,147,30,54,321,343,8,343,308,297,329,145,137,60,80,22,289,346,333,319,165,343,287,225,143,8,26,29,346,316,311,228,,,59,173,,,229,315,285,94,227,224,214,198,275,268,47,100,296,330,329,280,337,338,286,327,177,7,337,299,,68,,,b'\x11\xe8\xe1I\xc8#\xef\xf0\xaf\x82\x12\xdf\x17\xaeN\x1e'
11E8E149-C823-EFF0-AF82-12DF17AE4E1E,2019-ncaa-d1-conf-SWAC,ncaa,4,3,3,4,4,3,2,3,3,2,2,2,3,5,3,7,6,8,3,7,9,3,2,3,3,3,8,5,9,7,6,5,8,5,8,3,7,8,6,6,2,3,3,4,,,5,1,,,4,2,1,8,3,2,3,2,3,4,7,7,9,9,4,2,7,6,9,3,7,2,4,,3,,,4,8,8,9,5,9,8,7,6,9,2,7,4,5,2,5,5,9,9,6,4,5,4,5,3,10,8,7,6,9,8,6,5,3,4,3,7,8,7,5,,,8,9,,,4,8,3,5,5,7,7,9,8,6,6,8,3,4,4,8,10,10,7,8,6,3,8,6,,9,,,b'\x11\xe8\xe1I\xc8#\xef\xf0\xaf\x82\x12\xdf\x17\xaeN\x1e'
11E8E149-C823-EFF0-AF82-12DF17AE4E1E,2019-ncaa-d1-natl,ncaa,164,180,107,177,143,178,168,135,218,102,53,259,294,300,262,312,101,38,322,38,105,102,52,265,272,292,291,304,69,106,172,209,336,161,296,222,264,349,324,322,20,38,152,179,,,313,235,,,245,44,16,251,201,193,153,107,57,308,305,100,36,36,105,29,110,246,183,252,342,23,159,,307,,,240,260,240,234,211,296,268,240,54,117,33,51,309,336,9,336,307,278,319,161,153,64,75,24,289,343,336,303,172,336,296,210,146,14,32,39,346,323,306,234,,,74,168,,,245,303,291,113,243,239,231,199,286,271,52,104,296,329,329,288,335,338,291,328,189,13,336,304,,71,,,b'\x11\xe8\xe1I\xc8#\xef\xf0\xaf\x82\x12\xdf\x17\xaeN\x1e'
11E8E149-C823-EFF0-AF82-12DF17AE4E1E,2020-ncaa-d0-natl,ncaa,328,325,260,329,302,293,307,323,247,266,265,227,296,288,304,237,113,127,130,134,89,299,229,271,233,301,192,273,18,318,281,347,345,350,340,313,243,342,344,339,226,241,216,240,,,284,290,,,334,169,33,273,265,298,307,235,225,289,272,71,88,95,279,103,305,346,349,297,345,201,205,,317,,,335,298,291,122,344,337,243,343,40,29,164,17,330,346,14,348,324,197,193,335,330,324,14,9,279,275,345,71,281,141,340,295,219,172,186,259,348,350,152,201,,,154,107,,,334,159,323,332,335,338,333,218,347,313,57,47,338,346,348,304,314,311,131,232,322,133,349,188,,82,,,b'\x11\xe8\xe1I\xc8#\xef\xf0\xaf\x82\x12\xdf\x17\xaeN\x1e'
11E8E149-C823-EFF0-AF82-12DF17AE4E1E,2020-ncaa-d1-conf-SWAC,ncaa,9,9,9,9,9,8,8,10,6,9,10,6,5,3,6,2,5,9,1,9,5,9,9,6,6,6,2,3,3,10,10,10,9,10,10,8,5,5,9,7,10,9,6,6,,,3,4,,,9,8,6,6,7,7,7,8,8,3,2,5,9,9,9,7,10,10,10,6,6,8,6,,4,,,9,6,8,4,9,8,5,9,6,5,10,6,5,5,1,5,6,4,4,9,9,9,3,6,2,6,9,4,10,5,10,8,8,9,9,9,8,9,4,9,,,10,7,,,9,1,8,9,9,9,9,6,9,7,7,6,5,7,7,7,5,8,6,6,9,8,9,5,,8,,,b'\x11\xe8\xe1I\xc8#\xef\xf0\xaf\x82\x12\xdf\x17\xaeN\x1e'
11E8E149-C823-EFF0-AF82-12DF17AE4E1E,2020-ncaa-d1-natl,ncaa,325,325,257,326,302,269,297,305,237,241,242,225,286,275,277,238,104,127,131,129,101,287,197,258,220,290,191,264,29,311,271,346,346,349,339,302,245,341,343,340,171,190,208,234,,,298,283,,,328,124,29,273,245,279,285,221,198,276,259,77,96,97,252,86,283,346,348,287,343,147,202,,321,,,329,301,295,137,343,339,252,340,40,29,144,16,326,344,6,347,329,212,242,330,323,303,16,9,279,293,346,84,271,178,339,290,206,125,150,226,349,350,165,201,,,145,123,,,328,207,315,311,330,334,328,211,347,314,53,43,339,347,349,303,324,311,137,240,309,93,349,193,,92,,,b'\x11\xe8\xe1I\xc8#\xef\xf0\xaf\x82\x12\xdf\x17\xaeN\x1e'
11E8E149-C823-EFF0-AF82-12DF17AE4E1E,2021-ncaa-d0-natl,ncaa,174,143,219,157,237,217,232,245,190,211,222,168,249,244,265,243,146,120,257,119,38,227,225,217,203,220,201,275,41,228,180,264,296,259,255,202,113,170,244,211,148,96,122,103,,,264,335,,,153,220,87,207,187,215,231,161,165,259,245,59,32,31,187,128,207,299,292,162,254,89,103,,338,,,153,99,84,80,159,116,130,113,47,47,144,10,259,316,8,320,339,102,126,107,121,60,142,23,343,158,296,92,180,105,255,89,162,97,39,40,99,124,106,129,,,144,22,,,153,129,237,78,157,124,69,49,149,192,28,13,333,341,341,138,257,234,111,146,108,30,135,129,,18,,,b'\x11\xe8\xe1I\xc8#\xef\xf0\xaf\x82\x12\xdf\x17\xaeN\x1e'
11E8E149-C823-EFF0-AF82-12DF17AE4E1E,2021-ncaa-d1-conf-SWAC,ncaa,4,5,4,5,6,4,4,5,4,5,6,3,4,3,7,3,4,5,3,5,3,5,5,4,4,4,4,5,6,4,4,6,7,5,6,3,2,6,8,4,5,4,4,3,,,7,8,,,5,6,6,7,5,4,8,5,8,4,3,4,5,5,8,8,6,8,7,3,6,4,5,,8,,,5,6,5,6,4,5,7,4,4,6,4,2,9,9,3,9,10,6,6,4,4,4,5,5,9,6,7,4,4,5,6,5,5,4,3,4,5,4,3,4,,,5,4,,,5,6,5,4,5,4,4,3,4,4,3,4,8,10,10,4,5,5,3,5,5,3,4,4,,4,,,b'\x11\xe8\xe1I\xc8#\xef\xf0\xaf\x82\x12\xdf\x17\xaeN\x1e'
11E8E149-C823-EFF0-AF82-12DF17AE4E1E,2021-ncaa-d1-natl,ncaa,184,143,231,163,246,228,244,257,198,229,241,172,257,253,265,242,156,133,257,131,39,242,238,221,208,224,198,273,41,237,186,270,297,269,267,217,118,159,249,218,160,101,131,104,,,253,335,,,165,228,88,207,200,224,237,168,168,259,248,61,35,34,194,136,210,302,298,169,257,95,106,,340,,,165,93,79,75,168,109,117,121,44,45,149,10,254,308,9,311,340,95,111,114,126,68,138,21,342,150,297,85,186,96,267,86,164,112,44,43,90,129,102,132,,,159,21,,,165,119,243,85,167,131,74,48,156,196,26,12,333,341,343,141,256,239,117,150,110,33,138,133,,18,,,b'\x11\xe8\xe1I\xc8#\xef\xf0\xaf\x82\x12\xdf\x17\xaeN\x1e'
11E8E149-C823-EFF0-AF82-12DF17AE4E1E,2022-ncaa-d0-natl,ncaa,174,233,79,213,104,119,140,117,187,113,101,174,196,176,242,224,49,47,192,47,65,100,85,210,184,198,191,252,56,131,206,223,325,199,305,165,217,306,229,239,69,108,213,267,,,335,305,,,251,70,70,273,163,185,194,157,143,238,220,64,58,58,151,100,178,330,299,214,259,96,239,,322,,,242,310,299,219,310,331,278,300,81,70,156,21,343,349,53,349,319,265,298,270,277,223,74,13,308,324,325,282,206,321,305,290,194,36,61,109,311,250,298,243,,,74,139,,,251,285,214,249,239,269,252,116,311,246,45,32,328,335,335,205,289,284,235,269,243,42,264,276,,107,,,b'\x11\xe8\xe1I\xc8#\xef\xf0\xaf\x82\x12\xdf\x17\xaeN\x1e'
11E8E149-C823-EFF0-AF82-12DF17AE4E1E,2022-ncaa-d1-conf-SWAC,ncaa,5,6,2,6,4,4,5,4,3,4,5,3,4,5,4,7,4,5,1,5,5,6,5,3,3,2,7,6,6,8,8,7,6,8,7,5,6,4,4,3,5,4,7,8,,,10,8,,,4,5,8,8,4,5,7,7,8,4,7,4,5,5,7,10,9,11,11,6,4,7,7,,6,,,5,9,10,6,10,11,7,10,2,3,5,2,9,9,7,9,7,7,8,10,10,8,2,1,6,6,6,8,8,7,7,8,7,3,2,6,7,4,11,8,,,5,4,,,4,8,2,8,5,4,7,2,8,5,2,3,5,5,5,2,4,3,4,3,7,4,4,9,,8,,,b'\x11\xe8\xe1I\xc8#\xef\xf0\xaf\x82\x12\xdf\x17\xaeN\x1e'
11E8E149-C823-EFF0-AF82-12DF17AE4E1E,2022-ncaa-d1-natl,ncaa,199,233,100,223,136,147,175,144,202,143,128,186,212,194,249,230,62,55,189,55,62,126,108,222,196,214,189,252,54,162,218,261,330,240,316,199,223,291,236,251,88,123,231,276,,,330,310,,,266,94,76,273,178,205,210,166,148,242,224,67,60,57,163,106,191,333,313,232,262,105,250,,322,,,259,302,282,178,322,323,270,308,66,52,171,21,338,347,55,348,320,242,278,285,287,244,72,13,310,314,330,267,218,311,316,273,194,47,73,125,301,256,293,254,,,95,131,,,266,259,233,264,258,280,258,120,321,247,48,32,330,338,339,208,287,289,242,271,244,52,271,284,,108,,,b'\x11\xe8\xe1I\xc8#\xef\xf0\xaf\x82\x12\xdf\x17\xaeN\x1e'
11E8E149-C823-EFF0-AF82-12DF17AE4E1E,2023-ncaa-d0-natl,ncaa,266,284,164,278,182,293,282,210,318,226,142,295,321,265,347,268,233,204,258,205,245,210,212,334,337,320,289,302,120,181,228,287,274,256,293,355,358,161,205,345,123,89,288,295,,,242,300,,,281,230,259,92,325,314,232,230,134,326,282,229,199,198,233,229,173,316,283,357,187,108,295,,268,,,279,107,66,56,213,128,119,186,45,39,154,52,284,313,37,312,322,94,135,185,194,122,165,48,327,185,274,263,228,252,293,147,235,102,57,78,150,187,214,188,,,283,301,,,281,120,320,139,281,115,77,35,149,113,40,36,291,319,319,69,127,212,285,279,161,78,170,228,,306,,,b'\x11\xe8\xe1I\xc8#\xef\xf0\xaf\x82\x12\xdf\x17\xaeN\x1e'
11E8E149-C823-EFF0-AF82-12DF17AE4E1E,2023-ncaa-d1-conf-SWAC,ncaa,8,8,4,8,6,10,8,5,10,7,6,6,12,6,12,6,9,10,4,10,11,8,11,12,12,9,12,11,8,9,10,11,9,11,11,12,12,1,2,9,5,3,9,9,,,6,7,,,9,12,12,5,11,8,5,8,7,12,7,9,10,10,10,12,9,11,12,12,1,4,9,,6,,,9,4,3,1,7,4,2,5,2,1,9,1,5,6,4,6,7,1,1,8,7,7,6,2,9,6,9,12,10,10,11,6,9,5,3,4,2,2,6,6,,,10,10,,,9,1,9,7,8,4,3,2,3,2,3,1,5,6,6,2,2,6,11,9,6,5,2,6,,10,,,b'\x11\xe8\xe1I\xc8#\xef\xf0\xaf\x82\x12\xdf\x17\xaeN\x1e'
11E8E149-C823-EFF0-AF82-12DF17AE4E1E,2023-ncaa-d1-natl,ncaa,288,284,219,291,241,323,314,275,328,264,182,308,331,285,350,270,252,227,260,226,247,272,278,338,341,329,288,304,110,216,238,323,280,302,310,357,359,131,214,347,156,102,304,300,,,221,302,,,297,290,268,91,331,325,244,245,141,330,284,235,203,200,245,238,188,320,295,359,187,127,302,,272,,,297,72,49,25,232,99,83,200,36,28,169,51,274,304,40,303,325,47,74,206,213,145,163,47,326,159,280,234,238,220,310,124,237,131,68,93,128,191,203,196,,,307,297,,,297,66,330,165,298,123,85,37,155,114,43,36,300,324,323,72,126,215,291,284,172,87,172,233,,309,,,b'\x11\xe8\xe1I\xc8#\xef\xf0\xaf\x82\x12\xdf\x17\xaeN\x1e'
11E8E149-C823-EFF0-AF82-12DF17AE4E1E,2024-ncaa-d0-natl,ncaa,86,57,196,71,202,160,179,127,272,139,65,299,277,280,240,313,41,31,226,31,80,108,77,287,266,275,226,300,20,50,47,157,272,106,142,218,256,330,262,294,55,67,303,316,,,347,327,,,170,88,15,51,132,166,51,99,23,274,273,21,17,17,30,9,29,119,38,216,344,36,308,,351,,,170,191,126,202,72,113,191,63,176,186,170,154,310,332,19,330,312,241,286,74,94,41,295,187,314,289,272,166,47,233,142,197,258,30,51,57,307,243,187,99,,,47,78,,,170,277,252,52,171,225,160,256,149,254,199,216,318,336,333,307,347,311,220,272,219,16,319,201,,14,,,b'\x11\xe8\xe1I\xc8#\xef\xf0\xaf\x82\x12\xdf\x17\xaeN\x1e'
11E8E149-C823-EFF0-AF82-12DF17AE4E1E,2024-ncaa-d1-conf-SWAC,ncaa,2,2,3,2,3,3,3,2,5,2,1,7,4,4,4,9,5,6,5,6,8,3,3,6,6,4,9,7,9,4,7,4,3,3,3,4,5,7,4,4,4,4,9,9,,,10,7,,,2,2,3,2,3,3,1,2,3,4,7,6,6,6,4,4,7,3,4,2,6,5,10,,7,,,2,5,5,8,2,3,7,2,12,11,10,12,1,2,1,3,3,8,11,3,2,2,10,12,1,4,3,10,7,10,3,9,8,2,2,2,3,4,6,5,,,5,6,,,2,11,4,2,3,2,4,7,3,3,11,11,1,1,1,5,8,4,8,6,5,2,3,5,,5,,,b'\x11\xe8\xe1I\xc8#\xef\xf0\xaf\x82\x12\xdf\x17\xaeN\x1e'
11E8E149-C823-EFF0-AF82-12DF17AE4E1E,2024-ncaa-d1-natl,ncaa,57,57,78,63,82,75,81,29,215,40,14,233,241,227,259,316,26,16,251,16,124,21,13,252,231,230,278,314,44,18,29,90,257,32,105,120,233,347,209,249,12,36,278,316,,,357,318,,,74,18,8,61,70,76,18,35,13,262,250,26,19,19,13,6,14,95,19,132,329,8,303,,351,,,73,242,181,289,40,172,272,49,196,246,84,156,316,340,6,337,308,313,347,45,46,10,264,170,309,328,257,268,29,314,105,239,266,5,17,19,326,202,200,52,,,18,135,,,74,346,196,13,85,181,112,253,120,242,170,212,297,332,331,297,355,305,219,268,189,4,302,171,,19,,,b'\x11\xe8\xe1I\xc8#\xef\xf0\xaf\x82\x12\xdf\x17\xaeN\x1e'
11E8E149-C823-EFF0-AF82-12DF17AE4E1E,2025-ncaa-d0-natl,genius_ncaa,220,147,335,203,348,287,285,184,349,183,55,357,355,350,340,354,107,59,328,64,174,166,160,360,355,339,337,356,19,25,13,339,347,197,190,319,328,203,202,317,49,31,262,267,,,230,266,,37,220,242,9,269,195,203,17,69,3,353,347,36,10,10,12,5,1,279,28,296,327,14,212,,344,,86,228,68,51,43,205,126,150,147,14,9,188,10,282,331,4,328,337,69,165,146,162,55,110,17,341,270,347,107,13,179,190,96,228,41,21,30,283,265,300,193,,,115,79,,89,220,133,311,92,211,241,207,186,287,323,46,28,344,355,354,284,360,348,287,331,229,5,341,349,,13,,44,b'\x11\xe8\xe1I\xc8#\xef\xf0\xaf\x82\x12\xdf\x17\xaeN\x1e'
11E8E149-C823-EFF0-AF82-12DF17AE4E1E,2025-ncaa-d1-conf-SWAC,genius_ncaa,5,5,7,5,9,6,5,1,10,3,1,11,11,11,7,12,4,3,9,3,9,2,2,11,11,7,10,11,6,1,2,8,9,3,5,8,11,3,3,6,2,2,8,7,,,6,5,,2,5,6,1,9,3,3,1,2,1,11,12,4,3,3,1,1,1,8,3,7,5,2,7,,6,,2,5,6,6,6,7,6,8,4,7,2,10,2,5,7,3,7,5,7,8,8,7,3,5,7,6,8,9,6,2,8,5,8,9,2,2,4,6,4,7,5,,,3,4,,2,5,7,6,2,5,6,7,5,7,9,7,3,6,8,8,6,11,8,9,8,10,1,8,9,,3,,1,b'\x11\xe8\xe1I\xc8#\xef\xf0\xaf\x82\x12\xdf\x17\xaeN\x1e'
11E8E149-C823-EFF0-AF82-12DF17AE4E1E,2025-ncaa-d1-natl,genius_ncaa,193,147,304,190,333,256,257,117,355,146,15,359,352,350,336,355,73,42,331,43,178,89,82,361,360,345,339,356,17,10,11,302,343,113,176,308,320,262,173,319,33,28,234,263,,,286,262,,50,219,157,7,269,185,198,11,64,3,353,347,31,7,6,7,4,1,254,15,287,326,11,203,,344,,83,226,106,87,79,186,188,236,125,12,8,181,4,306,341,2,341,323,138,241,121,132,40,80,12,340,304,343,192,11,253,176,126,209,25,20,26,314,265,324,183,,,71,87,,71,219,222,314,62,208,232,206,198,294,340,28,21,342,355,355,296,361,349,317,337,215,5,344,351,,10,,44,b'\x11\xe8\xe1I\xc8#\xef\xf0\xaf\x82\x12\xdf\x17\xaeN\x1e'
11E8E149-C823-EFF0-AF82-12DF17AE4E1E,2026-ncaa-d0-natl,genius_ncaa,332,329,206,332,216,301,299,175,363,290,143,363,278,205,342,228,237,176,336,179,248,174,174,363,361,358,146,196,78,54,82,339,354,252,329,274,144,220,204,293,132,112,295,311,,,322,356,,227,347,209,57,97,326,332,38,318,50,276,165,224,150,152,47,15,9,361,245,286,283,83,302,,360,,271,346,266,252,93,361,288,130,355,138,60,337,41,321,326,167,328,340,129,159,360,358,328,131,59,301,243,354,268,82,261,329,314,338,82,40,214,199,186,321,303,,,142,148,,27,347,156,344,328,342,338,328,93,336,199,173,58,348,348,349,197,315,301,351,340,355,24,262,338,,61,,14,b'\x11\xe8\xe1I\xc8#\xef\xf0\xaf\x82\x12\xdf\x17\xaeN\x1e'
11E8E149-C823-EFF0-AF82-12DF17AE4E1E,2026-ncaa-d1-natl,genius_ncaa,332,327,177,340,197,290,288,125,361,262,96,360,294,204,352,247,215,166,324,166,267,132,122,361,360,357,213,245,94,23,71,345,352,220,324,275,184,255,210,294,73,75,300,301,,,345,356,,246,341,168,43,100,303,307,27,264,32,294,183,207,142,143,33,10,6,360,189,283,297,58,312,,360,,271,340,289,258,96,358,284,128,356,150,86,297,89,340,344,155,345,356,148,207,355,359,312,162,70,315,255,352,299,71,293,324,324,340,59,33,201,200,167,314,268,,,115,155,,26,341,187,345,319,341,336,318,97,327,143,175,97,351,355,355,201,321,293,351,342,353,22,251,325,,60,,21,b'\x11\xe8\xe1I\xc8#\xef\xf0\xaf\x82\x12\xdf\x17\xaeN\x1e'
11E8E149-C828-2EBC-AF82-12DF17AE4E1E,2014-ncaa-d0-natl,ncaa,105,41,297,69,316,244,260,306,120,262,299,103,164,168,129,106,199,239,67,245,102,305,323,101,87,90,97,118,134,268,188,294,164,303,170,212,105,43,148,116,176,96,310,306,,,7,17,,,75,326,250,174,160,186,236,210,261,111,121,125,179,189,231,255,226,232,240,130,111,131,301,,16,,,67,11,43,36,161,98,98,180,18,31,46,85,5,8,46,9,17,16,20,125,75,47,6,65,27,55,164,32,188,23,170,6,2,179,84,23,97,216,15,44,,,182,25,,,75,26,103,51,66,49,141,121,217,225,41,63,14,25,27,62,103,128,128,112,15,111,191,31,,58,,,b'\x11\xe8\xe1I\xc8(.\xbc\xaf\x82\x12\xdf\x17\xaeN\x1e'
11E8E149-C828-2EBC-AF82-12DF17AE4E1E,2014-ncaa-d1-conf-WAC,ncaa,4,3,9,3,9,7,7,9,5,7,9,6,4,5,2,4,8,9,1,9,7,9,9,3,3,3,4,4,7,7,4,8,8,8,5,5,1,5,6,4,7,5,6,5,,,1,4,,,2,9,8,7,6,6,6,6,7,4,5,5,9,9,7,8,5,7,7,2,6,5,4,,4,,,2,1,1,1,2,1,3,2,1,1,2,2,2,2,1,2,3,1,1,2,2,2,1,2,4,4,8,1,4,1,5,1,1,6,2,1,7,7,1,5,,,7,1,,,2,1,4,2,2,2,2,2,5,5,1,1,3,3,3,2,2,9,3,4,2,3,7,3,,4,,,b'\x11\xe8\xe1I\xc8(.\xbc\xaf\x82\x12\xdf\x17\xaeN\x1e'
11E8E149-C828-2EBC-AF82-12DF17AE4E1E,2014-ncaa-d1-natl,ncaa,85,40,211,57,262,183,197,255,97,207,259,86,136,150,114,109,176,199,90,207,113,253,277,89,79,82,120,123,156,229,176,255,140,260,159,167,128,64,131,100,120,72,291,293,,,11,21,,,55,278,238,184,136,160,221,181,242,110,125,134,174,181,220,247,215,223,228,120,99,97,281,,18,,,43,13,61,72,140,142,149,162,16,40,24,83,9,14,57,14,20,36,65,103,54,34,6,57,35,75,140,75,176,56,159,4,2,135,69,18,131,192,13,27,,,128,25,,,55,70,89,37,43,41,101,109,206,219,30,59,18,27,30,50,102,118,126,105,11,93,177,20,,58,,,b'\x11\xe8\xe1I\xc8(.\xbc\xaf\x82\x12\xdf\x17\xaeN\x1e'
11E8E149-C828-2EBC-AF82-12DF17AE4E1E,2015-ncaa-d0-natl,ncaa,242,131,345,218,349,336,342,339,300,348,347,312,122,136,102,30,327,336,160,334,123,343,348,225,235,215,14,12,219,270,165,336,178,332,190,313,135,14,155,174,315,233,349,347,,,8,177,,,164,349,296,283,249,288,216,341,318,39,42,263,273,270,235,265,136,224,181,229,116,258,348,,124,,,164,1,3,2,136,10,10,141,8,5,95,97,29,32,97,31,175,1,1,109,107,119,104,86,222,13,178,17,165,8,190,6,107,311,147,109,7,71,25,191,,,331,102,,,164,1,190,117,158,66,78,62,123,139,48,59,152,165,160,62,51,137,211,186,75,203,51,79,,157,,,b'\x11\xe8\xe1I\xc8(.\xbc\xaf\x82\x12\xdf\x17\xaeN\x1e'
11E8E149-C828-2EBC-AF82-12DF17AE4E1E,2015-ncaa-d1-conf-WAC,ncaa,4,4,8,4,8,7,7,5,6,8,8,7,4,4,3,1,8,6,7,6,3,5,8,5,5,3,1,1,8,6,6,7,4,7,4,6,4,1,4,4,6,4,8,8,,,2,3,,,3,8,6,7,4,7,5,8,8,2,2,5,6,6,5,5,5,4,5,6,2,5,8,,4,,,3,1,1,1,1,1,2,2,1,1,2,2,3,4,3,4,4,1,1,1,1,2,2,2,6,2,4,4,6,3,4,1,2,6,5,4,1,3,2,7,,,7,1,,,3,1,3,2,3,1,1,2,2,5,1,1,4,4,4,1,3,5,5,5,1,5,2,2,,3,,,b'\x11\xe8\xe1I\xc8(.\xbc\xaf\x82\x12\xdf\x17\xaeN\x1e'
11E8E149-C828-2EBC-AF82-12DF17AE4E1E,2015-ncaa-d1-natl,ncaa,222,130,347,201,348,320,327,332,281,348,343,296,96,102,92,30,324,336,162,330,162,338,346,201,221,199,19,12,259,224,146,323,162,310,164,285,122,20,143,155,282,189,349,346,,,16,162,,,138,349,287,285,229,262,178,335,315,36,41,269,282,281,213,251,115,203,148,183,118,225,346,,118,,,129,1,4,5,96,15,20,92,12,13,106,92,51,55,128,51,165,2,2,79,85,93,111,96,232,24,162,27,146,14,164,12,102,282,139,96,9,58,31,170,,,316,146,,,138,1,167,106,129,54,66,64,99,145,54,61,143,159,154,63,60,137,204,182,59,185,43,75,,177,,,b'\x11\xe8\xe1I\xc8(.\xbc\xaf\x82\x12\xdf\x17\xaeN\x1e'
11E8E149-C828-2EBC-AF82-12DF17AE4E1E,2016-ncaa-d0-natl,ncaa,196,156,287,192,304,291,241,295,156,213,219,203,268,299,120,255,328,328,230,327,321,311,323,179,211,190,288,221,292,293,254,266,105,293,174,275,270,29,146,175,273,203,328,330,,,88,222,,,201,323,275,158,253,187,219,143,128,239,273,309,307,309,261,294,258,182,239,249,90,234,328,,176,,,201,33,32,28,129,55,54,130,57,49,107,118,180,122,336,122,217,27,21,113,153,185,175,98,288,26,105,61,254,38,174,45,138,306,228,185,56,165,190,221,,,326,252,,,201,30,201,172,200,117,98,93,141,143,84,87,248,203,207,102,58,88,155,121,95,266,119,248,,298,,,b'\x11\xe8\xe1I\xc8(.\xbc\xaf\x82\x12\xdf\x17\xaeN\x1e'
11E8E149-C828-2EBC-AF82-12DF17AE4E1E,2016-ncaa-d1-conf-WAC,ncaa,5,2,8,3,8,7,6,8,4,6,7,4,6,7,1,6,8,8,8,8,8,8,8,5,5,4,7,5,8,8,7,4,3,7,3,7,4,1,4,3,8,7,6,6,,,1,6,,,4,8,6,6,6,2,5,3,2,5,6,8,8,8,5,7,7,3,2,5,4,7,6,,5,,,4,1,1,1,2,1,2,2,1,1,2,1,3,3,7,3,4,1,1,1,2,3,2,2,8,2,3,3,7,2,3,1,3,8,8,3,2,3,5,6,,,8,7,,,4,1,6,3,5,2,1,5,3,7,1,1,6,6,6,6,3,3,5,4,2,7,3,6,,8,,,b'\x11\xe8\xe1I\xc8(.\xbc\xaf\x82\x12\xdf\x17\xaeN\x1e'
11E8E149-C828-2EBC-AF82-12DF17AE4E1E,2016-ncaa-d1-natl,ncaa,163,156,142,162,179,214,163,196,143,132,132,177,238,259,152,250,305,297,254,298,327,217,246,172,204,184,296,224,312,244,238,170,87,207,161,222,263,71,125,158,185,154,309,313,,,144,210,,,165,243,265,199,234,165,193,111,115,235,259,312,307,309,236,276,234,160,213,229,84,184,316,,154,,,165,83,59,97,97,92,134,102,69,76,79,109,231,179,336,186,202,105,88,71,115,148,176,96,293,70,87,167,238,106,161,64,127,240,203,140,101,149,220,182,,,289,277,,,165,104,190,135,169,95,70,84,109,139,70,78,244,193,199,89,60,74,168,120,72,242,116,227,,307,,,b'\x11\xe8\xe1I\xc8(.\xbc\xaf\x82\x12\xdf\x17\xaeN\x1e'
11E8E149-C828-2EBC-AF82-12DF17AE4E1E,2017-ncaa-d0-natl,ncaa,184,97,340,146,343,296,282,324,161,302,316,173,186,212,109,108,315,331,100,329,263,330,344,134,143,122,121,95,256,284,198,339,174,340,216,215,80,4,75,72,244,130,349,349,,,87,309,,,200,346,253,175,162,160,159,206,214,98,113,249,283,273,202,256,202,310,285,113,56,157,349,,261,,,202,26,32,7,313,31,3,327,115,81,218,285,58,51,239,50,243,4,5,321,320,292,221,235,158,14,174,11,198,9,216,81,238,269,114,198,17,111,1,2,,,342,265,,,200,4,128,271,201,216,204,58,184,36,241,223,172,163,166,61,70,78,161,121,243,149,93,3,,293,,,b'\x11\xe8\xe1I\xc8(.\xbc\xaf\x82\x12\xdf\x17\xaeN\x1e'
11E8E149-C828-2EBC-AF82-12DF17AE4E1E,2017-ncaa-d1-conf-WAC,ncaa,5,4,8,5,8,6,5,7,4,4,6,4,5,6,5,5,5,7,1,7,7,7,7,4,4,3,6,6,4,7,7,7,2,7,5,5,2,1,3,3,3,1,8,8,,,5,8,,,5,8,2,6,3,3,2,4,2,5,5,4,5,5,4,5,7,7,7,4,2,1,8,,8,,,5,3,3,1,6,3,1,7,4,4,7,7,3,3,5,3,6,1,1,6,7,6,5,4,4,1,2,1,7,1,5,4,6,5,1,5,2,3,1,1,,,7,7,,,5,1,3,6,5,6,6,1,6,2,5,5,5,4,4,1,3,2,6,2,6,1,3,1,,7,,,b'\x11\xe8\xe1I\xc8(.\xbc\xaf\x82\x12\xdf\x17\xaeN\x1e'
11E8E149-C828-2EBC-AF82-12DF17AE4E1E,2017-ncaa-d1-natl,ncaa,175,97,343,143,348,294,286,327,149,298,322,173,168,208,85,109,315,331,98,329,268,335,346,123,128,113,114,89,264,288,200,340,153,340,213,210,85,7,93,81,242,137,349,349,,,97,309,,,192,347,247,169,157,156,166,200,216,96,115,250,286,279,209,255,212,298,281,112,68,162,349,,267,,,193,22,31,4,313,40,2,331,114,85,206,280,64,54,218,54,235,2,3,323,320,290,208,221,155,15,153,12,200,8,213,82,228,261,121,201,24,122,1,2,,,343,268,,,192,3,120,259,187,213,206,66,190,40,235,216,174,165,165,65,75,72,149,107,231,152,99,3,,293,,,b'\x11\xe8\xe1I\xc8(.\xbc\xaf\x82\x12\xdf\x17\xaeN\x1e'
11E8E149-C828-2EBC-AF82-12DF17AE4E1E,2018-ncaa-d0-natl,ncaa,185,129,295,174,296,256,260,324,105,317,333,138,86,134,46,48,295,316,70,318,167,330,345,68,66,59,39,36,260,348,348,304,231,344,337,254,205,3,61,85,335,327,338,337,,,17,105,,,170,332,330,10,201,213,307,297,324,56,86,265,299,302,315,346,348,258,346,219,21,327,332,,60,,,170,37,71,41,225,145,130,207,18,14,119,30,76,72,204,74,105,30,20,158,163,208,26,26,179,95,231,126,348,104,337,17,32,317,241,174,12,83,2,27,,,309,119,,,170,18,112,221,170,120,165,110,254,257,38,25,161,145,147,95,53,176,247,227,64,275,36,5,,264,,,b'\x11\xe8\xe1I\xc8(.\xbc\xaf\x82\x12\xdf\x17\xaeN\x1e'
11E8E149-C828-2EBC-AF82-12DF17AE4E1E,2018-ncaa-d1-conf-WAC,ncaa,4,4,3,4,3,4,4,6,1,6,7,2,1,2,1,1,7,6,6,7,4,6,7,1,1,1,1,1,8,8,8,4,3,6,8,3,4,1,1,1,7,8,5,7,,,4,3,,,4,6,8,2,6,5,7,7,8,1,2,8,6,7,7,8,8,5,8,3,1,8,6,,1,,,4,3,5,5,4,7,7,4,1,1,5,1,3,3,2,4,1,4,5,4,4,4,1,1,4,5,3,7,8,5,8,2,1,6,6,3,1,1,1,2,,,5,2,,,4,4,1,5,4,2,4,4,7,7,1,1,2,2,2,4,1,4,8,7,3,6,1,1,,4,,,b'\x11\xe8\xe1I\xc8(.\xbc\xaf\x82\x12\xdf\x17\xaeN\x1e'
11E8E149-C828-2EBC-AF82-12DF17AE4E1E,2018-ncaa-d1-natl,ncaa,169,129,213,163,214,234,240,304,107,297,327,140,74,119,45,51,277,302,94,306,160,314,343,66,69,58,39,39,263,348,347,280,223,345,333,234,210,6,58,78,332,323,337,337,,,24,99,,,166,331,331,9,205,216,305,298,323,63,92,267,291,297,314,346,347,248,346,226,21,331,334,,50,,,165,57,104,71,211,193,181,198,28,22,121,37,92,80,193,82,97,54,24,154,145,205,29,35,167,121,223,192,347,156,333,37,39,292,243,186,13,78,3,35,,,289,135,,,166,19,113,217,164,114,157,114,243,250,40,34,144,135,139,92,48,169,248,226,69,276,32,7,,274,,,b'\x11\xe8\xe1I\xc8(.\xbc\xaf\x82\x12\xdf\x17\xaeN\x1e'
11E8E149-C828-2EBC-AF82-12DF17AE4E1E,2019-ncaa-d0-natl,ncaa,297,269,321,295,321,332,314,345,156,292,309,190,289,320,135,245,341,293,346,291,175,342,343,175,233,258,265,211,277,344,332,287,205,339,294,272,108,104,288,220,332,313,278,270,,,20,97,,,278,335,311,3,315,290,333,247,244,259,287,324,231,226,334,324,334,186,311,213,227,316,252,,85,,,287,33,78,48,213,117,97,202,51,45,164,121,32,32,154,33,62,29,17,197,168,244,59,116,81,72,205,58,332,49,294,39,56,335,299,247,138,287,8,36,,,316,140,,,278,15,290,250,294,178,241,216,260,265,116,135,91,92,95,180,100,213,213,221,120,304,240,21,,239,,,b'\x11\xe8\xe1I\xc8(.\xbc\xaf\x82\x12\xdf\x17\xaeN\x1e'
11E8E149-C828-2EBC-AF82-12DF17AE4E1E,2019-ncaa-d1-conf-WAC,ncaa,7,7,5,7,6,9,8,9,8,9,8,8,8,7,7,7,7,5,9,5,3,9,9,8,8,8,8,7,6,9,9,5,5,6,7,7,5,4,8,8,9,7,4,3,,,3,4,,,8,9,9,3,9,8,9,8,8,8,7,7,5,5,9,9,9,5,6,7,4,9,4,,3,,,8,2,3,2,5,3,3,5,5,4,6,5,2,2,6,2,3,2,1,5,4,6,5,7,2,3,5,4,9,4,7,1,1,9,8,6,3,7,4,4,,,4,2,,,8,1,8,6,8,4,4,3,5,5,6,4,1,2,2,3,1,6,6,7,2,9,6,4,,3,,,b'\x11\xe8\xe1I\xc8(.\xbc\xaf\x82\x12\xdf\x17\xaeN\x1e'
11E8E149-C828-2EBC-AF82-12DF17AE4E1E,2019-ncaa-d1-natl,ncaa,294,266,340,295,340,338,318,349,149,293,307,183,293,320,136,244,340,297,345,293,187,349,347,172,229,260,269,206,288,344,333,285,179,342,287,281,129,105,289,228,336,321,272,267,,,22,109,,,287,346,312,3,315,286,332,245,245,267,286,328,241,234,334,325,333,172,308,227,223,321,247,,89,,,294,36,81,42,226,122,99,217,62,48,176,131,32,31,144,32,67,21,8,220,177,250,61,129,75,64,179,53,333,43,287,36,48,340,305,253,121,284,8,37,,,317,142,,,287,6,288,263,299,188,243,218,263,258,131,144,84,89,93,182,96,199,214,214,119,313,232,19,,254,,,b'\x11\xe8\xe1I\xc8(.\xbc\xaf\x82\x12\xdf\x17\xaeN\x1e'
11E8E149-C828-2EBC-AF82-12DF17AE4E1E,2020-ncaa-d0-natl,ncaa,197,109,348,160,349,344,336,351,93,289,312,116,321,334,167,276,335,328,242,329,256,351,351,127,147,184,293,268,249,344,293,327,199,346,233,237,45,33,234,122,338,292,120,83,,,10,127,,,222,351,311,87,272,225,327,155,206,292,313,286,278,281,334,333,324,188,293,107,154,301,57,,96,,,229,10,12,11,105,32,79,52,16,5,273,18,83,57,328,47,94,8,3,77,103,166,99,54,260,44,199,9,293,9,233,43,207,341,267,257,33,221,12,37,,,342,181,,,222,1,229,184,220,111,119,149,187,302,53,26,217,175,162,149,83,198,92,128,162,285,142,28,,282,,,b'\x11\xe8\xe1I\xc8(.\xbc\xaf\x82\x12\xdf\x17\xaeN\x1e'
11E8E149-C828-2EBC-AF82-12DF17AE4E1E,2020-ncaa-d1-conf-WAC,ncaa,2,2,4,2,7,7,7,9,1,3,8,2,8,8,8,7,8,5,9,6,5,9,9,2,4,5,8,8,6,8,8,7,5,8,5,6,3,5,8,6,7,6,3,3,,,3,4,,,6,9,9,6,7,7,9,2,7,8,8,8,5,6,9,9,8,6,8,6,6,8,3,,4,,,6,2,2,2,4,6,7,3,1,1,7,1,2,3,4,3,3,2,1,3,2,4,1,2,4,5,5,1,8,1,5,1,1,7,7,4,2,3,2,3,,,5,1,,,6,1,7,3,5,3,3,3,6,7,1,1,2,3,3,3,2,6,1,2,1,7,2,2,,5,,,b'\x11\xe8\xe1I\xc8(.\xbc\xaf\x82\x12\xdf\x17\xaeN\x1e'
11E8E149-C828-2EBC-AF82-12DF17AE4E1E,2020-ncaa-d1-natl,ncaa,177,109,341,146,342,330,318,350,79,264,297,107,302,326,106,275,311,295,289,301,190,350,351,104,128,174,281,252,228,339,276,311,203,346,218,192,42,62,243,130,313,270,102,81,,,20,105,,,205,348,308,89,263,226,333,163,217,274,311,276,234,233,331,330,321,191,285,99,172,274,60,,84,,,207,17,23,20,96,60,132,58,20,6,210,27,109,78,322,72,94,11,4,68,96,136,83,52,254,78,203,12,276,17,218,48,164,322,241,208,73,239,12,31,,,333,179,,,205,6,212,157,197,96,109,138,177,285,48,29,202,154,148,131,84,197,79,120,116,258,179,22,,272,,,b'\x11\xe8\xe1I\xc8(.\xbc\xaf\x82\x12\xdf\x17\xaeN\x1e'
11E8E149-C828-2EBC-AF82-12DF17AE4E1E,2021-ncaa-d0-natl,ncaa,71,60,157,62,164,118,103,124,89,86,100,86,150,147,152,193,165,152,235,156,228,132,149,112,121,103,248,204,241,130,177,238,245,201,270,132,247,135,74,115,10,4,212,161,,,301,330,,,71,145,80,69,70,50,45,53,66,140,146,174,142,153,50,68,120,303,263,128,116,4,233,,330,,,64,152,113,100,215,98,80,248,193,192,193,248,298,320,48,317,343,131,186,244,273,88,323,215,332,163,245,216,177,198,270,176,281,16,4,19,103,56,130,74,,,135,135,,,71,197,105,84,73,140,53,15,42,7,192,179,327,331,330,53,241,148,247,226,173,6,77,115,,93,,,b'\x11\xe8\xe1I\xc8(.\xbc\xaf\x82\x12\xdf\x17\xaeN\x1e'
11E8E149-C828-2EBC-AF82-12DF17AE4E1E,2021-ncaa-d1-conf-WAC,ncaa,3,2,3,3,3,2,2,3,2,1,2,3,2,6,2,6,5,6,4,6,8,3,3,2,3,2,6,3,8,1,2,6,7,5,5,3,4,2,1,3,1,1,4,4,,,8,8,,,2,3,5,1,2,2,3,1,2,3,5,7,8,8,3,4,2,7,6,3,1,1,5,,8,,,2,4,4,4,5,4,3,5,7,6,6,8,7,7,1,7,8,4,6,6,5,3,8,7,6,7,7,5,2,6,5,6,6,1,1,1,1,1,4,1,,,4,5,,,2,5,2,4,2,4,3,1,2,1,6,5,6,7,7,1,6,6,4,4,4,1,1,4,,4,,,b'\x11\xe8\xe1I\xc8(.\xbc\xaf\x82\x12\xdf\x17\xaeN\x1e'
11E8E149-C828-2EBC-AF82-12DF17AE4E1E,2021-ncaa-d1-natl,ncaa,40,60,70,51,82,50,38,38,66,28,35,57,107,87,184,200,138,105,264,114,257,45,50,89,108,91,276,226,280,52,130,162,253,111,243,75,269,214,66,107,2,4,153,145,,,333,318,,,36,50,38,94,41,23,21,18,40,145,135,199,154,169,24,29,81,285,213,115,118,2,215,,328,,,41,232,173,171,188,143,127,232,263,266,169,280,331,335,81,334,343,202,283,223,255,62,323,233,327,252,253,288,130,279,243,244,282,2,3,14,148,40,148,46,,,71,199,,,36,289,82,57,50,144,61,27,42,8,203,231,319,323,319,68,286,182,240,230,182,4,70,85,,106,,,b'\x11\xe8\xe1I\xc8(.\xbc\xaf\x82\x12\xdf\x17\xaeN\x1e'
11E8E149-C828-2EBC-AF82-12DF17AE4E1E,2022-ncaa-d0-natl,ncaa,79,67,112,75,133,145,156,132,234,176,136,266,136,144,134,179,108,103,190,99,113,121,106,217,216,219,119,145,106,70,79,263,242,194,186,197,230,286,218,245,7,3,213,144,,,342,346,,,138,124,136,220,173,192,151,208,154,148,157,119,114,106,134,93,71,336,249,227,252,6,225,,337,,,138,168,77,66,206,58,33,261,224,235,190,296,333,336,128,334,352,109,213,245,279,119,343,243,340,145,242,204,79,179,186,155,270,15,10,20,279,221,12,10,,,70,84,,,138,223,190,101,152,134,44,10,25,5,201,206,321,327,322,23,172,127,168,146,131,12,242,10,,63,,,b'\x11\xe8\xe1I\xc8(.\xbc\xaf\x82\x12\xdf\x17\xaeN\x1e'
11E8E149-C828-2EBC-AF82-12DF17AE4E1E,2022-ncaa-d1-conf-WAC,ncaa,2,2,2,2,5,7,6,3,12,6,3,11,6,7,9,7,6,8,3,8,11,3,4,10,11,10,7,7,8,3,3,9,8,5,4,9,10,11,7,11,2,1,6,2,,,12,11,,,3,5,10,9,9,9,3,9,4,7,7,6,10,10,4,5,3,12,7,10,9,2,7,,11,,,3,3,1,1,4,1,1,7,7,9,1,11,10,11,5,11,13,2,9,4,7,2,13,9,13,6,8,10,3,8,4,3,8,2,2,2,7,5,5,2,,,4,7,,,3,9,8,2,4,2,1,1,1,1,7,9,10,11,11,1,4,6,9,6,3,2,5,4,,7,,,b'\x11\xe8\xe1I\xc8(.\xbc\xaf\x82\x12\xdf\x17\xaeN\x1e'
11E8E149-C828-2EBC-AF82-12DF17AE4E1E,2022-ncaa-d1-natl,ncaa,65,67,67,72,83,106,106,78,200,119,79,230,114,122,123,187,103,93,206,85,161,82,58,193,194,198,151,156,162,46,68,248,221,154,174,159,249,299,204,231,3,1,228,173,,,351,348,,,104,73,112,240,145,148,114,165,123,141,155,141,134,130,104,77,68,337,246,214,241,3,262,,339,,,107,200,112,80,224,79,43,265,241,243,214,278,340,345,75,344,353,128,265,254,284,101,341,236,337,157,221,251,68,216,174,184,261,6,5,14,301,218,7,7,,,61,136,,,104,277,176,84,114,115,39,6,25,6,193,181,317,328,325,18,185,105,164,126,130,10,243,8,,95,,,b'\x11\xe8\xe1I\xc8(.\xbc\xaf\x82\x12\xdf\x17\xaeN\x1e'
11E8E149-C828-2EBC-AF82-12DF17AE4E1E,2023-ncaa-d0-natl,ncaa,102,52,236,83,238,156,142,195,83,105,169,49,242,213,280,212,127,95,292,94,77,162,162,129,131,147,276,281,140,124,86,278,122,218,118,201,284,207,210,224,13,7,314,276,,,242,307,,,89,181,95,28,86,75,105,48,127,229,185,89,52,52,86,61,79,268,179,181,252,6,313,,298,,,84,81,44,38,211,41,21,276,141,171,109,288,271,240,297,239,333,45,129,235,279,105,306,201,315,32,122,88,86,51,118,118,243,30,10,28,244,239,15,16,,,117,87,,,89,170,132,73,92,149,83,36,75,17,181,215,292,272,270,48,217,46,154,98,167,8,277,22,,56,,,b'\x11\xe8\xe1I\xc8(.\xbc\xaf\x82\x12\xdf\x17\xaeN\x1e'
11E8E149-C828-2EBC-AF82-12DF17AE4E1E,2023-ncaa-d1-conf-WAC,ncaa,4,4,4,4,4,6,7,6,6,4,5,6,10,9,11,9,4,3,10,3,6,6,4,6,6,7,10,11,4,5,4,7,5,6,4,11,13,12,10,12,1,1,8,8,,,8,7,,,4,4,4,4,7,7,6,4,4,11,10,3,3,3,5,4,5,9,7,11,12,1,10,,8,,,5,6,4,5,8,4,2,9,8,8,5,10,9,7,13,7,8,6,7,7,7,5,7,8,10,3,5,4,4,3,4,7,8,1,1,3,12,12,2,3,,,6,6,,,4,10,7,5,5,4,3,2,5,3,7,7,9,6,6,2,7,3,5,5,6,1,12,2,,5,,,b'\x11\xe8\xe1I\xc8(.\xbc\xaf\x82\x12\xdf\x17\xaeN\x1e'
11E8E149-C828-2EBC-AF82-12DF17AE4E1E,2023-ncaa-d1-natl,ncaa,81,52,151,70,159,101,86,129,67,64,112,43,203,174,255,206,123,91,292,94,109,110,102,101,113,128,274,259,181,88,72,232,133,161,115,162,277,245,198,200,7,4,314,288,,,286,293,,,61,112,72,31,59,50,77,34,103,199,164,101,64,67,59,49,65,263,149,147,253,4,318,,299,,,55,117,64,51,187,62,28,266,164,219,84,294,274,256,269,253,323,75,211,214,245,70,301,199,309,64,133,133,72,86,115,150,244,14,8,20,279,239,21,15,,,108,154,,,61,244,105,48,62,126,76,43,69,18,172,228,283,267,265,53,250,62,151,106,160,8,287,20,,93,,,b'\x11\xe8\xe1I\xc8(.\xbc\xaf\x82\x12\xdf\x17\xaeN\x1e'
11E8E149-C828-2EBC-AF82-12DF17AE4E1E,2024-ncaa-d0-natl,ncaa,51,40,143,47,151,126,113,178,56,92,159,55,188,216,138,216,148,167,136,170,180,171,180,78,78,88,255,235,200,141,85,188,39,170,52,102,117,162,169,105,43,21,264,213,,,210,270,,,41,197,280,34,118,95,217,69,161,189,218,156,171,177,214,216,157,217,186,84,158,40,276,,194,,,33,37,26,53,71,17,32,92,155,179,123,291,144,168,69,162,290,54,108,92,106,31,318,280,262,20,39,61,85,34,52,32,131,65,26,14,91,100,47,38,,,200,200,,,41,153,77,17,36,19,8,9,7,12,154,169,142,168,167,13,42,15,47,19,27,62,91,42,,222,,,b'\x11\xe8\xe1I\xc8(.\xbc\xaf\x82\x12\xdf\x17\xaeN\x1e'
11E8E149-C828-2EBC-AF82-12DF17AE4E1E,2024-ncaa-d1-conf-WAC,ncaa,2,2,5,2,5,5,4,8,1,2,3,4,10,11,6,10,4,4,7,5,9,7,6,3,3,4,11,11,8,4,1,8,1,8,1,4,7,6,8,5,2,1,8,8,,,7,10,,,1,8,11,3,5,2,9,1,2,11,10,5,6,7,8,8,2,9,7,4,8,2,8,,7,,,1,1,1,1,3,1,2,4,1,1,1,5,3,4,3,3,10,1,1,1,3,1,7,4,11,1,1,1,1,1,1,1,1,1,1,1,1,2,1,1,,,7,7,,,1,2,2,1,1,1,1,1,1,1,1,1,3,4,3,1,1,1,1,1,1,1,2,1,,6,,,b'\x11\xe8\xe1I\xc8(.\xbc\xaf\x82\x12\xdf\x17\xaeN\x1e'
11E8E149-C828-2EBC-AF82-12DF17AE4E1E,2024-ncaa-d1-natl,ncaa,48,40,130,45,136,120,105,168,41,80,159,40,177,210,113,210,161,184,144,188,193,168,179,59,65,77,255,228,233,160,105,189,45,183,61,87,105,160,166,87,41,14,272,227,,,191,249,,,33,191,269,35,103,81,206,65,160,183,213,177,188,196,206,214,169,224,202,64,154,36,288,,177,,,28,25,20,53,69,17,31,92,149,186,118,295,135,158,71,152,276,45,108,88,98,30,314,279,247,22,45,59,105,33,61,35,145,54,23,12,89,98,44,34,,,210,218,,,33,160,70,18,28,20,9,13,8,13,154,174,126,150,146,13,51,20,52,22,31,56,92,36,,239,,,b'\x11\xe8\xe1I\xc8(.\xbc\xaf\x82\x12\xdf\x17\xaeN\x1e'
11E8E149-C828-2EBC-AF82-12DF17AE4E1E,2025-ncaa-d0-natl,genius_ncaa,8,1,54,3,83,43,36,91,6,32,95,14,65,142,13,191,119,129,152,137,198,88,87,10,12,16,239,169,297,212,168,203,113,215,136,36,108,222,138,57,5,4,188,137,,,335,309,,334,14,68,96,269,33,26,143,29,150,84,177,179,192,196,156,179,270,312,316,32,141,5,225,,293,,322,12,122,87,109,130,62,51,227,183,260,55,301,257,298,47,301,348,140,267,140,144,24,296,223,301,86,113,90,168,72,136,105,187,10,5,6,76,48,186,123,,,110,177,,82,14,296,34,17,13,39,21,10,23,6,119,186,194,235,243,18,153,34,22,15,52,10,51,134,,183,,110,b'\x11\xe8\xe1I\xc8(.\xbc\xaf\x82\x12\xdf\x17\xaeN\x1e'
11E8E149-C828-2EBC-AF82-12DF17AE4E1E,2025-ncaa-d1-conf-WAC,genius_ncaa,1,1,1,1,1,1,1,2,1,2,2,1,3,7,1,8,4,4,3,4,7,2,3,1,1,1,8,7,8,5,4,6,2,6,2,1,8,3,3,1,1,1,5,4,,,7,8,,8,1,2,6,3,1,1,4,2,3,5,8,5,6,6,4,8,7,9,9,2,2,1,7,,6,,7,1,1,1,1,2,2,2,4,3,5,2,8,2,3,1,3,8,2,7,2,2,1,8,4,7,3,2,3,4,3,2,3,4,1,1,1,1,1,4,2,,,4,5,,6,1,8,1,1,1,1,1,1,1,1,3,4,2,2,2,1,2,1,1,1,1,1,1,2,,4,,7,b'\x11\xe8\xe1I\xc8(.\xbc\xaf\x82\x12\xdf\x17\xaeN\x1e'
11E8E149-C828-2EBC-AF82-12DF17AE4E1E,2025-ncaa-d1-natl,genius_ncaa,6,1,25,3,39,27,18,54,3,21,70,10,43,113,11,191,98,112,156,119,216,61,53,5,6,15,232,164,311,192,160,146,112,164,115,19,99,268,143,52,4,3,161,118,,,342,304,,337,10,34,95,269,27,19,136,27,146,75,178,189,191,201,149,170,270,301,311,23,146,5,208,,283,,325,7,157,116,158,106,87,73,211,194,289,36,302,264,304,36,306,341,191,310,119,130,18,290,219,296,116,112,119,160,114,115,118,175,3,5,5,118,51,187,95,,,90,196,,82,10,326,22,10,9,30,16,11,21,6,103,184,178,224,228,18,161,34,18,11,45,10,59,109,,194,,121,b'\x11\xe8\xe1I\xc8(.\xbc\xaf\x82\x12\xdf\x17\xaeN\x1e'
11E8E149-C828-2EBC-AF82-12DF17AE4E1E,2025-ncaa-d1-ncaatournament,genius_ncaa,37,2,37,37,38,47,47,40,54,42,42,44,57,54,56,45,45,39,61,39,31,40,44,54,56,52,60,56,30,45,48,47,25,48,52,57,65,10,16,48,32,9,66,66,,,29,66,,38,40,42,17,7,42,38,14,25,15,50,31,34,21,22,15,19,35,39,42,57,17,9,66,,65,,61,44,12,5,2,53,7,4,50,9,5,51,13,36,42,10,42,68,7,13,51,54,40,44,19,65,7,25,25,48,18,52,9,49,35,9,17,1,1,23,41,,,39,7,,22,40,17,53,35,50,40,18,2,29,9,21,7,65,67,67,14,30,15,61,53,32,9,1,50,,5,,3,b'\x11\xe8\xe1I\xc8(.\xbc\xaf\x82\x12\xdf\x17\xaeN\x1e'
11E8E149-C828-2EBC-AF82-12DF17AE4E1E,2026-ncaa-d0-natl,genius_ncaa,295,329,116,321,142,165,175,186,192,174,186,200,151,171,158,167,148,164,107,166,175,184,157,186,177,215,140,151,140,187,186,248,89,223,166,181,200,307,302,260,132,122,216,248,,,280,328,,324,252,148,124,97,213,225,245,218,230,177,191,164,203,207,252,175,224,327,310,216,302,134,250,,293,,324,246,263,282,148,348,301,186,340,181,111,310,94,213,193,289,192,186,157,176,347,348,300,82,101,145,40,89,172,186,111,166,274,175,92,62,161,241,226,317,312,,,99,78,,4,252,218,228,248,247,257,271,55,303,148,146,60,201,158,156,62,97,16,109,42,249,85,238,314,,80,,4,b'\x11\xe8\xe1I\xc8(.\xbc\xaf\x82\x12\xdf\x17\xaeN\x1e'
11E8E149-C828-2EBC-AF82-12DF17AE4E1E,2026-ncaa-d1-natl,genius_ncaa,332,327,177,340,197,247,252,267,220,255,253,230,213,228,174,165,196,227,105,226,167,263,230,213,208,246,126,149,119,266,221,314,102,311,188,257,220,275,323,290,196,160,265,268,,,243,337,,310,287,213,136,100,250,259,282,260,249,196,208,174,216,215,284,206,260,343,341,255,309,172,266,,303,,330,290,227,242,83,359,274,132,355,136,47,330,90,178,145,297,147,190,87,109,358,358,333,71,96,138,17,102,113,221,56,188,255,181,146,84,209,192,242,306,335,,,137,67,,5,287,147,262,296,291,291,307,64,320,154,166,57,215,161,162,71,93,17,126,47,284,120,245,321,,83,,4,b'\x11\xe8\xe1I\xc8(.\xbc\xaf\x82\x12\xdf\x17\xaeN\x1e'
11E8E149-C82C-9C04-AF82-12DF17AE4E1E,2010-ncaa-d0-natl,ncaa,13,8,50,10,72,39,48,130,7,60,184,8,57,89,36,99,48,96,11,94,70,125,126,5,5,9,125,125,177,204,114,222,30,213,60,6,3,177,151,12,8,5,282,245,,,286,292,,,17,109,245,247,40,49,259,86,266,70,124,74,157,154,243,266,275,326,323,4,106,8,299,,204,,,14,107,92,44,279,90,17,328,164,215,110,291,179,170,182,181,310,57,178,298,296,66,232,208,225,7,30,46,114,15,60,152,235,9,2,14,281,253,135,154,,,100,109,,,17,240,10,24,12,25,25,2,34,3,117,152,122,112,118,2,28,2,10,3,84,11,230,96,,192,,,"b'\x11\xe8\xe1I\xc8,\x9c\x04\xaf\x82\x12\xdf\x17\xaeN\x1e'"
11E8E149-C82C-9C04-AF82-12DF17AE4E1E,2010-ncaa-d1-conf-Horizon,ncaa,1,1,3,1,5,2,1,3,1,3,6,1,3,3,3,3,3,3,1,3,2,3,4,1,1,1,5,3,6,3,1,9,4,7,2,1,1,4,1,1,1,1,5,3,,,10,10,,,1,6,7,6,1,1,3,3,7,3,2,3,3,3,4,7,3,10,8,1,3,1,4,,10,,,1,1,1,1,9,2,1,9,2,4,6,7,8,9,4,9,10,1,4,9,9,2,7,3,9,1,4,1,1,1,2,1,4,1,1,1,6,5,8,10,,,4,4,,,1,6,1,2,1,1,1,1,2,1,2,2,8,8,9,1,1,1,1,1,1,1,5,8,,4,,,"b'\x11\xe8\xe1I\xc8,\x9c\x04\xaf\x82\x12\xdf\x17\xaeN\x1e'"
11E8E149-C82C-9C04-AF82-12DF17AE4E1E,2010-ncaa-d1-natl,ncaa,13,8,53,10,78,42,50,146,7,63,195,8,61,98,37,99,52,105,11,104,69,138,138,5,5,9,123,124,173,217,117,244,32,237,61,6,3,163,151,12,9,4,290,245,,,276,292,,,17,120,246,244,41,51,259,89,268,71,125,75,155,152,246,266,278,327,325,5,106,8,300,,204,,,14,86,78,27,286,81,7,329,159,206,111,288,168,158,186,171,310,32,158,303,300,76,233,207,222,5,32,29,117,9,61,145,235,10,2,17,273,255,130,160,,,112,105,,,17,227,10,26,12,28,26,2,36,3,117,147,120,114,120,2,27,2,10,3,86,12,231,101,,191,,,"b'\x11\xe8\xe1I\xc8,\x9c\x04\xaf\x82\x12\xdf\x17\xaeN\x1e'"
11E8E149-C82C-9C04-AF82-12DF17AE4E1E,2010-ncaa-d1-ncaatournament,ncaa,17,2,17,17,20,26,31,32,28,31,31,28,28,28,25,31,11,14,4,14,1,31,27,28,10,30,11,36,2,37,52,19,12,28,14,23,6,54,64,54,31,46,41,52,,,52,51,,,24,19,14,9,32,52,64,43,56,38,40,1,4,4,58,40,59,9,32,28,63,45,51,,56,,,23,39,38,40,14,39,42,15,38,41,28,33,47,48,23,48,45,43,41,17,17,16,42,32,47,36,12,37,52,36,14,32,16,27,38,25,55,60,28,36,,,17,3,,,24,45,39,15,25,20,17,29,23,30,31,33,41,42,43,40,32,16,8,7,16,39,61,23,,5,,,"b'\x11\xe8\xe1I\xc8,\x9c\x04\xaf\x82\x12\xdf\x17\xaeN\x1e'"
11E8E149-C82C-9C04-AF82-12DF17AE4E1E,2011-ncaa-d0-natl,ncaa,2,1,11,2,12,11,14,29,16,28,68,16,11,26,28,97,15,38,3,36,90,27,29,13,8,11,108,111,159,141,210,37,10,58,58,2,1,245,86,5,5,3,274,271,,,331,259,,,7,14,107,257,25,32,148,67,223,46,84,52,129,124,140,190,271,210,262,1,74,11,305,,218,,,6,147,108,178,73,119,129,157,113,230,11,224,263,274,145,274,279,203,311,60,92,6,206,123,283,51,10,274,210,187,58,113,168,2,1,2,282,168,252,162,,,17,84,,,7,329,16,2,5,9,6,2,17,6,42,107,138,136,139,3,86,2,58,12,23,3,156,144,,99,,,"b'\x11\xe8\xe1I\xc8,\x9c\x04\xaf\x82\x12\xdf\x17\xaeN\x1e'"
11E8E149-C82C-9C04-AF82-12DF17AE4E1E,2011-ncaa-d1-conf-Horizon,ncaa,1,1,1,1,1,1,1,2,1,1,3,1,1,3,2,8,1,1,1,1,4,1,1,1,1,1,7,6,4,5,2,3,1,2,1,1,1,6,4,1,1,1,7,7,,,10,10,,,1,1,2,5,1,1,4,2,4,2,6,1,1,1,3,3,5,6,6,1,5,1,7,,10,,,1,1,1,1,1,1,3,1,1,1,1,1,10,10,2,10,10,2,8,1,1,1,3,1,10,1,1,2,2,2,1,1,1,1,1,1,8,7,7,5,,,1,2,,,1,10,1,1,1,1,1,1,1,1,1,1,7,7,7,1,5,1,1,1,1,1,8,4,,2,,,"b'\x11\xe8\xe1I\xc8,\x9c\x04\xaf\x82\x12\xdf\x17\xaeN\x1e'"
11E8E149-C82C-9C04-AF82-12DF17AE4E1E,2011-ncaa-d1-natl,ncaa,2,1,11,2,12,11,14,30,17,29,76,16,13,29,30,95,15,44,3,40,91,28,30,13,9,11,102,107,159,155,218,42,10,71,62,3,1,234,88,6,5,5,279,274,,,329,259,,,8,15,107,260,25,34,150,70,224,47,82,54,129,123,143,196,275,208,264,2,76,12,307,,221,,,6,129,95,150,77,108,112,160,101,217,12,220,252,259,148,258,281,177,308,64,97,6,202,122,284,38,10,260,218,160,62,99,169,2,1,2,273,169,245,166,,,18,82,,,8,328,16,2,6,9,6,2,20,6,43,107,137,139,141,3,85,2,59,12,23,3,156,151,,100,,,"b'\x11\xe8\xe1I\xc8,\x9c\x04\xaf\x82\x12\xdf\x17\xaeN\x1e'"
11E8E149-C82C-9C04-AF82-12DF17AE4E1E,2011-ncaa-d1-ncaatournament,ncaa,9,2,9,9,9,14,14,16,22,16,15,34,6,14,2,36,11,10,33,10,21,14,12,16,16,22,11,14,24,14,27,17,40,16,32,9,2,57,48,18,7,9,24,40,,,50,27,,,21,13,30,3,27,33,48,41,44,9,39,20,19,14,42,33,37,55,50,5,46,12,37,,24,,,21,52,54,51,51,54,52,50,49,49,37,36,39,41,22,40,14,49,50,49,42,30,19,37,10,49,40,50,27,50,32,58,48,7,7,27,56,41,53,41,,,10,7,,,21,52,22,30,20,27,41,21,38,22,37,29,12,12,12,9,27,22,15,20,47,8,42,38,,9,,,"b'\x11\xe8\xe1I\xc8,\x9c\x04\xaf\x82\x12\xdf\x17\xaeN\x1e'"
11E8E149-C82C-9C04-AF82-12DF17AE4E1E,2012-ncaa-d0-natl,ncaa,5,2,48,3,55,16,22,72,10,47,176,3,20,25,46,51,38,80,18,83,66,70,71,7,4,8,84,77,201,237,260,180,40,210,169,7,11,145,83,11,5,2,256,219,,,321,313,,,5,43,107,127,14,20,140,57,262,29,37,51,126,130,134,186,296,289,312,6,82,5,287,,296,,,6,104,46,41,169,27,18,149,235,197,266,266,274,282,134,280,333,63,258,204,237,20,333,287,303,30,40,207,260,115,169,42,117,3,1,2,176,123,42,47,,,60,106,,,5,295,14,8,8,33,10,2,4,3,186,129,208,219,217,3,129,8,101,27,22,2,121,28,,121,,,"b'\x11\xe8\xe1I\xc8,\x9c\x04\xaf\x82\x12\xdf\x17\xaeN\x1e'"
11E8E149-C82C-9C04-AF82-12DF17AE4E1E,2012-ncaa-d1-conf-Horizon,ncaa,1,1,1,1,1,1,1,2,1,1,1,1,3,3,4,4,1,2,1,2,5,1,1,1,1,1,5,5,5,3,4,4,5,4,4,1,1,1,1,1,1,1,3,2,,,10,9,,,1,1,3,5,1,1,2,1,4,3,3,1,2,2,2,2,5,8,7,1,1,1,3,,10,,,1,1,1,2,2,1,6,2,1,1,4,2,9,10,2,10,10,3,10,2,2,1,7,2,10,6,5,7,4,7,4,1,1,1,1,1,3,2,2,2,,,3,6,,,1,10,1,1,1,1,1,1,1,2,1,1,6,7,7,1,7,4,5,3,1,1,2,2,,4,,,"b'\x11\xe8\xe1I\xc8,\x9c\x04\xaf\x82\x12\xdf\x17\xaeN\x1e'"
11E8E149-C82C-9C04-AF82-12DF17AE4E1E,2012-ncaa-d1-natl,ncaa,5,2,55,3,62,16,24,78,10,51,200,3,23,27,48,50,43,90,19,94,61,77,83,7,4,8,83,75,194,253,264,210,43,240,179,7,10,124,87,12,6,2,264,224,,,319,316,,,6,49,110,123,15,21,147,60,268,29,38,52,126,129,140,195,298,289,314,7,82,4,292,,297,,,6,88,35,24,179,16,10,156,226,177,271,268,269,275,140,272,333,39,239,208,241,22,333,285,303,23,43,190,264,87,179,34,117,3,1,2,157,124,35,51,,,69,99,,,6,288,14,8,8,37,10,2,4,3,187,131,209,224,222,3,127,8,103,28,22,2,122,28,,119,,,"b'\x11\xe8\xe1I\xc8,\x9c\x04\xaf\x82\x12\xdf\x17\xaeN\x1e'"
11E8E149-C82C-9C04-AF82-12DF17AE4E1E,2012-ncaa-d1-ncaatournament,ncaa,17,2,17,17,17,25,24,27,34,30,30,36,10,11,17,10,25,28,12,28,24,27,22,23,21,31,8,8,32,33,53,32,26,32,56,18,8,49,53,33,3,1,40,48,,,46,53,,,14,17,5,5,29,32,39,44,49,5,8,30,40,41,36,20,50,57,59,12,53,1,56,,53,,,14,37,34,33,54,33,33,53,51,38,48,57,39,40,30,40,57,33,46,57,56,9,60,55,36,27,26,44,53,40,56,43,54,6,1,2,45,40,32,34,,,27,32,,,14,48,39,3,14,13,4,1,2,1,48,35,32,30,31,1,45,8,47,28,36,1,42,24,,24,,,"b'\x11\xe8\xe1I\xc8,\x9c\x04\xaf\x82\x12\xdf\x17\xaeN\x1e'"
11E8E149-C82C-9C04-AF82-12DF17AE4E1E,2013-ncaa-d0-natl,ncaa,14,3,120,6,152,85,88,232,7,180,326,4,18,40,15,22,217,238,134,236,55,241,294,3,3,3,41,24,307,332,303,165,11,274,102,10,1,15,52,5,130,63,299,194,,,106,229,,,8,257,315,195,54,63,279,199,328,16,34,239,258,253,293,330,331,181,312,4,15,131,309,,93,,,5,3,2,16,13,1,1,72,213,307,17,343,46,40,126,42,281,8,43,36,36,9,341,334,203,9,11,56,303,12,102,19,211,79,11,12,18,47,179,308,,,124,17,,,8,77,12,5,5,2,2,2,1,1,214,308,42,43,44,2,12,6,41,7,16,73,19,178,,129,,,"b'\x11\xe8\xe1I\xc8,\x9c\x04\xaf\x82\x12\xdf\x17\xaeN\x1e'"
11E8E149-C82C-9C04-AF82-12DF17AE4E1E,2013-ncaa-d1-conf-Horizon,ncaa,1,1,1,1,2,1,1,3,1,2,5,1,1,4,1,4,5,6,2,6,4,2,5,1,1,1,4,4,7,9,6,2,1,2,2,1,1,3,3,1,2,1,4,3,,,3,5,,,1,4,9,6,1,1,9,4,8,3,4,6,8,8,9,9,9,3,7,1,2,3,5,,1,,,1,1,1,2,1,1,1,1,2,6,1,8,1,3,2,3,7,1,5,1,1,1,8,6,8,1,1,3,6,1,2,1,5,1,1,1,4,4,5,6,,,1,1,,,1,6,1,1,1,1,1,1,1,1,2,4,1,1,1,1,1,1,1,1,1,1,4,5,,3,,,"b'\x11\xe8\xe1I\xc8,\x9c\x04\xaf\x82\x12\xdf\x17\xaeN\x1e'"
11E8E149-C82C-9C04-AF82-12DF17AE4E1E,2013-ncaa-d1-natl,ncaa,10,3,90,6,111,73,79,218,9,167,321,4,18,35,22,23,195,226,118,223,51,219,284,3,3,4,41,28,300,324,296,153,10,261,101,8,1,17,48,5,125,57,297,187,,,133,247,,,8,239,315,210,61,70,280,200,327,19,33,229,248,247,288,328,330,195,310,4,14,130,308,,112,,,5,5,3,13,20,1,1,105,220,315,17,343,47,48,89,50,293,9,51,45,44,12,337,330,198,10,10,68,296,15,101,23,210,67,10,15,16,47,194,309,,,99,16,,,8,99,13,5,5,2,3,2,1,1,213,305,41,47,49,1,10,4,44,7,18,77,19,187,,121,,,"b'\x11\xe8\xe1I\xc8,\x9c\x04\xaf\x82\x12\xdf\x17\xaeN\x1e'"
11E8E149-C82C-9C04-AF82-12DF17AE4E1E,2013-ncaa-d1-ncaatournament,ncaa,33,2,33,33,35,36,34,59,3,47,62,2,18,27,3,1,51,55,19,55,37,59,61,1,1,2,6,4,55,57,41,49,27,57,24,33,4,16,45,12,46,30,57,57,,,32,63,,,26,58,49,7,15,15,56,44,61,1,5,49,54,55,57,59,54,48,56,3,32,35,55,,61,,,28,23,17,10,56,8,9,30,30,19,64,31,15,15,25,15,38,8,5,58,58,61,54,57,21,10,27,1,41,1,24,26,59,53,34,56,12,24,9,48,,,53,48,,,26,8,4,59,26,53,46,13,28,19,56,25,27,31,31,13,11,13,4,1,58,39,15,16,,51,,,"b'\x11\xe8\xe1I\xc8,\x9c\x04\xaf\x82\x12\xdf\x17\xaeN\x1e'"
11E8E149-C82C-9C04-AF82-12DF17AE4E1E,2014-ncaa-d0-natl,ncaa,61,57,85,63,105,119,112,167,63,163,278,17,70,52,212,46,191,194,183,193,86,174,185,49,65,62,104,81,265,194,168,183,63,183,117,35,11,116,120,32,78,51,264,160,,,228,291,,,49,183,302,140,149,141,244,203,311,78,59,238,236,241,260,287,230,242,249,22,77,89,284,,189,,,45,57,30,60,68,3,2,116,333,338,200,349,126,125,128,122,331,56,126,175,171,63,349,347,207,52,63,129,168,86,117,80,230,57,21,28,100,128,54,110,,,85,37,,,49,158,66,47,42,35,15,10,1,1,331,336,99,104,103,6,27,30,83,38,54,62,89,38,,110,,,"b'\x11\xe8\xe1I\xc8,\x9c\x04\xaf\x82\x12\xdf\x17\xaeN\x1e'"
11E8E149-C82C-9C04-AF82-12DF17AE4E1E,2014-ncaa-d1-conf-Horizon,ncaa,1,1,1,1,2,2,3,4,2,3,6,1,5,3,8,2,7,8,7,8,5,5,3,2,2,3,6,4,8,4,2,2,2,5,2,1,1,8,8,2,3,3,7,4,,,7,9,,,2,4,9,2,7,5,8,6,9,6,6,8,8,8,8,8,6,5,7,1,4,3,8,,6,,,2,1,1,3,1,1,1,1,8,9,5,9,3,4,2,4,9,3,5,1,2,1,9,9,8,4,2,2,2,4,2,1,3,2,2,1,6,6,3,5,,,3,3,,,2,6,3,1,2,1,1,1,1,1,7,7,2,2,2,1,1,2,2,1,1,3,6,3,,7,,,"b'\x11\xe8\xe1I\xc8,\x9c\x04\xaf\x82\x12\xdf\x17\xaeN\x1e'"
11E8E149-C82C-9C04-AF82-12DF17AE4E1E,2014-ncaa-d1-natl,ncaa,67,57,100,67,121,139,131,192,67,184,290,18,79,61,212,46,217,217,180,215,86,201,217,49,65,67,104,81,264,209,175,206,66,211,120,40,11,98,123,33,89,59,270,160,,,214,293,,,52,214,304,139,154,147,248,209,311,80,60,240,239,244,262,289,236,248,257,23,77,94,287,,192,,,50,46,16,37,77,1,1,123,330,335,201,349,117,120,130,117,332,35,91,182,177,69,349,347,207,44,66,108,175,65,120,69,229,71,20,30,91,130,49,123,,,94,36,,,52,124,70,52,47,35,15,8,1,1,332,337,102,106,104,6,28,30,85,38,56,64,88,40,,111,,,"b'\x11\xe8\xe1I\xc8,\x9c\x04\xaf\x82\x12\xdf\x17\xaeN\x1e'"
11E8E149-C82C-9C04-AF82-12DF17AE4E1E,2015-ncaa-d0-natl,ncaa,20,12,79,16,80,61,65,126,29,120,263,7,37,27,158,34,129,141,143,138,51,128,155,16,24,20,92,72,257,196,193,147,129,160,142,27,17,52,53,12,86,79,246,161,,,226,238,,,22,151,300,37,58,65,203,156,316,47,39,165,193,187,201,276,241,209,242,17,33,94,267,,166,,,21,69,29,104,21,8,11,105,274,335,19,346,212,206,219,196,316,114,187,57,78,37,343,326,279,152,129,142,193,141,142,53,158,68,45,25,17,18,20,37,,,58,20,,,22,194,25,33,20,26,9,26,3,2,244,327,168,153,148,24,62,99,82,70,37,67,11,17,,63,,,"b'\x11\xe8\xe1I\xc8,\x9c\x04\xaf\x82\x12\xdf\x17\xaeN\x1e'"
11E8E149-C82C-9C04-AF82-12DF17AE4E1E,2015-ncaa-d1-conf-Horizon,ncaa,1,1,1,1,1,2,2,6,1,3,7,1,3,1,5,3,4,4,2,4,4,4,3,1,1,2,4,4,5,3,2,2,2,2,2,1,1,8,6,1,1,1,2,1,,,4,4,,,1,3,9,6,2,3,8,4,8,4,3,4,5,5,7,7,7,2,5,1,6,2,2,,4,,,1,1,1,2,1,1,1,1,4,8,1,9,2,3,4,3,7,2,6,1,1,1,9,9,8,3,2,1,2,2,2,1,2,1,1,1,2,2,1,2,,,2,2,,,1,6,2,1,1,1,1,1,1,1,2,7,2,2,2,1,1,2,1,1,1,1,2,1,,3,,,"b'\x11\xe8\xe1I\xc8,\x9c\x04\xaf\x82\x12\xdf\x17\xaeN\x1e'"
11E8E149-C82C-9C04-AF82-12DF17AE4E1E,2015-ncaa-d1-natl,ncaa,18,12,55,16,59,59,65,110,47,119,274,8,37,26,166,32,139,153,149,147,63,115,148,23,29,22,93,68,265,194,188,137,119,149,136,21,16,60,54,13,87,81,248,166,,,224,225,,,21,142,309,39,74,73,213,168,319,52,40,183,206,198,210,279,237,213,245,18,33,103,274,,145,,,22,59,33,101,24,6,10,112,282,335,24,346,197,198,191,183,314,103,191,57,79,35,342,328,266,153,119,154,188,158,136,60,172,63,47,31,15,20,18,39,,,51,23,,,21,202,27,33,19,23,8,23,2,2,247,325,141,144,132,20,49,85,83,69,37,75,13,17,,74,,,"b'\x11\xe8\xe1I\xc8,\x9c\x04\xaf\x82\x12\xdf\x17\xaeN\x1e'"
11E8E149-C82C-9C04-AF82-12DF17AE4E1E,2015-ncaa-d1-ncaatournament,ncaa,33,2,33,33,33,37,35,40,30,39,49,16,33,38,38,9,53,53,15,52,52,41,54,26,30,16,31,16,55,56,57,62,64,62,63,36,17,2,2,2,40,23,50,49,,,22,48,,,38,49,32,4,23,15,14,27,40,11,11,51,53,52,20,48,52,62,62,8,2,19,46,,48,,,40,23,8,12,39,3,11,16,34,19,61,33,28,23,51,19,51,15,23,49,54,40,61,53,55,29,64,21,57,29,63,20,58,35,13,26,2,2,2,8,,,55,53,,,38,13,19,56,45,51,27,16,8,20,54,31,56,51,47,27,46,57,51,61,49,8,2,3,,54,,,"b'\x11\xe8\xe1I\xc8,\x9c\x04\xaf\x82\x12\xdf\x17\xaeN\x1e'"
11E8E149-C82C-9C04-AF82-12DF17AE4E1E,2016-ncaa-d0-natl,ncaa,12,10,38,11,48,83,70,86,65,142,257,26,24,16,108,18,275,247,295,235,164,101,133,35,64,52,74,25,341,108,98,122,9,110,41,61,93,56,50,37,42,15,258,123,,,232,286,,,21,151,326,134,120,97,183,217,326,28,20,319,298,293,224,299,168,235,205,71,29,61,280,,144,,,17,30,14,40,29,2,1,122,303,338,55,349,127,173,30,171,343,44,115,83,86,28,349,348,242,4,9,137,98,47,41,49,216,51,17,18,26,19,49,99,,,110,102,,,21,184,37,16,12,8,1,1,1,1,265,320,71,115,113,2,4,2,52,12,25,65,12,29,,187,,,"b'\x11\xe8\xe1I\xc8,\x9c\x04\xaf\x82\x12\xdf\x17\xaeN\x1e'"
11E8E149-C82C-9C04-AF82-12DF17AE4E1E,2016-ncaa-d1-conf-Horizon,ncaa,1,1,3,1,3,6,3,4,2,3,5,1,4,3,9,3,9,8,9,8,8,4,8,2,5,3,7,6,10,3,2,6,1,3,1,1,5,1,2,1,1,1,5,1,,,4,8,,,1,10,10,4,6,3,4,4,7,6,2,10,9,8,6,9,3,7,4,1,1,1,7,,4,,,1,1,1,1,1,1,1,1,4,8,2,10,2,2,2,2,9,1,1,1,1,1,10,10,9,1,1,2,2,1,1,1,7,2,1,1,1,1,2,3,,,7,7,,,1,1,1,1,1,1,1,1,1,1,3,9,2,2,2,1,1,1,1,1,1,1,1,2,,7,,,"b'\x11\xe8\xe1I\xc8,\x9c\x04\xaf\x82\x12\xdf\x17\xaeN\x1e'"
11E8E149-C82C-9C04-AF82-12DF17AE4E1E,2016-ncaa-d1-natl,ncaa,14,10,51,13,65,99,87,110,70,170,279,28,28,19,112,18,289,267,293,260,163,132,173,37,68,58,65,24,340,131,105,149,9,136,42,70,94,37,50,37,52,19,264,131,,,210,288,,,21,194,326,125,129,108,192,221,329,30,22,320,300,294,231,304,175,245,224,80,29,67,281,,147,,,18,17,4,18,30,1,1,132,295,335,61,349,117,155,36,153,345,18,72,95,93,36,349,348,243,3,9,110,105,28,42,37,217,59,20,23,18,21,42,109,,,130,100,,,21,140,41,18,14,9,1,1,1,1,263,320,78,113,114,2,4,2,52,13,27,72,11,34,,188,,,"b'\x11\xe8\xe1I\xc8,\x9c\x04\xaf\x82\x12\xdf\x17\xaeN\x1e'"
11E8E149-C82C-9C04-AF82-12DF17AE4E1E,2016-ncaa-d1-ncaatournament,ncaa,33,2,33,33,33,52,48,48,48,43,43,43,56,52,56,36,43,50,6,48,47,47,55,53,52,48,53,53,25,43,27,40,13,37,20,59,62,6,17,54,42,22,59,59,,,9,48,,,29,63,63,1,50,45,35,37,27,52,36,38,48,45,39,53,24,23,17,59,12,25,58,,25,,,31,3,2,7,20,7,15,21,2,7,8,13,17,12,37,11,39,7,2,12,17,27,17,11,54,8,13,14,27,9,20,11,48,57,47,50,2,8,7,19,,,49,34,,,29,2,38,22,31,9,10,9,25,30,3,8,40,32,31,11,2,10,41,27,27,52,4,16,,42,,,"b'\x11\xe8\xe1I\xc8,\x9c\x04\xaf\x82\x12\xdf\x17\xaeN\x1e'"
11E8E149-C82C-9C04-AF82-12DF17AE4E1E,2017-ncaa-d0-natl,ncaa,16,10,45,12,68,61,44,96,17,81,223,10,23,30,45,36,275,273,213,278,260,124,149,9,16,23,133,43,343,106,38,119,7,100,9,34,76,120,96,32,28,9,199,57,,,113,154,,,10,174,331,268,79,49,216,131,307,35,52,321,320,324,257,306,153,222,193,31,50,34,239,,47,,,10,17,9,55,19,1,1,67,345,349,143,349,18,16,114,15,253,32,126,113,88,8,349,349,56,10,7,28,38,11,9,68,276,33,11,16,81,69,22,50,,,123,116,,,10,179,17,5,7,2,1,3,1,1,332,346,6,8,7,1,4,1,8,1,31,42,46,11,,227,,,"b'\x11\xe8\xe1I\xc8,\x9c\x04\xaf\x82\x12\xdf\x17\xaeN\x1e'"
11E8E149-C82C-9C04-AF82-12DF17AE4E1E,2017-ncaa-d1-conf-Horizon,ncaa,1,1,1,1,2,1,1,4,1,1,5,1,2,3,1,3,8,6,8,6,6,4,6,1,1,1,7,4,10,4,1,3,1,3,1,2,4,4,2,1,1,1,4,2,,,3,5,,,1,7,9,6,2,2,9,3,7,2,5,9,7,8,9,9,5,7,4,2,2,2,4,,2,,,1,1,1,1,1,1,1,2,10,10,7,10,1,1,1,1,8,1,2,3,3,1,10,10,3,1,1,2,1,1,1,1,8,1,1,1,3,2,1,1,,,4,5,,,1,3,1,1,1,1,1,1,1,1,8,10,1,1,1,1,1,1,1,1,1,1,2,1,,6,,,"b'\x11\xe8\xe1I\xc8,\x9c\x04\xaf\x82\x12\xdf\x17\xaeN\x1e'"
11E8E149-C82C-9C04-AF82-12DF17AE4E1E,2017-ncaa-d1-natl,ncaa,17,10,56,13,90,69,51,124,17,101,257,10,27,38,48,39,293,293,210,297,262,157,192,9,18,24,130,43,344,123,40,146,9,131,10,38,74,88,99,35,35,9,211,59,,,83,158,,,11,226,333,270,85,54,223,143,310,37,53,326,322,326,271,311,157,236,211,35,51,38,237,,49,,,11,6,5,26,21,1,1,71,342,349,151,349,14,13,119,13,251,12,65,118,93,14,349,349,58,6,9,14,40,6,10,56,276,40,13,19,61,72,16,53,,,150,113,,,11,126,18,6,7,2,1,3,1,1,334,344,6,7,6,1,4,1,8,1,34,45,46,12,,226,,,"b'\x11\xe8\xe1I\xc8,\x9c\x04\xaf\x82\x12\xdf\x17\xaeN\x1e'"
11E8E149-C82C-9C04-AF82-12DF17AE4E1E,2017-ncaa-d1-ncaatournament,ncaa,33,2,33,33,33,44,41,37,50,53,57,47,26,21,40,2,60,62,5,62,63,39,43,47,48,46,9,3,61,34,14,64,60,55,54,35,19,11,21,23,26,6,28,4,,,32,64,,,37,52,44,6,39,34,5,53,55,6,2,59,62,62,14,20,6,64,54,23,22,6,11,,63,,,42,15,4,1,53,5,3,46,13,7,55,23,43,37,59,37,64,2,12,56,61,44,61,27,64,10,60,17,14,10,54,9,44,24,1,6,17,42,19,50,,,43,39,,,37,13,35,42,42,39,6,1,9,3,27,8,63,62,62,2,17,15,47,35,28,1,41,40,,29,,,"b'\x11\xe8\xe1I\xc8,\x9c\x04\xaf\x82\x12\xdf\x17\xaeN\x1e'"
11E8E149-C82C-9C04-AF82-12DF17AE4E1E,2018-ncaa-d0-natl,ncaa,9,7,43,8,71,97,71,130,36,62,135,24,156,145,192,165,221,172,299,165,206,131,168,53,78,60,291,220,297,112,75,52,1,58,6,59,82,45,54,33,60,32,225,108,,,171,253,,,7,193,340,278,154,101,255,77,215,197,194,283,235,233,256,326,172,80,105,73,29,84,253,,86,,,6,2,1,43,2,1,4,3,210,323,11,349,91,111,68,112,318,39,82,4,6,3,348,345,290,3,1,87,75,25,6,3,82,83,31,4,50,58,25,30,,,91,58,,,7,148,47,2,4,1,1,4,1,1,149,294,44,61,57,1,3,1,24,2,2,134,32,12,,175,,,"b'\x11\xe8\xe1I\xc8,\x9c\x04\xaf\x82\x12\xdf\x17\xaeN\x1e'"
11E8E149-C82C-9C04-AF82-12DF17AE4E1E,2018-ncaa-d1-conf-Horizon,ncaa,1,1,1,1,2,2,1,3,2,2,4,2,6,5,7,8,7,6,9,5,8,3,4,2,4,2,9,8,9,2,2,1,1,2,1,1,3,1,2,1,2,1,9,4,,,4,6,,,1,8,10,7,5,1,5,2,4,7,7,9,6,6,5,9,4,2,2,1,1,2,9,,3,,,1,1,1,1,1,1,1,1,6,10,3,10,2,3,2,3,8,1,2,1,1,1,10,10,7,1,1,3,2,3,1,1,4,3,1,1,2,2,1,1,,,2,2,,,1,3,1,1,1,1,1,1,1,1,6,8,1,2,2,1,1,1,3,2,1,3,2,1,,5,,,"b'\x11\xe8\xe1I\xc8,\x9c\x04\xaf\x82\x12\xdf\x17\xaeN\x1e'"
11E8E149-C82C-9C04-AF82-12DF17AE4E1E,2018-ncaa-d1-natl,ncaa,11,7,53,8,92,110,87,162,38,71,164,24,179,165,198,162,241,197,296,192,200,165,224,53,80,61,290,212,295,131,84,59,1,67,6,67,86,33,56,36,77,35,239,111,,,148,255,,,9,245,340,279,162,113,264,83,222,198,191,284,234,234,272,328,180,83,113,82,30,92,258,,89,,,6,2,1,16,2,1,2,3,193,316,14,349,76,85,73,89,318,12,35,5,6,4,348,345,287,1,1,55,84,9,6,3,84,104,34,4,41,59,21,33,,,128,55,,,9,90,49,2,4,1,1,4,1,1,153,292,44,65,63,1,3,1,24,3,2,140,33,14,,177,,,"b'\x11\xe8\xe1I\xc8,\x9c\x04\xaf\x82\x12\xdf\x17\xaeN\x1e'"
11E8E149-C82C-9C04-AF82-12DF17AE4E1E,2018-ncaa-d1-ncaatournament,ncaa,33,2,33,33,34,36,36,34,42,41,42,39,31,33,36,14,44,42,28,41,39,34,35,38,44,36,23,16,45,26,6,44,23,35,18,35,4,8,18,8,53,51,29,15,,,28,63,,,39,40,15,7,20,17,2,28,27,10,5,36,35,32,3,3,3,35,15,5,24,49,14,,59,,,43,23,12,12,34,7,13,14,31,18,62,28,39,29,56,29,56,19,13,41,53,61,61,44,58,6,23,10,6,7,18,4,7,56,53,35,17,38,4,6,,,50,56,,,39,21,23,54,43,54,35,23,13,26,54,33,64,58,58,46,32,8,26,18,12,53,42,4,,45,,,"b'\x11\xe8\xe1I\xc8,\x9c\x04\xaf\x82\x12\xdf\x17\xaeN\x1e'"
11E8E149-C82C-9C04-AF82-12DF17AE4E1E,2019-ncaa-d0-natl,ncaa,78,57,114,68,148,183,169,230,114,198,228,138,127,171,66,153,227,205,254,200,154,223,276,92,110,93,137,118,233,250,231,126,53,174,113,106,60,22,75,53,66,26,181,61,,,127,242,,,39,287,336,193,199,196,290,234,260,128,185,244,218,216,291,331,260,140,204,106,30,65,184,,111,,,33,5,2,41,6,1,3,21,207,311,16,349,137,130,196,126,317,42,57,12,22,15,349,337,299,50,53,124,231,82,113,8,164,133,60,20,46,87,11,25,,,96,17,,,39,63,101,11,30,5,2,10,1,2,197,317,128,119,115,7,9,45,108,65,13,139,45,10,,101,,,"b'\x11\xe8\xe1I\xc8,\x9c\x04\xaf\x82\x12\xdf\x17\xaeN\x1e'"
11E8E149-C82C-9C04-AF82-12DF17AE4E1E,2019-ncaa-d1-conf-Horizon,ncaa,2,2,1,2,1,3,2,2,2,2,4,2,2,5,1,5,5,3,6,3,5,2,4,2,2,2,4,4,8,3,4,3,6,3,5,1,1,2,2,1,1,1,4,2,,,5,5,,,1,3,10,6,3,2,6,3,5,4,6,6,6,6,6,10,6,8,8,1,2,1,5,,4,,,1,1,1,3,1,1,1,3,8,9,1,10,5,5,9,5,7,3,7,1,1,1,10,10,7,6,6,5,4,5,5,3,5,1,1,1,3,2,1,2,,,1,2,,,1,7,2,1,1,1,1,1,1,1,5,9,5,4,2,1,2,5,3,4,1,2,2,1,,3,,,"b'\x11\xe8\xe1I\xc8,\x9c\x04\xaf\x82\x12\xdf\x17\xaeN\x1e'"
11E8E149-C82C-9C04-AF82-12DF17AE4E1E,2019-ncaa-d1-natl,ncaa,73,57,107,67,131,182,171,236,105,185,234,125,131,175,69,160,213,195,259,194,144,236,285,87,105,83,147,131,223,259,240,130,54,182,118,104,61,25,74,52,68,31,185,64,,,129,228,,,35,284,336,200,204,199,299,226,263,133,196,231,204,203,300,331,271,145,217,109,29,66,189,,103,,,33,5,2,31,6,1,2,21,217,316,18,350,115,114,179,109,309,25,51,13,16,13,349,338,284,49,54,111,240,74,118,7,166,125,67,23,42,87,10,23,,,101,24,,,35,67,98,8,28,4,2,10,1,2,197,319,115,109,103,6,8,45,102,57,11,142,46,9,,111,,,"b'\x11\xe8\xe1I\xc8,\x9c\x04\xaf\x82\x12\xdf\x17\xaeN\x1e'"
11E8E149-C82C-9C04-AF82-12DF17AE4E1E,2020-ncaa-d0-natl,ncaa,81,134,8,122,8,59,48,64,73,67,135,42,100,74,196,112,180,227,85,240,250,84,160,76,78,43,207,156,282,204,232,38,25,85,94,24,29,29,25,11,181,185,144,50,,,155,161,,,62,140,331,16,132,105,187,116,240,138,115,246,287,293,229,319,263,118,199,36,11,234,188,,79,,,69,182,93,207,41,4,3,49,351,351,251,351,157,149,201,152,321,200,184,143,146,177,351,351,158,54,25,245,232,158,94,224,309,201,212,232,18,19,82,69,,,84,97,,,62,212,51,129,62,69,23,54,1,1,350,350,100,94,98,42,19,19,108,48,147,262,8,46,,197,,,"b'\x11\xe8\xe1I\xc8,\x9c\x04\xaf\x82\x12\xdf\x17\xaeN\x1e'"
11E8E149-C82C-9C04-AF82-12DF17AE4E1E,2020-ncaa-d1-conf-Horizon,ncaa,2,2,3,2,3,5,5,5,2,5,7,2,6,3,7,3,8,10,3,10,8,6,8,3,3,2,7,5,10,5,4,3,3,5,4,2,1,1,2,1,6,5,2,1,,,2,3,,,3,10,10,2,6,4,6,5,7,5,3,8,10,10,7,10,5,1,4,2,1,7,2,,2,,,3,2,1,1,1,1,1,1,10,10,8,10,3,3,1,3,7,2,2,1,1,2,10,10,3,4,3,4,4,3,4,4,7,6,4,3,1,1,2,2,,,8,7,,,3,1,3,3,2,2,1,2,1,1,10,10,3,3,3,2,2,4,4,4,4,7,1,2,,9,,,"b'\x11\xe8\xe1I\xc8,\x9c\x04\xaf\x82\x12\xdf\x17\xaeN\x1e'"
11E8E149-C82C-9C04-AF82-12DF17AE4E1E,2020-ncaa-d1-natl,ncaa,92,134,12,125,12,72,63,85,78,80,165,43,112,86,204,113,201,246,86,259,251,113,211,85,83,46,203,158,277,227,241,56,26,107,102,30,31,23,26,12,207,198,150,50,,,135,166,,,75,179,334,14,146,115,197,123,243,142,118,248,288,294,241,324,270,124,212,40,11,243,192,,82,,,82,151,72,170,44,4,2,51,351,351,261,351,143,134,203,138,322,160,126,160,154,193,351,351,158,41,26,212,241,135,102,214,308,224,221,244,17,21,73,74,,,111,95,,,75,171,54,144,71,73,24,57,1,1,350,350,104,96,100,45,18,20,109,48,154,268,9,48,,199,,,"b'\x11\xe8\xe1I\xc8,\x9c\x04\xaf\x82\x12\xdf\x17\xaeN\x1e'"
11E8E149-C82C-9C04-AF82-12DF17AE4E1E,2021-ncaa-d0-natl,ncaa,71,60,157,62,180,164,158,199,60,161,202,77,145,176,58,156,203,207,148,209,200,204,219,65,68,79,163,137,233,221,174,186,216,201,141,91,37,110,141,62,159,125,247,147,,,141,171,,,83,211,328,154,157,143,277,162,234,133,205,227,241,244,279,319,260,219,263,61,77,161,268,,120,,,82,113,93,133,31,31,47,46,329,330,215,343,98,74,271,77,267,123,132,125,108,98,343,343,98,190,216,96,174,115,141,160,309,159,112,147,115,140,55,51,,,173,74,,,83,127,86,117,83,53,24,74,1,1,338,339,50,45,44,49,35,194,32,66,153,152,88,28,,167,,,"b'\x11\xe8\xe1I\xc8,\x9c\x04\xaf\x82\x12\xdf\x17\xaeN\x1e'"
11E8E149-C82C-9C04-AF82-12DF17AE4E1E,2021-ncaa-d1-conf-Horizon,ncaa,3,2,5,3,5,4,4,6,3,4,5,3,4,6,2,7,8,7,4,7,11,6,6,3,3,3,9,5,11,6,6,4,7,4,6,3,2,5,4,1,6,8,8,5,,,6,3,,,4,6,12,6,5,4,6,4,6,3,9,10,10,10,9,12,8,6,6,1,2,9,8,,3,,,4,6,5,7,3,2,3,2,12,12,8,12,5,4,6,4,5,7,7,4,4,5,12,12,3,10,7,6,6,6,6,8,10,6,9,6,4,4,4,3,,,7,7,,,4,7,2,5,4,4,3,6,1,1,12,12,2,2,2,4,3,8,4,6,7,8,3,3,,11,,,"b'\x11\xe8\xe1I\xc8,\x9c\x04\xaf\x82\x12\xdf\x17\xaeN\x1e'"
11E8E149-C82C-9C04-AF82-12DF17AE4E1E,2021-ncaa-d1-natl,ncaa,74,60,182,64,197,178,174,220,63,177,224,80,155,183,58,155,211,222,148,225,203,224,236,67,71,79,160,132,232,234,180,208,221,221,146,101,35,99,144,65,174,131,257,147,,,125,175,,,88,223,328,146,164,151,284,169,239,137,207,231,242,246,284,322,268,224,271,65,76,169,269,,120,,,87,103,85,117,31,29,43,45,326,325,222,343,90,67,270,70,268,110,117,128,117,106,343,343,100,176,221,91,180,105,146,144,309,174,115,153,108,141,52,53,,,185,77,,,88,117,91,126,87,55,25,75,1,1,339,339,52,45,44,47,35,197,31,68,160,164,89,29,,168,,,"b'\x11\xe8\xe1I\xc8,\x9c\x04\xaf\x82\x12\xdf\x17\xaeN\x1e'"
11E8E149-C82C-9C04-AF82-12DF17AE4E1E,2022-ncaa-d0-natl,ncaa,95,35,260,62,269,252,256,266,209,296,313,185,106,105,132,43,287,327,10,330,279,280,308,156,154,131,54,40,266,277,222,246,135,265,156,148,23,18,95,56,259,194,265,161,,,34,137,,,82,312,336,92,212,213,214,295,299,69,61,269,319,327,265,315,249,186,229,69,61,232,262,,70,,,78,13,11,42,12,1,4,20,302,315,168,355,36,21,267,22,237,30,32,62,61,49,356,356,139,70,135,56,222,56,156,47,305,230,105,111,23,81,98,222,,,300,202,,,82,36,140,60,79,19,9,57,2,2,334,348,66,44,43,29,24,122,135,113,102,167,52,137,,277,,,"b'\x11\xe8\xe1I\xc8,\x9c\x04\xaf\x82\x12\xdf\x17\xaeN\x1e'"
11E8E149-C82C-9C04-AF82-12DF17AE4E1E,2022-ncaa-d1-conf-Horizon,ncaa,3,2,10,3,10,7,8,9,6,9,10,6,4,5,3,3,9,10,2,10,10,10,11,5,5,3,3,3,9,9,7,8,6,8,6,4,2,1,1,1,9,9,7,5,,,3,4,,,2,11,12,2,5,4,2,8,9,4,3,8,10,10,5,10,7,5,5,2,1,9,7,,3,,,2,1,1,1,1,1,1,1,10,12,4,12,2,2,5,2,8,1,1,2,2,2,12,12,4,4,6,3,7,3,6,3,10,11,6,6,1,1,3,7,,,11,8,,,2,1,3,2,2,2,1,4,1,1,12,12,2,2,2,3,3,7,5,6,6,9,1,7,,9,,,"b'\x11\xe8\xe1I\xc8,\x9c\x04\xaf\x82\x12\xdf\x17\xaeN\x1e'"
11E8E149-C82C-9C04-AF82-12DF17AE4E1E,2022-ncaa-d1-natl,ncaa,108,35,304,66,310,286,294,311,231,319,336,200,123,126,137,41,304,337,9,340,278,319,339,168,160,145,53,39,261,295,229,283,143,306,170,174,26,14,102,62,290,206,288,168,,,24,143,,,101,339,339,89,229,234,223,309,305,73,62,274,322,327,272,328,254,194,245,80,61,245,273,,72,,,93,6,5,24,16,1,2,25,296,308,187,355,30,18,273,17,240,16,14,76,76,62,356,356,136,48,143,29,229,23,170,31,308,267,114,127,18,82,88,233,,,321,200,,,101,16,151,73,94,23,9,58,2,1,336,348,69,48,47,34,24,124,140,121,110,188,54,151,,276,,,"b'\x11\xe8\xe1I\xc8,\x9c\x04\xaf\x82\x12\xdf\x17\xaeN\x1e'"
11E8E149-C82C-9C04-AF82-12DF17AE4E1E,2023-ncaa-d0-natl,ncaa,15,13,29,16,45,66,59,55,93,76,99,77,56,56,110,98,184,250,4,240,318,74,103,85,85,45,161,105,315,122,169,24,29,42,51,31,48,34,16,12,206,245,189,137,,,82,33,,,17,100,317,291,118,87,125,132,213,87,97,258,329,328,194,308,199,41,69,41,5,275,249,,17,,,17,84,61,289,5,12,49,29,337,360,15,361,64,59,231,54,150,263,248,11,12,19,357,359,93,171,29,259,169,240,51,184,305,170,217,185,66,34,153,97,,,148,241,,,17,258,46,17,16,10,5,110,2,2,297,358,24,22,19,52,25,68,96,73,72,277,21,84,,295,,,"b'\x11\xe8\xe1I\xc8,\x9c\x04\xaf\x82\x12\xdf\x17\xaeN\x1e'"
11E8E149-C82C-9C04-AF82-12DF17AE4E1E,2023-ncaa-d1-conf-Horizon,ncaa,1,1,1,1,2,2,2,1,5,2,2,4,5,6,6,5,6,7,1,7,9,3,3,6,6,4,8,6,8,3,3,2,1,2,2,1,3,1,1,1,5,5,5,2,,,1,1,,,2,4,11,5,3,3,2,2,6,5,6,7,9,9,4,7,3,2,2,3,1,5,7,,1,,,2,1,1,8,1,1,1,1,11,11,3,11,1,1,7,1,3,5,7,1,1,2,11,11,2,7,1,6,3,6,2,6,10,5,5,4,3,2,6,2,,,4,6,,,2,8,3,2,2,1,1,3,1,1,11,11,1,1,1,1,1,5,4,2,3,5,2,1,,8,,,"b'\x11\xe8\xe1I\xc8,\x9c\x04\xaf\x82\x12\xdf\x17\xaeN\x1e'"
11E8E149-C82C-9C04-AF82-12DF17AE4E1E,2023-ncaa-d1-natl,ncaa,15,13,33,16,54,73,65,65,101,88,120,84,66,69,116,101,203,272,4,268,323,87,125,87,93,50,161,105,315,144,177,26,32,47,52,34,49,22,16,12,233,256,204,141,,,52,33,,,19,127,320,291,126,92,140,147,218,89,100,261,329,328,212,311,211,42,75,47,5,290,253,,18,,,18,58,45,270,5,6,24,35,331,359,15,361,55,44,239,44,158,234,219,12,13,19,357,359,92,145,32,229,177,209,52,164,303,201,226,198,56,38,136,105,,,180,236,,,19,231,47,19,17,11,6,112,2,2,303,358,24,23,20,56,26,70,103,78,78,291,19,89,,299,,,"b'\x11\xe8\xe1I\xc8,\x9c\x04\xaf\x82\x12\xdf\x17\xaeN\x1e'"
11E8E149-C82C-9C04-AF82-12DF17AE4E1E,2024-ncaa-d0-natl,ncaa,26,30,52,33,85,51,39,109,12,42,130,12,85,113,63,153,106,176,13,170,208,117,174,16,13,7,236,190,268,255,210,111,43,156,77,12,5,5,7,1,122,122,270,236,,,25,26,,,15,150,324,263,45,35,199,43,205,116,167,151,238,235,215,331,304,176,264,9,3,172,302,,9,,,19,130,115,188,82,32,52,106,331,336,234,355,45,34,269,33,111,145,163,156,145,120,343,356,55,71,43,85,210,64,77,232,306,150,130,188,35,43,10,8,,,115,68,,,15,194,11,89,12,38,43,52,6,4,316,317,23,17,18,25,20,24,20,10,161,205,22,3,,181,,,"b'\x11\xe8\xe1I\xc8,\x9c\x04\xaf\x82\x12\xdf\x17\xaeN\x1e'"
11E8E149-C82C-9C04-AF82-12DF17AE4E1E,2024-ncaa-d1-conf-Horizon,ncaa,1,1,1,1,1,1,1,2,1,1,2,1,4,6,1,8,6,6,4,6,7,2,5,1,1,1,8,7,9,2,2,3,2,3,1,1,1,1,1,1,4,4,7,7,,,1,1,,,1,7,11,7,1,1,5,1,4,5,8,6,6,6,6,11,7,6,5,1,1,6,8,,1,,,1,1,1,5,2,1,2,1,11,11,8,11,1,1,5,1,2,4,3,5,3,2,11,11,1,3,2,2,2,1,1,3,9,4,4,2,2,2,1,1,,,5,3,,,1,3,1,2,1,1,1,2,1,1,11,11,1,1,1,1,1,2,1,1,2,5,1,1,,5,,,"b'\x11\xe8\xe1I\xc8,\x9c\x04\xaf\x82\x12\xdf\x17\xaeN\x1e'"
11E8E149-C82C-9C04-AF82-12DF17AE4E1E,2024-ncaa-d1-natl,ncaa,25,30,38,32,68,45,29,110,10,35,138,10,85,116,57,155,116,191,10,188,214,120,186,14,10,6,237,189,277,283,232,108,42,172,77,9,4,7,11,1,141,136,278,245,,,27,25,,,14,155,324,264,46,32,217,39,211,117,174,163,249,247,229,335,315,174,275,7,4,191,315,,8,,,16,131,131,194,90,33,47,136,333,342,207,359,45,34,291,27,107,158,166,173,151,135,346,358,50,56,42,76,232,51,77,253,315,159,143,214,43,48,8,8,,,120,78,,,14,198,11,101,13,45,55,57,6,4,315,333,21,16,16,28,19,24,16,10,176,220,23,4,,195,,,"b'\x11\xe8\xe1I\xc8,\x9c\x04\xaf\x82\x12\xdf\x17\xaeN\x1e'"
11E8E149-C82C-9C04-AF82-12DF17AE4E1E,2024-ncaa-d1-ncaatournament,ncaa,37,3,37,37,38,48,43,44,45,45,42,46,45,52,36,42,58,62,4,59,64,46,59,47,48,35,52,32,58,55,46,65,59,62,62,60,63,2,2,17,51,44,57,59,,,22,53,,,60,57,42,5,43,27,11,26,12,32,37,57,61,57,25,51,37,65,61,56,2,38,54,,55,,,62,30,31,17,68,32,22,68,21,16,53,29,15,15,35,14,44,19,20,68,67,67,19,28,28,18,59,23,46,20,62,18,20,49,38,44,1,2,5,6,,,47,28,,,60,17,38,68,60,66,66,31,66,38,48,33,41,40,38,35,37,36,59,56,52,33,1,6,,35,,,"b'\x11\xe8\xe1I\xc8,\x9c\x04\xaf\x82\x12\xdf\x17\xaeN\x1e'"
11E8E149-C82C-9C04-AF82-12DF17AE4E1E,2025-ncaa-d0-natl,genius_ncaa,24,18,54,21,71,84,79,112,67,90,107,105,89,156,22,187,151,238,9,238,297,129,184,61,51,31,164,138,256,226,225,115,43,166,119,21,6,15,18,4,197,201,304,301,,,25,18,,9,50,171,339,232,108,97,209,133,175,113,197,216,288,291,237,342,282,209,273,19,7,255,329,,6,,6,49,104,135,181,112,56,91,128,294,301,209,337,24,25,108,23,62,140,161,150,119,103,285,342,29,53,43,187,225,131,119,208,273,148,123,172,69,80,91,63,,,188,192,,33,50,192,44,82,44,31,45,44,20,13,257,262,11,11,12,18,13,22,73,36,130,197,41,62,,293,,47,"b'\x11\xe8\xe1I\xc8,\x9c\x04\xaf\x82\x12\xdf\x17\xaeN\x1e'"
11E8E149-C82C-9C04-AF82-12DF17AE4E1E,2025-ncaa-d1-conf-Horizon,genius_ncaa,1,1,2,1,2,3,2,2,2,1,1,2,2,6,1,8,4,8,1,8,10,2,7,2,2,1,8,5,10,2,1,3,1,2,1,1,1,1,2,1,5,5,9,8,,,1,1,,1,1,8,11,8,3,2,5,1,4,3,9,7,9,8,5,11,4,2,4,1,1,7,9,,1,,1,1,1,1,3,1,1,1,2,8,9,2,10,1,1,1,1,3,1,3,1,1,1,8,10,1,1,1,1,1,1,1,3,9,3,3,2,1,2,1,1,,,7,7,,3,1,5,1,1,1,1,1,1,1,1,5,7,1,1,1,1,1,1,1,1,2,5,1,1,,9,,3,"b'\x11\xe8\xe1I\xc8,\x9c\x04\xaf\x82\x12\xdf\x17\xaeN\x1e'"
11E8E149-C82C-9C04-AF82-12DF17AE4E1E,2025-ncaa-d1-natl,genius_ncaa,19,18,43,21,59,83,77,102,72,84,103,122,87,159,24,189,151,225,11,227,292,114,177,65,62,33,169,143,258,239,240,108,41,155,129,18,5,14,18,4,191,199,310,301,,,26,18,,9,48,161,339,237,111,103,214,140,174,119,199,221,286,289,244,340,288,206,274,17,7,256,327,,6,,6,50,98,141,193,111,64,86,139,294,307,194,337,20,28,70,27,61,147,169,150,119,103,276,335,27,57,41,203,240,142,129,216,274,144,120,179,68,74,97,66,,,188,182,,26,48,197,51,82,46,28,46,44,25,12,248,261,8,12,11,19,12,20,83,42,132,206,40,62,,292,,41,"b'\x11\xe8\xe1I\xc8,\x9c\x04\xaf\x82\x12\xdf\x17\xaeN\x1e'"
11E8E149-C82C-9C04-AF82-12DF17AE4E1E,2025-ncaa-d1-ncaatournament,genius_ncaa,37,2,37,37,38,42,47,56,38,55,53,54,32,47,12,22,40,45,5,43,24,53,61,32,29,20,5,9,21,64,64,53,47,63,59,46,35,5,13,21,54,44,52,54,,,10,16,,24,43,50,35,7,29,38,41,54,47,5,19,23,34,31,37,57,63,47,63,35,10,43,48,,20,,43,48,20,24,19,50,15,12,51,31,28,47,60,5,5,65,5,6,18,14,52,52,56,39,58,7,17,47,15,64,17,59,23,50,54,46,51,13,30,9,25,,,58,52,,32,43,14,27,59,48,53,58,46,44,29,60,58,6,5,5,39,32,43,49,52,52,43,26,14,,55,,15,"b'\x11\xe8\xe1I\xc8,\x9c\x04\xaf\x82\x12\xdf\x17\xaeN\x1e'"
11E8E149-C82C-9C04-AF82-12DF17AE4E1E,2026-ncaa-d0-natl,genius_ncaa,55,80,49,81,73,113,95,129,81,97,118,99,118,162,82,210,172,214,57,202,299,145,154,84,89,81,244,173,284,337,361,74,104,156,264,50,20,159,119,41,108,129,216,225,,,89,13,,73,101,103,285,97,184,148,282,143,212,177,247,279,312,307,313,349,362,112,305,55,62,151,291,,10,,44,104,203,212,271,68,122,144,134,332,346,114,356,65,59,207,62,65,245,250,119,84,80,314,354,28,210,104,307,361,285,264,215,170,95,121,124,278,261,197,147,,,91,68,,37,101,251,151,80,107,58,74,144,25,19,303,343,18,14,18,68,58,114,227,167,100,159,190,136,,179,,65,"b'\x11\xe8\xe1I\xc8,\x9c\x04\xaf\x82\x12\xdf\x17\xaeN\x1e'"
11E8E149-C82C-9C04-AF82-12DF17AE4E1E,2026-ncaa-d1-conf-Horizon,genius_ncaa,1,1,1,1,1,2,1,3,3,1,1,4,1,3,1,9,5,4,6,4,9,3,3,1,1,3,8,4,9,5,9,1,9,1,4,1,1,10,9,1,4,7,3,6,,,6,1,,6,1,3,9,1,4,3,10,3,5,4,9,9,9,9,10,10,10,2,5,1,6,6,6,,2,,3,1,9,9,11,2,5,10,2,10,11,3,11,6,4,10,4,1,9,9,2,1,1,10,10,3,11,9,9,9,9,4,7,5,2,5,2,11,10,8,7,,,4,4,,3,1,9,4,1,1,1,1,10,1,2,9,11,1,1,1,6,7,10,3,5,3,5,10,7,,6,,3,"b'\x11\xe8\xe1I\xc8,\x9c\x04\xaf\x82\x12\xdf\x17\xaeN\x1e'"
11E8E149-C82C-9C04-AF82-12DF17AE4E1E,2026-ncaa-d1-natl,genius_ncaa,38,80,13,79,35,92,80,114,72,81,103,97,119,159,83,215,151,178,102,171,270,125,134,79,81,84,233,178,265,351,360,32,74,126,252,25,8,165,113,37,123,172,225,238,,,75,12,,69,93,72,291,100,200,170,306,147,223,194,264,263,288,283,324,352,361,69,295,40,58,205,290,,9,,44,109,206,224,311,59,128,169,111,341,354,112,357,49,50,72,53,61,284,275,91,59,74,302,354,22,225,74,328,360,307,252,211,147,111,189,151,301,283,208,159,,,44,39,,45,93,288,157,82,109,48,71,164,29,23,304,344,11,15,20,88,51,100,227,176,81,222,205,137,,133,,95,"b'\x11\xe8\xe1I\xc8,\x9c\x04\xaf\x82\x12\xdf\x17\xaeN\x1e'"
11E8E149-C830-E94E-AF82-12DF17AE4E1E,2010-ncaa-d0-natl,ncaa,86,86,81,90,106,153,162,78,285,153,79,291,165,134,220,201,126,150,87,147,237,77,109,285,277,208,158,184,122,58,130,200,201,133,214,207,264,67,40,151,44,31,253,262,,,297,304,,,56,140,226,229,203,208,82,192,96,181,159,148,178,173,94,166,65,288,186,253,38,50,273,,263,,,52,40,25,55,87,131,175,88,3,10,7,8,285,310,29,309,306,96,191,36,59,12,61,3,335,164,201,311,130,273,214,7,15,18,10,1,45,37,50,29,,,177,272,,,56,205,172,12,51,14,12,8,73,97,1,4,253,285,289,14,102,116,278,233,3,18,37,49,,248,,,b'\x11\xe8\xe1I\xc80\xe9N\xaf\x82\x12\xdf\x17\xaeN\x1e'
11E8E149-C830-E94E-AF82-12DF17AE4E1E,2010-ncaa-d1-conf-MEAC,ncaa,1,2,2,2,2,3,3,2,5,5,4,6,2,3,2,3,5,5,3,5,9,2,3,5,4,2,3,3,8,5,7,5,3,4,8,2,3,1,1,2,3,4,9,9,,,10,9,,,1,3,9,7,3,4,2,6,7,4,4,5,7,8,2,8,6,8,8,2,1,4,9,,9,,,2,2,1,2,2,5,4,3,1,2,1,1,8,10,2,10,9,3,9,2,2,1,5,1,11,3,3,11,7,8,8,1,1,1,1,1,1,1,4,3,,,4,7,,,1,9,2,1,1,1,1,2,3,4,1,1,6,8,8,2,3,2,9,6,1,1,1,3,,9,,,b'\x11\xe8\xe1I\xc80\xe9N\xaf\x82\x12\xdf\x17\xaeN\x1e'
11E8E149-C830-E94E-AF82-12DF17AE4E1E,2010-ncaa-d1-natl,ncaa,89,86,91,91,115,164,173,82,288,166,88,294,174,144,223,201,131,157,88,154,235,84,122,288,279,209,158,186,119,62,133,221,203,146,221,217,269,54,41,156,45,35,256,265,,,292,304,,,62,153,227,228,207,216,85,198,100,183,159,148,178,171,101,168,67,289,194,258,38,52,274,,263,,,58,30,19,37,94,115,156,94,2,9,7,8,279,305,31,306,307,74,174,39,62,12,61,3,335,148,203,303,133,262,221,5,15,18,11,1,42,37,48,30,,,189,267,,,62,189,174,12,57,14,12,8,73,99,1,4,255,288,290,14,102,114,280,235,3,18,37,51,,249,,,b'\x11\xe8\xe1I\xc80\xe9N\xaf\x82\x12\xdf\x17\xaeN\x1e'
11E8E149-C830-E94E-AF82-12DF17AE4E1E,2010-ncaa-d1-ncaatournament,ncaa,33,2,33,33,34,64,61,57,60,57,45,60,49,53,37,34,60,56,62,54,56,59,60,59,63,63,35,23,60,56,61,54,43,57,57,63,62,11,43,63,53,42,33,29,,,20,53,,,60,58,56,9,64,61,47,57,33,41,40,60,56,54,56,59,49,52,55,63,28,45,20,,48,,,61,16,14,11,50,16,18,48,11,9,34,16,17,17,36,17,42,14,4,44,48,53,28,18,43,14,43,28,61,19,57,11,30,57,53,50,19,52,34,56,,,58,52,,,60,3,63,54,62,44,36,20,41,36,18,14,47,42,42,33,10,33,60,50,34,55,43,55,,55,,,b'\x11\xe8\xe1I\xc80\xe9N\xaf\x82\x12\xdf\x17\xaeN\x1e'
11E8E149-C830-E94E-AF82-12DF17AE4E1E,2011-ncaa-d0-natl,ncaa,24,19,77,22,82,100,122,106,155,126,122,166,122,143,111,171,67,56,174,54,58,98,118,149,135,108,120,154,88,56,37,98,75,66,34,172,236,91,63,126,107,102,166,184,,,182,198,,,23,152,289,67,123,162,169,172,178,140,161,80,61,60,139,208,61,151,73,201,58,128,190,,132,,,23,33,38,121,30,90,222,28,32,36,62,30,98,160,16,158,138,123,170,18,14,11,65,60,207,122,75,128,37,109,34,8,12,80,56,7,59,45,50,37,,,71,89,,,23,191,64,12,20,12,20,40,58,158,15,19,78,125,125,34,55,78,62,54,6,105,49,35,,106,,,b'\x11\xe8\xe1I\xc80\xe9N\xaf\x82\x12\xdf\x17\xaeN\x1e'
11E8E149-C830-E94E-AF82-12DF17AE4E1E,2011-ncaa-d1-conf-MEAC,ncaa,1,1,2,1,5,1,2,3,2,5,7,3,2,2,2,2,1,2,4,2,1,3,6,1,1,1,2,2,6,1,1,5,1,2,1,1,2,1,1,1,3,2,5,6,,,1,4,,,1,8,7,7,2,3,5,4,8,2,2,1,2,2,4,8,2,6,4,1,1,3,6,,2,,,1,1,1,3,2,1,6,1,1,2,2,1,1,1,2,1,1,3,3,1,1,1,1,2,3,1,1,4,1,2,1,1,1,3,1,1,1,1,1,1,,,3,1,,,1,4,1,1,1,1,1,3,2,4,1,1,1,1,1,2,2,1,1,1,1,3,2,1,,2,,,b'\x11\xe8\xe1I\xc80\xe9N\xaf\x82\x12\xdf\x17\xaeN\x1e'
11E8E149-C830-E94E-AF82-12DF17AE4E1E,2011-ncaa-d1-natl,ncaa,25,19,95,23,101,114,140,125,159,145,139,174,132,151,114,169,76,71,171,66,57,112,138,153,137,113,117,152,83,63,37,116,78,77,34,188,242,73,65,133,121,108,173,192,,,165,199,,,24,185,289,67,131,164,173,177,178,141,163,80,64,62,142,211,63,157,80,207,58,137,193,,132,,,24,19,26,97,33,79,205,30,26,29,64,31,89,151,16,152,136,94,140,18,15,11,64,57,208,104,78,99,37,81,34,6,12,97,61,7,46,47,45,39,,,91,89,,,24,160,68,12,20,12,22,41,61,163,16,19,78,127,128,37,55,79,65,57,5,109,49,36,,108,,,b'\x11\xe8\xe1I\xc80\xe9N\xaf\x82\x12\xdf\x17\xaeN\x1e'
11E8E149-C830-E94E-AF82-12DF17AE4E1E,2011-ncaa-d1-ncaatournament,ncaa,33,2,33,33,33,42,41,40,40,39,35,52,38,56,15,49,48,47,20,47,49,41,39,40,42,42,27,20,38,34,11,34,30,34,19,43,44,15,33,42,56,57,24,7,,,12,22,,,26,45,59,1,38,33,18,32,11,22,42,41,43,44,21,16,8,7,5,37,39,56,6,,28,,,30,9,5,23,5,2,16,1,29,25,58,41,18,18,37,14,35,24,22,11,12,21,61,57,40,21,30,11,11,17,19,17,49,47,48,48,11,30,28,45,,,39,29,,,26,22,36,23,27,28,14,49,4,41,55,44,40,40,35,51,46,40,31,41,38,41,30,47,,19,,,b'\x11\xe8\xe1I\xc80\xe9N\xaf\x82\x12\xdf\x17\xaeN\x1e'
11E8E149-C830-E94E-AF82-12DF17AE4E1E,2012-ncaa-d0-natl,ncaa,18,9,120,11,145,110,128,84,248,199,151,277,43,50,75,82,114,161,56,155,174,90,143,201,185,98,45,51,161,32,27,147,50,59,33,162,188,15,5,39,51,28,86,45,,,190,267,,,11,214,276,209,107,133,54,226,172,38,45,118,178,174,64,167,15,156,39,167,13,47,81,,175,,,10,4,3,22,4,13,71,14,3,27,1,45,163,210,30,219,294,36,107,3,3,2,101,10,334,71,50,148,27,104,33,3,33,42,14,3,11,9,118,105,,,194,231,,,11,128,33,2,7,2,1,3,6,33,2,21,155,209,216,7,50,45,133,82,1,33,12,106,,216,,,b'\x11\xe8\xe1I\xc80\xe9N\xaf\x82\x12\xdf\x17\xaeN\x1e'
11E8E149-C830-E94E-AF82-12DF17AE4E1E,2012-ncaa-d1-conf-MEAC,ncaa,1,1,1,1,1,1,1,1,7,7,5,9,1,1,1,2,4,10,1,10,10,1,3,3,4,1,1,2,11,1,2,4,1,1,1,4,7,1,1,1,3,3,2,2,,,6,8,,,1,7,11,9,3,3,2,8,6,1,2,8,11,11,2,7,1,6,3,4,1,4,3,,3,,,1,1,1,3,1,1,4,2,1,4,1,7,5,5,7,6,9,3,6,1,1,1,10,3,12,1,1,10,2,2,1,1,2,2,1,1,2,1,8,7,,,3,9,,,1,7,1,1,1,1,1,1,1,2,1,1,4,4,4,2,2,1,5,1,1,3,2,7,,10,,,b'\x11\xe8\xe1I\xc80\xe9N\xaf\x82\x12\xdf\x17\xaeN\x1e'
11E8E149-C830-E94E-AF82-12DF17AE4E1E,2012-ncaa-d1-natl,ncaa,18,9,137,11,169,129,153,92,260,223,174,280,49,61,73,83,125,174,53,169,173,105,170,213,191,104,41,51,160,35,28,164,54,72,35,184,193,10,5,41,60,29,89,45,,,170,269,,,11,250,281,200,114,143,55,236,177,39,48,120,179,176,68,177,15,158,43,176,14,51,81,,181,,,10,2,1,13,4,7,49,14,2,23,1,47,150,194,31,205,295,16,70,3,3,2,103,10,333,58,54,125,28,73,35,1,33,50,13,3,8,10,115,109,,,212,228,,,11,96,37,2,7,2,1,3,6,35,2,20,161,213,221,7,49,45,137,84,1,35,12,107,,215,,,b'\x11\xe8\xe1I\xc80\xe9N\xaf\x82\x12\xdf\x17\xaeN\x1e'
11E8E149-C830-E94E-AF82-12DF17AE4E1E,2012-ncaa-d1-ncaatournament,ncaa,33,2,33,33,34,51,46,39,52,41,37,50,59,56,58,56,45,44,56,44,45,37,54,56,56,47,59,60,37,52,58,61,27,60,62,56,53,1,1,7,23,2,59,58,,,2,8,,,52,48,36,5,50,44,13,32,7,58,51,40,32,33,13,51,47,61,60,55,1,2,57,,2,,,54,19,27,5,63,24,5,62,19,8,57,28,6,7,14,7,26,1,5,64,62,57,19,39,9,6,27,32,58,23,62,31,61,34,2,43,6,13,34,57,,,44,30,,,52,17,51,49,54,48,57,6,53,12,40,14,11,15,15,2,5,7,63,53,60,6,9,57,,34,,,b'\x11\xe8\xe1I\xc80\xe9N\xaf\x82\x12\xdf\x17\xaeN\x1e'
11E8E149-C830-E94E-AF82-12DF17AE4E1E,2013-ncaa-d0-natl,ncaa,14,14,24,15,32,62,72,36,194,56,43,161,173,91,302,186,34,14,234,16,68,25,36,221,209,137,197,230,78,8,27,74,213,22,88,99,182,114,31,82,40,58,24,39,,,311,272,,,9,68,233,235,121,135,89,113,110,211,146,65,37,38,50,130,17,191,48,157,51,70,41,,234,,,12,15,14,187,3,49,259,2,6,42,3,27,216,265,15,267,203,204,287,1,3,1,107,18,321,299,213,281,27,301,88,8,60,11,6,1,36,11,13,4,,,32,100,,,9,272,84,1,10,1,1,23,11,124,2,12,127,178,181,29,134,224,142,176,3,12,23,7,,76,,,b'\x11\xe8\xe1I\xc80\xe9N\xaf\x82\x12\xdf\x17\xaeN\x1e'
11E8E149-C830-E94E-AF82-12DF17AE4E1E,2013-ncaa-d1-conf-MEAC,ncaa,1,1,1,1,3,1,1,2,3,1,3,2,3,3,5,6,2,2,4,2,2,2,2,2,2,2,5,6,6,2,1,1,5,1,1,1,3,2,1,1,4,6,1,2,,,9,7,,,1,3,7,13,1,1,3,2,6,5,4,3,2,2,2,4,3,2,2,1,2,5,2,,7,,,1,1,1,9,1,5,13,1,1,1,1,1,5,7,5,7,3,9,10,1,1,1,2,1,10,7,5,7,1,9,1,2,2,2,3,1,1,1,1,1,,,2,3,,,1,12,1,1,1,1,1,4,2,10,1,1,4,4,4,4,5,7,4,5,2,2,1,1,,3,,,b'\x11\xe8\xe1I\xc80\xe9N\xaf\x82\x12\xdf\x17\xaeN\x1e'
11E8E149-C830-E94E-AF82-12DF17AE4E1E,2013-ncaa-d1-natl,ncaa,15,14,27,15,36,68,83,40,201,66,48,166,179,93,303,184,38,17,232,19,65,26,41,228,217,141,195,229,70,8,28,82,217,24,91,105,188,99,32,84,42,61,26,39,,,308,275,,,10,74,237,233,122,143,91,124,116,210,146,63,38,40,53,135,17,197,48,164,52,79,41,,234,,,13,10,10,172,3,39,248,2,5,32,3,27,208,257,16,256,202,185,279,1,3,1,107,18,322,293,217,270,28,294,91,5,61,12,8,1,31,10,12,4,,,36,97,,,10,263,86,1,11,1,1,23,12,124,2,12,129,181,185,30,133,228,143,181,3,14,23,7,,78,,,b'\x11\xe8\xe1I\xc80\xe9N\xaf\x82\x12\xdf\x17\xaeN\x1e'
11E8E149-C830-E94E-AF82-12DF17AE4E1E,2013-ncaa-d1-ncaatournament,ncaa,33,2,33,33,35,54,45,45,50,38,41,48,53,53,51,34,51,50,53,50,51,48,45,51,54,52,49,37,47,34,13,59,63,48,46,56,57,20,42,56,52,48,43,49,,,3,5,,,43,53,45,7,53,42,21,32,25,45,32,49,46,46,33,27,9,59,40,55,44,41,42,,6,,,47,10,18,22,42,17,21,43,17,19,44,25,1,3,31,3,5,14,19,41,36,28,10,30,5,30,63,7,13,20,46,29,60,39,13,47,21,46,16,32,,,57,58,,,43,8,47,42,51,33,49,38,46,47,29,25,4,6,6,23,35,54,32,46,59,15,44,37,,56,,,b'\x11\xe8\xe1I\xc80\xe9N\xaf\x82\x12\xdf\x17\xaeN\x1e'
11E8E149-C830-E94E-AF82-12DF17AE4E1E,2014-ncaa-d0-natl,ncaa,15,5,53,12,64,72,94,27,299,106,45,300,92,71,243,149,41,13,332,11,47,18,29,292,297,232,110,143,85,3,30,43,190,13,86,160,245,108,21,120,50,71,33,40,,,288,174,,,16,58,110,143,91,144,22,169,84,123,88,54,11,9,13,21,2,51,4,221,55,65,37,,212,,,15,47,32,237,2,48,281,2,51,135,8,84,247,289,42,288,216,256,301,2,4,2,237,94,321,315,190,330,30,335,86,27,91,21,31,6,47,10,180,91,,,26,114,,,16,289,122,2,19,16,7,122,14,210,29,81,201,229,229,149,263,282,296,297,10,30,28,126,,31,,,b'\x11\xe8\xe1I\xc80\xe9N\xaf\x82\x12\xdf\x17\xaeN\x1e'
11E8E149-C830-E94E-AF82-12DF17AE4E1E,2014-ncaa-d1-conf-MEAC,ncaa,1,1,1,1,1,1,1,1,7,4,4,7,1,2,2,3,1,1,12,1,1,1,1,4,4,2,2,3,6,2,4,1,8,1,4,3,6,2,1,3,3,3,1,2,,,9,6,,,1,3,6,7,2,2,2,7,7,3,3,2,1,1,1,2,2,1,2,4,1,3,2,,7,,,1,2,1,11,1,1,13,1,2,5,3,4,6,6,6,6,4,11,12,1,1,1,10,6,11,13,8,13,4,13,4,1,1,1,2,1,2,1,10,7,,,1,2,,,1,12,1,1,1,1,1,6,1,11,2,3,5,6,6,6,7,11,9,11,1,2,2,7,,1,,,b'\x11\xe8\xe1I\xc80\xe9N\xaf\x82\x12\xdf\x17\xaeN\x1e'
11E8E149-C830-E94E-AF82-12DF17AE4E1E,2014-ncaa-d1-natl,ncaa,16,5,59,12,73,85,108,29,302,122,52,301,99,77,243,146,47,16,333,13,46,20,33,296,301,234,108,142,79,3,33,47,197,14,89,177,250,91,21,123,59,74,37,43,,,274,174,,,16,64,113,142,96,150,24,172,86,123,89,57,13,10,13,21,3,56,5,230,55,74,40,,211,,,15,33,18,216,2,37,264,2,46,121,8,84,236,278,46,279,217,238,293,2,4,2,232,87,321,308,197,327,33,332,89,17,93,24,35,6,42,12,172,92,,,31,114,,,16,281,128,3,19,16,7,126,14,211,32,76,202,234,233,152,260,286,297,300,10,35,30,131,,33,,,b'\x11\xe8\xe1I\xc80\xe9N\xaf\x82\x12\xdf\x17\xaeN\x1e'
11E8E149-C830-E94E-AF82-12DF17AE4E1E,2014-ncaa-d1-ncaatournament,ncaa,33,2,33,33,34,42,43,34,59,36,33,56,62,48,64,50,35,36,35,36,49,34,34,62,61,58,56,60,14,35,36,38,16,35,39,62,63,12,6,58,33,12,41,34,,,27,49,,,58,35,3,3,37,37,2,21,2,60,29,19,18,18,2,2,5,32,17,61,18,7,32,,53,,,58,28,21,16,54,25,13,60,18,20,36,33,27,29,41,29,57,22,29,54,58,53,36,27,45,4,16,35,36,30,39,19,33,35,8,27,23,32,43,52,,,45,60,,,58,30,56,46,57,60,53,35,55,28,36,36,56,55,54,48,59,13,63,62,47,4,42,60,,33,,,b'\x11\xe8\xe1I\xc80\xe9N\xaf\x82\x12\xdf\x17\xaeN\x1e'
11E8E149-C830-E94E-AF82-12DF17AE4E1E,2015-ncaa-d0-natl,ncaa,97,103,79,108,94,133,101,28,320,107,32,313,150,91,276,164,249,186,321,175,319,37,54,317,329,278,224,164,306,14,57,201,223,61,180,149,232,82,26,98,8,4,215,192,,,314,294,,,81,85,120,222,181,140,8,141,30,163,107,290,249,245,16,31,8,270,74,181,47,7,242,,293,,,80,98,65,83,98,71,95,109,114,134,111,151,278,314,25,314,328,123,269,99,120,12,281,133,321,204,223,332,57,320,180,100,184,8,4,8,26,12,305,209,,,144,298,,,81,272,213,15,79,48,22,14,30,31,79,87,250,291,292,28,212,147,326,291,62,5,23,291,,215,,,b'\x11\xe8\xe1I\xc80\xe9N\xaf\x82\x12\xdf\x17\xaeN\x1e'
11E8E149-C830-E94E-AF82-12DF17AE4E1E,2015-ncaa-d1-conf-MEAC,ncaa,2,1,8,2,10,3,1,1,6,4,4,4,4,2,7,5,12,11,10,11,13,3,6,5,7,1,10,5,13,2,4,7,3,4,4,2,6,1,1,1,1,1,6,3,,,9,12,,,1,6,2,5,1,1,1,1,1,3,2,12,10,10,1,1,1,4,2,1,1,1,4,,12,,,1,1,1,1,2,1,1,4,2,4,2,9,8,9,3,8,12,1,6,2,4,1,13,7,13,1,3,11,4,5,4,1,4,1,1,1,1,1,8,4,,,11,12,,,1,8,1,1,1,2,1,2,1,1,2,5,10,11,11,2,9,2,13,8,1,1,1,9,,10,,,b'\x11\xe8\xe1I\xc80\xe9N\xaf\x82\x12\xdf\x17\xaeN\x1e'
11E8E149-C830-E94E-AF82-12DF17AE4E1E,2015-ncaa-d1-natl,ncaa,106,103,97,110,118,164,128,31,327,125,37,322,154,102,278,160,265,212,322,204,322,40,60,322,333,284,222,164,308,14,61,230,227,73,190,174,239,68,28,102,11,6,232,200,,,307,294,,,96,109,121,217,195,150,9,145,32,163,110,290,253,247,18,34,8,275,76,188,49,7,242,,294,,,94,68,47,51,109,59,71,119,98,111,115,147,270,305,28,305,329,81,243,105,132,18,279,132,320,179,227,328,61,315,190,84,184,9,4,8,21,12,302,211,,,169,299,,,96,252,222,18,91,50,23,15,32,33,81,83,256,292,293,30,210,146,330,297,65,5,23,293,,213,,,b'\x11\xe8\xe1I\xc80\xe9N\xaf\x82\x12\xdf\x17\xaeN\x1e'
11E8E149-C830-E94E-AF82-12DF17AE4E1E,2016-ncaa-d0-natl,ncaa,177,204,114,198,127,191,185,84,307,127,63,289,283,202,340,252,144,90,306,84,169,82,93,325,324,298,279,290,87,109,234,197,261,155,301,269,319,165,103,257,102,127,162,181,,,339,334,,,214,91,63,67,232,221,64,132,58,297,208,139,73,71,57,63,117,245,169,298,159,98,171,,341,,,213,182,83,124,108,120,201,67,83,52,247,34,345,347,118,347,337,198,273,91,155,68,273,69,346,266,261,335,234,331,301,65,79,18,23,6,59,36,256,170,,,127,182,,,214,272,289,75,203,173,69,73,109,173,73,36,339,343,343,175,306,257,334,328,55,14,57,247,,120,,,b'\x11\xe8\xe1I\xc80\xe9N\xaf\x82\x12\xdf\x17\xaeN\x1e'
11E8E149-C830-E94E-AF82-12DF17AE4E1E,2016-ncaa-d1-conf-MEAC,ncaa,3,3,4,3,6,4,3,6,5,2,4,3,11,9,13,10,2,2,8,2,3,5,5,7,6,2,11,12,3,8,13,4,5,7,12,9,11,1,1,5,2,2,8,7,,,13,13,,,2,4,2,7,2,2,6,2,3,11,10,2,3,3,3,5,11,7,8,8,1,2,7,,13,,,2,5,3,4,5,4,5,4,2,2,2,2,13,13,7,13,13,7,10,4,6,2,10,2,13,5,5,11,13,11,12,1,1,1,1,1,1,1,3,3,,,3,3,,,2,10,5,2,2,4,2,3,6,5,2,2,12,12,12,5,10,5,12,11,1,1,1,3,,3,,,b'\x11\xe8\xe1I\xc80\xe9N\xaf\x82\x12\xdf\x17\xaeN\x1e'
11E8E149-C830-E94E-AF82-12DF17AE4E1E,2016-ncaa-d1-natl,ncaa,191,204,142,205,159,218,218,108,311,155,77,295,292,215,340,253,156,103,303,101,170,104,121,328,330,303,273,290,76,132,239,236,271,190,306,294,321,138,107,265,120,136,178,189,,,337,336,,,230,116,66,66,241,233,69,148,60,297,211,142,74,72,59,67,122,252,185,309,156,103,177,,343,,,230,157,65,89,122,102,173,73,74,38,249,33,341,344,120,344,338,168,251,105,168,76,272,68,346,243,271,328,239,317,306,46,83,22,26,8,44,37,248,172,,,147,180,,,230,248,299,84,220,181,80,75,120,175,78,37,340,344,344,178,304,261,334,331,58,17,60,253,,121,,,b'\x11\xe8\xe1I\xc80\xe9N\xaf\x82\x12\xdf\x17\xaeN\x1e'
11E8E149-C830-E94E-AF82-12DF17AE4E1E,2017-ncaa-d0-natl,ncaa,93,111,45,111,68,149,184,40,335,154,40,330,208,144,320,228,61,13,336,14,50,36,34,333,334,310,173,229,32,26,148,201,292,90,297,237,278,220,84,250,13,15,70,74,,,339,307,,,165,45,74,268,248,274,63,231,67,250,186,81,16,16,33,46,45,319,176,302,142,13,85,,315,,,165,187,141,181,122,169,226,104,109,97,170,68,301,326,56,324,288,216,307,105,123,19,198,91,303,296,292,345,148,345,297,118,147,2,4,7,141,58,338,293,,,23,76,,,165,306,294,27,169,68,48,36,79,103,59,39,251,280,273,54,251,228,343,326,69,3,84,325,,33,,,b'\x11\xe8\xe1I\xc80\xe9N\xaf\x82\x12\xdf\x17\xaeN\x1e'
11E8E149-C830-E94E-AF82-12DF17AE4E1E,2017-ncaa-d1-conf-MEAC,ncaa,2,2,1,2,2,1,3,1,6,4,3,5,4,2,10,2,2,1,11,2,2,1,3,6,5,4,6,8,5,3,6,10,8,7,10,4,8,6,1,2,1,1,4,4,,,13,12,,,2,1,4,5,2,4,2,4,6,4,2,2,1,2,1,5,5,12,12,4,2,1,6,,12,,,2,8,8,3,8,6,3,9,3,4,7,4,11,12,5,12,11,4,10,8,9,2,7,3,11,3,8,13,6,12,10,4,2,1,1,1,6,1,11,9,,,2,3,,,2,13,3,2,2,3,2,2,4,1,2,2,10,11,11,2,6,3,12,6,2,1,4,10,,2,,,b'\x11\xe8\xe1I\xc80\xe9N\xaf\x82\x12\xdf\x17\xaeN\x1e'
11E8E149-C830-E94E-AF82-12DF17AE4E1E,2017-ncaa-d1-natl,ncaa,104,111,56,111,90,181,214,52,337,181,47,332,224,156,319,225,69,17,337,19,54,42,38,334,337,312,172,228,31,35,163,249,298,119,301,265,282,196,85,255,19,18,75,76,,,335,308,,,178,55,79,270,266,284,66,238,75,251,189,83,18,18,38,47,44,325,194,306,148,16,86,,317,,,178,148,109,137,129,143,200,111,89,66,179,66,284,312,60,310,296,173,299,111,138,25,197,87,303,283,298,345,163,344,301,98,151,3,5,10,121,58,337,295,,,29,75,,,178,294,299,31,183,74,55,36,81,108,55,38,257,282,276,58,249,229,343,329,75,4,84,326,,35,,,b'\x11\xe8\xe1I\xc80\xe9N\xaf\x82\x12\xdf\x17\xaeN\x1e'
11E8E149-C830-E94E-AF82-12DF17AE4E1E,2017-ncaa-d1-ncaatournament,ncaa,33,2,33,33,33,63,63,40,63,63,45,63,59,39,63,20,63,51,64,48,45,40,35,63,64,64,41,31,51,40,44,61,51,55,60,61,37,32,57,63,17,2,61,61,,,29,51,,,63,35,5,6,63,63,13,63,30,53,13,63,45,42,17,3,11,61,54,61,61,1,61,,56,,,63,28,24,9,62,30,20,61,7,2,55,4,38,29,61,29,53,16,22,60,62,59,17,6,51,4,51,33,44,26,60,31,45,37,8,36,47,64,43,60,,,48,55,,,63,26,63,59,62,60,56,14,59,43,10,2,59,57,57,25,44,7,63,58,60,8,64,58,,37,,,b'\x11\xe8\xe1I\xc80\xe9N\xaf\x82\x12\xdf\x17\xaeN\x1e'
11E8E149-C830-E94E-AF82-12DF17AE4E1E,2018-ncaa-d0-natl,ncaa,118,129,73,131,93,127,147,76,276,122,72,253,210,150,294,219,68,31,293,32,82,61,57,289,287,254,205,244,63,70,189,256,286,168,296,125,115,175,89,137,4,4,180,184,,,285,204,,,127,68,78,203,181,192,98,146,100,229,176,82,32,33,66,78,91,323,248,147,125,3,208,,236,,,130,162,147,133,207,190,150,236,99,123,109,126,249,266,89,267,281,156,293,180,196,37,143,91,254,236,286,330,189,318,296,225,266,4,5,23,129,73,295,219,,,88,173,,,127,287,227,38,120,91,87,41,126,66,73,84,210,229,232,59,263,199,313,289,171,5,95,268,,131,,,b'\x11\xe8\xe1I\xc80\xe9N\xaf\x82\x12\xdf\x17\xaeN\x1e'
11E8E149-C830-E94E-AF82-12DF17AE4E1E,2018-ncaa-d1-conf-MEAC,ncaa,3,3,1,3,1,1,2,3,4,2,2,4,4,4,5,7,2,5,4,6,10,3,3,4,4,2,9,9,7,7,12,10,6,10,11,1,2,3,2,1,1,1,7,6,,,7,6,,,2,2,7,9,2,3,6,3,6,6,5,3,8,8,5,10,11,13,13,1,1,1,7,,6,,,3,5,5,4,7,7,4,11,6,7,5,7,7,6,11,6,7,4,10,8,7,4,4,5,7,5,6,11,12,10,11,9,9,1,1,3,2,3,9,5,,,5,8,,,2,12,2,4,3,4,5,2,4,2,4,4,5,4,4,1,4,3,8,4,6,1,2,6,,9,,,b'\x11\xe8\xe1I\xc80\xe9N\xaf\x82\x12\xdf\x17\xaeN\x1e'
11E8E149-C830-E94E-AF82-12DF17AE4E1E,2018-ncaa-d1-natl,ncaa,134,129,97,139,116,155,178,94,289,144,87,269,224,168,298,215,84,40,291,43,83,80,77,298,292,259,200,240,58,87,194,295,292,213,304,143,117,148,95,146,4,4,201,192,,,260,214,,,147,87,79,185,194,207,100,160,110,230,179,86,37,38,70,82,94,330,263,155,128,3,214,,238,,,148,134,122,86,226,167,114,251,82,95,114,123,233,253,100,255,284,106,276,191,210,42,136,90,256,210,292,323,194,310,304,213,265,7,5,25,112,77,286,229,,,124,175,,,147,272,236,44,138,99,97,44,140,72,74,85,214,234,238,60,260,199,314,291,177,7,96,275,,133,,,b'\x11\xe8\xe1I\xc80\xe9N\xaf\x82\x12\xdf\x17\xaeN\x1e'
11E8E149-C830-E94E-AF82-12DF17AE4E1E,2019-ncaa-d0-natl,ncaa,163,138,249,153,275,178,198,235,143,133,133,171,277,296,192,288,58,53,164,55,70,196,192,189,155,167,243,292,24,227,222,295,346,287,330,192,193,183,193,201,11,9,48,29,,,166,121,,,187,166,55,192,115,140,152,86,72,264,277,19,16,18,100,79,196,293,271,155,230,4,32,,246,,,188,166,138,150,148,83,105,120,261,234,262,261,209,188,251,194,244,152,238,189,201,86,304,281,223,344,346,147,222,292,330,312,346,29,24,137,186,189,245,221,,,192,176,,,187,173,176,178,188,247,211,248,131,166,301,281,255,243,246,264,332,349,232,330,330,10,225,276,,124,,,b'\x11\xe8\xe1I\xc80\xe9N\xaf\x82\x12\xdf\x17\xaeN\x1e'
11E8E149-C830-E94E-AF82-12DF17AE4E1E,2019-ncaa-d1-conf-Big South,ncaa,4,3,6,3,10,3,4,6,1,3,5,1,8,8,7,8,2,3,3,3,6,6,6,2,1,1,9,8,5,8,8,9,11,10,10,3,4,3,3,2,1,1,3,1,,,5,3,,,4,6,2,8,2,2,3,2,4,8,7,1,3,3,3,3,8,9,9,2,5,1,1,,6,,,4,7,6,5,5,1,2,6,11,11,9,10,5,5,7,4,6,6,9,7,6,4,11,11,6,11,11,4,8,8,10,10,11,1,2,5,3,4,6,7,,,8,7,,,4,5,3,7,4,8,7,8,4,4,11,11,5,6,4,9,11,11,5,10,10,1,4,9,,5,,,b'\x11\xe8\xe1I\xc80\xe9N\xaf\x82\x12\xdf\x17\xaeN\x1e'
11E8E149-C830-E94E-AF82-12DF17AE4E1E,2019-ncaa-d1-natl,ncaa,164,137,233,157,280,158,176,200,142,124,122,168,267,277,189,279,55,52,173,54,71,169,177,182,148,157,234,279,35,206,209,309,348,289,332,178,177,184,176,187,9,6,48,26,,,199,141,,,165,163,46,196,100,119,126,78,69,250,261,21,16,18,74,66,168,300,267,135,224,3,28,,264,,,165,163,124,133,148,86,107,130,256,234,266,253,224,225,212,227,259,159,258,193,211,78,298,273,243,344,348,176,209,307,332,307,343,20,18,106,173,162,234,211,,,196,193,,,165,183,160,165,168,247,200,219,133,157,293,273,267,261,266,259,334,349,248,333,331,6,207,260,,124,,,b'\x11\xe8\xe1I\xc80\xe9N\xaf\x82\x12\xdf\x17\xaeN\x1e'
11E8E149-C830-E94E-AF82-12DF17AE4E1E,2020-ncaa-d0-natl,ncaa,104,81,191,102,243,196,217,210,224,194,145,266,223,255,103,250,68,73,141,77,115,191,217,237,198,174,148,205,42,199,219,300,296,279,294,211,187,106,131,157,14,13,274,246,,,228,252,,,146,211,150,273,187,208,189,197,121,211,241,61,74,74,151,180,194,312,280,211,128,11,285,,245,,,146,105,82,57,180,87,17,315,126,248,21,307,214,229,171,220,311,67,163,204,218,87,231,165,269,228,296,221,219,238,294,234,325,25,22,77,7,7,293,271,,,154,117,,,146,138,184,102,146,116,101,48,100,13,147,266,227,241,237,61,206,246,246,262,248,24,9,303,,128,,,b'\x11\xe8\xe1I\xc80\xe9N\xaf\x82\x12\xdf\x17\xaeN\x1e'
11E8E149-C830-E94E-AF82-12DF17AE4E1E,2020-ncaa-d1-conf-Big South,ncaa,3,3,7,3,9,4,5,7,6,5,5,8,6,8,3,8,1,2,4,2,4,5,8,6,4,2,5,7,1,9,9,11,8,10,9,3,4,2,2,2,2,2,9,9,,,5,7,,,5,8,6,7,4,3,5,4,5,6,7,1,2,2,3,5,8,10,8,3,2,2,9,,7,,,5,4,4,3,7,5,1,11,4,6,3,8,5,5,5,5,7,3,4,8,8,4,4,4,6,7,8,6,9,6,9,7,10,2,2,4,2,2,11,11,,,2,4,,,5,5,3,4,5,5,5,4,7,2,4,8,5,7,7,4,6,8,7,6,9,2,2,11,,2,,,b'\x11\xe8\xe1I\xc80\xe9N\xaf\x82\x12\xdf\x17\xaeN\x1e'
11E8E149-C830-E94E-AF82-12DF17AE4E1E,2020-ncaa-d1-natl,ncaa,114,81,257,107,302,230,252,254,236,226,177,277,234,264,109,250,83,92,141,94,112,235,269,241,208,184,147,206,41,221,227,326,303,311,298,246,188,86,134,165,24,17,288,250,,,201,258,,,162,268,153,273,195,225,199,211,126,212,245,63,75,70,161,188,198,315,287,220,127,15,284,,254,,,161,84,66,33,195,74,9,318,116,222,24,305,202,208,175,202,311,38,108,211,229,95,231,162,267,207,303,188,227,208,298,227,324,35,26,87,5,7,287,276,,,189,110,,,162,83,194,114,161,129,108,51,109,16,149,267,230,244,239,66,206,249,253,264,254,29,10,305,,133,,,b'\x11\xe8\xe1I\xc80\xe9N\xaf\x82\x12\xdf\x17\xaeN\x1e'
11E8E149-C830-E94E-AF82-12DF17AE4E1E,2021-ncaa-d0-natl,ncaa,290,165,304,282,308,315,319,300,334,315,290,334,309,308,277,267,298,276,317,275,171,301,309,335,335,314,168,222,63,277,248,316,204,314,310,307,125,19,70,175,230,45,329,300,,,56,323,,,244,311,189,218,308,311,123,280,75,267,251,187,100,100,113,163,104,311,259,248,78,53,321,,306,,,267,31,27,22,259,24,19,242,53,38,286,191,62,79,33,73,327,25,31,278,283,148,283,210,283,25,204,72,248,52,310,44,297,245,17,81,27,101,82,176,,,296,105,,,244,34,312,124,270,121,85,14,69,27,173,105,259,289,283,31,102,89,335,313,202,24,108,235,,107,,,b'\x11\xe8\xe1I\xc80\xe9N\xaf\x82\x12\xdf\x17\xaeN\x1e'
11E8E149-C830-E94E-AF82-12DF17AE4E1E,2021-ncaa-d1-conf-Big South,ncaa,10,5,11,9,11,11,11,11,11,11,11,11,11,11,6,9,10,10,11,10,5,11,11,10,10,10,8,7,2,10,8,11,6,11,11,11,3,1,1,4,7,2,11,8,,,2,11,,,6,11,7,7,9,9,3,7,1,8,8,6,2,2,3,3,5,10,9,7,2,2,10,,11,,,6,1,1,1,9,1,1,9,1,1,9,7,3,4,1,4,11,1,1,9,10,4,11,7,11,1,6,1,8,1,11,2,10,9,2,3,1,2,1,4,,,11,4,,,6,1,9,5,8,4,2,2,3,1,6,4,10,11,11,3,4,2,11,11,5,2,2,6,,3,,,b'\x11\xe8\xe1I\xc80\xe9N\xaf\x82\x12\xdf\x17\xaeN\x1e'
11E8E149-C830-E94E-AF82-12DF17AE4E1E,2021-ncaa-d1-natl,ncaa,296,165,307,287,311,317,320,305,336,318,295,336,312,311,281,266,302,285,319,283,171,305,311,338,336,316,164,223,65,289,253,319,213,316,314,310,130,18,72,178,240,51,329,303,,,53,323,,,252,313,192,218,312,314,133,286,77,268,252,189,100,99,116,168,108,312,268,257,77,56,320,,306,,,277,29,26,21,264,23,19,249,50,33,290,187,57,72,34,66,327,24,28,282,287,158,280,207,284,24,213,67,253,49,314,43,296,258,17,85,26,103,73,179,,,301,105,,,252,31,314,133,279,128,88,14,73,25,179,105,262,293,289,32,101,93,336,316,208,27,109,240,,106,,,b'\x11\xe8\xe1I\xc80\xe9N\xaf\x82\x12\xdf\x17\xaeN\x1e'
11E8E149-C830-E94E-AF82-12DF17AE4E1E,2022-ncaa-d0-natl,ncaa,199,210,163,214,188,231,236,198,278,160,78,317,328,332,271,340,100,54,325,48,89,168,177,314,311,278,302,337,30,180,235,257,142,241,257,278,290,151,149,254,94,67,308,285,,,256,287,,,255,176,153,175,262,275,228,140,45,337,340,80,35,30,163,169,175,304,278,301,156,88,316,,257,,,251,162,125,85,260,88,41,317,252,256,181,327,235,248,160,246,331,94,152,289,293,207,306,274,258,63,142,265,235,187,257,202,279,57,30,88,100,101,314,273,,,61,20,,,255,179,279,162,251,166,122,44,87,15,256,272,236,250,247,52,138,63,290,204,207,43,108,327,,30,,,b'\x11\xe8\xe1I\xc80\xe9N\xaf\x82\x12\xdf\x17\xaeN\x1e'
11E8E149-C830-E94E-AF82-12DF17AE4E1E,2022-ncaa-d1-conf-Big South,ncaa,7,7,7,7,8,9,8,7,8,6,1,12,12,12,4,12,5,3,9,3,7,7,7,9,10,9,12,12,2,7,8,12,8,11,11,10,9,3,5,8,2,2,9,9,,,9,12,,,7,8,8,3,7,6,5,4,1,12,12,5,2,2,4,4,6,12,11,9,5,2,9,,11,,,7,4,3,1,10,2,1,9,8,6,9,9,9,9,9,9,12,1,3,10,11,7,12,9,11,3,8,9,8,7,11,5,10,5,1,5,4,3,12,10,,,3,1,,,7,3,9,7,7,6,4,2,3,1,9,8,11,10,10,2,5,4,10,7,8,4,4,12,,2,,,b'\x11\xe8\xe1I\xc80\xe9N\xaf\x82\x12\xdf\x17\xaeN\x1e'
11E8E149-C830-E94E-AF82-12DF17AE4E1E,2022-ncaa-d1-natl,ncaa,219,209,213,225,236,269,276,247,292,190,93,322,337,337,283,339,118,62,325,57,85,208,228,321,316,287,299,338,25,216,244,295,148,283,274,296,295,121,156,269,118,78,324,292,,,230,288,,,270,230,160,171,282,293,238,152,50,338,340,87,35,31,172,177,186,311,292,310,164,97,326,,267,,,269,132,99,51,275,73,24,326,229,238,198,327,218,224,170,221,333,55,100,302,307,227,303,275,257,43,148,244,244,149,274,190,281,79,34,107,81,106,312,282,,,82,15,,,270,126,289,182,267,180,137,44,98,16,266,275,241,257,252,54,131,62,294,205,221,53,112,328,,27,,,b'\x11\xe8\xe1I\xc80\xe9N\xaf\x82\x12\xdf\x17\xaeN\x1e'
11E8E149-C830-E94E-AF82-12DF17AE4E1E,2023-ncaa-d0-natl,ncaa,242,239,236,248,251,267,275,215,307,193,86,324,344,344,309,343,113,113,187,111,157,199,208,330,310,281,287,337,27,247,292,354,360,348,359,280,233,127,150,242,23,9,272,238,,,270,294,,,275,197,81,106,263,269,152,164,38,341,342,77,62,61,117,125,226,360,356,271,183,11,266,,321,,,273,145,78,42,287,79,46,273,151,100,300,170,277,293,87,291,337,63,186,303,308,106,283,186,306,294,360,293,292,313,359,207,303,14,4,26,70,100,283,230,,,115,58,,,275,159,306,151,270,221,151,44,139,53,203,137,299,315,315,82,310,328,342,341,249,4,114,307,,55,,,b'\x11\xe8\xe1I\xc80\xe9N\xaf\x82\x12\xdf\x17\xaeN\x1e'
11E8E149-C830-E94E-AF82-12DF17AE4E1E,2023-ncaa-d1-conf-CAA,ncaa,8,9,4,9,5,9,9,6,11,3,1,11,12,12,11,13,1,2,7,2,7,2,3,12,11,10,10,13,1,12,13,13,13,12,13,10,9,6,6,9,1,1,5,3,,,13,13,,,11,3,2,7,10,9,5,4,1,12,12,1,1,1,3,3,11,13,13,10,6,1,7,,13,,,11,11,5,3,13,5,4,12,9,5,10,8,13,13,6,13,13,4,12,13,13,5,11,7,13,10,13,13,13,13,13,13,12,1,1,1,6,6,9,7,,,1,1,,,11,11,12,4,10,11,6,2,5,2,8,6,13,13,13,3,12,10,13,12,12,1,6,11,,1,,,b'\x11\xe8\xe1I\xc80\xe9N\xaf\x82\x12\xdf\x17\xaeN\x1e'
11E8E149-C830-E94E-AF82-12DF17AE4E1E,2023-ncaa-d1-natl,ncaa,243,239,219,248,244,254,255,184,296,169,78,304,342,342,319,339,125,118,217,108,175,173,189,321,310,277,308,337,40,222,275,358,358,346,359,264,231,121,137,229,11,9,280,243,,,278,289,,,252,179,75,103,244,242,115,125,32,340,338,85,68,64,100,99,195,360,353,254,178,6,275,,319,,,254,127,73,24,297,74,33,283,157,103,289,182,268,289,67,282,340,38,201,300,306,89,276,191,302,283,358,302,275,310,359,209,299,9,4,18,72,84,287,225,,,118,67,,,252,172,288,117,255,196,128,36,123,47,197,134,290,310,305,61,311,312,341,333,242,4,110,306,,61,,,b'\x11\xe8\xe1I\xc80\xe9N\xaf\x82\x12\xdf\x17\xaeN\x1e'
11E8E149-C830-E94E-AF82-12DF17AE4E1E,2024-ncaa-d0-natl,ncaa,351,348,258,353,289,327,336,258,356,257,105,358,356,351,354,350,155,87,333,85,135,227,216,358,356,351,312,354,17,255,314,314,341,308,357,347,332,237,261,344,92,77,104,48,,,293,320,,,339,205,66,263,341,345,226,236,46,356,350,103,43,42,166,106,216,312,301,352,291,62,86,,336,,,338,168,81,85,172,52,44,210,199,215,176,265,331,327,253,326,351,119,174,195,255,159,342,226,344,271,341,334,314,328,357,210,320,67,49,109,203,232,176,128,,,164,102,,,339,146,351,216,336,254,137,137,89,56,264,274,345,338,339,228,302,327,355,352,275,29,255,219,,79,,,b'\x11\xe8\xe1I\xc80\xe9N\xaf\x82\x12\xdf\x17\xaeN\x1e'
11E8E149-C830-E94E-AF82-12DF17AE4E1E,2024-ncaa-d1-conf-CAA,ncaa,13,12,7,13,9,11,11,8,12,7,2,12,14,14,13,14,3,2,12,2,5,6,8,12,12,11,13,14,1,10,14,12,13,13,14,13,13,4,3,12,1,2,3,2,,,13,13,,,13,6,2,9,10,11,5,5,1,14,14,2,1,1,3,5,10,12,13,13,4,1,3,,14,,,13,13,9,4,12,5,4,10,13,10,12,9,14,14,10,14,14,10,11,13,13,12,14,9,14,13,13,14,14,14,14,12,12,2,5,6,6,6,8,2,,,4,3,,,13,9,12,12,13,13,11,6,5,6,12,10,14,14,14,13,14,13,14,14,12,1,8,9,,2,,,b'\x11\xe8\xe1I\xc80\xe9N\xaf\x82\x12\xdf\x17\xaeN\x1e'
11E8E149-C830-E94E-AF82-12DF17AE4E1E,2024-ncaa-d1-natl,ncaa,357,350,320,357,341,347,355,315,358,302,134,361,358,357,355,354,176,106,337,102,138,283,276,360,359,355,313,354,13,292,323,337,346,339,359,360,335,205,267,350,115,86,117,54,,,276,323,,,345,263,70,264,347,352,238,254,50,358,354,106,46,46,179,117,232,319,315,357,291,70,92,,338,,,347,133,50,47,192,35,22,222,186,186,195,264,327,319,262,318,354,73,115,217,265,186,345,225,345,263,346,316,323,311,359,198,324,89,59,130,176,240,164,136,,,196,98,,,345,91,356,237,347,264,155,142,104,60,265,277,348,344,344,237,301,332,357,355,280,36,260,227,,78,,,b'\x11\xe8\xe1I\xc80\xe9N\xaf\x82\x12\xdf\x17\xaeN\x1e'
11E8E149-C830-E94E-AF82-12DF17AE4E1E,2025-ncaa-d0-natl,genius_ncaa,312,323,194,321,203,272,250,180,307,186,113,299,311,273,338,287,266,192,349,194,250,180,185,331,336,325,313,304,188,175,240,325,345,286,352,240,185,160,192,233,76,58,239,266,,,187,184,,51,315,192,139,98,296,264,134,183,90,316,278,268,172,174,143,132,163,352,309,232,200,52,229,,222,,59,315,212,232,136,330,304,231,319,43,41,133,37,259,239,274,237,213,151,212,288,308,213,33,21,246,288,345,304,240,310,352,244,245,71,56,130,102,125,217,175,,,289,320,,230,315,178,322,250,312,262,277,150,327,273,47,47,279,265,262,172,285,306,341,339,282,46,138,247,,302,,231,b'\x11\xe8\xe1I\xc80\xe9N\xaf\x82\x12\xdf\x17\xaeN\x1e'
11E8E149-C830-E94E-AF82-12DF17AE4E1E,2025-ncaa-d1-conf-CAA,genius_ncaa,13,13,4,13,7,11,10,5,14,8,4,13,12,7,13,9,9,7,14,8,7,5,5,14,14,12,12,11,7,5,10,14,14,12,14,9,6,6,4,7,2,3,10,11,,,12,10,,2,13,5,4,10,12,13,2,10,3,13,7,10,6,6,2,2,5,14,13,9,5,2,10,,11,,2,13,13,13,8,14,13,9,12,7,5,11,2,14,10,13,11,9,10,13,13,14,12,6,4,10,13,14,14,10,14,14,14,12,3,4,10,4,3,12,11,,,11,12,,7,13,10,12,13,13,14,12,8,12,12,8,4,14,10,11,8,14,13,14,14,13,2,4,12,,10,,6,b'\x11\xe8\xe1I\xc80\xe9N\xaf\x82\x12\xdf\x17\xaeN\x1e'
11E8E149-C830-E94E-AF82-12DF17AE4E1E,2025-ncaa-d1-natl,genius_ncaa,319,323,244,323,259,311,288,224,315,221,141,310,323,284,340,286,285,214,349,215,250,223,240,336,339,329,312,303,183,207,255,346,349,316,353,269,193,137,196,252,89,67,253,273,,,165,189,,41,321,237,153,81,314,279,150,195,92,320,280,272,174,174,157,146,174,354,314,251,203,61,238,,228,,59,323,191,206,97,338,295,201,327,34,33,147,36,245,222,282,220,214,101,166,300,316,228,32,20,252,275,349,287,255,296,353,232,250,84,64,144,87,133,209,192,,,313,318,,235,321,132,330,264,319,274,289,157,334,278,55,47,285,271,268,178,283,311,342,340,288,50,137,253,,303,,232,b'\x11\xe8\xe1I\xc80\xe9N\xaf\x82\x12\xdf\x17\xaeN\x1e'
11E8E149-C830-E94E-AF82-12DF17AE4E1E,2026-ncaa-d0-natl,genius_ncaa,212,80,327,171,334,346,343,320,340,348,326,323,290,264,315,82,351,351,284,351,319,328,338,333,345,317,143,91,281,257,146,346,294,333,262,297,52,14,114,143,240,72,262,168,,,34,240,,47,211,344,234,97,294,276,73,290,174,177,68,324,309,307,126,162,81,313,216,162,123,73,156,,219,,136,224,5,12,15,213,39,27,275,2,13,9,101,13,24,17,25,160,12,16,159,116,91,11,17,112,44,294,40,146,32,262,50,313,293,82,182,70,253,15,99,,,356,321,,241,211,15,300,118,230,102,172,125,267,209,14,77,87,154,156,109,162,247,263,280,257,97,265,102,,303,,157,b'\x11\xe8\xe1I\xc80\xe9N\xaf\x82\x12\xdf\x17\xaeN\x1e'
11E8E149-C830-E94E-AF82-12DF17AE4E1E,2026-ncaa-d1-natl,genius_ncaa,110,80,177,113,197,227,197,144,268,184,161,248,171,136,261,133,310,293,298,286,325,165,208,265,300,228,222,136,319,117,120,293,302,236,249,165,123,47,53,79,98,66,92,73,,,150,196,,108,118,235,193,100,215,176,45,170,110,160,94,312,287,283,81,145,71,315,219,124,57,75,69,,185,,127,115,48,77,105,101,137,159,148,17,56,26,92,56,99,20,104,107,96,137,70,48,29,24,46,117,217,302,181,120,192,249,141,278,79,39,84,113,120,108,100,,,260,287,,149,118,128,208,41,111,45,82,107,172,203,21,67,66,111,119,90,197,248,226,248,165,48,131,131,,257,,139,b'\x11\xe8\xe1I\xc80\xe9N\xaf\x82\x12\xdf\x17\xaeN\x1e'
11E8E149-C835-B564-AF82-12DF17AE4E1E,2010-ncaa-d0-natl,ncaa,16,8,81,11,96,151,171,190,147,180,260,45,129,68,284,56,104,101,150,101,30,168,180,126,122,119,102,134,105,120,79,54,21,71,18,148,132,126,145,131,221,206,23,20,,,68,97,,,28,204,321,137,196,226,282,233,312,151,76,124,123,124,259,291,151,60,83,172,82,256,29,,35,,,25,9,18,134,7,53,195,19,18,71,5,88,41,60,63,55,48,104,118,4,4,6,47,52,172,62,21,100,79,70,18,1,3,173,129,7,85,111,18,40,,,115,69,,,28,135,94,8,21,3,5,35,31,116,8,35,28,41,39,19,14,27,48,22,1,222,75,14,,159,,,b'\x11\xe8\xe1I\xc85\xb5d\xaf\x82\x12\xdf\x17\xaeN\x1e'
11E8E149-C835-B564-AF82-12DF17AE4E1E,2010-ncaa-d1-conf-America East,ncaa,1,1,1,1,1,2,2,5,1,3,6,1,4,2,5,5,1,2,3,2,1,4,3,1,1,2,5,6,4,4,1,2,1,2,1,1,3,7,5,3,5,6,1,2,,,1,2,,,1,4,9,4,3,3,7,3,8,6,5,2,3,3,6,7,6,3,2,1,4,7,2,,1,,,1,1,1,6,1,2,8,1,1,1,1,1,1,1,2,1,1,2,5,1,1,1,1,1,5,2,1,1,1,1,1,1,1,3,2,1,6,4,1,1,,,2,3,,,1,6,2,1,1,1,1,1,2,4,1,1,1,1,1,1,1,1,1,1,1,3,3,1,,4,,,b'\x11\xe8\xe1I\xc85\xb5d\xaf\x82\x12\xdf\x17\xaeN\x1e'
11E8E149-C835-B564-AF82-12DF17AE4E1E,2010-ncaa-d1-natl,ncaa,17,8,91,12,105,162,184,205,152,191,279,48,132,72,285,55,113,111,151,111,30,180,204,132,125,122,102,136,101,128,81,60,22,79,19,157,134,110,145,136,236,211,24,21,,,55,97,,,28,228,321,137,202,229,281,236,315,152,76,126,125,125,261,292,151,63,86,176,84,259,30,,38,,,25,4,13,117,7,42,176,20,16,56,5,87,36,55,65,49,50,84,100,4,4,6,47,53,172,53,22,85,81,49,19,1,3,193,136,7,78,113,18,40,,,126,67,,,28,112,96,8,21,3,6,36,31,117,9,36,27,42,39,20,14,29,49,22,1,229,75,15,,158,,,b'\x11\xe8\xe1I\xc85\xb5d\xaf\x82\x12\xdf\x17\xaeN\x1e'
11E8E149-C835-B564-AF82-12DF17AE4E1E,2010-ncaa-d1-ncaatournament,ncaa,33,2,33,33,34,62,58,58,56,47,51,51,52,52,57,23,58,61,54,61,60,61,63,57,60,62,50,33,53,50,45,39,56,46,52,41,2,18,53,36,50,38,29,17,,,20,48,,,50,63,63,9,62,58,49,45,44,44,33,58,61,61,61,63,40,26,37,33,41,37,11,,48,,,54,2,2,10,4,9,23,4,2,2,3,2,40,35,45,34,48,19,15,3,7,11,33,4,63,30,56,13,45,28,52,2,13,50,43,13,10,31,19,41,,,62,60,,,50,2,60,25,54,12,4,19,23,52,2,2,62,59,59,41,32,60,42,60,5,44,21,37,,62,,,b'\x11\xe8\xe1I\xc85\xb5d\xaf\x82\x12\xdf\x17\xaeN\x1e'
11E8E149-C835-B564-AF82-12DF17AE4E1E,2011-ncaa-d0-natl,ncaa,137,175,43,163,54,189,199,159,236,247,213,270,73,88,73,73,240,253,144,246,217,174,189,191,197,190,53,40,240,232,290,179,253,203,300,146,77,109,146,125,223,242,314,323,,,163,147,,,177,166,322,138,283,284,287,312,300,95,130,296,307,301,308,324,294,283,317,199,59,274,324,,78,,,177,134,183,216,129,224,252,142,86,129,56,124,93,92,151,91,63,189,201,103,91,90,55,98,105,255,253,283,290,292,300,124,99,129,141,122,118,145,36,52,,,140,97,,,177,188,207,114,166,56,91,79,146,140,57,78,56,57,55,50,38,177,185,181,72,201,77,23,,241,,,b'\x11\xe8\xe1I\xc85\xb5d\xaf\x82\x12\xdf\x17\xaeN\x1e'
11E8E149-C835-B564-AF82-12DF17AE4E1E,2011-ncaa-d1-conf-America East,ncaa,1,2,1,2,1,2,2,4,2,4,5,2,3,3,1,2,3,5,4,4,4,4,4,1,1,2,2,2,6,7,8,5,5,6,7,2,1,3,4,2,4,4,8,8,,,5,5,,,2,3,9,4,2,3,8,6,8,3,4,5,6,6,9,9,9,7,9,2,2,4,8,,2,,,2,4,7,6,5,8,7,5,1,3,2,3,2,2,8,2,2,5,6,4,3,3,1,1,3,6,5,5,8,5,7,4,3,3,3,1,4,5,5,5,,,1,1,,,2,7,2,2,2,2,3,2,6,4,1,1,2,2,2,2,1,2,2,1,3,4,3,4,,3,,,b'\x11\xe8\xe1I\xc85\xb5d\xaf\x82\x12\xdf\x17\xaeN\x1e'
11E8E149-C835-B564-AF82-12DF17AE4E1E,2011-ncaa-d1-natl,ncaa,145,172,51,170,65,211,222,183,240,272,239,276,77,95,78,73,254,265,143,258,218,202,222,196,204,193,49,41,233,254,292,202,256,229,305,162,79,89,152,132,241,245,319,325,,,146,147,,,187,201,321,135,286,288,291,315,302,100,130,295,309,303,310,326,295,286,319,205,59,280,328,,77,,,186,115,166,192,136,210,236,150,76,113,59,119,86,79,156,78,61,162,174,109,96,101,52,98,104,244,256,268,292,276,305,109,96,151,150,131,105,147,33,52,,,158,95,,,187,158,211,121,174,60,94,80,148,146,58,78,57,58,56,53,38,178,189,183,74,209,78,22,,243,,,b'\x11\xe8\xe1I\xc85\xb5d\xaf\x82\x12\xdf\x17\xaeN\x1e'
11E8E149-C835-B564-AF82-12DF17AE4E1E,2011-ncaa-d1-ncaatournament,ncaa,33,2,33,33,34,62,53,53,55,49,53,41,55,47,58,13,61,62,60,60,60,57,64,58,61,58,61,42,61,61,62,59,51,61,63,50,32,2,16,28,42,31,56,56,,,4,19,,,60,61,58,3,62,52,49,47,49,51,24,61,62,60,56,64,60,58,61,48,3,32,56,,11,,,60,18,24,21,56,28,23,53,12,6,43,13,7,7,55,5,9,14,14,51,51,56,10,14,20,18,51,27,62,23,63,26,53,56,53,58,3,27,2,6,,,56,52,,,60,6,61,59,60,46,56,42,58,53,16,7,22,15,13,31,20,35,58,53,57,53,8,4,,56,,,b'\x11\xe8\xe1I\xc85\xb5d\xaf\x82\x12\xdf\x17\xaeN\x1e'
11E8E149-C835-B564-AF82-12DF17AE4E1E,2012-ncaa-d0-natl,ncaa,106,107,81,114,108,208,190,195,176,153,146,193,239,245,203,241,239,243,141,243,280,209,217,211,217,194,262,233,211,199,195,261,227,243,235,94,28,110,170,83,87,59,319,323,,,100,124,,,146,226,322,256,284,254,288,198,202,261,267,272,288,291,301,320,247,315,313,109,77,104,327,,48,,,146,60,86,87,164,168,164,183,24,42,28,48,116,91,255,91,96,77,119,110,120,80,29,30,199,144,227,148,195,143,235,51,68,127,72,51,78,122,3,3,,,210,167,,,146,118,195,86,149,31,38,21,123,91,10,26,90,60,64,15,20,101,88,77,40,159,61,2,,287,,,b'\x11\xe8\xe1I\xc85\xb5d\xaf\x82\x12\xdf\x17\xaeN\x1e'
11E8E149-C835-B564-AF82-12DF17AE4E1E,2012-ncaa-d1-conf-America East,ncaa,4,3,6,3,8,6,5,7,2,3,7,2,7,7,3,5,6,7,1,7,7,7,8,2,3,3,6,6,6,7,3,9,5,8,8,2,1,3,3,3,3,2,8,8,,,3,4,,,3,8,8,4,6,4,6,2,5,6,7,6,7,7,6,8,5,9,8,1,4,2,8,,3,,,3,1,2,1,7,5,2,8,1,2,4,2,2,1,4,1,1,1,2,7,7,3,1,2,3,1,5,1,3,1,8,1,2,4,2,2,2,3,1,1,,,7,7,,,3,2,4,3,3,3,3,1,7,3,1,2,2,1,1,1,2,2,3,1,1,4,2,1,,7,,,b'\x11\xe8\xe1I\xc85\xb5d\xaf\x82\x12\xdf\x17\xaeN\x1e'
11E8E149-C835-B564-AF82-12DF17AE4E1E,2012-ncaa-d1-natl,ncaa,112,107,90,116,126,234,212,224,179,171,169,201,248,255,202,240,255,267,141,267,279,239,257,222,220,202,255,233,207,220,201,284,231,271,244,106,29,96,171,87,97,63,326,326,,,82,122,,,153,259,323,255,289,264,292,207,207,260,269,272,291,294,303,320,250,317,315,116,77,111,327,,51,,,153,47,69,59,171,156,141,189,19,32,31,50,105,81,256,82,99,50,84,115,126,87,27,31,201,135,231,125,201,125,244,40,71,143,75,58,67,123,2,3,,,235,165,,,153,86,206,97,155,34,47,21,127,94,10,25,92,65,68,15,19,104,90,80,42,165,61,2,,286,,,b'\x11\xe8\xe1I\xc85\xb5d\xaf\x82\x12\xdf\x17\xaeN\x1e'
11E8E149-C835-B564-AF82-12DF17AE4E1E,2013-ncaa-d0-natl,ncaa,72,86,41,82,52,160,165,179,148,176,221,120,133,111,205,98,161,153,201,154,102,171,184,141,141,134,136,138,169,233,240,253,164,254,250,123,88,129,145,111,59,38,332,333,,,188,214,,,100,170,318,225,251,253,302,239,290,172,151,221,216,219,299,315,279,333,331,167,69,89,338,,115,,,101,75,120,88,228,195,182,199,49,36,204,50,65,78,102,72,84,67,161,193,178,61,35,74,117,94,164,214,240,165,250,76,83,32,12,28,160,173,69,101,,,84,33,,,100,177,148,54,95,25,51,7,96,62,26,13,41,46,46,4,24,44,102,62,39,62,111,42,,162,,,b'\x11\xe8\xe1I\xc85\xb5d\xaf\x82\x12\xdf\x17\xaeN\x1e'
11E8E149-C835-B564-AF82-12DF17AE4E1E,2013-ncaa-d1-conf-America East,ncaa,3,3,1,3,1,2,2,1,5,2,3,4,1,1,5,3,2,3,3,3,3,1,3,4,4,3,3,3,5,4,4,6,7,4,5,2,3,4,3,3,2,2,5,6,,,6,4,,,3,3,8,4,4,4,6,6,6,4,3,3,5,5,6,7,4,9,9,3,3,2,7,,4,,,3,3,4,3,6,6,6,4,2,1,8,1,3,4,3,4,3,3,8,6,3,2,1,2,4,5,7,7,4,7,5,3,2,1,1,1,4,2,4,3,,,2,6,,,3,7,3,2,3,2,2,1,4,3,1,1,2,3,3,1,1,3,3,2,1,1,2,3,,7,,,b'\x11\xe8\xe1I\xc85\xb5d\xaf\x82\x12\xdf\x17\xaeN\x1e'
11E8E149-C835-B564-AF82-12DF17AE4E1E,2013-ncaa-d1-natl,ncaa,77,86,49,85,59,174,179,203,155,196,242,124,143,118,208,98,171,164,200,168,99,197,214,143,144,139,132,135,165,246,245,274,169,280,257,132,88,114,148,116,67,40,333,334,,,172,218,,,109,189,317,223,254,260,304,244,290,170,151,221,215,218,300,317,282,336,334,173,69,95,337,,120,,,110,58,106,60,235,177,155,204,43,21,205,49,59,68,106,63,83,47,132,198,185,67,35,71,116,78,169,195,245,145,257,67,85,37,15,30,147,175,63,107,,,92,33,,,109,157,151,61,104,27,55,7,101,64,26,14,43,46,46,4,23,45,104,63,41,65,112,42,,160,,,b'\x11\xe8\xe1I\xc85\xb5d\xaf\x82\x12\xdf\x17\xaeN\x1e'
11E8E149-C835-B564-AF82-12DF17AE4E1E,2014-ncaa-d0-natl,ncaa,197,224,131,219,140,280,279,255,286,316,300,281,83,83,134,57,309,310,195,309,213,278,262,222,251,265,50,39,278,288,297,242,278,276,307,185,61,180,261,195,210,206,227,241,,,43,45,,,245,237,311,61,315,314,302,332,313,83,86,320,320,320,318,315,300,281,315,205,173,216,240,,35,,,239,95,132,157,146,169,180,164,109,135,101,162,72,54,283,49,44,119,137,137,131,112,78,145,100,245,278,208,297,230,307,163,195,147,118,150,247,294,18,55,,,260,186,,,245,116,286,143,241,73,130,130,176,175,105,123,65,48,45,77,88,237,207,241,160,157,237,14,,292,,,b'\x11\xe8\xe1I\xc85\xb5d\xaf\x82\x12\xdf\x17\xaeN\x1e'
11E8E149-C835-B564-AF82-12DF17AE4E1E,2014-ncaa-d1-conf-America East,ncaa,4,5,3,5,3,4,5,3,6,6,7,7,2,2,2,2,5,5,6,5,4,3,4,4,5,4,1,3,7,4,5,4,7,4,6,4,4,4,4,4,5,6,1,3,,,4,2,,,4,5,6,1,6,6,6,6,7,2,4,6,6,5,5,5,4,6,5,5,2,6,2,,3,,,4,6,5,8,6,5,9,5,3,5,4,4,3,3,3,3,2,8,6,4,4,3,4,5,4,6,7,8,5,8,6,5,4,5,6,5,3,4,2,2,,,5,6,,,4,6,5,4,4,5,5,6,5,6,4,4,3,4,2,5,7,6,7,7,6,5,4,2,,5,,,b'\x11\xe8\xe1I\xc85\xb5d\xaf\x82\x12\xdf\x17\xaeN\x1e'
11E8E149-C835-B564-AF82-12DF17AE4E1E,2014-ncaa-d1-natl,ncaa,211,223,145,224,158,300,299,277,290,324,311,286,90,90,134,57,317,316,194,316,213,300,293,228,255,269,50,39,279,298,300,265,283,294,311,207,63,163,264,200,222,209,243,246,,,34,46,,,253,274,312,60,316,316,309,333,314,86,87,322,321,321,320,318,304,285,317,210,175,219,243,,37,,,252,75,120,131,153,155,161,170,103,121,101,161,60,45,289,37,42,87,104,140,134,122,76,142,99,222,283,192,300,204,311,146,197,164,124,157,230,296,14,59,,,284,185,,,253,81,290,153,250,75,140,132,181,177,102,122,64,47,46,78,85,242,211,244,162,163,237,14,,292,,,b'\x11\xe8\xe1I\xc85\xb5d\xaf\x82\x12\xdf\x17\xaeN\x1e'
11E8E149-C835-B564-AF82-12DF17AE4E1E,2015-ncaa-d0-natl,ncaa,151,209,48,183,71,172,184,171,200,264,291,148,54,44,144,33,262,270,165,269,174,195,167,132,153,190,45,29,290,250,280,196,253,225,288,90,30,236,251,145,184,204,322,331,,,134,92,,,195,142,312,281,283,282,309,325,333,76,69,313,320,321,328,326,302,300,322,128,168,234,336,,62,,,195,175,236,228,196,251,184,279,136,256,8,256,95,91,179,91,91,209,223,167,140,138,66,124,91,238,253,243,280,252,288,284,275,128,144,215,269,272,18,42,,,97,58,,,195,209,220,141,197,74,120,78,162,65,82,206,55,50,53,46,45,156,123,130,203,201,208,14,,180,,,b'\x11\xe8\xe1I\xc85\xb5d\xaf\x82\x12\xdf\x17\xaeN\x1e'
11E8E149-C835-B564-AF82-12DF17AE4E1E,2015-ncaa-d1-conf-America East,ncaa,3,5,1,5,1,3,3,2,5,6,4,5,2,2,2,2,8,8,7,8,9,2,2,4,4,5,4,2,8,4,5,2,7,3,7,3,3,8,6,4,5,6,9,9,,,5,3,,,4,3,7,4,6,5,5,6,7,3,3,9,9,8,8,7,5,6,6,4,6,7,9,,2,,,4,6,8,8,4,8,8,7,8,9,1,8,4,5,2,5,3,8,8,3,2,4,4,7,2,8,7,7,5,7,7,8,8,4,5,6,8,5,3,3,,,3,6,,,4,7,4,4,4,4,5,7,6,3,2,9,1,2,2,4,4,8,5,6,7,6,5,3,,7,,,b'\x11\xe8\xe1I\xc85\xb5d\xaf\x82\x12\xdf\x17\xaeN\x1e'
11E8E149-C835-B564-AF82-12DF17AE4E1E,2015-ncaa-d1-natl,ncaa,169,207,55,188,88,203,215,216,211,294,318,159,64,54,144,33,277,289,168,287,171,235,215,136,157,195,44,30,292,277,286,224,260,266,297,105,30,224,256,151,207,220,326,332,,,101,93,,,212,177,314,282,289,291,313,330,333,74,70,316,321,322,329,328,307,305,325,133,165,245,335,,64,,,212,144,212,197,204,238,153,287,118,241,8,257,84,81,181,81,92,173,180,181,153,148,64,120,92,221,260,217,286,225,297,279,276,151,149,221,251,278,15,46,,,120,56,,,212,167,228,153,213,80,129,80,168,67,87,205,56,55,56,48,44,159,130,134,212,208,210,14,,182,,,b'\x11\xe8\xe1I\xc85\xb5d\xaf\x82\x12\xdf\x17\xaeN\x1e'
11E8E149-C835-B564-AF82-12DF17AE4E1E,2016-ncaa-d0-natl,ncaa,239,249,175,248,185,341,338,296,340,333,279,342,228,222,228,141,344,341,167,342,338,319,321,334,340,334,136,99,276,253,249,342,302,333,322,257,48,88,238,212,219,134,335,328,,,8,33,,,308,327,348,56,346,346,330,344,278,226,216,344,344,345,341,341,250,349,344,268,107,215,338,,8,,,302,50,105,32,306,97,30,300,182,118,302,267,4,3,292,3,21,16,24,311,295,226,104,267,9,88,302,146,249,114,322,238,315,183,70,224,268,328,161,243,,,323,246,,,308,22,334,244,313,59,132,22,127,24,204,136,5,4,4,7,5,107,161,133,251,179,267,171,,331,,,b'\x11\xe8\xe1I\xc85\xb5d\xaf\x82\x12\xdf\x17\xaeN\x1e'
11E8E149-C835-B564-AF82-12DF17AE4E1E,2016-ncaa-d1-conf-America East,ncaa,6,6,5,6,5,9,9,8,7,8,7,8,5,4,5,4,8,8,7,8,6,8,9,8,9,8,3,3,6,5,5,9,7,9,8,5,2,4,7,6,5,2,9,9,,,1,4,,,7,9,9,2,9,9,7,8,7,5,4,8,7,7,8,7,3,9,9,6,5,4,9,,2,,,7,4,5,1,9,3,1,9,7,5,9,7,1,1,9,1,4,1,1,9,9,8,5,7,1,2,7,4,5,3,8,5,7,4,2,4,7,7,8,9,,,8,5,,,7,1,7,6,7,5,6,2,4,2,7,6,2,2,2,2,2,3,6,4,7,2,7,8,,7,,,b'\x11\xe8\xe1I\xc85\xb5d\xaf\x82\x12\xdf\x17\xaeN\x1e'
11E8E149-C835-B564-AF82-12DF17AE4E1E,2016-ncaa-d1-natl,ncaa,256,249,218,256,229,346,346,329,344,344,299,345,241,241,232,140,345,344,167,344,335,340,344,338,341,337,133,97,274,276,256,349,311,346,328,280,53,59,244,221,248,149,340,331,,,5,35,,,311,347,348,52,348,347,333,346,284,227,218,344,344,345,341,343,260,349,346,276,107,225,339,,9,,,312,26,82,12,313,81,18,307,167,87,310,264,4,3,293,3,22,1,6,317,304,239,103,263,9,72,311,118,256,76,328,222,315,220,73,235,244,334,150,250,,,337,242,,,311,3,336,256,321,67,144,23,138,24,205,135,5,4,4,8,5,109,166,140,258,188,274,180,,332,,,b'\x11\xe8\xe1I\xc85\xb5d\xaf\x82\x12\xdf\x17\xaeN\x1e'
11E8E149-C835-B564-AF82-12DF17AE4E1E,2017-ncaa-d0-natl,ncaa,136,126,116,139,116,120,96,88,139,115,99,193,113,152,54,177,236,249,159,261,323,109,138,125,147,123,198,131,293,193,259,307,272,271,316,90,105,90,69,71,8,4,210,149,,,228,205,,,125,126,172,11,121,95,67,115,96,112,157,270,277,291,110,164,209,336,323,89,75,5,224,,220,,,126,189,167,90,290,118,21,329,280,288,200,329,141,176,104,176,283,91,210,319,309,145,288,297,140,135,272,296,259,248,316,305,335,16,10,80,161,135,163,114,,,267,324,,,125,226,138,125,121,163,148,40,88,5,280,295,127,151,151,45,196,121,276,229,300,7,146,163,,312,,,b'\x11\xe8\xe1I\xc85\xb5d\xaf\x82\x12\xdf\x17\xaeN\x1e'
11E8E149-C835-B564-AF82-12DF17AE4E1E,2017-ncaa-d1-conf-America East,ncaa,5,6,3,6,3,2,2,2,4,2,2,4,4,4,4,6,6,7,3,7,8,2,2,4,4,2,6,6,7,3,5,9,8,5,7,3,5,4,2,1,1,1,6,6,,,8,8,,,4,2,3,1,2,2,1,2,2,4,6,6,7,7,1,2,2,9,8,2,3,1,7,,8,,,4,7,8,2,7,4,1,8,8,8,7,8,7,7,1,7,8,3,8,9,8,6,7,8,5,5,8,8,5,7,7,8,7,2,1,4,4,2,2,3,,,7,9,,,4,8,4,6,4,8,6,3,4,1,8,8,6,8,8,3,6,4,7,7,7,2,3,2,,7,,,b'\x11\xe8\xe1I\xc85\xb5d\xaf\x82\x12\xdf\x17\xaeN\x1e'
11E8E149-C835-B564-AF82-12DF17AE4E1E,2017-ncaa-d1-natl,ncaa,143,126,144,146,144,148,124,109,145,140,125,201,125,168,58,174,270,274,154,284,321,142,178,132,156,130,196,132,293,214,265,331,277,311,320,108,110,67,70,75,11,6,225,155,,,208,208,,,137,171,178,11,130,105,71,123,103,114,161,274,280,295,113,169,219,337,328,95,78,5,226,,219,,,138,151,141,49,303,93,10,333,273,275,210,329,132,153,106,151,287,42,171,328,321,160,289,298,138,110,277,277,265,223,320,294,334,22,11,90,138,143,147,123,,,299,322,,,137,186,147,137,131,172,152,40,89,5,285,295,133,151,153,45,192,121,285,230,304,10,146,165,,312,,,b'\x11\xe8\xe1I\xc85\xb5d\xaf\x82\x12\xdf\x17\xaeN\x1e'
11E8E149-C835-B564-AF82-12DF17AE4E1E,2018-ncaa-d0-natl,ncaa,99,112,73,110,94,121,124,104,172,119,124,147,144,115,230,142,162,172,164,176,222,105,108,176,182,160,197,169,203,137,206,306,299,260,307,106,120,172,138,122,5,3,331,317,,,231,190,,,103,103,181,231,173,159,140,144,171,174,138,208,212,221,157,188,178,344,330,126,123,5,335,,184,,,104,121,136,89,257,127,26,333,204,286,38,334,84,83,133,80,227,77,244,267,252,48,198,229,103,210,299,277,206,259,307,282,335,7,3,35,175,141,198,171,,,186,232,,,103,243,166,49,103,61,75,18,70,4,157,257,53,60,56,15,154,154,218,204,238,7,138,179,,235,,,b'\x11\xe8\xe1I\xc85\xb5d\xaf\x82\x12\xdf\x17\xaeN\x1e'
11E8E149-C835-B564-AF82-12DF17AE4E1E,2018-ncaa-d1-conf-America East,ncaa,3,5,1,5,2,2,2,1,2,2,2,4,3,3,3,6,4,4,7,4,8,1,1,3,3,3,6,6,8,2,5,9,9,7,9,2,5,6,3,2,1,1,7,7,,,8,6,,,3,1,2,5,3,3,2,2,3,3,6,6,5,5,2,2,3,9,9,3,3,1,8,,7,,,3,7,7,4,8,6,1,9,8,9,5,9,6,7,5,7,8,6,9,8,8,3,7,7,5,8,9,9,5,9,9,9,9,1,1,4,4,2,8,6,,,4,7,,,3,9,4,4,3,5,4,2,4,1,6,9,3,3,3,2,8,3,7,7,8,1,3,8,,6,,,b'\x11\xe8\xe1I\xc85\xb5d\xaf\x82\x12\xdf\x17\xaeN\x1e'
11E8E149-C835-B564-AF82-12DF17AE4E1E,2018-ncaa-d1-natl,ncaa,106,111,97,114,119,148,144,127,186,142,157,157,161,126,239,143,188,197,164,204,221,134,146,188,193,175,191,168,198,165,214,331,303,293,314,127,120,145,147,132,5,3,334,320,,,207,198,,,113,134,190,223,186,167,151,158,177,176,139,203,216,223,173,199,183,344,331,133,126,6,335,,185,,,113,91,113,55,270,100,12,337,182,273,40,334,68,70,136,67,228,36,209,283,263,57,190,228,98,185,303,252,214,241,314,272,335,9,3,44,155,150,188,177,,,216,226,,,113,212,177,62,116,66,86,18,75,5,162,254,56,64,61,15,147,159,225,211,244,8,143,187,,236,,,b'\x11\xe8\xe1I\xc85\xb5d\xaf\x82\x12\xdf\x17\xaeN\x1e'
11E8E149-C835-B564-AF82-12DF17AE4E1E,2019-ncaa-d0-natl,ncaa,54,73,26,70,36,94,80,46,200,96,83,161,82,53,232,106,218,197,255,193,267,56,51,187,209,196,190,120,302,83,189,285,344,199,329,157,292,244,136,196,1,2,291,274,,,278,162,,,69,44,175,226,185,146,104,168,195,123,92,295,287,284,146,171,155,351,338,243,131,2,318,,184,,,74,130,143,170,142,104,63,245,253,303,63,328,90,86,171,81,161,146,315,176,166,8,254,289,103,327,344,333,189,341,329,314,343,1,1,11,212,111,195,127,,,185,305,,,69,307,189,13,78,24,29,16,21,3,170,236,47,40,38,5,208,275,229,265,240,2,116,127,,305,,,b'\x11\xe8\xe1I\xc85\xb5d\xaf\x82\x12\xdf\x17\xaeN\x1e'
11E8E149-C835-B564-AF82-12DF17AE4E1E,2019-ncaa-d1-conf-America East,ncaa,2,2,1,2,1,2,1,1,3,1,1,2,3,3,7,4,4,4,8,2,8,1,1,3,3,2,8,7,8,3,6,7,9,5,8,4,8,3,2,3,1,1,7,7,,,9,4,,,2,1,1,6,2,1,1,1,1,4,4,6,6,5,1,1,5,9,7,4,2,1,8,,6,,,2,3,2,3,5,1,2,7,7,9,1,9,2,2,4,2,4,3,9,5,4,1,7,7,2,9,9,9,6,9,8,6,8,1,1,1,2,2,5,2,,,2,8,,,2,9,3,1,2,2,1,1,1,1,6,7,1,1,1,1,9,9,8,8,6,1,2,4,,5,,,b'\x11\xe8\xe1I\xc85\xb5d\xaf\x82\x12\xdf\x17\xaeN\x1e'
11E8E149-C835-B564-AF82-12DF17AE4E1E,2019-ncaa-d1-natl,ncaa,61,73,40,77,54,116,99,61,208,119,112,171,97,75,240,107,241,228,253,227,267,72,65,200,222,204,185,121,299,114,195,320,344,248,336,187,291,216,141,202,2,2,306,282,,,254,168,,,81,60,183,223,194,160,116,180,200,128,96,300,288,283,161,181,166,351,341,256,133,2,320,,184,,,84,93,112,115,157,84,33,260,239,294,69,328,81,72,178,71,162,95,303,196,176,12,253,288,100,315,344,324,195,335,336,303,344,1,1,19,192,116,183,143,,,223,304,,,81,293,203,17,87,29,31,17,23,3,175,236,48,40,39,5,205,280,235,271,250,2,117,137,,304,,,b'\x11\xe8\xe1I\xc85\xb5d\xaf\x82\x12\xdf\x17\xaeN\x1e'
11E8E149-C835-B564-AF82-12DF17AE4E1E,2020-ncaa-d0-natl,ncaa,350,351,191,351,243,336,343,271,348,316,216,347,294,259,328,224,260,228,289,218,173,269,214,345,344,347,187,219,78,109,124,219,301,166,225,329,244,316,339,343,319,326,231,230,,,293,311,,,335,253,215,273,345,347,294,321,208,297,256,261,203,197,285,175,91,195,132,335,326,316,226,,305,,,334,212,187,172,190,199,161,229,160,177,129,171,270,304,40,305,296,204,159,197,188,249,191,133,261,303,301,182,124,259,225,275,298,262,266,309,318,330,307,320,,,248,235,,,335,95,344,286,334,247,219,197,219,182,173,192,275,308,308,257,202,314,211,272,285,253,323,321,,236,,,b'\x11\xe8\xe1I\xc85\xb5d\xaf\x82\x12\xdf\x17\xaeN\x1e'
11E8E149-C835-B564-AF82-12DF17AE4E1E,2020-ncaa-d1-conf-America East,ncaa,9,9,9,9,9,8,8,8,9,8,7,4,6,6,9,4,5,4,9,4,2,7,6,8,8,9,6,6,4,5,4,8,7,5,5,8,5,7,8,8,6,6,6,6,,,9,9,,,9,6,1,6,5,7,6,7,6,6,4,4,2,2,5,2,3,3,4,6,9,6,6,,9,,,9,8,6,2,9,4,3,9,8,6,8,6,8,9,2,9,9,3,4,9,8,9,7,8,8,4,7,4,4,3,5,9,9,6,6,9,9,9,9,9,,,4,4,,,9,4,8,9,9,9,9,7,8,4,9,8,9,9,9,9,9,6,6,7,9,6,9,9,,3,,,b'\x11\xe8\xe1I\xc85\xb5d\xaf\x82\x12\xdf\x17\xaeN\x1e'
11E8E149-C835-B564-AF82-12DF17AE4E1E,2020-ncaa-d1-natl,ncaa,350,351,257,351,302,346,348,313,348,327,249,347,304,279,328,225,278,249,288,243,173,310,263,346,346,348,182,219,70,129,131,253,308,214,236,340,247,312,341,345,329,329,241,236,,,274,313,,,337,298,221,273,345,347,300,323,213,299,261,261,205,199,289,184,98,198,142,340,329,319,228,,305,,,337,190,167,132,201,179,139,236,141,161,132,166,256,294,45,296,296,164,102,205,197,265,187,128,261,299,308,158,131,229,236,261,299,281,280,313,311,333,305,323,,,268,234,,,337,51,346,297,337,256,230,200,226,186,171,190,280,313,316,261,201,316,220,278,292,262,324,321,,231,,,b'\x11\xe8\xe1I\xc85\xb5d\xaf\x82\x12\xdf\x17\xaeN\x1e'
11E8E149-C835-B564-AF82-12DF17AE4E1E,2021-ncaa-d0-natl,ncaa,318,104,329,310,330,333,333,330,321,333,331,316,326,325,329,122,334,334,271,334,302,330,330,319,325,335,203,159,248,329,258,330,145,329,221,335,331,21,326,339,330,264,309,168,,,15,209,,,274,330,180,224,328,320,263,308,234,262,184,324,316,317,300,209,225,141,187,339,322,265,167,,196,,,313,13,14,13,168,16,13,258,13,18,21,200,19,15,270,16,166,13,14,136,146,160,89,74,198,14,145,15,258,14,221,16,250,329,186,229,20,289,18,200,,,330,275,,,274,14,335,154,318,150,166,166,212,148,84,185,188,163,163,161,133,155,259,230,222,202,277,169,,282,,,b'\x11\xe8\xe1I\xc85\xb5d\xaf\x82\x12\xdf\x17\xaeN\x1e'
11E8E149-C835-B564-AF82-12DF17AE4E1E,2021-ncaa-d1-conf-America East,ncaa,9,7,8,10,8,8,8,8,9,8,8,8,7,6,10,3,8,8,6,8,8,8,8,8,10,10,4,3,6,8,7,8,5,8,7,9,9,4,10,10,8,8,8,6,,,3,9,,,9,8,2,1,9,7,4,7,7,4,3,7,7,7,7,2,5,2,4,9,10,8,7,,8,,,10,3,3,3,8,3,3,8,4,5,3,7,3,3,8,3,8,3,3,8,8,9,4,3,6,5,5,3,7,3,7,5,8,8,8,10,4,8,3,5,,,8,8,,,9,3,10,9,10,10,10,8,9,6,8,10,10,7,7,8,8,6,10,8,10,7,9,6,,8,,,b'\x11\xe8\xe1I\xc85\xb5d\xaf\x82\x12\xdf\x17\xaeN\x1e'
11E8E149-C835-B564-AF82-12DF17AE4E1E,2021-ncaa-d1-natl,ncaa,322,104,330,315,330,333,333,330,324,333,331,318,327,326,330,126,334,334,270,334,304,330,330,321,326,336,201,159,247,329,264,330,153,330,230,335,331,21,328,339,330,268,311,169,,,15,216,,,279,330,184,225,330,324,267,315,239,262,190,324,317,317,302,211,230,150,192,339,324,271,168,,195,,,319,13,14,13,178,16,13,261,13,17,22,196,18,15,269,16,168,13,14,140,155,170,87,73,200,14,153,15,264,13,230,15,250,330,195,239,19,294,18,210,,,330,275,,,279,14,336,171,323,155,173,169,220,150,85,184,191,164,164,165,134,157,260,229,225,206,278,173,,282,,,b'\x11\xe8\xe1I\xc85\xb5d\xaf\x82\x12\xdf\x17\xaeN\x1e'
11E8E149-C835-B564-AF82-12DF17AE4E1E,2022-ncaa-d0-natl,ncaa,326,351,112,336,125,274,256,189,318,286,249,320,129,105,208,74,330,312,338,312,306,226,131,283,318,341,109,53,333,194,238,199,323,203,299,239,177,354,351,339,208,254,230,272,,,201,109,,,350,125,124,123,333,330,284,336,291,139,123,348,337,337,305,173,219,268,270,278,348,227,252,,170,,,346,318,321,284,298,315,250,305,302,289,255,236,217,211,226,207,148,275,260,301,286,305,139,207,97,332,323,248,238,303,299,330,255,171,245,306,350,347,154,213,,,281,334,,,350,242,343,322,346,316,326,294,309,237,294,282,189,181,180,290,281,316,235,286,318,211,348,134,,327,,,b'\x11\xe8\xe1I\xc85\xb5d\xaf\x82\x12\xdf\x17\xaeN\x1e'
11E8E149-C835-B564-AF82-12DF17AE4E1E,2022-ncaa-d1-conf-America East,ncaa,8,10,4,9,4,7,7,7,6,8,9,6,4,3,4,2,10,9,7,8,8,7,4,5,7,9,2,2,8,10,9,7,10,7,10,5,4,10,10,7,8,8,7,8,,,9,5,,,10,2,2,1,8,7,8,9,9,4,2,9,8,8,9,2,10,4,7,5,10,8,7,,8,,,10,10,10,10,7,10,9,7,9,10,4,7,8,9,8,9,6,10,10,7,7,7,4,6,5,9,10,7,9,10,10,10,8,7,9,9,10,10,1,1,,,8,8,,,10,9,10,9,9,10,9,10,9,9,8,8,8,8,8,10,10,9,8,10,9,7,10,1,,8,,,b'\x11\xe8\xe1I\xc85\xb5d\xaf\x82\x12\xdf\x17\xaeN\x1e'
11E8E149-C835-B564-AF82-12DF17AE4E1E,2022-ncaa-d1-natl,ncaa,336,351,146,344,167,305,294,241,328,315,280,325,148,126,209,73,337,323,338,323,307,264,171,296,322,343,104,55,331,223,247,237,325,245,314,271,181,351,351,342,240,271,249,279,,,170,109,,,350,166,134,112,337,336,291,341,299,145,125,349,339,340,317,181,231,277,287,287,350,237,261,,173,,,348,315,318,269,305,306,229,314,296,278,264,236,197,193,231,191,149,261,235,312,300,316,139,206,98,325,325,228,247,285,314,325,260,213,253,311,349,351,145,220,,,303,332,,,350,206,345,336,348,320,333,296,319,238,300,284,198,188,186,292,278,319,242,292,326,218,349,148,,326,,,b'\x11\xe8\xe1I\xc85\xb5d\xaf\x82\x12\xdf\x17\xaeN\x1e'
11E8E149-C835-B564-AF82-12DF17AE4E1E,2023-ncaa-d0-natl,ncaa,360,352,345,360,352,360,360,334,361,361,340,361,316,167,360,57,359,355,346,355,330,347,350,361,361,361,100,97,211,336,355,355,358,357,360,358,315,62,244,350,316,288,284,258,,,30,75,,,361,347,150,291,361,361,186,361,280,273,75,355,347,348,253,235,293,339,347,358,222,251,246,,135,,,361,112,172,54,329,145,44,345,188,149,258,274,38,54,39,54,161,43,40,333,314,309,129,243,38,279,358,329,355,325,360,294,336,252,159,318,200,327,153,298,,,355,330,,,361,19,361,341,361,332,344,293,332,213,313,304,127,172,174,289,307,353,361,361,354,116,318,254,,331,,,b'\x11\xe8\xe1I\xc85\xb5d\xaf\x82\x12\xdf\x17\xaeN\x1e'
11E8E149-C835-B564-AF82-12DF17AE4E1E,2023-ncaa-d1-natl,ncaa,355,351,342,356,351,360,360,313,361,361,333,361,285,132,357,51,358,355,341,357,346,332,343,361,361,361,96,79,262,323,353,351,359,354,360,358,266,81,232,341,312,296,286,269,,,47,82,,,359,335,159,291,360,360,166,361,275,250,68,357,350,350,249,231,279,341,339,354,212,255,255,,141,,,361,149,201,84,311,173,68,321,205,174,233,256,50,70,49,73,143,64,69,312,292,284,124,233,43,319,359,348,353,348,360,305,334,209,150,302,242,329,164,278,,,351,335,,,359,30,361,327,360,310,330,291,316,217,294,287,120,162,167,281,303,355,361,361,350,116,317,237,,336,,,b'\x11\xe8\xe1I\xc85\xb5d\xaf\x82\x12\xdf\x17\xaeN\x1e'
11E8E149-C835-B564-AF82-12DF17AE4E1E,2024-ncaa-d3-conf-CCC,ncaa,7,6,7,7,9,8,9,8,9,9,8,9,3,3,4,3,6,5,7,5,1,8,9,9,9,8,1,2,2,6,4,7,5,7,7,9,7,4,6,7,3,2,4,2,,,9,10,,,6,9,5,10,8,9,5,9,7,3,2,4,4,4,5,6,4,7,6,9,7,2,3,,9,,,6,3,2,1,6,2,1,6,7,5,8,7,8,8,2,8,10,1,2,6,6,6,10,6,10,4,5,7,4,6,7,3,4,4,3,2,5,6,2,6,,,8,8,,,6,2,8,5,7,4,4,2,4,2,8,5,8,8,8,2,4,5,8,8,4,3,7,5,,7,,,b'\x11\xe8\xe1I\xc85\xb5d\xaf\x82\x12\xdf\x17\xaeN\x1e'
11E8E149-C835-B564-AF82-12DF17AE4E1E,2024-ncaa-d3-natl,ncaa,271,206,375,261,389,335,355,338,358,370,338,383,184,220,116,153,263,229,316,227,90,333,341,329,334,326,48,74,106,189,135,377,279,329,249,298,128,180,270,284,162,78,140,63,,,338,423,,,233,368,143,379,259,298,141,350,220,116,124,139,93,87,123,89,68,302,163,239,301,73,85,,423,,,237,56,37,26,245,31,31,177,117,52,366,168,251,307,42,302,409,31,48,255,277,158,350,248,373,114,279,111,135,101,249,87,269,154,49,82,158,237,113,213,,,300,207,,,233,52,297,163,245,189,136,71,127,118,232,131,362,401,400,134,257,242,317,294,198,41,280,197,,138,,,b'\x11\xe8\xe1I\xc85\xb5d\xaf\x82\x12\xdf\x17\xaeN\x1e'
11E8E149-C835-B564-AF82-12DF17AE4E1E,2025-ncaa-d3-conf-CNE,genius_ncaa,5,5,5,5,5,7,7,7,6,7,7,5,8,5,10,4,8,6,7,5,6,8,4,7,7,9,8,7,6,3,2,5,4,4,2,5,3,9,8,7,9,8,5,4,,,9,10,,9,6,7,6,6,8,8,6,7,6,7,5,7,7,6,8,3,1,5,2,5,8,9,5,,9,,9,6,6,2,3,5,2,1,4,4,6,6,6,9,9,9,9,9,5,4,5,6,6,10,7,10,4,4,2,2,2,2,3,5,9,7,7,8,7,3,3,,,4,4,,7,6,4,7,6,6,5,4,4,2,4,5,5,9,9,9,5,4,4,2,2,3,10,7,3,,4,,7,b'\x11\xe8\xe1I\xc85\xb5d\xaf\x82\x12\xdf\x17\xaeN\x1e'
11E8E149-C835-B564-AF82-12DF17AE4E1E,2025-ncaa-d3-natl,genius_ncaa,250,299,116,275,166,246,262,265,265,252,240,250,250,232,272,223,145,112,295,102,72,230,143,265,264,312,177,234,89,95,70,103,104,95,58,202,95,397,373,327,288,313,141,150,,,410,416,,294,293,165,220,258,304,315,347,291,301,274,252,147,113,104,307,160,94,106,81,229,370,328,164,,405,,296,288,277,128,170,132,121,192,87,218,176,279,142,414,406,379,406,404,252,220,148,248,269,385,167,415,166,104,140,70,134,58,210,270,255,296,245,286,259,107,128,,,67,62,,309,293,238,296,256,293,223,106,121,100,152,188,147,408,399,399,199,148,125,97,104,179,305,258,93,,62,,329,b'\x11\xe8\xe1I\xc85\xb5d\xaf\x82\x12\xdf\x17\xaeN\x1e'
11E8E149-C835-B564-AF82-12DF17AE4E1E,2026-ncaa-d3-conf-CNE,genius_ncaa,5,4,7,5,7,5,7,9,2,8,11,2,4,5,3,3,8,6,10,6,3,9,8,2,2,3,4,2,8,10,9,11,2,11,6,8,7,3,6,5,2,1,9,8,,,3,7,,4,5,7,4,1,2,3,6,5,8,1,3,4,3,3,6,6,9,10,11,4,6,1,8,,5,,7,5,4,4,1,10,3,3,7,6,1,11,2,3,2,8,2,5,1,2,11,11,8,8,9,4,1,2,2,9,1,6,4,5,4,1,4,1,2,8,10,,,11,10,,9,5,4,4,8,5,7,6,1,5,4,9,2,5,4,4,1,2,1,2,1,6,2,1,9,,10,,9,b'\x11\xe8\xe1I\xc85\xb5d\xaf\x82\x12\xdf\x17\xaeN\x1e'
11E8E149-C835-B564-AF82-12DF17AE4E1E,2026-ncaa-d3-natl,genius_ncaa,225,329,42,282,64,158,160,158,202,189,190,213,107,132,128,154,176,102,363,105,108,150,147,178,212,227,130,122,239,303,377,199,204,245,326,235,331,273,229,289,227,289,249,300,,,319,290,,324,317,114,343,113,305,301,373,316,351,174,226,288,215,223,364,378,387,377,397,347,163,332,304,,196,,289,305,354,367,303,376,321,297,303,393,305,410,262,187,142,340,147,64,285,280,395,390,377,271,363,46,213,204,313,377,289,326,321,132,167,228,275,228,172,368,379,,,82,68,,201,317,293,261,356,314,275,301,143,227,150,365,183,73,37,41,102,66,107,191,140,237,305,125,328,,185,,259,b'\x11\xe8\xe1I\xc85\xb5d\xaf\x82\x12\xdf\x17\xaeN\x1e'
11E8E149-C83A-59D4-AF82-12DF17AE4E1E,2010-ncaa-d0-natl,ncaa,86,36,241,53,246,149,128,204,48,174,237,75,63,114,16,76,281,320,38,317,302,234,269,35,37,38,108,51,322,262,203,250,297,265,251,107,109,36,91,43,254,238,27,19,,,44,66,,,97,260,221,43,66,57,109,130,202,34,75,273,315,313,156,216,242,219,245,48,74,230,16,,86,,,95,115,113,153,111,115,136,98,177,185,185,205,149,128,277,132,165,145,106,118,134,188,214,215,192,244,297,64,203,115,251,144,199,289,286,266,31,77,95,134,,,337,335,,,97,80,49,245,100,210,195,257,170,232,225,234,202,175,184,250,204,298,109,217,210,266,67,120,,331,,,b'\x11\xe8\xe1I\xc8:Y\xd4\xaf\x82\x12\xdf\x17\xaeN\x1e'
11E8E149-C83A-59D4-AF82-12DF17AE4E1E,2010-ncaa-d1-conf-Ivy League,ncaa,2,2,1,2,5,2,2,4,1,3,4,2,1,4,1,3,7,7,3,7,7,5,6,1,1,2,3,2,8,8,6,2,3,6,3,1,4,2,3,2,4,4,1,1,,,3,3,,,2,4,4,5,2,2,4,3,4,1,4,7,7,7,5,6,8,2,6,1,2,4,1,,3,,,2,3,4,7,3,5,6,3,4,4,2,4,4,4,4,4,3,7,4,2,2,3,4,5,4,3,3,3,6,3,3,3,2,5,5,5,2,2,3,2,,,8,7,,,2,5,2,4,2,3,4,7,5,6,4,4,4,4,4,7,4,3,3,3,3,5,2,3,,8,,,b'\x11\xe8\xe1I\xc8:Y\xd4\xaf\x82\x12\xdf\x17\xaeN\x1e'
11E8E149-C83A-59D4-AF82-12DF17AE4E1E,2010-ncaa-d1-natl,ncaa,89,36,276,56,282,160,139,218,49,186,255,82,67,118,15,77,292,325,38,324,304,254,295,37,39,39,108,51,323,277,208,275,301,285,254,112,112,24,93,44,266,245,28,19,,,36,70,,,100,289,225,43,68,59,114,135,205,36,73,272,314,312,159,224,246,225,251,50,75,232,16,,85,,,96,95,99,134,117,101,123,105,172,176,191,206,144,119,278,120,163,126,86,122,137,196,214,213,191,237,301,43,208,94,254,134,199,310,290,274,28,77,91,137,,,341,335,,,100,51,51,253,102,217,197,258,176,233,226,234,207,180,187,251,203,299,111,219,212,269,67,122,,332,,,b'\x11\xe8\xe1I\xc8:Y\xd4\xaf\x82\x12\xdf\x17\xaeN\x1e'
11E8E149-C83A-59D4-AF82-12DF17AE4E1E,2011-ncaa-d0-natl,ncaa,123,47,288,81,293,137,122,242,25,132,253,25,109,160,38,115,216,282,17,279,238,263,289,23,21,28,164,114,267,244,97,270,193,275,91,163,225,39,109,80,200,138,162,126,,,67,166,,,85,292,194,94,39,38,124,61,181,67,108,145,242,242,147,188,187,192,194,86,110,142,131,,158,,,77,95,85,57,211,62,52,148,209,149,311,215,121,104,245,98,195,54,42,230,238,256,265,263,173,98,193,9,97,13,91,155,251,280,221,256,30,74,94,149,,,323,311,,,85,48,28,260,84,215,194,183,150,147,281,224,193,176,172,180,151,184,38,75,241,224,72,148,,307,,,b'\x11\xe8\xe1I\xc8:Y\xd4\xaf\x82\x12\xdf\x17\xaeN\x1e'
11E8E149-C83A-59D4-AF82-12DF17AE4E1E,2011-ncaa-d1-conf-Ivy League,ncaa,2,2,1,2,1,1,2,2,2,2,4,1,3,4,2,5,1,1,1,1,2,1,4,2,2,2,5,6,4,5,4,5,6,7,5,3,8,2,2,2,4,5,4,4,,,6,5,,,2,2,5,1,1,2,2,2,4,3,4,1,1,1,1,4,5,5,7,3,2,4,4,,6,,,2,7,7,6,7,6,6,4,6,4,8,4,6,4,7,4,4,6,7,7,7,5,5,5,4,6,6,2,4,3,5,5,4,4,5,5,2,2,4,4,,,2,2,,,2,7,2,6,2,7,7,6,6,6,6,4,6,4,4,6,7,6,2,3,5,4,2,4,,2,,,b'\x11\xe8\xe1I\xc8:Y\xd4\xaf\x82\x12\xdf\x17\xaeN\x1e'
11E8E149-C83A-59D4-AF82-12DF17AE4E1E,2011-ncaa-d1-natl,ncaa,128,46,321,84,324,154,140,264,26,152,274,26,120,174,39,115,232,299,16,295,237,282,308,23,21,28,161,111,264,262,101,288,194,295,96,178,229,24,109,82,214,144,169,126,,,52,168,,,92,314,201,89,39,38,126,62,181,68,108,144,244,243,152,191,190,196,202,93,110,149,133,,160,,,83,74,72,40,216,49,41,153,198,133,313,212,110,88,247,84,194,36,24,236,244,264,265,261,173,81,194,4,101,5,96,141,251,295,226,262,22,77,85,157,,,333,311,,,92,28,28,268,91,219,200,186,154,152,283,225,196,176,171,184,150,185,37,76,249,229,74,158,,307,,,b'\x11\xe8\xe1I\xc8:Y\xd4\xaf\x82\x12\xdf\x17\xaeN\x1e'
11E8E149-C83A-59D4-AF82-12DF17AE4E1E,2012-ncaa-d0-natl,ncaa,123,87,163,107,221,134,138,195,78,178,266,35,87,75,193,49,167,253,8,252,170,210,222,63,50,59,89,86,202,151,75,132,55,147,37,135,140,106,167,119,257,244,188,196,,,11,13,,,138,251,234,262,109,109,176,156,280,80,54,160,261,266,207,233,138,84,103,105,142,260,186,,11,,,137,163,210,195,213,177,161,199,274,244,261,263,24,15,287,16,15,149,81,225,199,268,152,289,22,81,55,35,75,31,37,242,219,314,319,322,101,150,164,243,,,272,258,,,138,102,57,249,130,197,242,244,210,199,277,253,30,23,24,178,82,91,35,42,249,323,128,178,,284,,,b'\x11\xe8\xe1I\xc8:Y\xd4\xaf\x82\x12\xdf\x17\xaeN\x1e'
11E8E149-C83A-59D4-AF82-12DF17AE4E1E,2012-ncaa-d1-conf-Ivy League,ncaa,2,2,1,2,6,3,3,3,3,2,4,2,5,4,6,4,1,1,1,1,2,3,4,2,2,2,4,4,2,2,2,2,3,2,2,3,4,4,4,4,8,8,3,4,,,1,1,,,2,6,5,6,3,3,3,2,4,5,4,1,1,1,3,4,2,2,2,3,4,8,3,,1,,,2,5,5,6,5,6,6,2,5,5,6,5,1,1,6,1,1,6,3,3,3,5,3,6,1,3,3,3,2,2,2,5,4,8,7,7,1,3,8,8,,,1,2,,,2,3,2,4,2,5,5,6,6,6,5,5,1,1,1,6,3,3,3,2,5,8,1,8,,1,,,b'\x11\xe8\xe1I\xc8:Y\xd4\xaf\x82\x12\xdf\x17\xaeN\x1e'
11E8E149-C83A-59D4-AF82-12DF17AE4E1E,2012-ncaa-d1-natl,ncaa,128,86,196,109,263,154,169,224,81,196,291,36,96,81,192,49,181,277,8,278,170,240,260,67,51,63,89,85,195,172,78,147,60,163,39,153,142,93,168,121,271,249,199,201,,,5,13,,,147,284,239,262,115,115,184,164,284,81,55,164,264,270,218,235,145,85,109,111,143,267,188,,12,,,146,144,201,170,214,163,139,205,267,229,265,262,20,13,290,13,16,119,56,230,203,273,154,289,20,64,60,25,78,19,39,232,223,325,321,323,87,153,154,248,,,293,262,,,147,68,58,256,139,202,245,249,217,203,282,253,32,25,25,176,83,93,35,43,256,326,130,178,,283,,,b'\x11\xe8\xe1I\xc8:Y\xd4\xaf\x82\x12\xdf\x17\xaeN\x1e'
11E8E149-C83A-59D4-AF82-12DF17AE4E1E,2013-ncaa-d0-natl,ncaa,72,40,183,54,185,115,88,213,11,92,223,10,106,162,45,122,238,293,32,287,283,231,229,11,16,40,214,141,305,199,48,140,84,148,25,130,226,187,226,140,211,186,128,114,,,120,168,,,92,232,240,51,63,41,198,63,220,92,143,243,295,289,231,219,179,75,110,90,208,199,124,,143,,,88,155,122,157,128,87,124,103,237,210,243,237,203,167,281,160,196,154,102,156,180,250,286,267,220,100,84,7,48,11,25,204,275,309,315,307,163,200,69,102,,,276,277,,,92,107,36,246,91,192,158,189,112,140,268,237,231,202,195,195,114,122,13,25,227,310,181,82,,278,,,b'\x11\xe8\xe1I\xc8:Y\xd4\xaf\x82\x12\xdf\x17\xaeN\x1e'
11E8E149-C83A-59D4-AF82-12DF17AE4E1E,2013-ncaa-d1-conf-Ivy League,ncaa,2,2,1,2,3,2,2,3,2,2,5,1,5,3,5,3,3,5,1,5,3,4,3,2,2,2,6,6,6,2,1,2,2,2,2,3,5,5,5,5,6,6,3,3,,,6,6,,,2,3,3,3,2,2,3,2,5,5,3,3,5,5,4,3,2,2,2,3,5,6,3,,6,,,2,3,2,7,2,2,3,2,5,7,4,6,8,8,6,8,7,7,7,2,2,2,7,7,8,3,2,1,1,2,2,2,3,7,7,4,6,5,5,4,,,3,4,,,2,6,2,3,2,3,2,7,2,3,5,7,8,8,8,7,7,3,1,2,2,7,6,5,,3,,,b'\x11\xe8\xe1I\xc8:Y\xd4\xaf\x82\x12\xdf\x17\xaeN\x1e'
11E8E149-C83A-59D4-AF82-12DF17AE4E1E,2013-ncaa-d1-natl,ncaa,77,40,210,55,214,124,96,235,12,109,246,10,109,169,46,121,250,301,31,297,281,254,257,12,16,42,209,138,303,218,51,153,87,166,26,141,230,167,228,144,219,192,134,116,,,106,174,,,103,262,244,48,64,43,201,65,223,91,143,243,296,292,233,222,182,77,115,92,209,207,126,,144,,,100,138,108,136,140,79,95,110,230,202,243,236,197,157,283,150,197,127,72,159,187,258,283,266,222,84,87,3,51,7,26,198,277,319,318,312,151,204,63,108,,,289,274,,,103,79,36,251,102,199,162,192,113,142,266,237,234,204,197,201,113,122,13,26,230,314,182,82,,278,,,b'\x11\xe8\xe1I\xc8:Y\xd4\xaf\x82\x12\xdf\x17\xaeN\x1e'
11E8E149-C83A-59D4-AF82-12DF17AE4E1E,2014-ncaa-d0-natl,ncaa,61,27,180,45,252,130,112,179,53,134,199,64,100,141,51,119,225,255,90,252,252,196,176,56,63,87,155,108,281,98,28,109,121,94,29,156,211,222,230,191,243,239,132,117,,,69,68,,,86,215,172,343,75,58,122,112,179,87,120,225,254,252,158,130,69,49,31,125,255,235,123,,79,,,76,109,125,198,74,78,126,74,273,279,152,307,70,50,286,49,69,167,133,99,83,134,273,313,82,177,121,22,28,42,29,163,207,262,264,246,206,223,107,135,,,228,246,,,86,132,59,148,82,145,169,272,106,161,294,313,82,60,58,222,173,209,29,70,185,255,234,117,,217,,,b'\x11\xe8\xe1I\xc8:Y\xd4\xaf\x82\x12\xdf\x17\xaeN\x1e'
11E8E149-C83A-59D4-AF82-12DF17AE4E1E,2014-ncaa-d1-conf-Ivy League,ncaa,2,2,1,2,3,2,2,2,2,2,3,2,2,2,6,2,3,4,4,4,5,2,1,2,2,2,5,5,5,1,1,3,4,1,2,5,5,5,4,4,5,6,4,4,,,4,3,,,3,1,2,3,2,2,2,2,3,2,2,3,4,4,2,1,1,3,1,5,5,5,4,,4,,,3,5,4,7,3,3,5,3,6,7,2,7,6,4,8,4,3,8,8,3,3,4,6,6,5,7,4,2,1,4,2,5,5,6,8,5,4,3,6,4,,,3,5,,,3,7,2,5,3,5,4,7,3,5,6,7,6,4,4,8,8,7,2,4,5,6,4,6,,3,,,b'\x11\xe8\xe1I\xc8:Y\xd4\xaf\x82\x12\xdf\x17\xaeN\x1e'
11E8E149-C83A-59D4-AF82-12DF17AE4E1E,2014-ncaa-d1-natl,ncaa,67,27,211,46,305,152,131,202,54,156,216,65,109,146,50,117,241,268,91,267,250,223,207,57,63,92,153,106,284,114,27,128,125,109,30,174,215,206,237,194,256,244,140,118,,,52,69,,,92,250,178,345,81,61,127,119,181,92,120,228,256,256,162,136,72,55,36,134,255,240,126,,81,,,82,90,108,179,80,58,105,83,265,273,155,307,58,39,291,37,68,136,98,107,88,147,272,310,84,157,125,12,27,28,30,146,212,283,267,254,198,223,102,141,,,252,247,,,92,95,63,156,88,149,173,275,112,163,293,314,84,60,58,226,170,208,29,71,190,263,235,120,,219,,,b'\x11\xe8\xe1I\xc8:Y\xd4\xaf\x82\x12\xdf\x17\xaeN\x1e'
11E8E149-C83A-59D4-AF82-12DF17AE4E1E,2015-ncaa-d0-natl,ncaa,188,131,283,169,310,232,226,221,219,256,259,200,130,114,165,81,273,307,46,299,261,243,240,182,188,201,114,83,268,109,48,223,134,176,60,142,60,173,223,154,226,193,117,85,,,69,121,,,245,284,130,183,145,146,80,212,202,86,71,234,281,275,119,84,49,109,57,78,259,188,86,,133,,,251,152,163,125,238,94,67,231,304,268,305,308,85,66,270,53,118,103,62,274,264,307,287,314,90,83,134,44,48,44,60,252,297,305,287,317,269,302,18,28,,,314,318,,,245,61,160,299,250,290,296,292,203,155,331,320,151,125,113,276,197,169,128,142,320,271,317,30,,282,,,b'\x11\xe8\xe1I\xc8:Y\xd4\xaf\x82\x12\xdf\x17\xaeN\x1e'
11E8E149-C83A-59D4-AF82-12DF17AE4E1E,2015-ncaa-d1-conf-Ivy League,ncaa,3,3,1,3,8,2,2,1,4,2,2,3,2,1,5,2,4,4,3,4,4,1,1,4,4,4,5,2,4,1,1,4,7,2,2,3,5,6,6,4,5,6,3,3,,,5,4,,,5,2,2,8,2,2,1,2,2,2,1,4,4,4,1,1,1,4,2,3,6,5,3,,5,,,5,7,7,8,7,5,3,4,8,8,8,8,5,5,8,5,5,8,7,7,7,7,8,8,4,7,7,4,1,6,2,7,6,7,7,8,6,4,2,2,,,6,7,,,5,7,3,7,5,7,7,8,5,3,8,8,5,5,5,8,7,7,4,6,7,7,6,2,,6,,,b'\x11\xe8\xe1I\xc8:Y\xd4\xaf\x82\x12\xdf\x17\xaeN\x1e'
11E8E149-C83A-59D4-AF82-12DF17AE4E1E,2015-ncaa-d1-natl,ncaa,206,130,335,181,342,260,258,257,227,287,294,205,133,121,169,77,286,318,43,315,262,278,279,191,194,209,110,79,261,131,54,258,140,212,68,164,63,144,227,159,252,201,127,86,,,48,123,,,254,319,135,171,153,155,83,219,204,87,73,239,283,277,127,95,52,118,63,84,263,200,88,,136,,,265,122,139,87,249,73,47,241,299,252,308,304,76,53,271,49,119,61,26,279,274,311,288,313,91,61,140,23,54,22,68,237,299,320,290,321,251,306,15,32,,,333,316,,,254,30,171,306,268,294,298,296,217,157,330,319,156,126,117,280,197,175,136,148,320,274,320,29,,283,,,b'\x11\xe8\xe1I\xc8:Y\xd4\xaf\x82\x12\xdf\x17\xaeN\x1e'
11E8E149-C83A-59D4-AF82-12DF17AE4E1E,2016-ncaa-d0-natl,ncaa,177,137,287,164,294,210,214,224,203,271,305,162,93,76,174,42,257,238,268,223,107,238,277,152,177,140,63,46,247,129,95,280,174,218,127,150,71,21,57,62,245,199,289,277,,,108,230,,,188,311,238,93,127,142,98,234,257,51,35,214,188,180,106,154,63,202,113,81,62,207,282,,212,,,190,114,130,68,255,126,70,260,169,146,227,230,97,92,219,86,157,63,40,264,256,287,170,207,129,70,174,82,95,66,127,160,209,309,266,287,52,112,7,48,,,290,243,,,188,42,107,275,188,240,249,196,233,161,233,237,175,164,148,196,131,154,199,177,241,274,114,16,,226,,,b'\x11\xe8\xe1I\xc8:Y\xd4\xaf\x82\x12\xdf\x17\xaeN\x1e'
11E8E149-C83A-59D4-AF82-12DF17AE4E1E,2016-ncaa-d1-conf-Ivy League,ncaa,3,3,1,3,1,2,2,1,4,4,6,2,1,1,7,1,2,1,7,1,1,1,1,2,3,3,1,2,4,1,2,3,5,2,3,2,4,4,3,3,3,3,6,6,,,5,6,,,3,3,3,1,2,2,1,4,6,1,1,2,1,1,1,1,1,3,2,2,4,3,6,,5,,,3,6,5,6,4,5,5,3,7,7,4,7,4,5,2,5,5,6,7,4,4,3,8,6,4,7,5,6,2,7,3,8,7,3,4,5,4,3,1,2,,,1,4,,,3,7,3,4,3,6,5,6,5,5,7,7,4,5,5,6,7,7,6,7,8,3,4,1,,1,,,b'\x11\xe8\xe1I\xc8:Y\xd4\xaf\x82\x12\xdf\x17\xaeN\x1e'
11E8E149-C83A-59D4-AF82-12DF17AE4E1E,2016-ncaa-d1-natl,ncaa,191,137,337,169,340,241,251,264,213,296,324,174,105,85,172,44,275,260,267,252,104,273,313,163,184,145,58,47,245,152,100,311,184,259,136,182,71,16,60,65,270,210,295,280,,,87,233,,,198,338,242,87,135,155,102,237,259,52,37,216,187,178,108,161,66,213,118,91,67,221,282,,213,,,203,94,105,37,262,106,44,267,157,135,236,225,83,78,224,73,158,28,11,274,271,297,167,205,128,51,184,57,100,41,136,145,211,323,273,294,43,119,7,50,,,311,238,,,198,12,117,291,202,246,257,200,242,166,235,236,179,165,156,197,129,156,204,185,248,282,119,18,,231,,,b'\x11\xe8\xe1I\xc8:Y\xd4\xaf\x82\x12\xdf\x17\xaeN\x1e'
11E8E149-C83A-59D4-AF82-12DF17AE4E1E,2017-ncaa-d0-natl,ncaa,79,39,168,57,195,193,164,156,187,202,221,153,103,85,169,71,318,315,206,313,316,190,205,155,187,179,148,72,334,125,111,69,68,77,65,138,106,125,140,114,255,238,35,29,,,105,141,,,121,232,242,164,177,144,112,196,224,84,67,326,322,319,174,195,95,20,27,121,137,251,27,,128,,,119,63,60,191,22,107,234,23,59,101,45,94,172,160,259,152,116,176,123,15,22,82,138,96,246,130,68,158,111,150,65,96,203,316,315,261,139,148,86,118,,,313,330,,,121,115,158,88,118,72,82,224,116,270,63,116,185,169,163,209,105,152,174,173,115,323,151,97,,328,,,b'\x11\xe8\xe1I\xc8:Y\xd4\xaf\x82\x12\xdf\x17\xaeN\x1e'
11E8E149-C83A-59D4-AF82-12DF17AE4E1E,2017-ncaa-d1-conf-Ivy League,ncaa,3,3,3,3,4,4,4,3,8,7,6,6,3,1,8,1,6,6,4,6,5,3,3,8,8,8,3,3,4,2,3,4,5,3,4,4,2,5,4,4,7,7,2,3,,,7,7,,,5,3,5,4,7,6,2,7,6,3,1,6,6,6,3,4,2,2,2,4,4,7,2,,7,,,5,4,4,5,2,5,7,3,1,2,1,2,8,7,7,7,7,6,6,2,2,4,3,1,8,6,5,7,3,7,4,3,5,6,8,7,4,4,3,4,,,7,8,,,5,6,6,4,6,5,3,6,5,7,1,2,7,7,7,6,5,6,6,6,3,8,4,3,,8,,,b'\x11\xe8\xe1I\xc8:Y\xd4\xaf\x82\x12\xdf\x17\xaeN\x1e'
11E8E149-C83A-59D4-AF82-12DF17AE4E1E,2017-ncaa-d1-natl,ncaa,92,39,217,64,261,222,195,190,197,234,253,166,114,93,172,70,329,327,203,327,315,232,253,162,196,193,141,69,333,148,115,81,69,100,73,164,111,91,148,119,274,250,38,31,,,78,145,,,127,288,245,157,185,157,118,205,228,85,67,330,323,322,183,202,103,20,29,136,143,262,27,,126,,,124,40,37,152,24,83,207,24,43,72,49,91,152,135,262,128,117,133,63,18,26,95,136,93,247,106,69,125,115,109,73,81,207,334,319,268,118,156,77,127,,,332,329,,,127,56,165,100,124,78,85,227,122,269,61,113,191,173,162,209,104,155,180,178,118,328,152,101,,329,,,b'\x11\xe8\xe1I\xc8:Y\xd4\xaf\x82\x12\xdf\x17\xaeN\x1e'
11E8E149-C83A-59D4-AF82-12DF17AE4E1E,2018-ncaa-d0-natl,ncaa,118,74,242,101,294,161,146,186,102,231,291,91,48,48,68,36,325,327,178,330,301,224,252,67,86,93,69,29,337,98,42,145,146,127,57,109,85,93,156,95,216,181,89,48,,,68,132,,,123,287,239,346,98,81,105,205,274,29,29,321,326,327,155,171,59,85,47,63,151,195,64,,123,,,119,102,101,146,85,44,46,141,274,302,130,335,105,75,284,72,173,120,70,132,127,216,314,323,137,145,146,53,42,67,57,123,174,307,287,255,90,133,30,100,,,315,317,,,123,65,68,223,113,177,158,235,72,59,308,333,158,127,119,201,124,207,85,128,163,293,137,53,,309,,,b'\x11\xe8\xe1I\xc8:Y\xd4\xaf\x82\x12\xdf\x17\xaeN\x1e'
11E8E149-C83A-59D4-AF82-12DF17AE4E1E,2018-ncaa-d1-conf-Ivy League,ncaa,3,3,3,3,4,2,2,3,2,2,4,2,1,2,2,1,7,6,5,6,6,4,4,2,3,2,3,2,7,2,1,4,3,3,2,2,4,6,6,3,5,5,4,4,,,6,6,,,3,5,4,8,1,1,3,3,7,1,1,7,7,7,4,3,2,5,3,2,6,3,4,,7,,,3,6,4,4,4,3,3,4,7,7,5,6,8,7,6,7,7,4,4,4,5,5,7,7,7,4,3,1,1,3,2,5,5,5,5,5,4,5,2,2,,,6,8,,,3,4,2,4,3,4,3,4,3,3,6,5,6,5,7,4,4,3,2,2,5,6,5,2,,7,,,b'\x11\xe8\xe1I\xc8:Y\xd4\xaf\x82\x12\xdf\x17\xaeN\x1e'
11E8E149-C83A-59D4-AF82-12DF17AE4E1E,2018-ncaa-d1-natl,ncaa,134,74,315,103,337,199,176,227,108,258,304,99,55,57,72,35,332,335,183,336,303,269,298,72,91,101,68,29,337,118,45,186,153,170,68,130,87,79,160,100,237,193,101,48,,,41,135,,,142,335,244,346,104,90,107,216,275,30,30,321,328,329,170,178,64,89,58,70,155,201,70,,125,,,138,75,69,102,91,27,24,148,263,295,135,335,89,59,287,54,171,72,27,141,144,232,315,321,137,121,153,27,45,39,68,98,175,325,296,261,75,136,25,106,,,332,320,,,142,21,73,239,129,186,168,237,78,60,308,334,163,128,120,205,123,208,92,132,173,297,142,57,,313,,,b'\x11\xe8\xe1I\xc8:Y\xd4\xaf\x82\x12\xdf\x17\xaeN\x1e'
11E8E149-C83A-59D4-AF82-12DF17AE4E1E,2019-ncaa-d0-natl,ncaa,136,109,173,131,176,104,91,85,136,201,259,76,26,14,99,11,325,334,141,332,318,115,134,72,105,98,46,13,349,54,41,85,126,64,53,59,49,113,91,56,242,247,131,148,,,185,199,,,82,183,178,17,71,53,29,188,266,13,7,331,335,332,58,80,34,40,18,27,125,231,126,,222,,,77,127,96,217,30,95,213,29,143,199,72,165,276,241,318,238,210,238,181,30,55,118,266,165,302,221,126,124,41,153,53,115,159,294,304,236,60,62,35,78,,,319,343,,,82,174,65,138,81,160,111,274,108,260,148,215,284,260,258,298,238,241,153,193,123,285,89,48,,331,,,b'\x11\xe8\xe1I\xc8:Y\xd4\xaf\x82\x12\xdf\x17\xaeN\x1e'
11E8E149-C83A-59D4-AF82-12DF17AE4E1E,2019-ncaa-d1-conf-Ivy League,ncaa,3,3,3,3,3,2,3,1,4,3,4,2,1,1,5,1,4,5,5,5,4,2,1,3,3,3,2,1,8,1,1,3,2,1,1,3,5,6,3,3,3,5,3,3,,,8,8,,,3,2,2,1,2,1,1,4,5,1,1,5,5,5,1,1,1,2,1,2,3,5,3,,8,,,3,6,5,5,2,6,7,3,2,3,2,3,8,8,8,8,8,6,6,2,2,5,5,2,8,2,2,5,1,4,1,2,2,5,5,3,2,2,1,3,,,5,7,,,3,7,3,4,3,5,4,6,4,5,2,3,8,8,8,6,7,3,5,6,1,4,2,2,,6,,,b'\x11\xe8\xe1I\xc8:Y\xd4\xaf\x82\x12\xdf\x17\xaeN\x1e'
11E8E149-C83A-59D4-AF82-12DF17AE4E1E,2019-ncaa-d1-natl,ncaa,148,108,233,138,234,133,110,114,143,240,289,82,28,20,103,11,333,340,139,340,320,160,194,76,113,102,47,13,347,79,48,103,134,79,59,76,53,82,99,59,267,260,150,150,,,158,200,,,94,242,185,14,78,59,30,209,274,14,10,332,337,334,64,84,40,41,19,32,126,247,126,,224,,,88,89,69,183,34,77,177,34,115,171,80,162,264,223,321,220,216,196,117,36,58,139,264,163,297,194,134,84,48,111,59,88,162,311,312,247,52,64,32,86,,,336,342,,,94,112,75,154,90,173,123,278,116,264,150,215,286,260,259,302,235,248,159,198,133,289,90,50,,333,,,b'\x11\xe8\xe1I\xc8:Y\xd4\xaf\x82\x12\xdf\x17\xaeN\x1e'
11E8E149-C83A-59D4-AF82-12DF17AE4E1E,2020-ncaa-d0-natl,ncaa,163,109,312,140,319,319,323,320,289,348,346,251,65,46,161,7,344,334,318,332,167,332,318,199,257,278,21,6,330,103,43,133,112,114,36,185,23,216,298,209,249,182,158,94,,,23,86,,,160,341,295,176,280,281,239,345,338,32,15,340,323,319,283,220,44,19,15,116,286,206,129,,76,,,160,11,14,56,21,12,36,35,132,192,62,294,19,46,5,42,144,37,17,29,19,39,266,300,95,123,112,25,43,35,36,92,280,319,260,244,239,300,110,299,,,335,320,,,160,14,240,55,153,42,42,183,27,96,205,279,46,104,103,151,93,220,85,131,156,270,293,163,,317,,,b'\x11\xe8\xe1I\xc8:Y\xd4\xaf\x82\x12\xdf\x17\xaeN\x1e'
11E8E149-C83A-59D4-AF82-12DF17AE4E1E,2020-ncaa-d1-conf-Ivy League,ncaa,5,5,1,5,5,7,7,7,7,8,7,7,2,2,5,2,6,6,7,6,5,6,5,5,5,6,1,1,6,2,3,3,3,2,2,5,2,6,6,7,7,6,4,4,,,5,6,,,5,8,7,5,7,7,7,8,7,2,2,6,6,6,6,5,2,3,2,5,6,7,4,,5,,,5,4,3,3,4,3,4,4,3,6,4,5,5,6,1,6,6,5,2,4,4,4,5,5,7,4,3,3,3,3,2,5,8,8,8,8,7,7,6,7,,,6,6,,,5,2,5,4,5,4,3,3,3,4,3,6,5,6,6,5,2,4,3,3,5,8,7,6,,6,,,b'\x11\xe8\xe1I\xc8:Y\xd4\xaf\x82\x12\xdf\x17\xaeN\x1e'
11E8E149-C83A-59D4-AF82-12DF17AE4E1E,2020-ncaa-d1-natl,ncaa,177,109,341,146,345,336,338,340,298,350,348,260,73,61,169,7,345,336,320,333,168,345,340,215,260,286,17,7,329,125,47,161,115,148,37,221,24,202,301,217,268,194,168,98,,,18,90,,,177,347,296,172,290,294,248,348,339,37,15,340,322,320,285,226,49,21,16,126,290,215,129,,77,,,176,6,9,32,23,10,21,36,120,179,65,291,16,41,5,38,145,19,5,32,19,43,267,302,96,107,115,14,47,22,37,80,284,334,272,256,226,304,105,304,,,340,316,,,177,5,245,63,167,46,46,185,29,99,207,282,45,105,104,157,93,222,86,139,168,279,292,171,,312,,,b'\x11\xe8\xe1I\xc8:Y\xd4\xaf\x82\x12\xdf\x17\xaeN\x1e'
11E8E149-C83A-59D4-AF82-12DF17AE4E1E,2022-ncaa-d0-natl,ncaa,199,157,260,197,269,144,130,100,206,216,218,210,34,30,82,30,330,325,294,325,336,131,201,133,194,102,57,15,353,85,116,308,333,239,294,107,114,6,7,14,44,19,251,210,,,134,172,,,113,244,88,92,54,35,3,175,140,12,7,334,318,321,13,48,27,319,155,33,15,12,232,,237,,,107,139,142,100,244,81,51,259,289,251,288,324,99,130,73,116,239,92,137,279,266,189,299,322,112,246,333,242,116,256,294,225,294,78,39,140,28,32,92,127,,,307,333,,,113,114,65,222,110,249,236,188,154,75,328,320,158,195,180,192,298,306,330,336,301,28,55,132,,285,,,b'\x11\xe8\xe1I\xc8:Y\xd4\xaf\x82\x12\xdf\x17\xaeN\x1e'
11E8E149-C83A-59D4-AF82-12DF17AE4E1E,2022-ncaa-d1-conf-Ivy League,ncaa,4,5,3,5,3,2,2,1,3,2,2,3,1,1,3,1,5,5,5,5,5,1,2,3,3,2,2,1,7,1,5,5,6,4,7,3,7,1,1,2,2,2,7,7,,,8,6,,,3,2,1,4,1,1,1,2,2,1,1,5,5,5,1,1,1,7,5,3,2,2,8,,8,,,3,8,7,6,6,6,6,8,6,6,3,6,8,8,8,8,7,6,7,5,7,5,5,2,7,7,6,8,5,8,7,5,3,2,2,2,2,1,2,1,,,4,6,,,3,7,2,5,3,6,6,4,7,5,5,6,8,8,8,6,7,5,8,7,4,2,2,1,,5,,,b'\x11\xe8\xe1I\xc8:Y\xd4\xaf\x82\x12\xdf\x17\xaeN\x1e'
11E8E149-C83A-59D4-AF82-12DF17AE4E1E,2022-ncaa-d1-natl,ncaa,219,157,304,208,310,191,160,123,225,251,253,222,43,39,84,30,337,336,297,336,336,167,253,141,205,109,57,16,353,105,130,330,336,281,309,132,122,3,8,15,57,24,270,218,,,104,180,,,138,285,90,89,58,40,5,184,145,13,9,335,321,323,14,52,33,322,170,42,16,18,239,,239,,,129,117,116,64,258,67,32,274,278,233,291,323,85,102,77,95,241,54,90,296,278,206,298,320,112,222,336,223,130,226,309,216,299,104,49,156,21,33,81,137,,,325,330,,,138,71,77,244,135,261,251,193,161,80,327,323,163,200,186,198,296,309,333,340,307,32,57,144,,285,,,b'\x11\xe8\xe1I\xc8:Y\xd4\xaf\x82\x12\xdf\x17\xaeN\x1e'
11E8E149-C83A-59D4-AF82-12DF17AE4E1E,2023-ncaa-d0-natl,ncaa,87,91,81,100,83,68,57,86,32,75,115,56,51,96,13,127,240,250,151,248,316,108,109,31,41,50,177,95,348,141,153,160,206,144,170,69,184,175,122,89,77,103,214,226,,,274,229,,,65,101,185,89,59,38,91,80,163,60,121,281,297,298,142,173,181,235,229,76,124,105,240,,231,,,66,239,249,231,219,197,194,179,288,244,306,237,132,181,33,184,176,220,260,248,209,141,236,286,80,229,206,166,153,195,170,235,178,58,60,84,107,75,18,10,,,243,328,,,65,260,50,137,65,160,185,128,136,102,258,199,91,133,134,107,188,180,86,111,187,64,77,8,,316,,,b'\x11\xe8\xe1I\xc8:Y\xd4\xaf\x82\x12\xdf\x17\xaeN\x1e'
11E8E149-C83A-59D4-AF82-12DF17AE4E1E,2023-ncaa-d1-conf-Ivy League,ncaa,3,4,1,4,1,2,1,2,1,2,2,4,1,3,1,6,2,2,4,2,5,2,2,1,1,1,6,4,7,4,6,2,4,3,3,2,4,6,3,3,2,6,4,6,,,8,6,,,3,2,5,2,2,2,2,3,4,3,6,4,4,4,2,5,5,3,4,2,2,5,6,,7,,,3,8,7,7,4,6,6,3,8,8,6,6,7,8,3,8,6,8,8,4,4,3,7,6,7,6,4,8,6,7,3,4,4,2,3,3,3,2,2,1,,,2,5,,,3,8,3,3,3,4,2,4,2,3,5,6,5,6,6,3,5,4,3,4,4,3,2,1,,5,,,b'\x11\xe8\xe1I\xc8:Y\xd4\xaf\x82\x12\xdf\x17\xaeN\x1e'
11E8E149-C83A-59D4-AF82-12DF17AE4E1E,2023-ncaa-d1-natl,ncaa,98,91,103,103,115,76,63,102,32,87,144,55,61,116,14,127,255,272,151,270,320,136,136,31,40,54,174,94,346,169,163,192,217,179,179,81,193,146,128,95,108,116,232,231,,,255,240,,,74,130,190,89,61,41,103,87,169,63,125,288,305,305,157,188,195,248,243,83,122,122,244,,235,,,75,209,231,196,241,170,149,196,275,223,317,236,113,159,37,164,177,184,235,263,224,162,238,286,81,211,217,127,163,158,179,220,184,74,70,100,92,76,11,11,,,270,326,,,74,235,54,163,73,178,200,132,144,103,266,200,97,137,138,112,191,189,91,123,197,74,77,10,,317,,,b'\x11\xe8\xe1I\xc8:Y\xd4\xaf\x82\x12\xdf\x17\xaeN\x1e'
11E8E149-C83A-59D4-AF82-12DF17AE4E1E,2024-ncaa-d0-natl,ncaa,154,82,298,130,316,192,168,248,79,179,264,61,161,176,147,118,277,301,73,304,272,271,316,85,86,72,209,140,291,215,102,288,192,275,135,154,133,17,77,68,264,196,157,129,,,159,309,,,94,325,226,263,103,80,119,89,195,115,113,231,268,271,162,222,148,229,191,83,66,207,121,,272,,,87,42,50,42,188,93,85,198,29,43,64,89,165,156,181,169,244,47,40,148,168,163,103,59,273,83,192,21,102,26,135,89,221,268,181,198,22,68,29,53,,,315,239,,,94,40,60,169,81,138,133,122,205,186,55,80,231,234,247,144,129,166,87,102,174,197,61,52,,257,,,b'\x11\xe8\xe1I\xc8:Y\xd4\xaf\x82\x12\xdf\x17\xaeN\x1e'
11E8E149-C83A-59D4-AF82-12DF17AE4E1E,2024-ncaa-d1-conf-Ivy League,ncaa,3,3,3,3,4,3,3,3,3,3,4,3,4,3,5,5,6,7,2,7,7,3,3,3,3,3,5,5,7,3,4,3,3,3,3,3,3,2,2,3,5,5,4,3,,,7,7,,,3,4,4,3,3,3,2,2,4,4,3,7,7,7,3,6,3,3,2,3,2,5,4,,7,,,3,3,2,4,3,2,3,4,4,6,2,6,8,8,3,8,8,5,6,2,4,2,6,4,8,3,3,5,4,4,3,3,4,4,3,2,3,3,1,2,,,7,8,,,3,6,3,3,3,2,2,2,2,2,2,5,7,7,7,2,3,3,5,3,2,3,3,2,,7,,,b'\x11\xe8\xe1I\xc8:Y\xd4\xaf\x82\x12\xdf\x17\xaeN\x1e'
11E8E149-C83A-59D4-AF82-12DF17AE4E1E,2024-ncaa-d1-natl,ncaa,172,83,348,137,354,237,219,300,86,221,300,70,182,209,151,118,300,320,73,321,274,323,348,90,94,79,205,143,291,245,118,319,211,316,155,182,139,10,80,72,294,218,178,134,,,127,315,,,118,353,231,264,112,89,129,103,199,121,116,237,272,274,175,236,162,240,214,96,69,229,122,,276,,,111,19,32,17,211,63,54,209,23,28,73,88,148,142,190,154,247,16,10,170,184,190,103,60,273,61,211,9,118,12,155,75,226,304,191,216,17,72,21,55,,,331,236,,,118,11,66,201,97,159,148,123,223,188,58,81,240,241,254,148,127,176,93,112,186,211,62,54,,259,,,b'\x11\xe8\xe1I\xc8:Y\xd4\xaf\x82\x12\xdf\x17\xaeN\x1e'
11E8E149-C83A-59D4-AF82-12DF17AE4E1E,2025-ncaa-d0-natl,genius_ncaa,49,12,248,19,270,168,148,171,124,167,244,65,128,94,219,68,291,314,76,312,296,196,279,115,124,78,176,114,322,90,35,316,148,231,81,220,309,7,25,75,45,14,106,31,,,142,295,,37,26,325,313,176,96,78,68,113,205,82,47,274,306,300,101,234,46,315,183,198,18,26,84,,205,,55,18,2,1,2,28,6,14,56,11,23,29,126,123,108,215,108,275,3,31,24,45,6,222,88,340,25,148,26,35,16,81,5,112,52,8,2,7,16,11,15,,,334,325,,230,26,41,46,3,10,4,3,2,8,15,14,34,170,157,158,3,37,55,68,53,9,21,12,11,,320,,220,b'\x11\xe8\xe1I\xc8:Y\xd4\xaf\x82\x12\xdf\x17\xaeN\x1e'
11E8E149-C83A-59D4-AF82-12DF17AE4E1E,2025-ncaa-d1-conf-Ivy League,genius_ncaa,2,2,1,2,1,2,2,2,3,3,2,3,2,2,4,2,4,4,5,4,4,2,2,3,3,3,5,5,7,2,2,2,3,2,3,3,8,1,1,2,2,2,2,2,,,8,8,,6,2,2,4,1,2,2,2,3,4,2,2,4,4,4,2,2,2,4,2,4,1,2,2,,7,,6,2,3,2,4,2,3,5,2,2,3,3,3,7,7,5,7,7,6,8,2,2,1,5,3,8,3,3,6,2,5,3,2,4,2,2,1,1,1,1,1,,,3,7,,8,2,7,2,1,2,1,1,1,2,3,1,2,6,6,6,2,3,3,4,3,2,2,1,1,,6,,8,b'\x11\xe8\xe1I\xc8:Y\xd4\xaf\x82\x12\xdf\x17\xaeN\x1e'
11E8E149-C83A-59D4-AF82-12DF17AE4E1E,2025-ncaa-d1-natl,genius_ncaa,54,12,304,20,319,198,172,213,133,205,274,66,145,110,220,68,311,329,77,326,294,243,317,121,132,84,171,113,319,113,39,339,155,275,90,255,314,4,27,81,59,15,120,31,,,116,298,,28,31,345,313,169,99,82,73,128,210,86,50,275,305,303,113,244,49,322,201,209,20,27,89,,210,,55,20,1,1,1,36,4,5,59,6,18,32,119,108,94,219,95,277,1,17,28,52,6,218,87,339,20,155,15,39,8,90,3,114,66,9,2,4,17,8,17,,,343,321,,235,31,18,53,3,12,4,3,2,10,15,14,35,176,163,164,3,36,62,69,57,10,24,12,11,,321,,214,b'\x11\xe8\xe1I\xc8:Y\xd4\xaf\x82\x12\xdf\x17\xaeN\x1e'
11E8E149-C83A-59D4-AF82-12DF17AE4E1E,2025-ncaa-d1-ncaatournament,genius_ncaa,37,2,37,37,38,59,60,43,63,55,47,59,57,40,62,14,45,48,10,47,43,44,40,63,65,64,35,48,15,24,2,64,60,40,32,52,40,25,50,59,35,14,29,4,,,33,68,,24,43,58,51,7,59,60,20,54,37,50,11,34,41,39,22,8,1,64,17,49,57,14,6,,66,,43,48,4,1,1,32,1,4,23,4,2,56,4,41,34,54,34,67,2,11,32,46,23,55,13,68,17,60,6,2,13,32,3,46,30,1,4,29,50,23,50,,,45,36,,10,43,7,59,24,49,16,3,1,8,9,10,2,67,65,65,4,26,43,31,45,11,1,58,50,,25,,1,b'\x11\xe8\xe1I\xc8:Y\xd4\xaf\x82\x12\xdf\x17\xaeN\x1e'
11E8E149-C83A-59D4-AF82-12DF17AE4E1E,2026-ncaa-d0-natl,genius_ncaa,87,198,9,168,10,73,84,32,237,109,62,258,44,28,126,98,79,126,28,125,256,39,27,208,202,195,77,74,194,10,31,121,183,56,113,64,88,336,187,162,84,143,42,58,,,351,304,,345,112,40,288,78,181,191,120,237,194,93,95,181,262,264,149,141,33,319,160,125,203,171,71,,248,,300,122,304,293,266,223,315,295,211,157,189,123,77,335,335,244,328,246,283,317,189,222,134,122,53,303,239,183,299,31,282,113,223,86,25,39,43,287,126,317,228,,,72,260,,66,112,321,154,115,122,98,83,16,142,89,43,34,232,224,205,25,67,68,94,71,61,66,135,230,,240,,154,b'\x11\xe8\xe1I\xc8:Y\xd4\xaf\x82\x12\xdf\x17\xaeN\x1e'
11E8E149-C83A-59D4-AF82-12DF17AE4E1E,2026-ncaa-d1-natl,genius_ncaa,110,195,13,183,18,106,121,52,271,156,94,292,58,42,137,99,111,162,24,160,260,59,47,241,229,227,70,75,175,19,39,183,196,80,139,83,87,312,207,187,128,183,51,66,,,341,309,,338,163,66,297,73,218,228,147,275,211,108,105,195,270,272,175,169,45,335,201,158,210,214,80,,261,,307,173,280,253,209,256,295,264,252,117,133,147,71,321,318,254,313,256,233,286,227,267,181,116,48,298,201,196,267,39,244,139,191,87,43,51,67,239,138,306,255,,,100,252,,86,163,293,188,161,173,122,107,22,177,93,43,34,248,236,220,31,65,78,112,80,70,95,143,249,,240,,148,b'\x11\xe8\xe1I\xc8:Y\xd4\xaf\x82\x12\xdf\x17\xaeN\x1e'
11E8E149-C83E-9828-AF82-12DF17AE4E1E,2010-ncaa-d0-natl,ncaa,274,269,241,276,261,258,230,267,163,184,195,163,280,284,219,258,265,201,334,199,178,259,221,200,232,263,278,259,222,243,194,213,254,231,218,265,274,266,291,293,330,336,133,83,,,205,253,,,317,211,97,188,246,196,231,137,146,264,275,250,151,151,216,140,206,160,193,257,300,325,109,,276,,,317,260,188,167,197,53,53,172,337,311,311,320,268,253,242,261,313,181,143,280,289,327,343,331,230,216,254,89,194,132,218,275,295,291,302,318,204,234,174,198,,,163,78,,,317,124,272,333,314,322,267,279,106,83,344,334,301,289,296,305,255,269,164,230,318,268,240,209,,81,,,b'\x11\xe8\xe1I\xc8>\x98(\xaf\x82\x12\xdf\x17\xaeN\x1e'
11E8E149-C83E-9828-AF82-12DF17AE4E1E,2010-ncaa-d1-conf-WAC,ncaa,8,8,5,8,8,7,7,8,4,5,6,5,6,8,3,6,9,7,9,7,7,7,7,3,6,7,7,5,9,8,6,7,8,7,6,6,6,9,8,8,9,9,3,3,,,5,4,,,8,6,4,9,7,6,8,5,6,6,6,9,7,8,7,6,8,7,7,6,8,9,3,,6,,,8,8,6,6,6,4,2,7,9,8,6,9,7,5,8,5,7,7,4,7,7,8,9,9,4,8,8,3,6,3,6,8,9,8,8,9,6,7,5,5,,,8,6,,,8,3,7,8,8,8,8,8,3,1,9,9,7,6,6,8,7,9,2,5,8,8,7,5,,6,,,b'\x11\xe8\xe1I\xc8>\x98(\xaf\x82\x12\xdf\x17\xaeN\x1e'
11E8E149-C83E-9828-AF82-12DF17AE4E1E,2010-ncaa-d1-natl,ncaa,268,269,191,274,227,242,216,254,151,169,180,155,268,280,205,257,249,172,331,173,166,242,200,185,214,257,275,256,220,236,186,193,249,219,201,256,270,281,295,292,328,334,125,87,,,221,252,,,313,188,104,186,241,199,241,137,151,262,275,246,146,149,227,149,213,149,192,251,300,319,114,,275,,,311,283,209,195,182,71,70,167,338,321,306,320,278,263,246,265,311,217,160,265,279,325,340,331,225,233,249,93,186,138,201,295,300,285,303,316,224,237,168,186,,,136,76,,,313,149,262,325,314,321,261,278,106,83,343,332,297,280,284,301,250,270,135,208,317,270,245,187,,80,,,b'\x11\xe8\xe1I\xc8>\x98(\xaf\x82\x12\xdf\x17\xaeN\x1e'
11E8E149-C83E-9828-AF82-12DF17AE4E1E,2011-ncaa-d0-natl,ncaa,229,242,170,242,172,219,218,195,228,144,110,219,306,288,312,300,119,52,326,49,70,156,137,269,274,269,284,315,54,58,30,127,171,81,49,240,227,268,248,276,253,264,93,75,,,202,222,,,256,179,178,25,223,227,179,130,86,315,294,97,31,29,121,83,27,82,25,237,278,260,81,,228,,,251,201,146,216,81,70,115,76,302,294,237,300,222,203,260,199,242,220,161,137,159,225,330,310,217,206,171,91,30,133,49,207,252,285,299,290,258,235,94,75,,,51,25,,,256,159,239,248,255,229,170,260,87,135,320,315,247,233,233,267,219,239,107,159,225,288,268,102,,14,,,b'\x11\xe8\xe1I\xc8>\x98(\xaf\x82\x12\xdf\x17\xaeN\x1e'
11E8E149-C83E-9828-AF82-12DF17AE4E1E,2011-ncaa-d1-conf-WAC,ncaa,7,7,7,7,7,8,8,7,8,6,4,8,8,8,8,9,7,4,9,4,4,7,7,8,8,8,8,9,3,1,1,5,6,1,2,8,8,5,5,8,8,8,2,2,,,5,7,,,7,8,8,3,8,8,6,6,3,8,9,6,3,2,6,5,1,4,1,8,6,8,2,,7,,,7,5,3,5,3,2,3,3,8,8,8,8,6,6,4,6,7,5,2,4,5,8,8,8,6,8,6,3,1,5,2,5,7,9,9,9,3,4,5,4,,,2,1,,,7,2,8,8,7,7,4,8,2,3,8,9,6,7,7,9,4,8,2,4,6,9,4,5,,2,,,b'\x11\xe8\xe1I\xc8>\x98(\xaf\x82\x12\xdf\x17\xaeN\x1e'
11E8E149-C83E-9828-AF82-12DF17AE4E1E,2011-ncaa-d1-natl,ncaa,242,240,199,247,202,241,235,220,234,162,125,227,316,293,315,299,131,67,325,61,68,182,159,273,276,275,284,314,54,66,31,152,173,97,52,251,232,259,250,278,264,269,101,79,,,183,225,,,261,215,179,21,227,235,183,136,90,316,294,100,33,29,125,85,30,84,26,244,281,262,82,,232,,,260,185,130,192,85,63,96,82,300,290,239,298,211,190,265,188,244,197,130,141,163,231,331,310,216,196,173,68,31,105,52,200,252,298,306,296,250,241,85,78,,,61,24,,,261,123,242,257,262,238,178,259,92,140,321,315,249,234,233,266,217,243,108,162,232,291,269,106,,14,,,b'\x11\xe8\xe1I\xc8>\x98(\xaf\x82\x12\xdf\x17\xaeN\x1e'
11E8E149-C83E-9828-AF82-12DF17AE4E1E,2012-ncaa-d0-natl,ncaa,252,248,240,257,278,255,297,302,243,261,254,244,272,273,250,252,52,48,161,47,12,273,253,254,203,239,102,258,5,262,215,117,78,187,113,280,198,204,276,288,341,342,140,131,,,15,18,,,290,243,157,262,229,297,307,252,224,264,258,13,11,11,245,211,244,31,116,282,256,341,116,,23,,,289,206,240,253,201,163,150,192,323,306,281,320,16,12,269,12,13,200,87,239,204,314,240,327,7,115,78,70,215,72,113,269,217,340,342,341,169,221,27,54,,,62,6,,,290,86,257,301,293,278,304,331,243,254,334,337,33,25,23,302,166,176,134,146,292,337,217,39,,9,,,b'\x11\xe8\xe1I\xc8>\x98(\xaf\x82\x12\xdf\x17\xaeN\x1e'
11E8E149-C83E-9828-AF82-12DF17AE4E1E,2012-ncaa-d1-conf-WAC,ncaa,5,4,5,5,7,7,7,7,8,7,6,8,8,7,7,7,3,4,2,4,1,7,7,8,8,7,4,7,1,5,4,3,2,3,1,8,7,5,6,7,8,7,4,2,,,1,2,,,6,7,7,4,7,7,7,6,5,8,7,3,4,4,6,5,5,1,1,8,7,7,4,,2,,,6,3,3,4,3,3,3,3,7,7,3,7,1,1,7,1,2,4,2,3,3,7,7,7,2,2,2,4,4,4,1,5,5,8,8,8,3,3,3,5,,,3,1,,,6,2,7,6,7,4,6,6,3,5,7,7,3,3,1,6,2,4,4,5,5,8,3,5,,1,,,b'\x11\xe8\xe1I\xc8>\x98(\xaf\x82\x12\xdf\x17\xaeN\x1e'
11E8E149-C83E-9828-AF82-12DF17AE4E1E,2012-ncaa-d1-natl,ncaa,254,247,196,257,263,244,294,304,252,263,258,247,276,272,265,250,45,39,146,37,12,261,248,264,208,243,100,257,6,271,234,91,72,179,115,283,218,213,271,292,342,342,133,131,,,13,18,,,292,220,163,262,237,301,312,258,231,266,257,13,12,11,251,216,262,26,122,288,250,342,118,,23,,,294,221,262,274,195,173,164,180,332,322,294,326,16,12,269,11,12,217,106,238,202,313,259,335,7,116,72,82,234,83,115,276,219,342,342,342,157,208,24,46,,,52,6,,,292,107,261,300,298,277,304,331,219,235,335,337,28,22,18,295,158,166,141,143,288,337,195,30,,9,,,b'\x11\xe8\xe1I\xc8>\x98(\xaf\x82\x12\xdf\x17\xaeN\x1e'
11E8E149-C83E-9828-AF82-12DF17AE4E1E,2013-ncaa-d0-natl,ncaa,128,126,120,136,140,190,217,261,151,140,138,181,320,326,260,325,37,27,188,27,35,205,205,212,164,172,249,327,7,170,88,184,53,176,44,287,302,162,182,282,307,309,297,286,,,307,340,,,166,216,276,97,227,260,313,143,140,329,328,23,17,17,252,257,185,214,207,306,155,311,307,,302,,,164,133,78,73,183,116,79,213,84,117,66,137,301,301,214,300,324,100,96,162,215,232,221,82,319,27,53,36,88,20,44,13,7,228,210,67,148,174,112,99,,,50,10,,,166,131,161,168,161,119,77,36,103,59,73,99,291,290,286,70,47,23,27,13,11,259,140,115,,27,,,b'\x11\xe8\xe1I\xc8>\x98(\xaf\x82\x12\xdf\x17\xaeN\x1e'
11E8E149-C83E-9828-AF82-12DF17AE4E1E,2013-ncaa-d1-conf-Big West,ncaa,3,3,6,3,6,3,4,5,3,2,2,4,8,9,5,9,1,2,4,2,5,5,6,4,4,3,8,9,2,4,1,6,3,6,1,7,10,5,5,7,9,9,6,6,,,8,10,,,3,7,8,4,3,3,7,2,2,9,9,1,1,1,5,6,5,5,4,8,4,9,6,,9,,,3,3,2,2,4,4,3,7,2,2,1,4,9,9,5,9,10,3,3,4,6,7,4,2,9,2,3,1,1,1,1,1,1,8,7,2,5,7,6,4,,,3,3,,,3,4,3,5,3,2,2,3,4,4,2,4,9,9,9,4,3,3,1,1,1,9,6,6,,3,,,b'\x11\xe8\xe1I\xc8>\x98(\xaf\x82\x12\xdf\x17\xaeN\x1e'
11E8E149-C83E-9828-AF82-12DF17AE4E1E,2013-ncaa-d1-natl,ncaa,135,126,136,138,162,212,242,283,159,152,156,186,323,328,262,324,41,31,187,30,37,231,234,222,167,179,248,327,7,191,95,203,55,198,49,297,305,144,185,286,315,312,301,288,,,301,340,,,172,248,278,93,234,266,314,155,145,330,329,25,18,18,260,259,189,217,213,309,155,315,307,,304,,,172,117,67,46,186,102,65,217,70,102,72,135,296,295,213,293,324,71,66,165,217,236,218,83,319,19,55,25,95,11,49,10,8,251,216,70,140,176,106,104,,,59,10,,,172,102,165,174,169,121,80,36,106,61,75,100,295,291,289,70,43,23,30,13,13,266,142,116,,27,,,b'\x11\xe8\xe1I\xc8>\x98(\xaf\x82\x12\xdf\x17\xaeN\x1e'
11E8E149-C83E-9828-AF82-12DF17AE4E1E,2014-ncaa-d0-natl,ncaa,129,125,131,135,133,202,213,192,239,137,84,273,304,316,214,318,104,116,128,120,206,173,167,284,252,242,277,310,46,139,107,92,10,100,35,227,207,184,195,235,305,309,275,273,,,254,316,,,136,183,256,22,240,245,217,144,75,314,320,93,109,115,199,197,139,67,80,249,176,315,283,,257,,,134,86,65,109,96,92,124,109,75,118,52,132,219,265,48,258,286,131,112,77,89,123,184,105,294,21,10,120,107,53,35,17,26,238,228,90,108,124,47,19,,,76,36,,,136,156,228,74,136,61,48,57,96,101,65,104,223,262,255,92,57,14,117,44,22,263,123,39,,47,,,b'\x11\xe8\xe1I\xc8>\x98(\xaf\x82\x12\xdf\x17\xaeN\x1e'
11E8E149-C83E-9828-AF82-12DF17AE4E1E,2014-ncaa-d1-conf-Big West,ncaa,3,3,1,3,5,6,6,5,7,3,3,5,8,8,7,8,3,4,4,4,5,5,5,8,7,8,8,9,4,4,1,2,1,3,1,6,7,7,7,8,9,8,6,6,,,7,9,,,2,5,8,5,8,7,7,4,4,8,8,4,5,5,8,6,4,2,3,7,7,9,6,,6,,,2,1,1,4,3,3,5,4,1,1,1,1,4,8,1,8,8,4,4,2,2,2,1,1,9,1,1,2,1,1,1,1,1,7,7,1,7,7,2,2,,,2,2,,,2,5,6,1,2,1,1,1,2,4,1,1,4,6,6,2,1,1,2,1,1,7,7,2,,3,,,b'\x11\xe8\xe1I\xc8>\x98(\xaf\x82\x12\xdf\x17\xaeN\x1e'
11E8E149-C83E-9828-AF82-12DF17AE4E1E,2014-ncaa-d1-natl,ncaa,143,125,145,141,147,224,238,218,245,159,98,278,309,319,214,318,116,125,129,131,205,200,196,285,258,246,276,310,46,155,111,103,11,115,37,248,211,167,195,242,312,313,282,277,,,237,317,,,154,214,259,21,246,247,223,148,79,312,320,93,110,116,210,200,145,69,83,256,179,320,284,,258,,,152,68,51,83,101,76,100,118,64,104,53,129,205,254,51,246,286,98,80,80,93,132,183,103,292,17,11,98,111,34,37,13,24,257,235,93,98,126,42,20,,,85,34,,,154,122,231,83,153,64,49,55,100,100,67,99,224,263,256,92,57,13,120,44,24,268,119,42,,48,,,b'\x11\xe8\xe1I\xc8>\x98(\xaf\x82\x12\xdf\x17\xaeN\x1e'
11E8E149-C83E-9828-AF82-12DF17AE4E1E,2015-ncaa-d0-natl,ncaa,68,37,172,51,193,136,127,127,165,79,74,161,273,263,280,288,74,58,226,54,110,102,122,213,201,169,279,298,59,51,28,69,10,53,14,118,130,117,96,96,263,259,122,145,,,227,291,,,60,176,152,107,97,96,74,53,38,279,258,43,23,19,44,55,23,29,8,98,143,273,120,,250,,,52,71,42,113,25,64,236,8,48,19,296,13,275,276,183,273,244,140,108,20,44,104,227,76,331,18,10,120,28,52,14,16,20,268,260,85,40,35,75,36,,,75,78,,,60,161,111,64,63,86,39,121,72,270,50,17,293,292,293,171,109,21,131,57,17,270,47,75,,33,,,b'\x11\xe8\xe1I\xc8>\x98(\xaf\x82\x12\xdf\x17\xaeN\x1e'
11E8E149-C83E-9828-AF82-12DF17AE4E1E,2015-ncaa-d1-conf-Big West,ncaa,1,1,3,1,3,4,3,3,4,1,2,4,7,7,8,7,2,2,7,2,4,2,3,5,5,5,7,7,2,1,1,2,1,1,1,3,3,4,2,2,6,5,1,1,,,4,7,,,1,6,6,8,5,5,4,2,3,7,7,3,1,1,4,3,1,2,1,3,2,5,1,,5,,,1,1,1,4,1,3,8,1,1,1,3,1,6,8,5,8,5,4,2,1,1,1,2,1,8,1,1,2,1,1,1,1,1,8,8,1,1,1,6,4,,,2,3,,,1,4,3,1,1,1,1,2,1,8,1,1,6,6,6,3,2,1,3,1,1,8,1,5,,2,,,b'\x11\xe8\xe1I\xc8>\x98(\xaf\x82\x12\xdf\x17\xaeN\x1e'
11E8E149-C83E-9828-AF82-12DF17AE4E1E,2015-ncaa-d1-natl,ncaa,47,37,97,44,109,89,79,79,123,47,49,124,278,259,290,294,42,31,242,32,102,59,73,190,177,155,293,309,59,42,29,48,14,32,17,99,155,162,99,100,243,252,109,142,,,271,285,,,45,102,152,128,89,82,82,38,38,287,276,41,18,18,50,65,33,41,9,104,142,269,121,,254,,,44,99,60,176,26,82,270,3,74,32,312,19,303,307,164,307,249,216,185,22,46,95,250,95,331,38,14,148,29,91,17,19,22,232,244,76,46,30,70,23,,,36,53,,,45,226,99,59,53,85,37,107,58,262,69,20,290,293,294,159,112,30,116,59,16,256,40,61,,23,,,b'\x11\xe8\xe1I\xc8>\x98(\xaf\x82\x12\xdf\x17\xaeN\x1e'
11E8E149-C83E-9828-AF82-12DF17AE4E1E,2016-ncaa-d0-natl,ncaa,78,73,76,81,107,118,146,166,118,110,144,113,214,203,235,233,30,25,175,24,25,130,105,149,120,160,180,260,24,61,18,46,16,40,10,121,111,280,241,185,341,345,156,219,,,238,248,,,89,133,230,280,146,196,260,153,194,237,236,33,26,25,204,183,70,39,30,151,237,347,179,,196,,,89,126,133,225,58,240,302,66,19,42,17,22,239,236,173,230,132,233,184,31,38,97,35,12,279,48,16,36,18,31,10,26,10,278,304,118,231,191,161,135,,,26,21,,,89,220,124,74,86,64,82,138,196,286,12,19,209,208,199,148,59,25,20,18,21,317,197,133,,29,,,b'\x11\xe8\xe1I\xc8>\x98(\xaf\x82\x12\xdf\x17\xaeN\x1e'
11E8E149-C83E-9828-AF82-12DF17AE4E1E,2016-ncaa-d1-conf-Big West,ncaa,2,2,2,2,4,3,3,5,3,4,4,4,4,7,3,7,3,3,4,3,4,4,3,3,3,3,4,4,4,1,1,2,1,1,1,4,5,3,3,4,9,9,4,5,,,3,4,,,2,7,8,6,3,3,5,3,5,4,7,3,2,2,5,5,2,1,1,5,2,9,6,,4,,,2,1,1,6,1,4,6,1,1,2,1,2,2,2,2,2,2,5,2,1,1,1,3,2,7,1,1,1,1,1,1,1,1,7,6,4,3,3,5,4,,,4,4,,,2,3,2,1,2,1,1,4,3,7,1,2,2,2,2,3,1,1,1,1,1,6,3,5,,4,,,b'\x11\xe8\xe1I\xc8>\x98(\xaf\x82\x12\xdf\x17\xaeN\x1e'
11E8E149-C83E-9828-AF82-12DF17AE4E1E,2016-ncaa-d1-natl,ncaa,85,73,99,84,132,147,169,203,130,138,179,123,227,217,239,230,37,35,176,34,19,168,143,159,126,161,174,259,21,71,19,53,18,53,10,146,115,260,246,191,347,346,172,221,,,221,254,,,100,174,232,282,157,209,264,165,203,242,236,31,26,26,211,189,72,42,34,163,239,348,185,,199,,,101,105,108,196,73,218,291,72,13,27,16,22,225,220,180,214,132,202,141,33,43,112,33,12,278,33,18,19,19,14,10,21,10,303,307,128,217,192,150,145,,,35,19,,,100,178,132,83,99,72,90,139,203,285,13,19,211,212,206,150,58,28,20,17,22,321,196,140,,30,,,b'\x11\xe8\xe1I\xc8>\x98(\xaf\x82\x12\xdf\x17\xaeN\x1e'
11E8E149-C83E-9828-AF82-12DF17AE4E1E,2016-ncaa-d1-ncaatournament,ncaa,33,2,33,33,33,56,62,48,63,63,52,62,50,37,57,19,27,28,24,28,3,41,41,62,61,59,2,41,1,29,14,41,20,35,19,46,1,17,35,49,44,38,37,32,,,16,32,,,42,46,16,1,56,62,35,63,48,44,10,1,1,1,15,9,1,29,3,40,41,36,24,,37,,,46,10,14,14,39,14,27,29,2,4,43,4,9,8,27,8,15,11,17,33,28,19,6,8,26,11,20,20,14,17,19,15,37,40,16,19,17,36,36,61,,,33,4,,,42,24,57,16,45,24,34,23,45,59,3,4,23,21,21,20,39,17,51,44,38,12,37,57,,1,,,b'\x11\xe8\xe1I\xc8>\x98(\xaf\x82\x12\xdf\x17\xaeN\x1e'
11E8E149-C83E-9828-AF82-12DF17AE4E1E,2017-ncaa-d0-natl,ncaa,237,229,234,243,245,289,302,290,294,309,290,284,208,187,249,138,198,175,269,178,58,277,291,282,280,258,89,142,81,245,222,230,179,248,199,334,334,90,191,307,320,306,306,296,,,147,248,,,262,295,299,47,293,304,278,296,274,188,163,171,127,131,253,279,225,174,213,336,148,312,297,,202,,,262,89,129,122,177,157,112,251,104,182,32,232,91,96,113,90,141,103,48,160,153,235,93,133,134,125,179,106,222,95,199,113,155,328,311,288,42,93,198,270,,,167,40,,,262,46,265,246,270,166,195,200,219,157,135,220,113,129,122,181,77,182,169,179,159,324,74,231,,91,,,b'\x11\xe8\xe1I\xc8>\x98(\xaf\x82\x12\xdf\x17\xaeN\x1e'
11E8E149-C83E-9828-AF82-12DF17AE4E1E,2017-ncaa-d1-conf-Big West,ncaa,6,6,2,6,5,7,7,6,7,7,4,7,6,6,6,6,2,3,6,2,2,6,6,8,8,8,5,6,2,5,4,5,6,3,3,8,9,4,4,8,7,8,5,7,,,7,8,,,7,6,8,6,8,7,6,7,4,6,6,4,3,2,5,5,5,5,5,8,4,8,6,,7,,,7,6,7,8,6,7,7,8,1,4,1,2,6,6,5,6,6,8,4,4,4,7,1,1,6,4,6,5,4,6,3,4,3,7,8,6,1,2,9,9,,,1,2,,,7,4,7,7,7,6,7,5,8,7,1,2,5,6,6,5,2,4,4,4,3,8,1,9,,2,,,b'\x11\xe8\xe1I\xc8>\x98(\xaf\x82\x12\xdf\x17\xaeN\x1e'
11E8E149-C83E-9828-AF82-12DF17AE4E1E,2017-ncaa-d1-natl,ncaa,236,229,217,237,234,288,299,301,290,311,298,288,195,187,226,127,183,159,236,163,46,283,298,274,263,240,71,127,64,253,228,228,192,255,214,341,338,94,190,309,327,314,310,302,,,181,263,,,255,306,297,47,285,302,290,310,284,177,156,150,120,123,262,282,232,180,226,340,146,324,306,,223,,,255,97,117,123,158,153,108,246,91,195,16,236,123,130,145,117,165,113,41,140,141,231,107,120,161,136,192,114,228,112,214,105,146,333,315,279,38,84,191,268,,,141,27,,,255,40,251,249,259,166,184,200,214,151,125,229,150,168,144,184,79,190,164,181,149,327,62,219,,79,,,b'\x11\xe8\xe1I\xc8>\x98(\xaf\x82\x12\xdf\x17\xaeN\x1e'
11E8E149-C83E-9828-AF82-12DF17AE4E1E,2018-ncaa-d0-natl,ncaa,236,224,242,236,246,229,245,276,182,232,259,155,239,217,256,183,129,119,226,122,40,255,290,200,172,161,163,224,52,287,249,288,150,300,225,241,210,69,147,190,317,305,299,309,,,141,250,,,255,276,259,46,210,231,261,210,226,218,192,84,73,74,219,263,279,268,299,239,108,315,300,,213,,,255,177,193,98,311,263,208,293,47,25,204,32,231,184,333,184,162,96,53,278,298,327,47,27,231,43,150,100,249,63,225,22,5,318,286,183,78,148,30,75,,,175,52,,,255,73,197,307,258,258,263,154,310,276,63,45,265,221,221,176,90,83,156,124,49,301,119,53,,100,,,b'\x11\xe8\xe1I\xc8>\x98(\xaf\x82\x12\xdf\x17\xaeN\x1e'
11E8E149-C83E-9828-AF82-12DF17AE4E1E,2018-ncaa-d1-conf-Big West,ncaa,8,8,4,8,4,8,8,8,8,8,6,7,7,7,7,5,3,3,8,3,2,7,7,8,7,8,3,7,2,6,5,9,2,7,5,7,6,2,5,6,8,9,6,7,,,4,6,,,8,7,8,1,8,8,7,8,6,6,6,2,1,1,7,7,6,9,8,7,3,9,6,,4,,,8,4,4,3,8,9,8,7,2,1,7,1,5,4,7,4,4,2,2,8,8,9,2,1,6,1,2,3,5,2,5,1,1,7,8,5,2,4,5,7,,,6,2,,,8,2,7,9,8,5,5,2,8,9,1,1,5,4,4,1,1,1,4,2,1,8,3,7,,4,,,b'\x11\xe8\xe1I\xc8>\x98(\xaf\x82\x12\xdf\x17\xaeN\x1e'
11E8E149-C83E-9828-AF82-12DF17AE4E1E,2018-ncaa-d1-natl,ncaa,231,223,213,233,225,246,268,287,201,236,255,171,244,219,257,184,122,99,227,103,36,263,288,212,184,177,163,223,40,289,254,293,141,309,218,265,234,77,152,207,324,313,305,317,,,145,237,,,266,279,260,49,222,257,271,216,224,220,198,77,59,60,225,260,280,275,300,263,111,320,304,,199,,,265,193,211,98,321,280,211,302,40,27,210,28,227,180,333,180,154,98,45,288,309,330,40,27,230,32,141,100,254,57,218,17,5,313,290,189,84,156,30,73,,,158,48,,,266,61,207,309,269,257,267,150,311,275,63,42,252,211,210,166,88,62,157,110,53,303,120,53,,95,,,b'\x11\xe8\xe1I\xc8>\x98(\xaf\x82\x12\xdf\x17\xaeN\x1e'
11E8E149-C83E-9828-AF82-12DF17AE4E1E,2019-ncaa-d0-natl,ncaa,185,209,114,203,132,228,245,295,152,290,316,160,111,138,78,80,192,205,166,207,55,295,305,108,103,134,44,65,138,325,317,196,42,280,192,164,46,133,211,144,270,245,246,245,,,204,299,,,195,279,334,111,271,299,342,323,336,113,149,215,218,223,341,342,333,234,326,167,119,280,263,,193,,,195,99,86,84,150,112,131,153,69,71,134,114,248,169,351,170,211,85,54,134,195,221,180,86,296,14,42,116,317,49,192,50,83,283,234,172,181,250,110,225,,,230,111,,,195,79,188,171,190,74,54,38,89,78,63,55,244,161,161,34,7,11,97,39,47,301,159,98,,266,,,b'\x11\xe8\xe1I\xc8>\x98(\xaf\x82\x12\xdf\x17\xaeN\x1e'
11E8E149-C83E-9828-AF82-12DF17AE4E1E,2019-ncaa-d1-conf-Big West,ncaa,2,2,2,2,5,4,5,7,4,7,9,4,3,4,2,3,3,3,6,3,2,7,8,2,2,2,3,3,3,8,8,4,1,8,4,4,3,4,4,3,6,6,6,6,,,4,5,,,3,5,9,6,7,7,9,8,9,3,4,5,5,5,9,9,8,6,9,6,3,8,6,,4,,,3,3,4,4,5,5,5,4,1,2,3,2,4,3,9,3,4,2,3,4,4,5,3,2,3,1,1,5,8,3,4,2,2,4,4,5,4,5,3,5,,,6,3,,,3,5,3,4,3,3,3,3,4,5,1,1,4,2,2,1,1,1,3,1,2,6,4,3,,6,,,b'\x11\xe8\xe1I\xc8>\x98(\xaf\x82\x12\xdf\x17\xaeN\x1e'
11E8E149-C83E-9828-AF82-12DF17AE4E1E,2019-ncaa-d1-natl,ncaa,182,209,107,201,118,238,268,310,170,305,326,179,116,136,83,80,164,182,128,186,41,298,313,122,107,134,36,74,89,331,321,201,33,291,196,174,50,130,218,156,282,264,252,249,,,195,294,,,204,278,335,116,280,308,343,327,338,122,151,170,191,196,340,342,334,237,326,185,115,294,266,,183,,,204,87,81,82,156,112,131,151,74,74,148,121,234,155,351,151,195,76,48,143,199,229,178,98,279,13,33,119,321,43,196,54,82,287,249,188,185,253,94,221,,,214,77,,,204,87,195,183,200,81,66,38,93,86,71,60,231,144,141,34,7,8,106,36,47,309,168,88,,232,,,b'\x11\xe8\xe1I\xc8>\x98(\xaf\x82\x12\xdf\x17\xaeN\x1e'
11E8E149-C83E-9828-AF82-12DF17AE4E1E,2020-ncaa-d0-natl,ncaa,163,150,191,161,243,231,263,289,197,331,343,125,50,33,123,10,241,276,71,277,56,293,336,107,100,78,13,17,181,347,348,114,47,270,251,268,221,11,51,111,333,324,340,343,,,19,40,,,159,305,303,273,222,269,309,339,345,40,29,228,276,280,314,347,348,70,274,272,20,333,339,,24,,,159,71,136,192,91,178,224,106,85,112,54,130,34,33,183,32,28,139,43,75,57,173,47,122,54,54,47,231,348,152,251,52,44,346,341,282,33,100,82,254,,,303,170,,,159,64,148,155,142,87,150,227,201,253,94,139,38,34,37,166,33,68,259,182,63,344,44,94,,298,,,b'\x11\xe8\xe1I\xc8>\x98(\xaf\x82\x12\xdf\x17\xaeN\x1e'
11E8E149-C83E-9828-AF82-12DF17AE4E1E,2020-ncaa-d1-conf-Big West,ncaa,2,2,3,2,5,2,4,7,4,9,9,2,1,1,2,1,1,1,1,1,1,5,7,2,1,1,1,1,1,9,9,3,1,8,6,6,6,1,1,4,5,5,9,9,,,4,4,,,2,5,3,6,1,5,7,9,9,1,1,1,1,1,6,9,9,2,8,7,1,5,9,,4,,,2,6,6,7,5,7,9,4,3,2,4,2,3,2,8,2,2,7,4,2,3,6,2,2,5,1,1,6,9,5,6,3,2,6,6,3,1,1,4,9,,,4,1,,,2,7,2,3,2,6,5,6,7,8,2,2,3,2,2,5,4,1,6,5,2,6,1,5,,4,,,b'\x11\xe8\xe1I\xc8>\x98(\xaf\x82\x12\xdf\x17\xaeN\x1e'
11E8E149-C83E-9828-AF82-12DF17AE4E1E,2020-ncaa-d1-natl,ncaa,150,150,128,157,234,228,254,292,180,326,342,98,49,33,141,13,221,268,70,274,54,294,330,102,94,72,18,22,174,347,347,95,52,267,250,253,198,16,53,102,336,331,340,343,,,27,51,,,152,304,298,273,228,265,313,334,344,46,30,211,265,275,315,342,348,72,275,256,20,337,340,,27,,,150,86,140,207,87,183,226,110,89,142,46,142,49,50,143,50,35,160,52,67,53,165,57,117,67,69,52,250,347,180,250,51,44,343,341,270,39,109,73,240,,,277,139,,,152,59,139,148,135,86,141,220,183,243,94,148,44,50,55,169,44,77,247,184,54,344,48,82,,281,,,b'\x11\xe8\xe1I\xc8>\x98(\xaf\x82\x12\xdf\x17\xaeN\x1e'
11E8E149-C83E-9828-AF82-12DF17AE4E1E,2021-ncaa-d0-natl,ncaa,205,60,304,147,304,301,312,315,289,325,323,270,214,226,197,37,244,264,109,262,13,307,312,240,211,186,9,37,29,287,132,286,49,294,56,302,96,25,140,164,329,326,324,317,,,26,130,,,169,314,310,28,216,298,240,326,324,70,41,49,63,59,208,236,135,52,57,217,113,332,310,,71,,,172,33,33,39,102,39,42,115,41,49,78,158,39,32,281,32,107,35,26,85,86,229,122,139,171,24,49,28,132,22,56,22,54,330,336,287,28,133,106,327,,,309,147,,,169,27,166,211,186,128,141,192,158,209,125,155,148,122,122,177,39,80,153,97,72,339,111,287,,183,,,b'\x11\xe8\xe1I\xc8>\x98(\xaf\x82\x12\xdf\x17\xaeN\x1e'
11E8E149-C83E-9828-AF82-12DF17AE4E1E,2021-ncaa-d1-conf-Big West,ncaa,5,3,6,4,6,6,8,7,9,8,9,9,3,4,6,2,4,3,4,3,1,6,6,10,7,5,3,4,1,5,2,6,3,5,2,8,6,5,5,8,10,9,10,10,,,2,5,,,6,7,7,2,5,10,5,9,9,4,2,2,2,2,3,3,2,2,1,7,7,9,9,,3,,,6,4,4,5,4,4,7,4,3,4,2,3,4,4,7,4,5,5,4,2,2,7,3,3,6,3,3,3,2,3,2,2,2,9,10,9,4,2,10,10,,,5,6,,,6,4,6,8,7,7,8,8,7,9,4,3,7,7,7,8,4,7,5,3,2,10,5,10,,3,,,b'\x11\xe8\xe1I\xc8>\x98(\xaf\x82\x12\xdf\x17\xaeN\x1e'
11E8E149-C83E-9828-AF82-12DF17AE4E1E,2021-ncaa-d1-natl,ncaa,202,82,292,153,292,287,295,297,263,307,311,222,198,198,210,48,203,215,155,213,10,291,296,219,180,183,24,76,23,261,98,251,23,261,30,289,134,45,172,196,326,328,309,306,,,41,158,,,172,294,285,38,195,292,250,313,316,92,55,36,46,44,208,221,121,38,41,225,164,334,301,,115,,,175,53,58,57,106,53,58,100,88,75,171,206,45,41,218,41,108,57,44,108,96,247,210,224,134,30,23,44,98,37,30,36,50,326,337,299,51,164,107,303,,,279,99,,,172,47,162,209,188,143,153,212,138,193,199,214,121,114,116,195,43,50,112,69,77,339,153,227,,122,,,b'\x11\xe8\xe1I\xc8>\x98(\xaf\x82\x12\xdf\x17\xaeN\x1e'
11E8E149-C83E-9828-AF82-12DF17AE4E1E,2022-ncaa-d0-natl,ncaa,79,67,112,75,148,143,204,229,182,279,305,162,64,73,83,64,46,38,171,40,1,192,193,115,88,113,13,59,23,210,218,138,158,165,154,192,137,178,190,184,163,171,186,181,,,238,235,,,176,182,259,275,169,279,320,333,343,70,78,37,36,35,273,282,250,157,207,221,149,186,201,,203,,,176,215,175,206,135,132,141,160,272,278,184,279,241,232,277,233,246,210,196,162,180,226,289,271,238,185,158,174,218,173,154,136,110,238,258,200,177,193,49,137,,,90,34,,,176,181,116,223,168,168,142,149,102,93,253,269,223,207,207,160,110,167,119,139,108,276,156,29,,89,,,b'\x11\xe8\xe1I\xc8>\x98(\xaf\x82\x12\xdf\x17\xaeN\x1e'
11E8E149-C83E-9828-AF82-12DF17AE4E1E,2022-ncaa-d1-conf-Big West,ncaa,1,1,2,1,2,2,2,3,1,4,8,4,1,4,1,3,1,1,7,1,1,2,2,2,1,1,1,3,2,2,3,2,6,2,3,5,7,7,6,5,4,5,2,4,,,8,6,,,2,2,8,10,1,6,9,9,10,3,4,1,1,1,7,9,5,5,6,5,5,5,4,,6,,,2,9,9,11,3,6,10,2,10,11,6,8,8,8,7,8,5,10,10,6,5,5,7,8,7,10,6,6,3,7,3,2,1,4,5,2,4,2,5,4,,,2,1,,,2,10,1,6,1,5,5,5,4,4,6,9,6,5,5,6,5,9,1,2,1,5,1,2,,1,,,b'\x11\xe8\xe1I\xc8>\x98(\xaf\x82\x12\xdf\x17\xaeN\x1e'
11E8E149-C83E-9828-AF82-12DF17AE4E1E,2022-ncaa-d1-natl,ncaa,93,67,146,83,196,189,244,273,195,311,326,176,83,91,86,63,55,49,168,50,1,235,243,124,97,121,12,60,16,238,223,173,163,205,168,226,149,149,196,195,194,183,202,184,,,207,237,,,203,237,265,275,187,298,333,339,344,74,82,36,37,36,283,293,255,171,226,239,155,197,204,,208,,,203,176,149,162,149,109,111,167,254,264,201,279,225,211,285,210,247,161,135,179,193,247,288,270,231,166,163,137,223,134,168,125,112,274,271,213,156,204,41,154,,,106,29,,,203,132,129,245,192,183,155,152,109,96,262,269,228,212,211,162,106,168,128,143,119,285,161,31,,89,,,b'\x11\xe8\xe1I\xc8>\x98(\xaf\x82\x12\xdf\x17\xaeN\x1e'
11E8E149-C83E-9828-AF82-12DF17AE4E1E,2022-ncaa-d1-ncaatournament,ncaa,37,2,37,37,38,64,63,41,68,68,56,68,35,30,52,3,56,62,5,61,59,44,45,64,64,63,1,3,29,44,50,53,50,52,64,59,23,3,4,23,53,51,49,49,,,2,12,,,64,45,13,5,63,62,5,68,45,11,3,49,60,59,11,16,20,48,40,53,4,46,43,,12,,,65,28,32,26,62,32,20,64,20,22,42,37,13,15,9,15,37,25,23,61,58,60,16,32,16,21,50,34,50,31,64,33,50,56,57,64,6,11,13,32,,,64,65,,,64,18,63,64,67,63,66,56,64,48,42,46,34,42,42,57,47,40,68,67,65,52,11,23,,64,,,b'\x11\xe8\xe1I\xc8>\x98(\xaf\x82\x12\xdf\x17\xaeN\x1e'
11E8E149-C83E-9828-AF82-12DF17AE4E1E,2023-ncaa-d0-natl,ncaa,120,160,46,149,48,163,190,174,217,251,307,123,89,46,237,35,127,133,170,132,31,154,142,166,162,172,44,68,127,218,240,101,82,129,148,170,147,238,233,212,177,177,242,241,,,265,269,,,166,128,340,22,262,289,329,329,349,108,72,191,184,186,320,325,282,179,255,240,164,226,277,,173,,,166,190,180,218,111,138,137,181,217,294,57,297,215,235,104,226,252,221,214,120,117,144,252,223,211,119,82,229,240,195,148,97,78,190,215,134,205,200,170,254,,,135,129,,,166,232,190,124,161,61,54,60,60,32,148,232,144,166,158,53,31,51,116,69,38,272,142,113,,231,,,b'\x11\xe8\xe1I\xc8>\x98(\xaf\x82\x12\xdf\x17\xaeN\x1e'
11E8E149-C83E-9828-AF82-12DF17AE4E1E,2023-ncaa-d1-conf-Big West,ncaa,2,3,1,3,2,2,3,3,5,5,8,2,2,1,7,3,2,2,9,2,1,1,3,4,4,4,2,3,4,6,5,2,3,2,6,1,4,8,4,3,4,7,8,10,,,9,8,,,3,3,8,4,3,6,8,7,10,3,3,3,3,3,4,8,7,4,6,4,3,7,10,,9,,,3,9,8,10,3,8,9,5,10,11,2,9,8,8,1,8,8,9,9,3,2,4,7,8,7,8,3,9,5,9,6,4,3,5,6,4,5,3,8,8,,,2,3,,,3,10,3,3,3,4,5,8,5,5,7,8,7,7,7,6,5,5,5,6,2,6,2,7,,3,,,b'\x11\xe8\xe1I\xc8>\x98(\xaf\x82\x12\xdf\x17\xaeN\x1e'
11E8E149-C83E-9828-AF82-12DF17AE4E1E,2023-ncaa-d1-natl,ncaa,136,160,56,155,60,196,229,226,227,286,328,131,104,62,245,33,151,153,168,150,29,208,202,174,165,179,38,69,116,254,255,127,91,165,161,201,149,219,239,225,209,194,258,248,,,241,276,,,186,180,341,21,273,300,332,335,351,116,78,191,185,187,323,331,295,191,267,256,164,235,285,,177,,,187,162,133,181,126,109,98,197,205,283,59,297,198,219,109,204,255,185,159,133,135,165,253,222,212,96,91,195,255,158,161,80,81,224,223,156,187,206,156,263,,,166,119,,,186,186,210,147,183,70,61,60,66,36,155,234,153,174,162,57,29,52,121,73,40,286,143,119,,227,,,b'\x11\xe8\xe1I\xc8>\x98(\xaf\x82\x12\xdf\x17\xaeN\x1e'
11E8E149-C83E-9828-AF82-12DF17AE4E1E,2023-ncaa-d1-ncaatournament,ncaa,36,2,36,36,38,59,65,63,61,67,68,33,37,27,51,1,49,54,1,51,5,61,51,55,50,59,4,7,15,40,13,57,62,46,45,58,38,32,67,63,50,44,45,44,,,25,53,,,54,61,54,7,59,65,61,67,68,14,2,36,49,43,59,42,18,55,36,55,66,38,35,,58,,,57,14,16,16,38,26,24,56,1,7,1,13,29,33,29,33,54,24,14,28,32,41,8,1,59,33,62,6,13,15,45,9,27,60,59,51,35,63,40,68,,,62,63,,,54,9,56,50,57,45,47,43,59,54,1,16,58,62,62,55,39,62,20,45,32,58,64,63,,61,,,b'\x11\xe8\xe1I\xc8>\x98(\xaf\x82\x12\xdf\x17\xaeN\x1e'
11E8E149-C83E-9828-AF82-12DF17AE4E1E,2024-ncaa-d0-natl,ncaa,86,72,143,81,166,227,278,287,246,347,348,185,74,64,145,23,148,185,90,176,13,277,295,156,141,155,3,20,77,319,313,133,168,210,227,265,191,114,205,236,256,230,154,125,,,65,111,,,118,273,343,155,267,328,348,357,358,68,56,156,193,182,334,345,328,120,250,290,118,270,158,,63,,,117,33,42,143,10,24,90,33,142,248,19,306,63,61,192,63,126,120,97,15,13,36,263,268,162,204,168,162,313,179,227,29,86,277,245,129,205,276,101,293,,,174,52,,,118,79,189,51,117,15,18,116,18,50,141,248,68,63,66,72,31,199,157,173,22,300,202,98,,189,,,b'\x11\xe8\xe1I\xc8>\x98(\xaf\x82\x12\xdf\x17\xaeN\x1e'
11E8E149-C83E-9828-AF82-12DF17AE4E1E,2024-ncaa-d1-conf-Big West,ncaa,1,1,3,1,5,4,5,8,2,8,11,1,2,2,4,3,3,4,5,4,1,8,10,2,1,1,3,3,5,10,8,3,2,6,5,8,11,3,4,5,9,9,5,4,,,1,1,,,2,8,11,7,3,4,9,7,10,3,3,2,4,4,9,11,9,4,6,8,3,9,4,,1,,,2,3,4,7,3,2,6,3,6,8,2,9,2,1,3,1,4,6,3,3,2,5,7,9,5,6,2,3,8,3,5,3,4,10,10,7,3,5,5,8,,,6,3,,,2,3,2,5,2,2,3,6,2,5,6,9,2,1,1,4,1,6,3,3,2,10,3,5,,5,,,b'\x11\xe8\xe1I\xc8>\x98(\xaf\x82\x12\xdf\x17\xaeN\x1e'
11E8E149-C83E-9828-AF82-12DF17AE4E1E,2024-ncaa-d1-natl,ncaa,108,72,194,89,220,272,324,335,261,356,355,202,89,74,150,22,169,214,93,206,11,325,336,169,150,172,3,22,68,332,321,168,181,262,241,296,203,86,210,248,286,245,173,132,,,46,116,,,141,321,347,154,282,339,352,360,360,71,60,158,198,186,341,351,334,128,269,305,120,280,163,,65,,,141,15,16,101,17,20,61,42,123,232,25,306,49,49,200,51,126,77,44,21,17,46,257,267,162,182,181,131,321,144,241,24,92,309,263,150,182,288,88,300,,,210,46,,,141,31,204,76,141,22,22,118,21,57,151,250,77,72,75,77,30,208,165,185,26,308,208,109,,189,,,b'\x11\xe8\xe1I\xc8>\x98(\xaf\x82\x12\xdf\x17\xaeN\x1e'
11E8E149-C83E-9828-AF82-12DF17AE4E1E,2025-ncaa-d0-natl,genius_ncaa,71,65,90,71,95,206,236,213,252,277,300,164,164,84,297,63,109,150,90,147,40,198,196,234,210,217,70,128,66,222,234,45,57,88,84,224,179,203,223,241,180,184,34,14,,,65,54,,120,81,189,315,120,280,309,321,321,337,189,97,137,180,172,310,310,261,29,100,271,159,213,30,,42,,98,83,19,18,203,2,13,87,10,138,322,1,348,79,56,312,54,111,176,181,3,3,5,304,290,220,158,57,209,234,188,84,12,47,187,173,35,151,166,17,54,,,168,149,,230,81,176,230,7,82,5,4,122,6,31,99,319,56,42,41,75,54,121,141,120,4,217,131,10,,233,,256,b'\x11\xe8\xe1I\xc8>\x98(\xaf\x82\x12\xdf\x17\xaeN\x1e'
11E8E149-C83E-9828-AF82-12DF17AE4E1E,2025-ncaa-d1-conf-Big West,genius_ncaa,1,1,5,1,5,7,7,8,5,8,8,2,8,6,9,5,2,3,3,3,2,7,8,4,3,4,4,8,3,7,6,2,1,4,1,7,5,7,8,6,8,7,3,2,,,1,1,,2,4,7,7,2,6,6,8,7,8,8,5,3,3,3,7,6,7,2,2,7,8,8,4,,1,,2,4,2,2,7,2,2,3,4,3,9,1,10,1,1,6,1,1,5,6,2,1,1,4,7,4,3,1,1,6,1,1,1,3,8,6,2,6,6,1,2,,,7,5,,9,4,5,7,1,3,2,2,7,3,6,3,10,1,1,1,6,5,3,2,2,2,7,6,2,,6,,10,b'\x11\xe8\xe1I\xc8>\x98(\xaf\x82\x12\xdf\x17\xaeN\x1e'
11E8E149-C83E-9828-AF82-12DF17AE4E1E,2025-ncaa-d1-natl,genius_ncaa,78,65,113,71,118,242,276,261,262,296,326,173,185,102,303,62,132,166,90,164,36,244,250,242,215,224,71,125,59,252,247,58,59,115,94,259,184,172,230,255,214,196,40,14,,,52,55,,108,97,232,315,113,296,328,328,324,339,195,100,138,180,173,315,312,274,30,111,285,161,229,33,,46,,104,96,14,12,170,2,10,55,12,124,314,1,345,64,49,314,47,115,132,128,3,3,5,302,287,214,137,59,170,247,157,94,7,50,222,182,44,131,171,15,54,,,201,143,,235,97,129,243,8,95,6,4,124,6,32,107,320,57,45,41,80,53,124,147,122,5,233,131,9,,235,,253,b'\x11\xe8\xe1I\xc8>\x98(\xaf\x82\x12\xdf\x17\xaeN\x1e'
11E8E149-C83E-9828-AF82-12DF17AE4E1E,2026-ncaa-d0-natl,genius_ncaa,212,198,206,223,216,210,219,267,122,224,243,179,177,263,51,220,153,164,143,160,94,257,240,112,105,149,115,144,98,235,158,186,219,212,137,189,120,207,278,212,312,332,39,21,,,109,110,,118,198,241,196,97,176,197,296,204,233,144,247,104,121,119,269,215,227,115,144,149,266,330,16,,127,,143,197,149,144,171,109,129,167,103,196,197,181,209,154,161,154,145,149,165,130,124,120,206,217,237,170,199,219,63,158,103,137,135,152,312,330,287,254,310,94,134,,,228,157,,355,198,120,162,228,198,213,223,298,185,264,249,264,195,198,186,291,207,258,67,133,186,326,294,116,,181,,355,b'\x11\xe8\xe1I\xc8>\x98(\xaf\x82\x12\xdf\x17\xaeN\x1e'
11E8E149-C83E-9828-AF82-12DF17AE4E1E,2026-ncaa-d1-conf-Big West,genius_ncaa,8,8,1,8,1,3,2,7,2,2,7,2,2,4,2,5,6,6,3,6,5,6,4,1,1,5,4,4,8,8,7,2,7,3,4,2,4,10,10,6,7,9,1,1,,,7,7,,5,6,2,2,1,4,3,9,4,9,2,5,7,7,7,8,4,10,2,4,3,10,7,1,,7,,4,6,10,10,11,6,11,11,7,2,3,4,1,7,8,7,7,6,11,10,6,5,8,2,1,7,10,7,4,7,5,4,9,7,10,11,10,11,11,7,6,,,5,7,,8,6,10,6,9,6,10,10,11,11,11,2,1,7,8,7,11,10,10,3,5,9,11,11,5,,5,,9,b'\x11\xe8\xe1I\xc8>\x98(\xaf\x82\x12\xdf\x17\xaeN\x1e'
11E8E149-C83E-9828-AF82-12DF17AE4E1E,2026-ncaa-d1-natl,genius_ncaa,163,195,85,192,89,182,177,199,158,170,185,179,184,204,156,207,144,154,154,154,142,195,136,166,160,231,172,185,134,154,115,56,161,85,78,196,207,338,331,282,326,351,21,24,,,157,92,,201,212,146,263,47,244,236,312,229,252,220,249,183,197,196,310,225,208,56,104,239,312,349,19,,102,,160,212,223,197,292,52,137,259,32,304,302,223,246,203,217,147,207,160,290,234,68,70,167,306,305,175,271,161,129,115,177,78,206,174,297,336,283,342,334,108,112,,,183,237,,354,212,219,235,185,214,161,133,283,80,233,288,284,169,179,162,280,158,232,47,97,147,339,325,83,,246,,357,b'\x11\xe8\xe1I\xc8>\x98(\xaf\x82\x12\xdf\x17\xaeN\x1e'
11E8E149-C843-2B5E-AF82-12DF17AE4E1E,2010-ncaa-d0-natl,ncaa,125,114,122,125,150,120,116,111,162,106,76,196,183,214,95,255,116,121,126,123,211,108,115,176,162,146,217,217,152,172,250,120,293,143,280,134,184,166,122,139,109,158,20,41,,,262,173,,,137,102,58,135,100,93,83,95,58,182,238,112,116,117,80,93,179,106,138,132,162,111,15,,256,,,137,225,242,257,161,320,330,132,7,16,30,2,283,306,31,305,182,276,279,78,74,70,5,2,268,326,293,290,250,324,280,19,2,82,143,18,295,264,135,87,,,177,264,,,137,255,162,112,128,214,234,274,326,342,5,10,273,310,309,306,316,325,288,318,16,84,280,128,,204,,,b'\x11\xe8\xe1I\xc8C+^\xaf\x82\x12\xdf\x17\xaeN\x1e'
11E8E149-C843-2B5E-AF82-12DF17AE4E1E,2010-ncaa-d1-conf-Big South,ncaa,3,3,3,3,3,3,3,2,3,3,4,3,3,2,3,3,3,3,4,3,5,2,3,3,3,3,4,3,6,5,7,2,6,3,6,3,4,2,2,2,4,6,1,1,,,5,1,,,3,2,1,6,3,3,1,3,2,2,2,4,4,4,1,3,6,2,4,2,2,4,1,,5,,,3,7,7,8,4,8,8,4,1,1,5,1,7,7,2,7,2,8,7,4,4,4,2,1,4,8,6,8,7,8,6,1,1,3,6,2,5,4,5,3,,,5,8,,,3,7,3,3,3,5,6,8,7,8,1,1,7,6,6,8,8,8,6,8,2,5,5,4,,7,,,b'\x11\xe8\xe1I\xc8C+^\xaf\x82\x12\xdf\x17\xaeN\x1e'
11E8E149-C843-2B5E-AF82-12DF17AE4E1E,2010-ncaa-d1-natl,ncaa,132,114,134,133,165,128,125,120,164,112,84,202,191,229,97,254,123,132,125,132,211,120,127,183,168,148,217,214,148,187,255,129,296,159,285,137,186,155,122,147,123,166,22,41,,,250,172,,,146,112,59,135,103,98,87,99,61,184,237,112,118,118,84,95,182,111,142,135,164,116,15,,258,,,147,218,236,249,165,316,328,135,4,14,29,2,275,302,32,302,182,269,273,81,80,79,4,2,266,324,296,281,255,321,285,16,2,93,152,20,288,265,130,89,,,189,262,,,146,243,166,120,136,222,242,275,328,342,4,10,275,310,310,308,316,327,290,321,16,86,280,131,,206,,,b'\x11\xe8\xe1I\xc8C+^\xaf\x82\x12\xdf\x17\xaeN\x1e'
11E8E149-C843-2B5E-AF82-12DF17AE4E1E,2011-ncaa-d0-natl,ncaa,208,154,319,202,321,213,205,247,140,227,247,178,122,168,36,125,285,295,127,290,261,269,309,113,131,84,127,82,285,227,175,281,326,280,275,153,81,9,38,30,263,231,9,7,,,26,55,,,126,318,188,90,90,77,60,144,134,62,96,217,245,235,85,159,137,153,126,58,47,205,3,,95,,,117,40,110,101,171,211,254,124,15,15,123,8,31,74,5,72,43,81,53,105,56,128,6,21,68,281,326,66,175,153,275,21,10,307,277,150,43,120,81,135,,,325,297,,,126,24,82,211,124,180,276,307,317,338,31,25,89,153,154,297,262,335,236,319,78,253,127,160,,280,,,b'\x11\xe8\xe1I\xc8C+^\xaf\x82\x12\xdf\x17\xaeN\x1e'
11E8E149-C843-2B5E-AF82-12DF17AE4E1E,2011-ncaa-d1-conf-Big South,ncaa,4,4,3,4,3,1,1,1,2,3,4,2,2,2,2,2,4,5,1,5,4,2,3,3,2,1,3,2,7,3,5,3,8,3,7,1,1,1,1,1,5,7,1,1,,,5,1,,,3,2,3,3,1,1,1,4,4,2,2,4,4,4,2,3,3,4,3,1,1,5,1,,2,,,2,6,7,8,5,8,8,3,1,1,6,1,4,5,2,5,1,8,7,4,3,3,1,1,4,8,8,7,5,8,7,1,1,5,7,3,2,2,4,3,,,6,7,,,3,6,1,6,3,5,6,7,8,8,1,1,3,5,6,7,8,8,6,8,1,4,1,3,,5,,,b'\x11\xe8\xe1I\xc8C+^\xaf\x82\x12\xdf\x17\xaeN\x1e'
11E8E149-C843-2B5E-AF82-12DF17AE4E1E,2011-ncaa-d1-natl,ncaa,159,152,132,164,153,102,80,90,97,91,108,127,94,144,38,161,209,219,157,205,280,106,150,92,114,69,191,116,294,100,100,133,315,111,215,59,82,36,35,23,157,177,4,7,,,59,36,,,60,177,195,122,73,47,50,76,100,89,136,219,230,219,72,136,95,128,84,37,47,160,3,,53,,,55,112,205,263,112,288,318,95,27,33,65,11,41,112,2,104,33,240,228,59,23,57,5,27,47,332,315,175,100,289,215,35,9,194,231,82,96,102,97,74,,,258,302,,,60,154,52,119,59,119,210,279,298,333,25,27,43,118,109,258,250,335,172,300,44,193,113,102,,277,,,b'\x11\xe8\xe1I\xc8C+^\xaf\x82\x12\xdf\x17\xaeN\x1e'
11E8E149-C843-2B5E-AF82-12DF17AE4E1E,2012-ncaa-d0-natl,ncaa,87,107,48,100,66,39,37,31,90,25,20,130,204,212,163,285,29,20,236,20,137,25,19,149,143,132,280,282,111,27,65,91,278,41,159,66,230,282,118,142,21,55,18,50,,,223,47,,,77,23,23,220,42,42,28,27,12,238,252,40,23,23,19,16,41,182,68,86,216,29,19,,132,,,81,295,330,319,257,338,338,228,63,55,160,15,108,172,14,172,35,312,326,199,149,81,5,22,36,327,278,303,65,323,159,215,30,19,48,37,320,216,225,66,,,11,68,,,77,320,102,106,93,222,290,284,323,337,36,27,62,113,111,256,319,289,216,276,140,21,282,172,,10,,,b'\x11\xe8\xe1I\xc8C+^\xaf\x82\x12\xdf\x17\xaeN\x1e'
11E8E149-C843-2B5E-AF82-12DF17AE4E1E,2012-ncaa-d1-conf-Big South,ncaa,2,2,1,2,2,2,1,1,3,1,1,2,7,6,7,7,2,2,5,2,5,1,1,4,4,3,8,9,4,3,3,2,7,3,3,2,4,6,2,2,1,2,2,2,,,3,2,,,2,1,1,7,2,1,2,1,1,8,6,4,3,3,2,2,3,4,3,2,4,1,2,,3,,,2,7,7,9,4,9,9,3,1,2,2,1,3,4,3,4,1,9,9,2,2,1,1,1,1,9,7,7,3,8,3,1,1,1,2,1,7,4,4,3,,,2,4,,,2,9,2,2,2,2,7,8,8,9,1,1,1,3,3,6,9,8,2,5,1,1,4,3,,2,,,b'\x11\xe8\xe1I\xc8C+^\xaf\x82\x12\xdf\x17\xaeN\x1e'
11E8E149-C843-2B5E-AF82-12DF17AE4E1E,2012-ncaa-d1-natl,ncaa,90,107,55,101,74,43,40,34,95,27,21,137,212,225,169,285,31,21,237,21,135,28,21,154,147,138,278,280,111,30,70,109,283,45,166,73,234,274,121,148,25,58,19,50,,,207,48,,,83,24,23,213,45,45,30,29,13,243,254,39,23,23,19,17,43,187,75,98,217,29,20,,132,,,86,284,326,317,259,338,337,231,56,45,164,15,99,158,15,157,36,306,326,203,158,89,5,23,37,323,283,298,70,318,166,205,30,23,50,44,317,216,218,68,,,13,61,,,83,319,107,117,98,226,292,285,325,337,36,26,66,117,116,258,321,293,221,277,146,21,281,175,,11,,,b'\x11\xe8\xe1I\xc8C+^\xaf\x82\x12\xdf\x17\xaeN\x1e'
11E8E149-C843-2B5E-AF82-12DF17AE4E1E,2013-ncaa-d0-natl,ncaa,149,105,251,134,277,174,145,168,114,98,103,141,256,264,188,271,192,162,255,160,224,170,131,158,170,217,293,262,201,86,47,175,141,129,72,169,206,304,280,250,104,87,3,2,,,192,194,,,134,153,24,161,111,73,74,48,38,245,253,152,114,114,69,19,39,78,37,121,325,60,1,,271,,,131,118,94,131,112,210,260,69,12,10,165,4,287,265,273,264,197,162,186,68,104,76,70,12,312,149,141,79,47,93,72,67,78,111,98,56,338,329,40,27,,,183,237,,,134,196,187,82,132,205,178,232,265,331,21,14,305,296,296,273,307,213,157,180,113,66,343,64,,118,,,b'\x11\xe8\xe1I\xc8C+^\xaf\x82\x12\xdf\x17\xaeN\x1e'
11E8E149-C843-2B5E-AF82-12DF17AE4E1E,2013-ncaa-d1-conf-Big South,ncaa,6,4,6,5,7,5,5,7,3,2,7,3,7,7,6,8,10,10,10,9,11,7,6,4,4,6,11,9,11,5,5,5,5,5,4,3,4,9,7,5,5,6,1,1,,,8,8,,,3,6,1,5,3,3,2,1,2,7,7,10,10,9,4,2,5,4,4,3,9,5,1,,8,,,3,3,3,6,3,6,10,3,1,2,2,1,9,8,9,8,7,7,7,3,3,2,4,1,11,4,5,5,5,4,4,2,2,5,5,1,9,9,1,1,,,8,10,,,3,6,5,2,3,5,5,9,7,11,2,2,11,11,11,10,11,7,5,5,2,4,10,1,,8,,,b'\x11\xe8\xe1I\xc8C+^\xaf\x82\x12\xdf\x17\xaeN\x1e'
11E8E149-C843-2B5E-AF82-12DF17AE4E1E,2013-ncaa-d1-natl,ncaa,135,104,210,126,254,150,125,134,115,81,75,149,247,256,187,268,194,166,268,163,242,138,102,159,179,217,295,260,222,65,47,130,133,89,66,140,180,312,275,228,93,91,2,1,,,213,184,,,125,122,20,172,105,67,59,41,32,241,251,172,124,122,55,17,38,57,29,91,323,61,1,,262,,,124,137,120,180,94,224,296,57,12,9,150,3,293,277,268,276,190,206,224,55,86,71,61,11,311,171,133,103,47,123,66,66,77,104,100,56,338,325,48,24,,,178,252,,,125,218,185,76,126,198,171,244,269,335,18,10,305,295,295,280,310,215,170,195,105,67,341,71,,134,,,b'\x11\xe8\xe1I\xc8C+^\xaf\x82\x12\xdf\x17\xaeN\x1e'
11E8E149-C843-2B5E-AF82-12DF17AE4E1E,2014-ncaa-d0-natl,ncaa,78,72,85,79,94,79,88,55,169,82,79,161,126,108,192,167,61,85,129,88,152,58,57,173,158,154,154,174,129,54,86,175,276,103,179,123,212,263,150,183,37,47,50,61,,,308,229,,,125,67,64,66,69,80,49,106,106,137,124,77,88,92,50,41,58,235,131,152,228,36,46,,290,,,125,291,257,228,240,271,253,213,189,154,249,93,299,316,80,317,274,261,296,222,228,157,169,122,254,285,276,261,86,280,179,242,176,39,63,75,326,284,215,146,,,62,149,,,125,284,121,170,123,252,230,184,231,230,159,117,273,297,298,230,297,263,216,257,210,39,317,197,,68,,,b'\x11\xe8\xe1I\xc8C+^\xaf\x82\x12\xdf\x17\xaeN\x1e'
11E8E149-C843-2B5E-AF82-12DF17AE4E1E,2014-ncaa-d1-conf-Big South,ncaa,1,1,1,1,2,1,1,1,3,2,2,3,1,1,6,4,1,2,2,2,3,1,1,3,2,1,4,6,3,3,5,3,5,4,5,2,5,8,3,2,2,2,2,4,,,10,7,,,3,1,1,4,1,1,1,2,3,1,3,1,2,3,1,1,3,7,6,2,5,2,4,,10,,,3,10,10,9,8,10,10,10,7,6,7,4,10,10,2,10,9,10,10,8,9,7,4,4,6,7,5,8,5,7,5,10,9,1,1,3,8,5,9,4,,,1,3,,,3,10,2,6,3,9,9,5,9,6,5,4,9,10,10,9,10,6,6,6,9,1,7,7,,2,,,b'\x11\xe8\xe1I\xc8C+^\xaf\x82\x12\xdf\x17\xaeN\x1e'
11E8E149-C843-2B5E-AF82-12DF17AE4E1E,2014-ncaa-d1-natl,ncaa,67,72,59,77,67,66,67,49,156,71,66,145,126,110,199,174,61,75,134,77,160,49,40,166,154,154,166,181,142,49,88,175,280,96,186,119,219,271,149,184,32,51,41,57,,,322,240,,,126,46,68,72,71,76,53,91,102,144,132,82,94,97,52,44,68,250,142,153,224,38,46,,297,,,128,305,276,247,237,281,280,213,188,154,248,88,312,322,79,323,280,288,307,224,230,155,168,116,259,298,280,269,88,298,186,250,177,29,60,76,328,272,243,162,,,55,148,,,126,303,123,165,128,250,220,171,231,228,146,103,280,299,302,228,294,269,215,254,203,42,312,214,,75,,,b'\x11\xe8\xe1I\xc8C+^\xaf\x82\x12\xdf\x17\xaeN\x1e'
11E8E149-C843-2B5E-AF82-12DF17AE4E1E,2015-ncaa-d0-natl,ncaa,97,86,113,98,141,89,98,144,76,83,159,40,180,148,249,163,47,67,53,67,54,127,102,97,77,94,187,225,53,162,160,96,286,110,187,163,263,257,221,225,76,92,36,65,,,307,264,,,95,97,57,199,70,90,164,78,188,181,146,29,49,49,132,104,183,84,120,173,247,66,36,,311,,,94,211,196,275,81,271,316,60,38,53,78,15,270,281,145,287,166,286,283,43,60,84,65,21,274,327,286,151,160,261,187,112,59,121,181,87,263,231,288,281,,,79,114,,,95,257,105,120,95,178,183,289,276,333,29,36,272,281,283,307,318,327,127,241,91,126,251,292,,68,,,b'\x11\xe8\xe1I\xc8C+^\xaf\x82\x12\xdf\x17\xaeN\x1e'
11E8E149-C843-2B5E-AF82-12DF17AE4E1E,2015-ncaa-d1-conf-Big South,ncaa,2,2,1,2,2,1,1,2,2,3,3,1,5,3,8,4,2,2,3,2,2,2,2,2,2,2,6,8,3,4,5,2,9,3,6,3,8,9,6,5,2,2,2,4,,,11,8,,,2,1,1,9,1,2,4,3,5,6,4,2,2,2,3,2,5,4,4,3,6,2,2,,11,,,2,7,9,11,5,11,11,4,2,3,1,1,8,10,4,9,3,11,11,2,2,3,1,1,8,11,9,6,5,8,6,5,1,3,8,3,6,4,8,5,,,2,5,,,2,10,2,4,2,6,7,9,8,11,1,2,7,8,8,10,11,11,5,7,3,3,5,7,,3,,,b'\x11\xe8\xe1I\xc8C+^\xaf\x82\x12\xdf\x17\xaeN\x1e'
11E8E149-C843-2B5E-AF82-12DF17AE4E1E,2015-ncaa-d1-natl,ncaa,92,86,97,95,118,81,92,131,77,74,149,43,184,148,259,170,37,57,59,57,59,108,86,104,80,106,191,232,51,153,160,76,294,104,185,167,273,291,230,245,73,92,31,64,,,315,270,,,104,72,59,217,72,105,168,77,179,184,151,29,50,48,135,103,178,81,125,184,264,64,31,,313,,,105,236,226,287,84,285,326,60,45,49,99,13,285,293,152,295,167,302,302,46,64,85,65,24,273,335,294,165,160,278,185,109,52,116,177,87,293,248,297,285,,,73,108,,,104,280,118,127,109,192,199,292,279,335,31,33,278,281,282,307,320,335,127,247,91,125,268,290,,67,,,b'\x11\xe8\xe1I\xc8C+^\xaf\x82\x12\xdf\x17\xaeN\x1e'
11E8E149-C843-2B5E-AF82-12DF17AE4E1E,2016-ncaa-d0-natl,ncaa,239,249,175,248,144,172,170,196,136,170,171,170,170,200,105,188,176,247,22,245,255,212,203,143,126,156,182,175,180,240,229,238,294,252,275,223,266,191,220,231,150,153,310,321,,,283,293,,,261,186,244,1,148,152,172,152,153,169,189,177,250,251,201,196,229,254,264,221,212,140,312,,301,,,259,274,290,203,312,315,245,319,83,102,106,58,245,277,80,271,223,214,194,287,281,293,51,40,199,273,294,149,229,203,275,200,98,231,241,230,258,272,346,345,,,247,260,,,261,168,173,303,253,291,301,237,325,280,94,104,260,290,284,256,247,285,165,232,215,216,261,347,,259,,,b'\x11\xe8\xe1I\xc8C+^\xaf\x82\x12\xdf\x17\xaeN\x1e'
11E8E149-C843-2B5E-AF82-12DF17AE4E1E,2016-ncaa-d1-conf-Big South,ncaa,6,6,3,6,3,2,1,1,1,1,3,2,3,6,1,6,3,7,1,7,10,3,4,1,1,1,5,5,10,10,10,5,4,7,5,2,5,4,5,2,3,4,8,9,,,9,9,,,6,1,8,1,1,1,4,2,4,5,6,4,7,7,5,6,10,5,10,2,5,3,8,,9,,,6,11,11,9,10,11,10,10,6,5,6,2,9,9,3,9,5,10,8,10,10,11,3,3,5,6,4,6,10,5,5,9,4,8,9,10,8,8,11,10,,,9,9,,,6,11,2,10,6,10,10,9,11,10,7,5,9,9,9,9,9,4,6,5,9,8,7,11,,10,,,b'\x11\xe8\xe1I\xc8C+^\xaf\x82\x12\xdf\x17\xaeN\x1e'
11E8E149-C843-2B5E-AF82-12DF17AE4E1E,2016-ncaa-d1-natl,ncaa,234,249,142,247,114,162,154,181,134,152,170,165,165,190,107,188,183,246,31,245,261,201,187,138,129,151,190,172,199,224,222,237,295,244,273,221,275,190,211,231,145,158,300,319,,,297,297,,,255,169,244,1,148,144,172,143,152,171,186,185,251,252,196,190,224,258,264,226,206,138,303,,305,,,254,279,285,207,314,319,254,317,87,89,113,56,265,290,59,285,232,220,202,287,278,295,49,38,200,278,295,173,222,229,273,214,115,214,234,224,254,257,346,345,,,243,263,,,255,179,171,299,254,287,294,225,323,278,95,98,263,295,292,250,247,290,174,236,222,213,249,348,,262,,,b'\x11\xe8\xe1I\xc8C+^\xaf\x82\x12\xdf\x17\xaeN\x1e'
11E8E149-C843-2B5E-AF82-12DF17AE4E1E,2017-ncaa-d0-natl,ncaa,197,152,291,198,292,203,223,240,176,235,225,250,146,198,41,167,159,217,44,214,176,240,265,150,130,128,88,121,123,143,85,168,82,163,66,205,166,62,127,135,233,191,330,325,,,187,281,,,154,303,190,39,115,143,122,182,143,99,153,100,151,153,119,138,70,59,45,145,150,191,323,,279,,,152,83,95,83,171,67,57,181,213,207,208,274,102,156,23,152,227,80,54,192,174,219,258,273,145,57,82,54,85,42,66,104,173,289,251,234,66,113,267,289,,,277,239,,,154,69,96,212,138,221,209,221,162,130,272,285,161,225,224,233,186,139,146,144,182,248,125,301,,220,,,b'\x11\xe8\xe1I\xc8C+^\xaf\x82\x12\xdf\x17\xaeN\x1e'
11E8E149-C843-2B5E-AF82-12DF17AE4E1E,2017-ncaa-d1-conf-Big South,ncaa,2,2,6,2,6,2,3,3,5,4,6,5,2,3,1,4,1,3,2,3,5,3,5,2,1,1,3,4,3,3,3,3,2,2,3,1,4,1,1,1,7,8,10,10,,,8,8,,,1,6,3,3,1,1,1,2,3,2,3,1,3,3,1,2,2,1,1,1,5,6,10,,8,,,1,6,6,7,3,4,4,2,8,9,5,8,6,6,6,6,6,6,4,4,3,6,10,9,6,3,2,3,3,3,3,6,7,8,8,7,2,2,9,8,,,7,8,,,1,6,1,6,1,8,6,9,5,4,8,9,7,7,7,8,8,4,5,5,7,8,4,9,,5,,,b'\x11\xe8\xe1I\xc8C+^\xaf\x82\x12\xdf\x17\xaeN\x1e'
11E8E149-C843-2B5E-AF82-12DF17AE4E1E,2017-ncaa-d1-natl,ncaa,175,151,217,175,228,155,184,199,165,214,188,237,125,189,33,171,115,175,33,174,157,195,218,137,108,114,82,121,104,117,80,108,72,105,49,178,161,121,150,143,220,200,321,315,,,236,279,,,133,251,184,39,108,143,135,187,149,99,160,76,138,137,121,137,74,42,34,151,170,194,317,,281,,,131,123,130,157,146,113,98,170,220,246,146,279,120,179,29,177,214,150,107,164,142,190,236,262,140,82,72,80,80,61,49,124,164,261,253,226,133,152,295,296,,,247,247,,,133,119,91,179,114,204,197,234,159,133,257,292,145,211,207,238,185,130,132,126,162,251,166,313,,221,,,b'\x11\xe8\xe1I\xc8C+^\xaf\x82\x12\xdf\x17\xaeN\x1e'
11E8E149-C843-2B5E-AF82-12DF17AE4E1E,2018-ncaa-d0-natl,ncaa,170,129,242,163,263,239,236,242,211,191,154,247,267,295,152,277,204,250,86,250,270,242,280,239,223,207,246,245,132,266,246,296,204,291,248,231,229,67,139,181,93,56,281,258,,,294,339,,,166,272,213,176,228,206,192,150,104,244,280,169,213,218,195,237,238,276,292,226,107,59,274,,327,,,166,51,73,38,236,118,48,302,46,85,29,170,95,156,25,143,239,38,65,196,178,99,70,74,194,78,204,146,246,108,248,107,190,110,45,78,59,108,75,72,,,256,172,,,166,79,214,91,161,90,122,57,183,65,61,108,147,202,194,62,117,125,216,193,150,61,92,105,,205,,,b'\x11\xe8\xe1I\xc8C+^\xaf\x82\x12\xdf\x17\xaeN\x1e'
11E8E149-C843-2B5E-AF82-12DF17AE4E1E,2018-ncaa-d1-conf-Big South,ncaa,4,4,3,4,5,5,5,2,5,4,1,4,9,6,9,8,4,5,2,5,9,4,4,7,7,6,9,10,3,4,6,8,6,6,5,4,5,3,2,5,1,1,5,5,,,10,10,,,4,2,3,6,5,4,2,3,1,9,7,2,5,5,3,3,5,8,8,4,2,1,5,,10,,,4,4,4,5,6,4,1,7,7,7,5,10,4,5,3,3,7,3,7,6,6,4,7,9,6,4,6,6,6,6,5,8,10,1,1,3,2,2,5,3,,,5,8,,,4,9,6,4,4,5,4,2,4,2,6,7,4,3,3,2,7,4,5,5,7,1,2,5,,6,,,b'\x11\xe8\xe1I\xc8C+^\xaf\x82\x12\xdf\x17\xaeN\x1e'
11E8E149-C843-2B5E-AF82-12DF17AE4E1E,2018-ncaa-d1-natl,ncaa,150,129,144,149,177,188,170,170,180,133,91,235,238,281,132,280,191,223,92,225,291,184,196,213,203,180,259,247,168,213,218,249,197,241,232,184,209,111,139,153,60,47,255,240,,,331,344,,,142,185,165,186,191,163,144,117,75,236,278,177,214,219,168,192,203,263,257,180,124,50,255,,333,,,142,88,107,66,233,159,74,289,55,99,43,155,154,237,6,230,282,73,145,194,172,91,83,79,217,120,197,201,218,160,232,147,189,65,38,69,101,117,101,59,,,220,194,,,142,168,192,80,139,98,126,56,183,71,66,104,176,242,236,67,157,131,213,183,151,51,107,110,,199,,,b'\x11\xe8\xe1I\xc8C+^\xaf\x82\x12\xdf\x17\xaeN\x1e'
11E8E149-C843-2B5E-AF82-12DF17AE4E1E,2019-ncaa-d0-natl,ncaa,95,45,249,62,249,121,110,150,75,84,106,95,202,228,125,248,164,171,147,186,240,153,129,103,97,140,271,243,212,103,63,228,170,173,103,92,98,271,229,152,31,19,257,268,,,337,341,,,108,148,46,7,65,48,50,32,53,177,208,120,129,141,49,27,62,189,93,46,295,16,249,,343,,,104,145,99,79,197,138,166,129,60,36,269,28,317,305,279,299,292,115,197,168,228,120,200,56,328,101,170,80,63,73,103,49,66,41,29,17,212,183,201,152,,,216,264,,,108,214,121,98,103,226,154,118,207,251,84,40,328,319,317,203,310,160,142,150,92,20,246,233,,153,,,b'\x11\xe8\xe1I\xc8C+^\xaf\x82\x12\xdf\x17\xaeN\x1e'
11E8E149-C843-2B5E-AF82-12DF17AE4E1E,2019-ncaa-d1-conf-Big South,ncaa,2,2,6,2,6,2,2,4,2,2,4,2,5,6,2,6,7,7,5,8,8,5,4,1,2,2,7,5,9,2,2,6,3,5,3,1,2,6,6,3,4,4,8,8,,,10,10,,,2,4,3,1,1,1,1,1,3,5,5,5,5,7,2,1,1,4,3,1,8,4,8,,11,,,2,6,3,2,7,2,4,4,7,4,10,5,10,8,10,8,9,3,6,6,7,6,10,7,10,1,3,3,2,1,3,4,4,3,3,1,5,5,3,2,,,7,9,,,2,9,1,4,2,7,6,5,6,5,8,4,11,9,9,8,9,2,3,2,5,3,5,3,,4,,,b'\x11\xe8\xe1I\xc8C+^\xaf\x82\x12\xdf\x17\xaeN\x1e'
11E8E149-C843-2B5E-AF82-12DF17AE4E1E,2019-ncaa-d1-natl,ncaa,73,44,155,55,158,91,76,90,79,60,64,106,154,196,90,240,148,157,150,164,257,95,73,95,97,125,260,231,230,65,60,182,150,116,95,58,80,282,211,124,17,15,231,250,,,345,339,,,85,86,45,9,55,42,35,30,41,147,197,129,139,151,41,25,53,164,78,31,279,12,233,,344,,,79,175,109,112,159,143,198,97,85,42,278,30,318,310,250,309,285,167,259,141,200,88,218,78,327,130,150,140,60,128,95,64,72,28,24,14,228,159,234,163,,,188,273,,,85,274,112,72,84,205,137,119,170,238,92,45,321,313,313,183,308,152,161,162,80,21,229,245,,157,,,b'\x11\xe8\xe1I\xc8C+^\xaf\x82\x12\xdf\x17\xaeN\x1e'
11E8E149-C843-2B5E-AF82-12DF17AE4E1E,2020-ncaa-d0-natl,ncaa,140,134,191,142,225,126,180,183,188,344,350,83,5,3,82,2,236,212,248,218,9,192,242,63,76,61,1,1,284,338,345,167,89,280,312,83,43,44,60,53,306,318,131,177,,,303,317,,,140,167,88,196,91,168,139,348,351,3,2,226,189,197,154,235,336,139,281,70,54,306,132,,310,,,139,193,181,135,232,269,295,143,29,11,269,3,316,314,152,314,252,173,161,166,198,230,54,12,310,66,89,327,345,269,312,62,36,215,219,114,12,20,89,302,,,121,66,,,140,182,116,186,139,229,210,152,295,326,30,6,315,315,317,221,204,87,340,286,76,210,17,102,,98,,,b'\x11\xe8\xe1I\xc8C+^\xaf\x82\x12\xdf\x17\xaeN\x1e'
11E8E149-C843-2B5E-AF82-12DF17AE4E1E,2020-ncaa-d1-conf-Big South,ncaa,3,3,7,3,9,2,2,6,1,11,11,1,1,1,1,1,6,6,6,6,1,7,10,1,1,1,1,1,11,11,11,7,5,10,10,1,1,1,1,1,8,8,3,4,,,8,8,,,3,6,3,7,1,2,4,11,11,1,1,6,5,5,5,8,11,6,8,1,1,8,3,,9,,,3,8,7,6,11,11,11,6,3,1,11,1,6,8,2,8,6,7,6,9,7,8,1,3,5,5,5,9,11,8,10,4,3,8,7,6,1,1,1,7,,,5,2,,,3,6,1,7,3,8,10,7,11,11,3,1,8,8,8,8,7,5,10,8,4,7,1,1,,5,,,b'\x11\xe8\xe1I\xc8C+^\xaf\x82\x12\xdf\x17\xaeN\x1e'
11E8E149-C843-2B5E-AF82-12DF17AE4E1E,2020-ncaa-d1-natl,ncaa,150,134,257,148,283,161,211,222,198,348,351,91,6,4,86,2,248,234,248,243,8,236,296,67,81,65,1,2,280,342,348,194,96,313,314,99,45,32,62,55,316,322,141,177,,,287,320,,,155,217,95,183,100,178,149,349,351,3,2,225,192,199,163,242,340,144,289,76,57,310,133,,312,,,154,163,158,100,242,258,278,155,23,5,279,2,306,308,158,307,252,135,105,179,211,242,51,12,308,51,96,316,348,244,314,56,37,240,226,126,11,22,82,307,,,152,64,,,155,131,121,209,156,238,221,157,304,329,29,7,319,322,321,225,205,89,342,291,78,216,18,104,,98,,,b'\x11\xe8\xe1I\xc8C+^\xaf\x82\x12\xdf\x17\xaeN\x1e'
11E8E149-C843-2B5E-AF82-12DF17AE4E1E,2021-ncaa-d0-natl,ncaa,18,60,14,35,22,26,46,46,82,161,221,50,4,2,31,3,28,43,42,45,11,43,41,22,20,23,1,3,176,272,339,9,80,47,257,36,83,263,97,72,235,333,99,249,,,318,157,,,36,23,131,212,73,135,235,318,341,2,8,94,154,165,227,292,340,26,221,96,61,329,191,,182,,,51,293,296,325,50,324,339,63,114,217,17,25,323,318,183,317,106,330,323,26,29,78,31,16,255,315,80,334,339,337,257,189,22,123,297,132,164,45,228,274,,,19,40,,,36,320,68,86,53,113,131,244,240,329,20,57,208,213,210,254,195,186,274,254,32,290,30,108,,104,,,b'\x11\xe8\xe1I\xc8C+^\xaf\x82\x12\xdf\x17\xaeN\x1e'
11E8E149-C843-2B5E-AF82-12DF17AE4E1E,2021-ncaa-d1-conf-Big South,ncaa,1,1,1,1,1,1,1,1,1,3,10,1,1,1,1,1,2,2,2,2,1,1,1,1,1,1,1,1,9,11,11,1,3,1,7,1,1,6,3,1,8,11,2,5,,,11,6,,,1,1,3,5,1,2,8,11,11,1,1,3,7,7,7,10,11,2,7,1,1,11,4,,7,,,1,11,11,11,2,11,11,2,3,4,1,1,11,11,8,11,4,11,11,1,1,2,1,1,9,10,3,11,11,11,7,4,3,3,9,4,3,1,8,10,,,1,2,,,1,11,1,2,1,3,4,8,9,11,1,2,7,8,8,8,8,7,7,6,2,9,1,3,,4,,,b'\x11\xe8\xe1I\xc8C+^\xaf\x82\x12\xdf\x17\xaeN\x1e'
11E8E149-C843-2B5E-AF82-12DF17AE4E1E,2021-ncaa-d1-natl,ncaa,15,60,10,35,13,21,37,36,71,147,218,48,2,2,21,3,24,34,40,34,8,36,31,21,16,17,1,3,172,274,339,8,78,38,255,25,78,267,91,66,233,334,91,243,,,314,133,,,28,20,118,212,55,127,230,321,341,2,8,82,143,148,224,284,341,22,217,79,61,331,186,,157,,,43,312,316,335,59,330,341,85,122,233,11,27,316,314,175,311,78,336,326,27,30,86,23,16,216,320,78,341,339,340,255,221,30,105,299,158,186,47,245,279,,,17,42,,,28,325,57,90,48,123,152,258,255,335,18,61,189,194,191,265,203,184,277,254,52,288,32,114,,102,,,b'\x11\xe8\xe1I\xc8C+^\xaf\x82\x12\xdf\x17\xaeN\x1e'
11E8E149-C843-2B5E-AF82-12DF17AE4E1E,2021-ncaa-d1-ncaatournament,ncaa,33,2,33,33,34,45,51,45,53,55,61,36,32,28,49,3,46,45,44,45,8,41,45,46,47,46,8,6,30,64,64,55,54,61,63,50,38,14,32,44,55,60,61,61,,,23,45,,,61,35,3,7,38,49,24,55,61,10,2,34,29,31,20,24,64,54,61,45,33,52,61,,52,,,61,32,35,30,63,44,30,62,3,1,28,1,21,22,34,22,27,29,28,58,58,63,1,2,28,19,54,31,64,28,63,37,39,53,55,60,11,30,22,58,,,40,24,,,61,29,54,62,61,64,64,61,64,62,3,1,47,49,49,60,60,46,63,60,63,48,25,44,,18,,,b'\x11\xe8\xe1I\xc8C+^\xaf\x82\x12\xdf\x17\xaeN\x1e'
11E8E149-C843-2B5E-AF82-12DF17AE4E1E,2022-ncaa-d0-natl,ncaa,158,157,163,165,189,209,204,192,237,271,310,97,88,45,281,25,256,232,279,228,78,208,258,182,213,140,65,55,246,354,356,129,24,280,339,197,148,14,33,76,129,109,336,340,,,174,206,,,160,175,131,210,228,236,219,297,336,85,34,266,238,236,232,328,355,96,335,205,12,127,341,,183,,,161,89,85,112,137,121,142,136,85,82,131,106,196,248,39,246,256,121,146,131,128,85,144,108,259,24,24,345,356,290,339,87,133,116,85,64,3,8,247,325,,,237,169,,,160,184,241,56,155,83,84,69,123,137,74,73,194,250,247,93,129,22,352,308,92,101,3,256,,255,,,b'\x11\xe8\xe1I\xc8C+^\xaf\x82\x12\xdf\x17\xaeN\x1e'
11E8E149-C843-2B5E-AF82-12DF17AE4E1E,2022-ncaa-d1-conf-Big South,ncaa,3,4,4,4,4,6,7,4,6,9,10,4,3,1,8,1,7,7,8,7,1,4,9,6,6,5,2,3,8,12,12,1,1,8,12,4,4,1,1,1,4,4,10,10,,,7,6,,,3,4,7,4,5,5,6,8,11,2,1,6,7,7,6,10,12,1,8,4,1,5,10,,5,,,3,1,1,6,2,1,6,2,2,4,2,5,7,8,4,8,10,6,7,2,1,1,7,6,9,1,1,12,12,11,12,1,3,6,6,1,1,2,10,12,,,9,8,,,3,9,6,1,2,2,2,3,1,6,2,5,6,7,7,3,4,1,12,12,1,5,1,10,,9,,,b'\x11\xe8\xe1I\xc8C+^\xaf\x82\x12\xdf\x17\xaeN\x1e'
11E8E149-C843-2B5E-AF82-12DF17AE4E1E,2022-ncaa-d1-natl,ncaa,135,157,100,157,125,167,177,138,211,235,292,76,66,33,269,27,233,203,286,195,73,153,213,155,183,128,65,51,260,354,355,96,22,247,331,142,126,20,29,53,83,83,326,334,,,213,191,,,120,122,129,230,211,208,198,287,332,71,28,258,230,225,213,314,354,100,327,170,14,101,335,,167,,,123,127,123,138,137,146,165,144,99,100,109,115,225,262,62,259,253,149,197,124,134,82,142,104,267,33,22,350,355,325,331,101,111,70,66,44,7,11,261,320,,,198,183,,,120,238,225,43,119,80,72,65,117,120,73,72,200,241,239,78,130,16,352,301,68,84,5,238,,250,,,b'\x11\xe8\xe1I\xc8C+^\xaf\x82\x12\xdf\x17\xaeN\x1e'
11E8E149-C843-2B5E-AF82-12DF17AE4E1E,2023-ncaa-d0-natl,ncaa,170,160,164,169,203,183,179,262,88,271,344,32,51,52,99,19,308,297,275,297,118,276,298,44,71,85,47,16,343,353,357,248,189,326,325,104,34,68,158,74,206,183,280,293,,,86,88,,,146,249,235,226,180,176,303,290,350,37,37,326,310,308,313,338,355,275,351,80,84,205,290,,88,,,146,101,157,104,246,225,155,286,52,91,48,113,81,135,24,135,166,106,134,209,165,121,28,56,124,104,189,199,357,162,325,42,29,132,87,43,43,114,7,83,,,182,52,,,146,148,148,114,126,109,176,92,247,159,45,90,99,156,160,86,124,119,232,189,44,118,55,6,,161,,,b'\x11\xe8\xe1I\xc8C+^\xaf\x82\x12\xdf\x17\xaeN\x1e'
11E8E149-C843-2B5E-AF82-12DF17AE4E1E,2023-ncaa-d1-conf-Big South,ncaa,2,2,1,2,2,2,2,2,3,4,8,1,2,1,3,1,6,6,6,6,4,2,7,3,3,2,2,3,9,10,10,5,5,8,8,1,1,1,2,1,6,6,5,6,,,4,1,,,2,2,8,5,3,3,7,6,9,3,1,6,8,8,6,10,10,5,10,1,1,6,5,,2,,,2,4,4,7,4,7,10,4,2,2,1,2,8,8,7,8,5,7,9,2,3,2,2,1,7,4,5,7,10,7,8,1,1,3,3,1,4,3,4,4,,,3,2,,,2,9,2,2,2,2,2,2,5,6,2,2,7,6,6,3,3,2,7,5,1,5,2,4,,4,,,b'\x11\xe8\xe1I\xc8C+^\xaf\x82\x12\xdf\x17\xaeN\x1e'
11E8E149-C843-2B5E-AF82-12DF17AE4E1E,2023-ncaa-d1-natl,ncaa,151,160,103,167,131,160,151,215,85,237,337,22,51,36,131,19,300,289,265,290,121,245,266,43,66,85,61,22,341,354,357,204,191,318,326,69,27,89,149,60,182,179,219,241,,,115,94,,,136,180,237,245,189,181,300,276,349,48,40,326,315,314,311,339,355,264,352,68,83,196,235,,91,,,135,136,192,164,207,246,202,242,63,117,41,119,110,164,32,169,154,157,194,167,140,98,33,61,129,148,191,256,357,234,326,57,39,99,86,43,62,110,9,84,,,145,53,,,136,206,148,94,117,85,144,93,216,154,49,92,92,139,144,84,125,140,233,206,41,117,52,6,,164,,,b'\x11\xe8\xe1I\xc8C+^\xaf\x82\x12\xdf\x17\xaeN\x1e'
11E8E149-C843-2B5E-AF82-12DF17AE4E1E,2024-ncaa-d0-natl,ncaa,127,82,196,111,202,227,247,280,189,302,341,95,121,80,235,35,199,209,171,202,31,273,288,147,145,163,41,65,129,357,359,219,292,327,356,249,212,114,202,231,273,292,178,204,,,163,165,,,224,219,200,51,230,266,311,319,346,107,57,181,182,180,291,317,359,221,348,256,147,280,170,,193,,,225,147,123,163,117,163,236,74,76,67,212,48,256,239,291,235,181,176,167,90,141,143,137,71,290,265,292,281,359,288,356,68,54,181,178,103,54,99,138,300,,,169,46,,,224,140,240,181,231,185,154,206,208,299,78,67,273,247,245,232,236,298,309,323,80,160,70,150,,141,,,b'\x11\xe8\xe1I\xc8C+^\xaf\x82\x12\xdf\x17\xaeN\x1e'
11E8E149-C843-2B5E-AF82-12DF17AE4E1E,2024-ncaa-d1-conf-Big South,ncaa,1,1,3,1,4,1,2,8,1,7,9,1,1,2,2,2,2,2,3,1,1,6,8,1,1,1,1,2,5,9,9,5,9,9,9,2,3,1,2,1,3,4,3,4,,,6,4,,,1,4,4,3,2,3,8,7,9,2,2,3,4,3,8,8,9,4,9,2,1,4,3,,5,,,1,4,2,6,1,5,9,1,1,1,1,1,7,7,8,7,5,8,8,1,1,1,2,1,8,9,9,7,9,8,9,3,6,4,5,3,1,1,3,5,,,1,1,,,1,6,1,2,1,3,2,5,3,9,1,1,7,7,7,6,6,9,6,9,3,5,1,3,,2,,,b'\x11\xe8\xe1I\xc8C+^\xaf\x82\x12\xdf\x17\xaeN\x1e'
11E8E149-C843-2B5E-AF82-12DF17AE4E1E,2024-ncaa-d1-natl,ncaa,108,83,130,103,137,206,231,261,185,301,340,99,93,60,199,38,157,164,182,159,29,243,257,135,133,151,32,55,124,359,361,173,278,308,352,241,209,153,202,227,254,280,178,215,,,210,175,,,223,163,198,56,231,277,317,328,349,91,59,172,171,165,295,318,360,190,346,253,149,265,188,,198,,,223,185,153,210,97,197,278,61,104,90,213,56,289,264,292,259,188,231,234,74,118,128,166,83,298,294,278,322,361,325,352,78,65,156,180,109,80,139,189,312,,,122,38,,,223,203,240,162,221,176,135,206,188,294,87,73,276,255,249,233,237,294,315,326,78,162,83,185,,118,,,b'\x11\xe8\xe1I\xc8C+^\xaf\x82\x12\xdf\x17\xaeN\x1e'
11E8E149-C843-2B5E-AF82-12DF17AE4E1E,2025-ncaa-d0-natl,genius_ncaa,109,91,135,102,177,156,164,229,88,191,302,37,141,115,205,74,137,167,126,169,54,218,220,77,79,101,110,136,157,342,345,204,236,285,311,200,252,160,214,208,72,49,136,155,,,70,52,,81,83,168,206,269,157,178,296,219,324,139,102,145,166,169,291,296,350,235,330,216,161,62,144,,65,,80,82,61,89,135,101,152,227,85,33,49,84,50,109,145,31,146,134,128,200,63,55,33,59,55,191,217,236,199,345,206,311,15,11,71,51,10,151,181,25,76,,,149,85,,89,83,183,144,38,86,51,65,91,135,212,28,37,111,140,141,82,147,221,175,197,12,63,151,18,,169,,87,b'\x11\xe8\xe1I\xc8C+^\xaf\x82\x12\xdf\x17\xaeN\x1e'
11E8E149-C843-2B5E-AF82-12DF17AE4E1E,2025-ncaa-d1-conf-Big South,genius_ncaa,1,1,1,1,2,1,1,2,1,2,4,1,3,4,2,5,1,2,2,2,1,2,3,1,1,1,4,5,5,9,9,2,9,7,9,1,5,4,2,2,2,2,1,1,,,4,2,,1,1,2,3,6,1,1,7,2,6,3,5,2,2,2,6,8,9,5,9,2,2,2,1,,2,,1,1,2,2,7,1,4,9,1,2,2,2,2,7,7,2,7,5,9,8,1,1,1,2,3,7,9,9,6,9,8,9,1,1,2,2,1,5,4,3,3,,,1,1,,1,1,8,1,1,1,1,1,2,3,6,1,2,6,6,6,2,8,8,3,4,1,2,3,3,,1,,2,b'\x11\xe8\xe1I\xc8C+^\xaf\x82\x12\xdf\x17\xaeN\x1e'
11E8E149-C843-2B5E-AF82-12DF17AE4E1E,2025-ncaa-d1-natl,genius_ncaa,107,91,113,103,154,136,161,230,92,198,299,39,125,101,207,74,119,150,95,152,48,214,224,83,78,103,102,135,136,333,342,206,243,294,308,202,243,185,222,211,67,50,132,154,,,73,47,,90,91,152,202,269,151,179,297,227,326,137,94,119,159,161,289,289,347,247,329,218,170,64,146,,64,,85,89,70,107,135,122,175,241,97,37,41,110,45,99,137,25,135,120,131,202,85,68,35,48,53,170,229,243,199,342,211,308,19,12,63,48,10,167,192,28,81,,,138,67,,82,91,193,142,45,92,51,82,85,149,223,32,32,93,132,133,79,152,223,168,195,13,56,158,25,,140,,77,b'\x11\xe8\xe1I\xc8C+^\xaf\x82\x12\xdf\x17\xaeN\x1e'
11E8E149-C843-2B5E-AF82-12DF17AE4E1E,2025-ncaa-d1-ncaatournament,genius_ncaa,37,2,37,37,38,45,44,49,40,45,44,39,47,57,39,40,49,48,30,47,48,48,53,40,40,33,40,33,45,49,47,53,53,52,55,52,59,10,23,41,25,1,52,55,,,15,29,,9,33,50,41,7,37,33,28,34,25,31,36,40,41,39,29,44,42,47,49,49,17,1,48,,31,,13,35,8,4,13,22,3,15,7,16,12,52,30,25,20,66,20,49,12,16,26,32,28,58,40,62,24,53,15,47,22,55,3,17,41,22,15,5,14,15,32,,,48,30,,62,33,10,37,35,38,31,13,28,15,34,36,28,56,46,48,29,38,52,49,57,11,19,11,30,,31,,62,b'\x11\xe8\xe1I\xc8C+^\xaf\x82\x12\xdf\x17\xaeN\x1e'
11E8E149-C843-2B5E-AF82-12DF17AE4E1E,2026-ncaa-d0-natl,genius_ncaa,55,13,206,32,216,150,146,206,83,140,219,71,130,162,123,124,172,185,141,191,174,198,235,80,79,55,184,147,234,251,268,232,249,244,263,140,146,33,46,43,140,106,284,316,,,61,42,,153,84,231,128,97,67,62,102,80,166,97,102,140,158,169,111,197,249,187,231,78,42,95,298,,63,,193,73,95,132,153,124,147,204,79,116,96,236,96,48,32,275,38,21,133,145,114,94,86,85,173,58,199,249,169,268,182,263,39,13,164,119,46,31,46,171,193,,,172,96,,127,84,137,65,107,70,134,199,262,217,315,139,100,57,35,40,213,257,258,237,269,42,100,45,207,,109,,103,b'\x11\xe8\xe1I\xc8C+^\xaf\x82\x12\xdf\x17\xaeN\x1e'
11E8E149-C843-2B5E-AF82-12DF17AE4E1E,2026-ncaa-d1-natl,genius_ncaa,18,13,85,20,117,61,59,109,40,71,136,35,77,93,88,128,121,123,186,133,146,109,141,43,46,33,186,143,252,215,255,125,226,164,218,62,154,67,44,34,88,113,188,255,,,68,15,,152,44,128,165,100,50,43,125,59,180,80,113,146,145,163,130,228,273,161,221,65,25,112,223,,24,,133,46,167,197,261,74,205,286,53,195,195,191,138,72,44,299,46,16,226,254,71,60,59,105,209,60,275,226,231,255,261,218,54,13,79,112,30,70,54,192,168,,,100,111,,112,44,246,43,76,43,87,133,239,144,287,141,124,48,26,31,167,225,241,176,206,29,114,50,156,,137,,142,b'\x11\xe8\xe1I\xc8C+^\xaf\x82\x12\xdf\x17\xaeN\x1e'
11E8E149-C847-5E18-AF82-12DF17AE4E1E,2010-ncaa-d0-natl,ncaa,86,114,20,107,24,98,93,105,114,51,34,162,280,306,123,324,47,32,244,31,107,79,31,172,160,237,282,311,64,41,29,38,129,27,34,91,123,343,321,258,63,108,17,28,,,333,299,,,109,33,143,84,197,190,268,100,87,307,327,92,61,63,218,104,91,82,64,151,325,110,26,,294,,,111,230,178,275,43,203,306,25,115,97,186,34,312,327,83,327,246,300,309,30,37,33,192,83,305,283,129,135,29,208,34,140,115,42,107,41,344,324,278,180,,,15,50,,,109,310,221,40,111,69,44,113,84,235,57,34,257,275,275,162,210,191,35,55,50,101,327,218,,35,,,b'\x11\xe8\xe1I\xc8G^\x18\xaf\x82\x12\xdf\x17\xaeN\x1e'
11E8E149-C847-5E18-AF82-12DF17AE4E1E,2010-ncaa-d1-conf-CAA,ncaa,5,6,1,6,3,5,5,5,6,4,3,9,9,11,3,11,4,4,9,4,7,6,4,8,8,8,8,10,4,5,4,3,5,2,3,3,2,12,12,8,3,5,1,1,,,12,10,,,5,4,5,5,8,6,9,6,6,9,11,5,5,5,8,6,5,3,4,5,12,4,1,,11,,,5,5,3,8,2,4,10,2,4,3,6,2,10,12,1,12,9,10,10,2,2,1,5,3,12,11,5,2,4,8,3,1,2,2,4,1,12,12,10,9,,,3,4,,,5,9,9,1,5,1,1,5,2,9,3,2,9,11,11,7,9,7,2,4,1,3,12,9,,4,,,b'\x11\xe8\xe1I\xc8G^\x18\xaf\x82\x12\xdf\x17\xaeN\x1e'
11E8E149-C847-5E18-AF82-12DF17AE4E1E,2010-ncaa-d1-natl,ncaa,89,114,22,108,24,108,100,115,116,55,36,166,286,308,125,322,51,36,244,36,105,86,33,180,165,241,281,311,63,46,31,42,135,30,34,95,126,343,321,260,71,115,18,29,,,331,299,,,113,37,144,84,203,197,270,103,89,307,327,91,63,64,221,106,93,86,69,155,326,115,25,,295,,,116,223,163,271,45,194,302,25,107,92,193,32,309,324,85,324,248,296,309,32,43,38,191,82,305,280,135,120,31,200,34,129,118,46,115,44,343,324,273,187,,,15,50,,,113,308,224,41,116,69,47,117,90,237,59,35,261,276,277,164,210,195,35,60,52,106,328,220,,37,,,b'\x11\xe8\xe1I\xc8G^\x18\xaf\x82\x12\xdf\x17\xaeN\x1e'
11E8E149-C847-5E18-AF82-12DF17AE4E1E,2011-ncaa-d0-natl,ncaa,99,83,119,101,140,43,59,48,128,68,61,132,91,96,117,186,24,24,112,23,63,40,39,127,108,89,134,182,69,63,140,98,296,75,242,106,240,235,98,145,25,41,293,326,,,278,128,,,87,36,5,153,19,29,11,44,42,93,93,14,11,9,10,7,59,94,50,94,224,16,301,,276,,,86,305,312,308,202,335,333,152,78,72,173,12,269,258,250,257,94,309,316,144,151,119,29,30,196,330,296,310,140,330,242,244,82,32,85,85,251,142,285,196,,,36,133,,,87,308,90,139,95,305,310,325,330,341,75,53,264,249,249,326,340,329,306,330,231,18,233,279,,16,,,b'\x11\xe8\xe1I\xc8G^\x18\xaf\x82\x12\xdf\x17\xaeN\x1e'
11E8E149-C847-5E18-AF82-12DF17AE4E1E,2011-ncaa-d1-conf-CAA,ncaa,6,5,3,6,6,2,2,1,7,3,5,5,3,1,7,3,3,3,5,3,3,2,1,7,5,4,4,4,3,6,9,5,9,5,10,3,6,6,3,5,2,3,12,12,,,10,4,,,6,1,1,8,1,2,1,4,3,3,2,3,3,3,1,1,6,4,4,3,6,2,12,,11,,,6,12,12,11,8,12,12,8,7,5,8,2,11,9,11,9,2,11,12,7,7,6,2,3,6,11,9,12,9,12,10,10,8,2,3,5,7,3,11,10,,,4,7,,,6,12,5,6,6,11,11,12,12,12,7,5,10,9,10,12,12,10,12,12,10,2,6,11,,4,,,b'\x11\xe8\xe1I\xc8G^\x18\xaf\x82\x12\xdf\x17\xaeN\x1e'
11E8E149-C847-5E18-AF82-12DF17AE4E1E,2011-ncaa-d1-natl,ncaa,112,82,132,106,161,48,64,55,134,73,67,137,98,109,119,182,29,28,112,26,62,44,44,132,113,95,133,178,66,73,145,116,300,91,248,120,245,225,98,151,29,45,299,329,,,262,128,,,95,41,5,153,20,31,11,45,42,94,96,14,12,12,10,7,60,98,53,101,226,17,302,,277,,,94,298,308,303,209,334,333,157,69,62,178,12,260,246,250,243,95,304,314,149,156,126,27,26,199,326,300,299,145,327,248,233,82,37,91,87,240,145,280,204,,,39,131,,,95,304,89,148,101,309,314,327,332,342,76,50,268,249,250,330,340,328,307,331,235,19,237,283,,15,,,b'\x11\xe8\xe1I\xc8G^\x18\xaf\x82\x12\xdf\x17\xaeN\x1e'
11E8E149-C847-5E18-AF82-12DF17AE4E1E,2012-ncaa-d0-natl,ncaa,106,87,120,95,154,37,42,35,95,33,35,81,145,119,237,199,18,24,87,24,97,30,28,132,102,80,211,247,85,47,99,77,204,49,142,102,274,214,68,141,74,141,179,264,,,304,198,,,137,29,2,262,12,18,7,19,16,150,124,8,7,7,3,3,43,58,21,90,203,70,187,,310,,,136,333,339,325,279,339,336,262,100,98,158,26,295,277,265,275,80,324,320,233,239,235,16,27,144,280,204,297,99,307,142,309,128,70,181,197,201,82,304,222,,,40,164,,,137,318,73,234,133,327,336,338,340,342,101,82,285,269,269,339,342,278,301,305,291,69,184,307,,17,,,b'\x11\xe8\xe1I\xc8G^\x18\xaf\x82\x12\xdf\x17\xaeN\x1e'
11E8E149-C847-5E18-AF82-12DF17AE4E1E,2012-ncaa-d1-conf-CAA,ncaa,5,4,8,5,10,2,2,1,4,3,4,3,5,4,8,6,2,1,7,1,2,1,1,5,6,5,6,6,5,2,5,8,9,4,7,6,8,7,3,6,3,5,6,8,,,12,11,,,6,1,1,8,1,1,1,2,2,5,3,1,1,1,1,1,2,4,3,5,9,3,6,,12,,,6,11,11,11,10,10,12,8,5,6,9,3,11,11,8,11,8,12,12,9,10,7,3,2,8,11,9,10,5,10,7,6,4,2,3,5,7,3,10,8,,,1,6,,,6,12,2,9,5,11,11,12,11,12,7,6,11,11,11,12,12,11,12,12,8,1,9,12,,1,,,b'\x11\xe8\xe1I\xc8G^\x18\xaf\x82\x12\xdf\x17\xaeN\x1e'
11E8E149-C847-5E18-AF82-12DF17AE4E1E,2012-ncaa-d1-natl,ncaa,112,86,137,98,181,40,46,37,101,36,37,82,154,130,238,198,23,29,88,27,96,34,31,134,104,82,209,247,80,53,103,92,210,55,145,117,276,191,71,146,80,146,186,265,,,300,201,,,146,30,2,262,12,18,7,19,17,150,123,8,8,8,2,2,45,58,22,101,205,73,190,,311,,,145,329,337,323,283,339,335,264,90,80,162,26,287,269,268,267,81,323,319,237,242,242,17,28,143,272,210,292,103,302,145,302,129,83,189,213,186,80,299,227,,,46,162,,,146,317,79,241,143,327,336,337,340,342,105,82,286,273,272,338,342,277,303,306,294,73,188,305,,17,,,b'\x11\xe8\xe1I\xc8G^\x18\xaf\x82\x12\xdf\x17\xaeN\x1e'
11E8E149-C847-5E18-AF82-12DF17AE4E1E,2013-ncaa-d0-natl,ncaa,177,197,120,192,142,137,109,110,119,75,104,75,226,166,314,187,202,162,279,167,232,121,77,156,184,228,292,244,258,144,200,88,132,106,160,79,87,333,281,187,72,93,163,215,,,259,178,,,228,64,21,124,130,92,92,61,106,231,170,225,190,196,111,36,155,69,88,62,315,61,176,,260,,,226,281,276,279,207,279,292,184,195,191,208,120,275,227,330,224,135,282,275,192,218,213,140,129,206,217,132,265,200,256,160,269,207,103,168,193,246,182,327,303,,,172,285,,,228,282,238,194,224,280,274,311,289,309,189,186,266,226,229,318,313,211,253,251,264,106,228,321,,202,,,b'\x11\xe8\xe1I\xc8G^\x18\xaf\x82\x12\xdf\x17\xaeN\x1e'
11E8E149-C847-5E18-AF82-12DF17AE4E1E,2013-ncaa-d1-conf-CAA,ncaa,4,6,3,6,3,3,2,3,2,2,3,1,8,5,11,7,8,5,11,5,7,3,1,4,5,6,11,10,8,6,9,1,3,3,4,2,2,11,11,5,3,5,2,3,,,11,9,,,6,1,1,6,5,2,3,2,4,9,7,8,6,6,3,1,7,1,3,2,11,3,2,,11,,,6,11,10,11,4,10,11,4,5,7,5,2,11,11,11,11,6,11,11,4,4,5,3,3,10,10,3,10,9,10,4,7,2,2,7,6,8,4,11,11,,,3,9,,,6,11,6,4,6,11,8,11,9,11,5,7,11,11,11,11,11,8,10,9,5,5,6,11,,4,,,b'\x11\xe8\xe1I\xc8G^\x18\xaf\x82\x12\xdf\x17\xaeN\x1e'
11E8E149-C847-5E18-AF82-12DF17AE4E1E,2013-ncaa-d1-natl,ncaa,186,196,136,197,164,147,118,122,122,83,119,78,229,172,317,185,215,181,279,183,227,134,91,160,191,230,290,243,256,161,204,100,136,119,163,83,87,328,283,195,80,100,175,220,,,248,181,,,236,70,23,119,135,95,95,63,113,234,170,226,189,195,117,36,156,71,90,63,317,64,176,,261,,,234,273,268,266,211,274,285,186,187,183,210,117,269,219,331,216,135,270,267,197,221,222,138,126,204,207,136,249,204,238,163,260,208,119,174,201,231,183,325,306,,,195,283,,,236,276,242,200,237,285,278,311,292,310,191,187,269,227,229,317,312,212,257,254,265,111,227,322,,199,,,b'\x11\xe8\xe1I\xc8G^\x18\xaf\x82\x12\xdf\x17\xaeN\x1e'
11E8E149-C847-5E18-AF82-12DF17AE4E1E,2014-ncaa-d0-natl,ncaa,197,150,297,192,297,304,304,280,311,305,286,291,193,146,281,99,265,274,180,274,185,285,254,297,292,304,109,113,156,116,67,229,217,170,101,256,126,259,304,286,170,136,222,178,,,131,235,,,204,293,187,12,273,284,153,273,227,149,98,227,221,221,176,94,41,96,44,224,319,125,191,,250,,,205,23,22,49,70,26,45,97,95,147,58,216,138,168,38,166,285,53,69,70,71,61,254,185,267,155,217,53,67,72,101,141,320,184,120,171,144,203,257,322,,,284,249,,,204,54,290,87,206,114,82,160,100,127,153,224,221,265,268,199,223,266,171,226,238,116,235,314,,196,,,b'\x11\xe8\xe1I\xc8G^\x18\xaf\x82\x12\xdf\x17\xaeN\x1e'
11E8E149-C847-5E18-AF82-12DF17AE4E1E,2014-ncaa-d1-conf-CAA,ncaa,5,5,6,5,6,6,7,7,8,7,7,6,5,5,6,5,4,4,6,5,3,5,4,6,6,7,5,5,3,4,2,4,5,4,3,6,4,9,8,6,5,4,3,2,,,7,9,,,5,5,4,1,6,7,5,6,7,5,5,4,4,4,4,3,3,4,3,6,9,4,3,,9,,,5,3,3,3,3,2,2,4,5,7,5,7,8,8,6,8,9,4,5,4,4,4,9,6,8,5,5,2,2,3,3,4,8,5,4,5,7,7,9,9,,,4,6,,,5,5,6,4,5,4,4,5,4,2,7,8,8,8,8,7,7,6,4,6,5,4,8,9,,3,,,b'\x11\xe8\xe1I\xc8G^\x18\xaf\x82\x12\xdf\x17\xaeN\x1e'
11E8E149-C847-5E18-AF82-12DF17AE4E1E,2014-ncaa-d1-natl,ncaa,191,150,307,188,308,288,293,258,298,292,268,276,185,141,269,102,250,243,214,246,157,263,231,286,282,301,109,118,152,110,68,214,210,154,98,245,119,267,297,277,147,95,215,176,,,138,223,,,179,277,182,14,255,259,150,259,227,147,103,214,191,200,160,89,42,97,44,207,316,96,191,,237,,,179,26,22,55,61,28,47,93,98,149,49,216,146,179,34,180,276,66,76,59,63,50,246,184,262,167,210,72,68,98,98,158,324,155,101,156,148,187,263,315,,,257,220,,,179,68,276,67,181,101,71,154,91,125,143,217,213,252,253,193,224,258,172,216,232,96,222,307,,171,,,b'\x11\xe8\xe1I\xc8G^\x18\xaf\x82\x12\xdf\x17\xaeN\x1e'
11E8E149-C847-5E18-AF82-12DF17AE4E1E,2015-ncaa-d0-natl,ncaa,84,103,48,103,51,124,112,83,206,92,104,141,207,143,313,177,112,80,279,80,125,76,60,226,234,250,233,236,135,67,96,48,67,45,54,71,48,331,259,183,121,155,164,220,,,252,168,,,99,60,197,18,218,205,188,153,172,237,180,163,122,122,170,123,102,80,80,101,275,167,207,,164,,,103,131,127,268,28,180,295,20,99,112,125,62,218,195,282,198,96,258,278,22,32,26,127,99,240,186,67,236,96,223,54,195,257,80,93,99,176,105,309,269,,,72,191,,,99,289,236,22,109,45,49,130,88,241,50,48,141,117,122,104,147,93,119,95,120,109,129,280,,149,,,b'\x11\xe8\xe1I\xc8G^\x18\xaf\x82\x12\xdf\x17\xaeN\x1e'
11E8E149-C847-5E18-AF82-12DF17AE4E1E,2015-ncaa-d1-conf-CAA,ncaa,3,3,1,3,1,4,2,2,8,2,3,3,8,5,10,7,3,2,7,2,2,2,2,9,8,8,8,8,2,2,2,2,3,2,2,3,3,10,7,6,4,5,4,6,,,8,6,,,3,2,3,7,5,5,4,3,4,9,6,4,3,2,3,3,2,2,2,4,7,5,4,,7,,,3,4,4,10,3,6,10,2,2,3,3,1,7,7,6,7,2,10,10,2,2,3,3,2,7,8,3,8,2,8,2,6,6,3,4,4,6,2,9,9,,,4,6,,,3,9,7,3,3,3,3,6,3,10,2,2,4,4,4,6,6,7,6,6,4,4,4,9,,4,,,b'\x11\xe8\xe1I\xc8G^\x18\xaf\x82\x12\xdf\x17\xaeN\x1e'
11E8E149-C847-5E18-AF82-12DF17AE4E1E,2015-ncaa-d1-natl,ncaa,92,103,55,105,58,152,145,102,214,112,119,149,216,153,313,180,130,91,280,91,121,95,70,231,241,255,230,233,123,78,106,56,68,56,57,81,51,323,266,189,135,166,180,229,,,239,171,,,116,68,201,18,223,213,196,161,178,241,179,162,122,123,180,134,111,89,83,108,278,173,212,,167,,,120,101,109,241,30,151,281,21,81,88,133,60,199,172,287,177,100,231,260,26,38,29,127,97,238,161,68,211,106,198,57,179,259,91,99,108,162,106,306,276,,,92,185,,,116,276,243,26,125,47,53,131,93,245,54,50,143,119,123,109,146,95,126,99,125,110,129,279,,149,,,b'\x11\xe8\xe1I\xc8G^\x18\xaf\x82\x12\xdf\x17\xaeN\x1e'
11E8E149-C847-5E18-AF82-12DF17AE4E1E,2016-ncaa-d0-natl,ncaa,31,43,25,45,34,81,96,74,169,114,132,149,84,59,198,107,63,38,226,40,52,63,62,154,150,149,108,126,106,68,112,34,143,37,87,51,32,246,145,81,91,129,43,67,,,194,86,,,54,65,221,280,151,186,199,223,253,123,106,115,85,88,175,206,129,83,85,70,133,147,59,,86,,,61,143,180,303,23,216,314,30,106,210,21,132,112,105,185,104,41,292,295,20,15,18,79,114,122,301,143,274,112,297,87,114,90,72,140,69,89,42,210,185,,,53,114,,,54,291,132,24,54,33,59,180,97,222,53,121,50,45,44,136,145,200,115,145,48,164,40,141,,142,,,b'\x11\xe8\xe1I\xc8G^\x18\xaf\x82\x12\xdf\x17\xaeN\x1e'
11E8E149-C847-5E18-AF82-12DF17AE4E1E,2016-ncaa-d1-conf-CAA,ncaa,3,2,7,3,9,5,7,10,3,8,9,3,5,4,8,4,3,3,6,2,1,9,7,3,3,4,4,6,2,4,4,6,3,5,4,2,1,7,7,3,4,4,3,3,,,5,6,,,3,8,4,8,4,6,8,6,8,5,4,1,2,2,4,4,4,3,3,2,7,4,3,,6,,,3,1,2,5,2,4,8,3,3,5,2,4,3,2,5,2,1,5,4,2,2,2,1,3,5,5,3,2,4,2,4,3,5,6,5,4,4,4,5,6,,,4,3,,,3,3,4,2,3,3,3,9,6,10,3,6,4,5,5,8,7,7,2,4,5,4,4,5,,4,,,b'\x11\xe8\xe1I\xc8G^\x18\xaf\x82\x12\xdf\x17\xaeN\x1e'
11E8E149-C847-5E18-AF82-12DF17AE4E1E,2016-ncaa-d1-natl,ncaa,38,43,30,46,47,97,123,85,182,143,165,155,96,74,203,105,74,47,224,48,50,74,75,165,158,153,103,125,97,81,120,40,149,47,92,56,33,219,149,85,106,139,44,71,,,166,92,,,63,77,222,282,162,200,210,225,255,127,105,116,88,92,183,214,135,85,93,78,131,156,61,,88,,,67,122,161,293,26,195,305,32,92,192,24,130,98,88,198,87,41,276,283,21,16,20,78,112,120,288,149,257,120,285,92,100,91,99,149,78,71,43,205,193,,,66,113,,,63,280,141,28,62,36,62,184,106,227,52,119,52,48,45,138,143,207,119,152,52,172,39,147,,141,,,b'\x11\xe8\xe1I\xc8G^\x18\xaf\x82\x12\xdf\x17\xaeN\x1e'
11E8E149-C847-5E18-AF82-12DF17AE4E1E,2017-ncaa-d0-natl,ncaa,197,229,116,219,121,194,198,110,297,224,196,266,127,53,296,77,203,171,291,167,145,111,120,283,298,262,96,98,212,60,106,143,106,100,137,108,28,172,136,115,184,179,182,198,,,194,178,,,237,160,221,29,228,241,104,253,232,127,56,233,194,188,112,131,55,171,90,109,164,189,195,,162,,,231,206,229,183,266,240,212,240,167,124,264,111,147,207,33,215,182,185,192,258,224,205,101,145,136,110,106,283,106,230,137,247,217,153,161,200,189,161,53,75,,,153,208,,,237,206,226,190,224,195,214,131,232,190,151,104,132,190,203,146,141,100,258,212,233,164,171,54,,174,,,b'\x11\xe8\xe1I\xc8G^\x18\xaf\x82\x12\xdf\x17\xaeN\x1e'
11E8E149-C847-5E18-AF82-12DF17AE4E1E,2017-ncaa-d1-conf-CAA,ncaa,7,8,3,8,3,6,6,4,9,7,8,7,4,2,10,2,5,5,7,5,3,3,4,8,9,8,3,3,5,3,5,6,3,3,6,4,2,5,4,4,7,7,6,6,,,7,6,,,9,4,5,1,7,7,4,7,8,4,2,6,6,6,4,5,3,8,6,4,6,7,6,,8,,,9,10,10,6,10,9,7,10,6,4,8,2,6,8,5,8,7,8,7,10,10,9,2,3,6,1,3,10,5,10,6,8,7,7,7,7,8,6,4,4,,,3,6,,,9,7,8,9,9,9,9,6,9,7,5,3,6,7,7,8,7,1,9,9,8,7,7,4,,5,,,b'\x11\xe8\xe1I\xc8G^\x18\xaf\x82\x12\xdf\x17\xaeN\x1e'
11E8E149-C847-5E18-AF82-12DF17AE4E1E,2017-ncaa-d1-natl,ncaa,215,229,144,232,147,224,231,139,302,258,226,271,142,68,296,76,238,205,288,198,143,144,156,287,300,268,93,98,206,79,110,188,115,131,150,129,31,148,141,120,204,195,196,206,,,170,181,,,247,206,228,26,240,248,108,264,235,129,58,238,205,197,117,138,61,186,100,114,167,197,201,,165,,,247,176,202,139,278,219,183,248,152,93,275,108,135,191,34,198,180,140,141,269,237,217,98,140,134,82,115,261,110,202,150,236,222,181,169,209,167,165,46,85,,,186,201,,,247,158,232,205,236,201,221,133,239,195,156,101,137,192,205,149,140,103,261,218,243,173,174,53,,180,,,b'\x11\xe8\xe1I\xc8G^\x18\xaf\x82\x12\xdf\x17\xaeN\x1e'
11E8E149-C847-5E18-AF82-12DF17AE4E1E,2018-ncaa-d0-natl,ncaa,236,244,164,241,185,238,207,238,159,205,253,119,184,165,232,120,319,272,344,274,227,245,243,154,216,248,228,136,314,274,275,201,252,240,261,149,80,204,258,180,225,232,167,208,,,115,124,,,235,221,224,117,261,207,246,209,253,183,147,324,273,275,270,257,278,188,245,137,236,221,159,,138,,,234,122,141,171,130,223,263,98,49,39,165,29,171,180,170,178,114,163,159,89,92,124,57,43,219,234,252,194,275,217,261,119,110,198,190,160,237,273,224,270,,,279,260,,,235,137,256,157,227,146,167,201,236,300,50,44,193,196,192,189,191,258,220,245,126,187,254,227,,287,,,b'\x11\xe8\xe1I\xc8G^\x18\xaf\x82\x12\xdf\x17\xaeN\x1e'
11E8E149-C847-5E18-AF82-12DF17AE4E1E,2018-ncaa-d1-conf-CAA,ncaa,7,7,7,7,8,9,8,10,3,8,9,5,4,5,4,4,10,7,10,7,4,10,10,2,4,5,3,3,9,10,10,9,8,10,8,7,6,6,8,7,8,8,6,6,,,5,7,,,7,9,6,6,8,8,10,8,9,3,5,9,7,7,10,9,10,9,10,6,7,8,6,,6,,,7,5,6,4,7,6,7,6,2,1,8,1,7,5,7,5,6,3,2,7,8,7,4,1,7,7,8,4,10,6,8,4,1,7,6,5,6,9,4,7,,,8,7,,,7,2,7,6,6,6,6,6,6,8,2,1,9,7,7,5,6,7,6,8,6,7,8,6,,7,,,b'\x11\xe8\xe1I\xc8G^\x18\xaf\x82\x12\xdf\x17\xaeN\x1e'
11E8E149-C847-5E18-AF82-12DF17AE4E1E,2018-ncaa-d1-natl,ncaa,247,243,213,248,241,276,245,280,168,240,278,125,204,182,241,119,325,291,342,290,225,286,291,163,226,255,220,135,314,290,283,241,260,279,274,170,82,187,260,189,245,236,181,212,,,85,126,,,242,284,230,99,273,225,255,223,258,184,149,324,275,277,280,265,282,197,260,143,238,225,163,,142,,,243,92,117,124,144,200,241,113,36,29,170,25,154,161,176,160,114,116,102,100,105,138,58,43,215,206,260,165,283,187,274,92,110,222,199,171,212,277,209,281,,,299,262,,,242,77,268,174,238,154,180,202,247,301,50,46,197,197,195,193,189,264,228,252,134,195,256,227,,288,,,b'\x11\xe8\xe1I\xc8G^\x18\xaf\x82\x12\xdf\x17\xaeN\x1e'
11E8E149-C847-5E18-AF82-12DF17AE4E1E,2019-ncaa-d0-natl,ncaa,253,298,80,268,107,212,206,159,252,195,155,250,178,165,235,173,234,224,247,227,227,171,126,243,256,271,201,180,217,240,274,263,293,265,317,215,227,305,278,272,207,238,284,310,,,321,309,,,276,101,182,216,283,266,257,261,225,215,200,276,259,265,278,224,275,331,336,267,262,240,305,,293,,,271,257,274,205,288,314,271,294,77,79,142,41,239,250,159,253,183,223,248,253,251,219,39,27,196,256,293,279,274,283,317,180,78,99,117,115,260,230,265,248,,,192,235,,,276,242,284,232,276,198,237,110,289,234,51,43,214,217,221,121,161,199,216,219,134,121,223,239,,259,,,b'\x11\xe8\xe1I\xc8G^\x18\xaf\x82\x12\xdf\x17\xaeN\x1e'
11E8E149-C847-5E18-AF82-12DF17AE4E1E,2019-ncaa-d1-conf-CAA,ncaa,8,9,1,8,3,7,6,3,8,7,3,7,4,4,5,4,9,8,5,9,8,5,2,6,7,9,4,4,8,8,9,7,10,7,10,8,6,10,10,9,8,10,6,7,,,10,10,,,9,2,3,10,9,9,7,9,8,4,5,9,8,9,8,7,8,10,8,8,9,10,7,,10,,,8,10,9,9,7,10,9,7,5,2,7,1,9,9,4,9,7,9,9,7,7,6,2,1,7,9,10,10,9,10,10,8,2,3,5,6,10,9,6,6,,,8,9,,,9,9,9,7,9,6,8,4,9,8,3,1,7,8,8,6,5,6,8,9,7,5,10,5,,9,,,b'\x11\xe8\xe1I\xc8G^\x18\xaf\x82\x12\xdf\x17\xaeN\x1e'
11E8E149-C847-5E18-AF82-12DF17AE4E1E,2019-ncaa-d1-natl,ncaa,252,297,62,268,93,214,200,156,246,185,159,244,176,156,238,172,248,233,252,234,240,170,126,241,257,272,203,174,232,243,281,257,286,265,313,209,212,303,285,273,211,244,272,306,,,321,310,,,281,96,174,219,286,268,259,255,226,214,201,286,272,277,280,230,278,326,330,261,265,234,297,,293,,,275,268,276,228,284,318,282,289,64,69,126,37,268,260,187,263,200,241,255,251,255,220,39,25,223,248,286,282,281,284,313,175,75,96,129,119,261,239,252,239,,,201,240,,,281,251,285,229,283,209,235,114,290,237,45,41,239,231,234,128,164,183,217,212,129,131,223,227,,260,,,b'\x11\xe8\xe1I\xc8G^\x18\xaf\x82\x12\xdf\x17\xaeN\x1e'
11E8E149-C847-5E18-AF82-12DF17AE4E1E,2020-ncaa-d0-natl,ncaa,333,344,87,341,136,326,289,292,256,190,122,280,338,337,302,327,323,300,317,299,317,297,221,300,317,339,340,324,268,113,63,283,321,218,169,268,186,345,347,332,283,288,334,329,,,210,238,,,338,255,308,213,347,331,340,212,140,340,339,325,310,310,343,276,124,317,261,291,339,293,336,,188,,,336,264,273,194,303,223,132,298,299,273,297,274,153,149,191,142,182,175,152,316,307,313,228,270,96,286,321,37,63,112,169,324,315,232,229,323,343,344,303,274,,,311,313,,,338,102,335,330,337,253,262,147,203,88,291,258,151,141,136,137,102,270,27,86,321,244,338,301,,326,,,b'\x11\xe8\xe1I\xc8G^\x18\xaf\x82\x12\xdf\x17\xaeN\x1e'
11E8E149-C847-5E18-AF82-12DF17AE4E1E,2020-ncaa-d1-conf-CAA,ncaa,10,10,1,10,4,10,8,8,5,3,3,6,10,10,9,10,10,10,10,10,10,9,5,8,8,10,10,10,10,6,5,3,8,6,5,8,5,10,10,10,10,10,10,10,,,5,4,,,10,4,7,8,10,10,9,4,3,10,10,10,10,10,10,8,7,4,6,8,10,10,10,,3,,,10,9,9,10,9,9,6,9,10,10,8,10,5,3,10,2,3,9,8,9,9,10,7,10,2,10,8,4,5,7,5,10,9,10,10,10,10,10,8,8,,,10,10,,,10,8,10,10,10,9,9,9,8,5,10,10,4,2,2,8,5,9,3,6,10,10,10,8,,10,,,b'\x11\xe8\xe1I\xc8G^\x18\xaf\x82\x12\xdf\x17\xaeN\x1e'
11E8E149-C847-5E18-AF82-12DF17AE4E1E,2020-ncaa-d1-natl,ncaa,341,344,128,344,202,343,325,327,264,217,152,288,341,338,299,327,331,308,319,310,318,328,270,308,324,340,339,325,262,134,65,309,322,259,179,296,186,343,348,337,299,294,336,329,,,178,243,,,341,300,312,201,347,338,341,225,145,341,339,329,311,311,344,281,134,321,268,299,339,297,336,,195,,,339,251,257,151,310,205,101,301,287,254,299,273,141,134,192,127,187,136,95,320,313,321,227,269,97,271,322,26,65,81,179,319,315,257,242,326,338,346,301,281,,,319,306,,,341,53,338,335,341,262,271,154,209,92,294,257,155,145,140,140,101,276,29,91,325,256,339,303,,325,,,b'\x11\xe8\xe1I\xc8G^\x18\xaf\x82\x12\xdf\x17\xaeN\x1e'
11E8E149-C847-5E18-AF82-12DF17AE4E1E,2021-ncaa-d0-natl,ncaa,205,202,219,211,229,247,238,234,236,169,116,274,323,322,296,340,170,118,322,119,139,217,213,290,294,290,330,338,45,112,55,253,315,221,202,257,254,212,271,291,82,42,205,154,,,185,276,,,246,232,140,129,265,238,214,90,31,339,337,105,29,31,167,88,54,272,154,264,290,32,185,,285,,,244,112,96,106,91,61,79,50,265,212,314,305,148,157,144,161,286,109,131,162,165,97,334,331,219,219,315,96,55,125,202,145,275,107,49,89,171,212,76,38,,,178,98,,,246,116,277,132,241,164,106,144,25,48,316,294,211,228,229,165,261,301,127,224,201,34,236,79,,71,,,b'\x11\xe8\xe1I\xc8G^\x18\xaf\x82\x12\xdf\x17\xaeN\x1e'
11E8E149-C847-5E18-AF82-12DF17AE4E1E,2021-ncaa-d1-conf-CAA,ncaa,5,8,7,5,7,7,7,7,7,6,5,7,10,10,8,10,5,4,10,4,3,7,7,7,8,8,10,10,2,5,4,6,9,6,5,6,5,5,10,8,3,3,5,5,,,5,5,,,9,7,5,3,9,9,10,3,3,10,10,5,2,2,6,6,6,5,5,8,10,1,5,,8,,,8,4,4,4,1,4,4,1,9,5,8,9,5,5,5,5,8,4,4,3,3,3,10,10,4,6,9,4,4,4,5,5,9,4,5,5,5,7,4,3,,,6,3,,,9,4,9,2,8,4,3,7,1,3,10,9,5,5,6,7,7,8,3,6,8,4,7,3,,3,,,b'\x11\xe8\xe1I\xc8G^\x18\xaf\x82\x12\xdf\x17\xaeN\x1e'
11E8E149-C847-5E18-AF82-12DF17AE4E1E,2021-ncaa-d1-natl,ncaa,217,201,231,220,241,264,251,248,244,183,131,280,324,323,300,339,179,131,322,131,138,231,230,294,298,296,329,339,44,130,58,262,316,238,207,270,256,198,278,300,93,46,215,156,,,172,279,,,254,243,146,130,270,247,219,93,31,339,337,108,31,34,173,92,59,275,161,271,292,36,189,,288,,,253,101,87,98,101,56,72,50,259,198,317,303,144,147,147,152,288,101,116,172,177,105,333,331,219,209,316,91,58,113,207,132,278,123,55,92,162,216,66,39,,,190,96,,,254,105,284,142,249,173,110,147,27,47,317,292,215,227,232,170,262,304,129,225,207,39,239,80,,76,,,b'\x11\xe8\xe1I\xc8G^\x18\xaf\x82\x12\xdf\x17\xaeN\x1e'
11E8E149-C847-5E18-AF82-12DF17AE4E1E,2022-ncaa-d0-natl,ncaa,295,288,260,297,277,341,322,315,301,253,226,282,350,335,356,313,329,308,345,305,307,317,299,334,337,344,347,334,238,264,210,311,314,307,283,302,195,244,333,317,121,59,346,344,,,132,262,,,314,303,300,185,350,336,329,216,145,352,332,331,289,286,331,288,234,324,312,297,300,85,347,,234,,,314,61,57,63,166,60,60,174,138,130,193,238,105,92,241,88,206,58,61,180,185,177,242,235,196,199,314,59,210,98,283,163,306,230,138,220,212,302,229,256,,,319,272,,,314,48,345,213,324,140,123,108,113,99,193,197,165,146,146,110,111,271,141,203,238,167,271,283,,305,,,b'\x11\xe8\xe1I\xc8G^\x18\xaf\x82\x12\xdf\x17\xaeN\x1e'
11E8E149-C847-5E18-AF82-12DF17AE4E1E,2022-ncaa-d1-conf-CAA,ncaa,8,9,3,9,4,9,7,6,9,6,5,6,10,10,10,9,8,7,10,7,7,7,6,10,10,10,10,10,8,9,9,7,6,7,7,8,5,10,9,10,2,1,10,10,,,9,8,,,9,5,8,7,10,10,9,6,7,10,10,9,7,7,9,8,9,7,8,9,9,2,10,,8,,,9,6,4,6,5,3,3,7,10,10,7,10,6,6,7,6,8,6,6,8,8,7,9,10,8,7,6,7,9,7,7,8,10,6,5,8,10,10,10,9,,,8,7,,,9,6,10,8,9,5,3,4,3,1,10,10,6,5,5,3,4,8,7,7,8,7,8,10,,8,,,b'\x11\xe8\xe1I\xc8G^\x18\xaf\x82\x12\xdf\x17\xaeN\x1e'
11E8E149-C847-5E18-AF82-12DF17AE4E1E,2022-ncaa-d1-natl,ncaa,296,288,270,300,285,345,334,326,322,269,228,293,352,327,356,305,330,300,346,297,291,328,307,340,344,348,345,336,215,251,207,321,315,319,292,308,189,249,323,322,128,65,348,346,,,158,283,,,325,312,303,184,351,340,329,239,160,352,330,323,279,273,330,288,221,327,318,301,292,94,347,,251,,,325,66,60,54,180,59,54,172,158,130,242,235,117,112,208,108,225,47,46,195,200,177,260,241,203,191,315,72,207,102,292,173,311,227,135,214,214,306,270,291,,,317,258,,,325,43,347,223,329,143,122,94,106,89,210,186,176,171,167,99,98,262,158,206,233,164,273,305,,303,,,b'\x11\xe8\xe1I\xc8G^\x18\xaf\x82\x12\xdf\x17\xaeN\x1e'
11E8E149-C847-5E18-AF82-12DF17AE4E1E,2023-ncaa-d0-natl,ncaa,242,284,116,267,136,250,234,225,243,241,209,271,197,225,128,195,261,276,157,271,271,242,155,233,232,294,169,153,209,162,151,173,207,166,158,211,155,354,348,322,228,247,292,309,,,308,326,,,277,160,231,129,303,288,313,282,237,204,243,285,299,296,319,217,181,201,207,246,340,239,309,,304,,,269,176,156,146,181,214,189,216,65,114,45,95,284,296,112,299,292,178,199,142,162,146,110,49,302,215,207,113,151,149,158,193,214,132,133,153,346,344,214,223,,,221,249,,,277,201,300,150,267,139,115,81,186,144,47,91,277,285,287,132,144,204,84,120,178,147,338,204,,245,,,b'\x11\xe8\xe1I\xc8G^\x18\xaf\x82\x12\xdf\x17\xaeN\x1e'
11E8E149-C847-5E18-AF82-12DF17AE4E1E,2023-ncaa-d1-conf-CAA,ncaa,10,12,2,11,2,11,10,8,10,11,10,10,8,7,5,6,12,11,5,11,11,9,6,9,9,11,7,5,9,11,11,5,5,5,8,9,7,12,12,12,12,13,11,12,,,12,12,,,12,5,11,9,12,12,12,12,12,8,8,12,12,13,13,12,12,6,10,11,11,13,12,,11,,,12,12,11,9,7,12,10,10,3,7,1,5,12,12,11,12,12,9,8,6,8,13,4,2,12,7,5,8,11,10,8,12,9,9,10,13,13,13,11,12,,,8,10,,,12,9,11,11,12,7,7,4,9,7,2,4,11,11,11,7,4,6,6,6,8,11,11,10,,11,,,b'\x11\xe8\xe1I\xc8G^\x18\xaf\x82\x12\xdf\x17\xaeN\x1e'
11E8E149-C847-5E18-AF82-12DF17AE4E1E,2023-ncaa-d1-natl,ncaa,243,284,103,270,119,251,243,229,246,244,206,267,198,217,141,185,273,284,176,279,286,257,149,229,239,300,177,155,234,160,148,171,209,160,155,198,123,355,351,311,218,239,304,315,,,314,329,,,284,154,223,131,308,290,307,281,235,204,233,301,310,306,319,216,180,208,211,223,339,236,319,,307,,,280,182,158,148,186,212,186,216,69,115,52,97,290,304,102,307,301,194,214,151,173,143,123,52,305,222,209,125,148,161,155,186,192,123,120,134,351,345,225,238,,,219,257,,,284,207,305,158,277,137,112,72,177,136,53,89,279,290,294,127,153,200,89,126,158,138,340,221,,255,,,b'\x11\xe8\xe1I\xc8G^\x18\xaf\x82\x12\xdf\x17\xaeN\x1e'
11E8E149-C847-5E18-AF82-12DF17AE4E1E,2024-ncaa-d0-natl,ncaa,264,297,143,282,170,293,303,215,334,301,219,337,224,185,273,169,267,212,340,216,167,214,161,320,336,341,140,138,162,44,32,200,251,124,119,262,166,338,336,320,167,152,228,222,,,285,322,,,256,228,292,208,337,342,279,332,242,231,195,288,223,230,277,188,37,238,104,288,330,174,231,,285,,,252,83,75,118,80,75,145,57,123,123,198,138,203,206,157,204,232,122,145,78,96,69,247,182,276,231,251,133,32,167,119,105,200,132,114,105,315,314,310,324,,,141,116,,,256,133,322,102,255,64,53,71,56,115,113,100,191,196,197,76,98,231,120,160,102,138,310,319,,131,,,b'\x11\xe8\xe1I\xc8G^\x18\xaf\x82\x12\xdf\x17\xaeN\x1e'
11E8E149-C847-5E18-AF82-12DF17AE4E1E,2024-ncaa-d1-conf-CAA,ncaa,12,12,2,12,2,9,9,6,11,11,8,11,6,6,9,7,9,4,11,5,8,7,1,11,11,12,4,7,5,1,1,8,11,4,5,10,6,14,14,13,8,7,10,12,,,14,14,,,12,4,10,9,12,13,11,14,11,9,8,10,9,9,10,9,2,11,7,11,14,9,12,,13,,,11,12,11,9,11,11,9,9,7,5,10,3,13,13,12,13,12,11,12,9,11,10,10,4,12,12,11,6,1,9,5,11,7,4,7,8,14,14,14,14,,,2,2,,,12,10,11,11,11,8,6,3,9,7,6,4,13,13,13,4,5,10,3,5,9,8,14,12,,4,,,b'\x11\xe8\xe1I\xc8G^\x18\xaf\x82\x12\xdf\x17\xaeN\x1e'
11E8E149-C847-5E18-AF82-12DF17AE4E1E,2024-ncaa-d1-natl,ncaa,266,296,130,289,153,292,290,216,330,315,231,340,181,172,203,146,283,228,340,231,177,221,164,307,325,336,101,98,204,37,30,206,247,125,107,254,148,340,337,314,143,132,228,222,,,290,331,,,239,240,299,206,330,332,270,338,252,186,180,300,240,244,273,186,36,244,107,275,326,149,235,,297,,,239,69,55,99,78,59,125,64,106,110,176,140,197,204,157,202,234,109,138,72,95,62,247,177,278,222,247,126,30,159,107,96,204,118,93,98,303,301,315,327,,,146,137,,,239,122,313,92,240,56,47,58,48,99,95,94,188,192,194,61,89,219,110,139,101,120,299,324,,147,,,b'\x11\xe8\xe1I\xc8G^\x18\xaf\x82\x12\xdf\x17\xaeN\x1e'
11E8E149-C847-5E18-AF82-12DF17AE4E1E,2025-ncaa-d0-natl,genius_ncaa,184,176,194,191,194,267,254,178,314,250,149,336,225,233,210,219,314,263,336,266,304,194,190,312,327,318,205,163,264,51,45,135,245,87,121,291,303,200,215,290,289,289,295,317,,,177,233,,76,216,253,305,6,292,266,133,255,118,223,216,316,264,267,173,150,28,90,26,308,228,284,299,,212,,87,214,85,89,167,51,145,215,99,43,125,6,118,186,216,81,217,208,185,144,32,35,96,111,57,268,281,245,191,45,229,121,124,219,281,277,234,175,189,341,329,,,252,275,,313,216,111,278,138,213,102,102,207,169,246,47,139,211,239,236,227,158,300,214,274,150,280,196,345,,249,,309,b'\x11\xe8\xe1I\xc8G^\x18\xaf\x82\x12\xdf\x17\xaeN\x1e'
11E8E149-C847-5E18-AF82-12DF17AE4E1E,2025-ncaa-d1-conf-CAA,genius_ncaa,9,6,9,9,9,12,12,8,12,13,8,14,10,9,7,8,12,11,10,11,12,10,8,12,12,11,6,7,9,3,3,7,9,6,6,12,13,9,11,13,11,11,12,12,,,9,12,,8,9,12,11,1,11,11,5,12,6,9,8,11,11,11,8,3,2,4,2,12,13,11,12,,12,,9,9,3,4,6,4,4,6,6,2,4,1,6,11,11,7,10,10,7,6,1,4,4,8,2,14,10,9,4,3,5,6,2,7,10,9,7,8,8,14,13,,,10,6,,12,9,6,11,6,9,7,6,9,6,10,2,6,13,14,14,10,8,10,7,11,5,9,9,14,,5,,12,b'\x11\xe8\xe1I\xc8G^\x18\xaf\x82\x12\xdf\x17\xaeN\x1e'
11E8E149-C847-5E18-AF82-12DF17AE4E1E,2025-ncaa-d1-natl,genius_ncaa,193,176,244,196,244,307,292,222,324,282,182,343,243,247,211,221,324,284,336,286,305,241,246,318,332,324,206,162,260,59,53,166,249,114,132,319,308,171,224,300,310,301,310,319,,,154,245,,67,244,303,307,6,309,285,148,268,123,229,220,317,268,270,188,159,29,95,29,326,232,298,304,,216,,88,245,63,64,129,61,120,179,111,34,101,8,111,172,202,81,204,209,145,96,42,40,112,109,55,271,268,249,148,53,197,132,106,220,305,291,247,157,195,337,333,,,276,270,,316,244,62,291,158,246,114,112,214,178,251,55,137,216,245,244,233,156,307,221,280,162,292,197,349,,250,,307,b'\x11\xe8\xe1I\xc8G^\x18\xaf\x82\x12\xdf\x17\xaeN\x1e'
11E8E149-C847-5E18-AF82-12DF17AE4E1E,2026-ncaa-d0-natl,genius_ncaa,295,250,279,302,291,329,330,333,256,328,336,220,297,293,289,122,319,323,192,319,171,333,323,259,260,311,162,159,168,318,230,323,327,327,296,325,232,187,346,337,307,283,344,331,,,122,317,,180,319,319,298,97,331,327,347,314,329,254,227,291,294,287,352,319,273,316,327,318,323,283,338,,288,,283,328,101,95,63,291,61,37,295,222,154,293,296,146,167,98,168,321,69,56,313,305,318,308,299,205,163,327,42,230,62,296,179,318,324,295,327,211,337,20,136,,,336,290,,241,319,42,317,334,333,289,259,189,193,74,327,304,265,287,290,240,149,311,98,196,311,294,318,64,,319,,211,b'\x11\xe8\xe1I\xc8G^\x18\xaf\x82\x12\xdf\x17\xaeN\x1e'
11E8E149-C847-5E18-AF82-12DF17AE4E1E,2026-ncaa-d1-natl,genius_ncaa,301,249,271,304,286,335,332,344,240,327,340,201,287,277,282,116,337,342,190,341,251,348,333,243,253,305,185,152,237,298,190,332,331,333,272,317,198,205,340,317,320,287,300,254,,,157,331,,152,317,338,304,100,326,305,340,294,314,244,210,316,324,320,348,299,240,300,305,292,321,279,277,,307,,233,323,115,93,57,255,68,24,291,195,176,212,290,198,213,123,207,331,66,38,278,287,310,299,252,265,213,331,27,190,74,272,224,339,331,298,329,211,332,40,150,,,354,324,,268,317,25,305,332,327,282,244,175,179,69,301,298,298,308,305,229,133,315,89,196,323,291,310,83,,341,,243,b'\x11\xe8\xe1I\xc8G^\x18\xaf\x82\x12\xdf\x17\xaeN\x1e'
11E8E149-C84C-63AE-AF82-12DF17AE4E1E,2010-ncaa-d0-natl,ncaa,262,290,122,275,132,215,243,236,234,284,286,247,81,90,109,51,188,233,50,235,125,241,268,184,159,142,41,46,157,300,299,320,336,322,336,102,11,52,120,49,151,134,249,243,,,110,138,,,270,245,312,60,251,276,284,313,311,77,86,205,262,262,296,323,317,340,340,87,45,162,254,,98,,,267,236,266,176,320,261,103,336,246,266,129,297,87,72,247,64,107,147,143,321,313,316,128,223,49,263,336,163,299,215,336,316,292,202,180,304,47,102,135,222,,,279,243,,,270,105,177,329,268,227,274,145,252,64,242,280,80,67,62,105,77,260,163,220,319,227,51,128,,316,,,b'\x11\xe8\xe1I\xc8Lc\xae\xaf\x82\x12\xdf\x17\xaeN\x1e'
11E8E149-C84C-63AE-AF82-12DF17AE4E1E,2010-ncaa-d1-conf-Patriot,ncaa,4,4,3,4,3,4,4,3,4,4,5,4,3,3,4,2,3,5,1,5,4,3,3,4,4,4,2,2,6,6,7,6,8,7,7,2,1,2,2,2,3,3,5,5,,,6,4,,,4,3,3,6,4,4,4,6,7,3,2,4,5,5,4,6,6,7,7,2,2,2,5,,5,,,4,7,8,7,5,7,3,7,7,8,4,8,5,6,5,5,5,8,6,6,6,7,7,7,5,8,8,6,7,8,7,8,7,4,5,6,2,2,1,2,,,3,5,,,4,6,4,7,4,7,7,6,5,3,7,8,5,5,5,7,7,8,4,6,8,5,2,2,,7,,,b'\x11\xe8\xe1I\xc8Lc\xae\xaf\x82\x12\xdf\x17\xaeN\x1e'
11E8E149-C84C-63AE-AF82-12DF17AE4E1E,2010-ncaa-d1-natl,ncaa,268,289,134,279,143,228,258,252,239,304,308,252,87,99,112,51,193,248,48,248,121,264,294,192,163,144,42,46,152,314,302,328,336,335,337,107,11,42,120,48,163,142,252,243,,,95,138,,,275,266,316,58,252,281,286,315,314,79,87,203,262,266,298,326,319,340,340,87,45,172,257,,95,,,274,228,263,160,321,254,86,338,239,261,131,295,79,61,248,57,108,128,124,324,314,318,128,224,48,255,336,151,302,204,337,312,292,222,185,308,45,105,130,226,,,294,242,,,275,84,181,331,274,234,281,145,254,65,243,281,81,67,62,105,76,263,166,221,320,233,52,131,,316,,,b'\x11\xe8\xe1I\xc8Lc\xae\xaf\x82\x12\xdf\x17\xaeN\x1e'
11E8E149-C84C-63AE-AF82-12DF17AE4E1E,2011-ncaa-d0-natl,ncaa,248,264,170,260,194,213,233,192,251,243,214,260,130,137,154,107,203,218,148,220,181,195,187,224,219,233,88,94,163,249,278,255,224,264,288,64,5,200,227,90,204,207,326,331,,,121,132,,,290,164,119,113,220,240,174,261,230,117,116,196,214,214,191,168,252,257,283,35,221,195,334,,154,,,285,253,272,193,302,236,120,313,275,267,227,284,128,102,258,94,136,170,166,311,303,292,175,243,77,145,224,231,278,200,288,312,289,178,177,283,266,279,153,188,,,290,310,,,290,181,247,283,283,284,298,239,256,142,288,285,143,119,110,218,226,165,265,234,321,154,275,175,,301,,,b'\x11\xe8\xe1I\xc8Lc\xae\xaf\x82\x12\xdf\x17\xaeN\x1e'
11E8E149-C84C-63AE-AF82-12DF17AE4E1E,2011-ncaa-d1-conf-Patriot,ncaa,6,6,5,6,5,4,5,5,5,7,6,5,4,4,4,3,4,4,3,4,3,6,7,5,5,4,2,3,2,8,7,5,6,6,6,4,1,7,7,4,7,7,8,8,,,7,6,,,6,4,3,3,3,4,3,6,5,4,4,3,3,3,4,4,6,3,5,1,7,6,8,,8,,,6,7,8,5,6,7,4,6,5,7,3,7,6,6,4,5,6,7,5,6,6,7,4,4,4,6,6,5,7,5,6,8,8,6,6,7,7,7,5,7,,,7,8,,,6,5,4,7,6,7,8,8,7,8,7,7,7,6,6,8,7,6,5,6,8,6,7,6,,6,,,b'\x11\xe8\xe1I\xc8Lc\xae\xaf\x82\x12\xdf\x17\xaeN\x1e'
11E8E149-C84C-63AE-AF82-12DF17AE4E1E,2011-ncaa-d1-natl,ncaa,258,262,199,263,224,239,248,218,256,269,242,265,136,144,157,108,219,233,148,236,185,222,219,230,229,233,85,92,163,267,279,278,227,280,294,70,5,177,227,92,217,212,333,336,,,103,134,,,295,196,121,107,226,244,177,270,232,117,116,198,218,218,196,172,253,259,286,36,223,200,335,,154,,,293,237,256,165,307,225,102,317,268,259,229,282,118,86,263,81,133,142,136,315,303,301,172,240,76,127,227,214,279,178,294,308,290,199,184,288,256,281,141,193,,,303,310,,,295,150,247,293,291,285,302,240,262,148,291,284,143,122,112,220,226,168,269,238,323,164,275,182,,300,,,b'\x11\xe8\xe1I\xc8Lc\xae\xaf\x82\x12\xdf\x17\xaeN\x1e'
11E8E149-C84C-63AE-AF82-12DF17AE4E1E,2012-ncaa-d0-natl,ncaa,106,153,22,134,37,81,59,73,65,70,91,65,83,107,77,139,189,204,146,196,271,85,69,65,82,96,204,133,291,141,153,44,176,70,132,9,2,253,182,23,151,210,245,289,,,94,20,,,175,62,229,237,145,104,192,122,201,128,153,261,285,282,229,243,222,144,190,9,145,227,279,,19,,,174,313,335,329,230,312,312,219,330,313,290,275,23,33,41,33,8,318,286,253,195,256,107,307,2,285,176,213,153,263,132,339,297,232,315,335,328,290,181,119,,,242,326,,,175,279,111,265,181,213,282,288,248,239,308,278,7,10,10,215,120,204,68,110,314,309,266,103,,328,,,b'\x11\xe8\xe1I\xc8Lc\xae\xaf\x82\x12\xdf\x17\xaeN\x1e'
11E8E149-C84C-63AE-AF82-12DF17AE4E1E,2012-ncaa-d1-conf-Patriot,ncaa,4,5,1,5,1,1,1,1,1,1,1,1,2,2,3,4,3,3,7,3,4,1,1,1,1,2,4,3,6,3,6,2,4,2,5,1,1,6,5,1,3,4,4,6,,,5,2,,,4,1,3,3,2,1,3,2,6,2,4,6,5,5,5,4,7,3,5,1,5,3,6,,3,,,4,8,8,8,5,7,8,4,8,8,5,6,4,4,2,4,2,8,8,5,4,5,6,7,2,7,4,7,6,7,5,8,7,5,6,7,7,5,4,2,,,4,8,,,4,8,3,5,5,6,6,6,6,6,8,8,3,3,3,6,5,6,3,6,7,6,5,3,,7,,,b'\x11\xe8\xe1I\xc8Lc\xae\xaf\x82\x12\xdf\x17\xaeN\x1e'
11E8E149-C84C-63AE-AF82-12DF17AE4E1E,2012-ncaa-d1-natl,ncaa,112,153,23,140,42,89,65,79,64,76,103,69,92,118,78,136,201,218,148,212,270,100,79,69,84,103,202,130,288,161,162,53,182,83,138,9,2,235,186,23,169,217,256,293,,,76,22,,,192,72,234,235,151,110,199,127,204,127,155,264,288,284,233,244,227,147,198,9,146,233,283,,20,,,190,309,334,329,238,306,310,223,327,310,298,277,19,28,45,28,8,315,274,259,197,261,108,304,2,278,182,194,162,247,138,338,298,257,317,336,324,292,174,127,,,262,326,,,192,267,113,267,196,216,284,289,251,243,309,277,7,11,12,218,120,208,67,114,315,313,262,103,,328,,,b'\x11\xe8\xe1I\xc8Lc\xae\xaf\x82\x12\xdf\x17\xaeN\x1e'
11E8E149-C84C-63AE-AF82-12DF17AE4E1E,2013-ncaa-d0-natl,ncaa,113,126,80,126,104,157,140,216,74,176,263,62,81,110,59,81,269,244,259,241,172,224,187,57,71,125,125,74,295,260,222,132,152,180,151,36,6,275,284,91,218,237,182,184,,,96,79,,,184,160,252,267,211,178,300,214,298,94,128,298,280,279,309,285,287,175,256,32,235,246,210,,58,,,184,228,255,256,187,171,152,204,323,322,235,321,30,39,59,41,55,232,190,234,187,237,255,321,16,204,152,102,222,137,151,310,313,231,268,320,316,318,55,105,,,254,276,,,184,181,151,240,185,166,214,211,118,80,313,312,27,33,33,149,92,154,48,80,290,287,292,39,,303,,,b'\x11\xe8\xe1I\xc8Lc\xae\xaf\x82\x12\xdf\x17\xaeN\x1e'
11E8E149-C84C-63AE-AF82-12DF17AE4E1E,2013-ncaa-d1-conf-Patriot,ncaa,3,3,1,3,2,1,1,3,1,1,4,2,2,2,2,2,5,3,7,3,4,2,1,1,1,3,3,2,7,7,8,2,5,3,6,1,1,8,7,2,5,7,2,3,,,8,3,,,4,1,3,4,1,1,7,2,7,2,3,7,6,6,7,5,8,5,6,1,5,7,4,,3,,,4,8,8,8,5,8,7,5,8,8,5,8,6,8,4,7,4,8,8,6,5,8,7,7,4,6,5,7,8,7,6,8,7,6,7,8,8,8,4,3,,,3,5,,,4,8,3,8,4,8,8,6,4,4,8,7,4,4,4,6,4,5,4,3,8,7,8,2,,7,,,b'\x11\xe8\xe1I\xc8Lc\xae\xaf\x82\x12\xdf\x17\xaeN\x1e'
11E8E149-C84C-63AE-AF82-12DF17AE4E1E,2013-ncaa-d1-natl,ncaa,121,126,90,130,123,169,150,238,74,196,277,63,86,117,60,80,274,255,257,255,169,247,216,59,72,127,121,73,295,271,223,145,155,204,154,43,6,264,288,93,231,247,196,190,,,84,78,,,189,180,255,267,218,189,302,219,300,93,127,298,283,281,309,290,290,182,259,34,234,253,214,,59,,,189,213,249,248,193,155,125,210,322,319,239,320,27,38,62,39,55,216,170,242,194,242,256,320,16,196,155,77,223,109,154,308,312,253,279,322,308,318,48,110,,,264,273,,,189,161,153,247,190,171,218,213,121,82,313,311,27,34,34,149,92,153,48,82,291,291,292,40,,304,,,b'\x11\xe8\xe1I\xc8Lc\xae\xaf\x82\x12\xdf\x17\xaeN\x1e'
11E8E149-C84C-63AE-AF82-12DF17AE4E1E,2014-ncaa-d0-natl,ncaa,89,88,85,95,108,97,63,94,49,63,99,66,129,151,80,184,240,234,192,238,310,113,136,64,86,71,266,163,318,162,162,124,88,132,124,12,4,113,86,14,146,162,69,69,,,113,91,,,98,125,208,216,95,49,105,66,129,141,177,274,275,279,157,209,192,171,189,8,74,183,81,,69,,,99,192,236,223,200,207,173,227,257,263,168,271,75,96,66,87,91,203,198,210,173,193,149,257,46,110,88,182,162,152,124,255,226,171,204,242,135,126,226,173,,,228,290,,,98,217,77,169,104,137,197,179,175,117,238,250,54,74,66,125,106,76,130,89,228,219,117,200,,300,,,b'\x11\xe8\xe1I\xc8Lc\xae\xaf\x82\x12\xdf\x17\xaeN\x1e'
11E8E149-C84C-63AE-AF82-12DF17AE4E1E,2014-ncaa-d1-conf-Patriot,ncaa,4,5,1,5,2,1,1,1,1,1,2,1,5,6,4,7,4,3,8,3,6,1,2,2,2,3,9,8,7,6,5,3,5,5,6,1,2,8,6,3,2,5,1,2,,,7,5,,,4,1,3,6,1,1,4,1,4,5,7,4,4,4,4,5,7,7,7,1,6,3,2,,6,,,4,10,10,9,8,10,10,9,6,6,4,3,8,8,2,8,6,9,9,8,8,8,3,1,4,8,5,7,5,7,6,8,3,2,6,3,9,6,9,6,,,4,7,,,4,10,4,4,4,7,8,6,9,6,5,3,4,7,7,5,7,5,5,4,5,3,7,8,,7,,,b'\x11\xe8\xe1I\xc8Lc\xae\xaf\x82\x12\xdf\x17\xaeN\x1e'
11E8E149-C84C-63AE-AF82-12DF17AE4E1E,2014-ncaa-d1-natl,ncaa,93,88,100,96,126,113,74,110,51,73,112,67,136,158,85,183,253,253,192,255,312,137,160,63,92,73,266,163,316,178,168,148,90,156,130,12,5,95,85,14,168,169,73,70,,,99,94,,,104,155,210,219,100,50,108,70,131,143,177,277,281,283,161,214,199,178,195,8,73,184,83,,72,,,106,175,221,205,209,191,156,232,251,259,174,270,65,84,71,76,92,180,167,216,179,203,149,258,47,98,90,162,168,134,130,243,226,193,213,247,124,128,215,174,,,252,291,,,104,187,82,178,110,144,202,179,180,117,241,252,56,74,66,125,106,77,133,90,229,226,115,208,,296,,,b'\x11\xe8\xe1I\xc8Lc\xae\xaf\x82\x12\xdf\x17\xaeN\x1e'
11E8E149-C84C-63AE-AF82-12DF17AE4E1E,2015-ncaa-d0-natl,ncaa,162,209,79,195,94,147,139,124,196,170,164,180,135,113,188,117,193,237,72,242,255,143,110,181,177,214,151,129,223,177,210,96,274,120,222,44,8,301,262,114,174,218,75,92,,,255,183,,,199,95,160,222,217,206,198,221,227,148,131,242,279,282,228,195,223,142,177,39,253,207,78,,212,,,197,224,223,284,86,227,272,106,183,225,74,174,227,249,69,247,178,288,274,85,79,116,149,148,199,319,274,223,210,288,222,296,310,142,210,241,286,251,139,141,,,210,290,,,199,251,226,138,199,154,156,244,173,239,150,196,181,217,213,255,246,305,154,229,257,186,244,106,,292,,,b'\x11\xe8\xe1I\xc8Lc\xae\xaf\x82\x12\xdf\x17\xaeN\x1e'
11E8E149-C84C-63AE-AF82-12DF17AE4E1E,2015-ncaa-d1-conf-Patriot,ncaa,3,3,7,3,8,4,3,7,4,4,5,3,7,6,7,5,5,6,1,6,5,6,4,5,4,5,7,6,6,6,5,5,6,7,4,2,1,7,8,2,4,5,3,4,,,6,6,,,4,5,2,7,3,3,4,4,5,6,5,4,5,5,4,3,6,3,5,2,8,4,2,,9,,,4,3,3,5,3,7,5,7,4,6,2,8,4,7,1,7,6,6,6,3,3,3,4,5,5,7,6,2,5,3,4,7,10,4,4,6,5,6,3,3,,,8,7,,,4,6,5,3,4,4,5,6,7,7,6,9,6,7,7,7,10,9,4,5,7,4,5,3,,6,,,b'\x11\xe8\xe1I\xc8Lc\xae\xaf\x82\x12\xdf\x17\xaeN\x1e'
11E8E149-C84C-63AE-AF82-12DF17AE4E1E,2015-ncaa-d1-natl,ncaa,180,207,97,202,118,179,172,154,206,191,188,191,141,120,192,118,209,255,70,259,255,183,137,189,184,219,148,129,219,209,218,120,284,149,232,49,8,285,268,123,193,233,78,97,,,241,186,,,215,127,164,217,222,214,210,232,231,149,131,245,280,284,237,202,232,149,192,43,255,217,81,,214,,,214,204,197,267,97,213,259,116,166,212,77,170,209,237,70,236,181,269,251,96,84,126,146,145,199,312,284,204,218,272,232,290,311,164,218,246,271,254,124,148,,,244,289,,,215,221,234,148,214,160,166,245,181,242,154,197,186,216,214,260,242,308,157,237,261,195,246,111,,293,,,b'\x11\xe8\xe1I\xc8Lc\xae\xaf\x82\x12\xdf\x17\xaeN\x1e'
11E8E149-C84C-63AE-AF82-12DF17AE4E1E,2016-ncaa-d0-natl,ncaa,196,204,175,209,193,224,213,215,229,259,269,212,109,102,154,68,297,261,324,262,187,233,255,181,226,194,102,59,289,314,336,208,123,281,309,128,51,66,122,91,116,89,63,31,,,184,227,,,189,215,204,113,241,231,205,267,269,90,82,293,267,266,231,268,314,208,303,107,86,102,51,,207,,,188,101,62,74,121,59,47,151,164,186,130,252,218,201,271,205,284,90,116,136,175,139,287,210,283,75,123,289,336,228,309,269,343,125,89,209,115,168,177,249,,,249,210,,,189,134,237,118,190,118,85,77,61,54,195,210,243,219,219,87,125,97,316,255,280,106,138,187,,261,,,b'\x11\xe8\xe1I\xc8Lc\xae\xaf\x82\x12\xdf\x17\xaeN\x1e'
11E8E149-C84C-63AE-AF82-12DF17AE4E1E,2016-ncaa-d1-conf-Patriot,ncaa,5,4,7,5,7,6,6,5,5,8,9,6,3,2,5,2,7,7,9,7,6,7,7,5,5,5,3,2,7,9,8,6,6,6,10,5,3,1,2,2,3,4,3,1,,,5,9,,,5,7,5,3,5,4,3,6,6,3,1,7,6,6,3,5,8,4,6,4,3,2,3,,8,,,5,3,3,3,2,1,2,3,6,6,4,7,8,8,8,8,9,3,4,3,3,5,9,6,9,5,6,8,8,8,10,6,10,4,4,6,1,2,2,3,,,7,7,,,5,3,5,5,5,6,5,5,2,4,7,8,8,8,8,5,7,7,10,8,7,4,2,2,,7,,,b'\x11\xe8\xe1I\xc8Lc\xae\xaf\x82\x12\xdf\x17\xaeN\x1e'
11E8E149-C84C-63AE-AF82-12DF17AE4E1E,2016-ncaa-d1-natl,ncaa,216,204,218,220,238,256,250,250,237,282,292,224,113,108,158,67,305,278,326,279,184,262,293,191,235,200,98,59,286,328,337,241,130,312,314,151,55,46,130,93,143,94,70,33,,,158,229,,,199,258,208,101,250,240,214,277,271,91,81,295,268,266,237,273,317,217,307,117,90,111,53,,209,,,201,74,46,43,137,44,31,167,149,170,132,247,204,183,277,186,285,50,73,152,183,152,284,208,283,62,130,277,337,198,314,261,343,158,98,216,96,172,164,258,,,274,209,,,199,96,246,138,207,129,93,78,70,57,197,209,249,221,222,94,122,103,320,263,285,115,141,197,,260,,,b'\x11\xe8\xe1I\xc8Lc\xae\xaf\x82\x12\xdf\x17\xaeN\x1e'
11E8E149-C84C-63AE-AF82-12DF17AE4E1E,2017-ncaa-d0-natl,ncaa,284,300,168,296,184,287,284,203,325,303,212,327,182,167,223,139,296,247,315,248,231,213,200,314,321,317,101,99,232,154,203,272,297,223,289,242,130,228,258,266,113,95,88,59,,,293,324,,,281,206,233,109,311,306,196,314,216,175,149,297,252,257,221,189,137,294,240,254,257,100,72,,307,,,278,122,85,74,169,123,87,225,95,140,64,174,280,315,38,315,335,130,145,159,171,153,224,106,306,246,297,268,203,262,289,187,290,145,121,170,269,277,116,147,,,246,267,,,281,121,311,184,289,145,101,62,129,69,112,155,289,323,324,133,157,268,291,284,203,125,275,128,,262,,,b'\x11\xe8\xe1I\xc8Lc\xae\xaf\x82\x12\xdf\x17\xaeN\x1e'
11E8E149-C84C-63AE-AF82-12DF17AE4E1E,2017-ncaa-d1-conf-Patriot,ncaa,8,7,7,8,9,10,10,6,10,9,8,10,5,5,7,4,9,9,8,8,8,8,8,10,10,10,3,3,8,3,3,10,10,8,9,9,7,5,6,8,5,5,2,1,,,8,9,,,8,10,6,9,10,10,4,9,7,5,4,9,8,8,5,5,2,10,7,9,7,5,1,,8,,,8,5,3,2,7,4,2,8,2,4,3,8,7,8,2,8,10,3,2,6,6,6,4,2,9,10,10,5,3,9,9,3,5,4,5,4,8,9,3,3,,,10,9,,,8,1,9,6,8,7,7,3,6,4,3,6,8,9,9,5,5,10,5,10,4,3,9,4,,8,,,b'\x11\xe8\xe1I\xc8Lc\xae\xaf\x82\x12\xdf\x17\xaeN\x1e'
11E8E149-C84C-63AE-AF82-12DF17AE4E1E,2017-ncaa-d1-natl,ncaa,300,299,217,303,244,313,309,255,328,319,246,329,191,180,225,139,308,272,315,272,238,265,251,321,323,321,98,99,229,183,214,307,303,271,294,271,137,212,263,272,136,104,95,62,,,274,326,,,294,267,236,101,317,309,205,322,223,174,149,302,258,261,222,199,146,300,252,260,258,108,75,,311,,,293,89,66,36,179,98,55,234,75,112,68,171,266,304,39,305,334,77,86,167,181,164,218,103,305,225,303,248,214,240,294,170,296,172,128,173,250,279,106,152,,,277,265,,,294,61,315,197,298,151,104,63,135,69,111,157,289,325,325,133,152,269,296,290,209,130,275,137,,261,,,b'\x11\xe8\xe1I\xc8Lc\xae\xaf\x82\x12\xdf\x17\xaeN\x1e'
11E8E149-C84C-63AE-AF82-12DF17AE4E1E,2018-ncaa-d0-natl,ncaa,208,224,117,219,116,168,194,157,243,241,197,276,87,103,98,108,148,159,161,157,124,156,146,204,196,204,54,77,144,230,285,162,173,195,254,203,216,190,186,222,72,66,127,115,,,294,304,,,185,125,222,4,193,220,180,276,232,88,104,159,171,166,174,177,259,190,235,235,181,68,133,,280,,,186,172,122,130,167,138,139,163,144,129,189,130,297,316,58,304,311,165,193,168,197,143,241,150,295,170,173,282,285,254,254,156,184,103,106,96,261,246,95,111,,,128,132,,,185,197,222,147,201,152,111,76,111,101,139,105,283,304,298,110,165,151,272,242,135,101,251,83,,147,,,b'\x11\xe8\xe1I\xc8Lc\xae\xaf\x82\x12\xdf\x17\xaeN\x1e'
11E8E149-C84C-63AE-AF82-12DF17AE4E1E,2018-ncaa-d1-conf-Patriot,ncaa,6,6,3,6,4,4,6,4,9,8,5,10,2,2,4,2,3,4,6,4,5,4,2,7,6,5,1,1,6,5,7,4,5,5,9,5,5,6,5,5,2,2,1,2,,,10,8,,,6,3,1,2,4,6,4,10,6,1,2,4,4,4,3,2,5,4,5,5,6,2,1,,9,,,6,10,7,5,6,6,5,6,7,5,9,5,10,10,2,10,10,7,8,6,7,7,8,5,10,7,5,9,7,8,9,6,7,3,5,5,7,7,3,1,,,3,5,,,6,8,6,7,6,8,6,4,5,6,7,5,10,10,10,8,10,6,10,10,6,4,7,1,,4,,,b'\x11\xe8\xe1I\xc8Lc\xae\xaf\x82\x12\xdf\x17\xaeN\x1e'
11E8E149-C84C-63AE-AF82-12DF17AE4E1E,2018-ncaa-d1-natl,ncaa,218,223,144,222,143,205,227,196,253,267,233,286,95,116,99,107,171,185,158,182,121,194,190,215,204,213,53,74,135,260,298,203,182,236,268,231,221,168,191,230,86,73,143,121,,,277,301,,,202,155,229,5,209,245,188,285,234,88,103,161,176,170,186,186,260,199,247,246,184,77,137,,281,,,203,143,105,83,181,113,99,176,127,103,197,127,280,302,63,296,313,118,149,179,211,161,235,146,294,143,182,268,298,232,268,144,187,128,115,109,245,257,81,119,,,167,130,,,202,157,231,165,213,161,121,75,123,105,139,107,287,309,300,115,161,157,275,245,147,112,254,90,,151,,,b'\x11\xe8\xe1I\xc8Lc\xae\xaf\x82\x12\xdf\x17\xaeN\x1e'
11E8E149-C84C-63AE-AF82-12DF17AE4E1E,2019-ncaa-d0-natl,ncaa,125,109,114,126,144,173,155,169,153,163,174,164,141,156,130,162,229,194,281,186,180,173,183,147,169,170,181,140,252,186,210,56,91,80,109,164,179,156,159,157,330,337,233,254,,,91,79,,,166,178,270,129,191,166,213,183,206,142,165,252,211,201,212,239,201,29,60,167,136,336,243,,74,,,167,152,189,276,73,149,217,87,258,296,104,285,44,61,37,61,54,253,171,78,51,159,184,285,41,221,91,231,210,232,109,74,40,329,340,272,302,305,127,124,,,186,182,,,166,163,162,166,175,127,174,296,131,204,258,299,41,56,58,258,111,195,207,211,69,340,285,120,,201,,,b'\x11\xe8\xe1I\xc8Lc\xae\xaf\x82\x12\xdf\x17\xaeN\x1e'
11E8E149-C84C-63AE-AF82-12DF17AE4E1E,2019-ncaa-d1-conf-Patriot,ncaa,5,5,3,5,3,5,4,4,5,4,2,5,4,7,4,8,7,5,10,5,5,3,2,5,6,6,7,5,7,5,5,1,2,1,4,4,4,9,7,6,10,10,6,9,,,5,3,,,5,3,4,1,5,3,5,4,2,5,8,7,5,5,4,3,5,1,2,4,8,10,8,,5,,,5,8,8,10,4,9,10,4,6,8,3,5,7,6,8,7,3,10,7,4,4,6,4,5,4,7,2,6,5,9,4,3,1,10,10,8,10,10,7,3,,,6,7,,,5,6,6,6,5,8,7,10,8,10,6,7,7,7,7,9,8,7,6,8,3,10,10,6,,6,,,b'\x11\xe8\xe1I\xc8Lc\xae\xaf\x82\x12\xdf\x17\xaeN\x1e'
11E8E149-C84C-63AE-AF82-12DF17AE4E1E,2019-ncaa-d1-natl,ncaa,135,108,155,130,188,211,196,218,164,205,214,178,152,173,135,163,253,227,281,220,179,223,237,153,181,180,175,140,245,215,224,70,94,104,126,194,181,118,164,163,339,337,247,261,,,66,84,,,188,238,274,126,206,186,221,201,212,145,169,256,217,205,218,248,214,32,68,180,137,338,250,,76,,,188,116,159,251,81,125,179,94,245,282,115,281,36,50,41,53,55,216,109,86,54,179,183,286,42,194,94,193,224,187,126,59,42,342,341,278,281,311,114,140,,,227,178,,,188,104,180,191,194,142,187,298,144,211,261,298,39,59,60,261,109,204,208,219,74,342,286,128,,206,,,b'\x11\xe8\xe1I\xc8Lc\xae\xaf\x82\x12\xdf\x17\xaeN\x1e'
11E8E149-C84C-63AE-AF82-12DF17AE4E1E,2020-ncaa-d0-natl,ncaa,81,81,87,86,126,149,149,195,115,193,199,195,90,151,26,151,217,205,213,202,168,197,213,96,108,114,99,89,245,126,103,53,69,59,49,79,63,128,150,92,271,262,245,253,,,61,55,,,110,241,300,137,173,178,237,222,229,94,171,231,216,213,236,269,147,48,53,90,121,281,252,,35,,,112,121,163,227,85,120,141,128,250,308,92,313,28,30,135,31,46,178,114,104,79,142,199,299,25,141,69,97,103,100,49,129,130,301,294,253,264,275,225,225,,,218,179,,,110,117,94,146,108,90,133,209,95,103,245,303,21,26,26,139,57,118,74,72,108,313,248,210,,229,,,b'\x11\xe8\xe1I\xc8Lc\xae\xaf\x82\x12\xdf\x17\xaeN\x1e'
11E8E149-C84C-63AE-AF82-12DF17AE4E1E,2020-ncaa-d1-conf-Patriot,ncaa,3,3,3,3,4,5,5,4,5,4,5,5,6,5,6,7,6,4,9,4,4,4,4,6,7,6,8,7,6,1,1,3,4,1,2,2,2,5,5,4,7,7,7,7,,,5,4,,,3,6,5,3,5,4,3,4,5,5,5,6,4,4,4,4,1,2,1,2,6,7,7,,6,,,3,4,4,6,4,4,5,4,6,8,1,8,3,2,8,2,4,6,5,4,4,4,6,7,4,6,4,3,1,3,2,5,5,7,8,7,8,9,5,4,,,4,4,,,3,5,4,4,3,5,4,7,4,5,6,8,4,3,3,7,6,7,3,3,5,7,9,5,,4,,,b'\x11\xe8\xe1I\xc8Lc\xae\xaf\x82\x12\xdf\x17\xaeN\x1e'
11E8E149-C84C-63AE-AF82-12DF17AE4E1E,2020-ncaa-d1-natl,ncaa,92,81,128,94,187,189,185,238,121,225,238,207,104,165,27,153,235,228,212,225,169,239,262,99,112,121,95,91,239,154,109,76,73,81,51,94,65,104,155,95,289,272,255,257,,,42,55,,,124,291,304,130,181,186,247,232,234,98,170,231,215,214,246,275,153,49,60,95,123,289,256,,36,,,124,97,140,197,92,103,108,135,240,295,96,311,22,25,136,25,46,139,64,112,85,161,198,301,23,120,73,71,109,73,51,118,132,319,300,262,256,276,210,234,,,244,176,,,124,65,103,163,121,94,141,213,102,103,248,304,22,26,26,144,58,122,77,74,115,315,250,212,,225,,,b'\x11\xe8\xe1I\xc8Lc\xae\xaf\x82\x12\xdf\x17\xaeN\x1e'
11E8E149-C84C-63AE-AF82-12DF17AE4E1E,2021-ncaa-d0-natl,ncaa,225,83,304,185,309,306,301,301,240,297,305,224,272,282,225,121,315,322,78,323,323,307,311,234,242,221,198,129,288,298,210,311,69,311,174,302,216,28,145,168,297,146,300,238,,,21,50,,,171,312,236,224,243,197,135,206,169,160,131,300,317,322,208,234,180,237,234,217,127,179,250,,29,,,174,28,47,32,292,50,34,302,53,50,193,240,8,9,15,9,3,27,27,293,232,162,26,219,1,20,69,43,210,26,174,50,170,293,85,163,28,131,96,250,,,314,226,,,171,31,215,123,178,99,230,120,235,120,173,163,1,1,1,44,49,31,224,114,211,115,111,268,,246,,,b'\x11\xe8\xe1I\xc8Lc\xae\xaf\x82\x12\xdf\x17\xaeN\x1e'
11E8E149-C84C-63AE-AF82-12DF17AE4E1E,2021-ncaa-d1-conf-Patriot,ncaa,4,6,1,6,2,3,3,2,8,2,1,7,4,3,8,5,4,4,3,4,7,2,2,7,7,7,5,4,7,2,3,4,7,3,5,4,8,8,3,6,2,3,6,8,,,7,4,,,6,2,4,3,5,6,3,6,4,4,3,6,6,6,4,3,3,7,6,6,5,3,7,,4,,,6,9,9,8,8,9,8,9,9,8,5,6,2,3,1,3,1,8,9,8,8,6,2,6,1,9,7,9,3,8,5,9,5,1,2,4,10,4,9,7,,,2,5,,,6,9,6,6,6,6,8,6,9,7,7,6,1,1,1,3,6,6,6,5,6,1,7,8,,4,,,b'\x11\xe8\xe1I\xc8Lc\xae\xaf\x82\x12\xdf\x17\xaeN\x1e'
11E8E149-C84C-63AE-AF82-12DF17AE4E1E,2021-ncaa-d1-natl,ncaa,230,82,307,189,312,309,306,306,245,299,306,231,280,286,225,122,317,323,76,323,322,310,314,239,247,225,194,128,285,301,213,312,71,313,183,307,216,25,147,170,301,155,303,237,,,20,50,,,185,315,240,225,250,203,142,213,174,160,134,301,318,322,212,241,186,243,240,226,124,186,250,,28,,,190,27,42,31,293,46,31,300,50,48,200,238,8,9,15,9,3,25,24,294,239,175,26,219,1,19,71,37,213,24,183,49,171,296,89,170,27,134,94,256,,,317,226,,,185,28,226,131,195,103,238,126,241,123,179,162,1,1,1,43,45,32,225,119,215,122,112,272,,246,,,b'\x11\xe8\xe1I\xc8Lc\xae\xaf\x82\x12\xdf\x17\xaeN\x1e'
11E8E149-C84C-63AE-AF82-12DF17AE4E1E,2022-ncaa-d0-natl,ncaa,95,87,112,94,133,202,168,163,179,176,178,171,159,157,169,137,295,287,267,281,295,195,190,169,210,208,212,129,309,157,169,110,173,127,131,146,108,198,209,157,231,253,224,235,,,31,23,,,126,192,296,220,257,202,243,208,226,171,172,319,306,302,278,278,186,113,128,160,170,267,244,,20,,,125,75,129,209,67,129,175,103,163,243,46,262,17,37,8,35,37,176,185,61,35,37,107,237,31,236,173,174,169,196,131,82,76,158,157,84,212,230,147,162,,,250,277,,,126,169,207,61,119,42,86,159,96,127,142,230,10,26,25,107,99,213,119,162,60,193,196,127,,305,,,b'\x11\xe8\xe1I\xc8Lc\xae\xaf\x82\x12\xdf\x17\xaeN\x1e'
11E8E149-C84C-63AE-AF82-12DF17AE4E1E,2022-ncaa-d1-conf-Patriot,ncaa,2,1,6,2,6,7,8,8,5,6,8,6,4,5,3,3,3,4,2,3,4,8,8,5,5,5,3,3,3,5,5,5,6,7,4,5,3,3,5,5,5,5,7,6,,,2,2,,,5,9,8,2,5,6,6,5,8,4,4,3,4,3,6,5,4,3,5,5,4,5,6,,2,,,5,1,1,3,4,3,2,4,7,7,4,7,1,1,1,1,5,2,3,3,3,3,7,7,1,6,6,3,5,4,4,1,4,4,4,3,5,5,5,6,,,6,5,,,5,3,4,3,5,3,4,7,3,5,7,7,1,1,1,5,7,6,5,7,2,3,5,6,,5,,,b'\x11\xe8\xe1I\xc8Lc\xae\xaf\x82\x12\xdf\x17\xaeN\x1e'
11E8E149-C84C-63AE-AF82-12DF17AE4E1E,2022-ncaa-d1-natl,ncaa,93,87,100,92,125,202,177,164,169,183,176,167,156,153,174,141,299,288,267,286,308,189,176,169,211,213,221,137,317,144,153,99,167,106,118,137,106,214,211,165,253,268,220,232,,,28,23,,,120,197,295,230,257,208,243,205,221,174,175,319,309,308,278,272,171,105,109,157,175,280,234,,18,,,123,75,129,215,55,119,171,91,173,261,42,271,16,34,7,31,37,174,180,57,26,35,116,247,32,245,167,171,153,194,118,83,79,159,168,98,230,242,151,162,,,274,299,,,120,168,206,50,115,33,77,167,84,125,148,237,7,26,25,112,96,210,108,152,62,199,206,132,,316,,,b'\x11\xe8\xe1I\xc8Lc\xae\xaf\x82\x12\xdf\x17\xaeN\x1e'
11E8E149-C84C-63AE-AF82-12DF17AE4E1E,2023-ncaa-d0-natl,ncaa,47,39,81,44,85,172,143,202,76,113,138,108,218,257,120,250,220,252,72,240,292,208,205,114,111,136,280,238,243,261,225,88,112,134,100,107,85,184,225,122,270,280,121,155,,,67,51,,,86,185,335,137,235,197,321,141,202,249,296,263,300,295,325,341,306,97,217,126,138,305,144,,27,,,87,50,95,222,41,134,276,28,98,97,132,92,27,40,55,33,20,169,162,33,25,32,60,167,47,175,112,93,225,114,100,54,74,202,202,99,290,310,93,74,,,180,130,,,86,170,156,40,86,17,40,115,83,231,62,61,14,27,20,56,37,134,39,51,33,253,252,62,,244,,,b'\x11\xe8\xe1I\xc8Lc\xae\xaf\x82\x12\xdf\x17\xaeN\x1e'
11E8E149-C84C-63AE-AF82-12DF17AE4E1E,2023-ncaa-d1-conf-Patriot,ncaa,2,2,1,2,1,3,2,4,2,2,4,2,4,5,3,5,2,4,2,2,4,4,4,2,3,3,4,5,4,5,4,2,8,2,3,3,4,5,6,4,6,7,2,3,,,6,5,,,2,5,8,5,3,3,8,4,8,5,6,3,5,4,7,9,5,4,5,3,3,7,2,,4,,,2,3,3,8,2,3,8,2,6,6,9,4,6,6,1,6,4,8,7,2,2,2,6,6,5,9,8,3,4,6,3,1,1,4,5,1,9,9,3,3,,,2,3,,,2,6,3,3,2,2,1,3,2,6,5,3,4,5,5,3,4,9,2,3,1,6,9,3,,5,,,b'\x11\xe8\xe1I\xc8Lc\xae\xaf\x82\x12\xdf\x17\xaeN\x1e'
11E8E149-C84C-63AE-AF82-12DF17AE4E1E,2023-ncaa-d1-natl,ncaa,45,39,56,42,69,180,145,179,104,116,127,141,225,258,146,252,216,240,71,235,291,198,202,140,141,153,280,240,222,237,204,77,107,130,101,112,90,181,212,120,253,260,132,165,,,56,51,,,95,187,338,142,245,217,311,157,188,256,296,252,302,292,317,331,287,103,202,141,124,292,157,,28,,,98,55,94,228,49,124,274,34,104,112,155,100,27,37,41,34,25,175,167,39,28,38,68,179,41,173,107,109,204,121,101,62,87,199,191,102,289,304,113,86,,,173,147,,,95,170,166,40,92,19,43,104,76,205,77,66,13,27,23,50,35,117,43,52,36,246,246,85,,245,,,b'\x11\xe8\xe1I\xc8Lc\xae\xaf\x82\x12\xdf\x17\xaeN\x1e'
11E8E149-C84C-63AE-AF82-12DF17AE4E1E,2023-ncaa-d1-ncaatournament,ncaa,36,2,36,36,38,49,45,58,24,49,53,35,41,56,15,32,52,51,49,51,40,59,43,21,24,51,29,20,47,59,53,48,33,58,44,43,34,38,68,56,39,30,59,65,,,6,6,,,60,39,2,7,43,34,54,39,46,22,39,46,43,43,57,18,55,41,57,34,68,21,59,,9,,,62,29,27,28,61,27,27,55,35,20,63,30,12,15,23,12,23,29,29,59,57,60,30,50,14,11,33,9,53,6,44,29,40,52,53,63,37,64,12,40,,,57,58,,,60,32,54,60,60,64,62,60,60,60,58,36,31,36,31,62,61,27,31,25,59,44,65,27,,53,,,b'\x11\xe8\xe1I\xc8Lc\xae\xaf\x82\x12\xdf\x17\xaeN\x1e'
11E8E149-C84C-63AE-AF82-12DF17AE4E1E,2024-ncaa-d0-natl,ncaa,86,111,52,105,69,146,131,95,206,136,95,243,133,158,107,198,239,253,125,250,319,118,143,198,212,152,210,146,287,93,137,45,33,45,50,76,45,51,43,37,332,342,75,91,,,206,203,,,89,169,330,230,216,185,165,198,140,167,200,294,301,301,218,298,138,49,51,80,23,349,96,,117,,,92,105,98,235,19,132,244,40,70,182,8,150,206,206,195,222,172,241,176,10,15,66,134,90,266,113,33,261,137,208,50,86,136,310,335,238,77,70,122,66,,,174,210,,,89,204,134,54,87,26,27,119,58,147,38,125,153,151,165,106,27,56,164,94,47,347,45,84,,275,,,b'\x11\xe8\xe1I\xc8Lc\xae\xaf\x82\x12\xdf\x17\xaeN\x1e'
11E8E149-C84C-63AE-AF82-12DF17AE4E1E,2024-ncaa-d1-conf-Patriot,ncaa,1,1,1,1,2,1,1,2,5,4,3,6,2,3,2,4,5,5,5,5,7,2,2,4,5,2,4,3,8,1,2,1,2,1,2,1,4,2,1,1,10,10,4,4,,,9,7,,,1,3,9,6,2,1,4,6,8,2,4,7,7,7,4,5,4,1,1,2,1,10,4,,6,,,2,9,4,9,2,5,7,2,5,7,2,5,10,9,9,10,8,9,8,1,3,4,6,5,10,8,2,8,2,7,2,3,3,7,9,5,3,1,3,2,,,2,4,,,1,8,1,3,1,2,1,6,2,5,4,6,8,8,8,5,4,6,4,4,1,10,1,2,,5,,,b'\x11\xe8\xe1I\xc8Lc\xae\xaf\x82\x12\xdf\x17\xaeN\x1e'
11E8E149-C84C-63AE-AF82-12DF17AE4E1E,2024-ncaa-d1-natl,ncaa,91,112,38,109,60,137,124,84,205,129,81,248,136,161,111,205,251,265,117,264,333,113,138,204,212,159,218,154,298,107,151,33,24,43,51,59,33,49,43,29,337,344,68,84,,,185,187,,,96,166,330,238,225,189,166,195,135,174,208,302,307,307,219,300,153,42,59,68,23,351,90,,102,,,99,101,92,243,21,133,256,34,77,185,12,147,191,195,192,209,157,246,182,13,15,68,132,98,253,91,24,277,151,216,51,85,136,318,337,241,67,65,109,59,,,191,229,,,96,207,142,55,92,27,30,121,60,156,42,125,145,140,148,108,26,46,183,102,47,350,42,76,,288,,,b'\x11\xe8\xe1I\xc8Lc\xae\xaf\x82\x12\xdf\x17\xaeN\x1e'
11E8E149-C84C-63AE-AF82-12DF17AE4E1E,2024-ncaa-d1-ncaatournament,ncaa,17,3,17,17,19,25,25,19,43,32,33,22,15,11,40,4,32,33,45,31,25,20,24,34,39,30,9,5,48,21,29,19,42,17,29,20,10,40,25,13,29,41,20,22,,,36,14,,,23,24,30,5,29,27,18,45,61,7,2,44,44,42,23,27,25,10,6,11,23,36,20,,18,,,23,42,40,45,8,40,39,31,36,53,3,46,52,54,32,54,51,47,45,7,8,18,41,19,52,51,42,51,29,52,29,40,24,31,59,39,47,46,21,23,,,33,58,,,23,43,31,26,24,27,21,47,21,34,19,55,49,51,54,59,49,54,52,53,21,54,43,14,,54,,,b'\x11\xe8\xe1I\xc8Lc\xae\xaf\x82\x12\xdf\x17\xaeN\x1e'
11E8E149-C84C-63AE-AF82-12DF17AE4E1E,2025-ncaa-d0-natl,genius_ncaa,109,91,135,102,157,214,182,201,150,166,187,155,211,231,173,195,315,335,77,333,344,232,253,153,171,165,261,188,314,278,260,112,10,186,77,84,24,105,179,74,285,265,136,125,,,18,27,,3,125,233,309,208,255,195,259,186,195,221,241,330,341,339,307,321,298,97,213,62,108,298,144,,12,,2,125,48,65,144,49,94,163,82,64,133,27,191,43,38,296,38,50,105,86,39,37,82,105,141,118,13,10,123,260,48,77,45,83,275,242,163,158,216,2,2,,,328,329,,134,125,128,192,49,121,30,47,104,82,128,63,114,50,36,36,59,20,10,98,37,40,305,156,2,,349,,147,b'\x11\xe8\xe1I\xc8Lc\xae\xaf\x82\x12\xdf\x17\xaeN\x1e'
11E8E149-C84C-63AE-AF82-12DF17AE4E1E,2025-ncaa-d1-conf-Patriot,genius_ncaa,4,4,3,4,4,6,3,4,7,1,1,6,7,5,7,8,8,8,4,8,10,4,4,8,7,7,9,7,9,3,6,1,3,3,2,1,1,6,6,2,6,7,1,1,,,2,2,,1,4,3,4,4,6,5,3,2,2,7,6,8,8,8,5,4,3,1,2,1,7,7,1,,2,,1,4,2,3,6,1,3,6,2,3,6,1,6,2,2,4,2,2,5,4,1,1,1,3,5,5,3,3,6,6,5,2,1,1,5,5,3,9,8,1,1,,,9,10,,2,4,7,7,1,4,1,1,6,1,6,3,6,2,3,2,5,5,3,6,7,1,5,9,1,,9,,2,b'\x11\xe8\xe1I\xc8Lc\xae\xaf\x82\x12\xdf\x17\xaeN\x1e'
11E8E149-C84C-63AE-AF82-12DF17AE4E1E,2025-ncaa-d1-natl,genius_ncaa,117,91,172,111,206,252,217,251,162,203,218,164,228,243,174,197,326,339,78,337,345,280,299,163,178,175,257,190,308,303,271,139,11,226,85,96,24,91,184,80,305,279,155,132,,,11,29,,3,136,281,310,195,268,209,274,197,205,225,245,330,342,340,312,323,303,104,227,69,109,309,151,,11,,2,136,30,44,102,59,73,131,92,53,105,29,185,39,33,301,34,50,69,37,48,42,95,106,136,119,8,11,89,271,25,85,34,83,302,255,174,139,220,2,3,,,339,325,,141,136,82,205,64,133,33,53,107,88,130,68,113,52,37,36,61,20,10,100,37,42,313,157,2,,348,,142,b'\x11\xe8\xe1I\xc8Lc\xae\xaf\x82\x12\xdf\x17\xaeN\x1e'
11E8E149-C84C-63AE-AF82-12DF17AE4E1E,2026-ncaa-d0-natl,genius_ncaa,163,198,116,199,120,204,188,179,240,145,158,157,278,185,350,193,188,236,52,230,277,184,195,277,264,244,314,304,171,257,328,115,84,156,220,136,55,177,173,137,158,164,192,231,,,148,92,,20,243,174,243,41,267,242,224,167,186,320,218,239,286,286,252,283,308,79,188,133,150,174,224,,90,,17,236,207,222,217,177,219,218,182,214,225,142,196,169,186,106,188,153,207,181,173,156,189,143,181,119,140,84,295,328,247,220,203,135,219,258,227,246,262,94,76,,,243,288,,173,243,193,264,174,234,175,199,203,202,197,171,199,131,146,152,194,124,110,299,238,161,268,240,65,,306,,202,b'\x11\xe8\xe1I\xc8Lc\xae\xaf\x82\x12\xdf\x17\xaeN\x1e'
11E8E149-C84C-63AE-AF82-12DF17AE4E1E,2026-ncaa-d1-natl,genius_ncaa,203,195,177,216,181,282,267,257,272,220,224,195,317,243,357,189,249,299,50,295,291,263,271,303,291,272,314,307,146,322,343,168,99,242,263,196,58,133,196,161,226,201,237,248,,,93,105,,10,282,243,257,31,296,282,254,208,204,331,227,252,300,296,284,302,330,97,235,169,155,218,241,,103,,14,284,164,178,160,219,181,164,217,163,176,169,188,126,139,115,140,159,154,115,207,192,238,136,180,121,91,99,254,343,197,263,166,145,297,290,269,200,285,65,84,,,302,275,,198,282,125,293,218,283,209,230,212,238,211,194,203,141,149,154,209,118,115,319,260,194,290,251,74,,309,,191,b'\x11\xe8\xe1I\xc8Lc\xae\xaf\x82\x12\xdf\x17\xaeN\x1e'
11E8E149-C850-BABC-AF82-12DF17AE4E1E,2010-ncaa-d0-natl,ncaa,125,145,81,145,106,58,60,50,137,67,45,169,110,137,87,228,58,41,267,40,98,39,68,141,153,87,184,191,155,86,197,52,268,51,242,172,309,46,13,106,120,183,128,198,,,203,79,,,102,69,75,229,50,61,38,67,45,126,163,73,38,35,26,70,106,53,51,202,30,138,146,,145,,,104,304,317,320,135,311,327,111,213,215,206,104,171,185,114,181,55,312,298,120,106,163,82,147,86,337,268,331,197,340,242,207,54,178,290,209,168,99,316,247,,,72,162,,,102,269,76,225,112,261,302,331,295,331,191,176,139,154,146,323,296,330,309,333,165,231,135,303,,100,,,b'\x11\xe8\xe1I\xc8P\xba\xbc\xaf\x82\x12\xdf\x17\xaeN\x1e'
11E8E149-C850-BABC-AF82-12DF17AE4E1E,2010-ncaa-d1-conf-C-USA,ncaa,2,2,4,2,4,3,3,3,4,4,5,6,5,5,2,7,3,2,3,2,4,3,5,5,5,2,6,7,4,6,8,3,6,4,5,5,9,3,1,2,4,4,2,3,,,2,1,,,3,4,4,7,1,1,5,5,6,6,6,3,2,2,2,3,6,2,2,8,2,4,2,,1,,,4,10,11,11,6,7,10,5,12,12,9,11,1,1,11,1,1,10,9,7,5,7,6,11,1,9,6,9,8,10,5,6,2,7,10,8,7,6,10,10,,,4,5,,,3,9,1,8,4,10,11,12,9,10,12,11,1,1,1,10,8,8,8,9,9,7,7,10,,5,,,b'\x11\xe8\xe1I\xc8P\xba\xbc\xaf\x82\x12\xdf\x17\xaeN\x1e'
11E8E149-C850-BABC-AF82-12DF17AE4E1E,2010-ncaa-d1-conf-CUSA,ncaa,2,2,4,2,4,3,3,3,4,4,5,6,5,5,2,7,3,2,3,2,4,3,5,5,5,2,6,7,4,6,8,3,6,4,5,5,9,3,1,2,4,4,2,3,,,2,1,,,3,4,4,7,1,1,5,5,6,6,6,3,2,2,2,3,6,2,2,8,2,4,2,,1,,,4,10,11,11,6,7,10,5,12,12,9,11,1,1,11,1,1,10,9,7,5,7,6,11,1,9,6,9,8,10,5,6,2,7,10,8,7,6,10,10,,,4,5,,,3,9,1,8,4,10,11,12,9,10,12,11,1,1,1,10,8,8,8,9,9,7,7,10,,5,,,b'\x11\xe8\xe1I\xc8P\xba\xbc\xaf\x82\x12\xdf\x17\xaeN\x1e'
11E8E149-C850-BABC-AF82-12DF17AE4E1E,2010-ncaa-d1-natl,ncaa,132,145,91,149,115,61,65,53,140,69,48,174,116,146,86,227,64,47,266,46,96,41,78,145,154,90,183,193,150,90,205,57,271,57,248,181,311,37,13,108,129,187,133,201,,,188,80,,,105,77,76,228,52,63,40,69,45,128,162,74,37,35,28,73,108,56,54,213,32,145,150,,145,,,107,300,311,318,140,309,325,115,205,206,208,102,163,175,116,171,56,310,295,123,113,172,80,148,86,334,271,330,205,337,248,202,55,201,294,216,154,100,315,253,,,82,162,,,105,259,80,236,118,269,305,331,301,332,193,175,139,156,149,325,297,331,312,333,174,237,135,306,,99,,,b'\x11\xe8\xe1I\xc8P\xba\xbc\xaf\x82\x12\xdf\x17\xaeN\x1e'
11E8E149-C850-BABC-AF82-12DF17AE4E1E,2011-ncaa-d0-natl,ncaa,22,16,77,18,99,34,60,45,147,57,29,193,140,176,58,274,4,4,151,4,26,26,35,161,118,71,138,247,12,52,129,20,202,23,133,133,292,144,31,136,46,104,31,72,,,256,86,,,51,35,13,213,21,48,24,48,20,158,209,1,1,1,11,13,56,10,8,169,108,55,27,,217,,,49,279,294,319,63,301,328,62,149,204,76,88,231,281,33,281,126,323,319,45,37,64,83,99,174,334,202,322,129,335,133,98,14,64,199,46,213,109,323,223,,,16,40,,,51,310,63,79,53,227,246,327,272,331,120,165,199,245,245,331,330,320,300,324,71,94,175,314,,4,,,b'\x11\xe8\xe1I\xc8P\xba\xbc\xaf\x82\x12\xdf\x17\xaeN\x1e'
11E8E149-C850-BABC-AF82-12DF17AE4E1E,2011-ncaa-d1-conf-C-USA,ncaa,1,1,4,1,4,2,2,4,5,3,3,5,8,9,4,11,1,1,1,1,1,2,3,6,4,2,6,10,1,3,4,1,8,1,4,8,11,4,3,6,4,6,1,3,,,5,2,,,1,3,1,5,1,2,1,3,2,8,9,1,1,1,1,1,4,1,1,8,5,3,1,,4,,,1,6,11,12,1,11,12,1,2,7,1,3,3,4,2,4,3,12,11,1,1,1,2,2,3,12,8,11,4,12,4,2,1,5,10,2,7,4,12,10,,,1,1,,,1,11,2,1,1,5,7,12,11,12,3,5,4,4,4,12,12,12,10,12,2,6,7,12,,1,,,b'\x11\xe8\xe1I\xc8P\xba\xbc\xaf\x82\x12\xdf\x17\xaeN\x1e'
11E8E149-C850-BABC-AF82-12DF17AE4E1E,2011-ncaa-d1-conf-CUSA,ncaa,1,1,4,1,4,2,2,4,5,3,3,5,8,9,4,11,1,1,1,1,1,2,3,6,4,2,6,10,1,3,4,1,8,1,4,8,11,4,3,6,4,6,1,3,,,5,2,,,1,3,1,5,1,2,1,3,2,8,9,1,1,1,1,1,4,1,1,8,5,3,1,,4,,,1,6,11,12,1,11,12,1,2,7,1,3,3,4,2,4,3,12,11,1,1,1,2,2,3,12,8,11,4,12,4,2,1,5,10,2,7,4,12,10,,,1,1,,,1,11,2,1,1,5,7,12,11,12,3,5,4,4,4,12,12,12,10,12,2,6,7,12,,1,,,b'\x11\xe8\xe1I\xc8P\xba\xbc\xaf\x82\x12\xdf\x17\xaeN\x1e'
11E8E149-C850-BABC-AF82-12DF17AE4E1E,2011-ncaa-d1-natl,ncaa,22,16,95,18,115,36,66,51,154,61,34,199,146,189,62,275,4,4,152,4,26,27,40,165,122,72,138,247,11,58,135,21,204,25,136,153,293,127,31,140,53,111,35,76,,,239,85,,,57,40,14,208,21,50,24,48,21,158,206,1,1,1,11,14,57,10,8,173,108,57,28,,220,,,54,269,282,319,67,300,327,66,137,190,79,85,219,267,36,266,124,321,317,50,42,70,82,99,174,331,204,317,135,334,136,85,14,77,201,52,200,112,319,229,,,17,39,,,57,307,67,86,57,235,249,331,275,332,120,168,198,245,245,333,331,320,302,324,72,98,179,315,,4,,,b'\x11\xe8\xe1I\xc8P\xba\xbc\xaf\x82\x12\xdf\x17\xaeN\x1e'
11E8E149-C850-BABC-AF82-12DF17AE4E1E,2011-ncaa-d1-ncaatournament,ncaa,33,2,33,33,34,34,43,48,35,46,46,44,34,52,11,40,25,26,22,26,3,39,39,32,19,19,6,22,2,49,48,39,60,45,53,50,53,13,29,47,47,54,29,20,,,27,40,,,29,37,8,3,13,39,39,43,41,10,29,1,1,1,18,16,47,17,32,48,32,45,11,,58,,,35,22,16,29,15,15,31,10,15,16,39,16,35,37,21,36,49,31,31,13,16,26,43,21,60,40,60,14,48,30,53,8,10,39,37,11,20,40,11,28,,,36,11,,,29,28,24,50,36,54,41,57,40,62,24,22,61,61,61,62,63,64,36,62,16,22,43,22,,9,,,b'\x11\xe8\xe1I\xc8P\xba\xbc\xaf\x82\x12\xdf\x17\xaeN\x1e'
11E8E149-C850-BABC-AF82-12DF17AE4E1E,2012-ncaa-d0-natl,ncaa,332,334,240,336,278,310,317,247,337,278,139,338,315,309,305,299,191,121,316,125,145,220,228,337,335,331,227,290,22,224,302,239,335,241,336,339,340,130,201,334,278,302,189,199,,,176,149,,,339,227,100,262,317,328,195,269,77,318,297,156,70,73,169,162,193,190,202,341,199,273,175,,253,,,338,260,229,227,214,195,150,238,289,293,205,270,261,294,60,295,296,248,203,228,219,273,272,267,212,336,335,317,302,333,336,324,331,256,296,328,297,315,325,317,,,131,49,,,339,139,331,319,337,313,296,321,268,254,319,318,298,310,310,328,316,340,336,340,335,235,315,335,,54,,,b'\x11\xe8\xe1I\xc8P\xba\xbc\xaf\x82\x12\xdf\x17\xaeN\x1e'
11E8E149-C850-BABC-AF82-12DF17AE4E1E,2012-ncaa-d1-conf-C-USA,ncaa,12,12,9,12,11,12,12,11,12,11,6,12,11,11,6,11,7,7,11,7,8,11,11,12,12,12,7,10,1,12,12,7,11,11,12,12,12,5,9,12,12,12,4,4,,,10,8,,,12,7,3,7,12,12,9,11,3,11,11,5,4,4,6,8,12,6,10,12,7,12,4,,11,,,12,12,12,12,6,7,5,8,12,12,9,12,10,11,4,12,12,12,10,8,8,12,12,12,6,12,11,12,12,12,12,12,12,12,12,12,9,10,9,9,,,4,1,,,12,6,12,12,12,12,12,12,11,10,12,12,11,12,12,12,12,12,12,12,12,11,11,10,,2,,,b'\x11\xe8\xe1I\xc8P\xba\xbc\xaf\x82\x12\xdf\x17\xaeN\x1e'
11E8E149-C850-BABC-AF82-12DF17AE4E1E,2012-ncaa-d1-conf-CUSA,ncaa,12,12,9,12,11,12,12,11,12,11,6,12,11,11,6,11,7,7,11,7,8,11,11,12,12,12,7,10,1,12,12,7,11,11,12,12,12,5,9,12,12,12,4,4,,,10,8,,,12,7,3,7,12,12,9,11,3,11,11,5,4,4,6,8,12,6,10,12,7,12,4,,11,,,12,12,12,12,6,7,5,8,12,12,9,12,10,11,4,12,12,12,10,8,8,12,12,12,6,12,11,12,12,12,12,12,12,12,12,12,9,10,9,9,,,4,1,,,12,6,12,12,12,12,12,12,11,10,12,12,11,12,12,12,12,12,12,12,12,11,11,10,,2,,,b'\x11\xe8\xe1I\xc8P\xba\xbc\xaf\x82\x12\xdf\x17\xaeN\x1e'
11E8E149-C850-BABC-AF82-12DF17AE4E1E,2012-ncaa-d1-natl,ncaa,335,333,286,336,312,324,327,271,337,304,162,338,318,314,307,298,204,139,315,139,143,250,262,337,335,331,224,287,23,242,304,266,337,268,338,341,341,111,204,335,295,305,201,203,,,153,150,,,339,261,104,262,319,329,203,279,81,316,298,155,73,77,174,172,199,198,207,341,200,280,176,,253,,,339,244,220,205,215,189,130,241,278,285,209,271,254,289,60,290,297,230,176,233,225,277,269,266,215,335,337,311,304,333,338,323,331,274,303,330,284,317,323,320,,,151,41,,,339,104,332,324,338,315,300,321,268,258,318,319,301,310,311,328,317,340,336,340,335,243,314,336,,50,,,b'\x11\xe8\xe1I\xc8P\xba\xbc\xaf\x82\x12\xdf\x17\xaeN\x1e'
11E8E149-C850-BABC-AF82-12DF17AE4E1E,2013-ncaa-d0-natl,ncaa,196,197,183,203,185,162,156,95,257,139,109,214,202,135,304,172,151,83,312,82,124,92,109,261,279,229,208,207,156,65,144,151,252,100,219,263,325,117,82,235,112,128,128,164,,,226,180,,,191,132,63,51,129,125,35,115,83,193,112,127,59,62,27,33,43,98,45,272,145,92,124,,259,,,193,227,225,240,156,215,248,101,231,182,298,144,176,160,229,164,117,241,241,163,161,167,205,225,154,278,252,297,144,306,219,155,103,136,167,128,180,149,152,120,,,80,98,,,191,212,192,184,189,259,255,314,238,304,259,200,213,196,200,311,310,306,322,328,179,108,194,165,,32,,,b'\x11\xe8\xe1I\xc8P\xba\xbc\xaf\x82\x12\xdf\x17\xaeN\x1e'
11E8E149-C850-BABC-AF82-12DF17AE4E1E,2013-ncaa-d1-conf-C-USA,ncaa,9,8,6,9,8,9,10,7,12,10,9,12,8,5,12,4,4,4,10,4,2,6,7,12,12,11,5,8,2,5,8,7,8,6,10,10,10,6,5,9,7,8,3,5,,,4,3,,,10,6,3,3,9,10,3,9,5,8,4,2,2,2,2,2,2,6,3,10,8,6,2,,7,,,10,7,9,8,8,8,8,5,6,6,10,4,3,2,11,2,2,8,7,9,9,9,6,8,3,9,8,9,8,8,10,8,7,8,7,7,7,8,4,3,,,4,3,,,10,6,10,9,10,10,11,11,10,12,8,6,5,3,3,11,10,9,12,12,9,7,8,4,,1,,,b'\x11\xe8\xe1I\xc8P\xba\xbc\xaf\x82\x12\xdf\x17\xaeN\x1e'
11E8E149-C850-BABC-AF82-12DF17AE4E1E,2013-ncaa-d1-conf-CUSA,ncaa,9,8,6,9,8,9,10,7,12,10,9,12,8,5,12,4,4,4,10,4,2,6,7,12,12,11,5,8,2,5,8,7,8,6,10,10,10,6,5,9,7,8,3,5,,,4,3,,,10,6,3,3,9,10,3,9,5,8,4,2,2,2,2,2,2,6,3,10,8,6,2,,7,,,10,7,9,8,8,8,8,5,6,6,10,4,3,2,11,2,2,8,7,9,9,9,6,8,3,9,8,9,8,8,10,8,7,8,7,7,7,8,4,3,,,4,3,,,10,6,10,9,10,10,11,11,10,12,8,6,5,3,3,11,10,9,12,12,9,7,8,4,,1,,,b'\x11\xe8\xe1I\xc8P\xba\xbc\xaf\x82\x12\xdf\x17\xaeN\x1e'
11E8E149-C850-BABC-AF82-12DF17AE4E1E,2013-ncaa-d1-natl,ncaa,201,196,210,206,214,176,169,110,262,150,124,217,208,144,304,168,162,95,312,95,124,108,130,264,280,231,203,205,152,73,150,168,257,114,226,280,325,101,85,241,133,136,134,164,,,212,183,,,195,153,65,48,131,129,35,125,87,197,112,126,62,64,29,34,45,101,45,276,146,98,126,,260,,,198,211,212,227,159,200,236,109,220,172,301,142,170,150,230,153,119,227,216,166,167,176,202,226,153,265,257,292,150,301,226,151,103,146,173,136,171,152,149,126,,,89,95,,,195,193,196,192,193,263,258,314,245,305,259,202,216,197,201,311,306,308,323,329,186,114,196,171,,32,,,b'\x11\xe8\xe1I\xc8P\xba\xbc\xaf\x82\x12\xdf\x17\xaeN\x1e'
11E8E149-C850-BABC-AF82-12DF17AE4E1E,2014-ncaa-d0-natl,ncaa,312,332,131,322,164,319,323,180,348,297,146,348,286,234,339,232,243,140,349,137,172,171,147,347,348,347,169,227,66,88,181,244,315,161,303,343,341,247,240,342,170,197,162,197,,,191,179,,,335,180,198,270,338,341,203,320,141,297,233,259,149,147,192,159,84,286,186,346,246,190,164,,187,,,331,170,203,182,221,262,256,200,67,68,146,57,155,169,69,164,118,187,211,178,159,137,43,57,160,295,315,325,181,328,303,247,248,117,107,173,277,258,292,275,,,135,135,,,335,166,344,189,331,167,207,174,259,267,60,53,148,177,173,174,204,298,328,327,243,113,259,297,,145,,,b'\x11\xe8\xe1I\xc8P\xba\xbc\xaf\x82\x12\xdf\x17\xaeN\x1e'
11E8E149-C850-BABC-AF82-12DF17AE4E1E,2014-ncaa-d1-conf-AAC,ncaa,10,10,5,10,5,8,9,5,10,10,4,10,8,5,9,6,7,3,10,3,2,5,5,10,10,10,2,6,2,3,9,9,10,8,10,10,10,7,7,9,6,6,4,6,,,9,9,,,10,5,4,4,9,10,6,10,5,8,5,7,3,3,5,4,3,10,8,10,7,6,4,,9,,,10,10,10,6,9,10,6,9,6,5,8,3,10,10,7,10,10,8,7,9,9,9,7,3,10,9,10,10,9,10,10,10,9,3,4,9,7,7,8,7,,,3,4,,,10,6,10,10,10,10,10,4,8,6,6,5,10,10,10,7,9,8,10,10,10,5,7,8,,5,,,b'\x11\xe8\xe1I\xc8P\xba\xbc\xaf\x82\x12\xdf\x17\xaeN\x1e'
11E8E149-C850-BABC-AF82-12DF17AE4E1E,2014-ncaa-d1-natl,ncaa,319,331,145,329,193,330,333,204,348,312,161,348,290,242,339,233,257,158,348,154,174,198,173,347,348,347,168,230,65,104,188,267,321,188,308,346,342,229,245,344,188,200,171,208,,,171,180,,,335,212,199,273,339,343,206,324,144,297,234,261,153,150,201,163,85,289,193,346,248,190,168,,190,,,332,153,184,160,225,253,240,205,58,61,149,52,146,162,72,156,118,161,176,185,165,149,41,56,162,285,321,321,188,323,308,235,248,129,113,179,256,259,289,281,,,156,135,,,335,136,345,199,331,172,212,175,266,270,60,53,150,177,174,172,201,300,328,328,249,116,259,298,,147,,,b'\x11\xe8\xe1I\xc8P\xba\xbc\xaf\x82\x12\xdf\x17\xaeN\x1e'
11E8E149-C850-BABC-AF82-12DF17AE4E1E,2015-ncaa-d0-natl,ncaa,306,316,172,314,178,313,313,253,339,316,249,330,220,167,304,128,287,262,296,266,210,256,239,331,334,336,137,136,160,248,293,315,325,303,338,324,277,230,282,329,166,150,131,134,,,244,285,,,333,224,250,59,336,337,268,328,262,215,152,295,271,272,281,254,258,333,321,334,254,158,124,,267,,,334,203,204,85,322,247,179,284,92,35,327,38,231,246,82,244,242,113,139,310,306,259,82,72,215,221,325,287,293,276,338,230,233,126,95,178,208,248,188,256,,,216,179,,,333,117,336,279,336,235,243,77,287,206,102,32,241,264,262,107,149,257,304,307,246,112,222,205,,221,,,b'\x11\xe8\xe1I\xc8P\xba\xbc\xaf\x82\x12\xdf\x17\xaeN\x1e'
11E8E149-C850-BABC-AF82-12DF17AE4E1E,2015-ncaa-d1-conf-AAC,ncaa,11,11,7,11,7,11,11,11,10,10,11,10,8,6,10,2,10,9,10,9,8,11,11,11,11,11,4,6,5,9,9,11,11,11,11,11,9,5,9,11,7,7,7,7,,,8,9,,,10,11,11,1,11,10,10,10,11,8,4,10,8,8,10,9,9,11,11,11,7,7,6,,8,,,10,9,10,1,11,10,6,11,3,2,11,3,9,8,8,8,8,2,1,11,11,11,3,4,8,4,11,10,9,9,11,8,8,6,6,8,5,7,4,5,,,9,5,,,10,1,11,11,11,9,10,2,10,7,5,3,9,8,8,6,2,6,10,9,10,6,6,5,,6,,,b'\x11\xe8\xe1I\xc8P\xba\xbc\xaf\x82\x12\xdf\x17\xaeN\x1e'
11E8E149-C850-BABC-AF82-12DF17AE4E1E,2015-ncaa-d1-natl,ncaa,312,313,209,315,219,334,334,285,340,332,283,334,226,178,305,127,300,281,294,284,208,293,277,333,336,339,135,139,157,274,297,331,327,326,340,335,280,216,285,331,185,161,139,138,,,225,288,,,335,269,252,56,339,340,275,333,264,220,153,297,274,274,287,254,263,338,324,335,256,167,127,,270,,,337,181,181,56,327,234,147,291,74,23,330,37,212,236,85,233,241,69,92,316,312,270,81,70,213,202,327,270,297,258,340,216,234,147,101,190,193,251,182,261,,,246,171,,,335,72,338,287,338,250,250,79,292,211,101,31,245,267,267,113,148,260,306,315,252,113,224,212,,218,,,b'\x11\xe8\xe1I\xc8P\xba\xbc\xaf\x82\x12\xdf\x17\xaeN\x1e'
11E8E149-C850-BABC-AF82-12DF17AE4E1E,2016-ncaa-d0-natl,ncaa,308,318,175,314,220,297,310,217,335,312,232,335,191,147,273,127,224,228,207,240,203,231,184,328,327,330,104,123,118,130,169,259,221,207,229,315,296,286,294,337,148,125,207,209,,,270,310,,,299,208,175,262,316,324,206,322,231,192,145,242,236,244,225,159,115,271,199,333,299,136,200,,292,,,296,156,133,92,228,160,146,203,106,73,254,75,261,257,181,250,267,124,131,217,237,216,173,107,285,130,221,240,169,196,229,100,109,170,135,114,192,202,150,180,,,246,270,,,299,133,327,215,300,196,163,96,194,164,124,69,280,274,273,134,149,145,266,224,114,151,207,155,,256,,,b'\x11\xe8\xe1I\xc8P\xba\xbc\xaf\x82\x12\xdf\x17\xaeN\x1e'
11E8E149-C850-BABC-AF82-12DF17AE4E1E,2016-ncaa-d1-conf-AAC,ncaa,11,11,8,11,10,10,11,11,11,10,10,10,9,7,10,4,7,5,9,4,2,10,9,10,10,10,3,5,1,7,8,10,7,9,9,10,10,7,9,11,6,4,8,8,,,10,11,,,9,10,8,8,10,11,10,10,9,8,6,5,4,4,9,8,7,10,7,10,8,4,8,,11,,,9,2,3,1,8,3,2,7,3,1,8,3,9,8,8,8,10,2,1,7,8,8,4,4,11,4,7,6,8,6,9,2,2,7,4,4,7,8,6,7,,,7,5,,,9,2,11,8,9,7,6,2,5,3,3,2,9,9,10,2,3,5,8,7,4,4,8,6,,7,,,b'\x11\xe8\xe1I\xc8P\xba\xbc\xaf\x82\x12\xdf\x17\xaeN\x1e'
11E8E149-C850-BABC-AF82-12DF17AE4E1E,2016-ncaa-d1-natl,ncaa,317,317,218,320,277,320,329,253,339,327,259,338,208,163,276,125,254,255,209,263,199,259,221,333,332,335,102,120,111,153,180,290,228,249,240,336,300,272,297,339,170,134,227,213,,,256,312,,,303,251,181,262,320,333,216,326,239,195,146,248,239,249,232,166,120,277,217,339,301,145,208,,291,,,303,133,108,58,241,145,115,213,92,53,255,77,249,243,192,238,268,82,88,222,246,226,171,103,285,105,228,214,180,166,240,92,111,201,144,124,175,208,129,188,,,272,268,,,303,93,330,223,309,204,174,97,199,168,127,67,284,279,278,137,150,149,269,230,123,161,207,160,,256,,,b'\x11\xe8\xe1I\xc8P\xba\xbc\xaf\x82\x12\xdf\x17\xaeN\x1e'
11E8E149-C850-BABC-AF82-12DF17AE4E1E,2017-ncaa-d0-natl,ncaa,217,247,116,237,155,197,186,134,264,194,175,215,165,102,298,107,232,190,299,189,181,139,80,263,281,302,176,143,239,112,145,162,288,137,236,197,200,338,316,298,84,110,282,313,,,268,204,,,276,82,46,268,236,232,149,219,210,174,99,263,219,212,165,48,105,209,155,219,330,81,292,,264,,,271,260,290,259,256,316,297,252,87,97,114,47,188,215,73,211,117,255,280,204,189,168,29,42,135,303,288,264,145,294,236,287,214,72,115,178,333,317,151,158,,,168,275,,,276,261,297,191,272,247,279,258,317,316,72,82,165,200,199,262,311,293,235,275,281,67,328,152,,193,,,b'\x11\xe8\xe1I\xc8P\xba\xbc\xaf\x82\x12\xdf\x17\xaeN\x1e'
11E8E149-C850-BABC-AF82-12DF17AE4E1E,2017-ncaa-d1-conf-AAC,ncaa,10,10,3,10,5,6,7,5,10,11,9,9,5,4,10,2,7,4,7,4,1,5,3,9,9,9,1,3,4,6,7,6,10,7,9,6,6,11,11,11,5,5,9,10,,,8,7,,,10,2,1,7,8,10,7,11,11,6,4,6,5,5,7,2,6,8,7,9,11,5,9,,8,,,10,9,9,8,7,9,9,6,9,6,10,4,9,9,4,9,8,10,10,7,6,7,9,5,8,11,10,10,7,11,9,10,7,3,6,8,10,10,7,9,,,5,8,,,10,10,10,9,10,9,9,10,8,10,9,5,9,9,9,10,11,11,9,10,11,5,10,7,,5,,,b'\x11\xe8\xe1I\xc8P\xba\xbc\xaf\x82\x12\xdf\x17\xaeN\x1e'
11E8E149-C850-BABC-AF82-12DF17AE4E1E,2017-ncaa-d1-natl,ncaa,236,247,144,247,198,229,223,166,274,226,208,223,176,118,298,107,262,222,296,220,190,174,106,264,287,305,174,144,237,133,157,210,291,176,246,220,204,332,319,306,100,116,292,314,,,253,207,,,289,104,48,270,247,242,156,232,218,173,99,265,223,218,172,51,111,222,162,223,329,91,299,,267,,,286,237,281,236,269,311,286,261,67,66,118,46,164,199,79,194,119,231,258,219,200,177,28,40,132,293,291,245,157,274,246,279,217,93,122,184,328,319,134,172,,,197,274,,,289,242,302,206,289,254,290,259,319,318,76,81,173,203,200,264,309,297,237,276,291,81,329,156,,200,,,b'\x11\xe8\xe1I\xc8P\xba\xbc\xaf\x82\x12\xdf\x17\xaeN\x1e'
11E8E149-C850-BABC-AF82-12DF17AE4E1E,2018-ncaa-d0-natl,ncaa,87,94,73,95,85,48,53,45,116,95,96,132,45,41,80,103,72,33,292,33,59,37,27,101,109,123,86,86,187,98,221,122,282,102,277,92,222,330,210,206,12,35,163,227,,,344,280,,,116,21,4,145,42,51,38,108,134,52,54,86,36,40,29,10,125,175,146,109,297,12,187,,332,,,116,320,309,284,262,330,309,283,62,118,21,36,341,341,86,342,292,305,332,186,209,107,46,10,296,322,282,328,221,334,277,307,234,12,34,71,267,139,166,113,,,38,177,,,116,329,144,114,128,290,274,254,324,308,45,81,329,327,329,304,343,299,312,314,281,14,225,137,,57,,,b'\x11\xe8\xe1I\xc8P\xba\xbc\xaf\x82\x12\xdf\x17\xaeN\x1e'
11E8E149-C850-BABC-AF82-12DF17AE4E1E,2018-ncaa-d1-conf-AAC,ncaa,5,5,9,5,9,3,4,6,5,8,10,5,1,3,2,3,3,1,10,1,1,4,4,2,3,3,1,1,4,10,10,7,7,9,9,8,11,8,8,7,4,5,9,9,,,9,9,,,4,3,1,1,2,2,3,8,8,1,2,2,1,1,3,2,10,6,8,6,10,4,8,,11,,,4,9,10,4,10,11,8,9,1,2,2,2,9,10,5,9,10,7,10,8,8,7,2,1,9,6,7,9,10,9,9,8,5,4,4,4,5,6,5,8,,,2,2,,,4,10,3,7,4,11,11,11,11,11,1,2,10,10,10,12,12,7,11,11,9,3,7,7,,1,,,b'\x11\xe8\xe1I\xc8P\xba\xbc\xaf\x82\x12\xdf\x17\xaeN\x1e'
11E8E149-C850-BABC-AF82-12DF17AE4E1E,2018-ncaa-d1-natl,ncaa,95,94,97,98,108,55,63,61,125,114,123,138,52,46,81,102,88,44,290,45,58,49,33,103,117,132,86,86,184,118,228,156,285,140,287,106,228,320,217,217,16,37,175,232,,,340,281,,,133,24,4,142,44,53,41,121,138,54,55,91,40,45,33,13,137,179,162,115,296,13,191,,332,,,130,314,303,275,274,328,308,294,45,90,25,33,335,337,94,338,294,299,330,197,223,117,46,11,296,314,285,321,228,332,287,302,234,20,37,82,255,145,159,121,,,46,179,,,133,325,155,126,150,298,281,257,326,309,43,80,329,330,332,305,342,300,313,315,284,15,228,141,,60,,,b'\x11\xe8\xe1I\xc8P\xba\xbc\xaf\x82\x12\xdf\x17\xaeN\x1e'
11E8E149-C850-BABC-AF82-12DF17AE4E1E,2019-ncaa-d0-natl,ncaa,163,180,114,177,97,107,100,80,173,135,184,90,76,43,242,61,215,156,311,157,147,82,57,144,180,212,122,87,290,40,59,202,311,115,199,134,210,327,251,237,52,70,117,167,,,288,224,,,182,73,85,1,101,89,47,147,218,70,38,236,167,167,55,24,31,246,111,128,313,44,116,,288,,,182,263,278,241,258,320,311,234,51,49,146,17,267,273,166,275,165,258,294,216,215,132,23,17,225,304,311,224,59,282,199,202,104,22,47,54,285,207,165,176,,,108,229,,,182,283,180,157,179,255,270,235,316,324,45,34,263,261,269,266,322,307,200,271,187,27,263,165,,117,,,b'\x11\xe8\xe1I\xc8P\xba\xbc\xaf\x82\x12\xdf\x17\xaeN\x1e'
11E8E149-C850-BABC-AF82-12DF17AE4E1E,2019-ncaa-d1-conf-AAC,ncaa,4,4,8,4,10,5,6,9,5,11,12,5,3,3,4,2,8,5,11,5,2,9,10,4,4,4,1,2,8,5,4,11,7,10,5,3,4,6,8,4,8,7,11,11,,,6,10,,,6,10,7,3,4,5,6,10,12,3,2,6,3,4,4,5,5,11,9,3,8,6,10,,9,,,6,8,9,1,12,9,7,10,1,1,12,1,7,9,6,9,8,2,3,12,12,12,3,1,8,4,7,5,4,4,5,4,2,5,4,5,8,8,3,5,,,6,4,,,6,3,4,10,6,9,10,4,11,10,2,1,10,10,10,7,8,6,7,7,5,4,8,3,,3,,,b'\x11\xe8\xe1I\xc8P\xba\xbc\xaf\x82\x12\xdf\x17\xaeN\x1e'
11E8E149-C850-BABC-AF82-12DF17AE4E1E,2019-ncaa-d1-natl,ncaa,182,180,155,191,131,138,121,108,185,166,224,102,86,56,246,58,238,189,312,191,150,115,77,151,189,220,117,89,285,51,67,242,315,157,217,157,218,310,261,250,69,81,129,171,,,262,229,,,200,101,87,1,114,98,52,159,224,74,38,240,173,175,62,28,36,252,127,139,313,51,119,,284,,,200,243,258,210,274,313,298,246,36,34,156,14,251,253,173,253,166,224,273,232,231,153,19,18,221,290,315,184,67,248,217,182,105,46,56,65,261,210,155,190,,,143,229,,,200,257,196,177,197,262,278,239,324,326,47,35,263,267,269,270,322,310,200,276,197,33,267,169,,116,,,b'\x11\xe8\xe1I\xc8P\xba\xbc\xaf\x82\x12\xdf\x17\xaeN\x1e'
11E8E149-C850-BABC-AF82-12DF17AE4E1E,2020-ncaa-d0-natl,ncaa,221,258,33,240,53,173,133,52,248,96,73,208,211,139,315,184,254,132,342,134,211,55,20,265,294,297,274,213,280,17,59,249,338,107,247,157,211,330,269,271,82,131,58,96,,,197,67,,,276,42,98,138,226,191,99,137,116,238,172,287,181,179,106,50,26,320,170,212,305,107,68,,141,,,274,303,321,289,291,335,323,281,142,127,191,69,172,207,77,210,104,294,332,258,232,171,25,71,84,342,338,280,59,328,247,304,189,29,79,137,339,309,233,161,,,201,311,,,276,313,271,238,269,255,291,242,316,297,111,92,137,159,168,238,298,324,204,287,268,48,325,197,,254,,,b'\x11\xe8\xe1I\xc8P\xba\xbc\xaf\x82\x12\xdf\x17\xaeN\x1e'
11E8E149-C850-BABC-AF82-12DF17AE4E1E,2020-ncaa-d1-conf-AAC,ncaa,10,10,9,10,9,9,9,6,9,9,9,7,6,5,10,5,10,8,12,8,6,7,7,9,9,9,7,5,10,5,8,11,11,10,10,10,9,8,7,11,7,7,4,4,,,4,3,,,11,7,4,1,8,6,6,8,5,5,5,10,6,7,5,1,2,11,8,10,9,7,4,,7,,,11,8,9,6,12,11,9,12,3,1,5,1,6,6,6,6,5,5,9,9,10,9,1,1,4,11,11,10,8,10,10,6,5,5,5,8,10,11,7,9,,,10,11,,,11,7,10,10,9,10,11,8,12,11,4,1,6,7,7,9,12,12,10,11,8,4,12,8,,8,,,b'\x11\xe8\xe1I\xc8P\xba\xbc\xaf\x82\x12\xdf\x17\xaeN\x1e'
11E8E149-C850-BABC-AF82-12DF17AE4E1E,2020-ncaa-d1-natl,ncaa,238,257,45,249,72,212,167,69,259,121,91,216,228,150,318,185,270,159,343,160,211,76,32,272,299,305,274,213,276,20,60,286,338,136,259,185,218,326,274,279,101,142,64,99,,,163,68,,,281,66,103,132,239,200,107,146,118,241,172,292,183,184,116,57,27,324,183,224,307,119,70,,145,,,280,286,312,274,301,329,311,289,128,110,196,66,153,186,76,191,103,277,319,269,241,192,25,70,85,338,338,262,60,315,259,298,192,40,85,146,334,314,217,165,,,231,305,,,281,289,280,258,279,263,297,247,320,300,111,87,143,168,177,242,297,327,210,292,271,55,325,196,,257,,,b'\x11\xe8\xe1I\xc8P\xba\xbc\xaf\x82\x12\xdf\x17\xaeN\x1e'
11E8E149-C850-BABC-AF82-12DF17AE4E1E,2021-ncaa-d0-natl,ncaa,44,83,59,64,80,96,87,53,222,100,83,192,59,41,213,93,133,95,263,96,153,52,36,204,219,233,113,98,218,31,112,88,186,62,157,88,172,332,243,231,12,22,33,62,,,290,162,,,82,42,19,224,128,127,62,182,168,92,57,201,152,157,64,20,67,171,90,148,295,18,50,,235,,,89,215,211,245,87,276,274,139,62,142,3,41,319,307,212,310,250,254,298,44,65,20,46,9,320,266,186,303,112,292,157,234,221,9,15,28,337,292,259,182,,,55,179,,,82,301,212,20,91,93,88,112,196,231,9,48,281,271,274,153,307,195,253,240,148,9,322,191,,96,,,b'\x11\xe8\xe1I\xc8P\xba\xbc\xaf\x82\x12\xdf\x17\xaeN\x1e'
11E8E149-C850-BABC-AF82-12DF17AE4E1E,2021-ncaa-d1-conf-AAC,ncaa,3,4,3,3,3,2,2,1,6,4,4,4,2,1,4,2,5,5,6,5,5,1,1,4,5,4,3,3,7,2,8,2,2,2,5,5,11,10,7,9,1,2,2,2,,,9,4,,,4,1,1,5,2,2,3,7,8,2,2,5,5,5,2,2,5,4,5,7,9,2,3,,7,,,4,7,7,8,5,9,9,7,3,6,2,3,9,9,5,9,6,8,9,4,4,2,2,2,7,7,2,10,8,7,5,5,3,1,2,1,10,8,7,5,,,1,5,,,4,11,4,2,4,3,4,6,6,8,3,3,7,7,7,5,11,3,9,6,3,2,9,4,,4,,,b'\x11\xe8\xe1I\xc8P\xba\xbc\xaf\x82\x12\xdf\x17\xaeN\x1e'
11E8E149-C850-BABC-AF82-12DF17AE4E1E,2021-ncaa-d1-natl,ncaa,46,82,70,65,93,105,98,64,230,111,97,202,70,48,215,91,143,110,262,109,152,62,45,209,222,240,110,96,217,40,119,101,192,73,166,97,178,325,247,239,16,25,34,65,,,282,166,,,87,49,21,225,133,133,67,187,173,95,59,205,158,160,69,22,71,177,97,154,295,19,48,,239,,,97,199,195,227,97,271,267,155,58,130,3,38,309,300,216,303,251,243,288,49,69,20,45,8,320,261,192,293,119,286,166,225,222,12,15,31,334,296,255,186,,,62,176,,,87,295,223,21,98,98,91,116,204,233,8,48,285,275,280,157,305,198,252,240,156,10,326,192,,95,,,b'\x11\xe8\xe1I\xc8P\xba\xbc\xaf\x82\x12\xdf\x17\xaeN\x1e'
11E8E149-C850-BABC-AF82-12DF17AE4E1E,2022-ncaa-d0-natl,ncaa,107,210,14,162,21,72,62,25,238,60,27,254,105,86,194,207,140,83,318,79,244,25,19,243,265,238,228,184,259,20,89,95,150,46,152,86,191,308,137,162,11,22,16,20,,,337,265,,,129,28,135,252,189,150,70,143,93,181,174,252,194,189,84,91,52,273,147,172,173,26,33,,255,,,135,299,243,260,153,278,298,125,115,112,159,35,350,344,326,345,298,296,327,124,192,92,185,45,343,223,150,342,89,336,152,303,304,12,29,69,339,236,263,109,,,104,311,,,129,329,198,86,137,110,59,40,121,146,33,23,319,302,301,62,165,89,256,180,172,38,257,145,,269,,,b'\x11\xe8\xe1I\xc8P\xba\xbc\xaf\x82\x12\xdf\x17\xaeN\x1e'
11E8E149-C850-BABC-AF82-12DF17AE4E1E,2022-ncaa-d1-conf-AAC,ncaa,4,7,1,5,1,2,2,1,6,2,2,6,2,2,8,3,6,4,10,4,6,1,1,5,9,6,5,4,10,3,8,3,3,2,8,4,10,9,3,7,2,2,1,2,,,11,10,,,4,1,4,8,5,4,2,6,6,5,3,9,7,7,3,5,7,8,8,8,5,3,3,,8,,,4,11,8,8,9,7,8,5,8,4,11,3,11,11,11,11,9,10,11,8,10,6,8,6,11,2,3,11,8,11,8,9,7,2,3,2,11,7,1,1,,,5,7,,,4,11,6,5,4,4,4,2,5,4,3,3,10,10,10,2,4,1,9,5,3,3,7,1,,6,,,b'\x11\xe8\xe1I\xc8P\xba\xbc\xaf\x82\x12\xdf\x17\xaeN\x1e'
11E8E149-C850-BABC-AF82-12DF17AE4E1E,2022-ncaa-d1-natl,ncaa,120,209,16,173,25,90,75,29,250,72,32,270,122,102,197,210,161,101,320,96,242,29,23,251,279,247,223,181,253,24,97,119,158,55,165,104,193,294,143,175,15,28,18,22,,,332,268,,,156,31,147,250,209,170,81,156,98,188,176,250,197,192,96,96,58,285,163,185,170,33,32,,258,,,159,283,215,229,167,252,289,139,104,89,173,34,349,341,327,342,301,284,323,136,205,114,185,44,344,201,158,337,97,331,165,295,307,18,33,84,333,245,254,118,,,123,307,,,156,326,216,103,160,121,64,40,138,150,37,23,322,303,303,67,159,92,259,186,181,43,259,159,,270,,,b'\x11\xe8\xe1I\xc8P\xba\xbc\xaf\x82\x12\xdf\x17\xaeN\x1e'
11E8E149-C850-BABC-AF82-12DF17AE4E1E,2023-ncaa-d0-natl,ncaa,170,188,116,181,117,157,138,50,305,107,39,300,221,168,305,249,178,143,255,145,301,58,50,310,319,293,275,256,184,27,95,231,335,114,279,216,307,280,155,260,4,2,49,55,,,351,341,,,90,66,52,3,164,146,16,104,15,240,181,189,159,160,23,7,21,293,95,251,259,2,40,,357,,,91,78,49,113,63,194,264,97,2,11,2,3,327,339,71,339,310,167,313,23,46,6,34,1,356,332,335,352,95,347,279,84,182,4,3,3,280,180,322,224,,,203,339,,,90,295,266,6,93,50,28,52,169,266,1,3,322,338,340,113,346,318,345,343,59,2,262,317,,226,,,b'\x11\xe8\xe1I\xc8P\xba\xbc\xaf\x82\x12\xdf\x17\xaeN\x1e'
11E8E149-C850-BABC-AF82-12DF17AE4E1E,2023-ncaa-d1-conf-AAC,ncaa,3,4,3,4,3,4,4,2,7,5,3,7,3,5,3,5,8,6,9,6,10,3,3,5,6,7,6,6,11,4,7,8,8,6,9,7,10,6,5,8,2,1,1,1,,,11,10,,,2,3,1,2,5,2,1,5,5,4,5,10,6,6,3,2,4,9,6,8,8,1,1,,10,,,2,1,2,4,1,4,8,1,1,1,1,1,6,9,1,9,9,5,10,1,1,1,1,1,9,8,8,10,7,10,9,3,8,1,1,1,8,5,6,4,,,7,10,,,2,9,8,1,2,1,1,1,3,8,1,1,8,9,9,2,11,9,11,9,2,1,7,6,,10,,,b'\x11\xe8\xe1I\xc8P\xba\xbc\xaf\x82\x12\xdf\x17\xaeN\x1e'
11E8E149-C850-BABC-AF82-12DF17AE4E1E,2023-ncaa-d1-natl,ncaa,185,186,151,193,152,189,167,61,319,139,46,313,234,188,307,255,199,163,258,166,305,71,64,320,331,305,273,255,185,35,106,274,338,138,291,252,310,258,160,278,4,2,55,59,,,350,343,,,105,81,56,2,186,164,16,113,17,242,187,189,158,161,24,9,22,296,110,269,260,2,42,,357,,,107,54,37,64,73,167,237,100,1,6,2,3,320,335,79,335,311,128,300,25,52,6,34,1,357,324,338,345,106,346,291,66,187,4,3,3,262,184,316,236,,,236,339,,,105,277,277,7,112,57,35,52,173,269,1,3,328,340,342,123,343,326,348,348,65,2,265,319,,223,,,b'\x11\xe8\xe1I\xc8P\xba\xbc\xaf\x82\x12\xdf\x17\xaeN\x1e'
11E8E149-C850-BABC-AF82-12DF17AE4E1E,2024-ncaa-d0-natl,ncaa,189,176,196,193,206,153,165,93,292,190,145,270,121,74,248,111,135,152,129,149,170,104,113,269,263,210,101,120,141,65,140,314,320,218,310,277,336,129,89,253,16,11,75,66,,,284,275,,,188,130,53,95,124,139,22,185,116,107,52,107,129,125,23,30,42,336,214,283,161,8,58,,316,,,188,219,207,111,319,261,167,317,76,72,193,72,297,254,341,258,264,123,228,297,317,170,97,45,285,231,320,327,140,306,310,238,236,16,10,54,117,89,155,130,,,248,334,,,188,227,186,187,189,262,249,123,304,198,78,71,303,270,274,159,303,259,344,331,271,5,144,170,,247,,,b'\x11\xe8\xe1I\xc8P\xba\xbc\xaf\x82\x12\xdf\x17\xaeN\x1e'
11E8E149-C850-BABC-AF82-12DF17AE4E1E,2024-ncaa-d1-conf-Big 12,ncaa,13,11,9,13,10,13,10,6,13,12,8,13,9,7,12,8,9,9,5,9,10,7,8,13,13,13,3,5,6,6,11,14,13,13,14,12,12,6,7,12,2,2,7,5,,,10,12,,,14,9,6,3,12,11,3,12,7,9,4,9,9,8,3,5,6,13,12,12,7,2,6,,12,,,14,12,12,2,14,12,2,14,5,2,13,5,11,9,14,9,11,1,6,14,14,14,5,4,10,9,13,14,11,14,14,13,13,3,2,6,4,7,5,5,,,13,14,,,14,4,14,14,14,14,14,2,14,4,5,2,11,10,10,3,11,10,14,14,14,2,7,6,,14,,,b'\x11\xe8\xe1I\xc8P\xba\xbc\xaf\x82\x12\xdf\x17\xaeN\x1e'
11E8E149-C850-BABC-AF82-12DF17AE4E1E,2024-ncaa-d1-natl,ncaa,218,177,254,213,269,192,211,130,310,235,183,290,139,90,257,111,157,185,123,184,167,132,146,284,275,222,97,122,135,91,144,337,332,269,321,304,345,99,92,266,28,16,82,70,,,266,281,,,214,181,59,88,133,160,24,199,118,113,54,112,139,131,32,33,45,339,232,301,164,10,63,,318,,,214,196,184,65,329,247,127,326,59,48,206,73,283,235,345,238,269,79,187,307,332,201,98,45,285,214,332,303,144,287,321,225,238,27,12,73,98,90,140,143,,,290,334,,,214,180,200,215,217,275,264,125,313,205,84,72,314,279,281,165,303,268,349,338,277,7,153,188,,250,,,b'\x11\xe8\xe1I\xc8P\xba\xbc\xaf\x82\x12\xdf\x17\xaeN\x1e'
11E8E149-C850-BABC-AF82-12DF17AE4E1E,2025-ncaa-d0-natl,genius_ncaa,332,344,194,340,216,264,281,192,341,301,223,343,201,163,259,134,213,212,178,210,158,204,236,322,318,274,82,127,102,272,335,298,334,308,356,311,310,64,101,254,98,79,126,127,,,46,34,,100,311,219,210,192,289,307,176,316,218,195,143,196,201,198,189,246,273,318,324,328,80,75,113,,57,,114,309,208,260,163,334,288,208,325,166,121,248,134,83,91,112,89,91,152,178,324,299,255,53,136,51,270,334,329,335,322,356,309,291,132,117,240,79,137,91,131,,,233,203,,144,311,145,301,287,310,259,306,202,320,240,181,136,110,112,113,173,218,295,354,348,331,106,104,113,,234,,135,b'\x11\xe8\xe1I\xc8P\xba\xbc\xaf\x82\x12\xdf\x17\xaeN\x1e'
11E8E149-C850-BABC-AF82-12DF17AE4E1E,2025-ncaa-d1-conf-Big 12,genius_ncaa,16,16,11,16,13,16,16,12,16,16,9,16,14,10,15,9,13,13,8,13,13,12,14,15,16,16,8,6,8,13,15,16,16,15,16,15,11,3,7,14,5,4,8,9,,,1,1,,3,16,13,10,4,16,16,8,15,8,14,10,12,12,12,9,13,12,16,15,15,6,4,8,,1,,4,16,14,14,7,16,16,9,15,9,8,7,8,6,3,15,3,4,6,6,14,13,12,2,6,3,15,16,16,15,16,16,13,12,6,5,10,5,11,7,6,,,16,14,,10,16,3,16,14,16,14,16,13,16,13,9,10,7,4,5,11,13,16,16,16,13,5,9,7,,15,,10,b'\x11\xe8\xe1I\xc8P\xba\xbc\xaf\x82\x12\xdf\x17\xaeN\x1e'
11E8E149-C850-BABC-AF82-12DF17AE4E1E,2025-ncaa-d1-natl,genius_ncaa,341,344,244,344,272,305,318,243,348,329,254,349,221,186,265,135,230,235,182,233,158,249,289,329,323,287,79,124,98,299,340,324,337,330,357,334,315,48,106,263,112,88,142,133,,,37,39,,90,317,266,214,181,305,325,197,322,221,199,144,196,200,196,202,262,284,326,330,335,81,83,121,,58,,118,316,188,240,124,339,278,172,331,152,97,255,130,69,75,120,72,93,102,126,333,309,273,52,131,49,262,337,320,340,314,357,302,293,166,125,259,72,142,86,139,,,263,199,,154,317,95,308,306,317,271,311,206,325,245,189,135,110,116,115,179,215,301,353,351,333,120,109,115,,237,,132,b'\x11\xe8\xe1I\xc8P\xba\xbc\xaf\x82\x12\xdf\x17\xaeN\x1e'
11E8E149-C850-BABC-AF82-12DF17AE4E1E,2026-ncaa-d0-natl,genius_ncaa,123,152,116,159,142,148,146,133,198,99,72,195,303,270,334,328,90,56,299,54,117,115,92,256,252,263,338,353,70,71,75,142,245,119,155,162,235,311,248,251,48,51,42,40,,,269,214,,180,179,107,32,97,172,160,109,68,34,341,309,78,40,37,69,22,45,164,90,187,304,44,29,,276,,154,179,217,169,211,104,228,250,138,69,148,35,82,331,307,332,299,266,229,266,70,144,81,150,33,346,285,245,217,75,247,155,223,253,41,52,80,329,274,136,62,,,62,90,,27,179,254,230,95,177,190,127,185,208,254,46,94,317,296,291,234,324,270,195,238,194,27,309,120,,34,,35,b'\x11\xe8\xe1I\xc8P\xba\xbc\xaf\x82\x12\xdf\x17\xaeN\x1e'
11E8E149-C850-BABC-AF82-12DF17AE4E1E,2026-ncaa-d1-natl,genius_ncaa,163,152,177,171,197,225,219,203,230,140,111,225,336,307,342,332,121,83,303,79,111,175,147,288,282,283,335,356,64,103,99,223,263,180,186,238,249,280,272,278,64,63,51,43,,,230,230,,152,217,166,38,100,212,200,136,91,44,350,318,82,44,40,92,32,55,196,118,230,313,51,29,,292,,160,216,175,134,152,138,189,188,171,37,91,42,79,318,288,343,278,270,175,210,98,174,120,144,26,346,248,263,166,99,197,186,191,262,72,70,106,308,297,108,71,,,88,76,,38,217,194,263,137,217,223,170,192,246,263,46,99,335,306,302,250,326,283,214,260,223,40,323,131,,34,,29,b'\x11\xe8\xe1I\xc8P\xba\xbc\xaf\x82\x12\xdf\x17\xaeN\x1e'
11E8E149-C855-1026-AF82-12DF17AE4E1E,2010-ncaa-d0-natl,ncaa,343,332,337,343,338,324,328,302,334,324,295,329,260,221,309,143,310,247,333,248,126,303,262,329,334,339,123,146,126,237,252,344,343,336,342,323,226,315,332,336,275,261,232,235,,,214,281,,,343,264,8,161,297,301,115,290,167,199,125,228,120,120,115,11,112,335,280,292,343,184,179,,334,,,343,292,266,55,343,320,151,343,30,17,257,12,333,328,232,328,324,109,108,343,344,343,50,7,306,206,343,178,252,193,342,299,256,200,162,291,335,341,171,268,,,304,288,,,343,87,338,343,343,344,343,302,344,337,88,44,345,343,343,335,338,333,337,341,339,55,344,277,,137,,,b'\x11\xe8\xe1I\xc8U\x10&\xaf\x82\x12\xdf\x17\xaeN\x1e'
11E8E149-C855-1026-AF82-12DF17AE4E1E,2010-ncaa-d1-natl,ncaa,338,332,323,338,325,307,305,240,325,293,215,320,248,208,300,181,279,210,334,210,174,233,149,322,330,337,179,178,170,170,237,339,342,310,336,291,202,335,331,332,180,205,182,214,,,287,272,,,342,150,8,39,273,269,79,241,115,213,140,233,117,115,70,7,79,323,239,251,343,111,157,,334,,,343,333,322,131,342,337,255,340,36,19,278,10,339,338,216,338,321,207,222,343,344,342,49,6,303,267,342,268,237,288,336,317,238,107,124,260,342,342,184,224,,,255,303,,,342,207,335,342,342,344,342,316,344,340,92,39,345,343,343,338,339,334,338,341,339,26,344,260,,128,,,b'\x11\xe8\xe1I\xc8U\x10&\xaf\x82\x12\xdf\x17\xaeN\x1e'
11E8E149-C855-1026-AF82-12DF17AE4E1E,2011-ncaa-d0-natl,ncaa,330,325,288,331,310,319,310,324,216,270,306,161,312,282,330,211,300,245,338,246,105,323,294,247,266,328,276,268,166,329,322,268,327,316,328,284,168,323,338,322,322,329,278,279,,,97,113,,,341,266,70,251,317,297,328,235,262,308,266,282,178,181,316,202,322,186,296,273,335,307,266,,198,,,340,307,300,211,324,260,145,322,316,267,315,259,214,248,74,240,260,227,136,334,324,340,231,259,124,300,327,123,322,208,328,337,330,321,336,342,338,337,116,220,,,222,109,,,341,85,331,341,340,338,338,326,321,276,338,325,286,298,297,336,306,334,258,321,339,310,338,180,,120,,,b'\x11\xe8\xe1I\xc8U\x10&\xaf\x82\x12\xdf\x17\xaeN\x1e'
11E8E149-C855-1026-AF82-12DF17AE4E1E,2011-ncaa-d1-natl,ncaa,328,325,279,329,308,312,300,330,207,264,299,157,307,283,325,216,293,203,337,205,86,325,289,240,262,322,271,268,151,324,323,245,321,309,321,276,167,331,340,324,324,331,273,278,,,111,116,,,341,239,65,253,311,292,326,236,263,304,268,263,147,148,314,193,318,160,285,270,338,310,266,,204,,,340,319,312,242,320,273,163,321,318,284,295,261,229,264,69,258,261,252,164,332,323,341,224,251,125,308,321,135,323,242,321,338,328,317,336,341,338,337,106,201,,,198,93,,,341,117,334,342,340,339,339,326,321,274,338,324,285,297,298,337,307,333,246,316,339,307,338,157,,103,,,b'\x11\xe8\xe1I\xc8U\x10&\xaf\x82\x12\xdf\x17\xaeN\x1e'
11E8E149-C855-1026-AF82-12DF17AE4E1E,2012-ncaa-d0-natl,ncaa,343,338,318,343,332,342,342,338,341,342,338,336,301,200,342,65,336,333,261,333,227,339,335,340,341,342,104,132,127,337,338,308,339,336,341,342,289,268,340,341,332,332,313,320,,,2,1,,,342,327,205,262,343,343,338,343,324,276,138,331,326,327,339,301,336,234,321,342,330,315,307,,2,,,343,169,267,211,277,257,170,294,247,259,200,280,2,6,38,6,4,138,52,284,211,307,30,272,1,317,339,170,338,268,341,286,237,339,340,343,295,336,234,338,,,332,284,,,342,18,343,338,343,308,339,341,328,322,323,320,8,14,15,327,271,342,323,339,334,328,329,301,,318,,,b'\x11\xe8\xe1I\xc8U\x10&\xaf\x82\x12\xdf\x17\xaeN\x1e'
11E8E149-C855-1026-AF82-12DF17AE4E1E,2012-ncaa-d1-conf-GWC,ncaa,5,5,2,5,4,5,5,5,5,5,5,5,3,2,5,1,4,4,2,4,4,5,5,5,5,5,1,2,3,5,5,4,4,4,5,5,5,5,5,5,5,5,5,5,,,1,1,,,5,5,3,3,5,5,5,5,5,3,2,4,4,4,5,5,5,4,4,5,5,5,5,,1,,,5,5,5,5,4,5,4,4,5,5,5,3,1,2,1,2,1,5,3,5,4,5,1,5,1,5,4,4,5,5,5,5,4,5,5,5,5,5,5,5,,,4,4,,,5,1,5,5,5,5,5,5,5,5,5,5,1,2,2,5,4,5,4,5,5,5,5,5,,4,,,b'\x11\xe8\xe1I\xc8U\x10&\xaf\x82\x12\xdf\x17\xaeN\x1e'
11E8E149-C855-1026-AF82-12DF17AE4E1E,2012-ncaa-d1-natl,ncaa,341,338,325,341,337,343,343,341,341,343,336,333,300,194,342,75,332,327,279,327,189,341,331,339,340,341,115,149,112,337,337,294,340,332,341,342,283,292,339,341,333,336,317,324,,,1,1,,,342,323,182,262,342,342,335,343,324,277,137,323,315,315,337,277,335,220,309,342,332,319,310,,2,,,342,194,291,247,269,285,218,292,251,264,192,264,3,7,41,7,4,174,80,276,206,300,28,261,1,329,340,213,337,299,341,289,212,338,340,341,312,337,232,336,,,325,257,,,342,23,343,336,343,311,341,341,331,327,310,318,11,19,21,334,283,342,323,339,332,328,333,292,,302,,,b'\x11\xe8\xe1I\xc8U\x10&\xaf\x82\x12\xdf\x17\xaeN\x1e'
11E8E149-C855-1026-AF82-12DF17AE4E1E,2013-ncaa-d0-natl,ncaa,328,325,302,329,306,274,263,286,198,214,261,145,273,232,324,184,256,222,283,219,139,278,253,234,241,280,245,235,162,257,215,331,341,320,318,255,200,273,315,299,107,78,182,190,,,115,133,,,313,235,62,92,237,207,190,156,178,255,189,201,147,146,180,83,196,315,291,225,324,52,152,,225,,,315,218,214,98,313,235,161,276,146,71,324,89,220,175,300,174,190,100,136,302,313,270,127,124,196,261,341,93,215,161,318,191,153,131,86,149,307,325,195,252,,,253,221,,,313,104,293,294,311,317,307,270,310,292,222,141,277,258,259,277,317,329,220,291,275,53,333,252,,175,,,b'\x11\xe8\xe1I\xc8U\x10&\xaf\x82\x12\xdf\x17\xaeN\x1e'
11E8E149-C855-1026-AF82-12DF17AE4E1E,2013-ncaa-d1-conf-GWC,ncaa,4,5,1,5,3,2,1,2,3,1,2,1,4,1,5,2,4,3,5,3,4,1,1,3,3,4,5,4,5,2,5,4,4,4,4,3,4,5,2,4,1,1,3,4,,,5,5,,,4,1,1,4,3,1,2,1,3,4,1,5,4,4,1,1,3,4,4,3,3,1,3,,5,,,4,5,4,4,4,5,4,4,1,1,4,1,5,5,5,5,5,4,5,4,4,4,2,1,5,5,4,5,5,5,4,4,1,1,2,1,4,4,4,4,,,2,4,,,4,5,4,4,4,4,4,2,5,4,1,1,5,5,5,3,5,4,5,5,4,1,4,4,,3,,,b'\x11\xe8\xe1I\xc8U\x10&\xaf\x82\x12\xdf\x17\xaeN\x1e'
11E8E149-C855-1026-AF82-12DF17AE4E1E,2013-ncaa-d1-natl,ncaa,310,325,136,319,164,197,182,188,172,149,190,126,234,187,314,179,175,135,274,131,108,182,116,202,206,266,229,231,145,176,170,267,332,237,290,210,213,335,317,297,57,75,160,196,,,233,149,,,302,101,64,119,209,194,194,150,188,238,180,168,120,118,183,75,167,294,252,224,326,51,167,,245,,,299,291,279,232,284,279,258,243,202,147,313,99,284,251,290,251,191,249,266,273,286,247,155,136,210,312,332,172,170,268,290,249,161,76,93,146,336,323,224,228,,,162,222,,,302,236,273,273,297,299,291,265,297,291,218,151,275,259,259,275,311,327,184,274,258,58,331,226,,170,,,b'\x11\xe8\xe1I\xc8U\x10&\xaf\x82\x12\xdf\x17\xaeN\x1e'
11E8E149-C855-1026-AF82-12DF17AE4E1E,2014-ncaa-d0-natl,ncaa,239,205,297,236,298,254,184,287,47,85,159,50,338,331,338,320,277,283,196,281,312,292,266,126,151,220,344,339,250,246,136,304,331,302,238,190,168,242,302,232,150,129,169,153,,,186,260,,,236,268,114,35,176,77,176,20,53,336,322,242,233,231,201,120,189,261,239,106,312,95,134,,306,,,244,123,101,76,215,157,133,208,56,57,133,78,247,236,252,232,257,95,108,182,219,197,131,62,291,264,331,18,136,66,238,51,49,160,127,78,216,280,42,31,,,327,327,,,236,75,235,249,244,273,241,228,264,273,102,100,310,306,306,275,295,331,77,210,123,90,292,68,,298,,,b'\x11\xe8\xe1I\xc8U\x10&\xaf\x82\x12\xdf\x17\xaeN\x1e'
11E8E149-C855-1026-AF82-12DF17AE4E1E,2014-ncaa-d1-conf-Southland,ncaa,9,10,5,10,5,7,5,8,2,2,2,3,14,13,13,14,3,2,10,3,10,8,6,6,6,9,14,14,4,8,7,10,12,9,9,3,3,11,13,8,5,6,3,3,,,13,13,,,11,4,4,2,5,5,9,1,2,14,14,4,3,3,8,5,10,8,8,3,12,5,3,,13,,,11,11,10,9,7,11,12,6,4,5,7,2,14,14,8,14,13,13,12,5,9,8,8,2,14,13,12,6,7,9,9,4,2,4,7,3,13,13,8,4,,,10,11,,,11,11,10,11,11,12,10,12,10,13,4,3,13,14,14,13,13,14,3,9,4,5,13,6,,10,,,b'\x11\xe8\xe1I\xc8U\x10&\xaf\x82\x12\xdf\x17\xaeN\x1e'
11E8E149-C855-1026-AF82-12DF17AE4E1E,2014-ncaa-d1-natl,ncaa,230,204,307,230,312,231,164,265,40,70,131,42,338,333,336,324,271,262,219,260,307,275,252,110,139,200,344,340,252,226,115,300,331,280,228,163,167,259,300,224,126,102,157,143,,,208,260,,,220,244,107,35,167,63,165,15,44,336,324,238,221,217,188,114,177,264,238,91,311,85,125,,305,,,221,134,109,86,205,167,165,184,54,58,140,65,267,256,258,256,260,107,136,169,214,174,132,59,298,277,331,18,115,84,228,57,47,138,103,63,235,275,52,36,,,318,319,,,220,97,210,230,224,260,226,207,258,273,94,83,310,306,308,266,295,331,65,201,112,76,288,82,,279,,,b'\x11\xe8\xe1I\xc8U\x10&\xaf\x82\x12\xdf\x17\xaeN\x1e'
11E8E149-C855-1026-AF82-12DF17AE4E1E,2015-ncaa-d0-natl,ncaa,242,238,243,246,270,218,145,246,54,63,88,102,322,341,115,338,264,227,303,218,289,245,209,117,150,206,335,332,266,120,24,259,279,200,68,131,140,264,296,200,244,248,71,56,,,252,299,,,228,248,136,274,166,81,194,25,29,324,338,248,197,192,194,121,76,219,136,93,310,233,48,,313,,,230,165,120,96,219,183,163,206,63,57,159,53,304,302,217,306,298,128,122,190,227,228,152,55,313,206,279,12,24,33,68,90,88,214,209,146,316,321,95,56,,,238,227,,,228,105,172,255,225,252,204,161,258,246,85,74,323,321,324,245,236,276,22,74,114,187,330,119,,186,,,b'\x11\xe8\xe1I\xc8U\x10&\xaf\x82\x12\xdf\x17\xaeN\x1e'
11E8E149-C855-1026-AF82-12DF17AE4E1E,2015-ncaa-d1-conf-Southland,ncaa,8,10,1,9,2,4,1,1,3,1,1,7,12,12,8,12,9,8,11,7,12,1,1,9,10,11,12,12,12,1,3,2,9,1,3,1,5,13,8,7,6,9,1,2,,,13,13,,,9,1,7,12,9,4,6,1,1,12,12,12,11,11,8,7,4,9,5,2,8,9,2,,11,,,9,13,13,12,6,13,13,6,4,6,3,1,13,13,12,13,10,13,13,3,6,7,7,1,13,12,9,10,3,11,3,9,3,3,8,6,13,13,9,3,,,5,11,,,9,13,10,7,9,8,7,8,10,10,2,3,13,12,12,10,7,8,2,4,2,8,12,6,,11,,,b'\x11\xe8\xe1I\xc8U\x10&\xaf\x82\x12\xdf\x17\xaeN\x1e'
11E8E149-C855-1026-AF82-12DF17AE4E1E,2015-ncaa-d1-natl,ncaa,180,238,55,216,88,91,54,94,26,22,20,68,318,338,130,342,153,121,292,111,285,90,61,91,116,179,340,338,241,47,14,115,236,67,39,58,153,336,290,195,135,182,29,37,,,333,309,,,171,67,123,282,130,48,176,14,22,332,343,208,152,145,173,104,57,190,106,79,315,173,32,,319,,,172,286,237,245,195,273,281,170,90,95,142,38,334,335,166,337,302,286,291,149,187,182,148,42,325,282,236,28,14,108,39,131,73,112,158,98,343,322,140,40,,,108,228,,,171,289,136,198,168,212,151,135,226,245,65,57,319,325,325,229,236,244,15,46,90,144,331,98,,169,,,b'\x11\xe8\xe1I\xc8U\x10&\xaf\x82\x12\xdf\x17\xaeN\x1e'
11E8E149-C855-1026-AF82-12DF17AE4E1E,2016-ncaa-d0-natl,ncaa,239,156,340,218,342,305,285,329,125,230,252,163,309,328,189,285,285,252,320,253,200,326,318,174,198,228,290,280,189,259,167,322,60,315,118,229,103,151,279,209,287,211,233,192,,,153,312,,,213,324,83,86,182,151,184,95,93,269,295,201,137,140,172,106,155,213,174,110,304,195,162,,314,,,221,32,27,6,268,82,43,242,3,3,134,13,271,254,224,261,319,14,17,213,257,205,80,8,338,2,60,25,167,8,118,6,7,219,90,32,192,299,34,69,,,238,83,,,213,34,228,152,205,223,178,76,277,246,22,15,335,329,333,162,219,35,186,98,41,67,309,104,,62,,,b'\x11\xe8\xe1I\xc8U\x10&\xaf\x82\x12\xdf\x17\xaeN\x1e'
11E8E149-C855-1026-AF82-12DF17AE4E1E,2016-ncaa-d1-conf-Southland,ncaa,7,6,5,6,5,9,6,6,5,5,5,7,10,10,9,10,11,7,13,7,9,5,5,8,9,10,12,10,9,9,10,3,1,4,5,3,3,10,10,7,10,9,4,5,,,9,10,,,6,4,4,1,9,4,5,2,4,10,11,11,6,7,6,6,8,2,4,1,11,11,2,,9,,,6,8,7,7,5,9,10,5,1,2,4,2,12,12,7,12,10,8,8,3,3,4,3,1,12,3,1,10,10,8,5,2,1,5,6,1,8,9,4,5,,,6,6,,,6,10,9,3,6,5,5,6,10,12,1,2,11,11,11,7,8,2,9,6,2,6,9,6,,5,,,b'\x11\xe8\xe1I\xc8U\x10&\xaf\x82\x12\xdf\x17\xaeN\x1e'
11E8E149-C855-1026-AF82-12DF17AE4E1E,2016-ncaa-d1-natl,ncaa,191,156,303,192,313,220,187,257,99,120,151,124,301,315,212,305,238,189,325,191,209,247,223,151,174,204,314,299,209,172,126,262,66,230,93,166,136,228,265,194,230,202,172,159,,,265,319,,,175,246,79,93,145,106,159,62,65,285,300,193,125,128,149,81,117,185,144,106,296,186,145,,321,,,175,91,49,18,217,125,111,195,20,12,170,20,311,316,143,317,325,39,79,172,222,166,124,17,339,14,66,67,126,29,93,9,7,122,69,18,260,284,79,74,,,158,80,,,175,125,198,126,167,203,134,67,225,220,30,18,335,335,337,155,229,51,161,92,30,51,300,126,,50,,,b'\x11\xe8\xe1I\xc8U\x10&\xaf\x82\x12\xdf\x17\xaeN\x1e'
11E8E149-C855-1026-AF82-12DF17AE4E1E,2017-ncaa-d0-natl,ncaa,328,300,340,328,344,347,347,342,345,346,316,343,312,285,321,192,291,298,164,299,166,342,337,341,338,338,122,200,33,303,282,337,329,339,334,344,299,200,326,341,345,342,194,189,,,199,327,,,346,334,112,268,337,341,260,333,214,272,216,188,203,204,262,175,230,290,280,340,320,338,129,,332,,,347,178,157,36,332,203,122,305,67,23,323,33,274,272,167,270,293,56,28,324,326,341,117,55,276,190,329,99,282,125,334,132,148,344,322,319,244,324,285,339,,,310,166,,,346,16,344,346,347,340,328,276,337,321,179,85,341,341,341,320,286,324,318,332,286,292,324,334,,162,,,b'\x11\xe8\xe1I\xc8U\x10&\xaf\x82\x12\xdf\x17\xaeN\x1e'
11E8E149-C855-1026-AF82-12DF17AE4E1E,2017-ncaa-d1-conf-Southland,ncaa,11,11,9,11,11,13,12,12,13,12,9,12,10,9,13,8,12,12,11,12,9,12,13,13,13,13,5,7,4,10,10,10,8,10,11,13,13,6,9,13,13,13,8,7,,,6,11,,,13,12,9,6,13,12,9,11,8,10,8,12,10,10,9,10,9,9,10,13,7,13,5,,11,,,13,7,6,6,11,11,7,10,4,4,10,3,9,9,3,9,9,5,2,10,10,13,4,4,9,8,8,11,10,9,11,4,3,12,12,11,9,12,6,8,,,11,9,,,13,2,13,13,13,12,10,9,12,11,5,4,11,11,11,10,5,10,11,11,8,12,11,7,,10,,,b'\x11\xe8\xe1I\xc8U\x10&\xaf\x82\x12\xdf\x17\xaeN\x1e'
11E8E149-C855-1026-AF82-12DF17AE4E1E,2017-ncaa-d1-natl,ncaa,318,299,336,318,342,344,343,329,342,338,290,339,306,265,323,200,257,268,149,265,176,327,314,341,333,333,151,217,33,270,270,332,323,331,326,343,297,257,322,340,341,337,185,189,,,252,328,,,344,318,104,270,331,337,248,319,196,277,217,175,199,193,246,150,211,281,271,338,318,327,131,,334,,,346,219,195,72,330,243,168,292,84,28,319,32,292,294,175,296,289,111,48,317,326,335,115,55,275,231,323,160,270,195,326,158,143,317,293,294,273,322,299,331,,,274,179,,,344,32,338,337,345,339,323,263,333,319,172,82,336,336,336,315,286,323,314,328,276,262,317,333,,162,,,b'\x11\xe8\xe1I\xc8U\x10&\xaf\x82\x12\xdf\x17\xaeN\x1e'
11E8E149-C855-1026-AF82-12DF17AE4E1E,2018-ncaa-d0-natl,ncaa,310,224,348,297,348,345,342,347,261,288,274,279,347,348,327,343,271,261,254,261,173,347,342,312,299,321,330,343,29,314,220,285,214,320,170,342,306,204,331,338,338,330,185,153,,,43,211,,,297,341,34,80,282,278,230,118,47,343,344,109,81,77,194,66,191,22,56,317,340,295,79,,287,,,312,16,19,30,69,35,82,60,34,24,144,69,111,125,112,129,198,27,13,63,71,148,144,93,252,105,214,12,220,24,170,14,69,335,304,217,299,345,33,90,,,319,170,,,297,9,324,189,302,277,262,337,284,343,157,177,296,309,311,340,327,317,238,293,157,237,347,174,,112,,,b'\x11\xe8\xe1I\xc8U\x10&\xaf\x82\x12\xdf\x17\xaeN\x1e'
11E8E149-C855-1026-AF82-12DF17AE4E1E,2018-ncaa-d1-conf-Southland,ncaa,10,10,9,10,9,10,10,10,7,5,2,8,13,13,9,13,9,7,11,7,11,10,8,11,10,10,13,13,5,11,8,1,4,5,3,12,13,13,12,12,13,13,4,8,,,5,5,,,10,7,2,1,10,9,6,3,2,13,13,6,5,5,5,3,6,1,1,12,13,13,3,,8,,,10,7,9,12,3,12,13,3,3,3,1,1,8,8,6,8,6,11,6,2,2,9,1,1,7,6,4,5,8,5,3,3,1,13,13,11,13,13,8,7,,,12,11,,,10,7,10,7,10,11,13,13,13,13,3,6,8,9,9,13,13,7,7,9,3,13,13,10,,11,,,b'\x11\xe8\xe1I\xc8U\x10&\xaf\x82\x12\xdf\x17\xaeN\x1e'
11E8E149-C855-1026-AF82-12DF17AE4E1E,2018-ncaa-d1-natl,ncaa,262,223,338,260,339,305,289,316,212,179,135,247,342,347,289,343,186,174,237,175,203,305,276,285,274,300,334,342,48,248,173,147,215,196,139,310,261,308,321,326,311,312,99,107,,,155,195,,,255,273,34,87,248,217,207,73,32,342,345,103,82,79,176,59,156,22,41,262,334,278,50,,272,,,264,63,69,160,49,103,222,40,70,75,109,75,171,197,77,197,170,167,111,42,43,92,139,115,236,223,215,52,173,99,139,41,69,275,264,166,333,339,123,98,,,236,160,,,255,92,304,119,251,235,221,332,242,338,146,180,254,284,286,335,326,317,187,263,125,205,344,196,,98,,,b'\x11\xe8\xe1I\xc8U\x10&\xaf\x82\x12\xdf\x17\xaeN\x1e'
11E8E149-C855-1026-AF82-12DF17AE4E1E,2019-ncaa-d0-natl,ncaa,322,245,349,316,350,340,337,348,257,309,280,300,330,341,150,300,317,304,272,302,228,346,344,282,281,287,269,271,131,319,266,302,296,323,264,327,202,117,296,285,338,326,121,102,,,46,180,,,286,346,31,258,247,228,155,150,57,277,302,176,142,144,157,71,213,47,86,229,317,278,34,,287,,,309,27,35,35,137,90,136,102,17,14,156,20,130,148,89,144,185,39,18,100,97,192,69,29,253,201,296,22,266,53,264,98,245,340,319,306,200,323,81,155,,,331,213,,,286,10,299,249,298,311,299,340,326,350,101,104,303,313,314,345,336,344,307,335,312,243,328,225,,146,,,b'\x11\xe8\xe1I\xc8U\x10&\xaf\x82\x12\xdf\x17\xaeN\x1e'
11E8E149-C855-1026-AF82-12DF17AE4E1E,2019-ncaa-d1-conf-Southland,ncaa,12,12,9,12,11,11,11,9,8,9,6,11,10,13,5,10,13,13,11,13,13,11,10,8,10,11,11,8,12,11,12,4,8,7,9,10,9,8,13,10,13,13,3,3,,,3,4,,,10,10,5,7,10,9,6,8,3,9,11,13,13,13,9,6,8,1,2,8,12,13,1,,8,,,10,6,7,11,2,9,11,2,4,3,7,2,5,6,3,7,4,11,7,2,2,6,2,2,4,12,8,8,12,12,9,8,10,13,13,12,8,10,5,6,,,13,13,,,10,6,13,7,10,9,10,13,11,13,6,5,6,8,8,13,11,13,9,13,11,12,10,7,,13,,,b'\x11\xe8\xe1I\xc8U\x10&\xaf\x82\x12\xdf\x17\xaeN\x1e'
11E8E149-C855-1026-AF82-12DF17AE4E1E,2019-ncaa-d1-natl,ncaa,282,245,340,281,342,266,260,280,198,189,155,255,301,325,162,301,198,175,256,176,186,274,270,234,233,250,281,280,101,250,228,160,271,200,231,245,192,193,240,234,278,281,56,62,,,140,152,,,236,262,25,258,154,149,109,94,44,274,290,105,84,84,91,54,160,31,49,158,286,228,24,,272,,,243,89,99,182,76,146,251,55,54,55,135,38,208,231,98,229,173,198,131,51,55,120,117,73,251,288,271,106,228,198,231,163,235,283,289,259,261,297,99,94,,,258,198,,,236,95,256,180,233,274,260,341,288,348,122,153,287,300,299,344,336,341,293,331,271,210,320,178,,119,,,b'\x11\xe8\xe1I\xc8U\x10&\xaf\x82\x12\xdf\x17\xaeN\x1e'
11E8E149-C855-1026-AF82-12DF17AE4E1E,2020-ncaa-d0-natl,ncaa,315,289,312,315,329,310,301,288,271,202,129,295,336,332,299,324,244,184,297,192,207,279,262,309,310,306,312,325,97,204,178,318,280,298,274,341,347,217,260,336,159,130,82,90,,,220,288,,,303,282,70,257,260,240,161,125,35,329,326,172,106,112,152,84,139,275,228,340,287,117,52,,299,,,311,163,170,70,297,235,215,208,67,16,333,16,233,222,262,218,193,88,81,265,283,266,89,51,257,165,280,132,178,136,274,121,119,190,149,147,284,317,217,181,,,231,143,,,303,72,304,276,306,292,284,221,313,327,106,33,297,282,280,259,284,256,267,268,211,120,321,270,,108,,,b'\x11\xe8\xe1I\xc8U\x10&\xaf\x82\x12\xdf\x17\xaeN\x1e'
11E8E149-C855-1026-AF82-12DF17AE4E1E,2020-ncaa-d1-conf-Southland,ncaa,11,11,1,11,3,8,7,3,9,6,1,11,10,10,8,10,9,9,12,9,9,3,4,11,11,9,10,10,8,5,10,8,6,5,11,12,12,6,3,11,8,8,2,2,,,5,6,,,11,6,5,3,8,7,3,6,1,10,10,9,9,9,3,4,5,8,5,12,6,8,2,,5,,,11,11,12,11,11,12,11,7,8,6,12,3,7,6,9,4,3,11,9,11,11,10,5,6,7,6,6,12,10,11,11,7,3,8,9,8,9,8,9,5,,,10,10,,,11,10,10,10,11,11,12,11,12,11,8,6,7,6,4,11,9,6,12,11,7,8,9,9,,10,,,b'\x11\xe8\xe1I\xc8U\x10&\xaf\x82\x12\xdf\x17\xaeN\x1e'
11E8E149-C855-1026-AF82-12DF17AE4E1E,2020-ncaa-d1-natl,ncaa,303,289,257,304,281,287,267,239,275,154,68,301,335,329,307,328,201,130,295,140,209,225,185,318,317,312,315,328,84,161,175,292,257,250,256,338,345,272,275,339,105,95,76,97,,,272,293,,,292,195,71,164,266,242,164,118,33,333,326,162,100,108,143,79,133,264,220,337,297,88,64,,302,,,292,209,197,115,273,255,256,178,62,19,328,15,283,273,243,265,218,134,165,229,255,223,89,39,278,194,257,212,175,209,256,127,107,113,101,96,313,322,241,173,,,158,138,,,292,157,312,227,293,265,256,180,297,315,82,28,306,292,287,222,280,232,270,265,167,78,328,261,,106,,,b'\x11\xe8\xe1I\xc8U\x10&\xaf\x82\x12\xdf\x17\xaeN\x1e'
11E8E149-C855-1026-AF82-12DF17AE4E1E,2021-ncaa-d0-natl,ncaa,205,165,248,201,266,253,261,254,286,249,211,306,262,272,208,275,155,150,183,153,92,242,254,291,269,237,150,256,21,217,218,258,265,251,281,238,119,67,104,151,165,81,103,115,,,116,228,,,186,258,157,208,225,269,175,219,100,250,262,43,43,45,128,156,138,226,196,196,111,74,65,,232,,,186,86,82,84,147,134,173,88,22,21,156,2,210,197,250,195,208,88,92,76,114,103,29,4,326,138,265,134,218,130,281,74,105,207,115,86,119,188,42,39,,,223,109,,,186,85,230,122,187,138,129,118,255,328,6,2,316,295,296,169,206,253,298,302,107,104,191,44,,111,,,b'\x11\xe8\xe1I\xc8U\x10&\xaf\x82\x12\xdf\x17\xaeN\x1e'
11E8E149-C855-1026-AF82-12DF17AE4E1E,2021-ncaa-d1-conf-Southland,ncaa,7,7,7,7,8,8,7,6,10,7,5,10,6,7,6,8,7,8,6,8,10,7,7,10,11,6,7,8,7,5,6,9,8,8,9,5,3,2,1,2,6,6,2,3,,,4,2,,,5,10,10,7,7,6,3,8,4,6,6,5,5,5,3,5,4,9,5,3,1,5,2,,2,,,5,5,5,5,3,7,9,3,4,1,9,2,8,5,12,5,3,5,5,3,4,7,4,2,10,6,8,9,6,8,9,5,4,10,10,8,3,3,2,1,,,9,11,,,5,4,6,8,5,5,6,7,9,11,3,2,10,10,10,7,7,9,12,11,5,10,3,1,,10,,,b'\x11\xe8\xe1I\xc8U\x10&\xaf\x82\x12\xdf\x17\xaeN\x1e'
11E8E149-C855-1026-AF82-12DF17AE4E1E,2021-ncaa-d1-natl,ncaa,164,165,182,163,198,176,190,177,248,159,109,274,230,235,219,285,77,81,136,89,116,161,175,263,237,198,199,277,27,128,174,185,214,174,217,158,101,127,101,126,64,43,71,90,,,200,229,,,108,180,115,208,160,190,124,132,61,256,263,30,42,46,89,104,107,176,132,143,127,41,62,,237,,,107,115,107,126,93,173,229,69,33,45,56,2,255,253,207,253,235,141,162,41,67,42,46,6,331,188,214,210,174,203,217,93,85,85,61,31,162,151,60,32,,,166,151,,,108,163,184,43,109,84,68,87,193,289,5,3,304,290,293,133,225,218,275,273,61,53,173,42,,124,,,b'\x11\xe8\xe1I\xc8U\x10&\xaf\x82\x12\xdf\x17\xaeN\x1e'
11E8E149-C855-1026-AF82-12DF17AE4E1E,2022-ncaa-d0-natl,ncaa,199,87,337,153,341,343,350,349,342,353,331,354,265,295,105,189,229,295,9,291,117,347,350,331,291,276,34,113,17,336,310,335,270,343,313,322,96,20,208,235,268,145,166,116,,,12,98,,,192,347,267,164,312,346,299,345,252,185,223,95,184,171,290,298,298,211,285,276,163,156,85,,83,,,194,3,10,13,91,51,79,109,1,2,2,8,27,38,30,42,117,11,11,31,25,23,5,1,203,83,270,46,310,55,313,6,64,282,108,48,59,253,58,197,,,341,211,,,192,9,297,43,194,41,80,109,224,299,1,6,106,154,167,116,152,263,281,289,50,123,210,161,,268,,,b'\x11\xe8\xe1I\xc8U\x10&\xaf\x82\x12\xdf\x17\xaeN\x1e'
11E8E149-C855-1026-AF82-12DF17AE4E1E,2022-ncaa-d1-conf-Southland,ncaa,2,1,4,2,5,8,8,7,8,8,6,8,2,4,1,2,5,7,1,7,3,8,8,7,5,4,1,1,2,8,8,7,4,7,7,6,2,1,2,3,7,7,1,1,,,2,2,,,3,8,8,7,8,8,8,8,7,2,4,5,6,6,8,8,8,6,7,5,1,8,1,,1,,,3,1,2,2,4,5,5,3,1,1,1,1,2,2,1,2,1,1,1,2,1,1,1,1,2,4,4,6,8,5,7,1,1,5,5,2,1,2,6,8,,,7,6,,,3,1,5,3,3,1,3,3,6,7,1,1,1,3,3,2,2,4,6,4,2,6,1,6,,7,,,b'\x11\xe8\xe1I\xc8U\x10&\xaf\x82\x12\xdf\x17\xaeN\x1e'
11E8E149-C855-1026-AF82-12DF17AE4E1E,2022-ncaa-d1-natl,ncaa,157,87,304,126,321,319,345,329,343,350,299,350,226,261,132,184,156,231,17,227,91,318,325,333,298,289,33,120,11,305,286,261,240,300,287,297,101,94,223,257,181,114,126,107,,,37,97,,,177,317,216,239,308,341,287,346,241,189,210,73,143,136,266,252,272,160,230,273,209,123,78,,111,,,177,8,20,40,52,82,131,78,1,5,2,19,55,86,23,95,131,38,44,16,11,9,7,5,228,159,240,139,286,133,287,9,55,201,99,34,144,266,74,170,,,309,217,,,177,37,302,22,177,26,61,128,183,287,2,18,113,173,186,139,186,263,286,293,29,105,233,129,,240,,,b'\x11\xe8\xe1I\xc8U\x10&\xaf\x82\x12\xdf\x17\xaeN\x1e'
11E8E149-C855-1026-AF82-12DF17AE4E1E,2023-ncaa-d0-natl,ncaa,300,239,345,292,352,351,352,354,325,354,337,331,280,286,239,156,303,321,164,324,195,356,356,308,302,291,108,141,111,334,302,340,263,351,311,320,142,41,240,249,339,295,88,63,,,25,145,,,307,356,266,291,329,340,306,332,255,220,201,234,239,247,305,305,281,280,304,281,189,295,28,,127,,,317,28,36,18,272,117,117,172,7,2,312,2,97,93,229,104,141,15,10,226,226,267,24,17,232,71,263,67,302,55,311,30,97,336,244,228,32,191,12,79,,,338,191,,,307,8,311,277,318,209,231,140,313,330,30,5,244,228,243,164,112,232,280,285,149,256,150,43,,245,,,b'\x11\xe8\xe1I\xc8U\x10&\xaf\x82\x12\xdf\x17\xaeN\x1e'
11E8E149-C855-1026-AF82-12DF17AE4E1E,2023-ncaa-d1-conf-Southland,ncaa,9,7,9,9,10,10,10,10,9,9,9,9,5,5,8,5,8,9,5,9,5,10,9,10,10,7,4,4,5,9,9,7,5,8,7,9,4,2,3,5,8,8,1,1,,,1,3,,,8,9,6,8,10,10,6,8,8,5,5,5,5,5,9,9,8,6,8,8,3,8,1,,3,,,8,3,4,3,6,4,6,4,1,1,8,1,2,1,8,1,2,1,1,5,5,4,1,1,5,3,5,7,9,3,7,1,1,9,7,3,2,3,1,1,,,7,3,,,8,2,9,3,8,5,5,6,8,10,1,1,4,3,4,5,5,5,8,7,2,8,3,1,,5,,,b'\x11\xe8\xe1I\xc8U\x10&\xaf\x82\x12\xdf\x17\xaeN\x1e'
11E8E149-C855-1026-AF82-12DF17AE4E1E,2023-ncaa-d1-natl,ncaa,265,239,310,264,336,317,328,334,285,334,312,301,214,224,166,135,254,269,157,270,152,327,339,262,251,263,86,113,121,300,282,292,234,319,284,272,110,111,248,233,261,218,52,46,,,58,146,,,266,333,255,291,299,317,301,321,267,183,174,214,218,224,297,290,271,245,279,237,200,227,28,,126,,,269,45,64,46,218,163,196,141,16,3,251,6,139,139,175,147,139,41,37,160,163,176,29,22,231,116,234,136,282,116,284,38,83,267,187,149,96,204,17,79,,,300,188,,,266,32,276,191,266,141,174,120,264,313,26,8,213,212,220,139,116,214,254,254,96,207,166,40,,230,,,b'\x11\xe8\xe1I\xc8U\x10&\xaf\x82\x12\xdf\x17\xaeN\x1e'
11E8E149-C855-1026-AF82-12DF17AE4E1E,2024-ncaa-d0-natl,ncaa,356,323,359,356,359,359,359,359,352,359,354,349,316,313,293,144,355,358,94,358,297,359,359,344,344,350,129,130,160,359,357,330,285,357,343,359,248,119,348,347,340,283,174,145,,,12,106,,,346,358,216,263,357,356,343,355,303,259,226,328,337,335,351,325,354,150,316,347,315,274,92,,128,,,348,20,43,26,220,85,87,179,19,14,200,40,48,59,129,59,121,19,5,176,176,267,46,56,168,124,285,60,357,69,343,72,191,357,334,330,138,335,47,238,,,360,359,,,346,3,358,300,350,249,287,284,321,338,89,76,201,218,218,284,220,315,323,334,259,325,307,150,,359,,,b'\x11\xe8\xe1I\xc8U\x10&\xaf\x82\x12\xdf\x17\xaeN\x1e'
11E8E149-C855-1026-AF82-12DF17AE4E1E,2024-ncaa-d1-conf-Southland,ncaa,10,10,9,10,10,10,10,10,10,10,10,10,6,6,3,2,10,10,3,10,9,10,10,9,10,10,2,2,7,10,10,8,6,10,8,10,6,9,10,10,7,6,1,1,,,1,3,,,9,10,7,7,10,10,10,10,10,5,6,10,10,10,10,10,10,7,10,10,10,6,1,,1,,,9,5,6,5,8,8,8,8,3,2,9,4,1,1,4,1,1,3,1,8,8,9,1,3,2,5,6,3,10,4,8,6,5,10,9,9,9,10,1,4,,,10,10,,,9,1,10,9,10,7,8,7,8,8,5,4,2,2,2,7,5,6,5,7,9,10,10,4,,10,,,b'\x11\xe8\xe1I\xc8U\x10&\xaf\x82\x12\xdf\x17\xaeN\x1e'
11E8E149-C855-1026-AF82-12DF17AE4E1E,2024-ncaa-d1-natl,ncaa,334,325,320,335,341,352,353,352,325,346,321,327,293,288,273,191,331,343,110,342,297,354,349,318,321,335,185,183,182,351,352,244,272,322,331,330,208,226,340,329,266,232,89,98,,,52,114,,,332,338,216,264,353,349,332,336,267,267,248,319,327,317,340,313,345,126,286,326,305,215,55,,130,,,334,70,89,100,164,162,207,119,41,32,185,36,124,150,63,143,130,94,48,128,115,185,61,63,190,243,272,161,352,194,331,112,180,329,299,265,199,310,95,217,,,360,358,,,332,29,348,241,334,199,221,256,280,334,76,69,190,224,217,264,216,310,294,319,200,286,273,155,,361,,,b'\x11\xe8\xe1I\xc8U\x10&\xaf\x82\x12\xdf\x17\xaeN\x1e'
11E8E149-C855-1026-AF82-12DF17AE4E1E,2025-ncaa-d0-natl,genius_ncaa,341,323,335,341,344,360,359,355,353,332,284,346,354,345,353,308,351,354,268,353,346,357,350,358,359,358,343,320,213,343,334,273,227,323,297,355,257,263,352,354,328,294,201,167,,,14,67,,7,341,344,259,163,360,358,342,297,169,352,337,343,342,342,346,298,315,122,246,348,341,295,147,,72,,20,347,38,40,58,128,51,92,108,69,55,171,124,83,90,119,92,163,49,20,116,118,186,157,160,192,151,227,116,334,125,297,83,232,348,297,288,248,349,100,190,,,357,314,,238,341,16,361,221,347,179,182,229,192,261,158,150,182,198,200,233,149,270,301,297,216,303,328,193,,328,,191,b'\x11\xe8\xe1I\xc8U\x10&\xaf\x82\x12\xdf\x17\xaeN\x1e'
11E8E149-C855-1026-AF82-12DF17AE4E1E,2025-ncaa-d1-conf-Southland,genius_ncaa,12,12,9,12,9,12,12,12,12,11,9,11,12,11,12,10,11,11,3,11,11,12,12,12,12,12,10,10,11,11,11,12,11,12,11,12,6,10,12,12,8,8,6,4,,,1,1,,1,12,12,9,2,12,12,12,11,6,12,10,11,11,11,12,12,11,8,12,12,12,8,5,,1,,1,12,4,7,3,9,4,5,9,8,4,10,8,5,5,6,5,6,3,2,10,10,9,9,10,5,8,11,6,11,6,11,5,8,9,8,9,11,12,5,6,,,11,11,,9,12,1,12,10,12,9,8,6,8,6,9,6,6,6,6,7,7,9,8,9,8,8,12,7,,11,,9,b'\x11\xe8\xe1I\xc8U\x10&\xaf\x82\x12\xdf\x17\xaeN\x1e'
11E8E149-C855-1026-AF82-12DF17AE4E1E,2025-ncaa-d1-natl,genius_ncaa,319,323,244,323,272,354,346,329,347,303,224,336,350,339,353,307,341,338,270,337,343,339,312,353,354,356,342,319,197,322,329,175,200,264,284,340,263,325,351,351,287,262,142,127,,,48,86,,28,338,291,265,181,357,353,341,297,178,351,336,337,333,334,346,299,311,109,232,348,340,267,121,,84,,42,341,72,75,123,92,81,155,76,121,111,159,144,134,130,121,133,165,118,85,95,91,151,181,179,197,195,200,203,329,199,284,135,242,297,278,256,299,348,106,152,,,331,299,,197,338,69,357,173,341,131,131,201,135,228,154,154,168,182,181,200,125,251,283,284,181,282,325,143,,320,,187,b'\x11\xe8\xe1I\xc8U\x10&\xaf\x82\x12\xdf\x17\xaeN\x1e'
11E8E149-C855-1026-AF82-12DF17AE4E1E,2026-ncaa-d0-natl,genius_ncaa,295,152,354,292,354,349,354,362,44,358,363,85,242,334,9,55,344,338,341,333,12,361,357,21,41,178,18,19,229,363,341,356,269,361,309,308,33,102,361,268,336,246,330,307,,,20,269,,73,261,355,74,2,161,189,348,298,351,35,134,205,127,104,335,139,354,272,353,86,361,189,259,,325,,288,309,19,21,9,332,48,23,314,7,3,269,25,113,70,338,67,261,9,8,322,334,334,83,29,304,14,269,3,341,4,309,26,128,346,248,265,105,348,59,345,,,335,25,,324,261,10,236,322,294,354,347,313,349,349,132,76,354,339,338,340,341,234,129,164,306,166,349,287,,28,,218,b'\x11\xe8\xe1I\xc8U\x10&\xaf\x82\x12\xdf\x17\xaeN\x1e'
11E8E149-C855-1026-AF82-12DF17AE4E1E,2026-ncaa-d1-conf-Southland,genius_ncaa,1,1,2,1,2,2,2,6,1,6,7,1,1,2,2,1,7,7,4,7,3,7,7,1,1,1,1,1,7,7,7,2,4,5,3,1,1,6,7,2,3,4,4,4,,,2,2,,1,2,4,2,1,1,1,5,6,7,1,2,7,7,7,6,6,7,1,5,1,7,3,3,,2,,1,2,3,4,6,2,6,6,4,2,4,3,3,3,3,5,3,2,5,6,3,3,2,2,3,4,4,4,1,7,2,3,5,6,3,5,5,7,7,1,1,,,5,3,,5,2,6,2,3,2,3,4,6,6,7,3,4,3,3,3,5,7,4,1,2,6,2,7,1,,4,,5,b'\x11\xe8\xe1I\xc8U\x10&\xaf\x82\x12\xdf\x17\xaeN\x1e'
11E8E149-C855-1026-AF82-12DF17AE4E1E,2026-ncaa-d1-natl,genius_ncaa,256,152,345,230,345,302,293,354,45,312,354,39,184,266,73,68,318,306,293,295,50,351,349,37,55,121,98,71,260,339,237,349,209,354,207,245,98,127,325,206,208,81,331,324,,,22,127,,55,212,346,107,4,101,102,249,174,316,53,81,199,148,129,221,126,267,264,290,80,332,70,307,,186,,140,214,54,54,15,315,99,53,284,20,10,277,42,151,115,341,112,226,15,19,293,316,290,101,51,278,21,209,9,237,7,207,60,132,299,147,183,129,304,65,251,,,309,99,,284,212,22,152,269,204,318,305,218,326,315,123,70,326,287,290,271,302,167,130,136,254,116,306,188,,86,,231,b'\x11\xe8\xe1I\xc8U\x10&\xaf\x82\x12\xdf\x17\xaeN\x1e'
11E8E149-C859-6518-AF82-12DF17AE4E1E,2010-ncaa-d0-natl,ncaa,149,114,178,142,192,269,269,186,324,196,85,324,330,312,335,321,132,138,145,138,215,170,213,337,323,287,279,328,19,65,55,233,157,162,117,302,302,35,60,236,207,159,318,303,,,72,150,,,202,270,306,111,288,293,152,187,40,329,314,100,109,106,134,206,28,247,111,314,47,208,319,,82,,,202,46,43,60,132,36,31,174,164,205,122,282,112,110,169,107,225,60,63,156,156,137,259,252,193,74,157,159,55,127,117,111,245,202,124,166,40,67,107,60,,,242,237,,,202,66,246,131,218,60,53,42,47,23,194,230,128,124,118,36,36,92,216,170,133,188,55,122,,244,,,b'\x11\xe8\xe1I\xc8Ye\x18\xaf\x82\x12\xdf\x17\xaeN\x1e'
11E8E149-C859-6518-AF82-12DF17AE4E1E,2010-ncaa-d1-conf-MEAC,ncaa,4,4,4,4,4,8,9,5,10,8,3,10,8,7,9,9,4,4,4,4,8,5,6,10,10,8,7,9,3,2,4,8,2,6,3,8,6,2,2,3,7,5,10,10,,,3,5,,,5,9,10,5,9,10,5,9,1,9,8,3,3,3,4,9,3,7,6,8,2,7,10,,1,,,5,3,4,3,5,2,1,8,7,11,2,11,4,1,10,1,8,2,2,6,6,5,10,10,6,1,2,7,4,4,3,9,11,7,4,8,2,3,6,6,,,6,6,,,5,2,8,3,5,3,2,3,1,1,8,10,1,1,1,3,1,1,7,2,6,7,2,7,,8,,,b'\x11\xe8\xe1I\xc8Ye\x18\xaf\x82\x12\xdf\x17\xaeN\x1e'
11E8E149-C859-6518-AF82-12DF17AE4E1E,2010-ncaa-d1-natl,ncaa,156,114,191,146,207,285,286,200,326,205,92,327,330,315,336,320,138,146,143,147,215,182,239,338,325,289,276,327,18,69,56,255,161,177,123,315,304,23,60,239,228,167,319,305,,,58,148,,,208,299,310,106,290,298,154,194,40,329,314,100,108,106,136,207,28,252,117,320,47,211,319,,82,,,208,37,29,40,136,30,21,181,159,199,126,282,105,100,172,98,225,35,34,161,164,144,257,252,192,62,161,147,56,108,123,101,247,222,130,171,34,67,102,62,,,263,237,,,208,38,248,138,223,60,53,43,51,23,195,230,128,126,120,37,34,95,219,174,136,196,56,123,,245,,,b'\x11\xe8\xe1I\xc8Ye\x18\xaf\x82\x12\xdf\x17\xaeN\x1e'
11E8E149-C859-6518-AF82-12DF17AE4E1E,2011-ncaa-d0-natl,ncaa,153,226,26,180,38,208,223,137,292,184,108,280,257,224,306,236,127,138,159,141,199,133,130,301,290,266,219,260,66,116,160,211,230,154,229,219,178,214,196,237,120,128,274,253,,,207,189,,,199,134,324,257,319,314,305,273,226,305,274,209,221,225,305,316,206,322,310,288,101,189,300,,83,,,197,124,63,114,74,38,45,105,228,257,130,292,253,269,134,277,315,144,208,113,135,79,328,261,290,202,230,247,160,243,229,179,305,53,45,90,174,163,87,65,,,114,127,,,199,205,264,77,200,27,11,7,6,4,149,179,165,183,190,6,19,99,97,79,90,126,97,46,,253,,,b'\x11\xe8\xe1I\xc8Ye\x18\xaf\x82\x12\xdf\x17\xaeN\x1e'
11E8E149-C859-6518-AF82-12DF17AE4E1E,2011-ncaa-d1-conf-MEAC,ncaa,2,4,1,3,1,5,5,1,5,3,2,4,6,5,9,7,2,4,2,4,8,2,3,6,5,4,6,9,4,5,7,6,3,4,4,2,1,3,2,2,4,5,10,9,,,8,5,,,2,4,11,7,6,7,8,8,7,10,7,6,8,9,9,11,9,8,11,4,2,8,10,,1,,,2,6,4,5,5,1,2,6,7,10,4,11,8,6,8,6,9,5,7,5,5,5,11,9,8,5,3,7,7,7,4,5,8,2,4,5,2,2,6,4,,,2,3,,,2,8,4,4,2,2,2,1,1,1,6,7,2,2,2,1,1,2,2,2,3,7,1,3,,8,,,b'\x11\xe8\xe1I\xc8Ye\x18\xaf\x82\x12\xdf\x17\xaeN\x1e'
11E8E149-C859-6518-AF82-12DF17AE4E1E,2011-ncaa-d1-natl,ncaa,159,223,28,184,45,231,238,157,294,196,122,286,260,231,307,235,139,150,159,153,200,155,151,305,294,270,217,261,63,130,167,233,232,185,233,229,179,194,198,239,134,134,279,254,,,189,195,,,208,160,324,260,320,316,309,280,227,302,273,212,224,228,305,317,209,323,311,296,99,194,301,,81,,,205,102,48,92,79,26,37,109,218,246,131,288,241,255,133,262,316,117,181,118,137,86,329,259,290,191,232,228,167,226,233,173,305,65,49,93,156,164,78,66,,,129,126,,,208,179,268,83,208,27,11,7,6,4,150,176,171,187,195,6,19,100,99,80,95,129,97,47,,252,,,b'\x11\xe8\xe1I\xc8Ye\x18\xaf\x82\x12\xdf\x17\xaeN\x1e'
11E8E149-C859-6518-AF82-12DF17AE4E1E,2012-ncaa-d0-natl,ncaa,34,36,48,39,57,145,143,78,285,117,72,254,219,148,318,190,102,140,59,137,236,78,129,290,274,183,222,248,100,67,115,210,148,140,167,162,169,19,7,47,36,25,273,254,,,158,163,,,70,163,319,137,230,229,143,182,135,257,190,162,206,203,157,265,103,311,235,221,9,55,301,,65,,,74,59,56,74,121,58,64,138,156,175,120,246,108,123,90,121,212,72,158,131,129,44,234,229,191,110,148,288,115,219,167,170,292,38,20,56,8,3,210,124,,,111,139,,,70,177,143,34,73,13,13,5,16,7,111,111,62,76,70,4,19,35,184,116,98,68,5,152,,209,,,b'\x11\xe8\xe1I\xc8Ye\x18\xaf\x82\x12\xdf\x17\xaeN\x1e'
11E8E149-C859-6518-AF82-12DF17AE4E1E,2012-ncaa-d1-conf-MEAC,ncaa,2,2,1,2,4,5,7,4,8,6,6,5,4,4,10,4,5,7,2,8,8,5,9,9,6,3,7,4,8,6,8,8,6,7,7,5,3,2,2,2,3,2,9,6,,,2,6,,,3,10,12,11,8,8,7,7,11,5,4,9,10,10,8,13,9,12,11,7,2,4,10,,1,,,3,3,4,4,6,4,3,6,5,7,4,10,2,2,6,2,8,2,4,5,6,4,7,8,7,2,6,10,8,6,7,4,9,3,2,4,1,2,2,1,,,6,5,,,3,4,3,4,3,2,3,2,3,1,3,6,1,1,1,1,1,2,5,2,4,5,1,1,,11,,,b'\x11\xe8\xe1I\xc8Ye\x18\xaf\x82\x12\xdf\x17\xaeN\x1e'
11E8E149-C859-6518-AF82-12DF17AE4E1E,2012-ncaa-d1-natl,ncaa,35,36,55,40,64,168,173,84,291,132,79,260,229,152,316,191,113,157,57,151,238,92,149,293,277,188,222,248,99,76,120,246,152,160,176,184,173,13,7,49,41,28,285,255,,,133,167,,,76,198,320,136,240,236,150,191,138,255,189,165,210,205,163,269,108,313,242,230,9,61,304,,67,,,78,46,44,47,128,49,45,143,146,160,130,245,99,112,94,110,214,47,128,138,137,54,235,228,194,96,152,281,120,195,176,156,294,48,20,61,3,3,197,134,,,132,136,,,76,145,148,40,74,15,14,5,17,7,115,109,66,77,73,4,18,35,186,119,99,72,5,153,,206,,,b'\x11\xe8\xe1I\xc8Ye\x18\xaf\x82\x12\xdf\x17\xaeN\x1e'
11E8E149-C859-6518-AF82-12DF17AE4E1E,2013-ncaa-d0-natl,ncaa,96,86,120,97,173,246,263,198,301,255,170,323,202,212,151,209,172,144,275,137,116,182,244,299,297,251,117,163,91,130,147,274,58,222,143,187,70,33,56,90,142,71,239,195,,,120,243,,,98,271,316,267,282,296,236,283,189,207,220,183,140,133,218,287,140,308,261,209,36,147,246,,111,,,96,10,7,7,61,12,30,43,30,25,149,90,157,141,259,142,259,6,40,58,86,26,241,118,315,13,58,201,147,79,143,13,139,79,10,11,13,24,73,76,,,191,126,,,98,75,215,15,94,6,4,1,10,12,30,21,160,142,142,1,9,11,191,63,11,73,17,72,,214,,,b'\x11\xe8\xe1I\xc8Ye\x18\xaf\x82\x12\xdf\x17\xaeN\x1e'
11E8E149-C859-6518-AF82-12DF17AE4E1E,2013-ncaa-d1-conf-MEAC,ncaa,2,3,1,3,2,6,6,3,7,7,5,7,4,4,4,5,7,7,6,7,7,4,6,8,6,5,3,5,9,8,13,3,1,6,5,2,1,1,2,2,6,5,8,8,,,4,4,,,3,5,12,10,8,9,8,8,8,6,6,10,10,10,8,12,10,10,9,3,1,7,8,,3,,,3,2,2,1,2,1,2,3,2,3,4,7,5,5,10,5,8,2,4,2,3,2,10,5,9,1,1,11,13,6,5,1,1,3,1,2,3,3,2,2,,,9,10,,,3,8,5,2,3,2,2,1,1,1,2,2,4,3,3,1,2,1,8,3,1,5,2,2,,11,,,b'\x11\xe8\xe1I\xc8Ye\x18\xaf\x82\x12\xdf\x17\xaeN\x1e'
11E8E149-C859-6518-AF82-12DF17AE4E1E,2013-ncaa-d1-natl,ncaa,94,86,90,94,123,240,261,178,309,251,172,322,202,203,177,205,145,101,275,95,90,168,218,304,299,251,114,164,66,117,149,265,59,199,147,168,52,27,44,77,146,84,236,186,,,126,241,,,97,252,321,267,286,304,241,291,201,209,217,160,112,110,220,295,141,311,256,201,27,162,245,,102,,,95,9,5,6,58,11,33,37,38,22,172,89,170,146,253,150,258,10,49,54,83,30,251,125,312,13,59,232,149,91,147,21,146,73,11,14,13,19,75,77,,,147,90,,,97,91,207,14,94,6,4,1,7,11,35,20,150,135,138,2,9,13,195,67,12,79,14,73,,196,,,b'\x11\xe8\xe1I\xc8Ye\x18\xaf\x82\x12\xdf\x17\xaeN\x1e'
11E8E149-C859-6518-AF82-12DF17AE4E1E,2014-ncaa-d0-natl,ncaa,239,263,131,259,142,256,244,127,322,146,54,325,323,301,341,308,191,184,209,185,304,139,97,334,334,336,314,320,99,113,164,224,333,167,289,300,321,324,296,331,110,160,104,125,,,314,270,,,294,96,61,116,300,279,108,152,35,327,307,223,205,208,126,66,123,258,190,320,320,120,103,,320,,,286,196,129,177,113,222,285,85,27,31,103,13,337,338,142,338,307,242,280,66,119,60,137,17,336,334,333,273,164,312,289,93,106,43,61,27,223,174,282,193,,,142,218,,,294,254,333,111,283,200,125,165,215,294,26,27,328,334,335,266,316,335,275,316,88,33,220,286,,157,,,b'\x11\xe8\xe1I\xc8Ye\x18\xaf\x82\x12\xdf\x17\xaeN\x1e'
11E8E149-C859-6518-AF82-12DF17AE4E1E,2014-ncaa-d1-conf-MEAC,ncaa,8,8,4,8,4,7,6,6,9,6,3,10,6,6,8,8,12,12,4,12,13,6,6,10,9,10,12,9,12,7,7,8,10,8,9,8,10,12,11,8,8,8,4,4,,,11,11,,,9,6,5,3,8,6,5,5,3,7,6,12,12,12,7,6,8,9,9,8,10,8,4,,11,,,8,9,8,5,7,8,10,6,5,4,11,3,12,12,10,12,12,9,10,7,9,6,9,3,12,9,10,6,7,7,9,4,3,5,5,4,9,9,8,6,,,8,11,,,9,8,11,7,8,8,7,7,8,10,5,4,12,12,13,9,12,10,7,8,4,4,9,6,,9,,,b'\x11\xe8\xe1I\xc8Ye\x18\xaf\x82\x12\xdf\x17\xaeN\x1e'
11E8E149-C859-6518-AF82-12DF17AE4E1E,2014-ncaa-d1-natl,ncaa,252,262,145,262,161,275,260,146,324,169,62,325,327,309,341,307,217,208,209,207,305,158,118,336,335,336,315,317,100,134,171,253,335,194,298,310,321,320,298,332,126,168,112,132,,,303,273,,,298,116,65,109,303,282,111,158,36,327,306,226,208,212,132,69,131,266,197,323,320,128,105,,321,,,295,179,116,156,119,208,273,89,21,22,104,13,332,334,144,334,310,220,272,72,124,66,135,17,336,330,335,256,171,306,298,83,110,54,61,29,212,176,281,203,,,162,218,,,298,236,334,121,291,204,134,168,220,295,26,27,331,335,336,267,315,337,278,315,93,37,221,288,,157,,,b'\x11\xe8\xe1I\xc8Ye\x18\xaf\x82\x12\xdf\x17\xaeN\x1e'
11E8E149-C859-6518-AF82-12DF17AE4E1E,2015-ncaa-d0-natl,ncaa,331,344,113,337,154,204,207,111,301,158,86,290,253,214,306,248,137,107,264,104,192,107,72,309,308,314,242,258,94,120,198,296,347,229,333,233,241,335,285,305,154,213,165,258,,,277,155,,,340,66,18,234,243,243,111,169,77,271,228,146,113,114,102,33,128,337,288,252,326,157,187,,270,,,337,336,337,291,337,345,327,312,99,53,295,7,309,307,203,308,171,303,309,319,323,291,24,19,197,345,347,299,198,328,333,274,65,75,125,133,345,329,280,232,,,111,223,,,340,290,319,317,333,336,339,316,343,342,83,36,299,297,297,330,340,345,288,333,258,57,339,281,,115,,,b'\x11\xe8\xe1I\xc8Ye\x18\xaf\x82\x12\xdf\x17\xaeN\x1e'
11E8E149-C859-6518-AF82-12DF17AE4E1E,2015-ncaa-d1-conf-MEAC,ncaa,12,12,4,12,5,6,7,5,10,6,5,8,7,6,11,8,3,1,6,1,4,4,3,11,10,10,6,9,3,9,11,11,13,10,12,6,1,10,8,7,6,10,7,9,,,6,2,,,12,3,1,7,6,8,3,5,5,7,8,3,2,2,3,2,9,13,12,5,11,6,6,,5,,,11,13,13,10,13,13,13,13,3,3,10,1,10,8,12,8,4,10,12,13,13,12,2,1,3,12,13,13,11,13,12,11,1,3,4,7,12,11,12,12,,,2,3,,,12,11,10,12,11,12,12,12,12,12,4,2,11,10,10,12,13,12,11,13,11,3,12,12,,1,,,b'\x11\xe8\xe1I\xc8Ye\x18\xaf\x82\x12\xdf\x17\xaeN\x1e'
11E8E149-C859-6518-AF82-12DF17AE4E1E,2015-ncaa-d1-natl,ncaa,336,344,143,343,190,234,236,134,302,181,99,297,267,229,309,248,157,129,267,129,192,131,87,314,311,319,235,256,92,140,205,320,347,272,336,257,247,329,286,311,171,230,184,265,,,265,156,,,340,81,17,231,257,253,120,179,81,274,228,149,113,112,106,36,140,340,296,261,327,165,190,,272,,,339,335,335,276,339,345,324,319,81,43,300,7,297,296,208,295,174,291,304,323,327,301,23,18,195,342,347,290,205,323,336,264,67,86,128,146,342,333,273,237,,,134,221,,,340,279,321,323,335,338,339,316,344,342,88,38,301,298,297,331,340,344,292,335,262,64,340,281,,116,,,b'\x11\xe8\xe1I\xc8Ye\x18\xaf\x82\x12\xdf\x17\xaeN\x1e'
11E8E149-C859-6518-AF82-12DF17AE4E1E,2016-ncaa-d0-natl,ncaa,296,318,114,307,124,154,200,98,309,123,47,304,319,269,339,311,13,11,130,11,55,76,39,329,303,313,223,325,2,35,85,234,349,118,310,266,300,344,277,335,148,244,218,266,,,227,72,,,318,53,16,64,171,241,89,127,37,321,278,5,7,7,37,11,18,280,130,296,335,162,229,,211,,,311,336,336,309,299,338,320,282,233,213,252,99,228,288,19,283,155,322,327,290,259,222,70,120,96,349,349,291,85,339,310,319,180,42,113,177,330,260,283,206,,,26,86,,,318,297,291,287,305,332,338,333,337,337,229,208,228,273,271,339,343,349,290,341,318,30,316,287,,11,,,b'\x11\xe8\xe1I\xc8Ye\x18\xaf\x82\x12\xdf\x17\xaeN\x1e'
11E8E149-C859-6518-AF82-12DF17AE4E1E,2016-ncaa-d1-conf-MEAC,ncaa,11,11,4,11,5,3,4,3,9,3,2,9,8,7,12,11,1,1,3,1,2,2,2,10,8,6,6,10,1,5,10,11,13,6,13,8,9,5,2,7,5,10,9,9,,,8,2,,,11,2,1,4,1,4,1,3,2,10,9,1,1,1,1,1,3,13,7,7,7,5,9,,7,,,11,13,13,12,13,13,12,13,13,12,13,9,9,9,5,9,6,12,12,13,13,13,7,10,4,13,13,13,10,13,13,12,6,3,5,9,4,2,11,7,,,1,2,,,11,12,6,13,10,13,13,13,13,12,13,12,9,10,10,12,13,12,13,13,12,2,5,12,,1,,,b'\x11\xe8\xe1I\xc8Ye\x18\xaf\x82\x12\xdf\x17\xaeN\x1e'
11E8E149-C859-6518-AF82-12DF17AE4E1E,2016-ncaa-d1-natl,ncaa,302,317,142,313,156,183,234,126,317,151,57,312,324,279,339,309,19,17,129,17,55,90,51,335,307,316,219,326,2,47,92,266,349,148,317,293,305,342,280,337,170,255,233,270,,,203,74,,,321,64,17,62,183,253,91,141,41,322,278,5,8,7,41,13,23,285,135,307,337,172,230,,212,,,317,332,333,301,310,333,313,290,220,196,254,94,213,273,21,269,157,312,317,298,272,232,66,117,98,349,349,278,92,337,317,314,181,51,119,191,323,266,281,217,,,35,81,,,321,286,300,297,313,335,339,333,338,338,230,207,230,278,277,340,343,349,293,341,318,35,317,294,,10,,,b'\x11\xe8\xe1I\xc8Ye\x18\xaf\x82\x12\xdf\x17\xaeN\x1e'
11E8E149-C859-6518-AF82-12DF17AE4E1E,2017-ncaa-d0-natl,ncaa,150,111,234,137,290,205,206,174,247,143,123,218,285,245,329,261,108,88,261,92,106,157,110,281,275,289,265,301,54,54,45,192,324,116,170,220,213,316,290,283,87,99,70,66,,,199,144,,,178,151,17,348,160,170,76,101,53,284,227,63,37,38,53,13,20,126,35,196,328,58,50,,255,,,178,108,89,172,59,88,179,48,157,165,171,159,207,249,24,246,244,189,240,74,60,28,250,201,240,334,324,114,45,242,170,171,273,49,43,66,315,301,281,245,,,126,178,,,178,190,257,73,184,194,157,264,143,253,203,205,241,291,288,296,338,345,180,306,224,23,329,300,,55,,,b'\x11\xe8\xe1I\xc8Ye\x18\xaf\x82\x12\xdf\x17\xaeN\x1e'
11E8E149-C859-6518-AF82-12DF17AE4E1E,2017-ncaa-d1-conf-MEAC,ncaa,3,2,8,3,10,5,4,5,1,3,5,1,10,8,9,11,5,7,3,7,10,5,7,2,2,2,11,11,11,5,2,6,10,5,5,3,5,8,6,3,6,6,5,6,,,4,5,,,3,7,2,5,1,1,1,1,2,10,7,5,6,6,2,2,4,2,3,2,10,5,4,,6,,,3,5,7,8,3,4,6,4,10,9,4,12,4,4,6,4,5,6,7,5,5,4,10,11,4,12,10,2,2,6,5,10,13,5,4,9,8,9,7,6,,,5,7,,,3,7,1,6,3,9,10,12,8,9,12,12,7,5,5,12,12,12,3,11,10,4,10,8,,4,,,b'\x11\xe8\xe1I\xc8Ye\x18\xaf\x82\x12\xdf\x17\xaeN\x1e'
11E8E149-C859-6518-AF82-12DF17AE4E1E,2017-ncaa-d1-natl,ncaa,157,111,310,145,334,236,243,212,251,175,150,225,295,257,329,260,126,102,261,106,103,193,145,286,280,295,263,299,53,70,49,234,326,153,187,244,219,302,295,289,104,107,75,69,,,177,151,,,191,199,20,348,168,181,83,106,55,282,226,65,39,40,57,15,20,140,41,203,328,65,50,,255,,,191,75,71,125,70,66,136,52,142,138,180,155,186,238,26,237,245,144,207,75,63,36,244,198,240,330,326,87,49,220,187,147,272,64,50,78,307,304,272,252,,,153,177,,,191,144,266,85,199,200,162,266,154,259,207,205,248,292,290,295,338,345,187,311,236,26,330,301,,56,,,b'\x11\xe8\xe1I\xc8Ye\x18\xaf\x82\x12\xdf\x17\xaeN\x1e'
11E8E149-C859-6518-AF82-12DF17AE4E1E,2018-ncaa-d0-natl,ncaa,222,224,164,228,165,186,210,166,273,183,106,301,238,247,184,284,50,10,338,10,13,108,48,285,288,306,165,250,24,63,130,60,320,44,220,199,169,348,323,320,162,251,12,25,,,338,267,,,273,56,7,12,169,212,123,168,76,228,245,25,2,2,57,6,44,15,8,188,348,151,7,,343,,,272,286,230,311,31,267,328,26,114,156,78,35,344,346,41,346,291,331,326,23,33,71,192,52,330,347,320,273,130,340,220,172,95,146,251,142,318,239,286,247,,,49,120,,,273,302,303,148,260,311,259,345,294,348,137,174,342,343,345,349,348,348,295,345,178,118,315,290,,12,,,b'\x11\xe8\xe1I\xc8Ye\x18\xaf\x82\x12\xdf\x17\xaeN\x1e'
11E8E149-C859-6518-AF82-12DF17AE4E1E,2018-ncaa-d1-conf-MEAC,ncaa,6,5,9,6,9,4,4,10,1,3,10,2,6,9,2,8,7,7,7,7,4,10,8,2,2,4,7,5,9,10,6,2,9,4,5,4,3,12,12,6,10,11,2,2,,,10,9,,,7,6,1,1,1,2,8,2,7,5,8,2,3,4,8,3,9,1,2,3,13,8,2,,12,,,7,7,7,13,3,10,13,3,4,5,2,4,11,11,9,11,6,13,11,4,4,5,3,4,10,12,9,3,6,4,5,3,1,11,12,6,9,8,5,7,,,8,7,,,7,10,4,6,6,10,9,13,11,13,5,8,11,11,11,13,13,12,5,9,3,11,10,8,,6,,,b'\x11\xe8\xe1I\xc8Ye\x18\xaf\x82\x12\xdf\x17\xaeN\x1e'
11E8E149-C859-6518-AF82-12DF17AE4E1E,2018-ncaa-d1-natl,ncaa,231,223,213,233,216,222,250,203,286,212,132,314,254,264,189,283,65,11,339,12,14,138,61,296,293,314,165,246,23,77,140,74,323,51,228,225,171,347,326,327,186,257,13,27,,,328,269,,,284,71,9,11,180,232,126,186,83,227,247,27,2,2,60,7,49,19,8,206,348,162,7,,342,,,284,280,211,307,31,255,327,26,96,134,84,31,341,341,44,342,293,327,321,24,36,81,185,49,324,347,323,248,140,336,228,158,98,164,260,154,305,244,277,253,,,57,116,,,284,287,306,167,275,318,267,345,296,348,137,176,342,343,345,349,348,348,299,346,180,126,316,299,,13,,,b'\x11\xe8\xe1I\xc8Ye\x18\xaf\x82\x12\xdf\x17\xaeN\x1e'
11E8E149-C859-6518-AF82-12DF17AE4E1E,2019-ncaa-d0-natl,ncaa,125,109,114,126,146,82,123,56,269,128,64,279,132,112,212,207,9,3,277,3,15,37,24,258,238,231,89,199,16,11,26,84,246,31,100,150,208,323,195,246,48,90,36,51,,,348,294,,,123,37,3,165,67,121,27,133,63,131,113,6,2,2,4,3,7,57,7,151,306,41,29,,339,,,123,261,187,272,71,197,296,47,167,170,171,71,344,344,94,346,312,305,322,63,82,57,267,106,327,318,246,289,26,318,100,225,231,24,69,61,234,94,136,72,,,12,58,,,123,318,183,68,118,252,173,293,179,304,150,159,332,337,337,335,346,316,284,316,208,28,215,125,,4,,,b'\x11\xe8\xe1I\xc8Ye\x18\xaf\x82\x12\xdf\x17\xaeN\x1e'
11E8E149-C859-6518-AF82-12DF17AE4E1E,2019-ncaa-d1-conf-MEAC,ncaa,5,4,3,5,3,1,1,1,4,3,5,3,2,2,7,3,1,1,3,1,1,1,1,3,2,1,3,2,3,1,2,4,5,2,3,4,7,10,2,4,3,6,1,1,,,11,10,,,4,1,1,5,1,1,1,4,4,2,2,1,1,1,1,1,1,2,2,4,9,3,1,,11,,,4,11,10,11,5,8,12,4,9,6,9,4,11,11,10,11,8,12,12,7,7,7,8,6,9,7,5,9,2,8,3,12,10,3,7,8,6,3,2,2,,,2,2,,,4,12,2,5,4,10,9,12,7,11,9,5,11,11,11,12,12,8,8,9,12,4,6,2,,2,,,b'\x11\xe8\xe1I\xc8Ye\x18\xaf\x82\x12\xdf\x17\xaeN\x1e'
11E8E149-C859-6518-AF82-12DF17AE4E1E,2019-ncaa-d1-natl,ncaa,135,108,155,130,190,103,153,74,281,155,87,290,146,121,215,206,17,5,277,4,14,48,35,269,245,245,88,199,13,15,30,101,253,40,114,178,216,302,199,256,65,100,40,50,,,338,293,,,140,50,5,155,73,129,28,146,65,132,117,6,3,3,7,2,8,61,10,161,306,49,29,,341,,,142,239,157,247,80,168,274,53,146,140,185,63,335,337,99,339,313,287,313,68,92,61,265,102,331,303,253,264,30,305,114,210,237,48,77,75,220,100,120,80,,,19,58,,,140,308,198,84,140,260,184,295,197,308,155,155,338,336,338,337,344,319,289,318,221,34,220,133,,4,,,b'\x11\xe8\xe1I\xc8Ye\x18\xaf\x82\x12\xdf\x17\xaeN\x1e'
11E8E149-C859-6518-AF82-12DF17AE4E1E,2020-ncaa-d0-natl,ncaa,140,170,33,167,71,73,130,40,267,116,35,293,167,171,153,256,4,2,239,2,29,13,3,270,239,277,118,227,11,7,27,35,325,10,132,180,250,351,318,322,54,145,10,24,,,351,293,,,178,5,8,240,112,187,75,164,62,195,202,10,5,5,24,3,7,59,10,235,347,79,13,,341,,,178,305,284,336,76,307,347,69,107,149,76,44,340,351,7,351,279,350,350,56,56,41,118,49,296,350,325,272,27,343,132,267,200,13,94,79,344,291,189,99,,,10,138,,,178,349,244,85,177,258,232,318,273,342,86,106,314,338,338,343,351,348,189,322,231,31,334,149,,21,,,b'\x11\xe8\xe1I\xc8Ye\x18\xaf\x82\x12\xdf\x17\xaeN\x1e'
11E8E149-C859-6518-AF82-12DF17AE4E1E,2020-ncaa-d1-conf-MEAC,ncaa,6,7,1,7,1,1,3,1,6,4,1,7,4,4,4,8,1,1,1,1,4,1,1,7,4,6,3,6,2,1,1,2,9,1,4,5,8,11,9,8,2,6,1,1,,,11,9,,,6,1,1,8,3,5,1,5,4,4,5,1,2,2,1,1,1,4,2,5,10,3,1,,10,,,6,11,10,11,7,10,11,4,9,8,11,4,10,11,4,11,6,11,11,6,6,5,6,6,4,11,9,8,1,9,4,11,9,2,5,8,11,7,6,2,,,1,7,,,6,11,5,8,6,11,10,11,9,11,8,7,8,10,10,11,11,11,4,8,11,5,10,6,,2,,,b'\x11\xe8\xe1I\xc8Ye\x18\xaf\x82\x12\xdf\x17\xaeN\x1e'
11E8E149-C859-6518-AF82-12DF17AE4E1E,2020-ncaa-d1-natl,ncaa,150,170,45,170,96,90,165,56,272,142,51,304,177,185,159,257,7,4,241,3,27,26,5,274,248,285,114,225,9,7,28,52,324,12,145,215,258,351,322,325,69,157,12,26,,,348,296,,,197,7,9,230,120,194,79,177,65,198,204,10,6,6,29,3,8,66,11,251,347,90,13,,341,,,197,287,269,331,82,297,344,75,95,133,78,44,331,348,8,350,281,349,348,58,60,47,114,46,297,350,324,250,28,337,145,256,202,22,107,90,340,289,179,105,,,13,135,,,197,348,252,93,194,266,244,321,284,342,88,108,317,337,337,344,350,348,197,323,234,35,335,157,,22,,,b'\x11\xe8\xe1I\xc8Ye\x18\xaf\x82\x12\xdf\x17\xaeN\x1e'
11E8E149-C859-6518-AF82-12DF17AE4E1E,2021-ncaa-d0-natl,ncaa,71,20,248,26,268,210,254,232,276,225,204,267,266,246,283,273,38,18,292,19,3,194,191,280,250,251,109,288,2,68,29,175,283,143,93,272,259,191,227,297,165,145,37,17,,,187,252,,,81,221,9,224,117,213,107,155,84,256,229,2,1,1,21,9,10,28,7,256,307,74,14,,317,,,70,79,71,130,6,80,125,15,87,159,7,209,138,145,153,137,175,130,146,6,10,6,234,156,278,263,283,108,29,155,93,77,181,102,66,27,80,71,153,165,,,93,9,,,81,130,204,14,68,88,60,303,80,252,123,272,222,237,226,312,340,336,231,319,111,16,144,213,,2,,,b'\x11\xe8\xe1I\xc8Ye\x18\xaf\x82\x12\xdf\x17\xaeN\x1e'
11E8E149-C859-6518-AF82-12DF17AE4E1E,2021-ncaa-d1-conf-MEAC,ncaa,2,3,1,2,1,2,2,2,3,2,2,3,3,3,5,7,1,1,7,1,1,1,1,3,4,3,4,7,2,1,2,1,2,1,1,2,8,7,4,5,3,4,1,2,,,8,6,,,2,1,3,1,2,3,4,4,4,6,5,1,1,1,2,2,1,1,1,6,4,4,3,,6,,,2,7,7,8,2,7,7,2,8,8,2,7,7,8,4,7,4,8,8,2,2,2,6,5,4,7,2,8,2,8,1,8,4,2,4,4,6,3,5,2,,,1,1,,,2,8,3,2,2,3,4,6,4,5,4,7,2,2,2,5,6,2,4,4,4,4,4,2,,1,,,b'\x11\xe8\xe1I\xc8Ye\x18\xaf\x82\x12\xdf\x17\xaeN\x1e'
11E8E149-C859-6518-AF82-12DF17AE4E1E,2021-ncaa-d1-natl,ncaa,74,20,259,26,275,224,267,247,278,245,225,273,273,256,290,273,47,19,291,20,3,214,211,284,257,257,107,287,1,76,32,195,284,157,100,283,260,177,230,304,180,154,39,18,,,175,254,,,86,229,11,225,122,223,112,164,86,255,229,2,1,1,23,9,11,31,8,264,308,80,15,,318,,,72,74,66,115,7,75,114,16,83,145,9,208,128,132,155,125,179,115,131,7,11,6,234,154,280,258,284,102,32,140,100,73,181,118,67,30,72,70,143,165,,,109,9,,,86,120,208,14,72,94,65,303,83,253,123,272,226,240,228,313,340,338,231,320,113,17,146,218,,2,,,b'\x11\xe8\xe1I\xc8Ye\x18\xaf\x82\x12\xdf\x17\xaeN\x1e'
11E8E149-C859-6518-AF82-12DF17AE4E1E,2022-ncaa-d0-natl,ncaa,79,67,112,75,131,163,185,108,324,149,85,287,275,183,349,247,43,9,321,9,29,80,67,335,322,305,217,295,12,31,56,101,237,61,120,232,260,292,185,279,70,98,78,76,,,294,232,,,152,88,54,139,199,245,85,171,82,292,203,33,6,7,29,24,23,97,26,270,263,78,77,,281,,,153,157,77,232,10,83,197,24,132,257,14,204,335,330,222,331,320,257,278,11,30,22,303,138,344,308,237,276,56,306,120,103,163,51,96,36,249,153,154,92,,,64,135,,,152,267,264,35,157,111,44,199,55,160,107,248,322,318,317,257,309,291,266,288,75,50,222,134,,53,,,b'\x11\xe8\xe1I\xc8Ye\x18\xaf\x82\x12\xdf\x17\xaeN\x1e'
11E8E149-C859-6518-AF82-12DF17AE4E1E,2022-ncaa-d1-conf-MEAC,ncaa,1,1,1,1,1,1,1,1,1,1,3,1,3,3,6,4,1,1,4,1,1,1,1,1,1,1,4,5,2,3,3,1,3,1,2,1,2,4,4,1,4,5,3,3,,,5,3,,,2,1,4,3,1,2,4,2,4,4,4,1,1,1,3,3,3,3,2,1,4,5,3,,3,,,2,4,4,7,2,3,5,3,5,7,2,6,6,6,5,5,4,7,7,2,2,2,6,5,5,4,3,5,3,4,2,6,5,4,4,3,4,3,5,3,,,1,2,,,2,8,1,2,2,3,3,5,3,3,5,7,3,4,4,4,3,2,3,2,5,4,3,2,,2,,,b'\x11\xe8\xe1I\xc8Ye\x18\xaf\x82\x12\xdf\x17\xaeN\x1e'
11E8E149-C859-6518-AF82-12DF17AE4E1E,2022-ncaa-d1-natl,ncaa,74,67,100,76,124,157,191,97,320,134,73,285,267,179,348,249,35,8,317,8,28,65,53,329,318,299,216,290,14,28,58,91,227,43,120,248,288,284,175,287,73,112,77,78,,,311,246,,,144,76,54,145,192,229,77,150,78,284,205,34,7,7,28,23,25,89,27,284,250,82,76,,292,,,149,158,77,240,9,87,209,24,128,262,15,194,333,335,192,334,324,285,299,9,30,24,301,140,346,310,227,281,58,317,120,110,164,60,108,40,234,138,158,87,,,61,147,,,144,278,259,37,154,114,45,205,56,172,107,238,326,323,322,262,309,283,261,280,79,67,210,141,,54,,,b'\x11\xe8\xe1I\xc8Ye\x18\xaf\x82\x12\xdf\x17\xaeN\x1e'
11E8E149-C859-6518-AF82-12DF17AE4E1E,2022-ncaa-d1-ncaatournament,ncaa,17,2,17,17,18,39,38,25,65,35,20,63,65,34,67,56,36,28,67,28,51,26,23,68,67,66,66,66,20,18,37,25,52,22,54,52,66,48,45,66,21,30,28,30,,,36,3,,,68,28,33,5,66,66,32,59,14,66,54,58,39,38,33,27,18,28,18,65,43,26,30,,9,,,59,44,43,48,12,40,40,27,37,52,8,58,46,43,57,43,39,47,47,13,16,19,46,39,45,51,52,56,37,54,54,46,46,27,39,36,49,44,39,37,,,35,59,,,68,44,66,24,59,27,22,55,21,22,33,60,41,29,28,53,51,57,63,62,38,34,45,41,,58,,,b'\x11\xe8\xe1I\xc8Ye\x18\xaf\x82\x12\xdf\x17\xaeN\x1e'
11E8E149-C859-6518-AF82-12DF17AE4E1E,2023-ncaa-d0-natl,ncaa,153,139,164,155,201,242,280,164,342,310,206,353,151,143,191,141,148,109,297,112,73,143,157,319,316,285,49,98,69,134,213,162,312,136,284,220,106,153,148,211,184,208,108,74,,,253,217,,,203,169,125,188,267,311,138,328,194,148,125,135,82,87,120,127,126,131,105,225,175,172,93,,274,,,204,81,53,185,23,39,100,59,182,285,32,296,230,298,3,294,312,211,237,28,30,23,314,255,287,341,312,311,213,336,284,71,162,83,88,36,114,119,179,182,,,114,84,,,203,207,287,47,187,89,56,215,46,90,199,311,236,303,299,266,315,346,335,344,78,58,137,186,,94,,,b'\x11\xe8\xe1I\xc8Ye\x18\xaf\x82\x12\xdf\x17\xaeN\x1e'
11E8E149-C859-6518-AF82-12DF17AE4E1E,2023-ncaa-d1-conf-MEAC,ncaa,2,2,1,2,2,3,3,3,5,5,5,6,1,2,1,2,4,4,7,4,5,3,4,1,3,3,2,2,8,6,6,1,3,2,5,1,1,3,2,1,4,5,1,2,,,7,5,,,2,3,7,8,5,5,6,5,6,1,2,6,4,4,6,6,6,2,4,2,1,5,1,,6,,,3,5,4,7,2,4,6,2,4,6,2,5,6,6,2,6,4,7,6,2,2,2,6,5,4,7,3,8,6,8,5,1,1,4,6,2,2,2,2,3,,,2,3,,,2,6,3,2,2,2,2,5,3,5,4,4,4,6,5,6,5,6,6,7,1,5,2,1,,4,,,b'\x11\xe8\xe1I\xc8Ye\x18\xaf\x82\x12\xdf\x17\xaeN\x1e'
11E8E149-C859-6518-AF82-12DF17AE4E1E,2023-ncaa-d1-natl,ncaa,167,138,219,159,262,283,312,213,343,332,238,354,171,162,193,140,173,134,300,135,72,191,218,328,327,297,45,97,61,161,222,197,325,175,299,253,107,121,150,224,212,224,114,75,,,232,225,,,219,236,129,178,278,322,155,334,199,148,127,135,86,89,130,135,135,144,119,241,178,183,95,,276,,,221,56,39,138,23,31,66,64,170,274,32,295,215,283,3,278,316,171,204,31,31,23,315,254,285,340,325,298,222,326,299,55,165,107,98,45,96,120,164,193,,,148,81,,,219,150,295,57,205,102,63,214,51,93,213,311,243,306,302,267,314,348,338,349,86,69,137,197,,96,,,b'\x11\xe8\xe1I\xc8Ye\x18\xaf\x82\x12\xdf\x17\xaeN\x1e'
11E8E149-C859-6518-AF82-12DF17AE4E1E,2024-ncaa-d0-natl,ncaa,171,176,143,182,157,242,279,185,340,261,137,350,260,258,242,272,70,43,281,42,52,153,136,338,322,310,113,242,14,93,166,127,236,112,207,280,226,244,207,290,72,63,137,98,,,248,228,,,148,158,172,105,280,330,232,302,135,269,265,55,29,29,155,136,86,110,79,310,231,70,149,,244,,,149,47,10,124,2,10,61,5,163,249,27,289,298,310,79,316,338,162,224,5,12,4,353,274,348,267,236,303,166,307,207,57,239,47,45,16,175,163,292,273,,,85,70,,,148,208,297,9,147,29,2,78,3,24,165,251,287,306,309,135,241,274,301,303,48,40,169,307,,68,,,b'\x11\xe8\xe1I\xc8Ye\x18\xaf\x82\x12\xdf\x17\xaeN\x1e'
11E8E149-C859-6518-AF82-12DF17AE4E1E,2024-ncaa-d1-conf-MEAC,ncaa,2,2,1,2,1,2,2,2,4,3,2,5,3,3,2,5,1,1,2,1,2,2,2,4,2,3,2,3,2,1,5,2,3,2,5,3,3,5,3,3,2,3,3,4,,,7,6,,,2,2,3,3,3,4,5,5,5,3,4,1,1,1,3,3,3,2,3,3,3,2,3,,5,,,2,5,4,6,3,4,4,4,6,8,2,6,7,7,1,7,7,7,7,3,3,2,7,6,5,6,3,8,5,7,5,4,4,2,2,2,4,3,6,5,,,1,2,,,2,7,3,2,2,2,2,4,2,2,5,7,5,5,5,5,5,5,7,6,3,2,3,6,,1,,,b'\x11\xe8\xe1I\xc8Ye\x18\xaf\x82\x12\xdf\x17\xaeN\x1e'
11E8E149-C859-6518-AF82-12DF17AE4E1E,2024-ncaa-d1-natl,ncaa,190,177,194,197,209,286,326,240,348,306,176,356,282,278,251,274,83,57,282,55,51,200,188,350,339,325,110,240,10,122,181,157,245,145,220,307,236,210,215,305,87,73,156,105,,,230,239,,,175,216,182,101,297,341,244,318,140,276,272,56,32,29,168,144,100,120,91,322,233,76,150,,251,,,178,23,5,78,3,6,39,7,144,234,32,288,285,300,86,306,341,115,180,5,16,8,356,275,350,257,245,282,181,289,220,43,243,65,54,22,154,175,285,283,,,103,61,,,175,156,317,16,172,36,3,82,3,24,171,253,300,311,316,137,241,280,308,314,55,46,177,312,,66,,,b'\x11\xe8\xe1I\xc8Ye\x18\xaf\x82\x12\xdf\x17\xaeN\x1e'
11E8E149-C859-6518-AF82-12DF17AE4E1E,2025-ncaa-d0-natl,genius_ncaa,71,91,29,89,51,94,102,39,258,92,40,287,158,137,207,244,42,27,297,27,103,37,34,263,265,223,169,225,75,19,50,50,287,27,159,143,221,263,96,176,70,116,40,33,,,302,149,,44,91,49,123,269,146,175,71,166,86,208,194,68,38,41,59,64,26,109,30,201,143,104,54,,187,,28,96,209,130,285,10,81,243,15,254,307,75,235,339,348,67,347,334,307,330,14,26,20,332,252,343,352,287,338,50,351,159,223,294,31,69,62,304,179,179,62,,,44,158,,183,91,315,161,35,96,74,27,135,19,91,166,237,291,315,315,193,288,320,265,304,118,57,221,112,,97,,236,b'\x11\xe8\xe1I\xc8Ye\x18\xaf\x82\x12\xdf\x17\xaeN\x1e'
11E8E149-C859-6518-AF82-12DF17AE4E1E,2025-ncaa-d1-conf-MEAC,genius_ncaa,2,2,1,2,1,2,2,2,2,2,2,6,3,3,1,4,2,3,4,3,5,2,1,2,2,2,2,2,6,2,3,1,4,1,2,2,2,4,3,3,2,3,3,3,,,6,4,,3,2,2,4,3,2,2,3,5,3,3,3,3,4,4,2,4,3,2,2,2,3,4,3,,4,,3,2,3,3,7,1,2,4,1,5,8,2,6,7,6,6,6,7,7,6,1,2,2,7,7,7,6,4,5,3,6,2,2,5,3,3,3,5,4,3,2,,,3,5,,4,2,7,2,2,2,2,3,3,2,3,4,5,3,3,4,4,3,4,4,3,2,4,4,1,,4,,5,b'\x11\xe8\xe1I\xc8Ye\x18\xaf\x82\x12\xdf\x17\xaeN\x1e'
11E8E149-C859-6518-AF82-12DF17AE4E1E,2025-ncaa-d1-natl,genius_ncaa,78,91,43,93,66,110,122,53,268,113,51,299,176,155,208,246,49,34,299,35,98,45,45,277,275,228,161,226,72,22,58,64,299,33,174,162,226,234,100,187,85,126,43,33,,,286,157,,35,105,67,134,269,163,191,78,181,86,210,197,73,39,42,61,68,28,118,33,213,144,115,53,,190,,27,106,189,107,266,12,61,220,17,245,299,86,232,335,343,66,343,333,298,321,17,30,28,332,253,342,351,299,332,58,348,174,212,299,42,83,71,288,186,162,68,,,58,147,,189,105,298,181,49,106,82,30,138,23,94,173,237,300,316,320,198,285,326,276,310,126,66,221,114,,95,,235,b'\x11\xe8\xe1I\xc8Ye\x18\xaf\x82\x12\xdf\x17\xaeN\x1e'
11E8E149-C859-6518-AF82-12DF17AE4E1E,2026-ncaa-d0-natl,genius_ncaa,55,198,2,146,4,48,58,15,210,40,4,268,177,185,177,347,13,11,130,11,161,9,10,260,228,173,275,325,51,33,196,36,267,31,243,98,272,260,58,145,22,68,27,61,,,322,70,,153,164,9,238,97,191,199,167,129,39,318,343,67,74,70,133,221,164,217,180,249,52,64,67,,87,,57,168,353,358,355,175,352,340,260,318,354,53,278,249,273,102,282,114,355,361,168,141,112,104,179,79,359,267,360,196,363,243,348,215,17,99,145,287,102,346,164,,,19,155,,127,164,355,165,145,159,131,186,191,198,118,155,268,70,84,89,149,197,277,237,276,202,111,96,248,,181,,234,b'\x11\xe8\xe1I\xc8Ye\x18\xaf\x82\x12\xdf\x17\xaeN\x1e'
11E8E149-C859-6518-AF82-12DF17AE4E1E,2026-ncaa-d1-natl,genius_ncaa,74,195,2,165,6,62,80,23,250,47,6,295,240,243,193,348,14,14,126,13,157,17,21,292,257,207,268,327,43,53,234,46,291,44,284,143,289,205,63,167,36,94,34,67,,,297,75,,125,201,16,248,100,231,235,197,156,49,327,347,73,84,73,157,244,192,244,224,288,55,85,74,,94,,64,203,343,351,351,216,347,332,292,308,348,65,275,217,244,112,250,120,350,358,201,171,153,95,179,72,352,291,353,234,359,284,338,218,33,135,196,239,108,338,189,,,26,140,,149,201,349,202,192,201,165,221,198,234,124,174,273,82,91,97,162,191,289,251,289,232,140,95,267,,180,,234,b'\x11\xe8\xe1I\xc8Ye\x18\xaf\x82\x12\xdf\x17\xaeN\x1e'
11E8E149-C85D-C2E8-AF82-12DF17AE4E1E,2010-ncaa-d0-natl,ncaa,338,335,288,338,316,330,323,329,281,287,294,229,340,318,344,269,289,259,288,259,145,329,299,303,304,335,302,322,68,286,208,317,274,314,254,340,308,328,342,343,218,164,124,82,,,140,269,,,339,299,159,283,333,329,331,253,247,333,303,255,206,208,327,214,248,291,291,342,341,165,91,,258,,,339,175,145,57,318,134,70,280,201,94,335,156,242,214,271,217,280,77,51,322,332,333,249,210,254,108,274,30,208,43,254,282,320,284,225,319,310,336,37,100,,,261,130,,,339,43,335,335,339,309,282,155,234,162,275,168,304,283,287,209,177,228,112,160,330,230,328,70,,170,,,b'\x11\xe8\xe1I\xc8]\xc2\xe8\xaf\x82\x12\xdf\x17\xaeN\x1e'
11E8E149-C85D-C2E8-AF82-12DF17AE4E1E,2010-ncaa-d1-conf-Summit League,ncaa,9,9,9,9,9,9,9,9,7,8,8,8,10,9,9,9,8,5,9,6,5,9,9,8,8,9,8,9,2,7,6,9,8,9,6,10,10,9,9,9,5,4,2,1,,,4,8,,,9,10,6,8,8,8,9,7,6,10,9,7,5,5,9,7,6,8,7,10,9,3,2,,7,,,9,4,4,1,9,5,2,8,5,5,7,5,6,6,7,6,6,3,1,8,9,8,6,5,9,5,8,1,6,2,6,8,8,7,7,9,9,9,2,5,,,9,4,,,9,1,9,8,9,7,7,6,7,6,5,5,9,8,8,6,6,7,3,5,8,7,9,4,,4,,,b'\x11\xe8\xe1I\xc8]\xc2\xe8\xaf\x82\x12\xdf\x17\xaeN\x1e'
11E8E149-C85D-C2E8-AF82-12DF17AE4E1E,2010-ncaa-d1-natl,ncaa,338,335,276,339,310,332,328,333,285,284,291,232,337,315,344,272,262,222,298,222,95,329,292,305,303,335,292,321,52,283,231,313,275,316,264,341,309,331,343,343,185,138,107,70,,,166,264,,,339,283,157,285,332,330,335,258,249,334,304,230,171,170,328,219,262,290,297,342,340,137,76,,253,,,339,204,159,69,301,137,79,264,231,123,334,176,249,222,271,222,280,91,68,314,325,329,265,226,252,132,275,49,231,58,264,296,321,254,201,311,317,336,39,98,,,228,94,,,339,61,336,329,339,302,267,152,211,150,282,177,301,278,279,204,180,227,127,177,328,206,329,71,,143,,,b'\x11\xe8\xe1I\xc8]\xc2\xe8\xaf\x82\x12\xdf\x17\xaeN\x1e'
11E8E149-C85D-C2E8-AF82-12DF17AE4E1E,2011-ncaa-d0-natl,ncaa,330,320,319,330,325,324,298,321,225,266,292,196,288,268,290,172,339,339,313,338,335,325,321,242,280,302,305,198,333,331,323,330,141,337,317,258,137,197,317,269,187,99,288,259,,,129,299,,,323,306,113,257,307,251,241,199,201,257,217,340,338,337,292,234,319,317,333,195,300,100,275,,278,,,322,98,71,10,337,149,21,339,28,26,139,70,269,235,286,232,318,14,21,331,339,318,108,31,310,4,141,107,323,29,317,120,229,211,75,179,293,333,122,212,,,330,290,,,323,37,325,285,324,273,221,41,290,100,65,49,325,315,313,99,128,33,287,177,247,101,332,209,,296,,,b'\x11\xe8\xe1I\xc8]\xc2\xe8\xaf\x82\x12\xdf\x17\xaeN\x1e'
11E8E149-C85D-C2E8-AF82-12DF17AE4E1E,2011-ncaa-d1-conf-Summit League,ncaa,9,9,9,9,9,9,8,9,7,9,7,7,7,9,7,6,10,10,10,10,10,9,9,6,8,8,10,4,10,8,7,9,7,9,8,8,5,9,9,9,5,2,8,8,,,7,10,,,9,9,6,5,9,8,7,6,6,7,9,10,10,10,9,6,5,9,9,8,9,2,8,,9,,,9,3,1,1,9,2,1,9,1,1,2,1,10,10,6,10,10,1,1,8,9,9,7,1,10,1,7,3,7,1,8,3,8,6,3,4,9,9,2,5,,,10,9,,,9,1,8,8,9,7,5,1,8,1,1,2,10,10,10,4,5,5,7,6,7,2,9,6,,10,,,b'\x11\xe8\xe1I\xc8]\xc2\xe8\xaf\x82\x12\xdf\x17\xaeN\x1e'
11E8E149-C85D-C2E8-AF82-12DF17AE4E1E,2011-ncaa-d1-natl,ncaa,328,320,321,328,335,324,287,321,213,257,282,182,290,267,295,173,340,339,319,339,335,331,318,234,279,306,308,203,335,331,324,335,133,339,318,251,121,208,317,261,189,104,282,247,,,160,302,,,322,304,124,260,305,246,243,192,199,260,217,341,339,338,295,241,317,320,334,188,293,109,268,,280,,,324,121,93,6,339,158,17,339,37,22,190,75,272,252,272,253,321,12,17,336,340,324,118,41,302,2,133,115,324,32,318,142,234,199,70,179,308,334,125,208,,,330,289,,,322,35,323,289,324,272,226,34,280,89,83,53,319,310,311,86,120,28,282,165,252,101,332,201,,302,,,b'\x11\xe8\xe1I\xc8]\xc2\xe8\xaf\x82\x12\xdf\x17\xaeN\x1e'
11E8E149-C85D-C2E8-AF82-12DF17AE4E1E,2012-ncaa-d0-natl,ncaa,238,248,163,250,198,230,215,174,258,174,149,233,247,193,307,182,246,243,160,241,277,189,188,273,277,264,253,235,196,229,282,216,90,232,249,207,165,135,177,195,80,57,140,108,,,201,246,,,198,173,116,189,240,208,141,153,131,243,188,243,251,244,165,174,229,215,233,200,168,60,126,,236,,,199,116,80,72,187,102,83,205,110,119,125,178,247,176,338,164,233,75,148,180,226,129,224,133,289,54,90,280,282,185,249,204,299,62,31,100,62,85,193,175,,,206,200,,,198,176,278,98,196,154,116,73,126,83,130,139,266,204,189,85,173,54,308,221,229,37,90,201,,188,,,b'\x11\xe8\xe1I\xc8]\xc2\xe8\xaf\x82\x12\xdf\x17\xaeN\x1e'
11E8E149-C85D-C2E8-AF82-12DF17AE4E1E,2012-ncaa-d1-conf-Summit League,ncaa,6,6,4,6,5,6,5,5,7,4,4,5,6,6,8,6,8,7,7,7,7,5,5,7,8,7,8,7,5,3,4,7,4,6,5,6,7,6,7,7,3,2,2,2,,,4,5,,,4,5,5,3,6,5,4,3,4,6,6,8,7,6,5,5,2,6,6,6,7,3,2,,4,,,4,1,1,2,5,2,3,4,1,2,3,3,4,4,6,3,4,1,4,3,6,3,4,4,5,2,4,4,4,3,5,5,7,3,2,4,2,3,1,2,,,6,6,,,4,4,7,3,4,2,1,2,2,3,1,2,5,5,4,1,4,2,4,3,6,2,2,2,,6,,,b'\x11\xe8\xe1I\xc8]\xc2\xe8\xaf\x82\x12\xdf\x17\xaeN\x1e'
11E8E149-C85D-C2E8-AF82-12DF17AE4E1E,2012-ncaa-d1-natl,ncaa,208,247,90,236,115,181,153,112,227,120,98,196,225,168,300,190,204,220,135,212,275,123,121,247,258,246,260,242,202,189,260,139,77,174,214,134,123,191,176,160,43,48,121,103,,,237,226,,,167,100,120,215,213,182,144,134,131,242,193,240,252,244,167,179,219,200,219,156,169,50,127,,212,,,169,153,116,130,143,141,125,184,109,156,68,186,269,189,333,178,211,137,215,134,191,91,193,113,284,81,77,305,260,230,214,231,295,31,28,84,116,99,207,152,,,159,206,,,167,249,259,63,162,112,95,71,114,74,102,141,242,175,163,76,161,47,284,187,216,33,105,184,,196,,,b'\x11\xe8\xe1I\xc8]\xc2\xe8\xaf\x82\x12\xdf\x17\xaeN\x1e'
11E8E149-C85D-C2E8-AF82-12DF17AE4E1E,2013-ncaa-d0-natl,ncaa,113,86,183,105,218,201,193,213,166,143,185,104,268,208,332,201,149,104,281,94,71,193,167,203,213,237,262,268,105,96,51,277,48,205,55,217,217,250,249,255,105,57,182,122,,,282,331,,,127,192,158,179,198,179,198,121,167,270,199,124,74,70,165,119,66,288,180,220,268,81,180,,304,,,127,63,46,12,266,102,29,305,18,44,25,107,287,277,251,271,334,29,87,227,273,125,141,22,325,7,48,69,51,19,55,53,121,50,7,23,180,180,190,200,,,80,45,,,127,149,199,68,128,92,64,5,127,22,19,50,292,284,281,20,91,12,88,32,72,20,194,208,,32,,,b'\x11\xe8\xe1I\xc8]\xc2\xe8\xaf\x82\x12\xdf\x17\xaeN\x1e'
11E8E149-C85D-C2E8-AF82-12DF17AE4E1E,2013-ncaa-d1-conf-Summit League,ncaa,2,2,3,2,4,4,4,4,6,3,4,4,7,6,9,7,3,1,8,1,2,3,2,6,7,7,5,9,3,1,1,4,2,3,2,5,5,9,8,8,2,1,7,6,,,9,9,,,3,3,4,3,6,7,7,4,5,8,6,3,1,1,4,1,1,5,1,6,9,2,7,,9,,,3,3,2,2,5,4,3,7,1,1,1,3,9,9,3,9,9,2,6,4,5,3,3,1,9,1,2,3,1,1,2,1,1,1,1,1,7,7,5,4,,,1,3,,,3,7,6,2,3,2,1,1,5,1,1,1,9,9,9,1,2,1,3,2,1,1,7,5,,1,,,b'\x11\xe8\xe1I\xc8]\xc2\xe8\xaf\x82\x12\xdf\x17\xaeN\x1e'
11E8E149-C85D-C2E8-AF82-12DF17AE4E1E,2013-ncaa-d1-natl,ncaa,94,86,90,94,111,133,122,121,133,88,118,89,229,172,317,198,124,81,281,75,96,110,85,165,181,201,255,254,148,49,36,202,34,111,36,149,207,290,235,222,59,47,160,115,,,306,318,,,96,102,133,210,147,131,154,91,146,247,190,137,82,77,142,89,49,262,142,167,270,68,177,,292,,,92,106,62,29,232,130,48,281,28,76,21,122,297,297,223,298,333,58,182,195,247,79,164,30,325,12,34,120,36,43,36,58,110,20,5,13,215,169,207,172,,,51,67,,,96,229,162,46,101,75,47,4,96,20,22,59,284,277,277,18,105,10,87,30,56,12,193,193,,42,,,b'\x11\xe8\xe1I\xc8]\xc2\xe8\xaf\x82\x12\xdf\x17\xaeN\x1e'
11E8E149-C85D-C2E8-AF82-12DF17AE4E1E,2014-ncaa-d0-natl,ncaa,78,57,131,70,145,132,108,208,32,71,142,41,240,273,137,279,145,112,284,100,110,182,155,60,76,114,293,285,187,105,34,268,73,200,40,162,219,251,251,213,117,80,162,110,,,289,334,,,73,182,229,122,128,86,241,55,138,255,274,146,94,85,210,184,111,305,225,167,247,127,164,,294,,,71,87,52,27,217,82,42,260,56,87,70,148,282,261,302,262,324,40,109,194,259,126,227,79,322,17,73,20,34,10,40,65,152,63,16,26,290,285,78,57,,,58,27,,,73,154,91,77,72,62,38,5,70,14,50,70,280,258,260,14,52,11,15,7,61,49,277,66,,36,,,b'\x11\xe8\xe1I\xc8]\xc2\xe8\xaf\x82\x12\xdf\x17\xaeN\x1e'
11E8E149-C85D-C2E8-AF82-12DF17AE4E1E,2014-ncaa-d1-conf-Summit League,ncaa,2,2,3,2,3,4,3,4,2,2,2,4,7,8,1,8,5,3,8,3,6,3,3,3,6,6,8,8,5,2,1,5,2,4,2,4,6,7,6,6,1,2,4,3,,,6,6,,,1,3,8,3,5,3,5,1,2,7,8,5,3,3,5,5,2,7,3,5,5,3,4,,5,,,1,3,2,1,2,3,3,2,2,2,2,3,5,5,7,5,7,2,4,2,2,1,5,3,8,2,2,1,1,2,2,1,4,1,1,1,6,5,5,3,,,3,2,,,1,4,4,2,1,1,1,1,1,1,2,2,4,4,4,1,1,2,1,1,1,1,5,4,,2,,,b'\x11\xe8\xe1I\xc8]\xc2\xe8\xaf\x82\x12\xdf\x17\xaeN\x1e'
11E8E149-C85D-C2E8-AF82-12DF17AE4E1E,2014-ncaa-d1-natl,ncaa,52,57,59,59,73,83,65,133,25,46,89,35,236,252,161,280,74,55,271,52,90,114,96,54,70,90,293,293,150,73,28,217,65,132,34,130,236,268,213,193,102,90,154,109,,,311,330,,,50,111,227,142,91,72,232,45,136,261,274,106,62,56,187,173,101,294,206,170,222,141,170,,282,,,53,137,89,61,212,124,68,261,92,130,69,171,293,289,246,293,325,92,185,192,237,121,227,98,316,36,65,35,28,20,34,97,143,44,23,27,303,254,96,57,,,28,20,,,50,234,67,70,55,59,40,6,71,14,62,85,256,249,250,15,53,10,14,4,60,54,253,70,,29,,,b'\x11\xe8\xe1I\xc8]\xc2\xe8\xaf\x82\x12\xdf\x17\xaeN\x1e'
11E8E149-C85D-C2E8-AF82-12DF17AE4E1E,2015-ncaa-d0-natl,ncaa,208,189,243,212,272,204,193,289,57,135,175,89,279,313,84,296,151,176,84,183,196,275,265,94,82,129,282,286,109,221,82,245,98,257,49,299,330,198,269,290,300,281,193,187,,,156,260,,,183,275,213,283,154,141,273,70,123,273,308,109,139,146,254,224,205,210,220,289,248,287,186,,213,,,183,115,120,74,252,165,134,223,88,60,252,96,188,143,318,142,165,75,57,231,250,265,116,100,216,42,98,10,82,9,49,130,136,264,228,233,138,193,52,55,,,208,129,,,183,71,125,240,184,195,204,128,241,211,118,77,226,185,182,130,91,65,18,19,165,247,187,65,,153,,,b'\x11\xe8\xe1I\xc8]\xc2\xe8\xaf\x82\x12\xdf\x17\xaeN\x1e'
11E8E149-C85D-C2E8-AF82-12DF17AE4E1E,2015-ncaa-d1-conf-Summit League,ncaa,3,3,3,3,3,4,3,4,2,3,4,5,8,8,5,8,5,5,5,5,6,5,5,4,3,5,8,8,5,4,4,6,6,5,4,5,8,8,7,8,6,6,4,4,,,5,6,,,4,5,8,1,6,4,7,3,4,8,8,5,5,5,6,7,5,8,6,8,7,6,5,,4,,,4,5,5,4,5,6,6,6,5,5,4,5,4,3,4,3,5,4,5,6,6,4,3,6,4,5,6,3,4,2,4,7,7,4,3,5,3,4,1,1,,,5,5,,,4,5,4,3,4,3,2,3,3,3,4,5,4,3,3,2,2,4,2,2,6,4,3,1,,5,,,b'\x11\xe8\xe1I\xc8]\xc2\xe8\xaf\x82\x12\xdf\x17\xaeN\x1e'
11E8E149-C85D-C2E8-AF82-12DF17AE4E1E,2015-ncaa-d1-natl,ncaa,180,189,143,189,198,138,119,236,31,74,129,66,229,290,46,290,145,170,95,175,219,223,207,62,56,90,280,262,177,204,79,196,90,203,46,241,314,214,243,254,258,251,169,170,,,184,239,,,132,211,213,285,118,91,251,55,117,238,294,131,177,180,239,219,201,200,213,244,217,272,173,,196,,,133,155,161,124,223,202,175,213,110,98,203,117,207,164,320,162,161,119,113,212,230,232,121,108,215,59,90,10,79,10,46,150,152,226,209,206,153,175,51,43,,,184,163,,,132,136,89,216,136,169,175,120,208,181,118,94,212,168,166,116,92,61,17,15,159,230,160,56,,183,,,b'\x11\xe8\xe1I\xc8]\xc2\xe8\xaf\x82\x12\xdf\x17\xaeN\x1e'
11E8E149-C85D-C2E8-AF82-12DF17AE4E1E,2016-ncaa-d0-natl,ncaa,100,73,175,87,177,165,159,241,67,106,180,59,264,261,253,249,135,116,202,116,96,227,203,103,101,145,273,284,105,194,119,229,146,222,97,231,286,221,252,248,172,147,131,131,,,144,187,,,110,202,242,7,139,134,249,86,165,265,256,106,84,79,219,196,195,239,221,233,244,166,130,,168,,,109,85,114,108,185,182,171,208,53,66,56,85,100,75,318,74,79,87,120,143,151,102,54,62,153,83,146,39,119,44,97,52,34,107,76,51,150,181,89,95,,,81,27,,,110,135,154,98,116,105,141,109,216,185,47,60,112,83,77,79,130,100,53,46,61,86,181,100,,39,,,b'\x11\xe8\xe1I\xc8]\xc2\xe8\xaf\x82\x12\xdf\x17\xaeN\x1e'
11E8E149-C85D-C2E8-AF82-12DF17AE4E1E,2016-ncaa-d1-conf-Summit League,ncaa,3,3,5,3,5,5,5,6,4,3,3,5,9,8,7,9,3,3,3,3,6,6,4,5,5,5,9,9,4,3,2,6,5,4,4,5,6,7,6,5,3,3,3,3,,,4,5,,,3,6,7,1,4,4,5,2,1,9,9,4,4,4,5,5,3,6,4,4,8,3,3,,4,,,3,1,3,2,5,5,4,5,1,2,1,3,2,2,8,2,3,1,4,4,4,2,3,1,4,6,5,1,2,2,4,2,1,3,1,1,6,6,3,3,,,2,1,,,3,3,4,4,3,3,4,5,5,6,1,2,2,2,2,4,5,6,2,2,3,1,7,4,,1,,,b'\x11\xe8\xe1I\xc8]\xc2\xe8\xaf\x82\x12\xdf\x17\xaeN\x1e'
11E8E149-C85D-C2E8-AF82-12DF17AE4E1E,2016-ncaa-d1-natl,ncaa,85,73,99,84,99,114,102,159,52,72,121,51,220,219,213,238,121,103,202,97,132,141,133,82,93,122,268,266,168,142,96,157,118,145,73,203,303,245,216,236,127,122,133,137,,,144,139,,,75,130,223,7,117,91,200,72,139,233,238,121,117,102,176,159,166,201,178,223,226,137,136,,125,,,73,115,158,183,155,216,217,190,60,98,36,106,98,71,316,71,62,147,189,121,113,78,47,67,131,116,118,73,96,62,73,57,35,67,62,43,178,150,139,106,,,72,67,,,75,210,120,61,76,81,128,116,197,187,48,75,89,57,57,79,145,96,54,49,57,68,161,121,,66,,,b'\x11\xe8\xe1I\xc8]\xc2\xe8\xaf\x82\x12\xdf\x17\xaeN\x1e'
11E8E149-C85D-C2E8-AF82-12DF17AE4E1E,2017-ncaa-d0-natl,ncaa,57,39,116,55,121,137,179,278,53,235,296,97,66,165,5,104,109,178,20,181,51,273,283,28,19,31,33,62,115,324,277,264,184,312,218,181,177,87,182,129,282,267,168,152,,,53,92,,,62,259,336,29,149,212,339,267,327,68,171,117,202,206,332,341,333,314,341,194,73,299,175,,42,,,55,52,103,89,176,165,144,219,35,65,40,133,41,30,274,32,54,55,73,145,122,100,35,71,102,90,184,40,277,44,218,63,76,159,93,84,86,155,38,109,,,103,11,,,62,86,58,101,55,32,85,39,150,97,34,50,49,30,31,20,21,85,34,37,58,170,79,34,,88,,,b'\x11\xe8\xe1I\xc8]\xc2\xe8\xaf\x82\x12\xdf\x17\xaeN\x1e'
11E8E149-C85D-C2E8-AF82-12DF17AE4E1E,2017-ncaa-d1-conf-Summit League,ncaa,2,2,1,2,1,4,4,4,4,8,7,5,3,3,1,4,4,3,3,3,4,4,3,4,5,5,2,3,7,6,8,6,6,7,6,4,4,8,8,5,3,5,3,4,,,3,2,,,4,2,9,1,5,6,9,9,8,4,4,6,6,6,9,9,9,8,8,5,5,5,4,,1,,,4,3,3,5,3,5,6,4,1,3,1,3,3,2,6,2,3,4,7,2,2,1,2,2,5,7,6,6,8,7,6,3,6,2,2,2,7,7,1,1,,,2,1,,,4,6,5,2,4,1,1,2,2,2,1,2,1,1,1,1,2,5,2,3,3,2,6,1,,3,,,b'\x11\xe8\xe1I\xc8]\xc2\xe8\xaf\x82\x12\xdf\x17\xaeN\x1e'
11E8E149-C85D-C2E8-AF82-12DF17AE4E1E,2017-ncaa-d1-natl,ncaa,43,39,56,49,59,98,123,227,43,192,272,78,49,129,5,96,93,164,20,164,71,222,234,20,16,31,34,59,153,303,274,203,144,276,201,123,145,138,182,115,252,245,127,134,,,54,64,,,40,185,332,35,131,173,326,250,320,59,148,128,218,223,324,335,329,297,336,159,85,287,149,,32,,,44,73,133,145,162,192,197,201,48,90,40,130,52,39,269,39,52,106,139,119,107,80,36,74,96,101,144,76,274,69,201,77,74,110,80,68,127,158,46,107,,,73,17,,,40,151,50,72,43,28,77,42,138,106,33,48,45,28,28,21,22,64,39,36,54,148,85,30,,98,,,b'\x11\xe8\xe1I\xc8]\xc2\xe8\xaf\x82\x12\xdf\x17\xaeN\x1e'
11E8E149-C85D-C2E8-AF82-12DF17AE4E1E,2018-ncaa-d0-natl,ncaa,72,57,117,70,139,109,113,231,27,107,257,13,142,138,157,121,116,133,130,134,49,214,223,32,28,49,187,179,156,185,55,184,69,187,38,178,285,151,203,178,123,88,259,264,,,100,152,,,47,228,307,217,97,107,296,102,291,149,157,125,136,136,277,292,204,226,225,194,144,127,267,,89,,,39,55,90,82,151,111,142,101,88,60,252,94,24,21,235,22,44,60,94,139,116,79,90,174,81,42,69,11,55,11,38,31,40,114,60,38,251,270,192,254,,,113,55,,,47,124,45,63,37,42,60,39,82,106,84,49,28,25,24,21,27,30,10,7,29,112,226,194,,121,,,b'\x11\xe8\xe1I\xc8]\xc2\xe8\xaf\x82\x12\xdf\x17\xaeN\x1e'
11E8E149-C85D-C2E8-AF82-12DF17AE4E1E,2018-ncaa-d1-conf-Horizon,ncaa,2,2,3,2,5,3,3,7,1,3,7,1,5,6,3,5,3,3,5,3,1,6,7,1,1,1,7,6,5,6,3,5,3,5,3,5,8,5,6,5,6,6,10,10,,,1,2,,,2,9,9,7,2,2,9,3,7,5,6,4,4,4,7,8,6,5,5,5,5,6,10,,1,,,2,2,3,3,3,5,7,2,1,1,6,1,3,1,9,1,1,2,3,2,3,2,3,5,2,3,3,1,3,1,3,2,2,7,4,3,6,6,4,6,,,4,3,,,2,2,2,2,2,2,2,2,4,7,2,1,2,1,1,2,2,2,1,1,2,7,6,5,,4,,,b'\x11\xe8\xe1I\xc8]\xc2\xe8\xaf\x82\x12\xdf\x17\xaeN\x1e'
11E8E149-C85D-C2E8-AF82-12DF17AE4E1E,2018-ncaa-d1-natl,ncaa,75,57,97,71,119,96,103,221,29,102,250,11,134,124,176,114,124,139,142,141,59,203,206,34,32,52,188,179,175,172,61,172,64,184,39,166,274,168,201,165,113,84,250,259,,,111,153,,,44,216,298,223,94,103,283,102,289,149,135,134,149,148,266,286,192,216,216,184,147,119,260,,93,,,42,43,92,86,147,111,155,98,93,56,263,96,27,26,226,25,43,53,96,136,121,76,88,177,80,35,64,13,61,11,39,29,41,97,65,39,251,264,215,261,,,126,61,,,44,135,47,63,41,44,61,44,88,112,88,51,29,25,24,23,33,33,16,9,29,108,223,203,,137,,,b'\x11\xe8\xe1I\xc8]\xc2\xe8\xaf\x82\x12\xdf\x17\xaeN\x1e'
11E8E149-C85D-C2E8-AF82-12DF17AE4E1E,2019-ncaa-d0-natl,ncaa,105,93,114,106,118,159,184,177,192,218,262,103,121,82,268,70,107,107,161,119,43,169,170,169,148,154,80,128,93,51,17,119,11,83,7,134,80,183,179,147,278,268,329,335,,,51,90,,,75,232,321,13,172,221,228,256,288,122,75,105,116,122,205,213,52,119,61,128,169,293,338,,41,,,72,48,94,119,119,142,173,125,46,65,73,108,36,27,235,26,35,79,67,93,78,88,40,87,79,9,11,55,17,21,7,65,92,235,180,141,245,238,281,319,,,57,25,,,75,116,110,47,74,33,73,61,128,154,40,51,31,27,27,32,14,5,35,11,60,256,227,280,,30,,,b'\x11\xe8\xe1I\xc8]\xc2\xe8\xaf\x82\x12\xdf\x17\xaeN\x1e'
11E8E149-C85D-C2E8-AF82-12DF17AE4E1E,2019-ncaa-d1-conf-Horizon,ncaa,3,3,3,3,3,4,4,4,4,4,6,3,3,2,5,2,2,1,3,1,4,3,3,4,3,3,3,5,4,2,1,4,1,2,1,3,2,8,6,5,8,8,10,10,,,3,4,,,2,6,9,1,4,5,5,6,7,5,2,3,3,3,4,4,2,4,2,3,5,8,10,,2,,,2,2,3,5,4,4,6,4,1,1,3,2,3,1,6,1,1,2,3,4,4,2,3,4,4,1,1,1,1,1,1,5,3,5,4,3,9,7,7,7,,,2,3,,,2,5,3,2,3,2,3,3,4,3,1,1,1,1,1,2,1,1,1,1,5,4,7,6,,2,,,b'\x11\xe8\xe1I\xc8]\xc2\xe8\xaf\x82\x12\xdf\x17\xaeN\x1e'
11E8E149-C85D-C2E8-AF82-12DF17AE4E1E,2019-ncaa-d1-natl,ncaa,93,92,62,99,64,113,133,117,189,169,230,94,92,58,264,65,95,99,186,104,53,99,104,160,149,145,85,116,126,28,18,88,10,50,7,89,63,202,157,115,235,226,322,332,,,74,91,,,57,161,309,17,139,185,176,237,285,105,61,118,121,127,170,179,37,128,55,106,157,268,335,,42,,,55,62,118,167,114,187,213,126,51,90,43,114,43,38,188,36,36,124,123,80,68,68,30,87,81,9,10,89,18,24,7,79,91,175,147,108,261,229,292,310,,,38,33,,,57,188,103,34,52,24,70,65,126,150,35,52,28,27,25,32,20,5,44,12,58,223,223,266,,33,,,b'\x11\xe8\xe1I\xc8]\xc2\xe8\xaf\x82\x12\xdf\x17\xaeN\x1e'
11E8E149-C85D-C2E8-AF82-12DF17AE4E1E,2020-ncaa-d0-natl,ncaa,39,42,87,46,169,68,61,195,16,87,234,22,79,118,39,117,165,200,115,207,151,199,226,17,18,25,150,120,270,164,77,129,6,139,14,41,60,99,128,46,144,107,347,345,,,29,50,,,20,242,282,273,64,56,237,99,259,79,128,178,211,219,238,285,182,146,153,35,82,159,347,,19,,,16,43,93,95,130,152,163,138,52,74,68,112,24,17,271,11,17,58,60,95,89,69,26,103,49,5,6,20,77,8,14,26,21,166,103,45,198,219,158,187,,,113,69,,,20,120,21,34,14,27,65,53,133,142,46,53,19,12,10,19,15,3,15,2,21,188,182,145,,136,,,b'\x11\xe8\xe1I\xc8]\xc2\xe8\xaf\x82\x12\xdf\x17\xaeN\x1e'
11E8E149-C85D-C2E8-AF82-12DF17AE4E1E,2020-ncaa-d1-conf-Horizon,ncaa,1,1,3,1,4,1,1,4,1,2,6,1,1,6,1,6,3,4,7,4,2,4,5,1,1,1,4,3,9,3,2,6,2,4,1,1,2,3,3,2,3,2,10,10,,,1,1,,,1,8,9,5,1,1,5,2,6,1,5,5,3,3,5,8,2,6,3,1,3,3,10,,1,,,1,1,3,2,3,3,7,3,1,2,2,3,1,1,10,1,1,1,1,3,2,1,1,3,1,1,2,1,2,1,1,1,1,4,2,1,4,5,5,4,,,4,1,,,1,3,1,1,1,1,3,3,4,7,1,1,1,1,1,1,1,2,1,1,1,5,4,5,,2,,,b'\x11\xe8\xe1I\xc8]\xc2\xe8\xaf\x82\x12\xdf\x17\xaeN\x1e'
11E8E149-C85D-C2E8-AF82-12DF17AE4E1E,2020-ncaa-d1-natl,ncaa,36,42,45,46,117,50,42,160,15,75,228,19,64,107,33,114,172,211,115,213,164,171,203,14,15,20,158,113,284,149,73,102,6,104,11,33,68,109,129,47,150,116,346,345,,,29,42,,,14,220,278,273,52,47,220,90,260,77,122,193,225,229,235,277,176,136,145,32,93,170,347,,17,,,17,46,104,122,126,167,191,132,53,71,61,103,22,19,252,14,15,65,73,91,82,62,18,94,45,7,6,19,73,6,11,27,22,157,103,51,212,216,157,188,,,104,84,,,14,140,20,28,13,23,68,59,134,156,42,52,15,10,10,20,20,5,15,2,24,176,186,143,,141,,,b'\x11\xe8\xe1I\xc8]\xc2\xe8\xaf\x82\x12\xdf\x17\xaeN\x1e'
11E8E149-C85D-C2E8-AF82-12DF17AE4E1E,2021-ncaa-d0-natl,ncaa,71,32,219,35,224,171,174,248,30,185,239,45,158,215,24,179,168,170,194,178,80,241,246,27,28,46,133,145,174,218,82,203,4,211,13,128,79,120,196,99,197,117,326,332,,,68,103,,,27,246,248,57,86,87,244,104,211,102,196,101,88,108,221,232,186,110,131,56,174,159,334,,51,,,20,75,84,88,129,106,91,236,59,98,9,228,42,41,193,40,40,77,79,99,79,51,37,93,59,23,4,63,82,44,13,68,76,187,74,59,145,223,51,68,,,190,51,,,27,102,43,23,18,28,69,60,129,63,45,133,18,15,15,26,28,5,19,4,61,115,200,46,,90,,,b'\x11\xe8\xe1I\xc8]\xc2\xe8\xaf\x82\x12\xdf\x17\xaeN\x1e'
11E8E149-C85D-C2E8-AF82-12DF17AE4E1E,2021-ncaa-d1-conf-Horizon,ncaa,4,1,8,2,8,7,6,9,1,5,7,2,6,10,1,11,5,5,5,5,3,8,8,2,2,1,8,10,4,7,3,7,1,6,3,5,6,4,6,4,9,6,11,11,,,3,2,,,2,8,7,2,2,2,7,3,3,5,11,2,3,3,5,6,5,3,3,5,6,7,11,,1,,,1,3,3,5,6,5,6,8,3,5,2,9,2,1,7,1,1,4,4,5,5,3,2,4,2,1,1,3,3,3,3,3,4,7,3,3,5,8,4,5,,,6,1,,,2,5,1,3,1,3,4,3,6,4,2,6,1,1,1,1,2,1,3,1,4,5,9,4,,4,,,b'\x11\xe8\xe1I\xc8]\xc2\xe8\xaf\x82\x12\xdf\x17\xaeN\x1e'
11E8E149-C85D-C2E8-AF82-12DF17AE4E1E,2021-ncaa-d1-natl,ncaa,74,32,231,37,233,184,188,259,29,200,252,47,163,221,24,180,177,181,194,189,80,251,255,29,30,48,131,142,171,229,83,224,4,232,16,144,80,105,200,99,212,123,326,333,,,60,105,,,29,255,252,51,88,91,249,110,218,104,200,105,87,109,229,236,191,116,142,58,181,167,334,,53,,,22,70,79,81,140,101,79,243,55,92,13,225,40,38,191,38,40,67,71,103,87,59,36,91,60,23,4,57,83,39,16,65,79,203,78,65,136,228,46,70,,,201,54,,,29,91,46,26,19,30,74,61,137,64,45,130,18,15,15,25,27,5,20,4,63,122,203,48,,93,,,b'\x11\xe8\xe1I\xc8]\xc2\xe8\xaf\x82\x12\xdf\x17\xaeN\x1e'
11E8E149-C85D-C2E8-AF82-12DF17AE4E1E,2022-ncaa-d0-natl,ncaa,34,7,163,13,183,102,99,202,11,160,273,14,48,83,16,53,215,251,72,259,170,217,225,8,8,25,80,51,296,207,93,79,4,111,8,90,106,172,201,98,315,311,185,185,,,10,18,,,21,224,282,114,63,55,232,140,301,35,68,220,264,265,249,251,208,37,68,51,177,330,184,,5,,,16,45,109,165,92,158,157,186,57,184,5,237,4,4,16,4,6,117,92,66,32,63,14,117,8,21,4,16,93,12,8,33,34,280,250,146,143,181,23,58,,,252,250,,,21,122,27,34,17,25,112,163,172,162,54,185,2,3,3,89,30,16,10,7,39,292,152,20,,283,,,b'\x11\xe8\xe1I\xc8]\xc2\xe8\xaf\x82\x12\xdf\x17\xaeN\x1e'
11E8E149-C85D-C2E8-AF82-12DF17AE4E1E,2022-ncaa-d1-conf-Horizon,ncaa,1,1,1,1,1,1,1,3,1,1,7,1,2,4,1,4,3,5,4,5,5,2,2,1,1,1,6,4,7,3,1,1,1,1,1,1,4,9,8,3,11,12,5,6,,,2,1,,,1,2,8,6,1,1,8,1,10,3,6,4,7,7,8,6,4,1,1,3,8,12,5,,1,,,1,2,9,12,2,10,12,2,2,6,1,3,1,1,1,1,1,11,8,1,1,1,2,4,1,5,1,1,1,1,1,2,2,10,12,3,9,7,2,2,,,6,7,,,1,11,1,1,1,1,5,9,6,10,2,3,1,1,1,7,4,4,1,1,1,12,7,2,,6,,,b'\x11\xe8\xe1I\xc8]\xc2\xe8\xaf\x82\x12\xdf\x17\xaeN\x1e'
11E8E149-C85D-C2E8-AF82-12DF17AE4E1E,2022-ncaa-d1-natl,ncaa,35,7,213,14,231,127,124,251,14,190,302,15,57,100,17,54,244,279,72,282,171,259,272,8,9,26,77,54,295,233,102,101,6,149,10,108,114,139,205,103,333,317,198,186,,,7,19,,,23,265,287,106,69,59,245,152,309,40,71,223,264,265,259,264,224,41,73,57,172,335,191,,5,,,16,29,84,126,100,140,127,195,47,152,5,237,4,4,17,4,5,76,48,81,37,78,15,118,6,11,6,7,102,4,10,28,35,306,259,163,124,189,17,66,,,284,246,,,23,78,28,46,18,29,119,165,178,168,55,183,2,2,2,90,29,17,10,7,45,296,158,19,,284,,,b'\x11\xe8\xe1I\xc8]\xc2\xe8\xaf\x82\x12\xdf\x17\xaeN\x1e'
11E8E149-C85D-C2E8-AF82-12DF17AE4E1E,2022-ncaa-d1-ncaatournament,ncaa,37,2,37,37,38,41,44,41,45,45,55,18,39,31,57,7,43,47,13,44,25,41,44,43,43,28,28,28,32,38,28,43,13,39,19,42,37,3,3,7,53,49,35,15,,,11,30,,,32,42,8,5,12,20,5,26,41,17,5,21,29,25,6,12,13,11,7,23,4,46,14,,29,,,37,15,12,17,39,9,12,40,27,26,44,48,23,28,20,25,61,24,19,42,44,48,53,48,49,9,13,26,28,21,19,15,48,56,55,56,12,29,24,44,,,49,47,,,32,27,27,45,33,47,41,41,32,29,49,50,52,59,56,54,43,14,61,50,49,52,32,41,,36,,,b'\x11\xe8\xe1I\xc8]\xc2\xe8\xaf\x82\x12\xdf\x17\xaeN\x1e'
11E8E149-C85D-C2E8-AF82-12DF17AE4E1E,2023-ncaa-d0-natl,ncaa,135,117,164,132,222,96,127,181,65,216,308,45,35,51,39,38,130,146,124,145,41,167,197,37,36,38,29,34,197,286,291,156,71,206,199,93,66,90,113,71,329,340,226,246,,,73,60,,,169,165,106,291,57,88,166,226,317,18,36,118,135,134,154,200,298,122,225,61,110,333,220,,73,,,169,294,312,226,326,320,208,336,228,224,196,211,190,155,279,154,137,213,152,318,320,346,88,164,94,64,71,203,291,139,199,197,53,301,330,296,125,147,73,158,,,221,212,,,169,195,63,334,172,319,334,279,338,243,243,241,204,171,169,269,171,68,234,166,212,319,145,79,,205,,,b'\x11\xe8\xe1I\xc8]\xc2\xe8\xaf\x82\x12\xdf\x17\xaeN\x1e'
11E8E149-C85D-C2E8-AF82-12DF17AE4E1E,2023-ncaa-d1-conf-Horizon,ncaa,3,3,7,3,9,3,3,8,1,6,9,1,3,4,3,4,3,4,4,4,2,7,6,1,1,1,3,4,5,7,6,7,5,7,5,4,4,7,8,5,10,10,6,7,,,2,2,,,5,7,2,5,2,1,6,5,8,2,3,3,4,4,5,3,7,6,6,4,9,9,4,,2,,,5,8,9,7,9,9,8,8,7,8,6,6,6,3,10,3,2,7,5,8,9,8,3,5,5,6,5,2,6,2,5,5,1,9,8,8,9,9,1,4,,,4,3,,,5,5,2,10,5,9,9,10,9,9,9,9,7,4,4,10,8,7,3,3,6,8,9,4,,4,,,b'\x11\xe8\xe1I\xc8]\xc2\xe8\xaf\x82\x12\xdf\x17\xaeN\x1e'
11E8E149-C85D-C2E8-AF82-12DF17AE4E1E,2023-ncaa-d1-natl,ncaa,151,117,219,139,293,123,155,233,70,253,330,48,41,67,39,37,154,167,123,166,38,222,256,37,37,40,28,30,197,314,301,188,79,260,217,107,72,64,120,79,342,345,241,251,,,45,63,,,192,225,113,291,58,93,187,237,319,18,36,117,135,135,172,207,307,131,239,64,109,338,222,,75,,,192,281,303,192,331,307,169,345,217,201,214,208,173,133,288,131,141,173,96,328,327,350,84,163,95,46,79,165,301,98,217,174,56,334,334,310,106,147,58,169,,,249,202,,,192,133,69,339,193,330,340,282,342,248,247,242,211,180,180,270,170,70,238,172,221,326,147,81,,204,,,b'\x11\xe8\xe1I\xc8]\xc2\xe8\xaf\x82\x12\xdf\x17\xaeN\x1e'
11E8E149-C85D-C2E8-AF82-12DF17AE4E1E,2024-ncaa-d0-natl,ncaa,307,323,196,314,216,191,211,231,176,164,188,149,285,253,315,249,71,42,293,45,26,184,148,218,197,236,223,293,27,243,240,171,281,203,251,175,112,314,308,258,292,330,68,114,,,236,169,,,318,124,37,125,176,206,243,144,165,282,241,37,20,21,157,80,238,139,188,151,327,293,50,,267,,,314,315,313,279,281,343,321,259,108,108,172,36,314,291,339,293,168,286,262,248,265,321,50,23,253,290,281,166,240,235,251,264,134,248,308,289,275,259,292,308,,,53,20,,,318,240,265,324,306,345,341,339,349,354,120,122,326,300,300,346,332,314,220,275,289,232,287,321,,18,,,b'\x11\xe8\xe1I\xc8]\xc2\xe8\xaf\x82\x12\xdf\x17\xaeN\x1e'
11E8E149-C85D-C2E8-AF82-12DF17AE4E1E,2024-ncaa-d1-conf-Horizon,ncaa,10,10,8,10,11,8,10,9,7,4,5,6,10,10,10,9,2,3,8,3,1,8,8,9,7,8,7,11,1,10,7,9,10,10,8,7,4,10,10,8,9,9,2,3,,,8,7,,,10,4,1,6,7,8,9,3,3,10,9,1,2,2,5,2,8,5,6,5,10,8,1,,9,,,10,8,9,9,7,9,11,6,1,1,6,1,8,6,11,6,3,10,9,7,7,7,1,1,7,10,10,5,7,6,8,7,3,8,7,8,9,9,10,9,,,2,2,,,10,8,9,7,10,10,10,11,11,11,1,1,8,8,8,11,11,11,5,8,8,6,9,10,,1,,,b'\x11\xe8\xe1I\xc8]\xc2\xe8\xaf\x82\x12\xdf\x17\xaeN\x1e'
11E8E149-C85D-C2E8-AF82-12DF17AE4E1E,2024-ncaa-d1-natl,ncaa,322,325,254,330,282,235,255,289,192,204,221,161,301,275,322,251,84,55,294,57,28,238,203,226,206,251,223,295,24,280,253,226,291,255,273,208,118,301,316,269,318,338,75,121,,,210,181,,,329,170,40,118,188,230,253,164,179,286,246,39,22,21,170,86,251,149,211,172,331,307,52,,273,,,329,303,301,255,296,337,310,275,94,85,190,33,307,271,343,271,175,264,227,258,274,329,48,25,254,277,291,139,253,198,273,249,134,286,318,299,254,263,285,310,,,65,17,,,329,201,278,333,320,349,349,342,354,355,123,123,330,307,308,348,333,318,229,284,294,245,296,329,,17,,,b'\x11\xe8\xe1I\xc8]\xc2\xe8\xaf\x82\x12\xdf\x17\xaeN\x1e'
11E8E149-C85D-C2E8-AF82-12DF17AE4E1E,2025-ncaa-d0-natl,genius_ncaa,282,292,194,290,216,204,240,275,188,270,279,199,183,203,131,160,86,105,122,104,32,239,227,168,141,170,74,154,43,329,325,263,242,306,303,228,180,246,272,255,170,180,209,254,,,175,189,,235,287,185,106,192,196,252,297,270,282,170,183,59,73,70,266,230,327,261,322,223,262,156,202,,209,,261,284,259,275,202,315,315,265,296,103,79,202,62,224,222,198,217,158,212,195,284,291,299,43,45,180,180,242,160,325,174,303,155,49,223,239,201,179,221,186,270,,,172,116,,245,287,190,229,291,274,301,315,257,341,320,114,87,248,246,236,263,253,209,189,201,176,198,198,207,,153,,243,b'\x11\xe8\xe1I\xc8]\xc2\xe8\xaf\x82\x12\xdf\x17\xaeN\x1e'
11E8E149-C85D-C2E8-AF82-12DF17AE4E1E,2025-ncaa-d1-conf-Horizon,genius_ncaa,6,5,8,6,10,7,9,10,4,9,10,6,6,9,4,6,2,2,5,2,2,9,9,4,4,5,5,6,2,11,9,9,10,10,9,8,6,9,10,8,4,4,7,9,,,7,8,,10,6,6,2,5,5,7,8,9,9,6,7,2,2,2,6,4,10,8,9,7,10,4,6,,10,,10,6,8,9,7,8,10,9,7,1,1,3,2,6,7,3,6,6,7,6,7,7,6,1,1,5,7,10,4,9,4,9,2,1,7,7,5,6,7,5,8,,,5,3,,7,6,6,5,7,6,9,10,11,11,11,1,3,7,10,8,11,11,9,4,6,4,4,7,6,,2,,7,b'\x11\xe8\xe1I\xc8]\xc2\xe8\xaf\x82\x12\xdf\x17\xaeN\x1e'
11E8E149-C85D-C2E8-AF82-12DF17AE4E1E,2025-ncaa-d1-natl,genius_ncaa,301,292,244,308,272,241,279,315,193,289,304,205,201,224,135,161,103,131,119,129,33,287,278,175,149,183,73,151,40,336,333,296,247,327,314,261,185,209,283,265,198,195,225,262,,,153,195,,228,301,228,117,181,211,271,310,282,286,174,189,62,80,79,276,241,328,269,326,240,262,167,208,,214,,263,301,235,262,169,324,308,254,310,89,63,210,61,209,210,207,204,160,175,144,296,301,313,41,45,179,161,247,130,333,141,314,139,52,259,253,207,159,230,171,276,,,206,107,,256,301,140,239,310,292,307,324,261,344,321,126,88,255,253,244,268,244,218,195,206,187,214,198,214,,155,,245,b'\x11\xe8\xe1I\xc8]\xc2\xe8\xaf\x82\x12\xdf\x17\xaeN\x1e'
11E8E149-C85D-C2E8-AF82-12DF17AE4E1E,2026-ncaa-d0-natl,genius_ncaa,260,295,116,284,142,147,178,145,271,169,172,210,186,101,325,144,41,20,243,22,13,113,111,286,247,223,104,229,20,104,178,191,217,151,234,262,342,250,166,296,63,63,284,313,,,338,339,,352,248,117,51,97,169,230,139,207,205,215,101,24,13,13,68,53,106,257,176,323,224,58,310,,341,,357,242,296,282,202,315,301,195,335,181,214,125,165,313,309,191,307,296,220,234,303,311,270,128,87,261,194,217,293,178,264,234,296,245,91,95,189,62,26,348,344,,,37,28,,95,248,239,218,252,243,283,271,167,303,158,146,183,300,299,293,216,273,178,295,271,288,80,41,338,,15,,110,b'\x11\xe8\xe1I\xc8]\xc2\xe8\xaf\x82\x12\xdf\x17\xaeN\x1e'
11E8E149-C85D-C2E8-AF82-12DF17AE4E1E,2026-ncaa-d1-conf-Horizon,genius_ncaa,8,11,1,8,1,3,3,2,7,4,3,6,3,1,9,1,2,2,5,2,1,2,1,7,6,8,4,7,3,2,4,3,7,2,7,3,7,11,11,10,1,3,8,10,,,11,10,,11,11,1,1,1,5,8,7,8,11,6,2,5,4,4,6,3,4,6,6,9,11,4,8,,11,,11,11,11,11,9,11,11,11,9,9,8,9,1,11,11,1,11,8,11,10,11,10,10,2,3,5,9,7,10,4,10,7,11,9,3,8,10,10,4,7,6,,,2,5,,4,11,11,8,10,11,11,11,6,11,10,3,3,8,10,10,10,9,6,6,8,11,6,6,6,,5,,6,b'\x11\xe8\xe1I\xc8]\xc2\xe8\xaf\x82\x12\xdf\x17\xaeN\x1e'
11E8E149-C85D-C2E8-AF82-12DF17AE4E1E,2026-ncaa-d1-natl,genius_ncaa,256,294,85,287,117,129,162,91,279,149,128,213,171,84,322,152,27,14,245,15,17,66,59,287,259,235,114,227,28,67,179,188,237,128,245,236,318,251,154,264,46,55,278,309,,,349,332,,353,250,71,41,100,165,211,101,197,171,212,103,27,14,12,59,39,75,266,164,295,208,49,317,,335,,355,247,315,310,226,324,329,234,333,195,222,140,154,331,326,217,323,290,253,288,309,321,273,120,77,272,241,237,318,179,301,245,311,258,64,90,194,46,17,346,336,,,22,55,,112,250,290,228,257,250,305,293,172,309,191,141,150,312,307,303,224,299,200,306,283,301,75,32,338,,25,,142,b'\x11\xe8\xe1I\xc8]\xc2\xe8\xaf\x82\x12\xdf\x17\xaeN\x1e'
11E8E149-C862-4E1C-AF82-12DF17AE4E1E,2010-ncaa-d0-natl,ncaa,242,269,122,264,132,203,212,133,291,291,281,257,41,19,214,14,260,254,228,242,141,157,189,235,256,200,28,19,267,227,304,168,93,200,277,254,277,46,63,191,207,214,253,278,,,15,7,,,266,176,233,60,244,252,135,315,307,40,13,289,283,270,171,248,256,195,239,281,42,226,260,,9,,,262,243,299,218,297,269,233,246,285,192,336,193,29,33,132,30,20,178,159,310,280,301,120,272,11,80,93,324,304,263,277,292,227,235,238,301,111,129,309,333,,,261,283,,,266,176,218,276,252,236,303,224,260,231,289,180,29,32,27,156,111,68,319,261,284,254,110,305,,296,,,b'\x11\xe8\xe1I\xc8bN\x1c\xaf\x82\x12\xdf\x17\xaeN\x1e'
11E8E149-C862-4E1C-AF82-12DF17AE4E1E,2010-ncaa-d1-conf-WAC,ncaa,4,4,3,4,3,5,5,3,7,7,7,6,2,2,7,2,5,5,5,5,3,4,5,7,7,6,2,2,6,5,7,5,3,5,5,7,8,2,1,4,3,3,9,9,,,1,1,,,6,5,9,2,6,7,5,8,9,3,2,6,8,7,5,8,7,6,6,8,1,4,9,,1,,,6,7,8,7,9,7,7,9,8,6,9,6,1,1,2,1,1,4,6,9,8,7,3,8,1,1,3,9,7,7,5,9,8,5,4,8,2,4,8,9,,,5,4,,,6,7,6,7,6,6,9,6,9,7,8,5,1,1,1,2,1,1,8,7,9,6,3,8,,7,,,b'\x11\xe8\xe1I\xc8bN\x1c\xaf\x82\x12\xdf\x17\xaeN\x1e'
11E8E149-C862-4E1C-AF82-12DF17AE4E1E,2010-ncaa-d1-natl,ncaa,250,269,134,267,143,218,232,148,294,306,304,267,46,22,217,14,273,264,229,254,138,171,211,240,264,201,27,18,263,246,308,188,99,221,283,274,282,37,63,193,228,219,256,278,,,5,8,,,271,199,234,58,247,259,139,317,309,42,13,288,285,273,173,252,260,197,244,288,42,228,262,,9,,,268,234,292,207,300,260,226,250,281,187,336,192,27,31,132,29,19,160,137,311,285,306,119,269,11,69,99,320,308,250,283,289,228,249,243,305,104,133,305,333,,,283,280,,,271,155,221,285,261,240,307,226,264,232,290,181,28,35,28,157,110,68,322,265,290,260,110,308,,298,,,b'\x11\xe8\xe1I\xc8bN\x1c\xaf\x82\x12\xdf\x17\xaeN\x1e'
11E8E149-C862-4E1C-AF82-12DF17AE4E1E,2011-ncaa-d0-natl,ncaa,181,175,170,184,178,185,209,249,139,228,286,114,124,123,159,74,152,212,41,213,96,257,232,114,97,148,86,99,135,329,328,70,27,199,170,222,209,218,265,241,234,239,152,167,,,28,17,,,190,160,125,50,174,206,259,234,288,112,104,131,205,207,264,242,328,15,191,211,237,234,141,,29,,,190,151,204,243,135,205,233,143,166,206,110,202,58,83,35,76,54,210,154,133,95,165,86,188,53,92,27,157,328,125,170,234,236,277,283,298,263,293,94,175,,,178,108,,,190,185,208,144,187,171,233,285,232,270,184,234,72,98,90,254,208,107,200,156,256,278,273,102,,147,,,b'\x11\xe8\xe1I\xc8bN\x1c\xaf\x82\x12\xdf\x17\xaeN\x1e'
11E8E149-C862-4E1C-AF82-12DF17AE4E1E,2011-ncaa-d1-conf-WAC,ncaa,5,5,1,5,3,6,6,8,4,8,8,4,2,2,3,2,4,5,1,5,1,8,8,4,3,4,2,2,4,9,9,3,1,7,3,7,5,7,8,6,6,5,6,6,,,1,1,,,5,6,6,4,7,7,8,8,9,2,3,4,6,6,8,8,9,3,8,7,5,6,6,,1,,,5,4,6,7,5,7,7,5,3,3,6,3,1,1,2,1,1,4,5,5,2,5,2,4,1,2,1,4,9,3,3,7,4,6,7,7,6,5,1,3,,,5,2,,,5,5,6,4,5,3,6,5,7,7,3,3,1,1,1,3,3,1,3,2,5,7,5,1,,6,,,b'\x11\xe8\xe1I\xc8bN\x1c\xaf\x82\x12\xdf\x17\xaeN\x1e'
11E8E149-C862-4E1C-AF82-12DF17AE4E1E,2011-ncaa-d1-natl,ncaa,174,172,132,179,140,175,193,226,146,225,281,120,101,99,147,66,158,219,39,227,117,226,210,118,96,146,75,88,155,324,326,52,25,174,156,208,194,228,259,229,238,242,141,157,,,29,16,,,187,144,131,59,172,204,252,242,291,97,87,155,230,236,265,245,327,15,181,202,228,240,136,,28,,,189,176,222,270,130,217,248,135,189,223,116,204,65,85,52,74,54,236,183,129,98,170,97,200,57,93,25,198,326,143,156,249,230,276,290,297,262,286,85,163,,,185,138,,,187,205,206,147,179,171,224,286,223,268,196,236,73,96,87,253,201,97,201,152,247,287,263,90,,179,,,b'\x11\xe8\xe1I\xc8bN\x1c\xaf\x82\x12\xdf\x17\xaeN\x1e'
11E8E149-C862-4E1C-AF82-12DF17AE4E1E,2012-ncaa-d0-natl,ncaa,252,260,163,262,177,193,206,228,151,255,302,109,69,67,125,38,224,206,258,208,64,227,223,100,117,148,48,41,227,314,328,95,243,197,285,224,214,168,224,222,318,336,113,136,,,85,48,,,276,176,143,99,174,192,227,272,312,57,43,232,194,198,239,235,322,37,191,223,193,319,103,,96,,,273,263,244,290,136,211,263,113,284,289,204,235,225,194,289,195,143,286,215,149,158,271,238,252,162,296,243,237,328,288,285,190,109,322,338,311,241,276,47,145,,,166,92,,,276,172,197,296,271,287,279,330,256,301,289,302,254,225,229,326,272,320,264,310,218,325,250,59,,143,,,b'\x11\xe8\xe1I\xc8bN\x1c\xaf\x82\x12\xdf\x17\xaeN\x1e'
11E8E149-C862-4E1C-AF82-12DF17AE4E1E,2012-ncaa-d1-conf-WAC,ncaa,4,4,3,4,3,5,5,5,5,6,7,6,2,2,2,2,6,7,6,7,4,5,5,3,3,4,2,2,7,8,8,2,6,4,8,4,5,7,7,6,7,8,2,4,,,4,3,,,5,4,6,1,6,6,6,8,8,2,2,6,6,6,7,7,8,2,4,6,6,8,2,,4,,,5,7,6,8,2,4,8,1,6,6,7,4,6,6,4,7,5,8,6,1,1,4,6,5,7,8,6,6,8,8,8,1,1,7,7,4,8,7,2,1,,,4,2,,,5,5,6,7,5,7,5,8,5,8,5,5,7,7,7,8,7,7,5,8,3,7,7,1,,4,,,b'\x11\xe8\xe1I\xc8bN\x1c\xaf\x82\x12\xdf\x17\xaeN\x1e'
11E8E149-C862-4E1C-AF82-12DF17AE4E1E,2012-ncaa-d1-natl,ncaa,234,260,90,255,102,144,167,179,162,238,283,114,49,45,136,38,172,144,252,155,54,175,154,113,121,154,46,43,210,285,317,42,243,137,275,190,194,216,220,216,303,329,96,130,,,136,49,,,273,102,143,125,176,194,223,274,307,57,42,215,181,188,227,225,309,36,175,212,192,310,98,,103,,,267,308,303,325,132,275,308,117,297,300,183,225,261,231,259,240,131,326,280,147,143,254,218,241,145,330,243,288,317,319,275,224,89,303,337,301,267,258,86,166,,,100,81,,,273,249,196,285,260,284,278,333,258,301,277,297,231,214,226,327,273,320,259,307,206,322,244,76,,126,,,b'\x11\xe8\xe1I\xc8bN\x1c\xaf\x82\x12\xdf\x17\xaeN\x1e'
11E8E149-C862-4E1C-AF82-12DF17AE4E1E,2013-ncaa-d0-natl,ncaa,128,166,41,155,66,77,93,49,209,216,233,199,8,8,86,17,191,189,203,176,122,56,51,124,144,130,19,13,296,118,254,15,112,30,169,95,138,234,135,130,328,345,34,88,,,144,38,,,194,40,67,267,110,133,65,285,294,10,10,260,249,246,100,111,187,11,42,122,161,342,45,,64,,,190,328,331,337,150,325,334,147,263,284,136,156,180,171,212,164,38,337,303,137,106,246,72,159,67,301,112,332,254,332,169,259,68,287,337,313,313,231,204,233,,,133,271,,,194,303,144,253,190,278,300,338,305,336,226,241,130,112,106,337,270,251,302,301,197,331,256,160,,232,,,b'\x11\xe8\xe1I\xc8bN\x1c\xaf\x82\x12\xdf\x17\xaeN\x1e'
11E8E149-C862-4E1C-AF82-12DF17AE4E1E,2013-ncaa-d1-conf-WAC,ncaa,3,3,1,3,2,3,3,2,5,7,9,4,1,1,2,1,7,7,6,7,7,4,4,2,3,4,2,1,10,4,6,1,6,1,3,2,2,6,6,4,10,10,1,1,,,2,1,,,3,5,6,8,6,5,8,9,10,1,2,10,10,10,9,7,6,1,1,3,6,10,1,,1,,,3,4,6,10,1,7,10,1,4,6,3,4,3,2,3,2,1,9,7,1,1,2,3,5,3,8,6,7,6,8,3,4,3,9,9,4,9,8,3,6,,,6,10,,,3,6,3,3,3,3,4,8,5,9,4,5,2,2,2,7,5,7,3,5,3,9,7,3,,9,,,b'\x11\xe8\xe1I\xc8bN\x1c\xaf\x82\x12\xdf\x17\xaeN\x1e'
11E8E149-C862-4E1C-AF82-12DF17AE4E1E,2013-ncaa-d1-natl,ncaa,135,165,49,158,74,86,102,56,212,235,252,205,8,8,85,16,204,201,202,191,122,65,61,127,147,136,18,13,296,136,258,18,115,37,171,100,139,224,135,134,332,345,37,88,,,126,39,,,198,46,70,267,112,139,69,294,296,10,10,260,250,245,102,115,192,13,42,127,161,342,45,,64,,,193,325,330,337,152,323,333,151,256,277,144,156,175,162,210,153,39,336,298,141,114,255,73,159,65,296,115,331,258,330,171,247,70,303,339,318,306,233,194,237,,,147,268,,,198,297,148,261,194,281,304,339,306,336,228,240,131,114,107,338,268,251,305,304,203,331,256,166,,229,,,b'\x11\xe8\xe1I\xc8bN\x1c\xaf\x82\x12\xdf\x17\xaeN\x1e'
11E8E149-C862-4E1C-AF82-12DF17AE4E1E,2013-ncaa-d1-ncaatournament,ncaa,33,2,33,33,35,64,64,59,58,64,60,63,28,31,29,2,62,62,59,62,62,62,57,53,58,63,1,1,62,61,61,59,45,63,63,51,15,28,62,60,60,58,38,39,,,3,7,,,64,49,35,7,64,64,56,64,58,6,9,62,62,62,61,54,61,59,63,50,60,57,33,,6,,,64,32,33,30,64,33,16,63,39,29,60,48,11,10,40,7,11,26,14,64,64,64,29,51,7,14,45,22,61,21,63,44,54,64,64,64,34,62,43,64,,,61,62,,,64,14,64,64,64,64,64,59,62,41,63,55,19,17,15,52,23,23,54,49,64,64,61,60,,61,,,b'\x11\xe8\xe1I\xc8bN\x1c\xaf\x82\x12\xdf\x17\xaeN\x1e'
11E8E149-C862-4E1C-AF82-12DF17AE4E1E,2014-ncaa-d0-natl,ncaa,47,41,85,51,123,74,79,62,126,191,258,59,14,7,110,15,228,231,173,231,156,83,137,62,83,37,41,14,325,198,271,26,61,61,146,64,97,13,13,21,245,279,64,86,,,22,6,,,36,112,142,270,64,65,59,236,297,16,12,260,272,275,92,212,236,8,48,59,9,270,70,,9,,,33,128,184,312,17,150,288,23,249,304,67,269,34,41,72,44,15,294,244,27,12,42,153,282,25,236,61,307,271,298,146,132,109,265,316,235,48,41,158,228,,,210,276,,,36,241,50,48,34,68,137,324,114,257,229,301,19,30,30,277,193,184,284,268,102,305,41,126,,281,,,b'\x11\xe8\xe1I\xc8bN\x1c\xaf\x82\x12\xdf\x17\xaeN\x1e'
11E8E149-C862-4E1C-AF82-12DF17AE4E1E,2014-ncaa-d1-conf-WAC,ncaa,1,1,1,1,2,1,1,2,3,4,5,3,1,2,1,2,4,3,6,4,2,3,4,1,1,1,3,2,8,6,6,1,2,1,3,1,2,1,2,1,4,6,1,1,,,4,1,,,1,3,4,7,2,2,3,5,9,2,2,6,5,5,3,6,7,1,1,1,1,6,1,,1,,,1,2,2,9,1,3,9,1,5,7,1,4,3,3,2,3,1,9,8,1,1,1,5,8,3,9,2,8,6,8,3,2,4,5,7,3,3,3,4,6,,,3,5,,,1,7,1,1,1,1,1,9,1,8,3,6,2,2,2,6,5,4,5,5,1,7,3,2,,7,,,b'\x11\xe8\xe1I\xc8bN\x1c\xaf\x82\x12\xdf\x17\xaeN\x1e'
11E8E149-C862-4E1C-AF82-12DF17AE4E1E,2014-ncaa-d1-natl,ncaa,36,40,33,44,54,42,38,36,128,147,218,59,10,4,105,16,206,204,169,203,169,49,86,61,85,38,43,21,327,162,260,10,49,29,128,38,92,25,14,16,236,289,45,74,,,33,6,,,28,63,152,273,63,67,62,227,293,17,16,264,275,277,95,212,228,6,39,53,9,276,57,,9,,,30,172,231,333,15,197,312,22,273,324,40,280,35,51,65,53,14,317,291,18,7,36,146,279,23,262,49,330,260,328,128,153,94,247,323,228,84,53,154,199,,,164,278,,,28,293,45,41,29,53,120,324,108,256,217,303,14,25,26,274,186,175,280,261,82,313,50,107,,285,,,b'\x11\xe8\xe1I\xc8bN\x1c\xaf\x82\x12\xdf\x17\xaeN\x1e'
11E8E149-C862-4E1C-AF82-12DF17AE4E1E,2014-ncaa-d1-ncaatournament,ncaa,33,2,33,33,34,62,58,62,46,54,60,35,52,48,49,15,63,58,63,56,44,63,59,43,53,59,48,22,62,60,64,55,42,59,59,58,49,31,62,60,57,54,36,32,,,1,2,,,62,53,47,3,62,58,62,53,60,43,29,63,57,55,63,59,60,54,59,57,54,54,25,,1,,,62,26,33,27,62,35,29,62,18,12,55,22,2,3,6,1,1,18,7,59,59,63,1,29,2,6,42,14,64,11,59,19,13,60,61,62,32,63,1,7,,,58,46,,,62,13,61,61,63,58,63,56,63,59,36,19,2,3,1,38,16,19,44,37,47,59,60,2,,58,,,b'\x11\xe8\xe1I\xc8bN\x1c\xaf\x82\x12\xdf\x17\xaeN\x1e'
11E8E149-C862-4E1C-AF82-12DF17AE4E1E,2015-ncaa-d0-natl,ncaa,232,161,322,216,332,238,265,231,264,310,308,251,89,77,157,49,221,221,197,227,85,235,284,200,205,159,33,40,177,200,212,102,49,138,105,212,115,29,63,90,310,304,122,95,,,42,103,,,153,294,52,283,103,155,46,260,235,38,26,128,118,121,48,72,110,1,7,117,103,279,81,,142,,,152,57,29,118,15,15,74,17,229,230,176,276,183,145,311,149,224,116,49,32,51,153,329,302,266,71,49,173,212,126,105,145,319,339,327,313,33,79,238,313,,,256,168,,,153,56,144,143,148,215,137,329,63,238,305,319,278,246,252,331,280,201,330,310,263,308,108,306,,97,,,b'\x11\xe8\xe1I\xc8bN\x1c\xaf\x82\x12\xdf\x17\xaeN\x1e'
11E8E149-C862-4E1C-AF82-12DF17AE4E1E,2015-ncaa-d1-conf-Big Sky,ncaa,8,5,9,8,11,7,9,5,9,10,11,9,3,3,7,3,6,6,5,6,2,5,10,8,8,6,2,3,5,4,5,2,1,3,3,9,5,1,4,4,9,9,3,3,,,3,5,,,5,10,3,10,3,5,2,10,10,3,2,2,4,4,2,3,3,1,1,5,4,8,2,,6,,,5,3,2,5,2,1,5,2,7,6,7,7,5,4,11,4,7,5,3,2,2,4,11,11,8,3,1,8,5,5,3,5,8,12,12,11,2,3,11,11,,,7,6,,,5,3,5,4,5,5,4,12,3,12,9,10,10,10,10,11,9,6,11,9,8,11,3,11,,2,,,b'\x11\xe8\xe1I\xc8bN\x1c\xaf\x82\x12\xdf\x17\xaeN\x1e'
11E8E149-C862-4E1C-AF82-12DF17AE4E1E,2015-ncaa-d1-natl,ncaa,206,160,298,199,329,174,201,151,249,287,281,236,58,46,145,43,199,193,201,195,103,167,211,187,198,144,33,33,213,131,176,47,23,68,53,140,86,35,50,72,294,289,109,88,,,63,99,,,102,237,54,285,84,123,30,253,228,31,19,144,132,136,33,62,73,1,2,82,97,279,84,,132,,,95,61,40,179,9,12,102,4,270,286,157,289,196,170,276,174,225,173,90,17,32,121,335,315,262,75,23,247,176,178,53,144,312,322,316,294,52,75,251,309,,,227,217,,,102,113,122,109,96,163,102,317,31,196,306,324,253,235,237,318,253,142,314,284,218,298,112,305,,132,,,b'\x11\xe8\xe1I\xc8bN\x1c\xaf\x82\x12\xdf\x17\xaeN\x1e'
11E8E149-C862-4E1C-AF82-12DF17AE4E1E,2016-ncaa-d0-natl,ncaa,65,58,76,65,89,37,55,35,142,218,238,181,4,6,24,9,130,125,171,125,67,41,59,49,58,36,4,5,286,84,176,26,96,33,106,43,81,74,26,32,119,182,35,47,,,74,15,,,41,56,62,74,21,45,23,266,288,2,6,158,169,170,25,55,110,14,22,38,45,152,28,,39,,,40,263,282,320,59,245,300,75,277,318,102,264,116,108,192,107,49,315,299,64,53,106,177,253,66,284,96,321,176,322,106,156,61,174,265,172,170,98,308,326,,,153,284,,,41,296,28,117,41,206,229,328,201,284,255,305,86,80,76,314,298,241,294,290,119,223,142,300,,215,,,b'\x11\xe8\xe1I\xc8bN\x1c\xaf\x82\x12\xdf\x17\xaeN\x1e'
11E8E149-C862-4E1C-AF82-12DF17AE4E1E,2016-ncaa-d1-conf-Big Sky,ncaa,1,1,2,1,3,2,3,2,7,9,11,9,2,2,1,2,4,4,8,4,1,2,2,1,2,2,1,2,9,4,6,1,3,1,4,2,3,5,3,4,6,7,2,2,,,3,2,,,1,4,6,6,3,5,3,11,11,2,2,5,4,4,3,4,4,1,2,4,2,6,2,,2,,,1,6,9,10,2,9,11,2,7,8,2,6,2,2,5,3,2,10,9,2,2,2,3,7,2,8,3,9,6,9,4,4,1,5,6,5,5,3,11,11,,,5,7,,,1,9,1,2,1,5,6,10,6,10,7,7,1,1,2,8,6,6,8,8,3,7,5,10,,6,,,b'\x11\xe8\xe1I\xc8bN\x1c\xaf\x82\x12\xdf\x17\xaeN\x1e'
11E8E149-C862-4E1C-AF82-12DF17AE4E1E,2016-ncaa-d1-natl,ncaa,47,58,30,60,36,22,38,19,146,198,206,173,3,6,23,10,123,118,174,121,81,25,29,50,63,34,5,5,294,71,187,13,94,22,108,24,79,90,26,27,94,166,28,49,,,87,15,,,34,30,70,82,28,47,25,266,293,3,7,179,187,191,30,70,124,16,29,35,38,134,32,,33,,,35,285,308,337,71,286,317,86,294,325,88,263,128,114,182,117,47,337,329,67,52,102,161,246,62,298,94,333,187,330,108,179,54,129,248,155,202,97,329,331,,,144,303,,,34,324,31,113,41,194,217,323,195,276,244,300,68,66,67,299,283,221,288,281,111,216,134,302,,247,,,b'\x11\xe8\xe1I\xc8bN\x1c\xaf\x82\x12\xdf\x17\xaeN\x1e'
11E8E149-C862-4E1C-AF82-12DF17AE4E1E,2016-ncaa-d1-ncaatournament,ncaa,33,2,33,33,33,43,38,36,48,48,62,7,30,17,51,1,61,61,61,61,61,41,46,44,55,38,20,3,62,48,47,56,62,53,62,36,23,2,4,6,48,49,59,61,,,1,1,,,56,48,31,1,39,28,4,45,61,5,1,61,61,61,15,30,29,56,53,17,2,42,58,,1,,,57,28,31,32,52,32,29,54,31,28,50,46,1,1,19,1,1,28,22,54,51,57,13,50,1,29,62,27,47,29,62,43,60,53,48,63,2,5,40,64,,,63,63,,,56,20,37,61,56,60,63,64,62,61,58,53,3,2,2,59,49,60,59,61,63,42,4,61,,63,,,b'\x11\xe8\xe1I\xc8bN\x1c\xaf\x82\x12\xdf\x17\xaeN\x1e'
11E8E149-C862-4E1C-AF82-12DF17AE4E1E,2017-ncaa-d0-natl,ncaa,136,152,74,152,108,63,82,84,104,259,340,42,3,6,57,1,157,249,7,235,39,105,147,31,30,25,1,1,286,308,333,58,61,139,232,63,84,48,41,37,298,330,260,289,,,45,21,,,140,90,126,252,52,96,133,322,345,2,4,205,299,292,170,255,331,47,208,68,28,324,282,,27,,,140,319,329,312,235,287,264,232,338,324,298,302,55,62,125,64,46,300,254,281,228,313,207,322,16,156,61,321,333,290,232,266,90,295,338,321,177,156,53,202,,,188,228,,,140,271,47,293,136,279,315,319,253,231,325,315,50,50,53,291,184,107,285,227,226,333,132,41,,265,,,b'\x11\xe8\xe1I\xc8bN\x1c\xaf\x82\x12\xdf\x17\xaeN\x1e'
11E8E149-C862-4E1C-AF82-12DF17AE4E1E,2017-ncaa-d1-conf-Big Sky,ncaa,4,4,2,4,5,2,4,3,4,12,12,3,1,2,2,1,4,8,1,7,2,3,5,2,2,2,1,1,8,10,11,3,2,3,5,4,4,5,4,2,11,12,6,8,,,1,1,,,3,4,6,11,3,7,6,12,12,1,2,3,9,9,7,7,10,3,6,4,2,12,8,,1,,,3,8,10,10,7,10,12,7,5,6,5,4,2,3,2,3,1,10,9,7,4,7,2,5,2,3,2,9,11,8,5,6,3,12,12,10,8,6,5,11,,,6,10,,,3,10,2,6,3,6,8,8,9,10,3,5,2,2,2,8,4,2,7,3,4,12,5,4,,11,,,b'\x11\xe8\xe1I\xc8bN\x1c\xaf\x82\x12\xdf\x17\xaeN\x1e'
11E8E149-C862-4E1C-AF82-12DF17AE4E1E,2017-ncaa-d1-natl,ncaa,121,151,27,139,46,38,59,51,95,249,334,42,2,4,50,2,134,236,6,229,48,67,91,23,25,20,2,1,288,302,333,25,61,98,228,45,87,80,47,39,291,328,243,288,,,68,21,,,117,40,125,253,52,95,136,317,345,3,4,205,302,298,177,260,333,37,208,71,30,326,270,,26,,,118,333,342,334,215,317,310,214,336,331,267,292,67,77,88,84,40,329,304,241,186,297,165,304,15,216,61,333,333,323,228,283,85,285,339,319,226,183,74,203,,,158,243,,,117,312,49,272,117,264,307,319,260,251,313,310,43,54,56,291,184,119,273,226,202,334,156,38,,275,,,b'\x11\xe8\xe1I\xc8bN\x1c\xaf\x82\x12\xdf\x17\xaeN\x1e'
11E8E149-C862-4E1C-AF82-12DF17AE4E1E,2018-ncaa-d0-natl,ncaa,118,129,73,131,105,43,55,81,59,207,304,37,5,6,32,8,156,241,8,230,94,92,118,21,21,22,5,5,306,230,262,56,37,94,116,68,135,69,56,45,346,347,210,241,,,85,39,,,174,86,127,276,39,52,104,266,335,3,7,197,280,271,127,210,282,53,127,64,52,348,238,,41,,,174,334,333,314,301,290,250,275,349,344,339,328,118,119,172,112,79,308,239,329,318,345,294,342,21,120,37,232,262,192,116,292,77,341,347,348,121,96,139,243,,,195,237,,,174,262,30,341,174,333,335,325,256,194,348,342,89,88,87,311,140,81,174,134,253,347,91,108,,250,,,b'\x11\xe8\xe1I\xc8bN\x1c\xaf\x82\x12\xdf\x17\xaeN\x1e'
11E8E149-C862-4E1C-AF82-12DF17AE4E1E,2018-ncaa-d1-conf-Big Sky,ncaa,2,2,1,2,3,1,1,1,3,6,11,3,1,1,1,2,4,7,1,6,2,1,1,1,1,1,1,2,9,6,4,1,3,1,3,1,1,7,3,1,12,12,10,10,,,2,2,,,4,1,5,7,2,2,5,10,11,1,2,4,8,8,5,7,7,3,3,1,3,12,10,,2,,,4,12,12,12,9,9,11,5,12,11,11,10,3,3,1,3,2,12,11,10,6,11,7,11,2,7,3,6,4,5,3,9,5,12,12,12,8,6,4,7,,,5,8,,,4,11,1,11,4,10,10,10,6,10,12,11,2,3,3,9,7,5,3,4,6,12,5,4,,7,,,b'\x11\xe8\xe1I\xc8bN\x1c\xaf\x82\x12\xdf\x17\xaeN\x1e'
11E8E149-C862-4E1C-AF82-12DF17AE4E1E,2018-ncaa-d1-natl,ncaa,106,129,53,130,90,42,53,70,64,210,302,39,5,6,32,8,153,236,10,225,97,81,100,21,23,22,5,5,302,236,260,42,27,78,110,58,137,63,55,42,346,348,211,239,,,89,42,,,189,75,125,276,41,52,96,270,333,4,6,195,277,266,122,213,281,46,123,67,50,348,233,,44,,,190,338,339,323,312,298,267,282,349,346,341,329,115,108,173,105,73,318,254,334,323,346,288,341,15,102,27,244,260,202,110,296,72,344,347,348,120,90,129,221,,,197,239,,,189,275,32,342,192,333,338,325,265,200,349,343,79,76,75,311,135,59,178,126,252,347,84,98,,249,,,b'\x11\xe8\xe1I\xc8bN\x1c\xaf\x82\x12\xdf\x17\xaeN\x1e'
11E8E149-C862-4E1C-AF82-12DF17AE4E1E,2019-ncaa-d0-natl,ncaa,63,93,26,89,43,17,18,19,55,120,180,61,1,2,12,6,218,276,36,281,286,24,42,23,27,15,9,2,347,103,221,43,51,51,140,39,225,24,8,19,335,347,196,273,,,224,87,,,96,35,97,272,16,21,18,224,289,1,3,295,323,327,43,147,180,75,104,74,12,345,231,,94,,,99,347,345,335,298,346,345,241,283,214,332,50,298,245,346,253,71,338,312,286,298,341,84,111,126,165,51,339,221,315,140,251,19,307,344,320,155,66,206,217,,,172,302,,,96,320,13,332,99,326,326,315,327,334,219,110,235,152,159,307,175,69,256,181,152,343,68,138,,287,,,b'\x11\xe8\xe1I\xc8bN\x1c\xaf\x82\x12\xdf\x17\xaeN\x1e'
11E8E149-C862-4E1C-AF82-12DF17AE4E1E,2019-ncaa-d1-conf-Big Sky,ncaa,1,1,3,1,6,1,1,1,2,6,9,1,1,1,1,1,9,11,3,11,9,1,3,1,1,1,2,1,11,3,3,3,1,4,2,2,8,1,1,1,11,11,6,8,,,6,5,,,3,4,3,11,1,1,1,7,9,1,1,9,11,11,1,3,4,3,3,3,1,11,6,,6,,,3,8,8,6,6,9,11,3,2,1,11,1,9,6,11,6,4,7,6,5,7,8,2,2,10,2,1,6,3,4,2,3,1,11,11,5,1,1,4,4,,,9,10,,,3,8,1,6,3,7,8,8,9,11,2,1,9,6,6,9,5,2,7,2,3,11,1,4,,9,,,b'\x11\xe8\xe1I\xc8bN\x1c\xaf\x82\x12\xdf\x17\xaeN\x1e'
11E8E149-C862-4E1C-AF82-12DF17AE4E1E,2019-ncaa-d1-natl,ncaa,61,92,21,86,33,17,16,14,57,119,186,59,1,3,9,6,223,275,31,278,286,24,41,23,28,17,9,2,346,109,221,30,44,42,133,39,227,26,8,17,333,346,197,279,,,211,92,,,92,30,103,272,16,21,19,228,293,1,3,299,325,329,45,148,186,74,111,73,11,343,232,,93,,,100,346,346,335,304,346,345,239,296,219,336,52,287,236,347,239,66,338,316,293,304,344,85,118,119,155,44,336,221,319,133,265,27,304,343,324,156,65,195,205,,,173,300,,,92,322,14,332,97,325,325,310,326,334,229,111,222,146,150,305,166,56,244,169,163,343,67,131,,287,,,b'\x11\xe8\xe1I\xc8bN\x1c\xaf\x82\x12\xdf\x17\xaeN\x1e'
11E8E149-C862-4E1C-AF82-12DF17AE4E1E,2020-ncaa-d0-natl,ncaa,39,55,33,54,34,103,103,46,217,182,237,99,51,13,272,33,217,205,213,212,153,59,153,169,188,101,71,58,278,165,261,18,34,40,142,114,163,8,8,28,304,322,96,146,,,77,56,,,61,154,304,5,157,158,90,234,289,65,18,255,248,254,112,270,207,24,63,146,6,323,119,,37,,,64,108,146,275,36,181,314,30,98,112,87,78,89,79,246,81,31,248,196,25,25,62,93,119,132,127,34,332,261,298,142,45,31,277,293,139,33,31,176,209,,,53,58,,,61,203,100,54,60,48,74,205,119,278,73,79,69,54,57,154,70,75,306,244,28,308,21,144,,110,,,b'\x11\xe8\xe1I\xc8bN\x1c\xaf\x82\x12\xdf\x17\xaeN\x1e'
11E8E149-C862-4E1C-AF82-12DF17AE4E1E,2020-ncaa-d1-conf-Big Sky,ncaa,2,2,1,2,2,6,7,4,7,7,9,3,4,2,10,3,6,7,8,7,5,5,6,8,8,5,4,4,6,5,7,2,2,4,5,7,7,1,1,1,11,11,4,5,,,1,2,,,2,9,11,2,7,8,4,8,9,4,2,7,7,7,6,8,5,2,5,7,1,11,4,,1,,,2,1,3,6,2,6,10,1,2,1,6,1,1,1,9,1,1,3,2,2,1,3,2,3,3,2,2,10,7,8,5,3,4,7,7,5,1,2,6,8,,,4,1,,,2,4,3,1,2,1,3,5,5,10,2,1,1,1,1,2,1,2,10,8,2,7,1,6,,4,,,b'\x11\xe8\xe1I\xc8bN\x1c\xaf\x82\x12\xdf\x17\xaeN\x1e'
11E8E149-C862-4E1C-AF82-12DF17AE4E1E,2020-ncaa-d1-natl,ncaa,47,55,45,57,47,127,131,64,230,211,264,106,57,16,271,33,235,228,212,236,152,81,201,180,197,105,70,59,274,193,268,23,36,56,155,131,166,8,10,30,313,326,110,149,,,62,56,,,73,200,306,5,164,167,97,243,291,65,18,258,247,256,121,276,214,28,69,158,6,325,122,,39,,,76,89,121,254,40,161,299,30,85,91,90,74,81,70,249,72,31,210,137,27,28,70,87,113,129,111,36,323,268,280,155,37,31,295,298,149,28,33,165,215,,,73,57,,,73,157,108,62,68,57,82,212,125,279,71,77,71,58,59,160,71,79,309,248,31,312,21,151,,111,,,b'\x11\xe8\xe1I\xc8bN\x1c\xaf\x82\x12\xdf\x17\xaeN\x1e'
11E8E149-C862-4E1C-AF82-12DF17AE4E1E,2021-ncaa-d0-natl,ncaa,44,60,89,53,107,69,83,56,209,116,135,111,41,20,232,32,60,79,59,88,82,54,92,155,144,75,56,69,137,72,200,50,65,54,117,115,241,70,11,57,215,292,185,279,,,69,2,,,91,98,100,163,51,90,24,181,216,43,16,64,101,114,25,94,107,30,34,163,12,281,237,,1,,,96,260,291,292,199,300,300,182,252,253,169,171,53,75,13,73,7,270,242,178,101,205,33,198,4,213,65,307,200,285,117,148,11,219,312,203,89,25,294,278,,,54,62,,,91,245,65,191,99,224,299,326,299,314,205,228,7,14,13,281,221,144,307,278,69,305,31,265,,46,,,b'\x11\xe8\xe1I\xc8bN\x1c\xaf\x82\x12\xdf\x17\xaeN\x1e'
11E8E149-C862-4E1C-AF82-12DF17AE4E1E,2021-ncaa-d1-conf-Big Sky,ncaa,2,2,4,2,5,2,3,3,6,3,4,2,3,2,7,2,4,3,7,4,5,3,3,5,5,4,6,3,7,1,5,1,1,1,4,3,8,2,1,2,8,8,9,10,,,2,1,,,3,3,3,7,1,3,1,4,7,3,2,5,5,5,1,4,3,2,2,4,1,8,9,,1,,,3,6,9,9,6,9,10,6,4,4,4,2,2,2,1,2,1,7,8,5,3,3,1,1,1,3,1,9,5,8,4,4,1,8,8,3,2,1,9,9,,,1,2,,,3,9,3,3,3,4,7,9,9,11,2,2,1,1,1,6,7,1,10,8,2,9,1,8,,2,,,b'\x11\xe8\xe1I\xc8bN\x1c\xaf\x82\x12\xdf\x17\xaeN\x1e'
11E8E149-C862-4E1C-AF82-12DF17AE4E1E,2021-ncaa-d1-natl,ncaa,46,60,105,55,125,79,94,67,215,128,150,117,44,22,234,32,67,91,58,99,82,64,107,161,148,75,52,67,130,81,203,56,67,59,123,128,244,64,12,58,230,296,198,284,,,61,2,,,99,114,104,158,56,95,25,186,223,46,16,67,101,116,26,96,112,33,35,171,12,284,240,,1,,,104,245,289,289,207,298,293,189,243,244,180,167,50,68,12,66,7,259,228,192,109,220,31,197,4,204,67,300,203,276,123,135,11,233,314,214,81,25,289,281,,,61,65,,,99,230,66,206,106,228,302,326,303,317,209,225,7,14,13,285,220,147,310,287,72,308,29,269,,47,,,b'\x11\xe8\xe1I\xc8bN\x1c\xaf\x82\x12\xdf\x17\xaeN\x1e'
11E8E149-C862-4E1C-AF82-12DF17AE4E1E,2022-ncaa-d0-natl,ncaa,199,245,79,227,95,90,106,59,242,202,209,175,22,10,164,19,161,210,36,207,178,70,98,164,163,100,22,21,257,301,350,44,40,123,304,89,97,53,23,43,280,328,213,278,,,77,22,,,236,57,38,236,102,130,32,275,286,24,10,201,259,259,64,150,340,45,184,100,29,315,239,,32,,,230,331,335,314,271,331,302,252,298,274,280,176,241,235,268,226,115,315,286,268,261,307,123,176,101,122,40,355,350,344,304,225,42,215,303,249,138,80,136,165,,,170,271,,,236,297,170,270,232,310,320,303,311,294,268,238,190,173,161,299,256,82,356,328,169,280,86,91,,253,,,b'\x11\xe8\xe1I\xc8bN\x1c\xaf\x82\x12\xdf\x17\xaeN\x1e'
11E8E149-C862-4E1C-AF82-12DF17AE4E1E,2022-ncaa-d1-conf-Big Sky,ncaa,3,5,1,4,1,1,1,1,4,2,6,2,1,1,5,1,4,6,1,6,6,1,1,3,2,1,2,1,7,10,10,1,2,4,9,1,1,2,1,1,7,8,4,6,,,4,1,,,4,1,1,7,1,2,2,7,7,1,1,6,7,7,2,6,10,4,7,2,1,8,5,,2,,,4,10,10,10,9,10,10,8,9,6,6,2,7,7,5,7,4,10,10,7,7,8,3,3,5,6,2,10,10,10,9,6,1,4,5,4,4,3,3,6,,,4,5,,,4,10,4,7,4,9,9,10,9,9,3,2,4,5,5,9,10,1,10,8,4,5,3,3,,5,,,b'\x11\xe8\xe1I\xc8bN\x1c\xaf\x82\x12\xdf\x17\xaeN\x1e'
11E8E149-C862-4E1C-AF82-12DF17AE4E1E,2022-ncaa-d1-natl,ncaa,199,245,67,228,83,76,91,38,260,216,211,195,15,8,143,18,166,213,57,214,184,51,79,165,164,101,16,15,266,295,349,37,33,95,301,69,88,46,16,30,275,330,220,286,,,80,22,,,229,39,40,240,97,128,26,296,287,14,7,212,261,262,51,136,331,40,152,82,24,312,255,,33,,,225,335,337,324,262,332,314,253,299,281,262,163,252,239,270,229,113,328,304,261,255,306,117,171,111,122,33,356,349,348,301,233,42,223,308,251,129,68,132,167,,,186,296,,,229,317,165,269,223,308,317,309,306,301,251,228,201,182,173,304,259,74,356,333,166,282,79,88,,278,,,b'\x11\xe8\xe1I\xc8bN\x1c\xaf\x82\x12\xdf\x17\xaeN\x1e'
11E8E149-C862-4E1C-AF82-12DF17AE4E1E,2023-ncaa-d0-natl,ncaa,195,203,164,209,185,117,154,162,145,283,338,82,21,18,80,8,184,208,68,207,51,169,257,68,65,35,6,7,236,360,361,83,102,261,349,137,112,8,18,29,345,352,272,312,,,25,12,,,212,134,80,118,85,128,136,306,343,7,9,166,202,203,155,280,360,38,287,114,8,349,278,,24,,,212,300,319,291,249,305,291,189,288,235,324,175,130,100,286,86,42,272,204,260,249,330,148,239,50,168,102,355,361,338,349,207,60,333,351,330,28,61,32,145,,,167,68,,,212,214,120,325,220,322,337,341,323,337,308,257,143,107,96,335,260,195,360,349,223,342,40,32,,144,,,b'\x11\xe8\xe1I\xc8bN\x1c\xaf\x82\x12\xdf\x17\xaeN\x1e'
11E8E149-C862-4E1C-AF82-12DF17AE4E1E,2023-ncaa-d1-conf-Big Sky,ncaa,7,6,6,7,8,6,7,8,4,8,10,2,2,2,5,1,7,8,4,8,2,8,10,3,3,3,1,2,5,10,10,5,8,9,10,5,3,1,2,1,10,10,8,10,,,1,1,,,6,5,4,8,6,6,6,7,9,2,1,5,7,7,6,7,10,4,7,5,1,10,8,,1,,,6,6,8,8,7,8,10,5,4,2,10,2,2,2,9,2,1,6,4,7,5,7,1,5,3,8,8,9,10,8,10,5,2,8,8,7,2,4,3,6,,,5,2,,,6,4,6,8,6,9,9,9,9,10,5,4,2,2,2,9,7,9,10,10,6,8,2,4,,2,,,b'\x11\xe8\xe1I\xc8bN\x1c\xaf\x82\x12\xdf\x17\xaeN\x1e'
11E8E149-C862-4E1C-AF82-12DF17AE4E1E,2023-ncaa-d1-natl,ncaa,219,203,219,219,244,146,196,212,154,313,351,89,24,25,83,8,203,229,66,227,50,225,312,75,70,36,6,8,227,361,361,109,111,307,351,154,118,5,20,30,350,353,292,317,,,19,13,,,239,188,88,103,90,144,154,316,346,9,10,168,206,203,175,287,360,38,298,126,8,351,286,,24,,,241,287,310,272,262,286,277,204,275,214,333,176,110,84,295,68,43,245,147,274,263,338,145,244,51,142,111,355,361,328,351,192,60,350,354,335,16,65,25,150,,,198,63,,,239,153,126,334,246,334,343,342,328,338,310,262,151,108,97,338,256,203,360,352,231,346,41,35,,145,,,b'\x11\xe8\xe1I\xc8bN\x1c\xaf\x82\x12\xdf\x17\xaeN\x1e'
11E8E149-C862-4E1C-AF82-12DF17AE4E1E,2024-ncaa-d0-natl,ncaa,206,176,258,207,274,293,297,315,232,319,318,245,165,191,111,87,309,338,25,338,289,331,345,192,187,175,79,68,253,337,328,201,28,282,193,298,262,22,136,191,248,155,235,219,,,7,43,,,165,336,341,171,285,287,310,320,304,138,159,306,332,333,328,351,331,126,260,301,49,215,217,,17,,,163,14,28,48,86,58,111,71,25,32,109,76,48,22,355,21,57,31,21,57,71,122,77,84,187,6,28,132,328,51,193,2,1,321,233,20,47,166,334,357,,,317,160,,,165,32,196,83,148,33,54,63,102,173,37,41,100,47,45,35,13,19,232,109,2,312,79,349,,290,,,b'\x11\xe8\xe1I\xc8bN\x1c\xaf\x82\x12\xdf\x17\xaeN\x1e'
11E8E149-C862-4E1C-AF82-12DF17AE4E1E,2024-ncaa-d1-conf-Big Sky,ncaa,6,6,7,6,8,9,9,8,4,8,7,6,7,6,5,4,9,9,2,9,9,9,10,4,4,5,6,4,7,10,10,7,3,9,7,9,9,3,5,7,4,4,7,7,,,1,2,,,7,9,9,6,8,8,8,8,7,7,6,9,9,9,9,10,10,6,9,9,4,4,6,,2,,,7,1,4,3,4,4,5,2,2,1,6,2,1,1,7,1,1,1,1,3,4,5,3,5,3,2,3,4,10,4,7,1,1,7,5,3,1,4,10,10,,,8,2,,,7,2,6,3,7,3,4,4,6,5,2,2,2,1,1,2,1,2,7,4,1,7,2,10,,6,,,b'\x11\xe8\xe1I\xc8bN\x1c\xaf\x82\x12\xdf\x17\xaeN\x1e'
11E8E149-C862-4E1C-AF82-12DF17AE4E1E,2024-ncaa-d1-natl,ncaa,190,177,194,197,222,268,270,287,232,313,292,262,139,180,87,100,293,327,21,328,292,306,333,188,182,168,77,67,248,321,314,153,21,239,165,280,251,33,133,189,228,158,228,230,,,9,37,,,149,325,340,189,280,288,306,323,292,130,170,295,331,331,323,348,317,116,242,294,56,209,224,,15,,,149,18,41,69,85,66,141,65,44,44,131,87,54,25,341,26,53,43,26,60,70,105,91,109,155,12,21,175,314,69,165,2,1,302,228,18,58,152,347,360,,,295,164,,,149,46,190,79,138,29,56,69,78,172,50,48,83,42,40,33,15,19,217,92,2,302,74,350,,290,,,b'\x11\xe8\xe1I\xc8bN\x1c\xaf\x82\x12\xdf\x17\xaeN\x1e'
11E8E149-C862-4E1C-AF82-12DF17AE4E1E,2025-ncaa-d0-natl,genius_ncaa,147,91,301,127,327,241,223,196,241,226,199,238,219,202,245,167,290,321,46,324,335,226,279,243,246,201,212,173,254,172,156,77,14,103,48,220,191,39,81,137,322,304,227,204,,,70,174,,18,119,304,150,268,170,146,57,159,103,181,135,254,297,294,93,127,97,6,11,172,95,305,187,,160,,32,111,17,21,110,13,20,129,9,133,116,173,196,35,36,246,38,64,79,50,16,16,57,265,284,151,31,14,160,156,104,48,8,28,320,283,120,99,162,318,328,,,324,308,,150,119,68,180,42,109,73,72,265,57,257,206,214,102,82,84,230,160,98,303,227,23,287,177,347,,278,,111,b'\x11\xe8\xe1I\xc8bN\x1c\xaf\x82\x12\xdf\x17\xaeN\x1e'
11E8E149-C862-4E1C-AF82-12DF17AE4E1E,2025-ncaa-d1-conf-Big Sky,genius_ncaa,3,3,7,3,10,7,6,6,9,5,4,8,6,4,8,4,6,8,4,8,10,6,8,8,8,5,6,6,7,5,7,2,1,2,3,7,6,3,3,4,10,10,7,7,,,7,8,,5,3,7,5,7,5,6,3,3,3,6,4,6,8,8,3,4,4,1,2,7,3,9,7,,8,,6,3,2,1,5,1,2,6,1,3,4,6,4,4,4,2,3,5,3,1,1,1,2,7,6,5,2,1,7,7,4,3,1,1,8,7,2,3,4,9,9,,,7,7,,2,3,4,6,2,3,2,3,7,3,8,5,4,4,5,5,5,4,4,9,6,1,8,3,9,,7,,2,b'\x11\xe8\xe1I\xc8bN\x1c\xaf\x82\x12\xdf\x17\xaeN\x1e'
11E8E149-C862-4E1C-AF82-12DF17AE4E1E,2025-ncaa-d1-natl,genius_ncaa,130,91,244,118,288,204,187,161,229,203,164,234,185,169,209,156,259,305,30,305,328,188,235,229,228,178,191,155,250,150,158,48,12,62,41,195,188,55,71,125,317,311,195,188,,,101,169,,17,104,253,158,268,158,137,56,166,110,153,121,240,294,294,92,136,108,5,11,167,87,311,174,,153,,30,98,35,36,172,9,29,175,8,172,187,160,216,53,52,241,52,62,143,94,14,14,61,270,290,144,47,12,210,158,143,41,13,30,306,292,126,128,160,318,313,,,304,311,,140,104,118,157,42,96,70,69,264,55,250,214,232,89,80,78,232,151,87,290,215,26,296,172,334,,284,,117,b'\x11\xe8\xe1I\xc8bN\x1c\xaf\x82\x12\xdf\x17\xaeN\x1e'
11E8E149-C862-4E1C-AF82-12DF17AE4E1E,2026-ncaa-d0-natl,genius_ncaa,55,80,49,81,72,33,20,10,74,13,16,65,83,57,192,217,108,95,227,103,310,18,26,92,109,71,323,238,312,8,23,20,49,7,22,93,343,171,27,91,135,234,32,54,,,326,213,,118,60,41,34,96,22,18,4,12,10,118,86,164,155,163,6,8,8,7,3,126,73,204,37,,255,,70,61,322,304,328,87,250,317,42,342,306,317,184,329,335,199,336,233,332,318,133,148,205,337,300,257,255,49,299,23,290,22,237,81,159,306,201,141,43,310,149,,,153,353,,241,60,320,39,183,72,259,222,308,127,288,318,254,285,280,280,315,299,167,204,173,122,267,72,265,,289,,294,b'\x11\xe8\xe1I\xc8bN\x1c\xaf\x82\x12\xdf\x17\xaeN\x1e'
11E8E149-C862-4E1C-AF82-12DF17AE4E1E,2026-ncaa-d1-natl,genius_ncaa,38,80,13,79,34,9,8,3,76,6,5,75,58,40,149,214,116,108,221,117,335,8,7,92,111,65,323,209,329,4,28,5,43,3,25,59,333,169,23,69,116,225,29,53,,,315,165,,90,53,15,42,98,21,14,4,11,12,108,93,210,196,206,7,14,14,8,5,108,59,196,47,,204,,58,66,336,318,344,86,251,336,46,347,327,306,218,321,321,210,320,211,348,341,130,141,206,330,309,230,255,43,318,28,309,25,249,82,132,286,191,147,40,314,154,,,171,355,,268,53,347,37,180,74,253,207,303,115,259,323,281,248,249,252,311,285,139,205,178,121,245,63,265,,312,,317,b'\x11\xe8\xe1I\xc8bN\x1c\xaf\x82\x12\xdf\x17\xaeN\x1e'
11E8E149-C867-3238-AF82-12DF17AE4E1E,2010-ncaa-d0-natl,ncaa,197,145,288,192,289,279,258,287,191,258,268,227,193,219,110,147,304,317,118,318,288,299,303,188,196,219,150,110,247,315,289,302,310,316,311,162,28,128,245,145,292,282,296,290,,,140,240,,,277,287,196,18,241,215,205,229,205,144,165,272,297,300,247,221,289,255,297,85,225,265,287,,258,,,283,130,117,93,233,97,76,218,213,165,288,229,171,156,230,154,235,88,76,260,271,275,248,239,203,204,310,101,289,138,311,38,43,247,183,127,281,321,210,276,,,254,108,,,277,59,243,309,283,282,252,217,191,169,287,248,250,231,240,234,241,294,234,271,121,162,314,271,,158,,,b'\x11\xe8\xe1I\xc8g28\xaf\x82\x12\xdf\x17\xaeN\x1e'
11E8E149-C867-3238-AF82-12DF17AE4E1E,2010-ncaa-d1-conf-Big Sky,ncaa,4,2,3,3,3,6,5,5,4,6,7,4,5,4,7,4,5,6,4,5,4,5,4,4,5,6,4,4,5,9,8,6,8,6,8,4,2,8,8,5,5,6,8,8,,,8,8,,,6,4,5,1,6,6,6,7,7,6,4,6,7,6,6,5,9,6,8,4,7,6,8,,9,,,6,4,4,5,4,2,3,5,5,7,4,7,5,6,5,6,7,6,6,4,3,2,8,7,6,7,8,5,8,6,8,1,1,3,1,1,8,9,4,5,,,4,3,,,6,6,7,2,6,5,3,5,2,2,6,7,5,6,6,6,7,8,7,7,1,2,9,5,,3,,,b'\x11\xe8\xe1I\xc8g28\xaf\x82\x12\xdf\x17\xaeN\x1e'
11E8E149-C867-3238-AF82-12DF17AE4E1E,2010-ncaa-d1-natl,ncaa,166,145,191,167,193,230,210,224,169,203,211,180,171,186,127,147,283,308,147,310,299,250,243,161,182,196,190,126,273,303,297,259,304,293,316,101,27,172,237,118,238,246,281,280,,,195,224,,,260,210,186,21,227,186,189,190,196,154,164,285,303,306,238,221,296,256,300,66,213,223,275,,245,,,259,193,169,140,209,143,127,186,221,186,280,200,218,198,262,204,229,149,152,230,245,230,239,219,221,251,304,183,297,212,316,53,38,174,159,85,297,313,222,261,,,205,142,,,260,131,232,262,262,253,217,193,185,172,254,213,258,230,234,220,238,284,239,272,89,136,307,252,,171,,,b'\x11\xe8\xe1I\xc8g28\xaf\x82\x12\xdf\x17\xaeN\x1e'
11E8E149-C867-3238-AF82-12DF17AE4E1E,2011-ncaa-d0-natl,ncaa,153,83,288,132,289,228,226,284,119,238,298,118,130,156,92,86,248,302,14,298,232,292,302,97,85,110,104,90,214,317,294,276,295,309,298,237,216,80,205,183,225,196,253,225,,,148,245,,,157,286,180,42,144,152,199,189,254,85,102,189,283,278,234,240,306,200,288,180,172,182,230,,259,,,157,62,46,61,107,33,54,74,183,149,270,209,162,157,208,161,243,64,76,138,153,140,294,254,240,216,295,49,294,98,298,23,36,197,140,57,159,256,38,97,,,248,124,,,157,55,153,183,159,173,138,192,95,157,259,224,239,235,236,213,237,297,157,240,55,119,235,67,,166,,,b'\x11\xe8\xe1I\xc8g28\xaf\x82\x12\xdf\x17\xaeN\x1e'
11E8E149-C867-3238-AF82-12DF17AE4E1E,2011-ncaa-d1-conf-Big Sky,ncaa,5,5,4,5,4,6,5,6,4,6,8,3,3,3,5,2,7,8,2,8,8,7,7,4,4,4,4,3,7,9,8,6,7,8,8,7,6,3,6,4,8,8,8,7,,,8,8,,,6,6,8,1,5,5,6,8,8,4,3,8,8,8,7,9,9,6,9,6,4,8,8,,8,,,6,6,4,4,5,3,2,4,5,4,7,6,6,7,3,7,7,4,4,6,6,5,8,6,5,6,7,5,8,5,8,3,1,6,5,2,2,4,3,3,,,6,4,,,6,3,6,5,6,5,3,5,4,4,6,6,6,6,6,5,5,8,7,7,2,6,4,3,,7,,,b'\x11\xe8\xe1I\xc8g28\xaf\x82\x12\xdf\x17\xaeN\x1e'
11E8E149-C867-3238-AF82-12DF17AE4E1E,2011-ncaa-d1-natl,ncaa,128,82,199,117,211,161,162,209,98,191,248,102,89,124,67,84,216,295,7,294,252,232,252,75,69,78,108,83,243,298,273,237,278,276,276,178,204,97,174,148,165,152,220,202,,,214,249,,,124,223,173,49,117,116,164,173,237,71,90,195,289,289,207,224,289,207,274,145,149,140,210,,257,,,119,115,74,102,99,38,81,51,236,178,301,208,202,202,183,206,264,117,144,138,154,132,317,277,249,245,278,94,273,157,276,29,46,136,111,45,182,241,51,91,,,222,156,,,124,117,120,159,123,163,120,155,67,119,269,218,243,241,239,181,230,281,142,218,52,100,228,69,,184,,,b'\x11\xe8\xe1I\xc8g28\xaf\x82\x12\xdf\x17\xaeN\x1e'
11E8E149-C867-3238-AF82-12DF17AE4E1E,2012-ncaa-d0-natl,ncaa,59,27,163,37,215,201,252,237,252,277,266,239,133,128,186,97,87,125,45,123,32,215,223,227,166,175,41,100,28,190,178,95,23,141,64,196,80,126,195,172,322,323,163,132,,,155,235,,,132,238,219,217,200,271,243,294,280,121,114,54,108,104,223,235,186,37,95,185,160,322,152,,176,,,131,50,39,96,43,32,82,43,160,191,106,245,140,118,215,115,195,94,84,59,71,91,274,246,248,36,23,133,178,74,64,25,63,237,190,92,162,201,68,137,,,93,18,,,132,122,176,62,122,74,47,110,41,81,176,214,158,144,142,115,83,37,168,98,46,236,175,74,,51,,,b'\x11\xe8\xe1I\xc8g28\xaf\x82\x12\xdf\x17\xaeN\x1e'
11E8E149-C867-3238-AF82-12DF17AE4E1E,2012-ncaa-d1-conf-Big Sky,ncaa,1,1,1,1,2,4,6,5,6,8,7,7,2,3,2,3,1,1,4,1,2,4,4,6,3,4,1,2,2,2,2,3,1,2,1,4,4,7,6,5,8,8,5,4,,,7,8,,,1,4,8,4,7,7,8,9,8,2,3,1,1,1,8,8,5,3,2,7,3,8,5,,7,,,1,2,2,6,2,2,5,1,5,5,3,7,3,5,4,5,5,6,6,2,2,2,8,8,6,1,1,6,2,4,1,1,1,5,5,1,4,4,1,2,,,1,1,,,1,6,2,1,1,2,1,1,1,3,4,4,3,2,2,1,2,1,3,2,1,5,3,1,,1,,,b'\x11\xe8\xe1I\xc8g28\xaf\x82\x12\xdf\x17\xaeN\x1e'
11E8E149-C867-3238-AF82-12DF17AE4E1E,2012-ncaa-d1-natl,ncaa,35,27,90,32,125,142,176,166,198,190,212,185,120,117,180,114,84,127,45,122,89,146,152,186,148,150,82,124,82,139,143,42,29,67,52,117,78,162,163,133,307,312,117,100,,,183,192,,,94,165,218,231,174,213,210,230,244,136,127,93,150,144,202,222,164,36,76,135,148,315,125,,140,,,92,91,67,174,33,55,129,37,209,247,123,259,148,145,165,141,173,167,167,54,55,73,286,271,218,89,29,169,143,137,52,40,74,182,177,82,190,184,86,106,,,75,51,,,94,189,139,54,83,60,44,118,30,81,190,224,129,130,129,117,95,55,136,93,42,218,163,76,,88,,,b'\x11\xe8\xe1I\xc8g28\xaf\x82\x12\xdf\x17\xaeN\x1e'
11E8E149-C867-3238-AF82-12DF17AE4E1E,2012-ncaa-d1-ncaatournament,ncaa,33,2,33,33,34,63,63,60,64,61,57,58,55,45,61,13,42,44,38,44,14,56,46,63,62,62,12,32,4,45,37,61,63,59,61,62,44,27,60,63,37,18,19,3,,,18,38,,,56,48,38,5,63,63,58,61,56,51,17,33,32,33,54,34,30,61,58,61,59,15,5,,42,,,58,13,6,9,47,18,8,55,5,13,7,25,26,29,23,27,60,12,25,39,47,29,27,10,56,27,63,16,37,25,61,6,9,32,5,5,30,59,18,51,,,39,24,,,56,11,64,42,59,37,21,11,43,17,8,20,54,57,57,22,52,57,40,55,10,2,57,37,,24,,,b'\x11\xe8\xe1I\xc8g28\xaf\x82\x12\xdf\x17\xaeN\x1e'
11E8E149-C867-3238-AF82-12DF17AE4E1E,2013-ncaa-d0-natl,ncaa,128,105,183,123,232,190,240,224,250,262,216,294,133,189,48,173,74,101,65,110,63,201,248,217,168,138,47,114,30,212,207,116,70,145,116,192,96,45,89,116,282,282,95,78,,,229,301,,,92,248,236,212,190,255,215,263,211,119,178,46,73,77,181,243,197,56,102,181,67,287,70,,262,,,88,31,21,70,24,31,157,13,55,34,211,40,245,254,116,253,254,86,90,22,39,53,247,111,320,91,70,150,207,125,116,21,76,215,178,60,93,133,165,187,,,110,27,,,92,99,138,53,88,50,26,70,43,179,61,34,258,267,268,105,97,114,197,158,24,205,114,182,,60,,,b'\x11\xe8\xe1I\xc8g28\xaf\x82\x12\xdf\x17\xaeN\x1e'
11E8E149-C867-3238-AF82-12DF17AE4E1E,2013-ncaa-d1-conf-Big Sky,ncaa,5,4,5,5,6,6,9,8,7,9,10,9,4,4,3,5,3,4,3,4,3,8,10,7,6,4,1,4,3,8,7,4,2,6,5,7,4,2,3,4,11,11,5,5,,,8,10,,,2,11,11,7,6,9,8,11,10,4,5,4,3,4,8,11,8,2,6,8,2,11,4,,9,,,2,1,2,1,2,2,7,2,1,1,5,1,3,5,1,5,5,1,1,2,2,2,7,5,8,4,2,4,7,3,5,1,1,8,8,3,1,1,6,6,,,5,2,,,2,2,4,3,2,2,3,3,3,6,1,1,2,4,5,3,2,3,5,3,2,11,1,6,,4,,,b'\x11\xe8\xe1I\xc8g28\xaf\x82\x12\xdf\x17\xaeN\x1e'
11E8E149-C867-3238-AF82-12DF17AE4E1E,2013-ncaa-d1-natl,ncaa,121,104,136,117,196,177,234,209,243,251,209,294,124,188,43,177,64,85,63,89,58,190,225,215,158,130,46,118,30,205,196,96,61,129,103,176,103,51,91,117,275,275,85,70,,,253,309,,,89,232,249,220,183,256,227,266,214,118,185,46,71,74,192,251,200,63,111,183,66,285,68,,271,,,83,33,17,66,25,35,168,13,58,31,212,44,249,259,124,256,256,95,97,25,40,54,248,112,320,78,61,179,196,127,103,16,67,202,158,52,110,144,176,189,,,87,22,,,89,115,136,51,78,46,22,56,41,155,59,33,257,264,268,84,85,94,190,129,19,199,119,182,,56,,,b'\x11\xe8\xe1I\xc8g28\xaf\x82\x12\xdf\x17\xaeN\x1e'
11E8E149-C867-3238-AF82-12DF17AE4E1E,2014-ncaa-d0-natl,ncaa,221,205,254,225,267,261,284,308,197,311,320,184,117,120,138,74,215,219,166,221,56,300,296,150,138,187,52,70,127,259,204,206,115,244,148,170,28,173,278,169,285,255,178,127,,,154,274,,,221,293,245,95,233,276,296,302,310,88,91,183,189,192,282,260,238,118,182,112,243,261,155,,239,,,224,97,56,65,121,35,37,145,193,211,127,266,254,227,281,215,312,84,67,145,199,220,321,241,307,86,115,72,204,55,148,73,172,272,235,193,255,308,125,270,,,215,83,,,221,68,201,218,215,186,99,120,73,53,233,264,299,285,278,173,129,147,142,136,125,241,287,170,,151,,,b'\x11\xe8\xe1I\xc8g28\xaf\x82\x12\xdf\x17\xaeN\x1e'
11E8E149-C867-3238-AF82-12DF17AE4E1E,2014-ncaa-d1-conf-Big Sky,ncaa,4,5,2,5,2,7,7,7,6,10,9,8,3,3,2,2,7,6,7,6,4,8,8,3,5,7,2,2,7,8,9,3,3,3,2,4,2,10,9,7,10,10,5,6,,,8,6,,,4,7,10,1,9,10,9,10,10,3,3,8,9,9,10,10,9,2,4,7,7,10,5,,4,,,4,4,5,8,2,7,8,4,4,9,3,9,6,8,4,7,5,9,6,2,2,4,4,6,6,9,3,7,9,8,2,1,1,9,10,7,10,9,5,7,,,3,3,,,4,6,8,4,4,4,5,6,5,7,3,8,5,5,5,7,4,7,5,4,1,10,7,4,,5,,,b'\x11\xe8\xe1I\xc8g28\xaf\x82\x12\xdf\x17\xaeN\x1e'
11E8E149-C867-3238-AF82-12DF17AE4E1E,2014-ncaa-d1-natl,ncaa,191,204,145,205,163,226,262,263,232,295,303,204,105,99,173,77,183,178,159,183,54,256,239,180,168,211,54,77,104,209,183,134,96,168,121,147,44,225,274,185,272,261,166,129,,,234,296,,,215,235,255,114,251,289,292,304,305,101,92,175,183,185,280,256,211,101,157,133,245,270,159,,256,,,214,136,71,111,100,50,67,126,194,228,108,249,288,278,266,268,315,141,122,117,160,195,320,213,312,120,96,118,183,115,121,82,149,235,228,159,265,301,165,275,,,144,65,,,215,125,211,189,203,152,72,101,66,46,202,244,298,286,279,149,121,129,135,116,90,239,272,183,,122,,,b'\x11\xe8\xe1I\xc8g28\xaf\x82\x12\xdf\x17\xaeN\x1e'
11E8E149-C867-3238-AF82-12DF17AE4E1E,2015-ncaa-d0-natl,ncaa,242,209,283,242,302,267,266,297,169,185,184,184,312,314,262,298,156,121,268,125,105,274,276,219,209,230,286,305,49,212,161,278,110,266,140,268,246,152,233,255,337,332,228,193,,,231,327,,,277,288,133,159,207,204,228,108,94,302,299,90,46,48,179,155,168,195,173,240,238,325,196,,319,,,278,147,101,37,292,114,75,243,119,46,334,78,302,300,211,299,325,60,52,292,318,310,245,110,318,37,110,56,161,35,140,124,163,236,197,205,204,267,112,129,,,150,38,,,277,62,224,290,273,288,228,100,238,174,182,82,331,330,329,191,177,88,158,119,192,194,264,170,,37,,,b'\x11\xe8\xe1I\xc8g28\xaf\x82\x12\xdf\x17\xaeN\x1e'
11E8E149-C867-3238-AF82-12DF17AE4E1E,2015-ncaa-d1-conf-Big Sky,ncaa,8,9,5,9,7,8,8,9,5,8,3,8,9,11,3,11,3,3,8,3,6,7,9,7,7,8,9,9,3,7,7,9,5,9,5,10,10,6,6,9,12,12,8,8,,,10,12,,,8,8,8,6,8,9,9,5,2,9,11,3,2,2,6,8,7,7,7,10,6,12,8,,11,,,8,7,6,2,10,9,7,10,2,2,9,1,12,11,3,11,11,2,4,10,10,11,4,2,12,2,5,3,7,3,5,6,5,7,6,8,5,7,6,6,,,5,3,,,8,5,8,10,8,9,7,3,10,6,3,3,11,11,11,5,4,1,4,3,5,6,7,6,,4,,,b'\x11\xe8\xe1I\xc8g28\xaf\x82\x12\xdf\x17\xaeN\x1e'
11E8E149-C867-3238-AF82-12DF17AE4E1E,2015-ncaa-d1-natl,ncaa,222,207,209,225,245,210,209,245,154,125,130,157,302,299,280,297,121,96,248,99,118,213,204,215,204,211,289,305,58,167,142,214,100,194,114,226,223,184,213,229,323,325,207,201,,,271,321,,,267,224,126,160,177,180,197,80,78,300,293,81,51,52,152,138,137,175,143,202,229,315,198,,315,,,267,222,155,73,283,186,135,239,133,61,326,73,320,316,193,315,320,121,114,272,306,306,227,105,313,56,100,103,142,71,114,131,124,226,210,193,231,249,115,104,,,111,58,,,267,137,210,277,257,282,230,114,243,192,172,80,329,327,326,201,180,88,153,117,170,200,261,142,,40,,,b'\x11\xe8\xe1I\xc8g28\xaf\x82\x12\xdf\x17\xaeN\x1e'
11E8E149-C867-3238-AF82-12DF17AE4E1E,2016-ncaa-d0-natl,ncaa,153,156,114,158,148,175,150,173,114,127,163,102,191,183,217,186,240,234,220,223,241,186,158,133,159,195,246,200,259,166,152,59,87,90,64,156,171,272,262,216,292,309,21,19,,,305,309,,,177,158,183,212,202,157,211,132,179,204,194,268,262,260,236,205,194,34,72,171,250,303,19,,299,,,177,153,76,216,27,93,208,34,121,192,36,146,323,332,97,336,321,251,209,26,40,126,278,124,336,197,87,116,152,133,64,64,82,296,322,199,289,284,34,38,,,207,232,,,177,205,195,125,168,141,66,191,82,188,114,189,310,318,321,252,169,178,92,103,54,321,272,30,,244,,,b'\x11\xe8\xe1I\xc8g28\xaf\x82\x12\xdf\x17\xaeN\x1e'
11E8E149-C867-3238-AF82-12DF17AE4E1E,2016-ncaa-d1-conf-Big Sky,ncaa,7,8,1,8,1,8,6,5,8,5,1,8,7,6,11,6,11,10,10,10,11,5,5,9,9,9,11,9,10,2,4,2,4,2,2,7,11,10,9,10,7,9,1,1,,,12,12,,,7,5,11,9,11,9,10,8,8,10,8,11,11,11,10,10,5,5,5,11,8,9,1,,12,,,7,4,2,8,1,3,8,1,2,4,1,3,12,12,4,12,12,9,8,1,1,1,9,3,12,9,4,7,4,8,2,2,5,7,7,3,9,9,1,1,,,7,8,,,7,8,9,1,7,1,1,2,1,5,1,3,12,12,12,5,4,5,2,3,1,9,7,1,,9,,,b'\x11\xe8\xe1I\xc8g28\xaf\x82\x12\xdf\x17\xaeN\x1e'
11E8E149-C867-3238-AF82-12DF17AE4E1E,2016-ncaa-d1-natl,ncaa,134,156,51,152,81,135,119,122,117,104,124,111,176,161,210,187,179,185,197,174,213,127,98,132,149,191,231,205,232,129,125,31,99,51,59,131,170,308,259,208,266,306,16,20,,,326,303,,,162,97,174,238,182,158,211,129,173,204,194,236,234,227,223,191,170,32,60,168,248,301,20,,290,,,162,216,135,274,27,142,260,34,149,232,41,150,332,339,75,339,315,303,266,27,38,114,274,128,331,249,99,157,125,198,59,76,79,264,319,193,305,276,42,38,,,147,198,,,162,264,179,132,153,143,74,199,88,193,116,192,305,319,320,259,182,190,78,104,50,313,270,34,,209,,,b'\x11\xe8\xe1I\xc8g28\xaf\x82\x12\xdf\x17\xaeN\x1e'
11E8E149-C867-3238-AF82-12DF17AE4E1E,2017-ncaa-d0-natl,ncaa,120,126,74,129,74,185,220,174,262,251,203,290,115,132,111,122,118,144,107,141,100,178,126,238,199,245,49,88,94,101,91,61,17,61,30,200,159,313,297,273,275,292,162,157,,,306,320,,,188,147,285,16,257,287,276,307,279,136,153,155,193,190,269,234,124,52,60,245,277,304,187,,269,,,186,151,70,185,33,67,165,39,157,212,87,190,325,314,296,313,308,217,184,38,82,149,312,170,338,39,17,154,91,81,30,35,42,243,260,117,340,332,227,252,,,81,70,,,188,214,222,105,172,81,28,72,33,76,124,167,310,285,285,113,57,28,93,46,19,291,325,203,,102,,,b'\x11\xe8\xe1I\xc8g28\xaf\x82\x12\xdf\x17\xaeN\x1e'
11E8E149-C867-3238-AF82-12DF17AE4E1E,2017-ncaa-d1-conf-Big Sky,ncaa,4,6,1,6,1,9,10,8,9,9,7,11,7,8,3,7,3,4,6,3,4,7,3,9,7,10,6,7,2,4,4,2,1,2,1,11,10,11,11,12,9,10,4,4,,,12,12,,,6,5,12,3,11,11,12,11,10,7,8,6,8,7,12,12,7,4,4,12,10,11,5,,10,,,6,4,2,9,1,4,7,1,2,7,1,7,12,12,9,12,12,9,7,1,1,3,9,4,12,2,1,5,4,2,1,1,2,8,9,2,11,11,7,6,,,1,1,,,6,9,10,1,6,1,1,1,1,4,1,4,11,10,10,1,1,1,2,1,1,11,11,7,,4,,,b'\x11\xe8\xe1I\xc8g28\xaf\x82\x12\xdf\x17\xaeN\x1e'
11E8E149-C867-3238-AF82-12DF17AE4E1E,2017-ncaa-d1-natl,ncaa,121,126,56,126,56,176,214,170,253,256,201,287,112,133,102,122,122,153,100,152,114,167,116,219,188,233,51,93,102,105,97,51,21,50,31,195,155,309,294,269,279,300,170,161,,,310,322,,,186,135,287,16,260,284,281,303,279,135,158,164,209,210,275,243,136,60,74,236,271,314,195,,274,,,186,165,83,181,33,74,164,43,160,203,90,181,330,319,307,316,313,228,189,42,86,159,310,162,341,40,21,153,97,87,31,32,42,243,257,125,340,331,232,246,,,78,70,,,186,239,218,112,175,82,27,68,36,74,119,156,314,290,289,111,58,26,87,42,18,288,325,202,,103,,,b'\x11\xe8\xe1I\xc8g28\xaf\x82\x12\xdf\x17\xaeN\x1e'
11E8E149-C867-3238-AF82-12DF17AE4E1E,2018-ncaa-d0-natl,ncaa,99,74,164,90,203,113,117,235,29,104,193,35,154,225,48,207,127,154,114,150,118,219,234,33,32,48,208,196,169,316,276,116,17,215,78,116,157,124,181,110,202,195,171,126,,,244,285,,,93,185,131,136,71,73,241,75,183,145,223,113,134,128,221,241,322,82,208,94,148,201,167,,257,,,85,131,82,110,86,50,60,120,195,231,127,272,294,278,250,274,317,137,127,109,165,177,316,222,313,16,17,62,276,31,78,29,43,203,183,80,224,258,110,129,,,73,16,,,93,169,76,117,79,155,82,105,57,47,205,248,300,288,286,145,131,20,64,35,42,195,235,122,,37,,,b'\x11\xe8\xe1I\xc8g28\xaf\x82\x12\xdf\x17\xaeN\x1e'
11E8E149-C867-3238-AF82-12DF17AE4E1E,2018-ncaa-d1-conf-Big Sky,ncaa,3,5,1,5,2,5,2,8,1,1,3,1,8,8,7,8,3,3,5,3,6,7,3,4,3,5,11,10,5,12,10,5,4,8,4,4,7,11,10,8,6,6,2,2,,,12,11,,,2,3,7,6,8,5,11,1,7,9,9,3,7,7,12,11,12,8,11,5,9,6,3,,10,,,3,6,3,5,1,4,5,3,4,6,3,4,12,12,4,12,12,6,10,2,2,2,9,4,12,4,4,3,10,3,4,1,3,2,4,2,11,11,3,3,,,1,1,,,2,11,6,1,2,2,1,1,1,2,3,4,11,12,12,4,6,3,1,1,1,4,11,3,,2,,,b'\x11\xe8\xe1I\xc8g28\xaf\x82\x12\xdf\x17\xaeN\x1e'
11E8E149-C867-3238-AF82-12DF17AE4E1E,2018-ncaa-d1-natl,ncaa,84,74,97,80,112,77,75,189,19,85,166,31,117,201,34,203,113,133,118,124,120,178,170,25,26,43,204,183,183,307,262,72,14,164,58,85,149,180,189,112,176,169,156,125,,,257,266,,,66,112,134,151,68,66,242,68,181,133,222,125,143,134,224,240,316,67,191,86,159,184,169,,236,,,65,158,96,161,66,59,83,96,223,273,97,289,293,278,261,270,307,190,194,89,123,142,318,236,302,20,14,80,262,37,58,35,43,170,175,76,251,249,129,123,,,58,35,,,66,247,69,87,63,125,66,102,42,43,201,254,278,257,255,125,116,13,56,25,33,194,223,118,,68,,,b'\x11\xe8\xe1I\xc8g28\xaf\x82\x12\xdf\x17\xaeN\x1e'
11E8E149-C867-3238-AF82-12DF17AE4E1E,2019-ncaa-d0-natl,ncaa,105,73,173,98,207,181,134,261,28,118,174,63,186,289,17,258,275,263,268,254,266,267,282,43,57,83,274,203,308,294,239,182,48,241,91,76,35,142,202,75,251,232,143,88,,,204,291,,,88,271,274,158,148,102,286,94,156,184,281,286,269,261,298,309,301,164,254,42,157,248,140,,236,,,84,44,8,48,22,9,36,19,133,155,131,245,299,255,345,253,321,61,73,39,92,79,343,248,345,29,48,38,239,25,91,3,30,178,110,18,263,306,36,52,,,236,146,,,88,97,111,51,77,50,11,36,15,25,141,170,307,266,267,47,57,33,43,28,5,161,265,51,,225,,,b'\x11\xe8\xe1I\xc8g28\xaf\x82\x12\xdf\x17\xaeN\x1e'
11E8E149-C867-3238-AF82-12DF17AE4E1E,2019-ncaa-d1-conf-Big Sky,ncaa,4,2,7,4,9,6,6,11,1,4,6,2,7,10,2,8,10,8,10,8,7,11,11,2,3,4,10,7,10,11,5,7,2,10,1,3,1,7,10,4,7,6,4,2,,,8,11,,,1,11,11,5,5,5,11,4,6,6,10,10,7,8,11,11,11,6,9,2,9,6,3,,10,,,1,1,1,1,1,1,1,1,1,2,1,7,11,10,10,9,11,1,1,1,2,1,11,6,11,1,2,1,5,1,1,1,2,1,1,1,9,11,2,3,,,7,2,,,1,1,4,1,1,1,1,1,1,1,1,4,11,11,10,1,1,1,1,1,1,1,10,2,,5,,,b'\x11\xe8\xe1I\xc8g28\xaf\x82\x12\xdf\x17\xaeN\x1e'
11E8E149-C867-3238-AF82-12DF17AE4E1E,2019-ncaa-d1-natl,ncaa,106,73,155,96,190,172,132,267,28,114,178,65,182,287,17,261,268,256,250,254,249,267,283,45,57,79,270,204,292,289,223,189,47,241,91,70,34,130,195,73,270,248,144,84,,,203,291,,,87,258,278,155,143,105,293,97,157,179,283,274,252,247,294,309,295,170,249,38,147,267,135,,229,,,82,42,9,39,23,7,30,20,146,158,162,236,301,251,346,249,318,52,70,43,101,89,343,259,344,27,47,26,223,15,91,4,31,186,116,21,255,299,39,50,,,232,130,,,87,104,107,57,72,45,12,33,10,26,155,166,306,266,267,49,53,32,39,23,6,174,261,52,,212,,,b'\x11\xe8\xe1I\xc8g28\xaf\x82\x12\xdf\x17\xaeN\x1e'
11E8E149-C867-3238-AF82-12DF17AE4E1E,2020-ncaa-d0-natl,ncaa,140,134,191,142,223,172,111,207,55,126,179,100,114,205,15,170,335,330,227,331,335,241,255,53,75,91,229,110,343,257,215,185,143,225,144,102,142,131,181,108,142,117,158,128,,,317,339,,,103,248,241,158,148,81,177,111,166,103,191,327,331,331,246,263,262,158,229,81,152,138,153,,322,,,103,84,34,68,57,57,92,88,56,98,30,129,335,316,283,309,325,106,96,50,102,115,264,70,347,131,143,70,215,80,144,18,50,211,179,55,130,164,13,12,,,273,229,,,103,92,112,113,107,97,35,67,69,99,62,115,333,318,312,126,116,146,80,92,23,204,141,14,,266,,,b'\x11\xe8\xe1I\xc8g28\xaf\x82\x12\xdf\x17\xaeN\x1e'
11E8E149-C867-3238-AF82-12DF17AE4E1E,2020-ncaa-d1-conf-Big Sky,ncaa,3,3,1,3,6,7,3,9,2,4,6,2,7,8,3,5,10,10,9,10,11,9,10,2,3,6,8,5,10,8,9,7,6,6,6,4,5,8,8,6,3,3,5,6,,,11,11,,,4,8,9,9,8,4,9,4,7,7,8,10,10,10,9,10,10,7,7,6,7,3,6,,11,,,4,2,1,1,1,2,3,3,1,3,1,5,11,10,4,10,10,2,4,1,2,1,7,2,11,7,6,4,9,5,6,1,1,4,3,1,5,6,1,1,,,10,8,,,4,3,7,3,4,2,1,1,1,2,1,3,11,10,10,1,2,6,3,3,1,4,4,1,,10,,,b'\x11\xe8\xe1I\xc8g28\xaf\x82\x12\xdf\x17\xaeN\x1e'
11E8E149-C867-3238-AF82-12DF17AE4E1E,2020-ncaa-d1-natl,ncaa,114,134,45,134,88,96,49,108,48,69,106,78,104,173,19,182,320,325,203,326,338,166,182,47,72,79,252,130,344,231,207,138,136,193,148,55,138,150,152,84,109,99,144,137,,,328,337,,,77,153,241,160,124,59,153,81,132,112,196,328,331,331,230,257,258,176,239,66,130,127,165,,318,,,78,120,50,110,60,93,141,89,65,118,34,119,341,324,309,320,316,156,170,50,110,99,258,69,347,151,136,126,207,123,148,18,38,143,138,33,139,141,19,12,,,238,231,,,77,180,89,95,82,87,32,49,71,86,55,91,328,311,303,93,107,118,82,83,14,166,120,16,,262,,,b'\x11\xe8\xe1I\xc8g28\xaf\x82\x12\xdf\x17\xaeN\x1e'
11E8E149-C867-3238-AF82-12DF17AE4E1E,2021-ncaa-d0-natl,ncaa,18,20,59,16,70,56,42,70,26,31,51,31,93,121,80,195,178,189,172,188,301,80,87,36,49,54,279,198,311,121,173,41,57,58,51,44,137,221,116,66,67,100,68,83,,,263,196,,,22,73,162,178,68,36,102,33,108,136,191,270,275,278,154,182,216,40,81,43,113,110,111,,188,,,25,193,150,257,15,147,214,39,210,294,20,267,296,256,323,262,259,257,258,19,30,41,301,197,317,221,57,222,173,225,51,93,33,91,164,39,241,159,76,13,,,152,278,,,22,263,61,37,30,56,26,148,30,70,134,262,260,205,209,158,148,120,85,82,12,173,154,22,,272,,,b'\x11\xe8\xe1I\xc8g28\xaf\x82\x12\xdf\x17\xaeN\x1e'
11E8E149-C867-3238-AF82-12DF17AE4E1E,2021-ncaa-d1-conf-Big Sky,ncaa,1,1,4,1,5,3,2,4,1,1,2,1,7,8,4,9,10,10,8,10,11,4,5,1,1,1,11,8,10,6,4,2,3,4,2,2,4,7,6,4,5,3,3,3,,,6,8,,,1,6,8,7,3,1,5,1,3,8,9,10,11,11,7,8,7,4,5,1,5,5,3,,7,,,1,3,3,5,1,4,5,2,3,7,1,7,9,7,8,7,10,5,5,1,1,1,7,3,10,5,3,3,4,3,2,2,3,5,4,1,4,4,1,1,,,8,11,,,1,6,2,1,1,1,1,2,1,2,1,6,8,7,8,2,3,4,2,2,1,4,4,1,,11,,,b'\x11\xe8\xe1I\xc8g28\xaf\x82\x12\xdf\x17\xaeN\x1e'
11E8E149-C867-3238-AF82-12DF17AE4E1E,2021-ncaa-d1-natl,ncaa,15,20,50,16,56,44,34,60,20,26,47,27,82,106,60,189,164,172,161,172,296,68,68,30,41,46,269,189,311,118,178,31,56,53,56,30,131,254,137,69,59,94,68,85,,,279,203,,,19,57,150,184,65,38,111,35,115,122,187,264,273,275,160,180,231,45,89,35,138,107,116,,193,,,25,199,159,255,16,154,230,38,205,296,18,261,307,268,325,270,252,269,270,19,29,36,288,177,318,231,56,233,178,229,56,97,33,76,143,27,248,157,83,17,,,135,264,,,19,284,60,33,24,54,26,141,33,73,120,252,258,201,207,148,146,111,76,73,12,152,152,22,,261,,,b'\x11\xe8\xe1I\xc8g28\xaf\x82\x12\xdf\x17\xaeN\x1e'
11E8E149-C867-3238-AF82-12DF17AE4E1E,2021-ncaa-d1-ncaatournament,ncaa,33,2,33,33,34,39,45,51,31,48,53,31,40,45,31,16,39,38,44,38,10,44,41,29,33,43,20,25,20,53,46,42,52,45,47,50,45,22,53,53,25,4,33,22,,,14,25,,,34,38,8,7,28,38,43,42,51,22,20,20,13,11,29,17,44,29,38,45,51,1,13,,39,,,36,13,5,20,20,3,20,7,21,19,57,25,21,18,55,18,44,22,26,20,27,18,55,46,50,24,52,13,46,24,47,10,34,34,8,8,34,58,7,29,,,50,47,,,34,25,45,23,36,39,26,47,15,45,44,34,47,42,45,50,57,54,40,56,30,3,59,14,,43,,,b'\x11\xe8\xe1I\xc8g28\xaf\x82\x12\xdf\x17\xaeN\x1e'
11E8E149-C867-3238-AF82-12DF17AE4E1E,2022-ncaa-d0-natl,ncaa,123,106,163,120,173,155,126,140,111,129,168,84,129,116,192,113,303,322,57,325,347,175,200,112,133,122,246,130,340,200,204,241,107,237,184,79,55,91,105,57,104,72,224,191,,,243,282,,,162,191,219,104,138,87,94,99,159,117,107,316,341,344,181,209,202,280,272,36,100,100,227,,247,,,164,174,99,83,226,88,66,239,194,179,243,242,318,290,344,287,332,106,125,244,300,250,315,198,326,55,107,180,204,114,184,71,81,121,72,59,110,124,3,4,,,256,279,,,162,164,129,203,166,181,101,43,87,33,193,174,320,296,294,59,96,49,190,107,77,110,119,1,,286,,,b'\x11\xe8\xe1I\xc8g28\xaf\x82\x12\xdf\x17\xaeN\x1e'
11E8E149-C867-3238-AF82-12DF17AE4E1E,2022-ncaa-d1-conf-Big Sky,ncaa,1,1,5,1,7,3,2,3,2,1,1,3,4,7,2,7,9,9,6,9,10,4,7,2,4,3,10,7,10,4,3,9,8,8,6,2,2,4,3,2,3,3,5,3,,,8,10,,,1,7,6,8,3,1,1,1,1,4,6,9,9,9,4,4,4,9,8,1,3,3,4,,9,,,1,2,1,1,5,3,1,6,2,3,3,6,10,9,10,9,10,2,3,4,5,2,8,4,10,4,8,6,3,6,6,2,3,2,1,1,2,2,1,1,,,6,6,,,1,4,2,3,1,3,1,1,3,2,2,4,10,10,10,1,4,6,6,6,1,1,2,1,,6,,,b'\x11\xe8\xe1I\xc8g28\xaf\x82\x12\xdf\x17\xaeN\x1e'
11E8E149-C867-3238-AF82-12DF17AE4E1E,2022-ncaa-d1-natl,ncaa,108,106,100,113,106,115,77,88,112,83,113,97,103,97,164,121,292,314,66,318,351,117,134,111,134,120,245,131,342,137,181,213,127,187,182,44,50,118,89,43,69,51,209,189,,,275,273,,,151,131,210,60,130,68,57,88,129,113,108,316,341,344,141,179,161,283,255,30,90,75,226,,246,,,153,231,152,122,223,122,101,222,229,204,269,223,329,308,346,306,331,146,191,242,291,249,314,200,327,80,127,237,181,173,182,101,69,77,75,49,137,110,3,4,,,217,268,,,151,226,115,204,153,192,107,48,90,37,200,163,320,296,294,76,115,65,196,127,68,98,117,3,,269,,,b'\x11\xe8\xe1I\xc8g28\xaf\x82\x12\xdf\x17\xaeN\x1e'
11E8E149-C867-3238-AF82-12DF17AE4E1E,2023-ncaa-d0-natl,ncaa,281,257,290,286,303,334,320,314,296,282,233,294,307,310,279,253,339,326,317,328,327,321,324,305,317,318,286,237,260,144,80,244,63,204,73,266,119,136,260,234,285,213,242,127,,,138,316,,,234,342,328,192,333,303,269,247,155,293,288,329,304,306,283,269,83,155,97,236,226,248,209,,242,,,240,18,9,24,59,2,6,89,217,224,179,345,112,102,234,104,299,18,17,108,131,123,352,344,268,19,63,46,80,23,73,51,280,276,155,172,284,336,52,73,,,304,230,,,234,23,294,102,234,52,20,41,3,7,288,305,192,175,178,41,27,48,136,88,109,218,323,87,,259,,,b'\x11\xe8\xe1I\xc8g28\xaf\x82\x12\xdf\x17\xaeN\x1e'
11E8E149-C867-3238-AF82-12DF17AE4E1E,2023-ncaa-d1-conf-Big Sky,ncaa,8,8,6,8,8,9,8,7,9,6,4,9,9,8,9,8,9,9,10,9,9,7,9,9,9,9,10,8,7,2,2,7,3,4,2,8,1,5,7,8,7,7,3,1,,,6,8,,,7,10,7,8,8,8,5,5,4,9,8,9,8,8,5,6,2,7,3,7,8,7,2,,7,,,7,1,1,1,4,2,2,3,9,6,8,9,4,4,1,4,7,1,1,5,7,4,9,9,7,1,3,3,2,2,2,4,8,6,3,5,7,8,6,5,,,9,6,,,7,1,8,3,7,1,1,1,2,2,9,7,5,6,6,1,2,1,3,3,5,5,9,6,,6,,,b'\x11\xe8\xe1I\xc8g28\xaf\x82\x12\xdf\x17\xaeN\x1e'
11E8E149-C867-3238-AF82-12DF17AE4E1E,2023-ncaa-d1-natl,ncaa,265,257,219,273,266,325,299,284,308,273,191,318,289,285,265,247,339,317,329,320,336,297,296,307,329,323,276,225,283,116,76,216,58,166,66,253,131,170,261,241,244,169,247,144,,,172,314,,,244,325,322,201,333,300,258,256,148,283,284,334,313,318,281,266,79,172,106,241,225,221,230,,232,,,243,26,11,26,56,2,8,73,235,245,172,338,129,118,212,118,298,24,27,104,121,104,350,340,262,23,58,83,76,30,66,58,268,232,126,141,297,333,77,85,,,289,240,,,244,37,301,80,236,39,19,38,3,7,266,285,174,161,164,29,25,36,136,75,92,204,319,105,,268,,,b'\x11\xe8\xe1I\xc8g28\xaf\x82\x12\xdf\x17\xaeN\x1e'
11E8E149-C867-3238-AF82-12DF17AE4E1E,2024-ncaa-d0-natl,ncaa,264,251,258,268,274,298,268,242,285,190,107,323,335,346,251,338,273,294,109,289,340,263,284,312,312,285,332,323,161,134,99,257,120,217,129,288,276,65,151,235,185,114,185,57,,,159,311,,,228,313,307,171,292,257,190,148,48,336,344,253,270,267,221,244,97,224,153,284,126,146,156,,228,,,232,49,9,29,74,1,2,111,286,278,240,352,252,263,163,266,357,43,38,163,202,185,360,348,331,52,120,87,99,58,129,99,321,252,152,184,199,267,55,29,,,301,257,,,228,43,261,172,237,105,19,27,2,2,329,334,290,297,301,53,41,77,181,124,152,203,252,77,,278,,,b'\x11\xe8\xe1I\xc8g28\xaf\x82\x12\xdf\x17\xaeN\x1e'
11E8E149-C867-3238-AF82-12DF17AE4E1E,2024-ncaa-d1-conf-Big Sky,ncaa,7,7,7,7,8,7,5,7,6,3,3,10,9,10,4,10,6,7,4,7,10,7,7,9,7,6,10,9,4,3,1,8,6,6,4,6,5,4,4,4,3,3,4,2,,,8,10,,,5,8,7,6,5,4,4,2,1,9,10,5,6,6,4,6,1,8,5,5,5,3,4,,10,,,5,4,1,1,3,1,1,6,8,8,4,10,8,8,2,8,10,2,2,6,7,4,10,9,9,3,6,2,1,2,4,6,9,5,3,5,5,7,1,1,,,6,5,,,5,3,5,5,5,4,3,2,1,1,8,9,8,8,8,3,3,5,2,3,7,3,7,2,,5,,,b'\x11\xe8\xe1I\xc8g28\xaf\x82\x12\xdf\x17\xaeN\x1e'
11E8E149-C867-3238-AF82-12DF17AE4E1E,2024-ncaa-d1-natl,ncaa,266,253,254,268,283,303,272,247,287,185,98,320,340,347,258,341,263,268,157,268,323,256,283,313,314,287,332,331,146,132,98,256,107,212,116,293,283,79,157,244,188,116,173,51,,,185,320,,,235,319,290,171,285,254,187,138,42,339,346,234,246,246,207,223,88,214,143,290,137,148,148,,250,,,237,48,11,20,79,2,2,102,289,276,239,352,268,277,147,286,359,36,31,175,205,196,362,350,337,41,107,97,98,53,116,104,320,253,162,189,214,267,52,29,,,293,234,,,235,41,256,177,241,112,24,31,2,3,324,326,307,312,318,63,50,72,182,122,157,206,262,73,,255,,,b'\x11\xe8\xe1I\xc8g28\xaf\x82\x12\xdf\x17\xaeN\x1e'
11E8E149-C867-3238-AF82-12DF17AE4E1E,2025-ncaa-d0-natl,genius_ncaa,220,199,248,221,248,261,216,236,191,172,114,266,292,333,96,331,325,280,340,276,330,246,256,224,261,262,322,274,289,117,52,249,92,202,64,250,248,138,220,234,146,88,153,69,,,158,286,,33,247,300,306,1,251,183,170,120,64,285,331,313,261,260,200,192,68,199,114,218,217,116,132,,233,,46,248,115,52,58,163,15,13,155,300,269,311,339,268,208,359,209,340,63,55,246,293,281,359,338,317,31,92,45,52,26,64,89,211,257,186,189,296,321,122,95,,,284,258,,265,247,73,223,254,243,205,99,84,27,12,334,321,305,261,267,109,79,63,108,79,144,209,317,164,,251,,250,b'\x11\xe8\xe1I\xc8g28\xaf\x82\x12\xdf\x17\xaeN\x1e'
11E8E149-C867-3238-AF82-12DF17AE4E1E,2025-ncaa-d1-conf-Big Sky,genius_ncaa,6,5,3,6,3,4,4,5,2,1,1,5,8,10,3,10,8,6,10,6,9,5,3,4,6,6,10,10,9,2,1,6,4,3,1,5,7,8,7,8,3,3,4,2,,,9,9,,3,7,6,8,1,7,3,6,1,1,9,10,8,6,6,5,5,2,7,4,6,7,3,4,,9,,3,7,7,3,3,5,1,1,6,10,10,5,10,9,9,10,9,10,6,6,7,8,8,10,10,9,3,4,2,1,1,1,3,6,4,3,3,10,10,5,2,,,5,6,,3,7,6,5,8,6,6,2,3,1,1,10,10,9,9,9,3,3,2,2,1,3,5,10,5,,6,,4,b'\x11\xe8\xe1I\xc8g28\xaf\x82\x12\xdf\x17\xaeN\x1e'
11E8E149-C867-3238-AF82-12DF17AE4E1E,2025-ncaa-d1-natl,genius_ncaa,193,199,172,204,172,233,183,183,189,140,83,276,277,327,83,328,300,263,332,258,335,206,205,224,258,249,320,274,290,93,58,204,87,152,61,215,237,163,202,218,129,96,114,48,,,207,287,,41,232,247,302,3,248,175,161,114,59,283,331,309,263,262,196,193,72,196,120,212,189,118,102,,235,,44,233,165,78,96,144,23,26,148,311,294,294,338,278,229,353,236,335,103,97,223,268,264,356,334,304,52,87,89,58,60,61,126,218,248,199,196,296,313,200,123,,,246,261,,265,232,120,218,237,237,189,96,88,26,13,329,317,293,242,253,108,73,59,100,76,144,233,310,211,,253,,263,b'\x11\xe8\xe1I\xc8g28\xaf\x82\x12\xdf\x17\xaeN\x1e'
11E8E149-C867-3238-AF82-12DF17AE4E1E,2026-ncaa-d0-natl,genius_ncaa,163,152,206,171,216,235,214,206,251,161,115,287,314,318,266,346,208,205,194,191,293,198,217,300,300,266,343,336,149,93,38,212,11,162,26,229,243,133,159,217,128,52,273,212,,,105,173,,47,144,239,175,97,226,192,102,107,17,331,334,180,186,169,111,106,33,152,75,222,191,71,282,,123,,51,142,64,31,71,61,18,41,57,196,177,226,310,204,167,327,168,313,71,92,108,164,102,358,322,332,9,11,92,38,47,26,65,253,163,61,82,151,183,59,37,,,223,207,,140,144,125,222,61,139,74,22,27,10,10,249,233,256,211,217,33,56,5,114,33,80,97,208,69,,177,,120,b'\x11\xe8\xe1I\xc8g28\xaf\x82\x12\xdf\x17\xaeN\x1e'
11E8E149-C867-3238-AF82-12DF17AE4E1E,2026-ncaa-d1-natl,genius_ncaa,163,152,177,171,197,219,209,199,206,145,92,277,294,327,130,346,171,162,215,154,255,195,212,246,244,220,315,316,126,110,67,208,14,178,35,209,205,110,121,162,88,43,252,189,,,127,213,,40,132,240,193,100,206,188,133,110,30,294,337,148,137,126,125,154,68,165,112,188,139,71,254,,149,,55,128,66,24,64,65,15,41,66,163,173,178,269,241,199,331,197,312,74,94,87,148,111,350,273,336,12,14,101,67,36,35,54,186,150,81,72,129,142,65,40,,,199,162,,162,132,133,189,66,120,75,20,31,14,22,194,197,273,231,233,44,66,6,110,32,59,123,150,74,,164,,155,b'\x11\xe8\xe1I\xc8g28\xaf\x82\x12\xdf\x17\xaeN\x1e'
11E8E149-C86B-9486-AF82-12DF17AE4E1E,2010-ncaa-d0-natl,ncaa,99,145,20,122,31,106,67,81,94,42,39,101,230,251,212,277,193,207,138,207,322,93,70,138,156,191,315,280,268,222,283,21,25,55,107,77,140,313,244,176,93,143,7,8,,,307,246,,,113,38,153,153,218,136,206,76,107,280,287,280,299,298,248,223,306,36,148,126,222,153,8,,220,,,118,221,120,274,20,76,270,3,256,220,286,129,319,332,73,330,293,297,288,18,33,57,326,247,320,184,25,288,283,261,107,86,104,116,200,75,268,200,72,26,,,170,303,,,113,300,230,43,131,65,23,109,18,134,193,125,272,285,284,160,143,59,160,102,29,218,181,41,,304,,,b'\x11\xe8\xe1I\xc8k\x94\x86\xaf\x82\x12\xdf\x17\xaeN\x1e'
11E8E149-C86B-9486-AF82-12DF17AE4E1E,2010-ncaa-d1-conf-Big Ten,ncaa,8,8,4,8,8,9,7,6,7,4,3,6,10,10,10,10,11,11,7,11,11,7,6,7,9,10,11,10,9,7,4,6,4,6,4,5,6,11,11,9,4,2,1,1,,,8,9,,,8,5,6,11,11,6,5,4,2,10,10,11,11,11,9,7,6,6,7,5,11,3,1,,6,,,7,5,3,4,6,3,4,3,5,1,10,1,9,10,2,9,10,4,5,6,6,7,9,5,8,3,4,4,4,3,4,3,3,8,5,3,11,11,2,2,,,11,11,,,8,6,11,5,9,4,3,2,3,4,6,1,9,10,9,4,5,3,3,3,3,8,11,2,,11,,,b'\x11\xe8\xe1I\xc8k\x94\x86\xaf\x82\x12\xdf\x17\xaeN\x1e'
11E8E149-C86B-9486-AF82-12DF17AE4E1E,2010-ncaa-d1-natl,ncaa,102,145,22,127,31,113,72,85,98,47,42,103,244,259,214,275,201,218,137,219,324,102,80,142,160,191,315,279,264,240,286,21,27,62,112,82,142,304,245,179,105,151,7,8,,,302,245,,,120,41,155,154,220,139,209,77,110,281,286,278,298,298,250,226,304,35,151,130,224,164,8,,221,,,124,212,105,268,21,64,265,3,247,211,292,130,316,329,76,327,291,293,285,20,35,60,325,245,317,166,27,280,286,246,112,79,107,129,206,80,255,201,67,27,,,183,302,,,120,297,231,44,137,65,24,110,18,137,194,126,274,288,287,162,140,61,164,104,30,225,181,41,,306,,,b'\x11\xe8\xe1I\xc8k\x94\x86\xaf\x82\x12\xdf\x17\xaeN\x1e'
11E8E149-C86B-9486-AF82-12DF17AE4E1E,2011-ncaa-d0-natl,ncaa,262,314,77,285,91,124,85,86,115,77,75,131,166,179,120,210,288,270,282,270,333,110,103,129,174,176,294,187,331,197,255,113,72,150,190,97,164,221,174,127,186,215,39,53,,,219,177,,,229,77,137,131,167,93,116,86,102,187,213,321,306,307,166,175,254,188,238,117,179,217,39,,166,,,227,294,285,256,257,298,274,264,145,159,168,110,289,244,327,240,191,263,230,231,267,290,110,89,224,102,72,260,255,200,190,264,186,208,258,267,170,137,290,219,,,290,334,,,229,253,201,262,228,251,241,193,265,231,113,120,261,217,217,197,142,58,203,130,216,262,140,266,,336,,,b'\x11\xe8\xe1I\xc8k\x94\x86\xaf\x82\x12\xdf\x17\xaeN\x1e'
11E8E149-C86B-9486-AF82-12DF17AE4E1E,2011-ncaa-d1-conf-Big Ten,ncaa,9,11,1,10,1,3,3,3,7,3,3,10,7,6,7,8,10,8,11,8,10,3,2,8,10,9,10,8,11,4,8,4,4,4,7,4,7,9,9,7,4,5,2,1,,,10,6,,,10,2,2,7,8,5,4,3,4,9,7,11,9,9,6,4,6,7,7,6,9,5,2,,7,,,10,11,11,10,10,11,10,11,6,8,7,4,10,11,10,10,9,10,9,9,10,10,6,2,8,6,4,11,8,10,7,9,5,3,8,9,10,9,6,5,,,4,11,,,10,10,10,10,10,10,9,6,10,7,4,4,10,9,9,7,7,4,8,7,7,7,9,5,,9,,,b'\x11\xe8\xe1I\xc8k\x94\x86\xaf\x82\x12\xdf\x17\xaeN\x1e'
11E8E149-C86B-9486-AF82-12DF17AE4E1E,2011-ncaa-d1-natl,ncaa,268,314,95,290,110,145,95,100,118,86,82,136,173,192,122,209,299,285,284,286,334,128,123,136,175,178,292,184,332,218,258,137,75,179,195,109,166,200,179,135,204,224,42,53,,,201,182,,,235,93,143,131,176,97,118,90,103,188,210,323,307,310,170,179,256,193,242,121,181,226,40,,168,,,232,287,273,238,262,295,263,268,132,145,173,110,278,229,326,228,189,246,208,238,275,296,106,87,222,84,75,242,258,178,195,255,182,233,262,275,150,139,284,226,,,303,334,,,235,239,204,270,235,255,243,194,270,234,114,121,266,222,222,202,142,59,205,133,221,271,141,270,,336,,,b'\x11\xe8\xe1I\xc8k\x94\x86\xaf\x82\x12\xdf\x17\xaeN\x1e'
11E8E149-C86B-9486-AF82-12DF17AE4E1E,2012-ncaa-d0-natl,ncaa,238,248,163,250,177,163,133,192,75,88,98,117,276,299,140,296,149,134,219,137,201,183,167,136,135,166,297,294,150,188,162,258,215,237,202,177,238,230,238,218,126,120,29,25,,,240,272,,,204,155,109,99,136,104,170,55,66,275,295,141,119,121,162,130,183,270,241,168,247,108,23,,277,,,206,222,196,130,270,242,184,267,82,70,172,69,304,272,323,275,271,159,162,251,283,259,130,52,291,126,215,116,162,116,202,104,54,148,140,110,215,212,150,98,,,181,179,,,204,181,175,247,207,259,226,150,275,226,102,80,311,285,288,190,209,154,149,145,124,121,227,165,,156,,,b'\x11\xe8\xe1I\xc8k\x94\x86\xaf\x82\x12\xdf\x17\xaeN\x1e'
11E8E149-C86B-9486-AF82-12DF17AE4E1E,2012-ncaa-d1-conf-Big Ten,ncaa,9,9,8,9,8,9,9,10,8,7,6,9,10,11,6,10,9,8,10,8,8,11,8,8,10,10,11,9,7,9,9,12,11,11,10,9,6,9,10,10,1,1,3,2,,,7,10,,,9,8,5,3,8,7,8,5,5,10,11,9,7,7,9,5,8,12,10,7,10,1,2,,10,,,9,5,4,1,10,7,5,10,1,1,5,1,10,8,12,7,10,1,3,9,10,9,4,1,12,4,11,6,9,3,10,1,1,3,1,1,9,9,6,4,,,9,9,,,9,3,10,9,9,9,7,2,10,6,2,1,11,10,11,3,6,7,6,4,3,1,10,6,,7,,,b'\x11\xe8\xe1I\xc8k\x94\x86\xaf\x82\x12\xdf\x17\xaeN\x1e'
11E8E149-C86B-9486-AF82-12DF17AE4E1E,2012-ncaa-d1-natl,ncaa,254,247,196,257,217,185,163,222,78,101,111,121,283,306,141,295,160,150,217,151,202,212,197,139,140,170,295,291,149,212,171,281,219,264,208,201,240,208,237,228,145,127,32,28,,,230,275,,,218,190,112,90,142,110,177,58,68,275,296,136,117,117,168,135,191,274,246,177,248,114,23,,280,,,220,207,190,103,273,229,159,271,71,62,175,69,297,263,323,267,272,129,132,257,288,264,128,53,290,110,219,97,171,88,208,84,55,165,147,117,198,212,147,100,,,197,178,,,218,150,183,253,220,260,233,155,277,229,109,80,310,288,288,189,208,159,154,148,130,129,229,169,,155,,,b'\x11\xe8\xe1I\xc8k\x94\x86\xaf\x82\x12\xdf\x17\xaeN\x1e'
11E8E149-C86B-9486-AF82-12DF17AE4E1E,2013-ncaa-d0-natl,ncaa,96,126,41,119,52,42,62,43,136,72,85,99,79,51,222,107,12,18,108,18,41,34,20,132,111,116,106,166,65,179,274,173,195,169,286,109,234,309,158,191,6,9,75,59,,,325,244,,,111,11,5,225,39,82,59,110,156,106,72,18,26,27,39,23,242,283,279,148,240,5,89,,298,,,113,323,299,244,303,283,168,329,275,304,87,289,312,304,276,304,302,273,326,300,315,169,228,193,237,202,195,323,274,304,286,308,251,4,4,44,185,74,296,249,,,40,180,,,111,334,149,117,127,270,245,125,230,53,236,277,275,265,262,162,326,124,274,232,265,2,128,262,,64,,,b'\x11\xe8\xe1I\xc8k\x94\x86\xaf\x82\x12\xdf\x17\xaeN\x1e'
11E8E149-C86B-9486-AF82-12DF17AE4E1E,2013-ncaa-d1-conf-Big Ten,ncaa,6,5,9,6,9,6,8,6,10,7,7,9,7,5,10,6,1,2,7,2,1,5,4,10,8,8,4,9,1,6,8,12,9,12,11,11,11,9,9,11,1,1,12,9,,,10,10,,,5,2,1,4,2,6,2,5,4,6,3,1,1,1,2,1,5,12,12,10,11,1,11,,10,,,5,8,3,1,12,4,1,12,4,6,4,10,10,9,7,9,12,1,9,12,12,5,9,4,9,2,9,11,8,4,11,8,10,1,1,1,7,3,10,10,,,4,7,,,5,11,9,4,7,11,8,1,9,1,5,8,10,10,10,3,12,2,12,9,10,1,9,10,,2,,,b'\x11\xe8\xe1I\xc8k\x94\x86\xaf\x82\x12\xdf\x17\xaeN\x1e'
11E8E149-C86B-9486-AF82-12DF17AE4E1E,2013-ncaa-d1-natl,ncaa,107,126,49,124,59,45,70,51,140,81,100,103,84,56,223,107,16,21,108,21,42,37,22,132,114,118,104,163,59,204,277,192,197,189,295,117,237,297,163,198,7,11,80,63,,,320,249,,,121,11,5,223,43,89,63,118,162,106,72,20,27,28,41,26,248,290,286,151,239,5,90,,301,,,122,320,294,234,305,279,136,333,268,303,93,288,308,300,279,300,303,262,324,304,319,179,229,191,238,193,197,321,277,299,295,305,252,4,4,50,175,75,292,253,,,46,176,,,121,334,152,125,135,271,249,128,237,56,237,274,279,270,267,165,325,125,276,233,266,2,129,264,,65,,,b'\x11\xe8\xe1I\xc8k\x94\x86\xaf\x82\x12\xdf\x17\xaeN\x1e'
11E8E149-C86B-9486-AF82-12DF17AE4E1E,2014-ncaa-d0-natl,ncaa,273,282,180,279,212,184,147,111,236,201,196,212,81,75,184,76,316,317,201,318,326,153,168,197,234,199,136,67,337,238,295,327,307,312,342,233,287,106,100,196,23,7,156,112,,,225,243,,,242,147,60,171,165,101,39,185,174,71,58,314,318,318,84,116,231,344,335,237,125,8,141,,268,,,240,241,207,79,326,200,69,331,212,161,282,213,261,235,292,232,296,99,193,331,336,254,226,183,236,140,307,296,295,256,342,310,331,31,10,131,57,70,274,286,,,307,342,,,242,202,233,234,239,280,257,74,231,64,231,182,279,259,261,110,265,167,322,289,321,8,83,292,,314,,,b'\x11\xe8\xe1I\xc8k\x94\x86\xaf\x82\x12\xdf\x17\xaeN\x1e'
11E8E149-C86B-9486-AF82-12DF17AE4E1E,2014-ncaa-d1-conf-Big Ten,ncaa,12,12,9,12,10,12,12,10,11,12,12,10,4,2,11,1,12,12,11,12,10,11,11,11,11,12,2,2,11,11,11,12,9,12,12,12,11,3,8,12,1,1,12,9,,,11,12,,,12,10,6,4,12,12,5,11,12,3,2,11,12,12,10,9,10,12,12,12,6,1,11,,12,,,12,8,4,1,12,2,1,12,8,5,12,10,10,10,11,10,12,1,3,12,12,12,12,8,11,1,9,10,11,7,12,12,12,1,1,5,1,1,5,10,,,12,11,,,12,3,12,12,12,11,7,1,5,1,10,9,12,11,11,2,6,3,12,9,12,1,1,5,,12,,,b'\x11\xe8\xe1I\xc8k\x94\x86\xaf\x82\x12\xdf\x17\xaeN\x1e'
11E8E149-C86B-9486-AF82-12DF17AE4E1E,2014-ncaa-d1-natl,ncaa,279,282,211,282,256,206,169,127,243,218,213,218,89,82,189,76,321,323,200,324,328,176,198,197,236,202,135,67,338,254,298,339,313,332,342,254,288,88,102,202,27,7,164,113,,,211,244,,,252,172,64,167,172,115,41,190,175,72,59,314,318,318,91,124,238,347,337,245,124,8,142,,272,,,254,219,190,54,329,186,47,331,202,147,284,213,252,213,294,210,296,69,163,333,340,265,224,182,234,124,313,290,298,235,342,305,331,37,12,135,50,71,270,292,,,321,342,,,252,172,238,248,249,287,263,75,240,67,233,181,283,260,261,111,262,167,324,293,322,10,84,294,,314,,,b'\x11\xe8\xe1I\xc8k\x94\x86\xaf\x82\x12\xdf\x17\xaeN\x1e'
11E8E149-C86B-9486-AF82-12DF17AE4E1E,2015-ncaa-d0-natl,ncaa,162,189,113,184,141,114,81,65,167,131,137,142,63,57,155,76,297,277,293,280,311,86,89,139,189,173,159,78,337,172,252,247,207,222,298,84,137,193,139,104,19,13,93,60,,,235,167,,,124,78,28,199,113,64,33,136,157,67,52,319,300,302,72,69,200,297,280,80,179,10,94,,222,,,122,192,177,135,243,152,80,282,242,259,140,283,188,209,103,213,261,141,262,256,246,97,237,251,172,136,207,310,252,274,298,220,251,17,11,48,28,21,265,249,,,225,313,,,124,276,189,79,123,162,159,81,137,46,236,257,172,184,192,95,288,107,306,257,210,10,32,262,,267,,,b'\x11\xe8\xe1I\xc8k\x94\x86\xaf\x82\x12\xdf\x17\xaeN\x1e'
11E8E149-C86B-9486-AF82-12DF17AE4E1E,2015-ncaa-d1-conf-Big Ten,ncaa,10,10,11,10,13,13,10,9,13,12,12,13,5,5,8,3,14,14,13,14,12,12,12,9,12,12,5,2,14,9,11,14,9,14,14,10,6,8,10,9,1,1,9,8,,,6,11,,,10,12,5,9,12,10,5,12,12,4,4,14,14,14,9,9,8,14,13,9,9,1,9,,11,,,10,3,2,1,12,1,1,13,8,6,10,13,5,5,6,7,13,1,2,13,14,6,12,10,10,1,9,12,11,6,14,6,11,1,1,2,1,3,7,11,,,14,14,,,10,3,12,5,10,5,5,1,4,1,10,7,7,7,8,1,6,3,14,10,8,1,2,10,,14,,,b'\x11\xe8\xe1I\xc8k\x94\x86\xaf\x82\x12\xdf\x17\xaeN\x1e'
11E8E149-C86B-9486-AF82-12DF17AE4E1E,2015-ncaa-d1-natl,ncaa,180,189,143,189,178,139,97,74,178,151,160,150,78,71,156,74,313,292,293,294,314,111,113,147,195,182,156,74,338,206,262,289,214,263,303,100,137,169,146,107,22,16,100,65,,,215,169,,,138,98,28,194,120,70,36,142,163,67,53,322,301,302,78,80,204,301,292,86,180,15,95,,226,,,137,168,158,97,255,126,58,289,230,244,147,280,171,187,106,197,259,105,234,263,256,108,236,250,171,113,214,303,262,255,303,210,252,22,14,52,24,22,251,256,,,255,310,,,138,256,203,87,139,175,172,84,145,46,240,260,175,188,192,98,287,109,309,260,222,13,31,263,,267,,,b'\x11\xe8\xe1I\xc8k\x94\x86\xaf\x82\x12\xdf\x17\xaeN\x1e'
11E8E149-C86B-9486-AF82-12DF17AE4E1E,2016-ncaa-d0-natl,ncaa,268,281,175,276,230,122,101,91,138,163,193,114,41,40,114,41,300,308,139,308,310,127,179,100,134,92,118,41,337,283,305,182,164,240,297,148,234,23,31,64,225,252,83,59,,,156,136,,,222,134,51,280,88,65,33,139,180,37,27,296,314,317,76,148,279,168,244,130,36,228,71,,177,,,220,294,274,219,278,195,111,298,321,309,270,316,233,229,203,225,258,223,212,304,308,310,292,301,166,149,164,294,305,266,297,290,251,203,227,270,37,43,334,341,,,301,323,,,222,218,128,290,217,307,291,264,229,121,328,322,250,251,249,272,271,164,319,292,301,198,51,339,,311,,,b'\x11\xe8\xe1I\xc8k\x94\x86\xaf\x82\x12\xdf\x17\xaeN\x1e'
11E8E149-C86B-9486-AF82-12DF17AE4E1E,2016-ncaa-d1-conf-Big Ten,ncaa,14,14,9,14,13,13,13,8,14,14,14,12,4,4,10,1,14,14,9,14,12,11,13,13,13,14,3,1,14,13,14,12,5,13,14,12,10,2,4,9,11,10,8,5,,,8,11,,,14,12,9,11,12,13,5,14,13,3,3,13,14,14,9,12,13,10,13,12,3,10,7,,9,,,14,8,4,2,11,2,1,13,12,12,7,14,9,11,6,10,14,3,3,12,13,12,14,14,13,4,5,13,14,11,14,9,12,9,9,10,3,3,9,13,,,13,12,,,14,3,14,10,13,10,5,4,4,1,14,13,11,12,12,6,5,5,13,12,11,9,3,10,,13,,,b'\x11\xe8\xe1I\xc8k\x94\x86\xaf\x82\x12\xdf\x17\xaeN\x1e'
11E8E149-C86B-9486-AF82-12DF17AE4E1E,2016-ncaa-d1-natl,ncaa,280,280,218,283,286,151,127,117,151,192,227,125,49,46,119,42,308,321,140,320,312,165,215,106,138,96,114,42,335,304,314,221,174,279,302,177,238,19,31,67,253,262,95,60,,,123,137,,,237,175,57,282,93,68,35,153,184,39,28,297,316,318,78,154,286,174,259,140,36,242,72,,180,,,238,278,255,191,285,179,82,306,315,300,276,313,218,212,212,210,262,193,164,313,315,315,291,299,162,123,174,281,314,244,302,280,253,232,233,277,29,45,334,341,,,322,323,,,237,175,138,300,236,312,293,268,237,124,330,322,255,251,249,277,269,167,322,295,306,202,55,341,,312,,,b'\x11\xe8\xe1I\xc8k\x94\x86\xaf\x82\x12\xdf\x17\xaeN\x1e'
11E8E149-C86B-9486-AF82-12DF17AE4E1E,2017-ncaa-d0-natl,ncaa,267,300,116,285,155,180,148,102,237,177,147,228,118,95,186,98,305,333,16,334,344,151,186,218,225,178,177,97,327,287,323,182,273,244,321,245,311,55,62,181,223,245,121,96,,,224,193,,,289,143,158,268,207,176,94,200,177,117,94,324,343,344,189,252,309,226,303,276,49,239,118,,216,,,282,296,233,237,183,147,117,227,318,321,209,312,315,286,314,292,312,254,222,232,272,299,328,300,263,271,273,308,323,308,321,276,275,230,263,289,73,82,191,173,,,313,334,,,289,210,219,312,283,285,222,231,123,61,318,322,307,275,281,261,216,265,308,296,275,254,66,177,,339,,,b'\x11\xe8\xe1I\xc8k\x94\x86\xaf\x82\x12\xdf\x17\xaeN\x1e'
11E8E149-C86B-9486-AF82-12DF17AE4E1E,2017-ncaa-d1-conf-Big Ten,ncaa,11,11,4,11,5,11,11,6,12,11,8,11,5,3,6,2,13,13,1,13,13,9,10,10,11,10,6,2,14,14,14,10,12,13,14,13,13,3,5,11,7,8,10,7,,,12,10,,,12,7,10,6,12,11,7,11,11,5,5,13,13,13,12,13,14,13,14,13,3,8,11,,11,,,11,11,6,6,7,3,2,10,14,14,6,14,12,13,10,13,12,9,8,10,12,13,13,14,11,11,12,14,14,14,14,13,14,8,9,12,6,6,8,8,,,13,13,,,12,8,11,13,11,12,7,5,3,2,13,14,11,13,13,8,8,10,14,14,13,10,5,7,,13,,,b'\x11\xe8\xe1I\xc8k\x94\x86\xaf\x82\x12\xdf\x17\xaeN\x1e'
11E8E149-C86B-9486-AF82-12DF17AE4E1E,2017-ncaa-d1-natl,ncaa,283,299,144,297,198,211,181,133,243,206,184,233,129,107,189,98,318,343,16,342,343,189,238,228,239,192,175,97,325,307,325,225,278,289,328,275,313,37,64,189,247,257,127,98,,,204,197,,,297,191,163,270,219,187,100,211,179,119,96,329,344,344,198,261,312,239,311,290,50,245,121,,218,,,295,284,206,201,193,124,82,235,312,315,220,313,306,271,317,276,314,230,187,251,282,312,330,299,264,247,278,291,325,288,328,269,275,254,267,295,56,83,172,182,,,332,331,,,297,163,225,317,293,294,231,231,128,64,319,320,307,278,282,263,213,266,309,298,284,256,68,186,,341,,,b'\x11\xe8\xe1I\xc8k\x94\x86\xaf\x82\x12\xdf\x17\xaeN\x1e'
11E8E149-C86B-9486-AF82-12DF17AE4E1E,2018-ncaa-d0-natl,ncaa,266,295,117,278,157,201,172,104,275,160,99,285,167,154,214,169,291,310,76,312,343,143,155,274,286,253,230,148,296,142,188,224,288,184,252,300,338,96,90,249,273,296,64,49,,,277,266,,,313,167,183,278,244,190,91,180,106,185,165,312,332,330,141,192,153,264,220,325,91,285,54,,259,,,306,304,262,232,242,150,157,166,337,298,342,287,307,310,142,298,303,258,211,298,304,331,337,322,232,278,288,232,188,260,252,305,301,262,298,319,141,134,183,136,,,280,316,,,313,185,241,332,306,305,247,228,137,126,334,300,292,300,295,263,198,268,214,249,301,287,132,190,,317,,,b'\x11\xe8\xe1I\xc8k\x94\x86\xaf\x82\x12\xdf\x17\xaeN\x1e'
11E8E149-C86B-9486-AF82-12DF17AE4E1E,2018-ncaa-d1-conf-Big Ten,ncaa,14,14,12,14,13,13,13,10,14,14,12,14,8,6,11,4,14,14,9,14,14,12,13,14,14,14,6,4,14,9,9,14,14,13,12,14,14,5,6,14,14,14,9,5,,,13,14,,,14,13,11,9,13,13,6,14,10,7,4,14,14,14,8,9,7,13,12,14,6,14,7,,14,,,14,10,6,4,12,5,1,12,12,10,13,13,14,14,2,14,14,6,3,13,13,14,14,13,13,12,14,9,9,10,12,11,13,14,13,14,5,7,4,8,,,12,12,,,14,2,13,14,14,13,11,7,7,2,14,12,14,14,14,11,9,14,11,13,11,14,7,7,,12,,,b'\x11\xe8\xe1I\xc8k\x94\x86\xaf\x82\x12\xdf\x17\xaeN\x1e'
11E8E149-C86B-9486-AF82-12DF17AE4E1E,2018-ncaa-d1-natl,ncaa,276,295,144,288,201,239,203,127,288,193,125,296,192,173,215,166,306,324,71,325,343,177,203,283,291,258,222,148,294,172,193,260,294,226,263,325,341,81,97,254,288,303,68,49,,,251,268,,,317,212,193,279,260,200,93,197,113,185,166,314,332,331,151,207,162,274,235,328,91,292,56,,260,,,316,298,252,204,259,128,126,179,333,289,343,285,297,298,143,291,306,242,176,310,317,338,336,319,235,265,294,208,193,242,263,299,300,285,306,324,122,137,176,150,,,301,318,,,317,141,248,336,315,309,258,231,147,131,339,297,298,300,295,267,194,274,222,255,305,293,134,190,,320,,,b'\x11\xe8\xe1I\xc8k\x94\x86\xaf\x82\x12\xdf\x17\xaeN\x1e'
11E8E149-C86B-9486-AF82-12DF17AE4E1E,2019-ncaa-d0-natl,ncaa,253,269,173,262,186,138,114,137,98,107,153,71,142,135,166,145,247,269,155,269,293,163,225,100,117,80,237,175,300,264,272,188,192,219,243,146,219,18,43,67,284,294,48,35,,,138,160,,,211,201,200,48,108,76,86,83,130,130,123,259,272,274,126,216,258,175,232,123,36,283,36,,170,,,210,262,249,215,239,192,147,248,305,285,281,290,201,198,201,201,225,218,152,274,271,319,276,287,144,190,192,214,272,206,243,251,209,314,326,326,25,50,58,65,,,293,296,,,211,146,106,318,214,291,276,268,214,159,325,307,226,221,225,274,186,205,240,238,266,318,41,66,,308,,,b'\x11\xe8\xe1I\xc8k\x94\x86\xaf\x82\x12\xdf\x17\xaeN\x1e'
11E8E149-C86B-9486-AF82-12DF17AE4E1E,2019-ncaa-d1-conf-Big Ten,ncaa,14,14,9,14,13,14,10,8,13,11,12,9,2,1,11,1,14,14,2,14,14,13,13,10,11,9,5,2,14,12,14,14,14,14,14,10,12,1,2,6,14,12,6,7,,,9,12,,,14,12,11,7,12,7,2,10,10,2,1,14,14,14,10,11,12,13,14,10,1,12,5,,11,,,14,13,10,4,14,5,3,14,14,10,14,13,10,11,6,10,13,4,3,14,14,14,12,13,9,6,14,12,14,12,14,11,10,13,13,13,1,1,4,4,,,14,14,,,14,2,12,14,14,14,14,7,8,3,14,12,10,11,10,8,5,9,13,13,14,12,1,4,,14,,,b'\x11\xe8\xe1I\xc8k\x94\x86\xaf\x82\x12\xdf\x17\xaeN\x1e'
11E8E149-C86B-9486-AF82-12DF17AE4E1E,2019-ncaa-d1-natl,ncaa,266,266,233,268,246,177,139,183,112,136,191,76,154,152,172,142,271,284,157,285,289,213,278,105,122,88,235,169,296,283,280,227,204,269,256,173,225,9,43,71,301,303,59,36,,,121,166,,,228,256,208,43,118,88,94,96,137,130,126,262,274,274,138,227,267,187,237,133,36,292,36,,176,,,228,242,222,179,261,155,113,262,296,268,291,287,180,177,207,177,230,179,97,281,286,329,274,287,147,164,204,173,280,161,256,233,216,327,329,331,19,54,49,70,,,314,291,,,228,90,114,326,231,301,285,273,226,164,325,305,233,222,225,278,181,213,242,244,277,324,44,70,,307,,,b'\x11\xe8\xe1I\xc8k\x94\x86\xaf\x82\x12\xdf\x17\xaeN\x1e'
11E8E149-C86B-9486-AF82-12DF17AE4E1E,2020-ncaa-d0-natl,ncaa,239,258,87,256,136,199,201,106,302,270,153,339,83,108,56,132,254,212,295,202,199,116,148,261,281,240,59,55,263,221,302,256,260,254,329,194,178,111,95,151,84,92,220,223,,,162,130,,,298,120,127,213,221,223,109,290,176,81,116,273,222,213,120,166,242,297,299,222,103,93,224,,156,,,299,315,310,251,317,260,175,293,342,295,344,278,127,107,234,106,118,227,223,334,327,322,253,315,44,227,260,345,302,329,329,336,321,151,180,311,59,53,176,165,,,222,246,,,298,209,258,315,303,303,303,236,236,158,339,285,123,105,105,205,208,210,344,323,337,172,54,166,,237,,,b'\x11\xe8\xe1I\xc8k\x94\x86\xaf\x82\x12\xdf\x17\xaeN\x1e'
11E8E149-C86B-9486-AF82-12DF17AE4E1E,2020-ncaa-d1-conf-Big Ten,ncaa,13,13,9,13,13,14,14,12,14,14,13,14,5,5,8,4,14,14,14,14,9,14,13,14,14,14,2,1,11,13,14,14,13,14,14,13,10,2,5,12,6,6,14,14,,,6,10,,,14,12,7,10,14,14,8,14,12,5,5,14,13,13,12,11,13,14,14,13,3,6,14,,11,,,14,11,12,4,13,8,2,13,14,11,14,14,4,5,10,5,10,4,4,14,14,13,13,14,1,9,13,14,14,13,14,13,13,8,6,13,1,1,6,9,,,13,10,,,14,3,14,14,14,13,13,8,11,4,14,13,6,7,7,7,7,10,14,14,13,6,1,8,,10,,,b'\x11\xe8\xe1I\xc8k\x94\x86\xaf\x82\x12\xdf\x17\xaeN\x1e'
11E8E149-C86B-9486-AF82-12DF17AE4E1E,2020-ncaa-d1-natl,ncaa,257,257,128,265,202,232,235,140,310,299,183,339,93,122,59,128,270,234,297,225,201,153,193,268,287,244,58,56,258,243,308,291,267,289,336,227,180,92,99,156,105,100,227,226,,,142,136,,,306,160,131,201,232,238,116,298,180,87,119,273,222,214,128,173,249,301,305,232,103,105,226,,160,,,307,298,302,222,324,243,155,296,339,286,346,276,115,95,239,94,120,188,180,338,330,327,252,316,47,206,267,340,308,318,336,335,320,187,191,315,46,52,165,169,,,249,243,,,306,169,272,322,313,306,309,239,245,157,339,286,128,106,107,208,208,210,345,324,337,183,52,175,,232,,,b'\x11\xe8\xe1I\xc8k\x94\x86\xaf\x82\x12\xdf\x17\xaeN\x1e'
11E8E149-C86B-9486-AF82-12DF17AE4E1E,2021-ncaa-d0-natl,ncaa,265,318,136,300,152,191,177,136,287,161,97,290,199,168,268,229,174,171,232,167,242,144,123,293,297,289,227,221,167,165,244,105,171,126,216,160,143,293,256,255,143,188,135,188,,,231,178,,,315,115,52,224,266,253,144,210,112,246,228,223,213,211,163,93,197,94,127,206,278,167,167,,230,,,299,248,245,244,176,232,235,168,240,240,192,184,253,241,262,237,198,240,225,168,192,238,218,188,204,238,171,262,244,254,216,274,253,163,239,264,300,279,130,73,,,178,271,,,315,220,300,233,299,259,243,256,225,235,225,235,262,235,231,275,267,222,267,271,263,205,288,93,,237,,,b'\x11\xe8\xe1I\xc8k\x94\x86\xaf\x82\x12\xdf\x17\xaeN\x1e'
11E8E149-C86B-9486-AF82-12DF17AE4E1E,2021-ncaa-d1-conf-Big Ten,ncaa,13,13,6,13,7,12,11,6,14,10,6,14,9,8,11,9,11,10,11,10,12,8,7,14,14,14,9,8,8,9,14,5,10,5,13,10,6,13,14,13,5,6,10,9,,,13,11,,,13,7,4,6,14,14,12,14,9,10,10,12,11,11,12,6,12,6,6,13,14,6,9,,12,,,13,9,7,9,5,7,8,6,8,9,5,10,11,11,9,11,11,10,10,4,6,7,11,8,9,11,10,12,14,12,13,7,8,5,7,8,13,12,5,6,,,9,11,,,13,8,14,8,13,8,7,9,7,6,7,10,12,11,11,9,12,11,11,13,8,7,13,5,,10,,,b'\x11\xe8\xe1I\xc8k\x94\x86\xaf\x82\x12\xdf\x17\xaeN\x1e'
11E8E149-C86B-9486-AF82-12DF17AE4E1E,2021-ncaa-d1-natl,ncaa,277,317,152,305,173,202,194,149,291,177,112,294,206,175,268,227,183,182,228,180,241,156,136,296,299,295,224,222,164,179,249,121,174,140,224,180,145,283,262,261,155,198,147,190,,,222,184,,,318,132,53,225,271,266,151,218,114,249,227,227,212,211,167,95,203,96,138,214,280,176,168,,230,,,305,234,227,224,183,223,226,177,228,230,198,179,247,236,263,234,200,224,206,182,202,246,219,191,206,227,174,251,249,244,224,266,253,180,247,271,289,280,125,77,,,190,271,,,318,205,308,243,306,263,249,254,231,236,231,235,265,238,233,280,265,224,273,277,270,211,291,94,,237,,,b'\x11\xe8\xe1I\xc8k\x94\x86\xaf\x82\x12\xdf\x17\xaeN\x1e'
11E8E149-C86B-9486-AF82-12DF17AE4E1E,2022-ncaa-d0-natl,ncaa,295,288,260,297,287,228,207,232,183,208,200,218,199,239,121,213,232,193,307,190,167,231,237,179,207,205,190,176,202,201,192,246,239,242,230,225,208,174,214,217,284,276,169,131,,,45,57,,,306,238,61,275,158,149,129,154,120,167,193,186,132,129,124,85,137,186,163,188,243,253,140,,91,,,307,269,282,184,325,189,107,320,341,303,340,332,72,62,200,64,130,164,121,346,337,347,273,337,34,167,239,153,192,141,230,312,285,285,285,334,235,267,36,39,,,296,314,,,306,119,213,343,302,339,342,318,280,173,352,343,115,114,116,303,278,242,263,261,340,249,283,59,,273,,,b'\x11\xe8\xe1I\xc8k\x94\x86\xaf\x82\x12\xdf\x17\xaeN\x1e'
11E8E149-C86B-9486-AF82-12DF17AE4E1E,2022-ncaa-d1-conf-Big Ten,ncaa,14,11,14,14,14,14,14,14,13,13,13,13,12,12,12,11,12,12,14,12,7,14,14,14,14,13,10,10,7,9,7,14,8,13,9,14,11,2,10,12,14,13,10,5,,,1,1,,,14,14,5,7,12,12,8,9,4,11,11,11,7,6,7,4,6,8,7,12,11,13,6,,1,,,14,5,7,2,14,5,1,14,14,12,14,14,1,1,7,1,3,1,1,14,14,14,11,14,1,1,8,4,7,3,9,12,12,14,12,14,8,14,2,6,,,14,11,,,14,1,12,14,14,14,14,12,12,4,14,14,2,2,2,11,8,8,11,10,13,12,14,6,,10,,,b'\x11\xe8\xe1I\xc8k\x94\x86\xaf\x82\x12\xdf\x17\xaeN\x1e'
11E8E149-C86B-9486-AF82-12DF17AE4E1E,2022-ncaa-d1-natl,ncaa,305,288,304,307,322,262,250,275,196,243,240,229,214,255,125,213,260,222,308,218,169,272,281,195,218,220,188,176,194,230,202,283,248,285,243,260,214,144,215,226,309,288,179,140,,,31,61,,,317,282,67,275,175,168,145,163,122,172,195,190,137,134,137,92,154,194,175,203,251,268,141,,94,,,318,246,263,145,339,172,75,331,335,293,343,333,58,50,211,52,129,120,81,348,345,351,272,338,35,143,248,107,202,108,243,304,287,310,289,336,206,276,29,48,,,319,313,,,317,77,232,348,316,343,345,319,292,178,352,343,117,114,117,306,275,244,267,266,343,255,286,63,,272,,,b'\x11\xe8\xe1I\xc8k\x94\x86\xaf\x82\x12\xdf\x17\xaeN\x1e'
11E8E149-C86B-9486-AF82-12DF17AE4E1E,2023-ncaa-d0-natl,ncaa,59,52,81,59,116,49,29,56,17,30,58,43,66,132,10,197,218,258,56,268,350,76,104,20,27,18,258,147,349,86,62,85,107,75,54,93,298,44,25,45,256,304,113,144,,,210,165,,,45,118,182,356,28,12,39,19,60,79,153,251,303,309,72,161,98,91,72,102,26,294,137,,151,,,41,265,256,267,168,306,286,208,91,175,27,108,288,279,250,277,217,277,243,122,141,203,69,41,277,175,107,129,62,142,54,175,99,235,294,233,72,42,200,90,,,228,312,,,45,251,11,198,37,190,199,193,254,258,55,129,266,256,254,231,145,134,60,67,121,294,48,158,,300,,,b'\x11\xe8\xe1I\xc8k\x94\x86\xaf\x82\x12\xdf\x17\xaeN\x1e'
11E8E149-C86B-9486-AF82-12DF17AE4E1E,2023-ncaa-d1-conf-Big Ten,ncaa,5,5,3,5,8,6,5,5,5,5,3,7,6,7,4,7,12,13,6,13,14,6,11,6,6,4,13,7,14,4,3,8,7,7,6,12,13,1,1,6,12,12,8,9,,,6,9,,,6,13,14,14,7,4,4,4,4,7,7,14,13,13,8,13,5,9,6,13,1,12,8,,5,,,6,6,8,6,9,11,9,12,1,2,1,3,9,7,9,8,9,7,3,6,8,9,1,1,11,6,7,7,3,7,6,4,2,13,12,10,1,4,8,6,,,12,11,,,6,5,4,9,5,6,8,3,12,9,1,1,8,9,9,4,1,5,7,4,3,13,1,8,,14,,,b'\x11\xe8\xe1I\xc8k\x94\x86\xaf\x82\x12\xdf\x17\xaeN\x1e'
11E8E149-C86B-9486-AF82-12DF17AE4E1E,2023-ncaa-d1-natl,ncaa,67,52,103,64,151,54,31,66,17,33,68,46,80,152,11,197,234,278,55,290,350,91,126,22,28,18,256,151,349,104,67,112,117,95,56,107,302,31,25,46,285,314,122,149,,,180,169,,,46,150,187,356,29,12,40,23,64,82,158,256,308,314,77,167,104,97,78,114,26,308,143,,156,,,43,241,238,240,179,287,268,220,76,147,28,105,280,267,255,266,221,252,211,134,162,231,65,43,277,148,117,94,67,102,56,158,100,272,303,244,60,45,185,101,,,254,307,,,46,224,11,220,39,202,208,199,262,262,61,131,269,258,258,234,145,140,61,71,135,304,50,164,,301,,,b'\x11\xe8\xe1I\xc8k\x94\x86\xaf\x82\x12\xdf\x17\xaeN\x1e'
11E8E149-C86B-9486-AF82-12DF17AE4E1E,2023-ncaa-d1-ncaatournament,ncaa,36,2,36,36,38,55,52,50,43,45,53,24,50,50,54,21,56,55,42,55,54,53,64,46,49,42,56,41,49,59,61,52,58,62,64,65,67,7,18,57,39,21,42,27,,,10,16,,,45,58,50,7,53,45,37,35,46,44,24,55,54,54,50,60,55,48,62,65,10,21,25,,18,,,47,10,9,12,36,15,19,37,10,7,28,15,26,28,39,25,48,14,14,32,38,34,21,17,57,26,58,19,61,25,64,12,43,44,26,26,12,24,29,58,,,57,47,,,45,10,49,40,46,37,33,27,44,45,17,16,54,55,53,38,39,55,51,57,39,22,18,53,,53,,,b'\x11\xe8\xe1I\xc8k\x94\x86\xaf\x82\x12\xdf\x17\xaeN\x1e'
11E8E149-C86B-9486-AF82-12DF17AE4E1E,2024-ncaa-d0-natl,ncaa,106,148,29,135,43,30,19,39,23,9,17,39,174,225,74,305,61,108,6,104,304,43,66,44,37,23,320,295,227,123,152,54,65,71,75,74,270,53,17,36,199,269,194,243,,,189,67,,,69,57,148,244,35,23,65,8,31,226,285,95,194,187,79,179,193,108,146,101,16,271,236,,80,,,75,328,333,327,226,313,293,239,323,327,215,281,196,133,352,130,65,317,302,246,240,280,185,261,71,174,65,221,152,206,75,329,256,164,259,305,70,30,115,22,,,120,227,,,69,308,26,246,68,237,271,255,231,176,281,281,119,71,68,222,172,76,79,63,286,263,33,67,,231,,,b'\x11\xe8\xe1I\xc8k\x94\x86\xaf\x82\x12\xdf\x17\xaeN\x1e'
11E8E149-C86B-9486-AF82-12DF17AE4E1E,2024-ncaa-d1-conf-Big Ten,ncaa,9,9,8,9,9,10,9,8,7,4,2,6,13,12,12,13,9,11,1,11,14,9,10,9,8,6,14,14,6,9,8,7,8,9,8,11,13,2,2,5,10,11,11,11,,,5,5,,,9,11,8,3,7,6,2,1,2,13,11,7,11,11,5,8,6,4,5,10,2,7,10,,7,,,9,5,5,8,4,6,7,5,5,6,8,6,5,4,11,4,2,7,5,5,5,8,5,6,6,8,8,4,8,6,8,5,7,10,10,10,4,5,4,1,,,12,12,,,9,5,6,9,8,7,8,11,9,9,7,7,6,5,4,9,8,9,8,11,8,9,5,4,,12,,,b'\x11\xe8\xe1I\xc8k\x94\x86\xaf\x82\x12\xdf\x17\xaeN\x1e'
11E8E149-C86B-9486-AF82-12DF17AE4E1E,2024-ncaa-d1-natl,ncaa,123,150,38,144,60,39,24,49,23,11,22,45,200,248,75,308,74,133,6,129,308,53,85,46,41,26,322,298,218,157,162,81,74,100,86,87,280,37,18,38,234,281,213,252,,,156,69,,,83,73,153,238,39,24,72,9,36,233,287,97,199,192,87,194,211,118,162,115,16,282,242,,84,,,86,318,326,317,244,305,272,256,320,319,223,281,176,117,355,114,72,305,282,256,252,300,186,262,73,148,74,185,162,168,86,327,261,203,276,314,55,31,103,27,,,146,223,,,83,293,27,269,77,253,281,262,243,181,292,285,123,77,76,229,168,85,82,67,292,276,33,70,,233,,,b'\x11\xe8\xe1I\xc8k\x94\x86\xaf\x82\x12\xdf\x17\xaeN\x1e'
11E8E149-C86B-9486-AF82-12DF17AE4E1E,2025-ncaa-d0-natl,genius_ncaa,71,65,90,71,106,80,93,130,79,72,81,125,191,259,51,296,36,63,8,58,121,116,160,99,70,47,208,266,57,209,203,68,21,113,61,89,119,29,37,40,324,341,249,297,,,74,56,,130,65,144,253,159,79,96,177,72,101,213,290,31,70,68,148,270,245,74,145,87,23,347,272,,51,,109,64,158,229,252,151,299,305,161,50,95,32,61,57,73,89,67,29,234,196,100,79,149,9,34,52,51,21,169,203,120,61,180,110,272,293,260,27,27,283,204,,,90,54,,46,65,219,59,107,64,90,180,201,277,304,31,57,43,59,57,147,69,32,105,55,131,319,18,261,,102,,54,b'\x11\xe8\xe1I\xc8k\x94\x86\xaf\x82\x12\xdf\x17\xaeN\x1e'
11E8E149-C86B-9486-AF82-12DF17AE4E1E,2025-ncaa-d1-conf-Big Ten,genius_ncaa,8,5,9,6,9,12,12,13,13,14,11,15,11,15,3,15,6,10,3,9,8,12,15,11,8,9,5,8,4,12,12,7,4,7,8,11,9,4,6,7,18,18,14,16,,,4,6,,14,8,16,17,4,12,14,15,14,10,10,15,5,9,8,13,14,13,5,6,12,4,18,14,,5,,15,7,3,6,7,4,8,14,5,1,1,4,1,7,7,4,7,4,7,5,3,3,7,1,2,12,6,4,6,12,7,8,4,3,15,14,11,4,4,16,15,,,12,8,,3,8,6,10,8,7,5,7,8,10,17,3,2,9,9,9,8,4,5,7,9,4,17,3,17,,13,,2,b'\x11\xe8\xe1I\xc8k\x94\x86\xaf\x82\x12\xdf\x17\xaeN\x1e'
11E8E149-C86B-9486-AF82-12DF17AE4E1E,2025-ncaa-d1-natl,genius_ncaa,78,65,113,71,134,100,113,165,86,88,100,140,207,271,51,295,41,75,7,69,122,145,207,106,74,50,207,268,49,239,216,86,23,141,72,100,122,22,38,45,338,344,261,303,,,56,58,,121,75,186,260,157,86,106,200,82,106,214,292,34,77,74,163,276,259,78,159,95,24,348,273,,51,,110,72,130,203,219,167,292,294,171,38,72,35,58,47,60,95,58,30,200,146,106,88,164,8,36,50,37,23,135,216,88,72,163,112,300,305,277,23,28,274,222,,,106,51,,50,75,181,63,123,71,105,193,205,285,306,38,57,46,61,59,153,70,31,109,63,145,326,19,268,,99,,51,b'\x11\xe8\xe1I\xc8k\x94\x86\xaf\x82\x12\xdf\x17\xaeN\x1e'
11E8E149-C86B-9486-AF82-12DF17AE4E1E,2025-ncaa-d1-ncaatournament,genius_ncaa,17,2,17,17,20,34,34,36,27,34,34,27,28,31,29,39,27,29,22,29,20,35,35,29,25,29,28,32,20,39,50,21,13,28,24,34,37,44,48,46,39,53,39,57,,,29,12,,24,35,35,61,7,48,51,65,48,54,40,52,33,36,36,64,65,59,13,37,45,41,55,48,,9,,13,30,34,40,41,29,49,49,36,12,28,8,12,25,26,20,25,8,40,33,20,18,25,3,6,19,33,13,39,50,35,24,30,9,39,56,42,46,58,40,56,,,34,44,,32,35,34,39,20,28,11,25,32,44,52,3,10,13,12,11,27,7,15,17,11,11,60,43,44,,55,,41,b'\x11\xe8\xe1I\xc8k\x94\x86\xaf\x82\x12\xdf\x17\xaeN\x1e'
11E8E149-C86B-9486-AF82-12DF17AE4E1E,2026-ncaa-d0-natl,genius_ncaa,17,13,49,19,73,36,36,51,33,14,22,43,167,189,153,311,25,60,6,59,228,47,80,63,44,23,335,337,131,93,89,68,8,74,23,37,123,57,11,15,63,76,166,188,,,229,152,,293,24,77,146,97,25,28,54,14,19,236,276,34,98,94,52,166,164,92,111,37,11,93,233,,114,,253,23,159,144,229,41,139,188,83,170,276,32,273,208,174,317,178,164,221,259,38,46,38,224,185,252,50,8,186,89,126,23,107,95,47,56,30,20,5,59,12,,,84,161,,37,24,290,20,26,19,27,22,48,38,43,74,194,119,85,80,37,74,10,48,17,32,80,5,23,,165,,65,b'\x11\xe8\xe1I\xc8k\x94\x86\xaf\x82\x12\xdf\x17\xaeN\x1e'
11E8E149-C86B-9486-AF82-12DF17AE4E1E,2026-ncaa-d1-conf-Big Ten,genius_ncaa,1,1,1,1,3,9,3,3,5,1,2,4,14,16,12,16,17,17,1,17,17,7,8,6,6,6,18,14,17,12,11,6,1,6,4,4,6,5,6,4,5,3,14,14,,,1,2,,1,3,11,11,3,9,3,3,1,2,14,16,17,17,17,7,8,12,6,6,4,5,5,14,,1,,1,3,4,3,1,5,1,1,6,10,10,11,14,11,4,16,4,10,1,2,7,7,6,17,16,15,1,1,7,11,4,4,5,12,2,2,3,5,7,2,2,,,15,15,,2,3,7,7,4,4,4,3,1,1,1,10,10,11,4,4,1,2,1,7,4,5,2,5,2,,15,,2,b'\x11\xe8\xe1I\xc8k\x94\x86\xaf\x82\x12\xdf\x17\xaeN\x1e'
11E8E149-C86B-9486-AF82-12DF17AE4E1E,2026-ncaa-d1-natl,genius_ncaa,18,13,85,20,117,43,43,74,36,16,35,50,228,249,170,316,36,91,5,89,224,70,129,69,50,25,333,336,114,142,109,99,11,109,30,45,132,22,13,16,98,101,209,204,,,185,175,,279,24,126,165,100,29,32,70,15,23,253,286,39,113,108,66,195,192,110,138,41,13,121,251,,122,,263,24,110,102,172,54,99,134,104,126,244,40,267,174,127,329,130,172,166,202,50,71,55,220,185,248,21,11,135,109,74,30,72,94,83,76,45,8,6,40,11,,,115,144,,45,24,244,21,32,20,37,30,53,46,46,84,195,134,92,88,49,74,10,53,17,36,116,4,23,,162,,60,b'\x11\xe8\xe1I\xc8k\x94\x86\xaf\x82\x12\xdf\x17\xaeN\x1e'
11E8E149-C870-5BBA-AF82-12DF17AE4E1E,2010-ncaa-d0-natl,ncaa,13,28,6,27,8,23,23,40,23,32,65,30,52,86,26,150,39,118,2,123,238,48,48,22,14,14,157,144,205,186,221,6,23,23,35,33,161,182,76,42,216,293,39,67,,,288,155,,,38,29,272,257,62,66,222,94,211,105,172,115,250,254,244,297,308,20,122,82,37,306,63,,97,,,46,312,293,334,33,240,327,22,303,291,213,207,265,221,312,207,72,331,306,43,44,155,247,256,176,244,23,221,221,235,35,207,85,259,338,276,174,98,124,62,,,67,169,,,38,317,21,134,44,82,72,214,60,207,211,205,132,91,86,184,56,62,33,21,57,337,58,63,,258,,,b'\x11\xe8\xe1I\xc8p[\xba\xaf\x82\x12\xdf\x17\xaeN\x1e'
11E8E149-C870-5BBA-AF82-12DF17AE4E1E,2010-ncaa-d1-conf-MVC,ncaa,1,1,3,1,5,3,1,6,1,1,4,1,5,7,3,6,6,8,2,8,7,8,10,1,1,1,7,8,8,9,4,1,4,2,2,2,6,1,4,1,10,10,3,3,,,2,2,,,1,9,9,6,2,1,5,1,5,6,7,6,10,9,8,9,9,1,2,1,2,10,3,,1,,,1,3,3,10,1,3,9,2,6,8,2,7,1,1,4,1,1,10,3,1,1,2,6,7,3,9,4,2,4,2,2,2,2,10,10,9,1,3,3,3,,,8,7,,,1,2,1,3,1,2,3,9,4,8,6,7,1,1,1,7,3,7,1,3,3,10,2,3,,10,,,b'\x11\xe8\xe1I\xc8p[\xba\xaf\x82\x12\xdf\x17\xaeN\x1e'
11E8E149-C870-5BBA-AF82-12DF17AE4E1E,2010-ncaa-d1-natl,ncaa,13,28,6,27,8,24,24,41,23,33,72,31,57,93,25,150,43,129,2,132,236,52,49,22,14,14,157,146,202,198,223,6,24,23,35,39,163,170,78,43,234,299,40,71,,,278,152,,,40,32,272,258,64,66,224,97,212,105,173,115,248,253,247,300,307,22,126,83,37,311,64,,94,,,49,307,285,332,36,235,325,23,299,286,215,208,256,209,312,196,74,329,305,46,49,160,248,255,176,237,24,204,223,220,35,202,89,276,338,285,161,98,119,63,,,74,168,,,40,315,23,141,46,87,75,216,64,209,212,204,133,91,85,186,55,63,33,21,62,338,59,65,,258,,,b'\x11\xe8\xe1I\xc8p[\xba\xaf\x82\x12\xdf\x17\xaeN\x1e'
11E8E149-C870-5BBA-AF82-12DF17AE4E1E,2011-ncaa-d0-natl,ncaa,30,60,15,54,18,36,35,47,46,23,23,72,213,241,135,303,29,13,222,13,94,36,40,93,91,67,287,305,113,106,201,19,36,33,74,138,327,190,57,159,90,168,65,106,,,304,200,,,78,29,150,148,80,71,165,36,74,275,296,67,44,41,117,180,213,55,111,243,63,178,108,,186,,,84,315,305,314,130,307,307,180,209,285,49,200,287,283,231,281,180,316,306,121,136,156,139,130,203,198,36,317,201,297,74,233,94,90,212,154,207,108,333,241,,,15,33,,,78,318,76,120,81,147,149,182,176,177,115,190,186,173,169,179,154,68,150,102,113,214,107,295,,46,,,b'\x11\xe8\xe1I\xc8p[\xba\xaf\x82\x12\xdf\x17\xaeN\x1e'
11E8E149-C870-5BBA-AF82-12DF17AE4E1E,2011-ncaa-d1-conf-MVC,ncaa,3,2,6,3,9,5,3,6,3,2,2,4,9,10,3,10,5,5,9,5,6,6,9,4,6,5,9,9,6,5,4,7,4,7,6,9,10,2,3,5,5,5,8,7,,,5,7,,,4,9,5,6,4,2,3,2,2,9,10,5,4,4,3,6,5,7,7,8,4,5,6,,6,,,4,3,4,3,6,3,2,5,5,4,5,6,5,5,8,5,6,3,2,5,6,4,4,6,7,2,4,3,4,3,6,4,4,6,4,3,2,4,7,5,,,5,3,,,4,3,5,3,4,4,4,5,6,4,5,6,5,5,5,4,3,3,6,4,4,5,4,8,,2,,,b'\x11\xe8\xe1I\xc8p[\xba\xaf\x82\x12\xdf\x17\xaeN\x1e'
11E8E149-C870-5BBA-AF82-12DF17AE4E1E,2011-ncaa-d1-natl,ncaa,34,57,16,54,21,38,39,53,48,24,24,72,222,248,137,302,35,14,217,14,94,40,45,97,90,68,288,304,111,118,209,20,38,34,77,156,327,168,58,167,103,175,67,107,,,297,203,,,84,33,154,148,82,75,167,37,75,271,296,69,44,40,119,185,216,61,119,250,61,182,110,,185,,,90,309,302,310,137,304,301,187,198,280,48,199,275,269,231,266,181,315,302,125,138,163,139,129,204,185,38,310,209,283,77,222,92,107,218,164,188,111,331,249,,,16,32,,,84,316,79,133,88,155,155,185,179,178,116,191,190,172,168,183,152,68,151,107,116,221,106,297,,46,,,b'\x11\xe8\xe1I\xc8p[\xba\xaf\x82\x12\xdf\x17\xaeN\x1e'
11E8E149-C870-5BBA-AF82-12DF17AE4E1E,2012-ncaa-d0-natl,ncaa,106,107,81,114,93,71,50,59,63,81,85,131,39,102,5,130,243,262,95,252,318,85,131,49,64,33,144,63,331,237,310,69,49,144,213,118,275,26,16,37,151,174,189,220,,,105,51,,,109,88,167,129,69,45,69,99,122,40,123,274,305,301,108,223,277,96,197,147,15,189,221,,53,,,109,258,284,260,245,274,231,260,250,268,183,228,140,164,69,172,140,253,230,244,213,241,133,211,75,124,49,316,310,268,213,227,124,192,236,228,89,76,245,184,,,208,264,,,109,252,60,217,111,216,238,202,242,171,217,228,111,132,137,184,151,85,291,217,193,247,71,219,,282,,,b'\x11\xe8\xe1I\xc8p[\xba\xaf\x82\x12\xdf\x17\xaeN\x1e'
11E8E149-C870-5BBA-AF82-12DF17AE4E1E,2012-ncaa-d1-conf-MVC,ncaa,3,2,6,2,6,3,2,3,3,5,5,4,4,6,3,6,9,9,6,9,10,3,6,2,4,2,6,6,10,6,7,5,3,6,6,7,10,2,1,3,3,3,7,7,,,3,4,,,4,6,3,1,2,1,2,3,4,3,6,8,8,8,2,4,5,4,4,5,2,3,7,,5,,,4,4,3,3,4,2,4,4,6,5,8,5,6,7,4,7,6,4,5,5,4,4,8,7,5,4,3,8,7,7,6,2,5,4,3,3,1,1,7,4,,,9,9,,,4,5,2,4,4,6,4,6,4,7,7,5,6,7,7,6,8,4,9,8,5,3,1,8,,7,,,b'\x11\xe8\xe1I\xc8p[\xba\xaf\x82\x12\xdf\x17\xaeN\x1e'
11E8E149-C870-5BBA-AF82-12DF17AE4E1E,2012-ncaa-d1-natl,ncaa,112,107,90,116,102,80,55,66,62,92,93,138,43,112,5,128,258,284,95,278,318,100,154,51,69,33,139,63,331,253,315,83,53,161,222,136,277,18,16,39,169,184,201,225,,,86,53,,,116,110,171,125,72,50,71,103,125,41,122,275,304,301,114,225,283,97,204,158,16,195,225,,55,,,116,242,267,242,251,258,212,261,237,251,184,227,128,151,71,157,142,235,207,249,219,245,130,208,73,108,53,310,315,255,222,215,125,219,244,237,79,77,236,189,,,233,268,,,116,230,62,223,115,219,241,202,245,176,218,229,111,134,140,182,149,86,296,221,199,252,71,225,,281,,,b'\x11\xe8\xe1I\xc8p[\xba\xaf\x82\x12\xdf\x17\xaeN\x1e'
11E8E149-C870-5BBA-AF82-12DF17AE4E1E,2013-ncaa-d0-natl,ncaa,42,65,16,60,19,29,27,25,71,21,21,77,164,176,138,246,60,91,34,101,291,28,32,92,78,61,277,252,199,91,183,11,12,20,52,60,220,176,61,73,115,180,57,91,,,146,42,,,64,26,156,242,77,56,102,38,66,215,238,122,206,211,121,183,203,34,75,103,60,193,97,,38,,,71,307,313,324,157,293,311,175,297,311,131,255,131,133,138,130,53,315,301,165,124,189,135,245,54,116,12,309,183,267,52,204,51,153,259,175,251,146,342,283,,,103,269,,,64,320,67,121,75,147,189,214,172,163,229,245,49,50,50,168,122,27,159,76,92,269,137,316,,260,,,b'\x11\xe8\xe1I\xc8p[\xba\xaf\x82\x12\xdf\x17\xaeN\x1e'
11E8E149-C870-5BBA-AF82-12DF17AE4E1E,2013-ncaa-d1-conf-MVC,ncaa,3,3,1,3,2,1,1,1,3,2,1,4,8,8,8,8,3,5,4,5,8,1,2,7,6,4,9,8,5,2,2,1,2,1,1,4,8,4,2,4,4,5,2,2,,,1,1,,,3,1,5,6,3,2,3,2,2,8,8,5,6,6,3,5,3,1,2,5,4,6,2,,1,,,3,6,6,10,2,8,10,3,7,8,1,6,2,3,2,3,1,9,8,2,1,4,2,6,2,5,2,9,2,8,1,5,1,6,8,6,5,2,9,4,,,6,7,,,3,9,4,4,3,4,5,7,6,8,4,7,1,2,2,6,6,2,4,5,3,8,3,6,,8,,,b'\x11\xe8\xe1I\xc8p[\xba\xaf\x82\x12\xdf\x17\xaeN\x1e'
11E8E149-C870-5BBA-AF82-12DF17AE4E1E,2013-ncaa-d1-natl,ncaa,42,65,17,65,20,34,31,27,72,24,22,81,173,184,136,248,64,101,34,110,290,29,35,93,79,61,276,252,198,103,186,13,14,22,53,66,223,159,61,73,136,186,61,91,,,131,42,,,72,27,160,242,78,60,104,38,67,214,240,121,206,210,130,187,210,38,77,109,61,202,97,,38,,,79,299,310,320,161,290,306,177,294,308,138,255,121,120,141,119,53,312,294,168,128,193,133,245,52,102,14,303,186,255,53,198,51,167,269,181,236,149,342,286,,,115,266,,,72,316,67,130,83,151,193,215,175,169,231,244,50,54,52,168,121,27,159,78,98,277,139,319,,258,,,b'\x11\xe8\xe1I\xc8p[\xba\xaf\x82\x12\xdf\x17\xaeN\x1e'
11E8E149-C870-5BBA-AF82-12DF17AE4E1E,2014-ncaa-d0-natl,ncaa,258,263,180,267,219,275,276,282,251,231,228,226,273,247,295,213,187,162,237,159,105,263,256,264,257,266,210,246,77,227,200,283,77,278,172,325,334,165,237,317,215,167,324,322,,,194,309,,,251,255,270,191,293,292,295,228,222,269,242,180,154,148,272,261,220,298,282,334,204,204,326,,234,,,250,113,117,39,305,142,82,279,115,60,315,105,152,140,187,138,222,37,54,302,301,264,139,141,196,13,77,120,200,46,172,84,102,171,101,111,153,224,282,311,,,205,116,,,251,87,271,210,255,148,155,27,190,78,131,62,183,171,169,29,36,17,167,72,108,160,189,300,,187,,,b'\x11\xe8\xe1I\xc8p[\xba\xaf\x82\x12\xdf\x17\xaeN\x1e'
11E8E149-C870-5BBA-AF82-12DF17AE4E1E,2014-ncaa-d1-conf-MVC,ncaa,6,6,3,6,3,7,7,7,5,6,6,5,8,8,7,8,2,2,5,2,2,6,7,6,4,5,4,7,2,6,6,9,3,10,5,9,10,6,7,9,8,5,9,9,,,5,7,,,6,6,9,5,7,9,10,6,7,8,8,3,2,2,8,7,6,9,9,10,5,8,9,,5,,,6,6,6,3,6,5,5,6,6,4,9,3,5,5,6,5,5,3,3,6,7,7,5,5,6,2,3,4,6,3,5,4,2,4,4,4,5,7,8,7,,,4,3,,,6,5,5,7,6,6,5,3,5,6,6,5,5,5,5,3,2,2,3,3,4,6,6,8,,5,,,b'\x11\xe8\xe1I\xc8p[\xba\xaf\x82\x12\xdf\x17\xaeN\x1e'
11E8E149-C870-5BBA-AF82-12DF17AE4E1E,2014-ncaa-d1-natl,ncaa,270,262,211,273,262,294,295,305,255,250,247,232,281,259,297,212,211,183,237,181,106,287,285,268,263,270,209,248,75,242,207,303,77,296,179,331,334,151,244,320,224,176,325,323,,,174,312,,,260,290,272,184,296,296,295,231,224,270,242,185,159,152,273,262,226,303,291,337,209,208,326,,231,,,258,93,100,25,308,130,57,288,108,53,318,104,141,133,195,132,223,17,33,306,305,274,139,138,193,9,77,98,207,30,179,75,105,193,106,119,140,224,281,311,,,229,116,,,260,51,275,222,263,153,161,27,194,79,130,65,185,172,171,29,36,16,169,73,111,170,189,302,,192,,,b'\x11\xe8\xe1I\xc8p[\xba\xaf\x82\x12\xdf\x17\xaeN\x1e'
11E8E149-C870-5BBA-AF82-12DF17AE4E1E,2015-ncaa-d0-natl,ncaa,344,348,172,347,226,321,318,264,341,307,208,342,265,252,287,219,267,267,193,266,253,266,220,338,335,342,180,201,98,234,264,220,195,239,273,340,336,316,331,342,187,169,311,318,,,167,207,,,342,212,199,276,339,340,283,319,212,273,247,271,274,272,297,233,244,217,256,345,320,186,316,,180,,,341,240,242,167,284,227,138,299,220,218,186,246,209,170,312,162,183,157,122,287,301,321,175,206,161,148,195,241,264,215,273,259,236,266,266,299,330,335,305,320,,,295,297,,,342,122,342,314,342,273,274,199,262,149,240,241,215,180,168,201,120,167,264,238,282,269,331,325,,313,,,b'\x11\xe8\xe1I\xc8p[\xba\xaf\x82\x12\xdf\x17\xaeN\x1e'
11E8E149-C870-5BBA-AF82-12DF17AE4E1E,2015-ncaa-d1-conf-MVC,ncaa,10,10,6,10,8,10,10,9,10,9,6,10,7,8,6,6,10,10,7,10,9,10,10,10,10,10,5,6,3,7,7,9,5,10,8,10,10,7,8,9,7,4,9,9,,,6,7,,,10,9,6,6,10,10,8,8,6,7,7,10,9,9,10,7,7,8,9,10,8,5,9,,7,,,10,4,4,3,9,4,3,9,6,5,8,6,7,7,8,6,6,3,2,10,10,9,6,5,7,2,5,7,7,5,8,7,8,7,5,7,7,9,8,7,,,10,9,,,10,1,10,9,10,6,5,3,5,4,6,5,7,7,7,4,3,3,8,6,8,7,9,9,,10,,,b'\x11\xe8\xe1I\xc8p[\xba\xaf\x82\x12\xdf\x17\xaeN\x1e'
11E8E149-C870-5BBA-AF82-12DF17AE4E1E,2015-ncaa-d1-natl,ncaa,347,348,209,348,271,339,340,302,343,329,236,344,283,260,293,218,280,285,195,284,252,300,266,341,337,343,178,198,96,260,272,254,206,281,285,344,337,299,331,345,214,180,316,321,,,133,207,,,344,256,207,276,343,343,292,326,213,278,248,273,276,274,303,236,248,224,265,345,319,195,316,,180,,,344,221,224,131,291,213,115,308,210,207,195,247,192,148,315,141,187,119,75,294,307,324,172,202,165,132,206,214,272,186,285,242,236,288,269,302,323,338,302,321,,,315,298,,,344,77,344,321,344,281,278,199,269,148,243,243,222,183,173,200,119,172,266,244,285,272,330,326,,314,,,b'\x11\xe8\xe1I\xc8p[\xba\xaf\x82\x12\xdf\x17\xaeN\x1e'
11E8E149-C870-5BBA-AF82-12DF17AE4E1E,2016-ncaa-d0-natl,ncaa,280,293,175,289,209,299,314,236,333,272,184,330,285,240,314,240,162,99,331,101,75,217,163,336,335,338,175,250,30,163,207,276,211,244,261,343,345,300,303,346,64,45,328,336,,,108,134,,,312,165,130,198,317,330,241,280,169,291,244,144,54,59,205,127,164,290,252,347,315,43,335,,131,,,308,187,249,145,309,263,134,325,175,169,187,214,60,69,144,67,85,117,151,305,293,240,76,175,49,108,211,250,207,197,261,230,185,105,87,163,332,325,347,348,,,153,148,,,312,162,338,219,312,222,269,159,279,148,199,195,68,73,73,127,175,125,277,228,242,79,329,349,,127,,,b'\x11\xe8\xe1I\xc8p[\xba\xaf\x82\x12\xdf\x17\xaeN\x1e'
11E8E149-C870-5BBA-AF82-12DF17AE4E1E,2016-ncaa-d1-conf-MVC,ncaa,7,7,7,7,8,8,10,7,10,10,5,10,7,8,7,9,5,3,8,3,2,6,6,10,10,9,5,7,1,5,6,9,8,8,7,10,10,7,8,10,2,1,10,10,,,1,3,,,8,7,4,3,7,9,6,9,5,7,7,4,3,3,5,3,5,9,6,10,8,1,10,,3,,,8,5,8,3,9,8,4,9,5,6,5,6,1,1,7,1,1,2,3,8,8,7,1,5,1,4,8,7,6,7,7,8,5,3,2,6,9,10,10,10,,,5,4,,,8,3,9,7,9,7,9,6,10,8,6,6,1,1,1,4,8,6,9,8,9,2,10,10,,3,,,b'\x11\xe8\xe1I\xc8p[\xba\xaf\x82\x12\xdf\x17\xaeN\x1e'
11E8E149-C870-5BBA-AF82-12DF17AE4E1E,2016-ncaa-d1-natl,ncaa,293,292,218,294,260,322,335,277,337,298,217,330,294,261,316,237,173,113,330,115,74,243,202,340,338,339,168,249,25,191,217,308,219,281,272,346,346,291,307,347,79,45,335,338,,,87,136,,,317,208,134,181,321,337,247,294,171,292,246,147,55,58,212,131,170,294,265,347,315,47,337,,133,,,316,164,231,104,317,242,101,329,162,151,196,209,48,60,150,56,87,77,104,314,303,248,73,172,51,86,219,230,217,168,272,211,186,135,96,182,327,328,347,348,,,184,148,,,317,119,339,228,319,228,274,164,284,152,200,190,72,78,74,132,176,124,282,233,251,87,334,349,,128,,,b'\x11\xe8\xe1I\xc8p[\xba\xaf\x82\x12\xdf\x17\xaeN\x1e'
11E8E149-C870-5BBA-AF82-12DF17AE4E1E,2017-ncaa-d0-natl,ncaa,284,313,116,305,155,293,297,177,342,295,202,328,222,144,332,127,226,202,255,202,182,191,154,337,336,329,127,161,103,137,217,228,313,194,309,328,310,295,284,330,117,127,70,72,,,251,226,,,331,163,179,268,333,333,227,329,242,229,146,256,237,239,236,188,150,283,236,337,278,125,66,,239,,,326,259,238,218,222,219,220,199,228,202,270,161,254,257,140,260,228,233,227,221,232,245,210,189,207,313,313,305,217,319,309,272,267,163,201,235,330,325,345,346,,,196,230,,,331,194,331,280,326,246,229,201,209,199,226,186,243,253,254,225,220,306,303,313,272,178,320,345,,234,,,b'\x11\xe8\xe1I\xc8p[\xba\xaf\x82\x12\xdf\x17\xaeN\x1e'
11E8E149-C870-5BBA-AF82-12DF17AE4E1E,2017-ncaa-d1-conf-MVC,ncaa,9,9,3,9,4,8,8,6,10,7,6,9,6,6,9,7,7,4,7,4,3,6,5,9,9,9,4,7,1,5,6,9,8,7,8,9,9,10,8,9,6,6,1,3,,,9,9,,,9,5,4,6,8,9,7,8,7,7,7,7,4,4,7,6,4,9,7,9,10,7,1,,9,,,9,10,9,7,8,7,7,8,6,5,9,4,10,9,7,9,8,7,6,8,9,9,5,4,7,7,8,7,6,8,8,9,8,6,6,7,10,9,10,10,,,6,7,,,9,6,9,9,9,9,8,5,7,8,6,5,9,9,9,6,7,7,7,8,9,6,10,10,,6,,,b'\x11\xe8\xe1I\xc8p[\xba\xaf\x82\x12\xdf\x17\xaeN\x1e'
11E8E149-C870-5BBA-AF82-12DF17AE4E1E,2017-ncaa-d1-natl,ncaa,300,312,144,310,198,317,323,217,346,317,233,330,240,156,333,126,257,235,254,234,191,233,197,338,338,332,122,158,103,164,229,270,319,233,313,340,311,279,289,332,140,142,75,75,,,236,231,,,333,211,185,270,335,336,233,331,245,236,146,259,236,239,241,198,154,288,247,343,278,131,70,,243,,,331,236,213,181,231,198,195,211,213,177,283,158,245,246,147,246,229,201,191,236,252,258,212,185,212,301,319,287,229,307,313,265,267,187,206,247,323,326,344,346,,,225,232,,,333,149,333,297,330,253,239,204,224,205,231,183,250,257,255,225,218,310,305,319,279,189,323,345,,235,,,b'\x11\xe8\xe1I\xc8p[\xba\xaf\x82\x12\xdf\x17\xaeN\x1e'
11E8E149-C870-5BBA-AF82-12DF17AE4E1E,2018-ncaa-d0-natl,ncaa,185,189,164,195,208,319,333,326,318,315,289,313,309,290,308,232,124,95,244,96,16,308,302,324,300,304,129,255,9,230,166,158,44,192,68,313,166,215,293,308,262,228,127,68,,,43,153,,,195,311,335,205,337,346,348,329,295,317,287,108,83,85,330,325,229,142,179,326,242,267,115,,54,,,196,7,10,47,24,5,30,23,140,149,125,288,37,39,184,29,135,28,28,31,37,47,305,301,198,22,44,59,166,35,68,53,265,253,167,151,220,292,248,309,,,121,14,,,195,30,304,41,208,10,9,32,6,19,145,167,51,51,41,19,9,35,60,40,71,247,230,258,,92,,,b'\x11\xe8\xe1I\xc8p[\xba\xaf\x82\x12\xdf\x17\xaeN\x1e'
11E8E149-C870-5BBA-AF82-12DF17AE4E1E,2018-ncaa-d1-conf-MVC,ncaa,6,6,7,6,7,9,9,10,8,9,9,9,10,10,8,7,4,3,9,3,1,8,8,9,9,10,5,9,1,5,2,7,3,6,3,9,7,10,9,9,9,7,3,2,,,3,6,,,6,10,10,5,9,9,10,9,7,10,10,4,2,2,8,8,5,7,6,9,10,9,3,,4,,,6,1,1,1,4,1,1,2,3,3,7,5,2,3,6,2,5,1,1,4,4,6,9,6,5,2,3,2,2,1,3,4,8,7,6,7,5,8,8,9,,,5,1,,,6,1,8,4,7,2,2,1,1,2,4,3,3,3,2,1,1,2,2,2,5,7,7,9,,3,,,b'\x11\xe8\xe1I\xc8p[\xba\xaf\x82\x12\xdf\x17\xaeN\x1e'
11E8E149-C870-5BBA-AF82-12DF17AE4E1E,2018-ncaa-d1-natl,ncaa,203,188,213,204,272,335,345,345,323,333,303,320,316,303,309,232,142,128,241,130,18,330,334,328,306,311,122,254,9,260,172,200,46,232,78,331,168,197,298,316,283,231,143,72,,,28,159,,,208,341,337,187,340,348,348,334,297,316,288,110,90,88,333,327,239,149,195,330,244,274,118,,57,,,209,4,7,18,25,4,18,23,121,124,131,286,23,29,189,21,134,8,7,34,40,56,306,299,198,14,46,31,172,15,78,40,264,275,172,162,201,299,237,313,,,155,13,,,208,9,307,48,218,11,11,32,6,20,148,166,52,52,40,20,9,40,60,45,73,257,233,262,,93,,,b'\x11\xe8\xe1I\xc8p[\xba\xaf\x82\x12\xdf\x17\xaeN\x1e'
11E8E149-C870-5BBA-AF82-12DF17AE4E1E,2019-ncaa-d0-natl,ncaa,125,93,173,111,225,214,242,310,109,201,254,84,278,290,249,254,51,55,131,50,14,280,281,136,93,139,197,279,10,286,230,134,8,199,48,298,308,179,238,274,292,270,269,240,,,230,320,,,155,272,278,250,208,263,336,188,262,283,282,26,35,28,307,308,295,93,200,313,202,292,276,,257,,,155,85,46,68,94,30,24,158,206,249,107,309,230,175,338,170,285,72,45,127,182,213,324,273,286,5,8,39,230,9,48,85,210,299,248,231,122,195,251,287,,,47,1,,,155,74,163,155,161,101,46,59,28,16,224,273,250,201,195,56,24,7,45,14,104,293,144,261,,16,,,b'\x11\xe8\xe1I\xc8p[\xba\xaf\x82\x12\xdf\x17\xaeN\x1e'
11E8E149-C870-5BBA-AF82-12DF17AE4E1E,2019-ncaa-d1-conf-MVC,ncaa,4,4,3,4,5,6,6,10,4,3,4,4,9,9,8,8,4,4,6,4,5,7,6,6,5,5,9,9,2,6,5,5,2,5,3,9,9,8,8,10,8,6,7,7,,,8,8,,,5,6,8,6,8,8,10,3,5,9,9,3,4,4,8,7,6,5,5,9,7,8,7,,6,,,5,4,2,3,6,2,2,7,6,8,5,8,7,6,10,6,7,3,3,7,7,7,10,8,9,2,2,3,5,1,3,4,8,7,8,7,3,2,8,8,,,4,1,,,5,4,5,6,6,5,2,3,1,1,6,7,6,5,5,2,1,1,3,1,5,8,2,8,,3,,,b'\x11\xe8\xe1I\xc8p[\xba\xaf\x82\x12\xdf\x17\xaeN\x1e'
11E8E149-C870-5BBA-AF82-12DF17AE4E1E,2019-ncaa-d1-natl,ncaa,122,92,155,109,215,220,258,320,114,202,255,98,289,296,248,262,50,58,143,51,13,284,286,141,106,146,201,282,10,288,230,131,6,205,46,304,308,188,242,283,301,279,276,242,,,217,313,,,177,262,287,250,224,277,337,195,257,290,289,28,38,31,313,312,292,91,203,316,203,302,279,,242,,,176,79,50,70,100,27,18,166,215,259,102,312,218,170,340,166,278,65,36,136,185,225,323,275,277,3,6,30,230,5,46,90,199,300,258,238,125,199,256,290,,,46,1,,,177,82,175,164,181,107,54,60,28,15,225,277,244,189,185,61,21,7,46,13,105,300,149,262,,16,,,b'\x11\xe8\xe1I\xc8p[\xba\xaf\x82\x12\xdf\x17\xaeN\x1e'
11E8E149-C870-5BBA-AF82-12DF17AE4E1E,2020-ncaa-d0-natl,ncaa,104,67,260,84,261,147,166,289,44,170,261,60,162,237,43,192,88,121,89,114,68,265,271,43,40,58,145,179,99,272,203,139,14,208,55,211,247,159,205,194,228,187,345,340,,,73,147,,,97,263,199,7,71,101,253,114,217,138,200,55,81,80,213,199,256,54,131,175,201,202,344,,126,,,94,93,107,72,168,88,42,268,173,240,67,301,104,87,272,89,185,67,52,191,190,209,214,227,154,11,14,39,203,16,55,172,236,241,194,229,130,175,233,264,,,88,26,,,97,86,73,137,91,164,165,150,145,63,212,286,154,127,129,133,126,20,77,33,224,209,179,258,,41,,,b'\x11\xe8\xe1I\xc8p[\xba\xaf\x82\x12\xdf\x17\xaeN\x1e'
11E8E149-C870-5BBA-AF82-12DF17AE4E1E,2020-ncaa-d1-conf-MVC,ncaa,4,4,1,4,1,3,3,6,3,3,4,4,5,7,3,8,4,4,5,4,5,5,4,4,4,5,6,6,4,7,7,2,3,4,3,7,8,4,4,7,6,6,10,10,,,1,1,,,4,5,8,1,3,3,6,3,4,5,7,4,4,4,5,4,7,2,4,7,4,6,10,,1,,,4,6,7,7,4,6,5,7,5,8,1,9,1,1,7,1,3,7,5,4,4,6,3,6,2,4,3,5,7,3,3,7,7,7,7,8,4,3,6,6,,,2,2,,,4,7,4,6,4,6,7,7,6,5,5,8,1,1,1,7,5,4,5,3,7,7,4,6,,2,,,b'\x11\xe8\xe1I\xc8p[\xba\xaf\x82\x12\xdf\x17\xaeN\x1e'
11E8E149-C870-5BBA-AF82-12DF17AE4E1E,2020-ncaa-d1-natl,ncaa,114,67,326,91,326,187,200,325,45,197,280,63,171,251,44,191,104,146,89,140,64,305,311,46,43,62,144,180,90,297,211,169,14,247,58,246,253,135,215,199,248,200,347,342,,,57,152,,,111,306,203,6,80,112,261,121,220,142,202,56,85,82,220,205,263,56,141,186,207,213,345,,126,,,105,71,82,49,181,76,27,274,159,215,69,301,96,75,278,77,188,38,27,199,201,226,209,225,155,8,14,28,211,9,58,157,238,267,200,241,107,181,217,270,,,120,24,,,111,45,79,154,105,173,175,156,149,65,217,288,158,129,129,138,122,22,80,36,226,214,182,266,,40,,,b'\x11\xe8\xe1I\xc8p[\xba\xaf\x82\x12\xdf\x17\xaeN\x1e'
11E8E149-C870-5BBA-AF82-12DF17AE4E1E,2021-ncaa-d0-natl,ncaa,90,104,136,99,144,121,140,194,42,143,191,63,127,181,22,188,78,85,115,82,36,180,189,39,30,38,102,152,68,287,313,127,14,190,112,211,319,137,148,190,149,131,135,111,,,131,110,,,71,164,259,156,125,152,324,184,265,129,237,63,73,73,286,325,329,140,293,278,81,173,167,,52,,,68,139,124,145,104,98,109,121,244,243,181,307,183,147,313,156,249,150,153,144,168,142,316,297,214,59,14,155,313,110,112,189,277,146,122,157,175,185,161,172,,,113,23,,,71,178,83,92,63,71,47,47,26,18,236,240,153,109,117,42,23,10,83,22,160,175,138,132,,101,,,b'\x11\xe8\xe1I\xc8p[\xba\xaf\x82\x12\xdf\x17\xaeN\x1e'
11E8E149-C870-5BBA-AF82-12DF17AE4E1E,2021-ncaa-d1-conf-MVC,ncaa,4,3,6,4,7,4,6,8,2,5,6,3,6,7,3,7,3,1,4,1,3,8,9,2,2,3,4,7,2,9,8,6,2,8,7,8,10,4,7,9,7,5,6,6,,,2,3,,,5,8,6,4,5,5,9,4,5,6,9,1,1,1,7,8,9,6,8,9,5,5,6,,2,,,5,2,2,4,3,2,4,5,7,7,6,9,3,2,10,2,6,3,3,5,5,5,9,8,6,3,2,3,8,2,7,3,7,7,3,5,4,6,2,2,,,3,1,,,5,3,5,3,5,3,3,5,1,3,7,8,4,4,4,4,4,3,4,4,5,3,6,1,,1,,,b'\x11\xe8\xe1I\xc8p[\xba\xaf\x82\x12\xdf\x17\xaeN\x1e'
11E8E149-C870-5BBA-AF82-12DF17AE4E1E,2021-ncaa-d1-natl,ncaa,74,104,105,93,125,113,122,186,38,125,175,61,97,160,16,182,63,67,134,67,34,171,180,35,28,33,91,139,82,287,315,99,9,180,110,193,314,142,136,174,138,137,124,102,,,134,86,,,55,149,244,158,117,140,314,180,261,114,223,63,64,66,274,314,331,106,278,258,72,179,157,,43,,,56,156,137,162,98,111,120,117,259,258,161,310,183,158,297,161,234,159,173,133,147,131,309,297,196,64,9,174,315,122,110,208,282,134,124,163,186,179,171,173,,,94,22,,,55,195,72,82,56,69,47,59,29,22,235,259,131,94,106,48,34,9,93,24,171,174,135,135,,96,,,b'\x11\xe8\xe1I\xc8p[\xba\xaf\x82\x12\xdf\x17\xaeN\x1e'
11E8E149-C870-5BBA-AF82-12DF17AE4E1E,2022-ncaa-d0-natl,ncaa,107,157,52,140,74,99,110,164,47,93,136,65,181,235,73,245,48,71,47,69,76,151,168,61,45,48,201,245,69,286,288,105,94,179,160,225,335,119,111,187,326,344,143,138,,,234,197,,,186,131,313,270,164,181,334,150,237,232,281,75,126,125,304,351,334,199,314,302,53,351,180,,119,,,185,293,278,260,208,187,174,212,335,325,295,316,222,178,333,178,178,253,228,258,262,301,307,324,126,139,94,181,288,156,160,290,218,238,288,300,97,86,268,228,,,40,7,,,186,239,79,279,172,186,173,118,98,48,315,287,138,96,96,106,33,69,49,39,203,314,43,210,,83,,,b'\x11\xe8\xe1I\xc8p[\xba\xaf\x82\x12\xdf\x17\xaeN\x1e'
11E8E149-C870-5BBA-AF82-12DF17AE4E1E,2022-ncaa-d1-conf-MVC,ncaa,2,3,2,3,3,3,4,7,1,6,4,4,5,8,1,7,2,3,3,3,4,6,6,3,2,1,6,7,3,7,6,3,5,4,7,8,10,5,5,7,9,10,4,4,,,4,4,,,5,4,8,5,4,6,9,5,5,6,9,3,3,3,9,9,9,4,7,8,4,10,4,,3,,,5,6,7,8,5,6,7,5,8,9,4,9,4,3,8,3,4,7,7,5,5,6,5,8,4,6,5,4,6,6,7,7,7,7,7,7,6,5,7,5,,,1,1,,,5,7,2,6,4,5,5,6,4,4,6,7,4,3,3,6,5,6,2,3,5,9,5,7,,2,,,b'\x11\xe8\xe1I\xc8p[\xba\xaf\x82\x12\xdf\x17\xaeN\x1e'
11E8E149-C870-5BBA-AF82-12DF17AE4E1E,2022-ncaa-d1-natl,ncaa,108,157,32,141,60,92,100,167,43,81,136,54,178,221,78,240,46,70,43,66,68,148,163,62,37,44,199,241,67,288,278,112,101,182,161,226,337,118,110,182,316,337,138,128,,,235,195,,,178,126,317,270,160,184,339,144,245,229,278,75,124,123,310,349,335,216,323,292,50,343,177,,119,,,181,299,278,269,219,187,156,220,340,324,300,317,215,170,333,170,177,260,227,267,271,299,307,330,123,143,101,182,278,155,161,289,229,223,265,289,93,88,264,224,,,39,6,,,178,240,76,279,162,182,169,113,93,44,318,288,136,93,92,96,35,70,42,31,210,298,42,199,,83,,,b'\x11\xe8\xe1I\xc8p[\xba\xaf\x82\x12\xdf\x17\xaeN\x1e'
11E8E149-C870-5BBA-AF82-12DF17AE4E1E,2022-ncaa-d1-ncaatournament,ncaa,37,2,37,37,38,53,53,43,61,54,63,35,45,28,63,2,49,56,17,56,39,44,43,59,61,59,22,20,35,31,20,61,4,46,29,52,41,13,21,48,53,45,56,54,,,17,55,,,64,45,11,5,47,48,8,49,55,30,2,36,49,50,11,10,8,61,29,47,27,46,55,,46,,,65,31,28,4,68,13,2,68,37,29,64,64,37,22,68,18,68,6,5,68,68,68,62,58,48,2,4,28,20,12,29,40,68,52,42,65,25,54,24,47,,,41,29,,,64,21,55,67,65,67,62,10,41,2,63,58,66,53,48,15,10,2,63,30,68,45,56,41,,15,,,b'\x11\xe8\xe1I\xc8p[\xba\xaf\x82\x12\xdf\x17\xaeN\x1e'
11E8E149-C870-5BBA-AF82-12DF17AE4E1E,2023-ncaa-d0-natl,ncaa,47,39,81,44,104,83,111,119,111,173,178,183,56,106,14,125,63,85,99,85,62,116,151,81,66,42,53,78,118,215,243,147,221,168,243,165,261,31,32,90,277,312,30,17,,,224,197,,,77,138,275,277,97,146,222,228,240,64,129,81,104,109,183,287,265,220,266,209,18,316,29,,161,,,76,208,149,202,107,121,142,149,211,271,77,262,292,273,298,277,290,225,224,106,142,162,290,202,301,255,221,245,243,261,243,247,302,165,190,223,28,29,192,183,,,28,5,,,77,221,52,179,76,121,73,95,71,61,165,227,268,245,254,115,100,222,179,197,204,206,14,150,,21,,,b'\x11\xe8\xe1I\xc8p[\xba\xaf\x82\x12\xdf\x17\xaeN\x1e'
11E8E149-C870-5BBA-AF82-12DF17AE4E1E,2023-ncaa-d1-conf-MVC,ncaa,2,1,3,2,8,5,6,6,5,7,6,7,4,6,1,6,4,5,2,5,5,6,7,4,4,4,2,4,6,9,9,4,9,6,8,7,12,2,2,6,10,10,3,3,,,7,8,,,4,6,8,12,5,6,6,8,7,3,6,4,5,5,6,9,9,4,7,7,2,10,3,,6,,,3,3,1,6,2,1,5,3,3,8,1,10,10,10,11,10,9,6,8,2,2,2,11,6,10,9,9,7,9,8,8,3,6,8,8,5,2,4,2,4,,,1,2,,,4,6,4,3,3,3,1,6,1,5,3,9,9,8,8,6,5,9,6,8,3,8,2,2,,1,,,b'\x11\xe8\xe1I\xc8p[\xba\xaf\x82\x12\xdf\x17\xaeN\x1e'
11E8E149-C870-5BBA-AF82-12DF17AE4E1E,2023-ncaa-d1-natl,ncaa,45,39,56,42,90,83,115,130,123,185,181,199,56,101,13,126,70,91,92,94,66,111,158,94,77,45,50,77,113,212,245,146,227,162,247,181,259,25,27,89,306,330,30,21,,,221,199,,,85,141,292,279,107,164,231,244,244,67,128,86,117,118,197,298,259,223,264,220,12,330,37,,157,,,87,211,164,221,118,129,140,167,227,280,84,267,289,269,278,272,286,237,228,124,159,179,283,206,290,263,227,249,245,272,247,253,295,185,204,242,17,22,203,195,,,23,6,,,85,215,56,198,89,119,81,95,78,61,174,231,259,234,244,115,86,218,175,195,206,225,11,166,,27,,,b'\x11\xe8\xe1I\xc8p[\xba\xaf\x82\x12\xdf\x17\xaeN\x1e'
11E8E149-C870-5BBA-AF82-12DF17AE4E1E,2024-ncaa-d0-natl,ncaa,76,82,52,83,60,47,75,115,39,89,172,40,65,92,51,138,6,17,22,18,14,92,92,37,21,28,60,149,35,280,306,23,25,67,87,90,167,174,115,95,351,357,53,70,,,195,76,,,92,61,92,127,38,84,224,124,244,80,132,10,23,24,144,182,319,19,96,112,112,355,58,,108,,,95,322,324,331,176,277,281,194,339,340,229,305,198,184,208,198,130,325,292,207,186,291,260,309,78,148,25,274,306,235,87,314,232,281,342,343,170,118,165,166,,,8,2,,,92,297,47,255,96,270,289,315,215,209,330,337,140,136,143,299,232,81,185,128,284,335,112,113,,10,,,b'\x11\xe8\xe1I\xc8p[\xba\xaf\x82\x12\xdf\x17\xaeN\x1e'
11E8E149-C870-5BBA-AF82-12DF17AE4E1E,2024-ncaa-d1-conf-MVC,ncaa,5,5,3,5,3,5,6,7,6,6,9,5,6,6,4,5,1,2,2,2,4,7,9,5,5,5,3,5,4,10,9,2,2,5,6,6,6,2,3,6,12,12,3,3,,,3,3,,,6,4,7,2,4,6,8,7,9,6,6,1,2,2,8,9,10,2,4,6,3,12,3,,3,,,6,6,8,10,4,4,7,5,10,10,7,11,4,4,2,4,6,8,6,5,5,8,10,10,2,2,2,9,9,8,6,7,9,11,11,10,4,5,3,4,,,2,2,,,6,8,6,8,6,6,8,8,4,6,11,11,4,4,4,7,4,3,8,7,7,11,5,3,,2,,,b'\x11\xe8\xe1I\xc8p[\xba\xaf\x82\x12\xdf\x17\xaeN\x1e'
11E8E149-C870-5BBA-AF82-12DF17AE4E1E,2024-ncaa-d1-natl,ncaa,76,83,38,82,47,42,71,120,39,91,171,48,56,89,40,142,9,19,25,20,14,82,83,39,20,29,57,140,34,287,305,18,28,59,93,87,165,183,116,93,356,359,49,64,,,189,79,,,103,48,97,128,43,91,229,139,245,78,132,12,29,30,148,191,318,21,102,115,109,358,62,,109,,,105,331,331,336,183,283,285,199,346,346,229,308,203,189,234,198,131,334,301,213,197,299,261,312,82,143,28,275,305,236,93,322,227,286,344,344,173,122,160,150,,,6,2,,,103,318,47,261,103,274,287,311,217,202,330,339,150,137,145,299,230,81,181,126,281,336,114,113,,10,,,b'\x11\xe8\xe1I\xc8p[\xba\xaf\x82\x12\xdf\x17\xaeN\x1e'
11E8E149-C870-5BBA-AF82-12DF17AE4E1E,2025-ncaa-d0-natl,genius_ncaa,61,113,12,96,18,19,19,46,5,19,40,20,58,152,5,263,38,18,288,13,72,35,39,11,15,10,237,220,214,204,261,22,58,42,95,21,125,124,52,26,299,350,175,236,,,118,14,,130,79,27,179,357,37,33,207,35,138,120,257,86,55,48,153,251,305,69,184,44,38,354,257,,15,,59,85,357,357,348,244,313,294,244,361,357,319,347,208,170,319,163,96,348,331,297,289,322,315,346,40,236,58,290,261,286,95,339,160,177,307,310,222,123,209,87,,,5,15,,9,79,334,18,305,89,275,281,263,142,88,351,346,86,65,61,216,119,87,83,74,240,315,96,103,,33,,33,b'\x11\xe8\xe1I\xc8p[\xba\xaf\x82\x12\xdf\x17\xaeN\x1e'
11E8E149-C870-5BBA-AF82-12DF17AE4E1E,2025-ncaa-d1-conf-MVC,genius_ncaa,5,5,3,5,7,4,4,7,1,3,6,3,7,9,1,8,3,2,8,2,4,7,9,3,3,2,8,8,6,9,8,5,4,6,4,3,3,1,4,2,12,11,10,10,,,1,1,,1,5,8,10,11,3,3,8,2,6,7,10,3,4,3,7,10,9,5,6,3,2,12,10,,1,,1,5,6,7,8,5,4,5,5,10,10,9,11,3,2,11,1,3,6,3,5,5,9,10,11,3,5,4,3,8,3,4,6,5,10,9,9,2,6,7,5,,,2,1,,1,5,5,3,9,5,5,7,7,5,5,10,10,4,2,1,6,3,5,3,3,6,11,4,6,,2,,1,b'\x11\xe8\xe1I\xc8p[\xba\xaf\x82\x12\xdf\x17\xaeN\x1e'
11E8E149-C870-5BBA-AF82-12DF17AE4E1E,2025-ncaa-d1-natl,genius_ncaa,54,113,6,92,14,15,14,37,4,13,38,19,53,143,4,259,28,14,260,13,66,31,36,7,12,8,221,214,205,212,262,19,60,35,93,16,121,137,52,22,307,352,173,235,,,111,12,,130,82,16,172,358,32,29,211,31,139,117,255,74,54,47,155,254,309,63,186,38,38,353,250,,13,,58,92,360,358,351,230,317,305,231,362,360,323,347,209,169,328,158,86,353,341,294,285,329,321,349,37,248,60,290,262,291,93,344,164,188,314,321,234,132,200,76,,,4,16,,12,82,343,16,308,90,286,285,281,141,92,354,348,82,60,57,235,128,93,75,72,245,323,101,94,,33,,34,b'\x11\xe8\xe1I\xc8p[\xba\xaf\x82\x12\xdf\x17\xaeN\x1e'
11E8E149-C870-5BBA-AF82-12DF17AE4E1E,2026-ncaa-d0-natl,genius_ncaa,123,198,49,171,70,82,83,65,142,62,67,97,167,94,317,204,66,96,43,89,185,68,70,171,153,131,285,292,132,40,69,72,78,54,71,50,47,220,94,64,158,213,192,262,,,113,20,,13,107,82,247,77,111,109,84,67,113,236,157,96,159,145,89,123,58,98,67,55,110,235,259,,15,,6,112,269,293,286,178,307,287,216,196,260,71,185,226,220,237,213,116,276,262,160,160,190,86,106,148,185,78,268,69,243,71,221,80,164,253,194,299,202,317,232,,,30,60,,87,107,273,114,169,114,145,181,183,230,194,90,166,142,116,113,154,89,83,147,113,108,275,227,283,,52,,131,b'\x11\xe8\xe1I\xc8p[\xba\xaf\x82\x12\xdf\x17\xaeN\x1e'
11E8E149-C870-5BBA-AF82-12DF17AE4E1E,2026-ncaa-d1-conf-MVC,genius_ncaa,3,3,1,3,1,3,3,2,3,3,2,4,2,4,1,3,3,4,3,3,4,2,3,3,3,3,2,3,3,2,2,4,1,2,2,2,3,3,3,3,3,3,3,1,,,3,3,,1,3,2,3,1,3,3,2,3,2,2,4,3,4,3,2,3,2,4,2,2,3,3,3,,3,,1,3,4,3,1,4,3,1,4,4,4,3,4,4,3,4,3,4,1,1,4,4,4,4,4,3,1,1,3,2,1,2,1,1,3,3,3,4,4,4,3,,,3,3,,2,3,2,3,4,3,4,3,1,3,1,4,4,4,3,3,1,1,1,3,1,1,3,4,4,,3,,2,b'\x11\xe8\xe1I\xc8p[\xba\xaf\x82\x12\xdf\x17\xaeN\x1e'
11E8E149-C870-5BBA-AF82-12DF17AE4E1E,2026-ncaa-d1-natl,genius_ncaa,163,195,85,192,114,122,120,96,170,86,103,113,228,136,327,200,93,136,41,124,177,101,113,201,189,160,283,295,115,65,90,103,92,75,91,63,51,174,109,77,226,257,237,281,,,56,24,,8,152,134,261,72,145,140,107,89,131,253,173,99,170,151,112,148,71,115,83,70,120,269,274,,15,,6,156,235,253,232,221,280,241,259,150,229,86,178,193,174,246,172,122,226,205,193,195,239,76,100,142,135,92,222,90,194,91,187,83,238,285,242,265,218,306,260,,,44,50,,105,152,216,137,214,163,179,217,191,264,204,107,161,152,128,128,167,84,87,162,129,133,294,233,292,,43,,128,b'\x11\xe8\xe1I\xc8p[\xba\xaf\x82\x12\xdf\x17\xaeN\x1e'
11E8E149-C874-F058-AF82-12DF17AE4E1E,2014-ncaa-d0-natl,ncaa,342,150,349,332,349,349,349,349,292,349,349,317,344,347,195,261,339,342,167,342,28,349,349,298,256,256,105,242,5,348,282,349,342,349,339,349,162,1,206,255,348,238,349,344,,,1,119,,,278,349,329,270,323,339,344,318,277,292,306,72,69,63,333,338,310,345,345,310,87,246,344,,84,,,322,1,1,1,303,1,1,310,1,1,106,115,1,1,331,1,40,1,1,282,278,292,17,66,69,2,342,1,282,1,339,1,116,349,234,254,1,131,11,296,,,349,1,,,278,1,278,320,320,210,273,181,303,240,90,99,92,54,57,117,79,305,125,227,198,255,58,247,,21,,,b'\x11\xe8\xe1I\xc8t\xf0X\xaf\x82\x12\xdf\x17\xaeN\x1e'
11E8E149-C874-F058-AF82-12DF17AE4E1E,2014-ncaa-d1-conf-Southland,ncaa,13,13,13,13,13,14,14,14,12,14,13,11,13,14,8,10,12,13,8,13,1,14,14,13,11,12,6,10,1,14,13,14,13,14,13,14,7,1,9,12,13,8,14,14,,,2,6,,,13,14,12,7,12,13,14,13,12,10,11,2,2,2,13,12,12,13,14,12,6,8,14,,7,,,13,1,2,1,13,2,1,13,2,3,3,7,1,1,13,1,6,1,1,12,13,12,3,5,4,3,13,1,13,2,13,2,4,14,10,11,1,9,5,14,,,13,1,,,13,1,13,12,13,10,12,8,12,9,5,7,8,6,6,8,7,9,9,11,9,8,8,13,,1,,,b'\x11\xe8\xe1I\xc8t\xf0X\xaf\x82\x12\xdf\x17\xaeN\x1e'
11E8E149-C874-F058-AF82-12DF17AE4E1E,2014-ncaa-d1-natl,ncaa,293,244,347,291,348,332,346,348,289,339,317,318,307,330,140,275,109,138,87,132,18,344,347,294,208,231,77,251,1,330,270,345,311,345,310,318,126,34,238,261,300,236,339,333,,,9,75,,,279,348,287,162,297,334,341,308,257,274,301,19,30,29,305,303,288,323,326,282,160,241,333,,68,,,284,20,71,13,305,120,33,302,54,33,203,128,13,12,226,13,50,6,4,295,279,249,35,117,50,83,311,14,270,15,310,95,168,278,142,210,56,238,80,221,,,146,1,,,279,3,257,277,278,203,271,167,286,222,135,107,74,64,64,114,125,245,153,193,232,158,180,179,,5,,,b'\x11\xe8\xe1I\xc8t\xf0X\xaf\x82\x12\xdf\x17\xaeN\x1e'
11E8E149-C874-F058-AF82-12DF17AE4E1E,2015-ncaa-d0-natl,ncaa,339,296,345,339,346,344,326,340,225,259,215,277,344,347,211,340,347,343,345,342,339,347,345,284,317,324,342,334,307,266,137,349,292,345,244,320,217,91,289,282,237,121,330,291,,,38,255,,,312,347,236,89,313,238,218,94,28,335,343,338,291,291,247,193,131,334,287,242,285,133,304,,233,,,325,30,37,4,332,38,6,332,127,63,323,239,67,56,189,57,258,3,3,341,337,318,213,239,157,16,292,9,137,3,244,58,164,274,120,183,125,293,164,205,,,348,302,,,312,3,315,311,327,277,273,94,245,73,273,213,214,215,215,106,125,158,147,154,229,137,282,290,,302,,,b'\x11\xe8\xe1I\xc8t\xf0X\xaf\x82\x12\xdf\x17\xaeN\x1e'
11E8E149-C874-F058-AF82-12DF17AE4E1E,2015-ncaa-d1-conf-Southland,ncaa,13,13,9,13,10,13,9,10,9,4,3,11,13,13,10,13,13,13,12,13,13,11,11,12,12,13,13,13,11,9,10,13,5,13,10,11,9,9,11,11,7,5,12,11,,,5,7,,,13,10,6,3,12,7,8,2,2,13,13,13,13,13,9,8,9,13,11,10,11,5,11,,6,,,13,9,9,2,13,10,5,13,6,5,10,6,6,6,11,6,7,4,2,13,13,13,6,7,4,1,5,5,10,3,10,8,5,8,6,8,9,11,11,8,,,13,12,,,13,5,13,11,13,11,11,5,11,8,8,6,7,7,7,8,5,3,8,6,9,6,11,12,,13,,,b'\x11\xe8\xe1I\xc8t\xf0X\xaf\x82\x12\xdf\x17\xaeN\x1e'
11E8E149-C874-F058-AF82-12DF17AE4E1E,2015-ncaa-d1-natl,ncaa,324,313,298,324,309,312,264,267,220,157,99,262,333,343,212,336,335,307,338,304,339,284,265,275,303,312,335,321,303,164,99,331,274,299,200,258,208,239,291,277,142,98,305,285,,,170,274,,,312,297,194,94,296,209,181,81,28,329,337,330,281,282,215,155,100,316,244,217,300,99,298,,256,,,315,161,137,39,316,111,34,313,218,153,318,238,199,182,258,181,267,42,49,329,332,309,253,241,206,79,274,50,99,44,200,145,164,178,112,166,285,318,268,227,,,320,308,,,312,57,308,296,313,280,255,103,223,80,273,219,255,245,245,133,164,149,138,140,221,115,322,316,,291,,,b'\x11\xe8\xe1I\xc8t\xf0X\xaf\x82\x12\xdf\x17\xaeN\x1e'
11E8E149-C874-F058-AF82-12DF17AE4E1E,2016-ncaa-d0-natl,ncaa,338,293,347,338,349,345,346,349,231,339,341,221,305,313,236,184,320,330,156,327,140,349,349,235,220,274,167,192,110,338,260,349,313,349,305,336,193,97,332,314,325,248,349,348,,,35,246,,,301,349,280,264,320,319,342,286,290,249,246,240,256,248,334,310,291,336,337,291,293,266,349,,206,,,310,17,39,3,336,82,15,333,29,15,217,83,23,41,46,39,172,2,2,322,313,297,42,73,102,27,313,4,260,7,305,78,187,325,180,245,231,348,68,268,,,342,131,,,301,1,298,308,318,228,267,101,300,172,105,67,137,177,176,102,79,210,82,125,243,208,337,193,,228,,,b'\x11\xe8\xe1I\xc8t\xf0X\xaf\x82\x12\xdf\x17\xaeN\x1e'
11E8E149-C874-F058-AF82-12DF17AE4E1E,2016-ncaa-d1-conf-Southland,ncaa,12,12,9,12,11,12,12,13,8,11,12,5,12,11,10,8,10,11,4,11,5,13,13,7,7,9,10,9,7,13,13,12,8,13,11,11,9,9,12,11,9,7,13,13,,,3,7,,,11,12,11,8,12,12,13,10,11,9,9,9,11,11,13,11,13,12,13,11,10,8,13,,6,,,11,4,9,3,13,10,6,13,3,3,5,4,2,3,1,3,4,3,2,12,12,12,1,4,2,4,8,3,13,2,11,4,4,10,9,10,13,13,7,10,,,12,10,,,11,2,12,11,11,6,10,5,12,8,4,3,3,4,4,4,3,5,5,3,6,9,13,9,,12,,,b'\x11\xe8\xe1I\xc8t\xf0X\xaf\x82\x12\xdf\x17\xaeN\x1e'
11E8E149-C874-F058-AF82-12DF17AE4E1E,2016-ncaa-d1-natl,ncaa,317,305,303,317,330,321,322,342,208,294,323,189,270,259,256,177,251,263,177,260,121,337,328,221,203,269,176,200,100,283,190,345,297,338,261,294,182,258,336,311,261,213,347,347,,,125,249,,,285,326,249,264,301,302,329,261,277,243,223,212,222,220,325,271,246,332,325,271,317,229,346,,219,,,286,96,125,25,315,183,71,315,54,37,186,85,108,118,89,112,187,22,25,301,294,257,61,71,152,112,297,13,190,32,261,138,175,212,117,189,338,348,85,209,,,262,142,,,285,25,283,267,290,207,228,91,274,158,90,64,177,192,192,95,103,196,65,99,208,144,346,143,,202,,,b'\x11\xe8\xe1I\xc8t\xf0X\xaf\x82\x12\xdf\x17\xaeN\x1e'
11E8E149-C874-F058-AF82-12DF17AE4E1E,2017-ncaa-d0-natl,ncaa,302,265,321,302,339,291,284,276,267,329,320,289,103,118,96,43,335,343,101,343,317,308,328,208,226,202,37,18,318,298,299,269,155,301,268,250,160,20,111,143,292,250,254,252,,,31,105,,,275,325,161,349,212,217,120,291,265,44,46,319,333,333,191,232,250,121,190,190,104,244,236,,111,,,283,107,173,100,288,163,105,270,209,138,303,220,19,25,50,26,64,56,29,301,260,315,103,260,22,63,155,167,299,105,268,167,177,343,319,325,31,101,64,178,,,344,320,,,275,28,215,311,280,281,321,300,294,265,289,252,63,82,86,273,182,187,323,288,288,317,94,134,,321,,,b'\x11\xe8\xe1I\xc8t\xf0X\xaf\x82\x12\xdf\x17\xaeN\x1e'
11E8E149-C874-F058-AF82-12DF17AE4E1E,2017-ncaa-d1-conf-Southland,ncaa,8,6,9,8,13,11,10,7,7,8,10,9,4,5,4,4,13,13,8,13,11,10,11,7,7,6,4,4,13,11,11,5,4,8,9,8,5,1,3,4,10,11,9,9,,,1,1,,,8,10,7,13,8,7,4,8,9,4,4,13,13,13,7,7,11,1,5,6,3,10,9,,1,,,8,4,8,10,6,7,10,6,8,11,4,11,1,1,2,1,1,7,4,6,5,7,1,9,1,5,4,9,11,6,9,8,8,13,13,12,2,4,1,4,,,13,12,,,8,4,8,8,7,6,12,13,11,13,12,12,1,1,1,11,8,7,10,9,10,13,3,4,,13,,,b'\x11\xe8\xe1I\xc8t\xf0X\xaf\x82\x12\xdf\x17\xaeN\x1e'
11E8E149-C874-F058-AF82-12DF17AE4E1E,2017-ncaa-d1-natl,ncaa,283,265,310,284,335,244,247,227,241,314,310,278,59,73,62,36,331,341,89,340,313,274,302,163,179,167,28,13,329,279,294,217,156,269,262,197,112,37,111,114,269,242,262,269,,,54,104,,,264,301,143,349,173,185,101,290,274,27,34,318,335,335,174,220,244,116,190,148,104,235,245,,129,,,271,183,247,169,302,225,162,283,232,179,306,209,29,40,54,42,64,127,59,310,272,319,89,247,23,97,156,235,294,181,262,220,158,328,313,320,53,110,74,162,,,337,320,,,264,55,186,315,261,295,324,304,306,278,289,246,68,87,90,281,201,187,320,280,286,303,101,113,,317,,,b'\x11\xe8\xe1I\xc8t\xf0X\xaf\x82\x12\xdf\x17\xaeN\x1e'
11E8E149-C874-F058-AF82-12DF17AE4E1E,2018-ncaa-d0-natl,ncaa,329,326,295,329,318,344,347,319,348,341,303,344,315,243,343,154,272,223,320,224,85,320,297,347,348,347,124,203,33,212,200,326,313,311,301,342,275,295,326,343,220,176,176,141,,,161,265,,,340,310,184,278,345,349,298,339,264,306,191,233,152,151,284,176,129,316,267,343,323,178,138,,256,,,341,99,120,50,310,155,70,310,99,75,223,147,106,108,132,107,189,46,52,305,291,238,105,141,143,187,313,155,200,164,301,175,212,172,107,180,339,346,85,178,,,201,62,,,340,39,348,267,341,225,240,131,266,162,159,128,188,197,197,136,194,275,263,286,250,98,344,133,,80,,,b'\x11\xe8\xe1I\xc8t\xf0X\xaf\x82\x12\xdf\x17\xaeN\x1e'
11E8E149-C874-F058-AF82-12DF17AE4E1E,2018-ncaa-d1-conf-Southland,ncaa,11,11,9,11,12,13,13,12,13,12,10,13,9,7,13,4,11,10,13,10,3,12,12,13,13,13,5,6,2,11,10,12,10,12,12,13,9,8,10,13,10,9,2,2,,,4,9,,,11,12,9,6,13,13,10,12,10,9,6,11,7,7,10,8,6,9,10,13,10,8,2,,7,,,11,3,4,6,8,7,6,9,2,2,2,2,5,2,12,2,4,3,3,7,8,7,3,2,5,8,10,7,10,8,12,5,7,7,4,6,10,11,1,3,,,10,4,,,11,2,12,8,11,5,6,9,10,10,2,2,7,5,5,5,6,11,10,10,8,6,11,5,,7,,,b'\x11\xe8\xe1I\xc8t\xf0X\xaf\x82\x12\xdf\x17\xaeN\x1e'
11E8E149-C874-F058-AF82-12DF17AE4E1E,2018-ncaa-d1-natl,ncaa,330,325,315,330,329,347,349,325,348,342,293,344,315,250,343,177,264,205,324,207,81,316,289,347,348,348,149,220,32,217,206,330,315,310,302,342,260,307,327,343,208,173,185,156,,,189,267,,,340,312,160,279,346,349,296,338,247,305,206,228,142,140,282,162,140,311,259,343,324,170,153,,265,,,340,112,139,53,304,169,81,295,109,71,228,143,118,129,119,132,193,45,54,296,279,223,108,143,149,208,315,170,206,198,302,189,229,158,109,180,343,346,78,167,,,184,59,,,340,38,348,254,343,228,241,146,263,187,166,132,192,204,206,159,216,289,264,294,256,93,345,126,,76,,,b'\x11\xe8\xe1I\xc8t\xf0X\xaf\x82\x12\xdf\x17\xaeN\x1e'
11E8E149-C874-F058-AF82-12DF17AE4E1E,2019-ncaa-d0-natl,ncaa,322,324,249,329,280,305,332,247,349,345,262,351,164,153,205,125,139,153,151,153,76,242,190,343,329,337,17,73,17,148,186,308,325,259,310,266,56,310,314,312,211,220,246,246,,,111,105,,,348,204,69,271,308,339,197,347,240,137,120,91,112,114,170,74,100,310,234,255,322,191,238,,175,,,346,295,289,178,326,283,134,341,248,252,198,258,267,233,322,229,255,192,183,330,333,331,176,178,194,271,325,251,186,269,310,285,217,194,194,271,345,343,312,335,,,195,186,,,348,160,335,341,345,340,333,285,319,195,289,296,295,270,270,308,296,305,313,325,319,144,346,327,,125,,,b'\x11\xe8\xe1I\xc8t\xf0X\xaf\x82\x12\xdf\x17\xaeN\x1e'
11E8E149-C874-F058-AF82-12DF17AE4E1E,2019-ncaa-d1-conf-Southland,ncaa,10,9,9,10,11,12,13,11,13,13,10,13,4,4,6,4,5,7,3,7,5,10,11,13,11,12,1,2,2,8,10,9,12,11,11,11,3,7,10,9,10,11,9,8,,,1,1,,,12,11,6,7,12,13,8,13,10,4,3,3,5,5,8,8,6,8,8,9,10,10,9,,1,,,12,8,11,9,10,12,7,12,9,11,2,12,4,3,9,3,5,7,4,11,9,11,3,8,3,10,12,9,10,9,11,5,2,11,10,10,13,13,10,13,,,11,7,,,12,3,11,11,12,11,12,12,12,10,11,13,4,5,5,11,10,11,10,11,7,10,13,11,,7,,,b'\x11\xe8\xe1I\xc8t\xf0X\xaf\x82\x12\xdf\x17\xaeN\x1e'
11E8E149-C874-F058-AF82-12DF17AE4E1E,2019-ncaa-d1-natl,ncaa,333,322,314,334,332,327,346,292,351,349,291,351,176,170,210,126,172,180,154,186,72,281,245,344,332,338,18,71,14,182,192,332,328,299,322,294,59,288,321,317,240,230,263,253,,,88,111,,,349,259,71,271,314,340,207,347,244,137,125,95,113,116,184,79,109,316,239,268,326,196,245,,180,,,349,276,268,129,330,261,98,343,232,236,213,258,251,214,324,211,255,142,119,334,336,337,174,176,191,243,328,216,192,232,322,274,219,233,205,277,345,343,310,337,,,235,181,,,349,100,338,346,347,343,335,289,325,202,297,296,294,273,272,310,295,309,317,326,322,158,346,333,,129,,,b'\x11\xe8\xe1I\xc8t\xf0X\xaf\x82\x12\xdf\x17\xaeN\x1e'
11E8E149-C874-F058-AF82-12DF17AE4E1E,2020-ncaa-d0-natl,ncaa,259,170,348,232,348,349,351,350,313,351,334,334,263,291,145,163,288,271,273,269,80,350,350,296,290,280,65,124,62,322,268,344,208,349,281,338,222,39,213,276,263,141,265,210,,,11,152,,,260,350,307,39,313,339,316,329,277,184,197,182,137,130,293,301,253,295,304,311,168,172,223,,97,,,273,12,16,2,263,40,5,295,32,32,84,153,52,72,43,78,247,3,1,236,216,216,100,101,184,24,208,37,268,20,281,99,278,309,159,239,90,268,142,290,,,317,71,,,260,1,288,211,277,121,149,62,199,97,93,109,157,202,213,72,63,125,240,208,242,207,234,250,,154,,,b'\x11\xe8\xe1I\xc8t\xf0X\xaf\x82\x12\xdf\x17\xaeN\x1e'
11E8E149-C874-F058-AF82-12DF17AE4E1E,2020-ncaa-d1-conf-Southland,ncaa,6,6,1,6,1,11,12,10,11,13,11,9,5,4,7,4,7,8,10,8,5,10,10,8,8,8,2,3,6,10,11,9,7,9,10,9,7,3,4,7,9,10,9,9,,,2,3,,,8,9,11,1,11,12,10,13,11,5,4,7,8,8,10,10,10,9,9,9,3,9,9,,2,,,8,5,5,7,3,6,6,9,5,9,1,10,3,3,4,3,7,5,5,4,4,5,6,7,5,6,7,9,11,8,10,9,11,10,10,10,3,4,5,10,,,9,6,,,8,5,8,6,8,5,5,7,6,6,5,9,3,3,3,5,5,6,9,8,9,10,3,5,,9,,,b'\x11\xe8\xe1I\xc8t\xf0X\xaf\x82\x12\xdf\x17\xaeN\x1e'
11E8E149-C874-F058-AF82-12DF17AE4E1E,2020-ncaa-d1-natl,ncaa,214,170,326,207,328,332,342,344,303,338,317,321,215,241,134,158,231,215,232,205,59,336,337,275,265,266,64,121,56,286,260,322,194,328,265,329,200,107,232,274,200,122,236,196,,,47,160,,,250,340,299,45,303,334,320,328,282,179,194,163,137,130,298,295,256,282,291,305,188,153,216,,106,,,255,34,43,16,244,82,29,276,68,73,115,180,70,124,13,134,259,11,15,232,194,179,122,129,171,49,194,105,260,65,265,162,279,229,125,206,161,266,179,273,,,246,69,,,250,12,281,173,253,106,127,53,154,70,107,121,136,204,212,56,63,119,215,179,229,168,233,227,,142,,,b'\x11\xe8\xe1I\xc8t\xf0X\xaf\x82\x12\xdf\x17\xaeN\x1e'
11E8E149-C874-F058-AF82-12DF17AE4E1E,2021-ncaa-d0-natl,ncaa,265,104,317,236,318,317,320,321,238,319,319,211,296,301,235,123,304,300,301,297,55,321,322,229,235,244,112,147,108,325,302,314,215,323,298,324,275,30,239,281,284,92,317,288,,,29,179,,,250,322,218,103,281,293,294,277,276,203,173,203,125,120,269,272,296,242,297,303,205,103,283,,180,,,277,29,31,26,273,43,31,297,22,26,63,106,44,40,259,42,220,26,23,228,249,240,56,42,229,27,215,31,302,26,298,38,197,311,150,205,36,235,18,109,,,316,111,,,250,22,269,236,278,202,208,130,264,186,68,92,231,222,225,141,139,174,242,232,220,160,206,59,,166,,,b'\x11\xe8\xe1I\xc8t\xf0X\xaf\x82\x12\xdf\x17\xaeN\x1e'
11E8E149-C874-F058-AF82-12DF17AE4E1E,2021-ncaa-d1-conf-Southland,ncaa,10,2,13,9,13,13,13,13,9,13,13,6,10,11,8,4,13,13,11,13,7,13,13,6,7,8,5,4,11,13,10,13,4,13,8,13,10,1,4,5,13,7,12,8,,,1,10,,,10,13,12,2,9,8,7,9,11,4,3,12,10,10,8,12,9,7,9,9,3,8,11,,7,,,10,1,1,1,8,1,1,11,2,2,6,12,2,2,10,2,11,1,1,8,9,10,11,8,7,1,4,1,10,1,8,1,11,13,8,10,1,2,1,5,,,13,12,,,10,1,8,10,10,6,5,4,4,3,8,9,8,9,9,4,2,3,8,7,8,11,2,4,,13,,,b'\x11\xe8\xe1I\xc8t\xf0X\xaf\x82\x12\xdf\x17\xaeN\x1e'
11E8E149-C874-F058-AF82-12DF17AE4E1E,2021-ncaa-d1-natl,ncaa,258,104,307,220,308,311,315,318,246,311,317,218,290,291,244,125,301,289,299,287,60,315,315,237,242,244,112,144,103,317,283,312,178,317,284,318,250,31,209,264,261,77,317,295,,,29,174,,,236,314,217,109,268,289,269,273,263,198,154,182,125,118,241,246,271,243,283,294,189,86,294,,167,,,260,35,33,29,270,53,33,303,21,28,40,114,50,41,272,44,223,31,30,229,250,225,51,35,237,27,178,42,283,33,284,42,182,307,132,175,42,227,22,100,,,308,121,,,236,32,260,218,261,183,196,104,266,162,50,92,233,212,219,112,124,134,255,216,203,147,194,59,,165,,,b'\x11\xe8\xe1I\xc8t\xf0X\xaf\x82\x12\xdf\x17\xaeN\x1e'
11E8E149-C874-F058-AF82-12DF17AE4E1E,2022-ncaa-d0-natl,ncaa,233,233,216,241,221,280,284,260,297,239,203,277,302,268,329,244,200,202,177,197,173,255,249,310,307,304,255,276,73,180,168,266,275,251,239,307,296,205,255,309,178,133,230,208,,,134,225,,,233,259,294,42,303,309,272,231,166,302,266,175,176,165,262,218,140,284,248,321,239,151,215,,191,,,237,68,50,59,139,91,98,185,33,63,35,117,254,245,249,250,293,75,96,120,151,104,156,65,320,176,275,145,168,141,239,133,280,148,78,119,212,265,125,148,,,187,115,,,233,90,292,133,247,90,65,50,126,104,46,78,281,278,283,82,112,217,197,211,160,107,245,137,,143,,,b'\x11\xe8\xe1I\xc8t\xf0X\xaf\x82\x12\xdf\x17\xaeN\x1e'
11E8E149-C874-F058-AF82-12DF17AE4E1E,2022-ncaa-d1-conf-Southland,ncaa,4,6,1,5,1,1,1,1,6,2,1,5,4,2,8,5,2,2,4,2,8,1,1,8,7,6,5,5,6,1,3,2,6,1,5,4,7,8,3,6,2,4,2,5,,,8,3,,,5,1,7,2,6,5,2,4,4,5,5,6,7,7,4,5,1,7,6,7,3,5,4,,4,,,5,8,8,8,6,8,8,6,8,7,6,5,8,7,5,8,4,8,8,6,6,5,6,5,4,8,6,8,3,8,5,8,8,1,3,5,8,3,8,6,,,1,5,,,5,8,4,4,5,4,4,2,3,2,5,5,4,5,5,4,4,5,4,3,5,3,3,8,,5,,,b'\x11\xe8\xe1I\xc8t\xf0X\xaf\x82\x12\xdf\x17\xaeN\x1e'
11E8E149-C874-F058-AF82-12DF17AE4E1E,2022-ncaa-d1-natl,ncaa,219,233,146,230,154,266,269,238,295,214,174,273,298,269,328,259,150,136,218,129,116,222,199,305,299,306,254,280,60,144,156,237,281,215,229,292,286,260,266,313,133,116,209,197,,,189,223,,,233,218,289,44,307,314,288,232,177,305,276,143,131,125,257,219,140,277,238,320,252,137,213,,192,,,233,99,71,92,133,126,116,186,47,95,23,128,263,266,176,273,290,117,144,111,138,97,136,67,313,238,281,176,156,193,229,167,280,113,78,119,254,268,138,145,,,129,74,,,233,122,287,123,241,82,65,55,135,103,45,89,259,275,277,83,116,236,167,201,163,108,244,140,,110,,,b'\x11\xe8\xe1I\xc8t\xf0X\xaf\x82\x12\xdf\x17\xaeN\x1e'
11E8E149-C874-F058-AF82-12DF17AE4E1E,2022-ncaa-d1-ncaatournament,ncaa,37,2,37,37,38,60,59,65,55,58,57,51,52,59,41,41,48,59,4,56,43,65,68,53,49,50,33,39,16,68,68,40,63,56,65,64,60,12,37,55,61,60,44,40,,,13,28,,,27,62,46,5,59,57,61,55,47,45,50,29,55,50,63,67,68,7,45,63,24,57,30,,40,,,31,2,2,29,5,10,27,17,1,18,1,18,13,30,2,29,51,30,27,2,1,1,5,1,56,37,63,20,68,28,65,4,8,56,59,19,12,47,13,33,,,58,45,,,27,7,59,7,31,6,11,61,36,59,1,33,34,60,60,65,59,67,51,64,4,52,32,23,,54,,,b'\x11\xe8\xe1I\xc8t\xf0X\xaf\x82\x12\xdf\x17\xaeN\x1e'
11E8E149-C874-F058-AF82-12DF17AE4E1E,2023-ncaa-d0-natl,ncaa,242,139,355,208,355,354,355,358,242,358,359,281,204,271,50,90,342,339,273,339,114,358,360,184,197,177,38,39,202,354,323,360,338,361,344,327,150,3,151,163,249,84,350,326,,,28,268,,,227,359,356,291,317,328,350,347,338,110,156,294,271,272,348,360,340,347,358,269,51,133,334,,175,,,232,3,1,2,200,5,8,173,18,7,193,100,73,82,145,82,288,4,3,190,204,170,207,106,298,78,338,9,323,12,344,28,304,313,94,183,2,84,7,153,,,355,135,,,227,3,224,226,229,72,50,19,91,64,77,54,243,253,257,28,34,274,152,214,184,166,20,49,,307,,,b'\x11\xe8\xe1I\xc8t\xf0X\xaf\x82\x12\xdf\x17\xaeN\x1e'
11E8E149-C874-F058-AF82-12DF17AE4E1E,2023-ncaa-d1-conf-Southland,ncaa,5,4,5,5,7,8,7,9,6,10,10,6,2,3,2,1,9,7,10,7,4,9,10,2,4,2,1,1,7,8,8,10,7,10,8,7,5,1,2,1,6,3,8,7,,,5,7,,,5,10,10,8,8,8,10,10,10,1,2,8,6,6,10,10,9,10,10,7,1,4,8,,6,,,5,4,3,1,5,3,1,6,7,4,9,8,5,5,7,5,7,2,2,8,7,7,10,7,6,6,7,4,8,4,8,6,6,7,4,6,1,1,2,2,,,9,5,,,5,1,3,8,5,4,3,2,3,1,7,5,6,5,5,2,2,6,6,5,6,6,1,2,,10,,,b'\x11\xe8\xe1I\xc8t\xf0X\xaf\x82\x12\xdf\x17\xaeN\x1e'
11E8E149-C874-F058-AF82-12DF17AE4E1E,2023-ncaa-d1-natl,ncaa,185,138,310,171,336,318,330,351,237,347,352,257,144,177,82,77,298,293,256,293,87,349,355,177,193,173,35,43,192,336,286,341,320,349,316,300,182,19,154,179,174,75,336,327,,,85,245,,,186,355,348,291,300,319,343,344,338,100,126,269,246,247,337,357,318,330,346,278,69,120,330,,163,,,186,13,10,11,128,21,27,118,36,33,131,115,147,139,199,136,272,13,16,112,145,87,215,113,300,169,320,49,286,75,316,46,255,196,67,76,9,104,17,139,,,315,125,,,186,8,204,128,177,40,30,22,60,60,64,60,219,212,213,26,42,257,140,191,108,128,32,40,,286,,,b'\x11\xe8\xe1I\xc8t\xf0X\xaf\x82\x12\xdf\x17\xaeN\x1e'
11E8E149-C874-F058-AF82-12DF17AE4E1E,2024-ncaa-d0-natl,ncaa,171,72,347,121,347,329,348,346,314,345,342,247,282,219,338,104,193,226,88,225,50,339,350,303,275,238,88,199,24,185,67,319,117,289,91,312,182,10,119,203,317,211,338,309,,,36,257,,,154,357,333,10,248,305,229,294,265,219,106,67,89,85,195,228,60,175,102,266,102,246,315,,186,,,152,3,3,6,92,13,21,85,11,17,98,98,56,66,114,63,217,5,3,70,84,104,144,98,270,16,117,12,67,7,91,10,104,331,179,121,13,78,93,264,,,296,88,,,154,4,192,99,155,52,55,61,81,135,52,65,183,193,190,61,43,96,158,119,52,230,70,208,,129,,,b'\x11\xe8\xe1I\xc8t\xf0X\xaf\x82\x12\xdf\x17\xaeN\x1e'
11E8E149-C874-F058-AF82-12DF17AE4E1E,2024-ncaa-d1-conf-Southland,ncaa,4,4,6,4,6,7,7,7,7,7,9,3,3,2,9,1,6,7,1,7,2,7,7,7,4,5,3,5,3,2,2,7,4,5,2,6,4,1,5,6,8,7,7,7,,,4,7,,,4,9,10,2,6,7,7,8,9,3,2,5,6,6,7,7,2,8,3,5,5,9,7,,6,,,4,2,4,2,5,3,4,4,3,3,6,6,4,4,6,4,5,2,2,5,6,6,6,6,5,3,4,2,2,2,2,3,3,7,6,7,1,2,7,9,,,8,6,,,4,2,2,6,4,4,5,3,5,5,3,2,4,3,3,3,2,4,2,2,3,8,1,7,,7,,,b'\x11\xe8\xe1I\xc8t\xf0X\xaf\x82\x12\xdf\x17\xaeN\x1e'
11E8E149-C874-F058-AF82-12DF17AE4E1E,2024-ncaa-d1-natl,ncaa,123,72,254,98,258,258,290,255,303,291,304,192,224,123,341,82,129,132,149,131,47,235,277,289,265,216,106,193,37,85,40,235,116,168,63,263,186,53,109,185,251,183,278,265,,,106,238,,,120,332,333,15,235,280,207,278,272,199,78,82,84,80,169,211,44,166,73,244,100,219,269,,163,,,118,13,13,33,55,26,73,62,39,49,89,123,108,118,110,117,185,31,25,51,58,55,167,121,256,61,116,54,40,40,63,24,109,237,140,94,38,69,131,238,,,191,95,,,120,30,175,56,116,31,34,54,57,121,56,75,154,164,164,50,43,101,123,93,42,190,65,178,,122,,,b'\x11\xe8\xe1I\xc8t\xf0X\xaf\x82\x12\xdf\x17\xaeN\x1e'
11E8E149-C874-F058-AF82-12DF17AE4E1E,2025-ncaa-d0-natl,genius_ncaa,184,130,301,167,318,323,329,335,261,295,264,281,316,323,262,282,218,229,172,228,143,330,329,278,264,277,214,276,53,259,208,307,199,313,224,292,171,121,276,271,108,40,175,102,,,65,207,,110,214,335,282,156,302,308,311,254,187,302,307,138,152,152,297,280,208,262,266,266,238,53,141,,146,,160,216,27,30,27,187,40,20,260,73,99,89,252,66,51,301,54,195,19,24,197,203,144,173,177,188,66,199,63,208,50,224,89,262,193,77,133,158,266,109,183,,,287,157,,286,214,29,284,141,224,95,103,65,117,61,133,179,138,111,115,56,77,147,179,163,183,108,243,173,,212,,262,b'\x11\xe8\xe1I\xc8t\xf0X\xaf\x82\x12\xdf\x17\xaeN\x1e'
11E8E149-C874-F058-AF82-12DF17AE4E1E,2025-ncaa-d1-conf-Southland,genius_ncaa,4,4,2,4,2,5,5,9,4,4,5,4,6,6,8,7,5,4,6,5,4,8,7,4,3,4,7,7,2,8,7,7,5,9,6,6,8,7,8,7,2,2,3,1,,,5,7,,7,5,5,11,1,6,7,11,5,7,7,8,6,6,7,10,11,8,11,9,7,5,2,3,,5,,6,5,6,8,5,11,8,2,12,7,9,4,11,4,3,12,4,5,3,7,11,11,7,4,8,3,4,5,2,7,3,6,5,6,3,3,5,6,7,7,5,,,9,7,,10,5,8,5,6,5,3,5,3,6,2,6,5,3,3,3,3,3,4,3,3,5,4,5,5,,10,,11,b'\x11\xe8\xe1I\xc8t\xf0X\xaf\x82\x12\xdf\x17\xaeN\x1e'
11E8E149-C874-F058-AF82-12DF17AE4E1E,2025-ncaa-d1-natl,genius_ncaa,161,130,244,148,271,282,281,291,233,239,203,262,297,313,249,288,194,199,192,198,173,277,280,263,250,261,250,282,84,192,148,281,153,258,178,242,152,157,245,235,79,36,161,98,,,88,187,,108,181,298,275,156,276,273,273,216,144,297,304,154,157,157,268,242,164,251,223,216,224,53,143,,136,,137,181,42,47,45,185,56,32,257,79,130,56,253,107,79,294,82,207,35,50,181,193,123,171,159,205,71,153,98,148,74,178,126,269,137,71,113,183,249,162,195,,,261,207,,283,181,65,250,117,185,85,91,52,105,45,114,170,147,121,127,47,78,111,158,130,177,93,218,202,,233,,271,b'\x11\xe8\xe1I\xc8t\xf0X\xaf\x82\x12\xdf\x17\xaeN\x1e'
11E8E149-C874-F058-AF82-12DF17AE4E1E,2026-ncaa-d0-natl,genius_ncaa,332,198,354,332,356,359,359,360,287,357,358,242,349,346,318,163,332,341,153,347,91,360,360,301,269,284,139,227,49,356,308,362,350,360,347,357,304,16,293,321,363,356,351,326,,,15,284,,20,315,360,185,97,288,309,313,289,286,271,212,133,140,156,302,262,293,325,341,332,266,351,302,,308,,89,348,28,31,11,341,69,14,359,11,26,42,189,58,27,340,25,206,10,6,327,333,357,31,36,192,63,350,7,308,13,347,13,33,363,355,342,14,240,94,331,,,342,21,,241,315,4,298,359,348,356,357,344,358,322,156,283,314,283,280,350,290,349,250,333,244,350,227,315,,48,,93,b'\x11\xe8\xe1I\xc8t\xf0X\xaf\x82\x12\xdf\x17\xaeN\x1e'
11E8E149-C874-F058-AF82-12DF17AE4E1E,2026-ncaa-d1-natl,genius_ncaa,301,195,345,296,350,346,351,358,179,345,353,142,312,314,259,139,306,299,249,308,76,358,359,187,185,226,156,192,106,339,246,354,329,358,316,346,261,67,299,285,354,327,314,286,,,33,240,,10,316,359,251,100,254,264,328,247,301,234,199,160,131,156,317,273,267,321,332,290,269,316,271,,228,,32,330,93,108,18,342,121,22,353,97,58,247,219,109,60,347,53,196,17,9,343,344,356,139,156,155,91,329,14,246,19,316,30,21,360,334,285,99,307,173,338,,,288,27,,184,316,3,240,357,331,344,344,280,335,244,288,268,284,232,226,287,185,299,160,234,164,331,288,314,,56,,90,b'\x11\xe8\xe1I\xc8t\xf0X\xaf\x82\x12\xdf\x17\xaeN\x1e'
11E8E149-C879-30FA-AF82-12DF17AE4E1E,2010-ncaa-d0-natl,ncaa,178,174,178,185,180,155,170,121,240,170,140,244,137,122,191,149,129,114,169,118,130,118,151,233,221,167,120,145,123,151,237,176,328,171,307,236,294,68,58,186,145,190,306,320,,,220,166,,,150,154,84,48,109,138,53,159,117,123,102,93,93,96,49,82,133,150,127,240,85,132,310,,253,,,151,182,131,238,37,156,223,64,142,240,15,211,294,274,297,270,232,257,251,31,61,77,225,133,296,333,328,296,237,330,307,207,263,148,190,183,34,38,271,261,,,152,175,,,150,195,168,144,151,225,159,312,176,268,156,270,306,279,278,320,321,340,316,339,234,115,51,284,,115,,,b'\x11\xe8\xe1I\xc8y0\xfa\xaf\x82\x12\xdf\x17\xaeN\x1e'
11E8E149-C879-30FA-AF82-12DF17AE4E1E,2010-ncaa-d1-conf-Big Ten,ncaa,9,8,9,9,10,8,9,5,11,8,4,11,7,4,11,6,6,6,6,6,5,4,7,11,11,9,6,7,2,2,6,9,11,6,11,11,11,1,1,10,7,8,11,11,,,6,5,,,7,7,2,5,6,8,1,6,3,7,3,3,4,4,1,1,1,7,1,11,4,4,11,,8,,,8,6,5,9,2,6,9,5,3,6,2,5,7,7,8,7,5,8,8,2,2,2,6,3,7,11,11,11,6,11,11,8,10,6,9,8,1,1,9,9,,,6,7,,,7,5,8,7,7,8,7,11,7,11,5,11,8,8,7,11,11,11,11,11,9,4,1,9,,6,,,b'\x11\xe8\xe1I\xc8y0\xfa\xaf\x82\x12\xdf\x17\xaeN\x1e'
11E8E149-C879-30FA-AF82-12DF17AE4E1E,2010-ncaa-d1-natl,ncaa,189,174,191,191,195,167,182,133,245,183,152,250,144,130,193,145,134,126,170,130,128,132,164,238,226,169,119,147,120,164,241,197,328,186,310,253,297,55,58,189,158,195,309,322,,,207,163,,,161,167,85,45,111,140,53,164,121,124,103,92,93,96,49,84,136,154,129,248,89,140,310,,255,,,161,167,115,228,39,141,216,68,135,232,17,212,290,264,298,261,233,246,239,33,64,87,224,130,296,331,328,287,241,329,310,202,264,163,195,187,30,38,267,264,,,167,174,,,161,181,170,149,163,232,169,312,181,272,158,270,307,282,281,321,321,341,320,339,241,121,52,288,,116,,,b'\x11\xe8\xe1I\xc8y0\xfa\xaf\x82\x12\xdf\x17\xaeN\x1e'
11E8E149-C879-30FA-AF82-12DF17AE4E1E,2011-ncaa-d0-natl,ncaa,262,264,242,266,264,202,223,234,183,251,289,158,101,92,156,59,210,209,188,202,84,235,252,151,158,168,65,70,183,256,264,305,266,301,304,262,282,106,189,245,98,65,278,262,,,228,286,,,248,245,144,166,161,189,176,243,270,76,56,170,171,162,176,179,234,301,301,267,189,68,276,,280,,,248,216,136,57,286,87,50,227,253,152,341,203,293,245,335,248,302,83,92,310,328,314,322,253,292,121,266,157,264,140,304,239,303,181,128,227,146,202,94,176,,,252,220,,,248,91,185,309,251,287,207,113,149,90,296,188,310,282,284,160,194,176,244,230,285,127,196,127,,221,,,b'\x11\xe8\xe1I\xc8y0\xfa\xaf\x82\x12\xdf\x17\xaeN\x1e'
11E8E149-C879-30FA-AF82-12DF17AE4E1E,2011-ncaa-d1-conf-Big Ten,ncaa,11,10,7,11,9,9,8,6,9,8,8,9,6,4,8,4,6,5,10,4,2,6,6,9,9,8,3,3,6,7,6,11,11,9,10,11,11,6,6,11,3,3,11,11,,,8,10,,,11,7,4,3,6,6,5,7,7,3,4,6,3,3,4,3,5,11,9,11,7,3,11,,11,,,11,8,6,4,11,5,5,4,9,2,11,2,11,10,11,10,10,6,6,11,11,11,11,7,11,9,11,8,6,9,10,10,11,6,4,10,9,10,5,7,,,4,4,,,11,5,8,11,11,11,10,4,7,6,10,2,11,11,11,10,10,10,10,11,11,3,10,6,,3,,,b'\x11\xe8\xe1I\xc8y0\xfa\xaf\x82\x12\xdf\x17\xaeN\x1e'
11E8E149-C879-30FA-AF82-12DF17AE4E1E,2011-ncaa-d1-natl,ncaa,268,262,279,270,299,226,238,256,189,274,306,165,114,104,159,60,224,227,183,217,85,262,284,155,162,171,61,69,180,272,265,317,269,321,309,276,283,87,193,246,114,71,282,264,,,209,288,,,256,273,148,162,166,193,180,249,273,78,58,172,179,168,183,184,236,302,303,270,189,72,279,,282,,,259,197,121,40,289,74,40,232,247,135,342,201,288,231,335,234,303,59,68,314,334,319,320,252,292,103,269,137,265,116,309,229,303,204,136,235,133,206,85,182,,,272,217,,,256,64,189,312,259,291,212,117,152,96,298,189,313,284,285,163,192,177,250,233,289,130,203,134,,222,,,b'\x11\xe8\xe1I\xc8y0\xfa\xaf\x82\x12\xdf\x17\xaeN\x1e'
11E8E149-C879-30FA-AF82-12DF17AE4E1E,2012-ncaa-d0-natl,ncaa,305,320,163,313,198,246,222,131,311,161,61,320,290,278,282,286,215,200,240,200,296,140,115,320,324,309,283,274,140,57,80,180,256,109,166,295,306,264,231,306,231,251,95,84,,,198,189,,,316,155,105,189,261,225,79,140,27,288,278,216,186,191,94,52,35,159,61,304,274,231,80,,233,,,313,276,244,227,236,221,197,242,264,256,229,220,285,244,298,244,224,233,196,248,268,293,237,217,225,258,256,249,80,257,166,314,307,253,287,319,255,233,290,223,,,226,298,,,316,173,297,302,316,297,279,282,267,244,269,265,290,267,267,289,253,277,275,289,317,261,271,299,,219,,,b'\x11\xe8\xe1I\xc8y0\xfa\xaf\x82\x12\xdf\x17\xaeN\x1e'
11E8E149-C879-30FA-AF82-12DF17AE4E1E,2012-ncaa-d1-conf-Big Ten,ncaa,12,12,8,12,11,12,12,7,12,11,5,12,12,10,12,9,11,10,9,10,11,8,7,12,12,12,10,10,5,3,2,9,9,7,7,12,10,12,12,12,11,10,7,8,,,5,6,,,12,9,3,7,12,12,5,9,3,12,9,10,10,10,6,3,1,8,5,12,12,10,7,,6,,,12,11,11,6,11,10,8,11,9,7,11,8,6,5,5,5,6,7,7,11,9,10,5,8,3,8,9,8,2,9,7,12,12,10,11,12,11,11,10,11,,,11,11,,,12,4,12,12,12,12,12,11,11,10,10,8,8,8,7,12,10,10,11,12,12,9,12,11,,11,,,b'\x11\xe8\xe1I\xc8y0\xfa\xaf\x82\x12\xdf\x17\xaeN\x1e'
11E8E149-C879-30FA-AF82-12DF17AE4E1E,2012-ncaa-d1-natl,ncaa,311,319,196,319,238,266,245,156,314,179,67,326,294,284,281,287,237,212,240,216,298,167,137,324,325,315,280,272,138,62,83,210,257,125,175,308,309,248,231,309,246,258,103,84,,,181,191,,,319,190,108,180,266,233,82,145,29,289,278,218,192,195,99,58,34,165,67,309,275,238,80,,236,,,317,262,236,205,243,212,175,246,258,239,233,220,277,231,301,230,231,211,164,252,273,298,239,216,225,241,257,228,83,241,175,306,308,270,292,319,244,235,283,228,,,251,296,,,319,142,303,310,319,300,281,283,267,247,271,266,290,271,271,290,249,275,280,292,320,266,267,300,,218,,,b'\x11\xe8\xe1I\xc8y0\xfa\xaf\x82\x12\xdf\x17\xaeN\x1e'
11E8E149-C879-30FA-AF82-12DF17AE4E1E,2013-ncaa-d0-natl,ncaa,235,244,183,248,235,269,242,255,212,258,257,239,156,179,105,113,333,335,184,336,331,283,297,192,226,227,167,83,322,276,264,228,205,266,252,265,257,98,198,226,328,326,124,107,,,91,173,,,255,295,301,263,285,259,257,261,258,136,160,334,337,338,300,307,271,223,265,273,131,332,117,,127,,,252,113,149,126,202,141,118,202,183,174,202,217,76,90,106,89,122,104,67,210,189,249,153,224,103,167,205,136,264,149,252,180,219,311,302,300,41,104,112,159,,,321,296,,,255,47,240,269,263,152,182,149,169,131,199,193,91,102,103,130,59,182,183,190,205,316,68,131,,321,,,b'\x11\xe8\xe1I\xc8y0\xfa\xaf\x82\x12\xdf\x17\xaeN\x1e'
11E8E149-C879-30FA-AF82-12DF17AE4E1E,2013-ncaa-d1-conf-Big Ten,ncaa,12,12,9,12,10,12,12,11,12,12,10,12,9,8,9,4,12,12,10,12,12,12,12,12,12,12,6,2,12,10,10,11,12,11,12,12,10,8,10,12,12,12,10,11,,,5,7,,,12,12,11,8,12,12,9,12,10,8,6,12,12,12,10,11,10,11,11,12,8,12,10,,6,,,12,7,10,4,11,9,6,11,7,4,12,6,3,3,2,3,6,3,2,11,10,11,5,7,4,9,12,6,10,8,12,8,7,12,12,12,5,9,8,11,,,12,12,,,12,1,12,12,12,10,12,7,12,8,10,5,5,6,6,5,3,11,10,12,10,11,6,8,,12,,,b'\x11\xe8\xe1I\xc8y0\xfa\xaf\x82\x12\xdf\x17\xaeN\x1e'
11E8E149-C879-30FA-AF82-12DF17AE4E1E,2013-ncaa-d1-natl,ncaa,248,243,210,252,272,289,263,277,215,274,273,244,162,188,102,113,336,337,183,337,331,302,312,200,229,229,164,83,320,285,270,252,206,289,260,281,256,83,200,230,332,329,130,108,,,79,178,,,259,313,302,262,290,265,263,268,262,136,162,335,337,338,302,307,275,226,267,277,129,334,118,,128,,,260,97,136,95,206,126,88,207,172,161,203,217,66,78,110,77,123,75,44,212,196,257,153,223,103,150,206,117,270,123,260,171,220,322,305,304,33,106,106,167,,,330,291,,,259,26,244,272,272,157,187,149,171,131,201,195,97,103,104,131,57,190,186,195,211,319,68,136,,321,,,b'\x11\xe8\xe1I\xc8y0\xfa\xaf\x82\x12\xdf\x17\xaeN\x1e'
11E8E149-C879-30FA-AF82-12DF17AE4E1E,2014-ncaa-d0-natl,ncaa,78,105,28,100,42,63,59,40,143,138,161,144,22,28,53,60,195,164,265,163,195,52,77,88,119,70,61,40,316,126,224,48,37,66,139,92,194,65,28,45,233,258,101,109,,,245,193,,,111,69,244,239,108,104,100,233,263,34,48,277,259,260,141,238,194,107,156,156,25,279,132,,127,,,112,293,282,289,178,274,236,244,238,289,72,251,227,198,279,192,158,286,253,184,193,249,167,187,168,114,37,324,224,280,139,257,177,219,288,271,57,35,347,344,,,129,229,,,111,272,74,207,113,152,170,141,178,98,172,236,149,123,118,123,56,40,242,148,170,304,26,344,,261,,,b'\x11\xe8\xe1I\xc8y0\xfa\xaf\x82\x12\xdf\x17\xaeN\x1e'
11E8E149-C879-30FA-AF82-12DF17AE4E1E,2014-ncaa-d1-conf-Big Ten,ncaa,9,8,4,9,5,10,10,3,12,11,10,12,1,1,8,2,11,10,12,10,7,5,5,12,12,11,1,1,12,3,6,9,5,6,8,8,7,5,2,7,8,8,9,11,,,7,10,,,11,7,8,5,10,11,1,12,10,1,1,12,10,10,3,3,3,9,6,7,4,8,9,,7,,,11,9,10,6,11,11,6,11,3,4,2,4,9,9,7,9,8,7,7,9,10,11,3,2,9,6,5,12,6,9,8,3,4,8,8,8,4,5,12,12,,,10,12,,,11,6,9,11,11,9,10,4,11,7,2,3,9,9,9,5,4,6,11,11,4,8,4,12,,11,,,b'\x11\xe8\xe1I\xc8y0\xfa\xaf\x82\x12\xdf\x17\xaeN\x1e'
11E8E149-C879-30FA-AF82-12DF17AE4E1E,2014-ncaa-d1-natl,ncaa,85,105,33,101,47,74,67,50,151,160,179,150,26,31,53,60,219,186,266,186,195,61,95,87,122,71,61,40,313,140,228,55,39,78,145,104,198,54,30,48,242,262,109,111,,,228,194,,,118,83,250,241,117,118,101,237,265,34,50,280,263,262,146,242,201,115,160,163,25,281,135,,127,,,119,280,271,278,183,261,216,257,230,283,78,251,210,186,282,183,160,277,234,190,202,259,165,185,166,101,39,320,228,265,145,249,178,241,291,276,50,35,347,344,,,149,231,,,118,259,79,216,120,160,175,144,183,96,176,237,152,125,122,124,56,40,243,153,172,305,29,344,,264,,,b'\x11\xe8\xe1I\xc8y0\xfa\xaf\x82\x12\xdf\x17\xaeN\x1e'
11E8E149-C879-30FA-AF82-12DF17AE4E1E,2015-ncaa-d0-natl,ncaa,162,189,113,184,141,62,70,106,66,147,248,28,28,25,100,35,127,176,35,175,111,121,146,32,30,24,53,46,253,256,281,130,83,190,208,61,98,71,61,47,130,137,242,279,,,177,142,,,69,109,102,199,36,44,102,160,288,27,25,132,211,212,116,186,281,138,236,44,64,135,251,,149,,,66,224,283,241,267,314,271,281,99,147,63,119,87,79,209,75,46,217,218,230,203,203,17,69,59,115,83,236,281,200,208,250,155,152,178,221,99,101,197,260,,,237,281,,,69,232,50,169,72,202,288,245,314,276,83,126,86,78,73,197,186,86,219,171,235,168,102,191,,281,,,b'\x11\xe8\xe1I\xc8y0\xfa\xaf\x82\x12\xdf\x17\xaeN\x1e'
11E8E149-C879-30FA-AF82-12DF17AE4E1E,2015-ncaa-d1-conf-Big Ten,ncaa,11,12,3,12,8,9,14,12,12,14,14,10,3,2,10,1,4,6,1,6,1,11,13,8,8,7,1,1,3,14,14,12,6,13,13,12,10,5,9,10,8,6,13,13,,,11,12,,,12,10,13,9,10,14,14,14,14,3,1,4,6,6,14,14,14,12,14,13,6,9,13,,10,,,12,11,11,4,13,14,8,12,2,1,9,1,7,5,13,5,6,4,4,12,12,14,1,1,5,5,6,11,14,8,13,10,7,9,9,10,8,10,5,14,,,9,4,,,12,5,9,14,12,9,11,4,14,9,3,1,5,5,5,4,1,5,11,7,10,9,8,5,,10,,,b'\x11\xe8\xe1I\xc8y0\xfa\xaf\x82\x12\xdf\x17\xaeN\x1e'
11E8E149-C879-30FA-AF82-12DF17AE4E1E,2015-ncaa-d1-natl,ncaa,180,189,143,189,178,71,80,128,68,169,281,31,33,35,103,34,145,206,31,204,106,148,184,37,31,26,52,48,249,280,287,162,87,228,217,71,99,54,64,51,148,147,252,282,,,145,142,,,81,139,110,194,40,49,107,166,293,29,26,131,214,218,125,192,286,145,242,52,64,145,251,,149,,,76,204,273,209,276,302,257,288,81,123,66,118,78,67,215,61,47,182,177,239,213,215,16,67,58,91,87,211,287,167,217,234,157,179,187,227,87,99,188,267,,,265,280,,,81,203,51,190,83,219,291,246,316,280,88,125,87,80,77,198,186,90,225,173,241,178,105,197,,282,,,b'\x11\xe8\xe1I\xc8y0\xfa\xaf\x82\x12\xdf\x17\xaeN\x1e'
11E8E149-C879-30FA-AF82-12DF17AE4E1E,2016-ncaa-d0-natl,ncaa,78,87,38,85,52,44,57,80,42,50,86,46,141,153,115,227,7,7,78,8,32,66,74,60,38,31,178,245,33,212,257,54,100,97,145,67,136,151,69,67,180,249,120,202,,,121,35,,,108,47,94,143,50,72,170,68,147,184,198,8,13,13,123,171,271,85,171,86,72,230,150,,56,,,111,319,338,325,275,340,328,267,243,253,199,148,53,82,52,86,23,319,303,260,203,245,30,156,11,230,100,266,257,266,145,260,52,161,256,221,122,68,337,315,,,16,29,,,108,309,49,221,104,258,311,308,314,308,204,197,30,41,42,261,241,139,141,136,186,240,72,331,,34,,,b'\x11\xe8\xe1I\xc8y0\xfa\xaf\x82\x12\xdf\x17\xaeN\x1e'
11E8E149-C879-30FA-AF82-12DF17AE4E1E,2016-ncaa-d1-conf-Big Ten,ncaa,4,4,9,4,10,9,11,11,9,11,13,6,11,6,11,7,1,1,7,1,1,8,10,8,6,6,4,11,1,9,8,8,3,7,3,9,3,5,7,5,7,7,9,11,,,6,7,,,4,11,8,7,6,9,10,11,11,9,6,1,1,1,7,8,8,5,5,8,7,7,9,,7,,,4,2,5,5,7,9,8,6,2,1,4,1,4,6,1,6,6,4,4,6,6,5,1,2,6,1,3,4,8,3,3,2,1,7,7,4,2,2,11,12,,,3,1,,,4,4,5,4,4,5,7,8,11,10,2,1,5,8,8,7,7,3,7,7,3,7,2,13,,1,,,b'\x11\xe8\xe1I\xc8y0\xfa\xaf\x82\x12\xdf\x17\xaeN\x1e'
11E8E149-C879-30FA-AF82-12DF17AE4E1E,2016-ncaa-d1-natl,ncaa,85,87,51,92,68,55,71,102,43,59,102,48,151,171,120,227,10,12,75,14,28,77,92,64,42,32,170,245,29,237,261,62,105,118,159,79,143,122,71,71,207,259,136,207,,,99,36,,,122,59,98,137,54,75,181,77,150,186,200,9,15,15,134,179,278,88,187,94,74,244,157,,58,,,124,311,335,320,281,335,323,276,230,232,210,145,45,69,53,73,23,309,290,268,211,253,30,152,11,205,105,247,261,244,159,251,56,195,268,231,101,69,337,321,,,26,25,,,122,297,55,230,117,263,317,310,320,309,205,192,31,43,44,266,241,140,149,143,193,250,73,332,,35,,,b'\x11\xe8\xe1I\xc8y0\xfa\xaf\x82\x12\xdf\x17\xaeN\x1e'
11E8E149-C879-30FA-AF82-12DF17AE4E1E,2016-ncaa-d1-ncaatournament,ncaa,17,2,17,17,17,25,25,29,15,25,29,21,22,27,16,43,22,22,44,22,23,26,26,16,15,25,34,38,24,33,45,28,26,29,36,24,36,46,47,37,20,27,23,38,,,36,17,,,39,22,20,1,29,28,49,24,38,35,45,25,21,27,46,41,48,37,46,26,41,25,31,,15,,,32,46,47,43,46,50,44,48,36,38,28,31,23,24,31,24,7,38,41,46,45,41,11,25,7,33,26,39,45,38,36,51,53,20,28,45,34,28,49,51,,,22,27,,,39,44,26,37,30,37,51,38,49,38,25,30,8,7,7,27,34,17,22,20,55,28,25,48,,32,,,b'\x11\xe8\xe1I\xc8y0\xfa\xaf\x82\x12\xdf\x17\xaeN\x1e'
11E8E149-C879-30FA-AF82-12DF17AE4E1E,2017-ncaa-d0-natl,ncaa,41,75,24,72,27,22,21,36,22,25,46,21,78,91,79,182,34,50,66,45,143,35,41,30,26,16,222,202,190,109,125,63,19,62,49,20,77,82,29,14,86,121,203,248,,,261,176,,,30,38,156,142,24,25,81,30,113,119,152,60,98,97,75,167,181,141,160,17,26,133,242,,149,,,31,308,315,289,276,319,278,286,225,239,155,178,172,183,169,183,98,287,293,264,240,227,71,141,90,41,19,228,125,146,49,187,38,87,158,122,39,17,321,254,,,48,103,,,30,316,19,146,29,183,223,141,246,155,146,149,91,93,93,102,101,12,82,30,93,173,19,286,,107,,,b'\x11\xe8\xe1I\xc8y0\xfa\xaf\x82\x12\xdf\x17\xaeN\x1e'
11E8E149-C879-30FA-AF82-12DF17AE4E1E,2017-ncaa-d1-conf-Big Ten,ncaa,6,4,9,5,10,9,9,9,7,10,9,7,7,6,9,5,7,8,3,7,9,8,12,7,7,6,8,7,5,10,11,11,1,10,6,6,6,1,2,2,9,5,13,13,,,3,8,,,6,13,11,2,7,7,6,8,7,7,6,6,7,7,5,9,9,10,10,5,1,7,13,,7,,,6,2,3,2,12,6,3,12,1,1,4,4,2,2,9,2,6,2,2,11,11,5,4,3,7,1,1,7,11,3,6,1,3,7,2,2,1,1,12,12,,,9,3,,,6,3,5,4,6,3,8,2,10,5,3,1,4,4,4,2,2,1,10,4,1,7,1,12,,7,,,b'\x11\xe8\xe1I\xc8y0\xfa\xaf\x82\x12\xdf\x17\xaeN\x1e'
11E8E149-C879-30FA-AF82-12DF17AE4E1E,2017-ncaa-d1-natl,ncaa,54,75,27,75,33,25,22,42,22,28,53,23,92,101,83,179,40,54,67,48,138,41,54,34,30,16,218,199,184,127,134,71,22,80,55,22,76,62,29,15,102,131,215,250,,,247,179,,,35,47,159,143,25,30,88,34,120,122,155,61,98,98,82,171,192,156,171,17,26,147,246,,151,,,39,299,309,279,286,315,267,295,209,227,163,176,152,161,177,160,99,274,272,275,259,239,67,136,88,31,22,200,134,107,55,170,38,110,165,134,34,17,315,259,,,58,105,,,35,311,20,160,38,191,234,140,257,159,148,149,95,97,96,109,100,12,83,33,97,183,19,288,,107,,,b'\x11\xe8\xe1I\xc8y0\xfa\xaf\x82\x12\xdf\x17\xaeN\x1e'
11E8E149-C879-30FA-AF82-12DF17AE4E1E,2018-ncaa-d0-natl,ncaa,53,129,5,99,5,26,29,32,32,31,48,48,54,85,33,184,19,14,157,14,67,28,24,34,33,47,151,152,146,179,266,36,124,54,174,60,251,320,166,142,111,209,70,166,,,330,181,,,106,15,214,14,68,86,243,106,208,108,193,89,102,103,214,239,309,182,279,154,134,212,141,,172,,,109,343,343,338,271,347,342,273,243,279,129,103,288,274,239,272,84,340,336,232,227,231,45,73,109,291,124,316,266,316,174,296,55,67,204,176,316,189,343,289,,,6,45,,,106,335,72,207,109,199,240,199,291,248,108,102,142,129,127,171,144,106,91,89,123,207,162,281,,81,,,b'\x11\xe8\xe1I\xc8y0\xfa\xaf\x82\x12\xdf\x17\xaeN\x1e'
11E8E149-C879-30FA-AF82-12DF17AE4E1E,2018-ncaa-d1-conf-Big Ten,ncaa,6,7,1,7,1,6,6,7,4,9,10,4,4,4,2,5,4,4,5,4,1,6,6,2,3,4,3,3,4,13,13,7,11,11,11,10,12,11,7,11,8,12,11,11,,,14,11,,,7,5,13,2,6,7,12,11,13,5,6,6,5,5,11,12,14,9,13,11,7,11,11,,10,,,7,11,11,10,10,13,11,10,4,7,2,2,11,10,10,10,9,11,10,10,9,9,2,1,10,11,11,10,13,11,11,7,3,7,8,8,9,6,12,13,,,2,2,,,7,10,5,10,8,8,9,9,11,9,1,3,9,9,9,8,7,9,7,7,5,8,5,8,,3,,,b'\x11\xe8\xe1I\xc8y0\xfa\xaf\x82\x12\xdf\x17\xaeN\x1e'
11E8E149-C879-30FA-AF82-12DF17AE4E1E,2018-ncaa-d1-natl,ncaa,61,129,5,101,5,28,34,40,34,38,56,52,62,98,31,181,22,21,156,21,66,34,27,36,34,50,153,151,138,217,273,40,138,62,190,69,255,306,171,150,131,213,75,172,,,321,186,,,116,15,222,13,75,96,253,115,216,109,190,94,105,105,223,246,313,187,288,163,136,218,144,,178,,,126,338,341,337,283,346,337,280,227,263,134,101,274,261,242,260,84,340,336,248,237,247,45,71,107,282,138,304,273,309,190,287,56,85,211,188,304,194,341,303,,,8,45,,,116,334,79,224,123,211,253,201,294,252,108,99,148,131,126,175,138,109,99,93,130,218,164,293,,82,,,b'\x11\xe8\xe1I\xc8y0\xfa\xaf\x82\x12\xdf\x17\xaeN\x1e'
11E8E149-C879-30FA-AF82-12DF17AE4E1E,2019-ncaa-d0-natl,ncaa,78,109,26,104,36,50,54,63,56,32,33,113,166,232,55,291,30,48,44,38,170,57,52,82,77,77,256,266,94,221,280,39,43,79,144,153,317,244,137,193,221,280,161,214,,,308,219,,,105,29,92,226,89,91,177,59,76,225,290,57,109,92,147,172,298,72,186,238,131,274,199,,211,,,109,314,304,309,184,327,326,192,143,202,66,85,299,303,183,302,193,319,312,139,154,195,79,51,235,138,43,308,280,269,144,198,61,145,246,174,200,102,346,297,,,23,51,,,105,322,113,152,113,187,200,192,251,263,71,97,238,239,241,219,175,51,172,105,101,241,108,333,,66,,,b'\x11\xe8\xe1I\xc8y0\xfa\xaf\x82\x12\xdf\x17\xaeN\x1e'
11E8E149-C879-30FA-AF82-12DF17AE4E1E,2019-ncaa-d1-conf-Big Ten,ncaa,8,10,5,11,6,5,6,5,8,8,6,12,6,10,3,8,8,10,3,9,10,6,6,8,8,6,7,7,6,9,10,4,1,8,9,13,14,7,7,13,12,13,13,14,,,12,10,,,10,5,5,8,6,6,6,9,6,7,8,9,10,9,8,7,10,4,8,14,8,13,14,,10,,,10,8,7,9,8,12,10,11,1,5,1,3,12,12,10,12,11,10,9,6,7,10,3,1,12,1,1,11,10,9,9,2,1,10,11,3,3,3,14,14,,,4,4,,,10,10,10,7,10,8,8,5,11,10,1,3,12,12,12,7,6,1,11,8,2,11,3,14,,4,,,b'\x11\xe8\xe1I\xc8y0\xfa\xaf\x82\x12\xdf\x17\xaeN\x1e'
11E8E149-C879-30FA-AF82-12DF17AE4E1E,2019-ncaa-d1-natl,ncaa,73,108,21,103,30,51,52,63,60,29,31,113,176,243,67,292,27,46,46,39,169,49,48,88,76,78,265,273,88,232,287,33,49,73,158,150,322,239,127,188,235,293,129,191,,,303,223,,,114,25,97,233,93,95,185,59,75,237,298,56,106,95,156,185,301,80,199,239,124,287,175,,214,,,120,321,312,318,190,326,329,192,146,209,75,85,303,303,190,305,196,326,317,142,154,204,87,53,237,170,49,314,287,283,158,196,56,148,245,174,185,91,345,289,,,23,48,,,114,323,117,161,127,192,193,191,252,260,74,106,242,243,242,218,172,62,170,111,99,248,90,330,,64,,,b'\x11\xe8\xe1I\xc8y0\xfa\xaf\x82\x12\xdf\x17\xaeN\x1e'
11E8E149-C879-30FA-AF82-12DF17AE4E1E,2019-ncaa-d1-ncaatournament,ncaa,17,2,17,17,19,25,19,24,13,20,25,9,27,24,44,34,37,34,43,33,56,26,26,13,22,23,55,44,57,51,62,30,47,32,54,33,63,36,32,48,21,31,37,55,,,41,20,,,48,18,10,7,25,14,30,11,29,42,37,55,54,53,40,39,61,45,58,53,30,24,56,,30,,,40,46,46,41,39,43,41,41,51,46,41,50,28,36,11,36,32,42,45,43,37,36,35,50,14,47,47,47,62,45,54,41,28,12,15,22,21,8,36,29,,,21,26,,,48,44,42,40,42,45,48,38,34,32,50,48,17,25,25,38,51,46,40,45,41,11,7,30,,29,,,b'\x11\xe8\xe1I\xc8y0\xfa\xaf\x82\x12\xdf\x17\xaeN\x1e'
11E8E149-C879-30FA-AF82-12DF17AE4E1E,2020-ncaa-d0-natl,ncaa,23,42,8,40,9,16,16,71,13,8,34,11,240,241,218,287,12,24,98,26,124,46,64,30,22,21,309,321,111,225,216,11,50,43,63,50,209,137,72,73,234,282,90,151,,,261,174,,,18,25,189,36,37,31,203,11,95,269,286,40,64,72,170,229,275,31,117,84,69,279,128,,168,,,19,164,163,294,31,229,327,39,62,109,23,54,257,257,213,262,140,305,315,21,26,34,94,46,272,205,50,151,216,166,63,42,17,132,199,46,130,72,225,125,,,17,38,,,18,330,36,32,20,57,56,176,136,274,31,62,192,186,191,179,164,109,59,52,20,205,68,165,,66,,,b'\x11\xe8\xe1I\xc8y0\xfa\xaf\x82\x12\xdf\x17\xaeN\x1e'
11E8E149-C879-30FA-AF82-12DF17AE4E1E,2020-ncaa-d1-conf-Big Ten,ncaa,3,4,4,4,4,5,5,8,3,2,5,3,14,12,14,12,1,2,2,2,3,6,7,6,3,4,12,14,1,10,9,3,1,4,3,10,11,6,6,9,12,12,9,11,,,9,11,,,3,6,10,1,5,5,11,2,5,14,12,2,2,2,8,9,12,2,3,10,5,13,10,,9,,,3,4,4,5,3,4,9,5,1,3,2,2,10,11,7,11,11,6,6,1,2,3,5,2,12,1,1,6,9,2,3,1,1,6,7,3,4,4,8,8,,,3,3,,,3,9,6,3,3,4,4,6,5,8,1,1,9,10,10,5,4,2,6,3,1,9,5,7,,3,,,b'\x11\xe8\xe1I\xc8y0\xfa\xaf\x82\x12\xdf\x17\xaeN\x1e'
11E8E149-C879-30FA-AF82-12DF17AE4E1E,2020-ncaa-d1-natl,ncaa,26,42,12,42,14,26,22,95,14,8,50,12,253,254,223,288,20,33,99,34,127,68,97,30,23,23,307,319,106,247,222,16,53,60,65,58,217,114,78,78,253,288,98,155,,,247,180,,,23,46,191,37,40,35,210,12,99,277,286,40,65,69,181,239,277,34,130,89,73,287,128,,173,,,24,133,140,278,34,210,319,39,47,89,26,53,239,237,216,242,141,288,295,22,29,38,88,44,270,187,53,126,222,144,65,36,17,165,211,53,107,73,210,131,,,25,38,,,23,308,37,37,24,61,60,182,138,273,32,61,199,190,193,185,162,113,61,52,22,211,66,172,,67,,,b'\x11\xe8\xe1I\xc8y0\xfa\xaf\x82\x12\xdf\x17\xaeN\x1e'
11E8E149-C879-30FA-AF82-12DF17AE4E1E,2021-ncaa-d0-natl,ncaa,18,43,26,28,35,23,20,25,21,10,15,25,209,182,276,318,22,19,128,21,193,24,37,64,59,20,334,333,133,116,264,16,9,30,65,41,238,84,5,11,108,220,17,51,,,242,71,,,10,29,107,224,33,21,72,5,22,308,303,42,52,51,54,181,264,31,87,82,5,224,36,,68,,,14,253,271,307,54,287,321,36,193,205,160,51,193,172,266,181,26,299,301,42,39,48,62,105,105,166,9,316,264,281,65,112,8,63,175,33,95,10,246,63,,,17,38,,,10,315,26,29,14,60,105,194,141,285,71,61,56,49,51,149,125,22,194,88,9,189,7,142,,58,,,b'\x11\xe8\xe1I\xc8y0\xfa\xaf\x82\x12\xdf\x17\xaeN\x1e'
11E8E149-C879-30FA-AF82-12DF17AE4E1E,2021-ncaa-d1-conf-Big Ten,ncaa,2,2,8,2,9,3,3,8,3,3,3,3,12,12,9,14,3,3,5,3,7,6,9,4,3,3,14,14,4,13,11,4,1,6,3,7,11,4,3,4,10,9,2,3,,,8,9,,,2,8,7,6,3,3,6,2,1,11,13,3,3,3,5,8,11,2,5,5,3,9,3,,8,,,2,4,4,5,1,4,7,3,3,4,3,1,4,3,10,3,2,5,5,1,1,2,3,3,8,3,1,7,11,4,3,2,1,4,5,1,3,3,7,2,,,3,1,,,2,7,4,1,2,3,3,5,4,9,1,1,2,2,2,4,4,1,8,4,1,6,2,7,,2,,,b'\x11\xe8\xe1I\xc8y0\xfa\xaf\x82\x12\xdf\x17\xaeN\x1e'
11E8E149-C879-30FA-AF82-12DF17AE4E1E,2021-ncaa-d1-natl,ncaa,21,43,30,29,43,28,23,29,21,10,15,25,216,187,279,318,25,20,130,22,197,27,46,66,59,22,331,332,126,136,270,18,11,37,72,46,239,77,5,12,123,229,20,53,,,234,72,,,11,35,110,225,36,22,74,5,24,307,304,46,56,55,57,186,270,34,92,88,5,230,36,,69,,,16,239,267,304,60,283,319,37,182,186,165,50,183,161,265,168,25,295,294,47,41,54,62,104,104,153,11,308,270,272,72,107,8,79,184,38,85,10,241,65,,,20,39,,,11,311,27,31,16,62,109,194,149,288,70,59,58,50,51,152,127,22,198,90,9,193,7,147,,59,,,b'\x11\xe8\xe1I\xc8y0\xfa\xaf\x82\x12\xdf\x17\xaeN\x1e'
11E8E149-C879-30FA-AF82-12DF17AE4E1E,2021-ncaa-d1-ncaatournament,ncaa,5,2,5,5,6,6,6,8,16,6,6,12,36,12,60,59,5,5,36,5,25,8,8,26,21,12,61,63,15,17,52,6,11,7,24,11,51,44,2,8,10,33,6,16,,,57,17,,,7,7,46,7,25,21,47,7,17,60,60,17,13,17,39,57,52,5,21,44,2,34,18,,14,,,8,55,56,58,9,54,58,9,58,57,32,41,39,42,18,39,3,57,57,9,6,7,36,51,7,56,11,61,52,58,24,53,24,7,31,20,35,3,50,13,,,7,11,,,7,58,21,5,7,4,11,30,8,30,35,38,4,4,3,13,12,21,35,26,11,34,3,14,,17,,,b'\x11\xe8\xe1I\xc8y0\xfa\xaf\x82\x12\xdf\x17\xaeN\x1e'
11E8E149-C879-30FA-AF82-12DF17AE4E1E,2022-ncaa-d0-natl,ncaa,34,49,27,45,30,37,32,67,14,19,30,37,191,248,77,314,27,44,67,36,161,57,69,38,26,23,307,309,122,254,302,35,35,80,117,54,211,114,46,48,188,261,93,187,,,252,101,,,37,41,140,142,51,37,179,20,66,257,311,60,90,80,147,230,326,66,200,96,33,266,147,,85,,,41,283,314,321,177,340,346,156,108,126,96,36,121,124,162,121,21,314,300,132,108,134,10,46,56,133,35,292,302,253,117,151,10,121,223,110,105,50,272,121,,,11,12,,,37,312,39,92,46,132,205,222,277,317,40,43,54,48,46,169,146,42,145,77,55,235,40,188,,37,,,b'\x11\xe8\xe1I\xc8y0\xfa\xaf\x82\x12\xdf\x17\xaeN\x1e'
11E8E149-C879-30FA-AF82-12DF17AE4E1E,2022-ncaa-d1-conf-Big Ten,ncaa,3,5,3,5,3,4,4,4,3,2,1,5,11,11,6,12,3,3,6,2,4,4,4,5,4,4,12,12,2,11,11,3,3,6,8,7,12,3,1,6,7,7,4,6,,,5,5,,,3,4,8,3,6,6,9,3,2,12,12,3,2,2,6,12,12,4,12,9,1,7,5,,4,,,4,7,9,10,5,11,12,4,2,2,2,1,3,4,5,4,1,9,10,1,1,1,1,2,4,6,3,12,11,10,8,2,1,4,4,2,3,2,8,3,,,2,3,,,3,11,7,1,4,2,5,9,9,13,1,1,3,3,3,7,7,3,9,6,1,5,2,5,,3,,,b'\x11\xe8\xe1I\xc8y0\xfa\xaf\x82\x12\xdf\x17\xaeN\x1e'
11E8E149-C879-30FA-AF82-12DF17AE4E1E,2022-ncaa-d1-natl,ncaa,35,49,32,47,38,43,36,82,16,20,34,40,208,260,77,315,34,53,65,47,162,72,91,40,28,24,303,305,114,283,313,42,39,105,127,66,218,87,46,52,214,277,109,188,,,222,100,,,46,51,150,137,55,43,191,22,71,263,312,60,91,81,160,242,330,71,219,109,34,286,148,,90,,,50,261,306,314,190,337,342,165,97,97,105,35,103,99,172,97,21,305,284,142,121,147,10,45,56,110,39,277,313,223,127,136,11,149,235,126,88,52,264,132,,,15,9,,,46,299,44,107,50,139,216,224,290,317,41,44,56,51,50,172,141,45,152,82,63,245,39,199,,35,,,b'\x11\xe8\xe1I\xc8y0\xfa\xaf\x82\x12\xdf\x17\xaeN\x1e'
11E8E149-C879-30FA-AF82-12DF17AE4E1E,2022-ncaa-d1-ncaatournament,ncaa,9,2,9,9,9,15,12,15,3,11,14,4,25,29,32,55,20,18,36,19,48,16,15,4,6,8,62,57,52,60,67,9,21,15,31,15,43,54,44,23,15,40,20,37,,,51,19,,,16,15,49,5,35,18,62,10,37,54,59,48,49,50,64,66,67,14,51,29,26,41,30,,10,,,17,55,55,55,25,59,59,29,36,48,15,16,46,52,11,52,11,55,55,20,18,22,10,16,20,50,21,55,67,53,31,50,9,18,48,26,41,18,36,21,,,14,10,,,16,54,25,20,16,16,25,30,40,53,15,19,10,15,16,26,19,27,13,15,9,51,9,19,,27,,,b'\x11\xe8\xe1I\xc8y0\xfa\xaf\x82\x12\xdf\x17\xaeN\x1e'
11E8E149-C879-30FA-AF82-12DF17AE4E1E,2023-ncaa-d0-natl,ncaa,15,4,81,5,97,28,20,93,2,21,99,5,66,127,12,178,46,74,41,72,100,91,113,3,3,2,214,192,203,288,260,47,25,111,59,16,44,34,23,5,106,130,17,18,,,185,120,,,7,87,94,252,6,6,102,9,149,79,146,42,81,83,99,199,324,40,143,7,19,134,19,,129,,,4,195,211,269,85,199,282,71,182,192,166,141,156,208,49,197,125,261,259,83,69,73,171,187,162,97,25,109,260,91,59,106,63,127,179,77,59,38,211,148,,,71,66,,,7,276,5,52,4,96,120,197,137,240,141,141,120,163,150,188,186,53,45,33,53,180,37,175,,106,,,b'\x11\xe8\xe1I\xc8y0\xfa\xaf\x82\x12\xdf\x17\xaeN\x1e'
11E8E149-C879-30FA-AF82-12DF17AE4E1E,2023-ncaa-d1-conf-Big Ten,ncaa,2,1,3,2,4,3,4,8,2,3,7,2,6,10,2,10,4,4,4,3,5,7,10,2,2,2,8,9,5,14,13,2,3,5,5,2,6,3,4,2,7,8,1,1,,,7,6,,,2,6,10,7,3,3,10,3,8,7,10,3,4,3,9,12,14,4,4,2,3,8,1,,6,,,2,3,5,8,3,7,11,3,2,2,3,2,5,6,2,6,4,9,9,2,1,1,3,3,7,4,3,5,13,3,5,1,1,8,9,1,4,5,8,7,,,3,2,,,2,9,2,1,2,1,2,6,7,11,2,1,5,6,6,6,5,4,3,3,1,9,5,8,,4,,,b'\x11\xe8\xe1I\xc8y0\xfa\xaf\x82\x12\xdf\x17\xaeN\x1e'
11E8E149-C879-30FA-AF82-12DF17AE4E1E,2023-ncaa-d1-natl,ncaa,15,4,103,5,131,30,23,109,2,22,120,5,80,144,12,176,51,90,39,89,99,106,144,3,4,2,208,188,203,316,274,55,27,135,62,16,45,22,23,5,135,147,18,17,,,157,123,,,7,105,99,245,6,6,113,8,152,82,149,43,85,84,104,206,329,41,155,7,20,148,19,,130,,,4,163,177,242,95,171,261,78,170,162,180,141,143,187,50,180,123,232,232,90,75,92,171,185,162,73,27,83,274,64,62,90,63,161,188,91,48,40,196,153,,,95,61,,,7,255,5,62,4,110,132,204,146,242,148,145,125,172,155,195,188,56,46,33,60,189,39,181,,107,,,b'\x11\xe8\xe1I\xc8y0\xfa\xaf\x82\x12\xdf\x17\xaeN\x1e'
11E8E149-C879-30FA-AF82-12DF17AE4E1E,2023-ncaa-d1-ncaatournament,ncaa,18,2,18,18,21,19,20,32,8,21,30,4,28,31,24,46,19,22,26,22,20,30,34,7,8,2,46,46,28,43,62,21,17,27,31,19,12,21,5,1,32,47,12,4,,,36,21,,,12,30,56,7,16,14,53,12,36,35,48,21,24,24,46,63,65,13,34,10,5,47,5,,13,,,7,37,35,38,8,21,38,2,54,46,53,51,37,41,16,41,43,40,36,19,19,22,62,60,33,37,17,41,62,39,31,34,43,31,44,31,18,11,29,23,,,22,13,,,12,36,5,21,7,10,3,15,2,13,53,43,24,28,29,15,7,25,28,19,22,49,8,17,,24,,,b'\x11\xe8\xe1I\xc8y0\xfa\xaf\x82\x12\xdf\x17\xaeN\x1e'
11E8E149-C879-30FA-AF82-12DF17AE4E1E,2024-ncaa-d0-natl,ncaa,26,13,94,25,126,28,24,127,1,46,186,4,30,86,1,107,106,125,107,122,104,129,157,2,2,2,138,82,304,335,319,61,19,156,72,21,39,45,45,11,238,271,41,50,,,147,105,,,18,105,122,263,14,14,183,35,238,22,102,125,151,151,175,261,348,55,221,14,29,278,41,,96,,,16,221,254,267,165,273,303,129,155,144,207,95,123,114,241,113,56,253,219,144,136,184,70,126,92,59,19,87,319,62,72,120,39,246,285,191,16,14,187,196,,,88,50,,,18,250,8,129,15,173,215,239,250,300,130,108,107,93,92,213,145,30,44,26,89,281,12,150,,104,,,b'\x11\xe8\xe1I\xc8y0\xfa\xaf\x82\x12\xdf\x17\xaeN\x1e'
11E8E149-C879-30FA-AF82-12DF17AE4E1E,2024-ncaa-d1-conf-Big Ten,ncaa,3,3,8,3,10,6,7,12,1,8,13,2,4,9,1,6,6,7,6,7,3,12,14,2,2,2,3,3,8,14,13,5,2,11,3,6,7,4,10,4,11,8,3,4,,,4,9,,,3,13,11,9,4,5,12,7,12,3,7,4,6,6,12,14,14,3,11,3,6,8,3,,6,,,3,2,2,3,8,7,10,3,1,1,9,1,4,6,2,5,4,3,1,3,2,5,1,1,9,1,2,1,13,1,3,1,1,11,9,3,2,3,5,9,,,9,1,,,3,2,2,3,3,3,3,4,11,14,1,1,4,7,9,6,3,3,1,1,1,11,2,6,,8,,,b'\x11\xe8\xe1I\xc8y0\xfa\xaf\x82\x12\xdf\x17\xaeN\x1e'
11E8E149-C879-30FA-AF82-12DF17AE4E1E,2024-ncaa-d1-natl,ncaa,30,13,130,27,175,36,29,166,1,55,219,6,35,101,1,106,131,148,108,146,100,161,221,2,2,2,133,79,304,345,326,87,20,203,84,21,41,29,51,11,274,283,46,56,,,117,112,,,21,140,126,264,15,15,197,38,243,24,103,127,155,155,188,271,350,63,238,14,29,288,43,,104,,,20,198,239,240,189,267,289,146,136,120,219,95,111,103,248,102,60,223,176,162,158,219,66,120,93,38,20,56,326,35,84,100,41,283,296,207,13,15,175,210,,,108,45,,,21,216,8,153,17,191,229,241,259,304,134,108,109,95,98,217,141,30,49,29,103,301,13,164,,103,,,b'\x11\xe8\xe1I\xc8y0\xfa\xaf\x82\x12\xdf\x17\xaeN\x1e'
11E8E149-C879-30FA-AF82-12DF17AE4E1E,2024-ncaa-d1-ncaatournament,ncaa,9,3,9,9,10,9,11,14,18,13,14,16,7,8,23,21,7,7,26,9,18,13,13,15,12,5,21,24,26,17,38,11,28,13,25,8,6,45,11,2,15,46,6,5,,,51,13,,,8,13,25,5,7,12,29,25,41,13,16,12,17,19,21,30,42,12,23,3,13,38,4,,13,,,5,57,59,60,14,54,58,17,63,62,28,47,42,39,53,39,9,59,58,18,11,23,39,55,17,57,28,57,38,57,25,61,35,18,54,42,37,5,63,60,,,8,9,,,8,55,5,22,5,26,32,60,21,46,45,54,14,11,12,52,42,40,26,30,37,52,5,54,,11,,,b'\x11\xe8\xe1I\xc8y0\xfa\xaf\x82\x12\xdf\x17\xaeN\x1e'
11E8E149-C879-30FA-AF82-12DF17AE4E1E,2025-ncaa-d0-natl,genius_ncaa,96,113,54,109,71,69,83,153,30,131,231,41,37,81,18,78,77,154,11,155,96,152,162,22,17,25,67,69,191,352,353,57,13,193,181,33,15,120,130,32,236,275,78,114,,,293,271,,346,85,99,208,232,84,105,283,193,308,46,107,117,214,218,284,315,356,85,298,27,79,282,94,,221,,343,87,252,278,271,201,305,307,166,164,139,211,76,173,193,107,186,95,268,239,178,152,208,67,106,116,45,13,236,353,165,181,244,177,222,269,267,57,59,217,264,,,81,45,,71,85,271,72,149,85,155,196,180,250,268,97,72,124,131,130,154,89,15,136,63,188,291,30,159,,123,,90,b'\x11\xe8\xe1I\xc8y0\xfa\xaf\x82\x12\xdf\x17\xaeN\x1e'
11E8E149-C879-30FA-AF82-12DF17AE4E1E,2025-ncaa-d1-conf-Big Ten,genius_ncaa,8,8,4,10,6,10,10,14,3,15,17,4,2,4,2,1,12,15,2,15,9,14,14,3,2,2,1,1,14,18,18,5,2,14,13,4,3,7,12,3,11,12,5,8,,,16,18,,17,6,9,13,12,11,13,18,17,18,1,2,14,16,16,17,18,18,7,16,5,6,14,7,,16,,17,6,6,7,8,5,13,13,6,2,3,3,3,12,13,6,13,10,10,9,4,4,8,2,1,15,3,2,12,18,9,13,5,7,11,11,9,5,7,3,13,,,13,10,,3,6,10,11,5,5,4,5,3,8,11,1,1,11,11,11,4,2,1,10,5,5,13,4,4,,14,,5,b'\x11\xe8\xe1I\xc8y0\xfa\xaf\x82\x12\xdf\x17\xaeN\x1e'
11E8E149-C879-30FA-AF82-12DF17AE4E1E,2025-ncaa-d1-natl,genius_ncaa,107,113,72,115,88,86,96,185,32,161,260,45,45,97,19,78,93,174,8,174,93,189,211,24,17,28,68,68,186,354,353,73,14,230,191,39,15,105,135,35,273,286,81,119,,,278,275,,343,98,126,212,228,89,112,294,211,313,50,112,117,215,217,299,321,357,89,306,29,80,295,99,,226,,345,100,229,266,251,214,297,300,176,147,111,217,75,158,176,110,169,98,248,214,193,170,224,66,106,116,32,14,212,353,134,191,232,181,257,283,283,48,63,209,271,,,96,40,,77,98,249,75,169,99,168,216,181,259,271,104,71,127,134,132,160,86,16,140,66,199,304,34,169,,117,,85,b'\x11\xe8\xe1I\xc8y0\xfa\xaf\x82\x12\xdf\x17\xaeN\x1e'
11E8E149-C879-30FA-AF82-12DF17AE4E1E,2025-ncaa-d1-ncaatournament,genius_ncaa,17,2,17,17,20,30,25,35,5,25,35,3,24,27,31,26,33,34,17,34,41,35,36,6,5,8,48,35,50,68,68,25,9,36,44,19,3,38,43,14,32,43,47,56,,,37,42,,44,28,33,53,7,36,27,64,25,55,31,44,46,54,49,64,68,68,23,62,10,29,49,60,,26,,43,28,36,40,39,37,38,37,46,43,42,30,49,32,34,13,34,40,39,35,35,35,34,37,46,22,24,9,44,68,36,44,44,47,30,40,43,23,19,40,57,,,36,55,,22,28,35,25,30,27,19,25,21,21,9,36,44,16,27,27,21,11,11,27,13,37,49,11,44,,64,,36,b'\x11\xe8\xe1I\xc8y0\xfa\xaf\x82\x12\xdf\x17\xaeN\x1e'
11E8E149-C879-30FA-AF82-12DF17AE4E1E,2026-ncaa-d0-natl,genius_ncaa,17,39,9,38,20,24,24,55,17,29,56,26,44,82,24,200,49,89,27,84,190,56,61,16,14,18,211,161,248,218,283,34,139,76,144,69,314,234,90,101,201,315,248,341,,,358,314,,312,49,35,195,97,45,36,216,49,185,93,209,131,207,198,207,304,338,96,235,143,63,322,320,,291,,244,57,322,335,346,129,354,358,128,138,222,55,35,295,286,204,286,76,349,333,89,87,155,22,27,174,309,139,260,283,290,144,266,54,143,302,204,221,106,229,128,,,40,112,,57,49,332,35,148,56,144,199,254,276,337,35,57,162,147,154,249,153,174,60,76,90,301,83,123,,169,,137,b'\x11\xe8\xe1I\xc8y0\xfa\xaf\x82\x12\xdf\x17\xaeN\x1e'
11E8E149-C879-30FA-AF82-12DF17AE4E1E,2026-ncaa-d1-conf-Big Ten,genius_ncaa,10,10,1,10,3,15,16,18,14,16,18,13,6,9,8,5,7,14,1,12,9,18,17,12,12,13,2,3,4,18,18,11,8,14,15,14,7,17,17,16,12,12,14,17,,,4,4,,9,15,12,11,3,15,16,18,16,18,6,9,7,14,12,18,17,18,11,14,14,17,12,14,,4,,9,15,9,16,16,14,18,17,15,3,3,7,3,2,2,16,2,2,11,10,13,13,13,1,5,2,6,8,12,18,12,15,15,13,10,13,15,11,16,2,5,,,17,17,,15,15,8,15,12,15,9,16,16,18,17,3,3,2,2,2,11,10,6,12,12,15,10,11,2,,17,,15,b'\x11\xe8\xe1I\xc8y0\xfa\xaf\x82\x12\xdf\x17\xaeN\x1e'
11E8E149-C879-30FA-AF82-12DF17AE4E1E,2026-ncaa-d1-natl,genius_ncaa,18,39,13,39,35,30,29,79,18,34,85,30,58,121,26,196,77,129,23,117,187,83,98,17,14,20,191,161,232,293,310,44,156,112,174,97,326,183,103,123,276,339,289,343,,,354,320,,301,76,59,213,100,60,49,244,67,203,108,221,137,218,206,243,315,348,114,275,182,69,342,328,,299,,256,90,308,327,337,170,349,358,157,97,173,66,30,269,260,209,261,82,340,307,116,114,205,18,24,162,278,156,218,310,252,174,243,61,211,317,255,175,112,208,149,,,65,94,,76,76,309,44,198,86,178,230,263,303,343,36,55,172,150,159,263,143,184,62,90,112,315,81,137,,168,,130,b'\x11\xe8\xe1I\xc8y0\xfa\xaf\x82\x12\xdf\x17\xaeN\x1e'
11E8E149-C87D-D8DA-AF82-12DF17AE4E1E,2010-ncaa-d0-natl,ncaa,125,114,122,125,167,152,212,218,198,251,275,180,81,74,137,58,44,81,20,83,17,186,201,155,95,97,25,75,22,288,303,103,20,182,147,223,215,105,135,190,145,129,179,125,,,194,242,,,134,170,195,283,146,252,265,287,303,77,67,27,83,85,226,262,312,79,214,243,91,155,197,,182,,,130,158,90,159,69,21,23,114,331,334,159,342,216,167,318,164,294,162,140,145,182,217,345,338,236,34,20,219,303,127,147,176,262,252,247,250,127,155,202,280,,,72,23,,,134,172,133,161,136,143,68,125,14,8,331,340,208,166,163,126,71,19,218,97,164,277,125,194,,64,,,b'\x11\xe8\xe1I\xc8}\xd8\xda\xaf\x82\x12\xdf\x17\xaeN\x1e'
11E8E149-C87D-D8DA-AF82-12DF17AE4E1E,2010-ncaa-d1-conf-MVC,ncaa,7,7,3,7,6,7,9,7,8,9,8,8,3,3,7,3,4,4,4,4,3,5,6,8,8,7,2,4,2,10,10,5,3,6,7,9,7,5,6,7,4,3,6,4,,,7,6,,,7,2,4,7,8,9,6,9,8,5,3,2,4,4,5,7,10,5,8,9,5,4,7,,6,,,7,4,4,4,4,2,1,4,10,10,5,10,7,7,6,7,10,2,4,5,4,5,10,10,5,2,3,9,10,8,7,6,7,6,5,4,6,6,9,9,,,4,4,,,7,6,8,5,7,5,4,4,2,1,10,10,6,7,6,3,4,3,8,8,4,7,5,8,,4,,,b'\x11\xe8\xe1I\xc8}\xd8\xda\xaf\x82\x12\xdf\x17\xaeN\x1e'
11E8E149-C87D-D8DA-AF82-12DF17AE4E1E,2010-ncaa-d1-natl,ncaa,132,114,134,133,181,163,232,232,202,272,299,184,87,78,140,57,48,87,20,90,17,202,224,159,96,99,23,75,20,304,307,113,21,196,153,235,218,91,135,191,158,135,187,127,,,180,239,,,141,191,196,285,154,259,267,293,306,79,68,28,84,87,230,262,312,82,215,250,93,167,198,,179,,,136,143,76,143,71,14,15,119,329,333,161,343,204,157,319,153,293,143,120,149,185,226,345,338,234,27,21,202,307,108,153,168,263,270,251,258,118,158,193,283,,,82,22,,,141,149,138,172,143,150,69,126,14,11,333,339,212,168,166,128,70,20,221,99,173,279,124,197,,63,,,b'\x11\xe8\xe1I\xc8}\xd8\xda\xaf\x82\x12\xdf\x17\xaeN\x1e'
11E8E149-C87D-D8DA-AF82-12DF17AE4E1E,2011-ncaa-d0-natl,ncaa,153,175,77,165,99,97,183,179,187,248,277,186,50,43,101,46,14,22,46,23,1,125,139,134,77,74,6,64,8,228,274,30,113,85,151,82,19,140,125,83,263,296,73,91,,,189,135,,,143,112,181,213,118,248,267,300,314,51,54,12,20,21,203,241,273,19,98,95,104,290,77,,139,,,144,250,215,301,36,177,272,45,253,305,72,256,259,212,309,212,164,303,253,43,65,195,263,228,219,256,113,250,274,270,151,256,248,312,341,323,215,211,252,305,,,41,15,,,143,236,106,216,144,184,155,295,129,230,245,289,227,189,185,293,183,225,186,210,209,335,179,218,,34,,,b'\x11\xe8\xe1I\xc8}\xd8\xda\xaf\x82\x12\xdf\x17\xaeN\x1e'
11E8E149-C87D-D8DA-AF82-12DF17AE4E1E,2011-ncaa-d1-conf-MVC,ncaa,6,7,1,6,1,3,6,3,7,8,7,8,2,2,1,4,1,1,3,1,1,3,3,5,2,3,1,1,1,5,8,1,5,2,7,2,3,6,6,4,9,9,3,5,,,6,3,,,6,3,6,5,3,8,9,8,9,2,3,1,1,1,5,7,8,1,3,3,6,9,4,,4,,,6,9,10,10,2,8,10,2,7,8,3,7,8,7,9,6,5,10,9,2,2,6,6,7,5,9,5,10,8,10,7,8,6,10,10,10,6,6,6,9,,,1,2,,,6,9,4,7,6,7,6,10,7,9,7,7,7,6,6,9,7,9,7,9,6,10,6,5,,1,,,b'\x11\xe8\xe1I\xc8}\xd8\xda\xaf\x82\x12\xdf\x17\xaeN\x1e'
11E8E149-C87D-D8DA-AF82-12DF17AE4E1E,2011-ncaa-d1-natl,ncaa,159,172,95,172,115,109,205,203,193,273,295,193,58,51,102,47,14,25,45,26,1,145,163,139,81,74,6,64,8,249,276,34,113,100,160,94,19,125,129,84,280,304,75,94,,,171,137,,,150,132,183,208,125,249,269,303,316,53,54,12,19,21,205,244,278,20,101,103,103,294,78,,136,,,150,234,197,296,40,166,261,48,247,300,73,256,247,202,313,203,163,298,233,47,69,201,263,227,218,248,113,231,276,256,160,249,246,324,341,325,202,212,245,309,,,45,13,,,150,216,109,220,152,190,159,298,135,231,245,289,229,192,188,295,181,230,190,212,210,336,183,222,,35,,,b'\x11\xe8\xe1I\xc8}\xd8\xda\xaf\x82\x12\xdf\x17\xaeN\x1e'
11E8E149-C87D-D8DA-AF82-12DF17AE4E1E,2012-ncaa-d0-natl,ncaa,161,174,120,169,154,180,231,272,152,297,316,169,57,89,37,48,87,105,90,107,10,253,227,82,57,116,14,35,47,272,264,170,134,224,195,158,47,219,269,186,211,196,145,121,,,244,292,,,209,205,246,262,194,282,327,325,326,53,87,85,110,109,305,293,295,204,272,162,205,225,143,,246,,,207,208,188,157,233,177,113,258,221,227,198,238,221,241,108,244,282,178,141,243,245,274,230,216,207,133,134,122,264,120,195,208,193,256,265,268,255,292,193,303,,,116,40,,,209,145,151,262,203,202,190,115,166,84,214,217,216,237,236,142,85,124,109,103,205,287,243,187,,130,,,b'\x11\xe8\xe1I\xc8}\xd8\xda\xaf\x82\x12\xdf\x17\xaeN\x1e'
11E8E149-C87D-D8DA-AF82-12DF17AE4E1E,2012-ncaa-d1-conf-MVC,ncaa,6,5,6,6,8,7,8,10,6,10,9,8,2,5,1,4,4,5,3,5,2,9,9,3,2,4,1,1,1,7,4,8,6,7,5,5,2,7,7,6,6,4,8,8,,,7,8,,,6,9,6,5,5,8,9,10,9,1,5,3,3,3,7,6,6,7,6,3,7,4,8,,7,,,6,3,4,2,5,3,1,8,4,6,3,7,6,6,6,6,7,3,2,6,5,5,7,6,6,5,6,2,4,3,5,4,7,8,7,7,5,7,6,9,,,5,2,,,6,2,5,6,6,5,5,4,5,4,4,7,6,6,6,5,5,6,4,4,6,7,7,7,,3,,,b'\x11\xe8\xe1I\xc8}\xd8\xda\xaf\x82\x12\xdf\x17\xaeN\x1e'
11E8E149-C87D-D8DA-AF82-12DF17AE4E1E,2012-ncaa-d1-natl,ncaa,174,173,137,180,181,200,256,296,158,316,325,179,62,93,40,48,95,114,89,116,7,280,261,87,62,115,12,35,42,295,269,192,140,256,201,180,49,198,274,194,229,206,151,126,,,234,292,,,222,238,249,262,199,289,331,325,327,56,88,81,112,109,307,294,296,213,276,171,207,230,144,,246,,,221,193,180,127,241,163,90,259,212,215,201,236,207,227,112,230,282,146,107,248,249,278,231,215,210,122,140,104,269,98,201,196,193,274,270,274,244,294,180,308,,,139,36,,,222,109,155,264,214,208,195,117,170,85,213,216,215,239,238,146,85,129,112,106,213,288,248,190,,132,,,b'\x11\xe8\xe1I\xc8}\xd8\xda\xaf\x82\x12\xdf\x17\xaeN\x1e'
11E8E149-C87D-D8DA-AF82-12DF17AE4E1E,2013-ncaa-d0-natl,ncaa,113,105,120,113,152,197,225,236,192,161,151,219,295,299,245,297,48,33,230,31,37,192,189,242,207,204,223,303,13,162,149,189,18,175,75,164,82,167,178,159,82,37,248,182,,,267,324,,,108,198,244,195,239,263,284,181,152,302,308,35,21,20,227,240,176,220,206,180,158,75,256,,277,,,109,44,27,27,137,19,13,168,174,189,150,276,195,206,151,211,322,36,89,166,198,74,311,261,279,8,18,138,149,42,75,108,283,79,23,63,93,105,289,270,,,47,11,,,108,149,189,45,109,44,22,6,16,7,169,183,196,198,206,8,37,4,135,37,107,73,91,286,,24,,,b'\x11\xe8\xe1I\xc8}\xd8\xda\xaf\x82\x12\xdf\x17\xaeN\x1e'
11E8E149-C87D-D8DA-AF82-12DF17AE4E1E,2013-ncaa-d1-conf-MVC,ncaa,5,4,7,5,9,10,9,9,9,6,6,9,10,10,10,10,2,2,7,2,4,9,7,10,9,9,8,10,1,3,3,9,1,6,3,9,3,5,7,6,6,3,9,6,,,7,10,,,6,9,6,8,10,9,9,5,5,10,10,2,2,2,6,6,2,7,3,9,5,4,9,,8,,,6,1,1,1,5,1,1,6,3,5,2,7,6,6,7,6,10,1,1,5,6,3,8,7,9,1,1,3,3,2,3,4,7,4,1,2,2,4,5,5,,,2,2,,,6,2,9,1,6,3,1,1,1,1,7,6,6,6,6,1,3,1,5,3,5,2,5,5,,1,,,b'\x11\xe8\xe1I\xc8}\xd8\xda\xaf\x82\x12\xdf\x17\xaeN\x1e'
11E8E149-C87D-D8DA-AF82-12DF17AE4E1E,2013-ncaa-d1-natl,ncaa,121,104,136,117,178,221,247,258,198,181,167,222,296,305,245,297,53,37,229,34,39,214,217,247,212,206,219,303,12,182,154,207,19,197,81,176,81,148,179,166,93,39,255,185,,,259,325,,,115,230,247,189,245,267,289,189,156,304,310,35,22,21,229,241,176,225,211,183,158,85,261,,278,,,117,34,18,12,146,14,10,170,162,181,157,273,190,192,155,196,322,19,60,169,206,81,310,260,283,5,19,120,154,27,81,96,285,95,28,68,84,109,285,277,,,57,11,,,115,118,192,52,115,47,24,6,19,7,173,184,200,200,206,8,37,5,137,37,113,80,90,286,,24,,,b'\x11\xe8\xe1I\xc8}\xd8\xda\xaf\x82\x12\xdf\x17\xaeN\x1e'
11E8E149-C87D-D8DA-AF82-12DF17AE4E1E,2014-ncaa-d0-natl,ncaa,89,88,85,95,123,160,163,127,227,161,113,268,171,184,96,208,164,133,252,131,192,124,120,224,231,231,161,166,166,82,94,164,27,112,70,137,116,219,187,165,58,33,189,172,,,259,303,,,90,144,217,270,212,214,179,201,150,183,206,205,168,168,182,189,102,225,150,165,175,66,215,,225,,,88,68,70,65,156,127,107,217,31,83,20,107,195,213,84,232,278,87,155,128,135,55,98,48,276,19,27,205,94,110,70,83,153,66,29,33,190,166,177,138,,,125,157,,,90,201,193,32,92,39,36,11,95,31,22,52,169,185,195,15,44,8,160,50,57,71,163,149,,175,,,b'\x11\xe8\xe1I\xc8}\xd8\xda\xaf\x82\x12\xdf\x17\xaeN\x1e'
11E8E149-C87D-D8DA-AF82-12DF17AE4E1E,2014-ncaa-d1-conf-MVC,ncaa,2,2,3,2,4,5,4,4,4,4,4,6,4,5,2,4,6,6,6,6,8,5,5,4,5,4,6,4,8,2,2,4,1,2,1,4,4,7,5,5,4,3,4,3,,,9,9,,,2,5,8,6,6,4,5,4,5,4,4,7,7,7,4,4,2,5,2,4,6,3,4,,8,,,2,1,1,1,3,2,2,4,1,3,2,4,7,6,5,6,9,1,2,1,3,2,6,3,10,1,1,2,2,1,1,2,6,3,2,2,3,2,2,1,,,7,7,,,2,4,4,1,2,1,1,2,3,2,1,1,6,6,6,2,1,1,2,1,3,3,3,2,,7,,,b'\x11\xe8\xe1I\xc8}\xd8\xda\xaf\x82\x12\xdf\x17\xaeN\x1e'
11E8E149-C87D-D8DA-AF82-12DF17AE4E1E,2014-ncaa-d1-natl,ncaa,93,88,100,96,139,178,184,146,235,181,133,274,175,193,100,207,183,148,253,148,192,146,142,230,233,233,160,166,164,95,96,193,27,130,72,153,116,205,190,171,65,39,199,173,,,242,304,,,96,170,219,273,218,220,183,206,152,186,209,209,170,173,184,190,106,230,158,177,177,75,218,,223,,,94,55,56,43,166,116,79,222,27,75,22,107,186,202,85,210,278,61,119,133,138,61,96,45,275,15,27,188,96,83,72,72,152,78,33,36,180,163,165,143,,,147,157,,,96,171,199,34,96,40,37,12,99,31,22,52,175,190,200,16,44,8,161,51,61,77,164,154,,178,,,b'\x11\xe8\xe1I\xc8}\xd8\xda\xaf\x82\x12\xdf\x17\xaeN\x1e'
11E8E149-C87D-D8DA-AF82-12DF17AE4E1E,2015-ncaa-d0-natl,ncaa,151,103,243,135,249,254,242,194,272,198,162,256,235,205,291,203,233,169,307,169,190,190,199,281,290,268,228,214,164,142,168,247,104,205,181,250,231,125,161,223,74,45,122,66,,,203,274,,,153,230,142,54,228,214,105,167,107,232,182,199,129,128,104,105,92,212,139,233,186,47,105,,263,,,154,41,16,22,102,29,26,136,73,92,96,180,267,254,268,252,329,31,93,111,177,64,301,130,336,45,104,208,168,128,181,15,45,62,16,6,144,169,155,161,,,233,229,,,153,121,262,44,152,83,26,23,36,34,96,118,306,292,293,40,175,69,283,218,26,22,193,187,,175,,,b'\x11\xe8\xe1I\xc8}\xd8\xda\xaf\x82\x12\xdf\x17\xaeN\x1e'
11E8E149-C87D-D8DA-AF82-12DF17AE4E1E,2015-ncaa-d1-conf-MVC,ncaa,7,6,6,7,8,8,8,6,9,6,4,9,6,6,7,7,9,4,10,4,7,6,5,8,9,7,7,7,6,2,4,10,9,8,6,8,8,5,6,7,3,3,6,4,,,7,8,,,6,8,5,6,7,6,3,6,3,6,6,7,3,3,3,3,2,10,6,8,5,3,5,,8,,,6,2,2,1,6,3,2,5,3,3,4,3,9,8,10,8,9,1,3,5,7,3,7,3,9,4,9,6,4,6,6,1,3,3,2,2,5,6,3,3,,,7,8,,,6,3,7,2,6,3,2,2,3,2,3,3,9,8,8,2,6,4,7,7,3,1,5,4,,6,,,b'\x11\xe8\xe1I\xc8}\xd8\xda\xaf\x82\x12\xdf\x17\xaeN\x1e'
11E8E149-C87D-D8DA-AF82-12DF17AE4E1E,2015-ncaa-d1-natl,ncaa,142,103,209,131,216,253,238,197,274,201,161,259,232,200,282,200,224,164,310,163,181,192,191,279,290,274,220,210,162,136,175,268,112,218,198,251,225,139,167,224,77,45,122,67,,,215,278,,,156,223,159,53,235,221,125,176,118,227,182,201,127,126,115,116,104,239,166,240,190,50,106,,260,,,155,40,14,13,117,21,17,127,86,92,141,185,275,257,264,252,333,23,97,127,200,64,309,154,336,41,112,234,175,147,198,12,45,41,10,5,157,176,162,162,,,210,205,,,156,130,264,42,157,78,24,14,27,21,112,120,303,290,288,28,153,63,279,211,24,19,192,191,,161,,,b'\x11\xe8\xe1I\xc8}\xd8\xda\xaf\x82\x12\xdf\x17\xaeN\x1e'
11E8E149-C87D-D8DA-AF82-12DF17AE4E1E,2016-ncaa-d0-natl,ncaa,196,204,175,209,209,255,253,207,297,280,269,271,139,96,271,64,277,247,302,230,147,225,226,277,291,273,103,78,233,173,227,143,91,152,165,278,260,157,195,263,160,132,91,65,,,133,176,,,186,233,219,198,281,277,194,292,269,131,76,279,250,238,218,222,173,96,128,284,185,155,83,,150,,,186,58,35,82,39,41,109,36,94,105,112,137,247,239,202,230,273,105,116,40,66,70,275,158,322,93,91,258,227,197,165,13,21,149,116,29,268,285,68,123,,,264,271,,,186,130,273,61,182,68,41,80,44,115,106,114,262,259,253,106,125,115,285,228,20,134,267,84,,285,,,b'\x11\xe8\xe1I\xc8}\xd8\xda\xaf\x82\x12\xdf\x17\xaeN\x1e'
11E8E149-C87D-D8DA-AF82-12DF17AE4E1E,2016-ncaa-d1-conf-MVC,ncaa,6,6,7,6,10,6,6,5,8,8,10,6,6,5,8,2,8,8,9,7,7,7,7,7,8,7,4,3,7,4,4,6,4,4,4,6,3,6,7,6,7,7,4,2,,,5,6,,,6,9,5,8,6,6,4,6,8,5,2,8,6,6,6,5,3,3,4,6,6,7,3,,6,,,6,1,1,2,2,1,2,2,4,3,7,4,9,9,5,9,9,3,2,2,3,2,8,6,10,3,4,6,4,4,4,2,4,7,5,3,6,7,2,4,,,7,8,,,6,2,6,2,6,2,1,2,1,3,4,5,9,9,9,5,4,4,7,6,2,6,8,2,,7,,,b'\x11\xe8\xe1I\xc8}\xd8\xda\xaf\x82\x12\xdf\x17\xaeN\x1e'
11E8E149-C87D-D8DA-AF82-12DF17AE4E1E,2016-ncaa-d1-natl,ncaa,216,204,218,220,260,287,291,242,301,306,292,278,149,103,270,64,291,267,300,257,146,252,264,282,293,283,100,78,228,202,236,170,100,188,177,302,261,128,198,269,185,143,103,69,,,106,181,,,197,279,219,181,292,286,204,305,271,134,75,278,252,241,224,230,179,102,133,296,183,164,86,,153,,,198,30,18,46,41,27,78,42,83,77,120,133,234,223,211,214,275,63,73,44,77,80,273,154,323,78,100,239,236,168,177,10,22,180,121,36,244,286,63,135,,,292,269,,,197,89,278,70,193,77,45,81,48,116,107,111,268,266,252,112,122,116,290,233,21,141,274,85,,287,,,b'\x11\xe8\xe1I\xc8}\xd8\xda\xaf\x82\x12\xdf\x17\xaeN\x1e'
11E8E149-C87D-D8DA-AF82-12DF17AE4E1E,2017-ncaa-d0-natl,ncaa,217,229,168,225,184,302,291,255,307,281,280,271,219,158,319,102,301,274,304,266,179,259,238,303,311,313,166,146,225,211,226,125,105,160,161,327,316,238,287,323,99,69,106,75,,,168,222,,,217,252,273,109,319,311,281,298,285,215,141,308,272,269,282,261,206,87,130,333,263,91,96,,183,,,218,28,12,104,14,11,97,11,119,165,84,216,181,170,236,167,214,98,105,13,23,25,298,234,287,138,105,199,226,182,161,41,179,191,157,81,258,290,74,141,,,283,278,,,217,100,312,36,217,31,12,89,11,87,131,182,188,177,177,90,85,159,212,204,50,184,266,88,,302,,,b'\x11\xe8\xe1I\xc8}\xd8\xda\xaf\x82\x12\xdf\x17\xaeN\x1e'
11E8E149-C87D-D8DA-AF82-12DF17AE4E1E,2017-ncaa-d1-conf-MVC,ncaa,8,8,7,8,7,9,9,9,8,9,9,8,7,7,10,5,8,8,8,8,7,9,8,8,8,8,7,6,6,7,7,6,4,6,6,8,8,8,9,8,4,4,7,5,,,7,8,,,6,8,8,3,9,8,8,7,8,6,6,8,8,8,8,7,7,4,5,8,8,3,5,,8,,,6,1,1,1,1,1,2,1,2,2,5,5,8,8,10,8,9,1,1,1,1,2,10,6,10,3,4,4,7,3,6,1,5,4,4,2,7,8,1,4,,,8,6,,,6,3,8,2,6,2,1,2,1,3,2,2,10,8,8,2,2,5,9,7,2,4,8,1,,7,,,b'\x11\xe8\xe1I\xc8}\xd8\xda\xaf\x82\x12\xdf\x17\xaeN\x1e'
11E8E149-C87D-D8DA-AF82-12DF17AE4E1E,2017-ncaa-d1-natl,ncaa,236,229,217,237,244,321,318,302,311,311,304,275,235,171,318,102,314,294,301,286,187,303,291,308,315,316,164,146,219,235,235,154,114,195,174,339,321,222,292,326,125,75,114,78,,,139,226,,,230,303,278,101,327,318,292,310,288,213,141,313,278,272,294,268,215,90,137,336,264,100,100,,185,,,231,10,7,58,15,5,66,12,100,138,92,214,158,148,238,143,215,49,45,17,28,33,296,234,284,113,114,165,235,139,174,31,182,216,164,92,239,294,67,148,,,312,280,,,230,47,317,42,231,36,16,89,14,89,132,180,194,181,181,91,86,161,217,211,56,192,267,93,,304,,,b'\x11\xe8\xe1I\xc8}\xd8\xda\xaf\x82\x12\xdf\x17\xaeN\x1e'
11E8E149-C87D-D8DA-AF82-12DF17AE4E1E,2018-ncaa-d0-natl,ncaa,245,244,242,249,284,291,288,217,328,303,282,300,171,100,300,65,284,279,250,276,202,233,270,313,317,285,93,89,199,276,310,302,212,300,323,280,203,63,126,212,86,51,112,93,,,118,196,,,245,255,164,270,296,295,148,299,255,144,65,278,261,256,176,219,252,289,299,273,103,56,88,,181,,,247,78,67,44,204,98,116,109,70,23,324,43,223,200,276,202,238,48,72,184,230,149,190,109,283,78,212,294,310,238,323,33,63,138,77,52,94,154,92,163,,,298,278,,,245,82,299,146,254,137,116,63,148,182,104,35,256,236,241,75,127,125,335,300,68,88,140,115,,286,,,b'\x11\xe8\xe1I\xc8}\xd8\xda\xaf\x82\x12\xdf\x17\xaeN\x1e'
11E8E149-C87D-D8DA-AF82-12DF17AE4E1E,2018-ncaa-d1-conf-MVC,ncaa,5,5,7,5,7,7,7,7,7,7,7,6,5,4,10,4,8,8,6,8,6,7,7,7,10,6,6,4,5,8,8,10,8,8,9,6,6,2,3,6,2,1,2,4,,,6,5,,,7,7,3,5,7,6,3,6,6,4,4,8,8,7,3,4,6,9,8,6,3,1,1,,8,,,7,3,3,2,8,8,7,7,2,1,6,1,8,9,5,9,8,2,3,5,5,5,1,1,9,6,8,10,8,8,9,2,1,2,2,2,3,3,2,4,,,8,8,,,7,4,7,5,6,6,4,4,8,9,2,1,9,9,9,5,7,7,10,9,3,2,3,3,,8,,,b'\x11\xe8\xe1I\xc8}\xd8\xda\xaf\x82\x12\xdf\x17\xaeN\x1e'
11E8E149-C87D-D8DA-AF82-12DF17AE4E1E,2018-ncaa-d1-natl,ncaa,247,243,213,248,291,287,287,210,328,301,274,310,161,92,294,68,287,276,252,274,201,234,270,312,315,285,90,87,208,268,308,301,220,307,329,276,203,60,113,204,71,44,118,95,,,142,209,,,244,254,158,270,287,291,140,300,246,138,68,282,260,252,175,223,249,290,299,274,98,51,91,,194,,,244,76,58,34,197,91,131,114,59,15,327,32,243,214,279,219,243,40,71,177,222,148,180,88,290,89,220,309,308,266,329,32,66,124,69,48,94,139,84,159,,,294,278,,,244,83,296,135,248,134,108,63,148,189,90,24,272,248,251,74,132,132,336,306,66,76,131,118,,282,,,b'\x11\xe8\xe1I\xc8}\xd8\xda\xaf\x82\x12\xdf\x17\xaeN\x1e'
11E8E149-C87D-D8DA-AF82-12DF17AE4E1E,2019-ncaa-d0-natl,ncaa,253,245,249,257,251,239,269,257,263,268,216,305,195,235,94,218,137,148,159,143,102,247,223,244,225,250,93,167,56,233,225,330,104,315,244,293,278,248,263,300,70,34,278,253,,,321,346,,,245,220,113,39,209,256,219,266,161,172,213,88,106,99,186,129,200,339,317,284,273,40,274,,341,,,246,147,132,16,347,149,40,331,101,25,346,75,248,257,161,246,318,19,66,343,346,278,178,108,267,5,104,144,225,47,244,197,261,46,10,68,215,234,256,269,,,201,152,,,245,124,253,206,250,231,208,13,219,49,132,28,282,287,284,24,127,9,228,99,251,23,248,291,,131,,,b'\x11\xe8\xe1I\xc8}\xd8\xda\xaf\x82\x12\xdf\x17\xaeN\x1e'
11E8E149-C87D-D8DA-AF82-12DF17AE4E1E,2019-ncaa-d1-conf-MVC,ncaa,8,8,7,8,8,8,8,5,7,6,2,9,8,8,5,9,7,5,7,5,8,4,5,8,9,9,6,8,4,4,4,10,8,8,8,8,7,5,5,8,3,3,9,8,,,10,10,,,7,8,6,2,7,7,4,5,2,8,8,6,5,5,4,4,3,10,8,8,8,3,9,,10,,,7,5,4,1,9,5,1,8,3,1,10,2,8,7,8,7,9,1,2,9,10,8,5,4,8,1,8,6,4,3,8,7,9,3,1,5,4,3,6,5,,,8,8,,,7,3,8,8,7,7,6,1,6,3,3,1,8,7,7,1,3,3,6,6,8,1,5,7,,7,,,b'\x11\xe8\xe1I\xc8}\xd8\xda\xaf\x82\x12\xdf\x17\xaeN\x1e'
11E8E149-C87D-D8DA-AF82-12DF17AE4E1E,2019-ncaa-d1-natl,ncaa,252,245,233,254,239,247,272,262,270,280,214,306,182,234,84,216,137,147,149,147,99,249,222,248,228,251,87,154,53,226,216,342,122,324,244,293,267,243,256,296,71,35,294,269,,,317,348,,,239,219,125,36,213,260,216,270,163,166,209,87,104,101,183,129,192,341,323,285,267,44,290,,338,,,238,143,118,7,346,150,33,332,92,16,346,60,257,258,155,250,314,8,66,343,346,275,169,97,268,4,122,159,216,45,244,194,255,52,12,71,226,240,264,276,,,201,143,,,239,120,255,209,247,221,191,11,221,50,118,25,282,284,281,24,121,10,229,100,240,28,251,295,,132,,,b'\x11\xe8\xe1I\xc8}\xd8\xda\xaf\x82\x12\xdf\x17\xaeN\x1e'
11E8E149-C87D-D8DA-AF82-12DF17AE4E1E,2020-ncaa-d0-natl,ncaa,322,329,87,324,187,236,226,208,239,170,126,241,278,267,298,273,149,55,331,56,110,183,155,276,279,275,267,281,86,147,175,266,236,221,246,304,315,254,236,302,94,96,177,158,,,349,349,,,318,165,162,341,264,256,255,185,145,294,283,166,77,78,215,178,159,304,263,315,233,103,191,,344,,,316,308,246,109,326,244,102,327,216,180,243,175,350,350,104,350,349,201,200,325,337,327,259,123,328,185,236,251,175,230,246,305,296,157,167,260,198,170,311,289,,,164,174,,,318,195,274,317,313,300,233,68,221,62,199,166,345,344,344,167,167,166,220,206,290,181,182,309,,184,,,b'\x11\xe8\xe1I\xc8}\xd8\xda\xaf\x82\x12\xdf\x17\xaeN\x1e'
11E8E149-C87D-D8DA-AF82-12DF17AE4E1E,2020-ncaa-d1-conf-MVC,ncaa,9,9,1,9,7,9,9,7,9,7,2,10,10,10,8,9,8,7,8,7,8,6,5,10,9,9,10,10,6,5,5,8,8,8,8,10,10,7,7,10,5,4,8,8,,,9,10,,,9,7,6,7,9,9,7,7,2,10,10,8,7,7,6,5,5,8,8,10,7,5,8,,9,,,9,9,9,4,10,10,4,10,8,4,9,3,9,9,5,9,9,4,4,10,10,9,4,4,7,5,8,9,5,9,8,9,10,4,4,9,5,5,7,7,,,8,9,,,9,3,9,9,9,9,9,4,10,4,8,4,9,9,9,4,4,5,9,9,9,4,5,7,,8,,,b'\x11\xe8\xe1I\xc8}\xd8\xda\xaf\x82\x12\xdf\x17\xaeN\x1e'
11E8E149-C87D-D8DA-AF82-12DF17AE4E1E,2020-ncaa-d1-natl,ncaa,325,329,128,328,253,265,259,250,251,197,156,247,294,285,297,273,174,76,331,77,105,222,204,281,284,282,264,282,79,172,187,300,246,261,258,323,317,236,240,309,117,106,193,161,,,345,349,,,323,213,165,341,277,274,264,201,149,297,284,167,78,80,222,187,167,309,269,322,233,114,197,,344,,,323,289,232,74,327,227,73,329,204,164,255,171,349,347,106,346,349,162,147,328,339,331,260,118,329,171,246,219,187,200,258,299,296,192,180,271,175,177,309,296,,,198,172,,,323,144,286,324,321,302,246,68,230,64,198,165,345,344,344,170,165,172,226,209,299,190,185,312,,186,,,b'\x11\xe8\xe1I\xc8}\xd8\xda\xaf\x82\x12\xdf\x17\xaeN\x1e'
11E8E149-C87D-D8DA-AF82-12DF17AE4E1E,2021-ncaa-d0-natl,ncaa,265,276,219,286,224,222,222,194,266,206,157,281,231,229,224,250,215,201,250,197,227,198,217,265,280,248,233,227,173,163,160,250,174,228,228,222,193,89,107,163,173,116,240,215,,,179,289,,,320,230,151,57,210,187,85,147,62,234,233,193,156,145,92,103,86,264,195,200,136,116,230,,273,,,311,201,202,116,338,188,104,338,226,175,310,232,204,216,121,213,294,126,111,340,341,339,225,214,167,87,174,170,160,130,228,282,315,241,226,320,77,84,195,184,,,240,257,,,320,118,232,334,309,325,315,174,288,114,297,240,276,286,285,216,184,107,291,237,335,222,101,253,,221,,,b'\x11\xe8\xe1I\xc8}\xd8\xda\xaf\x82\x12\xdf\x17\xaeN\x1e'
11E8E149-C87D-D8DA-AF82-12DF17AE4E1E,2021-ncaa-d1-conf-MVC,ncaa,9,8,10,9,10,10,9,10,9,8,7,10,9,10,9,10,9,10,8,9,7,10,10,9,9,9,9,8,3,7,4,10,8,10,8,9,8,2,3,7,9,3,9,9,,,4,9,,,9,10,4,2,8,7,2,5,2,9,7,7,2,2,2,1,2,9,5,7,6,3,9,,10,,,9,4,4,2,10,4,1,10,6,5,9,6,2,4,4,3,9,2,1,10,10,10,5,5,3,4,8,3,4,3,8,9,9,10,8,9,2,2,3,3,,,10,10,,,9,1,9,10,9,10,10,7,10,8,9,7,10,10,10,8,8,7,10,8,10,6,2,9,,8,,,b'\x11\xe8\xe1I\xc8}\xd8\xda\xaf\x82\x12\xdf\x17\xaeN\x1e'
11E8E149-C87D-D8DA-AF82-12DF17AE4E1E,2021-ncaa-d1-natl,ncaa,277,275,231,294,233,231,235,216,271,225,172,285,238,240,224,250,225,216,251,212,230,217,234,273,286,253,233,227,170,177,166,259,177,242,237,231,197,82,111,166,189,122,247,220,,,163,292,,,322,240,155,51,217,190,90,157,65,236,233,193,160,150,95,106,87,268,202,210,136,120,233,,275,,,316,181,184,106,338,177,96,338,217,158,313,229,197,210,124,205,294,111,100,340,341,339,225,213,166,75,177,155,166,115,237,277,315,255,238,323,68,87,191,192,,,250,258,,,322,107,240,335,314,326,316,176,290,116,298,242,280,289,291,216,182,109,293,234,336,230,102,257,,222,,,b'\x11\xe8\xe1I\xc8}\xd8\xda\xaf\x82\x12\xdf\x17\xaeN\x1e'
11E8E149-C87D-D8DA-AF82-12DF17AE4E1E,2022-ncaa-d0-natl,ncaa,254,288,112,269,148,153,116,149,81,68,63,138,281,304,129,326,225,232,174,235,325,164,133,135,152,181,334,308,265,109,68,287,213,228,150,186,285,283,249,234,44,24,308,292,,,341,352,,,240,158,213,275,190,115,200,46,54,298,329,257,261,264,224,177,115,346,307,212,248,34,325,,336,,,236,263,161,61,337,150,46,348,184,171,219,202,354,351,240,352,356,126,179,336,353,315,311,118,353,93,213,104,68,85,150,178,200,67,46,82,265,240,253,156,,,187,243,,,240,190,173,293,240,229,117,7,127,11,159,128,350,347,346,39,86,75,42,33,149,77,231,239,,234,,,b'\x11\xe8\xe1I\xc8}\xd8\xda\xaf\x82\x12\xdf\x17\xaeN\x1e'
11E8E149-C87D-D8DA-AF82-12DF17AE4E1E,2022-ncaa-d1-conf-MVC,ncaa,8,8,4,8,4,5,3,4,3,1,2,6,7,10,3,9,9,9,9,9,10,4,4,4,6,6,10,8,10,4,3,9,7,7,5,4,8,9,6,6,1,1,10,10,,,10,10,,,7,6,4,5,5,1,2,1,2,8,10,9,9,9,4,4,3,10,6,4,7,1,10,,10,,,7,8,4,4,9,6,1,9,5,5,8,5,10,10,3,10,10,4,6,9,9,9,10,5,10,4,7,3,3,2,5,6,8,3,3,4,8,8,5,2,,,7,10,,,7,6,6,7,7,8,6,3,5,1,5,5,10,10,10,4,6,5,3,2,6,3,8,6,,9,,,b'\x11\xe8\xe1I\xc8}\xd8\xda\xaf\x82\x12\xdf\x17\xaeN\x1e'
11E8E149-C87D-D8DA-AF82-12DF17AE4E1E,2022-ncaa-d1-natl,ncaa,247,288,100,269,137,152,105,136,77,55,60,130,274,303,141,325,237,238,201,237,327,157,132,131,151,182,337,301,269,105,66,291,215,234,150,172,273,286,255,230,29,22,315,300,,,341,352,,,226,136,193,275,185,109,193,46,54,293,327,263,260,263,219,175,115,345,305,204,254,32,331,,336,,,224,256,146,55,327,149,49,345,165,154,194,190,355,352,246,352,356,122,179,324,349,294,308,106,353,97,215,99,66,86,150,173,197,55,38,69,268,239,246,147,,,188,244,,,226,203,174,275,230,222,101,9,121,15,138,119,353,349,349,40,95,80,47,41,143,61,231,224,,233,,,b'\x11\xe8\xe1I\xc8}\xd8\xda\xaf\x82\x12\xdf\x17\xaeN\x1e'
11E8E149-C87D-D8DA-AF82-12DF17AE4E1E,2023-ncaa-d0-natl,ncaa,242,257,164,258,222,181,184,193,181,182,174,210,186,207,133,202,173,155,215,154,147,183,178,176,181,181,174,180,148,174,192,175,90,171,156,186,199,192,212,202,163,140,242,165,,,293,331,,,222,181,131,291,173,185,194,178,165,183,199,159,148,142,177,165,168,156,160,185,216,152,248,,316,,,222,221,157,99,259,58,23,305,316,312,250,346,267,288,54,287,347,131,150,307,301,276,344,333,255,64,90,196,192,130,156,263,316,129,103,212,138,157,277,285,,,139,98,,,222,193,182,230,215,253,176,74,69,10,333,330,270,295,295,132,167,68,230,157,276,115,165,293,,114,,,b'\x11\xe8\xe1I\xc8}\xd8\xda\xaf\x82\x12\xdf\x17\xaeN\x1e'
11E8E149-C87D-D8DA-AF82-12DF17AE4E1E,2023-ncaa-d1-conf-MVC,ncaa,9,9,9,9,10,8,8,8,9,8,4,9,7,7,7,7,9,9,6,9,8,8,8,8,8,8,9,7,4,5,4,7,7,8,6,9,9,10,10,9,6,6,8,6,,,10,9,,,9,9,4,5,8,8,8,6,4,7,7,7,7,7,7,4,4,7,6,9,10,5,8,,10,,,9,5,4,3,7,3,1,10,12,11,7,12,7,8,4,9,11,3,3,8,9,7,12,12,8,5,7,6,4,6,6,7,10,6,5,8,7,7,8,6,,,8,7,,,9,4,8,7,9,8,7,5,5,2,12,12,8,10,10,5,8,7,8,7,7,3,7,9,,7,,,b'\x11\xe8\xe1I\xc8}\xd8\xda\xaf\x82\x12\xdf\x17\xaeN\x1e'
11E8E149-C87D-D8DA-AF82-12DF17AE4E1E,2023-ncaa-d1-natl,ncaa,265,257,219,273,293,223,223,249,197,215,216,223,203,232,133,200,193,174,212,173,146,239,242,187,191,193,170,180,142,206,198,214,98,224,167,219,206,163,221,218,194,154,258,171,,,277,331,,,250,248,136,291,193,206,209,189,171,190,205,161,146,142,194,171,179,171,184,200,220,162,251,,317,,,251,188,114,55,271,47,9,317,314,302,265,345,251,275,57,272,350,90,95,316,314,295,345,331,255,46,98,163,198,92,167,250,317,163,112,230,119,159,273,292,,,168,87,,,250,128,195,261,238,261,189,76,79,10,335,329,273,298,300,139,165,70,231,161,284,129,164,298,,111,,,b'\x11\xe8\xe1I\xc8}\xd8\xda\xaf\x82\x12\xdf\x17\xaeN\x1e'
11E8E149-C87D-D8DA-AF82-12DF17AE4E1E,2024-ncaa-d0-natl,ncaa,246,276,143,263,170,173,187,152,265,159,99,281,253,256,230,277,61,80,59,79,127,135,111,275,235,250,205,274,29,99,106,188,246,147,187,219,243,298,248,279,107,135,104,97,,,338,332,,,292,119,82,208,184,214,150,172,88,260,263,46,74,72,114,77,94,217,149,246,289,111,113,,332,,,291,303,249,194,277,239,136,315,255,252,194,235,346,346,207,348,348,248,248,289,308,316,302,171,327,231,246,206,106,219,187,234,178,146,174,185,293,254,145,93,,,152,207,,,292,242,237,306,287,316,254,182,232,106,257,256,346,343,344,259,269,231,204,223,229,147,285,138,,150,,,b'\x11\xe8\xe1I\xc8}\xd8\xda\xaf\x82\x12\xdf\x17\xaeN\x1e'
11E8E149-C87D-D8DA-AF82-12DF17AE4E1E,2024-ncaa-d1-conf-MVC,ncaa,8,8,3,8,7,8,8,5,10,8,3,11,8,9,7,9,6,8,3,8,9,6,4,10,10,10,7,8,5,4,5,8,10,7,8,9,11,10,10,11,7,9,4,4,,,11,11,,,9,6,4,8,9,9,6,8,3,8,9,6,8,8,7,5,4,8,7,10,9,8,4,,11,,,9,9,7,5,8,7,4,8,6,9,1,9,11,11,8,11,11,9,10,8,8,9,8,5,10,12,10,8,5,10,8,4,1,7,7,6,10,9,4,3,,,8,9,,,9,5,9,9,9,8,6,5,7,3,5,8,11,11,11,8,8,12,7,9,4,7,10,4,,10,,,b'\x11\xe8\xe1I\xc8}\xd8\xda\xaf\x82\x12\xdf\x17\xaeN\x1e'
11E8E149-C87D-D8DA-AF82-12DF17AE4E1E,2024-ncaa-d1-natl,ncaa,266,296,130,289,153,182,212,153,270,163,94,292,272,266,250,291,54,74,65,71,121,136,102,288,242,262,212,286,26,103,112,180,256,151,189,244,248,316,260,294,120,149,112,103,,,342,328,,,305,104,85,206,200,237,178,179,92,278,277,43,66,64,129,79,102,209,149,260,301,123,118,,334,,,298,319,268,205,283,245,132,320,281,284,204,252,352,348,191,349,349,262,264,294,315,324,307,190,328,255,256,206,112,231,189,242,178,152,193,200,314,282,140,91,,,145,199,,,305,260,250,319,298,327,268,197,237,111,275,282,346,346,348,279,277,249,198,229,237,159,308,136,,146,,,b'\x11\xe8\xe1I\xc8}\xd8\xda\xaf\x82\x12\xdf\x17\xaeN\x1e'
11E8E149-C87D-D8DA-AF82-12DF17AE4E1E,2025-ncaa-d0-natl,genius_ncaa,341,359,90,348,116,121,126,68,267,103,36,314,225,240,195,310,68,47,278,51,180,64,52,288,288,265,240,273,87,66,157,81,278,65,235,231,333,303,161,278,217,298,69,103,,,246,93,,227,334,52,17,269,144,155,49,115,29,251,274,71,51,58,36,26,71,87,61,278,254,252,68,,199,,206,326,358,359,342,313,355,320,338,331,335,206,262,291,280,254,277,151,347,322,320,315,342,144,207,93,340,278,342,157,341,235,362,332,216,326,354,342,267,359,295,,,101,233,,238,334,312,251,349,321,359,360,355,351,329,325,341,262,242,238,357,349,323,333,340,361,261,316,353,,119,,265,b'\x11\xe8\xe1I\xc8}\xd8\xda\xaf\x82\x12\xdf\x17\xaeN\x1e'
11E8E149-C87D-D8DA-AF82-12DF17AE4E1E,2025-ncaa-d1-conf-MVC,genius_ncaa,11,11,9,11,9,8,8,6,9,8,2,10,10,10,9,11,7,5,12,5,7,5,4,10,10,9,9,9,5,1,5,7,11,5,9,10,12,7,6,9,11,12,1,3,,,10,6,,8,10,6,2,5,7,7,2,5,1,10,9,5,3,4,2,1,1,6,2,10,7,11,1,,11,,10,10,12,11,12,9,11,11,10,8,9,4,7,11,11,10,11,5,12,10,9,9,11,5,5,6,12,11,12,5,12,9,10,7,12,12,12,8,7,12,9,,,10,10,,10,10,7,8,11,10,12,12,12,12,12,8,11,11,11,11,12,12,12,12,12,10,12,9,12,,8,,8,b'\x11\xe8\xe1I\xc8}\xd8\xda\xaf\x82\x12\xdf\x17\xaeN\x1e'
11E8E149-C87D-D8DA-AF82-12DF17AE4E1E,2025-ncaa-d1-natl,genius_ncaa,346,359,113,353,154,140,147,78,280,125,47,322,243,251,199,311,76,60,276,61,181,78,70,301,297,279,231,277,82,81,173,102,287,84,252,262,340,280,168,290,251,308,70,108,,,220,101,,217,340,70,17,269,160,171,50,132,30,256,276,76,56,59,41,29,81,92,70,293,256,265,68,,198,,213,335,356,357,339,322,355,313,345,328,330,212,263,275,263,261,260,153,342,307,330,325,350,143,208,93,335,287,335,173,336,252,362,332,253,333,357,336,274,357,303,,,118,231,,245,340,296,265,352,329,360,360,355,354,329,331,342,265,248,246,357,349,329,337,341,361,277,323,355,,114,,260,b'\x11\xe8\xe1I\xc8}\xd8\xda\xaf\x82\x12\xdf\x17\xaeN\x1e'
11E8E149-C87D-D8DA-AF82-12DF17AE4E1E,2026-ncaa-d0-natl,genius_ncaa,212,152,279,209,291,238,240,269,175,209,236,151,290,282,296,255,148,131,243,127,55,250,251,205,203,203,233,297,58,196,123,264,216,243,159,285,318,138,222,265,280,272,232,204,,,199,332,,141,203,266,16,97,105,134,82,86,90,248,196,37,20,18,49,14,74,110,81,236,293,218,169,,352,,224,208,106,69,75,183,101,91,236,31,76,37,98,317,322,160,316,355,95,96,147,212,212,197,28,355,125,216,77,123,92,159,87,180,253,201,170,131,208,197,244,,,159,50,,140,203,95,197,213,216,296,232,245,271,257,71,169,360,359,359,323,339,264,233,267,217,128,276,301,,12,,80,b'\x11\xe8\xe1I\xc8}\xd8\xda\xaf\x82\x12\xdf\x17\xaeN\x1e'
11E8E149-C87D-D8DA-AF82-12DF17AE4E1E,2026-ncaa-d1-natl,genius_ncaa,203,152,271,192,286,223,224,263,149,184,239,111,260,235,287,211,137,111,278,110,48,245,249,175,175,170,216,264,79,193,143,255,215,236,173,249,253,119,167,208,251,235,225,192,,,221,321,,108,181,258,25,100,83,98,73,74,112,209,140,51,24,20,44,22,82,99,71,168,239,175,169,,343,,160,178,128,71,66,176,107,88,218,47,81,61,116,327,331,167,327,358,109,104,153,214,216,238,47,357,139,215,109,143,118,173,98,189,228,184,159,141,184,192,230,,,137,45,,131,181,98,163,210,183,296,210,219,250,236,105,189,359,358,358,318,336,267,251,277,210,122,251,276,,17,,83,b'\x11\xe8\xe1I\xc8}\xd8\xda\xaf\x82\x12\xdf\x17\xaeN\x1e'
11E8E149-C882-4032-AF82-12DF17AE4E1E,2010-ncaa-d0-natl,ncaa,108,114,81,117,87,127,106,60,221,158,113,248,57,54,108,85,247,221,273,225,295,76,69,191,224,220,110,60,313,36,74,147,64,74,89,95,111,269,186,162,49,49,128,121,,,270,252,,,113,91,137,67,151,124,54,196,157,61,61,294,266,274,93,71,32,207,92,103,226,54,146,,234,,,113,188,185,166,195,129,140,122,281,203,328,219,147,154,147,154,186,165,227,235,223,123,270,287,133,67,64,282,74,203,89,259,275,38,32,98,242,169,101,76,,,177,307,,,113,248,180,82,117,121,109,75,71,72,264,167,117,118,122,67,156,33,250,150,220,49,208,83,,248,,,b'\x11\xe8\xe1I\xc8\x82@2\xaf\x82\x12\xdf\x17\xaeN\x1e'
11E8E149-C882-4032-AF82-12DF17AE4E1E,2010-ncaa-d1-conf-MAAC,ncaa,2,2,3,2,4,2,1,1,2,1,1,4,3,3,3,6,4,3,7,4,7,1,1,2,4,3,7,6,8,1,2,6,3,1,3,2,7,7,3,4,1,1,3,4,,,9,8,,,2,1,2,3,2,1,1,1,2,3,3,4,3,4,1,1,1,6,2,1,7,1,4,,8,,,2,6,5,4,4,5,5,3,4,4,9,3,7,7,5,7,7,3,9,6,5,2,7,7,8,4,3,6,2,5,3,6,7,1,1,3,5,2,2,2,,,5,8,,,2,10,2,1,2,4,5,3,4,5,5,3,7,7,7,4,9,4,6,5,6,1,4,2,,4,,,b'\x11\xe8\xe1I\xc8\x82@2\xaf\x82\x12\xdf\x17\xaeN\x1e'
11E8E149-C882-4032-AF82-12DF17AE4E1E,2010-ncaa-d1-natl,ncaa,114,114,91,120,97,137,115,63,227,171,124,253,61,58,111,88,259,232,272,240,294,83,79,199,232,225,111,60,313,40,77,160,68,82,96,98,113,257,188,167,52,50,133,123,,,260,253,,,120,101,139,67,158,130,54,202,161,60,61,294,269,279,100,74,32,211,95,104,226,58,150,,234,,,121,172,171,149,203,113,127,128,276,198,328,218,139,145,145,145,185,146,209,242,229,131,271,287,131,57,68,274,77,193,96,252,276,42,32,107,233,171,97,78,,,189,307,,,120,238,184,93,126,123,111,79,71,75,265,167,116,120,125,69,157,33,250,153,226,54,210,84,,249,,,b'\x11\xe8\xe1I\xc8\x82@2\xaf\x82\x12\xdf\x17\xaeN\x1e'
11E8E149-C882-4032-AF82-12DF17AE4E1E,2011-ncaa-d0-natl,ncaa,229,264,119,252,121,213,235,108,317,254,200,301,120,56,286,66,210,178,246,182,159,123,107,300,307,288,75,79,172,157,272,121,120,129,256,205,133,249,213,239,98,116,241,263,,,310,302,,,239,103,110,13,258,263,115,286,236,123,50,233,201,201,134,104,170,133,132,210,236,96,259,,310,,,235,192,164,183,148,194,222,144,96,120,104,103,267,251,253,253,225,203,236,126,166,127,151,85,270,149,120,333,272,303,256,217,259,85,91,139,297,273,65,86,,,154,200,,,239,246,295,111,232,163,144,155,186,209,96,110,263,246,244,181,237,134,327,298,206,84,283,66,,156,,,b'\x11\xe8\xe1I\xc8\x82@2\xaf\x82\x12\xdf\x17\xaeN\x1e'
11E8E149-C882-4032-AF82-12DF17AE4E1E,2011-ncaa-d1-conf-MAAC,ncaa,6,6,7,6,8,3,3,2,8,6,5,7,3,2,7,2,4,2,7,2,3,2,1,6,7,5,1,1,7,1,4,4,4,3,6,4,2,6,4,5,3,3,10,10,,,9,9,,,6,2,1,2,3,3,1,6,4,3,1,2,2,2,1,1,1,3,1,2,7,2,10,,10,,,6,6,6,5,7,8,8,8,2,2,4,2,7,7,8,7,7,4,7,6,7,7,3,2,9,2,4,9,4,8,6,6,7,3,4,4,5,4,3,2,,,3,5,,,6,7,5,6,6,7,8,7,9,8,2,2,9,7,7,7,10,4,10,10,7,2,8,5,,2,,,b'\x11\xe8\xe1I\xc8\x82@2\xaf\x82\x12\xdf\x17\xaeN\x1e'
11E8E149-C882-4032-AF82-12DF17AE4E1E,2011-ncaa-d1-natl,ncaa,242,262,132,255,134,239,250,128,318,276,220,306,129,63,286,67,224,194,245,196,162,142,128,304,309,292,71,78,170,174,275,144,123,149,261,218,138,239,217,241,114,121,250,265,,,307,303,,,246,119,112,12,261,270,117,287,236,123,51,236,204,204,137,106,174,138,141,221,236,99,260,,311,,,242,171,147,155,153,184,205,151,90,105,108,105,259,237,256,236,224,177,214,132,168,136,148,84,271,129,123,331,275,291,261,209,260,101,97,147,290,275,62,93,,,170,200,,,246,231,299,116,240,168,148,158,191,208,97,111,267,246,242,185,239,140,331,302,206,89,283,72,,158,,,b'\x11\xe8\xe1I\xc8\x82@2\xaf\x82\x12\xdf\x17\xaeN\x1e'
11E8E149-C882-4032-AF82-12DF17AE4E1E,2012-ncaa-d0-natl,ncaa,198,228,120,217,136,136,165,125,230,202,212,196,87,65,216,73,104,158,39,155,124,130,150,204,168,149,65,85,113,144,188,184,250,172,240,122,86,112,105,109,176,188,158,151,,,204,179,,,247,149,180,119,147,181,133,231,236,91,59,109,176,174,139,177,158,227,194,121,112,186,160,,190,,,242,291,293,241,274,229,158,280,316,301,287,295,179,159,256,164,175,231,215,302,293,299,257,297,89,246,250,259,188,257,240,316,283,211,238,299,156,149,90,114,,,169,194,,,247,195,147,304,242,283,283,240,234,139,326,303,173,149,154,233,195,239,241,252,305,242,144,86,,183,,,b'\x11\xe8\xe1I\xc8\x82@2\xaf\x82\x12\xdf\x17\xaeN\x1e'
11E8E149-C882-4032-AF82-12DF17AE4E1E,2012-ncaa-d1-conf-MAAC,ncaa,6,7,3,7,4,2,2,2,8,4,4,7,2,2,6,5,1,2,2,2,3,1,2,6,5,3,3,5,2,2,3,3,6,2,3,2,4,4,2,3,6,6,4,7,,,8,6,,,6,2,2,5,2,2,2,4,4,3,2,1,2,2,1,2,3,2,3,2,3,6,5,,8,,,6,10,10,9,10,10,8,10,10,8,8,7,6,6,5,6,5,9,9,10,10,10,3,5,5,6,6,8,3,9,3,10,3,7,9,9,4,3,7,7,,,1,6,,,6,9,2,9,6,10,10,10,10,8,9,8,6,6,6,10,10,7,9,8,10,8,3,7,,2,,,b'\x11\xe8\xe1I\xc8\x82@2\xaf\x82\x12\xdf\x17\xaeN\x1e'
11E8E149-C882-4032-AF82-12DF17AE4E1E,2012-ncaa-d1-natl,ncaa,208,227,137,224,153,157,188,150,241,227,239,205,96,73,217,73,116,172,38,169,125,154,176,216,176,156,63,83,114,165,191,214,253,200,252,139,88,98,107,113,190,196,166,158,,,188,183,,,252,183,183,109,154,191,138,240,239,92,59,110,177,176,144,185,165,235,200,126,112,192,163,,191,,,252,280,279,223,277,218,136,287,316,296,292,294,168,145,257,148,176,208,186,304,300,304,256,296,90,228,253,240,191,241,252,308,283,237,246,304,136,152,83,122,,,185,193,,,252,163,151,311,251,286,285,244,239,141,325,303,179,154,158,236,194,239,245,255,306,247,146,90,,186,,,b'\x11\xe8\xe1I\xc8\x82@2\xaf\x82\x12\xdf\x17\xaeN\x1e'
11E8E149-C882-4032-AF82-12DF17AE4E1E,2013-ncaa-d0-natl,ncaa,88,105,41,102,52,75,64,88,66,102,127,118,36,85,7,111,202,216,164,208,251,106,74,45,59,95,109,54,308,214,247,46,230,91,212,93,178,310,245,171,154,224,14,46,,,227,95,,,121,50,102,225,103,89,168,162,214,49,120,273,275,269,197,170,268,74,177,110,245,198,14,,145,,,124,282,293,323,91,307,342,49,131,113,220,26,250,206,308,197,41,319,302,66,70,131,54,73,165,328,230,260,247,307,212,323,289,171,282,287,276,211,248,214,,,238,322,,,121,288,127,163,133,203,233,320,273,342,95,56,187,144,138,309,260,301,154,235,284,234,208,203,,305,,,b'\x11\xe8\xe1I\xc8\x82@2\xaf\x82\x12\xdf\x17\xaeN\x1e'
11E8E149-C882-4032-AF82-12DF17AE4E1E,2013-ncaa-d1-conf-MAAC,ncaa,2,2,1,2,1,1,1,1,1,1,2,3,2,4,1,6,5,4,6,4,7,1,1,2,2,2,7,5,9,5,5,1,8,1,6,2,6,8,6,3,2,7,1,1,,,7,2,,,2,1,2,6,1,1,3,1,4,2,5,5,4,4,3,4,6,1,3,2,7,7,1,,4,,,2,9,10,10,5,10,10,3,5,3,6,2,4,5,5,5,2,10,10,3,2,2,2,2,4,10,8,7,5,10,6,9,6,4,9,9,7,4,9,6,,,4,9,,,2,10,2,5,2,9,9,10,10,10,4,3,4,3,3,10,10,10,5,7,7,7,5,7,,7,,,b'\x11\xe8\xe1I\xc8\x82@2\xaf\x82\x12\xdf\x17\xaeN\x1e'
11E8E149-C882-4032-AF82-12DF17AE4E1E,2013-ncaa-d1-natl,ncaa,94,104,49,107,59,84,74,101,68,117,141,122,41,88,8,111,215,229,163,223,249,118,86,45,61,99,107,54,306,235,251,55,235,105,220,98,181,299,248,178,166,233,14,46,,,213,94,,,132,56,106,223,107,92,174,173,216,50,121,274,277,268,203,174,272,76,184,114,245,206,14,,146,,,133,274,287,319,96,304,342,51,126,96,221,26,237,192,308,182,42,315,295,69,77,140,54,69,166,323,235,243,251,302,220,323,290,183,288,292,261,215,242,214,,,249,322,,,132,283,133,170,139,214,238,320,275,342,91,55,191,144,139,309,259,304,156,236,287,239,210,207,,308,,,b'\x11\xe8\xe1I\xc8\x82@2\xaf\x82\x12\xdf\x17\xaeN\x1e'
11E8E149-C882-4032-AF82-12DF17AE4E1E,2014-ncaa-d0-natl,ncaa,26,14,85,16,105,59,77,102,64,207,248,88,11,28,6,31,166,251,6,252,199,122,144,23,19,18,27,12,289,176,159,99,195,122,149,95,184,95,84,64,193,216,83,135,,,82,39,,,67,140,223,140,48,63,119,244,293,10,37,209,290,293,177,229,207,121,168,103,66,215,96,,51,,,68,234,314,307,207,333,328,202,89,116,76,68,55,51,155,51,5,273,228,150,112,196,3,53,19,265,195,156,159,209,149,286,196,274,313,319,63,63,101,175,,,225,279,,,67,219,21,211,67,182,279,316,318,339,62,85,36,34,35,253,164,223,107,149,268,310,55,84,,297,,,b'\x11\xe8\xe1I\xc8\x82@2\xaf\x82\x12\xdf\x17\xaeN\x1e'
11E8E149-C882-4032-AF82-12DF17AE4E1E,2014-ncaa-d1-conf-MAAC,ncaa,2,2,4,2,5,3,2,2,3,8,7,2,1,2,1,1,5,5,1,5,3,2,3,2,2,2,1,1,8,4,2,6,10,3,6,5,8,4,3,4,6,6,6,8,,,6,4,,,3,4,4,6,1,2,2,9,8,1,2,4,6,6,2,3,4,7,4,6,4,6,6,,6,,,3,9,11,11,8,11,11,8,1,1,1,1,6,5,7,5,2,10,10,7,6,8,1,1,2,10,10,7,2,10,6,8,3,7,8,9,2,1,8,7,,,5,8,,,3,7,2,8,3,9,11,11,11,11,1,3,5,3,3,10,9,10,5,9,8,9,2,7,,5,,,b'\x11\xe8\xe1I\xc8\x82@2\xaf\x82\x12\xdf\x17\xaeN\x1e'
11E8E149-C882-4032-AF82-12DF17AE4E1E,2014-ncaa-d1-natl,ncaa,28,14,100,16,121,69,90,119,68,224,266,91,14,31,6,31,187,266,6,267,198,144,170,25,20,20,26,12,290,188,165,111,204,143,152,106,185,80,83,67,206,218,92,139,,,70,39,,,75,168,226,139,50,69,124,247,294,11,37,211,292,294,180,233,214,127,171,107,66,218,97,,51,,,75,212,303,300,216,329,327,206,76,102,81,66,44,41,156,40,5,255,201,152,114,204,3,53,19,252,204,137,165,183,152,279,198,293,318,321,53,64,96,176,,,249,279,,,75,189,21,225,71,189,286,317,319,339,63,80,38,35,36,254,162,231,107,154,271,314,55,89,,294,,,b'\x11\xe8\xe1I\xc8\x82@2\xaf\x82\x12\xdf\x17\xaeN\x1e'
11E8E149-C882-4032-AF82-12DF17AE4E1E,2015-ncaa-d0-natl,ncaa,162,161,172,169,178,117,101,148,75,198,283,49,23,34,60,20,288,331,10,331,292,192,231,36,44,40,52,22,334,217,182,191,201,205,169,77,81,56,91,54,143,123,102,101,,,100,112,,,122,231,248,59,73,58,106,207,302,16,20,297,340,341,178,241,219,172,200,47,82,132,95,,112,,,120,188,238,207,236,212,165,241,254,239,212,259,53,51,161,49,62,168,136,243,210,241,134,263,35,195,201,87,182,116,169,327,341,241,250,326,50,72,68,144,,,336,343,,,122,126,47,258,116,220,270,262,242,187,271,261,67,71,69,213,141,220,103,139,338,252,59,70,,345,,,b'\x11\xe8\xe1I\xc8\x82@2\xaf\x82\x12\xdf\x17\xaeN\x1e'
11E8E149-C882-4032-AF82-12DF17AE4E1E,2015-ncaa-d1-conf-MAAC,ncaa,4,4,8,4,8,2,2,3,1,4,11,1,2,3,4,3,8,10,1,10,9,5,5,1,1,2,4,3,11,7,5,5,6,5,4,2,5,4,4,3,3,4,4,4,,,5,3,,,3,6,3,3,2,2,3,1,10,2,3,7,10,10,3,3,7,4,4,2,4,3,4,,6,,,2,7,7,8,5,10,8,8,5,7,2,7,5,5,4,5,3,8,8,6,3,5,3,3,4,8,6,2,5,5,4,10,10,8,8,10,2,3,3,3,,,10,11,,,3,7,2,7,2,8,10,9,11,9,5,8,5,5,5,10,9,8,3,6,10,7,3,3,,10,,,b'\x11\xe8\xe1I\xc8\x82@2\xaf\x82\x12\xdf\x17\xaeN\x1e'
11E8E149-C882-4032-AF82-12DF17AE4E1E,2015-ncaa-d1-natl,ncaa,180,160,209,181,219,141,128,184,78,224,311,54,29,40,64,19,301,341,10,341,294,233,273,41,47,44,51,21,334,244,193,217,211,245,180,89,84,42,94,58,165,132,112,104,,,73,114,,,136,276,249,56,78,64,112,216,304,19,22,298,341,342,189,244,230,179,212,57,82,141,96,,113,,,136,161,215,176,246,196,135,249,241,224,216,260,43,45,163,43,63,133,88,251,223,257,131,263,35,171,211,63,193,90,180,322,340,264,254,331,36,74,60,151,,,346,343,,,136,82,48,271,131,231,275,261,253,192,270,264,73,74,71,218,138,225,107,145,338,260,60,71,,345,,,b'\x11\xe8\xe1I\xc8\x82@2\xaf\x82\x12\xdf\x17\xaeN\x1e'
11E8E149-C882-4032-AF82-12DF17AE4E1E,2016-ncaa-d0-natl,ncaa,53,87,12,78,16,82,77,26,250,133,99,248,33,24,124,56,215,211,218,206,280,39,29,194,229,206,83,36,318,26,89,60,110,35,90,83,158,299,170,165,39,75,176,238,,,308,211,,,83,37,228,247,195,175,114,251,238,59,54,303,306,303,163,170,80,201,129,178,179,90,240,,180,,,88,197,194,274,62,245,300,75,80,139,31,59,261,249,216,250,163,280,312,41,51,32,92,56,257,232,110,319,89,308,90,275,295,32,58,102,217,103,210,157,,,106,265,,,83,315,176,32,88,34,45,60,93,145,26,42,162,145,144,57,91,87,148,112,154,73,103,123,,254,,,b'\x11\xe8\xe1I\xc8\x82@2\xaf\x82\x12\xdf\x17\xaeN\x1e'
11E8E149-C882-4032-AF82-12DF17AE4E1E,2016-ncaa-d1-conf-MAAC,ncaa,1,1,1,1,1,2,1,1,6,4,3,6,1,1,1,2,7,8,5,6,8,2,2,3,4,4,3,1,10,2,2,2,1,1,1,3,7,5,3,3,3,4,7,8,,,6,3,,,1,3,6,6,4,2,2,7,8,1,1,10,9,9,4,6,3,3,1,4,4,4,8,,4,,,1,2,3,8,2,5,8,3,1,5,1,5,4,4,4,4,4,6,9,1,2,1,3,1,5,2,1,7,2,4,1,8,11,3,3,3,3,2,4,4,,,7,9,,,1,9,3,1,2,1,2,3,3,4,1,3,3,4,4,1,4,2,4,1,5,3,3,3,,8,,,b'\x11\xe8\xe1I\xc8\x82@2\xaf\x82\x12\xdf\x17\xaeN\x1e'
11E8E149-C882-4032-AF82-12DF17AE4E1E,2016-ncaa-d1-natl,ncaa,62,87,12,80,19,98,94,33,253,160,118,257,36,30,127,56,243,240,218,237,275,50,40,202,237,212,77,34,316,38,93,72,115,45,99,100,162,288,172,170,48,80,196,242,,,294,211,,,96,47,230,243,210,193,119,260,246,59,54,303,308,305,169,178,85,212,134,187,179,93,246,,184,,,99,176,173,253,75,225,288,83,67,118,32,58,249,238,222,238,163,252,299,45,54,39,91,53,259,211,115,307,93,295,99,266,297,41,64,109,201,108,205,162,,,123,262,,,96,304,182,35,100,38,50,58,101,149,28,44,167,152,152,56,87,90,155,116,160,81,102,130,,254,,,b'\x11\xe8\xe1I\xc8\x82@2\xaf\x82\x12\xdf\x17\xaeN\x1e'
11E8E149-C882-4032-AF82-12DF17AE4E1E,2016-ncaa-d1-ncaatournament,ncaa,33,2,33,33,33,44,47,42,54,57,57,55,25,27,27,2,56,59,4,59,59,46,51,42,42,34,6,2,58,48,39,64,56,60,60,42,26,6,16,17,39,9,59,58,,,5,34,,,42,59,59,1,40,41,16,57,56,2,3,56,59,59,35,46,29,64,60,35,12,17,58,,19,,,46,15,17,3,63,21,12,61,2,3,58,3,20,12,55,11,40,2,5,60,61,54,9,5,43,8,56,21,39,17,60,20,46,38,2,24,21,46,2,2,,,52,50,,,42,3,33,54,52,43,45,3,53,26,3,3,43,32,31,2,5,10,52,44,47,9,43,2,,50,,,b'\x11\xe8\xe1I\xc8\x82@2\xaf\x82\x12\xdf\x17\xaeN\x1e'
11E8E149-C882-4032-AF82-12DF17AE4E1E,2017-ncaa-d0-natl,ncaa,120,111,116,122,155,222,226,201,239,206,173,255,202,203,185,189,203,213,177,212,221,208,198,246,244,246,188,179,165,149,123,135,23,141,57,192,128,222,235,218,128,96,240,233,,,137,189,,,137,203,269,268,276,261,256,236,208,209,212,233,245,246,265,264,158,152,159,209,213,134,246,,119,,,137,50,67,73,129,107,98,170,67,119,49,181,83,108,54,112,170,66,96,110,93,69,105,122,154,19,23,122,123,52,57,126,233,136,79,121,219,238,74,94,,,120,66,,,137,156,232,37,133,29,47,31,78,47,57,97,77,101,103,32,28,15,102,40,112,141,212,70,,124,,,b'\x11\xe8\xe1I\xc8\x82@2\xaf\x82\x12\xdf\x17\xaeN\x1e'
11E8E149-C882-4032-AF82-12DF17AE4E1E,2017-ncaa-d1-conf-MAAC,ncaa,4,5,3,5,6,6,8,5,9,5,4,9,8,9,6,9,5,4,7,4,7,5,5,10,9,8,7,8,2,4,4,6,1,4,1,9,7,6,5,8,4,4,10,10,,,5,5,,,5,5,5,7,7,9,4,5,5,8,9,5,4,4,5,5,4,6,3,10,5,4,10,,4,,,5,2,4,1,6,8,7,9,2,2,2,4,2,5,1,5,5,1,5,6,4,3,1,2,4,1,1,7,4,1,1,4,3,5,4,3,5,5,3,3,,,3,3,,,5,8,8,3,5,3,5,2,8,5,2,2,2,4,4,1,2,1,7,1,4,5,7,3,,2,,,b'\x11\xe8\xe1I\xc8\x82@2\xaf\x82\x12\xdf\x17\xaeN\x1e'
11E8E149-C882-4032-AF82-12DF17AE4E1E,2017-ncaa-d1-natl,ncaa,130,111,144,123,198,265,266,252,245,242,204,267,214,220,188,188,238,243,178,244,225,259,248,254,253,249,187,177,161,178,132,171,25,180,62,211,132,199,241,229,151,105,251,232,,,108,193,,,154,265,273,270,283,272,266,244,215,209,213,238,246,248,274,271,168,165,169,216,216,148,250,,117,,,155,29,44,35,139,83,67,178,51,87,55,180,67,90,59,93,170,27,39,116,101,78,104,124,152,14,25,94,132,24,62,105,239,164,92,133,198,243,67,100,,,144,66,,,154,94,238,45,146,34,54,31,80,47,53,98,79,101,103,32,28,14,106,41,116,146,212,73,,127,,,b'\x11\xe8\xe1I\xc8\x82@2\xaf\x82\x12\xdf\x17\xaeN\x1e'
11E8E149-C882-4032-AF82-12DF17AE4E1E,2018-ncaa-d0-natl,ncaa,342,346,164,345,224,326,296,281,289,263,265,235,277,211,326,131,347,347,237,348,342,316,290,301,312,323,280,184,322,262,225,314,246,316,255,248,129,289,321,290,225,185,301,289,,,125,217,,,331,285,312,278,341,320,311,286,273,275,204,347,348,348,334,315,265,333,332,268,290,221,306,,147,,,327,160,165,62,325,198,87,323,106,84,218,143,216,172,324,165,226,64,55,319,326,311,130,112,230,89,246,110,225,90,255,249,304,220,160,254,287,324,33,84,,,339,336,,,331,63,327,301,330,187,189,48,221,71,130,90,222,187,177,54,36,102,136,111,268,210,296,47,,344,,,b'\x11\xe8\xe1I\xc8\x82@2\xaf\x82\x12\xdf\x17\xaeN\x1e'
11E8E149-C882-4032-AF82-12DF17AE4E1E,2018-ncaa-d1-conf-MAAC,ncaa,10,10,8,10,11,10,10,10,9,8,8,9,10,8,10,6,11,11,10,11,11,11,10,10,10,10,11,8,8,7,6,11,7,11,5,9,9,9,9,10,7,8,9,10,,,2,6,,,10,10,9,11,10,10,10,7,7,9,7,11,9,10,11,10,6,11,10,9,9,7,9,,4,,,10,7,5,2,11,4,3,11,9,5,11,6,8,9,8,8,9,2,2,11,11,11,9,7,7,2,7,2,6,1,5,8,8,8,7,10,10,10,2,3,,,11,9,,,10,2,10,11,10,9,8,3,6,3,9,5,8,9,8,4,3,4,4,2,9,8,10,3,,9,,,b'\x11\xe8\xe1I\xc8\x82@2\xaf\x82\x12\xdf\x17\xaeN\x1e'
11E8E149-C882-4032-AF82-12DF17AE4E1E,2018-ncaa-d1-natl,ncaa,346,346,213,346,294,338,322,315,298,290,287,249,293,233,327,127,347,348,230,348,342,337,326,306,318,327,278,185,322,282,235,333,251,336,271,284,131,266,322,298,245,198,311,293,,,94,222,,,332,333,314,279,342,326,315,292,273,281,209,347,348,348,338,318,268,337,335,280,288,225,308,,151,,,332,131,136,28,329,175,57,327,90,66,231,140,197,152,324,138,226,26,17,324,333,318,127,102,229,67,251,84,235,61,271,239,302,241,164,260,279,325,27,92,,,347,335,,,332,19,334,311,335,196,197,52,232,77,131,90,223,190,180,54,34,105,138,115,274,221,301,49,,345,,,b'\x11\xe8\xe1I\xc8\x82@2\xaf\x82\x12\xdf\x17\xaeN\x1e'
11E8E149-C882-4032-AF82-12DF17AE4E1E,2019-ncaa-d0-natl,ncaa,322,344,114,335,171,342,342,319,339,349,328,334,206,161,285,64,343,340,274,337,235,327,277,327,336,347,64,46,260,305,290,299,216,315,289,309,99,347,350,345,297,289,345,345,,,234,296,,,344,251,306,329,351,351,351,350,341,219,173,349,346,344,351,332,319,337,348,334,342,311,345,,224,,,341,157,176,68,319,248,132,325,49,55,127,91,178,177,178,173,214,74,97,297,300,257,51,42,195,72,216,131,290,101,289,225,239,136,78,184,329,342,159,280,,,222,130,,,344,104,348,239,342,132,159,25,238,83,43,37,169,168,167,27,36,73,118,73,208,147,314,156,,251,,,b'\x11\xe8\xe1I\xc8\x82@2\xaf\x82\x12\xdf\x17\xaeN\x1e'
11E8E149-C882-4032-AF82-12DF17AE4E1E,2019-ncaa-d1-conf-MAAC,ncaa,10,10,3,10,6,11,11,10,10,11,11,10,5,4,8,2,9,9,5,8,5,10,7,9,9,11,1,1,4,8,8,9,7,9,8,10,5,11,11,11,10,9,10,10,,,9,10,,,10,8,10,9,11,11,11,11,11,5,4,9,9,8,11,9,9,10,10,10,11,9,10,,9,,,10,8,8,3,9,9,8,9,1,1,6,1,10,9,8,9,10,4,4,8,9,8,1,1,10,5,7,4,8,4,8,7,5,5,4,5,11,11,7,10,,,5,4,,,10,5,11,8,10,7,8,3,9,7,1,1,10,9,9,4,4,5,4,4,6,6,11,6,,6,,,b'\x11\xe8\xe1I\xc8\x82@2\xaf\x82\x12\xdf\x17\xaeN\x1e'
11E8E149-C882-4032-AF82-12DF17AE4E1E,2019-ncaa-d1-natl,ncaa,333,343,155,340,229,349,348,343,340,350,344,336,224,179,291,63,348,345,274,345,233,343,317,329,337,347,60,48,251,317,302,327,235,340,299,325,102,345,350,346,314,298,346,346,,,195,296,,,346,303,310,329,351,351,351,350,342,221,175,349,347,346,351,332,325,338,348,336,343,315,346,,225,,,345,122,147,32,326,233,97,327,34,36,140,86,158,156,184,151,219,31,47,307,309,272,50,36,192,53,235,92,302,67,299,210,243,172,85,197,314,342,148,293,,,256,123,,,346,55,348,253,346,145,170,29,251,93,43,37,176,177,176,29,34,74,123,79,221,163,317,159,,253,,,b'\x11\xe8\xe1I\xc8\x82@2\xaf\x82\x12\xdf\x17\xaeN\x1e'
11E8E149-C882-4032-AF82-12DF17AE4E1E,2020-ncaa-d0-natl,ncaa,276,289,87,286,169,321,321,283,320,350,342,307,61,35,172,6,346,346,228,346,305,320,253,250,282,328,17,3,342,295,290,299,294,316,318,244,74,338,345,308,159,152,349,349,,,252,272,,,308,232,274,273,342,345,336,351,347,64,43,347,347,345,347,315,306,329,340,268,329,174,349,,234,,,303,150,176,87,285,249,155,299,56,78,69,89,196,231,60,220,240,100,157,244,245,157,53,47,217,228,294,205,290,221,318,154,153,78,56,81,297,327,102,269,,,303,288,,,308,131,337,179,307,115,144,41,225,120,48,57,178,222,210,49,109,212,176,194,134,83,292,97,,318,,,b'\x11\xe8\xe1I\xc8\x82@2\xaf\x82\x12\xdf\x17\xaeN\x1e'
11E8E149-C882-4032-AF82-12DF17AE4E1E,2020-ncaa-d1-conf-MAAC,ncaa,7,6,4,7,8,11,11,11,10,11,11,11,2,1,6,1,11,10,8,10,7,11,10,9,10,10,1,1,9,10,10,11,7,10,9,10,4,9,11,10,6,5,11,11,,,11,11,,,8,8,9,9,10,11,11,11,11,2,1,11,11,11,11,10,10,10,10,8,11,7,11,,11,,,8,5,4,1,7,5,3,9,2,1,2,1,10,11,4,11,11,3,5,5,7,6,3,1,10,6,7,7,10,7,9,3,4,3,1,2,9,10,5,9,,,7,6,,,8,3,10,6,8,6,3,1,7,2,2,1,10,11,11,2,4,7,7,8,3,3,9,6,,7,,,b'\x11\xe8\xe1I\xc8\x82@2\xaf\x82\x12\xdf\x17\xaeN\x1e'
11E8E149-C882-4032-AF82-12DF17AE4E1E,2020-ncaa-d1-natl,ncaa,289,289,128,291,234,340,336,322,325,351,346,316,69,43,176,6,347,347,231,347,303,340,302,259,288,333,14,3,341,314,297,322,301,337,322,269,79,335,346,312,187,164,349,348,,,231,274,,,318,284,276,273,342,345,339,351,348,64,44,347,348,347,348,321,310,331,341,277,331,188,349,,237,,,315,120,154,59,296,234,128,303,45,57,70,82,174,213,62,202,243,66,100,255,252,181,49,45,219,207,301,173,297,194,322,141,153,100,61,94,292,328,93,274,,,315,284,,,318,79,340,204,315,128,155,43,235,127,50,57,182,223,216,54,104,213,181,197,142,94,291,97,,315,,,b'\x11\xe8\xe1I\xc8\x82@2\xaf\x82\x12\xdf\x17\xaeN\x1e'
11E8E149-C882-4032-AF82-12DF17AE4E1E,2021-ncaa-d0-natl,ncaa,249,104,304,211,309,318,315,319,229,316,320,146,286,283,275,61,326,325,259,324,267,320,317,213,244,288,172,97,301,318,253,317,293,321,294,298,73,74,329,278,247,58,247,107,,,43,263,,,175,314,262,224,316,302,327,294,316,201,132,330,328,327,338,301,279,315,321,200,312,70,127,,223,,,181,22,21,21,57,21,29,61,18,20,65,58,56,47,280,45,257,23,29,40,69,18,178,48,329,45,293,22,253,28,294,22,242,234,11,15,84,321,17,97,,,314,178,,,175,30,304,25,184,21,14,12,43,75,23,25,232,215,211,19,93,215,110,138,72,17,295,31,,246,,,b'\x11\xe8\xe1I\xc8\x82@2\xaf\x82\x12\xdf\x17\xaeN\x1e'
11E8E149-C882-4032-AF82-12DF17AE4E1E,2021-ncaa-d1-conf-MAAC,ncaa,7,6,9,6,9,9,9,10,3,10,10,1,7,8,4,1,10,10,8,10,10,10,10,2,3,6,4,3,11,10,9,9,8,10,10,7,5,6,11,8,7,3,9,6,,,3,8,,,5,10,7,6,9,8,10,8,11,3,2,11,11,11,11,8,9,9,10,7,10,3,7,,7,,,5,2,2,2,7,3,3,7,2,2,5,2,8,5,9,5,10,2,2,5,7,3,7,2,11,4,8,3,9,3,10,2,4,6,1,1,7,11,2,2,,,10,7,,,5,2,8,3,6,4,4,1,5,4,1,1,8,8,8,3,5,5,1,2,3,1,11,2,,9,,,b'\x11\xe8\xe1I\xc8\x82@2\xaf\x82\x12\xdf\x17\xaeN\x1e'
11E8E149-C882-4032-AF82-12DF17AE4E1E,2021-ncaa-d1-natl,ncaa,258,104,307,220,312,319,316,321,237,320,323,150,293,287,278,61,326,325,259,324,266,322,319,216,249,294,166,95,301,321,259,320,294,322,301,303,75,70,331,286,256,64,257,110,,,37,266,,,192,317,267,225,320,305,329,299,319,205,135,330,328,326,338,307,288,315,321,210,313,73,131,,224,,,198,22,19,20,63,20,27,65,15,20,67,57,54,44,282,41,257,22,26,45,79,18,173,49,328,40,294,21,259,25,301,21,242,246,11,16,76,323,17,102,,,317,175,,,192,27,309,28,200,22,15,12,45,76,22,25,239,218,213,18,92,217,115,139,74,18,296,34,,246,,,b'\x11\xe8\xe1I\xc8\x82@2\xaf\x82\x12\xdf\x17\xaeN\x1e'
11E8E149-C882-4032-AF82-12DF17AE4E1E,2022-ncaa-d0-natl,ncaa,233,210,260,232,274,302,265,307,113,249,312,53,241,220,266,101,355,353,346,352,342,325,318,125,188,257,284,141,355,328,293,299,190,325,268,183,51,209,322,193,219,148,257,220,,,50,147,,,217,305,299,158,313,233,317,207,297,212,164,354,351,351,347,339,322,300,343,128,276,185,247,,104,,,222,33,40,36,169,33,51,94,127,52,326,153,58,56,136,49,164,24,47,192,181,90,251,263,153,60,190,54,293,47,268,99,273,137,34,80,259,340,66,174,,,305,193,,,217,54,282,91,217,62,64,41,56,75,177,82,98,104,93,22,69,112,116,102,152,66,300,93,,282,,,b'\x11\xe8\xe1I\xc8\x82@2\xaf\x82\x12\xdf\x17\xaeN\x1e'
11E8E149-C882-4032-AF82-12DF17AE4E1E,2022-ncaa-d1-conf-MAAC,ncaa,7,8,3,8,6,9,5,10,2,6,9,1,7,6,7,4,11,11,11,11,11,10,9,2,4,5,10,4,11,10,9,8,7,8,7,3,4,6,10,4,9,7,8,9,,,4,5,,,8,9,10,8,10,7,11,6,9,7,7,11,11,11,11,10,10,8,10,3,5,9,9,,3,,,8,5,6,3,8,4,4,5,8,5,11,6,5,5,7,5,6,3,1,9,9,8,7,8,6,5,7,4,9,3,7,7,8,5,5,8,11,11,3,5,,,7,7,,,8,3,8,8,7,3,5,2,4,5,8,5,4,4,4,2,2,4,3,3,7,4,11,3,,9,,,b'\x11\xe8\xe1I\xc8\x82@2\xaf\x82\x12\xdf\x17\xaeN\x1e'
11E8E149-C882-4032-AF82-12DF17AE4E1E,2022-ncaa-d1-natl,ncaa,247,209,304,244,314,327,302,337,121,282,335,64,254,242,278,102,355,354,345,355,343,347,341,134,201,266,286,140,355,340,300,325,194,345,281,219,54,187,326,203,258,166,276,230,,,33,156,,,237,335,302,158,320,250,331,224,303,217,171,354,351,351,349,341,328,309,346,140,281,196,256,,106,,,242,19,23,17,184,21,32,103,117,36,338,152,49,44,146,38,164,13,22,204,194,111,251,260,158,40,194,26,300,20,281,79,271,168,40,96,230,342,55,186,,,324,194,,,237,23,293,106,237,72,71,41,59,80,187,79,102,106,99,25,68,117,124,109,165,75,303,100,,283,,,b'\x11\xe8\xe1I\xc8\x82@2\xaf\x82\x12\xdf\x17\xaeN\x1e'
11E8E149-C882-4032-AF82-12DF17AE4E1E,2023-ncaa-d0-natl,ncaa,27,20,46,26,76,123,82,211,7,136,257,17,41,124,2,76,357,356,262,356,358,270,175,8,11,92,168,31,361,348,333,121,275,240,251,50,41,355,354,171,86,120,113,139,,,92,35,,,62,116,283,291,208,110,348,208,335,57,167,360,361,361,361,350,356,224,343,53,325,137,146,,32,,,62,71,95,258,26,109,269,21,133,184,76,158,56,72,117,63,39,215,272,24,20,12,130,199,85,330,275,67,333,186,251,176,240,36,43,42,358,357,24,60,,,234,255,,,62,244,155,19,63,15,22,101,43,147,84,109,28,32,30,49,114,281,11,58,92,60,346,7,,326,,,b'\x11\xe8\xe1I\xc8\x82@2\xaf\x82\x12\xdf\x17\xaeN\x1e'
11E8E149-C882-4032-AF82-12DF17AE4E1E,2023-ncaa-d1-conf-MAAC,ncaa,1,1,2,1,2,3,1,6,1,4,7,1,1,4,1,3,11,11,8,11,11,10,7,1,1,1,4,2,11,11,10,3,8,7,6,1,2,7,10,2,4,6,3,4,,,2,2,,,1,4,11,10,3,3,10,5,10,1,5,11,11,11,11,11,11,4,9,1,5,7,4,,2,,,1,3,3,9,2,2,10,2,5,6,5,8,3,3,4,2,1,6,8,2,2,2,6,8,4,9,8,3,10,6,6,3,6,3,3,4,10,10,1,2,,,10,8,,,1,8,2,2,1,2,2,4,2,5,4,4,1,1,1,3,1,9,2,5,2,3,10,1,,10,,,b'\x11\xe8\xe1I\xc8\x82@2\xaf\x82\x12\xdf\x17\xaeN\x1e'
11E8E149-C882-4032-AF82-12DF17AE4E1E,2023-ncaa-d1-natl,ncaa,28,20,56,27,92,153,99,276,7,167,289,20,53,142,2,78,360,359,266,359,358,314,238,8,11,98,167,26,361,353,337,155,281,288,262,57,43,350,356,185,117,137,122,142,,,66,35,,,70,148,286,291,225,125,349,220,334,60,172,360,361,361,361,350,356,238,349,57,327,150,150,,32,,,71,46,71,223,27,89,244,22,115,155,86,160,48,55,123,46,39,177,246,26,22,13,127,198,86,321,281,45,337,147,262,160,245,53,48,48,357,358,17,69,,,260,255,,,70,212,165,21,70,16,28,100,47,149,86,108,28,36,32,52,109,285,11,64,101,71,347,9,,327,,,b'\x11\xe8\xe1I\xc8\x82@2\xaf\x82\x12\xdf\x17\xaeN\x1e'
11E8E149-C882-4032-AF82-12DF17AE4E1E,2023-ncaa-d1-ncaatournament,ncaa,36,2,36,36,38,61,45,65,12,35,50,6,65,64,57,51,66,67,67,66,67,67,65,19,40,54,68,62,67,68,68,67,68,68,68,58,60,24,65,61,54,53,59,65,,,4,4,,,64,58,54,7,61,34,65,13,41,62,62,66,67,66,67,65,68,67,68,55,56,47,59,,4,,,65,28,33,23,65,36,27,66,12,12,40,20,6,6,31,4,4,16,14,65,64,62,5,16,5,35,68,11,68,19,68,32,38,48,35,57,28,67,29,56,,,52,19,,,64,6,59,68,67,63,67,53,66,60,25,21,9,10,7,43,39,64,37,51,62,28,59,53,,37,,,b'\x11\xe8\xe1I\xc8\x82@2\xaf\x82\x12\xdf\x17\xaeN\x1e'
11E8E149-C882-4032-AF82-12DF17AE4E1E,2024-ncaa-d0-natl,ncaa,246,251,196,258,236,276,275,307,225,328,330,242,111,137,75,56,327,337,132,336,262,318,307,157,176,217,43,34,302,329,312,226,231,291,267,184,58,207,309,209,324,321,294,308,,,25,47,,,261,287,319,206,303,303,335,345,337,91,117,331,340,340,345,336,333,227,312,171,236,325,296,,38,,,259,107,194,163,241,233,175,245,126,142,133,187,11,12,81,12,16,113,81,217,175,217,25,168,14,180,231,93,312,115,267,271,297,288,262,328,236,310,108,254,,,326,288,,,261,71,264,240,261,134,235,206,267,226,147,161,11,16,16,130,64,206,131,151,298,283,257,122,,332,,,b'\x11\xe8\xe1I\xc8\x82@2\xaf\x82\x12\xdf\x17\xaeN\x1e'
11E8E149-C882-4032-AF82-12DF17AE4E1E,2024-ncaa-d1-conf-MAAC,ncaa,9,8,8,9,11,9,9,8,9,10,8,9,5,5,5,4,10,9,3,9,6,9,10,7,7,7,4,3,7,10,9,8,4,10,10,10,7,3,7,8,9,6,8,9,,,3,2,,,8,10,8,11,8,8,7,9,7,4,5,9,9,9,8,9,9,6,9,9,3,8,7,,3,,,8,6,10,6,11,10,8,10,5,3,8,4,1,1,10,1,1,3,2,11,10,11,1,5,1,1,4,6,9,5,10,10,7,9,7,11,3,7,7,9,,,11,8,,,8,2,8,10,8,10,11,8,11,10,6,4,1,1,1,7,3,3,7,5,10,8,6,8,,11,,,b'\x11\xe8\xe1I\xc8\x82@2\xaf\x82\x12\xdf\x17\xaeN\x1e'
11E8E149-C882-4032-AF82-12DF17AE4E1E,2024-ncaa-d1-natl,ncaa,266,253,254,268,300,315,320,347,240,349,348,260,126,166,76,56,341,349,128,348,262,349,345,172,186,231,43,32,302,339,320,265,240,323,286,222,59,183,317,224,346,336,321,317,,,17,49,,,286,339,323,188,316,320,343,348,341,95,121,334,342,343,351,339,337,237,324,189,236,338,306,,40,,,286,75,166,121,254,212,140,262,106,118,148,185,7,9,92,9,16,67,34,233,188,241,25,163,14,152,240,63,320,80,286,260,300,324,277,335,214,317,95,268,,,342,287,,,286,25,277,264,289,154,252,211,276,228,155,165,11,15,15,133,60,214,139,165,303,304,262,132,,335,,,b'\x11\xe8\xe1I\xc8\x82@2\xaf\x82\x12\xdf\x17\xaeN\x1e'
11E8E149-C882-4032-AF82-12DF17AE4E1E,2025-ncaa-d0-natl,genius_ncaa,246,292,90,272,116,253,220,134,321,286,207,321,118,79,230,58,353,359,93,359,361,188,187,291,317,309,119,36,356,198,254,252,277,231,315,173,84,194,209,185,165,173,131,169,,,187,196,,81,290,185,297,269,333,296,186,327,260,133,85,360,361,361,295,302,232,322,312,199,155,198,159,,135,,67,277,187,222,173,272,276,267,205,86,43,280,29,128,162,33,163,112,181,196,237,210,184,36,65,112,222,277,291,254,281,315,272,271,140,136,218,79,103,257,283,,,337,357,,230,290,178,310,198,286,117,170,87,247,234,68,25,108,134,134,77,69,197,264,239,243,169,71,241,,359,,256,b'\x11\xe8\xe1I\xc8\x82@2\xaf\x82\x12\xdf\x17\xaeN\x1e'
11E8E149-C882-4032-AF82-12DF17AE4E1E,2025-ncaa-d1-conf-MAAC,genius_ncaa,8,10,3,10,5,7,6,4,9,8,7,12,3,4,2,5,13,13,1,13,13,5,9,7,9,5,4,3,12,9,9,9,11,9,12,7,8,5,4,6,10,11,5,6,,,8,9,,7,10,9,12,7,9,7,5,9,7,4,4,13,13,13,8,12,8,12,12,8,4,11,5,,8,,6,9,11,12,7,11,12,12,9,6,2,11,2,7,8,2,8,5,9,7,11,11,12,3,5,4,9,11,10,9,11,12,11,8,9,10,13,1,1,10,10,,,13,13,,11,10,6,5,12,10,8,10,7,11,11,4,1,6,7,6,5,3,8,9,10,10,10,1,9,,13,,11,b'\x11\xe8\xe1I\xc8\x82@2\xaf\x82\x12\xdf\x17\xaeN\x1e'
11E8E149-C882-4032-AF82-12DF17AE4E1E,2025-ncaa-d1-natl,genius_ncaa,262,292,113,280,154,300,260,168,332,305,235,327,130,94,230,57,353,359,92,359,361,233,242,308,321,316,114,39,356,223,267,290,286,275,324,194,90,163,220,193,189,187,148,177,,,165,202,,75,302,228,300,269,336,310,207,331,267,140,86,360,361,361,305,306,240,331,318,210,155,210,164,,144,,65,296,163,198,136,283,265,255,219,73,35,290,30,111,145,34,146,117,135,146,247,217,202,35,64,113,207,286,275,267,263,324,258,274,173,145,226,72,110,242,289,,,346,357,,235,302,132,317,216,301,127,182,87,257,240,70,27,108,138,138,82,70,203,274,249,254,182,74,248,,360,,253,b'\x11\xe8\xe1I\xc8\x82@2\xaf\x82\x12\xdf\x17\xaeN\x1e'
11E8E149-C882-4032-AF82-12DF17AE4E1E,2026-ncaa-d0-natl,genius_ncaa,87,39,206,62,216,266,254,220,323,233,186,305,285,250,316,236,262,261,202,263,295,227,254,328,327,279,255,248,164,120,105,228,153,183,141,242,175,36,63,139,246,188,232,238,,,61,108,,73,179,281,348,97,287,271,153,219,109,289,238,250,248,257,171,279,56,177,101,246,51,227,227,,63,,95,181,49,78,86,159,129,132,152,28,42,77,60,30,67,8,69,82,78,82,125,70,95,18,56,69,94,153,169,105,140,141,123,261,262,190,224,17,32,219,216,,,232,143,,241,179,79,226,104,181,45,92,65,185,204,26,31,40,88,95,51,21,133,237,192,169,260,20,261,,190,,241,b'\x11\xe8\xe1I\xc8\x82@2\xaf\x82\x12\xdf\x17\xaeN\x1e'
11E8E149-C882-4032-AF82-12DF17AE4E1E,2026-ncaa-d1-natl,genius_ncaa,74,39,177,59,197,289,276,195,343,235,136,332,303,267,328,257,272,285,163,286,334,216,255,345,345,299,284,267,173,92,104,226,171,175,162,269,200,35,55,148,226,175,237,256,,,75,130,,90,200,289,344,100,302,291,121,239,79,310,254,268,279,283,161,259,52,202,109,270,41,218,241,,86,,104,200,51,100,89,162,149,171,151,20,29,96,48,41,71,12,76,79,81,77,119,78,101,16,54,79,112,171,206,104,177,162,159,276,255,194,232,23,39,256,220,,,239,189,,211,200,79,255,109,199,49,108,83,195,232,25,29,47,84,88,62,29,139,267,227,185,239,24,281,,221,,208,b'\x11\xe8\xe1I\xc8\x82@2\xaf\x82\x12\xdf\x17\xaeN\x1e'
11E8E149-C886-DB4C-AF82-12DF17AE4E1E,2010-ncaa-d0-natl,ncaa,86,114,20,107,24,38,54,56,85,145,179,108,9,14,18,29,76,152,6,152,124,62,59,40,28,35,24,21,224,151,229,34,39,56,101,65,143,231,139,101,275,320,47,61,,,121,28,,,111,43,168,84,59,88,145,239,285,14,29,134,232,232,162,197,244,73,150,99,131,315,57,,34,,,112,333,332,321,222,306,299,210,327,301,285,259,199,148,322,147,63,312,295,255,242,303,195,276,67,180,39,282,229,251,101,337,277,188,299,323,199,115,264,270,,,56,94,,,111,305,47,262,105,257,281,265,214,212,297,268,112,81,78,224,159,58,148,92,307,293,109,191,,127,,,b'\x11\xe8\xe1I\xc8\x86\xdbL\xaf\x82\x12\xdf\x17\xaeN\x1e'
11E8E149-C886-DB4C-AF82-12DF17AE4E1E,2010-ncaa-d1-conf-Big Ten,ncaa,3,3,1,3,1,2,2,2,3,6,7,3,1,1,2,1,2,4,3,4,2,2,2,3,2,2,1,1,7,3,3,2,6,2,5,3,7,9,6,6,10,10,4,4,,,4,3,,,4,2,5,4,2,3,4,7,10,1,1,4,6,6,4,4,5,2,5,4,7,10,4,,3,,,4,11,9,10,8,10,10,8,9,10,7,8,6,6,10,6,4,11,9,8,8,9,3,7,5,8,6,7,3,8,5,10,8,9,10,10,8,4,8,8,,,1,1,,,4,10,2,10,5,9,9,9,9,9,8,6,5,5,5,9,7,7,4,6,8,10,6,8,,1,,,b'\x11\xe8\xe1I\xc8\x86\xdbL\xaf\x82\x12\xdf\x17\xaeN\x1e'
11E8E149-C886-DB4C-AF82-12DF17AE4E1E,2010-ncaa-d1-natl,ncaa,89,114,22,108,24,41,56,59,89,157,190,110,10,14,18,28,83,159,6,159,120,67,66,42,28,35,20,21,223,164,233,39,39,63,108,69,145,225,139,103,285,322,51,61,,,106,30,,,117,45,171,84,60,92,148,242,286,14,32,135,233,234,165,199,248,77,153,99,133,317,57,,37,,,118,332,330,319,230,304,295,218,323,297,289,259,188,138,323,138,66,310,292,259,252,308,194,273,68,163,39,274,233,236,108,337,278,207,300,323,187,118,260,273,,,64,90,,,117,303,49,274,111,264,291,267,220,213,297,268,113,79,77,227,158,60,151,95,310,296,109,194,,127,,,b'\x11\xe8\xe1I\xc8\x86\xdbL\xaf\x82\x12\xdf\x17\xaeN\x1e'
11E8E149-C886-DB4C-AF82-12DF17AE4E1E,2010-ncaa-d1-ncaatournament,ncaa,17,2,17,17,20,22,26,28,13,30,33,9,12,13,11,12,18,23,16,23,7,29,31,6,6,6,9,12,24,29,31,29,40,29,34,23,36,40,41,33,38,57,41,55,,,28,4,,,51,30,33,9,20,27,53,39,58,9,11,16,21,23,50,54,49,38,50,28,28,55,51,,4,,,42,48,48,45,60,48,46,50,43,37,59,18,26,37,11,36,21,44,43,62,57,57,27,40,8,43,40,35,31,39,34,50,39,27,39,49,40,38,28,39,,,25,20,,,51,43,13,55,34,55,58,48,53,51,43,19,17,27,26,41,39,39,5,15,55,39,30,23,,26,,,b'\x11\xe8\xe1I\xc8\x86\xdbL\xaf\x82\x12\xdf\x17\xaeN\x1e'
11E8E149-C886-DB4C-AF82-12DF17AE4E1E,2011-ncaa-d0-natl,ncaa,58,36,119,46,161,70,100,111,107,176,263,48,32,19,149,23,51,91,15,95,22,108,154,65,42,29,31,54,95,164,153,72,45,96,61,82,106,28,21,25,297,310,87,110,,,15,9,,,65,153,175,257,43,86,122,188,289,22,12,36,88,93,99,201,183,44,80,73,28,311,86,,8,,,61,195,262,277,177,252,255,196,213,242,142,228,40,21,302,20,11,223,164,182,141,215,71,218,19,108,45,141,153,120,61,213,138,289,306,297,39,43,258,301,,,60,26,,,65,188,27,195,58,169,254,277,237,255,214,244,29,17,17,216,116,92,127,98,199,312,42,244,,47,,,b'\x11\xe8\xe1I\xc8\x86\xdbL\xaf\x82\x12\xdf\x17\xaeN\x1e'
11E8E149-C886-DB4C-AF82-12DF17AE4E1E,2011-ncaa-d1-conf-Big Ten,ncaa,4,4,7,4,11,4,5,9,5,10,10,4,2,2,6,2,3,2,8,2,1,7,9,4,3,3,2,2,1,5,4,6,7,6,3,5,5,3,4,4,10,9,6,6,,,2,2,,,4,8,6,8,3,4,7,10,10,2,2,1,1,1,5,8,4,4,3,4,4,10,4,,2,,,4,6,7,6,8,9,6,10,5,7,5,7,3,3,7,3,1,5,5,7,7,8,2,6,2,5,7,3,4,3,3,8,8,11,10,11,3,5,7,10,,,2,1,,,4,4,2,9,4,7,11,10,11,9,7,9,3,3,3,8,6,7,4,5,10,10,4,8,,1,,,b'\x11\xe8\xe1I\xc8\x86\xdbL\xaf\x82\x12\xdf\x17\xaeN\x1e'
11E8E149-C886-DB4C-AF82-12DF17AE4E1E,2011-ncaa-d1-natl,ncaa,63,35,132,47,184,78,113,133,111,190,282,48,37,22,150,22,56,107,14,109,22,126,183,67,42,29,29,57,93,180,159,83,44,112,65,94,108,20,22,29,307,314,93,112,,,10,9,,,72,186,176,260,43,88,123,197,292,23,12,37,87,93,103,205,185,47,87,75,28,316,86,,8,,,67,178,247,262,183,237,239,206,205,230,141,226,32,17,304,16,11,201,132,184,143,220,68,215,18,89,44,119,159,90,65,205,138,302,310,304,30,44,253,304,,,74,25,,,72,158,27,206,64,176,259,278,244,259,216,243,29,17,17,217,114,92,128,101,199,314,43,246,,47,,,b'\x11\xe8\xe1I\xc8\x86\xdbL\xaf\x82\x12\xdf\x17\xaeN\x1e'
11E8E149-C886-DB4C-AF82-12DF17AE4E1E,2011-ncaa-d1-ncaatournament,ncaa,33,2,33,33,34,33,33,37,15,39,49,27,19,28,3,4,39,42,21,42,26,35,34,5,5,5,5,3,42,53,52,34,30,43,43,32,12,24,37,15,47,54,42,45,,,7,4,,,29,33,1,3,1,2,8,32,45,2,2,22,27,27,7,3,50,7,27,3,54,45,37,,18,,,35,31,29,32,55,35,32,47,15,16,39,15,11,13,42,12,11,32,31,47,44,52,9,16,17,21,30,19,52,19,43,30,37,41,41,53,37,60,18,36,,,41,47,,,29,32,13,51,31,63,61,64,63,64,24,22,31,29,26,64,63,40,50,48,59,28,62,34,,27,,,b'\x11\xe8\xe1I\xc8\x86\xdbL\xaf\x82\x12\xdf\x17\xaeN\x1e'
11E8E149-C886-DB4C-AF82-12DF17AE4E1E,2012-ncaa-d0-natl,ncaa,106,87,120,95,126,57,81,107,47,121,238,21,33,24,115,35,62,145,4,144,77,111,134,31,20,23,53,60,155,171,151,79,163,115,120,18,13,106,91,20,240,282,44,58,,,160,91,,,83,113,121,60,29,51,98,123,274,28,25,48,161,160,103,142,188,60,112,10,105,263,45,,138,,,78,255,251,279,160,212,259,130,287,277,241,216,190,188,173,195,147,274,241,181,164,222,225,264,123,250,163,127,151,188,120,185,95,227,280,222,210,188,59,97,,,148,184,,,83,234,23,232,77,254,249,297,222,267,271,260,189,187,197,288,256,244,116,166,172,254,195,54,,166,,,b'\x11\xe8\xe1I\xc8\x86\xdbL\xaf\x82\x12\xdf\x17\xaeN\x1e'
11E8E149-C886-DB4C-AF82-12DF17AE4E1E,2012-ncaa-d1-conf-Big Ten,ncaa,6,3,8,6,8,6,6,6,4,8,11,2,2,2,9,2,7,9,3,9,4,7,10,3,2,3,2,4,9,7,7,5,5,6,4,1,2,3,5,1,10,9,4,5,,,3,3,,,5,11,7,3,3,3,4,7,10,2,2,5,9,9,4,8,6,3,4,1,4,9,4,,4,,,5,2,2,7,2,1,4,2,8,10,4,10,3,3,4,3,5,6,6,3,2,4,10,10,6,7,5,1,7,5,4,3,6,8,9,8,3,5,2,3,,,10,10,,,5,5,3,4,3,5,6,12,4,5,9,10,3,4,5,11,9,9,4,5,5,8,6,2,,10,,,b'\x11\xe8\xe1I\xc8\x86\xdbL\xaf\x82\x12\xdf\x17\xaeN\x1e'
11E8E149-C886-DB4C-AF82-12DF17AE4E1E,2012-ncaa-d1-natl,ncaa,112,86,137,98,143,67,87,126,49,137,263,21,37,25,114,35,71,161,4,160,75,129,158,31,21,25,51,57,153,189,161,94,165,131,128,19,13,93,94,20,258,286,51,59,,,138,96,,,89,139,123,58,32,58,103,128,279,28,26,48,162,159,108,147,195,61,117,12,105,269,49,,140,,,83,240,239,266,168,206,245,138,277,269,244,217,179,173,175,182,149,265,220,185,171,227,227,263,126,233,165,109,161,168,128,174,97,253,287,231,192,193,50,99,,,164,183,,,89,209,23,239,79,255,252,298,223,269,274,261,194,192,198,289,254,246,117,172,180,258,197,55,,164,,,b'\x11\xe8\xe1I\xc8\x86\xdbL\xaf\x82\x12\xdf\x17\xaeN\x1e'
11E8E149-C886-DB4C-AF82-12DF17AE4E1E,2012-ncaa-d1-ncaatournament,ncaa,33,2,33,33,34,34,33,47,2,33,43,3,44,52,14,38,45,52,3,51,53,48,42,3,4,8,54,37,55,58,54,47,59,57,57,29,16,22,51,19,37,23,36,21,,,26,51,,,39,36,6,5,8,2,30,2,28,23,36,40,51,49,43,26,57,40,55,3,51,15,17,,57,,,42,29,28,26,43,30,26,56,5,24,4,25,29,33,27,31,54,30,29,36,42,51,14,6,51,33,59,4,54,18,57,27,40,54,57,58,33,61,18,39,,,39,29,,,39,27,20,59,44,61,59,56,62,56,8,38,56,60,59,62,60,62,12,44,57,49,61,37,,24,,,b'\x11\xe8\xe1I\xc8\x86\xdbL\xaf\x82\x12\xdf\x17\xaeN\x1e'
11E8E149-C886-DB4C-AF82-12DF17AE4E1E,2013-ncaa-d0-natl,ncaa,72,105,24,96,27,34,40,71,43,49,92,43,67,82,62,137,54,94,23,91,152,62,65,43,35,42,151,149,179,168,212,34,196,64,154,18,31,216,130,39,174,257,5,9,,,294,163,,,82,44,166,140,65,69,171,98,204,100,140,92,184,182,172,213,258,80,171,26,107,236,10,,190,,,84,305,282,320,83,246,290,105,311,323,129,269,266,265,160,267,183,325,312,109,103,143,268,273,174,322,196,250,212,298,154,235,132,114,235,174,185,118,104,68,,,55,107,,,82,304,51,165,82,188,170,261,123,162,269,289,186,178,181,247,215,263,90,168,149,206,108,58,,145,,,b'\x11\xe8\xe1I\xc8\x86\xdbL\xaf\x82\x12\xdf\x17\xaeN\x1e'
11E8E149-C886-DB4C-AF82-12DF17AE4E1E,2013-ncaa-d1-conf-Big Ten,ncaa,6,7,3,7,5,4,5,5,5,6,6,4,2,3,4,5,6,8,2,7,10,7,6,5,5,4,5,4,9,5,5,7,11,5,7,2,4,6,6,2,3,4,1,1,,,6,6,,,7,7,5,5,6,5,5,7,7,2,4,6,7,7,8,7,6,7,5,2,6,3,1,,7,,,7,10,11,10,6,7,7,7,12,12,11,11,4,4,4,4,4,11,10,8,7,8,8,11,3,11,11,5,5,10,7,7,5,4,5,7,8,8,2,3,,,7,9,,,7,8,6,9,5,9,10,10,7,6,12,12,4,4,5,9,9,10,4,7,8,4,8,2,,8,,,b'\x11\xe8\xe1I\xc8\x86\xdbL\xaf\x82\x12\xdf\x17\xaeN\x1e'
11E8E149-C886-DB4C-AF82-12DF17AE4E1E,2013-ncaa-d1-natl,ncaa,77,104,27,100,31,40,49,80,46,53,106,43,70,86,63,137,58,103,23,102,148,74,77,43,36,44,145,146,179,189,214,40,198,76,157,19,32,203,132,42,187,264,6,10,,,285,168,,,93,51,172,139,66,74,177,102,206,100,136,93,184,182,178,216,261,82,179,26,110,242,10,,192,,,97,297,275,315,85,234,282,112,305,320,135,268,254,257,162,256,183,321,308,121,109,152,267,270,172,316,198,232,214,291,157,227,134,126,242,180,175,120,98,73,,,64,105,,,93,300,52,172,92,193,178,262,128,168,268,286,190,181,185,249,214,263,92,171,151,215,110,61,,143,,,b'\x11\xe8\xe1I\xc8\x86\xdbL\xaf\x82\x12\xdf\x17\xaeN\x1e'
11E8E149-C886-DB4C-AF82-12DF17AE4E1E,2013-ncaa-d1-ncaatournament,ncaa,17,2,17,17,19,27,25,23,24,22,21,25,47,41,50,56,20,20,24,20,30,23,22,34,29,36,55,59,16,24,35,26,61,25,52,27,39,45,50,44,22,39,22,26,,,48,41,,,22,20,19,7,33,29,38,15,16,57,56,21,22,23,36,24,34,33,37,32,50,33,16,,50,,,23,41,36,42,5,40,44,6,30,42,16,34,50,51,18,49,49,44,46,4,7,3,40,25,55,54,61,45,35,49,52,34,28,12,15,7,38,35,16,10,,,19,19,,,22,43,36,15,24,23,10,45,19,40,24,40,47,55,53,51,57,64,32,58,16,6,34,10,,15,,,b'\x11\xe8\xe1I\xc8\x86\xdbL\xaf\x82\x12\xdf\x17\xaeN\x1e'
11E8E149-C886-DB4C-AF82-12DF17AE4E1E,2014-ncaa-d0-natl,ncaa,22,41,8,34,10,12,12,26,11,20,79,4,32,31,87,87,26,44,43,41,83,25,26,9,9,8,131,115,230,198,273,41,155,81,207,7,30,232,74,18,36,84,19,33,,,316,131,,,34,12,81,253,21,26,125,54,236,65,71,83,136,132,115,177,298,176,260,9,75,85,35,,151,,,44,341,337,334,182,313,314,191,330,330,226,261,297,269,314,274,153,334,336,208,215,190,260,262,147,304,155,310,273,318,207,312,171,36,112,138,266,133,229,167,,,14,62,,,34,337,23,180,51,224,216,220,177,147,276,274,178,142,142,205,237,159,131,138,190,108,131,114,,65,,,b'\x11\xe8\xe1I\xc8\x86\xdbL\xaf\x82\x12\xdf\x17\xaeN\x1e'
11E8E149-C886-DB4C-AF82-12DF17AE4E1E,2014-ncaa-d1-conf-Big Ten,ncaa,2,4,1,4,1,1,1,2,1,1,5,1,3,4,6,5,2,2,5,2,1,1,1,1,1,1,5,7,3,9,10,7,10,9,9,1,3,10,5,2,2,2,3,6,,,10,5,,,5,1,4,8,1,1,10,2,9,5,5,3,3,3,6,7,11,11,11,2,5,2,5,,5,,,5,12,12,12,10,12,12,9,10,8,11,6,8,8,9,8,5,12,12,10,11,8,5,6,5,10,10,8,10,10,9,9,3,2,2,1,12,10,4,2,,,1,1,,,5,12,2,7,5,10,11,7,10,8,7,5,5,5,5,6,8,9,3,5,5,2,10,2,,2,,,b'\x11\xe8\xe1I\xc8\x86\xdbL\xaf\x82\x12\xdf\x17\xaeN\x1e'
11E8E149-C886-DB4C-AF82-12DF17AE4E1E,2014-ncaa-d1-natl,ncaa,22,40,9,35,12,13,12,28,11,21,96,5,35,38,89,88,26,53,42,50,81,27,30,10,9,8,131,114,226,213,277,44,162,94,214,7,30,214,76,19,42,88,21,36,,,306,131,,,38,12,85,256,22,28,129,59,238,65,72,81,143,135,120,182,302,182,265,10,74,90,39,,152,,,49,341,336,331,187,310,308,194,327,327,228,262,286,260,316,263,156,332,335,214,222,199,257,264,149,296,162,303,277,315,214,307,173,44,119,143,247,135,219,168,,,15,60,,,38,337,24,188,58,231,223,221,182,149,280,274,180,141,142,206,233,159,134,141,196,112,130,119,,66,,,b'\x11\xe8\xe1I\xc8\x86\xdbL\xaf\x82\x12\xdf\x17\xaeN\x1e'
11E8E149-C886-DB4C-AF82-12DF17AE4E1E,2014-ncaa-d1-ncaatournament,ncaa,17,2,17,17,17,25,20,29,15,25,30,9,12,13,30,19,26,25,35,24,17,29,26,14,14,22,26,23,36,29,29,26,2,28,12,24,42,43,52,41,33,48,41,43,,,43,57,,,32,23,23,3,22,19,47,28,48,19,20,32,29,28,43,29,41,29,35,26,54,49,51,,52,,,30,45,41,35,46,35,31,54,54,48,44,59,42,39,48,39,59,34,35,51,52,50,62,59,38,6,2,38,29,33,12,34,24,18,13,18,40,39,7,4,,,17,6,,,32,44,23,37,30,43,31,6,10,3,57,58,39,38,38,6,12,1,17,2,23,19,39,2,,6,,,b'\x11\xe8\xe1I\xc8\x86\xdbL\xaf\x82\x12\xdf\x17\xaeN\x1e'
11E8E149-C886-DB4C-AF82-12DF17AE4E1E,2015-ncaa-d0-natl,ncaa,26,27,26,29,33,11,10,25,8,32,61,20,8,34,3,95,52,72,68,70,170,27,40,7,7,4,103,68,295,173,270,68,298,103,295,7,36,95,20,7,136,246,40,73,,,248,60,,,49,21,33,145,6,9,31,38,143,14,65,103,131,125,33,102,264,196,258,6,31,205,60,,125,,,54,347,344,337,279,337,322,262,331,324,284,228,297,257,332,267,133,337,331,286,286,282,190,242,120,340,298,327,270,334,295,342,230,80,196,249,155,65,298,231,,,46,178,,,49,329,8,294,59,325,321,321,307,272,297,280,230,174,190,320,325,301,236,281,317,136,84,244,,125,,,b'\x11\xe8\xe1I\xc8\x86\xdbL\xaf\x82\x12\xdf\x17\xaeN\x1e'
11E8E149-C886-DB4C-AF82-12DF17AE4E1E,2015-ncaa-d1-conf-Big Ten,ncaa,2,2,3,2,5,3,3,4,2,4,10,2,2,4,2,5,7,7,2,7,8,4,4,1,1,1,6,5,11,13,12,10,14,11,12,1,1,3,3,1,7,11,5,6,,,7,5,,,3,3,3,5,2,2,3,4,10,2,5,7,7,7,4,5,13,10,12,1,4,7,5,,6,,,3,12,12,11,11,9,9,9,11,7,13,5,13,11,11,13,10,12,12,10,10,8,11,9,8,12,14,8,12,11,12,12,8,5,6,8,6,6,6,6,,,6,9,,,3,12,2,10,3,12,13,11,9,10,11,8,13,12,13,10,12,12,8,11,12,6,5,6,,6,,,b'\x11\xe8\xe1I\xc8\x86\xdbL\xaf\x82\x12\xdf\x17\xaeN\x1e'
11E8E149-C886-DB4C-AF82-12DF17AE4E1E,2015-ncaa-d1-natl,ncaa,27,27,30,29,38,11,10,28,8,35,75,24,8,40,3,96,60,82,67,81,165,31,44,7,7,5,101,65,297,207,277,90,302,129,301,7,38,82,22,7,156,249,47,75,,,232,64,,,56,24,32,142,6,9,34,45,148,17,67,104,137,129,37,109,268,202,266,6,32,215,63,,125,,,61,346,343,333,285,335,320,266,326,317,291,228,287,247,333,252,135,335,329,293,297,294,185,240,118,337,302,321,277,331,301,342,230,91,207,256,143,69,294,236,,,54,170,,,56,328,8,303,67,326,321,321,310,276,300,279,235,178,189,319,324,306,238,283,318,141,85,248,,125,,,b'\x11\xe8\xe1I\xc8\x86\xdbL\xaf\x82\x12\xdf\x17\xaeN\x1e'
11E8E149-C886-DB4C-AF82-12DF17AE4E1E,2015-ncaa-d1-ncaatournament,ncaa,9,2,9,9,10,9,10,12,8,13,13,22,6,11,3,35,14,14,33,14,26,11,14,7,11,7,30,28,33,20,45,14,34,15,35,9,33,46,15,10,20,51,17,30,,,44,13,,,14,14,31,4,11,13,34,21,25,16,39,20,21,21,29,41,49,28,37,15,11,52,28,,12,,,15,55,54,53,30,54,54,35,51,53,32,48,47,40,53,42,11,52,52,32,27,37,28,46,14,52,34,54,45,55,35,58,35,17,44,45,46,24,50,29,,,16,30,,,14,51,7,36,12,31,41,50,43,39,42,50,14,5,6,40,33,36,25,30,41,44,20,28,,34,,,b'\x11\xe8\xe1I\xc8\x86\xdbL\xaf\x82\x12\xdf\x17\xaeN\x1e'
11E8E149-C886-DB4C-AF82-12DF17AE4E1E,2016-ncaa-d0-natl,ncaa,100,137,38,128,43,34,34,79,22,36,114,11,90,101,90,145,39,57,67,53,81,74,66,19,19,24,189,185,175,181,192,48,170,83,126,22,72,257,160,58,245,322,40,85,,,148,44,,,132,43,112,78,36,34,158,52,186,116,138,66,86,83,146,144,246,80,155,22,182,300,48,,77,,,134,339,342,336,282,344,342,251,269,244,281,116,168,158,178,141,35,334,313,270,241,303,56,151,38,307,170,197,192,264,126,312,112,241,324,316,311,248,279,246,,,28,57,,,132,304,36,299,137,301,330,326,329,332,227,184,102,101,91,310,265,243,84,134,264,305,250,241,,52,,,b'\x11\xe8\xe1I\xc8\x86\xdbL\xaf\x82\x12\xdf\x17\xaeN\x1e'
11E8E149-C886-DB4C-AF82-12DF17AE4E1E,2016-ncaa-d1-conf-Big Ten,ncaa,7,9,4,9,8,7,7,12,3,8,12,3,7,9,8,5,5,4,11,4,2,10,8,4,4,5,6,8,5,10,7,7,8,9,5,4,4,12,14,11,12,11,4,4,,,4,4,,,9,8,11,11,8,7,14,9,14,7,8,7,4,4,13,11,11,8,10,5,13,12,4,,3,,,9,9,11,9,12,12,11,10,4,4,6,4,5,4,9,4,3,9,7,10,9,10,4,3,5,10,8,3,7,4,5,11,10,12,13,13,14,14,6,7,,,2,2,,,9,7,7,11,9,8,11,10,13,11,4,4,4,4,4,10,3,9,3,4,12,14,14,6,,3,,,b'\x11\xe8\xe1I\xc8\x86\xdbL\xaf\x82\x12\xdf\x17\xaeN\x1e'
11E8E149-C886-DB4C-AF82-12DF17AE4E1E,2016-ncaa-d1-natl,ncaa,114,137,51,137,57,40,41,93,22,42,141,11,101,107,92,145,48,69,66,68,80,86,81,19,19,26,188,183,171,208,206,55,180,101,134,26,72,231,166,60,270,323,41,92,,,116,47,,,153,55,118,72,37,36,167,55,192,118,140,67,89,85,154,150,255,83,162,24,181,309,48,,82,,,153,336,339,330,290,341,340,259,259,229,287,107,155,143,190,125,35,328,300,281,250,309,51,147,39,292,180,167,206,241,134,307,114,263,328,321,293,252,272,254,,,37,48,,,153,292,37,310,158,307,331,327,330,334,227,182,105,105,96,316,261,248,89,141,270,309,253,245,,52,,,b'\x11\xe8\xe1I\xc8\x86\xdbL\xaf\x82\x12\xdf\x17\xaeN\x1e'
11E8E149-C886-DB4C-AF82-12DF17AE4E1E,2017-ncaa-d0-natl,ncaa,93,126,24,119,25,20,19,48,8,15,73,4,122,99,179,178,18,27,70,28,66,40,33,12,11,22,261,253,149,186,199,15,196,39,114,11,46,311,194,56,170,274,70,167,,,168,25,,,53,23,44,80,20,17,150,14,157,172,158,39,61,65,114,95,267,23,96,11,232,233,98,,60,,,59,339,342,342,119,344,346,122,225,276,77,99,223,221,181,215,43,343,332,92,74,158,42,90,87,341,196,196,199,304,114,198,9,145,287,174,338,288,138,83,,,16,58,,,53,327,37,188,67,260,300,342,314,344,146,198,122,121,118,334,325,311,58,161,95,243,297,79,,40,,,b'\x11\xe8\xe1I\xc8\x86\xdbL\xaf\x82\x12\xdf\x17\xaeN\x1e'
11E8E149-C886-DB4C-AF82-12DF17AE4E1E,2017-ncaa-d1-conf-Big Ten,ncaa,9,8,9,9,9,7,6,12,3,5,12,2,11,9,14,7,4,5,2,5,1,11,9,5,4,5,9,13,2,13,10,7,9,9,10,5,4,9,12,7,12,13,8,11,,,2,1,,,8,9,4,1,5,5,11,3,10,10,8,4,4,4,8,6,13,4,8,3,13,12,8,,3,,,8,6,10,9,10,13,11,6,2,3,8,1,4,5,4,5,4,7,7,7,6,8,2,2,5,9,9,3,10,5,10,2,1,12,10,9,12,13,2,6,,,5,1,,,8,7,6,10,8,11,12,13,14,14,4,3,6,7,7,12,12,13,4,8,5,9,13,4,,2,,,b'\x11\xe8\xe1I\xc8\x86\xdbL\xaf\x82\x12\xdf\x17\xaeN\x1e'
11E8E149-C886-DB4C-AF82-12DF17AE4E1E,2017-ncaa-d1-natl,ncaa,104,126,27,120,29,22,20,64,8,15,86,4,135,114,185,175,24,34,70,35,68,51,37,13,11,23,260,252,152,206,209,20,206,45,124,11,50,296,200,60,193,280,75,170,,,139,26,,,67,25,46,76,21,18,158,16,162,171,162,40,64,66,119,106,273,22,107,13,233,240,102,,63,,,71,334,340,342,127,343,346,130,209,263,82,95,205,205,188,198,45,342,331,99,78,169,40,85,85,341,206,160,209,285,124,183,11,172,294,181,334,292,122,89,,,21,55,,,67,326,40,201,76,268,305,342,318,345,148,198,127,123,119,335,325,314,59,164,99,247,296,82,,38,,,b'\x11\xe8\xe1I\xc8\x86\xdbL\xaf\x82\x12\xdf\x17\xaeN\x1e'
11E8E149-C886-DB4C-AF82-12DF17AE4E1E,2018-ncaa-d0-natl,ncaa,38,31,73,39,80,30,24,93,5,16,50,6,177,247,54,292,28,61,13,65,183,85,68,11,7,18,311,303,163,216,148,10,109,32,35,7,2,256,173,17,273,326,22,47,,,12,3,,,46,48,52,65,19,16,124,5,53,204,282,26,93,96,111,89,258,2,17,3,210,297,21,,7,,,44,297,314,340,45,286,327,44,315,331,124,254,68,88,51,84,22,336,316,55,32,136,150,276,23,325,109,64,148,178,35,144,18,303,338,271,332,293,147,63,,,39,71,,,46,303,26,172,45,253,293,348,250,339,293,329,42,68,57,344,318,308,29,113,105,332,308,119,,59,,,b'\x11\xe8\xe1I\xc8\x86\xdbL\xaf\x82\x12\xdf\x17\xaeN\x1e'
11E8E149-C886-DB4C-AF82-12DF17AE4E1E,2018-ncaa-d1-conf-Big Ten,ncaa,3,3,4,3,5,4,4,8,1,2,4,1,12,13,9,13,1,3,2,3,4,5,4,4,2,5,12,14,1,12,10,1,4,4,3,1,1,14,13,5,13,13,3,7,,,2,1,,,6,3,2,4,3,3,8,1,5,12,13,1,2,2,6,3,12,1,2,1,14,13,2,,2,,,6,9,10,13,2,10,13,3,10,14,4,10,2,8,1,8,3,13,12,2,2,4,4,9,2,12,4,4,10,7,3,1,1,13,14,6,14,14,2,2,,,1,1,,,6,12,6,6,6,11,12,14,12,14,11,14,3,8,8,14,13,12,5,6,1,13,14,2,,1,,,b'\x11\xe8\xe1I\xc8\x86\xdbL\xaf\x82\x12\xdf\x17\xaeN\x1e'
11E8E149-C886-DB4C-AF82-12DF17AE4E1E,2018-ncaa-d1-natl,ncaa,45,31,97,43,103,35,28,111,5,16,58,6,196,264,56,290,35,79,12,82,178,102,86,12,9,19,308,300,156,244,156,13,117,40,37,7,2,229,178,19,288,330,24,47,,,8,3,,,56,60,55,66,20,16,129,6,55,205,283,28,95,99,114,92,259,2,18,3,211,305,21,,7,,,50,289,313,340,50,276,325,50,308,326,129,254,51,74,55,73,22,334,305,58,35,156,150,273,23,318,117,35,156,139,37,126,18,322,339,278,326,301,138,68,,,48,71,,,56,289,26,191,54,264,298,347,261,340,296,327,41,71,63,343,315,307,29,116,114,334,307,129,,61,,,b'\x11\xe8\xe1I\xc8\x86\xdbL\xaf\x82\x12\xdf\x17\xaeN\x1e'
11E8E149-C886-DB4C-AF82-12DF17AE4E1E,2018-ncaa-d1-ncaatournament,ncaa,33,2,33,33,34,40,40,53,15,39,38,12,56,62,48,55,41,41,5,41,42,53,51,29,21,26,54,57,21,39,9,36,14,35,7,37,11,12,41,27,62,63,35,17,,,20,55,,,26,58,52,7,28,26,47,16,21,54,57,16,32,32,46,42,22,16,15,12,36,62,19,,49,,,30,10,6,10,24,3,3,30,27,28,37,56,19,24,14,24,58,14,5,31,31,42,56,51,48,8,14,1,9,1,7,11,52,63,59,57,4,10,32,45,,,46,37,,,26,8,22,39,26,33,20,20,7,3,49,54,45,51,52,34,8,17,3,3,36,62,6,52,,38,,,b'\x11\xe8\xe1I\xc8\x86\xdbL\xaf\x82\x12\xdf\x17\xaeN\x1e'
11E8E149-C886-DB4C-AF82-12DF17AE4E1E,2019-ncaa-d0-natl,ncaa,9,18,7,18,10,7,6,29,1,4,22,1,117,173,51,271,36,84,13,90,270,32,32,2,2,3,328,291,287,216,194,9,113,29,49,3,2,221,84,4,194,292,60,160,,,96,6,,,26,16,150,270,14,7,172,4,95,198,269,118,209,217,190,263,313,31,132,2,70,277,113,,12,,,29,344,348,349,177,347,348,189,323,330,121,219,71,78,101,76,11,348,344,158,101,236,45,213,6,333,113,118,194,249,49,316,74,259,343,325,296,200,76,15,,,19,84,,,26,339,9,243,28,234,297,336,294,319,232,276,14,21,23,315,201,230,8,33,189,337,171,26,,130,,,b'\x11\xe8\xe1I\xc8\x86\xdbL\xaf\x82\x12\xdf\x17\xaeN\x1e'
11E8E149-C886-DB4C-AF82-12DF17AE4E1E,2019-ncaa-d1-conf-Big Ten,ncaa,1,1,1,1,4,1,1,2,1,1,4,1,9,9,6,9,6,9,1,10,12,4,5,1,1,1,14,12,13,13,11,1,3,2,3,1,1,4,4,1,13,14,5,10,,,2,1,,,1,3,7,14,1,1,10,1,7,10,10,10,11,11,11,13,14,1,5,1,4,14,9,,1,,,1,12,14,14,5,14,14,6,10,14,2,12,1,2,1,3,1,14,12,3,1,6,1,9,1,13,3,3,11,6,3,10,2,14,14,12,9,6,1,1,,,2,2,,,1,12,1,6,1,7,13,14,13,14,9,13,1,1,1,14,10,12,1,2,7,14,6,1,,3,,,b'\x11\xe8\xe1I\xc8\x86\xdbL\xaf\x82\x12\xdf\x17\xaeN\x1e'
11E8E149-C886-DB4C-AF82-12DF17AE4E1E,2019-ncaa-d1-natl,ncaa,9,18,6,18,9,7,6,29,1,4,20,1,110,165,40,270,43,103,14,104,278,30,30,2,2,3,328,285,291,232,196,7,120,26,49,2,2,215,88,4,201,292,56,152,,,82,5,,,24,15,147,270,13,7,174,4,103,189,272,130,224,228,198,262,316,28,137,2,72,283,103,,10,,,30,345,349,349,170,347,348,189,325,336,118,232,62,69,117,69,7,347,344,159,97,231,45,223,5,339,120,103,196,257,49,319,76,270,344,329,296,202,72,15,,,27,94,,,24,337,8,247,29,232,300,337,298,323,245,287,13,20,19,318,207,243,9,34,196,340,177,24,,141,,,b'\x11\xe8\xe1I\xc8\x86\xdbL\xaf\x82\x12\xdf\x17\xaeN\x1e'
11E8E149-C886-DB4C-AF82-12DF17AE4E1E,2019-ncaa-d1-ncaatournament,ncaa,5,2,5,5,5,8,7,9,5,6,7,15,8,11,8,51,9,11,25,11,32,9,8,8,8,18,48,47,31,18,43,6,28,8,24,5,6,63,54,27,6,30,14,49,,,53,7,,,18,7,39,7,37,32,59,22,39,44,57,28,33,33,59,55,57,15,33,9,46,30,37,,8,,,19,60,60,60,16,60,60,25,52,58,9,28,33,33,40,31,1,60,60,13,11,13,4,17,5,60,28,58,43,58,24,60,26,7,43,43,64,58,57,32,,,11,35,,,18,59,28,13,18,17,37,58,43,55,9,33,2,3,2,45,33,45,9,17,28,41,52,30,,45,,,b'\x11\xe8\xe1I\xc8\x86\xdbL\xaf\x82\x12\xdf\x17\xaeN\x1e'
11E8E149-C886-DB4C-AF82-12DF17AE4E1E,2020-ncaa-d0-natl,ncaa,30,30,87,31,94,11,18,171,3,45,237,4,32,89,11,104,17,44,52,43,25,130,137,3,3,4,101,118,149,303,259,82,281,184,199,6,4,188,163,14,149,196,96,132,,,65,15,,,45,61,74,25,10,13,197,43,266,39,94,22,46,45,141,146,315,87,219,6,169,164,101,,46,,,46,307,309,324,172,292,289,210,286,314,141,245,165,164,167,164,103,325,320,190,161,228,158,220,81,333,281,67,259,209,199,258,145,182,259,243,208,174,114,152,,,27,28,,,45,284,11,270,48,297,302,331,285,289,282,312,158,154,153,329,319,326,54,180,247,208,191,109,,29,,,b'\x11\xe8\xe1I\xc8\x86\xdbL\xaf\x82\x12\xdf\x17\xaeN\x1e'
11E8E149-C886-DB4C-AF82-12DF17AE4E1E,2020-ncaa-d1-conf-Big Ten,ncaa,3,3,9,3,9,3,3,14,1,7,14,1,2,4,1,3,2,3,3,3,1,12,11,1,1,1,5,6,4,14,11,8,14,11,12,1,1,8,11,2,7,8,8,8,,,4,3,,,4,8,3,2,2,2,12,4,14,2,4,1,1,1,9,6,14,5,11,1,12,7,7,,4,,,4,8,8,12,7,7,7,10,10,14,4,12,4,6,1,6,6,12,12,7,5,7,6,9,4,14,14,1,11,7,12,6,3,9,11,8,8,11,2,3,,,2,1,,,4,7,1,9,4,11,11,14,10,11,11,14,6,9,9,14,14,14,3,8,7,7,11,2,,1,,,b'\x11\xe8\xe1I\xc8\x86\xdbL\xaf\x82\x12\xdf\x17\xaeN\x1e'
11E8E149-C886-DB4C-AF82-12DF17AE4E1E,2020-ncaa-d1-natl,ncaa,36,30,128,33,134,16,25,208,3,56,264,5,42,101,12,107,23,51,51,51,24,169,176,3,4,5,101,118,141,317,266,109,286,230,210,6,4,173,168,16,175,212,110,134,,,50,15,,,50,92,77,21,9,15,207,46,267,39,94,23,48,49,150,154,318,95,231,6,170,177,104,,45,,,49,288,298,313,185,281,272,220,275,303,147,243,150,153,169,150,102,314,300,198,171,239,158,218,81,327,286,52,266,183,210,249,147,210,269,255,190,180,107,158,,,38,26,,,50,252,13,277,56,301,306,332,293,290,285,314,163,162,160,331,315,329,55,186,253,213,192,109,,28,,,b'\x11\xe8\xe1I\xc8\x86\xdbL\xaf\x82\x12\xdf\x17\xaeN\x1e'
11E8E149-C886-DB4C-AF82-12DF17AE4E1E,2021-ncaa-d0-natl,ncaa,27,143,5,72,8,2,5,11,1,6,28,2,3,11,1,66,10,29,3,29,140,10,10,1,1,1,94,64,281,136,252,11,236,25,153,4,25,317,78,7,68,262,85,242,,,311,25,,,60,3,26,204,2,4,80,16,209,7,46,73,184,183,93,121,315,95,234,6,94,226,200,,84,,,78,343,343,343,319,343,341,320,343,343,294,255,328,336,71,337,129,343,343,325,316,338,172,257,33,343,236,297,252,329,153,343,176,91,327,332,318,154,238,104,,,18,214,,,60,341,2,338,77,343,342,339,333,289,327,322,170,203,204,339,321,286,29,98,323,306,164,82,,193,,,b'\x11\xe8\xe1I\xc8\x86\xdbL\xaf\x82\x12\xdf\x17\xaeN\x1e'
11E8E149-C886-DB4C-AF82-12DF17AE4E1E,2021-ncaa-d1-conf-Big Ten,ncaa,3,8,1,6,1,1,1,2,1,2,5,1,1,1,1,1,2,4,1,4,5,2,1,1,1,1,2,2,12,12,12,1,12,2,5,1,1,12,7,2,8,11,8,10,,,14,3,,,4,1,3,4,2,2,7,3,14,1,2,6,9,9,8,10,14,4,11,1,7,10,10,,5,,,5,14,14,14,11,14,14,12,14,14,10,12,14,14,1,14,8,14,14,12,10,12,5,10,3,14,12,9,12,13,5,13,4,6,12,10,10,8,6,7,,,2,6,,,4,14,2,13,4,14,14,14,11,11,14,14,6,10,10,14,13,12,3,6,10,12,7,1,,7,,,b'\x11\xe8\xe1I\xc8\x86\xdbL\xaf\x82\x12\xdf\x17\xaeN\x1e'
11E8E149-C886-DB4C-AF82-12DF17AE4E1E,2021-ncaa-d1-natl,ncaa,28,143,6,72,8,2,5,13,1,7,33,2,4,12,1,67,12,36,3,34,139,12,10,1,1,1,92,60,279,157,258,13,244,32,162,4,25,310,80,8,73,266,92,242,,,304,25,,,64,5,28,203,2,4,83,17,215,8,47,74,185,183,97,128,315,99,240,6,95,232,202,,83,,,82,343,343,343,320,343,340,320,343,341,296,255,319,329,69,329,130,343,342,327,319,338,167,257,32,343,244,285,258,326,162,343,176,106,329,333,314,156,231,110,,,21,213,,,64,339,2,338,81,343,342,340,335,293,327,321,168,204,206,338,321,290,29,100,326,309,169,84,,194,,,b'\x11\xe8\xe1I\xc8\x86\xdbL\xaf\x82\x12\xdf\x17\xaeN\x1e'
11E8E149-C886-DB4C-AF82-12DF17AE4E1E,2021-ncaa-d1-ncaatournament,ncaa,9,2,9,9,12,10,9,12,6,12,14,8,3,5,5,12,16,20,4,19,44,13,13,2,2,2,24,14,47,21,38,15,48,16,44,7,31,54,36,14,16,43,18,40,,,43,3,,,15,10,12,7,3,5,19,16,37,3,11,34,46,47,23,27,48,28,38,8,41,34,37,,6,,,18,57,58,56,38,57,55,36,59,59,34,54,50,48,34,48,13,56,55,41,35,42,40,49,13,57,48,54,38,55,44,60,49,18,54,58,59,47,49,35,,,16,46,,,15,54,3,47,23,45,51,60,46,45,54,58,17,17,17,57,52,53,22,35,56,52,47,33,,48,,,b'\x11\xe8\xe1I\xc8\x86\xdbL\xaf\x82\x12\xdf\x17\xaeN\x1e'
11E8E149-C886-DB4C-AF82-12DF17AE4E1E,2022-ncaa-d0-natl,ncaa,34,35,52,35,67,5,6,51,1,12,80,1,40,58,27,133,8,57,1,59,109,48,56,1,1,1,196,194,171,285,285,16,109,63,91,5,27,192,76,7,144,259,118,186,,,224,39,,,16,24,17,246,2,2,63,5,144,53,95,12,95,100,56,92,333,8,94,3,99,215,154,,117,,,17,341,339,347,119,317,317,157,340,349,118,290,261,265,175,265,131,344,337,146,129,217,228,273,102,324,109,179,285,247,91,271,62,187,323,257,259,145,253,171,,,34,77,,,16,330,1,216,21,301,299,348,252,295,320,339,181,188,189,346,326,261,44,123,180,282,176,194,,60,,,b'\x11\xe8\xe1I\xc8\x86\xdbL\xaf\x82\x12\xdf\x17\xaeN\x1e'
11E8E149-C886-DB4C-AF82-12DF17AE4E1E,2022-ncaa-d1-conf-Big Ten,ncaa,1,1,1,1,1,1,1,2,1,1,2,1,3,4,2,8,1,1,1,1,3,2,2,1,1,1,11,11,6,13,10,1,6,2,5,1,3,12,7,1,6,12,5,10,,,11,2,,,1,1,1,6,1,1,6,1,6,4,8,2,3,3,5,3,13,1,4,1,6,9,7,,5,,,1,14,14,14,3,14,14,3,12,14,4,8,10,12,4,12,6,14,14,2,2,8,7,7,6,13,6,6,10,11,5,10,2,8,13,9,11,7,13,11,,,1,2,,,1,14,1,10,1,11,11,14,11,14,9,13,8,9,8,14,14,13,3,4,4,13,8,12,,2,,,b'\x11\xe8\xe1I\xc8\x86\xdbL\xaf\x82\x12\xdf\x17\xaeN\x1e'
11E8E149-C886-DB4C-AF82-12DF17AE4E1E,2022-ncaa-d1-natl,ncaa,35,35,67,37,83,6,7,64,1,14,95,1,50,71,31,133,11,65,1,70,108,58,71,1,1,1,193,196,166,307,294,17,115,72,96,6,29,167,81,7,176,276,132,187,,,196,41,,,16,27,17,240,2,2,72,5,150,56,97,12,95,100,65,97,341,10,103,3,104,226,158,,117,,,17,336,335,344,130,309,311,166,334,344,127,290,243,249,189,247,130,341,335,158,141,238,231,274,103,314,115,142,294,217,96,252,64,232,326,273,230,154,246,183,,,43,73,,,16,328,1,238,22,311,313,348,258,296,321,339,193,194,195,346,326,268,48,129,195,289,179,204,,57,,,b'\x11\xe8\xe1I\xc8\x86\xdbL\xaf\x82\x12\xdf\x17\xaeN\x1e'
11E8E149-C886-DB4C-AF82-12DF17AE4E1E,2022-ncaa-d1-ncaatournament,ncaa,17,2,17,17,18,17,17,24,10,19,27,9,16,16,18,16,22,28,2,28,34,23,29,7,5,2,20,17,37,47,64,18,40,27,50,10,1,24,6,1,14,12,20,11,,,37,7,,,9,21,17,5,5,6,28,17,43,10,12,18,39,38,28,45,63,4,27,1,3,9,21,,12,,,2,40,40,50,7,35,33,24,50,58,9,67,23,25,28,25,17,49,48,11,6,8,55,61,12,51,40,44,64,48,50,40,43,23,36,28,19,6,36,40,,,27,32,,,9,48,6,11,2,19,19,63,7,6,49,66,6,8,7,56,55,57,43,56,26,29,6,37,,36,,,b'\x11\xe8\xe1I\xc8\x86\xdbL\xaf\x82\x12\xdf\x17\xaeN\x1e'
11E8E149-C886-DB4C-AF82-12DF17AE4E1E,2023-ncaa-d0-natl,ncaa,3,20,1,19,1,1,1,7,1,7,55,1,2,5,7,68,3,5,34,5,19,5,4,1,1,1,86,88,193,196,290,2,30,11,62,1,7,305,61,4,54,227,149,272,,,289,25,,,8,1,15,167,1,1,68,16,241,6,39,15,41,36,45,79,338,11,80,1,87,177,242,,68,,,11,361,361,361,159,360,359,202,361,361,124,306,332,320,295,323,124,361,361,180,172,263,233,271,114,327,30,347,290,343,62,357,166,76,325,302,356,233,258,156,,,4,56,,,8,361,2,217,14,321,325,354,277,285,325,342,211,182,181,346,326,131,79,84,273,263,266,126,,37,,,b'\x11\xe8\xe1I\xc8\x86\xdbL\xaf\x82\x12\xdf\x17\xaeN\x1e'
11E8E149-C886-DB4C-AF82-12DF17AE4E1E,2023-ncaa-d1-conf-Big Ten,ncaa,1,1,1,1,1,1,1,3,1,1,8,1,1,1,1,4,1,1,8,1,2,2,1,1,1,1,4,5,10,9,8,1,1,1,1,1,1,8,6,1,10,11,7,12,,,4,1,,,1,1,1,9,1,1,7,1,11,1,3,4,2,2,4,4,13,1,3,1,6,10,11,,2,,,1,13,10,14,1,9,12,5,11,14,2,12,12,12,13,10,6,14,14,1,2,7,9,9,10,8,1,4,8,6,1,6,3,10,13,11,11,9,3,5,,,2,3,,,1,14,1,6,1,8,9,13,8,12,9,14,10,8,7,13,11,6,1,2,5,12,9,2,,3,,,b'\x11\xe8\xe1I\xc8\x86\xdbL\xaf\x82\x12\xdf\x17\xaeN\x1e'
11E8E149-C886-DB4C-AF82-12DF17AE4E1E,2023-ncaa-d1-natl,ncaa,4,20,1,19,1,1,1,9,1,7,64,1,2,5,7,70,3,6,36,5,19,6,5,1,1,1,82,90,194,232,299,2,33,12,65,1,7,285,66,4,69,240,162,283,,,274,26,,,8,1,17,167,1,1,74,16,251,8,38,14,41,38,52,86,340,12,87,1,91,192,246,,69,,,11,361,361,361,174,360,359,212,361,360,135,306,325,312,302,317,122,361,361,203,195,287,234,270,110,317,33,337,299,336,65,357,170,100,329,314,352,238,252,167,,,4,50,,,8,361,2,248,14,332,327,355,293,287,328,341,223,190,190,348,325,137,81,89,282,278,270,131,,36,,,b'\x11\xe8\xe1I\xc8\x86\xdbL\xaf\x82\x12\xdf\x17\xaeN\x1e'
11E8E149-C886-DB4C-AF82-12DF17AE4E1E,2023-ncaa-d1-ncaatournament,ncaa,2,2,1,2,1,1,1,2,2,3,4,2,1,1,7,12,1,2,18,2,3,2,2,2,2,1,8,10,27,11,49,1,55,3,46,1,9,68,37,7,2,27,8,48,,,67,13,,,4,1,11,7,1,5,46,30,63,4,11,10,15,15,33,34,61,27,45,3,38,18,44,,21,,,9,68,68,68,30,68,68,25,68,67,44,42,66,66,28,66,12,68,68,33,26,29,31,51,16,68,55,67,49,68,46,68,34,2,42,36,68,42,59,19,,,1,10,,,4,68,1,35,9,47,50,62,49,57,51,50,19,19,20,61,65,61,17,42,48,27,39,13,,9,,,b'\x11\xe8\xe1I\xc8\x86\xdbL\xaf\x82\x12\xdf\x17\xaeN\x1e'
11E8E149-C886-DB4C-AF82-12DF17AE4E1E,2024-ncaa-d0-natl,ncaa,2,4,1,4,2,1,1,2,2,7,71,1,1,1,9,19,2,5,16,5,18,3,3,1,1,1,27,31,239,58,154,3,37,7,25,1,23,277,25,5,68,227,63,151,,,246,11,,,5,1,13,146,1,2,18,26,271,1,4,14,36,39,16,28,188,9,17,1,74,175,129,,46,,,6,360,360,360,133,355,353,201,360,360,156,346,278,265,267,269,73,360,360,183,161,242,273,337,36,336,37,344,154,347,25,355,187,80,315,303,324,101,278,210,,,3,72,,,5,360,1,207,8,314,320,353,243,249,349,357,118,105,106,344,326,172,91,110,294,249,166,145,,26,,,b'\x11\xe8\xe1I\xc8\x86\xdbL\xaf\x82\x12\xdf\x17\xaeN\x1e'
11E8E149-C886-DB4C-AF82-12DF17AE4E1E,2024-ncaa-d1-conf-Big Ten,ncaa,1,1,2,1,2,1,1,1,2,2,11,1,1,1,2,1,1,1,3,1,1,1,1,1,1,1,1,1,7,5,5,1,4,2,2,1,1,7,3,1,5,6,4,7,,,5,1,,,1,1,1,2,1,1,1,5,13,1,1,1,1,1,1,1,7,1,2,1,4,5,6,,1,,,1,14,14,14,1,14,14,4,13,14,2,11,11,9,8,9,5,14,14,1,1,2,11,11,5,12,4,11,5,13,2,8,3,7,11,7,11,9,11,13,,,1,3,,,1,14,1,4,1,11,12,14,10,13,13,13,9,6,6,14,13,8,6,8,6,7,9,10,,1,,,b'\x11\xe8\xe1I\xc8\x86\xdbL\xaf\x82\x12\xdf\x17\xaeN\x1e'
11E8E149-C886-DB4C-AF82-12DF17AE4E1E,2024-ncaa-d1-natl,ncaa,2,4,3,4,4,1,1,2,2,8,91,1,1,1,9,19,2,7,15,8,16,3,4,1,1,1,26,30,232,78,167,3,44,7,30,1,23,248,27,6,82,244,68,154,,,228,12,,,5,1,18,148,1,2,19,27,277,1,6,15,39,43,18,29,203,10,17,1,76,186,132,,48,,,6,361,361,362,152,355,355,212,362,362,169,346,262,244,274,250,77,362,361,199,177,255,274,334,35,328,44,337,167,346,30,357,189,106,323,312,314,108,274,221,,,3,64,,,5,361,1,231,9,322,326,356,254,257,351,359,121,111,111,347,328,179,99,118,298,267,172,154,,24,,,b'\x11\xe8\xe1I\xc8\x86\xdbL\xaf\x82\x12\xdf\x17\xaeN\x1e'
11E8E149-C886-DB4C-AF82-12DF17AE4E1E,2024-ncaa-d1-ncaatournament,ncaa,1,1,1,1,1,1,2,2,13,3,6,9,1,1,28,17,3,2,23,3,11,2,1,11,9,9,18,25,23,3,28,1,34,2,18,4,41,68,33,29,5,37,10,32,,,62,3,,,2,1,9,5,5,10,32,23,51,12,12,9,9,9,22,16,31,5,5,23,39,32,31,,6,,,4,68,67,68,10,67,67,27,68,68,11,61,59,64,5,64,14,68,68,16,6,12,35,59,8,67,34,66,28,66,18,68,45,6,53,43,68,54,66,38,,,1,21,,,2,68,7,20,4,29,40,66,29,45,48,62,6,15,16,63,61,57,15,40,45,46,55,36,,12,,,b'\x11\xe8\xe1I\xc8\x86\xdbL\xaf\x82\x12\xdf\x17\xaeN\x1e'
11E8E149-C886-DB4C-AF82-12DF17AE4E1E,2025-ncaa-d0-natl,genius_ncaa,61,77,29,78,38,36,37,64,16,36,90,23,45,75,32,146,71,69,171,77,136,62,50,20,22,41,177,149,250,147,166,24,19,37,34,11,20,296,155,44,144,223,95,111,,,280,159,,272,61,39,83,140,43,41,127,55,178,70,125,123,129,146,119,121,227,26,74,10,180,211,134,,165,,213,65,318,289,322,104,178,252,78,350,346,290,326,235,214,276,213,173,315,308,162,155,179,334,343,136,142,19,217,166,187,34,295,233,103,197,199,319,231,288,231,,,28,57,,28,61,325,56,131,68,200,162,239,65,101,336,329,154,128,128,215,206,47,66,49,200,182,240,227,,58,,50,b'\x11\xe8\xe1I\xc8\x86\xdbL\xaf\x82\x12\xdf\x17\xaeN\x1e'
11E8E149-C886-DB4C-AF82-12DF17AE4E1E,2025-ncaa-d1-conf-Big Ten,genius_ncaa,6,8,1,8,1,5,5,5,4,8,13,3,4,2,5,3,8,5,14,5,3,5,4,4,5,7,3,4,12,7,6,1,1,3,2,3,4,17,14,8,6,6,11,10,,,13,12,,8,3,5,11,2,9,9,13,13,16,4,4,10,8,9,12,11,9,3,4,3,13,6,12,,8,,6,3,9,8,16,3,2,8,3,18,17,13,16,10,9,12,9,9,15,14,5,5,6,18,18,11,7,1,10,6,10,2,10,13,6,6,7,16,15,12,14,,,1,3,,2,3,15,6,3,3,6,3,6,1,3,14,15,8,7,7,6,7,3,4,3,7,8,15,9,,5,,3,b'\x11\xe8\xe1I\xc8\x86\xdbL\xaf\x82\x12\xdf\x17\xaeN\x1e'
11E8E149-C886-DB4C-AF82-12DF17AE4E1E,2025-ncaa-d1-natl,genius_ncaa,65,77,43,79,53,46,46,74,17,46,112,25,56,90,33,149,80,80,172,92,134,77,68,21,23,42,172,146,243,180,182,28,21,47,37,12,20,272,163,47,165,239,105,116,,,260,167,,266,71,54,91,135,47,45,138,57,183,74,132,124,132,150,142,133,235,28,85,10,183,227,145,,173,,221,73,308,275,315,113,153,230,83,348,341,299,325,222,199,285,197,177,305,289,175,174,199,334,341,137,121,21,181,182,156,37,284,235,124,211,205,302,239,282,240,,,37,56,,32,71,310,61,152,75,210,172,243,70,104,338,331,160,131,130,221,202,49,68,51,213,192,248,233,,56,,47,b'\x11\xe8\xe1I\xc8\x86\xdbL\xaf\x82\x12\xdf\x17\xaeN\x1e'
11E8E149-C886-DB4C-AF82-12DF17AE4E1E,2025-ncaa-d1-ncaatournament,genius_ncaa,17,2,17,17,20,20,17,19,12,18,17,22,14,22,1,42,57,53,64,53,66,21,18,9,19,22,52,21,68,36,58,18,45,22,48,13,9,48,42,16,27,47,33,47,,,47,33,,57,23,17,2,7,11,4,10,8,9,5,31,66,65,65,18,13,52,7,19,1,48,42,43,,51,,61,23,48,43,51,10,38,42,32,48,59,13,63,57,56,27,55,62,52,52,14,19,22,54,45,57,55,45,52,58,52,48,46,44,24,38,28,52,45,45,38,,,30,60,,32,23,51,28,25,24,47,33,60,21,27,43,67,58,59,58,63,65,59,56,62,38,30,49,50,,46,,41,b'\x11\xe8\xe1I\xc8\x86\xdbL\xaf\x82\x12\xdf\x17\xaeN\x1e'
11E8E149-C886-DB4C-AF82-12DF17AE4E1E,2026-ncaa-d0-natl,genius_ncaa,17,13,49,19,73,31,22,61,12,25,65,13,50,88,36,201,96,70,285,67,147,58,69,12,18,20,259,168,306,76,63,13,10,21,10,7,10,181,69,17,84,116,80,81,,,192,73,,293,19,71,109,97,21,19,75,21,107,66,148,150,112,104,71,122,126,4,10,5,82,117,99,,80,,253,17,164,165,299,15,95,244,17,306,331,102,326,88,170,4,178,117,291,284,21,10,25,313,347,68,154,10,182,63,176,10,179,190,120,192,118,241,135,295,194,,,59,132,,205,19,297,18,22,17,32,38,222,18,94,259,318,36,78,80,188,162,52,44,34,71,188,148,240,,105,,259,b'\x11\xe8\xe1I\xc8\x86\xdbL\xaf\x82\x12\xdf\x17\xaeN\x1e'
11E8E149-C886-DB4C-AF82-12DF17AE4E1E,2026-ncaa-d1-conf-Big Ten,genius_ncaa,1,1,1,1,3,7,5,10,4,4,3,5,10,17,1,17,13,8,18,8,10,7,10,5,5,5,15,12,16,6,2,3,9,5,2,1,2,3,3,2,5,6,3,5,,,1,1,,9,2,14,15,3,7,5,10,4,3,10,17,13,8,8,7,10,6,3,5,1,3,5,3,,1,,9,2,1,1,8,1,4,15,1,1,1,1,1,3,6,3,4,3,6,10,1,1,1,2,1,14,15,9,3,2,7,2,1,2,7,5,2,10,10,12,11,,,8,7,,2,2,3,4,1,2,1,1,8,4,15,1,1,3,6,4,6,10,15,3,7,1,7,10,12,,8,,2,b'\x11\xe8\xe1I\xc8\x86\xdbL\xaf\x82\x12\xdf\x17\xaeN\x1e'
11E8E149-C886-DB4C-AF82-12DF17AE4E1E,2026-ncaa-d1-natl,genius_ncaa,18,13,85,20,117,39,26,88,12,28,100,15,67,127,36,197,129,103,285,99,148,88,112,12,18,22,243,165,305,110,79,16,15,30,10,8,10,138,74,18,128,151,100,93,,,146,78,,279,19,115,121,100,23,20,93,23,126,71,162,158,121,118,95,147,152,4,14,6,83,151,113,,88,,263,18,115,130,259,17,63,183,20,290,316,123,318,56,122,5,130,123,242,231,24,12,35,310,348,67,102,15,129,79,117,10,141,194,178,233,157,192,152,280,217,,,85,120,,227,19,256,18,27,18,43,50,235,22,103,271,322,37,85,88,200,153,59,47,37,89,225,159,260,,111,,256,b'\x11\xe8\xe1I\xc8\x86\xdbL\xaf\x82\x12\xdf\x17\xaeN\x1e'
11E8E149-C88B-0E2E-AF82-12DF17AE4E1E,2010-ncaa-d0-natl,ncaa,30,28,50,32,72,80,101,177,44,220,303,61,10,23,10,16,162,214,40,215,77,180,217,16,16,15,14,15,254,169,80,52,3,89,8,63,43,42,68,24,324,321,224,188,,,54,116,,,24,239,344,247,121,161,302,299,332,15,37,221,280,285,308,337,237,92,165,73,17,338,245,,20,,,24,45,43,167,21,21,54,42,261,310,43,330,63,30,333,30,88,125,76,33,32,105,307,321,115,10,3,37,80,13,8,90,232,320,312,275,6,12,266,327,,,84,25,,,24,116,8,53,18,8,11,30,6,7,217,290,30,18,19,10,2,5,7,2,45,338,2,222,,168,,,b'\x11\xe8\xe1I\xc8\x8b\x0e.\xaf\x82\x12\xdf\x17\xaeN\x1e'
11E8E149-C88B-0E2E-AF82-12DF17AE4E1E,2010-ncaa-d1-conf-Big 12,ncaa,4,2,8,4,11,11,11,12,7,12,12,8,1,5,2,2,12,12,3,12,5,12,12,4,3,5,1,1,10,7,1,8,3,8,1,6,1,5,9,3,11,8,12,10,,,3,8,,,4,12,12,5,10,10,12,11,12,1,2,11,11,12,12,11,6,8,7,3,5,11,12,,3,,,4,1,1,1,2,1,1,4,7,10,3,11,3,4,9,4,8,1,1,3,2,4,11,10,10,1,3,1,1,1,1,1,8,12,9,9,1,7,8,12,,,9,5,,,4,1,4,4,3,1,1,1,1,1,10,10,3,4,4,1,1,1,1,1,2,12,3,9,,9,,,b'\x11\xe8\xe1I\xc8\x8b\x0e.\xaf\x82\x12\xdf\x17\xaeN\x1e'
11E8E149-C88B-0E2E-AF82-12DF17AE4E1E,2010-ncaa-d1-natl,ncaa,32,28,53,33,78,90,112,190,45,235,317,62,13,26,11,16,169,226,40,227,73,195,243,17,16,15,14,14,252,184,82,57,3,98,8,67,45,31,70,24,331,323,231,191,,,45,116,,,25,259,344,244,124,167,303,303,333,15,38,220,282,285,310,337,241,94,169,76,17,339,245,,19,,,24,36,29,152,22,14,38,45,253,306,46,329,58,29,336,29,90,109,49,36,34,113,307,321,115,7,3,23,82,7,8,83,232,328,315,284,5,12,262,327,,,94,24,,,25,96,8,62,18,8,11,32,6,8,217,290,30,18,19,10,2,5,7,2,46,340,2,225,,168,,,b'\x11\xe8\xe1I\xc8\x8b\x0e.\xaf\x82\x12\xdf\x17\xaeN\x1e'
11E8E149-C88B-0E2E-AF82-12DF17AE4E1E,2010-ncaa-d1-ncaatournament,ncaa,9,2,9,9,11,15,15,14,29,19,19,31,6,5,21,14,18,24,12,23,32,16,16,24,22,21,19,14,36,22,49,10,5,12,18,14,17,51,34,22,28,54,21,39,,,47,21,,,22,16,54,9,40,38,48,41,55,16,14,40,45,46,56,62,57,14,36,23,19,58,44,,9,,,22,49,46,49,5,40,47,5,59,57,40,60,55,46,61,46,35,49,49,16,20,18,59,58,40,43,5,53,49,50,18,55,60,15,28,36,43,21,56,52,,,13,16,,,22,49,29,14,19,10,6,15,3,5,53,55,29,15,15,7,2,4,24,9,32,38,14,45,,26,,,b'\x11\xe8\xe1I\xc8\x8b\x0e.\xaf\x82\x12\xdf\x17\xaeN\x1e'
11E8E149-C88B-0E2E-AF82-12DF17AE4E1E,2011-ncaa-d0-natl,ncaa,58,60,43,61,46,89,114,220,30,189,285,36,36,72,14,58,73,88,98,84,8,179,195,19,16,23,34,51,127,236,178,20,1,68,9,70,60,109,152,60,341,342,178,153,,,60,75,,,31,178,329,75,127,181,331,255,331,44,111,101,131,126,312,329,298,18,114,105,59,343,213,,20,,,30,71,107,242,26,37,68,56,311,331,63,340,18,13,173,14,37,179,116,54,29,108,297,338,24,9,1,52,178,18,9,147,216,302,314,285,74,91,198,278,,,14,1,,,31,175,32,60,25,21,39,103,12,10,278,330,8,7,8,40,7,3,11,3,87,338,48,146,,11,,,b'\x11\xe8\xe1I\xc8\x8b\x0e.\xaf\x82\x12\xdf\x17\xaeN\x1e'
11E8E149-C88B-0E2E-AF82-12DF17AE4E1E,2011-ncaa-d1-conf-Big 12,ncaa,5,5,3,5,3,5,6,12,2,8,11,1,3,7,2,4,5,5,5,6,2,11,9,1,2,2,2,4,4,10,6,2,1,4,2,4,3,5,9,5,11,11,9,8,,,2,5,,,3,8,11,2,5,6,12,8,12,4,7,5,6,6,12,11,10,2,6,4,6,11,10,,3,,,3,1,1,4,2,2,2,7,9,10,2,12,2,2,6,2,5,1,3,5,2,4,10,10,3,1,1,1,6,1,2,7,11,10,6,9,4,7,4,6,,,3,1,,,3,5,3,3,3,2,3,3,3,1,10,9,2,3,3,1,1,1,2,1,6,9,5,5,,1,,,b'\x11\xe8\xe1I\xc8\x8b\x0e.\xaf\x82\x12\xdf\x17\xaeN\x1e'
11E8E149-C88B-0E2E-AF82-12DF17AE4E1E,2011-ncaa-d1-natl,ncaa,63,57,51,63,57,99,129,243,30,202,303,35,41,76,13,59,83,103,97,96,7,205,228,19,16,23,30,50,125,257,181,21,1,79,9,78,59,89,157,63,342,342,192,156,,,46,77,,,33,214,329,75,137,188,334,262,331,46,110,103,131,125,316,329,300,19,122,113,59,343,218,,20,,,32,50,93,222,28,25,52,61,307,330,66,340,13,10,178,11,37,151,83,58,34,114,296,338,23,5,1,38,181,10,9,134,215,315,316,290,66,92,187,282,,,14,1,,,33,142,32,65,26,22,42,110,13,11,278,328,9,7,8,43,7,3,11,3,91,340,48,154,,11,,,b'\x11\xe8\xe1I\xc8\x8b\x0e.\xaf\x82\x12\xdf\x17\xaeN\x1e'
11E8E149-C88B-0E2E-AF82-12DF17AE4E1E,2011-ncaa-d1-ncaatournament,ncaa,33,2,33,33,34,41,48,50,47,49,53,41,42,42,44,26,27,26,34,26,1,41,39,48,37,41,8,41,1,34,11,33,1,33,1,40,13,15,33,39,58,59,56,56,,,24,63,,,40,45,30,3,34,47,41,47,49,31,17,2,1,1,21,16,8,4,4,27,39,58,56,,53,,,42,17,9,6,35,2,1,43,37,37,44,64,27,25,23,25,63,12,4,54,53,59,63,63,41,1,1,11,11,2,1,30,63,63,61,63,11,30,18,39,,,33,2,,,40,17,33,52,40,44,30,17,4,1,63,63,48,51,50,27,4,1,31,4,59,63,30,34,,1,,,b'\x11\xe8\xe1I\xc8\x8b\x0e.\xaf\x82\x12\xdf\x17\xaeN\x1e'
11E8E149-C88B-0E2E-AF82-12DF17AE4E1E,2012-ncaa-d0-natl,ncaa,123,107,120,121,126,140,209,237,145,304,333,56,19,18,108,7,101,133,63,133,2,218,236,59,48,53,4,12,102,223,179,62,3,131,23,66,6,97,165,46,320,313,245,222,,,62,125,,,85,240,308,60,152,235,296,330,340,14,14,97,148,143,272,302,243,45,134,50,95,328,253,,43,,,80,76,86,125,105,45,57,114,274,288,177,318,40,48,126,43,102,93,61,153,126,194,281,314,66,5,3,82,179,22,23,185,277,302,277,289,178,223,282,341,,,50,2,,,85,114,72,125,74,62,78,87,29,27,258,277,41,42,39,54,14,5,70,11,172,318,169,278,,24,,,b'\x11\xe8\xe1I\xc8\x8b\x0e.\xaf\x82\x12\xdf\x17\xaeN\x1e'
11E8E149-C88B-0E2E-AF82-12DF17AE4E1E,2012-ncaa-d1-conf-Big 12,ncaa,5,4,7,5,7,7,10,10,6,10,10,5,1,2,4,1,3,5,1,5,1,10,10,3,2,4,1,2,2,8,7,5,1,8,2,3,1,6,9,5,10,9,10,10,,,1,2,,,3,10,10,1,6,9,9,9,10,1,1,3,4,5,9,9,8,4,6,3,7,9,10,,2,,,3,2,3,1,4,3,1,5,4,6,3,10,2,2,5,2,3,1,1,4,3,4,4,8,3,1,1,2,7,1,2,7,9,9,9,9,9,9,6,10,,,5,2,,,3,1,4,4,3,3,4,4,4,2,6,6,2,2,2,4,1,2,3,2,8,9,9,6,,2,,,b'\x11\xe8\xe1I\xc8\x8b\x0e.\xaf\x82\x12\xdf\x17\xaeN\x1e'
11E8E149-C88B-0E2E-AF82-12DF17AE4E1E,2012-ncaa-d1-natl,ncaa,128,107,137,125,143,163,229,262,154,322,338,62,20,18,108,7,112,146,62,146,2,248,268,62,49,57,4,12,101,239,184,74,3,150,24,73,6,85,167,48,328,318,256,227,,,46,123,,,91,269,308,58,160,244,297,332,340,14,14,99,145,145,276,303,244,47,142,52,97,331,257,,47,,,85,58,69,98,116,36,40,123,267,280,179,316,32,40,132,38,105,64,35,163,135,205,280,313,65,3,3,61,184,11,24,174,278,315,284,294,160,225,274,341,,,55,3,,,91,81,78,136,75,68,86,88,37,30,257,276,44,42,40,56,13,5,69,12,180,319,169,280,,25,,,b'\x11\xe8\xe1I\xc8\x8b\x0e.\xaf\x82\x12\xdf\x17\xaeN\x1e'
11E8E149-C88B-0E2E-AF82-12DF17AE4E1E,2012-ncaa-d1-ncaatournament,ncaa,33,2,33,33,34,44,58,64,8,64,64,8,26,41,4,2,36,40,28,40,1,64,56,1,1,38,1,1,11,58,43,40,2,50,1,42,2,42,64,58,49,38,50,27,,,12,35,,,44,43,24,5,42,58,64,64,64,3,10,17,22,21,64,53,57,16,42,29,64,39,46,,29,,,47,15,12,14,40,1,1,44,43,36,43,64,8,5,45,5,37,9,5,53,51,53,64,64,18,2,2,1,43,1,1,23,56,47,34,53,49,64,6,51,,,34,4,,,44,20,43,34,45,43,31,24,1,2,63,63,16,10,9,14,5,2,1,1,54,40,64,8,,5,,,b'\x11\xe8\xe1I\xc8\x8b\x0e.\xaf\x82\x12\xdf\x17\xaeN\x1e'
11E8E149-C88B-0E2E-AF82-12DF17AE4E1E,2013-ncaa-d0-natl,ncaa,42,40,41,46,48,50,101,171,34,208,330,7,13,12,66,10,38,114,1,110,6,162,139,8,4,19,15,26,102,255,195,14,3,57,12,15,3,258,242,45,278,306,182,179,,,151,118,,,38,102,238,136,68,141,299,274,338,18,17,55,171,167,288,276,296,9,100,14,187,308,223,,69,,,38,183,198,276,55,82,131,87,323,335,124,329,47,53,42,57,92,255,210,98,58,123,299,333,39,36,3,66,195,37,12,288,321,247,296,309,230,210,125,262,,,20,8,,,38,253,35,78,37,72,95,177,36,39,304,328,31,38,40,120,58,18,20,6,240,309,166,92,,29,,,b'\x11\xe8\xe1I\xc8\x8b\x0e.\xaf\x82\x12\xdf\x17\xaeN\x1e'
11E8E149-C88B-0E2E-AF82-12DF17AE4E1E,2013-ncaa-d1-conf-Big 12,ncaa,2,2,1,2,1,3,5,9,3,7,9,2,2,2,3,2,1,3,1,3,1,6,5,2,2,2,2,3,2,9,6,2,1,2,2,2,1,9,9,3,8,9,8,8,,,7,6,,,2,4,8,3,4,6,10,8,9,2,3,2,5,5,10,9,10,2,7,2,9,9,8,,4,,,2,7,7,7,5,6,6,5,8,8,5,8,3,5,3,5,3,7,7,5,3,6,5,8,3,1,1,4,6,2,2,8,9,8,7,8,10,10,6,7,,,1,1,,,2,7,2,3,2,3,5,4,5,4,8,7,3,3,3,3,2,1,3,1,7,9,9,5,,2,,,b'\x11\xe8\xe1I\xc8\x8b\x0e.\xaf\x82\x12\xdf\x17\xaeN\x1e'
11E8E149-C88B-0E2E-AF82-12DF17AE4E1E,2013-ncaa-d1-natl,ncaa,42,40,49,46,56,57,109,197,35,224,333,8,14,12,68,10,42,122,1,120,5,187,160,9,4,19,14,25,99,265,199,16,3,68,12,16,3,247,245,47,293,309,196,181,,,135,123,,,39,129,241,136,70,148,300,281,338,18,17,55,169,163,289,278,297,10,105,14,189,309,225,,70,,,38,166,178,264,59,72,104,92,322,332,131,329,43,48,42,52,91,241,191,107,63,133,299,333,38,30,3,50,199,24,12,280,321,271,300,315,215,214,120,270,,,24,9,,,39,226,35,84,38,78,98,178,37,39,303,328,31,38,40,123,56,18,20,6,242,312,168,90,,29,,,b'\x11\xe8\xe1I\xc8\x8b\x0e.\xaf\x82\x12\xdf\x17\xaeN\x1e'
11E8E149-C88B-0E2E-AF82-12DF17AE4E1E,2013-ncaa-d1-ncaatournament,ncaa,17,2,17,17,19,24,26,31,17,32,36,4,10,11,22,4,22,25,8,24,2,30,29,7,5,12,5,11,25,34,38,15,9,20,5,17,8,44,54,28,60,64,30,38,,,37,13,,,19,27,44,7,25,33,61,51,64,4,5,23,32,30,55,52,50,1,13,9,47,64,40,,12,,,17,38,41,46,6,26,38,3,54,51,38,60,20,22,11,20,13,41,38,19,8,25,59,62,11,39,9,33,38,37,5,45,46,50,63,60,45,55,16,30,,,23,20,,,19,38,20,23,17,20,20,54,4,16,61,62,9,9,9,45,19,23,9,10,36,63,44,10,,27,,,b'\x11\xe8\xe1I\xc8\x8b\x0e.\xaf\x82\x12\xdf\x17\xaeN\x1e'
11E8E149-C88B-0E2E-AF82-12DF17AE4E1E,2014-ncaa-d0-natl,ncaa,89,72,131,82,145,98,186,228,134,320,342,37,13,9,100,4,32,104,1,104,2,203,247,46,14,10,3,8,35,295,272,118,25,205,115,123,73,24,52,38,325,324,160,140,,,31,43,,,58,211,284,122,65,218,274,336,348,11,7,18,90,88,243,298,306,103,229,117,30,331,158,,20,,,52,117,172,170,185,133,124,177,252,235,250,263,26,44,24,40,58,127,103,209,150,202,165,298,21,36,25,116,272,57,115,202,222,279,265,283,78,130,158,333,,,102,18,,,58,135,25,154,46,103,173,148,131,101,259,234,25,39,37,88,39,27,113,47,202,299,86,158,,89,,,b'\x11\xe8\xe1I\xc8\x8b\x0e.\xaf\x82\x12\xdf\x17\xaeN\x1e'
11E8E149-C88B-0E2E-AF82-12DF17AE4E1E,2014-ncaa-d1-conf-Big 12,ncaa,5,5,7,5,7,5,7,9,7,10,10,1,1,1,6,1,3,6,1,6,1,8,9,4,1,2,1,1,1,10,10,7,4,7,6,5,2,2,4,2,10,10,8,9,,,2,3,,,6,8,7,1,3,7,7,10,10,1,1,1,4,4,6,8,10,7,7,4,3,10,8,,2,,,6,7,8,5,8,8,6,8,5,4,7,4,2,2,3,2,3,4,3,8,8,8,2,6,2,2,4,2,10,3,6,9,9,9,8,9,3,5,2,10,,,5,2,,,6,3,2,8,6,8,9,9,8,9,7,5,2,2,2,7,4,3,5,5,9,8,5,2,,4,,,b'\x11\xe8\xe1I\xc8\x8b\x0e.\xaf\x82\x12\xdf\x17\xaeN\x1e'
11E8E149-C88B-0E2E-AF82-12DF17AE4E1E,2014-ncaa-d1-natl,ncaa,93,72,145,83,163,115,211,253,144,329,349,37,16,11,102,5,33,109,1,108,2,231,279,46,15,10,3,9,34,306,276,140,25,234,118,140,75,18,51,41,333,325,169,144,,,19,42,,,64,246,286,114,67,225,276,337,348,12,8,20,91,91,247,298,310,111,240,122,30,333,161,,19,,,58,99,155,146,190,122,100,183,247,218,255,263,19,30,25,29,57,93,69,215,155,212,163,295,21,27,25,95,276,38,118,190,221,297,268,291,70,132,148,333,,,112,17,,,64,98,26,163,49,107,179,152,136,100,259,235,25,40,38,88,38,28,117,49,210,299,86,159,,89,,,b'\x11\xe8\xe1I\xc8\x8b\x0e.\xaf\x82\x12\xdf\x17\xaeN\x1e'
11E8E149-C88B-0E2E-AF82-12DF17AE4E1E,2014-ncaa-d1-ncaatournament,ncaa,33,2,33,33,34,60,61,48,61,62,64,49,31,18,54,1,53,60,12,60,33,54,42,60,60,63,3,5,42,47,51,49,12,47,49,43,1,34,58,52,25,1,36,11,,,17,48,,,40,43,29,3,60,61,33,62,64,10,1,51,59,59,52,31,45,46,47,35,60,2,25,,32,,,42,1,4,1,42,4,4,43,11,10,33,34,8,7,9,7,31,2,4,40,38,7,19,35,19,1,12,26,51,13,49,4,16,28,1,2,32,61,11,52,,,51,47,,,40,17,62,3,43,4,8,1,11,7,21,15,9,12,12,2,9,4,57,44,7,1,60,17,,45,,,b'\x11\xe8\xe1I\xc8\x8b\x0e.\xaf\x82\x12\xdf\x17\xaeN\x1e'
11E8E149-C88B-0E2E-AF82-12DF17AE4E1E,2015-ncaa-d0-natl,ncaa,116,103,113,112,141,85,133,154,130,285,333,72,9,12,77,6,91,164,7,158,18,152,216,52,34,19,6,8,152,231,243,62,40,122,108,47,13,18,25,10,319,328,171,194,,,47,59,,,74,211,277,199,65,156,182,317,337,7,10,94,189,183,183,290,256,51,137,30,18,331,192,,35,,,72,173,210,246,151,188,226,137,256,233,231,234,62,68,101,75,63,220,126,155,115,235,159,275,54,89,40,196,243,151,108,236,225,336,338,339,59,86,186,311,,,170,135,,,74,142,26,224,61,152,208,249,163,210,247,233,59,69,73,206,53,63,175,118,218,342,53,185,,207,,,b'\x11\xe8\xe1I\xc8\x8b\x0e.\xaf\x82\x12\xdf\x17\xaeN\x1e'
11E8E149-C88B-0E2E-AF82-12DF17AE4E1E,2015-ncaa-d1-conf-Big 12,ncaa,5,3,7,5,7,5,8,8,7,10,10,5,1,1,6,1,5,6,1,6,1,8,9,5,5,4,1,1,3,7,8,5,4,6,6,3,1,1,3,2,10,10,9,10,,,1,1,,,4,10,9,4,5,8,7,10,10,1,1,2,6,6,8,9,7,4,6,3,2,10,9,,1,,,4,3,8,7,4,6,7,4,8,5,6,6,1,1,5,1,1,6,1,7,4,7,3,8,1,4,4,3,8,5,6,7,7,10,10,10,2,7,6,9,,,7,6,,,4,2,4,7,4,6,9,10,8,8,8,7,1,1,1,9,3,6,6,5,8,10,5,6,,6,,,b'\x11\xe8\xe1I\xc8\x8b\x0e.\xaf\x82\x12\xdf\x17\xaeN\x1e'
11E8E149-C88B-0E2E-AF82-12DF17AE4E1E,2015-ncaa-d1-natl,ncaa,129,103,143,117,178,106,164,199,137,314,339,77,11,12,81,6,112,185,7,181,18,195,261,55,36,19,6,9,146,257,257,85,42,155,121,53,13,14,26,12,328,332,190,202,,,32,63,,,86,252,279,194,70,163,193,324,338,7,10,94,189,185,195,295,262,51,144,33,19,334,196,,35,,,84,143,188,213,165,165,194,145,243,219,243,235,49,56,104,61,65,188,79,169,125,250,155,276,52,67,42,178,257,118,121,220,226,343,341,341,49,89,178,314,,,204,132,,,86,103,25,240,69,159,221,250,170,216,249,233,61,72,77,207,53,66,180,124,228,343,54,189,,207,,,b'\x11\xe8\xe1I\xc8\x8b\x0e.\xaf\x82\x12\xdf\x17\xaeN\x1e'
11E8E149-C88B-0E2E-AF82-12DF17AE4E1E,2015-ncaa-d1-ncaatournament,ncaa,33,2,33,33,33,42,44,48,37,49,58,9,38,35,46,8,40,42,35,39,7,45,48,37,34,29,17,20,26,58,59,38,4,44,30,46,42,8,21,26,60,61,56,58,,,17,56,,,44,41,23,4,33,36,31,44,56,16,8,27,29,24,27,35,55,11,37,37,18,60,55,,39,,,46,19,17,18,49,21,18,46,15,16,36,18,18,23,16,19,46,20,11,46,43,56,24,21,37,7,4,15,59,8,30,2,3,61,62,46,14,31,23,59,,,37,7,,,44,16,43,50,53,44,41,26,50,35,26,24,44,51,47,38,13,7,41,22,4,61,29,48,,10,,,b'\x11\xe8\xe1I\xc8\x8b\x0e.\xaf\x82\x12\xdf\x17\xaeN\x1e'
11E8E149-C88B-0E2E-AF82-12DF17AE4E1E,2016-ncaa-d0-natl,ncaa,196,204,175,209,193,133,175,144,236,239,254,193,67,49,195,51,92,138,27,134,59,141,207,176,143,87,32,70,75,249,290,96,74,158,204,129,95,13,20,39,302,317,109,120,,,4,5,,,173,184,160,113,105,159,102,245,256,56,37,57,120,112,86,201,242,54,134,109,16,310,106,,6,,,173,224,264,251,210,224,238,167,273,224,316,211,45,31,280,31,25,212,152,231,202,277,145,272,28,116,74,287,290,247,204,322,323,310,321,342,33,49,340,347,,,158,110,,,173,159,110,263,175,252,286,307,250,278,286,252,53,39,39,255,176,133,311,269,329,318,43,344,,137,,,b'\x11\xe8\xe1I\xc8\x8b\x0e.\xaf\x82\x12\xdf\x17\xaeN\x1e'
11E8E149-C88B-0E2E-AF82-12DF17AE4E1E,2016-ncaa-d1-conf-Big 12,ncaa,8,8,7,8,7,6,9,6,8,9,8,8,2,1,7,2,4,7,1,7,3,6,9,8,8,6,1,2,1,8,9,6,8,7,9,8,5,1,1,3,10,10,9,9,,,1,1,,,8,8,9,1,6,8,4,9,8,2,1,4,6,6,5,8,7,6,7,8,1,10,8,,1,,,8,7,9,7,7,7,7,7,9,3,10,4,2,2,6,2,2,4,3,7,8,9,5,6,1,8,8,9,9,9,9,9,8,10,10,10,1,2,8,9,,,4,5,,,8,2,7,9,8,8,9,10,7,10,9,5,2,2,2,9,7,9,10,10,9,10,2,9,,4,,,b'\x11\xe8\xe1I\xc8\x8b\x0e.\xaf\x82\x12\xdf\x17\xaeN\x1e'
11E8E149-C88B-0E2E-AF82-12DF17AE4E1E,2016-ncaa-d1-natl,ncaa,216,204,218,220,238,158,205,179,242,262,276,202,82,61,200,51,104,154,24,150,58,176,246,187,150,93,30,67,64,270,292,124,81,191,215,155,96,7,21,40,319,320,123,128,,,3,5,,,187,231,159,101,111,171,105,252,258,56,40,58,122,118,89,207,249,58,139,121,16,316,114,,6,,,188,203,244,228,213,206,214,179,262,208,318,208,35,23,283,23,25,184,107,238,210,288,144,268,28,92,81,276,292,222,215,318,323,325,327,342,24,54,339,347,,,189,109,,,187,116,119,272,188,258,288,309,258,280,287,249,55,41,41,263,177,133,319,280,330,322,48,344,,135,,,b'\x11\xe8\xe1I\xc8\x8b\x0e.\xaf\x82\x12\xdf\x17\xaeN\x1e'
11E8E149-C88B-0E2E-AF82-12DF17AE4E1E,2017-ncaa-d0-natl,ncaa,120,111,116,122,145,62,80,80,109,145,187,101,30,33,69,56,56,118,3,117,87,81,130,76,56,28,34,64,116,149,166,84,38,99,80,65,96,11,15,19,255,269,129,134,,,124,103,,,97,136,143,209,32,58,51,163,220,28,32,36,119,116,54,151,158,69,89,52,15,276,127,,97,,,97,277,259,250,212,216,216,197,276,249,273,237,228,181,336,176,150,244,192,230,259,307,243,257,166,59,38,204,166,138,80,184,101,284,309,272,54,49,321,323,,,135,165,,,97,219,26,273,93,262,254,248,205,197,275,259,219,162,151,241,141,51,170,110,162,313,53,319,,152,,,b'\x11\xe8\xe1I\xc8\x8b\x0e.\xaf\x82\x12\xdf\x17\xaeN\x1e'
11E8E149-C88B-0E2E-AF82-12DF17AE4E1E,2017-ncaa-d1-conf-Big 12,ncaa,6,5,7,6,8,6,7,10,6,8,10,6,2,2,6,1,7,9,1,9,6,10,10,5,4,2,3,2,8,8,7,7,3,8,5,5,4,1,2,2,8,8,9,9,,,1,5,,,6,10,10,4,6,5,6,8,10,1,2,7,9,9,7,10,8,6,5,4,1,8,9,,3,,,6,3,3,3,5,3,1,7,3,6,3,8,4,3,8,3,4,1,1,4,5,7,5,6,5,1,3,4,7,3,5,5,7,10,7,9,2,3,7,8,,,10,7,,,6,1,3,6,6,4,3,4,5,2,6,7,6,4,4,3,1,2,6,6,5,8,3,8,,9,,,b'\x11\xe8\xe1I\xc8\x8b\x0e.\xaf\x82\x12\xdf\x17\xaeN\x1e'
11E8E149-C88B-0E2E-AF82-12DF17AE4E1E,2017-ncaa-d1-natl,ncaa,130,111,144,123,180,70,99,98,117,176,219,103,37,43,71,54,62,138,3,137,87,101,167,80,58,29,31,65,114,178,178,103,41,130,90,77,97,8,16,20,274,279,141,139,,,94,102,,,102,181,147,197,33,67,56,172,225,28,32,37,127,127,58,156,168,71,99,63,15,285,132,,98,,,102,261,241,224,223,192,189,208,269,237,284,237,214,159,337,151,150,214,141,250,271,318,238,256,163,44,41,173,178,100,90,168,102,309,314,281,45,52,315,325,,,164,161,,,102,174,27,285,99,270,267,250,220,202,281,260,223,162,153,246,140,54,177,114,170,316,54,319,,155,,,b'\x11\xe8\xe1I\xc8\x8b\x0e.\xaf\x82\x12\xdf\x17\xaeN\x1e'
11E8E149-C88B-0E2E-AF82-12DF17AE4E1E,2017-ncaa-d1-ncaatournament,ncaa,33,2,33,33,33,38,37,45,38,45,54,33,35,33,36,8,48,51,27,48,32,45,40,36,39,43,16,20,47,41,23,37,39,38,30,34,16,28,53,40,42,37,31,18,,,5,6,,,46,41,14,6,31,28,25,42,49,14,7,39,45,42,28,13,15,26,16,18,57,30,16,,9,,,50,23,16,24,25,1,9,3,44,35,61,60,18,17,41,17,48,25,24,45,42,48,64,64,35,21,39,11,23,15,30,16,42,51,46,44,43,63,7,29,,,43,41,,,46,23,41,54,52,54,40,51,1,17,64,62,39,39,41,53,52,46,39,44,42,38,63,20,,29,,,b'\x11\xe8\xe1I\xc8\x8b\x0e.\xaf\x82\x12\xdf\x17\xaeN\x1e'
11E8E149-C88B-0E2E-AF82-12DF17AE4E1E,2018-ncaa-d0-natl,ncaa,185,207,117,206,139,117,155,115,236,275,293,212,31,22,121,17,175,228,53,223,102,124,169,136,140,95,12,13,223,240,301,103,34,145,216,165,191,31,47,92,278,289,57,42,,,178,175,,,173,151,139,217,122,177,110,305,316,20,15,185,240,236,126,222,269,91,157,176,42,289,49,,162,,,173,242,208,204,179,154,161,168,274,254,267,249,244,234,229,237,245,218,182,217,231,252,281,257,221,57,34,316,301,248,216,270,290,230,243,279,23,27,241,310,,,115,94,,,173,218,108,210,160,214,191,176,140,131,272,245,226,222,224,186,137,53,315,233,263,250,29,228,,125,,,b'\x11\xe8\xe1I\xc8\x8b\x0e.\xaf\x82\x12\xdf\x17\xaeN\x1e'
11E8E149-C88B-0E2E-AF82-12DF17AE4E1E,2018-ncaa-d1-conf-Big 12,ncaa,7,7,3,7,4,8,8,4,9,9,10,9,1,1,8,1,8,10,2,10,6,6,8,8,8,8,1,1,8,6,10,3,3,6,7,7,5,2,2,6,10,9,7,6,,,5,5,,,7,7,9,5,8,8,5,10,10,1,1,9,10,10,7,9,7,5,7,8,2,10,7,,5,,,7,6,3,2,5,3,2,4,5,5,6,6,8,8,5,8,9,4,3,5,6,6,8,7,9,2,3,10,10,9,7,6,9,7,6,7,2,4,7,8,,,5,2,,,7,5,8,5,6,4,3,1,2,1,4,4,8,8,8,2,1,3,10,8,6,8,3,7,,5,,,b'\x11\xe8\xe1I\xc8\x8b\x0e.\xaf\x82\x12\xdf\x17\xaeN\x1e'
11E8E149-C88B-0E2E-AF82-12DF17AE4E1E,2018-ncaa-d1-natl,ncaa,203,207,144,210,178,141,191,141,247,303,307,219,32,26,125,15,202,252,55,245,102,153,225,146,146,103,11,14,216,267,305,125,40,188,225,188,192,22,48,98,292,298,62,42,,,155,182,,,195,191,146,203,132,187,113,312,322,22,16,188,240,236,129,232,270,100,172,188,44,297,49,,166,,,195,212,181,174,196,132,128,180,263,230,276,245,227,214,230,219,245,180,133,230,239,266,278,255,219,37,40,304,305,223,225,264,293,255,251,286,16,28,230,314,,,149,85,,,195,186,118,227,184,225,198,178,150,136,272,241,228,225,227,190,133,54,316,234,268,260,29,229,,129,,,b'\x11\xe8\xe1I\xc8\x8b\x0e.\xaf\x82\x12\xdf\x17\xaeN\x1e'
11E8E149-C88B-0E2E-AF82-12DF17AE4E1E,2019-ncaa-d0-natl,ncaa,18,45,14,43,22,10,11,16,29,26,92,17,11,10,93,34,22,65,5,65,113,15,16,26,22,17,72,70,220,126,241,7,22,17,68,17,182,160,35,33,152,262,29,66,,,222,41,,,10,7,41,272,13,17,34,62,237,21,16,55,154,154,40,87,234,6,43,44,55,239,48,,70,,,12,316,315,342,48,299,340,55,278,316,87,192,239,241,195,239,85,345,342,46,49,75,167,203,141,238,22,337,241,321,68,266,132,92,240,178,148,42,331,309,,,6,63,,,10,345,17,49,17,149,164,309,163,285,177,231,137,126,127,297,271,83,202,154,142,209,57,294,,34,,,b'\x11\xe8\xe1I\xc8\x8b\x0e.\xaf\x82\x12\xdf\x17\xaeN\x1e'
11E8E149-C88B-0E2E-AF82-12DF17AE4E1E,2019-ncaa-d1-conf-Big 12,ncaa,2,2,1,2,1,2,2,1,2,3,7,2,1,1,3,1,2,8,1,8,5,2,3,2,1,1,2,1,8,7,9,2,2,2,3,2,8,3,2,2,8,9,3,4,,,4,3,,,2,1,3,3,2,2,2,3,9,1,1,4,8,8,3,4,10,2,4,2,2,9,3,,2,,,2,7,8,9,5,7,9,5,4,6,4,4,4,6,2,6,2,10,10,4,3,3,2,3,2,3,2,8,9,5,3,6,4,4,6,5,2,2,10,10,,,1,3,,,2,10,2,2,2,4,5,7,6,8,3,3,4,4,4,7,6,2,6,4,5,6,2,10,,3,,,b'\x11\xe8\xe1I\xc8\x8b\x0e.\xaf\x82\x12\xdf\x17\xaeN\x1e'
11E8E149-C88B-0E2E-AF82-12DF17AE4E1E,2019-ncaa-d1-natl,ncaa,26,44,21,44,33,13,17,22,31,36,120,19,15,12,93,35,28,92,2,94,110,22,27,30,22,18,69,68,216,154,246,11,23,22,71,30,185,126,38,35,185,271,34,71,,,187,40,,,15,16,44,272,15,22,38,72,240,22,16,57,159,161,44,95,240,6,47,50,53,251,50,,72,,,16,302,304,336,57,290,336,62,268,304,94,185,218,223,201,223,86,336,332,52,51,91,164,200,142,212,23,329,246,312,71,250,134,116,250,191,115,48,327,317,,,10,64,,,15,336,19,61,20,162,176,311,176,286,179,231,140,128,128,300,269,85,202,163,150,220,57,299,,35,,,b'\x11\xe8\xe1I\xc8\x8b\x0e.\xaf\x82\x12\xdf\x17\xaeN\x1e'
11E8E149-C88B-0E2E-AF82-12DF17AE4E1E,2019-ncaa-d1-ncaatournament,ncaa,17,2,17,17,19,17,23,21,25,22,23,18,27,22,48,38,13,16,7,16,12,19,20,29,14,12,36,51,7,20,22,14,6,17,7,18,18,36,26,19,38,56,14,19,,,33,11,,,7,21,12,7,7,20,24,15,26,42,33,3,5,4,18,18,18,1,1,13,30,55,12,,14,,,7,37,36,44,1,33,44,1,44,43,32,39,41,36,50,36,23,43,41,5,3,9,54,50,42,31,6,41,22,38,7,30,19,35,57,39,37,33,18,10,,,18,9,,,7,47,12,4,6,18,10,54,6,44,42,44,32,25,25,53,37,12,26,16,10,55,34,7,,9,,,b'\x11\xe8\xe1I\xc8\x8b\x0e.\xaf\x82\x12\xdf\x17\xaeN\x1e'
11E8E149-C88B-0E2E-AF82-12DF17AE4E1E,2020-ncaa-d0-natl,ncaa,104,81,191,102,243,74,145,220,81,272,316,70,19,36,35,36,24,60,25,56,7,197,184,38,24,46,11,34,49,242,214,27,27,89,52,110,108,235,222,152,278,294,69,93,,,11,8,,,63,149,62,273,40,119,209,270,319,17,30,17,54,47,166,116,245,13,40,89,238,274,64,,13,,,60,160,249,285,127,252,259,155,211,265,90,240,10,13,66,13,12,235,175,117,77,148,56,223,5,69,27,103,214,83,52,309,299,291,307,333,194,181,343,351,,,22,12,,,63,195,60,119,69,187,280,329,265,295,224,277,8,14,14,284,225,91,116,97,320,284,207,345,,12,,,b'\x11\xe8\xe1I\xc8\x8b\x0e.\xaf\x82\x12\xdf\x17\xaeN\x1e'
11E8E149-C88B-0E2E-AF82-12DF17AE4E1E,2020-ncaa-d1-conf-Big 12,ncaa,4,4,1,4,6,5,7,10,3,10,10,5,1,2,2,1,4,7,3,7,1,10,10,2,2,2,1,1,4,10,8,2,2,4,4,7,6,8,9,8,10,10,7,9,,,1,1,,,3,7,6,6,5,7,10,10,10,1,2,4,7,7,10,10,10,2,4,7,8,10,7,,1,,,3,5,7,8,5,7,8,6,3,7,5,7,1,1,1,1,1,6,3,5,3,7,1,4,1,3,2,2,8,3,4,9,10,10,10,10,6,7,9,10,,,1,1,,,3,5,4,6,3,5,7,8,7,8,3,7,1,1,1,6,3,3,2,3,9,10,6,9,,1,,,b'\x11\xe8\xe1I\xc8\x8b\x0e.\xaf\x82\x12\xdf\x17\xaeN\x1e'
11E8E149-C88B-0E2E-AF82-12DF17AE4E1E,2020-ncaa-d1-natl,ncaa,114,81,257,107,302,92,183,266,84,302,332,70,29,45,38,36,32,80,23,77,5,239,233,43,24,49,10,33,47,269,220,36,28,112,54,127,111,214,225,158,296,301,78,93,,,9,8,,,77,189,63,273,43,135,219,279,322,18,31,17,57,54,174,124,250,14,42,94,239,283,66,,12,,,72,127,236,268,137,238,237,172,198,246,94,234,10,12,69,11,11,194,119,129,81,169,53,221,4,53,28,76,220,57,54,302,301,310,312,335,170,187,342,351,,,29,9,,,77,144,65,131,77,199,284,331,275,299,226,279,9,14,14,287,223,95,117,102,323,294,211,346,,11,,,b'\x11\xe8\xe1I\xc8\x8b\x0e.\xaf\x82\x12\xdf\x17\xaeN\x1e'
11E8E149-C88B-0E2E-AF82-12DF17AE4E1E,2021-ncaa-d0-natl,ncaa,44,165,14,104,18,13,22,22,68,82,107,64,4,3,20,16,14,40,2,39,49,21,22,26,17,13,5,10,161,85,246,13,39,21,94,31,164,265,56,64,244,336,56,160,,,224,22,,,65,18,95,107,18,57,77,238,306,2,11,40,151,150,83,133,245,45,100,80,62,333,122,,32,,,80,337,336,333,227,330,329,188,318,314,275,159,300,286,258,286,85,332,324,226,227,298,148,205,106,258,39,322,246,319,94,339,224,171,326,328,215,52,341,342,,,7,48,,,65,326,17,273,82,282,291,297,272,279,258,217,177,154,154,289,202,72,188,121,279,324,61,335,,51,,,b'\x11\xe8\xe1I\xc8\x8b\x0e.\xaf\x82\x12\xdf\x17\xaeN\x1e'
11E8E149-C88B-0E2E-AF82-12DF17AE4E1E,2021-ncaa-d1-conf-Big 12,ncaa,4,4,7,4,10,3,4,8,4,10,10,3,1,1,1,1,2,7,1,7,1,8,9,1,1,1,1,1,5,7,6,3,2,5,2,5,7,1,2,3,10,10,7,8,,,2,2,,,3,10,7,7,2,3,7,10,10,1,1,1,4,4,7,8,6,3,3,5,1,10,7,,2,,,3,4,4,3,4,5,5,4,5,2,8,4,3,3,5,3,2,3,1,3,3,5,4,7,3,2,2,3,6,2,2,4,5,10,10,9,1,3,8,10,,,3,1,,,3,2,1,5,3,6,6,8,6,9,7,5,4,4,3,7,5,5,4,5,5,10,1,9,,3,,,b'\x11\xe8\xe1I\xc8\x8b\x0e.\xaf\x82\x12\xdf\x17\xaeN\x1e'
11E8E149-C88B-0E2E-AF82-12DF17AE4E1E,2021-ncaa-d1-natl,ncaa,46,165,18,108,24,14,27,26,72,88,122,68,5,3,22,16,16,48,2,47,47,24,26,28,18,14,5,10,156,96,251,15,42,28,101,34,167,248,56,68,253,337,60,163,,,215,23,,,69,23,97,107,20,63,80,246,309,3,12,43,157,155,87,141,249,49,107,84,62,335,126,,32,,,85,335,335,332,234,328,329,194,318,309,278,156,291,280,258,279,89,330,319,238,237,303,143,203,106,249,42,319,251,311,101,337,226,188,328,331,203,52,341,342,,,10,49,,,69,321,18,284,86,288,293,298,277,280,257,215,176,155,155,291,197,77,193,125,285,328,61,335,,52,,,b'\x11\xe8\xe1I\xc8\x8b\x0e.\xaf\x82\x12\xdf\x17\xaeN\x1e'
11E8E149-C88B-0E2E-AF82-12DF17AE4E1E,2021-ncaa-d1-ncaatournament,ncaa,17,2,17,17,17,17,20,22,24,31,31,45,6,9,1,9,13,13,17,13,3,20,19,11,7,9,4,5,12,19,14,19,39,18,15,20,11,50,51,35,37,58,38,55,,,39,16,,,22,17,19,2,5,19,31,48,54,2,8,2,4,4,15,6,15,8,7,9,55,52,44,,26,,,21,48,48,48,41,53,50,40,28,41,8,16,42,45,12,45,19,48,48,34,25,37,4,9,23,50,39,37,14,42,15,43,10,37,63,56,22,5,56,63,,,12,4,,,22,48,8,44,22,51,55,63,60,61,16,34,34,36,35,60,55,51,16,31,35,58,8,59,,3,,,b'\x11\xe8\xe1I\xc8\x8b\x0e.\xaf\x82\x12\xdf\x17\xaeN\x1e'
11E8E149-C88B-0E2E-AF82-12DF17AE4E1E,2022-ncaa-d0-natl,ncaa,8,19,8,19,10,7,18,15,48,101,130,83,1,4,1,23,12,52,4,48,49,14,20,15,5,5,4,10,193,100,203,6,14,11,40,40,224,140,18,35,272,340,53,124,,,103,10,,,18,17,144,264,13,43,81,251,309,2,18,59,150,144,85,187,231,18,48,107,17,340,99,,9,,,22,338,349,351,126,341,350,110,332,338,203,221,84,67,257,63,4,348,338,138,101,204,101,260,11,203,14,332,203,316,40,334,161,219,331,327,183,55,356,356,,,6,54,,,18,341,7,156,23,165,243,307,214,288,242,252,17,10,8,247,141,51,133,70,208,334,50,356,,71,,,b'\x11\xe8\xe1I\xc8\x8b\x0e.\xaf\x82\x12\xdf\x17\xaeN\x1e'
11E8E149-C88B-0E2E-AF82-12DF17AE4E1E,2022-ncaa-d1-conf-Big 12,ncaa,3,2,3,3,5,3,4,6,3,8,10,3,1,2,1,1,5,10,1,10,5,6,7,2,1,2,1,1,10,8,8,2,1,5,4,5,7,2,2,2,10,10,6,8,,,1,1,,,3,7,9,6,3,3,6,8,10,1,2,7,10,10,7,10,8,2,5,5,2,10,6,,1,,,3,5,8,9,6,9,9,6,4,7,3,7,1,1,2,1,1,8,6,4,3,8,1,4,1,6,1,3,8,3,4,7,4,10,10,9,1,2,10,10,,,5,4,,,3,5,2,7,3,5,8,8,8,9,5,6,1,1,1,7,4,6,4,4,6,10,2,10,,5,,,b'\x11\xe8\xe1I\xc8\x8b\x0e.\xaf\x82\x12\xdf\x17\xaeN\x1e'
11E8E149-C88B-0E2E-AF82-12DF17AE4E1E,2022-ncaa-d1-natl,ncaa,11,19,9,19,12,8,20,19,50,125,161,89,2,4,2,23,19,58,3,57,45,17,25,17,5,5,4,10,188,122,217,8,17,13,48,48,230,106,20,42,299,342,56,130,,,71,12,,,18,19,155,263,16,48,94,262,314,2,21,59,157,152,97,194,240,19,53,122,17,344,105,,9,,,24,332,347,350,138,340,349,123,327,330,223,217,75,58,264,50,4,345,336,150,111,223,98,256,12,173,17,322,217,304,48,329,165,252,336,332,160,57,356,356,,,10,48,,,18,340,7,171,24,179,253,311,229,291,249,253,19,11,9,247,137,51,138,73,222,336,51,356,,71,,,b'\x11\xe8\xe1I\xc8\x8b\x0e.\xaf\x82\x12\xdf\x17\xaeN\x1e'
11E8E149-C88B-0E2E-AF82-12DF17AE4E1E,2022-ncaa-d1-ncaatournament,ncaa,9,2,9,9,9,12,13,11,33,16,14,37,8,8,19,24,10,11,46,11,11,11,13,28,28,19,14,14,25,9,24,10,15,9,15,25,61,45,13,33,24,55,12,21,,,50,16,,,14,13,42,5,15,30,26,40,37,11,17,16,11,13,20,30,20,17,14,53,10,56,23,,8,,,15,57,55,54,27,52,56,17,61,55,53,40,45,45,45,46,7,54,54,31,31,33,45,53,11,46,15,60,24,55,15,58,37,14,40,42,52,19,67,61,,,13,17,,,14,56,10,27,14,25,25,29,18,38,45,37,9,7,8,18,18,14,38,23,31,44,20,61,,14,,,b'\x11\xe8\xe1I\xc8\x8b\x0e.\xaf\x82\x12\xdf\x17\xaeN\x1e'
11E8E149-C88B-0E2E-AF82-12DF17AE4E1E,2023-ncaa-d0-natl,ncaa,59,52,81,59,85,47,70,71,101,154,242,42,14,9,102,23,37,87,1,89,36,71,93,53,38,25,19,37,125,140,196,16,4,33,27,66,124,68,37,40,263,318,35,64,,,116,52,,,37,86,86,137,27,58,55,195,306,14,12,32,114,118,58,121,179,4,16,68,42,303,37,,72,,,34,248,278,320,71,256,325,57,260,268,185,165,101,152,35,158,60,317,268,75,47,147,156,236,59,83,4,272,196,203,27,220,124,309,350,312,111,64,351,358,,,36,34,,,37,284,30,95,34,176,215,332,189,320,228,225,71,108,115,313,206,39,214,126,170,345,81,350,,31,,,b'\x11\xe8\xe1I\xc8\x8b\x0e.\xaf\x82\x12\xdf\x17\xaeN\x1e'
11E8E149-C88B-0E2E-AF82-12DF17AE4E1E,2023-ncaa-d1-conf-Big 12,ncaa,3,3,1,3,1,2,4,3,5,6,7,5,2,1,4,1,1,4,1,4,4,3,3,3,3,3,1,1,4,4,5,1,2,2,4,5,7,2,1,5,9,10,3,4,,,3,1,,,2,2,8,6,3,6,5,7,9,2,1,3,4,4,4,6,5,1,2,7,1,10,3,,1,,,2,5,6,10,1,9,10,3,2,3,2,3,2,5,1,5,1,10,9,1,1,2,1,1,1,7,2,8,5,8,4,8,5,10,10,10,4,3,10,10,,,1,1,,,2,9,2,2,2,2,4,10,7,10,1,3,1,1,1,9,4,4,6,5,4,10,2,10,,1,,,b'\x11\xe8\xe1I\xc8\x8b\x0e.\xaf\x82\x12\xdf\x17\xaeN\x1e'
11E8E149-C88B-0E2E-AF82-12DF17AE4E1E,2023-ncaa-d1-natl,ncaa,67,52,103,64,119,52,81,81,107,181,273,45,17,12,106,23,41,103,2,108,33,84,113,58,39,26,17,36,115,167,199,18,4,36,31,75,133,53,40,42,293,324,39,65,,,93,53,,,39,104,93,131,28,61,59,204,310,14,12,31,111,114,63,128,192,4,16,72,42,312,39,,74,,,36,218,257,310,78,236,318,62,247,249,202,165,83,132,38,133,62,307,242,79,54,166,158,240,59,64,4,242,199,170,31,205,127,338,352,323,93,68,351,359,,,42,30,,,39,266,30,115,36,188,228,333,201,322,234,226,75,109,115,317,204,40,220,135,179,348,81,350,,30,,,b'\x11\xe8\xe1I\xc8\x8b\x0e.\xaf\x82\x12\xdf\x17\xaeN\x1e'
11E8E149-C88B-0E2E-AF82-12DF17AE4E1E,2023-ncaa-d1-ncaatournament,ncaa,36,2,36,36,38,39,42,37,51,45,53,24,41,31,55,11,31,38,6,38,10,37,41,49,45,21,16,36,8,43,45,39,1,38,20,47,44,2,3,6,54,49,67,67,,,16,42,,,35,40,7,7,15,27,4,35,46,22,4,4,9,10,2,11,23,10,14,40,2,47,67,,38,,,38,21,22,16,54,19,15,52,24,20,51,40,14,12,54,12,36,16,8,53,54,59,35,44,27,1,1,23,45,7,20,3,4,63,60,26,6,8,6,24,,,39,13,,,35,27,25,47,38,55,57,43,52,39,47,36,35,29,31,43,17,1,55,28,8,63,9,17,,7,,,b'\x11\xe8\xe1I\xc8\x8b\x0e.\xaf\x82\x12\xdf\x17\xaeN\x1e'
11E8E149-C88B-0E2E-AF82-12DF17AE4E1E,2024-ncaa-d0-natl,ncaa,76,82,52,83,55,37,37,91,14,74,178,25,20,49,6,66,128,140,138,146,136,102,81,11,11,25,71,45,311,213,202,10,3,30,10,10,9,294,206,35,344,352,137,175,,,65,25,,,79,59,98,63,28,33,154,96,260,18,64,184,203,211,167,145,272,6,24,8,220,352,174,,30,,,82,322,319,342,89,209,244,114,359,358,246,353,133,100,329,100,68,335,279,166,153,310,341,357,33,79,3,155,202,107,10,324,270,353,358,355,338,309,202,209,,,66,122,,,79,299,35,253,84,270,281,345,115,147,359,358,95,55,60,319,201,28,59,37,299,358,317,148,,114,,,b'\x11\xe8\xe1I\xc8\x8b\x0e.\xaf\x82\x12\xdf\x17\xaeN\x1e'
11E8E149-C88B-0E2E-AF82-12DF17AE4E1E,2024-ncaa-d1-conf-Big 12,ncaa,3,4,2,4,2,3,3,7,2,6,10,1,1,5,1,4,7,8,2,8,9,6,6,1,1,2,4,3,10,10,8,1,1,2,2,2,2,12,12,3,12,14,10,10,,,1,1,,,6,5,4,2,3,3,6,7,12,2,6,7,8,9,9,7,11,1,2,2,12,12,10,,1,,,6,14,14,14,4,6,9,6,14,14,11,14,2,2,5,2,2,14,10,10,7,11,14,14,1,1,1,4,8,4,2,14,11,13,14,14,14,14,7,9,,,3,6,,,6,11,3,8,6,12,13,14,3,6,14,14,1,1,2,14,9,1,2,2,13,14,14,7,,4,,,b'\x11\xe8\xe1I\xc8\x8b\x0e.\xaf\x82\x12\xdf\x17\xaeN\x1e'
11E8E149-C88B-0E2E-AF82-12DF17AE4E1E,2024-ncaa-d1-natl,ncaa,91,83,78,93,82,49,46,125,14,97,209,26,22,54,6,65,150,174,136,178,139,129,106,11,11,27,69,44,309,243,220,10,3,40,10,12,8,277,214,37,354,356,156,179,,,46,24,,,96,75,101,61,30,34,172,108,264,18,68,185,207,214,184,151,285,6,30,10,228,356,179,,31,,,96,311,313,340,103,180,219,127,361,358,248,356,119,88,334,88,75,326,255,185,170,321,342,360,32,54,3,122,220,73,10,324,278,358,360,360,338,316,189,218,,,83,119,,,96,281,38,276,100,284,293,348,130,153,361,360,98,61,68,324,201,29,65,38,304,360,321,162,,113,,,b'\x11\xe8\xe1I\xc8\x8b\x0e.\xaf\x82\x12\xdf\x17\xaeN\x1e'
11E8E149-C88B-0E2E-AF82-12DF17AE4E1E,2024-ncaa-d1-ncaatournament,ncaa,17,3,17,17,17,17,17,20,5,19,21,18,12,24,2,43,24,20,49,20,21,18,17,3,2,6,20,15,39,23,23,19,14,22,7,21,39,51,48,33,45,63,20,27,,,39,20,,,23,17,13,2,1,2,28,14,22,5,34,18,14,15,16,5,36,10,18,14,55,60,20,,24,,,23,52,52,51,45,50,48,39,57,52,50,42,42,33,65,33,21,50,49,45,48,59,44,51,27,37,14,34,23,34,7,52,12,34,61,58,45,36,53,57,,,14,11,,,23,52,6,53,29,62,62,64,56,52,62,53,38,28,27,64,55,21,11,9,44,62,42,56,,3,,,b'\x11\xe8\xe1I\xc8\x8b\x0e.\xaf\x82\x12\xdf\x17\xaeN\x1e'
11E8E149-C88B-0E2E-AF82-12DF17AE4E1E,2025-ncaa-d0-natl,genius_ncaa,61,91,19,88,24,21,28,58,11,43,135,6,21,29,25,84,23,26,135,25,21,45,45,9,7,9,84,98,173,266,315,12,3,33,40,6,2,214,82,11,256,327,106,151,,,161,36,,100,53,24,74,246,25,42,173,80,278,32,65,43,50,50,132,196,336,9,96,6,83,323,170,,49,,50,57,344,335,345,102,202,289,57,361,356,342,344,199,166,314,163,104,346,318,185,169,251,349,361,58,79,3,289,315,226,40,288,124,220,327,285,309,210,327,310,,,7,17,,82,53,337,30,184,65,226,210,295,60,117,356,349,109,77,73,254,157,13,118,48,162,328,198,277,,26,,140,b'\x11\xe8\xe1I\xc8\x8b\x0e.\xaf\x82\x12\xdf\x17\xaeN\x1e'
11E8E149-C88B-0E2E-AF82-12DF17AE4E1E,2025-ncaa-d1-conf-Big 12,genius_ncaa,6,7,5,7,5,2,4,10,1,5,11,1,4,9,4,8,1,3,3,2,1,8,8,2,1,2,4,7,5,14,13,1,1,4,3,4,3,7,6,4,16,16,16,16,,,3,3,,4,5,5,5,8,1,3,13,4,11,5,8,1,3,2,7,9,14,1,3,2,5,16,16,,3,,3,5,9,13,15,5,3,6,3,14,15,11,14,7,6,6,6,7,14,7,9,6,10,15,16,4,1,1,4,13,3,3,11,8,15,15,13,11,12,9,12,,,1,1,,6,5,11,2,10,5,10,10,14,3,7,13,15,6,3,3,14,6,1,4,4,10,15,11,8,,2,,6,b'\x11\xe8\xe1I\xc8\x8b\x0e.\xaf\x82\x12\xdf\x17\xaeN\x1e'
11E8E149-C88B-0E2E-AF82-12DF17AE4E1E,2025-ncaa-d1-natl,genius_ncaa,65,91,25,88,35,26,34,69,11,52,163,7,24,35,26,85,28,32,132,30,20,60,63,11,8,10,80,101,165,295,320,14,3,42,45,6,1,177,88,11,287,333,120,155,,,137,41,,90,60,31,81,242,26,46,194,87,283,34,68,43,55,53,146,210,337,9,105,6,83,331,178,,49,,49,64,341,330,342,112,182,274,60,361,355,341,343,190,148,318,146,108,341,303,199,186,269,348,361,59,64,3,274,320,192,45,275,121,254,334,302,291,215,321,320,,,11,17,,91,60,331,33,200,72,238,225,300,65,118,356,347,109,77,73,257,155,13,125,50,171,331,198,282,,25,,137,b'\x11\xe8\xe1I\xc8\x8b\x0e.\xaf\x82\x12\xdf\x17\xaeN\x1e'
11E8E149-C88B-0E2E-AF82-12DF17AE4E1E,2025-ncaa-d1-ncaatournament,genius_ncaa,17,2,17,17,20,21,21,24,8,20,31,7,21,19,24,24,43,40,48,43,62,28,32,7,8,12,51,25,64,45,61,19,12,25,28,17,11,42,41,13,35,52,24,32,,,29,9,,24,25,23,21,7,19,9,37,14,42,23,27,59,58,61,48,51,63,8,32,5,36,52,32,,9,,13,25,44,43,46,20,37,44,22,50,53,37,50,41,33,60,29,20,46,42,28,26,33,52,56,32,37,12,43,61,40,28,40,29,35,59,46,49,51,48,58,,,33,51,,32,25,44,22,33,25,38,33,46,20,34,49,55,37,23,14,47,31,23,24,20,30,58,47,56,,53,,41,b'\x11\xe8\xe1I\xc8\x8b\x0e.\xaf\x82\x12\xdf\x17\xaeN\x1e'
11E8E149-C88B-0E2E-AF82-12DF17AE4E1E,2026-ncaa-d0-natl,genius_ncaa,2,1,9,1,20,4,6,25,2,6,44,1,10,27,22,153,3,2,42,3,19,12,27,2,1,1,149,180,103,46,21,14,15,18,5,1,3,93,9,2,114,204,95,166,,,247,77,,25,4,28,141,97,4,10,77,15,156,32,86,7,11,11,37,141,132,32,39,2,10,216,168,,70,,14,8,269,259,327,39,247,316,40,268,306,93,205,279,251,312,250,113,324,322,35,43,55,233,210,233,185,15,153,21,154,5,156,48,60,157,63,115,24,94,33,,,2,10,,11,4,335,3,48,9,60,49,155,53,151,110,169,148,101,101,117,103,35,8,5,30,171,25,23,,10,,50,b'\x11\xe8\xe1I\xc8\x8b\x0e.\xaf\x82\x12\xdf\x17\xaeN\x1e'
11E8E149-C88B-0E2E-AF82-12DF17AE4E1E,2026-ncaa-d1-natl,genius_ncaa,2,1,13,1,35,5,7,37,2,7,67,1,16,41,22,151,3,2,38,3,15,21,47,3,1,1,135,177,90,72,31,17,21,22,5,1,3,49,12,2,169,247,121,182,,,204,82,,17,5,50,159,100,4,10,96,16,172,40,94,5,10,11,53,169,161,37,44,2,12,252,183,,76,,10,8,235,219,313,50,205,295,48,249,283,113,194,251,208,325,207,119,303,296,45,65,85,227,212,231,135,21,93,31,102,5,114,53,99,198,89,81,30,65,35,,,2,8,,12,5,312,3,68,9,80,63,165,74,161,133,166,158,115,114,134,101,41,7,6,35,206,26,23,,11,,43,b'\x11\xe8\xe1I\xc8\x8b\x0e.\xaf\x82\x12\xdf\x17\xaeN\x1e'
11E8E149-C890-46AA-AF82-12DF17AE4E1E,2010-ncaa-d0-natl,ncaa,309,303,288,315,302,336,337,318,339,303,194,341,343,341,340,335,211,153,320,152,103,304,273,342,342,341,283,336,8,127,59,330,289,276,193,341,282,304,330,340,156,91,328,328,,,224,324,,,326,302,183,160,335,334,300,278,93,343,338,151,67,67,264,142,46,319,205,343,332,101,325,,315,,,328,53,73,20,324,189,81,316,14,13,117,23,141,228,3,217,272,28,55,288,266,165,27,14,234,86,289,56,59,50,193,54,97,134,40,60,291,313,230,249,,,158,40,,,326,53,337,173,326,176,207,48,289,186,21,17,223,297,287,97,183,198,166,185,137,50,320,283,,42,,,b'\x11\xe8\xe1I\xc8\x90F\xaa\xaf\x82\x12\xdf\x17\xaeN\x1e'
11E8E149-C890-46AA-AF82-12DF17AE4E1E,2010-ncaa-d1-conf-SWAC,ncaa,10,10,9,10,10,10,10,9,10,9,9,10,10,9,10,9,9,9,7,9,8,9,9,10,10,10,7,9,2,7,4,9,3,8,5,10,8,3,8,9,8,6,9,9,,,4,6,,,10,10,8,8,10,10,8,9,5,10,9,8,8,8,8,8,3,9,6,10,7,6,9,,5,,,10,4,5,1,9,6,1,9,4,2,7,7,4,3,7,3,4,1,1,9,9,10,3,5,4,1,3,5,4,1,5,5,3,9,4,7,3,7,5,9,,,7,3,,,10,1,10,10,10,7,7,4,7,4,6,5,4,4,4,2,2,1,7,3,6,7,6,9,,5,,,b'\x11\xe8\xe1I\xc8\x90F\xaa\xaf\x82\x12\xdf\x17\xaeN\x1e'
11E8E149-C890-46AA-AF82-12DF17AE4E1E,2010-ncaa-d1-natl,ncaa,318,302,323,318,332,341,342,330,340,316,202,341,344,341,339,336,220,160,322,159,100,320,299,342,342,342,282,336,7,136,62,337,293,294,197,343,285,292,330,341,167,96,332,329,,,210,325,,,327,325,188,162,335,335,301,282,96,343,339,151,70,71,266,144,48,318,207,343,333,106,327,,315,,,331,41,61,6,324,179,63,319,11,11,121,22,131,216,4,207,271,11,26,292,271,174,28,14,231,74,293,37,62,32,197,43,100,153,43,64,282,316,222,255,,,173,39,,,327,26,340,180,328,178,209,49,293,188,22,16,227,299,289,98,183,203,169,190,141,55,319,286,,44,,,b'\x11\xe8\xe1I\xc8\x90F\xaa\xaf\x82\x12\xdf\x17\xaeN\x1e'
11E8E149-C890-46AA-AF82-12DF17AE4E1E,2011-ncaa-d0-natl,ncaa,262,242,288,263,316,317,311,319,272,308,281,300,253,278,148,215,313,253,341,253,154,316,297,277,299,322,172,145,196,246,195,261,238,265,216,304,221,267,324,315,230,180,183,173,,,151,277,,,233,298,202,335,315,301,290,284,235,228,254,303,191,196,290,213,189,163,178,291,307,185,156,,263,,,234,16,17,30,61,55,103,57,11,19,34,18,179,232,21,232,268,39,44,30,39,54,85,18,306,155,238,66,195,84,216,17,88,236,148,72,267,321,57,129,,,278,185,,,233,41,320,74,243,74,56,90,142,233,11,20,258,292,293,148,157,257,173,223,42,149,308,95,,207,,,b'\x11\xe8\xe1I\xc8\x90F\xaa\xaf\x82\x12\xdf\x17\xaeN\x1e'
11E8E149-C890-46AA-AF82-12DF17AE4E1E,2011-ncaa-d1-conf-SWAC,ncaa,7,7,5,7,8,7,7,7,6,9,10,7,4,2,4,1,10,9,10,9,7,7,8,4,7,7,4,1,10,8,8,5,6,7,6,8,9,6,8,8,8,8,4,4,,,2,2,,,7,6,5,8,8,8,6,9,10,3,2,10,9,9,8,8,9,3,6,9,6,8,4,,2,,,7,4,6,6,6,6,7,4,4,5,5,6,4,4,7,4,3,5,3,6,5,6,5,4,4,5,6,5,8,6,6,3,3,9,9,8,6,7,6,8,,,9,10,,,7,4,8,5,7,6,6,7,5,7,4,6,4,5,5,7,5,5,8,9,6,9,7,5,,9,,,b'\x11\xe8\xe1I\xc8\x90F\xaa\xaf\x82\x12\xdf\x17\xaeN\x1e'
11E8E149-C890-46AA-AF82-12DF17AE4E1E,2011-ncaa-d1-natl,ncaa,268,240,321,268,338,331,325,332,280,316,300,304,256,284,149,213,319,265,341,265,155,330,313,278,303,324,169,142,197,265,202,280,241,281,218,317,226,258,326,320,247,185,195,175,,,133,277,,,240,320,207,338,317,304,294,285,235,230,255,302,195,200,294,217,192,168,187,300,307,190,158,,263,,,241,10,9,17,64,43,83,62,8,11,35,17,169,220,21,222,271,23,26,34,44,56,84,14,310,135,241,49,202,63,218,11,88,259,157,76,257,324,52,135,,,294,188,,,240,20,321,79,254,77,57,92,144,236,11,20,260,294,297,151,155,258,178,225,46,161,309,100,,207,,,b'\x11\xe8\xe1I\xc8\x90F\xaa\xaf\x82\x12\xdf\x17\xaeN\x1e'
11E8E149-C890-46AA-AF82-12DF17AE4E1E,2012-ncaa-d0-natl,ncaa,252,174,337,241,337,324,316,335,164,278,295,180,312,319,214,270,314,294,325,294,188,334,337,202,235,263,285,263,194,308,199,291,189,313,171,305,211,76,284,266,298,232,132,67,,,17,109,,,182,337,281,15,281,244,293,165,181,283,290,259,193,193,282,255,228,112,174,253,241,241,70,,105,,,183,7,8,10,28,10,22,34,30,42,56,129,60,79,57,78,203,9,6,23,28,57,188,123,268,74,189,13,199,13,171,8,56,315,224,95,52,217,158,260,,,309,122,,,182,7,264,78,184,68,52,146,78,186,90,125,182,222,219,163,123,237,139,182,38,246,186,260,,177,,,b'\x11\xe8\xe1I\xc8\x90F\xaa\xaf\x82\x12\xdf\x17\xaeN\x1e'
11E8E149-C890-46AA-AF82-12DF17AE4E1E,2012-ncaa-d1-conf-SWAC,ncaa,8,8,6,8,6,7,5,10,1,4,8,2,6,8,3,7,10,10,10,10,10,10,10,2,3,3,10,7,10,10,6,4,5,9,4,3,2,5,8,3,8,8,3,3,,,1,1,,,6,9,10,1,7,4,9,3,7,5,8,10,10,10,9,9,9,3,5,3,7,8,3,,1,,,6,1,3,6,2,2,3,3,6,9,4,9,2,2,5,3,3,4,2,2,1,6,6,7,3,6,5,1,6,2,4,2,2,10,10,9,6,9,8,8,,,10,9,,,6,1,5,7,7,3,5,10,2,7,7,9,2,2,3,9,4,7,1,4,2,10,6,8,,9,,,b'\x11\xe8\xe1I\xc8\x90F\xaa\xaf\x82\x12\xdf\x17\xaeN\x1e'
11E8E149-C890-46AA-AF82-12DF17AE4E1E,2012-ncaa-d1-natl,ncaa,254,201,325,248,325,312,296,332,163,252,272,184,306,313,216,271,300,258,324,259,177,329,327,206,237,264,284,263,185,295,217,257,201,288,187,286,238,124,288,275,274,228,121,71,,,40,141,,,195,330,266,17,282,243,290,161,178,285,289,253,185,182,275,249,233,112,182,262,247,235,79,,134,,,195,7,8,26,28,13,54,27,40,54,61,113,141,158,77,157,259,33,22,17,32,64,220,107,294,130,201,35,217,41,187,6,53,292,221,81,125,240,174,239,,,279,114,,,195,13,270,85,197,80,45,145,70,188,85,114,241,266,267,172,142,244,155,194,33,235,221,241,,172,,,b'\x11\xe8\xe1I\xc8\x90F\xaa\xaf\x82\x12\xdf\x17\xaeN\x1e'
11E8E149-C890-46AA-AF82-12DF17AE4E1E,2013-ncaa-d0-natl,ncaa,212,166,302,207,318,256,242,264,197,181,144,250,304,324,141,317,202,142,326,133,150,242,165,250,264,311,287,285,119,177,80,297,240,263,144,331,343,341,336,343,123,102,158,156,,,257,288,,,228,163,7,255,203,174,145,104,40,286,313,142,56,49,119,13,93,227,160,329,345,61,122,,328,,,232,95,75,79,165,145,164,154,30,37,102,39,266,298,45,287,288,110,159,121,144,78,113,34,306,116,240,28,80,39,144,21,11,93,64,16,283,276,236,209,,,129,117,,,228,169,314,81,234,239,200,224,260,295,66,77,308,326,322,281,336,222,112,147,58,21,319,289,,23,,,b'\x11\xe8\xe1I\xc8\x90F\xaa\xaf\x82\x12\xdf\x17\xaeN\x1e'
11E8E149-C890-46AA-AF82-12DF17AE4E1E,2013-ncaa-d1-conf-SWAC,ncaa,5,5,6,5,8,7,5,5,4,4,3,4,8,9,4,10,9,9,9,9,10,7,6,4,7,9,9,8,9,6,3,8,5,8,5,9,10,10,10,10,6,5,3,3,,,7,5,,,7,4,1,7,6,4,2,2,1,8,9,9,7,7,3,1,4,7,6,9,10,4,3,,9,,,7,6,6,6,6,7,6,7,2,3,1,3,7,7,5,7,5,5,6,5,5,2,3,2,7,5,5,1,3,2,5,2,3,5,6,2,9,8,8,8,,,8,7,,,7,6,9,2,7,9,9,8,9,10,2,4,8,8,8,9,10,5,1,4,4,2,9,9,,5,,,b'\x11\xe8\xe1I\xc8\x90F\xaa\xaf\x82\x12\xdf\x17\xaeN\x1e'
11E8E149-C890-46AA-AF82-12DF17AE4E1E,2013-ncaa-d1-natl,ncaa,221,165,327,212,339,274,263,285,204,200,161,258,306,326,140,317,215,155,327,143,147,264,191,255,266,314,286,284,113,200,84,315,246,286,149,335,343,339,337,344,141,109,170,157,,,246,290,,,236,182,7,255,210,185,153,110,43,287,313,139,60,48,126,13,100,231,166,332,345,64,124,,329,,,242,74,62,52,170,131,133,158,25,22,109,37,254,289,45,276,288,78,130,128,148,87,114,36,306,102,246,18,84,26,149,15,12,108,65,19,273,278,230,211,,,144,115,,,236,146,317,87,243,243,203,225,267,298,69,78,309,325,323,285,335,226,111,152,66,25,319,290,,23,,,b'\x11\xe8\xe1I\xc8\x90F\xaa\xaf\x82\x12\xdf\x17\xaeN\x1e'
11E8E149-C890-46AA-AF82-12DF17AE4E1E,2014-ncaa-d0-natl,ncaa,165,150,180,164,185,215,228,170,285,105,31,324,342,345,196,346,70,26,331,26,123,123,74,322,318,328,322,344,17,88,119,283,302,204,249,288,309,344,322,335,10,6,195,215,,,326,305,,,240,75,13,21,210,221,110,74,6,342,346,42,7,7,53,11,60,298,181,296,346,2,195,,342,,,238,172,140,67,300,244,180,276,21,16,167,11,309,339,4,338,333,137,270,248,250,53,75,13,315,224,302,245,119,242,249,102,99,6,1,8,343,324,274,150,,,70,129,,,240,275,324,54,231,230,192,54,265,229,26,19,312,341,341,183,338,257,282,281,128,1,344,292,,27,,,b'\x11\xe8\xe1I\xc8\x90F\xaa\xaf\x82\x12\xdf\x17\xaeN\x1e'
11E8E149-C890-46AA-AF82-12DF17AE4E1E,2014-ncaa-d1-conf-SWAC,ncaa,4,3,3,4,3,6,5,2,7,3,1,9,9,9,2,9,5,4,6,4,9,2,3,8,8,8,9,9,6,4,7,7,3,6,6,6,7,6,4,6,1,1,5,5,,,6,5,,,5,4,3,1,6,4,2,2,1,9,9,5,4,4,2,2,3,7,6,5,5,1,5,,7,,,5,6,5,5,8,4,4,8,7,4,8,6,5,5,5,5,7,4,6,8,8,7,6,6,4,3,3,9,7,8,6,8,8,1,1,3,9,7,10,8,,,4,7,,,5,8,8,3,5,7,6,2,5,1,6,4,4,5,5,1,7,2,10,8,7,1,9,10,,5,,,b'\x11\xe8\xe1I\xc8\x90F\xaa\xaf\x82\x12\xdf\x17\xaeN\x1e'
11E8E149-C890-46AA-AF82-12DF17AE4E1E,2014-ncaa-d1-natl,ncaa,173,150,211,166,216,239,245,194,287,120,37,324,343,347,203,346,80,29,332,29,125,145,90,324,318,331,321,344,16,104,124,303,307,233,257,302,309,343,324,335,14,6,206,219,,,323,305,,,248,88,13,20,216,227,114,80,7,343,346,41,7,7,57,13,62,303,189,302,346,2,202,,342,,,250,155,128,44,302,228,161,287,15,13,171,11,301,335,4,334,335,105,260,259,260,57,74,12,317,200,307,226,124,219,257,93,101,6,1,8,342,327,270,151,,,80,129,,,248,262,327,58,242,234,198,53,271,232,26,19,312,341,341,190,338,259,285,282,134,1,344,294,,26,,,b'\x11\xe8\xe1I\xc8\x90F\xaa\xaf\x82\x12\xdf\x17\xaeN\x1e'
11E8E149-C890-46AA-AF82-12DF17AE4E1E,2015-ncaa-d0-natl,ncaa,188,209,113,207,115,152,190,85,308,103,50,279,316,259,348,300,24,4,344,4,21,54,26,328,324,332,267,333,8,24,33,178,295,68,156,275,312,348,321,338,8,21,200,212,,,347,336,,,251,31,9,12,171,227,71,104,33,327,271,14,3,3,21,5,9,205,32,308,347,4,217,,346,,,249,273,158,138,209,231,174,261,52,134,12,87,347,349,32,349,349,254,319,168,225,80,218,20,346,300,295,284,33,302,156,177,192,7,12,18,348,322,288,211,,,11,47,,,251,315,318,95,249,260,139,88,224,137,39,111,345,348,348,266,342,294,266,299,162,3,346,292,,3,,,b'\x11\xe8\xe1I\xc8\x90F\xaa\xaf\x82\x12\xdf\x17\xaeN\x1e'
11E8E149-C890-46AA-AF82-12DF17AE4E1E,2015-ncaa-d1-conf-SWAC,ncaa,4,4,2,4,2,2,2,1,5,3,2,6,8,7,8,9,1,1,8,1,1,1,1,6,6,6,6,9,1,1,2,3,7,2,4,7,9,10,5,8,1,1,3,4,,,9,7,,,5,1,1,3,3,3,1,4,2,8,7,1,1,1,1,1,1,5,3,8,9,1,5,,10,,,5,10,7,7,8,7,4,9,8,9,5,7,10,10,6,10,10,8,10,8,9,7,8,5,9,6,7,8,2,7,4,9,10,1,2,5,9,8,10,8,,,1,3,,,5,10,5,5,6,9,5,3,5,2,8,8,10,10,10,6,10,6,7,6,8,1,9,10,,1,,,b'\x11\xe8\xe1I\xc8\x90F\xaa\xaf\x82\x12\xdf\x17\xaeN\x1e'
11E8E149-C890-46AA-AF82-12DF17AE4E1E,2015-ncaa-d1-natl,ncaa,206,207,143,217,145,185,222,104,315,122,64,286,320,267,349,299,25,5,345,5,20,58,30,331,325,335,270,333,7,28,37,205,299,79,166,304,317,347,326,339,11,23,222,219,,,347,339,,,265,37,9,10,185,235,76,109,36,328,271,14,3,3,22,5,9,213,37,316,347,5,220,,346,,,264,252,132,103,220,217,143,265,45,111,14,84,346,349,33,349,349,225,315,182,234,88,217,21,346,286,299,265,37,284,166,161,192,8,15,22,347,325,283,214,,,13,44,,,265,310,320,102,265,270,147,90,239,138,43,109,345,348,348,266,342,299,268,304,171,3,346,294,,3,,,b'\x11\xe8\xe1I\xc8\x90F\xaa\xaf\x82\x12\xdf\x17\xaeN\x1e'
11E8E149-C890-46AA-AF82-12DF17AE4E1E,2016-ncaa-d0-natl,ncaa,239,181,321,227,329,310,324,274,334,276,167,336,325,310,305,305,135,104,261,105,92,248,210,341,332,337,198,297,6,74,32,286,195,180,84,330,306,287,311,343,269,253,302,293,,,237,302,,,276,267,23,155,248,283,103,208,47,302,279,37,16,15,62,15,10,152,31,318,342,197,285,,330,,,281,82,52,34,184,108,47,252,33,78,16,119,291,326,12,327,341,71,84,145,166,146,153,37,332,83,195,62,32,56,84,104,218,161,109,116,304,307,145,121,,,200,177,,,276,101,318,129,263,255,200,188,249,195,68,174,333,348,348,291,325,211,226,226,214,46,343,223,,54,,,b'\x11\xe8\xe1I\xc8\x90F\xaa\xaf\x82\x12\xdf\x17\xaeN\x1e'
11E8E149-C890-46AA-AF82-12DF17AE4E1E,2016-ncaa-d1-conf-SWAC,ncaa,7,6,7,7,7,9,9,5,9,9,5,10,6,6,7,6,3,3,4,3,5,5,5,9,9,9,3,6,3,2,2,6,4,4,4,8,5,6,7,8,8,8,6,6,,,6,6,,,7,7,3,2,8,9,4,8,5,6,5,2,3,3,3,2,2,5,3,8,8,8,6,,7,,,7,6,4,4,4,4,3,5,4,8,2,8,7,7,5,7,9,5,4,5,6,7,8,5,8,3,4,5,2,5,4,7,9,7,6,7,9,9,8,9,,,3,7,,,7,4,9,6,7,7,5,7,5,4,5,8,9,9,9,8,9,5,8,6,7,5,9,9,,2,,,b'\x11\xe8\xe1I\xc8\x90F\xaa\xaf\x82\x12\xdf\x17\xaeN\x1e'
11E8E149-C890-46AA-AF82-12DF17AE4E1E,2016-ncaa-d1-natl,ncaa,191,179,218,196,255,225,245,151,313,184,61,325,308,301,285,315,95,47,283,48,130,123,81,330,323,329,241,305,22,25,22,199,145,86,60,303,310,338,288,338,180,205,279,276,,,315,309,,,248,131,14,156,208,235,68,140,22,302,296,48,17,17,38,9,8,143,23,299,342,157,273,,336,,,249,175,120,114,170,186,124,253,44,140,10,121,324,342,13,342,342,193,229,134,154,113,148,35,333,112,145,128,22,106,60,138,184,71,87,85,336,301,150,82,,,126,186,,,248,250,301,97,228,235,187,179,243,180,61,172,334,347,347,277,327,154,186,173,179,42,337,180,,55,,,b'\x11\xe8\xe1I\xc8\x90F\xaa\xaf\x82\x12\xdf\x17\xaeN\x1e'
11E8E149-C890-46AA-AF82-12DF17AE4E1E,2017-ncaa-d0-natl,ncaa,284,184,349,262,349,326,335,328,311,293,217,323,334,335,259,319,195,158,289,156,109,315,295,320,317,319,237,299,24,113,33,337,314,290,171,339,323,225,307,336,161,94,247,218,,,113,244,,,245,331,7,156,161,201,31,119,12,283,273,32,11,11,15,3,7,155,18,296,346,39,173,,333,,,255,13,7,8,164,40,39,141,13,11,136,25,215,280,4,270,331,16,32,131,144,80,140,38,330,144,314,12,33,34,171,11,87,149,44,28,214,289,58,97,,,246,135,,,245,20,301,115,245,288,242,275,286,320,84,86,340,346,346,330,344,333,286,330,151,12,337,206,,12,,,b'\x11\xe8\xe1I\xc8\x90F\xaa\xaf\x82\x12\xdf\x17\xaeN\x1e'
11E8E149-C890-46AA-AF82-12DF17AE4E1E,2017-ncaa-d1-conf-SWAC,ncaa,9,8,9,9,9,8,7,4,7,8,5,8,3,4,2,5,8,8,7,8,8,7,6,6,7,9,3,1,7,4,3,7,8,7,3,7,9,9,8,9,4,4,5,6,,,5,5,,,8,8,1,6,3,3,1,6,3,2,3,6,7,7,2,1,1,5,1,5,10,3,4,,10,,,8,7,6,6,5,5,5,6,5,4,8,5,7,8,2,8,9,6,7,6,6,7,6,4,8,4,8,4,3,4,3,3,5,4,3,4,7,6,8,8,,,7,8,,,8,6,7,7,7,10,10,10,8,9,8,7,9,9,9,10,10,10,8,10,8,3,9,8,,4,,,b'\x11\xe8\xe1I\xc8\x90F\xaa\xaf\x82\x12\xdf\x17\xaeN\x1e'
11E8E149-C890-46AA-AF82-12DF17AE4E1E,2017-ncaa-d1-natl,ncaa,236,181,336,231,340,240,257,187,293,179,83,316,300,308,237,319,113,60,305,56,111,154,94,314,313,318,252,300,37,30,21,264,305,122,139,307,316,333,314,331,55,58,179,180,,,247,220,,,211,147,5,193,128,149,22,92,7,274,270,32,9,9,12,3,4,118,8,273,348,23,127,,332,,,212,91,56,73,106,117,172,80,34,27,140,24,308,338,8,334,326,136,234,84,90,34,175,42,336,279,305,115,21,186,139,40,75,37,26,13,310,285,87,61,,,118,176,,,211,204,294,55,207,261,199,265,249,320,82,79,341,346,346,325,345,332,269,324,114,3,338,162,,12,,,b'\x11\xe8\xe1I\xc8\x90F\xaa\xaf\x82\x12\xdf\x17\xaeN\x1e'
11E8E149-C890-46AA-AF82-12DF17AE4E1E,2018-ncaa-d0-natl,ncaa,222,94,348,174,349,297,255,248,256,133,77,266,344,345,345,344,238,156,334,160,254,235,232,316,321,307,344,346,104,28,9,315,280,176,82,282,265,192,242,267,65,23,233,188,,,284,337,,,134,315,2,81,69,48,5,12,1,342,326,62,7,8,3,2,2,72,3,129,335,7,138,,349,,,128,5,3,5,53,18,27,77,2,5,2,11,325,332,74,332,344,16,45,25,69,18,179,3,349,137,280,39,9,55,82,12,208,57,12,10,147,193,147,88,,,247,211,,,134,35,257,27,129,226,103,202,223,293,12,57,349,349,349,325,347,332,309,327,149,2,318,297,,7,,,b'\x11\xe8\xe1I\xc8\x90F\xaa\xaf\x82\x12\xdf\x17\xaeN\x1e'
11E8E149-C890-46AA-AF82-12DF17AE4E1E,2018-ncaa-d1-conf-SWAC,ncaa,5,5,5,5,6,4,3,2,5,1,1,8,8,9,8,10,7,6,8,7,9,2,1,7,8,6,10,9,8,1,1,4,4,1,3,3,4,9,5,3,4,5,5,4,,,10,8,,,4,3,1,4,3,1,1,1,1,8,9,7,3,4,1,1,1,2,1,1,9,3,5,,10,,,4,7,3,5,3,5,5,4,5,7,3,6,10,10,8,10,10,8,8,2,3,3,9,4,10,7,4,7,1,7,3,5,8,4,4,2,7,5,7,5,,,4,8,,,4,8,5,3,4,7,3,7,5,6,5,6,10,10,10,9,10,8,10,10,6,2,7,8,,2,,,b'\x11\xe8\xe1I\xc8\x90F\xaa\xaf\x82\x12\xdf\x17\xaeN\x1e'
11E8E149-C890-46AA-AF82-12DF17AE4E1E,2018-ncaa-d1-natl,ncaa,186,111,338,162,340,185,133,81,249,46,17,253,345,339,347,347,143,62,332,63,268,70,49,320,322,310,347,348,114,2,4,196,252,42,64,223,307,315,234,286,18,11,207,198,,,335,327,,,107,104,2,88,59,38,4,5,1,344,324,59,10,11,2,2,2,58,3,142,338,5,159,,349,,,93,47,12,36,43,55,102,67,8,30,2,27,344,344,84,343,343,103,251,22,60,12,215,6,349,234,252,180,4,210,64,45,202,12,10,8,241,161,200,55,,,112,223,,,107,248,256,15,108,201,82,194,191,268,19,79,348,349,349,313,347,320,311,321,128,2,311,272,,6,,,b'\x11\xe8\xe1I\xc8\x90F\xaa\xaf\x82\x12\xdf\x17\xaeN\x1e'
11E8E149-C890-46AA-AF82-12DF17AE4E1E,2019-ncaa-d0-natl,ncaa,146,138,173,150,191,143,138,194,88,59,55,135,332,336,215,341,51,10,337,10,38,125,74,161,177,243,322,343,32,60,35,145,186,96,76,146,173,345,323,271,22,29,238,247,,,335,312,,,143,84,16,81,111,106,169,27,27,333,340,26,4,3,69,9,44,99,45,123,343,17,241,,335,,,144,169,116,126,145,149,163,162,77,101,89,84,321,340,12,340,340,203,272,122,131,53,203,68,325,234,186,83,35,122,76,186,259,15,21,38,339,304,95,39,,,24,32,,,143,274,227,46,138,196,130,127,172,190,81,113,318,342,341,253,329,256,100,158,201,9,331,106,,5,,,b'\x11\xe8\xe1I\xc8\x90F\xaa\xaf\x82\x12\xdf\x17\xaeN\x1e'
11E8E149-C890-46AA-AF82-12DF17AE4E1E,2019-ncaa-d1-conf-SWAC,ncaa,2,3,1,3,1,1,1,1,2,1,1,3,6,8,2,10,1,1,4,1,5,1,1,2,2,2,10,9,6,1,2,1,2,1,2,2,2,9,4,2,1,1,6,6,,,9,7,,,2,1,2,2,1,1,4,1,1,7,8,2,1,1,1,1,2,3,2,2,6,1,6,,7,,,2,9,7,10,4,5,7,4,9,10,6,9,9,9,6,9,8,10,10,4,5,4,9,9,7,7,2,5,2,6,2,9,10,1,3,5,7,4,2,2,,,1,4,,,2,10,1,4,2,6,5,4,4,2,9,7,8,7,7,4,6,3,3,3,7,2,6,2,,1,,,b'\x11\xe8\xe1I\xc8\x90F\xaa\xaf\x82\x12\xdf\x17\xaeN\x1e'
11E8E149-C890-46AA-AF82-12DF17AE4E1E,2019-ncaa-d1-natl,ncaa,135,137,107,140,114,100,92,137,58,32,34,116,326,336,146,342,41,4,338,5,51,88,43,125,145,216,327,343,52,50,43,101,174,70,73,107,186,348,320,263,14,22,241,255,,,342,303,,,118,42,14,81,92,86,156,21,23,332,341,30,4,4,67,15,59,102,54,111,340,15,251,,335,,,115,212,141,172,134,187,186,165,85,128,72,93,327,342,13,343,339,250,312,116,127,47,199,66,326,248,174,111,43,165,73,213,254,7,17,31,344,305,125,45,,,16,44,,,118,313,210,39,115,182,126,117,165,176,78,119,316,333,335,232,329,232,102,145,191,7,331,123,,8,,,b'\x11\xe8\xe1I\xc8\x90F\xaa\xaf\x82\x12\xdf\x17\xaeN\x1e'
11E8E149-C890-46AA-AF82-12DF17AE4E1E,2020-ncaa-d0-natl,ncaa,81,67,191,78,240,137,141,155,137,58,29,190,324,323,276,338,17,1,343,1,24,65,23,236,241,260,307,337,16,10,4,119,231,26,34,163,202,337,287,281,74,101,31,29,,,319,285,,,97,71,19,238,108,116,103,35,15,328,327,14,2,1,20,5,4,81,8,153,336,60,22,,327,,,97,113,68,214,26,83,218,24,118,182,65,135,265,317,10,316,287,257,300,23,24,20,254,159,302,286,231,45,4,121,34,65,106,55,87,31,277,199,233,120,,,5,30,,,97,284,204,24,98,121,86,264,92,240,137,201,270,319,322,302,328,302,60,154,77,45,285,234,,5,,,b'\x11\xe8\xe1I\xc8\x90F\xaa\xaf\x82\x12\xdf\x17\xaeN\x1e'
11E8E149-C890-46AA-AF82-12DF17AE4E1E,2020-ncaa-d1-conf-SWAC,ncaa,1,1,1,1,4,2,2,3,2,1,2,2,8,8,4,10,2,2,8,2,2,3,3,2,2,2,9,10,5,1,1,1,4,1,1,2,3,4,2,2,5,5,1,1,,,4,2,,,1,4,5,4,2,2,3,1,2,8,8,2,2,2,3,3,1,1,1,2,4,5,1,,3,,,1,3,2,8,1,1,7,1,9,9,5,9,2,2,9,2,2,7,6,1,1,1,10,9,4,4,4,1,1,3,1,2,1,5,6,3,4,3,8,6,,,2,3,,,1,7,1,2,1,3,2,8,1,5,9,9,2,2,2,6,6,4,1,3,2,6,4,8,,2,,,b'\x11\xe8\xe1I\xc8\x90F\xaa\xaf\x82\x12\xdf\x17\xaeN\x1e'
11E8E149-C890-46AA-AF82-12DF17AE4E1E,2020-ncaa-d1-natl,ncaa,92,67,257,81,297,172,179,190,148,72,37,201,329,331,274,338,23,2,344,2,23,89,36,239,251,270,304,337,14,11,4,149,240,30,35,192,205,334,289,287,93,113,32,33,,,311,288,,,111,103,22,227,115,128,112,40,16,330,328,12,2,2,26,6,4,87,8,162,336,74,22,,329,,,109,94,51,184,25,66,189,26,106,166,68,131,249,310,12,308,289,221,272,24,26,21,253,156,300,271,240,32,4,90,35,58,108,75,102,35,268,204,217,127,,,7,29,,,111,252,218,27,112,135,93,266,100,247,138,197,274,323,323,308,329,301,62,158,79,48,287,241,,4,,,b'\x11\xe8\xe1I\xc8\x90F\xaa\xaf\x82\x12\xdf\x17\xaeN\x1e'
11E8E149-C890-46AA-AF82-12DF17AE4E1E,2021-ncaa-d0-natl,ncaa,36,43,89,35,125,108,109,131,91,64,46,176,222,275,54,328,24,14,247,13,48,101,77,138,123,172,264,312,24,36,10,70,147,56,18,129,235,325,263,256,95,152,50,93,,,258,197,,,57,96,84,224,117,125,206,69,46,287,326,18,10,10,127,52,46,71,38,186,299,133,63,,224,,,59,172,155,251,23,166,293,3,166,104,296,21,238,274,21,278,172,247,251,23,24,32,216,148,267,253,147,101,10,141,18,209,260,103,174,145,312,266,306,192,,,33,39,,,57,243,146,34,60,72,53,196,78,300,102,40,201,249,255,224,236,210,7,26,151,151,290,277,,17,,,b'\x11\xe8\xe1I\xc8\x90F\xaa\xaf\x82\x12\xdf\x17\xaeN\x1e'
11E8E149-C890-46AA-AF82-12DF17AE4E1E,2021-ncaa-d1-conf-SWAC,ncaa,1,1,2,1,2,2,2,2,2,2,2,4,2,6,1,9,2,2,2,2,6,2,2,2,2,2,6,9,4,1,1,2,1,2,1,2,5,8,4,3,4,5,2,2,,,5,2,,,1,2,8,7,2,2,4,2,1,5,9,2,3,3,4,4,1,1,1,4,5,6,3,,3,,,1,4,4,9,1,3,9,1,9,7,9,5,4,4,5,4,1,9,9,1,1,1,10,9,3,4,1,3,1,3,1,6,8,5,7,7,8,5,9,5,,,3,5,,,1,9,2,1,1,1,1,5,1,8,7,6,2,2,2,5,3,3,1,1,4,7,6,5,,5,,,b'\x11\xe8\xe1I\xc8\x90F\xaa\xaf\x82\x12\xdf\x17\xaeN\x1e'
11E8E149-C890-46AA-AF82-12DF17AE4E1E,2021-ncaa-d1-natl,ncaa,40,43,105,37,144,116,119,145,95,72,55,182,230,278,53,329,28,16,248,15,46,115,91,141,125,176,262,311,22,43,10,86,154,63,18,150,238,318,271,262,112,160,54,96,,,247,202,,,61,113,85,225,122,131,213,70,47,287,328,20,9,9,129,57,48,75,39,199,297,137,64,,225,,,63,157,144,235,23,154,290,3,156,97,299,20,232,263,24,266,177,236,237,23,24,33,215,144,268,244,154,96,10,128,18,197,261,120,183,151,306,271,303,203,,,40,40,,,61,226,149,36,66,72,56,195,81,304,101,39,203,252,260,227,237,214,7,27,158,163,293,282,,17,,,b'\x11\xe8\xe1I\xc8\x90F\xaa\xaf\x82\x12\xdf\x17\xaeN\x1e'
11E8E149-C890-46AA-AF82-12DF17AE4E1E,2021-ncaa-d1-ncaatournament,ncaa,33,2,33,33,34,54,48,35,56,39,35,43,62,49,64,43,49,38,64,38,28,34,34,58,61,61,62,61,38,39,41,47,59,43,60,61,60,28,50,63,25,6,33,38,,,23,30,,,63,34,1,7,54,43,6,23,6,60,31,42,13,11,3,2,20,45,33,60,57,1,13,,52,,,63,31,31,32,51,37,30,45,13,11,46,5,31,35,22,34,46,32,32,47,46,53,15,14,41,33,59,32,41,33,60,24,13,40,41,40,40,60,41,52,,,43,48,,,63,32,62,56,62,63,63,64,63,62,29,15,57,61,61,64,64,60,64,64,52,15,63,60,,27,,,b'\x11\xe8\xe1I\xc8\x90F\xaa\xaf\x82\x12\xdf\x17\xaeN\x1e'
11E8E149-C890-46AA-AF82-12DF17AE4E1E,2022-ncaa-d0-natl,ncaa,43,19,112,31,161,30,34,54,27,14,14,50,277,292,168,344,3,1,231,1,43,31,37,70,56,47,322,344,28,8,2,26,61,8,3,92,297,202,64,113,82,125,23,34,,,208,82,,,11,62,14,344,4,5,14,3,6,294,324,1,1,1,4,8,5,4,4,80,179,94,19,,175,,,6,185,157,297,9,150,285,13,155,269,21,171,281,297,105,297,214,308,294,5,9,29,230,148,291,237,61,71,2,118,3,138,142,148,247,126,195,71,280,98,,,8,39,,,11,294,19,26,12,144,110,319,127,304,136,260,256,287,284,335,324,214,24,66,112,170,177,275,,5,,,b'\x11\xe8\xe1I\xc8\x90F\xaa\xaf\x82\x12\xdf\x17\xaeN\x1e'
11E8E149-C890-46AA-AF82-12DF17AE4E1E,2022-ncaa-d1-conf-SWAC,ncaa,1,1,1,1,1,1,1,1,1,1,1,1,7,9,6,10,1,1,3,1,3,1,1,1,1,1,9,11,3,1,1,1,1,1,1,2,7,4,1,1,2,3,1,1,,,1,1,,,1,1,4,12,1,1,2,1,1,10,10,1,1,1,1,2,1,1,1,3,2,5,1,,1,,,1,5,7,12,1,3,10,1,12,12,4,12,1,1,5,1,1,11,11,1,1,1,10,12,1,2,1,1,1,1,1,5,4,7,9,4,4,2,7,2,,,1,2,,,1,12,1,1,1,2,2,9,1,4,10,12,1,1,1,5,5,2,1,1,3,9,2,5,,1,,,b'\x11\xe8\xe1I\xc8\x90F\xaa\xaf\x82\x12\xdf\x17\xaeN\x1e'
11E8E149-C890-46AA-AF82-12DF17AE4E1E,2022-ncaa-d1-natl,ncaa,48,19,146,31,209,35,37,67,29,16,16,62,288,311,175,344,3,2,234,2,42,38,45,85,64,53,322,344,23,10,3,29,66,10,3,112,301,183,68,123,104,141,27,37,,,177,83,,,14,81,15,343,4,5,15,3,6,296,326,1,1,1,6,8,8,4,4,96,174,103,19,,178,,,8,152,129,288,10,134,277,18,136,251,22,167,268,284,112,283,218,297,273,6,10,38,232,150,291,211,66,40,3,85,3,126,149,187,257,142,169,74,273,102,,,13,33,,,14,276,20,35,14,158,118,322,142,307,140,259,264,289,287,337,324,216,26,70,124,190,180,281,,4,,,b'\x11\xe8\xe1I\xc8\x90F\xaa\xaf\x82\x12\xdf\x17\xaeN\x1e'
11E8E149-C890-46AA-AF82-12DF17AE4E1E,2022-ncaa-d1-ncaatournament,ncaa,37,2,37,37,38,38,47,45,43,47,38,61,35,59,2,59,30,28,51,28,6,38,38,40,36,31,7,19,5,38,17,40,33,38,18,45,50,18,26,50,53,57,40,39,,,29,54,,,32,37,1,5,7,28,11,34,4,11,50,1,1,1,3,2,13,7,6,38,43,46,25,,65,,,37,21,20,32,28,32,32,26,2,1,5,2,39,41,25,41,47,32,31,18,25,34,9,2,63,25,33,12,17,21,18,19,50,52,60,57,25,48,45,62,,,40,24,,,32,32,35,34,26,54,53,67,64,68,2,2,67,68,68,68,67,50,39,50,54,45,56,66,,7,,,b'\x11\xe8\xe1I\xc8\x90F\xaa\xaf\x82\x12\xdf\x17\xaeN\x1e'
11E8E149-C890-46AA-AF82-12DF17AE4E1E,2023-ncaa-d0-natl,ncaa,87,52,164,72,220,128,152,167,134,101,74,201,281,326,119,341,29,14,314,13,27,117,123,175,164,146,255,326,20,63,17,79,148,61,17,206,285,141,104,187,248,275,24,16,,,147,121,,,57,163,100,286,91,118,142,64,44,281,333,11,4,2,56,73,45,33,18,215,165,250,15,,154,,,47,51,35,253,6,32,222,4,170,241,64,206,179,232,26,234,208,251,208,6,6,21,310,267,265,234,148,29,17,70,17,47,139,270,310,159,215,192,113,53,,,33,13,,,57,204,107,24,48,57,34,302,28,268,187,267,194,247,250,312,268,257,33,86,47,281,229,120,,7,,,b'\x11\xe8\xe1I\xc8\x90F\xaa\xaf\x82\x12\xdf\x17\xaeN\x1e'
11E8E149-C890-46AA-AF82-12DF17AE4E1E,2023-ncaa-d1-conf-SWAC,ncaa,1,1,2,1,3,1,1,2,1,2,2,1,2,7,2,10,1,2,6,2,2,2,2,1,1,1,6,8,6,1,1,1,1,1,1,2,7,3,1,1,8,10,1,1,,,3,2,,,1,3,7,11,1,1,3,1,2,4,9,2,1,1,2,6,1,1,1,3,3,10,1,,2,,,1,1,1,11,1,1,8,1,11,12,4,12,3,3,7,3,3,11,10,1,1,1,12,12,5,5,1,1,1,1,1,1,6,10,12,7,4,3,1,1,,,2,1,,,1,10,1,1,1,1,1,11,1,3,11,12,2,3,3,8,4,2,1,1,1,11,3,1,,1,,,b'\x11\xe8\xe1I\xc8\x90F\xaa\xaf\x82\x12\xdf\x17\xaeN\x1e'
11E8E149-C890-46AA-AF82-12DF17AE4E1E,2023-ncaa-d1-natl,ncaa,98,52,219,79,291,157,190,215,139,123,88,213,295,336,125,343,34,16,316,16,26,147,165,185,170,154,254,326,15,79,20,104,152,75,19,239,291,107,110,202,274,294,26,16,,,119,126,,,63,222,103,286,98,136,157,70,46,290,334,11,4,3,61,78,51,35,19,227,165,264,16,,159,,,48,36,26,219,6,18,191,4,157,221,71,205,161,216,31,219,215,224,152,7,6,21,311,265,268,216,152,10,20,41,19,32,140,307,319,187,192,197,99,61,,,38,12,,,63,148,117,27,51,66,40,305,34,271,197,269,202,251,254,316,264,263,34,91,53,295,231,127,,7,,,b'\x11\xe8\xe1I\xc8\x90F\xaa\xaf\x82\x12\xdf\x17\xaeN\x1e'
11E8E149-C890-46AA-AF82-12DF17AE4E1E,2024-ncaa-d0-natl,ncaa,51,30,196,37,241,147,199,173,249,178,156,224,244,215,283,246,9,8,178,9,5,126,141,257,196,160,117,278,4,22,9,124,232,64,35,238,260,99,81,200,233,250,27,18,,,223,234,,,55,217,153,263,105,194,133,164,118,242,199,3,2,2,52,64,11,70,12,240,127,229,16,,251,,,51,44,22,155,3,51,240,2,23,54,21,34,292,303,113,304,268,186,173,2,5,12,206,46,346,267,232,54,9,124,35,36,141,207,209,92,175,165,108,102,,,47,17,,,55,147,91,26,49,50,21,199,58,303,18,58,300,314,312,250,246,299,70,164,42,189,208,122,,14,,,b'\x11\xe8\xe1I\xc8\x90F\xaa\xaf\x82\x12\xdf\x17\xaeN\x1e'
11E8E149-C890-46AA-AF82-12DF17AE4E1E,2024-ncaa-d1-conf-SWAC,ncaa,1,1,1,1,1,1,1,1,1,1,3,1,1,1,2,3,1,1,2,1,1,1,1,1,1,1,1,2,1,1,1,1,2,1,1,2,10,1,1,1,9,10,1,1,,,4,3,,,1,3,11,8,1,2,7,6,9,1,2,1,1,1,3,9,1,1,1,4,1,9,1,,2,,,1,2,2,12,1,1,11,1,7,8,3,8,5,5,8,5,4,11,10,1,1,1,11,9,9,8,2,3,1,4,1,1,1,9,9,3,2,2,1,1,,,1,2,,,1,10,1,1,1,1,1,8,1,7,4,7,2,2,2,6,4,6,1,2,1,10,2,1,,1,,,b'\x11\xe8\xe1I\xc8\x90F\xaa\xaf\x82\x12\xdf\x17\xaeN\x1e'
11E8E149-C890-46AA-AF82-12DF17AE4E1E,2024-ncaa-d1-natl,ncaa,30,30,78,34,116,78,126,82,210,97,77,190,212,169,284,250,3,2,197,2,6,40,44,227,168,142,137,283,4,9,3,67,200,17,14,183,274,189,82,194,129,170,18,15,,,274,211,,,25,94,117,264,75,153,88,108,103,236,196,2,2,2,38,45,8,67,11,223,145,153,16,,234,,,23,76,41,243,2,74,297,2,31,103,10,47,314,319,160,323,261,271,285,2,4,4,204,47,348,304,200,90,3,180,14,57,150,103,147,47,245,164,122,68,,,13,19,,,25,268,75,8,26,32,10,187,43,287,17,67,296,298,299,238,254,275,41,119,34,126,216,105,,11,,,b'\x11\xe8\xe1I\xc8\x90F\xaa\xaf\x82\x12\xdf\x17\xaeN\x1e'
11E8E149-C890-46AA-AF82-12DF17AE4E1E,2024-ncaa-d1-ncaatournament,ncaa,37,3,37,37,38,47,53,47,58,51,55,48,45,39,54,18,37,37,37,37,14,40,40,56,53,50,15,34,5,39,31,48,51,44,50,47,24,17,38,42,65,65,42,41,,,13,28,,,55,40,6,5,39,48,19,46,42,32,7,10,7,9,8,5,17,43,32,38,42,64,33,,37,,,56,25,27,31,54,27,24,55,27,26,44,43,7,6,66,6,8,29,26,55,54,56,23,47,7,21,51,25,31,24,50,29,51,45,35,54,21,40,21,55,,,53,58,,,55,27,48,57,54,60,63,63,62,51,57,52,15,8,8,55,57,41,61,60,61,23,43,48,,44,,,b'\x11\xe8\xe1I\xc8\x90F\xaa\xaf\x82\x12\xdf\x17\xaeN\x1e'
11E8E149-C890-46AA-AF82-12DF17AE4E1E,2025-ncaa-d0-natl,genius_ncaa,147,147,135,154,193,238,284,224,324,295,191,350,225,248,168,240,62,59,153,61,44,191,157,315,286,302,69,194,12,155,176,150,285,156,231,296,259,315,296,326,166,200,168,228,,,227,206,,120,231,158,174,353,283,338,288,323,210,239,269,48,52,52,239,173,168,162,168,325,300,175,181,,219,,118,225,154,139,203,86,244,281,102,20,54,11,23,316,336,14,336,276,248,226,44,50,95,65,12,336,305,285,224,176,270,231,145,180,194,229,173,351,350,300,307,,,138,131,,220,231,201,302,129,228,133,117,189,240,305,12,46,302,337,337,248,230,301,205,273,133,196,347,303,,139,,228,b'\x11\xe8\xe1I\xc8\x90F\xaa\xaf\x82\x12\xdf\x17\xaeN\x1e'
11E8E149-C890-46AA-AF82-12DF17AE4E1E,2025-ncaa-d1-conf-SWAC,genius_ncaa,3,4,3,4,5,4,8,7,5,11,12,7,1,2,1,2,3,4,1,3,2,7,9,3,2,2,1,1,2,8,7,2,3,5,4,7,5,4,7,5,10,9,7,8,,,4,3,,3,4,8,9,11,5,10,11,11,12,1,2,3,5,5,10,11,8,2,6,9,4,11,8,,2,,3,4,5,7,9,3,9,9,5,2,7,1,8,4,5,2,4,4,9,5,3,3,6,2,1,5,4,3,5,7,4,4,4,4,11,11,9,9,8,9,11,,,7,3,,10,4,5,3,6,4,2,4,7,6,8,2,6,3,4,3,7,2,4,2,3,5,12,5,7,,5,,10,b'\x11\xe8\xe1I\xc8\x90F\xaa\xaf\x82\x12\xdf\x17\xaeN\x1e'
11E8E149-C890-46AA-AF82-12DF17AE4E1E,2025-ncaa-d1-natl,genius_ncaa,161,147,172,163,243,278,320,274,335,320,221,354,243,262,169,243,69,71,151,72,42,237,202,322,294,309,70,195,9,185,187,182,296,195,243,322,261,295,302,334,191,212,198,238,,,200,212,,108,259,202,183,353,300,344,299,329,215,243,273,46,57,54,256,187,178,171,183,333,305,190,187,,223,,121,255,125,120,170,95,220,267,116,14,42,12,22,301,329,16,330,278,210,192,53,58,111,62,11,334,294,296,196,187,244,243,131,184,233,241,189,349,351,293,317,,,167,125,,225,259,156,309,149,257,146,126,192,249,307,10,45,310,340,339,252,229,308,215,276,147,212,346,306,,138,,226,b'\x11\xe8\xe1I\xc8\x90F\xaa\xaf\x82\x12\xdf\x17\xaeN\x1e'
11E8E149-C890-46AA-AF82-12DF17AE4E1E,2026-ncaa-d0-natl,genius_ncaa,295,250,279,302,291,293,288,262,312,273,229,323,266,286,187,241,285,281,207,289,286,271,278,311,309,286,176,172,172,173,127,307,92,275,158,265,165,90,174,215,283,217,358,359,,,134,329,,25,276,298,105,97,231,226,68,212,67,204,207,204,198,213,92,70,47,261,134,193,221,225,359,,306,,42,293,126,121,57,343,112,52,339,170,96,321,210,146,188,47,178,307,65,52,348,344,341,213,223,182,19,92,107,127,53,158,123,160,316,267,286,211,304,94,121,,,278,215,,337,276,64,251,314,292,316,303,153,283,119,305,222,265,305,293,206,132,32,288,173,269,269,318,168,,161,,322,b'\x11\xe8\xe1I\xc8\x90F\xaa\xaf\x82\x12\xdf\x17\xaeN\x1e'
11E8E149-C890-46AA-AF82-12DF17AE4E1E,2026-ncaa-d1-natl,genius_ncaa,301,249,271,304,286,257,259,243,281,248,192,312,240,267,150,239,239,199,296,212,218,241,249,281,289,252,167,167,166,97,57,314,56,242,106,218,119,110,155,178,208,116,361,360,,,188,343,,40,241,284,65,100,170,179,36,164,40,168,182,150,110,118,42,22,16,250,82,123,230,123,360,,331,,74,246,135,121,33,335,114,28,337,163,107,292,220,187,244,39,227,333,52,49,340,335,320,235,211,235,12,56,124,57,46,106,123,169,276,174,224,211,273,91,103,,,228,169,,321,241,74,218,275,253,301,278,117,258,74,279,222,292,329,320,175,173,22,270,150,246,173,310,156,,93,,301,b'\x11\xe8\xe1I\xc8\x90F\xaa\xaf\x82\x12\xdf\x17\xaeN\x1e'
11E8E149-C894-F1B4-AF82-12DF17AE4E1E,2010-ncaa-d0-natl,ncaa,274,269,241,276,261,276,244,108,328,161,42,327,318,289,338,304,272,262,246,260,340,133,120,340,340,331,322,312,215,23,54,211,269,103,173,287,305,237,211,305,121,109,57,58,,,219,232,,,244,172,40,188,266,219,12,114,7,319,277,260,238,235,31,12,9,158,22,285,284,80,40,,287,,,245,85,73,118,105,191,234,105,13,20,27,16,234,247,141,247,209,138,173,60,75,49,48,9,292,238,269,264,54,264,173,47,91,86,63,38,257,225,221,131,,,275,332,,,244,165,316,57,247,152,145,199,259,314,15,24,283,281,285,238,303,291,320,324,99,36,278,266,,243,,,b'\x11\xe8\xe1I\xc8\x94\xf1\xb4\xaf\x82\x12\xdf\x17\xaeN\x1e'
11E8E149-C894-F1B4-AF82-12DF17AE4E1E,2010-ncaa-d1-conf-ASUN,ncaa,4,4,3,4,4,4,3,2,7,2,1,7,9,9,9,9,4,4,7,4,8,2,2,7,7,7,9,9,7,2,3,5,7,2,5,7,9,8,6,7,2,2,1,1,,,9,8,,,4,2,2,4,5,4,1,2,1,9,9,7,7,7,3,1,2,6,3,7,8,2,1,,9,,,4,2,3,4,4,8,8,5,1,1,1,1,8,9,2,9,7,6,8,3,3,1,1,1,9,6,7,8,3,9,5,1,1,1,1,1,7,6,6,3,,,5,8,,,4,8,7,1,4,3,2,1,7,9,1,1,9,9,9,3,8,6,5,7,1,1,7,4,,6,,,b'\x11\xe8\xe1I\xc8\x94\xf1\xb4\xaf\x82\x12\xdf\x17\xaeN\x1e'
11E8E149-C894-F1B4-AF82-12DF17AE4E1E,2010-ncaa-d1-natl,ncaa,268,269,191,274,227,259,227,78,329,138,27,329,319,290,340,308,254,236,261,233,339,98,84,340,340,332,326,315,206,11,48,182,268,70,163,280,299,276,218,305,103,109,54,58,,,250,231,,,242,129,36,186,261,210,13,102,6,321,277,253,219,219,27,11,7,136,17,281,292,75,41,,291,,,242,93,90,150,96,204,260,93,16,26,15,19,259,267,141,270,217,169,217,49,65,39,54,9,297,262,268,289,48,299,163,49,74,66,65,32,279,234,241,133,,,247,331,,,242,201,318,53,245,152,134,208,247,312,16,29,288,287,295,245,306,295,321,325,85,35,288,269,,222,,,b'\x11\xe8\xe1I\xc8\x94\xf1\xb4\xaf\x82\x12\xdf\x17\xaeN\x1e'
11E8E149-C894-F1B4-AF82-12DF17AE4E1E,2011-ncaa-d0-natl,ncaa,168,207,77,181,99,115,103,44,260,70,18,278,273,263,275,308,96,91,187,87,286,42,42,293,292,257,303,307,126,16,43,101,215,40,100,221,316,276,141,264,112,171,80,139,,,294,236,,,212,54,45,213,151,137,22,65,5,300,283,110,111,109,26,19,7,158,31,266,233,135,90,,272,,,212,283,260,279,160,312,319,128,49,50,115,9,328,324,232,323,231,297,291,110,154,162,70,14,302,259,215,300,43,305,100,108,26,97,191,83,296,204,280,117,,,93,278,,,212,289,227,163,213,236,202,232,288,320,31,27,306,304,305,272,288,232,255,257,80,130,269,255,,136,,,b'\x11\xe8\xe1I\xc8\x94\xf1\xb4\xaf\x82\x12\xdf\x17\xaeN\x1e'
11E8E149-C894-F1B4-AF82-12DF17AE4E1E,2011-ncaa-d1-conf-ASUN,ncaa,5,5,1,5,2,3,3,1,9,2,1,9,6,6,8,9,3,2,5,2,9,1,1,9,9,7,8,9,3,1,2,3,1,1,4,7,9,7,2,7,2,2,5,5,,,9,9,,,6,1,2,9,4,5,1,4,1,9,9,3,2,2,2,2,1,6,2,9,4,4,5,,9,,,6,9,8,7,6,9,8,5,3,2,4,2,9,9,6,9,9,7,7,5,6,6,4,1,8,3,1,9,2,8,4,2,2,2,3,2,8,6,8,4,,,2,8,,,6,9,6,6,6,6,4,2,5,4,1,1,9,9,9,3,3,1,7,4,2,4,6,8,,5,,,b'\x11\xe8\xe1I\xc8\x94\xf1\xb4\xaf\x82\x12\xdf\x17\xaeN\x1e'
11E8E149-C894-F1B4-AF82-12DF17AE4E1E,2011-ncaa-d1-natl,ncaa,174,202,95,185,115,133,116,50,268,75,19,285,276,269,272,308,107,107,182,101,285,47,47,298,296,260,300,307,123,21,44,120,216,47,107,231,318,265,146,269,129,179,84,143,,,285,237,,,216,61,46,208,154,144,23,67,5,298,282,113,115,111,26,19,9,163,31,269,234,144,90,,274,,,216,275,243,271,167,308,315,130,43,42,119,8,326,320,232,320,230,291,282,114,159,173,67,11,305,251,216,286,44,294,107,92,26,113,196,85,289,207,276,124,,,110,276,,,216,280,230,173,217,243,206,234,292,320,32,25,309,307,307,274,287,236,260,261,82,133,270,259,,137,,,b'\x11\xe8\xe1I\xc8\x94\xf1\xb4\xaf\x82\x12\xdf\x17\xaeN\x1e'
11E8E149-C894-F1B4-AF82-12DF17AE4E1E,2012-ncaa-d0-natl,ncaa,238,260,120,256,120,135,128,39,315,115,31,324,195,178,225,254,127,141,119,133,293,46,47,316,316,278,216,217,139,29,94,158,289,65,224,256,317,199,89,265,38,66,171,225,,,205,78,,,263,63,60,6,146,133,9,116,11,195,185,137,155,143,9,10,12,186,45,280,192,36,177,,195,,,259,302,312,275,275,327,299,286,94,126,88,65,278,275,185,268,165,280,293,238,247,216,36,39,182,297,289,324,94,331,224,301,201,55,102,167,241,160,310,216,,,201,325,,,263,284,253,226,246,289,302,291,320,310,95,115,267,266,264,295,324,299,326,329,283,46,233,317,,226,,,b'\x11\xe8\xe1I\xc8\x94\xf1\xb4\xaf\x82\x12\xdf\x17\xaeN\x1e'
11E8E149-C894-F1B4-AF82-12DF17AE4E1E,2012-ncaa-d1-conf-ASUN,ncaa,5,5,3,5,3,3,4,1,10,3,1,10,4,5,4,9,2,2,4,2,8,1,1,9,9,6,5,5,4,1,3,8,8,1,4,4,8,5,3,5,1,2,8,8,,,6,4,,,5,2,5,1,4,5,2,3,3,4,5,2,3,3,2,1,1,8,2,7,5,1,8,,5,,,5,9,9,9,9,10,8,9,5,5,2,4,9,7,7,7,5,9,9,7,7,5,3,4,6,9,8,10,3,10,4,10,10,2,3,6,7,3,10,5,,,4,8,,,5,9,4,5,4,6,8,8,9,7,4,4,8,6,6,8,8,9,9,8,10,3,6,10,,6,,,b'\x11\xe8\xe1I\xc8\x94\xf1\xb4\xaf\x82\x12\xdf\x17\xaeN\x1e'
11E8E149-C894-F1B4-AF82-12DF17AE4E1E,2012-ncaa-d1-natl,ncaa,254,260,137,262,137,156,153,42,319,130,31,329,204,185,224,254,138,158,117,146,295,50,54,318,318,283,214,216,137,32,98,179,294,77,233,273,318,177,92,271,43,69,177,229,,,189,85,,,267,74,63,5,153,143,9,120,11,200,185,133,154,145,9,10,12,193,49,284,197,36,179,,195,,,265,295,305,262,278,321,291,293,86,108,95,64,272,266,191,257,166,271,285,243,250,221,34,39,183,290,294,322,98,330,233,294,203,66,108,176,230,164,306,222,,,223,324,,,267,273,258,234,256,293,307,293,323,310,98,113,269,269,266,298,324,305,327,330,286,51,233,318,,227,,,b'\x11\xe8\xe1I\xc8\x94\xf1\xb4\xaf\x82\x12\xdf\x17\xaeN\x1e'
11E8E149-C894-F1B4-AF82-12DF17AE4E1E,2013-ncaa-d0-natl,ncaa,235,244,183,248,185,170,201,165,239,182,123,274,213,240,125,243,58,74,58,73,101,150,142,247,198,200,141,219,26,118,119,168,214,142,158,275,311,222,196,296,233,264,207,265,,,52,26,,,264,145,84,51,133,196,128,174,93,209,229,28,48,49,103,69,98,122,91,288,243,229,200,,55,,,262,285,317,281,306,328,308,301,127,141,135,84,108,99,193,101,39,268,214,278,250,297,18,67,46,234,214,164,119,203,158,297,171,266,314,326,232,215,334,323,,,121,133,,,264,204,183,299,256,312,334,332,335,339,149,164,124,118,116,328,279,257,205,244,305,272,247,336,,75,,,b'\x11\xe8\xe1I\xc8\x94\xf1\xb4\xaf\x82\x12\xdf\x17\xaeN\x1e'
11E8E149-C894-F1B4-AF82-12DF17AE4E1E,2013-ncaa-d1-conf-ASUN,ncaa,7,6,5,7,5,5,6,5,7,5,4,7,7,7,6,7,1,1,3,1,4,5,5,8,5,6,6,7,1,3,3,4,4,4,3,8,9,8,6,8,5,6,6,8,,,2,2,,,7,4,3,1,6,7,5,5,3,7,7,1,1,1,4,2,3,3,3,9,8,5,6,,3,,,7,8,10,9,9,10,10,8,4,4,2,3,4,4,3,4,2,8,7,7,6,8,2,4,2,6,4,4,3,6,3,10,8,6,8,9,8,7,9,9,,,3,5,,,7,7,6,7,6,8,9,10,10,10,4,4,5,4,4,8,9,6,7,8,10,5,9,10,,1,,,b'\x11\xe8\xe1I\xc8\x94\xf1\xb4\xaf\x82\x12\xdf\x17\xaeN\x1e'
11E8E149-C894-F1B4-AF82-12DF17AE4E1E,2013-ncaa-d1-natl,ncaa,248,243,210,252,214,187,222,190,245,201,137,280,221,242,124,243,63,87,58,87,98,173,163,252,201,204,137,217,27,136,126,186,218,160,161,289,312,212,198,298,250,269,222,269,,,43,28,,,271,166,88,48,140,205,134,182,97,207,229,30,47,48,107,72,103,124,94,294,243,234,203,,55,,,270,276,313,269,309,327,304,303,123,130,143,82,94,89,193,90,40,253,194,282,257,303,17,65,46,223,218,147,126,190,161,292,172,290,316,327,219,218,332,325,,,138,133,,,271,185,189,307,265,314,334,332,336,339,150,164,126,121,118,328,279,256,208,249,307,278,247,338,,76,,,b'\x11\xe8\xe1I\xc8\x94\xf1\xb4\xaf\x82\x12\xdf\x17\xaeN\x1e'
11E8E149-C894-F1B4-AF82-12DF17AE4E1E,2014-ncaa-d0-natl,ncaa,197,205,180,207,239,242,240,207,261,127,63,294,335,338,283,338,131,115,234,110,209,182,125,301,291,309,316,336,45,72,50,188,71,115,48,300,323,332,321,334,37,14,275,267,,,225,267,,,195,160,68,270,252,238,170,103,24,339,340,97,68,62,131,46,34,145,59,311,340,13,274,,268,,,195,97,73,93,142,115,109,193,67,118,37,150,216,208,223,215,267,106,161,126,151,82,154,87,286,57,71,95,50,57,48,132,227,78,51,67,216,188,343,321,,,148,199,,,195,194,298,55,194,124,101,90,158,129,75,129,249,241,245,130,217,72,127,84,165,50,243,346,,110,,,b'\x11\xe8\xe1I\xc8\x94\xf1\xb4\xaf\x82\x12\xdf\x17\xaeN\x1e'
11E8E149-C894-F1B4-AF82-12DF17AE4E1E,2014-ncaa-d1-conf-ASUN,ncaa,5,5,5,5,6,6,6,6,6,4,3,9,9,9,5,9,4,2,9,2,6,6,4,9,8,9,9,9,1,1,1,6,2,3,1,7,9,9,10,9,2,2,7,6,,,9,10,,,4,6,4,4,7,6,5,4,2,9,9,3,2,2,4,3,1,7,3,7,10,1,7,,10,,,4,3,2,3,6,3,3,7,2,2,5,4,10,8,9,8,10,3,5,5,6,5,8,2,10,2,2,2,1,2,1,6,8,2,2,3,4,5,9,9,,,4,4,,,4,6,7,3,4,4,2,1,5,2,3,3,10,9,9,2,7,1,2,1,5,1,4,9,,2,,,b'\x11\xe8\xe1I\xc8\x94\xf1\xb4\xaf\x82\x12\xdf\x17\xaeN\x1e'
11E8E149-C894-F1B4-AF82-12DF17AE4E1E,2014-ncaa-d1-natl,ncaa,211,204,211,214,288,263,258,233,266,144,73,296,338,340,286,338,143,121,234,114,208,211,148,305,294,311,317,336,45,80,51,212,72,134,50,310,323,329,323,334,44,16,282,270,,,211,269,,,206,189,71,273,260,242,172,107,27,339,340,95,73,66,139,49,38,151,61,313,339,17,275,,272,,,206,77,61,63,150,102,82,196,58,104,39,149,203,195,227,201,270,76,130,130,156,90,152,82,287,48,72,78,51,38,50,121,227,91,54,72,209,189,343,321,,,168,200,,,206,165,300,62,205,130,101,90,163,130,76,127,251,243,247,130,219,73,131,85,168,52,244,346,,111,,,b'\x11\xe8\xe1I\xc8\x94\xf1\xb4\xaf\x82\x12\xdf\x17\xaeN\x1e'
11E8E149-C894-F1B4-AF82-12DF17AE4E1E,2015-ncaa-d0-natl,ncaa,253,209,322,249,331,309,320,326,277,296,237,319,291,321,93,294,169,141,245,144,81,313,300,291,267,300,167,251,28,155,50,324,205,284,109,341,340,219,312,339,272,215,200,113,,,185,328,,,265,319,150,269,259,290,261,243,119,266,297,73,42,43,205,115,59,264,146,339,327,222,161,,318,,,271,55,26,18,212,16,8,232,202,180,243,301,216,176,314,157,315,18,28,247,292,226,325,287,286,42,205,19,50,20,109,45,148,190,86,93,171,253,301,329,,,205,67,,,265,31,280,222,272,213,128,75,68,26,290,282,296,277,257,103,162,138,112,114,129,88,262,339,,47,,,b'\x11\xe8\xe1I\xc8\x94\xf1\xb4\xaf\x82\x12\xdf\x17\xaeN\x1e'
11E8E149-C894-F1B4-AF82-12DF17AE4E1E,2015-ncaa-d1-conf-ASUN,ncaa,4,4,3,4,3,5,6,5,7,3,1,7,6,8,2,8,2,1,5,1,4,4,1,7,6,7,6,6,1,1,1,6,6,2,3,6,7,8,8,8,3,3,4,4,,,8,8,,,5,3,4,5,7,7,8,3,3,7,8,2,1,1,4,1,1,8,4,7,8,3,4,,8,,,5,6,5,4,4,4,3,6,4,4,4,4,8,8,8,8,8,4,6,6,7,4,6,4,8,6,6,1,1,2,3,3,3,3,2,2,8,7,8,7,,,1,1,,,5,6,6,5,5,6,4,2,5,2,4,4,8,7,7,2,5,6,1,2,4,3,7,8,,1,,,b'\x11\xe8\xe1I\xc8\x94\xf1\xb4\xaf\x82\x12\xdf\x17\xaeN\x1e'
11E8E149-C894-F1B4-AF82-12DF17AE4E1E,2015-ncaa-d1-natl,ncaa,243,207,298,240,326,281,300,293,269,246,167,313,294,317,127,305,124,107,223,108,98,260,236,289,263,290,200,273,27,92,35,298,186,214,76,340,341,262,298,336,207,163,167,90,,,225,306,,,222,287,139,270,244,277,223,201,85,281,306,61,38,40,169,98,41,236,120,339,320,164,136,,303,,,226,57,34,26,168,21,13,171,210,196,229,281,222,205,297,183,304,28,50,199,244,165,326,281,290,67,186,29,35,26,76,46,142,132,69,63,197,235,314,307,,,148,85,,,222,62,258,144,227,161,90,68,43,30,267,259,283,256,247,89,168,132,103,103,102,66,256,335,,42,,,b'\x11\xe8\xe1I\xc8\x94\xf1\xb4\xaf\x82\x12\xdf\x17\xaeN\x1e'
11E8E149-C894-F1B4-AF82-12DF17AE4E1E,2016-ncaa-d0-natl,ncaa,86,73,114,83,129,152,136,167,97,95,113,118,239,261,182,270,179,131,322,131,175,165,121,134,165,208,289,267,208,40,9,107,46,65,19,219,291,310,280,284,50,29,96,81,,,180,202,,,53,172,240,72,170,136,203,91,116,254,270,208,145,141,193,130,23,99,40,240,298,42,105,,160,,,48,23,31,74,32,59,130,47,41,72,26,93,139,174,49,171,200,83,154,28,28,11,126,84,259,61,46,33,9,34,19,30,107,59,32,16,231,201,287,263,,,144,164,,,53,181,162,11,46,18,16,38,42,93,27,47,127,167,165,39,85,52,32,31,34,45,215,293,,147,,,b'\x11\xe8\xe1I\xc8\x94\xf1\xb4\xaf\x82\x12\xdf\x17\xaeN\x1e'
11E8E149-C894-F1B4-AF82-12DF17AE4E1E,2016-ncaa-d1-conf-ASUN,ncaa,2,2,1,2,1,1,1,2,1,1,1,3,6,8,4,8,3,1,8,1,4,1,1,2,2,3,8,7,3,1,1,1,3,1,1,3,7,8,6,6,1,1,2,2,,,8,6,,,2,1,3,3,1,1,3,1,2,7,8,3,2,2,2,2,2,2,2,3,8,1,2,,7,,,2,2,2,8,2,5,8,2,2,2,2,1,7,8,3,8,4,8,8,2,2,2,3,1,8,6,3,1,1,2,1,2,1,1,2,1,8,5,7,3,,,1,4,,,2,8,2,2,2,2,2,2,2,7,2,2,6,7,6,2,5,2,1,1,2,1,7,7,,2,,,b'\x11\xe8\xe1I\xc8\x94\xf1\xb4\xaf\x82\x12\xdf\x17\xaeN\x1e'
11E8E149-C894-F1B4-AF82-12DF17AE4E1E,2016-ncaa-d1-natl,ncaa,73,73,51,77,63,115,99,118,83,64,75,96,225,238,180,268,134,82,304,80,144,111,68,121,135,193,287,270,179,32,10,62,44,36,18,173,278,339,276,272,35,34,95,95,,,226,194,,,37,98,211,80,149,128,206,88,121,256,264,168,112,106,187,117,38,88,39,218,300,43,115,,171,,,34,39,46,135,31,90,195,39,41,66,28,70,166,217,18,219,198,152,231,26,24,10,117,73,258,92,44,51,10,49,18,44,105,39,32,17,268,196,298,259,,,67,134,,,37,257,149,7,33,19,17,40,47,116,25,42,124,180,181,44,106,56,29,30,33,45,215,289,,104,,,b'\x11\xe8\xe1I\xc8\x94\xf1\xb4\xaf\x82\x12\xdf\x17\xaeN\x1e'
11E8E149-C894-F1B4-AF82-12DF17AE4E1E,2016-ncaa-d1-ncaatournament,ncaa,33,2,33,33,33,62,60,61,59,58,48,60,50,60,27,46,48,54,1,54,55,61,60,58,58,60,14,26,14,63,63,41,41,55,52,59,54,26,62,62,53,56,30,23,,,26,61,,,59,48,34,1,62,60,60,58,44,44,54,46,54,54,61,59,63,29,55,59,57,51,17,,58,,,60,21,18,23,41,25,23,52,2,13,3,16,23,27,19,24,44,25,17,36,39,47,10,3,46,18,41,18,63,20,52,11,10,57,59,50,39,63,16,37,,,59,59,,,59,12,62,50,60,52,48,45,57,53,3,18,48,53,52,51,39,41,47,47,27,52,63,32,,59,,,b'\x11\xe8\xe1I\xc8\x94\xf1\xb4\xaf\x82\x12\xdf\x17\xaeN\x1e'
11E8E149-C894-F1B4-AF82-12DF17AE4E1E,2017-ncaa-d0-natl,ncaa,93,39,234,63,273,202,215,285,87,157,163,151,272,327,34,323,102,65,294,66,42,251,216,113,112,198,243,287,43,132,29,221,63,184,26,285,317,292,309,315,144,100,145,89,,,251,332,,,114,251,166,229,154,179,274,111,115,263,325,57,21,20,217,127,75,160,105,284,308,114,117,,298,,,109,45,25,28,124,37,36,135,72,78,110,169,231,228,177,229,310,41,66,119,159,105,259,140,311,28,63,8,29,8,26,30,99,130,54,37,172,189,144,143,,,57,10,,,114,94,163,68,114,84,52,37,58,48,103,120,266,265,268,57,103,44,30,23,54,83,211,182,,9,,,b'\x11\xe8\xe1I\xc8\x94\xf1\xb4\xaf\x82\x12\xdf\x17\xaeN\x1e'
11E8E149-C894-F1B4-AF82-12DF17AE4E1E,2017-ncaa-d1-conf-ASUN,ncaa,3,3,3,3,4,3,3,4,2,2,1,3,6,7,1,8,1,1,5,1,3,4,2,3,3,3,7,8,3,2,2,3,3,2,1,4,7,8,7,6,2,2,3,3,,,7,8,,,3,3,3,6,3,3,6,2,1,7,8,1,1,1,4,1,2,2,1,4,7,3,4,,7,,,3,3,1,3,2,3,3,2,3,5,2,6,7,7,6,7,7,3,5,2,2,3,6,5,8,3,3,1,2,1,1,2,4,2,2,2,7,4,5,3,,,1,1,,,3,5,3,3,3,3,3,2,1,3,3,4,6,6,6,3,4,3,1,1,3,2,5,5,,1,,,b'\x11\xe8\xe1I\xc8\x94\xf1\xb4\xaf\x82\x12\xdf\x17\xaeN\x1e'
11E8E149-C894-F1B4-AF82-12DF17AE4E1E,2017-ncaa-d1-natl,ncaa,54,39,98,55,134,108,110,192,56,71,84,109,245,312,23,328,56,24,276,25,49,139,95,85,83,145,256,289,60,60,14,105,39,75,9,238,326,320,299,304,82,70,92,73,,,296,314,,,60,117,164,245,112,120,247,75,87,257,326,47,19,20,193,105,63,121,66,265,300,90,99,,286,,,58,79,61,90,92,86,107,119,84,129,67,157,251,256,108,262,290,121,177,92,100,63,225,119,299,40,39,12,14,11,9,40,72,77,52,27,222,178,180,121,,,20,15,,,60,225,112,37,60,62,37,39,59,59,67,106,232,244,250,54,102,34,14,12,33,80,208,173,,10,,,b'\x11\xe8\xe1I\xc8\x94\xf1\xb4\xaf\x82\x12\xdf\x17\xaeN\x1e'
11E8E149-C894-F1B4-AF82-12DF17AE4E1E,2018-ncaa-d0-natl,ncaa,72,47,164,57,179,138,130,142,128,81,62,160,277,300,191,312,125,102,235,109,214,133,125,175,171,170,306,311,129,17,2,220,157,85,27,183,268,200,176,207,105,76,87,80,,,258,294,,,60,208,198,98,110,95,95,48,30,275,295,110,90,98,82,64,5,209,36,173,227,85,76,,270,,,59,47,36,68,62,107,181,61,10,19,34,16,264,260,203,257,252,82,130,41,60,39,86,14,325,112,157,30,2,42,27,15,51,96,58,25,163,137,271,184,,,115,141,,,60,151,93,37,55,56,36,56,110,206,13,14,274,270,271,73,145,130,39,49,23,68,177,276,,83,,,b'\x11\xe8\xe1I\xc8\x94\xf1\xb4\xaf\x82\x12\xdf\x17\xaeN\x1e'
11E8E149-C894-F1B4-AF82-12DF17AE4E1E,2018-ncaa-d1-conf-ASUN,ncaa,2,2,1,2,1,2,2,2,2,1,1,2,6,6,6,6,1,1,3,1,6,2,1,3,2,3,8,7,5,1,1,1,2,1,1,2,4,5,3,2,1,1,1,2,,,8,8,,,2,2,7,3,2,2,2,1,1,7,6,3,3,2,2,1,1,4,1,2,3,1,2,,5,,,2,2,2,6,1,3,8,1,1,2,1,1,8,6,8,6,3,5,7,1,1,1,2,1,8,3,2,3,1,3,1,1,2,2,2,2,4,3,7,3,,,1,4,,,2,7,2,2,2,1,1,2,2,6,1,2,5,4,4,2,2,2,1,1,1,2,3,6,,3,,,b'\x11\xe8\xe1I\xc8\x94\xf1\xb4\xaf\x82\x12\xdf\x17\xaeN\x1e'
11E8E149-C894-F1B4-AF82-12DF17AE4E1E,2018-ncaa-d1-natl,ncaa,45,47,53,48,65,83,70,75,110,45,31,143,261,274,197,311,80,52,244,60,209,63,50,164,165,168,311,313,126,7,3,134,162,39,27,135,269,289,198,216,63,74,53,62,,,317,303,,,57,87,182,137,105,88,103,46,34,285,296,109,87,95,85,66,7,201,42,171,247,78,52,,281,,,55,105,71,151,57,163,260,53,20,36,30,18,307,308,160,308,268,200,266,31,51,33,102,18,325,193,162,75,3,106,27,28,49,46,53,17,231,143,307,183,,,37,117,,,57,268,95,33,51,52,31,54,98,194,14,14,275,277,277,72,159,137,37,52,19,55,179,277,,71,,,b'\x11\xe8\xe1I\xc8\x94\xf1\xb4\xaf\x82\x12\xdf\x17\xaeN\x1e'
11E8E149-C894-F1B4-AF82-12DF17AE4E1E,2019-ncaa-d0-natl,ncaa,236,180,321,225,326,289,269,302,174,215,224,179,294,303,254,270,281,232,318,231,192,302,295,209,236,262,289,265,206,178,64,268,136,232,77,329,339,232,294,321,196,123,238,200,,,99,239,,,205,307,99,87,204,158,164,111,98,262,263,225,137,138,159,78,82,123,80,299,312,114,209,,250,,,208,36,51,44,164,65,27,255,88,168,31,275,80,85,122,85,215,41,36,155,149,155,163,185,173,46,136,18,64,19,77,104,222,252,158,186,252,299,297,314,,,284,232,,,205,43,248,142,207,184,191,203,190,121,182,283,171,189,192,216,239,152,111,116,214,140,312,334,,171,,,b'\x11\xe8\xe1I\xc8\x94\xf1\xb4\xaf\x82\x12\xdf\x17\xaeN\x1e'
11E8E149-C894-F1B4-AF82-12DF17AE4E1E,2019-ncaa-d1-conf-ASUN,ncaa,6,6,5,6,6,7,6,5,5,4,4,4,7,8,5,6,8,5,9,4,7,6,5,5,6,6,8,7,8,3,2,5,2,4,2,7,9,7,6,7,3,3,8,7,,,7,8,,,5,6,4,4,6,4,3,3,4,7,6,7,4,4,5,1,1,4,3,8,7,3,8,,6,,,5,4,6,1,7,5,1,8,4,6,3,8,5,3,4,3,7,3,2,7,7,7,5,5,3,1,2,2,2,1,2,6,7,5,4,6,5,6,7,5,,,7,7,,,5,4,6,5,6,5,6,4,5,1,5,7,4,3,3,4,4,2,3,2,7,4,6,7,,5,,,b'\x11\xe8\xe1I\xc8\x94\xf1\xb4\xaf\x82\x12\xdf\x17\xaeN\x1e'
11E8E149-C894-F1B4-AF82-12DF17AE4E1E,2019-ncaa-d1-natl,ncaa,201,180,233,202,254,208,178,222,133,125,143,135,267,268,230,263,220,158,313,154,174,211,179,166,191,231,286,266,206,110,44,178,128,140,56,286,337,285,281,314,149,121,214,199,,,166,199,,,152,209,92,90,147,120,146,81,97,250,249,186,118,115,134,69,71,103,62,280,305,112,206,,230,,,148,78,96,133,98,111,96,209,99,245,15,275,119,137,104,137,207,133,130,95,85,94,157,165,180,89,128,33,44,40,56,135,185,182,156,146,277,282,310,285,,,196,187,,,152,143,214,85,151,150,159,219,171,136,142,284,166,187,190,229,253,155,81,89,171,126,303,323,,124,,,b'\x11\xe8\xe1I\xc8\x94\xf1\xb4\xaf\x82\x12\xdf\x17\xaeN\x1e'
11E8E149-C894-F1B4-AF82-12DF17AE4E1E,2020-ncaa-d0-natl,ncaa,140,109,260,131,262,170,140,142,152,107,67,228,230,263,89,284,203,112,316,114,193,131,139,183,217,203,266,235,205,38,45,249,159,140,98,289,340,185,161,264,46,32,134,67,,,291,316,,,121,194,71,19,99,77,29,61,25,197,236,152,78,80,28,23,20,192,51,265,228,23,121,,321,,,118,107,53,55,129,49,22,228,167,234,59,297,289,269,274,269,333,77,142,139,200,102,313,204,321,85,159,122,45,101,98,103,190,48,33,43,94,69,267,190,,,215,242,,,121,158,156,88,118,182,105,104,82,34,204,281,311,295,293,150,278,144,200,179,136,30,134,294,,139,,,b'\x11\xe8\xe1I\xc8\x94\xf1\xb4\xaf\x82\x12\xdf\x17\xaeN\x1e'
11E8E149-C894-F1B4-AF82-12DF17AE4E1E,2020-ncaa-d1-conf-ASUN,ncaa,4,4,5,4,5,4,3,2,5,3,1,6,6,7,4,7,3,2,8,2,6,2,1,6,6,5,7,6,6,1,2,6,7,3,3,6,9,2,2,5,2,2,3,3,,,8,8,,,4,5,2,2,3,2,2,2,1,5,6,3,1,1,1,1,1,7,1,5,4,2,3,,9,,,4,6,3,4,6,4,3,6,3,6,2,6,8,7,8,7,8,4,6,5,5,5,7,3,9,7,7,5,2,5,3,5,7,3,2,3,3,3,8,5,,,3,7,,,4,5,3,5,4,6,5,4,5,3,3,6,9,8,8,4,8,7,5,6,5,2,3,8,,2,,,b'\x11\xe8\xe1I\xc8\x94\xf1\xb4\xaf\x82\x12\xdf\x17\xaeN\x1e'
11E8E149-C894-F1B4-AF82-12DF17AE4E1E,2020-ncaa-d1-natl,ncaa,114,109,128,120,133,80,63,46,116,49,24,184,184,233,88,284,146,67,313,71,191,40,32,146,180,173,272,242,218,16,35,186,130,64,66,237,335,230,146,246,17,25,110,60,,,319,310,,,64,68,61,20,64,49,22,39,21,182,231,132,70,73,18,18,15,185,38,243,228,18,104,,315,,,60,127,70,88,102,52,40,184,187,259,57,284,303,286,253,288,330,119,242,115,165,65,315,208,321,107,130,160,35,134,66,115,193,21,27,28,102,53,252,148,,,125,229,,,64,281,119,52,69,138,71,83,62,32,186,264,301,286,289,124,271,111,164,141,114,23,106,256,,122,,,b'\x11\xe8\xe1I\xc8\x94\xf1\xb4\xaf\x82\x12\xdf\x17\xaeN\x1e'
11E8E149-C894-F1B4-AF82-12DF17AE4E1E,2021-ncaa-d0-natl,ncaa,318,310,248,326,259,278,264,214,322,260,223,318,236,182,325,151,291,227,343,226,204,216,236,321,336,323,206,156,258,184,240,235,152,218,277,304,329,89,136,300,193,133,252,216,,,157,284,,,326,240,97,55,297,277,59,246,116,217,104,301,169,166,63,55,77,123,76,330,179,115,229,,287,,,328,137,130,111,241,124,95,282,197,203,179,281,190,183,222,184,291,114,98,262,277,309,265,232,228,98,152,236,240,185,277,180,249,283,288,303,77,96,221,266,,,283,334,,,326,101,318,302,329,299,272,249,230,135,292,306,298,282,289,286,251,181,339,332,281,271,137,302,,300,,,b'\x11\xe8\xe1I\xc8\x94\xf1\xb4\xaf\x82\x12\xdf\x17\xaeN\x1e'
11E8E149-C894-F1B4-AF82-12DF17AE4E1E,2021-ncaa-d1-conf-ASUN,ncaa,8,9,6,9,7,8,8,5,9,6,4,9,8,7,9,6,7,7,9,7,6,5,5,9,9,9,7,7,5,2,4,5,4,4,8,8,9,5,5,8,5,3,8,8,,,7,9,,,9,5,5,3,9,9,2,6,3,8,6,8,4,4,2,1,2,5,2,9,7,2,8,,9,,,9,5,6,4,6,6,5,7,3,4,2,3,8,7,5,7,7,5,4,5,6,6,5,2,7,6,4,8,4,8,8,5,4,8,9,8,4,4,8,8,,,8,9,,,9,5,9,6,9,7,6,7,7,8,2,5,9,9,9,8,8,5,9,9,6,8,4,8,,9,,,b'\x11\xe8\xe1I\xc8\x94\xf1\xb4\xaf\x82\x12\xdf\x17\xaeN\x1e'
11E8E149-C894-F1B4-AF82-12DF17AE4E1E,2021-ncaa-d1-natl,ncaa,296,310,206,313,214,255,242,169,328,242,157,324,211,156,324,158,274,198,343,197,217,176,188,327,337,326,195,154,242,103,217,187,131,162,253,292,330,131,122,305,134,95,227,212,,,191,263,,,324,200,92,62,295,282,48,253,100,218,110,284,163,164,53,51,57,108,54,331,179,93,225,,269,,,317,174,165,149,228,144,114,271,236,242,187,294,200,195,216,197,269,149,138,254,260,286,264,251,181,129,131,288,217,245,253,225,265,240,256,290,114,96,231,227,,,260,331,,,324,142,318,276,316,282,259,240,194,119,292,309,250,246,248,262,244,158,340,330,281,237,137,278,,297,,,b'\x11\xe8\xe1I\xc8\x94\xf1\xb4\xaf\x82\x12\xdf\x17\xaeN\x1e'
11E8E149-C894-F1B4-AF82-12DF17AE4E1E,2022-ncaa-d0-natl,ncaa,214,134,319,198,335,331,337,337,303,311,293,295,322,319,312,264,229,227,204,225,101,331,337,312,300,294,225,277,37,320,261,347,156,349,261,343,330,69,244,320,150,39,147,24,,,152,335,,,227,331,182,348,307,327,298,257,179,303,284,124,113,109,276,246,271,334,340,341,216,61,84,,312,,,233,12,8,8,109,7,7,140,108,96,169,298,143,119,280,116,324,12,17,151,188,102,335,278,312,8,156,28,261,11,261,16,179,191,38,41,15,78,110,206,,,293,116,,,227,27,307,87,231,85,38,37,20,21,212,233,261,246,249,44,101,54,184,109,80,61,65,215,,160,,,b'\x11\xe8\xe1I\xc8\x94\xf1\xb4\xaf\x82\x12\xdf\x17\xaeN\x1e'
11E8E149-C894-F1B4-AF82-12DF17AE4E1E,2022-ncaa-d1-conf-ASUN,ncaa,5,5,4,5,7,8,8,5,10,6,5,10,11,9,11,9,3,3,8,2,4,5,5,10,10,10,8,11,2,6,5,9,6,8,6,10,11,9,9,12,3,2,5,2,,,12,11,,,8,6,6,12,9,9,7,7,5,11,10,2,2,2,5,4,6,11,9,12,8,2,4,,12,,,8,4,3,4,5,3,4,5,7,8,8,8,11,11,8,11,12,5,7,6,6,5,10,7,11,5,6,5,5,3,6,6,7,3,2,3,6,3,5,5,,,6,6,,,8,7,10,5,8,5,3,4,3,2,7,7,10,11,11,4,6,5,5,2,4,3,5,5,,5,,,b'\x11\xe8\xe1I\xc8\x94\xf1\xb4\xaf\x82\x12\xdf\x17\xaeN\x1e'
11E8E149-C894-F1B4-AF82-12DF17AE4E1E,2022-ncaa-d1-natl,ncaa,157,134,213,153,268,263,250,256,238,193,171,217,307,290,319,279,185,155,251,151,157,239,237,282,275,268,289,302,81,261,241,280,149,295,219,297,321,195,222,300,54,26,99,29,,,274,322,,,186,227,131,347,271,259,256,159,124,308,287,153,128,124,231,197,262,294,312,313,221,30,89,,306,,,186,55,32,55,63,14,32,71,189,209,162,298,225,221,213,221,323,61,112,96,133,59,343,295,312,51,149,107,241,70,219,38,181,75,36,30,81,112,158,165,,,226,189,,,186,133,281,44,186,73,26,49,13,26,221,246,249,253,252,64,150,75,151,103,65,48,112,185,,197,,,b'\x11\xe8\xe1I\xc8\x94\xf1\xb4\xaf\x82\x12\xdf\x17\xaeN\x1e'
11E8E149-C894-F1B4-AF82-12DF17AE4E1E,2023-ncaa-d0-natl,ncaa,281,203,345,270,348,331,318,351,174,295,325,160,273,284,227,159,341,348,145,348,300,353,357,180,193,169,243,188,285,337,239,356,227,358,260,342,340,9,127,235,263,139,350,316,,,72,292,,,236,357,313,177,259,227,276,198,225,211,200,305,320,317,295,328,297,340,348,320,75,183,339,,215,,,251,24,19,5,299,17,3,335,139,124,206,320,86,147,21,143,340,6,5,315,306,302,302,278,224,13,227,5,239,2,260,54,231,311,152,220,5,105,93,214,,,358,317,,,236,5,191,281,241,188,148,40,104,11,266,271,231,274,274,54,52,92,76,65,207,203,52,196,,347,,,b'\x11\xe8\xe1I\xc8\x94\xf1\xb4\xaf\x82\x12\xdf\x17\xaeN\x1e'
11E8E149-C894-F1B4-AF82-12DF17AE4E1E,2023-ncaa-d1-conf-ASUN,ncaa,10,10,10,10,10,12,11,12,9,10,10,6,8,8,11,6,10,10,2,10,10,13,13,7,8,8,8,8,10,13,6,13,10,13,8,12,11,3,8,10,10,8,13,12,,,2,11,,,10,13,14,4,13,11,11,11,11,8,8,9,11,11,12,14,12,14,14,11,6,10,13,,6,,,10,5,3,2,11,3,2,13,10,11,10,13,6,7,1,7,13,2,2,12,12,12,12,12,6,2,10,2,6,2,8,9,13,11,9,13,3,7,6,10,,,12,11,,,10,2,8,11,11,8,7,4,4,1,11,11,5,8,8,4,1,4,3,3,10,11,4,7,,13,,,b'\x11\xe8\xe1I\xc8\x94\xf1\xb4\xaf\x82\x12\xdf\x17\xaeN\x1e'
11E8E149-C894-F1B4-AF82-12DF17AE4E1E,2023-ncaa-d1-natl,ncaa,265,203,342,254,348,301,273,339,137,242,293,108,251,257,234,159,338,342,167,337,310,342,354,157,168,150,266,196,307,325,214,352,190,355,232,330,340,13,107,221,214,95,348,322,,,85,282,,,201,354,300,181,233,191,251,155,207,207,193,308,320,317,274,315,282,342,342,311,67,138,339,,207,,,202,29,23,6,287,21,3,324,136,121,212,303,113,168,28,169,336,6,8,308,297,265,292,256,232,9,190,4,214,3,232,62,213,249,94,163,6,86,99,181,,,357,329,,,201,10,164,233,191,148,114,27,91,12,233,220,216,265,263,42,51,50,64,41,174,157,47,167,,349,,,b'\x11\xe8\xe1I\xc8\x94\xf1\xb4\xaf\x82\x12\xdf\x17\xaeN\x1e'
11E8E149-C894-F1B4-AF82-12DF17AE4E1E,2024-ncaa-d0-natl,ncaa,286,276,258,291,289,214,273,325,163,249,237,241,277,327,69,312,25,15,254,14,2,264,191,187,142,240,109,276,3,240,144,326,346,318,277,357,359,349,351,359,139,148,324,317,,,312,333,,,283,179,32,263,173,265,325,222,194,258,320,6,5,3,230,73,200,333,319,358,355,104,322,,345,,,278,228,187,118,284,218,93,332,134,186,58,208,318,334,44,333,342,168,201,268,282,233,199,101,312,276,346,30,144,91,277,134,111,88,82,89,349,350,145,195,,,29,4,,,283,182,255,269,278,311,280,213,287,146,183,245,337,346,346,285,328,330,52,179,182,39,352,188,,6,,,b'\x11\xe8\xe1I\xc8\x94\xf1\xb4\xaf\x82\x12\xdf\x17\xaeN\x1e'
11E8E149-C894-F1B4-AF82-12DF17AE4E1E,2024-ncaa-d1-conf-ASUN,ncaa,8,9,4,9,4,5,9,9,5,8,7,10,8,9,1,10,1,1,5,1,2,6,5,5,3,8,5,7,1,6,3,10,11,10,9,10,11,12,12,11,2,4,9,9,,,10,8,,,7,5,6,9,7,9,10,10,5,8,10,1,1,1,9,7,7,11,12,11,12,4,9,,10,,,7,8,8,9,6,9,5,9,7,11,2,10,8,10,2,9,10,9,11,6,6,6,6,6,7,12,11,2,3,6,9,10,10,2,2,6,12,12,5,3,,,1,1,,,7,8,6,7,7,5,5,7,7,4,7,9,5,10,9,7,8,10,2,4,9,3,12,4,,1,,,b'\x11\xe8\xe1I\xc8\x94\xf1\xb4\xaf\x82\x12\xdf\x17\xaeN\x1e'
11E8E149-C894-F1B4-AF82-12DF17AE4E1E,2024-ncaa-d1-natl,ncaa,266,278,194,279,238,194,262,310,165,235,207,230,263,316,69,310,13,12,233,10,2,229,137,186,136,237,104,273,2,230,143,310,344,299,280,359,361,355,354,361,108,134,324,318,,,348,341,,,280,117,35,264,174,278,329,227,201,257,318,6,5,4,234,75,213,330,316,361,357,95,321,,348,,,279,280,235,175,273,254,127,328,160,231,59,214,335,345,50,340,343,229,268,263,273,232,209,99,316,305,344,36,143,134,280,179,129,65,92,103,353,350,140,176,,,17,7,,,280,247,258,263,270,309,270,216,283,150,188,245,341,347,346,287,327,320,57,171,190,46,350,159,,8,,,b'\x11\xe8\xe1I\xc8\x94\xf1\xb4\xaf\x82\x12\xdf\x17\xaeN\x1e'
11E8E149-C894-F1B4-AF82-12DF17AE4E1E,2025-ncaa-d0-natl,genius_ncaa,203,199,194,210,216,142,191,152,245,119,59,288,326,331,281,345,9,5,245,3,16,93,106,297,247,203,250,346,3,64,71,193,131,124,113,322,358,112,78,301,295,315,232,212,,,325,335,,297,219,134,44,192,102,176,90,74,20,330,334,1,1,1,28,28,38,163,69,340,149,291,221,,340,,319,219,290,238,198,270,178,119,275,312,288,305,285,309,313,156,312,324,225,212,302,312,318,316,289,257,106,131,214,71,172,113,193,119,212,234,215,97,67,83,28,,,12,4,,164,219,224,168,285,222,324,287,246,202,132,330,312,319,322,322,285,285,128,248,200,220,188,128,102,,1,,161,b'\x11\xe8\xe1I\xc8\x94\xf1\xb4\xaf\x82\x12\xdf\x17\xaeN\x1e'
11E8E149-C894-F1B4-AF82-12DF17AE4E1E,2025-ncaa-d1-conf-ASUN,genius_ncaa,7,6,7,7,8,6,7,6,8,1,1,10,11,10,9,12,2,1,11,1,1,3,2,10,10,8,10,12,1,2,1,8,4,5,3,10,12,6,4,11,9,8,6,5,,,9,10,,12,8,6,1,6,5,6,2,1,1,10,10,1,1,1,2,2,1,7,2,11,7,8,5,,10,,12,8,10,9,5,7,6,4,8,10,9,9,11,8,8,12,7,9,7,6,9,10,10,8,10,8,2,4,4,1,2,3,9,5,7,6,7,4,4,1,1,,,1,1,,7,8,8,7,7,7,10,8,8,6,6,11,10,10,9,8,10,10,3,7,4,9,5,6,1,,1,,7,b'\x11\xe8\xe1I\xc8\x94\xf1\xb4\xaf\x82\x12\xdf\x17\xaeN\x1e'
11E8E149-C894-F1B4-AF82-12DF17AE4E1E,2025-ncaa-d1-natl,genius_ncaa,222,199,244,224,272,164,227,183,259,138,72,300,336,339,291,346,12,7,245,5,18,117,134,311,262,211,246,344,2,76,73,234,132,156,126,338,358,96,85,308,313,325,248,224,,,310,339,,288,248,172,47,181,106,192,95,84,22,332,336,1,1,1,28,32,41,173,79,347,149,305,224,,343,,321,250,273,214,159,281,153,90,281,304,267,315,284,295,296,163,293,326,190,166,315,323,330,314,286,262,84,132,175,73,138,126,178,117,250,248,224,84,73,75,29,,,17,4,,174,248,187,185,304,255,327,295,248,216,134,336,313,322,326,327,291,283,132,254,205,228,200,128,103,,1,,160,b'\x11\xe8\xe1I\xc8\x94\xf1\xb4\xaf\x82\x12\xdf\x17\xaeN\x1e'
11E8E149-C894-F1B4-AF82-12DF17AE4E1E,2026-ncaa-d0-natl,genius_ncaa,123,13,327,37,328,293,311,335,147,281,298,211,320,350,90,333,139,120,277,122,11,324,326,164,138,145,152,305,12,340,285,336,291,343,305,329,316,36,172,247,201,81,262,209,,,89,273,,47,176,322,16,21,87,159,183,117,79,244,313,8,3,3,66,43,262,235,275,249,237,52,156,,334,,136,178,33,25,34,181,65,56,233,7,32,16,84,129,145,118,137,274,41,46,132,153,128,69,16,308,71,291,38,285,40,305,6,9,259,113,27,41,149,20,90,,,183,3,,268,176,44,185,142,171,276,256,305,317,325,53,162,315,334,330,330,352,299,250,297,49,49,190,124,,1,,182,b'\x11\xe8\xe1I\xc8\x94\xf1\xb4\xaf\x82\x12\xdf\x17\xaeN\x1e'
11E8E149-C894-F1B4-AF82-12DF17AE4E1E,2026-ncaa-d1-natl,genius_ncaa,74,13,271,34,276,230,267,290,191,231,200,269,294,337,98,341,53,25,237,26,14,248,266,219,188,174,140,309,7,293,259,292,250,306,269,286,265,101,157,240,150,104,174,153,,,164,228,,40,155,247,19,24,99,186,153,129,54,251,314,7,4,4,56,38,234,187,202,224,212,68,119,,313,,74,149,80,93,112,119,143,126,208,26,124,5,162,162,193,87,187,242,115,120,84,97,92,74,44,254,139,250,118,259,123,269,25,20,185,131,49,113,164,139,160,,,76,5,,184,155,117,203,103,151,238,244,312,291,301,62,247,260,292,291,327,346,267,265,284,63,72,217,226,,3,,135,b'\x11\xe8\xe1I\xc8\x94\xf1\xb4\xaf\x82\x12\xdf\x17\xaeN\x1e'
11E8E149-C899-5A60-AF82-12DF17AE4E1E,2010-ncaa-d0-natl,ncaa,290,269,288,291,295,303,286,258,299,260,223,298,243,227,279,179,326,314,325,313,305,275,304,299,317,284,243,176,286,314,334,231,161,287,313,262,174,25,93,168,304,289,202,199,,,3,12,,,307,290,176,97,292,262,127,231,144,221,170,317,288,287,166,226,286,132,228,222,79,279,175,,18,,,307,114,196,141,253,160,122,219,240,173,312,233,13,12,234,10,17,87,52,278,236,293,140,278,17,80,161,284,334,217,313,213,221,316,283,308,50,140,89,119,,,333,311,,,307,50,302,294,313,264,311,294,264,262,300,255,41,34,32,232,179,192,338,325,293,271,128,132,,312,,,b'\x11\xe8\xe1I\xc8\x99Z`\xaf\x82\x12\xdf\x17\xaeN\x1e'
11E8E149-C899-5A60-AF82-12DF17AE4E1E,2010-ncaa-d1-conf-OVC,ncaa,9,8,9,9,9,8,8,7,8,6,4,7,9,10,7,7,8,8,10,8,9,7,8,8,9,7,9,6,7,8,8,9,7,8,9,9,8,1,3,4,10,8,5,4,,,1,1,,,9,9,8,1,7,7,4,4,4,7,6,8,7,7,6,7,7,7,8,7,2,9,3,,1,,,9,6,9,5,10,8,4,10,6,5,10,6,1,1,8,1,1,2,2,10,9,10,1,7,1,5,7,7,8,6,9,8,8,10,8,9,4,6,2,2,,,10,10,,,9,2,8,10,9,8,10,10,10,9,8,5,2,2,2,7,6,7,10,8,10,7,4,3,,10,,,b'\x11\xe8\xe1I\xc8\x99Z`\xaf\x82\x12\xdf\x17\xaeN\x1e'
11E8E149-C899-5A60-AF82-12DF17AE4E1E,2010-ncaa-d1-natl,ncaa,281,269,276,281,286,301,273,226,296,242,193,289,248,221,277,197,323,307,325,306,303,251,291,298,312,281,249,188,281,305,330,215,171,264,313,257,181,28,98,170,300,291,206,208,,,8,17,,,309,270,166,100,287,252,124,221,135,229,185,315,279,278,158,217,280,130,221,225,82,282,182,,30,,,310,149,215,164,251,174,144,216,257,201,312,245,25,26,199,22,29,120,77,276,239,292,161,279,22,116,171,304,330,249,313,228,214,307,284,306,65,146,102,122,,,324,305,,,309,71,297,296,313,268,310,293,259,256,302,260,54,50,46,237,187,207,337,326,286,265,130,141,,305,,,b'\x11\xe8\xe1I\xc8\x99Z`\xaf\x82\x12\xdf\x17\xaeN\x1e'
11E8E149-C899-5A60-AF82-12DF17AE4E1E,2011-ncaa-d0-natl,ncaa,262,279,170,270,219,230,202,151,256,164,139,210,249,170,328,180,245,192,292,194,236,153,160,278,288,256,260,240,206,111,146,223,170,163,199,249,268,140,155,238,227,219,213,186,,,109,144,,,292,189,166,208,235,198,108,155,121,248,166,243,183,186,118,117,92,220,128,257,180,222,211,,129,,,288,245,253,188,289,188,68,321,307,306,214,324,128,86,311,80,146,153,125,314,309,323,239,290,81,127,170,236,146,195,199,259,212,258,250,294,165,179,153,136,,,234,277,,,292,127,242,314,298,279,287,227,213,71,326,328,143,99,97,195,141,146,268,229,275,256,181,175,,240,,,b'\x11\xe8\xe1I\xc8\x99Z`\xaf\x82\x12\xdf\x17\xaeN\x1e'
11E8E149-C899-5A60-AF82-12DF17AE4E1E,2011-ncaa-d1-conf-OVC,ncaa,6,6,2,6,2,6,6,4,6,2,1,6,10,8,10,9,9,5,10,6,10,4,4,8,9,8,10,9,9,1,3,7,9,4,6,7,9,6,4,6,4,2,3,4,,,4,3,,,8,4,9,4,7,6,3,2,2,10,9,9,6,6,4,4,1,8,5,8,6,3,3,,3,,,8,9,8,9,9,8,4,10,10,9,8,8,3,3,10,2,4,8,7,9,9,9,8,8,3,9,9,7,3,7,6,9,9,5,6,9,7,6,2,2,,,7,10,,,8,5,6,10,8,7,8,8,6,3,10,8,3,3,2,6,4,8,5,5,8,7,6,2,,10,,,b'\x11\xe8\xe1I\xc8\x99Z`\xaf\x82\x12\xdf\x17\xaeN\x1e'
11E8E149-C899-5A60-AF82-12DF17AE4E1E,2011-ncaa-d1-natl,ncaa,258,277,132,267,178,209,190,118,262,141,118,214,253,177,335,195,209,158,293,158,221,122,126,281,292,258,267,258,183,80,125,200,165,127,179,244,275,153,141,236,220,219,211,190,,,140,164,,,291,159,166,217,225,198,93,145,110,263,177,219,150,151,97,104,71,211,104,261,174,224,214,,151,,,289,271,272,211,287,199,73,325,323,316,205,325,147,104,303,93,166,186,153,313,312,323,253,300,85,141,165,250,125,226,179,262,200,247,254,285,156,148,145,122,,,211,264,,,291,162,241,313,300,278,281,223,204,58,326,330,147,108,102,198,144,148,272,231,262,255,166,161,,213,,,b'\x11\xe8\xe1I\xc8\x99Z`\xaf\x82\x12\xdf\x17\xaeN\x1e'
11E8E149-C899-5A60-AF82-12DF17AE4E1E,2012-ncaa-d0-natl,ncaa,332,325,292,334,301,299,261,248,255,174,153,224,324,296,337,273,321,318,285,314,330,272,200,298,315,329,334,316,282,113,60,276,228,204,122,282,270,330,332,319,290,285,189,153,,,108,168,,,337,246,71,163,282,203,132,102,59,324,275,316,302,292,174,39,48,214,100,268,339,265,156,,221,,,339,272,287,140,333,207,63,333,321,290,330,314,107,106,127,102,198,124,89,340,336,338,253,312,45,118,228,59,60,56,122,306,266,278,269,324,331,328,193,183,,,317,332,,,337,86,315,336,338,331,334,295,298,165,338,326,188,196,194,286,259,218,154,186,332,240,336,245,,294,,,b'\x11\xe8\xe1I\xc8\x99Z`\xaf\x82\x12\xdf\x17\xaeN\x1e'
11E8E149-C899-5A60-AF82-12DF17AE4E1E,2012-ncaa-d1-conf-OVC,ncaa,10,10,9,10,9,9,9,9,8,8,5,8,10,10,10,10,10,10,9,10,10,9,9,10,10,10,10,10,8,2,1,8,5,7,2,10,10,10,10,10,10,10,6,2,,,3,7,,,10,9,7,5,9,9,6,5,2,10,10,10,10,10,8,2,2,7,3,10,10,10,3,,5,,,10,3,3,2,6,2,1,5,8,6,10,10,4,2,9,2,7,2,2,9,9,8,10,10,3,3,5,1,1,2,2,6,10,10,8,9,10,10,3,4,,,10,10,,,10,2,10,8,10,7,5,4,3,1,10,10,4,3,3,5,3,4,2,2,9,10,10,4,,10,,,b'\x11\xe8\xe1I\xc8\x99Z`\xaf\x82\x12\xdf\x17\xaeN\x1e'
11E8E149-C899-5A60-AF82-12DF17AE4E1E,2012-ncaa-d1-natl,ncaa,330,325,286,330,300,294,241,233,236,147,139,199,322,295,336,273,319,313,286,311,329,253,186,284,304,327,335,315,284,104,59,269,249,197,126,277,268,334,334,320,294,293,177,148,,,131,170,,,337,214,69,166,276,188,139,93,62,322,276,314,297,290,180,43,52,202,97,254,340,276,148,,230,,,337,296,300,180,329,231,72,331,329,303,322,317,135,141,114,133,203,169,123,338,330,337,260,312,53,166,249,50,59,83,126,308,257,278,285,325,335,330,197,173,,,309,329,,,337,117,315,337,337,330,333,306,297,173,338,334,199,216,207,305,269,251,147,196,333,250,337,242,,288,,,b'\x11\xe8\xe1I\xc8\x99Z`\xaf\x82\x12\xdf\x17\xaeN\x1e'
11E8E149-C899-5A60-AF82-12DF17AE4E1E,2013-ncaa-d0-natl,ncaa,343,332,327,343,338,321,302,314,251,244,235,251,317,313,290,280,293,280,253,279,264,316,289,282,289,317,296,280,155,214,113,270,248,258,156,313,280,280,331,325,343,341,271,237,,,217,312,,,332,307,76,267,270,251,210,163,100,295,289,230,209,210,212,85,103,106,86,287,341,331,232,,327,,,334,191,114,80,234,54,38,190,299,230,333,286,255,250,163,247,316,89,53,283,290,321,331,304,241,167,248,32,113,57,156,105,128,323,310,276,288,327,55,84,,,318,290,,,332,38,315,328,333,322,281,305,188,166,335,315,311,314,315,325,278,295,180,248,231,270,335,125,,235,,,b'\x11\xe8\xe1I\xc8\x99Z`\xaf\x82\x12\xdf\x17\xaeN\x1e'
11E8E149-C899-5A60-AF82-12DF17AE4E1E,2013-ncaa-d1-conf-OVC,ncaa,12,12,9,12,10,11,11,11,6,7,5,8,12,12,9,11,9,9,11,9,10,10,9,8,10,12,12,11,7,6,4,9,7,9,4,11,9,12,12,12,12,12,9,10,,,8,10,,,12,10,1,10,11,8,9,4,3,11,12,9,9,9,8,3,5,6,4,10,12,12,8,,12,,,12,11,11,7,11,7,5,6,10,6,11,8,7,8,6,8,7,6,4,10,10,11,10,9,7,7,7,1,4,2,4,8,7,10,12,11,12,12,3,3,,,9,10,,,12,4,11,11,12,12,12,9,10,10,11,10,10,11,12,12,11,7,4,6,9,10,12,4,,9,,,b'\x11\xe8\xe1I\xc8\x99Z`\xaf\x82\x12\xdf\x17\xaeN\x1e'
11E8E149-C899-5A60-AF82-12DF17AE4E1E,2013-ncaa-d1-natl,ncaa,344,339,327,344,340,321,299,311,252,234,214,250,316,307,299,276,287,271,237,274,273,310,279,280,287,318,296,281,159,214,118,265,250,247,159,315,282,293,333,326,339,338,277,247,,,243,314,,,332,295,82,267,274,248,210,168,104,298,287,236,216,219,217,94,112,116,103,290,339,323,240,,328,,,333,219,147,87,241,67,40,206,306,248,329,286,281,272,184,273,328,116,71,287,299,326,332,302,259,183,250,43,118,68,159,122,124,312,306,268,300,328,57,83,,,312,296,,,332,51,316,329,332,322,277,297,186,146,333,313,319,320,321,324,271,286,180,243,218,272,334,116,,243,,,b'\x11\xe8\xe1I\xc8\x99Z`\xaf\x82\x12\xdf\x17\xaeN\x1e'
11E8E149-C899-5A60-AF82-12DF17AE4E1E,2014-ncaa-d0-natl,ncaa,180,224,85,203,97,184,196,183,220,144,118,238,269,264,251,273,78,102,122,104,134,163,193,253,215,168,229,290,44,266,314,114,100,183,245,192,161,60,70,117,296,313,331,337,,,61,30,,,237,163,252,131,253,264,262,183,160,286,278,99,119,121,248,294,294,155,249,233,43,314,335,,28,,,233,235,296,250,265,319,286,282,109,151,82,116,84,93,161,99,43,227,207,224,198,236,14,78,49,140,100,295,314,255,245,213,105,225,262,253,187,202,85,61,,,105,55,,,237,217,208,216,218,184,266,209,292,255,89,110,69,67,75,169,118,101,268,224,181,271,155,62,,152,,,b'\x11\xe8\xe1I\xc8\x99Z`\xaf\x82\x12\xdf\x17\xaeN\x1e'
11E8E149-C899-5A60-AF82-12DF17AE4E1E,2014-ncaa-d1-conf-OVC,ncaa,4,6,1,6,1,4,5,4,8,5,3,10,8,8,9,8,4,5,5,5,8,4,4,9,8,4,8,10,3,6,11,2,9,4,11,6,5,4,3,3,9,10,12,12,,,3,1,,,7,3,10,1,11,10,10,7,6,11,10,6,8,8,9,12,12,8,10,8,2,10,12,,1,,,6,11,12,12,8,12,12,10,4,8,1,5,4,4,6,4,1,11,10,4,4,4,1,3,2,11,9,12,11,12,11,10,3,5,8,7,9,7,8,4,,,3,4,,,7,10,7,4,6,2,10,9,11,10,3,4,2,2,2,7,6,8,9,10,6,9,6,5,,8,,,b'\x11\xe8\xe1I\xc8\x99Z`\xaf\x82\x12\xdf\x17\xaeN\x1e'
11E8E149-C899-5A60-AF82-12DF17AE4E1E,2014-ncaa-d1-natl,ncaa,191,223,100,211,113,206,219,207,227,167,141,245,280,272,250,273,90,106,123,108,135,189,223,262,220,176,224,287,44,281,314,135,102,211,252,213,170,45,72,118,305,316,333,338,,,42,33,,,245,192,257,129,261,268,265,189,160,289,279,98,120,123,252,295,299,163,257,243,44,317,337,,28,,,242,213,286,228,276,315,274,291,103,133,87,114,77,81,164,87,41,204,172,234,206,246,14,75,51,124,102,288,314,234,252,205,109,244,264,259,176,203,80,65,,,118,55,,,245,187,215,231,226,191,270,212,299,259,88,105,67,66,75,167,117,102,271,227,186,274,159,67,,153,,,b'\x11\xe8\xe1I\xc8\x99Z`\xaf\x82\x12\xdf\x17\xaeN\x1e'
11E8E149-C899-5A60-AF82-12DF17AE4E1E,2015-ncaa-d0-natl,ncaa,97,50,243,75,243,199,189,136,244,211,160,281,125,139,96,135,270,277,177,276,293,164,263,227,243,123,134,91,285,180,232,154,15,158,139,231,252,3,6,31,301,276,322,325,,,18,52,,,78,287,283,8,150,138,43,186,104,92,105,261,267,265,70,222,152,61,88,201,4,295,321,,27,,,75,33,75,73,152,105,121,161,57,76,73,136,18,35,20,31,58,49,45,120,82,112,55,123,75,12,15,277,232,138,139,32,57,241,194,123,3,11,149,151,,,244,177,,,78,62,108,78,69,65,117,127,167,184,78,107,41,70,66,76,57,26,322,222,67,228,7,184,,192,,,b'\x11\xe8\xe1I\xc8\x99Z`\xaf\x82\x12\xdf\x17\xaeN\x1e'
11E8E149-C899-5A60-AF82-12DF17AE4E1E,2015-ncaa-d1-conf-OVC,ncaa,5,4,5,5,5,8,7,3,11,10,7,11,4,4,7,3,10,12,7,12,12,4,9,9,10,5,3,3,11,4,9,6,2,7,6,8,8,1,1,2,11,11,12,12,,,1,4,,,4,9,12,1,8,6,2,10,7,3,2,9,12,12,4,10,6,5,7,8,1,11,11,,2,,,4,1,3,5,5,5,5,7,2,4,1,6,3,4,1,4,4,3,2,5,4,3,1,6,5,1,2,11,9,6,6,3,5,5,6,4,1,1,11,10,,,10,10,,,4,4,4,2,3,1,4,3,7,6,3,4,5,5,4,1,1,1,10,6,3,7,1,10,,11,,,b'\x11\xe8\xe1I\xc8\x99Z`\xaf\x82\x12\xdf\x17\xaeN\x1e'
11E8E149-C899-5A60-AF82-12DF17AE4E1E,2015-ncaa-d1-natl,ncaa,106,50,298,81,299,231,221,170,255,241,185,289,128,147,100,134,284,292,175,292,295,205,304,232,249,128,131,90,283,210,241,180,18,193,148,255,256,3,6,33,315,286,326,326,,,9,54,,,93,323,286,6,157,148,45,197,108,94,108,260,269,270,76,226,164,62,95,213,4,299,323,,28,,,88,23,53,44,166,86,95,169,52,56,76,132,13,25,22,24,59,27,16,128,89,123,54,119,74,7,18,255,241,108,148,28,59,264,205,138,3,11,140,156,,,269,168,,,93,32,117,86,80,68,127,128,174,188,80,104,45,73,67,79,57,26,324,226,70,237,7,187,,192,,,b'\x11\xe8\xe1I\xc8\x99Z`\xaf\x82\x12\xdf\x17\xaeN\x1e'
11E8E149-C899-5A60-AF82-12DF17AE4E1E,2016-ncaa-d0-natl,ncaa,268,228,321,264,328,339,343,331,336,347,335,334,200,165,256,67,315,303,251,300,137,333,337,321,321,318,37,58,158,292,271,281,58,296,181,333,236,46,215,292,337,310,213,182,,,19,121,,,222,337,278,92,329,342,262,343,303,146,94,270,260,255,275,281,226,136,184,324,168,322,158,,80,,,230,6,12,17,89,51,78,85,4,6,28,29,55,32,323,31,76,13,9,45,56,75,38,24,230,9,58,99,271,39,181,10,51,291,162,88,26,121,190,308,,,284,99,,,222,13,314,60,225,45,67,94,169,237,18,21,141,98,99,69,54,54,275,178,45,209,82,267,,172,,,b'\x11\xe8\xe1I\xc8\x99Z`\xaf\x82\x12\xdf\x17\xaeN\x1e'
11E8E149-C899-5A60-AF82-12DF17AE4E1E,2016-ncaa-d1-conf-OVC,ncaa,10,10,9,10,12,12,12,12,12,12,10,12,8,7,10,5,12,11,9,11,10,12,12,12,12,12,5,5,7,8,6,11,5,10,6,12,8,2,10,12,10,10,5,4,,,1,5,,,8,12,12,7,12,12,12,12,9,5,5,12,11,11,12,12,6,7,6,12,5,10,4,,4,,,9,1,1,1,3,2,2,3,1,1,3,2,2,2,7,2,3,1,1,2,2,2,2,2,7,2,5,4,6,2,6,1,3,10,6,3,1,3,10,12,,,12,5,,,8,1,12,2,9,1,1,1,3,4,1,1,4,4,4,1,1,5,6,5,2,10,3,11,,9,,,b'\x11\xe8\xe1I\xc8\x99Z`\xaf\x82\x12\xdf\x17\xaeN\x1e'
11E8E149-C899-5A60-AF82-12DF17AE4E1E,2016-ncaa-d1-natl,ncaa,265,227,337,262,343,341,345,336,338,348,341,334,172,144,246,55,313,305,250,301,134,336,342,315,319,311,27,38,173,289,273,281,64,311,204,337,223,37,203,278,335,301,210,184,,,20,123,,,223,345,285,92,326,340,261,345,314,120,77,275,266,259,277,289,231,157,209,322,152,318,161,,83,,,226,4,10,8,91,49,79,88,5,10,35,31,57,42,320,41,86,4,4,49,59,82,39,27,235,10,64,122,273,43,204,10,51,285,160,81,25,123,197,312,,,273,94,,,223,6,312,62,222,44,66,83,166,226,19,22,150,108,103,63,52,61,280,190,44,217,80,264,,170,,,b'\x11\xe8\xe1I\xc8\x99Z`\xaf\x82\x12\xdf\x17\xaeN\x1e'
11E8E149-C899-5A60-AF82-12DF17AE4E1E,2017-ncaa-d0-natl,ncaa,217,152,321,207,326,271,252,276,193,239,249,207,216,233,160,181,301,294,247,293,268,288,307,196,214,208,210,169,250,263,241,236,20,264,129,289,285,55,160,221,317,272,96,69,,,48,180,,,156,312,134,89,173,152,120,154,131,171,174,245,226,225,140,143,197,81,120,237,178,281,55,,157,,,156,20,36,22,197,82,95,142,20,14,221,29,88,102,80,93,156,19,17,157,156,164,62,58,198,4,20,106,241,21,129,7,21,264,168,75,104,197,151,207,,,301,222,,,156,34,209,104,164,132,161,118,222,254,53,28,174,206,193,131,122,22,275,159,45,183,210,239,,203,,,b'\x11\xe8\xe1I\xc8\x99Z`\xaf\x82\x12\xdf\x17\xaeN\x1e'
11E8E149-C899-5A60-AF82-12DF17AE4E1E,2017-ncaa-d1-conf-OVC,ncaa,10,7,9,10,10,12,12,12,12,11,11,12,9,9,10,7,11,11,9,11,6,12,12,12,12,11,6,5,8,7,7,9,2,8,3,11,9,4,9,11,10,8,4,2,,,2,5,,,5,12,12,3,12,12,9,11,8,8,7,10,8,8,11,10,6,5,5,11,8,9,3,,4,,,5,1,1,1,4,2,2,3,3,1,8,5,1,2,5,2,5,1,1,5,4,2,5,5,5,1,2,5,7,1,3,2,4,6,3,2,6,9,8,10,,,11,5,,,5,1,11,1,5,1,1,1,2,3,5,4,4,5,5,1,1,1,6,4,3,4,7,9,,8,,,b'\x11\xe8\xe1I\xc8\x99Z`\xaf\x82\x12\xdf\x17\xaeN\x1e'
11E8E149-C899-5A60-AF82-12DF17AE4E1E,2017-ncaa-d1-natl,ncaa,215,151,336,207,337,275,250,278,182,226,229,189,221,234,168,187,302,290,258,289,272,289,311,186,212,202,227,178,257,263,246,228,16,259,123,293,294,47,142,220,304,258,97,74,,,34,155,,,137,317,136,93,167,139,104,138,117,176,175,245,226,225,125,143,197,78,116,240,163,261,56,,140,,,130,13,25,15,175,86,94,134,16,11,195,28,76,94,67,84,145,13,12,133,126,129,56,52,191,2,16,123,246,20,123,5,24,242,148,62,97,175,156,205,,,294,212,,,137,30,202,69,136,107,132,106,216,252,45,26,152,190,183,112,116,20,283,151,40,154,195,241,,191,,,b'\x11\xe8\xe1I\xc8\x99Z`\xaf\x82\x12\xdf\x17\xaeN\x1e'
11E8E149-C899-5A60-AF82-12DF17AE4E1E,2018-ncaa-d0-natl,ncaa,136,94,242,119,267,281,275,221,306,268,221,312,206,180,250,146,288,220,340,230,193,230,251,303,314,291,159,133,208,128,157,150,66,144,123,241,173,108,171,219,304,288,31,17,,,85,168,,,157,278,234,185,284,280,156,267,173,188,143,280,179,184,163,168,82,90,66,239,170,293,14,,144,,,157,13,21,57,44,87,196,35,7,9,35,7,142,142,217,137,136,54,56,22,31,34,39,12,286,54,66,197,157,133,123,7,36,194,132,42,147,198,224,252,,,175,87,,,157,74,274,32,150,41,38,84,133,269,9,8,194,192,187,78,98,100,259,212,17,157,189,253,,100,,,b'\x11\xe8\xe1I\xc8\x99Z`\xaf\x82\x12\xdf\x17\xaeN\x1e'
11E8E149-C899-5A60-AF82-12DF17AE4E1E,2018-ncaa-d1-conf-OVC,ncaa,4,4,3,4,3,7,7,4,10,7,2,9,5,5,11,6,10,8,12,8,9,4,5,11,11,10,8,5,9,1,7,3,2,2,5,4,6,4,4,6,10,11,1,1,,,3,4,,,4,5,9,8,10,8,4,9,6,6,6,9,8,9,4,6,2,3,2,8,4,11,1,,3,,,4,1,3,7,2,6,10,2,2,4,2,2,5,3,9,3,3,7,7,2,2,2,5,2,6,5,2,12,7,9,5,1,2,6,5,1,4,3,11,7,,,3,6,,,4,8,10,1,5,2,1,5,3,10,1,1,4,3,3,3,5,4,10,9,2,8,3,10,,6,,,b'\x11\xe8\xe1I\xc8\x99Z`\xaf\x82\x12\xdf\x17\xaeN\x1e'
11E8E149-C899-5A60-AF82-12DF17AE4E1E,2018-ncaa-d1-natl,ncaa,106,94,144,106,178,238,227,158,291,241,189,288,158,127,225,128,259,182,338,184,170,157,164,277,298,275,147,123,224,77,137,104,59,79,102,200,165,163,166,202,261,263,21,17,,,137,164,,,115,201,201,203,259,245,130,251,174,156,114,266,168,175,132,129,66,81,49,211,179,263,14,,149,,,112,17,23,89,32,113,255,28,4,5,28,6,171,179,169,174,127,91,114,18,25,21,32,7,282,81,59,241,137,184,102,8,36,132,104,30,176,183,237,241,,,101,74,,,115,143,250,18,114,28,33,82,123,277,5,6,189,184,179,82,110,94,257,203,14,116,184,243,,77,,,b'\x11\xe8\xe1I\xc8\x99Z`\xaf\x82\x12\xdf\x17\xaeN\x1e'
11E8E149-C899-5A60-AF82-12DF17AE4E1E,2019-ncaa-d0-natl,ncaa,185,152,249,185,257,282,281,223,316,242,232,227,278,149,347,133,223,171,299,173,125,211,229,323,320,299,230,248,104,86,107,181,142,137,137,321,319,126,158,281,260,241,81,62,,,70,111,,,183,289,221,84,278,280,128,228,191,267,117,187,129,132,127,133,49,107,51,325,176,241,59,,104,,,183,24,26,66,47,68,139,61,23,42,28,74,153,166,113,166,204,70,77,31,45,36,115,57,272,117,142,205,107,165,137,2,14,178,119,15,138,168,110,141,,,164,99,,,183,69,270,36,171,53,43,108,106,203,29,62,198,220,228,120,160,173,281,254,11,122,186,138,,88,,,b'\x11\xe8\xe1I\xc8\x99Z`\xaf\x82\x12\xdf\x17\xaeN\x1e'
11E8E149-C899-5A60-AF82-12DF17AE4E1E,2019-ncaa-d1-conf-OVC,ncaa,6,6,5,6,5,8,10,5,11,8,6,8,9,5,11,7,8,7,11,7,6,6,5,11,11,10,8,8,6,2,3,6,3,4,3,11,12,8,7,11,8,8,4,5,,,3,3,,,6,6,10,2,10,11,6,6,6,9,5,8,7,8,7,5,3,4,3,12,8,8,4,,2,,,6,1,2,6,4,4,8,4,1,3,2,4,2,3,3,4,5,5,5,2,2,1,3,3,6,4,3,9,3,7,3,1,1,7,5,1,7,7,7,8,,,6,4,,,6,6,10,1,6,2,2,6,6,8,1,3,2,4,5,3,2,5,7,7,1,7,8,9,,6,,,b'\x11\xe8\xe1I\xc8\x99Z`\xaf\x82\x12\xdf\x17\xaeN\x1e'
11E8E149-C899-5A60-AF82-12DF17AE4E1E,2019-ncaa-d1-natl,ncaa,182,152,233,177,249,278,279,199,313,256,232,252,273,135,347,130,220,168,303,173,125,200,218,321,321,295,220,239,110,84,117,178,147,125,155,324,326,133,161,291,256,240,75,63,,,80,118,,,181,270,209,83,275,281,123,235,182,266,111,186,129,130,125,122,47,103,51,326,187,230,60,,117,,,181,22,22,69,43,61,143,52,23,38,32,67,166,185,122,188,212,67,90,25,41,35,123,56,281,125,147,226,117,190,155,2,12,165,102,16,147,171,140,179,,,143,91,,,181,89,273,38,179,51,42,113,98,208,31,61,216,230,233,124,171,185,297,273,9,110,191,174,,79,,,b'\x11\xe8\xe1I\xc8\x99Z`\xaf\x82\x12\xdf\x17\xaeN\x1e'
11E8E149-C899-5A60-AF82-12DF17AE4E1E,2020-ncaa-d0-natl,ncaa,221,195,260,220,289,300,318,240,340,335,311,316,128,64,301,39,250,236,250,232,93,241,290,315,316,265,38,53,124,226,277,189,135,211,253,332,304,32,66,234,300,277,175,175,,,102,200,,,202,300,243,166,277,316,157,332,298,105,39,216,180,178,176,249,201,108,136,325,58,285,152,,170,,,203,42,32,53,65,98,171,61,8,18,31,27,270,245,297,243,245,71,46,40,71,86,102,16,336,107,135,304,277,249,253,7,13,250,201,51,80,128,50,142,,,211,91,,,202,49,269,90,201,85,54,101,151,245,12,29,299,274,278,138,124,168,343,309,15,222,114,71,,135,,,b'\x11\xe8\xe1I\xc8\x99Z`\xaf\x82\x12\xdf\x17\xaeN\x1e'
11E8E149-C899-5A60-AF82-12DF17AE4E1E,2020-ncaa-d1-conf-OVC,ncaa,5,5,5,5,6,9,9,7,11,9,8,10,6,4,9,4,10,11,10,11,9,7,11,9,10,9,5,4,9,10,10,5,4,6,8,10,10,1,1,6,11,9,5,6,,,3,5,,,6,11,12,6,10,9,4,10,9,6,4,11,11,11,7,12,9,6,8,10,1,10,5,,3,,,6,1,1,3,2,5,10,2,1,1,2,1,6,4,8,4,5,2,1,2,2,2,2,1,10,1,4,12,10,9,8,1,1,9,8,2,2,2,3,5,,,10,5,,,6,2,9,3,6,2,1,2,5,10,1,1,6,6,6,2,1,3,12,9,1,9,2,4,,10,,,b'\x11\xe8\xe1I\xc8\x99Z`\xaf\x82\x12\xdf\x17\xaeN\x1e'
11E8E149-C899-5A60-AF82-12DF17AE4E1E,2020-ncaa-d1-natl,ncaa,199,195,128,201,196,249,282,166,333,314,284,289,117,42,304,45,217,177,258,173,93,170,233,305,304,256,50,65,131,201,275,106,139,142,247,312,283,49,64,211,271,273,156,189,,,139,169,,,192,231,220,168,256,293,151,318,288,113,42,208,170,168,153,227,199,89,120,313,61,271,161,,158,,,192,81,59,128,57,152,248,57,13,27,30,26,291,264,295,265,224,149,127,30,59,72,93,17,331,187,139,332,275,306,247,10,11,205,192,44,116,136,58,121,,,133,89,,,192,118,260,78,187,82,56,122,151,268,11,30,291,264,268,156,135,187,341,312,12,206,126,67,,127,,,b'\x11\xe8\xe1I\xc8\x99Z`\xaf\x82\x12\xdf\x17\xaeN\x1e'
11E8E149-C899-5A60-AF82-12DF17AE4E1E,2021-ncaa-d0-natl,ncaa,71,104,89,89,135,120,117,103,199,144,147,167,64,56,165,65,190,155,299,156,176,111,137,156,195,143,99,70,274,109,220,60,6,73,69,171,288,112,46,131,245,291,272,316,,,150,91,,,74,137,237,333,168,149,124,223,230,79,58,261,223,230,151,235,169,53,79,242,35,307,312,,46,,,76,146,151,194,70,202,233,97,80,129,27,73,208,174,306,175,112,188,182,47,61,86,59,39,248,67,6,278,220,208,69,89,31,171,190,79,115,59,186,162,,,157,216,,,74,208,145,40,72,41,50,76,126,175,25,54,145,107,107,64,25,7,261,101,19,245,48,139,,244,,,b'\x11\xe8\xe1I\xc8\x99Z`\xaf\x82\x12\xdf\x17\xaeN\x1e'
11E8E149-C899-5A60-AF82-12DF17AE4E1E,2021-ncaa-d1-conf-OVC,ncaa,6,3,6,4,10,7,7,5,7,7,7,6,5,4,7,4,8,7,11,7,6,5,8,6,8,7,6,4,9,7,9,3,1,3,2,10,12,2,1,6,12,11,12,12,,,1,2,,,3,8,6,12,6,5,2,7,6,4,4,8,8,8,2,7,6,1,2,9,2,12,12,,1,,,3,3,3,5,4,7,9,5,2,2,1,2,4,3,9,3,3,4,3,3,3,5,1,2,9,1,1,9,9,4,2,2,2,11,10,4,3,1,4,3,,,9,6,,,3,5,6,4,3,4,4,5,7,10,2,2,5,4,4,5,2,1,10,5,2,10,2,4,,8,,,b'\x11\xe8\xe1I\xc8\x99Z`\xaf\x82\x12\xdf\x17\xaeN\x1e'
11E8E149-C899-5A60-AF82-12DF17AE4E1E,2021-ncaa-d1-natl,ncaa,74,104,105,93,151,141,129,116,207,161,160,171,73,63,165,65,200,163,300,166,178,126,150,162,201,144,97,68,269,125,226,71,6,87,76,187,290,101,45,134,255,295,278,317,,,138,91,,,77,153,241,333,175,154,134,228,237,79,60,263,224,229,156,242,172,58,83,252,36,310,314,,48,,,79,140,141,177,79,192,223,105,76,116,28,73,202,163,307,164,115,172,164,52,64,95,57,39,252,60,6,265,226,191,76,86,31,188,199,84,108,59,182,162,,,170,216,,,77,190,148,45,77,41,51,76,133,177,23,53,150,111,112,65,24,7,266,104,21,251,47,144,,245,,,b'\x11\xe8\xe1I\xc8\x99Z`\xaf\x82\x12\xdf\x17\xaeN\x1e'
11E8E149-C899-5A60-AF82-12DF17AE4E1E,2022-ncaa-d0-natl,ncaa,57,35,112,43,148,134,140,107,217,140,117,191,151,113,239,151,161,139,210,129,185,104,148,216,226,142,181,178,191,119,214,117,2,111,111,283,350,22,16,172,245,258,353,353,,,188,212,,,86,159,181,275,151,146,79,152,128,164,132,174,162,148,82,192,127,117,103,325,14,285,354,,151,,,85,116,157,118,242,220,180,250,33,53,65,56,152,207,35,207,209,120,162,199,175,121,37,33,191,9,2,312,214,184,111,44,23,93,60,32,14,11,178,140,,,108,81,,,86,215,137,65,80,74,110,42,194,132,21,30,124,177,180,36,65,1,305,148,28,102,10,152,,105,,,b'\x11\xe8\xe1I\xc8\x99Z`\xaf\x82\x12\xdf\x17\xaeN\x1e'
11E8E149-C899-5A60-AF82-12DF17AE4E1E,2022-ncaa-d1-conf-ASUN,ncaa,2,3,1,3,1,2,2,2,6,2,1,6,5,5,6,6,4,4,9,4,8,1,1,6,8,4,7,6,7,1,6,4,1,3,3,7,12,2,2,4,5,5,12,12,,,5,4,,,3,3,7,7,3,3,2,2,2,6,6,5,4,4,1,2,3,5,3,10,2,5,12,,2,,,3,10,12,8,11,12,10,11,3,4,2,3,4,6,2,5,3,7,8,8,8,6,2,3,2,1,1,12,6,8,3,5,2,3,4,2,2,2,9,4,,,3,5,,,3,11,3,4,3,4,8,3,10,8,2,3,3,3,3,2,4,1,11,5,3,5,2,7,,3,,,b'\x11\xe8\xe1I\xc8\x99Z`\xaf\x82\x12\xdf\x17\xaeN\x1e'
11E8E149-C899-5A60-AF82-12DF17AE4E1E,2022-ncaa-d1-natl,ncaa,35,35,67,37,94,98,94,61,210,105,88,170,107,75,233,134,124,115,207,104,170,62,102,204,219,131,166,154,197,88,198,88,2,72,98,266,350,25,14,154,214,237,354,356,,,207,185,,,73,116,182,275,138,133,67,142,141,135,99,172,159,146,74,183,119,130,103,319,11,264,354,,129,,,75,153,192,143,250,252,214,264,47,66,73,57,158,218,31,216,191,144,198,207,178,121,33,38,171,4,2,333,198,220,98,66,25,64,60,33,14,6,174,119,,,67,82,,,73,255,110,59,66,71,109,33,191,127,22,30,108,159,154,32,53,1,305,131,28,104,8,135,,104,,,b'\x11\xe8\xe1I\xc8\x99Z`\xaf\x82\x12\xdf\x17\xaeN\x1e'
11E8E149-C899-5A60-AF82-12DF17AE4E1E,2023-ncaa-d0-natl,ncaa,181,139,290,169,295,285,297,244,313,303,251,309,204,183,255,137,236,202,288,202,136,244,313,297,298,229,106,132,131,187,223,251,5,242,166,345,351,5,21,225,307,255,343,339,,,45,175,,,155,328,300,46,252,265,126,275,183,175,124,182,146,146,126,241,137,166,146,344,13,283,341,,97,,,154,17,26,16,206,61,58,176,15,12,120,54,81,75,262,74,153,11,15,157,179,132,56,45,241,1,5,239,223,66,166,8,23,235,83,32,4,10,162,211,,,239,91,,,155,40,214,72,150,49,64,30,151,119,25,23,161,131,128,22,20,4,334,185,22,158,8,215,,148,,,b'\x11\xe8\xe1I\xc8\x99Z`\xaf\x82\x12\xdf\x17\xaeN\x1e'
11E8E149-C899-5A60-AF82-12DF17AE4E1E,2023-ncaa-d1-conf-ASUN,ncaa,8,8,6,8,6,8,8,5,11,9,6,12,7,7,10,8,8,7,11,6,7,6,8,12,12,9,7,7,7,4,5,6,1,6,7,11,12,2,3,8,8,7,11,13,,,6,7,,,7,9,10,1,8,9,6,8,6,7,7,8,7,6,4,6,3,6,5,12,2,9,12,,5,,,7,4,6,5,9,10,9,5,4,1,7,2,7,6,11,6,4,4,5,6,7,4,2,4,8,1,1,11,5,8,7,3,3,7,4,3,2,2,11,8,,,6,5,,,7,5,9,3,6,3,5,5,9,11,4,2,7,5,5,5,5,1,10,9,4,7,2,10,,5,,,b'\x11\xe8\xe1I\xc8\x99Z`\xaf\x82\x12\xdf\x17\xaeN\x1e'
11E8E149-C899-5A60-AF82-12DF17AE4E1E,2023-ncaa-d1-natl,ncaa,167,138,219,159,230,246,260,187,300,276,232,281,190,146,264,130,203,171,249,173,133,187,281,284,284,200,114,144,124,179,231,186,5,179,150,336,351,6,19,217,272,229,333,336,,,64,167,,,121,303,289,50,234,250,117,262,183,169,117,168,141,142,122,243,155,129,126,338,12,259,335,,100,,,115,22,29,23,159,86,102,155,11,16,64,45,113,100,227,99,149,21,31,107,127,88,40,28,249,2,5,285,231,108,150,10,24,196,87,30,2,10,146,171,,,192,82,,,121,63,191,41,111,34,46,33,136,137,14,19,156,133,129,27,32,4,331,188,22,159,10,169,,132,,,b'\x11\xe8\xe1I\xc8\x99Z`\xaf\x82\x12\xdf\x17\xaeN\x1e'
11E8E149-C899-5A60-AF82-12DF17AE4E1E,2024-ncaa-d0-natl,ncaa,264,209,325,253,334,336,335,299,339,349,339,271,209,102,340,37,332,322,289,322,184,312,323,318,334,316,82,71,247,237,239,296,56,289,222,315,234,65,190,268,312,253,294,274,,,20,99,,,271,332,192,83,301,300,139,323,294,147,32,307,274,273,179,165,149,174,158,289,186,262,260,,87,,,277,34,62,24,275,115,77,257,19,16,166,49,77,81,170,68,144,17,19,243,243,230,37,40,189,3,56,178,239,68,222,33,65,274,149,136,83,197,93,257,,,312,205,,,271,28,314,171,282,181,211,123,280,247,50,42,173,178,172,111,108,36,337,257,118,169,198,183,,197,,,b'\x11\xe8\xe1I\xc8\x99Z`\xaf\x82\x12\xdf\x17\xaeN\x1e'
11E8E149-C899-5A60-AF82-12DF17AE4E1E,2024-ncaa-d1-conf-CUSA,ncaa,5,4,6,5,7,9,9,7,9,9,9,8,7,2,9,2,8,7,7,8,5,9,7,9,9,9,3,3,4,5,7,6,1,5,6,9,6,5,5,8,7,5,4,4,,,1,2,,,8,8,4,4,9,9,5,9,8,7,2,7,7,7,4,3,4,5,4,9,5,5,4,,2,,,8,2,5,2,8,7,5,6,1,1,3,1,2,2,3,2,3,2,1,5,5,4,2,1,4,1,1,9,7,7,6,4,5,5,4,6,4,8,5,7,,,6,4,,,8,2,9,3,8,3,7,3,8,7,1,1,2,4,4,3,5,2,9,7,6,5,8,6,,4,,,b'\x11\xe8\xe1I\xc8\x99Z`\xaf\x82\x12\xdf\x17\xaeN\x1e'
11E8E149-C899-5A60-AF82-12DF17AE4E1E,2024-ncaa-d1-natl,ncaa,243,211,320,242,329,325,330,266,341,340,331,275,179,72,332,37,326,316,263,314,203,284,310,316,333,311,76,65,257,219,242,254,48,251,208,298,200,89,189,253,292,238,283,279,,,30,97,,,257,318,196,87,292,297,131,328,293,134,31,311,291,286,181,174,157,144,148,271,185,252,261,,89,,,261,43,68,35,249,146,112,226,20,22,124,48,102,112,156,102,141,30,22,201,204,189,35,40,198,9,48,245,242,110,208,48,81,253,152,138,108,195,84,226,,,313,258,,,257,43,307,139,260,151,191,120,266,252,45,39,171,180,173,113,106,35,341,256,111,177,189,143,,253,,,b'\x11\xe8\xe1I\xc8\x99Z`\xaf\x82\x12\xdf\x17\xaeN\x1e'
11E8E149-C899-5A60-AF82-12DF17AE4E1E,2025-ncaa-d0-natl,genius_ncaa,296,279,301,297,307,334,338,307,344,358,355,315,135,68,267,13,335,317,306,317,101,322,328,299,314,310,10,9,239,303,310,305,138,321,296,302,162,84,224,260,298,250,277,253,,,94,235,,120,225,327,255,76,323,339,249,357,350,68,19,321,291,288,273,277,260,260,291,289,185,264,257,,188,,171,229,20,23,16,186,74,62,223,5,16,23,45,165,205,58,209,284,22,29,129,137,101,55,15,312,23,138,209,310,126,296,16,59,174,70,39,91,204,146,339,,,196,42,,5,225,40,316,88,220,80,80,36,176,142,9,31,247,284,291,65,106,79,330,258,42,91,171,224,,87,,2,b'\x11\xe8\xe1I\xc8\x99Z`\xaf\x82\x12\xdf\x17\xaeN\x1e'
11E8E149-C899-5A60-AF82-12DF17AE4E1E,2025-ncaa-d1-conf-CUSA,genius_ncaa,9,9,7,9,7,10,10,9,10,10,10,10,3,2,6,1,7,7,8,7,2,9,10,9,9,9,1,1,6,9,10,7,3,9,9,10,2,4,6,7,8,7,6,7,,,3,6,,5,7,9,7,1,10,10,8,10,10,3,1,7,7,7,9,9,8,6,8,9,6,7,6,,4,,6,7,2,3,2,7,5,5,6,1,2,3,2,6,8,1,8,7,2,1,6,3,5,2,1,8,1,3,9,10,7,9,3,1,5,4,5,4,6,9,10,,,4,4,,1,7,2,9,4,6,3,5,3,7,7,1,3,7,8,8,5,3,1,10,9,4,4,5,9,,4,,1,b'\x11\xe8\xe1I\xc8\x99Z`\xaf\x82\x12\xdf\x17\xaeN\x1e'
11E8E149-C899-5A60-AF82-12DF17AE4E1E,2025-ncaa-d1-natl,genius_ncaa,279,279,244,286,259,298,309,258,329,351,350,289,77,32,231,8,328,306,295,305,109,270,288,259,289,278,9,6,273,249,277,269,117,272,263,259,130,103,197,225,279,243,266,249,,,123,224,,140,189,286,254,81,294,311,222,356,349,40,12,320,297,294,248,259,217,235,249,236,159,251,255,,177,,165,189,38,36,38,171,100,82,209,12,32,26,72,194,221,75,227,279,47,64,120,134,87,83,25,308,37,117,242,277,161,263,24,64,138,77,45,114,176,187,339,,,158,50,,4,189,90,283,75,181,74,69,38,152,120,16,46,236,269,274,68,102,71,320,237,40,94,159,225,,88,,2,b'\x11\xe8\xe1I\xc8\x99Z`\xaf\x82\x12\xdf\x17\xaeN\x1e'
11E8E149-C899-5A60-AF82-12DF17AE4E1E,2026-ncaa-d0-natl,genius_ncaa,260,198,279,265,291,297,299,297,288,315,314,255,212,193,248,67,273,253,278,235,74,293,306,265,278,226,63,77,139,192,119,279,123,262,136,329,330,36,121,247,358,353,183,139,,,40,153,,25,226,319,298,97,236,254,176,297,282,124,60,185,151,134,163,200,67,178,109,321,117,360,111,,104,,42,235,63,78,58,276,112,92,252,43,34,220,63,75,112,33,94,176,59,42,247,229,285,55,85,139,37,123,79,119,53,136,57,94,340,322,291,131,275,197,319,,,264,97,,57,226,42,202,266,240,209,244,161,283,259,93,65,168,226,212,166,52,99,241,173,159,340,276,301,,113,,16,b'\x11\xe8\xe1I\xc8\x99Z`\xaf\x82\x12\xdf\x17\xaeN\x1e'
11E8E149-C899-5A60-AF82-12DF17AE4E1E,2026-ncaa-d1-natl,genius_ncaa,203,195,177,216,197,232,234,212,276,277,295,197,128,70,281,40,227,199,266,187,88,211,244,244,260,211,67,70,192,121,139,188,81,168,130,286,316,45,67,182,326,320,138,136,,,80,131,,17,171,273,308,100,227,233,149,286,303,105,36,224,186,175,153,233,79,127,99,310,56,335,124,,92,,18,171,97,117,108,186,160,155,190,47,65,90,95,120,172,32,152,184,109,81,157,132,194,61,71,165,59,81,194,139,145,130,54,52,307,279,190,175,225,208,287,,,177,102,,38,171,89,170,170,165,109,137,114,209,198,52,74,134,202,184,113,39,74,244,174,59,304,208,234,,131,,29,b'\x11\xe8\xe1I\xc8\x99Z`\xaf\x82\x12\xdf\x17\xaeN\x1e'
11E8E149-C89D-BB00-AF82-12DF17AE4E1E,2010-ncaa-d0-natl,ncaa,23,19,50,23,58,43,53,34,131,60,65,118,86,70,157,151,26,34,107,33,82,30,39,125,112,79,134,177,102,11,17,26,148,18,25,158,311,154,49,158,228,299,79,139,,,291,181,,,38,58,134,78,43,65,48,86,111,112,98,34,44,44,39,62,19,27,10,208,80,274,101,,216,,,38,226,178,310,10,197,323,7,135,200,55,78,305,315,125,315,202,320,301,7,9,48,200,101,298,316,148,180,17,268,25,112,88,194,307,159,114,46,81,36,,,50,139,,,38,294,38,59,37,114,67,286,109,308,81,128,270,276,276,303,252,271,76,176,54,276,72,60,,79,,,b'\x11\xe8\xe1I\xc8\x9d\xbb\x00\xaf\x82\x12\xdf\x17\xaeN\x1e'
11E8E149-C89D-BB00-AF82-12DF17AE4E1E,2010-ncaa-d1-conf-CAA,ncaa,1,1,1,1,3,1,1,1,8,3,2,5,2,2,7,3,2,3,2,3,4,1,1,7,7,3,3,3,5,1,2,1,1,1,1,4,10,4,1,4,11,12,3,4,,,8,3,,,1,2,3,5,1,1,1,4,5,2,3,2,3,4,1,2,2,1,1,8,3,12,4,,5,,,1,9,6,12,1,7,12,1,6,9,5,5,11,11,5,11,6,12,11,1,1,4,11,6,10,9,1,10,2,11,1,5,3,11,12,9,3,2,3,2,,,4,7,,,1,12,2,4,1,6,4,12,4,12,5,7,11,9,9,12,10,5,5,5,3,12,2,3,,5,,,b'\x11\xe8\xe1I\xc8\x9d\xbb\x00\xaf\x82\x12\xdf\x17\xaeN\x1e'
11E8E149-C89D-BB00-AF82-12DF17AE4E1E,2010-ncaa-d1-natl,ncaa,25,19,53,23,62,45,55,36,135,63,72,117,92,74,157,151,28,38,106,39,80,31,41,131,114,82,129,176,97,12,17,29,151,18,27,171,313,141,51,164,242,305,86,140,,,281,181,,,40,64,136,77,44,65,48,89,114,111,99,34,45,45,39,63,20,27,11,218,80,277,101,,217,,,40,219,163,309,12,186,320,8,129,195,63,77,298,312,125,311,204,319,299,8,10,50,199,102,299,315,151,163,17,254,27,102,93,215,308,163,108,47,76,35,,,59,138,,,40,288,40,71,41,116,68,286,114,310,84,129,272,277,278,307,251,274,79,181,55,278,72,62,,78,,,b'\x11\xe8\xe1I\xc8\x9d\xbb\x00\xaf\x82\x12\xdf\x17\xaeN\x1e'
11E8E149-C89D-BB00-AF82-12DF17AE4E1E,2010-ncaa-d1-ncaatournament,ncaa,33,2,33,33,34,52,47,53,42,42,45,36,49,49,42,28,48,44,61,44,34,49,44,42,50,53,44,35,45,32,8,36,9,34,10,51,55,29,56,58,35,8,56,57,,,4,19,,,42,47,22,9,50,38,38,34,33,41,29,45,32,32,37,18,6,14,10,49,58,10,56,,14,,,45,7,10,11,33,10,10,32,21,19,42,42,8,9,28,9,36,8,14,36,32,29,40,44,25,4,9,3,8,2,10,4,11,38,22,14,19,44,34,56,,,53,55,,,42,19,49,20,40,24,30,20,28,24,37,33,26,29,29,20,28,9,24,15,14,21,43,55,,50,,,b'\x11\xe8\xe1I\xc8\x9d\xbb\x00\xaf\x82\x12\xdf\x17\xaeN\x1e'
11E8E149-C89D-BB00-AF82-12DF17AE4E1E,2011-ncaa-d0-natl,ncaa,22,24,26,25,29,33,45,20,184,56,31,183,90,60,203,176,15,11,136,11,66,17,26,190,168,86,136,190,59,10,31,11,128,9,38,161,324,91,6,120,244,311,37,99,,,325,238,,,42,40,130,80,47,74,30,92,70,130,115,24,25,23,18,53,9,16,5,238,29,298,49,,258,,,48,276,269,321,32,303,338,37,85,164,24,41,303,317,113,316,160,330,313,17,17,73,76,43,252,327,128,308,31,328,38,94,18,154,285,117,43,7,184,73,,,29,151,,,42,306,45,86,41,133,135,272,205,319,44,90,233,253,254,288,253,269,169,228,32,261,19,107,,80,,,b'\x11\xe8\xe1I\xc8\x9d\xbb\x00\xaf\x82\x12\xdf\x17\xaeN\x1e'
11E8E149-C89D-BB00-AF82-12DF17AE4E1E,2011-ncaa-d1-conf-CAA,ncaa,1,1,2,1,2,1,3,2,6,4,4,6,2,3,4,4,2,2,6,2,1,1,2,6,4,2,2,3,2,1,3,1,2,1,1,7,11,2,1,6,10,12,3,4,,,11,6,,,1,2,2,6,2,4,3,5,6,4,4,2,1,1,2,2,2,1,1,8,1,11,4,,6,,,1,6,8,12,1,10,11,1,2,9,1,3,7,10,1,10,4,12,11,1,1,2,1,1,7,8,2,11,3,10,1,4,1,8,12,7,2,1,9,7,,,2,4,,,1,11,1,2,1,4,6,10,7,11,1,6,5,7,7,10,9,7,8,8,2,11,1,7,,2,,,b'\x11\xe8\xe1I\xc8\x9d\xbb\x00\xaf\x82\x12\xdf\x17\xaeN\x1e'
11E8E149-C89D-BB00-AF82-12DF17AE4E1E,2011-ncaa-d1-natl,ncaa,22,23,28,25,30,35,48,22,190,60,36,188,97,67,205,174,15,11,135,11,65,18,27,195,171,92,136,187,58,10,32,11,135,9,38,175,323,73,6,123,258,315,40,99,,,322,240,,,46,46,134,80,48,78,32,98,70,131,115,25,25,23,18,55,11,16,5,245,30,301,51,,259,,,53,265,254,321,35,302,338,38,75,151,25,41,296,311,115,310,156,328,310,17,19,81,74,42,256,323,135,297,32,324,38,82,18,174,291,125,34,7,173,76,,,32,151,,,46,301,47,95,45,140,140,273,210,319,44,89,236,253,254,291,255,271,174,232,35,269,19,113,,79,,,b'\x11\xe8\xe1I\xc8\x9d\xbb\x00\xaf\x82\x12\xdf\x17\xaeN\x1e'
11E8E149-C89D-BB00-AF82-12DF17AE4E1E,2011-ncaa-d1-ncaatournament,ncaa,33,2,33,33,34,35,35,33,41,32,34,10,62,31,64,23,36,35,29,35,38,33,33,51,51,43,62,64,27,34,29,50,58,41,49,55,60,8,6,51,27,6,32,26,,,27,42,,,45,34,2,3,16,9,1,2,4,60,4,16,14,14,1,1,8,44,20,55,18,1,17,,58,,,48,27,26,27,46,29,26,54,12,21,8,23,33,25,59,25,41,28,30,42,47,41,20,13,45,30,58,25,29,25,49,11,5,33,16,6,7,8,28,42,,,35,23,,,45,31,40,48,46,59,58,55,59,57,16,35,59,51,50,58,62,57,56,56,23,3,17,47,,4,,,b'\x11\xe8\xe1I\xc8\x9d\xbb\x00\xaf\x82\x12\xdf\x17\xaeN\x1e'
11E8E149-C89D-BB00-AF82-12DF17AE4E1E,2012-ncaa-d0-natl,ncaa,9,27,4,21,4,23,32,5,261,27,5,258,171,119,290,258,9,6,190,7,148,4,6,281,263,192,233,266,53,6,82,3,68,3,55,73,257,262,33,131,124,259,20,81,,,334,226,,,47,4,136,43,121,130,35,90,30,251,217,47,44,45,28,58,27,6,6,209,62,244,40,,247,,,56,292,278,339,9,325,343,4,28,70,7,7,326,333,100,333,119,342,339,4,6,16,35,6,304,334,68,341,82,341,55,174,59,60,240,83,182,27,96,10,,,16,214,,,47,340,149,21,58,57,51,242,167,332,3,13,237,260,259,262,228,211,285,274,42,221,53,25,,136,,,b'\x11\xe8\xe1I\xc8\x9d\xbb\x00\xaf\x82\x12\xdf\x17\xaeN\x1e'
11E8E149-C89D-BB00-AF82-12DF17AE4E1E,2012-ncaa-d1-conf-CAA,ncaa,2,2,4,2,5,9,9,2,12,7,3,12,9,7,9,7,4,2,9,2,5,2,4,11,11,10,7,8,2,1,4,2,4,1,3,10,11,2,1,9,11,11,1,1,,,10,12,,,3,5,6,4,9,9,2,9,3,9,7,5,3,2,2,3,1,2,1,11,3,10,2,,10,,,3,2,1,5,1,1,10,1,3,2,3,2,9,9,6,9,6,5,8,1,1,1,9,4,12,9,4,11,4,12,3,2,3,4,5,2,1,1,6,3,,,5,8,,,3,7,10,1,3,3,2,5,2,9,3,2,9,9,9,7,8,9,11,10,2,4,1,5,,5,,,b'\x11\xe8\xe1I\xc8\x9d\xbb\x00\xaf\x82\x12\xdf\x17\xaeN\x1e'
11E8E149-C89D-BB00-AF82-12DF17AE4E1E,2012-ncaa-d1-natl,ncaa,9,27,4,22,4,26,35,5,269,29,5,263,175,130,291,258,9,9,190,10,145,5,6,285,269,200,228,266,51,7,86,3,74,3,59,78,258,246,33,137,143,266,20,80,,,334,230,,,53,4,139,40,129,137,38,97,31,252,220,47,40,42,31,61,29,6,6,217,63,255,46,,247,,,61,281,262,338,10,317,343,5,23,62,9,7,324,328,104,328,120,341,339,4,5,18,32,6,305,334,74,340,86,340,59,162,59,71,248,93,167,29,86,10,,,20,209,,,53,340,154,23,63,61,58,246,171,330,3,13,245,260,260,264,225,215,292,276,45,230,53,26,,135,,,b'\x11\xe8\xe1I\xc8\x9d\xbb\x00\xaf\x82\x12\xdf\x17\xaeN\x1e'
11E8E149-C89D-BB00-AF82-12DF17AE4E1E,2013-ncaa-d0-natl,ncaa,30,65,8,57,9,16,16,4,174,24,5,223,91,120,70,255,11,13,90,14,202,5,10,184,165,82,199,213,120,3,24,23,79,5,39,136,330,76,8,95,107,188,60,85,,,328,266,,,31,15,202,247,52,62,18,65,26,166,211,54,70,68,20,78,10,139,24,250,13,201,109,,222,,,39,300,248,299,84,233,297,64,246,230,213,138,329,328,211,327,269,311,322,92,130,105,277,181,305,244,79,329,24,317,39,189,117,39,105,73,28,1,152,19,,,14,144,,,31,329,37,95,41,90,56,61,62,95,143,117,259,253,248,85,110,80,178,115,66,154,3,70,,88,,,b'\x11\xe8\xe1I\xc8\x9d\xbb\x00\xaf\x82\x12\xdf\x17\xaeN\x1e'
11E8E149-C89D-BB00-AF82-12DF17AE4E1E,2013-ncaa-d1-conf-CAA,ncaa,2,2,3,2,5,2,3,1,7,3,1,8,5,7,5,9,2,2,5,2,8,1,2,8,6,4,7,8,5,1,2,3,1,1,2,8,11,3,2,3,7,8,4,4,,,10,10,,,2,2,6,8,2,3,1,3,1,7,8,3,2,2,1,2,1,3,1,9,3,8,5,,8,,,2,3,1,5,2,2,7,2,2,4,2,4,10,10,2,10,11,7,7,2,2,2,8,4,11,2,1,9,2,6,2,1,1,3,3,1,1,1,8,2,,,2,4,,,2,9,3,2,2,3,3,2,3,4,1,2,7,10,8,3,4,2,5,4,1,6,2,7,,1,,,b'\x11\xe8\xe1I\xc8\x9d\xbb\x00\xaf\x82\x12\xdf\x17\xaeN\x1e'
11E8E149-C89D-BB00-AF82-12DF17AE4E1E,2013-ncaa-d1-natl,ncaa,32,65,8,59,10,18,18,4,177,26,5,229,95,131,69,254,13,16,91,16,200,5,10,192,168,84,197,210,114,4,25,27,80,6,42,148,330,64,6,98,129,194,63,87,,,322,268,,,32,17,202,247,55,65,21,67,26,164,212,54,70,69,20,80,12,142,25,257,13,209,111,,226,,,39,291,240,294,87,224,291,68,242,223,215,137,326,325,209,322,270,308,319,100,135,117,276,179,305,235,80,327,25,313,42,179,119,44,108,75,22,1,149,19,,,16,140,,,32,326,37,101,42,97,62,63,65,95,143,116,264,255,248,87,110,80,183,119,71,155,3,73,,89,,,b'\x11\xe8\xe1I\xc8\x9d\xbb\x00\xaf\x82\x12\xdf\x17\xaeN\x1e'
11E8E149-C89D-BB00-AF82-12DF17AE4E1E,2014-ncaa-d0-natl,ncaa,8,14,15,14,20,20,23,29,71,40,44,70,61,73,94,144,27,49,38,46,137,28,27,69,62,46,143,148,155,11,7,19,33,11,7,25,118,229,79,51,82,133,8,9,,,328,269,,,6,38,206,246,44,45,75,80,144,106,117,59,123,113,74,111,21,35,14,54,96,152,10,,220,,,6,90,62,241,7,142,308,10,12,61,2,22,306,324,76,324,231,276,304,4,6,4,106,12,333,198,33,165,7,180,7,63,121,33,62,12,153,54,240,131,,,23,112,,,6,312,20,3,4,10,4,31,27,188,3,16,213,236,236,53,117,74,23,25,13,83,75,146,,90,,,b'\x11\xe8\xe1I\xc8\x9d\xbb\x00\xaf\x82\x12\xdf\x17\xaeN\x1e'
11E8E149-C89D-BB00-AF82-12DF17AE4E1E,2014-ncaa-d1-conf-CAA,ncaa,1,1,1,1,2,1,1,1,1,2,3,2,1,1,1,4,1,3,4,3,2,1,1,1,1,1,2,3,5,1,1,1,1,1,1,1,3,3,2,2,2,2,1,1,,,8,7,,,1,2,2,6,1,1,2,3,5,1,3,1,3,3,2,2,1,1,1,2,2,2,1,,7,,,1,1,1,6,1,3,8,1,1,1,1,1,7,7,5,7,6,7,8,1,1,1,2,1,9,4,1,3,1,5,1,1,1,1,1,1,2,1,3,2,,,1,4,,,1,8,1,1,1,1,1,2,2,6,1,1,7,7,7,2,6,1,2,1,1,1,2,2,,2,,,b'\x11\xe8\xe1I\xc8\x9d\xbb\x00\xaf\x82\x12\xdf\x17\xaeN\x1e'
11E8E149-C89D-BB00-AF82-12DF17AE4E1E,2014-ncaa-d1-natl,ncaa,8,14,16,14,22,22,26,31,75,41,51,71,70,80,98,142,28,59,37,56,140,30,31,69,61,48,144,148,154,13,8,20,35,11,8,30,120,212,79,55,92,140,8,10,,,326,272,,,6,47,207,248,47,47,79,86,146,106,118,61,123,114,76,119,23,36,15,59,94,156,10,,220,,,6,74,46,218,7,130,302,11,9,54,2,22,297,312,76,312,231,261,296,4,6,4,104,11,335,179,35,145,8,161,8,53,119,39,63,14,140,57,231,139,,,29,111,,,6,303,20,4,4,10,5,31,27,187,3,16,215,239,239,54,116,74,24,25,13,88,74,150,,90,,,b'\x11\xe8\xe1I\xc8\x9d\xbb\x00\xaf\x82\x12\xdf\x17\xaeN\x1e'
11E8E149-C89D-BB00-AF82-12DF17AE4E1E,2014-ncaa-d1-ncaatournament,ncaa,17,2,17,17,17,24,26,18,41,21,19,33,42,21,56,44,15,20,4,20,19,18,23,47,33,27,36,58,8,28,44,17,20,22,29,23,29,35,9,11,27,49,16,12,,,44,54,,,31,19,12,3,21,31,15,16,18,51,36,4,15,13,11,22,38,7,19,25,8,45,9,,55,,,29,45,45,46,31,47,45,31,28,36,15,19,48,49,16,50,52,47,46,28,25,32,20,14,52,41,20,47,44,46,29,54,60,32,56,61,28,13,32,23,,,24,23,,,31,46,27,32,27,43,39,46,45,53,17,19,52,54,56,56,51,31,43,40,57,48,11,26,,25,,,b'\x11\xe8\xe1I\xc8\x9d\xbb\x00\xaf\x82\x12\xdf\x17\xaeN\x1e'
11E8E149-C89D-BB00-AF82-12DF17AE4E1E,2015-ncaa-d0-natl,ncaa,12,7,48,9,62,20,28,22,81,34,20,135,77,117,39,230,24,28,137,29,157,23,32,92,86,44,175,187,142,15,17,30,13,13,12,35,159,87,17,26,136,184,61,80,,,300,245,,,12,41,61,243,16,20,16,29,24,108,145,31,31,32,11,23,14,32,3,37,39,185,68,,238,,,10,182,130,261,34,196,288,33,76,126,49,63,311,284,322,285,219,273,291,25,53,49,163,60,316,71,13,261,17,192,12,77,66,75,97,41,53,14,269,136,,,28,108,,,12,310,15,21,9,76,52,118,99,222,33,60,268,230,234,135,183,27,136,67,39,102,27,225,,26,,,b'\x11\xe8\xe1I\xc8\x9d\xbb\x00\xaf\x82\x12\xdf\x17\xaeN\x1e'
11E8E149-C89D-BB00-AF82-12DF17AE4E1E,2015-ncaa-d1-conf-CAA,ncaa,1,1,1,1,3,1,1,1,1,1,1,1,3,3,4,6,1,1,6,1,3,1,1,2,2,1,5,5,4,1,1,1,1,1,1,1,6,2,1,1,2,3,1,2,,,9,7,,,1,1,1,9,1,1,1,1,2,3,4,1,1,1,1,1,1,1,1,1,1,3,1,,9,,,1,3,2,8,1,2,9,1,1,1,2,2,8,8,10,8,4,8,9,1,1,1,5,1,10,3,1,7,1,4,1,2,1,2,3,1,1,1,8,4,,,1,3,,,1,10,1,1,1,2,2,2,2,7,1,1,7,5,5,3,5,1,5,1,1,2,1,7,,1,,,b'\x11\xe8\xe1I\xc8\x9d\xbb\x00\xaf\x82\x12\xdf\x17\xaeN\x1e'
11E8E149-C89D-BB00-AF82-12DF17AE4E1E,2015-ncaa-d1-natl,ncaa,12,7,55,9,77,23,33,25,85,37,22,141,91,125,42,225,25,33,135,33,148,26,36,98,90,48,175,186,135,15,18,34,12,15,12,40,160,74,17,28,156,194,68,81,,,290,249,,,12,46,68,241,17,23,16,33,27,108,146,32,31,34,11,24,15,33,4,40,39,193,70,,237,,,10,153,110,231,37,172,271,35,65,101,51,62,300,270,324,272,220,252,278,27,56,54,157,59,317,51,12,234,18,160,12,62,68,86,103,43,40,14,260,141,,,31,101,,,12,305,17,25,10,84,56,121,100,226,32,60,275,239,239,138,182,27,141,71,39,104,26,229,,28,,,b'\x11\xe8\xe1I\xc8\x9d\xbb\x00\xaf\x82\x12\xdf\x17\xaeN\x1e'
11E8E149-C89D-BB00-AF82-12DF17AE4E1E,2015-ncaa-d1-ncaatournament,ncaa,33,2,33,33,33,34,33,33,39,39,36,49,28,32,18,14,50,53,3,52,58,34,35,33,38,32,16,9,56,43,47,35,2,35,20,32,16,18,23,15,51,50,33,27,,,27,53,,,38,33,1,4,7,5,1,27,12,4,4,48,53,52,3,3,25,5,4,2,40,41,21,,57,,,40,29,26,25,50,25,22,55,9,19,10,23,36,35,43,35,57,26,29,42,49,52,32,12,58,4,2,30,47,17,20,13,22,49,45,41,23,34,30,51,,,45,48,,,38,32,33,41,39,61,57,43,57,45,15,31,60,59,59,56,57,4,62,39,37,37,49,54,,29,,,b'\x11\xe8\xe1I\xc8\x9d\xbb\x00\xaf\x82\x12\xdf\x17\xaeN\x1e'
11E8E149-C89D-BB00-AF82-12DF17AE4E1E,2016-ncaa-d0-natl,ncaa,17,17,38,19,43,61,63,21,245,91,51,230,47,30,194,97,86,79,166,79,176,22,33,219,216,131,111,107,193,5,17,21,12,8,17,136,288,56,18,93,176,204,9,15,,,283,256,,,20,75,216,78,78,80,18,129,102,68,47,120,130,131,18,49,4,17,2,203,29,227,14,,214,,,16,80,60,226,12,142,284,18,16,75,2,35,281,304,37,307,234,246,242,7,11,17,84,15,326,70,12,299,17,236,17,31,50,161,202,58,14,5,110,49,,,66,188,,,20,269,52,13,18,22,13,83,66,204,6,28,225,258,258,115,76,26,214,102,19,240,8,70,,118,,,b'\x11\xe8\xe1I\xc8\x9d\xbb\x00\xaf\x82\x12\xdf\x17\xaeN\x1e'
11E8E149-C89D-BB00-AF82-12DF17AE4E1E,2016-ncaa-d1-conf-CAA,ncaa,1,1,1,1,1,1,1,1,6,1,1,6,2,2,6,3,1,1,8,1,2,1,1,5,5,3,3,3,4,1,1,1,1,1,1,5,8,2,2,4,6,6,1,1,,,8,7,,,1,1,6,5,1,1,1,2,2,3,2,2,1,1,1,1,1,1,1,5,2,6,1,,7,,,1,3,1,7,1,6,10,2,1,2,1,1,10,8,7,9,8,10,9,1,1,1,3,1,10,1,1,7,1,4,1,1,1,5,7,1,2,1,3,1,,,1,4,,,1,10,1,1,1,2,1,2,2,6,1,1,7,7,8,2,2,1,5,1,1,7,2,2,,3,,,b'\x11\xe8\xe1I\xc8\x9d\xbb\x00\xaf\x82\x12\xdf\x17\xaeN\x1e'
11E8E149-C89D-BB00-AF82-12DF17AE4E1E,2016-ncaa-d1-natl,ncaa,19,17,51,20,57,74,77,27,249,110,62,240,56,37,195,96,99,91,166,92,177,28,44,229,228,140,108,105,191,5,18,24,12,9,17,162,292,37,18,96,203,215,10,15,,,270,260,,,20,95,216,72,81,83,21,146,104,68,47,119,132,133,21,53,4,17,2,208,29,240,15,,214,,,17,55,44,197,14,125,267,21,10,54,2,34,270,299,42,299,240,216,211,7,12,19,82,16,326,51,12,287,18,207,17,25,55,195,212,66,8,5,94,52,,,82,184,,,20,245,61,15,18,23,14,87,75,206,6,29,226,265,261,119,74,29,217,107,20,250,9,74,,120,,,b'\x11\xe8\xe1I\xc8\x9d\xbb\x00\xaf\x82\x12\xdf\x17\xaeN\x1e'
11E8E149-C89D-BB00-AF82-12DF17AE4E1E,2016-ncaa-d1-ncaatournament,ncaa,33,2,33,33,33,37,41,36,56,37,32,53,50,52,48,53,32,31,43,32,12,33,38,57,56,35,27,49,7,37,41,44,50,39,50,58,60,1,1,20,48,50,23,13,,,16,26,,,56,39,9,1,27,34,4,28,1,44,36,3,3,3,1,6,10,39,22,58,1,42,6,,37,,,57,30,31,27,59,25,22,55,36,26,62,40,13,17,8,17,38,29,26,61,59,63,40,58,11,25,50,31,41,30,50,35,56,53,49,61,5,9,4,5,,,41,36,,,56,26,32,63,57,62,63,57,57,50,64,49,29,41,41,61,55,51,63,62,61,42,11,6,,16,,,b'\x11\xe8\xe1I\xc8\x9d\xbb\x00\xaf\x82\x12\xdf\x17\xaeN\x1e'
11E8E149-C89D-BB00-AF82-12DF17AE4E1E,2017-ncaa-d0-natl,ncaa,21,39,16,35,17,33,38,23,144,47,47,103,72,35,236,130,17,17,109,17,61,24,19,140,123,99,150,175,96,10,23,28,142,13,45,138,313,266,83,200,65,132,102,133,,,336,250,,,32,25,159,83,70,90,57,109,150,131,87,52,63,56,45,58,27,86,25,231,131,126,150,,258,,,37,281,217,302,29,203,289,50,213,285,43,182,332,340,103,340,295,320,327,31,44,46,269,151,318,316,142,287,23,312,45,132,79,42,126,48,230,85,74,25,,,17,115,,,32,325,65,51,41,85,49,127,54,125,116,187,278,290,294,183,217,201,95,129,39,115,115,24,,74,,,b'\x11\xe8\xe1I\xc8\x9d\xbb\x00\xaf\x82\x12\xdf\x17\xaeN\x1e'
11E8E149-C89D-BB00-AF82-12DF17AE4E1E,2017-ncaa-d1-conf-CAA,ncaa,2,2,1,2,1,2,2,2,4,3,4,3,2,3,7,4,1,2,2,2,2,2,2,4,3,3,4,4,3,2,2,1,2,2,2,5,9,7,3,5,5,6,4,4,,,10,9,,,2,2,3,8,2,2,3,4,5,3,3,1,3,3,3,3,2,1,2,6,4,5,4,,9,,,2,5,4,9,2,5,8,3,2,6,1,4,10,10,2,10,9,10,10,2,2,1,8,2,10,9,2,6,2,7,2,1,1,2,5,1,2,2,3,2,,,2,4,,,2,10,3,2,2,3,2,3,2,3,1,5,9,9,9,5,8,5,5,3,1,5,2,3,,2,,,b'\x11\xe8\xe1I\xc8\x9d\xbb\x00\xaf\x82\x12\xdf\x17\xaeN\x1e'
11E8E149-C89D-BB00-AF82-12DF17AE4E1E,2017-ncaa-d1-natl,ncaa,23,39,16,37,18,36,44,23,151,56,55,104,85,45,241,129,21,26,106,24,64,24,20,148,127,105,145,171,95,11,28,36,152,13,48,164,318,247,84,205,78,145,109,138,,,331,253,,,41,28,166,81,78,102,61,113,154,133,90,52,66,60,47,65,28,89,27,241,133,134,156,,263,,,51,267,186,300,32,181,277,54,197,271,47,182,328,339,105,340,303,318,326,37,50,56,269,150,316,308,152,266,28,292,48,112,82,54,131,51,209,88,67,27,,,23,111,,,41,323,73,62,53,90,56,131,61,125,113,185,279,291,296,181,214,204,97,133,44,121,118,25,,72,,,b'\x11\xe8\xe1I\xc8\x9d\xbb\x00\xaf\x82\x12\xdf\x17\xaeN\x1e'
11E8E149-C89D-BB00-AF82-12DF17AE4E1E,2018-ncaa-d0-natl,ncaa,53,74,25,74,30,96,88,40,224,65,43,163,213,119,330,208,86,52,252,55,177,40,36,256,262,244,275,271,130,21,51,47,110,29,67,152,281,290,159,228,87,124,11,12,,,316,255,,,73,42,179,161,189,172,114,104,113,265,180,147,129,132,109,95,42,96,41,245,184,135,15,,235,,,77,146,133,263,32,163,285,29,114,142,103,73,220,293,2,294,218,281,304,27,25,16,155,133,235,253,110,289,51,295,67,189,230,39,83,64,168,68,39,19,,,75,226,,,73,304,200,16,78,32,31,79,52,165,58,64,138,215,218,84,153,148,159,157,94,86,87,16,,188,,,b'\x11\xe8\xe1I\xc8\x9d\xbb\x00\xaf\x82\x12\xdf\x17\xaeN\x1e'
11E8E149-C89D-BB00-AF82-12DF17AE4E1E,2018-ncaa-d1-conf-CAA,ncaa,2,1,3,2,3,3,3,4,2,3,5,4,7,6,6,7,2,2,5,2,2,4,3,3,2,3,6,8,5,2,2,3,6,3,3,3,8,2,2,3,4,4,1,1,,,6,4,,,3,5,8,2,2,2,2,4,4,8,6,2,3,3,2,3,2,3,3,4,2,4,2,,5,,,2,1,1,5,1,1,6,1,5,5,6,4,3,4,1,4,3,5,7,1,1,1,8,9,4,8,6,1,2,5,3,6,8,3,3,3,2,2,1,1,,,5,6,,,3,4,3,2,3,2,2,4,2,5,5,5,3,4,4,3,4,8,2,3,4,4,2,1,,6,,,b'\x11\xe8\xe1I\xc8\x9d\xbb\x00\xaf\x82\x12\xdf\x17\xaeN\x1e'
11E8E149-C89D-BB00-AF82-12DF17AE4E1E,2018-ncaa-d1-natl,ncaa,61,74,31,75,40,109,107,56,236,76,52,172,226,132,331,205,102,72,250,74,175,52,43,267,272,253,272,272,125,25,62,50,118,33,75,172,286,268,163,234,101,130,12,12,,,304,258,,,80,54,186,162,200,182,117,114,117,269,182,149,130,135,113,101,48,106,51,257,186,144,15,,237,,,85,117,111,243,34,142,278,31,96,114,103,70,201,283,4,284,218,264,291,30,27,22,156,129,237,238,118,274,62,275,75,174,232,57,84,73,150,71,30,20,,,99,220,,,80,291,210,23,86,38,35,81,57,172,59,65,146,218,219,91,146,153,168,164,102,92,88,19,,188,,,b'\x11\xe8\xe1I\xc8\x9d\xbb\x00\xaf\x82\x12\xdf\x17\xaeN\x1e'
11E8E149-C89D-BB00-AF82-12DF17AE4E1E,2019-ncaa-d0-natl,ncaa,9,13,14,14,19,57,61,26,191,79,48,213,54,56,110,137,104,114,134,114,224,29,32,171,172,127,126,113,228,7,11,12,84,4,13,129,287,183,69,138,108,156,2,2,,,207,107,,,11,69,317,238,131,137,94,170,147,98,118,204,225,220,116,181,12,35,5,231,69,196,4,,63,,,14,56,39,286,2,59,321,2,56,141,19,51,237,263,105,264,140,294,291,1,1,2,216,99,307,297,84,245,11,290,13,11,32,132,205,23,72,33,127,57,,,76,231,,,11,278,72,4,11,3,4,73,10,193,18,39,135,143,144,66,49,177,60,80,1,257,33,57,,228,,,b'\x11\xe8\xe1I\xc8\x9d\xbb\x00\xaf\x82\x12\xdf\x17\xaeN\x1e'
11E8E149-C89D-BB00-AF82-12DF17AE4E1E,2019-ncaa-d1-conf-CAA,ncaa,1,1,6,1,7,5,4,4,5,6,9,4,3,2,6,2,6,6,7,6,4,4,6,5,5,4,3,3,7,2,1,2,1,2,1,6,8,2,2,2,4,4,2,1,,,1,1,,,1,10,9,4,2,1,3,4,6,3,2,6,5,6,3,5,2,1,1,6,2,3,1,,2,,,1,1,1,1,1,1,1,1,2,1,4,5,2,2,1,2,2,1,1,1,1,1,10,10,4,1,1,1,1,1,1,1,4,9,6,1,1,1,1,1,,,7,5,,,1,1,1,1,1,1,1,2,1,2,2,3,2,2,2,2,2,3,1,1,1,9,1,1,,6,,,b'\x11\xe8\xe1I\xc8\x9d\xbb\x00\xaf\x82\x12\xdf\x17\xaeN\x1e'
11E8E149-C89D-BB00-AF82-12DF17AE4E1E,2019-ncaa-d1-natl,ncaa,9,13,11,13,13,57,53,26,184,75,46,198,57,60,119,134,115,126,132,126,238,28,31,161,171,122,137,118,247,5,10,14,88,4,13,116,278,168,58,126,113,163,2,2,,,195,102,,,12,56,315,235,130,126,89,163,145,99,115,217,233,232,118,188,13,35,6,219,62,200,5,,61,,,13,52,34,294,2,66,326,2,47,123,19,44,238,257,108,258,133,298,300,1,1,2,200,91,304,297,88,246,10,293,13,7,26,125,207,23,67,32,125,59,,,85,248,,,12,294,64,3,10,3,4,73,14,204,15,33,137,147,147,70,47,174,58,78,1,258,33,59,,243,,,b'\x11\xe8\xe1I\xc8\x9d\xbb\x00\xaf\x82\x12\xdf\x17\xaeN\x1e'
11E8E149-C89D-BB00-AF82-12DF17AE4E1E,2020-ncaa-d0-natl,ncaa,20,10,191,16,243,90,126,172,99,214,273,104,35,54,50,57,100,131,101,127,64,164,201,67,63,55,45,50,166,43,17,60,104,37,23,282,341,91,90,208,151,128,11,7,,,85,122,,,13,264,247,273,56,95,123,211,271,29,48,88,118,118,105,144,29,26,14,280,110,147,9,,103,,,12,15,11,99,5,10,136,4,93,106,82,154,124,164,34,163,203,101,96,7,8,12,296,235,281,179,104,35,17,61,23,10,86,202,165,37,28,34,17,38,,,138,114,,,13,85,29,13,12,13,7,115,10,152,105,134,149,187,189,119,116,199,47,73,11,191,37,21,,111,,,b'\x11\xe8\xe1I\xc8\x9d\xbb\x00\xaf\x82\x12\xdf\x17\xaeN\x1e'
11E8E149-C89D-BB00-AF82-12DF17AE4E1E,2020-ncaa-d1-conf-CAA,ncaa,1,1,5,1,9,1,1,4,2,7,8,3,1,1,1,1,3,6,4,6,4,4,6,2,2,2,1,1,8,2,1,1,1,1,1,7,9,2,3,4,9,5,1,1,,,2,1,,,1,9,6,8,1,1,3,5,8,1,1,3,6,6,4,4,2,1,1,6,2,7,1,,2,,,1,2,1,6,1,1,4,1,4,4,2,4,3,5,1,4,4,3,2,1,1,1,10,9,7,3,1,3,1,2,1,1,5,9,8,4,3,2,1,1,,,6,6,,,1,2,1,1,1,2,1,7,1,6,5,5,3,5,4,5,3,4,4,2,2,9,3,1,,5,,,b'\x11\xe8\xe1I\xc8\x9d\xbb\x00\xaf\x82\x12\xdf\x17\xaeN\x1e'
11E8E149-C89D-BB00-AF82-12DF17AE4E1E,2020-ncaa-d1-natl,ncaa,21,10,257,17,302,113,162,209,101,251,290,112,45,71,54,55,119,157,102,152,61,205,254,71,66,60,42,49,161,58,18,89,107,50,25,302,341,64,97,216,178,138,13,8,,,69,130,,,16,307,252,273,57,101,130,223,273,33,51,89,123,120,114,151,34,31,14,287,108,158,10,,107,,,13,9,7,65,5,8,103,5,81,88,85,151,112,153,40,148,207,67,49,7,8,12,296,234,281,156,107,23,18,43,25,7,88,225,173,43,24,36,14,42,,,167,107,,,16,43,33,13,12,14,8,114,10,153,104,133,152,192,192,121,114,199,50,77,13,201,37,21,,113,,,b'\x11\xe8\xe1I\xc8\x9d\xbb\x00\xaf\x82\x12\xdf\x17\xaeN\x1e'
11E8E149-C89D-BB00-AF82-12DF17AE4E1E,2021-ncaa-d0-natl,ncaa,90,143,89,117,106,92,85,89,114,87,90,124,87,90,111,154,89,139,18,136,196,95,81,114,93,123,139,151,162,39,32,64,175,50,36,186,330,294,217,276,251,317,157,255,,,254,187,,,139,99,128,87,88,93,90,102,145,107,119,96,181,180,101,63,47,59,31,263,256,311,212,,217,,,142,268,260,274,109,266,290,92,220,228,173,115,267,246,305,249,128,280,253,95,107,217,160,143,210,277,175,164,32,213,36,187,57,223,318,247,217,128,118,62,,,122,233,,,139,236,97,234,147,235,226,295,237,299,170,168,242,209,216,301,238,250,52,107,115,308,163,68,,169,,,b'\x11\xe8\xe1I\xc8\x9d\xbb\x00\xaf\x82\x12\xdf\x17\xaeN\x1e'
11E8E149-C89D-BB00-AF82-12DF17AE4E1E,2021-ncaa-d1-conf-CAA,ncaa,3,5,2,3,2,2,2,2,2,2,3,4,3,3,1,6,2,5,1,4,6,2,2,2,1,2,3,3,5,2,3,2,1,2,2,4,8,8,6,7,7,9,3,8,,,9,6,,,2,2,6,1,3,3,4,4,5,2,5,4,5,5,4,4,3,1,2,7,6,9,8,,5,,,2,9,9,9,2,8,9,2,6,7,6,5,8,7,9,8,3,9,9,2,5,7,7,5,6,4,1,7,3,6,2,6,3,7,10,9,7,6,8,4,,,3,7,,,2,9,2,5,3,7,6,8,6,9,5,6,7,4,5,8,5,3,1,1,3,10,5,5,,6,,,b'\x11\xe8\xe1I\xc8\x9d\xbb\x00\xaf\x82\x12\xdf\x17\xaeN\x1e'
11E8E149-C89D-BB00-AF82-12DF17AE4E1E,2021-ncaa-d1-natl,ncaa,98,143,105,122,124,101,96,102,116,95,103,127,96,101,111,152,101,147,18,146,200,107,95,114,95,127,135,152,158,47,34,77,179,57,39,203,329,287,223,284,261,320,173,259,,,243,190,,,146,117,134,84,90,98,97,109,146,111,123,99,182,181,105,67,51,63,32,270,260,314,216,,218,,,148,255,252,267,122,260,287,97,211,218,184,112,259,242,306,243,129,271,239,99,116,229,155,140,212,271,179,150,34,195,39,172,57,237,321,255,207,131,115,64,,,135,234,,,146,219,107,244,154,244,235,296,243,303,176,167,248,210,217,302,240,254,53,110,117,311,167,68,,170,,,b'\x11\xe8\xe1I\xc8\x9d\xbb\x00\xaf\x82\x12\xdf\x17\xaeN\x1e'
11E8E149-C89D-BB00-AF82-12DF17AE4E1E,2022-ncaa-d0-natl,ncaa,174,180,163,185,173,180,203,170,256,191,170,232,215,187,274,200,56,67,99,68,52,155,161,258,218,196,139,234,25,96,85,109,112,90,84,322,353,178,163,320,299,312,239,276,,,176,192,,,196,185,194,104,179,232,185,200,163,229,182,42,55,53,137,133,77,69,46,349,185,310,248,,185,,,196,180,193,214,141,205,243,130,135,141,167,118,179,152,299,151,114,207,173,137,140,212,118,129,180,165,112,168,85,152,84,229,247,291,301,305,114,110,98,102,,,60,28,,,196,171,179,202,198,189,200,241,220,278,146,131,177,145,147,229,170,173,171,171,248,303,129,98,,28,,,b'\x11\xe8\xe1I\xc8\x9d\xbb\x00\xaf\x82\x12\xdf\x17\xaeN\x1e'
11E8E149-C89D-BB00-AF82-12DF17AE4E1E,2022-ncaa-d1-conf-CAA,ncaa,4,4,10,4,10,7,9,9,5,9,8,8,6,8,2,6,4,4,5,4,2,8,10,6,4,5,1,5,1,5,3,5,1,5,2,10,9,2,5,6,10,10,8,8,,,1,6,,,5,10,7,7,5,6,6,8,8,5,6,2,3,3,5,5,4,3,3,8,5,10,7,,3,,,5,1,2,2,6,2,2,5,6,4,8,8,1,1,4,1,2,1,1,7,5,8,6,9,1,1,1,1,3,1,2,7,8,10,10,10,3,5,4,5,,,6,1,,,5,1,5,6,5,4,5,6,4,6,8,9,2,3,3,5,2,1,2,1,7,10,4,5,,2,,,b'\x11\xe8\xe1I\xc8\x9d\xbb\x00\xaf\x82\x12\xdf\x17\xaeN\x1e'
11E8E149-C89D-BB00-AF82-12DF17AE4E1E,2022-ncaa-d1-natl,ncaa,199,180,213,200,226,213,242,220,272,230,201,250,234,208,285,200,67,81,98,80,46,198,213,276,231,212,129,235,18,116,94,138,118,123,90,340,353,149,173,326,322,318,256,282,,,140,201,,,218,239,199,101,200,248,197,212,175,234,187,40,56,53,150,140,82,72,52,353,182,317,257,,187,,,218,147,166,173,157,186,217,143,123,111,183,117,158,126,304,125,114,157,119,149,159,231,115,132,180,140,118,127,94,118,90,218,251,314,309,310,94,116,88,108,,,81,20,,,218,114,188,228,218,197,209,245,233,281,149,134,190,152,151,232,163,174,178,175,249,312,135,103,,26,,,b'\x11\xe8\xe1I\xc8\x9d\xbb\x00\xaf\x82\x12\xdf\x17\xaeN\x1e'
11E8E149-C89D-BB00-AF82-12DF17AE4E1E,2023-ncaa-d0-natl,ncaa,33,34,46,35,63,69,88,70,165,104,113,136,99,70,200,126,33,34,165,33,44,54,63,155,141,112,105,165,77,49,74,17,20,23,22,156,294,148,64,151,277,326,168,207,,,304,252,,,60,79,175,258,88,125,103,156,197,125,102,43,47,45,82,128,69,12,14,224,77,324,204,,234,,,61,223,188,308,18,135,283,23,241,307,60,228,280,278,169,287,235,318,282,22,28,76,288,225,278,175,20,268,74,254,22,57,34,260,334,161,5,3,101,66,,,44,70,,,60,288,75,63,57,84,60,249,59,187,169,253,224,225,240,261,151,96,157,123,25,332,3,54,,84,,,b'\x11\xe8\xe1I\xc8\x9d\xbb\x00\xaf\x82\x12\xdf\x17\xaeN\x1e'
11E8E149-C89D-BB00-AF82-12DF17AE4E1E,2023-ncaa-d1-conf-Sun Belt,ncaa,1,1,1,1,3,3,5,4,7,7,9,3,3,3,8,4,3,2,5,2,2,4,5,5,4,3,4,6,5,5,5,1,1,2,3,5,9,2,3,4,12,12,4,6,,,7,3,,,2,4,10,11,5,7,7,8,9,5,4,5,5,5,6,9,7,1,3,8,2,13,6,,3,,,2,7,6,13,1,5,10,1,11,12,8,10,2,2,12,2,2,11,8,3,1,5,10,12,3,3,1,8,5,8,3,4,4,12,12,9,1,1,6,5,,,4,5,,,2,11,3,5,3,4,6,9,4,5,11,11,2,1,1,8,3,3,5,4,4,13,1,4,,8,,,b'\x11\xe8\xe1I\xc8\x9d\xbb\x00\xaf\x82\x12\xdf\x17\xaeN\x1e'
11E8E149-C89D-BB00-AF82-12DF17AE4E1E,2023-ncaa-d1-natl,ncaa,28,34,33,35,47,59,84,56,165,104,106,144,96,71,182,131,27,29,159,28,41,45,53,159,140,108,105,163,70,47,80,12,14,14,15,178,299,150,71,156,281,331,176,217,,,311,274,,,52,64,182,266,91,135,118,170,200,127,110,42,47,46,89,137,76,11,14,240,79,326,210,,247,,,57,217,177,317,16,131,287,23,237,305,59,228,278,280,157,291,242,323,294,20,29,85,293,219,280,148,14,265,80,245,15,51,36,272,335,173,4,3,99,72,,,35,68,,,52,302,76,67,55,82,52,230,56,165,167,251,227,228,243,249,139,75,147,111,25,332,3,59,,83,,,b'\x11\xe8\xe1I\xc8\x9d\xbb\x00\xaf\x82\x12\xdf\x17\xaeN\x1e'
11E8E149-C89D-BB00-AF82-12DF17AE4E1E,2023-ncaa-d1-ncaatournament,ncaa,36,2,36,36,38,41,45,50,35,40,44,22,62,59,56,49,37,30,56,30,7,43,37,44,39,50,43,61,9,43,35,37,11,36,11,68,68,32,61,68,65,66,59,64,,,36,68,,,45,37,2,7,25,34,37,19,30,57,44,8,2,3,19,4,23,3,6,68,66,65,59,,68,,,47,21,13,21,27,21,22,49,2,15,3,19,43,42,40,42,65,31,26,16,34,52,21,2,66,11,11,11,35,7,11,19,53,67,67,67,21,52,12,32,,,35,5,,,45,30,51,42,49,55,40,49,55,51,3,30,68,67,67,64,54,27,37,28,51,67,53,27,,2,,,b'\x11\xe8\xe1I\xc8\x9d\xbb\x00\xaf\x82\x12\xdf\x17\xaeN\x1e'
11E8E149-C89D-BB00-AF82-12DF17AE4E1E,2024-ncaa-d0-natl,ncaa,65,82,29,78,42,50,43,23,119,32,19,143,142,143,170,262,55,29,300,29,161,20,12,144,159,164,263,260,171,13,24,6,38,6,9,107,294,335,170,223,312,350,169,257,,,319,185,,,106,18,47,147,65,55,34,41,42,195,208,89,55,54,32,15,13,1,2,154,264,346,208,,248,,,109,329,307,349,18,271,342,24,315,349,48,255,315,307,259,307,161,352,343,24,26,150,279,243,237,295,38,304,24,319,9,207,70,292,353,297,313,173,233,71,,,39,216,,,106,343,118,137,110,238,209,350,168,318,272,338,256,237,235,349,295,215,184,199,119,346,250,160,,93,,,b'\x11\xe8\xe1I\xc8\x9d\xbb\x00\xaf\x82\x12\xdf\x17\xaeN\x1e'
11E8E149-C89D-BB00-AF82-12DF17AE4E1E,2024-ncaa-d1-conf-Sun Belt,ncaa,3,3,2,3,3,4,3,5,2,2,3,2,4,9,3,11,3,2,11,2,6,4,3,2,3,4,11,10,7,4,2,1,2,2,2,4,9,14,9,6,14,14,5,6,,,8,3,,,3,5,7,3,3,3,7,2,3,5,9,4,2,2,6,5,4,2,2,4,9,14,6,,4,,,3,8,8,14,1,8,11,1,10,14,1,9,9,4,13,4,4,13,10,1,1,4,8,8,7,10,2,4,2,6,2,6,6,13,14,13,12,10,9,5,,,3,7,,,3,11,3,5,3,6,5,13,6,9,9,13,5,4,4,13,10,9,2,5,4,14,11,8,,4,,,b'\x11\xe8\xe1I\xc8\x9d\xbb\x00\xaf\x82\x12\xdf\x17\xaeN\x1e'
11E8E149-C89D-BB00-AF82-12DF17AE4E1E,2024-ncaa-d1-natl,ncaa,57,83,16,75,27,41,29,19,113,17,12,131,160,150,195,273,52,31,302,31,163,15,12,149,160,163,288,276,170,8,19,4,37,3,6,108,308,338,168,222,309,351,169,256,,,320,170,,,99,17,46,149,66,47,34,32,32,212,218,88,54,51,27,17,13,1,2,167,261,346,213,,231,,,102,329,305,355,13,274,348,17,320,353,42,260,313,306,259,300,149,355,345,17,24,137,280,244,232,294,37,305,19,316,6,210,80,301,354,290,310,170,229,76,,,38,219,,,99,345,106,128,110,233,203,353,163,317,267,341,248,228,227,350,296,213,172,191,117,349,239,164,,99,,,b'\x11\xe8\xe1I\xc8\x9d\xbb\x00\xaf\x82\x12\xdf\x17\xaeN\x1e'
11E8E149-C89D-BB00-AF82-12DF17AE4E1E,2025-ncaa-d0-natl,genius_ncaa,8,18,12,18,12,28,31,23,95,18,11,80,162,118,249,274,8,9,106,9,108,15,14,134,108,88,276,306,74,37,127,3,38,7,37,133,349,263,58,169,95,217,161,246,,,288,61,,303,52,11,58,66,50,58,54,34,62,240,217,27,30,30,35,62,103,3,5,229,89,180,239,,109,,213,58,332,314,353,12,260,324,44,332,360,18,333,306,290,279,292,164,355,353,18,19,64,305,295,207,313,38,349,127,341,37,176,39,94,268,109,169,34,322,139,,,15,114,,94,52,353,82,53,62,136,114,320,72,162,262,351,175,147,147,316,294,189,215,213,43,222,68,237,,65,,165,b'\x11\xe8\xe1I\xc8\x9d\xbb\x00\xaf\x82\x12\xdf\x17\xaeN\x1e'
11E8E149-C89D-BB00-AF82-12DF17AE4E1E,2025-ncaa-d1-conf-Sun Belt,genius_ncaa,1,1,4,1,5,2,2,8,1,3,5,1,9,8,11,10,1,1,2,2,4,6,7,1,1,1,11,13,2,6,4,2,2,2,2,7,13,3,3,7,9,12,9,8,,,3,1,,8,1,7,5,8,2,2,6,2,6,9,8,1,1,1,6,6,8,2,2,6,3,10,8,,1,,8,1,3,2,10,1,2,5,2,6,12,1,11,5,4,7,4,6,10,8,1,1,1,9,9,9,7,2,2,4,3,2,1,1,10,12,4,2,2,3,3,,,2,3,,6,1,8,1,1,1,1,2,11,2,6,6,12,4,4,4,12,9,4,1,2,1,13,2,3,,1,,7,b'\x11\xe8\xe1I\xc8\x9d\xbb\x00\xaf\x82\x12\xdf\x17\xaeN\x1e'
11E8E149-C89D-BB00-AF82-12DF17AE4E1E,2025-ncaa-d1-natl,genius_ncaa,10,18,15,18,17,34,38,24,98,20,11,84,180,133,254,276,11,12,104,12,101,15,15,142,115,94,273,306,68,45,140,3,42,7,39,153,350,234,59,180,109,229,189,251,,,270,64,,297,56,12,60,65,55,63,58,37,66,244,222,29,31,32,40,65,118,3,6,249,91,194,246,,109,,221,65,324,302,352,14,242,316,49,329,358,20,333,290,278,286,280,168,355,351,20,23,72,303,295,202,298,42,345,140,336,39,160,41,113,282,120,150,36,315,150,,,21,105,,104,56,352,86,67,68,148,122,325,79,167,266,351,180,149,152,317,293,190,222,219,49,238,68,244,,64,,163,b'\x11\xe8\xe1I\xc8\x9d\xbb\x00\xaf\x82\x12\xdf\x17\xaeN\x1e'
11E8E149-C89D-BB00-AF82-12DF17AE4E1E,2026-ncaa-d0-natl,genius_ncaa,35,80,9,68,20,37,29,11,105,22,21,88,83,44,237,183,90,82,210,72,261,15,17,118,136,113,298,224,282,33,151,12,44,13,78,62,255,274,74,108,45,93,22,44,,,289,91,,333,59,18,82,97,74,46,37,43,76,162,124,201,195,186,53,73,108,30,28,115,98,97,36,,105,,280,69,314,308,338,65,267,343,31,326,298,295,149,273,298,70,299,152,344,340,88,73,93,270,282,164,266,44,350,151,329,78,304,221,60,185,162,319,161,282,130,,,49,244,,140,59,345,110,82,84,114,107,208,81,241,240,145,137,163,165,207,202,102,236,172,151,171,188,173,,194,,229,b'\x11\xe8\xe1I\xc8\x9d\xbb\x00\xaf\x82\x12\xdf\x17\xaeN\x1e'
11E8E149-C89D-BB00-AF82-12DF17AE4E1E,2026-ncaa-d1-natl,genius_ncaa,38,80,13,79,35,45,35,18,124,25,34,103,110,63,249,181,121,116,204,105,264,25,30,139,163,133,297,223,278,53,183,15,52,17,101,79,271,224,83,132,60,121,27,47,,,251,101,,321,92,30,98,100,98,64,53,56,85,179,132,215,206,194,67,96,130,34,38,150,108,125,39,,116,,287,105,294,282,327,87,229,334,40,320,272,314,148,241,276,84,278,158,331,317,115,103,132,270,280,154,234,52,336,183,315,101,287,225,99,223,210,295,173,265,152,,,76,233,,162,92,331,131,115,116,147,141,217,99,255,255,143,145,170,178,219,195,109,250,195,183,206,195,191,,190,,225,b'\x11\xe8\xe1I\xc8\x9d\xbb\x00\xaf\x82\x12\xdf\x17\xaeN\x1e'
11E8E149-C8A2-269A-AF82-12DF17AE4E1E,2010-ncaa-d0-natl,ncaa,125,174,50,159,64,60,46,114,15,25,44,19,251,300,88,314,118,143,84,141,277,114,104,33,29,41,324,310,231,172,106,57,186,93,81,69,201,213,167,98,295,330,72,130,,,239,156,,,132,95,212,146,80,45,213,17,75,289,319,163,197,195,223,237,241,101,180,82,145,325,89,,152,,,133,315,324,307,214,327,331,165,171,139,269,45,210,216,150,223,78,307,272,183,169,256,57,95,109,293,186,78,106,163,81,47,1,238,314,135,161,118,266,175,,,121,181,,,132,261,54,274,119,238,279,276,296,322,122,74,148,159,162,264,180,243,15,54,23,310,100,222,,224,,,b'\x11\xe8\xe1I\xc8\xa2&\x9a\xaf\x82\x12\xdf\x17\xaeN\x1e'
11E8E149-C8A2-269A-AF82-12DF17AE4E1E,2010-ncaa-d1-conf-Big 12,ncaa,9,8,8,9,9,8,7,11,3,6,7,2,11,11,10,11,8,8,4,8,11,11,9,5,5,9,11,11,6,9,3,7,10,7,8,7,3,10,12,11,12,12,4,4,,,6,6,,,9,9,9,3,8,6,11,2,6,11,11,7,8,8,10,9,8,6,6,6,12,12,4,,7,,,9,7,7,8,7,10,10,6,4,3,6,2,6,7,4,7,7,7,5,6,6,7,4,3,6,12,10,2,3,2,8,3,1,11,12,10,10,11,6,7,,,8,6,,,9,4,9,10,9,9,11,10,11,12,5,4,8,8,8,11,9,12,2,6,5,10,11,6,,8,,,b'\x11\xe8\xe1I\xc8\xa2&\x9a\xaf\x82\x12\xdf\x17\xaeN\x1e'
11E8E149-C8A2-269A-AF82-12DF17AE4E1E,2010-ncaa-d1-natl,ncaa,132,174,53,162,70,64,47,125,15,25,45,20,259,302,87,315,125,150,84,149,279,128,117,34,29,43,324,310,229,187,108,64,188,104,87,73,204,201,168,99,307,333,74,132,,,224,153,,,139,106,214,146,82,47,215,18,74,289,318,162,197,196,225,239,245,105,185,83,144,328,92,,153,,,140,310,321,307,220,324,330,170,165,124,272,45,198,203,149,213,78,305,263,190,175,268,56,96,108,290,188,58,108,148,87,40,1,252,317,145,148,124,262,180,,,134,182,,,139,250,56,284,127,243,289,277,303,322,123,74,149,162,165,265,178,245,15,57,23,310,103,225,,225,,,b'\x11\xe8\xe1I\xc8\xa2&\x9a\xaf\x82\x12\xdf\x17\xaeN\x1e'
11E8E149-C8A2-269A-AF82-12DF17AE4E1E,2011-ncaa-d0-natl,ncaa,71,111,26,98,26,35,25,73,7,13,31,12,251,280,121,316,54,36,209,36,158,60,63,25,27,30,332,323,181,194,228,25,130,62,118,19,87,180,95,24,177,256,76,169,,,192,63,,,71,45,189,19,51,31,202,15,70,302,318,93,78,78,165,224,284,51,168,28,77,248,109,,69,,,79,308,338,329,198,342,342,179,113,140,111,32,85,87,129,88,7,319,302,145,99,174,7,51,22,304,130,218,228,274,118,167,9,185,295,188,251,186,310,202,,,59,137,,,71,298,41,181,77,176,289,306,315,332,68,61,34,35,36,257,209,219,64,120,84,283,162,268,,163,,,b'\x11\xe8\xe1I\xc8\xa2&\x9a\xaf\x82\x12\xdf\x17\xaeN\x1e'
11E8E149-C8A2-269A-AF82-12DF17AE4E1E,2011-ncaa-d1-conf-Big 12,ncaa,8,8,3,8,3,6,5,9,3,3,6,3,11,12,7,10,7,7,7,7,7,7,7,4,5,6,12,10,8,12,12,7,11,11,12,3,1,11,11,3,7,8,7,9,,,8,4,,,8,5,6,2,6,5,11,3,6,12,11,7,7,7,10,10,12,10,11,3,9,6,8,,6,,,8,11,11,10,12,11,11,11,3,2,6,1,3,4,4,4,1,9,8,9,7,8,1,2,2,11,11,6,12,10,12,8,2,7,8,7,11,11,8,7,,,9,9,,,8,8,7,10,8,9,11,10,11,11,4,2,4,4,4,11,8,12,6,9,7,7,11,7,,9,,,b'\x11\xe8\xe1I\xc8\xa2&\x9a\xaf\x82\x12\xdf\x17\xaeN\x1e'
11E8E149-C8A2-269A-AF82-12DF17AE4E1E,2011-ncaa-d1-natl,ncaa,76,110,28,103,28,37,26,82,7,13,36,12,254,286,123,316,61,41,206,40,161,70,75,24,27,30,330,322,176,214,234,26,136,74,120,21,89,161,95,28,199,259,78,171,,,173,62,,,78,53,194,18,53,33,205,15,70,300,318,93,80,81,169,229,288,54,175,28,78,251,111,,70,,,85,300,336,326,208,342,342,186,101,126,114,32,74,75,130,74,7,319,297,150,103,185,7,49,21,297,136,203,234,258,120,157,8,206,301,195,240,193,307,212,,,73,137,,,78,290,42,196,83,182,292,308,322,334,68,61,34,38,40,260,210,221,67,123,87,289,164,272,,163,,,b'\x11\xe8\xe1I\xc8\xa2&\x9a\xaf\x82\x12\xdf\x17\xaeN\x1e'
11E8E149-C8A2-269A-AF82-12DF17AE4E1E,2012-ncaa-d0-natl,ncaa,73,107,22,92,25,35,10,42,9,8,16,17,233,278,55,315,203,209,187,200,335,51,58,16,30,28,341,304,334,174,193,62,160,106,149,29,224,184,87,34,141,208,43,122,,,223,83,,,75,38,165,83,51,12,102,6,23,273,310,279,287,287,148,202,265,192,243,42,80,213,69,,97,,,82,310,334,324,256,341,340,222,44,35,151,5,179,176,181,164,17,319,306,192,178,211,4,9,72,256,160,204,193,232,149,197,14,129,229,155,264,193,218,50,,,190,311,,,75,304,46,200,92,203,273,244,319,335,16,9,104,96,86,217,181,154,66,81,94,231,182,143,,307,,,b'\x11\xe8\xe1I\xc8\xa2&\x9a\xaf\x82\x12\xdf\x17\xaeN\x1e'
11E8E149-C8A2-269A-AF82-12DF17AE4E1E,2012-ncaa-d1-conf-Big 12,ncaa,6,6,7,6,7,5,3,7,3,3,4,3,8,9,2,8,10,9,6,9,10,7,8,2,4,5,8,8,10,7,6,10,10,9,8,3,8,2,6,3,8,7,6,6,,,3,3,,,5,9,7,1,5,3,5,3,4,8,8,9,9,9,7,7,7,8,9,3,6,7,6,,3,,,5,5,9,6,10,10,10,8,1,1,9,1,3,3,4,3,2,3,2,10,10,9,1,1,1,5,10,3,6,3,8,2,1,7,5,7,5,8,3,3,,,9,9,,,5,2,5,9,6,7,10,6,10,10,1,1,4,3,3,5,6,6,4,4,4,7,6,5,,9,,,b'\x11\xe8\xe1I\xc8\xa2&\x9a\xaf\x82\x12\xdf\x17\xaeN\x1e'
11E8E149-C8A2-269A-AF82-12DF17AE4E1E,2012-ncaa-d1-natl,ncaa,81,107,23,95,29,37,11,45,9,8,18,18,244,284,57,315,224,222,187,216,334,57,69,18,30,29,341,303,334,194,198,74,163,122,152,32,229,159,89,37,159,215,48,127,,,207,88,,,81,40,169,82,57,12,107,6,24,273,310,285,290,289,156,207,270,201,248,45,80,219,69,,100,,,88,305,333,322,258,341,340,225,38,28,156,5,168,162,188,148,17,316,300,195,184,216,4,9,71,238,163,186,198,209,152,185,15,147,238,161,252,197,207,54,,,205,310,,,81,301,49,208,97,210,274,249,322,335,16,9,104,97,85,219,175,159,66,83,96,240,187,144,,309,,,b'\x11\xe8\xe1I\xc8\xa2&\x9a\xaf\x82\x12\xdf\x17\xaeN\x1e'
11E8E149-C8A2-269A-AF82-12DF17AE4E1E,2012-ncaa-d1-ncaatournament,ncaa,9,2,9,9,10,14,9,9,15,8,9,12,20,12,42,41,32,27,60,27,55,11,14,19,33,21,62,44,61,13,42,10,33,11,40,16,54,45,6,15,23,52,16,43,,,52,29,,,19,15,35,5,28,3,8,3,10,38,35,57,48,48,19,37,39,26,32,37,6,51,40,,29,,,20,51,51,54,13,54,51,36,29,54,3,40,60,56,61,53,33,54,51,9,18,27,20,7,50,53,33,56,42,54,40,46,16,18,47,28,33,8,37,18,,,17,45,,,19,50,21,27,21,22,20,42,41,36,6,43,50,38,32,45,34,40,40,44,14,46,8,21,,48,,,b'\x11\xe8\xe1I\xc8\xa2&\x9a\xaf\x82\x12\xdf\x17\xaeN\x1e'
11E8E149-C8A2-269A-AF82-12DF17AE4E1E,2013-ncaa-d0-natl,ncaa,96,126,41,119,45,40,32,69,24,29,56,22,126,150,104,206,97,93,152,94,196,61,69,39,42,45,253,216,243,154,166,62,192,88,146,19,62,200,111,36,174,247,75,138,,,243,119,,,132,53,128,79,36,28,117,32,108,157,191,140,144,150,122,156,227,108,167,17,124,225,89,,159,,,135,330,333,316,279,339,329,245,183,153,245,47,268,265,169,264,101,318,293,241,240,286,38,71,131,293,192,208,166,262,146,242,47,212,313,256,251,175,253,167,,,130,253,,,132,288,53,292,139,290,304,310,318,325,135,90,217,215,213,305,231,237,95,151,178,286,181,209,,228,,,b'\x11\xe8\xe1I\xc8\xa2&\x9a\xaf\x82\x12\xdf\x17\xaeN\x1e'
11E8E149-C8A2-269A-AF82-12DF17AE4E1E,2013-ncaa-d1-conf-Big 12,ncaa,6,7,3,7,3,4,2,4,2,3,3,3,6,5,7,7,5,4,6,4,5,3,2,3,4,4,7,7,4,7,7,4,4,6,6,3,3,8,8,2,6,6,4,7,,,9,7,,,7,2,2,1,3,2,6,3,5,6,6,5,4,4,4,2,7,4,6,3,8,6,5,,9,,,7,10,9,8,8,9,10,7,4,4,8,2,9,9,7,9,6,9,8,7,8,9,2,3,8,7,4,7,7,7,6,6,2,7,9,6,9,8,3,3,,,5,6,,,7,9,5,8,7,10,9,9,9,10,4,4,9,9,9,9,9,8,6,7,6,8,8,3,,6,,,b'\x11\xe8\xe1I\xc8\xa2&\x9a\xaf\x82\x12\xdf\x17\xaeN\x1e'
11E8E149-C8A2-269A-AF82-12DF17AE4E1E,2013-ncaa-d1-natl,ncaa,94,126,27,115,29,28,17,47,22,21,39,18,127,150,103,213,80,82,150,83,199,49,43,32,39,43,270,227,246,121,147,52,189,68,136,15,68,224,113,38,156,236,63,136,,,254,116,,,126,34,123,81,33,24,110,24,98,174,197,132,139,144,116,138,207,110,158,17,134,215,87,,157,,,127,333,338,326,285,342,341,241,202,161,283,46,279,277,148,276,105,331,316,253,243,289,47,81,128,301,189,217,147,277,136,256,49,194,303,249,268,179,251,153,,,111,251,,,126,310,46,292,132,291,306,308,317,325,152,89,215,216,216,302,236,235,85,139,185,276,192,199,,228,,,b'\x11\xe8\xe1I\xc8\xa2&\x9a\xaf\x82\x12\xdf\x17\xaeN\x1e'
11E8E149-C8A2-269A-AF82-12DF17AE4E1E,2013-ncaa-d1-ncaatournament,ncaa,9,2,9,9,9,13,10,9,15,9,9,18,18,22,16,55,20,22,18,20,55,11,12,19,22,25,61,47,49,13,27,14,55,15,40,9,33,55,35,21,18,53,8,21,,,53,28,,,36,12,29,7,21,7,18,7,8,45,54,44,45,44,30,31,33,24,31,10,37,47,8,,28,,,27,55,55,56,24,58,60,16,39,38,39,5,57,57,17,56,29,55,55,20,21,23,21,16,42,58,55,54,27,55,40,55,26,15,53,44,57,47,59,47,,,14,39,,,36,53,22,41,29,44,44,58,46,63,15,7,42,47,43,57,53,61,22,46,32,46,44,51,,36,,,b'\x11\xe8\xe1I\xc8\xa2&\x9a\xaf\x82\x12\xdf\x17\xaeN\x1e'
11E8E149-C8A2-269A-AF82-12DF17AE4E1E,2014-ncaa-d0-natl,ncaa,197,246,85,228,108,139,125,200,52,114,171,73,180,215,71,204,165,162,146,165,182,197,162,68,73,119,209,192,205,271,252,130,232,200,208,133,158,273,275,201,204,232,60,100,,,213,176,,,193,123,190,216,185,165,291,146,218,193,239,208,210,213,283,263,303,183,267,159,236,228,63,,175,,,192,251,275,275,206,313,327,124,81,39,292,14,179,166,202,171,59,264,238,152,145,204,27,44,137,267,232,114,252,188,208,132,30,215,275,194,227,233,325,328,,,208,230,,,193,226,169,221,193,203,249,252,290,337,54,24,152,150,152,236,183,232,69,129,102,267,197,328,,278,,,b'\x11\xe8\xe1I\xc8\xa2&\x9a\xaf\x82\x12\xdf\x17\xaeN\x1e'
11E8E149-C8A2-269A-AF82-12DF17AE4E1E,2014-ncaa-d1-conf-Big 12,ncaa,8,8,3,8,4,7,5,5,3,5,5,5,6,7,1,6,7,7,6,7,7,6,5,3,5,5,6,6,9,7,5,4,8,5,7,4,5,9,9,7,7,9,4,6,,,7,6,,,8,4,4,6,7,5,9,5,5,5,6,7,7,7,8,6,8,5,6,3,9,7,4,,7,,,8,9,9,10,7,10,10,6,1,1,5,1,7,7,4,7,1,10,8,4,5,7,1,1,5,10,8,4,5,9,7,5,2,8,10,8,9,9,6,5,,,7,10,,,8,6,7,7,8,7,8,10,9,10,1,1,6,7,7,10,9,10,2,8,6,10,9,6,,8,,,b'\x11\xe8\xe1I\xc8\xa2&\x9a\xaf\x82\x12\xdf\x17\xaeN\x1e'
11E8E149-C8A2-269A-AF82-12DF17AE4E1E,2014-ncaa-d1-natl,ncaa,211,244,100,232,126,160,147,227,53,130,188,75,185,222,74,204,186,183,149,188,185,226,190,68,75,123,208,192,201,284,258,158,236,230,215,147,163,256,277,206,218,235,67,103,,,197,177,,,204,153,192,219,192,175,293,151,220,194,239,210,215,215,285,264,307,191,271,172,240,232,65,,175,,,204,229,265,258,214,310,326,131,69,27,294,14,174,159,207,164,59,245,211,158,147,213,25,43,137,255,236,93,258,166,215,121,30,237,278,202,215,231,322,329,,,231,232,,,204,199,179,234,204,207,253,255,297,338,55,26,154,151,153,244,182,239,70,131,106,271,197,328,,280,,,b'\x11\xe8\xe1I\xc8\xa2&\x9a\xaf\x82\x12\xdf\x17\xaeN\x1e'
11E8E149-C8A2-269A-AF82-12DF17AE4E1E,2015-ncaa-d0-natl,ncaa,162,209,79,195,94,135,147,242,58,202,272,65,81,130,32,91,135,176,51,187,91,237,193,39,29,90,71,81,171,295,255,92,176,181,165,73,29,302,309,157,269,294,40,76,,,208,180,,,145,147,268,222,183,215,329,263,321,95,138,172,246,249,329,307,313,131,273,83,256,296,47,,145,,,145,182,189,266,84,261,324,30,42,13,315,3,236,228,251,223,82,266,220,55,72,149,63,30,243,253,176,78,255,147,165,31,9,257,293,127,310,316,309,340,,,181,176,,,145,198,131,159,147,120,124,194,222,330,22,7,201,181,171,196,105,218,35,72,28,299,275,299,,264,,,b'\x11\xe8\xe1I\xc8\xa2&\x9a\xaf\x82\x12\xdf\x17\xaeN\x1e'
11E8E149-C8A2-269A-AF82-12DF17AE4E1E,2015-ncaa-d1-conf-Big 12,ncaa,9,9,7,9,9,8,7,10,4,7,9,2,4,5,4,2,7,9,3,9,4,10,10,4,3,5,5,4,7,10,7,7,8,7,7,5,3,9,10,7,9,9,4,5,,,5,6,,,8,9,7,8,6,6,10,7,9,4,5,6,8,9,10,10,10,7,7,4,10,9,4,,6,,,8,4,6,4,8,9,10,3,1,1,10,1,5,5,2,5,4,5,3,6,7,9,2,1,5,9,8,1,7,1,7,1,1,9,9,5,9,10,7,8,,,10,7,,,8,1,6,9,9,8,8,7,9,10,1,1,6,8,7,8,7,9,2,4,2,9,10,7,,9,,,b'\x11\xe8\xe1I\xc8\xa2&\x9a\xaf\x82\x12\xdf\x17\xaeN\x1e'
11E8E149-C8A2-269A-AF82-12DF17AE4E1E,2015-ncaa-d1-natl,ncaa,180,207,97,202,118,166,180,275,60,229,305,72,98,137,35,91,155,206,49,214,90,273,243,44,30,96,67,77,166,310,264,115,184,217,175,84,29,286,314,165,285,301,47,78,,,188,182,,,163,188,269,217,196,224,329,269,322,97,140,172,248,252,330,311,316,137,280,89,258,301,46,,146,,,163,153,169,237,95,250,321,31,35,5,315,3,222,213,252,209,82,242,179,55,75,160,61,32,241,233,184,55,264,116,175,27,10,280,297,143,302,319,306,341,,,213,167,,,163,154,140,180,166,124,134,195,237,329,24,8,205,185,177,196,105,224,36,75,29,304,275,300,,263,,,b'\x11\xe8\xe1I\xc8\xa2&\x9a\xaf\x82\x12\xdf\x17\xaeN\x1e'
11E8E149-C8A2-269A-AF82-12DF17AE4E1E,2016-ncaa-d0-natl,ncaa,308,327,114,315,148,286,279,224,302,310,264,309,128,125,172,77,323,320,231,320,292,258,223,278,292,317,91,49,290,273,294,271,171,284,304,262,192,295,319,309,186,170,131,137,,,270,303,,,326,184,239,212,328,320,283,328,293,138,130,334,330,329,317,282,290,310,330,293,284,191,145,,264,,,321,237,244,115,326,278,189,306,112,52,305,50,243,236,205,239,231,130,145,315,318,292,90,78,223,72,171,266,294,190,304,212,161,149,126,188,270,286,340,349,,,297,307,,,326,169,329,269,322,220,223,63,261,154,107,36,240,231,234,71,77,63,251,161,193,170,244,343,,326,,,b'\x11\xe8\xe1I\xc8\xa2&\x9a\xaf\x82\x12\xdf\x17\xaeN\x1e'
11E8E149-C8A2-269A-AF82-12DF17AE4E1E,2016-ncaa-d1-conf-Big 12,ncaa,10,10,3,10,5,10,10,9,10,10,9,10,5,5,5,3,10,10,5,10,10,10,7,9,9,10,3,1,10,7,8,10,10,10,10,9,4,10,10,10,7,8,7,7,,,9,10,,,10,7,8,5,10,10,10,10,9,5,5,10,10,10,10,10,9,10,10,9,10,7,7,,9,,,10,9,8,3,10,9,6,8,2,1,6,1,10,10,8,10,8,3,4,9,9,8,1,1,10,6,10,8,8,8,10,6,6,3,3,6,9,9,10,10,,,10,10,,,10,4,10,8,10,7,7,1,8,5,2,1,10,9,9,3,2,5,7,7,6,3,8,8,,10,,,b'\x11\xe8\xe1I\xc8\xa2&\x9a\xaf\x82\x12\xdf\x17\xaeN\x1e'
11E8E149-C8A2-269A-AF82-12DF17AE4E1E,2016-ncaa-d1-natl,ncaa,317,327,142,322,179,314,306,264,307,325,289,315,135,135,171,75,329,328,229,327,290,295,257,283,295,321,88,50,287,293,298,302,182,316,309,289,200,285,323,315,214,184,147,144,,,256,306,,,329,231,243,199,332,327,287,332,299,141,130,335,331,329,322,288,297,317,334,304,287,207,150,,267,,,325,217,226,75,333,263,153,312,98,38,313,49,232,220,213,222,237,89,100,320,325,302,89,74,222,53,182,247,298,158,309,197,162,180,135,198,248,287,339,349,,,316,307,,,329,125,331,281,325,227,230,64,269,161,108,37,245,232,234,74,75,66,255,165,201,180,246,343,,324,,,b'\x11\xe8\xe1I\xc8\xa2&\x9a\xaf\x82\x12\xdf\x17\xaeN\x1e'
11E8E149-C8A2-269A-AF82-12DF17AE4E1E,2017-ncaa-d0-natl,ncaa,284,300,168,296,170,216,234,78,341,293,159,342,88,44,231,72,216,179,295,178,188,86,102,324,328,304,30,38,201,124,271,246,301,195,333,256,247,147,93,237,61,73,177,205,,,320,302,,,310,104,34,9,223,249,22,305,152,71,33,217,169,166,24,33,92,261,180,270,169,50,169,,336,,,306,295,260,177,319,303,250,297,84,45,250,21,331,342,45,341,325,234,273,296,302,240,95,29,301,278,301,344,271,341,333,187,96,57,66,83,161,112,349,349,,,173,259,,,310,262,300,247,298,318,292,204,320,299,91,45,334,343,343,293,334,289,348,346,203,35,168,349,,154,,,b'\x11\xe8\xe1I\xc8\xa2&\x9a\xaf\x82\x12\xdf\x17\xaeN\x1e'
11E8E149-C8A2-269A-AF82-12DF17AE4E1E,2017-ncaa-d1-conf-Big 12,ncaa,10,10,7,10,8,10,10,4,10,10,8,10,3,1,10,2,10,8,10,8,8,5,7,10,10,10,1,1,7,5,8,10,10,10,10,10,8,3,5,10,1,1,10,10,,,9,9,,,10,9,3,4,10,10,3,10,7,3,1,9,8,8,3,4,3,10,10,10,5,1,10,,9,,,10,8,5,1,10,8,2,10,1,1,9,1,10,10,5,10,10,2,5,10,10,8,2,1,10,10,10,10,8,10,10,6,6,1,1,2,5,5,10,10,,,8,8,,,10,3,10,10,10,9,8,1,9,5,1,1,10,10,10,5,8,10,10,10,6,1,5,10,,7,,,b'\x11\xe8\xe1I\xc8\xa2&\x9a\xaf\x82\x12\xdf\x17\xaeN\x1e'
11E8E149-C8A2-269A-AF82-12DF17AE4E1E,2017-ncaa-d1-natl,ncaa,300,299,217,303,219,251,273,95,343,316,194,343,102,57,234,74,248,210,292,211,196,112,133,325,329,308,29,38,196,147,276,286,308,235,335,281,248,123,97,244,75,81,191,214,,,312,304,,,314,131,37,8,229,256,24,315,155,72,33,221,175,172,25,34,99,269,200,277,171,55,174,,335,,,312,283,244,133,327,297,233,304,62,32,258,19,327,342,48,341,323,202,253,305,311,252,88,24,301,254,308,343,276,338,335,170,97,73,77,96,138,114,349,349,,,204,254,,,314,243,306,260,306,324,298,206,324,301,93,45,337,343,343,293,336,291,348,346,209,38,171,349,,157,,,b'\x11\xe8\xe1I\xc8\xa2&\x9a\xaf\x82\x12\xdf\x17\xaeN\x1e'
11E8E149-C8A2-269A-AF82-12DF17AE4E1E,2018-ncaa-d0-natl,ncaa,222,224,164,228,172,217,224,207,246,236,233,217,180,138,258,128,171,113,308,100,44,195,210,240,256,236,128,149,110,198,223,145,189,171,217,258,264,114,151,231,250,260,195,169,,,209,229,,,248,206,212,54,234,239,205,246,228,180,126,154,98,87,169,193,189,127,145,275,135,251,195,,231,,,245,193,133,181,103,91,93,147,268,290,164,306,265,262,191,261,299,198,151,153,177,237,319,280,257,197,189,225,223,224,217,186,211,265,275,253,114,136,332,336,,,136,80,,,248,144,229,243,244,219,162,212,92,80,284,309,276,274,273,243,179,214,250,250,187,263,134,338,,106,,,b'\x11\xe8\xe1I\xc8\xa2&\x9a\xaf\x82\x12\xdf\x17\xaeN\x1e'
11E8E149-C8A2-269A-AF82-12DF17AE4E1E,2018-ncaa-d1-conf-Big 12,ncaa,9,9,7,9,8,9,10,9,10,10,9,10,6,4,9,3,9,6,9,6,1,9,10,10,9,9,2,4,4,9,8,10,7,10,9,10,9,4,8,9,8,7,10,8,,,6,9,,,9,10,10,2,9,10,9,9,9,6,3,7,6,6,9,8,8,9,9,10,6,7,10,,8,,,9,7,4,1,7,4,1,9,8,6,7,8,10,10,9,10,10,2,1,7,10,9,9,8,10,6,7,8,8,7,9,6,8,9,9,9,5,8,9,10,,,8,4,,,9,1,9,9,9,8,6,4,5,2,9,8,10,10,10,6,3,6,9,9,7,9,6,9,,8,,,b'\x11\xe8\xe1I\xc8\xa2&\x9a\xaf\x82\x12\xdf\x17\xaeN\x1e'
11E8E149-C8A2-269A-AF82-12DF17AE4E1E,2018-ncaa-d1-natl,ncaa,231,223,213,233,225,257,270,253,257,263,258,223,199,161,258,123,198,141,307,134,46,242,262,249,265,242,121,149,107,229,233,186,201,215,226,292,268,93,154,237,268,268,211,175,,,186,233,,,259,265,221,49,244,262,213,252,232,182,129,158,101,91,181,208,197,134,159,286,137,258,202,,234,,,258,164,111,133,118,67,61,156,254,277,169,303,252,248,195,247,303,153,93,165,186,251,319,277,259,171,201,201,233,197,226,167,217,289,280,258,99,141,329,341,,,177,79,,,259,85,239,259,261,232,173,213,103,85,283,308,283,275,274,245,179,224,254,256,192,272,136,339,,106,,,b'\x11\xe8\xe1I\xc8\xa2&\x9a\xaf\x82\x12\xdf\x17\xaeN\x1e'
11E8E149-C8A2-269A-AF82-12DF17AE4E1E,2019-ncaa-d0-natl,ncaa,200,224,114,217,148,157,167,129,239,212,190,233,101,102,161,113,139,145,178,139,118,123,143,203,198,175,79,101,150,161,213,260,275,217,280,252,311,121,104,211,117,112,171,183,,,333,335,,,200,146,163,193,165,191,134,255,223,100,93,145,149,146,136,170,165,311,268,281,108,117,170,,331,,,199,230,176,124,253,270,222,250,31,37,101,15,336,327,289,330,300,180,212,211,253,204,90,13,329,238,275,273,213,266,280,167,147,93,85,100,60,67,303,299,,,138,138,,,200,206,167,217,201,206,159,68,258,223,24,22,324,315,316,133,196,218,262,253,150,91,63,298,,142,,,b'\x11\xe8\xe1I\xc8\xa2&\x9a\xaf\x82\x12\xdf\x17\xaeN\x1e'
11E8E149-C8A2-269A-AF82-12DF17AE4E1E,2019-ncaa-d1-conf-Big 12,ncaa,10,10,3,10,3,9,8,4,10,8,5,9,4,3,9,3,9,9,3,9,8,4,5,10,10,10,4,3,6,4,7,10,5,9,10,10,10,6,5,9,6,6,8,7,,,10,10,,,10,5,5,1,10,10,5,9,6,6,3,9,9,9,7,5,6,10,10,10,6,6,8,,10,,,10,8,7,3,10,8,6,10,1,1,8,1,10,10,9,10,10,3,5,10,10,10,3,1,10,2,5,10,7,7,10,7,7,3,2,6,4,4,9,9,,,8,8,,,10,6,10,8,10,8,8,1,8,5,1,1,10,10,10,2,3,3,9,6,7,3,4,9,,8,,,b'\x11\xe8\xe1I\xc8\xa2&\x9a\xaf\x82\x12\xdf\x17\xaeN\x1e'
11E8E149-C8A2-269A-AF82-12DF17AE4E1E,2019-ncaa-d1-natl,ncaa,201,224,107,221,118,149,165,128,234,216,183,242,97,99,140,114,139,147,164,145,123,122,137,204,195,172,77,98,152,164,219,262,287,225,286,255,318,133,115,218,134,147,161,175,,,334,334,,,212,139,165,116,156,190,136,248,218,95,99,145,154,145,137,164,169,309,274,284,118,151,168,,330,,,211,255,210,137,268,275,231,268,34,37,128,20,337,325,285,326,302,202,222,235,273,228,100,15,328,243,287,280,219,280,286,175,136,94,99,117,67,76,306,304,,,133,136,,,212,214,166,239,211,230,186,80,267,222,34,27,326,318,319,154,209,230,263,260,155,94,74,304,,144,,,b'\x11\xe8\xe1I\xc8\xa2&\x9a\xaf\x82\x12\xdf\x17\xaeN\x1e'
11E8E149-C8A2-269A-AF82-12DF17AE4E1E,2020-ncaa-d0-natl,ncaa,163,150,191,161,218,113,95,125,102,96,143,88,139,141,156,164,197,97,327,95,129,107,106,105,144,152,213,170,258,194,254,129,175,152,238,160,255,201,164,181,118,140,197,221,,,197,141,,,189,86,31,116,78,66,65,81,117,135,125,179,85,84,51,48,185,95,113,148,210,113,198,,225,,,189,262,268,245,227,268,257,211,200,167,226,121,222,226,196,213,157,247,259,222,226,220,140,138,180,220,175,304,254,290,238,265,215,123,156,204,242,210,349,348,,,151,200,,,189,266,168,215,188,290,288,295,293,294,209,186,239,237,229,296,317,235,319,304,281,105,247,350,,125,,,b'\x11\xe8\xe1I\xc8\xa2&\x9a\xaf\x82\x12\xdf\x17\xaeN\x1e'
11E8E149-C8A2-269A-AF82-12DF17AE4E1E,2020-ncaa-d1-conf-Big 12,ncaa,10,10,1,10,4,8,9,9,8,8,7,8,5,5,5,4,8,6,10,6,4,8,4,6,8,9,5,5,7,8,9,9,7,9,9,10,10,9,8,10,4,5,7,8,,,8,6,,,10,3,3,4,8,9,9,8,7,5,5,8,6,6,8,4,8,9,9,10,9,4,7,,8,,,10,8,8,6,8,8,7,8,6,3,8,1,10,10,9,10,9,8,8,8,8,8,6,2,9,6,7,10,9,9,9,7,5,6,7,7,7,8,10,9,,,10,9,,,10,8,9,8,10,8,8,6,8,7,6,3,10,10,10,8,8,6,10,9,7,6,7,10,,10,,,b'\x11\xe8\xe1I\xc8\xa2&\x9a\xaf\x82\x12\xdf\x17\xaeN\x1e'
11E8E149-C8A2-269A-AF82-12DF17AE4E1E,2020-ncaa-d1-natl,ncaa,177,150,257,165,276,144,121,159,104,121,175,96,157,155,162,166,221,118,326,114,133,144,146,110,152,157,211,170,251,217,261,159,183,197,245,190,260,186,170,187,140,151,207,224,,,163,144,,,203,122,33,103,88,72,71,85,122,140,130,186,88,88,57,53,194,100,127,160,217,124,201,,230,,,203,248,254,218,237,257,236,221,187,148,239,120,209,205,198,195,160,208,221,230,232,235,137,136,182,201,183,285,261,273,245,254,216,153,163,218,228,213,348,348,,,184,196,,,203,231,182,241,207,296,294,296,301,297,211,186,243,239,233,299,313,239,321,307,283,113,249,350,,129,,,b'\x11\xe8\xe1I\xc8\xa2&\x9a\xaf\x82\x12\xdf\x17\xaeN\x1e'
11E8E149-C8A2-269A-AF82-12DF17AE4E1E,2021-ncaa-d0-natl,ncaa,225,318,59,277,64,61,74,63,174,77,56,179,90,76,163,174,23,33,47,35,102,49,47,168,132,113,111,188,52,71,189,60,259,64,226,102,228,245,100,147,122,236,45,102,,,319,248,,,217,52,50,89,83,112,74,117,127,128,126,23,49,54,55,65,134,99,97,171,145,196,70,,292,,,205,321,312,308,212,306,310,176,278,267,236,130,314,304,204,303,184,312,305,200,214,255,165,154,194,327,259,304,189,320,226,316,216,123,266,281,183,67,327,267,,,73,187,,,217,295,122,277,197,305,296,316,288,303,235,210,275,269,265,324,319,299,257,303,284,211,86,300,,127,,,b'\x11\xe8\xe1I\xc8\xa2&\x9a\xaf\x82\x12\xdf\x17\xaeN\x1e'
11E8E149-C8A2-269A-AF82-12DF17AE4E1E,2021-ncaa-d1-conf-Big 12,ncaa,10,9,7,10,7,7,9,6,8,7,6,9,6,4,8,5,4,4,4,4,4,6,6,8,8,8,5,5,1,5,5,8,10,8,9,10,10,3,5,10,6,7,6,6,,,9,9,,,8,8,4,1,6,7,5,6,6,4,4,2,3,3,4,2,3,8,6,10,6,6,5,,10,,,8,8,7,4,6,7,4,7,8,8,6,7,9,9,4,9,10,8,7,7,6,6,6,5,7,10,10,7,5,10,9,6,7,6,6,6,2,2,7,8,,,6,6,,,8,5,6,9,8,9,7,9,8,8,8,9,9,10,10,9,10,10,8,10,7,6,4,7,,5,,,b'\x11\xe8\xe1I\xc8\xa2&\x9a\xaf\x82\x12\xdf\x17\xaeN\x1e'
11E8E149-C8A2-269A-AF82-12DF17AE4E1E,2021-ncaa-d1-natl,ncaa,230,317,70,282,74,70,86,73,182,84,68,185,97,83,164,176,27,41,47,42,96,58,62,178,135,117,109,186,52,78,194,71,268,74,234,114,230,233,100,150,138,241,47,103,,,310,249,,,228,59,51,86,85,115,76,121,128,131,129,25,53,58,58,69,139,104,104,179,145,204,70,,295,,,218,317,308,305,222,304,306,181,273,253,242,128,303,297,204,297,185,308,298,215,223,267,161,153,197,323,268,294,194,313,234,314,219,140,269,287,173,67,326,272,,,84,185,,,228,288,128,288,208,310,298,317,290,307,240,207,279,272,270,327,318,302,258,306,290,219,87,304,,127,,,b'\x11\xe8\xe1I\xc8\xa2&\x9a\xaf\x82\x12\xdf\x17\xaeN\x1e'
11E8E149-C8A2-269A-AF82-12DF17AE4E1E,2022-ncaa-d0-natl,ncaa,67,67,79,72,95,57,72,112,44,54,74,73,163,225,51,277,10,16,53,14,42,93,70,58,35,67,180,266,33,220,265,33,159,70,146,124,266,310,221,214,108,196,5,6,,,265,96,,,69,51,23,236,41,71,182,51,108,196,258,7,23,24,117,70,273,21,73,164,266,140,6,,197,,,69,277,262,328,34,166,274,27,332,339,179,301,191,197,178,191,103,326,316,55,53,77,305,331,115,327,159,260,265,306,146,303,289,107,225,227,297,220,280,195,,,69,146,,,69,304,96,94,77,201,189,337,110,240,324,334,135,130,123,328,323,287,196,243,270,147,246,251,,100,,,b'\x11\xe8\xe1I\xc8\xa2&\x9a\xaf\x82\x12\xdf\x17\xaeN\x1e'
11E8E149-C8A2-269A-AF82-12DF17AE4E1E,2022-ncaa-d1-conf-Big 12,ncaa,5,5,7,5,8,5,7,7,6,6,6,6,5,8,6,7,1,2,4,2,2,7,6,5,5,6,5,7,1,5,5,4,7,2,5,10,9,7,8,10,5,6,1,1,,,3,3,,,5,6,2,5,4,7,7,5,5,5,8,1,1,1,5,3,4,1,1,9,8,5,1,,5,,,5,3,3,8,1,1,5,1,9,10,5,10,4,3,5,3,3,7,7,2,1,3,9,10,3,9,7,4,5,6,5,8,9,7,7,7,6,7,3,3,,,6,7,,,5,6,6,4,5,6,6,9,3,7,9,10,4,3,3,9,9,9,5,6,9,7,7,4,,6,,,b'\x11\xe8\xe1I\xc8\xa2&\x9a\xaf\x82\x12\xdf\x17\xaeN\x1e'
11E8E149-C8A2-269A-AF82-12DF17AE4E1E,2022-ncaa-d1-natl,ncaa,74,67,100,76,125,65,87,137,47,68,90,80,183,245,54,274,14,21,52,21,40,111,92,65,36,74,177,265,29,246,268,39,164,84,154,155,274,297,226,222,128,209,5,7,,,242,98,,,85,65,27,230,46,81,195,60,112,202,261,10,22,23,126,78,283,25,82,176,270,157,6,,202,,,85,254,238,322,39,149,266,30,327,332,197,300,171,173,193,159,103,321,309,65,61,94,302,332,115,317,164,237,268,287,154,295,292,133,237,242,286,227,273,209,,,91,143,,,85,292,108,108,90,212,203,340,121,242,324,335,142,129,124,331,323,292,196,247,278,165,249,260,,99,,,b'\x11\xe8\xe1I\xc8\xa2&\x9a\xaf\x82\x12\xdf\x17\xaeN\x1e'
11E8E149-C8A2-269A-AF82-12DF17AE4E1E,2022-ncaa-d1-ncaatournament,ncaa,17,2,17,17,18,21,18,27,9,18,20,20,28,38,10,58,28,31,31,31,54,28,26,11,13,15,54,49,50,34,48,33,24,32,35,29,57,45,42,44,40,56,15,10,,,44,43,,,34,20,23,5,15,8,34,10,14,38,57,36,46,46,39,35,51,44,51,37,40,57,14,,36,,,29,48,48,42,54,46,38,45,58,49,61,60,16,8,54,7,4,37,36,56,53,51,49,62,2,31,24,40,48,37,35,52,28,23,24,40,49,46,51,49,,,28,49,,,34,41,28,48,41,44,47,30,32,17,61,53,4,3,3,15,20,14,29,17,46,29,45,56,,46,,,b'\x11\xe8\xe1I\xc8\xa2&\x9a\xaf\x82\x12\xdf\x17\xaeN\x1e'
11E8E149-C8A2-269A-AF82-12DF17AE4E1E,2023-ncaa-d0-natl,ncaa,33,74,10,58,10,22,18,21,61,13,15,69,112,107,143,243,17,34,52,33,172,19,14,90,75,74,262,262,137,39,102,5,49,6,35,65,288,307,100,141,56,150,11,15,,,253,46,,,32,14,104,90,50,46,70,33,73,192,207,67,107,103,68,89,114,10,15,151,146,146,17,,77,,,39,326,330,356,29,266,338,32,354,356,133,318,153,205,30,200,64,355,350,45,31,58,291,337,42,330,49,335,102,340,35,297,159,98,271,210,326,185,325,191,,,46,258,,,32,349,60,54,45,107,134,321,65,192,307,332,39,69,67,284,250,193,129,148,145,237,210,259,,200,,,b'\x11\xe8\xe1I\xc8\xa2&\x9a\xaf\x82\x12\xdf\x17\xaeN\x1e'
11E8E149-C8A2-269A-AF82-12DF17AE4E1E,2023-ncaa-d1-conf-Big 12,ncaa,7,7,7,7,10,5,5,7,4,3,3,4,8,9,5,9,8,8,8,8,8,9,8,4,4,4,9,9,6,3,3,3,4,4,3,7,6,5,7,6,8,8,2,2,,,1,3,,,4,10,5,8,4,4,7,3,2,7,9,6,7,7,6,4,3,3,3,5,6,8,2,,3,,,4,4,3,5,3,2,6,2,7,5,6,6,1,3,2,1,4,5,1,4,3,5,7,10,4,4,4,1,3,1,3,5,8,9,8,7,7,9,1,2,,,10,9,,,4,1,5,5,4,5,3,7,2,7,7,6,2,5,4,7,3,7,2,4,7,8,8,4,,10,,,b'\x11\xe8\xe1I\xc8\xa2&\x9a\xaf\x82\x12\xdf\x17\xaeN\x1e'
11E8E149-C8A2-269A-AF82-12DF17AE4E1E,2023-ncaa-d1-natl,ncaa,37,74,11,63,11,23,20,21,63,14,17,76,127,127,145,244,21,39,52,37,169,19,16,97,82,78,260,263,131,45,108,5,53,7,37,74,293,290,105,147,72,163,11,15,,,232,47,,,33,15,112,90,50,51,80,36,75,197,211,69,103,101,73,92,118,10,15,158,150,157,18,,79,,,41,319,327,356,33,244,335,37,353,356,141,320,134,186,34,183,68,354,349,52,33,67,295,336,38,321,53,322,108,331,37,285,163,127,284,226,321,189,318,200,,,55,258,,,33,348,67,70,47,118,148,324,72,193,309,332,43,73,72,287,248,199,138,151,156,250,216,264,,199,,,b'\x11\xe8\xe1I\xc8\xa2&\x9a\xaf\x82\x12\xdf\x17\xaeN\x1e'
11E8E149-C8A2-269A-AF82-12DF17AE4E1E,2024-ncaa-d0-natl,ncaa,86,111,52,105,69,89,100,148,55,72,113,74,178,224,91,253,38,35,166,35,60,120,138,77,66,57,216,254,70,270,297,96,205,148,234,224,343,88,73,182,160,197,56,73,,,266,214,,,107,112,232,230,115,126,271,92,186,216,268,53,49,50,231,293,314,141,247,291,46,202,63,,197,,,107,255,252,283,131,236,279,87,272,239,263,178,206,187,257,190,125,273,270,146,152,175,225,238,159,279,205,258,297,277,234,266,219,172,230,232,26,19,331,303,,,55,29,,,107,249,73,206,104,169,165,210,141,204,216,181,153,138,137,192,154,228,159,191,187,240,15,314,,82,,,b'\x11\xe8\xe1I\xc8\xa2&\x9a\xaf\x82\x12\xdf\x17\xaeN\x1e'
11E8E149-C8A2-269A-AF82-12DF17AE4E1E,2024-ncaa-d1-conf-Big 12,ncaa,7,7,2,7,5,6,6,8,3,3,4,6,11,12,8,13,4,4,8,3,4,8,9,8,3,3,13,12,4,11,12,9,11,7,10,12,14,2,3,10,8,9,3,3,,,9,8,,,7,7,12,7,7,8,12,3,5,11,13,4,4,4,10,11,12,10,10,13,1,9,2,,9,,,7,8,8,12,6,9,12,7,7,9,9,9,8,8,10,8,7,12,9,5,6,6,7,7,6,14,11,8,12,13,10,11,10,9,10,9,1,1,12,11,,,4,3,,,7,8,4,7,7,5,5,9,8,10,6,8,7,7,7,9,6,14,7,12,10,9,1,12,,5,,,b'\x11\xe8\xe1I\xc8\xa2&\x9a\xaf\x82\x12\xdf\x17\xaeN\x1e'
11E8E149-C8A2-269A-AF82-12DF17AE4E1E,2024-ncaa-d1-natl,ncaa,108,112,78,114,100,108,122,185,59,94,146,82,203,247,92,257,50,50,168,50,58,153,191,84,70,62,214,255,55,303,306,122,220,195,248,259,349,66,76,199,193,219,61,75,,,247,224,,,131,146,239,225,124,142,283,105,195,225,275,55,50,50,242,298,320,151,264,306,45,222,68,,201,,,132,244,236,262,146,215,259,99,259,220,271,174,185,171,264,173,125,251,237,165,169,205,225,235,158,270,220,227,306,254,248,253,224,209,245,252,20,20,327,307,,,70,25,,,131,214,86,230,128,188,184,215,155,210,221,182,160,144,141,199,154,234,167,203,207,257,17,320,,82,,,b'\x11\xe8\xe1I\xc8\xa2&\x9a\xaf\x82\x12\xdf\x17\xaeN\x1e'
11E8E149-C8A2-269A-AF82-12DF17AE4E1E,2024-ncaa-d1-ncaatournament,ncaa,17,3,17,17,17,26,29,30,31,25,23,33,28,33,19,58,18,20,25,20,20,27,27,32,25,25,30,43,13,25,32,23,28,25,22,24,19,43,41,29,23,32,42,53,,,43,30,,,40,27,48,2,30,38,50,30,26,41,54,11,14,15,43,39,37,17,25,24,33,29,53,,35,,,37,48,45,47,24,36,40,8,59,54,52,58,26,30,11,29,24,45,44,38,31,31,59,66,12,43,28,38,32,40,22,54,54,27,44,47,37,34,49,50,,,25,24,,,40,50,32,34,32,45,37,56,12,35,66,58,15,21,20,52,46,36,23,26,51,37,31,48,,21,,,b'\x11\xe8\xe1I\xc8\xa2&\x9a\xaf\x82\x12\xdf\x17\xaeN\x1e'
11E8E149-C8A2-269A-AF82-12DF17AE4E1E,2025-ncaa-d0-natl,genius_ncaa,147,130,194,140,216,177,226,300,117,270,297,158,154,226,37,171,49,62,82,73,13,264,297,101,60,75,47,140,23,355,355,197,100,315,299,247,230,64,136,171,207,189,239,191,,,198,274,,360,179,229,225,192,145,235,336,270,297,135,206,28,35,45,294,323,355,171,331,244,80,199,229,,236,,359,180,182,174,131,255,91,65,248,310,271,327,317,106,151,15,154,253,124,119,305,275,277,310,326,92,71,100,211,355,151,299,254,300,246,208,287,33,88,186,287,,,70,2,,94,179,135,122,253,180,217,213,142,110,58,328,295,130,175,176,139,110,86,245,179,287,230,55,207,,27,,75,b'\x11\xe8\xe1I\xc8\xa2&\x9a\xaf\x82\x12\xdf\x17\xaeN\x1e'
11E8E149-C8A2-269A-AF82-12DF17AE4E1E,2025-ncaa-d1-conf-Big 12,genius_ncaa,11,11,11,11,13,14,14,16,9,14,15,10,13,15,10,11,4,4,4,6,3,16,16,10,6,6,5,12,2,16,16,12,8,16,15,13,10,4,11,10,10,8,13,10,,,6,11,,16,11,16,15,4,13,13,16,14,13,13,13,4,4,4,16,16,16,11,16,12,7,9,12,,8,,16,11,8,9,3,14,2,1,13,13,12,13,15,2,5,1,5,9,4,1,15,12,14,12,15,1,4,8,8,16,6,15,12,13,12,12,14,1,7,4,10,,,6,2,,9,11,1,10,12,12,11,12,7,4,2,14,14,4,7,7,6,2,8,11,10,12,12,2,6,,4,,7,b'\x11\xe8\xe1I\xc8\xa2&\x9a\xaf\x82\x12\xdf\x17\xaeN\x1e'
11E8E149-C8A2-269A-AF82-12DF17AE4E1E,2025-ncaa-d1-natl,genius_ncaa,161,130,244,148,272,207,266,327,125,289,322,170,169,240,36,176,57,73,84,86,12,307,328,108,66,79,46,138,19,357,356,237,109,335,311,272,235,48,144,182,239,201,253,201,,,175,277,,358,193,276,237,181,162,255,339,282,304,141,208,30,34,48,304,325,356,182,336,263,81,212,238,,239,,360,194,159,152,92,271,71,38,259,302,249,332,314,89,130,17,133,255,80,67,318,289,299,310,325,91,52,109,173,356,119,311,240,301,280,223,303,27,96,171,291,,,88,2,,104,193,86,129,270,197,228,228,146,120,59,334,293,136,182,181,141,107,90,252,186,292,242,54,214,,26,,72,b'\x11\xe8\xe1I\xc8\xa2&\x9a\xaf\x82\x12\xdf\x17\xaeN\x1e'
11E8E149-C8A2-269A-AF82-12DF17AE4E1E,2026-ncaa-d0-natl,genius_ncaa,35,39,49,45,55,73,76,140,26,69,129,32,111,166,72,225,57,60,136,72,92,124,125,38,26,47,220,222,141,271,319,77,186,131,203,67,119,240,165,97,166,250,88,118,,,344,306,,360,95,88,231,62,89,95,298,81,228,171,252,87,98,118,269,311,348,113,260,88,130,238,115,,300,,353,99,285,252,287,91,219,277,87,287,282,199,190,304,317,126,320,264,298,289,115,118,148,279,230,267,297,186,242,319,270,203,161,62,120,202,111,126,85,245,197,,,19,6,,19,95,286,75,151,94,164,119,186,95,166,205,201,233,260,263,215,200,217,118,150,63,188,62,176,,28,,48,b'\x11\xe8\xe1I\xc8\xa2&\x9a\xaf\x82\x12\xdf\x17\xaeN\x1e'
11E8E149-C8A2-269A-AF82-12DF17AE4E1E,2026-ncaa-d1-natl,genius_ncaa,38,39,85,47,89,106,111,212,29,95,182,41,145,223,78,229,86,91,131,105,89,186,188,41,30,53,204,220,121,331,335,109,200,203,244,93,130,188,187,118,235,290,112,137,,,324,312,,360,137,143,241,47,118,124,322,106,247,186,266,91,113,125,300,323,354,129,302,109,141,275,129,,310,,359,140,248,207,235,124,181,225,108,270,249,225,182,284,303,137,303,269,256,243,150,151,195,275,231,262,264,200,196,335,228,244,123,68,178,242,145,93,86,227,222,,,26,4,,26,137,235,96,200,129,196,157,193,123,177,231,207,250,272,276,227,193,228,138,166,73,225,61,198,,27,,39,b'\x11\xe8\xe1I\xc8\xa2&\x9a\xaf\x82\x12\xdf\x17\xaeN\x1e'
11E8E149-C8A7-0EE4-AF82-12DF17AE4E1E,2010-ncaa-d0-natl,ncaa,178,224,81,203,96,158,171,188,148,256,282,185,26,48,22,30,240,291,51,287,203,214,260,68,77,57,26,17,282,273,281,207,142,246,239,200,244,20,55,96,331,335,271,284,,,97,148,,,178,245,339,137,216,226,279,308,323,26,50,288,319,319,303,335,315,300,321,247,11,339,286,,52,,,177,208,246,160,305,292,197,329,53,123,23,127,153,103,335,104,94,147,95,265,281,324,29,42,131,86,142,163,281,135,239,44,13,312,305,213,19,41,171,262,,,269,226,,,178,102,79,318,177,139,198,69,267,121,35,83,126,80,80,45,8,44,106,64,32,332,17,145,,323,,,b'\x11\xe8\xe1I\xc8\xa7\x0e\xe4\xaf\x82\x12\xdf\x17\xaeN\x1e'
11E8E149-C8A7-0EE4-AF82-12DF17AE4E1E,2010-ncaa-d1-conf-Big 12,ncaa,8,8,4,8,5,10,9,8,11,10,10,11,3,4,3,3,11,11,9,11,8,8,10,9,10,8,3,3,11,11,11,9,6,9,9,10,11,4,5,8,9,7,11,11,,,5,7,,,8,10,11,7,11,11,10,11,10,3,4,12,11,11,11,12,12,10,10,11,3,8,10,,5,,,8,4,4,4,9,9,4,11,1,2,1,5,5,5,12,5,6,3,3,7,9,10,1,1,7,2,6,8,11,4,9,2,2,8,5,6,5,6,11,11,,,12,12,,,8,3,8,7,8,4,4,2,7,3,1,2,5,5,5,2,2,2,9,3,1,8,2,11,,12,,,b'\x11\xe8\xe1I\xc8\xa7\x0e\xe4\xaf\x82\x12\xdf\x17\xaeN\x1e'
11E8E149-C8A7-0EE4-AF82-12DF17AE4E1E,2010-ncaa-d1-natl,ncaa,189,223,91,206,105,170,184,203,154,276,305,189,28,51,22,29,253,303,50,302,199,227,281,71,81,59,25,16,282,288,282,232,147,266,246,209,249,16,54,97,336,337,277,286,,,79,146,,,185,266,338,137,219,229,279,310,323,26,50,287,321,321,304,336,315,301,323,253,11,340,287,,52,,,185,194,241,144,305,289,177,330,44,108,23,128,148,95,337,95,96,128,73,269,286,327,30,42,129,74,147,151,282,115,246,37,13,324,307,219,17,42,164,265,,,286,227,,,185,80,83,319,184,144,200,71,271,122,35,82,125,78,79,46,7,45,108,67,33,333,17,149,,325,,,b'\x11\xe8\xe1I\xc8\xa7\x0e\xe4\xaf\x82\x12\xdf\x17\xaeN\x1e'
11E8E149-C8A7-0EE4-AF82-12DF17AE4E1E,2011-ncaa-d0-natl,ncaa,71,60,77,67,82,158,124,140,117,156,208,95,79,75,130,64,303,297,267,295,301,171,212,96,138,116,159,72,332,183,194,192,149,193,184,155,212,55,77,86,190,172,241,254,,,197,250,,,90,220,327,67,210,163,225,202,273,91,87,333,328,329,270,315,238,264,282,184,32,224,270,,146,,,91,63,77,117,93,99,187,55,86,70,219,79,136,152,120,152,153,116,114,75,80,96,138,131,201,134,149,154,194,146,184,36,50,196,163,87,6,11,164,194,,,270,284,,,90,110,113,96,91,35,41,38,64,110,74,34,104,117,114,30,22,95,98,80,20,252,4,137,,326,,,b'\x11\xe8\xe1I\xc8\xa7\x0e\xe4\xaf\x82\x12\xdf\x17\xaeN\x1e'
11E8E149-C8A7-0EE4-AF82-12DF17AE4E1E,2011-ncaa-d1-conf-Big 12,ncaa,3,3,3,3,3,8,8,8,5,9,8,5,3,4,5,3,10,10,10,10,10,10,12,3,6,5,7,3,12,11,10,12,12,12,11,7,8,1,4,4,5,3,12,12,,,7,7,,,5,10,12,2,8,8,10,9,11,4,6,12,11,11,11,12,11,12,12,8,1,5,12,,5,,,5,2,3,2,4,3,5,3,5,1,9,4,6,6,3,6,7,3,4,3,3,5,6,5,7,9,12,3,10,4,11,2,5,6,5,5,1,1,3,4,,,10,10,,,5,2,5,6,5,3,4,2,4,4,5,1,6,5,5,2,2,9,4,6,3,6,1,1,,12,,,b'\x11\xe8\xe1I\xc8\xa7\x0e\xe4\xaf\x82\x12\xdf\x17\xaeN\x1e'
11E8E149-C8A7-0EE4-AF82-12DF17AE4E1E,2011-ncaa-d1-natl,ncaa,76,57,95,72,101,178,143,160,120,175,234,96,85,79,133,64,313,308,263,307,302,198,245,102,139,121,156,71,333,202,201,215,156,220,190,171,216,39,81,88,207,180,250,257,,,178,251,,,97,255,327,67,216,165,227,208,278,92,88,334,331,331,272,315,241,265,283,189,33,232,272,,145,,,101,45,63,94,94,87,160,60,76,60,220,77,128,145,122,146,147,87,81,79,86,105,138,130,202,116,156,135,201,120,190,26,49,221,170,90,3,11,152,200,,,287,283,,,97,78,118,104,97,37,45,39,68,112,73,33,106,117,115,30,22,95,100,82,20,258,4,144,,326,,,b'\x11\xe8\xe1I\xc8\xa7\x0e\xe4\xaf\x82\x12\xdf\x17\xaeN\x1e'
11E8E149-C8A7-0EE4-AF82-12DF17AE4E1E,2011-ncaa-d1-ncaatournament,ncaa,33,2,33,33,34,57,48,40,58,52,43,58,38,35,46,7,63,63,60,63,63,45,47,56,59,61,36,7,63,30,3,47,2,35,3,60,59,13,36,58,58,56,56,56,,,7,52,,,35,62,63,3,57,47,18,50,36,22,7,63,63,63,38,39,1,36,9,60,32,58,56,,18,,,37,1,1,2,23,1,1,22,15,16,39,45,18,12,60,12,51,1,1,30,40,39,60,45,57,1,2,5,3,1,3,3,31,47,21,19,3,12,28,50,,,60,61,,,35,1,51,15,41,3,1,2,2,1,24,22,40,26,26,1,1,1,20,2,4,41,8,47,,60,,,b'\x11\xe8\xe1I\xc8\xa7\x0e\xe4\xaf\x82\x12\xdf\x17\xaeN\x1e'
11E8E149-C8A7-0EE4-AF82-12DF17AE4E1E,2012-ncaa-d0-natl,ncaa,87,129,22,117,24,142,114,82,209,133,143,154,93,50,263,74,288,295,183,287,308,104,125,194,234,179,186,94,328,188,285,143,135,165,264,104,128,93,74,84,138,158,179,208,,,252,236,,,166,105,314,33,268,215,205,230,265,140,95,327,328,328,262,314,275,286,304,183,33,209,224,,133,,,166,201,200,207,179,238,236,213,91,149,53,117,229,214,234,219,180,215,232,147,162,147,91,65,232,165,135,321,285,297,264,161,129,118,131,122,59,54,255,237,,,263,312,,,166,238,194,141,166,65,75,40,129,77,51,68,145,128,131,36,30,59,225,149,72,210,25,190,,333,,,b'\x11\xe8\xe1I\xc8\xa7\x0e\xe4\xaf\x82\x12\xdf\x17\xaeN\x1e'
11E8E149-C8A7-0EE4-AF82-12DF17AE4E1E,2012-ncaa-d1-conf-Big 12,ncaa,4,4,3,4,3,8,6,8,5,7,8,4,3,3,9,3,9,10,4,10,8,8,9,6,7,6,6,3,9,9,10,9,6,10,10,6,4,3,7,4,5,5,9,9,,,4,5,,,9,8,9,3,9,6,8,7,8,3,4,10,10,10,8,10,9,9,10,7,4,6,9,,4,,,8,4,5,2,9,8,4,10,2,3,2,3,4,4,1,4,4,2,4,8,6,5,2,2,4,4,6,7,10,5,10,5,4,3,3,4,2,5,4,5,,,10,10,,,9,3,7,6,8,4,5,2,8,4,2,3,3,4,4,2,2,3,7,5,2,4,3,3,,10,,,b'\x11\xe8\xe1I\xc8\xa7\x0e\xe4\xaf\x82\x12\xdf\x17\xaeN\x1e'
11E8E149-C8A7-0EE4-AF82-12DF17AE4E1E,2012-ncaa-d1-natl,ncaa,90,129,23,119,26,165,132,89,216,147,164,163,101,61,267,74,298,303,182,300,309,119,145,201,239,181,181,92,327,212,292,159,141,192,270,120,130,82,77,88,157,162,186,211,,,243,241,,,177,128,315,34,271,224,213,239,273,142,97,329,329,329,266,314,280,287,306,196,32,216,227,,133,,,177,186,193,185,190,225,217,216,83,133,50,118,212,197,236,205,180,191,209,156,168,153,89,65,233,149,141,317,292,282,270,146,130,129,138,127,52,54,246,244,,,278,311,,,177,215,205,149,177,70,82,38,132,79,51,67,150,132,134,38,32,63,227,151,75,221,26,196,,332,,,b'\x11\xe8\xe1I\xc8\xa7\x0e\xe4\xaf\x82\x12\xdf\x17\xaeN\x1e'
11E8E149-C8A7-0EE4-AF82-12DF17AE4E1E,2012-ncaa-d1-ncaatournament,ncaa,17,2,17,17,17,32,32,30,54,32,31,48,26,14,53,11,36,40,28,40,49,31,31,53,52,55,27,20,42,29,46,30,54,30,54,27,33,42,48,48,31,46,19,27,,,29,4,,,64,32,57,5,58,57,48,54,50,34,15,50,56,56,54,57,40,53,53,42,35,46,23,,2,,,53,41,47,41,49,45,40,52,37,41,30,45,25,22,39,23,10,38,36,45,43,33,13,33,11,45,54,46,46,47,54,35,12,22,21,18,43,43,32,35,,,35,61,,,64,35,55,44,55,29,48,27,50,23,33,38,11,8,9,18,19,40,52,50,19,24,35,24,,60,,,b'\x11\xe8\xe1I\xc8\xa7\x0e\xe4\xaf\x82\x12\xdf\x17\xaeN\x1e'
11E8E149-C8A7-0EE4-AF82-12DF17AE4E1E,2013-ncaa-d0-natl,ncaa,96,216,4,159,4,45,57,14,231,235,296,97,1,1,173,1,237,267,102,264,136,26,31,103,135,100,3,1,336,111,278,117,155,109,290,82,179,182,62,97,52,101,325,340,,,253,103,,,191,17,297,44,181,202,149,336,340,5,1,328,336,335,220,284,265,329,324,208,42,155,339,,54,,,185,339,344,320,329,345,336,318,159,119,278,31,259,206,335,192,43,314,312,320,322,313,15,33,83,222,155,342,278,335,290,341,263,87,188,291,53,16,159,251,,,181,327,,,191,326,116,288,195,200,264,79,307,231,52,20,96,56,53,63,40,45,245,142,283,246,11,57,,338,,,b'\x11\xe8\xe1I\xc8\xa7\x0e\xe4\xaf\x82\x12\xdf\x17\xaeN\x1e'
11E8E149-C8A7-0EE4-AF82-12DF17AE4E1E,2013-ncaa-d1-conf-Big 12,ncaa,8,8,3,8,3,6,7,6,9,10,10,7,1,1,8,1,9,10,5,10,4,6,10,6,6,6,1,1,10,10,10,7,7,10,9,6,4,1,2,5,7,7,10,10,,,2,2,,,9,7,10,1,8,9,7,10,10,1,1,9,10,10,8,10,9,9,10,8,1,7,10,,2,,,9,8,10,6,10,10,8,10,2,1,10,1,2,2,10,2,2,6,3,10,10,10,1,2,2,4,7,10,10,8,9,9,7,10,10,10,1,1,2,6,,,8,8,,,9,4,7,10,9,8,10,6,10,8,2,1,2,2,2,5,1,2,9,8,9,10,1,2,,9,,,b'\x11\xe8\xe1I\xc8\xa7\x0e\xe4\xaf\x82\x12\xdf\x17\xaeN\x1e'
11E8E149-C8A7-0EE4-AF82-12DF17AE4E1E,2013-ncaa-d1-natl,ncaa,107,216,4,161,4,50,66,15,239,254,306,101,1,1,176,1,249,272,101,270,137,27,33,107,139,103,2,1,336,127,281,130,158,122,298,86,183,164,63,101,58,107,326,341,,,241,104,,,195,19,298,43,191,210,158,338,341,5,1,329,336,336,222,289,268,331,326,217,42,158,339,,54,,,190,339,344,315,331,345,335,321,147,105,279,32,247,192,335,180,44,311,308,323,325,315,15,34,85,210,158,341,281,334,298,340,262,100,194,298,46,17,155,255,,,205,327,,,195,322,121,294,200,210,266,80,308,230,54,19,100,59,55,64,39,46,246,148,286,251,11,60,,339,,,b'\x11\xe8\xe1I\xc8\xa7\x0e\xe4\xaf\x82\x12\xdf\x17\xaeN\x1e'
11E8E149-C8A7-0EE4-AF82-12DF17AE4E1E,2014-ncaa-d0-natl,ncaa,239,246,180,252,186,258,267,250,260,301,316,166,86,64,240,32,302,291,246,286,125,267,242,202,218,258,58,49,275,233,211,273,116,272,202,193,83,234,285,231,199,168,185,167,,,280,337,,,257,234,249,44,279,279,248,310,314,72,46,303,292,289,277,239,223,289,274,184,267,196,176,,316,,,257,142,78,53,229,120,109,204,72,46,231,72,310,284,324,282,306,81,87,205,280,260,222,68,325,40,116,134,211,79,202,88,145,201,154,141,166,227,180,312,,,222,154,,,257,111,266,222,259,183,109,36,167,129,79,50,314,301,300,85,81,51,182,107,111,193,202,203,,211,,,b'\x11\xe8\xe1I\xc8\xa7\x0e\xe4\xaf\x82\x12\xdf\x17\xaeN\x1e'
11E8E149-C8A7-0EE4-AF82-12DF17AE4E1E,2014-ncaa-d1-conf-Big 12,ncaa,9,8,7,9,9,8,8,8,8,9,9,7,3,2,9,2,9,9,7,9,4,9,8,7,8,8,2,2,10,5,6,9,5,9,8,7,4,6,8,5,6,5,10,8,,,6,9,,,9,9,8,4,8,8,6,9,9,2,2,9,9,8,7,7,5,8,8,7,7,5,9,,8,,,9,8,6,1,9,7,2,9,3,2,9,3,8,8,8,8,9,1,1,9,9,9,6,2,8,1,5,5,6,2,8,7,8,6,6,7,2,4,4,9,,,8,6,,,9,2,8,9,9,9,7,1,7,2,5,2,9,9,8,2,1,1,8,3,8,6,4,4,,7,,,b'\x11\xe8\xe1I\xc8\xa7\x0e\xe4\xaf\x82\x12\xdf\x17\xaeN\x1e'
11E8E149-C8A7-0EE4-AF82-12DF17AE4E1E,2014-ncaa-d1-natl,ncaa,252,244,211,254,218,281,283,274,265,315,325,168,93,71,239,32,310,302,245,298,127,290,276,201,224,265,58,49,274,246,219,293,118,289,212,215,84,217,286,238,211,177,194,167,,,263,340,,,265,271,254,39,281,282,251,313,315,73,48,305,294,291,279,243,229,291,281,193,269,196,180,,315,,,266,118,66,32,234,108,82,208,61,33,236,70,303,272,330,270,309,59,53,211,287,269,223,67,326,31,118,118,219,60,212,80,144,222,162,146,156,228,172,313,,,246,153,,,265,77,274,235,267,190,114,37,171,130,79,50,314,301,300,86,79,51,186,109,117,200,203,212,,215,,,b'\x11\xe8\xe1I\xc8\xa7\x0e\xe4\xaf\x82\x12\xdf\x17\xaeN\x1e'
11E8E149-C8A7-0EE4-AF82-12DF17AE4E1E,2015-ncaa-d0-natl,ncaa,116,131,79,128,86,189,211,201,222,227,246,166,146,106,232,94,156,82,335,80,27,168,176,189,218,204,111,123,127,209,245,261,250,260,293,134,62,146,160,134,7,2,36,12,,,29,14,,,150,166,301,135,271,281,298,285,312,158,123,199,96,98,273,297,257,329,320,162,107,6,40,,10,,,151,92,98,130,103,22,31,93,337,326,312,341,34,21,254,24,105,95,174,205,174,81,337,346,47,166,250,255,245,225,293,329,349,60,35,190,208,213,325,342,,,101,55,,,150,177,221,89,154,44,48,42,7,5,327,317,19,11,14,18,47,111,180,157,319,59,179,322,,142,,,b'\x11\xe8\xe1I\xc8\xa7\x0e\xe4\xaf\x82\x12\xdf\x17\xaeN\x1e'
11E8E149-C8A7-0EE4-AF82-12DF17AE4E1E,2015-ncaa-d1-conf-Big 12,ncaa,7,7,3,7,4,9,9,7,9,8,7,8,6,4,9,4,4,4,9,3,3,6,6,9,8,7,4,6,2,6,6,9,9,8,9,8,6,6,7,8,1,1,5,4,,,2,2,,,10,5,10,3,9,10,9,8,8,6,4,5,3,2,7,7,6,10,9,8,5,2,5,,2,,,10,8,7,2,9,2,1,9,10,10,9,10,3,4,7,4,5,2,5,9,9,8,9,10,3,8,9,10,6,10,9,9,10,1,2,8,3,4,10,10,,,4,2,,,10,4,9,8,10,7,6,2,2,1,10,10,3,3,3,1,2,7,9,8,9,3,3,10,,3,,,b'\x11\xe8\xe1I\xc8\xa7\x0e\xe4\xaf\x82\x12\xdf\x17\xaeN\x1e'
11E8E149-C8A7-0EE4-AF82-12DF17AE4E1E,2015-ncaa-d1-natl,ncaa,106,130,55,120,64,186,213,195,231,227,245,185,137,105,230,100,145,74,337,74,25,163,165,202,230,208,106,121,112,210,249,256,241,249,291,123,58,131,148,118,8,2,41,12,,,25,13,,,156,154,307,136,273,289,297,289,312,158,125,191,92,93,271,302,254,329,319,164,103,12,43,,9,,,159,96,100,140,111,16,27,74,339,328,332,342,31,22,254,23,103,88,182,222,183,94,343,347,36,161,241,270,249,241,291,337,349,56,41,209,203,200,322,337,,,88,54,,,156,187,220,97,162,44,47,41,6,5,333,316,15,11,11,17,45,95,187,153,321,70,163,311,,139,,,b'\x11\xe8\xe1I\xc8\xa7\x0e\xe4\xaf\x82\x12\xdf\x17\xaeN\x1e'
11E8E149-C8A7-0EE4-AF82-12DF17AE4E1E,2016-ncaa-d0-natl,ncaa,100,111,76,111,95,120,133,160,103,198,265,75,53,51,121,46,162,111,312,120,39,153,151,74,96,112,60,54,216,298,318,85,128,173,242,62,26,178,167,72,55,67,38,11,,,74,37,,,116,103,164,229,147,172,251,249,322,64,61,202,148,154,237,258,325,107,257,56,132,64,37,,39,,,119,168,133,247,43,41,60,87,335,345,105,346,151,133,214,127,216,234,246,90,89,86,342,341,148,223,128,276,318,271,242,326,349,90,124,242,295,288,235,293,,,124,105,,,116,246,164,86,120,108,82,170,13,13,316,342,111,112,103,150,170,160,216,194,308,127,252,208,,164,,,b'\x11\xe8\xe1I\xc8\xa7\x0e\xe4\xaf\x82\x12\xdf\x17\xaeN\x1e'
11E8E149-C8A7-0EE4-AF82-12DF17AE4E1E,2016-ncaa-d1-conf-Big 12,ncaa,6,6,7,6,9,7,8,10,7,8,10,5,4,2,6,1,6,4,7,4,1,9,10,6,6,7,2,3,3,10,10,8,6,9,7,7,3,3,8,4,4,2,6,4,,,2,3,,,7,9,7,5,7,7,9,8,10,3,2,6,4,4,9,9,10,8,9,5,3,2,6,,3,,,7,5,2,2,5,2,1,5,10,10,7,10,4,5,7,5,9,2,2,5,5,6,10,10,5,5,6,6,10,6,7,8,10,9,5,8,8,10,2,5,,,4,2,,,7,2,8,6,7,5,5,5,4,1,10,10,6,6,6,4,4,7,6,6,8,6,9,3,,4,,,b'\x11\xe8\xe1I\xc8\xa7\x0e\xe4\xaf\x82\x12\xdf\x17\xaeN\x1e'
11E8E149-C8A7-0EE4-AF82-12DF17AE4E1E,2016-ncaa-d1-natl,ncaa,114,111,99,122,118,148,156,198,113,230,291,83,62,64,122,47,173,131,312,140,37,189,188,81,100,118,56,55,211,316,323,109,135,209,252,71,26,153,170,77,66,73,39,11,,,59,38,,,131,135,165,223,159,189,255,257,325,63,62,206,149,155,245,260,329,113,269,59,130,71,37,,42,,,133,146,108,221,47,27,37,97,328,343,115,345,138,115,218,108,216,203,216,103,98,97,341,341,148,194,135,259,323,249,252,322,349,119,132,252,280,289,229,294,,,144,102,,,131,214,172,104,132,117,90,176,16,15,319,342,120,112,105,152,169,164,221,201,310,136,257,219,,164,,,b'\x11\xe8\xe1I\xc8\xa7\x0e\xe4\xaf\x82\x12\xdf\x17\xaeN\x1e'
11E8E149-C8A7-0EE4-AF82-12DF17AE4E1E,2016-ncaa-d1-ncaatournament,ncaa,17,2,17,17,17,32,31,28,43,28,26,39,38,27,52,43,32,23,55,23,28,26,29,50,49,52,52,50,26,26,48,30,57,29,54,21,9,41,42,28,20,32,15,9,,,47,47,,,49,28,48,1,54,51,48,40,34,52,45,45,30,30,46,46,44,44,46,22,36,25,6,,51,,,39,35,35,38,9,39,39,18,18,36,2,20,55,55,23,54,55,43,45,5,11,9,33,9,62,52,57,48,48,50,54,32,33,19,29,15,34,32,61,60,,,22,19,,,49,37,54,18,38,15,7,23,23,30,3,22,58,59,59,38,48,62,47,55,15,23,25,60,,32,,,b'\x11\xe8\xe1I\xc8\xa7\x0e\xe4\xaf\x82\x12\xdf\x17\xaeN\x1e'
11E8E149-C8A7-0EE4-AF82-12DF17AE4E1E,2017-ncaa-d0-natl,ncaa,41,75,24,72,33,58,68,75,78,67,85,95,122,143,96,198,38,17,226,18,34,58,53,84,83,85,170,197,87,121,131,65,162,71,118,45,66,228,134,89,76,117,48,63,,,87,24,,,92,50,191,239,107,134,229,134,193,172,202,62,44,44,188,214,200,151,178,82,130,122,68,,23,,,95,273,280,311,94,207,258,98,318,326,186,305,89,73,227,70,53,300,305,124,95,112,245,314,43,286,162,212,131,246,118,341,341,87,173,267,301,239,290,232,,,19,28,,,92,302,87,118,94,116,152,223,91,119,276,297,46,35,35,160,150,169,65,93,312,173,232,233,,51,,,b'\x11\xe8\xe1I\xc8\xa7\x0e\xe4\xaf\x82\x12\xdf\x17\xaeN\x1e'
11E8E149-C8A7-0EE4-AF82-12DF17AE4E1E,2017-ncaa-d1-conf-Big 12,ncaa,4,4,3,4,3,5,5,7,5,4,4,5,7,7,7,7,3,2,7,2,2,4,5,6,5,6,6,7,3,6,4,8,7,7,6,3,3,4,4,3,2,2,5,5,,,2,2,,,5,7,8,3,5,6,9,4,5,7,7,4,2,2,6,7,5,9,9,3,3,2,5,,1,,,5,5,6,5,6,6,5,5,9,8,7,7,2,2,9,2,2,4,4,8,6,4,4,7,2,6,7,3,4,5,6,10,10,5,4,7,6,6,6,7,,,3,2,,,5,4,5,5,5,3,5,5,4,3,8,6,2,2,2,2,4,6,3,5,10,4,6,6,,4,,,b'\x11\xe8\xe1I\xc8\xa7\x0e\xe4\xaf\x82\x12\xdf\x17\xaeN\x1e'
11E8E149-C8A7-0EE4-AF82-12DF17AE4E1E,2017-ncaa-d1-natl,ncaa,54,75,27,75,40,68,86,92,86,82,106,99,135,155,98,194,44,26,225,25,37,73,73,88,88,88,167,196,85,143,143,74,173,92,129,53,68,212,139,92,90,126,53,68,,,65,25,,,99,63,200,239,116,145,235,145,198,171,203,64,47,46,196,224,208,163,197,85,130,127,73,,24,,,101,252,272,308,99,186,240,105,312,319,197,304,72,57,226,56,55,294,293,128,103,124,240,316,44,264,173,181,143,222,129,340,342,110,181,272,290,244,282,239,,,25,29,,,99,290,96,130,100,128,155,226,94,117,282,297,50,33,34,163,148,173,65,94,315,183,236,236,,51,,,b'\x11\xe8\xe1I\xc8\xa7\x0e\xe4\xaf\x82\x12\xdf\x17\xaeN\x1e'
11E8E149-C8A7-0EE4-AF82-12DF17AE4E1E,2017-ncaa-d1-ncaatournament,ncaa,17,2,17,17,18,30,28,31,22,27,31,14,19,21,31,22,36,32,57,31,42,31,31,22,28,39,39,27,57,30,39,26,22,28,25,21,3,46,58,34,17,17,25,22,,,26,3,,,32,30,53,6,49,39,60,39,55,31,29,58,53,52,62,59,50,31,36,14,51,15,28,,1,,,32,35,35,36,22,30,35,27,44,44,33,54,32,32,21,33,39,35,35,29,27,19,51,55,27,35,22,37,39,36,25,48,64,17,12,34,56,59,13,15,,,27,25,,,32,35,40,15,25,9,12,13,9,9,41,45,16,17,19,9,13,23,13,14,46,19,54,9,,37,,,b'\x11\xe8\xe1I\xc8\xa7\x0e\xe4\xaf\x82\x12\xdf\x17\xaeN\x1e'
11E8E149-C8A7-0EE4-AF82-12DF17AE4E1E,2018-ncaa-d0-natl,ncaa,118,189,25,161,38,56,69,62,124,92,133,68,72,39,202,80,47,58,109,57,76,55,67,109,97,75,105,126,138,266,324,79,281,141,321,40,30,80,44,31,55,99,29,33,,,118,18,,,139,41,146,256,102,138,156,159,250,99,76,112,130,135,143,248,318,189,296,52,38,91,36,,29,,,140,318,312,315,145,276,290,133,324,324,247,266,203,204,195,198,108,315,321,175,166,169,240,283,86,339,281,342,324,344,321,342,331,81,175,252,161,91,183,165,,,52,95,,,139,307,98,208,148,197,214,247,161,184,280,273,123,115,112,217,232,294,273,296,305,164,80,117,,149,,,b'\x11\xe8\xe1I\xc8\xa7\x0e\xe4\xaf\x82\x12\xdf\x17\xaeN\x1e'
11E8E149-C8A7-0EE4-AF82-12DF17AE4E1E,2018-ncaa-d1-conf-Big 12,ncaa,7,7,3,7,4,7,7,6,7,7,8,5,3,2,7,2,6,8,5,8,7,7,9,6,7,6,3,3,6,9,9,9,10,9,10,3,1,3,5,2,3,4,4,4,,,2,2,,,8,6,8,5,7,7,7,8,8,3,2,6,8,8,8,10,10,10,10,3,3,2,4,,2,,,8,8,7,7,6,6,7,6,5,7,5,5,5,5,4,5,5,7,6,4,4,5,5,5,5,10,10,9,9,10,10,10,10,4,4,6,6,6,3,4,,,9,8,,,8,3,6,7,8,6,7,7,7,7,4,5,5,5,5,8,7,10,7,10,10,4,5,3,,9,,,b'\x11\xe8\xe1I\xc8\xa7\x0e\xe4\xaf\x82\x12\xdf\x17\xaeN\x1e'
11E8E149-C8A7-0EE4-AF82-12DF17AE4E1E,2018-ncaa-d1-natl,ncaa,134,188,31,173,46,66,84,79,130,110,163,77,78,43,206,83,63,77,105,75,75,72,85,114,102,79,100,125,131,285,327,96,284,185,325,43,31,56,45,33,70,108,31,36,,,89,18,,,156,52,155,255,109,146,164,174,254,103,79,114,136,137,154,255,320,198,302,56,38,101,37,,30,,,158,313,311,311,160,270,286,145,317,317,258,265,186,188,200,185,109,311,314,186,173,190,234,282,86,334,284,339,327,341,325,339,330,101,184,257,143,99,176,173,,,63,86,,,156,295,106,226,166,207,223,248,174,190,278,271,126,117,117,220,229,295,276,297,312,168,81,127,,153,,,b'\x11\xe8\xe1I\xc8\xa7\x0e\xe4\xaf\x82\x12\xdf\x17\xaeN\x1e'
11E8E149-C8A7-0EE4-AF82-12DF17AE4E1E,2019-ncaa-d0-natl,ncaa,78,93,47,93,66,102,122,115,142,116,144,111,146,125,223,164,70,73,127,72,81,101,97,150,132,133,167,200,84,220,264,130,300,166,276,122,155,221,161,151,74,121,36,44,,,75,19,,,171,76,190,218,169,188,249,172,233,189,175,93,120,119,216,247,277,237,279,162,133,118,44,,29,,,171,266,263,298,102,225,285,98,269,282,176,223,211,148,341,150,91,288,295,113,123,133,211,239,153,327,300,269,264,316,276,304,289,93,162,214,298,259,139,119,,,145,200,,,171,275,153,173,169,159,161,226,137,198,222,225,146,94,98,193,216,294,156,233,249,153,242,93,,234,,,b'\x11\xe8\xe1I\xc8\xa7\x0e\xe4\xaf\x82\x12\xdf\x17\xaeN\x1e'
11E8E149-C8A7-0EE4-AF82-12DF17AE4E1E,2019-ncaa-d1-conf-Big 12,ncaa,4,4,3,4,3,6,5,7,7,5,8,6,7,4,8,6,6,5,5,5,4,6,7,7,7,6,6,7,4,9,8,8,10,8,9,6,6,5,6,5,2,2,4,3,,,1,1,,,6,6,8,1,8,7,9,7,8,7,5,6,5,5,9,10,8,8,9,7,4,2,4,,1,,,6,6,6,6,4,4,5,6,7,7,6,7,7,4,10,4,5,7,7,5,5,4,8,8,5,9,10,6,8,9,9,8,9,1,3,4,8,10,3,3,,,9,6,,,6,5,6,5,6,5,4,5,4,4,7,7,5,3,3,6,8,9,4,8,8,2,8,3,,9,,,b'\x11\xe8\xe1I\xc8\xa7\x0e\xe4\xaf\x82\x12\xdf\x17\xaeN\x1e'
11E8E149-C8A7-0EE4-AF82-12DF17AE4E1E,2019-ncaa-d1-natl,ncaa,93,92,62,99,84,132,149,154,152,146,177,126,158,136,229,165,85,101,120,99,78,138,140,157,138,140,161,200,76,253,270,171,308,207,288,145,158,188,165,161,100,131,40,45,,,53,18,,,192,107,202,210,179,211,258,183,238,193,177,97,123,121,225,254,286,249,294,174,134,130,45,,30,,,192,247,240,279,115,199,257,104,260,265,189,220,192,127,344,130,92,270,274,128,141,154,210,235,157,315,308,235,270,302,288,298,290,118,173,226,277,269,125,127,,,184,199,,,192,247,168,198,193,172,172,231,150,205,223,223,153,96,101,196,215,295,161,236,256,171,246,101,,234,,,b'\x11\xe8\xe1I\xc8\xa7\x0e\xe4\xaf\x82\x12\xdf\x17\xaeN\x1e'
11E8E149-C8A7-0EE4-AF82-12DF17AE4E1E,2019-ncaa-d1-ncaatournament,ncaa,33,2,33,33,36,51,52,58,44,51,54,45,46,50,30,19,50,37,61,37,5,53,51,42,49,50,19,14,38,61,61,63,62,64,64,49,36,25,57,55,19,2,33,24,,,2,2,,,57,40,14,7,51,52,56,51,53,25,26,47,17,17,48,39,60,63,64,46,53,2,14,,3,,,57,22,28,17,63,32,26,60,5,3,40,6,8,13,11,13,17,15,28,58,55,44,1,8,12,28,62,20,61,27,64,26,47,29,5,30,22,51,6,19,,,38,11,,,57,20,57,50,57,52,59,31,62,53,10,5,17,25,25,29,57,54,52,59,58,3,50,7,,14,,,b'\x11\xe8\xe1I\xc8\xa7\x0e\xe4\xaf\x82\x12\xdf\x17\xaeN\x1e'
11E8E149-C8A7-0EE4-AF82-12DF17AE4E1E,2020-ncaa-d0-natl,ncaa,140,134,191,142,225,126,96,94,126,63,85,85,258,188,323,229,125,114,200,111,183,90,94,181,182,173,287,289,159,103,126,21,32,32,50,54,50,196,149,91,232,248,14,17,,,98,72,,,107,107,41,196,91,69,38,42,46,254,182,104,102,101,38,34,87,9,9,37,206,231,12,,122,,,106,145,184,281,61,187,256,83,169,251,45,211,83,92,154,91,60,259,202,57,48,96,128,179,89,112,32,211,126,166,50,249,269,277,298,303,332,326,208,148,,,126,178,,,107,218,164,83,122,173,215,320,209,293,184,268,105,109,109,306,272,132,234,200,263,264,337,219,,101,,,b'\x11\xe8\xe1I\xc8\xa7\x0e\xe4\xaf\x82\x12\xdf\x17\xaeN\x1e'
11E8E149-C8A7-0EE4-AF82-12DF17AE4E1E,2020-ncaa-d1-conf-Big 12,ncaa,4,4,1,4,2,7,6,7,6,4,4,4,8,7,9,7,3,4,4,4,5,7,6,7,6,6,7,8,3,3,3,2,4,2,3,3,2,6,7,5,7,8,3,3,,,2,2,,,5,6,7,2,7,6,7,4,4,8,7,3,4,4,7,6,3,2,2,3,6,7,3,,2,,,5,4,4,7,2,5,6,4,5,8,4,8,2,2,7,2,2,7,4,2,2,5,4,7,2,4,4,4,3,4,3,6,9,9,9,9,9,10,4,5,,,5,5,,,5,4,7,3,5,4,4,7,5,6,5,8,2,2,2,7,4,4,4,4,6,9,9,4,,5,,,b'\x11\xe8\xe1I\xc8\xa7\x0e\xe4\xaf\x82\x12\xdf\x17\xaeN\x1e'
11E8E149-C8A7-0EE4-AF82-12DF17AE4E1E,2020-ncaa-d1-natl,ncaa,150,134,257,148,283,161,122,127,138,74,103,92,270,205,324,229,146,137,198,134,184,126,130,191,190,183,288,291,156,125,132,30,35,40,52,61,51,182,154,94,251,255,16,17,,,79,72,,,121,142,42,183,100,74,42,44,50,260,184,103,105,102,44,38,94,10,10,41,214,236,12,,124,,,120,117,161,261,65,167,233,86,153,225,49,210,73,81,159,82,61,228,151,60,49,109,125,178,89,98,35,177,132,144,52,239,267,295,305,308,328,327,197,152,,,155,175,,,121,177,178,92,133,182,225,322,217,295,185,268,110,110,111,309,268,139,239,204,268,270,338,225,,102,,,b'\x11\xe8\xe1I\xc8\xa7\x0e\xe4\xaf\x82\x12\xdf\x17\xaeN\x1e'
11E8E149-C8A7-0EE4-AF82-12DF17AE4E1E,2021-ncaa-d0-natl,ncaa,191,318,26,243,29,78,90,91,119,101,134,78,59,52,173,78,56,67,79,70,67,87,56,111,89,155,88,112,105,142,224,28,121,51,102,20,5,335,287,110,182,285,23,34,,,248,85,,,242,43,246,100,195,222,309,251,309,124,116,140,190,192,292,270,281,79,182,29,261,287,40,,74,,,217,308,304,316,131,282,293,125,318,323,212,256,267,254,265,254,144,314,295,157,162,257,256,270,136,296,121,257,224,275,102,337,313,198,322,331,340,318,238,212,,,93,218,,,242,294,174,263,224,206,195,233,132,156,279,275,156,131,137,222,103,175,53,79,290,329,299,135,,254,,,b'\x11\xe8\xe1I\xc8\xa7\x0e\xe4\xaf\x82\x12\xdf\x17\xaeN\x1e'
11E8E149-C8A7-0EE4-AF82-12DF17AE4E1E,2021-ncaa-d1-conf-Big 12,ncaa,9,9,3,9,3,10,10,10,6,9,8,5,4,5,5,4,6,7,3,7,2,9,8,5,4,6,4,4,3,9,8,5,7,7,6,3,1,10,10,6,8,6,3,3,,,5,5,,,7,5,9,4,10,10,10,9,8,5,5,6,8,8,10,10,9,4,9,3,10,8,4,,3,,,7,6,5,6,3,3,3,3,10,10,9,10,5,4,8,4,7,5,4,4,5,7,10,10,5,6,7,2,8,4,6,9,10,8,8,10,10,10,3,6,,,9,7,,,7,4,9,7,7,5,5,4,3,2,9,10,6,5,6,6,2,6,2,4,9,9,10,3,,9,,,b'\x11\xe8\xe1I\xc8\xa7\x0e\xe4\xaf\x82\x12\xdf\x17\xaeN\x1e'
11E8E149-C8A7-0EE4-AF82-12DF17AE4E1E,2021-ncaa-d1-natl,ncaa,184,317,18,244,21,67,80,75,140,92,121,81,59,42,212,74,52,60,95,62,65,65,39,122,107,169,89,119,106,113,221,24,109,39,106,19,5,336,285,112,147,263,22,35,,,265,88,,,246,31,236,103,205,230,295,256,304,134,104,141,185,187,281,255,273,77,160,32,256,273,40,,76,,,225,323,315,320,137,288,301,118,328,326,229,260,281,265,253,266,154,322,314,166,170,260,267,277,141,295,109,275,221,290,106,339,314,176,317,328,339,306,231,191,,,74,225,,,246,309,191,257,232,207,187,225,132,148,283,275,156,140,143,219,107,152,71,85,289,321,290,122,,250,,,b'\x11\xe8\xe1I\xc8\xa7\x0e\xe4\xaf\x82\x12\xdf\x17\xaeN\x1e'
11E8E149-C8A7-0EE4-AF82-12DF17AE4E1E,2022-ncaa-d0-natl,ncaa,79,134,27,111,30,65,71,62,127,62,72,91,133,86,264,160,47,67,30,71,151,62,66,152,121,94,203,228,92,194,291,39,93,75,189,17,3,165,71,18,110,190,9,13,,,254,97,,,79,54,168,142,125,135,161,115,173,201,152,87,138,145,165,219,283,92,177,17,59,191,12,,98,,,82,263,252,305,79,247,308,44,220,225,200,110,261,274,135,274,154,312,306,73,79,83,180,169,211,239,93,337,291,331,189,225,171,81,175,144,265,171,310,253,,,51,119,,,79,307,127,82,83,92,97,166,117,209,131,105,153,165,172,161,171,132,261,205,118,185,155,272,,147,,,b'\x11\xe8\xe1I\xc8\xa7\x0e\xe4\xaf\x82\x12\xdf\x17\xaeN\x1e'
11E8E149-C8A7-0EE4-AF82-12DF17AE4E1E,2022-ncaa-d1-conf-Big 12,ncaa,6,6,7,6,7,8,8,9,7,7,8,4,8,6,10,4,7,9,2,9,6,9,10,7,7,7,7,6,4,9,9,6,2,9,8,3,1,3,5,3,7,5,3,3,,,2,4,,,6,9,8,2,8,8,9,7,7,7,6,6,8,8,9,9,9,5,9,3,5,6,3,,4,,,6,2,2,2,4,2,3,3,5,3,8,6,3,4,1,3,5,2,2,6,4,4,6,7,4,3,2,6,9,4,8,3,7,6,4,5,7,10,6,8,,,7,5,,,6,2,7,3,6,3,4,4,5,4,6,4,3,4,3,3,5,4,7,5,4,5,8,7,,7,,,b'\x11\xe8\xe1I\xc8\xa7\x0e\xe4\xaf\x82\x12\xdf\x17\xaeN\x1e'
11E8E149-C8A7-0EE4-AF82-12DF17AE4E1E,2022-ncaa-d1-natl,ncaa,93,134,32,118,38,81,85,73,141,74,87,100,150,102,277,165,56,81,27,85,148,79,86,162,129,102,198,229,87,223,298,46,100,91,205,19,3,133,77,20,135,203,9,13,,,225,99,,,98,67,173,137,143,152,176,125,182,205,152,91,144,154,175,232,293,97,196,18,59,201,12,,99,,,99,237,227,296,89,225,296,50,204,197,220,110,243,257,145,259,153,301,294,88,90,102,180,168,211,213,100,328,298,323,205,216,174,109,188,162,239,175,308,263,,,69,106,,,98,294,139,100,99,105,105,169,131,210,135,104,157,176,180,164,164,130,265,209,133,198,160,278,,145,,,b'\x11\xe8\xe1I\xc8\xa7\x0e\xe4\xaf\x82\x12\xdf\x17\xaeN\x1e'
11E8E149-C8A7-0EE4-AF82-12DF17AE4E1E,2022-ncaa-d1-ncaatournament,ncaa,17,2,17,17,18,35,35,35,57,40,33,53,28,26,44,21,17,22,8,22,4,34,35,57,44,51,6,30,4,42,59,28,35,31,55,34,40,42,52,57,30,44,35,38,,,33,4,,,55,32,55,5,56,61,64,63,64,38,34,10,17,19,59,64,55,36,50,61,36,42,39,,3,,,45,43,45,39,31,43,42,37,37,45,28,46,34,39,10,41,33,40,39,34,28,32,31,40,23,38,35,45,59,45,55,33,14,31,38,25,31,25,13,11,,,21,7,,,55,37,54,31,45,26,28,25,29,27,33,44,15,21,25,24,24,35,44,48,17,39,19,7,,15,,,b'\x11\xe8\xe1I\xc8\xa7\x0e\xe4\xaf\x82\x12\xdf\x17\xaeN\x1e'
11E8E149-C8A7-0EE4-AF82-12DF17AE4E1E,2023-ncaa-d0-natl,ncaa,102,203,10,161,12,33,64,32,187,117,171,72,27,6,236,37,5,7,33,7,3,28,22,145,93,86,18,92,18,190,324,29,130,56,257,36,43,298,107,98,16,55,49,67,,,343,207,,,117,8,47,280,75,179,169,266,328,65,27,9,28,25,111,136,315,115,236,88,128,47,83,,258,,,125,350,342,348,157,323,307,214,346,351,114,315,331,328,267,327,265,349,352,187,197,178,298,272,228,302,130,357,324,358,257,358,341,19,119,252,333,225,272,274,,,16,57,,,117,354,129,143,121,250,209,240,146,94,286,322,256,239,237,255,286,148,281,251,321,102,233,182,,59,,,b'\x11\xe8\xe1I\xc8\xa7\x0e\xe4\xaf\x82\x12\xdf\x17\xaeN\x1e'
11E8E149-C8A7-0EE4-AF82-12DF17AE4E1E,2023-ncaa-d1-conf-Big 12,ncaa,8,9,3,9,5,6,7,8,8,9,10,3,4,3,10,2,2,1,4,1,1,6,7,8,6,7,2,5,2,10,10,7,9,8,9,6,3,8,9,7,1,2,4,3,,,7,7,,,9,3,3,7,8,9,9,9,10,5,3,2,2,2,9,10,10,7,10,6,8,1,4,,7,,,9,8,7,7,7,5,5,7,8,10,5,9,7,7,7,7,7,7,8,8,8,6,8,9,6,10,9,9,10,9,9,9,10,3,5,8,10,10,3,8,,,3,3,,,9,8,9,7,9,7,6,5,4,4,8,10,8,7,7,5,8,9,8,8,9,4,10,3,,4,,,b'\x11\xe8\xe1I\xc8\xa7\x0e\xe4\xaf\x82\x12\xdf\x17\xaeN\x1e'
11E8E149-C8A7-0EE4-AF82-12DF17AE4E1E,2023-ncaa-d1-natl,ncaa,114,203,11,169,13,35,72,36,203,152,213,80,31,6,244,35,5,9,32,8,4,28,22,152,96,92,16,91,14,228,330,34,136,67,266,39,44,278,115,101,19,61,55,69,,,339,212,,,141,9,50,280,81,202,192,274,329,69,29,9,29,27,117,143,322,125,249,98,128,54,87,,260,,,147,349,340,345,173,319,296,229,341,351,127,316,324,322,268,320,269,349,351,209,215,196,297,271,230,285,136,357,330,357,266,358,341,27,133,266,328,232,268,282,,,16,51,,,141,353,135,168,145,259,221,245,152,97,293,326,260,243,241,258,283,154,286,257,323,109,238,189,,56,,,b'\x11\xe8\xe1I\xc8\xa7\x0e\xe4\xaf\x82\x12\xdf\x17\xaeN\x1e'
11E8E149-C8A7-0EE4-AF82-12DF17AE4E1E,2024-ncaa-d0-natl,ncaa,26,40,29,40,33,46,29,57,25,32,93,16,85,73,160,135,148,123,271,122,198,66,74,31,44,45,260,197,314,227,286,18,16,45,71,9,6,168,85,18,53,80,12,13,,,212,73,,,21,44,135,68,61,38,127,41,185,133,128,232,210,214,137,197,298,25,97,12,83,88,13,,89,,,21,160,151,298,11,213,311,16,89,194,9,114,224,228,206,231,122,291,306,6,9,10,111,76,248,124,16,301,286,256,71,134,153,75,133,73,283,211,88,47,,,120,220,,,21,323,63,6,24,34,41,175,71,239,32,107,149,142,145,164,192,48,174,100,59,137,207,46,,231,,,b'\x11\xe8\xe1I\xc8\xa7\x0e\xe4\xaf\x82\x12\xdf\x17\xaeN\x1e'
11E8E149-C8A7-0EE4-AF82-12DF17AE4E1E,2024-ncaa-d1-conf-Big 12,ncaa,3,3,9,3,9,7,7,9,4,7,9,4,10,10,10,10,8,7,13,6,8,9,11,4,5,5,12,10,8,13,13,5,4,8,9,4,3,3,4,2,5,3,1,2,,,1,2,,,5,10,7,1,6,6,7,5,8,10,10,8,6,6,7,9,13,3,7,3,4,4,1,,2,,,4,1,1,5,1,2,10,1,3,3,2,2,4,5,8,5,4,4,5,1,1,2,4,5,9,3,4,10,13,7,9,1,6,7,6,4,10,9,2,2,,,10,8,,,5,7,7,2,5,3,3,7,5,12,3,3,6,5,6,6,10,4,12,11,3,5,9,1,,8,,,b'\x11\xe8\xe1I\xc8\xa7\x0e\xe4\xaf\x82\x12\xdf\x17\xaeN\x1e'
11E8E149-C8A7-0EE4-AF82-12DF17AE4E1E,2024-ncaa-d1-natl,ncaa,30,40,38,41,43,60,36,72,25,37,123,15,102,86,161,139,169,145,272,146,201,85,95,35,47,47,260,200,311,257,295,22,18,61,83,11,6,136,87,18,67,88,13,13,,,176,81,,,23,60,141,67,74,41,140,45,194,138,130,238,213,220,153,208,306,26,108,12,82,99,13,,92,,,24,125,126,285,18,186,298,20,70,166,13,114,207,204,213,209,120,274,288,9,14,17,111,75,252,103,18,277,295,222,83,112,156,96,145,90,266,220,79,48,,,146,212,,,23,313,71,9,25,41,53,179,87,245,37,106,156,148,148,171,193,54,183,111,66,151,212,49,,233,,,b'\x11\xe8\xe1I\xc8\xa7\x0e\xe4\xaf\x82\x12\xdf\x17\xaeN\x1e'
11E8E149-C8A7-0EE4-AF82-12DF17AE4E1E,2024-ncaa-d1-ncaatournament,ncaa,17,3,17,17,19,30,31,33,19,28,30,18,24,28,27,41,26,23,57,20,13,33,30,17,20,34,33,34,27,52,63,21,19,28,33,21,3,51,58,33,23,30,19,20,,,48,51,,,25,21,19,5,39,40,57,36,53,32,48,27,19,15,57,46,64,14,42,14,55,29,18,,53,,,25,37,36,39,18,43,45,29,12,35,5,18,51,49,34,49,45,40,42,11,14,14,16,7,51,41,19,46,63,40,33,47,50,23,24,30,62,68,29,32,,,20,6,,,25,45,45,7,28,15,15,26,40,46,6,15,46,45,45,31,36,29,35,26,38,23,66,18,,9,,,b'\x11\xe8\xe1I\xc8\xa7\x0e\xe4\xaf\x82\x12\xdf\x17\xaeN\x1e'
11E8E149-C8A7-0EE4-AF82-12DF17AE4E1E,2025-ncaa-d0-natl,genius_ncaa,13,37,12,36,14,13,9,22,3,12,38,9,12,28,2,116,154,167,165,165,312,25,31,3,6,5,197,83,354,122,190,10,15,19,31,2,3,110,34,2,48,96,7,5,,,142,16,,51,7,20,156,148,15,11,53,24,135,22,83,273,283,285,84,180,240,12,45,2,32,105,7,,24,,19,6,253,282,347,16,280,343,22,243,317,40,197,118,99,262,95,20,344,336,13,10,30,127,202,59,217,15,291,190,280,31,143,36,91,215,92,196,71,224,96,,,121,309,,271,7,342,6,24,6,48,79,254,93,261,110,190,32,26,27,188,152,73,84,70,32,214,82,116,,299,,316,b'\x11\xe8\xe1I\xc8\xa7\x0e\xe4\xaf\x82\x12\xdf\x17\xaeN\x1e'
11E8E149-C8A7-0EE4-AF82-12DF17AE4E1E,2025-ncaa-d1-conf-Big 12,genius_ncaa,4,4,5,4,5,4,2,4,3,2,6,4,3,8,1,7,16,15,13,14,16,8,11,3,4,3,11,4,16,12,12,5,4,6,7,1,1,6,4,1,2,2,2,1,,,2,2,,1,4,9,8,8,3,1,4,2,5,3,7,16,15,16,7,10,13,3,7,1,4,3,2,,2,,1,4,6,6,12,3,8,12,4,7,10,4,9,5,2,13,2,2,8,10,4,4,5,7,9,5,6,4,9,12,8,7,5,4,8,9,6,8,6,4,4,,,14,15,,14,4,9,4,4,4,5,7,11,8,11,7,9,3,2,2,9,8,9,7,7,5,8,5,5,,16,,14,b'\x11\xe8\xe1I\xc8\xa7\x0e\xe4\xaf\x82\x12\xdf\x17\xaeN\x1e'
11E8E149-C8A7-0EE4-AF82-12DF17AE4E1E,2025-ncaa-d1-natl,genius_ncaa,19,37,15,37,18,13,10,23,5,15,49,13,15,33,2,118,180,183,165,181,313,29,41,3,7,5,199,85,353,152,203,12,18,20,33,2,2,94,36,2,63,106,7,5,,,116,16,,41,7,26,164,147,16,11,54,26,137,23,83,274,287,287,88,194,250,13,51,2,32,116,7,,25,,18,6,230,268,344,20,269,340,25,234,306,47,190,102,83,270,76,20,340,328,16,10,38,124,200,60,205,18,275,203,261,33,126,38,107,230,99,176,77,214,100,,,141,308,,276,7,335,6,29,6,52,89,259,96,263,122,191,34,28,28,192,149,79,82,74,33,231,87,117,,301,,314,b'\x11\xe8\xe1I\xc8\xa7\x0e\xe4\xaf\x82\x12\xdf\x17\xaeN\x1e'
11E8E149-C8A7-0EE4-AF82-12DF17AE4E1E,2025-ncaa-d1-ncaatournament,genius_ncaa,9,2,9,9,10,14,12,14,17,14,14,18,8,8,16,17,18,22,23,23,49,15,14,13,11,14,27,19,53,15,29,10,16,10,11,8,10,58,33,12,23,50,5,2,,,50,10,,52,11,12,38,6,13,12,23,23,35,5,16,40,47,48,27,26,26,5,5,6,35,50,4,,12,,41,8,57,56,59,11,56,56,28,56,63,10,53,41,43,17,45,11,58,57,11,8,12,27,41,14,54,16,55,29,55,11,47,8,18,45,25,61,44,53,42,,,20,59,,32,11,56,15,9,8,13,21,45,21,33,34,57,10,8,10,43,39,28,24,26,10,42,46,41,,54,,56,b'\x11\xe8\xe1I\xc8\xa7\x0e\xe4\xaf\x82\x12\xdf\x17\xaeN\x1e'
11E8E149-C8A7-0EE4-AF82-12DF17AE4E1E,2026-ncaa-d0-natl,genius_ncaa,87,250,2,171,4,20,24,18,70,42,41,75,19,18,77,111,36,26,164,27,111,17,14,66,64,68,130,113,218,106,241,14,110,28,130,35,165,318,118,100,54,153,166,274,,,352,198,,324,85,7,180,97,88,96,189,134,244,79,115,144,156,155,176,233,280,83,163,101,100,160,294,,169,,220,102,358,349,356,116,315,335,91,360,357,265,303,308,298,232,299,157,356,355,163,159,183,318,332,123,321,110,341,241,338,130,338,193,58,231,216,308,125,197,92,,,25,163,,113,85,356,90,172,109,169,147,203,71,104,314,286,127,107,108,183,123,132,109,106,166,252,118,63,,199,,226,b'\x11\xe8\xe1I\xc8\xa7\x0e\xe4\xaf\x82\x12\xdf\x17\xaeN\x1e'
11E8E149-C8A7-0EE4-AF82-12DF17AE4E1E,2026-ncaa-d1-natl,genius_ncaa,110,249,2,192,6,24,29,29,81,51,63,87,27,26,85,108,53,44,160,43,109,27,25,72,70,82,115,110,197,157,270,17,121,39,161,44,173,290,131,122,78,194,209,291,,,345,220,,310,125,12,204,100,117,126,219,164,263,86,126,150,164,170,206,255,306,103,203,128,110,207,305,,182,,233,144,350,343,353,147,295,326,116,356,352,288,303,287,276,243,278,164,352,348,195,194,235,317,333,124,304,121,325,270,323,161,329,198,96,264,262,277,136,173,104,,,35,145,,131,125,350,110,216,146,204,187,212,93,113,326,293,136,124,123,196,117,138,126,122,199,273,119,71,,196,,216,b'\x11\xe8\xe1I\xc8\xa7\x0e\xe4\xaf\x82\x12\xdf\x17\xaeN\x1e'
11E8E149-C8B1-5F02-AF82-12DF17AE4E1E,2010-ncaa-d0-natl,ncaa,242,251,178,251,203,235,256,102,341,249,110,343,200,134,288,186,142,107,232,106,155,100,88,339,331,322,94,162,52,10,36,237,307,98,187,306,325,259,197,325,178,210,103,116,,,255,227,,,295,145,55,184,248,275,37,268,74,187,123,113,88,83,35,19,4,253,40,326,272,168,94,,285,,,290,252,244,179,274,287,219,306,65,128,39,103,279,275,176,270,236,202,229,233,248,200,68,39,246,267,307,269,36,287,187,260,228,88,106,177,272,219,316,289,,,152,263,,,295,206,288,232,288,290,287,228,314,261,77,137,291,282,278,267,301,289,302,312,272,65,273,321,,115,,,b'\x11\xe8\xe1I\xc8\xb1_\x02\xaf\x82\x12\xdf\x17\xaeN\x1e'
11E8E149-C8B1-5F02-AF82-12DF17AE4E1E,2010-ncaa-d1-conf-ASUN,ncaa,7,6,5,7,5,7,7,3,9,7,3,9,6,6,7,8,3,2,8,2,3,3,3,9,9,9,3,6,1,1,1,8,6,4,4,8,8,4,3,8,6,5,3,2,,,4,6,,,7,6,4,3,7,8,2,7,2,6,5,2,1,1,1,2,1,8,1,8,5,5,2,,7,,,7,3,4,1,8,6,2,9,2,2,3,2,5,5,7,5,6,2,4,7,7,5,2,2,7,2,6,7,1,3,4,4,4,3,2,4,5,3,9,9,,,3,5,,,7,4,8,5,7,5,5,3,8,3,2,2,7,6,6,1,5,3,7,6,4,2,5,9,,1,,,b'\x11\xe8\xe1I\xc8\xb1_\x02\xaf\x82\x12\xdf\x17\xaeN\x1e'
11E8E149-C8B1-5F02-AF82-12DF17AE4E1E,2010-ncaa-d1-natl,ncaa,250,251,191,257,223,250,276,112,341,270,118,343,204,144,287,187,147,118,232,116,156,109,100,339,334,324,93,162,51,10,37,261,313,109,192,324,325,248,198,326,195,214,107,118,,,242,230,,,304,159,57,172,250,280,39,271,72,190,124,113,89,85,35,20,5,259,42,330,270,181,96,,285,,,299,242,238,166,280,285,209,306,54,113,42,100,270,265,182,261,237,187,211,240,256,209,66,39,245,260,313,259,37,275,192,254,229,103,114,183,259,222,315,292,,,167,261,,,304,192,294,242,297,293,294,230,319,266,79,137,292,284,281,268,301,292,305,314,277,67,272,322,,116,,,b'\x11\xe8\xe1I\xc8\xb1_\x02\xaf\x82\x12\xdf\x17\xaeN\x1e'
11E8E149-C8B1-5F02-AF82-12DF17AE4E1E,2011-ncaa-d0-natl,ncaa,262,279,170,270,190,234,216,105,308,192,81,321,232,233,224,251,240,201,273,209,302,122,75,311,321,327,228,215,194,56,80,259,314,141,247,266,298,333,298,320,63,83,93,116,,,133,71,,,291,97,29,106,241,220,48,180,43,229,225,240,194,199,68,16,25,262,96,282,331,51,81,,165,,,287,239,245,212,246,271,253,231,145,123,246,102,198,189,227,189,149,212,262,229,234,159,99,120,168,278,314,254,80,278,247,239,200,45,55,114,289,238,293,227,,,216,322,,,291,244,310,175,287,272,281,257,292,287,157,136,217,211,209,256,316,296,288,304,260,24,295,299,,215,,,b'\x11\xe8\xe1I\xc8\xb1_\x02\xaf\x82\x12\xdf\x17\xaeN\x1e'
11E8E149-C8B1-5F02-AF82-12DF17AE4E1E,2011-ncaa-d1-conf-ASUN,ncaa,8,8,5,8,7,7,5,4,6,5,3,7,6,8,7,8,7,7,6,7,8,4,4,8,8,9,7,6,7,3,3,7,7,6,5,8,5,8,8,9,1,1,2,1,,,3,5,,,7,4,3,7,7,6,3,6,3,6,7,7,8,8,3,3,3,8,5,7,8,1,2,,4,,,7,4,4,2,8,5,3,8,5,3,6,3,5,5,4,5,5,2,5,7,7,7,3,5,4,6,7,3,3,3,5,6,6,3,1,5,4,4,5,3,,,9,9,,,7,5,9,7,7,7,6,4,6,3,6,4,6,6,6,4,6,6,6,7,8,2,5,6,,9,,,b'\x11\xe8\xe1I\xc8\xb1_\x02\xaf\x82\x12\xdf\x17\xaeN\x1e'
11E8E149-C8B1-5F02-AF82-12DF17AE4E1E,2011-ncaa-d1-natl,ncaa,268,277,199,274,222,257,234,124,309,205,92,322,239,241,223,251,254,216,270,227,303,141,86,312,320,329,224,213,193,63,82,279,314,166,251,280,301,329,300,323,73,89,101,119,,,117,70,,,296,111,31,102,246,231,52,186,44,231,226,243,198,203,71,17,28,263,99,287,334,52,82,,167,,,295,225,231,186,253,254,237,238,132,109,245,103,187,173,226,173,145,189,245,235,239,168,96,118,168,268,314,235,82,261,251,229,199,52,60,121,282,244,287,230,,,240,320,,,296,229,316,189,294,275,283,257,297,289,160,137,222,218,216,259,316,297,290,309,263,29,299,301,,217,,,b'\x11\xe8\xe1I\xc8\xb1_\x02\xaf\x82\x12\xdf\x17\xaeN\x1e'
11E8E149-C8B1-5F02-AF82-12DF17AE4E1E,2012-ncaa-d0-natl,ncaa,171,202,120,193,154,139,139,131,182,122,115,181,200,182,229,206,110,86,244,80,113,114,89,206,211,225,206,224,116,45,36,192,245,100,91,104,85,286,240,192,98,91,103,79,,,254,264,,,201,121,137,262,151,149,136,126,125,204,191,113,77,69,111,68,39,232,96,94,273,94,100,,263,,,200,246,229,190,255,206,133,269,253,265,214,250,241,259,102,261,278,210,211,265,263,254,228,223,197,229,245,104,36,162,91,142,70,158,174,149,297,256,114,75,,,67,107,,,201,196,180,260,222,241,220,171,209,118,242,239,236,256,256,191,190,225,93,142,139,172,285,93,,55,,,b'\x11\xe8\xe1I\xc8\xb1_\x02\xaf\x82\x12\xdf\x17\xaeN\x1e'
11E8E149-C8B1-5F02-AF82-12DF17AE4E1E,2012-ncaa-d1-conf-ASUN,ncaa,5,5,3,5,4,5,5,6,5,4,4,5,7,8,7,10,5,1,7,1,4,5,2,7,6,8,7,8,3,2,2,3,3,2,2,2,2,10,8,6,5,5,1,1,,,9,9,,,7,4,7,8,6,7,5,5,4,9,9,3,2,2,4,4,3,7,4,2,9,5,2,,8,,,7,5,4,4,5,4,3,6,7,7,6,7,7,8,6,8,9,7,6,6,6,6,8,6,8,4,3,2,2,2,2,5,3,6,6,3,10,7,6,3,,,2,4,,,7,5,7,6,8,4,4,2,3,1,7,7,7,8,8,4,4,1,3,3,3,6,9,4,,2,,,b'\x11\xe8\xe1I\xc8\xb1_\x02\xaf\x82\x12\xdf\x17\xaeN\x1e'
11E8E149-C8B1-5F02-AF82-12DF17AE4E1E,2012-ncaa-d1-natl,ncaa,186,201,137,201,181,162,170,156,186,138,132,186,211,189,231,206,120,97,242,92,113,133,101,218,213,234,204,223,116,50,39,222,247,116,102,120,87,280,243,199,110,97,108,78,,,245,266,,,214,150,140,262,159,162,141,130,130,204,190,113,82,73,116,71,41,241,105,104,274,98,101,,263,,,212,233,220,164,257,203,117,273,239,245,217,250,230,249,107,249,278,182,183,272,266,260,230,223,198,212,247,82,39,142,102,128,73,179,183,155,284,257,105,80,,,80,100,,,214,166,186,262,234,244,226,173,216,120,240,241,243,257,258,190,185,228,96,145,143,177,286,98,,51,,,b'\x11\xe8\xe1I\xc8\xb1_\x02\xaf\x82\x12\xdf\x17\xaeN\x1e'
11E8E149-C8B1-5F02-AF82-12DF17AE4E1E,2013-ncaa-d0-natl,ncaa,304,325,120,315,170,294,295,256,307,300,286,270,202,117,319,73,281,232,313,238,121,260,234,303,309,318,116,117,175,141,125,218,245,195,191,319,295,252,294,322,312,315,248,294,,,6,8,,,315,257,303,258,328,329,304,321,304,207,116,293,247,260,306,279,152,257,223,333,241,316,256,,5,,,307,186,279,228,289,317,291,289,44,71,56,63,13,11,188,11,4,174,117,237,194,251,2,30,6,209,245,138,125,175,191,143,36,297,305,267,283,304,96,182,,,149,85,,,315,99,312,272,306,164,278,230,316,307,44,64,13,15,15,143,65,202,135,155,136,314,269,102,,181,,,b'\x11\xe8\xe1I\xc8\xb1_\x02\xaf\x82\x12\xdf\x17\xaeN\x1e'
11E8E149-C8B1-5F02-AF82-12DF17AE4E1E,2013-ncaa-d1-conf-ASUN,ncaa,9,9,5,9,7,9,9,9,9,9,8,9,6,6,9,4,10,7,10,7,5,9,8,10,10,10,5,5,5,4,4,9,8,5,4,10,8,7,8,10,9,9,7,9,,,1,1,,,9,10,9,4,10,9,10,9,8,6,5,9,8,8,9,9,4,8,5,10,7,9,7,,1,,,9,3,7,6,8,9,9,6,2,2,3,2,1,1,9,1,1,4,1,5,4,7,1,2,1,4,8,3,4,2,4,4,3,9,9,8,7,10,5,7,,,4,1,,,9,2,9,8,9,4,7,6,9,9,2,2,1,1,1,4,2,5,4,5,4,10,8,5,,2,,,b'\x11\xe8\xe1I\xc8\xb1_\x02\xaf\x82\x12\xdf\x17\xaeN\x1e'
11E8E149-C8B1-5F02-AF82-12DF17AE4E1E,2013-ncaa-d1-natl,ncaa,310,325,136,319,198,310,313,278,315,316,299,278,208,124,322,72,287,243,313,251,120,282,260,307,311,321,115,117,174,157,133,240,253,218,197,325,302,241,296,327,322,316,255,297,,,6,9,,,316,282,304,258,328,331,306,322,306,206,115,293,249,258,308,282,153,264,228,334,240,320,261,,5,,,314,169,272,218,292,313,283,293,38,59,56,61,12,11,186,11,4,152,87,244,201,259,2,28,6,202,253,120,133,157,197,138,39,308,309,272,273,306,92,185,,,169,79,,,316,71,314,277,311,168,284,231,318,308,44,65,15,15,15,143,64,207,137,160,138,317,268,99,,178,,,b'\x11\xe8\xe1I\xc8\xb1_\x02\xaf\x82\x12\xdf\x17\xaeN\x1e'
11E8E149-C8B1-5F02-AF82-12DF17AE4E1E,2014-ncaa-d0-natl,ncaa,312,326,180,318,239,284,287,279,275,299,294,255,141,118,206,79,283,296,172,298,200,287,257,237,248,284,79,77,232,203,163,236,143,237,160,320,319,254,305,324,343,343,337,340,,,135,227,,,333,271,275,270,301,300,290,308,296,126,105,290,301,303,301,266,188,229,213,325,283,346,339,,155,,,332,260,296,160,333,322,226,328,95,71,246,64,166,183,65,179,150,165,81,322,312,344,24,55,116,88,143,106,163,93,160,107,14,344,346,327,290,318,68,165,,,284,240,,,333,84,279,341,332,294,319,203,329,282,106,68,198,213,209,221,65,116,150,119,141,346,300,74,,287,,,b'\x11\xe8\xe1I\xc8\xb1_\x02\xaf\x82\x12\xdf\x17\xaeN\x1e'
11E8E149-C8B1-5F02-AF82-12DF17AE4E1E,2014-ncaa-d1-conf-ASUN,ncaa,8,8,5,8,6,9,9,8,7,8,8,6,5,4,6,4,8,9,5,8,5,8,8,6,5,7,4,4,5,7,6,7,4,7,5,8,7,6,9,7,10,10,9,9,,,7,9,,,8,8,7,4,9,9,9,9,8,5,4,8,8,8,9,8,6,8,7,8,8,10,9,,8,,,8,8,9,4,9,9,8,9,1,1,6,1,8,9,2,9,8,6,3,8,8,8,1,1,7,4,4,6,6,4,5,3,1,10,10,8,4,8,5,7,,,9,9,,,8,4,8,8,8,9,9,5,9,9,1,1,9,10,10,7,3,4,5,2,3,10,4,5,,9,,,b'\x11\xe8\xe1I\xc8\xb1_\x02\xaf\x82\x12\xdf\x17\xaeN\x1e'
11E8E149-C8B1-5F02-AF82-12DF17AE4E1E,2014-ncaa-d1-natl,ncaa,319,325,211,323,288,302,305,302,279,313,307,259,149,126,206,78,294,307,171,308,199,309,287,244,252,285,79,75,230,219,170,259,151,257,164,326,319,236,309,325,345,344,338,342,,,116,230,,,333,302,275,273,304,304,291,311,298,126,106,291,301,302,302,267,195,235,224,328,282,346,340,,156,,,333,241,286,132,334,319,206,328,85,64,251,60,160,177,70,173,153,133,47,322,312,345,23,54,116,75,151,86,170,70,164,100,14,346,346,328,274,322,61,166,,,306,242,,,333,48,282,344,333,301,321,205,333,284,104,68,199,215,212,224,67,118,150,121,142,346,301,77,,288,,,b'\x11\xe8\xe1I\xc8\xb1_\x02\xaf\x82\x12\xdf\x17\xaeN\x1e'
11E8E149-C8B1-5F02-AF82-12DF17AE4E1E,2015-ncaa-d0-natl,ncaa,133,103,172,122,211,188,196,217,163,191,207,153,174,173,169,158,174,148,234,154,121,206,237,156,165,145,160,169,157,101,73,186,139,144,77,254,285,74,113,191,340,341,228,248,,,53,84,,,156,281,304,187,175,190,210,183,211,166,161,159,132,138,200,251,85,165,114,255,98,343,221,,60,,,157,104,144,147,190,212,214,181,63,82,88,93,95,115,83,111,92,127,82,137,116,202,49,73,121,131,139,85,73,90,77,27,14,312,302,185,76,110,131,164,,,150,74,,,156,75,101,206,145,134,171,173,242,250,70,84,111,127,125,150,58,141,102,103,40,316,96,140,,123,,,b'\x11\xe8\xe1I\xc8\xb1_\x02\xaf\x82\x12\xdf\x17\xaeN\x1e'
11E8E149-C8B1-5F02-AF82-12DF17AE4E1E,2015-ncaa-d1-conf-ASUN,ncaa,5,4,5,5,8,6,7,7,6,6,5,5,5,5,6,4,4,3,6,3,1,6,5,5,5,5,4,4,2,2,2,6,3,6,1,6,5,5,6,6,8,8,6,6,,,4,6,,,4,7,5,5,5,6,5,4,5,5,4,3,2,2,3,3,2,5,3,6,6,8,6,,4,,,4,3,2,2,6,6,6,5,2,1,6,1,4,4,6,4,4,2,2,4,4,5,1,1,6,2,3,2,2,1,1,2,2,7,5,5,5,5,5,6,,,3,2,,,4,2,5,4,4,4,5,3,6,7,2,2,5,5,5,3,3,2,3,3,2,7,5,6,,2,,,b'\x11\xe8\xe1I\xc8\xb1_\x02\xaf\x82\x12\xdf\x17\xaeN\x1e'
11E8E149-C8B1-5F02-AF82-12DF17AE4E1E,2015-ncaa-d1-natl,ncaa,142,103,209,131,248,222,226,255,171,212,235,167,184,185,173,156,191,170,234,175,117,244,275,164,170,154,157,169,153,121,76,213,146,172,85,282,286,57,117,198,343,341,241,254,,,35,85,,,170,313,304,174,189,202,219,194,212,166,161,158,138,142,205,253,89,172,123,266,98,343,228,,62,,,170,72,119,110,197,196,185,191,57,62,91,88,84,97,86,95,94,88,41,151,126,213,49,72,120,109,146,61,76,60,85,23,14,326,306,197,61,111,115,169,,,176,74,,,170,37,109,229,160,141,188,176,253,256,72,81,115,127,126,154,58,140,104,108,40,317,98,142,,122,,,b'\x11\xe8\xe1I\xc8\xb1_\x02\xaf\x82\x12\xdf\x17\xaeN\x1e'
11E8E149-C8B1-5F02-AF82-12DF17AE4E1E,2016-ncaa-d0-natl,ncaa,256,249,240,258,244,270,282,299,218,305,308,243,152,174,102,112,242,223,253,223,103,297,302,184,190,210,79,92,171,275,247,205,179,253,196,246,140,140,249,226,344,343,268,284,,,90,166,,,272,296,276,50,263,270,292,290,284,127,151,224,209,209,287,287,252,142,208,228,196,344,257,,137,,,270,135,184,161,208,253,243,195,61,56,129,47,118,101,257,100,70,147,62,167,157,274,39,55,134,142,179,92,247,94,196,87,45,341,338,296,99,188,115,223,,,161,35,,,272,62,217,270,265,219,255,261,292,315,75,71,169,141,139,238,112,197,153,169,127,341,152,147,,90,,,b'\x11\xe8\xe1I\xc8\xb1_\x02\xaf\x82\x12\xdf\x17\xaeN\x1e'
11E8E149-C8B1-5F02-AF82-12DF17AE4E1E,2016-ncaa-d1-conf-ASUN,ncaa,5,5,5,5,5,5,7,6,5,6,4,7,3,4,1,4,4,4,7,4,3,5,5,6,6,7,2,3,4,4,3,5,6,5,5,6,4,6,5,5,8,8,4,6,,,4,3,,,5,6,5,1,5,7,5,6,3,3,3,4,4,4,4,3,4,4,4,6,6,8,4,,4,,,5,4,6,6,5,8,7,4,3,3,5,3,5,5,6,5,2,7,4,4,4,5,2,3,3,8,6,4,3,4,5,4,3,8,8,5,5,6,3,4,,,3,1,,,5,3,5,5,5,5,6,8,8,8,3,3,7,5,5,8,8,8,4,6,4,8,6,3,,1,,,b'\x11\xe8\xe1I\xc8\xb1_\x02\xaf\x82\x12\xdf\x17\xaeN\x1e'
11E8E149-C8B1-5F02-AF82-12DF17AE4E1E,2016-ncaa-d1-natl,ncaa,256,249,218,256,228,270,283,304,229,306,301,255,140,168,89,110,236,228,240,228,97,302,297,189,194,211,62,84,152,270,241,190,191,240,196,249,142,161,256,238,345,343,264,281,,,87,158,,,268,298,271,51,263,278,295,305,287,125,151,214,207,207,289,281,249,129,205,235,207,342,257,,133,,,268,143,197,188,192,254,259,177,63,54,133,46,120,96,226,93,72,167,78,153,146,249,40,59,132,165,191,101,241,111,196,86,43,339,334,278,115,199,129,236,,,158,33,,,268,65,224,266,260,213,244,264,293,319,80,68,162,141,137,240,128,215,151,178,119,338,164,160,,83,,,b'\x11\xe8\xe1I\xc8\xb1_\x02\xaf\x82\x12\xdf\x17\xaeN\x1e'
11E8E149-C8B1-5F02-AF82-12DF17AE4E1E,2017-ncaa-d0-natl,ncaa,255,265,168,262,211,268,284,207,323,257,138,332,251,257,224,257,148,122,254,121,141,195,183,323,320,309,162,216,40,62,51,286,296,192,186,278,219,222,229,282,197,185,277,297,,,212,231,,,312,235,223,219,298,306,206,268,127,255,249,142,104,99,190,153,47,312,175,292,246,186,283,,232,,,309,225,254,171,317,280,240,273,133,55,318,49,148,191,65,183,138,169,157,302,290,289,57,94,131,215,296,122,51,170,186,228,152,203,210,225,111,115,325,313,,,135,102,,,312,145,290,300,307,258,284,193,300,279,148,61,162,199,187,195,176,238,141,185,238,199,122,329,,100,,,b'\x11\xe8\xe1I\xc8\xb1_\x02\xaf\x82\x12\xdf\x17\xaeN\x1e'
11E8E149-C8B1-5F02-AF82-12DF17AE4E1E,2017-ncaa-d1-conf-ASUN,ncaa,4,4,3,4,3,4,5,3,8,5,3,8,5,5,7,6,2,2,6,2,2,3,4,8,8,5,2,6,1,1,1,5,4,3,3,5,3,3,2,3,5,7,6,6,,,5,4,,,4,6,7,4,6,7,4,8,2,5,6,2,2,2,3,4,1,6,2,5,3,7,6,,5,,,4,6,6,6,6,6,6,5,5,4,8,4,3,4,4,4,3,6,3,5,5,5,5,6,3,4,4,3,1,4,3,5,6,7,7,6,2,2,7,5,,,2,2,,,4,3,4,5,4,5,5,5,6,5,4,3,3,4,3,5,3,4,3,3,5,7,2,7,,2,,,b'\x11\xe8\xe1I\xc8\xb1_\x02\xaf\x82\x12\xdf\x17\xaeN\x1e'
11E8E149-C8B1-5F02-AF82-12DF17AE4E1E,2017-ncaa-d1-natl,ncaa,269,265,217,271,280,300,309,258,326,292,176,337,265,264,227,257,176,145,253,142,135,243,233,324,321,311,159,216,43,83,56,322,302,229,197,302,224,199,235,288,219,198,289,299,,,195,235,,,317,292,230,212,303,309,211,280,135,255,250,146,105,101,199,158,46,321,192,297,247,193,289,,232,,,317,197,237,122,324,269,217,285,121,38,326,48,136,172,74,160,138,123,97,311,294,305,57,90,128,194,302,94,56,129,197,210,154,231,214,240,95,119,321,315,,,164,104,,,317,84,292,313,314,265,293,197,311,280,151,54,170,200,193,197,173,243,144,190,248,212,128,332,,101,,,b'\x11\xe8\xe1I\xc8\xb1_\x02\xaf\x82\x12\xdf\x17\xaeN\x1e'
11E8E149-C8B1-5F02-AF82-12DF17AE4E1E,2018-ncaa-d0-natl,ncaa,310,244,343,302,344,346,345,346,308,306,280,311,345,347,342,332,274,263,275,261,171,344,339,331,326,336,318,337,28,234,65,344,317,339,204,346,328,233,333,347,255,159,266,219,,,36,235,,,320,342,137,173,320,311,274,187,85,343,340,145,116,114,245,102,80,313,212,341,334,158,219,,250,,,332,34,45,10,313,65,16,318,65,47,190,168,91,99,93,86,257,8,8,310,305,292,135,139,210,84,317,5,65,7,204,58,147,294,180,209,261,331,135,201,,,312,168,,,320,7,331,311,336,278,278,194,288,187,192,193,249,273,265,216,228,281,100,178,226,166,337,258,,145,,,b'\x11\xe8\xe1I\xc8\xb1_\x02\xaf\x82\x12\xdf\x17\xaeN\x1e'
11E8E149-C8B1-5F02-AF82-12DF17AE4E1E,2018-ncaa-d1-conf-ASUN,ncaa,7,7,5,7,6,8,7,5,7,5,2,7,8,8,7,8,8,8,8,8,8,6,5,8,8,8,7,8,4,2,3,7,7,6,4,7,7,8,8,8,5,5,4,4,,,5,6,,,7,6,4,4,8,7,5,3,2,8,8,7,6,6,6,2,2,7,3,7,8,5,4,,7,,,7,4,5,2,7,6,3,7,3,3,3,6,5,5,6,5,5,3,2,7,7,7,5,4,4,5,7,2,3,2,4,5,4,6,5,5,7,7,6,4,,,7,7,,,7,2,8,7,7,6,6,5,6,5,4,4,6,7,7,5,5,5,3,4,5,6,7,7,,6,,,b'\x11\xe8\xe1I\xc8\xb1_\x02\xaf\x82\x12\xdf\x17\xaeN\x1e'
11E8E149-C8B1-5F02-AF82-12DF17AE4E1E,2018-ncaa-d1-natl,ncaa,305,243,349,295,349,349,348,349,308,305,269,317,346,346,342,330,264,256,260,255,166,347,344,331,327,334,314,334,26,221,41,346,327,339,203,346,325,239,333,344,260,178,270,222,,,51,251,,,323,346,152,175,318,309,269,193,85,343,338,136,109,107,238,95,60,318,207,341,333,168,217,,261,,,331,35,45,6,306,72,17,312,65,47,208,158,121,140,103,125,268,5,4,306,302,290,142,138,222,121,327,2,41,5,203,61,149,296,191,217,274,332,129,194,,,306,167,,,323,2,327,315,333,281,278,203,284,201,196,187,270,288,280,234,236,301,86,186,220,172,338,249,,136,,,b'\x11\xe8\xe1I\xc8\xb1_\x02\xaf\x82\x12\xdf\x17\xaeN\x1e'
11E8E149-C8B1-5F02-AF82-12DF17AE4E1E,2019-ncaa-d0-natl,ncaa,277,298,173,290,188,233,213,216,198,107,69,236,334,332,281,335,189,216,126,203,298,216,166,261,247,276,331,336,119,144,87,289,237,240,166,241,254,305,304,292,92,69,231,223,,,265,307,,,259,172,164,52,252,210,209,83,43,336,336,171,195,187,209,121,114,313,253,249,307,79,229,,290,,,256,188,148,76,287,176,120,268,133,75,300,109,267,269,177,268,284,99,140,284,301,247,193,122,268,108,237,64,87,65,166,202,240,96,61,134,307,308,285,223,,,223,243,,,259,155,264,220,264,214,179,62,200,118,141,81,278,279,276,87,167,127,78,75,225,66,306,295,,202,,,b'\x11\xe8\xe1I\xc8\xb1_\x02\xaf\x82\x12\xdf\x17\xaeN\x1e'
11E8E149-C8B1-5F02-AF82-12DF17AE4E1E,2019-ncaa-d1-conf-ASUN,ncaa,7,7,3,7,3,5,5,4,7,2,1,7,9,9,8,9,2,2,2,2,8,4,3,7,7,7,9,9,2,2,3,8,8,5,5,6,8,5,5,6,2,2,7,8,,,8,7,,,7,4,5,2,7,7,4,1,1,9,9,3,5,3,4,4,3,9,5,6,5,2,7,,8,,,7,8,8,7,8,9,7,7,5,3,9,3,8,7,5,7,6,7,6,8,8,8,4,4,6,6,8,5,3,4,5,7,5,3,3,5,6,5,9,7,,,6,8,,,7,6,7,8,7,7,8,3,7,7,4,3,7,8,8,5,6,4,4,5,6,3,5,9,,6,,,b'\x11\xe8\xe1I\xc8\xb1_\x02\xaf\x82\x12\xdf\x17\xaeN\x1e'
11E8E149-C8B1-5F02-AF82-12DF17AE4E1E,2019-ncaa-d1-natl,ncaa,282,297,155,291,175,241,210,196,204,104,58,248,338,338,297,336,182,205,118,198,291,207,154,272,262,282,333,337,106,133,90,294,234,237,167,245,260,305,305,297,90,70,241,235,,,275,304,,,264,171,141,55,251,209,197,82,37,337,338,165,186,180,200,110,115,317,246,257,309,77,242,,290,,,263,206,162,74,299,175,123,279,146,70,313,108,283,275,192,272,287,97,141,295,311,248,201,124,274,89,234,69,90,69,167,224,263,83,65,142,305,303,292,225,,,219,246,,,264,165,272,230,265,226,190,64,204,117,155,77,288,283,280,94,177,120,92,83,241,64,311,301,,199,,,b'\x11\xe8\xe1I\xc8\xb1_\x02\xaf\x82\x12\xdf\x17\xaeN\x1e'
11E8E149-C8B1-5F02-AF82-12DF17AE4E1E,2020-ncaa-d0-natl,ncaa,239,195,312,229,327,212,196,313,49,98,179,62,316,327,208,317,132,241,9,235,213,304,307,91,64,94,310,326,84,310,199,307,218,328,185,298,321,142,225,253,292,259,231,194,,,151,271,,,201,298,124,193,113,93,230,34,67,305,320,64,154,147,212,187,266,256,278,256,226,251,206,,268,,,204,147,133,44,300,96,46,261,233,118,336,207,182,217,67,228,292,58,40,315,306,299,273,262,210,79,218,12,199,20,185,121,151,239,170,192,256,313,40,42,,,237,106,,,201,45,127,285,210,282,258,153,195,136,294,208,253,278,288,199,205,186,64,83,211,171,303,75,,122,,,b'\x11\xe8\xe1I\xc8\xb1_\x02\xaf\x82\x12\xdf\x17\xaeN\x1e'
11E8E149-C8B1-5F02-AF82-12DF17AE4E1E,2020-ncaa-d1-conf-ASUN,ncaa,6,6,5,6,6,5,5,6,2,1,2,4,9,9,7,9,4,4,2,4,9,6,6,4,4,4,9,9,4,4,4,8,8,7,5,5,8,5,5,6,4,5,5,6,,,6,5,,,7,6,3,4,5,4,3,1,2,9,9,4,4,3,4,2,4,9,7,4,7,4,5,,6,,,7,8,8,5,9,7,6,7,6,3,9,3,7,9,1,9,6,5,4,9,9,7,4,4,5,5,8,3,4,3,5,7,4,4,4,5,9,8,4,2,,,5,5,,,7,4,5,7,6,8,7,5,6,7,6,3,7,9,9,6,7,5,2,2,7,4,8,4,,5,,,b'\x11\xe8\xe1I\xc8\xb1_\x02\xaf\x82\x12\xdf\x17\xaeN\x1e'
11E8E149-C8B1-5F02-AF82-12DF17AE4E1E,2020-ncaa-d1-natl,ncaa,214,195,257,214,298,141,119,244,51,49,91,62,309,322,228,320,80,177,11,173,221,239,252,95,69,88,314,329,82,224,126,271,210,264,133,259,319,181,199,236,259,254,199,173,,,222,264,,,173,241,125,228,86,69,172,20,45,304,319,53,140,139,174,144,201,230,233,242,211,244,186,,264,,,171,216,185,101,278,143,92,243,244,178,321,207,216,256,60,265,292,122,109,295,285,283,263,245,220,143,210,22,126,41,133,146,136,209,184,184,282,297,58,41,,,194,136,,,173,99,92,273,180,269,251,162,189,143,278,207,253,280,287,204,207,189,48,70,186,182,299,86,,139,,,b'\x11\xe8\xe1I\xc8\xb1_\x02\xaf\x82\x12\xdf\x17\xaeN\x1e'
11E8E149-C8B1-5F02-AF82-12DF17AE4E1E,2021-ncaa-d0-natl,ncaa,307,202,304,306,309,309,304,306,241,281,258,287,326,328,215,333,304,303,281,303,298,304,304,285,296,294,332,329,186,248,49,300,130,296,66,314,291,60,275,299,323,310,267,157,,,34,210,,,276,308,164,224,273,209,163,91,18,331,334,242,210,208,176,96,50,158,71,283,293,313,159,,193,,,297,47,56,44,265,52,35,294,80,68,190,269,31,37,70,34,149,38,34,277,257,294,177,238,67,30,130,23,49,23,66,95,308,318,282,322,97,298,23,19,,,301,194,,,276,36,279,280,300,248,265,222,241,138,270,280,107,139,127,211,125,134,115,100,315,288,308,46,,146,,,b'\x11\xe8\xe1I\xc8\xb1_\x02\xaf\x82\x12\xdf\x17\xaeN\x1e'
11E8E149-C8B1-5F02-AF82-12DF17AE4E1E,2021-ncaa-d1-conf-ASUN,ncaa,8,7,9,8,9,9,9,9,8,5,3,8,9,9,7,9,8,8,8,8,9,9,9,8,8,8,9,9,4,4,2,9,7,9,2,9,8,2,8,9,9,8,7,6,,,1,6,,,8,9,7,7,8,7,6,2,1,9,9,7,6,6,5,3,1,7,3,8,9,8,5,,6,,,8,1,2,1,7,4,2,8,2,3,3,5,1,1,2,1,4,1,1,7,7,7,3,5,3,3,7,1,2,1,2,6,9,9,8,9,5,9,2,1,,,9,8,,,8,1,8,7,8,6,7,6,6,6,3,4,3,4,4,6,2,6,2,2,9,9,9,2,,4,,,b'\x11\xe8\xe1I\xc8\xb1_\x02\xaf\x82\x12\xdf\x17\xaeN\x1e'
11E8E149-C8B1-5F02-AF82-12DF17AE4E1E,2021-ncaa-d1-natl,ncaa,230,201,259,237,275,248,216,243,121,136,125,206,315,321,173,336,258,238,278,237,301,246,241,211,230,252,339,335,222,113,16,242,138,210,31,253,284,174,269,274,270,250,117,75,,,83,154,,,200,259,96,225,163,102,95,27,7,331,334,224,178,170,100,39,25,124,37,208,306,246,71,,184,,,201,94,106,97,192,106,103,180,127,116,202,201,67,74,99,70,105,89,81,197,174,195,150,214,82,81,138,58,16,59,31,163,294,259,211,277,207,281,35,8,,,253,241,,,200,79,207,188,210,208,234,229,207,213,223,219,106,127,122,214,201,164,48,75,284,198,308,33,,153,,,b'\x11\xe8\xe1I\xc8\xb1_\x02\xaf\x82\x12\xdf\x17\xaeN\x1e'
11E8E149-C8B1-5F02-AF82-12DF17AE4E1E,2022-ncaa-d0-natl,ncaa,282,266,260,287,277,282,275,287,225,243,217,263,291,300,202,279,248,217,297,212,176,277,283,246,260,260,254,259,137,251,199,304,282,300,258,312,320,142,234,296,252,225,271,245,,,176,279,,,283,287,223,185,276,263,273,196,139,276,287,206,158,151,255,236,209,313,300,311,211,223,273,,265,,,283,120,105,73,255,69,47,240,258,187,313,278,139,154,99,158,272,71,77,295,275,261,298,304,171,131,282,71,199,84,258,209,301,215,134,238,52,107,331,348,,,222,98,,,283,72,259,266,282,223,203,123,138,68,312,264,195,226,230,143,166,210,147,175,284,144,93,349,,137,,,b'\x11\xe8\xe1I\xc8\xb1_\x02\xaf\x82\x12\xdf\x17\xaeN\x1e'
11E8E149-C8B1-5F02-AF82-12DF17AE4E1E,2022-ncaa-d1-conf-ASUN,ncaa,9,8,8,9,11,9,9,10,7,7,7,7,10,11,9,7,9,7,10,7,7,10,10,9,9,9,9,7,5,8,7,11,9,10,9,8,9,5,4,6,9,8,9,8,,,3,5,,,9,10,9,7,8,8,8,6,6,9,9,8,6,6,8,9,7,10,10,7,5,9,9,,5,,,9,5,7,4,10,7,3,10,9,9,9,9,2,2,6,2,5,3,4,11,9,10,7,9,3,7,9,3,7,4,9,9,10,8,6,12,3,4,12,12,,,10,8,,,9,3,7,10,9,8,10,8,8,5,11,9,4,4,4,8,7,7,6,8,10,7,3,12,,10,,,b'\x11\xe8\xe1I\xc8\xb1_\x02\xaf\x82\x12\xdf\x17\xaeN\x1e'
11E8E149-C8B1-5F02-AF82-12DF17AE4E1E,2022-ncaa-d1-natl,ncaa,283,266,270,285,285,277,279,288,223,233,199,256,286,301,203,276,241,206,296,203,178,278,287,246,260,252,257,262,131,235,191,314,270,305,251,305,307,143,219,286,226,191,294,265,,,172,264,,,272,288,192,184,260,246,254,186,127,270,285,194,150,140,237,212,201,308,295,298,216,187,282,,259,,,271,119,106,58,251,69,46,235,247,175,315,273,134,154,86,159,271,59,72,287,274,241,293,297,176,128,270,72,191,79,251,207,296,176,100,199,46,86,333,344,,,197,81,,,272,74,253,241,269,209,189,109,136,65,304,250,195,226,232,132,176,194,158,172,269,111,80,347,,113,,,b'\x11\xe8\xe1I\xc8\xb1_\x02\xaf\x82\x12\xdf\x17\xaeN\x1e'
11E8E149-C8B1-5F02-AF82-12DF17AE4E1E,2023-ncaa-d0-natl,ncaa,195,188,236,201,264,198,196,184,212,138,86,242,295,316,235,323,134,115,247,112,161,159,201,245,239,191,292,317,93,136,127,271,217,218,200,283,330,59,85,213,231,217,164,112,,,185,249,,,220,236,154,209,158,158,93,86,38,296,301,91,63,63,81,117,101,254,179,274,103,212,142,,252,,,220,180,115,92,231,79,58,232,241,207,261,269,276,252,270,248,304,111,114,264,288,282,317,254,290,124,217,142,127,122,200,250,319,196,156,258,72,101,186,117,,,164,112,,,220,115,177,271,226,264,202,137,139,74,280,259,298,280,278,183,192,183,221,209,291,152,121,213,,104,,,b'\x11\xe8\xe1I\xc8\xb1_\x02\xaf\x82\x12\xdf\x17\xaeN\x1e'
11E8E149-C8B1-5F02-AF82-12DF17AE4E1E,2023-ncaa-d1-conf-ASUN,ncaa,5,6,3,6,3,4,4,4,6,2,1,10,10,11,7,12,1,1,6,1,5,1,1,8,7,5,11,11,2,1,3,4,8,3,6,5,8,7,4,5,4,5,4,4,,,10,6,,,6,2,5,7,4,4,2,2,1,11,11,1,1,1,2,4,2,8,4,7,5,6,4,,9,,,6,12,12,12,8,7,8,8,12,13,9,10,11,11,10,10,11,12,12,9,9,9,13,9,9,10,8,9,3,11,6,14,14,4,8,10,7,4,8,3,,,2,8,,,6,14,5,9,7,9,9,9,7,5,10,12,12,11,10,9,9,6,8,8,14,6,6,6,,4,,,b'\x11\xe8\xe1I\xc8\xb1_\x02\xaf\x82\x12\xdf\x17\xaeN\x1e'
11E8E149-C8B1-5F02-AF82-12DF17AE4E1E,2023-ncaa-d1-natl,ncaa,185,186,151,193,188,142,147,126,209,101,59,239,262,280,221,319,79,56,252,51,127,104,121,236,226,169,271,309,72,90,100,204,195,145,160,238,318,67,64,172,197,193,128,97,,,241,265,,,184,150,119,228,131,124,72,73,37,271,292,70,44,39,50,85,69,200,117,255,89,190,130,,262,,,184,234,161,144,191,109,95,201,242,239,217,248,309,299,280,297,314,183,178,228,272,262,317,224,312,159,195,205,100,193,160,264,308,166,166,239,79,64,196,106,,,103,95,,,184,193,152,257,192,254,170,143,128,83,251,253,315,303,299,207,206,183,225,216,268,161,92,209,,78,,,b'\x11\xe8\xe1I\xc8\xb1_\x02\xaf\x82\x12\xdf\x17\xaeN\x1e'
11E8E149-C8B1-5F02-AF82-12DF17AE4E1E,2024-ncaa-d0-natl,ncaa,286,251,298,285,306,320,310,297,297,221,128,332,351,356,279,349,231,202,305,199,233,288,278,324,323,325,330,344,69,100,27,311,158,239,83,340,340,191,266,336,192,124,178,109,,,164,316,,,291,319,228,84,297,279,222,155,39,348,351,169,117,115,202,138,40,268,133,340,286,131,141,,274,,,296,79,77,33,285,76,34,300,126,103,243,213,178,187,119,185,300,38,36,288,290,276,233,191,245,39,158,27,27,21,83,159,276,242,140,217,112,195,115,91,,,305,267,,,291,43,295,260,292,210,187,84,175,70,197,172,249,265,261,109,115,93,96,76,251,161,211,180,,238,,,b'\x11\xe8\xe1I\xc8\xb1_\x02\xaf\x82\x12\xdf\x17\xaeN\x1e'
11E8E149-C8B1-5F02-AF82-12DF17AE4E1E,2024-ncaa-d1-conf-ASUN,ncaa,8,8,6,8,7,9,8,8,7,4,2,11,10,12,2,12,8,8,7,8,12,9,9,8,9,9,10,10,7,2,1,9,5,7,2,8,7,10,9,8,5,2,7,5,,,7,10,,,8,9,7,3,8,7,7,2,2,10,12,7,8,8,7,6,1,10,4,7,10,2,6,,9,,,8,6,4,3,10,3,3,10,9,9,8,12,7,6,9,5,8,3,3,10,10,8,9,9,8,2,5,1,1,2,2,11,12,6,5,9,7,4,2,1,,,9,10,,,8,4,8,8,8,7,6,4,5,3,9,8,8,6,6,4,4,4,3,3,11,5,5,3,,9,,,b'\x11\xe8\xe1I\xc8\xb1_\x02\xaf\x82\x12\xdf\x17\xaeN\x1e'
11E8E149-C8B1-5F02-AF82-12DF17AE4E1E,2024-ncaa-d1-natl,ncaa,266,253,254,268,269,305,287,271,294,176,93,317,355,355,329,351,208,148,321,142,220,250,237,330,329,331,344,350,63,76,27,295,157,210,81,338,346,248,277,338,143,93,152,106,,,221,319,,,279,289,224,88,298,279,224,128,41,354,353,167,101,100,195,125,39,272,136,343,293,115,133,,282,,,283,97,79,38,265,81,49,274,123,105,234,186,185,216,87,214,299,41,59,267,266,227,219,179,251,53,157,33,27,31,81,151,244,169,103,162,139,182,140,88,,,268,255,,,279,74,298,204,278,185,151,63,160,70,174,147,230,257,254,82,115,91,89,72,202,119,194,188,,225,,,b'\x11\xe8\xe1I\xc8\xb1_\x02\xaf\x82\x12\xdf\x17\xaeN\x1e'
11E8E149-C8B1-5F02-AF82-12DF17AE4E1E,2025-ncaa-d0-natl,genius_ncaa,246,227,248,252,269,262,262,245,253,191,155,251,331,316,330,313,154,127,254,127,140,225,233,298,295,276,301,325,54,241,238,256,128,259,222,264,222,140,207,252,176,141,209,173,,,199,280,,28,231,226,114,155,252,243,198,148,94,328,313,102,77,74,161,144,207,207,221,247,221,142,193,,269,,42,232,106,87,80,179,112,82,230,95,128,82,193,246,262,135,261,302,92,107,172,192,181,200,118,302,56,128,183,238,131,222,116,205,201,157,165,205,251,138,126,,,209,159,,176,231,129,293,152,239,192,148,132,171,126,136,184,287,299,298,179,188,102,269,207,176,149,261,181,,148,,163,b'\x11\xe8\xe1I\xc8\xb1_\x02\xaf\x82\x12\xdf\x17\xaeN\x1e'
11E8E149-C8B1-5F02-AF82-12DF17AE4E1E,2025-ncaa-d1-conf-CUSA,genius_ncaa,6,6,3,6,3,6,6,3,8,3,2,8,7,7,9,9,3,3,7,3,6,1,3,8,8,6,7,9,3,5,8,4,6,4,8,4,7,5,4,5,5,5,3,4,,,7,7,,1,6,2,2,2,6,7,3,5,2,9,7,3,3,3,1,2,6,5,5,6,4,4,3,,7,,2,6,10,6,8,3,6,7,4,7,5,5,5,9,9,6,9,9,10,10,3,4,7,7,4,9,7,6,10,8,10,8,7,7,7,7,7,8,7,8,5,,,5,7,,8,6,9,6,7,7,8,6,8,5,6,7,6,9,9,9,9,10,7,9,10,7,7,9,8,,6,,8,b'\x11\xe8\xe1I\xc8\xb1_\x02\xaf\x82\x12\xdf\x17\xaeN\x1e'
11E8E149-C8B1-5F02-AF82-12DF17AE4E1E,2025-ncaa-d1-natl,genius_ncaa,222,226,172,236,205,226,229,196,244,153,112,230,327,300,332,314,106,93,229,87,131,181,170,289,279,272,304,327,47,204,218,218,134,217,208,227,209,205,210,247,145,133,173,156,,,253,283,,41,222,166,116,155,238,234,191,135,89,328,311,83,73,72,152,132,193,212,216,231,226,137,175,,280,,44,223,152,124,119,163,153,125,228,94,170,40,174,285,302,111,301,317,163,179,143,164,154,186,92,315,92,134,212,218,167,208,139,191,155,143,139,238,245,151,110,,,164,152,,141,222,195,281,133,225,180,132,129,169,124,102,173,299,306,307,177,195,109,241,187,154,141,259,161,,132,,142,b'\x11\xe8\xe1I\xc8\xb1_\x02\xaf\x82\x12\xdf\x17\xaeN\x1e'
11E8E149-C8B1-5F02-AF82-12DF17AE4E1E,2026-ncaa-d0-natl,genius_ncaa,212,80,327,171,334,331,321,345,101,245,283,142,363,363,309,362,302,256,350,255,143,341,348,177,207,199,359,363,109,303,85,341,167,336,122,350,357,22,198,295,217,39,284,178,,,68,352,,153,186,353,292,97,230,181,299,51,44,361,363,148,61,61,242,265,160,271,231,336,174,55,206,,321,,312,191,7,6,6,221,8,15,124,23,6,333,55,83,89,109,85,303,7,11,215,233,187,249,147,317,11,167,6,85,5,122,6,63,312,85,67,25,178,20,72,,,329,104,,355,186,12,191,171,187,127,87,24,88,109,112,26,275,289,289,48,60,91,53,48,49,129,148,124,,141,,331,b'\x11\xe8\xe1I\xc8\xb1_\x02\xaf\x82\x12\xdf\x17\xaeN\x1e'
11E8E149-C8B1-5F02-AF82-12DF17AE4E1E,2026-ncaa-d1-natl,genius_ncaa,163,80,271,145,286,269,240,320,73,176,201,153,336,362,72,358,266,185,350,187,169,311,325,117,145,159,353,340,187,220,45,314,119,303,61,340,360,78,188,273,154,40,252,184,,,139,340,,226,120,337,290,100,188,144,268,59,56,327,357,190,99,99,225,237,122,250,178,327,171,72,214,,287,,298,104,12,6,9,100,12,33,67,17,10,236,46,157,193,69,187,314,13,21,96,128,78,245,101,337,21,119,11,45,8,61,7,64,219,63,24,108,223,91,109,,,296,154,,284,120,28,142,75,97,52,21,9,52,83,50,20,257,292,291,29,49,63,25,26,23,111,198,156,,196,,256,b'\x11\xe8\xe1I\xc8\xb1_\x02\xaf\x82\x12\xdf\x17\xaeN\x1e'
11E8E149-C8B5-D258-AF82-12DF17AE4E1E,2010-ncaa-d0-natl,ncaa,86,62,122,82,167,140,186,191,172,170,202,135,188,148,242,165,28,32,130,31,14,147,148,183,133,141,96,210,13,78,25,219,176,160,69,172,159,194,177,192,78,53,258,238,,,165,178,,,110,174,197,283,131,209,230,191,229,186,154,14,22,22,146,156,51,274,167,176,190,67,265,,143,,,108,149,153,122,223,67,68,161,309,243,332,286,92,112,81,114,192,111,163,286,258,159,304,324,85,115,176,74,25,70,69,198,234,64,39,85,181,165,331,334,,,54,26,,,110,177,103,138,99,133,126,68,54,35,308,249,85,99,101,55,127,95,53,43,196,63,166,331,,28,,,b'\x11\xe8\xe1I\xc8\xb5\xd2X\xaf\x82\x12\xdf\x17\xaeN\x1e'
11E8E149-C8B5-D258-AF82-12DF17AE4E1E,2010-ncaa-d1-conf-MAC,ncaa,3,2,3,3,7,5,9,8,8,5,4,7,10,9,11,11,2,2,7,2,2,5,5,9,5,7,6,11,1,1,1,8,2,3,1,8,9,6,5,8,4,4,9,9,,,6,5,,,4,7,6,8,5,10,9,5,5,10,10,2,2,2,4,3,1,8,3,10,6,5,9,,4,,,4,5,6,4,8,3,3,7,11,10,11,11,1,2,2,3,3,3,6,8,8,6,12,12,2,4,2,2,1,2,1,5,4,4,1,3,6,4,12,12,,,3,2,,,4,7,2,4,4,4,6,3,3,1,11,9,2,2,2,2,5,4,2,1,4,3,5,12,,2,,,b'\x11\xe8\xe1I\xc8\xb5\xd2X\xaf\x82\x12\xdf\x17\xaeN\x1e'
11E8E149-C8B5-D258-AF82-12DF17AE4E1E,2010-ncaa-d1-natl,ncaa,89,62,134,82,181,147,198,206,177,183,211,141,195,155,244,164,32,36,129,36,13,162,162,191,133,143,96,210,13,81,26,243,182,175,72,181,159,178,179,194,82,57,260,238,,,146,177,,,114,196,197,285,134,217,231,197,233,189,153,14,23,23,149,157,52,276,173,180,189,70,266,,143,,,113,132,138,107,231,58,50,168,306,235,333,284,83,102,83,104,192,93,143,290,264,166,304,324,85,100,182,53,26,49,72,191,234,72,41,97,166,166,330,334,,,62,25,,,114,157,106,144,101,139,132,70,60,35,311,250,85,100,101,58,127,98,54,46,200,65,168,330,,26,,,b'\x11\xe8\xe1I\xc8\xb5\xd2X\xaf\x82\x12\xdf\x17\xaeN\x1e'
11E8E149-C8B5-D258-AF82-12DF17AE4E1E,2011-ncaa-d0-natl,ncaa,99,47,242,72,251,154,166,275,37,124,220,33,243,256,196,218,83,116,69,120,51,258,258,60,45,72,220,265,58,249,128,303,269,298,197,155,145,157,239,156,77,42,205,141,,,197,263,,,83,250,174,45,88,111,248,82,193,222,229,45,59,62,211,187,223,296,294,109,226,50,185,,261,,,75,54,49,38,162,40,16,247,163,212,83,306,139,112,268,106,254,35,93,194,205,98,268,235,210,131,269,16,128,32,197,59,140,61,20,34,133,190,145,183,,,125,29,,,83,89,89,101,79,124,105,74,77,23,209,263,175,152,148,70,196,187,37,73,101,23,173,191,,44,,,b'\x11\xe8\xe1I\xc8\xb5\xd2X\xaf\x82\x12\xdf\x17\xaeN\x1e'
11E8E149-C8B5-D258-AF82-12DF17AE4E1E,2011-ncaa-d1-conf-MAC,ncaa,5,3,8,5,9,8,8,11,4,5,9,2,11,11,11,10,4,4,4,4,2,10,12,6,4,5,8,11,1,12,10,12,7,12,9,6,3,6,9,7,3,2,9,8,,,5,7,,,5,11,7,2,7,7,11,5,7,10,10,3,3,3,8,8,11,11,12,5,9,2,8,,5,,,5,3,3,1,6,3,2,10,5,6,5,9,4,3,12,3,6,1,2,6,7,4,6,7,5,2,7,1,10,2,9,4,5,3,1,2,5,7,5,7,,,5,3,,,5,2,6,5,5,5,6,2,4,2,5,6,4,4,4,3,6,4,4,5,4,1,6,6,,5,,,b'\x11\xe8\xe1I\xc8\xb5\xd2X\xaf\x82\x12\xdf\x17\xaeN\x1e'
11E8E149-C8B5-D258-AF82-12DF17AE4E1E,2011-ncaa-d1-natl,ncaa,90,46,199,63,211,150,176,264,50,130,233,41,233,237,204,207,74,97,79,96,39,238,233,76,53,84,199,259,48,242,142,302,279,301,214,148,142,173,230,164,70,44,207,147,,,221,267,,,86,226,180,49,101,139,255,104,210,219,221,43,56,56,213,195,228,304,302,125,221,50,195,,264,,,81,63,52,45,162,42,15,245,173,227,74,305,153,129,268,127,260,45,113,188,204,99,272,234,219,152,279,17,142,41,214,67,148,48,20,30,150,199,173,213,,,95,23,,,86,114,102,93,85,120,99,70,72,21,201,265,184,153,155,65,188,190,41,81,102,23,188,206,,38,,,b'\x11\xe8\xe1I\xc8\xb5\xd2X\xaf\x82\x12\xdf\x17\xaeN\x1e'
11E8E149-C8B5-D258-AF82-12DF17AE4E1E,2012-ncaa-d0-natl,ncaa,305,278,318,305,328,304,301,333,104,324,337,66,133,145,117,34,334,339,86,338,256,336,329,70,89,223,82,37,324,341,340,302,197,338,324,235,61,258,336,267,278,247,298,261,,,46,144,,,318,301,114,173,267,232,315,293,323,78,75,326,333,332,325,260,340,208,329,136,326,235,274,,168,,,323,165,126,53,272,32,9,261,327,295,333,332,133,90,312,90,273,48,33,317,319,326,338,339,128,68,197,52,340,37,324,215,277,300,244,298,194,307,47,251,,,333,307,,,318,37,295,322,323,307,284,243,145,52,341,339,249,206,205,252,208,185,191,193,304,238,284,120,,321,,,b'\x11\xe8\xe1I\xc8\xb5\xd2X\xaf\x82\x12\xdf\x17\xaeN\x1e'
11E8E149-C8B5-D258-AF82-12DF17AE4E1E,2012-ncaa-d1-conf-MAC,ncaa,9,9,7,9,10,11,9,12,2,11,12,2,3,5,4,1,12,12,6,12,10,12,12,2,2,6,6,1,12,12,12,10,8,12,12,6,3,8,12,9,9,9,10,10,,,4,3,,,12,10,7,5,9,8,10,10,12,2,5,12,12,12,12,11,12,9,12,5,10,9,10,,4,,,12,8,8,8,10,5,1,10,12,11,11,12,5,5,9,5,5,6,3,12,11,12,12,12,2,5,8,6,12,6,12,9,9,12,11,12,6,8,3,7,,,12,11,,,12,3,8,12,12,9,9,9,6,3,12,12,5,5,5,8,7,7,7,7,11,12,6,3,,12,,,b'\x11\xe8\xe1I\xc8\xb5\xd2X\xaf\x82\x12\xdf\x17\xaeN\x1e'
11E8E149-C8B5-D258-AF82-12DF17AE4E1E,2012-ncaa-d1-natl,ncaa,311,277,341,311,342,321,316,342,113,331,342,70,139,148,116,34,337,341,86,340,255,342,341,74,90,232,80,36,323,342,340,319,204,343,325,252,64,240,337,272,295,253,306,260,,,34,143,,,321,325,117,163,270,239,317,299,326,79,75,327,333,332,328,265,341,218,332,149,326,244,280,,174,,,325,146,104,35,275,25,6,263,324,288,333,330,122,79,314,78,273,29,16,319,321,328,337,337,129,53,204,32,340,21,325,205,278,314,251,303,178,312,40,253,,,337,306,,,321,18,301,325,325,310,286,247,151,54,341,338,258,208,206,253,207,185,191,198,305,245,284,122,,321,,,b'\x11\xe8\xe1I\xc8\xb5\xd2X\xaf\x82\x12\xdf\x17\xaeN\x1e'
11E8E149-C8B5-D258-AF82-12DF17AE4E1E,2013-ncaa-d0-natl,ncaa,334,340,183,338,234,324,327,303,319,279,235,304,330,295,341,259,192,207,159,205,145,298,243,332,320,335,240,301,24,279,277,283,215,297,284,295,150,335,340,327,218,214,322,316,,,219,273,,,343,207,159,257,336,337,324,284,232,331,297,181,197,193,316,234,272,295,309,300,332,213,324,,255,,,342,269,281,143,333,246,48,344,307,291,246,316,117,117,185,115,205,133,133,340,337,331,214,284,65,112,215,177,277,150,284,317,288,185,148,288,307,321,248,282,,,158,90,,,343,144,339,326,339,298,306,169,274,51,312,306,142,137,136,158,158,132,218,191,322,162,307,258,,143,,,b'\x11\xe8\xe1I\xc8\xb5\xd2X\xaf\x82\x12\xdf\x17\xaeN\x1e'
11E8E149-C8B5-D258-AF82-12DF17AE4E1E,2013-ncaa-d1-conf-MAC,ncaa,11,11,7,11,7,12,12,11,12,10,8,11,12,11,12,11,9,10,7,10,9,11,11,12,12,12,10,11,2,10,10,11,10,11,11,12,9,11,12,12,7,6,10,9,,,11,11,,,12,11,10,1,12,12,11,10,5,12,11,8,9,9,11,11,9,11,11,12,12,7,10,,12,,,12,10,9,4,11,8,3,12,11,8,8,10,9,9,5,9,11,5,4,11,11,12,9,10,4,5,10,4,10,5,11,9,9,9,7,11,10,11,5,8,,,10,6,,,12,3,12,12,12,11,10,5,10,3,11,10,9,9,10,6,5,7,8,7,10,7,11,7,,7,,,b'\x11\xe8\xe1I\xc8\xb5\xd2X\xaf\x82\x12\xdf\x17\xaeN\x1e'
11E8E149-C8B5-D258-AF82-12DF17AE4E1E,2013-ncaa-d1-natl,ncaa,335,339,210,339,271,331,333,321,322,295,254,307,330,300,342,261,205,221,159,217,143,313,266,334,325,338,239,300,25,288,279,304,219,316,293,306,152,330,342,329,231,222,324,317,,,205,276,,,343,240,163,257,337,340,326,292,234,331,297,184,196,192,316,236,276,296,313,306,335,221,325,,256,,,343,262,274,113,334,234,36,345,303,285,245,315,106,106,183,104,206,100,102,341,337,333,211,280,62,96,219,160,279,125,293,317,289,199,155,295,300,324,242,285,,,181,87,,,343,112,340,327,340,303,310,167,276,53,312,306,142,138,136,160,158,133,219,197,326,166,308,260,,140,,,b'\x11\xe8\xe1I\xc8\xb5\xd2X\xaf\x82\x12\xdf\x17\xaeN\x1e'
11E8E149-C8B5-D258-AF82-12DF17AE4E1E,2014-ncaa-d0-natl,ncaa,303,311,180,308,215,320,322,330,274,268,236,275,332,330,303,307,239,203,274,210,155,327,270,299,288,333,288,313,50,277,222,267,162,285,184,294,187,338,346,333,182,151,119,64,,,308,345,,,334,253,263,179,332,337,342,268,232,334,331,236,198,205,340,279,270,272,302,303,342,170,105,,328,,,334,158,66,42,216,43,14,235,215,195,229,254,321,303,318,302,344,75,85,243,298,289,335,232,329,76,162,55,222,41,184,125,236,198,151,167,266,304,107,170,,,158,49,,,334,95,338,269,334,205,79,30,58,12,234,219,318,311,312,80,75,93,74,67,160,190,272,117,,124,,,b'\x11\xe8\xe1I\xc8\xb5\xd2X\xaf\x82\x12\xdf\x17\xaeN\x1e'
11E8E149-C8B5-D258-AF82-12DF17AE4E1E,2014-ncaa-d1-conf-MAC,ncaa,10,10,6,10,11,12,12,12,9,9,8,11,12,12,8,12,10,9,10,9,7,12,11,10,10,12,11,12,5,12,8,10,6,11,6,10,6,12,12,12,6,5,2,2,,,12,12,,,12,11,10,10,12,12,12,8,8,12,12,10,9,9,12,10,11,10,11,10,12,6,2,,12,,,12,4,4,2,9,3,2,9,4,3,7,6,10,10,9,9,11,3,2,9,10,10,10,6,11,4,6,2,8,2,6,8,11,9,6,11,10,11,7,8,,,8,5,,,12,2,12,11,12,6,5,3,5,2,4,3,12,11,11,4,3,5,2,2,10,8,11,7,,8,,,b'\x11\xe8\xe1I\xc8\xb5\xd2X\xaf\x82\x12\xdf\x17\xaeN\x1e'
11E8E149-C8B5-D258-AF82-12DF17AE4E1E,2014-ncaa-d1-natl,ncaa,310,310,211,312,259,332,330,337,277,283,257,280,334,334,306,306,252,229,275,234,156,336,301,301,291,334,288,312,50,288,227,286,169,302,192,306,190,336,346,333,197,155,126,65,,,296,345,,,334,288,264,175,335,338,343,272,235,334,331,237,204,209,340,284,272,277,305,308,342,173,107,,327,,,334,134,53,27,221,34,8,245,205,182,234,256,315,297,319,296,342,54,51,255,302,299,334,230,331,61,169,35,227,27,192,116,237,217,159,175,247,308,102,171,,,177,47,,,334,62,339,278,337,210,89,29,64,14,235,221,321,313,313,80,75,94,76,67,162,195,274,120,,127,,,b'\x11\xe8\xe1I\xc8\xb5\xd2X\xaf\x82\x12\xdf\x17\xaeN\x1e'
11E8E149-C8B5-D258-AF82-12DF17AE4E1E,2015-ncaa-d0-natl,ncaa,320,329,172,326,241,301,244,294,128,156,154,168,316,329,209,314,340,326,331,324,336,308,266,188,245,296,333,300,324,199,103,271,224,260,117,166,76,296,335,245,287,267,150,81,,,277,342,,,310,286,315,343,322,255,315,139,144,322,332,343,329,330,331,293,202,284,275,157,305,287,140,,305,,,306,175,93,57,230,39,21,222,304,252,321,302,292,306,144,304,340,95,63,282,305,325,342,311,302,125,224,23,103,33,117,190,298,287,265,286,236,294,95,92,,,310,291,,,310,59,296,325,316,205,110,46,37,14,308,276,307,313,309,87,38,134,26,41,209,292,248,95,,329,,,b'\x11\xe8\xe1I\xc8\xb5\xd2X\xaf\x82\x12\xdf\x17\xaeN\x1e'
11E8E149-C8B5-D258-AF82-12DF17AE4E1E,2015-ncaa-d1-conf-MAC,ncaa,11,11,7,11,12,9,9,10,5,5,5,5,12,12,7,12,12,12,12,12,12,11,8,7,8,11,12,12,12,9,7,10,7,10,6,4,2,12,12,8,8,7,4,4,,,12,12,,,11,9,8,12,9,9,10,3,4,12,12,12,12,12,11,8,8,10,10,4,12,8,4,,12,,,11,8,4,2,10,2,1,6,10,8,11,10,12,12,7,12,12,4,3,11,12,11,12,10,11,4,7,1,7,1,6,5,8,10,9,9,9,11,9,8,,,11,10,,,11,3,11,11,11,10,6,3,2,1,10,8,12,12,12,7,3,6,1,1,5,9,10,10,,11,,,b'\x11\xe8\xe1I\xc8\xb5\xd2X\xaf\x82\x12\xdf\x17\xaeN\x1e'
11E8E149-C8B5-D258-AF82-12DF17AE4E1E,2015-ncaa-d1-natl,ncaa,324,328,209,329,292,323,272,320,133,178,181,181,320,333,208,312,344,334,332,335,336,333,309,198,251,300,333,300,324,223,111,303,229,294,132,192,77,277,335,253,303,276,162,83,,,265,342,,,316,322,317,342,328,263,318,144,150,322,333,344,330,331,331,298,206,291,283,161,306,290,148,,305,,,317,144,66,32,240,30,11,230,299,238,323,300,282,292,147,293,341,53,29,290,309,328,339,309,303,102,229,12,111,19,132,175,301,306,267,293,220,297,86,100,,,327,290,,,316,27,303,329,323,223,115,46,41,14,310,277,308,314,314,90,38,135,28,46,220,296,253,101,,328,,,b'\x11\xe8\xe1I\xc8\xb5\xd2X\xaf\x82\x12\xdf\x17\xaeN\x1e'
11E8E149-C8B5-D258-AF82-12DF17AE4E1E,2016-ncaa-d0-natl,ncaa,316,307,287,318,313,275,272,301,183,227,261,144,293,271,307,219,200,189,250,192,117,293,280,228,213,245,244,269,95,286,246,307,247,314,270,270,226,214,290,283,150,104,346,345,,,127,204,,,305,276,89,265,231,228,244,161,178,271,227,147,124,126,222,160,236,273,293,243,295,94,345,,233,,,304,197,203,74,323,90,16,334,337,301,328,341,61,83,88,89,235,66,73,347,341,317,316,338,47,93,247,76,246,69,270,311,330,183,122,288,202,275,55,103,,,232,154,,,305,73,263,304,303,303,302,207,197,33,347,339,119,142,152,205,239,187,192,195,337,109,273,104,,150,,,b'\x11\xe8\xe1I\xc8\xb5\xd2X\xaf\x82\x12\xdf\x17\xaeN\x1e'
11E8E149-C8B5-D258-AF82-12DF17AE4E1E,2016-ncaa-d1-conf-MAC,ncaa,11,11,6,11,11,11,10,12,6,9,9,5,12,12,11,11,7,7,9,7,6,10,11,8,8,11,11,12,3,10,6,12,12,12,10,11,9,11,11,11,6,5,12,12,,,9,10,,,11,11,9,11,11,10,12,8,9,12,12,6,5,5,10,11,10,12,12,11,11,6,12,,9,,,11,8,8,3,12,4,2,12,12,8,12,10,6,6,4,6,10,4,3,12,12,11,11,11,4,6,12,2,6,3,10,12,12,6,6,10,10,11,4,3,,,6,4,,,11,2,11,11,11,11,10,5,6,3,12,11,6,6,6,7,5,8,3,5,12,6,11,4,,4,,,b'\x11\xe8\xe1I\xc8\xb5\xd2X\xaf\x82\x12\xdf\x17\xaeN\x1e'
11E8E149-C8B5-D258-AF82-12DF17AE4E1E,2016-ncaa-d1-natl,ncaa,317,305,303,317,330,275,268,309,175,220,256,134,294,266,311,223,196,190,239,191,111,298,283,220,210,244,251,275,91,281,250,316,240,323,264,264,217,231,292,279,155,107,349,346,,,131,200,,,303,264,93,264,229,228,249,152,179,278,230,144,128,128,227,165,244,276,292,237,299,97,348,,228,,,308,223,229,92,322,106,11,339,336,315,319,342,66,82,104,85,239,73,83,346,340,317,313,338,52,92,240,83,250,62,264,320,330,187,130,290,217,274,54,99,,,231,152,,,303,91,265,308,306,302,303,206,204,32,345,340,123,139,153,204,234,172,183,179,339,119,277,97,,148,,,b'\x11\xe8\xe1I\xc8\xb5\xd2X\xaf\x82\x12\xdf\x17\xaeN\x1e'
11E8E149-C8B5-D258-AF82-12DF17AE4E1E,2017-ncaa-d0-natl,ncaa,114,111,74,116,86,68,116,90,170,98,63,231,194,225,104,285,1,6,40,6,11,52,49,199,98,101,107,279,3,106,126,74,97,74,108,130,169,240,139,177,150,207,134,165,,,238,129,,,160,47,37,82,55,154,146,119,68,217,253,1,2,2,46,45,126,90,87,159,201,182,149,,186,,,161,324,321,298,254,303,262,271,301,304,213,256,220,212,194,211,151,302,298,274,260,262,175,238,116,195,97,242,126,228,108,270,126,127,216,204,273,185,260,171,,,3,1,,,160,305,108,241,165,293,304,295,279,228,285,294,178,172,173,292,295,143,162,154,238,166,245,234,,1,,,b'\x11\xe8\xe1I\xc8\xb5\xd2X\xaf\x82\x12\xdf\x17\xaeN\x1e'
11E8E149-C8B5-D258-AF82-12DF17AE4E1E,2017-ncaa-d1-conf-MAC,ncaa,5,3,6,4,8,7,7,11,5,7,6,8,9,12,3,11,1,1,3,1,2,8,6,5,3,5,4,10,1,9,6,9,7,8,6,6,3,5,7,6,7,6,5,5,,,3,4,,,6,5,2,4,4,6,10,7,6,9,11,1,1,1,5,4,9,8,7,3,8,6,4,,4,,,5,4,8,7,9,6,6,8,8,6,8,6,3,3,6,3,3,4,8,10,7,5,7,8,3,5,7,3,6,3,6,5,4,6,6,5,7,8,9,8,,,1,1,,,6,8,5,5,6,7,9,9,7,8,8,7,3,3,3,7,11,7,4,4,7,4,8,9,,1,,,b'\x11\xe8\xe1I\xc8\xb5\xd2X\xaf\x82\x12\xdf\x17\xaeN\x1e'
11E8E149-C8B5-D258-AF82-12DF17AE4E1E,2017-ncaa-d1-natl,ncaa,121,111,98,117,108,77,145,112,183,119,76,235,203,247,105,283,1,7,42,7,11,67,66,204,105,107,106,276,3,123,136,89,100,97,116,153,170,223,146,183,174,214,148,168,,,222,135,,,173,58,39,80,62,165,151,128,78,215,254,1,2,2,48,45,135,96,96,170,205,189,155,,190,,,173,321,316,293,268,297,247,284,297,294,224,255,199,197,206,194,151,295,279,280,273,281,173,237,112,166,100,215,136,200,116,260,128,157,220,211,256,193,250,180,,,3,1,,,173,293,115,252,180,303,313,297,287,233,288,294,180,176,177,290,293,144,166,158,248,177,246,237,,1,,,b'\x11\xe8\xe1I\xc8\xb5\xd2X\xaf\x82\x12\xdf\x17\xaeN\x1e'
11E8E149-C8B5-D258-AF82-12DF17AE4E1E,2018-ncaa-d0-natl,ncaa,208,244,73,227,90,156,211,192,234,174,161,201,250,205,299,226,16,28,50,28,19,154,110,257,181,233,149,279,5,155,146,99,19,104,50,187,148,314,279,261,302,317,237,239,,,191,172,,,240,98,191,155,225,292,293,233,220,282,241,12,30,29,237,189,198,126,150,237,273,322,256,,137,,,239,275,259,234,237,200,127,279,308,315,191,316,195,186,252,184,204,234,195,265,260,289,272,292,132,30,19,129,146,82,50,268,236,231,250,281,334,310,183,183,,,8,3,,,240,244,230,227,240,206,203,147,146,46,286,303,168,142,140,138,85,13,71,35,229,273,310,164,,5,,,b'\x11\xe8\xe1I\xc8\xb5\xd2X\xaf\x82\x12\xdf\x17\xaeN\x1e'
11E8E149-C8B5-D258-AF82-12DF17AE4E1E,2018-ncaa-d1-conf-MAC,ncaa,10,10,4,10,5,10,11,10,10,9,6,11,12,12,12,10,2,4,2,4,4,9,7,12,10,10,7,12,1,4,3,6,1,4,3,9,7,12,12,11,10,10,8,8,,,6,6,,,10,8,10,7,11,11,12,9,7,12,12,1,2,2,11,9,5,6,5,9,11,10,8,,4,,,10,6,7,6,7,4,2,9,10,7,8,11,6,5,10,5,6,4,3,9,8,10,9,11,6,2,1,3,3,1,3,11,12,9,9,10,12,12,9,9,,,1,1,,,10,4,10,8,10,6,6,6,3,1,9,7,6,5,5,3,1,1,3,2,9,10,12,8,,1,,,b'\x11\xe8\xe1I\xc8\xb5\xd2X\xaf\x82\x12\xdf\x17\xaeN\x1e'
11E8E149-C8B5-D258-AF82-12DF17AE4E1E,2018-ncaa-d1-natl,ncaa,218,243,97,232,112,192,253,235,245,205,200,208,271,219,303,222,20,34,52,36,21,191,148,268,191,238,146,275,6,186,154,118,20,143,59,215,152,296,282,266,320,325,250,242,,,169,178,,,250,129,202,151,239,296,301,245,226,288,242,15,33,33,249,201,205,133,165,248,274,327,260,,141,,,250,264,250,206,253,177,91,287,301,307,201,316,180,169,258,165,204,204,154,281,275,301,269,287,129,23,20,108,154,48,59,261,236,257,259,287,328,312,176,193,,,10,3,,,250,214,240,242,253,217,212,153,156,49,285,302,172,145,146,141,86,15,76,36,233,282,312,172,,5,,,b'\x11\xe8\xe1I\xc8\xb5\xd2X\xaf\x82\x12\xdf\x17\xaeN\x1e'
11E8E149-C8B5-D258-AF82-12DF17AE4E1E,2019-ncaa-d0-natl,ncaa,105,109,80,115,97,118,178,95,294,257,177,308,63,58,138,86,51,70,79,67,50,82,84,252,217,198,25,62,45,137,215,112,89,115,184,265,315,196,128,255,112,129,72,57,,,241,200,,,138,79,111,207,159,250,126,303,248,75,66,56,91,88,111,131,160,171,165,314,143,137,86,,194,,,140,204,136,183,100,76,127,90,272,258,245,264,285,245,330,246,269,197,251,141,188,114,330,280,281,105,89,313,215,262,184,156,177,50,58,57,164,107,239,237,,,7,6,,,138,265,200,88,143,125,74,75,41,48,250,221,259,212,214,84,165,75,273,199,103,63,127,211,,7,,,b'\x11\xe8\xe1I\xc8\xb5\xd2X\xaf\x82\x12\xdf\x17\xaeN\x1e'
11E8E149-C8B5-D258-AF82-12DF17AE4E1E,2019-ncaa-d1-conf-MAC,ncaa,5,5,3,5,6,6,9,7,12,9,7,12,6,6,6,6,2,3,6,3,3,5,5,12,10,10,2,5,2,3,4,9,5,8,5,11,10,7,7,10,3,3,1,1,,,8,9,,,6,6,7,6,8,12,7,12,8,6,7,2,2,3,5,5,3,10,7,11,8,3,1,,9,,,6,3,1,1,4,1,3,3,6,6,7,6,11,8,12,8,10,3,6,4,7,4,10,6,12,3,5,9,4,6,5,5,8,3,2,1,9,10,9,10,,,1,1,,,6,7,8,1,6,3,1,1,1,2,5,6,11,8,8,2,4,3,5,5,4,2,9,9,,1,,,b'\x11\xe8\xe1I\xc8\xb5\xd2X\xaf\x82\x12\xdf\x17\xaeN\x1e'
11E8E149-C8B5-D258-AF82-12DF17AE4E1E,2019-ncaa-d1-natl,ncaa,106,108,62,112,84,118,179,95,292,266,184,307,61,64,122,82,47,71,73,70,50,81,82,244,204,186,25,59,47,143,227,105,87,111,181,268,315,193,126,255,97,109,75,61,,,233,189,,,131,68,112,210,150,246,140,300,250,72,67,55,97,96,122,136,178,167,173,308,143,125,90,,187,,,131,193,121,187,93,74,138,75,273,253,274,249,280,242,326,241,257,203,257,132,174,106,329,282,278,100,87,317,227,264,181,153,180,55,63,58,173,106,240,242,,,5,9,,,131,278,189,83,135,121,73,75,34,54,244,200,254,210,212,85,165,73,268,196,104,66,122,214,,9,,,b'\x11\xe8\xe1I\xc8\xb5\xd2X\xaf\x82\x12\xdf\x17\xaeN\x1e'
11E8E149-C8B5-D258-AF82-12DF17AE4E1E,2020-ncaa-d0-natl,ncaa,104,81,191,102,196,111,162,157,184,177,171,191,143,143,146,168,15,25,118,24,33,111,173,179,137,93,84,177,23,207,235,246,179,235,244,296,336,46,40,183,212,214,64,73,,,177,187,,,156,160,113,28,70,149,105,168,156,137,133,13,16,15,55,108,204,242,244,295,60,207,56,,207,,,156,233,212,169,236,226,234,158,142,84,317,60,285,248,331,243,210,175,176,226,264,260,173,117,268,123,179,242,235,199,244,47,11,176,181,72,33,37,265,240,,,4,3,,,156,185,108,253,163,265,239,196,243,267,161,80,291,255,252,224,227,139,265,226,59,167,44,267,,4,,,b'\x11\xe8\xe1I\xc8\xb5\xd2X\xaf\x82\x12\xdf\x17\xaeN\x1e'
11E8E149-C8B5-D258-AF82-12DF17AE4E1E,2020-ncaa-d1-conf-MAC,ncaa,3,3,5,3,7,9,10,9,11,6,4,11,10,11,9,11,2,2,6,2,2,6,9,10,10,5,7,10,1,7,5,10,11,9,8,11,9,3,4,7,6,6,1,1,,,7,7,,,4,12,10,3,5,9,8,5,4,10,11,1,2,2,5,7,6,9,8,11,3,6,1,,7,,,4,2,2,2,4,5,11,1,2,1,11,1,9,8,12,8,4,2,1,3,4,5,6,3,10,10,11,2,5,5,8,1,2,5,5,2,4,4,12,12,,,1,1,,,4,1,4,5,5,3,2,5,6,11,2,1,9,8,8,5,3,10,3,6,1,5,4,12,,1,,,b'\x11\xe8\xe1I\xc8\xb5\xd2X\xaf\x82\x12\xdf\x17\xaeN\x1e'
11E8E149-C8B5-D258-AF82-12DF17AE4E1E,2020-ncaa-d1-natl,ncaa,92,81,128,94,142,85,144,117,173,150,158,169,134,123,165,162,18,29,112,29,39,74,135,172,130,89,96,176,32,194,221,228,163,226,228,272,326,44,35,159,215,218,68,76,,,176,177,,,138,118,116,35,69,131,94,145,153,132,120,13,23,22,49,109,196,225,227,279,51,212,62,,191,,,140,241,218,183,216,235,246,146,153,78,309,59,280,240,334,235,189,189,186,212,250,252,170,112,262,120,163,260,221,206,228,54,12,181,178,72,35,30,259,242,,,5,3,,,138,222,93,234,145,253,232,193,237,264,157,78,278,243,240,212,214,122,258,217,57,169,36,264,,7,,,b'\x11\xe8\xe1I\xc8\xb5\xd2X\xaf\x82\x12\xdf\x17\xaeN\x1e'
11E8E149-C8B5-D258-AF82-12DF17AE4E1E,2021-ncaa-d0-natl,ncaa,151,104,219,138,224,192,215,216,208,254,246,254,93,136,50,94,126,98,246,92,14,199,210,145,142,141,24,47,57,112,50,212,23,182,30,255,296,124,157,246,292,297,179,179,,,145,264,,,207,230,165,57,111,175,161,274,243,49,71,32,15,14,94,82,54,145,69,262,191,300,162,,228,,,206,162,149,110,302,166,141,261,139,85,308,89,226,204,288,205,256,116,96,299,314,332,187,133,261,43,23,88,50,72,30,98,39,285,295,245,160,199,89,130,,,109,8,,,207,114,116,303,208,284,253,152,258,212,189,97,309,274,274,196,101,15,106,39,117,304,226,96,,7,,,b'\x11\xe8\xe1I\xc8\xb5\xd2X\xaf\x82\x12\xdf\x17\xaeN\x1e'
11E8E149-C8B5-D258-AF82-12DF17AE4E1E,2021-ncaa-d1-conf-MAC,ncaa,6,3,11,5,11,10,11,11,10,12,12,11,7,8,4,7,7,4,11,3,2,11,11,7,6,8,1,5,2,3,1,11,2,9,2,11,9,4,7,9,12,10,3,2,,,1,10,,,7,11,12,3,7,11,9,12,9,5,6,2,2,2,4,5,2,7,3,11,7,11,3,,6,,,7,2,2,2,8,3,3,4,2,2,8,2,6,7,8,6,8,2,2,7,7,9,3,2,10,2,2,1,1,1,2,2,3,12,10,7,7,7,6,8,,,7,1,,,7,2,7,6,7,4,4,4,10,11,3,2,10,8,9,5,1,1,2,1,4,11,7,9,,1,,,b'\x11\xe8\xe1I\xc8\xb5\xd2X\xaf\x82\x12\xdf\x17\xaeN\x1e'
11E8E149-C8B5-D258-AF82-12DF17AE4E1E,2021-ncaa-d1-natl,ncaa,164,104,231,142,233,203,228,229,214,270,256,264,102,149,50,92,135,113,245,105,14,220,227,149,146,142,22,46,56,130,53,231,24,204,33,268,296,111,157,251,300,301,193,180,,,128,269,,,221,240,168,51,114,180,166,283,246,50,72,34,17,16,98,85,59,155,75,268,196,304,163,,227,,,219,151,139,102,303,154,127,265,133,80,310,85,218,196,291,197,256,104,87,299,316,332,183,127,258,38,24,81,53,63,33,93,39,290,297,252,153,205,83,134,,,122,8,,,221,102,119,306,219,290,262,152,262,218,189,96,313,277,280,198,100,15,109,40,120,307,232,97,,7,,,b'\x11\xe8\xe1I\xc8\xb5\xd2X\xaf\x82\x12\xdf\x17\xaeN\x1e'
11E8E149-C8B5-D258-AF82-12DF17AE4E1E,2022-ncaa-d0-natl,ncaa,123,106,163,120,202,140,168,184,143,247,275,141,54,61,65,51,136,159,91,162,61,188,212,94,79,81,30,38,161,173,125,145,41,158,61,225,276,91,118,171,313,317,224,222,,,100,149,,,115,223,239,275,120,166,205,276,305,43,54,125,156,161,199,231,165,121,126,241,100,327,227,,100,,,115,155,165,162,179,140,147,167,220,199,259,223,114,133,98,136,163,156,111,196,171,247,214,250,116,37,41,95,125,59,61,78,52,315,307,237,105,129,247,312,,,127,62,,,115,138,78,196,111,159,167,156,150,141,226,202,116,125,130,148,60,31,63,38,85,324,116,256,,97,,,b'\x11\xe8\xe1I\xc8\xb5\xd2X\xaf\x82\x12\xdf\x17\xaeN\x1e'
11E8E149-C8B5-D258-AF82-12DF17AE4E1E,2022-ncaa-d1-conf-MAC,ncaa,6,6,5,6,6,8,9,10,8,10,11,6,6,4,8,4,5,8,3,8,6,10,9,8,6,7,3,5,2,4,4,6,6,6,4,9,9,8,10,9,11,11,7,8,,,4,6,,,4,12,12,4,9,10,11,10,11,5,4,5,8,8,11,11,5,5,4,10,9,12,7,,4,,,4,1,1,5,4,4,6,3,3,6,3,7,2,4,1,4,3,6,2,3,3,4,2,6,5,6,6,1,4,1,4,2,4,9,9,9,5,8,10,12,,,4,2,,,4,2,8,4,4,2,2,5,4,6,5,6,2,4,4,3,2,6,2,2,2,9,7,10,,4,,,b'\x11\xe8\xe1I\xc8\xb5\xd2X\xaf\x82\x12\xdf\x17\xaeN\x1e'
11E8E149-C8B5-D258-AF82-12DF17AE4E1E,2022-ncaa-d1-natl,ncaa,108,106,100,113,137,101,123,125,130,214,245,149,32,48,43,47,132,155,115,159,88,129,147,77,79,73,30,31,209,119,96,109,36,98,47,181,259,106,90,138,293,303,198,208,,,140,154,,,90,166,243,275,102,135,160,263,286,31,48,154,183,186,170,209,129,119,105,212,81,310,211,,98,,,88,179,184,204,153,160,173,151,236,229,230,225,142,163,92,170,171,194,152,172,161,226,224,246,125,48,36,128,96,79,47,110,57,292,299,218,122,102,273,303,,,104,93,,,90,187,57,169,86,140,143,141,132,130,213,200,114,126,130,141,60,28,64,33,79,316,90,260,,128,,,b'\x11\xe8\xe1I\xc8\xb5\xd2X\xaf\x82\x12\xdf\x17\xaeN\x1e'
11E8E149-C8B5-D258-AF82-12DF17AE4E1E,2023-ncaa-d0-natl,ncaa,102,74,164,95,184,138,154,160,149,245,280,152,42,58,55,41,195,243,26,237,146,177,241,96,89,68,30,28,242,275,286,178,109,225,228,209,279,24,48,110,313,314,136,123,,,152,222,,,106,217,261,116,104,128,131,262,298,29,43,181,247,241,165,262,279,162,246,217,31,319,132,,163,,,105,157,149,131,199,178,163,198,116,126,144,145,202,168,289,172,186,132,97,188,198,264,146,128,218,80,109,223,286,168,228,33,20,295,291,167,28,55,113,187,,,230,185,,,106,107,77,238,132,171,172,134,190,170,115,131,213,183,187,136,63,87,248,196,36,312,40,120,,216,,,b'\x11\xe8\xe1I\xc8\xb5\xd2X\xaf\x82\x12\xdf\x17\xaeN\x1e'
11E8E149-C8B5-D258-AF82-12DF17AE4E1E,2023-ncaa-d1-conf-MAC,ncaa,4,4,3,4,3,4,4,3,5,8,9,7,1,1,3,3,6,7,3,6,7,4,4,4,5,4,2,2,6,5,6,8,9,6,9,6,11,2,2,5,9,9,2,3,,,9,9,,,4,4,12,8,6,7,5,10,9,1,3,6,7,7,6,9,5,12,10,9,2,10,3,,7,,,4,2,4,6,5,9,10,4,1,1,2,1,8,10,4,10,6,6,8,3,4,5,2,1,11,7,9,11,6,10,9,1,1,5,5,2,1,1,8,6,,,5,6,,,4,7,3,5,4,1,2,2,7,9,1,1,7,8,8,2,1,6,6,7,1,6,1,6,,6,,,b'\x11\xe8\xe1I\xc8\xb5\xd2X\xaf\x82\x12\xdf\x17\xaeN\x1e'
11E8E149-C8B5-D258-AF82-12DF17AE4E1E,2023-ncaa-d1-natl,ncaa,81,74,103,84,118,89,107,111,120,200,250,127,30,41,43,46,147,192,45,185,130,123,163,74,68,49,33,33,235,237,268,140,95,171,202,188,280,36,46,102,248,245,103,100,,,201,229,,,69,141,240,130,78,102,114,238,285,23,43,167,215,211,139,237,262,162,227,204,33,266,107,,171,,,69,173,164,177,170,176,200,161,134,134,163,135,231,195,289,199,185,174,150,153,178,208,176,151,242,90,95,253,268,203,202,33,22,232,229,97,28,31,156,194,,,156,149,,,69,177,62,175,87,125,122,107,151,152,111,114,212,185,185,103,66,70,227,160,30,258,22,136,,186,,,b'\x11\xe8\xe1I\xc8\xb5\xd2X\xaf\x82\x12\xdf\x17\xaeN\x1e'
11E8E149-C8B5-D258-AF82-12DF17AE4E1E,2024-ncaa-d0-natl,ncaa,106,72,196,85,206,129,127,139,120,133,160,119,129,130,135,158,175,182,146,183,189,143,177,117,120,89,183,161,225,125,119,104,20,106,43,173,246,41,49,96,248,232,94,77,,,62,86,,,97,201,161,95,80,78,60,88,122,117,116,144,159,159,73,129,106,42,38,148,65,241,89,,85,,,93,152,143,157,160,108,111,189,224,236,175,284,149,121,292,108,156,139,113,185,191,238,254,263,163,33,20,147,119,79,43,77,55,266,243,173,117,135,93,83,,,174,171,,,97,155,76,177,97,189,181,200,139,120,263,272,164,142,133,183,132,35,196,105,95,265,144,107,,149,,,b'\x11\xe8\xe1I\xc8\xb5\xd2X\xaf\x82\x12\xdf\x17\xaeN\x1e'
11E8E149-C8B5-D258-AF82-12DF17AE4E1E,2024-ncaa-d1-conf-MAC,ncaa,3,3,2,3,4,3,2,2,4,1,2,5,5,6,3,10,4,3,5,3,6,2,2,5,4,4,8,9,6,1,2,1,2,1,1,5,9,3,3,3,7,7,2,3,,,2,1,,,3,3,3,10,3,2,1,1,1,6,8,4,4,3,1,2,3,3,2,4,3,7,3,,1,,,3,9,8,10,5,6,8,5,9,9,6,9,4,2,8,2,2,10,9,5,6,4,9,9,3,2,2,7,2,6,1,2,1,7,7,6,4,5,5,3,,,2,5,,,3,10,3,4,3,4,4,8,4,6,8,8,4,2,2,6,5,2,4,2,2,8,5,5,,4,,,b'\x11\xe8\xe1I\xc8\xb5\xd2X\xaf\x82\x12\xdf\x17\xaeN\x1e'
11E8E149-C8B5-D258-AF82-12DF17AE4E1E,2024-ncaa-d1-natl,ncaa,91,72,130,79,144,95,88,93,97,87,128,94,109,101,148,152,147,158,158,153,190,104,126,109,110,80,196,164,245,103,109,71,19,63,38,122,217,53,37,75,182,180,86,74,,,75,71,,,62,144,168,112,73,58,58,75,123,109,103,155,164,162,60,122,102,40,38,120,54,192,94,,75,,,63,159,145,195,107,97,125,138,246,272,160,290,160,133,285,120,150,181,170,140,152,163,268,278,168,49,19,192,109,116,38,70,60,198,192,131,132,109,88,66,,,152,183,,,62,211,61,118,64,139,121,176,82,99,246,265,152,130,120,155,134,39,185,94,72,208,125,89,,157,,,b'\x11\xe8\xe1I\xc8\xb5\xd2X\xaf\x82\x12\xdf\x17\xaeN\x1e'
11E8E149-C8B5-D258-AF82-12DF17AE4E1E,2024-ncaa-d1-ncaatournament,ncaa,37,3,37,37,38,45,46,52,44,48,49,42,41,47,31,30,45,47,14,47,38,47,45,40,35,44,23,26,31,46,26,41,7,41,16,47,38,21,46,47,65,64,34,33,,,4,8,,,49,44,14,5,34,34,30,36,30,23,25,27,33,33,28,19,26,26,27,38,48,64,20,,8,,,50,20,31,30,61,34,30,52,12,10,57,19,1,4,1,3,2,25,13,56,51,60,3,27,1,5,7,12,26,5,16,34,53,67,64,68,26,53,21,52,,,44,35,,,49,23,40,51,51,55,66,61,67,64,35,22,1,4,3,48,25,8,35,14,65,64,53,48,,27,,,b'\x11\xe8\xe1I\xc8\xb5\xd2X\xaf\x82\x12\xdf\x17\xaeN\x1e'
11E8E149-C8B5-D258-AF82-12DF17AE4E1E,2025-ncaa-d0-natl,genius_ncaa,122,91,194,113,216,124,159,211,105,209,250,129,101,152,40,120,67,121,17,119,59,195,204,82,53,81,59,108,77,261,229,73,24,140,55,120,79,129,178,121,299,306,188,192,,,34,29,,130,98,182,113,192,85,126,210,205,241,73,115,41,96,96,175,183,262,24,93,89,172,303,183,,46,,142,92,126,163,220,108,175,195,158,171,253,45,259,66,61,228,63,73,200,152,101,84,156,130,197,76,49,24,102,229,65,55,109,93,290,290,233,238,258,146,218,,,87,28,,183,98,184,96,122,93,169,200,284,200,225,187,282,88,80,83,246,175,59,124,86,134,290,264,161,,36,,179,b'\x11\xe8\xe1I\xc8\xb5\xd2X\xaf\x82\x12\xdf\x17\xaeN\x1e'
11E8E149-C8B5-D258-AF82-12DF17AE4E1E,2025-ncaa-d1-conf-MAC,genius_ncaa,4,4,3,4,3,3,5,5,6,6,5,7,2,7,3,8,2,3,4,1,4,4,4,5,4,4,4,6,4,6,5,2,4,3,5,5,4,7,4,4,9,9,2,2,,,2,2,,6,4,4,6,7,3,6,6,8,7,5,7,2,4,3,4,4,5,3,4,4,5,9,2,,2,,6,3,6,8,11,4,7,11,3,6,8,4,6,4,3,11,3,2,10,9,3,2,5,4,6,3,7,4,6,5,7,5,4,3,8,9,7,7,5,11,10,,,1,2,,9,4,9,3,5,4,6,6,10,6,9,4,6,2,2,2,9,6,6,5,5,5,10,6,10,,2,,10,b'\x11\xe8\xe1I\xc8\xb5\xd2X\xaf\x82\x12\xdf\x17\xaeN\x1e'
11E8E149-C8B5-D258-AF82-12DF17AE4E1E,2025-ncaa-d1-natl,genius_ncaa,107,91,113,103,136,89,110,155,91,173,213,105,69,108,37,111,49,95,13,95,63,142,143,62,46,67,61,103,96,223,206,47,16,90,42,71,55,143,138,84,301,313,167,186,,,43,25,,130,81,127,123,212,72,102,171,185,233,56,103,41,101,99,151,178,240,23,75,61,142,313,180,,42,,126,76,172,203,271,94,201,240,147,210,286,52,261,84,83,178,86,69,252,212,98,78,147,134,216,69,71,16,133,206,104,42,153,100,270,294,229,250,236,157,199,,,56,32,,174,81,236,76,113,76,151,193,279,182,219,191,279,73,78,82,246,169,52,106,75,137,290,227,148,,40,,181,b'\x11\xe8\xe1I\xc8\xb5\xd2X\xaf\x82\x12\xdf\x17\xaeN\x1e'
11E8E149-C8B5-D258-AF82-12DF17AE4E1E,2026-ncaa-d0-natl,genius_ncaa,212,250,116,241,142,163,183,177,234,149,128,252,260,247,261,286,63,123,10,125,166,160,132,263,204,247,203,306,32,69,30,127,232,101,94,145,75,329,312,239,217,276,248,257,,,237,199,,345,245,158,126,97,207,237,219,178,124,295,291,51,115,129,189,99,43,123,65,141,321,240,285,,234,,349,239,261,235,251,135,145,149,158,342,336,230,345,226,235,181,233,257,256,235,201,201,213,348,345,161,291,232,140,30,203,94,274,255,164,227,240,319,290,356,343,,,45,24,,87,245,225,208,236,226,251,227,279,88,77,350,353,208,206,207,283,276,283,74,155,249,184,300,353,,21,,99,b'\x11\xe8\xe1I\xc8\xb5\xd2X\xaf\x82\x12\xdf\x17\xaeN\x1e'
11E8E149-C8B5-D258-AF82-12DF17AE4E1E,2026-ncaa-d1-natl,genius_ncaa,203,249,85,236,117,160,206,161,257,167,123,267,249,228,254,260,40,80,18,87,107,143,99,269,211,249,145,282,20,58,54,119,241,80,126,137,62,348,320,256,175,239,237,245,,,251,179,,348,261,116,110,100,221,264,245,222,159,268,271,40,97,101,201,113,61,143,97,164,331,212,274,,206,,349,259,297,274,283,183,170,155,210,348,348,238,351,208,228,138,227,252,287,274,244,227,233,340,349,120,299,241,166,54,225,126,296,257,124,202,240,333,303,353,339,,,13,17,,76,261,264,233,239,243,269,250,270,112,60,350,353,178,190,190,278,278,270,89,165,276,165,308,350,,12,,98,b'\x11\xe8\xe1I\xc8\xb5\xd2X\xaf\x82\x12\xdf\x17\xaeN\x1e'
11E8E149-C8BA-0B7A-AF82-12DF17AE4E1E,2010-ncaa-d0-natl,ncaa,13,28,6,27,9,10,14,10,78,19,16,76,95,77,159,229,2,2,109,2,35,6,6,99,67,36,168,245,35,30,136,46,127,28,148,87,313,199,22,113,4,11,45,78,,,339,218,,,11,6,37,262,19,43,46,39,60,163,160,5,5,8,19,47,119,214,159,189,44,10,73,,251,,,16,303,302,308,129,322,332,131,82,139,47,41,293,295,157,302,168,316,339,89,90,16,52,28,237,264,127,337,136,333,148,90,16,2,13,2,89,15,343,285,,,1,13,,,11,341,33,15,17,71,80,92,184,219,24,30,159,171,176,103,266,85,213,161,15,7,25,323,,6,,,b'\x11\xe8\xe1I\xc8\xba\x0bz\xaf\x82\x12\xdf\x17\xaeN\x1e'
11E8E149-C8BA-0B7A-AF82-12DF17AE4E1E,2010-ncaa-d1-conf-SEC,ncaa,2,2,1,2,1,2,2,1,7,2,2,9,7,5,8,7,1,1,3,1,1,1,1,8,5,5,4,10,1,3,7,4,6,3,7,7,11,7,4,8,1,1,6,8,,,11,9,,,3,1,1,9,2,5,2,5,5,8,6,1,1,1,1,1,5,8,7,10,6,1,7,,10,,,3,8,6,8,4,10,12,4,2,3,6,1,10,10,4,10,10,10,12,4,4,2,2,1,11,7,6,12,7,11,7,5,2,1,1,1,5,3,12,12,,,1,2,,,3,12,6,1,3,4,4,3,6,9,1,1,10,10,10,4,11,5,9,7,3,1,5,11,,1,,,b'\x11\xe8\xe1I\xc8\xba\x0bz\xaf\x82\x12\xdf\x17\xaeN\x1e'
11E8E149-C8BA-0B7A-AF82-12DF17AE4E1E,2010-ncaa-d1-natl,ncaa,13,28,6,27,9,10,15,11,82,20,16,83,98,80,159,229,3,2,107,2,33,6,8,100,70,36,166,246,32,32,139,50,131,31,154,92,315,184,22,115,5,11,49,81,,,337,218,,,11,6,38,263,21,44,47,40,64,165,160,5,6,8,22,49,123,218,164,196,44,11,74,,252,,,16,299,295,308,132,317,331,134,71,124,49,40,289,290,156,297,166,314,339,95,95,18,50,29,235,257,131,335,139,332,154,83,16,2,13,2,83,16,343,287,,,1,12,,,11,340,34,15,17,72,84,94,189,219,24,31,162,174,181,103,265,88,215,163,15,7,26,323,,6,,,b'\x11\xe8\xe1I\xc8\xba\x0bz\xaf\x82\x12\xdf\x17\xaeN\x1e'
11E8E149-C8BA-0B7A-AF82-12DF17AE4E1E,2010-ncaa-d1-ncaatournament,ncaa,5,2,5,5,6,4,6,7,15,6,7,21,8,9,14,48,4,4,30,4,11,6,7,17,14,9,29,41,13,8,24,9,26,8,24,12,49,56,14,26,1,5,17,48,,,60,38,,,14,5,17,9,12,16,32,16,25,28,46,5,6,6,18,22,29,56,45,32,11,4,46,,34,,,17,61,62,58,54,62,59,58,43,51,27,14,62,60,47,60,40,58,59,52,54,43,17,14,38,55,26,60,24,57,24,54,3,2,12,7,58,24,47,15,,,4,9,,,14,60,12,32,15,41,42,18,49,35,16,12,37,33,33,19,30,9,18,9,13,8,27,18,,8,,,b'\x11\xe8\xe1I\xc8\xba\x0bz\xaf\x82\x12\xdf\x17\xaeN\x1e'
11E8E149-C8BA-0B7A-AF82-12DF17AE4E1E,2011-ncaa-d0-natl,ncaa,24,36,26,35,34,32,49,18,198,52,26,201,105,78,213,207,8,7,155,7,42,13,14,207,175,131,135,219,34,14,58,178,179,50,158,192,334,210,37,215,21,30,111,144,,,326,239,,,37,19,37,232,44,81,26,87,51,154,136,13,5,5,13,22,22,306,141,272,97,26,147,,260,,,39,278,279,236,266,286,281,195,189,96,332,59,244,258,143,257,193,252,314,263,258,74,123,135,188,183,179,335,58,309,158,73,7,4,2,1,24,1,339,283,,,8,31,,,37,323,93,49,48,137,145,61,170,153,109,31,160,174,173,62,257,76,248,172,22,2,7,326,,6,,,b'\x11\xe8\xe1I\xc8\xba\x0bz\xaf\x82\x12\xdf\x17\xaeN\x1e'
11E8E149-C8BA-0B7A-AF82-12DF17AE4E1E,2011-ncaa-d1-conf-SEC,ncaa,2,2,1,2,1,2,3,1,7,3,1,7,6,3,10,9,1,1,1,1,2,1,1,10,5,5,3,11,1,1,3,10,4,6,6,6,10,9,4,10,1,1,10,10,,,12,12,,,4,1,2,8,3,4,2,6,3,8,3,1,1,1,1,1,1,12,10,9,7,1,10,,11,,,4,11,10,1,12,10,7,11,8,2,12,2,8,10,6,10,10,4,10,11,12,7,4,6,9,2,4,11,3,7,6,4,2,1,1,1,3,1,12,12,,,1,4,,,4,12,3,5,4,7,7,1,6,1,5,2,8,8,8,1,5,2,9,3,3,1,1,12,,1,,,b'\x11\xe8\xe1I\xc8\xba\x0bz\xaf\x82\x12\xdf\x17\xaeN\x1e'
11E8E149-C8BA-0B7A-AF82-12DF17AE4E1E,2011-ncaa-d1-natl,ncaa,25,35,28,36,38,34,53,20,205,57,29,205,118,82,212,205,8,7,154,7,43,14,15,215,176,132,134,217,32,17,62,198,181,62,167,206,335,190,38,215,22,35,119,148,,,323,241,,,41,20,39,229,44,83,27,91,54,155,135,13,6,6,13,22,25,310,150,275,95,27,150,,261,,,43,266,266,214,273,272,272,205,179,84,336,55,234,246,146,243,191,230,311,266,265,82,119,134,189,166,181,334,62,304,167,56,7,4,2,1,17,1,338,288,,,8,30,,,41,322,92,51,52,143,151,63,173,159,112,29,165,173,172,62,258,76,253,176,22,2,7,327,,6,,,b'\x11\xe8\xe1I\xc8\xba\x0bz\xaf\x82\x12\xdf\x17\xaeN\x1e'
11E8E149-C8BA-0B7A-AF82-12DF17AE4E1E,2011-ncaa-d1-ncaatournament,ncaa,17,2,17,17,17,21,23,17,48,24,18,50,19,17,33,33,21,24,24,24,41,17,20,49,46,33,23,26,29,21,43,30,52,26,52,23,43,26,1,9,26,32,17,20,,,47,45,,,35,18,22,2,17,22,3,24,6,19,13,19,21,24,2,8,17,49,35,27,2,26,14,,53,,,30,46,44,44,30,46,47,20,34,32,53,7,53,44,57,44,36,44,46,28,38,33,35,20,53,46,52,52,43,49,52,45,43,19,17,23,22,2,56,47,,,19,18,,,35,45,35,38,35,44,38,41,40,52,20,7,55,47,45,44,54,47,59,58,41,11,3,58,,12,,,b'\x11\xe8\xe1I\xc8\xba\x0bz\xaf\x82\x12\xdf\x17\xaeN\x1e'
11E8E149-C8BA-0B7A-AF82-12DF17AE4E1E,2012-ncaa-d0-natl,ncaa,11,17,11,17,21,7,10,6,99,19,18,103,34,28,98,147,11,5,224,6,79,6,5,98,101,81,126,140,141,2,7,203,270,31,87,77,308,314,69,176,7,19,80,113,,,342,312,,,13,5,13,262,16,24,8,43,48,71,69,24,15,17,5,6,2,330,120,165,196,12,120,,330,,,13,280,267,213,273,322,302,265,21,25,67,9,322,330,93,330,291,260,338,209,236,25,26,5,299,255,270,294,7,298,87,112,21,1,2,1,145,12,314,189,,,3,89,,,13,339,31,15,13,111,114,20,233,157,5,5,270,284,284,43,301,116,118,107,35,1,56,258,,7,,,b'\x11\xe8\xe1I\xc8\xba\x0bz\xaf\x82\x12\xdf\x17\xaeN\x1e'
11E8E149-C8BA-0B7A-AF82-12DF17AE4E1E,2012-ncaa-d1-conf-SEC,ncaa,2,1,4,2,7,2,2,1,7,5,2,8,1,3,3,4,4,3,4,3,4,1,1,7,6,5,1,1,5,1,2,10,9,5,8,8,12,5,3,7,1,3,8,7,,,12,12,,,2,2,1,8,2,3,1,5,2,1,3,4,3,3,1,1,1,11,6,8,5,1,7,,12,,,2,8,5,2,11,9,7,11,2,1,9,1,12,12,2,12,11,4,12,11,11,1,2,2,12,6,9,10,2,9,8,2,2,1,1,1,3,2,10,9,,,3,4,,,2,12,4,1,2,7,6,2,9,6,2,1,12,12,12,3,12,4,10,9,3,1,3,11,,3,,,b'\x11\xe8\xe1I\xc8\xba\x0bz\xaf\x82\x12\xdf\x17\xaeN\x1e'
11E8E149-C8BA-0B7A-AF82-12DF17AE4E1E,2012-ncaa-d1-natl,ncaa,12,17,12,17,22,7,11,6,105,22,20,107,38,31,99,148,12,7,222,8,77,6,5,105,103,83,123,140,141,2,7,236,273,35,96,83,311,306,74,181,7,20,84,116,,,342,313,,,13,5,14,262,17,24,8,46,50,72,70,23,16,17,6,6,3,333,131,174,199,15,121,,331,,,13,268,253,191,276,313,295,268,16,21,71,9,322,326,96,326,292,245,337,212,240,26,25,5,300,237,273,288,7,285,96,97,22,1,2,1,128,13,311,193,,,3,85,,,13,339,34,16,14,117,121,20,238,162,5,5,272,287,286,43,302,123,118,112,37,1,56,260,,7,,,b'\x11\xe8\xe1I\xc8\xba\x0bz\xaf\x82\x12\xdf\x17\xaeN\x1e'
11E8E149-C8BA-0B7A-AF82-12DF17AE4E1E,2012-ncaa-d1-ncaatournament,ncaa,5,2,5,5,5,6,8,7,27,9,8,31,3,4,17,27,5,5,40,5,15,6,5,23,22,35,18,26,16,5,14,7,28,6,13,6,22,62,54,42,5,25,7,23,,,63,47,,,14,5,7,5,20,29,39,32,40,18,26,11,8,10,22,8,12,24,11,20,58,21,20,,53,,,16,59,57,58,12,60,60,14,46,53,14,9,64,63,55,62,35,60,60,10,17,15,26,11,53,60,28,58,14,58,13,60,43,5,22,25,64,57,34,10,,,4,9,,,14,60,27,16,15,25,15,41,31,53,8,13,51,48,48,49,57,40,12,21,36,16,57,7,,6,,,b'\x11\xe8\xe1I\xc8\xba\x0bz\xaf\x82\x12\xdf\x17\xaeN\x1e'
11E8E149-C8BA-0B7A-AF82-12DF17AE4E1E,2013-ncaa-d0-natl,ncaa,8,14,8,14,9,6,6,3,55,15,16,48,18,18,73,103,29,26,139,26,180,3,4,49,51,37,160,113,266,4,26,107,143,24,77,56,322,243,29,100,4,10,10,21,,,342,278,,,6,6,37,247,7,11,5,27,65,40,50,87,94,89,5,17,18,304,131,127,84,8,23,,288,,,10,280,276,267,224,312,321,197,44,47,112,15,309,320,113,323,219,288,339,164,188,27,43,13,266,222,143,311,26,296,77,111,17,1,2,3,62,3,204,61,,,12,206,,,6,340,18,17,12,75,85,27,185,154,11,7,224,235,235,46,232,62,118,81,25,1,20,115,,70,,,b'\x11\xe8\xe1I\xc8\xba\x0bz\xaf\x82\x12\xdf\x17\xaeN\x1e'
11E8E149-C8BA-0B7A-AF82-12DF17AE4E1E,2013-ncaa-d1-conf-SEC,ncaa,1,2,1,2,1,1,1,1,4,3,2,5,1,1,2,3,2,2,4,2,2,1,1,4,4,3,2,2,8,1,2,9,7,3,7,4,13,7,1,3,1,1,1,1,,,14,10,,,1,1,2,8,2,2,1,4,5,2,3,2,2,2,1,1,2,11,7,7,4,1,1,,11,,,1,11,11,9,12,12,11,12,4,2,8,1,11,11,6,11,9,9,13,11,10,5,4,2,9,5,7,13,2,13,7,4,2,1,1,1,3,2,8,6,,,2,6,,,1,14,2,4,2,7,8,3,11,8,2,2,9,9,9,3,11,2,9,5,2,1,3,6,,2,,,b'\x11\xe8\xe1I\xc8\xba\x0bz\xaf\x82\x12\xdf\x17\xaeN\x1e'
11E8E149-C8BA-0B7A-AF82-12DF17AE4E1E,2013-ncaa-d1-natl,ncaa,8,14,8,14,10,6,6,3,57,16,17,51,21,20,72,103,33,30,140,29,181,3,4,53,51,38,154,113,265,5,27,119,146,26,83,63,322,235,29,103,4,13,11,22,,,341,278,,,6,6,38,247,8,11,5,28,66,39,50,87,96,91,5,18,19,306,137,136,83,11,23,,290,,,10,272,268,255,231,309,319,202,38,39,116,16,304,315,118,317,219,280,339,167,195,32,44,13,267,210,146,306,27,289,83,102,19,1,2,3,53,4,194,66,,,14,203,,,6,340,20,17,13,83,89,28,191,158,12,8,226,237,236,46,232,63,121,83,25,1,20,116,,71,,,b'\x11\xe8\xe1I\xc8\xba\x0bz\xaf\x82\x12\xdf\x17\xaeN\x1e'
11E8E149-C8BA-0B7A-AF82-12DF17AE4E1E,2013-ncaa-d1-ncaatournament,ncaa,5,2,5,5,6,6,7,6,26,8,7,27,6,4,39,33,8,9,35,8,33,6,5,30,28,31,35,35,35,6,32,12,20,8,23,12,55,61,41,51,4,7,10,27,,,60,47,,,17,5,11,7,24,24,21,20,28,32,29,29,28,29,25,19,28,42,39,45,43,10,31,,47,,,19,59,57,55,34,60,55,39,48,48,23,26,64,62,49,62,54,56,57,33,46,22,36,20,59,49,20,60,32,57,23,54,12,4,3,2,58,30,58,29,,,5,24,,,17,59,31,13,19,26,10,5,27,12,16,18,54,48,52,8,29,12,36,18,5,4,32,36,,16,,,b'\x11\xe8\xe1I\xc8\xba\x0bz\xaf\x82\x12\xdf\x17\xaeN\x1e'
11E8E149-C8BA-0B7A-AF82-12DF17AE4E1E,2014-ncaa-d0-natl,ncaa,26,41,15,40,15,9,11,9,43,11,7,77,98,129,68,267,13,8,241,8,150,8,6,72,78,55,263,247,163,7,40,33,126,14,65,56,298,281,49,118,15,53,46,98,,,343,207,,,18,8,15,12,14,10,14,9,11,152,190,27,16,20,11,9,18,93,24,108,143,30,71,,299,,,19,331,331,331,147,339,345,148,119,168,63,55,317,327,116,327,164,337,343,106,114,48,52,40,224,298,126,312,40,317,65,188,19,7,39,19,78,7,330,171,,,13,169,,,18,342,33,39,25,206,218,257,271,311,47,73,229,245,247,276,330,172,175,171,74,13,29,292,,29,,,b'\x11\xe8\xe1I\xc8\xba\x0bz\xaf\x82\x12\xdf\x17\xaeN\x1e'
11E8E149-C8BA-0B7A-AF82-12DF17AE4E1E,2014-ncaa-d1-conf-SEC,ncaa,4,4,1,4,3,2,2,1,6,3,4,7,4,5,7,7,4,3,11,3,5,1,1,7,7,5,9,8,7,3,7,4,5,2,6,7,11,4,3,5,4,7,5,7,,,12,9,,,4,1,1,8,2,3,1,4,4,6,7,4,3,3,1,1,3,5,4,10,4,5,6,,9,,,4,12,13,13,8,13,13,7,7,7,7,4,8,9,8,8,6,13,14,6,6,8,3,3,9,8,5,14,7,12,6,7,2,3,8,6,2,1,9,6,,,3,10,,,4,14,4,6,4,10,11,9,13,11,5,6,8,7,7,10,13,6,13,11,6,6,2,7,,5,,,b'\x11\xe8\xe1I\xc8\xba\x0bz\xaf\x82\x12\xdf\x17\xaeN\x1e'
11E8E149-C8BA-0B7A-AF82-12DF17AE4E1E,2014-ncaa-d1-natl,ncaa,28,40,16,40,16,10,11,9,45,12,8,78,105,134,70,265,16,9,242,10,150,9,7,73,82,58,262,249,162,9,41,34,129,17,65,63,302,264,48,121,17,61,51,99,,,340,206,,,19,10,17,11,14,10,15,10,11,152,190,29,17,20,11,10,18,98,28,111,144,34,73,,301,,,20,327,328,329,156,338,344,155,110,156,66,50,311,317,119,318,165,334,341,115,118,53,49,38,225,288,129,304,41,313,65,174,20,8,44,23,70,8,327,172,,,13,172,,,19,340,34,44,27,212,227,261,275,313,50,72,231,248,248,279,330,178,178,176,76,18,31,294,,32,,,b'\x11\xe8\xe1I\xc8\xba\x0bz\xaf\x82\x12\xdf\x17\xaeN\x1e'
11E8E149-C8BA-0B7A-AF82-12DF17AE4E1E,2014-ncaa-d1-ncaatournament,ncaa,9,2,9,9,10,10,9,9,23,8,9,29,11,18,11,56,9,9,31,9,34,10,10,25,23,17,49,47,23,7,10,11,37,10,17,11,50,51,27,31,9,31,4,9,,,56,42,,,6,9,5,3,4,6,7,5,4,36,53,15,15,16,7,6,9,5,2,24,37,17,5,,53,,,5,53,53,56,6,54,57,7,43,50,11,24,59,60,26,60,38,56,56,5,5,8,35,23,53,61,37,54,10,55,17,46,10,10,42,12,45,20,50,19,,,13,41,,,6,56,12,10,6,32,26,61,31,58,21,34,48,50,50,62,62,58,25,39,9,27,29,31,,26,,,b'\x11\xe8\xe1I\xc8\xba\x0bz\xaf\x82\x12\xdf\x17\xaeN\x1e'
11E8E149-C8BA-0B7A-AF82-12DF17AE4E1E,2015-ncaa-d0-natl,ncaa,33,50,26,48,31,15,27,15,161,20,8,154,180,144,265,277,2,1,227,1,36,6,6,202,175,131,227,294,26,8,47,70,255,27,153,204,345,284,56,267,25,84,43,90,,,349,270,,,52,8,5,84,20,31,7,17,12,230,199,3,1,1,5,6,16,200,51,287,182,46,62,,334,,,56,338,328,319,206,330,330,176,183,173,192,44,342,344,185,342,268,333,343,173,206,98,139,62,298,317,255,333,47,333,153,224,69,4,31,20,120,19,348,287,,,3,45,,,52,344,93,96,67,283,244,248,286,304,109,86,321,322,321,303,343,256,274,280,122,7,63,345,,4,,,b'\x11\xe8\xe1I\xc8\xba\x0bz\xaf\x82\x12\xdf\x17\xaeN\x1e'
11E8E149-C8BA-0B7A-AF82-12DF17AE4E1E,2015-ncaa-d1-conf-SEC,ncaa,3,4,1,4,1,2,2,1,7,3,1,9,4,3,7,10,1,1,3,1,8,1,1,8,8,4,8,9,5,1,6,4,12,2,10,12,14,9,1,10,3,6,2,5,,,14,5,,,4,1,1,3,2,2,1,4,2,5,5,2,2,2,1,1,1,5,2,14,6,3,3,,12,,,4,14,14,14,5,14,14,5,14,14,13,7,14,14,7,14,9,14,14,6,7,6,9,8,10,14,12,14,6,14,10,13,8,1,4,5,3,1,14,13,,,2,10,,,4,14,4,8,4,14,13,14,12,14,13,11,12,11,11,14,14,13,14,14,11,1,1,13,,3,,,b'\x11\xe8\xe1I\xc8\xba\x0bz\xaf\x82\x12\xdf\x17\xaeN\x1e'
11E8E149-C8BA-0B7A-AF82-12DF17AE4E1E,2015-ncaa-d1-natl,ncaa,36,50,30,50,36,17,32,17,169,23,9,168,195,154,271,276,2,1,226,1,35,7,6,213,182,139,224,296,25,9,53,92,262,29,161,230,345,268,57,273,33,90,49,93,,,349,276,,,61,8,5,84,21,32,8,19,13,231,198,3,1,1,5,6,17,209,57,299,184,49,65,,334,,,64,337,322,312,216,327,327,190,166,161,200,43,341,343,189,341,266,329,342,185,216,109,137,61,298,310,262,330,53,330,161,213,70,4,37,23,110,19,348,296,,,3,42,,,61,344,98,103,76,288,253,249,291,305,109,82,321,323,322,303,343,259,275,282,126,8,65,345,,4,,,b'\x11\xe8\xe1I\xc8\xba\x0bz\xaf\x82\x12\xdf\x17\xaeN\x1e'
11E8E149-C8BA-0B7A-AF82-12DF17AE4E1E,2015-ncaa-d1-ncaatournament,ncaa,17,2,17,17,32,16,18,19,14,18,18,20,21,30,19,52,10,5,41,5,4,15,17,17,16,5,26,48,4,15,23,18,12,17,18,22,49,33,5,13,6,4,17,11,,,49,40,,,6,18,3,64,1,3,9,3,7,26,39,1,1,1,2,4,8,15,8,21,12,2,13,,54,,,2,41,38,42,13,32,38,6,48,46,52,56,52,48,57,48,44,42,47,23,33,16,62,57,48,35,12,42,23,37,18,41,31,9,3,3,27,7,45,34,,,11,1,,,6,48,3,9,2,39,18,38,6,22,54,53,50,41,41,42,63,18,37,31,29,2,11,40,,1,,,b'\x11\xe8\xe1I\xc8\xba\x0bz\xaf\x82\x12\xdf\x17\xaeN\x1e'
11E8E149-C8BA-0B7A-AF82-12DF17AE4E1E,2016-ncaa-d0-natl,ncaa,31,30,38,35,58,26,18,42,18,12,12,33,204,279,26,325,51,49,144,42,224,38,37,30,34,30,321,306,204,97,75,36,80,47,43,63,265,207,87,87,198,267,75,109,,,255,149,,,19,29,57,225,22,17,62,8,15,236,312,78,73,66,52,68,151,60,76,72,136,253,101,,182,,,15,197,225,301,54,217,290,55,205,252,90,180,116,155,39,156,84,292,310,53,36,35,133,198,94,227,80,121,75,151,43,225,201,53,105,105,63,18,328,207,,,29,101,,,19,311,31,35,21,95,128,228,142,223,161,194,64,97,101,203,256,135,40,50,156,76,34,304,,56,,,b'\x11\xe8\xe1I\xc8\xba\x0bz\xaf\x82\x12\xdf\x17\xaeN\x1e'
11E8E149-C8BA-0B7A-AF82-12DF17AE4E1E,2016-ncaa-d1-conf-SEC,ncaa,3,4,1,4,4,2,1,2,2,1,1,2,10,10,5,12,3,2,6,2,7,1,1,3,3,2,11,12,7,4,4,3,3,3,3,5,13,9,6,5,11,12,8,11,,,10,5,,,4,1,2,10,3,1,4,2,2,11,12,4,3,2,2,2,5,5,5,7,6,11,9,,5,,,4,14,14,14,10,12,13,8,14,13,13,11,4,5,5,5,4,14,13,10,8,10,10,13,1,9,3,6,4,8,3,13,10,6,11,13,5,2,14,9,,,3,8,,,4,14,2,10,5,11,13,11,10,11,14,11,2,3,3,11,11,5,5,5,12,11,3,13,,5,,,b'\x11\xe8\xe1I\xc8\xba\x0bz\xaf\x82\x12\xdf\x17\xaeN\x1e'
11E8E149-C8BA-0B7A-AF82-12DF17AE4E1E,2016-ncaa-d1-natl,ncaa,38,30,51,36,76,32,20,52,18,14,15,35,216,286,26,325,60,64,144,52,225,49,49,31,35,31,321,304,203,115,80,43,86,58,44,72,267,180,90,90,223,278,82,111,,,239,152,,,19,41,62,218,26,20,66,9,17,240,312,78,74,68,56,72,160,63,85,81,134,260,107,,186,,,16,176,211,289,64,196,275,60,192,231,96,177,103,140,45,141,85,276,297,59,40,41,130,195,95,203,86,88,80,115,44,207,204,62,116,112,46,20,326,218,,,39,98,,,19,299,33,38,23,102,132,228,149,229,161,188,66,100,102,206,254,134,41,52,162,85,35,305,,53,,,b'\x11\xe8\xe1I\xc8\xba\x0bz\xaf\x82\x12\xdf\x17\xaeN\x1e'
11E8E149-C8BA-0B7A-AF82-12DF17AE4E1E,2016-ncaa-d1-ncaatournament,ncaa,9,2,9,9,9,12,11,9,18,10,11,29,10,12,14,49,11,11,33,11,34,10,14,22,20,8,37,40,27,12,26,9,11,9,13,12,47,34,2,6,20,48,10,11,,,49,12,,,3,12,16,1,7,6,9,7,9,23,42,17,15,16,8,23,29,1,3,17,2,50,15,,11,,,2,50,50,54,3,47,50,8,52,57,15,61,39,43,17,42,16,53,52,7,3,7,50,60,18,51,11,53,26,53,13,47,21,16,44,23,32,4,49,25,,,14,29,,,3,53,7,6,3,7,15,48,5,20,43,59,10,11,9,39,31,27,28,26,11,46,4,32,,20,,,b'\x11\xe8\xe1I\xc8\xba\x0bz\xaf\x82\x12\xdf\x17\xaeN\x1e'
11E8E149-C8BA-0B7A-AF82-12DF17AE4E1E,2017-ncaa-d0-natl,ncaa,57,75,45,75,47,49,55,62,66,35,48,62,189,176,207,243,25,46,38,45,136,50,85,90,71,35,253,281,83,149,164,105,64,112,105,126,284,19,13,55,223,255,240,270,,,80,41,,,54,71,232,73,59,61,127,41,84,220,222,34,69,70,99,228,212,195,223,187,10,274,269,,32,,,58,249,285,281,207,261,271,157,263,224,297,186,81,53,269,55,35,249,242,212,188,200,121,248,42,75,64,201,164,156,105,302,248,155,206,247,17,15,321,260,,,51,55,,,54,276,41,162,62,138,200,175,190,188,223,157,51,34,34,98,78,36,89,52,248,229,14,295,,83,,,b'\x11\xe8\xe1I\xc8\xba\x0bz\xaf\x82\x12\xdf\x17\xaeN\x1e'
11E8E149-C8BA-0B7A-AF82-12DF17AE4E1E,2017-ncaa-d1-conf-SEC,ncaa,3,3,5,3,6,3,5,5,4,6,8,3,8,8,8,7,3,6,4,6,5,5,7,4,4,3,7,7,6,11,9,10,2,9,7,9,12,2,1,5,9,8,13,13,,,2,3,,,3,8,9,6,3,4,5,6,7,6,7,3,6,6,4,10,10,11,11,10,1,9,13,,2,,,3,8,10,6,12,8,7,10,11,4,14,7,3,3,13,3,4,5,4,12,11,11,7,10,3,1,2,7,9,2,7,12,10,7,5,8,2,3,9,11,,,5,7,,,3,7,2,9,3,8,9,5,10,6,9,5,3,2,2,4,3,1,7,5,10,6,3,10,,7,,,b'\x11\xe8\xe1I\xc8\xba\x0bz\xaf\x82\x12\xdf\x17\xaeN\x1e'
11E8E149-C8BA-0B7A-AF82-12DF17AE4E1E,2017-ncaa-d1-natl,ncaa,69,75,56,80,63,57,63,77,70,44,57,66,198,196,211,239,33,50,39,48,133,65,111,95,77,40,251,279,79,178,175,132,66,149,112,149,285,13,14,57,247,265,251,272,,,50,42,,,69,90,234,69,65,70,132,45,89,219,221,36,71,72,105,236,223,209,235,194,10,282,273,,31,,,70,227,275,263,220,245,256,167,253,204,303,187,62,47,272,47,36,220,211,224,199,210,118,249,42,58,66,171,175,114,112,293,253,183,210,257,11,14,315,263,,,61,51,,,69,255,45,174,70,143,209,175,196,194,226,159,53,32,33,102,74,38,94,55,256,233,13,297,,82,,,b'\x11\xe8\xe1I\xc8\xba\x0bz\xaf\x82\x12\xdf\x17\xaeN\x1e'
11E8E149-C8BA-0B7A-AF82-12DF17AE4E1E,2017-ncaa-d1-ncaatournament,ncaa,17,2,17,17,18,23,22,18,35,20,19,39,26,27,35,47,18,21,26,21,24,17,21,40,38,27,42,42,14,17,30,25,21,19,22,22,20,29,5,6,42,56,22,30,,,33,10,,,36,25,30,6,19,23,19,17,15,37,41,16,16,16,12,26,18,25,16,18,8,54,26,,12,,,34,45,47,45,41,45,41,40,44,44,33,41,26,35,9,33,17,43,40,36,32,41,21,36,7,39,21,47,30,43,22,43,36,37,56,54,23,13,59,49,,,21,12,,,36,41,21,40,32,44,49,49,45,36,41,45,12,21,19,46,29,28,41,32,39,56,14,51,,13,,,b'\x11\xe8\xe1I\xc8\xba\x0bz\xaf\x82\x12\xdf\x17\xaeN\x1e'
11E8E149-C8BA-0B7A-AF82-12DF17AE4E1E,2018-ncaa-d0-natl,ncaa,170,207,73,193,107,95,87,111,79,87,78,143,126,208,29,251,129,165,81,165,258,113,144,88,82,68,215,176,204,130,90,214,228,174,140,132,239,54,58,83,194,204,112,113,,,231,226,,,121,161,277,278,101,99,164,96,114,150,249,161,202,203,173,266,162,296,260,153,45,228,135,,184,,,125,258,214,194,215,158,173,158,284,223,318,215,252,217,309,217,223,205,189,246,262,255,284,261,223,187,228,97,90,116,140,315,338,182,193,283,16,21,322,266,,,128,133,,,121,189,58,257,118,176,149,94,98,86,255,176,212,181,182,87,78,139,47,60,289,223,15,300,,179,,,b'\x11\xe8\xe1I\xc8\xba\x0bz\xaf\x82\x12\xdf\x17\xaeN\x1e'
11E8E149-C8BA-0B7A-AF82-12DF17AE4E1E,2018-ncaa-d1-conf-SEC,ncaa,8,9,4,9,7,6,7,10,6,7,9,9,7,8,4,7,6,9,3,8,10,11,11,6,6,5,8,7,6,12,10,12,12,12,10,9,9,4,5,8,7,7,9,8,,,8,7,,,9,9,13,8,9,8,12,8,9,7,9,7,9,9,11,13,12,13,14,10,4,7,10,,8,,,9,10,7,5,9,4,2,8,14,13,13,14,8,6,12,6,10,5,6,11,10,11,13,14,7,9,12,5,10,6,10,14,14,7,7,11,2,3,13,14,,,9,6,,,9,5,5,11,9,9,7,4,4,2,14,11,7,6,6,3,3,8,4,7,14,8,2,13,,10,,,b'\x11\xe8\xe1I\xc8\xba\x0bz\xaf\x82\x12\xdf\x17\xaeN\x1e'
11E8E149-C8BA-0B7A-AF82-12DF17AE4E1E,2018-ncaa-d1-natl,ncaa,186,207,97,201,134,106,106,136,83,104,93,152,138,227,29,250,148,190,79,192,258,144,189,94,83,71,207,177,200,153,103,251,234,218,150,150,245,40,60,88,214,210,130,120,,,207,231,,,140,205,280,279,107,110,171,103,119,159,253,162,204,207,185,271,172,305,270,162,47,235,140,,185,,,143,236,187,153,231,135,138,171,274,196,328,210,235,200,313,197,223,164,143,261,277,270,282,257,220,162,234,70,103,87,150,309,338,211,202,288,11,20,314,274,,,167,131,,,140,146,60,271,133,185,159,98,107,89,258,177,217,185,184,94,78,141,52,63,295,230,15,305,,181,,,b'\x11\xe8\xe1I\xc8\xba\x0bz\xaf\x82\x12\xdf\x17\xaeN\x1e'
11E8E149-C8BA-0B7A-AF82-12DF17AE4E1E,2019-ncaa-d0-natl,ncaa,31,34,47,37,57,47,54,37,124,66,43,202,60,112,24,198,70,103,42,106,229,44,62,106,92,58,128,134,188,79,136,262,279,181,248,104,262,42,20,69,8,7,117,117,,,291,251,,,24,62,173,132,62,67,45,104,73,81,151,93,153,162,52,139,127,340,303,145,25,12,147,,235,,,25,151,144,122,223,206,196,190,63,44,203,35,224,286,14,280,258,147,278,195,181,34,96,61,250,238,279,274,136,267,248,217,263,3,4,19,49,27,305,220,,,48,102,,,24,281,46,33,27,48,57,14,116,79,30,18,161,239,232,19,155,141,161,155,145,6,30,274,,95,,,b'\x11\xe8\xe1I\xc8\xba\x0bz\xaf\x82\x12\xdf\x17\xaeN\x1e'
11E8E149-C8BA-0B7A-AF82-12DF17AE4E1E,2019-ncaa-d1-conf-SEC,ncaa,5,4,9,4,10,9,9,8,12,10,10,13,4,5,5,6,10,11,6,10,12,9,11,9,9,9,5,5,11,11,10,13,13,14,13,8,8,4,5,6,2,2,6,4,,,9,12,,,5,12,10,3,8,7,6,9,9,4,5,10,10,10,7,7,9,13,13,7,5,2,5,,11,,,5,2,1,1,7,2,2,7,2,2,8,2,10,12,1,12,13,2,2,8,8,2,9,4,14,7,13,10,10,9,13,7,12,3,2,4,2,5,12,12,,,8,7,,,5,2,9,3,5,4,1,2,5,2,2,2,12,13,13,3,7,10,11,12,9,2,3,13,,7,,,b'\x11\xe8\xe1I\xc8\xba\x0bz\xaf\x82\x12\xdf\x17\xaeN\x1e'
11E8E149-C8BA-0B7A-AF82-12DF17AE4E1E,2019-ncaa-d1-natl,ncaa,39,34,62,38,76,64,70,52,136,86,54,216,74,121,26,199,85,126,39,135,228,58,85,111,99,65,119,130,183,110,148,296,292,228,263,125,266,33,20,72,16,12,129,119,,,264,254,,,29,90,176,128,70,76,50,117,78,82,152,97,158,169,60,143,131,342,309,154,26,22,148,,233,,,29,110,114,77,240,179,163,207,47,29,219,33,208,268,14,260,258,97,244,216,193,45,94,54,247,212,292,246,148,231,263,201,266,4,4,26,38,27,298,229,,,62,102,,,29,254,54,41,32,53,69,15,123,90,30,14,168,244,232,19,154,144,167,164,152,8,32,278,,98,,,b'\x11\xe8\xe1I\xc8\xba\x0bz\xaf\x82\x12\xdf\x17\xaeN\x1e'
11E8E149-C8BA-0B7A-AF82-12DF17AE4E1E,2019-ncaa-d1-ncaatournament,ncaa,17,2,17,17,19,23,30,27,36,31,30,39,13,16,11,20,20,21,33,21,18,22,32,27,25,11,13,16,25,28,41,32,57,31,50,27,42,12,3,5,10,7,33,40,,,42,43,,,37,32,55,7,23,35,40,45,46,9,21,21,21,22,32,58,44,52,52,38,2,6,38,,38,,,32,43,41,34,38,41,36,36,49,40,48,46,44,47,21,44,50,36,38,46,48,42,52,49,41,48,57,46,41,47,50,42,51,15,13,33,16,6,18,16,,,23,22,,,37,33,10,49,33,38,30,15,20,11,48,35,42,47,43,16,24,50,39,47,42,14,6,7,,34,,,b'\x11\xe8\xe1I\xc8\xba\x0bz\xaf\x82\x12\xdf\x17\xaeN\x1e'
11E8E149-C8BA-0B7A-AF82-12DF17AE4E1E,2020-ncaa-d0-natl,ncaa,39,42,87,46,169,47,77,82,100,180,201,150,15,47,20,77,68,96,96,100,99,77,169,65,61,30,37,45,170,143,150,310,236,265,245,102,192,14,13,33,76,69,115,107,,,254,262,,,24,171,184,273,39,75,81,205,231,23,54,81,111,113,75,195,156,338,308,109,14,85,130,,235,,,26,96,107,46,249,214,167,239,13,15,75,19,239,272,101,269,262,69,177,178,197,63,32,11,295,112,236,190,150,156,245,137,191,17,17,30,6,5,286,288,,,72,78,,,24,189,27,58,23,74,73,15,191,150,5,7,230,251,249,27,133,99,163,129,114,22,6,277,,95,,,b'\x11\xe8\xe1I\xc8\xba\x0bz\xaf\x82\x12\xdf\x17\xaeN\x1e'
11E8E149-C8BA-0B7A-AF82-12DF17AE4E1E,2020-ncaa-d1-conf-SEC,ncaa,4,3,4,4,7,4,5,4,9,12,11,10,2,2,3,2,4,6,2,5,3,4,8,7,6,4,2,2,2,8,9,13,12,13,12,9,10,1,2,5,5,3,8,9,,,14,14,,,5,9,10,7,4,6,4,12,12,2,2,3,6,6,4,9,8,13,13,10,2,4,8,,14,,,5,9,7,2,11,10,8,11,2,1,10,1,14,14,6,14,14,5,6,11,12,8,4,2,14,8,12,10,9,11,12,11,10,3,3,3,1,1,10,13,,,6,4,,,5,8,4,8,5,8,8,2,8,4,2,1,14,14,14,3,6,7,9,10,8,3,1,10,,4,,,b'\x11\xe8\xe1I\xc8\xba\x0bz\xaf\x82\x12\xdf\x17\xaeN\x1e'
11E8E149-C8BA-0B7A-AF82-12DF17AE4E1E,2020-ncaa-d1-natl,ncaa,47,42,128,48,234,61,89,110,102,208,239,161,26,62,23,76,83,116,96,121,97,102,219,69,64,31,37,45,165,170,160,329,246,301,255,122,194,11,14,35,94,73,130,114,,,234,266,,,33,225,187,273,42,80,84,217,236,24,55,81,114,117,81,201,164,338,317,120,14,95,131,,238,,,33,74,82,23,260,195,149,246,8,11,76,17,225,252,103,250,265,41,120,188,210,73,32,10,296,98,246,162,160,130,255,124,195,25,19,34,4,5,278,295,,,101,75,,,33,136,31,66,27,77,81,18,200,151,6,8,233,254,252,30,129,102,166,136,123,27,6,282,,95,,,b'\x11\xe8\xe1I\xc8\xba\x0bz\xaf\x82\x12\xdf\x17\xaeN\x1e'
11E8E149-C8BA-0B7A-AF82-12DF17AE4E1E,2021-ncaa-d0-natl,ncaa,36,104,26,72,31,28,23,24,66,24,24,85,39,50,53,158,104,115,99,119,288,25,28,69,77,42,189,127,284,28,88,74,271,55,183,51,243,158,20,51,24,66,37,120,,,294,143,,,59,37,174,190,44,39,39,56,79,73,111,213,238,243,59,137,96,254,191,116,23,58,87,,167,,,69,304,313,304,236,325,320,207,172,185,150,27,293,304,97,315,158,310,316,183,172,174,34,35,179,325,271,295,88,310,183,209,23,50,157,87,115,13,294,148,,,131,315,,,59,309,28,196,65,188,221,175,282,282,50,42,197,226,227,192,203,245,128,168,65,146,13,193,,305,,,b'\x11\xe8\xe1I\xc8\xba\x0bz\xaf\x82\x12\xdf\x17\xaeN\x1e'
11E8E149-C8BA-0B7A-AF82-12DF17AE4E1E,2021-ncaa-d1-conf-SEC,ncaa,4,6,4,5,4,5,4,4,9,7,8,9,3,3,4,4,9,10,7,10,12,4,4,6,6,5,4,4,12,7,6,9,13,8,12,4,7,5,2,2,5,6,4,4,,,11,9,,,6,4,14,4,7,7,5,9,11,4,4,12,11,13,8,12,8,12,12,6,2,7,4,,8,,,6,10,10,10,9,11,10,8,5,5,5,3,12,12,5,12,10,11,11,7,6,6,4,3,9,14,13,10,6,12,12,8,3,7,10,5,4,2,10,9,,,9,11,,,6,10,5,8,7,7,8,6,11,10,4,4,9,10,10,8,7,13,8,10,3,10,2,11,,12,,,b'\x11\xe8\xe1I\xc8\xba\x0bz\xaf\x82\x12\xdf\x17\xaeN\x1e'
11E8E149-C8BA-0B7A-AF82-12DF17AE4E1E,2021-ncaa-d1-natl,ncaa,40,104,30,72,35,31,29,27,70,30,28,90,42,57,52,156,114,126,94,131,288,28,35,72,78,44,184,126,283,35,91,91,277,60,190,55,245,146,20,51,32,68,39,123,,,287,143,,,63,42,178,182,48,40,43,60,82,73,114,217,239,245,65,145,99,257,196,120,23,60,89,,167,,,71,301,310,299,243,322,318,211,164,166,155,24,288,297,102,307,157,306,311,195,185,183,32,34,180,319,277,283,91,305,190,197,22,58,166,90,108,14,289,152,,,146,315,,,63,303,31,212,68,197,229,177,283,285,51,41,198,226,230,193,199,248,130,172,69,156,14,195,,306,,,b'\x11\xe8\xe1I\xc8\xba\x0bz\xaf\x82\x12\xdf\x17\xaeN\x1e'
11E8E149-C8BA-0B7A-AF82-12DF17AE4E1E,2021-ncaa-d1-ncaatournament,ncaa,17,2,17,17,18,20,22,17,41,23,19,44,15,18,22,31,18,18,13,17,26,17,17,39,38,33,22,28,16,10,5,27,29,19,13,24,36,39,17,25,9,3,24,31,,,36,15,,,32,19,15,7,15,21,5,28,14,18,18,10,19,17,3,4,2,41,9,20,32,5,31,,16,,,26,45,45,41,48,45,42,46,50,44,52,53,28,30,34,32,25,42,44,54,50,44,41,48,15,31,29,41,5,39,13,38,9,17,11,14,45,36,46,36,,,26,51,,,32,45,15,39,28,42,46,27,39,25,52,46,17,17,18,24,37,21,27,21,24,14,45,42,,40,,,b'\x11\xe8\xe1I\xc8\xba\x0bz\xaf\x82\x12\xdf\x17\xaeN\x1e'
11E8E149-C8BA-0B7A-AF82-12DF17AE4E1E,2022-ncaa-d0-natl,ncaa,95,106,79,106,95,53,41,51,56,32,32,87,133,181,59,271,121,113,200,112,272,57,68,68,89,65,283,242,267,72,94,141,273,93,175,40,117,122,51,31,108,167,9,19,,,232,102,,,71,70,78,236,35,24,26,22,30,163,224,163,149,147,27,66,93,212,136,26,72,140,8,,157,,,71,281,307,291,217,326,335,133,144,71,315,17,156,160,167,169,40,282,290,191,164,152,36,84,84,308,273,231,94,275,175,310,226,71,129,209,48,17,278,135,,,153,290,,,71,282,49,168,76,213,265,259,298,339,103,34,108,112,114,238,271,266,153,212,280,106,29,246,,225,,,b'\x11\xe8\xe1I\xc8\xba\x0bz\xaf\x82\x12\xdf\x17\xaeN\x1e'
11E8E149-C8BA-0B7A-AF82-12DF17AE4E1E,2022-ncaa-d1-conf-SEC,ncaa,3,6,1,6,1,1,1,1,7,4,4,7,4,3,3,5,7,9,4,9,12,1,1,4,6,6,7,5,12,3,7,4,10,3,7,1,4,10,7,3,4,8,2,4,,,12,7,,,6,1,6,11,5,4,3,6,8,5,5,11,10,10,7,7,6,9,8,3,6,8,3,,8,,,6,13,13,14,7,13,14,5,8,7,11,4,11,10,8,10,5,14,14,7,5,7,5,6,7,14,10,13,7,13,7,13,11,3,8,11,7,3,9,7,,,8,14,,,6,14,4,7,6,8,9,9,11,12,6,5,6,6,6,9,10,13,5,8,10,8,3,8,,14,,,b'\x11\xe8\xe1I\xc8\xba\x0bz\xaf\x82\x12\xdf\x17\xaeN\x1e'
11E8E149-C8BA-0B7A-AF82-12DF17AE4E1E,2022-ncaa-d1-natl,ncaa,108,106,100,113,125,62,48,64,58,35,39,94,150,201,60,268,136,133,196,132,273,72,89,82,98,71,282,240,262,90,103,181,282,129,188,48,124,97,52,36,128,180,9,19,,,201,101,,,89,94,82,230,41,27,28,24,32,170,226,162,156,155,35,73,98,222,156,31,72,157,8,,158,,,87,259,294,282,234,317,331,147,126,54,323,17,138,134,182,142,42,268,268,203,172,165,37,82,84,294,282,212,103,250,188,301,234,93,148,219,39,18,270,151,,,180,287,,,89,253,55,191,89,223,277,261,304,341,106,34,111,113,115,238,267,271,161,215,288,121,28,255,,222,,,b'\x11\xe8\xe1I\xc8\xba\x0bz\xaf\x82\x12\xdf\x17\xaeN\x1e'
11E8E149-C8BA-0B7A-AF82-12DF17AE4E1E,2022-ncaa-d1-ncaatournament,ncaa,37,2,37,37,38,51,55,57,48,51,51,49,52,59,41,52,33,34,23,35,5,52,51,51,39,43,21,51,3,60,58,53,10,62,53,52,37,18,46,51,40,22,56,60,,,23,60,,,34,42,6,5,40,53,47,43,33,45,50,4,4,4,36,30,51,48,60,47,43,19,55,,56,,,40,6,8,2,57,23,17,52,5,4,35,7,19,18,30,18,49,3,13,49,51,36,12,7,47,7,10,20,58,9,53,5,4,35,3,2,9,20,6,12,,,45,22,,,34,28,51,21,35,30,33,5,53,41,6,5,46,46,48,10,34,8,51,25,5,3,21,9,,24,,,b'\x11\xe8\xe1I\xc8\xba\x0bz\xaf\x82\x12\xdf\x17\xaeN\x1e'
11E8E149-C8BA-0B7A-AF82-12DF17AE4E1E,2023-ncaa-d0-natl,ncaa,223,257,116,243,156,112,104,91,178,78,60,194,232,222,251,281,104,120,118,123,247,95,83,210,199,194,285,292,142,100,116,295,345,213,276,117,159,282,203,175,33,47,49,72,,,325,287,,,190,80,25,291,122,97,50,59,42,250,238,103,130,132,57,45,103,338,279,119,264,29,40,,328,,,188,291,286,218,293,331,312,231,65,36,268,7,303,295,259,295,206,241,300,252,276,152,40,19,281,313,345,205,116,271,276,327,318,17,29,113,95,44,359,343,,,93,198,,,190,280,187,172,186,276,270,183,336,328,47,19,295,283,282,241,334,301,185,256,319,10,91,361,,102,,,b'\x11\xe8\xe1I\xc8\xba\x0bz\xaf\x82\x12\xdf\x17\xaeN\x1e'
11E8E149-C8BA-0B7A-AF82-12DF17AE4E1E,2023-ncaa-d1-conf-SEC,ncaa,12,13,1,12,3,5,6,3,11,6,6,12,5,6,7,7,5,8,2,8,13,4,3,11,11,11,6,8,7,5,9,10,13,8,11,8,12,13,12,14,2,2,3,6,,,14,8,,,10,1,1,9,10,9,7,8,7,7,7,8,10,11,8,5,6,13,12,12,13,2,5,,12,,,10,14,13,12,12,14,12,12,6,6,11,3,10,10,10,10,6,13,14,11,11,9,1,3,7,13,13,12,9,13,11,14,13,2,2,9,11,7,14,12,,,7,12,,,10,14,12,8,10,11,12,8,12,11,4,4,10,8,8,11,12,12,10,10,13,2,8,14,,10,,,b'\x11\xe8\xe1I\xc8\xba\x0bz\xaf\x82\x12\xdf\x17\xaeN\x1e'
11E8E149-C8BA-0B7A-AF82-12DF17AE4E1E,2023-ncaa-d1-natl,ncaa,243,257,151,255,205,139,131,108,192,93,71,202,247,247,258,280,125,140,117,142,249,112,101,216,209,204,285,293,136,118,127,331,347,268,289,139,168,260,211,188,47,54,55,73,,,317,292,,,207,97,26,291,129,105,51,65,45,255,243,103,130,133,62,48,106,347,288,132,266,30,42,,330,,,207,275,269,181,307,329,301,241,53,25,280,7,294,280,261,279,213,211,282,268,291,172,38,17,279,301,347,167,127,243,289,320,318,22,32,130,79,47,359,344,,,118,187,,,207,261,206,195,203,289,286,189,338,333,52,20,301,285,283,242,333,304,193,260,321,12,92,361,,105,,,b'\x11\xe8\xe1I\xc8\xba\x0bz\xaf\x82\x12\xdf\x17\xaeN\x1e'
11E8E149-C8BA-0B7A-AF82-12DF17AE4E1E,2024-ncaa-d0-natl,ncaa,225,276,94,250,114,143,144,103,221,98,56,235,249,236,239,292,112,54,348,56,126,89,79,249,260,247,271,280,117,116,199,237,277,186,292,206,299,277,183,259,226,289,143,206,,,228,134,,,320,71,65,219,177,168,106,106,65,268,266,129,48,52,82,66,142,311,262,241,235,261,165,,178,,,309,346,354,290,355,359,312,357,163,166,173,92,235,200,334,190,88,284,284,350,348,342,10,36,86,242,277,324,199,307,292,354,309,126,192,331,228,160,357,335,,,58,93,,,320,284,248,339,311,342,352,279,356,320,138,132,203,169,164,270,270,208,288,267,351,152,192,357,,55,,,b'\x11\xe8\xe1I\xc8\xba\x0bz\xaf\x82\x12\xdf\x17\xaeN\x1e'
11E8E149-C8BA-0B7A-AF82-12DF17AE4E1E,2024-ncaa-d1-conf-SEC,ncaa,12,12,5,12,6,9,10,5,13,9,7,14,9,8,9,8,9,6,14,6,8,6,5,14,14,14,7,7,8,6,10,12,13,10,11,13,13,14,12,14,8,11,12,12,,,9,6,,,14,5,3,3,12,10,5,10,6,9,8,11,5,4,5,3,5,14,11,14,14,10,12,,10,,,14,13,14,10,14,14,12,14,5,7,6,5,11,10,14,10,6,10,10,13,14,13,2,2,5,9,13,12,10,12,11,14,13,6,7,13,12,11,14,14,,,4,8,,,14,10,13,13,14,14,14,9,14,11,4,5,11,8,8,9,12,7,13,12,14,5,13,14,,4,,,b'\x11\xe8\xe1I\xc8\xba\x0bz\xaf\x82\x12\xdf\x17\xaeN\x1e'
11E8E149-C8BA-0B7A-AF82-12DF17AE4E1E,2024-ncaa-d1-natl,ncaa,243,278,130,262,153,174,168,136,239,124,75,253,268,260,248,294,132,64,348,66,128,118,101,262,273,259,271,280,109,147,216,275,287,233,305,246,304,248,190,270,263,301,162,214,,,199,142,,,330,93,69,206,190,186,114,119,69,275,273,133,49,53,90,74,155,318,277,263,235,271,169,,189,,,324,343,355,271,359,360,300,360,144,143,192,91,217,179,338,173,96,261,261,355,353,349,9,38,86,222,287,300,216,289,305,356,311,162,200,338,204,169,359,344,,,73,88,,,330,263,264,347,326,346,356,286,360,323,148,138,207,173,168,277,271,219,297,276,356,167,201,358,,54,,,b'\x11\xe8\xe1I\xc8\xba\x0bz\xaf\x82\x12\xdf\x17\xaeN\x1e'
11E8E149-C8BA-0B7A-AF82-12DF17AE4E1E,2025-ncaa-d0-natl,genius_ncaa,61,37,135,52,145,64,58,80,44,67,184,16,44,31,148,47,200,261,15,256,267,95,137,35,36,22,153,92,328,207,205,41,164,71,112,49,91,27,28,15,334,353,4,3,,,151,83,,59,40,127,95,108,30,24,31,49,192,34,20,215,282,274,63,131,216,10,36,26,30,346,1,,131,,58,35,152,168,310,11,230,331,14,73,175,14,69,180,201,122,217,85,304,258,6,6,51,76,63,210,313,164,183,205,249,112,131,117,302,354,268,25,20,156,165,,,224,290,,176,40,239,32,80,35,132,151,349,223,355,75,157,176,189,211,347,299,312,154,243,120,335,28,147,,259,,188,b'\x11\xe8\xe1I\xc8\xba\x0bz\xaf\x82\x12\xdf\x17\xaeN\x1e'
11E8E149-C8BA-0B7A-AF82-12DF17AE4E1E,2025-ncaa-d1-conf-SEC,genius_ncaa,5,4,11,5,13,10,11,11,3,12,15,2,4,3,5,1,13,15,3,15,7,11,15,2,2,2,5,2,14,15,15,4,6,9,9,8,8,1,6,6,15,14,2,1,,,3,3,,1,3,12,8,7,7,8,8,11,15,3,3,11,15,15,10,15,15,3,7,5,3,15,1,,3,,1,3,1,1,8,2,1,10,2,4,6,2,6,3,3,8,3,3,8,6,2,2,3,7,6,5,11,6,6,15,7,9,1,4,15,16,11,2,8,2,8,,,15,13,,6,3,5,6,3,3,4,4,14,6,15,5,7,4,4,5,14,10,14,12,14,3,15,5,3,,13,,5,b'\x11\xe8\xe1I\xc8\xba\x0bz\xaf\x82\x12\xdf\x17\xaeN\x1e'
11E8E149-C8BA-0B7A-AF82-12DF17AE4E1E,2025-ncaa-d1-natl,genius_ncaa,65,37,172,53,183,73,66,98,47,79,216,17,55,37,151,46,223,279,14,276,265,122,174,35,37,22,144,95,325,238,219,49,171,93,125,53,97,21,31,15,344,355,5,3,,,126,85,,50,47,161,105,93,34,25,35,53,202,36,22,214,285,277,66,141,225,11,40,28,30,347,1,,138,,57,39,123,149,299,13,201,326,16,58,151,16,67,166,183,127,204,85,295,231,6,6,63,75,62,206,298,171,145,219,220,125,111,116,325,353,284,21,20,140,178,,,251,285,,184,47,205,36,94,38,143,163,349,234,356,73,153,181,194,216,350,299,315,162,253,130,337,30,155,,258,,184,b'\x11\xe8\xe1I\xc8\xba\x0bz\xaf\x82\x12\xdf\x17\xaeN\x1e'
11E8E149-C8BA-0B7A-AF82-12DF17AE4E1E,2025-ncaa-d1-ncaatournament,genius_ncaa,17,2,17,17,18,19,19,17,31,23,20,33,12,11,28,13,35,34,28,34,60,17,21,30,33,18,25,14,58,14,9,29,48,17,31,20,48,20,2,3,26,40,8,1,,,40,21,,24,24,25,53,4,8,7,1,20,15,2,7,47,54,49,6,16,5,35,8,19,2,34,1,,31,,13,24,49,49,48,35,40,43,33,61,55,49,56,38,41,30,38,36,47,46,42,37,44,56,63,20,49,48,48,9,51,31,59,63,27,44,54,13,4,66,61,,,30,58,,22,24,44,8,48,23,49,46,54,25,29,63,60,33,35,32,52,50,51,39,51,62,39,4,64,,46,,36,b'\x11\xe8\xe1I\xc8\xba\x0bz\xaf\x82\x12\xdf\x17\xaeN\x1e'
11E8E149-C8BA-0B7A-AF82-12DF17AE4E1E,2026-ncaa-d0-natl,genius_ncaa,5,13,9,13,20,12,12,14,28,19,78,5,9,2,134,31,96,129,63,127,237,21,41,22,25,13,186,86,336,28,34,18,59,15,17,14,69,63,5,7,145,233,1,1,,,247,106,,153,12,50,323,97,24,23,45,38,240,29,12,221,268,275,67,226,80,40,31,20,5,269,1,,70,,79,13,141,115,306,5,109,310,3,157,247,51,128,223,232,171,226,85,299,297,4,3,9,248,192,277,273,59,227,34,247,17,54,43,79,151,21,62,14,38,18,,,95,263,,205,12,303,13,10,10,2,1,68,8,146,43,73,83,81,78,45,26,109,29,35,5,203,10,9,,271,,282,b'\x11\xe8\xe1I\xc8\xba\x0bz\xaf\x82\x12\xdf\x17\xaeN\x1e'
11E8E149-C8BA-0B7A-AF82-12DF17AE4E1E,2026-ncaa-d1-natl,genius_ncaa,5,13,13,13,35,14,13,22,31,22,120,6,15,5,151,30,129,166,60,166,239,33,68,25,27,13,169,86,332,44,42,21,67,18,24,14,72,24,8,7,213,275,1,1,,,204,118,,125,12,85,329,100,27,26,59,48,258,36,16,232,275,281,88,250,95,46,40,21,5,300,1,,76,,85,13,91,71,272,5,76,286,3,117,207,62,120,187,185,184,179,92,257,260,5,3,11,251,189,277,240,67,181,42,197,24,32,45,128,192,33,37,13,21,18,,,130,255,,227,12,262,13,12,10,2,3,80,9,153,43,75,92,88,86,56,25,114,32,38,7,239,11,7,,267,,280,b'\x11\xe8\xe1I\xc8\xba\x0bz\xaf\x82\x12\xdf\x17\xaeN\x1e'
11E8E149-C8BF-1C14-AF82-12DF17AE4E1E,2010-ncaa-d0-natl,ncaa,60,49,81,55,106,75,65,125,30,38,62,44,243,288,97,312,68,21,328,19,61,93,83,58,80,102,295,297,137,61,35,106,86,67,36,36,48,255,188,73,130,156,280,299,,,148,104,,,83,103,139,229,76,64,183,28,70,272,304,85,23,21,125,106,67,134,79,29,211,159,290,,101,,,90,235,278,261,221,283,273,203,193,177,255,136,72,74,151,74,34,228,233,217,179,173,70,180,38,159,86,102,35,112,36,193,72,130,163,160,224,164,271,197,,,47,60,,,83,241,82,149,88,170,241,207,250,246,176,132,50,51,53,163,171,113,50,45,145,166,190,254,,46,,,b'\x11\xe8\xe1I\xc8\xbf\x1c\x14\xaf\x82\x12\xdf\x17\xaeN\x1e'
11E8E149-C8BF-1C14-AF82-12DF17AE4E1E,2010-ncaa-d1-conf-NEC,ncaa,2,2,2,2,3,3,3,4,2,2,2,2,10,10,8,11,2,1,11,1,1,3,2,3,3,3,11,10,2,2,1,3,1,3,1,3,3,7,6,2,3,5,10,10,,,6,3,,,3,2,4,8,3,3,5,2,2,10,10,2,1,1,4,3,1,4,2,2,6,5,10,,3,,,3,9,10,9,8,10,10,7,7,7,9,7,4,2,8,2,2,9,9,9,9,9,5,7,2,3,1,8,1,3,1,6,2,5,7,4,9,5,10,7,,,2,2,,,3,10,3,6,3,6,10,7,6,7,8,6,2,2,2,5,4,2,2,1,3,8,6,7,,1,,,b'\x11\xe8\xe1I\xc8\xbf\x1c\x14\xaf\x82\x12\xdf\x17\xaeN\x1e'
11E8E149-C8BF-1C14-AF82-12DF17AE4E1E,2010-ncaa-d1-natl,ncaa,64,49,91,58,115,85,70,140,30,41,68,47,255,292,98,312,75,24,328,22,59,102,96,61,84,107,294,296,132,65,36,116,91,75,37,41,49,245,191,76,140,164,288,300,,,128,104,,,87,114,141,228,78,64,185,29,70,273,303,83,24,22,127,109,70,139,81,30,214,170,293,,101,,,92,227,273,253,229,279,267,210,190,168,258,137,67,64,150,64,34,216,215,223,183,180,67,179,38,144,91,86,36,93,37,184,73,148,170,164,217,165,267,203,,,55,59,,,87,229,86,153,91,170,248,211,253,248,176,132,49,52,54,165,171,112,51,49,151,175,193,258,,49,,,b'\x11\xe8\xe1I\xc8\xbf\x1c\x14\xaf\x82\x12\xdf\x17\xaeN\x1e'
11E8E149-C8BF-1C14-AF82-12DF17AE4E1E,2011-ncaa-d0-natl,ncaa,99,60,170,87,206,197,172,199,142,96,107,127,313,299,311,304,153,154,192,148,220,186,189,200,188,197,320,325,129,119,67,93,61,100,36,245,293,161,203,244,180,158,322,324,,,121,168,,,113,220,196,177,186,161,185,66,80,322,305,135,136,134,175,171,110,42,45,251,199,174,325,,154,,,112,47,99,154,83,86,136,82,177,187,169,220,20,43,7,46,60,117,119,98,47,63,137,257,33,117,61,66,67,73,36,92,135,185,152,132,87,98,94,70,,,225,231,,,113,122,183,57,110,76,126,184,104,163,196,208,20,52,57,137,129,133,83,89,117,165,103,102,,231,,,b'\x11\xe8\xe1I\xc8\xbf\x1c\x14\xaf\x82\x12\xdf\x17\xaeN\x1e'
11E8E149-C8BF-1C14-AF82-12DF17AE4E1E,2011-ncaa-d1-conf-NEC,ncaa,4,2,5,3,7,5,4,5,2,3,4,2,10,10,9,10,7,8,6,8,11,5,8,4,5,2,11,10,7,6,3,8,5,7,4,8,10,1,2,5,7,4,11,10,,,2,4,,,5,10,7,4,4,3,4,1,3,10,10,7,7,7,4,6,6,6,7,7,2,6,11,,5,,,5,3,5,4,8,4,2,8,9,7,10,10,1,1,1,1,3,3,2,9,7,8,5,10,1,1,5,2,3,1,4,4,6,6,4,6,1,1,2,2,,,10,11,,,5,2,3,7,5,4,7,5,5,3,10,9,1,1,2,3,3,4,2,1,6,4,1,2,,10,,,b'\x11\xe8\xe1I\xc8\xbf\x1c\x14\xaf\x82\x12\xdf\x17\xaeN\x1e'
11E8E149-C8BF-1C14-AF82-12DF17AE4E1E,2011-ncaa-d1-natl,ncaa,112,57,199,92,238,216,193,225,148,110,121,133,322,309,314,303,167,165,190,161,222,212,222,205,192,205,320,323,127,137,71,110,63,115,36,258,294,142,205,245,201,166,328,327,,,103,171,,,121,255,202,168,194,163,190,69,81,322,306,135,134,135,181,175,116,45,50,256,200,179,329,,154,,,118,36,83,125,86,73,117,88,166,172,174,217,14,35,6,36,58,88,85,104,51,68,136,256,32,100,63,49,71,51,36,80,137,206,160,140,78,101,85,72,,,249,230,,,121,91,187,62,117,79,130,187,107,166,197,207,21,53,59,141,132,139,85,90,122,174,103,106,,230,,,b'\x11\xe8\xe1I\xc8\xbf\x1c\x14\xaf\x82\x12\xdf\x17\xaeN\x1e'
11E8E149-C8BF-1C14-AF82-12DF17AE4E1E,2012-ncaa-d0-natl,ncaa,73,54,120,70,142,141,141,200,80,80,88,121,306,313,205,320,57,51,164,53,94,165,175,155,118,125,292,324,35,119,54,123,30,114,19,92,57,137,158,97,186,159,184,195,,,92,113,,,95,196,258,125,153,150,240,66,90,315,320,42,46,46,194,227,120,122,111,75,141,200,194,,68,,,94,89,142,136,184,186,194,164,77,67,150,92,55,58,159,50,49,102,116,155,132,128,45,93,80,45,30,43,54,25,19,130,150,191,153,160,62,75,132,76,,,134,115,,,95,147,104,95,87,79,132,97,171,178,76,64,46,44,44,68,58,25,24,13,121,212,69,125,,149,,,b'\x11\xe8\xe1I\xc8\xbf\x1c\x14\xaf\x82\x12\xdf\x17\xaeN\x1e'
11E8E149-C8BF-1C14-AF82-12DF17AE4E1E,2012-ncaa-d1-conf-NEC,ncaa,6,6,3,6,3,6,5,7,2,2,2,3,10,10,8,10,5,6,4,6,8,7,7,7,4,5,10,10,3,3,2,6,1,6,1,4,4,2,6,3,7,4,7,6,,,1,3,,,5,7,10,3,6,6,8,2,2,10,10,5,5,5,8,9,3,7,4,3,3,7,7,,1,,,5,4,6,5,9,7,3,9,8,3,10,5,1,1,3,1,1,3,4,10,9,9,2,8,1,1,1,3,2,1,1,8,7,8,7,10,2,3,4,2,,,6,8,,,5,5,2,5,5,4,6,3,7,3,8,3,1,1,1,1,1,1,1,1,6,8,3,4,,9,,,b'\x11\xe8\xe1I\xc8\xbf\x1c\x14\xaf\x82\x12\xdf\x17\xaeN\x1e'
11E8E149-C8BF-1C14-AF82-12DF17AE4E1E,2012-ncaa-d1-natl,ncaa,81,54,137,71,163,164,171,228,84,88,98,125,311,319,205,319,64,60,163,62,94,199,205,159,120,129,289,324,34,131,57,136,31,130,21,104,60,115,157,99,199,163,192,200,,,75,116,,,99,232,260,119,161,163,248,76,95,312,320,42,45,43,205,230,130,126,116,82,141,206,197,,70,,,99,69,123,106,192,173,172,173,69,59,155,91,48,47,162,41,50,74,81,164,141,139,43,93,79,33,31,30,57,16,21,114,150,218,160,168,53,75,127,81,,,154,107,,,99,112,109,107,94,85,139,100,177,181,79,62,48,45,44,67,57,27,26,14,126,222,69,126,,150,,,b'\x11\xe8\xe1I\xc8\xbf\x1c\x14\xaf\x82\x12\xdf\x17\xaeN\x1e'
11E8E149-C8BF-1C14-AF82-12DF17AE4E1E,2013-ncaa-d0-natl,ncaa,304,303,251,307,277,303,249,270,208,182,144,253,316,330,186,320,324,268,343,268,307,274,249,260,296,315,331,292,282,82,22,222,121,151,34,209,105,273,312,261,291,274,248,258,,,44,90,,,262,295,230,161,292,233,227,137,77,313,321,317,245,244,243,167,38,152,62,171,305,283,236,,68,,,267,78,168,137,213,175,159,203,150,139,207,189,14,13,156,14,20,82,55,212,160,218,56,210,17,74,121,15,22,22,34,129,118,301,280,257,139,189,273,253,,,274,256,,,262,57,290,205,265,163,242,235,246,244,193,187,30,26,25,171,115,128,45,61,187,284,188,300,,242,,,b'\x11\xe8\xe1I\xc8\xbf\x1c\x14\xaf\x82\x12\xdf\x17\xaeN\x1e'
11E8E149-C8BF-1C14-AF82-12DF17AE4E1E,2013-ncaa-d1-conf-NEC,ncaa,11,11,9,11,11,11,8,10,4,6,6,7,11,11,11,11,12,9,12,9,11,10,10,8,11,11,12,10,12,5,2,9,1,8,1,9,7,8,10,7,12,12,10,9,,,2,3,,,10,12,9,9,10,7,8,3,3,11,11,12,8,8,9,7,3,8,6,6,9,12,9,,2,,,10,3,8,3,12,6,3,12,6,5,7,10,1,1,9,1,1,1,1,12,10,11,2,7,1,1,1,1,2,1,1,3,2,12,9,8,4,5,11,10,,,12,11,,,10,2,11,10,10,8,11,7,10,4,8,8,1,1,1,3,2,1,1,1,6,12,4,11,,10,,,b'\x11\xe8\xe1I\xc8\xbf\x1c\x14\xaf\x82\x12\xdf\x17\xaeN\x1e'
11E8E149-C8BF-1C14-AF82-12DF17AE4E1E,2013-ncaa-d1-natl,ncaa,310,303,292,311,306,319,268,290,211,201,161,260,320,332,188,320,328,275,343,272,308,294,272,263,300,319,330,291,281,93,23,243,125,170,40,227,106,263,315,263,303,282,255,261,,,32,90,,,269,313,236,157,296,237,231,149,78,313,321,319,244,242,250,170,40,158,71,177,305,288,238,,69,,,276,62,149,109,219,160,130,209,140,129,209,187,13,12,159,12,20,61,34,214,165,228,56,212,18,60,125,10,23,13,40,119,120,310,286,262,133,189,269,256,,,286,249,,,269,35,296,216,275,167,246,236,255,249,197,188,30,25,24,171,114,129,45,62,192,289,187,303,,241,,,b'\x11\xe8\xe1I\xc8\xbf\x1c\x14\xaf\x82\x12\xdf\x17\xaeN\x1e'
11E8E149-C8BF-1C14-AF82-12DF17AE4E1E,2014-ncaa-d0-natl,ncaa,273,282,180,279,239,290,284,293,243,225,213,240,296,286,288,251,220,237,134,226,208,289,249,270,255,298,261,279,91,184,100,253,98,240,89,302,292,298,331,323,150,97,308,298,,,34,69,,,237,265,272,270,308,298,312,223,206,298,283,221,227,222,304,250,165,250,218,312,310,147,312,,45,,,237,65,130,100,242,108,91,216,222,163,298,245,7,9,147,8,16,43,63,259,212,181,125,287,12,42,98,35,100,21,89,132,156,173,104,154,147,201,274,294,,,250,201,,,237,79,294,146,247,90,179,108,146,91,248,187,9,10,9,36,46,53,48,29,165,164,184,292,,243,,,b'\x11\xe8\xe1I\xc8\xbf\x1c\x14\xaf\x82\x12\xdf\x17\xaeN\x1e'
11E8E149-C8BF-1C14-AF82-12DF17AE4E1E,2014-ncaa-d1-conf-NEC,ncaa,8,8,5,8,7,8,8,10,8,7,6,8,8,9,7,8,8,7,6,7,8,10,9,8,8,8,8,8,2,7,4,8,2,6,3,8,6,10,10,9,4,3,8,8,,,1,1,,,7,9,8,8,10,10,10,8,6,8,9,8,7,7,10,8,7,8,7,10,9,4,8,,1,,,7,1,4,3,6,4,3,4,6,5,10,10,1,1,2,1,1,1,1,7,4,3,1,9,1,1,2,1,4,1,3,6,8,6,2,6,3,6,7,8,,,9,9,,,7,2,8,2,7,1,6,4,3,2,8,6,1,1,1,1,1,1,2,1,7,7,2,7,,10,,,b'\x11\xe8\xe1I\xc8\xbf\x1c\x14\xaf\x82\x12\xdf\x17\xaeN\x1e'
11E8E149-C8BF-1C14-AF82-12DF17AE4E1E,2014-ncaa-d1-natl,ncaa,279,282,211,282,288,305,303,316,248,247,231,247,302,291,290,253,237,255,135,247,207,312,280,275,262,302,260,279,89,202,103,276,100,261,95,313,294,285,332,324,171,107,315,300,,,23,71,,,245,297,274,273,309,302,317,226,210,298,284,224,231,227,306,252,171,259,231,314,312,151,314,,45,,,248,52,117,72,248,95,65,221,215,152,299,244,5,7,147,7,17,25,36,272,221,189,125,287,9,33,100,23,103,13,95,121,156,195,110,162,135,202,270,299,,,276,201,,,245,46,296,155,256,96,188,109,150,92,248,186,9,10,9,35,46,54,49,31,168,173,185,294,,245,,,b'\x11\xe8\xe1I\xc8\xbf\x1c\x14\xaf\x82\x12\xdf\x17\xaeN\x1e'
11E8E149-C8BF-1C14-AF82-12DF17AE4E1E,2015-ncaa-d0-natl,ncaa,267,279,172,277,174,174,223,157,280,183,102,306,248,265,199,284,45,40,182,41,64,126,70,297,262,304,163,263,16,59,74,242,218,148,159,294,311,346,333,336,33,31,330,333,,,325,321,,,269,76,13,31,163,229,119,168,60,250,260,20,11,11,66,11,37,259,122,310,346,15,329,,339,,,268,272,269,138,329,302,175,342,92,133,72,123,267,288,107,287,279,177,257,313,319,209,70,49,237,145,218,198,74,189,159,218,141,34,37,70,324,276,288,254,,,62,136,,,269,271,294,181,266,297,305,163,319,200,102,143,288,299,298,228,327,160,232,210,240,17,326,308,,14,,,b'\x11\xe8\xe1I\xc8\xbf\x1c\x14\xaf\x82\x12\xdf\x17\xaeN\x1e'
11E8E149-C8BF-1C14-AF82-12DF17AE4E1E,2015-ncaa-d1-conf-NEC,ncaa,7,7,5,7,6,8,7,7,8,6,1,8,10,9,6,9,2,2,8,2,4,4,4,8,8,9,8,9,1,3,4,7,5,6,6,8,8,10,9,10,1,1,7,8,,,9,9,,,9,3,2,2,6,7,5,3,1,10,9,2,1,1,4,2,2,6,5,8,10,2,7,,9,,,9,9,10,6,10,10,8,10,3,2,3,2,7,8,4,7,7,6,8,10,10,8,1,2,5,3,5,7,4,5,6,8,5,2,2,5,9,7,10,10,,,3,6,,,9,8,8,8,8,9,10,8,10,9,2,3,7,8,7,7,9,4,8,6,8,2,9,10,,2,,,b'\x11\xe8\xe1I\xc8\xbf\x1c\x14\xaf\x82\x12\xdf\x17\xaeN\x1e'
11E8E149-C8BF-1C14-AF82-12DF17AE4E1E,2015-ncaa-d1-natl,ncaa,277,279,209,279,211,204,255,202,287,201,116,310,260,272,200,283,50,44,181,46,64,155,83,301,266,308,160,263,12,69,78,285,224,179,169,315,315,346,333,338,38,35,334,334,,,316,324,,,281,94,14,28,169,239,127,176,65,251,261,20,12,12,72,11,42,266,132,318,346,19,329,,338,,,280,251,251,103,334,293,145,344,74,110,75,120,260,276,111,274,280,143,229,320,323,221,71,46,236,126,224,180,78,156,169,204,144,44,39,79,317,283,283,259,,,76,133,,,281,250,301,199,278,299,307,169,318,207,101,140,289,302,298,234,327,164,235,216,246,20,328,313,,17,,,b'\x11\xe8\xe1I\xc8\xbf\x1c\x14\xaf\x82\x12\xdf\x17\xaeN\x1e'
11E8E149-C8BF-1C14-AF82-12DF17AE4E1E,2016-ncaa-d0-natl,ncaa,268,281,175,276,193,261,293,260,289,289,262,292,191,175,227,143,162,148,219,142,57,247,212,281,272,288,93,142,49,118,84,305,296,254,200,324,330,285,304,340,113,82,336,334,,,93,133,,,279,248,256,113,288,309,276,303,261,192,174,144,137,123,256,204,104,329,266,342,294,95,339,,110,,,275,162,211,100,313,212,46,344,189,234,82,297,70,81,129,77,151,77,105,312,302,251,106,192,64,177,296,78,84,100,200,262,273,118,78,205,211,241,273,303,,,171,135,,,279,101,266,260,281,202,235,100,238,49,208,257,82,89,83,72,109,190,103,127,277,101,223,284,,154,,,b'\x11\xe8\xe1I\xc8\xbf\x1c\x14\xaf\x82\x12\xdf\x17\xaeN\x1e'
11E8E149-C8BF-1C14-AF82-12DF17AE4E1E,2016-ncaa-d1-conf-NEC,ncaa,7,7,5,7,6,8,9,8,9,9,6,10,8,8,8,8,4,5,6,4,6,8,6,9,8,9,6,8,2,5,4,10,7,9,6,9,9,8,8,10,7,5,10,10,,,4,5,,,8,8,6,6,9,10,7,8,5,8,8,5,5,5,7,5,5,10,9,10,8,6,10,,5,,,8,5,5,2,9,7,2,10,4,7,3,8,4,4,4,4,5,2,2,9,9,7,1,5,4,3,7,4,4,3,6,7,8,6,4,7,5,5,10,10,,,7,7,,,8,2,9,7,8,6,6,2,7,2,4,6,5,5,4,2,4,5,6,5,7,4,6,10,,7,,,b'\x11\xe8\xe1I\xc8\xbf\x1c\x14\xaf\x82\x12\xdf\x17\xaeN\x1e'
11E8E149-C8BF-1C14-AF82-12DF17AE4E1E,2016-ncaa-d1-natl,ncaa,280,280,218,283,238,292,317,298,294,315,284,300,208,193,231,144,173,165,219,157,56,285,249,287,273,294,89,140,44,145,91,334,303,291,213,341,333,268,311,342,136,87,341,337,,,74,135,,,285,287,259,101,296,317,282,313,265,195,175,147,140,126,263,212,108,334,276,342,298,96,340,,114,,,282,141,197,63,318,190,30,345,179,222,87,297,53,66,132,63,153,36,66,318,310,261,105,191,66,144,303,54,91,66,213,254,272,151,88,210,195,244,266,307,,,206,133,,,285,62,273,268,289,212,244,103,247,52,210,256,87,94,87,75,112,197,104,129,282,109,230,291,,154,,,b'\x11\xe8\xe1I\xc8\xbf\x1c\x14\xaf\x82\x12\xdf\x17\xaeN\x1e'
11E8E149-C8BF-1C14-AF82-12DF17AE4E1E,2017-ncaa-d0-natl,ncaa,314,313,234,316,275,329,340,318,334,334,276,338,277,273,272,217,200,182,260,173,68,310,277,328,322,327,105,193,25,222,201,290,271,275,251,347,344,273,322,347,277,252,235,208,,,116,195,,,325,290,259,253,339,344,326,336,258,269,251,176,135,126,313,257,192,288,261,347,296,261,227,,163,,,324,132,129,71,241,114,56,263,209,194,217,257,166,185,129,180,257,77,64,271,269,274,246,239,191,152,271,118,201,123,251,167,221,255,220,243,244,299,216,277,,,191,69,,,325,56,330,285,328,220,195,125,167,79,245,232,212,222,221,145,100,216,184,211,220,236,278,244,,122,,,b'\x11\xe8\xe1I\xc8\xbf\x1c\x14\xaf\x82\x12\xdf\x17\xaeN\x1e'
11E8E149-C8BF-1C14-AF82-12DF17AE4E1E,2017-ncaa-d1-conf-NEC,ncaa,9,7,9,9,10,10,10,9,10,10,7,10,10,9,9,8,4,4,5,4,2,9,9,10,10,10,4,9,1,5,5,10,8,8,7,10,10,5,9,10,9,7,8,8,,,2,6,,,10,10,10,8,10,10,9,10,5,9,8,4,4,4,8,7,4,8,8,10,8,8,7,,4,,,10,2,3,2,7,5,3,5,4,4,7,7,3,2,8,2,4,1,1,7,7,9,4,7,5,7,8,2,5,3,7,7,7,9,8,9,2,7,5,9,,,7,4,,,10,1,10,9,10,7,7,5,6,6,7,5,5,4,4,7,2,8,5,8,8,9,4,8,,4,,,b'\x11\xe8\xe1I\xc8\xbf\x1c\x14\xaf\x82\x12\xdf\x17\xaeN\x1e'
11E8E149-C8BF-1C14-AF82-12DF17AE4E1E,2017-ncaa-d1-natl,ncaa,318,312,310,319,323,343,345,338,336,343,302,341,286,282,280,217,233,215,260,207,70,334,324,330,326,330,103,193,24,249,211,325,276,313,263,348,347,252,324,348,297,261,245,217,,,86,199,,,328,330,266,254,341,346,329,339,266,273,251,189,149,135,316,266,199,294,273,348,298,271,230,,166,,,328,103,99,34,256,90,33,278,190,167,227,256,147,164,131,157,254,36,22,277,279,288,241,239,190,125,276,91,211,89,263,144,229,278,224,253,226,302,209,282,,,220,69,,,328,19,332,303,332,226,204,127,172,84,249,234,213,228,224,146,99,218,189,217,232,241,278,252,,125,,,b'\x11\xe8\xe1I\xc8\xbf\x1c\x14\xaf\x82\x12\xdf\x17\xaeN\x1e'
11E8E149-C8BF-1C14-AF82-12DF17AE4E1E,2018-ncaa-d0-natl,ncaa,208,224,117,219,139,276,271,188,324,281,224,323,167,123,269,106,291,270,286,270,249,206,191,311,320,309,107,98,230,244,298,240,329,252,332,286,254,244,252,295,65,72,112,106,,,194,146,,,290,171,216,217,319,313,226,312,256,185,125,312,287,288,258,249,275,278,305,319,228,63,119,,173,,,279,161,147,185,116,128,153,124,212,221,186,225,183,226,43,226,240,191,228,136,117,91,246,226,207,328,329,291,298,323,332,238,287,74,93,135,261,271,69,101,,,263,276,,,290,172,318,160,284,138,132,136,100,118,196,209,181,216,216,154,227,325,290,315,217,75,251,64,,296,,,b'\x11\xe8\xe1I\xc8\xbf\x1c\x14\xaf\x82\x12\xdf\x17\xaeN\x1e'
11E8E149-C8BF-1C14-AF82-12DF17AE4E1E,2018-ncaa-d1-conf-NEC,ncaa,4,5,3,5,3,9,8,5,9,6,6,8,7,6,9,4,6,7,7,7,8,5,5,10,10,10,7,7,6,8,10,9,10,8,10,9,9,4,3,8,3,3,5,5,,,6,6,,,10,5,8,8,10,10,7,7,7,7,6,9,9,9,7,10,10,10,10,9,3,3,6,,5,,,10,6,5,5,5,5,5,5,5,7,5,7,7,6,6,6,8,7,9,5,5,3,7,5,7,9,10,8,10,9,10,9,10,3,3,3,3,3,2,3,,,7,8,,,10,6,10,5,10,2,2,3,2,2,6,5,6,7,7,4,4,9,8,10,9,3,2,2,,10,,,b'\x11\xe8\xe1I\xc8\xbf\x1c\x14\xaf\x82\x12\xdf\x17\xaeN\x1e'
11E8E149-C8BF-1C14-AF82-12DF17AE4E1E,2018-ncaa-d1-natl,ncaa,218,223,144,222,178,306,298,232,330,309,253,326,192,135,275,105,306,289,285,288,252,253,243,319,324,316,103,99,226,269,304,275,333,286,334,315,257,219,258,301,81,77,130,108,,,172,151,,,297,216,224,203,326,319,243,319,260,185,128,314,292,293,273,256,278,287,310,322,231,71,124,,180,,,293,132,122,138,132,103,117,135,194,194,190,217,167,208,45,207,239,147,197,150,131,99,243,225,204,321,333,279,304,314,334,229,289,94,99,144,245,275,58,107,,,280,276,,,297,130,325,179,294,145,143,135,112,121,202,208,185,219,216,158,224,328,292,317,226,80,254,68,,296,,,b'\x11\xe8\xe1I\xc8\xbf\x1c\x14\xaf\x82\x12\xdf\x17\xaeN\x1e'
11E8E149-C8BF-1C14-AF82-12DF17AE4E1E,2019-ncaa-d0-natl,ncaa,336,335,249,339,263,311,314,283,330,313,232,339,251,256,187,220,228,229,201,229,181,286,262,324,312,318,104,174,64,252,254,271,319,270,304,267,100,265,307,288,264,264,143,135,,,189,248,,,335,264,162,166,317,325,263,309,191,230,236,193,186,189,263,187,222,244,250,256,287,246,122,,262,,,334,228,153,135,217,168,161,182,167,122,276,115,320,316,250,310,305,177,122,222,255,300,260,135,310,288,319,182,254,242,304,263,318,296,290,316,304,329,68,99,,,254,202,,,335,74,322,326,338,295,242,220,230,242,216,164,331,323,322,296,246,319,265,310,309,266,319,94,,203,,,b'\x11\xe8\xe1I\xc8\xbf\x1c\x14\xaf\x82\x12\xdf\x17\xaeN\x1e'
11E8E149-C8BF-1C14-AF82-12DF17AE4E1E,2019-ncaa-d1-conf-NEC,ncaa,10,10,9,10,9,10,10,10,10,10,7,10,8,9,5,7,8,7,5,7,4,9,10,10,10,10,4,6,1,6,7,8,10,8,9,9,3,4,9,9,10,10,6,6,,,5,5,,,10,10,7,4,9,10,7,9,5,7,7,6,6,6,7,6,6,5,6,8,10,10,5,,6,,,10,6,3,4,6,2,5,4,6,1,9,1,9,9,3,9,9,5,3,5,7,9,6,3,8,8,10,5,7,7,9,7,8,10,10,10,8,10,3,4,,,8,6,,,10,2,10,10,10,9,7,8,7,9,8,4,10,10,10,10,8,10,9,10,8,10,10,4,,7,,,b'\x11\xe8\xe1I\xc8\xbf\x1c\x14\xaf\x82\x12\xdf\x17\xaeN\x1e'
11E8E149-C8BF-1C14-AF82-12DF17AE4E1E,2019-ncaa-d1-natl,ncaa,341,334,314,341,319,332,338,318,331,329,267,340,267,275,194,223,250,255,195,254,180,320,307,326,317,325,102,168,61,273,262,304,321,306,314,295,103,242,313,298,282,273,161,141,,,159,250,,,336,310,170,158,320,332,274,317,196,229,240,197,194,195,273,198,231,251,261,271,293,260,122,,268,,,337,193,126,89,232,138,131,199,146,93,287,112,307,298,251,295,304,126,77,240,269,308,258,133,308,266,321,150,262,199,314,248,318,312,296,321,288,331,58,109,,,275,202,,,336,35,329,331,342,305,246,223,238,248,216,163,335,324,325,299,246,321,276,312,313,268,322,103,,207,,,b'\x11\xe8\xe1I\xc8\xbf\x1c\x14\xaf\x82\x12\xdf\x17\xaeN\x1e'
11E8E149-C8BF-1C14-AF82-12DF17AE4E1E,2020-ncaa-d0-natl,ncaa,295,306,87,304,102,223,187,40,328,174,28,344,192,202,159,245,298,303,218,304,341,73,37,327,332,327,245,169,300,11,37,191,275,44,147,125,99,307,250,231,32,42,125,140,,,310,282,,,282,105,121,70,252,206,26,198,32,206,210,314,312,314,70,30,6,212,33,136,302,34,139,,291,,,279,253,239,218,202,261,219,248,152,186,100,149,285,293,158,294,263,245,273,198,205,188,151,112,256,288,275,285,37,302,147,246,218,96,137,161,316,271,276,174,,,303,349,,,282,252,292,214,280,240,224,193,237,193,141,174,268,273,276,233,274,272,264,274,234,108,308,268,,318,,,b'\x11\xe8\xe1I\xc8\xbf\x1c\x14\xaf\x82\x12\xdf\x17\xaeN\x1e'
11E8E149-C8BF-1C14-AF82-12DF17AE4E1E,2020-ncaa-d1-conf-NEC,ncaa,8,8,1,8,1,4,3,1,9,3,1,11,7,8,3,8,8,8,11,8,11,2,1,8,11,10,8,7,8,3,3,5,6,3,5,3,3,10,7,7,3,4,5,7,,,10,9,,,9,1,4,1,5,4,1,5,1,7,8,8,8,8,2,1,3,5,3,3,10,3,5,,10,,,9,10,10,8,9,9,8,9,8,9,5,7,8,10,5,10,8,10,10,9,8,8,4,5,6,8,6,9,3,8,5,10,6,5,6,8,10,7,4,1,,,9,11,,,9,11,9,8,9,10,10,8,9,6,8,9,7,10,10,9,8,8,7,7,9,5,10,4,,9,,,b'\x11\xe8\xe1I\xc8\xbf\x1c\x14\xaf\x82\x12\xdf\x17\xaeN\x1e'
11E8E149-C8BF-1C14-AF82-12DF17AE4E1E,2020-ncaa-d1-natl,ncaa,303,305,128,307,148,252,219,56,336,203,36,345,207,216,168,248,309,310,216,313,342,97,57,333,334,332,239,169,298,12,42,222,279,62,158,144,100,296,255,247,47,53,135,146,,,301,286,,,287,140,124,57,263,221,31,212,32,207,211,315,313,315,74,31,7,218,35,144,304,43,137,,294,,,287,239,222,187,215,246,191,252,134,173,104,146,273,281,163,282,266,204,240,206,220,204,153,106,259,273,279,266,42,283,158,238,217,116,144,178,308,275,268,184,,,315,348,,,287,217,297,238,286,252,233,196,247,201,142,176,273,278,277,237,270,278,268,281,238,115,309,274,,315,,,b'\x11\xe8\xe1I\xc8\xbf\x1c\x14\xaf\x82\x12\xdf\x17\xaeN\x1e'
11E8E149-C8BF-1C14-AF82-12DF17AE4E1E,2021-ncaa-d0-natl,ncaa,225,165,273,219,275,283,285,263,314,291,263,312,214,201,264,110,275,253,313,256,181,266,268,307,311,301,106,104,195,105,37,288,177,253,122,236,47,102,212,192,88,12,140,52,,,154,331,,,187,279,217,115,278,286,114,284,180,155,95,251,191,197,130,92,17,289,107,151,242,17,99,,315,,,191,61,53,50,150,45,44,184,74,74,123,227,128,125,210,123,306,55,63,160,203,84,273,180,302,54,177,85,37,75,122,67,240,159,18,49,103,190,25,28,,,240,117,,,187,65,265,73,182,80,46,22,48,28,138,143,244,244,242,34,109,84,235,165,122,24,214,20,,91,,,b'\x11\xe8\xe1I\xc8\xbf\x1c\x14\xaf\x82\x12\xdf\x17\xaeN\x1e'
11E8E149-C8BF-1C14-AF82-12DF17AE4E1E,2021-ncaa-d1-conf-NEC,ncaa,6,8,3,6,4,6,6,2,10,7,4,10,5,3,10,5,5,2,10,2,3,2,2,10,10,9,4,5,4,1,1,8,6,2,5,4,2,7,4,6,1,1,4,2,,,10,10,,,6,5,8,8,9,10,2,9,6,6,4,6,3,3,2,1,1,10,2,5,7,1,4,,10,,,6,6,5,4,6,5,3,8,4,6,3,7,10,10,5,10,10,4,6,6,7,3,9,5,9,4,6,8,1,7,5,6,8,2,2,2,7,4,1,1,,,1,4,,,6,6,8,3,6,4,3,1,2,1,5,5,10,10,10,1,4,3,8,6,5,2,4,1,,2,,,b'\x11\xe8\xe1I\xc8\xbf\x1c\x14\xaf\x82\x12\xdf\x17\xaeN\x1e'
11E8E149-C8BF-1C14-AF82-12DF17AE4E1E,2021-ncaa-d1-natl,ncaa,230,165,281,231,283,290,290,268,317,292,274,315,222,208,264,110,282,266,316,268,181,273,278,309,312,304,103,103,194,121,42,294,181,264,128,250,44,92,217,201,105,13,153,55,,,141,330,,,204,287,220,115,283,293,119,288,185,155,96,251,193,198,134,94,19,295,113,157,244,18,101,,316,,,205,57,50,46,159,41,41,190,70,69,123,224,117,113,211,112,307,50,57,169,210,93,272,182,302,50,181,78,42,66,128,64,241,174,18,53,94,196,22,30,,,250,114,,,204,57,272,80,199,83,45,21,49,26,137,141,249,245,244,35,109,88,235,168,125,27,217,21,,94,,,b'\x11\xe8\xe1I\xc8\xbf\x1c\x14\xaf\x82\x12\xdf\x17\xaeN\x1e'
11E8E149-C8BF-1C14-AF82-12DF17AE4E1E,2022-ncaa-d0-natl,ncaa,268,245,260,269,269,312,294,233,340,308,218,347,186,218,117,157,351,333,353,331,340,261,253,323,340,335,153,70,345,104,76,304,259,247,199,305,268,222,266,310,144,84,125,82,,,249,329,,,279,286,240,92,323,300,133,308,140,141,159,351,331,330,203,135,45,313,169,300,281,102,97,,310,,,281,70,66,43,252,98,87,214,81,35,291,91,149,173,95,164,247,44,73,236,247,175,143,124,242,110,259,133,76,111,199,158,284,137,50,137,105,166,33,40,,,332,339,,,279,68,320,174,284,150,144,59,171,133,113,62,212,239,235,72,140,184,247,222,232,66,180,53,,328,,,b'\x11\xe8\xe1I\xc8\xbf\x1c\x14\xaf\x82\x12\xdf\x17\xaeN\x1e'
11E8E149-C8BF-1C14-AF82-12DF17AE4E1E,2022-ncaa-d1-conf-NEC,ncaa,5,4,7,4,7,10,10,7,10,10,9,10,2,3,6,3,10,9,10,9,7,7,7,10,10,10,2,1,9,1,1,9,4,5,3,8,8,5,8,9,3,2,3,3,,,6,9,,,6,10,8,4,10,8,3,10,8,2,2,10,9,9,3,2,1,8,1,8,9,2,2,,8,,,6,1,1,1,6,1,3,6,2,1,6,2,4,4,8,3,5,1,1,5,7,4,3,2,7,1,4,3,1,3,3,4,9,4,3,3,4,4,1,2,,,10,10,,,6,1,8,4,6,3,4,1,6,6,3,2,5,6,5,1,3,3,7,6,6,3,4,1,,10,,,b'\x11\xe8\xe1I\xc8\xbf\x1c\x14\xaf\x82\x12\xdf\x17\xaeN\x1e'
11E8E149-C8BF-1C14-AF82-12DF17AE4E1E,2022-ncaa-d1-natl,ncaa,283,245,304,278,310,335,325,277,340,328,253,347,203,239,122,161,352,341,353,341,341,305,296,327,342,337,145,69,343,126,83,328,271,289,212,324,277,197,284,320,176,95,144,85,,,221,335,,,290,323,250,89,326,309,148,319,145,148,165,351,334,331,216,142,45,316,186,309,282,115,104,,313,,,295,50,54,25,266,80,60,226,66,19,296,89,128,143,103,139,248,25,36,256,261,190,141,124,235,83,271,92,83,76,212,144,286,168,57,149,88,169,23,49,,,339,337,,,290,34,325,196,298,162,158,60,177,137,117,63,220,244,241,75,136,186,250,227,238,75,181,54,,328,,,b'\x11\xe8\xe1I\xc8\xbf\x1c\x14\xaf\x82\x12\xdf\x17\xaeN\x1e'
11E8E149-C8BF-1C14-AF82-12DF17AE4E1E,2023-ncaa-d0-natl,ncaa,312,317,236,315,279,312,304,292,300,322,317,257,186,140,269,70,323,328,196,330,256,301,265,264,277,316,102,85,254,300,306,276,359,307,353,213,53,307,341,279,75,75,143,131,,,280,286,,,319,247,127,291,318,316,284,324,309,164,105,321,326,330,304,216,291,266,300,190,329,52,124,,325,,,321,167,202,193,174,217,165,257,118,228,24,232,138,215,11,215,232,199,218,145,115,100,85,124,154,358,359,206,306,320,353,339,356,124,130,282,247,292,37,125,,,286,274,,,319,128,329,221,315,243,262,298,280,242,152,283,182,258,259,311,328,360,274,352,351,77,282,50,,275,,,b'\x11\xe8\xe1I\xc8\xbf\x1c\x14\xaf\x82\x12\xdf\x17\xaeN\x1e'
11E8E149-C8BF-1C14-AF82-12DF17AE4E1E,2023-ncaa-d1-conf-NEC,ncaa,7,8,5,8,6,8,7,8,7,9,9,5,3,4,4,1,9,9,3,9,9,9,8,4,5,7,3,2,8,9,9,6,9,8,9,4,2,7,9,6,3,3,1,1,,,8,9,,,8,7,3,4,8,6,8,9,9,4,4,9,9,9,9,9,9,6,8,3,8,3,1,,9,,,8,6,5,7,3,3,6,4,6,8,2,8,7,8,1,7,7,8,8,3,2,3,7,6,6,9,9,6,9,9,9,9,9,5,6,6,6,7,2,5,,,9,9,,,8,3,8,6,8,7,5,9,4,7,8,9,8,9,8,9,9,9,7,9,9,3,7,2,,9,,,b'\x11\xe8\xe1I\xc8\xbf\x1c\x14\xaf\x82\x12\xdf\x17\xaeN\x1e'
11E8E149-C8BF-1C14-AF82-12DF17AE4E1E,2023-ncaa-d1-natl,ncaa,322,316,310,326,336,338,334,330,312,340,334,269,203,160,276,73,336,338,194,337,255,335,320,276,288,325,100,87,250,325,315,314,360,334,355,249,55,290,341,292,104,87,159,134,,,262,291,,,326,301,131,291,328,326,292,331,313,169,109,321,326,330,310,225,304,276,312,206,330,63,127,,329,,,331,129,161,153,185,191,120,272,99,205,26,230,119,192,12,192,232,153,165,164,131,124,79,122,150,356,360,170,315,306,355,332,356,157,142,293,226,300,30,132,,,311,272,,,326,73,337,254,323,253,273,301,295,246,159,284,192,260,261,315,328,360,278,355,355,86,288,60,,276,,,b'\x11\xe8\xe1I\xc8\xbf\x1c\x14\xaf\x82\x12\xdf\x17\xaeN\x1e'
11E8E149-C8BF-1C14-AF82-12DF17AE4E1E,2024-ncaa-d0-natl,ncaa,297,312,196,303,218,270,268,256,266,278,296,182,206,140,302,80,271,259,245,253,151,267,218,250,256,298,148,136,188,185,160,226,274,212,210,214,106,318,337,284,174,158,185,187,,,110,119,,,307,232,198,187,290,293,284,293,301,190,120,271,256,253,281,200,172,227,207,207,328,157,174,,137,,,305,207,235,192,256,204,159,242,263,220,279,248,81,102,91,100,118,168,150,271,248,266,184,269,59,242,274,104,160,153,210,328,351,218,210,334,290,311,101,205,,,305,318,,,307,135,298,287,304,245,282,242,237,181,289,249,110,128,126,225,211,266,146,212,344,200,304,118,,306,,,b'\x11\xe8\xe1I\xc8\xbf\x1c\x14\xaf\x82\x12\xdf\x17\xaeN\x1e'
11E8E149-C8BF-1C14-AF82-12DF17AE4E1E,2024-ncaa-d1-conf-NEC,ncaa,6,6,5,6,5,6,6,7,6,8,9,3,5,4,7,3,4,4,4,4,2,6,5,4,4,6,4,3,3,6,6,5,4,5,4,7,4,8,8,7,5,5,2,3,,,3,3,,,6,5,4,2,6,7,7,8,9,5,2,3,5,5,6,3,6,5,5,6,8,5,2,,4,,,6,7,8,4,6,6,2,9,8,8,5,7,3,2,5,2,5,4,4,7,7,8,5,7,2,3,4,2,6,3,4,9,9,6,6,9,8,8,3,5,,,7,8,,,6,5,6,7,6,8,8,8,7,4,8,8,3,4,4,8,7,5,5,5,9,6,8,4,,6,,,b'\x11\xe8\xe1I\xc8\xbf\x1c\x14\xaf\x82\x12\xdf\x17\xaeN\x1e'
11E8E149-C8BF-1C14-AF82-12DF17AE4E1E,2024-ncaa-d1-natl,ncaa,309,314,254,315,283,308,312,313,284,318,327,200,224,167,312,79,293,283,249,274,148,315,277,263,272,312,140,137,191,219,175,265,283,265,225,253,111,307,341,300,209,173,202,190,,,84,123,,,321,288,207,171,308,306,291,308,311,199,124,278,261,256,289,211,183,237,228,225,333,169,179,,140,,,318,178,210,153,267,177,113,258,250,202,290,245,72,92,99,88,118,121,95,282,259,287,183,270,59,222,283,72,175,123,225,326,352,259,226,341,279,318,88,216,,,326,316,,,321,80,318,301,318,259,294,246,250,184,301,251,112,132,129,234,212,274,150,219,348,215,310,125,,309,,,b'\x11\xe8\xe1I\xc8\xbf\x1c\x14\xaf\x82\x12\xdf\x17\xaeN\x1e'
11E8E149-C8BF-1C14-AF82-12DF17AE4E1E,2025-ncaa-d0-natl,genius_ncaa,325,332,194,329,195,328,307,264,320,298,259,293,273,214,318,145,343,321,342,321,299,280,244,318,333,343,232,168,285,226,237,322,320,310,324,335,340,305,334,348,225,209,267,256,,,254,327,,171,340,249,303,7,345,336,289,307,256,265,196,344,330,328,316,262,219,351,326,354,316,220,274,,286,,189,335,197,178,88,321,214,98,347,111,121,125,174,278,260,286,258,293,103,116,307,325,304,149,87,286,197,320,214,237,204,324,264,305,197,158,256,196,247,100,172,,,340,351,,307,340,102,344,311,341,232,214,86,254,95,127,136,292,280,281,116,107,224,248,241,293,171,213,120,,347,,305,b'\x11\xe8\xe1I\xc8\xbf\x1c\x14\xaf\x82\x12\xdf\x17\xaeN\x1e'
11E8E149-C8BF-1C14-AF82-12DF17AE4E1E,2025-ncaa-d1-conf-NEC,genius_ncaa,9,9,5,9,5,9,8,6,9,7,7,7,7,5,8,4,9,7,9,7,7,7,7,8,9,9,6,6,6,6,6,9,9,8,9,9,9,5,7,9,3,2,3,3,,,7,7,,2,9,8,7,2,9,8,6,7,5,7,4,9,7,7,7,6,6,9,8,9,6,2,3,,7,,3,9,6,4,3,6,5,2,8,5,4,4,5,9,9,9,9,8,4,3,5,7,9,6,4,9,9,9,7,6,8,9,7,8,6,5,8,5,6,2,2,,,9,9,,8,9,1,9,9,9,7,4,3,7,3,5,5,9,8,8,4,5,9,8,8,7,5,6,2,,9,,8,b'\x11\xe8\xe1I\xc8\xbf\x1c\x14\xaf\x82\x12\xdf\x17\xaeN\x1e'
11E8E149-C8BF-1C14-AF82-12DF17AE4E1E,2025-ncaa-d1-natl,genius_ncaa,331,332,244,336,245,341,330,310,330,321,288,306,283,233,321,147,345,332,340,333,298,318,295,325,337,348,223,171,284,255,250,344,324,331,332,346,346,286,338,352,260,220,281,264,,,229,327,,157,343,297,306,7,347,342,301,317,259,272,198,343,330,329,319,272,229,352,331,355,320,235,275,,288,,194,342,169,156,56,327,191,64,353,97,97,138,171,259,239,288,239,299,67,64,320,335,316,148,83,284,177,324,175,250,176,332,249,305,239,163,273,176,255,93,184,,,348,351,,310,343,54,346,325,346,246,231,86,266,95,134,135,301,284,283,119,102,233,254,251,303,187,209,125,,347,,304,b'\x11\xe8\xe1I\xc8\xbf\x1c\x14\xaf\x82\x12\xdf\x17\xaeN\x1e'
11E8E149-C8BF-1C14-AF82-12DF17AE4E1E,2026-ncaa-d0-natl,genius_ncaa,212,198,206,223,216,222,251,262,224,273,275,254,160,203,112,139,102,116,135,103,17,238,251,199,166,157,26,112,33,296,316,225,287,257,311,270,259,98,157,226,274,296,295,314,,,174,234,,227,193,237,191,97,197,263,293,300,291,128,164,44,45,40,215,259,301,167,257,278,137,280,302,,244,,271,192,123,135,144,139,175,153,208,69,166,25,182,146,170,81,163,180,148,139,117,109,151,79,81,189,266,287,192,316,219,311,167,227,238,228,228,75,105,20,65,,,147,37,,95,193,117,193,190,197,183,214,253,252,243,80,215,188,217,204,260,242,315,274,317,224,203,89,36,,69,,72,b'\x11\xe8\xe1I\xc8\xbf\x1c\x14\xaf\x82\x12\xdf\x17\xaeN\x1e'
11E8E149-C8BF-1C14-AF82-12DF17AE4E1E,2026-ncaa-d1-natl,genius_ncaa,203,195,177,216,197,216,252,255,243,270,251,268,171,195,145,170,73,88,99,79,21,227,239,229,193,173,44,145,27,258,274,215,288,236,296,269,243,104,135,223,235,243,300,307,,,188,231,,226,155,225,188,100,192,259,248,281,245,160,175,37,45,40,177,217,251,183,219,270,131,233,312,,242,,248,158,110,121,156,98,157,148,192,58,190,12,198,147,185,63,172,200,157,147,81,82,93,89,84,202,275,288,209,274,244,296,166,240,185,166,172,81,99,30,55,,,121,44,,86,155,122,191,138,162,128,146,205,201,187,62,226,175,220,205,211,233,312,271,310,194,152,90,37,,65,,75,b'\x11\xe8\xe1I\xc8\xbf\x1c\x14\xaf\x82\x12\xdf\x17\xaeN\x1e'
11E8E149-C8C3-D308-AF82-12DF17AE4E1E,2010-ncaa-d0-natl,ncaa,72,49,122,61,124,94,87,115,83,46,45,115,271,291,158,311,52,72,63,74,194,103,179,140,117,37,290,308,83,120,107,118,10,108,39,82,118,2,2,9,98,58,86,69,,,28,43,,,15,198,297,7,70,68,91,29,28,281,297,42,71,72,73,228,126,102,102,63,4,104,85,,24,,,8,7,31,94,60,84,162,51,25,31,74,65,3,5,19,5,12,49,98,37,15,7,17,89,31,13,10,152,107,63,39,3,7,73,22,3,3,3,152,79,,,87,45,,,15,147,26,3,8,5,24,29,67,135,19,23,6,12,11,8,34,11,146,40,5,76,3,146,,80,,,b'\x11\xe8\xe1I\xc8\xc3\xd3\x08\xaf\x82\x12\xdf\x17\xaeN\x1e'
11E8E149-C8C3-D308-AF82-12DF17AE4E1E,2010-ncaa-d1-conf-SEC,ncaa,6,3,8,6,8,6,7,6,5,4,4,7,10,11,4,12,3,5,1,5,6,6,11,6,4,4,8,11,2,10,10,8,1,9,5,2,1,1,1,1,2,2,8,7,,,1,2,,,2,11,9,1,3,2,3,2,1,10,11,2,2,2,3,8,10,6,8,2,1,2,8,,2,,,2,1,1,1,5,3,1,5,1,2,7,3,1,2,5,2,4,1,2,5,5,4,1,4,4,1,1,5,10,2,5,1,1,3,2,2,1,1,3,2,,,6,3,,,2,2,3,2,2,2,3,1,3,3,3,3,1,3,4,1,3,1,7,5,1,2,1,3,,2,,,b'\x11\xe8\xe1I\xc8\xc3\xd3\x08\xaf\x82\x12\xdf\x17\xaeN\x1e'
11E8E149-C8C3-D308-AF82-12DF17AE4E1E,2010-ncaa-d1-natl,ncaa,74,49,134,62,136,103,94,127,87,51,48,115,279,295,158,311,58,79,63,80,194,113,202,144,120,38,288,308,77,128,109,127,10,121,41,87,121,1,2,9,113,63,91,73,,,24,45,,,15,223,299,8,72,68,96,30,28,282,298,42,74,74,78,229,130,106,107,67,4,109,87,,23,,,9,2,23,65,61,75,144,52,24,27,80,62,3,4,18,5,12,27,76,40,17,8,16,90,31,9,10,140,109,43,41,2,8,84,22,3,2,3,147,82,,,98,44,,,15,123,28,5,8,5,25,31,68,138,20,23,6,12,11,8,31,11,148,40,5,79,3,150,,79,,,b'\x11\xe8\xe1I\xc8\xc3\xd3\x08\xaf\x82\x12\xdf\x17\xaeN\x1e'
11E8E149-C8C3-D308-AF82-12DF17AE4E1E,2010-ncaa-d1-ncaatournament,ncaa,17,2,17,17,20,29,29,30,40,27,24,45,52,56,46,62,15,20,8,19,21,28,29,46,34,38,40,58,3,23,18,27,20,26,16,28,29,43,49,43,24,23,18,18,,,28,8,,,14,31,55,9,45,48,57,32,26,59,61,8,17,16,49,49,27,33,26,38,45,24,20,,4,,,13,34,34,36,13,40,38,29,11,36,5,28,21,19,38,18,15,33,33,7,5,6,6,10,26,36,20,38,18,37,16,22,7,20,10,2,47,50,40,35,,,21,13,,,14,33,37,4,13,3,8,13,25,20,7,18,11,11,10,2,5,16,12,9,2,15,43,37,,12,,,b'\x11\xe8\xe1I\xc8\xc3\xd3\x08\xaf\x82\x12\xdf\x17\xaeN\x1e'
11E8E149-C8C3-D308-AF82-12DF17AE4E1E,2011-ncaa-d0-natl,ncaa,99,111,77,114,108,147,143,143,152,147,153,150,134,149,124,153,167,133,288,132,125,135,174,143,165,129,158,136,207,188,229,32,4,74,41,97,63,49,48,45,286,293,80,87,,,72,88,,,40,165,297,230,188,187,226,186,215,152,173,213,153,152,224,294,245,22,85,117,30,312,90,,37,,,36,27,33,179,9,62,231,8,63,101,50,107,69,61,234,60,42,142,120,9,9,16,116,137,169,36,4,227,229,132,41,6,3,240,231,33,13,13,70,77,,,120,83,,,40,164,131,13,36,8,18,85,35,175,47,68,50,36,34,51,23,14,154,69,2,285,6,60,,171,,,b'\x11\xe8\xe1I\xc8\xc3\xd3\x08\xaf\x82\x12\xdf\x17\xaeN\x1e'
11E8E149-C8C3-D308-AF82-12DF17AE4E1E,2011-ncaa-d1-conf-SEC,ncaa,5,5,3,5,6,6,7,10,5,7,10,3,5,7,6,4,4,4,11,4,3,9,9,4,4,4,4,6,4,12,10,2,1,4,2,3,1,4,7,1,10,10,7,6,,,2,4,,,2,7,10,5,6,9,12,8,11,6,9,5,4,4,11,11,12,2,4,3,3,10,7,,2,,,2,1,1,8,2,3,8,2,2,3,5,3,3,2,11,1,2,3,2,2,2,2,2,5,3,1,1,7,10,1,2,1,1,10,8,2,4,5,4,5,,,5,2,,,2,5,6,2,2,1,1,4,2,8,2,3,2,2,2,2,2,1,7,2,1,10,3,4,,5,,,b'\x11\xe8\xe1I\xc8\xc3\xd3\x08\xaf\x82\x12\xdf\x17\xaeN\x1e'
11E8E149-C8C3-D308-AF82-12DF17AE4E1E,2011-ncaa-d1-natl,ncaa,112,110,95,120,124,166,166,163,157,165,166,155,141,156,125,152,184,144,290,144,123,158,204,148,168,130,155,133,206,208,236,38,4,89,44,109,63,33,47,46,297,300,84,90,,,58,87,,,44,199,297,227,196,192,229,194,219,152,174,217,154,154,225,294,247,23,90,121,31,317,90,,38,,,39,16,22,152,9,49,216,8,55,89,50,108,56,49,234,48,41,115,86,9,9,18,114,135,169,28,4,210,236,103,44,5,3,264,234,36,11,13,68,80,,,136,81,,,44,132,137,13,38,8,21,89,37,175,50,67,51,39,38,54,23,14,157,69,2,290,6,62,,169,,,b'\x11\xe8\xe1I\xc8\xc3\xd3\x08\xaf\x82\x12\xdf\x17\xaeN\x1e'
11E8E149-C8C3-D308-AF82-12DF17AE4E1E,2012-ncaa-d0-natl,ncaa,44,73,22,73,27,89,94,177,24,53,87,38,269,295,124,305,27,28,94,30,63,136,81,53,35,110,279,310,37,102,37,28,143,45,21,58,71,336,307,198,120,154,40,30,,,265,205,,,44,82,288,136,161,168,329,89,197,299,318,50,65,66,299,254,173,97,125,92,283,182,63,,141,,,49,128,120,272,13,54,142,25,300,330,55,327,97,168,6,168,188,261,269,26,16,24,311,322,105,284,143,26,37,112,21,57,58,84,139,41,315,277,25,14,,,6,1,,,44,258,101,30,48,24,21,105,8,22,233,306,40,92,89,88,86,202,4,12,19,180,242,12,,11,,,b'\x11\xe8\xe1I\xc8\xc3\xd3\x08\xaf\x82\x12\xdf\x17\xaeN\x1e'
11E8E149-C8C3-D308-AF82-12DF17AE4E1E,2012-ncaa-d1-conf-SEC,ncaa,3,4,1,4,3,5,8,12,3,5,10,3,10,12,2,12,1,2,2,2,1,9,7,3,3,4,4,11,1,11,7,2,2,3,2,4,2,12,12,8,9,9,2,2,,,8,7,,,6,5,10,8,6,8,12,6,12,11,12,1,2,2,12,12,12,2,7,6,10,9,3,,4,,,6,5,4,10,1,2,4,1,12,12,2,12,6,7,4,8,9,10,8,1,1,2,12,12,7,9,2,1,7,1,2,3,4,10,10,8,12,11,1,1,,,1,1,,,6,8,5,6,6,3,2,6,1,2,10,12,4,6,5,6,3,7,1,1,2,12,11,1,,1,,,b'\x11\xe8\xe1I\xc8\xc3\xd3\x08\xaf\x82\x12\xdf\x17\xaeN\x1e'
11E8E149-C8C3-D308-AF82-12DF17AE4E1E,2012-ncaa-d1-natl,ncaa,50,72,23,74,33,101,105,209,25,58,97,40,279,303,125,303,29,31,94,34,59,162,94,54,35,110,277,309,35,111,40,35,148,51,23,65,76,333,309,206,140,158,45,33,,,255,211,,,50,97,289,135,167,176,332,96,200,300,317,50,68,71,301,259,181,100,136,102,280,188,63,,145,,,52,108,96,258,16,45,123,29,295,327,56,325,84,155,6,153,191,248,255,26,16,25,310,322,104,277,148,16,40,83,23,48,58,96,146,47,308,282,21,14,,,6,2,,,50,240,105,34,52,27,23,108,8,21,235,307,42,92,90,93,86,205,4,13,20,191,247,12,,12,,,b'\x11\xe8\xe1I\xc8\xc3\xd3\x08\xaf\x82\x12\xdf\x17\xaeN\x1e'
11E8E149-C8C3-D308-AF82-12DF17AE4E1E,2012-ncaa-d1-ncaatournament,ncaa,17,2,17,17,17,19,27,22,40,22,19,41,40,30,51,54,10,11,13,11,6,18,18,43,30,25,23,59,1,16,12,17,9,17,5,23,16,37,18,26,40,59,26,44,,,45,50,,,23,19,9,5,12,35,23,24,16,51,44,1,1,1,7,9,9,3,3,28,23,53,41,,50,,,23,47,42,45,33,42,42,30,46,44,37,35,46,48,17,49,52,47,45,35,32,43,46,39,45,36,9,38,12,35,5,27,6,31,55,24,45,38,28,17,,,14,6,,,23,47,15,33,22,48,39,39,29,28,40,43,47,52,52,53,41,14,19,14,7,54,42,19,,2,,,b'\x11\xe8\xe1I\xc8\xc3\xd3\x08\xaf\x82\x12\xdf\x17\xaeN\x1e'
11E8E149-C8C3-D308-AF82-12DF17AE4E1E,2013-ncaa-d0-natl,ncaa,60,86,24,80,26,26,31,51,30,17,20,40,273,277,229,321,7,12,112,10,104,37,24,78,58,63,314,331,68,49,63,79,289,52,131,61,213,269,137,119,85,163,15,27,,,297,142,,,79,30,114,135,38,43,133,16,32,301,314,20,26,24,84,94,114,195,145,83,172,142,24,,201,,,81,319,313,322,175,297,303,191,290,303,143,234,240,269,50,259,152,323,324,182,164,160,176,226,123,335,289,181,63,288,131,329,268,61,152,211,326,240,152,39,,,6,13,,,79,312,59,189,96,220,234,264,211,204,240,254,150,181,170,246,257,296,49,143,270,127,263,99,,6,,,b'\x11\xe8\xe1I\xc8\xc3\xd3\x08\xaf\x82\x12\xdf\x17\xaeN\x1e'
11E8E149-C8C3-D308-AF82-12DF17AE4E1E,2013-ncaa-d1-conf-SEC,ncaa,6,6,3,6,4,5,5,7,5,5,5,6,10,11,9,12,4,4,3,4,5,7,7,7,6,5,11,11,2,6,7,5,9,7,8,7,6,9,9,8,5,6,2,3,,,6,3,,,7,6,8,5,5,5,10,6,7,10,12,4,4,4,9,9,7,5,6,8,8,5,2,,4,,,7,6,9,11,6,9,9,9,9,12,3,10,4,4,3,4,3,10,9,6,5,7,6,9,5,13,9,5,7,9,8,11,11,10,10,11,13,11,6,7,,,3,3,,,7,9,5,8,7,6,11,11,10,9,9,11,4,4,4,9,8,13,5,8,11,10,11,7,,3,,,b'\x11\xe8\xe1I\xc8\xc3\xd3\x08\xaf\x82\x12\xdf\x17\xaeN\x1e'
11E8E149-C8C3-D308-AF82-12DF17AE4E1E,2013-ncaa-d1-natl,ncaa,63,86,27,81,30,31,35,58,33,18,21,40,281,287,229,321,9,14,112,13,104,40,26,80,60,66,311,331,62,58,66,88,290,62,138,67,216,260,138,121,98,168,16,26,,,289,142,,,91,33,116,135,42,45,139,16,34,303,315,21,27,25,86,101,119,198,152,85,171,146,24,,203,,,93,317,310,317,180,294,299,196,287,301,152,235,230,259,55,250,155,319,322,186,169,170,175,228,123,333,290,163,66,282,138,327,268,73,159,218,319,240,149,40,,,6,14,,,91,307,59,197,105,227,239,268,217,207,241,253,153,185,173,247,256,298,49,149,273,132,263,97,,6,,,b'\x11\xe8\xe1I\xc8\xc3\xd3\x08\xaf\x82\x12\xdf\x17\xaeN\x1e'
11E8E149-C8C3-D308-AF82-12DF17AE4E1E,2013-ncaa-d1-ncaatournament,ncaa,9,2,9,9,9,11,12,13,12,11,12,17,15,19,6,51,12,13,27,12,42,14,13,15,15,14,52,44,36,14,33,17,39,16,35,10,31,53,31,18,18,49,12,19,,,56,42,,,22,13,37,7,18,13,36,12,14,40,53,30,30,33,37,38,40,42,44,11,30,47,16,,43,,,22,54,54,49,39,54,51,38,52,46,41,38,55,56,11,55,47,53,52,39,41,41,39,39,41,51,39,52,33,54,35,59,39,11,36,43,56,49,16,6,,,10,7,,,22,51,15,46,25,39,35,23,33,19,39,35,38,45,42,32,25,32,15,21,38,37,43,8,,13,,,b'\x11\xe8\xe1I\xc8\xc3\xd3\x08\xaf\x82\x12\xdf\x17\xaeN\x1e'
11E8E149-C8C3-D308-AF82-12DF17AE4E1E,2014-ncaa-d0-natl,ncaa,78,105,28,100,49,60,53,43,96,30,18,185,239,284,76,324,42,67,87,64,244,46,32,161,136,162,299,306,97,26,29,101,249,57,83,139,283,318,213,248,67,104,54,41,,,330,272,,,89,43,131,270,103,90,129,47,31,280,317,87,120,112,111,95,53,230,125,230,254,105,68,,265,,,89,264,198,263,102,131,156,126,298,318,124,303,294,298,168,302,301,280,309,132,141,78,325,277,263,305,249,163,29,239,83,186,158,29,59,43,330,265,215,70,,,21,78,,,89,303,116,95,97,115,66,92,37,24,253,286,220,216,224,116,208,218,39,88,92,57,286,147,,45,,,b'\x11\xe8\xe1I\xc8\xc3\xd3\x08\xaf\x82\x12\xdf\x17\xaeN\x1e'
11E8E149-C8C3-D308-AF82-12DF17AE4E1E,2014-ncaa-d1-conf-SEC,ncaa,6,6,5,6,9,8,6,6,7,6,6,8,10,9,6,9,8,10,1,10,13,6,6,8,8,9,10,9,9,5,2,9,12,6,8,13,13,10,6,13,8,9,4,3,,,10,10,,,5,7,5,9,7,6,3,6,5,10,8,8,11,11,6,6,4,9,7,13,10,9,4,,10,,,5,8,2,5,3,1,2,4,13,13,11,14,13,13,11,13,14,5,8,5,7,6,14,14,14,12,12,5,2,9,8,5,7,4,5,1,12,12,3,3,,,9,11,,,5,8,9,8,5,7,1,5,1,1,13,13,14,14,14,5,10,12,5,7,4,3,12,3,,9,,,b'\x11\xe8\xe1I\xc8\xc3\xd3\x08\xaf\x82\x12\xdf\x17\xaeN\x1e'
11E8E149-C8C3-D308-AF82-12DF17AE4E1E,2014-ncaa-d1-natl,ncaa,85,105,33,101,54,70,59,55,101,34,19,190,246,289,79,323,48,74,85,72,242,53,39,164,143,171,297,306,99,32,30,115,259,65,87,156,285,313,215,255,78,116,57,44,,,329,275,,,94,50,133,273,111,98,133,50,30,284,317,87,121,113,115,99,53,237,133,239,254,112,70,,267,,,95,246,177,243,104,120,140,134,293,311,128,303,285,293,171,296,301,268,300,136,144,86,325,278,264,298,259,143,30,213,87,171,160,33,59,48,326,268,205,71,,,25,75,,,94,297,122,105,103,118,70,92,38,24,254,283,221,220,228,116,205,222,39,89,97,59,287,151,,45,,,b'\x11\xe8\xe1I\xc8\xc3\xd3\x08\xaf\x82\x12\xdf\x17\xaeN\x1e'
11E8E149-C8C3-D308-AF82-12DF17AE4E1E,2014-ncaa-d1-ncaatournament,ncaa,9,2,9,9,10,11,11,9,36,10,7,44,31,25,47,62,7,7,8,8,36,9,9,44,38,40,54,61,10,3,3,9,19,7,3,20,59,58,40,57,15,36,5,7,,,52,18,,,19,10,8,3,14,16,7,6,3,59,57,6,10,13,5,5,1,3,1,54,53,33,9,,32,,,19,55,54,54,14,50,50,17,58,60,27,56,58,55,45,55,46,54,54,22,20,29,56,48,42,54,19,55,3,53,3,56,41,13,47,43,59,47,52,28,,,10,22,,,19,55,26,25,19,41,30,55,16,27,49,59,41,44,44,57,55,33,26,26,36,42,55,44,,10,,,b'\x11\xe8\xe1I\xc8\xc3\xd3\x08\xaf\x82\x12\xdf\x17\xaeN\x1e'
11E8E149-C8C3-D308-AF82-12DF17AE4E1E,2015-ncaa-d0-natl,ncaa,133,131,113,138,122,157,110,123,133,49,29,228,310,336,75,339,190,151,267,148,303,133,113,207,226,232,329,326,208,52,27,289,301,164,138,246,325,242,209,278,23,8,262,242,,,293,304,,,119,155,223,72,184,120,135,40,18,318,340,213,176,172,136,110,40,328,193,269,231,19,276,,295,,,117,103,74,61,176,82,68,199,107,134,101,181,262,269,147,271,318,86,199,160,195,69,250,126,310,211,301,94,27,131,138,112,190,26,15,24,310,285,139,49,,,103,147,,,119,192,178,85,122,84,49,21,60,33,92,111,261,270,275,33,152,205,73,106,91,23,298,128,,101,,,b'\x11\xe8\xe1I\xc8\xc3\xd3\x08\xaf\x82\x12\xdf\x17\xaeN\x1e'
11E8E149-C8C3-D308-AF82-12DF17AE4E1E,2015-ncaa-d1-conf-SEC,ncaa,4,4,4,5,4,5,5,4,5,4,3,7,13,13,5,13,9,8,11,7,11,4,4,6,7,6,13,13,10,4,5,11,14,9,12,8,13,3,5,6,1,1,13,14,,,11,10,,,6,4,7,2,6,5,2,3,3,13,13,9,8,8,4,5,4,14,10,10,5,1,14,,9,,,6,11,9,6,11,7,4,11,10,11,10,12,10,10,9,10,11,8,11,11,11,10,11,10,11,10,14,9,5,11,12,11,12,2,1,4,11,10,7,3,,,11,12,,,6,11,5,9,6,10,8,4,6,3,8,10,9,9,9,4,10,11,6,8,10,2,9,8,,12,,,b'\x11\xe8\xe1I\xc8\xc3\xd3\x08\xaf\x82\x12\xdf\x17\xaeN\x1e'
11E8E149-C8C3-D308-AF82-12DF17AE4E1E,2015-ncaa-d1-natl,ncaa,142,130,143,148,153,191,143,153,139,60,34,233,314,340,77,339,205,172,268,170,303,161,140,218,234,237,329,326,203,60,28,313,309,199,147,276,326,228,212,284,32,12,271,249,,,281,303,,,134,199,227,67,198,133,141,47,18,319,340,216,179,174,141,118,45,331,205,285,237,23,279,,295,,,134,71,52,34,191,64,49,209,90,111,105,176,254,255,148,259,323,49,159,174,203,78,248,125,312,194,309,69,28,102,147,97,190,37,17,27,302,292,124,51,,,126,144,,,134,145,194,94,138,91,53,24,69,36,95,109,266,274,276,35,151,212,75,110,97,25,301,127,,103,,,b'\x11\xe8\xe1I\xc8\xc3\xd3\x08\xaf\x82\x12\xdf\x17\xaeN\x1e'
11E8E149-C8C3-D308-AF82-12DF17AE4E1E,2015-ncaa-d1-ncaatournament,ncaa,33,2,33,33,33,46,36,39,35,33,34,39,59,60,53,54,50,51,28,50,54,40,40,46,50,49,61,55,47,33,13,41,51,38,36,53,58,21,40,53,35,11,30,24,,,22,41,,,36,43,19,4,39,19,10,9,2,54,48,48,48,47,17,13,7,22,10,51,45,5,16,,48,,,38,10,6,28,9,14,25,22,6,23,3,25,30,30,39,29,50,27,30,8,12,19,33,9,60,32,51,10,13,22,36,6,26,49,46,27,23,45,30,47,,,53,56,,,36,23,45,29,38,32,18,52,36,51,8,37,57,56,56,57,59,61,32,52,23,37,49,54,,50,,,b'\x11\xe8\xe1I\xc8\xc3\xd3\x08\xaf\x82\x12\xdf\x17\xaeN\x1e'
11E8E149-C8C3-D308-AF82-12DF17AE4E1E,2016-ncaa-d0-natl,ncaa,256,281,114,268,148,285,244,263,221,102,40,290,349,349,279,349,172,136,286,143,268,250,227,306,301,312,346,349,43,92,33,318,297,249,136,241,182,264,284,274,110,69,278,240,,,296,342,,,248,270,332,212,327,304,324,102,25,349,349,193,149,156,308,291,95,348,304,269,243,112,287,,286,,,244,89,71,31,258,69,17,304,169,177,152,286,161,221,6,225,326,39,75,274,251,173,250,219,214,151,297,31,33,51,136,95,158,100,49,75,265,282,102,36,,,77,14,,,248,69,282,186,256,67,62,8,51,5,169,177,148,215,217,13,27,132,31,41,84,110,238,96,,61,,,b'\x11\xe8\xe1I\xc8\xc3\xd3\x08\xaf\x82\x12\xdf\x17\xaeN\x1e'
11E8E149-C8C3-D308-AF82-12DF17AE4E1E,2016-ncaa-d1-conf-SEC,ncaa,12,13,6,13,7,12,11,11,11,8,4,12,14,14,12,14,7,7,11,7,9,10,11,13,12,13,14,14,2,6,6,12,9,10,8,11,5,11,11,13,5,5,14,13,,,6,10,,,13,11,13,10,14,13,12,7,3,14,14,9,6,6,12,11,7,12,10,10,10,7,14,,6,,,13,8,7,2,12,4,2,13,13,12,11,13,4,8,1,8,12,2,3,13,13,13,13,14,6,3,9,4,6,3,8,7,9,8,6,8,13,14,1,1,,,7,6,,,13,4,13,13,13,9,7,1,3,2,13,12,5,8,8,1,2,3,3,4,6,8,13,1,,10,,,b'\x11\xe8\xe1I\xc8\xc3\xd3\x08\xaf\x82\x12\xdf\x17\xaeN\x1e'
11E8E149-C8C3-D308-AF82-12DF17AE4E1E,2016-ncaa-d1-natl,ncaa,265,280,142,277,179,313,281,299,232,126,47,296,349,349,283,349,191,152,286,159,267,288,265,311,305,315,346,348,38,111,36,342,305,286,149,262,189,238,287,282,133,75,286,243,,,279,342,,,261,308,334,199,331,310,327,108,30,349,349,194,150,156,311,294,100,348,308,277,243,123,287,,284,,,259,64,56,9,266,52,5,310,157,160,158,282,148,207,6,210,326,16,38,285,263,188,247,216,214,126,305,13,36,34,149,79,160,126,50,83,241,283,85,40,,,98,13,,,261,33,291,195,272,76,67,9,55,5,172,174,160,219,220,13,26,131,32,42,90,124,242,99,,59,,,b'\x11\xe8\xe1I\xc8\xc3\xd3\x08\xaf\x82\x12\xdf\x17\xaeN\x1e'
11E8E149-C8C3-D308-AF82-12DF17AE4E1E,2017-ncaa-d0-natl,ncaa,93,97,74,102,107,133,91,137,73,20,8,146,349,349,345,349,66,32,271,35,269,103,121,231,206,175,349,349,39,89,61,323,266,247,188,212,315,129,88,182,3,3,205,160,,,251,270,,,100,142,271,238,186,116,213,9,3,349,349,68,39,41,168,221,109,345,324,256,72,4,233,,209,,,101,106,116,46,286,131,37,314,136,158,144,258,132,105,288,106,212,45,175,288,295,91,171,182,178,75,266,99,61,75,188,165,234,13,3,21,128,94,97,9,,,31,18,,,100,188,152,72,102,54,60,6,63,6,115,112,98,81,79,3,47,52,51,42,121,13,91,75,,25,,,b'\x11\xe8\xe1I\xc8\xc3\xd3\x08\xaf\x82\x12\xdf\x17\xaeN\x1e'
11E8E149-C8C3-D308-AF82-12DF17AE4E1E,2017-ncaa-d1-conf-SEC,ncaa,7,7,5,7,6,11,8,11,8,4,1,11,14,14,10,14,8,4,10,4,9,9,8,12,12,10,14,14,3,5,4,13,12,12,11,13,13,8,7,10,1,1,8,7,,,7,8,,,7,9,11,6,13,10,12,3,1,14,14,6,5,5,11,11,5,13,13,13,7,1,10,,6,,,7,4,6,2,13,5,2,13,7,7,9,11,4,4,8,4,6,2,5,13,12,4,8,8,5,3,12,6,4,5,11,7,9,3,2,2,9,9,4,2,,,4,4,,,7,5,10,3,8,3,6,3,7,2,7,7,5,5,5,2,4,5,6,6,6,2,8,4,,4,,,b'\x11\xe8\xe1I\xc8\xc3\xd3\x08\xaf\x82\x12\xdf\x17\xaeN\x1e'
11E8E149-C8C3-D308-AF82-12DF17AE4E1E,2017-ncaa-d1-natl,ncaa,104,97,98,106,133,159,115,168,78,20,8,161,349,349,346,349,74,37,268,39,269,135,157,240,220,189,349,349,42,110,69,338,271,290,200,236,320,97,91,192,4,3,222,163,,,236,276,,,108,189,275,238,197,125,220,9,3,349,349,70,41,43,175,231,116,345,329,261,76,4,233,,212,,,107,70,89,21,297,107,15,324,124,131,152,257,120,87,293,84,210,19,121,299,304,104,170,181,177,58,271,71,69,46,200,142,240,19,3,26,110,98,87,10,,,40,16,,,108,141,159,82,110,55,65,6,71,8,112,110,102,83,82,3,46,55,55,43,125,17,90,79,,25,,,b'\x11\xe8\xe1I\xc8\xc3\xd3\x08\xaf\x82\x12\xdf\x17\xaeN\x1e'
11E8E149-C8C3-D308-AF82-12DF17AE4E1E,2017-ncaa-d1-ncaatournament,ncaa,33,2,33,33,33,57,49,45,49,38,33,52,62,63,45,64,52,44,61,40,52,44,49,54,57,53,63,61,40,30,7,57,38,41,27,45,31,3,3,20,36,12,35,15,,,3,17,,,26,63,63,6,56,46,25,26,1,62,63,49,34,27,25,41,4,57,32,39,5,15,28,,6,,,28,1,1,2,36,1,2,35,15,17,41,58,5,3,62,1,20,1,1,41,43,16,53,60,25,4,38,11,7,5,27,11,55,33,2,14,1,2,25,40,,,59,52,,,26,2,44,14,29,2,3,2,1,2,34,32,9,3,1,1,2,7,39,22,33,4,1,49,,56,,,b'\x11\xe8\xe1I\xc8\xc3\xd3\x08\xaf\x82\x12\xdf\x17\xaeN\x1e'
11E8E149-C8C3-D308-AF82-12DF17AE4E1E,2018-ncaa-d0-natl,ncaa,99,57,242,83,267,195,133,176,84,41,39,110,342,344,329,348,232,151,332,153,289,171,231,185,224,143,348,347,219,78,39,319,295,249,180,224,319,20,40,109,81,45,144,111,,,184,270,,,105,282,253,185,135,61,81,16,9,345,345,191,108,108,79,134,40,324,199,212,43,55,123,,243,,,99,45,59,39,186,126,79,256,22,52,15,100,145,139,234,143,212,41,68,134,159,83,62,35,246,159,295,81,39,89,180,55,115,110,47,54,23,43,19,8,,,95,31,,,105,61,95,104,98,86,101,59,191,117,33,72,197,188,194,63,123,213,132,160,96,61,43,38,,26,,,b'\x11\xe8\xe1I\xc8\xc3\xd3\x08\xaf\x82\x12\xdf\x17\xaeN\x1e'
11E8E149-C8C3-D308-AF82-12DF17AE4E1E,2018-ncaa-d1-conf-SEC,ncaa,7,4,10,7,12,8,5,7,7,5,4,6,14,14,13,13,8,6,14,6,9,7,9,8,9,7,14,14,8,3,5,13,11,10,9,11,12,3,3,4,2,2,6,4,,,10,11,,,7,12,7,6,5,3,4,2,1,14,12,6,5,5,3,6,3,11,9,9,3,2,4,,10,,,7,4,3,2,8,6,3,10,3,3,2,6,10,10,9,10,12,3,5,7,8,5,5,1,11,8,11,8,5,10,9,5,9,5,4,5,4,6,2,1,,,5,5,,,7,2,6,7,7,7,5,5,9,4,3,6,11,12,12,6,9,10,10,11,7,4,5,2,,2,,,b'\x11\xe8\xe1I\xc8\xc3\xd3\x08\xaf\x82\x12\xdf\x17\xaeN\x1e'
11E8E149-C8C3-D308-AF82-12DF17AE4E1E,2018-ncaa-d1-natl,ncaa,106,57,315,87,323,229,154,219,91,53,46,117,343,345,330,348,249,174,334,175,290,213,284,196,234,149,348,346,212,98,43,337,298,283,194,256,320,13,40,117,97,50,162,115,,,161,275,,,114,330,256,182,145,69,87,17,9,345,344,194,107,110,79,140,46,331,213,228,45,62,129,,243,,,110,25,34,12,203,98,52,268,16,35,19,100,134,116,236,119,214,14,26,147,169,95,59,32,248,136,298,46,43,60,194,41,116,132,57,61,16,43,15,9,,,133,28,,,114,17,104,116,110,93,111,59,202,120,35,70,200,192,197,64,122,222,134,167,105,66,44,41,,27,,,b'\x11\xe8\xe1I\xc8\xc3\xd3\x08\xaf\x82\x12\xdf\x17\xaeN\x1e'
11E8E149-C8C3-D308-AF82-12DF17AE4E1E,2018-ncaa-d1-ncaatournament,ncaa,33,2,33,33,34,42,36,35,40,30,32,27,61,59,61,56,46,52,2,51,56,37,52,46,48,27,63,61,42,36,21,62,61,54,48,50,59,1,1,1,44,30,35,24,,,4,25,,,30,61,63,7,32,17,4,7,2,61,49,39,50,49,11,45,13,62,51,49,1,31,19,,16,,,35,12,13,8,45,18,9,54,14,19,35,42,14,7,59,7,36,5,3,48,52,51,34,35,37,21,61,14,21,13,48,8,15,48,32,30,1,2,4,4,,,50,44,,,30,1,14,59,42,38,36,14,37,13,35,35,40,25,23,11,5,48,40,41,21,34,1,4,,45,,,b'\x11\xe8\xe1I\xc8\xc3\xd3\x08\xaf\x82\x12\xdf\x17\xaeN\x1e'
11E8E149-C8C3-D308-AF82-12DF17AE4E1E,2019-ncaa-d0-natl,ncaa,146,109,249,138,281,248,221,299,69,99,113,118,346,349,256,346,186,103,329,114,164,288,284,154,171,205,343,348,99,122,15,295,140,235,35,226,221,196,248,223,89,33,242,216,,,81,207,,,95,309,302,272,228,167,306,42,56,348,347,138,59,67,268,233,80,293,193,198,236,61,233,,119,,,93,5,15,17,143,69,56,180,11,17,17,44,71,104,25,112,207,14,32,89,81,37,32,20,226,31,140,2,15,1,35,1,15,126,34,7,181,232,13,11,,,59,2,,,95,40,159,29,86,15,27,15,107,76,9,20,105,147,151,13,37,55,9,9,6,72,219,19,,10,,,b'\x11\xe8\xe1I\xc8\xc3\xd3\x08\xaf\x82\x12\xdf\x17\xaeN\x1e'
11E8E149-C8C3-D308-AF82-12DF17AE4E1E,2019-ncaa-d1-conf-SEC,ncaa,10,8,9,10,12,13,13,13,8,8,8,9,14,14,14,14,9,6,14,6,6,12,13,13,12,12,14,14,2,4,3,12,5,9,4,10,4,10,10,12,5,3,10,9,,,5,9,,,8,14,13,8,13,11,12,6,5,14,14,9,4,4,10,12,4,12,7,8,11,4,10,,8,,,8,1,2,2,8,4,3,10,1,1,1,1,4,5,2,5,11,1,1,7,7,5,1,1,11,1,5,2,3,1,4,3,6,5,4,2,10,10,5,4,,,4,1,,,8,1,11,4,9,2,4,3,7,4,1,1,6,8,8,2,1,1,3,2,4,4,10,7,,1,,,b'\x11\xe8\xe1I\xc8\xc3\xd3\x08\xaf\x82\x12\xdf\x17\xaeN\x1e'
11E8E149-C8C3-D308-AF82-12DF17AE4E1E,2019-ncaa-d1-natl,ncaa,164,108,314,143,333,281,257,333,77,123,139,130,347,349,261,346,207,126,331,145,165,322,323,169,184,212,343,348,90,150,15,326,146,285,40,255,226,161,258,230,117,40,261,224,,,57,212,,,109,342,302,272,246,187,314,48,60,348,347,140,62,71,277,246,85,299,208,213,236,70,241,,121,,,102,3,8,4,158,51,27,197,5,9,20,43,59,86,30,91,210,3,7,103,90,48,26,21,224,24,146,1,15,1,40,1,15,163,40,8,151,241,10,11,,,74,2,,,109,10,174,36,96,16,29,16,114,87,10,17,109,156,158,14,35,55,10,9,7,80,221,22,,11,,,b'\x11\xe8\xe1I\xc8\xc3\xd3\x08\xaf\x82\x12\xdf\x17\xaeN\x1e'
11E8E149-C8C3-D308-AF82-12DF17AE4E1E,2020-ncaa-d0-natl,ncaa,66,67,87,70,169,150,104,201,58,25,18,105,344,346,217,350,97,21,339,16,141,156,186,132,163,149,344,346,103,56,31,226,131,138,54,147,216,107,109,121,123,91,77,66,,,231,292,,,99,239,292,273,177,111,247,15,19,345,349,105,26,21,182,222,53,267,150,160,98,134,82,,209,,,101,98,113,63,207,165,143,209,62,55,139,66,182,231,44,228,246,82,94,186,170,141,101,68,244,69,131,51,31,45,54,70,87,151,107,75,119,109,208,92,,,27,15,,,99,103,101,124,102,76,81,25,143,106,51,40,169,222,215,34,29,63,40,30,64,172,94,200,,29,,,b'\x11\xe8\xe1I\xc8\xc3\xd3\x08\xaf\x82\x12\xdf\x17\xaeN\x1e'
11E8E149-C8C3-D308-AF82-12DF17AE4E1E,2020-ncaa-d1-conf-SEC,ncaa,6,7,4,7,7,10,7,9,8,6,4,11,12,12,7,11,9,4,13,3,7,7,9,11,11,9,12,12,3,2,3,11,8,5,4,11,8,6,6,7,7,6,5,4,,,9,13,,,8,12,14,7,10,9,12,6,5,12,11,9,4,3,9,12,2,11,7,11,6,7,5,,8,,,8,3,3,1,9,4,3,8,3,3,5,6,6,9,1,9,12,2,2,9,9,6,8,4,10,3,8,4,3,3,4,3,7,8,4,5,8,7,7,6,,,4,2,,,8,3,8,6,8,3,2,1,5,3,4,5,7,9,8,1,1,3,3,2,4,7,7,7,,2,,,b'\x11\xe8\xe1I\xc8\xc3\xd3\x08\xaf\x82\x12\xdf\x17\xaeN\x1e'
11E8E149-C8C3-D308-AF82-12DF17AE4E1E,2020-ncaa-d1-natl,ncaa,76,67,128,73,234,192,135,242,63,30,22,113,344,348,222,350,113,30,339,27,144,196,236,141,174,154,344,348,97,72,34,261,134,178,57,169,223,87,112,129,146,98,91,70,,,203,295,,,114,290,293,273,186,122,253,17,19,345,349,104,24,19,192,229,60,271,161,166,99,142,90,,216,,,114,77,88,40,220,147,111,219,47,38,144,63,163,213,46,210,246,50,48,193,183,158,95,67,243,53,134,34,34,31,57,61,89,187,117,84,98,115,197,99,,,38,14,,,114,54,109,140,115,80,88,26,147,107,52,40,176,223,220,39,28,67,41,33,66,183,98,201,,28,,,b'\x11\xe8\xe1I\xc8\xc3\xd3\x08\xaf\x82\x12\xdf\x17\xaeN\x1e'
11E8E149-C8C3-D308-AF82-12DF17AE4E1E,2021-ncaa-d0-natl,ncaa,191,227,157,207,158,200,182,171,223,101,53,269,314,316,278,339,155,133,269,140,248,165,164,279,281,270,335,337,77,140,153,252,228,225,253,233,304,205,201,271,60,32,140,163,,,264,314,,,216,170,208,9,253,211,187,74,15,338,336,143,97,110,173,139,137,326,302,287,216,37,163,,304,,,211,141,141,103,293,193,171,248,65,55,258,11,251,277,64,273,296,121,164,255,275,128,75,26,308,116,228,183,153,158,253,142,142,44,14,35,158,146,130,47,,,131,85,,,216,171,264,110,211,129,114,18,200,144,30,6,284,303,303,46,136,82,196,132,116,22,151,115,,84,,,b'\x11\xe8\xe1I\xc8\xc3\xd3\x08\xaf\x82\x12\xdf\x17\xaeN\x1e'
11E8E149-C8C3-D308-AF82-12DF17AE4E1E,2021-ncaa-d1-conf-SEC,ncaa,8,9,5,8,5,11,11,9,12,6,3,12,13,13,12,14,5,4,11,4,6,8,6,12,12,12,13,14,2,6,5,11,10,9,9,12,10,12,14,13,1,1,7,7,,,12,13,,,9,7,13,1,12,12,11,6,4,14,14,5,3,3,10,6,6,11,10,12,13,1,8,,13,,,9,5,5,3,7,6,6,9,3,3,2,4,10,11,2,11,12,3,8,5,5,4,6,2,12,8,10,7,5,7,9,6,9,2,1,2,9,9,3,2,,,6,3,,,9,7,12,4,9,4,4,1,3,4,3,3,8,11,11,1,10,9,9,8,5,1,9,2,,4,,,b'\x11\xe8\xe1I\xc8\xc3\xd3\x08\xaf\x82\x12\xdf\x17\xaeN\x1e'
11E8E149-C8C3-D308-AF82-12DF17AE4E1E,2021-ncaa-d1-natl,ncaa,202,225,182,218,183,215,200,195,232,113,64,276,316,317,282,338,161,143,268,149,246,184,187,283,287,273,334,338,75,161,160,261,233,241,265,249,305,190,205,278,68,36,153,164,,,253,315,,,227,188,211,9,259,221,191,75,18,338,336,141,96,111,180,146,141,328,308,293,217,46,164,,304,,,222,133,126,93,294,184,153,254,61,53,260,11,245,265,64,262,295,108,147,260,278,140,72,24,308,108,233,169,160,142,265,129,143,51,14,41,151,149,125,50,,,146,82,,,227,154,271,117,222,137,119,18,209,146,30,6,287,305,305,45,136,86,199,135,119,23,155,121,,88,,,b'\x11\xe8\xe1I\xc8\xc3\xd3\x08\xaf\x82\x12\xdf\x17\xaeN\x1e'
11E8E149-C8C3-D308-AF82-12DF17AE4E1E,2022-ncaa-d0-natl,ncaa,16,12,52,16,67,34,20,26,32,2,2,98,322,347,113,356,40,10,311,13,261,21,30,104,112,70,354,354,169,29,55,21,22,16,16,56,275,121,19,53,66,117,48,71,,,170,42,,,25,38,50,246,25,10,16,1,1,345,355,63,27,34,14,31,40,12,11,70,54,108,57,,60,,,25,246,243,311,64,161,301,8,320,260,346,166,130,182,42,183,83,303,306,94,67,66,284,327,80,154,22,279,55,243,16,171,91,55,121,74,143,41,314,90,,,14,63,,,25,317,40,42,26,125,125,238,70,233,292,180,77,101,99,212,248,81,166,114,100,114,74,296,,24,,,b'\x11\xe8\xe1I\xc8\xc3\xd3\x08\xaf\x82\x12\xdf\x17\xaeN\x1e'
11E8E149-C8C3-D308-AF82-12DF17AE4E1E,2022-ncaa-d1-conf-SEC,ncaa,2,2,9,2,11,7,4,9,3,2,3,5,12,13,6,14,5,6,8,7,10,8,9,6,7,5,12,13,5,6,6,3,2,4,3,5,8,3,3,2,10,9,7,6,,,2,2,,,3,9,2,6,2,1,2,1,1,12,13,3,2,4,2,3,5,3,3,5,3,10,6,,2,,,3,4,4,6,3,1,4,2,14,9,14,11,2,3,2,3,3,6,4,5,4,6,14,14,3,2,2,5,6,3,3,6,9,10,9,7,3,5,5,4,,,1,1,,,3,6,2,5,2,5,5,10,2,6,14,11,3,4,4,7,7,2,7,4,6,10,5,5,,1,,,b'\x11\xe8\xe1I\xc8\xc3\xd3\x08\xaf\x82\x12\xdf\x17\xaeN\x1e'
11E8E149-C8C3-D308-AF82-12DF17AE4E1E,2022-ncaa-d1-natl,ncaa,18,12,67,16,83,40,22,31,33,2,3,104,332,349,119,355,50,14,313,19,254,25,38,106,118,77,354,354,159,37,59,22,24,21,16,69,283,94,21,57,83,131,52,74,,,133,47,,,27,44,52,240,29,11,16,1,1,348,355,64,28,34,15,35,41,15,12,82,55,124,61,,61,,,27,217,215,302,74,143,290,9,314,242,347,162,111,154,43,152,87,290,294,105,79,81,281,328,82,133,24,259,59,210,16,160,97,76,142,87,124,42,312,95,,,20,54,,,27,310,46,56,29,135,139,239,78,235,297,179,79,104,104,215,247,79,173,122,107,125,74,301,,21,,,b'\x11\xe8\xe1I\xc8\xc3\xd3\x08\xaf\x82\x12\xdf\x17\xaeN\x1e'
11E8E149-C8C3-D308-AF82-12DF17AE4E1E,2022-ncaa-d1-ncaatournament,ncaa,17,2,17,17,18,20,19,18,36,15,12,43,52,53,52,67,15,12,59,12,27,17,17,50,48,36,63,65,13,18,31,30,36,25,41,26,44,36,12,16,12,5,8,9,,,46,27,,,38,18,3,5,11,13,8,3,1,63,65,6,2,2,2,4,18,38,23,23,18,3,6,,40,,,34,49,46,46,36,42,48,16,56,41,66,29,55,56,35,57,54,48,51,42,44,40,57,54,49,38,36,51,31,48,41,46,27,13,11,17,25,7,39,25,,,16,8,,,38,51,38,37,34,47,38,41,26,46,58,35,52,56,56,54,64,35,59,56,38,6,11,41,,2,,,b'\x11\xe8\xe1I\xc8\xc3\xd3\x08\xaf\x82\x12\xdf\x17\xaeN\x1e'
11E8E149-C8C3-D308-AF82-12DF17AE4E1E,2023-ncaa-d0-natl,ncaa,2,2,10,2,12,3,3,5,12,2,3,39,151,213,41,350,1,1,228,2,82,2,3,39,37,20,323,334,83,3,2,6,26,2,2,27,287,208,14,43,12,37,8,9,,,277,72,,,2,11,65,280,4,5,17,3,5,233,305,2,3,3,5,11,3,18,3,63,59,37,14,,99,,,2,263,256,341,12,217,321,33,272,338,26,280,215,246,61,248,134,341,347,17,16,14,234,244,166,261,26,131,2,185,2,142,58,16,70,14,271,59,347,150,,,2,47,,,2,351,3,10,2,29,32,182,40,112,133,263,74,103,102,161,236,91,4,7,27,65,135,303,,9,,,b'\x11\xe8\xe1I\xc8\xc3\xd3\x08\xaf\x82\x12\xdf\x17\xaeN\x1e'
11E8E149-C8C3-D308-AF82-12DF17AE4E1E,2023-ncaa-d1-conf-SEC,ncaa,2,2,5,2,6,3,3,3,4,3,3,6,7,11,5,11,1,1,10,1,2,3,4,5,3,2,9,9,2,2,2,3,4,3,2,5,13,10,3,6,3,5,5,3,,,2,2,,,2,5,5,5,2,3,3,3,2,8,11,1,1,1,2,1,2,2,2,5,6,5,4,,2,,,2,6,7,10,3,7,7,4,9,11,3,11,1,2,1,2,3,8,10,3,3,4,9,11,1,4,4,3,2,2,2,2,3,3,5,2,12,10,10,8,,,3,3,,,2,10,2,3,2,4,5,10,6,5,9,11,2,2,2,7,9,4,2,2,2,4,11,10,,1,,,b'\x11\xe8\xe1I\xc8\xc3\xd3\x08\xaf\x82\x12\xdf\x17\xaeN\x1e'
11E8E149-C8C3-D308-AF82-12DF17AE4E1E,2023-ncaa-d1-natl,ncaa,2,2,11,2,13,3,4,6,13,2,4,40,171,238,42,350,1,1,228,2,81,3,4,40,38,20,322,334,79,3,2,6,29,2,2,29,292,179,14,45,15,44,8,9,,,259,75,,,2,12,70,280,5,5,17,3,5,231,308,4,3,4,6,12,4,21,4,66,59,42,14,,103,,,2,238,238,338,13,191,310,38,256,332,27,281,198,233,61,234,136,338,346,17,17,15,236,247,165,241,29,97,2,144,2,119,58,21,78,23,253,62,346,158,,,2,44,,,2,350,3,12,2,35,38,188,44,113,143,266,79,104,104,169,231,92,4,6,27,75,134,304,,10,,,b'\x11\xe8\xe1I\xc8\xc3\xd3\x08\xaf\x82\x12\xdf\x17\xaeN\x1e'
11E8E149-C8C3-D308-AF82-12DF17AE4E1E,2023-ncaa-d1-ncaatournament,ncaa,1,1,1,1,1,2,2,1,23,1,1,30,6,3,37,57,2,1,53,1,24,1,1,30,29,16,53,56,23,2,6,2,21,1,9,2,41,64,6,8,1,5,2,5,,,68,30,,,1,2,39,7,12,12,13,8,5,43,50,16,13,10,7,17,8,31,11,23,8,7,21,,22,,,6,67,66,67,19,63,63,29,67,68,30,63,68,68,51,68,53,67,67,29,29,15,60,56,43,66,21,68,6,67,9,67,32,1,7,10,66,20,68,29,,,2,28,,,1,67,8,14,6,11,3,5,5,3,47,56,31,24,26,6,11,17,18,12,18,9,22,41,,17,,,b'\x11\xe8\xe1I\xc8\xc3\xd3\x08\xaf\x82\x12\xdf\x17\xaeN\x1e'
11E8E149-C8C3-D308-AF82-12DF17AE4E1E,2024-ncaa-d0-natl,ncaa,6,13,6,13,6,2,5,4,20,2,1,49,230,273,95,357,1,1,76,1,47,1,1,58,33,26,319,355,15,1,1,5,94,1,3,18,208,323,41,60,4,36,3,8,,,326,52,,,3,2,8,263,2,4,13,2,3,305,343,1,1,1,4,5,4,15,3,36,155,18,10,,147,,,2,341,334,355,24,292,349,26,346,356,101,283,252,301,24,301,134,355,359,35,20,8,271,304,118,348,94,238,1,318,3,207,37,5,58,8,329,83,351,112,,,1,12,,,3,359,10,10,3,137,138,309,83,232,273,314,115,159,154,297,344,242,15,68,54,22,204,313,,1,,,b'\x11\xe8\xe1I\xc8\xc3\xd3\x08\xaf\x82\x12\xdf\x17\xaeN\x1e'
11E8E149-C8C3-D308-AF82-12DF17AE4E1E,2024-ncaa-d1-conf-SEC,ncaa,2,2,1,2,2,2,2,1,2,2,1,5,11,11,5,13,1,1,3,1,3,1,1,5,4,3,10,13,2,1,1,3,4,1,1,2,7,12,3,4,3,4,3,3,,,10,5,,,2,2,2,5,2,2,1,2,1,11,12,1,1,1,1,1,1,3,1,3,5,3,4,,5,,,2,9,8,13,2,7,10,3,12,14,3,14,9,9,1,9,7,12,13,2,2,2,12,12,8,12,4,5,1,9,1,4,6,3,5,4,14,6,13,9,,,1,1,,,2,13,2,3,2,4,5,11,2,6,10,14,7,7,7,10,13,11,3,3,4,3,11,12,,1,,,b'\x11\xe8\xe1I\xc8\xc3\xd3\x08\xaf\x82\x12\xdf\x17\xaeN\x1e'
11E8E149-C8C3-D308-AF82-12DF17AE4E1E,2024-ncaa-d1-natl,ncaa,6,13,6,13,6,2,5,4,22,2,1,56,247,295,101,359,1,1,76,1,46,1,1,64,37,28,321,357,11,1,1,7,104,1,3,19,224,314,42,67,7,42,4,8,,,316,55,,,4,3,10,264,2,5,13,2,3,310,344,1,1,1,5,5,4,14,3,40,159,26,10,,153,,,2,336,327,356,25,283,346,31,344,357,109,282,236,283,24,283,136,356,360,43,28,15,270,305,120,347,104,202,1,301,3,196,38,6,68,11,322,85,351,123,,,1,11,,,4,360,12,20,4,157,156,312,97,237,277,317,115,161,157,302,345,250,18,71,63,30,210,319,,1,,,b'\x11\xe8\xe1I\xc8\xc3\xd3\x08\xaf\x82\x12\xdf\x17\xaeN\x1e'
11E8E149-C8C3-D308-AF82-12DF17AE4E1E,2024-ncaa-d1-ncaatournament,ncaa,5,3,5,5,5,5,7,7,28,5,4,36,12,15,9,63,1,1,38,1,12,5,5,33,26,21,36,57,4,4,20,6,26,6,14,10,47,64,26,31,4,22,8,13,,,67,31,,,7,5,2,5,8,20,23,11,7,43,59,1,1,1,3,3,21,4,4,35,30,15,17,,42,,,8,65,65,63,12,62,61,26,66,66,22,63,63,61,31,61,33,63,64,20,16,15,55,64,25,62,26,63,20,63,14,63,18,3,26,19,55,11,55,15,,,2,5,,,7,64,15,12,8,34,29,58,15,24,57,65,26,27,26,57,64,36,39,38,26,15,19,28,,1,,,b'\x11\xe8\xe1I\xc8\xc3\xd3\x08\xaf\x82\x12\xdf\x17\xaeN\x1e'
11E8E149-C8C3-D308-AF82-12DF17AE4E1E,2025-ncaa-d0-natl,genius_ncaa,6,18,6,17,6,2,2,1,26,2,2,75,196,256,65,353,2,2,108,2,229,1,1,74,67,40,354,351,119,1,3,7,136,2,3,25,316,289,23,61,20,80,20,52,,,358,175,,346,9,2,10,152,4,4,4,1,1,283,333,9,7,7,2,4,2,11,3,55,88,45,44,,283,,314,10,352,344,360,23,329,348,67,328,359,15,294,338,344,94,345,221,361,362,23,22,38,249,233,229,356,136,302,3,336,3,254,56,23,156,59,279,33,354,58,,,2,139,,46,9,361,10,41,11,196,167,342,139,249,231,340,228,251,258,341,352,282,60,144,83,81,122,299,,20,,105,b'\x11\xe8\xe1I\xc8\xc3\xd3\x08\xaf\x82\x12\xdf\x17\xaeN\x1e'
11E8E149-C8C3-D308-AF82-12DF17AE4E1E,2025-ncaa-d1-conf-SEC,genius_ncaa,3,3,6,3,8,6,5,5,9,3,2,10,12,14,8,14,5,3,9,3,13,5,5,11,10,9,14,14,8,2,1,6,9,4,4,10,14,6,4,9,6,8,6,6,,,12,9,,12,5,6,3,5,5,3,2,2,1,12,14,3,1,2,1,2,1,6,2,10,8,4,6,,13,,12,5,8,8,9,6,8,7,7,8,13,5,12,11,12,9,13,12,10,10,6,6,4,11,9,14,10,9,8,1,8,4,5,2,6,6,4,7,4,12,7,,,4,9,,3,5,11,5,5,5,6,6,10,5,8,8,11,12,13,15,12,13,10,7,9,4,5,9,12,,3,,3,b'\x11\xe8\xe1I\xc8\xc3\xd3\x08\xaf\x82\x12\xdf\x17\xaeN\x1e'
11E8E149-C8C3-D308-AF82-12DF17AE4E1E,2025-ncaa-d1-natl,genius_ncaa,7,18,6,17,7,2,2,2,29,2,2,80,217,268,67,352,3,2,106,2,229,1,2,79,71,41,352,350,110,1,3,7,138,2,3,30,319,262,26,64,23,90,20,54,,,355,180,,343,9,2,10,151,4,4,4,1,1,289,334,10,9,8,2,5,2,12,3,62,89,56,45,,285,,317,11,352,342,360,29,321,346,69,325,357,17,295,333,338,97,341,219,361,361,27,29,51,248,232,225,354,138,284,3,330,3,240,60,32,162,70,257,34,351,63,,,2,132,,50,9,361,10,55,14,204,177,346,151,254,233,340,233,259,263,344,352,283,63,153,91,90,124,301,,20,,103,b'\x11\xe8\xe1I\xc8\xc3\xd3\x08\xaf\x82\x12\xdf\x17\xaeN\x1e'
11E8E149-C8C3-D308-AF82-12DF17AE4E1E,2025-ncaa-d1-ncaatournament,genius_ncaa,5,2,5,5,5,5,4,4,11,4,4,21,11,13,14,64,7,5,24,5,38,4,5,20,14,6,63,60,23,3,7,4,15,3,3,5,30,60,15,7,5,24,9,12,,,66,54,,66,2,5,9,7,2,2,5,1,1,43,60,10,10,11,5,5,10,2,2,9,25,17,19,,54,,57,3,64,62,63,9,60,61,16,67,67,18,58,66,68,13,67,57,63,64,13,13,16,59,55,48,63,15,63,7,64,3,62,27,8,36,20,59,15,66,16,,,6,27,,5,2,64,6,14,4,19,12,37,13,13,41,58,44,52,52,45,49,35,23,25,20,35,23,40,,16,,33,b'\x11\xe8\xe1I\xc8\xc3\xd3\x08\xaf\x82\x12\xdf\x17\xaeN\x1e'
11E8E149-C8C3-D308-AF82-12DF17AE4E1E,2026-ncaa-d0-natl,genius_ncaa,5,1,49,1,73,1,1,6,1,1,2,4,83,218,2,358,5,5,88,4,180,6,4,1,2,2,354,346,223,1,1,32,72,3,1,9,271,171,14,16,1,7,32,14,,,232,54,,25,1,20,5,97,1,1,1,1,1,118,307,5,6,6,1,1,1,22,2,7,73,5,37,,121,,18,1,164,135,285,12,54,132,25,324,355,48,361,163,174,111,178,215,274,334,19,14,5,356,357,154,255,72,28,1,77,1,186,263,5,11,11,206,44,4,1,,,17,181,,113,1,339,1,4,1,32,17,180,6,12,288,354,72,85,80,138,338,167,1,2,74,5,118,2,,26,,175,b'\x11\xe8\xe1I\xc8\xc3\xd3\x08\xaf\x82\x12\xdf\x17\xaeN\x1e'
11E8E149-C8C3-D308-AF82-12DF17AE4E1E,2026-ncaa-d1-natl,genius_ncaa,5,1,85,1,117,1,1,9,1,1,2,5,110,275,1,360,5,5,86,4,173,7,8,1,3,2,356,349,203,1,1,39,83,6,1,9,286,127,15,17,5,9,40,14,,,188,60,,17,1,34,6,100,1,1,1,1,1,134,316,4,6,6,1,1,1,27,2,7,79,6,40,,131,,17,1,115,93,231,14,24,77,34,314,350,58,361,120,127,121,130,219,221,310,22,17,6,357,356,148,217,83,3,1,25,1,151,270,7,13,17,163,46,1,1,,,22,174,,131,1,316,1,6,1,43,25,189,7,11,306,356,84,92,88,152,340,173,1,3,94,6,119,2,,25,,163,b'\x11\xe8\xe1I\xc8\xc3\xd3\x08\xaf\x82\x12\xdf\x17\xaeN\x1e'
11E8E149-C8C8-415E-AF82-12DF17AE4E1E,2010-ncaa-d0-natl,ncaa,302,303,241,304,261,319,322,337,229,335,339,277,148,209,37,61,316,325,133,328,138,341,339,164,165,249,33,32,207,345,343,327,295,343,341,247,23,158,326,237,315,276,314,304,,,9,44,,,294,325,332,188,329,332,342,341,337,115,188,313,324,326,345,342,343,329,344,233,219,304,312,,22,,,292,44,65,50,226,94,60,237,115,93,209,199,41,28,293,28,81,31,22,232,222,224,130,188,91,115,295,70,343,68,341,102,198,287,191,243,161,301,8,67,,,291,52,,,294,19,301,254,300,97,133,74,148,95,157,131,75,50,52,40,22,178,123,145,160,264,214,11,,268,,,b'\x11\xe8\xe1I\xc8\xc8A^\xaf\x82\x12\xdf\x17\xaeN\x1e'
11E8E149-C8C8-415E-AF82-12DF17AE4E1E,2010-ncaa-d1-conf-Atlantic 10,ncaa,12,11,13,12,13,14,14,14,8,14,14,13,7,9,1,1,14,14,4,14,12,14,14,6,6,11,1,1,13,14,14,14,14,14,14,10,2,7,14,12,14,10,13,13,,,1,3,,,12,14,12,10,14,14,14,14,14,3,7,14,14,14,14,14,14,14,14,10,12,12,13,,2,,,12,1,1,1,11,2,1,8,6,3,14,9,3,1,14,1,6,1,1,13,12,10,7,9,8,9,14,2,14,3,14,1,4,9,4,6,6,14,1,5,,,12,4,,,12,1,12,12,12,9,8,3,8,5,8,6,9,3,3,3,4,13,5,8,6,6,9,1,,11,,,b'\x11\xe8\xe1I\xc8\xc8A^\xaf\x82\x12\xdf\x17\xaeN\x1e'
11E8E149-C8C8-415E-AF82-12DF17AE4E1E,2010-ncaa-d1-natl,ncaa,308,302,276,312,296,331,333,344,234,341,342,281,156,225,38,61,319,331,132,333,135,345,344,169,171,252,32,31,203,345,343,335,299,344,342,265,22,144,326,241,323,282,316,306,,,4,47,,,303,337,332,176,331,333,342,341,337,116,188,314,325,327,345,342,343,330,344,240,220,309,312,,21,,,304,34,53,30,236,85,42,240,107,87,211,199,36,26,293,27,81,14,7,239,227,233,131,188,92,100,299,47,343,46,342,93,198,307,196,245,148,302,7,69,,,304,52,,,303,6,305,265,309,101,143,78,152,96,160,131,76,50,53,42,22,181,124,146,168,265,216,12,,266,,,b'\x11\xe8\xe1I\xc8\xc8A^\xaf\x82\x12\xdf\x17\xaeN\x1e'
11E8E149-C8C8-415E-AF82-12DF17AE4E1E,2011-ncaa-d0-natl,ncaa,248,264,170,260,224,205,265,147,329,297,206,331,115,82,232,87,83,125,53,120,72,132,161,317,289,243,19,81,25,150,225,267,294,226,306,229,115,71,73,172,138,143,270,282,,,179,176,,,300,168,100,257,206,281,101,305,204,103,60,62,97,91,81,120,132,276,230,223,88,115,278,,208,,,296,273,285,196,314,260,202,280,269,177,338,177,167,166,198,171,165,194,188,320,316,306,176,226,104,221,294,294,225,281,306,328,313,168,181,302,118,130,129,156,,,98,73,,,300,183,234,310,290,307,305,243,283,232,286,191,187,188,190,244,248,251,316,308,330,144,147,140,,57,,,b'\x11\xe8\xe1I\xc8\xc8A^\xaf\x82\x12\xdf\x17\xaeN\x1e'
11E8E149-C8C8-415E-AF82-12DF17AE4E1E,2011-ncaa-d1-conf-Atlantic 10,ncaa,9,9,7,9,9,9,9,6,10,8,8,12,8,7,9,5,4,4,6,4,2,6,6,10,10,10,4,5,2,6,9,11,11,10,13,8,7,7,5,8,7,7,11,11,,,11,8,,,10,8,2,6,7,8,7,9,8,6,3,2,1,1,6,6,6,12,11,8,8,4,11,,10,,,10,13,13,8,13,13,8,13,11,8,14,8,9,8,12,9,8,9,9,13,13,13,8,8,5,9,11,10,9,10,13,14,13,7,6,12,8,9,3,6,,,2,3,,,10,9,10,12,9,14,14,10,13,11,12,9,11,11,11,13,13,11,12,13,14,4,8,5,,2,,,b'\x11\xe8\xe1I\xc8\xc8A^\xaf\x82\x12\xdf\x17\xaeN\x1e'
11E8E149-C8C8-415E-AF82-12DF17AE4E1E,2011-ncaa-d1-natl,ncaa,258,262,199,263,260,228,280,168,333,306,230,333,126,87,231,86,93,138,53,133,70,153,190,317,290,243,19,80,26,168,231,286,299,242,311,236,122,60,78,181,150,148,275,283,,,160,179,,,304,204,99,260,212,284,103,308,209,108,61,64,96,90,88,122,139,278,233,231,89,125,280,,210,,,300,262,273,170,318,243,180,284,263,162,340,175,160,159,201,162,164,167,157,328,320,314,173,224,103,205,299,281,231,265,311,326,313,190,189,309,105,131,118,160,,,115,68,,,304,152,237,314,299,310,308,243,285,235,288,192,192,191,195,245,248,252,317,311,332,155,147,146,,56,,,b'\x11\xe8\xe1I\xc8\xc8A^\xaf\x82\x12\xdf\x17\xaeN\x1e'
11E8E149-C8C8-415E-AF82-12DF17AE4E1E,2012-ncaa-d0-natl,ncaa,171,202,120,193,154,199,167,164,188,153,145,195,184,182,187,168,281,278,218,274,302,183,194,198,231,198,241,166,283,116,88,280,261,210,184,276,331,103,136,262,205,181,160,149,,,138,178,,,212,235,292,262,231,186,179,164,170,183,191,301,301,300,226,252,119,313,255,306,98,222,169,,118,,,210,178,214,131,285,231,133,299,137,141,167,173,92,73,235,74,84,111,125,277,271,244,62,134,78,156,261,112,88,125,184,270,270,180,147,250,123,151,123,110,,,232,227,,,212,120,166,250,206,169,207,94,238,118,138,124,84,59,56,72,64,153,100,109,251,202,120,112,,273,,,b'\x11\xe8\xe1I\xc8\xc8A^\xaf\x82\x12\xdf\x17\xaeN\x1e'
11E8E149-C8C8-415E-AF82-12DF17AE4E1E,2012-ncaa-d1-conf-Atlantic 10,ncaa,6,7,4,7,6,8,9,5,12,11,7,13,5,4,9,4,7,8,7,7,5,6,6,10,11,10,3,4,5,4,6,10,12,10,10,13,14,7,7,13,5,5,9,9,,,10,9,,,8,7,10,9,8,12,5,12,10,6,4,7,8,7,5,6,4,12,10,13,6,5,9,,8,,,8,12,12,7,12,10,6,12,8,10,5,11,11,11,11,9,12,8,10,10,12,9,10,5,10,11,12,11,6,11,10,11,10,4,4,5,7,8,8,7,,,4,5,,,8,8,8,10,8,7,5,4,7,4,7,8,10,7,6,4,6,9,9,10,11,4,8,8,,4,,,b'\x11\xe8\xe1I\xc8\xc8A^\xaf\x82\x12\xdf\x17\xaeN\x1e'
11E8E149-C8C8-415E-AF82-12DF17AE4E1E,2012-ncaa-d1-natl,ncaa,186,201,137,201,181,224,190,197,192,171,167,204,191,189,187,167,292,294,216,291,304,212,236,208,235,207,237,161,281,128,93,300,264,240,190,292,330,90,138,266,222,191,169,157,,,112,182,,,225,265,294,262,242,196,186,176,175,187,190,304,302,300,232,258,126,316,261,311,100,228,171,,118,,,225,162,204,105,292,220,117,304,127,126,171,168,79,63,237,63,84,86,86,286,275,247,61,133,75,141,264,92,93,102,190,266,271,207,155,255,105,155,118,115,,,257,223,,,225,88,173,257,219,173,212,95,242,120,138,126,85,63,60,73,62,158,102,113,258,213,121,113,,273,,,b'\x11\xe8\xe1I\xc8\xc8A^\xaf\x82\x12\xdf\x17\xaeN\x1e'
11E8E149-C8C8-415E-AF82-12DF17AE4E1E,2013-ncaa-d0-natl,ncaa,290,284,251,293,294,309,307,200,338,262,142,338,299,256,331,252,214,239,120,241,289,212,234,339,336,327,230,258,63,120,151,307,307,252,277,314,278,102,147,294,223,200,60,50,,,141,224,,,297,269,191,267,306,302,118,237,75,290,242,179,210,212,137,150,71,298,202,316,165,196,37,,214,,,297,108,123,82,243,201,155,232,49,43,138,64,155,143,245,142,160,80,81,213,219,211,65,57,208,194,307,222,151,217,277,253,318,206,151,259,232,264,265,241,,,214,181,,,297,66,321,239,304,194,210,150,262,240,75,69,225,205,205,161,164,250,293,294,296,162,277,296,,165,,,b'\x11\xe8\xe1I\xc8\xc8A^\xaf\x82\x12\xdf\x17\xaeN\x1e'
11E8E149-C8C8-415E-AF82-12DF17AE4E1E,2013-ncaa-d1-conf-Atlantic 10,ncaa,12,12,9,12,10,13,12,8,16,7,4,15,15,13,16,13,6,6,5,6,13,8,7,16,16,14,13,14,1,6,9,13,13,10,13,14,16,8,8,14,11,11,6,5,,,12,12,,,14,8,3,9,11,11,3,6,3,15,13,5,6,6,3,3,5,12,7,15,9,8,5,,14,,,14,15,13,8,15,13,10,15,5,5,6,4,13,12,16,11,11,10,8,14,15,14,6,3,12,8,13,13,9,13,13,11,12,8,7,12,11,10,9,6,,,5,10,,,14,9,14,14,14,15,15,12,15,14,6,6,14,13,13,14,12,12,16,16,14,5,11,11,,4,,,b'\x11\xe8\xe1I\xc8\xc8A^\xaf\x82\x12\xdf\x17\xaeN\x1e'
11E8E149-C8C8-415E-AF82-12DF17AE4E1E,2013-ncaa-d1-natl,ncaa,298,282,292,301,322,324,324,222,338,278,160,339,300,265,332,252,229,251,119,255,287,237,260,341,338,328,224,259,57,139,156,321,309,279,284,321,279,88,151,296,236,210,63,51,,,123,227,,,305,291,194,267,311,310,124,243,77,290,243,181,210,212,145,153,77,301,208,318,166,204,38,,215,,,305,89,109,54,248,185,127,236,43,35,146,63,148,130,248,130,164,57,57,215,222,218,67,57,208,185,309,206,156,202,284,241,318,225,157,264,219,265,262,242,,,232,179,,,305,43,322,245,308,201,215,151,268,244,78,69,227,208,205,164,162,250,297,296,298,166,281,298,,164,,,b'\x11\xe8\xe1I\xc8\xc8A^\xaf\x82\x12\xdf\x17\xaeN\x1e'
11E8E149-C8C8-415E-AF82-12DF17AE4E1E,2014-ncaa-d0-natl,ncaa,165,150,180,164,219,309,299,219,333,246,141,339,298,294,287,288,248,179,324,175,231,216,236,336,340,322,258,268,104,111,142,134,17,116,87,319,303,81,123,288,236,205,193,203,,,148,263,,,182,273,278,191,320,316,201,245,101,303,287,249,177,171,198,224,91,81,61,324,107,225,188,,178,,,184,18,30,63,56,120,160,106,2,18,1,36,132,120,184,120,131,61,63,24,30,40,12,3,275,15,17,240,142,132,87,73,223,226,169,147,75,113,33,22,,,177,109,,,182,98,308,25,169,30,37,50,167,211,1,22,150,151,149,57,46,20,278,158,93,213,97,36,,158,,,b'\x11\xe8\xe1I\xc8\xc8A^\xaf\x82\x12\xdf\x17\xaeN\x1e'
11E8E149-C8C8-415E-AF82-12DF17AE4E1E,2014-ncaa-d1-conf-Atlantic 10,ncaa,7,7,3,7,5,12,11,7,13,9,5,12,11,11,10,11,9,7,13,7,7,6,7,13,12,12,9,11,4,3,4,4,2,4,3,11,11,8,9,11,5,5,6,5,,,9,13,,,8,7,8,7,12,11,8,9,5,11,11,10,7,7,7,7,3,4,3,11,8,6,7,,10,,,8,1,2,4,1,6,7,6,1,1,1,1,8,8,5,8,9,6,7,1,1,1,2,1,13,2,2,11,4,8,3,3,8,5,5,3,6,8,4,4,,,5,3,,,8,7,11,1,8,2,1,3,5,7,1,1,9,9,9,6,5,2,10,7,3,7,7,5,,6,,,b'\x11\xe8\xe1I\xc8\xc8A^\xaf\x82\x12\xdf\x17\xaeN\x1e'
11E8E149-C8C8-415E-AF82-12DF17AE4E1E,2014-ncaa-d1-natl,ncaa,173,150,211,166,262,316,312,247,333,265,156,340,304,303,289,288,262,204,324,199,231,244,268,338,340,324,258,267,103,130,147,163,17,135,91,325,306,69,127,291,246,207,204,213,,,132,266,,,191,303,278,184,322,318,203,248,100,302,290,250,179,174,209,228,92,83,63,327,107,227,197,,182,,,194,12,16,42,62,108,143,114,1,15,1,36,121,112,192,110,131,39,36,27,30,44,11,3,273,12,17,221,147,106,91,65,222,245,173,153,62,112,29,23,,,203,107,,,191,65,311,25,182,31,39,49,171,212,1,22,153,152,149,56,46,20,281,162,98,219,96,37,,158,,,b'\x11\xe8\xe1I\xc8\xc8A^\xaf\x82\x12\xdf\x17\xaeN\x1e'
11E8E149-C8C8-415E-AF82-12DF17AE4E1E,2015-ncaa-d0-natl,ncaa,162,189,113,184,154,178,141,75,270,107,44,304,240,261,187,292,221,161,316,158,294,81,111,295,306,256,290,256,239,88,195,205,130,141,234,191,237,77,51,139,116,117,86,78,,,302,310,,,223,127,128,234,219,173,51,110,23,258,274,249,187,183,63,109,91,232,154,215,79,118,82,,306,,,222,216,164,133,228,212,192,210,107,92,213,80,308,288,289,289,276,172,208,210,248,199,169,78,301,108,130,321,195,278,234,230,266,107,100,155,58,47,164,72,,,131,190,,,223,224,239,165,220,187,144,79,189,163,92,68,297,284,284,124,168,77,323,264,214,110,52,159,,143,,,b'\x11\xe8\xe1I\xc8\xc8A^\xaf\x82\x12\xdf\x17\xaeN\x1e'
11E8E149-C8C8-415E-AF82-12DF17AE4E1E,2015-ncaa-d1-conf-Atlantic 10,ncaa,10,10,5,10,10,7,4,3,11,3,2,10,13,11,14,11,12,10,12,10,12,4,4,13,12,11,13,12,12,4,5,14,12,9,11,9,12,3,3,6,4,3,8,6,,,12,13,,,11,6,5,9,7,3,2,3,2,12,11,13,10,10,3,5,4,14,11,10,3,3,8,,13,,,11,13,11,4,13,12,6,13,5,5,8,6,13,13,13,13,13,5,9,13,13,11,7,4,12,9,12,14,5,13,11,12,11,3,1,5,3,3,8,3,,,10,11,,,11,9,8,12,11,13,12,1,12,5,6,5,13,13,13,3,10,7,13,13,11,1,3,8,,10,,,b'\x11\xe8\xe1I\xc8\xc8A^\xaf\x82\x12\xdf\x17\xaeN\x1e'
11E8E149-C8C8-415E-AF82-12DF17AE4E1E,2015-ncaa-d1-natl,ncaa,180,189,143,189,190,207,173,88,276,125,52,308,251,269,189,292,240,181,318,181,296,105,138,299,309,265,286,254,231,105,202,236,135,170,243,212,242,61,51,144,130,124,89,80,,,291,311,,,239,162,131,231,224,181,52,114,25,259,274,252,186,185,69,117,97,240,161,224,77,127,85,,306,,,237,194,142,94,238,196,162,219,90,67,217,79,296,276,293,276,275,139,166,223,259,209,166,75,301,84,135,316,202,260,243,216,267,129,106,164,46,49,158,76,,,154,184,,,239,189,247,187,236,202,154,81,201,166,95,69,298,284,284,130,165,80,327,268,224,111,53,164,,141,,,b'\x11\xe8\xe1I\xc8\xc8A^\xaf\x82\x12\xdf\x17\xaeN\x1e'
11E8E149-C8C8-415E-AF82-12DF17AE4E1E,2016-ncaa-d0-natl,ncaa,316,327,175,322,209,253,231,130,327,179,35,340,306,323,212,331,215,234,155,220,327,142,147,338,336,322,297,298,143,85,138,289,331,196,298,234,185,163,151,226,198,206,52,68,,,288,294,,,316,176,144,198,279,254,74,166,13,311,324,222,240,230,91,91,64,304,189,238,188,186,43,,304,,,312,253,222,163,262,290,283,190,59,19,315,9,333,327,256,328,277,209,202,220,255,275,95,26,320,301,331,270,138,296,298,297,309,206,222,278,176,170,228,106,,,264,317,,,316,158,306,293,315,275,246,189,296,319,58,18,332,321,323,251,260,315,297,316,313,199,201,241,,285,,,b'\x11\xe8\xe1I\xc8\xc8A^\xaf\x82\x12\xdf\x17\xaeN\x1e'
11E8E149-C8C8-415E-AF82-12DF17AE4E1E,2016-ncaa-d1-conf-Atlantic 10,ncaa,14,14,10,14,10,11,9,6,13,5,4,13,13,14,12,13,9,11,8,10,14,7,7,14,14,14,12,13,8,5,5,14,14,10,12,12,11,12,12,14,9,7,4,4,,,14,14,,,14,8,5,5,11,7,3,4,2,13,13,9,9,9,6,3,4,13,9,12,12,7,3,,14,,,14,13,10,5,13,14,11,13,3,2,11,2,14,14,5,14,13,9,6,13,13,13,5,1,14,12,14,7,5,9,12,13,13,10,10,13,12,13,5,2,,,11,14,,,14,6,13,14,14,14,14,9,14,14,4,2,14,14,14,13,13,14,13,13,14,8,12,5,,11,,,b'\x11\xe8\xe1I\xc8\xc8A^\xaf\x82\x12\xdf\x17\xaeN\x1e'
11E8E149-C8C8-415E-AF82-12DF17AE4E1E,2016-ncaa-d1-natl,ncaa,323,327,218,326,260,286,269,163,330,211,43,343,315,329,215,328,243,258,156,250,326,177,186,342,339,326,294,295,138,101,150,317,334,235,303,256,191,134,155,234,223,216,55,72,,,274,296,,,318,222,147,181,290,262,78,174,13,311,324,225,246,233,92,97,67,312,200,248,187,199,42,,306,,,318,234,207,121,270,276,264,201,44,16,317,9,326,317,257,318,281,181,156,225,268,285,97,24,320,288,334,254,150,283,303,287,310,235,228,283,155,174,220,120,,,292,317,,,318,112,310,304,323,281,254,190,300,321,61,17,336,324,325,260,258,319,299,323,313,203,201,245,,287,,,b'\x11\xe8\xe1I\xc8\xc8A^\xaf\x82\x12\xdf\x17\xaeN\x1e'
11E8E149-C8C8-415E-AF82-12DF17AE4E1E,2017-ncaa-d0-natl,ncaa,136,111,168,127,177,206,186,162,229,91,37,283,338,342,269,341,115,147,76,141,300,160,170,293,276,249,337,342,61,75,53,211,235,143,122,184,168,169,164,183,257,260,16,18,,,192,209,,,149,194,218,56,204,186,132,62,10,338,341,95,128,125,117,120,51,212,104,182,192,255,5,,210,,,149,73,86,134,102,196,290,44,9,3,220,2,237,212,266,215,125,146,152,52,69,76,33,9,290,202,235,104,53,134,122,70,115,169,155,101,66,65,116,49,,,182,203,,,149,143,207,97,160,93,103,140,231,331,10,3,250,227,228,162,162,224,126,162,91,149,78,128,,163,,,b'\x11\xe8\xe1I\xc8\xc8A^\xaf\x82\x12\xdf\x17\xaeN\x1e'
11E8E149-C8C8-415E-AF82-12DF17AE4E1E,2017-ncaa-d1-conf-Atlantic 10,ncaa,7,6,5,6,5,6,5,3,9,2,1,11,13,13,10,13,8,8,7,8,13,4,4,12,11,10,13,13,9,2,3,9,8,4,5,6,9,11,10,10,7,7,1,1,,,13,13,,,7,4,4,4,6,4,2,2,1,13,13,10,8,8,3,1,2,10,4,6,12,7,1,,13,,,7,8,9,7,11,13,12,6,3,1,11,1,14,14,12,14,9,10,10,7,9,6,3,2,14,5,8,8,3,7,5,5,3,2,2,3,7,9,8,4,,,8,10,,,7,10,9,5,7,6,7,5,13,14,3,1,14,14,14,7,8,5,6,6,6,2,9,7,,7,,,b'\x11\xe8\xe1I\xc8\xc8A^\xaf\x82\x12\xdf\x17\xaeN\x1e'
11E8E149-C8C8-415E-AF82-12DF17AE4E1E,2017-ncaa-d1-natl,ncaa,143,111,217,131,234,239,223,201,237,112,45,286,340,344,274,342,132,177,77,170,301,195,211,300,281,250,334,342,58,95,57,254,244,182,133,206,169,144,167,193,276,269,17,20,,,168,214,,,166,256,224,47,217,197,137,68,15,338,342,98,139,133,121,126,54,225,117,189,194,265,5,,213,,,166,49,67,85,110,175,279,47,7,2,229,2,224,197,268,198,128,96,92,57,74,90,31,9,286,175,244,76,57,96,133,59,116,192,160,116,51,67,106,52,,,215,196,,,166,82,216,113,174,99,107,138,237,331,10,3,255,232,230,165,159,227,129,165,95,157,78,137,,167,,,b'\x11\xe8\xe1I\xc8\xc8A^\xaf\x82\x12\xdf\x17\xaeN\x1e'
11E8E149-C8C8-415E-AF82-12DF17AE4E1E,2018-ncaa-d0-natl,ncaa,277,295,164,288,224,278,254,284,186,198,172,238,301,328,141,304,255,267,155,270,287,288,254,230,231,282,292,275,158,235,183,177,227,208,166,262,236,317,328,313,314,318,100,161,,,158,201,,,298,239,256,278,305,287,314,200,155,314,327,260,270,272,319,271,236,166,204,282,312,320,85,,187,,,295,177,227,208,228,300,305,168,23,18,152,6,158,166,177,178,66,208,120,142,123,249,4,9,156,213,227,86,183,111,166,140,70,330,331,303,247,283,85,81,,,286,264,,,298,108,292,269,297,203,255,256,322,344,25,13,183,178,192,253,120,233,88,140,154,333,260,88,,295,,,b'\x11\xe8\xe1I\xc8\xc8A^\xaf\x82\x12\xdf\x17\xaeN\x1e'
11E8E149-C8C8-415E-AF82-12DF17AE4E1E,2018-ncaa-d1-conf-Atlantic 10,ncaa,12,12,8,12,12,14,14,14,10,13,11,12,13,13,8,12,13,14,7,14,13,14,12,11,11,14,12,11,11,8,6,13,13,12,9,13,13,13,13,14,12,12,5,6,,,8,8,,,13,14,11,9,14,14,13,11,8,12,13,13,14,14,14,9,7,11,11,13,13,11,3,,9,,,13,8,11,7,11,13,11,10,2,2,9,1,9,9,6,9,6,7,4,10,10,11,2,1,9,11,13,4,6,7,9,7,6,14,13,13,12,13,1,1,,,13,13,,,13,1,13,12,13,9,12,9,14,14,2,2,10,10,10,9,7,12,6,8,9,14,12,2,,13,,,b'\x11\xe8\xe1I\xc8\xc8A^\xaf\x82\x12\xdf\x17\xaeN\x1e'
11E8E149-C8C8-415E-AF82-12DF17AE4E1E,2018-ncaa-d1-natl,ncaa,289,295,213,296,294,311,289,319,203,231,211,256,313,331,144,307,273,286,154,288,287,319,299,237,241,288,291,274,148,264,189,222,233,255,183,298,242,302,330,320,329,326,113,168,,,136,211,,,307,304,259,279,310,293,317,212,157,314,328,260,271,274,323,276,245,172,219,293,313,324,87,,189,,,306,147,208,178,242,297,304,180,17,9,158,4,143,140,181,160,64,166,63,156,139,262,4,10,155,189,233,52,189,82,183,118,70,338,331,311,221,286,70,87,,,305,264,,,307,46,298,280,306,214,265,259,323,344,24,12,188,181,195,258,120,241,96,146,164,335,260,93,,295,,,b'\x11\xe8\xe1I\xc8\xc8A^\xaf\x82\x12\xdf\x17\xaeN\x1e'
11E8E149-C8C8-415E-AF82-12DF17AE4E1E,2019-ncaa-d0-natl,ncaa,310,335,114,323,147,286,290,167,341,268,167,328,260,160,339,179,223,120,341,106,93,152,103,342,344,342,191,215,100,227,314,126,307,168,331,277,206,327,300,323,77,126,99,118,,,282,211,,,340,77,45,180,328,327,208,295,201,268,172,240,123,115,181,96,245,140,191,310,313,82,101,,283,,,332,275,252,275,159,236,236,173,236,266,137,210,284,307,64,306,264,285,296,156,161,156,214,188,234,334,307,347,314,348,331,308,308,84,153,212,346,336,143,148,,,152,204,,,340,273,346,197,329,266,248,295,228,248,234,270,273,294,295,322,324,330,345,346,306,79,340,138,,155,,,b'\x11\xe8\xe1I\xc8\xc8A^\xaf\x82\x12\xdf\x17\xaeN\x1e'
11E8E149-C8C8-415E-AF82-12DF17AE4E1E,2019-ncaa-d1-conf-Atlantic 10,ncaa,13,13,9,13,10,11,10,10,11,8,7,8,12,11,13,10,10,7,14,5,4,9,5,13,13,14,14,12,8,10,10,5,12,8,11,11,10,13,13,13,6,7,5,5,,,13,9,,,14,4,1,5,10,9,5,8,6,12,10,9,4,4,5,1,7,3,5,10,13,5,5,,13,,,14,12,11,11,7,13,10,8,7,10,6,5,13,13,4,13,12,12,12,7,8,9,9,4,12,14,12,12,10,14,11,11,11,7,9,11,14,14,3,3,,,9,11,,,14,11,14,9,12,13,13,14,14,13,9,11,14,14,14,14,14,14,14,14,11,5,14,4,,7,,,b'\x11\xe8\xe1I\xc8\xc8A^\xaf\x82\x12\xdf\x17\xaeN\x1e'
11E8E149-C8C8-415E-AF82-12DF17AE4E1E,2019-ncaa-d1-natl,ncaa,324,334,155,332,192,310,313,216,342,293,209,331,277,178,341,177,245,145,340,135,91,200,149,343,345,344,187,213,94,259,317,163,312,209,338,305,213,310,308,328,104,134,114,120,,,258,218,,,340,111,51,170,330,333,218,303,204,277,173,248,126,118,193,102,252,151,206,320,313,92,104,,280,,,335,258,226,250,179,214,209,187,225,255,149,205,268,292,69,291,267,265,275,171,168,174,213,188,232,328,312,344,317,344,338,300,309,108,165,224,346,339,134,156,,,192,206,,,340,241,346,219,334,276,253,297,237,252,235,270,275,297,296,321,324,330,346,346,311,87,342,150,,160,,,b'\x11\xe8\xe1I\xc8\xc8A^\xaf\x82\x12\xdf\x17\xaeN\x1e'
11E8E149-C8C8-415E-AF82-12DF17AE4E1E,2020-ncaa-d0-natl,ncaa,197,216,87,212,112,207,259,165,327,327,299,322,51,25,191,34,137,132,163,140,42,162,103,280,265,271,9,24,95,94,162,76,319,65,243,149,44,296,270,235,232,274,28,46,,,260,179,,,238,127,143,123,230,303,184,344,314,52,27,140,147,155,187,110,110,77,57,165,285,247,25,,239,,,237,216,176,301,32,161,308,22,206,217,137,125,283,272,242,269,170,316,304,35,44,83,246,175,274,345,319,294,162,339,243,281,311,208,268,271,264,241,225,297,,,143,183,,,238,221,263,173,240,194,144,309,141,308,186,203,263,251,249,320,300,342,279,333,267,225,248,210,,159,,,b'\x11\xe8\xe1I\xc8\xc8A^\xaf\x82\x12\xdf\x17\xaeN\x1e'
11E8E149-C8C8-415E-AF82-12DF17AE4E1E,2020-ncaa-d1-conf-Atlantic 10,ncaa,10,9,9,10,9,9,12,7,12,14,14,11,2,1,8,1,4,7,5,6,2,8,5,12,12,11,1,1,5,5,6,8,14,7,13,8,3,13,11,12,8,11,4,4,,,12,9,,,10,8,1,3,6,12,3,14,14,1,1,3,6,6,1,1,4,5,3,5,13,6,2,,14,,,10,12,7,11,4,8,12,3,8,4,11,4,14,14,7,14,13,14,12,4,5,7,12,7,13,14,14,11,6,14,13,13,13,9,10,11,14,13,6,10,,,5,5,,,10,7,13,11,10,13,11,14,10,13,10,7,14,14,14,14,14,14,14,14,13,7,14,7,,4,,,b'\x11\xe8\xe1I\xc8\xc8A^\xaf\x82\x12\xdf\x17\xaeN\x1e'
11E8E149-C8C8-415E-AF82-12DF17AE4E1E,2020-ncaa-d1-natl,ncaa,214,215,128,220,168,239,301,201,335,339,317,331,57,31,198,34,162,159,166,164,41,202,142,285,270,279,7,23,88,118,171,102,321,88,254,173,47,286,276,251,251,280,30,47,,,243,190,,,257,165,147,110,242,314,193,346,318,54,27,142,153,159,197,117,114,85,64,169,289,256,23,,242,,,257,195,154,286,35,143,294,23,193,199,141,125,267,252,245,250,176,302,279,40,46,91,245,173,271,343,321,276,171,336,254,265,311,234,281,282,256,246,210,300,,,172,185,,,257,179,275,192,256,205,155,310,145,310,188,201,265,254,252,324,300,345,280,336,270,237,250,212,,157,,,b'\x11\xe8\xe1I\xc8\xc8A^\xaf\x82\x12\xdf\x17\xaeN\x1e'
11E8E149-C8C8-415E-AF82-12DF17AE4E1E,2021-ncaa-d0-natl,ncaa,128,250,43,188,44,90,114,57,279,191,169,230,24,13,198,17,65,109,30,96,63,58,63,214,189,160,12,22,124,105,275,119,334,119,331,53,17,230,92,83,39,98,117,193,,,309,193,,,197,55,190,95,164,229,141,314,318,35,17,130,209,200,153,198,229,282,288,87,87,83,186,,237,,,183,287,283,288,170,294,273,224,226,282,51,189,298,297,181,302,239,292,309,143,152,119,132,110,225,342,334,330,275,342,331,329,317,32,100,194,145,46,294,296,,,32,59,,,197,287,168,205,190,190,179,191,208,172,136,202,223,229,241,214,274,335,303,330,292,69,44,214,,86,,,b'\x11\xe8\xe1I\xc8\xc8A^\xaf\x82\x12\xdf\x17\xaeN\x1e'
11E8E149-C8C8-415E-AF82-12DF17AE4E1E,2021-ncaa-d1-conf-Atlantic 10,ncaa,8,10,1,8,2,2,2,2,12,8,7,9,1,1,8,2,1,2,1,2,2,2,2,8,7,7,2,3,1,6,13,3,14,4,14,1,1,11,4,2,1,3,4,11,,,14,11,,,9,1,2,7,6,12,7,12,13,2,1,2,5,5,6,6,12,13,13,1,6,2,9,,13,,,9,14,14,14,11,14,14,13,10,12,3,4,14,14,9,14,13,14,14,7,8,7,4,3,12,14,14,14,13,14,14,14,14,1,3,7,9,3,9,9,,,1,2,,,9,14,8,11,9,14,13,11,13,10,6,7,13,13,13,12,14,13,14,14,14,1,2,5,,3,,,b'\x11\xe8\xe1I\xc8\xc8A^\xaf\x82\x12\xdf\x17\xaeN\x1e'
11E8E149-C8C8-415E-AF82-12DF17AE4E1E,2021-ncaa-d1-natl,ncaa,139,250,50,192,52,99,127,68,283,208,185,237,28,13,197,17,74,119,29,109,61,67,74,217,194,163,12,22,118,121,279,139,334,132,333,57,18,216,93,84,48,103,124,198,,,301,199,,,211,63,193,95,172,239,145,318,321,40,17,129,209,200,158,199,235,284,294,93,85,89,190,,241,,,200,286,280,284,180,290,266,230,217,274,54,186,290,289,181,296,242,288,304,150,161,126,130,108,225,342,334,328,279,341,333,327,318,37,105,205,136,45,289,299,,,39,63,,,211,277,172,223,203,200,188,192,217,174,135,200,227,233,243,213,272,336,305,333,297,70,43,219,,89,,,b'\x11\xe8\xe1I\xc8\xc8A^\xaf\x82\x12\xdf\x17\xaeN\x1e'
11E8E149-C8C8-415E-AF82-12DF17AE4E1E,2022-ncaa-d0-natl,ncaa,139,106,216,132,236,185,207,187,246,311,321,184,40,29,130,13,207,245,78,235,62,204,238,149,148,130,12,13,213,204,213,284,302,265,288,131,47,62,97,89,84,42,204,200,,,117,158,,,146,240,191,195,135,188,128,330,337,21,15,185,229,215,152,186,179,307,279,92,94,53,191,,168,,,143,113,139,100,239,163,135,225,98,74,186,113,124,161,56,158,191,101,123,215,205,153,96,109,168,221,302,177,213,189,288,211,282,118,69,162,124,175,154,293,,,174,105,,,146,109,134,175,148,163,183,114,217,183,106,91,154,204,202,128,196,260,246,253,262,78,168,186,,124,,,b'\x11\xe8\xe1I\xc8\xc8A^\xaf\x82\x12\xdf\x17\xaeN\x1e'
11E8E149-C8C8-415E-AF82-12DF17AE4E1E,2022-ncaa-d1-conf-Atlantic 10,ncaa,5,5,10,5,11,7,8,12,7,14,14,4,2,2,5,2,6,7,5,6,2,12,11,4,3,4,1,1,4,12,10,14,12,14,12,7,4,5,6,6,1,1,8,9,,,6,10,,,6,10,8,10,5,7,9,14,13,2,2,2,3,3,7,10,12,14,14,7,6,1,9,,9,,,6,6,7,2,14,8,3,14,2,2,14,2,8,8,5,8,11,4,5,14,13,10,4,2,9,8,12,5,10,4,12,10,13,3,1,5,6,8,2,9,,,4,1,,,6,5,4,11,6,10,9,3,13,9,5,2,9,12,12,6,9,9,8,8,12,1,8,2,,1,,,b'\x11\xe8\xe1I\xc8\xc8A^\xaf\x82\x12\xdf\x17\xaeN\x1e'
11E8E149-C8C8-415E-AF82-12DF17AE4E1E,2022-ncaa-d1-natl,ncaa,157,106,270,143,285,216,250,239,263,331,341,197,50,38,133,13,235,270,80,263,59,248,283,158,156,143,11,14,204,232,221,317,314,306,303,165,49,42,104,96,107,53,220,205,,,88,166,,,170,284,195,184,154,215,144,337,339,22,17,189,232,217,166,192,192,314,296,106,100,61,198,,172,,,167,92,112,64,252,146,108,244,83,57,203,113,106,135,65,133,194,60,83,234,224,166,94,109,165,196,314,139,221,152,303,201,284,145,82,180,106,178,145,304,,,203,96,,,170,67,146,198,176,175,194,118,232,185,112,90,159,210,207,135,193,266,249,259,265,88,173,198,,123,,,b'\x11\xe8\xe1I\xc8\xc8A^\xaf\x82\x12\xdf\x17\xaeN\x1e'
11E8E149-C8C8-415E-AF82-12DF17AE4E1E,2023-ncaa-d0-natl,ncaa,135,117,164,132,203,194,215,146,287,303,320,204,63,28,261,15,223,252,90,248,111,163,148,231,227,236,23,21,208,144,177,208,305,183,264,140,37,252,246,177,62,53,111,108,,,118,80,,,156,157,112,226,197,238,113,320,330,49,13,220,256,252,146,116,141,218,181,121,266,47,100,,132,,,155,95,87,176,66,145,203,105,69,140,25,140,202,211,156,205,188,176,223,48,61,39,112,80,258,310,305,223,177,278,264,203,287,85,74,105,205,204,65,162,,,153,160,,,156,197,239,65,158,104,106,201,165,235,72,148,213,221,215,220,284,317,248,302,221,59,220,70,,125,,,b'\x11\xe8\xe1I\xc8\xc8A^\xaf\x82\x12\xdf\x17\xaeN\x1e'
11E8E149-C8C8-415E-AF82-12DF17AE4E1E,2023-ncaa-d1-conf-Atlantic 10,ncaa,10,5,14,8,15,13,13,13,11,14,15,9,6,3,11,1,11,14,1,14,5,13,13,10,10,11,1,1,8,12,11,13,13,12,13,9,2,10,13,11,4,1,7,5,,,8,13,,,10,14,5,10,12,13,10,14,15,3,1,10,13,13,12,9,10,10,12,8,13,2,5,,14,,,10,1,1,2,5,1,3,5,1,2,2,2,13,14,1,14,15,2,3,2,4,2,5,3,15,7,13,5,11,6,13,4,14,4,3,4,9,13,1,5,,,8,5,,,10,2,13,3,11,4,2,4,7,7,2,2,15,15,15,8,11,12,12,13,8,2,13,2,,5,,,b'\x11\xe8\xe1I\xc8\xc8A^\xaf\x82\x12\xdf\x17\xaeN\x1e'
11E8E149-C8C8-415E-AF82-12DF17AE4E1E,2023-ncaa-d1-natl,ncaa,151,138,151,151,188,201,227,145,290,306,322,203,66,22,272,17,219,233,104,235,94,159,139,239,233,246,26,24,201,148,185,219,317,187,277,127,37,258,245,176,70,70,120,123,,,142,98,,,180,145,107,228,204,238,112,323,327,52,14,215,236,236,147,114,147,237,201,118,260,64,119,,152,,,180,138,119,196,91,158,202,123,88,156,45,151,229,228,181,227,208,201,239,76,85,62,152,101,259,309,317,248,185,290,277,243,310,86,85,153,218,211,58,159,,,134,131,,,180,204,247,95,185,142,130,207,168,220,99,161,237,237,229,226,281,311,261,303,252,68,228,66,,112,,,b'\x11\xe8\xe1I\xc8\xc8A^\xaf\x82\x12\xdf\x17\xaeN\x1e'
11E8E149-C8C8-415E-AF82-12DF17AE4E1E,2024-ncaa-d0-natl,ncaa,297,312,196,303,218,276,275,172,344,353,338,297,56,18,280,5,349,334,343,336,229,203,203,291,326,318,14,3,345,202,274,297,354,272,350,235,142,201,223,252,95,96,299,315,,,152,123,,,337,214,155,187,303,303,129,356,345,40,8,352,336,340,206,173,181,318,296,235,228,79,299,,181,,,334,258,274,226,287,289,203,323,170,226,82,214,191,164,274,177,163,225,205,264,257,281,81,120,135,340,354,324,274,343,350,323,316,189,212,314,106,147,108,268,,,334,351,,,337,157,319,322,333,300,318,293,326,262,193,252,206,183,198,290,281,347,340,351,342,167,131,122,,342,,,b'\x11\xe8\xe1I\xc8\xc8A^\xaf\x82\x12\xdf\x17\xaeN\x1e'
11E8E149-C8C8-415E-AF82-12DF17AE4E1E,2024-ncaa-d1-conf-Atlantic 10,ncaa,12,12,7,12,7,13,13,8,15,15,14,14,3,1,13,1,15,13,14,13,7,10,10,14,15,14,1,1,14,9,12,14,15,11,15,10,4,6,7,9,2,2,13,14,,,7,4,,,14,10,9,3,14,14,7,15,15,2,1,15,14,14,8,8,8,14,11,10,7,2,13,,9,,,14,11,11,11,11,13,10,12,7,9,5,8,10,10,9,10,9,9,10,11,11,12,3,4,7,15,15,15,12,15,15,13,12,7,10,13,5,4,8,12,,,13,14,,,14,7,14,14,14,12,13,13,14,14,9,10,9,10,10,12,14,15,15,15,14,6,5,9,,15,,,b'\x11\xe8\xe1I\xc8\xc8A^\xaf\x82\x12\xdf\x17\xaeN\x1e'
11E8E149-C8C8-415E-AF82-12DF17AE4E1E,2024-ncaa-d1-natl,ncaa,309,314,254,315,283,315,320,225,351,358,351,313,65,22,290,4,357,346,343,348,231,265,267,306,341,330,13,3,347,235,286,324,356,314,355,271,147,177,233,265,120,106,324,325,,,122,127,,,344,272,162,171,316,320,142,359,348,43,10,354,339,343,220,188,192,325,308,254,232,90,312,,190,,,344,249,264,190,298,279,167,331,149,210,92,215,172,150,280,163,170,188,159,277,267,301,80,113,137,335,356,300,286,335,355,323,321,230,227,322,89,154,95,278,,,347,352,,,344,101,331,330,345,311,324,299,329,269,199,256,212,190,204,294,281,351,347,354,346,182,140,132,,344,,,b'\x11\xe8\xe1I\xc8\xc8A^\xaf\x82\x12\xdf\x17\xaeN\x1e'
11E8E149-C8C8-415E-AF82-12DF17AE4E1E,2025-ncaa-d0-natl,genius_ncaa,282,323,90,300,116,258,214,118,333,172,85,316,286,215,345,237,318,256,350,261,337,138,96,341,352,348,319,271,284,68,135,206,307,132,269,207,175,335,290,288,57,56,300,330,,,227,164,,204,330,119,165,269,336,289,147,226,106,312,250,335,295,299,193,117,75,290,187,250,309,56,314,,177,,175,323,282,308,248,312,340,274,334,86,135,54,85,215,231,121,233,160,253,255,269,261,223,23,27,149,292,307,314,135,317,269,341,325,98,132,254,290,243,244,174,,,172,277,,227,330,247,338,245,323,234,283,183,326,255,68,88,180,194,195,183,221,262,299,295,334,118,253,224,,239,,247,b'\x11\xe8\xe1I\xc8\xc8A^\xaf\x82\x12\xdf\x17\xaeN\x1e'
11E8E149-C8C8-415E-AF82-12DF17AE4E1E,2025-ncaa-d1-conf-Atlantic 10,genius_ncaa,14,14,4,14,5,13,10,6,12,6,5,10,13,11,14,10,15,13,15,14,15,8,7,13,15,15,15,12,14,10,11,12,13,12,12,10,10,13,13,12,4,6,14,15,,,8,6,,8,13,6,5,5,13,11,8,7,5,14,11,15,14,14,9,6,9,13,12,12,14,6,15,,8,,8,13,13,14,9,13,15,15,13,2,3,3,3,10,10,4,10,6,10,11,12,12,13,1,2,6,11,13,12,11,12,12,15,12,8,10,12,14,11,7,6,,,11,15,,11,13,10,14,13,13,12,14,11,14,15,2,3,9,9,10,10,11,12,13,13,14,9,11,7,,12,,12,b'\x11\xe8\xe1I\xc8\xc8A^\xaf\x82\x12\xdf\x17\xaeN\x1e'
11E8E149-C8C8-415E-AF82-12DF17AE4E1E,2025-ncaa-d1-natl,genius_ncaa,279,323,72,307,101,259,209,96,331,156,76,311,291,215,349,248,315,261,347,265,341,116,82,340,352,346,330,285,292,52,124,185,294,119,249,206,180,336,281,284,57,59,300,326,,,224,159,,207,326,98,157,269,330,282,129,201,96,316,252,335,299,302,178,113,59,270,169,244,306,65,313,,170,,170,319,293,316,258,316,346,297,333,75,134,48,77,206,233,91,232,147,260,274,267,251,217,18,23,132,291,294,321,124,318,249,347,322,91,128,262,285,229,258,167,,,172,271,,197,326,264,338,238,318,230,283,186,333,268,52,83,170,189,186,186,224,260,296,294,336,118,253,228,,225,,232,b'\x11\xe8\xe1I\xc8\xc8A^\xaf\x82\x12\xdf\x17\xaeN\x1e'
11E8E149-C8C8-415E-AF82-12DF17AE4E1E,2026-ncaa-d0-natl,genius_ncaa,123,80,206,123,216,190,168,216,113,137,183,114,238,243,200,235,232,205,243,208,243,216,218,131,146,163,301,250,251,208,205,248,191,236,202,136,89,171,210,136,95,46,127,68,,,85,74,,59,165,217,85,97,146,111,135,76,108,218,226,210,186,187,145,116,189,226,205,75,235,51,94,,90,,70,165,128,121,114,206,91,81,228,232,221,208,311,129,96,307,94,191,107,137,227,237,166,271,288,152,110,191,162,205,137,202,262,349,123,55,177,171,206,94,91,,,190,159,,205,165,146,175,149,168,194,186,154,128,62,282,278,170,121,113,126,239,163,219,188,307,53,232,116,,137,,207,b'\x11\xe8\xe1I\xc8\xc8A^\xaf\x82\x12\xdf\x17\xaeN\x1e'
11E8E149-C8C8-415E-AF82-12DF17AE4E1E,2026-ncaa-d1-conf-Atlantic 10,genius_ncaa,1,1,1,1,1,4,4,4,7,3,13,1,3,1,10,1,7,12,3,9,7,5,5,4,3,4,7,5,8,7,6,10,11,10,12,1,1,4,4,2,7,9,1,3,,,2,2,,2,5,3,3,1,4,4,4,3,13,3,1,7,12,9,5,5,7,10,10,1,4,7,1,,2,,2,5,8,7,9,5,4,10,2,11,9,14,8,9,7,13,7,6,8,11,7,6,7,13,12,9,11,11,7,6,9,12,11,13,2,5,10,4,5,2,3,,,9,11,,14,5,10,5,7,6,8,7,9,4,10,11,9,9,7,7,8,11,11,7,9,11,2,4,2,,9,,14,b'\x11\xe8\xe1I\xc8\xc8A^\xaf\x82\x12\xdf\x17\xaeN\x1e'
11E8E149-C8C8-415E-AF82-12DF17AE4E1E,2026-ncaa-d1-natl,genius_ncaa,110,80,177,113,197,189,169,199,142,128,152,128,275,263,288,265,159,154,197,154,179,195,190,179,182,189,316,308,147,162,172,239,204,212,190,132,94,195,199,150,64,49,105,59,,,84,68,,55,166,197,97,100,150,131,133,73,98,268,247,132,126,126,125,107,138,226,169,89,232,51,82,,95,,65,165,157,150,141,204,124,77,268,228,262,126,321,137,99,342,97,176,121,152,213,231,165,236,256,147,139,204,177,172,162,190,282,348,99,73,207,182,195,120,111,,,146,121,,227,166,164,185,160,170,192,193,173,149,59,258,302,162,111,107,141,240,182,224,208,320,68,221,145,,95,,234,b'\x11\xe8\xe1I\xc8\xc8A^\xaf\x82\x12\xdf\x17\xaeN\x1e'
11E8E149-C8CC-FA8C-AF82-12DF17AE4E1E,2010-ncaa-d0-natl,ncaa,262,251,241,266,261,267,261,158,325,199,88,325,316,293,321,296,169,188,119,186,276,167,165,335,325,309,272,304,53,65,64,200,69,136,79,262,220,194,198,263,247,229,296,302,,,224,301,,,273,208,89,188,254,263,56,160,24,315,280,122,130,130,63,44,16,138,37,256,252,217,292,,292,,,275,134,175,99,291,226,159,285,57,39,217,50,144,196,26,198,207,107,105,269,238,227,56,70,162,38,69,180,64,106,79,96,73,202,161,155,172,172,182,138,,,202,229,,,273,133,287,183,274,232,260,157,293,248,90,56,191,243,247,197,202,59,274,204,155,151,224,225,,130,,,b'\x11\xe8\xe1I\xc8\xcc\xfa\x8c\xaf\x82\x12\xdf\x17\xaeN\x1e'
11E8E149-C8CC-FA8C-AF82-12DF17AE4E1E,2010-ncaa-d1-conf-Sun Belt,ncaa,12,11,9,12,9,13,13,8,13,11,6,13,13,10,13,9,7,8,4,7,12,8,6,13,13,13,8,12,1,1,2,10,5,5,6,10,7,7,8,9,10,10,12,12,,,9,12,,,11,9,6,1,12,12,5,10,3,13,8,5,5,4,6,4,1,7,1,10,7,10,12,,11,,,11,6,6,3,12,10,5,10,2,2,7,3,8,9,2,9,8,4,4,12,11,10,5,3,7,2,5,10,2,7,6,7,6,10,9,10,8,6,8,7,,,7,7,,,11,4,12,9,12,9,9,6,10,9,3,3,8,9,9,6,7,3,11,9,9,9,8,11,,3,,,b'\x11\xe8\xe1I\xc8\xcc\xfa\x8c\xaf\x82\x12\xdf\x17\xaeN\x1e'
11E8E149-C8CC-FA8C-AF82-12DF17AE4E1E,2010-ncaa-d1-natl,ncaa,268,251,276,270,296,283,279,174,327,208,94,328,317,296,325,295,176,193,118,190,278,179,180,336,327,312,270,302,53,69,67,221,71,149,86,280,224,178,199,265,257,233,301,302,,,210,301,,,278,231,90,176,262,267,58,165,24,313,279,123,133,130,63,45,17,143,39,262,252,218,295,,294,,,281,113,159,76,296,222,143,291,47,29,220,51,135,187,28,189,208,87,84,275,247,236,55,69,164,30,71,163,67,87,86,90,75,222,167,160,157,174,177,143,,,214,232,,,278,110,293,195,280,237,267,159,299,253,93,56,194,248,250,199,201,61,277,207,163,160,225,229,,129,,,b'\x11\xe8\xe1I\xc8\xcc\xfa\x8c\xaf\x82\x12\xdf\x17\xaeN\x1e'
11E8E149-C8CC-FA8C-AF82-12DF17AE4E1E,2011-ncaa-d0-natl,ncaa,168,154,170,165,224,184,147,113,190,92,79,171,286,254,314,264,240,250,152,249,327,139,99,237,241,261,318,299,245,60,34,126,13,83,16,229,289,315,282,289,160,162,230,228,,,282,303,,,135,128,47,257,173,118,60,58,41,290,245,240,257,254,88,28,35,81,27,223,312,161,233,,304,,,133,77,83,91,127,116,125,147,68,96,61,119,173,195,101,191,221,102,159,112,122,69,121,91,244,11,13,98,34,37,16,56,75,74,46,35,251,215,153,92,,,202,289,,,135,216,240,33,137,109,107,101,151,149,78,105,196,222,212,123,212,16,114,51,74,50,261,175,,184,,,b'\x11\xe8\xe1I\xc8\xcc\xfa\x8c\xaf\x82\x12\xdf\x17\xaeN\x1e'
11E8E149-C8CC-FA8C-AF82-12DF17AE4E1E,2011-ncaa-d1-conf-Sun Belt,ncaa,7,5,4,7,5,5,5,3,8,4,3,9,9,6,9,8,2,7,2,7,10,3,3,8,7,10,9,9,4,3,3,2,2,2,3,5,5,12,10,9,5,6,5,5,,,12,12,,,7,3,2,7,4,4,1,4,3,8,6,3,7,8,2,1,2,2,1,5,10,5,5,,11,,,7,6,5,7,3,4,4,3,6,11,2,10,10,11,7,11,12,9,10,3,3,4,11,8,12,4,2,5,3,5,3,4,7,2,6,2,10,10,10,7,,,4,10,,,7,10,8,4,7,7,4,5,4,3,7,9,11,11,11,8,10,5,7,6,3,4,10,10,,7,,,b'\x11\xe8\xe1I\xc8\xcc\xfa\x8c\xaf\x82\x12\xdf\x17\xaeN\x1e'
11E8E149-C8CC-FA8C-AF82-12DF17AE4E1E,2011-ncaa-d1-natl,ncaa,159,152,132,164,184,173,133,91,198,83,60,184,281,246,317,266,224,238,147,236,328,114,73,248,245,262,319,297,236,33,23,108,15,56,14,218,287,324,279,286,165,171,228,221,,,300,308,,,126,102,49,260,169,122,51,57,34,289,244,236,250,250,80,30,17,82,20,221,311,171,230,,306,,,126,93,86,108,113,128,137,141,67,110,45,130,202,220,104,215,248,126,192,88,112,65,142,89,258,20,15,107,23,51,14,59,86,61,50,37,273,220,145,85,,,179,285,,,126,247,235,33,131,104,93,97,137,136,74,114,214,236,235,125,213,20,111,51,67,53,272,161,,174,,,b'\x11\xe8\xe1I\xc8\xcc\xfa\x8c\xaf\x82\x12\xdf\x17\xaeN\x1e'
11E8E149-C8CC-FA8C-AF82-12DF17AE4E1E,2012-ncaa-d0-natl,ncaa,266,278,163,274,177,206,177,99,294,111,52,269,302,249,335,272,205,178,247,176,288,107,98,313,321,299,311,305,167,103,177,156,277,126,259,224,252,237,188,258,190,230,80,94,,,244,193,,,260,103,32,99,206,159,36,81,20,302,242,202,167,165,49,25,81,119,80,223,252,179,62,,278,,,260,212,204,232,157,229,266,142,121,124,142,79,248,287,56,294,230,251,251,134,130,120,122,85,241,288,277,313,177,313,259,59,16,109,150,49,290,251,143,60,,,102,162,,,260,236,293,159,253,245,231,287,270,303,144,143,273,292,302,306,320,313,324,331,79,79,293,159,,66,,,b'\x11\xe8\xe1I\xc8\xcc\xfa\x8c\xaf\x82\x12\xdf\x17\xaeN\x1e'
11E8E149-C8CC-FA8C-AF82-12DF17AE4E1E,2012-ncaa-d1-conf-Sun Belt,ncaa,8,7,8,8,8,8,7,3,12,6,2,12,11,8,10,11,6,7,5,7,8,3,6,12,12,10,10,10,5,6,8,8,10,7,9,6,6,3,3,6,9,10,2,3,,,9,8,,,8,6,1,3,5,6,1,5,1,10,6,5,4,4,1,1,2,6,3,6,7,7,1,,11,,,8,4,4,7,4,5,11,1,4,3,6,2,11,11,7,11,11,9,11,4,4,4,7,4,11,11,10,12,8,12,9,2,2,4,6,1,8,9,5,5,,,7,7,,,8,7,10,6,9,9,7,11,7,12,6,3,11,11,11,11,12,11,12,12,5,3,10,5,,3,,,b'\x11\xe8\xe1I\xc8\xcc\xfa\x8c\xaf\x82\x12\xdf\x17\xaeN\x1e'
11E8E149-C8CC-FA8C-AF82-12DF17AE4E1E,2012-ncaa-d1-natl,ncaa,273,277,196,278,217,232,200,113,297,125,58,273,308,261,335,270,227,190,248,188,287,122,110,316,321,301,310,304,166,112,183,176,282,144,267,245,254,214,192,263,205,238,84,95,,,234,196,,,263,126,33,90,210,170,39,88,20,302,243,208,169,166,52,28,86,122,88,231,253,184,62,,281,,,266,197,195,209,163,218,249,147,109,105,148,76,237,281,57,289,238,233,235,141,138,130,120,84,244,282,282,305,183,309,267,49,17,120,158,55,278,250,140,63,,,115,160,,,263,212,299,166,262,249,237,287,270,302,142,145,274,295,302,309,322,314,325,332,83,83,293,159,,60,,,b'\x11\xe8\xe1I\xc8\xcc\xfa\x8c\xaf\x82\x12\xdf\x17\xaeN\x1e'
11E8E149-C8CC-FA8C-AF82-12DF17AE4E1E,2013-ncaa-d0-natl,ncaa,259,284,120,272,152,168,139,149,133,77,64,150,299,297,273,309,149,123,254,129,220,147,86,196,199,263,319,313,151,130,133,127,223,118,157,166,212,343,320,290,169,225,69,90,,,274,202,,,282,79,29,195,185,140,160,66,54,308,305,153,116,125,158,53,140,105,114,184,334,185,61,,280,,,275,301,263,271,184,249,276,130,246,192,306,115,322,323,191,321,266,288,279,190,221,236,257,177,272,275,223,173,133,233,157,180,88,127,208,143,339,319,332,286,,,37,47,,,282,274,260,242,260,294,261,303,245,293,254,188,317,315,313,324,320,272,166,224,176,140,332,327,,19,,,b'\x11\xe8\xe1I\xc8\xcc\xfa\x8c\xaf\x82\x12\xdf\x17\xaeN\x1e'
11E8E149-C8CC-FA8C-AF82-12DF17AE4E1E,2013-ncaa-d1-conf-Sun Belt,ncaa,9,9,3,9,4,7,6,6,6,4,3,5,9,9,8,9,5,6,8,6,8,6,2,7,6,9,9,9,5,4,3,2,7,3,5,3,4,11,11,9,5,7,2,2,,,8,6,,,9,2,3,4,7,5,6,3,3,9,9,6,6,7,6,3,4,2,1,4,11,5,1,,8,,,9,10,6,10,4,5,10,2,10,9,11,7,11,11,6,11,11,10,10,5,5,7,11,10,10,9,7,6,3,8,5,8,7,7,9,9,11,10,10,10,,,2,4,,,9,10,8,7,9,9,5,10,4,8,10,9,11,11,11,10,10,9,7,8,8,7,11,10,,1,,,b'\x11\xe8\xe1I\xc8\xcc\xfa\x8c\xaf\x82\x12\xdf\x17\xaeN\x1e'
11E8E149-C8CC-FA8C-AF82-12DF17AE4E1E,2013-ncaa-d1-natl,ncaa,270,282,136,275,178,184,148,171,138,86,72,156,300,302,273,310,159,132,255,138,217,165,103,203,203,265,317,313,143,147,139,141,225,136,160,180,215,342,320,290,180,234,72,90,,,267,206,,,290,89,29,189,194,146,167,68,57,309,306,152,115,126,161,54,145,109,120,188,336,188,62,,281,,,285,293,255,258,188,236,267,134,242,185,308,112,320,319,190,316,268,280,273,194,223,241,258,176,274,263,225,157,139,219,160,171,91,138,214,150,337,320,329,290,,,43,43,,,290,267,266,249,269,300,263,306,252,295,255,190,316,316,315,325,319,274,169,226,183,141,333,326,,21,,,b'\x11\xe8\xe1I\xc8\xcc\xfa\x8c\xaf\x82\x12\xdf\x17\xaeN\x1e'
11E8E149-C8CC-FA8C-AF82-12DF17AE4E1E,2014-ncaa-d0-natl,ncaa,258,263,180,267,219,154,163,186,136,115,104,209,245,281,102,293,102,94,194,93,135,161,134,188,170,205,246,275,78,119,82,227,223,169,135,173,176,278,258,236,294,311,162,204,,,235,240,,,260,145,56,191,118,129,134,85,66,249,275,63,54,53,96,64,99,219,142,144,292,293,150,,280,,,260,288,244,192,255,272,273,190,141,74,321,44,328,290,347,290,224,224,204,231,291,313,163,77,297,166,223,100,82,127,135,132,48,223,259,199,282,254,167,120,,,64,47,,,260,207,188,302,254,311,282,268,295,317,151,74,324,303,305,305,276,197,135,154,165,209,288,190,,19,,,b'\x11\xe8\xe1I\xc8\xcc\xfa\x8c\xaf\x82\x12\xdf\x17\xaeN\x1e'
11E8E149-C8CC-FA8C-AF82-12DF17AE4E1E,2014-ncaa-d1-conf-Sun Belt,ncaa,7,7,5,7,8,4,6,4,6,5,5,6,9,9,6,9,3,4,3,4,3,5,5,8,7,5,8,9,2,1,2,9,8,5,5,5,4,7,6,5,9,9,6,6,,,5,6,,,7,6,3,9,4,5,2,5,2,9,9,2,2,2,2,3,1,7,4,6,7,9,6,,6,,,7,9,9,7,9,9,7,8,8,5,9,5,8,7,10,7,5,8,5,9,9,10,6,6,7,7,8,3,2,5,5,5,4,8,9,8,7,7,8,7,,,2,3,,,7,5,5,10,8,9,9,8,9,9,8,6,7,7,7,8,8,6,5,5,5,9,7,9,,2,,,b'\x11\xe8\xe1I\xc8\xcc\xfa\x8c\xaf\x82\x12\xdf\x17\xaeN\x1e'
11E8E149-C8CC-FA8C-AF82-12DF17AE4E1E,2014-ncaa-d1-natl,ncaa,252,262,145,262,180,144,137,146,130,88,76,188,250,279,131,296,86,88,191,85,153,134,101,179,172,204,269,286,83,95,70,202,228,140,119,138,164,303,267,237,273,308,154,186,,,270,247,,,242,105,50,206,103,109,111,71,57,258,277,67,56,55,86,43,78,198,122,116,307,271,144,,296,,,243,303,252,223,227,273,286,167,162,98,307,61,326,303,340,303,233,255,239,206,275,295,189,99,297,210,228,98,70,147,119,145,57,184,244,173,301,255,172,112,,,51,54,,,242,239,184,287,239,310,277,277,281,314,171,95,324,307,309,309,287,219,120,159,160,197,296,188,,19,,,b'\x11\xe8\xe1I\xc8\xcc\xfa\x8c\xaf\x82\x12\xdf\x17\xaeN\x1e'
11E8E149-C8CC-FA8C-AF82-12DF17AE4E1E,2015-ncaa-d0-natl,ncaa,267,209,338,260,338,330,340,347,231,298,296,244,337,340,299,321,130,147,121,146,43,340,329,275,220,298,235,325,4,243,65,320,307,304,128,323,171,257,343,330,342,333,221,155,,,115,276,,,285,336,224,6,279,310,326,214,165,328,327,26,29,29,285,160,139,180,155,266,340,322,156,,293,,,292,38,29,34,130,27,25,134,177,156,219,260,119,125,164,133,249,31,24,156,167,193,299,277,223,174,307,2,65,13,128,135,313,293,233,268,198,308,164,262,,,135,2,,,285,15,298,246,291,246,207,267,138,165,292,288,248,251,255,287,263,320,30,132,288,206,314,269,,6,,,b'\x11\xe8\xe1I\xc8\xcc\xfa\x8c\xaf\x82\x12\xdf\x17\xaeN\x1e'
11E8E149-C8CC-FA8C-AF82-12DF17AE4E1E,2015-ncaa-d1-conf-Sun Belt,ncaa,8,7,9,8,9,8,10,10,8,9,8,8,11,11,9,10,2,2,2,2,1,10,8,10,6,9,6,10,1,9,3,6,7,6,4,9,5,10,10,10,11,11,5,4,,,6,8,,,9,9,7,1,8,10,10,6,6,11,11,1,1,1,8,3,6,2,4,7,10,11,5,,8,,,9,5,4,6,3,2,3,4,9,9,7,10,4,5,2,5,7,6,3,5,4,8,9,10,6,7,7,1,3,3,4,9,11,10,9,10,7,9,9,10,,,1,1,,,9,3,9,8,9,7,5,7,3,5,9,10,4,6,6,9,9,9,5,5,9,9,9,10,,1,,,b'\x11\xe8\xe1I\xc8\xcc\xfa\x8c\xaf\x82\x12\xdf\x17\xaeN\x1e'
11E8E149-C8CC-FA8C-AF82-12DF17AE4E1E,2015-ncaa-d1-natl,ncaa,243,207,298,240,299,284,308,338,191,223,226,211,328,334,263,323,71,82,107,84,40,315,262,246,178,270,237,323,5,200,45,260,311,244,109,273,142,329,342,319,319,322,150,120,,,180,240,,,258,284,209,6,249,287,319,170,159,325,325,23,25,22,275,150,141,182,147,238,340,307,120,,265,,,263,84,71,114,89,51,74,96,243,238,204,275,152,144,159,149,226,109,105,131,129,149,301,292,198,270,311,3,45,30,109,197,318,223,200,243,269,308,247,277,,,56,2,,,258,64,267,210,262,210,178,263,106,152,293,294,208,210,216,276,275,327,20,107,279,161,311,297,,6,,,b'\x11\xe8\xe1I\xc8\xcc\xfa\x8c\xaf\x82\x12\xdf\x17\xaeN\x1e'
11E8E149-C8CC-FA8C-AF82-12DF17AE4E1E,2016-ncaa-d0-natl,ncaa,280,204,347,272,347,344,348,348,286,349,344,310,268,301,112,170,254,278,147,275,41,348,348,268,241,281,48,129,23,331,221,337,151,346,160,341,191,113,328,322,308,197,213,121,,,62,298,,,249,348,250,156,307,338,334,330,296,192,212,119,139,130,321,273,266,229,272,311,306,220,130,,262,,,263,5,4,2,167,8,11,141,31,16,225,81,88,83,229,82,237,3,3,152,186,188,187,121,277,7,151,6,221,3,160,29,217,327,189,202,56,254,93,292,,,278,20,,,249,3,299,176,264,145,117,91,154,158,108,69,247,237,241,114,81,111,95,76,162,225,214,229,,65,,,b'\x11\xe8\xe1I\xc8\xcc\xfa\x8c\xaf\x82\x12\xdf\x17\xaeN\x1e'
11E8E149-C8CC-FA8C-AF82-12DF17AE4E1E,2016-ncaa-d1-conf-Sun Belt,ncaa,9,7,9,9,10,10,11,10,11,10,10,11,7,7,6,7,8,8,6,8,4,10,10,11,11,10,5,7,1,8,8,7,4,9,6,10,3,5,8,9,11,8,5,2,,,4,11,,,7,10,7,6,10,11,8,10,7,7,7,7,6,6,7,7,8,4,7,9,7,10,2,,7,,,8,3,2,4,3,5,4,3,2,3,4,6,5,7,3,7,7,5,2,2,3,6,6,6,8,4,4,4,8,3,6,6,9,11,10,7,4,5,9,10,,,7,3,,,7,2,10,6,8,5,5,4,6,5,3,4,7,7,7,5,5,4,7,4,6,11,4,10,,6,,,b'\x11\xe8\xe1I\xc8\xcc\xfa\x8c\xaf\x82\x12\xdf\x17\xaeN\x1e'
11E8E149-C8CC-FA8C-AF82-12DF17AE4E1E,2016-ncaa-d1-natl,ncaa,234,204,303,232,319,306,331,339,264,327,322,285,216,241,134,161,193,211,147,209,64,329,325,248,216,256,74,134,42,278,191,251,108,286,117,280,138,208,313,283,250,188,123,86,,,127,264,,,199,321,246,168,283,314,323,311,275,185,197,138,155,152,301,258,236,169,219,260,279,209,98,,223,,,205,18,19,26,89,32,58,63,74,52,200,117,131,127,156,125,205,25,20,80,96,105,213,167,253,39,108,24,191,21,117,76,246,251,159,169,101,203,122,239,,,193,42,,,199,29,266,103,203,88,71,95,83,141,122,90,195,198,201,105,81,101,85,73,140,199,177,177,,90,,,b'\x11\xe8\xe1I\xc8\xcc\xfa\x8c\xaf\x82\x12\xdf\x17\xaeN\x1e'
11E8E149-C8CC-FA8C-AF82-12DF17AE4E1E,2017-ncaa-d0-natl,ncaa,328,323,291,330,315,334,331,333,292,323,336,204,254,186,331,81,320,328,132,326,203,337,309,285,290,323,161,150,188,302,255,329,348,332,327,329,270,314,344,338,344,344,162,183,,,97,155,,,344,304,169,268,327,320,319,309,319,223,136,298,315,308,329,246,277,326,329,320,336,340,123,,191,,,344,265,301,188,335,297,228,309,228,116,345,119,82,78,172,82,77,164,90,334,324,339,70,187,41,303,348,45,255,132,327,326,301,322,320,347,308,340,94,243,,,318,260,,,344,52,328,349,344,338,343,324,340,326,290,191,135,132,137,315,264,334,132,259,343,297,335,156,,279,,,b'\x11\xe8\xe1I\xc8\xcc\xfa\x8c\xaf\x82\x12\xdf\x17\xaeN\x1e'
11E8E149-C8CC-FA8C-AF82-12DF17AE4E1E,2017-ncaa-d1-conf-Sun Belt,ncaa,12,12,8,12,9,12,12,12,10,11,11,5,8,4,12,2,11,11,7,11,7,11,11,9,9,11,7,4,11,11,11,12,12,12,12,12,11,10,12,12,12,12,4,4,,,6,5,,,12,10,6,4,11,11,12,10,11,7,3,11,11,11,11,10,11,12,12,12,10,12,3,,6,,,12,10,12,9,12,11,10,12,9,5,11,5,6,6,6,6,5,9,7,12,12,12,3,6,2,11,12,5,11,9,12,12,10,12,12,12,10,11,5,8,,,10,10,,,12,4,12,12,12,12,12,11,12,11,10,7,6,7,7,10,10,11,7,11,12,12,10,7,,10,,,b'\x11\xe8\xe1I\xc8\xcc\xfa\x8c\xaf\x82\x12\xdf\x17\xaeN\x1e'
11E8E149-C8CC-FA8C-AF82-12DF17AE4E1E,2017-ncaa-d1-natl,ncaa,318,322,217,322,288,316,312,319,278,301,325,184,254,180,332,95,280,301,115,295,159,321,268,277,273,319,177,172,140,267,216,305,345,307,309,318,270,335,344,339,342,345,109,136,,,134,129,,,341,244,157,270,318,312,317,292,311,237,149,267,293,281,327,225,254,295,303,317,342,339,96,,180,,,339,303,322,266,325,321,270,303,240,181,313,139,94,97,135,100,73,240,176,325,297,328,64,174,41,332,345,48,216,192,309,331,286,304,317,344,325,337,122,243,,,271,242,,,341,109,324,342,340,333,340,328,339,328,273,212,116,125,127,321,287,340,101,249,340,284,336,160,,254,,,b'\x11\xe8\xe1I\xc8\xcc\xfa\x8c\xaf\x82\x12\xdf\x17\xaeN\x1e'
11E8E149-C8CC-FA8C-AF82-12DF17AE4E1E,2018-ncaa-d0-natl,ncaa,342,336,295,343,318,329,328,330,293,333,331,267,211,185,257,76,312,303,251,302,156,332,311,270,280,316,89,88,183,317,295,329,331,337,331,324,231,317,339,334,296,280,273,282,,,68,121,,,343,291,126,278,321,323,313,326,313,178,123,292,281,280,319,227,302,320,334,315,332,265,254,,158,,,343,238,260,138,331,278,210,309,153,73,334,77,145,104,307,107,103,127,83,327,327,336,71,130,104,236,331,87,295,131,331,257,193,287,276,315,323,335,241,332,,,322,293,,,343,57,330,338,344,327,334,293,332,315,232,123,217,195,197,293,248,313,191,259,316,251,332,289,,297,,,b'\x11\xe8\xe1I\xc8\xcc\xfa\x8c\xaf\x82\x12\xdf\x17\xaeN\x1e'
11E8E149-C8CC-FA8C-AF82-12DF17AE4E1E,2018-ncaa-d1-conf-Sun Belt,ncaa,12,12,8,12,11,12,12,12,11,11,12,9,5,5,11,4,11,12,4,12,7,12,12,11,11,10,3,4,8,12,12,12,11,12,11,12,8,9,11,11,11,11,10,11,,,1,5,,,12,10,4,11,12,12,9,11,12,5,5,9,10,10,11,9,11,12,12,11,10,11,10,,6,,,12,11,12,9,12,12,11,11,7,4,11,3,5,3,11,3,1,8,4,12,12,12,2,4,2,11,11,7,12,9,11,11,6,10,9,10,10,11,8,10,,,12,10,,,12,3,12,12,12,12,12,12,12,11,7,5,7,5,7,10,8,11,8,10,11,9,11,9,,11,,,b'\x11\xe8\xe1I\xc8\xcc\xfa\x8c\xaf\x82\x12\xdf\x17\xaeN\x1e'
11E8E149-C8CC-FA8C-AF82-12DF17AE4E1E,2018-ncaa-d1-natl,ncaa,335,336,213,337,294,312,307,305,281,316,313,258,188,156,224,85,290,281,269,277,146,312,262,250,267,312,89,90,191,299,269,311,325,318,316,305,208,334,339,334,258,265,229,251,,,120,125,,,339,231,109,279,311,308,306,314,306,168,123,286,265,262,311,208,292,303,321,298,332,250,222,,175,,,339,276,287,215,318,296,249,285,185,109,301,98,180,163,270,165,122,208,162,313,303,317,81,136,112,288,325,116,269,184,316,280,199,255,257,296,331,330,267,331,,,299,285,,,339,117,323,332,339,315,321,294,321,305,223,145,215,199,201,295,259,311,170,249,306,232,331,292,,288,,,b'\x11\xe8\xe1I\xc8\xcc\xfa\x8c\xaf\x82\x12\xdf\x17\xaeN\x1e'
11E8E149-C8CC-FA8C-AF82-12DF17AE4E1E,2019-ncaa-d0-natl,ncaa,277,245,321,276,328,343,346,337,320,333,321,285,309,264,337,160,294,284,271,285,130,337,339,319,317,315,196,225,86,276,212,335,282,335,273,347,328,96,264,330,312,251,189,145,,,55,235,,,266,342,309,155,333,333,318,304,279,284,204,245,213,209,314,305,217,320,306,346,220,265,138,,166,,,275,13,28,22,196,84,68,200,16,20,55,70,46,31,281,29,79,13,8,143,150,167,27,41,147,69,282,35,212,38,273,33,105,303,182,158,15,93,36,146,,,309,156,,,266,9,314,187,283,98,143,104,226,213,34,49,114,89,89,77,64,208,174,195,102,222,61,90,,226,,,b'\x11\xe8\xe1I\xc8\xcc\xfa\x8c\xaf\x82\x12\xdf\x17\xaeN\x1e'
11E8E149-C8CC-FA8C-AF82-12DF17AE4E1E,2019-ncaa-d1-conf-Sun Belt,ncaa,11,10,11,11,11,12,12,12,12,11,11,12,10,7,12,5,12,11,11,10,8,12,12,12,12,12,9,7,8,7,6,12,9,11,8,12,11,4,10,12,11,9,5,3,,,3,9,,,11,12,11,3,12,12,11,11,10,10,7,12,10,10,12,11,6,12,10,12,7,11,4,,7,,,11,3,4,1,9,5,5,9,2,2,4,3,6,4,12,4,7,1,1,9,9,9,4,3,8,2,9,2,6,3,8,3,4,12,8,9,2,4,10,11,,,12,10,,,11,1,12,9,11,5,6,3,7,6,3,2,9,6,6,3,2,4,5,5,5,10,2,10,,12,,,b'\x11\xe8\xe1I\xc8\xcc\xfa\x8c\xaf\x82\x12\xdf\x17\xaeN\x1e'
11E8E149-C8CC-FA8C-AF82-12DF17AE4E1E,2019-ncaa-d1-natl,ncaa,266,245,314,264,319,334,332,330,307,317,306,288,278,226,325,140,276,268,261,265,140,331,335,306,308,304,166,191,109,247,178,329,280,316,248,345,310,146,263,321,291,255,161,136,,,74,213,,,261,338,304,158,323,325,303,302,278,254,184,246,220,218,307,288,194,311,281,343,226,269,122,,157,,,261,20,49,36,165,115,119,181,17,23,38,79,60,36,312,36,65,15,13,113,119,141,29,39,153,102,280,53,178,57,248,51,114,278,192,164,39,114,80,180,,,293,182,,,261,10,297,169,264,96,138,118,221,224,36,55,113,83,82,87,70,211,153,183,112,228,85,126,,233,,,b'\x11\xe8\xe1I\xc8\xcc\xfa\x8c\xaf\x82\x12\xdf\x17\xaeN\x1e'
11E8E149-C8CC-FA8C-AF82-12DF17AE4E1E,2020-ncaa-d0-natl,ncaa,333,337,191,338,243,315,326,317,299,295,258,298,275,278,268,233,231,161,305,147,103,294,257,299,301,320,182,222,71,269,269,261,251,285,282,332,294,287,324,335,288,284,199,222,,,278,306,,,326,249,212,273,333,340,332,299,254,283,277,217,142,136,315,271,268,262,286,339,299,283,200,,283,,,326,221,180,137,216,255,246,187,52,43,171,31,335,315,290,314,274,189,120,173,234,289,120,32,325,217,251,171,269,193,282,185,175,294,291,273,249,283,335,345,,,223,140,,,326,99,328,288,328,251,206,163,268,281,60,45,333,317,317,231,148,231,197,223,204,291,256,340,,196,,,b'\x11\xe8\xe1I\xc8\xcc\xfa\x8c\xaf\x82\x12\xdf\x17\xaeN\x1e'
11E8E149-C8CC-FA8C-AF82-12DF17AE4E1E,2020-ncaa-d1-conf-Sun Belt,ncaa,12,12,9,12,11,12,12,12,12,12,12,12,10,7,9,4,11,11,10,11,6,12,12,11,11,12,3,2,6,10,7,12,11,12,7,12,10,10,12,12,12,11,4,4,,,4,9,,,12,12,9,8,12,12,12,12,12,9,7,10,10,10,12,11,9,9,8,12,11,12,4,,8,,,12,5,6,2,8,8,6,8,2,2,6,2,7,7,10,7,8,3,1,7,8,12,3,2,7,7,11,2,7,1,7,8,9,12,12,12,8,11,12,12,,,11,11,,,12,1,12,12,12,9,10,5,11,9,3,3,9,7,7,7,3,9,3,6,10,12,8,12,,11,,,b'\x11\xe8\xe1I\xc8\xcc\xfa\x8c\xaf\x82\x12\xdf\x17\xaeN\x1e'
11E8E149-C8CC-FA8C-AF82-12DF17AE4E1E,2020-ncaa-d1-natl,ncaa,332,337,128,337,234,313,330,319,289,296,258,281,286,275,277,233,194,116,307,110,68,296,256,294,292,316,181,234,48,271,270,238,244,268,270,334,300,303,335,341,263,266,190,212,,,282,306,,,323,221,196,273,332,340,336,294,262,288,279,188,114,112,317,258,273,241,276,338,310,266,188,,283,,,323,231,185,158,192,253,257,168,57,49,158,35,333,318,284,319,275,199,141,153,214,278,130,35,326,220,244,177,270,200,270,191,181,276,285,265,276,295,333,344,,,196,132,,,323,118,324,280,325,242,191,165,254,274,61,49,331,319,319,229,152,226,184,209,197,274,274,334,,185,,,b'\x11\xe8\xe1I\xc8\xcc\xfa\x8c\xaf\x82\x12\xdf\x17\xaeN\x1e'
11E8E149-C8CC-FA8C-AF82-12DF17AE4E1E,2021-ncaa-d0-natl,ncaa,318,338,157,330,182,276,260,257,273,239,224,266,282,266,289,251,277,244,330,243,236,258,221,284,304,328,277,261,229,246,251,182,150,211,179,269,221,308,334,328,303,330,279,303,,,260,329,,,338,207,297,224,334,326,341,295,265,320,311,322,287,286,342,324,289,207,278,319,317,337,308,,301,,,332,181,157,141,228,164,153,218,180,156,225,151,264,286,93,281,316,164,137,233,253,301,246,164,295,149,150,125,251,123,179,218,266,275,306,316,284,325,45,43,,,236,230,,,338,138,331,300,332,209,154,89,145,102,175,141,303,311,309,150,48,125,75,77,226,325,294,24,,295,,,b'\x11\xe8\xe1I\xc8\xcc\xfa\x8c\xaf\x82\x12\xdf\x17\xaeN\x1e'
11E8E149-C8CC-FA8C-AF82-12DF17AE4E1E,2021-ncaa-d1-conf-Sun Belt,ncaa,11,12,5,11,7,12,11,10,9,10,10,6,11,11,12,8,12,12,12,12,11,11,9,11,12,12,11,10,12,12,11,8,5,10,7,10,7,10,12,12,12,12,10,10,,,10,12,,,12,9,11,8,12,12,12,9,11,12,10,12,12,12,12,12,12,10,11,10,10,12,10,,10,,,12,9,8,6,12,6,6,11,8,5,11,8,8,8,3,8,11,7,4,11,11,11,10,9,8,5,5,4,11,2,7,11,11,12,12,12,8,11,2,5,,,12,10,,,12,4,12,11,12,9,9,5,5,4,10,6,9,10,10,5,2,4,1,2,11,12,9,2,,12,,,b'\x11\xe8\xe1I\xc8\xcc\xfa\x8c\xaf\x82\x12\xdf\x17\xaeN\x1e'
11E8E149-C8CC-FA8C-AF82-12DF17AE4E1E,2021-ncaa-d1-natl,ncaa,312,337,152,325,173,262,249,236,255,225,205,245,280,264,305,256,246,211,313,209,196,236,198,270,292,322,275,275,173,233,242,150,120,188,139,260,234,322,336,329,301,329,247,273,,,278,325,,,336,191,268,225,327,321,341,278,255,321,311,286,252,250,341,310,289,166,249,318,323,333,277,,302,,,325,187,169,160,204,177,166,199,179,178,177,148,275,293,84,289,304,183,154,201,218,284,233,146,286,152,120,133,242,132,139,228,263,260,307,311,298,328,46,43,,,204,196,,,336,157,326,278,327,196,151,113,152,120,161,152,294,306,307,171,64,116,74,72,219,318,303,25,,260,,,b'\x11\xe8\xe1I\xc8\xcc\xfa\x8c\xaf\x82\x12\xdf\x17\xaeN\x1e'
11E8E149-C8CC-FA8C-AF82-12DF17AE4E1E,2022-ncaa-d0-natl,ncaa,352,345,295,352,305,319,314,278,328,209,103,338,354,354,345,349,219,160,317,158,225,267,252,348,344,342,345,353,48,150,113,325,320,282,271,334,341,244,297,342,201,157,251,229,,,204,290,,,343,269,69,176,306,291,168,109,16,355,350,137,73,72,136,53,68,303,192,335,321,128,213,,317,,,344,195,164,74,320,140,91,283,214,107,347,156,254,274,107,274,318,90,92,331,329,318,261,215,255,185,320,114,113,126,271,252,295,207,145,255,254,290,110,63,,,185,101,,,343,84,337,321,342,325,300,212,267,189,307,203,317,324,326,267,299,292,270,293,322,109,315,180,,54,,,b'\x11\xe8\xe1I\xc8\xcc\xfa\x8c\xaf\x82\x12\xdf\x17\xaeN\x1e'
11E8E149-C8CC-FA8C-AF82-12DF17AE4E1E,2022-ncaa-d1-conf-Sun Belt,ncaa,12,12,5,12,8,11,10,7,10,8,4,12,12,12,11,12,9,9,9,9,11,7,7,12,12,12,12,12,8,5,4,11,10,9,9,11,11,8,9,12,8,8,9,8,,,5,9,,,12,7,9,9,12,12,9,7,2,12,12,10,8,9,9,10,4,12,11,11,9,8,9,,6,,,12,7,8,6,12,8,3,12,10,7,12,8,5,6,4,6,9,6,5,12,12,12,7,9,4,5,10,5,4,4,9,12,12,11,8,12,8,10,10,7,,,10,10,,,12,6,12,12,12,11,11,3,7,3,12,8,6,7,7,3,3,5,5,4,12,11,8,11,,11,,,b'\x11\xe8\xe1I\xc8\xcc\xfa\x8c\xaf\x82\x12\xdf\x17\xaeN\x1e'
11E8E149-C8CC-FA8C-AF82-12DF17AE4E1E,2022-ncaa-d1-natl,ncaa,336,344,213,342,237,279,276,205,327,170,52,341,353,352,326,348,156,103,312,101,222,184,147,344,336,336,340,350,45,91,107,271,305,209,248,319,331,308,292,340,135,140,228,217,,,292,296,,,336,178,74,198,302,293,163,118,17,354,347,123,74,70,128,53,63,282,164,330,319,120,215,,318,,,333,256,209,140,293,172,122,258,278,188,333,187,301,315,101,316,327,167,190,309,308,285,285,238,274,254,305,205,107,225,248,284,291,127,130,222,299,282,132,45,,,98,83,,,336,175,334,302,332,309,268,188,211,162,308,221,315,320,323,245,291,281,266,279,308,94,306,151,,45,,,b'\x11\xe8\xe1I\xc8\xcc\xfa\x8c\xaf\x82\x12\xdf\x17\xaeN\x1e'
11E8E149-C8CC-FA8C-AF82-12DF17AE4E1E,2023-ncaa-d0-natl,ncaa,345,328,326,346,336,297,283,266,281,148,59,314,359,360,348,360,141,102,301,103,213,229,224,337,331,321,359,360,25,136,123,201,250,174,188,292,251,192,239,286,327,330,28,34,,,116,150,,,333,265,22,171,229,211,75,42,2,360,360,60,27,25,46,23,57,57,37,243,307,289,9,,260,,,336,216,229,179,247,285,294,157,73,28,319,10,255,238,230,239,148,187,126,208,216,308,54,42,242,234,250,136,123,173,188,233,192,333,339,336,308,326,179,76,,,209,162,,,333,101,310,324,332,350,351,355,355,361,137,70,313,309,308,354,343,329,306,324,318,290,344,251,,65,,,b'\x11\xe8\xe1I\xc8\xcc\xfa\x8c\xaf\x82\x12\xdf\x17\xaeN\x1e'
11E8E149-C8CC-FA8C-AF82-12DF17AE4E1E,2023-ncaa-d1-conf-Sun Belt,ncaa,13,13,9,13,13,11,10,9,8,3,2,12,14,14,12,14,5,5,9,5,12,7,6,13,13,13,14,14,3,7,6,4,5,6,6,11,10,13,10,12,13,13,1,1,,,6,2,,,13,5,2,9,10,6,5,2,2,14,14,4,4,4,5,3,5,4,4,7,14,12,1,,8,,,13,12,13,12,12,13,13,7,5,3,14,1,11,11,7,11,4,13,9,8,11,14,3,4,8,7,5,6,6,6,6,13,10,13,14,13,14,14,14,9,,,10,8,,,13,10,13,14,13,13,14,14,14,14,7,4,11,11,11,14,12,8,9,9,13,12,14,14,,6,,,b'\x11\xe8\xe1I\xc8\xcc\xfa\x8c\xaf\x82\x12\xdf\x17\xaeN\x1e'
11E8E149-C8CC-FA8C-AF82-12DF17AE4E1E,2023-ncaa-d1-natl,ncaa,322,328,219,330,261,216,198,137,251,61,11,297,359,360,316,360,94,48,326,47,222,118,109,316,308,289,360,360,42,74,93,122,220,85,149,194,199,235,190,226,239,277,21,42,,,185,144,,,302,125,22,176,181,147,45,21,2,360,360,64,25,21,35,16,43,48,23,157,274,219,11,,245,,,302,289,292,276,211,318,335,121,128,65,322,17,269,264,191,260,135,287,251,184,191,264,71,67,220,278,220,238,93,273,149,276,201,253,306,307,323,297,212,62,,,136,198,,,302,235,275,281,297,335,333,345,347,361,161,83,292,288,285,351,339,309,299,318,307,217,333,240,,81,,,b'\x11\xe8\xe1I\xc8\xcc\xfa\x8c\xaf\x82\x12\xdf\x17\xaeN\x1e'
11E8E149-C8CC-FA8C-AF82-12DF17AE4E1E,2024-ncaa-d0-natl,ncaa,106,127,52,123,85,53,77,41,171,113,112,163,41,31,121,78,36,58,51,58,77,36,50,138,118,82,53,83,101,145,285,43,262,63,274,103,197,104,34,81,158,260,125,200,,,332,202,,,116,36,31,263,55,87,38,170,181,55,48,46,78,76,40,82,197,44,81,126,56,195,160,,291,,,118,327,299,334,76,299,325,116,241,308,36,173,340,343,97,343,283,345,344,62,78,139,215,130,300,351,262,349,285,355,274,174,47,119,261,137,47,15,58,32,,,54,129,,,116,328,92,182,111,273,236,327,244,307,189,275,316,329,328,342,338,340,336,346,117,175,25,32,,77,,,b'\x11\xe8\xe1I\xc8\xcc\xfa\x8c\xaf\x82\x12\xdf\x17\xaeN\x1e'
11E8E149-C8CC-FA8C-AF82-12DF17AE4E1E,2024-ncaa-d1-conf-Sun Belt,ncaa,5,6,1,6,1,3,4,3,6,6,8,3,2,2,5,2,1,6,1,6,5,3,5,3,2,2,3,3,6,12,13,3,7,7,11,3,2,2,2,2,8,11,3,5,,,12,5,,,5,2,6,8,5,4,8,9,11,3,3,5,7,7,8,11,13,4,11,3,1,10,5,,5,,,5,14,14,13,7,12,13,7,8,10,7,4,13,12,7,12,6,14,13,4,3,8,4,6,10,13,7,14,13,14,11,14,4,8,11,9,2,1,3,6,,,5,6,,,5,13,4,7,5,9,9,9,10,8,6,7,10,7,7,9,8,8,14,12,7,10,1,2,,8,,,b'\x11\xe8\xe1I\xc8\xcc\xfa\x8c\xaf\x82\x12\xdf\x17\xaeN\x1e'
11E8E149-C8CC-FA8C-AF82-12DF17AE4E1E,2024-ncaa-d1-natl,ncaa,91,129,16,117,34,25,41,18,157,70,66,142,37,26,133,89,22,34,61,34,77,16,18,131,115,75,67,105,104,101,250,27,263,29,258,72,183,131,29,74,73,181,112,197,,,343,172,,,91,15,30,264,44,73,31,130,148,56,47,40,65,67,31,62,171,47,69,109,60,122,156,,274,,,93,342,321,348,76,319,341,116,263,328,35,187,344,349,96,349,285,353,353,65,85,110,216,129,293,357,263,358,250,360,258,217,62,61,210,118,69,19,84,38,,,33,138,,,91,349,83,145,94,261,222,320,234,296,186,276,312,325,325,337,340,338,337,344,120,128,35,44,,75,,,b'\x11\xe8\xe1I\xc8\xcc\xfa\x8c\xaf\x82\x12\xdf\x17\xaeN\x1e'
11E8E149-C8CC-FA8C-AF82-12DF17AE4E1E,2025-ncaa-d0-natl,genius_ncaa,282,249,301,281,328,225,231,194,256,175,93,312,303,328,201,334,111,129,136,137,202,189,250,293,272,200,275,314,50,165,171,258,173,221,210,267,271,20,49,150,237,216,188,188,,,73,126,,153,241,268,69,269,141,157,56,92,18,293,317,47,56,59,47,89,93,144,104,219,64,185,153,,162,,213,245,173,209,120,318,247,183,283,146,74,303,95,98,122,32,122,144,108,93,310,285,295,81,142,82,111,173,201,171,162,210,230,227,266,238,290,17,42,235,173,,,230,185,,176,241,100,183,279,227,306,329,280,329,310,224,142,166,210,211,281,274,204,322,290,314,191,66,305,,131,,142,b'\x11\xe8\xe1I\xc8\xcc\xfa\x8c\xaf\x82\x12\xdf\x17\xaeN\x1e'
11E8E149-C8CC-FA8C-AF82-12DF17AE4E1E,2025-ncaa-d1-conf-Sun Belt,genius_ncaa,11,9,8,11,11,9,9,9,8,6,3,14,11,13,2,13,4,7,4,7,10,9,10,12,12,8,12,12,4,8,9,11,7,8,8,9,8,1,1,4,13,13,7,7,,,1,2,,3,8,9,6,11,6,7,5,6,1,10,13,2,4,4,4,7,7,8,5,8,1,13,7,,3,,5,9,8,12,8,11,13,11,12,5,4,7,4,3,3,6,2,3,7,6,10,9,11,2,5,4,6,7,10,9,9,8,12,11,10,10,13,1,1,9,8,,,12,6,,8,8,6,7,12,9,13,13,10,14,13,5,6,5,5,5,10,8,8,12,10,14,9,1,10,,7,,8,b'\x11\xe8\xe1I\xc8\xcc\xfa\x8c\xaf\x82\x12\xdf\x17\xaeN\x1e'
11E8E149-C8CC-FA8C-AF82-12DF17AE4E1E,2025-ncaa-d1-natl,genius_ncaa,262,249,244,265,289,177,182,142,246,130,64,293,291,310,224,329,86,106,118,106,212,134,181,283,261,179,279,313,58,124,154,210,178,170,205,227,259,32,40,127,179,185,137,152,,,86,99,,140,222,209,66,269,121,132,45,72,19,288,301,45,61,64,35,78,79,142,94,207,55,158,114,,130,,165,225,213,252,183,307,270,224,273,194,130,296,116,111,140,46,142,135,178,163,295,269,277,107,169,73,156,178,242,154,211,205,269,236,230,217,280,33,44,242,143,,,197,195,,174,222,164,158,267,214,295,316,280,319,301,239,170,155,186,188,273,277,215,320,292,310,177,70,292,,131,,160,b'\x11\xe8\xe1I\xc8\xcc\xfa\x8c\xaf\x82\x12\xdf\x17\xaeN\x1e'
11E8E149-C8CC-FA8C-AF82-12DF17AE4E1E,2026-ncaa-d0-natl,genius_ncaa,123,152,116,159,142,179,171,175,203,137,92,280,242,295,86,331,182,154,263,155,266,167,139,229,234,276,283,272,185,71,18,228,212,146,92,206,273,324,308,298,79,61,318,340,,,304,326,,359,214,168,155,97,238,214,215,156,73,272,337,229,191,187,204,118,45,303,166,255,316,63,345,,315,,360,208,200,195,154,235,179,140,244,232,211,220,226,196,193,183,192,225,163,198,243,246,154,208,219,177,159,212,100,18,114,92,186,159,50,33,73,263,229,184,119,,,128,166,,21,214,215,238,135,200,161,156,70,139,65,200,169,173,158,156,78,178,129,35,48,144,41,260,161,,145,,30,b'\x11\xe8\xe1I\xc8\xcc\xfa\x8c\xaf\x82\x12\xdf\x17\xaeN\x1e'
11E8E149-C8CC-FA8C-AF82-12DF17AE4E1E,2026-ncaa-d1-natl,genius_ncaa,163,152,177,171,197,257,245,254,234,209,141,303,287,334,97,334,239,212,267,212,276,248,205,262,270,297,281,271,166,103,26,299,235,230,120,280,290,301,328,326,116,84,344,342,,,269,336,,357,258,238,174,100,270,246,243,195,83,282,343,237,199,196,240,139,55,323,206,297,330,82,350,,323,,361,255,157,150,89,271,137,88,280,195,157,251,226,151,145,192,147,235,94,130,284,289,203,205,223,163,109,235,49,26,60,120,151,168,89,44,99,220,250,158,138,,,183,148,,31,258,144,269,183,245,192,193,83,172,72,224,166,183,161,162,87,173,134,37,52,175,60,270,182,,144,,26,b'\x11\xe8\xe1I\xc8\xcc\xfa\x8c\xaf\x82\x12\xdf\x17\xaeN\x1e'
11E8E149-C8D1-62A2-AF82-12DF17AE4E1E,2010-ncaa-d0-natl,ncaa,309,317,241,317,252,341,332,333,283,278,240,300,345,345,323,339,313,316,235,315,299,336,336,318,313,325,336,340,95,340,341,340,329,345,343,320,197,128,310,304,312,269,224,168,,,192,328,,,332,329,336,104,342,335,340,272,207,345,345,307,308,308,341,340,338,342,345,324,197,298,214,,265,,,332,55,47,12,295,104,26,317,38,48,102,133,199,191,203,198,307,17,22,279,293,269,149,76,279,118,329,89,341,86,343,38,105,247,126,127,121,272,130,181,,,315,110,,,332,17,333,296,335,122,90,16,162,37,61,73,247,238,247,28,22,182,164,182,87,208,180,161,,309,,,b'\x11\xe8\xe1I\xc8\xd1b\xa2\xaf\x82\x12\xdf\x17\xaeN\x1e'
11E8E149-C8D1-62A2-AF82-12DF17AE4E1E,2010-ncaa-d1-conf-Patriot,ncaa,7,7,5,7,5,8,7,8,5,3,3,6,8,8,8,8,5,4,7,4,7,8,8,7,7,6,8,8,2,8,8,8,7,8,8,7,6,6,7,6,4,4,7,7,,,8,8,,,8,7,5,1,8,7,8,3,1,8,8,5,4,4,8,7,8,8,8,7,7,4,7,,8,,,8,5,2,1,8,2,1,8,4,4,2,6,7,7,7,7,7,1,3,7,7,5,5,3,7,3,7,4,8,3,8,2,4,3,2,3,4,5,5,4,,,4,3,,,8,3,8,6,8,6,4,2,4,1,5,6,7,7,7,3,5,3,5,5,3,2,4,5,,3,,,b'\x11\xe8\xe1I\xc8\xd1b\xa2\xaf\x82\x12\xdf\x17\xaeN\x1e'
11E8E149-C8D1-62A2-AF82-12DF17AE4E1E,2010-ncaa-d1-natl,ncaa,318,317,276,321,286,344,340,342,287,299,258,302,345,345,326,339,316,323,235,322,298,343,343,320,316,327,336,341,90,341,342,344,329,345,343,333,198,112,310,309,320,275,231,170,,,177,328,,,334,342,337,100,344,336,340,275,208,345,345,308,307,307,341,340,338,344,345,328,198,304,219,,265,,,334,44,33,4,298,92,17,320,33,37,103,134,188,182,207,189,308,6,7,284,295,277,146,74,278,104,329,71,342,67,343,32,108,266,132,137,113,274,127,188,,,327,106,,,334,5,334,304,337,124,93,17,164,37,63,73,250,241,250,30,22,186,168,185,90,218,180,166,,309,,,b'\x11\xe8\xe1I\xc8\xd1b\xa2\xaf\x82\x12\xdf\x17\xaeN\x1e'
11E8E149-C8D1-62A2-AF82-12DF17AE4E1E,2011-ncaa-d0-natl,ncaa,229,242,170,242,206,287,289,225,325,211,92,329,334,328,313,335,134,156,131,153,241,210,204,334,327,315,283,329,21,109,105,174,225,129,156,266,174,184,226,275,249,248,128,131,,,137,182,,,276,251,244,177,304,308,224,215,58,333,332,116,139,139,213,193,84,139,83,282,213,257,119,,167,,,274,106,154,166,159,183,204,149,113,117,153,127,69,143,3,136,133,151,126,150,98,138,72,142,90,226,225,165,105,200,156,248,294,248,246,282,222,244,308,270,,,162,110,,,276,100,302,170,274,131,177,204,207,238,117,131,86,158,155,192,145,256,208,234,266,247,239,316,,117,,,b'\x11\xe8\xe1I\xc8\xd1b\xa2\xaf\x82\x12\xdf\x17\xaeN\x1e'
11E8E149-C8D1-62A2-AF82-12DF17AE4E1E,2011-ncaa-d1-conf-Patriot,ncaa,7,7,5,7,7,7,8,6,8,6,2,8,8,7,8,7,1,2,2,1,2,5,5,8,8,8,6,8,1,2,5,7,8,5,7,8,8,5,5,8,3,3,6,6,,,6,8,,,7,6,4,7,7,8,4,5,2,8,7,1,1,1,3,3,1,7,4,8,5,3,6,,7,,,7,6,7,2,8,8,3,8,3,2,2,5,4,7,1,7,7,2,3,8,7,6,1,1,3,6,8,7,5,6,7,7,7,3,4,5,5,5,8,8,,,1,1,,,7,2,8,6,7,6,7,6,8,5,3,5,6,7,7,6,5,6,8,7,7,2,5,8,,1,,,b'\x11\xe8\xe1I\xc8\xd1b\xa2\xaf\x82\x12\xdf\x17\xaeN\x1e'
11E8E149-C8D1-62A2-AF82-12DF17AE4E1E,2011-ncaa-d1-natl,ncaa,242,240,199,247,238,297,299,247,327,233,107,330,334,332,316,334,147,168,129,166,240,238,236,336,327,318,283,329,22,121,108,196,228,149,165,280,176,163,226,277,261,249,134,131,,,121,186,,,285,279,248,168,307,311,226,224,61,333,332,118,137,139,213,199,88,145,89,287,215,259,120,,169,,,279,85,137,138,165,171,184,154,101,102,153,123,56,135,4,127,130,127,90,156,102,148,69,140,87,211,228,144,108,178,165,238,295,272,252,287,210,249,304,274,,,179,107,,,285,71,306,182,280,138,186,205,211,241,118,132,87,158,155,197,145,257,210,238,270,252,243,317,,119,,,b'\x11\xe8\xe1I\xc8\xd1b\xa2\xaf\x82\x12\xdf\x17\xaeN\x1e'
11E8E149-C8D1-62A2-AF82-12DF17AE4E1E,2012-ncaa-d0-natl,ncaa,279,288,163,287,198,296,283,250,306,191,109,309,333,329,324,328,217,220,185,225,281,251,229,321,320,308,316,333,73,173,156,102,216,134,150,212,58,199,256,232,326,334,9,12,,,72,74,,,279,255,256,189,316,309,257,188,78,336,332,221,213,213,261,240,164,47,88,210,226,330,3,,80,,,277,104,137,221,58,195,275,67,53,99,26,70,121,149,72,151,87,213,133,43,32,137,47,57,159,267,216,136,156,201,150,208,261,328,333,326,302,319,225,179,,,210,156,,,279,84,308,198,282,141,167,275,230,306,58,109,142,169,172,270,149,288,172,245,231,332,306,233,,193,,,b'\x11\xe8\xe1I\xc8\xd1b\xa2\xaf\x82\x12\xdf\x17\xaeN\x1e'
11E8E149-C8D1-62A2-AF82-12DF17AE4E1E,2012-ncaa-d1-conf-Patriot,ncaa,8,8,5,8,6,8,8,6,8,7,5,8,8,7,7,7,2,2,3,2,3,6,6,8,8,8,6,8,1,2,3,3,3,3,3,7,5,5,6,8,8,8,1,1,,,3,5,,,8,6,4,3,8,8,5,6,3,8,7,1,1,1,4,3,2,1,1,7,6,8,1,,5,,,8,5,4,4,2,5,6,1,3,3,4,2,7,6,6,6,4,5,4,2,2,6,3,3,5,5,3,4,3,5,3,5,4,8,8,8,6,8,6,6,,,1,2,,,8,3,8,7,8,7,7,7,7,8,4,3,7,7,7,7,6,7,7,7,5,8,8,6,,1,,,b'\x11\xe8\xe1I\xc8\xd1b\xa2\xaf\x82\x12\xdf\x17\xaeN\x1e'
11E8E149-C8D1-62A2-AF82-12DF17AE4E1E,2012-ncaa-d1-natl,ncaa,286,288,196,289,238,311,304,276,308,212,124,312,335,331,323,328,240,240,184,242,280,279,263,325,320,312,316,333,65,193,166,116,220,152,153,236,61,177,262,240,332,335,9,13,,,54,83,,,286,287,257,180,318,311,261,197,82,336,332,222,216,217,265,243,174,48,94,219,227,333,3,,84,,,286,88,117,200,63,189,258,69,47,82,30,70,111,133,74,133,87,189,97,49,36,144,46,59,156,257,220,116,166,180,153,196,265,335,336,327,290,322,218,183,,,235,153,,,286,55,311,207,290,150,176,276,235,306,60,106,147,173,176,273,146,291,179,251,231,332,305,236,,193,,,b'\x11\xe8\xe1I\xc8\xd1b\xa2\xaf\x82\x12\xdf\x17\xaeN\x1e'
11E8E149-C8D1-62A2-AF82-12DF17AE4E1E,2013-ncaa-d0-natl,ncaa,235,244,183,248,185,307,291,217,327,272,173,328,250,237,275,212,313,295,267,292,313,234,217,328,334,329,218,187,220,114,118,142,106,124,108,150,10,230,261,181,302,302,13,4,,,59,84,,,274,249,265,51,324,305,202,271,154,251,224,307,297,292,234,198,90,81,65,126,252,303,4,,65,,,273,75,106,162,97,145,211,88,95,100,132,105,65,66,152,63,63,136,100,81,69,126,85,133,117,129,106,169,118,154,108,119,150,280,277,233,200,227,73,79,,,299,314,,,274,98,324,131,277,103,146,194,176,259,109,114,81,88,88,164,109,147,208,195,143,283,217,88,,302,,,b'\x11\xe8\xe1I\xc8\xd1b\xa2\xaf\x82\x12\xdf\x17\xaeN\x1e'
11E8E149-C8D1-62A2-AF82-12DF17AE4E1E,2013-ncaa-d1-conf-Patriot,ncaa,7,7,5,7,5,8,7,4,7,6,2,7,5,6,4,6,6,4,6,4,7,5,5,7,7,7,6,5,5,3,2,5,1,5,3,3,2,5,5,4,6,6,1,1,,,5,6,,,7,6,2,1,6,6,1,5,1,5,6,5,3,3,1,1,1,4,2,3,7,5,1,,7,,,7,5,5,3,7,5,5,7,1,2,4,1,7,6,6,7,8,3,3,7,8,7,2,1,7,1,1,6,2,4,3,2,1,5,5,4,5,5,1,1,,,7,7,,,7,3,7,6,7,7,7,5,8,8,2,2,8,8,8,5,6,1,7,6,3,4,5,1,,4,,,b'\x11\xe8\xe1I\xc8\xd1b\xa2\xaf\x82\x12\xdf\x17\xaeN\x1e'
11E8E149-C8D1-62A2-AF82-12DF17AE4E1E,2013-ncaa-d1-natl,ncaa,248,243,210,252,214,323,309,240,330,287,197,332,259,239,275,210,317,303,264,300,313,256,244,332,334,331,213,184,215,131,122,156,109,141,111,162,10,221,263,189,310,304,13,4,,,51,85,,,280,274,268,48,325,312,207,279,158,255,224,307,298,295,238,199,99,83,73,135,252,303,4,,65,,,282,58,96,140,105,131,197,93,87,86,139,105,59,58,156,56,64,105,70,87,75,135,84,132,116,114,109,152,122,130,111,108,152,301,285,239,191,229,68,85,,,312,315,,,280,69,325,140,285,107,150,195,180,262,113,113,82,89,89,166,109,145,211,200,146,288,219,86,,302,,,b'\x11\xe8\xe1I\xc8\xd1b\xa2\xaf\x82\x12\xdf\x17\xaeN\x1e'
11E8E149-C8D1-62A2-AF82-12DF17AE4E1E,2014-ncaa-d0-natl,ncaa,180,173,180,184,239,234,200,147,273,181,150,263,207,173,252,178,283,301,148,293,324,181,196,275,283,259,244,177,279,88,74,127,56,102,51,100,29,103,114,70,336,330,37,28,,,72,112,,,186,237,220,270,237,191,80,161,111,195,159,290,304,295,129,162,60,71,39,62,124,335,22,,82,,,187,95,109,145,115,98,164,72,184,142,268,166,88,74,282,76,81,122,90,127,124,184,187,230,131,67,56,125,74,99,51,163,225,302,284,274,78,104,50,32,,,292,315,,,186,104,210,165,189,121,144,196,134,215,204,157,115,86,88,158,87,83,172,128,185,298,104,54,,299,,,b'\x11\xe8\xe1I\xc8\xd1b\xa2\xaf\x82\x12\xdf\x17\xaeN\x1e'
11E8E149-C8D1-62A2-AF82-12DF17AE4E1E,2014-ncaa-d1-conf-Patriot,ncaa,6,6,7,6,10,7,6,4,6,3,4,4,8,7,5,6,6,7,4,7,9,5,4,6,6,6,8,6,6,1,1,8,6,3,3,5,5,6,7,5,9,9,1,1,,,3,4,,,5,7,5,7,5,3,3,3,3,7,6,6,6,6,3,2,1,5,1,3,7,9,1,,5,,,5,5,6,5,6,7,6,5,3,2,5,1,4,4,10,4,4,4,4,5,5,7,4,2,5,6,6,1,1,4,3,4,4,7,7,6,5,5,1,1,,,7,8,,,5,4,6,7,5,6,6,7,7,8,4,2,7,5,5,6,6,7,4,6,4,7,5,1,,5,,,b'\x11\xe8\xe1I\xc8\xd1b\xa2\xaf\x82\x12\xdf\x17\xaeN\x1e'
11E8E149-C8D1-62A2-AF82-12DF17AE4E1E,2014-ncaa-d1-natl,ncaa,191,171,211,193,288,256,223,173,276,198,168,268,216,181,251,179,294,310,151,304,326,207,230,278,287,266,245,177,281,104,74,152,58,117,53,110,29,86,119,71,340,330,39,31,,,54,115,,,195,274,222,273,244,195,86,165,109,196,162,291,304,296,136,166,62,74,43,66,123,338,24,,83,,,196,75,91,119,122,83,145,80,171,127,271,163,81,65,286,67,81,89,56,132,129,191,188,228,129,55,58,104,74,76,53,146,225,318,286,279,70,104,45,37,,,311,313,,,195,70,217,175,202,126,151,196,138,217,204,157,116,85,88,158,84,84,174,128,190,298,105,56,,295,,,b'\x11\xe8\xe1I\xc8\xd1b\xa2\xaf\x82\x12\xdf\x17\xaeN\x1e'
11E8E149-C8D1-62A2-AF82-12DF17AE4E1E,2015-ncaa-d0-natl,ncaa,188,209,113,207,161,244,236,195,258,259,239,247,133,109,196,83,296,301,169,304,281,219,230,230,251,237,121,81,289,221,246,118,212,157,230,186,118,142,189,168,296,313,91,116,,,107,113,,,210,226,294,283,292,275,247,290,278,134,112,317,323,324,283,299,247,117,185,207,134,305,87,,96,,,208,102,172,231,94,233,274,112,68,124,38,106,45,46,130,39,26,196,149,72,47,120,28,81,65,264,212,227,246,256,230,161,143,271,279,256,135,170,155,210,,,285,274,,,210,116,246,142,215,82,151,225,225,282,53,101,44,46,39,158,82,261,212,235,137,291,135,148,,318,,,b'\x11\xe8\xe1I\xc8\xd1b\xa2\xaf\x82\x12\xdf\x17\xaeN\x1e'
11E8E149-C8D1-62A2-AF82-12DF17AE4E1E,2015-ncaa-d1-conf-Patriot,ncaa,8,8,3,8,6,7,6,5,7,7,6,7,2,3,8,3,8,8,8,8,7,4,3,8,8,8,5,3,7,4,6,3,9,2,7,5,6,9,7,8,8,8,1,1,,,4,4,,,8,4,6,7,7,8,6,8,6,2,3,8,8,8,5,4,4,5,3,6,7,8,1,,4,,,8,8,9,9,7,9,9,9,8,8,6,5,2,3,2,2,1,9,8,7,6,7,3,6,1,10,9,9,6,10,7,9,6,8,7,7,7,8,8,7,,,7,6,,,8,7,8,9,8,8,9,9,9,9,7,8,2,4,1,8,6,10,9,9,8,8,8,6,,7,,,b'\x11\xe8\xe1I\xc8\xd1b\xa2\xaf\x82\x12\xdf\x17\xaeN\x1e'
11E8E149-C8D1-62A2-AF82-12DF17AE4E1E,2015-ncaa-d1-natl,ncaa,206,207,143,217,198,271,264,239,266,292,270,254,137,118,198,82,311,315,170,317,283,256,272,238,254,244,117,77,290,248,258,146,218,191,241,208,120,109,191,178,312,317,95,121,,,78,115,,,222,271,297,285,298,282,256,298,285,135,113,320,324,326,289,303,252,126,197,215,137,311,89,,95,,,221,70,149,201,105,220,260,123,59,99,43,102,36,37,135,31,26,162,107,74,50,128,27,78,64,240,218,205,258,233,241,142,145,291,285,262,121,177,149,213,,,310,272,,,222,71,253,155,231,90,162,229,240,285,58,98,47,45,42,159,82,265,216,243,141,295,136,152,,320,,,b'\x11\xe8\xe1I\xc8\xd1b\xa2\xaf\x82\x12\xdf\x17\xaeN\x1e'
11E8E149-C8D1-62A2-AF82-12DF17AE4E1E,2016-ncaa-d0-natl,ncaa,308,307,240,312,258,291,288,250,295,268,216,307,228,228,211,191,274,296,79,294,288,267,267,293,288,280,174,166,182,157,131,284,309,246,231,212,74,148,231,188,156,111,197,170,,,190,268,,,287,294,259,182,293,279,200,255,166,210,199,259,283,285,235,234,127,260,195,187,203,122,174,,251,,,286,130,147,117,219,110,86,205,233,189,292,246,96,111,98,109,176,103,80,246,228,244,233,270,109,250,309,99,131,151,231,232,283,250,211,268,208,274,305,317,,,336,334,,,287,60,262,271,288,215,217,186,174,139,271,248,139,160,156,186,152,294,160,239,271,218,249,328,,333,,,b'\x11\xe8\xe1I\xc8\xd1b\xa2\xaf\x82\x12\xdf\x17\xaeN\x1e'
11E8E149-C8D1-62A2-AF82-12DF17AE4E1E,2016-ncaa-d1-conf-Patriot,ncaa,9,8,7,9,7,7,8,6,8,5,3,8,9,8,8,9,4,5,2,5,5,6,5,9,6,7,6,10,3,3,3,8,10,5,6,7,5,6,6,7,5,6,7,7,,,8,7,,,9,6,3,3,6,6,4,4,1,7,7,4,5,5,2,3,1,7,5,7,7,5,6,,9,,,9,8,8,8,9,8,6,10,9,10,8,8,4,5,3,6,6,8,7,9,9,8,7,9,3,10,10,5,3,9,6,9,9,5,5,8,9,9,10,10,,,8,9,,,9,5,6,9,9,9,10,9,8,7,9,10,6,6,7,9,10,10,7,9,10,5,10,10,,8,,,b'\x11\xe8\xe1I\xc8\xd1b\xa2\xaf\x82\x12\xdf\x17\xaeN\x1e'
11E8E149-C8D1-62A2-AF82-12DF17AE4E1E,2016-ncaa-d1-natl,ncaa,317,305,303,317,319,317,314,289,300,294,243,314,241,247,214,192,287,308,77,307,286,305,306,296,291,287,167,163,182,184,142,313,315,282,244,233,74,118,234,196,176,117,215,179,,,161,274,,,294,329,264,168,299,288,212,261,167,211,203,262,285,287,244,239,134,266,211,198,205,129,181,,253,,,295,111,120,77,229,88,58,217,220,173,298,242,81,91,101,89,175,61,41,254,234,252,232,266,109,229,315,74,142,115,244,214,283,270,221,275,192,277,301,322,,,342,331,,,294,24,271,285,296,226,221,188,180,141,272,246,148,161,162,187,152,298,165,242,279,229,252,329,,334,,,b'\x11\xe8\xe1I\xc8\xd1b\xa2\xaf\x82\x12\xdf\x17\xaeN\x1e'
11E8E149-C8D1-62A2-AF82-12DF17AE4E1E,2017-ncaa-d0-natl,ncaa,328,346,74,336,76,263,270,167,328,235,134,322,260,209,323,214,179,143,272,141,171,170,82,327,326,337,202,225,76,133,209,140,238,135,247,220,101,348,338,321,161,196,162,173,,,331,321,,,336,72,167,32,328,326,259,288,198,290,239,221,192,190,255,132,165,225,204,269,337,198,187,,321,,,330,311,283,258,247,192,205,180,327,284,342,259,262,260,152,257,241,267,268,291,293,288,311,309,174,265,238,302,209,302,247,294,241,136,187,230,326,305,280,255,,,122,209,,,336,256,336,290,332,266,239,195,154,123,317,269,230,234,227,202,207,221,246,244,268,177,302,252,,178,,,b'\x11\xe8\xe1I\xc8\xd1b\xa2\xaf\x82\x12\xdf\x17\xaeN\x1e'
11E8E149-C8D1-62A2-AF82-12DF17AE4E1E,2017-ncaa-d1-conf-Patriot,ncaa,10,10,3,10,3,8,8,4,9,8,4,9,7,6,8,6,5,4,7,4,6,3,3,9,9,9,6,6,3,4,5,6,4,5,6,7,4,10,9,9,6,6,6,6,,,10,10,,,10,1,4,1,9,9,6,8,5,7,7,5,5,5,4,3,4,7,6,7,9,6,6,,10,,,10,10,10,7,10,6,5,9,10,9,10,9,8,7,5,7,8,8,7,10,10,10,9,9,5,4,4,8,5,7,6,10,7,6,7,7,6,4,9,9,,,3,7,,,10,8,10,10,10,9,8,6,7,5,10,8,7,7,7,6,8,3,8,6,9,7,5,9,,6,,,b'\x11\xe8\xe1I\xc8\xd1b\xa2\xaf\x82\x12\xdf\x17\xaeN\x1e'
11E8E149-C8D1-62A2-AF82-12DF17AE4E1E,2017-ncaa-d1-natl,ncaa,336,346,98,341,99,298,294,208,329,267,170,324,271,223,323,213,204,173,269,170,175,206,109,328,327,340,200,224,74,157,219,179,247,173,255,244,103,344,338,323,187,206,179,177,,,325,323,,,336,91,173,29,332,329,272,299,204,290,234,227,203,201,269,139,175,238,225,276,339,205,194,,320,,,335,305,273,233,260,174,168,189,322,269,344,259,253,248,158,245,242,240,248,302,302,301,306,309,172,243,247,285,219,283,255,286,246,164,192,245,319,308,270,260,,,148,204,,,336,232,341,307,335,277,248,199,162,122,317,269,234,235,229,204,206,224,250,251,274,188,304,257,,184,,,b'\x11\xe8\xe1I\xc8\xd1b\xa2\xaf\x82\x12\xdf\x17\xaeN\x1e'
11E8E149-C8D1-62A2-AF82-12DF17AE4E1E,2018-ncaa-d0-natl,ncaa,236,244,164,241,224,310,288,282,271,291,244,325,189,257,64,186,323,332,156,322,318,302,274,250,273,297,147,100,277,246,207,165,155,203,154,254,163,300,322,301,160,122,185,121,,,176,254,,,248,270,289,278,328,309,312,303,241,190,257,328,336,333,326,299,247,144,197,272,300,149,185,,206,,,245,61,41,86,47,7,31,31,294,265,287,321,111,139,75,143,262,82,89,90,85,102,345,343,208,145,155,94,207,98,154,168,327,203,161,197,332,337,241,280,,,323,320,,,248,79,305,110,248,68,40,81,7,20,305,290,137,152,159,73,73,162,111,127,176,195,326,255,,338,,,b'\x11\xe8\xe1I\xc8\xd1b\xa2\xaf\x82\x12\xdf\x17\xaeN\x1e'
11E8E149-C8D1-62A2-AF82-12DF17AE4E1E,2018-ncaa-d1-conf-Patriot,ncaa,7,8,3,8,5,7,7,7,5,7,7,8,5,6,1,5,8,9,3,9,7,7,7,5,5,7,3,3,8,7,5,5,7,7,5,5,3,9,8,8,3,5,5,5,,,7,6,,,9,6,7,7,8,9,7,9,8,5,6,9,9,9,8,7,7,7,7,5,8,5,6,,6,,,9,9,8,6,5,2,2,5,10,9,10,9,7,7,4,8,8,6,6,9,9,8,9,9,5,6,7,3,5,5,5,9,8,6,8,9,10,8,6,9,,,10,9,,,9,6,7,9,9,7,7,5,4,2,10,8,6,7,8,5,3,5,3,3,9,8,8,6,,9,,,b'\x11\xe8\xe1I\xc8\xd1b\xa2\xaf\x82\x12\xdf\x17\xaeN\x1e'
11E8E149-C8D1-62A2-AF82-12DF17AE4E1E,2018-ncaa-d1-natl,ncaa,247,243,213,248,294,326,313,317,285,314,270,329,209,275,65,182,330,339,155,331,320,328,314,263,282,304,142,101,273,271,215,207,164,250,164,289,161,281,323,307,184,129,205,128,,,153,257,,,259,321,291,279,333,316,316,310,243,190,257,327,336,333,329,305,252,152,212,285,300,159,189,,209,,,258,32,18,52,53,7,19,33,284,243,294,320,92,116,82,119,260,41,39,101,99,109,345,342,205,121,164,67,215,68,164,156,325,230,167,211,326,340,230,293,,,337,321,,,259,30,308,124,263,72,43,85,8,21,305,289,144,157,162,77,72,169,113,131,179,206,329,259,,338,,,b'\x11\xe8\xe1I\xc8\xd1b\xa2\xaf\x82\x12\xdf\x17\xaeN\x1e'
11E8E149-C8D1-62A2-AF82-12DF17AE4E1E,2019-ncaa-d0-natl,ncaa,277,315,114,297,120,295,289,207,329,280,164,336,217,208,216,192,309,314,195,315,330,236,196,321,323,329,177,139,249,100,112,93,74,84,79,255,160,296,298,296,284,277,91,65,,,138,197,,,264,235,319,27,332,324,258,306,196,228,228,326,324,326,300,257,102,67,64,283,269,296,93,,124,,,262,94,93,173,62,45,118,51,261,258,210,283,86,127,47,134,177,161,112,85,68,129,301,315,125,120,74,182,112,153,79,139,208,296,287,249,266,269,143,144,,,259,269,,,264,118,316,131,266,68,71,122,31,67,266,257,82,116,121,104,50,108,162,134,119,309,249,138,,288,,,b'\x11\xe8\xe1I\xc8\xd1b\xa2\xaf\x82\x12\xdf\x17\xaeN\x1e'
11E8E149-C8D1-62A2-AF82-12DF17AE4E1E,2019-ncaa-d1-conf-Patriot,ncaa,10,10,3,10,5,9,9,9,7,9,6,9,7,9,6,7,9,9,6,9,9,9,7,7,8,9,6,2,8,4,3,5,6,4,6,8,8,10,10,10,8,8,3,3,,,6,6,,,10,7,9,5,9,9,8,10,8,8,9,9,10,10,10,8,4,4,4,9,10,8,3,,6,,,10,7,6,8,5,2,4,3,9,10,7,9,8,8,6,8,9,7,5,5,5,7,10,9,6,8,6,4,3,4,6,8,7,9,9,10,9,9,1,1,,,8,8,,,10,4,9,7,10,6,6,7,3,4,9,9,8,8,8,8,3,9,3,4,6,9,9,2,,9,,,b'\x11\xe8\xe1I\xc8\xd1b\xa2\xaf\x82\x12\xdf\x17\xaeN\x1e'
11E8E149-C8D1-62A2-AF82-12DF17AE4E1E,2019-ncaa-d1-natl,ncaa,294,314,155,304,162,316,310,253,330,306,208,338,236,230,218,193,323,325,188,326,333,277,252,323,326,334,174,139,243,130,124,116,81,112,85,284,162,274,307,306,301,289,105,70,,,121,197,,,274,287,322,24,336,329,266,313,201,228,231,326,324,327,309,267,112,76,71,295,271,302,95,,127,,,273,60,67,118,70,31,82,58,248,243,225,280,74,103,52,109,180,108,62,97,74,151,297,316,126,81,81,150,124,111,85,117,215,312,292,261,245,276,134,153,,,280,267,,,274,65,322,143,277,83,81,127,37,72,267,254,85,118,125,107,49,114,168,149,128,316,252,150,,289,,,b'\x11\xe8\xe1I\xc8\xd1b\xa2\xaf\x82\x12\xdf\x17\xaeN\x1e'
11E8E149-C8D1-62A2-AF82-12DF17AE4E1E,2020-ncaa-d0-natl,ncaa,163,150,191,161,198,304,289,264,280,279,231,296,240,245,200,191,304,305,244,295,271,286,294,282,289,274,199,166,252,217,196,126,111,164,127,262,168,117,192,213,222,176,48,19,,,50,87,,,185,308,333,37,319,304,290,278,224,231,232,309,300,298,301,314,216,91,130,266,140,217,41,,52,,,186,27,19,72,22,8,34,21,233,268,131,317,68,95,68,97,224,72,45,43,34,51,341,336,183,127,111,132,196,120,127,113,295,255,211,199,64,114,8,10,,,300,230,,,185,45,273,59,181,32,19,88,7,26,247,280,85,110,118,65,37,141,155,151,116,246,79,10,,293,,,b'\x11\xe8\xe1I\xc8\xd1b\xa2\xaf\x82\x12\xdf\x17\xaeN\x1e'
11E8E149-C8D1-62A2-AF82-12DF17AE4E1E,2020-ncaa-d1-conf-Patriot,ncaa,4,4,3,4,3,7,7,6,9,6,4,9,8,7,7,8,3,7,4,5,6,5,7,9,8,8,7,8,2,2,2,4,6,2,4,7,4,2,4,5,5,4,1,1,,,2,1,,,6,7,9,2,7,7,5,6,4,8,7,3,7,5,5,6,2,4,2,6,2,4,1,,2,,,6,3,2,5,2,1,2,2,10,9,7,9,4,5,2,6,9,5,4,2,2,2,10,10,6,8,6,4,2,4,4,6,9,6,7,6,2,2,3,2,,,7,7,,,6,4,7,2,6,3,2,6,1,2,10,9,5,5,6,6,5,9,4,5,6,6,2,3,,7,,,b'\x11\xe8\xe1I\xc8\xd1b\xa2\xaf\x82\x12\xdf\x17\xaeN\x1e'
11E8E149-C8D1-62A2-AF82-12DF17AE4E1E,2020-ncaa-d1-natl,ncaa,177,150,257,165,260,325,325,308,290,305,260,308,253,257,206,190,312,311,245,307,268,324,323,287,296,281,195,165,246,238,203,157,114,212,138,288,172,96,196,221,240,187,57,18,,,33,91,,,200,333,338,38,327,315,296,289,228,234,238,310,300,299,307,317,222,98,140,275,141,221,43,,55,,,200,18,12,49,24,7,20,22,224,250,135,315,60,84,70,87,226,45,24,46,35,57,340,336,183,111,114,108,203,89,138,97,294,277,219,215,49,121,7,11,,,313,226,,,200,20,284,67,199,32,21,91,8,27,250,284,88,112,121,69,36,150,159,157,127,257,82,10,,292,,,b'\x11\xe8\xe1I\xc8\xd1b\xa2\xaf\x82\x12\xdf\x17\xaeN\x1e'
11E8E149-C8D1-62A2-AF82-12DF17AE4E1E,2021-ncaa-d0-natl,ncaa,265,83,323,221,323,321,316,325,102,308,316,156,306,324,64,226,332,332,124,332,339,325,325,117,150,191,273,174,334,326,237,304,17,316,37,294,42,21,270,133,322,234,125,4,,,13,23,,,190,324,277,95,244,151,233,134,156,206,261,331,339,340,295,287,273,19,77,72,227,263,11,,12,,,210,21,20,23,48,14,15,45,95,69,250,339,22,13,343,12,95,20,18,109,122,232,337,340,96,15,17,19,237,17,37,42,341,331,321,334,24,234,11,34,,,331,342,,,190,20,210,190,212,136,108,210,15,35,330,336,92,41,40,164,45,46,100,57,296,334,198,29,,342,,,b'\x11\xe8\xe1I\xc8\xd1b\xa2\xaf\x82\x12\xdf\x17\xaeN\x1e'
11E8E149-C8D1-62A2-AF82-12DF17AE4E1E,2021-ncaa-d1-conf-Patriot,ncaa,7,6,5,8,5,5,4,5,4,4,3,5,5,6,3,8,8,8,5,8,9,5,5,5,5,5,8,7,9,4,4,3,4,4,2,3,2,7,9,4,5,6,1,1,,,4,2,,,7,5,6,1,6,4,6,5,3,6,8,8,8,8,6,4,4,2,2,4,10,5,1,,2,,,7,7,6,6,3,5,5,3,10,10,8,10,7,6,10,5,7,6,6,4,5,8,10,10,4,6,4,6,4,6,2,8,10,7,10,10,8,10,4,3,,,7,10,,,7,6,5,8,7,8,5,9,2,3,9,10,7,5,6,9,5,7,3,3,9,10,10,3,,10,,,b'\x11\xe8\xe1I\xc8\xd1b\xa2\xaf\x82\x12\xdf\x17\xaeN\x1e'
11E8E149-C8D1-62A2-AF82-12DF17AE4E1E,2021-ncaa-d1-natl,ncaa,277,82,324,233,324,322,317,325,105,311,319,159,309,325,66,224,332,332,123,332,339,326,326,118,155,195,272,173,335,326,243,305,17,319,40,298,40,21,277,137,325,239,134,4,,,13,24,,,208,325,279,95,253,156,238,144,158,209,260,331,339,340,297,290,278,20,81,74,230,268,12,,13,,,221,20,18,22,51,14,15,44,90,64,252,339,22,13,343,12,98,20,17,116,127,241,337,340,99,15,17,19,243,17,40,40,341,331,323,334,24,238,11,36,,,331,341,,,208,19,220,205,223,142,112,214,18,34,330,336,95,41,40,168,44,48,102,60,300,334,202,30,,342,,,b'\x11\xe8\xe1I\xc8\xd1b\xa2\xaf\x82\x12\xdf\x17\xaeN\x1e'
11E8E149-C8D1-62A2-AF82-12DF17AE4E1E,2022-ncaa-d0-natl,ncaa,214,245,112,236,133,268,190,195,200,141,113,206,302,288,302,283,342,343,276,344,356,239,224,249,290,302,348,285,348,169,160,118,193,137,123,249,280,256,281,272,312,326,82,69,,,62,62,,,250,234,341,220,329,254,289,158,125,322,317,352,352,352,324,326,198,119,144,284,223,334,91,,34,,,245,96,113,204,62,71,144,54,272,272,197,291,44,65,21,64,95,180,151,92,57,93,271,330,55,252,193,145,160,177,123,250,323,262,269,293,177,209,125,83,,,294,320,,,250,127,290,130,245,58,77,145,39,96,253,263,34,53,54,112,52,224,70,144,219,299,156,100,,336,,,b'\x11\xe8\xe1I\xc8\xd1b\xa2\xaf\x82\x12\xdf\x17\xaeN\x1e'
11E8E149-C8D1-62A2-AF82-12DF17AE4E1E,2022-ncaa-d1-conf-Patriot,ncaa,7,7,4,7,4,8,5,7,6,4,4,5,9,9,10,9,10,10,9,10,10,7,6,8,8,8,10,10,10,2,2,4,7,2,3,7,9,10,8,7,10,10,3,2,,,4,4,,,6,7,9,4,8,7,7,3,1,10,9,10,10,10,8,6,2,5,4,8,7,10,3,,4,,,6,4,3,6,2,2,3,2,8,8,7,8,5,6,3,6,6,6,5,4,4,5,9,9,5,8,7,3,2,5,3,8,8,6,7,7,7,8,2,3,,,8,7,,,6,5,7,6,6,4,3,5,2,4,8,8,6,6,6,4,2,8,3,4,7,7,7,3,,8,,,b'\x11\xe8\xe1I\xc8\xd1b\xa2\xaf\x82\x12\xdf\x17\xaeN\x1e'
11E8E149-C8D1-62A2-AF82-12DF17AE4E1E,2022-ncaa-d1-natl,ncaa,235,245,146,246,178,302,230,245,215,175,144,219,311,305,304,283,346,347,276,347,356,280,270,266,301,310,349,283,347,200,169,149,198,172,134,276,285,233,291,290,332,331,93,72,,,44,66,,,265,276,342,210,330,276,298,167,132,325,321,353,352,352,334,337,211,135,160,294,229,341,98,,34,,,262,80,88,159,72,61,114,61,254,256,216,291,35,55,22,52,97,131,98,101,69,115,270,331,55,227,198,102,169,139,134,233,322,296,277,303,156,219,113,90,,,318,315,,,265,81,301,145,261,68,86,148,48,98,262,263,34,59,57,114,48,228,77,146,229,307,161,106,,334,,,b'\x11\xe8\xe1I\xc8\xd1b\xa2\xaf\x82\x12\xdf\x17\xaeN\x1e'
11E8E149-C8D1-62A2-AF82-12DF17AE4E1E,2023-ncaa-d0-natl,ncaa,266,257,236,273,278,329,295,285,290,257,232,265,290,255,319,196,351,352,202,352,354,310,329,296,314,290,301,222,332,331,342,266,278,313,334,309,283,54,167,237,285,262,226,190,,,15,31,,,304,311,312,283,339,300,272,251,191,284,235,354,353,353,314,335,326,248,312,311,98,272,206,,25,,,305,73,167,135,205,135,74,285,200,256,82,322,5,7,65,7,23,87,74,225,153,185,86,277,8,221,278,245,342,250,334,305,344,272,229,337,57,161,7,15,,,344,319,,,304,52,318,229,309,131,232,223,198,103,244,308,6,10,9,128,86,278,309,310,333,245,99,12,,351,,,b'\x11\xe8\xe1I\xc8\xd1b\xa2\xaf\x82\x12\xdf\x17\xaeN\x1e'
11E8E149-C8D1-62A2-AF82-12DF17AE4E1E,2023-ncaa-d1-conf-Patriot,ncaa,8,7,7,8,9,9,9,9,9,8,7,8,6,6,8,6,9,9,3,9,8,9,9,8,8,8,6,6,8,8,9,9,10,10,10,10,10,3,7,8,7,6,3,2,,,3,4,,,9,8,6,9,8,8,6,7,4,6,5,9,9,9,6,8,7,8,9,10,5,4,3,,5,,,9,5,8,7,7,7,4,10,7,10,3,10,2,3,3,3,5,4,5,9,6,7,5,7,1,10,10,8,9,10,10,10,10,7,8,10,5,6,1,1,,,8,6,,,9,3,9,8,9,9,10,9,7,4,9,10,2,4,4,8,8,10,9,10,10,7,6,1,,7,,,b'\x11\xe8\xe1I\xc8\xd1b\xa2\xaf\x82\x12\xdf\x17\xaeN\x1e'
11E8E149-C8D1-62A2-AF82-12DF17AE4E1E,2023-ncaa-d1-natl,ncaa,288,257,310,290,333,349,325,327,301,290,260,275,308,278,323,196,353,357,199,355,353,341,348,305,324,303,299,224,330,346,346,303,288,337,343,328,290,39,173,250,316,278,241,194,,,12,31,,,312,344,314,283,343,310,281,260,194,293,240,354,354,354,318,341,331,261,321,322,99,286,209,,25,,,315,50,123,96,224,107,48,296,186,239,89,325,5,7,72,7,23,38,30,239,174,212,80,277,8,206,288,210,346,219,343,301,344,308,239,340,44,162,5,17,,,351,320,,,312,17,328,260,316,145,244,225,210,105,248,307,6,9,9,135,85,282,315,315,335,260,101,13,,350,,,b'\x11\xe8\xe1I\xc8\xd1b\xa2\xaf\x82\x12\xdf\x17\xaeN\x1e'
11E8E149-C8D1-62A2-AF82-12DF17AE4E1E,2024-ncaa-d0-natl,ncaa,264,276,196,276,215,302,251,307,158,236,233,213,253,303,92,241,354,357,245,356,358,329,325,175,214,233,289,192,344,344,336,218,179,300,270,254,218,129,259,237,305,284,235,223,,,20,44,,,290,305,334,114,327,269,335,234,216,249,301,355,355,355,350,350,342,211,323,260,161,309,226,,27,,,292,117,126,120,197,110,118,180,182,159,249,222,103,84,263,85,129,105,69,203,199,264,195,235,130,124,179,121,336,110,270,268,330,317,293,340,210,305,70,100,,,357,355,,,290,67,279,275,288,149,160,141,145,128,203,180,123,111,113,110,40,159,159,144,296,322,237,80,,360,,,b'\x11\xe8\xe1I\xc8\xd1b\xa2\xaf\x82\x12\xdf\x17\xaeN\x1e'
11E8E149-C8D1-62A2-AF82-12DF17AE4E1E,2024-ncaa-d1-conf-Patriot,ncaa,10,10,7,10,9,10,9,9,6,8,8,7,8,9,4,7,10,10,7,10,10,10,10,6,7,7,9,6,10,9,8,6,6,8,6,10,10,7,8,10,9,9,6,5,,,2,2,,,10,10,8,7,10,8,8,7,7,6,8,10,10,10,10,10,7,4,5,10,7,8,6,,2,,,10,3,3,5,5,1,2,5,9,8,9,9,4,3,8,3,5,3,2,6,6,9,9,9,4,6,6,4,8,4,6,9,10,10,8,10,10,10,4,4,,,10,9,,,10,1,10,10,10,8,8,7,5,4,9,8,6,4,4,6,5,8,6,5,10,9,10,5,,10,,,b'\x11\xe8\xe1I\xc8\xd1b\xa2\xaf\x82\x12\xdf\x17\xaeN\x1e'
11E8E149-C8D1-62A2-AF82-12DF17AE4E1E,2024-ncaa-d1-natl,ncaa,289,278,254,293,281,335,300,347,174,275,265,229,274,317,94,242,358,360,249,360,359,352,355,190,227,249,289,195,346,349,341,264,195,332,287,286,230,99,265,250,329,298,249,233,,,10,44,,,301,349,341,111,336,292,343,253,224,254,305,358,357,356,355,356,347,229,330,281,164,321,234,,29,,,302,87,99,75,221,81,83,198,168,132,252,221,87,67,272,67,129,60,24,224,218,283,195,234,131,103,195,90,341,76,287,258,335,344,303,346,188,311,60,114,,,360,357,,,301,18,290,289,302,169,176,145,160,132,212,181,131,116,117,119,40,165,167,159,301,330,238,86,,362,,,b'\x11\xe8\xe1I\xc8\xd1b\xa2\xaf\x82\x12\xdf\x17\xaeN\x1e'
11E8E149-C8D1-62A2-AF82-12DF17AE4E1E,2025-ncaa-d0-natl,genius_ncaa,265,292,135,277,177,269,226,241,201,256,227,256,172,227,63,152,354,360,63,360,360,293,317,179,213,196,196,80,355,350,351,206,254,299,331,214,176,68,157,155,354,354,304,316,,,3,3,,9,317,283,344,269,324,270,313,286,252,178,232,357,360,360,348,359,353,240,340,234,61,357,314,,1,,7,313,216,266,236,266,167,141,225,340,315,353,334,9,15,65,15,23,186,115,319,269,334,267,351,5,230,254,236,351,243,331,334,333,345,348,360,76,169,186,240,,,348,322,,194,317,89,253,341,318,215,276,232,147,103,346,322,7,12,10,144,39,234,234,237,339,356,87,178,,358,,204,b'\x11\xe8\xe1I\xc8\xd1b\xa2\xaf\x82\x12\xdf\x17\xaeN\x1e'
11E8E149-C8D1-62A2-AF82-12DF17AE4E1E,2025-ncaa-d1-conf-Patriot,genius_ncaa,7,7,3,7,5,8,7,8,5,9,7,7,5,8,2,5,9,10,3,10,9,9,9,5,5,6,5,3,8,10,10,6,9,9,10,8,8,5,7,8,10,10,8,9,,,1,1,,4,9,6,8,6,8,7,9,8,8,5,8,9,10,10,10,10,10,7,10,8,6,10,7,,1,,4,9,9,9,10,8,7,7,5,9,8,10,8,1,1,5,1,1,9,9,9,8,9,7,10,1,10,9,7,10,8,10,10,10,8,8,9,8,9,5,5,,,6,4,,2,9,4,8,9,8,9,9,9,8,7,9,8,1,1,1,8,7,9,8,8,9,8,7,5,,7,,2,b'\x11\xe8\xe1I\xc8\xd1b\xa2\xaf\x82\x12\xdf\x17\xaeN\x1e'
11E8E149-C8D1-62A2-AF82-12DF17AE4E1E,2025-ncaa-d1-natl,genius_ncaa,279,292,172,290,226,309,266,293,208,286,258,270,193,241,66,153,354,361,62,361,360,322,342,186,218,203,197,84,354,353,352,245,261,320,337,250,181,51,166,162,357,356,315,318,,,2,4,,8,322,327,346,269,331,290,322,298,256,182,236,357,360,360,348,359,354,250,343,252,63,358,318,,1,,8,321,195,249,206,279,138,107,243,337,305,353,336,9,13,65,12,23,146,63,329,283,341,268,351,5,210,261,212,352,213,337,329,333,353,349,360,68,174,171,251,,,352,319,,197,322,40,268,347,324,227,287,234,162,107,346,326,9,14,10,149,38,240,241,247,340,356,89,183,,358,,197,b'\x11\xe8\xe1I\xc8\xd1b\xa2\xaf\x82\x12\xdf\x17\xaeN\x1e'
11E8E149-C8D1-62A2-AF82-12DF17AE4E1E,2026-ncaa-d0-natl,genius_ncaa,163,250,49,216,50,108,119,127,148,174,163,236,38,86,21,101,110,142,48,136,140,135,141,103,96,93,25,38,187,257,333,100,335,146,334,151,240,166,116,156,184,290,106,195,,,85,4,,180,189,109,326,15,178,206,278,290,292,51,147,171,239,226,286,338,345,183,296,233,70,264,154,,9,,129,186,298,322,343,97,263,328,44,353,327,328,264,27,47,26,38,6,322,306,149,85,131,234,353,4,362,335,305,333,350,334,334,291,136,262,281,190,148,150,141,,,114,135,,113,189,262,129,222,175,191,250,340,144,309,346,301,6,11,10,290,269,355,218,330,300,230,101,85,,224,,175,b'\x11\xe8\xe1I\xc8\xd1b\xa2\xaf\x82\x12\xdf\x17\xaeN\x1e'
11E8E149-C8D1-62A2-AF82-12DF17AE4E1E,2026-ncaa-d1-natl,genius_ncaa,203,249,85,236,85,157,181,196,176,255,230,272,54,124,19,100,144,190,45,179,134,200,210,125,115,106,21,32,168,322,348,150,349,230,347,216,256,119,128,180,251,318,138,214,,,33,5,,152,227,169,332,12,217,239,310,319,309,57,161,183,248,235,315,349,353,213,331,267,75,295,160,,10,,133,227,264,308,332,130,224,311,51,348,313,340,262,11,24,29,18,5,299,269,185,112,177,230,353,4,360,349,276,348,339,347,324,297,201,292,311,147,163,120,165,,,165,124,,131,227,207,161,274,215,225,287,351,179,320,350,310,5,11,9,304,267,361,235,340,317,257,104,100,,220,,163,b'\x11\xe8\xe1I\xc8\xd1b\xa2\xaf\x82\x12\xdf\x17\xaeN\x1e'
11E8E149-C8D6-18B0-AF82-12DF17AE4E1E,2010-ncaa-d0-natl,ncaa,40,28,81,34,119,40,35,30,60,48,86,46,45,39,124,84,136,118,192,118,200,38,46,57,73,54,163,98,284,101,192,65,283,72,241,16,47,142,50,20,88,152,122,149,,,198,52,,,68,40,22,272,24,20,14,47,112,49,40,158,149,152,24,37,135,74,86,12,103,105,137,,140,,,63,300,282,314,86,249,272,126,285,320,68,276,247,225,248,223,157,311,313,103,107,114,220,232,163,335,283,316,192,336,241,300,244,69,172,196,227,130,26,9,,,105,260,,,68,299,56,152,77,256,243,327,198,244,267,309,207,186,187,319,324,327,283,315,265,98,194,20,,147,,,b'\x11\xe8\xe1I\xc8\xd6\x18\xb0\xaf\x82\x12\xdf\x17\xaeN\x1e'
11E8E149-C8D6-18B0-AF82-12DF17AE4E1E,2010-ncaa-d1-conf-Southland,ncaa,1,1,1,1,2,1,1,1,1,1,4,1,1,1,5,1,3,4,5,4,9,1,2,1,1,1,6,2,10,4,7,2,7,2,8,1,2,7,3,2,3,6,1,1,,,2,1,,,1,1,4,8,2,3,3,3,7,2,2,8,9,9,3,6,6,5,6,2,3,6,1,,1,,,1,8,10,11,3,7,7,4,11,11,1,11,2,1,10,1,1,11,11,3,3,2,7,11,1,10,7,10,7,10,8,10,10,1,5,7,8,6,1,1,,,2,8,,,1,11,2,2,1,2,4,6,3,5,9,11,1,1,1,6,6,6,7,7,9,5,6,1,,10,,,b'\x11\xe8\xe1I\xc8\xd6\x18\xb0\xaf\x82\x12\xdf\x17\xaeN\x1e'
11E8E149-C8D6-18B0-AF82-12DF17AE4E1E,2010-ncaa-d1-natl,ncaa,25,28,22,30,41,17,14,12,53,29,39,42,19,17,101,70,111,94,191,93,223,16,19,46,60,37,145,80,310,54,164,34,270,28,215,7,38,178,40,16,56,148,78,122,,,220,39,,,42,16,24,273,18,13,12,37,105,31,35,173,165,167,16,34,110,62,57,10,86,99,103,,113,,,43,325,314,334,64,282,306,87,306,330,93,276,259,253,235,253,145,334,336,82,75,90,228,250,150,342,270,334,164,341,215,319,257,39,169,191,255,121,39,9,,,75,283,,,42,329,36,125,53,236,223,327,180,248,269,305,179,170,168,317,324,322,275,315,264,94,181,22,,174,,,b'\x11\xe8\xe1I\xc8\xd6\x18\xb0\xaf\x82\x12\xdf\x17\xaeN\x1e'
11E8E149-C8D6-18B0-AF82-12DF17AE4E1E,2010-ncaa-d1-ncaatournament,ncaa,33,2,33,33,34,58,58,61,53,57,58,50,44,43,40,13,53,52,49,49,36,61,56,52,54,58,20,18,40,64,64,43,46,60,62,45,10,29,63,52,50,41,53,47,,,11,31,,,46,43,12,9,58,58,57,57,56,28,19,52,51,48,61,52,64,34,60,38,58,37,47,,34,,,50,1,7,14,17,10,8,42,11,27,9,53,5,12,3,10,43,14,24,15,11,5,23,28,27,25,46,22,64,25,62,6,17,33,3,5,32,62,1,5,,,53,49,,,46,24,62,6,50,11,17,26,28,16,18,50,20,36,34,33,54,49,53,56,19,2,56,1,,50,,,b'\x11\xe8\xe1I\xc8\xd6\x18\xb0\xaf\x82\x12\xdf\x17\xaeN\x1e'
11E8E149-C8D6-18B0-AF82-12DF17AE4E1E,2011-ncaa-d0-natl,ncaa,49,24,119,32,142,55,80,80,114,106,141,103,66,59,115,104,30,34,80,33,27,69,70,99,72,62,71,116,60,157,227,104,274,120,263,120,230,157,91,128,44,77,195,217,,,146,46,,,69,57,19,192,33,58,49,113,163,57,53,21,23,25,29,37,170,106,113,133,153,39,206,,136,,,67,247,245,287,109,205,235,138,275,308,93,288,165,123,325,123,101,282,296,129,130,89,214,247,114,316,274,285,227,311,263,272,240,36,61,118,90,47,160,142,,,35,44,,,69,287,74,113,73,234,238,308,194,223,273,311,156,116,120,286,323,312,280,313,263,25,86,152,,13,,,b'\x11\xe8\xe1I\xc8\xd6\x18\xb0\xaf\x82\x12\xdf\x17\xaeN\x1e'
11E8E149-C8D6-18B0-AF82-12DF17AE4E1E,2011-ncaa-d1-conf-Southland,ncaa,2,2,3,2,4,3,2,1,4,3,4,4,2,4,4,4,4,7,3,5,7,1,1,4,4,3,3,4,9,5,8,4,11,7,11,5,8,6,5,5,1,2,6,6,,,3,1,,,2,1,5,9,1,1,5,4,6,3,4,4,7,6,4,6,7,8,8,5,4,2,6,,2,,,2,8,7,10,3,4,6,4,12,12,6,12,4,3,12,3,3,10,12,3,3,1,10,12,4,12,11,11,8,12,11,9,9,1,4,4,5,4,3,3,,,4,6,,,2,12,3,3,3,5,6,8,4,4,10,12,4,2,2,7,9,10,7,7,8,2,4,3,,4,,,b'\x11\xe8\xe1I\xc8\xd6\x18\xb0\xaf\x82\x12\xdf\x17\xaeN\x1e'
11E8E149-C8D6-18B0-AF82-12DF17AE4E1E,2011-ncaa-d1-natl,ncaa,25,23,51,26,75,31,42,41,106,75,102,78,47,36,132,98,17,22,76,22,35,35,37,89,71,59,83,115,81,100,204,63,270,59,246,73,220,237,92,122,31,68,154,188,,,204,42,,,49,25,18,218,27,45,40,99,158,56,42,21,32,28,27,32,146,85,93,105,171,37,171,,130,,,50,292,289,314,81,246,287,119,285,315,80,269,211,176,306,182,120,313,327,94,107,69,208,229,148,334,270,322,204,335,246,302,249,23,62,103,150,65,152,114,,,20,78,,,49,319,66,85,55,209,213,303,182,232,255,300,170,134,142,288,325,314,275,313,259,21,118,121,,21,,,b'\x11\xe8\xe1I\xc8\xd6\x18\xb0\xaf\x82\x12\xdf\x17\xaeN\x1e'
11E8E149-C8D6-18B0-AF82-12DF17AE4E1E,2012-ncaa-d0-natl,ncaa,171,153,240,174,278,270,286,259,300,278,258,268,215,162,296,133,144,123,233,126,49,239,226,284,267,275,91,167,41,276,314,254,138,275,290,300,272,189,244,293,123,86,295,301,,,63,75,,,250,200,75,262,251,288,215,269,230,191,139,101,71,77,186,159,264,212,252,297,243,83,293,,112,,,249,121,196,99,297,236,136,302,94,81,187,121,20,53,8,46,61,77,123,283,228,176,22,105,26,78,138,267,314,184,290,218,197,121,68,158,187,224,193,256,,,181,105,,,250,142,294,151,250,200,272,188,292,234,141,118,38,87,78,156,212,121,319,275,260,63,232,225,,102,,,b'\x11\xe8\xe1I\xc8\xd6\x18\xb0\xaf\x82\x12\xdf\x17\xaeN\x1e'
11E8E149-C8D6-18B0-AF82-12DF17AE4E1E,2012-ncaa-d1-conf-Southland,ncaa,7,5,5,7,6,9,10,8,10,10,10,9,7,7,8,6,7,6,6,5,5,7,7,10,9,9,8,6,3,9,9,10,6,10,7,11,11,7,9,10,1,1,10,10,,,2,4,,,6,8,7,3,10,11,10,10,11,7,7,5,6,5,11,9,11,10,11,12,8,1,9,,3,,,6,5,7,3,10,8,5,10,3,3,8,6,2,2,5,2,3,2,4,10,9,4,2,6,3,2,6,8,9,6,7,6,3,1,1,3,10,10,6,8,,,6,7,,,6,7,9,4,6,4,6,3,7,6,5,3,2,3,3,2,4,2,10,5,6,1,9,7,,7,,,b'\x11\xe8\xe1I\xc8\xd6\x18\xb0\xaf\x82\x12\xdf\x17\xaeN\x1e'
11E8E149-C8D6-18B0-AF82-12DF17AE4E1E,2012-ncaa-d1-natl,ncaa,158,153,137,167,181,215,239,203,283,233,223,244,199,144,298,137,114,95,232,99,53,179,145,273,261,270,109,176,48,250,313,166,117,216,274,269,257,253,245,287,82,84,268,284,,,95,61,,,228,108,51,262,228,263,200,248,218,197,138,105,79,82,177,138,261,161,231,280,252,78,272,,101,,,227,181,239,187,262,263,202,277,146,152,137,162,38,77,14,73,65,160,213,245,201,136,35,136,32,122,117,312,313,260,274,260,205,68,64,138,236,227,187,220,,,120,127,,,228,235,289,121,223,195,252,199,276,219,153,166,47,89,80,166,236,129,319,275,248,53,237,197,,114,,,b'\x11\xe8\xe1I\xc8\xd6\x18\xb0\xaf\x82\x12\xdf\x17\xaeN\x1e'
11E8E149-C8D6-18B0-AF82-12DF17AE4E1E,2013-ncaa-d0-natl,ncaa,113,65,251,94,265,221,225,228,204,253,288,156,115,79,227,56,234,216,257,219,97,232,262,170,192,176,80,77,205,246,254,282,278,284,292,246,235,84,149,194,120,82,224,185,,,101,136,,,127,250,165,99,187,194,156,228,272,82,54,208,180,186,168,184,215,248,244,232,151,80,199,,165,,,126,43,59,63,142,62,58,145,146,160,156,230,61,62,137,54,126,53,110,152,138,59,206,239,143,186,278,205,254,198,292,143,267,72,28,78,50,87,23,71,,,178,91,,,127,101,180,77,123,107,120,119,106,109,187,199,99,103,100,104,210,242,277,281,198,25,95,38,,108,,,b'\x11\xe8\xe1I\xc8\xd6\x18\xb0\xaf\x82\x12\xdf\x17\xaeN\x1e'
11E8E149-C8D6-18B0-AF82-12DF17AE4E1E,2013-ncaa-d1-conf-Southland,ncaa,3,3,2,3,3,6,6,3,9,8,6,8,4,2,8,4,5,3,9,3,3,2,2,9,9,8,5,5,5,1,6,6,9,4,10,9,10,4,3,8,2,3,4,4,,,5,1,,,4,4,4,4,8,8,5,8,8,4,2,4,4,4,2,3,4,7,5,9,3,3,4,,3,,,4,3,4,7,3,3,5,2,10,9,5,9,1,1,4,1,1,6,9,4,2,1,7,10,2,10,9,9,6,9,10,6,9,1,1,2,4,3,9,9,,,1,2,,,4,9,8,1,4,1,2,5,2,4,8,7,1,1,1,3,8,10,10,10,6,1,3,7,,1,,,b'\x11\xe8\xe1I\xc8\xd6\x18\xb0\xaf\x82\x12\xdf\x17\xaeN\x1e'
11E8E149-C8D6-18B0-AF82-12DF17AE4E1E,2013-ncaa-d1-natl,ncaa,77,65,90,76,103,130,135,104,193,192,227,137,67,42,228,46,175,153,250,156,92,110,115,161,173,158,72,64,216,161,243,160,249,154,276,151,182,153,121,146,53,70,160,167,,,183,108,,,90,107,136,129,143,156,128,216,271,70,40,196,167,173,142,166,187,201,201,172,132,59,177,,149,,,87,101,118,205,67,115,191,80,154,197,99,215,108,112,139,107,108,178,256,70,65,27,179,210,150,265,249,309,243,309,276,179,244,24,22,47,110,83,63,94,,,96,122,,,90,242,154,37,90,71,85,137,91,127,147,182,87,95,91,108,222,242,286,289,159,17,94,52,,116,,,b'\x11\xe8\xe1I\xc8\xd6\x18\xb0\xaf\x82\x12\xdf\x17\xaeN\x1e'
11E8E149-C8D6-18B0-AF82-12DF17AE4E1E,2014-ncaa-d0-natl,ncaa,129,105,180,123,239,149,147,132,188,243,273,122,41,32,144,30,272,222,314,231,127,151,175,115,168,128,53,32,310,153,191,300,321,259,309,214,251,69,80,144,82,62,251,223,,,124,121,,,123,187,117,270,99,101,63,240,274,26,25,267,217,224,83,127,140,318,258,209,93,63,255,,146,,,120,149,163,96,287,155,53,318,203,219,136,275,110,140,35,148,253,93,178,296,272,143,174,218,125,250,321,255,191,256,309,220,259,46,20,74,78,95,57,119,,,190,200,,,123,152,119,178,128,196,210,99,201,42,219,246,135,171,178,100,241,279,288,289,249,17,104,60,,173,,,b'\x11\xe8\xe1I\xc8\xd6\x18\xb0\xaf\x82\x12\xdf\x17\xaeN\x1e'
11E8E149-C8D6-18B0-AF82-12DF17AE4E1E,2014-ncaa-d1-conf-Southland,ncaa,3,1,5,2,8,2,3,2,9,10,11,7,1,1,9,2,7,5,12,5,5,2,3,7,8,4,2,2,12,5,8,11,10,7,12,4,9,3,2,2,1,1,6,6,,,7,5,,,2,3,1,7,2,2,1,9,10,2,2,7,4,4,1,1,3,12,7,4,4,1,7,,8,,,2,6,8,5,10,10,4,11,9,9,8,12,9,9,2,9,11,5,11,11,10,4,9,9,6,10,10,13,8,13,12,11,13,1,1,2,7,4,9,8,,,5,9,,,2,12,3,5,2,7,9,3,8,3,9,10,7,8,10,5,12,8,13,13,11,1,5,8,,3,,,b'\x11\xe8\xe1I\xc8\xd6\x18\xb0\xaf\x82\x12\xdf\x17\xaeN\x1e'
11E8E149-C8D6-18B0-AF82-12DF17AE4E1E,2014-ncaa-d1-natl,ncaa,123,105,145,121,193,136,135,104,192,236,265,134,34,27,135,29,255,211,303,219,121,129,144,111,162,130,49,30,304,144,191,278,305,229,292,200,248,112,92,156,76,67,255,233,,,150,124,,,120,151,96,273,92,101,59,241,274,25,22,259,213,221,80,109,138,298,237,201,113,66,256,,155,,,120,161,179,115,274,173,69,309,212,239,113,276,129,161,45,164,247,116,203,281,259,136,174,212,132,248,305,273,191,271,292,237,260,36,24,79,111,106,52,104,,,164,198,,,120,194,125,147,123,194,208,114,199,51,218,253,138,175,182,117,248,267,290,287,252,21,126,53,,162,,,b'\x11\xe8\xe1I\xc8\xd6\x18\xb0\xaf\x82\x12\xdf\x17\xaeN\x1e'
11E8E149-C8D6-18B0-AF82-12DF17AE4E1E,2015-ncaa-d0-natl,ncaa,188,103,322,162,328,194,238,295,110,288,326,96,81,103,74,54,150,203,40,208,42,289,292,69,51,85,32,54,112,229,144,341,333,331,283,252,245,133,226,230,88,50,250,150,,,142,246,,,158,295,62,161,50,107,143,225,284,33,45,57,99,105,127,94,155,335,295,169,260,40,202,,277,,,156,98,68,21,287,23,7,274,302,221,338,327,195,157,299,169,326,22,61,329,333,225,339,332,241,148,333,26,144,45,283,205,330,87,23,113,169,240,139,268,,,208,90,,,158,55,83,249,153,287,225,101,91,19,336,316,281,259,273,136,298,285,132,205,318,16,258,213,,52,,,b'\x11\xe8\xe1I\xc8\xd6\x18\xb0\xaf\x82\x12\xdf\x17\xaeN\x1e'
11E8E149-C8D6-18B0-AF82-12DF17AE4E1E,2015-ncaa-d1-conf-Southland,ncaa,2,2,3,2,5,2,4,4,2,7,11,2,1,2,2,2,4,4,2,4,3,4,4,1,1,2,2,4,6,6,8,10,13,8,11,3,7,6,4,4,2,2,3,3,,,11,6,,,1,4,2,8,1,3,3,6,11,1,2,3,4,3,3,3,7,11,10,3,5,2,3,,8,,,1,7,5,7,5,2,3,5,12,12,12,12,8,9,10,9,12,7,11,8,8,3,12,12,10,9,13,9,8,9,11,10,11,1,1,1,6,6,12,11,,,3,6,,,1,11,1,4,1,7,5,4,2,2,12,11,8,8,8,3,12,10,9,10,10,1,6,11,,2,,,b'\x11\xe8\xe1I\xc8\xd6\x18\xb0\xaf\x82\x12\xdf\x17\xaeN\x1e'
11E8E149-C8D6-18B0-AF82-12DF17AE4E1E,2015-ncaa-d1-natl,ncaa,142,103,209,131,248,106,140,175,107,212,290,73,54,58,97,53,107,138,46,141,49,177,154,73,58,84,37,60,125,131,90,323,329,278,248,186,245,218,211,212,33,19,241,160,,,220,218,,,95,167,55,174,45,75,105,194,274,37,39,59,96,103,98,64,99,326,258,155,259,16,228,,266,,,90,172,96,54,245,33,12,240,318,290,327,330,233,216,278,222,326,62,191,301,311,159,340,332,243,226,329,85,90,129,248,268,329,27,9,73,228,221,171,252,,,115,104,,,95,177,70,168,95,242,149,76,44,15,331,314,264,247,250,104,297,283,129,199,297,7,259,194,,45,,,b'\x11\xe8\xe1I\xc8\xd6\x18\xb0\xaf\x82\x12\xdf\x17\xaeN\x1e'
11E8E149-C8D6-18B0-AF82-12DF17AE4E1E,2016-ncaa-d0-natl,ncaa,280,249,321,282,324,217,301,265,296,272,213,313,245,258,200,250,20,21,122,22,8,219,248,297,245,201,69,233,1,181,188,346,348,322,339,333,338,56,107,301,40,16,280,258,,,137,172,,,262,260,26,88,101,220,90,200,88,199,192,1,1,1,28,25,94,331,258,324,193,10,256,,278,,,269,203,201,65,331,208,52,342,169,166,186,236,197,181,250,182,256,74,135,328,332,270,152,165,185,294,348,179,188,244,339,303,324,71,39,192,82,124,228,253,,,80,13,,,262,88,188,297,262,328,324,269,315,201,258,278,288,279,281,293,337,343,327,340,341,16,194,296,,3,,,b'\x11\xe8\xe1I\xc8\xd6\x18\xb0\xaf\x82\x12\xdf\x17\xaeN\x1e'
11E8E149-C8D6-18B0-AF82-12DF17AE4E1E,2016-ncaa-d1-conf-Southland,ncaa,8,8,2,9,2,3,5,2,12,4,1,13,9,9,11,11,1,1,5,1,2,2,2,12,11,8,7,12,1,3,11,7,13,3,13,12,13,6,4,10,1,3,5,7,,,10,4,,,9,1,1,2,3,9,2,5,1,11,9,1,1,1,2,2,4,10,7,12,3,1,7,,8,,,9,11,12,11,11,11,9,12,12,12,6,11,9,8,6,8,8,11,13,11,11,5,8,8,4,12,13,13,11,13,13,12,11,1,2,8,5,3,13,9,,,1,2,,,9,12,8,8,9,12,13,11,11,7,10,12,8,9,9,11,13,13,13,13,12,1,5,13,,1,,,b'\x11\xe8\xe1I\xc8\xd6\x18\xb0\xaf\x82\x12\xdf\x17\xaeN\x1e'
11E8E149-C8D6-18B0-AF82-12DF17AE4E1E,2016-ncaa-d1-natl,ncaa,234,249,142,247,162,111,175,99,283,180,98,297,180,171,193,233,3,3,134,3,8,61,62,277,220,186,71,219,1,76,157,277,344,183,316,286,331,179,106,276,10,11,233,233,,,245,160,,,199,71,23,117,79,177,60,178,85,179,169,2,2,2,22,19,57,301,177,297,196,7,230,,261,,,199,289,285,228,292,280,165,320,255,278,168,267,238,228,200,230,241,229,301,300,302,191,185,198,164,335,344,304,157,324,316,331,325,18,29,150,211,143,275,235,,,8,17,,,199,278,170,231,208,301,294,258,285,169,260,294,251,241,247,268,337,337,318,336,332,11,216,286,,3,,,b'\x11\xe8\xe1I\xc8\xd6\x18\xb0\xaf\x82\x12\xdf\x17\xaeN\x1e'
11E8E149-C8D6-18B0-AF82-12DF17AE4E1E,2017-ncaa-d0-natl,ncaa,120,28,340,62,344,222,188,211,149,154,161,148,236,230,210,222,295,167,345,163,164,206,250,176,246,190,278,218,274,31,7,345,223,241,76,210,216,27,54,110,19,1,205,71,,,52,187,,,49,324,59,268,66,40,12,36,24,168,145,198,41,42,9,11,2,322,47,98,160,1,145,,214,,,32,4,3,1,167,2,2,145,189,111,308,320,58,53,183,54,311,2,14,241,265,35,343,333,232,21,223,27,7,14,76,77,339,32,1,17,54,86,163,166,,,212,136,,,49,25,84,28,38,78,39,19,9,3,295,260,172,174,172,21,227,104,198,166,232,1,167,270,,31,,,b'\x11\xe8\xe1I\xc8\xd6\x18\xb0\xaf\x82\x12\xdf\x17\xaeN\x1e'
11E8E149-C8D6-18B0-AF82-12DF17AE4E1E,2017-ncaa-d1-conf-Southland,ncaa,4,3,5,3,6,2,2,2,6,4,3,5,6,6,9,6,10,3,13,3,8,1,3,8,10,8,11,5,12,1,2,9,6,3,3,4,8,5,1,3,1,1,7,3,,,5,6,,,2,6,3,6,3,1,1,3,2,5,6,11,3,3,1,1,1,10,2,2,4,1,7,,6,,,2,2,2,1,3,1,1,4,7,9,5,12,6,4,8,5,10,1,7,4,6,1,13,12,10,3,6,6,2,4,3,3,12,1,1,1,5,2,10,7,,,3,8,,,2,8,4,1,3,2,2,2,1,1,7,10,6,5,5,2,6,4,6,6,4,1,5,10,,3,,,b'\x11\xe8\xe1I\xc8\xd6\x18\xb0\xaf\x82\x12\xdf\x17\xaeN\x1e'
11E8E149-C8D6-18B0-AF82-12DF17AE4E1E,2017-ncaa-d1-natl,ncaa,69,28,217,46,288,98,77,62,129,64,53,149,152,163,139,219,187,74,343,73,164,53,72,142,199,155,250,198,266,7,6,318,236,101,70,108,202,114,52,94,1,1,135,60,,,145,161,,,22,170,41,270,37,29,10,29,19,132,134,155,36,36,7,6,2,312,31,66,164,1,114,,194,,,17,28,17,13,140,4,9,133,220,190,265,309,98,104,134,97,266,15,154,189,196,11,327,322,202,79,236,126,6,96,70,181,335,2,1,14,138,86,201,116,,,84,144,,,22,174,66,12,19,64,38,23,13,13,257,224,119,128,125,25,256,126,182,165,215,1,171,225,,21,,,b'\x11\xe8\xe1I\xc8\xd6\x18\xb0\xaf\x82\x12\xdf\x17\xaeN\x1e'
11E8E149-C8D6-18B0-AF82-12DF17AE4E1E,2018-ncaa-d0-natl,ncaa,118,31,337,65,340,196,157,132,216,133,136,164,213,148,303,163,262,177,337,182,215,136,195,241,276,191,267,218,266,28,22,343,178,264,151,187,227,18,28,75,3,1,270,179,,,105,231,,,58,279,10,278,41,30,3,28,14,136,58,146,47,49,2,4,3,330,66,77,93,1,237,,277,,,47,12,14,3,322,11,3,311,109,48,322,256,56,65,135,67,301,1,36,328,328,51,277,258,211,5,178,136,22,48,151,84,296,8,1,7,17,30,173,144,,,230,217,,,58,70,102,29,53,153,136,19,87,16,239,150,189,200,205,29,308,55,323,257,225,1,89,269,,41,,,b'\x11\xe8\xe1I\xc8\xd6\x18\xb0\xaf\x82\x12\xdf\x17\xaeN\x1e'
11E8E149-C8D6-18B0-AF82-12DF17AE4E1E,2018-ncaa-d1-conf-Southland,ncaa,1,1,6,1,7,1,1,1,6,1,1,5,5,3,12,7,8,6,12,6,12,1,1,6,7,5,12,10,13,1,1,10,5,2,2,2,7,2,1,1,1,1,7,3,,,7,6,,,1,2,1,6,1,1,1,1,1,4,4,10,6,6,1,1,1,11,3,1,2,1,7,,6,,,1,2,2,1,7,1,2,5,10,4,12,11,3,4,4,4,10,1,10,9,9,1,11,13,6,2,5,11,1,7,2,2,9,1,1,1,3,1,10,4,,,5,12,,,1,12,3,1,1,2,2,2,2,1,10,5,5,4,4,2,10,2,12,5,2,1,2,8,,3,,,b'\x11\xe8\xe1I\xc8\xd6\x18\xb0\xaf\x82\x12\xdf\x17\xaeN\x1e'
11E8E149-C8D6-18B0-AF82-12DF17AE4E1E,2018-ncaa-d1-natl,ncaa,75,31,213,47,294,62,50,25,156,44,37,111,138,80,285,169,179,90,337,89,232,28,41,177,230,140,285,222,288,5,20,319,189,106,130,88,241,63,29,63,1,1,201,105,,,231,201,,,21,78,7,279,29,17,2,18,11,114,57,140,47,50,3,4,3,318,40,51,101,1,184,,266,,,15,48,42,10,261,24,9,249,198,129,304,281,125,150,89,154,296,11,228,297,287,17,302,288,213,40,189,265,20,176,130,167,309,1,1,2,64,27,230,124,,,112,236,,,21,270,77,9,19,100,80,20,48,15,236,168,169,188,190,29,319,80,308,236,192,1,94,259,,48,,,b'\x11\xe8\xe1I\xc8\xd6\x18\xb0\xaf\x82\x12\xdf\x17\xaeN\x1e'
11E8E149-C8D6-18B0-AF82-12DF17AE4E1E,2019-ncaa-d0-natl,ncaa,95,18,321,44,322,146,136,106,211,147,148,180,121,97,234,122,201,140,309,139,155,100,139,202,228,159,164,137,235,33,42,340,261,248,227,193,267,29,36,104,2,1,203,147,,,228,292,,,71,217,9,33,31,28,2,49,32,66,32,106,45,43,2,2,4,330,92,106,126,1,165,,330,,,51,51,25,5,280,57,19,278,27,18,197,57,299,273,329,269,335,11,94,261,315,76,210,39,343,41,261,216,42,124,227,74,241,7,2,5,38,40,247,233,,,234,274,,,71,126,104,54,71,213,123,33,180,89,70,42,341,322,321,68,323,137,337,309,184,1,125,310,,85,,,b'\x11\xe8\xe1I\xc8\xd6\x18\xb0\xaf\x82\x12\xdf\x17\xaeN\x1e'
11E8E149-C8D6-18B0-AF82-12DF17AE4E1E,2019-ncaa-d1-conf-Southland,ncaa,1,1,4,1,8,2,2,2,4,2,3,4,2,2,8,2,11,10,12,8,11,2,3,4,6,4,6,4,13,2,5,12,4,6,8,3,7,1,1,1,1,1,7,5,,,5,5,,,1,4,2,12,1,1,1,1,4,2,1,11,9,8,1,2,1,11,7,3,1,1,6,,5,,,1,2,2,1,5,2,1,6,3,2,4,6,6,4,12,4,8,1,10,5,6,2,8,7,9,1,4,12,5,9,8,4,9,1,1,1,1,1,5,3,,,9,12,,,1,10,4,2,2,2,2,1,2,1,3,3,5,4,4,1,8,1,12,9,4,1,1,5,,12,,,b'\x11\xe8\xe1I\xc8\xd6\x18\xb0\xaf\x82\x12\xdf\x17\xaeN\x1e'
11E8E149-C8D6-18B0-AF82-12DF17AE4E1E,2019-ncaa-d1-natl,ncaa,51,18,155,32,167,56,51,28,153,70,71,112,58,36,203,103,119,66,307,64,138,27,37,138,173,109,153,120,253,11,35,300,226,121,176,94,252,92,31,77,1,1,175,135,,,314,299,,,20,53,13,46,18,18,2,35,51,53,24,94,47,45,2,3,4,322,83,83,113,1,166,,331,,,14,100,58,20,222,102,77,221,28,24,125,48,328,312,304,311,331,47,263,195,261,28,204,29,345,74,226,312,35,251,176,99,207,2,2,1,57,31,245,188,,,120,274,,,20,291,65,20,27,131,64,18,119,65,32,26,330,315,315,41,314,104,321,281,115,1,83,256,,93,,,b'\x11\xe8\xe1I\xc8\xd6\x18\xb0\xaf\x82\x12\xdf\x17\xaeN\x1e'
11E8E149-C8D6-18B0-AF82-12DF17AE4E1E,2020-ncaa-d0-natl,ncaa,295,258,312,292,319,330,330,277,335,305,235,330,281,252,321,207,290,258,298,260,195,286,285,336,335,325,215,206,136,238,267,343,305,343,332,336,320,157,218,311,126,85,191,169,,,261,327,,,285,290,105,176,304,302,152,256,132,260,195,252,185,183,172,122,192,337,323,334,234,87,158,,325,,,293,81,57,16,309,187,101,294,3,3,85,8,311,294,255,293,305,25,46,245,297,179,43,3,341,107,305,246,267,193,332,99,176,74,28,56,194,248,189,212,,,201,87,,,285,49,327,181,297,209,162,36,289,214,4,3,339,329,330,94,223,209,332,307,173,29,258,242,,79,,,b'\x11\xe8\xe1I\xc8\xd6\x18\xb0\xaf\x82\x12\xdf\x17\xaeN\x1e'
11E8E149-C8D6-18B0-AF82-12DF17AE4E1E,2020-ncaa-d1-conf-Southland,ncaa,10,10,1,10,3,10,9,2,12,8,7,10,8,5,10,5,12,11,11,11,10,4,6,12,13,11,9,6,11,7,12,12,10,12,13,10,11,7,6,10,6,6,4,4,,,10,9,,,10,5,6,3,10,9,2,8,7,8,5,12,11,11,4,6,7,12,12,10,7,6,4,,10,,,10,7,6,6,10,9,10,10,2,2,5,2,12,10,13,10,10,6,8,8,9,7,4,2,11,8,10,13,12,13,13,8,9,5,4,5,8,6,8,8,,,7,8,,,10,8,12,7,10,7,6,6,9,10,2,2,12,10,10,6,8,8,13,13,8,5,8,8,,7,,,b'\x11\xe8\xe1I\xc8\xd6\x18\xb0\xaf\x82\x12\xdf\x17\xaeN\x1e'
11E8E149-C8D6-18B0-AF82-12DF17AE4E1E,2020-ncaa-d1-natl,ncaa,276,257,257,278,283,293,291,192,327,251,153,319,267,214,314,211,252,211,290,207,198,204,204,330,328,310,227,215,145,174,237,335,293,316,323,324,308,190,190,294,59,47,168,167,,,296,319,,,259,211,93,183,275,266,114,223,103,255,190,227,163,165,113,94,146,335,295,316,220,42,154,,320,,,259,110,88,19,297,227,160,278,2,2,58,7,322,312,225,308,304,43,121,217,274,112,33,3,341,147,293,300,237,268,323,118,179,22,18,32,215,222,217,200,,,115,99,,,259,126,311,110,263,161,128,27,266,208,3,2,333,324,323,68,230,193,332,305,147,16,243,241,,72,,,b'\x11\xe8\xe1I\xc8\xd6\x18\xb0\xaf\x82\x12\xdf\x17\xaeN\x1e'
11E8E149-C8D6-18B0-AF82-12DF17AE4E1E,2021-ncaa-d0-natl,ncaa,174,250,89,204,92,144,151,111,270,111,57,282,212,198,256,280,79,106,71,96,195,107,113,282,260,241,231,278,53,136,254,189,231,169,303,179,248,221,146,227,44,54,260,295,,,303,302,,,262,108,146,34,230,227,157,167,73,277,267,86,130,121,140,148,199,308,295,259,156,49,303,,303,,,245,255,230,173,295,247,195,300,158,148,171,99,334,331,198,331,321,206,236,283,306,200,179,62,321,201,231,299,254,272,303,263,261,28,24,93,192,120,238,145,,,62,58,,,262,244,247,181,234,214,159,45,202,92,90,75,328,316,316,85,207,129,293,244,224,24,127,192,,70,,,b'\x11\xe8\xe1I\xc8\xd6\x18\xb0\xaf\x82\x12\xdf\x17\xaeN\x1e'
11E8E149-C8D6-18B0-AF82-12DF17AE4E1E,2021-ncaa-d1-conf-Southland,ncaa,6,5,4,5,4,6,6,5,8,6,4,9,6,8,4,9,4,5,2,4,12,5,5,7,6,5,10,9,6,6,8,8,11,7,11,3,7,5,3,4,4,3,10,9,,,6,4,,,4,6,8,1,4,4,4,5,2,7,9,3,8,7,4,4,6,10,11,5,4,3,10,,4,,,4,9,8,7,9,6,5,9,11,11,8,11,7,7,8,7,9,8,9,11,10,8,9,10,4,9,11,11,8,9,11,9,9,4,3,7,4,4,10,10,,,4,5,,,4,10,5,7,4,7,8,6,6,5,9,8,6,6,6,6,8,7,9,10,9,3,4,11,,4,,,b'\x11\xe8\xe1I\xc8\xd6\x18\xb0\xaf\x82\x12\xdf\x17\xaeN\x1e'
11E8E149-C8D6-18B0-AF82-12DF17AE4E1E,2021-ncaa-d1-natl,ncaa,184,250,105,214,109,159,164,123,275,120,69,286,219,204,256,277,89,118,70,109,199,123,130,286,267,247,231,276,53,157,260,212,236,193,307,196,248,208,148,233,53,59,268,297,,,296,303,,,269,124,151,30,237,237,163,174,74,277,266,88,135,127,147,156,205,308,301,266,155,51,306,,303,,,254,241,215,155,297,239,183,298,149,137,182,96,329,325,197,325,322,187,222,286,307,216,174,60,321,188,236,287,260,258,307,255,262,33,24,98,180,123,231,147,,,71,62,,,269,227,255,196,246,220,166,45,211,93,90,72,329,316,315,85,207,132,294,244,228,27,129,194,,75,,,b'\x11\xe8\xe1I\xc8\xd6\x18\xb0\xaf\x82\x12\xdf\x17\xaeN\x1e'
11E8E149-C8D6-18B0-AF82-12DF17AE4E1E,2022-ncaa-d0-natl,ncaa,214,180,260,216,262,266,288,321,149,293,284,261,196,283,12,229,148,118,266,118,28,303,304,132,122,158,69,135,50,276,193,282,168,290,172,217,70,131,252,183,283,234,289,279,,,84,226,,,204,305,311,24,226,284,341,289,266,162,268,86,59,61,297,300,247,263,276,179,206,251,284,,176,,,208,72,83,52,250,113,72,266,88,78,153,170,90,95,157,92,198,49,56,234,237,218,116,134,167,63,168,37,193,36,172,146,233,233,124,208,138,247,74,155,,,78,1,,,204,62,176,198,195,151,166,86,188,108,129,120,147,150,151,86,84,119,79,79,211,169,207,102,,11,,,b'\x11\xe8\xe1I\xc8\xd6\x18\xb0\xaf\x82\x12\xdf\x17\xaeN\x1e'
11E8E149-C8D6-18B0-AF82-12DF17AE4E1E,2022-ncaa-d1-conf-WAC,ncaa,7,8,2,8,2,8,11,10,6,9,5,9,8,9,1,10,3,3,4,3,6,10,9,7,6,6,5,8,2,7,7,8,4,10,5,8,8,8,8,8,8,11,11,10,,,5,7,,,6,9,13,4,11,11,13,11,7,8,10,4,4,4,13,12,8,11,12,8,5,11,11,,5,,,6,6,8,5,10,8,6,10,6,5,11,7,6,5,10,4,5,6,5,11,10,8,4,6,4,4,4,4,7,4,5,6,7,5,4,7,4,7,9,8,,,2,1,,,6,6,5,7,6,4,6,3,6,3,6,4,5,4,4,2,1,3,2,3,5,7,2,7,,2,,,b'\x11\xe8\xe1I\xc8\xd6\x18\xb0\xaf\x82\x12\xdf\x17\xaeN\x1e'
11E8E149-C8D6-18B0-AF82-12DF17AE4E1E,2022-ncaa-d1-natl,ncaa,199,180,213,200,218,219,256,305,136,272,266,244,170,265,13,222,127,99,255,104,33,276,282,119,106,152,75,132,63,240,194,248,171,260,164,188,69,167,243,173,249,216,266,249,,,144,233,,,180,281,305,24,217,263,332,281,260,149,257,97,71,73,296,286,230,240,262,161,203,227,266,,191,,,179,94,96,72,211,129,98,243,97,97,105,171,138,149,130,147,222,72,83,200,198,169,121,122,201,91,171,68,194,67,164,159,226,193,120,176,163,235,78,138,,,48,1,,,180,87,162,156,168,128,134,77,167,109,104,121,161,185,185,87,90,131,86,96,180,156,198,89,,11,,,b'\x11\xe8\xe1I\xc8\xd6\x18\xb0\xaf\x82\x12\xdf\x17\xaeN\x1e'
11E8E149-C8D6-18B0-AF82-12DF17AE4E1E,2023-ncaa-d0-natl,ncaa,135,91,236,116,243,214,205,296,95,235,259,178,143,237,11,167,285,306,129,302,266,300,293,79,94,141,134,99,293,141,34,204,125,178,33,197,177,184,274,206,332,316,298,297,,,127,259,,,124,316,337,50,187,174,298,219,238,111,212,275,295,294,303,281,112,154,113,172,240,325,302,,170,,,120,41,52,59,153,84,83,171,58,87,67,142,88,164,9,154,226,63,46,130,111,154,92,104,192,75,125,7,34,8,33,38,95,299,245,190,205,279,170,220,,,257,157,,,124,49,112,145,111,73,92,70,145,117,75,107,136,209,201,82,45,111,8,17,55,296,245,201,,215,,,b'\x11\xe8\xe1I\xc8\xd6\x18\xb0\xaf\x82\x12\xdf\x17\xaeN\x1e'
11E8E149-C8D6-18B0-AF82-12DF17AE4E1E,2023-ncaa-d1-conf-Southland,ncaa,2,3,1,3,1,1,1,1,1,4,5,4,1,1,1,3,5,6,1,6,8,2,4,1,1,1,3,3,10,2,1,2,2,1,1,2,6,7,4,3,10,10,7,8,,,8,6,,,3,3,9,4,1,1,5,5,7,2,3,7,10,10,8,8,2,2,1,3,4,10,7,,5,,,3,6,7,8,4,7,7,5,6,7,1,7,6,7,3,7,4,8,8,4,4,6,2,5,4,4,2,2,1,2,1,4,2,8,9,7,5,5,6,6,,,3,4,,,3,8,1,4,3,3,4,4,4,4,4,7,3,4,3,4,1,2,1,1,3,10,4,3,,6,,,b'\x11\xe8\xe1I\xc8\xd6\x18\xb0\xaf\x82\x12\xdf\x17\xaeN\x1e'
11E8E149-C8D6-18B0-AF82-12DF17AE4E1E,2023-ncaa-d1-natl,ncaa,98,91,103,103,109,166,148,200,98,177,187,179,121,205,16,186,236,259,120,247,264,216,187,88,99,143,155,117,281,106,40,142,130,120,39,150,169,262,271,199,298,302,286,301,,,166,209,,,124,232,332,68,194,177,288,198,215,131,220,265,290,282,293,276,109,167,120,163,238,314,301,,140,,,124,111,133,143,170,173,182,174,85,115,96,124,136,211,9,202,201,145,122,140,118,146,82,107,179,124,130,24,40,34,39,72,75,243,231,169,268,272,203,203,,,161,123,,,124,132,114,150,118,75,97,70,150,131,78,89,117,195,189,77,49,107,13,20,50,275,247,195,,192,,,b'\x11\xe8\xe1I\xc8\xd6\x18\xb0\xaf\x82\x12\xdf\x17\xaeN\x1e'
11E8E149-C8D6-18B0-AF82-12DF17AE4E1E,2024-ncaa-d0-natl,ncaa,65,30,258,42,289,209,185,239,128,125,149,124,316,309,309,302,173,174,162,170,188,224,276,189,178,142,318,326,110,104,40,222,34,172,29,216,236,30,76,117,199,127,337,319,,,110,261,,,86,316,286,263,163,141,177,59,77,312,295,111,124,121,160,221,53,156,90,193,68,164,334,,175,,,81,22,12,20,134,41,53,144,19,25,80,73,198,172,266,162,270,23,29,104,163,95,147,53,320,4,34,38,40,15,29,31,160,180,72,65,74,133,37,24,,,191,86,,,86,53,104,59,74,42,30,15,67,76,20,32,236,224,214,28,34,16,75,34,58,129,115,48,,119,,,b'\x11\xe8\xe1I\xc8\xd6\x18\xb0\xaf\x82\x12\xdf\x17\xaeN\x1e'
11E8E149-C8D6-18B0-AF82-12DF17AE4E1E,2024-ncaa-d1-conf-Southland,ncaa,1,1,2,1,4,2,2,3,1,1,3,2,7,7,4,8,4,4,5,4,7,4,5,1,1,1,9,8,6,1,1,5,1,1,1,2,5,4,3,1,5,4,9,9,,,6,8,,,1,6,9,7,1,1,4,1,3,7,7,6,5,5,5,5,1,6,1,2,4,5,9,,7,,,1,1,3,1,6,5,2,7,1,1,2,1,5,7,5,7,8,1,4,4,5,3,2,1,7,1,1,1,1,1,1,2,2,4,1,1,4,4,3,1,,,2,2,,,1,5,1,2,1,1,2,1,3,2,1,1,5,5,5,1,1,1,1,1,2,4,4,2,,3,,,b'\x11\xe8\xe1I\xc8\xd6\x18\xb0\xaf\x82\x12\xdf\x17\xaeN\x1e'
11E8E149-C8D6-18B0-AF82-12DF17AE4E1E,2024-ncaa-d1-natl,ncaa,48,30,194,38,238,170,152,198,109,84,116,102,314,304,315,307,124,124,163,123,171,189,245,167,158,126,328,333,101,85,37,206,39,157,31,195,238,41,67,109,126,72,330,312,,,130,246,,,68,289,287,264,147,122,183,48,77,316,300,96,103,104,147,219,57,191,106,183,66,116,329,,158,,,62,22,19,21,133,51,57,154,28,38,67,108,197,176,276,171,262,23,45,108,165,80,164,70,310,11,39,44,37,17,31,42,161,118,48,46,83,126,38,18,,,153,79,,,68,85,87,43,55,34,26,10,61,55,28,42,210,191,188,14,31,17,71,28,54,93,110,39,,116,,,b'\x11\xe8\xe1I\xc8\xd6\x18\xb0\xaf\x82\x12\xdf\x17\xaeN\x1e'
11E8E149-C8D6-18B0-AF82-12DF17AE4E1E,2025-ncaa-d0-natl,genius_ncaa,96,37,301,60,319,234,205,282,99,124,108,173,333,350,122,350,217,217,193,216,273,271,309,161,161,137,348,338,153,120,34,295,94,230,41,192,168,42,123,119,190,101,267,231,,,78,261,,278,74,339,294,167,154,116,172,45,31,326,352,136,138,134,166,215,49,232,126,138,107,137,242,,173,,328,63,4,5,6,79,14,43,37,15,8,228,34,109,88,284,82,202,8,18,57,93,39,183,86,316,18,94,11,34,6,41,40,299,140,34,61,111,206,306,269,,,170,48,,39,74,26,101,30,63,22,13,15,44,109,32,14,184,159,152,17,46,48,49,42,99,68,193,340,,63,,24,b'\x11\xe8\xe1I\xc8\xd6\x18\xb0\xaf\x82\x12\xdf\x17\xaeN\x1e'
11E8E149-C8D6-18B0-AF82-12DF17AE4E1E,2025-ncaa-d1-conf-Southland,genius_ncaa,3,2,6,3,8,3,3,6,2,2,2,2,9,10,3,11,6,7,5,7,10,5,9,2,2,2,11,11,8,4,1,9,3,5,2,2,5,2,2,1,7,6,9,9,,,2,4,,11,3,10,10,7,2,2,5,1,3,9,11,5,5,5,5,7,3,9,6,2,2,7,9,,2,,11,2,2,2,2,4,2,4,1,2,1,12,2,2,1,11,1,2,1,1,5,5,2,5,9,4,1,3,1,1,1,2,4,12,5,2,4,2,2,12,11,,,4,1,,2,3,2,2,2,2,2,2,2,2,4,2,1,2,2,2,2,2,1,1,1,4,2,2,12,,3,,2,b'\x11\xe8\xe1I\xc8\xd6\x18\xb0\xaf\x82\x12\xdf\x17\xaeN\x1e'
11E8E149-C8D6-18B0-AF82-12DF17AE4E1E,2025-ncaa-d1-natl,genius_ncaa,78,37,244,56,272,179,144,235,82,79,82,159,316,349,70,348,172,169,184,170,261,224,259,140,131,121,344,330,150,83,22,261,76,184,28,156,161,73,126,109,150,89,261,232,,,115,252,,288,58,312,287,181,126,95,169,40,29,315,349,118,123,124,161,203,46,226,110,114,119,123,251,,167,,321,49,10,5,12,71,21,57,43,19,13,185,49,150,125,258,121,222,16,30,60,94,33,188,82,319,19,76,12,22,7,28,48,279,93,29,48,159,211,318,258,,,132,47,,32,58,55,87,25,44,17,12,13,37,85,29,19,197,174,166,17,50,39,33,24,80,58,198,334,,60,,24,b'\x11\xe8\xe1I\xc8\xd6\x18\xb0\xaf\x82\x12\xdf\x17\xaeN\x1e'
11E8E149-C8D6-18B0-AF82-12DF17AE4E1E,2026-ncaa-d0-natl,genius_ncaa,260,152,327,241,328,333,340,345,214,323,319,273,339,353,144,320,256,256,197,255,84,341,344,244,218,229,191,295,35,276,80,349,261,346,195,351,349,45,255,327,293,149,351,329,,,122,363,,118,218,350,302,21,240,266,299,207,144,298,329,67,61,61,242,206,110,341,283,342,248,160,332,,357,,271,231,12,10,9,271,34,16,306,2,8,38,51,175,156,245,145,336,11,13,222,273,236,108,9,353,25,261,10,80,9,195,14,123,310,96,112,58,242,76,199,,,303,48,,241,218,16,210,223,225,203,140,33,250,128,14,39,341,337,336,98,116,160,93,104,114,121,240,223,,65,,157,b'\x11\xe8\xe1I\xc8\xd6\x18\xb0\xaf\x82\x12\xdf\x17\xaeN\x1e'
11E8E149-C8D6-18B0-AF82-12DF17AE4E1E,2026-ncaa-d1-conf-Southland,genius_ncaa,1,1,2,1,3,5,6,5,4,5,3,6,3,7,3,7,3,4,5,4,4,4,4,4,3,5,4,3,2,3,2,2,3,3,2,4,4,3,3,5,2,2,4,3,,,6,7,,5,3,5,3,2,4,5,4,4,2,3,6,2,3,3,3,3,2,1,2,3,3,2,3,,7,,5,3,2,1,1,1,1,2,1,1,5,2,5,7,6,4,6,7,4,4,1,1,1,6,2,7,3,3,3,2,4,2,3,5,5,4,3,3,5,6,7,,,4,4,,5,3,3,5,1,3,2,1,1,1,2,1,5,7,7,7,4,4,3,4,4,4,4,4,7,,3,,5,b'\x11\xe8\xe1I\xc8\xd6\x18\xb0\xaf\x82\x12\xdf\x17\xaeN\x1e'
11E8E149-C8D6-18B0-AF82-12DF17AE4E1E,2026-ncaa-d1-natl,genius_ncaa,256,152,345,230,346,354,358,356,265,347,334,306,348,360,175,318,227,227,202,226,67,356,356,290,249,259,160,291,21,280,85,361,277,357,202,361,353,55,267,341,251,92,350,329,,,122,358,,125,224,361,313,21,269,304,318,259,160,307,329,65,52,56,266,232,104,352,314,352,250,102,333,,342,,269,226,7,5,4,266,26,5,319,3,7,23,81,143,133,212,122,329,5,5,218,274,170,91,11,344,19,277,8,85,5,202,11,105,255,36,57,53,226,83,199,,,302,46,,245,224,3,241,167,210,138,97,11,208,62,12,42,313,308,298,40,97,139,100,107,75,63,213,210,,79,,169,b'\x11\xe8\xe1I\xc8\xd6\x18\xb0\xaf\x82\x12\xdf\x17\xaeN\x1e'
11E8E149-C8DA-C586-AF82-12DF17AE4E1E,2010-ncaa-d0-natl,ncaa,8,6,50,7,64,85,99,120,113,135,195,62,91,55,210,74,68,57,218,58,33,100,106,97,97,92,95,119,120,202,272,65,34,112,159,59,41,160,112,60,55,54,105,96,,,145,83,,,36,85,207,146,132,160,229,194,273,114,80,106,87,92,197,240,274,123,209,68,84,76,127,,69,,,36,80,92,192,47,104,155,75,152,240,25,264,94,95,155,101,119,176,241,47,31,14,177,200,134,97,34,290,272,226,159,239,310,28,24,73,154,116,271,282,,,63,62,,,36,261,118,11,34,16,25,51,39,40,99,194,51,55,57,34,95,31,215,111,157,53,98,232,,110,,,b'\x11\xe8\xe1I\xc8\xda\xc5\x86\xaf\x82\x12\xdf\x17\xaeN\x1e'
11E8E149-C8DA-C586-AF82-12DF17AE4E1E,2010-ncaa-d1-conf-Patriot,ncaa,1,1,1,1,1,2,1,2,1,1,1,1,4,4,5,5,1,1,5,1,1,1,1,3,3,3,6,6,3,2,3,1,1,2,3,1,3,7,3,4,1,1,3,3,,,5,3,,,2,1,1,4,2,1,2,1,3,4,5,1,1,1,1,1,5,3,4,1,5,1,3,,3,,,2,3,3,5,2,3,6,3,4,4,2,4,4,3,3,3,3,4,8,2,2,1,4,4,4,1,1,8,3,6,3,6,8,1,1,1,8,4,8,7,,,1,1,,,2,8,3,1,2,2,1,1,1,2,2,3,3,3,3,1,6,1,6,4,4,1,5,8,,1,,,b'\x11\xe8\xe1I\xc8\xda\xc5\x86\xaf\x82\x12\xdf\x17\xaeN\x1e'
11E8E149-C8DA-C586-AF82-12DF17AE4E1E,2010-ncaa-d1-natl,ncaa,8,6,53,7,70,96,109,130,115,142,203,63,94,59,213,76,75,60,219,61,32,109,119,98,99,94,95,119,117,215,274,73,35,125,161,63,42,147,115,61,61,58,110,97,,,126,84,,,38,97,209,146,135,166,230,200,272,114,82,106,88,92,199,244,277,124,211,71,87,82,130,,70,,,39,63,78,180,50,92,136,80,147,232,25,263,85,87,153,92,119,158,228,50,33,15,177,200,135,84,35,281,274,211,161,231,309,30,24,78,145,119,267,285,,,71,62,,,38,250,120,11,37,16,26,53,42,40,97,192,51,55,57,35,96,32,218,113,164,59,100,235,,108,,,b'\x11\xe8\xe1I\xc8\xda\xc5\x86\xaf\x82\x12\xdf\x17\xaeN\x1e'
11E8E149-C8DA-C586-AF82-12DF17AE4E1E,2010-ncaa-d1-ncaatournament,ncaa,33,2,33,33,34,59,64,63,63,64,62,64,44,39,45,8,33,39,3,39,6,60,61,62,57,57,2,15,1,62,62,60,57,63,63,62,35,18,50,62,43,26,25,7,,,14,45,,,61,52,47,9,59,64,60,64,62,28,11,12,25,25,58,60,62,60,63,62,41,24,7,,39,,,62,22,25,15,57,16,15,56,27,19,55,38,14,7,63,6,27,10,10,60,61,60,38,41,30,18,57,22,62,18,63,17,20,48,32,39,3,11,14,43,,,41,17,,,61,9,61,61,63,52,53,29,41,30,43,33,37,24,22,25,23,41,53,49,42,35,7,23,,26,,,b'\x11\xe8\xe1I\xc8\xda\xc5\x86\xaf\x82\x12\xdf\x17\xaeN\x1e'
11E8E149-C8DA-C586-AF82-12DF17AE4E1E,2011-ncaa-d0-natl,ncaa,71,60,77,67,82,111,132,130,148,196,214,133,52,47,90,57,120,133,163,134,76,126,145,105,106,94,51,52,177,258,299,86,126,152,241,88,61,114,111,74,94,110,93,89,,,157,120,,,71,111,215,67,142,175,211,241,281,53,61,149,153,156,208,251,296,128,244,101,82,106,110,,107,,,70,115,140,230,68,92,184,46,248,250,220,260,50,64,73,65,62,191,227,88,60,49,221,293,60,194,126,273,299,264,241,252,304,74,76,146,128,122,228,260,,,125,123,,,71,227,132,50,74,67,96,151,60,108,240,230,33,42,41,106,137,145,228,195,204,100,105,203,,181,,,b'\x11\xe8\xe1I\xc8\xda\xc5\x86\xaf\x82\x12\xdf\x17\xaeN\x1e'
11E8E149-C8DA-C586-AF82-12DF17AE4E1E,2011-ncaa-d1-conf-Patriot,ncaa,3,2,3,3,4,2,2,1,3,1,4,1,3,3,5,4,2,1,4,1,1,1,1,3,3,3,4,5,3,2,6,4,5,4,5,3,6,4,1,3,1,1,4,4,,,4,3,,,1,1,1,5,1,1,1,1,4,3,2,2,2,2,1,1,4,4,3,3,4,1,3,,5,,,1,4,4,5,5,3,7,4,5,4,7,4,2,2,3,2,2,3,8,5,5,1,5,6,2,5,5,8,6,8,5,5,6,1,1,2,4,2,7,6,,,2,3,,,1,8,3,1,2,5,5,4,5,6,6,4,2,2,2,4,6,5,6,5,5,1,4,7,,2,,,b'\x11\xe8\xe1I\xc8\xda\xc5\x86\xaf\x82\x12\xdf\x17\xaeN\x1e'
11E8E149-C8DA-C586-AF82-12DF17AE4E1E,2011-ncaa-d1-natl,ncaa,76,57,95,72,101,127,150,149,155,211,242,138,60,52,94,58,132,144,165,147,76,146,169,109,109,99,47,54,172,275,302,99,129,183,247,102,61,94,112,76,107,115,101,92,,,140,121,,,78,129,216,67,146,180,216,247,284,55,62,149,154,160,210,254,298,132,248,108,84,115,112,,107,,,77,96,124,209,74,81,157,49,241,240,221,258,43,53,81,54,60,164,206,93,64,52,220,289,59,178,129,259,302,249,247,244,304,89,82,155,116,124,220,267,,,143,123,,,78,207,138,52,80,71,101,152,64,111,239,230,33,44,43,113,140,149,231,196,204,105,105,207,,178,,,b'\x11\xe8\xe1I\xc8\xda\xc5\x86\xaf\x82\x12\xdf\x17\xaeN\x1e'
11E8E149-C8DA-C586-AF82-12DF17AE4E1E,2012-ncaa-d0-natl,ncaa,139,107,163,128,167,214,243,235,238,248,252,213,178,146,244,116,125,166,67,168,84,224,198,232,188,233,86,142,52,199,184,122,64,161,101,135,24,250,278,191,200,172,189,207,,,23,22,,,147,196,202,50,220,259,241,256,257,163,135,102,150,156,237,194,197,74,126,105,261,196,191,,24,,,147,58,131,178,107,124,174,88,179,165,216,209,9,9,200,8,5,102,122,115,74,71,85,268,8,93,64,121,184,102,101,249,302,175,142,226,281,297,271,312,,,195,161,,,147,137,236,57,153,86,163,215,147,212,199,191,6,7,5,126,125,108,153,126,255,162,288,286,,172,,,b'\x11\xe8\xe1I\xc8\xda\xc5\x86\xaf\x82\x12\xdf\x17\xaeN\x1e'
11E8E149-C8DA-C586-AF82-12DF17AE4E1E,2012-ncaa-d1-conf-Patriot,ncaa,3,2,3,3,3,2,3,5,2,2,6,2,5,4,6,5,1,1,2,1,1,4,2,3,2,4,3,5,2,5,4,4,2,4,4,2,3,8,7,5,2,2,3,4,,,5,4,,,2,2,2,2,1,4,4,3,5,5,6,2,2,2,3,2,6,4,2,2,7,2,3,,4,,,2,6,6,5,6,4,4,3,7,6,7,5,2,2,5,2,3,4,7,6,6,2,8,8,3,4,2,3,4,4,4,7,8,2,2,3,8,7,8,8,,,2,6,,,2,7,5,2,3,4,5,4,3,5,7,6,2,2,2,5,7,4,4,4,8,2,7,8,,4,,,b'\x11\xe8\xe1I\xc8\xda\xc5\x86\xaf\x82\x12\xdf\x17\xaeN\x1e'
11E8E149-C8DA-C586-AF82-12DF17AE4E1E,2012-ncaa-d1-natl,ncaa,143,107,196,131,204,238,267,260,249,269,281,223,183,149,244,115,136,178,63,180,83,253,241,237,195,238,85,143,50,220,188,134,71,187,110,153,24,231,279,198,217,180,201,210,,,16,24,,,155,232,204,46,224,269,249,265,263,162,135,103,149,156,243,202,201,76,137,111,263,200,194,,25,,,154,45,112,152,118,108,149,94,162,150,219,208,7,5,204,5,5,74,85,123,77,77,83,268,10,74,71,102,188,67,110,241,304,202,149,235,270,299,266,314,,,213,159,,,155,103,246,67,161,91,168,217,153,214,201,191,6,7,5,125,124,108,157,128,262,167,289,286,,173,,,b'\x11\xe8\xe1I\xc8\xda\xc5\x86\xaf\x82\x12\xdf\x17\xaeN\x1e'
11E8E149-C8DA-C586-AF82-12DF17AE4E1E,2013-ncaa-d0-natl,ncaa,177,166,183,180,203,257,281,242,296,258,258,236,236,161,329,119,145,169,85,176,99,234,221,297,276,279,139,201,44,207,208,58,14,99,56,184,34,223,256,207,245,234,146,121,,,59,91,,,159,213,208,112,272,293,241,261,259,238,142,118,156,169,234,202,189,13,43,168,246,241,140,,65,,,159,34,51,151,29,24,104,23,234,229,201,273,28,30,167,31,56,103,93,49,35,57,279,308,76,33,14,173,208,98,56,209,331,241,221,258,205,237,248,288,,,211,188,,,159,128,283,41,163,55,69,178,37,119,264,259,40,42,43,125,102,47,214,118,233,242,222,258,,203,,,b'\x11\xe8\xe1I\xc8\xda\xc5\x86\xaf\x82\x12\xdf\x17\xaeN\x1e'
11E8E149-C8DA-C586-AF82-12DF17AE4E1E,2013-ncaa-d1-conf-Patriot,ncaa,5,5,5,5,6,3,6,6,5,5,6,4,6,4,8,4,1,1,2,1,1,6,6,5,5,5,5,6,1,5,7,4,2,4,2,4,4,7,8,6,4,5,4,4,,,4,4,,,5,4,1,4,3,5,4,3,5,6,4,1,1,1,2,2,4,1,1,4,8,3,3,,6,,,5,4,4,4,3,3,3,2,7,6,7,6,5,4,8,4,5,4,4,4,4,5,8,6,6,3,2,3,7,3,2,6,8,4,6,6,7,7,5,5,,,2,3,,,5,5,5,4,5,6,4,7,3,6,7,6,6,5,5,7,8,4,6,5,7,3,7,6,,2,,,b'\x11\xe8\xe1I\xc8\xda\xc5\x86\xaf\x82\x12\xdf\x17\xaeN\x1e'
11E8E149-C8DA-C586-AF82-12DF17AE4E1E,2013-ncaa-d1-natl,ncaa,186,165,210,186,231,275,296,265,302,274,274,242,246,168,331,119,154,185,88,191,97,256,248,300,277,284,135,200,40,226,209,67,16,113,56,198,34,214,258,212,263,241,153,123,,,51,91,,,167,245,208,99,278,298,245,268,263,237,142,115,157,165,238,203,194,15,44,174,246,248,144,,65,,,167,26,39,124,30,19,81,26,226,222,202,270,24,26,167,28,57,73,64,50,37,62,277,308,76,25,16,157,209,72,56,203,328,264,230,263,195,237,242,293,,,227,183,,,167,97,291,49,171,56,74,180,38,117,262,258,42,42,44,128,101,48,216,121,236,245,223,260,,200,,,b'\x11\xe8\xe1I\xc8\xda\xc5\x86\xaf\x82\x12\xdf\x17\xaeN\x1e'
11E8E149-C8DA-C586-AF82-12DF17AE4E1E,2014-ncaa-d0-natl,ncaa,197,224,131,219,162,139,134,112,194,115,103,214,193,180,209,211,127,120,188,122,187,110,89,217,209,234,207,217,138,142,182,84,144,99,159,134,147,293,241,219,99,143,111,126,,,180,103,,,210,79,33,229,139,137,85,121,100,201,188,118,114,119,81,52,145,55,78,127,287,102,108,,172,,,207,265,285,289,186,253,263,162,288,260,273,226,107,106,177,106,63,264,267,203,174,180,173,264,55,243,144,263,182,259,159,339,332,123,174,284,160,116,200,152,,,132,212,,,210,264,240,182,213,265,285,322,240,275,300,273,109,99,99,302,299,230,258,265,331,122,166,201,,134,,,b'\x11\xe8\xe1I\xc8\xda\xc5\x86\xaf\x82\x12\xdf\x17\xaeN\x1e'
11E8E149-C8DA-C586-AF82-12DF17AE4E1E,2014-ncaa-d1-conf-Patriot,ncaa,8,8,3,8,5,5,3,2,7,2,1,7,9,8,10,9,3,4,6,3,8,2,1,8,7,8,10,10,4,2,4,2,7,2,7,6,8,10,9,9,1,1,3,4,,,8,6,,,8,2,1,9,6,4,2,2,1,9,8,3,3,3,2,1,2,2,3,8,10,1,3,,8,,,8,9,8,10,7,8,9,7,10,10,6,6,5,5,6,5,3,10,10,7,7,5,5,7,3,9,7,8,4,8,7,9,6,1,3,4,10,8,7,4,,,3,6,,,8,9,8,5,7,8,9,9,8,9,9,10,5,4,4,10,10,9,8,8,9,1,10,9,,3,,,b'\x11\xe8\xe1I\xc8\xda\xc5\x86\xaf\x82\x12\xdf\x17\xaeN\x1e'
11E8E149-C8DA-C586-AF82-12DF17AE4E1E,2014-ncaa-d1-natl,ncaa,211,223,145,224,190,160,157,129,201,131,117,219,201,189,210,210,139,130,187,132,188,133,111,223,215,236,202,216,135,159,189,94,152,114,163,150,154,281,246,225,112,146,120,133,,,162,108,,,220,93,35,230,150,142,89,126,99,203,188,121,115,120,85,56,148,60,82,136,288,108,112,,173,,,220,247,273,278,191,238,247,169,284,252,276,225,101,95,182,96,63,245,257,208,180,187,169,265,54,220,152,243,189,241,163,335,332,141,179,292,148,120,191,153,,,152,215,,,220,251,247,190,222,272,291,322,248,278,297,273,110,98,100,300,298,237,259,269,332,123,165,209,,135,,,b'\x11\xe8\xe1I\xc8\xda\xc5\x86\xaf\x82\x12\xdf\x17\xaeN\x1e'
11E8E149-C8DA-C586-AF82-12DF17AE4E1E,2015-ncaa-d0-natl,ncaa,116,86,172,106,208,123,123,208,61,105,151,70,205,239,113,244,88,70,200,72,66,171,185,81,81,78,209,232,86,159,87,90,45,106,33,131,167,111,132,111,289,300,302,329,,,47,54,,,100,202,175,163,81,88,193,68,141,189,233,54,35,35,141,177,146,44,70,116,138,293,309,,56,,,96,139,198,244,125,238,285,108,114,128,136,103,75,38,337,39,23,206,136,102,92,180,56,109,84,76,45,49,87,47,33,269,281,309,314,325,132,149,86,81,,,118,70,,,100,163,66,156,87,167,240,307,277,325,119,130,93,53,55,263,141,83,61,56,289,311,154,83,,74,,,b'\x11\xe8\xe1I\xc8\xda\xc5\x86\xaf\x82\x12\xdf\x17\xaeN\x1e'
11E8E149-C8DA-C586-AF82-12DF17AE4E1E,2015-ncaa-d1-conf-Patriot,ncaa,3,6,1,6,1,1,2,1,2,2,1,4,3,4,3,8,1,1,9,1,1,1,1,4,5,3,8,8,3,1,1,1,2,1,2,3,7,6,4,5,7,7,7,10,,,8,3,,,3,1,1,5,1,2,1,2,2,7,6,1,1,1,1,1,2,1,1,3,5,7,10,,5,,,3,10,10,10,6,10,10,6,5,6,4,1,7,6,8,5,3,10,10,4,4,6,2,3,3,8,2,8,1,7,2,10,7,7,9,10,8,5,5,4,,,1,3,,,3,10,2,6,3,9,10,10,10,10,4,4,5,5,5,10,9,5,5,4,10,7,7,4,,1,,,b'\x11\xe8\xe1I\xc8\xda\xc5\x86\xaf\x82\x12\xdf\x17\xaeN\x1e'
11E8E149-C8DA-C586-AF82-12DF17AE4E1E,2015-ncaa-d1-natl,ncaa,106,86,143,100,175,115,123,209,64,101,150,75,204,234,112,245,62,52,200,54,53,164,174,87,82,82,199,231,69,154,91,63,38,91,30,120,159,119,139,108,294,309,308,329,,,54,60,,,100,182,170,158,85,106,206,78,149,190,233,44,30,30,144,174,156,36,62,116,140,298,312,,60,,,98,155,229,271,129,262,292,124,105,127,97,104,73,42,330,43,16,225,152,102,86,191,39,99,79,84,38,51,91,48,30,287,281,310,319,328,126,138,95,96,,,92,57,,,100,175,71,156,90,169,246,312,285,324,111,137,83,49,53,266,140,80,62,56,289,315,140,92,,58,,,b'\x11\xe8\xe1I\xc8\xda\xc5\x86\xaf\x82\x12\xdf\x17\xaeN\x1e'
11E8E149-C8DA-C586-AF82-12DF17AE4E1E,2016-ncaa-d0-natl,ncaa,136,111,175,133,183,141,195,226,145,249,273,169,90,113,50,91,83,92,120,84,14,204,197,106,91,118,33,80,51,189,159,58,41,94,53,161,107,181,209,163,319,329,261,275,,,15,13,,,113,199,206,28,116,185,230,250,273,71,100,50,50,46,192,189,185,16,43,145,201,326,261,,16,,,113,115,218,266,106,195,245,112,222,257,146,250,3,8,1,8,5,208,139,115,46,144,69,275,2,112,41,99,159,87,53,223,205,324,329,326,109,131,197,267,,,135,76,,,113,146,119,127,111,149,244,322,229,280,245,274,4,8,8,249,159,129,116,108,234,328,129,208,,85,,,b'\x11\xe8\xe1I\xc8\xda\xc5\x86\xaf\x82\x12\xdf\x17\xaeN\x1e'
11E8E149-C8DA-C586-AF82-12DF17AE4E1E,2016-ncaa-d1-conf-Patriot,ncaa,4,4,3,4,4,3,3,3,4,6,8,4,2,1,3,3,2,2,5,1,1,3,3,4,3,3,1,3,2,4,5,2,2,2,3,4,4,10,8,8,9,9,8,8,,,2,1,,,4,1,2,2,3,3,5,7,9,2,3,2,2,1,5,2,5,2,1,5,9,9,8,,2,,,4,7,10,10,7,10,10,5,8,7,9,3,2,2,2,2,2,9,9,7,4,7,2,5,1,6,2,7,5,6,3,10,6,9,10,9,7,4,9,9,,,1,4,,,4,10,3,7,4,7,9,10,10,10,8,5,2,2,2,8,8,5,6,6,9,9,6,9,,1,,,b'\x11\xe8\xe1I\xc8\xda\xc5\x86\xaf\x82\x12\xdf\x17\xaeN\x1e'
11E8E149-C8DA-C586-AF82-12DF17AE4E1E,2016-ncaa-d1-natl,ncaa,134,111,142,128,150,146,181,218,136,241,268,152,93,112,55,95,74,87,97,85,16,202,183,101,84,120,38,96,52,189,163,38,40,76,52,151,117,211,221,171,316,326,264,283,,,13,12,,,113,181,197,29,123,184,227,243,268,78,102,48,53,52,199,182,196,14,40,146,225,323,265,,16,,,111,126,241,287,105,210,260,112,230,266,131,250,3,5,2,6,4,223,158,114,41,136,64,272,2,120,40,107,163,92,52,237,208,320,329,322,125,151,197,267,,,110,72,,,113,165,128,134,111,148,247,322,232,284,241,276,4,7,7,257,164,126,113,101,238,326,156,206,,75,,,b'\x11\xe8\xe1I\xc8\xda\xc5\x86\xaf\x82\x12\xdf\x17\xaeN\x1e'
11E8E149-C8DA-C586-AF82-12DF17AE4E1E,2017-ncaa-d0-natl,ncaa,267,265,234,273,280,231,266,244,281,319,301,294,100,96,121,61,172,186,149,181,46,229,245,233,210,212,20,39,104,293,313,191,149,254,270,297,283,137,192,267,320,317,264,284,,,64,71,,,268,213,98,268,200,258,192,324,294,64,63,137,138,134,193,191,283,122,229,297,189,312,265,,94,,,268,200,235,195,263,254,192,294,146,196,95,206,100,70,289,64,79,165,131,243,237,278,64,131,85,119,149,236,313,200,270,238,195,269,258,287,141,187,86,185,,,134,49,,,268,133,240,269,268,269,302,293,304,263,193,235,126,106,102,267,224,174,307,267,279,250,182,115,,60,,,b'\x11\xe8\xe1I\xc8\xda\xc5\x86\xaf\x82\x12\xdf\x17\xaeN\x1e'
11E8E149-C8DA-C586-AF82-12DF17AE4E1E,2017-ncaa-d1-conf-Patriot,ncaa,9,9,7,9,9,9,9,9,8,10,10,8,2,2,3,1,7,7,5,6,2,10,9,6,5,6,1,2,6,10,10,8,5,10,8,10,10,4,8,10,10,9,7,8,,,3,4,,,9,8,2,9,7,8,7,10,10,2,2,6,6,6,8,7,10,5,9,10,6,9,7,,4,,,9,8,8,6,8,10,6,10,5,5,4,7,6,5,10,5,5,6,3,8,8,9,3,3,6,3,5,6,10,5,8,5,4,9,8,9,7,8,4,8,,,6,3,,,9,4,8,9,9,8,9,8,10,7,7,7,6,5,5,9,6,6,6,7,7,9,8,5,,5,,,b'\x11\xe8\xe1I\xc8\xda\xc5\x86\xaf\x82\x12\xdf\x17\xaeN\x1e'
11E8E149-C8DA-C586-AF82-12DF17AE4E1E,2017-ncaa-d1-natl,ncaa,269,265,217,271,288,229,280,250,284,320,306,294,102,92,131,65,145,166,126,160,38,242,245,238,209,216,20,42,82,294,313,167,139,251,264,304,293,153,205,280,316,321,273,296,,,63,72,,,278,202,89,270,202,263,199,323,291,72,66,112,124,118,197,185,286,109,223,301,207,309,274,,94,,,278,213,261,210,265,267,212,289,176,197,127,199,114,79,289,74,79,183,136,253,248,289,69,142,91,122,139,254,313,209,264,246,185,265,266,292,170,214,106,211,,,125,46,,,278,142,244,276,281,281,306,296,308,271,209,231,139,114,110,278,227,174,302,262,281,253,210,137,,57,,,b'\x11\xe8\xe1I\xc8\xda\xc5\x86\xaf\x82\x12\xdf\x17\xaeN\x1e'
11E8E149-C8DA-C586-AF82-12DF17AE4E1E,2018-ncaa-d0-natl,ncaa,185,162,242,188,267,257,266,295,194,274,287,228,174,208,103,141,227,244,143,244,138,293,303,169,160,197,95,119,139,308,280,217,92,277,188,278,243,126,237,248,293,269,256,257,,,17,62,,,174,287,268,185,251,268,287,273,264,148,179,187,204,205,289,290,299,153,244,270,188,278,247,,38,,,176,41,87,72,160,137,142,151,42,42,117,75,25,21,244,27,47,51,44,120,106,123,41,76,92,48,92,104,280,69,188,21,25,233,169,86,78,163,110,192,,,162,35,,,174,54,225,109,184,79,138,116,203,222,59,63,57,49,52,77,71,93,165,132,46,206,119,147,,88,,,b'\x11\xe8\xe1I\xc8\xda\xc5\x86\xaf\x82\x12\xdf\x17\xaeN\x1e'
11E8E149-C8DA-C586-AF82-12DF17AE4E1E,2018-ncaa-d1-conf-Patriot,ncaa,5,4,7,5,7,6,8,8,4,10,10,5,4,5,2,3,4,7,4,6,4,8,10,3,3,3,2,4,5,10,9,8,4,10,6,9,8,4,6,6,9,8,10,10,,,1,3,,,4,10,9,4,5,7,7,8,10,3,5,3,7,6,7,10,9,6,10,9,5,8,9,,2,,,4,3,5,4,7,8,5,7,3,4,3,4,2,1,8,1,2,2,1,4,4,4,2,3,1,3,4,4,9,4,6,1,1,7,6,3,2,4,1,3,,,5,2,,,4,1,3,5,4,5,8,7,9,9,3,4,3,2,2,4,2,4,4,6,3,6,2,2,,3,,,b'\x11\xe8\xe1I\xc8\xda\xc5\x86\xaf\x82\x12\xdf\x17\xaeN\x1e'
11E8E149-C8DA-C586-AF82-12DF17AE4E1E,2018-ncaa-d1-natl,ncaa,186,162,213,185,272,267,275,295,197,279,282,231,174,203,103,144,225,239,144,238,134,294,305,170,163,200,93,119,134,307,272,199,84,264,177,269,230,132,239,240,288,273,246,246,,,17,67,,,182,300,268,187,257,270,289,276,267,151,180,184,201,198,290,292,299,146,231,268,188,281,242,,39,,,182,34,76,73,146,128,145,137,45,48,126,85,34,30,235,30,50,43,38,117,102,122,55,91,94,49,84,108,272,66,177,14,28,237,173,92,80,164,110,188,,,149,31,,,182,44,222,109,188,74,134,115,192,215,67,68,61,54,54,79,70,88,160,127,46,213,118,145,,86,,,b'\x11\xe8\xe1I\xc8\xda\xc5\x86\xaf\x82\x12\xdf\x17\xaeN\x1e'
11E8E149-C8DA-C586-AF82-12DF17AE4E1E,2019-ncaa-d0-natl,ncaa,95,57,173,73,208,196,219,211,216,247,242,220,128,127,146,117,145,176,92,173,112,202,237,191,168,153,74,112,110,200,207,111,17,145,85,206,188,85,133,165,240,207,200,193,,,55,86,,,76,237,239,181,178,224,201,263,242,115,119,131,160,157,192,227,193,62,98,205,115,228,200,,59,,,70,22,33,101,41,55,134,49,56,96,48,157,63,44,252,42,66,66,75,37,39,35,136,156,166,14,17,177,207,79,85,68,195,185,125,98,72,118,76,110,,,98,35,,,76,113,147,20,70,26,30,88,60,137,67,105,69,57,52,51,63,18,209,100,87,170,114,80,,62,,,b'\x11\xe8\xe1I\xc8\xda\xc5\x86\xaf\x82\x12\xdf\x17\xaeN\x1e'
11E8E149-C8DA-C586-AF82-12DF17AE4E1E,2019-ncaa-d1-conf-Patriot,ncaa,3,3,3,3,5,3,5,3,6,6,3,6,3,2,5,5,3,3,4,3,3,2,3,6,5,4,3,3,2,6,7,2,1,2,3,5,7,4,2,4,6,6,4,4,,,3,2,,,3,4,3,5,4,5,3,6,5,3,2,3,3,3,2,4,6,2,3,5,3,6,4,,3,,,3,3,4,6,2,5,8,2,2,3,2,2,5,5,7,5,2,6,6,2,1,3,3,2,7,1,1,8,7,5,3,4,5,5,7,5,2,2,6,6,,,2,2,,,3,7,4,3,3,2,3,6,5,9,2,2,5,4,4,5,7,1,7,6,5,5,3,4,,2,,,b'\x11\xe8\xe1I\xc8\xda\xc5\x86\xaf\x82\x12\xdf\x17\xaeN\x1e'
11E8E149-C8DA-C586-AF82-12DF17AE4E1E,2019-ncaa-d1-natl,ncaa,93,57,155,75,193,200,225,201,220,253,244,218,126,124,156,117,154,180,112,176,111,205,227,198,178,164,83,117,121,198,193,105,17,138,80,218,199,101,142,174,229,203,200,184,,,52,87,,,77,229,239,180,184,229,200,263,241,120,121,135,163,162,197,228,187,66,104,212,119,223,198,,55,,,72,15,27,92,39,51,130,47,60,99,51,168,56,40,261,36,58,54,78,33,38,32,140,166,152,19,17,182,193,76,80,67,202,172,105,92,99,134,72,107,,,97,37,,,77,117,154,19,68,21,28,82,56,128,73,114,63,46,43,51,63,19,198,93,93,163,124,80,,65,,,b'\x11\xe8\xe1I\xc8\xda\xc5\x86\xaf\x82\x12\xdf\x17\xaeN\x1e'
11E8E149-C8DA-C586-AF82-12DF17AE4E1E,2020-ncaa-d0-natl,ncaa,104,81,191,102,225,183,154,121,210,166,128,233,144,150,129,167,260,256,229,254,275,151,200,200,228,172,191,146,281,174,221,149,43,158,154,171,201,59,61,110,190,169,216,203,,,35,36,,,109,191,144,196,165,130,64,144,98,140,146,261,243,238,84,139,167,117,120,164,73,181,211,,38,,,109,79,120,117,149,110,118,140,177,161,199,228,34,43,65,46,77,90,106,160,119,90,154,246,48,36,43,276,221,170,154,99,121,136,88,85,94,89,114,93,,,194,173,,,109,145,176,65,116,93,132,131,123,132,191,184,38,57,61,93,132,37,295,203,102,119,94,128,,165,,,b'\x11\xe8\xe1I\xc8\xda\xc5\x86\xaf\x82\x12\xdf\x17\xaeN\x1e'
11E8E149-C8DA-C586-AF82-12DF17AE4E1E,2020-ncaa-d1-conf-Patriot,ncaa,4,4,3,4,9,3,2,1,4,2,2,4,3,4,3,6,4,3,8,3,5,1,2,5,5,3,6,4,7,3,4,7,5,4,5,2,7,4,2,3,6,6,4,5,,,4,2,,,2,3,3,9,2,2,1,2,2,3,3,4,3,3,1,1,3,6,3,2,4,6,4,,4,,,2,8,7,7,6,7,8,6,3,4,6,3,7,7,7,7,5,8,8,6,6,6,3,3,5,5,5,7,4,8,5,4,3,2,5,2,5,4,6,5,,,3,5,,,2,8,3,6,2,8,8,8,8,9,3,4,7,7,7,8,8,6,8,9,4,2,6,7,,3,,,b'\x11\xe8\xe1I\xc8\xda\xc5\x86\xaf\x82\x12\xdf\x17\xaeN\x1e'
11E8E149-C8DA-C586-AF82-12DF17AE4E1E,2020-ncaa-d1-natl,ncaa,92,81,128,94,202,169,127,91,189,138,112,217,144,150,127,170,258,255,229,251,276,114,168,190,218,164,201,152,288,161,206,136,39,144,147,156,207,55,55,106,178,161,213,208,,,40,35,,,98,171,150,201,158,117,65,129,96,141,152,263,248,240,89,140,157,125,123,156,71,181,213,,34,,,97,88,134,133,158,131,137,148,170,164,191,212,37,44,62,46,65,96,116,161,121,86,136,233,44,36,39,274,206,178,147,103,118,116,88,80,89,88,121,93,,,187,184,,,98,157,171,61,108,88,133,128,129,139,175,165,31,45,47,86,123,35,277,182,104,115,92,126,,173,,,b'\x11\xe8\xe1I\xc8\xda\xc5\x86\xaf\x82\x12\xdf\x17\xaeN\x1e'
11E8E149-C8DA-C586-AF82-12DF17AE4E1E,2021-ncaa-d0-natl,ncaa,174,43,293,89,296,265,267,281,171,302,313,160,93,128,61,7,291,310,9,310,207,285,301,88,85,51,10,5,283,323,333,262,13,295,241,211,36,16,24,17,317,301,305,306,,,19,5,,,118,290,68,111,70,96,49,271,295,6,6,222,285,290,86,187,322,39,164,33,20,297,277,,9,,,104,55,77,61,230,103,82,265,35,52,40,93,27,27,326,26,10,53,48,165,161,210,5,37,36,21,13,92,333,57,241,77,160,308,257,280,18,43,111,308,,,313,285,,,118,53,96,140,105,212,286,276,324,316,60,109,53,28,24,226,187,24,333,279,239,247,40,263,,284,,,b'\x11\xe8\xe1I\xc8\xda\xc5\x86\xaf\x82\x12\xdf\x17\xaeN\x1e'
11E8E149-C8DA-C586-AF82-12DF17AE4E1E,2021-ncaa-d1-conf-Patriot,ncaa,2,5,1,3,1,1,2,1,5,3,4,4,1,1,2,1,1,2,2,2,3,1,1,3,4,2,1,1,6,5,9,1,2,2,7,1,1,4,2,2,4,9,7,9,,,6,1,,,3,1,1,2,1,3,1,7,9,1,1,3,4,4,1,1,8,3,5,1,2,9,9,,1,,,3,10,10,10,6,10,10,7,5,6,1,2,10,9,9,9,3,10,10,5,4,7,1,1,3,8,2,10,9,10,7,10,4,4,9,8,5,2,8,9,,,3,6,,,3,10,3,5,3,9,10,10,10,10,1,2,4,4,4,10,10,4,10,10,7,7,2,7,,5,,,b'\x11\xe8\xe1I\xc8\xda\xc5\x86\xaf\x82\x12\xdf\x17\xaeN\x1e'
11E8E149-C8DA-C586-AF82-12DF17AE4E1E,2021-ncaa-d1-natl,ncaa,184,43,299,93,302,275,278,287,179,304,314,165,102,136,63,6,298,310,9,310,209,292,305,91,87,55,9,5,282,325,334,268,14,300,250,223,34,15,24,17,319,303,307,308,,,18,5,,,129,292,70,112,77,103,51,280,296,6,7,226,287,290,90,189,323,41,168,34,20,300,282,,9,,,114,50,73,55,238,97,75,269,32,50,38,89,27,27,326,26,10,47,43,176,171,224,5,36,35,21,14,85,334,53,250,73,161,313,264,285,18,44,107,313,,,316,285,,,129,51,105,157,113,218,286,278,325,319,60,109,55,28,23,229,185,24,334,289,244,255,39,268,,285,,,b'\x11\xe8\xe1I\xc8\xda\xc5\x86\xaf\x82\x12\xdf\x17\xaeN\x1e'
11E8E149-C8DA-C586-AF82-12DF17AE4E1E,2021-ncaa-d1-ncaatournament,ncaa,33,2,33,33,34,50,53,43,57,59,56,59,26,32,22,5,59,60,9,59,57,50,43,51,53,55,5,2,60,49,48,52,19,56,48,46,20,22,54,50,42,27,48,48,,,1,4,,,52,41,11,7,49,52,19,59,55,4,5,59,60,59,40,20,38,51,53,36,51,25,44,,2,,,54,16,21,6,59,19,12,52,21,11,63,25,7,7,50,5,12,3,12,61,61,54,31,43,14,3,19,27,48,15,48,16,26,34,2,21,29,57,16,41,,,61,62,,,52,24,57,45,54,44,49,13,48,27,44,15,17,15,10,6,24,3,59,43,43,3,55,34,,61,,,b'\x11\xe8\xe1I\xc8\xda\xc5\x86\xaf\x82\x12\xdf\x17\xaeN\x1e'
11E8E149-C8DA-C586-AF82-12DF17AE4E1E,2022-ncaa-d0-natl,ncaa,107,87,163,99,202,120,114,115,126,244,306,57,16,11,91,5,318,335,71,334,297,153,185,56,77,68,19,6,352,259,303,60,56,108,158,81,68,57,72,38,235,255,66,93,,,8,4,,,65,164,109,275,84,76,44,269,333,7,2,330,347,347,128,184,269,16,66,39,67,252,53,,4,,,59,103,183,264,68,230,296,62,88,120,63,85,24,15,214,16,3,225,186,47,22,76,23,104,26,142,56,288,303,249,158,54,18,293,310,184,62,67,162,278,,,326,350,,,65,184,91,74,60,101,195,312,241,338,76,116,22,18,20,260,199,157,313,272,58,305,66,168,,347,,,b'\x11\xe8\xe1I\xc8\xda\xc5\x86\xaf\x82\x12\xdf\x17\xaeN\x1e'
11E8E149-C8DA-C586-AF82-12DF17AE4E1E,2022-ncaa-d1-conf-Patriot,ncaa,5,5,6,5,8,4,4,6,4,10,10,1,1,1,5,1,8,7,3,7,2,6,7,2,2,1,1,1,8,10,10,2,3,5,7,3,2,1,2,2,4,6,2,3,,,1,1,,,4,5,1,6,2,2,2,10,10,1,1,7,7,7,2,3,10,1,3,2,2,4,2,,1,,,3,2,6,8,1,8,10,3,2,3,2,1,3,2,9,2,1,8,6,1,1,4,1,2,4,5,3,9,10,9,7,3,2,10,9,4,1,2,7,10,,,9,10,,,4,6,2,4,3,5,8,10,9,10,2,4,4,2,3,10,10,5,10,9,5,9,3,8,,9,,,b'\x11\xe8\xe1I\xc8\xda\xc5\x86\xaf\x82\x12\xdf\x17\xaeN\x1e'
11E8E149-C8DA-C586-AF82-12DF17AE4E1E,2022-ncaa-d1-natl,ncaa,108,87,146,102,196,115,112,109,131,244,311,48,12,11,105,5,314,334,67,334,295,151,180,63,86,69,20,7,352,261,312,49,64,108,173,67,62,54,71,34,232,244,59,89,,,8,4,,,60,156,110,275,87,77,46,273,335,10,3,327,348,348,133,188,278,22,77,37,65,233,50,,4,,,57,106,180,277,62,229,298,49,90,127,68,84,23,16,198,20,3,219,184,37,19,67,25,107,27,152,64,306,312,269,173,51,20,274,294,165,59,66,151,272,,,329,350,,,60,198,89,67,60,91,187,308,235,336,82,112,21,16,17,251,200,159,314,274,61,285,64,151,,346,,,b'\x11\xe8\xe1I\xc8\xda\xc5\x86\xaf\x82\x12\xdf\x17\xaeN\x1e'
11E8E149-C8DA-C586-AF82-12DF17AE4E1E,2023-ncaa-d0-natl,ncaa,153,139,164,155,185,115,152,153,152,275,336,76,22,15,94,7,189,269,2,271,102,174,205,75,60,67,9,8,246,333,348,95,97,190,254,80,27,76,97,53,292,317,189,259,,,20,10,,,111,148,105,118,82,118,119,298,341,8,6,173,275,278,162,212,339,47,188,43,91,297,193,,22,,,109,190,268,269,184,316,315,159,100,103,135,70,42,43,161,39,15,233,193,140,109,174,12,79,26,145,97,284,348,254,254,181,92,259,292,260,125,153,28,133,,,235,228,,,111,210,103,155,112,216,291,329,331,355,101,110,46,48,40,287,244,168,308,282,194,257,145,27,,224,,,b'\x11\xe8\xe1I\xc8\xda\xc5\x86\xaf\x82\x12\xdf\x17\xaeN\x1e'
11E8E149-C8DA-C586-AF82-12DF17AE4E1E,2023-ncaa-d1-conf-Patriot,ncaa,3,3,3,3,3,2,3,3,5,9,10,3,1,1,2,1,1,2,1,2,1,3,3,3,2,2,1,1,2,7,8,3,7,4,7,2,1,4,2,2,5,8,4,6,,,2,1,,,3,1,1,2,2,2,3,10,10,1,1,1,2,2,2,3,8,3,4,2,6,6,4,,1,,,3,6,10,10,4,9,10,4,4,5,2,3,3,4,4,4,2,10,10,4,4,4,2,3,3,8,7,9,8,9,7,5,2,5,7,5,6,4,4,7,,,4,5,,,3,9,2,4,3,5,9,10,9,10,3,4,3,3,3,10,10,8,8,8,4,4,5,4,,3,,,b'\x11\xe8\xe1I\xc8\xda\xc5\x86\xaf\x82\x12\xdf\x17\xaeN\x1e'
11E8E149-C8DA-C586-AF82-12DF17AE4E1E,2023-ncaa-d1-natl,ncaa,151,138,151,151,171,111,141,155,128,282,338,72,16,13,66,7,183,269,1,270,103,180,218,49,44,53,8,7,247,341,351,88,86,193,251,63,23,77,111,49,293,317,188,256,,,21,10,,,113,147,114,118,75,115,143,302,343,6,9,174,279,282,190,227,341,49,206,36,100,301,189,,20,,,111,194,283,276,195,317,323,166,107,112,168,74,35,40,131,37,14,240,196,159,123,187,21,92,23,128,86,276,351,245,251,189,91,270,295,265,128,156,25,134,,,241,232,,,113,216,92,166,113,214,296,325,325,353,113,116,42,46,42,283,226,153,290,263,196,271,145,27,,234,,,b'\x11\xe8\xe1I\xc8\xda\xc5\x86\xaf\x82\x12\xdf\x17\xaeN\x1e'
11E8E149-C8DA-C586-AF82-12DF17AE4E1E,2024-ncaa-d0-natl,ncaa,154,111,258,139,266,172,211,284,97,305,356,22,52,39,165,9,126,195,20,186,6,277,284,52,40,70,13,33,111,346,340,140,57,254,189,113,27,137,222,102,273,262,125,184,,,8,13,,,134,246,141,87,106,172,269,301,356,27,14,84,143,131,255,244,339,60,212,57,193,255,108,,19,,,130,128,166,175,189,248,289,110,40,22,245,14,116,76,331,75,34,145,97,128,144,224,15,35,144,67,57,115,340,81,189,68,33,325,322,227,130,213,3,57,,,222,127,,,134,113,121,192,132,209,264,287,319,348,56,29,159,126,124,260,199,97,214,155,109,314,188,5,,163,,,b'\x11\xe8\xe1I\xc8\xda\xc5\x86\xaf\x82\x12\xdf\x17\xaeN\x1e'
11E8E149-C8DA-C586-AF82-12DF17AE4E1E,2024-ncaa-d1-conf-Patriot,ncaa,7,5,7,7,8,5,8,10,4,10,10,1,1,1,7,1,3,3,3,2,1,9,9,1,1,3,1,1,2,10,10,6,4,10,8,4,3,9,10,6,7,7,5,6,,,1,1,,,5,7,3,3,1,6,9,10,10,1,1,1,1,1,8,4,10,4,9,3,10,7,5,,1,,,6,7,9,7,7,9,7,6,4,3,6,3,3,1,10,1,1,6,5,7,7,8,3,4,3,5,4,6,10,5,8,1,1,6,6,4,7,8,1,3,,,4,3,,,5,4,4,9,6,10,10,9,10,10,5,3,5,3,3,9,7,5,7,6,3,5,9,1,,2,,,b'\x11\xe8\xe1I\xc8\xda\xc5\x86\xaf\x82\x12\xdf\x17\xaeN\x1e'
11E8E149-C8DA-C586-AF82-12DF17AE4E1E,2024-ncaa-d1-natl,ncaa,155,112,254,138,269,172,226,299,99,317,358,23,54,38,168,10,126,192,22,184,5,287,296,55,42,76,14,34,102,348,343,137,57,262,205,110,28,142,229,107,268,248,112,168,,,6,8,,,140,248,128,88,113,180,276,306,357,32,15,79,145,131,258,243,344,64,223,60,200,246,98,,17,,,137,118,175,181,178,257,298,86,41,20,262,14,113,83,331,80,34,155,92,131,135,211,18,43,144,61,57,138,343,83,205,67,40,320,309,224,127,207,4,53,,,213,110,,,140,115,128,182,139,205,256,288,315,352,59,26,158,125,125,263,208,101,226,168,115,300,182,5,,151,,,b'\x11\xe8\xe1I\xc8\xda\xc5\x86\xaf\x82\x12\xdf\x17\xaeN\x1e'
11E8E149-C8DA-C586-AF82-12DF17AE4E1E,2025-ncaa-d0-natl,genius_ncaa,29,26,54,29,71,88,113,168,70,186,318,21,37,30,120,21,58,126,1,122,23,164,162,40,24,49,32,54,116,313,322,160,122,240,230,81,59,178,188,100,36,32,237,245,,,154,99,,37,64,116,247,232,110,166,307,265,354,46,45,71,191,184,301,315,346,271,338,99,116,48,268,,81,,29,66,148,190,206,171,219,191,243,146,228,44,230,64,82,93,82,94,188,242,148,126,66,86,157,64,117,122,194,322,159,230,168,150,45,39,56,163,158,15,61,,,49,20,,170,64,262,85,47,58,60,91,63,126,73,92,140,37,47,48,39,95,53,78,58,95,65,110,6,,77,,210,b'\x11\xe8\xe1I\xc8\xda\xc5\x86\xaf\x82\x12\xdf\x17\xaeN\x1e'
11E8E149-C8DA-C586-AF82-12DF17AE4E1E,2025-ncaa-d1-conf-Patriot,genius_ncaa,1,1,1,1,1,1,1,3,1,2,10,1,1,1,6,1,1,1,1,1,1,3,1,1,1,1,1,2,2,4,8,2,4,4,5,2,3,7,5,3,1,1,7,8,,,9,4,,7,1,1,3,5,1,1,4,5,10,1,1,2,2,1,3,3,8,5,6,2,5,1,8,,6,,7,1,7,6,7,3,6,5,6,7,7,3,5,6,8,2,8,6,8,10,4,4,2,5,6,6,4,4,5,8,7,5,3,2,1,1,1,7,4,3,3,,,1,1,,4,1,10,1,2,1,5,4,4,4,4,6,5,4,6,6,3,8,4,5,3,2,1,4,2,,1,,4,b'\x11\xe8\xe1I\xc8\xda\xc5\x86\xaf\x82\x12\xdf\x17\xaeN\x1e'
11E8E149-C8DA-C586-AF82-12DF17AE4E1E,2025-ncaa-d1-natl,genius_ncaa,28,26,43,29,59,82,106,166,65,193,320,21,32,27,123,21,58,141,1,138,25,161,153,37,25,51,31,54,122,316,322,146,118,238,230,74,61,192,187,98,39,35,225,246,,,144,89,,28,56,102,251,237,105,164,315,271,352,48,46,84,192,189,309,316,345,261,334,97,116,45,264,,74,,19,56,139,187,211,156,220,201,220,135,220,38,221,55,70,88,68,73,188,259,136,113,54,70,147,58,123,118,196,322,167,230,166,141,41,37,54,171,165,18,59,,,47,24,,174,56,275,84,34,52,43,84,63,118,80,82,127,30,40,39,36,90,51,78,61,93,60,116,6,,85,,211,b'\x11\xe8\xe1I\xc8\xda\xc5\x86\xaf\x82\x12\xdf\x17\xaeN\x1e'
11E8E149-C8DA-C586-AF82-12DF17AE4E1E,2025-ncaa-d1-ncaatournament,genius_ncaa,37,2,37,37,38,67,67,67,66,65,61,66,66,65,67,36,61,64,10,63,61,67,56,66,66,67,35,48,15,54,51,59,65,63,65,68,66,42,68,68,44,35,39,21,,,17,25,,24,67,50,28,7,67,67,67,65,60,66,55,60,63,62,67,47,49,58,63,68,68,25,23,,37,,43,67,25,21,19,45,11,7,49,34,31,48,62,19,20,29,20,53,25,27,49,50,49,57,60,30,37,65,14,51,27,65,17,35,41,31,33,32,64,15,52,,,54,47,,32,67,17,67,60,67,60,55,46,35,21,64,64,44,46,48,54,60,66,48,62,44,19,63,30,,46,,15,b'\x11\xe8\xe1I\xc8\xda\xc5\x86\xaf\x82\x12\xdf\x17\xaeN\x1e'
11E8E149-C8DA-C586-AF82-12DF17AE4E1E,2026-ncaa-d0-natl,genius_ncaa,163,250,49,216,73,104,123,123,159,163,261,35,64,15,280,11,75,116,38,122,27,123,121,123,103,120,40,67,115,204,275,175,286,193,301,87,65,255,180,130,170,247,330,357,,,188,68,,59,261,96,249,97,173,210,269,264,357,80,17,113,181,187,268,301,293,325,341,116,149,240,352,,72,,31,248,342,345,299,321,340,307,263,326,238,355,117,252,246,242,241,103,296,274,328,323,331,162,228,92,303,286,276,275,287,301,334,205,164,275,307,254,205,119,185,,,65,70,,140,261,265,141,325,252,298,307,222,294,271,298,123,177,148,141,208,131,221,154,171,300,275,167,61,,121,,199,b'\x11\xe8\xe1I\xc8\xda\xc5\x86\xaf\x82\x12\xdf\x17\xaeN\x1e'
11E8E149-C8DA-C586-AF82-12DF17AE4E1E,2026-ncaa-d1-natl,genius_ncaa,203,249,85,236,117,154,185,191,188,235,330,43,84,23,292,12,107,151,33,154,22,184,182,143,120,144,35,65,100,280,302,261,312,284,330,123,68,199,202,152,239,285,350,359,,,134,74,,40,296,154,264,100,213,241,303,302,357,87,26,118,193,196,299,311,315,342,356,151,153,279,357,,80,,35,292,333,338,259,341,333,282,293,320,195,358,109,222,202,253,197,108,250,219,347,341,349,159,229,96,271,312,228,302,248,330,324,210,238,297,327,211,222,91,210,,,92,61,,162,296,209,176,348,295,326,330,235,314,281,315,124,189,151,147,220,125,232,172,192,317,294,174,66,,121,,188,b'\x11\xe8\xe1I\xc8\xda\xc5\x86\xaf\x82\x12\xdf\x17\xaeN\x1e'
11E8E149-C8DF-C0E0-AF82-12DF17AE4E1E,2010-ncaa-d0-natl,ncaa,23,13,81,17,120,91,63,229,3,23,74,7,333,339,201,342,86,50,283,49,92,179,150,17,22,65,343,343,141,26,1,179,16,91,1,178,314,294,277,241,13,4,234,151,,,235,313,,,9,206,310,283,99,62,311,11,89,338,341,102,49,46,272,234,24,259,113,205,257,14,248,,195,,,9,6,4,11,27,1,7,46,123,175,69,288,140,169,66,166,320,14,87,46,55,9,327,268,301,6,16,1,1,1,1,51,315,29,5,15,161,145,13,4,,,57,30,,,9,136,23,4,7,2,1,1,1,2,91,129,108,138,138,1,6,8,1,1,36,35,127,7,,58,,,b'\x11\xe8\xe1I\xc8\xdf\xc0\xe0\xaf\x82\x12\xdf\x17\xaeN\x1e'
11E8E149-C8DF-C0E0-AF82-12DF17AE4E1E,2010-ncaa-d1-conf-Big South,ncaa,1,1,1,1,2,2,1,3,1,1,1,1,8,8,4,8,2,1,7,1,2,3,2,1,1,1,8,8,5,1,1,3,1,2,1,2,6,7,5,3,1,1,6,3,,,6,8,,,1,3,8,7,2,1,6,1,3,8,8,2,1,1,6,6,1,5,2,3,5,1,7,,3,,,1,1,1,1,1,1,1,1,7,8,6,8,2,3,6,3,7,1,5,3,3,1,8,8,7,1,1,1,1,1,1,4,7,1,1,3,2,1,1,1,,,1,1,,,1,6,1,1,1,1,1,1,1,1,7,6,1,1,1,1,1,1,1,1,4,1,1,1,,1,,,b'\x11\xe8\xe1I\xc8\xdf\xc0\xe0\xaf\x82\x12\xdf\x17\xaeN\x1e'
11E8E149-C8DF-C0E0-AF82-12DF17AE4E1E,2010-ncaa-d1-natl,ncaa,17,13,53,17,88,71,50,202,2,12,54,6,334,340,208,343,71,40,288,35,92,159,105,12,19,64,343,343,143,18,1,125,14,51,1,139,307,316,285,240,13,5,238,157,,,263,311,,,8,170,306,285,92,51,311,9,82,340,343,95,47,41,269,222,25,210,80,184,270,15,251,,192,,,7,5,2,25,20,1,3,40,147,235,22,307,148,179,75,179,318,30,130,21,31,7,329,278,300,15,14,1,1,1,1,70,320,23,7,19,208,167,12,3,,,31,28,,,8,175,24,2,6,2,1,1,1,2,97,194,108,128,128,1,10,8,1,1,40,37,149,6,,51,,,b'\x11\xe8\xe1I\xc8\xdf\xc0\xe0\xaf\x82\x12\xdf\x17\xaeN\x1e'
11E8E149-C8DF-C0E0-AF82-12DF17AE4E1E,2010-ncaa-d1-ncaatournament,ncaa,33,2,33,33,34,34,33,42,1,29,36,1,56,63,42,60,44,42,32,39,42,40,38,8,11,16,63,59,39,32,1,54,18,41,1,55,63,32,54,61,43,26,56,56,,,32,64,,,28,39,10,9,7,2,17,1,5,54,60,35,29,25,15,6,6,52,26,54,61,24,56,,62,,,33,25,12,4,62,10,8,42,27,6,64,9,44,44,34,43,61,10,10,63,63,63,56,37,61,2,18,1,1,1,1,11,34,48,32,37,40,64,6,8,,,38,31,,,28,19,15,58,43,57,32,4,28,16,43,8,63,63,62,25,23,4,1,1,34,35,64,8,,19,,,b'\x11\xe8\xe1I\xc8\xdf\xc0\xe0\xaf\x82\x12\xdf\x17\xaeN\x1e'
11E8E149-C8DF-C0E0-AF82-12DF17AE4E1E,2011-ncaa-d0-natl,ncaa,123,60,242,97,278,254,235,307,93,139,191,97,329,326,278,323,194,126,323,126,91,284,263,152,170,235,321,327,120,61,3,149,26,95,3,251,237,270,308,283,182,111,183,117,,,49,150,,,93,303,287,257,237,201,296,96,144,329,329,156,69,71,267,195,19,56,18,232,296,148,169,,81,,,92,11,14,43,18,7,14,49,159,264,25,331,34,29,160,30,143,32,34,31,22,35,290,309,120,29,26,3,3,3,3,79,302,257,156,171,222,270,36,41,,,196,104,,,93,48,174,32,83,25,28,88,13,16,204,304,51,50,51,60,40,55,3,4,132,225,264,45,,115,,,b'\x11\xe8\xe1I\xc8\xdf\xc0\xe0\xaf\x82\x12\xdf\x17\xaeN\x1e'
11E8E149-C8DF-C0E0-AF82-12DF17AE4E1E,2011-ncaa-d1-conf-Big South,ncaa,1,1,1,1,2,2,2,4,1,1,2,1,8,8,3,8,2,1,8,1,2,4,2,1,1,3,8,8,2,1,1,1,1,1,1,3,4,8,7,5,2,2,3,3,,,4,2,,,1,3,8,6,5,2,8,1,3,8,8,2,2,2,7,6,1,1,1,3,8,2,5,,1,,,1,1,1,6,1,1,1,1,7,8,1,8,1,1,3,1,3,5,6,1,1,1,8,8,2,3,1,1,1,1,1,7,7,4,4,7,7,6,1,1,,,1,1,,,1,7,2,1,1,1,1,6,1,1,7,8,1,1,1,1,1,1,1,1,5,7,6,1,,3,,,b'\x11\xe8\xe1I\xc8\xdf\xc0\xe0\xaf\x82\x12\xdf\x17\xaeN\x1e'
11E8E149-C8DF-C0E0-AF82-12DF17AE4E1E,2011-ncaa-d1-natl,ncaa,63,57,51,63,87,153,128,171,95,68,75,97,312,310,282,321,126,48,333,52,102,130,80,158,177,236,326,327,133,11,2,47,32,17,3,171,230,336,308,280,83,81,163,129,,,157,157,,,70,149,278,260,224,185,275,80,123,327,327,166,66,69,248,158,5,57,10,217,304,105,184,,90,,,71,37,41,186,12,21,58,42,210,314,13,331,65,74,114,74,152,156,188,19,14,17,288,296,133,109,32,6,2,13,3,131,276,113,113,114,320,285,45,24,,,66,112,,,70,203,170,16,58,17,20,76,9,13,173,299,44,52,55,47,45,56,3,4,88,171,276,28,,106,,,b'\x11\xe8\xe1I\xc8\xdf\xc0\xe0\xaf\x82\x12\xdf\x17\xaeN\x1e'
11E8E149-C8DF-C0E0-AF82-12DF17AE4E1E,2012-ncaa-d0-natl,ncaa,73,36,163,57,167,107,118,222,29,83,158,33,245,270,130,271,33,25,197,25,23,173,125,48,38,104,228,275,32,30,1,54,65,34,1,175,256,320,299,269,183,162,36,16,,,49,52,,,42,189,201,50,59,88,220,50,144,241,269,11,5,5,149,63,10,14,2,159,319,170,26,,56,,,33,67,68,200,20,15,65,19,319,327,178,335,27,30,96,30,71,163,137,58,36,69,335,341,42,149,65,2,1,5,1,133,242,252,242,215,300,282,5,9,,,67,62,,,42,134,42,75,40,91,106,253,15,54,330,340,32,37,38,194,155,178,1,3,159,256,303,11,,27,,,b'\x11\xe8\xe1I\xc8\xdf\xc0\xe0\xaf\x82\x12\xdf\x17\xaeN\x1e'
11E8E149-C8DF-C0E0-AF82-12DF17AE4E1E,2012-ncaa-d1-conf-Big South,ncaa,1,1,1,1,1,1,2,4,1,2,2,1,5,7,3,6,1,1,4,1,2,2,2,1,1,1,6,8,2,1,1,1,1,1,1,3,3,9,7,5,4,6,1,1,,,4,4,,,1,2,9,2,1,2,5,2,4,6,7,1,1,1,4,3,2,1,1,3,8,6,1,,4,,,1,5,4,8,1,1,3,1,9,9,3,9,4,3,5,3,4,8,7,1,1,2,9,9,4,5,1,1,1,1,1,5,6,4,7,4,8,6,1,1,,,1,2,,,1,8,1,1,1,1,1,4,1,1,9,9,2,1,1,3,1,1,1,1,2,8,6,1,,1,,,b'\x11\xe8\xe1I\xc8\xdf\xc0\xe0\xaf\x82\x12\xdf\x17\xaeN\x1e'
11E8E149-C8DF-C0E0-AF82-12DF17AE4E1E,2012-ncaa-d1-natl,ncaa,35,36,55,40,59,38,44,92,21,30,46,29,221,251,126,281,12,6,225,5,24,54,27,45,37,93,259,293,41,5,1,16,64,11,1,97,262,339,286,257,88,122,25,18,,,104,38,,,20,62,167,78,39,53,164,30,89,249,274,10,4,4,91,25,2,8,1,129,319,113,28,,50,,,18,155,153,311,14,36,142,15,335,339,133,335,28,51,50,49,60,288,272,42,18,38,332,340,31,250,64,1,1,21,1,212,248,133,198,170,333,274,21,8,,,25,78,,,20,273,27,42,21,79,89,269,13,53,329,339,19,31,31,209,187,194,1,3,158,199,308,16,,21,,,b'\x11\xe8\xe1I\xc8\xdf\xc0\xe0\xaf\x82\x12\xdf\x17\xaeN\x1e'
11E8E149-C8DF-C0E0-AF82-12DF17AE4E1E,2012-ncaa-d1-ncaatournament,ncaa,33,2,33,33,34,61,63,63,55,63,60,61,49,56,22,34,40,37,46,34,5,63,59,51,49,58,5,22,3,53,48,52,55,57,47,64,56,32,63,64,49,41,26,16,,,2,2,,,57,53,43,5,61,63,63,63,59,38,51,27,14,11,63,57,50,49,55,63,62,39,8,,2,,,59,21,29,26,53,32,30,54,9,13,28,18,2,1,9,1,2,23,18,47,37,48,2,19,2,20,55,7,48,12,47,38,64,54,54,62,20,50,2,4,,,44,24,,,57,11,61,54,60,52,61,56,64,61,18,20,3,2,2,50,36,44,19,35,64,49,45,2,,34,,,b'\x11\xe8\xe1I\xc8\xdf\xc0\xe0\xaf\x82\x12\xdf\x17\xaeN\x1e'
11E8E149-C8DF-C0E0-AF82-12DF17AE4E1E,2013-ncaa-d0-natl,ncaa,30,20,80,24,104,49,66,107,50,60,95,61,121,176,54,216,15,23,94,23,42,80,54,60,40,73,156,202,60,5,1,20,26,10,1,73,140,315,232,155,132,140,51,34,,,240,236,,,22,117,182,267,29,60,144,69,129,138,194,14,20,22,93,51,1,10,1,70,280,154,52,,195,,,18,83,54,205,12,31,108,26,224,297,36,298,208,243,52,240,267,219,211,19,22,39,317,279,260,116,26,3,1,7,1,111,235,169,187,122,299,217,96,65,,,55,123,,,22,224,24,30,17,47,27,113,17,47,195,283,175,213,208,135,126,80,1,2,84,202,262,84,,53,,,b'\x11\xe8\xe1I\xc8\xdf\xc0\xe0\xaf\x82\x12\xdf\x17\xaeN\x1e'
11E8E149-C8DF-C0E0-AF82-12DF17AE4E1E,2013-ncaa-d1-conf-Big South,ncaa,1,1,2,1,4,1,1,2,2,1,3,2,4,4,2,5,1,2,2,2,3,2,3,2,2,1,5,6,3,1,1,1,1,1,1,1,5,8,3,2,7,7,2,2,,,7,7,,,1,5,8,8,1,2,5,2,7,4,4,1,1,1,3,3,1,1,1,2,6,7,2,,4,,,1,2,2,9,1,2,2,2,7,10,1,10,4,4,3,4,5,9,6,1,1,1,9,10,5,1,1,1,1,1,1,4,7,7,7,6,3,3,2,2,,,2,2,,,1,8,1,1,1,1,1,2,1,1,5,10,3,4,4,3,2,1,1,1,3,8,3,2,,1,,,b'\x11\xe8\xe1I\xc8\xdf\xc0\xe0\xaf\x82\x12\xdf\x17\xaeN\x1e'
11E8E149-C8DF-C0E0-AF82-12DF17AE4E1E,2013-ncaa-d1-natl,ncaa,19,20,27,22,44,23,36,59,38,34,50,49,107,157,55,226,4,10,110,9,36,35,14,51,37,63,166,216,45,3,1,7,33,2,1,41,133,339,224,150,83,114,34,29,,,271,191,,,12,52,162,267,23,52,143,55,120,148,202,8,14,14,75,38,1,8,1,62,281,133,50,,171,,,14,136,81,275,8,42,176,19,268,322,37,304,228,259,50,256,252,279,286,10,13,23,322,291,250,193,33,4,1,19,1,157,241,100,149,97,317,212,98,44,,,17,100,,,12,290,17,19,12,40,21,132,13,47,216,290,149,185,185,137,142,103,1,2,86,171,259,61,,36,,,b'\x11\xe8\xe1I\xc8\xdf\xc0\xe0\xaf\x82\x12\xdf\x17\xaeN\x1e'
11E8E149-C8DF-C0E0-AF82-12DF17AE4E1E,2013-ncaa-d1-ncaatournament,ncaa,33,2,33,33,35,61,62,54,59,53,38,57,62,62,58,52,44,42,51,42,34,53,49,63,60,61,42,56,10,49,46,38,2,47,33,61,49,23,51,61,28,5,30,5,,,27,58,,,62,46,15,7,61,62,47,51,19,60,56,33,25,25,44,36,36,25,36,61,48,6,9,,56,,,62,24,15,5,58,8,6,51,28,22,60,37,26,39,6,39,63,13,16,60,57,55,56,48,46,2,2,22,46,10,33,20,52,41,17,38,30,59,35,53,,,39,16,,,62,25,62,45,60,55,41,7,28,8,53,31,51,61,62,19,26,3,54,32,51,18,58,55,,16,,,b'\x11\xe8\xe1I\xc8\xdf\xc0\xe0\xaf\x82\x12\xdf\x17\xaeN\x1e'
11E8E149-C8DF-C0E0-AF82-12DF17AE4E1E,2014-ncaa-d0-natl,ncaa,105,72,180,88,181,152,177,252,79,185,253,56,164,152,168,128,102,127,80,120,44,231,192,79,69,123,124,158,80,42,1,67,11,52,1,149,115,281,290,227,290,254,74,42,,,186,307,,,42,266,310,4,110,159,253,170,251,143,141,63,97,83,221,153,16,20,6,119,294,289,66,,221,,,35,21,7,67,8,5,40,7,179,208,112,259,219,199,253,210,308,85,51,15,28,64,341,288,326,35,11,2,1,3,1,38,229,318,292,189,285,293,54,97,,,189,177,,,42,70,56,50,37,37,9,54,4,26,197,229,251,234,241,89,32,39,2,3,49,314,297,55,,171,,,b'\x11\xe8\xe1I\xc8\xdf\xc0\xe0\xaf\x82\x12\xdf\x17\xaeN\x1e'
11E8E149-C8DF-C0E0-AF82-12DF17AE4E1E,2014-ncaa-d1-conf-Big South,ncaa,3,3,3,3,3,3,3,5,1,3,8,1,2,4,5,3,2,3,4,3,1,4,3,1,1,2,3,5,4,2,1,1,1,1,1,3,2,7,6,4,10,10,2,2,,,8,9,,,1,6,9,1,2,4,7,4,8,2,4,3,3,2,6,4,2,1,1,3,7,10,3,,7,,,1,2,2,3,1,1,3,1,8,8,5,7,7,7,9,7,8,4,3,1,1,2,10,10,10,1,1,1,1,1,1,2,7,10,10,8,4,3,1,2,,,3,4,,,1,5,1,1,1,2,2,3,1,2,6,8,7,7,7,3,2,1,1,1,2,10,4,1,,3,,,b'\x11\xe8\xe1I\xc8\xdf\xc0\xe0\xaf\x82\x12\xdf\x17\xaeN\x1e'
11E8E149-C8DF-C0E0-AF82-12DF17AE4E1E,2014-ncaa-d1-natl,ncaa,93,72,145,83,146,149,169,234,85,181,248,62,149,148,163,126,90,124,74,114,56,214,166,83,72,128,124,155,80,34,1,54,10,36,1,138,112,293,292,229,286,256,73,50,,,203,306,,,42,248,309,6,115,165,245,173,251,140,138,71,108,94,219,149,16,18,6,116,297,285,71,,216,,,35,22,6,85,8,4,54,7,185,207,117,254,219,206,256,207,293,95,62,15,29,67,339,283,322,31,10,1,1,1,1,48,241,318,288,206,303,297,61,100,,,177,193,,,42,89,62,51,37,37,12,63,5,32,191,222,237,218,225,89,33,34,2,3,52,316,299,62,,184,,,b'\x11\xe8\xe1I\xc8\xdf\xc0\xe0\xaf\x82\x12\xdf\x17\xaeN\x1e'
11E8E149-C8DF-C0E0-AF82-12DF17AE4E1E,2015-ncaa-d0-natl,ncaa,26,22,48,25,69,69,75,76,100,52,76,87,185,162,223,217,38,70,27,69,131,71,67,134,102,113,216,250,72,21,3,38,77,21,9,121,242,262,182,192,127,148,38,35,,,320,314,,,36,103,262,257,105,122,158,86,142,214,210,58,109,102,144,150,18,52,10,174,191,174,54,,275,,,35,122,69,212,10,54,213,9,177,197,135,159,302,317,79,318,296,251,252,12,26,44,314,213,326,223,77,48,3,98,9,94,161,126,164,83,287,212,207,147,,,56,124,,,36,251,54,46,32,33,12,63,16,93,124,135,251,280,281,99,95,136,13,23,46,197,224,163,,98,,,b'\x11\xe8\xe1I\xc8\xdf\xc0\xe0\xaf\x82\x12\xdf\x17\xaeN\x1e'
11E8E149-C8DF-C0E0-AF82-12DF17AE4E1E,2015-ncaa-d1-conf-Big South,ncaa,1,1,1,1,3,2,2,3,1,2,2,2,6,6,3,9,3,3,1,3,5,3,3,1,1,1,9,9,4,2,1,1,1,1,1,2,6,4,4,2,4,7,3,2,,,10,10,,,1,4,10,11,2,3,7,2,2,7,7,4,4,4,5,8,2,1,1,2,3,7,4,,9,,,1,1,1,6,1,1,4,1,7,8,5,9,7,11,2,11,9,6,8,1,1,1,10,10,11,6,1,1,1,1,1,2,8,4,6,1,4,5,2,2,,,3,3,,,1,8,1,1,1,1,1,2,1,2,4,6,6,9,9,2,3,4,1,1,1,7,4,2,,4,,,b'\x11\xe8\xe1I\xc8\xdf\xc0\xe0\xaf\x82\x12\xdf\x17\xaeN\x1e'
11E8E149-C8DF-C0E0-AF82-12DF17AE4E1E,2015-ncaa-d1-natl,ncaa,27,22,55,25,85,79,85,91,113,67,88,97,200,171,221,214,42,81,26,80,129,83,80,138,109,118,213,245,70,24,3,45,80,22,9,143,248,247,183,199,145,156,45,38,,,313,315,,,37,135,266,254,113,136,166,94,147,219,211,57,109,105,150,161,21,54,10,179,193,185,55,,279,,,35,90,49,184,14,47,181,10,161,183,139,156,292,309,83,308,297,222,224,14,31,50,313,210,327,204,80,26,3,65,9,77,161,147,171,95,273,218,195,154,,,70,119,,,37,221,58,51,33,41,13,65,16,93,126,133,257,280,281,103,94,138,13,22,49,205,226,167,,100,,,b'\x11\xe8\xe1I\xc8\xdf\xc0\xe0\xaf\x82\x12\xdf\x17\xaeN\x1e'
11E8E149-C8DF-C0E0-AF82-12DF17AE4E1E,2015-ncaa-d1-ncaatournament,ncaa,33,2,33,33,33,45,41,35,51,35,35,42,59,52,61,39,36,35,57,34,27,36,36,54,54,52,52,57,18,27,2,38,9,33,1,60,62,21,30,57,45,29,63,63,,,17,46,,,31,46,21,4,37,32,5,19,8,54,28,20,10,10,6,5,2,11,1,60,45,26,63,,39,,,32,7,17,16,53,23,25,43,9,3,54,4,8,11,6,11,28,15,15,48,34,33,9,18,19,10,9,10,2,7,1,20,44,42,24,38,27,47,30,50,,,37,27,,,31,23,39,24,30,26,41,22,54,51,15,3,21,34,34,27,31,13,32,19,49,24,53,54,,10,,,b'\x11\xe8\xe1I\xc8\xdf\xc0\xe0\xaf\x82\x12\xdf\x17\xaeN\x1e'
11E8E149-C8DF-C0E0-AF82-12DF17AE4E1E,2016-ncaa-d0-natl,ncaa,100,111,76,111,76,170,185,193,178,159,178,141,230,187,286,195,95,79,192,82,60,169,106,210,178,243,194,251,47,31,4,28,98,24,13,189,167,342,326,294,325,339,83,74,,,212,197,,,139,161,315,8,239,258,289,204,245,256,217,104,90,94,264,186,28,20,9,226,325,341,96,,151,,,141,118,99,267,15,64,192,17,236,312,43,298,166,190,71,194,185,258,206,22,21,78,294,293,197,273,98,24,4,77,13,128,198,317,334,273,342,327,55,68,,,88,103,,,139,176,186,108,146,60,57,213,29,114,220,303,123,151,156,211,80,215,10,40,91,340,324,49,,107,,,b'\x11\xe8\xe1I\xc8\xdf\xc0\xe0\xaf\x82\x12\xdf\x17\xaeN\x1e'
11E8E149-C8DF-C0E0-AF82-12DF17AE4E1E,2016-ncaa-d1-conf-Big South,ncaa,2,2,1,2,1,3,3,6,4,2,5,4,7,7,8,7,2,2,3,2,3,2,1,4,4,5,7,7,2,1,1,1,2,1,1,3,3,11,11,7,11,11,2,3,,,7,6,,,2,2,10,2,4,4,9,5,8,7,7,2,3,3,9,3,1,1,1,3,11,11,3,,6,,,2,4,5,11,1,4,9,2,7,11,2,10,4,5,1,5,4,11,9,2,1,2,6,8,7,7,2,1,1,2,1,5,9,11,11,9,11,11,4,4,,,3,5,,,2,10,5,2,3,3,3,8,2,5,6,11,3,4,4,8,3,3,1,1,5,11,11,3,,4,,,b'\x11\xe8\xe1I\xc8\xdf\xc0\xe0\xaf\x82\x12\xdf\x17\xaeN\x1e'
11E8E149-C8DF-C0E0-AF82-12DF17AE4E1E,2016-ncaa-d1-natl,ncaa,95,111,51,111,51,165,183,188,191,155,176,154,234,189,287,201,78,66,191,65,53,161,95,223,185,248,194,254,37,24,4,25,89,14,13,183,156,343,325,293,333,340,82,85,,,216,193,,,154,152,316,9,243,262,288,206,242,263,224,96,80,80,262,186,22,20,8,227,323,343,107,,150,,,154,135,113,282,16,65,195,19,251,319,53,298,164,191,61,201,181,284,208,23,21,93,297,292,189,271,89,21,4,76,13,140,200,322,339,285,346,327,54,64,,,67,101,,,154,186,187,125,154,66,61,217,31,116,222,303,121,156,159,216,72,210,10,39,99,341,326,43,,104,,,b'\x11\xe8\xe1I\xc8\xdf\xc0\xe0\xaf\x82\x12\xdf\x17\xaeN\x1e'
11E8E149-C8DF-C0E0-AF82-12DF17AE4E1E,2017-ncaa-d0-natl,ncaa,217,210,234,222,263,229,247,241,242,234,233,229,207,193,230,171,148,110,297,110,44,218,191,244,242,263,146,180,82,22,3,218,150,92,13,258,229,281,289,288,279,253,79,52,,,283,344,,,194,280,248,178,198,238,190,214,196,187,169,110,60,61,161,79,6,156,17,246,300,267,57,,327,,,194,73,49,56,118,76,82,153,59,91,55,150,284,277,178,279,317,83,57,103,155,197,229,83,331,90,150,9,3,17,13,30,56,283,241,149,196,211,116,159,,,144,104,,,194,62,177,207,196,146,96,85,125,116,80,129,314,314,315,158,89,151,33,50,54,260,250,160,,72,,,b'\x11\xe8\xe1I\xc8\xdf\xc0\xe0\xaf\x82\x12\xdf\x17\xaeN\x1e'
11E8E149-C8DF-C0E0-AF82-12DF17AE4E1E,2017-ncaa-d1-conf-Big South,ncaa,5,4,6,4,7,3,4,6,4,5,7,3,6,7,5,6,3,2,5,2,3,6,3,4,3,5,6,6,2,1,1,5,5,3,1,2,5,9,8,8,6,5,1,1,,,10,10,,,4,8,4,4,2,2,2,3,4,5,5,2,1,1,2,1,1,4,2,2,9,5,1,,10,,,3,5,4,3,4,5,5,6,2,3,2,4,10,10,5,10,9,4,2,3,4,5,5,1,10,4,5,2,1,2,1,3,2,7,6,5,7,5,2,2,,,3,6,,,4,3,3,5,3,6,5,5,6,5,2,6,10,10,10,7,6,5,2,3,3,6,8,2,,3,,,b'\x11\xe8\xe1I\xc8\xdf\xc0\xe0\xaf\x82\x12\xdf\x17\xaeN\x1e'
11E8E149-C8DF-C0E0-AF82-12DF17AE4E1E,2017-ncaa-d1-natl,ncaa,215,210,217,219,266,234,261,241,248,242,220,242,203,199,235,176,155,107,303,109,51,216,170,256,259,274,149,182,88,18,3,196,116,73,11,257,223,284,284,285,276,249,80,53,,,290,343,,,185,289,249,178,210,244,185,220,186,190,172,125,63,61,155,77,7,143,15,238,299,265,61,,323,,,185,70,42,57,102,78,72,163,54,123,25,174,274,280,165,276,318,88,47,95,129,181,226,83,325,79,116,9,3,14,11,28,61,281,244,151,195,202,127,166,,,141,109,,,185,51,187,180,188,134,89,87,115,100,81,173,304,310,308,152,87,126,37,50,51,263,243,167,,79,,,b'\x11\xe8\xe1I\xc8\xdf\xc0\xe0\xaf\x82\x12\xdf\x17\xaeN\x1e'
11E8E149-C8DF-C0E0-AF82-12DF17AE4E1E,2018-ncaa-d0-natl,ncaa,66,57,73,66,105,141,120,184,61,85,120,55,245,261,183,268,189,177,232,169,217,187,163,96,100,132,307,276,217,49,6,201,82,114,18,144,207,252,246,196,122,86,161,98,,,293,330,,,64,217,331,276,198,155,283,89,169,271,291,237,218,208,285,288,61,281,168,169,206,146,184,,252,,,64,47,23,34,80,37,40,135,49,88,33,157,277,295,71,288,327,56,96,70,103,66,256,89,332,48,82,10,6,12,18,80,243,103,53,62,175,182,181,152,,,99,69,,,64,122,87,51,61,14,6,6,13,9,36,61,234,267,256,9,10,23,2,3,56,130,138,157,,148,,,b'\x11\xe8\xe1I\xc8\xdf\xc0\xe0\xaf\x82\x12\xdf\x17\xaeN\x1e'
11E8E149-C8DF-C0E0-AF82-12DF17AE4E1E,2018-ncaa-d1-conf-Big South,ncaa,1,1,1,1,2,1,1,5,1,1,5,1,3,4,2,6,3,3,4,3,4,5,3,1,1,1,8,6,7,1,1,3,2,1,1,1,4,8,7,4,3,3,3,2,,,8,9,,,1,5,9,10,1,1,9,2,8,3,6,5,4,4,8,7,1,4,1,2,8,3,3,,7,,,1,3,1,3,2,2,3,2,1,4,1,5,9,9,8,9,9,6,5,1,2,2,8,1,10,5,2,1,1,1,1,3,7,2,3,2,8,5,4,4,,,3,3,,,1,6,1,2,1,1,1,1,1,1,1,2,8,8,8,1,2,2,1,1,3,5,5,1,,4,,,b'\x11\xe8\xe1I\xc8\xdf\xc0\xe0\xaf\x82\x12\xdf\x17\xaeN\x1e'
11E8E149-C8DF-C0E0-AF82-12DF17AE4E1E,2018-ncaa-d1-natl,ncaa,45,57,31,59,47,97,76,125,49,54,83,51,215,217,180,255,171,159,232,153,223,121,95,83,92,117,302,263,242,27,5,153,69,64,11,113,217,276,236,186,96,80,153,101,,,313,335,,,53,146,329,278,184,134,274,78,166,252,280,240,224,216,275,277,52,279,156,167,203,134,197,,256,,,52,54,22,45,70,38,54,120,59,109,36,170,293,314,59,310,331,80,144,67,95,55,264,106,331,55,69,15,5,15,11,92,255,71,48,57,191,163,193,145,,,58,75,,,53,188,80,42,48,12,6,7,11,9,37,61,224,265,256,8,10,17,2,2,54,120,125,153,,146,,,b'\x11\xe8\xe1I\xc8\xdf\xc0\xe0\xaf\x82\x12\xdf\x17\xaeN\x1e'
11E8E149-C8DF-C0E0-AF82-12DF17AE4E1E,2018-ncaa-d1-ncaatournament,ncaa,33,2,33,33,34,49,44,37,52,46,37,52,43,45,43,31,51,51,57,51,50,39,34,51,54,56,35,29,50,42,45,56,41,50,50,45,35,38,60,55,44,42,61,61,,,31,60,,,58,34,2,7,48,37,11,37,19,31,25,50,48,49,19,2,31,54,46,39,64,31,61,,63,,,58,30,28,15,62,32,24,63,5,6,24,7,30,39,4,39,60,28,30,62,61,57,13,6,47,10,41,23,45,22,50,35,54,35,15,40,30,51,20,37,,,42,47,,,58,31,57,51,58,62,60,29,63,54,10,8,57,63,63,59,62,24,55,54,59,5,57,40,,30,,,b'\x11\xe8\xe1I\xc8\xdf\xc0\xe0\xaf\x82\x12\xdf\x17\xaeN\x1e'
11E8E149-C8DF-C0E0-AF82-12DF17AE4E1E,2019-ncaa-d0-natl,ncaa,163,180,114,177,145,193,169,233,111,131,149,136,245,274,137,262,179,219,100,220,221,228,151,134,126,221,262,251,162,96,19,121,35,106,10,127,79,338,337,247,145,125,203,175,,,317,338,,,164,182,254,131,211,196,293,141,164,254,283,191,230,230,297,190,97,125,91,121,324,163,213,,311,,,165,120,66,89,105,40,68,96,199,181,221,231,297,289,230,286,323,120,132,136,187,161,328,247,317,37,35,19,19,14,10,120,215,142,112,105,323,315,118,98,,,87,65,,,164,182,198,114,157,103,38,39,25,34,188,166,286,278,278,54,75,30,11,5,98,159,304,111,,83,,,b'\x11\xe8\xe1I\xc8\xdf\xc0\xe0\xaf\x82\x12\xdf\x17\xaeN\x1e'
11E8E149-C8DF-C0E0-AF82-12DF17AE4E1E,2019-ncaa-d1-conf-ASUN,ncaa,2,3,1,3,1,2,2,2,3,1,2,5,5,7,1,8,4,6,1,6,9,3,1,4,4,5,7,6,7,1,1,1,3,1,1,2,1,9,7,5,3,5,5,4,,,9,9,,,3,2,8,6,5,5,6,4,3,5,8,6,7,7,6,6,1,2,1,2,8,6,6,,9,,,4,6,3,8,2,2,5,1,7,7,6,5,9,9,7,9,9,8,8,2,3,4,8,7,9,3,3,3,1,3,1,5,6,4,6,3,9,7,3,1,,,1,3,,,3,8,4,3,4,3,2,2,1,2,6,5,9,7,7,3,3,3,1,1,2,7,7,3,,3,,,b'\x11\xe8\xe1I\xc8\xdf\xc0\xe0\xaf\x82\x12\xdf\x17\xaeN\x1e'
11E8E149-C8DF-C0E0-AF82-12DF17AE4E1E,2019-ncaa-d1-natl,ncaa,164,180,107,177,129,201,183,239,121,138,152,142,255,275,147,265,178,203,111,205,207,242,159,145,134,230,261,257,145,98,22,127,41,102,14,130,93,337,336,261,161,135,214,189,,,311,337,,,178,191,262,132,232,220,302,152,169,269,284,183,216,220,303,199,102,139,105,138,327,176,224,,300,,,179,119,65,80,108,43,62,102,192,183,208,229,289,284,221,278,322,112,127,134,181,160,324,236,314,40,41,10,22,8,14,109,213,142,108,104,325,322,114,103,,,80,63,,,178,171,213,109,170,104,34,36,25,30,176,165,281,274,273,53,67,32,12,7,97,162,314,109,,83,,,b'\x11\xe8\xe1I\xc8\xdf\xc0\xe0\xaf\x82\x12\xdf\x17\xaeN\x1e'
11E8E149-C8DF-C0E0-AF82-12DF17AE4E1E,2020-ncaa-d0-natl,ncaa,66,81,33,80,46,57,46,98,47,40,94,41,167,178,137,217,102,77,225,73,145,88,65,62,71,92,269,241,203,43,28,110,72,57,29,102,239,264,196,172,201,216,288,267,,,340,338,,,96,103,237,64,84,68,166,55,135,195,208,143,121,119,164,130,61,171,98,133,211,236,313,,319,,,98,237,127,133,141,43,30,185,321,325,215,335,338,329,208,330,347,190,205,217,257,233,350,318,324,84,72,58,28,54,29,185,223,123,134,134,174,107,250,186,,,35,75,,,96,234,63,194,103,153,58,37,18,5,296,309,309,302,301,81,87,44,22,22,128,164,127,214,,70,,,b'\x11\xe8\xe1I\xc8\xdf\xc0\xe0\xaf\x82\x12\xdf\x17\xaeN\x1e'
11E8E149-C8DF-C0E0-AF82-12DF17AE4E1E,2020-ncaa-d1-conf-ASUN,ncaa,2,2,1,2,1,2,2,3,1,2,3,3,5,5,2,6,1,1,6,1,5,3,2,3,3,3,6,7,3,2,1,4,3,2,1,3,5,6,3,3,4,6,9,9,,,9,9,,,3,3,8,1,2,3,4,3,3,6,7,1,2,2,3,3,2,5,3,3,3,6,9,,8,,,3,7,4,6,5,2,2,5,7,9,4,9,9,8,7,8,9,6,5,6,6,6,9,8,8,2,3,1,1,1,1,8,9,5,5,7,2,2,7,6,,,1,1,,,3,6,2,6,3,5,3,2,2,1,7,8,8,7,7,2,2,2,1,1,6,5,2,7,,1,,,b'\x11\xe8\xe1I\xc8\xdf\xc0\xe0\xaf\x82\x12\xdf\x17\xaeN\x1e'
11E8E149-C8DF-C0E0-AF82-12DF17AE4E1E,2020-ncaa-d1-natl,ncaa,76,81,45,83,61,71,61,132,50,49,116,42,177,196,145,218,123,96,226,93,147,117,101,64,77,100,268,238,197,58,29,142,77,78,29,122,239,245,201,177,227,226,303,268,,,331,341,,,108,138,247,51,96,73,176,60,140,198,209,144,125,121,172,135,65,181,106,140,218,246,313,,323,,,112,222,102,96,149,29,16,197,316,321,223,336,329,322,209,323,347,147,155,223,265,248,350,319,325,69,77,42,29,39,29,174,226,153,141,141,148,113,241,197,,,48,73,,,108,194,67,216,117,166,64,40,20,5,299,311,315,307,306,82,87,48,24,24,135,175,130,218,,70,,,b'\x11\xe8\xe1I\xc8\xdf\xc0\xe0\xaf\x82\x12\xdf\x17\xaeN\x1e'
11E8E149-C8DF-C0E0-AF82-12DF17AE4E1E,2021-ncaa-d0-natl,ncaa,44,83,59,64,70,50,43,66,33,38,66,29,66,76,84,148,158,147,224,147,252,76,73,38,55,57,244,154,302,30,28,52,53,40,20,38,101,245,125,67,122,178,147,143,,,279,246,,,46,90,195,178,55,38,87,46,142,96,126,244,235,238,121,127,63,62,40,31,145,196,219,,214,,,49,237,166,243,33,92,129,37,332,335,207,337,317,300,253,296,330,247,250,89,132,141,341,338,305,195,53,170,28,174,20,191,198,107,177,123,223,129,153,69,,,79,157,,,46,257,32,118,47,130,41,110,4,5,320,331,278,257,257,136,115,85,30,30,93,200,141,79,,135,,,b'\x11\xe8\xe1I\xc8\xdf\xc0\xe0\xaf\x82\x12\xdf\x17\xaeN\x1e'
11E8E149-C8DF-C0E0-AF82-12DF17AE4E1E,2021-ncaa-d1-conf-ASUN,ncaa,2,2,1,2,1,2,2,2,2,1,1,2,4,5,2,7,5,5,5,5,8,2,1,3,4,3,8,6,7,1,1,2,3,1,1,2,4,9,2,3,2,5,5,3,,,9,7,,,2,2,8,6,2,2,3,1,4,6,7,6,8,8,4,4,3,4,1,3,4,6,6,,7,,,2,7,5,8,1,2,4,1,7,7,5,7,9,9,7,9,8,8,7,2,3,2,8,6,9,5,3,3,1,3,1,4,5,2,4,2,7,5,5,3,,,2,3,,,2,8,2,2,2,2,2,2,2,2,6,7,8,8,8,3,1,2,1,1,2,4,5,4,,2,,,b'\x11\xe8\xe1I\xc8\xdf\xc0\xe0\xaf\x82\x12\xdf\x17\xaeN\x1e'
11E8E149-C8DF-C0E0-AF82-12DF17AE4E1E,2021-ncaa-d1-natl,ncaa,30,82,30,59,37,33,25,33,32,25,44,30,46,59,75,132,147,128,211,125,250,39,33,37,49,53,226,138,303,20,35,30,49,19,21,22,92,277,119,61,99,186,147,153,,,306,245,,,35,47,194,193,52,39,88,54,147,87,116,246,240,242,120,135,72,72,47,29,133,202,232,,206,,,46,281,215,271,42,114,154,56,339,338,203,336,333,324,260,322,332,286,289,110,151,156,341,338,305,216,49,218,35,216,21,231,198,70,162,121,250,113,162,66,,,49,153,,,35,302,30,123,40,134,40,91,4,3,316,329,282,263,254,124,111,67,33,28,96,179,127,71,,139,,,b'\x11\xe8\xe1I\xc8\xdf\xc0\xe0\xaf\x82\x12\xdf\x17\xaeN\x1e'
11E8E149-C8DF-C0E0-AF82-12DF17AE4E1E,2022-ncaa-d0-natl,ncaa,23,7,112,9,124,141,120,196,38,87,170,24,209,220,201,211,212,196,248,197,205,201,187,54,68,115,286,249,261,62,6,57,3,51,2,60,37,236,236,101,324,325,102,51,,,259,322,,,44,243,349,103,166,123,291,82,213,237,242,242,223,229,288,273,64,36,25,37,200,341,108,,226,,,37,39,25,114,8,22,81,15,132,225,32,275,191,222,87,226,287,118,92,14,16,44,323,258,305,27,3,8,6,7,2,8,29,288,261,62,183,194,178,180,,,122,70,,,44,117,63,29,31,9,4,38,5,27,107,192,163,197,203,34,6,13,2,1,2,317,162,152,,130,,,b'\x11\xe8\xe1I\xc8\xdf\xc0\xe0\xaf\x82\x12\xdf\x17\xaeN\x1e'
11E8E149-C8DF-C0E0-AF82-12DF17AE4E1E,2022-ncaa-d1-conf-ASUN,ncaa,2,2,4,2,5,5,3,8,1,1,6,2,8,10,4,8,7,6,12,6,6,6,7,2,2,2,11,9,9,3,1,2,2,1,1,2,2,6,5,2,12,12,6,4,,,6,10,,,2,9,12,3,5,2,11,1,7,8,11,7,5,5,9,11,2,1,1,2,6,12,6,,6,,,2,1,1,3,1,1,7,1,4,5,3,5,8,10,5,10,8,4,3,1,1,3,6,5,12,2,2,1,1,1,1,1,3,11,11,4,8,8,6,6,,,5,2,,,2,4,2,3,2,1,1,1,2,6,4,4,7,9,9,3,1,3,1,1,1,12,8,6,,4,,,b'\x11\xe8\xe1I\xc8\xdf\xc0\xe0\xaf\x82\x12\xdf\x17\xaeN\x1e'
11E8E149-C8DF-C0E0-AF82-12DF17AE4E1E,2022-ncaa-d1-natl,ncaa,11,7,32,8,37,87,62,119,26,47,113,19,168,162,180,198,185,155,251,159,215,124,110,42,56,88,287,236,274,34,6,22,3,20,2,23,32,280,218,80,290,306,67,35,,,292,309,,,20,141,349,129,152,96,278,70,212,217,231,249,235,242,287,277,66,36,18,28,184,329,102,,198,,,19,64,40,176,4,28,112,7,183,284,34,288,213,246,79,249,274,188,169,4,9,25,331,278,299,51,3,20,6,18,2,12,46,230,236,52,234,193,197,158,,,87,105,,,20,215,42,16,16,5,2,29,4,23,108,201,134,157,162,28,5,12,2,1,2,310,155,137,,172,,,b'\x11\xe8\xe1I\xc8\xdf\xc0\xe0\xaf\x82\x12\xdf\x17\xaeN\x1e'
11E8E149-C8DF-C0E0-AF82-12DF17AE4E1E,2023-ncaa-d0-natl,ncaa,59,39,116,49,128,94,78,140,19,89,174,21,110,147,56,139,236,231,195,225,251,153,174,25,39,47,231,144,329,108,46,95,131,99,31,58,89,134,142,60,322,335,14,10,,,240,278,,,87,207,306,67,79,53,191,68,206,101,144,259,262,259,219,244,122,78,74,40,113,337,12,,228,,,86,199,102,194,69,68,216,20,249,153,346,128,303,301,207,302,285,228,153,90,124,233,331,256,314,189,131,27,46,55,31,38,38,326,340,217,205,216,22,24,,,221,231,,,87,156,33,234,78,163,82,151,53,186,238,135,295,292,292,210,78,177,12,22,32,346,185,13,,245,,,b'\x11\xe8\xe1I\xc8\xdf\xc0\xe0\xaf\x82\x12\xdf\x17\xaeN\x1e'
11E8E149-C8DF-C0E0-AF82-12DF17AE4E1E,2023-ncaa-d1-conf-ASUN,ncaa,2,2,1,2,1,2,2,2,2,1,2,2,5,5,3,7,9,9,3,9,14,2,2,2,2,2,9,6,11,2,1,1,4,1,1,2,3,8,5,2,11,12,1,1,,,13,9,,,2,4,11,2,3,2,8,1,7,6,6,10,10,10,7,7,4,3,2,2,3,12,1,,7,,,2,10,8,13,2,4,13,1,11,8,14,5,13,13,12,13,7,13,13,4,4,5,14,10,10,11,4,5,1,7,1,6,4,9,13,7,12,8,1,1,,,8,10,,,2,11,2,5,2,5,3,8,1,7,8,6,10,10,11,7,7,7,2,4,3,13,5,1,,10,,,b'\x11\xe8\xe1I\xc8\xdf\xc0\xe0\xaf\x82\x12\xdf\x17\xaeN\x1e'
11E8E149-C8DF-C0E0-AF82-12DF17AE4E1E,2023-ncaa-d1-natl,ncaa,45,39,56,42,64,73,58,115,20,65,150,23,89,119,51,133,230,219,200,211,252,130,124,20,32,51,220,135,337,94,43,60,110,56,26,38,65,192,155,59,306,325,14,10,,,253,252,,,77,150,308,77,83,55,206,75,213,98,142,276,275,270,233,250,124,72,69,33,133,330,12,,189,,,79,228,155,246,64,92,259,17,269,192,343,138,302,307,197,308,279,271,217,86,117,221,332,264,307,211,110,44,43,78,26,49,43,311,337,209,246,230,21,20,,,189,242,,,77,218,35,222,75,138,74,142,50,167,237,142,284,278,277,186,69,162,9,22,29,342,197,11,,260,,,b'\x11\xe8\xe1I\xc8\xdf\xc0\xe0\xaf\x82\x12\xdf\x17\xaeN\x1e'
11E8E149-C8DF-C0E0-AF82-12DF17AE4E1E,2024-ncaa-d0-natl,ncaa,154,176,94,173,103,131,116,147,95,142,175,116,90,121,59,128,252,262,119,261,283,161,146,92,104,131,163,99,309,89,49,88,222,79,67,92,84,247,215,123,349,351,48,53,,,271,254,,,215,173,281,115,155,130,216,177,218,105,155,284,294,291,250,238,110,79,74,91,187,353,48,,231,,,214,280,241,285,93,183,267,61,296,264,272,193,322,312,251,314,269,295,225,120,160,298,314,249,287,301,222,76,49,171,67,193,142,350,354,342,267,244,13,13,,,257,321,,,215,205,106,313,205,247,189,270,132,240,279,236,298,283,288,293,157,277,35,112,149,356,236,7,,312,,,b'\x11\xe8\xe1I\xc8\xdf\xc0\xe0\xaf\x82\x12\xdf\x17\xaeN\x1e'
11E8E149-C8DF-C0E0-AF82-12DF17AE4E1E,2024-ncaa-d1-conf-CUSA,ncaa,2,2,1,2,2,2,2,1,3,2,2,3,2,3,2,4,7,7,2,7,8,2,1,2,2,2,6,2,8,1,1,2,3,1,1,1,2,3,2,2,9,9,2,3,,,8,6,,,2,4,8,7,2,2,4,2,6,2,4,8,9,9,6,7,1,2,1,1,2,9,2,,5,,,2,7,7,9,2,8,9,2,7,6,5,3,8,8,5,8,5,9,9,2,2,7,6,6,7,8,3,1,1,2,1,5,2,9,9,8,7,4,1,1,,,8,9,,,2,9,2,7,2,4,5,7,5,8,5,5,7,6,6,7,2,5,1,2,3,9,2,1,,9,,,b'\x11\xe8\xe1I\xc8\xdf\xc0\xe0\xaf\x82\x12\xdf\x17\xaeN\x1e'
11E8E149-C8DF-C0E0-AF82-12DF17AE4E1E,2024-ncaa-d1-natl,ncaa,137,177,38,166,47,116,103,108,105,124,151,125,77,96,68,121,239,249,154,247,281,130,102,102,114,140,161,95,312,62,48,57,197,41,54,79,96,286,224,139,351,354,40,47,,,288,259,,,218,120,289,128,166,137,215,189,226,104,143,294,298,296,251,234,96,74,58,100,198,355,48,,224,,,215,305,271,323,86,217,296,54,318,303,266,213,323,316,261,316,249,327,273,109,148,295,322,269,279,318,197,122,48,218,54,234,162,352,356,345,296,251,14,14,,,241,331,,,218,254,109,308,204,238,183,270,122,231,286,247,288,274,276,290,146,265,34,105,161,359,244,9,,325,,,b'\x11\xe8\xe1I\xc8\xdf\xc0\xe0\xaf\x82\x12\xdf\x17\xaeN\x1e'
11E8E149-C8DF-C0E0-AF82-12DF17AE4E1E,2025-ncaa-d0-natl,genius_ncaa,49,26,135,38,177,108,95,165,42,144,227,51,56,114,23,86,243,284,55,282,264,187,178,26,29,74,116,62,319,135,38,102,69,110,13,105,154,270,249,153,289,291,37,19,,,161,199,,171,71,191,239,269,89,73,187,147,252,43,98,264,304,303,233,209,140,80,89,90,241,307,24,,147,,163,68,108,82,157,52,54,166,39,185,175,210,186,218,226,152,233,248,175,154,64,81,116,293,248,280,106,69,12,38,16,13,63,97,242,236,145,313,306,20,30,,,201,218,,100,71,166,64,111,69,85,63,125,54,130,177,157,212,222,225,132,88,95,7,10,53,259,304,13,,226,,100,b'\x11\xe8\xe1I\xc8\xdf\xc0\xe0\xaf\x82\x12\xdf\x17\xaeN\x1e'
11E8E149-C8DF-C0E0-AF82-12DF17AE4E1E,2025-ncaa-d1-conf-CUSA,genius_ncaa,1,1,1,1,2,1,1,1,1,1,6,1,1,1,1,2,9,9,1,9,9,2,2,1,1,2,2,2,10,2,2,1,1,1,1,2,4,7,5,3,7,8,2,2,,,6,3,,6,2,3,9,8,2,2,2,3,9,1,3,9,10,10,6,5,3,1,1,2,5,8,2,,3,,4,2,4,4,10,2,4,10,2,5,4,9,4,4,4,3,5,2,9,8,2,2,2,6,7,4,4,1,2,2,2,1,4,4,8,9,6,9,9,2,2,,,8,9,,6,2,8,1,2,2,2,3,6,2,10,5,4,3,3,3,6,2,3,2,1,3,9,8,2,,9,,7,b'\x11\xe8\xe1I\xc8\xdf\xc0\xe0\xaf\x82\x12\xdf\x17\xaeN\x1e'
11E8E149-C8DF-C0E0-AF82-12DF17AE4E1E,2025-ncaa-d1-natl,genius_ncaa,34,26,72,30,101,64,57,116,24,86,190,33,30,76,15,87,241,282,59,283,295,141,116,18,20,54,124,60,338,100,30,58,70,56,9,62,131,292,237,121,269,288,22,18,,,175,149,,178,45,127,234,269,66,53,163,102,236,37,88,281,312,315,220,201,132,62,64,60,234,294,22,,113,,149,44,146,112,225,30,73,226,21,226,235,186,197,228,239,139,247,223,243,221,41,43,89,298,265,265,163,70,13,30,35,9,79,108,220,245,145,333,307,22,27,,,195,265,,91,45,228,45,92,47,75,50,144,45,143,183,178,188,198,204,148,99,121,4,9,55,263,304,13,,262,,106,b'\x11\xe8\xe1I\xc8\xdf\xc0\xe0\xaf\x82\x12\xdf\x17\xaeN\x1e'
11E8E149-C8DF-C0E0-AF82-12DF17AE4E1E,2025-ncaa-d1-ncaatournament,genius_ncaa,37,2,37,37,38,37,37,47,15,39,43,15,42,57,23,46,38,37,44,36,15,42,45,15,12,11,38,41,30,31,1,47,51,38,5,36,18,16,27,18,66,66,39,21,,,15,37,,24,25,61,59,7,10,9,26,10,22,24,36,17,17,13,18,21,3,39,10,13,29,66,23,,31,,43,26,19,13,19,30,3,7,17,37,31,58,64,15,12,60,9,28,20,10,43,42,57,67,67,24,24,51,1,1,3,5,13,31,65,64,62,13,26,50,66,,,42,19,,54,25,5,3,61,32,49,41,46,15,21,65,64,37,23,14,47,22,52,1,8,38,64,26,67,,20,,41,b'\x11\xe8\xe1I\xc8\xdf\xc0\xe0\xaf\x82\x12\xdf\x17\xaeN\x1e'
11E8E149-C8DF-C0E0-AF82-12DF17AE4E1E,2026-ncaa-d0-natl,genius_ncaa,163,39,327,95,334,316,316,348,82,328,345,152,238,328,12,196,315,306,286,301,87,347,340,65,76,152,85,73,208,264,21,279,196,289,35,246,45,107,333,211,342,310,273,179,,,11,84,,153,162,347,242,97,161,170,312,215,261,82,231,189,152,139,296,174,92,35,32,85,334,312,169,,98,,312,153,9,12,36,56,15,25,94,69,107,86,322,15,11,171,11,88,26,17,65,63,150,240,296,102,71,196,3,21,7,35,26,183,352,328,282,109,312,107,294,,,329,142,,344,162,13,135,182,160,159,172,311,120,192,271,333,95,97,97,283,191,299,15,84,176,324,306,270,,141,,318,b'\x11\xe8\xe1I\xc8\xdf\xc0\xe0\xaf\x82\x12\xdf\x17\xaeN\x1e'
11E8E149-C8DF-C0E0-AF82-12DF17AE4E1E,2026-ncaa-d1-natl,genius_ncaa,110,39,271,67,286,252,240,307,98,262,315,117,163,243,75,124,283,285,218,271,136,310,305,87,97,155,124,98,248,132,12,176,144,172,12,162,41,174,291,158,315,282,174,100,,,26,79,,279,119,329,254,100,146,144,219,184,240,88,148,222,209,190,219,156,35,30,12,59,295,273,119,,89,,330,101,19,22,93,28,12,41,49,182,255,78,347,20,11,231,12,60,68,44,38,26,70,300,342,71,128,144,6,12,13,12,77,267,328,287,259,141,236,158,263,,,312,242,,337,119,38,113,104,95,86,95,288,52,98,288,349,55,40,38,235,153,255,15,63,169,283,251,242,,223,,319,b'\x11\xe8\xe1I\xc8\xdf\xc0\xe0\xaf\x82\x12\xdf\x17\xaeN\x1e'
11E8E149-C8E4-69D8-AF82-12DF17AE4E1E,2010-ncaa-d0-natl,ncaa,321,332,178,327,192,247,258,216,297,301,310,211,104,38,301,23,229,200,282,196,45,213,231,271,280,244,47,49,180,302,336,192,303,252,337,186,62,82,128,137,263,281,300,309,,,98,63,,,301,189,151,111,258,278,192,312,320,85,26,231,183,178,199,233,310,184,271,168,104,259,301,,112,,,296,243,234,226,185,172,168,184,295,277,247,278,163,157,192,154,177,221,187,216,205,248,257,285,114,299,303,323,336,325,337,217,167,225,262,257,227,252,124,241,,,140,58,,,301,162,268,302,294,285,275,297,193,200,306,297,184,181,180,295,261,315,331,337,242,216,238,138,,96,,,b'\x11\xe8\xe1I\xc8\xe4i\xd8\xaf\x82\x12\xdf\x17\xaeN\x1e'
11E8E149-C8E4-69D8-AF82-12DF17AE4E1E,2010-ncaa-d1-conf-ASUN,ncaa,9,9,9,9,9,8,9,9,6,9,9,5,4,3,5,2,7,7,5,7,1,9,9,6,5,4,2,2,3,9,9,9,9,9,9,5,1,2,5,3,9,8,9,9,,,1,2,,,8,9,5,2,6,7,8,8,9,3,2,4,4,4,7,8,9,9,9,3,3,7,9,,4,,,8,6,7,2,9,5,3,7,4,2,9,3,3,3,8,3,4,1,1,9,9,9,3,5,4,4,9,5,9,6,9,3,3,8,6,7,4,7,3,7,,,6,1,,,8,1,5,9,8,9,9,7,9,8,8,3,5,4,4,7,7,8,9,9,7,6,6,5,,2,,,b'\x11\xe8\xe1I\xc8\xe4i\xd8\xaf\x82\x12\xdf\x17\xaeN\x1e'
11E8E149-C8E4-69D8-AF82-12DF17AE4E1E,2010-ncaa-d1-natl,ncaa,327,332,191,329,207,263,277,229,303,312,322,216,107,42,303,22,242,207,283,201,44,226,254,277,282,247,46,49,176,316,336,213,308,271,338,196,63,67,128,144,274,286,303,310,,,80,68,,,308,214,152,106,268,284,194,313,320,86,26,229,182,176,201,236,309,187,274,171,104,262,302,,112,,,307,234,225,216,188,160,150,192,293,270,251,278,157,147,196,145,179,209,168,222,209,261,255,284,114,296,308,317,336,323,338,212,169,240,264,267,219,254,119,247,,,153,58,,,308,138,274,308,304,290,283,300,198,202,308,297,186,186,185,297,260,316,332,337,246,223,237,139,,96,,,b'\x11\xe8\xe1I\xc8\xe4i\xd8\xaf\x82\x12\xdf\x17\xaeN\x1e'
11E8E149-C8E4-69D8-AF82-12DF17AE4E1E,2011-ncaa-d0-natl,ncaa,262,279,170,270,194,187,228,139,294,302,275,295,39,22,152,17,190,228,92,222,118,152,177,238,228,196,9,14,182,281,325,246,322,277,337,205,146,87,97,150,239,270,171,204,,,148,107,,,280,139,84,113,177,235,92,309,280,19,11,181,225,217,112,149,282,248,292,187,105,244,170,,179,,,279,269,253,239,232,260,262,192,189,152,280,111,278,229,314,232,198,250,233,221,248,262,171,140,228,304,322,330,325,332,337,203,128,166,213,196,133,149,108,177,,,164,136,,,280,201,228,292,277,303,287,281,283,298,206,155,289,258,258,297,298,315,336,337,222,143,157,121,,121,,,b'\x11\xe8\xe1I\xc8\xe4i\xd8\xaf\x82\x12\xdf\x17\xaeN\x1e'
11E8E149-C8E4-69D8-AF82-12DF17AE4E1E,2011-ncaa-d1-conf-ASUN,ncaa,7,7,5,7,8,5,8,6,8,9,8,8,1,1,4,1,5,8,2,8,3,6,8,7,5,4,1,1,4,8,9,8,8,9,9,5,3,1,3,3,9,9,8,7,,,4,6,,,8,5,4,8,5,8,6,8,8,1,1,4,9,9,6,7,8,9,9,5,2,8,7,,6,,,8,7,7,3,9,8,6,9,3,1,8,1,7,7,8,7,7,3,4,9,9,9,2,2,7,5,8,8,9,7,9,3,3,5,4,4,1,2,3,7,,,4,2,,,8,4,4,8,8,8,8,5,9,8,4,2,8,8,8,5,5,5,9,8,3,3,2,3,,3,,,b'\x11\xe8\xe1I\xc8\xe4i\xd8\xaf\x82\x12\xdf\x17\xaeN\x1e'
11E8E149-C8E4-69D8-AF82-12DF17AE4E1E,2011-ncaa-d1-natl,ncaa,268,277,199,274,224,208,242,159,297,310,294,299,43,26,153,17,204,243,90,238,119,178,207,245,234,202,9,14,179,293,327,267,325,297,337,218,147,69,97,156,256,278,179,210,,,131,106,,,288,167,85,107,186,240,96,312,282,19,11,180,227,223,115,154,287,249,295,192,105,249,173,,179,,,284,256,237,219,237,243,245,200,179,135,282,111,267,218,318,222,197,228,212,229,255,269,169,137,227,297,325,327,327,329,337,196,129,187,220,203,121,151,97,183,,,183,136,,,288,174,231,301,284,307,289,283,285,302,209,157,292,257,258,298,297,315,338,338,229,152,157,126,,123,,,b'\x11\xe8\xe1I\xc8\xe4i\xd8\xaf\x82\x12\xdf\x17\xaeN\x1e'
11E8E149-C8E4-69D8-AF82-12DF17AE4E1E,2012-ncaa-d0-natl,ncaa,305,309,240,310,263,259,294,286,278,335,312,310,73,113,38,69,185,104,330,102,6,263,206,212,228,277,11,24,86,248,275,195,293,225,293,308,273,309,317,325,288,306,310,322,,,261,278,,,325,184,61,177,233,295,271,336,310,48,77,148,51,49,230,119,226,116,176,305,327,280,310,,313,,,325,280,265,237,247,244,215,239,274,239,269,195,257,272,129,268,241,251,193,258,258,303,219,221,184,287,293,218,275,266,293,202,103,286,318,286,305,318,266,329,,,106,44,,,325,156,292,323,322,325,314,326,294,299,300,281,293,304,303,330,309,324,295,322,246,271,318,294,,33,,,b'\x11\xe8\xe1I\xc8\xe4i\xd8\xaf\x82\x12\xdf\x17\xaeN\x1e'
11E8E149-C8E4-69D8-AF82-12DF17AE4E1E,2012-ncaa-d1-conf-ASUN,ncaa,9,9,9,9,9,9,10,9,8,10,10,9,3,3,2,2,6,4,9,3,1,9,9,5,5,7,2,2,2,9,8,9,9,8,9,10,7,9,10,10,9,9,10,10,,,5,6,,,9,8,3,4,8,10,9,10,9,2,3,4,1,1,8,5,6,6,6,10,10,8,10,,7,,,9,4,8,8,6,5,5,5,8,8,9,8,3,3,5,3,4,6,4,8,8,9,7,10,3,8,9,6,8,7,9,7,7,9,10,10,9,10,4,10,,,3,2,,,9,3,9,9,9,9,10,10,7,9,10,10,4,4,4,10,10,10,7,10,8,8,10,7,,1,,,b'\x11\xe8\xe1I\xc8\xe4i\xd8\xaf\x82\x12\xdf\x17\xaeN\x1e'
11E8E149-C8E4-69D8-AF82-12DF17AE4E1E,2012-ncaa-d1-natl,ncaa,311,306,286,315,300,275,312,308,285,337,322,316,82,124,41,69,196,112,330,110,4,288,246,224,233,282,10,23,81,265,283,227,297,257,300,318,274,302,318,326,304,309,320,325,,,253,280,,,326,218,65,166,244,299,273,337,311,54,78,144,51,50,234,124,231,119,183,310,327,285,314,,315,,,326,268,251,217,253,231,196,242,267,225,274,196,247,263,134,257,245,233,160,263,263,308,224,221,187,281,297,198,283,252,300,189,105,302,320,289,295,320,261,329,,,122,39,,,326,123,298,326,324,325,317,328,297,299,302,279,296,304,303,331,310,325,299,325,250,275,321,296,,30,,,b'\x11\xe8\xe1I\xc8\xe4i\xd8\xaf\x82\x12\xdf\x17\xaeN\x1e'
11E8E149-C8E4-69D8-AF82-12DF17AE4E1E,2013-ncaa-d0-natl,ncaa,334,332,251,335,294,330,336,333,325,344,343,306,74,52,196,8,305,300,216,302,26,332,323,267,266,309,1,9,149,338,341,245,224,322,321,317,161,247,334,320,345,344,335,335,,,123,230,,,340,303,253,267,334,343,339,345,343,51,31,288,284,285,338,310,338,196,319,321,288,343,335,,186,,,340,241,244,168,299,222,101,311,267,253,214,280,140,131,216,124,175,145,60,304,305,338,207,258,106,171,224,185,341,177,321,227,172,345,343,342,124,242,204,342,,,286,149,,,340,40,331,341,340,304,301,283,280,170,295,298,203,186,175,262,124,232,267,272,280,341,172,242,,254,,,b'\x11\xe8\xe1I\xc8\xe4i\xd8\xaf\x82\x12\xdf\x17\xaeN\x1e'
11E8E149-C8E4-69D8-AF82-12DF17AE4E1E,2013-ncaa-d1-conf-ASUN,ncaa,10,9,9,10,10,9,10,10,10,10,10,10,3,2,8,2,7,9,6,8,2,10,10,9,9,9,2,2,2,10,10,10,10,10,10,9,4,9,10,9,10,10,10,10,,,5,7,,,10,8,4,6,9,10,9,10,9,2,2,7,7,7,8,7,10,6,9,8,10,10,10,,7,,,10,9,9,8,10,8,6,9,7,7,8,6,6,6,8,6,6,5,3,10,9,10,4,6,5,6,10,8,10,9,10,8,6,10,10,10,4,5,8,10,,,9,8,,,10,3,10,10,10,9,10,9,8,8,9,8,7,7,7,10,7,9,10,10,9,9,4,8,,8,,,b'\x11\xe8\xe1I\xc8\xe4i\xd8\xaf\x82\x12\xdf\x17\xaeN\x1e'
11E8E149-C8E4-69D8-AF82-12DF17AE4E1E,2013-ncaa-d1-natl,ncaa,335,331,292,336,322,337,342,341,328,345,344,312,79,57,200,8,313,308,216,311,26,342,336,268,269,312,1,9,141,340,341,269,227,331,322,323,164,237,335,322,345,344,338,335,,,108,234,,,340,323,256,267,335,344,339,345,344,52,31,288,287,287,339,311,338,199,322,321,287,343,335,,190,,,341,228,236,147,301,210,79,316,260,241,216,280,130,119,215,115,177,119,37,306,308,339,203,257,105,153,227,167,341,161,322,220,176,345,343,342,119,242,194,342,,,298,144,,,340,21,334,343,341,307,305,285,283,175,296,297,205,188,178,265,124,233,270,276,283,342,174,245,,252,,,b'\x11\xe8\xe1I\xc8\xe4i\xd8\xaf\x82\x12\xdf\x17\xaeN\x1e'
11E8E149-C8E4-69D8-AF82-12DF17AE4E1E,2014-ncaa-d0-natl,ncaa,312,326,180,318,198,160,208,134,288,293,264,290,43,38,111,41,166,175,112,175,85,142,152,215,202,175,20,31,171,291,338,220,246,263,336,237,231,122,107,204,219,250,345,347,,,197,146,,,338,105,25,107,125,197,65,298,269,29,32,139,173,171,75,93,288,209,266,240,142,210,346,,238,,,336,343,342,278,347,341,289,337,307,197,347,133,235,241,180,237,152,277,245,347,346,349,110,199,78,209,246,332,338,312,336,333,168,234,297,329,135,144,330,341,,,210,250,,,338,252,237,347,329,346,345,333,345,327,326,221,263,266,263,331,318,235,343,336,332,226,168,338,,193,,,b'\x11\xe8\xe1I\xc8\xe4i\xd8\xaf\x82\x12\xdf\x17\xaeN\x1e'
11E8E149-C8E4-69D8-AF82-12DF17AE4E1E,2014-ncaa-d1-conf-ASUN,ncaa,9,9,5,9,5,4,5,5,8,6,7,7,2,2,4,3,3,4,2,4,3,4,5,4,4,4,2,3,3,9,10,9,10,9,10,6,6,4,3,6,5,7,10,10,,,8,6,,,10,4,2,3,3,5,2,7,7,2,2,2,4,4,2,4,8,10,10,6,3,5,10,,9,,,9,10,10,8,10,10,9,10,8,7,10,3,6,6,7,6,4,8,8,10,10,10,2,7,2,6,10,9,10,9,10,10,6,5,7,10,3,3,10,10,,,5,6,,,10,7,5,10,9,10,10,8,10,10,10,6,6,6,6,9,8,6,10,9,10,6,3,10,,4,,,b'\x11\xe8\xe1I\xc8\xe4i\xd8\xaf\x82\x12\xdf\x17\xaeN\x1e'
11E8E149-C8E4-69D8-AF82-12DF17AE4E1E,2014-ncaa-d1-natl,ncaa,319,325,211,323,232,178,232,156,292,307,280,294,48,47,108,41,187,199,110,199,85,163,180,221,205,182,20,29,168,301,338,247,254,279,340,256,238,104,109,213,227,251,346,346,,,177,146,,,339,129,27,90,131,202,70,302,270,29,33,146,174,174,77,97,290,217,270,248,142,212,346,,235,,,337,343,342,262,348,340,278,337,301,184,347,132,222,219,187,215,154,262,222,348,347,349,107,201,82,187,254,328,338,306,340,328,171,255,299,330,124,145,327,341,,,235,251,,,339,231,243,348,330,346,345,333,344,329,326,224,266,267,264,332,318,240,343,337,333,232,169,338,,198,,,b'\x11\xe8\xe1I\xc8\xe4i\xd8\xaf\x82\x12\xdf\x17\xaeN\x1e'
11E8E149-C8E4-69D8-AF82-12DF17AE4E1E,2015-ncaa-d0-natl,ncaa,294,279,283,295,314,259,274,308,170,338,343,182,45,70,44,14,304,332,41,332,178,314,321,82,85,107,16,9,297,348,349,273,193,340,341,180,53,68,205,116,277,254,339,336,,,117,202,,,293,282,110,272,187,222,259,329,330,21,33,274,319,320,287,292,348,190,336,111,148,251,339,,216,,,295,209,183,97,296,151,43,336,261,278,151,316,206,214,156,203,285,108,68,315,314,336,264,261,182,99,193,210,349,171,341,224,245,293,276,304,59,158,245,344,,,323,232,,,293,68,214,330,292,320,307,254,269,95,306,326,269,276,271,281,220,185,315,296,311,260,125,296,,294,,,b'\x11\xe8\xe1I\xc8\xe4i\xd8\xaf\x82\x12\xdf\x17\xaeN\x1e'
11E8E149-C8E4-69D8-AF82-12DF17AE4E1E,2015-ncaa-d1-conf-ASUN,ncaa,7,7,5,7,7,4,5,8,3,7,7,4,3,3,1,3,6,7,2,7,6,8,8,3,3,3,3,2,6,8,8,8,8,8,8,3,1,3,4,2,5,4,8,8,,,5,4,,,7,6,3,4,3,4,7,6,6,2,3,5,6,6,8,7,8,7,8,2,3,4,8,,5,,,7,8,8,6,8,8,4,8,5,5,7,5,6,5,7,5,6,5,4,8,8,8,4,5,3,7,8,4,8,6,8,8,6,6,7,7,3,4,7,8,,,6,6,,,7,3,4,8,7,8,8,7,8,6,6,6,7,6,6,7,6,7,6,7,8,6,4,7,,6,,,b'\x11\xe8\xe1I\xc8\xe4i\xd8\xaf\x82\x12\xdf\x17\xaeN\x1e'
11E8E149-C8E4-69D8-AF82-12DF17AE4E1E,2015-ncaa-d1-natl,ncaa,291,279,298,293,328,243,264,308,149,337,344,173,36,63,33,13,297,337,33,335,170,324,332,69,75,93,13,8,300,348,349,250,169,344,341,152,39,85,207,99,281,258,339,336,,,121,196,,,289,267,99,275,168,209,260,329,331,15,32,275,318,319,286,293,348,173,332,94,148,254,339,,215,,,290,239,221,115,295,172,38,337,278,301,156,322,207,219,149,213,285,132,72,318,317,334,266,275,174,97,169,248,349,187,341,248,246,295,283,306,66,171,247,344,,,322,235,,,289,87,211,330,289,322,310,267,271,98,316,332,263,272,271,290,229,176,316,292,310,265,131,297,,296,,,b'\x11\xe8\xe1I\xc8\xe4i\xd8\xaf\x82\x12\xdf\x17\xaeN\x1e'
11E8E149-C8E4-69D8-AF82-12DF17AE4E1E,2016-ncaa-d0-natl,ncaa,325,327,240,329,275,238,214,213,237,278,276,253,72,86,76,44,333,341,30,340,334,256,264,171,194,193,72,27,330,317,322,292,282,319,331,109,24,108,186,90,287,280,328,331,,,82,94,,,321,235,113,267,214,181,140,269,254,50,53,327,339,337,215,228,310,281,322,61,165,268,331,,124,,,324,292,294,175,332,236,56,347,310,316,232,335,180,122,336,122,213,163,137,340,345,341,246,295,99,189,282,234,322,213,331,297,247,242,239,304,70,128,177,255,,,347,349,,,321,127,234,342,316,329,326,275,286,95,334,336,227,177,183,258,257,252,296,294,322,206,110,215,,349,,,b'\x11\xe8\xe1I\xc8\xe4i\xd8\xaf\x82\x12\xdf\x17\xaeN\x1e'
11E8E149-C8E4-69D8-AF82-12DF17AE4E1E,2016-ncaa-d1-conf-ASUN,ncaa,7,7,5,7,7,5,5,5,4,4,5,5,2,2,3,2,7,7,1,7,7,6,6,5,5,5,3,2,7,6,7,7,8,6,7,2,1,3,4,2,5,6,7,7,,,7,8,,,7,5,1,6,5,5,4,4,4,2,2,7,7,7,6,4,6,7,6,1,4,5,7,,8,,,7,8,8,4,7,7,3,8,7,6,7,5,8,7,7,7,8,4,3,7,8,8,7,5,6,7,8,5,7,6,7,7,5,5,7,7,2,4,3,5,,,8,8,,,7,4,7,8,7,8,8,7,7,4,7,7,8,8,8,7,7,7,6,7,7,5,4,3,,8,,,b'\x11\xe8\xe1I\xc8\xe4i\xd8\xaf\x82\x12\xdf\x17\xaeN\x1e'
11E8E149-C8E4-69D8-AF82-12DF17AE4E1E,2016-ncaa-d1-natl,ncaa,323,327,218,326,278,222,205,198,218,270,271,238,69,81,69,49,332,342,26,341,337,244,262,157,179,185,75,29,336,321,330,275,264,323,331,94,24,111,181,80,283,293,326,317,,,81,94,,,320,212,100,266,205,171,134,259,251,47,52,327,342,338,214,226,314,262,317,51,163,271,324,,122,,,320,301,305,205,326,251,67,347,325,323,240,336,186,130,339,135,209,192,154,338,345,342,253,294,94,180,264,250,330,236,331,309,252,254,252,317,62,117,179,246,,,349,349,,,320,146,227,341,316,331,329,286,290,102,337,337,221,175,177,274,256,236,298,291,324,230,96,213,,349,,,b'\x11\xe8\xe1I\xc8\xe4i\xd8\xaf\x82\x12\xdf\x17\xaeN\x1e'
11E8E149-C8E4-69D8-AF82-12DF17AE4E1E,2017-ncaa-d0-natl,ncaa,323,323,234,324,251,285,267,257,269,285,299,216,163,115,274,57,325,318,275,313,252,275,233,247,274,300,115,76,290,338,343,236,281,316,340,223,110,295,318,277,324,334,300,314,,,295,296,,,345,171,39,101,288,259,217,278,292,138,75,327,310,307,248,170,336,188,315,200,312,318,295,,328,,,343,330,324,231,338,326,233,338,228,205,260,154,297,316,75,315,278,261,197,335,336,346,111,110,187,248,281,297,343,291,340,287,150,300,328,328,219,259,239,308,,,338,343,,,345,184,322,343,341,346,345,321,343,312,267,246,326,334,334,340,322,292,339,334,320,284,262,271,,338,,,b'\x11\xe8\xe1I\xc8\xe4i\xd8\xaf\x82\x12\xdf\x17\xaeN\x1e'
11E8E149-C8E4-69D8-AF82-12DF17AE4E1E,2017-ncaa-d1-conf-ASUN,ncaa,6,6,5,6,8,5,4,6,4,4,6,5,3,2,5,2,7,7,2,7,7,6,6,4,4,4,4,2,7,8,8,4,6,6,7,3,1,6,6,4,8,8,7,8,,,8,6,,,8,4,1,8,4,4,3,3,6,2,2,7,7,7,5,3,8,3,6,3,6,8,7,,8,,,8,8,8,8,7,7,7,7,5,7,4,3,8,8,7,8,6,8,8,7,7,8,4,2,6,8,6,6,8,7,7,6,3,8,8,8,4,5,3,4,,,8,8,,,8,6,5,8,8,8,8,8,7,8,6,7,8,8,8,8,8,8,7,7,6,8,4,3,,8,,,b'\x11\xe8\xe1I\xc8\xe4i\xd8\xaf\x82\x12\xdf\x17\xaeN\x1e'
11E8E149-C8E4-69D8-AF82-12DF17AE4E1E,2017-ncaa-d1-natl,ncaa,318,322,217,322,244,291,279,272,265,289,301,206,165,125,278,66,326,314,289,312,246,283,243,248,275,302,136,87,285,337,345,239,282,321,340,216,108,300,318,275,324,335,305,317,,,296,298,,,346,165,52,101,289,262,227,279,287,146,87,327,306,304,262,180,338,198,318,199,311,323,303,,328,,,343,336,330,249,340,334,238,340,227,204,251,145,294,313,75,314,278,280,211,336,336,344,103,104,185,251,282,300,345,294,340,294,149,304,326,329,239,271,250,309,,,338,342,,,346,191,325,347,342,346,344,318,344,308,262,244,322,333,333,338,321,290,334,333,318,284,267,275,,335,,,b'\x11\xe8\xe1I\xc8\xe4i\xd8\xaf\x82\x12\xdf\x17\xaeN\x1e'
11E8E149-C8E4-69D8-AF82-12DF17AE4E1E,2018-ncaa-d0-natl,ncaa,222,244,117,233,154,161,191,161,232,277,281,250,47,42,83,41,219,188,283,182,77,161,181,151,173,149,22,26,237,319,339,145,285,252,341,156,130,101,109,132,145,171,315,319,,,263,202,,,286,119,86,273,191,218,183,308,301,43,46,241,193,186,186,234,330,179,305,166,92,154,319,,249,,,275,303,285,272,224,167,137,226,342,335,304,332,218,222,149,223,242,276,265,290,270,274,330,334,117,310,285,339,339,336,341,322,316,160,211,276,60,69,230,288,,,243,254,,,286,246,223,300,268,303,277,289,152,97,344,338,204,211,210,292,281,303,337,334,324,173,65,215,,263,,,b'\x11\xe8\xe1I\xc8\xe4i\xd8\xaf\x82\x12\xdf\x17\xaeN\x1e'
11E8E149-C8E4-69D8-AF82-12DF17AE4E1E,2018-ncaa-d1-conf-ASUN,ncaa,3,4,3,4,4,3,3,3,4,6,6,6,2,2,2,3,4,3,6,2,3,3,4,2,3,2,2,2,7,7,8,3,6,4,7,3,3,2,2,3,3,3,8,7,,,4,2,,,4,3,2,4,3,3,3,7,6,2,3,4,4,4,3,7,8,3,6,4,2,3,8,,4,,,4,7,6,8,4,2,2,4,8,8,7,8,1,1,3,1,2,8,8,6,5,5,7,8,1,7,6,8,8,8,7,8,8,4,4,6,2,2,8,8,,,5,5,,,4,6,4,5,4,5,5,7,4,2,8,8,1,1,1,6,6,7,8,7,8,4,2,8,,5,,,b'\x11\xe8\xe1I\xc8\xe4i\xd8\xaf\x82\x12\xdf\x17\xaeN\x1e'
11E8E149-C8E4-69D8-AF82-12DF17AE4E1E,2018-ncaa-d1-natl,ncaa,231,243,144,242,198,199,223,199,243,307,299,265,53,47,84,41,240,212,281,207,76,200,231,159,182,157,22,25,233,328,340,186,291,286,342,179,132,84,116,138,166,184,320,323,,,241,212,,,293,148,87,273,202,237,192,316,305,44,47,243,197,189,193,242,332,184,310,177,92,164,321,,251,,,288,297,272,256,239,147,98,241,342,332,307,331,200,204,153,203,242,259,238,302,288,288,329,333,116,302,291,333,340,334,342,319,319,183,220,283,49,72,222,302,,,268,252,,,293,216,232,310,280,307,285,289,163,99,344,338,209,215,212,294,279,302,338,337,327,179,65,217,,269,,,b'\x11\xe8\xe1I\xc8\xe4i\xd8\xaf\x82\x12\xdf\x17\xaeN\x1e'
11E8E149-C8E4-69D8-AF82-12DF17AE4E1E,2019-ncaa-d0-natl,ncaa,336,335,249,339,263,324,343,311,343,350,349,327,137,75,305,15,247,278,129,277,44,314,259,322,310,340,5,25,69,303,301,306,324,319,327,321,154,344,349,347,163,154,344,342,,,161,183,,,347,222,94,166,336,348,324,351,345,106,47,231,254,254,324,177,297,308,320,325,347,128,344,,232,,,345,246,255,153,316,190,44,340,314,312,241,331,85,123,41,117,226,136,146,332,325,303,253,314,50,268,324,159,301,213,327,342,344,158,141,311,333,337,297,349,,,257,216,,,347,116,345,316,348,307,309,253,248,56,339,338,123,164,154,245,267,304,250,289,345,108,338,318,,209,,,b'\x11\xe8\xe1I\xc8\xe4i\xd8\xaf\x82\x12\xdf\x17\xaeN\x1e'
11E8E149-C8E4-69D8-AF82-12DF17AE4E1E,2019-ncaa-d1-conf-ASUN,ncaa,9,8,9,9,9,9,9,8,9,9,9,9,2,2,6,2,9,9,6,9,2,9,7,8,9,9,1,2,5,6,6,9,9,9,9,8,5,8,9,9,8,8,9,9,,,4,5,,,9,8,2,3,8,8,7,9,9,2,2,9,9,9,7,3,6,8,7,7,9,8,9,,7,,,9,7,9,6,9,7,2,9,8,8,7,7,3,5,1,5,4,5,3,9,9,9,6,6,1,8,9,4,6,5,9,9,9,8,7,9,8,8,8,9,,,9,9,,,9,2,9,9,9,9,9,9,9,6,8,8,6,6,6,9,9,9,8,9,9,5,9,8,,8,,,b'\x11\xe8\xe1I\xc8\xe4i\xd8\xaf\x82\x12\xdf\x17\xaeN\x1e'
11E8E149-C8E4-69D8-AF82-12DF17AE4E1E,2019-ncaa-d1-natl,ncaa,341,334,314,341,319,343,349,338,345,351,350,330,150,89,308,15,271,290,124,289,43,338,303,324,314,342,5,25,67,316,307,331,327,341,335,337,157,340,349,348,194,162,344,342,,,134,186,,,348,274,101,158,339,349,325,351,345,114,48,237,258,256,327,187,303,315,328,329,346,142,344,,230,,,348,217,233,100,323,153,19,342,305,299,256,331,70,100,44,96,231,86,92,335,329,310,252,315,49,240,327,125,307,168,335,336,345,203,152,317,320,340,286,349,,,277,215,,,348,62,345,325,349,317,316,254,256,60,341,337,132,173,162,249,266,305,255,295,346,114,337,321,,214,,,b'\x11\xe8\xe1I\xc8\xe4i\xd8\xaf\x82\x12\xdf\x17\xaeN\x1e'
11E8E149-C8E4-69D8-AF82-12DF17AE4E1E,2020-ncaa-d0-natl,ncaa,315,314,191,318,225,227,298,318,227,342,347,133,64,42,170,14,83,188,11,189,11,301,295,128,88,134,7,27,35,351,350,231,188,338,334,323,306,183,255,301,350,349,304,286,,,326,341,,,319,215,168,196,219,311,333,347,348,55,33,72,164,164,321,316,351,221,343,328,196,347,298,,333,,,318,313,275,177,313,174,48,330,336,328,290,334,300,292,219,290,327,201,137,333,339,347,331,310,233,147,188,271,350,230,334,236,165,303,305,312,167,242,276,350,,,154,42,,,319,136,233,343,320,324,293,204,196,42,341,338,301,292,292,255,168,163,291,257,250,296,188,287,,128,,,b'\x11\xe8\xe1I\xc8\xe4i\xd8\xaf\x82\x12\xdf\x17\xaeN\x1e'
11E8E149-C8E4-69D8-AF82-12DF17AE4E1E,2020-ncaa-d1-conf-ASUN,ncaa,8,8,5,8,6,7,8,8,7,8,9,5,3,3,8,2,5,7,3,8,1,8,8,5,5,6,2,2,2,9,9,7,9,9,9,8,6,4,7,7,9,9,8,7,,,7,6,,,8,7,5,4,7,8,8,9,9,3,2,5,6,7,8,9,9,8,9,9,5,9,7,,7,,,8,9,9,7,8,8,5,9,8,7,8,5,4,5,4,5,5,7,3,8,8,9,5,6,2,8,9,7,9,8,9,9,6,8,8,8,5,7,9,9,,,6,4,,,8,3,7,9,8,9,9,9,9,4,9,9,4,5,5,9,6,8,8,9,9,7,6,9,,6,,,b'\x11\xe8\xe1I\xc8\xe4i\xd8\xaf\x82\x12\xdf\x17\xaeN\x1e'
11E8E149-C8E4-69D8-AF82-12DF17AE4E1E,2020-ncaa-d1-natl,ncaa,313,314,128,314,202,223,299,311,225,342,347,129,53,32,157,10,78,173,10,173,7,298,299,123,87,126,5,25,37,351,351,213,181,338,338,326,306,188,244,298,348,347,298,286,,,335,342,,,312,198,161,201,226,311,329,347,349,49,29,72,168,168,319,316,351,205,342,326,185,346,299,,335,,,310,314,279,195,308,183,52,326,339,330,284,330,306,293,226,294,327,225,153,327,333,344,331,307,234,156,181,286,351,257,338,231,154,284,296,299,167,230,274,350,,,111,34,,,312,156,224,342,312,323,287,206,183,48,339,335,304,293,293,255,173,162,296,262,232,286,180,278,,112,,,b'\x11\xe8\xe1I\xc8\xe4i\xd8\xaf\x82\x12\xdf\x17\xaeN\x1e'
11E8E149-C8E4-69D8-AF82-12DF17AE4E1E,2021-ncaa-d0-natl,ncaa,174,143,219,157,222,227,225,204,252,269,291,136,81,53,246,5,291,291,230,290,215,229,240,183,221,208,42,14,312,290,327,139,21,207,222,236,227,115,176,207,308,334,314,304,,,162,265,,,279,216,110,42,219,202,125,301,328,36,12,317,307,306,196,196,313,24,118,232,170,330,328,,254,,,275,149,115,129,117,53,54,134,325,312,287,341,183,189,171,191,332,137,115,243,247,285,342,342,203,67,21,224,327,158,222,137,191,265,277,253,59,72,259,331,,,234,183,,,279,132,254,249,269,266,168,216,17,6,342,342,263,261,261,243,197,56,331,286,194,268,72,309,,200,,,b'\x11\xe8\xe1I\xc8\xe4i\xd8\xaf\x82\x12\xdf\x17\xaeN\x1e'
11E8E149-C8E4-69D8-AF82-12DF17AE4E1E,2021-ncaa-d1-conf-ASUN,ncaa,4,4,6,4,6,7,6,6,6,8,8,5,5,3,8,2,9,9,7,9,7,7,8,6,6,7,5,4,8,8,8,4,2,5,4,5,5,2,6,5,8,9,9,9,,,5,8,,,6,8,6,2,7,6,5,7,6,4,2,9,9,9,7,8,6,1,4,5,5,9,9,,8,,,6,3,1,2,3,1,1,2,8,8,6,9,6,6,6,6,9,2,2,4,4,5,9,9,6,1,2,6,8,4,4,2,7,7,5,6,2,2,7,9,,,7,4,,,6,2,7,3,6,4,3,4,1,1,9,9,7,7,7,5,5,3,8,7,3,7,2,7,,6,,,b'\x11\xe8\xe1I\xc8\xe4i\xd8\xaf\x82\x12\xdf\x17\xaeN\x1e'
11E8E149-C8E4-69D8-AF82-12DF17AE4E1E,2021-ncaa-d1-natl,ncaa,139,143,182,145,186,184,184,175,242,253,270,110,54,33,233,5,268,262,241,264,174,188,194,159,200,192,40,14,304,276,331,92,21,165,212,199,217,149,160,185,289,319,300,298,,,205,251,,,243,171,98,49,190,183,122,295,329,33,11,304,294,295,187,187,312,23,120,217,161,318,323,,248,,,236,177,139,166,94,73,69,106,337,329,276,341,205,206,179,209,319,170,160,214,217,248,342,342,188,85,21,268,331,208,212,147,168,211,232,197,68,49,270,328,,,185,160,,,243,178,244,195,230,240,144,209,15,6,342,342,224,231,229,226,204,55,331,286,168,224,51,289,,168,,,b'\x11\xe8\xe1I\xc8\xe4i\xd8\xaf\x82\x12\xdf\x17\xaeN\x1e'
11E8E149-C8E4-69D8-AF82-12DF17AE4E1E,2022-ncaa-d0-natl,ncaa,305,288,295,308,305,318,323,328,267,346,348,275,120,136,99,32,334,346,134,346,238,338,339,187,212,241,25,18,297,349,346,253,91,318,290,322,283,106,282,301,355,347,244,165,,,157,318,,,311,319,255,176,305,318,309,349,344,67,63,323,338,339,334,338,348,140,309,318,217,350,207,,282,,,315,103,64,53,202,21,20,166,318,249,348,339,175,147,305,143,302,54,30,288,299,326,353,349,231,27,91,149,346,80,290,110,196,334,305,298,80,237,162,337,,,283,83,,,311,39,293,317,316,263,187,155,49,34,349,333,264,242,240,177,93,95,296,229,197,316,178,252,,189,,,b'\x11\xe8\xe1I\xc8\xe4i\xd8\xaf\x82\x12\xdf\x17\xaeN\x1e'
11E8E149-C8E4-69D8-AF82-12DF17AE4E1E,2022-ncaa-d1-conf-ASUN,ncaa,9,8,8,9,9,10,10,11,9,12,10,8,3,3,5,3,12,12,2,12,10,12,12,7,7,8,3,3,11,10,11,8,5,11,10,12,10,4,6,9,11,11,7,7,,,8,12,,,10,11,10,4,10,10,9,12,10,3,3,12,12,12,12,12,10,6,11,11,4,11,7,,10,,,10,6,4,2,8,4,2,8,8,6,11,7,10,8,12,8,11,2,2,10,11,11,9,8,10,3,5,7,11,5,10,4,5,10,9,8,3,6,7,11,,,7,3,,,10,2,9,11,10,9,7,6,5,4,8,6,11,10,10,7,3,4,9,9,7,10,3,8,,6,,,b'\x11\xe8\xe1I\xc8\xe4i\xd8\xaf\x82\x12\xdf\x17\xaeN\x1e'
11E8E149-C8E4-69D8-AF82-12DF17AE4E1E,2022-ncaa-d1-natl,ncaa,269,288,146,278,178,237,228,225,237,304,306,199,76,67,130,32,310,321,145,320,264,254,259,166,188,204,44,28,310,330,346,115,58,219,247,281,297,173,221,268,346,348,159,116,,,261,297,,,285,213,241,210,279,272,276,331,330,65,60,322,335,335,306,320,344,81,247,300,168,349,159,,262,,,283,211,146,166,141,49,77,100,342,316,326,334,258,246,262,246,297,177,126,219,241,295,352,342,245,71,58,278,346,208,247,137,146,310,313,271,106,159,233,318,,,220,142,,,285,146,256,276,283,220,152,163,38,45,344,330,256,247,246,184,92,81,289,217,136,322,109,233,,220,,,b'\x11\xe8\xe1I\xc8\xe4i\xd8\xaf\x82\x12\xdf\x17\xaeN\x1e'
11E8E149-C8E4-69D8-AF82-12DF17AE4E1E,2023-ncaa-d0-natl,ncaa,135,91,236,116,236,170,172,245,77,216,284,75,105,135,65,102,211,160,300,152,56,233,256,60,82,104,93,89,216,275,244,90,85,140,103,228,289,121,183,200,346,351,201,197,,,98,135,,,171,242,214,8,113,115,224,188,269,77,100,170,126,122,192,195,263,20,66,214,181,351,182,,143,,,171,185,215,233,144,183,167,195,237,280,91,293,90,117,78,110,120,207,108,154,128,289,191,247,79,138,85,109,244,109,103,69,32,359,358,328,95,146,214,288,,,231,169,,,171,109,118,283,182,265,274,335,244,246,273,326,140,168,151,326,182,196,189,194,106,357,147,248,,177,,,b'\x11\xe8\xe1I\xc8\xe4i\xd8\xaf\x82\x12\xdf\x17\xaeN\x1e'
11E8E149-C8E4-69D8-AF82-12DF17AE4E1E,2023-ncaa-d1-conf-ASUN,ncaa,3,3,3,3,3,5,5,7,4,8,9,3,3,4,4,4,2,3,9,3,1,5,5,3,3,4,3,4,8,6,7,2,5,2,5,8,9,11,7,6,14,14,5,5,,,2,3,,,8,5,7,7,5,5,10,9,12,4,5,5,5,5,10,8,9,1,3,9,8,14,5,,3,,,8,14,14,14,6,12,12,6,14,14,6,11,3,2,6,2,2,14,10,7,5,11,8,13,1,12,5,8,7,10,5,10,5,13,14,14,10,9,14,13,,,3,7,,,8,10,4,12,8,10,11,14,11,8,14,14,2,2,2,13,8,10,5,7,6,14,8,14,,7,,,b'\x11\xe8\xe1I\xc8\xe4i\xd8\xaf\x82\x12\xdf\x17\xaeN\x1e'
11E8E149-C8E4-69D8-AF82-12DF17AE4E1E,2023-ncaa-d1-natl,ncaa,98,91,103,103,104,100,102,141,74,156,234,62,69,84,68,97,167,131,298,127,62,142,126,52,79,96,98,88,238,212,227,33,44,63,85,175,267,205,175,184,325,340,136,157,,,163,129,,,143,110,195,11,95,97,190,178,260,70,89,179,132,128,170,167,232,17,54,188,185,335,149,,136,,,143,268,271,305,124,239,252,171,266,316,76,289,173,189,110,177,129,301,232,125,109,247,211,245,108,183,44,214,227,209,85,106,31,342,353,288,157,140,252,281,,,150,190,,,143,241,107,238,156,234,245,321,207,222,256,320,155,175,151,307,188,169,188,174,76,350,149,250,,179,,,b'\x11\xe8\xe1I\xc8\xe4i\xd8\xaf\x82\x12\xdf\x17\xaeN\x1e'
11E8E149-C8E4-69D8-AF82-12DF17AE4E1E,2024-ncaa-d0-natl,ncaa,171,111,298,150,303,218,235,246,209,261,286,172,159,139,198,95,197,161,294,170,67,237,283,180,183,149,90,113,134,277,287,139,129,191,204,298,321,35,86,220,320,316,157,152,,,62,109,,,184,280,111,46,139,165,116,209,219,110,73,117,82,91,102,147,219,32,69,273,101,290,121,,159,,,185,95,112,171,95,89,136,96,210,220,183,260,52,59,144,61,89,139,94,118,95,167,224,289,81,144,129,197,287,174,204,48,38,318,312,199,45,90,214,295,,,248,161,,,184,89,169,184,178,231,251,325,201,279,297,307,122,133,136,310,273,243,320,312,108,276,95,282,,152,,,b'\x11\xe8\xe1I\xc8\xe4i\xd8\xaf\x82\x12\xdf\x17\xaeN\x1e'
11E8E149-C8E4-69D8-AF82-12DF17AE4E1E,2024-ncaa-d1-conf-ASUN,ncaa,4,4,6,4,6,5,7,5,9,9,9,7,5,4,9,4,5,3,8,3,3,5,7,6,6,3,4,4,5,8,10,2,8,3,8,7,6,3,4,5,11,11,4,6,,,2,1,,,6,8,5,2,4,6,3,8,8,4,4,3,2,2,3,4,8,1,1,6,4,10,3,,3,,,6,7,10,12,3,6,10,4,11,12,4,11,2,1,7,1,1,12,10,4,4,5,7,11,1,10,8,12,10,12,8,9,7,11,12,11,8,5,10,10,,,7,7,,,6,6,5,6,6,8,9,12,9,11,10,12,4,2,2,12,12,11,12,12,8,11,6,10,,7,,,b'\x11\xe8\xe1I\xc8\xe4i\xd8\xaf\x82\x12\xdf\x17\xaeN\x1e'
11E8E149-C8E4-69D8-AF82-12DF17AE4E1E,2024-ncaa-d1-natl,ncaa,155,112,254,138,268,190,209,190,216,262,267,188,102,83,167,69,191,158,284,169,79,192,241,175,178,147,60,70,179,222,252,113,129,152,192,273,317,48,75,193,302,312,152,157,,,106,115,,,166,239,109,49,129,155,85,224,230,70,51,142,109,122,86,135,185,35,55,258,95,284,133,,163,,,166,136,158,220,92,116,162,106,234,267,136,274,81,83,162,88,97,201,147,107,90,160,220,282,83,182,129,260,252,236,192,60,39,293,297,186,50,75,237,297,,,232,205,,,166,143,156,168,157,221,240,321,198,266,289,313,119,125,129,308,272,240,321,308,107,263,81,280,,179,,,b'\x11\xe8\xe1I\xc8\xe4i\xd8\xaf\x82\x12\xdf\x17\xaeN\x1e'
11E8E149-C8E4-69D8-AF82-12DF17AE4E1E,2025-ncaa-d0-natl,genius_ncaa,122,91,194,113,203,107,96,150,61,178,308,22,25,25,97,14,278,297,123,297,201,173,221,33,39,38,65,24,342,317,340,183,213,258,304,207,337,29,53,113,237,258,282,309,,,53,40,,69,141,189,135,98,62,57,86,165,309,11,11,284,305,305,125,222,320,149,274,204,46,233,284,,68,,77,141,246,296,244,304,306,244,303,213,207,203,190,70,80,117,70,55,216,194,286,262,288,56,162,36,205,213,251,340,246,304,134,26,248,261,209,58,86,146,268,,,193,150,,53,141,180,68,290,141,293,331,308,331,294,235,229,92,105,92,275,249,241,304,288,159,231,85,161,,182,,43,b'\x11\xe8\xe1I\xc8\xe4i\xd8\xaf\x82\x12\xdf\x17\xaeN\x1e'
11E8E149-C8E4-69D8-AF82-12DF17AE4E1E,2025-ncaa-d1-conf-ASUN,genius_ncaa,3,3,3,3,4,2,2,4,1,3,10,1,2,2,3,1,9,9,5,9,10,6,6,1,1,2,3,1,12,11,11,4,8,9,10,5,10,2,3,3,4,6,8,9,,,2,1,,4,3,3,5,3,2,1,4,2,9,1,1,10,10,10,7,9,11,6,10,5,2,5,9,,1,,4,3,11,12,12,6,12,11,7,8,9,6,7,2,2,2,2,2,10,11,7,6,6,4,8,2,10,8,11,11,11,10,10,4,6,7,8,3,3,7,9,,,6,7,,1,3,10,2,6,3,6,11,11,9,11,8,9,3,3,3,9,9,10,10,10,10,7,2,7,,7,,1,b'\x11\xe8\xe1I\xc8\xe4i\xd8\xaf\x82\x12\xdf\x17\xaeN\x1e'
11E8E149-C8E4-69D8-AF82-12DF17AE4E1E,2025-ncaa-d1-natl,genius_ncaa,107,91,113,103,118,63,64,88,57,152,280,22,16,14,62,11,266,284,123,286,208,113,158,25,31,25,55,15,347,281,315,128,188,204,279,173,337,43,44,94,179,226,266,304,,,76,31,,75,100,123,119,113,44,40,61,168,312,7,9,287,304,305,101,202,294,132,237,188,45,203,280,,67,,65,102,291,322,283,287,324,287,295,234,240,190,183,85,96,115,89,49,267,242,272,238,253,57,161,35,229,188,286,315,281,279,153,22,192,236,176,68,68,171,261,,,167,176,,42,100,242,49,257,103,283,319,302,327,294,222,223,76,89,83,262,247,223,290,273,137,199,71,161,,189,,40,b'\x11\xe8\xe1I\xc8\xe4i\xd8\xaf\x82\x12\xdf\x17\xaeN\x1e'
11E8E149-C8E4-69D8-AF82-12DF17AE4E1E,2026-ncaa-d0-natl,genius_ncaa,295,295,206,310,216,262,285,282,272,317,334,197,142,111,259,18,245,231,229,235,48,279,256,230,225,270,20,45,136,303,310,225,252,258,287,312,313,226,317,330,274,291,42,29,,,52,37,,20,293,250,207,97,285,310,327,346,355,111,47,232,209,222,324,288,306,167,266,334,286,280,17,,52,,19,290,176,212,169,245,250,204,240,129,126,176,120,105,105,177,114,77,160,132,224,213,256,50,108,82,220,252,166,310,182,287,135,68,284,310,260,308,343,184,326,,,135,15,,66,293,122,289,276,288,260,291,294,314,315,156,155,133,125,136,280,223,281,229,269,186,295,328,223,,46,,50,b'\x11\xe8\xe1I\xc8\xe4i\xd8\xaf\x82\x12\xdf\x17\xaeN\x1e'
11E8E149-C8E4-69D8-AF82-12DF17AE4E1E,2026-ncaa-d1-natl,genius_ncaa,256,294,85,287,117,179,202,181,213,255,301,138,73,37,208,20,167,154,233,160,54,180,155,167,173,210,33,41,179,234,283,105,227,151,238,230,259,263,260,267,208,259,19,28,,,68,18,,34,245,143,205,100,239,262,292,319,351,75,41,220,197,209,292,269,284,119,195,285,228,247,17,,24,,24,243,261,292,302,189,300,318,137,238,211,237,113,137,120,247,122,40,284,253,173,153,213,86,172,74,299,227,258,283,283,238,224,84,206,280,238,333,325,173,266,,,55,29,,68,245,235,230,225,233,224,268,300,275,326,190,138,96,81,84,273,219,270,210,247,161,265,308,152,,58,,87,b'\x11\xe8\xe1I\xc8\xe4i\xd8\xaf\x82\x12\xdf\x17\xaeN\x1e'
11E8E149-C8E8-EEAE-AF82-12DF17AE4E1E,2010-ncaa-d0-natl,ncaa,16,19,20,19,35,57,41,81,21,18,29,22,284,289,203,318,126,116,157,113,283,78,142,51,55,22,337,323,241,204,244,123,13,163,104,23,77,10,5,4,56,33,243,270,,,251,273,,,18,124,319,245,108,59,206,16,62,309,320,193,201,201,217,320,291,267,301,39,3,102,276,,125,,,18,56,102,114,165,219,250,136,10,15,73,11,101,91,207,84,53,98,169,95,100,29,6,10,169,19,13,223,244,106,104,12,6,42,19,4,1,1,16,1,,,124,133,,,18,218,30,16,14,7,21,7,100,96,2,2,42,37,36,4,5,6,70,11,2,101,1,6,,264,,,b'\x11\xe8\xe1I\xc8\xe8\xee\xae\xaf\x82\x12\xdf\x17\xaeN\x1e'
11E8E149-C8E8-EEAE-AF82-12DF17AE4E1E,2010-ncaa-d1-conf-Sun Belt,ncaa,2,2,1,2,1,2,2,3,3,1,2,3,7,9,5,12,5,4,7,4,11,4,8,4,4,2,13,10,10,7,9,4,1,6,4,2,2,1,1,1,3,2,6,6,,,6,8,,,2,8,13,7,4,3,9,1,5,8,11,7,6,6,9,12,11,10,12,2,1,5,6,,2,,,2,1,1,1,4,3,6,4,1,1,1,1,2,2,5,2,3,1,3,1,2,1,1,1,6,1,1,8,9,3,4,1,2,2,2,1,1,1,4,1,,,6,5,,,2,6,2,1,2,1,1,1,2,1,1,1,2,2,2,1,1,1,6,2,1,5,1,3,,11,,,b'\x11\xe8\xe1I\xc8\xe8\xee\xae\xaf\x82\x12\xdf\x17\xaeN\x1e'
11E8E149-C8E8-EEAE-AF82-12DF17AE4E1E,2010-ncaa-d1-natl,ncaa,17,19,22,19,36,60,42,85,21,19,30,22,288,293,203,318,131,127,158,124,284,85,155,53,59,23,337,322,239,217,246,133,15,178,110,28,79,7,5,5,62,36,245,270,,,238,277,,,18,136,320,243,110,62,209,17,66,308,319,191,202,204,220,324,292,268,303,39,3,107,278,,127,,,18,45,87,101,170,213,242,139,7,12,79,11,93,83,211,75,55,76,148,101,105,32,5,8,169,14,15,207,246,87,110,9,6,46,19,5,1,1,16,1,,,136,133,,,18,206,31,17,14,7,21,7,105,98,2,2,42,38,37,4,5,6,70,11,2,106,1,7,,265,,,b'\x11\xe8\xe1I\xc8\xe8\xee\xae\xaf\x82\x12\xdf\x17\xaeN\x1e'
11E8E149-C8E8-EEAE-AF82-12DF17AE4E1E,2010-ncaa-d1-ncaatournament,ncaa,17,2,17,17,20,30,28,31,27,28,30,12,37,30,49,34,24,22,48,22,10,31,32,32,31,39,36,45,17,30,53,31,30,31,42,27,21,46,57,40,13,6,41,54,,,40,32,,,28,29,47,9,49,47,63,36,50,44,44,32,20,20,58,57,58,45,55,33,52,10,51,,25,,,26,36,41,37,34,45,44,39,5,12,3,3,26,19,54,18,7,35,37,21,21,12,3,5,24,38,30,43,53,40,42,23,2,16,7,4,39,33,23,24,,,27,27,,,28,35,46,10,27,8,23,14,41,47,2,2,17,11,10,6,13,25,24,24,5,9,28,18,,31,,,b'\x11\xe8\xe1I\xc8\xe8\xee\xae\xaf\x82\x12\xdf\x17\xaeN\x1e'
11E8E149-C8E8-EEAE-AF82-12DF17AE4E1E,2011-ncaa-d0-natl,ncaa,49,24,119,32,158,223,161,248,51,109,178,55,257,275,183,240,316,306,275,301,324,272,301,90,127,112,322,258,327,322,314,197,105,284,235,64,17,22,93,21,261,230,246,260,,,157,266,,,75,281,326,248,264,179,302,117,207,282,288,331,327,323,319,335,327,231,323,49,22,280,263,,151,,,73,12,30,62,60,108,175,81,6,23,5,26,47,42,172,39,40,41,63,23,18,20,14,12,154,80,105,109,314,78,235,4,2,185,103,9,3,10,3,3,,,301,226,,,75,61,158,28,70,7,27,28,99,152,5,11,40,34,31,13,13,69,87,62,3,202,1,3,,330,,,b'\x11\xe8\xe1I\xc8\xe8\xee\xae\xaf\x82\x12\xdf\x17\xaeN\x1e'
11E8E149-C8E8-EEAE-AF82-12DF17AE4E1E,2011-ncaa-d1-conf-Sun Belt,ncaa,1,1,2,1,3,4,4,5,3,3,6,3,7,8,5,7,5,6,7,5,8,5,9,3,4,3,11,6,10,11,12,6,3,7,10,1,1,1,1,1,7,5,6,6,,,8,8,,,2,6,12,5,6,6,9,7,7,7,9,10,11,10,9,12,11,8,12,2,1,7,6,,8,,,3,2,2,3,2,3,7,2,2,3,5,4,2,2,8,2,2,3,6,2,2,1,4,5,6,3,3,9,12,7,10,1,1,4,4,1,1,1,1,1,,,9,7,,,2,7,4,1,3,1,1,1,3,2,2,2,1,1,1,1,1,1,6,5,1,7,1,1,,12,,,b'\x11\xe8\xe1I\xc8\xe8\xee\xae\xaf\x82\x12\xdf\x17\xaeN\x1e'
11E8E149-C8E8-EEAE-AF82-12DF17AE4E1E,2011-ncaa-d1-natl,ncaa,54,23,132,33,180,246,182,270,53,124,201,58,260,281,182,240,321,315,276,311,324,298,317,93,130,117,321,257,326,328,315,221,106,302,240,70,17,14,93,21,276,233,255,261,,,140,266,,,81,302,325,249,267,184,305,121,211,280,287,332,328,325,321,335,328,233,323,54,22,287,265,,151,,,79,8,17,44,63,96,151,87,5,17,5,26,40,34,177,33,39,24,41,28,21,22,14,10,158,68,106,84,315,58,240,3,2,206,109,9,1,10,2,4,,,312,224,,,81,38,163,31,76,7,28,28,102,157,4,11,40,36,32,14,13,69,89,64,3,211,1,4,,330,,,b'\x11\xe8\xe1I\xc8\xe8\xee\xae\xaf\x82\x12\xdf\x17\xaeN\x1e'
11E8E149-C8E8-EEAE-AF82-12DF17AE4E1E,2011-ncaa-d1-ncaatournament,ncaa,33,2,33,33,34,48,41,57,12,36,56,5,42,52,36,16,59,58,43,57,56,59,59,10,24,32,54,28,60,61,59,46,29,57,48,33,5,15,57,19,42,28,48,50,,,27,62,,,26,53,54,3,45,33,56,26,53,31,29,59,58,57,59,58,60,34,57,9,39,32,46,,58,,,30,6,6,5,33,6,11,22,15,11,56,21,4,5,16,5,15,5,10,33,26,19,25,41,14,12,29,8,59,13,48,23,62,39,15,46,3,21,7,20,,,56,55,,,26,7,44,17,33,12,20,13,21,31,24,15,10,12,13,8,14,22,26,29,54,22,8,15,,56,,,b'\x11\xe8\xe1I\xc8\xe8\xee\xae\xaf\x82\x12\xdf\x17\xaeN\x1e'
11E8E149-C8E8-EEAE-AF82-12DF17AE4E1E,2012-ncaa-d0-natl,ncaa,87,107,48,100,68,165,113,152,84,66,58,128,295,308,184,313,239,214,260,210,303,159,144,157,176,189,329,308,263,179,191,43,41,88,83,221,298,230,221,254,278,303,118,128,,,289,298,,,141,133,285,230,260,179,277,88,116,317,323,296,276,277,284,292,246,87,170,281,151,314,141,,242,,,143,139,129,199,72,159,222,86,87,144,54,115,193,210,105,204,176,206,212,61,68,75,136,89,244,139,41,179,191,172,83,55,49,150,166,74,22,18,96,36,,,109,118,,,141,220,202,61,141,45,39,68,81,113,56,78,129,146,143,71,55,66,83,57,31,226,9,55,,201,,,b'\x11\xe8\xe1I\xc8\xe8\xee\xae\xaf\x82\x12\xdf\x17\xaeN\x1e'
11E8E149-C8E8-EEAE-AF82-12DF17AE4E1E,2012-ncaa-d1-conf-Sun Belt,ncaa,2,2,1,2,2,3,2,2,4,1,1,4,12,12,5,12,10,8,10,8,11,2,4,4,6,4,12,12,11,3,4,1,2,1,1,4,8,6,4,4,11,11,3,2,,,11,11,,,2,5,12,7,6,2,5,1,2,12,12,10,10,10,6,6,5,3,2,5,3,12,4,,9,,,2,3,3,5,1,2,4,2,6,9,3,9,9,8,5,8,9,5,7,2,2,2,11,7,9,2,2,6,4,5,1,5,7,6,5,5,1,1,4,2,,,8,10,,,2,8,4,2,2,1,1,1,1,1,5,7,8,8,6,2,1,2,3,1,3,7,1,4,,9,,,b'\x11\xe8\xe1I\xc8\xe8\xee\xae\xaf\x82\x12\xdf\x17\xaeN\x1e'
11E8E149-C8E8-EEAE-AF82-12DF17AE4E1E,2012-ncaa-d1-natl,ncaa,90,107,55,101,76,187,130,181,88,71,64,134,299,312,185,314,255,227,260,224,305,190,171,160,184,195,328,306,262,202,196,50,44,107,92,242,299,208,224,259,295,306,124,133,,,283,301,,,149,161,286,227,265,187,278,95,120,315,323,296,277,280,286,293,249,88,180,285,155,317,142,,241,,,150,118,108,173,76,149,205,93,77,129,53,116,182,194,109,188,177,178,184,64,74,82,135,86,246,128,44,156,196,153,92,45,49,168,173,80,16,18,86,37,,,126,111,,,149,192,211,70,150,48,48,70,86,114,58,78,135,149,144,71,55,69,85,58,32,237,10,57,,201,,,b'\x11\xe8\xe1I\xc8\xe8\xee\xae\xaf\x82\x12\xdf\x17\xaeN\x1e'
11E8E149-C8E8-EEAE-AF82-12DF17AE4E1E,2012-ncaa-d1-ncaatournament,ncaa,33,2,33,33,34,62,60,60,56,51,49,53,59,56,58,42,50,47,55,47,38,58,51,57,57,61,51,56,30,45,37,41,22,42,32,62,57,24,59,62,64,64,26,13,,,10,28,,,57,56,54,5,62,60,58,50,42,58,51,46,40,41,57,47,30,20,23,61,55,64,8,,23,,,59,19,24,22,41,18,28,15,24,8,62,12,8,11,19,7,9,21,11,43,38,55,35,50,14,19,22,16,37,15,32,9,13,63,64,59,15,30,18,44,,,52,46,,,57,3,62,58,61,48,54,49,43,58,50,14,16,20,15,47,15,34,40,40,21,63,24,37,,50,,,b'\x11\xe8\xe1I\xc8\xe8\xee\xae\xaf\x82\x12\xdf\x17\xaeN\x1e'
11E8E149-C8E8-EEAE-AF82-12DF17AE4E1E,2013-ncaa-d0-natl,ncaa,42,40,41,46,48,99,67,113,42,34,28,121,273,333,9,338,128,66,316,66,215,101,102,88,112,109,328,309,207,132,157,35,52,54,65,84,159,187,139,101,223,262,19,31,,,331,327,,,34,92,222,136,135,95,220,37,34,294,339,181,104,105,195,232,205,45,94,96,109,271,26,,305,,,35,60,31,190,6,108,283,8,3,21,2,10,318,308,261,308,243,227,250,4,7,11,108,4,341,160,52,211,157,193,65,1,1,79,88,2,13,7,36,8,,,43,39,,,34,260,113,11,36,23,7,49,50,207,1,9,285,273,271,79,116,89,97,84,1,132,10,22,,68,,,b'\x11\xe8\xe1I\xc8\xe8\xee\xae\xaf\x82\x12\xdf\x17\xaeN\x1e'
11E8E149-C8E8-EEAE-AF82-12DF17AE4E1E,2013-ncaa-d1-conf-Sun Belt,ncaa,2,2,1,2,1,5,4,7,4,3,2,9,10,10,1,10,7,3,9,4,7,5,6,5,5,5,10,10,6,5,4,1,2,1,2,2,1,5,4,2,8,9,1,1,,,10,11,,,2,5,8,3,8,9,10,4,2,10,10,7,5,5,9,9,7,1,3,2,3,9,2,,7,,,2,2,1,5,1,1,5,1,2,3,2,2,8,8,8,8,9,7,5,1,1,1,8,3,11,3,2,7,4,4,2,1,1,6,5,1,1,1,1,1,,,3,1,,,2,7,5,1,2,1,1,1,1,2,2,2,7,8,8,3,3,2,4,2,1,8,1,1,,3,,,b'\x11\xe8\xe1I\xc8\xe8\xee\xae\xaf\x82\x12\xdf\x17\xaeN\x1e'
11E8E149-C8E8-EEAE-AF82-12DF17AE4E1E,2013-ncaa-d1-natl,ncaa,42,40,49,46,56,109,77,124,45,36,31,128,281,335,10,338,138,77,317,77,213,116,120,89,115,111,328,310,205,149,163,41,54,64,65,88,162,167,140,105,236,268,21,33,,,327,327,,,35,115,223,136,142,97,221,37,37,295,339,184,105,106,200,235,213,47,100,102,112,280,26,,305,,,35,49,23,174,6,96,275,8,3,16,2,11,315,306,265,305,244,210,227,4,9,11,108,4,341,141,54,192,163,177,65,1,1,95,95,2,11,8,29,8,,,50,38,,,35,242,116,11,37,25,7,49,53,211,1,9,291,275,274,82,117,89,100,86,1,136,9,23,,70,,,b'\x11\xe8\xe1I\xc8\xe8\xee\xae\xaf\x82\x12\xdf\x17\xaeN\x1e'
11E8E149-C8E8-EEAE-AF82-12DF17AE4E1E,2014-ncaa-d0-natl,ncaa,116,88,180,108,219,281,216,299,57,81,102,112,347,348,293,347,276,249,288,248,314,298,300,171,195,233,346,347,229,244,143,294,85,289,120,210,169,156,259,198,302,271,219,182,,,255,343,,,118,302,318,191,297,210,319,46,59,347,348,279,248,245,310,309,246,310,306,204,179,304,220,,297,,,119,15,7,9,112,29,57,80,5,6,97,12,263,241,268,241,305,14,29,63,137,58,155,14,341,12,85,27,143,12,120,2,5,119,28,4,13,29,1,1,,,113,10,,,118,57,238,38,117,21,9,1,36,48,6,3,281,266,266,4,17,15,34,17,1,89,14,1,,56,,,b'\x11\xe8\xe1I\xc8\xe8\xee\xae\xaf\x82\x12\xdf\x17\xaeN\x1e'
11E8E149-C8E8-EEAE-AF82-12DF17AE4E1E,2014-ncaa-d1-conf-Sun Belt,ncaa,3,3,3,3,4,7,4,8,2,2,2,2,10,10,10,10,8,5,10,5,9,8,9,3,4,4,10,10,8,9,6,8,1,8,3,3,3,6,7,3,7,7,3,1,,,6,9,,,3,8,10,9,10,6,9,1,3,10,10,10,8,8,9,10,9,9,9,4,6,8,4,,5,,,3,1,1,2,2,2,4,1,1,1,6,1,5,5,8,4,8,1,1,1,6,3,8,3,8,1,1,2,6,1,3,1,1,6,3,1,2,3,1,1,,,5,2,,,3,4,4,2,3,1,1,1,1,1,1,1,5,5,4,1,1,1,1,1,1,6,2,1,,3,,,b'\x11\xe8\xe1I\xc8\xe8\xee\xae\xaf\x82\x12\xdf\x17\xaeN\x1e'
11E8E149-C8E8-EEAE-AF82-12DF17AE4E1E,2014-ncaa-d1-natl,ncaa,123,88,211,112,262,301,241,320,59,97,115,118,347,348,294,347,286,264,292,262,316,317,317,175,198,235,346,347,223,259,149,311,86,307,124,230,176,136,262,203,308,275,237,185,,,239,344,,,132,324,320,184,302,214,321,49,65,347,348,281,250,249,314,311,249,315,308,209,182,304,223,,299,,,131,9,4,1,115,22,34,87,3,3,97,12,254,219,274,219,308,7,16,69,140,63,153,13,341,7,86,16,149,6,124,1,6,131,31,3,7,29,1,1,,,128,11,,,132,30,244,43,125,21,9,1,37,44,5,3,284,267,268,4,17,14,35,16,1,92,14,1,,58,,,b'\x11\xe8\xe1I\xc8\xe8\xee\xae\xaf\x82\x12\xdf\x17\xaeN\x1e'
11E8E149-C8E8-EEAE-AF82-12DF17AE4E1E,2015-ncaa-d0-natl,ncaa,12,12,26,14,47,71,58,122,16,39,53,55,220,294,12,316,95,73,238,80,193,109,121,41,47,52,298,282,183,139,106,178,228,153,122,51,113,136,108,63,70,72,204,244,,,304,295,,,16,122,324,346,147,106,299,58,131,268,324,162,134,151,284,321,221,321,302,92,46,98,260,,205,,,18,39,58,119,43,136,244,40,7,15,16,12,164,179,87,181,128,121,241,16,19,2,40,10,255,217,228,100,106,135,122,13,15,21,8,1,14,7,43,12,,,39,19,,,16,242,46,3,11,3,4,7,35,89,4,5,84,94,96,6,25,101,16,25,1,36,5,21,,104,,,b'\x11\xe8\xe1I\xc8\xe8\xee\xae\xaf\x82\x12\xdf\x17\xaeN\x1e'
11E8E149-C8E8-EEAE-AF82-12DF17AE4E1E,2015-ncaa-d1-conf-Sun Belt,ncaa,1,1,1,1,2,3,3,6,1,3,4,2,7,9,1,9,3,3,6,4,5,5,6,1,1,1,9,8,7,7,7,3,2,5,1,1,3,2,3,1,3,4,8,8,,,7,6,,,1,6,11,11,3,3,8,4,5,7,10,3,4,4,9,11,9,8,8,2,1,6,8,,2,,,1,1,2,4,1,3,7,2,1,1,1,1,2,2,1,2,2,3,6,1,1,1,2,1,7,4,2,4,7,4,1,1,2,3,2,1,1,1,1,1,,,4,2,,,1,6,1,1,1,1,1,3,2,4,1,1,2,2,2,1,1,2,1,1,1,3,1,1,,5,,,b'\x11\xe8\xe1I\xc8\xe8\xee\xae\xaf\x82\x12\xdf\x17\xaeN\x1e'
11E8E149-C8E8-EEAE-AF82-12DF17AE4E1E,2015-ncaa-d1-natl,ncaa,12,12,30,14,54,82,67,149,17,42,70,60,226,302,12,314,113,84,239,91,194,132,150,46,55,58,297,282,182,158,114,205,234,184,135,56,115,104,113,65,81,74,226,250,,,294,295,,,19,156,326,345,156,122,301,60,138,273,322,161,139,150,291,323,231,323,307,97,48,104,265,,209,,,20,27,43,79,44,108,216,43,6,6,18,14,144,157,93,156,130,75,209,21,23,2,38,11,256,197,234,73,114,106,135,8,15,25,11,1,7,7,34,14,,,45,17,,,19,211,47,3,12,3,5,7,39,87,4,5,85,95,99,6,26,104,18,25,1,41,5,21,,109,,,b'\x11\xe8\xe1I\xc8\xe8\xee\xae\xaf\x82\x12\xdf\x17\xaeN\x1e'
11E8E149-C8E8-EEAE-AF82-12DF17AE4E1E,2015-ncaa-d1-ncaatournament,ncaa,17,2,17,17,17,28,25,27,24,21,22,29,38,44,33,58,33,33,45,32,51,30,30,28,32,30,59,51,51,26,22,30,52,28,41,19,13,35,27,11,17,13,33,54,,,38,27,,,17,32,60,4,43,25,42,15,19,53,55,51,48,47,47,54,33,43,39,12,18,16,46,,24,,,16,34,34,36,11,42,45,13,9,26,6,5,37,33,58,33,15,35,36,9,10,12,10,5,45,48,52,35,22,39,41,43,49,26,23,27,17,9,35,26,,,29,34,,,17,33,26,16,15,10,7,22,30,51,3,3,30,23,23,18,21,53,18,36,33,28,4,28,,44,,,b'\x11\xe8\xe1I\xc8\xe8\xee\xae\xaf\x82\x12\xdf\x17\xaeN\x1e'
11E8E149-C8E8-EEAE-AF82-12DF17AE4E1E,2016-ncaa-d0-natl,ncaa,86,111,38,104,70,152,139,198,75,80,115,73,297,291,275,291,147,128,223,137,184,180,172,124,129,163,318,317,142,118,59,264,67,205,63,145,173,235,235,179,138,115,311,316,,,301,335,,,101,193,331,280,255,227,329,108,189,320,322,204,199,208,320,320,185,345,318,213,153,189,325,,236,,,104,81,103,43,259,213,177,241,12,6,84,17,190,138,326,141,150,47,126,193,229,93,27,10,253,12,67,53,59,22,63,14,5,44,14,4,44,54,44,27,,,51,16,,,101,176,146,55,90,24,33,2,136,62,4,4,130,88,91,3,7,4,16,6,5,60,25,21,,91,,,b'\x11\xe8\xe1I\xc8\xe8\xee\xae\xaf\x82\x12\xdf\x17\xaeN\x1e'
11E8E149-C8E8-EEAE-AF82-12DF17AE4E1E,2016-ncaa-d1-conf-Sun Belt,ncaa,2,2,1,2,2,3,4,6,2,4,5,2,9,11,9,10,2,2,9,2,3,5,4,3,3,3,8,10,2,2,1,6,1,3,1,4,4,7,5,3,3,1,10,10,,,7,10,,,2,5,11,6,6,6,11,6,6,10,11,2,2,2,8,11,5,9,9,4,3,6,10,,3,,,2,1,3,2,6,7,6,6,1,1,1,1,3,3,11,3,3,1,5,4,5,2,2,1,5,1,1,2,1,1,1,1,1,2,1,1,2,3,1,1,,,2,2,,,2,8,3,1,2,1,1,1,3,3,1,1,3,3,3,1,1,1,1,1,1,3,2,1,,4,,,b'\x11\xe8\xe1I\xc8\xe8\xee\xae\xaf\x82\x12\xdf\x17\xaeN\x1e'
11E8E149-C8E8-EEAE-AF82-12DF17AE4E1E,2016-ncaa-d1-natl,ncaa,95,111,51,111,91,182,160,231,79,98,142,80,306,299,277,290,160,148,222,153,183,218,207,134,134,167,313,316,137,145,62,296,71,246,67,173,176,205,239,185,162,124,317,323,,,286,337,,,112,238,333,282,265,238,332,119,195,321,323,208,200,212,326,322,193,346,322,218,151,203,329,,239,,,115,56,76,22,267,192,140,246,7,4,89,16,174,121,328,125,152,20,83,203,235,106,25,9,254,8,71,33,62,10,67,13,5,53,16,4,36,57,37,33,,,65,15,,,112,134,156,67,102,24,37,2,146,63,4,3,136,93,96,3,7,5,16,7,5,66,26,24,,94,,,b'\x11\xe8\xe1I\xc8\xe8\xee\xae\xaf\x82\x12\xdf\x17\xaeN\x1e'
11E8E149-C8E8-EEAE-AF82-12DF17AE4E1E,2017-ncaa-d0-natl,ncaa,25,39,24,37,39,109,82,131,58,33,31,87,334,339,244,340,96,131,56,126,293,128,125,114,96,111,342,344,124,163,133,143,45,156,79,119,211,195,173,142,125,124,272,309,,,137,116,,,64,123,328,268,226,173,308,52,75,343,347,159,234,230,311,326,251,306,308,197,92,195,308,,43,,,71,97,200,170,230,307,307,168,4,3,128,3,46,37,293,37,10,133,194,147,116,61,2,2,71,36,45,114,133,60,79,18,3,54,31,11,24,25,94,28,,,81,72,,,64,230,123,33,63,9,67,16,212,227,1,1,20,13,12,4,9,11,28,9,6,112,9,49,,197,,,b'\x11\xe8\xe1I\xc8\xe8\xee\xae\xaf\x82\x12\xdf\x17\xaeN\x1e'
11E8E149-C8E8-EEAE-AF82-12DF17AE4E1E,2017-ncaa-d1-conf-Sun Belt,ncaa,1,1,3,1,5,4,3,8,1,1,4,1,12,12,2,12,4,6,1,6,6,7,9,1,1,1,12,12,4,10,7,9,1,10,2,3,3,4,2,1,4,3,11,11,,,2,4,,,1,6,10,4,3,2,9,1,3,12,12,3,6,6,9,11,10,10,11,2,3,4,11,,2,,,1,2,5,1,9,8,8,8,1,1,4,1,3,2,10,2,1,1,2,6,8,3,1,1,5,1,1,1,7,1,2,1,1,3,2,1,1,1,1,1,,,6,3,,,1,7,1,1,1,1,4,1,8,9,1,1,3,2,2,1,1,1,1,1,1,3,1,1,,7,,,b'\x11\xe8\xe1I\xc8\xe8\xee\xae\xaf\x82\x12\xdf\x17\xaeN\x1e'
11E8E149-C8E8-EEAE-AF82-12DF17AE4E1E,2017-ncaa-d1-natl,ncaa,30,39,27,39,48,138,102,164,59,39,39,91,337,341,249,340,111,158,57,152,295,162,163,124,100,118,342,344,123,190,144,188,51,189,89,145,218,171,175,146,149,140,286,313,,,108,123,,,78,162,330,270,237,184,312,56,82,345,348,170,234,230,314,327,255,313,313,204,95,202,310,,46,,,80,65,170,120,248,301,301,175,4,2,136,3,37,26,296,25,10,79,144,153,130,70,2,2,72,27,51,87,144,32,89,12,3,69,37,15,14,25,84,30,,,96,71,,,78,194,128,39,72,12,73,16,227,232,1,1,20,13,13,5,8,11,29,9,6,119,9,49,,203,,,b'\x11\xe8\xe1I\xc8\xe8\xee\xae\xaf\x82\x12\xdf\x17\xaeN\x1e'
11E8E149-C8E8-EEAE-AF82-12DF17AE4E1E,2018-ncaa-d0-natl,ncaa,53,57,43,60,57,173,112,171,72,44,45,103,333,340,224,342,251,268,131,264,337,187,183,135,147,156,345,336,274,169,135,158,117,164,101,106,141,181,198,128,198,191,283,287,,,282,307,,,79,190,341,156,271,178,304,57,75,340,347,302,313,312,318,333,237,279,293,150,100,247,309,,203,,,80,38,40,74,56,109,186,59,12,21,22,20,223,216,226,217,210,84,143,34,49,29,69,20,307,109,117,94,135,87,101,4,7,72,44,5,18,28,39,20,,,236,238,,,79,162,163,25,74,5,5,8,31,57,4,5,170,150,152,8,12,50,31,22,3,116,13,27,,316,,,b'\x11\xe8\xe1I\xc8\xe8\xee\xae\xaf\x82\x12\xdf\x17\xaeN\x1e'
11E8E149-C8E8-EEAE-AF82-12DF17AE4E1E,2018-ncaa-d1-conf-Sun Belt,ncaa,1,1,1,1,2,5,3,8,1,2,2,1,12,12,4,12,9,10,7,8,12,8,9,1,1,2,12,12,10,9,6,5,1,5,3,4,3,5,7,3,7,4,10,10,,,8,8,,,1,9,12,4,7,5,12,2,4,12,12,11,11,11,12,12,9,5,8,4,2,9,11,,4,,,1,1,1,2,1,1,4,2,1,1,2,2,3,4,4,4,7,1,2,1,1,1,3,2,9,1,1,1,6,1,3,1,1,5,1,1,1,2,2,1,,,9,7,,,1,4,3,1,1,1,1,1,1,1,1,1,2,2,2,1,1,1,1,1,1,6,1,2,,10,,,b'\x11\xe8\xe1I\xc8\xe8\xee\xae\xaf\x82\x12\xdf\x17\xaeN\x1e'
11E8E149-C8E8-EEAE-AF82-12DF17AE4E1E,2018-ncaa-d1-natl,ncaa,61,57,53,64,71,208,133,205,74,55,54,113,335,342,227,342,270,288,128,277,336,231,234,143,159,166,344,337,268,201,144,200,125,211,115,127,143,153,206,136,220,201,294,290,,,256,307,,,86,243,341,153,283,188,309,60,82,340,347,308,318,317,321,334,246,288,298,157,101,255,312,,206,,,88,18,17,38,62,84,148,64,9,12,26,19,205,197,224,197,211,42,87,37,55,37,70,17,308,85,125,67,144,56,115,4,6,89,54,7,13,29,30,21,,,261,234,,,86,113,173,34,78,6,8,8,39,57,4,5,174,153,155,9,12,51,31,22,3,125,13,28,,319,,,b'\x11\xe8\xe1I\xc8\xe8\xee\xae\xaf\x82\x12\xdf\x17\xaeN\x1e'
11E8E149-C8E8-EEAE-AF82-12DF17AE4E1E,2018-ncaa-d1-ncaatournament,ncaa,33,2,33,33,34,59,60,64,50,53,53,50,56,63,45,50,44,49,8,48,34,64,64,52,49,53,36,48,8,61,62,59,59,62,61,54,47,17,61,59,62,64,61,61,,,26,54,,,59,58,47,7,59,60,64,50,47,54,60,36,43,42,64,64,61,59,62,54,44,62,61,,56,,,59,26,26,15,61,29,26,62,4,4,24,3,22,29,5,29,48,24,18,58,55,60,5,4,39,26,59,15,62,16,61,6,1,51,47,31,25,62,8,20,,,50,32,,,59,11,56,60,60,58,58,29,60,57,5,4,48,58,58,51,46,56,43,46,17,45,51,12,,45,,,b'\x11\xe8\xe1I\xc8\xe8\xee\xae\xaf\x82\x12\xdf\x17\xaeN\x1e'
11E8E149-C8E8-EEAE-AF82-12DF17AE4E1E,2019-ncaa-d0-natl,ncaa,78,73,80,80,111,173,125,198,57,48,40,137,336,346,109,347,176,216,97,212,323,198,233,140,134,116,346,345,181,236,193,244,187,244,193,96,92,82,126,78,210,201,329,340,,,207,260,,,101,227,329,272,237,153,303,43,51,344,350,223,249,248,306,330,271,318,318,113,67,242,340,,153,,,100,63,94,75,195,216,251,112,8,3,200,3,167,169,146,173,122,79,126,111,116,63,8,10,249,120,187,95,193,89,193,4,3,73,41,6,1,8,45,17,,,244,205,,,101,142,131,58,95,22,35,11,165,211,3,1,133,133,137,10,20,78,41,41,3,98,3,40,,299,,,b'\x11\xe8\xe1I\xc8\xe8\xee\xae\xaf\x82\x12\xdf\x17\xaeN\x1e'
11E8E149-C8E8-EEAE-AF82-12DF17AE4E1E,2019-ncaa-d1-conf-Sun Belt,ncaa,1,1,3,1,3,6,4,5,1,1,3,1,12,12,4,12,4,7,2,7,11,7,8,2,2,2,12,12,5,6,3,5,3,5,4,3,2,1,2,2,9,5,10,10,,,5,6,,,1,9,12,6,6,3,12,2,2,12,12,5,9,9,11,12,9,7,7,3,1,10,10,,3,,,2,1,2,3,3,4,7,2,1,1,3,1,3,6,4,6,6,2,4,3,2,1,1,1,9,3,3,1,3,1,4,1,1,5,2,1,1,1,8,6,,,9,6,,,1,4,2,1,1,1,2,1,4,4,1,1,4,4,5,1,1,1,1,1,1,6,1,7,,9,,,b'\x11\xe8\xe1I\xc8\xe8\xee\xae\xaf\x82\x12\xdf\x17\xaeN\x1e'
11E8E149-C8E8-EEAE-AF82-12DF17AE4E1E,2019-ncaa-d1-natl,ncaa,93,73,107,88,146,211,155,249,66,66,52,145,340,346,110,347,201,240,98,237,324,253,282,146,139,128,345,345,174,266,198,276,197,291,213,117,96,61,130,80,238,212,339,341,,,174,262,,,118,280,329,272,253,175,311,49,55,344,349,227,253,251,312,330,276,324,326,121,71,254,340,,158,,,115,33,68,37,209,191,225,117,1,1,215,5,143,148,150,151,125,32,80,126,132,69,8,8,246,81,197,60,198,54,213,3,4,96,49,7,1,8,39,19,,,266,208,,,118,84,140,71,105,25,39,13,179,218,2,1,139,138,141,9,19,79,43,43,3,98,3,42,,296,,,b'\x11\xe8\xe1I\xc8\xe8\xee\xae\xaf\x82\x12\xdf\x17\xaeN\x1e'
11E8E149-C8E8-EEAE-AF82-12DF17AE4E1E,2019-ncaa-d1-ncaatournament,ncaa,33,2,33,33,36,55,52,51,49,49,48,52,50,55,36,27,59,58,50,57,57,51,55,51,52,54,35,22,55,55,53,53,41,57,52,55,44,12,31,46,31,4,63,63,,,7,14,,,47,56,41,7,55,52,41,49,37,37,33,59,58,57,45,50,50,53,56,53,25,6,63,,11,,,50,5,6,5,37,7,14,19,15,3,61,15,14,8,60,8,21,4,6,42,46,29,39,43,33,10,41,17,53,16,52,10,43,30,3,8,6,9,27,53,,,48,32,,,47,8,55,30,50,21,22,7,20,26,37,5,27,16,16,4,16,20,49,43,28,4,7,48,,36,,,b'\x11\xe8\xe1I\xc8\xe8\xee\xae\xaf\x82\x12\xdf\x17\xaeN\x1e'
11E8E149-C8E8-EEAE-AF82-12DF17AE4E1E,2020-ncaa-d0-natl,ncaa,221,258,33,240,86,264,244,236,237,122,50,285,341,343,264,341,184,170,219,171,265,230,241,297,288,268,332,338,79,254,285,261,233,276,296,197,123,161,187,180,212,208,329,337,,,309,322,,,274,215,315,347,332,315,329,174,86,344,347,230,207,211,323,334,292,322,336,242,112,243,338,,269,,,269,169,197,109,279,276,245,257,33,24,136,24,217,218,198,228,174,127,161,223,233,190,16,20,238,185,233,267,285,243,296,47,12,117,95,44,64,84,52,23,,,166,110,,,274,148,286,189,268,94,122,27,235,180,16,10,181,178,186,33,32,130,184,161,29,157,43,38,,230,,,b'\x11\xe8\xe1I\xc8\xe8\xee\xae\xaf\x82\x12\xdf\x17\xaeN\x1e'
11E8E149-C8E8-EEAE-AF82-12DF17AE4E1E,2020-ncaa-d1-conf-Sun Belt,ncaa,6,6,1,6,4,10,9,10,7,5,2,9,12,12,4,12,6,6,8,6,9,10,10,10,10,10,12,12,5,11,11,9,6,10,10,6,3,4,6,5,4,3,11,11,,,10,10,,,6,8,12,12,10,10,11,6,3,12,12,9,6,6,11,12,12,12,12,8,3,4,11,,7,,,6,2,3,1,7,6,7,7,1,1,5,1,4,5,4,5,4,1,4,5,5,3,1,1,6,6,6,9,11,8,10,2,1,2,1,2,1,2,3,3,,,7,4,,,6,4,10,3,6,2,2,1,3,4,1,1,1,3,3,1,1,2,7,4,2,2,1,3,,9,,,b'\x11\xe8\xe1I\xc8\xe8\xee\xae\xaf\x82\x12\xdf\x17\xaeN\x1e'
11E8E149-C8E8-EEAE-AF82-12DF17AE4E1E,2020-ncaa-d1-natl,ncaa,238,257,45,249,127,301,282,284,249,148,66,295,342,343,266,341,208,195,217,195,263,279,295,303,295,275,332,338,72,280,288,293,242,309,300,231,126,138,192,186,234,220,333,337,,,298,324,,,279,271,316,347,336,324,332,188,86,344,347,229,209,212,326,335,298,325,338,255,115,253,338,,270,,,278,138,177,74,292,265,221,266,26,18,140,21,205,198,201,210,178,93,105,231,242,207,15,20,238,171,242,239,288,212,300,38,13,145,108,52,49,87,43,25,,,200,105,,,279,91,294,211,278,101,130,28,243,183,18,10,186,182,189,37,32,137,190,168,32,167,45,40,,227,,,b'\x11\xe8\xe1I\xc8\xe8\xee\xae\xaf\x82\x12\xdf\x17\xaeN\x1e'
11E8E149-C8E8-EEAE-AF82-12DF17AE4E1E,2021-ncaa-d0-natl,ncaa,71,165,43,125,51,124,127,120,172,79,41,245,240,271,134,325,67,77,105,79,203,114,108,228,199,202,282,313,58,100,151,99,28,103,79,78,65,276,212,146,135,175,185,230,,,239,220,,,129,110,327,192,279,280,317,169,121,325,333,133,167,166,304,314,220,256,269,161,158,240,261,,101,,,135,183,183,180,180,207,222,133,135,120,206,66,230,243,126,237,216,190,218,150,163,93,126,92,243,93,28,232,151,182,79,121,42,46,45,21,80,24,47,5,,,79,96,,,129,238,207,49,126,25,28,4,62,53,44,21,124,140,139,5,9,8,58,17,18,111,11,7,,192,,,b'\x11\xe8\xe1I\xc8\xe8\xee\xae\xaf\x82\x12\xdf\x17\xaeN\x1e'
11E8E149-C8E8-EEAE-AF82-12DF17AE4E1E,2021-ncaa-d1-conf-Sun Belt,ncaa,4,4,4,4,4,5,5,5,7,2,3,10,10,10,2,10,6,6,4,6,10,5,5,8,8,8,9,9,6,5,5,5,1,5,3,2,3,6,7,4,8,7,6,7,,,6,8,,,4,5,12,4,11,10,11,7,5,11,12,9,10,10,11,11,8,11,10,4,3,9,8,,2,,,4,4,4,4,7,9,8,7,2,2,9,2,5,6,4,6,5,6,8,7,7,4,1,3,6,1,1,8,5,6,3,2,2,5,3,2,1,1,1,1,,,6,4,,,4,8,8,3,4,3,2,1,3,1,2,1,2,3,3,1,1,1,2,1,1,6,1,1,,10,,,b'\x11\xe8\xe1I\xc8\xe8\xee\xae\xaf\x82\x12\xdf\x17\xaeN\x1e'
11E8E149-C8E8-EEAE-AF82-12DF17AE4E1E,2021-ncaa-d1-natl,ncaa,74,165,50,129,56,142,141,133,180,85,49,255,246,276,138,325,77,89,104,92,205,132,125,234,204,211,279,312,57,116,157,114,30,118,84,88,66,267,217,149,147,180,198,231,,,232,222,,,139,127,327,184,284,287,323,176,122,326,333,134,169,170,307,317,226,261,275,168,157,243,262,,102,,,144,165,166,162,186,196,210,146,127,109,216,66,224,239,129,234,216,174,197,155,173,99,125,90,247,85,30,216,157,165,84,114,42,53,49,22,72,24,42,5,,,92,94,,,139,221,215,56,137,25,32,4,66,54,42,20,129,141,140,5,9,8,57,17,18,117,11,8,,193,,,b'\x11\xe8\xe1I\xc8\xe8\xee\xae\xaf\x82\x12\xdf\x17\xaeN\x1e'
11E8E149-C8E8-EEAE-AF82-12DF17AE4E1E,2022-ncaa-d0-natl,ncaa,158,67,319,114,323,312,278,312,151,203,197,204,336,344,226,328,326,324,264,322,337,321,331,224,248,237,343,316,277,279,191,320,116,315,174,247,134,38,181,145,268,158,213,142,,,94,312,,,158,335,276,39,251,168,192,68,47,321,330,295,283,279,228,228,189,247,237,149,165,188,162,,270,,,155,9,7,6,130,17,32,83,7,5,227,34,167,168,177,164,295,7,14,112,146,84,195,74,330,14,116,28,191,15,174,1,28,207,41,10,4,36,11,15,,,285,107,,,158,19,230,70,162,60,28,24,74,114,38,14,283,292,292,33,82,77,184,124,11,75,35,33,,140,,,b'\x11\xe8\xe1I\xc8\xe8\xee\xae\xaf\x82\x12\xdf\x17\xaeN\x1e'
11E8E149-C8E8-EEAE-AF82-12DF17AE4E1E,2022-ncaa-d1-conf-Sun Belt,ncaa,3,3,5,3,5,8,7,8,5,6,6,6,10,10,3,9,11,11,10,10,12,9,8,6,6,6,10,7,12,8,7,7,4,8,6,4,2,5,7,3,8,7,3,2,,,4,8,,,4,10,12,3,10,8,10,4,6,10,10,12,12,12,12,11,7,9,9,3,4,8,3,,4,,,4,1,1,1,3,2,2,3,1,2,6,3,6,4,11,4,7,1,2,2,4,2,6,3,11,1,4,4,7,1,6,1,3,4,1,1,2,3,2,1,,,8,4,,,4,3,9,2,4,1,1,1,2,2,2,1,7,6,6,1,1,1,4,2,1,4,1,1,,8,,,b'\x11\xe8\xe1I\xc8\xe8\xee\xae\xaf\x82\x12\xdf\x17\xaeN\x1e'
11E8E149-C8E8-EEAE-AF82-12DF17AE4E1E,2022-ncaa-d1-natl,ncaa,135,67,304,105,308,299,248,289,160,183,157,202,325,334,244,328,320,310,301,306,334,302,310,227,264,246,344,314,285,221,151,296,110,288,135,224,140,76,190,160,247,151,190,134,,,140,308,,,142,322,267,42,243,165,174,68,48,314,328,298,268,268,203,196,131,218,181,152,178,174,154,,271,,,134,14,10,13,94,25,46,77,8,7,119,39,204,222,131,221,308,20,26,75,117,57,190,63,336,25,110,49,151,25,135,1,29,172,46,10,16,58,10,12,,,267,126,,,142,32,236,49,138,49,20,24,68,110,27,20,287,299,300,41,86,83,179,125,9,78,52,26,,149,,,b'\x11\xe8\xe1I\xc8\xe8\xee\xae\xaf\x82\x12\xdf\x17\xaeN\x1e'
11E8E149-C8E8-EEAE-AF82-12DF17AE4E1E,2023-ncaa-d0-natl,ncaa,73,74,81,78,103,292,245,217,258,69,17,303,361,361,361,361,160,112,306,109,302,200,204,348,345,325,361,361,37,182,224,182,203,182,242,146,26,148,177,133,142,122,189,183,,,182,211,,,154,215,345,276,348,326,338,74,9,361,361,201,140,133,318,340,232,278,281,179,100,177,215,,128,,,156,13,17,89,14,46,146,37,12,65,3,94,116,78,329,75,98,75,147,10,17,8,70,37,283,193,203,253,224,243,242,7,27,42,22,4,32,46,101,11,,,111,53,,,154,151,323,7,153,2,3,7,14,65,7,33,80,53,50,3,21,149,192,169,6,53,16,69,,166,,,b'\x11\xe8\xe1I\xc8\xe8\xee\xae\xaf\x82\x12\xdf\x17\xaeN\x1e'
11E8E149-C8E8-EEAE-AF82-12DF17AE4E1E,2023-ncaa-d1-conf-OVC,ncaa,1,1,2,1,4,8,7,5,5,1,1,10,10,10,10,10,5,5,7,5,10,5,7,10,10,7,10,10,4,7,8,4,2,4,4,3,1,1,1,2,4,3,2,2,,,5,5,,,2,7,10,7,9,8,9,1,1,10,10,7,5,5,9,10,8,4,6,4,1,5,4,,2,,,2,1,1,3,1,1,4,1,2,2,1,6,3,2,10,2,2,3,3,1,1,1,4,4,8,3,2,7,8,6,4,1,1,2,2,1,1,1,2,1,,,5,4,,,2,4,7,1,2,1,1,1,1,2,1,3,1,1,1,1,1,2,6,3,1,4,1,1,,7,,,b'\x11\xe8\xe1I\xc8\xe8\xee\xae\xaf\x82\x12\xdf\x17\xaeN\x1e'
11E8E149-C8E8-EEAE-AF82-12DF17AE4E1E,2023-ncaa-d1-natl,ncaa,81,74,103,84,141,322,283,286,264,82,19,316,361,361,361,361,181,135,307,133,306,260,269,353,349,332,361,361,29,218,234,221,213,232,257,178,26,115,182,141,179,140,204,185,,,154,216,,,173,279,346,276,351,335,342,83,9,361,361,200,139,134,320,342,236,282,291,192,101,192,218,,129,,,174,8,8,48,15,36,108,41,8,47,4,92,92,63,336,61,101,34,90,11,18,9,67,40,282,169,213,224,234,213,257,7,27,60,26,4,17,50,84,13,,,141,48,,,173,90,331,8,170,3,3,8,22,65,7,32,83,56,51,3,21,156,200,176,6,65,16,72,,163,,,b'\x11\xe8\xe1I\xc8\xe8\xee\xae\xaf\x82\x12\xdf\x17\xaeN\x1e'
11E8E149-C8E8-EEAE-AF82-12DF17AE4E1E,2024-ncaa-d0-natl,ncaa,225,228,196,234,206,304,267,305,195,171,121,265,352,357,224,353,279,217,349,225,275,292,311,266,283,269,353,348,164,327,327,308,160,333,309,259,200,81,191,219,174,113,241,190,,,267,349,,,248,290,327,95,329,290,332,151,81,354,360,281,201,213,321,338,330,330,353,267,115,157,244,,301,,,248,59,32,16,243,35,30,221,96,60,261,146,278,297,107,295,345,30,60,250,272,171,304,149,339,43,160,177,327,100,309,17,42,116,39,18,15,44,63,37,,,266,152,,,248,70,299,150,249,81,34,2,41,15,96,63,289,307,304,12,28,50,228,131,17,90,20,73,,269,,,b'\x11\xe8\xe1I\xc8\xe8\xee\xae\xaf\x82\x12\xdf\x17\xaeN\x1e'
11E8E149-C8E8-EEAE-AF82-12DF17AE4E1E,2024-ncaa-d1-conf-OVC,ncaa,4,2,6,4,8,10,9,11,6,4,2,8,11,11,6,10,10,9,11,9,10,11,11,9,9,9,10,10,9,10,10,9,2,9,7,8,8,2,4,4,5,3,4,2,,,4,9,,,5,10,10,6,11,9,10,4,2,11,11,11,8,9,10,10,10,8,10,9,1,6,4,,4,,,5,1,1,1,4,1,2,3,1,2,5,5,4,6,3,6,10,1,1,5,6,2,8,6,11,1,2,5,10,2,7,1,1,4,2,1,1,1,1,1,,,10,8,,,5,2,10,2,5,1,1,1,1,1,1,3,6,6,6,1,1,1,6,3,1,4,1,1,,10,,,b'\x11\xe8\xe1I\xc8\xe8\xee\xae\xaf\x82\x12\xdf\x17\xaeN\x1e'
11E8E149-C8E8-EEAE-AF82-12DF17AE4E1E,2024-ncaa-d1-natl,ncaa,243,230,254,247,269,336,311,345,214,210,158,280,357,360,230,356,301,241,350,247,276,336,347,279,294,282,356,347,156,337,333,335,174,353,320,290,212,62,195,229,209,125,252,193,,,249,353,,,273,340,331,88,337,304,342,172,87,356,362,291,203,219,327,341,335,336,355,286,116,169,250,,306,,,273,34,14,5,255,22,10,233,77,41,270,145,262,277,116,275,347,10,17,260,284,203,304,148,340,24,174,149,333,65,320,13,46,149,49,24,10,43,55,44,,,302,148,,,273,23,319,176,277,86,42,3,44,15,104,61,303,312,310,12,28,56,238,144,23,99,20,78,,269,,,b'\x11\xe8\xe1I\xc8\xe8\xee\xae\xaf\x82\x12\xdf\x17\xaeN\x1e'
11E8E149-C8E8-EEAE-AF82-12DF17AE4E1E,2025-ncaa-d0-natl,genius_ncaa,203,176,248,200,258,254,251,261,212,131,83,248,358,357,337,356,107,86,275,92,165,229,274,292,274,233,356,358,30,226,219,328,237,314,285,329,352,50,107,269,219,179,277,248,,,213,315,,51,253,277,235,88,243,225,233,65,27,357,355,60,39,44,171,223,190,329,305,335,92,182,269,,287,,75,255,127,107,48,307,117,51,302,133,84,255,172,254,226,302,228,303,52,79,311,328,262,226,148,296,86,237,160,219,135,285,36,33,140,72,58,39,85,23,9,,,121,22,,16,253,88,235,244,247,216,176,58,175,75,173,123,296,281,283,88,128,131,250,210,60,85,83,34,,39,,8,b'\x11\xe8\xe1I\xc8\xe8\xee\xae\xaf\x82\x12\xdf\x17\xaeN\x1e'
11E8E149-C8E8-EEAE-AF82-12DF17AE4E1E,2025-ncaa-d1-conf-OVC,genius_ncaa,5,4,5,5,5,6,8,11,7,2,1,7,11,11,9,11,5,2,9,2,5,7,9,8,7,6,11,11,1,6,7,10,7,10,7,9,9,1,1,8,8,7,10,9,,,4,9,,3,6,11,10,3,6,9,10,1,2,11,11,4,1,1,7,11,6,10,10,9,1,9,9,,5,,3,6,2,2,1,10,6,2,11,3,3,6,4,5,5,9,5,8,1,1,9,9,7,3,3,9,1,7,6,7,4,7,3,4,3,2,1,1,1,1,1,,,4,1,,1,6,2,6,6,6,4,3,1,6,2,3,3,6,6,6,1,1,2,6,5,5,2,1,1,,1,,1,b'\x11\xe8\xe1I\xc8\xe8\xee\xae\xaf\x82\x12\xdf\x17\xaeN\x1e'
11E8E149-C8E8-EEAE-AF82-12DF17AE4E1E,2025-ncaa-d1-natl,genius_ncaa,193,176,244,196,259,264,244,255,206,113,76,245,357,354,339,354,110,85,267,92,180,225,268,290,277,232,356,358,37,228,232,321,234,306,290,332,354,57,98,267,198,164,253,207,,,230,315,,67,246,263,221,81,242,213,218,58,24,357,354,69,47,51,162,219,199,324,303,334,93,167,238,,292,,88,246,137,98,47,293,102,44,290,147,90,259,182,264,245,298,247,318,55,90,292,322,238,252,166,309,89,234,181,232,145,290,33,36,116,74,52,41,75,19,6,,,103,23,,12,246,99,233,226,244,215,154,56,157,73,186,130,306,289,289,86,137,136,261,219,61,84,79,27,,39,,8,b'\x11\xe8\xe1I\xc8\xe8\xee\xae\xaf\x82\x12\xdf\x17\xaeN\x1e'
11E8E149-C8E8-EEAE-AF82-12DF17AE4E1E,2026-ncaa-d0-natl,genius_ncaa,260,250,206,273,216,284,285,243,325,259,193,339,290,302,209,300,214,198,237,202,224,245,233,330,323,320,205,246,79,251,305,268,281,269,324,290,241,207,270,304,233,230,262,293,,,160,204,,73,288,224,115,97,308,310,240,276,117,298,314,197,172,180,232,187,249,264,291,313,266,210,264,,230,,95,285,153,187,133,283,253,226,224,59,38,257,20,97,165,16,168,126,139,147,238,206,182,21,52,95,199,281,222,305,222,324,130,82,180,143,140,278,316,273,273,,,205,146,,27,288,139,325,199,284,221,267,215,318,333,70,28,119,203,217,228,261,258,323,319,176,115,311,312,,150,,14,b'\x11\xe8\xe1I\xc8\xe8\xee\xae\xaf\x82\x12\xdf\x17\xaeN\x1e'
11E8E149-C8E8-EEAE-AF82-12DF17AE4E1E,2026-ncaa-d1-natl,genius_ncaa,256,249,177,275,197,268,278,233,319,243,144,335,294,301,228,309,163,159,193,160,197,227,216,327,322,302,207,275,65,220,275,288,270,284,326,297,264,193,215,281,161,144,265,292,,,188,231,,69,268,206,116,100,278,294,193,246,85,294,306,139,129,135,177,163,213,309,299,314,227,132,266,,242,,91,270,163,197,123,305,244,200,249,84,33,310,31,91,153,15,161,148,121,147,283,248,179,40,87,90,181,270,267,275,240,326,159,106,109,75,114,239,280,298,276,,,171,130,,19,268,155,306,186,273,207,265,144,296,283,100,31,106,175,192,141,233,217,330,304,185,74,287,319,,126,,11,b'\x11\xe8\xe1I\xc8\xe8\xee\xae\xaf\x82\x12\xdf\x17\xaeN\x1e'
11E8E149-C8ED-5E3A-AF82-12DF17AE4E1E,2010-ncaa-d0-natl,ncaa,197,202,178,205,192,142,163,185,130,230,267,140,40,56,49,42,171,217,48,216,116,194,193,75,63,88,40,37,219,286,293,164,202,217,261,151,160,140,169,143,271,287,319,325,,,121,114,,,202,163,103,111,89,121,151,238,268,28,41,154,214,212,158,176,292,136,233,128,176,266,320,,142,,,202,271,278,234,255,224,151,290,307,293,238,305,105,72,307,71,80,208,176,293,279,307,209,297,50,202,202,199,293,198,261,285,231,228,255,297,33,52,89,151,,,197,178,,,202,177,124,313,208,303,318,306,258,175,318,319,120,87,87,275,247,239,241,252,303,219,49,93,,177,,,b'\x11\xe8\xe1I\xc8\xed^:\xaf\x82\x12\xdf\x17\xaeN\x1e'
11E8E149-C8ED-5E3A-AF82-12DF17AE4E1E,2010-ncaa-d1-conf-Big West,ncaa,5,4,5,5,6,6,6,7,5,8,8,5,1,2,2,2,6,8,3,8,4,8,9,5,4,4,2,2,5,9,8,6,5,7,7,5,6,3,4,4,7,7,7,7,,,1,3,,,6,6,5,5,2,5,6,8,6,1,2,4,7,7,6,6,8,5,6,5,5,6,7,,3,,,6,5,7,6,7,7,3,8,4,7,3,7,3,2,8,2,2,3,4,5,6,7,3,4,3,5,5,7,8,7,7,6,6,7,5,7,3,4,3,4,,,7,4,,,6,3,6,7,6,6,7,7,7,4,5,6,3,3,3,5,6,6,7,7,6,4,4,4,,6,,,b'\x11\xe8\xe1I\xc8\xed^:\xaf\x82\x12\xdf\x17\xaeN\x1e'
11E8E149-C8ED-5E3A-AF82-12DF17AE4E1E,2010-ncaa-d1-natl,ncaa,206,202,191,208,207,149,174,199,134,241,287,146,45,60,50,42,177,229,46,228,115,208,216,78,66,91,41,38,218,301,296,184,204,239,267,161,162,126,171,150,282,290,320,326,,,106,114,,,208,183,105,106,91,128,153,240,270,27,41,152,215,213,160,176,293,140,236,132,176,271,320,,142,,,208,261,273,223,261,217,133,292,304,288,238,304,96,61,308,61,80,194,155,296,284,311,208,295,49,183,204,184,296,189,267,281,231,242,256,300,29,53,86,158,,,208,179,,,208,157,126,317,216,307,318,309,262,178,322,319,118,86,87,275,246,240,242,257,305,226,50,95,,175,,,b'\x11\xe8\xe1I\xc8\xed^:\xaf\x82\x12\xdf\x17\xaeN\x1e'
11E8E149-C8ED-5E3A-AF82-12DF17AE4E1E,2011-ncaa-d0-natl,ncaa,282,314,119,295,142,173,177,113,247,196,190,194,137,70,288,79,165,165,193,169,157,124,76,239,234,262,128,119,171,153,222,133,305,133,277,166,149,333,299,274,180,236,69,79,,,290,227,,,316,65,33,192,192,203,126,213,219,138,65,184,180,190,137,48,162,144,138,174,318,192,60,,290,,,311,331,321,290,261,282,262,243,331,292,313,234,265,285,106,285,236,301,290,290,280,290,259,267,151,327,305,283,222,318,277,318,235,142,240,272,324,284,87,105,,,150,252,,,316,270,275,312,311,323,316,314,271,263,328,296,260,271,271,317,317,322,278,316,313,150,304,85,,154,,,b'\x11\xe8\xe1I\xc8\xed^:\xaf\x82\x12\xdf\x17\xaeN\x1e'
11E8E149-C8ED-5E3A-AF82-12DF17AE4E1E,2011-ncaa-d1-conf-Big West,ncaa,6,6,5,6,5,8,8,5,8,9,7,8,3,2,9,3,6,5,6,5,6,4,4,8,8,7,2,3,3,4,7,6,8,5,8,5,3,8,6,7,3,4,4,3,,,7,7,,,8,4,1,2,7,7,3,9,6,3,2,4,5,5,2,1,3,5,5,4,7,3,4,,8,,,8,8,6,5,7,6,6,6,7,4,9,5,7,7,4,7,6,6,6,8,8,8,6,5,5,8,8,7,7,8,8,6,6,4,5,6,6,6,3,3,,,6,6,,,8,5,8,7,8,9,7,7,7,7,8,5,6,6,7,7,9,7,8,8,7,3,7,3,,5,,,b'\x11\xe8\xe1I\xc8\xed^:\xaf\x82\x12\xdf\x17\xaeN\x1e'
11E8E149-C8ED-5E3A-AF82-12DF17AE4E1E,2011-ncaa-d1-natl,ncaa,289,314,132,303,163,192,199,136,252,211,210,200,143,75,290,79,180,177,192,183,160,143,87,246,237,266,123,117,169,170,226,158,307,153,284,183,150,329,302,276,201,238,70,80,,,279,229,,,319,78,35,190,199,215,127,222,221,139,66,183,185,194,140,48,166,150,147,176,319,197,60,,293,,,318,327,317,283,267,265,245,244,326,288,316,234,258,277,106,276,237,295,281,292,286,296,259,265,155,323,307,268,226,314,284,317,236,162,245,278,317,288,78,110,,,166,251,,,319,256,279,317,317,325,320,316,274,267,328,295,264,274,276,320,317,324,280,318,317,162,306,87,,153,,,b'\x11\xe8\xe1I\xc8\xed^:\xaf\x82\x12\xdf\x17\xaeN\x1e'
11E8E149-C8ED-5E3A-AF82-12DF17AE4E1E,2012-ncaa-d0-natl,ncaa,171,228,81,204,81,159,143,112,216,174,207,147,97,50,276,60,234,209,259,210,183,124,70,195,227,268,124,90,260,174,248,179,308,181,307,112,91,333,303,260,65,107,233,255,,,268,147,,,265,57,80,29,210,193,163,219,259,114,64,269,249,254,190,103,217,266,256,134,317,76,250,,234,,,255,284,271,262,220,255,238,235,253,271,191,211,268,277,135,280,235,268,300,216,214,152,198,197,193,317,308,295,248,317,307,280,227,27,57,111,305,259,173,201,,,115,222,,,265,286,281,189,255,239,219,210,221,180,220,229,228,239,242,226,298,298,256,293,244,28,279,146,,174,,,b'\x11\xe8\xe1I\xc8\xed^:\xaf\x82\x12\xdf\x17\xaeN\x1e'
11E8E149-C8ED-5E3A-AF82-12DF17AE4E1E,2012-ncaa-d1-conf-Big West,ncaa,5,7,1,7,2,3,4,3,4,5,8,3,3,1,5,2,7,5,9,5,4,4,2,3,6,6,4,3,8,7,8,4,8,6,8,3,5,9,8,8,4,4,9,9,,,8,5,,,8,1,5,7,6,6,6,7,8,4,4,8,7,7,8,7,8,7,8,5,7,4,9,,6,,,8,9,9,9,7,8,8,5,9,8,7,5,9,9,5,9,5,9,9,6,7,7,5,5,4,9,8,9,8,9,8,9,6,2,5,5,8,7,7,8,,,1,3,,,8,9,8,8,8,7,6,6,5,5,6,3,6,5,8,7,5,8,4,7,8,5,6,3,,5,,,b'\x11\xe8\xe1I\xc8\xed^:\xaf\x82\x12\xdf\x17\xaeN\x1e'
11E8E149-C8ED-5E3A-AF82-12DF17AE4E1E,2012-ncaa-d1-natl,ncaa,186,227,90,210,90,182,173,134,225,194,233,156,106,61,277,58,248,222,259,224,183,145,81,205,231,273,120,90,258,194,253,208,310,208,313,129,93,330,304,265,74,113,245,256,,,256,148,,,269,65,83,29,214,202,172,232,265,112,63,268,253,259,199,106,223,271,262,146,318,82,255,,237,,,263,272,256,245,222,242,218,239,239,255,195,210,261,269,141,272,240,258,294,220,222,162,199,194,196,312,310,290,253,312,313,278,230,29,59,118,295,260,165,205,,,137,216,,,269,276,286,198,264,243,225,211,222,183,222,230,231,241,244,230,299,304,261,296,247,29,277,146,,177,,,b'\x11\xe8\xe1I\xc8\xed^:\xaf\x82\x12\xdf\x17\xaeN\x1e'
11E8E149-C8ED-5E3A-AF82-12DF17AE4E1E,2013-ncaa-d0-natl,ncaa,149,166,80,160,102,154,178,191,163,208,253,134,106,87,180,83,111,78,238,73,33,165,116,140,138,206,71,106,103,152,124,120,277,126,167,145,109,328,306,252,134,165,81,77,,,231,162,,,161,109,188,234,207,238,274,254,292,120,102,136,101,93,251,185,191,157,178,176,295,157,81,,182,,,161,202,191,244,76,174,216,119,208,259,68,239,213,235,87,224,198,259,261,82,80,83,218,208,199,311,277,126,124,240,167,140,115,116,158,103,326,307,52,91,,,85,93,,,161,223,203,133,170,139,131,192,120,142,181,240,182,201,196,198,203,297,79,179,103,158,302,35,,116,,,b'\x11\xe8\xe1I\xc8\xed^:\xaf\x82\x12\xdf\x17\xaeN\x1e'
11E8E149-C8ED-5E3A-AF82-12DF17AE4E1E,2013-ncaa-d1-conf-Big West,ncaa,6,5,6,6,8,6,6,7,5,7,8,3,5,5,7,4,3,3,9,3,1,6,5,6,6,6,5,5,3,5,5,4,9,5,5,6,5,8,9,8,6,7,3,2,,,5,5,,,6,6,5,10,5,6,9,7,9,6,4,2,2,2,6,5,6,2,3,7,9,6,2,,7,,,6,4,3,8,2,3,5,1,8,10,6,9,5,6,1,6,8,8,5,2,2,6,10,9,6,10,9,3,5,6,5,4,4,6,8,6,8,8,3,6,,,2,4,,,6,5,5,7,6,6,5,9,2,6,8,9,6,8,7,9,6,10,3,6,4,7,8,4,,2,,,b'\x11\xe8\xe1I\xc8\xed^:\xaf\x82\x12\xdf\x17\xaeN\x1e'
11E8E149-C8ED-5E3A-AF82-12DF17AE4E1E,2013-ncaa-d1-natl,ncaa,155,165,90,162,121,166,194,213,168,224,270,140,109,90,183,83,122,92,236,87,32,191,134,142,142,208,67,104,101,170,132,135,280,143,169,155,110,320,306,256,146,169,85,77,,,217,167,,,169,137,192,232,213,241,278,257,294,119,103,134,103,95,259,189,195,163,185,180,296,162,81,,184,,,169,184,171,234,80,159,200,125,198,249,74,238,205,226,91,216,198,246,242,89,89,93,215,209,200,305,280,110,132,225,169,135,117,128,165,108,319,309,45,95,,,93,91,,,169,202,206,141,178,141,133,194,124,144,181,239,185,203,198,203,201,300,79,184,111,160,303,36,,111,,,b'\x11\xe8\xe1I\xc8\xed^:\xaf\x82\x12\xdf\x17\xaeN\x1e'
11E8E149-C8ED-5E3A-AF82-12DF17AE4E1E,2014-ncaa-d0-natl,ncaa,129,150,85,148,85,105,125,92,219,183,201,154,67,50,211,73,91,89,199,93,62,85,64,175,171,214,64,84,137,143,228,130,316,129,288,125,149,323,272,245,47,70,79,99,,,301,180,,,172,49,51,7,115,165,102,227,248,74,55,106,96,105,94,51,169,183,176,154,306,45,94,,283,,,172,280,259,295,127,250,266,150,240,277,105,220,256,245,222,244,184,303,312,135,138,85,203,197,198,341,316,307,228,334,288,239,170,30,67,66,327,291,150,182,,,113,237,,,172,297,229,123,182,246,231,295,212,242,216,267,225,209,208,295,332,334,284,322,204,35,318,123,,158,,,b'\x11\xe8\xe1I\xc8\xed^:\xaf\x82\x12\xdf\x17\xaeN\x1e'
11E8E149-C8ED-5E3A-AF82-12DF17AE4E1E,2014-ncaa-d1-conf-Big West,ncaa,6,6,1,6,4,4,4,4,4,7,7,2,6,4,9,4,2,2,9,2,3,4,3,4,4,7,5,4,3,5,5,4,9,5,6,5,6,9,8,9,1,1,2,3,,,9,6,,,6,1,1,4,4,6,6,7,7,6,4,2,2,2,5,3,5,4,5,6,9,1,3,,9,,,6,7,6,7,4,7,6,5,6,7,2,6,9,8,8,8,6,8,8,4,5,3,5,3,5,8,9,7,5,7,6,6,5,1,3,2,9,8,5,6,,,5,6,,,6,8,7,3,6,5,4,7,5,5,4,6,7,6,6,8,8,8,4,6,4,1,9,5,,6,,,b'\x11\xe8\xe1I\xc8\xed^:\xaf\x82\x12\xdf\x17\xaeN\x1e'
11E8E149-C8ED-5E3A-AF82-12DF17AE4E1E,2014-ncaa-d1-natl,ncaa,143,150,100,155,100,125,147,107,223,199,220,158,75,59,211,74,105,96,198,99,62,103,71,181,175,219,63,84,134,160,233,158,322,152,297,142,155,318,273,252,54,71,86,102,,,288,181,,,185,55,54,7,123,175,103,230,252,74,56,110,99,107,101,55,174,191,183,161,306,50,95,,284,,,185,266,246,284,134,235,251,158,234,270,107,220,247,229,225,224,184,294,306,139,141,93,205,199,195,340,322,301,233,331,297,228,172,34,70,71,322,291,143,185,,,128,237,,,185,290,232,133,194,251,239,297,217,242,221,266,226,211,210,297,333,334,286,324,211,39,319,127,,158,,,b'\x11\xe8\xe1I\xc8\xed^:\xaf\x82\x12\xdf\x17\xaeN\x1e'
11E8E149-C8ED-5E3A-AF82-12DF17AE4E1E,2015-ncaa-d0-natl,ncaa,68,50,113,64,126,106,108,129,116,141,188,75,122,95,198,108,115,87,274,85,58,121,119,113,131,120,141,140,168,196,238,223,303,219,299,93,105,176,146,101,48,46,262,272,,,118,53,,,70,102,92,76,98,112,142,146,222,122,96,117,76,76,116,131,220,268,276,88,162,36,276,,105,,,67,116,151,173,165,183,149,224,129,214,25,241,91,119,64,123,130,155,266,136,110,23,92,149,107,289,303,273,238,283,299,149,142,20,14,21,139,123,149,170,,,75,79,,,70,253,133,39,65,106,131,138,161,116,121,218,90,103,105,108,293,282,248,272,123,11,138,137,,60,,,b'\x11\xe8\xe1I\xc8\xed^:\xaf\x82\x12\xdf\x17\xaeN\x1e'
11E8E149-C8ED-5E3A-AF82-12DF17AE4E1E,2015-ncaa-d1-conf-Big West,ncaa,5,4,5,4,8,6,6,7,2,6,7,2,4,4,3,3,6,8,4,8,3,7,8,2,2,3,4,4,5,6,6,7,7,7,6,4,6,3,6,3,1,1,8,8,,,1,1,,,3,8,4,6,4,4,6,5,7,3,4,5,6,6,6,6,6,7,7,4,4,1,8,,2,,,3,4,5,3,5,4,2,5,4,6,4,8,2,1,7,1,3,2,3,5,5,3,4,7,4,7,7,4,6,6,6,4,4,1,1,2,4,4,8,9,,,6,6,,,3,2,5,3,3,4,6,5,4,3,4,7,4,3,2,4,6,7,6,6,4,1,5,8,,5,,,b'\x11\xe8\xe1I\xc8\xed^:\xaf\x82\x12\xdf\x17\xaeN\x1e'
11E8E149-C8ED-5E3A-AF82-12DF17AE4E1E,2015-ncaa-d1-natl,ncaa,68,50,97,62,105,104,112,115,132,138,179,101,114,91,188,110,110,70,282,64,50,96,94,122,139,135,121,132,144,187,230,220,319,210,304,84,90,192,152,105,44,54,252,267,,,133,62,,,77,82,90,77,108,135,150,162,225,117,99,111,65,60,113,126,210,272,273,89,167,42,269,,109,,,75,133,176,200,163,213,174,238,118,226,11,242,101,123,53,127,127,200,287,134,107,25,79,129,111,305,319,284,230,309,304,154,135,15,16,26,172,140,162,179,,,60,66,,,77,276,144,41,71,109,141,152,181,127,106,218,90,112,113,129,300,298,251,289,128,14,155,149,,48,,,b'\x11\xe8\xe1I\xc8\xed^:\xaf\x82\x12\xdf\x17\xaeN\x1e'
11E8E149-C8ED-5E3A-AF82-12DF17AE4E1E,2016-ncaa-d0-natl,ncaa,41,43,38,49,67,114,143,129,187,203,225,178,59,52,127,66,103,64,282,63,27,102,95,137,145,169,41,66,128,224,291,212,306,219,327,180,213,267,208,228,14,18,283,270,,,286,210,,,117,69,165,258,181,237,252,277,308,84,79,143,96,98,226,229,277,314,323,242,191,21,303,,215,,,120,185,174,191,165,110,80,216,288,303,162,327,149,158,119,160,225,182,285,208,197,49,289,309,136,301,306,324,291,328,327,304,333,6,5,63,154,118,89,110,,,22,23,,,117,277,193,63,127,83,84,49,40,9,247,270,92,101,104,41,188,238,260,260,248,7,104,56,,46,,,b'\x11\xe8\xe1I\xc8\xed^:\xaf\x82\x12\xdf\x17\xaeN\x1e'
11E8E149-C8ED-5E3A-AF82-12DF17AE4E1E,2016-ncaa-d1-conf-Big West,ncaa,3,3,2,3,3,4,7,6,6,8,8,7,1,1,2,2,4,1,7,1,1,5,4,5,5,5,2,2,2,7,9,8,8,8,8,7,9,6,6,8,1,2,8,7,,,7,5,,,5,2,4,3,4,7,6,8,8,1,2,4,1,1,6,6,7,9,9,8,5,2,8,,7,,,5,4,3,2,4,3,2,9,7,8,3,8,5,2,5,3,7,2,8,8,6,2,6,7,4,8,8,7,9,8,8,8,8,1,1,3,5,6,4,5,,,1,1,,,5,7,5,2,5,3,3,1,2,1,7,8,4,2,3,1,7,8,7,8,7,1,5,4,,1,,,b'\x11\xe8\xe1I\xc8\xed^:\xaf\x82\x12\xdf\x17\xaeN\x1e'
11E8E149-C8ED-5E3A-AF82-12DF17AE4E1E,2016-ncaa-d1-natl,ncaa,47,43,51,49,88,141,166,159,198,235,253,187,69,65,132,66,120,77,280,76,21,134,128,147,153,174,39,66,117,247,293,244,313,261,333,206,219,241,212,239,19,23,291,273,,,272,209,,,132,85,166,258,194,249,256,290,311,84,79,146,97,100,233,235,283,322,326,251,189,22,305,,215,,,135,161,152,159,174,88,53,227,276,296,171,325,131,143,121,144,229,147,270,213,204,58,287,304,136,288,313,312,293,315,333,297,333,9,5,70,131,125,79,125,,,31,21,,,132,260,202,73,144,91,92,49,45,10,246,267,94,105,107,39,190,247,265,269,255,10,103,57,,42,,,b'\x11\xe8\xe1I\xc8\xed^:\xaf\x82\x12\xdf\x17\xaeN\x1e'
11E8E149-C8ED-5E3A-AF82-12DF17AE4E1E,2017-ncaa-d0-natl,ncaa,57,75,45,75,53,85,96,54,221,204,191,224,17,18,101,29,169,109,319,109,69,57,69,142,180,143,22,16,264,57,140,279,325,173,307,145,220,132,52,123,35,46,282,268,,,337,328,,,126,79,231,127,139,169,108,281,287,27,26,240,164,165,104,177,83,340,293,198,59,52,307,,312,,,131,245,192,142,265,169,72,316,234,259,124,284,318,324,139,320,340,183,286,284,304,144,279,198,293,303,325,327,140,326,307,302,324,9,12,63,182,106,267,269,,,74,112,,,126,273,114,164,125,134,95,20,79,15,175,204,275,277,270,41,156,234,254,256,248,15,111,220,,127,,,b'\x11\xe8\xe1I\xc8\xed^:\xaf\x82\x12\xdf\x17\xaeN\x1e'
11E8E149-C8ED-5E3A-AF82-12DF17AE4E1E,2017-ncaa-d1-conf-Big West,ncaa,1,2,2,2,4,3,4,2,5,5,5,4,2,2,5,3,8,5,9,5,6,3,4,3,4,4,4,4,8,2,3,8,8,7,8,6,8,3,3,5,1,1,7,6,,,7,7,,,2,4,5,5,4,4,3,5,5,3,1,7,6,7,4,4,3,8,8,6,3,1,7,,7,,,2,3,2,1,5,3,2,6,4,6,3,8,7,7,4,7,8,2,7,5,7,2,6,5,7,8,8,7,3,8,8,5,6,1,1,1,6,4,7,6,,,3,4,,,2,6,2,2,2,2,1,1,2,1,4,6,6,7,7,1,6,7,6,7,4,1,4,6,,3,,,b'\x11\xe8\xe1I\xc8\xed^:\xaf\x82\x12\xdf\x17\xaeN\x1e'
11E8E149-C8ED-5E3A-AF82-12DF17AE4E1E,2017-ncaa-d1-natl,ncaa,54,75,27,75,32,83,97,44,221,199,184,221,19,15,111,35,168,110,322,111,82,44,55,150,183,143,26,17,267,41,126,293,327,169,303,144,228,128,54,124,34,43,292,278,,,341,330,,,124,71,243,134,143,167,98,278,283,29,26,241,171,171,107,176,80,340,292,200,54,47,312,,312,,,126,266,192,131,276,159,57,323,252,274,154,293,318,324,112,320,343,176,292,297,312,145,292,219,283,304,327,324,126,329,303,304,324,11,14,65,179,106,270,269,,,69,123,,,124,276,107,166,126,135,94,18,66,4,194,206,269,275,274,36,144,233,242,250,246,18,107,222,,136,,,b'\x11\xe8\xe1I\xc8\xed^:\xaf\x82\x12\xdf\x17\xaeN\x1e'
11E8E149-C8ED-5E3A-AF82-12DF17AE4E1E,2017-ncaa-d1-ncaatournament,ncaa,33,2,33,33,33,54,54,52,47,60,46,61,26,51,1,29,61,62,42,62,64,58,62,44,47,37,3,1,62,55,57,46,44,50,55,45,27,1,4,11,42,21,40,40,,,22,59,,,19,62,64,6,52,52,38,60,31,6,29,61,62,62,53,62,52,45,49,39,1,30,38,,47,,,20,2,7,5,32,15,8,53,3,13,3,36,5,5,28,4,13,3,2,19,16,15,2,4,23,18,44,19,57,21,55,11,43,49,20,32,10,36,48,62,,,64,63,,,19,1,38,20,34,3,16,7,40,14,3,27,9,8,6,4,3,37,51,52,33,31,24,60,,64,,,b'\x11\xe8\xe1I\xc8\xed^:\xaf\x82\x12\xdf\x17\xaeN\x1e'
11E8E149-C8ED-5E3A-AF82-12DF17AE4E1E,2018-ncaa-d0-natl,ncaa,277,308,117,294,139,177,153,117,223,182,179,189,106,73,218,91,279,204,345,195,183,118,98,203,259,257,153,95,305,250,311,194,315,225,334,187,241,276,224,243,32,47,171,157,,,307,248,,,288,70,42,217,199,171,113,208,200,103,74,303,207,201,120,85,280,232,281,205,254,23,181,,298,,,276,299,252,240,220,172,130,246,320,318,237,310,316,308,240,301,313,263,295,262,284,212,322,288,258,324,315,326,311,335,334,290,264,45,84,131,329,299,85,85,,,278,337,,,288,277,281,246,278,296,236,233,159,91,320,319,307,298,296,270,319,321,326,332,279,39,314,74,,312,,,b'\x11\xe8\xe1I\xc8\xed^:\xaf\x82\x12\xdf\x17\xaeN\x1e'
11E8E149-C8ED-5E3A-AF82-12DF17AE4E1E,2018-ncaa-d1-conf-Big West,ncaa,7,6,4,7,4,7,7,5,3,6,5,5,4,5,3,4,9,7,9,7,7,5,5,3,4,6,6,3,9,7,8,4,9,6,9,5,7,6,6,5,3,3,5,4,,,5,4,,,7,5,3,1,6,6,4,6,4,4,4,9,7,7,4,4,8,4,7,5,8,3,5,,5,,,7,6,6,6,3,2,2,4,7,8,5,8,6,6,5,6,6,6,6,4,5,4,7,8,4,9,9,8,8,9,9,7,7,4,3,6,8,7,3,5,,,9,9,,,7,5,8,8,7,8,7,9,4,4,9,9,6,6,6,9,8,9,8,9,8,3,7,5,,9,,,b'\x11\xe8\xe1I\xc8\xed^:\xaf\x82\x12\xdf\x17\xaeN\x1e'
11E8E149-C8ED-5E3A-AF82-12DF17AE4E1E,2018-ncaa-d1-natl,ncaa,289,307,144,303,178,211,185,143,235,210,220,198,112,84,221,90,297,222,345,218,178,149,131,214,268,268,156,96,302,276,314,235,318,265,336,215,248,244,231,250,43,51,185,162,,,293,252,,,294,91,43,203,214,181,116,222,208,107,77,309,210,204,124,89,283,240,290,224,254,29,185,,301,,,290,291,241,216,235,152,93,260,312,311,248,307,309,297,243,293,314,245,279,277,300,228,324,285,260,315,318,320,314,333,336,278,263,63,85,142,317,306,70,93,,,297,336,,,294,253,291,263,290,303,246,234,171,93,320,318,313,299,297,270,318,322,332,334,283,46,315,79,,315,,,b'\x11\xe8\xe1I\xc8\xed^:\xaf\x82\x12\xdf\x17\xaeN\x1e'
11E8E149-C8ED-5E3A-AF82-12DF17AE4E1E,2019-ncaa-d0-natl,ncaa,266,298,114,279,148,270,280,216,313,318,286,309,105,82,220,48,301,266,312,251,159,224,227,285,303,283,42,31,264,284,324,283,310,298,342,309,297,179,206,289,66,54,334,319,,,201,210,,,287,188,256,193,319,318,274,341,310,101,75,319,292,286,293,301,306,327,341,334,167,65,339,,191,,,280,188,138,112,209,93,32,298,243,287,92,320,272,235,313,239,320,124,188,243,266,183,306,263,269,252,310,329,324,317,342,208,269,66,50,101,257,274,81,167,,,272,262,,,287,170,303,205,281,161,113,56,74,12,241,288,264,231,237,61,141,238,322,313,195,58,238,77,,303,,,b'\x11\xe8\xe1I\xc8\xed^:\xaf\x82\x12\xdf\x17\xaeN\x1e'
11E8E149-C8ED-5E3A-AF82-12DF17AE4E1E,2019-ncaa-d1-conf-Big West,ncaa,6,7,2,7,3,7,8,3,8,9,8,9,2,1,5,1,9,7,9,7,6,5,4,7,8,8,1,1,8,6,7,6,7,7,8,9,8,6,5,9,3,2,9,8,,,5,4,,,6,4,8,3,9,9,6,9,8,2,1,9,8,8,7,6,6,8,7,8,5,3,9,,5,,,6,4,3,3,4,3,2,6,7,7,4,7,6,5,4,6,7,4,6,5,5,4,7,6,6,5,7,8,7,8,8,5,8,2,2,3,8,9,5,8,,,9,8,,,6,7,9,3,6,4,2,1,3,1,7,7,5,5,5,2,3,4,8,8,4,2,7,4,,9,,,b'\x11\xe8\xe1I\xc8\xed^:\xaf\x82\x12\xdf\x17\xaeN\x1e'
11E8E149-C8ED-5E3A-AF82-12DF17AE4E1E,2019-ncaa-d1-natl,ncaa,282,297,155,291,193,295,304,263,318,334,307,314,119,97,222,48,317,282,314,275,163,272,280,293,307,288,40,32,260,306,329,318,314,327,343,325,301,152,212,300,88,62,340,323,,,169,217,,,298,246,261,180,321,322,286,342,313,106,79,320,292,284,302,306,308,330,344,336,166,75,339,,192,,,296,148,102,66,223,74,11,306,228,270,105,319,257,219,317,223,320,73,121,256,284,205,303,262,266,229,314,320,329,303,343,190,273,87,61,118,238,280,72,171,,,294,261,,,298,110,316,227,300,174,125,57,81,13,242,290,266,229,240,65,139,244,326,315,203,68,241,80,,302,,,b'\x11\xe8\xe1I\xc8\xed^:\xaf\x82\x12\xdf\x17\xaeN\x1e'
11E8E149-C8ED-5E3A-AF82-12DF17AE4E1E,2020-ncaa-d0-natl,ncaa,221,216,191,225,201,302,289,223,322,274,225,288,253,169,331,146,292,275,277,267,219,235,261,320,323,292,210,184,206,232,280,341,293,339,336,317,284,79,133,242,20,11,297,245,,,124,202,,,268,269,283,55,314,304,210,271,218,247,164,293,273,264,232,278,235,347,345,313,91,17,295,,159,,,263,99,86,24,304,40,4,321,265,232,293,338,107,86,293,81,266,17,74,327,332,172,319,319,153,94,293,292,280,240,336,300,345,19,5,107,94,127,57,87,,,318,295,,,268,80,301,166,270,110,103,9,46,2,284,251,132,97,94,6,80,114,314,263,302,13,94,65,,313,,,b'\x11\xe8\xe1I\xc8\xed^:\xaf\x82\x12\xdf\x17\xaeN\x1e'
11E8E149-C8ED-5E3A-AF82-12DF17AE4E1E,2020-ncaa-d1-conf-Big West,ncaa,6,5,3,6,3,6,8,4,9,6,5,8,6,4,9,5,5,3,7,3,5,4,4,9,8,8,5,6,4,5,7,9,8,9,9,9,9,6,5,9,1,1,7,7,,,9,9,,,8,3,5,2,8,9,5,7,5,6,5,6,4,3,5,4,5,9,9,9,5,1,7,,9,,,8,4,2,1,9,2,1,9,6,4,8,8,7,7,7,7,9,1,5,9,9,3,9,7,8,3,8,7,7,6,9,7,8,1,1,1,5,5,3,4,,,6,7,,,8,6,9,1,8,5,3,1,2,1,6,4,7,5,6,1,5,4,8,6,7,1,6,4,,6,,,b'\x11\xe8\xe1I\xc8\xed^:\xaf\x82\x12\xdf\x17\xaeN\x1e'
11E8E149-C8ED-5E3A-AF82-12DF17AE4E1E,2020-ncaa-d1-natl,ncaa,199,215,45,208,65,246,227,128,301,204,161,253,215,137,322,147,270,246,277,236,227,148,177,297,314,272,228,184,242,190,258,331,295,311,329,276,278,114,118,220,9,8,274,228,,,170,183,,,230,169,264,75,289,267,174,236,200,231,158,292,269,256,210,255,211,345,339,301,96,11,291,,153,,,228,132,123,45,277,57,7,307,283,282,245,338,134,112,269,102,263,41,169,307,311,120,314,314,163,176,295,319,258,288,329,304,344,9,4,78,123,122,52,58,,,302,317,,,230,172,283,116,230,95,84,13,40,2,271,255,125,97,91,9,106,140,302,256,287,13,98,46,,320,,,b'\x11\xe8\xe1I\xc8\xed^:\xaf\x82\x12\xdf\x17\xaeN\x1e'
11E8E149-C8ED-5E3A-AF82-12DF17AE4E1E,2021-ncaa-d0-natl,ncaa,151,104,219,138,229,214,220,228,183,206,236,98,222,184,303,145,174,182,189,180,93,223,252,200,183,132,199,231,98,229,222,259,146,257,232,238,242,44,44,111,39,5,300,278,,,104,213,,,109,252,274,129,177,184,195,147,199,226,141,118,109,112,179,268,209,283,285,234,29,10,315,,150,,,106,85,82,72,196,70,53,231,191,187,202,324,68,83,22,93,268,75,82,240,207,109,302,314,102,73,146,124,222,95,232,192,338,143,35,166,73,110,26,15,,,257,235,,,109,89,147,99,109,68,67,30,34,3,261,260,60,99,111,24,51,64,199,125,268,63,89,12,,266,,,b'\x11\xe8\xe1I\xc8\xed^:\xaf\x82\x12\xdf\x17\xaeN\x1e'
11E8E149-C8ED-5E3A-AF82-12DF17AE4E1E,2021-ncaa-d1-conf-Big West,ncaa,3,5,1,3,1,1,2,1,6,2,2,2,7,3,10,5,2,2,8,2,5,1,1,6,4,4,8,10,3,2,3,4,7,2,7,5,10,7,1,5,1,1,7,7,,,9,8,,,2,1,4,6,4,4,3,2,4,8,5,4,3,3,1,4,3,9,8,9,1,1,10,,8,,,2,7,8,9,5,7,6,10,9,9,4,9,7,8,1,9,8,9,10,7,5,2,7,8,3,9,7,10,3,10,7,10,10,1,1,6,7,3,4,2,,,3,7,,,2,10,4,2,2,2,4,2,4,2,7,7,2,5,6,1,6,6,9,6,8,2,4,2,,6,,,b'\x11\xe8\xe1I\xc8\xed^:\xaf\x82\x12\xdf\x17\xaeN\x1e'
11E8E149-C8ED-5E3A-AF82-12DF17AE4E1E,2021-ncaa-d1-natl,ncaa,139,104,206,131,216,209,209,218,170,197,232,106,206,173,283,148,173,175,192,177,106,215,241,187,179,128,189,213,115,219,214,253,166,252,239,227,240,49,48,113,36,5,294,265,,,112,200,,,112,240,282,136,179,177,200,155,203,213,147,135,129,132,192,275,209,294,291,233,33,10,311,,144,,,110,92,94,85,205,80,54,255,200,191,193,322,71,97,25,102,261,84,96,249,215,112,286,311,93,77,166,124,214,108,239,200,331,131,31,157,90,132,25,13,,,254,246,,,112,103,139,106,108,70,76,29,40,5,252,257,54,93,105,20,47,74,189,121,260,63,103,9,,273,,,b'\x11\xe8\xe1I\xc8\xed^:\xaf\x82\x12\xdf\x17\xaeN\x1e'
11E8E149-C8ED-5E3A-AF82-12DF17AE4E1E,2022-ncaa-d0-natl,ncaa,107,49,260,75,266,264,256,266,209,235,254,161,252,226,288,166,229,240,170,235,168,263,297,231,220,165,213,216,154,306,305,341,253,341,334,180,57,14,65,62,21,2,186,56,,,77,216,,,103,292,285,43,225,213,214,188,196,230,171,184,191,188,215,287,294,349,352,120,40,5,165,,165,,,96,23,15,8,183,9,3,207,184,138,276,333,90,108,103,99,330,10,53,232,250,45,344,334,257,55,253,167,305,103,334,110,334,29,1,19,90,195,26,50,,,270,156,,,103,62,199,45,103,40,16,2,7,1,241,209,147,166,155,2,81,101,275,213,158,8,159,41,,214,,,b'\x11\xe8\xe1I\xc8\xed^:\xaf\x82\x12\xdf\x17\xaeN\x1e'
11E8E149-C8ED-5E3A-AF82-12DF17AE4E1E,2022-ncaa-d1-conf-Big West,ncaa,3,3,3,3,3,3,3,2,4,3,3,2,6,5,10,7,6,5,8,5,6,3,4,6,8,4,9,9,7,7,9,11,11,11,11,2,3,5,2,1,1,1,1,1,,,6,3,,,4,3,6,1,5,3,4,3,4,9,6,7,5,5,3,6,10,11,11,3,3,1,2,,4,,,4,7,6,3,9,3,3,9,11,8,11,11,4,6,3,6,7,2,8,10,9,3,9,11,3,7,11,9,9,10,11,9,11,1,1,1,8,6,4,2,,,4,8,,,4,9,6,4,4,4,6,1,2,1,10,4,4,4,4,1,8,4,8,8,8,1,6,3,,8,,,b'\x11\xe8\xe1I\xc8\xed^:\xaf\x82\x12\xdf\x17\xaeN\x1e'
11E8E149-C8ED-5E3A-AF82-12DF17AE4E1E,2022-ncaa-d1-natl,ncaa,108,49,270,75,272,264,248,262,209,224,251,156,251,219,296,171,249,249,184,245,192,266,304,224,227,166,235,223,177,307,302,345,243,342,332,177,67,15,65,64,18,2,184,63,,,76,215,,,113,297,279,43,228,213,207,178,191,235,169,205,203,202,207,280,291,349,350,126,41,7,167,,155,,,109,22,14,8,204,8,5,228,177,139,277,329,94,96,136,91,321,9,43,253,265,58,335,323,244,43,243,179,302,101,332,116,325,25,2,21,94,202,21,43,,,281,179,,,113,55,203,55,116,46,23,2,10,3,235,198,143,149,138,3,77,89,275,202,163,11,167,36,,231,,,b'\x11\xe8\xe1I\xc8\xed^:\xaf\x82\x12\xdf\x17\xaeN\x1e'
11E8E149-C8ED-5E3A-AF82-12DF17AE4E1E,2023-ncaa-d0-natl,ncaa,59,52,81,59,105,173,140,183,92,127,199,61,174,160,201,134,271,318,37,314,329,213,245,106,109,114,263,183,313,330,330,298,333,324,339,146,176,82,129,106,9,5,164,93,,,189,173,,,110,192,319,291,236,187,307,166,259,199,195,317,346,345,327,356,346,356,360,179,57,12,185,,130,,,113,90,74,106,133,47,36,221,247,289,92,338,104,86,274,86,214,95,206,171,170,43,300,305,164,282,333,179,330,225,339,308,358,18,9,90,215,249,18,28,,,288,292,,,110,190,153,61,99,31,31,20,17,5,206,261,73,56,56,10,71,241,101,155,283,23,173,8,,346,,,b'\x11\xe8\xe1I\xc8\xed^:\xaf\x82\x12\xdf\x17\xaeN\x1e'
11E8E149-C8ED-5E3A-AF82-12DF17AE4E1E,2023-ncaa-d1-conf-Big West,ncaa,1,2,4,2,5,3,1,4,1,2,5,1,4,6,4,6,7,9,1,9,9,5,6,2,2,1,9,6,10,10,9,9,11,10,10,2,8,2,1,1,1,1,3,2,,,5,5,,,1,5,6,8,4,1,5,1,5,4,8,8,9,9,9,11,11,11,11,3,1,1,4,,5,,,2,3,5,6,5,3,2,8,8,10,3,11,3,2,9,2,6,5,8,6,5,2,8,11,4,9,11,7,9,7,10,11,11,1,1,5,4,6,3,2,,,10,11,,,1,8,1,2,1,2,2,1,2,1,8,11,1,1,1,1,7,9,2,5,11,1,4,3,,11,,,b'\x11\xe8\xe1I\xc8\xed^:\xaf\x82\x12\xdf\x17\xaeN\x1e'
11E8E149-C8ED-5E3A-AF82-12DF17AE4E1E,2023-ncaa-d1-natl,ncaa,52,52,56,55,92,173,129,171,92,142,207,59,161,152,181,122,285,329,34,328,338,212,245,103,109,111,247,166,326,331,326,305,331,332,341,131,151,93,140,106,9,6,162,93,,,194,177,,,110,189,315,291,241,200,305,182,264,193,184,327,348,348,327,353,346,354,360,164,65,10,182,,134,,,112,78,74,106,136,53,32,228,235,295,74,339,97,81,275,83,210,90,218,166,167,40,291,294,163,272,331,186,326,234,341,309,357,15,9,72,215,252,14,25,,,309,315,,,110,196,154,56,100,28,31,19,20,4,195,259,65,51,52,11,71,230,102,144,271,23,170,5,,352,,,b'\x11\xe8\xe1I\xc8\xed^:\xaf\x82\x12\xdf\x17\xaeN\x1e'
11E8E149-C8ED-5E3A-AF82-12DF17AE4E1E,2024-ncaa-d0-natl,ncaa,189,228,94,214,102,110,114,97,170,123,122,162,121,106,179,159,103,82,256,81,105,96,41,171,170,230,159,173,148,80,133,102,307,84,220,198,307,355,326,317,14,40,178,229,,,306,166,,,214,39,23,76,127,128,91,147,152,143,125,120,101,99,86,21,99,104,82,231,349,17,198,,297,,,210,307,297,319,129,294,299,192,244,308,41,227,296,294,187,288,192,324,339,123,142,96,173,153,219,352,307,274,133,337,220,238,123,29,101,87,358,336,278,248,,,45,125,,,214,325,233,145,208,279,284,329,274,296,210,299,263,259,250,331,349,346,235,315,190,37,350,267,,37,,,b'\x11\xe8\xe1I\xc8\xed^:\xaf\x82\x12\xdf\x17\xaeN\x1e'
11E8E149-C8ED-5E3A-AF82-12DF17AE4E1E,2024-ncaa-d1-conf-Big West,ncaa,6,8,2,7,2,1,1,1,6,2,2,5,5,3,7,6,1,1,10,1,5,1,1,5,5,8,6,6,8,2,4,2,10,2,7,3,10,11,10,9,1,3,4,8,,,11,3,,,8,1,1,1,1,2,1,2,5,5,4,4,3,3,1,1,2,6,3,6,11,2,6,,9,,,8,11,11,11,8,11,10,7,7,10,6,4,11,10,8,10,3,11,11,9,9,7,3,4,6,11,10,9,4,11,7,11,7,1,4,4,11,8,11,10,,,1,5,,,8,11,6,7,7,10,11,10,10,10,8,7,8,8,7,10,11,10,8,9,9,2,11,10,,1,,,b'\x11\xe8\xe1I\xc8\xed^:\xaf\x82\x12\xdf\x17\xaeN\x1e'
11E8E149-C8ED-5E3A-AF82-12DF17AE4E1E,2024-ncaa-d1-natl,ncaa,190,230,78,220,87,110,116,90,173,121,127,166,126,105,189,167,108,85,258,82,106,84,31,171,173,240,163,174,153,85,129,96,308,73,218,200,307,361,336,323,16,46,190,237,,,324,177,,,228,30,23,77,127,132,97,147,153,149,128,123,100,98,94,21,105,102,84,235,354,24,203,,304,,,228,317,305,329,134,305,301,200,263,320,48,238,302,293,208,288,199,337,344,135,155,108,185,172,223,354,308,275,129,342,218,249,130,33,105,96,359,342,280,251,,,42,133,,,228,333,242,152,219,287,288,331,279,293,229,306,272,263,253,334,351,349,228,312,204,40,355,266,,40,,,b'\x11\xe8\xe1I\xc8\xed^:\xaf\x82\x12\xdf\x17\xaeN\x1e'
11E8E149-C8ED-5E3A-AF82-12DF17AE4E1E,2025-ncaa-d0-natl,genius_ncaa,171,130,248,151,252,193,193,125,289,170,100,291,240,201,283,232,164,146,240,137,191,126,131,301,303,267,220,240,129,54,66,127,275,81,163,204,211,124,121,195,158,172,73,62,,,236,230,,272,203,175,52,43,128,135,20,117,44,220,162,106,89,86,23,17,22,40,13,181,208,126,45,,308,,313,206,189,148,230,73,133,213,83,213,250,111,223,268,231,331,223,219,239,218,83,113,153,269,209,281,311,275,239,66,282,163,250,310,214,241,263,116,109,209,151,,,72,52,,16,203,180,217,200,210,280,235,340,199,292,259,305,305,283,279,342,338,343,320,343,309,161,166,263,,16,,8,b'\x11\xe8\xe1I\xc8\xed^:\xaf\x82\x12\xdf\x17\xaeN\x1e'
11E8E149-C8ED-5E3A-AF82-12DF17AE4E1E,2025-ncaa-d1-conf-Big West,genius_ncaa,6,5,5,6,6,3,3,2,7,2,2,6,7,7,6,10,3,1,6,1,6,2,2,7,6,5,8,10,4,1,1,3,9,1,3,2,6,6,4,5,5,5,2,1,,,10,9,,8,7,3,1,4,1,1,1,1,1,6,7,4,2,2,1,1,1,3,1,2,7,4,1,,11,,9,7,10,8,10,4,7,10,3,9,8,6,6,11,11,11,11,9,10,9,4,5,5,9,8,11,11,9,7,1,10,3,10,9,5,8,10,5,5,8,5,,,1,3,,3,7,9,5,7,7,9,9,10,7,10,10,9,11,11,11,10,11,11,7,10,10,6,5,8,,1,,3,b'\x11\xe8\xe1I\xc8\xed^:\xaf\x82\x12\xdf\x17\xaeN\x1e'
11E8E149-C8ED-5E3A-AF82-12DF17AE4E1E,2025-ncaa-d1-natl,genius_ncaa,161,130,244,148,251,167,175,106,282,153,88,285,237,200,289,242,122,108,235,104,174,94,110,294,299,253,225,254,111,40,61,114,271,60,159,191,203,136,108,177,127,136,65,62,,,253,243,,266,183,149,45,42,109,122,17,94,34,215,161,76,64,60,17,15,18,35,10,161,201,101,42,,317,,299,184,194,152,246,55,127,220,67,214,257,108,220,285,260,321,251,231,256,234,67,99,135,279,205,293,316,271,255,61,300,159,258,311,193,229,246,114,87,239,170,,,49,49,,15,183,202,202,183,195,279,228,343,189,299,254,304,319,297,293,347,346,344,324,342,306,153,159,288,,14,,9,b'\x11\xe8\xe1I\xc8\xed^:\xaf\x82\x12\xdf\x17\xaeN\x1e'
11E8E149-C8ED-5E3A-AF82-12DF17AE4E1E,2026-ncaa-d0-natl,genius_ncaa,332,346,116,332,142,266,248,184,336,257,206,321,207,129,313,90,321,316,271,315,337,198,186,332,342,338,173,100,303,214,306,121,170,144,257,206,100,298,304,272,252,305,216,253,,,160,90,,141,344,177,171,97,349,330,242,331,261,228,145,349,352,350,308,255,252,106,157,255,285,301,250,,110,,127,335,297,312,284,243,267,197,293,339,335,216,339,97,124,72,123,83,263,211,274,240,297,215,327,25,227,170,307,306,290,257,353,354,280,339,357,319,315,229,243,,,312,357,,223,344,212,342,293,332,290,317,335,258,167,348,351,68,90,80,300,211,205,326,305,356,336,300,217,,359,,252,b'\x11\xe8\xe1I\xc8\xed^:\xaf\x82\x12\xdf\x17\xaeN\x1e'
11E8E149-C8ED-5E3A-AF82-12DF17AE4E1E,2026-ncaa-d1-conf-Big West,genius_ncaa,8,8,1,8,1,9,5,5,8,8,9,6,3,2,8,1,10,11,8,11,11,9,8,8,9,9,6,2,11,5,6,7,8,9,9,4,5,9,9,7,7,7,5,6,,,4,4,,2,10,8,10,1,11,7,7,10,11,4,3,11,11,11,11,10,6,9,10,6,9,7,5,,4,,1,10,8,9,9,8,6,6,8,11,11,10,9,3,5,2,5,5,8,5,10,7,10,9,10,2,7,8,6,6,8,9,11,10,7,9,11,8,8,1,3,,,9,11,,3,10,4,11,10,10,8,9,9,6,6,11,9,3,5,5,8,4,7,5,8,11,9,8,1,,11,,3,b'\x11\xe8\xe1I\xc8\xed^:\xaf\x82\x12\xdf\x17\xaeN\x1e'
11E8E149-C8ED-5E3A-AF82-12DF17AE4E1E,2026-ncaa-d1-natl,genius_ncaa,354,345,177,354,197,332,327,265,353,335,279,343,257,179,324,89,349,352,270,351,343,285,263,349,356,351,155,100,301,290,326,183,182,226,295,280,103,255,326,305,315,330,265,272,,,106,100,,108,351,246,193,100,360,351,279,346,278,247,158,355,355,353,331,278,283,123,198,297,297,322,266,,120,,127,351,261,292,230,282,229,145,321,331,322,244,339,67,79,87,76,90,209,143,312,284,332,211,326,26,181,182,278,326,252,295,348,357,336,349,359,295,330,208,271,,,353,358,,245,351,141,358,327,350,323,337,339,290,180,352,354,79,97,88,314,210,217,340,320,358,346,314,234,,361,,250,b'\x11\xe8\xe1I\xc8\xed^:\xaf\x82\x12\xdf\x17\xaeN\x1e'
11E8E149-C8F1-D942-AF82-12DF17AE4E1E,2010-ncaa-d0-natl,ncaa,274,269,241,276,287,240,255,240,266,222,217,233,243,197,306,196,133,96,238,97,55,215,190,280,265,262,162,232,43,231,257,311,337,294,332,268,251,213,240,279,93,89,96,86,,,258,264,,,276,176,39,341,222,246,164,209,178,234,167,80,47,47,129,84,192,311,288,263,267,53,65,,312,,,276,198,209,130,286,235,180,281,104,82,230,76,218,253,62,253,239,151,185,268,260,179,106,82,214,283,337,212,257,251,332,193,171,68,50,92,168,187,166,203,,,149,91,,,276,165,271,224,273,291,289,216,302,269,136,103,269,289,290,257,313,322,293,317,253,24,221,192,,73,,,b'\x11\xe8\xe1I\xc8\xf1\xd9B\xaf\x82\x12\xdf\x17\xaeN\x1e'
11E8E149-C8F1-D942-AF82-12DF17AE4E1E,2010-ncaa-d1-natl,ncaa,281,269,276,281,319,254,273,256,273,237,232,239,255,212,308,194,139,105,238,105,54,228,212,283,271,268,161,230,41,250,261,325,337,314,331,285,254,201,241,281,105,91,100,89,,,245,263,,,281,199,41,341,225,252,167,215,179,237,168,81,48,47,131,86,193,312,291,273,265,57,66,,312,,,282,183,198,113,291,231,160,288,96,71,231,75,206,245,64,244,241,131,166,273,266,184,108,81,210,280,337,197,261,236,331,184,171,79,56,102,154,190,160,206,,,163,89,,,281,141,277,235,279,294,298,218,309,273,135,102,270,293,292,258,312,323,295,320,255,28,222,195,,72,,,b'\x11\xe8\xe1I\xc8\xf1\xd9B\xaf\x82\x12\xdf\x17\xaeN\x1e'
11E8E149-C8F1-D942-AF82-12DF17AE4E1E,2011-ncaa-d0-natl,ncaa,296,314,170,307,223,229,226,156,276,205,124,283,222,207,235,206,194,221,115,228,275,167,124,281,268,283,194,195,147,172,248,194,293,185,295,228,189,309,293,286,217,254,111,113,,,334,336,,,296,109,34,247,234,232,118,196,113,213,196,186,217,226,141,61,168,174,167,217,309,204,99,,340,,,293,256,149,154,170,149,193,116,166,114,300,81,341,343,98,343,337,243,252,180,225,202,306,127,334,287,293,277,248,303,295,141,154,110,147,110,326,309,164,141,,,178,224,,,296,223,297,239,292,289,172,184,170,220,184,128,340,342,342,289,307,302,309,320,165,90,322,186,,147,,,b'\x11\xe8\xe1I\xc8\xf1\xd9B\xaf\x82\x12\xdf\x17\xaeN\x1e'
11E8E149-C8F1-D942-AF82-12DF17AE4E1E,2011-ncaa-d1-natl,ncaa,305,314,199,313,259,252,241,179,282,221,141,288,230,214,234,204,209,236,116,243,273,194,144,284,270,286,190,192,144,192,251,219,298,213,301,235,189,299,296,287,233,256,119,117,,,333,336,,,299,127,36,248,238,239,120,203,118,215,194,187,221,229,146,62,171,178,174,226,309,211,99,,340,,,298,243,133,125,178,133,167,118,158,98,300,79,340,341,99,341,337,223,232,182,229,210,304,126,335,279,298,262,251,291,301,126,155,126,154,117,320,313,152,150,,,196,223,,,299,201,301,245,302,293,181,187,173,221,185,128,341,342,342,292,308,306,309,321,166,95,323,190,,149,,,b'\x11\xe8\xe1I\xc8\xf1\xd9B\xaf\x82\x12\xdf\x17\xaeN\x1e'
11E8E149-C8F1-D942-AF82-12DF17AE4E1E,2012-ncaa-d0-natl,ncaa,297,288,240,298,278,294,309,266,318,249,180,314,321,303,332,283,121,115,181,113,104,248,212,329,317,314,237,314,13,256,287,273,332,282,330,273,136,253,288,291,195,199,118,135,,,168,152,,,329,195,73,262,296,314,231,233,124,325,292,75,61,62,198,135,234,258,264,273,295,158,98,,243,,,328,240,259,212,267,283,251,254,163,119,249,99,174,172,163,170,120,211,188,255,250,262,82,112,112,312,332,244,287,295,330,262,183,211,227,263,318,324,210,212,,,157,88,,,329,141,320,299,327,301,310,312,311,315,206,173,227,235,230,312,305,332,307,332,286,166,327,237,,87,,,b'\x11\xe8\xe1I\xc8\xf1\xd9B\xaf\x82\x12\xdf\x17\xaeN\x1e'
11E8E149-C8F1-D942-AF82-12DF17AE4E1E,2012-ncaa-d1-natl,ncaa,301,288,286,301,312,309,322,291,322,270,206,319,323,308,333,283,132,129,179,126,103,277,254,330,319,319,232,311,10,273,294,293,335,305,330,285,139,235,294,295,211,210,124,140,,,147,155,,,329,230,77,262,301,317,240,241,129,325,291,72,64,65,208,142,236,262,268,276,293,167,99,,243,,,330,227,246,188,271,271,235,256,152,102,251,99,164,158,168,155,121,185,156,261,253,267,80,116,112,306,335,223,294,280,330,256,182,237,235,267,314,326,197,218,,,173,83,,,329,106,323,306,329,304,314,312,315,315,206,172,230,238,234,315,307,334,310,333,289,171,328,242,,80,,,b'\x11\xe8\xe1I\xc8\xf1\xd9B\xaf\x82\x12\xdf\x17\xaeN\x1e'
11E8E149-C8F1-D942-AF82-12DF17AE4E1E,2013-ncaa-d0-natl,ncaa,177,244,41,209,76,85,129,54,277,196,171,229,42,21,225,44,40,36,187,35,29,45,46,230,211,163,34,55,77,247,338,158,329,204,342,229,304,167,73,220,56,139,143,235,,,343,304,,,278,20,20,332,123,197,86,260,265,54,29,66,46,51,56,100,292,266,306,283,92,86,179,,336,,,260,337,327,306,302,334,328,241,188,100,332,22,339,341,213,341,279,328,332,276,297,262,122,51,293,341,329,344,338,345,342,294,119,28,101,123,170,89,148,146,,,44,113,,,278,325,210,285,259,320,298,265,313,319,137,48,328,328,328,320,338,330,342,343,244,52,123,113,,70,,,b'\x11\xe8\xe1I\xc8\xf1\xd9B\xaf\x82\x12\xdf\x17\xaeN\x1e'
11E8E149-C8F1-D942-AF82-12DF17AE4E1E,2013-ncaa-d1-conf-Big South,ncaa,4,7,1,7,1,2,2,1,7,6,6,7,1,1,8,2,2,1,8,1,2,1,1,7,7,5,2,2,2,7,9,3,10,6,11,5,9,3,1,6,2,4,5,8,,,11,9,,,8,1,2,11,5,6,3,8,8,2,2,2,2,2,2,5,9,10,8,8,1,3,8,,10,,,7,11,11,11,10,11,11,9,10,8,11,3,11,11,10,11,9,11,11,10,11,9,5,4,8,11,10,11,9,11,11,11,5,1,3,7,2,2,4,3,,,1,4,,,8,11,6,9,8,10,9,6,9,9,7,4,9,7,7,7,10,9,11,11,7,2,2,4,,2,,,b'\x11\xe8\xe1I\xc8\xf1\xd9B\xaf\x82\x12\xdf\x17\xaeN\x1e'
11E8E149-C8F1-D942-AF82-12DF17AE4E1E,2013-ncaa-d1-natl,ncaa,186,243,49,214,86,96,138,62,282,213,194,234,43,23,225,44,46,40,186,39,28,53,56,234,219,170,34,55,69,260,339,176,333,227,343,246,307,148,76,225,63,143,151,239,,,342,304,,,285,21,22,333,126,207,88,267,266,55,29,65,45,50,60,108,295,270,311,289,92,94,183,,335,,,268,337,326,301,304,334,327,247,177,86,332,22,339,341,211,341,278,324,329,280,303,267,120,52,293,341,333,344,339,345,343,285,121,35,103,129,159,91,145,149,,,51,110,,,285,321,217,290,268,321,300,269,315,318,137,48,330,330,330,320,338,330,342,343,246,56,124,114,,71,,,b'\x11\xe8\xe1I\xc8\xf1\xd9B\xaf\x82\x12\xdf\x17\xaeN\x1e'
11E8E149-C8F1-D942-AF82-12DF17AE4E1E,2014-ncaa-d0-natl,ncaa,288,298,180,294,215,315,318,230,343,326,290,331,177,83,332,64,291,288,213,286,201,251,259,335,338,323,68,82,172,249,305,277,296,282,332,305,223,93,165,276,162,147,178,169,,,109,156,,,309,253,266,179,326,334,218,333,287,160,70,296,289,289,255,270,251,293,292,313,117,157,172,,133,,,308,111,104,95,192,102,121,135,159,101,303,125,165,172,86,171,223,99,111,195,192,170,210,193,209,224,296,301,305,289,332,70,89,154,115,92,277,307,158,256,,,274,211,,,309,91,329,205,314,147,138,98,139,153,174,105,197,200,202,110,136,257,327,319,83,140,282,182,,272,,,b'\x11\xe8\xe1I\xc8\xf1\xd9B\xaf\x82\x12\xdf\x17\xaeN\x1e'
11E8E149-C8F1-D942-AF82-12DF17AE4E1E,2014-ncaa-d1-conf-Big South,ncaa,10,10,7,10,7,10,10,7,10,10,9,10,6,2,10,1,8,9,7,9,6,8,8,10,10,10,1,1,6,9,10,10,9,10,10,9,6,1,4,8,4,3,6,6,,,7,8,,,10,8,4,5,9,10,5,10,9,5,1,8,8,8,7,8,9,9,9,9,3,3,6,,8,,,10,7,3,2,9,3,2,8,5,2,10,3,8,8,6,8,10,2,2,10,10,10,8,5,9,3,9,10,10,10,10,4,6,3,2,2,6,7,5,8,,,8,5,,,10,3,10,9,10,8,4,2,5,5,7,2,10,8,9,2,3,4,10,10,7,3,6,5,,6,,,b'\x11\xe8\xe1I\xc8\xf1\xd9B\xaf\x82\x12\xdf\x17\xaeN\x1e'
11E8E149-C8F1-D942-AF82-12DF17AE4E1E,2014-ncaa-d1-natl,ncaa,293,298,211,299,259,324,326,257,343,334,302,333,183,90,333,63,299,300,212,298,200,276,290,337,338,325,68,82,169,264,308,296,301,299,337,314,227,79,167,278,182,151,186,171,,,95,155,,,313,288,266,175,329,335,224,334,290,160,70,297,291,291,258,271,253,294,298,315,114,161,175,,134,,,313,91,88,66,199,86,96,144,144,90,303,123,159,165,88,164,225,69,76,200,201,176,211,193,209,200,301,294,308,277,337,63,88,172,122,96,256,309,148,263,,,300,214,,,313,59,331,212,319,151,144,97,143,154,179,101,198,204,204,111,131,259,327,319,87,143,283,189,,275,,,b'\x11\xe8\xe1I\xc8\xf1\xd9B\xaf\x82\x12\xdf\x17\xaeN\x1e'
11E8E149-C8F1-D942-AF82-12DF17AE4E1E,2015-ncaa-d0-natl,ncaa,331,338,172,334,177,294,305,204,342,342,304,340,86,50,217,28,314,323,181,324,259,233,260,311,319,292,24,17,276,305,337,333,346,335,347,294,214,68,129,233,198,202,275,284,,,106,94,,,341,234,251,58,315,325,189,346,314,71,43,326,327,330,245,285,304,344,347,310,94,200,280,,115,,,339,284,299,180,335,298,181,339,214,199,244,207,163,115,324,123,112,171,173,337,332,324,86,161,92,309,346,329,337,327,347,246,123,170,169,235,139,195,288,341,,,302,283,,,341,124,314,337,338,304,319,229,317,208,237,222,171,127,134,217,218,323,341,342,268,153,163,308,,320,,,b'\x11\xe8\xe1I\xc8\xf1\xd9B\xaf\x82\x12\xdf\x17\xaeN\x1e'
11E8E149-C8F1-D942-AF82-12DF17AE4E1E,2015-ncaa-d1-conf-Big South,ncaa,10,10,7,10,7,10,10,7,10,11,11,10,1,1,4,1,10,10,5,10,8,7,11,9,10,7,1,1,10,11,11,11,11,11,11,8,5,1,1,1,7,8,9,10,,,3,3,,,10,9,7,2,9,10,3,11,11,1,1,10,10,10,6,10,11,11,11,8,1,5,9,,4,,,10,8,10,5,10,7,3,10,11,10,10,10,2,2,9,2,2,5,6,10,10,10,6,9,1,9,11,11,11,11,11,9,10,5,4,8,1,1,7,11,,,10,10,,,10,5,10,10,10,9,10,7,9,5,11,10,4,2,2,7,7,10,11,11,9,4,1,8,,10,,,b'\x11\xe8\xe1I\xc8\xf1\xd9B\xaf\x82\x12\xdf\x17\xaeN\x1e'
11E8E149-C8F1-D942-AF82-12DF17AE4E1E,2015-ncaa-d1-natl,ncaa,336,338,209,339,216,318,324,246,344,347,323,343,101,63,216,26,327,333,180,335,258,271,300,315,321,295,23,15,272,316,340,344,346,346,347,315,221,53,135,240,223,218,285,287,,,76,95,,,342,279,254,53,323,330,199,346,317,70,44,328,329,331,255,289,308,344,347,318,93,211,283,,117,,,342,268,289,152,337,290,148,340,205,184,254,208,143,97,326,104,114,137,132,339,334,327,87,161,93,295,346,325,340,322,347,230,126,193,176,240,126,198,283,342,,,322,281,,,342,80,317,338,341,308,320,233,317,213,241,221,174,127,138,223,219,328,343,343,273,164,167,313,,322,,,b'\x11\xe8\xe1I\xc8\xf1\xd9B\xaf\x82\x12\xdf\x17\xaeN\x1e'
11E8E149-C8F1-D942-AF82-12DF17AE4E1E,2016-ncaa-d0-natl,ncaa,308,293,287,311,313,326,335,245,348,342,280,347,173,123,280,78,254,266,177,271,186,254,265,343,342,332,31,65,91,264,311,304,315,307,345,325,267,99,178,305,289,276,348,347,,,184,229,,,341,263,71,265,309,335,123,338,220,135,70,212,222,226,144,137,219,272,274,329,194,257,347,,280,,,341,219,231,120,315,259,144,314,141,115,231,135,203,191,210,194,212,128,106,303,309,300,107,113,180,216,315,323,311,305,345,164,115,225,193,211,138,208,302,338,,,302,273,,,341,91,337,313,340,310,312,271,317,269,214,193,270,264,267,290,292,300,348,343,244,153,221,333,,251,,,b'\x11\xe8\xe1I\xc8\xf1\xd9B\xaf\x82\x12\xdf\x17\xaeN\x1e'
11E8E149-C8F1-D942-AF82-12DF17AE4E1E,2016-ncaa-d1-conf-Big South,ncaa,10,10,8,10,9,10,10,4,11,10,9,11,4,3,6,3,9,10,4,10,8,5,6,9,9,9,3,2,7,9,11,8,7,10,10,8,7,6,7,8,8,9,11,11,,,8,7,,,11,5,1,7,7,8,2,10,7,2,3,7,9,10,1,1,8,7,7,7,7,8,11,,8,,,11,10,10,7,11,10,6,11,9,7,9,7,7,7,9,7,6,7,6,11,11,10,4,7,3,5,7,11,11,9,10,10,6,5,4,8,7,7,9,9,,,10,10,,,11,7,11,9,10,11,11,11,10,8,9,8,7,7,7,11,11,7,11,10,10,4,8,9,,9,,,b'\x11\xe8\xe1I\xc8\xf1\xd9B\xaf\x82\x12\xdf\x17\xaeN\x1e'
11E8E149-C8F1-D942-AF82-12DF17AE4E1E,2016-ncaa-d1-natl,ncaa,293,292,218,294,278,283,313,175,346,327,239,344,151,93,279,90,200,212,178,214,160,188,189,341,337,323,45,87,82,219,301,263,300,262,339,321,272,143,167,296,227,242,347,348,,,236,221,,,325,175,59,266,285,313,100,326,198,138,71,180,191,194,112,103,202,246,234,321,193,206,349,,279,,,327,260,258,188,293,283,191,295,162,151,196,139,225,223,159,227,217,199,192,283,283,274,110,118,181,263,300,334,301,325,339,179,108,161,164,173,184,195,313,327,,,251,272,,,325,175,329,279,322,297,301,264,305,260,200,190,260,266,270,283,303,295,348,342,219,118,220,327,,239,,,b'\x11\xe8\xe1I\xc8\xf1\xd9B\xaf\x82\x12\xdf\x17\xaeN\x1e'
11E8E149-C8F1-D942-AF82-12DF17AE4E1E,2017-ncaa-d0-natl,ncaa,337,332,291,339,311,336,327,314,313,327,305,307,230,200,280,109,339,330,306,331,285,323,305,305,316,324,153,111,270,329,335,334,343,343,346,306,180,240,321,308,296,303,308,293,,,238,292,,,347,280,107,255,330,313,267,318,275,191,156,337,316,318,291,239,318,329,342,281,299,277,294,,322,,,346,290,294,128,343,236,62,346,313,251,332,300,132,169,84,169,238,133,121,345,344,342,233,289,72,263,343,245,335,259,346,307,249,214,205,298,248,316,138,246,,,338,323,,,347,84,335,347,346,343,339,277,316,138,340,313,209,235,236,289,298,323,331,337,335,149,296,200,,323,,,b'\x11\xe8\xe1I\xc8\xf1\xd9B\xaf\x82\x12\xdf\x17\xaeN\x1e'
11E8E149-C8F1-D942-AF82-12DF17AE4E1E,2017-ncaa-d1-conf-Big South,ncaa,9,9,6,9,9,9,9,9,9,9,8,9,7,2,7,3,10,10,8,10,9,9,8,8,9,9,4,3,10,10,10,10,10,10,10,9,3,7,9,9,10,10,8,7,,,9,9,,,9,7,2,9,9,8,7,9,8,6,2,10,10,10,7,7,9,10,9,7,8,9,6,,9,,,9,10,9,6,10,9,6,10,9,7,10,7,9,8,8,8,7,7,6,10,10,10,7,8,4,8,10,9,10,9,10,9,9,5,7,9,8,9,6,7,,,9,9,,,9,5,9,10,10,10,9,8,10,6,9,8,9,9,9,9,9,8,9,9,9,3,9,8,,9,,,b'\x11\xe8\xe1I\xc8\xf1\xd9B\xaf\x82\x12\xdf\x17\xaeN\x1e'
11E8E149-C8F1-D942-AF82-12DF17AE4E1E,2017-ncaa-d1-natl,ncaa,336,341,217,340,283,322,311,280,317,311,278,307,214,185,289,112,341,320,304,321,293,299,264,311,317,326,168,116,272,324,334,328,333,337,344,286,190,299,326,316,259,275,284,277,,,293,299,,,347,208,73,256,328,311,252,310,261,192,154,338,316,316,284,213,317,327,340,285,309,244,279,,325,,,347,324,319,189,343,279,99,346,317,290,324,298,179,213,81,216,250,196,201,344,343,339,229,279,86,293,333,307,334,315,344,321,244,159,173,271,286,315,147,227,,,328,324,,,347,164,337,338,346,342,338,278,314,135,334,313,218,241,244,289,312,315,339,339,330,117,299,188,,322,,,b'\x11\xe8\xe1I\xc8\xf1\xd9B\xaf\x82\x12\xdf\x17\xaeN\x1e'
11E8E149-C8F1-D942-AF82-12DF17AE4E1E,2018-ncaa-d0-natl,ncaa,310,308,242,316,253,323,325,266,341,314,235,339,279,235,313,189,246,243,234,244,203,272,260,337,338,330,154,197,72,246,284,288,208,285,295,335,294,229,280,331,220,196,345,342,,,274,323,,,324,249,192,99,334,330,234,307,185,266,210,228,203,205,243,197,225,268,272,335,272,200,345,,312,,,321,142,128,58,308,172,99,305,91,68,227,102,228,238,131,237,283,71,80,302,302,261,137,92,247,89,208,259,284,199,295,100,92,185,137,130,104,160,342,345,,,222,138,,,324,90,339,249,324,221,210,86,235,143,135,93,260,276,276,116,136,134,316,269,141,143,153,343,,158,,,b'\x11\xe8\xe1I\xc8\xf1\xd9B\xaf\x82\x12\xdf\x17\xaeN\x1e'
11E8E149-C8F1-D942-AF82-12DF17AE4E1E,2018-ncaa-d1-conf-Big South,ncaa,9,8,7,9,7,8,8,8,9,8,8,10,6,5,7,4,6,7,3,7,8,8,8,9,9,9,3,3,2,8,9,9,5,9,7,7,6,9,9,9,6,4,10,10,,,7,8,,,9,6,4,1,8,8,5,8,7,5,4,6,7,7,6,4,8,9,9,6,9,5,10,,8,,,9,8,7,2,9,6,4,8,6,3,10,4,8,8,10,8,8,4,2,9,9,9,5,5,8,1,5,6,9,5,7,7,6,6,5,8,6,7,10,10,,,6,6,,,9,3,9,7,9,8,7,5,8,6,7,5,9,9,9,7,6,3,9,6,8,4,8,10,,5,,,b'\x11\xe8\xe1I\xc8\xf1\xd9B\xaf\x82\x12\xdf\x17\xaeN\x1e'
11E8E149-C8F1-D942-AF82-12DF17AE4E1E,2018-ncaa-d1-natl,ncaa,305,307,213,310,236,327,332,266,343,312,229,339,284,228,312,187,241,234,240,235,186,271,260,338,337,332,154,191,67,250,290,294,216,284,300,339,306,224,271,331,214,189,345,343,,,275,324,,,325,255,200,94,336,336,232,309,187,265,204,221,194,195,242,202,224,277,271,339,260,196,345,,307,,,324,157,151,61,309,180,85,306,121,73,240,122,220,234,129,230,277,69,73,307,304,263,147,127,233,96,216,279,290,223,300,100,93,175,139,128,108,157,341,344,,,212,128,,,325,81,339,250,326,221,213,93,235,140,148,103,243,263,261,117,136,140,320,278,146,137,144,343,,158,,,b'\x11\xe8\xe1I\xc8\xf1\xd9B\xaf\x82\x12\xdf\x17\xaeN\x1e'
11E8E149-C8F1-D942-AF82-12DF17AE4E1E,2019-ncaa-d0-natl,ncaa,342,348,173,346,208,255,265,270,244,180,157,219,330,311,332,294,99,112,116,106,103,249,153,287,245,303,281,330,20,193,158,256,323,230,253,290,274,346,343,341,181,203,156,181,,,219,168,,,334,145,75,181,270,291,298,164,133,332,313,66,90,87,266,106,178,271,246,300,344,173,151,,248,,,331,302,301,238,307,284,245,247,283,179,345,145,211,169,308,177,131,241,242,315,313,305,181,233,120,302,323,105,158,203,253,283,183,141,174,237,329,318,110,97,,,181,195,,,334,207,304,321,328,331,323,299,298,294,303,193,233,194,201,304,300,317,130,237,299,117,323,119,,149,,,b'\x11\xe8\xe1I\xc8\xf1\xd9B\xaf\x82\x12\xdf\x17\xaeN\x1e'
11E8E149-C8F1-D942-AF82-12DF17AE4E1E,2019-ncaa-d1-conf-Big South,ncaa,11,11,6,11,9,8,9,11,4,6,8,3,10,10,10,9,6,8,1,7,7,11,10,5,3,7,8,9,2,8,6,7,7,9,6,7,7,11,11,10,7,7,4,4,,,6,7,,,11,9,5,7,7,8,10,5,7,10,9,4,6,6,10,7,8,7,8,5,11,7,4,,7,,,11,11,10,6,9,10,8,8,10,5,11,4,6,4,11,5,5,8,3,11,11,11,6,9,4,6,7,2,6,2,6,9,8,9,8,11,9,10,2,3,,,9,5,,,11,3,7,11,11,11,10,9,10,10,10,6,7,4,6,11,7,7,2,3,9,8,10,2,,7,,,b'\x11\xe8\xe1I\xc8\xf1\xd9B\xaf\x82\x12\xdf\x17\xaeN\x1e'
11E8E149-C8F1-D942-AF82-12DF17AE4E1E,2019-ncaa-d1-natl,ncaa,348,348,233,349,272,286,292,308,255,222,195,232,337,322,333,291,116,142,109,135,102,286,212,295,256,307,280,329,15,226,165,288,325,281,265,315,276,341,344,343,209,214,175,183,,,184,172,,,334,207,80,171,284,296,303,173,140,333,315,68,97,92,274,114,192,278,253,312,345,183,152,,247,,,333,286,291,206,314,263,217,261,274,151,348,136,192,148,311,156,132,200,187,323,321,313,181,231,122,287,325,69,165,158,265,270,182,182,189,248,314,327,94,108,,,219,194,,,334,149,317,328,333,333,328,301,306,296,305,189,241,203,208,306,298,320,134,239,307,126,326,127,,152,,,b'\x11\xe8\xe1I\xc8\xf1\xd9B\xaf\x82\x12\xdf\x17\xaeN\x1e'
11E8E149-C8F1-D942-AF82-12DF17AE4E1E,2020-ncaa-d0-natl,ncaa,221,240,87,232,136,101,93,96,113,81,83,152,162,196,92,225,132,200,43,202,266,107,87,126,117,148,224,198,180,118,128,198,333,152,258,91,153,258,200,153,69,105,8,9,,,324,286,,,199,90,84,213,111,95,102,90,84,173,206,137,211,213,113,87,133,216,179,99,235,80,10,,314,,,198,291,225,256,144,187,224,120,256,248,242,181,345,341,185,341,314,295,314,161,199,202,299,195,314,344,333,182,128,312,258,172,124,107,164,113,287,259,102,58,,,169,233,,,199,258,142,271,199,281,209,244,164,200,251,229,332,332,332,295,313,341,160,290,150,116,277,97,,188,,,b'\x11\xe8\xe1I\xc8\xf1\xd9B\xaf\x82\x12\xdf\x17\xaeN\x1e'
11E8E149-C8F1-D942-AF82-12DF17AE4E1E,2020-ncaa-d1-conf-Big South,ncaa,7,7,1,7,2,1,1,1,2,1,1,3,4,5,2,6,5,7,1,6,8,1,1,2,2,3,7,5,9,3,3,8,11,6,8,2,3,8,7,3,3,3,1,1,,,11,9,,,7,1,1,3,2,1,1,1,1,4,5,5,8,8,2,1,3,8,7,2,8,3,1,,11,,,7,11,11,9,8,10,9,7,9,9,9,6,11,11,10,11,11,11,11,10,11,10,10,5,10,11,11,5,3,9,8,10,6,3,5,5,10,7,2,1,,,7,9,,,7,11,2,10,7,11,11,9,10,9,9,9,11,11,11,11,11,11,4,9,10,3,9,2,,7,,,b'\x11\xe8\xe1I\xc8\xf1\xd9B\xaf\x82\x12\xdf\x17\xaeN\x1e'
11E8E149-C8F1-D942-AF82-12DF17AE4E1E,2020-ncaa-d1-natl,ncaa,238,240,128,243,202,125,114,128,117,100,101,163,171,211,99,226,157,225,42,225,265,144,126,135,121,152,224,199,177,141,134,226,334,197,269,110,154,239,207,160,88,115,10,10,,,319,289,,,213,127,89,201,119,101,110,97,84,175,208,137,212,214,122,93,142,222,195,106,236,91,11,,315,,,213,278,209,227,153,167,197,127,247,222,254,181,339,334,187,334,315,278,294,174,212,221,301,197,315,341,334,158,134,290,269,157,123,125,170,125,282,262,93,63,,,203,230,,,213,223,154,278,214,290,219,249,168,209,255,225,338,332,333,298,310,342,163,294,160,122,281,97,,190,,,b'\x11\xe8\xe1I\xc8\xf1\xd9B\xaf\x82\x12\xdf\x17\xaeN\x1e'
11E8E149-C8F1-D942-AF82-12DF17AE4E1E,2021-ncaa-d0-natl,ncaa,90,165,59,131,88,55,60,38,158,46,45,95,127,65,285,160,36,70,14,70,191,41,44,181,154,117,215,239,103,27,77,64,278,47,162,123,315,215,64,154,101,203,15,19,,,303,232,,,118,57,61,338,67,74,31,64,78,180,98,53,118,119,30,45,53,110,46,214,101,164,15,,268,,,127,286,278,295,120,281,290,124,257,272,131,157,290,295,173,296,212,300,294,115,120,158,196,157,218,333,278,282,77,313,162,252,134,91,223,181,204,80,146,48,,,69,197,,,118,284,94,212,131,240,224,271,222,260,188,222,247,252,257,298,299,311,218,291,187,173,111,72,,121,,,b'\x11\xe8\xe1I\xc8\xf1\xd9B\xaf\x82\x12\xdf\x17\xaeN\x1e'
11E8E149-C8F1-D942-AF82-12DF17AE4E1E,2021-ncaa-d1-conf-Big South,ncaa,2,3,3,3,4,2,2,2,2,1,2,2,5,4,8,6,3,3,1,3,6,2,2,2,2,2,9,8,4,2,2,3,10,2,4,2,8,4,2,3,3,5,1,1,,,9,9,,,3,2,2,11,2,1,2,1,2,5,5,2,3,3,2,2,2,4,1,3,5,5,1,,9,,,3,9,7,10,5,8,9,4,9,10,5,6,9,9,5,9,9,10,10,4,4,6,8,6,8,11,10,7,2,9,4,9,6,4,8,8,6,4,3,1,,,3,6,,,3,10,2,8,3,9,7,9,8,8,7,9,9,9,9,10,10,11,3,7,9,5,6,2,,5,,,b'\x11\xe8\xe1I\xc8\xf1\xd9B\xaf\x82\x12\xdf\x17\xaeN\x1e'
11E8E149-C8F1-D942-AF82-12DF17AE4E1E,2021-ncaa-d1-natl,ncaa,98,165,70,134,104,65,68,46,165,57,54,101,136,71,291,159,45,81,14,81,193,52,57,191,157,121,211,237,98,34,78,77,282,54,173,140,315,201,64,156,116,213,16,20,,,296,234,,,129,65,64,338,75,80,34,66,81,182,98,56,126,125,34,49,58,116,56,219,104,174,17,,270,,,137,283,275,292,132,278,287,131,248,257,132,152,285,287,173,289,212,296,285,121,125,167,191,155,218,329,282,271,78,307,173,247,134,106,234,188,196,82,137,51,,,81,192,,,129,270,101,226,142,248,232,273,229,262,188,217,252,254,262,299,297,313,218,295,191,181,112,73,,121,,,b'\x11\xe8\xe1I\xc8\xf1\xd9B\xaf\x82\x12\xdf\x17\xaeN\x1e'
11E8E149-C8F1-D942-AF82-12DF17AE4E1E,2022-ncaa-d0-natl,ncaa,57,106,14,89,25,24,30,16,99,36,44,77,51,35,155,127,25,42,58,40,129,16,8,99,82,106,145,151,152,40,106,78,337,52,244,46,190,337,188,160,12,49,12,33,,,349,193,,,100,7,22,275,46,58,40,81,134,92,84,70,107,108,42,35,105,229,162,97,255,28,25,,278,,,112,350,342,341,181,343,340,194,286,311,125,134,346,344,130,345,255,347,351,167,176,136,160,113,263,356,337,327,106,350,244,332,195,10,80,95,340,207,178,67,,,21,176,,,100,349,99,176,122,266,249,270,255,267,169,195,289,302,301,297,334,340,164,284,244,33,258,78,,92,,,b'\x11\xe8\xe1I\xc8\xf1\xd9B\xaf\x82\x12\xdf\x17\xaeN\x1e'
11E8E149-C8F1-D942-AF82-12DF17AE4E1E,2022-ncaa-d1-conf-Big South,ncaa,1,1,1,1,2,1,1,1,3,3,4,3,1,2,2,5,1,2,1,2,5,1,1,3,2,3,3,5,5,2,1,2,12,1,3,1,5,8,7,6,1,1,1,2,,,11,5,,,1,1,1,7,1,3,2,5,5,1,2,2,3,3,2,1,2,4,1,2,8,1,1,,9,,,1,10,7,12,1,9,12,1,5,11,3,6,10,12,6,12,9,12,12,1,2,2,8,5,10,12,12,8,1,10,3,6,6,1,5,2,8,6,6,4,,,2,9,,,1,12,4,2,1,3,3,10,4,11,3,7,9,11,11,11,12,12,4,6,3,1,7,4,,3,,,b'\x11\xe8\xe1I\xc8\xf1\xd9B\xaf\x82\x12\xdf\x17\xaeN\x1e'
11E8E149-C8F1-D942-AF82-12DF17AE4E1E,2022-ncaa-d1-natl,ncaa,65,106,16,91,28,28,35,20,106,42,55,83,61,45,162,126,33,51,58,50,131,19,10,102,92,115,139,149,148,51,120,96,339,60,261,54,192,331,193,172,17,61,13,36,,,340,202,,,125,8,26,275,50,63,47,93,140,99,87,72,111,109,47,39,109,244,174,110,259,35,28,,283,,,135,349,339,339,194,342,337,204,273,302,134,136,343,341,139,342,260,344,350,183,189,148,157,113,263,356,339,317,120,346,261,327,198,15,90,115,336,216,167,74,,,28,171,,,125,348,111,201,148,279,256,271,263,269,172,195,296,303,303,303,334,342,171,290,246,39,260,86,,92,,,b'\x11\xe8\xe1I\xc8\xf1\xd9B\xaf\x82\x12\xdf\x17\xaeN\x1e'
11E8E149-C8F1-D942-AF82-12DF17AE4E1E,2022-ncaa-d1-ncaatournament,ncaa,17,2,17,17,18,21,25,19,41,26,25,44,17,20,33,28,18,18,17,18,19,20,20,39,34,30,17,22,19,12,4,34,61,25,27,30,49,42,27,47,44,62,35,35,,,47,44,,,57,23,23,5,15,31,15,33,28,17,18,11,14,14,14,12,7,52,23,38,36,61,39,,46,,,48,51,49,45,53,49,37,61,50,51,37,56,55,50,59,49,58,45,46,52,54,55,47,45,40,48,61,38,4,42,27,40,13,23,35,28,41,29,31,20,,,18,16,,,57,45,17,59,50,54,52,40,49,14,49,57,52,46,45,44,49,51,22,39,26,29,32,20,,7,,,b'\x11\xe8\xe1I\xc8\xf1\xd9B\xaf\x82\x12\xdf\x17\xaeN\x1e'
11E8E149-C8F1-D942-AF82-12DF17AE4E1E,2023-ncaa-d0-natl,ncaa,281,301,164,295,203,241,260,171,317,187,80,327,328,315,320,325,89,107,126,103,163,146,133,335,312,308,265,331,23,286,341,283,292,306,355,333,349,247,235,337,80,96,336,347,,,225,178,,,341,102,31,226,266,277,149,189,52,330,314,75,78,76,124,93,298,313,329,346,265,72,344,,254,,,338,312,328,202,355,330,175,360,264,232,273,234,165,177,159,172,181,201,244,357,350,317,89,184,66,225,292,346,341,326,355,266,119,61,52,129,127,116,318,272,,,118,123,,,341,243,328,313,337,341,352,251,348,189,281,252,183,189,187,249,320,250,349,333,281,34,151,324,,98,,,b'\x11\xe8\xe1I\xc8\xf1\xd9B\xaf\x82\x12\xdf\x17\xaeN\x1e'
11E8E149-C8F1-D942-AF82-12DF17AE4E1E,2023-ncaa-d1-conf-Big South,ncaa,6,6,7,6,7,5,5,5,6,2,1,6,9,10,7,10,2,2,1,2,6,3,4,6,6,5,9,10,1,8,9,10,10,10,10,9,9,3,3,6,1,1,9,9,,,7,7,,,6,4,1,2,4,5,3,2,1,9,10,1,1,1,2,2,7,10,9,9,3,1,9,,8,,,6,9,10,4,10,10,5,10,4,5,6,5,3,4,4,4,4,3,8,10,10,8,1,4,2,10,10,8,9,9,10,8,3,2,2,3,2,2,7,5,,,4,4,,,6,7,6,8,6,10,10,7,10,10,6,6,5,5,5,7,10,10,8,10,9,1,3,8,,3,,,b'\x11\xe8\xe1I\xc8\xf1\xd9B\xaf\x82\x12\xdf\x17\xaeN\x1e'
11E8E149-C8F1-D942-AF82-12DF17AE4E1E,2023-ncaa-d1-natl,ncaa,299,301,219,302,266,282,292,222,327,220,101,333,339,325,324,327,109,133,130,130,159,195,185,339,322,318,263,330,18,314,345,321,310,332,356,345,350,227,240,342,109,107,341,350,,,197,186,,,346,133,36,201,277,294,167,197,57,332,317,77,84,81,134,97,307,318,335,347,267,87,345,,256,,,345,306,325,165,357,327,131,361,250,209,286,232,150,153,159,150,184,156,213,358,354,326,88,181,64,209,310,336,345,311,356,255,121,77,64,150,109,118,313,280,,,152,114,,,346,210,336,324,344,344,354,253,350,191,286,257,194,197,196,252,319,255,350,335,290,40,151,328,,100,,,b'\x11\xe8\xe1I\xc8\xf1\xd9B\xaf\x82\x12\xdf\x17\xaeN\x1e'
11E8E149-C8F1-D942-AF82-12DF17AE4E1E,2024-ncaa-d0-natl,ncaa,307,297,298,308,316,315,307,278,299,213,124,331,349,350,304,345,237,200,313,210,255,272,259,329,327,328,331,341,76,227,230,282,321,276,316,346,351,237,294,343,70,41,339,330,,,45,54,,,315,264,67,263,286,263,187,141,35,347,347,173,115,128,168,96,165,219,193,343,313,30,335,,128,,,317,148,172,132,247,106,60,280,288,271,250,326,33,41,89,39,113,108,122,278,246,195,250,328,29,264,321,191,230,239,316,254,291,132,100,197,121,185,115,81,,,281,252,,,315,98,330,250,314,277,306,299,233,145,340,344,91,108,111,273,310,337,317,338,321,59,222,180,,203,,,b'\x11\xe8\xe1I\xc8\xf1\xd9B\xaf\x82\x12\xdf\x17\xaeN\x1e'
11E8E149-C8F1-D942-AF82-12DF17AE4E1E,2024-ncaa-d1-conf-Big South,ncaa,7,7,6,7,8,8,7,7,5,2,2,6,9,9,8,9,6,4,8,4,8,7,7,8,8,8,9,9,4,6,6,7,8,7,8,9,9,4,5,8,1,1,9,9,,,3,3,,,6,8,3,7,6,4,5,1,1,9,9,5,2,2,4,4,5,5,4,8,5,1,9,,3,,,6,3,2,2,3,2,2,4,8,8,5,8,4,2,9,2,3,2,2,3,5,3,8,8,4,7,8,6,6,6,8,8,9,3,2,6,3,3,7,6,,,8,4,,,6,2,9,5,7,6,4,6,2,3,9,9,4,3,3,5,7,8,7,8,8,1,4,8,,5,,,b'\x11\xe8\xe1I\xc8\xf1\xd9B\xaf\x82\x12\xdf\x17\xaeN\x1e'
11E8E149-C8F1-D942-AF82-12DF17AE4E1E,2024-ncaa-d1-natl,ncaa,298,296,254,301,304,282,262,233,283,165,86,315,343,348,291,346,198,164,295,178,265,224,197,314,312,320,331,341,84,171,202,254,315,228,292,332,348,288,297,342,44,34,339,332,,,63,46,,,299,201,63,264,259,236,156,112,28,344,347,156,117,128,143,76,133,207,167,338,318,21,335,,116,,,299,198,220,188,233,128,90,244,313,300,261,326,59,66,144,67,121,163,203,265,244,182,272,332,42,294,315,233,202,271,292,279,294,89,86,184,154,177,115,65,,,255,276,,,299,162,325,232,297,277,299,297,207,147,344,345,104,115,117,271,316,334,305,333,314,48,213,157,,212,,,b'\x11\xe8\xe1I\xc8\xf1\xd9B\xaf\x82\x12\xdf\x17\xaeN\x1e'
11E8E149-C8F1-D942-AF82-12DF17AE4E1E,2025-ncaa-d0-natl,genius_ncaa,109,91,135,102,173,141,112,105,147,53,29,207,308,329,209,343,190,174,230,173,326,109,87,214,224,230,355,335,215,105,144,206,301,167,251,171,263,313,230,238,7,5,292,292,,,206,116,,143,94,91,38,224,130,86,67,33,10,322,339,198,182,177,79,46,99,240,176,175,295,3,304,,194,,135,93,98,119,151,129,133,129,189,136,207,50,242,102,130,30,130,180,146,276,123,107,16,145,180,134,288,301,257,144,278,251,200,276,7,3,16,275,213,217,78,,,188,303,,113,94,265,221,21,102,77,98,116,113,90,122,194,96,125,127,101,324,283,260,283,191,3,268,219,,214,,116,b'\x11\xe8\xe1I\xc8\xf1\xd9B\xaf\x82\x12\xdf\x17\xaeN\x1e'
11E8E149-C8F1-D942-AF82-12DF17AE4E1E,2025-ncaa-d1-conf-Big South,genius_ncaa,2,2,1,2,1,2,1,1,3,1,1,4,8,8,5,9,3,3,6,3,8,1,1,4,4,4,9,9,6,2,3,4,7,1,5,3,7,7,5,4,1,1,4,4,,,7,6,,6,2,1,1,4,3,1,2,1,1,8,8,4,3,3,1,1,4,8,6,4,6,1,7,,6,,5,2,5,4,6,4,2,2,5,8,9,6,9,6,5,8,5,6,6,9,5,6,2,8,7,5,8,7,8,3,9,5,8,9,1,1,2,7,3,8,5,,,3,5,,3,2,9,4,2,2,2,2,1,1,1,7,6,5,5,5,1,9,4,6,6,7,1,6,8,,3,,3,b'\x11\xe8\xe1I\xc8\xf1\xd9B\xaf\x82\x12\xdf\x17\xaeN\x1e'
11E8E149-C8F1-D942-AF82-12DF17AE4E1E,2025-ncaa-d1-natl,genius_ncaa,107,91,113,103,151,127,95,84,142,41,20,196,310,330,233,341,160,149,227,149,320,88,73,211,219,227,355,338,199,89,135,190,289,147,237,164,266,321,235,248,6,6,294,294,,,222,124,,130,90,73,27,227,127,80,55,28,9,326,340,176,155,155,67,34,98,237,164,177,307,3,306,,203,,126,87,92,128,162,119,130,136,177,135,214,41,239,92,134,21,135,186,161,285,107,92,9,142,175,135,281,289,261,135,284,237,200,277,4,4,14,287,219,258,96,,,167,289,,120,90,285,223,16,93,73,94,115,110,89,120,194,88,130,133,101,327,272,256,276,184,2,285,256,,189,,127,b'\x11\xe8\xe1I\xc8\xf1\xd9B\xaf\x82\x12\xdf\x17\xaeN\x1e'
11E8E149-C8F1-D942-AF82-12DF17AE4E1E,2026-ncaa-d0-natl,genius_ncaa,163,152,206,171,216,192,197,170,266,186,115,318,199,260,74,287,169,205,55,202,306,177,174,273,259,254,177,181,147,144,165,250,346,210,316,157,96,226,216,193,79,73,273,307,,,72,12,,6,229,184,12,97,153,157,35,151,17,166,244,135,186,180,50,15,88,232,142,103,286,41,282,,76,,9,229,204,245,238,188,281,209,295,138,272,13,269,105,96,197,103,72,215,223,162,139,121,39,103,67,343,346,205,165,282,316,309,334,114,123,234,314,309,321,290,,,253,319,,140,229,180,239,192,228,283,322,354,331,319,173,339,133,121,126,353,360,360,296,345,354,47,335,338,,234,,120,b'\x11\xe8\xe1I\xc8\xf1\xd9B\xaf\x82\x12\xdf\x17\xaeN\x1e'
11E8E149-C8F1-D942-AF82-12DF17AE4E1E,2026-ncaa-d1-natl,genius_ncaa,74,152,13,138,35,19,20,6,173,20,3,270,58,110,42,289,36,60,47,56,301,9,4,182,168,146,193,186,181,12,77,90,345,36,259,28,125,306,95,100,1,12,150,259,,,188,10,,17,57,5,7,100,36,36,6,47,3,108,203,76,124,118,8,4,30,232,94,46,203,5,220,,65,,10,71,311,341,352,149,349,348,231,228,324,22,213,133,153,104,161,39,345,363,119,85,34,25,102,42,361,345,343,77,357,259,352,325,2,22,100,353,228,350,221,,,83,325,,112,57,359,116,62,82,200,273,332,303,309,111,276,62,68,72,299,361,354,277,341,326,7,304,327,,201,,169,b'\x11\xe8\xe1I\xc8\xf1\xd9B\xaf\x82\x12\xdf\x17\xaeN\x1e'
11E8E149-C8F6-62AA-AF82-12DF17AE4E1E,2010-ncaa-d0-natl,ncaa,274,303,122,287,140,173,156,92,250,81,35,232,313,277,337,301,144,82,291,88,233,86,78,293,293,274,317,326,117,122,245,261,326,204,328,282,333,253,180,307,172,237,334,339,,,198,101,,,315,71,29,124,202,156,59,65,22,323,282,141,85,90,56,40,128,311,252,310,242,189,336,,190,,,301,332,337,269,338,337,276,339,181,199,180,138,192,176,223,175,116,262,276,333,327,302,38,91,71,290,326,328,245,329,328,227,28,54,91,88,121,80,278,189,,,94,179,,,315,270,276,315,301,331,338,290,338,292,186,187,181,172,170,281,315,287,324,327,217,45,122,280,,88,,,b'\x11\xe8\xe1I\xc8\xf6b\xaa\xaf\x82\x12\xdf\x17\xaeN\x1e'
11E8E149-C8F6-62AA-AF82-12DF17AE4E1E,2010-ncaa-d1-conf-Sun Belt,ncaa,12,11,9,12,9,10,10,7,12,7,5,12,12,11,12,11,11,6,13,8,13,7,7,12,12,11,12,11,8,8,12,13,12,13,13,11,11,6,7,10,8,8,13,13,,,2,2,,,13,6,4,1,10,9,3,6,2,11,9,10,4,5,5,5,6,13,13,11,6,8,13,,4,,,13,12,12,8,13,12,7,13,10,9,9,7,5,5,7,5,5,7,10,13,13,13,3,7,3,11,12,13,12,13,13,12,8,5,6,11,5,4,13,13,,,11,9,,,13,9,11,13,13,12,13,11,13,12,11,9,6,6,6,12,12,11,13,13,13,4,5,13,,7,,,b'\x11\xe8\xe1I\xc8\xf6b\xaa\xaf\x82\x12\xdf\x17\xaeN\x1e'
11E8E149-C8F6-62AA-AF82-12DF17AE4E1E,2010-ncaa-d1-natl,ncaa,281,302,134,294,155,187,167,101,257,85,37,238,316,283,338,301,148,89,289,97,232,94,91,296,296,277,317,325,115,130,247,283,327,226,329,300,333,243,181,312,188,244,336,339,,,184,101,,,318,79,31,125,206,162,60,67,22,322,282,141,86,90,56,41,132,312,258,314,242,194,337,,188,,,313,330,335,260,339,335,270,339,176,194,185,138,182,164,223,165,114,251,270,334,330,307,37,91,71,288,327,326,247,328,329,220,28,60,99,100,113,80,273,193,,,105,180,,,318,260,281,318,310,332,338,291,338,293,186,188,181,176,175,282,314,290,326,330,223,50,122,282,,88,,,b'\x11\xe8\xe1I\xc8\xf6b\xaa\xaf\x82\x12\xdf\x17\xaeN\x1e'
11E8E149-C8F6-62AA-AF82-12DF17AE4E1E,2011-ncaa-d0-natl,ncaa,248,242,242,256,264,213,165,189,145,86,87,142,326,314,308,321,254,213,283,220,308,191,227,209,227,203,338,330,229,216,236,306,329,293,318,297,337,76,114,257,244,255,260,270,,,39,33,,,217,227,115,166,179,109,107,34,24,325,314,231,177,179,113,132,188,302,289,301,130,229,258,,57,,,218,142,200,152,252,216,179,256,142,126,225,165,50,47,193,46,50,111,141,245,210,168,61,170,48,264,329,182,236,234,318,56,17,123,90,58,92,123,11,6,,,254,253,,,217,101,212,222,221,219,277,250,280,264,179,160,83,76,77,210,261,309,269,305,100,70,134,17,,224,,,b'\x11\xe8\xe1I\xc8\xf6b\xaa\xaf\x82\x12\xdf\x17\xaeN\x1e'
11E8E149-C8F6-62AA-AF82-12DF17AE4E1E,2011-ncaa-d1-conf-Sun Belt,ncaa,9,9,7,9,9,10,8,7,9,6,4,8,12,12,12,11,11,8,10,8,11,7,8,10,11,8,12,12,7,9,9,12,12,12,12,9,10,3,3,8,8,8,8,8,,,3,3,,,10,9,5,7,9,7,5,3,1,12,12,9,6,6,6,7,8,12,11,9,3,6,8,,4,,,10,8,9,6,10,6,3,10,10,9,11,11,7,8,10,8,7,5,7,10,10,11,9,11,5,12,12,8,9,10,12,8,9,8,7,7,5,7,5,3,,,12,11,,,10,3,9,11,10,9,10,10,9,6,11,11,7,8,8,9,9,12,10,11,9,6,7,5,,10,,,b'\x11\xe8\xe1I\xc8\xf6b\xaa\xaf\x82\x12\xdf\x17\xaeN\x1e'
11E8E149-C8F6-62AA-AF82-12DF17AE4E1E,2011-ncaa-d1-natl,ncaa,242,240,199,247,238,201,161,178,133,79,72,131,328,319,310,324,239,193,269,200,299,182,201,198,217,199,338,330,215,218,239,298,331,286,317,293,338,89,130,262,241,244,264,273,,,45,38,,,219,188,110,168,174,113,116,30,28,326,316,216,171,180,125,138,201,300,292,299,145,225,262,,63,,,221,172,228,177,265,246,210,264,151,139,218,158,54,58,164,58,49,141,172,252,218,180,58,157,46,284,331,198,239,251,317,67,16,108,99,62,105,134,9,3,,,245,247,,,219,137,209,222,221,224,280,251,289,269,177,158,83,84,81,216,262,309,247,303,102,82,147,13,,219,,,b'\x11\xe8\xe1I\xc8\xf6b\xaa\xaf\x82\x12\xdf\x17\xaeN\x1e'
11E8E149-C8F6-62AA-AF82-12DF17AE4E1E,2012-ncaa-d0-natl,ncaa,297,288,240,298,251,315,299,279,297,283,260,266,250,200,304,132,332,333,172,331,333,302,288,289,305,315,243,159,309,324,329,307,326,324,337,323,324,236,305,328,161,142,295,302,,,28,30,,,329,262,187,91,323,299,252,274,234,234,173,335,335,335,300,256,317,299,326,326,280,122,293,,54,,,328,193,244,183,290,255,166,300,204,189,221,217,31,23,225,23,28,134,135,288,262,252,50,201,19,263,326,185,329,229,337,176,91,196,171,193,111,197,136,214,,,338,341,,,329,91,327,283,325,264,305,283,300,264,237,234,48,41,41,231,231,306,276,308,234,145,159,175,,337,,,b'\x11\xe8\xe1I\xc8\xf6b\xaa\xaf\x82\x12\xdf\x17\xaeN\x1e'
11E8E149-C8F6-62AA-AF82-12DF17AE4E1E,2012-ncaa-d1-conf-Sun Belt,ncaa,11,11,8,11,11,11,11,9,9,10,10,9,5,4,9,3,12,12,3,12,12,11,9,10,10,11,9,4,12,11,11,11,12,11,12,11,10,8,8,9,4,5,12,12,,,4,2,,,12,9,4,9,11,11,6,10,8,4,4,12,12,12,10,8,11,10,11,10,9,3,12,,5,,,12,12,12,12,11,11,8,11,12,12,10,11,4,3,8,3,3,12,6,11,11,11,5,10,1,12,12,10,11,11,12,12,10,10,11,11,4,6,8,10,,,12,12,,,12,4,11,12,11,12,12,12,12,10,12,12,6,4,4,12,11,12,11,11,12,9,6,8,,12,,,b'\x11\xe8\xe1I\xc8\xf6b\xaa\xaf\x82\x12\xdf\x17\xaeN\x1e'
11E8E149-C8F6-62AA-AF82-12DF17AE4E1E,2012-ncaa-d1-natl,ncaa,301,306,196,304,217,314,300,266,309,282,259,279,252,195,309,132,331,332,175,331,331,302,270,304,314,321,241,157,298,316,328,303,328,322,337,327,333,258,308,334,157,145,290,299,,,38,34,,,332,236,188,90,326,307,253,282,232,239,175,333,335,334,296,251,312,296,324,330,281,130,287,,58,,,329,210,267,205,286,270,193,291,220,207,228,215,40,30,246,30,34,157,151,289,262,251,62,200,27,278,328,236,328,269,337,203,100,191,184,207,121,191,140,201,,,336,341,,,332,114,330,284,327,269,306,283,299,266,239,232,62,44,46,237,230,311,282,312,234,155,154,159,,336,,,b'\x11\xe8\xe1I\xc8\xf6b\xaa\xaf\x82\x12\xdf\x17\xaeN\x1e'
11E8E149-C8F6-62AA-AF82-12DF17AE4E1E,2013-ncaa-d0-natl,ncaa,290,284,251,293,250,286,276,203,312,266,196,307,213,181,265,157,309,242,337,244,231,213,237,309,325,307,184,150,242,141,177,325,273,287,283,339,344,106,150,326,141,90,340,337,,,155,241,,,293,260,229,2,279,262,122,241,141,195,145,292,213,215,144,153,86,325,248,340,171,104,340,,226,,,293,138,187,40,330,246,84,333,49,41,173,75,123,137,103,136,193,38,80,324,319,248,31,45,147,91,273,239,177,179,283,61,22,103,45,49,24,42,307,316,,,178,121,,,293,84,297,247,294,225,259,75,299,149,75,58,179,194,198,81,160,144,303,274,101,58,48,324,,108,,,b'\x11\xe8\xe1I\xc8\xf6b\xaa\xaf\x82\x12\xdf\x17\xaeN\x1e'
11E8E149-C8F6-62AA-AF82-12DF17AE4E1E,2013-ncaa-d1-conf-Sun Belt,ncaa,10,10,3,10,3,10,10,4,11,10,8,11,6,5,10,4,9,8,10,8,9,7,7,11,11,11,3,3,9,3,9,10,8,7,10,11,11,6,5,11,7,6,11,11,,,5,7,,,11,8,7,1,11,11,4,10,7,6,5,9,8,8,7,6,3,10,8,11,5,7,11,,5,,,11,7,8,4,10,8,4,11,6,4,8,4,5,7,3,7,7,4,4,10,10,9,4,4,5,5,8,11,9,10,10,7,5,5,4,5,2,3,11,11,,,4,6,,,11,5,11,10,11,6,7,5,7,5,6,5,5,7,7,5,5,5,10,9,6,4,3,11,,6,,,b'\x11\xe8\xe1I\xc8\xf6b\xaa\xaf\x82\x12\xdf\x17\xaeN\x1e'
11E8E149-C8F6-62AA-AF82-12DF17AE4E1E,2013-ncaa-d1-natl,ncaa,270,282,136,275,136,244,230,125,307,228,135,309,182,159,236,165,261,190,332,198,223,141,148,303,318,294,174,148,223,76,137,311,277,220,269,333,344,153,146,325,86,71,340,340,,,205,231,,,261,175,228,3,264,251,111,232,131,187,153,277,199,205,133,139,64,324,232,342,164,75,340,,220,,,258,195,233,78,325,278,164,329,58,48,153,66,157,173,104,174,186,86,166,311,309,220,26,38,149,153,277,276,137,241,269,69,17,58,35,35,28,37,329,318,,,115,121,,,261,175,279,207,255,204,242,67,295,154,59,45,167,183,182,78,164,148,283,259,84,41,47,326,,100,,,b'\x11\xe8\xe1I\xc8\xf6b\xaa\xaf\x82\x12\xdf\x17\xaeN\x1e'
11E8E149-C8F6-62AA-AF82-12DF17AE4E1E,2014-ncaa-d0-natl,ncaa,221,173,297,212,303,286,292,250,301,279,241,278,226,167,301,140,241,185,302,181,107,245,272,300,306,278,146,161,131,180,173,343,275,318,293,341,345,42,93,313,146,82,347,346,,,250,342,,,201,291,160,85,239,247,97,226,167,187,119,187,112,107,91,128,110,342,293,341,109,93,347,,334,,,203,39,16,3,276,68,38,246,7,4,184,10,310,302,259,299,338,11,36,227,297,159,150,8,343,40,275,173,173,107,293,21,120,73,9,18,6,12,133,195,,,166,57,,,201,52,260,129,210,152,67,9,185,104,14,7,337,332,329,35,161,105,295,254,68,14,15,210,,44,,,b'\x11\xe8\xe1I\xc8\xf6b\xaa\xaf\x82\x12\xdf\x17\xaeN\x1e'
11E8E149-C8F6-62AA-AF82-12DF17AE4E1E,2014-ncaa-d1-conf-Sun Belt,ncaa,7,7,5,7,5,8,8,5,10,8,7,10,5,3,8,2,10,9,7,9,8,7,7,10,10,7,3,3,9,8,9,10,10,10,10,10,10,1,2,8,6,5,10,10,,,7,8,,,7,7,9,3,7,7,3,8,6,4,3,9,10,10,6,8,7,10,10,10,1,6,10,,7,,,7,4,3,1,10,3,2,10,2,2,8,2,10,8,7,8,9,2,4,10,10,9,9,2,10,3,10,8,9,8,10,8,8,4,2,5,1,2,10,9,,,6,8,,,7,3,6,9,9,6,6,2,6,2,3,2,9,8,8,3,3,4,9,9,6,3,1,10,,8,,,b'\x11\xe8\xe1I\xc8\xf6b\xaa\xaf\x82\x12\xdf\x17\xaeN\x1e'
11E8E149-C8F6-62AA-AF82-12DF17AE4E1E,2014-ncaa-d1-natl,ncaa,191,171,211,193,236,254,269,190,311,254,203,297,208,154,296,152,191,128,301,128,91,178,197,303,307,282,139,170,90,144,169,332,273,286,288,338,345,96,110,318,114,81,348,348,,,298,342,,,200,221,138,94,241,256,105,235,162,193,130,154,84,81,93,123,114,338,276,341,135,92,347,,331,,,201,85,41,10,280,124,77,241,8,6,184,10,323,320,223,318,336,25,102,220,293,137,140,8,340,72,273,238,169,177,288,37,108,44,9,12,12,14,219,235,,,86,39,,,200,118,269,117,207,140,68,10,187,119,14,6,330,330,329,35,174,108,293,255,64,14,17,254,,30,,,b'\x11\xe8\xe1I\xc8\xf6b\xaa\xaf\x82\x12\xdf\x17\xaeN\x1e'
11E8E149-C8F6-62AA-AF82-12DF17AE4E1E,2015-ncaa-d0-natl,ncaa,68,86,48,82,48,121,117,65,242,93,69,219,208,147,312,206,91,57,299,51,114,62,75,266,272,210,225,242,104,81,189,286,120,194,261,244,319,92,42,190,17,7,346,346,,,283,268,,,110,81,258,7,211,209,136,154,134,240,190,135,81,77,110,191,132,343,306,301,42,28,348,,210,,,113,156,138,53,303,239,145,307,15,20,77,26,286,300,162,299,300,83,239,264,289,96,67,8,309,40,120,322,189,248,261,44,27,11,2,4,53,31,238,169,,,31,35,,,110,274,198,52,110,58,60,3,149,39,9,8,242,245,244,10,67,11,261,124,25,13,27,188,,46,,,b'\x11\xe8\xe1I\xc8\xf6b\xaa\xaf\x82\x12\xdf\x17\xaeN\x1e'
11E8E149-C8F6-62AA-AF82-12DF17AE4E1E,2015-ncaa-d1-conf-Sun Belt,ncaa,5,6,3,6,3,7,6,3,11,6,5,9,6,2,11,4,4,4,10,3,4,3,3,11,11,8,3,5,3,2,8,11,1,7,9,6,7,1,1,4,2,1,11,11,,,8,9,,,5,4,9,2,7,7,2,7,4,6,4,6,3,3,2,4,3,11,9,8,2,2,11,,6,,,5,4,5,2,11,6,4,11,2,2,5,3,10,10,4,10,10,2,7,10,10,3,4,2,9,1,1,11,8,8,9,4,4,1,1,2,2,2,10,9,,,3,4,,,5,9,7,3,5,3,3,1,5,2,2,2,8,10,10,2,3,1,10,7,4,2,2,9,,2,,,b'\x11\xe8\xe1I\xc8\xf6b\xaa\xaf\x82\x12\xdf\x17\xaeN\x1e'
11E8E149-C8F6-62AA-AF82-12DF17AE4E1E,2015-ncaa-d1-natl,ncaa,47,86,15,77,15,93,86,40,252,65,40,225,212,137,314,217,76,37,302,36,122,36,42,274,280,225,236,248,106,56,171,239,120,131,239,220,321,144,52,206,10,9,346,347,,,305,250,,,116,39,256,8,215,211,131,151,116,252,197,139,81,79,108,182,114,342,298,307,54,31,349,,192,,,122,222,205,95,297,288,219,294,18,17,89,16,303,310,145,308,281,148,292,253,278,86,52,6,297,61,120,332,171,293,239,67,28,5,2,4,78,38,260,166,,,16,38,,,116,313,208,45,120,58,62,3,161,57,7,6,232,242,241,11,71,12,258,122,27,15,33,193,,40,,,b'\x11\xe8\xe1I\xc8\xf6b\xaa\xaf\x82\x12\xdf\x17\xaeN\x1e'
11E8E149-C8F6-62AA-AF82-12DF17AE4E1E,2016-ncaa-d0-natl,ncaa,53,58,38,61,41,119,103,108,113,52,34,145,319,308,282,329,80,69,182,67,190,93,114,199,175,147,324,333,79,123,151,262,86,203,154,238,332,113,72,194,48,38,344,343,,,294,297,,,99,116,292,76,189,163,223,72,75,331,329,112,112,102,209,266,189,341,315,300,50,73,346,,226,,,101,140,107,44,274,105,62,240,175,102,321,157,230,227,198,220,289,64,196,285,300,121,253,195,258,19,86,218,151,106,154,107,136,11,3,11,18,12,110,37,,,10,6,,,99,235,141,73,96,49,44,3,38,7,128,43,180,171,156,4,31,8,100,36,57,17,10,70,,19,,,b'\x11\xe8\xe1I\xc8\xf6b\xaa\xaf\x82\x12\xdf\x17\xaeN\x1e'
11E8E149-C8F6-62AA-AF82-12DF17AE4E1E,2016-ncaa-d1-conf-Sun Belt,ncaa,4,3,3,4,3,5,5,4,5,5,4,5,11,10,10,11,5,4,7,4,9,4,5,9,8,5,11,11,5,4,6,10,3,8,4,8,11,2,2,4,4,2,11,11,,,6,8,,,5,7,8,5,7,5,6,4,4,11,10,6,5,5,6,8,6,10,10,10,2,5,11,,4,,,5,6,5,1,8,3,3,4,7,2,11,8,6,4,10,4,5,2,4,8,8,5,10,9,6,2,3,7,6,3,4,4,4,4,2,3,1,1,7,4,,,3,1,,,5,5,4,5,5,3,3,2,2,1,6,2,5,4,4,2,2,2,3,3,4,4,1,6,,2,,,b'\x11\xe8\xe1I\xc8\xf6b\xaa\xaf\x82\x12\xdf\x17\xaeN\x1e'
11E8E149-C8F6-62AA-AF82-12DF17AE4E1E,2016-ncaa-d1-natl,ncaa,38,58,12,57,15,89,69,64,93,25,18,116,314,309,278,335,55,44,169,43,203,58,66,173,160,136,329,337,90,97,135,210,83,148,127,242,342,147,73,223,42,41,342,343,,,308,290,,,71,66,292,83,173,145,220,58,61,333,338,113,120,116,203,259,184,337,311,319,53,82,345,,207,,,79,164,135,84,239,131,107,203,167,96,304,132,253,250,167,244,280,114,250,241,257,87,233,178,266,41,83,249,135,147,127,116,133,7,2,7,20,11,122,28,,,7,7,,,71,287,130,46,73,37,26,3,34,9,89,32,169,165,155,4,32,9,76,36,48,18,8,67,,24,,,b'\x11\xe8\xe1I\xc8\xf6b\xaa\xaf\x82\x12\xdf\x17\xaeN\x1e'
11E8E149-C8F6-62AA-AF82-12DF17AE4E1E,2017-ncaa-d0-natl,ncaa,120,75,234,107,260,151,148,195,102,125,141,118,214,240,142,242,125,114,222,110,115,186,234,119,122,83,234,231,125,225,224,298,131,288,227,230,294,13,36,107,192,154,344,341,,,194,257,,,145,239,137,166,91,93,117,77,81,192,213,78,65,61,91,172,198,295,272,208,32,158,344,,245,,,145,151,162,58,325,172,77,310,167,101,293,180,141,135,241,130,196,54,82,322,321,265,156,176,157,33,131,152,224,74,227,109,103,125,62,99,21,40,15,14,,,114,26,,,145,118,88,234,145,238,238,87,237,109,207,145,187,176,175,88,153,55,222,155,157,70,45,23,,36,,,b'\x11\xe8\xe1I\xc8\xf6b\xaa\xaf\x82\x12\xdf\x17\xaeN\x1e'
11E8E149-C8F6-62AA-AF82-12DF17AE4E1E,2017-ncaa-d1-conf-Sun Belt,ncaa,4,4,1,4,1,2,2,2,4,3,2,4,5,6,3,7,2,2,6,2,4,2,2,4,4,2,9,9,6,4,8,2,3,3,6,4,12,2,1,3,6,9,12,12,,,9,8,,,5,2,8,4,4,3,3,4,5,5,7,4,4,4,3,7,9,8,8,7,1,10,12,,8,,,5,11,9,10,11,9,9,11,11,9,9,9,9,9,9,9,7,10,10,11,11,11,7,7,7,2,3,11,8,8,6,7,3,4,6,8,3,2,4,2,,,2,2,,,5,11,2,9,5,8,8,3,7,5,9,6,7,8,8,4,3,2,9,4,5,7,2,3,,4,,,b'\x11\xe8\xe1I\xc8\xf6b\xaa\xaf\x82\x12\xdf\x17\xaeN\x1e'
11E8E149-C8F6-62AA-AF82-12DF17AE4E1E,2017-ncaa-d1-natl,ncaa,104,75,144,96,172,117,112,139,101,86,96,121,201,228,130,255,89,74,240,73,105,119,166,118,122,81,238,238,119,190,212,270,130,247,221,209,296,24,35,111,163,160,347,346,,,231,248,,,133,174,133,170,87,90,108,67,74,194,227,78,50,49,80,154,189,288,262,212,33,163,346,,238,,,135,204,213,109,319,224,122,314,170,123,253,162,179,170,245,172,182,110,151,315,319,253,119,148,159,49,130,219,212,141,221,124,77,87,61,86,33,37,20,15,,,63,21,,,133,188,87,212,128,228,239,91,250,123,177,125,189,174,175,93,160,62,218,152,133,71,44,24,,23,,,b'\x11\xe8\xe1I\xc8\xf6b\xaa\xaf\x82\x12\xdf\x17\xaeN\x1e'
11E8E149-C8F6-62AA-AF82-12DF17AE4E1E,2018-ncaa-d0-natl,ncaa,136,162,73,157,74,189,197,195,192,142,115,225,274,278,221,288,82,60,207,61,95,168,143,235,208,231,239,287,39,255,290,114,134,168,227,305,336,250,235,310,177,206,336,339,,,167,114,,,203,112,266,2,255,275,295,186,163,303,305,99,92,93,257,265,295,164,248,332,205,211,340,,115,,,204,169,194,219,128,232,237,155,130,161,86,142,148,150,201,153,113,214,243,110,104,89,92,127,148,172,134,259,290,238,227,175,150,90,111,94,230,218,123,93,,,19,6,,,203,251,252,84,189,97,132,126,173,175,101,112,123,111,118,105,152,128,202,176,122,109,188,100,,22,,,b'\x11\xe8\xe1I\xc8\xf6b\xaa\xaf\x82\x12\xdf\x17\xaeN\x1e'
11E8E149-C8F6-62AA-AF82-12DF17AE4E1E,2018-ncaa-d1-conf-Sun Belt,ncaa,4,6,1,6,1,7,7,5,8,5,5,7,10,8,10,8,3,2,10,2,2,4,6,8,9,8,7,10,2,11,11,6,4,7,9,11,12,7,5,9,4,5,12,12,,,5,2,,,8,3,11,2,9,8,11,7,7,11,9,5,4,4,9,11,12,6,10,12,3,5,12,,1,,,8,4,6,6,4,6,6,6,6,7,3,9,4,2,12,2,2,6,9,4,4,4,4,8,5,3,4,9,11,8,9,6,5,2,4,4,5,5,6,7,,,1,1,,,8,11,9,3,8,3,4,3,4,3,4,7,4,1,1,2,2,2,7,5,4,4,4,6,,2,,,b'\x11\xe8\xe1I\xc8\xf6b\xaa\xaf\x82\x12\xdf\x17\xaeN\x1e'
11E8E149-C8F6-62AA-AF82-12DF17AE4E1E,2018-ncaa-d1-natl,ncaa,150,188,53,182,52,191,203,187,223,146,112,227,281,275,256,282,88,67,224,65,106,153,130,251,235,248,241,283,44,248,281,112,130,172,224,323,337,262,242,319,195,224,339,341,,,174,113,,,219,100,271,3,269,282,292,200,167,302,297,118,102,103,264,258,287,174,249,336,212,230,342,,111,,,216,188,215,236,154,240,241,170,143,166,118,150,151,147,202,147,107,233,251,137,125,105,94,140,136,162,130,276,281,255,224,184,145,87,116,101,241,221,129,95,,,19,9,,,219,262,266,99,209,107,143,123,181,167,110,110,114,103,108,99,130,114,210,173,126,117,194,98,,30,,,b'\x11\xe8\xe1I\xc8\xf6b\xaa\xaf\x82\x12\xdf\x17\xaeN\x1e'
11E8E149-C8F6-62AA-AF82-12DF17AE4E1E,2019-ncaa-d0-natl,ncaa,297,298,249,303,263,250,237,264,188,149,116,242,324,328,186,331,174,182,153,168,212,256,258,235,227,234,306,317,80,298,291,302,272,313,313,340,351,190,220,327,276,279,342,344,,,120,145,,,285,225,91,166,229,215,225,108,60,323,330,132,135,128,207,173,287,303,315,345,232,264,342,,187,,,289,224,255,130,327,299,198,322,77,56,211,55,159,146,203,144,132,125,129,312,306,287,22,46,124,152,272,158,291,153,313,236,182,163,140,221,55,106,45,35,,,146,53,,,285,136,260,287,285,289,309,213,330,288,105,80,206,202,198,223,256,221,245,247,286,114,110,70,,67,,,b'\x11\xe8\xe1I\xc8\xf6b\xaa\xaf\x82\x12\xdf\x17\xaeN\x1e'
11E8E149-C8F6-62AA-AF82-12DF17AE4E1E,2019-ncaa-d1-conf-Sun Belt,ncaa,10,10,5,10,7,9,8,6,7,7,6,9,11,11,11,11,7,8,4,7,7,8,6,11,9,8,11,11,3,11,12,10,6,10,12,11,12,6,6,11,8,10,11,11,,,8,7,,,10,6,6,6,9,8,6,5,4,11,11,7,7,7,7,7,11,10,12,11,5,8,11,,9,,,10,6,6,6,10,8,6,11,5,4,7,7,9,8,6,8,9,7,6,10,11,10,5,6,6,5,6,9,12,8,12,6,6,6,5,7,4,2,3,3,,,8,4,,,10,7,11,10,10,9,9,5,8,7,7,5,10,10,10,6,5,6,10,8,7,4,4,4,,7,,,b'\x11\xe8\xe1I\xc8\xf6b\xaa\xaf\x82\x12\xdf\x17\xaeN\x1e'
11E8E149-C8F6-62AA-AF82-12DF17AE4E1E,2019-ncaa-d1-natl,ncaa,308,314,233,317,272,256,252,267,199,154,115,249,327,332,228,322,182,195,146,186,214,257,254,249,235,246,307,316,84,298,297,317,272,323,316,341,351,193,228,325,284,286,342,345,,,121,139,,,298,219,94,171,238,227,227,116,63,323,329,134,149,141,210,175,285,312,322,345,232,274,343,,176,,,300,240,273,121,334,309,190,328,91,53,246,66,158,145,217,148,136,124,124,328,325,305,28,51,123,133,272,179,297,158,316,254,188,168,141,233,59,113,44,36,,,126,47,,,298,131,271,297,301,300,315,204,335,283,114,82,204,200,203,215,247,195,250,239,294,115,115,63,,54,,,b'\x11\xe8\xe1I\xc8\xf6b\xaa\xaf\x82\x12\xdf\x17\xaeN\x1e'
11E8E149-C8F6-62AA-AF82-12DF17AE4E1E,2020-ncaa-d0-natl,ncaa,123,109,191,125,258,185,223,250,163,173,132,236,271,314,99,312,12,28,62,29,55,218,250,205,138,116,178,291,6,277,271,259,219,286,271,327,345,57,87,254,118,100,281,298,,,168,205,,,138,227,169,335,169,211,261,154,107,272,315,12,23,22,196,254,270,258,294,333,71,113,290,,193,,,138,118,144,94,210,211,175,227,56,65,99,67,151,199,52,196,198,102,131,179,162,124,65,58,204,160,219,165,271,158,271,117,133,123,89,94,64,86,114,97,,,31,5,,,138,128,149,126,136,127,157,110,229,194,62,65,173,221,218,121,160,181,191,191,125,105,79,128,,19,,,b'\x11\xe8\xe1I\xc8\xf6b\xaa\xaf\x82\x12\xdf\x17\xaeN\x1e'
11E8E149-C8F6-62AA-AF82-12DF17AE4E1E,2020-ncaa-d1-conf-Sun Belt,ncaa,4,4,1,4,3,5,6,5,4,4,3,5,8,11,3,10,2,4,2,4,5,5,6,5,3,3,7,9,2,8,10,7,7,7,9,10,12,3,4,8,3,4,7,7,,,7,7,,,5,5,7,11,6,6,10,5,5,10,11,3,4,4,9,10,10,10,11,11,1,3,8,,5,,,5,9,10,8,9,12,11,9,4,5,7,3,6,6,5,6,5,7,9,8,7,6,2,3,4,8,7,8,10,9,9,10,7,3,3,5,3,3,7,7,,,2,1,,,5,8,5,5,5,3,6,4,10,6,2,2,5,6,6,3,5,6,6,5,7,4,2,7,,3,,,b'\x11\xe8\xe1I\xc8\xf6b\xaa\xaf\x82\x12\xdf\x17\xaeN\x1e'
11E8E149-C8F6-62AA-AF82-12DF17AE4E1E,2020-ncaa-d1-natl,ncaa,92,109,45,113,126,136,188,192,171,129,78,243,259,305,95,309,13,22,77,23,80,140,190,212,145,123,184,284,10,253,273,232,239,254,280,321,344,71,76,245,105,110,278,300,,,224,205,,,138,148,198,335,176,219,260,160,108,271,314,14,29,29,202,266,272,276,301,332,63,126,294,,185,,,141,161,194,155,203,243,207,223,85,86,105,83,183,217,67,218,197,167,211,181,163,121,80,76,200,220,239,248,273,240,280,137,120,82,87,77,73,74,157,109,,,10,5,,,138,209,155,129,137,121,144,96,207,171,71,71,164,196,196,102,145,194,196,196,111,103,57,143,,19,,,b'\x11\xe8\xe1I\xc8\xf6b\xaa\xaf\x82\x12\xdf\x17\xaeN\x1e'
11E8E149-C8F6-62AA-AF82-12DF17AE4E1E,2021-ncaa-d0-natl,ncaa,60,83,89,72,107,138,151,141,205,119,80,261,194,222,107,291,73,95,73,100,167,137,153,227,185,159,196,265,50,142,216,134,122,144,187,257,337,143,90,261,173,197,205,252,,,165,124,,,91,145,298,163,218,227,236,185,124,253,298,81,119,125,220,284,209,227,239,332,58,232,252,,67,,,96,140,161,186,112,174,221,76,166,141,231,110,107,106,197,109,46,171,194,101,82,61,114,177,82,172,122,242,216,221,187,234,287,88,90,152,132,89,146,71,,,108,76,,,91,198,158,59,98,36,61,67,89,142,102,63,33,32,37,40,38,90,176,124,188,127,68,86,,140,,,b'\x11\xe8\xe1I\xc8\xf6b\xaa\xaf\x82\x12\xdf\x17\xaeN\x1e'
11E8E149-C8F6-62AA-AF82-12DF17AE4E1E,2021-ncaa-d1-conf-Sun Belt,ncaa,2,1,5,2,5,8,7,6,5,6,4,9,6,9,1,9,6,7,3,7,9,6,8,4,3,2,7,6,5,6,7,6,3,7,4,11,12,1,2,6,9,9,8,9,,,1,2,,,2,8,10,2,7,5,7,5,4,8,9,6,8,8,7,9,7,6,8,12,1,10,9,,1,,,2,2,3,5,2,3,7,2,4,4,7,6,1,1,9,1,1,4,5,2,2,2,3,8,1,3,3,7,7,8,4,6,9,8,5,9,2,2,3,3,,,7,6,,,2,5,2,2,2,2,3,4,2,5,5,5,1,1,1,4,3,2,7,4,7,9,2,3,,9,,,b'\x11\xe8\xe1I\xc8\xf6b\xaa\xaf\x82\x12\xdf\x17\xaeN\x1e'
11E8E149-C8F6-62AA-AF82-12DF17AE4E1E,2021-ncaa-d1-natl,ncaa,62,82,105,72,125,155,164,154,213,131,89,270,198,228,108,290,84,110,72,114,168,149,166,233,190,162,191,262,50,164,220,153,132,158,192,270,337,128,90,266,189,206,215,255,,,151,125,,,99,165,301,158,225,237,239,188,125,252,298,81,127,133,228,287,212,232,245,333,58,238,252,,68,,,104,130,150,171,124,165,209,83,156,129,236,108,98,95,196,99,44,154,176,105,91,69,113,176,78,160,132,229,220,203,192,225,289,101,96,156,124,90,137,74,,,120,78,,,99,177,164,66,105,36,66,67,96,143,101,62,33,32,37,41,36,94,184,126,192,134,67,89,,138,,,b'\x11\xe8\xe1I\xc8\xf6b\xaa\xaf\x82\x12\xdf\x17\xaeN\x1e'
11E8E149-C8F6-62AA-AF82-12DF17AE4E1E,2022-ncaa-d0-natl,ncaa,158,19,353,70,354,330,318,354,21,221,311,30,354,355,318,343,283,270,278,268,137,353,356,71,76,93,351,351,107,353,336,327,143,354,232,356,356,5,164,327,343,264,304,228,,,9,167,,,106,355,169,161,150,99,297,23,73,351,345,107,75,71,257,277,344,68,239,354,122,258,237,,174,,,89,1,1,3,31,4,6,31,24,34,102,241,38,38,114,42,261,2,2,37,51,54,302,248,284,18,143,3,336,3,232,10,261,328,163,142,6,126,4,20,,,307,8,,,106,2,156,66,88,76,56,152,38,115,178,237,213,238,246,180,194,206,195,200,137,154,99,45,,41,,,b'\x11\xe8\xe1I\xc8\xf6b\xaa\xaf\x82\x12\xdf\x17\xaeN\x1e'
11E8E149-C8F6-62AA-AF82-12DF17AE4E1E,2022-ncaa-d1-conf-Sun Belt,ncaa,3,3,5,3,6,7,6,9,1,3,8,2,11,11,12,11,6,6,6,6,9,8,10,3,3,2,11,11,7,11,10,6,2,7,5,12,12,1,4,10,11,11,8,6,,,2,3,,,3,9,11,7,8,6,12,2,7,11,11,6,7,7,11,12,12,4,8,12,1,11,8,,1,,,3,3,2,3,2,1,1,2,8,7,9,10,2,2,3,2,6,3,4,4,3,3,10,12,5,2,2,3,10,2,5,6,11,10,5,8,4,7,3,3,,,6,1,,,3,4,3,3,2,2,2,2,1,1,9,8,2,3,3,2,2,3,3,3,8,10,4,2,,4,,,b'\x11\xe8\xe1I\xc8\xf6b\xaa\xaf\x82\x12\xdf\x17\xaeN\x1e'
11E8E149-C8F6-62AA-AF82-12DF17AE4E1E,2022-ncaa-d1-natl,ncaa,120,19,343,56,346,286,265,350,13,161,262,28,351,355,236,340,214,199,239,195,113,344,351,60,57,68,346,346,86,352,321,273,111,333,186,353,356,11,137,303,312,224,301,239,,,20,142,,,78,342,177,167,127,88,294,20,75,337,345,83,63,57,245,274,339,63,225,351,105,222,263,,146,,,53,4,2,14,20,5,12,16,86,79,143,258,52,60,98,62,249,12,9,29,39,36,321,296,262,37,111,6,321,6,186,14,248,287,123,95,9,97,13,25,,,232,5,,,78,14,117,39,54,54,33,124,15,95,200,234,169,197,212,142,166,176,150,153,108,131,71,55,,34,,,b'\x11\xe8\xe1I\xc8\xf6b\xaa\xaf\x82\x12\xdf\x17\xaeN\x1e'
11E8E149-C8F6-62AA-AF82-12DF17AE4E1E,2023-ncaa-d0-natl,ncaa,195,160,290,195,291,328,326,310,326,275,203,323,342,330,334,315,219,137,342,134,108,282,301,336,342,322,268,316,51,139,131,322,211,273,232,357,356,84,186,340,164,77,307,263,,,142,284,,,216,321,295,24,322,324,254,241,113,332,308,162,67,65,203,206,72,308,209,356,180,100,299,,244,,,218,15,8,11,112,13,12,143,60,78,89,213,198,201,172,200,324,13,39,110,146,53,295,170,328,60,211,148,131,94,232,26,200,100,26,22,72,154,272,293,,,104,11,,,216,46,302,51,211,45,19,11,29,22,98,130,265,265,264,27,92,129,265,230,56,37,152,313,,19,,,b'\x11\xe8\xe1I\xc8\xf6b\xaa\xaf\x82\x12\xdf\x17\xaeN\x1e'
11E8E149-C8F6-62AA-AF82-12DF17AE4E1E,2023-ncaa-d1-conf-Sun Belt,ncaa,7,7,9,7,9,12,12,12,11,10,7,11,11,11,11,10,12,11,11,10,7,11,12,11,12,11,10,10,6,8,7,14,3,10,8,14,14,4,9,14,7,5,11,8,,,4,10,,,6,14,13,1,12,12,10,6,7,11,11,10,7,7,8,10,8,12,8,14,7,6,10,,6,,,6,1,1,1,4,1,1,6,2,4,1,8,3,4,8,5,10,1,1,2,4,1,9,7,12,2,3,5,7,2,8,2,6,7,1,3,3,8,13,13,,,3,1,,,6,1,11,1,6,1,1,1,2,1,3,7,6,6,6,1,2,2,7,5,3,3,6,13,,1,,,b'\x11\xe8\xe1I\xc8\xf6b\xaa\xaf\x82\x12\xdf\x17\xaeN\x1e'
11E8E149-C8F6-62AA-AF82-12DF17AE4E1E,2023-ncaa-d1-natl,ncaa,167,160,151,172,158,285,283,237,310,215,124,305,328,312,318,317,159,85,345,80,90,193,198,323,326,310,272,319,48,104,123,285,180,203,211,350,358,196,217,344,94,57,301,264,,,194,262,,,188,247,283,30,313,309,267,230,120,331,314,149,61,62,218,200,78,311,220,356,207,88,309,,209,,,189,34,17,20,102,21,25,124,85,114,99,213,254,238,215,241,320,31,106,109,157,41,303,177,329,73,180,219,123,162,211,43,193,32,11,14,169,186,287,258,,,48,11,,,188,128,286,32,181,33,15,5,14,16,96,120,257,254,252,18,89,83,242,183,44,27,176,294,,19,,,b'\x11\xe8\xe1I\xc8\xf6b\xaa\xaf\x82\x12\xdf\x17\xaeN\x1e'
11E8E149-C8F6-62AA-AF82-12DF17AE4E1E,2024-ncaa-d0-natl,ncaa,171,127,258,160,261,303,308,324,242,290,263,278,260,302,114,242,263,248,258,256,185,319,332,235,232,222,185,198,137,351,353,308,284,343,345,350,354,62,192,312,215,156,354,341,,,171,303,,,211,308,320,48,305,307,323,282,222,244,284,242,222,234,317,334,346,302,351,354,121,181,353,,236,,,215,30,18,27,122,28,25,217,50,114,20,228,206,233,106,238,328,34,57,115,151,76,246,119,317,161,284,201,353,189,345,42,169,150,63,51,46,143,24,45,,,180,19,,,211,45,277,107,221,62,40,25,54,22,67,155,250,272,275,43,82,225,289,277,68,91,77,34,,110,,,b'\x11\xe8\xe1I\xc8\xf6b\xaa\xaf\x82\x12\xdf\x17\xaeN\x1e'
11E8E149-C8F6-62AA-AF82-12DF17AE4E1E,2024-ncaa-d1-conf-Sun Belt,ncaa,5,5,2,5,2,11,11,11,8,11,10,12,6,12,2,9,12,12,6,12,11,11,12,7,10,9,6,6,11,14,14,12,6,13,14,12,14,5,10,12,10,7,13,12,,,2,10,,,7,11,14,2,13,13,14,12,12,10,13,14,14,14,14,14,14,13,14,14,4,9,13,,2,,,7,1,2,3,6,1,1,10,5,7,5,13,3,3,10,4,12,3,3,6,6,3,11,7,12,3,6,8,14,5,14,3,11,3,3,3,4,8,1,3,,,7,2,,,7,4,11,3,7,1,1,1,1,1,5,6,2,2,4,1,1,1,6,4,2,4,3,1,,9,,,b'\x11\xe8\xe1I\xc8\xf6b\xaa\xaf\x82\x12\xdf\x17\xaeN\x1e'
11E8E149-C8F6-62AA-AF82-12DF17AE4E1E,2024-ncaa-d1-natl,ncaa,155,129,194,152,202,297,286,296,250,273,217,301,250,291,109,249,251,236,276,238,194,297,315,243,246,234,191,205,143,336,347,283,277,330,342,351,358,89,191,316,192,155,353,345,,,210,292,,,210,281,316,50,307,303,318,285,207,250,288,244,223,231,310,330,338,300,348,356,122,178,355,,233,,,211,40,26,38,106,43,34,197,64,135,26,228,223,249,91,253,321,51,85,102,137,65,252,123,317,197,277,264,347,247,342,43,149,114,62,41,55,121,55,74,,,157,29,,,210,71,280,98,216,60,35,25,47,21,72,152,244,265,271,40,84,224,295,280,55,89,73,61,,117,,,b'\x11\xe8\xe1I\xc8\xf6b\xaa\xaf\x82\x12\xdf\x17\xaeN\x1e'
11E8E149-C8F6-62AA-AF82-12DF17AE4E1E,2025-ncaa-d0-natl,genius_ncaa,220,176,301,215,301,274,264,289,211,163,92,296,349,358,154,359,157,162,184,162,236,268,288,273,255,250,346,352,47,222,189,310,211,297,232,360,362,99,203,357,232,188,348,325,,,103,221,,161,165,297,189,37,225,205,197,75,17,349,357,71,76,77,160,149,171,269,232,361,210,178,347,,210,,237,165,30,10,21,106,7,5,146,177,195,153,325,181,183,188,182,342,24,58,139,182,83,339,301,315,79,211,99,189,75,232,26,145,94,32,27,137,212,25,11,,,104,14,,18,165,67,245,84,165,103,51,49,22,11,250,281,267,271,270,79,181,162,225,205,58,33,215,52,,17,,7,b'\x11\xe8\xe1I\xc8\xf6b\xaa\xaf\x82\x12\xdf\x17\xaeN\x1e'
11E8E149-C8F6-62AA-AF82-12DF17AE4E1E,2025-ncaa-d1-conf-Sun Belt,genius_ncaa,7,5,8,6,8,10,9,11,4,4,4,6,14,14,8,14,8,11,1,11,12,11,12,8,7,9,14,14,6,10,8,12,6,11,5,14,14,5,9,14,12,10,14,12,,,4,9,,2,5,12,13,3,9,7,11,3,2,14,14,7,10,10,11,12,9,10,11,14,6,12,14,,5,,2,5,1,1,1,4,1,1,7,8,9,5,13,6,6,9,6,14,1,1,5,6,5,13,12,12,1,6,1,8,1,5,3,7,6,2,1,6,10,2,2,,,4,2,,1,5,3,9,4,5,2,1,1,1,1,10,10,8,8,9,1,1,2,2,3,3,4,10,2,,3,,1,b'\x11\xe8\xe1I\xc8\xf6b\xaa\xaf\x82\x12\xdf\x17\xaeN\x1e'
11E8E149-C8F6-62AA-AF82-12DF17AE4E1E,2025-ncaa-d1-natl,genius_ncaa,222,176,304,214,305,281,265,294,204,166,88,304,349,358,115,358,168,166,187,166,253,272,289,270,256,248,346,348,54,239,201,319,214,304,242,361,362,107,204,356,227,176,353,328,,,116,232,,147,173,295,193,38,232,205,204,79,20,346,356,90,95,94,169,161,184,284,260,361,206,169,350,,210,,205,172,32,15,16,114,8,3,158,180,197,167,326,199,196,208,197,347,22,52,158,196,86,344,306,317,74,214,103,201,82,242,25,147,88,33,27,153,228,32,12,,,98,14,,15,173,66,252,89,176,106,48,45,24,10,258,280,268,273,271,71,173,148,218,196,62,36,223,61,,22,,6,b'\x11\xe8\xe1I\xc8\xf6b\xaa\xaf\x82\x12\xdf\x17\xaeN\x1e'
11E8E149-C8F6-62AA-AF82-12DF17AE4E1E,2026-ncaa-d0-natl,genius_ncaa,332,329,206,332,216,279,248,203,328,168,82,326,357,344,357,359,245,273,85,255,344,206,210,348,346,333,358,360,122,134,142,285,225,240,235,325,355,214,242,340,145,107,344,347,,,184,259,,205,319,218,85,97,300,258,95,124,7,361,355,232,271,241,126,75,70,321,223,347,272,100,347,,263,,247,317,208,212,107,340,206,110,334,222,126,322,180,191,193,157,192,258,114,135,345,343,294,174,196,159,89,225,195,142,151,235,196,137,143,70,146,151,174,197,126,,,241,254,,95,319,147,324,279,314,292,291,131,288,133,271,155,231,248,241,147,234,128,277,230,247,67,208,243,,206,,72,b'\x11\xe8\xe1I\xc8\xf6b\xaa\xaf\x82\x12\xdf\x17\xaeN\x1e'
11E8E149-C8F6-62AA-AF82-12DF17AE4E1E,2026-ncaa-d1-natl,genius_ncaa,354,345,177,354,197,298,279,191,348,179,52,349,359,356,359,361,185,216,95,197,323,195,180,358,353,344,357,361,63,129,200,311,284,268,312,356,361,228,235,353,161,154,344,350,,,221,269,,201,337,194,85,100,315,295,115,159,9,361,356,166,203,183,125,82,92,340,270,359,276,132,350,,280,,224,335,271,261,130,349,266,134,350,228,141,312,164,251,260,161,255,284,146,168,352,349,323,160,152,191,153,284,262,200,231,312,228,124,124,98,171,192,209,192,109,,,179,185,,45,337,171,337,317,336,327,321,157,314,158,258,148,289,291,287,197,262,197,325,297,261,88,245,216,,136,,38,b'\x11\xe8\xe1I\xc8\xf6b\xaa\xaf\x82\x12\xdf\x17\xaeN\x1e'
11E8E149-C8FA-D2A4-AF82-12DF17AE4E1E,2010-ncaa-d0-natl,ncaa,45,36,81,41,96,37,34,45,35,16,20,48,260,272,215,319,21,14,167,22,147,34,43,85,75,58,313,324,98,61,78,15,55,19,33,67,225,169,61,71,246,310,89,148,,,160,35,,,45,41,21,137,20,18,31,7,10,286,288,16,18,24,16,25,67,5,7,60,135,272,102,,107,,,43,266,289,323,62,302,325,90,145,259,12,150,153,196,53,194,67,319,307,44,20,60,53,96,102,268,55,229,78,251,33,57,9,148,268,67,204,101,325,212,,,24,67,,,45,313,48,55,43,198,250,335,280,329,106,236,126,162,160,329,317,242,172,208,39,182,160,313,,16,,,b'\x11\xe8\xe1I\xc8\xfa\xd2\xa4\xaf\x82\x12\xdf\x17\xaeN\x1e'
11E8E149-C8FA-D2A4-AF82-12DF17AE4E1E,2010-ncaa-d1-conf-WAC,ncaa,2,2,1,2,1,2,2,1,2,1,1,4,8,7,5,9,1,1,7,1,5,1,1,4,3,2,8,8,2,1,2,1,1,1,1,2,2,6,4,2,6,8,6,7,,,4,2,,,2,1,1,3,2,2,1,1,1,8,8,1,1,1,1,1,1,1,1,2,4,8,7,,3,,,2,9,9,9,1,9,9,5,7,9,1,8,3,3,3,4,3,9,9,1,1,2,2,3,3,9,1,7,2,8,1,7,1,2,7,4,5,5,9,6,,,1,3,,,2,9,2,2,2,5,7,9,8,9,3,8,3,3,3,9,9,4,5,3,4,5,5,9,,1,,,b'\x11\xe8\xe1I\xc8\xfa\xd2\xa4\xaf\x82\x12\xdf\x17\xaeN\x1e'
11E8E149-C8FA-D2A4-AF82-12DF17AE4E1E,2010-ncaa-d1-natl,ncaa,46,36,91,42,105,40,36,48,35,17,20,50,270,276,220,319,23,19,168,25,147,37,45,86,79,61,313,323,93,65,80,15,57,19,33,71,228,158,61,73,256,315,94,153,,,139,37,,,49,43,22,137,22,21,33,7,10,285,289,16,18,24,19,27,70,5,8,64,136,275,105,,107,,,47,254,282,322,63,300,322,96,140,251,12,150,148,187,52,184,70,318,307,47,23,65,51,97,100,261,57,213,80,236,33,46,9,163,271,71,194,103,324,216,,,25,65,,,49,311,50,66,45,205,257,336,284,329,109,237,125,165,163,331,317,244,177,213,41,190,162,314,,16,,,b'\x11\xe8\xe1I\xc8\xfa\xd2\xa4\xaf\x82\x12\xdf\x17\xaeN\x1e'
11E8E149-C8FA-D2A4-AF82-12DF17AE4E1E,2010-ncaa-d1-ncaatournament,ncaa,33,2,33,33,34,44,47,45,46,41,44,24,56,46,60,27,32,34,15,34,16,40,40,53,44,41,39,56,6,37,17,54,61,45,48,38,17,11,22,31,54,55,33,34,,,28,55,,,44,44,19,9,36,38,21,28,31,54,24,6,11,13,15,12,12,52,32,23,28,48,20,,60,,,48,20,12,23,23,16,21,35,6,13,9,18,35,26,57,24,45,24,27,19,32,32,31,9,58,30,61,8,17,19,48,8,15,38,34,24,14,27,14,21,,,34,4,,,44,19,38,47,48,50,32,49,41,49,10,25,58,53,51,52,58,60,33,50,24,21,30,23,,4,,,b'\x11\xe8\xe1I\xc8\xfa\xd2\xa4\xaf\x82\x12\xdf\x17\xaeN\x1e'
11E8E149-C8FA-D2A4-AF82-12DF17AE4E1E,2011-ncaa-d0-natl,ncaa,30,24,77,28,79,42,44,61,57,39,54,62,149,156,141,235,39,21,205,19,61,46,57,83,79,50,222,249,112,121,211,56,50,70,111,104,261,98,32,71,66,114,233,274,,,261,175,,,47,47,55,18,31,39,45,27,59,171,187,26,17,16,27,57,166,48,77,125,70,84,261,,223,,,40,247,259,275,169,289,296,171,113,138,114,85,222,210,228,219,139,275,289,141,142,115,74,77,194,141,50,300,211,263,111,112,28,50,93,44,241,171,272,169,,,26,42,,,47,296,53,78,45,179,200,225,242,278,93,103,195,184,194,231,277,101,255,191,83,66,206,248,,19,,,b'\x11\xe8\xe1I\xc8\xfa\xd2\xa4\xaf\x82\x12\xdf\x17\xaeN\x1e'
11E8E149-C8FA-D2A4-AF82-12DF17AE4E1E,2011-ncaa-d1-conf-WAC,ncaa,1,1,1,1,1,2,2,2,2,1,1,3,5,5,2,7,1,1,8,1,2,1,1,3,2,2,5,7,2,4,4,2,4,3,4,3,9,2,1,3,3,4,7,8,,,4,3,,,2,1,2,1,2,2,2,1,1,5,5,1,1,1,1,1,4,2,3,3,2,3,7,,3,,,2,7,7,9,4,6,9,4,5,5,7,5,5,4,7,4,3,9,9,3,4,2,4,5,5,6,4,8,4,8,4,1,1,3,4,1,4,3,9,7,,,1,3,,,2,9,2,2,2,6,7,9,6,9,5,5,5,4,4,8,9,5,8,8,1,3,3,8,,1,,,b'\x11\xe8\xe1I\xc8\xfa\xd2\xa4\xaf\x82\x12\xdf\x17\xaeN\x1e'
11E8E149-C8FA-D2A4-AF82-12DF17AE4E1E,2011-ncaa-d1-natl,ncaa,34,23,95,30,98,47,47,68,58,42,59,64,157,170,143,234,43,24,202,21,61,51,68,84,82,51,219,248,110,138,220,67,50,81,115,117,261,78,32,74,78,117,242,277,,,242,178,,,51,55,55,16,32,39,47,28,62,175,187,27,17,16,28,59,170,50,82,129,70,88,262,,226,,,44,232,241,260,177,276,288,176,101,125,118,81,211,199,227,208,137,262,280,143,144,122,72,76,196,122,50,286,220,247,115,95,27,58,101,49,229,174,271,176,,,29,40,,,51,288,55,84,49,185,204,226,250,282,94,104,197,188,199,233,277,102,260,192,85,73,209,249,,18,,,b'\x11\xe8\xe1I\xc8\xfa\xd2\xa4\xaf\x82\x12\xdf\x17\xaeN\x1e'
11E8E149-C8FA-D2A4-AF82-12DF17AE4E1E,2011-ncaa-d1-ncaatournament,ncaa,33,2,33,33,34,50,53,40,61,49,43,55,55,35,62,15,36,33,38,33,15,37,45,62,60,52,28,54,6,43,49,50,11,49,50,55,52,1,2,40,38,12,32,18,,,12,43,,,57,43,30,3,49,52,18,47,36,51,7,16,13,12,11,27,27,44,42,55,1,17,17,,28,,,57,20,22,6,57,22,11,58,15,14,49,22,23,14,52,14,40,9,8,58,59,58,27,23,35,4,11,29,49,19,50,23,51,53,42,56,20,43,28,50,,,34,3,,,57,14,52,56,57,49,50,17,50,31,24,18,45,35,35,22,10,7,61,48,54,47,43,47,,3,,,b'\x11\xe8\xe1I\xc8\xfa\xd2\xa4\xaf\x82\x12\xdf\x17\xaeN\x1e'
11E8E149-C8FA-D2A4-AF82-12DF17AE4E1E,2012-ncaa-d0-natl,ncaa,139,153,81,152,84,83,61,73,67,59,70,84,130,150,93,197,167,116,287,116,220,75,75,78,111,100,246,184,272,187,277,77,82,121,209,45,88,180,104,57,216,265,206,249,,,305,281,,,159,56,69,70,83,57,83,54,92,150,171,214,156,155,90,110,233,104,169,40,137,247,234,,291,,,160,297,292,248,264,309,284,273,94,121,93,62,316,321,98,317,277,276,271,229,249,237,75,40,272,162,82,315,277,290,209,98,7,112,168,79,230,176,255,178,,,96,185,,,159,288,129,215,158,258,248,189,290,261,80,84,297,306,305,238,240,118,290,231,68,137,198,229,,148,,,b'\x11\xe8\xe1I\xc8\xfa\xd2\xa4\xaf\x82\x12\xdf\x17\xaeN\x1e'
11E8E149-C8FA-D2A4-AF82-12DF17AE4E1E,2012-ncaa-d1-conf-WAC,ncaa,3,3,1,3,1,3,3,2,6,1,1,7,4,3,6,5,5,5,5,5,7,2,2,6,6,6,8,6,5,2,7,1,1,1,3,3,2,6,2,3,4,5,5,7,,,8,7,,,3,2,4,5,5,4,2,4,1,5,4,5,5,5,3,3,4,4,2,3,3,5,6,,6,,,3,5,5,7,4,5,7,4,2,3,2,3,7,8,5,6,6,7,7,5,5,3,3,2,8,3,1,8,7,7,3,2,2,2,3,2,6,5,8,8,,,1,5,,,3,7,5,2,3,3,2,3,4,4,2,2,6,6,5,3,3,1,8,6,1,3,5,8,,5,,,b'\x11\xe8\xe1I\xc8\xfa\xd2\xa4\xaf\x82\x12\xdf\x17\xaeN\x1e'
11E8E149-C8FA-D2A4-AF82-12DF17AE4E1E,2012-ncaa-d1-natl,ncaa,143,153,90,158,94,94,68,79,70,66,77,85,136,155,93,196,181,132,288,132,222,87,89,82,114,106,243,184,269,211,285,92,88,140,217,50,90,154,106,61,234,276,219,252,,,301,282,,,170,64,73,68,87,63,87,57,97,150,171,217,155,155,98,116,235,108,179,41,136,256,234,,293,,,170,288,277,232,267,303,270,280,86,104,101,62,314,318,101,312,277,267,258,234,252,243,74,40,272,148,88,309,285,272,217,80,8,125,176,87,220,178,246,182,,,109,186,,,170,280,133,221,168,258,251,190,292,264,82,84,300,306,305,240,239,125,295,235,71,147,199,231,,149,,,b'\x11\xe8\xe1I\xc8\xfa\xd2\xa4\xaf\x82\x12\xdf\x17\xaeN\x1e'
11E8E149-C8FA-D2A4-AF82-12DF17AE4E1E,2013-ncaa-d0-natl,ncaa,177,197,120,192,131,145,141,120,181,82,51,192,296,279,309,304,67,30,289,29,80,93,80,243,236,240,291,318,48,164,246,82,74,101,166,199,250,270,195,247,189,243,276,311,,,315,292,,,222,63,23,68,136,146,116,68,35,304,293,57,18,18,63,38,181,50,84,218,262,201,288,,314,,,221,272,247,232,212,275,282,186,107,104,174,49,322,315,234,312,256,271,270,177,222,204,130,53,298,145,74,300,246,267,166,160,81,98,136,99,296,228,298,222,,,30,37,,,222,284,250,158,219,274,247,241,283,298,105,89,317,311,304,282,298,126,301,263,153,99,290,297,,13,,,b'\x11\xe8\xe1I\xc8\xfa\xd2\xa4\xaf\x82\x12\xdf\x17\xaeN\x1e'
11E8E149-C8FA-D2A4-AF82-12DF17AE4E1E,2013-ncaa-d1-conf-WAC,ncaa,4,5,3,5,5,5,5,3,4,2,2,5,8,8,6,9,4,2,8,2,4,2,3,6,6,7,8,9,2,4,5,5,4,4,4,5,7,8,7,8,5,6,8,8,,,8,9,,,4,3,3,4,5,4,5,2,2,8,8,4,1,1,3,3,4,5,5,5,7,6,8,,8,,,4,5,2,2,4,4,6,5,2,3,4,3,9,9,7,9,8,6,6,4,6,3,8,2,9,4,4,5,5,4,4,5,6,2,3,3,8,7,6,5,,,2,1,,,4,7,7,2,4,5,3,3,4,5,2,3,8,8,8,5,8,4,5,4,5,1,8,6,,1,,,b'\x11\xe8\xe1I\xc8\xfa\xd2\xa4\xaf\x82\x12\xdf\x17\xaeN\x1e'
11E8E149-C8FA-D2A4-AF82-12DF17AE4E1E,2013-ncaa-d1-natl,ncaa,186,196,136,197,151,156,151,135,186,92,57,197,297,289,310,304,72,33,290,31,77,109,93,248,240,243,289,319,43,186,250,90,76,115,168,213,248,261,197,253,201,253,284,311,,,312,293,,,231,69,26,65,145,151,123,71,38,307,293,57,19,19,68,39,184,53,88,226,263,209,289,,316,,,229,265,239,221,218,269,274,189,99,90,174,48,320,312,237,310,257,256,259,181,225,211,128,54,299,130,76,295,250,255,168,154,83,114,142,104,289,230,294,224,,,34,36,,,231,278,254,165,228,276,250,242,285,299,108,87,316,311,309,287,298,126,304,264,160,107,288,300,,13,,,b'\x11\xe8\xe1I\xc8\xfa\xd2\xa4\xaf\x82\x12\xdf\x17\xaeN\x1e'
11E8E149-C8FA-D2A4-AF82-12DF17AE4E1E,2014-ncaa-d0-natl,ncaa,221,263,85,249,108,172,194,96,312,174,84,318,215,177,265,222,64,71,193,73,124,83,78,313,296,289,150,224,43,69,139,94,270,73,212,156,101,247,177,206,128,192,202,245,,,266,185,,,225,91,109,216,229,261,113,217,107,227,201,85,67,74,92,89,79,114,74,195,218,161,228,,236,,,221,244,248,271,150,287,260,230,123,237,14,173,207,299,3,297,246,294,284,129,94,108,76,88,183,321,270,312,139,329,212,231,175,113,176,155,302,242,215,151,,,54,90,,,225,263,263,138,217,195,212,248,246,236,97,202,190,281,275,277,279,309,290,310,191,133,266,197,,55,,,b'\x11\xe8\xe1I\xc8\xfa\xd2\xa4\xaf\x82\x12\xdf\x17\xaeN\x1e'
11E8E149-C8FA-D2A4-AF82-12DF17AE4E1E,2014-ncaa-d1-conf-C-USA,ncaa,10,14,2,10,3,8,12,4,16,10,3,16,9,9,7,12,4,3,8,3,7,4,3,15,13,12,6,9,1,4,9,3,13,4,14,7,4,15,7,11,5,10,12,12,,,14,11,,,14,3,5,13,12,14,6,11,5,9,11,4,4,4,6,5,5,6,6,10,10,8,12,,12,,,13,14,13,15,10,14,12,14,10,13,4,10,12,14,2,14,11,15,15,9,8,10,7,8,9,16,13,15,9,16,14,13,10,5,9,7,16,13,15,11,,,3,5,,,14,14,12,11,12,11,10,11,13,9,8,11,12,13,13,15,13,15,14,14,10,8,15,14,,7,,,b'\x11\xe8\xe1I\xc8\xfa\xd2\xa4\xaf\x82\x12\xdf\x17\xaeN\x1e'
11E8E149-C8FA-D2A4-AF82-12DF17AE4E1E,2014-ncaa-d1-conf-CUSA,ncaa,10,14,2,10,3,8,12,4,16,10,3,16,9,9,7,12,4,3,8,3,7,4,3,15,13,12,6,9,1,4,9,3,13,4,14,7,4,15,7,11,5,10,12,12,,,14,11,,,14,3,5,13,12,14,6,11,5,9,11,4,4,4,6,5,5,6,6,10,10,8,12,,12,,,13,14,13,15,10,14,12,14,10,13,4,10,12,14,2,14,11,15,15,9,8,10,7,8,9,16,13,15,9,16,14,13,10,5,9,7,16,13,15,11,,,3,5,,,14,14,12,11,12,11,10,11,13,9,8,11,12,13,13,15,13,15,14,14,10,8,15,14,,7,,,b'\x11\xe8\xe1I\xc8\xfa\xd2\xa4\xaf\x82\x12\xdf\x17\xaeN\x1e'
11E8E149-C8FA-D2A4-AF82-12DF17AE4E1E,2014-ncaa-d1-natl,ncaa,230,262,100,252,126,191,218,114,317,194,98,319,225,186,265,222,75,80,193,81,126,102,96,314,300,289,148,225,43,76,144,107,277,85,220,174,105,229,178,216,153,194,215,249,,,251,186,,,233,107,111,219,234,265,118,221,106,233,202,85,72,78,99,92,80,121,77,202,218,164,232,,233,,,230,222,234,254,159,275,245,237,113,221,14,172,195,294,3,291,244,284,275,134,100,116,75,83,183,314,277,304,144,324,220,220,175,124,181,163,290,243,205,152,,,68,88,,,233,250,271,146,225,200,218,248,254,235,98,203,193,279,276,280,273,311,292,312,197,136,265,202,,57,,,b'\x11\xe8\xe1I\xc8\xfa\xd2\xa4\xaf\x82\x12\xdf\x17\xaeN\x1e'
11E8E149-C8FA-D2A4-AF82-12DF17AE4E1E,2015-ncaa-d0-natl,ncaa,162,161,172,169,220,101,96,96,124,58,79,105,225,201,263,241,91,95,147,94,179,89,93,164,157,142,268,268,126,80,91,208,97,131,110,85,122,180,127,95,106,100,291,298,,,222,222,,,169,114,32,212,53,49,38,33,42,226,197,68,71,68,30,28,53,188,100,62,197,84,299,,244,,,169,264,250,126,319,235,157,287,220,132,341,130,253,267,84,263,272,153,202,325,328,276,198,185,210,64,97,199,91,141,110,252,219,101,89,160,225,183,158,104,,,89,143,,,169,228,113,235,174,293,283,142,274,177,240,142,270,288,285,193,264,74,237,176,275,74,236,177,,42,,,b'\x11\xe8\xe1I\xc8\xfa\xd2\xa4\xaf\x82\x12\xdf\x17\xaeN\x1e'
11E8E149-C8FA-D2A4-AF82-12DF17AE4E1E,2015-ncaa-d1-conf-C-USA,ncaa,6,7,4,7,5,3,3,4,4,2,2,5,10,10,9,12,1,2,5,1,8,3,2,6,6,6,12,11,3,6,7,6,4,4,5,5,5,9,4,4,6,6,12,13,,,8,9,,,7,2,1,6,3,3,4,2,2,11,11,1,2,2,2,2,5,8,5,3,8,6,12,,9,,,7,14,12,8,12,9,7,10,13,10,14,8,11,11,10,11,9,10,11,13,13,12,13,12,9,3,4,9,7,6,5,13,13,4,4,9,11,8,7,5,,,2,2,,,7,11,3,11,7,12,12,6,9,4,13,9,11,10,10,8,11,2,7,5,13,4,11,7,,2,,,b'\x11\xe8\xe1I\xc8\xfa\xd2\xa4\xaf\x82\x12\xdf\x17\xaeN\x1e'
11E8E149-C8FA-D2A4-AF82-12DF17AE4E1E,2015-ncaa-d1-conf-CUSA,ncaa,6,7,4,7,5,3,3,4,4,2,2,5,10,10,9,12,1,2,5,1,8,3,2,6,6,6,12,11,3,6,7,6,4,4,5,5,5,9,4,4,6,6,12,13,,,8,9,,,7,2,1,6,3,3,4,2,2,11,11,1,2,2,2,2,5,8,5,3,8,6,12,,9,,,7,14,12,8,12,9,7,10,13,10,14,8,11,11,10,11,9,10,11,13,13,12,13,12,9,3,4,9,7,6,5,13,13,4,4,9,11,8,7,5,,,2,2,,,7,11,3,11,7,12,12,6,9,4,13,9,11,10,10,8,11,2,7,5,13,4,11,7,,2,,,b'\x11\xe8\xe1I\xc8\xfa\xd2\xa4\xaf\x82\x12\xdf\x17\xaeN\x1e'
11E8E149-C8FA-D2A4-AF82-12DF17AE4E1E,2015-ncaa-d1-natl,ncaa,169,160,143,176,190,97,75,75,124,54,76,108,216,185,264,233,108,109,145,101,197,76,84,162,159,145,271,259,145,66,93,185,101,121,115,71,108,184,134,92,107,107,298,297,,,241,228,,,178,99,31,231,58,43,39,40,45,216,186,80,83,81,32,30,53,191,101,52,198,91,297,,252,,,178,285,257,147,318,248,175,277,241,133,343,127,263,285,90,283,270,182,216,325,325,283,209,190,211,77,101,230,93,174,115,274,219,105,95,170,224,178,162,103,,,88,152,,,178,250,120,248,182,293,280,147,268,181,245,140,277,288,285,198,260,76,237,180,271,82,231,176,,52,,,b'\x11\xe8\xe1I\xc8\xfa\xd2\xa4\xaf\x82\x12\xdf\x17\xaeN\x1e'
11E8E149-C8FA-D2A4-AF82-12DF17AE4E1E,2016-ncaa-d0-natl,ncaa,196,181,240,202,250,163,191,231,130,127,140,151,296,297,248,306,34,34,163,33,40,183,176,189,140,175,232,311,12,125,67,208,168,169,82,238,271,238,239,258,235,245,302,312,,,251,292,,,159,194,80,102,109,144,167,81,85,290,292,9,11,10,101,60,85,147,99,217,277,222,297,,305,,,159,146,171,127,246,245,195,261,50,69,47,63,192,198,140,200,188,133,141,196,205,182,53,35,212,128,168,55,67,64,82,155,150,168,138,154,237,239,28,20,,,39,11,,,159,148,161,174,163,229,241,201,289,267,62,86,238,248,246,226,264,184,104,122,205,121,274,47,,5,,,b'\x11\xe8\xe1I\xc8\xfa\xd2\xa4\xaf\x82\x12\xdf\x17\xaeN\x1e'
11E8E149-C8FA-D2A4-AF82-12DF17AE4E1E,2016-ncaa-d1-conf-C-USA,ncaa,7,6,9,7,9,7,9,11,7,7,5,9,13,11,12,12,4,3,6,3,4,6,6,10,8,7,8,12,1,6,5,7,6,5,5,11,8,6,6,9,10,8,11,11,,,10,13,,,6,9,4,4,5,5,6,4,4,13,11,1,1,1,3,2,5,4,4,7,9,7,11,,13,,,6,5,5,4,7,7,8,8,2,2,2,2,11,11,10,11,11,5,5,5,7,7,4,2,12,6,6,7,5,6,5,7,9,9,7,6,8,6,3,3,,,4,2,,,6,5,6,7,6,9,8,11,11,11,2,5,13,12,12,11,11,10,9,8,9,6,9,4,,1,,,b'\x11\xe8\xe1I\xc8\xfa\xd2\xa4\xaf\x82\x12\xdf\x17\xaeN\x1e'
11E8E149-C8FA-D2A4-AF82-12DF17AE4E1E,2016-ncaa-d1-conf-CUSA,ncaa,7,6,9,7,9,7,9,11,7,7,5,9,13,11,12,12,4,3,6,3,4,6,6,10,8,7,8,12,1,6,5,7,6,5,5,11,8,6,6,9,10,8,11,11,,,10,13,,,6,9,4,4,5,5,6,4,4,13,11,1,1,1,3,2,5,4,4,7,9,7,11,,13,,,6,5,5,4,7,7,8,8,2,2,2,2,11,11,10,11,11,5,5,5,7,7,4,2,12,6,6,7,5,6,5,7,9,9,7,6,8,6,3,3,,,4,2,,,6,5,6,7,6,9,8,11,11,11,2,5,13,12,12,11,11,10,9,8,9,6,9,4,,1,,,b'\x11\xe8\xe1I\xc8\xfa\xd2\xa4\xaf\x82\x12\xdf\x17\xaeN\x1e'
11E8E149-C8FA-D2A4-AF82-12DF17AE4E1E,2016-ncaa-d1-natl,ncaa,191,179,218,196,235,156,177,218,129,121,134,149,289,293,242,298,39,37,173,37,43,182,164,181,143,176,234,306,18,126,68,184,156,153,76,228,249,241,242,256,252,258,293,303,,,269,292,,,158,175,84,98,109,139,170,85,88,283,284,12,12,11,98,61,87,121,88,213,277,235,290,,302,,,157,152,176,143,214,247,199,244,48,72,48,72,191,205,124,201,180,152,159,181,178,173,59,41,210,136,156,57,68,60,76,151,155,164,146,159,248,239,23,19,,,33,11,,,158,163,161,168,159,225,231,210,287,268,67,105,228,237,237,232,263,184,105,124,198,127,279,42,,6,,,b'\x11\xe8\xe1I\xc8\xfa\xd2\xa4\xaf\x82\x12\xdf\x17\xaeN\x1e'
11E8E149-C8FA-D2A4-AF82-12DF17AE4E1E,2017-ncaa-d0-natl,ncaa,136,126,116,139,125,115,125,210,54,67,101,72,288,315,163,329,40,29,176,26,37,173,145,89,74,106,290,326,29,89,25,135,264,110,67,103,90,264,248,162,111,112,177,121,,,277,285,,,118,175,255,61,116,128,268,55,103,307,326,24,18,18,210,173,77,152,103,101,255,116,186,,272,,,117,176,126,192,85,49,45,150,307,329,104,336,220,242,57,240,314,202,196,142,134,159,336,328,216,296,264,17,25,83,67,302,346,180,195,266,161,138,6,4,,,61,24,,,118,166,81,202,120,152,99,154,35,22,304,329,204,240,234,174,155,286,17,72,298,195,146,6,,37,,,b'\x11\xe8\xe1I\xc8\xfa\xd2\xa4\xaf\x82\x12\xdf\x17\xaeN\x1e'
11E8E149-C8FA-D2A4-AF82-12DF17AE4E1E,2017-ncaa-d1-conf-C-USA,ncaa,4,4,3,4,5,7,9,8,8,6,4,9,13,14,11,14,1,1,8,1,3,7,5,10,10,10,12,14,1,2,2,3,8,3,2,7,5,9,8,8,3,3,5,4,,,8,8,,,5,9,10,7,9,10,9,6,5,14,14,1,1,1,8,7,2,4,3,8,8,4,6,,8,,,5,3,2,8,1,1,1,2,14,14,2,14,6,7,3,7,11,8,8,2,1,1,14,14,9,12,8,2,2,6,2,11,14,6,5,12,3,2,5,2,,,3,3,,,5,5,7,4,5,3,2,7,1,2,12,14,5,5,4,7,6,10,2,7,11,7,2,5,,3,,,b'\x11\xe8\xe1I\xc8\xfa\xd2\xa4\xaf\x82\x12\xdf\x17\xaeN\x1e'
11E8E149-C8FA-D2A4-AF82-12DF17AE4E1E,2017-ncaa-d1-conf-CUSA,ncaa,4,4,3,4,5,7,9,8,8,6,4,9,13,14,11,14,1,1,8,1,3,7,5,10,10,10,12,14,1,2,2,3,8,3,2,7,5,9,8,8,3,3,5,4,,,8,8,,,5,9,10,7,9,10,9,6,5,14,14,1,1,1,8,7,2,4,3,8,8,4,6,,8,,,5,3,2,8,1,1,1,2,14,14,2,14,6,7,3,7,11,8,8,2,1,1,14,14,9,12,8,2,2,6,2,11,14,6,5,12,3,2,5,2,,,3,3,,,5,5,7,4,5,3,2,7,1,2,12,14,5,5,4,7,6,10,2,7,11,7,2,5,,3,,,b'\x11\xe8\xe1I\xc8\xfa\xd2\xa4\xaf\x82\x12\xdf\x17\xaeN\x1e'
11E8E149-C8FA-D2A4-AF82-12DF17AE4E1E,2017-ncaa-d1-natl,ncaa,130,126,98,134,104,103,106,207,42,58,94,61,283,307,171,318,28,23,176,23,34,149,125,82,70,96,289,326,27,85,24,118,249,95,56,78,86,272,237,148,120,128,176,120,,,280,272,,,108,159,253,61,106,115,271,50,111,307,325,17,17,17,210,167,84,142,91,87,251,133,183,,260,,,107,192,139,213,84,48,52,143,316,337,111,336,205,240,58,237,304,227,211,139,123,167,337,332,195,300,249,17,24,87,56,309,343,187,218,276,156,135,5,4,,,45,25,,,108,170,78,207,112,158,106,176,37,24,311,332,183,226,225,185,156,283,15,64,300,220,140,6,,33,,,b'\x11\xe8\xe1I\xc8\xfa\xd2\xa4\xaf\x82\x12\xdf\x17\xaeN\x1e'
11E8E149-C8FA-D2A4-AF82-12DF17AE4E1E,2018-ncaa-d0-natl,ncaa,118,94,164,107,224,165,183,248,85,170,203,125,174,235,63,218,122,95,239,96,58,224,205,95,87,130,160,177,100,190,136,239,125,217,120,96,34,256,269,146,78,57,301,298,,,257,298,,,96,202,154,278,142,167,267,153,196,173,233,104,83,85,229,183,176,232,211,74,263,60,306,,269,,,92,63,58,54,137,112,120,150,25,32,69,55,242,220,270,217,250,64,120,100,144,72,116,38,303,63,125,75,136,53,120,97,198,67,29,50,230,244,156,179,,,159,113,,,96,151,132,59,89,70,53,40,124,133,30,36,247,231,228,54,120,80,72,63,111,48,245,176,,128,,,b'\x11\xe8\xe1I\xc8\xfa\xd2\xa4\xaf\x82\x12\xdf\x17\xaeN\x1e'
11E8E149-C8FA-D2A4-AF82-12DF17AE4E1E,2018-ncaa-d1-conf-C-USA,ncaa,4,3,7,4,10,9,9,7,7,9,9,7,7,9,2,8,9,4,13,4,3,6,8,6,7,5,6,6,7,8,10,9,5,10,11,2,2,8,7,3,2,2,13,14,,,7,9,,,4,8,4,7,6,6,7,8,7,7,7,7,3,3,6,6,7,8,8,2,9,2,13,,9,,,4,3,3,4,9,7,6,11,2,2,4,2,8,8,11,8,9,4,4,6,9,3,3,2,10,2,5,8,10,7,11,4,8,3,3,3,8,9,12,9,,,9,8,,,4,8,6,2,4,6,6,6,10,8,2,3,8,8,8,5,7,3,11,9,7,3,9,12,,8,,,b'\x11\xe8\xe1I\xc8\xfa\xd2\xa4\xaf\x82\x12\xdf\x17\xaeN\x1e'
11E8E149-C8FA-D2A4-AF82-12DF17AE4E1E,2018-ncaa-d1-conf-CUSA,ncaa,4,3,7,4,10,9,9,7,7,9,9,7,7,9,2,8,9,4,13,4,3,6,8,6,7,5,6,6,7,8,10,9,5,10,11,2,2,8,7,3,2,2,13,14,,,7,9,,,4,8,4,7,6,6,7,8,7,7,7,7,3,3,6,6,7,8,8,2,9,2,13,,9,,,4,3,3,4,9,7,6,11,2,2,4,2,8,8,11,8,9,4,4,6,9,3,3,2,10,2,5,8,10,7,11,4,8,3,3,3,8,9,12,9,,,9,8,,,4,8,6,2,4,6,6,6,10,8,2,3,8,8,8,5,7,3,11,9,7,3,9,12,,8,,,b'\x11\xe8\xe1I\xc8\xfa\xd2\xa4\xaf\x82\x12\xdf\x17\xaeN\x1e'
11E8E149-C8FA-D2A4-AF82-12DF17AE4E1E,2018-ncaa-d1-natl,ncaa,106,94,144,106,201,149,170,243,89,172,213,119,174,223,69,208,113,81,251,79,49,218,182,96,90,130,161,182,97,182,131,215,110,212,112,93,36,261,266,147,78,64,305,302,,,263,296,,,88,184,147,279,137,163,266,155,197,173,227,98,64,62,216,168,169,224,205,74,264,67,310,,267,,,86,56,53,48,137,116,117,155,28,38,56,60,240,225,239,226,252,58,121,97,134,71,105,36,301,61,110,75,131,53,112,92,194,67,31,54,236,241,164,179,,,143,99,,,88,163,133,59,83,70,58,41,125,121,30,40,237,235,233,56,125,72,81,64,116,52,241,175,,108,,,b'\x11\xe8\xe1I\xc8\xfa\xd2\xa4\xaf\x82\x12\xdf\x17\xaeN\x1e'
11E8E149-C8FA-D2A4-AF82-12DF17AE4E1E,2019-ncaa-d0-natl,ncaa,200,180,249,207,250,130,139,176,107,128,147,127,175,206,117,223,110,138,89,143,165,175,191,113,96,104,204,217,117,212,218,234,163,227,215,179,240,133,146,161,228,229,286,288,,,185,221,,,163,172,74,21,76,81,81,74,93,149,190,60,94,99,72,77,179,195,185,139,183,202,283,,260,,,163,215,234,129,309,246,161,300,162,107,282,131,153,196,46,183,199,127,158,305,292,256,101,133,127,88,163,159,218,127,215,244,227,126,101,197,130,139,159,143,,,98,56,,,163,182,114,231,162,282,289,207,295,242,204,154,198,249,238,235,277,147,250,218,292,72,184,193,,28,,,b'\x11\xe8\xe1I\xc8\xfa\xd2\xa4\xaf\x82\x12\xdf\x17\xaeN\x1e'
11E8E149-C8FA-D2A4-AF82-12DF17AE4E1E,2019-ncaa-d1-conf-C-USA,ncaa,10,10,9,10,10,6,6,4,5,3,3,8,7,10,4,10,4,7,3,7,11,5,3,6,5,6,10,9,5,6,8,11,7,9,8,5,8,10,9,9,5,5,9,10,,,9,9,,,10,1,2,2,3,2,2,2,2,7,9,2,5,5,2,2,6,9,7,4,10,6,6,,12,,,10,13,12,8,14,12,9,13,12,8,13,6,7,7,5,7,7,9,13,13,13,13,8,9,5,3,7,9,8,4,8,14,11,2,5,8,11,8,7,4,,,5,6,,,10,14,6,10,10,12,11,9,11,10,12,10,7,7,7,11,12,4,10,9,14,2,12,10,,3,,,b'\x11\xe8\xe1I\xc8\xfa\xd2\xa4\xaf\x82\x12\xdf\x17\xaeN\x1e'
11E8E149-C8FA-D2A4-AF82-12DF17AE4E1E,2019-ncaa-d1-conf-CUSA,ncaa,10,10,9,10,10,6,6,4,5,3,3,8,7,10,4,10,4,7,3,7,11,5,3,6,5,6,10,9,5,6,8,11,7,9,8,5,8,10,9,9,5,5,9,10,,,9,9,,,10,1,2,2,3,2,2,2,2,7,9,2,5,5,2,2,6,9,7,4,10,6,6,,12,,,10,13,12,8,14,12,9,13,12,8,13,6,7,7,5,7,7,9,13,13,13,13,8,9,5,3,7,9,8,4,8,14,11,2,5,8,11,8,7,4,,,5,6,,,10,14,6,10,10,12,11,9,11,10,12,10,7,7,7,11,12,4,10,9,14,2,12,10,,3,,,b'\x11\xe8\xe1I\xc8\xfa\xd2\xa4\xaf\x82\x12\xdf\x17\xaeN\x1e'
11E8E149-C8FA-D2A4-AF82-12DF17AE4E1E,2019-ncaa-d1-natl,ncaa,201,180,233,202,235,122,117,168,92,110,134,110,172,210,117,229,98,130,89,135,162,162,183,102,89,94,212,228,118,209,207,225,155,227,209,170,237,123,131,148,229,235,291,295,,,189,208,,,161,172,69,20,68,69,81,66,83,155,190,54,87,92,65,72,172,182,180,129,178,205,283,,256,,,162,226,253,145,317,270,179,305,162,104,286,119,140,189,48,177,167,148,161,311,296,266,84,125,110,81,155,171,207,129,209,260,221,125,118,209,133,142,166,145,,,93,65,,,161,186,106,237,158,289,302,232,310,266,199,150,184,232,225,250,278,140,239,215,300,83,184,199,,27,,,b'\x11\xe8\xe1I\xc8\xfa\xd2\xa4\xaf\x82\x12\xdf\x17\xaeN\x1e'
11E8E149-C8FA-D2A4-AF82-12DF17AE4E1E,2020-ncaa-d0-natl,ncaa,197,170,260,194,274,206,244,276,164,258,281,162,166,177,135,139,71,102,92,100,36,256,272,146,113,125,75,151,37,232,207,321,243,315,265,258,232,109,169,207,136,99,265,257,,,136,235,,,165,280,198,97,151,204,242,227,253,142,147,39,66,62,197,200,212,316,302,238,163,116,258,,211,,,164,113,127,37,307,181,87,297,69,47,205,81,179,159,220,152,222,36,65,287,299,214,97,69,230,94,243,113,207,94,265,99,115,100,45,65,191,239,265,306,,,138,48,,,165,69,138,202,166,190,196,63,239,157,88,60,220,219,208,71,150,155,186,177,133,53,231,286,,68,,,b'\x11\xe8\xe1I\xc8\xfa\xd2\xa4\xaf\x82\x12\xdf\x17\xaeN\x1e'
11E8E149-C8FA-D2A4-AF82-12DF17AE4E1E,2020-ncaa-d1-conf-C-USA,ncaa,9,9,1,9,3,8,11,7,10,10,8,11,5,5,6,5,6,9,4,9,9,6,8,9,7,7,4,6,4,10,10,13,8,13,11,8,6,4,4,6,8,3,11,11,,,9,9,,,8,6,10,8,9,11,9,11,9,5,5,8,9,9,8,10,10,14,14,9,4,8,11,,5,,,8,8,8,3,12,12,6,12,5,2,11,2,9,8,12,8,9,3,6,11,11,12,4,5,8,3,8,11,10,8,11,8,7,4,3,6,7,6,13,14,,,7,7,,,8,8,7,10,8,6,6,1,11,4,5,2,8,5,5,1,3,2,10,8,7,5,6,13,,8,,,b'\x11\xe8\xe1I\xc8\xfa\xd2\xa4\xaf\x82\x12\xdf\x17\xaeN\x1e'
11E8E149-C8FA-D2A4-AF82-12DF17AE4E1E,2020-ncaa-d1-conf-CUSA,ncaa,9,9,1,9,3,8,11,7,10,10,8,11,5,5,6,5,6,9,4,9,9,6,8,9,7,7,4,6,4,10,10,13,8,13,11,8,6,4,4,6,8,3,11,11,,,9,9,,,8,6,10,8,9,11,9,11,9,5,5,8,9,9,8,10,10,14,14,9,4,8,11,,5,,,8,8,8,3,12,12,6,12,5,2,11,2,9,8,12,8,9,3,6,11,11,12,4,5,8,3,8,11,10,8,11,8,7,4,3,6,7,6,13,14,,,7,7,,,8,8,7,10,8,6,6,1,11,4,5,2,8,5,5,1,3,2,10,8,7,5,6,13,,8,,,b'\x11\xe8\xe1I\xc8\xfa\xd2\xa4\xaf\x82\x12\xdf\x17\xaeN\x1e'
11E8E149-C8FA-D2A4-AF82-12DF17AE4E1E,2020-ncaa-d1-natl,ncaa,177,170,128,182,168,144,194,215,162,208,236,165,148,150,137,156,38,51,114,48,37,181,191,148,116,131,85,162,34,182,174,289,222,254,231,237,241,160,163,204,117,102,247,260,,,180,216,,,149,189,179,110,133,197,217,217,232,145,152,33,48,44,167,170,179,296,262,243,162,114,249,,202,,,149,170,182,81,293,235,162,283,85,63,193,78,211,193,254,186,208,93,141,266,283,203,97,74,232,137,222,177,174,168,231,137,126,66,51,71,237,238,295,308,,,59,47,,,149,147,128,193,151,180,187,71,237,160,90,65,221,208,198,84,152,145,184,170,138,61,238,299,,55,,,b'\x11\xe8\xe1I\xc8\xfa\xd2\xa4\xaf\x82\x12\xdf\x17\xaeN\x1e'
11E8E149-C8FA-D2A4-AF82-12DF17AE4E1E,2021-ncaa-d0-natl,ncaa,90,143,89,117,107,119,131,130,173,92,84,149,218,187,293,265,44,59,52,61,109,115,128,222,168,154,247,296,34,144,228,99,67,119,146,197,313,184,117,222,159,198,247,270,,,166,88,,,86,125,209,163,165,187,205,111,136,285,260,35,65,67,179,217,212,145,181,284,103,216,290,,70,,,92,167,186,200,138,172,180,165,226,242,134,262,107,121,81,118,86,182,212,149,112,75,192,250,60,150,67,260,228,225,146,212,210,63,73,103,141,83,251,177,,,47,18,,,86,214,161,62,104,62,99,84,84,60,180,204,33,50,48,54,86,62,206,129,156,88,76,205,,34,,,b'\x11\xe8\xe1I\xc8\xfa\xd2\xa4\xaf\x82\x12\xdf\x17\xaeN\x1e'
11E8E149-C8FA-D2A4-AF82-12DF17AE4E1E,2021-ncaa-d1-conf-C-USA,ncaa,6,6,4,6,5,10,10,8,10,6,5,9,11,10,13,11,3,6,2,6,8,8,8,13,10,9,10,12,2,12,14,10,1,11,11,11,12,6,6,9,9,7,10,10,,,3,2,,,6,8,12,9,12,13,12,9,7,12,11,2,8,8,12,13,13,10,12,13,5,10,12,,2,,,6,4,4,5,6,4,4,7,11,11,9,11,2,2,6,2,3,3,7,7,7,4,12,13,3,2,1,12,14,8,11,7,13,7,4,6,8,7,10,10,,,8,3,,,6,7,10,2,6,1,2,2,2,2,10,10,2,2,2,2,1,2,9,4,7,7,4,9,,8,,,b'\x11\xe8\xe1I\xc8\xfa\xd2\xa4\xaf\x82\x12\xdf\x17\xaeN\x1e'
11E8E149-C8FA-D2A4-AF82-12DF17AE4E1E,2021-ncaa-d1-conf-CUSA,ncaa,6,6,4,6,5,10,10,8,10,6,5,9,11,10,13,11,3,6,2,6,8,8,8,13,10,9,10,12,2,12,14,10,1,11,11,11,12,6,6,9,9,7,10,10,,,3,2,,,6,8,12,9,12,13,12,9,7,12,11,2,8,8,12,13,13,10,12,13,5,10,12,,2,,,6,4,4,5,6,4,4,7,11,11,9,11,2,2,6,2,3,3,7,7,7,4,12,13,3,2,1,12,14,8,11,7,13,7,4,6,8,7,10,10,,,8,3,,,6,7,10,2,6,1,2,2,2,2,10,10,2,2,2,2,1,2,9,4,7,7,4,9,,8,,,b'\x11\xe8\xe1I\xc8\xfa\xd2\xa4\xaf\x82\x12\xdf\x17\xaeN\x1e'
11E8E149-C8FA-D2A4-AF82-12DF17AE4E1E,2021-ncaa-d1-natl,ncaa,98,143,105,122,125,140,144,144,181,102,98,153,225,190,294,263,51,69,51,70,105,133,142,225,172,156,245,296,33,166,233,114,69,132,152,213,312,172,120,227,174,207,257,274,,,153,89,,,94,138,212,158,173,190,211,116,139,285,259,38,68,68,188,220,219,155,187,289,107,221,292,,71,,,99,155,169,185,147,162,162,174,217,235,137,263,98,110,80,109,90,167,193,154,121,82,187,247,62,141,69,250,233,207,152,200,212,79,76,107,131,86,245,180,,,56,17,,,94,201,167,70,112,65,105,84,90,60,184,202,33,51,49,55,86,64,207,131,162,93,76,208,,34,,,b'\x11\xe8\xe1I\xc8\xfa\xd2\xa4\xaf\x82\x12\xdf\x17\xaeN\x1e'
11E8E149-C8FA-D2A4-AF82-12DF17AE4E1E,2022-ncaa-d0-natl,ncaa,95,106,79,106,88,111,120,154,71,57,58,123,305,329,176,339,26,50,26,55,128,134,141,139,91,89,310,343,21,235,264,132,157,176,204,221,331,154,122,203,129,154,192,203,,,114,64,,,93,120,237,130,142,156,285,54,72,328,344,30,62,66,234,270,288,197,274,280,89,167,212,,48,,,94,190,205,215,173,176,189,171,249,240,226,234,97,116,106,106,106,203,233,185,160,106,182,249,86,190,157,216,264,209,204,250,243,59,65,129,261,239,136,49,,,48,26,,,93,240,115,103,93,96,127,106,119,106,191,179,71,79,66,85,125,146,137,126,185,91,204,91,,61,,,b'\x11\xe8\xe1I\xc8\xfa\xd2\xa4\xaf\x82\x12\xdf\x17\xaeN\x1e'
11E8E149-C8FA-D2A4-AF82-12DF17AE4E1E,2022-ncaa-d1-conf-C-USA,ncaa,3,4,1,4,2,2,1,4,1,1,1,3,12,13,3,13,3,6,1,6,12,3,6,3,2,2,13,13,6,14,14,3,2,12,12,5,14,4,4,5,6,8,11,12,,,2,1,,,4,2,7,11,3,3,12,2,3,13,13,5,10,10,12,13,14,8,14,9,3,8,11,,1,,,4,12,11,12,9,8,8,8,14,14,12,13,3,3,11,2,5,11,13,10,11,8,12,14,2,4,2,13,14,10,12,14,12,3,3,8,8,7,10,6,,,2,4,,,4,14,2,6,4,6,7,7,6,2,13,10,2,1,1,5,6,2,6,3,9,4,4,8,,9,,,b'\x11\xe8\xe1I\xc8\xfa\xd2\xa4\xaf\x82\x12\xdf\x17\xaeN\x1e'
11E8E149-C8FA-D2A4-AF82-12DF17AE4E1E,2022-ncaa-d1-conf-CUSA,ncaa,3,4,1,4,2,2,1,4,1,1,1,3,12,13,3,13,3,6,1,6,12,3,6,3,2,2,13,13,6,14,14,3,2,12,12,5,14,4,4,5,6,8,11,12,,,2,1,,,4,2,7,11,3,3,12,2,3,13,13,5,10,10,12,13,14,8,14,9,3,8,11,,1,,,4,12,11,12,9,8,8,8,14,14,12,13,3,3,11,2,5,11,13,10,11,8,12,14,2,4,2,13,14,10,12,14,12,3,3,8,8,7,10,6,,,2,4,,,4,14,2,6,4,6,7,7,6,2,13,10,2,1,1,5,6,2,6,3,9,4,4,8,,9,,,b'\x11\xe8\xe1I\xc8\xfa\xd2\xa4\xaf\x82\x12\xdf\x17\xaeN\x1e'
11E8E149-C8FA-D2A4-AF82-12DF17AE4E1E,2022-ncaa-d1-natl,ncaa,74,106,32,96,38,69,74,110,52,29,24,108,297,321,134,342,16,30,34,34,140,91,97,110,72,76,315,343,33,214,250,99,165,129,195,194,333,190,113,185,81,119,179,202,,,160,65,,,75,71,215,137,122,127,262,41,58,330,343,28,59,63,215,255,280,198,271,264,89,136,216,,53,,,81,227,243,264,156,198,227,150,285,276,248,239,122,143,80,133,112,247,285,176,162,98,207,267,85,243,165,264,250,266,195,275,254,33,55,104,282,228,145,38,,,28,24,,,75,284,95,102,81,97,120,108,105,106,207,183,72,80,71,84,148,152,127,130,186,69,200,85,,53,,,b'\x11\xe8\xe1I\xc8\xfa\xd2\xa4\xaf\x82\x12\xdf\x17\xaeN\x1e'
11E8E149-C8FA-D2A4-AF82-12DF17AE4E1E,2023-ncaa-d0-natl,ncaa,120,117,116,120,128,161,174,262,74,144,167,128,242,301,74,297,63,107,39,103,88,227,250,113,70,89,208,274,45,317,295,138,168,208,204,176,194,121,176,152,342,348,175,193,,,98,84,,,134,208,298,67,175,212,333,147,199,258,317,64,116,110,307,326,336,146,273,197,106,352,192,,78,,,134,148,176,213,113,161,218,107,161,185,140,179,116,79,324,78,71,180,168,102,112,135,166,196,136,196,168,121,295,144,204,172,176,213,220,211,205,244,192,174,,,82,16,,,134,176,124,141,120,99,131,176,142,191,150,161,106,72,75,138,97,181,87,113,155,230,185,175,,87,,,b'\x11\xe8\xe1I\xc8\xfa\xd2\xa4\xaf\x82\x12\xdf\x17\xaeN\x1e'
11E8E149-C8FA-D2A4-AF82-12DF17AE4E1E,2023-ncaa-d1-conf-C-USA,ncaa,5,4,7,5,7,11,11,11,3,10,8,7,6,8,1,7,8,9,3,9,6,11,11,3,2,2,5,5,3,11,11,6,6,11,9,10,7,3,5,8,11,10,6,6,,,1,1,,,5,11,11,1,9,11,11,9,8,6,8,5,7,7,11,11,11,6,10,10,4,10,6,,1,,,5,2,2,5,4,5,7,3,3,3,5,4,1,1,10,1,1,3,1,3,3,2,2,4,1,6,6,4,11,4,9,4,7,9,8,9,4,8,4,7,,,8,3,,,5,1,5,2,5,2,4,7,6,8,4,4,1,1,1,5,3,9,6,7,6,8,5,5,,6,,,b'\x11\xe8\xe1I\xc8\xfa\xd2\xa4\xaf\x82\x12\xdf\x17\xaeN\x1e'
11E8E149-C8FA-D2A4-AF82-12DF17AE4E1E,2023-ncaa-d1-conf-CUSA,ncaa,5,4,7,5,7,11,11,11,3,10,8,7,6,8,1,7,8,9,3,9,6,11,11,3,2,2,5,5,3,11,11,6,6,11,9,10,7,3,5,8,11,10,6,6,,,1,1,,,5,11,11,1,9,11,11,9,8,6,8,5,7,7,11,11,11,6,10,10,4,10,6,,1,,,5,2,2,5,4,5,7,3,3,3,5,4,1,1,10,1,1,3,1,3,3,2,2,4,1,6,6,4,11,4,9,4,7,9,8,9,4,8,4,7,,,8,3,,,5,1,5,2,5,2,4,7,6,8,4,4,1,1,1,5,3,9,6,7,6,8,5,5,,6,,,b'\x11\xe8\xe1I\xc8\xfa\xd2\xa4\xaf\x82\x12\xdf\x17\xaeN\x1e'
11E8E149-C8FA-D2A4-AF82-12DF17AE4E1E,2023-ncaa-d1-natl,ncaa,114,117,103,122,109,150,172,272,69,136,169,106,247,303,107,295,63,103,38,100,84,230,246,112,69,89,231,289,45,328,304,121,148,200,196,185,192,128,176,149,339,348,182,195,,,112,101,,,128,203,293,68,178,213,329,141,196,269,313,65,111,101,302,321,339,115,265,196,108,345,195,,89,,,129,140,155,223,93,153,219,103,157,192,104,186,126,98,282,99,89,199,175,87,91,117,166,183,157,197,148,129,304,155,196,164,181,204,206,201,208,244,176,162,,,73,17,,,128,182,124,119,115,89,109,171,129,176,132,164,109,87,87,139,100,176,94,118,148,224,187,155,,75,,,b'\x11\xe8\xe1I\xc8\xfa\xd2\xa4\xaf\x82\x12\xdf\x17\xaeN\x1e'
11E8E149-C8FA-D2A4-AF82-12DF17AE4E1E,2024-ncaa-d0-natl,ncaa,225,251,143,243,152,213,208,241,159,215,241,168,182,197,158,168,226,230,216,230,171,242,246,159,162,189,170,159,196,307,304,203,170,261,253,165,93,181,228,172,243,239,241,251,,,168,208,,,223,216,294,56,250,249,307,246,262,184,206,247,242,243,301,313,318,242,307,166,174,259,255,,158,,,221,167,180,144,234,204,150,261,142,165,116,199,155,147,199,137,164,137,128,218,221,228,121,147,160,131,170,178,304,153,253,117,92,210,187,165,246,281,227,267,,,180,108,,,223,139,226,220,232,154,171,120,191,121,141,160,147,144,139,100,77,127,175,142,115,219,243,225,,192,,,b'\x11\xe8\xe1I\xc8\xfa\xd2\xa4\xaf\x82\x12\xdf\x17\xaeN\x1e'
11E8E149-C8FA-D2A4-AF82-12DF17AE4E1E,2024-ncaa-d1-conf-CUSA,ncaa,4,4,3,4,3,5,4,8,4,6,6,5,3,7,3,5,6,6,4,6,6,8,7,4,4,4,5,5,6,9,9,4,4,6,7,3,1,4,4,4,8,8,5,7,,,5,7,,,4,7,7,2,6,6,8,7,7,6,7,6,6,6,9,8,9,6,8,3,4,8,6,,6,,,4,5,6,5,4,6,6,4,2,3,4,4,5,5,7,4,4,4,3,3,4,5,3,3,6,3,4,6,9,3,7,1,1,6,5,3,9,9,7,6,,,6,4,,,4,3,5,4,4,2,4,4,6,6,3,3,4,3,2,4,3,3,5,4,2,6,7,7,,6,,,b'\x11\xe8\xe1I\xc8\xfa\xd2\xa4\xaf\x82\x12\xdf\x17\xaeN\x1e'
11E8E149-C8FA-D2A4-AF82-12DF17AE4E1E,2024-ncaa-d1-natl,ncaa,218,253,78,235,82,178,174,193,151,191,209,150,146,159,138,149,208,196,234,196,159,204,191,138,151,175,153,138,215,283,293,164,167,220,239,134,93,216,223,155,193,204,243,257,,,234,229,,,203,161,288,61,238,231,296,239,264,167,188,242,231,235,285,298,305,235,295,150,173,222,266,,181,,,203,203,206,189,219,219,173,225,168,191,129,198,191,208,133,198,197,198,192,202,200,194,152,156,192,171,167,227,293,207,239,136,100,166,170,151,259,261,214,245,,,141,103,,,203,198,199,199,207,135,142,108,171,117,143,156,163,175,169,96,81,135,167,142,108,199,228,191,,179,,,b'\x11\xe8\xe1I\xc8\xfa\xd2\xa4\xaf\x82\x12\xdf\x17\xaeN\x1e'
11E8E149-C8FA-D2A4-AF82-12DF17AE4E1E,2025-ncaa-d0-natl,genius_ncaa,147,176,90,167,134,137,186,217,141,157,183,139,252,251,231,267,22,11,221,11,6,161,102,162,129,199,143,288,8,110,64,101,172,96,65,292,348,348,336,344,266,299,147,181,,,297,269,,356,199,108,141,360,173,242,329,199,227,274,286,16,11,9,248,134,139,126,119,332,339,290,174,,260,,351,197,271,280,274,199,297,271,239,189,239,93,181,206,199,236,201,140,273,248,186,184,218,113,123,152,243,172,85,64,144,65,286,225,194,250,266,304,261,170,182,,,17,9,,107,199,251,189,222,201,220,246,248,270,245,157,203,174,155,160,241,198,211,33,78,257,238,283,142,,11,,121,b'\x11\xe8\xe1I\xc8\xfa\xd2\xa4\xaf\x82\x12\xdf\x17\xaeN\x1e'
11E8E149-C8FA-D2A4-AF82-12DF17AE4E1E,2025-ncaa-d1-conf-CUSA,genius_ncaa,5,5,3,5,6,4,5,7,5,8,8,5,5,5,5,6,1,2,6,2,1,6,4,5,3,5,3,6,2,3,3,3,4,3,2,9,10,8,7,8,9,9,3,5,,,8,9,,10,5,4,5,8,4,5,9,9,6,6,6,1,2,2,5,3,2,3,2,10,8,9,3,,8,,10,5,9,7,9,4,9,8,5,6,5,4,6,8,7,10,7,5,8,6,4,5,8,5,5,7,8,4,3,3,4,2,8,8,9,8,9,6,4,3,3,,,2,2,,5,5,6,4,8,5,7,7,9,6,8,6,6,8,7,7,8,7,8,3,3,8,8,4,3,,2,,4,b'\x11\xe8\xe1I\xc8\xfa\xd2\xa4\xaf\x82\x12\xdf\x17\xaeN\x1e'
11E8E149-C8FA-D2A4-AF82-12DF17AE4E1E,2025-ncaa-d1-natl,genius_ncaa,130,176,43,157,71,96,129,162,126,113,137,131,207,210,188,253,15,10,218,10,9,101,65,147,114,177,136,272,15,71,49,62,146,49,46,252,342,353,327,333,217,281,132,183,,,315,251,,359,166,66,135,360,145,209,303,181,222,246,269,19,13,14,219,121,114,110,92,317,334,274,177,,244,,352,168,302,310,310,182,308,301,214,234,285,102,201,218,206,239,209,126,305,288,162,154,186,125,151,138,259,146,110,49,174,46,310,248,135,216,241,311,247,171,144,,,7,12,,99,166,294,160,186,172,198,227,239,245,228,165,216,151,136,139,221,196,191,29,67,251,198,262,121,,16,,130,b'\x11\xe8\xe1I\xc8\xfa\xd2\xa4\xaf\x82\x12\xdf\x17\xaeN\x1e'
11E8E149-C8FA-D2A4-AF82-12DF17AE4E1E,2026-ncaa-d0-natl,genius_ncaa,163,80,279,147,291,219,213,262,114,199,256,102,220,229,174,169,194,198,160,186,109,259,272,116,120,124,194,193,155,163,45,301,274,269,152,171,101,82,150,118,274,238,232,211,,,105,211,,36,143,286,62,97,68,75,68,78,129,132,115,84,84,75,62,49,42,249,122,65,208,205,169,,255,,58,135,82,95,73,249,101,95,207,80,56,270,108,105,105,177,94,167,70,82,239,242,201,136,143,169,125,274,47,45,53,152,89,140,215,93,132,109,190,260,307,,,209,88,,46,143,76,103,207,137,256,259,238,271,281,192,125,215,218,212,248,301,264,122,173,221,73,240,330,,41,,10,b'\x11\xe8\xe1I\xc8\xfa\xd2\xa4\xaf\x82\x12\xdf\x17\xaeN\x1e'
11E8E149-C8FA-D2A4-AF82-12DF17AE4E1E,2026-ncaa-d1-natl,genius_ncaa,163,80,271,145,286,179,158,224,94,145,212,90,171,195,145,168,207,216,165,206,182,230,242,98,108,98,218,179,234,106,24,297,261,230,129,142,121,94,120,94,190,138,166,134,,,99,153,,28,99,275,35,100,37,35,24,42,67,102,88,112,123,110,22,17,26,202,67,43,202,97,107,,223,,41,78,72,84,70,184,99,102,167,84,75,182,159,109,92,242,85,145,69,95,174,184,122,157,159,174,153,261,39,24,69,129,77,126,138,61,75,141,176,298,312,,,228,190,,45,99,87,73,135,87,222,225,245,236,260,175,166,204,172,162,239,324,278,132,190,169,38,251,339,,93,,15,b'\x11\xe8\xe1I\xc8\xfa\xd2\xa4\xaf\x82\x12\xdf\x17\xaeN\x1e'
11E8E149-C8FF-2156-AF82-12DF17AE4E1E,2010-ncaa-d0-natl,ncaa,178,224,81,203,96,89,97,143,67,65,91,70,260,266,239,284,27,35,105,33,57,115,62,114,84,166,259,301,37,75,20,113,227,77,50,223,321,337,303,312,191,254,211,240,,,332,314,,,209,67,74,137,97,117,216,64,122,286,281,23,30,31,149,61,87,149,97,264,323,229,231,,326,,,204,322,298,271,232,267,250,217,285,255,278,192,312,324,93,323,295,292,282,250,254,268,250,209,256,276,227,53,20,138,50,262,161,122,198,201,280,215,342,328,,,28,54,,,209,277,152,270,205,297,259,231,211,197,267,233,297,313,313,279,273,252,19,65,225,155,246,338,,25,,,b'\x11\xe8\xe1I\xc8\xff!V\xaf\x82\x12\xdf\x17\xaeN\x1e'
11E8E149-C8FF-2156-AF82-12DF17AE4E1E,2010-ncaa-d1-conf-AAC,ncaa,11,12,6,12,7,6,6,12,4,7,10,4,13,14,8,13,7,8,8,8,4,11,7,4,4,10,11,13,7,8,4,11,7,9,3,13,16,16,16,16,10,11,14,15,,,12,11,,,13,7,8,4,8,7,11,7,9,13,14,8,8,8,11,7,7,11,10,13,16,11,14,,12,,,13,15,15,11,13,12,10,10,14,9,15,8,13,12,14,12,10,12,10,15,15,14,12,9,9,7,7,2,4,2,3,9,5,10,9,8,14,13,16,16,,,4,2,,,13,9,8,12,11,15,14,12,11,8,14,9,11,11,11,12,11,5,2,2,8,10,13,16,,3,,,b'\x11\xe8\xe1I\xc8\xff!V\xaf\x82\x12\xdf\x17\xaeN\x1e'
11E8E149-C8FF-2156-AF82-12DF17AE4E1E,2010-ncaa-d1-natl,ncaa,189,223,91,206,105,99,107,158,68,67,97,74,270,272,241,285,30,41,104,39,56,129,70,121,86,168,256,300,34,77,21,121,232,85,51,235,321,334,305,313,211,258,221,240,,,330,315,,,212,75,75,137,100,124,218,65,126,285,281,22,30,31,152,61,90,153,102,274,323,231,231,,326,,,210,317,291,262,240,258,242,223,281,246,281,190,309,321,97,319,295,287,276,256,260,276,249,208,256,274,232,34,21,117,51,257,161,137,204,206,272,216,342,328,,,31,54,,,212,269,154,281,215,300,266,232,216,199,268,233,302,313,313,280,273,254,19,68,232,164,249,340,,25,,,b'\x11\xe8\xe1I\xc8\xff!V\xaf\x82\x12\xdf\x17\xaeN\x1e'
11E8E149-C8FF-2156-AF82-12DF17AE4E1E,2011-ncaa-d0-natl,ncaa,58,111,15,90,23,24,20,39,17,37,99,14,11,25,32,72,106,109,166,100,153,43,37,12,19,33,137,80,304,97,115,83,148,82,96,25,157,304,178,84,13,14,78,64,,,314,210,,,25,27,116,257,42,36,149,81,244,37,67,202,213,204,157,162,202,260,260,50,186,19,128,,198,,,27,272,253,269,179,191,152,244,302,321,138,309,222,245,110,240,256,272,310,213,198,82,274,274,176,232,148,211,115,229,96,300,270,9,14,47,256,140,145,101,,,38,147,,,25,315,35,61,29,98,93,58,61,13,235,261,127,138,137,47,164,97,39,37,179,14,145,78,,137,,,b'\x11\xe8\xe1I\xc8\xff!V\xaf\x82\x12\xdf\x17\xaeN\x1e'
11E8E149-C8FF-2156-AF82-12DF17AE4E1E,2011-ncaa-d1-conf-AAC,ncaa,5,5,4,5,9,4,5,6,4,7,14,3,5,4,6,4,9,9,4,9,7,10,8,4,3,4,7,5,11,13,11,11,8,13,10,6,10,11,11,9,3,3,11,10,,,9,9,,,4,4,2,8,4,4,6,7,14,4,5,9,11,11,10,8,13,11,13,6,12,3,11,,9,,,4,6,5,5,10,5,2,14,7,11,3,14,7,8,2,7,14,3,9,12,11,6,11,9,10,3,8,7,11,4,10,12,13,3,2,5,11,10,2,3,,,6,6,,,4,13,4,5,4,8,6,4,6,2,7,11,8,9,8,2,11,3,6,6,12,2,11,2,,5,,,b'\x11\xe8\xe1I\xc8\xff!V\xaf\x82\x12\xdf\x17\xaeN\x1e'
11E8E149-C8FF-2156-AF82-12DF17AE4E1E,2011-ncaa-d1-natl,ncaa,63,110,16,94,26,25,20,45,18,41,115,14,13,28,33,72,115,122,167,115,154,48,42,12,20,33,137,79,303,109,118,95,155,98,105,28,159,293,182,86,16,15,81,65,,,310,212,,,26,29,119,260,42,36,151,85,247,37,68,204,216,205,162,168,206,262,262,55,185,20,129,,200,,,28,261,237,253,185,179,127,247,300,313,136,308,211,231,111,228,256,258,307,220,206,90,273,272,175,216,155,195,118,214,105,296,271,10,14,53,247,142,136,107,,,41,148,,,26,313,36,67,29,103,97,61,65,15,235,260,128,141,139,51,162,98,38,38,182,14,146,79,,139,,,b'\x11\xe8\xe1I\xc8\xff!V\xaf\x82\x12\xdf\x17\xaeN\x1e'
11E8E149-C8FF-2156-AF82-12DF17AE4E1E,2011-ncaa-d1-ncaatournament,ncaa,9,2,9,9,9,9,9,13,2,10,14,2,7,12,11,30,13,17,14,16,29,13,12,1,1,1,33,29,37,17,20,13,14,14,9,12,36,55,42,22,6,4,21,33,,,50,28,,,9,12,23,3,5,3,36,7,39,10,29,27,30,33,37,33,43,34,41,20,39,4,36,,24,,,9,53,53,52,44,52,50,37,56,52,57,50,51,48,47,47,34,50,49,53,52,48,49,52,27,42,14,43,20,43,9,55,44,13,19,38,59,54,56,43,,,13,22,,,9,53,3,37,9,39,40,22,21,15,53,42,27,25,25,19,26,12,2,1,44,22,53,41,,25,,,b'\x11\xe8\xe1I\xc8\xff!V\xaf\x82\x12\xdf\x17\xaeN\x1e'
11E8E149-C8FF-2156-AF82-12DF17AE4E1E,2012-ncaa-d0-natl,ncaa,44,54,48,59,53,43,50,69,53,73,135,36,57,56,106,98,46,57,92,57,69,61,52,45,40,56,101,117,152,59,49,55,190,48,58,102,261,284,193,187,65,102,52,46,,,271,160,,,51,55,149,81,49,72,138,107,218,79,82,72,97,97,116,103,95,115,90,154,217,87,75,,193,,,50,236,226,295,76,146,148,160,319,335,77,333,152,183,49,183,202,287,299,129,100,85,303,318,96,285,190,116,49,205,58,181,121,57,110,82,241,162,90,71,,,51,130,,,51,290,47,104,50,150,147,211,67,40,307,336,98,127,127,189,223,234,32,93,108,97,180,50,,92,,,b'\x11\xe8\xe1I\xc8\xff!V\xaf\x82\x12\xdf\x17\xaeN\x1e'
11E8E149-C8FF-2156-AF82-12DF17AE4E1E,2012-ncaa-d1-conf-AAC,ncaa,5,6,4,6,4,4,4,7,5,8,13,5,4,5,5,5,6,7,6,7,2,7,6,5,5,5,2,3,10,6,5,4,8,5,5,11,14,9,8,9,11,12,5,5,,,6,7,,,6,8,10,1,4,4,8,8,13,4,5,5,7,7,6,8,7,4,6,11,11,12,4,,7,,,6,12,11,12,7,7,7,9,14,16,8,15,3,2,10,2,7,11,10,8,7,8,12,15,2,12,8,7,5,9,5,8,3,10,9,8,9,10,4,6,,,7,11,,,6,10,4,8,6,10,12,13,7,5,13,15,4,3,3,13,12,13,6,7,7,11,11,4,,8,,,b'\x11\xe8\xe1I\xc8\xff!V\xaf\x82\x12\xdf\x17\xaeN\x1e'
11E8E149-C8FF-2156-AF82-12DF17AE4E1E,2012-ncaa-d1-natl,ncaa,50,54,55,59,59,47,55,76,54,80,153,38,62,66,106,98,52,68,92,68,64,66,60,48,41,60,98,113,151,65,50,66,197,54,61,117,266,276,196,196,74,109,58,46,,,260,163,,,55,63,154,78,53,76,143,112,220,80,83,70,98,98,122,106,98,118,98,163,218,91,74,,193,,,53,224,216,284,81,132,128,169,319,334,84,332,141,168,53,170,202,277,293,136,105,93,302,317,96,278,197,97,50,183,61,169,122,68,117,92,230,166,83,73,,,56,125,,,55,282,50,114,54,160,152,212,71,40,308,335,100,131,130,188,221,236,32,96,110,103,185,50,,94,,,b'\x11\xe8\xe1I\xc8\xff!V\xaf\x82\x12\xdf\x17\xaeN\x1e'
11E8E149-C8FF-2156-AF82-12DF17AE4E1E,2012-ncaa-d1-ncaatournament,ncaa,17,2,17,17,17,24,20,19,28,18,25,14,34,22,55,30,20,23,22,21,21,21,22,34,32,27,44,51,21,23,19,23,39,26,29,19,16,37,24,17,20,19,26,44,,,40,30,,,16,23,29,5,25,22,17,15,32,49,27,17,25,21,15,20,21,32,30,13,23,21,41,,29,,,15,38,42,42,38,44,42,44,29,38,15,34,24,36,4,36,28,42,40,31,22,20,5,24,13,44,39,41,19,42,29,43,34,22,26,34,38,28,18,12,,,21,17,,,16,41,25,21,18,18,39,32,48,28,18,35,9,24,24,29,30,36,27,32,36,24,29,8,,15,,,b'\x11\xe8\xe1I\xc8\xff!V\xaf\x82\x12\xdf\x17\xaeN\x1e'
11E8E149-C8FF-2156-AF82-12DF17AE4E1E,2013-ncaa-d0-natl,ncaa,10,40,2,31,2,4,7,7,18,14,26,9,30,29,95,117,8,10,133,10,83,8,6,17,20,23,178,164,206,22,57,42,210,19,112,12,177,323,107,72,3,16,69,103,,,319,108,,,15,5,132,252,20,24,115,40,181,79,94,77,81,80,102,129,117,282,211,57,128,19,145,,134,,,25,329,326,330,191,308,306,238,315,328,110,279,225,232,118,224,118,332,341,207,185,63,178,247,84,325,210,296,57,321,112,321,191,3,9,37,307,124,261,138,,,7,118,,,15,341,20,62,25,87,125,80,105,50,194,230,59,59,58,65,181,139,43,64,151,11,135,141,,89,,,b'\x11\xe8\xe1I\xc8\xff!V\xaf\x82\x12\xdf\x17\xaeN\x1e'
11E8E149-C8FF-2156-AF82-12DF17AE4E1E,2013-ncaa-d1-conf-AAC,ncaa,3,5,3,5,3,3,3,5,4,3,9,4,5,6,8,5,3,3,5,3,2,5,5,4,3,4,7,7,7,8,9,9,10,8,9,5,9,8,7,7,3,2,7,6,,,9,7,,,7,3,8,11,4,5,9,6,10,7,6,5,5,5,8,10,9,12,11,6,7,3,8,,8,,,7,13,12,11,12,10,7,12,14,12,13,13,10,8,13,8,8,9,12,12,14,9,10,13,7,9,10,10,9,10,9,11,11,2,1,5,7,8,6,7,,,3,5,,,7,13,5,8,7,10,11,6,10,4,13,12,8,8,8,6,7,8,7,7,11,1,6,4,,4,,,b'\x11\xe8\xe1I\xc8\xff!V\xaf\x82\x12\xdf\x17\xaeN\x1e'
11E8E149-C8FF-2156-AF82-12DF17AE4E1E,2013-ncaa-d1-natl,ncaa,10,40,2,31,2,4,7,7,19,14,29,9,32,32,90,117,10,13,136,13,80,8,6,17,21,24,178,159,204,25,59,50,213,21,115,13,179,314,110,72,3,18,72,104,,,315,107,,,17,5,139,252,20,25,122,42,184,81,94,77,83,81,106,132,122,288,219,59,126,20,150,,135,,,25,328,324,327,198,305,302,244,311,325,113,278,214,223,126,216,120,329,341,209,192,68,176,247,86,320,213,291,59,317,115,321,193,3,12,43,300,125,258,142,,,7,116,,,17,341,22,71,25,94,127,81,108,51,198,230,60,61,60,66,180,139,42,65,156,13,137,146,,90,,,b'\x11\xe8\xe1I\xc8\xff!V\xaf\x82\x12\xdf\x17\xaeN\x1e'
11E8E149-C8FF-2156-AF82-12DF17AE4E1E,2013-ncaa-d1-ncaatournament,ncaa,2,2,1,2,1,2,2,2,10,4,4,11,1,1,11,27,2,2,31,2,16,2,2,6,7,9,23,25,31,5,43,3,41,4,43,3,38,64,40,30,2,18,5,36,,,64,34,,,10,1,17,7,11,14,40,23,47,13,23,22,21,22,38,36,44,38,47,25,39,13,39,,30,,,17,64,64,64,40,64,62,50,64,64,35,52,61,64,9,64,33,64,64,43,40,33,31,44,16,64,41,64,43,64,43,64,16,2,12,12,64,50,62,37,,,2,25,,,10,64,12,31,18,41,44,33,36,18,48,50,23,29,26,34,45,41,25,31,23,14,44,33,,26,,,b'\x11\xe8\xe1I\xc8\xff!V\xaf\x82\x12\xdf\x17\xaeN\x1e'
11E8E149-C8FF-2156-AF82-12DF17AE4E1E,2014-ncaa-d0-natl,ncaa,3,5,2,5,2,5,4,6,15,9,15,18,23,36,37,132,30,17,230,19,160,7,4,14,22,23,180,129,286,13,52,6,69,4,30,8,132,331,104,47,5,22,95,158,,,342,170,,,4,3,83,159,18,13,53,29,132,67,106,136,117,118,51,68,80,42,35,21,163,21,166,,188,,,4,288,289,341,28,293,336,51,198,302,13,182,225,284,23,288,123,342,347,26,19,7,113,140,170,318,69,303,52,325,30,234,135,2,25,17,287,82,302,156,,,6,137,,,4,346,15,6,6,32,39,129,67,149,64,156,73,108,108,103,232,139,55,70,55,28,120,185,,79,,,b'\x11\xe8\xe1I\xc8\xff!V\xaf\x82\x12\xdf\x17\xaeN\x1e'
11E8E149-C8FF-2156-AF82-12DF17AE4E1E,2014-ncaa-d1-conf-AAC,ncaa,2,2,1,2,2,2,3,2,3,3,3,3,2,2,2,3,1,1,3,1,1,1,1,2,2,2,1,2,4,1,1,4,3,3,3,2,2,5,2,2,2,2,4,5,,,9,6,,,2,1,2,4,2,3,2,3,7,2,2,1,1,1,1,1,2,5,3,2,3,2,6,,7,,,2,5,4,7,4,6,5,5,4,7,5,6,4,7,2,7,6,6,9,5,4,2,4,5,4,5,3,5,1,4,3,5,5,1,1,2,5,4,5,5,,,1,2,,,2,10,2,2,2,4,3,1,4,1,3,6,3,5,5,2,5,3,3,2,4,1,4,3,,1,,,b'\x11\xe8\xe1I\xc8\xff!V\xaf\x82\x12\xdf\x17\xaeN\x1e'
11E8E149-C8FF-2156-AF82-12DF17AE4E1E,2014-ncaa-d1-natl,ncaa,3,5,2,5,2,5,4,7,15,10,16,20,27,45,36,131,31,21,232,23,162,8,4,16,23,23,179,128,287,14,53,6,70,4,31,9,137,328,106,50,5,24,102,159,,,338,170,,,4,3,87,160,20,15,55,31,133,68,107,143,119,119,56,70,81,44,38,22,161,24,171,,191,,,4,275,278,338,29,284,335,54,188,294,13,180,208,272,24,279,122,339,347,28,20,7,111,135,167,312,70,298,53,321,31,223,133,3,26,21,271,83,299,159,,,6,137,,,4,346,15,6,6,32,41,131,74,150,65,156,75,110,110,103,228,139,55,71,57,33,118,193,,78,,,b'\x11\xe8\xe1I\xc8\xff!V\xaf\x82\x12\xdf\x17\xaeN\x1e'
11E8E149-C8FF-2156-AF82-12DF17AE4E1E,2014-ncaa-d1-ncaatournament,ncaa,5,2,5,5,5,6,5,7,8,7,10,12,2,3,3,20,12,13,10,13,40,7,7,5,4,4,19,17,43,12,34,5,11,7,14,6,27,61,37,20,3,5,23,49,,,62,50,,,3,5,15,3,6,8,23,16,34,6,17,34,38,40,28,26,44,8,21,7,36,3,50,,47,,,2,55,55,58,5,56,58,11,38,55,5,30,61,61,39,61,40,58,60,4,4,2,32,17,54,57,11,57,34,59,14,39,3,3,3,1,61,40,48,18,,,8,36,,,3,60,9,1,2,3,4,17,8,20,8,29,36,37,37,17,39,16,19,16,2,7,41,14,,36,,,b'\x11\xe8\xe1I\xc8\xff!V\xaf\x82\x12\xdf\x17\xaeN\x1e'
11E8E149-C8FF-2156-AF82-12DF17AE4E1E,2015-ncaa-d0-natl,ncaa,20,22,26,23,40,24,17,27,27,9,12,50,253,272,191,328,30,14,262,15,185,25,28,84,88,57,324,329,147,28,26,49,29,28,24,9,33,156,37,14,14,27,66,59,,,294,200,,,13,30,94,252,28,18,44,10,13,294,305,49,20,28,29,56,35,135,55,10,66,32,88,,196,,,13,187,177,239,95,157,196,133,229,270,102,247,180,221,43,220,215,246,305,114,98,21,223,245,164,113,29,222,26,188,24,94,51,14,20,11,125,45,276,102,,,29,134,,,13,321,30,14,14,47,56,51,41,47,161,190,100,121,121,38,161,30,75,35,33,29,67,216,,57,,,b'\x11\xe8\xe1I\xc8\xff!V\xaf\x82\x12\xdf\x17\xaeN\x1e'
11E8E149-C8FF-2156-AF82-12DF17AE4E1E,2015-ncaa-d1-conf-ACC,ncaa,3,3,5,3,6,6,5,7,5,3,3,5,15,15,10,15,5,3,13,3,8,7,8,7,6,3,14,15,5,6,6,6,4,6,4,2,1,5,5,2,4,2,10,10,,,7,6,,,3,9,10,7,5,5,7,3,1,15,15,5,2,3,6,7,6,6,7,2,3,3,10,,5,,,3,3,5,6,7,5,6,5,6,5,10,8,4,5,2,5,7,4,8,7,6,5,7,11,5,3,4,7,6,5,4,5,5,4,3,2,8,7,11,5,,,5,2,,,3,10,4,3,3,2,4,2,4,5,7,7,3,3,4,1,4,3,6,5,5,4,7,11,,4,,,b'\x11\xe8\xe1I\xc8\xff!V\xaf\x82\x12\xdf\x17\xaeN\x1e'
11E8E149-C8FF-2156-AF82-12DF17AE4E1E,2015-ncaa-d1-natl,ncaa,21,22,30,23,46,27,19,30,34,9,12,55,267,282,193,330,33,16,263,17,186,27,32,89,94,62,324,329,140,32,27,57,33,30,25,10,33,122,36,14,18,30,73,61,,,284,202,,,14,36,100,250,30,21,46,10,14,294,307,52,23,29,31,63,40,141,61,11,65,34,90,,200,,,14,158,158,208,106,134,166,141,218,253,108,248,163,207,46,206,213,217,297,121,106,26,222,244,166,89,33,202,27,153,25,77,54,17,24,12,114,47,268,106,,,33,131,,,14,315,32,16,14,49,59,53,48,48,162,190,100,123,122,39,160,29,78,39,34,34,67,222,,55,,,b'\x11\xe8\xe1I\xc8\xff!V\xaf\x82\x12\xdf\x17\xaeN\x1e'
11E8E149-C8FF-2156-AF82-12DF17AE4E1E,2015-ncaa-d1-ncaatournament,ncaa,9,2,9,9,10,13,13,9,46,11,9,44,33,16,57,57,6,9,12,9,29,9,9,51,45,38,46,61,5,6,7,16,14,11,17,12,22,48,12,16,3,2,10,12,,,56,50,,,8,10,24,4,22,31,13,14,3,58,47,5,8,8,8,12,5,44,18,25,16,3,16,,39,,,8,51,50,48,32,52,51,42,39,43,16,26,58,57,55,57,39,49,51,24,36,15,26,15,49,42,14,56,7,51,17,39,5,4,2,1,38,8,59,39,,,12,24,,,8,54,23,6,8,16,9,7,24,14,12,15,40,31,29,6,25,10,34,17,1,4,10,47,,16,,,b'\x11\xe8\xe1I\xc8\xff!V\xaf\x82\x12\xdf\x17\xaeN\x1e'
11E8E149-C8FF-2156-AF82-12DF17AE4E1E,2016-ncaa-d0-natl,ncaa,23,30,25,33,34,28,26,36,37,24,33,37,109,116,96,211,42,44,116,44,155,29,32,46,49,46,231,219,187,12,7,131,78,49,25,15,67,220,84,43,22,21,182,205,,,277,216,,,23,54,197,280,45,37,95,39,101,159,181,86,98,97,80,110,21,278,131,21,108,40,233,,168,,,22,214,216,194,226,219,200,218,189,161,229,154,192,206,124,205,183,194,270,226,218,96,151,170,173,88,78,107,7,81,25,115,65,18,20,23,89,28,62,15,,,30,124,,,23,293,21,68,22,66,86,26,101,52,112,72,108,124,123,23,67,23,27,20,50,38,40,26,,93,,,b'\x11\xe8\xe1I\xc8\xff!V\xaf\x82\x12\xdf\x17\xaeN\x1e'
11E8E149-C8FF-2156-AF82-12DF17AE4E1E,2016-ncaa-d1-conf-ACC,ncaa,2,2,4,2,6,3,3,3,3,3,2,3,10,6,11,8,3,4,6,5,7,3,4,5,3,2,11,13,6,2,1,4,3,3,2,3,6,4,3,2,4,3,11,12,,,6,8,,,2,9,9,7,4,3,4,3,3,10,6,4,4,6,4,4,2,6,2,3,3,3,12,,4,,,2,2,3,5,4,4,8,4,3,2,4,3,4,6,7,4,6,4,6,3,2,2,5,4,12,2,3,2,1,2,2,1,1,4,3,2,4,2,1,1,,,4,4,,,2,6,2,2,2,1,2,1,4,8,2,3,4,5,4,1,3,2,2,2,1,4,5,1,,3,,,b'\x11\xe8\xe1I\xc8\xff!V\xaf\x82\x12\xdf\x17\xaeN\x1e'
11E8E149-C8FF-2156-AF82-12DF17AE4E1E,2016-ncaa-d1-natl,ncaa,25,30,30,33,47,34,28,45,38,31,41,41,113,127,100,209,51,56,116,53,153,39,43,56,50,50,227,217,185,15,7,158,84,59,30,18,69,194,88,44,26,26,201,208,,,265,216,,,23,65,202,282,47,39,98,42,102,161,181,85,99,99,83,113,26,283,136,23,110,45,237,,173,,,23,192,202,164,236,198,169,228,179,146,238,154,177,188,127,186,184,162,247,230,227,110,149,168,171,72,84,75,7,50,30,102,67,22,23,30,71,27,54,16,,,42,124,,,23,281,20,78,24,75,94,27,110,55,113,69,113,129,123,24,66,25,27,21,55,43,39,32,,95,,,b'\x11\xe8\xe1I\xc8\xff!V\xaf\x82\x12\xdf\x17\xaeN\x1e'
11E8E149-C8FF-2156-AF82-12DF17AE4E1E,2016-ncaa-d1-ncaatournament,ncaa,17,2,17,17,17,17,16,22,3,16,18,4,25,31,18,52,25,25,35,23,38,22,27,4,4,4,58,48,45,22,17,22,30,23,14,16,26,26,12,3,27,30,21,30,,,37,37,,,9,29,53,1,4,3,30,2,14,38,50,31,34,30,30,43,36,22,22,7,10,31,28,,25,,,6,39,40,41,24,38,38,11,49,42,48,43,36,39,19,38,27,41,34,27,23,36,52,55,25,41,30,32,17,34,14,44,38,36,51,54,5,2,7,4,,,22,25,,,9,35,4,38,6,26,23,34,15,29,50,38,23,25,21,32,13,34,6,12,34,52,2,4,,32,,,b'\x11\xe8\xe1I\xc8\xff!V\xaf\x82\x12\xdf\x17\xaeN\x1e'
11E8E149-C8FF-2156-AF82-12DF17AE4E1E,2017-ncaa-d0-natl,ncaa,9,28,3,23,4,13,9,5,27,10,9,40,42,52,42,199,88,82,184,78,312,9,9,39,52,41,276,186,331,12,43,7,56,7,28,8,108,266,47,27,72,171,90,139,,,337,197,,,14,9,147,86,25,16,28,16,41,108,159,223,235,231,43,78,54,61,32,15,69,170,160,,205,,,17,322,300,330,44,265,312,66,284,322,70,234,324,318,237,317,207,338,341,57,66,58,264,209,247,289,56,312,43,316,28,179,53,25,105,38,237,61,163,26,,,21,227,,,14,340,24,42,17,80,70,138,56,106,153,210,191,181,181,141,175,97,69,63,36,110,83,60,,167,,,b'\x11\xe8\xe1I\xc8\xff!V\xaf\x82\x12\xdf\x17\xaeN\x1e'
11E8E149-C8FF-2156-AF82-12DF17AE4E1E,2017-ncaa-d1-conf-ACC,ncaa,3,4,1,4,1,2,3,5,5,5,7,5,3,5,3,6,4,5,4,5,6,5,4,4,4,3,5,5,8,3,3,1,1,1,1,2,5,6,6,5,8,9,12,12,,,12,9,,,4,5,11,5,4,4,8,6,9,4,5,5,6,6,7,8,6,1,1,3,6,9,13,,6,,,4,6,6,10,3,6,9,5,11,12,3,13,9,10,10,8,8,12,10,3,3,4,12,11,11,3,1,5,3,2,1,3,5,8,9,7,10,9,3,2,,,3,4,,,4,10,3,3,4,4,5,5,3,5,7,12,6,5,5,4,2,3,4,2,2,12,8,2,,5,,,b'\x11\xe8\xe1I\xc8\xff!V\xaf\x82\x12\xdf\x17\xaeN\x1e'
11E8E149-C8FF-2156-AF82-12DF17AE4E1E,2017-ncaa-d1-natl,ncaa,9,28,3,25,4,13,9,6,29,10,9,45,51,66,44,198,101,96,183,94,311,10,9,42,53,45,276,185,328,13,45,7,60,7,30,8,115,247,50,30,85,183,100,146,,,333,201,,,15,10,152,87,27,16,29,19,44,111,163,229,235,231,45,84,60,65,37,15,72,176,164,,208,,,19,319,288,326,50,249,308,70,277,316,75,232,318,306,240,306,206,337,340,61,70,68,263,209,248,270,60,296,45,298,30,155,54,33,114,40,217,62,147,28,,,28,229,,,15,339,24,53,18,85,75,137,63,109,157,208,197,182,187,141,170,98,70,63,39,116,83,62,,170,,,b'\x11\xe8\xe1I\xc8\xff!V\xaf\x82\x12\xdf\x17\xaeN\x1e'
11E8E149-C8FF-2156-AF82-12DF17AE4E1E,2017-ncaa-d1-ncaatournament,ncaa,9,2,9,9,9,14,14,11,18,12,11,32,14,13,12,44,19,18,53,16,44,13,13,20,24,18,44,32,54,14,42,13,32,13,36,11,18,49,19,7,14,38,28,44,,,58,47,,,26,12,19,6,17,13,15,12,14,20,40,39,34,27,17,24,39,17,26,10,21,38,45,,47,,,20,54,53,54,20,52,50,25,53,54,29,40,59,59,38,59,52,54,53,26,29,33,50,33,48,54,32,56,42,55,36,48,21,11,39,21,45,18,50,24,,,11,30,,,26,51,22,34,23,40,26,36,24,24,34,41,50,52,53,45,41,42,43,48,22,33,16,29,,27,,,b'\x11\xe8\xe1I\xc8\xff!V\xaf\x82\x12\xdf\x17\xaeN\x1e'
11E8E149-C8FF-2156-AF82-12DF17AE4E1E,2018-ncaa-d0-natl,ncaa,2,4,1,4,1,6,6,6,7,5,6,12,48,88,21,255,34,55,41,49,308,5,4,13,15,14,305,234,309,34,69,5,25,6,24,8,146,282,59,28,36,112,66,129,,,345,232,,,4,2,204,166,29,15,100,13,65,133,236,175,238,237,118,186,182,95,118,18,60,136,162,,197,,,4,302,295,334,42,287,321,57,245,318,43,189,277,300,52,307,177,337,347,45,36,25,168,177,204,241,25,265,69,270,24,168,39,13,70,26,237,59,123,14,,,12,201,,,4,348,17,14,5,24,29,60,38,69,72,120,81,121,132,57,88,26,21,11,13,94,60,24,,207,,,b'\x11\xe8\xe1I\xc8\xff!V\xaf\x82\x12\xdf\x17\xaeN\x1e'
11E8E149-C8FF-2156-AF82-12DF17AE4E1E,2018-ncaa-d1-conf-ACC,ncaa,1,1,1,1,1,2,2,4,2,2,3,2,5,9,3,11,8,8,7,8,13,6,7,2,2,2,12,10,14,9,7,4,3,4,4,2,7,1,1,2,5,4,9,9,,,13,12,,,2,6,12,7,3,2,8,2,7,6,11,10,11,11,10,11,11,7,10,2,1,7,12,,11,,,2,2,2,7,2,6,10,4,1,4,1,3,7,8,4,8,8,9,10,1,2,1,3,2,10,5,3,3,7,3,4,1,1,4,2,2,2,2,5,2,,,4,4,,,2,9,2,2,2,1,1,2,3,6,1,1,6,6,6,2,2,2,3,1,1,7,1,5,,7,,,b'\x11\xe8\xe1I\xc8\xff!V\xaf\x82\x12\xdf\x17\xaeN\x1e'
11E8E149-C8FF-2156-AF82-12DF17AE4E1E,2018-ncaa-d1-natl,ncaa,2,4,1,4,1,6,6,9,7,5,6,13,55,101,22,256,43,73,42,65,307,8,6,13,15,14,303,233,307,42,76,7,26,8,24,8,147,259,61,28,51,120,71,134,,,343,236,,,4,4,209,168,30,15,105,14,68,137,235,179,237,237,123,198,187,104,126,19,61,145,166,,198,,,4,296,283,330,48,277,320,62,228,311,46,181,262,292,56,297,175,336,345,49,39,30,165,176,201,215,26,237,76,253,24,156,42,21,74,27,212,60,110,16,,,16,199,,,4,346,18,19,5,27,30,64,46,74,73,118,86,122,132,58,87,31,21,12,15,103,61,25,,208,,,b'\x11\xe8\xe1I\xc8\xff!V\xaf\x82\x12\xdf\x17\xaeN\x1e'
11E8E149-C8FF-2156-AF82-12DF17AE4E1E,2018-ncaa-d1-ncaatournament,ncaa,3,2,3,3,3,4,4,4,7,3,4,8,9,2,40,42,9,10,33,10,55,4,4,10,13,14,58,45,53,3,19,4,20,4,16,3,25,59,24,12,4,24,7,29,,,63,29,,,2,4,48,3,19,8,20,6,13,38,38,49,51,51,26,34,25,21,20,11,22,27,37,,27,,,3,61,59,61,4,60,60,15,56,61,6,40,63,62,13,62,33,61,61,5,4,3,31,29,36,61,20,62,19,62,16,56,22,2,18,6,57,15,58,25,,,3,41,,,2,61,9,3,3,3,3,17,11,18,19,40,18,22,22,14,17,24,17,15,8,22,14,27,,37,,,b'\x11\xe8\xe1I\xc8\xff!V\xaf\x82\x12\xdf\x17\xaeN\x1e'
11E8E149-C8FF-2156-AF82-12DF17AE4E1E,2019-ncaa-d0-natl,ncaa,5,4,7,5,11,8,8,13,12,12,35,14,23,26,36,112,58,92,41,93,223,16,22,15,16,9,193,121,306,72,118,43,189,47,118,10,117,70,11,9,48,107,34,82,,,300,118,,,7,17,167,272,15,10,61,22,146,52,84,150,215,219,75,193,195,173,181,20,14,122,67,,118,,,7,273,283,323,75,301,337,62,148,191,91,60,245,229,268,223,70,326,339,47,56,32,83,77,189,322,189,260,118,312,118,72,10,13,63,8,55,18,64,21,,,52,203,,,7,334,10,38,7,55,80,123,130,244,44,52,119,96,91,98,170,202,45,76,16,69,22,18,,207,,,b'\x11\xe8\xe1I\xc8\xff!V\xaf\x82\x12\xdf\x17\xaeN\x1e'
11E8E149-C8FF-2156-AF82-12DF17AE4E1E,2019-ncaa-d1-conf-ACC,ncaa,2,2,1,2,2,3,2,3,2,2,5,2,3,3,5,3,9,11,3,11,14,4,4,2,2,2,6,3,14,8,9,5,5,5,8,2,4,2,2,2,6,7,4,7,,,9,9,,,2,4,9,8,3,2,6,3,12,3,5,11,13,13,8,11,11,6,8,2,2,7,5,,7,,,2,1,2,8,3,9,13,2,1,2,3,2,10,11,8,9,6,7,12,1,2,1,2,1,13,8,5,8,9,11,8,1,1,2,2,1,2,2,1,1,,,7,9,,,2,12,2,1,2,1,1,2,3,12,1,2,7,5,5,3,5,7,3,4,1,3,1,1,,12,,,b'\x11\xe8\xe1I\xc8\xff!V\xaf\x82\x12\xdf\x17\xaeN\x1e'
11E8E149-C8FF-2156-AF82-12DF17AE4E1E,2019-ncaa-d1-natl,ncaa,6,4,11,5,18,10,9,18,14,15,47,14,27,40,36,111,75,117,37,117,219,23,33,15,17,9,189,122,301,102,132,52,200,56,135,11,118,48,12,10,65,118,39,89,,,272,123,,,7,26,173,272,19,14,65,26,152,54,85,156,223,227,86,204,208,184,197,23,14,133,70,,120,,,7,257,262,319,82,291,335,69,122,164,101,55,224,210,271,205,73,319,329,54,60,43,77,79,188,310,200,229,132,296,135,58,10,31,71,12,49,18,55,22,,,67,203,,,7,327,10,46,7,60,87,128,141,249,46,49,126,98,94,99,170,212,49,84,16,76,22,21,,211,,,b'\x11\xe8\xe1I\xc8\xff!V\xaf\x82\x12\xdf\x17\xaeN\x1e'
11E8E149-C8FF-2156-AF82-12DF17AE4E1E,2019-ncaa-d1-ncaatournament,ncaa,5,2,5,5,5,6,6,6,19,6,6,21,5,4,31,33,16,14,42,13,45,7,7,23,27,17,45,39,47,9,32,7,19,7,21,7,34,53,15,9,5,12,7,15,,,59,34,,,6,8,54,7,25,21,35,22,33,36,33,38,37,38,38,48,33,24,31,23,10,21,23,,21,,,3,54,54,57,7,48,54,5,58,56,23,45,53,56,18,56,35,57,57,8,8,2,46,47,39,53,19,59,32,59,21,47,12,4,11,2,49,11,53,24,,,10,38,,,6,57,15,1,3,1,1,6,3,8,22,28,15,22,23,4,8,17,30,18,4,17,11,29,,44,,,b'\x11\xe8\xe1I\xc8\xff!V\xaf\x82\x12\xdf\x17\xaeN\x1e'
11E8E149-C8FF-2156-AF82-12DF17AE4E1E,2020-ncaa-d0-natl,ncaa,5,10,8,10,12,15,11,18,14,11,24,34,95,164,24,234,203,258,45,256,327,34,51,21,28,26,282,192,323,55,40,32,154,24,41,18,131,124,65,32,133,168,8,12,,,180,102,,,10,74,266,155,34,15,88,14,59,134,213,267,303,302,128,203,100,101,71,27,66,187,16,,89,,,10,95,120,271,27,136,250,42,110,234,17,204,98,115,102,112,83,254,286,22,18,16,137,158,147,279,154,85,40,152,41,37,32,82,120,24,20,11,33,9,,,271,331,,,10,271,18,20,11,22,34,126,57,147,74,156,56,75,77,92,119,202,21,44,14,145,11,20,,330,,,b'\x11\xe8\xe1I\xc8\xff!V\xaf\x82\x12\xdf\x17\xaeN\x1e'
11E8E149-C8FF-2156-AF82-12DF17AE4E1E,2020-ncaa-d1-conf-ACC,ncaa,1,1,5,1,9,4,2,7,1,1,7,2,5,9,1,10,12,14,4,14,14,7,10,1,2,1,10,7,15,12,8,3,7,7,3,1,4,2,3,1,6,4,2,2,,,5,5,,,1,11,12,12,1,1,5,1,7,5,10,12,14,14,7,13,13,3,6,1,3,6,2,,5,,,1,1,1,5,1,2,7,1,3,5,1,8,2,3,1,4,4,5,7,1,1,1,5,6,9,10,7,2,8,6,3,1,2,8,7,2,1,1,2,2,,,14,14,,,1,5,1,1,1,1,1,5,1,6,2,5,2,4,4,3,4,10,3,6,1,8,1,2,,14,,,b'\x11\xe8\xe1I\xc8\xff!V\xaf\x82\x12\xdf\x17\xaeN\x1e'
11E8E149-C8FF-2156-AF82-12DF17AE4E1E,2020-ncaa-d1-natl,ncaa,6,10,12,10,19,23,14,31,16,14,28,36,109,176,25,234,228,276,43,274,326,53,81,22,30,28,283,192,322,70,44,44,161,28,45,24,133,101,68,34,162,183,10,12,,,152,108,,,10,106,268,150,38,16,96,16,63,139,214,267,306,304,137,208,103,106,78,31,66,200,16,,91,,,11,73,94,246,27,123,226,42,100,212,20,200,91,106,104,102,85,218,259,23,18,18,135,155,150,257,161,65,44,123,45,30,32,103,127,30,19,12,30,10,,,293,330,,,10,236,19,25,11,22,38,130,66,149,73,156,58,74,78,98,117,203,22,44,17,152,12,20,,331,,,b'\x11\xe8\xe1I\xc8\xff!V\xaf\x82\x12\xdf\x17\xaeN\x1e'
11E8E149-C8FF-2156-AF82-12DF17AE4E1E,2021-ncaa-d0-natl,ncaa,4,20,5,12,9,8,7,8,16,7,16,16,18,22,38,132,63,123,8,126,316,9,11,21,19,9,239,141,313,19,99,7,154,9,70,17,246,202,19,18,44,176,9,42,,,334,153,,,8,13,184,224,19,10,43,18,99,59,103,231,297,295,79,194,153,57,75,65,15,175,35,,173,,,9,313,307,335,40,315,337,54,213,279,41,70,333,333,168,333,143,335,335,29,35,46,94,59,254,339,154,318,99,330,70,264,79,29,179,96,145,12,221,53,,,53,287,,,8,331,6,57,10,76,83,184,138,255,43,84,187,196,193,188,174,227,64,108,63,180,9,75,,292,,,b'\x11\xe8\xe1I\xc8\xff!V\xaf\x82\x12\xdf\x17\xaeN\x1e'
11E8E149-C8FF-2156-AF82-12DF17AE4E1E,2021-ncaa-d1-conf-ACC,ncaa,1,4,3,2,5,1,1,5,1,1,5,1,2,4,2,5,10,12,1,12,14,7,7,1,1,1,9,5,14,9,11,3,7,6,9,4,11,4,1,2,3,6,2,3,,,10,8,,,1,7,12,9,2,1,6,3,10,2,6,13,14,14,9,14,13,4,9,6,1,8,3,,6,,,1,8,9,9,2,11,13,5,4,5,2,4,11,12,4,12,5,9,11,1,1,1,3,3,10,14,7,8,11,10,9,6,7,3,6,3,5,1,4,2,,,10,11,,,1,9,1,2,1,1,1,5,8,12,2,4,9,7,7,4,6,11,2,4,6,7,1,2,,13,,,b'\x11\xe8\xe1I\xc8\xff!V\xaf\x82\x12\xdf\x17\xaeN\x1e'
11E8E149-C8FF-2156-AF82-12DF17AE4E1E,2021-ncaa-d1-natl,ncaa,4,20,6,12,9,11,9,8,16,8,16,16,19,26,38,135,72,135,8,138,316,9,12,20,21,10,238,136,313,25,102,10,160,9,77,19,247,186,19,18,53,182,13,43,,,329,152,,,8,16,188,225,21,13,47,20,105,60,103,234,296,296,84,196,159,61,80,68,14,183,35,,176,,,10,308,303,334,41,314,336,54,204,270,39,70,327,326,170,326,144,334,335,29,35,50,92,57,255,339,160,312,102,328,77,257,81,34,188,100,136,12,213,55,,,60,287,,,8,329,7,63,10,78,86,186,144,255,41,83,190,196,194,191,171,233,63,111,67,185,9,75,,293,,,b'\x11\xe8\xe1I\xc8\xff!V\xaf\x82\x12\xdf\x17\xaeN\x1e'
11E8E149-C8FF-2156-AF82-12DF17AE4E1E,2021-ncaa-d1-ncaatournament,ncaa,5,2,5,5,6,6,8,6,27,9,9,31,5,3,16,25,15,15,20,15,52,7,7,21,25,24,33,19,49,7,34,7,40,6,31,8,44,58,22,26,7,32,7,25,,,60,35,,,7,6,43,7,25,25,29,29,31,18,25,47,51,52,37,41,30,14,16,33,21,32,20,,34,,,8,55,55,59,1,55,60,5,54,55,18,32,57,60,8,59,23,59,59,3,3,2,33,35,32,63,40,58,34,62,31,59,54,6,28,27,58,28,62,46,,,15,55,,,7,59,24,3,8,4,5,33,12,38,21,30,15,25,23,30,34,50,26,43,28,26,22,47,,53,,,b'\x11\xe8\xe1I\xc8\xff!V\xaf\x82\x12\xdf\x17\xaeN\x1e'
11E8E149-C8FF-2156-AF82-12DF17AE4E1E,2022-ncaa-d0-natl,ncaa,5,7,14,7,22,23,13,17,10,10,13,41,81,146,23,265,201,217,144,218,352,29,35,28,41,32,326,226,350,30,40,51,138,34,48,22,194,214,67,37,8,18,18,18,,,294,155,,,9,39,209,262,42,13,43,11,38,149,248,300,306,309,102,161,84,169,100,35,68,23,39,,142,,,10,198,161,258,42,162,256,45,148,221,61,144,292,293,166,294,235,267,319,36,54,10,219,136,295,272,138,224,40,247,48,144,138,7,19,8,84,21,229,46,,,163,335,,,9,319,22,11,7,17,15,39,32,73,58,81,171,174,174,32,137,137,27,41,32,23,21,115,,326,,,b'\x11\xe8\xe1I\xc8\xff!V\xaf\x82\x12\xdf\x17\xaeN\x1e'
11E8E149-C8FF-2156-AF82-12DF17AE4E1E,2022-ncaa-d1-conf-ACC,ncaa,2,2,14,2,14,4,3,12,1,3,8,3,8,12,1,12,14,15,8,15,15,13,14,2,3,3,15,9,15,6,1,12,6,11,2,4,4,1,5,1,6,1,3,3,,,6,12,,,2,14,7,11,2,1,3,1,2,4,10,11,12,11,3,6,3,7,4,1,4,1,4,,10,,,2,1,1,2,5,1,2,4,2,1,8,6,9,10,4,9,14,2,2,5,6,3,13,7,14,3,6,1,1,1,2,1,8,5,1,1,1,2,3,3,,,15,13,,,2,2,2,4,2,4,1,1,1,3,5,5,12,13,13,2,8,4,1,3,4,2,1,5,,13,,,b'\x11\xe8\xe1I\xc8\xff!V\xaf\x82\x12\xdf\x17\xaeN\x1e'
11E8E149-C8FF-2156-AF82-12DF17AE4E1E,2022-ncaa-d1-natl,ncaa,6,7,16,7,26,27,13,22,12,12,14,45,94,166,22,265,231,241,146,241,352,35,43,30,44,33,325,226,348,39,42,65,145,40,57,26,196,191,72,44,14,23,21,18,,,283,165,,,12,49,219,262,47,15,52,13,41,155,251,301,307,311,115,172,89,184,111,44,68,28,39,,145,,,13,160,137,225,49,144,237,51,128,193,71,144,276,280,181,281,238,247,313,42,62,13,219,138,294,254,145,201,42,217,57,130,143,11,21,13,67,22,220,55,,,193,333,,,12,313,24,15,10,19,15,39,36,79,59,78,180,179,182,38,127,136,29,43,35,28,22,128,,325,,,b'\x11\xe8\xe1I\xc8\xff!V\xaf\x82\x12\xdf\x17\xaeN\x1e'
11E8E149-C8FF-2156-AF82-12DF17AE4E1E,2022-ncaa-d1-ncaatournament,ncaa,3,2,3,3,3,4,3,3,13,3,3,16,7,6,37,47,7,7,44,7,57,3,4,21,24,17,56,47,60,5,22,7,58,4,48,6,55,63,17,20,1,1,4,14,,,66,35,,,5,4,45,5,25,12,24,12,17,38,44,49,48,49,29,40,29,60,49,36,17,1,20,,35,,,8,67,64,65,23,65,65,33,61,66,16,39,67,67,53,67,42,65,65,25,27,17,34,28,52,68,58,66,22,67,48,66,33,1,2,4,65,37,56,17,,,6,42,,,5,65,12,15,8,14,14,7,20,12,24,31,39,31,28,9,33,48,26,36,22,1,30,21,,42,,,b'\x11\xe8\xe1I\xc8\xff!V\xaf\x82\x12\xdf\x17\xaeN\x1e'
11E8E149-C8FF-2156-AF82-12DF17AE4E1E,2023-ncaa-d0-natl,ncaa,27,91,1,64,1,8,8,6,28,5,6,60,107,149,48,311,27,38,61,38,294,9,6,51,49,53,313,288,232,18,58,19,120,15,56,20,190,327,93,75,27,99,40,89,,,357,242,,,39,6,133,167,45,32,67,13,33,205,289,124,166,165,79,102,94,150,99,62,119,99,95,,245,,,52,353,346,349,166,341,353,104,322,302,311,118,349,345,225,347,243,352,356,166,190,143,263,195,274,315,120,327,58,333,56,311,140,12,79,61,192,22,113,2,,,18,176,,,39,355,42,120,51,164,125,111,122,166,180,110,253,246,243,137,196,104,46,52,120,94,30,17,,128,,,b'\x11\xe8\xe1I\xc8\xff!V\xaf\x82\x12\xdf\x17\xaeN\x1e'
11E8E149-C8FF-2156-AF82-12DF17AE4E1E,2023-ncaa-d1-conf-ACC,ncaa,4,4,1,4,1,1,1,1,2,1,1,4,6,11,1,13,3,4,5,4,10,1,1,2,2,3,11,9,13,1,1,5,6,2,3,1,6,12,6,3,5,7,11,12,,,10,9,,,4,2,11,10,3,2,5,2,4,8,12,7,8,5,6,7,4,7,5,2,6,9,13,,9,,,4,11,6,9,7,8,7,7,9,8,12,8,12,12,9,12,12,9,12,8,9,5,10,9,12,7,6,2,1,4,3,7,6,3,3,3,5,3,1,1,,,5,7,,,4,14,2,6,5,6,4,3,3,6,8,8,12,12,12,2,5,4,1,3,5,7,3,1,,5,,,b'\x11\xe8\xe1I\xc8\xff!V\xaf\x82\x12\xdf\x17\xaeN\x1e'
11E8E149-C8FF-2156-AF82-12DF17AE4E1E,2023-ncaa-d1-natl,ncaa,28,91,1,69,1,9,8,8,28,5,6,65,117,165,53,312,31,45,58,46,295,10,6,56,52,58,313,287,223,23,62,21,129,17,58,21,201,320,98,82,33,110,44,94,,,355,255,,,41,6,137,167,46,33,69,13,36,208,291,123,169,168,82,111,101,164,112,65,116,116,97,,248,,,54,353,344,347,178,337,349,111,319,289,318,117,347,339,237,339,247,351,355,191,206,164,262,194,273,303,129,315,62,323,58,305,141,17,91,73,175,24,99,2,,,19,167,,,41,355,43,141,56,180,138,113,130,163,186,109,258,250,246,145,197,109,47,54,134,101,31,19,,128,,,b'\x11\xe8\xe1I\xc8\xff!V\xaf\x82\x12\xdf\x17\xaeN\x1e'
11E8E149-C8FF-2156-AF82-12DF17AE4E1E,2023-ncaa-d1-ncaatournament,ncaa,5,2,5,5,5,6,6,5,10,4,3,15,11,12,21,56,7,7,35,7,38,5,5,14,13,9,59,53,39,9,31,6,26,6,27,8,48,57,13,15,5,16,14,41,,,66,55,,,14,6,17,7,6,4,15,3,6,39,51,22,25,25,14,23,31,31,31,23,16,20,43,,57,,,18,65,62,62,43,61,62,39,66,62,52,43,67,67,22,67,59,62,62,47,48,47,55,53,48,60,26,63,31,61,27,63,28,6,22,22,57,16,51,12,,,6,29,,,14,62,10,36,22,44,33,20,24,19,52,41,53,56,57,32,35,26,27,18,27,21,18,16,,23,,,b'\x11\xe8\xe1I\xc8\xff!V\xaf\x82\x12\xdf\x17\xaeN\x1e'
11E8E149-C8FF-2156-AF82-12DF17AE4E1E,2024-ncaa-d0-natl,ncaa,41,57,29,56,48,36,36,57,31,14,23,53,213,258,110,322,13,20,69,20,116,45,35,69,51,61,302,320,73,33,19,104,97,59,26,97,283,276,143,143,68,97,321,337,,,332,284,,,44,48,113,263,43,41,127,17,52,263,310,24,35,33,85,101,61,210,123,139,167,106,345,,260,,,47,272,266,242,238,271,231,258,199,228,136,180,262,275,136,271,234,257,302,225,231,134,149,137,215,144,97,96,19,105,26,167,80,22,44,36,215,98,292,155,,,15,42,,,44,313,41,98,47,136,135,73,168,90,129,139,185,190,189,77,172,59,12,14,85,54,123,246,,31,,,b'\x11\xe8\xe1I\xc8\xff!V\xaf\x82\x12\xdf\x17\xaeN\x1e'
11E8E149-C8FF-2156-AF82-12DF17AE4E1E,2024-ncaa-d1-conf-ACC,ncaa,5,5,4,6,9,4,5,10,1,4,5,3,13,15,2,15,3,2,9,2,2,6,6,2,1,2,12,14,1,4,2,10,9,8,3,6,11,10,11,9,7,7,14,13,,,13,11,,,5,5,6,13,3,4,11,1,6,13,15,2,1,1,8,7,4,11,10,6,10,7,14,,13,,,5,8,6,6,9,7,7,9,5,6,4,6,10,11,5,11,8,7,10,9,9,5,7,3,9,8,9,2,2,3,3,4,4,3,4,4,11,12,12,9,,,1,2,,,5,11,2,5,5,6,6,3,7,6,6,6,7,10,10,3,7,7,2,3,4,3,11,11,,2,,,b'\x11\xe8\xe1I\xc8\xff!V\xaf\x82\x12\xdf\x17\xaeN\x1e'
11E8E149-C8FF-2156-AF82-12DF17AE4E1E,2024-ncaa-d1-natl,ncaa,48,57,38,58,68,48,45,72,32,17,27,60,231,278,119,323,19,30,68,28,115,56,49,75,54,65,299,325,58,44,22,130,105,82,33,118,292,245,149,159,82,108,339,342,,,320,293,,,49,65,121,264,51,48,140,19,56,270,314,27,38,36,97,103,68,227,139,154,171,118,347,,269,,,52,258,256,213,252,266,201,273,186,213,150,177,242,257,142,253,236,231,282,243,248,154,144,134,217,122,105,65,22,72,33,151,82,38,53,54,192,104,285,167,,,22,40,,,49,299,43,120,54,156,153,78,187,91,133,146,189,198,197,79,168,66,12,15,96,70,127,252,,34,,,b'\x11\xe8\xe1I\xc8\xff!V\xaf\x82\x12\xdf\x17\xaeN\x1e'
11E8E149-C8FF-2156-AF82-12DF17AE4E1E,2024-ncaa-d1-ncaatournament,ncaa,37,3,37,37,38,43,41,40,39,41,40,39,45,55,32,50,52,56,1,55,60,42,43,41,44,41,53,41,49,39,16,37,18,37,11,47,52,13,31,39,51,42,49,37,,,30,63,,,27,44,22,5,26,18,4,14,8,32,42,44,54,53,10,12,17,20,6,38,33,38,44,,64,,,30,10,4,6,16,2,2,17,21,22,38,48,38,39,24,39,68,15,18,32,38,40,67,54,66,13,18,9,16,9,11,2,9,49,32,6,10,18,29,51,,,53,55,,,27,17,37,39,35,39,6,9,3,3,48,45,67,67,67,28,32,21,26,18,2,33,20,56,,44,,,b'\x11\xe8\xe1I\xc8\xff!V\xaf\x82\x12\xdf\x17\xaeN\x1e'
11E8E149-C8FF-2156-AF82-12DF17AE4E1E,2025-ncaa-d0-natl,genius_ncaa,71,77,54,81,60,60,54,38,101,35,32,116,154,157,155,261,78,83,181,81,245,41,40,132,133,115,281,253,216,20,18,220,188,91,80,70,188,239,94,107,51,63,310,328,,,329,290,,191,107,62,125,58,66,53,38,38,46,194,199,120,123,124,37,52,24,324,151,85,147,66,332,,277,,146,108,316,300,207,343,301,230,316,241,166,321,125,305,296,245,297,261,230,283,344,344,240,171,147,228,152,188,198,18,179,80,268,170,33,38,88,91,28,306,170,,,77,204,,119,107,299,81,211,113,236,228,67,243,114,180,86,252,233,233,87,182,85,82,73,206,43,64,283,,117,,149,b'\x11\xe8\xe1I\xc8\xff!V\xaf\x82\x12\xdf\x17\xaeN\x1e'
11E8E149-C8FF-2156-AF82-12DF17AE4E1E,2025-ncaa-d1-conf-ACC,genius_ncaa,5,4,4,4,4,10,8,8,12,7,7,14,14,14,12,17,6,3,8,3,10,8,6,14,12,11,14,18,3,3,2,16,8,10,4,11,15,12,8,13,3,3,18,18,,,17,18,,9,7,9,15,3,8,8,9,6,6,16,18,6,5,6,7,6,3,17,12,12,9,3,18,,16,,9,7,6,6,2,15,9,5,16,3,3,4,8,16,16,12,16,15,2,7,13,15,6,9,2,16,1,8,5,2,3,4,4,6,3,2,3,6,5,10,6,,,5,6,,9,7,10,7,5,7,4,4,2,7,1,3,3,15,15,15,2,2,1,3,2,5,3,6,10,,5,,11,b'\x11\xe8\xe1I\xc8\xff!V\xaf\x82\x12\xdf\x17\xaeN\x1e'
11E8E149-C8FF-2156-AF82-12DF17AE4E1E,2025-ncaa-d1-natl,genius_ncaa,78,77,72,83,77,69,61,52,107,44,43,137,169,181,157,261,95,103,185,98,243,54,58,139,140,119,278,255,213,24,20,257,196,119,87,84,196,201,96,114,69,73,317,329,,,318,293,,178,115,83,136,55,71,57,41,41,48,197,200,122,126,127,42,57,26,333,169,93,147,78,334,,281,,149,118,303,289,172,350,293,199,324,230,144,329,118,289,283,249,283,265,195,265,346,348,256,169,145,223,130,196,153,20,145,87,253,172,44,43,95,82,29,297,182,,,94,200,,125,115,277,85,231,126,249,241,71,253,114,188,87,258,239,238,88,181,89,81,77,218,48,64,287,,110,,148,b'\x11\xe8\xe1I\xc8\xff!V\xaf\x82\x12\xdf\x17\xaeN\x1e'
11E8E149-C8FF-2156-AF82-12DF17AE4E1E,2025-ncaa-d1-ncaatournament,genius_ncaa,17,2,17,17,20,26,26,20,50,27,19,53,24,19,44,44,21,25,36,25,39,20,22,48,48,41,34,40,22,15,10,36,10,27,25,24,26,25,9,11,18,10,39,42,,,43,55,,9,38,31,44,7,30,30,11,30,13,31,27,25,27,27,12,20,7,61,34,25,10,14,48,,37,,9,32,44,43,33,60,35,33,51,56,41,63,47,36,38,26,38,52,33,33,64,64,52,60,62,25,12,10,46,10,36,25,55,66,17,3,31,13,5,45,39,,,29,50,,16,38,36,24,42,34,38,33,4,18,2,58,33,25,31,32,2,7,4,37,13,57,9,4,50,,36,,15,b'\x11\xe8\xe1I\xc8\xff!V\xaf\x82\x12\xdf\x17\xaeN\x1e'
11E8E149-C8FF-2156-AF82-12DF17AE4E1E,2026-ncaa-d0-natl,genius_ncaa,17,80,2,62,4,6,5,3,34,8,7,56,5,14,28,161,24,26,63,32,236,4,6,30,28,14,175,125,275,13,88,5,47,4,46,18,212,124,6,18,38,109,166,276,,,273,47,,59,14,8,173,97,18,22,27,35,79,39,91,104,156,160,36,143,102,48,51,51,9,120,294,,45,,19,21,319,341,353,98,347,344,210,258,343,7,263,141,235,6,233,66,353,354,76,42,48,29,125,31,291,47,347,88,330,46,259,41,35,135,76,141,17,150,32,,,30,246,,127,14,357,16,49,21,53,111,168,165,122,59,233,18,49,46,102,105,78,128,87,46,145,22,43,,228,,234,b'\x11\xe8\xe1I\xc8\xff!V\xaf\x82\x12\xdf\x17\xaeN\x1e'
11E8E149-C8FF-2156-AF82-12DF17AE4E1E,2026-ncaa-d1-conf-ACC,genius_ncaa,1,1,1,1,1,6,4,9,5,3,5,5,9,10,6,10,4,5,1,5,8,9,9,6,4,4,9,10,6,8,6,4,1,6,4,6,8,3,6,5,7,7,9,9,,,1,3,,1,4,7,7,1,6,4,9,3,5,9,10,4,5,5,9,9,8,4,6,6,3,7,9,,1,,1,4,1,4,1,8,5,1,8,3,4,3,7,1,4,1,4,8,1,1,7,4,5,1,5,1,1,1,3,6,1,4,1,1,2,2,1,1,3,3,4,,,3,1,,2,4,3,5,3,4,1,4,1,5,1,3,4,1,4,4,1,1,1,3,1,1,2,1,3,,3,,2,b'\x11\xe8\xe1I\xc8\xff!V\xaf\x82\x12\xdf\x17\xaeN\x1e'
11E8E149-C8FF-2156-AF82-12DF17AE4E1E,2026-ncaa-d1-natl,genius_ncaa,18,80,2,67,6,7,6,5,38,9,9,68,9,21,28,160,33,44,60,49,238,4,12,35,32,14,159,120,270,27,108,8,55,7,59,19,233,88,9,19,56,139,209,294,,,232,54,,40,14,13,200,100,19,24,38,41,90,46,102,112,164,175,52,171,120,58,61,64,11,157,305,,48,,18,22,302,334,349,131,341,335,251,228,339,7,261,99,189,7,187,69,344,346,106,64,69,28,125,30,255,55,331,108,317,59,228,44,59,168,101,108,22,120,34,,,44,236,,149,14,351,16,69,22,71,146,175,201,125,62,242,21,58,57,118,103,83,151,97,55,188,22,41,,223,,234,b'\x11\xe8\xe1I\xc8\xff!V\xaf\x82\x12\xdf\x17\xaeN\x1e'
11E8E149-C903-6AD6-AF82-12DF17AE4E1E,2010-ncaa-d0-natl,ncaa,178,145,241,177,244,238,215,293,53,283,327,87,52,107,13,27,335,343,93,343,315,313,329,28,38,56,61,16,341,338,340,282,182,333,308,81,9,28,162,26,290,258,176,135,,,172,310,,,220,310,316,22,217,168,292,275,326,25,62,333,342,342,322,336,337,270,335,32,56,277,163,,243,,,221,106,73,52,240,77,38,278,156,162,172,250,216,180,290,181,285,68,38,257,284,315,243,193,269,59,182,84,340,58,308,176,273,312,259,295,61,209,1,2,,,330,234,,,220,37,123,314,206,192,145,79,135,50,200,215,267,227,231,102,51,120,149,124,237,294,112,1,,327,,,b'\x11\xe8\xe1I\xc9\x03j\xd6\xaf\x82\x12\xdf\x17\xaeN\x1e'
11E8E149-C903-6AD6-AF82-12DF17AE4E1E,2010-ncaa-d1-conf-Horizon,ncaa,5,5,7,5,7,7,7,8,7,9,10,7,1,2,2,1,10,10,4,10,10,10,10,5,6,6,1,1,10,10,10,8,8,10,9,5,3,1,5,2,9,9,2,2,,,8,8,,,8,10,10,2,6,6,6,9,10,1,1,10,10,10,9,10,10,7,10,2,1,9,2,,8,,,8,6,3,3,8,6,3,6,3,3,7,2,10,10,9,10,9,4,1,7,8,9,6,2,10,5,8,7,10,6,9,1,1,9,6,6,1,4,1,2,,,10,7,,,8,1,6,9,7,8,5,3,8,5,4,4,10,10,10,6,3,7,9,9,3,7,1,1,,9,,,b'\x11\xe8\xe1I\xc9\x03j\xd6\xaf\x82\x12\xdf\x17\xaeN\x1e'
11E8E149-C903-6AD6-AF82-12DF17AE4E1E,2010-ncaa-d1-natl,ncaa,166,145,191,167,194,224,207,295,55,276,327,78,51,97,16,30,328,341,80,341,296,313,331,29,38,60,58,19,337,339,340,259,162,336,307,73,8,37,177,28,289,260,178,146,,,198,312,,,219,303,313,22,216,179,298,276,327,34,65,327,339,338,321,334,337,256,335,31,66,279,174,,247,,,220,137,105,67,242,108,50,272,165,176,180,237,233,197,303,196,274,81,47,251,287,314,237,187,268,60,162,100,340,70,307,202,273,303,257,295,78,209,1,2,,,318,216,,,219,54,128,310,208,198,156,85,141,57,199,201,266,225,224,106,53,91,149,110,241,290,115,1,,320,,,b'\x11\xe8\xe1I\xc9\x03j\xd6\xaf\x82\x12\xdf\x17\xaeN\x1e'
11E8E149-C903-6AD6-AF82-12DF17AE4E1E,2011-ncaa-d0-natl,ncaa,229,242,170,242,194,195,183,262,87,240,317,60,55,64,69,22,298,306,201,305,195,277,285,43,67,96,61,23,321,340,340,158,276,305,336,81,18,103,218,65,263,280,34,20,,,88,66,,,266,197,168,113,185,177,270,258,322,35,40,314,315,313,299,310,341,120,324,54,140,271,18,,102,,,260,244,225,260,150,137,147,150,329,315,243,312,167,154,261,152,174,248,188,208,194,270,304,320,118,295,276,247,340,285,336,304,301,282,305,322,285,324,9,45,,,300,265,,,266,156,196,303,259,278,259,300,161,181,333,334,187,165,167,296,248,307,279,310,306,282,292,11,,315,,,b'\x11\xe8\xe1I\xc9\x03j\xd6\xaf\x82\x12\xdf\x17\xaeN\x1e'
11E8E149-C903-6AD6-AF82-12DF17AE4E1E,2011-ncaa-d1-conf-Horizon,ncaa,8,8,3,8,4,6,6,7,4,6,7,4,3,6,3,2,10,9,9,9,8,7,8,4,5,5,6,4,10,10,10,2,10,9,9,2,2,9,9,3,7,7,1,1,,,7,3,,,8,4,4,4,7,5,9,6,8,3,5,10,9,9,10,10,10,3,9,2,9,7,1,,8,,,8,9,8,9,3,7,10,2,9,9,7,8,9,9,4,9,6,10,10,3,3,5,9,7,7,10,10,9,10,10,9,7,4,7,8,7,9,10,2,4,,,9,8,,,8,7,8,7,8,7,7,9,7,9,9,9,8,8,8,10,10,10,8,10,7,7,9,2,,9,,,b'\x11\xe8\xe1I\xc9\x03j\xd6\xaf\x82\x12\xdf\x17\xaeN\x1e'
11E8E149-C903-6AD6-AF82-12DF17AE4E1E,2011-ncaa-d1-natl,ncaa,226,240,132,237,153,179,173,243,84,233,311,55,56,59,75,26,291,295,198,295,182,261,271,43,66,88,66,25,315,338,341,135,273,306,334,65,18,120,213,62,251,276,34,22,,,91,63,,,257,164,165,122,178,167,265,251,318,38,47,303,302,302,292,304,340,131,324,48,138,265,18,,97,,,253,266,251,275,156,158,169,149,330,316,250,309,175,154,280,155,158,267,228,211,203,268,298,320,113,302,273,265,341,300,334,310,302,260,285,319,294,322,14,58,,,284,259,,,257,183,191,298,248,276,263,299,166,183,333,330,180,148,150,287,250,302,279,308,307,266,287,18,,309,,,b'\x11\xe8\xe1I\xc9\x03j\xd6\xaf\x82\x12\xdf\x17\xaeN\x1e'
11E8E149-C903-6AD6-AF82-12DF17AE4E1E,2012-ncaa-d0-natl,ncaa,198,202,163,207,221,127,122,194,51,142,174,132,97,207,2,187,196,236,58,234,247,205,216,44,47,52,137,106,247,284,273,176,303,239,279,87,79,101,152,69,216,239,38,27,,,110,65,,,173,183,134,262,96,92,175,121,160,86,203,191,239,232,195,230,291,154,246,55,135,215,29,,124,,,175,226,207,247,132,155,132,198,293,311,91,316,218,178,299,181,206,242,215,164,175,223,285,280,183,312,303,105,273,220,279,227,207,236,271,259,233,265,59,59,,,272,262,,,173,161,92,266,169,263,235,303,181,173,302,331,241,207,209,299,272,325,141,264,241,232,241,69,,284,,,b'\x11\xe8\xe1I\xc9\x03j\xd6\xaf\x82\x12\xdf\x17\xaeN\x1e'
11E8E149-C903-6AD6-AF82-12DF17AE4E1E,2012-ncaa-d1-conf-Horizon,ncaa,6,6,7,6,9,5,5,7,3,5,3,5,7,10,1,10,4,7,2,6,9,8,7,4,3,3,10,8,7,8,7,7,10,8,8,3,3,4,5,3,8,9,1,1,,,4,3,,,7,6,4,7,4,3,5,2,1,6,10,4,6,5,5,5,7,3,5,2,5,7,1,,5,,,7,9,8,8,5,8,9,5,8,7,3,6,10,8,9,8,6,9,8,4,6,7,6,5,8,10,10,3,7,9,8,5,3,7,8,9,8,9,4,4,,,10,9,,,7,5,5,10,6,10,8,10,8,9,9,9,10,10,10,10,10,10,4,9,5,7,9,4,,8,,,b'\x11\xe8\xe1I\xc9\x03j\xd6\xaf\x82\x12\xdf\x17\xaeN\x1e'
11E8E149-C903-6AD6-AF82-12DF17AE4E1E,2012-ncaa-d1-natl,ncaa,208,201,196,213,263,147,142,223,53,157,197,139,106,218,2,187,214,260,56,253,246,234,256,47,48,54,133,102,244,304,280,203,307,267,288,97,82,88,153,73,234,244,42,30,,,88,69,,,190,217,137,262,105,99,183,125,164,88,205,197,242,233,206,233,292,156,251,57,133,222,30,,126,,,191,211,197,230,136,144,115,203,286,308,99,315,204,164,302,168,205,222,186,174,181,228,283,279,185,306,307,86,280,197,288,215,210,259,275,261,223,267,50,62,,,293,266,,,190,129,95,268,183,271,238,304,192,177,303,330,253,209,216,301,270,326,143,269,244,241,245,70,,283,,,b'\x11\xe8\xe1I\xc9\x03j\xd6\xaf\x82\x12\xdf\x17\xaeN\x1e'
11E8E149-C903-6AD6-AF82-12DF17AE4E1E,2013-ncaa-d0-natl,ncaa,128,145,80,146,104,83,72,79,99,62,76,108,143,146,155,190,124,131,161,133,208,79,155,116,125,50,224,192,214,258,310,149,253,200,314,101,186,4,2,15,62,76,54,43,,,96,50,,,153,119,160,267,90,72,90,72,103,158,167,148,156,159,90,246,285,206,269,101,3,72,58,,58,,,153,297,284,274,231,206,136,254,336,333,260,326,157,146,249,142,171,269,262,285,263,267,305,323,80,280,253,321,310,319,314,300,255,143,190,246,26,25,190,134,,,158,193,,,153,243,68,275,143,263,254,244,143,68,333,331,136,109,108,218,206,243,306,297,277,174,26,171,,225,,,b'\x11\xe8\xe1I\xc9\x03j\xd6\xaf\x82\x12\xdf\x17\xaeN\x1e'
11E8E149-C903-6AD6-AF82-12DF17AE4E1E,2013-ncaa-d1-conf-Horizon,ncaa,2,3,1,3,1,2,2,1,4,1,1,4,9,7,9,9,2,1,4,1,7,1,1,6,5,3,9,9,3,7,9,3,7,5,9,3,6,1,1,2,1,2,1,1,,,3,1,,,3,1,3,5,4,3,5,1,2,9,9,3,3,3,4,6,8,6,8,4,1,1,1,,1,,,3,7,8,8,3,5,6,3,8,8,6,6,6,5,4,7,6,8,9,4,4,3,7,7,3,9,7,9,9,9,9,6,4,3,3,3,3,2,4,2,,,2,3,,,3,9,3,3,3,3,3,5,2,4,6,7,4,4,4,4,7,9,8,8,5,3,2,3,,5,,,b'\x11\xe8\xe1I\xc9\x03j\xd6\xaf\x82\x12\xdf\x17\xaeN\x1e'
11E8E149-C903-6AD6-AF82-12DF17AE4E1E,2013-ncaa-d1-natl,ncaa,135,145,90,150,123,94,83,91,106,70,90,110,152,154,156,190,136,141,160,143,207,95,177,121,128,50,220,192,210,268,313,166,258,224,318,109,193,3,2,15,70,80,59,43,,,84,51,,,163,143,164,267,92,78,92,76,108,158,167,148,157,159,93,248,287,209,273,107,3,81,60,,59,,,163,286,276,262,237,188,109,257,334,331,262,325,151,133,254,130,172,255,243,288,272,272,305,323,82,270,258,319,313,315,318,296,254,156,196,253,20,25,184,139,,,181,188,,,163,216,70,281,154,267,257,246,148,70,332,331,137,112,110,221,205,244,306,301,280,181,26,177,,224,,,b'\x11\xe8\xe1I\xc9\x03j\xd6\xaf\x82\x12\xdf\x17\xaeN\x1e'
11E8E149-C903-6AD6-AF82-12DF17AE4E1E,2014-ncaa-d0-natl,ncaa,239,282,85,266,121,219,168,135,226,130,106,235,234,212,253,215,306,303,240,300,334,172,173,247,275,260,303,221,311,292,333,113,248,198,313,67,14,153,157,59,146,191,13,6,,,209,163,,,303,130,183,258,295,226,200,164,139,254,232,327,322,322,257,274,318,153,262,61,108,183,11,,159,,,293,267,229,242,141,136,152,137,317,310,258,298,242,282,43,282,290,263,248,193,182,212,323,316,197,295,248,321,333,322,313,299,312,169,236,280,235,241,280,231,,,250,282,,,303,231,296,247,290,223,179,202,103,87,317,308,214,254,253,233,203,278,298,298,281,216,204,264,,312,,,b'\x11\xe8\xe1I\xc9\x03j\xd6\xaf\x82\x12\xdf\x17\xaeN\x1e'
11E8E149-C903-6AD6-AF82-12DF17AE4E1E,2014-ncaa-d1-conf-MVC,ncaa,8,8,3,8,4,9,6,6,6,5,5,7,7,7,8,5,10,10,9,10,10,7,8,7,9,9,10,6,9,10,10,2,9,9,10,1,1,4,6,3,5,6,1,1,,,5,5,,,8,7,7,6,9,7,9,5,6,7,7,10,10,10,10,10,10,3,8,2,4,7,1,,5,,,8,5,4,7,1,1,4,1,9,8,7,8,8,9,3,9,8,9,6,4,4,4,10,10,8,10,9,9,10,10,10,7,8,8,7,6,4,8,5,6,,,10,10,,,8,6,9,4,8,4,3,5,2,4,8,8,9,8,8,7,6,10,10,10,6,7,5,6,,10,,,b'\x11\xe8\xe1I\xc9\x03j\xd6\xaf\x82\x12\xdf\x17\xaeN\x1e'
11E8E149-C903-6AD6-AF82-12DF17AE4E1E,2014-ncaa-d1-natl,ncaa,252,282,100,271,137,240,191,158,233,147,124,239,243,219,252,214,314,312,241,311,335,199,202,257,280,267,300,219,310,303,334,133,258,228,315,74,15,132,157,64,168,193,13,6,,,193,162,,,303,159,187,261,299,234,201,167,141,256,233,328,323,323,260,276,320,160,268,65,108,184,11,,160,,,302,249,212,220,149,124,133,147,317,301,261,298,231,270,47,270,289,243,226,197,190,223,323,313,194,285,258,315,334,318,315,295,312,189,241,286,218,242,278,234,,,276,281,,,303,206,298,262,298,230,188,204,107,86,318,309,216,255,254,240,200,282,298,301,283,224,205,266,,312,,,b'\x11\xe8\xe1I\xc9\x03j\xd6\xaf\x82\x12\xdf\x17\xaeN\x1e'
11E8E149-C903-6AD6-AF82-12DF17AE4E1E,2015-ncaa-d0-natl,ncaa,306,329,113,319,122,284,281,232,295,189,108,308,328,327,309,331,154,118,271,117,184,213,152,324,315,327,301,327,39,317,342,89,169,202,311,274,224,329,317,323,127,149,23,6,,,308,292,,,332,99,97,72,324,321,296,219,102,334,335,164,125,123,276,209,329,72,250,305,309,134,14,,312,,,326,274,138,221,77,61,140,43,320,300,304,273,335,330,316,328,333,269,256,130,207,214,348,299,333,249,169,325,342,318,311,230,294,153,214,211,318,311,207,167,,,126,116,,,332,247,338,229,328,262,122,204,39,99,315,295,339,327,325,284,279,251,329,321,214,171,305,197,,132,,,b'\x11\xe8\xe1I\xc9\x03j\xd6\xaf\x82\x12\xdf\x17\xaeN\x1e'
11E8E149-C903-6AD6-AF82-12DF17AE4E1E,2015-ncaa-d1-conf-MVC,ncaa,9,9,4,9,4,7,7,8,6,4,3,7,10,10,8,10,3,2,9,2,6,8,3,7,7,8,9,10,2,10,10,2,6,6,9,7,5,9,9,8,6,8,1,1,,,10,10,,,8,2,3,2,8,8,10,4,2,10,10,5,2,2,8,5,10,2,7,7,9,7,1,,10,,,8,8,3,6,1,2,6,1,8,7,10,5,10,10,6,10,10,8,9,2,4,6,10,8,10,9,6,9,10,9,9,5,7,5,7,5,8,8,2,2,,,2,3,,,8,9,9,6,8,8,3,7,2,7,9,7,10,10,10,9,9,8,9,10,5,6,8,2,,2,,,b'\x11\xe8\xe1I\xc9\x03j\xd6\xaf\x82\x12\xdf\x17\xaeN\x1e'
11E8E149-C903-6AD6-AF82-12DF17AE4E1E,2015-ncaa-d1-natl,ncaa,312,328,143,323,153,305,304,268,299,208,122,315,333,330,312,331,175,139,273,139,184,248,200,327,319,330,301,327,37,327,344,112,178,241,318,302,233,312,322,328,145,158,23,8,,,299,292,,,334,131,104,67,331,325,300,229,107,336,336,163,124,124,281,214,333,78,261,312,311,144,13,,314,,,330,255,114,190,82,52,116,47,314,292,306,271,335,328,318,326,334,246,228,144,219,228,348,299,333,231,178,319,344,312,318,216,295,180,223,215,307,314,195,174,,,146,109,,,334,215,341,247,331,271,131,206,45,103,319,293,339,329,328,285,277,256,332,323,224,181,307,200,,131,,,b'\x11\xe8\xe1I\xc9\x03j\xd6\xaf\x82\x12\xdf\x17\xaeN\x1e'
11E8E149-C903-6AD6-AF82-12DF17AE4E1E,2016-ncaa-d0-natl,ncaa,177,181,175,187,181,161,156,234,64,73,92,91,336,339,276,341,73,54,204,53,106,195,185,145,124,158,327,342,35,324,333,111,153,224,256,195,224,202,227,205,85,88,27,9,,,244,213,,,207,121,61,26,136,127,238,45,56,337,341,41,30,28,186,163,330,69,226,193,228,62,17,,273,,,208,218,114,200,75,58,111,62,291,290,236,288,322,299,333,299,318,224,231,117,179,166,343,300,324,208,153,221,333,213,256,204,279,107,136,144,200,209,296,259,,,91,41,,,207,235,212,162,201,246,141,233,60,121,301,308,324,309,309,273,308,228,246,242,219,86,213,308,,47,,,b'\x11\xe8\xe1I\xc9\x03j\xd6\xaf\x82\x12\xdf\x17\xaeN\x1e'
11E8E149-C903-6AD6-AF82-12DF17AE4E1E,2016-ncaa-d1-conf-MVC,ncaa,5,5,7,5,7,5,5,9,2,3,3,2,10,10,6,10,2,2,6,2,3,5,8,5,4,5,10,10,2,10,9,4,5,7,6,5,4,3,4,4,5,4,1,1,,,6,8,,,5,4,2,1,4,4,7,2,1,10,10,1,1,1,4,6,9,2,5,4,5,4,1,,8,,,5,6,3,5,4,2,3,4,9,9,8,9,10,8,10,8,8,6,7,5,5,6,10,9,9,5,5,4,9,5,6,7,9,4,6,7,2,3,6,6,,,3,2,,,5,7,5,6,5,9,6,8,3,4,9,9,10,8,8,9,10,8,5,7,8,3,4,7,,2,,,b'\x11\xe8\xe1I\xc9\x03j\xd6\xaf\x82\x12\xdf\x17\xaeN\x1e'
11E8E149-C903-6AD6-AF82-12DF17AE4E1E,2016-ncaa-d1-natl,ncaa,191,179,218,196,223,194,177,274,69,90,109,98,339,342,280,341,86,67,206,68,103,226,222,155,131,159,326,341,31,336,335,137,158,263,268,217,230,175,229,214,102,93,32,9,,,226,213,,,225,161,65,24,146,139,243,46,59,337,341,40,30,28,193,170,335,71,238,203,232,69,17,,274,,,225,197,92,169,82,43,82,68,281,276,242,287,316,292,335,291,319,195,197,128,187,181,342,297,325,180,158,192,335,182,268,190,277,140,145,165,181,213,291,270,,,107,35,,,225,199,222,176,215,252,153,234,69,124,300,308,328,309,309,279,307,236,249,245,226,96,218,309,,44,,,b'\x11\xe8\xe1I\xc9\x03j\xd6\xaf\x82\x12\xdf\x17\xaeN\x1e'
11E8E149-C903-6AD6-AF82-12DF17AE4E1E,2017-ncaa-d0-natl,ncaa,344,346,168,346,215,344,343,340,331,338,294,339,307,311,263,246,297,249,317,243,128,335,302,331,333,346,167,209,64,347,346,292,332,335,344,337,249,320,345,343,208,193,328,331,,,17,17,,,348,257,260,268,348,348,349,345,305,318,316,302,256,248,348,333,347,317,344,343,322,206,329,,20,,,348,291,323,247,334,287,137,343,326,319,278,330,10,14,106,13,22,196,154,336,325,334,125,318,4,303,332,252,346,288,344,340,307,269,269,343,342,347,294,331,,,258,149,,,348,103,347,340,348,313,333,302,303,136,336,328,17,16,16,235,165,312,268,302,340,267,341,299,,275,,,b'\x11\xe8\xe1I\xc9\x03j\xd6\xaf\x82\x12\xdf\x17\xaeN\x1e'
11E8E149-C903-6AD6-AF82-12DF17AE4E1E,2017-ncaa-d1-conf-MVC,ncaa,10,10,7,10,9,10,10,10,9,10,10,10,10,10,8,8,9,9,10,9,6,10,10,10,10,10,8,8,4,10,10,10,9,10,10,10,7,9,10,10,7,5,10,10,,,2,4,,,10,10,9,6,10,10,10,10,9,10,10,9,9,9,10,10,10,10,10,10,9,6,10,,2,,,10,9,10,5,10,9,3,10,9,8,7,7,2,1,4,1,2,4,3,10,10,10,3,7,2,8,9,9,10,9,10,10,10,8,7,10,9,10,7,9,,,9,5,,,10,1,10,10,10,10,10,7,9,5,10,8,2,1,1,5,5,9,10,9,10,8,9,8,,9,,,b'\x11\xe8\xe1I\xc9\x03j\xd6\xaf\x82\x12\xdf\x17\xaeN\x1e'
11E8E149-C903-6AD6-AF82-12DF17AE4E1E,2017-ncaa-d1-natl,ncaa,346,346,217,347,288,348,346,349,333,345,317,342,321,323,271,242,309,274,319,265,128,346,335,332,334,346,165,203,63,347,346,326,332,342,346,343,251,308,345,345,231,202,333,333,,,12,19,,,348,307,267,270,349,348,349,345,305,316,318,305,261,253,348,336,347,324,344,346,322,213,330,,19,,,349,278,318,217,337,274,101,344,321,311,287,330,9,12,109,11,23,150,93,340,332,340,122,319,3,293,332,228,346,269,346,339,307,294,275,345,339,348,288,339,,,291,146,,,348,48,348,346,349,320,336,301,312,140,339,327,17,16,16,238,162,315,275,307,342,272,342,299,,276,,,b'\x11\xe8\xe1I\xc9\x03j\xd6\xaf\x82\x12\xdf\x17\xaeN\x1e'
11E8E149-C903-6AD6-AF82-12DF17AE4E1E,2018-ncaa-d0-natl,ncaa,293,308,164,303,224,320,307,298,290,297,282,292,234,218,236,135,327,336,112,339,327,319,309,282,290,301,179,132,259,341,340,153,29,288,250,295,201,242,307,299,286,275,214,216,,,21,56,,,332,257,261,278,339,327,323,310,288,226,217,330,339,340,339,332,339,136,313,310,256,286,221,,32,,,328,189,225,172,284,211,139,276,236,205,252,253,59,30,325,29,50,133,76,289,272,318,145,236,49,16,29,228,340,124,250,180,113,323,307,298,277,323,241,304,,,337,323,,,332,118,328,276,325,213,254,203,229,152,256,232,71,40,41,140,55,20,252,151,183,321,289,255,,342,,,b'\x11\xe8\xe1I\xc9\x03j\xd6\xaf\x82\x12\xdf\x17\xaeN\x1e'
11E8E149-C903-6AD6-AF82-12DF17AE4E1E,2018-ncaa-d1-conf-MVC,ncaa,9,8,7,9,7,8,8,9,6,7,6,7,9,9,3,6,10,9,5,9,10,9,9,6,6,7,7,5,9,9,9,6,1,9,7,7,5,8,10,7,8,6,8,7,,,2,3,,,9,9,7,5,8,8,9,6,5,9,9,10,9,9,9,9,9,6,9,7,9,7,7,,2,,,9,6,8,4,9,9,4,9,6,6,9,7,3,2,7,3,3,3,2,9,9,9,3,5,3,1,1,4,9,3,7,7,6,9,8,8,9,9,7,8,,,9,9,,,9,2,9,8,9,8,9,7,9,6,7,7,4,2,3,6,3,1,7,4,8,9,9,7,,9,,,b'\x11\xe8\xe1I\xc9\x03j\xd6\xaf\x82\x12\xdf\x17\xaeN\x1e'
11E8E149-C903-6AD6-AF82-12DF17AE4E1E,2018-ncaa-d1-natl,ncaa,305,307,213,310,294,336,329,327,300,318,301,303,252,240,245,136,334,343,108,345,327,340,339,293,296,306,175,130,253,343,341,196,31,316,261,324,205,217,309,305,301,282,230,223,,,13,57,,,333,314,263,279,341,333,327,317,290,225,219,330,340,341,343,333,340,144,317,319,256,293,223,,33,,,333,161,204,125,292,188,99,283,223,183,263,252,44,21,325,21,51,85,32,301,291,325,137,234,48,9,31,205,341,93,261,162,113,330,312,307,266,324,230,308,,,345,324,,,333,54,336,288,330,224,263,204,241,153,260,229,77,40,40,143,52,24,256,156,186,325,292,259,,343,,,b'\x11\xe8\xe1I\xc9\x03j\xd6\xaf\x82\x12\xdf\x17\xaeN\x1e'
11E8E149-C903-6AD6-AF82-12DF17AE4E1E,2019-ncaa-d0-natl,ncaa,200,224,114,217,167,192,169,243,87,168,213,120,161,218,62,189,231,278,55,275,251,258,254,81,83,122,199,164,236,349,349,49,7,192,198,153,129,216,242,178,344,345,69,96,,,57,48,,,232,144,134,272,210,196,309,196,246,171,235,255,300,297,320,322,350,20,241,152,195,344,74,,44,,,231,225,238,261,155,206,247,108,258,225,278,195,123,99,262,102,67,243,169,164,162,261,186,258,93,30,7,270,349,158,198,244,218,320,334,330,245,273,127,151,,,223,163,,,232,221,231,202,220,204,231,266,193,257,258,210,118,95,94,242,109,21,258,138,237,330,227,120,,255,,,b'\x11\xe8\xe1I\xc9\x03j\xd6\xaf\x82\x12\xdf\x17\xaeN\x1e'
11E8E149-C903-6AD6-AF82-12DF17AE4E1E,2019-ncaa-d1-conf-MVC,ncaa,7,7,3,7,6,9,4,8,5,5,6,6,4,7,1,6,10,10,8,10,10,10,9,4,6,8,8,3,10,9,9,3,3,6,7,5,3,9,10,6,10,10,2,4,,,1,1,,,8,5,7,8,9,6,9,7,6,4,7,10,10,10,10,10,10,2,6,5,9,10,2,,1,,,8,8,8,9,5,8,10,4,5,6,7,6,2,2,2,2,2,9,6,5,4,6,4,7,2,5,3,8,9,7,7,8,6,10,10,9,9,10,4,6,,,10,10,,,8,6,9,7,8,6,8,9,8,10,5,6,2,2,2,8,5,5,7,7,7,10,9,4,,10,,,b'\x11\xe8\xe1I\xc9\x03j\xd6\xaf\x82\x12\xdf\x17\xaeN\x1e'
11E8E149-C903-6AD6-AF82-12DF17AE4E1E,2019-ncaa-d1-natl,ncaa,222,224,155,227,218,227,215,285,98,210,249,131,172,241,65,189,254,290,50,288,250,297,298,91,90,132,195,161,234,349,348,62,8,239,216,180,131,182,247,186,346,347,81,103,,,40,47,,,246,205,139,272,228,217,316,213,249,173,238,259,300,299,323,322,350,23,247,163,198,346,76,,45,,,246,191,212,233,174,179,219,113,245,198,288,189,105,82,264,84,70,204,108,185,169,276,185,255,92,21,8,237,348,114,216,225,220,334,337,336,228,278,114,159,,,257,158,,,246,159,239,222,237,214,240,272,208,259,261,210,123,97,98,246,107,21,262,152,243,334,229,128,,258,,,b'\x11\xe8\xe1I\xc9\x03j\xd6\xaf\x82\x12\xdf\x17\xaeN\x1e'
11E8E149-C903-6AD6-AF82-12DF17AE4E1E,2020-ncaa-d0-natl,ncaa,163,150,191,161,192,153,126,179,91,93,151,81,200,202,192,200,221,221,187,224,227,189,212,109,120,118,264,217,244,184,155,84,3,120,39,132,180,112,136,119,308,308,272,270,,,162,246,,,137,214,227,2,123,95,135,78,126,192,189,198,195,203,147,172,175,46,68,117,135,309,278,,190,,,137,149,174,126,225,167,96,280,187,210,123,257,107,128,84,124,188,112,78,232,210,251,164,198,124,4,3,129,155,37,39,178,173,266,239,249,194,204,233,204,,,220,189,,,137,147,117,165,134,176,200,140,186,104,200,230,132,145,143,132,89,8,151,41,198,256,207,234,,189,,,b'\x11\xe8\xe1I\xc9\x03j\xd6\xaf\x82\x12\xdf\x17\xaeN\x1e'
11E8E149-C903-6AD6-AF82-12DF17AE4E1E,2020-ncaa-d1-conf-MVC,ncaa,8,8,1,8,2,8,7,5,7,4,3,5,9,8,10,7,9,9,7,9,10,7,7,8,8,8,9,8,9,6,6,4,2,5,4,9,9,5,5,8,9,9,9,9,,,5,6,,,8,8,10,2,8,7,5,4,3,9,8,9,9,9,7,7,6,4,5,9,5,9,9,,5,,,8,5,6,5,5,7,7,6,3,5,2,4,1,5,1,5,5,5,3,5,5,8,2,3,3,3,2,7,6,5,4,5,2,10,8,7,6,7,5,5,,,9,8,,,8,4,8,7,8,5,6,5,7,7,3,5,1,5,5,5,3,3,7,5,5,10,6,5,,9,,,b'\x11\xe8\xe1I\xc9\x03j\xd6\xaf\x82\x12\xdf\x17\xaeN\x1e'
11E8E149-C903-6AD6-AF82-12DF17AE4E1E,2020-ncaa-d1-natl,ncaa,177,150,257,165,257,193,162,218,95,119,181,86,215,216,201,198,239,242,188,247,228,233,261,113,125,127,262,216,238,207,164,111,3,155,41,154,183,93,139,126,318,315,283,272,,,142,251,,,153,270,233,1,135,101,146,83,129,196,191,202,197,205,158,177,182,47,74,127,136,313,277,,199,,,152,119,151,90,235,149,66,288,170,194,128,258,99,115,84,111,191,78,44,243,224,267,163,201,121,4,3,100,164,23,41,169,178,288,250,260,170,207,217,210,,,246,188,,,153,90,123,181,144,186,209,146,198,104,201,226,137,151,149,137,89,7,152,42,204,265,211,241,,192,,,b'\x11\xe8\xe1I\xc9\x03j\xd6\xaf\x82\x12\xdf\x17\xaeN\x1e'
11E8E149-C903-6AD6-AF82-12DF17AE4E1E,2021-ncaa-d0-natl,ncaa,151,276,43,199,51,141,127,116,191,113,100,184,152,137,203,175,183,197,123,198,280,134,120,198,206,207,218,181,239,144,238,74,27,92,105,135,203,270,223,208,135,169,127,145,,,229,217,,,184,118,334,192,296,280,312,239,244,235,240,283,300,300,324,337,266,205,256,247,140,240,203,,86,,,176,209,214,217,184,209,179,266,220,267,69,274,200,213,119,216,231,215,214,179,169,169,198,202,151,109,27,270,238,218,105,260,269,129,156,218,295,269,228,174,,,160,245,,,184,223,218,119,179,45,52,24,65,19,130,175,83,96,99,14,4,11,116,37,165,250,206,143,,311,,,b'\x11\xe8\xe1I\xc9\x03j\xd6\xaf\x82\x12\xdf\x17\xaeN\x1e'
11E8E149-C903-6AD6-AF82-12DF17AE4E1E,2021-ncaa-d1-conf-MVC,ncaa,6,7,2,6,3,8,7,5,7,6,3,8,7,6,7,6,8,9,7,9,10,5,5,8,8,8,8,6,8,5,7,4,4,4,6,7,7,8,8,8,7,6,5,5,,,5,6,,,7,4,9,7,9,9,8,8,4,8,8,9,10,10,10,10,7,7,7,8,7,8,5,,3,,,7,4,4,6,7,5,6,6,4,6,1,7,4,5,2,6,4,6,5,6,6,6,4,4,4,5,4,7,7,6,6,7,8,3,4,7,8,8,7,6,,,7,8,,,7,7,8,5,7,2,2,2,5,2,3,5,2,2,3,3,2,4,5,5,6,5,7,6,,9,,,b'\x11\xe8\xe1I\xc9\x03j\xd6\xaf\x82\x12\xdf\x17\xaeN\x1e'
11E8E149-C903-6AD6-AF82-12DF17AE4E1E,2021-ncaa-d1-natl,ncaa,139,275,30,202,37,132,112,101,187,99,83,176,153,130,209,183,162,184,118,185,271,113,103,195,193,204,228,194,227,125,229,62,31,77,102,126,208,281,215,207,134,181,109,138,,,250,221,,,183,96,333,193,291,277,305,230,232,242,244,274,298,298,323,332,259,189,244,250,141,244,187,,93,,,179,225,230,237,169,226,200,253,224,277,59,267,214,231,119,232,228,233,229,161,157,166,181,190,157,140,31,271,229,233,102,272,257,126,181,226,298,268,263,193,,,132,212,,,183,246,217,122,178,47,55,31,72,24,121,174,93,110,107,22,7,13,111,42,155,260,208,161,,295,,,b'\x11\xe8\xe1I\xc9\x03j\xd6\xaf\x82\x12\xdf\x17\xaeN\x1e'
11E8E149-C903-6AD6-AF82-12DF17AE4E1E,2022-ncaa-d0-natl,ncaa,123,106,163,120,216,241,219,227,208,206,207,188,225,218,245,176,267,267,187,268,263,240,259,222,233,203,235,198,226,278,286,103,17,165,113,192,121,78,144,133,272,247,93,79,,,116,208,,,121,248,295,351,282,253,277,219,220,236,217,278,277,278,291,329,287,57,139,198,84,282,93,,123,,,119,37,31,96,24,62,133,43,13,66,7,99,212,180,310,178,211,97,90,15,29,41,127,54,319,27,17,206,286,120,113,36,160,248,193,108,131,196,147,176,,,248,197,,,121,113,228,28,108,16,12,55,58,126,13,63,217,179,179,55,25,23,241,120,41,266,142,146,,279,,,b'\x11\xe8\xe1I\xc9\x03j\xd6\xaf\x82\x12\xdf\x17\xaeN\x1e'
11E8E149-C903-6AD6-AF82-12DF17AE4E1E,2022-ncaa-d1-conf-MVC,ncaa,6,5,7,5,10,10,7,8,7,7,8,7,6,6,6,5,10,10,4,10,9,9,9,7,7,8,7,5,9,8,7,4,1,6,6,7,5,2,4,5,8,7,6,6,,,2,5,,,6,10,9,5,10,7,6,7,6,5,6,10,10,10,8,8,7,2,4,7,5,7,6,,4,,,6,1,1,3,1,2,6,2,2,2,2,2,5,3,10,3,5,2,1,1,2,4,4,2,8,2,1,6,7,3,6,1,3,8,4,3,4,6,3,3,,,10,9,,,6,1,8,3,6,2,2,4,2,7,2,2,5,5,5,3,2,3,8,6,3,7,6,3,,10,,,b'\x11\xe8\xe1I\xc9\x03j\xd6\xaf\x82\x12\xdf\x17\xaeN\x1e'
11E8E149-C903-6AD6-AF82-12DF17AE4E1E,2022-ncaa-d1-natl,ncaa,120,106,146,122,211,236,216,223,197,209,213,177,203,194,210,164,275,283,186,284,269,241,267,198,217,190,214,171,256,271,274,95,10,160,103,181,112,84,149,128,283,270,90,75,,,102,193,,,119,253,296,350,276,242,273,220,233,210,204,289,287,286,292,330,285,55,140,183,88,300,88,,100,,,121,41,36,94,36,73,134,54,19,74,11,105,203,170,312,163,195,93,78,22,44,63,131,65,308,16,10,217,274,103,103,38,158,252,206,128,148,207,145,178,,,267,220,,,119,110,220,38,112,20,17,59,63,128,19,64,206,166,158,53,21,15,231,101,48,271,152,148,,286,,,b'\x11\xe8\xe1I\xc9\x03j\xd6\xaf\x82\x12\xdf\x17\xaeN\x1e'
11E8E149-C903-6AD6-AF82-12DF17AE4E1E,2023-ncaa-d0-natl,ncaa,325,339,164,335,222,295,301,254,312,301,244,317,215,206,234,146,268,295,77,306,290,274,288,300,287,270,129,140,159,296,317,322,294,328,346,256,139,84,175,205,212,155,316,327,,,71,102,,,309,282,321,291,328,330,299,318,243,212,197,274,308,315,310,330,308,348,352,266,104,207,322,,69,,,308,163,249,119,335,268,170,312,155,96,324,147,12,10,136,10,21,82,83,327,299,300,32,181,10,160,294,253,317,229,346,275,251,223,165,287,50,121,335,353,,,303,276,,,309,69,292,303,319,181,272,112,287,176,172,101,13,12,14,51,47,186,275,262,289,215,66,346,,324,,,b'\x11\xe8\xe1I\xc9\x03j\xd6\xaf\x82\x12\xdf\x17\xaeN\x1e'
11E8E149-C903-6AD6-AF82-12DF17AE4E1E,2023-ncaa-d1-conf-Atlantic 10,ncaa,15,15,9,15,11,14,14,12,15,13,10,15,13,11,12,8,9,10,10,10,9,12,12,15,15,14,7,8,3,11,13,14,14,13,14,12,5,1,6,9,5,5,13,14,,,3,6,,,14,11,12,10,14,14,12,13,8,12,9,9,9,9,11,12,12,15,14,11,5,5,13,,4,,,14,7,11,4,14,11,6,13,9,4,15,5,1,1,4,1,1,4,4,14,14,14,4,11,1,9,14,15,13,12,14,13,13,8,5,11,1,5,15,15,,,11,7,,,14,4,14,14,14,11,13,7,12,9,9,4,1,1,1,4,3,9,15,14,14,6,2,15,,11,,,b'\x11\xe8\xe1I\xc9\x03j\xd6\xaf\x82\x12\xdf\x17\xaeN\x1e'
11E8E149-C903-6AD6-AF82-12DF17AE4E1E,2023-ncaa-d1-natl,ncaa,337,339,219,340,293,325,328,307,323,328,277,327,231,230,239,148,288,317,76,323,290,317,335,306,295,276,127,143,160,323,325,345,311,347,348,290,144,60,180,220,237,171,325,331,,,43,110,,,316,324,326,291,333,336,304,326,253,218,202,281,313,323,314,334,313,351,355,282,103,217,326,,70,,,317,122,231,70,341,246,126,319,142,78,333,146,9,8,144,8,20,37,35,333,312,310,28,180,10,136,311,224,325,198,348,268,256,255,176,301,37,122,333,354,,,327,273,,,316,27,304,318,324,193,290,114,301,180,179,99,14,12,13,55,44,192,279,271,299,222,68,347,,325,,,b'\x11\xe8\xe1I\xc9\x03j\xd6\xaf\x82\x12\xdf\x17\xaeN\x1e'
11E8E149-C903-6AD6-AF82-12DF17AE4E1E,2024-ncaa-d0-natl,ncaa,171,176,143,182,170,186,205,236,161,254,265,189,115,152,71,116,148,179,105,183,88,223,213,135,124,161,58,84,120,243,214,305,270,300,272,99,21,229,253,122,149,134,232,212,,,164,198,,,180,212,254,208,212,244,301,288,291,122,162,156,183,191,284,279,265,346,344,75,213,147,239,,156,,,180,155,169,110,288,136,109,235,232,142,339,205,88,100,124,93,148,98,138,300,279,186,201,266,84,144,270,106,214,111,272,305,345,82,48,194,161,198,287,327,,,123,44,,,180,149,177,189,182,135,163,56,130,69,229,131,92,101,97,40,92,144,99,98,309,80,157,304,,106,,,b'\x11\xe8\xe1I\xc9\x03j\xd6\xaf\x82\x12\xdf\x17\xaeN\x1e'
11E8E149-C903-6AD6-AF82-12DF17AE4E1E,2024-ncaa-d1-conf-Atlantic 10,ncaa,8,9,4,9,4,6,9,11,7,11,10,6,6,8,5,6,4,5,6,5,2,9,9,5,5,8,5,6,4,10,11,11,12,11,12,6,1,9,12,6,8,8,8,9,,,8,8,,,8,6,11,7,8,12,13,12,12,6,7,4,4,4,11,12,11,12,14,5,9,8,11,,6,,,8,7,7,8,10,9,9,10,8,5,13,6,3,7,3,5,4,8,9,10,10,8,6,10,3,11,12,8,11,8,12,14,15,5,3,12,11,12,13,14,,,3,1,,,8,10,9,8,8,7,9,6,10,5,8,6,2,3,3,5,6,8,7,6,13,4,9,13,,1,,,b'\x11\xe8\xe1I\xc9\x03j\xd6\xaf\x82\x12\xdf\x17\xaeN\x1e'
11E8E149-C903-6AD6-AF82-12DF17AE4E1E,2024-ncaa-d1-natl,ncaa,190,177,194,197,222,227,249,293,177,296,301,206,131,175,72,116,169,211,105,213,87,280,275,147,135,174,53,82,111,280,229,333,281,332,289,120,21,199,257,134,177,145,245,221,,,132,206,,,209,269,263,189,228,268,312,305,298,125,166,158,190,197,292,286,273,352,349,89,219,160,245,,160,,,209,117,142,64,299,112,79,250,214,118,345,207,76,88,129,80,146,51,87,309,293,220,199,266,84,122,281,76,229,77,289,301,347,109,58,211,139,206,280,339,,,149,41,,,209,94,187,216,208,155,181,62,146,74,241,137,97,107,103,40,90,149,105,108,314,84,159,309,,104,,,b'\x11\xe8\xe1I\xc9\x03j\xd6\xaf\x82\x12\xdf\x17\xaeN\x1e'
11E8E149-C903-6AD6-AF82-12DF17AE4E1E,2025-ncaa-d0-natl,genius_ncaa,220,199,248,221,270,311,316,309,291,341,342,259,164,135,243,42,308,303,199,304,135,319,303,246,260,284,50,48,202,246,184,354,343,343,322,196,31,222,311,219,200,148,272,232,,,230,334,,204,278,313,295,176,319,327,303,341,339,129,79,293,293,289,320,286,221,360,353,169,273,163,265,,301,,256,280,82,85,41,292,105,39,313,103,92,175,206,156,179,79,173,282,43,64,285,290,203,178,156,227,202,343,45,184,101,322,258,352,140,67,210,185,268,170,324,,,221,92,,28,278,44,296,240,290,159,145,46,160,57,148,127,200,232,228,60,101,261,108,171,313,85,236,222,,172,,22,b'\x11\xe8\xe1I\xc9\x03j\xd6\xaf\x82\x12\xdf\x17\xaeN\x1e'
11E8E149-C903-6AD6-AF82-12DF17AE4E1E,2025-ncaa-d1-conf-Atlantic 10,genius_ncaa,13,12,11,13,12,14,15,14,15,14,14,14,9,5,12,3,10,10,6,10,3,14,12,14,13,14,3,6,3,13,12,15,15,14,14,12,3,10,15,11,11,11,9,9,,,10,13,,10,14,14,9,5,14,15,13,14,13,9,4,9,9,9,13,11,13,15,14,11,10,8,9,,12,,10,14,10,11,4,14,13,5,14,6,4,9,6,9,8,10,8,10,4,4,14,14,14,6,5,9,7,15,8,12,8,14,14,14,10,7,13,9,13,12,15,,,10,5,,3,14,2,13,14,14,13,13,6,13,7,7,6,10,10,9,8,6,7,10,10,15,8,9,14,,6,,3,b'\x11\xe8\xe1I\xc9\x03j\xd6\xaf\x82\x12\xdf\x17\xaeN\x1e'
11E8E149-C903-6AD6-AF82-12DF17AE4E1E,2025-ncaa-d1-natl,genius_ncaa,246,199,304,241,319,331,334,334,306,347,349,272,185,153,242,42,322,317,199,315,133,341,334,257,274,295,51,47,202,278,198,359,347,354,328,225,31,185,319,238,231,160,287,240,,,203,336,,191,294,343,296,169,329,335,317,345,340,138,80,296,298,292,322,293,231,361,355,184,276,176,270,,305,,260,298,61,60,18,304,78,28,319,89,70,191,205,143,161,77,155,285,21,25,298,300,219,175,150,222,185,347,31,198,66,328,245,352,173,78,219,165,275,157,329,,,248,81,,32,294,19,305,255,306,170,156,50,172,58,151,129,210,238,235,62,95,266,113,175,322,97,243,227,,172,,19,b'\x11\xe8\xe1I\xc9\x03j\xd6\xaf\x82\x12\xdf\x17\xaeN\x1e'
11E8E149-C903-6AD6-AF82-12DF17AE4E1E,2026-ncaa-d0-natl,genius_ncaa,260,295,116,284,142,262,236,195,317,211,186,276,274,193,341,166,326,311,326,315,345,211,205,320,335,329,316,218,318,140,157,250,266,204,240,169,50,266,287,225,170,152,134,154,,,239,321,,263,295,211,341,97,346,314,277,264,230,309,228,351,348,350,323,316,163,331,288,196,244,192,150,,239,,265,281,181,199,144,261,247,196,246,89,91,189,73,185,170,211,168,148,150,154,233,238,214,67,73,173,199,266,203,157,211,240,316,360,164,141,290,246,265,245,239,,,232,253,,140,295,153,323,226,290,129,162,46,231,164,59,45,153,134,130,46,33,187,165,162,321,184,240,232,,292,,170,b'\x11\xe8\xe1I\xc9\x03j\xd6\xaf\x82\x12\xdf\x17\xaeN\x1e'
11E8E149-C903-6AD6-AF82-12DF17AE4E1E,2026-ncaa-d1-conf-Atlantic 10,genius_ncaa,8,8,1,8,1,13,12,11,12,14,10,12,5,10,3,9,11,5,14,5,5,11,11,12,12,13,6,4,12,11,12,13,13,14,14,7,4,11,13,10,4,4,7,6,,,7,6,,11,14,8,9,1,13,12,11,14,10,5,10,11,5,5,11,11,11,13,14,7,11,4,7,,7,,11,14,9,10,9,13,5,1,10,14,12,13,13,1,1,5,1,1,6,6,14,14,14,14,14,2,9,13,11,12,10,14,12,12,8,7,12,12,13,13,14,,,12,10,,8,14,3,13,13,14,9,10,9,5,1,14,12,1,1,1,6,6,9,11,10,12,8,12,13,,12,,8,b'\x11\xe8\xe1I\xc9\x03j\xd6\xaf\x82\x12\xdf\x17\xaeN\x1e'
11E8E149-C903-6AD6-AF82-12DF17AE4E1E,2026-ncaa-d1-natl,genius_ncaa,301,294,177,317,197,329,315,276,336,292,253,299,312,256,347,164,353,347,332,351,348,291,282,339,349,348,317,214,317,203,191,318,289,296,281,245,54,217,310,257,239,193,174,167,,,196,327,,246,320,286,347,100,358,340,309,302,249,321,240,359,350,353,343,327,191,346,323,238,264,236,158,,256,,271,319,133,153,78,295,205,144,283,58,36,213,67,137,122,222,122,154,80,78,276,283,265,58,68,161,153,289,147,191,150,281,305,361,238,176,315,200,289,227,270,,,288,243,,162,320,70,343,277,323,163,200,50,265,175,62,40,162,139,135,58,33,197,184,183,333,223,251,254,,296,,155,b'\x11\xe8\xe1I\xc9\x03j\xd6\xaf\x82\x12\xdf\x17\xaeN\x1e'
11E8E149-C908-3D4A-AF82-12DF17AE4E1E,2010-ncaa-d0-natl,ncaa,178,174,178,185,207,219,223,243,184,233,252,183,143,146,135,105,207,249,57,242,184,247,264,166,155,154,106,103,188,332,338,149,54,257,270,254,266,87,161,210,142,121,300,316,,,73,95,,,161,205,158,201,225,229,246,240,257,125,129,201,252,239,257,279,335,97,281,265,118,130,301,,86,,,161,92,151,173,142,216,248,134,38,51,93,55,60,41,278,40,21,132,128,107,94,112,24,62,83,55,54,240,338,163,270,90,84,213,181,158,99,170,89,135,,,235,151,,,161,152,220,87,154,112,177,206,254,294,44,51,74,56,49,155,147,64,281,212,120,202,130,93,,231,,,b'\x11\xe8\xe1I\xc9\x08=J\xaf\x82\x12\xdf\x17\xaeN\x1e'
11E8E149-C908-3D4A-AF82-12DF17AE4E1E,2010-ncaa-d1-conf-MAAC,ncaa,6,5,7,6,8,4,5,6,5,6,7,2,4,4,7,2,6,9,2,9,6,6,9,4,3,4,6,4,6,10,10,4,2,8,7,7,9,2,6,5,6,5,10,10,,,4,4,,,4,5,1,5,3,3,2,6,6,4,2,6,8,7,2,4,10,2,7,6,5,5,9,,4,,,4,5,7,8,7,10,10,8,1,1,1,1,6,4,9,3,1,6,5,4,3,7,1,1,6,1,2,8,10,6,7,4,1,7,7,4,4,5,3,4,,,8,6,,,4,6,5,4,4,9,9,10,10,10,1,1,6,6,4,9,10,1,10,8,5,7,5,3,,7,,,b'\x11\xe8\xe1I\xc9\x08=J\xaf\x82\x12\xdf\x17\xaeN\x1e'
11E8E149-C908-3D4A-AF82-12DF17AE4E1E,2010-ncaa-d1-natl,ncaa,189,174,191,191,227,236,239,259,188,246,268,186,149,153,138,104,217,259,57,254,185,270,286,172,157,159,106,105,185,335,338,162,56,277,276,274,272,73,162,214,155,126,303,317,,,60,96,,,172,229,161,186,230,232,248,245,260,127,129,199,250,241,257,282,335,100,283,275,116,135,302,,85,,,173,70,136,157,145,209,239,137,33,39,97,55,56,38,279,36,20,117,111,111,98,118,24,62,83,47,56,230,338,148,276,83,88,232,186,162,93,172,86,139,,,252,150,,,172,126,223,96,167,114,184,210,257,296,44,52,75,57,50,156,148,65,285,215,122,211,127,95,,231,,,b'\x11\xe8\xe1I\xc9\x08=J\xaf\x82\x12\xdf\x17\xaeN\x1e'
11E8E149-C908-3D4A-AF82-12DF17AE4E1E,2011-ncaa-d0-natl,ncaa,71,111,26,98,29,137,152,108,199,231,267,152,30,16,161,14,210,242,108,233,147,130,117,141,150,172,35,20,259,315,337,22,56,111,262,172,195,251,220,221,66,107,138,185,,,129,54,,,152,59,252,80,256,259,278,310,332,52,28,288,312,306,303,311,334,45,267,250,138,116,174,,39,,,153,196,223,302,46,240,311,51,149,222,47,162,132,148,100,143,55,298,283,36,24,66,89,144,106,224,56,337,337,323,262,157,89,157,248,157,274,249,73,139,,,187,249,,,152,284,233,58,151,65,100,201,123,218,97,146,67,80,75,156,101,112,262,203,73,263,191,39,,309,,,b'\x11\xe8\xe1I\xc9\x08=J\xaf\x82\x12\xdf\x17\xaeN\x1e'
11E8E149-C908-3D4A-AF82-12DF17AE4E1E,2011-ncaa-d1-conf-MAAC,ncaa,2,2,1,2,1,2,2,3,2,2,8,2,2,1,3,1,1,3,2,3,2,3,3,2,2,2,3,2,8,10,10,1,2,2,7,3,6,5,5,4,4,4,4,9,,,5,3,,,2,1,4,4,2,2,4,4,10,2,2,3,5,5,5,6,10,1,4,4,4,4,7,,4,,,3,6,9,10,3,9,10,4,4,9,1,6,5,5,2,5,3,10,10,2,2,4,2,5,3,9,2,10,10,10,7,5,2,6,9,8,8,7,4,4,,,2,3,,,2,10,3,3,3,5,6,10,8,10,4,8,3,5,5,8,7,7,8,7,4,9,5,2,,4,,,b'\x11\xe8\xe1I\xc9\x08=J\xaf\x82\x12\xdf\x17\xaeN\x1e'
11E8E149-C908-3D4A-AF82-12DF17AE4E1E,2011-ncaa-d1-natl,ncaa,76,110,28,103,30,154,173,128,206,253,287,158,34,19,164,14,224,253,109,247,146,151,137,145,155,175,31,19,259,322,337,23,57,125,268,188,199,243,220,223,78,113,149,193,,,115,55,,,160,72,255,80,257,266,284,313,332,54,31,287,315,309,303,312,335,48,267,255,139,126,178,,41,,,162,180,210,297,49,228,304,54,137,211,47,159,121,141,101,137,55,292,273,38,27,72,88,144,105,209,57,337,337,319,268,142,89,179,256,166,265,253,72,146,,,204,246,,,160,273,236,63,158,69,103,201,129,219,98,146,68,78,75,160,98,116,266,206,75,273,196,42,,311,,,b'\x11\xe8\xe1I\xc9\x08=J\xaf\x82\x12\xdf\x17\xaeN\x1e'
11E8E149-C908-3D4A-AF82-12DF17AE4E1E,2012-ncaa-d0-natl,ncaa,198,202,163,207,221,233,269,284,202,287,311,146,141,109,233,58,138,175,77,179,28,279,272,170,136,176,50,89,62,320,307,222,98,284,226,231,112,180,261,233,80,43,210,190,,,176,266,,,189,235,212,262,243,290,312,302,321,129,95,124,164,170,297,287,326,222,301,234,202,60,217,,212,,,187,92,72,76,142,71,78,151,150,156,157,208,179,146,291,154,225,87,90,152,179,169,247,200,256,63,98,112,307,74,226,165,273,196,146,185,215,271,42,160,,,248,169,,,189,117,230,148,185,126,107,88,95,73,160,180,205,166,177,103,89,65,147,98,194,188,227,51,,251,,,b'\x11\xe8\xe1I\xc9\x08=J\xaf\x82\x12\xdf\x17\xaeN\x1e'
11E8E149-C908-3D4A-AF82-12DF17AE4E1E,2012-ncaa-d1-conf-MAAC,ncaa,6,4,7,6,9,6,6,6,6,6,6,3,7,6,8,6,4,4,6,5,4,7,7,7,8,5,7,7,4,6,8,8,1,8,8,7,7,3,4,5,3,2,5,5,,,4,5,,,4,7,4,6,4,4,5,5,6,7,5,3,3,4,5,6,6,7,5,7,4,2,4,,4,,,4,4,3,2,5,2,3,4,3,5,6,8,5,4,10,4,6,2,2,4,4,5,7,7,6,1,1,5,8,3,8,5,9,6,4,6,3,4,5,5,,,8,4,,,4,4,4,4,4,4,5,5,4,5,5,7,5,5,5,4,4,2,7,5,6,5,4,6,,5,,,b'\x11\xe8\xe1I\xc9\x08=J\xaf\x82\x12\xdf\x17\xaeN\x1e'
11E8E149-C908-3D4A-AF82-12DF17AE4E1E,2012-ncaa-d1-natl,ncaa,208,201,196,213,263,253,286,306,212,306,321,155,149,120,232,56,151,188,76,190,28,304,301,178,141,178,48,87,57,327,310,253,105,306,235,249,114,154,265,241,88,44,223,195,,,153,268,,,202,265,217,262,251,295,314,310,323,128,97,125,164,172,299,288,327,232,304,240,203,64,223,,213,,,202,72,58,49,146,61,56,158,140,140,161,207,168,130,296,138,232,58,60,162,186,181,246,196,257,50,105,92,310,51,235,150,274,222,154,196,198,271,35,167,,,270,167,,,202,84,239,154,200,130,113,89,99,75,164,180,207,170,181,103,89,68,151,101,200,197,229,51,,255,,,b'\x11\xe8\xe1I\xc9\x08=J\xaf\x82\x12\xdf\x17\xaeN\x1e'
11E8E149-C908-3D4A-AF82-12DF17AE4E1E,2013-ncaa-d0-natl,ncaa,212,216,183,221,203,295,296,288,288,313,310,246,176,121,272,59,287,290,167,284,159,295,306,266,269,265,82,87,185,304,305,222,101,290,259,281,194,84,199,241,164,99,287,234,,,74,158,,,235,297,310,112,315,313,307,318,311,161,99,285,292,287,314,316,306,215,295,289,112,152,286,,96,,,236,46,33,54,73,15,16,106,241,262,139,320,139,99,310,96,236,52,50,122,148,158,327,305,231,49,101,191,305,122,259,140,303,234,173,208,139,230,139,250,,,282,196,,,235,55,284,135,238,70,47,53,20,11,270,285,163,118,111,53,39,74,230,154,161,232,158,155,,283,,,b'\x11\xe8\xe1I\xc9\x08=J\xaf\x82\x12\xdf\x17\xaeN\x1e'
11E8E149-C908-3D4A-AF82-12DF17AE4E1E,2013-ncaa-d1-conf-MAAC,ncaa,8,8,7,8,7,10,10,8,6,7,8,5,7,6,10,4,7,7,10,6,5,8,9,7,9,7,8,7,6,7,9,6,2,7,7,9,9,2,4,7,7,2,10,9,,,3,8,,,8,9,8,1,9,8,6,5,7,7,6,7,5,5,6,7,7,4,6,8,2,5,10,,5,,,8,3,2,2,4,1,1,6,6,8,2,9,6,4,9,4,8,2,2,5,5,6,9,8,8,2,2,6,9,3,7,4,7,9,7,7,5,8,2,5,,,7,6,,,8,2,8,4,8,3,2,3,3,2,7,9,6,5,5,3,3,2,8,5,5,9,6,3,,5,,,b'\x11\xe8\xe1I\xc9\x08=J\xaf\x82\x12\xdf\x17\xaeN\x1e'
11E8E149-C908-3D4A-AF82-12DF17AE4E1E,2013-ncaa-d1-natl,ncaa,221,216,210,228,231,311,316,307,293,324,318,254,181,132,272,59,298,298,165,293,155,311,320,267,271,269,79,87,184,312,308,243,106,304,263,291,200,73,201,248,175,105,293,238,,,63,163,,,243,316,311,99,317,318,308,319,312,161,99,285,294,289,314,318,308,218,299,295,114,156,287,,95,,,244,35,25,36,75,9,11,113,236,252,147,319,129,89,310,85,237,35,31,129,153,167,326,304,233,45,106,174,308,97,263,135,303,255,181,214,133,232,136,254,,,293,193,,,243,34,292,144,246,76,51,53,22,12,269,282,166,121,113,55,38,75,232,159,168,237,161,160,,283,,,b'\x11\xe8\xe1I\xc9\x08=J\xaf\x82\x12\xdf\x17\xaeN\x1e'
11E8E149-C908-3D4A-AF82-12DF17AE4E1E,2014-ncaa-d0-natl,ncaa,325,332,180,332,186,332,333,319,330,325,270,336,265,262,246,193,297,299,191,298,238,321,320,330,325,327,140,162,106,335,339,291,235,325,329,311,186,159,286,297,204,156,239,184,,,124,249,,,312,297,330,44,341,343,337,329,273,265,254,299,303,303,336,328,337,308,337,316,188,201,237,,146,,,311,53,48,47,140,32,19,175,179,186,139,273,138,149,119,144,281,47,46,167,169,179,293,252,230,104,235,212,339,175,329,202,334,238,173,259,194,296,116,200,,,287,138,,,312,39,339,191,322,70,54,32,41,17,197,211,167,178,175,39,29,135,251,225,236,230,222,126,,288,,,b'\x11\xe8\xe1I\xc9\x08=J\xaf\x82\x12\xdf\x17\xaeN\x1e'
11E8E149-C908-3D4A-AF82-12DF17AE4E1E,2014-ncaa-d1-conf-Patriot,ncaa,10,10,7,10,7,10,10,10,10,10,8,10,10,10,9,10,7,9,5,9,7,10,10,10,9,10,7,9,3,10,9,10,9,10,10,10,9,7,10,10,5,4,6,5,,,6,8,,,10,10,7,1,10,10,10,10,6,10,10,7,8,8,10,9,10,10,10,10,8,4,6,,7,,,10,3,3,1,5,3,1,6,5,5,3,10,7,7,5,6,8,2,1,6,6,6,9,9,8,5,9,6,9,6,10,5,10,6,4,8,7,10,6,7,,,8,5,,,10,1,10,8,10,4,4,3,3,3,6,8,8,8,8,3,4,6,7,7,7,5,8,7,,8,,,b'\x11\xe8\xe1I\xc9\x08=J\xaf\x82\x12\xdf\x17\xaeN\x1e'
11E8E149-C908-3D4A-AF82-12DF17AE4E1E,2014-ncaa-d1-natl,ncaa,332,331,211,335,218,341,342,331,330,333,285,337,275,271,245,194,306,308,190,308,235,330,331,330,328,329,142,162,105,337,339,308,241,336,334,318,188,141,287,300,218,163,250,189,,,108,253,,,317,321,330,39,342,345,337,331,276,266,255,301,302,302,337,330,337,313,341,319,190,204,240,,147,,,316,40,33,29,148,24,12,181,165,175,142,272,127,139,121,137,282,29,26,174,175,186,290,252,229,92,241,195,339,154,334,190,334,257,178,262,184,300,110,208,,,308,138,,,317,21,340,200,326,71,56,32,43,17,196,212,171,178,176,39,30,137,252,228,239,237,223,131,,290,,,b'\x11\xe8\xe1I\xc9\x08=J\xaf\x82\x12\xdf\x17\xaeN\x1e'
11E8E149-C908-3D4A-AF82-12DF17AE4E1E,2015-ncaa-d0-natl,ncaa,294,307,172,301,229,318,324,244,348,341,280,345,191,121,315,82,266,246,280,250,143,249,249,343,342,335,57,90,102,255,307,323,242,316,334,329,258,139,204,310,99,61,269,267,,,161,231,,,315,242,247,283,338,345,262,343,300,174,103,268,251,251,267,268,267,340,331,336,161,74,270,,167,,,313,122,153,49,325,225,108,319,57,40,218,71,155,145,177,142,189,46,88,311,310,221,60,64,174,63,242,306,307,245,334,246,303,115,63,172,160,203,329,347,,,256,206,,,315,101,335,207,315,151,190,34,260,115,62,34,160,156,155,27,71,72,334,271,268,85,182,336,,263,,,b'\x11\xe8\xe1I\xc9\x08=J\xaf\x82\x12\xdf\x17\xaeN\x1e'
11E8E149-C908-3D4A-AF82-12DF17AE4E1E,2015-ncaa-d1-conf-Patriot,ncaa,9,9,7,9,8,10,10,6,10,10,8,10,5,2,10,2,7,7,7,6,4,5,6,10,10,10,2,2,2,7,9,10,8,9,10,10,8,4,5,10,1,1,7,7,,,10,10,,,9,7,4,7,9,10,3,9,8,3,2,6,6,5,3,5,7,10,9,10,4,1,7,,10,,,9,6,3,2,10,8,1,10,2,2,5,3,8,9,4,9,9,2,4,10,10,8,5,1,10,3,8,10,9,9,10,6,9,2,1,3,3,3,10,10,,,6,5,,,9,4,10,8,9,7,5,2,8,2,3,2,9,9,9,4,5,4,10,10,6,1,4,10,,4,,,b'\x11\xe8\xe1I\xc9\x08=J\xaf\x82\x12\xdf\x17\xaeN\x1e'
11E8E149-C908-3D4A-AF82-12DF17AE4E1E,2015-ncaa-d1-natl,ncaa,303,305,209,308,275,337,344,276,348,346,309,347,204,129,316,79,279,260,283,264,142,282,290,346,343,338,56,89,98,279,310,339,250,334,338,337,265,107,206,315,112,64,276,270,,,123,237,,,320,286,248,285,341,345,266,344,301,174,107,271,256,258,273,271,270,341,331,338,158,80,275,,170,,,321,90,126,27,330,208,84,320,52,27,225,69,137,123,177,120,193,24,47,317,316,238,59,64,172,45,250,299,310,217,338,230,304,135,66,185,146,206,328,347,,,280,201,,,320,58,337,230,322,156,202,36,266,115,67,36,168,160,158,29,69,73,334,277,273,95,186,337,,261,,,b'\x11\xe8\xe1I\xc9\x08=J\xaf\x82\x12\xdf\x17\xaeN\x1e'
11E8E149-C908-3D4A-AF82-12DF17AE4E1E,2016-ncaa-d0-natl,ncaa,153,181,76,164,107,257,266,218,303,266,238,283,200,140,288,126,205,174,310,171,105,211,240,296,300,264,130,146,125,278,304,221,70,262,280,248,169,71,115,183,95,65,289,292,,,217,270,,,235,211,317,280,325,332,316,318,288,221,173,258,219,218,305,329,304,301,325,292,44,114,309,,155,,,226,105,109,68,232,143,119,224,87,75,192,112,139,155,102,141,182,69,98,216,212,152,112,118,183,25,70,297,304,197,280,200,275,107,68,140,182,223,256,288,,,186,127,,,235,144,287,114,230,46,63,14,102,47,64,40,101,123,118,12,16,14,257,123,160,153,151,227,,256,,,b'\x11\xe8\xe1I\xc9\x08=J\xaf\x82\x12\xdf\x17\xaeN\x1e'
11E8E149-C908-3D4A-AF82-12DF17AE4E1E,2016-ncaa-d1-conf-Patriot,ncaa,3,3,1,3,1,5,5,4,6,4,4,5,7,7,10,7,5,3,8,3,3,4,5,8,7,6,8,9,5,8,9,7,5,7,9,8,9,3,3,5,1,1,9,10,,,6,5,,,3,5,8,7,8,10,9,5,7,10,8,5,4,4,7,8,9,9,10,9,1,1,9,,4,,,3,4,5,4,6,7,5,6,3,2,5,4,5,4,6,4,5,2,5,5,7,3,4,3,6,2,5,9,9,7,9,5,5,1,1,2,5,5,6,7,,,4,2,,,3,6,8,2,3,3,2,1,5,2,2,2,4,4,3,2,2,2,8,5,4,1,4,4,,4,,,b'\x11\xe8\xe1I\xc9\x08=J\xaf\x82\x12\xdf\x17\xaeN\x1e'
11E8E149-C908-3D4A-AF82-12DF17AE4E1E,2016-ncaa-d1-natl,ncaa,163,179,99,169,132,290,296,254,308,290,263,290,212,158,292,124,234,196,310,191,102,240,282,299,303,271,128,148,113,296,313,256,75,296,287,266,172,48,121,189,113,71,295,293,,,187,275,,,245,253,318,282,330,339,321,321,295,222,174,261,219,218,309,330,309,308,329,303,48,124,310,,158,,,240,81,85,37,244,128,88,231,79,54,202,103,125,140,105,125,183,33,59,221,220,168,108,115,179,18,75,283,313,168,287,183,275,140,72,158,164,228,248,290,,,218,128,,,245,103,295,133,244,48,69,15,112,50,66,40,104,128,118,12,16,14,260,125,165,163,151,235,,256,,,b'\x11\xe8\xe1I\xc9\x08=J\xaf\x82\x12\xdf\x17\xaeN\x1e'
11E8E149-C908-3D4A-AF82-12DF17AE4E1E,2017-ncaa-d0-natl,ncaa,237,265,116,255,138,217,190,185,199,206,228,162,141,128,193,96,308,309,191,310,305,212,229,177,198,200,174,105,311,276,302,251,77,277,258,155,98,125,161,125,99,71,277,275,,,234,293,,,213,194,279,130,261,234,236,236,269,152,127,331,327,330,275,300,300,304,325,168,107,108,289,,229,,,213,134,100,50,250,114,106,169,133,40,334,78,267,249,242,246,280,64,110,257,286,206,249,155,295,26,77,252,302,136,258,217,302,109,57,153,195,232,219,250,,,258,251,,,213,159,223,160,212,107,83,18,86,53,122,32,259,246,243,30,37,21,220,108,187,117,175,217,,305,,,b'\x11\xe8\xe1I\xc9\x08=J\xaf\x82\x12\xdf\x17\xaeN\x1e'
11E8E149-C908-3D4A-AF82-12DF17AE4E1E,2017-ncaa-d1-conf-Patriot,ncaa,6,7,3,7,5,6,6,3,6,7,7,5,4,3,6,3,8,8,6,8,9,5,7,7,7,5,5,4,9,6,9,9,3,9,10,5,5,2,3,3,3,3,8,7,,,7,8,,,6,6,8,6,8,7,5,7,8,4,3,8,9,9,7,8,7,9,10,5,3,3,8,,6,,,6,7,5,1,9,5,3,7,6,2,9,2,10,9,6,9,9,1,3,9,9,7,7,5,10,1,3,9,9,6,10,8,8,3,3,5,3,5,8,10,,,8,8,,,6,5,6,7,6,6,5,1,4,2,5,2,9,8,8,1,2,1,10,5,6,4,3,8,,9,,,b'\x11\xe8\xe1I\xc9\x08=J\xaf\x82\x12\xdf\x17\xaeN\x1e'
11E8E149-C908-3D4A-AF82-12DF17AE4E1E,2017-ncaa-d1-natl,ncaa,258,265,144,264,166,253,225,231,206,242,259,178,152,139,194,92,320,325,190,322,307,263,283,184,213,210,173,103,309,299,306,289,81,314,270,180,99,91,164,132,125,77,289,279,,,217,297,,,226,256,283,125,274,245,242,244,275,151,127,334,331,333,283,305,303,308,330,177,107,115,295,,230,,,227,104,76,24,262,90,74,177,121,31,340,73,260,238,247,237,282,24,54,268,291,218,243,154,293,18,81,228,306,98,270,202,301,141,65,164,170,237,215,257,,,291,249,,,226,102,230,170,227,114,86,19,86,57,123,32,265,245,240,30,36,22,224,111,195,123,179,217,,307,,,b'\x11\xe8\xe1I\xc9\x08=J\xaf\x82\x12\xdf\x17\xaeN\x1e'
11E8E149-C908-3D4A-AF82-12DF17AE4E1E,2018-ncaa-d0-natl,ncaa,266,280,164,272,224,249,218,157,295,167,102,293,281,247,302,261,264,207,323,213,276,165,183,309,323,289,296,260,207,132,179,281,170,225,233,212,206,105,120,192,134,110,264,274,,,285,316,,,291,199,154,278,274,225,117,151,73,286,245,272,185,194,125,139,105,300,222,229,124,121,261,,294,,,282,207,209,97,327,259,203,287,75,25,314,27,257,249,221,255,237,116,115,312,314,295,74,47,238,68,170,250,179,180,233,204,181,187,159,210,154,166,329,293,,,211,193,,,291,144,282,263,289,236,231,91,287,233,89,28,264,263,267,117,114,85,268,210,216,176,169,336,,184,,,b'\x11\xe8\xe1I\xc9\x08=J\xaf\x82\x12\xdf\x17\xaeN\x1e'
11E8E149-C908-3D4A-AF82-12DF17AE4E1E,2018-ncaa-d1-conf-Patriot,ncaa,7,6,7,7,10,5,4,5,7,5,2,7,7,7,6,8,9,8,10,8,9,5,6,8,9,6,8,7,9,2,3,9,3,6,3,4,6,2,3,3,4,3,8,8,,,8,10,,,8,7,2,7,3,4,1,1,2,7,7,8,8,8,1,1,2,8,3,3,4,3,8,,10,,,8,7,9,3,10,10,4,10,4,3,8,3,9,9,9,9,7,4,3,10,10,10,4,2,7,2,3,6,3,3,3,6,5,7,7,7,3,2,8,8,,,7,8,,,8,4,4,8,8,9,9,3,10,8,4,3,9,9,9,6,6,2,6,5,7,6,4,9,,7,,,b'\x11\xe8\xe1I\xc9\x08=J\xaf\x82\x12\xdf\x17\xaeN\x1e'
11E8E149-C908-3D4A-AF82-12DF17AE4E1E,2018-ncaa-d1-natl,ncaa,276,278,213,279,294,284,263,196,303,197,128,304,296,264,304,263,280,228,326,235,275,203,234,318,326,292,297,259,203,156,185,314,180,265,239,247,211,86,127,199,156,118,279,282,,,260,321,,,298,256,164,279,284,252,121,164,76,289,247,273,189,195,128,144,114,308,236,242,127,130,267,,294,,,295,180,183,61,330,250,166,297,59,17,320,23,240,236,220,241,238,70,58,320,321,304,72,45,240,47,180,227,185,143,239,193,182,214,163,221,134,174,326,305,,,239,193,,,298,85,292,277,300,248,240,93,292,237,90,27,268,266,270,121,114,84,272,216,221,182,170,337,,187,,,b'\x11\xe8\xe1I\xc9\x08=J\xaf\x82\x12\xdf\x17\xaeN\x1e'
11E8E149-C908-3D4A-AF82-12DF17AE4E1E,2019-ncaa-d0-natl,ncaa,297,324,114,307,118,298,300,197,342,313,222,344,180,133,290,116,261,295,87,291,277,218,251,336,335,311,84,103,154,258,294,286,151,288,307,251,105,81,140,198,74,44,308,295,,,161,244,,,316,238,327,13,334,336,248,337,253,199,138,288,310,308,283,316,269,333,331,280,86,80,316,,146,,,304,184,227,90,333,206,72,334,228,172,304,250,54,88,21,89,156,72,86,336,327,291,130,252,48,41,151,305,294,220,307,301,319,156,98,259,82,143,216,242,,,259,227,,,316,110,317,264,316,157,218,41,193,35,227,160,56,85,87,26,27,34,299,197,295,174,100,205,,288,,,b'\x11\xe8\xe1I\xc9\x08=J\xaf\x82\x12\xdf\x17\xaeN\x1e'
11E8E149-C908-3D4A-AF82-12DF17AE4E1E,2019-ncaa-d1-conf-Patriot,ncaa,7,8,3,8,4,7,7,5,9,7,4,8,6,3,9,2,4,7,1,7,7,6,5,9,7,7,4,6,4,7,8,9,7,9,9,6,3,2,4,5,4,3,10,10,,,7,7,,,9,6,8,2,8,8,6,9,7,7,3,6,7,7,7,7,7,10,9,6,2,4,10,,7,,,9,9,10,3,10,10,3,10,8,4,8,8,3,3,2,3,4,3,4,10,10,10,1,8,2,2,7,9,8,8,9,10,10,6,4,7,7,6,3,4,,,7,6,,,9,5,8,10,9,9,9,4,10,3,8,6,2,3,2,4,2,2,8,7,10,6,4,3,,7,,,b'\x11\xe8\xe1I\xc9\x08=J\xaf\x82\x12\xdf\x17\xaeN\x1e'
11E8E149-C908-3D4A-AF82-12DF17AE4E1E,2019-ncaa-d1-natl,ncaa,308,322,155,321,161,318,326,248,344,329,257,345,199,149,296,116,281,307,85,304,277,266,295,338,336,313,79,101,150,277,303,322,159,318,318,280,107,58,145,206,100,54,316,303,,,134,245,,,322,289,328,12,337,337,257,338,260,201,142,292,315,312,289,316,275,334,335,289,87,90,317,,148,,,321,146,201,43,336,179,41,336,217,144,312,248,47,73,23,74,159,30,43,337,330,302,127,249,48,31,159,284,303,174,318,293,319,201,104,269,67,154,203,249,,,280,227,,,322,59,323,277,321,171,234,40,208,36,232,157,55,90,90,28,25,36,303,201,302,188,104,210,,289,,,b'\x11\xe8\xe1I\xc9\x08=J\xaf\x82\x12\xdf\x17\xaeN\x1e'
11E8E149-C908-3D4A-AF82-12DF17AE4E1E,2020-ncaa-d0-natl,ncaa,295,306,87,304,136,248,226,174,281,202,155,264,230,182,274,176,269,271,207,275,289,199,190,286,287,279,221,187,230,230,279,217,94,227,248,171,115,224,215,202,37,29,321,294,,,216,228,,,275,163,166,213,281,256,204,229,181,232,193,285,292,294,238,232,250,250,268,192,198,36,324,,194,,,275,212,218,130,286,160,37,338,277,318,114,340,134,114,236,111,238,110,173,305,302,234,245,281,118,52,94,300,279,216,248,320,335,67,55,218,291,296,298,280,,,266,289,,,275,203,291,180,271,189,193,85,139,12,273,315,134,111,110,63,130,35,289,192,316,74,288,298,,290,,,b'\x11\xe8\xe1I\xc9\x08=J\xaf\x82\x12\xdf\x17\xaeN\x1e'
11E8E149-C908-3D4A-AF82-12DF17AE4E1E,2020-ncaa-d1-conf-Patriot,ncaa,8,8,3,8,4,8,6,5,8,5,3,8,10,8,9,9,6,5,5,7,7,5,6,8,9,9,9,9,5,4,5,9,7,7,7,10,10,6,6,9,3,3,8,8,,,8,9,,,8,5,4,3,8,6,4,5,3,10,8,6,5,7,5,5,4,8,7,10,7,3,8,,8,,,8,6,6,4,7,5,1,10,8,9,3,10,6,6,3,5,8,4,6,7,7,7,9,8,2,4,7,6,5,5,7,10,10,4,3,8,9,10,10,9,,,5,6,,,8,6,9,7,8,6,7,5,5,1,9,9,6,6,5,5,7,5,7,6,10,3,10,10,,5,,,b'\x11\xe8\xe1I\xc9\x08=J\xaf\x82\x12\xdf\x17\xaeN\x1e'
11E8E149-C908-3D4A-AF82-12DF17AE4E1E,2020-ncaa-d1-natl,ncaa,303,305,128,307,202,279,259,211,291,233,186,276,240,201,272,176,286,287,206,288,290,242,242,289,294,287,220,186,225,254,285,252,100,266,260,201,119,208,221,210,51,35,326,299,,,185,236,,,280,209,168,201,291,274,212,239,187,235,197,289,292,295,247,241,257,256,274,205,204,44,326,,204,,,281,190,200,94,298,141,22,338,267,308,119,340,121,105,241,100,241,76,117,312,306,250,243,282,116,40,100,281,285,189,260,315,335,89,60,228,287,299,295,289,,,287,285,,,280,157,296,205,280,200,203,90,143,15,274,317,138,114,112,67,127,41,289,194,320,83,289,299,,289,,,b'\x11\xe8\xe1I\xc9\x08=J\xaf\x82\x12\xdf\x17\xaeN\x1e'
11E8E149-C908-3D4A-AF82-12DF17AE4E1E,2021-ncaa-d0-natl,ncaa,337,227,323,337,324,331,330,326,336,329,327,328,317,308,333,103,327,330,89,330,305,327,327,334,333,320,135,136,192,328,317,328,71,328,311,327,144,13,153,229,323,229,332,312,,,25,303,,,279,327,318,224,331,332,262,327,258,252,160,310,326,324,304,332,305,313,328,307,76,268,320,,207,,,309,20,22,16,314,23,18,286,19,12,293,61,24,24,185,24,133,17,17,304,299,271,57,88,126,13,71,30,317,20,311,34,302,320,128,256,17,187,158,339,,,328,279,,,279,17,326,223,314,118,153,28,203,107,79,27,97,96,99,18,11,11,317,193,254,209,130,336,,324,,,b'\x11\xe8\xe1I\xc9\x08=J\xaf\x82\x12\xdf\x17\xaeN\x1e'
11E8E149-C908-3D4A-AF82-12DF17AE4E1E,2021-ncaa-d1-conf-Patriot,ncaa,10,10,5,10,6,8,8,6,10,8,6,10,6,5,9,3,6,6,4,6,5,6,6,10,10,10,3,5,4,6,6,7,8,6,9,8,7,6,4,9,6,5,9,10,,,9,9,,,10,6,8,3,10,10,8,10,8,8,4,7,7,7,7,8,6,9,9,10,3,6,10,,9,,,9,6,7,5,9,7,6,8,3,3,9,1,8,9,3,10,8,5,5,9,9,9,4,2,5,5,8,8,6,7,9,7,8,5,4,7,6,8,10,10,,,6,7,,,10,5,10,9,9,7,6,2,7,5,2,1,8,8,8,2,2,3,9,8,8,5,8,10,,8,,,b'\x11\xe8\xe1I\xc9\x08=J\xaf\x82\x12\xdf\x17\xaeN\x1e'
11E8E149-C908-3D4A-AF82-12DF17AE4E1E,2021-ncaa-d1-natl,ncaa,338,225,324,338,325,331,331,326,338,330,328,330,318,311,332,102,327,330,84,330,306,328,328,337,334,325,133,131,190,328,321,328,74,329,316,328,146,13,153,237,327,235,332,313,,,25,304,,,284,328,320,225,333,334,266,331,258,251,164,311,325,324,307,333,307,313,328,311,74,274,319,,208,,,314,19,21,15,315,22,17,292,16,12,295,60,24,24,185,24,134,16,16,305,301,281,55,87,128,13,74,26,321,20,316,31,302,321,131,264,17,194,148,339,,,328,279,,,284,16,331,232,320,122,161,26,212,112,78,28,101,101,103,17,11,11,318,199,259,217,132,336,,325,,,b'\x11\xe8\xe1I\xc9\x08=J\xaf\x82\x12\xdf\x17\xaeN\x1e'
11E8E149-C908-3D4A-AF82-12DF17AE4E1E,2022-ncaa-d0-natl,ncaa,317,338,163,326,189,291,272,283,229,227,185,280,299,322,178,303,292,311,102,312,334,292,282,256,259,284,294,273,218,248,174,274,128,279,140,253,159,214,299,258,245,203,355,352,,,125,263,,,288,289,355,210,340,328,346,249,190,308,331,311,325,329,351,354,263,329,334,268,212,262,356,,135,,,286,116,105,67,269,36,28,199,334,250,354,338,55,56,110,60,220,56,58,325,311,296,347,352,61,38,128,43,174,28,140,252,328,250,161,287,66,141,154,170,,,312,276,,,288,67,285,274,293,122,107,27,16,10,339,267,61,63,64,16,4,33,23,14,263,268,70,158,,333,,,b'\x11\xe8\xe1I\xc9\x08=J\xaf\x82\x12\xdf\x17\xaeN\x1e'
11E8E149-C908-3D4A-AF82-12DF17AE4E1E,2022-ncaa-d1-conf-Patriot,ncaa,10,10,6,10,8,10,10,10,8,8,6,9,10,10,8,10,9,8,5,9,9,10,10,9,9,10,8,8,5,6,4,10,5,9,5,9,5,8,10,9,6,3,10,10,,,5,10,,,10,10,10,6,10,10,10,7,6,9,10,8,8,9,10,10,5,10,8,7,9,6,10,,7,,,10,6,2,1,10,1,1,6,10,9,10,10,8,7,7,7,10,1,1,10,10,10,10,10,9,1,5,1,4,1,5,7,9,7,3,9,4,6,9,9,,,10,9,,,10,1,10,10,10,7,5,1,1,1,10,9,10,9,9,1,1,2,1,1,8,6,4,10,,10,,,b'\x11\xe8\xe1I\xc9\x08=J\xaf\x82\x12\xdf\x17\xaeN\x1e'
11E8E149-C908-3D4A-AF82-12DF17AE4E1E,2022-ncaa-d1-natl,ncaa,327,336,213,332,237,318,307,323,244,262,223,291,308,329,183,302,306,322,100,323,332,331,323,274,273,297,295,270,211,275,188,310,135,318,151,279,165,191,301,271,279,219,355,353,,,95,265,,,302,325,355,198,342,333,348,261,196,311,332,312,327,330,351,354,273,332,339,282,218,279,356,,139,,,301,97,81,37,285,24,14,210,329,232,354,338,44,44,117,48,221,31,27,337,321,312,346,352,61,25,135,17,188,10,151,235,328,284,178,297,51,150,145,182,,,328,271,,,302,33,295,291,310,132,115,27,19,10,342,267,61,66,69,17,3,37,25,14,266,272,73,166,,331,,,b'\x11\xe8\xe1I\xc9\x08=J\xaf\x82\x12\xdf\x17\xaeN\x1e'
11E8E149-C908-3D4A-AF82-12DF17AE4E1E,2023-ncaa-d0-natl,ncaa,266,301,116,283,128,280,263,259,252,213,158,267,294,312,244,292,254,258,192,254,287,268,233,261,262,283,282,276,162,162,114,240,14,211,63,252,210,274,309,289,254,212,358,358,,,182,309,,,289,259,349,67,331,318,331,250,189,317,324,276,286,287,335,317,181,300,276,286,253,280,361,,159,,,282,146,143,57,314,106,54,293,228,140,336,247,122,89,310,86,187,55,52,323,329,316,244,265,146,4,14,62,114,16,63,227,265,228,145,264,47,78,258,250,,,209,151,,,289,92,284,252,294,97,111,8,93,19,218,128,112,82,81,8,2,3,40,4,210,246,44,260,,235,,,b'\x11\xe8\xe1I\xc9\x08=J\xaf\x82\x12\xdf\x17\xaeN\x1e'
11E8E149-C908-3D4A-AF82-12DF17AE4E1E,2023-ncaa-d1-conf-Patriot,ncaa,9,9,3,9,3,7,7,8,6,6,5,7,7,7,7,7,7,7,6,7,6,7,6,7,7,9,7,7,3,2,2,8,2,6,2,6,5,8,8,9,8,4,10,10,,,7,7,,,8,7,9,2,9,9,9,6,5,7,7,7,7,7,9,7,3,9,8,7,8,8,10,,7,,,8,7,5,2,9,2,1,9,10,7,10,8,7,7,10,7,8,2,3,10,10,9,10,9,8,2,2,2,2,1,2,9,9,8,6,8,2,1,10,10,,,7,9,,,8,4,7,9,8,6,5,2,3,1,10,8,7,7,7,2,1,1,3,1,9,8,1,10,,9,,,b'\x11\xe8\xe1I\xc9\x08=J\xaf\x82\x12\xdf\x17\xaeN\x1e'
11E8E149-C908-3D4A-AF82-12DF17AE4E1E,2023-ncaa-d1-natl,ncaa,288,301,151,295,166,313,294,309,259,250,199,276,312,324,251,293,273,278,191,274,288,312,294,272,275,295,282,279,162,193,125,283,17,263,69,287,215,250,315,296,281,228,359,358,,,154,311,,,300,311,351,64,335,328,336,259,190,320,327,286,287,289,338,319,195,306,285,298,256,293,361,,165,,,298,103,100,27,323,86,30,309,217,121,341,244,99,72,315,68,194,23,21,330,333,325,243,261,140,3,17,40,125,6,69,213,272,261,158,275,33,79,252,260,,,240,148,,,300,43,292,279,308,111,120,11,104,21,222,130,113,83,81,9,2,2,40,4,220,264,42,265,,232,,,b'\x11\xe8\xe1I\xc9\x08=J\xaf\x82\x12\xdf\x17\xaeN\x1e'
11E8E149-C908-3D4A-AF82-12DF17AE4E1E,2024-ncaa-d0-natl,ncaa,154,148,143,163,170,240,187,253,109,127,152,122,314,323,262,306,273,273,177,276,313,270,299,166,171,169,340,314,246,316,284,254,54,298,177,206,203,65,154,141,209,150,357,358,,,226,329,,,212,276,342,208,278,214,317,118,153,325,332,295,289,292,327,348,326,299,343,217,73,215,359,,214,,,213,111,104,66,266,99,76,218,170,94,336,157,149,158,102,156,237,62,61,279,273,275,230,229,197,13,54,70,284,35,177,197,286,248,170,245,40,84,115,105,,,307,251,,,212,83,193,222,217,93,82,16,70,36,172,75,144,162,159,16,7,13,55,20,179,270,39,109,,326,,,b'\x11\xe8\xe1I\xc9\x08=J\xaf\x82\x12\xdf\x17\xaeN\x1e'
11E8E149-C908-3D4A-AF82-12DF17AE4E1E,2024-ncaa-d1-conf-Patriot,ncaa,3,2,3,3,3,4,3,6,2,1,6,2,7,7,6,8,6,6,6,6,4,6,5,5,4,4,8,7,6,6,6,8,3,7,4,5,7,5,6,3,5,4,10,10,,,8,9,,,3,6,7,4,4,2,5,2,5,8,7,5,6,6,6,6,6,9,10,6,4,4,10,,9,,,3,8,6,3,8,4,3,8,6,5,10,6,8,10,3,9,10,5,4,9,8,10,7,6,8,3,3,2,6,3,4,6,5,4,4,7,1,2,6,6,,,7,6,,,3,5,3,8,4,6,4,2,6,1,6,5,9,9,9,3,3,3,3,2,5,4,2,6,,7,,,b'\x11\xe8\xe1I\xc9\x08=J\xaf\x82\x12\xdf\x17\xaeN\x1e'
11E8E149-C908-3D4A-AF82-12DF17AE4E1E,2024-ncaa-d1-natl,ncaa,172,150,194,170,222,282,235,305,121,157,186,134,329,338,272,309,295,294,177,295,314,320,338,180,184,182,340,320,241,328,294,291,60,329,197,246,218,49,159,154,243,163,360,360,,,196,334,,,237,324,346,189,293,240,327,135,163,330,336,297,296,297,335,353,330,311,347,237,75,236,361,,221,,,238,80,77,26,282,66,51,229,149,70,341,154,135,144,109,141,239,26,18,292,285,298,232,226,196,6,60,41,294,15,197,182,292,286,184,255,31,86,103,119,,,327,247,,,237,35,211,244,242,104,92,15,78,40,179,77,153,165,162,18,7,14,60,21,193,283,38,118,,330,,,b'\x11\xe8\xe1I\xc9\x08=J\xaf\x82\x12\xdf\x17\xaeN\x1e'
11E8E149-C908-3D4A-AF82-12DF17AE4E1E,2025-ncaa-d0-natl,genius_ncaa,296,292,248,301,286,326,279,329,173,242,255,178,303,318,253,265,349,327,358,326,307,339,333,209,249,279,325,262,327,261,163,330,156,323,185,281,220,140,293,263,261,175,277,203,,,113,303,,44,263,336,348,250,334,278,341,218,220,303,315,347,318,314,340,336,244,333,319,267,221,235,269,,176,,65,268,49,34,20,234,30,15,247,146,109,234,266,163,138,269,140,294,21,15,254,274,265,291,255,273,23,156,19,163,11,185,145,316,290,172,249,72,177,165,238,,,345,298,,349,263,22,283,241,282,94,68,19,58,17,189,152,210,188,194,25,12,49,42,37,209,265,129,211,,333,,339,b'\x11\xe8\xe1I\xc9\x08=J\xaf\x82\x12\xdf\x17\xaeN\x1e'
11E8E149-C908-3D4A-AF82-12DF17AE4E1E,2025-ncaa-d1-conf-Patriot,genius_ncaa,9,9,7,9,9,9,9,10,6,8,8,3,10,9,9,9,10,9,10,9,8,10,10,7,8,9,10,10,10,6,3,10,7,10,7,9,10,9,10,9,7,6,9,7,,,8,10,,4,8,10,9,6,9,9,8,4,5,10,9,10,8,9,9,7,5,9,8,9,9,6,9,,9,,6,8,4,2,2,5,1,1,8,5,5,2,7,10,9,7,9,10,2,2,5,6,7,8,7,10,5,7,1,3,2,7,6,9,7,6,7,6,7,7,7,,,10,8,,8,8,1,9,7,9,6,6,3,3,1,7,7,10,9,9,4,4,6,2,5,7,7,8,7,,10,,8,b'\x11\xe8\xe1I\xc9\x08=J\xaf\x82\x12\xdf\x17\xaeN\x1e'
11E8E149-C908-3D4A-AF82-12DF17AE4E1E,2025-ncaa-d1-natl,genius_ncaa,312,292,304,313,331,339,317,346,184,273,282,186,317,331,258,264,351,335,357,334,309,350,349,217,266,288,325,263,324,288,179,347,166,342,196,303,225,119,300,271,290,189,288,216,,,90,309,,35,280,350,349,250,337,296,342,234,224,307,320,347,320,317,342,338,254,336,324,281,223,250,271,,181,,64,284,33,24,8,243,22,6,258,130,78,240,266,147,119,277,121,302,9,8,266,288,281,295,255,276,16,166,8,179,5,196,131,320,313,181,268,66,183,151,249,,,351,296,,351,280,12,296,256,299,109,77,21,62,17,195,150,215,193,196,26,11,50,43,37,220,278,129,218,,331,,339,b'\x11\xe8\xe1I\xc9\x08=J\xaf\x82\x12\xdf\x17\xaeN\x1e'
11E8E149-C908-3D4A-AF82-12DF17AE4E1E,2026-ncaa-d0-natl,genius_ncaa,212,295,49,260,55,182,180,192,189,140,132,226,274,290,201,314,139,131,216,136,187,188,133,218,217,282,279,309,92,196,207,160,190,179,178,155,110,352,339,279,122,140,204,207,,,332,334,,227,279,121,333,62,312,307,354,238,235,333,350,230,212,226,354,331,288,305,326,237,314,174,277,,274,,154,263,279,208,189,204,139,137,165,312,267,304,255,349,349,194,344,352,227,235,240,274,242,353,287,336,189,190,180,207,186,178,286,314,98,115,180,347,325,150,111,,,125,164,,66,279,240,294,221,268,154,68,12,38,15,268,180,305,312,302,41,34,88,40,39,185,166,299,85,,246,,115,b'\x11\xe8\xe1I\xc9\x08=J\xaf\x82\x12\xdf\x17\xaeN\x1e'
11E8E149-C908-3D4A-AF82-12DF17AE4E1E,2026-ncaa-d1-natl,genius_ncaa,256,294,85,287,89,261,261,274,217,214,185,259,312,325,222,320,180,172,214,179,183,267,199,257,240,308,277,312,80,274,243,243,206,268,203,218,116,345,353,308,179,179,252,227,,,310,342,,201,310,183,339,47,341,334,360,278,252,345,353,239,224,235,359,343,311,326,351,274,321,218,285,,289,,160,303,243,165,128,246,99,85,199,298,237,324,253,340,339,203,333,360,173,174,280,307,284,354,283,333,139,206,127,243,129,203,262,318,155,154,225,338,343,120,129,,,179,146,,86,310,181,319,273,307,187,90,17,46,15,286,180,322,321,312,54,35,94,43,44,217,202,313,100,,244,,113,b'\x11\xe8\xe1I\xc9\x08=J\xaf\x82\x12\xdf\x17\xaeN\x1e'
11E8E149-C90C-7540-AF82-12DF17AE4E1E,2010-ncaa-d0-natl,ncaa,197,202,178,205,207,160,161,182,134,180,241,73,106,79,207,57,207,279,21,278,245,203,258,108,107,67,124,91,238,249,247,287,225,283,264,256,324,12,37,134,247,218,312,319,,,30,50,,,199,250,263,201,122,116,139,165,241,90,53,201,282,284,180,268,255,304,309,269,21,246,315,,37,,,199,228,273,150,336,263,178,303,261,123,345,161,36,31,237,28,29,112,89,337,331,332,111,250,20,97,225,144,247,122,264,260,184,261,218,299,50,107,116,169,,,180,74,,,199,91,77,332,201,270,315,171,284,216,286,132,47,39,40,117,73,126,195,165,272,255,80,130,,156,,,b'\x11\xe8\xe1I\xc9\x0cu@\xaf\x82\x12\xdf\x17\xaeN\x1e'
11E8E149-C90C-7540-AF82-12DF17AE4E1E,2010-ncaa-d1-conf-WCC,ncaa,6,6,3,6,3,3,3,3,4,4,6,4,1,1,5,1,5,5,2,5,3,3,5,4,4,2,2,1,6,4,5,8,7,8,8,6,6,1,3,4,4,4,8,7,,,4,4,,,6,6,8,5,5,4,4,6,8,1,1,6,6,6,5,8,6,8,8,6,1,4,8,,2,,,6,6,6,3,8,4,2,8,8,7,8,8,4,3,5,3,5,2,3,8,8,8,8,8,2,4,7,5,5,5,8,8,8,3,3,6,2,3,5,7,,,2,2,,,6,3,2,8,6,6,6,1,4,1,8,6,3,3,3,1,1,4,5,5,8,3,2,6,,2,,,b'\x11\xe8\xe1I\xc9\x0cu@\xaf\x82\x12\xdf\x17\xaeN\x1e'
11E8E149-C90C-7540-AF82-12DF17AE4E1E,2010-ncaa-d1-natl,ncaa,206,202,191,208,227,173,172,197,137,191,259,80,110,83,207,56,217,290,21,289,245,216,279,111,109,71,121,92,236,264,253,300,230,304,272,276,323,9,38,140,257,223,314,321,,,25,51,,,205,277,263,186,125,123,143,171,246,91,54,199,283,283,182,269,259,305,311,277,21,247,315,,40,,,206,221,269,128,336,255,157,303,253,108,345,158,34,30,241,27,30,94,61,338,333,333,111,249,19,84,230,133,253,103,272,254,186,278,227,302,46,109,112,174,,,193,74,,,205,65,81,334,210,279,315,169,288,217,288,132,47,40,40,120,72,126,200,169,277,261,80,133,,155,,,b'\x11\xe8\xe1I\xc9\x0cu@\xaf\x82\x12\xdf\x17\xaeN\x1e'
11E8E149-C90C-7540-AF82-12DF17AE4E1E,2011-ncaa-d0-natl,ncaa,229,226,242,240,278,244,245,185,278,237,219,232,181,110,303,91,236,225,218,228,191,191,267,270,273,213,139,125,179,97,84,315,249,253,220,298,321,14,36,206,185,117,293,293,,,31,80,,,225,296,282,257,215,222,102,222,189,155,71,207,188,194,113,206,50,315,213,304,35,158,290,,48,,,226,122,176,59,318,199,80,318,124,98,247,178,56,33,324,34,67,37,38,316,310,301,63,151,71,80,249,146,84,107,220,208,233,260,175,271,33,63,299,322,,,198,103,,,225,44,167,297,231,192,252,116,259,139,153,130,93,54,56,74,53,127,238,194,265,227,57,318,,119,,,b'\x11\xe8\xe1I\xc9\x0cu@\xaf\x82\x12\xdf\x17\xaeN\x1e'
11E8E149-C90C-7540-AF82-12DF17AE4E1E,2011-ncaa-d1-conf-WCC,ncaa,7,6,6,7,7,7,7,5,7,7,7,6,3,2,8,2,7,4,8,4,3,5,8,7,7,7,4,3,4,3,4,8,5,7,6,8,8,2,3,4,4,3,7,8,,,1,5,,,4,8,8,3,7,5,4,6,5,3,2,6,3,3,4,6,2,8,6,8,2,3,7,,3,,,5,3,3,2,8,3,2,8,4,2,6,6,3,2,7,2,4,2,1,8,8,6,5,5,4,1,5,5,4,3,6,3,4,4,3,3,2,2,8,8,,,3,3,,,4,1,7,6,6,3,4,2,5,2,5,5,4,3,3,2,1,2,6,5,5,3,2,8,,2,,,b'\x11\xe8\xe1I\xc9\x0cu@\xaf\x82\x12\xdf\x17\xaeN\x1e'
11E8E149-C90C-7540-AF82-12DF17AE4E1E,2011-ncaa-d1-natl,ncaa,242,223,279,245,310,261,261,211,284,260,250,239,194,124,303,89,252,240,213,243,194,217,295,274,275,217,139,121,173,109,88,326,253,269,220,314,320,9,37,211,203,123,299,293,,,21,80,,,230,318,282,260,219,232,106,229,191,156,72,208,192,198,116,209,50,316,218,309,36,164,293,,47,,,231,101,161,42,324,191,62,323,115,85,246,176,47,30,325,30,65,21,22,319,314,310,62,151,67,68,253,126,88,79,220,201,233,278,181,277,25,64,293,325,,,216,102,,,230,24,175,306,238,198,257,120,264,145,155,131,95,55,57,75,53,134,240,195,268,232,60,320,,122,,,b'\x11\xe8\xe1I\xc9\x0cu@\xaf\x82\x12\xdf\x17\xaeN\x1e'
11E8E149-C90C-7540-AF82-12DF17AE4E1E,2012-ncaa-d0-natl,ncaa,279,288,163,287,221,236,249,230,256,225,197,274,230,236,194,222,144,175,99,179,162,220,256,259,239,200,152,206,68,218,218,269,101,264,212,274,268,58,112,219,333,333,197,212,,,67,138,,,307,267,265,262,249,267,228,236,185,228,234,133,164,170,234,263,212,288,275,290,67,338,197,,75,,,305,266,309,148,339,305,187,335,204,100,326,125,94,58,328,52,53,116,58,339,338,342,43,141,35,29,101,165,218,93,212,270,140,327,326,337,194,245,210,225,,,140,37,,,307,76,199,339,309,290,317,176,316,228,215,116,114,55,53,137,46,28,201,120,276,331,214,220,,109,,,b'\x11\xe8\xe1I\xc9\x0cu@\xaf\x82\x12\xdf\x17\xaeN\x1e'
11E8E149-C90C-7540-AF82-12DF17AE4E1E,2012-ncaa-d1-conf-WCC,ncaa,8,8,1,8,4,7,8,7,7,7,5,7,5,6,6,5,4,3,7,3,3,7,7,7,7,8,5,5,3,5,6,5,4,6,5,7,6,7,6,6,9,9,4,6,,,1,3,,,8,7,8,5,9,9,8,7,5,5,6,4,3,3,8,8,5,6,6,7,6,9,4,,1,,,8,8,9,6,9,9,9,9,5,2,7,2,2,1,6,1,1,5,1,9,9,9,1,2,1,1,4,6,6,3,5,7,6,9,7,8,8,8,8,6,,,2,2,,,8,2,6,9,8,7,8,4,9,7,5,1,2,1,1,4,1,1,6,3,7,9,8,7,,2,,,b'\x11\xe8\xe1I\xc9\x0cu@\xaf\x82\x12\xdf\x17\xaeN\x1e'
11E8E149-C90C-7540-AF82-12DF17AE4E1E,2012-ncaa-d1-natl,ncaa,286,288,196,289,263,258,272,256,265,255,224,276,238,246,193,216,158,188,98,190,160,250,288,267,245,209,147,205,61,238,224,291,107,290,221,286,270,43,114,229,337,334,209,218,,,50,137,,,310,296,269,262,256,278,238,246,191,229,234,131,164,172,239,267,218,288,280,294,70,338,199,,79,,,309,253,301,121,339,300,160,337,192,84,328,125,80,47,327,43,53,93,33,340,338,342,41,142,36,22,107,139,224,61,221,266,142,334,328,338,178,247,197,229,,,159,33,,,310,46,208,340,313,294,320,177,319,232,214,115,115,58,56,140,45,30,205,122,279,331,211,226,,109,,,b'\x11\xe8\xe1I\xc9\x0cu@\xaf\x82\x12\xdf\x17\xaeN\x1e'
11E8E149-C90C-7540-AF82-12DF17AE4E1E,2013-ncaa-d0-natl,ncaa,196,216,120,211,131,118,99,46,224,46,19,258,266,265,234,311,113,105,180,107,301,49,69,276,273,195,306,300,160,68,185,158,199,112,240,124,201,77,32,85,34,41,210,216,,,330,315,,,190,69,33,68,102,71,9,33,3,276,281,104,99,101,10,24,59,169,92,112,79,29,218,,334,,,191,282,241,212,238,222,192,224,252,223,250,208,320,312,252,312,307,245,273,243,275,224,281,206,285,226,199,324,185,313,240,257,233,52,72,121,107,61,190,60,,,110,222,,,190,275,176,208,188,281,236,197,202,157,262,225,314,306,304,251,305,220,327,315,251,42,102,192,,113,,,b'\x11\xe8\xe1I\xc9\x0cu@\xaf\x82\x12\xdf\x17\xaeN\x1e'
11E8E149-C90C-7540-AF82-12DF17AE4E1E,2013-ncaa-d1-conf-WCC,ncaa,5,5,3,5,3,5,4,2,6,3,2,8,8,8,8,8,5,5,3,5,8,2,2,8,8,7,8,8,5,4,4,5,6,5,5,4,7,2,2,4,3,3,9,8,,,9,9,,,5,2,4,1,3,3,2,3,2,8,8,5,5,5,2,2,3,5,5,4,2,3,9,,9,,,5,6,5,2,6,2,1,5,9,8,9,8,7,9,3,9,9,5,7,8,7,6,9,9,7,4,6,6,4,7,5,7,8,2,2,3,3,3,4,3,,,4,5,,,5,6,5,6,5,6,5,2,2,2,9,8,7,9,9,4,7,6,6,7,7,2,3,4,,5,,,b'\x11\xe8\xe1I\xc9\x0cu@\xaf\x82\x12\xdf\x17\xaeN\x1e'
11E8E149-C90C-7540-AF82-12DF17AE4E1E,2013-ncaa-d1-natl,ncaa,201,216,136,215,151,127,107,52,233,50,20,265,274,276,235,312,124,114,178,116,302,57,82,276,274,200,304,298,157,76,187,176,201,126,244,133,206,65,34,88,36,42,225,224,,,326,315,,,193,75,34,65,106,77,8,33,3,278,282,104,101,102,10,27,64,175,96,116,79,31,221,,333,,,194,274,229,201,244,210,170,228,249,216,251,209,317,310,255,310,307,231,263,250,281,232,279,206,288,215,201,323,187,308,244,244,232,60,76,128,100,62,184,65,,,125,218,,,193,268,179,219,192,286,240,197,204,161,261,226,314,308,309,252,303,222,328,316,253,45,104,192,,109,,,b'\x11\xe8\xe1I\xc9\x0cu@\xaf\x82\x12\xdf\x17\xaeN\x1e'
11E8E149-C90C-7540-AF82-12DF17AE4E1E,2014-ncaa-d0-natl,ncaa,273,282,180,279,198,134,121,89,211,106,92,217,185,154,218,192,162,207,35,210,293,108,102,221,205,198,218,201,204,57,53,256,277,146,151,117,141,216,166,152,154,175,139,132,,,311,317,,,254,136,63,107,83,70,29,75,49,169,145,131,202,205,39,25,26,255,108,84,247,150,129,,332,,,255,310,262,170,310,253,168,295,240,168,325,152,325,318,261,313,309,214,214,313,321,320,257,170,278,224,277,138,53,178,151,314,304,154,191,281,296,250,264,201,,,158,245,,,254,199,148,322,261,325,301,224,278,216,270,196,321,322,320,289,283,257,184,232,325,140,305,284,,124,,,b'\x11\xe8\xe1I\xc9\x0cu@\xaf\x82\x12\xdf\x17\xaeN\x1e'
11E8E149-C90C-7540-AF82-12DF17AE4E1E,2014-ncaa-d1-conf-WCC,ncaa,8,7,7,8,8,5,3,3,5,2,2,5,5,5,8,6,6,7,3,8,10,4,5,6,7,5,8,7,8,2,4,10,8,6,6,4,6,7,5,4,7,6,5,5,,,10,10,,,7,7,2,3,3,2,1,2,1,5,4,5,7,8,3,1,2,8,5,3,8,6,5,,10,,,7,8,8,5,8,6,6,8,6,5,9,5,10,9,5,10,10,5,3,9,10,10,9,5,7,7,8,5,4,5,6,9,8,6,6,8,4,4,6,4,,,6,5,,,7,4,5,10,7,10,9,5,8,7,7,5,10,9,10,9,9,7,6,6,9,5,5,6,,3,,,b'\x11\xe8\xe1I\xc9\x0cu@\xaf\x82\x12\xdf\x17\xaeN\x1e'
11E8E149-C90C-7540-AF82-12DF17AE4E1E,2014-ncaa-d1-natl,ncaa,279,282,211,282,232,155,144,103,212,122,106,224,191,160,219,193,179,235,35,234,295,130,126,227,211,201,216,202,200,63,55,278,282,171,154,134,144,202,169,158,176,183,147,136,,,297,318,,,263,164,67,90,86,75,29,81,54,168,146,136,207,209,40,30,26,262,112,86,249,155,132,,330,,,264,300,249,146,315,238,150,300,234,156,327,153,317,308,269,307,312,191,181,317,326,325,254,170,277,200,282,123,55,158,154,309,304,172,193,287,280,251,257,209,,,177,245,,,263,169,154,326,270,331,308,224,282,220,273,195,323,322,323,289,280,259,192,239,325,143,306,286,,127,,,b'\x11\xe8\xe1I\xc9\x0cu@\xaf\x82\x12\xdf\x17\xaeN\x1e'
11E8E149-C90C-7540-AF82-12DF17AE4E1E,2015-ncaa-d0-natl,ncaa,294,316,113,304,141,133,132,115,195,158,155,169,133,107,202,121,141,166,111,163,180,123,115,180,174,187,145,137,180,145,181,255,316,211,287,97,74,213,183,135,219,257,246,278,,,250,214,,,305,109,99,199,140,151,115,169,183,134,109,152,190,190,123,117,159,304,265,94,202,239,256,,243,,,300,335,330,274,328,323,256,326,271,218,300,176,323,264,347,273,232,281,250,331,342,343,168,144,224,284,316,248,181,273,287,344,326,209,268,334,318,296,238,233,,,141,202,,,305,236,173,341,299,334,325,287,321,262,269,223,312,267,277,305,276,279,228,253,344,241,305,229,,159,,,b'\x11\xe8\xe1I\xc9\x0cu@\xaf\x82\x12\xdf\x17\xaeN\x1e'
11E8E149-C90C-7540-AF82-12DF17AE4E1E,2015-ncaa-d1-conf-WCC,ncaa,8,8,3,8,5,5,5,4,7,7,5,5,5,3,7,4,10,6,9,6,7,5,3,6,7,8,5,5,8,5,5,8,10,7,8,5,3,9,8,7,5,6,7,8,,,5,4,,,8,4,2,7,6,5,5,7,5,5,2,10,8,8,5,2,5,9,6,4,9,5,8,,6,,,8,10,10,8,7,10,9,8,6,7,4,5,7,6,10,5,4,8,9,8,8,8,4,5,4,10,10,7,5,10,8,10,9,5,6,9,10,10,7,8,,,6,7,,,8,7,8,9,8,9,9,10,9,8,6,6,7,6,6,10,10,10,8,8,10,5,10,8,,5,,,b'\x11\xe8\xe1I\xc9\x0cu@\xaf\x82\x12\xdf\x17\xaeN\x1e'
11E8E149-C90C-7540-AF82-12DF17AE4E1E,2015-ncaa-d1-natl,ncaa,303,313,143,311,178,164,163,138,203,181,182,182,137,117,203,121,160,186,114,184,180,152,142,188,181,190,144,140,176,164,191,294,320,249,296,112,76,196,184,143,247,263,258,281,,,237,214,,,309,139,107,194,150,160,123,179,187,135,112,151,193,191,131,124,169,307,276,99,203,247,258,,240,,,305,334,327,253,333,318,233,331,262,207,302,171,314,252,347,262,234,261,222,334,342,344,165,140,221,262,320,221,191,253,296,344,326,240,272,336,307,298,226,240,,,166,196,,,309,208,188,342,303,337,328,287,322,265,268,223,314,270,278,305,273,284,232,258,344,246,307,232,,157,,,b'\x11\xe8\xe1I\xc9\x0cu@\xaf\x82\x12\xdf\x17\xaeN\x1e'
11E8E149-C90C-7540-AF82-12DF17AE4E1E,2016-ncaa-d0-natl,ncaa,239,271,114,255,124,97,126,75,254,197,155,256,47,40,136,71,51,47,151,49,47,67,64,209,176,167,29,72,69,82,160,153,310,107,259,77,57,227,128,112,59,93,72,104,,,336,296,,,217,66,28,64,77,123,36,224,171,48,43,38,38,37,29,22,74,170,106,62,214,50,72,,337,,,216,323,268,270,179,282,290,148,182,149,242,57,349,346,344,346,314,303,307,169,242,243,251,82,342,331,310,310,160,332,259,329,331,82,170,251,258,172,210,202,,,84,171,,,217,289,157,267,213,312,256,287,268,305,179,147,349,341,342,329,335,330,308,330,325,84,232,203,,68,,,b'\x11\xe8\xe1I\xc9\x0cu@\xaf\x82\x12\xdf\x17\xaeN\x1e'
11E8E149-C90C-7540-AF82-12DF17AE4E1E,2016-ncaa-d1-conf-WCC,ncaa,7,7,3,7,3,4,4,1,10,8,5,10,1,2,4,2,7,6,9,6,7,1,1,7,10,6,1,1,8,4,7,4,9,5,9,3,2,5,2,3,3,5,1,2,,,10,9,,,8,2,1,2,4,5,2,9,5,1,2,8,7,7,1,2,4,3,4,3,4,3,1,,10,,,8,8,8,10,5,10,10,5,3,4,3,3,10,10,10,10,8,10,10,5,6,7,4,3,9,10,9,10,7,10,9,10,9,4,7,7,4,4,5,4,,,6,8,,,8,9,6,8,8,8,8,10,7,10,3,5,10,10,10,10,10,10,10,10,9,3,4,6,,6,,,b'\x11\xe8\xe1I\xc9\x0cu@\xaf\x82\x12\xdf\x17\xaeN\x1e'
11E8E149-C90C-7540-AF82-12DF17AE4E1E,2016-ncaa-d1-natl,ncaa,256,270,142,266,156,112,149,87,261,226,191,262,56,46,143,71,60,60,150,61,42,78,79,214,183,172,28,69,60,96,168,180,316,133,271,90,60,199,135,120,73,97,80,107,,,332,301,,,233,78,29,62,80,135,38,226,175,49,44,38,37,36,32,25,77,177,112,65,216,57,73,,339,,,234,315,249,248,196,268,275,162,167,136,246,55,349,343,344,343,316,292,294,182,251,251,248,81,340,326,316,295,168,319,271,328,331,109,177,259,235,179,205,214,,,104,168,,,233,276,165,276,229,316,262,290,275,306,181,147,349,343,343,330,335,331,313,333,326,93,238,216,,65,,,b'\x11\xe8\xe1I\xc9\x0cu@\xaf\x82\x12\xdf\x17\xaeN\x1e'
11E8E149-C90C-7540-AF82-12DF17AE4E1E,2017-ncaa-d0-natl,ncaa,184,184,168,190,184,153,179,169,190,184,188,171,155,148,184,150,111,107,197,106,67,157,174,181,170,157,129,164,102,219,250,138,208,180,233,61,7,137,129,66,128,145,53,35,,,286,283,,,212,152,92,109,135,164,145,175,184,149,131,91,77,78,113,134,215,110,161,27,156,117,47,,303,,,214,220,123,184,93,82,115,119,237,263,123,271,333,319,337,320,330,219,206,111,198,199,327,226,337,237,208,236,250,240,233,241,306,168,189,210,212,215,163,179,,,101,62,,,212,200,178,223,210,253,138,213,95,110,254,296,343,326,327,273,281,259,253,266,265,147,235,180,,52,,,b'\x11\xe8\xe1I\xc9\x0cu@\xaf\x82\x12\xdf\x17\xaeN\x1e'
11E8E149-C90C-7540-AF82-12DF17AE4E1E,2017-ncaa-d1-conf-WCC,ncaa,5,5,7,5,8,6,6,6,6,5,4,4,7,6,8,7,5,3,10,3,3,5,7,5,5,5,6,8,3,7,7,5,3,5,7,4,2,1,1,3,5,6,1,1,,,7,8,,,6,6,1,4,5,5,4,5,3,7,6,4,2,2,1,4,7,4,4,3,1,4,1,,8,,,6,5,3,5,5,4,5,6,6,6,4,5,8,8,7,8,9,5,4,4,6,5,7,5,9,6,3,8,7,8,7,5,6,7,7,6,3,3,6,4,,,2,2,,,6,5,5,5,6,6,4,7,6,7,6,8,9,8,8,9,9,9,8,8,6,6,3,6,,2,,,b'\x11\xe8\xe1I\xc9\x0cu@\xaf\x82\x12\xdf\x17\xaeN\x1e'
11E8E149-C90C-7540-AF82-12DF17AE4E1E,2017-ncaa-d1-natl,ncaa,194,181,217,195,244,189,206,209,199,214,220,185,168,161,187,149,128,124,195,124,69,193,220,187,176,168,126,160,101,247,259,174,217,218,243,71,7,108,133,72,151,154,62,36,,,266,288,,,225,200,95,101,145,176,149,187,186,148,132,93,77,79,118,140,225,119,172,31,159,122,48,,305,,,228,194,96,140,97,63,80,125,220,251,129,268,331,308,338,308,330,178,169,117,206,209,328,224,337,216,217,210,259,216,243,230,306,191,194,218,192,221,147,185,,,119,58,,,225,154,188,233,225,260,143,212,102,111,257,296,344,327,326,276,280,261,256,271,272,155,240,188,,52,,,b'\x11\xe8\xe1I\xc9\x0cu@\xaf\x82\x12\xdf\x17\xaeN\x1e'
11E8E149-C90C-7540-AF82-12DF17AE4E1E,2018-ncaa-d0-natl,ncaa,118,74,242,101,291,151,163,154,185,118,96,197,255,247,259,282,84,27,325,27,41,113,132,227,243,195,250,284,60,66,60,246,186,156,128,90,31,92,77,74,100,77,131,85,,,272,297,,,114,178,48,341,87,108,59,64,44,238,227,32,6,6,33,29,30,192,83,43,150,65,106,,307,,,112,104,71,77,112,65,59,170,135,166,94,223,283,279,176,285,322,104,150,125,167,113,280,175,312,117,186,138,60,124,128,160,275,102,81,98,121,105,104,67,,,44,29,,,114,164,148,99,122,179,120,122,106,90,167,222,308,310,313,183,266,162,209,202,197,58,168,143,,6,,,b'\x11\xe8\xe1I\xc9\x0cu@\xaf\x82\x12\xdf\x17\xaeN\x1e'
11E8E149-C90C-7540-AF82-12DF17AE4E1E,2018-ncaa-d1-conf-WCC,ncaa,3,3,6,3,7,6,6,5,8,5,4,7,9,8,8,9,4,1,10,1,2,3,5,7,9,7,8,9,2,2,4,9,6,5,6,4,1,3,3,3,3,2,3,2,,,7,8,,,4,5,2,5,5,5,2,3,1,9,8,3,1,1,1,1,1,7,4,2,5,1,2,,8,,,4,5,3,2,4,3,2,5,6,7,6,9,7,7,7,7,9,2,5,5,5,3,8,6,9,5,6,7,4,6,6,6,8,2,1,2,4,4,2,1,,,2,3,,,4,5,7,3,4,6,4,3,3,2,7,8,9,8,8,4,6,6,9,6,6,1,4,2,,2,,,b'\x11\xe8\xe1I\xc9\x0cu@\xaf\x82\x12\xdf\x17\xaeN\x1e'
11E8E149-C90C-7540-AF82-12DF17AE4E1E,2018-ncaa-d1-natl,ncaa,106,74,213,95,314,138,146,132,181,106,78,184,265,248,262,285,88,26,327,25,57,100,112,225,245,189,262,287,78,64,73,213,178,144,134,78,30,93,75,66,94,83,127,85,,,267,282,,,121,144,46,342,86,98,57,57,38,245,229,46,8,7,31,29,35,164,73,33,137,69,102,,298,,,117,114,68,89,93,71,67,147,139,183,81,227,287,283,197,290,315,121,174,108,140,98,279,179,310,130,178,164,73,143,134,162,266,94,86,99,134,113,110,62,,,39,43,,,121,188,149,97,119,176,125,136,104,98,171,229,308,302,308,195,272,177,225,216,186,61,170,145,,7,,,b'\x11\xe8\xe1I\xc9\x0cu@\xaf\x82\x12\xdf\x17\xaeN\x1e'
11E8E149-C90C-7540-AF82-12DF17AE4E1E,2019-ncaa-d0-natl,ncaa,125,152,47,143,49,101,111,74,204,83,45,232,213,205,199,279,57,14,328,14,64,55,50,229,242,216,232,258,67,35,85,123,260,75,179,41,20,248,138,89,37,64,301,327,,,278,184,,,193,58,154,31,162,168,140,124,82,248,256,80,21,20,85,102,65,229,129,59,166,56,320,,220,,,189,287,293,291,193,302,291,222,195,255,78,176,226,204,269,211,124,291,309,171,173,149,99,115,151,299,260,289,85,311,179,322,302,56,113,204,271,177,309,229,,,48,128,,,193,302,185,162,183,190,222,210,239,217,120,180,163,137,140,202,253,258,184,220,282,93,204,282,,95,,,b'\x11\xe8\xe1I\xc9\x0cu@\xaf\x82\x12\xdf\x17\xaeN\x1e'
11E8E149-C90C-7540-AF82-12DF17AE4E1E,2019-ncaa-d1-conf-WCC,ncaa,5,5,3,5,3,8,9,6,9,8,6,8,7,6,5,6,4,1,10,1,1,4,4,9,8,8,4,6,2,4,6,9,10,6,8,3,1,5,5,5,2,3,9,9,,,3,3,,,6,5,7,1,8,9,6,8,6,6,6,4,1,1,4,5,4,9,6,3,5,2,10,,4,,,6,3,3,4,4,5,5,5,2,5,1,6,2,2,5,3,3,3,5,4,4,3,4,5,5,8,10,6,6,6,8,7,9,1,2,3,5,5,10,9,,,2,2,,,6,6,8,3,6,3,3,4,5,5,2,6,3,3,3,3,7,7,6,7,7,1,5,10,,2,,,b'\x11\xe8\xe1I\xc9\x0cu@\xaf\x82\x12\xdf\x17\xaeN\x1e'
11E8E149-C90C-7540-AF82-12DF17AE4E1E,2019-ncaa-d1-natl,ncaa,135,152,62,150,65,128,134,105,215,105,58,253,229,226,205,278,74,18,329,18,64,71,64,240,252,225,231,262,66,46,97,161,269,100,191,61,20,217,143,92,59,68,312,328,,,254,187,,,207,82,161,30,174,188,150,138,87,257,260,81,22,22,92,106,72,241,147,69,165,63,325,,223,,,205,267,280,276,207,293,268,236,177,237,87,173,210,180,272,188,127,274,294,190,186,168,97,112,156,286,269,264,97,295,191,313,302,78,123,216,249,184,304,235,,,62,121,,,207,284,200,182,201,206,237,214,254,221,123,178,171,141,148,200,251,265,188,229,293,95,213,285,,98,,,b'\x11\xe8\xe1I\xc9\x0cu@\xaf\x82\x12\xdf\x17\xaeN\x1e'
11E8E149-C90C-7540-AF82-12DF17AE4E1E,2020-ncaa-d0-natl,ncaa,315,329,33,321,79,165,169,146,204,132,111,214,234,214,238,247,85,25,330,24,59,104,61,231,246,256,216,249,81,135,181,100,263,110,227,180,200,302,257,267,115,158,77,129,,,306,245,,,295,44,100,260,220,222,245,183,167,252,247,119,39,42,193,120,180,160,173,235,273,145,98,,266,,,291,330,313,323,203,301,318,170,286,261,284,147,292,284,215,285,180,335,321,221,225,288,193,186,194,321,263,276,181,316,227,246,116,229,301,266,307,272,289,244,,,103,192,,,295,301,261,296,295,298,285,298,263,285,255,211,251,244,244,305,267,299,199,261,210,267,282,265,,170,,,b'\x11\xe8\xe1I\xc9\x0cu@\xaf\x82\x12\xdf\x17\xaeN\x1e'
11E8E149-C90C-7540-AF82-12DF17AE4E1E,2020-ncaa-d1-conf-WCC,ncaa,10,10,7,10,9,7,8,8,6,7,8,6,8,7,9,7,4,3,10,3,2,7,7,7,8,9,6,7,2,8,7,9,9,10,9,9,8,7,7,9,6,6,4,4,,,6,8,,,10,7,2,9,7,7,7,6,7,7,6,3,2,2,5,3,7,7,8,9,8,6,4,,8,,,10,7,6,6,8,6,6,6,9,7,9,6,6,6,4,6,6,6,5,10,10,7,8,9,4,6,9,6,7,7,9,6,3,7,7,7,6,7,6,8,,,5,5,,,10,4,9,10,10,9,9,9,7,7,10,8,7,7,7,9,9,9,8,9,7,7,7,9,,4,,,b'\x11\xe8\xe1I\xc9\x0cu@\xaf\x82\x12\xdf\x17\xaeN\x1e'
11E8E149-C90C-7540-AF82-12DF17AE4E1E,2020-ncaa-d1-natl,ncaa,313,329,12,321,32,139,146,113,184,106,85,194,220,203,240,246,88,19,333,18,60,70,31,218,240,249,232,248,98,109,165,70,255,63,198,144,187,307,247,256,124,174,70,118,,,308,227,,,288,29,107,260,223,213,235,169,162,254,241,127,40,41,185,119,161,140,135,210,267,154,89,,250,,,283,334,318,341,189,303,327,147,297,277,287,157,283,277,223,277,159,345,330,200,202,282,195,199,180,322,255,277,165,312,198,246,105,236,309,269,308,265,287,236,,,87,198,,,288,319,249,294,289,291,282,301,258,292,259,213,233,231,230,310,265,296,192,255,199,277,273,255,,171,,,b'\x11\xe8\xe1I\xc9\x0cu@\xaf\x82\x12\xdf\x17\xaeN\x1e'
11E8E149-C90C-7540-AF82-12DF17AE4E1E,2021-ncaa-d0-natl,ncaa,225,329,43,280,55,115,113,104,164,94,61,206,160,164,118,253,101,118,82,116,210,103,78,180,163,199,207,225,122,180,247,123,322,144,304,85,118,322,266,204,57,119,24,32,,,226,61,,,292,62,198,224,240,226,280,195,171,241,271,176,219,219,274,256,285,285,313,176,234,113,38,,81,,,263,298,291,298,190,285,281,163,295,290,242,204,282,253,297,253,152,293,297,196,212,221,226,220,157,338,322,250,247,302,304,299,202,71,181,215,339,326,89,29,,,75,132,,,292,281,236,272,268,231,215,219,180,193,245,224,198,160,168,218,220,316,82,207,225,169,313,21,,180,,,b'\x11\xe8\xe1I\xc9\x0cu@\xaf\x82\x12\xdf\x17\xaeN\x1e'
11E8E149-C90C-7540-AF82-12DF17AE4E1E,2021-ncaa-d1-conf-WCC,ncaa,8,8,1,8,1,2,3,1,8,3,1,8,5,7,4,8,2,2,4,2,6,1,1,8,8,7,5,6,4,3,9,4,10,4,10,5,6,9,6,6,3,6,1,2,,,9,2,,,8,1,7,5,8,9,8,6,5,8,8,4,7,7,7,7,9,8,8,7,4,4,1,,3,,,8,9,9,9,4,8,9,4,8,10,5,6,10,10,9,10,7,10,10,3,3,5,6,5,7,10,10,10,9,10,10,6,5,2,7,6,9,9,4,2,,,1,3,,,8,10,8,6,8,5,4,7,6,6,6,6,8,8,8,7,9,10,5,10,5,5,8,3,,4,,,b'\x11\xe8\xe1I\xc9\x0cu@\xaf\x82\x12\xdf\x17\xaeN\x1e'
11E8E149-C90C-7540-AF82-12DF17AE4E1E,2021-ncaa-d1-natl,ncaa,230,329,50,285,63,131,125,117,171,104,74,214,164,174,120,252,111,131,79,127,212,117,92,190,166,207,206,225,116,194,252,144,326,158,308,96,123,315,272,213,65,126,25,34,,,217,63,,,295,74,202,225,246,235,285,201,176,243,271,178,220,221,279,262,292,289,316,184,236,115,38,,80,,,272,295,289,294,197,281,276,172,289,284,247,202,270,247,299,247,151,289,287,210,222,233,226,220,156,338,326,238,252,298,308,296,203,85,189,223,337,329,83,31,,,86,126,,,295,266,242,283,277,237,227,221,187,198,247,222,199,161,168,220,219,319,83,211,229,177,318,22,,182,,,b'\x11\xe8\xe1I\xc9\x0cu@\xaf\x82\x12\xdf\x17\xaeN\x1e'
11E8E149-C90C-7540-AF82-12DF17AE4E1E,2022-ncaa-d0-natl,ncaa,254,266,163,265,198,235,224,259,155,197,235,137,255,249,257,206,205,202,199,206,156,256,220,180,179,252,241,239,146,268,236,230,245,253,236,212,166,311,328,283,175,177,278,302,,,100,104,,,292,188,200,219,272,259,316,204,254,262,249,208,204,209,302,242,278,269,304,223,304,175,294,,100,,,288,230,272,186,309,295,173,343,127,204,40,211,124,116,237,126,137,177,169,286,268,279,43,91,89,190,245,108,236,124,236,308,291,218,219,309,343,349,202,230,,,185,152,,,292,163,273,291,291,241,291,194,315,178,130,213,129,117,122,183,163,200,84,128,312,224,345,207,,188,,,b'\x11\xe8\xe1I\xc9\x0cu@\xaf\x82\x12\xdf\x17\xaeN\x1e'
11E8E149-C90C-7540-AF82-12DF17AE4E1E,2022-ncaa-d1-conf-WCC,ncaa,8,9,2,8,3,9,8,8,7,7,4,7,9,8,9,9,8,6,8,6,8,8,3,8,8,9,8,9,5,6,7,5,8,6,7,9,9,10,10,10,5,6,6,7,,,4,3,,,8,4,9,10,10,10,10,9,8,9,10,8,7,7,10,9,9,8,10,10,10,7,8,,2,,,8,6,7,7,7,9,7,9,6,8,3,8,6,6,5,6,6,6,7,7,6,6,2,4,2,9,8,7,7,8,7,9,9,4,5,7,10,10,8,7,,,3,5,,,8,6,9,6,8,4,6,6,6,4,5,8,4,4,4,5,4,6,5,5,7,6,9,5,,7,,,b'\x11\xe8\xe1I\xc9\x0cu@\xaf\x82\x12\xdf\x17\xaeN\x1e'
11E8E149-C90C-7540-AF82-12DF17AE4E1E,2022-ncaa-d1-natl,ncaa,247,266,146,260,195,243,232,271,167,209,238,143,260,250,273,211,195,187,192,185,130,261,221,196,184,258,229,243,111,256,224,234,253,259,225,232,178,314,332,298,181,186,283,298,,,104,104,,,301,193,211,228,285,283,330,220,262,268,252,191,188,189,312,250,276,270,303,244,307,188,293,,104,,,296,236,275,186,308,298,161,346,147,226,54,234,118,118,199,122,139,175,161,289,273,287,56,105,80,203,253,92,224,120,225,322,302,232,230,314,342,349,197,235,,,177,125,,,301,151,276,296,302,247,292,195,303,171,150,232,118,116,119,182,158,203,68,123,321,231,345,205,,176,,,b'\x11\xe8\xe1I\xc9\x0cu@\xaf\x82\x12\xdf\x17\xaeN\x1e'
11E8E149-C90C-7540-AF82-12DF17AE4E1E,2023-ncaa-d0-natl,ncaa,325,328,236,331,264,317,308,314,266,287,253,277,271,273,243,204,286,327,57,326,308,320,310,271,258,279,207,198,174,296,249,342,315,342,316,301,244,204,303,297,223,160,307,310,,,185,297,,,342,299,292,209,326,319,317,280,229,261,263,280,325,326,329,311,288,357,354,306,250,198,306,,252,,,342,226,239,82,353,263,119,342,149,90,329,132,186,152,277,143,189,86,66,351,346,351,93,138,163,141,315,69,249,79,316,302,314,278,234,338,186,271,84,137,,,279,201,,,342,62,304,353,345,292,310,120,316,173,193,117,230,199,194,123,81,201,126,147,330,250,230,111,,258,,,b'\x11\xe8\xe1I\xc9\x0cu@\xaf\x82\x12\xdf\x17\xaeN\x1e'
11E8E149-C90C-7540-AF82-12DF17AE4E1E,2023-ncaa-d1-conf-WCC,ncaa,10,10,7,10,10,10,10,10,10,10,9,10,8,8,8,7,7,8,3,8,5,10,10,10,10,10,5,7,3,9,7,10,10,10,9,10,8,6,10,10,7,6,10,10,,,6,8,,,10,10,10,9,10,10,10,10,9,8,8,7,8,8,10,10,9,10,10,10,7,6,10,,7,,,10,5,5,2,10,6,3,10,3,3,5,5,5,5,3,5,7,3,2,10,9,9,2,3,4,9,10,3,7,5,9,10,10,9,7,10,6,7,1,3,,,10,6,,,10,1,10,10,10,7,8,4,9,5,5,4,6,6,6,5,4,10,4,7,10,8,6,1,,8,,,b'\x11\xe8\xe1I\xc9\x0cu@\xaf\x82\x12\xdf\x17\xaeN\x1e'
11E8E149-C90C-7540-AF82-12DF17AE4E1E,2023-ncaa-d1-natl,ncaa,322,328,219,330,266,320,316,326,272,288,259,274,276,275,266,207,288,319,73,320,297,325,323,278,267,288,224,217,166,307,264,349,318,348,318,311,255,208,302,307,226,178,309,308,,,197,300,,,344,318,297,201,330,327,323,283,234,272,270,281,317,318,328,313,302,356,356,314,245,207,306,,256,,,343,229,250,72,351,271,117,344,157,86,327,130,203,166,290,157,199,78,51,347,348,352,98,131,170,128,318,74,264,79,318,312,316,291,241,338,192,277,69,121,,,272,176,,,344,47,312,354,346,299,304,116,315,164,197,115,238,205,205,121,77,187,128,141,330,268,231,97,,245,,,b'\x11\xe8\xe1I\xc9\x0cu@\xaf\x82\x12\xdf\x17\xaeN\x1e'
11E8E149-C90C-7540-AF82-12DF17AE4E1E,2024-ncaa-d0-natl,ncaa,286,251,298,285,309,298,290,316,224,316,312,244,170,205,97,110,329,323,241,322,252,328,330,185,208,215,103,69,290,218,94,349,255,334,202,224,111,99,227,187,280,208,284,232,,,94,260,,,276,340,311,164,256,246,253,287,263,128,147,313,297,294,278,278,155,349,317,177,185,238,261,,192,,,276,92,117,35,336,129,26,355,134,136,181,275,72,72,197,70,218,27,25,341,335,328,129,190,113,49,255,15,94,16,202,255,324,286,172,317,100,220,165,277,,,333,277,,,276,25,198,318,281,230,257,87,260,48,204,217,148,149,144,70,52,107,63,65,324,218,180,233,,301,,,b'\x11\xe8\xe1I\xc9\x0cu@\xaf\x82\x12\xdf\x17\xaeN\x1e'
11E8E149-C90C-7540-AF82-12DF17AE4E1E,2024-ncaa-d1-conf-WCC,ncaa,6,7,3,7,3,7,8,6,8,9,7,9,4,4,6,3,7,6,5,6,7,6,6,7,8,8,3,3,5,6,6,8,5,7,6,8,5,5,5,8,6,4,7,7,,,6,7,,,8,5,8,4,8,8,7,9,7,5,5,8,9,8,7,7,5,9,8,8,4,6,8,,5,,,8,6,7,3,8,7,3,9,6,7,4,8,3,3,4,3,4,4,5,8,8,8,4,5,3,4,5,7,6,4,6,8,7,3,2,8,4,5,7,8,,,6,7,,,8,5,8,7,8,5,8,1,7,2,6,6,3,3,3,1,2,4,6,5,8,4,4,7,,7,,,b'\x11\xe8\xe1I\xc9\x0cu@\xaf\x82\x12\xdf\x17\xaeN\x1e'
11E8E149-C90C-7540-AF82-12DF17AE4E1E,2024-ncaa-d1-natl,ncaa,266,253,254,268,283,292,278,274,260,306,275,271,166,183,140,114,322,316,242,314,282,296,309,221,243,246,123,74,295,151,69,340,239,301,170,221,112,128,221,195,271,214,252,206,,,117,255,,,272,335,313,171,273,263,233,294,242,140,146,322,303,302,263,265,110,343,283,187,187,249,250,,181,,,272,115,142,50,320,141,28,355,160,186,128,303,97,96,194,97,225,37,28,329,316,318,151,204,119,58,239,22,69,24,170,276,329,265,181,307,127,212,229,299,,,328,302,,,272,31,220,302,269,202,226,80,226,32,206,234,140,136,136,68,46,96,65,64,311,225,182,274,,311,,,b'\x11\xe8\xe1I\xc9\x0cu@\xaf\x82\x12\xdf\x17\xaeN\x1e'
11E8E149-C90C-7540-AF82-12DF17AE4E1E,2025-ncaa-d0-natl,genius_ncaa,220,176,301,215,307,289,288,273,284,303,278,298,203,203,187,128,276,301,92,297,251,282,340,259,263,171,101,117,192,300,298,350,281,345,334,298,262,3,33,115,302,254,289,285,,,34,125,,69,226,340,307,76,247,245,153,276,201,157,136,239,269,266,192,304,258,347,336,275,15,278,275,,91,,105,231,73,144,57,339,198,113,310,77,35,285,104,16,11,310,9,22,30,22,323,304,279,29,119,25,79,281,170,298,138,334,204,256,262,153,265,8,44,53,121,,,250,67,,48,226,24,191,275,233,201,282,143,306,230,138,74,36,26,26,90,71,162,308,265,294,185,20,110,,159,,30,b'\x11\xe8\xe1I\xc9\x0cu@\xaf\x82\x12\xdf\x17\xaeN\x1e'
11E8E149-C90C-7540-AF82-12DF17AE4E1E,2025-ncaa-d1-conf-WCC,genius_ncaa,8,9,3,9,6,8,10,4,10,10,8,10,5,3,7,3,7,8,5,6,7,6,8,9,9,9,3,3,7,8,9,11,8,10,11,10,11,1,1,9,6,7,11,11,,,3,3,,4,9,7,7,10,9,10,6,10,8,5,3,8,9,6,6,9,8,11,11,11,1,7,11,,3,,4,9,8,11,4,11,10,5,11,5,3,11,4,3,3,11,2,3,2,5,11,11,11,1,5,3,3,8,10,9,8,11,10,6,3,4,6,2,2,3,4,,,5,3,,1,9,5,9,8,8,6,10,2,10,5,5,3,3,2,2,1,2,3,11,7,8,4,2,3,,6,,1,b'\x11\xe8\xe1I\xc9\x0cu@\xaf\x82\x12\xdf\x17\xaeN\x1e'
11E8E149-C90C-7540-AF82-12DF17AE4E1E,2025-ncaa-d1-natl,genius_ncaa,193,176,244,196,259,244,251,219,260,282,241,283,160,165,162,119,250,276,99,271,228,233,312,238,236,150,93,100,200,259,278,340,268,328,326,262,242,4,23,88,243,193,288,288,,,48,111,,59,195,317,301,81,215,224,147,268,203,131,116,234,259,257,170,299,237,342,327,245,13,215,284,,84,,77,198,93,178,75,329,206,129,307,121,58,287,128,18,15,279,15,25,44,43,323,302,245,39,157,24,92,268,216,278,171,326,213,233,203,110,209,10,26,59,104,,,206,69,,45,195,45,152,244,199,172,253,120,276,187,154,86,31,27,27,64,72,144,293,246,265,159,15,86,,155,,32,b'\x11\xe8\xe1I\xc9\x0cu@\xaf\x82\x12\xdf\x17\xaeN\x1e'
11E8E149-C90C-7540-AF82-12DF17AE4E1E,2026-ncaa-d0-natl,genius_ncaa,163,80,279,147,291,287,288,320,132,259,287,163,297,326,132,279,222,191,282,191,75,315,322,149,150,154,214,259,80,289,113,326,52,323,86,235,90,49,185,148,240,89,358,360,,,44,236,,4,121,323,322,97,216,226,318,183,203,254,304,117,78,85,282,317,231,328,314,145,145,144,359,,120,,7,117,13,31,18,302,65,56,233,12,5,298,18,11,23,14,20,78,17,28,263,225,144,17,57,63,4,52,12,113,6,86,34,103,238,44,86,35,117,6,24,,,243,26,,157,121,39,168,90,117,54,108,4,200,138,29,5,39,68,62,3,10,8,18,6,82,108,93,18,,78,,95,b'\x11\xe8\xe1I\xc9\x0cu@\xaf\x82\x12\xdf\x17\xaeN\x1e'
11E8E149-C90C-7540-AF82-12DF17AE4E1E,2026-ncaa-d1-natl,genius_ncaa,203,80,345,166,350,345,351,359,159,337,343,198,331,355,143,281,283,261,284,262,70,357,362,186,184,193,195,252,70,339,141,358,60,361,114,312,90,18,206,169,307,117,362,361,,,13,253,,3,177,362,328,100,252,264,339,222,220,268,311,122,87,97,310,328,267,345,344,183,149,186,360,,128,,7,167,4,10,3,327,35,12,271,5,1,317,14,5,8,13,8,84,2,2,302,271,191,12,53,61,1,60,2,141,2,114,16,103,312,58,113,18,128,4,27,,,302,21,,184,177,2,205,131,169,72,144,6,235,147,33,4,40,76,71,5,9,8,17,7,103,139,93,20,,79,,90,b'\x11\xe8\xe1I\xc9\x0cu@\xaf\x82\x12\xdf\x17\xaeN\x1e'
11E8E149-C910-E15C-AF82-12DF17AE4E1E,2010-ncaa-d0-natl,ncaa,290,290,241,294,278,304,308,294,308,265,216,305,318,308,316,281,180,194,161,196,146,290,269,320,300,310,238,294,28,199,143,240,120,227,139,244,63,237,299,270,278,240,274,249,,,148,268,,,310,276,216,283,316,319,293,255,177,319,296,147,141,148,278,216,155,204,188,227,284,254,262,,229,,,303,113,113,65,266,84,50,242,229,154,315,234,124,141,98,137,233,74,60,299,285,283,242,264,153,48,120,85,143,54,139,207,279,243,166,263,262,289,190,232,,,199,81,,,310,73,311,252,310,205,195,101,140,81,271,204,162,188,187,109,96,81,153,112,261,200,281,234,,126,,,b'\x11\xe8\xe1I\xc9\x10\xe1\\\xaf\x82\x12\xdf\x17\xaeN\x1e'
11E8E149-C910-E15C-AF82-12DF17AE4E1E,2010-ncaa-d1-conf-America East,ncaa,7,7,6,7,7,9,9,8,8,6,5,7,9,9,8,8,4,5,4,5,3,8,8,8,7,8,8,8,1,6,3,6,3,6,3,6,1,9,9,8,7,7,7,7,,,7,8,,,9,7,4,4,9,9,8,6,4,8,9,4,5,4,8,5,5,4,6,5,9,6,7,,8,,,9,4,7,1,9,5,1,9,6,5,6,6,3,3,6,3,4,1,2,8,9,6,4,6,3,1,3,2,3,2,3,8,8,6,4,6,8,9,6,7,,,4,2,,,9,3,9,6,9,6,7,4,7,2,6,5,3,3,3,4,4,3,3,3,9,5,8,6,,2,,,b'\x11\xe8\xe1I\xc9\x10\xe1\\\xaf\x82\x12\xdf\x17\xaeN\x1e'
11E8E149-C910-E15C-AF82-12DF17AE4E1E,2010-ncaa-d1-natl,ncaa,298,289,276,300,310,317,324,318,311,285,231,309,322,310,318,281,184,200,163,201,146,309,295,321,304,313,236,294,26,212,148,264,123,250,146,264,65,231,302,275,288,249,281,253,,,128,270,,,315,306,220,285,316,322,294,261,178,318,296,145,142,148,282,224,158,207,196,237,285,257,264,,229,,,315,93,99,43,273,75,36,245,221,140,316,235,117,131,102,127,234,42,31,305,291,286,243,261,154,44,123,65,148,35,146,202,280,259,172,272,252,292,184,238,,,210,82,,,315,43,312,261,315,213,197,102,144,82,271,203,165,191,190,109,97,84,156,114,265,208,281,238,,126,,,b'\x11\xe8\xe1I\xc9\x10\xe1\\\xaf\x82\x12\xdf\x17\xaeN\x1e'
11E8E149-C910-E15C-AF82-12DF17AE4E1E,2011-ncaa-d0-natl,ncaa,323,325,242,326,286,300,307,274,315,273,180,327,291,302,221,282,224,257,95,256,267,279,245,323,313,323,206,253,62,281,297,174,263,230,294,294,215,277,313,314,276,284,132,124,,,219,242,,,329,225,95,341,308,309,247,267,129,298,299,190,231,237,259,173,263,80,174,295,303,266,105,,274,,,328,231,216,222,192,167,154,184,285,269,245,264,157,184,71,179,199,218,154,217,193,269,244,272,119,264,263,222,297,262,294,327,336,289,302,330,170,222,38,42,,,295,291,,,329,120,327,296,329,296,290,313,229,244,315,307,204,236,231,309,280,309,298,318,332,267,220,52,,277,,,b'\x11\xe8\xe1I\xc9\x10\xe1\\\xaf\x82\x12\xdf\x17\xaeN\x1e'
11E8E149-C910-E15C-AF82-12DF17AE4E1E,2011-ncaa-d1-conf-America East,ncaa,9,9,6,9,9,8,8,6,9,7,4,9,8,8,5,8,7,8,1,8,9,7,5,9,9,9,7,8,4,6,9,3,8,5,9,8,6,9,8,9,6,7,2,2,,,7,7,,,9,4,2,9,8,8,5,7,2,8,8,6,8,8,5,2,5,2,3,7,9,6,2,,7,,,9,8,9,8,7,9,6,8,9,9,6,9,5,5,2,4,3,9,7,7,7,8,5,9,2,9,8,6,9,8,9,9,9,7,9,9,7,7,3,2,,,9,9,,,9,6,9,9,9,9,9,9,9,9,9,9,5,7,6,9,9,9,9,9,9,7,7,6,,9,,,b'\x11\xe8\xe1I\xc9\x10\xe1\\\xaf\x82\x12\xdf\x17\xaeN\x1e'
11E8E149-C910-E15C-AF82-12DF17AE4E1E,2011-ncaa-d1-natl,ncaa,328,325,279,329,320,311,320,301,316,291,203,329,299,311,219,282,242,270,93,269,264,303,276,323,314,325,204,253,60,293,300,196,266,245,300,309,218,268,314,316,288,291,137,124,,,201,244,,,330,258,93,340,310,312,251,276,135,297,299,190,233,239,263,177,268,83,184,302,306,272,107,,276,,,330,214,199,199,197,154,132,194,278,260,244,264,150,170,79,167,199,195,124,224,198,277,239,270,117,256,266,207,300,246,300,325,336,302,308,332,150,224,35,43,,,308,290,,,330,89,329,304,331,300,293,313,233,249,316,309,203,235,230,309,281,313,301,320,333,277,221,53,,280,,,b'\x11\xe8\xe1I\xc9\x10\xe1\\\xaf\x82\x12\xdf\x17\xaeN\x1e'
11E8E149-C910-E15C-AF82-12DF17AE4E1E,2012-ncaa-d0-natl,ncaa,297,309,163,302,198,307,307,310,265,216,185,271,338,332,329,325,208,207,213,208,195,300,260,307,293,317,308,334,39,213,133,149,178,178,110,299,241,306,331,317,330,335,278,293,,,98,135,,,313,272,278,189,329,327,334,223,173,338,333,208,195,198,324,269,206,105,154,312,313,336,275,,111,,,309,151,164,187,151,158,219,90,179,111,293,110,116,135,77,130,103,180,101,154,133,234,162,202,114,203,178,41,133,83,110,249,281,325,331,331,302,323,181,193,,,264,203,,,313,73,311,257,314,189,201,227,188,270,199,130,130,156,150,219,106,231,42,108,255,329,306,194,,265,,,b'\x11\xe8\xe1I\xc9\x10\xe1\\\xaf\x82\x12\xdf\x17\xaeN\x1e'
11E8E149-C910-E15C-AF82-12DF17AE4E1E,2012-ncaa-d1-conf-America East,ncaa,7,7,3,7,4,8,8,9,6,5,6,3,9,8,9,8,4,4,4,4,3,8,5,7,6,7,7,9,1,6,6,3,6,6,3,8,3,9,9,9,9,9,4,6,,,7,5,,,8,4,4,4,8,8,9,6,8,9,8,4,4,4,8,6,8,3,6,8,9,9,5,,6,,,8,8,8,9,6,9,9,4,8,5,7,3,7,7,6,7,4,9,6,6,6,8,3,5,6,9,6,2,6,3,3,8,5,9,9,9,9,9,7,8,,,6,6,,,8,6,8,8,8,9,9,9,9,8,7,7,7,7,7,9,7,9,2,3,9,9,8,8,,6,,,b'\x11\xe8\xe1I\xc9\x10\xe1\\\xaf\x82\x12\xdf\x17\xaeN\x1e'
11E8E149-C910-E15C-AF82-12DF17AE4E1E,2012-ncaa-d1-natl,ncaa,286,306,137,299,169,304,304,305,262,212,175,266,335,331,323,323,186,176,211,174,179,298,249,303,283,313,303,334,31,212,141,124,185,174,119,286,227,316,329,318,321,327,278,296,,,115,151,,,303,248,279,200,325,324,336,224,178,337,333,200,182,185,322,270,214,113,168,306,309,325,281,,119,,,300,163,171,197,140,173,237,84,172,115,281,110,140,154,86,148,118,188,118,144,129,224,163,188,138,215,185,43,141,99,119,253,276,319,322,320,301,321,187,192,,,243,189,,,303,98,314,245,304,174,185,210,177,263,182,119,144,165,158,204,102,230,42,107,242,325,297,197,,258,,,b'\x11\xe8\xe1I\xc9\x10\xe1\\\xaf\x82\x12\xdf\x17\xaeN\x1e'
11E8E149-C910-E15C-AF82-12DF17AE4E1E,2013-ncaa-d0-natl,ncaa,328,325,302,329,311,311,290,297,248,303,325,159,174,99,295,38,339,341,240,341,308,317,307,218,260,288,152,65,327,327,320,227,197,300,293,258,155,215,309,277,310,305,328,327,,,27,54,,,328,280,125,155,283,258,224,266,296,124,60,337,334,334,277,222,303,100,230,227,289,292,325,,70,,,330,201,225,174,255,166,91,264,293,270,256,302,52,36,323,31,62,131,71,287,272,314,227,295,49,153,197,156,320,156,293,266,274,312,312,336,203,291,82,220,,,341,338,,,328,66,318,318,328,308,313,325,271,227,321,322,121,83,76,302,228,247,284,288,317,285,288,148,,336,,,b'\x11\xe8\xe1I\xc9\x10\xe1\\\xaf\x82\x12\xdf\x17\xaeN\x1e'
11E8E149-C910-E15C-AF82-12DF17AE4E1E,2013-ncaa-d1-conf-America East,ncaa,9,8,8,9,8,9,8,8,4,9,8,3,5,2,7,1,9,9,5,9,7,8,8,3,5,5,5,2,8,9,7,7,8,8,8,7,7,3,8,7,8,8,8,8,,,2,1,,,8,8,1,5,3,3,1,4,8,2,1,7,8,8,3,2,7,3,5,5,8,7,8,,2,,,9,5,8,6,9,5,4,9,9,9,9,9,2,1,8,1,1,5,2,9,9,9,6,9,1,4,8,3,7,3,8,9,8,9,8,9,2,3,3,7,,,9,9,,,8,2,5,9,9,9,9,9,9,9,9,9,3,1,1,9,9,8,7,7,9,8,5,6,,9,,,b'\x11\xe8\xe1I\xc9\x10\xe1\\\xaf\x82\x12\xdf\x17\xaeN\x1e'
11E8E149-C910-E15C-AF82-12DF17AE4E1E,2013-ncaa-d1-natl,ncaa,330,325,327,330,332,325,307,317,257,318,331,163,180,101,295,38,342,342,239,342,309,331,321,227,264,291,146,61,328,332,321,251,199,318,299,276,157,202,311,280,318,308,332,328,,,21,54,,,329,306,129,150,288,264,228,275,298,123,60,337,335,335,283,225,304,103,239,232,288,293,327,,71,,,331,182,212,157,261,147,72,266,290,262,257,299,52,34,322,28,63,98,48,290,280,317,226,294,49,136,199,142,321,136,299,256,276,323,315,337,193,296,79,222,,,343,336,,,329,43,320,321,329,311,315,325,274,226,321,322,123,84,76,305,228,248,287,291,319,290,286,151,,337,,,b'\x11\xe8\xe1I\xc9\x10\xe1\\\xaf\x82\x12\xdf\x17\xaeN\x1e'
11E8E149-C910-E15C-AF82-12DF17AE4E1E,2014-ncaa-d0-natl,ncaa,129,150,85,148,98,157,121,182,69,221,295,40,33,42,55,21,334,338,168,338,325,235,216,32,67,106,72,19,347,251,235,187,135,231,174,30,6,237,273,57,154,153,327,336,,,142,158,,,138,195,299,133,208,158,259,269,322,32,45,344,346,346,312,307,279,243,289,19,207,192,334,,98,,,138,157,173,156,211,216,232,142,102,57,291,61,158,122,284,129,106,148,164,186,188,172,90,107,178,125,135,125,235,133,174,150,142,141,129,137,187,217,33,99,,,306,328,,,138,168,132,161,129,96,124,61,185,201,78,36,133,101,109,52,54,91,80,68,115,179,155,27,,339,,,b'\x11\xe8\xe1I\xc9\x10\xe1\\\xaf\x82\x12\xdf\x17\xaeN\x1e'
11E8E149-C910-E15C-AF82-12DF17AE4E1E,2014-ncaa-d1-conf-America East,ncaa,4,4,5,4,5,5,3,6,3,5,8,3,1,1,1,1,9,9,7,9,8,7,7,2,3,3,3,1,9,6,4,5,3,5,4,2,1,3,5,1,6,5,9,9,,,6,7,,,3,7,5,2,4,2,5,5,8,1,1,9,9,9,6,6,6,3,4,1,4,5,9,,7,,,3,2,2,2,4,4,5,3,2,2,6,2,8,8,8,8,6,1,3,2,5,4,5,2,8,3,3,3,4,3,4,1,3,6,5,3,1,3,4,7,,,9,7,,,3,3,4,3,3,3,3,4,4,7,2,2,8,7,7,3,6,4,5,3,3,6,2,4,,9,,,b'\x11\xe8\xe1I\xc9\x10\xe1\\\xaf\x82\x12\xdf\x17\xaeN\x1e'
11E8E149-C910-E15C-AF82-12DF17AE4E1E,2014-ncaa-d1-natl,ncaa,143,150,100,155,114,174,144,205,73,241,309,43,36,51,54,21,341,341,166,341,327,262,249,35,67,110,73,17,347,268,239,211,143,252,180,35,7,221,275,62,176,160,329,337,,,126,157,,,156,223,300,131,215,169,262,273,322,32,47,344,346,346,315,308,282,252,295,19,212,192,336,,100,,,156,131,156,129,219,203,212,150,95,50,293,57,152,116,290,123,109,114,132,193,199,178,85,107,176,114,143,104,239,108,180,134,140,155,133,140,176,220,29,103,,,320,326,,,156,139,135,171,141,102,132,62,192,204,78,35,134,102,111,52,52,91,81,68,122,187,159,28,,339,,,b'\x11\xe8\xe1I\xc9\x10\xe1\\\xaf\x82\x12\xdf\x17\xaeN\x1e'
11E8E149-C910-E15C-AF82-12DF17AE4E1E,2015-ncaa-d0-natl,ncaa,43,37,79,40,85,163,151,262,41,224,341,5,56,38,182,9,291,307,118,310,130,277,280,17,28,63,82,38,323,327,306,222,25,294,186,70,26,149,232,73,86,49,324,299,,,43,88,,,58,240,337,122,238,217,339,282,346,65,48,329,339,339,346,342,342,299,340,77,110,94,333,,15,,,59,36,47,42,159,24,18,163,247,221,236,324,36,18,335,18,114,26,67,201,191,86,302,323,99,9,25,100,306,31,186,143,296,92,29,78,94,163,3,10,,,273,203,,,58,110,103,47,50,12,13,4,8,4,223,192,22,9,10,1,6,2,42,13,96,101,73,1,,334,,,b'\x11\xe8\xe1I\xc9\x10\xe1\\\xaf\x82\x12\xdf\x17\xaeN\x1e'
11E8E149-C910-E15C-AF82-12DF17AE4E1E,2015-ncaa-d1-conf-America East,ncaa,2,2,3,2,3,2,2,5,2,3,9,1,1,1,5,1,9,9,3,9,8,5,6,1,2,2,5,1,9,6,6,6,2,5,4,2,1,1,2,1,2,2,5,4,,,2,4,,,2,6,8,4,2,2,7,4,9,1,1,8,8,9,9,9,8,7,7,2,1,2,4,,1,,,2,2,1,1,2,1,1,3,6,5,5,7,2,1,8,1,5,1,2,2,4,2,6,8,5,1,2,4,6,3,4,3,6,3,2,2,1,2,2,2,,,9,8,,,2,4,2,2,2,1,1,1,2,2,3,4,2,1,1,1,1,1,3,3,2,3,1,2,,9,,,b'\x11\xe8\xe1I\xc9\x10\xe1\\\xaf\x82\x12\xdf\x17\xaeN\x1e'
11E8E149-C910-E15C-AF82-12DF17AE4E1E,2015-ncaa-d1-natl,ncaa,47,37,97,44,107,197,184,300,48,254,345,5,67,48,183,9,306,318,122,322,128,307,318,16,28,65,77,36,323,335,309,256,28,319,196,80,26,117,237,76,101,50,329,302,,,28,91,,,68,284,337,111,247,226,339,290,347,65,49,332,340,340,347,342,343,304,341,83,113,100,333,,17,,,67,26,31,23,169,13,9,174,235,210,247,323,29,12,336,13,116,9,32,213,201,96,299,320,100,5,28,73,309,16,196,124,298,108,35,86,78,169,3,11,,,300,197,,,68,65,113,53,56,15,14,5,10,3,223,192,22,10,10,1,6,2,47,13,103,103,75,2,,333,,,b'\x11\xe8\xe1I\xc9\x10\xe1\\\xaf\x82\x12\xdf\x17\xaeN\x1e'
11E8E149-C910-E15C-AF82-12DF17AE4E1E,2016-ncaa-d0-natl,ncaa,31,43,25,45,34,130,97,145,61,141,237,42,59,64,79,50,324,336,58,336,337,190,246,43,63,54,156,56,346,244,231,193,62,219,141,28,5,28,55,11,75,39,328,335,,,22,31,,,46,234,349,280,252,189,319,241,328,93,110,345,347,347,340,349,306,326,336,42,10,127,344,,5,,,49,43,117,104,195,184,127,259,50,108,15,185,5,5,132,5,16,52,83,153,104,62,13,87,13,30,62,137,231,72,141,83,87,91,51,65,44,75,7,18,,,293,283,,,46,120,66,46,35,5,23,5,68,14,21,38,3,3,3,1,1,7,33,17,37,196,15,4,,344,,,b'\x11\xe8\xe1I\xc9\x10\xe1\\\xaf\x82\x12\xdf\x17\xaeN\x1e'
11E8E149-C910-E15C-AF82-12DF17AE4E1E,2016-ncaa-d1-conf-America East,ncaa,2,2,1,2,1,2,2,2,2,2,4,2,1,2,1,2,6,6,2,6,7,2,4,2,2,2,4,1,8,3,3,3,2,2,2,2,1,1,2,1,3,3,7,8,,,4,5,,,2,3,8,7,2,2,3,4,6,1,2,7,8,8,5,9,6,8,8,2,1,5,8,,3,,,2,1,2,2,4,5,4,7,1,7,1,6,2,2,3,2,3,2,5,4,4,2,2,3,3,1,2,5,3,4,2,2,3,2,3,1,3,3,2,2,,,5,6,,,2,7,2,2,2,1,2,1,2,3,1,3,1,1,1,1,1,1,3,2,1,5,2,1,,8,,,b'\x11\xe8\xe1I\xc9\x10\xe1\\\xaf\x82\x12\xdf\x17\xaeN\x1e'
11E8E149-C910-E15C-AF82-12DF17AE4E1E,2016-ncaa-d1-natl,ncaa,25,43,12,44,25,124,90,129,60,130,230,37,51,61,93,48,323,337,68,335,336,186,219,44,66,57,158,58,347,216,200,181,54,204,116,20,5,28,58,12,69,38,335,340,,,22,31,,,39,221,349,282,249,186,319,234,328,90,106,346,347,346,337,347,296,326,337,40,11,127,344,,5,,,47,32,124,108,190,186,126,250,48,118,20,192,6,6,123,5,16,45,96,156,104,61,15,95,14,24,54,138,200,62,116,86,95,98,46,67,51,79,9,20,,,286,294,,,39,132,60,43,30,5,23,5,64,14,23,44,3,3,3,1,1,7,34,12,40,197,21,4,,344,,,b'\x11\xe8\xe1I\xc9\x10\xe1\\\xaf\x82\x12\xdf\x17\xaeN\x1e'
11E8E149-C910-E15C-AF82-12DF17AE4E1E,2017-ncaa-d0-natl,ncaa,120,184,24,158,33,129,106,100,136,129,181,82,108,63,245,78,288,263,281,266,277,127,122,120,159,167,195,113,332,191,246,101,74,128,166,88,85,205,178,116,95,111,129,131,,,228,196,,,132,109,324,239,264,225,277,223,304,156,111,338,325,327,307,323,274,236,278,148,100,160,174,,105,,,132,171,204,205,185,213,211,202,146,181,121,167,108,157,40,162,142,197,219,168,141,111,88,156,119,100,74,284,246,227,166,155,129,95,101,102,161,127,158,170,,,148,196,,,132,241,185,85,134,38,71,30,94,49,71,79,57,78,80,22,20,33,130,67,77,185,77,93,,293,,,b'\x11\xe8\xe1I\xc9\x10\xe1\\\xaf\x82\x12\xdf\x17\xaeN\x1e'
11E8E149-C910-E15C-AF82-12DF17AE4E1E,2017-ncaa-d1-conf-America East,ncaa,3,4,1,4,1,3,3,3,3,4,3,3,3,3,5,4,6,4,7,4,5,3,3,3,3,4,5,5,5,2,2,2,3,2,3,2,4,5,3,2,3,5,3,4,,,7,7,,,3,3,6,6,3,3,4,4,6,5,5,7,6,6,5,6,4,4,3,4,4,6,4,,7,,,3,6,6,7,4,7,7,6,3,4,3,4,8,8,2,8,7,7,7,3,3,3,4,4,7,3,3,6,2,6,3,3,2,3,5,2,5,3,6,4,,,3,5,,,3,7,3,2,3,2,3,2,6,4,3,3,4,7,7,2,3,3,4,4,2,5,2,5,,5,,,b'\x11\xe8\xe1I\xc9\x10\xe1\\\xaf\x82\x12\xdf\x17\xaeN\x1e'
11E8E149-C910-E15C-AF82-12DF17AE4E1E,2017-ncaa-d1-natl,ncaa,130,181,27,162,40,157,132,130,141,155,214,87,119,75,250,77,303,282,277,286,278,160,159,129,169,178,193,109,330,212,258,121,76,163,177,106,88,178,185,121,120,117,141,137,,,208,200,,,148,140,325,239,275,234,289,233,303,157,112,340,327,330,311,325,279,247,287,161,101,170,181,,108,,,151,133,173,167,195,190,182,215,130,156,126,163,85,133,40,137,143,154,182,176,153,123,85,155,115,73,76,263,258,199,177,133,131,119,109,117,138,131,142,178,,,179,189,,,148,208,195,96,147,42,76,30,100,50,74,76,59,79,83,22,18,35,133,69,81,193,76,100,,293,,,b'\x11\xe8\xe1I\xc9\x10\xe1\\\xaf\x82\x12\xdf\x17\xaeN\x1e'
11E8E149-C910-E15C-AF82-12DF17AE4E1E,2018-ncaa-d0-natl,ncaa,72,57,117,70,119,170,139,161,129,206,272,88,61,44,137,35,335,344,93,341,332,204,234,100,116,104,97,45,341,193,170,214,77,203,131,112,96,76,115,81,81,50,307,297,,,136,212,,,80,239,327,26,194,154,183,244,299,64,49,340,347,346,254,305,211,256,254,113,71,76,314,,126,,,76,39,53,59,115,79,75,164,62,90,52,163,102,94,157,95,181,51,85,101,100,69,124,124,215,37,77,114,170,75,131,62,133,123,61,60,64,93,11,34,,,334,344,,,80,112,101,52,69,27,35,17,59,35,49,77,96,93,96,17,23,28,92,52,61,122,68,9,,347,,,b'\x11\xe8\xe1I\xc9\x10\xe1\\\xaf\x82\x12\xdf\x17\xaeN\x1e'
11E8E149-C910-E15C-AF82-12DF17AE4E1E,2018-ncaa-d1-conf-America East,ncaa,1,1,1,1,1,1,1,2,1,3,4,1,1,1,1,2,7,8,1,8,9,3,3,1,1,1,4,1,9,3,3,2,1,1,1,1,4,2,1,1,3,3,6,6,,,7,7,,,1,3,9,3,2,2,3,4,7,1,1,7,9,9,6,7,6,4,4,2,1,4,6,,4,,,1,3,3,3,2,2,4,2,4,4,6,4,7,8,7,8,7,3,7,2,2,4,5,5,8,1,1,4,3,1,1,2,2,3,3,2,1,1,2,2,,,7,9,,,1,7,1,3,1,1,1,1,1,2,3,3,6,4,5,1,1,1,1,1,1,4,1,1,,9,,,b'\x11\xe8\xe1I\xc9\x10\xe1\\\xaf\x82\x12\xdf\x17\xaeN\x1e'
11E8E149-C910-E15C-AF82-12DF17AE4E1E,2018-ncaa-d1-natl,ncaa,61,57,53,64,54,111,92,100,99,163,242,55,40,36,124,28,325,341,119,338,333,148,167,69,89,89,101,40,347,169,169,164,70,174,125,68,77,107,115,64,59,43,279,276,,,181,203,,,59,164,321,34,165,121,167,216,299,52,43,342,347,346,256,301,223,246,252,83,71,72,297,,118,,,59,53,76,89,115,111,128,144,69,90,73,144,95,100,130,105,148,77,141,95,90,54,104,125,179,49,70,156,169,99,125,74,131,73,50,49,89,95,8,27,,,321,346,,,59,188,88,41,53,24,34,17,60,42,48,63,67,74,75,17,24,25,90,50,58,97,69,8,,347,,,b'\x11\xe8\xe1I\xc9\x10\xe1\\\xaf\x82\x12\xdf\x17\xaeN\x1e'
11E8E149-C910-E15C-AF82-12DF17AE4E1E,2018-ncaa-d1-ncaatournament,ncaa,33,2,33,33,34,55,52,57,49,46,53,28,56,49,60,28,46,49,19,48,34,56,62,54,51,52,47,52,26,64,64,64,63,64,64,62,63,6,28,58,35,14,51,47,,,1,4,,,56,48,36,7,54,51,52,37,47,54,32,39,43,42,54,61,64,64,64,62,18,12,45,,3,,,56,17,25,6,63,24,22,58,12,3,64,4,1,1,61,1,5,1,9,63,62,53,8,25,5,8,63,21,64,20,64,22,31,32,1,21,4,13,8,20,,,46,26,,,56,11,54,49,55,47,57,10,54,48,30,3,9,2,2,1,18,17,53,51,51,1,6,12,,38,,,b'\x11\xe8\xe1I\xc9\x10\xe1\\\xaf\x82\x12\xdf\x17\xaeN\x1e'
11E8E149-C910-E15C-AF82-12DF17AE4E1E,2019-ncaa-d0-natl,ncaa,31,34,47,37,57,85,76,88,92,154,250,47,28,17,96,17,261,301,77,302,268,109,184,55,66,36,57,24,334,172,190,177,128,172,180,29,22,5,10,7,47,27,161,138,,,114,122,,,41,191,341,132,124,110,168,248,316,32,28,315,333,334,237,333,236,292,290,33,2,71,192,,50,,,44,110,159,139,218,172,129,246,167,187,147,237,33,63,16,61,94,110,155,223,169,105,102,217,46,101,128,218,190,173,180,198,221,93,64,126,1,4,10,24,,,280,299,,,41,176,35,96,35,32,70,19,83,30,104,112,17,34,34,8,8,48,105,63,126,153,2,3,,343,,,b'\x11\xe8\xe1I\xc9\x10\xe1\\\xaf\x82\x12\xdf\x17\xaeN\x1e'
11E8E149-C910-E15C-AF82-12DF17AE4E1E,2019-ncaa-d1-conf-America East,ncaa,1,1,1,1,1,1,2,2,1,3,3,1,1,1,1,2,2,2,1,4,5,2,2,1,1,1,3,3,6,2,3,1,1,2,2,1,1,1,1,1,2,2,3,4,,,6,5,,,1,2,6,6,1,2,2,3,7,1,1,3,4,6,2,6,3,4,3,1,1,2,4,,4,,,1,2,3,5,3,7,8,4,3,3,3,3,3,4,1,4,3,5,8,2,2,2,2,3,4,1,1,7,3,4,2,3,4,2,2,2,1,1,1,1,,,3,6,,,1,8,1,2,1,1,2,2,3,4,1,2,3,3,3,2,2,1,3,2,2,2,1,1,,6,,,b'\x11\xe8\xe1I\xc9\x10\xe1\\\xaf\x82\x12\xdf\x17\xaeN\x1e'
11E8E149-C910-E15C-AF82-12DF17AE4E1E,2019-ncaa-d1-natl,ncaa,26,34,40,36,48,80,76,80,94,161,262,48,24,17,79,19,264,298,66,303,270,109,192,56,71,36,51,22,335,188,204,190,133,182,193,29,23,4,11,7,52,34,173,155,,,114,119,,,43,194,341,136,125,110,175,254,319,27,30,317,333,337,244,333,244,297,302,35,2,69,198,,48,,,45,102,172,133,227,179,134,253,158,178,143,225,32,58,16,60,87,106,145,231,166,110,86,205,38,93,133,220,204,179,193,218,240,89,68,141,3,3,13,34,,,277,294,,,43,170,31,102,35,31,79,21,92,34,91,105,15,36,32,8,9,48,112,63,141,151,2,6,,342,,,b'\x11\xe8\xe1I\xc9\x10\xe1\\\xaf\x82\x12\xdf\x17\xaeN\x1e'
11E8E149-C910-E15C-AF82-12DF17AE4E1E,2019-ncaa-d1-ncaatournament,ncaa,33,2,33,33,36,55,52,54,48,57,62,38,27,25,38,1,63,63,,63,63,60,64,40,48,44,7,1,63,62,63,39,2,52,43,47,23,7,20,21,46,13,29,2,,,1,9,,,42,61,57,7,55,52,45,57,62,3,2,63,63,63,60,64,61,30,50,40,8,24,8,,2,,,45,3,4,4,36,7,1,58,11,22,17,56,8,8,31,8,38,3,1,39,36,41,27,34,23,1,2,20,63,7,43,2,7,56,30,16,6,15,2,12,,,64,64,,,42,4,51,27,48,12,15,4,20,2,23,41,17,16,16,3,1,1,52,24,5,41,7,2,,64,,,b'\x11\xe8\xe1I\xc9\x10\xe1\\\xaf\x82\x12\xdf\x17\xaeN\x1e'
11E8E149-C910-E15C-AF82-12DF17AE4E1E,2020-ncaa-d0-natl,ncaa,123,150,33,146,49,187,162,175,162,263,297,120,39,28,111,23,317,337,29,339,318,229,262,102,116,102,52,23,332,331,339,252,248,313,333,99,69,49,79,64,188,179,342,346,,,98,95,,,191,212,334,78,241,215,271,306,329,54,49,334,341,343,320,343,341,321,347,130,28,226,346,,60,,,191,183,261,192,292,311,292,265,50,40,170,35,76,96,85,91,45,157,155,239,204,217,5,35,64,220,248,295,339,283,333,205,131,185,183,207,181,229,57,136,,,322,312,,,191,134,162,240,196,104,201,87,281,239,33,25,51,73,70,51,31,170,232,216,151,233,130,41,,343,,,b'\x11\xe8\xe1I\xc9\x10\xe1\\\xaf\x82\x12\xdf\x17\xaeN\x1e'
11E8E149-C910-E15C-AF82-12DF17AE4E1E,2020-ncaa-d1-conf-America East,ncaa,2,2,1,2,2,1,1,2,1,4,6,1,1,1,1,1,6,8,1,8,7,4,4,1,1,1,1,1,9,8,9,4,6,6,9,1,2,1,1,1,5,5,9,9,,,2,1,,,2,2,4,2,1,1,2,4,7,1,1,7,8,8,4,7,9,6,8,1,1,5,9,,1,,,2,7,9,8,8,9,8,8,2,3,3,2,2,4,3,4,2,8,8,7,6,5,1,1,2,7,6,9,9,9,9,7,2,5,5,5,3,2,3,7,,,6,7,,,2,7,1,5,2,6,8,5,9,7,2,2,2,3,3,4,7,5,9,9,6,5,1,3,,7,,,b'\x11\xe8\xe1I\xc9\x10\xe1\\\xaf\x82\x12\xdf\x17\xaeN\x1e'
11E8E149-C910-E15C-AF82-12DF17AE4E1E,2020-ncaa-d1-natl,ncaa,114,150,12,144,18,163,131,145,129,255,295,102,27,24,91,21,321,337,27,339,324,216,276,87,96,81,52,19,338,337,341,248,250,319,337,70,57,42,70,46,175,177,343,346,,,103,93,,,176,201,336,82,230,207,266,301,328,44,46,338,344,344,320,344,343,318,347,102,27,216,346,,50,,,177,200,269,200,290,313,304,257,47,34,173,28,84,103,87,96,47,172,165,234,198,211,5,33,69,227,250,306,341,289,337,211,137,182,172,197,179,225,58,136,,,324,308,,,176,141,141,232,176,104,189,80,279,242,32,20,52,73,69,53,29,159,233,208,146,231,124,43,,344,,,b'\x11\xe8\xe1I\xc9\x10\xe1\\\xaf\x82\x12\xdf\x17\xaeN\x1e'
11E8E149-C910-E15C-AF82-12DF17AE4E1E,2021-ncaa-d0-natl,ncaa,44,9,219,15,240,201,179,226,65,213,259,40,113,129,110,44,289,302,108,302,293,249,270,57,72,50,132,58,329,279,287,242,94,258,223,100,26,40,45,12,86,17,269,237,,,87,165,,,26,260,305,224,133,101,190,165,276,60,59,312,325,320,239,326,297,224,290,28,19,35,271,,93,,,17,49,54,65,38,62,81,51,53,63,56,129,60,75,27,73,153,64,77,36,27,12,129,131,192,67,94,118,287,90,223,43,112,137,21,11,30,26,23,21,,,285,290,,,26,82,71,10,16,7,10,11,27,50,37,53,48,81,77,8,20,56,175,105,20,58,9,6,,327,,,b'\x11\xe8\xe1I\xc9\x10\xe1\\\xaf\x82\x12\xdf\x17\xaeN\x1e'
11E8E149-C910-E15C-AF82-12DF17AE4E1E,2021-ncaa-d1-conf-America East,ncaa,1,2,2,1,2,1,1,1,1,3,4,1,1,1,1,2,5,5,3,5,6,2,2,1,1,1,2,1,8,4,9,2,4,3,8,1,1,3,1,1,1,1,7,9,,,9,5,,,1,2,8,1,1,2,2,4,8,1,1,6,6,6,3,9,8,6,9,1,1,1,9,,6,,,1,8,8,9,5,7,7,6,6,8,4,6,9,10,1,10,7,9,9,4,4,2,6,5,5,8,4,10,9,9,8,7,3,2,3,2,3,1,2,1,,,5,9,,,1,9,1,2,1,2,2,3,2,3,3,4,3,4,4,3,4,5,7,6,4,2,1,1,,9,,,b'\x11\xe8\xe1I\xc9\x10\xe1\\\xaf\x82\x12\xdf\x17\xaeN\x1e'
11E8E149-C910-E15C-AF82-12DF17AE4E1E,2021-ncaa-d1-natl,ncaa,46,9,231,15,248,216,198,241,69,231,270,42,123,138,110,43,296,304,109,304,293,258,280,61,74,54,130,56,329,290,291,249,96,268,231,113,26,38,44,13,99,17,275,236,,,78,170,,,27,270,307,225,140,107,194,171,278,61,61,313,324,320,243,328,300,230,296,31,19,43,273,,92,,,18,44,51,61,38,57,73,51,50,57,60,127,56,68,29,66,152,59,69,37,27,13,127,126,194,60,96,109,291,86,231,41,113,154,21,13,28,26,21,23,,,290,291,,,27,71,74,11,18,7,10,11,28,49,36,52,50,83,83,7,18,59,182,108,22,60,9,7,,326,,,b'\x11\xe8\xe1I\xc9\x10\xe1\\\xaf\x82\x12\xdf\x17\xaeN\x1e'
11E8E149-C910-E15C-AF82-12DF17AE4E1E,2022-ncaa-d0-natl,ncaa,79,106,52,97,53,168,116,113,142,141,186,72,98,58,247,56,345,347,272,347,355,155,176,131,193,164,247,93,356,240,295,151,44,197,222,56,34,118,113,49,54,32,186,209,,,221,227,,,146,150,350,34,286,191,254,214,290,138,95,355,356,356,308,353,308,282,328,70,52,90,220,,114,,,150,138,195,141,253,253,222,230,63,57,165,49,82,137,25,145,125,140,193,214,177,112,29,68,95,41,44,299,295,207,222,123,65,74,58,53,30,31,190,194,,,336,355,,,146,221,193,79,130,33,75,17,157,101,25,10,46,71,78,9,7,8,213,74,47,135,13,122,,356,,,b'\x11\xe8\xe1I\xc9\x10\xe1\\\xaf\x82\x12\xdf\x17\xaeN\x1e'
11E8E149-C910-E15C-AF82-12DF17AE4E1E,2022-ncaa-d1-conf-America East,ncaa,1,1,1,1,1,1,1,1,1,1,2,1,1,1,3,1,8,8,4,8,9,1,1,1,1,1,4,3,10,4,8,4,1,4,3,1,1,3,2,1,1,1,6,5,,,10,8,,,2,1,9,4,2,2,2,3,7,1,1,10,10,10,4,9,8,7,8,1,1,1,6,,6,,,2,7,5,5,5,5,5,5,4,3,7,4,6,7,2,6,8,5,7,6,6,4,6,5,7,2,1,9,8,6,3,7,7,1,1,2,2,1,2,2,,,9,10,,,2,10,2,2,2,2,2,1,3,2,3,1,4,4,4,1,2,1,4,2,3,1,1,2,,10,,,b'\x11\xe8\xe1I\xc9\x10\xe1\\\xaf\x82\x12\xdf\x17\xaeN\x1e'
11E8E149-C910-E15C-AF82-12DF17AE4E1E,2022-ncaa-d1-natl,ncaa,93,106,67,108,69,205,148,138,154,175,224,79,114,71,254,57,349,350,271,350,355,198,226,140,204,174,240,92,356,269,303,194,47,236,237,69,42,91,121,54,71,39,202,215,,,191,230,,,170,200,350,34,296,217,266,230,295,141,97,355,356,356,322,353,310,291,336,82,53,99,230,,113,,,176,115,168,106,270,231,183,247,53,39,180,49,72,112,26,118,125,105,132,228,190,133,28,66,94,28,47,286,303,177,237,107,65,96,67,61,23,32,174,208,,,342,355,,,170,176,209,97,156,36,84,16,164,104,26,8,47,74,81,9,7,8,217,77,54,151,13,135,,356,,,b'\x11\xe8\xe1I\xc9\x10\xe1\\\xaf\x82\x12\xdf\x17\xaeN\x1e'
11E8E149-C910-E15C-AF82-12DF17AE4E1E,2023-ncaa-d0-natl,ncaa,153,139,164,155,203,245,202,270,118,239,289,120,123,153,81,79,353,359,128,356,356,309,315,100,133,152,171,61,354,260,203,250,104,265,144,156,108,100,228,129,303,272,209,229,,,40,104,,,179,314,354,226,274,213,308,256,308,102,132,358,359,359,345,355,268,279,293,153,120,314,205,,41,,,179,59,123,78,264,279,215,282,4,10,11,13,78,63,296,70,57,63,42,174,169,224,1,4,156,34,104,57,203,33,144,66,76,317,264,247,178,276,52,115,,,352,354,,,179,54,157,200,169,67,145,54,295,250,5,7,92,67,79,33,9,34,56,29,74,331,191,48,,360,,,b'\x11\xe8\xe1I\xc9\x10\xe1\\\xaf\x82\x12\xdf\x17\xaeN\x1e'
11E8E149-C910-E15C-AF82-12DF17AE4E1E,2023-ncaa-d1-conf-America East,ncaa,3,3,3,3,3,4,3,4,3,4,6,2,1,1,3,1,9,9,3,9,9,5,5,1,2,2,6,2,9,6,6,3,1,4,2,2,2,2,3,2,5,5,7,8,,,6,8,,,3,5,7,5,2,2,5,3,8,1,1,9,9,9,5,7,7,4,6,2,3,6,7,,4,,,3,5,6,4,6,9,6,9,1,2,3,2,7,5,8,5,4,4,3,4,3,5,1,1,8,1,1,4,6,1,2,5,4,7,6,5,1,2,3,2,,,8,9,,,3,6,3,3,3,3,4,1,8,7,1,1,6,4,5,2,3,1,4,1,3,6,1,2,,9,,,b'\x11\xe8\xe1I\xc9\x10\xe1\\\xaf\x82\x12\xdf\x17\xaeN\x1e'
11E8E149-C910-E15C-AF82-12DF17AE4E1E,2023-ncaa-d1-natl,ncaa,167,138,219,159,266,287,241,317,124,279,317,128,136,170,85,80,355,360,133,359,355,339,347,106,144,158,168,62,354,283,207,288,113,310,157,195,113,69,233,138,330,288,226,233,,,26,111,,,199,348,356,201,283,228,312,265,311,111,135,358,359,359,347,355,274,284,303,160,117,322,206,,41,,,199,40,85,41,275,264,178,294,2,5,11,12,65,45,304,51,58,26,14,195,194,253,1,3,151,22,113,33,207,12,157,51,77,344,280,257,157,285,42,125,,,359,353,,,199,18,167,224,188,74,158,55,310,254,4,6,98,72,79,37,9,35,57,29,81,333,197,56,,360,,,b'\x11\xe8\xe1I\xc9\x10\xe1\\\xaf\x82\x12\xdf\x17\xaeN\x1e'
11E8E149-C910-E15C-AF82-12DF17AE4E1E,2024-ncaa-d0-natl,ncaa,41,57,29,56,48,106,97,67,165,144,188,101,43,22,197,32,275,297,91,295,307,99,121,131,156,107,102,46,342,57,77,92,11,66,37,63,62,58,40,31,133,131,264,296,,,129,129,,,67,145,346,263,183,152,153,230,296,65,41,329,342,339,228,314,104,181,138,77,18,191,309,,50,,,72,138,196,180,217,251,238,207,76,89,125,79,62,110,12,120,84,163,167,175,139,130,21,77,67,25,11,243,77,128,37,220,217,168,155,202,83,63,260,278,,,299,350,,,67,214,78,76,62,23,61,18,128,98,26,27,22,48,54,11,5,3,94,23,129,264,40,203,,355,,,b'\x11\xe8\xe1I\xc9\x10\xe1\\\xaf\x82\x12\xdf\x17\xaeN\x1e'
11E8E149-C910-E15C-AF82-12DF17AE4E1E,2024-ncaa-d1-conf-America East,ncaa,1,1,1,1,1,1,1,1,4,2,2,4,1,1,3,1,1,3,1,2,3,1,1,4,4,2,1,1,6,1,1,1,1,1,1,1,1,1,1,1,1,2,7,8,,,6,5,,,1,1,7,3,1,1,1,5,5,1,1,2,5,4,1,3,1,2,1,1,1,2,8,,3,,,1,2,4,3,5,4,4,5,5,5,4,6,2,4,2,4,5,3,7,5,4,1,4,5,1,1,1,7,1,3,1,4,5,1,2,3,1,1,7,7,,,6,9,,,1,9,1,1,1,2,3,1,3,3,3,4,1,2,2,1,3,1,3,2,4,2,1,6,,8,,,b'\x11\xe8\xe1I\xc9\x10\xe1\\\xaf\x82\x12\xdf\x17\xaeN\x1e'
11E8E149-C910-E15C-AF82-12DF17AE4E1E,2024-ncaa-d1-natl,ncaa,48,57,38,58,68,128,117,85,180,174,221,108,48,29,205,34,297,312,94,309,310,127,156,141,163,117,100,47,342,76,90,118,12,91,41,74,64,43,41,34,160,139,283,305,,,100,137,,,80,200,350,264,205,173,168,250,303,67,43,331,345,342,240,321,117,199,155,92,18,208,318,,52,,,83,104,170,141,236,238,210,218,59,65,139,79,47,99,18,108,88,116,109,193,160,150,21,76,70,15,12,209,90,92,41,206,222,204,174,221,62,66,252,288,,,322,351,,,80,164,89,99,72,28,70,19,144,101,29,25,23,50,60,11,5,3,101,26,138,278,39,214,,356,,,b'\x11\xe8\xe1I\xc9\x10\xe1\\\xaf\x82\x12\xdf\x17\xaeN\x1e'
11E8E149-C910-E15C-AF82-12DF17AE4E1E,2024-ncaa-d1-ncaatournament,ncaa,37,3,37,37,38,53,48,68,1,49,67,1,41,55,13,9,63,59,67,59,42,68,66,1,5,32,41,13,64,68,67,48,33,64,44,52,44,33,68,62,51,36,62,62,,,13,44,,,57,61,55,5,50,40,68,42,67,23,42,63,57,57,68,66,68,43,63,44,67,38,62,,37,,,60,19,16,11,57,16,10,64,21,22,38,53,19,18,44,18,56,9,6,58,61,63,47,46,46,13,33,3,67,3,44,12,37,63,49,57,27,65,5,25,,,47,23,,,57,10,46,63,59,54,50,16,43,13,48,45,51,47,46,20,8,21,5,5,46,54,56,6,,35,,,b'\x11\xe8\xe1I\xc9\x10\xe1\\\xaf\x82\x12\xdf\x17\xaeN\x1e'
11E8E149-C910-E15C-AF82-12DF17AE4E1E,2025-ncaa-d0-natl,genius_ncaa,184,176,194,191,234,287,258,303,167,330,356,91,67,56,130,4,361,362,187,362,353,341,346,104,143,154,52,4,361,310,267,311,52,329,193,123,14,64,213,79,302,225,353,354,,,61,265,,1,192,343,361,269,318,273,340,339,360,41,42,362,362,362,361,361,310,338,350,91,80,306,356,,83,,1,193,44,69,19,316,145,81,292,18,12,197,39,82,73,201,70,147,18,10,278,280,286,32,30,178,5,52,55,267,14,193,168,297,324,227,307,227,338,91,311,,,359,349,,307,192,18,172,234,197,54,81,7,169,78,16,9,107,94,92,7,1,4,72,18,196,338,251,113,,362,,305,b'\x11\xe8\xe1I\xc9\x10\xe1\\\xaf\x82\x12\xdf\x17\xaeN\x1e'
11E8E149-C910-E15C-AF82-12DF17AE4E1E,2025-ncaa-d1-conf-America East,genius_ncaa,3,3,3,3,3,4,3,4,4,7,9,3,1,1,2,1,9,9,2,9,6,5,6,3,3,3,2,1,8,3,3,5,1,3,1,1,1,5,5,3,6,6,9,9,,,7,7,,1,3,6,8,3,5,4,6,7,9,1,1,8,9,9,9,7,4,6,5,1,3,7,9,,6,,1,3,6,5,3,6,8,6,6,1,1,3,1,8,9,8,8,8,3,3,6,5,6,2,1,9,2,1,1,3,1,1,7,8,7,7,6,9,9,1,3,,,9,9,,7,3,5,3,3,3,3,3,2,6,6,2,1,7,8,8,3,2,1,3,1,5,8,9,1,,9,,8,b'\x11\xe8\xe1I\xc9\x10\xe1\\\xaf\x82\x12\xdf\x17\xaeN\x1e'
11E8E149-C910-E15C-AF82-12DF17AE4E1E,2025-ncaa-d1-natl,genius_ncaa,184,176,172,185,226,283,255,307,164,336,355,90,50,48,101,4,361,362,177,362,349,335,347,87,125,138,33,3,361,313,274,303,47,320,195,106,10,58,203,66,309,240,355,354,,,81,282,,1,180,346,361,269,310,270,337,343,360,32,33,362,362,362,360,361,314,329,343,76,72,312,355,,97,,1,180,39,60,19,300,146,89,280,14,10,166,33,92,90,193,89,158,20,13,255,254,279,31,27,198,5,47,70,274,16,195,173,297,326,239,315,205,324,101,321,,,358,347,,310,180,17,147,225,179,45,73,7,166,83,10,8,112,108,106,7,2,4,73,20,183,338,216,118,,361,,311,b'\x11\xe8\xe1I\xc9\x10\xe1\\\xaf\x82\x12\xdf\x17\xaeN\x1e'
11E8E149-C910-E15C-AF82-12DF17AE4E1E,2026-ncaa-d0-natl,genius_ncaa,212,295,49,260,73,156,139,82,276,127,124,196,142,57,336,74,279,278,199,277,342,101,136,290,305,219,262,152,328,124,257,138,184,134,275,84,40,82,39,39,108,118,101,160,,,160,81,,96,221,138,340,97,279,233,141,211,218,218,86,341,347,347,205,335,206,278,274,112,16,151,139,,49,,53,213,241,282,246,234,324,292,242,101,148,87,78,163,134,281,131,43,236,230,199,195,184,19,50,91,199,184,337,257,315,275,320,322,130,162,266,98,62,332,300,,,264,350,,87,221,234,217,175,207,102,172,95,254,217,40,49,72,51,44,55,28,104,297,236,267,220,39,298,,357,,131,b'\x11\xe8\xe1I\xc9\x10\xe1\\\xaf\x82\x12\xdf\x17\xaeN\x1e'
11E8E149-C910-E15C-AF82-12DF17AE4E1E,2026-ncaa-d1-natl,genius_ncaa,256,294,85,287,117,234,209,126,309,190,178,227,200,81,344,77,323,327,194,327,345,159,201,312,324,253,250,151,326,184,287,217,198,207,311,120,44,42,46,45,161,154,128,171,,,106,89,,69,264,203,346,100,307,273,165,251,238,236,94,347,349,349,242,346,243,303,311,146,17,193,151,,52,,60,261,201,242,192,270,306,256,278,65,91,107,73,120,92,288,85,45,179,168,237,233,236,14,43,94,153,198,322,287,289,311,307,326,198,201,296,63,64,322,318,,,325,349,,105,264,171,253,222,255,132,210,106,281,230,40,46,84,60,54,65,27,111,317,256,297,250,44,309,,359,,128,b'\x11\xe8\xe1I\xc9\x10\xe1\\\xaf\x82\x12\xdf\x17\xaeN\x1e'
11E8E149-C915-72BC-AF82-12DF17AE4E1E,2010-ncaa-d0-natl,ncaa,159,145,178,163,192,202,240,285,142,233,260,160,188,221,94,194,86,87,123,83,23,258,273,129,104,114,85,174,36,301,280,294,330,311,321,202,135,90,175,166,63,29,216,164,,,39,45,,,126,247,266,111,194,250,307,240,264,169,222,54,63,59,267,292,308,315,327,193,122,41,219,,51,,,126,71,95,111,144,47,33,222,266,284,120,328,27,29,148,33,123,83,136,186,152,72,253,314,45,269,330,111,280,177,321,265,328,77,35,168,99,177,278,318,,,176,61,,,126,95,148,122,123,87,110,118,64,25,290,305,34,38,42,72,164,295,136,232,275,52,130,289,,148,,,b'\x11\xe8\xe1I\xc9\x15r\xbc\xaf\x82\x12\xdf\x17\xaeN\x1e'
11E8E149-C915-72BC-AF82-12DF17AE4E1E,2010-ncaa-d1-conf-MAAC,ncaa,4,4,7,4,7,7,7,10,4,7,10,6,6,9,2,8,2,2,4,1,1,10,10,3,2,2,3,7,1,9,6,10,10,10,9,8,6,3,7,7,3,2,8,5,,,1,3,,,3,9,9,2,4,7,10,7,8,6,9,1,1,1,9,10,8,10,10,8,6,2,8,,3,,,3,3,6,2,9,4,2,10,8,9,5,10,1,1,1,1,5,2,3,10,8,4,5,9,1,9,10,2,6,3,9,10,10,3,2,8,5,6,5,8,,,4,2,,,3,1,3,7,3,6,7,4,6,2,10,10,1,1,1,2,7,10,4,6,10,2,6,7,,2,,,b'\x11\xe8\xe1I\xc9\x15r\xbc\xaf\x82\x12\xdf\x17\xaeN\x1e'
11E8E149-C915-72BC-AF82-12DF17AE4E1E,2010-ncaa-d1-natl,ncaa,166,145,191,167,207,217,256,306,145,246,279,164,195,233,96,191,94,95,121,90,22,285,299,134,106,117,85,173,33,315,281,312,330,328,322,211,136,77,175,169,71,32,226,167,,,32,48,,,131,272,266,106,200,257,309,245,265,172,223,55,65,59,272,293,307,315,327,201,122,40,221,,51,,,131,58,82,97,147,36,23,225,257,279,124,328,23,28,146,31,124,55,118,193,159,81,252,313,45,262,330,95,281,167,322,260,328,88,37,173,93,178,273,322,,,188,61,,,131,71,151,133,131,91,113,121,65,25,291,307,35,39,42,75,164,295,138,234,282,58,127,294,,148,,,b'\x11\xe8\xe1I\xc9\x15r\xbc\xaf\x82\x12\xdf\x17\xaeN\x1e'
11E8E149-C915-72BC-AF82-12DF17AE4E1E,2011-ncaa-d0-natl,ncaa,30,47,26,49,38,166,187,160,221,266,255,256,39,51,43,41,185,237,67,239,170,173,183,157,146,151,18,18,205,203,233,237,272,233,274,127,67,129,160,123,19,10,193,125,,,49,36,,,68,177,337,257,280,295,321,332,328,65,95,270,310,312,331,333,287,334,334,208,51,23,241,,10,,,71,38,44,109,43,5,13,44,332,326,204,343,10,11,54,10,89,62,182,119,73,13,339,343,25,228,272,214,233,228,274,232,338,21,4,56,128,150,145,208,,,205,199,,,68,171,160,20,61,3,4,5,1,1,292,298,3,4,5,1,11,117,61,71,142,43,63,87,,321,,,b'\x11\xe8\xe1I\xc9\x15r\xbc\xaf\x82\x12\xdf\x17\xaeN\x1e'
11E8E149-C915-72BC-AF82-12DF17AE4E1E,2011-ncaa-d1-conf-MAAC,ncaa,3,3,3,3,6,4,4,7,4,8,10,4,4,4,2,3,7,6,4,6,4,8,9,3,3,3,2,3,6,6,7,10,9,10,9,5,3,3,3,2,1,1,9,4,,,1,2,,,3,9,9,10,4,5,9,9,9,4,4,6,7,7,9,10,7,10,10,5,3,1,9,,2,,,2,4,3,2,5,2,1,6,10,10,7,10,1,1,7,1,4,1,3,7,6,3,10,10,1,8,9,5,7,4,9,8,10,1,1,5,3,3,5,6,,,8,4,,,3,2,2,4,2,3,3,1,2,1,10,10,2,1,1,1,3,9,2,4,8,1,3,4,,9,,,b'\x11\xe8\xe1I\xc9\x15r\xbc\xaf\x82\x12\xdf\x17\xaeN\x1e'
11E8E149-C915-72BC-AF82-12DF17AE4E1E,2011-ncaa-d1-natl,ncaa,34,46,28,49,45,187,213,184,226,285,276,260,43,56,44,41,199,248,65,251,175,201,215,160,152,159,18,17,205,223,241,257,276,248,281,143,68,109,162,127,19,11,203,125,,,34,34,,,76,213,337,260,283,298,323,333,329,64,100,269,313,314,334,334,290,335,335,218,50,25,243,,11,,,78,25,32,88,47,3,6,47,327,324,207,343,8,8,58,8,90,44,152,124,77,13,339,343,24,212,276,198,241,212,281,221,338,26,4,61,116,152,136,216,,,229,199,,,76,138,165,22,69,3,4,5,1,2,294,297,4,5,5,1,11,122,64,72,146,47,66,89,,321,,,b'\x11\xe8\xe1I\xc9\x15r\xbc\xaf\x82\x12\xdf\x17\xaeN\x1e'
11E8E149-C915-72BC-AF82-12DF17AE4E1E,2012-ncaa-d0-natl,ncaa,123,174,22,155,37,143,109,107,138,192,226,156,25,31,51,30,330,332,121,332,338,163,147,81,130,162,76,17,342,204,226,308,320,288,322,37,12,244,233,72,10,4,234,181,,,35,15,,,115,124,321,237,270,213,268,297,314,39,66,340,341,341,319,322,283,342,342,63,134,11,268,,6,,,118,121,126,109,190,57,14,264,310,319,137,337,47,24,333,26,115,75,222,237,233,49,305,326,59,246,320,218,226,230,322,316,342,11,3,77,307,299,68,95,,,297,334,,,115,211,181,58,125,21,26,4,10,2,254,292,18,8,8,1,24,136,71,78,241,18,237,29,,336,,,b'\x11\xe8\xe1I\xc9\x15r\xbc\xaf\x82\x12\xdf\x17\xaeN\x1e'
11E8E149-C915-72BC-AF82-12DF17AE4E1E,2012-ncaa-d1-conf-MAAC,ncaa,3,3,7,3,9,9,8,9,5,9,9,5,5,5,3,3,10,10,5,10,10,9,10,4,6,7,4,1,10,8,7,10,10,10,10,6,3,4,8,4,2,1,9,4,,,1,2,,,3,10,9,6,8,6,7,9,7,4,4,10,10,10,8,9,7,10,10,4,5,1,8,,2,,,3,1,1,1,3,1,1,6,6,9,3,10,1,1,8,1,3,1,1,5,3,3,8,10,1,8,10,2,7,4,10,3,10,1,1,2,6,9,2,4,,,10,10,,,3,1,8,3,3,2,2,1,1,1,7,9,1,1,1,1,2,9,4,6,5,1,8,3,,10,,,b'\x11\xe8\xe1I\xc9\x15r\xbc\xaf\x82\x12\xdf\x17\xaeN\x1e'
11E8E149-C915-72BC-AF82-12DF17AE4E1E,2012-ncaa-d1-natl,ncaa,128,173,23,162,42,166,128,126,143,216,253,168,29,38,52,31,335,336,119,336,338,195,174,85,133,166,73,17,342,224,230,323,322,309,323,40,11,223,233,76,11,4,247,185,,,28,16,,,124,152,322,235,274,221,269,303,314,40,66,340,341,341,319,322,287,342,343,65,132,14,274,,6,,,127,103,104,83,198,47,8,266,304,313,144,337,40,20,334,20,117,49,194,241,238,61,304,325,60,228,322,198,230,207,323,308,342,13,3,85,298,301,60,96,,,313,333,,,124,178,189,68,131,25,27,4,11,2,254,294,18,9,9,1,24,141,71,81,244,18,238,29,,337,,,b'\x11\xe8\xe1I\xc9\x15r\xbc\xaf\x82\x12\xdf\x17\xaeN\x1e'
11E8E149-C915-72BC-AF82-12DF17AE4E1E,2013-ncaa-d0-natl,ncaa,290,310,120,303,152,298,270,278,233,281,282,226,164,166,161,89,342,342,258,342,337,308,280,206,253,282,170,71,335,303,295,302,330,319,325,177,51,239,311,215,64,35,200,104,,,106,125,,,288,262,312,195,330,300,323,304,302,169,170,344,343,343,334,322,320,332,341,198,231,59,207,,93,,,280,107,51,63,100,6,7,96,326,314,300,335,188,193,168,197,331,76,130,214,223,128,344,339,238,278,330,130,295,213,325,265,342,84,46,163,215,280,214,285,,,312,288,,,288,88,311,187,287,88,41,31,4,4,324,314,189,187,189,42,86,276,124,200,258,82,202,210,,330,,,b'\x11\xe8\xe1I\xc9\x15r\xbc\xaf\x82\x12\xdf\x17\xaeN\x1e'
11E8E149-C915-72BC-AF82-12DF17AE4E1E,2013-ncaa-d1-conf-MAAC,ncaa,9,9,3,9,6,9,6,9,4,5,7,4,6,7,5,7,10,10,8,10,10,9,8,4,5,9,9,6,10,10,10,9,10,10,10,6,4,9,10,8,2,3,8,8,,,4,4,,,9,8,7,6,10,9,9,7,8,6,8,10,10,10,10,8,9,10,10,6,9,3,8,,3,,,9,7,7,5,6,2,2,7,10,10,7,10,5,6,1,6,9,6,5,8,8,8,10,10,5,9,10,5,10,7,10,8,10,3,3,8,8,9,10,10,,,8,8,,,9,3,10,9,9,6,5,4,2,1,10,10,5,6,6,4,4,9,6,6,9,5,7,10,,9,,,b'\x11\xe8\xe1I\xc9\x15r\xbc\xaf\x82\x12\xdf\x17\xaeN\x1e'
11E8E149-C915-72BC-AF82-12DF17AE4E1E,2013-ncaa-d1-natl,ncaa,298,310,136,306,178,313,288,298,241,297,295,232,173,172,163,87,345,343,256,343,337,324,301,213,260,286,171,70,335,311,298,320,334,329,328,191,50,230,314,220,72,37,215,105,,,94,129,,,295,284,314,189,330,307,325,306,303,167,170,344,343,343,336,323,323,335,341,204,230,63,211,,92,,,289,87,39,41,108,6,5,101,325,311,303,336,182,179,169,182,330,53,99,216,226,138,344,339,239,265,334,112,298,198,328,254,342,98,46,172,202,283,207,289,,,324,285,,,295,60,313,195,296,95,43,31,4,4,325,314,193,189,192,42,89,277,129,205,261,87,203,213,,330,,,b'\x11\xe8\xe1I\xc9\x15r\xbc\xaf\x82\x12\xdf\x17\xaeN\x1e'
11E8E149-C915-72BC-AF82-12DF17AE4E1E,2014-ncaa-d0-natl,ncaa,273,282,180,279,219,289,275,311,162,290,317,111,133,134,162,68,327,335,124,335,281,325,325,118,144,195,114,69,308,340,319,341,349,344,347,141,18,149,283,132,74,34,314,295,,,43,65,,,284,305,325,191,306,291,329,297,315,119,113,329,335,338,339,335,340,349,349,109,169,58,316,,54,,,281,125,158,89,286,115,34,315,252,249,193,324,61,58,143,58,145,62,94,306,290,227,208,291,56,302,349,86,319,184,347,312,344,135,81,261,244,320,133,282,,,337,309,,,284,42,254,301,292,169,204,86,158,22,279,289,67,76,68,58,101,325,112,236,322,110,254,160,,342,,,b'\x11\xe8\xe1I\xc9\x15r\xbc\xaf\x82\x12\xdf\x17\xaeN\x1e'
11E8E149-C915-72BC-AF82-12DF17AE4E1E,2014-ncaa-d1-conf-MAAC,ncaa,7,7,7,7,8,9,9,9,5,10,10,3,4,5,6,4,8,8,4,8,8,8,9,5,5,6,4,4,9,11,11,11,11,11,11,5,3,5,7,5,1,1,10,10,,,3,3,,,8,8,9,2,8,9,8,10,9,4,5,8,8,8,8,8,10,11,11,5,6,1,10,,3,,,8,5,7,3,10,6,3,10,7,8,5,8,3,3,3,3,4,2,4,10,10,6,7,7,4,11,11,4,11,8,11,10,10,3,2,6,7,9,10,11,,,11,10,,,8,3,7,9,8,7,9,4,8,3,7,8,3,4,4,3,7,11,6,11,10,2,7,10,,10,,,b'\x11\xe8\xe1I\xc9\x15r\xbc\xaf\x82\x12\xdf\x17\xaeN\x1e'
11E8E149-C915-72BC-AF82-12DF17AE4E1E,2014-ncaa-d1-natl,ncaa,279,282,211,282,262,304,293,326,164,304,326,116,141,137,167,69,332,339,125,339,281,334,336,125,150,197,111,69,305,342,324,346,349,349,347,159,18,126,284,137,86,40,320,297,,,34,67,,,288,325,326,184,308,294,330,301,316,118,115,330,335,338,339,338,341,349,349,112,169,62,318,,55,,,291,104,140,59,293,102,18,318,247,242,199,321,50,49,145,47,148,40,61,311,295,237,209,290,55,294,349,67,324,164,347,307,344,151,84,267,227,324,127,290,,,343,308,,,288,23,260,308,300,175,209,86,163,22,281,284,65,76,68,58,98,327,116,241,323,114,255,162,,343,,,b'\x11\xe8\xe1I\xc9\x15r\xbc\xaf\x82\x12\xdf\x17\xaeN\x1e'
11E8E149-C915-72BC-AF82-12DF17AE4E1E,2015-ncaa-d0-natl,ncaa,339,344,172,343,226,325,312,249,340,304,213,339,235,214,273,165,334,344,56,344,347,283,290,336,336,330,198,156,282,183,192,335,337,306,324,201,23,145,234,182,174,124,238,179,,,47,100,,,339,304,332,276,343,334,263,318,217,239,215,341,346,346,316,312,185,345,326,192,166,168,235,,56,,,338,195,219,77,336,109,37,321,327,253,347,322,39,52,47,52,155,55,60,347,344,334,294,335,23,217,337,167,192,206,324,334,347,209,153,319,151,219,336,346,,,341,336,,,339,43,328,339,340,228,257,67,135,20,334,277,53,72,72,39,35,254,199,223,342,215,166,343,,347,,,b'\x11\xe8\xe1I\xc9\x15r\xbc\xaf\x82\x12\xdf\x17\xaeN\x1e'
11E8E149-C915-72BC-AF82-12DF17AE4E1E,2015-ncaa-d1-conf-MAAC,ncaa,11,11,8,11,11,11,11,10,11,11,7,11,8,6,10,5,11,11,3,11,11,11,10,11,11,11,8,7,7,6,6,11,11,10,11,9,3,7,8,8,4,3,8,7,,,2,4,,,11,10,10,9,11,11,6,10,4,7,5,10,11,11,8,8,6,11,10,8,7,4,7,,4,,,11,8,8,5,11,4,2,11,10,6,11,10,4,4,5,4,8,3,2,11,11,11,9,10,3,8,11,6,6,8,11,11,11,5,4,8,7,9,11,11,,,11,10,,,11,1,11,11,11,11,11,5,5,2,11,7,4,4,4,3,4,8,8,8,11,4,7,11,,11,,,b'\x11\xe8\xe1I\xc9\x15r\xbc\xaf\x82\x12\xdf\x17\xaeN\x1e'
11E8E149-C915-72BC-AF82-12DF17AE4E1E,2015-ncaa-d1-natl,ncaa,345,344,209,346,271,343,332,282,341,327,242,342,247,229,276,161,343,347,55,347,347,316,323,337,338,334,196,158,280,212,200,345,338,328,328,226,23,111,238,188,193,134,248,182,,,32,104,,,339,333,332,276,346,338,270,325,218,242,216,342,346,346,319,317,188,345,328,202,161,175,236,,58,,,340,173,194,45,338,89,19,323,322,240,347,321,31,48,52,48,156,30,24,347,344,337,296,336,24,197,338,135,200,175,328,330,347,240,159,322,138,227,335,346,,,348,336,,,339,13,330,340,343,244,264,67,143,22,334,278,54,76,75,40,35,258,205,227,342,220,175,343,,347,,,b'\x11\xe8\xe1I\xc9\x15r\xbc\xaf\x82\x12\xdf\x17\xaeN\x1e'
11E8E149-C915-72BC-AF82-12DF17AE4E1E,2016-ncaa-d0-natl,ncaa,164,181,114,173,165,189,188,121,282,133,71,287,277,255,283,283,135,110,242,110,196,107,108,298,294,268,259,286,82,42,55,251,202,140,128,187,159,212,171,199,17,10,59,28,,,250,264,,,146,145,163,280,229,225,126,140,64,293,265,129,110,106,111,99,32,302,159,208,198,13,55,,245,,,146,98,50,49,137,67,58,160,98,120,104,171,290,285,222,286,324,82,185,130,187,65,269,136,329,122,202,211,55,170,128,160,298,28,13,44,248,207,277,204,,,151,202,,,146,200,226,53,142,74,43,18,47,27,90,99,284,271,275,37,148,112,173,143,149,18,229,270,,167,,,b'\x11\xe8\xe1I\xc9\x15r\xbc\xaf\x82\x12\xdf\x17\xaeN\x1e'
11E8E149-C915-72BC-AF82-12DF17AE4E1E,2016-ncaa-d1-conf-MAAC,ncaa,4,4,3,4,5,5,4,4,8,1,1,8,8,8,8,10,4,4,6,4,5,4,4,8,8,7,9,10,4,1,1,10,11,4,2,6,6,7,5,6,1,1,2,2,,,7,7,,,4,4,4,7,5,4,4,1,1,8,8,5,4,4,3,2,1,11,3,6,6,1,2,,7,,,4,5,2,3,5,2,1,6,6,6,7,8,7,7,7,7,8,2,7,5,7,4,9,6,8,8,11,4,1,5,2,5,7,2,2,2,7,6,8,5,,,5,7,,,4,8,6,3,4,5,3,2,2,1,4,5,7,7,7,4,7,8,3,4,3,2,7,8,,6,,,b'\x11\xe8\xe1I\xc9\x15r\xbc\xaf\x82\x12\xdf\x17\xaeN\x1e'
11E8E149-C915-72BC-AF82-12DF17AE4E1E,2016-ncaa-d1-natl,ncaa,174,179,142,184,209,216,220,152,289,160,85,293,287,272,286,283,151,130,244,130,191,145,146,301,298,277,257,284,71,53,59,288,211,173,140,209,164,185,173,210,22,10,60,30,,,236,270,,,161,188,163,282,239,237,131,154,69,293,267,131,114,110,118,105,37,309,166,212,198,14,56,,249,,,161,70,34,27,150,49,34,172,87,89,113,170,281,270,228,272,323,39,144,146,194,75,267,133,328,99,211,183,59,137,140,145,299,37,13,49,230,212,270,215,,,181,197,,,161,158,233,66,160,79,46,20,50,27,95,98,288,277,281,36,148,115,179,150,156,20,233,276,,167,,,b'\x11\xe8\xe1I\xc9\x15r\xbc\xaf\x82\x12\xdf\x17\xaeN\x1e'
11E8E149-C915-72BC-AF82-12DF17AE4E1E,2017-ncaa-d0-natl,ncaa,284,300,168,296,215,304,278,292,243,309,330,145,155,107,278,27,345,346,168,346,325,317,307,204,237,267,123,58,340,305,286,286,252,315,282,182,40,195,299,202,200,151,134,102,,,132,221,,,297,298,325,268,320,299,321,323,336,149,85,345,347,347,344,337,310,312,334,180,227,188,120,,147,,,297,124,147,87,261,155,104,261,146,126,222,189,121,111,208,109,165,71,59,266,264,267,148,180,146,135,252,99,286,99,282,237,280,257,219,271,196,280,45,165,,,329,308,,,297,56,291,279,301,150,170,76,186,93,168,136,123,118,117,63,34,154,124,130,252,258,214,58,,342,,,b'\x11\xe8\xe1I\xc9\x15r\xbc\xaf\x82\x12\xdf\x17\xaeN\x1e'
11E8E149-C915-72BC-AF82-12DF17AE4E1E,2017-ncaa-d1-conf-MAAC,ncaa,10,10,8,10,10,10,10,10,6,9,10,4,5,4,10,3,11,11,8,11,11,11,11,5,8,9,8,3,11,9,7,11,11,11,11,5,4,8,11,7,6,5,4,6,,,3,4,,,10,11,10,7,10,10,8,8,9,4,4,11,11,11,10,9,8,11,11,5,10,6,4,,3,,,10,9,10,6,11,11,8,11,4,4,6,5,4,4,2,4,3,6,3,11,10,10,2,4,2,11,11,1,7,5,11,9,8,9,9,10,6,9,6,7,,,11,11,,,10,2,10,11,10,10,11,9,11,9,5,5,5,6,6,9,7,11,3,8,9,8,8,6,,11,,,b'\x11\xe8\xe1I\xc9\x15r\xbc\xaf\x82\x12\xdf\x17\xaeN\x1e'
11E8E149-C915-72BC-AF82-12DF17AE4E1E,2017-ncaa-d1-natl,ncaa,300,299,217,303,288,324,303,324,246,323,344,158,168,125,283,28,345,347,167,347,324,338,338,211,247,272,119,55,339,322,290,322,263,334,287,204,42,171,304,207,220,161,148,106,,,103,224,,,303,334,326,270,329,304,324,328,338,148,87,345,347,347,345,339,314,321,337,187,231,194,122,,146,,,304,95,113,48,273,132,72,275,130,95,230,191,108,92,214,90,166,31,20,276,277,284,143,178,144,110,263,71,290,73,287,221,283,281,223,280,173,284,34,175,,,341,303,,,303,19,296,296,308,159,179,76,189,100,169,131,130,120,118,63,34,157,126,134,258,263,214,56,,344,,,b'\x11\xe8\xe1I\xc9\x15r\xbc\xaf\x82\x12\xdf\x17\xaeN\x1e'
11E8E149-C915-72BC-AF82-12DF17AE4E1E,2018-ncaa-d0-natl,ncaa,208,224,117,219,125,233,200,199,201,208,246,141,156,117,262,79,329,328,212,331,326,234,228,189,227,250,211,115,329,159,139,249,111,212,137,138,61,200,247,155,84,48,112,78,,,201,281,,,194,242,329,62,292,235,254,247,278,172,115,339,338,338,304,303,170,292,262,142,197,78,119,,186,,,194,79,77,61,165,82,86,156,103,87,194,148,183,191,173,188,246,68,72,164,191,152,211,170,248,45,111,110,139,77,137,177,295,181,129,186,141,187,104,156,,,338,346,,,194,99,226,135,198,58,43,20,62,40,102,75,181,176,173,25,21,40,87,53,156,197,132,98,,349,,,b'\x11\xe8\xe1I\xc9\x15r\xbc\xaf\x82\x12\xdf\x17\xaeN\x1e'
11E8E149-C915-72BC-AF82-12DF17AE4E1E,2018-ncaa-d1-conf-MAAC,ncaa,5,6,3,6,4,6,4,5,4,5,6,3,4,2,7,3,9,10,5,10,10,6,7,3,5,5,8,4,10,4,2,7,4,5,4,5,6,6,8,4,4,3,3,1,,,10,10,,,5,7,10,2,6,4,4,5,8,5,3,9,11,11,7,9,5,8,6,5,6,4,3,,9,,,5,4,3,3,8,3,4,6,4,3,7,3,6,6,2,6,6,3,3,8,8,6,6,4,6,4,4,3,2,2,4,7,7,6,4,8,3,4,7,7,,,10,11,,,5,5,5,5,5,4,3,2,4,4,4,3,6,6,6,2,2,3,3,1,6,7,3,5,,11,,,b'\x11\xe8\xe1I\xc9\x15r\xbc\xaf\x82\x12\xdf\x17\xaeN\x1e'
11E8E149-C915-72BC-AF82-12DF17AE4E1E,2018-ncaa-d1-natl,ncaa,218,223,144,222,153,272,236,239,219,243,272,150,179,128,264,80,337,337,210,337,326,275,282,203,238,256,205,115,329,192,147,288,120,258,147,154,62,180,251,163,98,52,130,83,,,176,283,,,207,308,330,59,298,260,261,253,278,174,115,340,339,338,308,309,178,302,273,146,197,87,124,,187,,,207,44,47,27,179,59,56,169,87,67,206,146,167,174,177,168,246,29,30,178,202,172,205,169,249,29,120,84,147,45,147,160,296,207,138,199,122,190,94,165,,,346,347,,,207,41,234,151,212,63,49,21,67,41,103,73,185,179,176,25,20,44,94,56,166,207,134,102,,349,,,b'\x11\xe8\xe1I\xc9\x15r\xbc\xaf\x82\x12\xdf\x17\xaeN\x1e'
11E8E149-C915-72BC-AF82-12DF17AE4E1E,2019-ncaa-d0-natl,ncaa,220,245,114,236,148,294,246,160,319,218,119,314,272,226,317,230,339,315,336,313,343,197,163,325,339,338,298,224,322,90,121,182,71,139,125,269,247,280,267,298,68,39,56,36,,,181,252,,,204,198,287,193,331,300,191,256,120,281,243,347,325,324,251,207,91,218,147,294,255,72,54,,169,,,204,30,29,64,70,45,101,66,66,77,113,147,134,110,254,112,155,59,105,62,73,31,194,154,247,45,71,236,121,147,125,79,229,76,37,45,198,185,5,7,,,297,333,,,204,141,324,23,208,17,17,22,31,53,60,59,126,104,106,18,47,37,215,126,75,74,177,6,,333,,,b'\x11\xe8\xe1I\xc9\x15r\xbc\xaf\x82\x12\xdf\x17\xaeN\x1e'
11E8E149-C915-72BC-AF82-12DF17AE4E1E,2019-ncaa-d1-conf-MAAC,ncaa,4,4,3,4,3,8,6,3,9,4,2,9,10,9,11,10,11,8,9,9,11,4,3,10,10,9,11,11,11,3,3,4,2,3,3,8,10,6,5,6,2,2,1,1,,,5,6,,,4,6,8,4,9,7,3,5,1,10,10,11,8,9,5,5,3,4,2,9,6,3,1,,3,,,4,2,2,5,4,3,6,2,4,7,5,6,3,4,9,4,4,3,3,3,4,2,4,6,7,2,2,9,3,6,3,3,8,4,3,3,6,5,3,2,,,10,11,,,4,6,9,2,4,2,2,5,2,5,4,6,4,5,5,3,3,2,8,6,4,5,6,3,,11,,,b'\x11\xe8\xe1I\xc9\x15r\xbc\xaf\x82\x12\xdf\x17\xaeN\x1e'
11E8E149-C915-72BC-AF82-12DF17AE4E1E,2019-ncaa-d1-natl,ncaa,232,245,155,244,193,315,284,203,323,256,146,318,287,249,319,228,345,326,337,324,343,250,221,328,340,339,295,223,323,122,135,220,75,177,144,297,255,258,272,309,90,48,66,37,,,153,255,,,220,254,290,180,335,304,202,266,126,286,246,347,326,325,259,214,98,231,162,309,257,77,58,,175,,,220,14,18,28,79,31,67,72,51,52,124,140,110,93,254,91,158,20,56,67,78,41,191,147,245,35,75,200,135,98,144,65,231,101,44,53,177,191,3,7,,,318,331,,,220,82,330,28,225,18,20,26,37,59,62,57,135,107,107,18,43,39,223,135,86,81,180,5,,335,,,b'\x11\xe8\xe1I\xc9\x15r\xbc\xaf\x82\x12\xdf\x17\xaeN\x1e'
11E8E149-C915-72BC-AF82-12DF17AE4E1E,2020-ncaa-d0-natl,ncaa,163,150,191,161,219,241,183,141,240,180,155,226,178,144,251,135,343,337,197,337,344,202,232,248,274,238,258,144,339,129,159,228,136,185,180,125,100,91,118,100,78,43,115,68,,,53,71,,,152,262,268,117,236,175,84,171,129,170,134,342,337,337,177,209,119,211,166,111,110,71,113,,55,,,152,54,72,76,123,43,54,109,239,208,252,296,24,27,94,25,69,50,72,167,126,82,256,320,42,74,136,235,159,170,180,231,328,123,72,168,145,162,82,77,,,339,346,,,152,84,218,75,156,62,88,90,49,47,257,228,28,29,27,46,76,98,261,203,244,105,164,94,,342,,,b'\x11\xe8\xe1I\xc9\x15r\xbc\xaf\x82\x12\xdf\x17\xaeN\x1e'
11E8E149-C915-72BC-AF82-12DF17AE4E1E,2020-ncaa-d1-conf-MAAC,ncaa,4,3,10,4,10,9,4,6,5,4,4,3,8,7,10,5,10,11,5,11,11,8,9,5,7,6,10,8,10,4,5,8,4,6,5,4,3,4,4,3,3,1,3,2,,,3,4,,,4,10,7,2,6,3,3,3,4,8,4,10,10,10,5,5,4,5,4,4,4,2,3,,3,,,4,3,3,3,5,1,1,3,8,5,9,10,2,1,5,1,4,1,2,6,6,3,11,11,4,3,4,6,5,3,5,7,10,6,2,6,3,4,4,4,,,11,11,,,4,2,5,2,4,4,5,3,3,3,10,9,3,2,2,3,5,3,8,6,8,4,3,4,,11,,,b'\x11\xe8\xe1I\xc9\x15r\xbc\xaf\x82\x12\xdf\x17\xaeN\x1e'
11E8E149-C915-72BC-AF82-12DF17AE4E1E,2020-ncaa-d1-natl,ncaa,177,150,257,165,277,271,215,175,252,208,186,238,191,159,256,132,343,340,196,340,345,244,284,254,280,243,256,146,337,156,169,263,143,231,193,144,101,64,117,108,99,55,130,71,,,37,71,,,167,305,270,104,247,183,91,183,134,173,136,342,337,337,187,217,125,217,180,121,108,83,117,,59,,,166,37,54,52,132,29,36,117,229,192,263,293,19,22,96,22,70,29,39,180,140,89,257,320,41,59,143,203,169,147,193,222,327,153,74,186,121,169,73,81,,,343,345,,,167,41,225,85,173,66,97,93,53,49,258,224,27,30,27,50,77,100,265,205,250,113,166,93,,342,,,b'\x11\xe8\xe1I\xc9\x15r\xbc\xaf\x82\x12\xdf\x17\xaeN\x1e'
11E8E149-C915-72BC-AF82-12DF17AE4E1E,2021-ncaa-d0-natl,ncaa,151,104,219,138,228,275,271,226,324,262,217,322,262,218,326,192,232,228,226,226,213,230,239,327,322,315,185,218,96,170,152,212,66,197,133,205,20,127,200,178,159,75,71,25,,,92,158,,,168,247,255,113,313,313,190,286,164,271,211,225,217,213,198,189,92,145,102,166,195,104,48,,123,,,167,67,63,78,34,56,76,42,98,106,93,229,88,97,67,93,194,81,86,41,42,24,254,234,200,71,66,157,152,115,133,83,254,170,63,68,151,219,195,240,,,246,236,,,168,91,311,17,173,19,20,46,21,43,125,147,86,115,111,38,54,59,276,191,88,91,206,253,,238,,,b'\x11\xe8\xe1I\xc9\x15r\xbc\xaf\x82\x12\xdf\x17\xaeN\x1e'
11E8E149-C915-72BC-AF82-12DF17AE4E1E,2021-ncaa-d1-conf-MAAC,ncaa,4,2,5,2,5,6,6,5,8,5,5,8,8,7,10,6,5,5,7,5,6,5,5,8,8,9,7,8,4,5,7,5,1,5,3,6,2,4,6,5,5,1,4,1,,,7,6,,,4,5,3,4,7,7,4,5,4,9,7,5,4,4,4,4,4,1,3,4,7,2,3,,5,,,4,3,3,4,5,4,5,3,4,5,8,8,3,7,1,7,9,5,7,4,4,2,10,10,8,2,1,7,7,5,3,4,7,5,2,3,3,6,7,6,,,5,9,,,4,7,7,1,4,2,2,2,2,2,6,4,4,6,6,2,4,1,9,3,5,3,6,7,,6,,,b'\x11\xe8\xe1I\xc9\x15r\xbc\xaf\x82\x12\xdf\x17\xaeN\x1e'
11E8E149-C915-72BC-AF82-12DF17AE4E1E,2021-ncaa-d1-natl,ncaa,164,104,231,142,240,286,282,241,326,276,237,323,268,224,327,192,246,238,223,237,214,244,252,328,325,317,179,218,93,186,159,231,68,216,140,219,20,114,204,181,174,80,79,25,,,82,162,,,178,256,261,113,317,315,194,289,164,271,212,229,217,213,204,190,95,155,109,176,197,108,46,,122,,,181,62,60,73,33,49,70,41,92,99,96,226,80,89,66,86,196,72,77,46,45,24,253,231,202,62,68,139,159,105,140,79,254,187,65,73,142,223,191,243,,,257,235,,,178,83,313,19,190,19,20,46,22,43,126,147,89,118,115,39,52,61,278,196,91,97,208,257,,238,,,b'\x11\xe8\xe1I\xc9\x15r\xbc\xaf\x82\x12\xdf\x17\xaeN\x1e'
11E8E149-C915-72BC-AF82-12DF17AE4E1E,2022-ncaa-d0-natl,ncaa,67,87,52,86,58,81,69,49,160,39,26,156,241,206,293,290,73,70,154,71,235,51,28,214,211,225,313,310,138,12,13,27,20,9,7,150,300,338,246,265,94,149,125,130,,,221,88,,,84,50,77,97,123,97,58,43,40,283,260,108,122,127,63,30,20,25,10,217,296,144,164,,114,,,87,240,247,313,59,122,198,65,349,351,199,345,50,61,81,60,57,294,299,114,78,72,324,351,25,122,20,209,13,178,7,268,216,71,142,152,332,232,178,44,,,55,215,,,84,308,177,48,87,112,129,247,37,71,333,341,23,25,26,186,217,60,67,50,174,130,277,112,,111,,,b'\x11\xe8\xe1I\xc9\x15r\xbc\xaf\x82\x12\xdf\x17\xaeN\x1e'
11E8E149-C915-72BC-AF82-12DF17AE4E1E,2022-ncaa-d1-conf-MAAC,ncaa,2,2,1,2,1,1,2,2,4,1,1,5,10,10,8,11,1,1,3,1,1,2,2,8,5,3,11,11,1,1,1,1,1,1,1,4,9,8,4,6,6,9,5,5,,,8,6,,,3,2,2,2,2,4,2,1,1,10,10,1,1,1,2,2,1,1,1,7,7,8,6,,6,,,3,9,9,11,5,8,5,6,11,11,7,10,3,3,2,3,4,11,10,6,5,6,11,10,3,3,1,8,1,5,1,9,7,7,9,9,9,4,6,3,,,1,1,,,3,10,3,3,3,7,8,10,2,4,11,11,3,3,3,9,10,1,2,2,8,9,5,5,,2,,,b'\x11\xe8\xe1I\xc9\x15r\xbc\xaf\x82\x12\xdf\x17\xaeN\x1e'
11E8E149-C915-72BC-AF82-12DF17AE4E1E,2022-ncaa-d1-natl,ncaa,74,87,67,86,75,101,83,62,174,48,31,169,254,224,295,289,85,84,160,85,235,61,36,228,223,239,309,307,127,16,18,31,23,12,9,177,305,332,254,285,118,167,144,137,,,191,89,,,103,64,81,93,139,112,69,52,45,283,262,111,122,130,72,34,21,29,10,234,300,162,170,,113,,,104,207,220,304,68,101,156,74,347,347,219,345,41,48,88,48,60,282,279,125,89,88,323,351,26,97,23,187,18,140,9,248,223,93,159,172,324,243,167,54,,,75,216,,,103,295,186,61,109,123,142,249,46,77,335,341,26,27,27,187,220,58,74,55,184,145,282,126,,112,,,b'\x11\xe8\xe1I\xc9\x15r\xbc\xaf\x82\x12\xdf\x17\xaeN\x1e'
11E8E149-C915-72BC-AF82-12DF17AE4E1E,2023-ncaa-d0-natl,ncaa,153,203,46,176,64,170,164,58,323,98,23,329,303,263,335,328,103,101,191,94,285,56,38,342,339,332,317,332,82,10,10,81,105,29,26,173,212,344,255,285,30,28,43,37,,,238,148,,,157,64,157,261,272,251,74,142,24,335,311,158,152,147,89,47,8,139,24,245,304,43,53,,148,,,158,166,149,243,58,130,222,67,194,233,106,205,192,191,175,190,163,239,286,71,68,30,230,212,205,175,105,229,10,217,26,147,152,29,39,29,340,266,211,62,,,64,218,,,157,290,286,25,160,43,42,86,52,93,122,152,121,118,116,71,154,96,116,95,62,50,309,153,,120,,,b'\x11\xe8\xe1I\xc9\x15r\xbc\xaf\x82\x12\xdf\x17\xaeN\x1e'
11E8E149-C915-72BC-AF82-12DF17AE4E1E,2023-ncaa-d1-conf-MAAC,ncaa,4,6,1,5,1,4,4,2,10,3,2,10,10,9,7,11,1,2,4,1,5,2,2,11,10,9,10,10,2,2,2,1,3,1,2,5,7,10,4,9,2,2,1,2,,,10,9,,,5,2,3,10,5,6,2,3,2,11,11,3,4,4,2,2,2,7,1,7,6,2,2,,8,,,5,7,7,6,5,7,8,4,8,7,6,5,9,9,5,9,9,11,11,5,5,6,8,6,9,4,3,8,2,7,2,6,4,2,2,3,9,7,7,3,,,2,3,,,5,10,6,5,5,4,3,2,3,2,5,3,9,9,9,2,3,2,4,2,4,2,9,6,,3,,,b'\x11\xe8\xe1I\xc9\x15r\xbc\xaf\x82\x12\xdf\x17\xaeN\x1e'
11E8E149-C915-72BC-AF82-12DF17AE4E1E,2023-ncaa-d1-natl,ncaa,167,203,56,188,78,204,202,69,331,120,27,335,318,284,339,328,123,126,189,120,285,69,43,345,344,338,316,331,77,10,10,107,115,33,30,204,220,336,265,294,38,37,47,39,,,216,152,,,175,79,160,254,281,266,84,160,27,335,312,160,150,145,95,50,10,152,28,262,306,50,56,,150,,,175,127,107,210,66,103,191,74,177,211,115,203,176,173,172,173,165,207,263,73,71,35,232,210,208,148,115,195,10,184,30,124,154,43,45,35,334,276,196,71,,,83,211,,,175,271,294,28,180,50,49,89,61,95,128,156,126,120,116,74,158,101,121,97,67,59,310,158,,121,,,b'\x11\xe8\xe1I\xc9\x15r\xbc\xaf\x82\x12\xdf\x17\xaeN\x1e'
11E8E149-C915-72BC-AF82-12DF17AE4E1E,2024-ncaa-d0-natl,ncaa,127,82,196,111,238,286,271,302,216,264,273,197,239,238,211,170,287,321,28,320,294,314,304,216,202,231,203,181,214,247,159,235,167,246,132,124,10,176,285,130,312,286,94,74,,,5,21,,,167,313,347,255,311,297,330,280,274,233,227,293,325,323,338,335,243,234,248,90,198,317,89,,8,,,167,21,44,86,68,22,91,28,163,121,287,223,8,6,184,6,20,47,51,86,61,55,210,312,28,109,167,36,159,41,132,153,313,217,128,192,152,240,2,11,,,159,26,,,167,49,236,69,167,22,45,68,30,92,188,128,9,10,10,31,23,130,38,56,169,198,174,2,,122,,,b'\x11\xe8\xe1I\xc9\x15r\xbc\xaf\x82\x12\xdf\x17\xaeN\x1e'
11E8E149-C915-72BC-AF82-12DF17AE4E1E,2024-ncaa-d1-conf-MAAC,ncaa,5,4,8,5,10,7,7,10,3,6,6,3,11,11,6,9,6,10,1,10,7,10,11,5,4,3,9,10,5,7,5,9,6,9,3,4,1,1,5,2,11,9,4,3,,,2,3,,,6,11,11,7,6,6,9,5,6,10,11,6,10,10,9,11,7,8,8,3,2,10,4,,2,,,6,4,4,2,6,2,2,2,10,2,11,6,3,3,11,2,3,2,1,8,9,8,9,9,3,5,6,1,5,1,3,5,9,7,6,7,2,5,1,1,,,6,1,,,6,1,5,8,6,4,4,5,4,6,10,3,3,3,2,5,1,5,2,3,6,6,2,1,,4,,,b'\x11\xe8\xe1I\xc9\x15r\xbc\xaf\x82\x12\xdf\x17\xaeN\x1e'
11E8E149-C915-72BC-AF82-12DF17AE4E1E,2024-ncaa-d1-natl,ncaa,137,83,254,117,301,323,316,342,231,309,309,213,256,261,220,172,307,337,26,336,299,347,343,223,211,247,195,180,209,283,174,273,179,293,149,146,10,148,298,141,335,299,107,76,,,4,22,,,191,351,352,256,324,312,337,298,280,241,233,296,330,329,344,338,254,245,267,99,202,329,97,,9,,,190,9,20,48,83,18,62,38,144,94,294,222,6,6,193,6,20,16,15,100,75,72,208,314,28,88,179,13,174,19,149,130,317,258,136,208,127,247,3,12,,,191,22,,,191,12,251,90,189,25,57,72,34,95,195,131,10,11,10,32,22,140,42,60,183,213,182,3,,122,,,b'\x11\xe8\xe1I\xc9\x15r\xbc\xaf\x82\x12\xdf\x17\xaeN\x1e'
11E8E149-C915-72BC-AF82-12DF17AE4E1E,2025-ncaa-d0-natl,genius_ncaa,147,147,135,154,157,199,162,214,109,130,180,88,252,245,244,215,282,297,138,296,318,229,206,138,147,187,304,249,291,216,164,92,204,130,117,61,11,285,292,112,181,193,30,17,,,61,51,,93,132,200,274,208,236,172,275,127,190,260,263,306,322,319,304,275,236,66,133,46,266,194,20,,60,,89,132,59,76,222,15,45,174,20,223,274,88,292,35,43,192,42,46,192,186,21,17,37,257,307,80,274,204,82,164,157,117,193,306,199,198,208,258,269,73,80,,,221,212,,307,132,152,202,66,133,49,60,214,41,144,211,273,41,41,39,152,120,273,54,133,182,204,247,71,,257,,314,b'\x11\xe8\xe1I\xc9\x15r\xbc\xaf\x82\x12\xdf\x17\xaeN\x1e'
11E8E149-C915-72BC-AF82-12DF17AE4E1E,2025-ncaa-d1-conf-MAAC,genius_ncaa,6,6,3,6,4,6,5,6,4,3,4,4,9,8,9,9,10,10,5,9,10,6,6,5,5,6,11,10,8,5,4,1,9,1,5,2,2,9,9,4,8,10,1,1,,,3,2,,5,5,6,9,5,6,5,10,5,6,10,9,10,10,10,9,9,6,2,1,2,8,9,1,,3,,5,5,4,7,13,1,3,9,2,11,12,5,12,2,2,11,2,1,13,8,2,2,3,11,11,2,13,9,4,4,10,5,10,11,11,11,12,9,9,7,6,,,6,9,,9,5,8,6,5,5,4,4,13,3,7,11,12,3,3,3,12,7,12,3,7,7,11,8,7,,9,,10,b'\x11\xe8\xe1I\xc9\x15r\xbc\xaf\x82\x12\xdf\x17\xaeN\x1e'
11E8E149-C915-72BC-AF82-12DF17AE4E1E,2025-ncaa-d1-natl,genius_ncaa,161,147,172,163,206,236,196,263,113,159,211,93,262,258,244,214,300,313,139,313,319,277,261,144,156,197,303,247,289,246,181,118,213,169,130,71,12,257,299,120,218,205,31,17,,,50,53,,85,142,251,277,195,249,189,285,141,198,264,266,309,324,321,311,283,245,73,149,48,269,207,20,,61,,92,141,44,53,195,17,37,143,22,206,253,96,293,31,37,202,37,46,153,134,25,18,50,257,308,76,264,213,58,181,128,130,178,306,241,212,217,234,277,59,82,,,248,210,,310,142,100,215,79,143,53,63,220,50,145,215,276,43,43,38,158,118,276,54,144,192,222,256,72,,256,,311,b'\x11\xe8\xe1I\xc9\x15r\xbc\xaf\x82\x12\xdf\x17\xaeN\x1e'
11E8E149-C915-72BC-AF82-12DF17AE4E1E,2026-ncaa-d0-natl,genius_ncaa,332,346,116,332,142,262,254,199,335,216,121,343,320,302,318,325,214,249,106,235,326,202,177,344,340,342,307,318,99,176,238,221,275,203,292,189,46,316,325,270,114,110,127,106,,,266,278,,96,335,179,205,97,346,334,288,273,112,351,346,269,298,290,312,230,215,291,286,229,310,108,136,,273,,82,325,263,235,184,265,165,137,223,324,260,334,268,260,293,50,286,314,192,205,302,292,262,340,321,208,255,275,250,238,257,292,312,342,130,142,255,341,328,282,230,,,240,299,,223,335,193,341,270,326,257,227,137,123,60,327,263,240,284,282,170,198,232,247,259,311,132,322,279,,299,,252,b'\x11\xe8\xe1I\xc9\x15r\xbc\xaf\x82\x12\xdf\x17\xaeN\x1e'
11E8E149-C915-72BC-AF82-12DF17AE4E1E,2026-ncaa-d1-natl,genius_ncaa,354,345,177,354,197,329,332,279,351,295,176,355,355,340,328,329,280,306,104,299,329,286,252,355,352,355,307,321,85,253,268,293,302,295,322,265,48,286,337,302,169,140,166,122,,,225,290,,69,346,247,221,100,358,355,312,307,130,355,351,278,306,302,334,252,248,315,322,264,316,138,150,,286,,91,346,227,191,123,300,124,85,261,314,229,346,263,228,268,54,261,320,139,135,329,325,304,332,320,196,217,302,206,268,213,322,301,344,198,178,287,326,346,265,258,,,296,289,,245,346,125,356,314,345,291,259,144,149,67,337,266,253,296,294,186,192,248,267,276,330,171,335,290,,302,,250,b'\x11\xe8\xe1I\xc9\x15r\xbc\xaf\x82\x12\xdf\x17\xaeN\x1e'
11E8E149-C919-CAF6-AF82-12DF17AE4E1E,2010-ncaa-d0-natl,ncaa,23,28,20,30,31,49,71,89,88,132,180,71,37,40,93,52,30,90,4,85,65,82,132,60,31,17,53,73,92,249,284,32,205,89,205,49,58,25,14,15,140,201,32,30,,,59,14,,,37,100,298,153,83,145,232,222,288,54,64,57,172,171,224,315,318,64,218,66,7,215,47,,14,,,39,190,188,316,8,63,201,21,335,340,66,337,90,76,240,80,75,301,273,19,14,51,324,339,68,328,205,251,284,315,205,124,87,192,287,163,117,105,65,69,,,75,72,,,37,246,29,90,36,46,47,239,13,44,303,333,33,30,33,178,100,272,101,193,42,297,60,38,,198,,,b'\x11\xe8\xe1I\xc9\x19\xca\xf6\xaf\x82\x12\xdf\x17\xaeN\x1e'
11E8E149-C919-CAF6-AF82-12DF17AE4E1E,2010-ncaa-d1-conf-MAAC,ncaa,1,1,1,1,1,1,2,3,1,3,5,1,2,2,1,4,1,1,1,2,2,2,3,1,1,1,4,5,3,8,7,1,5,4,6,1,3,1,1,1,4,6,2,2,,,2,1,,,1,2,7,7,1,2,7,4,7,2,4,2,2,2,5,9,9,3,6,2,1,6,2,,1,,,1,4,3,9,1,2,4,1,10,10,3,9,3,3,7,4,4,9,10,1,2,1,8,10,4,8,5,4,7,7,6,2,2,5,6,2,3,3,1,1,,,1,1,,,1,9,1,2,1,1,2,6,1,4,8,9,2,3,3,3,4,7,3,3,1,6,2,1,,1,,,b'\x11\xe8\xe1I\xc9\x19\xca\xf6\xaf\x82\x12\xdf\x17\xaeN\x1e'
11E8E149-C919-CAF6-AF82-12DF17AE4E1E,2010-ncaa-d1-natl,ncaa,25,28,22,30,31,52,75,96,92,139,191,75,39,43,94,52,34,98,4,93,63,90,144,62,31,17,52,73,88,264,288,36,207,98,214,50,59,19,14,15,153,204,33,31,,,49,13,,,39,111,300,154,84,147,232,226,289,55,64,59,172,167,226,318,320,70,219,69,7,216,46,,14,,,42,174,173,314,10,54,184,22,331,340,73,336,82,67,243,71,76,298,264,22,16,54,322,339,69,327,207,241,288,310,214,110,92,213,291,168,110,107,59,72,,,84,71,,,39,236,30,100,39,50,48,241,13,44,305,334,34,32,34,181,100,275,103,195,44,299,61,38,,201,,,b'\x11\xe8\xe1I\xc9\x19\xca\xf6\xaf\x82\x12\xdf\x17\xaeN\x1e'
11E8E149-C919-CAF6-AF82-12DF17AE4E1E,2010-ncaa-d1-ncaatournament,ncaa,33,2,33,33,34,59,63,50,64,62,54,63,44,36,54,9,44,39,42,39,17,44,56,64,62,61,5,15,9,37,25,49,59,41,49,51,9,2,5,23,63,63,33,28,,,2,6,,,48,64,64,9,59,63,32,62,51,28,9,35,25,25,28,52,12,45,26,49,3,63,20,,4,,,52,3,10,27,7,7,17,8,32,31,37,58,2,1,41,1,3,20,8,14,8,24,46,59,3,30,59,13,25,28,49,17,48,63,62,64,3,8,23,53,,,37,10,,,48,1,57,46,55,15,30,57,17,33,55,60,3,1,1,45,18,60,42,60,42,63,7,46,,12,,,b'\x11\xe8\xe1I\xc9\x19\xca\xf6\xaf\x82\x12\xdf\x17\xaeN\x1e'
11E8E149-C919-CAF6-AF82-12DF17AE4E1E,2011-ncaa-d0-natl,ncaa,8,3,26,6,37,52,52,67,63,94,145,57,23,30,54,51,120,193,18,190,229,77,151,41,43,13,95,63,270,267,313,17,6,65,93,35,56,2,1,3,88,87,49,34,,,62,41,,,10,123,312,256,92,88,177,171,265,42,63,205,287,287,225,328,321,25,181,51,1,153,66,,14,,,10,24,28,216,3,8,141,1,261,282,156,301,31,51,20,55,70,177,206,8,5,5,325,336,85,89,6,310,313,250,93,29,111,94,99,32,9,8,4,4,,,117,107,,,10,229,22,3,9,1,2,42,2,22,193,216,12,18,19,16,17,17,176,83,10,193,2,1,,257,,,b'\x11\xe8\xe1I\xc9\x19\xca\xf6\xaf\x82\x12\xdf\x17\xaeN\x1e'
11E8E149-C919-CAF6-AF82-12DF17AE4E1E,2011-ncaa-d1-conf-MAAC,ncaa,1,1,1,1,2,1,1,1,1,1,2,1,1,3,1,5,4,9,1,9,9,1,5,1,1,1,6,5,10,7,9,2,1,1,1,1,5,1,1,1,2,2,1,1,,,2,1,,,1,4,7,9,1,1,2,1,6,1,3,7,10,10,2,8,9,2,3,1,1,3,1,,1,,,1,1,1,9,1,1,6,1,7,8,2,9,2,2,1,2,1,5,8,1,1,1,8,9,2,4,1,7,9,6,1,2,4,2,2,1,2,1,1,1,,,5,6,,,1,8,1,1,1,1,1,6,1,3,7,7,1,2,2,4,4,2,7,3,2,4,1,1,,7,,,b'\x11\xe8\xe1I\xc9\x19\xca\xf6\xaf\x82\x12\xdf\x17\xaeN\x1e'
11E8E149-C919-CAF6-AF82-12DF17AE4E1E,2011-ncaa-d1-natl,ncaa,8,3,28,6,44,59,56,75,64,104,160,60,28,37,56,53,132,205,17,205,229,87,178,42,43,13,91,63,267,281,314,17,6,76,98,36,56,1,1,3,100,94,51,35,,,47,39,,,10,143,312,259,98,92,182,176,267,44,65,207,288,290,228,328,322,26,192,56,1,159,69,,14,,,10,13,15,192,3,5,122,1,254,276,158,299,27,41,20,44,68,149,178,8,5,5,325,336,83,75,6,299,314,235,98,22,111,110,106,35,7,8,3,5,,,134,104,,,10,209,22,4,9,1,2,42,2,23,193,215,12,18,19,16,18,16,180,85,9,203,2,1,,257,,,b'\x11\xe8\xe1I\xc9\x19\xca\xf6\xaf\x82\x12\xdf\x17\xaeN\x1e'
11E8E149-C919-CAF6-AF82-12DF17AE4E1E,2011-ncaa-d1-ncaatournament,ncaa,17,2,17,17,18,21,23,28,10,31,32,3,8,10,19,2,30,28,35,29,20,30,31,4,4,4,7,6,49,49,61,23,55,31,56,13,1,37,24,1,29,36,21,24,,,48,50,,,17,25,29,3,17,22,46,43,60,4,3,41,38,40,48,55,60,30,55,1,15,32,24,,57,,,17,41,41,41,19,40,42,24,37,42,17,39,47,53,10,53,56,46,45,18,18,20,41,32,50,50,55,43,61,47,56,38,36,24,31,26,37,36,2,3,,,27,19,,,17,41,16,34,19,31,20,34,21,25,24,41,50,55,55,48,49,59,40,52,31,26,26,2,,33,,,b'\x11\xe8\xe1I\xc9\x19\xca\xf6\xaf\x82\x12\xdf\x17\xaeN\x1e'
11E8E149-C919-CAF6-AF82-12DF17AE4E1E,2012-ncaa-d0-natl,ncaa,18,27,22,27,25,58,73,103,41,146,272,13,10,16,88,12,123,188,26,196,86,114,154,18,18,17,31,23,257,321,335,35,179,156,274,19,18,63,55,13,58,78,61,68,,,45,9,,,32,86,295,83,113,121,258,243,330,20,23,210,280,282,274,323,338,113,294,36,18,100,88,,9,,,35,166,174,305,21,74,250,8,325,313,265,302,37,46,99,52,36,278,277,48,23,38,309,338,33,297,179,298,335,311,274,151,142,106,165,108,105,104,35,102,,,169,190,,,32,263,36,52,30,41,49,176,14,93,298,278,14,19,20,116,104,223,165,191,67,201,52,21,,303,,,b'\x11\xe8\xe1I\xc9\x19\xca\xf6\xaf\x82\x12\xdf\x17\xaeN\x1e'
11E8E149-C919-CAF6-AF82-12DF17AE4E1E,2012-ncaa-d1-conf-MAAC,ncaa,1,1,1,1,1,1,1,3,1,1,6,1,1,1,4,1,3,6,3,5,4,3,3,1,1,1,2,2,9,9,10,1,8,3,9,1,2,1,1,1,1,3,1,1,,,2,1,,,1,1,6,2,1,1,4,2,8,1,1,5,6,6,4,7,10,1,4,1,1,3,1,,1,,,1,3,5,10,1,3,10,1,7,7,5,6,3,3,2,3,1,10,10,1,1,1,4,9,2,10,8,9,10,10,9,2,2,2,5,1,2,2,4,3,,,6,8,,,1,10,1,1,1,3,3,9,2,10,4,6,3,3,3,6,9,10,6,9,2,3,2,2,,9,,,b'\x11\xe8\xe1I\xc9\x19\xca\xf6\xaf\x82\x12\xdf\x17\xaeN\x1e'
11E8E149-C919-CAF6-AF82-12DF17AE4E1E,2012-ncaa-d1-natl,ncaa,18,27,23,28,29,68,79,121,44,163,296,14,11,16,89,12,134,200,25,212,85,133,182,20,19,17,28,22,254,330,335,42,186,180,284,20,20,48,57,14,67,82,66,68,,,33,9,,,40,102,297,82,117,126,262,254,330,20,23,214,282,284,277,324,338,116,296,37,18,108,90,,9,,,42,147,164,297,25,64,234,7,322,310,270,301,28,38,103,43,37,269,263,57,26,46,307,336,33,290,186,293,335,307,284,136,144,116,172,116,90,107,32,104,,,185,191,,,40,245,40,62,37,43,56,177,16,96,300,277,15,18,20,118,104,227,172,195,69,212,52,21,,304,,,b'\x11\xe8\xe1I\xc9\x19\xca\xf6\xaf\x82\x12\xdf\x17\xaeN\x1e'
11E8E149-C919-CAF6-AF82-12DF17AE4E1E,2012-ncaa-d1-ncaatournament,ncaa,17,2,17,17,17,22,29,32,10,30,33,8,14,21,9,17,15,16,11,17,4,32,32,5,3,2,7,18,9,45,57,27,47,31,49,29,51,34,30,41,33,49,19,24,,,34,13,,,19,30,57,5,19,37,62,44,59,10,23,4,8,8,59,63,61,40,57,44,13,47,23,,12,,,19,41,40,43,32,38,39,17,56,48,53,55,26,27,34,27,16,39,36,42,35,33,58,60,17,46,47,37,57,42,49,23,5,28,36,11,38,42,6,4,,,18,1,,,19,33,7,48,20,29,31,33,9,20,58,56,15,10,12,24,19,44,18,32,6,37,29,2,,6,,,b'\x11\xe8\xe1I\xc9\x19\xca\xf6\xaf\x82\x12\xdf\x17\xaeN\x1e'
11E8E149-C919-CAF6-AF82-12DF17AE4E1E,2013-ncaa-d0-natl,ncaa,23,20,41,22,61,83,126,187,70,206,317,13,32,23,140,20,54,134,5,133,18,175,201,35,19,20,29,44,96,317,313,137,148,232,242,32,7,68,103,24,88,75,182,177,,,24,16,,,29,142,306,241,122,191,314,267,334,44,36,75,195,198,301,326,334,232,326,38,46,126,223,,8,,,29,47,71,210,23,72,129,62,165,287,13,303,40,21,344,21,33,154,195,26,23,20,184,257,82,195,148,160,313,179,242,70,113,93,75,47,81,98,33,129,,,172,137,,,29,190,48,24,30,15,25,72,30,36,123,246,22,10,11,33,43,115,67,75,32,152,54,21,,268,,,b'\x11\xe8\xe1I\xc9\x19\xca\xf6\xaf\x82\x12\xdf\x17\xaeN\x1e'
11E8E149-C919-CAF6-AF82-12DF17AE4E1E,2013-ncaa-d1-conf-MAAC,ncaa,1,1,1,1,2,2,2,4,2,2,9,1,1,1,2,1,2,3,1,3,2,3,7,1,1,1,1,2,3,8,8,2,3,6,3,1,1,1,1,1,1,1,5,6,,,1,1,,,1,3,9,10,2,2,7,4,9,1,1,3,3,3,8,9,10,3,9,1,1,1,6,,1,,,1,1,1,8,1,3,7,1,3,6,1,7,1,1,8,1,1,3,7,1,1,1,4,5,2,6,3,2,8,4,3,2,2,1,1,1,1,1,1,2,,,3,3,,,1,8,1,1,1,1,1,2,1,4,1,5,1,1,1,1,2,4,1,2,1,2,1,1,,3,,,b'\x11\xe8\xe1I\xc9\x19\xca\xf6\xaf\x82\x12\xdf\x17\xaeN\x1e'
11E8E149-C919-CAF6-AF82-12DF17AE4E1E,2013-ncaa-d1-natl,ncaa,26,20,49,25,68,94,135,209,71,221,326,12,35,26,139,20,58,144,5,143,17,200,231,38,19,21,28,43,90,326,315,150,150,263,247,36,7,58,107,24,105,79,196,179,,,17,16,,,29,163,306,241,125,202,316,276,334,43,35,75,195,198,303,326,335,236,328,42,48,131,225,,8,,,29,36,56,199,24,60,103,65,154,279,13,301,37,16,344,16,34,127,174,29,25,22,181,255,84,186,150,144,315,163,247,58,114,108,79,53,71,100,26,133,,,195,136,,,29,170,50,29,31,15,28,72,32,37,124,245,22,10,10,32,40,117,67,76,33,153,57,21,,266,,,b'\x11\xe8\xe1I\xc9\x19\xca\xf6\xaf\x82\x12\xdf\x17\xaeN\x1e'
11E8E149-C919-CAF6-AF82-12DF17AE4E1E,2013-ncaa-d1-ncaatournament,ncaa,33,2,33,33,35,58,60,64,27,63,62,55,28,57,1,15,51,56,7,55,37,64,64,13,14,20,2,2,43,64,64,40,4,61,44,56,44,7,47,42,56,40,43,35,,,2,14,,,33,64,64,7,58,60,64,63,61,6,41,49,56,55,64,64,64,27,61,55,9,50,42,,5,,,36,1,2,4,24,2,3,17,30,31,50,62,1,1,63,1,10,3,1,38,38,44,62,63,10,2,4,3,64,2,44,11,60,61,50,58,4,13,1,9,,,57,32,,,33,1,42,34,37,3,4,6,2,3,56,57,4,2,2,3,1,3,15,3,39,58,5,3,,56,,,b'\x11\xe8\xe1I\xc9\x19\xca\xf6\xaf\x82\x12\xdf\x17\xaeN\x1e'
11E8E149-C919-CAF6-AF82-12DF17AE4E1E,2014-ncaa-d0-natl,ncaa,22,17,28,21,41,43,78,208,9,165,301,3,23,51,11,48,35,62,39,62,6,169,201,4,3,3,31,55,95,346,346,59,78,219,227,19,12,54,68,13,110,142,147,152,,,16,5,,,21,108,308,231,68,151,339,255,341,37,75,53,110,110,322,341,347,138,329,27,17,169,181,,3,,,23,151,214,279,98,146,211,79,299,298,225,297,11,27,13,27,18,230,233,124,58,66,186,327,6,177,78,194,346,205,227,218,194,135,170,175,75,98,9,30,,,111,52,,,21,240,11,66,18,40,76,115,53,66,254,243,3,5,6,46,33,79,66,51,127,221,35,6,,236,,,b'\x11\xe8\xe1I\xc9\x19\xca\xf6\xaf\x82\x12\xdf\x17\xaeN\x1e'
11E8E149-C919-CAF6-AF82-12DF17AE4E1E,2014-ncaa-d1-conf-MAAC,ncaa,1,1,1,1,2,2,3,6,1,4,9,1,3,3,3,3,1,1,2,1,1,5,7,1,1,1,2,3,1,10,10,1,4,4,3,1,1,2,4,2,4,3,3,5,,,1,1,,,1,5,7,9,3,3,10,6,11,3,3,1,1,1,7,9,11,2,6,1,2,4,5,,1,,,1,2,4,10,1,5,9,1,5,6,2,6,1,2,1,2,3,8,8,1,1,1,3,6,1,9,4,5,10,5,3,3,2,5,5,2,3,4,1,3,,,3,1,,,1,8,1,1,1,1,1,9,4,9,4,6,1,2,2,7,4,6,1,2,2,5,3,1,,6,,,b'\x11\xe8\xe1I\xc9\x19\xca\xf6\xaf\x82\x12\xdf\x17\xaeN\x1e'
11E8E149-C919-CAF6-AF82-12DF17AE4E1E,2014-ncaa-d1-natl,ncaa,22,17,33,21,45,48,91,234,10,186,312,3,27,60,12,48,36,69,38,70,6,194,236,4,3,3,32,55,97,347,346,67,78,242,238,20,12,41,70,13,126,145,157,153,,,10,5,,,22,134,310,232,74,157,340,261,342,37,77,55,112,111,324,341,347,143,332,28,17,172,184,,3,,,24,126,198,263,102,133,193,86,294,291,227,297,10,20,14,20,18,208,208,129,67,70,185,325,6,157,78,175,346,177,238,208,196,151,174,181,62,98,8,34,,,125,51,,,22,219,12,74,18,42,84,119,55,69,255,247,3,5,6,46,35,80,68,53,133,228,36,6,,238,,,b'\x11\xe8\xe1I\xc9\x19\xca\xf6\xaf\x82\x12\xdf\x17\xaeN\x1e'
11E8E149-C919-CAF6-AF82-12DF17AE4E1E,2014-ncaa-d1-ncaatournament,ncaa,33,2,33,33,34,38,39,51,26,46,61,2,28,25,43,3,49,45,52,45,11,49,52,19,24,26,15,9,50,58,61,57,31,59,56,47,52,16,31,35,57,54,54,53,,,17,43,,,54,43,27,3,31,28,41,42,61,7,3,46,39,41,43,49,58,57,59,42,24,54,53,,32,,,55,22,21,8,61,12,2,63,43,35,59,61,11,10,34,7,39,4,7,63,64,61,61,62,11,2,31,19,61,6,56,23,42,43,9,42,3,4,1,8,,,38,9,,,54,18,36,57,54,54,53,12,31,5,64,60,17,16,12,6,16,6,50,31,51,14,3,2,,15,,,b'\x11\xe8\xe1I\xc9\x19\xca\xf6\xaf\x82\x12\xdf\x17\xaeN\x1e'
11E8E149-C919-CAF6-AF82-12DF17AE4E1E,2015-ncaa-d0-natl,ncaa,68,86,48,82,78,105,155,175,137,227,273,108,56,58,108,56,60,105,18,106,32,160,226,91,64,31,30,67,65,344,346,36,229,161,314,80,34,21,29,22,282,319,18,22,,,7,3,,,93,146,314,341,179,259,312,303,329,82,89,95,170,173,308,336,346,49,290,118,11,316,18,,3,,,97,161,227,322,14,165,311,4,301,296,217,236,15,14,195,13,7,305,252,21,8,77,181,310,14,333,229,312,346,330,314,250,243,298,332,312,77,109,38,84,,,131,56,,,93,205,92,132,91,61,112,315,78,279,256,245,8,6,6,235,95,315,247,289,174,336,42,24,,242,,,b'\x11\xe8\xe1I\xc9\x19\xca\xf6\xaf\x82\x12\xdf\x17\xaeN\x1e'
11E8E149-C919-CAF6-AF82-12DF17AE4E1E,2015-ncaa-d1-conf-MAAC,ncaa,2,2,1,2,2,3,3,5,2,6,10,2,4,4,5,4,2,2,2,2,2,3,7,3,3,3,3,4,2,11,11,1,7,4,9,5,6,2,3,4,10,11,1,1,,,1,1,,,2,3,4,11,3,5,11,7,11,4,4,2,3,3,9,10,11,1,8,5,2,10,1,,1,,,3,5,6,11,1,6,11,1,7,8,7,4,1,1,2,1,1,11,9,1,1,2,6,8,1,11,7,9,11,10,9,4,2,10,10,7,6,5,1,2,,,3,3,,,2,9,3,2,3,2,5,11,4,11,6,6,1,1,1,9,8,10,7,10,3,10,4,1,,4,,,b'\x11\xe8\xe1I\xc9\x19\xca\xf6\xaf\x82\x12\xdf\x17\xaeN\x1e'
11E8E149-C919-CAF6-AF82-12DF17AE4E1E,2015-ncaa-d1-natl,ncaa,80,86,55,88,96,131,186,222,145,258,306,113,67,73,109,56,71,128,18,130,30,201,269,97,68,33,27,64,63,346,346,42,237,196,320,94,34,15,33,23,300,321,20,23,,,3,3,,,108,180,316,341,193,266,315,311,330,83,89,95,174,175,313,337,347,48,297,124,10,320,19,,3,,,111,130,200,317,18,140,308,7,295,284,224,239,10,9,200,9,7,294,224,25,8,84,178,308,13,327,237,306,346,326,320,234,243,313,334,317,62,110,31,88,,,154,55,,,108,164,97,143,103,64,121,315,84,283,258,246,9,6,6,240,94,312,250,295,187,337,44,26,,243,,,b'\x11\xe8\xe1I\xc9\x19\xca\xf6\xaf\x82\x12\xdf\x17\xaeN\x1e'
11E8E149-C919-CAF6-AF82-12DF17AE4E1E,2016-ncaa-d0-natl,ncaa,153,181,76,164,114,140,212,255,159,285,328,97,66,55,145,30,44,77,29,73,3,230,237,98,61,83,15,53,22,328,335,64,258,177,285,163,82,137,185,142,318,338,69,107,,,10,2,,,164,168,268,340,198,293,338,327,342,76,65,46,88,84,318,326,342,76,265,206,90,338,81,,4,,,164,189,266,310,70,259,304,74,233,278,103,219,18,21,73,19,10,291,237,62,34,122,78,230,10,335,258,229,335,300,285,275,231,296,332,327,270,292,127,265,,,140,56,,,164,191,145,188,160,132,213,321,211,295,214,255,11,16,16,250,157,322,138,248,229,331,219,97,,184,,,b'\x11\xe8\xe1I\xc9\x19\xca\xf6\xaf\x82\x12\xdf\x17\xaeN\x1e'
11E8E149-C919-CAF6-AF82-12DF17AE4E1E,2016-ncaa-d1-conf-MAAC,ncaa,3,3,3,3,5,3,5,8,1,9,11,1,3,4,5,1,1,1,1,1,1,7,8,1,1,1,1,4,3,9,9,1,9,6,9,7,8,2,4,5,7,9,2,4,,,1,1,,,3,6,8,7,2,6,10,10,11,3,4,1,1,1,8,10,11,1,6,7,2,7,2,,1,,,3,3,9,11,1,9,11,1,8,10,2,10,1,1,1,1,1,10,8,2,1,3,1,10,1,11,9,3,9,9,9,7,4,7,10,9,6,9,5,9,,,3,2,,,3,6,1,4,3,4,7,11,7,11,8,10,1,1,1,10,8,11,2,8,7,8,6,5,,3,,,b'\x11\xe8\xe1I\xc9\x19\xca\xf6\xaf\x82\x12\xdf\x17\xaeN\x1e'
11E8E149-C919-CAF6-AF82-12DF17AE4E1E,2016-ncaa-d1-natl,ncaa,163,179,99,169,143,170,249,292,166,313,339,106,79,69,150,29,52,90,28,89,3,258,278,103,65,90,14,54,20,340,336,79,268,213,292,189,87,105,187,150,331,339,77,109,,,6,3,,,180,211,274,340,214,300,342,330,342,77,67,45,92,86,323,327,343,79,275,210,94,339,83,,4,,,180,167,246,302,80,239,294,82,220,263,112,213,16,16,73,15,10,273,203,69,39,137,77,227,10,333,268,202,336,289,292,266,229,316,332,329,248,294,107,274,,,164,47,,,180,146,155,197,175,144,218,320,219,298,218,252,11,16,16,258,155,325,147,250,236,333,221,102,,184,,,b'\x11\xe8\xe1I\xc9\x19\xca\xf6\xaf\x82\x12\xdf\x17\xaeN\x1e'
11E8E149-C919-CAF6-AF82-12DF17AE4E1E,2017-ncaa-d0-natl,ncaa,169,210,74,188,110,160,236,207,258,334,344,198,24,16,158,8,91,147,21,145,9,201,212,149,106,129,2,8,65,296,317,102,161,190,249,80,3,151,181,90,303,320,205,201,,,22,16,,,223,166,280,268,227,303,310,347,347,29,21,112,197,195,303,317,325,136,273,99,109,328,233,,13,,,219,228,263,280,168,161,120,248,336,344,157,341,23,27,67,27,59,243,195,227,172,253,276,339,10,232,161,259,317,251,249,324,313,269,294,331,219,245,191,321,,,62,15,,,223,182,173,259,225,170,221,241,104,41,324,339,14,18,18,167,66,179,178,186,310,317,176,162,,65,,,b'\x11\xe8\xe1I\xc9\x19\xca\xf6\xaf\x82\x12\xdf\x17\xaeN\x1e'
11E8E149-C919-CAF6-AF82-12DF17AE4E1E,2017-ncaa-d1-conf-MAAC,ncaa,6,6,3,6,6,5,6,6,8,11,11,7,1,1,1,1,4,6,1,6,1,6,6,2,2,1,1,1,5,10,10,5,7,7,9,3,1,1,3,3,10,10,5,4,,,1,1,,,7,7,7,7,5,7,7,11,11,1,1,4,6,6,6,8,10,5,7,3,1,10,6,,1,,,7,10,11,11,7,6,6,7,11,11,8,11,1,1,4,1,1,9,8,8,7,9,10,11,1,9,7,8,10,8,9,11,10,11,11,11,2,4,9,11,,,4,1,,,7,5,2,9,6,8,10,11,4,3,11,11,1,1,1,10,5,10,8,10,11,11,1,8,,4,,,b'\x11\xe8\xe1I\xc9\x19\xca\xf6\xaf\x82\x12\xdf\x17\xaeN\x1e'
11E8E149-C919-CAF6-AF82-12DF17AE4E1E,2017-ncaa-d1-natl,ncaa,175,210,98,194,137,192,275,258,270,343,346,204,28,19,162,8,107,177,21,174,9,250,263,156,115,137,1,9,65,314,319,123,171,227,261,98,4,130,189,95,320,323,222,207,,,16,18,,,235,216,284,270,239,306,313,348,347,30,21,116,206,206,308,322,327,153,282,104,110,329,233,,14,,,233,203,247,262,178,137,84,257,334,340,167,340,16,21,76,21,62,212,146,243,182,265,275,339,10,212,171,238,319,225,261,320,313,294,301,334,198,251,172,322,,,74,12,,,235,132,183,270,237,181,229,241,110,39,326,340,14,19,19,170,64,185,185,191,313,320,180,164,,66,,,b'\x11\xe8\xe1I\xc9\x19\xca\xf6\xaf\x82\x12\xdf\x17\xaeN\x1e'
11E8E149-C919-CAF6-AF82-12DF17AE4E1E,2018-ncaa-d0-natl,ncaa,87,129,25,115,29,57,77,91,78,86,126,58,93,96,132,136,33,50,48,51,69,82,74,80,62,65,136,165,90,190,227,37,123,61,132,67,97,181,111,86,250,298,122,168,,,71,14,,,69,61,264,150,104,143,238,141,243,139,156,72,127,124,217,275,284,74,151,107,82,300,177,,15,,,75,257,222,307,36,172,278,41,284,321,99,276,210,194,248,191,116,304,297,50,44,92,264,265,168,282,123,244,227,275,132,156,86,189,264,182,287,241,7,9,,,39,63,,,69,286,74,105,76,85,80,211,58,147,201,260,128,103,103,179,109,184,105,133,74,268,205,4,,127,,,b'\x11\xe8\xe1I\xc9\x19\xca\xf6\xaf\x82\x12\xdf\x17\xaeN\x1e'
11E8E149-C919-CAF6-AF82-12DF17AE4E1E,2018-ncaa-d1-conf-MAAC,ncaa,2,2,1,2,1,2,2,3,1,3,4,1,2,6,2,7,1,1,2,1,1,3,3,2,1,2,4,7,3,8,7,1,2,2,2,2,5,4,2,2,11,11,4,5,,,1,1,,,2,2,7,7,2,2,5,3,5,3,6,1,2,2,4,7,9,1,3,2,3,11,5,,1,,,2,6,9,11,1,7,11,2,6,10,2,7,4,5,3,5,2,11,9,1,1,3,5,5,3,8,2,5,7,6,2,3,1,10,10,6,8,6,2,2,,,1,2,,,2,9,2,3,2,3,5,10,5,10,5,8,2,5,5,10,4,6,2,4,1,10,5,2,,3,,,b'\x11\xe8\xe1I\xc9\x19\xca\xf6\xaf\x82\x12\xdf\x17\xaeN\x1e'
11E8E149-C919-CAF6-AF82-12DF17AE4E1E,2018-ncaa-d1-natl,ncaa,95,129,31,122,39,67,91,109,80,101,158,63,100,108,135,137,41,68,50,68,68,98,98,85,64,67,133,162,89,228,239,41,133,72,138,76,100,153,118,91,268,305,139,174,,,42,15,,,76,76,265,146,110,151,249,154,244,143,159,72,128,127,228,281,286,77,166,112,81,309,180,,16,,,83,232,201,302,38,152,269,46,274,314,96,272,192,180,251,174,118,298,281,54,48,100,260,260,171,273,133,220,239,259,138,144,88,217,269,193,279,246,6,10,,,48,60,,,76,271,83,117,81,92,90,212,63,151,206,260,133,108,107,179,106,186,109,140,75,278,208,4,,130,,,b'\x11\xe8\xe1I\xc9\x19\xca\xf6\xaf\x82\x12\xdf\x17\xaeN\x1e'
11E8E149-C919-CAF6-AF82-12DF17AE4E1E,2019-ncaa-d0-natl,ncaa,54,57,47,58,74,71,86,123,48,155,245,54,32,50,26,47,134,201,27,200,140,132,146,36,29,38,41,33,253,268,269,66,166,127,171,26,11,145,125,34,278,316,166,185,,,45,20,,,57,113,289,272,104,125,262,252,309,40,70,195,265,266,281,319,312,105,235,28,79,321,194,,17,,,59,170,181,284,43,142,237,53,251,294,88,267,97,75,284,70,53,269,256,50,50,77,217,272,95,288,166,172,269,238,171,137,102,194,239,159,162,141,76,113,,,149,150,,,57,240,52,99,53,61,85,190,63,142,194,246,58,43,41,130,88,219,77,112,71,262,97,50,,241,,,b'\x11\xe8\xe1I\xc9\x19\xca\xf6\xaf\x82\x12\xdf\x17\xaeN\x1e'
11E8E149-C919-CAF6-AF82-12DF17AE4E1E,2019-ncaa-d1-conf-MAAC,ncaa,2,3,1,3,1,2,2,2,1,2,7,1,1,1,1,1,3,6,1,6,6,2,4,1,1,1,2,2,8,10,10,1,5,4,6,1,2,2,2,2,8,10,6,7,,,1,1,,,2,2,7,8,2,2,6,3,10,1,1,4,7,7,6,10,11,2,5,1,2,10,6,,1,,,2,7,9,11,3,7,11,3,9,10,3,10,5,5,7,5,2,11,11,2,3,3,6,10,3,10,5,7,10,10,6,5,3,10,10,9,3,3,5,5,,,7,8,,,2,11,2,4,2,4,4,9,5,9,6,10,2,4,3,9,6,8,5,8,3,10,2,5,,9,,,b'\x11\xe8\xe1I\xc9\x19\xca\xf6\xaf\x82\x12\xdf\x17\xaeN\x1e'
11E8E149-C919-CAF6-AF82-12DF17AE4E1E,2019-ncaa-d1-natl,ncaa,61,57,62,62,100,93,103,165,54,192,277,58,40,70,29,47,164,230,29,232,143,180,204,39,35,42,39,33,246,289,276,79,176,166,182,36,11,105,129,36,296,323,183,187,,,29,20,,,67,168,292,272,116,134,273,260,312,43,73,198,270,270,286,318,315,110,241,33,80,322,198,,16,,,68,135,152,269,49,119,211,61,237,278,97,267,87,62,286,60,54,244,204,55,52,92,216,271,93,266,176,134,276,190,182,112,103,233,248,177,125,151,66,124,,,188,140,,,67,183,61,117,66,70,95,195,70,146,191,248,60,42,40,135,88,228,79,115,79,267,101,53,,242,,,b'\x11\xe8\xe1I\xc9\x19\xca\xf6\xaf\x82\x12\xdf\x17\xaeN\x1e'
11E8E149-C919-CAF6-AF82-12DF17AE4E1E,2020-ncaa-d0-natl,ncaa,15,10,87,13,136,41,27,193,4,57,258,3,41,94,17,76,277,285,170,287,232,219,248,4,5,7,179,86,337,292,206,100,54,189,66,5,2,63,91,5,240,229,261,259,,,8,7,,,21,220,275,213,31,17,233,54,283,44,97,292,301,303,261,311,300,111,231,5,49,256,274,,5,,,17,88,136,169,116,79,114,99,265,251,263,282,16,36,6,40,68,120,118,145,92,95,233,321,20,66,54,31,206,32,66,62,58,184,162,92,122,153,11,14,,,283,254,,,21,142,10,80,16,65,108,120,61,74,264,232,13,28,33,73,61,60,20,19,56,211,104,9,,302,,,b'\x11\xe8\xe1I\xc9\x19\xca\xf6\xaf\x82\x12\xdf\x17\xaeN\x1e'
11E8E149-C919-CAF6-AF82-12DF17AE4E1E,2020-ncaa-d1-conf-MAAC,ncaa,1,1,4,1,4,1,1,4,1,1,7,1,1,4,1,2,9,8,7,8,8,5,8,1,1,1,9,3,11,9,4,3,1,4,2,1,1,2,2,1,8,7,8,7,,,1,1,,,1,7,8,3,1,1,6,1,6,1,3,8,8,8,6,9,8,3,5,1,2,8,8,,1,,,1,4,5,5,6,4,4,5,9,8,7,9,1,2,1,2,2,5,4,7,5,7,8,10,2,2,1,1,4,1,2,2,2,7,7,3,4,6,3,3,,,9,10,,,1,5,1,4,1,5,7,4,4,4,8,8,1,1,1,4,3,1,1,1,2,8,4,3,,9,,,b'\x11\xe8\xe1I\xc9\x19\xca\xf6\xaf\x82\x12\xdf\x17\xaeN\x1e'
11E8E149-C919-CAF6-AF82-12DF17AE4E1E,2020-ncaa-d1-natl,ncaa,15,10,128,13,202,55,35,235,4,69,278,4,50,105,18,75,294,300,174,303,232,262,298,4,6,9,178,87,336,311,214,130,58,235,70,5,2,44,98,6,259,239,270,264,,,6,7,,,25,275,279,201,36,21,243,59,284,47,99,297,301,305,265,315,306,119,238,5,51,264,274,,5,,,22,67,111,130,125,63,84,105,255,225,271,279,14,33,7,37,68,84,69,163,102,108,232,321,19,51,58,18,214,19,70,56,60,212,169,101,102,158,9,15,,,300,252,,,25,85,11,90,19,69,116,125,72,78,266,229,13,29,35,74,61,64,21,21,59,217,106,9,,300,,,b'\x11\xe8\xe1I\xc9\x19\xca\xf6\xaf\x82\x12\xdf\x17\xaeN\x1e'
11E8E149-C919-CAF6-AF82-12DF17AE4E1E,2021-ncaa-d0-natl,ncaa,36,20,157,21,160,186,165,179,135,153,150,178,175,203,93,221,228,223,229,219,263,185,202,142,167,148,232,180,262,130,81,149,75,148,47,68,9,108,109,31,135,82,130,106,,,52,13,,,28,215,333,64,208,160,207,144,154,197,239,268,259,254,228,286,120,131,111,26,70,131,143,,3,,,23,69,72,124,10,75,111,24,95,178,16,257,51,48,220,53,50,104,119,12,11,7,193,216,118,111,75,122,81,113,47,70,154,141,77,43,110,112,246,236,,,203,176,,,28,123,128,6,24,2,3,44,12,37,60,156,13,11,12,16,16,75,65,56,23,129,84,250,,243,,,b'\x11\xe8\xe1I\xc9\x19\xca\xf6\xaf\x82\x12\xdf\x17\xaeN\x1e'
11E8E149-C919-CAF6-AF82-12DF17AE4E1E,2021-ncaa-d1-conf-MAAC,ncaa,1,1,3,1,3,2,2,3,2,2,2,4,3,3,2,7,3,2,6,2,5,3,3,3,2,2,9,7,7,3,5,3,2,3,2,1,1,8,2,1,2,4,5,8,,,9,1,,,1,3,9,2,3,2,5,3,5,6,9,4,5,5,5,6,6,2,4,1,2,5,8,,1,,,1,8,8,9,1,8,8,5,7,10,1,9,9,9,10,9,4,9,9,1,1,1,5,5,6,8,2,9,5,9,2,7,1,3,5,2,8,4,8,5,,,2,3,,,1,9,1,2,1,1,1,4,3,3,2,6,3,2,2,4,2,2,6,1,1,6,4,6,,4,,,b'\x11\xe8\xe1I\xc9\x19\xca\xf6\xaf\x82\x12\xdf\x17\xaeN\x1e'
11E8E149-C919-CAF6-AF82-12DF17AE4E1E,2021-ncaa-d1-natl,ncaa,40,20,182,22,187,199,179,203,137,168,164,184,178,210,91,222,243,233,225,232,263,209,221,146,171,150,232,179,259,148,82,167,80,164,58,71,9,98,112,33,147,85,139,108,,,49,13,,,31,225,334,63,215,164,214,153,157,200,241,271,261,256,235,289,125,141,118,27,69,136,145,,3,,,27,64,67,111,11,68,105,25,90,159,17,256,47,45,226,51,50,96,107,13,12,7,188,215,117,104,80,112,82,102,58,68,155,159,82,46,102,116,241,239,,,216,173,,,31,112,133,6,26,2,3,44,13,38,60,155,13,10,12,14,16,79,66,58,26,136,85,255,,244,,,b'\x11\xe8\xe1I\xc9\x19\xca\xf6\xaf\x82\x12\xdf\x17\xaeN\x1e'
11E8E149-C919-CAF6-AF82-12DF17AE4E1E,2021-ncaa-d1-ncaatournament,ncaa,33,2,33,33,34,63,62,54,63,62,50,63,44,49,50,32,39,37,58,34,5,44,36,63,63,63,7,18,4,37,33,36,4,36,22,42,1,33,60,55,61,62,44,31,,,1,2,,,57,40,9,7,63,62,49,62,43,35,31,20,9,4,29,9,15,18,11,28,62,61,37,,2,,,58,15,17,20,43,6,3,51,35,32,28,63,5,2,63,2,9,12,15,45,45,39,49,58,11,6,4,21,33,11,22,22,47,40,18,36,29,54,41,61,,,31,3,,,57,25,63,33,58,41,43,47,26,5,58,62,12,5,5,31,40,8,53,35,49,15,55,60,,1,,,b'\x11\xe8\xe1I\xc9\x19\xca\xf6\xaf\x82\x12\xdf\x17\xaeN\x1e'
11E8E149-C919-CAF6-AF82-12DF17AE4E1E,2022-ncaa-d0-natl,ncaa,295,303,216,300,236,322,324,261,349,305,260,331,294,206,354,136,272,264,253,265,202,263,268,350,350,337,189,221,99,290,325,258,315,284,345,280,105,131,213,249,121,97,161,106,,,15,14,,,292,256,244,195,344,348,278,328,258,290,176,266,244,246,283,285,291,267,310,285,175,103,148,,14,,,293,71,87,130,111,57,68,147,270,278,175,336,14,12,147,11,47,91,125,155,123,70,264,336,29,280,315,281,325,294,345,194,296,97,53,130,279,317,293,324,,,292,251,,,292,100,344,110,290,93,132,178,68,59,302,316,21,21,19,113,198,303,328,331,237,51,290,314,,296,,,b'\x11\xe8\xe1I\xc9\x19\xca\xf6\xaf\x82\x12\xdf\x17\xaeN\x1e'
11E8E149-C919-CAF6-AF82-12DF17AE4E1E,2022-ncaa-d1-conf-MAAC,ncaa,10,10,8,10,8,11,11,9,11,9,7,10,11,7,11,5,7,7,8,7,6,9,10,11,11,11,7,9,4,9,10,9,8,11,11,8,2,2,3,3,2,2,6,2,,,2,2,,,10,10,7,6,11,11,8,9,7,11,5,7,6,6,8,8,8,9,9,8,2,2,5,,2,,,10,2,4,2,7,2,2,7,9,9,8,9,2,2,5,2,2,1,5,7,6,3,8,9,2,9,8,11,10,11,11,8,10,2,2,2,5,9,9,8,,,9,8,,,10,2,11,4,10,4,6,4,3,2,10,10,2,2,2,3,7,9,11,11,9,2,7,9,,8,,,b'\x11\xe8\xe1I\xc9\x19\xca\xf6\xaf\x82\x12\xdf\x17\xaeN\x1e'
11E8E149-C919-CAF6-AF82-12DF17AE4E1E,2022-ncaa-d1-natl,ncaa,305,303,270,309,285,342,342,303,349,326,290,336,302,224,353,136,291,285,253,285,200,308,311,350,351,339,187,219,93,315,333,296,322,321,348,301,110,101,213,265,154,113,174,111,,,10,15,,,308,301,253,184,348,349,285,333,265,292,181,269,248,248,291,297,297,275,325,295,171,117,149,,14,,,310,51,68,92,121,45,44,160,252,264,191,337,8,8,155,6,47,52,85,171,136,86,266,337,30,265,322,264,333,274,348,182,300,125,64,143,254,323,287,330,,,315,248,,,308,59,346,132,308,106,144,181,76,61,310,321,25,22,21,115,195,308,332,337,242,65,295,313,,295,,,b'\x11\xe8\xe1I\xc9\x19\xca\xf6\xaf\x82\x12\xdf\x17\xaeN\x1e'
11E8E149-C919-CAF6-AF82-12DF17AE4E1E,2023-ncaa-d0-natl,ncaa,223,239,164,237,203,276,304,252,320,268,191,325,289,273,292,260,96,123,95,120,92,225,251,322,292,272,155,268,10,265,294,194,270,233,299,233,91,111,165,204,183,159,111,79,,,7,2,,,247,242,236,226,305,333,296,289,179,298,287,83,108,100,252,275,271,193,256,249,133,169,100,,3,,,244,91,138,208,91,89,95,160,256,313,68,339,18,15,215,14,38,152,158,107,81,79,222,319,22,266,270,268,294,283,299,207,247,172,154,202,263,302,32,41,,,183,97,,,247,136,291,113,235,98,163,256,109,84,271,331,20,17,17,170,174,283,293,305,223,155,274,32,,163,,,b'\x11\xe8\xe1I\xc9\x19\xca\xf6\xaf\x82\x12\xdf\x17\xaeN\x1e'
11E8E149-C919-CAF6-AF82-12DF17AE4E1E,2023-ncaa-d1-conf-MAAC,ncaa,7,7,7,7,10,9,10,9,9,8,4,9,11,11,8,9,3,3,2,3,2,6,11,10,6,5,6,9,1,7,7,7,4,8,8,8,4,1,1,3,9,8,3,3,,,1,1,,,8,11,6,8,8,9,7,7,4,10,10,1,2,2,5,8,7,5,6,7,1,9,3,,1,,,8,4,6,5,6,5,3,8,9,10,4,10,2,1,10,1,2,4,3,6,6,8,4,9,1,4,4,10,7,9,8,7,7,11,10,8,4,8,2,1,,,6,2,,,8,2,7,7,7,6,7,10,7,4,9,10,3,2,2,6,5,5,10,9,7,10,4,2,,5,,,b'\x11\xe8\xe1I\xc9\x19\xca\xf6\xaf\x82\x12\xdf\x17\xaeN\x1e'
11E8E149-C919-CAF6-AF82-12DF17AE4E1E,2023-ncaa-d1-natl,ncaa,243,239,219,248,266,309,334,306,329,298,229,331,305,295,296,264,117,142,94,140,88,283,308,329,299,279,153,268,7,289,302,235,274,282,313,269,93,79,171,219,211,177,120,82,,,4,3,,,273,295,239,201,317,339,302,297,181,304,290,80,104,100,261,284,280,203,268,267,135,180,102,,4,,,272,64,96,169,101,69,63,175,242,303,75,340,12,10,231,10,38,109,100,127,92,97,223,320,21,246,274,238,302,255,313,192,252,203,168,215,246,309,25,44,,,213,86,,,273,77,302,135,265,113,172,256,116,88,276,330,22,20,18,176,174,287,299,312,231,169,280,35,,159,,,b'\x11\xe8\xe1I\xc9\x19\xca\xf6\xaf\x82\x12\xdf\x17\xaeN\x1e'
11E8E149-C919-CAF6-AF82-12DF17AE4E1E,2024-ncaa-d0-natl,ncaa,319,338,143,333,146,283,292,193,338,293,186,348,224,199,245,192,256,249,173,253,265,203,175,332,332,330,137,150,136,247,303,84,159,130,239,173,29,296,303,241,272,303,92,99,,,24,15,,,300,157,218,15,330,338,247,328,204,231,209,264,269,269,264,210,266,48,118,178,284,289,100,,21,,,297,169,207,289,46,141,196,94,292,334,62,330,25,17,279,19,23,254,205,66,44,121,217,323,21,257,159,321,303,310,239,203,183,283,320,284,354,354,122,132,,,234,263,,,300,197,338,141,298,155,201,320,133,190,298,347,24,18,23,275,226,257,311,309,186,306,348,120,,272,,,b'\x11\xe8\xe1I\xc9\x19\xca\xf6\xaf\x82\x12\xdf\x17\xaeN\x1e'
11E8E149-C919-CAF6-AF82-12DF17AE4E1E,2024-ncaa-d1-conf-MAAC,ncaa,10,10,8,10,8,10,10,5,11,9,4,11,7,8,7,8,8,8,7,8,9,6,6,11,11,10,6,7,4,6,8,1,3,3,6,8,3,4,6,9,6,7,2,2,,,1,1,,,9,5,3,2,10,10,3,7,4,7,6,7,6,7,3,3,6,1,1,5,8,6,1,,1,,,9,5,5,10,2,5,5,3,11,11,6,11,2,2,8,3,2,9,6,3,2,6,10,11,2,6,3,10,8,10,6,4,4,10,10,8,10,10,6,7,,,9,9,,,9,6,10,6,9,8,9,11,5,9,11,11,2,2,3,11,9,8,11,11,4,9,10,6,,8,,,b'\x11\xe8\xe1I\xc9\x19\xca\xf6\xaf\x82\x12\xdf\x17\xaeN\x1e'
11E8E149-C919-CAF6-AF82-12DF17AE4E1E,2024-ncaa-d1-natl,ncaa,334,339,194,341,197,321,335,251,346,330,219,354,241,229,254,195,274,273,173,274,266,265,248,343,343,341,132,149,132,283,312,108,173,172,256,206,31,278,311,255,302,316,104,107,,,15,14,,,310,213,225,16,338,346,257,337,208,238,217,269,273,272,274,227,277,53,131,193,285,302,104,,21,,,310,134,184,270,57,116,159,108,287,326,70,332,19,15,286,16,22,226,159,77,56,139,214,326,21,246,173,297,312,292,256,191,186,314,331,295,353,357,109,145,,,274,257,,,310,137,343,169,312,175,215,324,148,192,307,349,24,19,23,284,222,267,320,318,205,313,350,128,,273,,,b'\x11\xe8\xe1I\xc9\x19\xca\xf6\xaf\x82\x12\xdf\x17\xaeN\x1e'
11E8E149-C919-CAF6-AF82-12DF17AE4E1E,2025-ncaa-d0-natl,genius_ncaa,147,147,135,154,145,246,270,254,254,317,331,217,115,84,203,35,259,289,78,294,153,268,265,212,200,225,41,39,200,310,313,104,78,199,184,161,33,187,258,168,259,249,70,46,,,54,79,,24,180,234,314,108,299,318,327,340,347,110,73,278,308,313,331,335,323,82,222,160,183,279,59,,53,,27,179,61,69,155,34,48,142,46,171,202,127,228,98,95,148,100,137,143,131,48,44,81,245,266,167,124,78,189,313,157,184,76,157,242,214,160,253,296,37,149,,,233,175,,295,180,135,260,83,176,51,49,121,47,105,159,183,90,93,98,97,57,112,158,133,67,259,241,42,,277,,298,b'\x11\xe8\xe1I\xc9\x19\xca\xf6\xaf\x82\x12\xdf\x17\xaeN\x1e'
11E8E149-C919-CAF6-AF82-12DF17AE4E1E,2025-ncaa-d1-conf-MAAC,genius_ncaa,5,5,7,5,7,8,9,11,10,12,12,9,6,5,5,4,9,9,3,10,3,11,12,6,6,7,2,5,7,13,13,3,2,6,6,8,4,6,8,8,12,12,2,2,,,2,3,,1,6,10,10,1,8,10,11,12,12,5,5,8,8,8,12,10,13,1,4,7,7,12,2,,4,,3,6,3,3,7,3,4,8,3,4,7,4,7,6,6,9,6,6,7,4,3,3,5,6,7,9,7,2,6,13,5,6,2,2,13,13,8,7,8,5,7,,,7,2,,9,6,4,7,4,6,5,5,11,6,10,5,8,7,6,7,8,5,7,8,8,2,13,7,5,,7,,8,b'\x11\xe8\xe1I\xc9\x19\xca\xf6\xaf\x82\x12\xdf\x17\xaeN\x1e'
11E8E149-C919-CAF6-AF82-12DF17AE4E1E,2025-ncaa-d1-natl,genius_ncaa,161,147,172,163,183,291,307,304,264,337,344,225,125,102,205,36,277,306,80,311,151,310,307,220,204,237,38,40,198,323,318,131,86,235,193,182,33,157,267,179,289,264,71,47,,,42,79,,17,194,282,314,93,319,333,334,344,347,115,76,282,308,316,332,336,323,86,239,176,184,289,60,,54,,25,193,46,47,115,44,42,108,52,155,179,140,228,79,79,154,82,138,96,79,63,51,94,244,266,165,102,86,147,318,128,193,64,157,278,228,171,229,305,33,160,,,263,169,,302,194,86,277,97,192,55,56,123,53,108,163,183,95,96,97,99,56,115,165,144,73,276,249,43,,277,,300,b'\x11\xe8\xe1I\xc9\x19\xca\xf6\xaf\x82\x12\xdf\x17\xaeN\x1e'
11E8E149-C919-CAF6-AF82-12DF17AE4E1E,2026-ncaa-d0-natl,genius_ncaa,212,250,116,241,116,196,211,161,314,268,177,349,83,120,55,108,222,281,24,283,327,178,177,272,266,261,21,25,236,232,311,181,258,204,318,217,215,226,219,243,228,274,248,309,,,151,85,,281,312,163,303,3,258,275,179,339,211,72,137,277,321,327,226,230,278,246,288,272,199,267,285,,94,,281,296,300,324,257,317,327,287,294,264,210,299,137,122,131,136,131,50,248,198,311,285,315,54,166,33,266,258,297,311,295,318,323,259,253,316,341,221,216,295,292,,,209,262,,173,312,185,271,316,303,294,332,291,328,313,256,165,85,96,92,266,178,241,312,306,327,312,198,287,,275,,202,b'\x11\xe8\xe1I\xc9\x19\xca\xf6\xaf\x82\x12\xdf\x17\xaeN\x1e'
11E8E149-C919-CAF6-AF82-12DF17AE4E1E,2026-ncaa-d1-natl,genius_ncaa,256,249,177,275,177,276,288,240,335,341,242,357,110,169,58,105,283,329,21,331,332,255,252,301,293,279,19,22,217,304,328,265,281,296,341,294,235,180,234,272,298,303,289,321,,,96,96,,265,328,231,307,1,287,307,210,352,231,77,145,286,334,334,264,252,305,274,323,311,207,298,296,,110,,288,329,266,310,202,339,317,241,322,238,154,318,130,84,88,148,85,49,189,130,333,320,342,47,168,33,234,281,262,328,257,341,312,266,324,332,349,175,231,280,309,,,271,254,,198,328,113,298,345,335,324,345,305,342,324,267,159,93,105,102,282,173,260,325,321,343,330,208,297,,272,,191,b'\x11\xe8\xe1I\xc9\x19\xca\xf6\xaf\x82\x12\xdf\x17\xaeN\x1e'
11E8E149-C91E-B8F4-AF82-12DF17AE4E1E,2010-ncaa-d0-natl,ncaa,125,174,50,159,63,121,153,108,225,129,95,209,210,185,261,234,36,53,73,54,87,88,75,248,205,207,179,257,30,135,188,85,49,94,121,97,69,278,208,172,80,99,243,257,,,209,124,,,120,62,133,144,193,234,203,179,163,250,241,47,76,82,168,162,191,154,182,141,206,111,267,,118,,,124,204,241,245,163,235,204,249,181,268,29,269,108,123,115,120,111,229,265,149,126,68,112,181,81,112,49,268,188,210,121,256,220,40,51,93,287,231,266,217,,,38,57,,,120,290,216,47,114,84,127,129,151,88,141,235,60,72,75,95,168,36,176,93,175,78,233,222,,65,,,b'\x11\xe8\xe1I\xc9\x1e\xb8\xf4\xaf\x82\x12\xdf\x17\xaeN\x1e'
11E8E149-C91E-B8F4-AF82-12DF17AE4E1E,2010-ncaa-d1-conf-AAC,ncaa,9,10,6,10,9,11,11,9,12,9,9,14,12,12,13,11,4,7,4,7,5,8,7,15,13,13,5,10,2,11,12,7,2,8,8,8,7,14,13,14,9,9,14,14,,,7,8,,,9,5,3,8,9,10,9,10,8,12,12,4,7,7,8,7,10,9,9,10,15,9,14,,8,,,9,9,9,8,9,9,4,12,11,11,7,12,5,5,7,5,8,8,9,9,9,8,9,10,6,2,2,11,12,7,8,11,11,5,4,7,12,12,13,12,,,7,5,,,9,13,14,7,9,8,10,8,7,3,11,12,5,5,5,7,8,1,12,8,11,4,12,13,,5,,,b'\x11\xe8\xe1I\xc9\x1e\xb8\xf4\xaf\x82\x12\xdf\x17\xaeN\x1e'
11E8E149-C91E-B8F4-AF82-12DF17AE4E1E,2010-ncaa-d1-natl,ncaa,132,174,53,162,69,130,161,118,230,134,101,214,218,194,262,234,40,55,74,56,87,96,87,254,207,208,175,259,28,145,195,93,50,105,126,103,71,269,209,175,86,107,245,260,,,194,125,,,125,69,135,143,199,238,207,187,166,251,239,48,78,83,169,162,191,158,189,145,208,116,268,,119,,,129,188,234,235,167,231,189,253,176,263,28,269,99,113,117,111,111,217,256,154,129,77,112,182,81,97,50,258,195,202,126,245,221,44,57,103,278,232,262,221,,,46,57,,,125,284,217,48,122,89,135,130,155,87,141,236,61,71,74,95,168,37,180,96,183,81,234,225,,64,,,b'\x11\xe8\xe1I\xc9\x1e\xb8\xf4\xaf\x82\x12\xdf\x17\xaeN\x1e'
11E8E149-C91E-B8F4-AF82-12DF17AE4E1E,2011-ncaa-d0-natl,ncaa,30,36,43,38,46,75,75,134,32,78,134,41,120,160,52,183,74,91,87,90,89,120,118,38,37,53,170,180,142,179,151,109,91,139,82,20,11,206,176,32,60,62,137,136,,,76,47,,,62,102,271,75,111,115,263,121,237,153,206,103,137,132,254,274,258,226,269,20,129,90,162,,28,,,63,182,249,261,188,194,195,197,289,286,224,299,16,16,122,16,16,202,223,214,155,135,141,303,9,131,91,104,151,97,82,217,164,96,108,152,204,187,217,184,,,80,101,,,62,240,57,112,62,88,151,134,112,70,257,247,7,8,9,58,56,60,30,20,154,161,151,165,,172,,,b'\x11\xe8\xe1I\xc9\x1e\xb8\xf4\xaf\x82\x12\xdf\x17\xaeN\x1e'
11E8E149-C91E-B8F4-AF82-12DF17AE4E1E,2011-ncaa-d1-conf-AAC,ncaa,5,5,4,5,4,7,9,10,8,10,13,8,7,8,7,7,4,5,2,5,2,11,9,6,5,5,6,7,4,11,10,6,6,9,7,5,2,7,8,5,8,10,12,13,,,3,4,,,10,9,11,1,6,9,12,11,12,7,7,3,4,4,11,10,10,6,11,3,8,9,12,,4,,,10,13,16,13,12,12,11,10,13,12,14,11,2,2,14,2,2,12,8,13,12,11,6,12,1,6,6,8,10,7,7,11,6,9,11,11,9,8,10,11,,,7,7,,,10,9,6,11,10,12,14,14,10,11,13,12,2,2,2,13,8,8,7,7,10,10,9,12,,7,,,b'\x11\xe8\xe1I\xc9\x1e\xb8\xf4\xaf\x82\x12\xdf\x17\xaeN\x1e'
11E8E149-C91E-B8F4-AF82-12DF17AE4E1E,2011-ncaa-d1-natl,ncaa,34,35,51,39,57,83,87,154,32,87,152,43,129,174,54,180,84,107,88,105,90,139,138,38,37,54,165,177,139,197,157,131,95,163,87,22,11,184,180,36,70,67,147,138,,,61,48,,,69,118,272,75,115,127,267,128,239,153,204,105,135,132,257,275,261,229,268,21,128,92,165,,30,,,70,162,233,243,195,184,169,207,286,281,225,297,10,14,124,14,15,174,200,221,160,145,141,303,8,112,95,81,157,72,87,209,164,112,116,162,182,194,209,188,,,98,99,,,69,222,59,118,70,91,157,137,118,71,258,246,8,8,9,59,56,63,31,20,159,169,150,173,,170,,,b'\x11\xe8\xe1I\xc9\x1e\xb8\xf4\xaf\x82\x12\xdf\x17\xaeN\x1e'
11E8E149-C91E-B8F4-AF82-12DF17AE4E1E,2011-ncaa-d1-ncaatournament,ncaa,17,2,17,17,18,23,20,22,24,21,24,29,19,23,16,41,27,30,16,29,46,23,28,24,26,14,32,24,41,28,45,23,39,27,42,29,54,32,10,24,31,40,16,15,,,32,3,,,29,25,35,3,20,18,23,21,17,19,36,38,41,40,24,38,44,30,39,41,9,38,11,,1,,,25,45,49,46,40,50,48,33,42,39,50,29,18,18,37,14,3,44,39,41,36,47,16,40,4,44,39,43,45,45,42,38,12,33,57,50,37,32,61,57,,,30,48,,,29,36,19,53,34,42,53,51,53,56,41,33,4,3,3,44,31,39,40,43,31,53,26,60,,49,,,b'\x11\xe8\xe1I\xc9\x1e\xb8\xf4\xaf\x82\x12\xdf\x17\xaeN\x1e'
11E8E149-C91E-B8F4-AF82-12DF17AE4E1E,2012-ncaa-d0-natl,ncaa,198,202,163,207,221,249,255,305,121,216,268,107,253,256,217,202,144,155,151,150,54,292,232,150,121,243,181,238,56,254,152,199,147,236,114,113,7,328,334,239,151,132,147,115,,,150,206,,,217,218,197,262,266,275,332,223,283,253,249,133,137,135,317,242,259,189,236,79,324,140,132,,168,,,217,117,140,134,182,107,88,187,239,244,217,277,64,100,17,99,169,123,120,200,161,179,217,284,74,118,147,25,152,38,114,225,275,217,185,244,340,338,76,141,,,145,59,,,217,125,261,164,220,157,171,161,131,92,252,253,74,130,129,146,122,142,25,45,238,209,337,84,,117,,,b'\x11\xe8\xe1I\xc9\x1e\xb8\xf4\xaf\x82\x12\xdf\x17\xaeN\x1e'
11E8E149-C91E-B8F4-AF82-12DF17AE4E1E,2012-ncaa-d1-conf-AAC,ncaa,13,14,4,14,9,12,13,14,11,11,11,12,10,12,8,11,10,10,7,10,10,12,8,12,12,14,9,10,7,12,9,6,9,7,7,6,1,16,16,14,8,10,9,9,,,10,10,,,14,7,6,10,13,15,14,14,11,11,11,10,11,10,14,10,13,6,7,5,16,9,9,,10,,,13,13,13,10,11,13,10,14,11,11,9,9,5,10,1,10,8,10,9,12,10,10,6,9,3,9,9,9,9,8,7,15,14,12,13,14,16,16,10,12,,,10,12,,,14,9,14,9,13,13,13,12,14,12,10,11,5,9,9,12,9,11,9,6,15,12,16,10,,12,,,b'\x11\xe8\xe1I\xc9\x1e\xb8\xf4\xaf\x82\x12\xdf\x17\xaeN\x1e'
11E8E149-C91E-B8F4-AF82-12DF17AE4E1E,2012-ncaa-d1-natl,ncaa,186,201,137,201,181,223,232,293,99,199,261,99,238,246,193,202,144,146,149,143,67,281,220,126,107,224,189,229,79,224,124,174,127,208,91,90,9,327,333,224,141,120,147,120,,,144,180,,,200,203,202,262,238,249,329,206,276,240,247,139,145,141,309,238,229,189,222,70,321,137,139,,151,,,200,129,143,148,174,110,84,188,239,257,190,281,68,106,19,104,168,132,130,196,156,160,221,282,72,112,127,25,124,28,91,236,281,199,171,230,339,336,66,120,,,131,65,,,200,140,241,156,201,141,158,144,121,80,240,255,69,118,116,130,116,124,21,34,236,203,335,65,,119,,,b'\x11\xe8\xe1I\xc9\x1e\xb8\xf4\xaf\x82\x12\xdf\x17\xaeN\x1e'
11E8E149-C91E-B8F4-AF82-12DF17AE4E1E,2013-ncaa-d0-natl,ncaa,149,166,80,160,94,114,104,136,75,71,97,83,209,226,136,242,111,105,172,101,156,132,84,94,95,154,247,237,166,44,11,165,153,94,26,94,124,334,290,199,214,241,146,161,,,267,265,,,202,100,171,215,126,110,201,80,130,222,247,136,130,123,183,115,53,231,127,89,301,236,173,,240,,,200,303,299,243,307,272,207,299,298,266,292,248,190,237,46,233,211,252,230,312,298,307,202,253,102,173,153,19,11,45,26,281,187,200,248,275,342,332,77,49,,,100,186,,,202,234,121,291,207,271,273,184,248,128,282,244,162,204,202,191,147,123,9,22,256,243,334,63,,152,,,b'\x11\xe8\xe1I\xc9\x1e\xb8\xf4\xaf\x82\x12\xdf\x17\xaeN\x1e'
11E8E149-C91E-B8F4-AF82-12DF17AE4E1E,2013-ncaa-d1-conf-AAC,ncaa,9,9,4,9,9,7,7,10,7,6,7,8,10,10,7,10,7,8,10,7,9,9,8,8,9,9,11,10,8,6,3,10,7,7,4,7,6,15,14,9,13,14,11,11,,,11,12,,,10,9,10,12,7,7,10,5,6,11,10,7,8,7,10,9,6,11,8,7,14,14,11,,10,,,10,11,11,8,13,12,9,13,7,8,11,6,9,11,1,11,10,6,7,14,13,13,5,5,8,6,7,2,3,3,4,8,3,12,12,10,15,15,4,4,,,6,7,,,10,7,9,13,10,12,12,8,12,8,8,7,9,9,9,7,6,6,4,4,8,12,15,5,,6,,,b'\x11\xe8\xe1I\xc9\x1e\xb8\xf4\xaf\x82\x12\xdf\x17\xaeN\x1e'
11E8E149-C91E-B8F4-AF82-12DF17AE4E1E,2013-ncaa-d1-natl,ncaa,155,165,90,162,111,123,111,153,76,80,111,86,215,230,135,241,122,114,172,110,152,145,100,97,96,164,246,236,162,51,11,184,156,106,28,99,126,329,292,206,222,250,153,162,,,259,267,,,206,127,177,210,129,114,206,83,135,224,248,134,130,124,189,121,55,235,130,90,300,242,174,,242,,,204,295,294,230,310,265,193,300,295,256,296,247,185,229,47,224,212,238,209,314,304,311,199,251,102,158,156,14,11,29,28,273,189,215,254,280,342,332,71,53,,,111,182,,,206,208,128,298,213,272,276,185,256,128,282,243,165,207,203,195,146,124,9,23,259,247,335,67,,148,,,b'\x11\xe8\xe1I\xc9\x1e\xb8\xf4\xaf\x82\x12\xdf\x17\xaeN\x1e'
11E8E149-C91E-B8F4-AF82-12DF17AE4E1E,2014-ncaa-d0-natl,ncaa,61,72,53,74,56,48,64,45,122,53,48,116,189,163,234,237,20,30,45,31,94,45,37,164,108,115,198,270,39,21,9,25,1,16,2,53,93,285,158,119,273,308,189,199,,,318,302,,,85,60,113,68,56,81,81,64,87,220,202,22,41,43,59,55,25,19,10,67,227,305,226,,273,,,87,283,252,257,173,194,164,215,307,315,186,292,238,303,12,302,299,278,256,213,186,226,296,280,184,16,1,96,9,35,2,234,179,184,260,237,299,190,255,154,,,41,117,,,85,294,72,131,86,197,174,155,117,58,284,296,196,257,258,192,137,4,30,8,174,264,241,215,,53,,,b'\x11\xe8\xe1I\xc9\x1e\xb8\xf4\xaf\x82\x12\xdf\x17\xaeN\x1e'
11E8E149-C91E-B8F4-AF82-12DF17AE4E1E,2014-ncaa-d1-conf-Big East,ncaa,4,5,3,5,4,2,4,3,5,5,4,5,7,6,8,7,1,2,1,2,2,3,3,7,3,4,6,7,1,4,1,1,1,1,1,4,5,9,8,7,9,9,7,7,,,10,10,,,5,3,4,2,2,3,3,5,4,7,7,1,1,1,3,3,3,1,1,4,9,9,7,,10,,,5,6,7,5,6,5,3,7,8,8,6,7,8,9,3,9,9,7,5,6,7,9,8,7,6,1,1,1,1,1,1,6,6,4,5,7,9,7,8,8,,,3,2,,,5,8,4,6,5,7,7,5,6,3,7,7,8,9,9,7,6,1,1,1,6,5,9,8,,1,,,b'\x11\xe8\xe1I\xc9\x1e\xb8\xf4\xaf\x82\x12\xdf\x17\xaeN\x1e'
11E8E149-C91E-B8F4-AF82-12DF17AE4E1E,2014-ncaa-d1-natl,ncaa,67,72,59,77,63,54,75,59,131,58,55,125,195,170,234,238,22,33,45,34,100,52,46,169,112,120,195,269,39,26,11,27,1,20,2,60,94,271,159,122,286,311,199,211,,,310,303,,,90,66,114,68,57,87,87,68,88,220,203,23,42,44,62,61,25,20,10,72,224,307,229,,277,,,92,270,239,238,178,182,145,219,301,306,191,292,225,297,13,296,299,263,239,221,198,236,292,282,184,13,1,79,11,23,2,223,181,208,262,243,284,191,248,155,,,49,118,,,90,286,75,141,92,202,180,159,121,57,287,294,197,258,259,196,133,4,30,8,176,269,241,219,,55,,,b'\x11\xe8\xe1I\xc9\x1e\xb8\xf4\xaf\x82\x12\xdf\x17\xaeN\x1e'
11E8E149-C91E-B8F4-AF82-12DF17AE4E1E,2015-ncaa-d0-natl,ncaa,267,296,113,285,131,106,120,95,198,82,81,171,232,197,302,242,42,51,94,50,104,77,67,231,193,212,221,276,36,151,206,84,261,100,221,180,255,318,228,264,230,303,131,228,,,298,185,,,314,51,10,123,98,130,81,76,70,247,209,25,34,34,57,22,172,70,101,200,293,256,133,,299,,,305,344,344,335,295,346,336,276,235,212,240,85,275,271,207,267,101,334,315,279,266,330,57,85,114,314,261,280,206,306,221,340,198,243,324,338,320,263,249,185,,,55,119,,,314,302,225,333,296,345,345,346,344,348,233,212,275,272,272,348,341,318,259,309,340,273,312,236,,32,,,b'\x11\xe8\xe1I\xc9\x1e\xb8\xf4\xaf\x82\x12\xdf\x17\xaeN\x1e'
11E8E149-C91E-B8F4-AF82-12DF17AE4E1E,2015-ncaa-d1-conf-Big East,ncaa,8,8,5,8,5,3,6,4,9,5,5,8,7,7,9,7,1,2,2,1,3,3,3,8,8,8,7,8,2,7,7,3,10,5,9,7,7,7,7,7,7,9,6,7,,,9,7,,,10,3,1,2,4,5,5,5,5,8,7,1,1,1,4,4,7,3,4,8,7,7,6,,9,,,8,10,10,10,7,10,10,7,5,5,3,5,8,9,5,9,7,10,9,6,6,9,4,4,6,10,10,7,7,9,9,10,6,5,9,10,8,8,6,5,,,1,2,,,10,8,8,9,8,10,10,10,10,10,5,6,8,8,8,10,10,10,8,10,10,6,7,5,,1,,,b'\x11\xe8\xe1I\xc9\x1e\xb8\xf4\xaf\x82\x12\xdf\x17\xaeN\x1e'
11E8E149-C91E-B8F4-AF82-12DF17AE4E1E,2015-ncaa-d1-natl,ncaa,277,293,143,289,162,133,154,119,209,103,93,184,244,208,304,242,46,58,94,58,100,98,80,240,199,218,221,276,35,174,215,108,273,125,231,205,260,301,235,270,254,310,139,235,,,287,189,,,319,55,10,112,109,143,84,85,72,248,210,25,36,37,59,23,175,76,113,212,294,262,139,,300,,,316,343,343,331,298,346,334,284,223,203,250,82,268,257,212,252,105,330,311,282,276,330,55,82,114,307,273,258,215,295,231,339,198,266,327,340,310,268,234,189,,,67,115,,,319,297,233,334,299,346,347,346,345,348,235,211,281,276,275,347,341,321,262,316,340,278,312,238,,33,,,b'\x11\xe8\xe1I\xc9\x1e\xb8\xf4\xaf\x82\x12\xdf\x17\xaeN\x1e'
11E8E149-C91E-B8F4-AF82-12DF17AE4E1E,2016-ncaa-d0-natl,ncaa,177,181,175,187,188,53,42,56,46,46,85,41,89,94,97,156,119,84,285,83,150,55,74,50,67,48,204,158,258,106,145,172,217,132,179,107,281,99,40,78,115,162,322,339,,,212,132,,,182,70,8,101,14,12,13,20,51,67,74,95,43,44,11,13,84,149,101,73,117,100,327,,237,,,182,338,341,299,341,331,249,345,324,304,287,272,180,215,44,219,174,296,274,345,336,336,132,229,45,224,217,245,145,252,179,342,293,189,259,332,150,100,310,276,,,99,173,,,182,277,43,330,186,344,344,334,340,285,331,319,198,233,237,337,333,250,272,276,344,182,181,319,,48,,,b'\x11\xe8\xe1I\xc9\x1e\xb8\xf4\xaf\x82\x12\xdf\x17\xaeN\x1e'
11E8E149-C91E-B8F4-AF82-12DF17AE4E1E,2016-ncaa-d1-conf-Big East,ncaa,6,5,6,6,6,3,2,2,4,3,3,3,5,5,5,6,4,2,7,3,3,1,1,3,4,4,6,7,5,2,3,7,8,6,6,3,8,6,5,4,2,5,10,10,,,4,3,,,7,1,1,1,2,2,1,1,2,5,4,2,1,2,1,1,2,6,4,2,8,1,10,,5,,,7,10,10,9,9,10,8,9,9,9,8,9,3,3,6,3,3,8,10,9,9,9,5,8,2,8,8,7,3,7,6,10,10,3,4,9,8,6,10,8,,,1,3,,,7,10,3,9,7,10,10,10,10,10,10,10,5,5,5,10,10,8,8,9,10,2,8,10,,1,,,b'\x11\xe8\xe1I\xc9\x1e\xb8\xf4\xaf\x82\x12\xdf\x17\xaeN\x1e'
11E8E149-C91E-B8F4-AF82-12DF17AE4E1E,2016-ncaa-d1-natl,ncaa,191,179,218,196,234,65,52,65,47,55,100,45,99,101,102,154,136,95,281,97,149,65,92,58,72,54,205,158,255,128,158,210,224,166,195,127,286,74,41,82,140,175,331,339,,,183,134,,,193,86,8,90,15,13,13,21,55,67,74,95,43,44,12,15,90,153,106,83,120,106,332,,240,,,193,335,338,280,342,326,223,346,317,298,293,269,164,200,48,201,172,280,252,347,338,340,129,226,48,196,224,223,158,224,195,339,292,223,269,333,125,104,307,281,,,115,169,,,193,260,47,335,197,344,344,334,341,283,331,319,199,235,237,338,333,252,275,283,344,193,185,321,,48,,,b'\x11\xe8\xe1I\xc9\x1e\xb8\xf4\xaf\x82\x12\xdf\x17\xaeN\x1e'
11E8E149-C91E-B8F4-AF82-12DF17AE4E1E,2017-ncaa-d0-natl,ncaa,25,28,45,30,58,16,17,29,13,14,33,11,60,81,62,170,82,112,75,110,271,31,48,14,18,9,255,191,289,133,175,32,12,44,43,23,178,22,7,6,195,240,291,317,,,94,30,,,37,41,60,230,13,10,23,10,54,87,117,124,168,169,27,107,195,31,70,16,12,241,314,,38,,,42,337,344,327,264,318,277,289,342,341,238,314,51,47,182,47,24,315,296,295,254,309,165,315,7,56,12,260,175,184,43,344,285,238,316,341,6,4,293,183,,,174,317,,,37,314,12,255,44,287,324,320,276,202,323,324,33,25,24,283,201,27,138,66,328,311,5,254,,284,,,b'\x11\xe8\xe1I\xc9\x1e\xb8\xf4\xaf\x82\x12\xdf\x17\xaeN\x1e'
11E8E149-C91E-B8F4-AF82-12DF17AE4E1E,2017-ncaa-d1-conf-Big East,ncaa,3,3,1,3,1,1,1,2,1,1,2,1,3,4,1,7,1,2,3,2,2,2,2,1,1,1,7,7,6,3,4,2,2,2,2,2,6,4,2,2,5,8,9,9,,,5,1,,,2,2,2,8,1,1,3,1,2,4,4,2,3,3,3,3,3,3,3,3,3,7,9,,3,,,3,10,10,10,8,10,9,7,9,10,7,7,3,3,2,3,2,10,9,8,6,9,6,7,1,7,2,8,4,6,2,10,9,6,9,10,4,1,9,8,,,3,8,,,2,9,1,7,2,9,10,10,10,6,8,9,1,2,2,10,8,2,4,4,10,6,1,7,,4,,,b'\x11\xe8\xe1I\xc9\x1e\xb8\xf4\xaf\x82\x12\xdf\x17\xaeN\x1e'
11E8E149-C91E-B8F4-AF82-12DF17AE4E1E,2017-ncaa-d1-natl,ncaa,30,28,56,30,79,19,18,35,14,14,42,12,72,89,67,167,93,129,74,128,271,36,65,15,20,10,257,190,287,157,184,39,13,52,46,27,178,15,7,9,216,252,303,320,,,70,32,,,53,49,62,228,14,10,26,10,57,89,116,128,174,176,27,114,203,33,78,16,12,247,315,,40,,,55,332,342,323,277,314,266,299,339,339,244,314,41,35,189,34,25,311,275,304,269,320,160,317,8,42,13,240,184,145,46,342,287,259,320,342,6,4,286,188,,,207,317,,,53,308,13,269,54,296,326,320,283,207,325,324,34,26,25,284,200,28,142,68,329,314,5,259,,287,,,b'\x11\xe8\xe1I\xc9\x1e\xb8\xf4\xaf\x82\x12\xdf\x17\xaeN\x1e'
11E8E149-C91E-B8F4-AF82-12DF17AE4E1E,2017-ncaa-d1-ncaatournament,ncaa,33,2,33,33,33,38,35,54,23,34,39,31,52,61,25,56,40,48,8,48,51,54,51,27,26,30,54,48,27,55,43,40,1,43,8,35,25,18,41,29,42,22,61,61,,,8,31,,,26,45,35,6,31,25,41,14,17,44,59,26,41,42,48,45,52,29,36,23,34,30,61,,15,,,28,9,16,5,56,21,13,60,5,10,6,21,8,10,10,10,32,4,3,50,46,43,4,7,15,1,1,4,43,1,8,21,51,51,30,50,17,45,13,30,,,55,45,,,26,17,33,25,26,23,40,7,52,22,5,15,16,22,24,6,4,1,20,1,49,38,41,32,,49,,,b'\x11\xe8\xe1I\xc9\x1e\xb8\xf4\xaf\x82\x12\xdf\x17\xaeN\x1e'
11E8E149-C91E-B8F4-AF82-12DF17AE4E1E,2018-ncaa-d0-natl,ncaa,38,57,25,54,27,15,10,15,26,11,19,16,62,43,158,157,71,65,168,65,265,17,21,37,48,29,287,211,301,37,100,90,72,50,104,27,256,76,17,27,22,53,252,296,,,304,166,,,45,18,37,73,13,7,10,6,35,94,83,135,140,143,10,34,75,205,129,35,36,43,293,,215,,,46,335,344,316,335,348,315,339,229,277,112,164,165,168,194,161,49,313,328,325,315,260,15,84,33,129,72,296,100,260,104,321,96,36,102,158,46,15,230,77,,,86,292,,,45,333,22,200,50,284,328,250,335,252,150,184,78,77,72,206,268,47,185,118,254,73,24,169,,202,,,b'\x11\xe8\xe1I\xc9\x1e\xb8\xf4\xaf\x82\x12\xdf\x17\xaeN\x1e'
11E8E149-C91E-B8F4-AF82-12DF17AE4E1E,2018-ncaa-d1-conf-Big East,ncaa,2,2,1,2,1,2,1,1,1,1,2,3,4,4,8,5,1,1,8,1,4,1,1,4,4,3,9,8,5,1,1,3,4,2,2,2,7,5,3,4,1,2,7,9,,,9,5,,,2,1,1,7,2,1,1,1,2,5,5,1,1,1,1,1,1,5,2,3,4,2,8,,8,,,2,10,10,9,9,10,8,10,6,8,6,5,5,3,10,4,4,9,10,9,7,8,4,5,2,7,4,7,1,7,2,10,5,2,3,3,3,2,9,7,,,1,6,,,2,10,2,5,2,10,10,9,10,7,5,6,3,1,1,9,10,3,2,3,8,2,3,7,,1,,,b'\x11\xe8\xe1I\xc9\x1e\xb8\xf4\xaf\x82\x12\xdf\x17\xaeN\x1e'
11E8E149-C91E-B8F4-AF82-12DF17AE4E1E,2018-ncaa-d1-natl,ncaa,45,57,31,59,35,17,10,16,27,11,23,16,69,48,157,155,87,84,170,82,263,18,21,38,50,31,283,207,298,46,113,105,77,58,118,32,258,52,17,27,30,56,270,300,,,290,171,,,55,19,37,74,17,7,10,7,41,95,86,138,145,146,12,38,79,215,139,37,37,46,294,,218,,,54,332,342,313,338,347,313,340,218,260,119,166,149,143,199,136,49,309,323,331,322,273,15,82,33,107,77,286,113,242,118,317,100,51,112,170,37,16,222,83,,,120,292,,,55,331,22,220,58,293,333,253,336,256,154,184,85,80,74,210,264,49,189,123,261,78,26,176,,202,,,b'\x11\xe8\xe1I\xc9\x1e\xb8\xf4\xaf\x82\x12\xdf\x17\xaeN\x1e'
11E8E149-C91E-B8F4-AF82-12DF17AE4E1E,2018-ncaa-d1-ncaatournament,ncaa,17,2,17,17,18,21,20,17,32,22,22,37,17,17,21,26,31,25,53,25,36,17,21,28,35,21,26,18,49,22,32,31,49,26,43,21,37,24,3,6,13,10,35,55,,,40,27,,,23,22,21,7,17,14,6,24,21,10,15,39,30,28,6,17,17,54,39,18,4,7,53,,30,,,23,43,46,42,52,51,46,56,14,32,11,14,35,31,44,29,14,40,45,43,40,31,4,7,21,43,49,48,32,49,43,45,26,14,10,20,14,5,48,42,,,27,35,,,23,43,20,32,23,37,50,29,53,48,8,12,24,20,16,19,41,39,47,46,36,7,5,49,,27,,,b'\x11\xe8\xe1I\xc9\x1e\xb8\xf4\xaf\x82\x12\xdf\x17\xaeN\x1e'
11E8E149-C91E-B8F4-AF82-12DF17AE4E1E,2019-ncaa-d0-natl,ncaa,17,34,14,31,19,6,7,10,16,13,29,23,20,28,15,131,23,32,72,30,156,9,11,19,19,10,151,115,261,33,52,10,18,11,11,9,104,117,15,11,17,49,148,196,,,179,33,,,6,8,63,238,6,8,23,19,92,30,67,58,98,95,19,59,99,25,28,11,31,50,198,,52,,,6,286,321,339,86,290,310,143,311,340,43,311,37,38,150,35,14,330,336,91,61,55,128,286,15,160,18,236,52,216,11,340,316,37,130,209,32,5,139,43,,,44,238,,,6,344,8,32,6,102,175,278,139,165,243,312,9,10,10,178,235,44,54,38,273,111,11,65,,159,,,b'\x11\xe8\xe1I\xc9\x1e\xb8\xf4\xaf\x82\x12\xdf\x17\xaeN\x1e'
11E8E149-C91E-B8F4-AF82-12DF17AE4E1E,2019-ncaa-d1-conf-Big East,ncaa,1,1,1,1,3,1,1,2,1,1,1,2,3,5,1,7,1,1,4,1,2,2,2,1,1,1,7,6,3,2,2,1,1,1,1,2,6,5,2,2,1,2,6,7,,,3,1,,,1,1,2,9,1,1,2,1,1,4,6,1,1,1,2,2,2,1,1,2,4,2,6,,1,,,1,3,6,10,1,6,8,2,5,7,1,6,1,1,2,1,1,9,9,1,1,1,4,5,1,4,1,2,2,2,1,7,6,2,4,5,3,1,1,1,,,2,4,,,1,10,1,1,1,2,4,10,4,7,5,7,1,1,1,7,8,2,1,1,6,3,3,1,,2,,,b'\x11\xe8\xe1I\xc9\x1e\xb8\xf4\xaf\x82\x12\xdf\x17\xaeN\x1e'
11E8E149-C91E-B8F4-AF82-12DF17AE4E1E,2019-ncaa-d1-natl,ncaa,21,44,11,43,16,6,7,10,16,12,26,27,17,29,18,131,24,36,64,32,168,10,12,21,20,11,144,115,257,31,52,13,18,14,16,9,108,120,17,14,27,63,167,209,,,207,45,,,6,9,63,239,7,8,24,20,100,33,68,66,109,106,21,62,101,34,29,13,34,62,212,,65,,,6,308,325,339,102,301,312,172,317,337,55,309,56,53,174,47,21,333,337,115,77,76,130,279,19,164,18,237,52,210,16,340,320,52,139,222,44,5,140,46,,,44,241,,,6,342,9,44,6,122,191,271,159,162,241,307,19,17,14,179,229,42,55,35,286,120,16,67,,165,,,b'\x11\xe8\xe1I\xc9\x1e\xb8\xf4\xaf\x82\x12\xdf\x17\xaeN\x1e'
11E8E149-C91E-B8F4-AF82-12DF17AE4E1E,2019-ncaa-d1-ncaatournament,ncaa,17,2,17,17,17,27,27,23,33,27,27,27,19,20,33,22,28,34,3,33,55,25,24,33,33,30,37,31,48,25,34,24,28,25,28,20,11,36,30,22,18,14,24,37,,,37,25,,,21,26,53,4,31,27,27,28,35,25,25,39,54,53,36,34,33,25,32,18,30,13,28,,24,,,21,38,43,42,25,44,47,13,37,30,55,5,11,20,4,20,4,40,40,25,18,18,12,31,3,41,28,43,34,43,28,44,49,21,27,37,28,25,45,47,,,29,52,,,21,39,29,18,21,19,37,40,39,58,23,3,2,5,8,28,29,37,34,31,47,28,20,44,,53,,,b'\x11\xe8\xe1I\xc9\x1e\xb8\xf4\xaf\x82\x12\xdf\x17\xaeN\x1e'
11E8E149-C91E-B8F4-AF82-12DF17AE4E1E,2020-ncaa-d0-natl,ncaa,23,42,8,40,19,39,21,73,15,12,27,32,211,270,62,303,149,151,176,144,278,79,40,35,46,79,321,287,286,36,9,23,29,16,4,9,8,306,248,55,198,232,35,53,,,203,151,,,48,57,224,256,83,42,206,18,75,248,308,224,229,223,218,171,75,65,46,10,247,254,49,,105,,,51,205,197,283,64,178,281,50,219,223,176,170,207,161,316,152,93,279,257,66,82,122,217,199,202,79,29,16,9,25,4,241,252,207,244,245,250,171,158,66,,,146,258,,,48,299,53,87,49,86,84,156,86,179,154,148,146,108,98,129,74,32,2,1,169,266,187,113,,247,,,b'\x11\xe8\xe1I\xc9\x1e\xb8\xf4\xaf\x82\x12\xdf\x17\xaeN\x1e'
11E8E149-C91E-B8F4-AF82-12DF17AE4E1E,2020-ncaa-d1-conf-Big East,ncaa,2,2,1,2,1,2,2,3,1,1,1,1,9,10,7,10,2,2,6,1,6,3,2,1,2,5,10,10,4,2,1,1,1,1,1,2,2,10,9,6,6,7,1,3,,,8,7,,,2,2,3,9,3,3,6,1,1,10,10,4,2,2,5,3,2,1,1,2,9,7,1,,7,,,2,6,6,10,2,7,10,1,5,4,8,3,9,8,7,8,5,10,9,2,2,3,5,5,8,5,1,1,1,1,1,4,4,5,8,5,9,6,9,3,,,1,3,,,2,9,5,3,2,2,2,7,4,8,5,3,7,8,7,6,4,1,1,1,2,8,7,8,,2,,,b'\x11\xe8\xe1I\xc9\x1e\xb8\xf4\xaf\x82\x12\xdf\x17\xaeN\x1e'
11E8E149-C91E-B8F4-AF82-12DF17AE4E1E,2020-ncaa-d1-natl,ncaa,26,42,12,42,30,52,27,99,17,16,33,34,228,287,66,303,174,177,176,170,274,104,62,36,47,83,320,290,281,48,8,32,32,19,4,9,9,294,253,62,225,243,42,56,,,170,156,,,54,89,230,257,95,48,213,21,75,255,308,224,227,223,225,176,80,74,49,12,249,262,50,,110,,,58,182,177,265,71,159,263,52,209,205,181,165,195,147,323,138,96,258,218,70,89,134,211,202,203,66,32,8,8,15,4,233,249,231,255,257,237,178,147,70,,,176,256,,,54,269,57,96,57,92,91,158,92,182,155,146,149,109,100,133,76,33,2,3,180,273,188,114,,246,,,b'\x11\xe8\xe1I\xc9\x1e\xb8\xf4\xaf\x82\x12\xdf\x17\xaeN\x1e'
11E8E149-C91E-B8F4-AF82-12DF17AE4E1E,2021-ncaa-d0-natl,ncaa,30,60,43,47,55,45,27,43,17,12,18,37,218,249,128,326,158,171,150,170,328,52,46,54,65,73,341,331,307,47,40,47,24,43,15,8,7,273,134,15,77,137,111,187,,,171,30,,,40,58,158,224,81,22,88,6,8,307,325,262,276,281,134,150,106,91,82,8,144,151,178,,28,,,44,246,263,275,119,280,284,132,200,238,85,143,181,143,330,137,30,266,276,100,97,105,76,130,95,150,24,172,40,165,15,264,195,67,136,158,280,176,283,103,,,123,280,,,40,289,57,72,41,92,134,159,163,200,98,119,70,38,33,98,100,26,15,11,172,164,186,201,,263,,,b'\x11\xe8\xe1I\xc9\x1e\xb8\xf4\xaf\x82\x12\xdf\x17\xaeN\x1e'
11E8E149-C91E-B8F4-AF82-12DF17AE4E1E,2021-ncaa-d1-conf-Big East,ncaa,2,2,1,2,1,2,2,2,2,2,1,2,8,9,4,11,3,3,9,3,11,2,2,2,2,4,11,11,11,1,2,2,2,2,2,2,2,10,5,3,3,3,4,6,,,9,3,,,2,2,5,8,5,3,5,2,1,10,11,7,7,7,5,6,3,2,2,3,5,4,6,,3,,,2,8,8,11,3,8,11,3,6,9,4,6,9,9,9,8,2,11,10,2,2,2,6,6,6,6,2,8,2,7,2,8,4,3,5,3,9,5,10,2,,,3,6,,,2,10,2,2,2,2,3,5,4,6,2,3,2,2,2,2,4,2,2,2,2,5,5,7,,6,,,b'\x11\xe8\xe1I\xc9\x1e\xb8\xf4\xaf\x82\x12\xdf\x17\xaeN\x1e'
11E8E149-C91E-B8F4-AF82-12DF17AE4E1E,2021-ncaa-d1-natl,ncaa,30,60,50,47,63,52,31,54,17,13,18,37,225,260,131,326,165,182,150,183,329,62,60,57,69,73,340,330,307,56,45,53,25,49,17,8,7,261,138,15,86,143,117,189,,,159,30,,,45,67,163,225,84,24,93,6,11,306,326,265,278,282,140,158,111,93,85,8,144,157,180,,27,,,48,232,255,268,130,276,281,143,192,228,89,140,173,131,330,125,30,256,262,104,105,111,73,125,98,141,25,157,45,147,17,257,196,82,141,165,271,182,278,109,,,137,280,,,45,281,61,79,43,97,140,161,171,205,98,115,72,38,33,99,99,26,15,10,177,171,188,202,,265,,,b'\x11\xe8\xe1I\xc9\x1e\xb8\xf4\xaf\x82\x12\xdf\x17\xaeN\x1e'
11E8E149-C91E-B8F4-AF82-12DF17AE4E1E,2021-ncaa-d1-ncaatournament,ncaa,33,2,33,33,34,39,35,57,7,35,42,9,53,60,22,56,52,52,55,52,51,59,60,13,13,16,56,51,54,63,62,39,21,53,40,30,8,14,46,9,50,49,61,61,,,16,48,,,33,50,32,7,28,13,52,9,23,49,58,50,46,49,57,58,63,24,49,5,33,44,61,,43,,,35,11,13,15,40,19,16,43,6,15,6,25,18,15,52,14,38,13,13,33,34,36,18,11,45,13,21,6,62,5,40,24,60,51,42,54,7,26,7,16,,,50,34,,,33,13,32,34,33,37,37,32,48,38,10,24,45,38,35,36,31,24,23,16,52,41,17,14,,43,,,b'\x11\xe8\xe1I\xc9\x1e\xb8\xf4\xaf\x82\x12\xdf\x17\xaeN\x1e'
11E8E149-C91E-B8F4-AF82-12DF17AE4E1E,2022-ncaa-d0-natl,ncaa,43,87,14,74,15,48,22,21,46,6,1,136,296,339,41,353,157,143,196,136,353,28,23,113,142,125,356,347,303,18,21,28,25,15,10,7,6,283,102,17,121,218,110,194,,,125,27,,,61,36,212,72,111,32,61,6,5,336,354,265,265,257,96,123,46,64,30,8,125,231,167,,22,,,67,290,319,330,163,337,341,170,169,232,77,104,80,72,172,71,12,321,315,129,100,105,18,94,33,145,25,216,21,192,10,259,70,95,201,165,289,131,288,37,,,71,258,,,61,324,85,84,62,89,180,192,239,271,64,87,23,20,18,133,106,32,25,15,114,227,151,198,,227,,,b'\x11\xe8\xe1I\xc9\x1e\xb8\xf4\xaf\x82\x12\xdf\x17\xaeN\x1e'
11E8E149-C91E-B8F4-AF82-12DF17AE4E1E,2022-ncaa-d1-conf-Big East,ncaa,4,5,1,5,1,7,5,3,5,2,1,8,10,11,1,11,6,6,7,5,11,3,2,7,7,7,11,10,6,2,2,1,1,1,2,3,2,6,6,5,8,8,8,7,,,4,5,,,5,5,10,5,7,6,6,3,1,10,11,7,7,7,4,5,2,3,3,4,6,9,8,,3,,,5,4,5,6,3,8,7,5,3,4,3,5,3,3,4,3,2,5,5,3,3,3,2,3,4,3,1,4,2,4,2,3,2,5,5,3,6,6,8,2,,,2,4,,,5,7,7,2,5,3,5,4,7,6,2,3,2,2,2,4,2,1,4,3,3,6,6,6,,5,,,b'\x11\xe8\xe1I\xc9\x1e\xb8\xf4\xaf\x82\x12\xdf\x17\xaeN\x1e'
11E8E149-C91E-B8F4-AF82-12DF17AE4E1E,2022-ncaa-d1-natl,ncaa,48,87,16,81,17,56,24,25,48,6,2,151,306,343,42,353,177,168,193,165,353,33,30,122,150,137,356,347,300,23,24,32,27,19,11,8,6,262,109,19,154,232,120,195,,,95,29,,,74,42,222,72,120,35,71,6,5,336,354,268,265,260,109,132,50,69,36,9,129,244,172,,25,,,82,269,316,326,176,330,338,175,147,206,84,101,70,63,186,59,12,314,308,140,108,128,18,89,34,122,27,195,24,155,11,239,72,122,212,184,268,139,282,46,,,92,255,,,74,319,92,101,79,102,192,196,250,271,68,86,26,21,20,140,100,36,27,15,129,234,157,210,,226,,,b'\x11\xe8\xe1I\xc9\x1e\xb8\xf4\xaf\x82\x12\xdf\x17\xaeN\x1e'
11E8E149-C91E-B8F4-AF82-12DF17AE4E1E,2023-ncaa-d0-natl,ncaa,73,74,81,78,85,122,85,66,166,54,35,208,221,241,187,294,262,312,28,308,359,96,112,202,217,156,339,272,331,78,91,94,51,80,70,29,14,75,49,19,110,110,170,234,,,82,50,,,69,126,257,137,161,92,48,52,30,252,285,310,342,342,112,191,85,112,78,23,43,145,196,,38,,,68,91,177,229,99,249,308,70,42,45,108,23,54,56,184,51,22,186,210,63,48,42,15,47,72,92,51,234,91,180,70,97,81,124,126,64,138,113,295,173,,,261,334,,,69,237,136,33,69,33,89,124,178,293,21,20,31,37,34,72,73,50,160,103,48,175,109,284,,325,,,b'\x11\xe8\xe1I\xc9\x1e\xb8\xf4\xaf\x82\x12\xdf\x17\xaeN\x1e'
11E8E149-C91E-B8F4-AF82-12DF17AE4E1E,2023-ncaa-d1-conf-Big East,ncaa,4,4,3,4,5,6,6,3,8,5,1,7,8,8,9,10,6,8,1,8,11,5,5,8,8,8,11,11,10,3,3,4,4,3,3,5,2,5,5,3,4,2,10,10,,,5,5,,,4,6,6,3,6,6,2,4,1,8,8,7,8,8,4,4,2,3,3,5,4,4,10,,5,,,4,2,3,6,3,4,9,3,2,2,4,2,5,6,3,5,5,6,6,4,3,3,4,3,6,3,4,6,3,5,3,1,1,2,2,1,4,4,5,3,,,8,9,,,4,6,7,2,4,3,3,4,4,8,3,2,5,6,5,3,6,3,7,5,3,2,3,5,,9,,,b'\x11\xe8\xe1I\xc9\x1e\xb8\xf4\xaf\x82\x12\xdf\x17\xaeN\x1e'
11E8E149-C91E-B8F4-AF82-12DF17AE4E1E,2023-ncaa-d1-natl,ncaa,81,74,103,84,119,152,102,76,178,66,40,221,234,260,185,296,279,328,28,327,359,114,142,210,224,162,339,274,329,93,99,124,56,101,77,31,14,55,51,20,141,128,185,239,,,52,52,,,83,176,263,131,179,97,49,58,31,257,287,312,344,344,120,202,93,122,85,26,45,155,198,,40,,,83,64,129,194,110,226,297,77,33,33,118,24,46,42,185,41,21,143,154,70,55,52,16,46,70,72,56,200,99,138,77,80,84,157,141,75,119,116,293,187,,,289,332,,,83,190,141,39,78,38,96,128,188,294,21,21,36,38,37,75,73,51,164,111,54,185,111,286,,326,,,b'\x11\xe8\xe1I\xc9\x1e\xb8\xf4\xaf\x82\x12\xdf\x17\xaeN\x1e'
11E8E149-C91E-B8F4-AF82-12DF17AE4E1E,2023-ncaa-d1-ncaatournament,ncaa,36,2,36,36,36,43,45,36,57,43,36,62,50,61,29,64,41,38,51,38,33,36,39,58,56,46,38,51,12,32,15,43,46,37,37,43,34,2,2,4,39,24,51,52,,,25,48,,,28,50,63,1,29,34,2,26,1,44,56,12,9,10,1,8,4,33,9,34,2,21,47,,58,,,29,8,4,14,22,15,13,45,2,17,2,32,33,31,59,31,55,19,24,11,25,21,19,5,64,20,46,28,15,25,37,1,1,44,29,2,2,3,6,10,,,45,33,,,28,21,35,26,23,31,20,33,44,34,3,33,61,59,59,48,52,44,63,57,1,22,4,17,,17,,,b'\x11\xe8\xe1I\xc9\x1e\xb8\xf4\xaf\x82\x12\xdf\x17\xaeN\x1e'
11E8E149-C91E-B8F4-AF82-12DF17AE4E1E,2024-ncaa-d0-natl,ncaa,51,49,94,50,126,96,71,118,34,70,108,76,101,181,18,204,231,272,43,273,330,141,150,41,46,60,239,151,326,216,195,95,6,129,41,24,12,142,141,24,203,209,71,84,,,129,114,,,47,132,183,263,88,57,155,64,129,118,207,270,303,303,209,242,259,91,161,17,113,233,75,,86,,,46,114,153,186,147,193,248,86,113,84,253,77,52,67,83,70,54,156,179,127,100,70,72,141,70,9,6,126,195,51,41,82,68,116,113,81,121,115,194,138,,,210,261,,,47,237,66,32,40,54,97,105,142,207,76,51,44,52,50,58,74,9,69,17,61,149,97,161,,279,,,b'\x11\xe8\xe1I\xc9\x1e\xb8\xf4\xaf\x82\x12\xdf\x17\xaeN\x1e'
11E8E149-C91E-B8F4-AF82-12DF17AE4E1E,2024-ncaa-d1-conf-Big East,ncaa,3,3,3,3,5,3,3,7,3,3,3,4,6,8,5,8,6,7,4,7,7,7,5,4,4,4,7,6,5,8,9,5,1,5,4,2,1,8,6,4,8,8,5,4,,,6,8,,,3,4,3,7,4,5,6,4,4,7,8,6,7,7,6,5,8,4,6,2,6,8,5,,6,,,3,4,4,5,6,4,9,4,4,4,7,4,4,5,3,5,5,5,5,6,6,3,5,5,6,1,1,6,9,4,4,1,1,5,5,2,8,7,3,3,,,7,8,,,3,8,5,2,3,5,4,4,5,7,5,4,4,5,5,6,6,1,7,3,1,5,7,3,,7,,,b'\x11\xe8\xe1I\xc9\x1e\xb8\xf4\xaf\x82\x12\xdf\x17\xaeN\x1e'
11E8E149-C91E-B8F4-AF82-12DF17AE4E1E,2024-ncaa-d1-natl,ncaa,57,49,130,51,175,119,93,150,36,89,137,84,120,210,19,209,260,293,44,292,334,180,207,44,50,64,234,150,324,248,210,120,6,170,46,26,11,110,146,24,236,230,79,88,,,100,120,,,52,183,191,264,98,63,175,77,134,123,213,277,306,308,222,252,267,101,180,17,114,253,80,,91,,,50,83,131,148,168,166,224,97,101,61,257,77,41,53,94,53,57,110,124,144,116,95,68,140,72,5,6,93,210,28,46,68,70,149,122,100,103,129,180,147,,,243,252,,,52,193,74,40,47,66,109,109,156,213,82,53,50,56,54,62,71,10,77,19,70,156,101,173,,281,,,b'\x11\xe8\xe1I\xc9\x1e\xb8\xf4\xaf\x82\x12\xdf\x17\xaeN\x1e'
11E8E149-C91E-B8F4-AF82-12DF17AE4E1E,2024-ncaa-d1-ncaatournament,ncaa,37,3,37,37,38,57,58,58,52,51,51,52,52,52,48,33,50,53,21,53,44,59,55,53,54,53,38,37,28,44,20,53,63,52,54,47,17,21,53,47,45,34,34,39,,,16,40,,,46,57,49,5,55,55,46,46,33,44,37,38,44,45,51,39,22,51,43,38,48,32,20,,43,,,47,6,12,22,39,27,33,23,2,1,53,1,13,11,20,11,15,23,24,22,19,17,1,2,32,34,63,12,20,20,54,5,5,45,28,14,21,48,5,9,,,53,44,,,46,11,53,36,50,25,43,42,62,66,2,1,30,32,32,43,46,63,35,56,9,23,43,6,,44,,,b'\x11\xe8\xe1I\xc9\x1e\xb8\xf4\xaf\x82\x12\xdf\x17\xaeN\x1e'
11E8E149-C91E-B8F4-AF82-12DF17AE4E1E,2025-ncaa-d0-natl,genius_ncaa,96,77,135,92,157,140,124,163,110,95,104,121,242,269,179,276,137,209,19,210,274,170,176,142,121,130,286,278,170,178,131,115,75,132,66,64,34,184,196,87,114,99,34,21,,,89,82,,254,81,164,202,208,129,120,174,77,104,253,282,145,225,226,195,203,181,103,139,51,181,114,23,,77,,260,81,80,99,173,62,99,211,54,138,143,154,154,93,70,257,82,84,163,188,58,52,60,175,200,142,103,75,94,131,87,66,162,258,127,113,129,91,105,285,242,,,227,264,,286,81,201,121,46,80,65,76,140,84,184,128,121,87,71,80,111,126,90,71,67,152,132,95,291,,262,,294,b'\x11\xe8\xe1I\xc9\x1e\xb8\xf4\xaf\x82\x12\xdf\x17\xaeN\x1e'
11E8E149-C91E-B8F4-AF82-12DF17AE4E1E,2025-ncaa-d1-conf-Big East,genius_ncaa,4,4,8,4,11,5,5,8,3,4,4,3,9,10,9,10,3,3,4,3,5,7,7,5,3,4,11,10,4,5,3,4,4,6,2,3,5,8,8,5,4,4,2,3,,,2,3,,4,3,8,2,7,4,5,7,3,2,9,10,2,2,2,6,4,4,4,3,3,8,4,2,,3,,5,3,2,4,7,3,4,8,3,5,6,3,5,3,3,1,4,4,4,4,3,3,2,5,6,3,5,4,3,3,2,2,3,3,5,5,4,7,7,7,7,,,5,5,,10,3,5,5,3,3,4,5,10,5,9,5,6,3,5,5,9,10,7,4,4,4,5,7,7,,5,,10,b'\x11\xe8\xe1I\xc9\x1e\xb8\xf4\xaf\x82\x12\xdf\x17\xaeN\x1e'
11E8E149-C91E-B8F4-AF82-12DF17AE4E1E,2025-ncaa-d1-natl,genius_ncaa,95,77,113,89,136,130,116,153,99,74,97,111,251,260,198,281,136,204,19,204,276,165,153,141,118,129,296,292,168,166,110,102,73,122,49,64,35,205,199,91,107,101,37,25,,,81,68,,251,85,159,200,212,132,111,170,67,99,265,285,139,226,227,193,192,173,92,115,50,187,114,28,,73,,247,82,79,94,189,51,100,206,51,144,170,132,170,85,70,250,76,80,166,195,56,48,57,174,203,143,110,73,83,110,85,49,153,251,116,111,122,101,106,282,229,,,227,276,,283,85,208,119,40,79,61,71,143,82,174,128,133,76,71,74,112,124,94,52,60,137,136,98,285,,267,,297,b'\x11\xe8\xe1I\xc9\x1e\xb8\xf4\xaf\x82\x12\xdf\x17\xaeN\x1e'
11E8E149-C91E-B8F4-AF82-12DF17AE4E1E,2026-ncaa-d0-natl,genius_ncaa,87,80,116,95,120,109,103,168,45,130,180,96,58,129,14,119,194,243,47,235,268,178,186,39,40,54,113,59,305,264,274,134,205,188,197,37,4,187,184,37,158,177,49,38,,,82,23,,245,83,158,222,41,83,72,194,144,219,43,145,243,296,290,226,255,316,141,244,19,162,174,34,,27,,232,84,176,208,249,78,194,215,143,222,291,56,289,88,70,238,67,40,226,202,87,68,104,134,233,62,253,205,162,274,194,197,215,178,193,232,212,165,157,245,238,,,209,249,,286,83,190,83,120,88,124,177,275,165,196,182,295,55,37,36,227,185,226,91,144,176,231,131,232,,275,,308,b'\x11\xe8\xe1I\xc9\x1e\xb8\xf4\xaf\x82\x12\xdf\x17\xaeN\x1e'
11E8E149-C91E-B8F4-AF82-12DF17AE4E1E,2026-ncaa-d1-conf-Big East,genius_ncaa,1,1,1,1,1,2,2,4,2,2,3,4,2,3,2,5,2,3,5,3,7,2,2,2,2,2,4,3,6,5,2,3,5,2,3,2,2,8,6,3,2,4,3,7,,,6,3,,7,2,2,6,1,2,2,7,4,6,3,5,4,5,5,5,5,8,5,5,2,6,4,5,,3,,6,2,6,7,8,5,8,8,6,5,8,2,7,5,6,2,6,3,8,7,4,2,3,2,3,3,7,5,4,2,5,3,6,7,2,5,6,7,5,10,11,,,2,5,,6,2,8,2,3,2,4,5,6,6,6,2,6,2,4,4,6,5,5,1,1,5,5,4,9,,5,,8,b'\x11\xe8\xe1I\xc9\x1e\xb8\xf4\xaf\x82\x12\xdf\x17\xaeN\x1e'
11E8E149-C91E-B8F4-AF82-12DF17AE4E1E,2026-ncaa-d1-natl,genius_ncaa,110,80,177,113,181,160,153,248,54,192,248,112,77,179,11,117,256,305,44,299,282,255,263,42,44,63,101,54,304,326,301,208,224,281,223,45,4,145,205,43,226,217,57,40,,,29,27,,226,121,227,234,31,112,101,224,177,239,51,158,257,304,302,264,278,337,165,288,19,176,218,37,,32,,248,116,127,165,196,106,157,160,179,182,262,67,293,56,39,248,37,41,172,134,114,98,144,126,233,58,213,224,98,301,136,223,180,185,271,266,260,122,169,227,269,,,271,241,,305,121,122,103,171,119,156,214,291,201,206,212,302,66,44,44,241,182,237,105,157,210,260,138,254,,272,,305,b'\x11\xe8\xe1I\xc9\x1e\xb8\xf4\xaf\x82\x12\xdf\x17\xaeN\x1e'
11E8E149-C923-A120-AF82-12DF17AE4E1E,2010-ncaa-d0-natl,ncaa,178,174,178,185,179,229,165,198,112,69,60,139,337,338,293,340,291,192,342,199,304,198,201,212,260,241,345,339,281,100,63,190,121,160,74,91,44,136,168,79,260,239,140,131,,,172,257,,,211,242,280,16,245,125,163,30,16,339,339,298,170,181,172,185,74,181,110,55,170,255,131,,207,,,212,110,117,120,177,75,126,65,253,130,343,167,98,124,70,124,158,113,92,209,188,206,264,293,111,86,121,97,63,78,74,152,211,254,206,233,165,191,37,10,,,279,301,,,211,97,213,192,217,142,142,128,93,148,276,140,110,141,143,120,84,116,115,96,177,246,188,48,,290,,,b'\x11\xe8\xe1I\xc9#\xa1 \xaf\x82\x12\xdf\x17\xaeN\x1e'
11E8E149-C923-A120-AF82-12DF17AE4E1E,2010-ncaa-d1-conf-C-USA,ncaa,10,9,7,10,7,12,9,11,7,6,4,7,12,12,9,12,12,10,11,11,12,12,10,7,9,12,12,12,12,5,2,8,5,8,3,5,3,9,10,8,12,11,6,5,,,5,10,,,10,12,12,1,12,7,9,2,2,12,12,12,9,9,10,9,4,6,5,3,10,12,5,,6,,,10,2,2,3,5,1,2,1,11,4,12,9,2,2,4,2,6,1,1,8,7,8,12,12,2,3,5,3,2,2,3,3,8,11,8,9,8,9,2,1,,,12,12,,,10,1,12,7,10,4,3,5,1,4,11,8,2,2,2,3,3,5,3,3,4,10,9,2,,12,,,b'\x11\xe8\xe1I\xc9#\xa1 \xaf\x82\x12\xdf\x17\xaeN\x1e'
11E8E149-C923-A120-AF82-12DF17AE4E1E,2010-ncaa-d1-conf-CUSA,ncaa,10,9,7,10,7,12,9,11,7,6,4,7,12,12,9,12,12,10,11,11,12,12,10,7,9,12,12,12,12,5,2,8,5,8,3,5,3,9,10,8,12,11,6,5,,,5,10,,,10,12,12,1,12,7,9,2,2,12,12,12,9,9,10,9,4,6,5,3,10,12,5,,6,,,10,2,2,3,5,1,2,1,11,4,12,9,2,2,4,2,6,1,1,8,7,8,12,12,2,3,5,3,2,2,3,3,8,11,8,9,8,9,2,1,,,12,12,,,10,1,12,7,10,4,3,5,1,4,11,8,2,2,2,3,3,5,3,3,4,10,9,2,,12,,,b'\x11\xe8\xe1I\xc9#\xa1 \xaf\x82\x12\xdf\x17\xaeN\x1e'
11E8E149-C923-A120-AF82-12DF17AE4E1E,2010-ncaa-d1-natl,ncaa,189,174,191,191,192,246,176,214,113,71,66,145,340,339,294,340,300,198,342,205,307,211,224,213,268,244,345,340,280,111,66,212,124,175,79,95,46,121,170,82,271,247,145,133,,,153,257,,,215,264,282,17,248,131,166,31,16,338,340,298,170,179,174,185,77,184,116,58,171,258,133,,206,,,215,89,103,105,178,63,112,69,244,115,343,165,89,114,73,114,158,96,66,213,192,213,261,291,111,74,124,81,66,57,79,145,209,272,217,236,150,194,33,10,,,294,300,,,215,74,215,205,222,148,150,129,98,153,277,139,112,141,144,122,82,114,117,98,185,253,191,50,,290,,,b'\x11\xe8\xe1I\xc9#\xa1 \xaf\x82\x12\xdf\x17\xaeN\x1e'
11E8E149-C923-A120-AF82-12DF17AE4E1E,2011-ncaa-d0-natl,ncaa,262,279,170,270,194,295,304,309,269,244,220,255,323,303,326,283,170,100,329,100,40,283,247,296,295,316,244,306,33,205,162,235,167,230,159,273,155,291,318,306,289,285,246,240,,,82,142,,,310,259,276,113,322,322,333,263,240,327,307,161,68,70,307,260,201,233,236,286,292,293,251,,97,,,306,145,193,125,271,164,107,255,243,186,309,232,36,59,19,55,82,97,81,294,243,257,155,277,28,115,167,85,162,80,159,248,257,246,214,281,329,332,45,74,,,162,63,,,310,80,313,252,310,166,220,152,184,122,271,206,38,68,66,115,69,130,105,105,266,245,326,49,,117,,,b'\x11\xe8\xe1I\xc9#\xa1 \xaf\x82\x12\xdf\x17\xaeN\x1e'
11E8E149-C923-A120-AF82-12DF17AE4E1E,2011-ncaa-d1-conf-C-USA,ncaa,10,10,8,10,11,12,12,12,11,12,12,11,10,11,10,7,11,10,11,10,8,12,12,11,11,12,9,8,2,12,11,9,1,12,6,10,6,9,12,12,12,12,10,10,,,2,3,,,11,12,11,9,12,12,12,11,11,10,11,11,9,9,12,11,12,9,11,10,10,12,10,,2,,,11,2,3,3,11,2,3,10,9,5,12,11,1,1,1,1,2,2,1,11,10,10,5,12,1,1,1,3,11,1,6,10,11,11,9,12,12,12,1,6,,,10,8,,,11,1,12,9,12,3,6,3,5,3,11,7,1,1,1,2,2,1,6,1,10,11,12,4,,10,,,b'\x11\xe8\xe1I\xc9#\xa1 \xaf\x82\x12\xdf\x17\xaeN\x1e'
11E8E149-C923-A120-AF82-12DF17AE4E1E,2011-ncaa-d1-conf-CUSA,ncaa,10,10,8,10,11,12,12,12,11,12,12,11,10,11,10,7,11,10,11,10,8,12,12,11,11,12,9,8,2,12,11,9,1,12,6,10,6,9,12,12,12,12,10,10,,,2,3,,,11,12,11,9,12,12,12,11,11,10,11,11,9,9,12,11,12,9,11,10,10,12,10,,2,,,11,2,3,3,11,2,3,10,9,5,12,11,1,1,1,1,2,2,1,11,10,10,5,12,1,1,1,3,11,1,6,10,11,11,9,12,12,12,1,6,,,10,8,,,11,1,12,9,12,3,6,3,5,3,11,7,1,1,1,2,2,1,6,1,10,11,12,4,,10,,,b'\x11\xe8\xe1I\xc9#\xa1 \xaf\x82\x12\xdf\x17\xaeN\x1e'
11E8E149-C923-A120-AF82-12DF17AE4E1E,2011-ncaa-d1-natl,ncaa,268,277,199,274,224,309,316,326,276,271,252,259,329,312,328,283,187,113,327,115,41,307,278,300,300,319,240,306,31,225,168,254,169,245,171,285,158,281,321,310,299,293,255,244,,,67,143,,,316,283,276,107,324,323,336,273,243,328,307,162,70,73,308,263,205,235,238,292,292,298,253,,96,,,313,127,177,101,276,148,87,258,237,171,311,233,30,47,19,44,83,72,59,296,250,265,151,276,28,99,169,63,168,60,171,238,258,269,221,286,326,333,42,77,,,179,56,,,316,58,319,260,316,170,227,153,189,124,272,206,38,68,67,119,68,138,105,110,270,250,327,50,,119,,,b'\x11\xe8\xe1I\xc9#\xa1 \xaf\x82\x12\xdf\x17\xaeN\x1e'
11E8E149-C923-A120-AF82-12DF17AE4E1E,2012-ncaa-d0-natl,ncaa,147,129,163,147,198,211,233,223,233,214,182,272,212,248,100,247,127,90,278,95,76,198,180,240,236,253,138,198,60,90,53,184,146,138,68,245,201,240,252,271,72,37,210,192,,,278,318,,,117,224,206,189,215,243,222,215,166,208,241,105,58,61,189,156,64,168,94,248,253,46,217,,304,,,114,33,23,52,53,52,80,93,34,76,18,123,205,231,84,219,288,65,126,44,63,32,177,61,308,127,146,81,53,89,68,107,289,81,41,67,246,255,187,197,,,137,112,,,117,127,205,31,114,44,27,47,64,76,38,83,226,255,244,72,132,159,105,117,128,55,256,198,,104,,,b'\x11\xe8\xe1I\xc9#\xa1 \xaf\x82\x12\xdf\x17\xaeN\x1e'
11E8E149-C923-A120-AF82-12DF17AE4E1E,2012-ncaa-d1-conf-C-USA,ncaa,7,7,9,7,9,9,10,12,8,10,10,8,6,9,1,7,8,8,10,8,5,12,12,8,7,6,4,4,6,8,4,11,6,9,6,8,8,6,10,9,8,4,10,8,,,7,12,,,7,12,11,3,9,10,11,8,9,6,8,8,5,5,9,9,5,8,6,8,8,5,9,,9,,,7,2,2,2,8,4,2,12,3,4,3,5,2,3,3,3,6,2,1,7,7,5,2,3,3,5,6,1,4,2,6,4,7,7,3,5,5,6,2,7,,,11,6,,,7,1,5,6,7,4,5,2,7,2,3,5,3,6,6,2,3,8,4,5,7,4,5,4,,9,,,b'\x11\xe8\xe1I\xc9#\xa1 \xaf\x82\x12\xdf\x17\xaeN\x1e'
11E8E149-C923-A120-AF82-12DF17AE4E1E,2012-ncaa-d1-conf-CUSA,ncaa,7,7,9,7,9,9,10,12,8,10,10,8,6,9,1,7,8,8,10,8,5,12,12,8,7,6,4,4,6,8,4,11,6,9,6,8,8,6,10,9,8,4,10,8,,,7,12,,,7,12,11,3,9,10,11,8,9,6,8,8,5,5,9,9,5,8,6,8,8,5,9,,9,,,7,2,2,2,8,4,2,12,3,4,3,5,2,3,3,3,6,2,1,7,7,5,2,3,3,5,6,1,4,2,6,4,7,7,3,5,5,6,2,7,,,11,6,,,7,1,5,6,7,4,5,2,7,2,3,5,3,6,6,2,3,8,4,5,7,4,5,4,,9,,,b'\x11\xe8\xe1I\xc9#\xa1 \xaf\x82\x12\xdf\x17\xaeN\x1e'
11E8E149-C923-A120-AF82-12DF17AE4E1E,2012-ncaa-d1-natl,ncaa,158,129,196,150,238,237,259,252,243,247,208,275,221,260,101,247,138,100,277,104,74,228,217,243,241,255,134,196,55,98,56,214,151,157,74,265,206,218,260,274,79,38,223,197,,,271,319,,,126,256,209,180,220,254,230,225,170,208,242,107,59,64,196,164,66,175,102,255,254,49,223,,308,,,124,24,16,33,57,44,58,96,27,67,17,124,194,218,88,205,287,40,87,52,71,34,176,61,310,112,151,59,56,58,74,89,289,93,45,72,236,254,176,199,,,157,104,,,126,95,213,37,118,46,28,49,68,78,38,83,229,256,246,73,130,164,108,120,132,60,257,203,,106,,,b'\x11\xe8\xe1I\xc9#\xa1 \xaf\x82\x12\xdf\x17\xaeN\x1e'
11E8E149-C923-A120-AF82-12DF17AE4E1E,2013-ncaa-d0-natl,ncaa,273,284,183,283,218,265,270,292,200,310,329,160,93,74,175,33,318,308,268,310,157,302,291,152,181,225,55,40,285,255,192,212,168,243,163,301,285,193,283,305,304,296,128,126,,,22,48,,,253,300,308,179,281,281,311,314,324,76,67,316,309,309,319,305,250,205,241,308,217,305,124,,29,,,251,113,196,155,227,187,171,198,195,160,279,191,18,27,61,28,37,104,65,230,189,253,92,241,19,129,168,65,192,78,163,231,257,316,308,328,254,311,6,58,,,321,299,,,253,52,226,266,252,152,225,185,205,192,224,176,33,39,38,130,54,147,84,100,254,320,264,11,,321,,,b'\x11\xe8\xe1I\xc9#\xa1 \xaf\x82\x12\xdf\x17\xaeN\x1e'
11E8E149-C923-A120-AF82-12DF17AE4E1E,2013-ncaa-d1-conf-C-USA,ncaa,12,12,6,12,10,12,12,12,10,12,12,10,1,3,5,1,12,12,5,12,9,12,12,7,7,10,1,1,11,12,10,11,6,12,9,12,11,8,12,12,12,11,6,6,,,1,1,,,12,12,12,5,12,12,12,12,12,1,1,12,12,12,12,12,11,11,12,12,10,12,6,,1,,,12,5,8,3,11,6,4,8,8,4,12,6,1,1,3,1,1,2,1,11,11,12,7,10,1,2,6,1,10,1,9,10,12,12,12,12,9,11,2,4,,,12,12,,,12,1,11,12,12,8,10,5,9,8,10,4,1,1,1,3,1,5,1,2,11,12,10,2,,12,,,b'\x11\xe8\xe1I\xc9#\xa1 \xaf\x82\x12\xdf\x17\xaeN\x1e'
11E8E149-C923-A120-AF82-12DF17AE4E1E,2013-ncaa-d1-conf-CUSA,ncaa,12,12,6,12,10,12,12,12,10,12,12,10,1,3,5,1,12,12,5,12,9,12,12,7,7,10,1,1,11,12,10,11,6,12,9,12,11,8,12,12,12,11,6,6,,,1,1,,,12,12,12,5,12,12,12,12,12,1,1,12,12,12,12,12,11,11,12,12,10,12,6,,1,,,12,5,8,3,11,6,4,8,8,4,12,6,1,1,3,1,1,2,1,11,11,12,7,10,1,2,6,1,10,1,9,10,12,12,12,12,9,11,2,4,,,12,12,,,12,1,11,12,12,8,10,5,9,8,10,4,1,1,1,3,1,5,1,2,11,12,10,2,,12,,,b'\x11\xe8\xe1I\xc9#\xa1 \xaf\x82\x12\xdf\x17\xaeN\x1e'
11E8E149-C923-A120-AF82-12DF17AE4E1E,2013-ncaa-d1-natl,ncaa,281,282,210,287,254,286,288,312,206,322,332,164,97,80,178,33,319,318,265,318,153,317,309,155,188,227,52,40,284,265,197,234,173,272,166,311,287,177,286,306,311,298,134,129,,,16,48,,,256,320,309,172,287,285,312,316,325,77,66,317,310,313,321,305,254,208,247,312,219,305,126,,30,,,257,97,177,132,234,168,139,203,187,147,281,188,17,24,64,24,37,75,42,236,196,261,89,241,19,114,173,48,197,57,166,224,257,327,313,329,239,313,5,63,,,330,298,,,256,31,231,270,257,157,231,188,212,194,226,178,34,39,38,131,52,145,86,102,256,323,264,12,,321,,,b'\x11\xe8\xe1I\xc9#\xa1 \xaf\x82\x12\xdf\x17\xaeN\x1e'
11E8E149-C923-A120-AF82-12DF17AE4E1E,2014-ncaa-d0-natl,ncaa,288,263,297,287,298,311,313,303,297,323,326,207,180,95,322,58,269,234,292,231,46,299,320,278,281,264,73,87,150,263,261,287,255,298,281,318,280,43,140,262,226,181,84,45,,,17,52,,,282,324,254,35,289,295,230,304,302,130,62,231,170,170,225,249,214,222,226,305,111,179,58,,59,,,285,85,101,86,203,54,16,250,276,266,192,332,55,42,240,44,140,54,41,244,225,248,283,318,70,131,255,170,261,155,281,262,335,286,225,307,37,107,33,144,,,320,233,,,282,31,269,267,281,232,241,236,155,75,323,327,108,90,90,200,170,242,293,283,319,218,84,58,,268,,,b'\x11\xe8\xe1I\xc9#\xa1 \xaf\x82\x12\xdf\x17\xaeN\x1e'
11E8E149-C923-A120-AF82-12DF17AE4E1E,2014-ncaa-d1-conf-C-USA,ncaa,16,16,5,16,5,13,13,8,14,15,15,10,6,3,16,2,11,10,11,10,4,9,8,13,14,15,5,4,9,13,15,11,14,13,15,14,12,11,12,14,7,9,3,3,,,3,1,,,16,5,8,2,13,15,9,15,14,6,2,13,10,10,11,9,14,13,15,14,12,6,4,,2,,,16,13,15,14,15,12,6,15,16,16,13,15,3,3,14,3,4,11,12,15,15,13,10,16,2,13,14,14,15,15,15,16,16,7,8,16,4,5,6,10,,,12,15,,,16,12,15,15,16,15,15,15,12,7,16,16,3,3,3,12,11,12,15,15,16,6,5,5,,15,,,b'\x11\xe8\xe1I\xc9#\xa1 \xaf\x82\x12\xdf\x17\xaeN\x1e'
11E8E149-C923-A120-AF82-12DF17AE4E1E,2014-ncaa-d1-conf-CUSA,ncaa,16,16,5,16,5,13,13,8,14,15,15,10,6,3,16,2,11,10,11,10,4,9,8,13,14,15,5,4,9,13,15,11,14,13,15,14,12,11,12,14,7,9,3,3,,,3,1,,,16,5,8,2,13,15,9,15,14,6,2,13,10,10,11,9,14,13,15,14,12,6,4,,2,,,16,13,15,14,15,12,6,15,16,16,13,15,3,3,14,3,4,11,12,15,15,13,10,16,2,13,14,14,15,15,15,16,16,7,8,16,4,5,6,10,,,12,15,,,16,12,15,15,16,15,15,15,12,7,16,16,3,3,3,12,11,12,15,15,16,6,5,5,,15,,,b'\x11\xe8\xe1I\xc9#\xa1 \xaf\x82\x12\xdf\x17\xaeN\x1e'
11E8E149-C923-A120-AF82-12DF17AE4E1E,2014-ncaa-d1-natl,ncaa,252,262,145,262,151,236,260,205,293,279,292,193,126,67,312,58,214,151,306,148,39,194,215,265,275,244,72,86,149,190,242,196,256,190,271,273,249,81,108,234,171,173,58,37,,,62,53,,,254,223,239,53,267,282,209,291,297,111,54,219,146,141,194,229,187,190,194,285,90,165,49,,62,,,253,161,176,194,155,108,86,202,300,310,168,331,88,88,185,88,138,177,162,198,171,193,284,316,81,245,256,273,242,269,271,311,336,184,205,296,47,78,45,114,,,226,203,,,254,136,249,221,238,194,205,230,124,76,315,326,96,90,90,200,181,262,290,285,317,197,61,46,,233,,,b'\x11\xe8\xe1I\xc9#\xa1 \xaf\x82\x12\xdf\x17\xaeN\x1e'
11E8E149-C923-A120-AF82-12DF17AE4E1E,2015-ncaa-d0-natl,ncaa,162,161,172,169,229,187,182,227,108,197,263,67,141,124,185,86,246,234,248,239,144,233,266,100,117,99,146,114,259,313,325,159,196,254,294,287,329,46,100,201,259,264,204,203,,,58,63,,,164,235,228,283,173,175,240,203,279,130,106,252,239,244,245,293,314,129,272,296,58,269,208,,68,,,165,108,151,194,122,125,140,165,225,265,100,280,40,54,44,53,79,156,135,138,100,148,161,276,52,209,196,225,325,232,294,205,254,232,243,265,17,36,32,71,,,234,158,,,164,115,148,161,164,141,186,246,153,150,243,286,54,76,75,200,139,244,255,258,230,246,22,36,,240,,,b'\x11\xe8\xe1I\xc9#\xa1 \xaf\x82\x12\xdf\x17\xaeN\x1e'
11E8E149-C923-A120-AF82-12DF17AE4E1E,2015-ncaa-d1-conf-C-USA,ncaa,9,9,8,9,10,11,10,11,8,9,12,7,9,5,12,4,10,9,8,9,4,10,12,8,8,8,6,5,6,12,13,5,6,12,13,13,13,1,3,9,12,11,10,10,,,2,2,,,9,11,12,8,10,9,12,10,11,7,3,10,9,9,10,13,12,4,12,13,1,12,10,,2,,,9,5,5,7,7,5,4,6,11,11,10,13,2,3,7,3,5,3,4,6,6,8,11,13,4,7,6,14,13,11,13,11,12,12,10,13,1,2,1,2,,,10,8,,,9,4,9,8,9,7,8,11,8,6,12,13,2,2,2,9,3,10,13,13,11,12,2,1,,10,,,b'\x11\xe8\xe1I\xc9#\xa1 \xaf\x82\x12\xdf\x17\xaeN\x1e'
11E8E149-C923-A120-AF82-12DF17AE4E1E,2015-ncaa-d1-conf-CUSA,ncaa,9,9,8,9,10,11,10,11,8,9,12,7,9,5,12,4,10,9,8,9,4,10,12,8,8,8,6,5,6,12,13,5,6,12,13,13,13,1,3,9,12,11,10,10,,,2,2,,,9,11,12,8,10,9,12,10,11,7,3,10,9,9,10,13,12,4,12,13,1,12,10,,2,,,9,5,5,7,7,5,4,6,11,11,10,13,2,3,7,3,5,3,4,6,6,8,11,13,4,7,6,14,13,11,13,11,12,12,10,13,1,2,1,2,,,10,8,,,9,4,9,8,9,7,8,11,8,6,12,13,2,2,2,9,3,10,13,13,11,12,2,1,,10,,,b'\x11\xe8\xe1I\xc9#\xa1 \xaf\x82\x12\xdf\x17\xaeN\x1e'
11E8E149-C923-A120-AF82-12DF17AE4E1E,2015-ncaa-d1-natl,ncaa,142,160,97,166,135,121,97,151,71,130,224,40,106,89,162,84,224,192,261,195,161,167,193,70,88,74,158,112,293,297,314,80,195,179,276,245,324,61,83,168,231,254,173,185,,,75,48,,,112,148,202,285,136,113,205,152,266,111,95,258,236,244,217,273,311,91,235,274,44,255,191,,61,,,113,158,210,275,87,182,209,142,249,303,70,278,51,79,40,76,71,250,223,104,66,115,149,273,51,271,195,280,314,286,276,224,223,200,236,236,24,39,34,56,,,184,173,,,112,205,111,132,108,129,174,269,146,169,238,287,48,71,72,225,174,261,248,257,205,233,25,30,,239,,,b'\x11\xe8\xe1I\xc9#\xa1 \xaf\x82\x12\xdf\x17\xaeN\x1e'
11E8E149-C923-A120-AF82-12DF17AE4E1E,2016-ncaa-d0-natl,ncaa,100,87,114,97,165,99,123,174,70,165,272,28,81,63,183,57,42,52,87,59,11,155,173,59,41,41,66,116,56,281,286,117,163,184,215,161,214,106,108,127,198,219,115,100,,,175,147,,,114,128,131,280,79,117,214,182,306,82,59,30,39,39,173,223,292,116,223,176,93,205,119,,157,,,114,234,218,224,182,145,119,231,298,308,178,315,180,194,104,191,227,220,224,223,210,207,284,298,142,216,163,208,286,210,215,286,291,154,181,237,182,187,81,154,,,127,87,,,114,219,75,214,118,218,207,200,149,78,290,311,174,186,186,209,206,196,171,181,274,175,176,76,,120,,,b'\x11\xe8\xe1I\xc9#\xa1 \xaf\x82\x12\xdf\x17\xaeN\x1e'
11E8E149-C923-A120-AF82-12DF17AE4E1E,2016-ncaa-d1-conf-C-USA,ncaa,6,6,2,6,3,4,6,4,6,9,13,3,3,2,8,2,5,5,4,5,2,3,3,3,3,3,2,3,4,12,12,2,8,8,12,5,7,7,3,6,8,12,2,3,,,11,9,,,8,3,5,11,6,7,11,12,13,3,2,6,6,6,8,10,13,6,13,9,2,12,4,,9,,,8,13,11,12,9,9,11,9,13,13,10,12,13,13,6,13,12,13,12,10,10,11,13,11,9,12,8,11,12,13,12,13,14,6,9,12,10,9,4,7,,,6,6,,,8,12,4,11,8,10,10,10,5,6,12,12,10,11,11,10,7,9,10,9,13,9,8,3,,9,,,b'\x11\xe8\xe1I\xc9#\xa1 \xaf\x82\x12\xdf\x17\xaeN\x1e'
11E8E149-C923-A120-AF82-12DF17AE4E1E,2016-ncaa-d1-conf-CUSA,ncaa,6,6,2,6,3,4,6,4,6,9,13,3,3,2,8,2,5,5,4,5,2,3,3,3,3,3,2,3,4,12,12,2,8,8,12,5,7,7,3,6,8,12,2,3,,,11,9,,,8,3,5,11,6,7,11,12,13,3,2,6,6,6,8,10,13,6,13,9,2,12,4,,9,,,8,13,11,12,9,9,11,9,13,13,10,12,13,13,6,13,12,13,12,10,10,11,13,11,9,12,8,11,12,13,12,13,14,6,9,12,10,9,4,7,,,6,6,,,8,12,4,11,8,10,10,10,5,6,12,12,10,11,11,10,7,9,10,9,13,9,8,3,,9,,,b'\x11\xe8\xe1I\xc9#\xa1 \xaf\x82\x12\xdf\x17\xaeN\x1e'
11E8E149-C923-A120-AF82-12DF17AE4E1E,2016-ncaa-d1-natl,ncaa,85,87,51,92,91,62,83,115,59,114,233,21,61,44,165,60,36,39,99,41,10,97,110,49,38,36,73,113,80,233,264,68,144,122,180,109,195,134,93,108,162,207,99,83,,,210,142,,,93,75,136,282,66,100,199,160,286,74,57,39,42,50,164,211,274,98,192,142,87,203,116,,147,,,95,267,244,272,151,161,158,192,318,329,180,322,181,206,91,201,211,266,271,195,171,182,293,312,129,255,144,254,264,271,180,302,293,116,172,222,211,175,85,124,,,98,118,,,93,274,58,180,97,199,185,198,107,74,292,314,146,167,159,198,197,193,159,168,260,171,165,69,,142,,,b'\x11\xe8\xe1I\xc9#\xa1 \xaf\x82\x12\xdf\x17\xaeN\x1e'
11E8E149-C923-A120-AF82-12DF17AE4E1E,2017-ncaa-d0-natl,ncaa,237,210,291,232,315,179,209,262,123,259,333,54,82,47,182,24,155,125,261,126,10,235,263,82,87,86,31,48,140,215,163,242,279,234,209,264,296,61,122,207,264,251,74,54,,,90,138,,,207,278,120,268,81,127,155,224,317,38,23,90,56,57,116,137,152,139,136,230,147,230,46,,178,,,209,191,207,169,242,176,120,279,237,240,182,283,106,105,143,112,159,154,88,267,238,297,181,253,104,237,279,71,163,128,209,256,263,315,306,323,76,123,10,78,,,209,109,,,207,70,82,315,213,303,311,311,281,232,297,308,166,180,185,307,262,309,185,253,316,277,141,20,,101,,,b'\x11\xe8\xe1I\xc9#\xa1 \xaf\x82\x12\xdf\x17\xaeN\x1e'
11E8E149-C923-A120-AF82-12DF17AE4E1E,2017-ncaa-d1-conf-C-USA,ncaa,11,11,9,11,12,9,10,7,10,11,13,4,2,1,10,1,10,8,12,8,2,9,11,8,9,8,2,2,10,10,11,6,13,9,12,11,12,3,6,11,12,12,2,2,,,6,5,,,12,10,5,10,7,8,6,11,12,2,1,8,7,7,5,6,9,6,6,11,5,11,2,,6,,,12,14,14,12,10,12,8,11,13,11,13,12,4,5,6,5,5,11,9,12,11,13,8,13,2,11,13,11,11,11,12,13,12,13,13,14,2,5,3,7,,,11,10,,,12,6,9,13,12,12,12,12,12,9,13,13,6,4,7,11,10,12,12,11,14,13,4,4,,10,,,b'\x11\xe8\xe1I\xc9#\xa1 \xaf\x82\x12\xdf\x17\xaeN\x1e'
11E8E149-C923-A120-AF82-12DF17AE4E1E,2017-ncaa-d1-conf-CUSA,ncaa,11,11,9,11,12,9,10,7,10,11,13,4,2,1,10,1,10,8,12,8,2,9,11,8,9,8,2,2,10,10,11,6,13,9,12,11,12,3,6,11,12,12,2,2,,,6,5,,,12,10,5,10,7,8,6,11,12,2,1,8,7,7,5,6,9,6,6,11,5,11,2,,6,,,12,14,14,12,10,12,8,11,13,11,13,12,4,5,6,5,5,11,9,12,11,13,8,13,2,11,13,11,11,11,12,13,12,13,13,14,2,5,3,7,,,11,10,,,12,6,9,13,12,12,12,12,12,9,13,13,6,4,7,11,10,12,12,11,14,13,4,4,,10,,,b'\x11\xe8\xe1I\xc9#\xa1 \xaf\x82\x12\xdf\x17\xaeN\x1e'
11E8E149-C923-A120-AF82-12DF17AE4E1E,2017-ncaa-d1-natl,ncaa,215,210,217,219,288,116,137,201,82,210,321,29,55,35,157,25,134,99,282,100,12,176,212,55,69,63,41,52,193,164,122,162,251,168,162,225,299,80,104,175,242,237,54,44,,,103,109,,,151,230,122,270,58,81,137,184,307,33,23,102,54,54,100,128,129,101,97,207,128,223,42,,146,,,149,222,235,230,213,175,128,249,291,299,177,305,116,125,132,128,160,215,149,233,213,280,233,282,92,260,251,107,122,173,162,273,250,288,292,310,114,126,8,49,,,162,112,,,151,119,56,308,152,288,292,310,237,189,306,318,140,153,162,302,251,298,152,228,307,266,150,11,,99,,,b'\x11\xe8\xe1I\xc9#\xa1 \xaf\x82\x12\xdf\x17\xaeN\x1e'
11E8E149-C923-A120-AF82-12DF17AE4E1E,2018-ncaa-d0-natl,ncaa,293,263,323,291,333,303,300,327,208,336,338,191,103,116,113,34,315,335,91,333,194,333,338,131,139,158,35,30,270,332,317,325,284,341,324,217,68,56,227,152,243,168,225,164,,,74,227,,,252,332,242,278,238,241,257,311,322,60,51,287,308,310,288,295,314,277,324,148,171,183,193,,214,,,258,72,60,31,231,24,21,189,236,149,328,291,123,96,264,101,256,26,19,276,278,285,317,314,209,120,284,99,317,92,324,105,202,296,218,237,39,156,63,248,,,342,274,,,252,15,212,306,267,238,201,152,105,75,313,279,223,210,215,172,129,250,252,264,209,231,106,134,,310,,,b'\x11\xe8\xe1I\xc9#\xa1 \xaf\x82\x12\xdf\x17\xaeN\x1e'
11E8E149-C923-A120-AF82-12DF17AE4E1E,2018-ncaa-d1-conf-C-USA,ncaa,14,14,13,14,13,13,13,12,13,13,13,11,3,3,10,2,14,14,2,14,8,14,14,10,9,10,3,2,12,14,14,14,13,14,14,11,3,3,8,5,7,6,11,10,,,4,8,,,14,12,5,7,12,12,9,12,12,3,1,13,14,14,10,11,14,13,14,8,4,5,9,,7,,,14,8,8,5,14,6,4,13,13,6,14,10,7,4,14,4,8,3,3,14,14,14,11,13,7,7,13,11,14,10,14,10,9,11,6,10,2,4,5,12,,,14,13,,,14,3,13,14,14,13,11,9,11,7,13,12,9,6,6,11,9,11,14,13,13,5,6,10,,14,,,b'\x11\xe8\xe1I\xc9#\xa1 \xaf\x82\x12\xdf\x17\xaeN\x1e'
11E8E149-C923-A120-AF82-12DF17AE4E1E,2018-ncaa-d1-conf-CUSA,ncaa,14,14,13,14,13,13,13,12,13,13,13,11,3,3,10,2,14,14,2,14,8,14,14,10,9,10,3,2,12,14,14,14,13,14,14,11,3,3,8,5,7,6,11,10,,,4,8,,,14,12,5,7,12,12,9,12,12,3,1,13,14,14,10,11,14,13,14,8,4,5,9,,7,,,14,8,8,5,14,6,4,13,13,6,14,10,7,4,14,4,8,3,3,14,14,14,11,13,7,7,13,11,14,10,14,10,9,11,6,10,2,4,5,12,,,14,13,,,14,3,13,14,14,13,11,9,11,7,13,12,9,6,6,11,9,11,14,13,13,5,6,10,,14,,,b'\x11\xe8\xe1I\xc9#\xa1 \xaf\x82\x12\xdf\x17\xaeN\x1e'
11E8E149-C923-A120-AF82-12DF17AE4E1E,2018-ncaa-d1-natl,ncaa,276,263,315,276,329,254,245,289,151,294,328,124,81,89,108,39,309,323,85,323,226,308,331,104,110,115,57,44,293,313,294,317,262,324,292,175,89,66,187,130,176,116,217,155,,,101,220,,,214,326,237,279,183,184,209,275,308,61,53,289,309,311,254,279,291,273,305,123,140,129,188,,205,,,215,92,76,43,214,34,24,182,250,186,309,292,139,110,264,113,240,34,23,266,266,259,314,311,193,127,262,120,294,111,292,134,213,254,187,222,47,123,64,195,,,332,286,,,214,16,145,272,221,203,177,131,94,60,301,263,203,187,191,132,113,214,220,223,195,209,93,109,,313,,,b'\x11\xe8\xe1I\xc9#\xa1 \xaf\x82\x12\xdf\x17\xaeN\x1e'
11E8E149-C923-A120-AF82-12DF17AE4E1E,2019-ncaa-d0-natl,ncaa,146,152,114,157,111,117,129,98,201,238,249,184,35,25,101,29,245,256,172,273,208,116,136,129,150,118,32,19,311,233,303,101,214,147,282,171,230,103,87,133,173,204,173,172,,,185,133,,,188,116,203,2,123,134,74,272,281,25,19,275,290,296,121,164,247,83,160,173,99,188,177,,181,,,187,249,232,261,131,145,172,131,311,306,240,293,182,245,20,246,247,268,254,186,156,189,296,308,139,290,214,335,303,329,282,251,234,194,236,245,92,96,265,294,,,249,283,,,188,236,143,215,186,237,223,266,129,150,314,314,174,242,243,279,261,283,332,328,244,212,106,250,,282,,,b'\x11\xe8\xe1I\xc9#\xa1 \xaf\x82\x12\xdf\x17\xaeN\x1e'
11E8E149-C923-A120-AF82-12DF17AE4E1E,2019-ncaa-d1-conf-C-USA,ncaa,6,5,9,6,9,7,7,6,8,11,13,7,2,1,6,1,12,14,1,14,12,8,11,5,6,5,1,1,14,12,12,7,6,12,11,12,12,5,5,6,6,7,14,13,,,4,5,,,9,7,8,1,4,6,3,11,10,1,1,11,14,14,5,6,11,6,11,10,4,7,14,,6,,,9,8,8,7,9,8,4,11,11,13,4,13,4,5,2,6,9,7,5,10,9,8,10,12,4,4,6,13,12,11,11,11,10,7,7,11,7,6,7,13,,,11,12,,,9,7,7,8,8,10,10,8,8,7,11,12,6,6,6,9,10,6,12,11,10,7,7,10,,12,,,b'\x11\xe8\xe1I\xc9#\xa1 \xaf\x82\x12\xdf\x17\xaeN\x1e'
11E8E149-C923-A120-AF82-12DF17AE4E1E,2019-ncaa-d1-conf-CUSA,ncaa,6,5,9,6,9,7,7,6,8,11,13,7,2,1,6,1,12,14,1,14,12,8,11,5,6,5,1,1,14,12,12,7,6,12,11,12,12,5,5,6,6,7,14,13,,,4,5,,,9,7,8,1,4,6,3,11,10,1,1,11,14,14,5,6,11,6,11,10,4,7,14,,6,,,9,8,8,7,9,8,4,11,11,13,4,13,4,5,2,6,9,7,5,10,9,8,10,12,4,4,6,13,12,11,11,11,10,7,7,11,7,6,7,13,,,11,12,,,9,7,7,8,8,10,10,8,8,7,11,12,6,6,6,9,10,6,12,11,10,7,7,10,,12,,,b'\x11\xe8\xe1I\xc9#\xa1 \xaf\x82\x12\xdf\x17\xaeN\x1e'
11E8E149-C923-A120-AF82-12DF17AE4E1E,2019-ncaa-d1-natl,ncaa,148,152,107,159,100,122,121,84,216,248,251,189,35,23,125,29,250,257,171,265,209,105,133,143,165,129,31,20,302,209,298,80,201,124,273,164,230,100,83,128,150,185,167,167,,,188,125,,,175,109,189,2,123,136,71,275,280,26,19,273,278,289,109,151,232,71,136,175,96,166,171,,173,,,175,240,219,268,122,139,174,114,309,309,231,289,166,238,17,239,241,271,263,167,129,173,290,308,130,282,201,337,298,336,273,246,239,175,218,230,92,88,280,308,,,248,281,,,175,245,142,192,173,215,211,269,121,152,309,308,157,227,230,275,263,281,333,328,235,199,95,271,,280,,,b'\x11\xe8\xe1I\xc9#\xa1 \xaf\x82\x12\xdf\x17\xaeN\x1e'
11E8E149-C923-A120-AF82-12DF17AE4E1E,2020-ncaa-d0-natl,ncaa,239,216,260,236,267,269,323,304,309,347,345,254,66,34,215,15,171,139,234,134,5,284,312,235,224,190,5,20,69,262,284,191,291,232,292,259,107,41,112,146,193,165,130,79,,,197,260,,,237,315,287,47,238,321,277,350,343,46,17,116,98,95,243,291,248,109,177,239,72,166,109,,262,,,238,112,90,144,77,32,62,82,294,300,213,312,117,213,2,204,272,148,95,118,93,165,332,330,157,310,291,231,284,285,292,169,246,301,284,272,52,112,152,321,,,278,158,,,237,44,198,256,232,188,151,249,65,100,322,330,164,250,246,267,207,332,301,332,223,267,83,188,,234,,,b'\x11\xe8\xe1I\xc9#\xa1 \xaf\x82\x12\xdf\x17\xaeN\x1e'
11E8E149-C923-A120-AF82-12DF17AE4E1E,2020-ncaa-d1-conf-C-USA,ncaa,8,8,1,8,3,12,12,11,12,14,14,12,2,1,9,1,3,7,3,7,1,10,10,12,9,8,1,1,1,12,13,4,13,11,13,9,4,6,7,9,6,7,8,8,,,11,6,,,11,6,9,8,12,13,11,14,14,2,1,3,7,7,11,12,12,6,12,10,5,6,9,,9,,,11,9,9,13,6,5,7,6,13,14,9,13,6,10,1,9,11,13,11,7,6,7,12,14,2,13,13,13,13,13,13,11,12,9,9,13,3,5,9,13,,,9,9,,,11,9,11,12,11,8,7,12,3,5,13,14,5,9,9,12,10,13,12,13,11,9,3,8,,9,,,b'\x11\xe8\xe1I\xc9#\xa1 \xaf\x82\x12\xdf\x17\xaeN\x1e'
11E8E149-C923-A120-AF82-12DF17AE4E1E,2020-ncaa-d1-conf-CUSA,ncaa,8,8,1,8,3,12,12,11,12,14,14,12,2,1,9,1,3,7,3,7,1,10,10,12,9,8,1,1,1,12,13,4,13,11,13,9,4,6,7,9,6,7,8,8,,,11,6,,,11,6,9,8,12,13,11,14,14,2,1,3,7,7,11,12,12,6,12,10,5,6,9,,9,,,11,9,9,13,6,5,7,6,13,14,9,13,6,10,1,9,11,13,11,7,6,7,12,14,2,13,13,13,13,13,13,11,12,9,9,13,3,5,9,13,,,9,9,,,11,9,11,12,11,8,7,12,3,5,13,14,5,9,9,12,10,13,12,13,11,9,3,8,,9,,,b'\x11\xe8\xe1I\xc9#\xa1 \xaf\x82\x12\xdf\x17\xaeN\x1e'
11E8E149-C923-A120-AF82-12DF17AE4E1E,2020-ncaa-d1-natl,ncaa,214,215,128,220,148,226,274,241,279,335,334,228,48,23,190,17,151,127,220,125,13,227,264,196,195,172,8,21,102,235,274,101,287,169,284,219,121,67,114,140,135,139,76,61,,,234,230,,,202,260,266,57,227,286,251,341,337,45,19,135,124,122,229,279,245,84,149,222,79,134,78,,238,,,202,140,131,235,56,52,120,60,302,323,169,307,125,226,2,215,247,238,191,88,66,107,323,326,143,330,287,282,274,325,284,208,252,244,264,252,79,104,197,318,,,263,219,,,202,106,187,194,192,150,132,258,62,115,309,327,141,232,225,266,222,333,293,329,215,247,86,201,,264,,,b'\x11\xe8\xe1I\xc9#\xa1 \xaf\x82\x12\xdf\x17\xaeN\x1e'
11E8E149-C923-A120-AF82-12DF17AE4E1E,2021-ncaa-d0-natl,ncaa,205,165,248,201,248,263,266,269,257,271,283,188,206,170,279,77,230,228,210,226,78,266,273,239,234,225,95,121,121,232,199,218,141,229,149,251,153,76,166,187,269,242,103,38,,,148,304,,,189,272,294,17,257,282,238,273,285,160,89,185,179,166,231,258,172,82,110,229,142,250,65,,275,,,190,81,74,83,63,69,59,152,106,171,42,297,140,151,84,150,303,83,76,78,83,116,282,217,276,103,141,104,199,95,149,51,67,260,205,105,43,57,39,82,,,278,262,,,189,76,214,125,180,105,66,116,55,41,172,283,225,256,252,143,106,198,216,214,52,227,43,38,,289,,,b'\x11\xe8\xe1I\xc9#\xa1 \xaf\x82\x12\xdf\x17\xaeN\x1e'
11E8E149-C923-A120-AF82-12DF17AE4E1E,2021-ncaa-d1-conf-C-USA,ncaa,10,9,7,10,8,12,13,10,13,13,13,10,8,7,10,5,10,9,5,9,5,11,9,11,11,11,5,5,3,11,12,6,3,8,6,10,5,8,9,10,11,11,3,1,,,10,13,,,9,9,13,6,14,14,13,14,13,7,5,8,11,11,13,12,12,4,6,11,9,11,2,,11,,,9,3,2,3,2,1,2,5,5,10,2,10,10,9,9,10,13,4,6,2,2,3,13,9,14,5,3,7,12,5,6,3,4,10,9,2,6,8,3,6,,,13,13,,,9,6,13,3,9,3,1,3,1,3,6,11,10,10,10,3,4,4,7,5,1,11,5,3,,14,,,b'\x11\xe8\xe1I\xc9#\xa1 \xaf\x82\x12\xdf\x17\xaeN\x1e'
11E8E149-C923-A120-AF82-12DF17AE4E1E,2021-ncaa-d1-conf-CUSA,ncaa,10,9,7,10,8,12,13,10,13,13,13,10,8,7,10,5,10,9,5,9,5,11,9,11,11,11,5,5,3,11,12,6,3,8,6,10,5,8,9,10,11,11,3,1,,,10,13,,,9,9,13,6,14,14,13,14,13,7,5,8,11,11,13,12,12,4,6,11,9,11,2,,11,,,9,3,2,3,2,1,2,5,5,10,2,10,10,9,9,10,13,4,6,2,2,3,13,9,14,5,3,7,12,5,6,3,4,10,9,2,6,8,3,6,,,13,13,,,9,6,13,3,9,3,1,3,1,3,6,11,10,10,10,3,4,4,7,5,1,11,5,3,,14,,,b'\x11\xe8\xe1I\xc9#\xa1 \xaf\x82\x12\xdf\x17\xaeN\x1e'
11E8E149-C923-A120-AF82-12DF17AE4E1E,2021-ncaa-d1-natl,ncaa,217,165,259,212,259,273,277,276,262,281,290,196,213,177,284,79,244,238,208,237,77,273,282,245,241,229,93,121,114,244,202,234,150,243,157,264,154,72,170,193,277,245,109,40,,,131,305,,,207,280,297,16,264,288,241,282,288,160,91,185,178,170,237,264,176,87,117,237,142,253,66,,276,,,204,77,69,78,73,62,51,166,99,155,41,295,131,141,88,142,303,75,68,84,92,123,279,216,275,95,150,98,202,89,157,50,68,272,215,110,40,56,37,85,,,286,261,,,207,68,225,135,197,108,72,119,57,42,177,279,229,260,256,145,104,200,216,215,54,235,42,41,,291,,,b'\x11\xe8\xe1I\xc9#\xa1 \xaf\x82\x12\xdf\x17\xaeN\x1e'
11E8E149-C923-A120-AF82-12DF17AE4E1E,2022-ncaa-d0-natl,ncaa,199,134,295,170,300,283,314,277,330,330,318,306,168,126,255,66,201,215,151,217,58,272,313,292,279,197,36,78,72,165,137,289,166,255,177,311,258,6,41,154,280,200,312,259,,,204,342,,,173,331,314,86,230,291,163,324,278,99,58,118,128,128,157,240,83,214,127,289,31,221,297,,317,,,172,30,18,22,102,20,12,223,67,157,18,305,230,227,246,226,341,26,28,118,163,150,304,168,336,58,166,121,137,82,177,12,98,269,131,72,1,4,42,150,,,224,52,,,173,31,168,153,164,94,43,45,46,20,132,259,310,301,301,79,73,149,274,231,46,183,4,81,,95,,,b'\x11\xe8\xe1I\xc9#\xa1 \xaf\x82\x12\xdf\x17\xaeN\x1e'
11E8E149-C923-A120-AF82-12DF17AE4E1E,2022-ncaa-d1-conf-C-USA,ncaa,7,7,7,7,11,12,12,9,13,14,13,13,3,2,6,2,11,11,10,11,6,12,13,11,12,10,2,2,12,5,9,9,6,9,11,12,8,1,2,4,12,9,12,10,,,9,12,,,6,14,14,6,12,12,6,14,13,3,2,11,11,11,10,12,5,9,7,12,2,11,12,,11,,,6,1,1,1,2,1,1,11,8,12,2,14,6,5,9,5,13,2,1,3,2,4,13,11,11,4,6,11,9,7,11,3,6,11,8,6,1,1,6,10,,,10,5,,,6,1,10,5,6,4,3,3,1,1,9,13,6,7,7,4,1,6,14,10,5,10,1,6,,8,,,b'\x11\xe8\xe1I\xc9#\xa1 \xaf\x82\x12\xdf\x17\xaeN\x1e'
11E8E149-C923-A120-AF82-12DF17AE4E1E,2022-ncaa-d1-conf-CUSA,ncaa,7,7,7,7,11,12,12,9,13,14,13,13,3,2,6,2,11,11,10,11,6,12,13,11,12,10,2,2,12,5,9,9,6,9,11,12,8,1,2,4,12,9,12,10,,,9,12,,,6,14,14,6,12,12,6,14,13,3,2,11,11,11,10,12,5,9,7,12,2,11,12,,11,,,6,1,1,1,2,1,1,11,8,12,2,14,6,5,9,5,13,2,1,3,2,4,13,11,11,4,6,11,9,7,11,3,6,11,8,6,1,1,6,10,,,10,5,,,6,1,10,5,6,4,3,3,1,1,9,13,6,7,7,4,1,6,14,10,5,10,1,6,,8,,,b'\x11\xe8\xe1I\xc9#\xa1 \xaf\x82\x12\xdf\x17\xaeN\x1e'
11E8E149-C923-A120-AF82-12DF17AE4E1E,2022-ncaa-d1-natl,ncaa,176,134,270,166,274,241,271,234,302,304,287,275,136,107,222,74,170,174,172,171,63,228,291,257,250,161,47,89,88,132,138,269,166,231,178,282,253,9,27,127,217,153,311,257,,,251,341,,,134,311,292,94,197,241,139,295,259,98,63,111,114,112,127,218,78,220,134,263,21,179,302,,314,,,128,43,22,30,103,20,10,221,119,209,31,316,247,252,179,251,343,41,45,128,166,127,318,215,328,71,166,171,138,117,178,19,132,199,97,55,1,3,55,125,,,161,42,,,134,50,128,130,117,87,38,42,33,14,162,273,294,298,301,66,85,142,273,230,57,130,3,82,,73,,,b'\x11\xe8\xe1I\xc9#\xa1 \xaf\x82\x12\xdf\x17\xaeN\x1e'
11E8E149-C923-A120-AF82-12DF17AE4E1E,2023-ncaa-d0-natl,ncaa,170,139,236,163,264,239,219,222,214,255,306,130,138,89,260,53,323,290,331,297,207,249,306,182,218,158,130,82,320,275,289,199,269,246,288,232,226,15,54,108,254,229,100,73,,,62,93,,,157,299,302,209,226,206,174,248,296,106,63,321,285,291,222,300,263,147,216,219,29,234,73,,87,,,157,46,37,115,43,34,112,31,161,157,195,214,96,111,130,110,159,107,82,56,60,94,279,274,196,262,269,236,289,257,288,118,255,290,260,256,63,145,24,84,,,330,307,,,157,54,172,147,163,78,70,178,57,158,215,200,146,157,151,172,111,299,301,316,167,280,106,37,,332,,,b'\x11\xe8\xe1I\xc9#\xa1 \xaf\x82\x12\xdf\x17\xaeN\x1e'
11E8E149-C923-A120-AF82-12DF17AE4E1E,2023-ncaa-d1-conf-Sun Belt,ncaa,7,8,5,8,7,10,8,7,9,11,11,5,6,2,9,3,13,13,12,13,9,9,11,8,10,6,6,3,14,14,14,9,12,11,13,8,5,1,2,2,8,8,2,2,,,3,1,,,9,11,12,10,11,10,8,11,11,4,3,13,13,13,9,12,14,8,12,9,1,9,2,,2,,,9,3,4,7,2,4,8,2,8,8,9,7,6,5,11,4,3,7,6,1,3,4,8,9,7,12,12,13,14,13,13,7,11,8,8,8,2,5,3,7,,,13,12,,,9,4,10,6,9,5,5,6,5,8,8,8,4,3,3,6,8,12,13,13,7,9,2,3,,13,,,b'\x11\xe8\xe1I\xc9#\xa1 \xaf\x82\x12\xdf\x17\xaeN\x1e'
11E8E149-C923-A120-AF82-12DF17AE4E1E,2023-ncaa-d1-natl,ncaa,151,138,151,151,188,203,192,169,198,242,290,116,94,64,216,41,315,284,330,290,198,200,267,158,195,144,101,56,338,244,276,154,248,182,271,193,203,19,52,93,231,220,94,76,,,77,88,,,131,268,299,228,205,196,174,253,306,81,47,328,293,297,224,295,244,124,193,187,29,230,82,,82,,,130,61,55,176,37,43,139,28,201,209,156,231,104,130,99,125,153,157,119,43,43,69,281,283,189,289,248,265,276,295,271,156,266,267,253,240,88,134,21,76,,,321,321,,,131,80,151,116,137,63,56,180,46,138,212,216,115,135,133,167,106,297,280,309,167,269,100,20,,338,,,b'\x11\xe8\xe1I\xc9#\xa1 \xaf\x82\x12\xdf\x17\xaeN\x1e'
11E8E149-C923-A120-AF82-12DF17AE4E1E,2024-ncaa-d0-natl,ncaa,41,30,143,34,170,21,38,21,116,120,182,68,4,2,82,14,61,27,318,26,17,17,18,65,83,68,15,11,243,15,29,252,316,100,213,68,195,237,65,97,7,9,232,285,,,358,331,,,48,27,2,208,5,15,3,110,201,3,1,46,19,20,2,4,7,294,63,48,225,3,239,,357,,,45,317,320,219,347,352,310,335,42,36,189,5,326,340,11,340,287,259,334,321,310,147,11,5,271,295,316,321,29,323,213,205,48,4,4,7,267,112,240,252,,,10,79,,,48,333,36,143,53,330,333,223,353,337,33,21,321,339,340,288,356,296,311,322,188,3,262,247,,7,,,b'\x11\xe8\xe1I\xc9#\xa1 \xaf\x82\x12\xdf\x17\xaeN\x1e'
11E8E149-C923-A120-AF82-12DF17AE4E1E,2024-ncaa-d1-conf-Sun Belt,ncaa,1,1,2,1,4,1,1,2,1,5,9,1,1,1,1,1,7,3,13,3,2,2,1,1,1,1,1,1,14,2,3,9,12,4,7,1,1,6,3,1,1,1,10,13,,,14,12,,,1,1,2,6,1,2,2,6,9,1,1,9,5,5,2,2,2,12,7,1,6,1,11,,14,,,1,11,12,8,13,14,11,12,1,1,2,1,11,13,2,13,8,8,14,13,12,2,1,1,8,9,12,11,3,11,7,6,3,1,1,2,10,4,11,10,,,1,4,,,1,14,1,2,1,7,10,5,13,9,1,1,8,12,12,6,14,7,7,9,4,1,6,10,,2,,,b'\x11\xe8\xe1I\xc9#\xa1 \xaf\x82\x12\xdf\x17\xaeN\x1e'
11E8E149-C923-A120-AF82-12DF17AE4E1E,2024-ncaa-d1-natl,ncaa,30,30,78,34,100,10,14,10,96,74,145,43,3,2,84,14,43,21,314,22,24,10,9,48,72,57,20,17,252,6,25,233,323,60,212,40,181,267,63,83,3,4,219,285,,,360,322,,,27,12,1,225,4,10,3,79,193,3,1,46,21,22,2,3,5,301,65,35,218,3,233,,357,,,25,340,343,268,351,357,335,340,55,52,182,11,330,347,16,347,278,303,349,325,312,129,10,7,248,323,323,339,25,349,212,256,58,2,4,10,290,114,252,241,,,9,104,,,27,352,26,129,39,329,331,220,353,339,41,27,311,335,336,283,359,301,309,323,210,2,265,235,,9,,,b'\x11\xe8\xe1I\xc9#\xa1 \xaf\x82\x12\xdf\x17\xaeN\x1e'
11E8E149-C923-A120-AF82-12DF17AE4E1E,2024-ncaa-d1-ncaatournament,ncaa,37,3,37,37,38,64,59,37,68,62,55,62,45,24,62,1,62,62,55,59,57,37,37,66,68,68,32,14,60,25,18,53,8,38,36,55,31,13,24,49,51,43,49,40,,,33,65,,,66,37,3,5,63,58,1,61,42,32,1,62,61,57,1,1,1,51,14,50,33,38,44,,67,,,68,30,16,9,64,9,4,63,32,22,62,48,42,37,60,37,66,15,19,66,68,68,64,49,60,2,8,32,18,20,36,29,68,45,23,54,16,20,44,65,,,59,67,,,66,31,68,64,67,66,50,12,21,7,63,45,68,65,65,28,34,2,68,56,61,23,35,64,,54,,,b'\x11\xe8\xe1I\xc9#\xa1 \xaf\x82\x12\xdf\x17\xaeN\x1e'
11E8E149-C923-A120-AF82-12DF17AE4E1E,2025-ncaa-d0-natl,genius_ncaa,203,279,54,239,60,101,167,101,281,312,322,229,17,8,158,7,40,34,204,31,1,77,67,184,170,167,2,5,56,54,109,200,344,121,284,171,165,299,197,229,51,85,167,249,,,302,190,,330,209,81,183,58,127,251,166,354,355,12,7,45,40,32,114,106,67,310,207,213,219,66,207,,235,,318,208,334,334,297,282,340,323,236,227,183,276,72,309,305,222,307,189,302,307,260,266,234,114,98,204,352,344,307,109,335,284,305,167,79,147,179,232,149,344,359,,,26,40,,286,209,287,138,286,206,286,292,241,308,302,162,94,258,245,255,252,290,336,243,307,253,112,168,323,,34,,304,b'\x11\xe8\xe1I\xc9#\xa1 \xaf\x82\x12\xdf\x17\xaeN\x1e'
11E8E149-C923-A120-AF82-12DF17AE4E1E,2025-ncaa-d1-conf-Sun Belt,genius_ncaa,5,11,1,9,1,3,6,3,14,12,12,8,2,2,10,2,2,2,5,1,1,2,1,9,8,10,1,2,3,3,6,5,12,4,11,5,3,13,10,9,2,2,8,10,,,13,5,,14,9,1,10,6,8,12,10,14,14,2,2,6,5,5,9,9,5,14,9,9,10,3,10,,2,,13,8,14,14,13,13,14,14,10,12,8,13,7,9,8,13,8,4,13,14,13,12,9,6,8,3,12,12,13,6,13,11,14,13,2,3,9,11,9,14,14,,,1,4,,10,9,14,8,10,8,8,11,4,8,7,9,7,3,1,2,3,4,9,8,8,11,5,6,11,,4,,11,b'\x11\xe8\xe1I\xc9#\xa1 \xaf\x82\x12\xdf\x17\xaeN\x1e'
11E8E149-C923-A120-AF82-12DF17AE4E1E,2025-ncaa-d1-natl,genius_ncaa,193,279,43,243,49,92,147,80,274,319,327,222,13,5,145,7,42,37,216,30,1,68,56,173,169,166,2,5,61,40,91,171,341,100,271,153,155,304,195,229,50,75,180,260,,,303,186,,334,211,69,176,59,130,249,165,352,355,12,8,54,44,34,116,106,56,299,190,204,221,66,215,,230,,324,207,337,340,310,276,343,328,237,223,183,270,69,302,291,223,293,174,317,322,254,255,231,105,93,194,352,341,313,91,339,271,310,170,76,148,182,234,148,340,358,,,25,48,,295,211,299,127,282,201,281,288,239,311,303,153,91,243,232,237,251,289,330,232,300,251,116,168,312,,34,,309,b'\x11\xe8\xe1I\xc9#\xa1 \xaf\x82\x12\xdf\x17\xaeN\x1e'
11E8E149-C923-A120-AF82-12DF17AE4E1E,2026-ncaa-d0-natl,genius_ncaa,87,80,116,95,203,152,156,146,204,222,243,171,50,32,129,15,245,297,18,301,287,163,172,144,148,160,32,17,300,110,112,212,341,173,278,151,168,216,197,177,25,18,39,27,,,184,105,,245,105,188,261,351,180,179,142,284,322,37,18,293,333,340,199,208,114,285,214,165,190,15,27,,143,,232,106,127,157,206,76,165,212,98,147,204,90,198,75,73,142,69,47,175,225,71,60,36,107,188,76,346,341,195,112,279,278,255,319,41,30,91,171,155,295,325,,,267,332,,344,105,180,142,78,104,65,98,177,123,189,103,158,45,39,38,107,256,345,152,295,228,27,138,287,,332,,352,b'\x11\xe8\xe1I\xc9#\xa1 \xaf\x82\x12\xdf\x17\xaeN\x1e'
11E8E149-C923-A120-AF82-12DF17AE4E1E,2026-ncaa-d1-natl,genius_ncaa,38,80,13,79,80,51,55,41,137,111,164,89,14,6,134,17,133,212,9,219,265,54,50,96,91,93,56,35,289,38,72,111,328,63,200,55,127,267,151,121,4,8,14,23,,,204,51,,279,41,60,228,350,108,107,103,211,302,35,18,241,317,323,160,188,88,259,166,96,151,11,23,,76,,217,51,185,213,302,60,236,291,91,136,267,31,191,99,88,235,85,29,271,329,41,33,15,67,141,87,352,328,258,72,323,200,292,319,8,17,65,239,147,306,295,,,169,317,,349,41,306,79,33,46,30,60,136,104,155,55,135,41,28,28,76,241,327,101,225,192,17,143,249,,308,,355,b'\x11\xe8\xe1I\xc9#\xa1 \xaf\x82\x12\xdf\x17\xaeN\x1e'
11E8E149-C927-FB76-AF82-12DF17AE4E1E,2010-ncaa-d0-natl,ncaa,72,101,20,95,41,33,27,43,29,40,82,26,45,61,50,124,147,67,319,66,127,43,27,24,40,77,185,105,300,16,13,12,33,13,6,59,227,319,216,161,285,329,76,132,,,165,41,,,52,36,117,280,52,35,114,68,183,64,104,217,134,134,118,88,41,11,11,93,238,324,104,,56,,,55,292,307,331,57,258,324,32,317,292,264,228,120,118,200,119,25,326,304,74,48,125,208,290,54,249,33,122,13,177,6,205,61,194,311,219,291,186,76,41,,,89,280,,,52,312,45,107,54,145,182,311,132,279,280,257,55,53,51,266,193,137,26,32,98,301,219,45,,227,,,"b""\x11\xe8\xe1I\xc9'\xfbv\xaf\x82\x12\xdf\x17\xaeN\x1e"""
11E8E149-C927-FB76-AF82-12DF17AE4E1E,2010-ncaa-d1-conf-ACC,ncaa,8,9,4,9,6,7,5,6,3,8,10,3,4,4,4,3,10,7,12,6,3,7,6,3,3,6,5,3,12,4,2,1,5,3,4,9,10,10,12,11,12,12,6,7,,,6,5,,,10,6,8,8,7,6,8,9,10,4,5,10,6,6,9,8,4,3,3,9,11,12,6,,6,,,10,10,10,9,7,6,10,2,12,9,12,7,5,4,10,4,2,9,7,8,9,12,11,12,3,7,5,4,2,5,4,8,4,12,12,11,11,10,3,5,,,4,3,,,10,7,5,12,10,10,10,11,5,10,12,8,7,5,5,11,6,8,3,5,7,12,10,3,,5,,,"b""\x11\xe8\xe1I\xc9'\xfbv\xaf\x82\x12\xdf\x17\xaeN\x1e"""
11E8E149-C927-FB76-AF82-12DF17AE4E1E,2010-ncaa-d1-natl,ncaa,74,100,22,97,43,35,28,46,29,45,90,27,49,65,52,124,153,73,321,71,125,45,29,24,41,80,184,106,298,20,13,12,34,13,6,63,229,311,216,166,295,332,82,134,,,146,43,,,56,40,118,282,53,35,118,70,184,65,105,217,136,135,120,89,42,13,12,93,238,327,107,,56,,,61,287,300,329,58,252,321,33,315,287,269,228,115,109,205,110,23,324,302,77,52,134,205,289,54,241,34,107,13,167,6,199,63,215,313,226,282,189,70,42,,,100,277,,,56,310,47,114,60,153,189,311,133,279,281,258,56,54,52,267,194,141,26,32,102,301,220,46,,229,,,"b""\x11\xe8\xe1I\xc9'\xfbv\xaf\x82\x12\xdf\x17\xaeN\x1e"""
11E8E149-C927-FB76-AF82-12DF17AE4E1E,2011-ncaa-d0-natl,ncaa,30,24,77,28,98,50,37,66,33,19,24,39,303,287,304,329,43,13,272,15,98,49,43,98,101,115,336,335,101,8,2,36,30,15,6,39,116,295,168,103,55,66,31,19,,,231,169,,,20,66,90,191,38,25,59,10,12,324,310,32,8,8,30,21,1,25,3,32,254,66,27,,176,,,19,103,63,223,13,31,154,10,243,270,150,267,196,186,236,184,204,220,260,22,28,21,327,288,247,134,30,40,2,58,6,160,280,59,72,81,259,159,266,121,,,31,100,,,20,269,44,21,21,62,32,144,16,80,229,253,159,146,143,138,203,95,15,18,129,82,223,235,,23,,,"b""\x11\xe8\xe1I\xc9'\xfbv\xaf\x82\x12\xdf\x17\xaeN\x1e"""
11E8E149-C927-FB76-AF82-12DF17AE4E1E,2011-ncaa-d1-conf-ACC,ncaa,6,4,9,6,9,8,7,9,4,4,6,4,11,11,10,12,6,6,10,6,3,8,9,5,5,6,11,11,4,4,1,5,2,4,2,6,6,3,5,2,7,5,3,3,,,6,10,,,3,10,7,4,5,6,5,3,3,10,11,5,2,2,4,4,1,3,1,3,7,5,3,,10,,,2,2,1,2,3,1,2,3,7,6,8,9,3,3,6,2,9,1,2,3,3,3,11,9,10,2,2,1,1,1,2,2,7,8,5,5,3,7,6,4,,,6,4,,,3,2,4,3,3,3,2,6,2,4,8,7,4,6,5,5,5,4,4,3,4,8,7,6,,5,,,"b""\x11\xe8\xe1I\xc9'\xfbv\xaf\x82\x12\xdf\x17\xaeN\x1e"""
11E8E149-C927-FB76-AF82-12DF17AE4E1E,2011-ncaa-d1-natl,ncaa,34,23,95,30,113,55,40,74,33,19,25,38,307,292,305,329,47,14,267,16,98,57,48,103,101,119,336,335,97,8,3,41,35,16,6,42,123,284,171,105,64,72,35,19,,,212,172,,,20,81,90,188,38,26,64,10,12,324,309,33,9,10,30,21,1,26,3,32,256,70,28,,178,,,19,82,48,201,14,23,132,10,237,261,149,266,184,171,235,171,206,197,241,25,32,23,327,286,245,116,35,24,3,39,6,147,283,71,76,83,251,162,266,127,,,34,98,,,20,254,46,23,21,65,33,145,18,83,231,252,163,147,145,142,203,95,15,18,132,88,223,240,,24,,,"b""\x11\xe8\xe1I\xc9'\xfbv\xaf\x82\x12\xdf\x17\xaeN\x1e"""
11E8E149-C927-FB76-AF82-12DF17AE4E1E,2011-ncaa-d1-ncaatournament,ncaa,17,2,17,17,18,27,31,26,43,29,27,36,30,23,49,44,14,10,41,11,5,21,18,46,41,45,21,50,3,12,2,21,27,18,10,24,27,50,55,50,19,11,21,13,,,43,48,,,23,21,16,3,35,43,33,37,32,43,36,4,3,3,17,6,1,22,6,33,58,13,24,,47,,,23,39,29,36,8,11,33,2,50,45,61,55,51,48,47,47,60,37,43,20,32,17,64,62,61,38,27,36,2,39,10,36,52,16,8,8,47,44,18,15,,,17,6,,,23,43,39,13,22,24,3,9,1,4,60,52,53,51,50,16,40,29,19,25,23,6,47,15,,2,,,"b""\x11\xe8\xe1I\xc9'\xfbv\xaf\x82\x12\xdf\x17\xaeN\x1e"""
11E8E149-C927-FB76-AF82-12DF17AE4E1E,2012-ncaa-d0-natl,ncaa,5,9,7,10,9,5,5,10,5,3,3,10,195,264,24,326,4,11,46,11,213,8,8,10,10,10,323,323,163,5,2,6,77,4,2,6,138,295,77,25,183,286,26,83,,,250,46,,,8,10,120,246,4,2,49,2,6,262,311,19,47,47,35,46,13,11,4,13,138,279,56,,66,,,12,319,320,342,27,320,341,33,239,302,52,144,269,196,336,199,34,340,333,20,26,95,109,137,136,322,77,35,2,173,2,230,51,163,317,204,255,86,105,7,,,7,119,,,8,333,6,110,12,146,165,311,183,308,134,201,126,69,72,283,207,209,2,7,81,298,133,31,,48,,,"b""\x11\xe8\xe1I\xc9'\xfbv\xaf\x82\x12\xdf\x17\xaeN\x1e"""
11E8E149-C927-FB76-AF82-12DF17AE4E1E,2012-ncaa-d1-conf-ACC,ncaa,1,3,1,3,1,1,1,3,3,1,1,3,7,9,2,12,1,1,2,2,7,1,1,3,3,2,9,11,3,1,1,1,4,1,1,1,5,8,6,4,10,11,3,5,,,7,3,,,3,3,5,5,1,2,4,2,1,9,11,1,1,2,2,3,1,1,1,2,7,10,4,,4,,,3,9,8,12,2,9,12,1,9,11,5,6,9,7,11,7,3,12,10,1,1,5,6,6,6,11,4,3,1,6,1,5,2,10,12,9,9,6,4,2,,,1,2,,,3,10,2,6,3,7,6,12,7,12,7,8,6,5,5,12,7,11,3,4,3,12,8,3,,1,,,"b""\x11\xe8\xe1I\xc9'\xfbv\xaf\x82\x12\xdf\x17\xaeN\x1e"""
11E8E149-C927-FB76-AF82-12DF17AE4E1E,2012-ncaa-d1-natl,ncaa,5,9,7,10,10,5,5,10,5,3,3,10,204,275,24,326,5,14,44,14,213,8,8,10,10,10,323,322,163,6,2,6,85,4,2,6,141,286,80,25,196,290,30,83,,,241,47,,,9,11,122,246,4,2,50,2,7,261,311,19,46,48,35,53,13,14,4,15,138,284,56,,68,,,12,314,316,341,30,312,341,36,228,298,49,137,264,181,337,185,35,339,332,22,28,104,110,138,135,317,85,25,2,155,2,218,54,185,319,216,244,85,96,7,,,7,112,,,9,332,7,120,12,156,173,311,195,307,134,201,132,73,74,283,206,213,2,8,85,299,134,32,,47,,,"b""\x11\xe8\xe1I\xc9'\xfbv\xaf\x82\x12\xdf\x17\xaeN\x1e"""
11E8E149-C927-FB76-AF82-12DF17AE4E1E,2012-ncaa-d1-ncaatournament,ncaa,5,2,5,5,5,8,7,8,19,6,5,22,18,14,30,58,10,7,44,7,35,7,7,25,28,33,51,55,34,6,32,6,19,7,24,7,37,60,46,38,7,29,12,51,,,56,12,,,29,6,14,5,31,22,42,14,15,50,58,33,31,30,31,24,37,17,23,33,46,30,45,,14,,,25,59,61,59,27,61,58,40,56,61,9,47,54,52,46,53,11,58,59,24,25,25,10,26,20,56,19,60,32,58,24,61,36,7,40,41,59,37,37,9,,,6,27,,,29,59,31,20,23,25,41,48,49,39,29,47,20,13,12,42,45,31,26,21,41,31,35,8,,20,,,"b""\x11\xe8\xe1I\xc9'\xfbv\xaf\x82\x12\xdf\x17\xaeN\x1e"""
11E8E149-C927-FB76-AF82-12DF17AE4E1E,2013-ncaa-d0-natl,ncaa,23,28,24,29,32,10,9,34,3,5,17,6,177,241,34,296,46,61,77,59,254,32,19,4,6,13,326,287,262,23,5,8,10,11,2,4,75,295,153,33,221,286,81,123,,,217,98,,,7,33,113,235,9,5,76,5,28,218,286,86,119,120,71,65,42,12,8,6,205,282,105,,107,,,8,200,208,308,28,235,324,25,120,173,82,79,190,170,254,168,60,300,291,20,21,42,99,109,181,122,10,12,5,26,2,119,74,105,197,85,267,143,62,10,,,51,201,,,7,311,7,23,9,56,79,201,110,281,67,85,108,93,95,173,151,42,2,1,53,195,174,27,,133,,,"b""\x11\xe8\xe1I\xc9'\xfbv\xaf\x82\x12\xdf\x17\xaeN\x1e"""
11E8E149-C927-FB76-AF82-12DF17AE4E1E,2013-ncaa-d1-conf-ACC,ncaa,3,2,3,3,5,2,2,5,1,1,5,1,5,9,3,9,6,5,6,5,8,5,4,1,2,2,11,8,10,5,2,2,1,2,1,1,3,8,6,1,11,12,7,8,,,7,8,,,2,5,4,5,1,1,3,1,3,6,9,6,5,5,4,3,5,1,1,1,9,12,7,,7,,,2,4,3,5,2,4,8,2,2,3,3,4,10,8,10,8,7,5,4,2,2,3,6,3,12,1,1,1,2,1,1,2,1,8,8,3,8,9,1,1,,,2,6,,,2,8,2,3,2,3,3,5,5,8,2,3,9,7,7,5,3,1,1,1,1,9,9,1,,2,,,"b""\x11\xe8\xe1I\xc9'\xfbv\xaf\x82\x12\xdf\x17\xaeN\x1e"""
11E8E149-C927-FB76-AF82-12DF17AE4E1E,2013-ncaa-d1-natl,ncaa,26,28,27,29,36,10,9,38,3,5,18,7,182,243,34,295,51,69,75,66,252,33,21,5,6,12,326,286,260,26,5,10,11,11,2,4,76,284,155,36,235,288,85,124,,,202,99,,,7,38,115,233,9,5,79,5,28,217,286,85,119,119,71,67,44,14,9,6,205,287,106,,109,,,8,181,192,303,28,228,323,27,117,157,87,78,185,161,258,158,61,296,287,22,24,45,99,108,181,108,11,7,5,15,2,108,78,121,199,89,255,146,54,11,,,60,198,,,7,306,8,28,10,58,81,200,111,283,70,84,111,94,96,174,152,43,2,1,59,201,176,30,,128,,,"b""\x11\xe8\xe1I\xc9'\xfbv\xaf\x82\x12\xdf\x17\xaeN\x1e"""
11E8E149-C927-FB76-AF82-12DF17AE4E1E,2013-ncaa-d1-ncaatournament,ncaa,9,2,9,9,9,15,13,11,20,13,13,33,13,15,12,47,17,16,39,16,45,13,10,23,26,35,44,38,39,12,22,10,14,11,9,13,41,57,52,42,12,31,12,25,,,48,11,,,12,10,19,7,28,21,30,18,17,36,49,38,36,36,33,20,29,6,10,29,52,32,16,,14,,,10,52,52,54,12,53,54,15,51,56,17,54,29,25,51,20,3,54,54,12,6,8,24,46,8,48,14,53,22,53,9,51,19,10,37,21,59,52,56,34,,,13,41,,,12,54,32,3,16,7,29,51,28,36,38,51,4,5,5,38,33,28,20,17,18,33,53,45,,34,,,"b""\x11\xe8\xe1I\xc9'\xfbv\xaf\x82\x12\xdf\x17\xaeN\x1e"""
11E8E149-C927-FB76-AF82-12DF17AE4E1E,2014-ncaa-d0-natl,ncaa,15,17,15,18,25,8,6,20,4,6,12,7,120,170,38,277,36,63,41,59,258,19,18,6,8,7,311,276,259,24,5,24,39,17,6,5,63,251,82,16,49,74,146,187,,,216,79,,,5,24,116,270,12,4,50,2,32,178,245,81,139,137,54,79,67,64,36,5,113,88,191,,77,,,5,254,259,311,87,240,296,81,265,283,132,219,143,153,120,154,85,307,311,93,66,56,177,244,103,183,39,66,5,103,6,84,11,56,103,29,273,129,145,27,,,53,251,,,5,324,3,42,7,59,91,157,99,144,179,197,61,73,73,107,142,62,7,5,24,126,154,69,,185,,,"b""\x11\xe8\xe1I\xc9'\xfbv\xaf\x82\x12\xdf\x17\xaeN\x1e"""
11E8E149-C927-FB76-AF82-12DF17AE4E1E,2014-ncaa-d1-conf-ACC,ncaa,3,3,4,3,8,3,3,6,3,3,6,2,10,12,4,10,8,8,5,8,13,7,6,3,3,2,13,11,14,4,1,9,5,7,2,2,3,6,6,2,7,4,13,13,,,6,5,,,2,6,9,9,2,2,5,2,5,11,12,8,9,9,6,4,4,9,7,1,6,6,13,,5,,,2,4,3,5,9,6,8,5,7,6,10,7,6,5,9,5,5,5,6,7,8,7,6,8,6,5,5,1,1,1,2,1,1,7,6,3,8,7,3,1,,,10,10,,,2,8,2,5,2,4,5,4,4,8,7,6,6,5,5,2,5,4,2,2,1,7,9,2,,10,,,"b""\x11\xe8\xe1I\xc9'\xfbv\xaf\x82\x12\xdf\x17\xaeN\x1e"""
11E8E149-C927-FB76-AF82-12DF17AE4E1E,2014-ncaa-d1-natl,ncaa,16,17,16,18,29,9,6,21,4,6,13,8,129,178,37,278,37,70,40,68,257,22,20,7,8,7,309,276,262,29,5,26,41,21,6,5,66,232,81,17,57,78,154,192,,,200,82,,,5,27,118,273,12,4,52,3,31,179,246,79,147,142,58,83,70,66,40,5,110,93,200,,80,,,5,233,246,308,92,224,289,88,258,279,135,219,132,143,123,143,84,300,304,99,76,62,175,243,101,161,41,46,5,78,6,75,12,69,108,31,253,131,138,28,,,66,252,,,5,318,3,46,7,63,94,160,103,145,183,196,62,73,72,108,141,61,7,6,26,126,158,74,,190,,,"b""\x11\xe8\xe1I\xc9'\xfbv\xaf\x82\x12\xdf\x17\xaeN\x1e"""
11E8E149-C927-FB76-AF82-12DF17AE4E1E,2014-ncaa-d1-ncaatournament,ncaa,3,2,3,3,3,3,4,3,20,3,3,22,7,6,31,48,2,2,14,2,23,3,3,20,17,16,40,45,19,3,19,4,29,3,22,5,37,63,43,32,1,8,19,42,,,63,41,,,8,3,17,3,13,15,28,10,21,40,48,16,17,17,24,17,30,28,30,16,47,10,42,,41,,,14,63,62,62,26,60,62,24,63,62,42,45,62,63,40,63,32,62,62,34,34,22,53,46,36,62,29,61,19,62,22,62,21,2,10,9,63,43,52,14,,,2,24,,,8,62,17,19,15,27,23,27,14,19,48,43,33,35,30,23,46,26,15,20,15,8,46,15,,24,,,"b""\x11\xe8\xe1I\xc9'\xfbv\xaf\x82\x12\xdf\x17\xaeN\x1e"""
11E8E149-C927-FB76-AF82-12DF17AE4E1E,2015-ncaa-d0-natl,ncaa,3,3,4,4,7,6,5,12,7,4,13,6,93,117,58,250,7,18,17,17,194,13,11,8,6,9,278,259,184,6,6,11,44,6,8,8,146,306,82,35,54,109,94,181,,,216,28,,,7,13,125,283,8,8,61,7,49,164,218,32,82,89,55,76,41,81,31,18,120,113,173,,26,,,7,324,337,341,155,339,337,193,214,302,29,182,141,115,277,105,16,336,335,116,90,95,39,111,36,246,44,126,6,181,8,269,63,41,136,101,211,55,288,121,,,17,213,,,7,337,3,73,8,99,170,205,230,233,87,168,37,19,18,122,133,56,7,9,89,145,76,186,,146,,,"b""\x11\xe8\xe1I\xc9'\xfbv\xaf\x82\x12\xdf\x17\xaeN\x1e"""
11E8E149-C927-FB76-AF82-12DF17AE4E1E,2015-ncaa-d1-conf-Big Ten,ncaa,1,1,1,1,2,2,2,2,1,1,2,1,11,11,7,11,1,1,6,1,2,2,2,2,2,3,11,11,2,1,1,4,3,1,1,3,8,9,5,5,5,5,10,11,,,5,4,,,1,4,9,9,3,3,8,2,3,11,11,1,1,1,3,4,1,6,2,4,5,5,11,,3,,,1,5,7,12,5,8,10,8,3,8,1,7,3,4,8,4,3,10,11,3,1,2,2,4,4,7,3,1,1,2,1,2,1,7,7,3,3,2,8,5,,,2,2,,,1,11,1,2,1,2,2,6,7,8,1,6,3,3,2,5,4,6,1,1,2,7,3,7,,2,,,"b""\x11\xe8\xe1I\xc9'\xfbv\xaf\x82\x12\xdf\x17\xaeN\x1e"""
11E8E149-C927-FB76-AF82-12DF17AE4E1E,2015-ncaa-d1-natl,ncaa,3,3,4,4,8,6,5,14,7,4,13,7,103,125,61,251,8,20,17,19,195,16,12,9,5,9,278,257,183,7,5,13,44,7,8,8,146,291,87,40,60,117,102,184,,,194,30,,,7,15,129,285,9,8,66,7,50,164,219,33,84,89,57,89,47,90,36,17,125,121,178,,27,,,8,319,335,340,167,337,335,202,205,295,32,178,122,97,283,90,15,334,332,123,100,107,34,109,38,229,44,95,5,149,8,259,64,51,141,110,195,57,283,123,,,22,210,,,7,335,3,82,8,103,187,207,245,236,91,163,39,19,16,128,130,57,7,10,95,151,77,190,,144,,,"b""\x11\xe8\xe1I\xc9'\xfbv\xaf\x82\x12\xdf\x17\xaeN\x1e"""
11E8E149-C927-FB76-AF82-12DF17AE4E1E,2015-ncaa-d1-ncaatournament,ncaa,3,2,3,3,3,4,4,3,17,5,6,23,2,2,12,29,9,10,9,10,40,4,4,10,14,14,28,22,43,4,20,5,15,4,11,5,30,63,42,26,13,55,13,44,,,55,5,,,7,4,56,4,28,25,51,31,44,16,33,41,46,46,50,53,40,29,34,28,38,56,44,,2,,,11,60,62,61,23,62,60,38,60,62,18,55,57,51,60,51,5,60,61,22,18,26,15,31,12,58,15,62,20,60,11,61,7,7,42,27,63,53,61,32,,,5,31,,,7,61,12,22,10,15,25,31,31,24,23,43,8,3,4,15,3,17,8,4,9,52,47,24,,38,,,"b""\x11\xe8\xe1I\xc9'\xfbv\xaf\x82\x12\xdf\x17\xaeN\x1e"""
11E8E149-C927-FB76-AF82-12DF17AE4E1E,2016-ncaa-d0-natl,ncaa,7,7,12,7,21,5,3,13,2,3,7,3,38,131,4,262,69,99,48,99,305,13,11,2,3,5,301,210,329,11,2,5,6,4,1,4,78,290,89,19,46,98,42,79,,,104,14,,,3,12,60,280,5,2,26,3,18,83,205,146,210,207,30,36,36,8,4,5,160,99,69,,20,,,3,274,303,340,34,282,335,37,281,324,95,238,64,61,200,50,15,339,328,38,26,52,130,255,29,151,6,35,2,56,1,183,62,97,231,126,228,67,62,7,,,116,325,,,3,336,2,36,3,87,144,294,139,254,209,253,20,17,17,221,186,38,4,5,74,228,112,16,,269,,,"b""\x11\xe8\xe1I\xc9'\xfbv\xaf\x82\x12\xdf\x17\xaeN\x1e"""
11E8E149-C927-FB76-AF82-12DF17AE4E1E,2016-ncaa-d1-conf-Big Ten,ncaa,1,1,2,1,3,2,1,3,1,1,2,2,3,7,1,9,10,8,8,10,11,4,3,2,2,2,12,7,11,2,1,1,1,1,1,1,5,13,9,2,3,2,5,6,,,5,2,,,1,4,6,11,3,3,4,1,2,5,9,10,11,11,5,5,1,1,1,1,11,3,6,,2,,,1,4,6,11,1,6,9,2,6,9,3,10,2,2,7,2,2,11,10,1,1,1,5,9,2,5,1,1,1,1,1,3,2,5,5,1,9,8,2,2,,,7,11,,,1,11,2,1,1,2,3,9,3,8,5,8,1,1,1,5,4,2,1,1,1,6,8,2,,9,,,"b""\x11\xe8\xe1I\xc9'\xfbv\xaf\x82\x12\xdf\x17\xaeN\x1e"""
11E8E149-C927-FB76-AF82-12DF17AE4E1E,2016-ncaa-d1-natl,ncaa,8,7,12,7,25,6,3,16,2,3,8,3,47,147,4,262,81,113,45,114,306,17,13,2,3,5,299,210,327,14,2,7,6,6,1,5,81,277,92,20,57,102,43,84,,,85,16,,,3,15,64,282,5,2,27,3,19,83,209,150,213,211,33,42,41,8,6,5,159,105,69,,22,,,3,254,285,338,37,268,330,43,270,314,100,234,51,52,208,43,15,333,318,43,30,62,127,250,29,126,6,18,2,37,1,163,63,122,236,136,211,68,54,7,,,134,326,,,3,333,2,39,3,97,156,296,148,254,213,250,20,17,17,226,188,36,4,6,78,237,114,18,,272,,,"b""\x11\xe8\xe1I\xc9'\xfbv\xaf\x82\x12\xdf\x17\xaeN\x1e"""
11E8E149-C927-FB76-AF82-12DF17AE4E1E,2016-ncaa-d1-ncaatournament,ncaa,17,2,17,17,17,21,19,26,7,21,26,8,18,23,13,32,30,35,6,35,48,30,27,8,8,14,36,32,46,30,38,16,8,21,9,19,30,46,48,27,16,15,41,48,,,35,16,,,19,25,37,1,19,15,44,16,34,21,36,38,48,50,50,43,47,5,17,11,41,17,55,,12,,,17,38,37,42,12,25,35,15,51,54,24,64,39,35,63,31,32,38,35,18,24,34,64,63,40,31,8,35,38,32,9,35,28,29,41,37,49,54,7,6,,,32,52,,,19,39,18,26,18,24,16,36,2,5,58,63,30,19,10,27,16,10,14,7,18,47,49,4,,54,,,"b""\x11\xe8\xe1I\xc9'\xfbv\xaf\x82\x12\xdf\x17\xaeN\x1e"""
11E8E149-C927-FB76-AF82-12DF17AE4E1E,2017-ncaa-d0-natl,ncaa,6,2,16,2,22,3,3,8,2,2,5,2,75,149,11,288,9,9,143,9,187,6,7,2,3,3,324,296,263,5,2,12,37,4,2,4,118,249,40,11,3,19,19,46,,,217,38,,,3,10,11,268,2,2,10,2,5,134,224,20,23,23,8,10,10,26,5,4,119,16,33,,72,,,3,322,330,331,133,322,333,89,276,262,252,137,158,170,155,169,42,332,337,125,98,70,100,200,64,224,37,29,2,68,2,264,86,18,74,62,135,18,205,31,,,37,284,,,3,340,3,42,3,169,219,269,211,295,192,152,73,68,66,229,301,83,2,5,129,49,48,113,,130,,,"b""\x11\xe8\xe1I\xc9'\xfbv\xaf\x82\x12\xdf\x17\xaeN\x1e"""
11E8E149-C927-FB76-AF82-12DF17AE4E1E,2017-ncaa-d1-conf-Big Ten,ncaa,1,1,2,1,3,1,1,1,1,1,1,1,3,7,1,12,1,1,10,1,4,1,1,1,1,1,13,10,10,1,1,1,3,1,1,1,7,12,4,1,1,2,2,3,,,6,4,,,1,1,2,6,1,1,2,1,1,4,10,3,2,2,2,2,1,2,1,1,8,2,2,,4,,,1,10,12,12,5,12,12,4,9,7,11,6,6,4,5,4,3,10,13,5,3,2,6,9,4,7,3,1,1,1,1,6,2,2,5,1,7,4,6,4,,,3,10,,,1,14,1,2,1,6,10,10,9,12,8,8,3,3,3,9,11,3,1,1,2,2,6,5,,4,,,"b""\x11\xe8\xe1I\xc9'\xfbv\xaf\x82\x12\xdf\x17\xaeN\x1e"""
11E8E149-C927-FB76-AF82-12DF17AE4E1E,2017-ncaa-d1-natl,ncaa,6,2,16,2,25,3,3,10,2,2,5,3,89,162,11,285,12,12,141,12,195,7,7,2,3,3,325,292,262,6,2,14,40,5,2,5,120,231,40,12,4,23,24,48,,,199,40,,,3,11,12,270,2,2,13,2,6,137,224,21,24,24,9,11,12,28,6,4,117,18,35,,76,,,3,319,327,327,143,319,332,95,269,250,260,132,143,148,161,145,44,328,336,132,105,79,97,196,65,205,40,16,2,39,2,256,90,27,83,75,114,18,191,32,,,45,285,,,3,339,3,53,3,180,228,270,226,297,195,153,73,72,71,233,301,85,2,4,137,55,49,118,,133,,,"b""\x11\xe8\xe1I\xc9'\xfbv\xaf\x82\x12\xdf\x17\xaeN\x1e"""
11E8E149-C927-FB76-AF82-12DF17AE4E1E,2017-ncaa-d1-ncaatournament,ncaa,9,2,9,9,9,10,9,12,3,7,9,3,19,28,19,62,15,12,52,12,41,11,11,4,9,7,62,55,49,8,1,15,45,13,18,12,47,52,28,22,5,5,9,11,,,53,36,,,6,13,24,6,5,2,18,2,4,44,61,26,19,19,15,15,10,37,26,16,32,4,9,,38,,,5,51,49,49,12,50,51,12,43,47,20,27,54,52,58,53,34,51,54,8,13,7,32,21,49,55,45,48,1,51,18,43,24,7,10,7,51,31,38,12,,,11,38,,,6,52,6,12,5,16,15,26,19,34,21,26,44,36,38,30,44,44,6,15,17,12,36,19,,27,,,"b""\x11\xe8\xe1I\xc9'\xfbv\xaf\x82\x12\xdf\x17\xaeN\x1e"""
11E8E149-C927-FB76-AF82-12DF17AE4E1E,2018-ncaa-d0-natl,ncaa,22,31,25,32,39,17,12,20,21,12,9,53,83,183,8,301,25,22,172,20,218,19,18,36,42,34,279,248,215,7,12,41,101,19,25,22,167,172,43,36,30,60,54,95,,,209,46,,,11,24,54,278,15,11,23,10,13,123,256,55,49,48,19,30,17,81,18,19,76,51,73,,88,,,14,287,294,313,90,274,317,50,287,265,275,154,163,132,285,153,46,309,325,98,83,76,173,231,80,259,101,182,12,220,25,265,167,38,112,97,114,31,295,108,,,97,302,,,11,327,20,68,15,143,171,244,156,260,212,164,76,54,63,195,259,150,53,70,165,83,58,231,,211,,,"b""\x11\xe8\xe1I\xc9'\xfbv\xaf\x82\x12\xdf\x17\xaeN\x1e"""
11E8E149-C927-FB76-AF82-12DF17AE4E1E,2018-ncaa-d1-conf-Big Ten,ncaa,2,2,1,2,3,3,3,3,5,3,1,8,6,10,3,12,3,2,11,2,7,3,3,7,7,6,9,11,6,1,1,4,6,1,2,2,9,7,4,4,4,3,7,9,,,7,4,,,3,4,5,9,5,4,4,3,1,8,12,3,3,3,3,5,2,6,3,5,4,4,10,,3,,,3,8,9,11,4,7,10,2,14,12,10,12,3,3,9,4,5,10,11,6,6,5,11,14,4,8,6,6,1,6,2,9,8,4,5,7,2,2,6,3,,,4,7,,,3,11,3,3,3,5,4,10,3,6,12,11,2,2,2,6,8,5,4,4,7,6,2,3,,5,,,"b""\x11\xe8\xe1I\xc9'\xfbv\xaf\x82\x12\xdf\x17\xaeN\x1e"""
11E8E149-C927-FB76-AF82-12DF17AE4E1E,2018-ncaa-d1-natl,ncaa,24,31,31,34,48,21,15,21,22,12,11,59,89,199,8,301,28,27,177,25,216,21,19,37,43,35,277,243,209,12,13,45,111,21,25,26,169,145,44,38,41,68,58,96,,,186,47,,,14,29,57,279,19,13,25,12,14,127,256,56,53,52,23,32,17,85,19,20,76,58,81,,90,,,14,281,282,310,96,266,315,56,279,243,284,152,146,108,288,129,47,305,319,115,93,88,168,229,81,246,111,148,13,191,25,256,168,56,119,110,99,31,286,114,,,134,299,,,14,322,21,76,16,149,183,244,164,261,215,161,82,57,68,200,257,156,55,73,174,89,58,233,,212,,,"b""\x11\xe8\xe1I\xc9'\xfbv\xaf\x82\x12\xdf\x17\xaeN\x1e"""
11E8E149-C927-FB76-AF82-12DF17AE4E1E,2018-ncaa-d1-ncaatournament,ncaa,17,2,17,17,18,28,24,25,35,20,18,44,39,49,25,63,18,21,38,21,31,24,22,41,42,43,46,53,17,17,10,22,15,21,13,30,48,46,38,42,18,19,29,43,,,50,57,,,21,26,36,7,34,29,35,21,8,53,62,16,16,13,27,21,10,25,15,41,41,17,45,,55,,,18,36,34,35,19,34,36,22,35,41,22,35,47,49,18,49,49,38,37,22,18,13,42,31,51,34,15,34,10,33,13,39,41,19,17,18,48,40,36,27,,,25,29,,,21,41,35,11,18,14,10,9,13,16,24,25,40,43,44,15,18,16,24,10,25,17,41,28,,23,,,"b""\x11\xe8\xe1I\xc9'\xfbv\xaf\x82\x12\xdf\x17\xaeN\x1e"""
11E8E149-C927-FB76-AF82-12DF17AE4E1E,2019-ncaa-d0-natl,ncaa,9,7,26,9,43,23,15,35,15,10,20,31,142,218,33,295,48,45,168,44,206,36,29,30,30,35,309,275,225,32,18,13,102,14,17,14,88,257,112,45,117,190,9,26,,,219,70,,,17,34,108,272,28,18,85,8,38,197,279,86,101,109,76,101,84,17,19,21,144,184,10,,90,,,18,242,250,328,28,232,338,12,236,229,219,97,157,162,136,155,45,327,318,24,23,42,159,214,109,308,102,106,18,216,17,217,150,121,230,167,257,130,216,76,,,136,291,,,17,314,22,50,22,87,115,283,110,309,145,133,77,84,81,252,230,244,19,57,117,218,163,153,,265,,,"b""\x11\xe8\xe1I\xc9'\xfbv\xaf\x82\x12\xdf\x17\xaeN\x1e"""
11E8E149-C927-FB76-AF82-12DF17AE4E1E,2019-ncaa-d1-conf-Big Ten,ncaa,1,1,1,1,3,2,2,1,2,2,1,2,5,8,1,10,3,2,11,2,8,1,1,2,2,2,10,9,12,2,3,2,5,1,2,2,7,13,8,4,5,10,2,3,,,11,8,,,2,1,3,11,2,2,5,3,3,6,9,8,6,7,3,2,5,2,1,2,10,9,3,,9,,,2,10,9,13,2,6,13,1,10,11,7,8,7,7,8,7,5,13,14,2,3,3,10,11,7,14,5,5,3,11,2,9,7,2,8,5,13,8,6,3,,,7,12,,,2,13,2,4,2,6,4,13,4,11,9,9,6,5,5,12,13,13,3,6,6,8,9,5,,11,,,"b""\x11\xe8\xe1I\xc9'\xfbv\xaf\x82\x12\xdf\x17\xaeN\x1e"""
11E8E149-C927-FB76-AF82-12DF17AE4E1E,2019-ncaa-d1-natl,ncaa,8,7,11,9,18,11,8,24,12,7,10,30,119,204,20,298,39,33,168,34,217,20,16,26,27,28,311,272,248,24,19,9,106,8,17,10,87,270,102,37,84,178,8,22,,,238,65,,,10,17,99,272,22,12,77,6,33,184,281,96,105,110,66,85,82,20,15,14,132,173,11,,92,,,11,274,282,341,19,247,341,10,281,283,212,130,174,196,126,188,50,340,338,19,17,44,195,251,113,332,106,128,19,250,17,225,137,93,224,154,261,117,213,63,,,99,292,,,10,333,18,48,12,87,107,285,91,295,176,161,80,91,87,254,236,245,16,52,103,219,154,139,,265,,,"b""\x11\xe8\xe1I\xc9'\xfbv\xaf\x82\x12\xdf\x17\xaeN\x1e"""
11E8E149-C927-FB76-AF82-12DF17AE4E1E,2019-ncaa-d1-ncaatournament,ncaa,17,2,17,17,19,20,17,18,8,12,18,5,50,39,58,57,24,18,57,18,31,18,19,15,24,22,62,63,35,18,13,20,45,19,23,18,37,40,27,23,11,16,9,9,,,44,23,,,10,20,7,7,15,4,14,2,5,61,55,27,14,14,14,13,13,10,8,13,35,9,4,,41,,,8,39,38,48,1,39,45,3,41,47,16,43,47,44,41,44,34,48,48,2,2,3,43,36,50,51,45,39,13,45,23,30,13,17,35,10,37,31,31,18,,,27,53,,,10,48,17,9,8,21,15,62,17,48,32,55,46,42,43,60,63,60,24,45,10,20,34,21,,45,,,"b""\x11\xe8\xe1I\xc9'\xfbv\xaf\x82\x12\xdf\x17\xaeN\x1e"""
11E8E149-C927-FB76-AF82-12DF17AE4E1E,2020-ncaa-d0-natl,ncaa,5,10,8,10,22,5,5,3,11,4,4,21,83,147,16,280,53,53,142,53,285,4,3,14,16,15,306,250,304,6,7,35,90,8,15,8,111,196,41,18,2,2,35,47,,,258,106,,,5,6,32,273,4,3,6,4,10,117,198,102,117,115,7,13,10,114,22,8,119,4,49,,164,,,5,109,115,233,39,131,243,43,107,172,51,144,163,144,225,135,108,221,338,36,37,7,165,142,220,193,90,109,7,131,15,180,241,4,4,12,227,71,289,104,,,205,343,,,5,343,8,6,7,28,30,81,54,135,72,97,108,90,85,55,269,105,33,34,97,4,157,243,,289,,,"b""\x11\xe8\xe1I\xc9'\xfbv\xaf\x82\x12\xdf\x17\xaeN\x1e"""
11E8E149-C927-FB76-AF82-12DF17AE4E1E,2020-ncaa-d1-conf-Big Ten,ncaa,1,1,2,1,2,1,1,1,2,1,1,2,7,7,7,10,4,4,6,4,13,1,1,2,2,3,14,11,13,1,1,2,2,1,1,2,9,12,2,3,1,1,4,4,,,11,8,,,1,2,2,10,1,1,1,1,1,9,9,4,5,4,1,1,1,3,1,3,9,1,6,,10,,,1,3,3,6,1,3,5,4,5,9,3,10,7,7,6,6,8,5,13,2,1,1,12,8,9,5,2,7,1,5,1,4,10,1,1,1,10,5,11,5,,,8,14,,,1,13,2,1,1,1,2,3,2,2,4,6,3,3,4,3,11,3,2,2,4,1,8,10,,11,,,"b""\x11\xe8\xe1I\xc9'\xfbv\xaf\x82\x12\xdf\x17\xaeN\x1e"""
11E8E149-C927-FB76-AF82-12DF17AE4E1E,2020-ncaa-d1-natl,ncaa,6,10,12,10,35,5,5,4,11,4,4,23,93,162,16,283,67,74,142,69,285,5,5,16,17,16,303,249,302,6,7,52,97,9,17,8,114,182,41,19,3,3,42,48,,,239,110,,,5,10,34,273,4,3,6,4,11,119,201,102,121,119,7,15,11,121,24,9,120,4,50,,167,,,5,90,90,205,43,117,218,43,95,155,55,143,148,128,229,120,110,182,331,42,39,9,164,141,221,178,97,81,7,103,17,171,242,4,8,14,215,72,284,110,,,233,343,,,5,338,9,6,7,29,33,84,58,138,70,93,114,93,88,59,267,110,34,37,107,5,156,250,,288,,,"b""\x11\xe8\xe1I\xc9'\xfbv\xaf\x82\x12\xdf\x17\xaeN\x1e"""
11E8E149-C927-FB76-AF82-12DF17AE4E1E,2021-ncaa-d0-natl,ncaa,4,9,10,6,13,1,3,5,3,4,6,8,12,34,3,227,2,6,7,6,175,5,7,3,2,2,209,189,209,9,8,21,184,7,23,5,56,174,6,1,18,86,71,191,,,299,54,,,5,9,38,337,1,1,6,3,24,31,125,13,47,47,6,19,29,108,36,4,15,63,167,,99,,,5,337,337,338,188,328,327,159,335,331,255,212,272,284,124,290,98,338,338,199,170,175,199,246,74,334,184,240,8,288,23,326,125,24,167,161,160,8,186,24,,,28,288,,,5,335,1,175,5,245,254,273,224,238,274,256,109,124,131,264,288,225,11,44,200,125,18,52,,209,,,"b""\x11\xe8\xe1I\xc9'\xfbv\xaf\x82\x12\xdf\x17\xaeN\x1e"""
11E8E149-C927-FB76-AF82-12DF17AE4E1E,2021-ncaa-d1-conf-Big Ten,ncaa,1,1,2,1,4,2,2,1,2,1,1,2,2,4,2,10,1,2,2,1,8,1,2,2,2,2,8,9,7,1,2,3,4,1,2,2,4,5,1,1,2,3,7,8,,,6,1,,,1,2,6,13,1,1,1,1,2,3,7,1,5,4,2,2,2,7,2,2,1,3,8,,1,,,1,8,8,11,6,8,11,5,13,10,12,14,3,4,8,4,1,9,13,7,4,4,9,13,1,10,4,4,2,7,2,6,5,2,3,4,5,1,2,1,,,4,10,,,1,13,1,3,1,5,6,6,5,5,11,9,1,1,1,6,10,6,1,2,5,3,1,2,,8,,,"b""\x11\xe8\xe1I\xc9'\xfbv\xaf\x82\x12\xdf\x17\xaeN\x1e"""
11E8E149-C927-FB76-AF82-12DF17AE4E1E,2021-ncaa-d1-natl,ncaa,4,9,10,6,17,1,3,6,3,4,6,8,13,40,2,225,3,8,7,8,177,6,8,3,2,2,208,187,208,9,8,21,187,8,23,5,56,163,6,1,22,88,79,195,,,291,54,,,6,10,39,337,1,1,7,4,26,37,128,15,50,49,6,20,31,114,38,4,14,67,168,,100,,,6,335,336,337,196,325,326,169,333,328,256,211,265,277,126,284,101,337,337,212,182,185,193,244,73,332,187,228,8,282,23,324,128,29,173,168,153,8,182,26,,,37,288,,,6,335,1,189,5,253,263,275,230,241,275,256,111,124,131,268,287,229,12,44,206,132,19,55,,211,,,"b""\x11\xe8\xe1I\xc9'\xfbv\xaf\x82\x12\xdf\x17\xaeN\x1e"""
11E8E149-C927-FB76-AF82-12DF17AE4E1E,2021-ncaa-d1-ncaatournament,ncaa,9,2,9,9,12,6,6,10,2,7,11,2,13,9,27,45,10,11,15,11,33,10,12,4,4,1,48,50,34,9,9,14,28,10,7,5,17,45,9,2,6,9,13,21,,,56,39,,,4,13,27,7,1,1,12,3,10,32,37,10,18,19,9,17,18,18,13,1,10,10,30,,38,,,1,50,47,50,8,45,47,19,57,58,19,60,50,51,20,51,43,50,53,14,10,8,52,56,30,53,28,47,9,49,7,50,45,8,10,10,50,23,26,4,,,12,33,,,4,52,1,8,1,10,8,20,5,4,42,57,17,21,22,19,33,33,4,6,22,12,23,3,,27,,,"b""\x11\xe8\xe1I\xc9'\xfbv\xaf\x82\x12\xdf\x17\xaeN\x1e"""
11E8E149-C927-FB76-AF82-12DF17AE4E1E,2022-ncaa-d0-natl,ncaa,43,49,52,51,67,16,17,18,39,20,16,81,59,113,19,255,21,31,40,33,197,17,32,43,39,18,211,210,165,13,15,123,199,52,77,38,206,62,8,16,34,54,135,163,,,204,67,,,28,56,74,246,5,6,12,13,19,89,169,31,60,59,10,33,21,236,74,31,19,49,173,,87,,,26,320,330,300,287,298,253,264,343,319,316,283,99,80,260,82,53,283,306,308,278,229,204,310,28,252,199,221,15,239,77,300,147,34,64,122,32,5,303,146,,,101,284,,,28,303,6,208,29,243,282,225,213,149,323,276,58,40,40,168,248,169,81,106,228,54,15,274,,186,,,"b""\x11\xe8\xe1I\xc9'\xfbv\xaf\x82\x12\xdf\x17\xaeN\x1e"""
11E8E149-C927-FB76-AF82-12DF17AE4E1E,2022-ncaa-d1-conf-Big Ten,ncaa,4,2,11,3,13,6,5,7,5,6,5,7,6,10,4,10,9,7,5,8,11,5,7,6,6,6,9,8,9,2,2,12,12,10,6,5,8,5,6,7,1,2,6,3,,,2,3,,,4,9,7,4,5,3,2,4,1,6,9,4,5,5,2,1,1,12,5,5,8,1,4,,3,,,3,2,5,4,10,6,4,10,8,5,10,10,2,2,2,2,2,3,6,10,9,3,9,11,2,8,12,3,2,4,6,3,6,2,1,1,2,3,4,5,,,9,10,,,4,6,3,3,3,4,8,5,5,5,10,7,1,1,1,3,11,9,4,5,7,1,3,8,,8,,,"b""\x11\xe8\xe1I\xc9'\xfbv\xaf\x82\x12\xdf\x17\xaeN\x1e"""
11E8E149-C927-FB76-AF82-12DF17AE4E1E,2022-ncaa-d1-natl,ncaa,48,49,67,57,83,18,19,23,39,21,17,87,79,136,19,256,28,43,37,44,197,20,40,48,42,19,208,209,158,17,19,157,205,60,82,43,212,42,9,17,48,67,152,171,,,172,69,,,30,69,80,240,7,7,12,15,21,95,174,32,61,61,12,36,22,250,83,38,20,58,179,,92,,,28,318,327,291,297,285,233,278,337,313,324,284,85,68,265,68,54,269,294,318,288,250,203,305,29,227,205,199,19,207,82,289,152,44,76,140,26,5,299,161,,,119,277,,,30,291,6,231,34,256,294,228,227,154,323,278,57,41,40,171,247,170,84,114,235,66,16,280,,186,,,"b""\x11\xe8\xe1I\xc9'\xfbv\xaf\x82\x12\xdf\x17\xaeN\x1e"""
11E8E149-C927-FB76-AF82-12DF17AE4E1E,2022-ncaa-d1-ncaatournament,ncaa,9,2,9,9,9,9,10,10,7,9,10,11,11,12,15,44,4,6,16,6,10,10,11,8,7,3,35,41,17,13,26,14,48,11,32,14,53,42,7,9,9,14,23,36,,,57,23,,,7,10,18,5,2,3,22,8,20,25,39,3,6,4,15,21,33,29,28,23,9,10,37,,28,,,4,59,59,60,26,55,55,34,65,62,32,62,46,47,37,46,9,58,57,30,29,27,43,54,8,62,48,58,26,58,32,59,25,10,28,31,46,13,56,42,,,10,12,,,7,58,1,35,6,32,37,58,28,28,49,61,10,9,8,47,52,53,21,37,37,21,11,50,,10,,,"b""\x11\xe8\xe1I\xc9'\xfbv\xaf\x82\x12\xdf\x17\xaeN\x1e"""
11E8E149-C927-FB76-AF82-12DF17AE4E1E,2023-ncaa-d0-natl,ncaa,15,20,17,22,28,10,9,10,34,10,8,78,51,92,20,245,14,37,13,36,221,13,18,41,32,22,219,202,172,61,155,59,285,50,223,13,88,157,20,14,8,23,69,104,,,313,85,,,33,12,21,357,11,10,19,15,28,91,175,36,96,91,21,51,140,174,153,15,40,16,106,,180,,,37,349,355,350,222,333,326,209,358,349,297,305,199,236,62,231,107,344,354,267,220,127,258,325,37,355,285,343,155,353,223,359,332,9,46,186,162,27,240,65,,,52,270,,,33,352,20,159,43,275,290,301,209,183,335,320,82,111,109,280,338,310,208,273,335,24,57,154,,173,,,"b""\x11\xe8\xe1I\xc9'\xfbv\xaf\x82\x12\xdf\x17\xaeN\x1e"""
11E8E149-C927-FB76-AF82-12DF17AE4E1E,2023-ncaa-d1-conf-Big Ten,ncaa,3,3,3,3,6,2,2,2,4,2,1,6,9,9,3,13,2,5,2,5,8,3,3,4,4,3,12,12,6,3,5,7,10,5,9,3,9,2,2,3,1,1,13,10,,,9,4,,,3,3,2,10,2,2,1,2,1,9,9,1,6,5,1,3,4,8,4,3,2,1,13,,8,,,3,5,7,9,6,2,4,6,14,13,9,14,1,3,1,3,8,8,11,9,7,2,12,14,2,12,10,10,5,11,9,12,11,1,1,2,3,1,3,2,,,6,9,,,3,12,3,2,3,5,6,8,2,3,14,13,1,2,2,5,12,11,8,10,11,1,3,4,,6,,,"b""\x11\xe8\xe1I\xc9'\xfbv\xaf\x82\x12\xdf\x17\xaeN\x1e"""
11E8E149-C927-FB76-AF82-12DF17AE4E1E,2023-ncaa-d1-natl,ncaa,15,20,18,22,32,11,10,11,34,11,8,85,61,112,21,246,17,44,12,42,221,14,18,44,34,22,214,204,170,78,166,69,299,58,240,13,91,128,21,15,10,25,80,108,,,298,87,,,34,13,23,357,11,10,23,15,30,97,179,36,95,94,21,55,151,185,173,15,40,19,109,,184,,,39,348,354,348,244,332,319,223,357,346,308,305,184,221,62,212,112,343,353,280,235,152,258,324,36,353,299,333,166,350,240,359,335,10,54,199,139,30,232,73,,,64,269,,,34,351,20,181,44,287,300,303,226,186,336,323,86,112,111,282,335,315,210,279,338,29,59,159,,175,,,"b""\x11\xe8\xe1I\xc9'\xfbv\xaf\x82\x12\xdf\x17\xaeN\x1e"""
11E8E149-C927-FB76-AF82-12DF17AE4E1E,2023-ncaa-d1-ncaatournament,ncaa,5,2,5,5,5,5,5,6,4,5,5,10,3,8,6,50,7,7,35,8,32,7,6,5,6,4,39,34,40,12,24,12,57,12,43,4,21,63,30,9,3,7,4,17,,,62,31,,,5,7,19,7,4,3,23,6,13,18,47,22,25,26,23,28,40,47,50,7,27,5,12,,37,,,8,62,65,63,42,66,65,41,54,54,33,14,59,62,7,62,20,63,64,40,33,18,12,18,20,67,57,61,24,64,43,66,35,3,5,18,61,28,48,13,,,8,50,,,5,62,4,27,8,33,46,40,51,53,17,14,20,29,29,34,58,54,9,35,44,2,32,14,,45,,,"b""\x11\xe8\xe1I\xc9'\xfbv\xaf\x82\x12\xdf\x17\xaeN\x1e"""
11E8E149-C927-FB76-AF82-12DF17AE4E1E,2024-ncaa-d0-natl,ncaa,106,127,52,123,82,22,27,34,49,19,14,118,142,235,21,324,8,17,32,17,150,25,25,83,59,51,248,282,68,64,86,76,197,56,117,34,104,222,68,53,119,219,216,270,,,290,120,,,94,21,22,243,20,25,29,12,15,180,279,11,23,22,20,24,91,94,76,33,145,165,250,,220,,,97,352,349,339,248,334,301,293,341,349,177,310,265,220,346,222,131,341,341,260,260,273,214,264,108,298,197,252,86,280,117,353,319,79,194,293,180,71,257,86,,,17,82,,,94,341,44,273,98,333,335,336,310,259,333,346,208,163,165,329,334,248,151,196,346,113,118,218,,27,,,"b""\x11\xe8\xe1I\xc9'\xfbv\xaf\x82\x12\xdf\x17\xaeN\x1e"""
11E8E149-C927-FB76-AF82-12DF17AE4E1E,2024-ncaa-d1-conf-Big Ten,ncaa,6,6,2,6,3,3,3,3,6,1,1,9,10,11,3,14,2,2,5,2,9,3,3,7,6,7,12,13,2,2,2,3,11,3,5,4,9,10,7,8,5,5,10,10,,,13,8,,,7,3,3,6,6,7,4,2,1,10,14,2,2,2,2,3,2,7,3,8,9,5,11,,11,,,7,13,12,12,3,10,11,7,11,12,3,10,12,10,13,10,9,13,13,6,7,4,12,9,10,14,11,12,2,14,5,11,10,2,4,6,7,6,8,2,,,2,4,,,7,12,7,7,7,8,7,10,5,7,10,12,10,8,7,10,12,10,7,10,10,4,8,7,,2,,,"b""\x11\xe8\xe1I\xc9'\xfbv\xaf\x82\x12\xdf\x17\xaeN\x1e"""
11E8E149-C927-FB76-AF82-12DF17AE4E1E,2024-ncaa-d1-natl,ncaa,123,129,78,133,112,27,34,43,55,23,17,130,169,258,22,324,10,25,33,25,147,34,36,87,59,52,247,282,54,85,102,98,216,76,133,42,109,192,71,60,146,240,233,274,,,272,125,,,118,34,24,237,20,26,32,14,16,187,283,11,25,24,23,25,105,105,87,38,148,180,255,,228,,,122,351,346,336,258,331,283,306,336,348,196,310,245,198,349,198,132,334,333,273,270,296,213,264,106,283,216,219,102,259,133,355,322,105,204,305,159,76,249,101,,,27,71,,,118,332,48,286,123,340,340,341,318,265,336,348,213,166,169,331,336,257,157,206,349,127,124,226,,25,,,"b""\x11\xe8\xe1I\xc9'\xfbv\xaf\x82\x12\xdf\x17\xaeN\x1e"""
11E8E149-C927-FB76-AF82-12DF17AE4E1E,2024-ncaa-d1-ncaatournament,ncaa,37,3,37,37,68,37,38,40,16,42,43,31,28,43,3,29,42,47,7,47,43,39,46,10,8,3,13,8,41,57,48,61,39,64,58,40,46,8,7,6,51,51,49,47,,,26,60,,,36,37,1,68,2,4,4,19,15,1,18,22,33,33,5,23,45,61,63,19,11,38,44,,62,,,39,32,27,17,67,27,18,67,27,21,56,40,19,25,11,24,53,25,26,67,66,64,37,42,35,9,39,17,48,13,58,40,65,41,19,53,1,1,21,45,,,53,48,,,36,32,2,60,34,68,63,31,62,29,57,44,51,57,56,48,57,15,47,29,68,14,1,48,,44,,,"b""\x11\xe8\xe1I\xc9'\xfbv\xaf\x82\x12\xdf\x17\xaeN\x1e"""
11E8E149-C927-FB76-AF82-12DF17AE4E1E,2025-ncaa-d0-natl,genius_ncaa,39,37,54,44,60,24,32,53,21,26,30,56,131,211,24,309,5,6,33,7,45,38,33,34,19,26,210,287,34,34,15,47,119,30,12,67,253,289,120,125,181,279,78,122,,,288,143,,335,54,38,40,58,10,22,59,16,42,163,262,2,4,4,29,22,43,60,24,81,200,243,94,,215,,324,53,340,337,327,224,324,319,204,301,299,238,189,277,296,111,301,191,329,325,224,209,226,179,203,141,254,119,77,15,145,12,324,201,111,223,236,243,122,296,152,,,11,36,,67,54,327,17,209,60,297,301,316,285,290,272,253,215,233,243,320,313,200,16,45,280,159,178,268,,12,,83,"b""\x11\xe8\xe1I\xc9'\xfbv\xaf\x82\x12\xdf\x17\xaeN\x1e"""
11E8E149-C927-FB76-AF82-12DF17AE4E1E,2025-ncaa-d1-conf-Big Ten,genius_ncaa,4,3,9,4,10,7,8,10,5,6,5,8,9,12,7,14,2,2,4,2,2,8,6,7,4,4,8,14,2,4,2,8,12,6,4,15,17,12,11,15,15,16,7,9,,,10,9,,13,10,6,3,5,2,5,6,4,4,9,12,2,2,2,4,2,4,6,3,15,14,15,6,,11,,14,10,14,10,11,9,8,9,7,11,12,12,10,14,14,7,15,15,13,12,9,8,11,15,11,14,14,12,4,2,5,4,7,5,8,10,10,7,9,14,10,,,2,1,,5,10,13,3,10,10,13,12,17,10,13,12,13,15,16,16,17,15,16,3,6,9,7,11,12,,1,,4,"b""\x11\xe8\xe1I\xc9'\xfbv\xaf\x82\x12\xdf\x17\xaeN\x1e"""
11E8E149-C927-FB76-AF82-12DF17AE4E1E,2025-ncaa-d1-natl,genius_ncaa,44,37,72,45,77,29,43,64,21,29,41,56,148,229,23,309,6,8,34,9,43,46,43,34,19,29,208,286,32,43,15,61,123,36,14,82,256,262,125,134,218,290,81,128,,,270,150,,330,61,53,41,55,11,23,64,17,47,169,265,2,5,5,29,25,48,65,26,86,203,254,99,,218,,327,58,335,333,324,231,318,312,218,294,290,247,181,257,283,118,285,192,323,310,238,216,239,176,201,145,240,123,54,15,113,14,321,205,132,235,251,219,129,291,162,,,14,31,,71,61,312,18,228,66,304,306,320,295,296,274,255,220,239,249,323,311,206,16,47,285,169,179,276,,11,,79,"b""\x11\xe8\xe1I\xc9'\xfbv\xaf\x82\x12\xdf\x17\xaeN\x1e"""
11E8E149-C927-FB76-AF82-12DF17AE4E1E,2025-ncaa-d1-ncaatournament,genius_ncaa,9,2,9,9,9,8,11,11,25,11,10,39,10,12,3,53,6,8,9,6,11,10,10,25,12,13,15,36,10,11,13,13,32,13,18,14,49,59,31,39,12,36,24,53,,,60,39,,38,15,10,13,3,4,9,12,18,7,16,41,2,3,2,7,2,13,23,13,29,44,25,47,,50,,13,16,63,63,60,44,63,58,48,56,58,26,32,62,63,36,62,46,61,60,40,41,38,25,24,43,58,32,56,13,56,18,62,25,11,30,27,58,27,59,32,,,7,8,,7,15,60,12,41,20,56,54,46,56,49,34,41,53,55,54,57,61,36,26,33,41,18,32,48,,1,,15,"b""\x11\xe8\xe1I\xc9'\xfbv\xaf\x82\x12\xdf\x17\xaeN\x1e"""
11E8E149-C927-FB76-AF82-12DF17AE4E1E,2026-ncaa-d0-natl,genius_ncaa,1,1,2,1,2,2,3,4,15,4,5,20,30,46,49,261,2,3,32,2,95,3,2,19,13,16,235,261,120,2,5,11,27,2,3,3,115,343,87,42,2,23,32,56,,,280,45,,305,3,3,120,21,11,15,40,13,42,103,179,13,29,24,23,20,14,69,20,24,155,23,73,,51,,179,11,300,282,340,38,210,322,22,339,331,228,254,242,228,291,226,81,335,357,49,49,24,315,326,149,233,27,205,5,216,3,179,49,3,19,8,314,87,310,108,,,3,150,,95,3,361,14,19,12,29,25,60,16,57,200,168,66,40,38,34,151,28,6,4,19,19,127,170,,65,,214,"b""\x11\xe8\xe1I\xc9'\xfbv\xaf\x82\x12\xdf\x17\xaeN\x1e"""
11E8E149-C927-FB76-AF82-12DF17AE4E1E,2026-ncaa-d1-conf-Big Ten,genius_ncaa,1,1,1,1,1,3,1,1,7,2,1,10,4,3,7,10,5,7,9,3,11,1,2,7,7,8,9,8,12,3,9,4,15,3,12,7,14,13,12,10,3,8,10,9,,,17,15,,9,9,1,5,1,3,1,1,2,1,4,3,5,7,3,1,2,3,4,3,7,13,3,10,,17,,9,9,15,8,17,6,5,10,4,17,18,14,13,17,17,11,17,17,17,18,9,11,9,18,15,17,18,15,14,9,18,12,13,16,3,6,8,15,12,10,9,,,6,16,,11,9,17,9,11,10,15,8,17,5,10,17,18,17,17,17,17,18,18,14,18,13,3,15,10,,6,,11,"b""\x11\xe8\xe1I\xc9'\xfbv\xaf\x82\x12\xdf\x17\xaeN\x1e"""
11E8E149-C927-FB76-AF82-12DF17AE4E1E,2026-ncaa-d1-natl,genius_ncaa,1,1,2,1,2,3,4,7,15,4,7,24,42,65,51,262,2,3,27,2,90,3,2,20,13,17,223,254,105,2,6,14,30,4,3,4,124,326,98,50,7,28,40,62,,,243,50,,292,4,3,135,19,12,17,57,14,52,119,193,12,33,27,31,29,25,86,26,27,164,32,82,,55,,189,11,266,242,329,49,170,302,25,331,316,260,251,208,181,301,179,88,321,351,69,73,32,313,325,143,190,30,150,6,159,3,141,54,5,28,14,290,89,298,126,,,3,133,,112,4,359,14,21,12,38,34,70,19,64,224,165,77,47,48,44,141,32,6,4,25,30,131,189,,65,,201,"b""\x11\xe8\xe1I\xc9'\xfbv\xaf\x82\x12\xdf\x17\xaeN\x1e"""
11E8E149-C92C-72DC-AF82-12DF17AE4E1E,2010-ncaa-d0-natl,ncaa,242,251,178,251,182,242,292,307,214,325,329,254,75,111,52,41,133,193,28,190,16,300,294,136,94,149,7,31,41,280,175,199,203,243,144,143,6,163,270,147,281,253,152,123,,,21,39,,,253,293,326,50,253,311,330,333,333,57,90,105,174,172,325,319,285,192,260,119,194,275,155,,25,,,251,147,175,187,145,80,70,193,315,318,177,331,50,27,324,24,66,145,67,203,192,317,285,327,44,167,203,17,175,45,144,319,335,339,341,344,106,206,111,269,,,306,255,,,253,49,170,324,254,186,208,242,101,57,327,330,59,35,35,182,41,194,29,53,326,342,133,125,,318,,,"b'\x11\xe8\xe1I\xc9,r\xdc\xaf\x82\x12\xdf\x17\xaeN\x1e'"
11E8E149-C92C-72DC-AF82-12DF17AE4E1E,2010-ncaa-d1-conf-Atlantic 10,ncaa,9,9,9,9,9,10,10,11,6,12,12,8,2,7,2,3,10,11,3,11,5,11,11,3,4,5,2,2,8,8,5,10,12,10,7,7,1,9,12,5,11,7,7,4,,,2,4,,,10,12,14,4,10,11,11,12,12,1,6,10,11,11,12,11,9,10,10,4,9,8,6,,3,,,10,13,12,8,8,6,4,9,13,13,9,13,4,3,12,3,5,7,4,10,10,13,13,13,3,10,12,1,5,2,7,14,14,14,14,14,5,8,4,10,,,14,14,,,10,4,5,14,10,13,13,10,7,3,13,13,5,2,2,9,3,10,2,4,14,14,7,4,,14,,,"b'\x11\xe8\xe1I\xc9,r\xdc\xaf\x82\x12\xdf\x17\xaeN\x1e'"
11E8E149-C92C-72DC-AF82-12DF17AE4E1E,2010-ncaa-d1-natl,ncaa,250,251,191,257,197,256,308,326,218,333,333,264,81,114,55,41,139,199,27,194,16,317,321,141,95,153,7,30,40,294,180,220,205,263,151,151,6,151,271,153,290,257,161,125,,,13,41,,,257,319,326,47,256,314,334,336,334,57,90,104,174,169,327,322,287,195,265,122,193,281,159,,24,,,257,130,159,174,149,71,54,201,313,312,181,330,43,25,324,22,69,126,37,208,196,319,285,327,44,149,205,10,180,25,151,315,335,342,341,344,99,206,108,272,,,317,251,,,257,23,172,324,265,192,211,244,106,59,328,330,60,36,36,184,40,196,29,55,329,342,133,128,,318,,,"b'\x11\xe8\xe1I\xc9,r\xdc\xaf\x82\x12\xdf\x17\xaeN\x1e'"
11E8E149-C92C-72DC-AF82-12DF17AE4E1E,2011-ncaa-d0-natl,ncaa,296,314,170,307,206,181,205,264,122,273,299,188,50,113,7,63,219,242,122,243,112,267,234,66,66,135,25,22,213,275,235,189,273,244,240,55,3,254,290,98,317,328,226,236,,,97,89,,,276,216,186,177,165,204,273,287,303,26,91,210,240,249,281,247,274,170,250,25,268,324,227,,113,,,274,273,296,264,258,249,187,284,300,297,222,294,128,152,80,143,145,253,165,282,250,325,190,268,70,270,273,77,235,156,240,339,335,313,335,341,282,308,263,324,,,258,241,,,276,130,165,327,272,307,311,309,274,214,318,319,143,164,160,300,223,292,93,184,334,327,286,269,,265,,,"b'\x11\xe8\xe1I\xc9,r\xdc\xaf\x82\x12\xdf\x17\xaeN\x1e'"
11E8E149-C92C-72DC-AF82-12DF17AE4E1E,2011-ncaa-d1-conf-Atlantic 10,ncaa,11,11,7,11,7,10,9,12,7,10,11,9,5,8,2,4,8,9,4,9,5,11,9,7,6,9,3,3,5,8,6,10,14,8,6,7,1,12,13,9,12,13,10,10,,,5,4,,,9,9,9,2,8,8,12,11,12,3,6,8,9,9,9,9,8,10,7,4,14,12,10,,7,,,9,12,12,10,11,12,7,12,12,13,8,12,5,5,7,5,6,10,6,11,11,12,7,12,2,14,14,1,6,7,6,13,14,12,14,14,14,14,11,10,,,12,9,,,9,5,9,14,10,12,13,14,12,10,13,14,7,7,7,14,10,14,2,8,13,13,14,11,,12,,,"b'\x11\xe8\xe1I\xc9,r\xdc\xaf\x82\x12\xdf\x17\xaeN\x1e'"
11E8E149-C92C-72DC-AF82-12DF17AE4E1E,2011-ncaa-d1-natl,ncaa,305,314,199,313,238,200,228,286,125,291,310,196,58,127,7,63,235,253,122,254,112,291,267,68,73,140,23,21,212,286,243,212,277,260,245,57,3,244,293,100,327,329,239,240,,,77,91,,,285,251,191,168,171,216,276,288,306,29,94,213,242,248,283,251,280,175,253,25,269,327,232,,112,,,279,262,287,248,263,234,160,288,298,292,223,290,118,145,85,137,141,231,133,283,259,327,190,266,66,260,277,56,243,130,245,337,335,326,337,342,273,309,261,328,,,275,239,,,285,95,172,331,277,310,315,309,277,215,318,319,143,165,161,301,221,295,96,185,336,329,286,273,,266,,,"b'\x11\xe8\xe1I\xc9,r\xdc\xaf\x82\x12\xdf\x17\xaeN\x1e'"
11E8E149-C92C-72DC-AF82-12DF17AE4E1E,2012-ncaa-d0-natl,ncaa,279,278,240,283,260,276,230,288,115,246,264,167,150,209,32,136,331,326,275,326,312,304,303,103,148,212,180,78,333,328,309,233,266,293,280,72,4,193,295,99,315,317,220,236,,,105,158,,,283,275,211,160,263,201,274,222,250,125,180,332,327,324,303,276,327,183,285,32,248,309,214,,162,,,283,174,180,180,193,177,188,161,196,156,253,159,121,96,247,93,89,160,91,195,196,270,165,207,108,220,266,72,309,127,280,230,245,320,323,323,233,301,205,269,,,327,303,,,283,65,259,288,288,244,256,279,250,276,231,209,171,147,147,269,174,276,148,219,269,313,269,232,,322,,,"b'\x11\xe8\xe1I\xc9,r\xdc\xaf\x82\x12\xdf\x17\xaeN\x1e'"
11E8E149-C92C-72DC-AF82-12DF17AE4E1E,2012-ncaa-d1-conf-Atlantic 10,ncaa,12,10,13,12,13,12,12,13,7,12,13,8,7,9,4,5,12,11,14,11,8,13,13,6,9,11,5,3,13,14,12,11,11,13,12,7,1,10,13,9,13,13,8,7,,,3,3,,,13,11,3,9,10,9,11,10,11,4,6,12,11,11,13,8,12,9,12,3,13,11,5,,10,,,13,10,9,4,10,5,5,10,11,8,13,9,6,7,4,6,11,5,3,11,11,12,11,11,6,9,11,5,12,7,12,13,12,12,11,12,12,13,13,14,,,11,9,,,13,3,13,13,13,14,14,13,12,10,12,12,11,12,11,13,13,12,11,12,13,9,13,13,,11,,,"b'\x11\xe8\xe1I\xc9,r\xdc\xaf\x82\x12\xdf\x17\xaeN\x1e'"
11E8E149-C92C-72DC-AF82-12DF17AE4E1E,2012-ncaa-d1-natl,ncaa,286,277,286,287,298,289,255,309,123,267,290,176,158,221,35,133,336,330,275,329,312,324,323,109,152,219,176,76,333,333,314,260,268,313,289,77,4,170,298,102,325,321,232,239,,,86,161,,,289,302,216,158,268,209,275,234,255,123,180,332,327,326,305,278,328,190,290,33,249,313,221,,167,,,293,157,170,153,201,163,165,171,182,140,256,158,111,91,250,89,90,130,63,198,198,275,162,205,109,201,268,51,314,104,289,218,246,329,324,324,223,303,187,274,,,331,303,,,289,36,263,294,294,248,260,281,252,279,232,208,176,151,149,270,171,274,153,225,273,316,265,234,,322,,,"b'\x11\xe8\xe1I\xc9,r\xdc\xaf\x82\x12\xdf\x17\xaeN\x1e'"
11E8E149-C92C-72DC-AF82-12DF17AE4E1E,2013-ncaa-d0-natl,ncaa,334,332,251,335,300,275,256,273,215,258,265,224,193,196,158,138,320,301,303,302,269,283,227,208,243,301,175,115,289,240,173,236,182,245,172,173,54,327,337,272,255,256,117,106,,,192,263,,,320,212,94,338,268,243,231,231,239,162,163,312,285,285,258,135,195,185,189,129,340,234,94,,271,,,322,238,203,133,264,251,175,291,77,120,51,109,315,290,340,293,287,171,113,228,284,316,128,35,309,122,182,79,173,86,172,288,317,300,304,333,335,341,241,287,,,316,320,,,320,121,308,310,321,301,269,233,301,266,104,166,329,307,311,280,212,178,157,167,316,281,342,272,,296,,,"b'\x11\xe8\xe1I\xc9,r\xdc\xaf\x82\x12\xdf\x17\xaeN\x1e'"
11E8E149-C92C-72DC-AF82-12DF17AE4E1E,2013-ncaa-d1-conf-Atlantic 10,ncaa,15,15,14,15,15,14,14,13,13,15,13,13,9,8,12,4,14,14,14,14,6,13,12,12,13,15,4,6,8,12,8,10,12,11,9,13,5,16,15,15,13,15,8,7,,,11,16,,,15,12,2,15,13,14,10,14,12,8,5,11,9,9,10,4,8,6,6,10,16,13,7,,16,,,15,13,8,5,13,10,7,14,6,7,7,6,16,14,14,15,16,8,3,12,14,16,9,6,16,6,12,4,8,4,9,11,14,15,16,16,16,14,11,13,,,15,14,,,15,3,15,16,15,16,16,16,16,16,8,10,16,16,16,16,16,15,11,11,16,15,16,13,,11,,,"b'\x11\xe8\xe1I\xc9,r\xdc\xaf\x82\x12\xdf\x17\xaeN\x1e'"
11E8E149-C92C-72DC-AF82-12DF17AE4E1E,2013-ncaa-d1-natl,ncaa,335,331,292,336,326,296,277,293,220,274,280,230,198,207,161,140,323,309,303,311,264,302,256,216,248,302,177,114,289,252,179,261,187,274,177,185,56,318,338,276,271,262,120,107,,,177,265,,,322,244,96,340,273,249,235,237,243,162,164,313,288,287,264,143,203,192,193,138,341,240,94,,272,,,324,225,185,104,269,238,146,294,65,107,52,107,312,281,342,284,287,147,83,235,288,318,125,37,308,108,187,60,179,62,177,280,317,309,307,333,333,341,234,292,,,328,320,,,322,92,310,316,324,306,271,234,302,268,107,167,332,309,314,284,212,187,158,170,318,286,343,273,,297,,,"b'\x11\xe8\xe1I\xc9,r\xdc\xaf\x82\x12\xdf\x17\xaeN\x1e'"
11E8E149-C92C-72DC-AF82-12DF17AE4E1E,2014-ncaa-d0-natl,ncaa,337,345,131,342,145,231,236,155,296,160,84,304,302,279,313,296,142,94,299,91,157,136,110,320,316,312,280,304,67,194,269,185,237,185,283,185,107,298,265,257,326,342,211,260,,,271,218,,,346,89,47,122,278,267,161,167,75,312,290,144,75,70,123,83,204,198,209,205,289,332,221,,276,,,345,340,338,297,318,335,300,306,276,214,316,134,306,274,326,266,171,304,263,316,320,341,132,151,177,243,237,307,269,302,283,345,336,255,314,348,290,251,302,251,,,105,145,,,346,258,322,338,344,340,338,326,333,319,274,213,301,271,265,328,296,230,312,299,345,281,277,310,,99,,,"b'\x11\xe8\xe1I\xc9,r\xdc\xaf\x82\x12\xdf\x17\xaeN\x1e'"
11E8E149-C92C-72DC-AF82-12DF17AE4E1E,2014-ncaa-d1-conf-Atlantic 10,ncaa,13,12,10,13,11,10,9,8,11,6,4,11,12,12,13,12,8,6,11,6,6,6,5,11,11,11,12,13,3,7,10,12,13,9,13,8,5,13,13,9,10,12,6,10,,,11,7,,,13,5,2,4,9,8,6,4,2,12,12,7,3,3,4,3,4,11,7,7,13,10,5,,12,,,13,13,13,12,13,13,12,13,8,9,11,6,12,12,11,12,8,11,12,13,13,13,5,5,9,13,13,10,10,12,13,13,13,9,10,13,13,13,13,12,,,8,8,,,13,10,12,13,13,13,13,13,13,13,12,10,13,12,12,13,13,13,12,13,13,8,13,13,,4,,,"b'\x11\xe8\xe1I\xc9,r\xdc\xaf\x82\x12\xdf\x17\xaeN\x1e'"
11E8E149-C92C-72DC-AF82-12DF17AE4E1E,2014-ncaa-d1-natl,ncaa,341,344,145,343,163,251,254,180,300,179,98,307,307,284,316,295,160,101,298,96,158,155,133,320,317,315,278,303,66,209,275,209,245,213,293,207,108,285,269,266,335,343,228,263,,,256,219,,,346,100,48,114,279,271,162,169,79,310,292,152,79,73,129,87,211,208,217,210,291,334,225,,279,,,346,340,337,286,323,332,294,310,268,198,319,133,297,264,333,256,172,297,253,319,325,344,129,150,175,220,245,301,275,292,293,345,335,278,319,348,274,252,299,258,,,118,140,,,346,245,325,341,345,340,339,326,335,320,278,214,303,274,266,328,296,237,315,303,345,281,276,315,,98,,,"b'\x11\xe8\xe1I\xc9,r\xdc\xaf\x82\x12\xdf\x17\xaeN\x1e'"
11E8E149-C92C-72DC-AF82-12DF17AE4E1E,2015-ncaa-d0-natl,ncaa,232,238,172,240,211,234,224,277,120,166,144,203,287,323,56,323,159,88,330,89,99,245,218,169,186,226,273,285,91,258,241,156,54,210,130,146,64,233,278,195,199,189,290,275,,,238,287,,,241,199,164,187,239,231,302,145,128,290,326,141,54,58,261,226,271,124,206,128,257,202,297,,260,,,238,149,103,122,141,60,51,182,271,289,155,309,244,236,237,238,301,132,124,181,202,212,320,291,262,46,54,129,241,74,130,284,340,215,216,278,214,246,68,62,,,70,11,,,241,165,252,178,234,177,121,134,62,44,286,306,260,247,250,160,123,52,144,87,298,224,228,70,,23,,,"b'\x11\xe8\xe1I\xc9,r\xdc\xaf\x82\x12\xdf\x17\xaeN\x1e'"
11E8E149-C92C-72DC-AF82-12DF17AE4E1E,2015-ncaa-d1-conf-Atlantic 10,ncaa,10,10,5,10,7,8,5,10,4,6,7,5,11,12,2,12,8,7,13,7,8,9,7,5,9,10,10,11,8,7,8,7,4,8,6,5,4,14,13,10,8,8,13,13,,,13,14,,,12,7,6,6,10,6,10,5,6,11,12,9,8,8,10,8,9,11,10,5,13,8,13,,14,,,12,12,8,6,10,6,3,11,12,14,7,13,14,14,11,14,14,8,8,11,12,13,13,10,13,3,4,6,8,3,6,14,13,9,10,13,13,13,5,6,,,4,4,,,12,8,12,11,12,12,9,4,5,1,10,13,14,14,14,11,7,3,5,4,13,9,13,5,,3,,,"b'\x11\xe8\xe1I\xc9,r\xdc\xaf\x82\x12\xdf\x17\xaeN\x1e'"
11E8E149-C92C-72DC-AF82-12DF17AE4E1E,2015-ncaa-d1-natl,ncaa,243,238,209,247,248,261,256,309,128,189,170,207,295,326,59,322,181,105,330,108,94,279,262,175,193,233,273,285,88,282,254,183,56,247,140,167,68,218,282,205,224,199,301,277,,,218,289,,,251,242,167,174,251,240,304,153,137,290,324,141,54,59,268,230,272,132,218,133,259,213,300,,263,,,252,116,74,83,156,50,32,192,262,274,164,305,233,224,239,228,301,93,76,193,212,227,318,289,263,29,56,98,254,50,140,279,339,245,225,286,197,247,60,66,,,86,10,,,251,119,259,196,247,190,130,134,72,43,285,303,264,252,254,163,122,53,148,90,303,229,234,71,,25,,,"b'\x11\xe8\xe1I\xc9,r\xdc\xaf\x82\x12\xdf\x17\xaeN\x1e'"
11E8E149-C92C-72DC-AF82-12DF17AE4E1E,2016-ncaa-d0-natl,ncaa,221,228,175,231,185,174,151,165,134,90,62,204,302,327,143,330,157,140,221,143,242,165,170,208,200,187,316,316,140,224,240,179,205,196,224,166,176,151,155,148,182,187,201,213,,,167,163,,,206,148,124,56,149,120,139,62,26,304,326,136,125,128,131,134,217,161,189,148,174,170,193,,194,,,206,201,177,205,150,187,183,199,147,217,54,204,261,212,338,213,204,205,193,134,176,198,188,133,255,203,205,201,240,204,224,320,341,212,224,308,188,189,197,102,,,193,196,,,206,187,199,207,215,233,208,243,221,205,173,244,280,232,229,242,245,220,227,234,327,201,205,208,,179,,,"b'\x11\xe8\xe1I\xc9,r\xdc\xaf\x82\x12\xdf\x17\xaeN\x1e'"
11E8E149-C92C-72DC-AF82-12DF17AE4E1E,2016-ncaa-d1-conf-Atlantic 10,ncaa,10,10,4,10,4,5,5,4,5,3,3,8,11,11,7,12,8,7,10,7,11,4,4,7,10,11,11,12,9,6,7,6,10,5,9,7,12,11,7,11,8,9,8,10,,,12,9,,,9,3,3,1,5,4,5,3,4,11,12,7,5,5,5,4,7,6,6,7,10,8,9,,11,,,9,14,11,12,7,12,9,12,6,10,1,9,13,13,13,13,11,12,12,8,10,9,7,5,13,10,10,11,7,11,9,14,14,7,9,12,10,7,11,8,,,6,9,,,9,11,10,10,9,12,11,12,13,8,7,10,13,13,13,12,12,9,11,10,13,9,10,12,,7,,,"b'\x11\xe8\xe1I\xc9,r\xdc\xaf\x82\x12\xdf\x17\xaeN\x1e'"
11E8E149-C92C-72DC-AF82-12DF17AE4E1E,2016-ncaa-d1-natl,ncaa,234,227,218,238,229,206,173,202,149,109,74,216,309,332,148,327,166,157,220,159,243,203,206,212,207,195,311,315,135,247,245,217,213,235,235,194,179,122,158,156,210,199,218,219,,,134,169,,,221,190,126,52,160,132,145,69,31,304,325,139,129,131,142,136,222,168,200,160,175,182,200,,193,,,221,178,157,176,161,168,148,208,134,200,60,202,249,196,341,195,204,175,150,150,185,211,180,130,256,173,213,173,245,172,235,316,342,240,231,315,170,189,188,116,,,223,191,,,221,145,209,218,233,237,215,247,230,207,174,242,284,233,229,245,245,227,234,238,327,212,204,219,,180,,,"b'\x11\xe8\xe1I\xc9,r\xdc\xaf\x82\x12\xdf\x17\xaeN\x1e'"
11E8E149-C92C-72DC-AF82-12DF17AE4E1E,2017-ncaa-d0-natl,ncaa,284,283,234,288,251,309,319,311,290,271,181,326,306,340,59,330,167,173,171,178,163,299,288,306,289,297,206,269,27,239,189,258,319,263,256,264,113,207,292,271,240,219,177,123,,,12,13,,,291,291,283,101,310,316,314,260,135,302,334,129,125,131,290,272,217,224,240,260,264,216,153,,18,,,290,97,129,194,88,16,46,58,340,328,306,342,7,8,149,7,33,133,91,173,116,177,339,347,9,310,319,59,189,172,256,337,349,261,237,337,293,323,343,344,,,274,214,,,291,52,298,252,294,180,195,291,40,60,347,344,13,15,13,211,172,330,118,232,345,244,304,347,,260,,,"b'\x11\xe8\xe1I\xc9,r\xdc\xaf\x82\x12\xdf\x17\xaeN\x1e'"
11E8E149-C92C-72DC-AF82-12DF17AE4E1E,2017-ncaa-d1-conf-Atlantic 10,ncaa,13,13,8,13,9,14,14,14,13,14,10,14,9,11,1,10,7,9,6,9,6,14,11,11,8,13,4,8,2,12,10,13,13,13,12,12,7,14,14,14,11,9,10,11,,,1,1,,,13,10,9,2,14,14,14,14,9,9,11,5,6,6,14,10,12,13,13,11,14,9,10,,1,,,13,9,11,10,8,2,3,7,14,14,13,14,2,2,8,2,2,7,6,12,10,11,14,14,2,14,13,1,10,6,12,14,14,11,11,14,14,14,14,14,,,12,9,,,13,4,14,13,13,12,13,14,3,3,14,14,2,2,2,12,11,14,4,10,14,9,14,14,,12,,,"b'\x11\xe8\xe1I\xc9,r\xdc\xaf\x82\x12\xdf\x17\xaeN\x1e'"
11E8E149-C92C-72DC-AF82-12DF17AE4E1E,2017-ncaa-d1-natl,ncaa,283,282,217,287,244,307,318,316,291,277,178,328,300,336,47,331,157,177,146,178,174,307,296,303,286,296,203,264,26,235,180,254,317,265,249,262,96,216,290,268,242,221,179,126,,,10,13,,,291,304,286,101,309,318,315,266,137,300,334,130,139,146,300,276,215,225,238,249,261,223,161,,17,,,291,97,123,195,82,17,43,51,344,332,311,343,6,8,163,7,32,125,89,172,118,170,342,347,7,304,317,55,180,170,249,341,349,256,233,335,295,325,344,344,,,282,220,,,291,43,297,243,291,166,189,286,28,52,347,345,10,11,10,200,155,325,111,227,346,240,302,347,,268,,,"b'\x11\xe8\xe1I\xc9,r\xdc\xaf\x82\x12\xdf\x17\xaeN\x1e'"
11E8E149-C92C-72DC-AF82-12DF17AE4E1E,2018-ncaa-d0-natl,ncaa,222,189,295,218,301,236,217,224,207,214,183,251,191,240,95,205,282,288,200,290,303,239,278,206,222,201,203,150,257,155,107,225,235,189,146,195,143,58,130,131,204,163,225,190,,,26,71,,,183,307,200,92,172,150,103,142,96,153,187,254,243,249,122,129,83,105,79,134,132,160,202,,93,,,183,64,60,128,48,13,35,45,302,301,220,337,45,19,323,20,104,88,59,92,87,140,341,344,91,187,235,85,107,99,146,300,347,269,230,322,61,113,344,340,,,326,321,,,183,47,164,182,179,168,145,277,32,82,333,340,112,63,57,242,210,275,181,224,341,222,128,349,,304,,,"b'\x11\xe8\xe1I\xc9,r\xdc\xaf\x82\x12\xdf\x17\xaeN\x1e'"
11E8E149-C92C-72DC-AF82-12DF17AE4E1E,2018-ncaa-d1-conf-Atlantic 10,ncaa,10,10,8,10,10,11,8,8,8,8,8,10,8,9,7,8,14,13,13,13,14,8,9,8,9,9,10,6,14,5,4,7,11,6,6,7,3,8,7,7,6,6,8,4,,,2,4,,,9,11,9,5,8,7,4,7,4,6,7,14,13,13,6,5,3,5,3,5,9,6,7,,5,,,9,7,4,10,2,1,3,2,13,14,7,13,6,6,8,5,7,10,6,4,3,7,14,14,6,12,11,6,4,8,6,14,14,11,11,14,10,11,14,14,,,14,14,,,9,5,9,9,9,8,8,13,2,6,13,14,6,6,6,12,11,13,7,9,14,9,11,14,,14,,,"b'\x11\xe8\xe1I\xc9,r\xdc\xaf\x82\x12\xdf\x17\xaeN\x1e'"
11E8E149-C92C-72DC-AF82-12DF17AE4E1E,2018-ncaa-d1-natl,ncaa,203,188,213,204,236,163,142,156,146,152,132,214,136,200,58,194,256,267,163,270,308,185,217,137,153,123,193,137,275,101,71,156,177,129,93,124,116,66,85,90,176,150,223,177,,,34,52,,,116,257,194,94,108,93,73,109,83,111,173,239,242,249,98,117,71,90,60,91,107,155,209,,70,,,115,81,71,185,42,14,41,42,317,324,203,342,48,25,320,25,96,127,106,83,76,113,340,344,82,187,177,88,71,116,93,317,347,235,214,310,67,89,344,333,,,314,329,,,116,95,100,132,115,139,130,264,26,54,332,342,81,48,48,208,197,235,142,178,336,211,97,345,,311,,,"b'\x11\xe8\xe1I\xc9,r\xdc\xaf\x82\x12\xdf\x17\xaeN\x1e'"
11E8E149-C92C-72DC-AF82-12DF17AE4E1E,2019-ncaa-d0-natl,ncaa,146,180,80,165,90,149,147,141,170,160,150,199,128,153,95,172,161,180,132,168,185,146,162,153,157,142,144,141,186,240,257,92,54,143,145,161,189,138,130,146,187,187,260,252,,,189,202,,,146,137,280,124,194,209,231,226,214,146,193,201,223,215,236,287,275,114,199,191,98,214,287,,139,,,148,166,165,216,106,59,83,113,335,322,247,343,54,69,72,66,129,191,182,183,144,172,329,346,51,81,54,224,257,165,145,318,345,194,193,292,77,101,301,274,,,186,196,,,146,203,161,140,148,97,108,120,22,22,329,321,43,51,46,79,56,54,151,90,302,237,70,281,,252,,,"b'\x11\xe8\xe1I\xc9,r\xdc\xaf\x82\x12\xdf\x17\xaeN\x1e'"
11E8E149-C92C-72DC-AF82-12DF17AE4E1E,2019-ncaa-d1-conf-Atlantic 10,ncaa,7,8,5,8,6,6,6,6,5,8,9,7,4,5,6,4,4,8,5,8,5,6,8,3,4,3,3,5,6,9,8,12,10,10,9,8,9,4,5,7,8,6,12,11,,,9,11,,,8,8,10,4,5,6,9,9,10,4,6,6,9,9,8,8,8,12,11,8,4,8,12,,11,,,8,11,12,9,11,3,2,11,14,14,11,14,5,5,9,5,8,9,8,12,12,13,13,14,4,7,10,6,8,7,9,14,14,8,7,14,8,7,12,12,,,11,12,,,8,7,4,12,8,10,9,7,2,2,14,14,5,4,4,7,5,6,5,4,12,8,8,10,,12,,,"b'\x11\xe8\xe1I\xc9,r\xdc\xaf\x82\x12\xdf\x17\xaeN\x1e'"
11E8E149-C92C-72DC-AF82-12DF17AE4E1E,2019-ncaa-d1-natl,ncaa,164,180,107,177,118,190,188,187,183,202,186,212,141,170,101,171,191,216,125,210,189,194,220,168,166,150,136,141,180,269,264,113,55,179,159,191,198,101,133,154,216,201,276,258,,,159,204,,,170,198,283,116,212,228,242,239,221,150,193,203,229,222,246,295,280,123,213,210,101,221,293,,138,,,171,130,134,180,119,43,48,121,325,317,261,341,47,58,76,56,131,141,118,204,161,190,331,346,50,57,55,184,264,122,159,312,346,233,204,304,62,103,287,282,,,227,195,,,170,141,178,156,174,111,119,124,25,22,330,321,42,52,48,79,57,54,156,97,309,250,71,283,,255,,,"b'\x11\xe8\xe1I\xc9,r\xdc\xaf\x82\x12\xdf\x17\xaeN\x1e'"
11E8E149-C92C-72DC-AF82-12DF17AE4E1E,2020-ncaa-d0-natl,ncaa,81,81,87,86,169,142,137,120,171,158,139,200,124,139,106,155,203,200,190,195,202,126,211,163,174,108,157,135,229,143,149,222,113,187,149,110,120,19,22,37,107,79,69,38,,,67,85,,,77,227,280,273,167,157,128,176,165,133,150,214,211,206,137,266,156,259,226,114,19,119,74,,50,,,77,76,72,90,110,32,45,108,256,253,234,311,68,40,327,41,126,66,96,157,157,99,309,322,119,59,113,187,149,127,149,286,343,110,67,206,27,36,293,268,,,237,216,,,77,115,91,82,75,55,48,44,25,21,251,237,64,33,35,25,35,41,161,105,270,124,26,288,,255,,,"b'\x11\xe8\xe1I\xc9,r\xdc\xaf\x82\x12\xdf\x17\xaeN\x1e'"
11E8E149-C92C-72DC-AF82-12DF17AE4E1E,2020-ncaa-d1-conf-Atlantic 10,ncaa,5,4,5,5,8,7,6,3,11,6,3,10,7,6,6,8,8,9,8,9,9,3,8,10,10,6,8,7,8,7,9,11,6,11,11,3,6,2,2,1,1,1,7,6,,,3,3,,,6,9,7,8,4,3,2,6,2,6,6,8,9,9,2,8,8,12,11,2,2,1,7,,3,,,6,6,7,4,11,6,3,12,10,10,9,13,3,3,9,3,8,3,6,11,12,9,7,12,3,2,6,13,9,7,11,14,14,1,1,7,2,3,12,8,,,9,12,,,6,6,6,5,6,7,7,3,8,2,9,9,3,4,4,2,5,3,13,8,14,1,3,13,,9,,,"b'\x11\xe8\xe1I\xc9,r\xdc\xaf\x82\x12\xdf\x17\xaeN\x1e'"
11E8E149-C92C-72DC-AF82-12DF17AE4E1E,2020-ncaa-d1-natl,ncaa,76,81,45,83,117,119,109,85,161,137,134,189,117,123,115,157,206,200,204,195,207,93,189,152,168,107,165,136,250,128,143,186,91,167,137,82,117,23,24,37,102,80,68,34,,,71,86,,,67,214,282,273,160,147,128,170,168,128,144,226,217,212,135,264,155,238,217,103,19,123,77,,47,,,70,84,78,106,95,32,43,106,271,279,213,319,78,54,329,54,132,72,103,142,145,98,318,324,128,53,91,199,143,142,137,280,342,109,75,205,28,31,287,258,,,243,232,,,67,128,83,77,67,54,44,46,23,18,254,253,69,36,37,24,31,43,156,95,257,135,21,276,,266,,,"b'\x11\xe8\xe1I\xc9,r\xdc\xaf\x82\x12\xdf\x17\xaeN\x1e'"
11E8E149-C92C-72DC-AF82-12DF17AE4E1E,2021-ncaa-d0-natl,ncaa,60,83,89,72,96,73,66,90,53,48,76,39,136,121,187,190,97,70,220,70,131,83,103,71,78,62,253,234,194,105,167,113,181,110,159,55,102,146,53,44,86,124,140,180,,,205,121,,,76,106,150,77,58,52,91,43,118,165,163,109,83,83,80,130,166,174,167,45,59,117,190,,138,,,79,236,233,236,157,184,197,144,289,281,245,284,214,187,303,184,162,230,232,191,209,163,284,283,147,238,181,234,167,236,159,292,303,68,111,191,192,113,106,42,,,78,97,,,76,233,64,162,84,181,164,171,103,93,282,268,161,119,120,155,198,182,162,157,257,101,127,49,,88,,,"b'\x11\xe8\xe1I\xc9,r\xdc\xaf\x82\x12\xdf\x17\xaeN\x1e'"
11E8E149-C92C-72DC-AF82-12DF17AE4E1E,2021-ncaa-d1-conf-Atlantic 10,ncaa,4,6,7,6,8,3,3,7,2,2,5,2,8,7,9,9,3,3,10,3,3,4,5,2,2,1,9,12,5,9,11,7,10,9,10,3,8,5,2,1,7,6,12,9,,,10,9,,,5,6,1,10,1,1,3,1,6,10,8,1,1,1,1,2,11,7,10,2,4,5,8,,11,,,5,10,9,9,9,9,9,8,9,9,9,8,10,10,13,10,8,9,9,9,10,9,7,7,11,10,10,8,11,8,10,11,12,4,6,10,6,5,4,2,,,3,1,,,5,9,2,9,5,12,11,10,12,9,10,11,12,10,11,10,12,11,6,8,12,3,6,3,,1,,,"b'\x11\xe8\xe1I\xc9,r\xdc\xaf\x82\x12\xdf\x17\xaeN\x1e'"
11E8E149-C92C-72DC-AF82-12DF17AE4E1E,2021-ncaa-d1-natl,ncaa,62,82,105,72,113,83,74,103,56,60,86,41,147,129,186,190,109,81,218,81,130,97,121,74,80,63,252,232,193,121,172,132,185,125,168,59,103,131,53,46,99,130,153,181,,,194,122,,,80,122,154,72,67,57,98,48,119,167,166,111,84,83,85,138,170,181,171,46,59,121,194,,140,,,84,221,217,217,167,174,185,161,285,272,248,282,208,178,304,176,163,212,216,205,216,176,283,282,151,227,185,219,172,223,168,287,303,83,114,201,180,117,102,45,,,89,95,,,80,216,65,176,88,188,171,175,110,94,280,268,160,121,124,159,194,186,164,163,264,106,129,52,,91,,,"b'\x11\xe8\xe1I\xc9,r\xdc\xaf\x82\x12\xdf\x17\xaeN\x1e'"
11E8E149-C92C-72DC-AF82-12DF17AE4E1E,2022-ncaa-d0-natl,ncaa,16,19,27,23,39,33,26,29,37,21,27,45,86,105,80,222,109,93,241,96,268,33,46,45,64,40,274,217,288,23,20,44,47,30,15,43,200,143,35,40,87,130,186,202,,,195,72,,,33,61,198,253,44,26,39,29,61,140,187,196,179,187,60,126,43,109,45,63,46,150,235,,51,,,38,280,289,307,134,166,200,141,351,347,283,341,63,92,31,99,99,293,291,201,143,149,310,346,22,145,47,191,20,168,15,317,288,93,171,235,124,43,223,71,,,135,306,,,33,298,24,112,33,126,150,169,53,41,330,332,19,30,33,119,107,53,29,20,236,201,48,128,,278,,,"b'\x11\xe8\xe1I\xc9,r\xdc\xaf\x82\x12\xdf\x17\xaeN\x1e'"
11E8E149-C92C-72DC-AF82-12DF17AE4E1E,2022-ncaa-d1-conf-Atlantic 10,ncaa,2,3,1,3,1,1,1,1,1,1,1,2,6,7,7,10,4,6,4,6,11,1,1,2,2,1,12,10,10,2,1,2,4,2,3,1,7,7,4,2,1,4,12,12,,,7,4,,,2,2,7,6,1,1,1,1,2,7,8,6,8,8,1,1,3,5,3,2,4,3,12,,5,,,2,9,9,10,8,6,6,7,14,14,11,13,7,7,2,7,8,8,11,11,9,6,14,13,5,5,4,7,1,5,3,12,11,2,4,7,7,5,10,5,,,8,13,,,2,12,1,5,2,7,5,6,4,3,13,11,6,7,7,5,6,3,3,2,9,3,5,8,,11,,,"b'\x11\xe8\xe1I\xc9,r\xdc\xaf\x82\x12\xdf\x17\xaeN\x1e'"
11E8E149-C92C-72DC-AF82-12DF17AE4E1E,2022-ncaa-d1-natl,ncaa,18,19,32,23,50,38,30,34,38,22,32,50,103,126,82,225,128,112,240,115,265,41,53,54,69,46,272,218,290,26,23,55,50,34,15,52,206,113,38,46,110,147,202,209,,,160,74,,,39,79,203,251,48,29,45,31,67,147,191,200,181,188,68,137,43,121,51,70,46,164,245,,53,,,45,256,272,298,147,149,160,156,349,341,284,341,51,76,33,80,100,279,270,213,164,163,308,348,22,122,50,157,23,128,15,311,290,121,186,248,106,43,208,77,,,153,302,,,39,285,26,133,37,136,162,172,57,46,331,332,23,31,35,123,103,53,31,21,241,208,49,142,,279,,,"b'\x11\xe8\xe1I\xc9,r\xdc\xaf\x82\x12\xdf\x17\xaeN\x1e'"
11E8E149-C92C-72DC-AF82-12DF17AE4E1E,2022-ncaa-d1-ncaatournament,ncaa,37,2,37,37,38,37,38,49,11,41,44,26,39,56,4,51,43,52,3,51,52,48,54,12,10,6,40,32,38,51,33,68,67,68,66,39,33,3,8,4,34,6,65,65,,,13,39,,,42,53,36,5,6,6,20,14,12,17,45,21,41,38,22,37,37,68,68,12,4,5,65,,40,,,45,28,30,11,66,28,15,66,20,15,59,29,19,15,46,15,41,10,13,65,66,63,23,32,28,21,67,5,33,9,66,19,34,44,25,48,9,26,13,24,,,58,55,,,42,10,4,66,49,63,65,22,61,39,42,27,46,42,42,27,34,40,19,25,54,23,21,23,,54,,,"b'\x11\xe8\xe1I\xc9,r\xdc\xaf\x82\x12\xdf\x17\xaeN\x1e'"
11E8E149-C92C-72DC-AF82-12DF17AE4E1E,2023-ncaa-d0-natl,ncaa,22,20,29,24,38,26,12,18,43,12,10,87,59,89,29,215,130,149,116,142,342,23,25,52,72,43,267,176,341,20,49,38,89,27,50,7,31,146,26,8,55,104,175,182,,,162,42,,,20,28,91,156,23,8,11,14,23,88,143,216,233,224,27,52,35,73,33,8,56,97,229,,60,,,19,295,299,325,104,151,192,121,360,355,221,354,81,82,205,82,83,310,326,169,134,93,335,357,29,238,89,296,49,294,50,350,346,35,77,222,169,40,232,70,,,144,340,,,20,329,26,81,26,133,154,226,44,47,347,349,30,31,33,154,223,127,153,133,314,82,82,169,,290,,,"b'\x11\xe8\xe1I\xc9,r\xdc\xaf\x82\x12\xdf\x17\xaeN\x1e'"
11E8E149-C92C-72DC-AF82-12DF17AE4E1E,2023-ncaa-d1-conf-Atlantic 10,ncaa,1,1,1,1,3,1,1,2,3,2,2,6,2,6,1,11,4,5,7,5,12,2,2,2,3,2,8,7,14,4,6,5,2,3,2,1,1,8,1,1,3,4,12,12,,,11,8,,,1,2,4,9,1,1,3,3,3,5,8,4,7,7,2,4,5,8,7,1,1,4,12,,7,,,1,11,13,10,8,8,5,12,13,13,7,14,4,3,12,3,6,10,13,9,10,6,12,13,3,4,2,10,6,7,2,15,15,3,4,9,7,2,6,4,,,7,11,,,1,14,1,5,1,5,7,6,3,1,11,12,2,2,2,3,7,3,6,2,12,4,4,6,,10,,,"b'\x11\xe8\xe1I\xc9,r\xdc\xaf\x82\x12\xdf\x17\xaeN\x1e'"
11E8E149-C92C-72DC-AF82-12DF17AE4E1E,2023-ncaa-d1-natl,ncaa,22,20,33,24,41,28,14,18,43,13,12,91,69,108,27,217,154,169,115,162,342,23,27,57,76,43,267,176,339,26,51,46,97,29,51,8,32,113,26,8,70,117,192,184,,,131,39,,,21,34,97,151,25,8,12,14,25,91,146,218,233,226,28,58,44,79,39,8,57,113,238,,61,,,21,283,287,315,119,118,147,133,359,355,235,353,67,66,213,65,86,296,316,192,156,115,335,357,28,220,97,275,51,271,51,349,346,51,89,237,145,43,225,77,,,173,340,,,21,322,27,96,27,150,164,227,48,48,350,350,35,34,36,160,216,131,159,142,316,91,82,175,,295,,,"b'\x11\xe8\xe1I\xc9,r\xdc\xaf\x82\x12\xdf\x17\xaeN\x1e'"
11E8E149-C92C-72DC-AF82-12DF17AE4E1E,2024-ncaa-d0-natl,ncaa,334,356,94,340,126,221,172,168,193,149,119,219,239,253,186,247,326,307,303,304,346,193,163,220,251,272,305,224,331,298,320,320,339,324,351,171,154,290,287,239,137,160,333,329,,,276,246,,,342,128,182,263,295,234,257,190,150,256,278,344,334,334,289,272,320,357,358,199,252,160,344,,237,,,333,319,284,179,334,243,106,340,317,268,334,277,335,314,349,309,321,210,247,351,356,331,321,257,286,260,339,263,320,272,351,346,349,76,83,251,317,315,58,33,,,263,304,,,342,232,306,336,334,307,260,93,186,35,312,242,322,286,283,136,200,234,217,231,340,87,294,40,,313,,,"b'\x11\xe8\xe1I\xc9,r\xdc\xaf\x82\x12\xdf\x17\xaeN\x1e'"
11E8E149-C92C-72DC-AF82-12DF17AE4E1E,2024-ncaa-d1-conf-Atlantic 10,ncaa,14,14,4,14,4,9,7,5,9,5,4,11,12,12,7,14,12,11,12,11,12,6,6,10,10,11,13,11,12,11,13,13,13,14,14,7,7,14,13,11,3,6,12,8,,,14,13,,,12,5,3,7,11,9,9,8,5,13,14,13,13,13,10,9,14,15,15,8,13,5,12,,14,,,12,13,10,9,12,8,5,13,13,13,10,11,15,15,11,15,15,11,11,14,15,13,14,9,14,12,13,14,13,14,14,15,14,2,4,11,14,14,3,1,,,9,11,,,12,11,12,13,12,13,11,7,9,2,13,11,15,15,15,9,12,12,13,13,15,3,14,3,,12,,,"b'\x11\xe8\xe1I\xc9,r\xdc\xaf\x82\x12\xdf\x17\xaeN\x1e'"
11E8E149-C92C-72DC-AF82-12DF17AE4E1E,2024-ncaa-d1-natl,ncaa,345,357,130,351,175,267,222,215,213,182,155,237,256,275,194,247,339,326,306,321,349,247,231,229,267,288,302,229,330,320,327,342,342,349,356,205,163,275,299,251,163,175,345,337,,,258,262,,,347,175,189,264,310,257,266,204,159,264,282,347,338,337,299,281,325,360,360,217,260,174,346,,245,,,343,308,274,139,343,223,78,346,313,249,340,278,332,306,351,300,327,173,211,356,358,341,323,258,286,249,342,234,327,246,356,345,351,99,98,262,303,320,52,40,,,301,306,,,347,188,324,343,346,314,271,97,204,39,318,241,327,296,295,138,197,239,225,239,344,96,299,46,,318,,,"b'\x11\xe8\xe1I\xc9,r\xdc\xaf\x82\x12\xdf\x17\xaeN\x1e'"
11E8E149-C92C-72DC-AF82-12DF17AE4E1E,2025-ncaa-d0-natl,genius_ncaa,133,147,90,143,108,138,119,115,163,80,49,233,260,302,94,329,170,201,89,199,325,125,110,198,188,192,309,291,194,59,31,122,129,83,39,74,48,263,201,122,95,90,227,176,,,184,172,,297,87,142,244,226,174,136,135,85,50,281,328,207,244,245,164,157,55,165,91,73,205,109,246,,133,,282,88,92,89,164,59,25,66,48,320,311,275,342,40,80,12,70,162,149,217,121,90,44,342,356,63,161,129,88,31,110,39,268,354,59,44,125,243,197,270,137,,,160,236,,227,87,219,150,36,90,45,40,71,7,16,312,296,34,64,59,47,109,124,38,50,240,66,204,249,,219,,247,"b'\x11\xe8\xe1I\xc9,r\xdc\xaf\x82\x12\xdf\x17\xaeN\x1e'"
11E8E149-C92C-72DC-AF82-12DF17AE4E1E,2025-ncaa-d1-conf-Atlantic 10,genius_ncaa,7,5,11,7,12,8,7,9,5,3,2,9,14,15,4,15,7,8,5,8,14,9,9,7,7,6,14,14,7,8,5,11,6,11,8,5,4,8,7,5,5,3,8,7,,,3,5,,10,6,9,4,5,5,4,4,1,1,12,15,4,7,8,5,4,3,9,8,3,8,3,8,,6,,10,6,5,3,5,8,1,1,5,14,12,13,14,3,3,2,3,7,2,7,11,10,4,15,15,3,5,6,3,5,4,8,12,15,4,1,10,7,8,9,5,,,12,12,,11,6,8,7,4,6,7,4,7,1,1,15,14,3,5,5,5,10,6,7,6,13,1,8,10,,11,,11,"b'\x11\xe8\xe1I\xc9,r\xdc\xaf\x82\x12\xdf\x17\xaeN\x1e'"
11E8E149-C92C-72DC-AF82-12DF17AE4E1E,2025-ncaa-d1-natl,genius_ncaa,145,147,113,151,136,161,136,142,174,98,58,249,266,318,96,331,190,221,89,220,327,158,138,204,194,200,307,293,190,67,36,152,130,109,44,88,50,234,207,128,109,100,241,185,,,162,176,,288,100,179,248,212,193,150,151,91,52,287,329,209,245,246,176,167,60,177,99,78,208,120,252,,141,,284,102,68,64,125,70,18,39,54,311,300,284,342,35,65,13,61,166,99,179,134,105,59,342,356,64,140,130,65,36,77,44,253,354,75,52,138,219,204,258,149,,,192,234,,232,100,181,168,51,102,48,44,75,9,16,316,296,36,68,61,50,106,128,40,53,249,76,204,256,,215,,249,"b'\x11\xe8\xe1I\xc9,r\xdc\xaf\x82\x12\xdf\x17\xaeN\x1e'"
11E8E149-C92C-72DC-AF82-12DF17AE4E1E,2026-ncaa-d0-natl,genius_ncaa,55,13,206,32,216,174,158,216,88,130,168,113,220,270,104,270,237,198,294,202,250,213,229,101,121,123,302,237,271,144,37,201,185,183,62,94,22,112,144,63,72,29,166,103,,,40,33,,96,56,249,238,97,120,82,135,65,92,202,258,224,172,180,143,165,88,144,101,33,156,33,144,,33,,118,46,34,28,95,27,28,65,50,101,194,43,321,52,42,235,45,111,80,105,29,26,22,262,281,155,140,185,48,37,67,62,65,268,136,51,55,98,116,59,56,,,267,271,,337,56,105,109,29,49,21,19,96,21,41,129,254,61,47,51,56,112,197,28,63,80,64,125,69,,253,,331,"b'\x11\xe8\xe1I\xc9,r\xdc\xaf\x82\x12\xdf\x17\xaeN\x1e'"
11E8E149-C92C-72DC-AF82-12DF17AE4E1E,2026-ncaa-d1-natl,genius_ncaa,74,13,271,34,286,254,230,293,102,192,236,141,267,307,111,273,293,268,295,271,253,294,314,124,139,149,299,235,262,211,44,281,199,276,76,137,27,75,165,75,111,36,209,118,,,12,36,,69,85,323,248,100,155,108,160,84,107,217,268,233,183,190,168,194,107,170,130,38,169,44,154,,39,,119,69,8,9,32,31,10,14,60,65,135,49,314,32,22,245,24,117,21,34,34,31,27,266,277,150,91,199,13,44,16,76,37,274,201,68,79,63,127,40,64,,,327,263,,349,85,32,129,37,72,26,28,107,28,43,155,260,73,56,60,68,110,207,31,72,102,92,130,83,,250,,333,"b'\x11\xe8\xe1I\xc9,r\xdc\xaf\x82\x12\xdf\x17\xaeN\x1e'"
11E8E149-C930-CDD2-AF82-12DF17AE4E1E,2010-ncaa-d0-natl,ncaa,321,303,322,322,333,287,279,211,320,227,127,319,308,285,313,280,226,184,302,180,223,207,186,325,328,323,262,279,101,52,43,294,118,188,109,302,296,207,232,311,166,111,335,330,,,299,338,,,292,254,16,269,227,213,22,136,14,285,252,143,77,74,22,8,6,184,28,275,306,86,332,,341,,,297,128,40,16,264,28,13,232,193,111,324,208,324,316,246,315,344,46,74,302,328,285,336,227,336,27,118,147,43,74,109,120,258,134,46,96,121,143,238,215,,,204,204,,,292,96,294,233,290,317,192,97,128,67,295,221,342,338,338,225,298,105,313,264,252,28,236,306,,50,,,b'\x11\xe8\xe1I\xc90\xcd\xd2\xaf\x82\x12\xdf\x17\xaeN\x1e'
11E8E149-C930-CDD2-AF82-12DF17AE4E1E,2010-ncaa-d1-conf-Southland,ncaa,9,9,10,9,11,10,9,8,10,9,7,10,11,11,10,10,10,10,9,10,10,9,9,11,11,11,11,11,8,3,2,9,2,8,2,10,10,6,9,10,8,4,10,10,,,7,11,,,9,10,6,7,8,7,4,5,2,11,10,9,8,8,4,3,1,8,3,9,9,4,10,,10,,,9,2,1,1,8,1,1,6,7,4,11,9,10,9,8,9,11,2,2,9,9,9,11,10,11,1,2,3,2,2,2,3,8,7,2,4,4,7,9,8,,,11,9,,,9,2,10,6,9,4,2,1,1,1,10,7,11,10,10,4,5,2,8,4,6,4,8,11,,9,,,b'\x11\xe8\xe1I\xc90\xcd\xd2\xaf\x82\x12\xdf\x17\xaeN\x1e'
11E8E149-C930-CDD2-AF82-12DF17AE4E1E,2010-ncaa-d1-natl,ncaa,308,302,276,312,308,237,221,122,306,152,70,304,300,266,321,280,184,143,300,138,244,124,102,316,321,306,286,292,133,16,25,235,84,103,68,280,300,259,219,300,99,77,324,319,,,323,338,,,269,157,15,271,180,156,14,88,11,291,246,145,83,79,15,6,2,161,18,262,305,50,322,,340,,,270,191,61,37,234,37,31,185,221,135,321,186,335,332,234,332,343,99,151,267,318,229,335,221,339,41,84,215,25,128,68,143,245,66,33,65,175,132,244,182,,,153,235,,,269,189,279,174,260,296,152,87,102,69,271,198,338,339,339,212,298,79,306,250,218,19,233,287,,60,,,b'\x11\xe8\xe1I\xc90\xcd\xd2\xaf\x82\x12\xdf\x17\xaeN\x1e'
11E8E149-C930-CDD2-AF82-12DF17AE4E1E,2011-ncaa-d0-natl,ncaa,49,19,170,24,179,125,147,155,151,140,175,121,162,144,208,145,92,144,39,143,122,149,176,148,121,97,150,178,107,125,106,256,94,200,103,241,307,76,89,189,150,121,342,342,,,244,301,,,58,201,208,51,93,118,114,128,161,148,129,76,118,118,103,147,115,258,197,240,93,141,343,,270,,,53,51,43,35,172,92,58,221,34,53,35,104,222,220,179,217,281,44,97,140,180,91,124,48,299,40,94,123,106,70,103,36,78,85,32,27,21,19,31,33,,,51,11,,,58,122,85,66,57,83,58,22,113,58,31,56,247,248,241,41,96,44,144,85,43,56,31,33,,14,,,b'\x11\xe8\xe1I\xc90\xcd\xd2\xaf\x82\x12\xdf\x17\xaeN\x1e'
11E8E149-C930-CDD2-AF82-12DF17AE4E1E,2011-ncaa-d1-conf-Southland,ncaa,1,1,1,1,2,1,1,4,3,1,4,3,4,5,3,5,2,4,2,4,6,3,5,3,2,1,6,6,4,3,4,3,1,2,2,6,9,4,3,4,7,7,12,12,,,8,9,,,1,4,12,4,4,5,9,5,10,6,7,6,8,8,9,11,6,10,9,6,1,7,12,,6,,,1,2,3,5,4,3,4,7,5,10,4,11,6,6,3,6,8,5,6,4,4,4,8,8,7,2,1,6,4,3,2,4,7,5,5,3,2,1,5,5,,,1,1,,,1,9,1,1,1,1,1,1,1,1,3,5,3,5,5,1,1,1,3,2,1,8,1,4,,3,,,b'\x11\xe8\xe1I\xc90\xcd\xd2\xaf\x82\x12\xdf\x17\xaeN\x1e'
11E8E149-C930-CDD2-AF82-12DF17AE4E1E,2011-ncaa-d1-natl,ncaa,22,19,51,21,57,62,73,65,128,81,99,109,106,80,187,136,49,77,34,78,108,62,66,127,100,79,144,173,104,68,81,150,67,96,75,167,302,159,87,175,78,93,343,343,,,313,299,,,30,68,168,75,71,85,89,110,153,125,113,60,96,98,77,109,92,243,160,210,104,102,343,,273,,,29,135,101,102,144,158,144,190,51,92,36,100,280,293,143,292,291,142,243,117,149,59,144,51,304,77,67,228,81,159,75,67,78,30,22,14,46,21,68,42,,,15,12,,,30,266,62,36,33,67,47,20,94,52,31,49,244,248,246,39,106,30,137,73,39,41,34,46,,12,,,b'\x11\xe8\xe1I\xc90\xcd\xd2\xaf\x82\x12\xdf\x17\xaeN\x1e'
11E8E149-C930-CDD2-AF82-12DF17AE4E1E,2011-ncaa-d1-ncaatournament,ncaa,33,2,33,33,34,54,48,46,54,46,40,51,48,52,51,28,57,52,60,52,51,45,51,55,58,54,53,35,55,43,41,63,64,60,60,62,64,8,22,62,47,52,56,56,,,3,7,,,62,58,49,3,53,47,31,43,26,43,29,57,50,50,38,47,27,63,60,62,18,45,56,,8,,,62,29,29,24,63,37,28,63,6,6,15,8,6,4,61,3,5,19,18,61,62,60,2,5,9,24,64,19,41,21,60,38,56,47,43,59,11,37,24,44,,,47,42,,,62,12,53,62,62,61,61,50,64,59,8,7,17,9,6,42,37,47,50,50,63,41,30,42,,44,,,b'\x11\xe8\xe1I\xc90\xcd\xd2\xaf\x82\x12\xdf\x17\xaeN\x1e'
11E8E149-C930-CDD2-AF82-12DF17AE4E1E,2012-ncaa-d0-natl,ncaa,44,27,120,32,126,117,166,104,268,231,195,281,52,50,105,76,69,95,83,95,67,97,161,224,191,97,27,54,78,42,50,218,150,110,92,284,334,10,4,150,161,129,340,339,,,259,315,,,47,233,307,60,120,184,91,264,215,50,45,57,85,87,81,205,21,269,105,308,11,169,342,,265,,,42,44,32,43,110,45,41,182,70,148,24,221,208,237,79,234,310,53,103,101,131,70,233,124,295,106,150,188,50,152,92,66,190,112,51,52,2,1,255,264,,,33,8,,,47,110,39,66,37,38,22,16,29,10,72,137,202,227,228,21,44,90,176,131,64,107,2,244,,12,,,b'\x11\xe8\xe1I\xc90\xcd\xd2\xaf\x82\x12\xdf\x17\xaeN\x1e'
11E8E149-C930-CDD2-AF82-12DF17AE4E1E,2012-ncaa-d1-conf-Southland,ncaa,1,1,1,1,1,2,3,1,6,5,2,7,3,1,6,2,2,3,2,3,6,1,3,5,5,3,3,4,5,1,1,4,1,2,1,9,12,3,2,6,3,2,12,11,,,10,9,,,1,4,12,2,5,7,5,9,7,5,3,3,8,8,6,10,2,8,2,11,2,7,12,,4,,,1,4,3,6,2,3,3,4,6,10,2,11,4,5,2,5,6,5,8,2,3,2,10,9,6,4,1,5,1,4,1,2,5,3,2,1,1,1,7,6,,,2,2,,,1,9,1,2,1,1,1,1,1,1,2,8,4,4,4,1,1,1,1,1,1,7,1,6,,4,,,b'\x11\xe8\xe1I\xc90\xcd\xd2\xaf\x82\x12\xdf\x17\xaeN\x1e'
11E8E149-C930-CDD2-AF82-12DF17AE4E1E,2012-ncaa-d1-natl,ncaa,18,27,23,28,29,54,92,41,221,143,106,243,31,31,77,85,33,43,77,43,69,35,65,174,146,72,34,58,90,21,47,114,104,41,65,227,319,35,9,129,97,112,338,341,,,293,293,,,21,104,301,82,101,151,94,235,209,51,58,57,86,88,88,199,30,250,104,286,12,148,342,,222,,,22,99,61,120,71,83,87,149,83,203,16,218,261,277,108,279,301,147,218,68,87,42,216,102,295,141,104,281,47,233,65,101,197,34,32,33,6,1,266,235,,,8,10,,,21,238,26,32,18,22,13,14,23,11,51,121,178,199,196,17,46,49,152,95,54,81,3,220,,13,,,b'\x11\xe8\xe1I\xc90\xcd\xd2\xaf\x82\x12\xdf\x17\xaeN\x1e'
11E8E149-C930-CDD2-AF82-12DF17AE4E1E,2012-ncaa-d1-ncaatournament,ncaa,33,2,33,33,34,43,44,33,58,38,32,59,59,63,52,63,29,30,36,30,25,33,33,61,53,50,41,61,5,33,33,47,60,40,59,49,48,7,9,43,29,10,50,55,,,26,45,,,32,35,4,5,38,42,2,26,1,58,62,5,4,4,1,1,6,40,16,44,14,5,46,,57,,,34,9,12,22,21,24,22,44,1,26,1,30,23,29,6,27,55,27,31,14,10,7,6,3,48,38,60,32,33,32,59,16,40,32,13,17,10,11,37,56,,,31,4,,,32,29,47,17,40,29,31,49,53,43,2,43,47,57,57,58,63,64,63,64,41,2,16,58,,1,,,b'\x11\xe8\xe1I\xc90\xcd\xd2\xaf\x82\x12\xdf\x17\xaeN\x1e'
11E8E149-C930-CDD2-AF82-12DF17AE4E1E,2013-ncaa-d0-natl,ncaa,96,145,24,131,28,37,54,28,162,100,83,179,28,28,69,68,61,86,42,85,158,31,58,125,109,49,52,56,184,120,270,107,250,104,301,159,314,23,6,67,155,228,322,334,,,322,275,,,101,47,190,141,69,97,57,185,188,37,48,98,173,172,66,194,223,235,239,243,9,222,332,,268,,,105,316,309,303,233,319,309,262,150,216,49,125,298,297,237,296,188,306,298,200,212,223,74,68,211,301,250,337,270,339,301,250,109,102,196,170,19,4,121,72,,,28,53,,,101,293,50,233,105,214,224,180,267,215,94,153,237,225,220,195,186,228,305,290,158,182,4,71,,73,,,b'\x11\xe8\xe1I\xc90\xcd\xd2\xaf\x82\x12\xdf\x17\xaeN\x1e'
11E8E149-C930-CDD2-AF82-12DF17AE4E1E,2013-ncaa-d1-conf-Southland,ncaa,3,4,1,4,1,2,2,1,4,3,1,6,1,1,3,1,4,5,1,5,6,1,1,3,3,2,1,1,7,6,9,3,5,3,8,3,9,1,1,1,4,4,10,10,,,10,8,,,2,1,7,7,2,3,1,5,7,2,1,5,7,7,1,9,7,4,7,6,1,4,10,,6,,,2,9,9,10,6,9,10,7,6,7,4,5,6,6,6,6,3,10,10,6,6,5,2,3,3,7,5,10,9,9,8,7,3,4,4,3,1,1,2,2,,,3,7,,,2,10,2,5,2,7,7,6,8,5,2,4,3,2,2,5,5,5,9,9,5,5,1,2,,8,,,b'\x11\xe8\xe1I\xc90\xcd\xd2\xaf\x82\x12\xdf\x17\xaeN\x1e'
11E8E149-C930-CDD2-AF82-12DF17AE4E1E,2013-ncaa-d1-natl,ncaa,77,145,8,116,9,17,25,9,142,53,41,165,24,21,76,76,39,51,51,51,154,11,15,116,104,49,58,65,190,65,239,56,240,50,277,129,321,46,8,74,110,198,318,333,,,337,272,,,74,14,170,143,54,79,47,163,171,45,54,94,154,152,52,171,181,226,215,239,10,191,333,,268,,,86,330,323,324,209,331,325,251,187,262,49,147,305,305,218,306,189,333,333,174,199,189,87,77,211,325,240,342,239,341,277,271,107,45,153,137,22,3,120,50,,,12,55,,,74,332,48,190,95,196,198,175,250,193,99,160,228,215,211,185,194,225,290,282,144,159,3,49,,63,,,b'\x11\xe8\xe1I\xc90\xcd\xd2\xaf\x82\x12\xdf\x17\xaeN\x1e'
11E8E149-C930-CDD2-AF82-12DF17AE4E1E,2014-ncaa-d0-natl,ncaa,129,125,131,135,164,173,130,108,200,110,90,233,193,188,188,205,252,288,63,291,336,135,184,220,228,152,273,202,282,134,145,173,136,143,155,259,328,19,25,143,308,315,301,317,,,201,261,,,134,208,274,270,189,127,70,114,80,201,193,269,308,308,122,227,134,186,158,283,22,321,310,,191,,,133,135,161,153,194,200,202,166,105,94,196,86,130,128,106,122,114,145,114,173,155,203,88,118,143,137,136,217,145,192,155,88,59,255,250,187,29,34,240,178,,,222,221,,,134,125,124,203,145,118,162,125,205,214,101,79,129,137,127,108,60,134,212,174,80,281,27,240,,250,,,b'\x11\xe8\xe1I\xc90\xcd\xd2\xaf\x82\x12\xdf\x17\xaeN\x1e'
11E8E149-C930-CDD2-AF82-12DF17AE4E1E,2014-ncaa-d1-conf-Southland,ncaa,4,8,1,7,1,1,1,1,8,1,1,10,6,6,10,11,8,9,5,8,14,1,1,11,13,8,12,11,13,2,5,2,3,2,5,7,13,6,1,5,10,11,12,12,,,14,12,,,8,1,8,7,6,3,2,3,1,8,7,13,14,14,2,7,5,4,3,10,2,13,12,,10,,,8,12,12,12,9,12,14,9,5,6,6,4,11,11,7,11,8,14,13,8,7,9,4,4,9,6,3,14,5,11,5,6,3,6,9,8,9,3,12,7,,,1,12,,,8,14,7,7,8,6,7,4,9,10,2,2,9,10,9,6,4,2,12,6,3,10,4,10,,11,,,b'\x11\xe8\xe1I\xc90\xcd\xd2\xaf\x82\x12\xdf\x17\xaeN\x1e'
11E8E149-C930-CDD2-AF82-12DF17AE4E1E,2014-ncaa-d1-natl,ncaa,111,125,59,127,93,124,96,50,215,77,39,244,183,164,201,218,205,234,82,234,330,66,113,236,240,158,271,212,260,78,132,98,119,82,143,245,326,33,24,140,302,320,287,314,,,237,238,,,131,127,256,273,175,123,63,104,61,210,195,241,280,279,98,199,113,161,124,281,22,322,307,,177,,,132,210,234,234,179,256,277,159,155,136,214,102,160,165,96,156,108,228,193,173,153,206,93,137,131,184,119,286,132,259,143,129,56,232,261,200,45,36,270,164,,,132,186,,,131,201,124,204,150,129,176,150,208,223,118,90,117,127,121,133,71,133,225,194,84,284,35,241,,207,,,b'\x11\xe8\xe1I\xc90\xcd\xd2\xaf\x82\x12\xdf\x17\xaeN\x1e'
11E8E149-C930-CDD2-AF82-12DF17AE4E1E,2015-ncaa-d0-natl,ncaa,188,131,283,169,283,185,208,199,211,183,164,214,212,211,205,211,116,151,57,141,151,186,232,214,192,146,178,211,76,117,77,301,287,236,193,266,298,41,69,176,306,305,348,348,,,167,248,,,205,270,198,1,82,108,53,100,67,171,165,48,79,71,42,65,52,249,133,236,112,285,346,,261,,,207,171,227,88,331,273,185,309,68,28,301,33,131,183,18,169,154,88,80,317,303,300,37,56,118,157,287,87,77,105,193,167,116,225,204,239,28,54,301,295,,,119,41,,,205,68,110,307,213,299,318,235,328,312,114,55,198,249,241,258,251,263,210,232,249,175,78,334,,14,,,b'\x11\xe8\xe1I\xc90\xcd\xd2\xaf\x82\x12\xdf\x17\xaeN\x1e'
11E8E149-C930-CDD2-AF82-12DF17AE4E1E,2015-ncaa-d1-conf-Southland,ncaa,6,5,3,6,3,3,2,2,7,2,2,5,7,7,9,7,2,3,3,3,6,2,2,8,7,4,7,7,5,3,5,5,10,3,7,8,12,3,2,3,12,13,13,13,,,12,9,,,7,3,4,1,2,1,1,3,3,7,7,2,2,2,1,1,2,4,3,7,3,12,13,,10,,,7,11,12,11,11,11,11,10,8,4,13,5,9,12,1,12,6,11,10,11,9,10,5,5,5,10,10,11,5,10,7,11,6,9,10,10,3,2,13,12,,,2,3,,,7,10,3,10,7,12,12,12,12,12,7,5,9,10,10,12,11,11,12,11,11,7,3,13,,1,,,b'\x11\xe8\xe1I\xc90\xcd\xd2\xaf\x82\x12\xdf\x17\xaeN\x1e'
11E8E149-C930-CDD2-AF82-12DF17AE4E1E,2015-ncaa-d1-natl,ncaa,129,130,97,140,97,77,90,56,205,73,62,199,184,161,222,229,36,49,89,43,104,51,63,220,192,146,190,234,46,47,73,178,257,92,167,233,322,124,65,204,238,272,345,348,,,287,247,,,175,76,136,2,69,101,43,75,54,184,169,28,39,32,30,39,46,218,110,255,120,259,344,,270,,,176,301,313,255,309,328,298,281,112,71,278,33,236,282,17,272,188,266,276,289,267,245,44,55,153,255,257,257,73,266,167,251,114,116,151,176,85,52,322,268,,,21,28,,,175,268,108,260,183,285,306,219,320,312,98,53,215,268,260,253,276,247,218,235,226,125,79,324,,11,,,b'\x11\xe8\xe1I\xc90\xcd\xd2\xaf\x82\x12\xdf\x17\xaeN\x1e'
11E8E149-C930-CDD2-AF82-12DF17AE4E1E,2016-ncaa-d0-natl,ncaa,136,111,175,133,193,108,97,70,179,123,116,195,75,78,117,110,188,223,88,217,275,85,98,156,168,144,141,103,271,72,106,200,268,128,202,150,243,148,90,143,235,281,325,342,,,328,315,,,216,112,35,113,67,55,19,100,89,63,58,195,232,229,27,27,41,193,88,136,172,246,329,,338,,,218,308,299,226,303,323,287,285,74,61,166,26,337,325,291,325,254,251,255,266,298,284,73,22,299,278,268,262,106,280,202,167,54,131,183,136,154,122,115,80,,,84,109,,,216,245,118,286,206,322,305,276,331,325,76,56,333,319,318,313,324,289,289,303,183,112,187,126,,40,,,b'\x11\xe8\xe1I\xc90\xcd\xd2\xaf\x82\x12\xdf\x17\xaeN\x1e'
11E8E149-C930-CDD2-AF82-12DF17AE4E1E,2016-ncaa-d1-conf-Southland,ncaa,4,5,2,5,2,2,1,1,7,1,2,8,1,1,6,5,5,6,6,5,12,1,1,6,6,6,6,4,11,1,4,2,4,1,4,4,11,6,3,4,8,12,8,12,,,13,11,,,5,3,2,2,1,1,1,1,2,3,3,6,10,9,1,1,1,1,1,7,3,10,9,,13,,,5,12,11,12,9,13,13,8,4,4,3,3,13,13,12,13,7,12,11,6,7,11,4,2,11,9,4,12,4,11,4,6,3,6,11,6,4,2,6,4,,,2,8,,,5,13,5,9,5,13,12,12,13,13,3,4,13,13,13,13,12,8,11,10,4,8,4,5,,3,,,b'\x11\xe8\xe1I\xc90\xcd\xd2\xaf\x82\x12\xdf\x17\xaeN\x1e'
11E8E149-C930-CDD2-AF82-12DF17AE4E1E,2016-ncaa-d1-natl,ncaa,95,111,51,111,68,59,51,26,165,69,42,176,51,51,125,115,154,192,65,184,282,33,30,146,159,137,153,109,275,43,121,105,242,57,185,94,236,211,78,127,196,273,300,335,,,344,305,,,199,37,33,137,60,46,18,91,81,66,65,191,241,234,26,27,51,162,80,119,154,234,319,,332,,,197,339,331,300,302,340,336,279,117,89,205,27,344,337,272,337,248,324,322,266,296,286,70,28,288,308,242,321,121,323,185,217,32,82,186,129,220,115,139,69,,,31,127,,,199,317,111,280,192,314,308,274,329,328,84,51,329,316,317,308,322,271,286,294,167,120,171,107,,42,,,b'\x11\xe8\xe1I\xc90\xcd\xd2\xaf\x82\x12\xdf\x17\xaeN\x1e'
11E8E149-C930-CDD2-AF82-12DF17AE4E1E,2017-ncaa-d0-natl,ncaa,255,210,321,249,330,236,228,214,227,222,237,187,190,158,266,118,268,289,129,287,266,226,236,228,229,222,183,151,242,81,27,298,169,206,78,226,201,144,196,209,132,74,348,347,,,173,272,,,226,293,57,159,119,108,29,130,111,132,74,192,220,211,41,26,17,184,50,144,266,64,348,,296,,,228,115,110,33,295,165,61,321,44,65,71,142,247,233,207,232,296,50,44,278,297,276,116,54,275,51,169,36,27,27,78,88,132,219,162,169,122,164,298,315,,,290,290,,,226,67,167,257,220,291,273,193,295,200,119,175,325,321,321,249,275,156,164,165,202,124,231,333,,182,,,b'\x11\xe8\xe1I\xc90\xcd\xd2\xaf\x82\x12\xdf\x17\xaeN\x1e'
11E8E149-C930-CDD2-AF82-12DF17AE4E1E,2017-ncaa-d1-conf-Southland,ncaa,6,6,3,7,3,6,5,1,9,5,5,7,7,4,12,5,9,10,4,10,13,3,2,10,11,9,9,6,11,2,3,3,5,2,6,6,9,8,6,8,5,5,13,13,,,11,8,,,9,2,4,3,9,6,2,5,4,7,5,10,12,11,3,4,3,4,3,7,6,6,13,,9,,,9,12,13,12,9,13,12,9,5,7,3,6,10,10,6,10,8,12,12,7,8,8,3,5,7,9,5,10,3,10,6,10,5,7,10,9,8,5,13,11,,,10,13,,,9,12,9,6,9,8,7,10,10,10,3,8,9,9,9,8,9,5,8,7,7,6,4,13,,12,,,b'\x11\xe8\xe1I\xc90\xcd\xd2\xaf\x82\x12\xdf\x17\xaeN\x1e'
11E8E149-C930-CDD2-AF82-12DF17AE4E1E,2017-ncaa-d1-natl,ncaa,194,210,144,209,180,111,120,75,212,140,132,188,114,81,222,118,115,129,118,127,158,75,64,200,185,204,132,143,157,26,27,148,159,61,67,145,196,269,193,204,68,72,347,347,,,307,286,,,169,89,28,197,83,98,27,123,116,101,68,98,115,111,22,17,13,134,22,139,269,59,346,,318,,,169,264,219,190,238,257,219,258,108,136,100,99,320,317,162,316,293,235,259,207,242,204,131,59,289,169,159,168,27,173,67,162,115,94,125,121,226,161,305,284,,,121,223,,,169,268,140,192,160,273,246,211,280,240,117,138,326,323,323,267,310,181,171,180,165,82,241,311,,89,,,b'\x11\xe8\xe1I\xc90\xcd\xd2\xaf\x82\x12\xdf\x17\xaeN\x1e'
11E8E149-C930-CDD2-AF82-12DF17AE4E1E,2018-ncaa-d0-natl,ncaa,266,224,323,255,324,296,307,256,323,304,262,321,220,183,277,137,204,186,268,182,99,247,241,314,309,305,94,141,74,128,129,260,290,203,224,275,162,216,265,271,225,205,301,299,,,198,257,,,273,273,56,17,221,257,85,258,144,169,102,123,89,83,72,27,39,111,49,215,307,159,287,,309,,,284,115,97,91,150,118,123,146,91,91,157,112,252,268,83,274,294,120,107,137,156,183,203,118,284,243,290,146,129,186,224,85,120,229,205,168,215,253,255,302,,,222,152,,,273,78,295,220,275,291,252,298,267,291,186,199,323,324,324,328,326,327,304,321,185,132,303,321,,67,,,b'\x11\xe8\xe1I\xc90\xcd\xd2\xaf\x82\x12\xdf\x17\xaeN\x1e'
11E8E149-C930-CDD2-AF82-12DF17AE4E1E,2018-ncaa-d1-conf-Southland,ncaa,8,8,6,8,6,7,8,3,10,7,6,9,6,5,8,5,6,5,9,4,7,3,3,10,11,9,6,5,8,2,4,4,8,1,5,6,6,7,6,8,9,12,11,13,,,10,7,,,8,4,4,5,7,6,3,7,4,5,5,4,4,3,3,2,2,2,2,4,9,9,11,,10,,,8,11,10,11,4,8,12,4,6,10,5,5,10,12,5,12,9,12,11,4,5,8,7,6,8,12,8,10,4,12,5,6,3,9,12,10,8,7,10,10,,,6,9,,,8,10,9,9,9,8,9,12,9,12,7,9,9,11,11,12,11,12,11,13,6,10,9,8,,5,,,b'\x11\xe8\xe1I\xc90\xcd\xd2\xaf\x82\x12\xdf\x17\xaeN\x1e'
11E8E149-C930-CDD2-AF82-12DF17AE4E1E,2018-ncaa-d1-natl,ncaa,231,223,213,233,217,232,245,139,320,233,160,313,205,138,295,156,146,110,283,105,110,126,98,316,313,301,145,176,83,50,92,156,281,89,195,219,166,276,240,258,174,197,291,306,,,269,234,,,257,133,50,19,201,225,62,213,116,187,105,116,67,61,54,24,23,90,28,195,298,150,290,,302,,,256,208,170,221,112,213,244,121,109,132,98,89,297,307,97,311,280,255,249,93,107,128,161,83,283,309,281,258,92,286,195,123,97,149,181,120,245,210,277,268,,,120,151,,,257,221,283,178,250,268,235,299,259,302,141,172,317,319,322,328,327,325,303,320,167,109,277,299,,56,,,b'\x11\xe8\xe1I\xc90\xcd\xd2\xaf\x82\x12\xdf\x17\xaeN\x1e'
11E8E149-C930-CDD2-AF82-12DF17AE4E1E,2019-ncaa-d0-natl,ncaa,322,283,335,324,343,320,327,317,308,293,235,322,322,319,289,281,223,197,263,196,144,311,273,320,311,336,227,274,41,153,79,317,243,275,169,294,131,321,341,329,308,281,293,286,,,201,305,,,343,303,13,260,260,275,137,207,70,287,271,101,69,68,112,12,36,200,82,220,349,245,262,,333,,,347,225,189,56,337,200,98,311,167,57,343,95,278,265,258,259,287,70,46,337,338,345,197,136,259,69,243,44,79,40,169,233,249,289,235,297,349,348,122,163,,,236,159,,,343,51,326,343,343,347,342,310,337,306,297,181,338,328,328,336,325,259,243,260,332,167,350,219,,39,,,b'\x11\xe8\xe1I\xc90\xcd\xd2\xaf\x82\x12\xdf\x17\xaeN\x1e'
11E8E149-C930-CDD2-AF82-12DF17AE4E1E,2019-ncaa-d1-conf-Southland,ncaa,10,9,9,10,11,9,10,8,9,10,7,12,9,8,7,7,10,11,7,11,10,9,7,9,8,9,9,7,7,5,6,8,7,8,7,7,5,10,12,8,12,12,11,11,,,7,8,,,13,9,4,7,7,8,5,9,5,8,8,6,6,6,5,3,5,7,4,7,13,12,10,,10,,,13,13,12,6,12,7,9,11,11,8,13,8,9,8,10,8,10,7,3,12,12,13,12,11,6,3,7,4,6,4,7,13,12,12,11,13,12,12,3,2,,,8,9,,,13,4,9,13,13,13,13,11,9,11,13,11,11,10,10,11,9,7,8,7,13,11,12,4,,3,,,b'\x11\xe8\xe1I\xc90\xcd\xd2\xaf\x82\x12\xdf\x17\xaeN\x1e'
11E8E149-C930-CDD2-AF82-12DF17AE4E1E,2019-ncaa-d1-natl,ncaa,308,297,314,312,331,270,282,239,304,261,149,320,273,279,216,273,164,133,272,128,141,220,134,308,303,328,194,243,51,65,49,232,198,152,125,235,116,344,340,319,272,275,272,289,,,284,300,,,335,175,12,260,220,245,97,200,66,241,247,89,65,61,75,6,20,129,39,178,349,229,260,,334,,,336,306,285,166,328,286,204,302,194,99,328,82,310,307,214,306,281,207,175,326,333,333,167,103,260,148,198,109,49,115,125,286,226,233,227,282,350,346,160,148,,,175,200,,,335,183,313,327,331,346,339,321,340,321,271,170,337,328,328,341,330,250,241,259,327,158,350,208,,59,,,b'\x11\xe8\xe1I\xc90\xcd\xd2\xaf\x82\x12\xdf\x17\xaeN\x1e'
11E8E149-C930-CDD2-AF82-12DF17AE4E1E,2020-ncaa-d0-natl,ncaa,333,325,312,334,331,301,293,277,273,260,179,315,269,306,113,281,265,256,246,260,244,286,227,287,285,317,230,218,143,202,171,296,230,276,232,246,134,323,341,303,266,263,343,347,,,155,199,,,336,223,21,331,242,231,152,199,67,242,279,206,176,183,172,35,136,220,186,185,342,227,341,,270,,,338,296,307,157,346,340,271,337,69,27,294,20,263,241,276,243,171,165,125,339,342,341,11,23,200,131,230,118,171,112,232,254,140,253,250,288,340,341,123,122,,,231,194,,,336,133,317,337,336,345,347,308,349,346,108,51,313,293,297,327,322,226,253,254,318,196,346,180,,108,,,b'\x11\xe8\xe1I\xc90\xcd\xd2\xaf\x82\x12\xdf\x17\xaeN\x1e'
11E8E149-C930-CDD2-AF82-12DF17AE4E1E,2020-ncaa-d1-conf-Southland,ncaa,13,13,1,13,8,7,8,5,10,9,4,12,6,8,3,9,10,10,8,10,11,5,2,9,9,12,8,5,9,4,8,5,9,3,8,5,3,13,13,9,11,13,13,13,,,7,4,,,13,2,2,8,7,8,5,9,4,6,8,10,10,10,5,2,4,5,3,5,13,11,13,,7,,,13,13,13,13,12,13,12,12,9,7,6,5,9,9,10,9,4,13,12,12,12,13,2,3,4,10,9,10,8,10,8,13,8,11,12,13,13,13,7,4,,,8,12,,,13,12,13,13,13,13,13,13,13,12,9,7,9,9,9,13,12,10,10,10,13,11,13,7,,8,,,b'\x11\xe8\xe1I\xc90\xcd\xd2\xaf\x82\x12\xdf\x17\xaeN\x1e'
11E8E149-C930-CDD2-AF82-12DF17AE4E1E,2020-ncaa-d1-natl,ncaa,325,325,257,326,319,240,237,187,270,204,105,318,245,281,113,279,190,170,221,182,217,198,103,277,271,302,213,214,118,125,142,258,218,217,205,179,120,337,327,288,192,211,343,347,,,217,182,,,330,99,18,331,211,206,108,176,52,225,263,151,132,143,104,22,94,205,146,151,340,172,343,,262,,,332,327,328,227,344,345,315,335,73,38,262,20,293,271,292,277,173,248,250,332,338,336,9,19,204,171,218,208,142,194,205,280,134,180,204,253,344,340,140,104,,,115,157,,,330,265,298,318,326,343,347,299,349,345,96,53,312,290,294,323,325,203,266,256,304,139,344,169,,72,,,b'\x11\xe8\xe1I\xc90\xcd\xd2\xaf\x82\x12\xdf\x17\xaeN\x1e'
11E8E149-C930-CDD2-AF82-12DF17AE4E1E,2021-ncaa-d0-natl,ncaa,249,276,191,271,206,256,283,220,335,274,183,339,249,255,244,276,109,85,196,82,40,203,176,337,319,325,73,233,3,221,294,170,287,189,309,280,175,276,306,324,191,230,201,257,,,284,310,,,326,173,28,224,311,331,257,320,160,278,276,34,27,23,206,100,233,103,157,315,309,176,196,,332,,,319,173,154,161,164,228,246,131,52,60,74,5,323,338,30,338,311,194,199,91,119,130,64,8,336,274,287,257,294,269,309,126,70,143,161,95,254,276,195,205,,,104,21,,,326,184,330,171,310,257,205,228,294,336,23,23,340,342,342,317,328,318,329,335,124,97,281,223,,15,,,b'\x11\xe8\xe1I\xc90\xcd\xd2\xaf\x82\x12\xdf\x17\xaeN\x1e'
11E8E149-C930-CDD2-AF82-12DF17AE4E1E,2021-ncaa-d1-conf-Southland,ncaa,9,11,7,9,9,9,9,8,11,8,8,12,5,9,3,7,6,6,4,6,5,8,9,11,10,9,3,7,2,10,12,3,9,5,10,9,6,6,6,6,9,11,4,7,,,8,8,,,8,7,3,9,8,11,6,10,7,5,8,4,4,3,5,7,12,1,2,8,6,10,5,,11,,,8,4,4,9,2,5,11,2,4,4,5,3,10,11,3,11,8,10,8,2,2,2,6,3,12,11,9,8,12,11,10,4,2,9,11,5,5,7,7,7,,,6,4,,,8,7,10,2,8,4,3,12,7,13,3,5,13,13,13,13,12,12,11,12,3,9,7,8,,5,,,b'\x11\xe8\xe1I\xc90\xcd\xd2\xaf\x82\x12\xdf\x17\xaeN\x1e'
11E8E149-C930-CDD2-AF82-12DF17AE4E1E,2021-ncaa-d1-natl,ncaa,258,294,182,284,201,249,274,211,337,269,161,340,241,239,249,267,95,75,202,73,41,194,167,336,320,329,77,229,4,208,287,153,285,178,309,264,173,292,305,323,168,222,205,269,,,295,312,,,327,157,26,225,311,331,243,319,154,272,264,45,34,29,197,86,212,97,147,312,311,159,213,,334,,,321,192,173,180,170,238,252,135,69,72,97,8,322,335,20,336,305,213,208,102,124,133,84,14,332,288,285,265,287,281,309,136,76,115,152,93,269,275,197,190,,,79,20,,,327,197,332,174,312,261,217,233,287,334,38,36,338,342,340,316,329,321,330,336,136,88,288,206,,14,,,b'\x11\xe8\xe1I\xc90\xcd\xd2\xaf\x82\x12\xdf\x17\xaeN\x1e'
11E8E149-C930-CDD2-AF82-12DF17AE4E1E,2022-ncaa-d0-natl,ncaa,254,180,319,236,327,250,294,281,287,331,337,195,113,72,241,31,138,138,155,141,5,267,257,226,196,235,14,49,49,139,80,279,326,243,219,261,139,233,283,269,175,139,344,348,,,249,299,,,277,276,21,84,112,200,89,305,307,46,20,41,40,38,51,19,36,133,54,182,326,86,340,,340,,,284,172,165,121,251,264,236,227,10,10,80,6,308,307,201,308,269,150,113,190,226,270,39,4,321,280,326,65,80,133,219,209,249,301,293,303,224,277,147,315,,,273,239,,,277,88,206,313,278,340,332,340,353,352,43,53,348,346,347,350,343,347,266,323,320,198,320,268,,114,,,b'\x11\xe8\xe1I\xc90\xcd\xd2\xaf\x82\x12\xdf\x17\xaeN\x1e'
11E8E149-C930-CDD2-AF82-12DF17AE4E1E,2022-ncaa-d1-conf-Southland,ncaa,5,4,6,4,8,4,4,5,2,5,8,1,1,1,2,1,3,5,3,5,1,5,5,1,1,1,2,2,5,4,4,4,7,4,3,3,3,5,5,4,5,5,8,8,,,6,7,,,4,5,1,7,1,2,1,5,8,1,1,1,2,2,1,1,2,1,1,2,7,3,8,,8,,,4,7,6,5,5,7,7,4,2,3,2,2,7,8,4,7,6,7,6,4,5,6,2,2,8,6,7,1,4,4,3,4,4,8,8,7,3,4,2,5,,,6,7,,,4,4,1,8,4,8,8,7,8,8,2,4,8,8,8,8,8,7,3,6,4,8,6,4,,6,,,b'\x11\xe8\xe1I\xc90\xcd\xd2\xaf\x82\x12\xdf\x17\xaeN\x1e'
11E8E149-C930-CDD2-AF82-12DF17AE4E1E,2022-ncaa-d1-natl,ncaa,219,180,270,214,280,160,207,190,236,294,312,142,59,37,193,29,90,96,147,96,8,172,140,150,136,181,14,35,76,70,57,207,310,142,163,155,80,294,273,217,83,88,326,345,,,307,298,,,220,176,18,100,70,138,50,275,298,30,16,47,50,49,36,19,26,111,35,92,325,47,322,,338,,,221,239,212,199,209,306,293,200,13,27,40,7,330,335,173,335,273,243,224,146,173,221,47,3,326,323,310,126,57,214,163,252,245,204,242,260,292,271,158,280,,,224,281,,,220,194,153,261,216,322,310,323,345,352,30,51,347,347,348,347,343,341,238,310,309,141,320,219,,146,,,b'\x11\xe8\xe1I\xc90\xcd\xd2\xaf\x82\x12\xdf\x17\xaeN\x1e'
11E8E149-C930-CDD2-AF82-12DF17AE4E1E,2023-ncaa-d0-natl,ncaa,266,257,236,273,243,219,236,291,175,187,217,171,290,291,272,276,93,64,293,64,34,238,159,205,192,261,232,297,33,218,197,140,303,158,220,170,65,348,345,290,102,124,168,202,,,294,274,,,306,143,39,50,195,231,282,152,170,284,286,58,30,29,202,60,188,62,87,138,355,73,147,,333,,,306,274,238,264,149,251,274,139,171,190,150,120,295,309,102,307,267,283,250,134,147,204,203,131,282,343,303,113,197,248,220,321,334,220,285,323,334,333,84,103,,,142,124,,,306,222,279,273,300,330,309,343,305,346,225,239,317,330,329,352,352,355,195,308,343,192,343,111,,83,,,b'\x11\xe8\xe1I\xc90\xcd\xd2\xaf\x82\x12\xdf\x17\xaeN\x1e'
11E8E149-C930-CDD2-AF82-12DF17AE4E1E,2023-ncaa-d1-conf-Southland,ncaa,6,6,3,6,3,3,4,5,3,3,4,3,8,7,5,8,2,2,9,2,2,3,2,4,3,6,8,8,2,5,5,1,6,3,6,3,3,10,10,9,1,2,3,6,,,10,8,,,7,1,1,1,3,4,7,3,5,8,8,2,2,2,4,2,5,1,2,2,10,1,3,,10,,,7,10,8,10,3,9,10,3,8,8,3,6,9,10,4,10,9,10,10,3,3,3,6,6,7,10,6,6,5,9,6,8,9,3,8,8,10,10,3,4,,,2,6,,,7,10,7,5,6,9,9,9,7,9,8,8,9,10,10,10,10,9,4,8,9,4,10,4,,2,,,b'\x11\xe8\xe1I\xc90\xcd\xd2\xaf\x82\x12\xdf\x17\xaeN\x1e'
11E8E149-C930-CDD2-AF82-12DF17AE4E1E,2023-ncaa-d1-natl,ncaa,243,257,151,255,166,183,204,225,161,150,158,154,276,267,280,278,60,36,273,38,32,165,100,196,182,256,243,311,28,157,161,73,296,105,182,127,59,357,342,276,57,90,132,175,,,308,250,,,276,83,32,64,168,211,252,126,149,286,279,37,21,23,161,46,158,44,59,118,356,47,134,,324,,,271,296,268,308,108,275,310,108,195,243,97,139,297,318,80,314,251,320,311,94,102,141,198,138,274,351,296,160,161,292,182,332,333,159,252,295,343,326,93,82,,,105,150,,,276,277,266,211,264,306,281,344,285,342,205,255,303,321,322,353,354,354,178,306,331,152,341,99,,85,,,b'\x11\xe8\xe1I\xc90\xcd\xd2\xaf\x82\x12\xdf\x17\xaeN\x1e'
11E8E149-C930-CDD2-AF82-12DF17AE4E1E,2024-ncaa-d0-natl,ncaa,356,338,325,357,341,311,342,335,312,313,269,310,323,311,317,271,91,100,112,100,41,312,300,319,277,304,149,290,5,331,338,302,308,330,340,321,229,255,320,329,298,302,343,354,,,83,100,,,355,267,24,162,241,314,249,256,149,299,269,20,25,23,179,86,297,189,266,299,338,236,331,,221,,,357,308,326,193,356,334,274,326,214,54,360,33,178,196,95,198,138,189,125,357,352,358,64,128,76,231,308,217,338,231,340,337,287,321,333,352,275,325,122,204,,,178,51,,,355,109,327,357,353,359,360,354,358,357,321,138,278,293,295,356,345,334,347,350,359,251,336,214,,33,,,b'\x11\xe8\xe1I\xc90\xcd\xd2\xaf\x82\x12\xdf\x17\xaeN\x1e'
11E8E149-C930-CDD2-AF82-12DF17AE4E1E,2024-ncaa-d1-conf-Southland,ncaa,9,9,9,9,9,9,9,9,8,9,7,8,9,9,8,7,5,6,2,6,3,9,9,8,7,7,5,6,1,9,8,10,8,9,9,9,7,6,8,9,8,8,10,10,,,2,4,,,10,8,3,5,8,9,8,7,6,8,8,2,4,4,8,6,9,9,8,9,6,7,10,,4,,,10,9,9,7,10,9,9,9,10,4,10,2,2,2,1,3,2,6,5,10,10,10,4,8,1,7,8,6,8,6,9,9,7,9,8,10,5,8,5,5,,,6,4,,,10,4,9,10,9,10,10,9,10,9,10,5,3,4,4,9,8,7,8,8,10,6,8,6,,5,,,b'\x11\xe8\xe1I\xc90\xcd\xd2\xaf\x82\x12\xdf\x17\xaeN\x1e'
11E8E149-C930-CDD2-AF82-12DF17AE4E1E,2024-ncaa-d1-natl,ncaa,334,339,194,341,236,198,247,211,276,211,161,281,279,265,268,277,28,27,150,26,27,160,115,287,229,270,151,284,6,243,301,162,276,201,314,238,182,332,312,306,160,226,327,348,,,218,111,,,346,88,15,204,175,261,208,203,121,273,258,13,16,17,110,49,235,124,178,231,337,147,323,,240,,,346,352,353,302,344,354,339,299,263,122,359,37,277,303,61,306,177,317,299,343,333,338,76,111,134,300,276,324,301,328,314,347,259,187,266,329,330,312,160,142,,,61,54,,,346,282,293,338,335,358,359,351,358,357,284,145,292,314,316,355,348,314,344,342,352,163,338,176,,28,,,b'\x11\xe8\xe1I\xc90\xcd\xd2\xaf\x82\x12\xdf\x17\xaeN\x1e'
11E8E149-C930-CDD2-AF82-12DF17AE4E1E,2025-ncaa-d0-natl,genius_ncaa,325,292,335,326,348,342,338,299,355,325,227,359,286,298,240,262,286,248,330,249,200,299,294,345,347,341,155,197,118,265,302,216,232,246,300,335,292,178,279,330,342,346,232,223,,,156,244,,120,333,290,35,269,309,312,139,290,102,250,251,228,151,153,135,78,186,54,90,324,319,318,175,,312,,196,339,132,113,120,147,126,142,157,111,120,128,138,265,258,242,267,273,145,95,135,174,236,204,122,306,203,232,264,302,253,300,159,240,313,303,291,253,309,3,5,,,196,76,,121,333,80,348,263,336,319,290,331,287,317,218,255,340,334,339,352,332,316,361,357,285,239,330,9,,51,,67,b'\x11\xe8\xe1I\xc90\xcd\xd2\xaf\x82\x12\xdf\x17\xaeN\x1e'
11E8E149-C930-CDD2-AF82-12DF17AE4E1E,2025-ncaa-d1-conf-Southland,genius_ncaa,9,9,9,9,12,10,11,10,10,9,5,12,7,8,7,6,10,9,12,9,8,10,10,10,11,11,6,6,7,9,10,4,9,8,10,11,10,6,6,11,12,12,7,7,,,6,8,,2,11,8,3,7,10,10,3,9,4,6,7,8,8,8,3,3,7,4,5,11,9,11,7,,10,,2,11,10,9,10,7,9,9,8,8,6,8,5,10,9,8,10,8,10,8,7,6,11,6,4,9,11,9,12,10,12,10,8,4,10,11,10,9,11,1,1,,,8,2,,5,11,6,11,12,11,11,10,11,10,10,9,12,10,10,10,12,11,12,12,12,9,10,10,1,,2,,4,b'\x11\xe8\xe1I\xc90\xcd\xd2\xaf\x82\x12\xdf\x17\xaeN\x1e'
11E8E149-C930-CDD2-AF82-12DF17AE4E1E,2025-ncaa-d1-natl,genius_ncaa,279,292,172,290,226,237,232,145,311,212,95,340,251,250,229,275,208,160,307,164,235,144,119,320,320,323,214,236,144,130,217,84,215,92,233,262,260,299,252,297,208,257,142,167,,,270,233,,191,275,123,36,269,251,239,90,209,76,248,254,198,138,147,89,55,111,43,39,273,311,200,138,,296,,208,274,209,166,243,80,178,243,98,161,224,66,154,321,321,201,325,287,273,267,72,104,127,234,123,322,284,215,328,217,321,233,195,212,156,205,172,294,263,8,4,,,110,128,,111,275,245,316,150,267,244,191,296,198,275,169,244,329,331,336,332,328,299,346,344,211,144,308,8,,73,,98,b'\x11\xe8\xe1I\xc90\xcd\xd2\xaf\x82\x12\xdf\x17\xaeN\x1e'
11E8E149-C930-CDD2-AF82-12DF17AE4E1E,2026-ncaa-d0-natl,genius_ncaa,163,80,279,147,291,313,292,283,290,259,215,315,308,331,171,309,309,320,129,319,339,295,324,307,308,210,289,258,215,237,215,339,219,320,297,280,199,3,16,62,122,19,357,339,,,133,355,,36,174,329,346,97,264,235,125,183,43,281,312,266,287,287,165,328,150,348,308,225,8,37,357,,302,,58,175,17,10,13,209,11,8,295,59,80,113,327,129,129,200,123,358,16,34,226,258,145,333,241,327,30,219,119,215,75,297,39,277,200,24,62,2,9,321,333,,,312,169,,127,174,37,194,124,170,64,28,1,23,2,136,186,244,252,241,2,19,68,308,226,103,60,4,355,,245,,63,b'\x11\xe8\xe1I\xc90\xcd\xd2\xaf\x82\x12\xdf\x17\xaeN\x1e'
11E8E149-C930-CDD2-AF82-12DF17AE4E1E,2026-ncaa-d1-natl,genius_ncaa,110,80,177,113,197,198,174,144,232,145,68,298,228,277,96,305,200,223,128,212,321,154,233,254,254,148,257,230,208,110,172,318,126,259,234,178,172,6,6,25,15,4,357,341,,,207,334,,34,74,262,288,100,166,139,45,110,20,214,274,186,212,196,61,211,68,346,259,137,6,8,359,,263,,39,68,25,15,14,163,12,4,295,84,157,67,336,162,159,204,152,351,16,78,191,226,49,321,236,318,21,126,254,172,154,234,37,208,38,6,12,4,8,338,294,,,224,195,,76,74,99,114,36,65,21,10,1,11,2,100,166,192,185,184,1,33,23,319,191,47,12,6,348,,204,,66,b'\x11\xe8\xe1I\xc90\xcd\xd2\xaf\x82\x12\xdf\x17\xaeN\x1e'
11E8E149-C935-350C-AF82-12DF17AE4E1E,2010-ncaa-d0-natl,ncaa,86,114,20,107,29,48,24,17,96,10,3,127,264,282,198,329,171,19,345,19,244,15,14,165,249,202,341,318,305,7,48,97,305,28,179,141,329,272,77,207,7,18,139,200,,,338,254,,,129,17,43,89,81,29,19,10,2,302,312,252,42,42,13,20,15,217,69,212,175,13,178,,308,,,131,331,319,313,181,317,317,182,210,233,150,112,308,323,78,323,230,324,334,161,159,103,153,106,231,340,305,327,48,339,179,292,170,16,58,72,245,93,190,39,,,43,248,,,129,329,164,128,143,234,220,226,237,252,142,150,249,271,271,260,310,306,235,284,211,30,152,134,,109,,,b'\x11\xe8\xe1I\xc955\x0c\xaf\x82\x12\xdf\x17\xaeN\x1e'
11E8E149-C935-350C-AF82-12DF17AE4E1E,2010-ncaa-d1-conf-C-USA,ncaa,5,2,7,3,8,8,6,5,8,1,2,8,11,11,10,11,11,5,12,5,7,5,6,8,10,10,11,11,10,3,3,12,11,9,7,12,11,6,5,12,2,1,7,6,,,8,7,,,8,5,3,2,6,2,1,1,1,11,11,9,4,4,1,1,2,11,6,10,9,1,6,,11,,,8,4,4,4,7,3,4,8,7,9,6,10,9,6,10,6,8,4,8,6,9,4,7,8,9,7,11,6,3,7,7,4,5,2,2,2,4,3,7,2,,,8,10,,,8,8,10,2,7,9,7,7,5,6,8,10,11,9,8,7,12,10,10,10,6,2,5,7,,7,,,b'\x11\xe8\xe1I\xc955\x0c\xaf\x82\x12\xdf\x17\xaeN\x1e'
11E8E149-C935-350C-AF82-12DF17AE4E1E,2010-ncaa-d1-conf-CUSA,ncaa,5,2,7,3,8,8,6,5,8,1,2,8,11,11,10,11,11,5,12,5,7,5,6,8,10,10,11,11,10,3,3,12,11,9,7,12,11,6,5,12,2,1,7,6,,,8,7,,,8,5,3,2,6,2,1,1,1,11,11,9,4,4,1,1,2,11,6,10,9,1,6,,11,,,8,4,4,4,7,3,4,8,7,9,6,10,9,6,10,6,8,4,8,6,9,4,7,8,9,7,11,6,3,7,7,4,5,2,2,2,4,3,7,2,,,8,10,,,8,8,10,2,7,9,7,7,5,6,8,10,11,9,8,7,12,10,10,10,6,2,5,7,,7,,,b'\x11\xe8\xe1I\xc955\x0c\xaf\x82\x12\xdf\x17\xaeN\x1e'
11E8E149-C935-350C-AF82-12DF17AE4E1E,2010-ncaa-d1-natl,ncaa,89,114,22,108,29,51,25,19,100,10,3,130,272,289,199,328,177,22,345,22,243,16,14,171,256,203,341,318,302,7,50,105,312,31,184,148,330,262,79,211,8,20,144,202,,,336,254,,,135,19,47,89,83,29,22,11,2,303,313,255,41,43,16,23,16,223,74,221,175,14,178,,308,,,137,329,315,312,184,313,313,190,202,224,153,111,302,319,80,319,229,322,332,167,168,111,149,107,228,338,312,325,50,336,184,289,170,16,64,77,235,93,184,39,,,51,245,,,135,327,168,136,151,238,225,228,241,257,142,145,253,272,271,261,310,309,236,287,213,34,154,134,,107,,,b'\x11\xe8\xe1I\xc955\x0c\xaf\x82\x12\xdf\x17\xaeN\x1e'
11E8E149-C935-350C-AF82-12DF17AE4E1E,2011-ncaa-d0-natl,ncaa,71,111,26,98,38,64,47,35,131,32,17,157,216,233,155,302,104,33,334,33,202,33,22,177,203,211,307,286,212,11,16,65,192,21,46,66,198,328,198,196,30,49,138,176,,,310,206,,,109,33,79,257,120,75,64,43,26,264,282,171,65,66,50,34,10,166,34,130,259,49,174,,231,,,111,282,291,297,156,276,289,129,253,253,221,187,197,226,49,226,156,300,308,172,138,94,173,211,121,298,192,255,16,295,46,268,192,27,62,98,289,170,164,46,,,50,245,,,109,309,166,88,122,139,160,173,154,183,188,171,121,148,150,168,241,203,102,143,177,58,215,99,,133,,,b'\x11\xe8\xe1I\xc955\x0c\xaf\x82\x12\xdf\x17\xaeN\x1e'
11E8E149-C935-350C-AF82-12DF17AE4E1E,2011-ncaa-d1-conf-C-USA,ncaa,4,6,1,6,3,4,2,3,6,4,4,7,5,7,2,8,4,2,12,2,3,3,1,5,8,9,8,6,9,2,2,4,5,3,2,3,4,11,6,5,3,5,6,5,,,11,7,,,5,2,5,9,6,5,5,5,5,7,7,8,2,2,3,2,2,6,3,4,8,4,7,,8,,,5,11,10,9,6,6,7,8,10,10,8,10,7,6,9,7,7,9,9,9,7,5,8,9,6,7,5,9,2,10,2,9,6,2,3,5,9,5,4,1,,,3,10,,,5,10,7,5,7,6,4,6,3,5,9,9,5,5,6,5,6,5,4,5,7,3,5,1,,5,,,b'\x11\xe8\xe1I\xc955\x0c\xaf\x82\x12\xdf\x17\xaeN\x1e'
11E8E149-C935-350C-AF82-12DF17AE4E1E,2011-ncaa-d1-conf-CUSA,ncaa,4,6,1,6,3,4,2,3,6,4,4,7,5,7,2,8,4,2,12,2,3,3,1,5,8,9,8,6,9,2,2,4,5,3,2,3,4,11,6,5,3,5,6,5,,,11,7,,,5,2,5,9,6,5,5,5,5,7,7,8,2,2,3,2,2,6,3,4,8,4,7,,8,,,5,11,10,9,6,6,7,8,10,10,8,10,7,6,9,7,7,9,9,9,7,5,8,9,6,7,5,9,2,10,2,9,6,2,3,5,9,5,4,1,,,3,10,,,5,10,7,5,7,6,4,6,3,5,9,9,5,5,6,5,6,5,4,5,7,3,5,1,,5,,,b'\x11\xe8\xe1I\xc955\x0c\xaf\x82\x12\xdf\x17\xaeN\x1e'
11E8E149-C935-350C-AF82-12DF17AE4E1E,2011-ncaa-d1-natl,ncaa,76,110,28,103,45,74,50,38,136,35,18,164,225,241,158,301,113,37,335,37,201,36,23,180,211,215,306,286,211,11,17,76,193,22,49,72,202,321,200,201,33,53,149,179,,,307,208,,,116,36,80,260,128,79,69,43,26,261,281,173,67,68,51,35,12,170,34,133,261,51,178,,234,,,117,274,279,292,161,258,280,132,247,243,222,187,186,215,48,215,150,294,305,173,140,104,171,210,119,291,193,236,17,278,49,262,191,32,67,101,282,172,152,47,,,60,243,,,116,305,173,98,130,147,164,178,159,186,187,173,120,150,148,170,241,203,103,144,178,62,216,105,,134,,,b'\x11\xe8\xe1I\xc955\x0c\xaf\x82\x12\xdf\x17\xaeN\x1e'
11E8E149-C935-350C-AF82-12DF17AE4E1E,2012-ncaa-d0-natl,ncaa,23,27,48,28,74,44,35,35,79,19,26,85,230,206,261,281,44,6,342,5,68,24,26,139,172,117,300,299,149,17,51,46,234,21,106,46,156,137,32,42,17,23,189,248,,,273,128,,,38,41,70,262,50,40,40,20,21,263,247,69,4,4,12,31,16,99,20,60,75,18,231,,201,,,39,214,238,300,91,266,310,82,160,175,129,100,129,182,25,181,74,298,315,85,54,34,68,128,92,320,234,300,51,321,106,204,134,24,58,50,116,39,255,101,,,18,70,,,38,302,74,46,42,121,161,221,184,271,115,111,77,124,126,205,280,283,211,263,134,35,76,208,,20,,,b'\x11\xe8\xe1I\xc955\x0c\xaf\x82\x12\xdf\x17\xaeN\x1e'
11E8E149-C935-350C-AF82-12DF17AE4E1E,2012-ncaa-d1-conf-C-USA,ncaa,2,2,3,2,5,3,2,3,3,1,2,3,10,10,8,10,2,1,12,1,2,2,2,4,6,3,11,11,5,2,3,3,8,2,5,4,7,3,2,3,1,1,8,10,,,8,3,,,2,2,1,7,2,1,2,1,2,10,10,2,1,1,1,1,2,4,3,4,3,1,8,,8,,,2,7,8,9,2,6,10,2,11,8,11,7,3,4,6,4,1,8,11,6,3,3,10,10,2,10,8,10,3,9,5,7,4,1,2,3,4,2,6,3,,,1,2,,,2,11,3,4,2,7,8,11,5,11,10,8,2,1,2,10,10,10,10,9,6,1,3,5,,1,,,b'\x11\xe8\xe1I\xc955\x0c\xaf\x82\x12\xdf\x17\xaeN\x1e'
11E8E149-C935-350C-AF82-12DF17AE4E1E,2012-ncaa-d1-conf-CUSA,ncaa,2,2,3,2,5,3,2,3,3,1,2,3,10,10,8,10,2,1,12,1,2,2,2,4,6,3,11,11,5,2,3,3,8,2,5,4,7,3,2,3,1,1,8,10,,,8,3,,,2,2,1,7,2,1,2,1,2,10,10,2,1,1,1,1,2,4,3,4,3,1,8,,8,,,2,7,8,9,2,6,10,2,11,8,11,7,3,4,6,4,1,8,11,6,3,3,10,10,2,10,8,10,3,9,5,7,4,1,2,3,4,2,6,3,,,1,2,,,2,11,3,4,2,7,8,11,5,11,10,8,2,1,2,10,10,10,10,9,6,1,3,5,,1,,,b'\x11\xe8\xe1I\xc955\x0c\xaf\x82\x12\xdf\x17\xaeN\x1e'
11E8E149-C935-350C-AF82-12DF17AE4E1E,2012-ncaa-d1-natl,ncaa,27,27,55,30,83,48,38,37,82,22,27,86,238,217,264,280,50,9,342,7,63,27,30,145,180,116,298,296,144,20,52,57,237,23,114,51,162,115,32,44,19,26,201,251,,,263,128,,,46,47,74,262,56,42,41,20,21,262,249,69,5,5,12,36,16,104,21,62,75,21,232,,203,,,45,199,231,291,101,250,307,88,150,160,138,100,118,167,27,168,76,288,312,89,61,39,68,127,92,314,237,295,52,316,114,194,135,27,61,56,99,40,246,103,,,23,66,,,46,298,80,56,45,125,166,223,198,274,116,109,78,127,128,209,280,284,218,268,138,36,75,216,,20,,,b'\x11\xe8\xe1I\xc955\x0c\xaf\x82\x12\xdf\x17\xaeN\x1e'
11E8E149-C935-350C-AF82-12DF17AE4E1E,2013-ncaa-d0-natl,ncaa,128,145,80,146,94,58,47,50,83,26,27,80,244,226,267,278,72,51,241,47,188,46,39,129,140,121,309,297,177,35,62,94,229,49,125,215,338,231,116,237,70,111,128,168,,,336,305,,,122,54,34,215,50,34,40,19,25,262,247,82,57,55,28,26,37,117,52,252,190,79,157,,329,,,122,307,276,284,195,263,267,189,246,239,200,173,307,312,119,312,264,294,300,199,211,190,226,172,245,296,229,259,62,286,125,257,170,62,115,131,190,103,253,133,,,75,203,,,122,296,102,193,120,273,248,263,237,238,232,221,286,294,294,288,314,274,197,249,219,76,153,224,,87,,,b'\x11\xe8\xe1I\xc955\x0c\xaf\x82\x12\xdf\x17\xaeN\x1e'
11E8E149-C935-350C-AF82-12DF17AE4E1E,2013-ncaa-d1-conf-C-USA,ncaa,8,6,6,8,10,7,7,5,8,3,4,5,10,9,11,10,6,5,7,5,7,5,6,10,10,8,11,12,6,2,1,9,10,7,7,11,12,4,4,10,6,7,9,8,,,9,11,,,8,7,1,5,2,4,2,2,1,10,8,6,3,3,1,1,1,8,4,11,7,5,8,,12,,,8,8,5,6,9,5,3,10,5,7,6,10,10,9,12,9,10,7,8,10,10,10,10,5,9,11,10,5,1,6,7,9,9,6,4,5,5,2,10,10,,,8,9,,,8,6,5,10,8,11,8,9,8,6,7,10,10,10,10,10,11,11,7,9,10,4,7,12,,8,,,b'\x11\xe8\xe1I\xc955\x0c\xaf\x82\x12\xdf\x17\xaeN\x1e'
11E8E149-C935-350C-AF82-12DF17AE4E1E,2013-ncaa-d1-conf-CUSA,ncaa,8,6,6,8,10,7,7,5,8,3,4,5,10,9,11,10,6,5,7,5,7,5,6,10,10,8,11,12,6,2,1,9,10,7,7,11,12,4,4,10,6,7,9,8,,,9,11,,,8,7,1,5,2,4,2,2,1,10,8,6,3,3,1,1,1,8,4,11,7,5,8,,12,,,8,8,5,6,9,5,3,10,5,7,6,10,10,9,12,9,10,7,8,10,10,10,10,5,9,11,10,5,1,6,7,9,9,6,4,5,5,2,10,10,,,8,9,,,8,6,5,10,8,11,8,9,8,6,7,10,10,10,10,10,11,11,7,9,10,4,7,12,,8,,,b'\x11\xe8\xe1I\xc955\x0c\xaf\x82\x12\xdf\x17\xaeN\x1e'
11E8E149-C935-350C-AF82-12DF17AE4E1E,2013-ncaa-d1-natl,ncaa,135,145,90,150,111,63,55,57,84,28,30,83,251,230,268,279,80,56,240,51,188,54,47,129,143,125,305,295,176,39,65,104,234,57,130,231,338,222,117,243,78,121,134,170,,,334,306,,,133,60,35,210,52,34,40,19,25,263,248,83,61,57,30,29,39,119,53,259,191,88,158,,330,,,132,299,268,273,201,257,255,193,242,230,201,175,300,310,127,310,266,290,293,204,216,194,225,171,245,291,234,242,65,280,130,244,170,75,120,141,180,105,247,138,,,82,200,,,133,290,104,199,130,275,251,267,244,242,235,221,292,296,294,294,313,276,200,252,223,81,155,230,,88,,,b'\x11\xe8\xe1I\xc955\x0c\xaf\x82\x12\xdf\x17\xaeN\x1e'
11E8E149-C935-350C-AF82-12DF17AE4E1E,2014-ncaa-d0-natl,ncaa,197,224,131,219,131,208,181,159,231,140,82,277,250,286,112,297,228,147,329,150,248,158,140,256,277,286,283,254,213,112,126,237,231,177,187,229,246,263,242,266,107,112,195,234,,,222,234,,,241,155,215,1,255,211,166,145,74,267,297,244,165,167,167,140,119,274,201,256,259,114,212,,226,,,236,181,217,141,282,260,229,234,94,44,296,43,166,191,46,186,155,153,201,256,248,178,56,74,159,163,231,191,126,192,187,157,108,82,70,83,123,114,133,87,,,132,142,,,241,203,272,173,229,190,222,111,258,245,87,40,164,191,191,122,192,161,193,174,157,74,127,126,,134,,,b'\x11\xe8\xe1I\xc955\x0c\xaf\x82\x12\xdf\x17\xaeN\x1e'
11E8E149-C935-350C-AF82-12DF17AE4E1E,2014-ncaa-d1-conf-AAC,ncaa,7,7,7,7,7,7,7,7,6,5,4,7,7,8,5,7,9,8,9,8,8,7,8,7,7,7,9,7,6,8,7,10,6,9,8,7,7,3,6,6,4,4,9,8,,,6,10,,,7,7,6,1,7,7,4,5,3,5,7,9,6,6,6,5,7,9,9,7,5,4,9,,10,,,7,8,8,1,10,7,1,10,6,3,9,4,7,8,4,9,9,1,1,10,10,10,6,6,6,1,6,6,7,3,8,8,8,5,3,7,4,5,4,4,,,6,6,,,7,2,7,9,7,8,8,3,7,4,7,4,7,8,9,4,4,1,8,6,8,3,5,5,,6,,,b'\x11\xe8\xe1I\xc955\x0c\xaf\x82\x12\xdf\x17\xaeN\x1e'
11E8E149-C935-350C-AF82-12DF17AE4E1E,2014-ncaa-d1-natl,ncaa,211,223,145,224,145,232,206,184,238,162,97,284,261,291,110,297,243,166,328,171,245,182,162,263,283,287,282,256,212,131,129,261,234,204,197,251,252,244,247,273,120,123,206,237,,,209,236,,,251,182,217,1,264,215,168,150,78,268,297,245,167,171,172,144,126,279,208,261,259,122,216,,224,,,247,161,200,115,289,250,209,244,84,32,297,43,160,182,49,180,158,120,169,270,254,184,56,72,161,146,234,172,129,170,197,141,111,96,72,87,111,114,127,86,,,152,139,,,251,173,277,182,240,194,232,114,264,245,86,40,168,194,194,123,193,161,202,182,157,80,126,131,,135,,,b'\x11\xe8\xe1I\xc955\x0c\xaf\x82\x12\xdf\x17\xaeN\x1e'
11E8E149-C935-350C-AF82-12DF17AE4E1E,2015-ncaa-d0-natl,ncaa,188,209,113,207,141,239,179,120,254,137,81,263,251,241,260,256,323,283,329,280,334,147,133,277,310,302,309,241,322,96,147,235,291,176,241,240,275,225,213,265,109,104,228,219,,,245,251,,,236,154,202,199,284,213,129,143,70,267,249,339,305,302,171,163,103,279,210,257,212,108,239,,236,,,235,138,134,144,175,120,144,151,203,184,250,201,167,149,233,155,169,134,202,182,180,121,222,237,177,242,291,236,147,252,241,193,247,84,66,102,86,81,207,150,,,227,280,,,236,184,295,131,242,129,116,96,107,104,205,173,141,136,140,85,159,240,219,228,179,70,91,197,,270,,,b'\x11\xe8\xe1I\xc955\x0c\xaf\x82\x12\xdf\x17\xaeN\x1e'
11E8E149-C935-350C-AF82-12DF17AE4E1E,2015-ncaa-d1-conf-AAC,ncaa,7,7,4,7,6,8,8,6,8,4,3,7,11,11,9,11,11,10,11,10,11,6,5,8,8,8,11,11,10,6,7,9,9,7,8,9,10,7,6,8,5,6,8,8,,,10,10,,,7,6,8,4,8,8,6,4,2,11,11,11,11,11,6,7,7,10,7,9,5,6,9,,10,,,7,6,3,5,5,2,3,3,8,6,9,7,7,7,10,7,7,5,6,6,7,5,9,7,9,7,9,9,7,8,8,7,9,4,5,4,4,4,2,2,,,8,9,,,7,6,8,6,7,4,5,3,3,2,9,5,7,7,7,5,5,7,7,7,7,4,4,2,,9,,,b'\x11\xe8\xe1I\xc955\x0c\xaf\x82\x12\xdf\x17\xaeN\x1e'
11E8E149-C935-350C-AF82-12DF17AE4E1E,2015-ncaa-d1-natl,ncaa,206,207,143,217,178,267,209,147,261,157,93,268,263,256,267,256,332,299,329,294,334,187,167,282,313,306,310,239,322,117,154,275,296,212,254,265,279,211,217,271,122,110,241,228,,,228,256,,,250,197,208,194,291,220,133,149,72,271,253,339,308,302,182,167,112,286,220,269,213,112,241,,235,,,249,106,112,109,190,96,117,157,191,167,258,200,148,128,232,135,172,95,162,194,190,129,220,236,177,223,296,211,154,225,254,177,250,95,71,113,73,85,195,155,,,258,279,,,250,142,302,142,258,137,125,97,112,107,206,173,143,137,144,88,158,249,225,236,192,74,93,200,,269,,,b'\x11\xe8\xe1I\xc955\x0c\xaf\x82\x12\xdf\x17\xaeN\x1e'
11E8E149-C935-350C-AF82-12DF17AE4E1E,2016-ncaa-d0-natl,ncaa,119,111,114,121,107,108,74,99,54,50,81,51,218,203,239,236,202,221,142,217,301,116,100,94,110,142,313,268,282,152,162,241,300,213,241,113,217,282,234,174,32,36,201,229,,,217,141,,,165,85,122,4,95,48,91,35,77,227,210,234,254,253,119,77,177,292,261,101,266,22,213,,197,,,165,267,299,249,276,287,227,264,256,229,265,208,100,92,232,100,75,231,266,279,253,184,119,213,53,279,300,162,162,215,241,304,258,49,61,155,182,141,81,44,,,185,269,,,165,257,156,195,173,256,285,248,276,218,250,232,93,82,90,217,291,267,132,188,297,37,176,76,,214,,,b'\x11\xe8\xe1I\xc955\x0c\xaf\x82\x12\xdf\x17\xaeN\x1e'
11E8E149-C935-350C-AF82-12DF17AE4E1E,2016-ncaa-d1-conf-AAC,ncaa,4,4,8,4,7,4,3,8,2,2,7,2,7,11,4,10,8,7,8,7,7,8,7,2,3,3,11,9,8,8,5,11,10,10,8,3,5,8,8,6,3,3,9,9,,,8,9,,,4,8,6,1,4,2,6,2,4,7,9,8,7,7,6,5,8,11,8,2,9,3,9,,9,,,4,8,6,2,10,5,3,9,8,6,11,7,6,5,7,5,7,3,6,11,11,7,9,7,5,6,10,2,5,2,8,10,10,3,2,6,6,6,4,4,,,6,7,,,4,4,3,7,5,8,9,5,7,4,10,8,7,6,6,7,11,9,3,4,10,2,7,4,,5,,,b'\x11\xe8\xe1I\xc955\x0c\xaf\x82\x12\xdf\x17\xaeN\x1e'
11E8E149-C935-350C-AF82-12DF17AE4E1E,2016-ncaa-d1-natl,ncaa,134,111,142,128,132,133,91,129,62,59,93,54,232,217,244,235,230,253,143,249,300,154,135,96,114,147,308,268,280,182,171,273,308,254,251,136,221,264,238,181,40,39,218,232,,,187,144,,,181,108,125,4,101,51,94,37,79,230,213,238,255,255,130,80,185,296,273,113,266,26,219,,200,,,181,248,280,224,282,273,206,273,243,216,269,206,86,78,233,82,79,200,244,290,266,196,118,210,56,257,308,133,171,183,251,297,259,57,67,174,164,142,71,46,,,217,267,,,181,232,164,205,186,260,287,252,281,223,250,226,98,86,94,221,293,273,138,195,301,41,179,77,,216,,,b'\x11\xe8\xe1I\xc955\x0c\xaf\x82\x12\xdf\x17\xaeN\x1e'
11E8E149-C935-350C-AF82-12DF17AE4E1E,2017-ncaa-d0-natl,ncaa,184,184,168,190,199,256,231,267,158,166,156,180,300,310,237,284,270,221,309,229,258,262,260,213,240,241,311,294,218,234,168,332,293,323,262,201,129,169,234,205,56,28,294,287,,,90,165,,,238,265,298,193,290,244,292,157,146,306,313,277,229,237,286,289,237,342,340,199,192,42,298,,99,,,236,90,114,49,283,135,68,282,115,84,215,184,116,59,344,60,136,38,70,280,292,196,131,162,159,104,293,51,168,56,262,181,256,103,38,132,84,134,38,45,,,232,173,,,238,77,253,206,241,112,126,35,155,51,128,98,116,77,78,29,52,125,64,70,195,78,99,46,,242,,,b'\x11\xe8\xe1I\xc955\x0c\xaf\x82\x12\xdf\x17\xaeN\x1e'
11E8E149-C935-350C-AF82-12DF17AE4E1E,2017-ncaa-d1-conf-AAC,ncaa,6,5,8,6,9,10,11,11,6,10,10,6,8,8,4,7,9,10,9,10,7,11,11,6,7,8,8,7,6,10,8,11,9,11,10,8,5,5,7,5,3,3,8,7,,,4,6,,,7,11,11,2,10,9,11,10,9,8,8,9,10,10,11,11,10,11,11,6,6,2,8,,5,,,7,4,4,2,9,4,2,9,3,2,8,6,6,4,11,4,5,1,1,9,9,6,8,7,6,3,9,3,8,3,10,5,9,5,3,4,2,5,3,6,,,10,6,,,7,1,8,6,8,5,5,2,4,2,4,4,6,4,4,2,3,5,4,4,5,3,3,4,,10,,,b'\x11\xe8\xe1I\xc955\x0c\xaf\x82\x12\xdf\x17\xaeN\x1e'
11E8E149-C935-350C-AF82-12DF17AE4E1E,2017-ncaa-d1-natl,ncaa,194,181,217,195,266,295,271,308,170,190,192,192,310,322,242,282,289,249,308,251,260,306,309,224,251,245,309,288,212,261,179,342,299,338,274,223,136,144,238,212,71,29,305,294,,,68,166,,,249,313,301,178,296,253,301,165,151,309,316,282,230,234,299,293,242,342,342,206,194,48,303,,101,,,250,61,86,22,294,115,45,290,96,59,225,185,98,50,344,50,135,17,24,289,299,206,126,159,156,77,299,25,179,25,274,162,258,131,43,141,66,139,30,48,,,266,171,,,249,31,261,219,252,120,128,35,165,55,129,99,119,77,80,29,50,124,64,70,203,87,97,45,,244,,,b'\x11\xe8\xe1I\xc955\x0c\xaf\x82\x12\xdf\x17\xaeN\x1e'
11E8E149-C935-350C-AF82-12DF17AE4E1E,2018-ncaa-d0-natl,ncaa,245,263,164,255,185,258,218,275,123,175,188,150,275,307,154,269,298,290,271,286,294,286,229,150,176,274,301,249,269,276,219,246,297,270,242,186,127,334,336,279,229,243,281,301,,,24,21,,,303,208,202,117,286,225,308,156,179,273,303,308,290,290,316,236,281,246,290,177,324,224,287,,33,,,299,225,280,230,290,305,271,298,91,114,101,97,70,26,342,27,19,191,172,244,237,246,12,58,46,277,297,87,219,147,242,303,271,212,216,287,343,339,13,28,,,268,255,,,303,146,288,278,300,251,305,284,327,309,110,122,85,36,37,237,220,293,89,182,318,203,336,19,,266,,,b'\x11\xe8\xe1I\xc955\x0c\xaf\x82\x12\xdf\x17\xaeN\x1e'
11E8E149-C935-350C-AF82-12DF17AE4E1E,2018-ncaa-d1-conf-AAC,ncaa,9,8,9,9,10,11,11,12,4,8,11,4,8,9,3,7,12,11,9,11,7,12,12,5,5,9,8,5,11,12,11,8,10,12,8,9,3,11,12,10,9,7,10,11,,,2,2,,,10,12,10,3,11,10,12,8,10,8,8,12,11,11,12,12,12,8,12,7,11,7,10,,3,,,10,4,8,8,7,9,8,7,2,4,3,6,2,2,12,2,2,5,3,7,7,9,1,4,2,11,10,3,11,4,8,9,9,11,11,11,11,12,3,4,,,12,12,,,10,1,10,10,10,6,10,12,10,11,3,6,3,2,3,8,6,12,4,6,11,11,12,3,,12,,,b'\x11\xe8\xe1I\xc955\x0c\xaf\x82\x12\xdf\x17\xaeN\x1e'
11E8E149-C935-350C-AF82-12DF17AE4E1E,2018-ncaa-d1-natl,ncaa,262,263,213,263,241,291,263,310,129,206,228,159,290,320,155,268,315,307,270,301,296,317,283,158,185,278,299,245,265,291,226,285,300,302,256,212,129,327,337,289,251,247,291,307,,,14,22,,,309,267,207,99,291,252,314,172,182,278,304,311,295,294,320,244,285,258,296,189,326,232,290,,35,,,309,197,266,202,299,302,254,307,76,86,102,95,54,19,342,19,19,147,117,259,246,260,12,55,45,264,300,55,226,119,256,297,272,237,224,294,339,344,11,31,,,288,253,,,309,89,294,289,310,260,307,284,329,310,112,121,90,37,38,241,219,294,97,184,320,213,335,20,,272,,,b'\x11\xe8\xe1I\xc955\x0c\xaf\x82\x12\xdf\x17\xaeN\x1e'
11E8E149-C935-350C-AF82-12DF17AE4E1E,2019-ncaa-d0-natl,ncaa,236,269,114,254,162,261,258,153,325,195,97,316,309,252,341,274,152,129,239,130,186,143,105,337,332,332,268,294,54,41,45,155,267,94,148,246,192,316,279,306,260,284,117,142,,,224,176,,,275,143,149,247,306,303,182,231,99,325,267,159,134,131,166,99,32,180,72,275,298,270,116,,205,,,272,191,228,263,128,254,261,167,125,204,50,159,97,130,74,129,83,249,238,110,88,113,68,119,90,294,267,185,45,253,148,307,322,178,206,277,298,264,312,266,,,165,224,,,275,210,311,156,269,162,220,269,245,272,113,188,97,119,117,250,241,287,164,234,303,196,282,312,,177,,,b'\x11\xe8\xe1I\xc955\x0c\xaf\x82\x12\xdf\x17\xaeN\x1e'
11E8E149-C935-350C-AF82-12DF17AE4E1E,2019-ncaa-d1-conf-AAC,ncaa,9,9,4,9,5,8,10,8,10,5,4,9,9,8,11,8,3,3,2,3,5,7,4,10,8,11,8,10,2,4,6,5,9,5,8,11,8,11,9,10,10,10,5,8,,,8,4,,,12,4,4,5,8,10,8,8,5,10,9,3,4,3,7,3,4,6,6,10,11,10,6,,5,,,11,11,11,12,9,11,10,8,9,10,2,8,5,3,11,3,3,12,9,8,8,9,5,8,4,10,9,10,6,11,8,12,8,8,11,11,11,9,10,9,,,8,10,,,12,9,11,8,12,10,11,12,10,9,7,10,4,3,3,11,10,9,10,9,11,10,10,9,,9,,,b'\x11\xe8\xe1I\xc955\x0c\xaf\x82\x12\xdf\x17\xaeN\x1e'
11E8E149-C935-350C-AF82-12DF17AE4E1E,2019-ncaa-d1-natl,ncaa,232,266,107,253,142,255,259,154,314,182,92,309,312,258,336,276,146,124,237,122,182,144,105,330,322,324,272,294,50,45,51,151,265,89,152,241,183,310,280,299,265,284,114,147,,,219,173,,,269,144,151,247,296,298,190,222,106,321,273,150,130,129,176,105,46,178,84,270,294,272,118,,209,,,267,186,226,271,127,257,274,167,115,199,41,152,96,127,73,123,78,257,237,106,82,115,57,105,89,290,265,184,51,248,152,307,322,180,211,275,292,261,321,271,,,151,210,,,269,212,306,149,263,159,221,270,250,276,104,174,94,120,115,251,241,287,156,226,304,202,276,313,,166,,,b'\x11\xe8\xe1I\xc955\x0c\xaf\x82\x12\xdf\x17\xaeN\x1e'
11E8E149-C935-350C-AF82-12DF17AE4E1E,2020-ncaa-d0-natl,ncaa,182,216,33,200,81,107,109,138,105,83,82,166,197,249,72,278,74,35,288,31,107,99,44,125,142,201,226,240,112,65,48,167,295,105,126,107,146,330,288,233,118,156,77,118,,,140,58,,,206,51,119,273,164,162,232,121,119,221,282,108,62,57,187,98,88,244,167,134,305,149,98,,92,,,200,288,311,296,260,316,298,266,219,228,169,156,107,168,19,176,101,297,311,240,186,204,68,144,46,319,295,82,48,199,126,326,273,121,187,263,330,305,233,167,,,45,125,,,206,282,183,247,214,237,283,257,291,252,180,183,83,136,138,240,243,295,39,120,299,162,311,197,,100,,,b'\x11\xe8\xe1I\xc955\x0c\xaf\x82\x12\xdf\x17\xaeN\x1e'
11E8E149-C935-350C-AF82-12DF17AE4E1E,2020-ncaa-d1-conf-AAC,ncaa,10,11,3,11,6,6,5,11,5,6,6,5,5,7,4,8,5,3,7,3,4,11,6,6,6,6,6,7,4,8,4,7,9,8,6,4,5,10,10,8,10,10,5,6,,,2,2,,,9,5,8,6,6,7,12,6,7,6,8,5,2,2,11,9,7,9,7,5,10,10,5,,2,,,9,10,12,10,10,10,7,11,11,12,9,10,3,3,5,3,2,9,7,11,8,11,4,11,2,10,9,3,4,5,6,12,7,10,10,11,12,12,8,8,,,5,4,,,9,6,6,11,10,10,12,12,11,7,11,12,3,3,3,11,4,9,4,4,12,10,11,7,,4,,,b'\x11\xe8\xe1I\xc955\x0c\xaf\x82\x12\xdf\x17\xaeN\x1e'
11E8E149-C935-350C-AF82-12DF17AE4E1E,2020-ncaa-d1-natl,ncaa,199,215,45,208,117,133,142,172,109,106,100,176,213,261,77,281,90,44,287,40,99,135,71,133,147,209,226,237,107,81,51,194,302,134,134,124,151,326,291,249,140,169,91,123,,,118,57,,,218,79,122,273,172,173,242,128,124,226,283,107,63,60,197,103,96,250,181,142,307,161,103,,95,,,218,274,303,282,271,306,283,272,209,209,176,152,99,155,19,163,100,279,288,251,195,222,64,144,49,309,302,63,51,172,134,321,273,150,196,274,325,308,217,171,,,64,122,,,218,250,193,262,225,247,289,260,299,254,182,184,85,138,143,244,245,298,39,125,305,172,314,196,,100,,,b'\x11\xe8\xe1I\xc955\x0c\xaf\x82\x12\xdf\x17\xaeN\x1e'
11E8E149-C935-350C-AF82-12DF17AE4E1E,2021-ncaa-d0-natl,ncaa,290,276,248,302,260,257,244,248,215,193,178,217,303,292,313,303,249,251,215,250,286,254,228,261,271,302,325,317,193,112,20,214,176,183,35,179,53,279,324,263,269,266,103,88,,,69,59,,,284,240,74,121,246,185,159,87,51,322,305,233,227,226,177,32,36,73,26,98,337,250,65,,103,,,285,117,126,131,169,138,144,167,139,143,161,183,100,101,150,99,94,122,104,158,143,216,131,191,94,128,176,65,20,79,35,243,329,277,283,323,322,339,251,259,,,259,286,,,284,104,285,226,284,254,267,305,257,274,222,247,144,164,159,302,268,236,60,103,328,254,342,314,,220,,,b'\x11\xe8\xe1I\xc955\x0c\xaf\x82\x12\xdf\x17\xaeN\x1e'
11E8E149-C935-350C-AF82-12DF17AE4E1E,2021-ncaa-d1-conf-AAC,ncaa,10,9,9,10,9,9,9,9,5,7,8,5,10,8,10,10,10,10,4,10,11,9,9,7,8,10,11,10,10,8,1,8,4,9,2,9,4,7,11,10,9,10,5,3,,,2,1,,,11,9,5,5,8,6,6,2,4,10,10,9,11,11,9,4,4,3,2,5,11,10,2,,1,,,11,5,6,5,10,5,4,9,6,5,9,8,2,2,4,2,1,3,3,10,9,11,4,7,1,2,4,2,1,2,2,7,10,9,11,11,9,11,6,8,,,10,11,,,11,3,9,11,11,11,11,11,11,10,10,9,3,3,3,11,7,5,2,3,11,11,11,9,,10,,,b'\x11\xe8\xe1I\xc955\x0c\xaf\x82\x12\xdf\x17\xaeN\x1e'
11E8E149-C935-350C-AF82-12DF17AE4E1E,2021-ncaa-d1-natl,ncaa,296,275,259,307,265,270,257,259,224,211,194,223,306,298,313,306,263,265,215,264,286,262,240,266,276,305,325,318,191,130,26,233,180,205,38,196,51,270,326,267,277,272,109,89,,,61,62,,,290,250,75,118,255,187,164,90,51,322,306,236,227,226,185,35,39,79,29,101,336,253,66,,105,,,293,105,116,116,179,126,130,176,133,131,166,178,92,92,152,90,96,109,93,167,150,228,129,193,97,117,180,60,26,70,38,239,330,285,285,324,318,341,245,266,,,268,286,,,290,93,288,236,291,260,271,305,261,275,228,247,149,165,160,303,266,241,59,106,330,260,342,313,,220,,,b'\x11\xe8\xe1I\xc955\x0c\xaf\x82\x12\xdf\x17\xaeN\x1e'
11E8E149-C935-350C-AF82-12DF17AE4E1E,2022-ncaa-d0-natl,ncaa,139,106,216,132,236,224,251,237,265,238,179,299,237,262,150,256,81,86,143,91,66,213,228,262,224,218,128,227,26,75,24,194,204,140,70,292,306,157,189,271,255,241,93,96,,,84,138,,,160,263,266,195,208,257,226,229,138,231,254,50,54,57,179,160,37,144,59,304,195,249,73,,131,,,160,75,89,133,103,147,203,105,46,61,69,61,130,164,57,169,155,136,104,80,74,129,75,71,204,185,204,42,24,79,70,152,229,298,286,267,131,169,335,342,,,83,17,,,160,95,169,146,163,113,137,186,196,273,51,72,157,206,210,191,134,229,47,108,184,290,172,345,,25,,,b'\x11\xe8\xe1I\xc955\x0c\xaf\x82\x12\xdf\x17\xaeN\x1e'
11E8E149-C935-350C-AF82-12DF17AE4E1E,2022-ncaa-d1-conf-AAC,ncaa,7,7,4,7,7,5,7,8,8,9,9,9,2,5,1,6,4,5,6,5,3,8,7,4,4,4,2,3,3,8,7,8,5,7,6,11,11,8,8,11,11,11,8,9,,,7,7,,,9,7,8,9,4,9,11,9,9,2,6,3,4,4,9,6,8,6,7,11,7,10,8,,6,,,7,9,9,6,10,10,7,9,5,6,6,5,9,9,5,9,8,7,4,10,9,10,5,4,6,4,5,6,7,5,6,7,4,11,11,11,2,3,9,9,,,3,1,,,9,5,5,10,10,8,7,6,9,6,4,4,8,9,9,6,5,5,6,4,6,11,3,9,,2,,,b'\x11\xe8\xe1I\xc955\x0c\xaf\x82\x12\xdf\x17\xaeN\x1e'
11E8E149-C935-350C-AF82-12DF17AE4E1E,2022-ncaa-d1-natl,ncaa,157,106,270,143,285,260,291,279,278,271,216,311,251,273,155,257,96,103,144,111,64,255,275,278,238,234,122,227,19,94,27,232,210,174,76,318,310,125,195,289,283,254,109,103,,,62,144,,,188,307,273,184,223,279,235,242,144,235,256,51,55,56,187,171,39,161,66,315,198,264,77,,137,,,186,60,69,98,114,131,163,117,31,48,76,61,111,138,66,142,154,99,55,91,86,143,73,70,202,166,210,16,27,47,76,137,235,320,290,280,114,173,331,345,,,99,13,,,188,52,179,159,185,125,150,189,201,275,52,71,162,211,217,195,125,234,50,115,198,294,178,345,,25,,,b'\x11\xe8\xe1I\xc955\x0c\xaf\x82\x12\xdf\x17\xaeN\x1e'
11E8E149-C935-350C-AF82-12DF17AE4E1E,2023-ncaa-d0-natl,ncaa,59,74,46,72,56,80,94,34,259,82,27,286,177,163,209,286,40,18,334,19,85,31,36,270,268,208,199,252,67,4,7,54,80,14,14,272,353,166,47,251,91,137,93,119,,,286,214,,,73,74,171,148,127,146,38,114,35,217,217,54,19,19,26,41,5,75,7,324,90,149,113,,204,,,75,216,218,280,80,266,305,100,82,149,33,84,275,280,116,285,204,290,292,50,62,62,78,52,273,193,80,276,7,257,14,260,268,102,163,187,66,12,351,287,,,23,72,,,73,296,119,53,72,79,88,149,164,244,34,77,212,232,239,169,170,108,161,132,191,165,26,341,,36,,,b'\x11\xe8\xe1I\xc955\x0c\xaf\x82\x12\xdf\x17\xaeN\x1e'
11E8E149-C935-350C-AF82-12DF17AE4E1E,2023-ncaa-d1-conf-AAC,ncaa,3,2,5,3,5,8,7,4,9,6,4,9,7,6,9,7,5,5,7,5,6,4,5,9,9,9,7,8,4,1,1,5,2,1,2,11,11,1,1,10,4,3,5,5,,,5,9,,,4,10,11,4,7,7,2,6,4,7,6,5,5,5,2,4,1,3,1,11,1,4,5,,7,,,4,2,1,3,2,1,2,3,2,3,4,4,4,5,3,5,7,2,3,2,2,3,5,4,8,2,2,4,1,3,2,4,10,3,4,4,1,1,7,6,,,4,4,,,4,2,4,3,3,2,2,3,1,3,2,3,5,6,6,1,2,2,4,3,4,4,1,7,,3,,,b'\x11\xe8\xe1I\xc955\x0c\xaf\x82\x12\xdf\x17\xaeN\x1e'
11E8E149-C935-350C-AF82-12DF17AE4E1E,2023-ncaa-d1-natl,ncaa,67,74,56,79,69,98,115,43,265,96,32,295,198,182,211,284,44,19,333,20,82,33,39,281,280,220,196,250,59,4,7,63,89,16,16,299,354,139,49,265,122,151,99,124,,,270,218,,,89,92,178,142,135,164,39,122,39,222,219,57,20,20,27,43,6,83,7,330,93,159,115,,214,,,90,186,192,254,86,244,292,106,69,129,33,86,264,269,122,271,209,265,273,60,67,75,75,51,272,169,89,245,7,228,16,247,276,131,175,200,56,12,351,296,,,27,69,,,89,281,123,64,86,91,95,153,169,249,36,79,224,234,242,175,168,116,165,138,202,179,26,344,,35,,,b'\x11\xe8\xe1I\xc955\x0c\xaf\x82\x12\xdf\x17\xaeN\x1e'
11E8E149-C935-350C-AF82-12DF17AE4E1E,2024-ncaa-d0-natl,ncaa,206,209,196,217,196,154,140,54,298,103,30,324,220,209,228,286,206,106,355,108,276,56,64,300,325,286,282,250,240,12,21,272,220,109,151,274,346,185,88,267,30,25,48,51,,,350,352,,,204,110,38,14,126,89,7,60,7,212,193,191,84,82,8,6,3,295,41,278,207,16,39,,352,,,204,235,201,102,321,309,266,290,3,5,114,2,347,345,228,342,316,156,232,257,299,183,24,2,349,116,220,297,21,247,151,149,113,26,27,35,91,46,355,312,,,115,226,,,204,252,218,156,199,274,241,107,332,323,4,2,351,349,348,210,306,140,327,282,165,15,114,358,,61,,,b'\x11\xe8\xe1I\xc955\x0c\xaf\x82\x12\xdf\x17\xaeN\x1e'
11E8E149-C935-350C-AF82-12DF17AE4E1E,2024-ncaa-d1-conf-AAC,ncaa,8,7,8,8,10,11,9,5,14,7,2,14,11,11,12,11,9,5,14,4,9,4,4,14,14,14,10,11,7,1,2,14,2,7,3,14,14,4,4,13,1,1,4,5,,,11,14,,,8,6,2,5,6,5,1,3,1,11,10,7,5,3,1,1,1,14,3,14,6,1,4,,14,,,8,6,5,1,13,12,5,12,1,1,7,2,13,13,12,13,13,1,4,13,14,9,3,1,13,1,2,12,2,2,3,2,4,2,1,1,2,1,14,12,,,8,10,,,8,9,12,4,8,9,7,1,13,9,1,2,14,14,14,2,8,1,13,5,5,1,2,14,,5,,,b'\x11\xe8\xe1I\xc955\x0c\xaf\x82\x12\xdf\x17\xaeN\x1e'
11E8E149-C935-350C-AF82-12DF17AE4E1E,2024-ncaa-d1-natl,ncaa,235,211,254,233,257,193,163,66,314,133,34,338,236,236,233,287,230,131,357,131,277,75,82,315,340,301,280,249,235,15,23,311,230,142,167,300,351,158,90,281,46,35,55,58,,,346,354,,,228,144,41,14,134,97,8,72,8,220,200,194,83,80,9,8,3,303,48,299,211,24,39,,356,,,229,214,175,59,333,299,247,303,3,2,126,1,346,339,233,338,319,110,191,269,309,218,24,2,351,90,230,273,23,207,167,127,119,45,36,51,69,44,357,314,,,141,222,,,228,218,237,183,228,286,256,111,337,325,4,2,355,351,351,214,309,148,336,289,178,20,118,360,,60,,,b'\x11\xe8\xe1I\xc955\x0c\xaf\x82\x12\xdf\x17\xaeN\x1e'
11E8E149-C935-350C-AF82-12DF17AE4E1E,2025-ncaa-d0-natl,genius_ncaa,312,323,194,321,234,133,131,103,206,140,74,294,154,227,33,273,177,151,272,149,255,103,108,204,219,184,185,167,210,96,136,214,335,162,281,200,297,157,125,206,212,267,136,220,,,221,140,,314,295,123,21,269,95,90,29,103,35,135,209,159,120,116,32,30,64,200,112,200,197,203,129,,252,,329,296,337,350,312,335,357,327,344,171,210,112,92,193,208,155,207,86,303,269,301,288,331,17,43,65,337,335,265,136,314,281,329,166,254,320,339,158,133,335,273,,,207,295,,318,295,248,169,343,287,356,361,358,362,358,187,232,223,226,227,358,351,349,315,341,341,251,179,342,,188,,318,b'\x11\xe8\xe1I\xc955\x0c\xaf\x82\x12\xdf\x17\xaeN\x1e'
11E8E149-C935-350C-AF82-12DF17AE4E1E,2025-ncaa-d1-conf-AAC,genius_ncaa,11,10,7,11,11,7,6,8,5,9,8,10,5,8,1,6,9,9,7,9,11,7,8,6,7,5,4,4,10,8,8,12,12,11,10,10,11,5,7,8,10,10,5,6,,,6,5,,12,10,9,3,11,6,4,4,8,6,4,7,8,8,8,3,5,8,10,10,10,7,9,5,,8,,13,10,12,13,8,13,13,12,13,4,7,4,5,7,6,12,6,5,8,6,12,12,13,1,2,4,10,12,5,8,8,10,11,5,12,11,12,6,5,11,9,,,11,12,,12,10,5,6,13,10,13,13,11,13,13,7,7,8,7,7,11,11,11,9,10,12,11,6,12,,11,,12,b'\x11\xe8\xe1I\xc955\x0c\xaf\x82\x12\xdf\x17\xaeN\x1e'
11E8E149-C935-350C-AF82-12DF17AE4E1E,2025-ncaa-d1-natl,genius_ncaa,319,323,244,323,289,157,155,130,216,174,91,307,169,241,34,272,200,169,268,166,252,131,136,212,226,195,182,169,209,120,149,249,339,204,295,234,305,135,127,226,243,282,155,227,,,194,144,,309,308,156,21,269,98,98,33,115,38,141,211,160,123,120,34,34,74,209,127,211,198,215,136,,256,,332,310,332,349,301,340,356,319,350,155,187,125,92,184,190,161,193,87,294,246,314,299,338,17,41,65,331,339,240,149,300,295,325,169,286,328,342,139,140,330,283,,,232,293,,319,308,217,186,348,302,357,361,358,362,358,193,232,227,231,234,358,351,353,319,342,343,260,181,347,,192,,318,b'\x11\xe8\xe1I\xc955\x0c\xaf\x82\x12\xdf\x17\xaeN\x1e'
11E8E149-C935-350C-AF82-12DF17AE4E1E,2026-ncaa-d0-natl,genius_ncaa,163,250,49,216,55,116,96,35,283,72,18,282,220,145,323,295,125,56,352,54,229,35,31,312,325,289,328,310,198,89,287,68,264,71,314,184,341,283,110,249,49,121,67,150,,,362,343,,363,228,23,8,62,187,149,23,87,11,290,231,197,86,86,20,13,156,92,104,278,188,64,73,,361,,361,218,318,306,316,132,345,353,118,59,115,60,8,354,360,104,358,259,334,347,73,107,76,51,4,335,348,264,362,287,362,314,289,165,26,75,84,211,81,119,30,,,49,184,,95,228,338,292,103,219,234,224,269,306,352,11,23,327,343,341,318,354,321,361,358,199,32,123,61,,89,,148,b'\x11\xe8\xe1I\xc955\x0c\xaf\x82\x12\xdf\x17\xaeN\x1e'
11E8E149-C935-350C-AF82-12DF17AE4E1E,2026-ncaa-d1-natl,genius_ncaa,203,249,85,236,89,169,148,55,315,100,30,307,267,199,330,298,163,83,355,79,225,51,53,328,340,312,329,313,182,132,313,99,286,104,339,260,350,237,122,277,69,159,82,164,,,360,348,,363,270,42,11,47,228,192,29,116,17,304,244,213,100,98,28,21,185,110,133,319,199,85,82,,361,,362,266,301,279,292,173,339,350,143,33,54,75,8,349,354,113,351,265,320,331,102,138,117,45,3,332,341,286,359,313,358,339,269,175,45,101,111,169,82,91,32,,,76,182,,112,270,315,316,149,265,274,254,283,322,353,13,25,342,352,350,334,354,329,363,362,229,44,128,66,,97,,142,b'\x11\xe8\xe1I\xc955\x0c\xaf\x82\x12\xdf\x17\xaeN\x1e'
11E8E149-C939-E91C-AF82-12DF17AE4E1E,2010-ncaa-d0-natl,ncaa,178,174,178,185,226,175,176,166,181,214,228,187,75,83,105,63,243,275,98,276,251,191,215,145,154,135,83,59,265,283,317,129,194,201,279,204,243,74,105,153,135,142,231,217,,,148,140,,,216,185,105,283,150,148,119,227,228,57,58,249,276,279,154,208,287,74,190,197,94,121,227,,173,,,217,213,188,219,106,90,114,112,319,308,231,310,165,160,191,154,201,213,182,163,158,203,312,319,144,238,194,264,317,264,279,265,287,228,258,285,89,127,107,149,,,246,244,,,216,174,171,228,197,252,217,288,107,126,329,327,188,183,180,287,253,264,300,297,275,219,120,122,,251,,,b'\x11\xe8\xe1I\xc99\xe9\x1c\xaf\x82\x12\xdf\x17\xaeN\x1e'
11E8E149-C939-E91C-AF82-12DF17AE4E1E,2010-ncaa-d1-conf-ASUN,ncaa,2,2,5,2,8,6,5,8,3,5,7,3,3,4,3,3,9,9,2,9,7,8,8,2,2,3,5,3,8,8,8,4,5,8,7,6,6,3,4,4,3,3,6,6,,,2,4,,,2,8,8,9,4,2,7,5,7,4,4,8,8,8,8,9,8,3,8,6,2,3,6,,2,,,2,1,1,5,2,2,5,2,3,6,4,7,1,1,5,1,1,4,2,2,1,3,7,7,3,5,5,2,8,2,7,5,7,6,7,6,2,4,2,4,,,9,6,,,2,2,3,4,2,2,3,6,2,4,4,7,1,1,1,5,3,7,4,4,5,7,3,2,,8,,,b'\x11\xe8\xe1I\xc99\xe9\x1c\xaf\x82\x12\xdf\x17\xaeN\x1e'
11E8E149-C939-E91C-AF82-12DF17AE4E1E,2010-ncaa-d1-natl,ncaa,189,174,191,191,258,190,188,179,187,230,248,193,81,89,107,62,254,287,99,288,252,205,241,149,155,137,82,59,261,298,318,138,197,222,284,214,247,61,110,159,147,149,238,222,,,128,140,,,220,208,107,285,157,150,121,230,232,57,58,253,280,281,156,210,289,78,199,205,96,126,227,,171,,,221,201,173,208,112,81,101,117,317,304,232,309,158,149,195,145,202,201,163,171,167,211,312,319,143,228,197,255,318,251,284,260,287,242,261,292,83,130,102,156,,,271,243,,,220,153,173,238,203,260,221,289,112,128,330,328,190,187,185,286,254,267,299,297,282,226,120,123,,252,,,b'\x11\xe8\xe1I\xc99\xe9\x1c\xaf\x82\x12\xdf\x17\xaeN\x1e'
11E8E149-C939-E91C-AF82-12DF17AE4E1E,2011-ncaa-d0-natl,ncaa,335,339,242,337,251,268,214,180,232,169,119,240,264,258,266,237,329,317,314,315,336,215,198,261,293,281,312,232,329,206,253,284,341,271,330,259,294,214,244,279,172,195,87,94,,,56,25,,,328,193,91,45,254,172,87,125,65,251,234,329,311,310,144,99,174,270,252,260,266,133,63,,96,,,327,290,308,272,288,277,213,283,322,284,299,271,96,96,158,91,80,250,223,303,288,294,179,280,37,338,341,245,253,322,330,328,293,194,238,317,319,320,21,19,,,303,325,,,328,151,292,332,327,328,331,332,309,291,336,324,141,137,134,323,322,340,310,338,333,142,325,31,,291,,,b'\x11\xe8\xe1I\xc99\xe9\x1c\xaf\x82\x12\xdf\x17\xaeN\x1e'
11E8E149-C939-E91C-AF82-12DF17AE4E1E,2011-ncaa-d1-conf-ASUN,ncaa,9,9,9,9,9,9,6,8,4,6,7,4,9,7,9,5,9,9,8,9,7,9,9,5,6,6,9,7,9,7,6,8,9,8,8,9,8,2,5,6,4,4,3,3,,,1,2,,,9,9,5,3,6,4,5,3,4,7,5,9,6,6,5,5,6,7,6,8,6,3,1,,5,,,9,6,5,5,7,4,4,6,9,6,9,7,4,3,5,2,4,4,2,8,8,8,7,8,3,8,9,5,6,6,8,9,9,9,9,9,7,8,1,2,,,7,4,,,9,1,7,9,9,9,9,9,8,9,9,7,5,5,5,9,8,9,8,9,9,5,9,2,,2,,,b'\x11\xe8\xe1I\xc99\xe9\x1c\xaf\x82\x12\xdf\x17\xaeN\x1e'
11E8E149-C939-E91C-AF82-12DF17AE4E1E,2011-ncaa-d1-natl,ncaa,336,337,279,336,284,277,231,204,238,184,134,243,267,264,266,236,335,325,314,323,336,245,231,263,297,283,312,233,328,227,256,298,342,291,332,273,295,194,243,281,195,198,93,96,,,41,26,,,329,231,91,44,256,178,90,134,65,249,234,330,314,311,150,100,176,271,256,264,266,142,62,,95,,,329,283,305,257,292,259,195,286,316,279,299,271,87,82,163,78,81,228,200,304,290,302,177,279,35,338,342,226,256,318,332,326,294,218,243,318,313,323,19,19,,,313,324,,,329,114,296,334,329,330,336,335,316,293,336,323,140,140,136,324,322,342,311,339,334,150,326,34,,292,,,b'\x11\xe8\xe1I\xc99\xe9\x1c\xaf\x82\x12\xdf\x17\xaeN\x1e'
11E8E149-C939-E91C-AF82-12DF17AE4E1E,2012-ncaa-d0-natl,ncaa,305,309,240,310,263,242,190,98,310,157,83,303,226,176,301,186,317,322,203,321,339,134,131,311,326,304,284,199,327,110,164,327,316,270,318,286,322,204,186,290,211,225,128,162,,,331,338,,,335,142,20,177,211,135,11,114,24,205,142,319,317,317,36,21,63,329,240,284,256,178,104,,343,,,336,320,303,103,341,336,284,332,9,3,319,1,340,338,327,338,316,189,201,334,340,336,32,2,330,169,316,291,164,260,318,218,78,132,136,166,259,241,193,120,,,275,322,,,335,208,303,334,330,340,330,192,341,334,14,3,343,341,341,291,315,235,329,321,260,77,291,225,,250,,,b'\x11\xe8\xe1I\xc99\xe9\x1c\xaf\x82\x12\xdf\x17\xaeN\x1e'
11E8E149-C939-E91C-AF82-12DF17AE4E1E,2012-ncaa-d1-conf-ASUN,ncaa,9,9,9,9,10,8,7,5,9,5,3,8,10,9,10,8,10,10,5,10,10,6,6,10,10,10,10,10,10,5,5,10,10,10,10,9,10,4,5,8,6,6,7,7,,,10,10,,,10,7,1,8,7,4,3,2,2,10,7,10,10,10,3,3,5,10,8,9,6,6,5,,10,,,10,8,7,1,10,9,6,10,2,1,10,1,10,10,10,10,10,1,3,10,10,10,2,1,10,1,10,7,5,6,10,6,6,4,2,4,3,5,7,4,,,10,10,,,10,4,10,10,10,10,9,4,10,10,2,1,10,10,10,6,9,6,10,9,7,2,7,9,,10,,,b'\x11\xe8\xe1I\xc99\xe9\x1c\xaf\x82\x12\xdf\x17\xaeN\x1e'
11E8E149-C939-E91C-AF82-12DF17AE4E1E,2012-ncaa-d1-natl,ncaa,311,306,286,315,300,262,212,110,313,175,90,306,234,183,302,186,322,326,202,325,339,160,154,313,327,307,282,197,326,121,172,336,318,297,319,298,323,183,190,294,229,234,133,167,,,330,337,,,335,172,21,166,216,148,11,118,25,205,143,319,319,318,38,21,65,332,245,290,259,182,104,,343,,,336,315,291,78,342,335,270,334,7,2,324,1,339,336,326,335,316,159,172,336,341,339,30,2,330,153,318,286,172,244,319,208,79,150,143,175,248,243,180,130,,,297,323,,,335,175,304,334,331,341,331,192,341,332,14,3,343,341,341,291,315,238,330,323,266,80,292,230,,254,,,b'\x11\xe8\xe1I\xc99\xe9\x1c\xaf\x82\x12\xdf\x17\xaeN\x1e'
11E8E149-C939-E91C-AF82-12DF17AE4E1E,2013-ncaa-d0-natl,ncaa,96,86,120,97,171,182,107,60,203,35,15,210,336,322,343,333,305,297,227,302,344,87,143,288,305,231,345,341,317,33,52,218,145,114,121,96,122,17,14,28,259,263,120,120,,,248,297,,,219,201,246,264,212,87,19,18,1,339,324,314,311,314,48,162,24,257,97,76,17,277,121,,251,,,218,225,159,98,246,206,215,155,92,20,340,19,328,325,275,323,304,156,124,224,270,287,216,65,330,104,145,245,52,191,121,40,12,251,257,119,30,31,183,50,,,325,341,,,219,135,157,279,226,209,141,59,184,198,84,15,323,316,314,118,75,102,234,178,30,278,42,186,,339,,,b'\x11\xe8\xe1I\xc99\xe9\x1c\xaf\x82\x12\xdf\x17\xaeN\x1e'
11E8E149-C939-E91C-AF82-12DF17AE4E1E,2013-ncaa-d1-conf-ASUN,ncaa,3,3,3,3,3,4,3,1,5,1,1,5,10,10,10,10,9,8,8,9,10,3,3,7,8,5,10,10,10,2,2,3,1,2,2,2,2,2,2,2,7,7,3,3,,,9,9,,,4,6,7,5,5,4,2,1,1,10,10,10,9,9,2,3,2,7,2,2,2,8,3,,8,,,4,6,3,2,4,6,7,2,3,1,9,1,9,9,6,9,8,6,5,3,5,5,6,3,10,1,1,9,2,7,2,1,1,6,5,2,2,2,6,2,,,9,10,,,4,5,4,3,4,5,2,2,4,7,3,1,9,9,8,3,3,1,9,3,2,8,3,4,,10,,,b'\x11\xe8\xe1I\xc99\xe9\x1c\xaf\x82\x12\xdf\x17\xaeN\x1e'
11E8E149-C939-E91C-AF82-12DF17AE4E1E,2013-ncaa-d1-natl,ncaa,94,86,90,94,122,170,89,41,222,29,10,228,339,323,343,336,294,275,245,280,344,65,112,296,317,245,345,342,310,27,52,196,134,83,117,88,129,18,10,30,255,263,102,106,,,255,294,,,222,172,243,265,221,94,18,20,1,341,328,308,304,307,47,156,20,251,83,77,18,281,109,,235,,,219,245,171,120,239,210,221,149,108,24,340,23,332,323,288,322,304,185,146,220,273,290,227,74,328,105,134,275,52,223,117,39,9,245,259,111,28,24,194,48,,,314,341,,,222,166,168,275,233,212,133,59,167,187,95,22,323,312,312,111,71,90,244,183,27,281,35,187,,335,,,b'\x11\xe8\xe1I\xc99\xe9\x1c\xaf\x82\x12\xdf\x17\xaeN\x1e'
11E8E149-C939-E91C-AF82-12DF17AE4E1E,2014-ncaa-d0-natl,ncaa,129,125,131,135,164,202,125,119,161,44,20,222,345,343,327,345,256,286,83,274,345,152,224,271,271,182,348,345,256,202,233,122,165,150,200,127,152,7,11,30,273,270,22,17,,,41,38,,,165,219,280,270,240,119,95,21,5,346,345,270,306,296,156,271,212,108,163,121,4,282,18,,30,,,165,115,128,195,89,86,173,48,265,222,289,235,74,66,195,65,70,170,140,112,92,142,268,303,90,218,165,240,233,237,200,163,201,254,261,240,39,48,21,4,,,322,338,,,165,131,186,171,171,102,120,200,78,171,269,220,68,61,60,145,93,204,232,251,160,278,37,19,,338,,,b'\x11\xe8\xe1I\xc99\xe9\x1c\xaf\x82\x12\xdf\x17\xaeN\x1e'
11E8E149-C939-E91C-AF82-12DF17AE4E1E,2014-ncaa-d1-conf-ASUN,ncaa,5,6,3,6,3,5,3,4,3,1,1,4,10,10,9,10,6,7,4,7,10,5,6,5,6,5,10,10,9,6,7,4,8,6,9,3,4,1,1,2,6,8,1,1,,,3,2,,,5,5,8,4,6,2,3,1,1,10,10,9,9,9,5,9,7,5,6,3,1,8,1,,2,,,5,5,6,7,3,2,4,3,9,9,8,9,4,3,5,3,3,7,6,6,5,6,10,10,3,8,8,7,7,7,9,7,9,6,6,7,2,2,2,1,,,10,10,,,5,5,4,6,6,5,4,7,2,4,9,9,3,3,3,5,6,8,6,8,7,7,2,2,,10,,,b'\x11\xe8\xe1I\xc99\xe9\x1c\xaf\x82\x12\xdf\x17\xaeN\x1e'
11E8E149-C939-E91C-AF82-12DF17AE4E1E,2014-ncaa-d1-natl,ncaa,143,125,145,141,193,224,147,137,163,47,23,229,346,344,327,345,268,296,79,285,345,174,254,276,278,189,348,345,259,217,238,146,171,176,209,144,157,4,15,30,286,274,26,20,,,31,38,,,181,253,280,273,246,127,98,21,6,346,345,274,308,297,159,272,220,116,166,128,5,285,18,,30,,,181,96,113,176,94,66,156,51,258,207,292,232,63,57,199,56,69,140,105,120,98,152,267,301,91,193,171,221,238,210,209,146,203,276,263,246,30,49,18,4,,,331,337,,,181,94,192,180,185,106,130,201,84,172,272,222,66,61,60,147,90,203,233,252,162,279,38,23,,338,,,b'\x11\xe8\xe1I\xc99\xe9\x1c\xaf\x82\x12\xdf\x17\xaeN\x1e'
11E8E149-C939-E91C-AF82-12DF17AE4E1E,2015-ncaa-d0-natl,ncaa,84,161,13,119,18,48,31,18,140,8,2,209,333,335,282,344,53,75,65,73,338,20,37,250,237,111,346,345,159,11,22,60,230,24,69,157,338,21,4,62,162,220,59,109,,,91,12,,,111,56,308,85,115,47,29,12,3,342,344,119,171,169,35,176,22,228,83,261,3,242,89,,11,,,119,322,335,326,239,333,329,217,268,243,232,150,105,91,225,94,25,321,300,223,184,234,59,175,24,310,230,287,22,308,69,322,182,192,284,297,31,9,197,21,,,103,287,,,111,293,53,260,125,158,248,214,268,251,175,144,39,28,29,140,70,194,99,122,225,297,10,114,,280,,,b'\x11\xe8\xe1I\xc99\xe9\x1c\xaf\x82\x12\xdf\x17\xaeN\x1e'
11E8E149-C939-E91C-AF82-12DF17AE4E1E,2015-ncaa-d1-conf-SoCon,ncaa,3,3,3,3,3,3,2,1,5,1,1,5,8,8,7,8,2,2,3,2,8,1,3,5,5,4,8,8,4,2,1,4,7,2,3,4,5,1,1,2,3,3,3,2,,,2,2,,,3,4,6,1,1,1,2,1,1,8,8,2,2,2,2,2,2,4,1,4,1,3,3,,2,,,3,4,5,6,4,3,5,3,8,8,7,7,2,2,4,2,4,6,6,5,4,3,7,8,2,8,7,6,1,6,3,6,6,5,5,6,1,1,6,1,,,5,7,,,3,5,2,4,3,4,4,6,3,6,8,7,3,3,3,5,5,8,4,6,6,4,1,5,,5,,,b'\x11\xe8\xe1I\xc99\xe9\x1c\xaf\x82\x12\xdf\x17\xaeN\x1e'
11E8E149-C939-E91C-AF82-12DF17AE4E1E,2015-ncaa-d1-natl,ncaa,92,160,15,128,20,52,35,20,148,8,2,215,338,339,285,344,61,86,64,84,338,22,40,254,245,113,346,345,156,12,24,80,238,26,79,180,339,15,4,64,180,236,66,111,,,66,14,,,127,61,312,85,123,53,31,12,3,342,344,118,175,168,38,179,23,234,89,272,3,250,91,,11,,,135,315,334,321,250,333,325,225,254,230,244,146,91,81,224,83,25,314,288,235,198,248,57,174,25,298,238,270,24,297,79,317,183,220,288,301,27,9,188,21,,,126,285,,,127,284,55,272,141,166,257,218,275,257,175,142,41,29,30,145,68,203,101,129,233,302,10,120,,281,,,b'\x11\xe8\xe1I\xc99\xe9\x1c\xaf\x82\x12\xdf\x17\xaeN\x1e'
11E8E149-C939-E91C-AF82-12DF17AE4E1E,2016-ncaa-d0-natl,ncaa,65,43,114,55,129,158,112,90,162,70,36,205,261,279,207,300,279,293,149,289,346,122,193,222,246,141,328,283,313,125,155,208,168,169,175,139,203,6,11,33,75,47,218,144,,,47,56,,,86,226,309,72,178,102,75,59,23,277,291,295,313,310,130,257,135,256,197,152,6,74,229,,30,,,85,53,47,89,66,18,21,111,258,295,117,338,61,88,63,82,203,72,106,111,91,64,324,332,125,128,168,229,155,179,175,120,262,102,65,93,3,8,10,4,,,328,343,,,86,117,122,64,81,36,35,46,8,6,254,301,56,74,72,29,43,114,196,154,106,117,6,7,,340,,,b'\x11\xe8\xe1I\xc99\xe9\x1c\xaf\x82\x12\xdf\x17\xaeN\x1e'
11E8E149-C939-E91C-AF82-12DF17AE4E1E,2016-ncaa-d1-conf-SoCon,ncaa,2,2,1,2,1,1,1,1,3,1,1,6,3,7,2,8,2,4,2,4,8,1,2,4,4,3,8,7,6,2,3,3,6,1,3,2,4,1,1,1,2,2,4,3,,,3,2,,,2,2,6,2,1,1,2,1,2,5,8,4,4,4,2,4,3,7,3,2,1,2,4,,2,,,2,4,3,5,3,2,1,3,8,8,4,8,3,6,1,6,7,5,7,3,3,3,8,8,3,8,6,7,3,7,3,7,8,1,1,2,2,1,1,1,,,6,8,,,2,7,2,3,2,3,3,2,1,1,7,8,3,4,4,3,4,5,4,5,6,2,1,1,,7,,,b'\x11\xe8\xe1I\xc99\xe9\x1c\xaf\x82\x12\xdf\x17\xaeN\x1e'
11E8E149-C939-E91C-AF82-12DF17AE4E1E,2016-ncaa-d1-natl,ncaa,47,43,51,49,63,121,79,52,155,48,26,205,218,240,147,281,254,275,133,268,345,70,141,195,223,124,318,261,313,90,136,152,159,115,155,96,175,8,9,24,56,43,210,158,,,67,56,,,60,163,309,80,158,86,66,66,29,246,266,290,310,304,117,250,121,249,183,122,6,73,232,,29,,,59,78,62,134,62,25,31,105,267,308,91,337,79,118,24,108,224,130,173,92,74,47,320,326,134,162,159,266,136,243,155,135,247,70,60,80,6,8,10,4,,,318,344,,,60,179,96,53,58,30,27,39,8,6,234,289,53,91,82,28,44,108,171,142,96,107,6,6,,340,,,b'\x11\xe8\xe1I\xc99\xe9\x1c\xaf\x82\x12\xdf\x17\xaeN\x1e'
11E8E149-C939-E91C-AF82-12DF17AE4E1E,2017-ncaa-d0-natl,ncaa,57,17,234,28,280,214,159,150,192,87,58,217,312,307,288,316,281,305,91,304,343,181,283,262,270,120,340,324,268,163,154,270,86,226,158,188,214,1,1,7,75,24,235,155,,,6,18,,,73,313,292,268,168,100,40,39,11,309,300,265,297,296,81,267,119,243,186,150,2,45,227,,11,,,66,10,28,24,146,31,7,290,104,220,8,326,11,19,32,20,149,14,33,154,103,54,143,249,58,26,86,160,154,69,158,83,246,136,36,90,1,8,18,5,,,323,306,,,73,39,92,39,52,26,57,32,52,11,135,273,23,42,44,18,31,43,228,147,126,90,4,28,,319,,,b'\x11\xe8\xe1I\xc99\xe9\x1c\xaf\x82\x12\xdf\x17\xaeN\x1e'
11E8E149-C939-E91C-AF82-12DF17AE4E1E,2017-ncaa-d1-conf-SoCon,ncaa,2,2,1,2,2,2,1,1,2,1,1,2,7,8,6,8,3,5,2,5,8,1,2,3,3,2,8,8,6,2,3,2,2,1,3,1,3,1,1,1,1,1,3,3,,,4,2,,,2,1,5,5,2,1,1,1,1,8,8,4,6,6,1,5,3,2,3,1,1,1,3,,2,,,2,3,3,7,2,4,3,4,5,7,1,7,4,6,1,6,6,7,8,2,2,1,4,6,5,3,2,6,3,7,3,5,7,2,2,3,1,1,2,1,,,5,6,,,2,8,2,1,2,2,2,2,3,1,2,7,2,4,4,2,3,2,3,2,2,2,1,2,,7,,,b'\x11\xe8\xe1I\xc99\xe9\x1c\xaf\x82\x12\xdf\x17\xaeN\x1e'
11E8E149-C939-E91C-AF82-12DF17AE4E1E,2017-ncaa-d1-natl,ncaa,30,17,98,26,137,132,82,56,150,41,18,182,282,279,269,316,269,296,90,295,347,83,192,225,243,94,341,318,303,107,138,173,77,144,140,103,182,1,1,3,47,27,177,110,,,13,20,,,51,232,294,270,148,71,32,26,10,306,301,288,311,312,76,265,113,228,166,107,2,54,187,,11,,,50,36,73,79,123,57,27,239,170,254,27,316,28,41,43,47,146,47,101,137,88,53,174,266,67,46,77,254,138,170,140,142,264,87,44,99,4,8,49,8,,,311,326,,,51,134,77,38,41,23,46,32,44,18,150,250,26,44,48,19,31,42,204,127,125,99,4,44,,334,,,b'\x11\xe8\xe1I\xc99\xe9\x1c\xaf\x82\x12\xdf\x17\xaeN\x1e'
11E8E149-C939-E91C-AF82-12DF17AE4E1E,2018-ncaa-d0-natl,ncaa,7,4,43,6,71,51,32,28,47,18,14,101,220,289,60,326,221,282,23,284,348,49,114,94,96,39,338,310,330,106,171,189,194,153,207,32,110,1,1,2,25,16,95,101,,,89,63,,,13,128,301,278,62,28,45,15,10,258,320,283,322,323,84,283,164,309,278,29,1,39,126,,31,,,13,58,78,110,83,150,214,88,20,33,30,37,148,173,110,175,149,103,203,58,54,17,42,23,236,163,194,259,171,234,207,85,160,28,17,24,2,3,47,5,,,232,284,,,13,217,28,15,8,9,18,12,65,83,10,11,93,106,107,11,38,94,155,129,43,44,2,31,,313,,,b'\x11\xe8\xe1I\xc99\xe9\x1c\xaf\x82\x12\xdf\x17\xaeN\x1e'
11E8E149-C939-E91C-AF82-12DF17AE4E1E,2018-ncaa-d1-conf-SoCon,ncaa,1,1,1,1,1,1,1,1,1,1,1,1,7,8,1,8,4,6,1,6,8,2,3,1,1,1,8,8,6,3,6,4,2,3,4,1,4,1,1,1,1,1,2,2,,,2,2,,,1,2,3,6,1,1,1,1,1,8,8,6,6,6,2,5,6,8,7,1,1,1,3,,2,,,1,2,2,2,2,3,6,5,1,3,1,4,2,3,1,3,3,2,7,2,2,1,1,2,2,1,2,5,6,5,4,3,2,2,1,1,1,1,2,1,,,3,5,,,1,7,1,1,1,1,1,1,2,1,1,2,1,1,1,1,1,1,4,1,2,2,1,2,,5,,,b'\x11\xe8\xe1I\xc99\xe9\x1c\xaf\x82\x12\xdf\x17\xaeN\x1e'
11E8E149-C939-E91C-AF82-12DF17AE4E1E,2018-ncaa-d1-natl,ncaa,9,4,53,6,92,59,37,34,48,18,16,108,234,302,61,327,241,295,24,296,348,62,155,100,100,39,338,307,330,125,176,232,206,200,217,37,110,1,1,2,37,18,107,103,,,61,65,,,15,157,306,279,69,30,47,16,10,262,321,284,326,326,84,289,174,314,287,30,1,43,131,,31,,,13,29,48,69,89,128,179,104,13,22,34,34,137,155,116,154,151,63,166,60,61,23,43,22,238,139,206,232,176,212,217,66,161,37,19,26,2,3,38,5,,,257,283,,,15,182,30,22,9,10,20,12,70,87,10,10,99,111,111,11,37,96,164,135,47,49,2,30,,317,,,b'\x11\xe8\xe1I\xc99\xe9\x1c\xaf\x82\x12\xdf\x17\xaeN\x1e'
11E8E149-C939-E91C-AF82-12DF17AE4E1E,2018-ncaa-d1-ncaatournament,ncaa,33,2,33,33,34,45,47,37,57,46,33,58,51,60,37,59,36,38,23,38,40,36,40,56,55,50,31,46,5,33,31,51,43,41,42,46,31,3,5,26,31,7,35,38,,,17,46,,,25,48,40,7,43,46,11,37,4,46,54,6,11,13,9,17,8,46,31,44,6,7,19,,44,,,27,3,5,5,32,21,25,25,1,1,24,1,24,19,53,19,38,5,11,21,29,18,7,1,57,14,43,21,31,22,42,16,60,37,5,27,4,7,8,12,,,37,13,,,25,9,48,19,28,19,16,7,46,56,1,1,50,46,46,11,25,34,53,54,46,7,6,12,,8,,,b'\x11\xe8\xe1I\xc99\xe9\x1c\xaf\x82\x12\xdf\x17\xaeN\x1e'
11E8E149-C939-E91C-AF82-12DF17AE4E1E,2019-ncaa-d0-natl,ncaa,31,34,47,37,60,77,35,39,44,14,10,91,241,288,92,322,314,317,179,311,351,63,109,91,137,67,350,298,350,158,214,107,193,118,210,50,183,5,5,12,112,143,56,89,,,194,129,,,78,103,284,135,114,35,52,11,14,272,317,338,342,339,115,275,225,202,218,75,2,166,76,,102,,,80,207,176,241,98,229,288,97,70,105,74,46,288,281,194,289,222,260,265,71,89,95,112,49,280,277,193,279,214,291,210,53,27,124,169,56,25,29,20,4,,,250,308,,,78,256,77,118,76,91,84,97,141,206,37,45,237,236,247,113,107,184,169,185,28,197,20,11,,324,,,b'\x11\xe8\xe1I\xc99\xe9\x1c\xaf\x82\x12\xdf\x17\xaeN\x1e'
11E8E149-C939-E91C-AF82-12DF17AE4E1E,2019-ncaa-d1-conf-SoCon,ncaa,1,1,1,1,1,1,1,1,1,1,1,2,5,6,2,8,6,6,5,6,8,2,3,1,2,1,8,6,8,4,4,1,6,2,4,1,2,2,2,1,3,4,2,2,,,8,3,,,1,2,6,2,3,1,3,1,2,7,8,7,8,7,4,7,6,3,4,1,1,4,2,,5,,,1,5,3,8,1,4,6,1,1,6,1,4,8,8,7,8,8,8,8,1,1,1,5,2,8,8,6,3,4,5,4,1,3,2,4,1,5,3,1,1,,,5,6,,,1,8,1,1,1,2,1,4,2,4,1,3,8,8,8,4,5,7,1,4,1,3,1,1,,7,,,b'\x11\xe8\xe1I\xc99\xe9\x1c\xaf\x82\x12\xdf\x17\xaeN\x1e'
11E8E149-C939-E91C-AF82-12DF17AE4E1E,2019-ncaa-d1-natl,ncaa,39,34,62,38,79,97,44,54,49,18,17,103,261,304,92,319,327,327,176,323,351,85,160,98,142,72,350,297,348,192,229,142,205,160,229,69,187,1,6,13,141,155,66,94,,,165,134,,,90,155,286,131,122,41,57,13,15,280,318,341,344,340,130,280,234,211,228,82,3,174,79,,106,,,89,165,147,210,111,208,262,103,54,77,82,46,273,265,200,272,224,227,215,78,99,117,105,40,280,254,205,252,229,260,229,46,28,160,183,66,19,29,16,5,,,272,306,,,90,207,84,137,86,105,93,97,156,215,39,43,243,240,247,115,104,191,174,188,31,211,20,13,,326,,,b'\x11\xe8\xe1I\xc99\xe9\x1c\xaf\x82\x12\xdf\x17\xaeN\x1e'
11E8E149-C939-E91C-AF82-12DF17AE4E1E,2019-ncaa-d1-ncaatournament,ncaa,33,2,33,33,36,47,38,33,46,36,33,47,55,53,56,42,63,63,,63,63,37,47,50,55,45,64,43,63,41,50,56,20,52,53,37,9,1,1,1,14,1,44,42,,,13,44,,,29,48,25,7,46,16,1,11,3,44,30,63,63,63,7,29,28,56,50,10,1,1,38,,34,,,32,4,15,2,61,19,10,55,5,2,52,11,1,3,4,2,9,1,6,59,55,24,6,19,3,4,20,32,50,22,53,25,60,25,1,11,1,1,6,5,,,61,61,,,29,16,46,11,32,19,39,2,44,21,10,2,2,5,4,1,16,4,63,54,54,1,1,7,,61,,,b'\x11\xe8\xe1I\xc99\xe9\x1c\xaf\x82\x12\xdf\x17\xaeN\x1e'
11E8E149-C939-E91C-AF82-12DF17AE4E1E,2020-ncaa-d0-natl,ncaa,308,314,87,310,102,249,143,45,282,32,7,299,348,344,349,348,319,309,302,304,349,81,139,337,342,303,350,349,317,220,299,236,268,235,323,91,90,50,35,63,131,154,20,22,,,243,196,,,291,108,132,70,285,165,30,27,5,350,343,324,316,314,78,152,241,276,275,99,38,146,18,,226,,,289,246,246,222,213,271,279,174,118,95,235,58,252,223,314,220,152,229,249,196,215,199,112,88,231,252,268,341,299,332,323,164,100,110,138,115,19,17,6,3,,,328,348,,,291,244,313,210,290,232,233,199,258,276,112,75,242,209,210,209,242,233,341,327,142,124,19,5,,339,,,b'\x11\xe8\xe1I\xc99\xe9\x1c\xaf\x82\x12\xdf\x17\xaeN\x1e'
11E8E149-C939-E91C-AF82-12DF17AE4E1E,2020-ncaa-d1-conf-SoCon,ncaa,6,6,3,6,3,6,3,1,8,1,1,8,8,8,8,8,7,6,8,5,7,1,3,8,8,8,8,8,6,5,6,4,5,4,8,3,4,2,2,2,2,2,1,1,,,6,5,,,6,3,1,3,7,3,1,1,1,8,8,7,6,6,1,1,3,3,3,4,2,1,1,,5,,,6,7,7,7,6,7,7,7,1,3,2,1,6,4,6,4,2,7,7,3,3,3,1,1,5,7,5,8,6,8,8,6,3,3,3,3,2,2,1,1,,,6,7,,,6,6,8,4,6,6,7,7,7,7,1,1,5,4,4,7,7,5,8,8,4,2,2,1,,7,,,b'\x11\xe8\xe1I\xc99\xe9\x1c\xaf\x82\x12\xdf\x17\xaeN\x1e'
11E8E149-C939-E91C-AF82-12DF17AE4E1E,2020-ncaa-d1-natl,ncaa,313,314,128,314,148,281,181,63,292,39,7,311,351,344,350,348,326,318,305,313,349,109,180,340,344,309,350,350,316,241,306,272,273,278,332,110,91,38,36,69,160,166,20,22,,,222,204,,,297,143,136,57,293,175,35,31,5,351,345,325,317,315,82,157,248,280,283,106,38,157,18,,231,,,298,231,232,192,224,260,261,191,106,76,247,56,233,203,318,202,152,190,210,204,227,218,108,82,229,232,273,334,306,322,332,149,103,129,145,127,18,19,6,2,,,335,347,,,297,201,319,233,299,242,246,203,267,277,112,74,245,217,216,214,242,237,343,328,148,127,19,5,,339,,,b'\x11\xe8\xe1I\xc99\xe9\x1c\xaf\x82\x12\xdf\x17\xaeN\x1e'
11E8E149-C939-E91C-AF82-12DF17AE4E1E,2021-ncaa-d0-natl,ncaa,36,60,59,50,59,82,51,32,161,25,12,251,199,238,79,327,150,166,104,167,334,42,74,224,229,118,328,300,266,33,124,123,272,76,237,69,197,55,4,14,56,84,40,65,,,242,139,,,62,93,253,5,119,61,19,23,3,275,318,230,255,257,33,138,69,252,148,107,4,89,59,,156,,,67,211,205,223,136,256,263,153,74,112,28,30,305,325,66,324,276,237,269,81,89,56,58,15,313,297,272,308,124,308,237,116,28,35,56,13,89,19,130,10,,,152,289,,,62,252,91,79,62,84,77,65,171,190,13,28,269,289,293,96,169,248,272,285,22,54,19,58,,272,,,b'\x11\xe8\xe1I\xc99\xe9\x1c\xaf\x82\x12\xdf\x17\xaeN\x1e'
11E8E149-C939-E91C-AF82-12DF17AE4E1E,2021-ncaa-d1-conf-SoCon,ncaa,1,1,2,1,2,1,1,1,4,1,1,7,6,8,2,8,2,2,4,2,8,1,2,4,5,2,8,8,6,2,5,5,6,2,5,2,6,1,1,1,1,3,1,3,,,5,4,,,2,2,5,1,2,1,1,1,1,6,8,3,4,4,1,1,1,6,3,3,1,3,2,,4,,,2,7,6,6,6,6,5,6,2,4,4,1,8,8,3,8,6,6,7,6,6,4,3,1,6,5,6,8,5,8,5,1,1,1,1,1,1,1,4,1,,,2,7,,,2,7,2,3,2,5,3,2,6,5,1,1,6,6,6,3,6,4,7,7,1,2,1,4,,4,,,b'\x11\xe8\xe1I\xc99\xe9\x1c\xaf\x82\x12\xdf\x17\xaeN\x1e'
11E8E149-C939-E91C-AF82-12DF17AE4E1E,2021-ncaa-d1-natl,ncaa,30,60,50,47,50,66,45,28,151,22,8,242,198,236,94,327,152,160,108,160,334,32,58,220,227,116,332,307,273,26,111,102,270,61,226,54,181,68,4,11,42,73,32,61,,,244,123,,,48,73,255,7,116,55,20,16,3,283,318,241,259,262,31,134,65,242,129,86,4,70,50,,134,,,53,205,199,232,111,265,275,120,76,122,24,26,303,323,62,324,271,250,276,66,73,38,58,15,312,305,270,313,111,317,226,118,27,28,51,8,99,18,125,10,,,146,292,,,48,270,89,52,53,63,54,66,154,195,12,27,252,279,284,88,167,250,261,284,20,51,18,46,,275,,,b'\x11\xe8\xe1I\xc99\xe9\x1c\xaf\x82\x12\xdf\x17\xaeN\x1e'
11E8E149-C939-E91C-AF82-12DF17AE4E1E,2021-ncaa-d1-ncaatournament,ncaa,33,2,33,33,34,50,39,38,38,36,33,42,59,62,45,61,62,62,44,62,64,44,50,49,55,51,63,54,63,53,50,58,63,58,62,35,18,5,20,11,36,21,38,35,,,28,54,,,55,47,23,7,49,26,9,12,3,55,62,62,62,62,29,36,44,57,57,15,12,11,22,,59,,,57,17,17,17,45,25,24,47,3,10,4,10,34,36,26,34,55,25,28,37,40,32,16,4,58,38,63,21,50,28,62,7,12,38,22,11,16,43,16,20,,,56,56,,,55,21,52,48,56,47,43,40,53,53,3,14,59,62,61,55,60,63,53,60,24,7,38,34,,53,,,b'\x11\xe8\xe1I\xc99\xe9\x1c\xaf\x82\x12\xdf\x17\xaeN\x1e'
11E8E149-C939-E91C-AF82-12DF17AE4E1E,2022-ncaa-d0-natl,ncaa,43,19,112,31,133,138,107,124,90,43,22,222,299,347,15,348,192,183,215,171,326,127,152,161,180,135,344,331,235,197,229,115,263,146,225,201,325,73,70,140,150,197,62,59,,,209,140,,,62,141,174,220,154,89,132,34,11,317,349,219,208,198,150,208,227,116,165,233,64,174,59,,180,,,60,74,73,216,13,109,219,32,78,195,10,162,146,222,11,220,185,219,239,8,7,7,128,111,236,317,263,224,229,275,225,26,45,74,95,17,120,109,6,2,,,139,133,,,62,219,151,17,56,37,41,176,76,185,56,159,118,197,191,179,236,301,200,251,15,82,102,6,,155,,,b'\x11\xe8\xe1I\xc99\xe9\x1c\xaf\x82\x12\xdf\x17\xaeN\x1e'
11E8E149-C939-E91C-AF82-12DF17AE4E1E,2022-ncaa-d1-conf-SoCon,ncaa,1,1,1,1,2,1,1,1,1,1,1,2,6,8,1,8,3,3,3,3,8,2,2,1,1,1,8,7,7,4,5,2,5,2,4,3,7,2,2,1,1,1,1,1,,,8,7,,,1,1,3,5,1,1,2,1,1,6,8,4,5,5,3,5,5,3,4,4,1,1,1,,7,,,1,2,2,5,1,4,8,1,1,1,1,1,8,8,1,8,6,7,8,1,1,1,2,1,8,8,5,6,5,7,4,1,1,1,1,1,5,3,1,1,,,2,2,,,1,8,1,1,1,1,1,1,1,6,1,1,7,7,7,2,4,5,3,4,1,1,3,1,,2,,,b'\x11\xe8\xe1I\xc99\xe9\x1c\xaf\x82\x12\xdf\x17\xaeN\x1e'
11E8E149-C939-E91C-AF82-12DF17AE4E1E,2022-ncaa-d1-natl,ncaa,48,19,146,31,178,185,129,153,97,58,26,232,308,349,16,349,219,209,214,195,329,162,197,174,191,150,347,333,232,226,238,146,276,181,239,237,328,50,76,155,181,210,67,62,,,179,146,,,76,187,176,210,173,97,147,36,13,319,350,222,210,202,162,217,238,132,178,249,63,188,64,,182,,,73,54,59,175,17,87,180,34,62,169,9,160,125,202,11,200,184,172,202,11,7,7,126,112,230,309,276,201,238,250,239,18,45,96,107,24,103,115,4,2,,,158,122,,,76,173,167,23,71,40,48,178,83,186,57,158,122,202,196,180,235,302,201,257,18,92,104,7,,155,,,b'\x11\xe8\xe1I\xc99\xe9\x1c\xaf\x82\x12\xdf\x17\xaeN\x1e'
11E8E149-C939-E91C-AF82-12DF17AE4E1E,2022-ncaa-d1-ncaatournament,ncaa,37,2,37,37,38,67,68,57,66,66,49,67,62,64,48,57,56,52,53,51,46,59,48,67,66,67,24,38,7,51,49,61,65,62,68,68,67,32,64,68,40,25,49,45,,,17,32,,,67,42,11,5,66,68,47,66,24,59,58,49,41,38,50,21,37,61,60,68,65,19,43,,46,,,68,21,20,28,45,8,12,30,37,32,63,57,4,15,5,15,45,27,30,53,49,45,59,63,14,35,65,26,49,28,68,23,56,40,23,44,41,67,6,9,,,49,40,,,67,18,67,58,68,54,53,59,27,29,63,61,20,42,42,59,65,66,61,64,58,9,67,9,,36,,,b'\x11\xe8\xe1I\xc99\xe9\x1c\xaf\x82\x12\xdf\x17\xaeN\x1e'
11E8E149-C939-E91C-AF82-12DF17AE4E1E,2023-ncaa-d0-natl,ncaa,242,160,345,225,345,294,260,340,79,206,203,214,300,357,3,348,315,349,7,349,353,349,355,131,118,121,318,275,269,339,258,330,264,343,253,345,355,15,141,255,355,345,179,121,,,64,230,,,196,353,273,95,170,117,221,71,45,257,351,243,321,322,255,291,301,229,285,326,99,342,123,,205,,,201,31,23,15,189,37,43,153,45,24,225,87,215,210,197,215,298,20,11,177,207,261,224,98,313,94,264,12,258,14,253,2,5,339,267,63,18,142,4,9,,,344,232,,,196,9,139,284,203,222,162,132,179,211,115,96,305,307,314,206,137,260,119,179,19,278,110,28,,279,,,b'\x11\xe8\xe1I\xc99\xe9\x1c\xaf\x82\x12\xdf\x17\xaeN\x1e'
11E8E149-C939-E91C-AF82-12DF17AE4E1E,2023-ncaa-d1-conf-SoCon,ncaa,5,4,5,5,5,4,3,5,1,2,2,3,5,8,1,8,5,8,1,8,8,6,6,1,1,2,7,6,6,6,5,6,5,6,5,7,8,3,4,6,6,6,3,3,,,6,7,,,1,6,4,2,2,1,4,1,1,5,8,3,7,8,5,3,5,3,4,7,5,6,2,,7,,,1,1,1,1,1,2,6,1,1,2,3,2,6,7,2,7,7,2,3,1,1,1,4,1,7,7,5,3,5,3,5,1,2,3,3,1,5,5,2,1,,,7,4,,,1,3,3,2,1,3,3,3,4,8,2,2,6,7,7,6,7,8,3,4,2,1,5,2,,4,,,b'\x11\xe8\xe1I\xc99\xe9\x1c\xaf\x82\x12\xdf\x17\xaeN\x1e'
11E8E149-C939-E91C-AF82-12DF17AE4E1E,2023-ncaa-d1-natl,ncaa,243,186,342,232,345,276,232,332,78,169,155,205,305,357,6,347,310,345,3,346,356,340,349,128,115,125,332,292,284,337,263,313,263,336,253,335,353,29,151,256,352,342,176,140,,,85,232,,,198,349,274,99,187,113,234,66,42,275,353,264,330,333,265,297,306,220,287,321,107,340,135,,207,,,198,44,36,22,180,67,76,158,40,30,181,66,251,238,204,247,291,33,18,157,196,251,190,65,316,136,263,11,263,24,253,2,3,335,275,54,44,169,6,8,,,337,246,,,198,14,146,280,201,204,152,133,196,233,92,75,306,305,312,204,135,265,106,167,13,282,131,25,,293,,,b'\x11\xe8\xe1I\xc99\xe9\x1c\xaf\x82\x12\xdf\x17\xaeN\x1e'
11E8E149-C939-E91C-AF82-12DF17AE4E1E,2024-ncaa-d0-natl,ncaa,171,209,94,190,99,139,109,66,237,84,26,307,201,265,62,311,219,257,60,256,356,88,97,251,253,199,292,240,272,25,35,161,150,88,96,137,201,123,72,116,129,144,61,80,,,229,212,,,168,141,237,60,171,122,43,86,18,229,290,259,288,288,76,117,26,239,86,156,96,155,58,,183,,,168,219,204,169,245,289,280,222,19,30,51,11,326,325,205,326,276,208,210,167,210,202,39,4,323,155,150,239,35,211,96,64,22,157,163,84,184,137,93,21,,,234,332,,,168,225,154,190,165,172,142,79,272,266,8,12,304,302,307,132,120,118,191,143,40,184,152,79,,296,,,b'\x11\xe8\xe1I\xc99\xe9\x1c\xaf\x82\x12\xdf\x17\xaeN\x1e'
11E8E149-C939-E91C-AF82-12DF17AE4E1E,2024-ncaa-d1-conf-SoCon,ncaa,3,2,3,3,3,3,1,1,3,2,1,7,4,7,2,7,8,8,3,8,8,2,2,4,4,4,6,5,8,1,1,4,2,2,1,1,1,3,2,1,2,2,1,1,,,7,5,,,2,3,2,1,2,1,1,1,1,4,6,8,8,8,1,1,1,4,1,1,3,2,1,,6,,,2,5,3,3,6,7,6,4,2,1,3,1,8,8,8,8,7,3,6,3,6,4,3,2,8,1,2,5,1,5,1,3,3,2,1,1,4,4,5,2,,,8,8,,,2,6,2,3,2,4,3,2,7,7,2,2,8,8,8,5,5,2,6,3,2,2,4,5,,7,,,b'\x11\xe8\xe1I\xc99\xe9\x1c\xaf\x82\x12\xdf\x17\xaeN\x1e'
11E8E149-C939-E91C-AF82-12DF17AE4E1E,2024-ncaa-d1-natl,ncaa,190,211,130,207,137,165,137,82,253,113,31,322,222,284,62,315,248,281,59,279,357,115,128,265,269,209,292,239,270,30,42,211,166,121,112,164,214,95,74,124,156,156,66,82,,,201,221,,,192,193,242,56,183,137,50,100,21,234,296,263,295,294,82,131,31,249,98,176,97,167,63,,191,,,192,196,179,126,256,279,260,235,14,18,60,9,319,316,212,318,280,171,166,187,227,231,36,3,325,128,166,203,42,174,112,52,23,190,182,101,161,146,84,23,,,274,333,,,192,176,167,217,187,190,165,83,289,273,9,14,315,309,313,136,120,119,195,157,44,195,157,85,,299,,,b'\x11\xe8\xe1I\xc99\xe9\x1c\xaf\x82\x12\xdf\x17\xaeN\x1e'
11E8E149-C939-E91C-AF82-12DF17AE4E1E,2025-ncaa-d0-natl,genius_ncaa,296,313,194,308,234,336,330,323,295,226,125,329,359,360,335,357,199,209,151,201,248,314,319,339,326,322,353,357,28,346,349,243,291,316,335,314,243,113,245,287,237,218,142,131,,,45,64,,51,325,291,312,269,351,348,355,229,97,359,361,186,196,187,341,347,349,243,332,331,151,233,133,,55,,59,321,119,114,120,157,114,157,116,154,109,258,129,193,187,224,194,222,124,98,154,173,215,215,183,245,243,291,219,349,231,335,114,172,284,259,232,253,328,138,113,,,300,201,,343,325,74,337,256,326,152,129,128,129,172,166,117,223,213,221,139,81,266,258,275,138,283,275,151,,308,,340,b'\x11\xe8\xe1I\xc99\xe9\x1c\xaf\x82\x12\xdf\x17\xaeN\x1e'
11E8E149-C939-E91C-AF82-12DF17AE4E1E,2025-ncaa-d1-conf-SoCon,genius_ncaa,7,7,5,7,8,8,8,8,6,6,2,8,8,8,6,8,8,8,7,8,8,8,8,8,8,8,8,7,6,7,8,7,7,8,8,8,5,2,7,8,8,6,2,3,,,1,1,,2,8,8,6,8,8,8,8,3,2,8,8,8,7,7,8,8,7,7,8,8,5,7,2,,2,,2,8,6,5,3,6,4,3,7,7,6,6,7,4,4,7,4,5,2,2,6,6,7,5,7,3,7,7,8,8,8,8,6,7,8,7,8,6,8,2,2,,,8,7,,8,8,1,8,8,8,6,5,5,6,5,7,7,5,5,5,4,4,7,8,8,6,7,6,3,,8,,8,b'\x11\xe8\xe1I\xc99\xe9\x1c\xaf\x82\x12\xdf\x17\xaeN\x1e'
11E8E149-C939-E91C-AF82-12DF17AE4E1E,2025-ncaa-d1-natl,genius_ncaa,312,312,244,317,289,347,344,343,308,257,153,334,359,361,338,357,222,232,149,221,247,336,343,344,330,326,350,357,23,350,349,281,303,337,343,336,250,97,255,296,275,231,161,137,,,36,66,,41,330,334,312,269,354,348,355,243,103,359,361,188,195,185,343,348,350,251,337,337,151,249,143,,56,,59,328,90,82,85,169,81,122,130,138,78,266,123,184,169,226,178,224,80,51,170,188,230,213,184,250,222,303,185,349,201,343,96,173,306,270,244,229,330,128,120,,,319,194,,345,330,30,343,273,337,165,137,133,135,178,173,117,227,216,224,141,79,271,265,285,150,296,276,161,,308,,340,b'\x11\xe8\xe1I\xc99\xe9\x1c\xaf\x82\x12\xdf\x17\xaeN\x1e'
11E8E149-C939-E91C-AF82-12DF17AE4E1E,2026-ncaa-d0-natl,genius_ncaa,123,198,49,171,73,124,119,92,211,104,41,291,177,235,80,321,86,106,89,103,253,93,90,237,222,194,230,253,104,88,152,138,278,125,223,162,279,220,124,200,81,103,154,234,,,251,155,,47,190,100,262,97,208,206,177,163,65,252,320,136,167,163,169,215,149,278,231,255,110,112,220,,143,,23,187,269,271,253,212,299,297,174,157,154,191,57,285,288,150,286,202,265,276,182,190,163,100,78,237,313,278,283,152,304,223,179,57,71,108,87,81,42,350,287,,,124,228,,37,190,261,184,185,189,145,154,107,214,229,67,55,210,221,223,109,133,243,166,203,71,122,30,326,,241,,65,b'\x11\xe8\xe1I\xc99\xe9\x1c\xaf\x82\x12\xdf\x17\xaeN\x1e'
11E8E149-C939-E91C-AF82-12DF17AE4E1E,2026-ncaa-d1-natl,genius_ncaa,163,195,85,192,117,182,181,144,252,151,63,315,240,288,87,325,116,144,87,141,257,141,145,267,247,225,211,247,92,129,184,217,304,190,266,238,299,174,138,235,123,135,198,253,,,207,176,,34,228,159,274,100,244,239,208,203,77,265,326,143,180,179,197,240,180,303,273,297,120,144,234,,156,,24,228,235,231,200,251,271,265,205,117,96,216,52,259,265,163,261,208,211,221,221,230,212,92,74,234,288,304,238,184,272,266,141,62,117,146,115,46,45,343,307,,,177,220,,45,228,205,221,231,228,179,192,122,247,243,76,50,229,234,235,125,128,261,185,223,89,158,32,335,,241,,60,b'\x11\xe8\xe1I\xc99\xe9\x1c\xaf\x82\x12\xdf\x17\xaeN\x1e'
11E8E149-C93E-2F5E-AF82-12DF17AE4E1E,2010-ncaa-d0-natl,ncaa,60,114,6,100,6,9,10,4,90,15,11,104,30,30,83,169,17,8,195,8,154,1,2,86,101,63,169,148,220,5,52,19,206,9,112,32,259,275,38,75,6,30,40,84,,,314,61,,,40,4,35,21,17,16,10,34,37,63,83,70,53,52,8,14,14,88,24,81,112,20,67,,154,,,47,341,338,339,136,331,338,148,315,324,157,217,298,301,186,302,147,341,343,142,143,100,182,205,136,340,206,343,52,343,112,334,191,10,88,103,245,54,221,68,,,8,206,,,40,342,34,102,46,241,245,293,215,253,233,259,173,174,176,290,320,263,258,269,231,44,107,126,,68,,,b'\x11\xe8\xe1I\xc9>/^\xaf\x82\x12\xdf\x17\xaeN\x1e'
11E8E149-C93E-2F5E-AF82-12DF17AE4E1E,2010-ncaa-d1-conf-ACC,ncaa,10,10,7,10,7,6,7,3,9,6,6,6,5,3,6,4,8,6,11,7,5,4,7,5,6,3,6,6,9,6,9,11,11,10,12,10,11,1,1,4,3,3,8,6,,,8,10,,,9,7,3,1,3,3,1,5,5,2,1,6,4,4,2,2,3,11,8,8,1,2,7,,11,,,9,9,8,7,11,9,6,12,5,4,6,6,12,12,7,11,11,8,8,11,11,10,7,3,9,9,11,11,9,11,12,10,10,3,4,7,1,1,4,4,,,7,5,,,9,6,4,10,7,12,11,9,11,8,8,7,12,12,12,10,11,11,12,12,11,2,1,5,,4,,,b'\x11\xe8\xe1I\xc9>/^\xaf\x82\x12\xdf\x17\xaeN\x1e'
11E8E149-C93E-2F5E-AF82-12DF17AE4E1E,2010-ncaa-d1-natl,ncaa,64,114,6,104,6,9,10,4,95,16,11,106,33,32,82,167,18,13,195,13,155,1,2,87,104,67,167,150,219,5,54,19,208,9,116,37,262,265,39,78,6,33,41,85,,,309,65,,,44,5,37,20,19,19,10,35,37,64,85,73,52,51,8,14,15,91,24,82,112,21,68,,155,,,50,340,338,339,141,329,338,149,313,320,159,216,294,294,189,297,147,341,342,146,146,109,181,204,137,338,208,342,54,343,116,332,192,11,95,112,235,55,213,70,,,8,203,,,44,341,35,108,49,246,250,296,221,258,234,259,174,179,181,292,320,266,259,275,238,46,107,129,,67,,,b'\x11\xe8\xe1I\xc9>/^\xaf\x82\x12\xdf\x17\xaeN\x1e'
11E8E149-C93E-2F5E-AF82-12DF17AE4E1E,2011-ncaa-d0-natl,ncaa,14,10,43,12,56,14,17,15,39,21,34,26,72,34,219,148,10,7,176,8,34,12,13,54,55,32,187,216,108,17,46,83,237,37,123,37,238,184,20,52,3,5,55,83,,,234,51,,,12,16,10,141,4,10,9,16,48,92,52,5,2,3,5,9,18,177,49,42,113,2,67,,148,,,12,254,272,296,119,283,298,133,166,225,68,172,182,172,237,175,92,291,328,106,107,17,93,132,133,302,237,308,46,317,123,184,85,5,6,8,188,51,108,35,,,5,32,,,12,328,20,22,12,142,175,234,201,243,114,166,128,113,113,212,327,247,229,246,134,1,132,74,,1,,,b'\x11\xe8\xe1I\xc9>/^\xaf\x82\x12\xdf\x17\xaeN\x1e'
11E8E149-C93E-2F5E-AF82-12DF17AE4E1E,2011-ncaa-d1-conf-ACC,ncaa,2,2,4,2,7,4,5,4,6,7,7,5,1,1,6,4,2,2,3,4,2,4,5,4,4,3,3,4,3,6,8,11,9,9,9,7,10,4,3,4,2,2,4,7,,,4,2,,,2,3,3,7,2,5,3,6,8,1,1,2,3,4,2,3,6,10,10,7,3,1,5,,3,,,3,7,9,7,12,11,9,12,1,1,1,1,4,3,11,4,2,7,10,6,9,4,1,1,3,6,9,8,8,8,9,5,2,1,1,1,3,3,1,2,,,1,1,,,2,10,3,4,2,6,9,7,11,8,1,2,3,3,3,4,10,5,9,7,6,1,3,2,,1,,,b'\x11\xe8\xe1I\xc9>/^\xaf\x82\x12\xdf\x17\xaeN\x1e'
11E8E149-C93E-2F5E-AF82-12DF17AE4E1E,2011-ncaa-d1-natl,ncaa,14,10,51,12,67,14,17,17,36,21,40,27,76,40,218,145,10,7,173,8,33,13,14,54,54,32,184,214,103,22,49,95,240,42,125,39,243,163,21,53,3,7,61,86,,,214,52,,,12,17,10,137,4,11,9,16,50,93,53,4,2,3,5,9,21,182,52,43,115,2,71,,147,,,12,240,256,291,124,267,291,140,158,213,70,167,171,164,236,165,93,283,328,111,110,19,90,131,128,294,240,297,49,313,125,179,84,5,6,8,168,53,97,38,,,5,31,,,12,327,20,24,12,151,183,236,206,247,115,169,129,114,114,214,327,249,232,247,137,1,133,76,,2,,,b'\x11\xe8\xe1I\xc9>/^\xaf\x82\x12\xdf\x17\xaeN\x1e'
11E8E149-C93E-2F5E-AF82-12DF17AE4E1E,2011-ncaa-d1-ncaatournament,ncaa,17,2,17,17,18,16,17,18,29,18,22,26,16,16,31,29,15,17,31,16,18,17,17,28,27,17,22,34,20,17,16,18,36,18,25,17,28,38,8,14,18,20,12,8,,,37,13,,,12,17,4,3,2,7,6,13,11,10,12,7,9,8,2,2,8,12,6,13,23,11,8,,28,,,10,47,46,48,18,37,45,11,53,50,45,60,39,32,58,28,17,48,48,27,30,27,59,60,25,48,36,42,16,46,25,46,46,19,23,28,41,18,11,9,,,19,32,,,12,48,10,31,11,46,44,57,16,36,62,61,28,22,17,54,58,53,36,47,47,11,30,10,,12,,,b'\x11\xe8\xe1I\xc9>/^\xaf\x82\x12\xdf\x17\xaeN\x1e'
11E8E149-C93E-2F5E-AF82-12DF17AE4E1E,2012-ncaa-d0-natl,ncaa,23,13,120,16,136,29,28,34,52,34,55,49,52,58,89,126,74,82,130,80,182,32,40,51,54,37,174,134,249,20,17,108,162,37,38,49,202,168,59,51,12,10,74,100,,,155,54,,,9,59,24,119,6,9,5,21,44,50,56,64,73,69,6,7,7,98,14,34,156,7,73,,130,,,8,78,131,213,60,207,290,73,24,58,17,37,82,75,167,74,38,189,276,33,24,5,15,28,113,220,162,144,17,183,38,77,74,15,13,10,89,32,225,125,,,100,263,,,9,283,19,6,11,63,121,205,216,296,19,45,70,64,56,164,306,214,129,159,69,5,94,216,,105,,,b'\x11\xe8\xe1I\xc9>/^\xaf\x82\x12\xdf\x17\xaeN\x1e'
11E8E149-C93E-2F5E-AF82-12DF17AE4E1E,2012-ncaa-d1-conf-ACC,ncaa,3,2,7,2,9,6,6,5,5,8,8,5,2,2,7,2,4,5,5,5,1,5,6,5,5,4,3,3,5,4,4,8,5,6,5,6,8,3,2,5,3,3,5,4,,,5,4,,,2,6,2,8,3,3,1,7,8,1,1,4,3,3,1,2,2,5,2,4,4,2,5,,6,,,2,2,3,3,3,5,6,3,1,1,1,1,5,4,8,4,5,3,6,3,3,1,2,1,11,4,5,4,4,3,5,1,1,3,2,1,3,2,3,4,,,6,4,,,2,7,4,1,2,3,4,4,6,10,1,1,7,7,6,4,8,7,5,6,1,2,3,4,,3,,,b'\x11\xe8\xe1I\xc9>/^\xaf\x82\x12\xdf\x17\xaeN\x1e'
11E8E149-C93E-2F5E-AF82-12DF17AE4E1E,2012-ncaa-d1-natl,ncaa,18,13,90,16,102,20,19,21,57,31,40,51,52,54,107,124,57,65,112,62,161,24,24,57,61,38,161,137,225,16,17,105,180,31,46,42,205,168,51,54,9,10,75,108,,,175,58,,,8,41,24,125,7,9,6,26,45,60,53,55,65,63,5,7,9,120,18,36,151,5,83,,137,,,9,98,150,235,70,235,296,74,26,55,19,35,90,84,163,80,40,204,298,37,31,5,16,29,116,238,180,166,17,201,46,84,85,10,10,10,84,27,225,128,,,73,249,,,8,299,20,6,11,67,127,196,215,292,20,44,74,70,64,161,305,220,132,166,78,4,81,209,,86,,,b'\x11\xe8\xe1I\xc9>/^\xaf\x82\x12\xdf\x17\xaeN\x1e'
11E8E149-C93E-2F5E-AF82-12DF17AE4E1E,2012-ncaa-d1-ncaatournament,ncaa,17,2,17,17,17,29,24,24,37,20,19,28,49,35,60,50,20,22,28,21,28,23,21,42,39,40,55,61,14,14,7,21,17,19,7,31,58,47,39,55,20,16,16,8,,,41,43,,,10,25,41,5,38,32,28,18,16,58,48,17,22,21,23,18,7,17,6,53,43,21,17,,35,,,7,33,33,36,4,34,36,21,24,45,5,53,35,39,22,36,39,36,35,5,4,3,31,27,44,41,17,36,7,36,7,35,42,20,17,16,24,14,55,54,,,28,48,,,10,38,32,1,8,1,2,18,4,8,16,49,24,26,24,14,18,24,12,15,19,21,12,55,,41,,,b'\x11\xe8\xe1I\xc9>/^\xaf\x82\x12\xdf\x17\xaeN\x1e'
11E8E149-C93E-2F5E-AF82-12DF17AE4E1E,2013-ncaa-d0-natl,ncaa,72,65,80,76,104,96,105,78,167,70,55,158,217,185,270,233,46,44,151,49,120,64,43,198,171,185,231,256,80,24,23,47,201,26,53,127,198,313,210,212,93,145,60,108,,,274,165,,,76,66,57,267,105,111,87,78,80,235,209,56,47,58,60,33,19,41,16,149,277,110,63,,246,,,75,176,203,292,48,259,326,35,44,63,62,23,176,227,32,237,99,287,294,25,19,24,34,31,182,316,201,160,23,258,53,160,127,54,102,71,307,220,148,75,,,65,162,,,76,287,139,35,72,106,145,279,217,324,36,42,149,195,207,267,300,300,97,207,126,69,276,126,,63,,,b'\x11\xe8\xe1I\xc9>/^\xaf\x82\x12\xdf\x17\xaeN\x1e'
11E8E149-C93E-2F5E-AF82-12DF17AE4E1E,2013-ncaa-d1-conf-ACC,ncaa,4,4,3,4,6,7,8,7,8,7,6,8,8,7,9,7,3,3,4,3,4,6,6,8,9,8,7,9,3,4,4,3,2,4,3,8,7,7,5,7,10,10,6,10,,,6,5,,,5,8,5,6,8,8,7,7,6,8,8,3,3,3,5,5,3,3,3,7,8,10,6,,6,,,5,5,8,10,5,9,12,5,1,2,4,1,5,5,4,5,3,9,8,4,3,4,1,1,5,7,2,6,4,7,3,5,4,7,11,7,7,8,2,3,,,5,5,,,5,7,6,4,4,5,7,11,9,12,1,2,4,5,5,10,8,8,4,5,6,7,6,2,,5,,,b'\x11\xe8\xe1I\xc9>/^\xaf\x82\x12\xdf\x17\xaeN\x1e'
11E8E149-C93E-2F5E-AF82-12DF17AE4E1E,2013-ncaa-d1-natl,ncaa,77,65,90,76,123,106,114,90,170,79,64,162,224,193,270,233,51,47,153,54,119,76,53,206,176,189,225,256,73,27,24,57,203,28,54,137,204,303,213,218,110,149,63,109,,,267,170,,,85,72,59,267,109,116,89,81,83,236,211,56,46,60,64,34,20,43,17,154,278,116,65,,249,,,84,162,185,281,50,251,324,36,38,55,65,24,170,219,34,230,98,278,289,28,21,28,34,31,184,309,203,144,24,241,54,154,129,65,104,74,300,224,145,80,,,73,152,,,85,281,144,41,80,112,149,281,224,326,35,40,150,196,209,269,300,303,100,208,126,74,280,130,,64,,,b'\x11\xe8\xe1I\xc9>/^\xaf\x82\x12\xdf\x17\xaeN\x1e'
11E8E149-C93E-2F5E-AF82-12DF17AE4E1E,2013-ncaa-d1-ncaatournament,ncaa,33,2,33,33,35,48,50,51,53,41,47,44,56,50,61,35,40,28,58,29,4,44,37,56,55,58,33,51,9,27,2,34,28,33,3,56,50,30,61,64,38,23,43,48,,,27,56,,,43,41,19,7,45,49,36,37,37,51,27,19,3,3,20,5,3,13,1,55,62,22,42,,56,,,47,12,6,15,28,8,16,11,17,6,56,10,29,34,27,34,52,21,21,27,30,29,47,28,57,18,28,3,2,6,3,4,33,42,26,16,21,41,7,13,,,36,15,,,43,22,52,28,48,38,20,23,28,41,29,8,55,57,57,39,41,36,15,24,24,20,44,10,,6,,,b'\x11\xe8\xe1I\xc9>/^\xaf\x82\x12\xdf\x17\xaeN\x1e'
11E8E149-C93E-2F5E-AF82-12DF17AE4E1E,2014-ncaa-d0-natl,ncaa,148,150,131,158,155,127,103,86,171,102,115,141,139,110,221,139,228,188,275,181,251,98,112,174,208,169,215,151,285,126,167,119,262,113,213,200,284,134,91,170,89,93,55,62,,,241,201,,,97,110,90,206,113,76,47,104,115,135,111,244,211,207,63,88,131,105,107,215,120,84,49,,249,,,95,127,126,206,67,120,208,56,174,183,138,159,162,233,9,237,209,221,247,65,49,41,204,198,192,300,262,269,167,291,213,129,165,92,98,72,100,84,133,105,,,187,275,,,97,226,165,62,105,113,115,215,119,222,167,177,156,223,230,235,277,304,267,288,137,81,112,126,,219,,,b'\x11\xe8\xe1I\xc9>/^\xaf\x82\x12\xdf\x17\xaeN\x1e'
11E8E149-C93E-2F5E-AF82-12DF17AE4E1E,2014-ncaa-d1-conf-ACC,ncaa,8,8,12,8,13,10,9,10,10,9,9,9,10,7,11,6,12,13,8,12,10,10,11,9,9,9,8,7,9,11,11,6,10,10,11,14,14,3,8,9,9,9,6,7,,,13,13,,,8,11,5,5,9,8,7,8,9,6,7,10,11,11,7,9,11,3,8,12,7,9,5,,14,,,8,2,2,6,3,3,10,3,1,2,6,2,11,12,1,12,12,9,7,3,3,3,4,3,11,12,10,10,11,12,11,2,3,10,8,4,1,3,6,9,,,12,11,,,8,6,9,4,6,6,4,14,8,14,3,3,11,13,13,14,13,15,14,14,3,8,2,9,,11,,,b'\x11\xe8\xe1I\xc9>/^\xaf\x82\x12\xdf\x17\xaeN\x1e'
11E8E149-C93E-2F5E-AF82-12DF17AE4E1E,2014-ncaa-d1-natl,ncaa,161,150,145,162,180,150,121,100,174,117,137,146,145,117,222,139,243,214,276,203,249,120,135,178,214,177,213,151,286,140,174,142,268,131,225,219,286,115,89,177,97,99,59,62,,,222,203,,,103,137,92,206,121,82,49,108,116,135,111,245,216,211,66,91,137,114,111,223,117,89,52,,250,,,103,106,109,189,75,108,190,61,162,170,141,157,155,212,10,215,209,201,224,71,52,47,206,200,188,291,268,249,174,281,225,119,167,106,102,80,91,86,127,111,,,213,273,,,103,199,173,68,111,117,121,217,124,225,171,176,161,231,234,243,271,305,269,292,141,86,110,131,,221,,,b'\x11\xe8\xe1I\xc9>/^\xaf\x82\x12\xdf\x17\xaeN\x1e'
11E8E149-C93E-2F5E-AF82-12DF17AE4E1E,2015-ncaa-d0-natl,ncaa,84,103,48,103,73,64,73,49,187,123,125,156,51,37,159,80,98,79,237,76,98,47,63,148,166,117,93,86,200,66,155,99,123,73,168,235,334,122,50,202,61,69,63,62,,,317,284,,,56,63,137,283,96,118,75,188,214,74,55,143,120,119,77,129,100,191,138,293,69,68,71,,266,,,60,207,180,212,150,199,236,121,171,158,203,129,246,260,85,260,234,239,278,135,137,83,193,152,242,200,123,313,155,295,168,116,75,43,59,36,94,53,139,110,,,65,152,,,56,287,100,74,60,94,84,63,101,117,117,95,186,210,209,73,147,104,249,199,57,63,55,85,,116,,,b'\x11\xe8\xe1I\xc9>/^\xaf\x82\x12\xdf\x17\xaeN\x1e'
11E8E149-C93E-2F5E-AF82-12DF17AE4E1E,2015-ncaa-d1-conf-ACC,ncaa,7,8,5,8,9,8,8,5,10,8,8,9,5,6,9,6,10,9,12,9,7,6,9,10,11,9,6,5,12,9,10,8,8,9,12,14,15,2,1,8,12,13,5,5,,,10,11,,,7,7,8,12,8,7,5,9,8,5,5,11,9,9,5,10,8,7,9,14,1,13,4,,10,,,7,8,7,9,6,9,13,6,3,2,5,3,10,9,8,9,5,8,9,6,5,8,3,4,8,8,8,15,10,13,12,2,2,8,7,5,5,4,8,8,,,7,7,,,7,8,8,8,7,6,8,6,9,12,4,3,8,10,9,8,5,8,12,11,3,8,2,8,,9,,,b'\x11\xe8\xe1I\xc9>/^\xaf\x82\x12\xdf\x17\xaeN\x1e'
11E8E149-C93E-2F5E-AF82-12DF17AE4E1E,2015-ncaa-d1-natl,ncaa,92,103,55,105,91,73,83,53,195,143,142,171,62,47,161,76,115,90,238,88,93,53,73,157,171,123,88,83,194,77,163,123,130,89,179,261,335,99,49,208,68,71,69,66,,,311,287,,,65,75,145,285,107,132,78,199,214,72,57,146,120,118,82,141,109,198,146,305,69,72,73,,269,,,68,186,161,184,164,176,207,130,159,142,214,125,236,249,87,247,235,210,260,150,151,92,188,148,239,176,130,307,163,279,179,99,75,52,63,38,78,55,124,115,,,79,148,,,65,274,106,83,68,98,87,65,102,116,121,92,190,211,211,76,146,107,252,207,60,67,55,89,,117,,,b'\x11\xe8\xe1I\xc9>/^\xaf\x82\x12\xdf\x17\xaeN\x1e'
11E8E149-C93E-2F5E-AF82-12DF17AE4E1E,2015-ncaa-d1-ncaatournament,ncaa,17,2,17,17,17,20,20,20,29,20,19,37,21,25,21,46,18,17,54,17,19,19,21,29,29,18,37,36,21,24,39,18,17,19,31,32,61,24,3,23,31,48,25,39,,,47,52,,,44,22,15,4,9,11,10,12,10,26,36,10,4,4,7,15,25,15,14,56,4,41,32,,52,,,32,47,46,44,42,45,42,37,44,43,45,40,52,53,22,55,49,46,41,43,41,50,44,42,40,38,17,46,39,43,31,46,32,32,58,55,17,3,13,3,,,22,25,,,44,42,15,54,33,56,53,47,45,35,49,45,50,51,54,52,43,23,47,44,42,53,4,3,,22,,,b'\x11\xe8\xe1I\xc9>/^\xaf\x82\x12\xdf\x17\xaeN\x1e'
11E8E149-C93E-2F5E-AF82-12DF17AE4E1E,2016-ncaa-d0-natl,ncaa,41,43,38,49,62,49,33,38,43,38,66,48,55,69,55,136,211,167,328,158,253,47,43,42,80,76,213,124,332,54,90,72,157,53,94,30,108,227,109,60,23,40,117,164,,,258,158,,,32,52,98,240,57,33,55,54,120,77,102,277,235,225,77,85,86,122,90,35,149,32,147,,187,,,31,201,209,257,102,231,292,73,135,120,195,56,203,243,28,241,154,261,304,78,72,39,114,115,192,271,157,263,90,278,94,142,104,26,42,36,188,96,228,134,,,161,310,,,32,305,64,42,33,97,109,136,157,226,83,51,144,191,188,141,244,182,136,153,83,34,124,171,,267,,,b'\x11\xe8\xe1I\xc9>/^\xaf\x82\x12\xdf\x17\xaeN\x1e'
11E8E149-C93E-2F5E-AF82-12DF17AE4E1E,2016-ncaa-d1-conf-ACC,ncaa,5,5,1,5,1,4,5,4,5,5,7,4,2,4,3,5,9,6,12,6,5,4,2,3,4,5,4,4,10,10,10,2,8,5,7,4,5,11,10,6,2,4,5,9,,,15,12,,,5,2,4,5,5,6,7,5,9,3,4,9,9,9,8,6,11,3,7,5,9,4,8,,14,,,5,11,9,13,5,13,15,6,2,3,3,1,14,15,2,15,10,14,14,4,3,4,2,1,13,14,8,13,10,13,7,8,7,2,4,4,12,7,10,10,,,5,6,,,5,14,7,5,5,6,5,10,11,13,1,1,12,14,14,11,13,13,8,10,6,3,8,8,,8,,,b'\x11\xe8\xe1I\xc9>/^\xaf\x82\x12\xdf\x17\xaeN\x1e'
11E8E149-C93E-2F5E-AF82-12DF17AE4E1E,2016-ncaa-d1-natl,ncaa,47,43,51,49,81,61,39,49,44,45,81,50,64,79,57,132,240,185,329,174,254,57,56,48,86,83,212,121,331,65,94,90,163,62,102,34,111,199,111,64,28,42,135,171,,,241,163,,,38,63,103,238,63,34,57,63,128,79,100,276,234,227,80,92,92,131,100,38,147,37,153,,189,,,38,178,194,235,114,214,278,81,117,89,205,54,188,228,30,224,156,236,292,91,82,45,109,113,191,247,163,244,94,258,102,129,104,32,43,41,170,102,220,144,,,193,311,,,38,293,69,49,39,104,118,137,165,231,84,51,154,194,193,145,244,186,145,162,87,39,126,180,,268,,,b'\x11\xe8\xe1I\xc9>/^\xaf\x82\x12\xdf\x17\xaeN\x1e'
11E8E149-C93E-2F5E-AF82-12DF17AE4E1E,2016-ncaa-d1-ncaatournament,ncaa,33,2,33,33,33,34,34,33,37,33,32,41,38,42,41,39,48,44,54,44,46,34,36,40,43,28,48,36,52,36,32,48,48,39,48,39,50,4,3,11,20,1,23,7,,,24,43,,,23,38,6,1,17,10,1,9,1,25,22,46,36,30,2,4,7,44,22,26,6,1,6,,56,,,24,15,9,11,35,3,7,22,27,21,55,35,23,32,7,31,61,15,27,42,41,26,59,52,47,18,48,27,32,26,48,8,19,31,7,5,14,23,7,12,,,47,49,,,23,28,28,24,22,43,28,19,19,17,52,33,48,60,60,35,58,41,59,58,18,2,29,16,,36,,,b'\x11\xe8\xe1I\xc9>/^\xaf\x82\x12\xdf\x17\xaeN\x1e'
11E8E149-C93E-2F5E-AF82-12DF17AE4E1E,2017-ncaa-d0-natl,ncaa,31,39,45,42,58,43,32,51,33,33,57,39,112,138,83,200,99,82,235,85,185,48,42,46,59,62,248,207,253,66,54,104,198,75,89,76,256,260,146,130,38,57,102,113,,,312,238,,,36,48,104,230,43,30,92,35,100,148,179,148,117,122,95,90,108,190,138,116,190,57,122,,254,,,39,242,242,263,159,252,244,207,189,232,74,179,226,291,6,290,239,279,303,151,118,86,126,136,183,275,198,126,54,197,89,118,47,44,69,43,161,75,245,152,,,55,127,,,36,299,51,90,48,130,140,133,179,131,123,178,151,236,233,163,225,196,45,75,69,63,96,201,,89,,,b'\x11\xe8\xe1I\xc9>/^\xaf\x82\x12\xdf\x17\xaeN\x1e'
11E8E149-C93E-2F5E-AF82-12DF17AE4E1E,2017-ncaa-d1-conf-ACC,ncaa,5,7,1,7,2,4,2,4,4,2,3,3,7,6,9,8,7,4,14,4,7,3,3,5,6,7,12,12,11,6,7,7,14,8,11,5,10,11,8,7,2,4,7,7,,,14,13,,,7,1,6,6,5,3,7,3,7,7,6,7,5,5,5,6,8,13,11,9,8,5,8,,14,,,7,12,10,12,8,10,12,9,7,10,4,9,14,14,2,14,14,14,15,8,7,6,9,5,14,14,14,11,7,13,11,7,6,2,3,2,6,6,10,8,,,1,2,,,7,15,7,8,7,9,8,7,9,7,5,9,12,13,13,10,11,13,5,9,5,3,6,10,,3,,,b'\x11\xe8\xe1I\xc9>/^\xaf\x82\x12\xdf\x17\xaeN\x1e'
11E8E149-C93E-2F5E-AF82-12DF17AE4E1E,2017-ncaa-d1-natl,ncaa,43,39,56,49,79,52,38,69,35,39,66,44,124,148,87,199,117,96,235,98,193,62,56,48,61,66,245,202,252,90,59,126,210,99,96,90,257,241,156,136,45,61,109,119,,,298,242,,,50,60,107,228,51,34,98,40,107,147,182,154,124,130,99,102,114,204,150,124,192,63,126,,254,,,53,218,219,239,170,235,226,220,170,216,78,177,210,274,6,272,241,260,290,163,131,99,123,131,183,251,210,97,59,157,96,98,46,57,79,45,138,78,238,159,,,69,121,,,50,284,61,104,59,139,145,134,183,133,124,175,158,237,236,166,222,198,47,75,75,74,94,206,,91,,,b'\x11\xe8\xe1I\xc9>/^\xaf\x82\x12\xdf\x17\xaeN\x1e'
11E8E149-C93E-2F5E-AF82-12DF17AE4E1E,2017-ncaa-d1-ncaatournament,ncaa,17,2,17,17,18,25,24,24,27,18,21,21,44,37,50,54,14,14,25,14,9,22,19,34,29,32,48,58,8,19,20,20,8,18,6,27,50,44,42,51,17,20,19,13,,,43,42,,,30,20,16,6,22,27,41,13,21,53,53,5,4,3,27,20,23,10,12,39,46,15,16,,39,,,27,42,40,40,27,26,34,22,57,53,42,63,26,32,11,33,41,39,39,39,34,37,62,63,10,30,8,34,20,32,6,51,53,23,35,45,35,27,25,19,,,17,6,,,30,43,29,28,28,34,28,36,7,7,61,64,12,17,19,32,26,7,10,5,47,36,24,20,,2,,,b'\x11\xe8\xe1I\xc9>/^\xaf\x82\x12\xdf\x17\xaeN\x1e'
11E8E149-C93E-2F5E-AF82-12DF17AE4E1E,2018-ncaa-d0-natl,ncaa,72,74,73,77,107,65,61,83,70,39,53,54,211,199,222,272,43,32,240,31,106,66,43,103,95,113,288,290,111,72,84,81,156,69,89,106,244,314,219,202,42,69,127,149,,,301,214,,,66,45,32,278,61,56,108,39,70,235,235,58,33,32,73,47,94,100,86,126,273,50,151,,267,,,67,213,185,254,72,186,225,106,172,245,59,197,272,279,126,279,248,267,309,72,81,45,217,167,255,243,156,183,84,212,89,160,135,22,37,33,281,200,224,126,,,29,100,,,66,308,111,44,70,142,121,180,122,155,143,206,230,244,245,194,302,202,128,145,115,26,249,197,,39,,,b'\x11\xe8\xe1I\xc9>/^\xaf\x82\x12\xdf\x17\xaeN\x1e'
11E8E149-C93E-2F5E-AF82-12DF17AE4E1E,2018-ncaa-d1-conf-ACC,ncaa,5,6,4,6,7,4,4,9,3,3,7,4,12,12,6,12,6,5,9,5,7,8,6,6,6,6,11,12,6,10,9,7,10,9,9,7,13,14,10,8,4,6,10,10,,,14,11,,,7,4,3,7,5,4,9,3,6,12,12,6,5,5,8,5,9,7,8,7,12,4,9,,14,,,7,10,11,11,7,11,8,9,6,12,2,9,12,13,6,13,10,12,13,7,7,6,7,5,11,11,10,5,9,9,9,9,9,3,3,4,15,12,12,9,,,3,3,,,7,12,6,7,7,8,10,10,9,9,5,11,11,11,11,11,13,9,5,9,9,2,14,12,,3,,,b'\x11\xe8\xe1I\xc9>/^\xaf\x82\x12\xdf\x17\xaeN\x1e'
11E8E149-C93E-2F5E-AF82-12DF17AE4E1E,2018-ncaa-d1-natl,ncaa,84,74,97,80,134,76,73,101,71,50,62,60,225,213,226,270,56,41,234,41,105,86,55,105,99,121,284,289,109,92,94,98,166,85,104,127,250,296,226,213,58,75,143,152,,,287,218,,,72,58,31,279,67,61,111,42,73,239,234,60,38,37,74,49,100,112,93,133,274,56,157,,268,,,72,183,155,230,81,163,194,122,163,222,62,192,258,266,132,265,250,248,296,82,89,51,213,164,257,219,166,150,94,181,104,147,138,34,45,40,270,203,209,137,,,38,93,,,72,296,122,55,73,148,133,182,136,156,145,205,231,247,249,199,302,205,130,149,122,34,253,198,,40,,,b'\x11\xe8\xe1I\xc9>/^\xaf\x82\x12\xdf\x17\xaeN\x1e'
11E8E149-C93E-2F5E-AF82-12DF17AE4E1E,2018-ncaa-d1-ncaatournament,ncaa,33,2,33,33,34,39,38,48,21,33,33,29,61,64,43,64,39,31,60,33,15,38,36,37,41,45,59,62,15,27,3,41,34,34,10,46,56,24,43,51,39,27,35,12,,,29,61,,,41,40,10,7,27,24,34,11,4,61,64,11,2,2,17,4,4,28,12,44,52,20,19,,61,,,45,20,13,20,35,8,2,59,31,37,21,63,26,24,44,24,62,19,24,38,47,45,57,48,52,14,34,3,3,4,10,11,35,43,29,33,17,39,20,34,,,35,10,,,41,26,34,41,41,50,36,36,19,2,54,63,53,51,52,46,53,34,8,10,36,23,42,40,,3,,,b'\x11\xe8\xe1I\xc9>/^\xaf\x82\x12\xdf\x17\xaeN\x1e'
11E8E149-C93E-2F5E-AF82-12DF17AE4E1E,2019-ncaa-d0-natl,ncaa,31,45,26,45,43,26,30,53,23,33,70,33,54,104,34,183,35,27,229,27,71,46,35,33,31,47,170,161,185,39,28,14,130,16,22,36,138,283,155,92,198,271,56,87,,,269,142,,,32,40,137,272,41,46,145,61,158,88,155,68,60,60,113,117,88,18,23,62,178,260,84,,164,,,35,282,265,336,21,145,286,22,340,344,129,322,190,175,236,183,115,334,317,44,44,96,325,331,119,326,130,122,28,245,22,261,214,218,317,270,215,98,216,136,,,38,124,,,32,310,31,134,40,137,121,316,47,156,315,333,110,97,104,291,222,272,21,73,162,299,118,153,,102,,,b'\x11\xe8\xe1I\xc9>/^\xaf\x82\x12\xdf\x17\xaeN\x1e'
11E8E149-C93E-2F5E-AF82-12DF17AE4E1E,2019-ncaa-d1-conf-ACC,ncaa,5,3,11,4,12,8,11,14,4,8,12,7,9,12,8,12,2,2,9,2,1,12,12,6,6,7,5,10,1,7,4,4,6,4,3,9,9,8,10,8,13,13,10,9,,,8,10,,,3,12,7,8,5,7,12,7,9,8,11,1,1,1,9,6,7,3,2,7,9,13,9,,10,,,3,2,1,9,1,1,6,1,4,10,2,10,11,8,15,9,10,8,6,2,3,5,14,8,14,10,6,2,4,1,3,4,9,12,13,10,4,6,8,12,,,2,1,,,3,3,6,6,5,6,2,14,2,9,6,13,12,11,12,14,9,13,2,6,5,12,5,10,,1,,,b'\x11\xe8\xe1I\xc9>/^\xaf\x82\x12\xdf\x17\xaeN\x1e'
11E8E149-C93E-2F5E-AF82-12DF17AE4E1E,2019-ncaa-d1-natl,ncaa,26,44,21,44,33,25,30,51,22,27,66,34,70,105,42,192,31,19,227,19,58,38,32,31,30,45,182,186,161,41,33,16,140,17,24,42,165,278,155,100,194,268,62,92,,,264,136,,,36,33,136,272,44,48,160,54,156,100,171,65,54,52,124,125,100,22,27,81,176,261,89,,161,,,40,297,280,337,24,153,287,31,342,347,138,326,180,164,247,174,107,335,323,53,49,121,327,332,102,335,140,103,33,243,24,283,223,221,315,274,201,86,203,132,,,33,107,,,36,314,28,151,46,154,141,315,52,139,323,339,104,88,92,289,221,276,21,74,180,293,108,149,,92,,,b'\x11\xe8\xe1I\xc9>/^\xaf\x82\x12\xdf\x17\xaeN\x1e'
11E8E149-C93E-2F5E-AF82-12DF17AE4E1E,2019-ncaa-d1-ncaatournament,ncaa,17,2,17,17,19,32,32,32,27,29,31,22,35,34,45,40,19,21,20,21,17,32,30,31,21,38,40,49,12,30,35,15,8,20,9,28,38,47,58,51,34,52,18,11,,,36,33,,,19,29,47,7,44,47,60,35,50,50,47,19,21,22,58,50,48,2,12,40,51,52,14,,22,,,18,33,33,40,3,19,34,2,54,52,26,64,19,24,13,24,25,39,34,10,5,11,63,64,13,31,8,36,35,35,9,40,57,41,58,55,43,48,36,35,,,23,25,,,19,35,40,7,19,4,2,37,1,4,59,63,10,9,9,24,10,12,12,8,27,59,47,30,,34,,,b'\x11\xe8\xe1I\xc9>/^\xaf\x82\x12\xdf\x17\xaeN\x1e'
11E8E149-C93E-2F5E-AF82-12DF17AE4E1E,2020-ncaa-d0-natl,ncaa,163,170,87,174,136,164,188,159,229,232,242,211,93,76,171,87,141,81,279,84,53,145,105,185,199,222,61,87,128,72,84,204,205,131,138,154,137,270,230,220,84,86,93,91,,,295,297,,,196,147,159,213,193,207,175,264,269,99,83,146,97,100,162,111,73,235,142,170,248,93,97,,276,,,195,221,204,191,185,206,193,195,177,168,185,174,250,191,343,176,169,187,203,194,238,210,190,147,247,198,205,173,84,180,138,278,293,119,129,212,64,46,102,141,,,88,131,,,196,198,191,203,198,198,177,143,181,167,163,155,241,180,166,144,174,178,148,157,261,135,56,97,,117,,,b'\x11\xe8\xe1I\xc9>/^\xaf\x82\x12\xdf\x17\xaeN\x1e'
11E8E149-C93E-2F5E-AF82-12DF17AE4E1E,2020-ncaa-d1-conf-ACC,ncaa,12,11,10,12,12,14,15,14,14,15,15,14,4,3,9,1,10,6,14,6,1,13,13,12,14,13,1,1,5,8,9,15,11,14,14,11,2,9,11,12,2,2,9,7,,,14,15,,,13,14,9,5,12,14,11,15,15,2,2,9,3,3,9,7,7,15,14,11,10,2,9,,15,,,13,7,5,3,12,5,4,14,4,2,8,4,15,13,15,13,14,4,3,12,14,11,9,3,15,6,11,11,9,8,14,10,13,7,5,7,3,6,3,5,,,10,8,,,13,1,14,10,13,9,7,3,9,5,5,3,15,15,14,5,7,6,11,10,12,7,6,3,,9,,,b'\x11\xe8\xe1I\xc9>/^\xaf\x82\x12\xdf\x17\xaeN\x1e'
11E8E149-C93E-2F5E-AF82-12DF17AE4E1E,2020-ncaa-d1-natl,ncaa,177,170,128,182,202,204,221,195,246,275,267,220,108,87,175,87,165,98,279,102,53,183,145,195,209,228,60,88,124,89,90,238,209,170,151,179,143,253,234,227,105,90,102,91,,,278,299,,,211,186,162,201,201,223,185,273,270,104,83,147,101,100,171,118,77,241,151,179,250,105,101,,279,,,210,200,179,150,198,189,170,206,164,149,189,170,232,174,344,163,172,146,153,202,247,228,186,149,249,180,209,152,90,156,151,263,292,147,135,224,49,46,93,144,,,120,129,,,211,150,202,225,212,209,184,148,192,167,163,154,244,184,175,148,173,179,150,164,267,141,53,97,,120,,,b'\x11\xe8\xe1I\xc9>/^\xaf\x82\x12\xdf\x17\xaeN\x1e'
11E8E149-C93E-2F5E-AF82-12DF17AE4E1E,2021-ncaa-d0-natl,ncaa,151,165,157,157,182,154,155,152,182,167,188,121,121,88,230,83,181,166,251,161,129,158,168,157,175,139,127,111,217,136,168,188,251,167,233,172,230,89,59,117,191,210,300,322,,,131,79,,,169,178,188,224,135,131,108,174,206,106,67,205,170,161,117,177,129,222,180,188,56,209,327,,91,,,168,175,213,197,218,188,141,303,252,285,80,327,77,79,140,80,76,173,173,237,195,201,171,269,21,221,251,200,168,214,233,221,180,181,183,227,75,47,141,139,,,186,196,,,169,163,134,229,164,198,244,230,191,86,276,318,39,47,48,185,167,242,233,249,229,184,50,121,,199,,,b'\x11\xe8\xe1I\xc9>/^\xaf\x82\x12\xdf\x17\xaeN\x1e'
11E8E149-C93E-2F5E-AF82-12DF17AE4E1E,2021-ncaa-d1-conf-ACC,ncaa,8,11,3,10,5,9,8,7,10,9,8,8,4,3,12,2,9,6,11,6,5,6,6,8,10,9,5,4,11,6,12,9,12,8,13,8,10,9,5,7,2,5,12,15,,,8,7,,,13,6,10,9,11,10,9,12,14,7,3,11,11,9,7,11,7,13,13,10,5,7,15,,5,,,11,12,13,12,11,11,9,13,14,15,5,14,8,7,8,7,7,12,12,11,10,11,9,11,5,13,12,15,12,15,13,13,11,2,5,10,9,6,7,5,,,7,10,,,13,10,9,11,11,7,10,7,8,1,12,13,5,5,5,8,7,10,12,13,11,6,5,4,,10,,,b'\x11\xe8\xe1I\xc9>/^\xaf\x82\x12\xdf\x17\xaeN\x1e'
11E8E149-C93E-2F5E-AF82-12DF17AE4E1E,2021-ncaa-d1-natl,ncaa,164,165,182,163,201,170,168,167,191,181,206,126,131,97,230,84,190,178,252,172,126,173,191,163,183,141,123,110,216,157,173,210,259,192,244,189,232,82,60,119,204,219,303,321,,,116,81,,,182,199,191,225,141,138,113,181,212,109,67,208,171,165,121,183,135,227,186,200,56,215,328,,90,,,183,160,197,179,226,177,127,301,243,277,85,327,71,72,144,74,75,155,153,245,204,217,166,268,21,210,259,185,173,196,244,212,179,193,191,237,66,46,135,143,,,195,191,,,182,146,138,238,177,211,250,230,198,87,277,319,39,48,49,188,165,247,233,251,233,188,48,127,,202,,,b'\x11\xe8\xe1I\xc9>/^\xaf\x82\x12\xdf\x17\xaeN\x1e'
11E8E149-C93E-2F5E-AF82-12DF17AE4E1E,2022-ncaa-d0-natl,ncaa,67,134,14,103,25,93,88,70,180,106,105,145,77,57,197,106,178,155,211,152,220,74,50,162,182,211,157,120,264,81,157,65,191,63,149,77,99,333,254,192,27,48,90,126,,,325,233,,,123,47,221,275,232,206,249,232,265,147,135,277,270,270,271,233,177,190,190,158,236,64,152,,211,,,126,254,228,289,78,209,267,75,238,270,113,184,275,282,164,281,205,300,321,78,89,39,232,189,246,311,191,297,157,326,149,264,231,20,47,60,249,122,314,289,,,95,238,,,123,316,211,53,118,54,52,76,60,102,116,129,150,149,145,77,148,183,98,136,118,63,110,270,,262,,,b'\x11\xe8\xe1I\xc9>/^\xaf\x82\x12\xdf\x17\xaeN\x1e'
11E8E149-C93E-2F5E-AF82-12DF17AE4E1E,2022-ncaa-d1-conf-ACC,ncaa,4,7,1,7,2,6,5,5,8,7,9,7,4,4,9,4,7,6,10,6,7,4,2,8,8,9,4,4,10,9,10,4,7,4,9,6,3,13,12,8,1,3,8,9,,,15,11,,,7,2,12,11,11,11,13,12,14,8,7,12,11,12,15,13,12,10,12,8,11,5,10,,8,,,7,9,6,10,6,6,7,7,13,11,6,10,11,9,10,10,10,12,15,6,7,5,12,12,11,13,7,14,10,14,9,12,11,1,3,4,12,5,11,12,,,5,8,,,7,14,10,5,7,5,2,2,2,2,7,9,7,7,8,3,3,5,8,6,6,4,5,7,,7,,,b'\x11\xe8\xe1I\xc9>/^\xaf\x82\x12\xdf\x17\xaeN\x1e'
11E8E149-C93E-2F5E-AF82-12DF17AE4E1E,2022-ncaa-d1-natl,ncaa,74,134,16,112,28,115,108,85,192,133,132,161,89,70,201,107,201,184,210,180,219,94,62,175,192,226,149,117,258,98,166,78,195,72,160,94,104,326,265,202,33,59,105,132,,,317,235,,,150,61,229,275,244,230,259,247,269,152,139,280,269,270,277,243,189,203,207,171,240,73,156,,218,,,154,225,201,280,86,187,256,86,220,254,124,182,263,266,176,264,210,289,315,90,98,52,235,183,242,297,195,284,166,314,160,244,237,26,53,68,219,130,312,299,,,111,236,,,150,308,229,66,144,62,57,78,64,105,120,132,154,154,150,79,142,185,103,140,133,73,114,276,,264,,,b'\x11\xe8\xe1I\xc9>/^\xaf\x82\x12\xdf\x17\xaeN\x1e'
11E8E149-C93E-2F5E-AF82-12DF17AE4E1E,2022-ncaa-d1-ncaatournament,ncaa,17,2,17,17,18,33,33,35,31,34,34,25,21,24,31,10,36,41,9,41,50,36,36,27,25,35,18,12,48,47,62,30,49,33,56,32,56,50,61,58,24,31,25,28,,,35,8,,,27,34,59,5,53,51,64,55,65,26,29,58,62,62,66,65,63,38,58,59,50,34,27,,5,,,25,36,36,39,11,35,43,8,42,44,40,43,30,34,20,34,18,38,41,15,13,13,50,50,26,48,49,38,62,42,56,29,17,21,20,13,46,51,39,57,,,33,46,,,27,36,48,14,25,10,11,25,7,29,39,41,13,13,13,19,27,51,22,39,14,18,42,41,,54,,,b'\x11\xe8\xe1I\xc9>/^\xaf\x82\x12\xdf\x17\xaeN\x1e'
11E8E149-C93E-2F5E-AF82-12DF17AE4E1E,2023-ncaa-d0-natl,ncaa,59,117,17,98,20,41,34,28,66,19,25,79,158,154,182,267,62,71,147,67,239,33,27,112,108,120,297,277,198,33,52,50,76,37,44,40,134,318,157,112,35,67,201,266,,,313,194,,,70,27,158,158,84,58,89,37,72,223,236,144,153,155,101,100,71,144,83,75,194,82,261,,180,,,78,319,328,324,197,328,320,199,270,280,164,173,236,249,84,245,132,323,330,197,168,150,117,179,107,206,76,248,52,243,44,344,320,54,122,243,171,45,305,169,,,80,286,,,70,334,90,111,88,144,187,148,184,161,155,154,110,128,124,131,149,67,53,44,286,144,65,246,,225,,,b'\x11\xe8\xe1I\xc9>/^\xaf\x82\x12\xdf\x17\xaeN\x1e'
11E8E149-C93E-2F5E-AF82-12DF17AE4E1E,2023-ncaa-d1-conf-ACC,ncaa,5,6,4,6,6,6,4,9,4,3,3,3,10,12,7,14,4,5,6,5,7,8,7,4,4,5,13,14,7,8,5,7,5,6,4,4,8,11,10,7,7,6,14,14,,,7,8,,,7,10,10,6,6,5,11,3,6,11,13,4,4,4,8,9,8,6,8,4,11,8,14,,7,,,7,8,10,6,11,9,6,9,12,10,13,11,3,7,2,7,8,7,6,11,10,10,9,11,2,3,5,1,5,3,4,12,12,11,11,14,2,2,9,6,,,13,13,,,7,6,6,9,7,8,9,7,9,7,10,10,2,6,6,6,4,3,3,4,11,10,2,9,,13,,,b'\x11\xe8\xe1I\xc9>/^\xaf\x82\x12\xdf\x17\xaeN\x1e'
11E8E149-C93E-2F5E-AF82-12DF17AE4E1E,2023-ncaa-d1-natl,ncaa,67,117,18,101,24,46,37,32,71,20,29,86,177,172,179,269,75,89,145,86,241,37,29,119,112,126,294,280,198,40,54,58,85,42,46,44,141,308,162,115,48,82,212,271,,,298,200,,,85,31,161,156,89,61,101,39,74,227,241,144,154,153,109,109,80,157,91,81,195,98,264,,184,,,92,315,325,313,214,324,309,209,255,266,177,174,218,236,91,233,134,316,320,218,192,170,115,176,106,183,85,218,54,213,46,341,319,69,137,255,147,49,302,184,,,103,282,,,85,331,96,134,104,161,202,152,198,159,165,158,110,132,125,138,151,68,55,47,295,154,67,255,,222,,,b'\x11\xe8\xe1I\xc9>/^\xaf\x82\x12\xdf\x17\xaeN\x1e'
11E8E149-C93E-2F5E-AF82-12DF17AE4E1E,2023-ncaa-d1-ncaatournament,ncaa,5,2,5,5,5,9,10,8,26,8,6,34,18,18,32,54,10,9,44,11,43,8,8,35,34,40,58,52,38,10,33,5,33,5,26,12,33,66,46,42,11,36,10,37,,,64,49,,,31,8,42,7,43,32,47,23,21,56,58,39,37,38,49,42,34,17,26,32,48,35,31,,49,,,26,61,61,64,13,62,64,18,56,61,18,29,63,63,26,63,33,64,61,9,11,19,25,27,44,65,33,62,33,63,26,65,43,11,54,44,63,41,65,34,,,8,42,,,31,61,41,22,30,15,19,42,31,44,21,30,34,40,39,43,30,42,26,34,29,55,38,39,,45,,,b'\x11\xe8\xe1I\xc9>/^\xaf\x82\x12\xdf\x17\xaeN\x1e'
11E8E149-C93E-2F5E-AF82-12DF17AE4E1E,2024-ncaa-d0-natl,ncaa,106,82,143,99,157,141,103,132,74,99,158,66,121,127,118,133,333,303,336,298,323,160,152,84,123,139,262,132,359,58,22,161,278,119,84,161,274,218,193,183,85,70,83,62,,,159,146,,,82,201,246,105,138,73,114,77,160,129,135,345,320,311,177,160,46,178,88,161,194,78,82,,148,,,80,86,87,197,30,50,133,38,250,271,150,304,81,58,317,57,87,166,194,52,51,39,305,319,127,292,278,51,22,132,84,232,325,106,106,159,138,140,165,148,,,324,353,,,82,164,97,73,76,72,69,190,39,101,247,277,89,59,58,141,196,293,36,122,224,103,128,150,,345,,,b'\x11\xe8\xe1I\xc9>/^\xaf\x82\x12\xdf\x17\xaeN\x1e'
11E8E149-C93E-2F5E-AF82-12DF17AE4E1E,2024-ncaa-d1-conf-ACC,ncaa,9,9,4,9,4,12,8,7,7,7,8,5,6,4,9,4,15,15,14,15,15,10,7,7,12,12,10,4,15,3,3,7,13,5,6,12,12,11,12,13,5,6,9,7,,,12,9,,,9,8,12,5,13,10,8,9,9,7,6,15,15,15,11,9,3,8,8,12,11,5,9,,11,,,9,3,3,10,3,3,5,4,11,12,9,12,11,10,14,10,9,9,11,4,4,4,13,12,13,13,13,6,3,10,6,9,14,5,7,7,8,7,5,7,,,14,15,,,9,9,11,4,9,4,2,5,3,4,12,11,10,8,8,5,9,14,5,7,9,6,7,4,,14,,,b'\x11\xe8\xe1I\xc9>/^\xaf\x82\x12\xdf\x17\xaeN\x1e'
11E8E149-C93E-2F5E-AF82-12DF17AE4E1E,2024-ncaa-d1-natl,ncaa,123,83,194,112,209,170,124,171,76,126,192,77,139,156,122,138,346,322,338,313,324,211,213,88,134,150,262,131,360,78,24,211,288,155,97,192,285,191,197,201,104,80,92,66,,,127,152,,,101,260,258,101,147,83,125,88,173,130,139,348,324,312,192,170,51,197,103,180,199,89,83,,154,,,94,56,63,164,41,31,94,45,227,251,165,305,72,48,322,43,91,119,141,59,63,49,305,323,129,280,288,25,24,96,97,217,330,143,116,179,118,148,151,160,,,340,355,,,101,105,103,96,89,83,77,193,39,106,257,280,95,69,66,146,195,303,38,132,240,116,136,164,,346,,,b'\x11\xe8\xe1I\xc9>/^\xaf\x82\x12\xdf\x17\xaeN\x1e'
11E8E149-C93E-2F5E-AF82-12DF17AE4E1E,2025-ncaa-d0-natl,genius_ncaa,184,147,248,182,270,163,129,222,49,122,227,28,193,187,188,144,269,306,49,308,303,243,264,56,58,86,272,209,301,287,224,175,139,226,141,123,133,103,190,105,266,258,341,341,,,43,43,,143,187,246,128,176,93,66,149,59,177,166,150,256,296,295,194,206,268,81,177,70,170,240,341,,75,,172,189,206,247,216,252,171,99,294,325,325,233,350,27,20,256,19,45,176,129,293,263,310,248,334,15,138,139,44,224,62,141,250,226,301,304,332,64,121,13,19,,,279,248,,183,187,131,99,301,179,300,325,328,251,149,347,358,47,40,40,286,234,194,106,128,309,289,105,17,,245,,169,b'\x11\xe8\xe1I\xc9>/^\xaf\x82\x12\xdf\x17\xaeN\x1e'
11E8E149-C93E-2F5E-AF82-12DF17AE4E1E,2025-ncaa-d1-conf-ACC,genius_ncaa,16,15,16,16,18,15,15,17,7,14,16,8,13,12,13,6,18,18,15,18,18,17,17,8,9,13,13,6,18,15,12,14,11,16,10,13,9,7,15,12,15,14,17,17,,,5,7,,8,15,18,11,14,14,14,15,11,14,11,9,18,18,18,16,16,14,9,15,8,14,14,17,,9,,8,15,5,8,4,12,5,2,15,16,15,11,17,1,2,4,2,10,4,2,15,14,16,15,17,4,8,11,2,12,4,10,13,15,18,17,18,5,12,5,8,,,18,13,,13,15,1,14,18,15,15,14,14,11,4,17,17,4,5,5,11,9,11,7,10,17,16,9,6,,15,,12,b'\x11\xe8\xe1I\xc9>/^\xaf\x82\x12\xdf\x17\xaeN\x1e'
11E8E149-C93E-2F5E-AF82-12DF17AE4E1E,2025-ncaa-d1-natl,genius_ncaa,193,147,304,190,319,189,153,272,52,144,258,30,211,213,190,145,288,319,48,321,304,292,306,58,63,90,269,205,298,308,238,210,142,268,156,146,139,90,193,111,292,270,345,344,,,35,49,,130,210,294,138,169,95,72,159,63,182,172,151,257,300,299,209,220,277,85,192,74,171,252,344,,78,,176,212,185,224,186,265,146,66,308,319,318,239,349,23,19,264,18,45,132,77,305,278,322,246,332,17,110,142,30,238,37,156,237,224,324,310,337,53,128,12,19,,,309,244,,189,210,84,105,317,196,306,332,330,263,151,348,357,50,41,40,292,231,198,111,133,320,302,110,19,,247,,166,b'\x11\xe8\xe1I\xc9>/^\xaf\x82\x12\xdf\x17\xaeN\x1e'
11E8E149-C93E-2F5E-AF82-12DF17AE4E1E,2026-ncaa-d0-natl,genius_ncaa,87,80,116,95,120,93,88,143,38,72,143,21,151,140,220,198,86,67,236,60,64,129,162,59,60,45,269,265,167,113,44,100,39,111,21,151,319,76,43,86,233,257,95,91,,,183,194,,180,43,182,284,41,52,42,137,40,153,177,156,74,53,45,95,183,116,62,76,165,37,277,92,,140,,154,41,130,187,208,140,219,204,196,116,214,40,208,27,81,2,85,60,178,163,123,59,99,24,138,19,89,39,83,44,87,21,203,181,228,249,241,75,56,150,127,,,79,46,,140,43,178,37,84,42,69,149,178,202,177,79,183,14,50,55,119,57,49,25,26,161,282,53,133,,58,,170,b'\x11\xe8\xe1I\xc9>/^\xaf\x82\x12\xdf\x17\xaeN\x1e'
11E8E149-C93E-2F5E-AF82-12DF17AE4E1E,2026-ncaa-d1-natl,genius_ncaa,110,80,177,113,181,136,129,219,44,100,204,25,213,192,231,192,116,100,239,92,60,190,236,63,66,52,260,261,143,168,59,150,48,164,29,216,332,38,52,110,301,291,121,107,,,127,216,,152,67,250,295,31,70,60,162,50,169,196,170,80,58,50,121,214,142,79,95,202,45,308,104,,149,,160,60,74,147,149,180,181,152,239,76,163,46,197,11,44,3,46,63,118,92,161,80,138,23,142,18,46,48,34,59,29,29,166,188,301,282,278,42,58,120,148,,,110,42,,162,67,103,46,118,61,90,189,186,238,192,90,182,15,59,63,135,55,55,26,25,194,298,52,145,,52,,155,b'\x11\xe8\xe1I\xc9>/^\xaf\x82\x12\xdf\x17\xaeN\x1e'
11E8E149-C942-5DD6-AF82-12DF17AE4E1E,2010-ncaa-d0-natl,ncaa,274,303,122,287,152,130,141,129,170,148,139,182,130,143,117,170,96,161,18,158,186,139,97,158,130,174,128,157,112,222,264,214,334,221,322,138,158,302,257,222,36,56,40,44,,,342,336,,,267,77,33,218,111,140,126,152,155,134,150,89,169,168,133,77,250,268,278,140,283,33,35,,340,,,264,326,264,214,251,237,230,209,256,192,316,119,341,343,177,342,329,279,284,270,302,288,292,169,323,330,334,240,264,312,322,311,283,75,138,208,316,286,278,266,,,138,218,,,267,255,208,319,267,327,266,220,227,227,259,180,335,336,336,308,322,332,244,305,305,77,309,280,,144,,,b'\x11\xe8\xe1I\xc9B]\xd6\xaf\x82\x12\xdf\x17\xaeN\x1e'
11E8E149-C942-5DD6-AF82-12DF17AE4E1E,2010-ncaa-d1-conf-MAC,ncaa,8,8,3,8,7,7,5,6,5,8,9,6,5,5,4,6,7,7,1,7,7,7,7,4,4,6,5,5,7,12,12,5,12,9,12,6,5,11,9,7,3,5,1,1,,,12,12,,,8,5,3,8,8,6,8,9,8,6,7,7,8,8,9,9,12,6,11,7,9,3,2,,12,,,8,9,3,7,3,5,8,4,4,8,3,5,12,12,6,12,12,10,8,3,4,5,9,3,12,12,12,9,12,11,12,9,10,5,8,7,10,11,5,5,,,10,11,,,8,8,9,7,8,8,5,8,5,9,4,7,12,12,12,10,10,12,8,11,8,5,11,5,,10,,,b'\x11\xe8\xe1I\xc9B]\xd6\xaf\x82\x12\xdf\x17\xaeN\x1e'
11E8E149-C942-5DD6-AF82-12DF17AE4E1E,2010-ncaa-d1-natl,ncaa,281,302,134,294,167,139,149,145,173,160,151,185,134,150,120,169,107,169,18,166,187,152,109,163,130,174,125,157,111,240,268,237,334,243,323,143,158,290,255,224,38,60,41,44,,,342,336,,,272,86,35,214,113,143,130,157,157,136,150,87,168,165,135,78,253,271,282,144,284,34,36,,341,,,272,323,261,203,259,233,222,217,247,187,317,116,341,342,183,341,331,273,278,277,305,291,293,165,321,329,334,230,268,308,323,306,283,86,146,214,313,288,273,268,,,151,215,,,272,243,210,320,273,329,273,222,233,228,259,181,335,336,338,309,322,333,244,307,307,80,312,282,,142,,,b'\x11\xe8\xe1I\xc9B]\xd6\xaf\x82\x12\xdf\x17\xaeN\x1e'
11E8E149-C942-5DD6-AF82-12DF17AE4E1E,2011-ncaa-d0-natl,ncaa,229,242,170,242,224,102,136,122,160,159,161,173,93,110,96,129,63,121,9,116,103,116,125,139,104,99,77,117,75,167,190,186,244,172,230,179,231,153,133,179,209,238,152,140,,,341,342,,,246,119,35,257,59,99,73,152,147,80,88,37,93,88,57,70,155,167,150,158,196,198,141,,342,,,243,326,264,209,275,236,136,308,248,277,159,240,342,339,317,339,339,268,244,287,322,334,309,166,328,236,244,196,190,218,230,287,244,212,264,287,231,208,258,243,,,192,239,,,246,232,111,328,234,332,294,255,256,163,275,292,343,340,340,312,303,265,233,255,298,209,243,263,,159,,,b'\x11\xe8\xe1I\xc9B]\xd6\xaf\x82\x12\xdf\x17\xaeN\x1e'
11E8E149-C942-5DD6-AF82-12DF17AE4E1E,2011-ncaa-d1-conf-MAC,ncaa,12,12,8,12,12,6,7,5,10,7,5,11,7,6,10,6,5,5,2,5,7,5,7,10,9,7,3,8,3,7,11,10,11,10,12,10,8,3,5,6,10,9,3,3,,,12,12,,,12,7,2,7,6,5,3,6,5,7,5,5,5,5,4,4,7,8,8,9,4,9,3,,12,,,12,11,10,6,12,9,5,12,7,7,8,7,12,12,7,11,12,7,7,12,12,12,8,5,12,7,11,10,11,10,12,10,10,10,11,11,4,5,7,8,,,12,11,,,12,6,7,12,12,12,12,9,11,7,10,9,12,12,12,11,11,11,11,11,12,10,5,10,,12,,,b'\x11\xe8\xe1I\xc9B]\xd6\xaf\x82\x12\xdf\x17\xaeN\x1e'
11E8E149-C942-5DD6-AF82-12DF17AE4E1E,2011-ncaa-d1-natl,ncaa,242,240,199,247,260,117,156,139,165,178,174,180,101,124,100,126,69,132,10,129,103,135,147,143,105,104,73,114,72,185,197,210,247,207,234,194,234,135,137,188,222,241,160,144,,,339,342,,,253,139,38,260,62,105,78,156,152,80,90,38,92,88,59,69,158,171,161,162,196,205,145,,343,,,255,322,249,183,278,225,117,312,241,269,161,239,342,339,320,339,339,254,222,290,325,338,308,162,327,220,247,175,197,202,234,283,243,236,271,292,219,210,253,250,,,211,237,,,253,212,114,332,243,334,299,256,262,166,275,292,343,340,340,313,303,265,236,259,302,217,247,266,,161,,,b'\x11\xe8\xe1I\xc9B]\xd6\xaf\x82\x12\xdf\x17\xaeN\x1e'
11E8E149-C942-5DD6-AF82-12DF17AE4E1E,2012-ncaa-d0-natl,ncaa,73,54,120,70,142,90,107,124,98,117,159,94,108,119,126,131,40,90,11,90,78,113,117,91,55,60,93,153,61,113,77,105,157,98,69,158,248,168,132,157,176,198,80,72,,,148,86,,,103,130,135,125,58,96,126,119,183,110,124,21,83,80,107,122,115,95,89,162,156,186,78,,123,,,102,218,204,235,143,190,211,148,229,249,169,212,221,204,228,211,186,235,230,158,163,189,221,212,201,217,157,89,77,136,69,192,155,163,198,176,271,243,273,273,,,86,96,,,103,224,59,186,95,214,202,231,176,202,218,233,216,205,206,239,224,213,75,122,184,176,254,272,,82,,,b'\x11\xe8\xe1I\xc9B]\xd6\xaf\x82\x12\xdf\x17\xaeN\x1e'
11E8E149-C942-5DD6-AF82-12DF17AE4E1E,2012-ncaa-d1-conf-MAC,ncaa,5,4,7,4,7,4,6,6,6,7,7,8,5,9,1,9,3,6,1,6,6,5,9,5,3,1,4,7,5,4,2,9,9,7,4,9,10,2,4,4,7,7,4,3,,,5,7,,,4,11,8,1,4,5,5,5,4,4,8,1,5,5,5,7,3,8,5,7,3,7,3,,6,,,4,5,4,3,7,3,3,4,5,5,8,7,6,6,6,6,8,4,2,7,8,7,7,8,7,8,9,2,2,2,4,5,8,8,6,8,7,7,11,12,,,8,4,,,4,2,1,7,4,6,6,5,5,5,7,5,7,7,7,6,6,9,3,5,5,7,8,11,,4,,,b'\x11\xe8\xe1I\xc9B]\xd6\xaf\x82\x12\xdf\x17\xaeN\x1e'
11E8E149-C942-5DD6-AF82-12DF17AE4E1E,2012-ncaa-d1-natl,ncaa,81,54,137,71,163,102,125,148,104,132,181,98,115,130,128,130,45,100,10,99,76,132,139,98,58,64,91,151,56,124,80,119,159,113,75,180,248,144,135,163,190,208,84,73,,,123,91,,,109,158,138,119,64,102,133,123,189,108,123,21,85,82,113,128,121,96,96,171,159,192,77,,125,,,107,203,195,214,148,180,190,155,220,234,172,211,207,189,228,194,189,212,207,167,169,201,225,210,203,197,159,67,80,116,75,181,154,185,205,183,260,246,270,278,,,98,90,,,109,197,61,197,100,217,205,234,187,207,220,233,215,206,212,241,222,217,75,125,190,184,256,275,,77,,,b'\x11\xe8\xe1I\xc9B]\xd6\xaf\x82\x12\xdf\x17\xaeN\x1e'
11E8E149-C942-5DD6-AF82-12DF17AE4E1E,2013-ncaa-d0-natl,ncaa,96,105,80,108,92,90,77,176,20,88,185,18,100,160,36,149,155,178,97,186,171,177,139,21,22,60,185,151,246,170,75,97,154,118,60,112,207,295,278,190,145,166,69,57,,,115,65,,,99,134,206,176,99,81,258,102,253,113,181,185,223,226,268,226,218,124,172,125,263,174,71,,67,,,98,222,185,242,80,99,149,100,304,312,172,304,213,196,241,186,208,244,235,131,132,166,310,301,183,238,154,26,75,79,60,119,92,173,212,127,340,336,289,294,,,183,231,,,99,218,65,160,93,157,126,182,67,75,289,301,182,154,151,174,153,186,12,38,90,208,327,271,,245,,,b'\x11\xe8\xe1I\xc9B]\xd6\xaf\x82\x12\xdf\x17\xaeN\x1e'
11E8E149-C942-5DD6-AF82-12DF17AE4E1E,2013-ncaa-d1-conf-MAC,ncaa,6,6,5,6,5,3,3,8,1,3,7,1,5,5,2,5,6,5,5,6,4,8,6,1,1,2,8,6,8,7,3,8,7,7,4,6,10,10,9,7,7,9,3,3,,,8,7,,,4,6,8,2,3,3,9,4,9,4,7,5,6,6,10,9,7,8,7,6,9,9,3,,7,,,4,6,6,8,5,6,6,6,8,9,6,9,11,12,9,11,10,8,8,5,7,6,10,9,9,9,7,1,3,3,4,6,7,9,9,6,12,12,6,7,,,6,7,,,4,7,3,6,4,7,6,8,5,7,8,9,11,12,12,8,6,10,1,2,6,10,12,6,,6,,,b'\x11\xe8\xe1I\xc9B]\xd6\xaf\x82\x12\xdf\x17\xaeN\x1e'
11E8E149-C942-5DD6-AF82-12DF17AE4E1E,2013-ncaa-d1-natl,ncaa,107,104,90,112,109,98,86,200,21,100,210,20,105,166,35,151,166,193,97,198,167,201,160,20,23,60,185,149,245,191,77,108,157,136,60,120,212,284,281,197,158,170,72,59,,,103,67,,,107,155,206,168,101,88,264,107,256,114,179,187,222,225,271,229,224,126,180,134,264,179,71,,68,,,106,202,167,229,83,87,121,108,300,309,173,302,205,182,244,174,208,230,212,136,138,175,309,300,185,228,157,16,77,58,60,108,92,185,218,135,339,337,285,297,,,208,226,,,107,197,65,167,103,160,128,183,72,77,288,301,185,157,154,178,154,194,12,38,95,218,329,272,,244,,,b'\x11\xe8\xe1I\xc9B]\xd6\xaf\x82\x12\xdf\x17\xaeN\x1e'
11E8E149-C942-5DD6-AF82-12DF17AE4E1E,2014-ncaa-d0-natl,ncaa,288,298,180,294,211,222,274,273,259,299,302,228,104,91,181,70,127,166,42,165,37,256,198,204,153,239,40,76,52,162,98,231,192,207,125,247,166,313,330,300,277,275,270,217,,,255,306,,,306,210,176,164,218,289,279,308,304,93,79,96,158,157,263,170,144,223,184,250,325,271,268,,297,,,304,269,184,134,254,58,10,308,341,340,262,346,286,295,140,297,348,173,128,312,315,331,345,337,253,131,192,57,98,64,125,261,290,292,295,308,338,341,158,280,,,190,170,,,306,135,231,329,307,301,237,170,78,6,346,346,302,308,310,231,165,163,79,91,284,288,342,182,,173,,,b'\x11\xe8\xe1I\xc9B]\xd6\xaf\x82\x12\xdf\x17\xaeN\x1e'
11E8E149-C942-5DD6-AF82-12DF17AE4E1E,2014-ncaa-d1-conf-MAC,ncaa,10,10,6,10,8,10,10,10,10,10,10,10,7,5,9,5,6,7,3,7,4,9,8,9,8,11,4,5,2,5,2,9,7,9,5,10,11,10,11,11,11,9,7,3,,,8,9,,,11,8,6,6,9,10,7,9,9,6,5,5,6,6,8,5,5,9,8,10,11,11,5,,10,,,11,10,7,5,11,5,1,12,12,11,11,12,9,11,6,11,12,5,5,12,12,12,12,12,7,6,7,3,2,3,5,10,9,12,11,12,12,12,12,11,,,7,8,,,11,5,9,12,11,12,10,6,6,1,12,12,11,12,12,7,6,6,5,5,11,11,12,12,,7,,,b'\x11\xe8\xe1I\xc9B]\xd6\xaf\x82\x12\xdf\x17\xaeN\x1e'
11E8E149-C942-5DD6-AF82-12DF17AE4E1E,2014-ncaa-d1-natl,ncaa,293,298,211,299,255,243,292,297,260,313,313,235,114,101,187,71,139,187,41,188,40,280,232,205,156,241,38,74,52,178,100,257,200,236,131,265,172,306,330,302,291,278,276,222,,,239,310,,,307,245,183,165,224,293,282,311,306,96,79,94,163,161,265,176,147,228,191,258,326,273,270,,299,,,307,252,166,106,268,44,4,314,338,337,266,346,275,290,141,291,348,145,93,316,315,333,345,336,249,122,200,38,100,49,131,254,291,306,298,315,337,344,148,289,,,216,173,,,307,98,237,331,312,306,243,172,84,6,346,345,304,311,312,238,163,163,80,92,286,289,342,189,,177,,,b'\x11\xe8\xe1I\xc9B]\xd6\xaf\x82\x12\xdf\x17\xaeN\x1e'
11E8E149-C942-5DD6-AF82-12DF17AE4E1E,2015-ncaa-d0-natl,ncaa,306,307,243,311,272,317,331,315,329,338,312,317,223,192,270,119,209,247,91,247,97,312,296,316,292,315,70,134,38,234,215,238,190,257,204,318,181,237,325,325,337,334,228,196,,,156,261,,,307,296,273,283,331,343,319,335,310,203,160,169,220,222,319,271,217,185,220,322,287,332,208,,213,,,309,108,120,94,223,115,83,240,171,173,166,227,129,168,28,166,229,95,55,227,208,258,182,217,154,136,190,108,215,104,204,158,197,303,282,285,248,312,78,186,,,221,104,,,307,53,320,269,312,184,204,155,185,125,222,224,167,212,208,166,89,186,168,179,201,290,284,98,,166,,,b'\x11\xe8\xe1I\xc9B]\xd6\xaf\x82\x12\xdf\x17\xaeN\x1e'
11E8E149-C942-5DD6-AF82-12DF17AE4E1E,2015-ncaa-d1-conf-MAC,ncaa,10,10,7,10,8,11,11,11,11,11,9,11,9,10,10,8,8,8,6,8,5,10,9,11,11,12,6,8,2,8,8,10,9,9,9,11,10,10,11,12,11,12,7,7,,,8,11,,,10,10,9,5,11,11,11,10,9,9,10,7,7,7,10,9,7,10,9,11,10,11,6,,9,,,10,4,6,3,11,7,5,11,6,4,8,4,8,9,3,8,10,2,4,9,9,8,5,5,9,6,9,5,8,4,9,5,7,6,6,7,10,12,7,9,,,6,2,,,10,4,12,9,10,8,8,4,10,7,6,4,9,9,9,3,5,7,7,6,5,6,12,8,,3,,,b'\x11\xe8\xe1I\xc9B]\xd6\xaf\x82\x12\xdf\x17\xaeN\x1e'
11E8E149-C942-5DD6-AF82-12DF17AE4E1E,2015-ncaa-d1-natl,ncaa,303,305,209,308,275,324,336,316,328,335,314,316,223,183,288,124,195,237,100,236,99,309,284,313,292,313,87,151,39,234,214,224,167,242,199,312,168,257,320,321,328,327,218,195,,,157,255,,,304,297,259,285,330,341,312,334,306,211,159,165,212,214,314,268,217,183,207,311,288,328,206,,207,,,303,113,139,98,228,150,104,250,161,180,149,219,120,172,23,162,222,95,61,233,204,251,143,189,140,126,167,118,214,110,199,156,182,295,274,277,260,311,70,165,,,207,99,,,304,55,314,261,306,187,217,158,206,134,200,214,159,203,198,166,96,164,174,177,203,285,281,80,,158,,,b'\x11\xe8\xe1I\xc9B]\xd6\xaf\x82\x12\xdf\x17\xaeN\x1e'
11E8E149-C942-5DD6-AF82-12DF17AE4E1E,2016-ncaa-d0-natl,ncaa,268,281,175,276,178,236,249,268,235,267,288,197,168,141,234,101,169,195,104,197,90,263,188,215,183,260,100,131,90,246,219,114,161,167,143,306,314,341,343,341,301,324,197,178,,,274,288,,,294,170,168,12,251,272,284,275,287,167,137,162,197,196,280,178,238,74,147,316,339,306,192,,295,,,292,241,192,215,149,93,98,164,316,320,238,320,247,273,92,271,302,235,188,202,204,264,331,320,225,216,161,116,219,141,143,178,173,273,300,262,309,306,68,150,,,146,95,,,294,174,280,268,290,265,216,260,119,102,324,328,262,286,284,288,237,232,126,166,195,279,310,84,,98,,,b'\x11\xe8\xe1I\xc9B]\xd6\xaf\x82\x12\xdf\x17\xaeN\x1e'
11E8E149-C942-5DD6-AF82-12DF17AE4E1E,2016-ncaa-d1-conf-MAC,ncaa,11,11,6,11,8,12,12,10,12,11,10,12,8,7,10,4,9,10,3,10,5,11,10,12,11,12,4,4,2,9,8,9,11,9,7,12,11,12,12,12,9,9,5,3,,,10,11,,,12,10,10,7,12,12,10,11,10,8,6,8,8,8,11,10,9,7,9,12,12,8,2,,11,,,12,6,5,6,8,6,6,5,4,4,8,4,7,8,3,9,7,7,4,9,8,9,6,6,8,10,11,5,8,7,7,6,8,10,10,9,12,12,6,10,,,7,5,,,12,3,12,10,12,9,7,8,7,8,6,5,7,8,9,9,7,12,7,8,9,9,12,7,,5,,,b'\x11\xe8\xe1I\xc9B]\xd6\xaf\x82\x12\xdf\x17\xaeN\x1e'
11E8E149-C942-5DD6-AF82-12DF17AE4E1E,2016-ncaa-d1-natl,ncaa,280,280,218,283,220,268,287,302,241,292,311,209,186,159,237,100,186,219,102,219,87,299,230,224,190,268,96,131,81,265,228,142,169,204,156,324,314,336,343,343,318,325,215,187,,,260,291,,,302,214,170,11,262,282,289,287,294,172,139,159,197,199,286,185,245,74,154,324,340,313,199,,297,,,301,224,169,188,160,76,70,175,311,307,244,317,234,258,94,257,304,204,146,207,212,278,330,322,223,190,169,83,228,106,156,157,172,299,304,269,292,312,63,155,,,170,93,,,302,132,287,277,299,271,220,264,129,105,325,328,268,292,290,288,237,243,128,173,202,286,308,85,,99,,,b'\x11\xe8\xe1I\xc9B]\xd6\xaf\x82\x12\xdf\x17\xaeN\x1e'
11E8E149-C942-5DD6-AF82-12DF17AE4E1E,2017-ncaa-d0-natl,ncaa,267,283,168,279,213,227,243,201,277,284,284,270,108,84,181,52,244,267,157,261,168,214,218,243,243,235,48,51,224,234,276,168,255,207,279,312,318,176,213,290,291,310,173,187,,,274,294,,,277,197,163,264,244,254,194,302,289,91,66,250,267,266,222,222,237,149,206,318,205,291,162,,294,,,275,212,184,199,165,187,209,160,157,172,165,145,273,260,202,257,233,215,181,158,185,242,193,128,261,256,255,271,276,274,279,118,91,245,261,203,140,163,176,247,,,161,99,,,277,161,255,264,271,244,215,238,220,237,172,184,287,279,272,265,219,278,293,293,131,252,155,187,,137,,,b'\x11\xe8\xe1I\xc9B]\xd6\xaf\x82\x12\xdf\x17\xaeN\x1e'
11E8E149-C942-5DD6-AF82-12DF17AE4E1E,2017-ncaa-d1-conf-MAC,ncaa,9,9,6,9,11,10,12,12,9,11,11,9,6,6,5,4,10,10,7,10,6,12,12,7,7,9,3,3,8,12,11,11,12,12,12,10,9,10,12,10,10,10,7,7,,,7,9,,,10,12,10,8,10,12,12,11,11,6,5,10,10,10,12,12,12,9,11,10,11,10,6,,9,,,10,5,6,3,7,7,7,7,5,4,6,5,7,7,7,6,7,5,2,6,9,7,5,6,7,11,12,5,11,6,12,4,8,9,7,7,9,12,4,7,,,10,7,,,10,1,10,11,10,8,7,6,8,9,5,5,9,9,9,8,5,11,7,9,6,9,11,5,,9,,,b'\x11\xe8\xe1I\xc9B]\xd6\xaf\x82\x12\xdf\x17\xaeN\x1e'
11E8E149-C942-5DD6-AF82-12DF17AE4E1E,2017-ncaa-d1-natl,ncaa,258,282,98,269,135,198,222,155,279,273,259,270,85,61,174,51,222,247,128,244,171,173,165,242,238,226,43,47,217,231,291,121,223,172,280,293,308,205,207,282,287,313,162,190,,,294,285,,,276,143,176,267,248,258,203,309,295,84,65,246,272,270,226,241,257,152,221,316,186,299,167,,283,,,270,265,229,256,163,230,243,160,197,210,158,159,274,262,230,258,212,270,241,160,180,242,190,151,239,267,223,314,291,310,280,170,112,233,264,220,156,160,209,251,,,130,107,,,276,214,247,255,265,234,212,229,217,230,181,192,268,252,246,253,197,246,300,284,146,260,140,191,,147,,,b'\x11\xe8\xe1I\xc9B]\xd6\xaf\x82\x12\xdf\x17\xaeN\x1e'
11E8E149-C942-5DD6-AF82-12DF17AE4E1E,2018-ncaa-d0-natl,ncaa,72,74,73,77,102,81,71,102,65,81,96,89,97,138,51,180,166,213,80,216,282,106,122,66,69,69,202,145,273,164,173,119,71,133,112,89,182,121,97,89,174,197,252,288,,,125,95,,,83,110,188,247,82,66,132,86,134,105,174,214,247,257,158,213,206,170,186,105,86,207,270,,81,,,86,210,284,254,268,319,296,263,58,72,84,39,53,74,62,77,30,229,218,201,150,171,2,29,36,96,71,173,173,133,112,111,19,170,194,127,169,145,166,113,,,155,183,,,83,247,71,139,82,139,233,180,306,288,43,46,32,47,53,131,108,57,113,71,77,215,136,137,,200,,,b'\x11\xe8\xe1I\xc9B]\xd6\xaf\x82\x12\xdf\x17\xaeN\x1e'
11E8E149-C942-5DD6-AF82-12DF17AE4E1E,2018-ncaa-d1-conf-MAC,ncaa,3,4,4,4,7,7,7,7,7,7,7,7,7,7,5,6,8,12,4,12,11,8,10,7,6,6,6,6,9,6,5,9,9,8,7,7,8,2,7,7,6,5,7,7,,,3,3,,,4,11,12,10,7,8,9,8,8,8,8,10,12,12,9,12,7,11,9,7,4,6,7,,3,,,4,2,6,5,6,10,10,6,1,2,3,2,1,1,3,1,3,2,3,5,4,4,1,1,3,5,9,2,5,4,7,1,1,6,5,3,9,9,7,7,,,10,8,,,4,2,5,4,4,1,5,4,8,9,1,1,1,1,1,1,1,5,2,4,1,5,7,7,,11,,,b'\x11\xe8\xe1I\xc9B]\xd6\xaf\x82\x12\xdf\x17\xaeN\x1e'
11E8E149-C942-5DD6-AF82-12DF17AE4E1E,2018-ncaa-d1-natl,ncaa,84,74,97,80,130,91,87,123,66,95,123,98,104,161,53,179,194,235,76,238,279,135,161,71,70,74,198,145,267,198,180,151,76,177,127,104,181,98,102,94,195,204,270,291,,,94,97,,,97,140,198,244,88,75,137,91,138,108,176,210,249,256,174,226,221,176,202,109,88,213,276,,81,,,96,181,271,230,281,316,294,271,40,52,90,40,37,58,68,63,31,196,183,213,160,191,2,29,36,74,76,138,180,102,127,87,19,197,203,138,151,158,159,121,,,190,184,,,97,218,78,156,91,146,242,182,309,291,41,47,35,49,53,133,105,57,115,76,82,223,138,141,,201,,,b'\x11\xe8\xe1I\xc9B]\xd6\xaf\x82\x12\xdf\x17\xaeN\x1e'
11E8E149-C942-5DD6-AF82-12DF17AE4E1E,2019-ncaa-d0-natl,ncaa,63,45,114,53,172,116,82,103,76,62,87,68,166,169,173,193,301,316,134,317,347,131,186,97,124,88,302,210,337,181,188,123,45,144,108,99,190,29,48,52,232,223,251,271,,,89,100,,,99,188,241,331,121,65,78,45,90,175,182,319,326,330,141,242,186,133,154,96,35,243,268,,73,,,98,124,169,161,200,259,195,274,35,113,9,128,137,123,229,107,101,144,127,140,146,174,18,23,165,43,45,207,188,120,108,29,11,220,195,73,148,154,95,60,,,295,319,,,99,174,91,127,96,106,150,111,247,184,26,93,128,113,102,85,66,36,179,98,29,235,136,83,,328,,,b'\x11\xe8\xe1I\xc9B]\xd6\xaf\x82\x12\xdf\x17\xaeN\x1e'
11E8E149-C942-5DD6-AF82-12DF17AE4E1E,2019-ncaa-d1-conf-MAC,ncaa,4,3,3,4,8,4,4,5,3,2,3,2,11,10,11,9,10,11,8,11,12,7,7,8,8,5,12,11,11,5,3,8,3,6,4,4,6,1,2,2,7,7,8,9,,,4,5,,,4,9,11,10,4,3,5,2,2,11,10,10,11,11,7,9,5,8,5,5,1,7,9,,3,,,4,2,3,3,6,10,8,8,2,1,2,2,6,6,7,6,6,2,2,5,5,6,3,1,8,2,3,4,3,3,4,3,3,7,6,4,7,6,8,5,,,10,9,,,4,4,4,6,4,2,4,2,7,7,2,1,6,6,6,1,1,2,4,3,3,7,8,8,,10,,,b'\x11\xe8\xe1I\xc9B]\xd6\xaf\x82\x12\xdf\x17\xaeN\x1e'
11E8E149-C942-5DD6-AF82-12DF17AE4E1E,2019-ncaa-d1-natl,ncaa,61,44,107,53,152,125,85,93,86,61,78,74,166,166,181,198,306,319,144,318,348,133,183,107,135,98,308,217,339,166,180,120,50,130,111,95,189,30,45,53,232,222,246,263,,,74,86,,,93,192,246,331,128,66,79,46,84,178,188,323,327,332,149,237,173,131,149,98,35,250,255,,60,,,91,111,163,169,194,256,193,275,26,111,3,126,113,103,222,91,90,147,128,125,122,147,12,22,146,48,50,210,180,132,111,22,11,214,196,70,161,164,91,55,,,298,320,,,93,165,96,106,91,98,146,115,247,187,24,96,110,94,88,84,68,44,183,107,26,229,141,82,,329,,,b'\x11\xe8\xe1I\xc9B]\xd6\xaf\x82\x12\xdf\x17\xaeN\x1e'
11E8E149-C942-5DD6-AF82-12DF17AE4E1E,2020-ncaa-d0-natl,ncaa,259,280,87,273,136,49,48,13,170,69,88,97,95,36,288,99,126,155,116,155,216,17,24,167,169,129,185,157,246,83,186,214,212,150,262,90,210,148,56,103,68,104,104,117,,,332,301,,,245,20,18,213,48,43,8,67,92,102,44,131,167,167,11,19,89,246,172,97,132,77,112,,328,,,242,347,339,254,345,334,237,344,291,217,327,161,324,326,116,326,291,288,319,348,348,337,163,149,205,202,212,336,186,318,262,266,89,63,125,150,239,142,139,89,,,129,264,,,245,334,128,322,243,342,336,239,329,211,283,203,307,313,314,283,318,184,331,303,253,72,225,130,,151,,,b'\x11\xe8\xe1I\xc9B]\xd6\xaf\x82\x12\xdf\x17\xaeN\x1e'
11E8E149-C942-5DD6-AF82-12DF17AE4E1E,2020-ncaa-d1-conf-MAC,ncaa,11,11,5,11,10,5,4,4,7,2,3,2,7,4,11,6,7,7,5,7,9,4,3,9,9,6,10,8,8,4,7,12,12,12,12,4,5,5,5,5,4,4,4,3,,,10,11,,,12,3,1,7,3,3,2,2,3,6,3,7,7,7,3,3,4,12,12,4,6,4,4,,11,,,12,12,12,4,12,11,5,11,8,4,12,4,11,10,7,10,11,5,10,12,12,12,5,5,8,8,12,9,7,9,12,8,8,4,4,8,10,8,7,7,,,9,10,,,12,9,6,12,12,12,12,7,11,7,8,6,11,11,11,7,12,8,9,11,8,3,10,7,,8,,,b'\x11\xe8\xe1I\xc9B]\xd6\xaf\x82\x12\xdf\x17\xaeN\x1e'
11E8E149-C942-5DD6-AF82-12DF17AE4E1E,2020-ncaa-d1-natl,ncaa,257,278,45,274,96,44,37,14,160,54,67,90,93,35,276,102,134,150,138,149,220,14,14,166,172,135,189,157,265,78,191,192,208,130,266,74,206,151,56,98,58,91,102,120,,,331,292,,,250,16,20,230,47,42,8,62,87,103,48,156,178,177,10,21,91,249,168,87,132,72,118,,323,,,246,348,345,268,346,340,246,344,289,228,327,161,322,325,116,326,285,304,329,347,348,335,157,147,198,201,208,343,191,322,266,269,85,51,113,140,244,142,132,84,,,110,264,,,250,336,122,314,246,340,336,236,327,214,276,199,305,314,315,280,311,174,331,298,246,65,220,122,,153,,,b'\x11\xe8\xe1I\xc9B]\xd6\xaf\x82\x12\xdf\x17\xaeN\x1e'
11E8E149-C942-5DD6-AF82-12DF17AE4E1E,2021-ncaa-d0-natl,ncaa,290,338,89,313,125,116,101,94,163,97,117,82,108,62,270,82,185,211,62,209,278,109,78,159,172,223,200,144,276,62,79,154,103,121,101,111,202,330,288,254,77,104,240,289,,,335,340,,,309,87,57,224,149,119,98,127,188,134,74,258,289,288,148,59,79,263,185,159,308,106,285,,335,,,288,302,294,211,340,309,235,340,200,159,283,68,336,342,57,342,320,239,232,337,339,336,106,56,273,130,103,222,79,189,101,230,55,111,162,172,322,284,118,77,,,163,299,,,309,255,205,311,287,317,304,105,317,178,144,83,330,332,332,193,198,44,146,76,183,159,300,68,,250,,,b'\x11\xe8\xe1I\xc9B]\xd6\xaf\x82\x12\xdf\x17\xaeN\x1e'
11E8E149-C942-5DD6-AF82-12DF17AE4E1E,2021-ncaa-d1-conf-MAC,ncaa,12,12,4,12,5,8,7,6,9,6,4,7,9,6,11,9,9,10,2,10,11,7,5,11,11,11,10,9,9,2,4,9,8,6,7,4,3,12,11,8,3,3,10,10,,,12,12,,,12,5,5,9,9,8,7,6,4,9,8,10,11,11,10,6,4,12,9,6,11,3,10,,12,,,11,10,10,3,12,12,10,12,3,3,12,1,12,12,1,12,11,6,7,12,12,12,1,1,11,4,8,5,4,4,7,6,4,3,4,5,10,9,9,6,,,10,12,,,12,8,10,11,11,10,10,2,12,10,1,1,12,12,12,4,3,3,5,4,6,4,9,7,,11,,,b'\x11\xe8\xe1I\xc9B]\xd6\xaf\x82\x12\xdf\x17\xaeN\x1e'
11E8E149-C942-5DD6-AF82-12DF17AE4E1E,2021-ncaa-d1-natl,ncaa,296,337,105,317,144,133,111,105,169,108,134,86,117,69,270,83,194,226,61,225,279,125,92,165,176,227,197,141,271,69,80,171,105,134,111,123,206,322,292,259,86,107,247,292,,,332,340,,,313,104,60,225,156,123,104,133,193,138,75,259,289,288,153,64,84,267,190,166,309,109,287,,336,,,297,299,293,196,340,307,226,340,192,145,285,68,330,339,57,338,321,223,216,337,339,336,104,53,273,119,105,206,80,173,111,221,56,126,169,176,318,289,115,82,,,177,298,,,313,237,213,314,293,320,308,108,318,181,144,82,331,333,333,194,194,46,149,80,189,169,300,68,,251,,,b'\x11\xe8\xe1I\xc9B]\xd6\xaf\x82\x12\xdf\x17\xaeN\x1e'
11E8E149-C942-5DD6-AF82-12DF17AE4E1E,2022-ncaa-d0-natl,ncaa,282,303,163,292,202,127,99,92,150,85,98,124,151,115,236,144,278,304,79,305,350,113,99,166,186,201,269,186,332,109,159,202,181,168,197,136,226,298,222,205,51,44,222,231,,,345,343,,,259,94,18,275,105,55,18,50,67,145,106,291,313,316,46,25,94,218,142,129,286,35,218,,347,,,255,303,264,163,321,289,183,334,120,141,121,109,347,342,301,342,336,219,236,304,336,302,164,52,335,153,181,252,159,218,197,238,168,81,103,148,300,248,247,181,,,281,347,,,259,258,197,283,259,321,283,158,308,186,125,131,349,344,343,252,304,161,279,241,251,68,293,256,,304,,,b'\x11\xe8\xe1I\xc9B]\xd6\xaf\x82\x12\xdf\x17\xaeN\x1e'
11E8E149-C942-5DD6-AF82-12DF17AE4E1E,2022-ncaa-d1-conf-MAC,ncaa,10,10,9,10,9,9,8,6,9,4,3,10,11,11,11,9,10,11,2,11,12,8,5,11,10,10,11,9,9,7,7,12,11,10,9,6,7,12,11,10,3,2,8,9,,,12,12,,,10,6,1,4,7,7,3,3,2,10,10,10,11,11,4,2,6,12,10,6,12,1,8,,12,,,10,7,4,1,10,7,4,11,1,1,8,1,12,12,9,12,12,3,7,9,10,9,8,1,12,7,11,6,7,5,9,6,9,2,1,1,5,6,11,8,,,10,10,,,10,7,10,10,10,11,8,3,11,7,4,3,12,12,12,10,11,8,8,8,8,1,9,11,,9,,,b'\x11\xe8\xe1I\xc9B]\xd6\xaf\x82\x12\xdf\x17\xaeN\x1e'
11E8E149-C942-5DD6-AF82-12DF17AE4E1E,2022-ncaa-d1-natl,ncaa,296,303,213,301,251,169,124,110,161,110,123,137,170,137,243,146,295,314,84,317,349,144,126,178,199,216,266,186,330,130,168,241,186,207,211,167,232,277,228,210,66,55,242,240,,,339,345,,,274,127,21,275,112,59,19,59,72,149,114,295,314,318,54,27,101,229,159,141,286,44,229,,348,,,272,292,241,124,336,276,141,342,110,111,131,106,347,339,307,338,336,172,200,315,343,314,163,50,334,132,186,231,168,188,211,224,169,109,112,167,288,255,238,190,,,303,345,,,274,225,215,304,277,331,295,159,318,187,128,134,351,345,343,254,302,162,280,245,252,80,298,266,,307,,,b'\x11\xe8\xe1I\xc9B]\xd6\xaf\x82\x12\xdf\x17\xaeN\x1e'
11E8E149-C942-5DD6-AF82-12DF17AE4E1E,2023-ncaa-d0-natl,ncaa,242,257,164,258,185,110,135,188,75,144,192,95,145,184,73,180,74,118,40,119,91,163,167,84,55,83,136,178,97,249,232,166,86,195,146,151,195,184,198,158,272,289,251,281,,,253,275,,,266,142,88,118,73,100,181,120,180,137,170,53,95,94,146,144,251,135,197,135,212,278,255,,274,,,261,331,325,226,346,325,238,329,254,175,340,135,312,292,332,291,261,247,178,341,349,359,184,148,246,71,86,139,232,97,146,215,55,321,342,324,260,258,101,104,,,123,92,,,266,218,98,355,257,353,347,279,346,282,269,184,321,299,297,305,214,75,159,112,230,334,272,108,,103,,,b'\x11\xe8\xe1I\xc9B]\xd6\xaf\x82\x12\xdf\x17\xaeN\x1e'
11E8E149-C942-5DD6-AF82-12DF17AE4E1E,2023-ncaa-d1-conf-MAC,ncaa,7,5,9,7,9,6,8,8,4,6,7,8,9,10,7,10,4,5,4,5,5,7,8,5,6,5,5,10,3,4,3,9,5,9,3,8,9,6,7,8,12,12,9,10,,,8,11,,,7,9,4,2,4,5,4,4,3,8,8,2,2,2,4,3,4,7,4,6,7,12,7,,11,,,8,11,8,5,11,10,9,9,5,3,11,2,11,9,9,9,7,5,2,11,10,12,6,4,7,4,5,1,3,1,3,3,2,12,11,9,4,6,10,8,,,4,2,,,7,4,6,11,8,12,11,9,11,11,6,4,11,11,11,11,8,5,2,4,6,11,7,10,,1,,,b'\x11\xe8\xe1I\xc9B]\xd6\xaf\x82\x12\xdf\x17\xaeN\x1e'
11E8E149-C942-5DD6-AF82-12DF17AE4E1E,2023-ncaa-d1-natl,ncaa,243,257,151,255,171,112,131,183,79,147,189,94,151,187,79,192,63,106,37,106,76,167,169,82,53,82,139,191,75,260,235,164,69,198,143,162,218,181,188,164,274,299,254,286,,,241,271,,,261,141,110,118,76,105,207,120,177,144,185,39,82,83,164,155,257,147,214,147,197,285,256,,262,,,260,331,331,230,347,332,241,337,242,168,328,136,305,280,334,279,253,246,172,339,351,359,172,141,239,58,69,138,235,85,143,215,53,324,338,318,262,256,93,102,,,108,66,,,261,216,100,356,261,350,342,261,344,274,251,176,310,285,283,286,196,55,156,102,224,330,265,99,,93,,,b'\x11\xe8\xe1I\xc9B]\xd6\xaf\x82\x12\xdf\x17\xaeN\x1e'
11E8E149-C942-5DD6-AF82-12DF17AE4E1E,2024-ncaa-d0-natl,ncaa,286,276,258,291,259,334,320,327,283,311,279,284,280,282,246,199,340,342,175,342,320,336,304,282,289,329,235,191,267,285,242,285,300,302,284,262,110,301,350,303,129,81,246,160,,,142,231,,,306,303,313,24,344,332,326,305,249,261,256,335,338,337,339,290,266,266,298,242,332,96,229,,205,,,307,74,48,61,132,8,7,151,317,299,288,354,139,160,71,160,320,57,74,230,225,169,358,358,213,225,300,81,242,127,284,169,322,169,102,171,307,344,233,307,,,345,337,,,306,53,335,228,313,153,79,89,9,5,346,345,188,213,212,96,136,282,166,230,233,114,332,278,,338,,,b'\x11\xe8\xe1I\xc9B]\xd6\xaf\x82\x12\xdf\x17\xaeN\x1e'
11E8E149-C942-5DD6-AF82-12DF17AE4E1E,2024-ncaa-d1-conf-MAC,ncaa,9,8,9,9,9,12,12,12,12,12,8,12,11,11,9,8,10,12,2,12,11,12,12,11,11,11,7,6,7,10,8,8,10,10,10,10,3,11,11,10,3,3,7,5,,,6,7,,,10,12,11,2,12,12,12,11,7,11,11,11,12,12,12,10,8,8,10,11,11,3,7,,8,,,10,1,1,1,1,1,1,1,8,8,11,10,5,9,2,9,11,1,4,4,3,2,12,12,12,10,10,4,8,7,10,3,10,5,4,4,11,11,12,11,,,12,12,,,10,3,12,3,10,3,1,3,1,2,11,9,6,11,11,4,8,11,7,10,5,4,11,12,,12,,,b'\x11\xe8\xe1I\xc9B]\xd6\xaf\x82\x12\xdf\x17\xaeN\x1e'
11E8E149-C942-5DD6-AF82-12DF17AE4E1E,2024-ncaa-d1-natl,ncaa,298,278,320,298,323,350,344,352,302,335,318,306,294,299,255,201,350,354,174,353,322,355,343,296,303,338,232,194,266,313,257,316,306,334,300,293,117,286,353,315,156,90,259,165,,,110,242,,,318,347,318,21,351,342,332,320,256,269,267,338,341,340,346,297,277,278,309,264,335,108,236,,211,,,322,47,26,25,148,5,3,176,313,288,295,358,128,147,74,143,324,24,29,246,241,199,360,361,213,209,306,52,257,91,300,155,325,206,114,190,296,349,217,309,,,352,338,,,318,15,342,251,327,172,89,93,13,5,349,347,194,218,217,102,136,293,175,238,247,129,335,284,,341,,,b'\x11\xe8\xe1I\xc9B]\xd6\xaf\x82\x12\xdf\x17\xaeN\x1e'
11E8E149-C942-5DD6-AF82-12DF17AE4E1E,2025-ncaa-d0-natl,genius_ncaa,133,91,248,120,252,216,207,257,132,266,312,111,114,131,108,62,298,326,61,324,254,278,270,108,111,150,88,57,295,305,285,241,118,274,211,200,190,200,273,217,44,19,205,106,,,297,353,,110,108,248,184,43,163,156,226,242,292,71,75,282,313,311,257,218,284,189,258,177,268,24,185,,342,,140,105,29,8,21,31,2,11,13,229,131,335,277,268,254,260,251,350,35,97,94,139,41,362,330,352,56,118,121,285,76,211,36,264,48,18,17,215,273,100,228,,,309,285,,134,108,121,181,32,100,66,9,20,5,9,282,187,305,295,294,42,170,102,188,148,60,19,273,136,,286,,113,b'\x11\xe8\xe1I\xc9B]\xd6\xaf\x82\x12\xdf\x17\xaeN\x1e'
11E8E149-C942-5DD6-AF82-12DF17AE4E1E,2025-ncaa-d1-conf-MAC,genius_ncaa,5,5,5,5,5,6,6,6,7,7,6,5,7,5,10,4,9,12,1,12,12,7,7,7,7,7,7,7,10,7,7,6,9,8,7,7,8,6,5,8,2,1,4,3,,,10,10,,2,5,6,7,2,7,7,3,6,5,7,4,11,12,12,6,6,8,6,7,7,6,1,3,,11,,2,5,1,1,2,2,1,4,1,8,6,8,9,11,11,8,11,10,3,8,2,3,2,11,10,12,9,9,8,7,8,7,1,10,2,2,1,10,8,7,8,,,11,12,,7,5,8,7,2,5,2,1,1,1,3,8,7,11,10,10,2,9,10,8,9,2,2,8,7,,11,,8,b'\x11\xe8\xe1I\xc9B]\xd6\xaf\x82\x12\xdf\x17\xaeN\x1e'
11E8E149-C942-5DD6-AF82-12DF17AE4E1E,2025-ncaa-d1-natl,genius_ncaa,117,91,172,111,179,160,144,196,117,209,264,88,99,106,118,72,276,312,53,308,272,228,223,97,99,135,115,73,300,273,265,210,113,253,206,179,210,239,253,208,27,11,198,106,,,320,348,,108,92,181,173,49,144,129,191,205,265,78,77,279,314,311,240,215,276,203,261,170,244,14,187,,335,,121,86,49,13,35,43,2,14,15,267,181,340,287,270,267,232,264,349,48,158,105,156,37,362,336,344,71,113,157,265,119,206,56,265,30,11,13,229,256,97,174,,,274,291,,131,92,184,155,28,84,60,11,17,3,9,285,185,288,278,277,30,167,81,180,132,63,15,249,110,,291,,125,b'\x11\xe8\xe1I\xc9B]\xd6\xaf\x82\x12\xdf\x17\xaeN\x1e'
11E8E149-C942-5DD6-AF82-12DF17AE4E1E,2026-ncaa-d0-natl,genius_ncaa,123,80,206,123,208,161,164,239,60,224,303,45,58,91,47,17,279,308,45,306,205,253,259,31,36,53,44,18,324,329,323,236,115,277,216,80,12,102,171,50,177,126,166,96,,,178,277,,153,95,238,229,33,96,94,217,204,338,17,29,274,315,312,259,290,341,194,299,29,143,127,144,,251,,193,87,91,74,91,130,55,61,169,170,189,141,297,180,150,284,155,280,91,109,165,185,136,303,260,259,63,115,119,323,100,216,102,212,159,72,101,98,156,136,256,,,295,292,,187,95,129,87,113,85,122,90,83,63,37,214,251,218,190,195,91,126,81,164,124,128,92,125,166,,309,,182,b'\x11\xe8\xe1I\xc9B]\xd6\xaf\x82\x12\xdf\x17\xaeN\x1e'
11E8E149-C942-5DD6-AF82-12DF17AE4E1E,2026-ncaa-d1-natl,genius_ncaa,74,80,85,97,89,74,73,140,37,126,228,32,27,47,49,47,180,237,32,236,207,153,158,22,21,37,86,46,311,274,269,153,104,198,168,26,18,157,133,36,69,70,150,105,,,269,279,,201,58,139,244,47,71,61,195,150,304,32,50,239,297,294,227,282,311,219,293,25,101,85,178,,229,,160,61,169,121,158,93,68,77,145,276,290,151,325,246,204,324,207,288,168,213,146,179,109,343,297,284,102,104,177,269,150,168,187,273,66,45,85,141,117,208,236,,,212,246,,149,58,229,52,91,57,88,47,40,26,11,238,269,221,155,162,50,96,59,103,71,133,77,97,177,,278,,169,b'\x11\xe8\xe1I\xc9B]\xd6\xaf\x82\x12\xdf\x17\xaeN\x1e'
11E8E149-C947-13EE-AF82-12DF17AE4E1E,2010-ncaa-d0-natl,ncaa,72,114,12,103,15,45,45,49,54,98,153,51,15,17,57,38,195,154,295,152,152,56,67,37,57,51,78,35,323,195,282,23,58,50,155,69,202,165,73,67,85,139,112,134,,,133,26,,,58,41,231,258,110,90,181,206,293,32,42,296,260,256,213,273,297,65,191,135,43,161,159,,28,,,62,268,278,318,68,196,257,77,332,336,155,315,66,74,127,74,41,305,303,111,65,79,246,323,26,246,58,321,282,314,155,262,182,84,171,171,146,86,65,55,,,96,217,,,58,308,80,71,57,66,95,184,53,65,293,300,21,24,24,114,101,98,170,137,130,205,59,30,,272,,,b'\x11\xe8\xe1I\xc9G\x13\xee\xaf\x82\x12\xdf\x17\xaeN\x1e'
11E8E149-C947-13EE-AF82-12DF17AE4E1E,2010-ncaa-d1-conf-Big Ten,ncaa,5,6,1,5,2,4,5,4,6,7,8,4,2,2,5,2,9,8,10,8,6,5,5,4,6,4,4,2,11,8,8,3,5,4,6,7,8,4,3,5,5,7,8,8,,,2,2,,,5,4,9,9,7,7,6,8,11,2,2,10,9,9,8,9,8,4,8,10,2,9,8,,2,,,5,7,8,7,5,7,6,6,8,11,5,11,2,3,1,4,3,7,7,5,3,4,4,10,3,6,5,9,8,9,6,7,6,5,8,7,6,5,4,6,,,6,8,,,5,8,5,3,4,2,4,6,4,3,7,10,2,2,2,3,4,5,8,8,6,9,3,3,,9,,,b'\x11\xe8\xe1I\xc9G\x13\xee\xaf\x82\x12\xdf\x17\xaeN\x1e'
11E8E149-C947-13EE-AF82-12DF17AE4E1E,2010-ncaa-d1-natl,ncaa,74,114,12,106,17,47,46,52,56,105,167,53,16,20,57,39,202,161,294,159,153,59,77,39,61,53,78,35,324,209,284,24,60,56,157,73,205,153,74,70,94,147,116,136,,,120,28,,,64,43,231,259,112,95,183,211,294,32,43,296,259,255,216,275,300,71,200,138,43,171,162,,28,,,67,256,273,316,69,185,248,82,330,335,157,315,61,64,126,64,42,302,301,115,69,89,247,323,27,239,60,314,284,309,157,257,185,95,178,177,139,86,59,57,,,107,214,,,64,306,84,82,63,66,98,184,59,66,294,298,21,24,24,117,101,101,174,139,133,215,60,32,,267,,,b'\x11\xe8\xe1I\xc9G\x13\xee\xaf\x82\x12\xdf\x17\xaeN\x1e'
11E8E149-C947-13EE-AF82-12DF17AE4E1E,2011-ncaa-d0-natl,ncaa,137,111,170,135,194,160,162,249,50,239,330,20,30,29,91,9,272,305,49,305,137,276,314,27,31,20,39,17,305,339,339,254,227,326,331,109,64,3,17,16,253,226,174,143,,,4,6,,,119,278,305,113,134,142,259,252,334,14,15,264,313,313,291,332,339,254,338,78,2,260,173,,4,,,118,108,184,161,219,89,53,229,324,299,278,333,3,4,84,4,15,87,78,271,199,210,224,337,3,155,227,198,339,184,331,179,191,248,206,246,8,41,27,132,,,258,102,,,119,69,55,235,112,132,208,197,110,47,329,321,5,6,6,100,59,175,235,217,200,247,13,30,,265,,,b'\x11\xe8\xe1I\xc9G\x13\xee\xaf\x82\x12\xdf\x17\xaeN\x1e'
11E8E149-C947-13EE-AF82-12DF17AE4E1E,2011-ncaa-d1-conf-Big Ten,ncaa,4,4,7,4,8,7,8,10,4,11,11,2,1,1,4,1,9,10,2,10,3,10,10,2,2,2,1,1,9,10,10,10,9,11,11,6,3,1,1,2,9,7,10,10,,,1,1,,,6,10,10,2,4,6,8,11,11,1,1,9,10,10,9,10,10,10,11,5,1,8,10,,1,,,6,3,5,5,7,3,3,6,10,9,8,11,1,1,1,1,2,4,2,8,6,6,5,11,1,7,9,8,10,8,11,5,7,8,7,8,1,1,2,3,,,9,2,,,6,2,4,8,6,4,7,8,6,5,11,11,1,1,1,4,3,9,10,10,6,6,1,2,,7,,,b'\x11\xe8\xe1I\xc9G\x13\xee\xaf\x82\x12\xdf\x17\xaeN\x1e'
11E8E149-C947-13EE-AF82-12DF17AE4E1E,2011-ncaa-d1-natl,ncaa,145,110,199,136,224,181,183,273,52,264,334,20,34,34,95,9,278,314,49,315,134,301,329,27,31,20,35,16,304,340,340,277,230,337,333,125,64,2,19,16,264,231,185,146,,,2,5,,,128,299,305,107,139,148,263,260,334,13,15,265,316,315,296,332,341,257,339,81,2,262,177,,4,,,125,88,167,133,227,77,42,235,319,293,278,333,2,3,88,3,14,62,56,275,207,216,223,337,2,135,230,180,340,158,333,173,189,272,214,252,6,42,25,139,,,275,101,,,128,46,57,241,119,139,214,198,114,48,329,320,5,6,6,105,59,176,238,220,200,252,13,32,,266,,,b'\x11\xe8\xe1I\xc9G\x13\xee\xaf\x82\x12\xdf\x17\xaeN\x1e'
11E8E149-C947-13EE-AF82-12DF17AE4E1E,2012-ncaa-d0-natl,ncaa,87,87,81,86,112,109,101,146,61,144,247,30,46,44,116,37,243,304,14,303,265,174,220,41,46,29,96,56,308,301,316,171,205,243,275,93,127,25,40,27,132,130,147,109,,,13,5,,,99,181,291,262,138,113,216,189,298,60,53,274,319,320,267,321,330,250,313,100,14,157,157,,3,,,100,158,200,217,170,117,76,240,315,328,130,336,13,11,266,11,19,157,169,211,181,158,249,330,10,198,205,220,316,210,275,238,223,140,125,187,50,89,47,90,,,176,109,,,99,161,62,166,91,93,153,136,71,21,309,325,9,5,4,65,68,164,150,150,201,183,43,36,,242,,,b'\x11\xe8\xe1I\xc9G\x13\xee\xaf\x82\x12\xdf\x17\xaeN\x1e'
11E8E149-C947-13EE-AF82-12DF17AE4E1E,2012-ncaa-d1-conf-Big Ten,ncaa,7,7,3,7,4,8,8,8,7,9,10,3,3,3,8,3,10,11,5,11,9,9,11,5,6,5,3,2,11,11,12,9,10,10,12,7,5,1,3,3,5,4,10,7,,,1,1,,,7,10,12,7,9,10,11,12,12,4,3,11,11,11,11,12,12,10,11,6,1,5,9,,1,,,7,1,3,5,5,3,1,8,10,11,2,12,1,1,7,1,1,3,5,6,5,3,7,11,1,9,10,7,12,10,12,8,10,3,2,7,4,7,3,5,,,8,2,,,7,2,7,5,7,1,3,3,2,1,8,11,1,1,1,1,3,8,8,8,8,4,3,3,,9,,,b'\x11\xe8\xe1I\xc9G\x13\xee\xaf\x82\x12\xdf\x17\xaeN\x1e'
11E8E149-C947-13EE-AF82-12DF17AE4E1E,2012-ncaa-d1-natl,ncaa,90,86,90,88,129,127,116,175,61,161,274,32,54,54,115,37,258,311,15,310,264,207,259,42,47,30,95,54,310,316,319,194,211,271,285,105,129,17,41,28,151,135,153,111,,,7,6,,,105,215,293,262,143,120,221,198,299,63,53,275,321,322,269,321,330,256,315,109,15,166,160,,4,,,105,140,193,194,180,100,53,244,315,325,140,334,11,10,271,10,21,126,136,214,188,170,247,328,11,179,211,200,319,187,285,226,227,160,129,198,43,87,40,91,,,193,102,,,105,129,64,179,96,100,157,136,77,20,310,324,9,5,4,65,67,169,156,152,210,194,44,37,,245,,,b'\x11\xe8\xe1I\xc9G\x13\xee\xaf\x82\x12\xdf\x17\xaeN\x1e'
11E8E149-C947-13EE-AF82-12DF17AE4E1E,2012-ncaa-d1-ncaatournament,ncaa,33,2,33,33,34,38,39,52,19,42,52,16,30,40,17,9,45,48,47,47,23,45,48,14,14,17,14,9,49,58,60,41,36,52,46,46,47,9,31,36,55,61,50,51,,,10,18,,,50,37,9,5,26,22,42,36,50,5,8,40,43,41,37,42,57,20,46,38,23,53,46,,23,,,52,32,32,30,56,28,11,61,37,36,35,62,8,14,5,14,40,29,27,58,52,61,42,57,7,20,36,21,60,21,46,32,51,60,62,63,23,53,6,21,,,52,49,,,50,25,30,62,53,64,64,61,58,21,61,63,16,32,35,61,54,44,49,51,61,60,51,8,,50,,,b'\x11\xe8\xe1I\xc9G\x13\xee\xaf\x82\x12\xdf\x17\xaeN\x1e'
11E8E149-C947-13EE-AF82-12DF17AE4E1E,2013-ncaa-d0-natl,ncaa,60,65,41,67,66,129,115,222,25,161,283,17,54,76,38,51,277,312,48,313,255,246,274,13,21,28,105,47,318,291,223,120,56,202,76,75,74,46,129,37,290,285,163,137,,,4,5,,,86,268,343,267,206,168,333,225,323,70,107,313,332,331,335,342,326,212,305,88,31,312,205,,2,,,95,111,214,223,174,131,84,228,313,321,154,332,2,3,94,3,3,141,74,223,131,233,170,329,2,53,56,39,223,30,76,245,246,320,322,331,50,107,40,106,,,212,114,,,86,95,39,199,77,43,114,87,65,18,285,300,2,1,1,21,2,25,10,5,184,340,38,24,,295,,,b'\x11\xe8\xe1I\xc9G\x13\xee\xaf\x82\x12\xdf\x17\xaeN\x1e'
11E8E149-C947-13EE-AF82-12DF17AE4E1E,2013-ncaa-d1-conf-Big Ten,ncaa,5,5,3,5,7,9,9,9,4,9,12,1,4,2,8,1,9,10,6,9,3,9,11,2,4,2,2,3,7,7,4,10,4,10,4,8,7,1,5,5,10,8,7,6,,,1,2,,,6,11,12,8,9,9,11,10,12,3,2,9,11,9,11,12,8,10,10,8,1,11,7,,1,,,6,3,6,6,9,3,2,9,10,11,6,12,1,1,10,1,1,2,1,9,9,10,4,12,1,3,4,1,4,1,4,8,9,11,10,10,2,5,1,4,,,5,1,,,6,2,2,10,6,3,6,4,3,2,11,11,1,1,1,1,1,3,1,1,9,12,2,1,,5,,,b'\x11\xe8\xe1I\xc9G\x13\xee\xaf\x82\x12\xdf\x17\xaeN\x1e'
11E8E149-C947-13EE-AF82-12DF17AE4E1E,2013-ncaa-d1-natl,ncaa,63,65,49,71,74,138,127,244,26,181,296,17,60,82,37,51,283,320,47,320,253,269,298,14,22,29,103,45,317,299,224,135,57,226,82,80,75,41,131,41,301,287,175,143,,,3,5,,,99,290,343,267,212,176,334,230,324,71,107,314,333,332,337,341,326,215,307,89,32,318,209,,2,,,104,95,202,211,179,118,68,232,309,318,160,332,2,2,98,2,3,109,53,228,136,237,168,329,2,48,57,28,224,20,82,233,246,331,325,331,44,110,33,113,,,228,111,,,99,65,41,209,86,44,117,86,69,18,284,300,2,1,1,21,2,25,10,5,189,340,39,25,,296,,,b'\x11\xe8\xe1I\xc9G\x13\xee\xaf\x82\x12\xdf\x17\xaeN\x1e'
11E8E149-C947-13EE-AF82-12DF17AE4E1E,2013-ncaa-d1-ncaatournament,ncaa,17,2,17,17,19,32,32,32,33,30,30,35,28,29,35,37,29,32,4,32,44,32,32,32,25,30,32,36,22,41,50,27,22,30,31,29,16,37,43,31,33,47,43,54,,,9,2,,,56,32,63,7,54,49,62,44,56,45,48,39,46,46,63,63,54,38,51,39,23,50,55,,1,,,41,38,44,36,37,33,32,49,52,46,41,61,7,6,31,7,7,34,34,49,43,50,52,60,2,33,22,34,50,33,31,43,31,39,56,55,21,15,31,33,,,25,8,,,56,33,35,52,42,20,33,19,11,4,56,60,2,2,2,6,4,13,10,5,31,58,10,16,,32,,,b'\x11\xe8\xe1I\xc9G\x13\xee\xaf\x82\x12\xdf\x17\xaeN\x1e'
11E8E149-C947-13EE-AF82-12DF17AE4E1E,2014-ncaa-d0-natl,ncaa,89,125,28,112,33,69,38,98,17,55,88,47,92,176,5,201,217,274,33,278,332,126,126,24,28,34,248,147,324,113,57,67,13,82,15,34,87,202,169,49,229,237,132,129,,,74,55,,,81,135,332,149,133,66,245,90,177,132,230,295,323,327,291,304,187,173,183,50,95,275,167,,17,,,83,241,274,261,222,207,178,222,318,308,278,319,39,27,258,27,32,215,179,264,220,271,212,324,15,38,13,33,57,20,15,299,279,262,287,320,177,159,292,234,,,215,285,,,81,224,31,209,74,88,159,89,101,34,292,262,11,5,6,30,11,5,6,2,232,330,107,247,,329,,,b'\x11\xe8\xe1I\xc9G\x13\xee\xaf\x82\x12\xdf\x17\xaeN\x1e'
11E8E149-C947-13EE-AF82-12DF17AE4E1E,2014-ncaa-d1-conf-Big Ten,ncaa,6,6,4,6,7,9,9,11,5,7,6,8,11,11,3,11,8,8,6,8,11,10,10,5,6,7,10,11,5,4,2,10,4,8,3,9,9,2,7,8,10,7,9,8,,,2,3,,,7,12,12,7,9,9,12,8,4,11,11,7,8,8,12,12,4,10,7,10,2,10,9,,2,,,7,4,5,2,9,3,3,10,7,7,8,9,2,3,5,3,3,2,1,11,9,10,8,9,2,2,4,1,2,1,3,8,9,11,9,10,6,8,6,7,,,8,4,,,7,1,4,9,7,2,3,2,2,2,8,8,2,2,2,1,1,1,1,1,7,11,5,7,,8,,,b'\x11\xe8\xe1I\xc9G\x13\xee\xaf\x82\x12\xdf\x17\xaeN\x1e'
11E8E149-C947-13EE-AF82-12DF17AE4E1E,2014-ncaa-d1-natl,ncaa,93,125,33,117,39,80,42,115,18,60,102,50,99,185,5,200,236,283,34,288,334,148,149,26,29,35,247,146,325,134,59,76,13,95,15,38,87,188,173,52,238,240,140,135,,,57,58,,,85,163,334,150,142,70,249,97,178,132,232,296,324,327,295,305,194,180,190,53,93,277,172,,16,,,88,219,264,241,226,191,159,227,318,299,281,317,31,20,264,20,32,194,145,274,229,282,212,323,13,28,13,22,59,12,15,295,279,283,289,322,167,159,289,239,,,239,287,,,85,196,32,219,81,92,166,89,104,33,292,262,11,5,6,30,11,5,6,2,234,330,107,249,,328,,,b'\x11\xe8\xe1I\xc9G\x13\xee\xaf\x82\x12\xdf\x17\xaeN\x1e'
11E8E149-C947-13EE-AF82-12DF17AE4E1E,2015-ncaa-d0-natl,ncaa,84,161,13,119,19,31,16,24,40,26,21,69,67,123,17,201,195,258,26,258,346,36,35,48,59,59,266,165,335,45,45,114,107,66,62,12,61,248,115,41,57,81,300,330,,,216,83,,,77,32,222,88,55,27,64,35,64,126,192,297,333,334,125,165,95,294,215,19,125,86,327,,76,,,87,332,341,306,333,338,295,334,287,263,269,211,80,71,213,60,32,292,307,335,321,260,46,201,13,160,107,213,45,209,62,330,176,50,83,179,247,139,339,266,,,163,334,,,77,319,41,221,86,192,291,120,295,129,206,166,20,16,12,55,92,41,39,28,248,111,143,321,,331,,,b'\x11\xe8\xe1I\xc9G\x13\xee\xaf\x82\x12\xdf\x17\xaeN\x1e'
11E8E149-C947-13EE-AF82-12DF17AE4E1E,2015-ncaa-d1-conf-Big Ten,ncaa,8,8,11,8,11,6,6,8,4,9,8,6,8,10,4,9,13,13,8,13,13,10,11,5,7,6,10,7,13,3,2,13,5,12,4,6,5,7,8,7,4,3,14,14,,,4,9,,,7,14,14,1,5,5,4,7,4,8,9,13,13,13,6,6,2,13,10,3,8,4,14,,7,,,7,4,8,2,14,7,3,14,6,3,8,6,2,2,3,2,4,2,1,14,13,11,3,7,3,2,5,2,2,1,4,5,5,6,3,5,5,7,11,9,,,13,13,,,7,1,5,8,7,7,10,3,10,4,7,5,2,4,3,2,3,4,2,2,7,4,7,11,,12,,,b'\x11\xe8\xe1I\xc9G\x13\xee\xaf\x82\x12\xdf\x17\xaeN\x1e'
11E8E149-C947-13EE-AF82-12DF17AE4E1E,2015-ncaa-d1-natl,ncaa,92,160,15,128,21,35,17,27,45,27,23,74,81,131,18,202,212,274,25,275,346,39,39,51,64,63,268,165,336,52,50,141,114,77,69,14,64,233,119,47,63,84,312,331,,,194,83,,,92,38,226,88,61,29,69,42,68,127,191,298,334,335,134,170,101,295,223,20,131,94,327,,76,,,101,328,340,300,336,336,281,336,278,248,276,213,70,59,217,51,32,272,299,337,324,272,46,196,12,143,114,191,50,177,69,325,179,60,89,191,234,144,338,272,,,193,335,,,92,312,43,239,98,207,294,123,298,133,207,161,20,16,13,56,89,42,44,29,254,112,147,323,,329,,,b'\x11\xe8\xe1I\xc9G\x13\xee\xaf\x82\x12\xdf\x17\xaeN\x1e'
11E8E149-C947-13EE-AF82-12DF17AE4E1E,2016-ncaa-d0-natl,ncaa,78,137,12,109,17,9,6,16,6,7,15,10,27,89,5,196,128,171,51,171,316,20,21,7,7,7,247,143,340,55,45,76,94,57,48,8,115,276,96,31,99,178,227,267,,,252,100,,,48,16,81,252,9,7,43,10,65,54,158,228,273,274,75,88,134,241,186,11,139,173,268,,113,,,53,346,345,324,324,341,310,321,335,304,319,221,286,254,297,248,142,329,328,332,331,320,161,216,98,179,94,134,45,141,48,330,152,65,171,225,196,64,349,335,,,112,309,,,48,334,6,281,60,292,300,198,282,168,274,230,186,147,142,194,186,51,24,25,257,171,81,346,,263,,,b'\x11\xe8\xe1I\xc9G\x13\xee\xaf\x82\x12\xdf\x17\xaeN\x1e'
11E8E149-C947-13EE-AF82-12DF17AE4E1E,2016-ncaa-d1-conf-Big Ten,ncaa,7,7,9,7,10,6,6,10,4,10,10,5,6,7,2,6,9,8,4,8,5,9,9,3,3,4,5,4,7,7,3,13,6,12,4,6,6,9,11,7,8,8,14,13,,,10,10,,,8,9,5,7,4,4,8,7,9,4,7,6,6,6,8,6,6,13,12,2,10,8,14,,10,,,8,10,9,4,14,7,4,14,8,7,12,8,10,9,14,9,11,5,5,14,14,14,9,7,11,2,6,2,3,2,4,7,9,8,10,9,7,10,14,14,,,10,6,,,8,6,4,12,8,13,10,7,10,5,8,9,12,10,10,9,9,4,2,3,10,8,8,14,,6,,,b'\x11\xe8\xe1I\xc9G\x13\xee\xaf\x82\x12\xdf\x17\xaeN\x1e'
11E8E149-C947-13EE-AF82-12DF17AE4E1E,2016-ncaa-d1-natl,ncaa,85,137,12,120,20,9,7,19,6,7,21,10,30,96,5,195,145,190,51,191,318,26,25,7,7,7,243,141,338,66,48,100,102,68,50,9,121,254,100,34,116,191,242,271,,,238,107,,,57,20,88,251,11,7,47,11,70,53,159,230,273,275,77,94,144,251,199,11,137,188,268,,117,,,61,343,342,319,330,336,302,324,328,298,323,216,275,242,298,234,145,321,318,335,334,323,160,211,101,148,102,108,48,106,50,329,152,82,180,236,178,65,349,337,,,131,309,,,57,331,6,293,68,295,305,202,289,171,274,224,188,154,150,196,188,54,24,25,265,183,84,347,,263,,,b'\x11\xe8\xe1I\xc9G\x13\xee\xaf\x82\x12\xdf\x17\xaeN\x1e'
11E8E149-C947-13EE-AF82-12DF17AE4E1E,2017-ncaa-d0-natl,ncaa,12,39,3,31,4,8,8,11,12,11,19,20,13,31,9,149,48,59,87,58,227,14,13,10,13,13,180,119,288,54,101,18,80,24,58,10,144,266,59,36,49,141,90,164,,,224,37,,,12,6,132,86,18,15,60,32,129,47,118,144,190,189,82,130,182,130,151,20,69,137,160,,41,,,13,328,337,339,163,334,327,165,304,317,162,219,72,104,44,106,25,335,340,165,100,78,69,233,17,280,80,285,101,295,58,311,140,20,84,105,183,44,342,280,,,44,262,,,12,340,16,58,13,98,188,197,193,185,185,193,10,21,22,118,169,81,43,45,141,98,52,302,,231,,,b'\x11\xe8\xe1I\xc9G\x13\xee\xaf\x82\x12\xdf\x17\xaeN\x1e'
11E8E149-C947-13EE-AF82-12DF17AE4E1E,2017-ncaa-d1-conf-Big Ten,ncaa,4,3,9,4,12,5,5,10,2,9,13,3,4,5,3,4,8,9,5,9,6,10,13,2,2,3,1,4,9,12,9,13,6,12,7,8,10,4,6,6,8,6,8,9,,,1,3,,,3,12,7,6,4,4,8,7,12,3,4,7,8,8,7,10,12,12,12,7,5,6,8,,2,,,3,3,8,4,13,8,8,11,5,2,13,3,1,1,3,1,1,3,3,13,10,7,1,6,1,3,6,2,9,2,7,6,5,6,3,7,3,5,11,14,,,12,11,,,3,2,3,6,3,5,11,9,11,10,6,2,1,1,1,3,4,5,2,2,11,6,3,11,,12,,,b'\x11\xe8\xe1I\xc9G\x13\xee\xaf\x82\x12\xdf\x17\xaeN\x1e'
11E8E149-C947-13EE-AF82-12DF17AE4E1E,2017-ncaa-d1-natl,ncaa,12,39,3,34,4,8,8,13,13,11,22,21,14,39,9,148,53,68,87,68,236,15,13,10,13,14,182,117,286,70,107,22,84,28,65,10,150,247,61,38,64,152,100,167,,,204,39,,,13,7,138,87,18,15,63,36,136,49,117,149,200,200,87,136,193,145,159,21,72,150,164,,45,,,15,326,336,338,174,333,326,173,300,309,171,218,57,84,47,84,27,332,339,171,110,94,66,231,16,257,84,265,107,275,65,303,138,30,95,119,160,47,342,286,,,52,258,,,13,339,17,68,16,104,198,201,200,191,188,193,13,22,23,119,166,84,45,47,152,105,53,302,,233,,,b'\x11\xe8\xe1I\xc9G\x13\xee\xaf\x82\x12\xdf\x17\xaeN\x1e'
11E8E149-C947-13EE-AF82-12DF17AE4E1E,2018-ncaa-d0-natl,ncaa,53,57,43,60,48,35,33,88,11,30,61,29,77,191,2,250,62,114,17,104,211,87,57,15,13,33,221,181,220,114,30,45,41,49,12,54,202,299,217,124,200,252,104,142,,,141,65,,,28,59,149,70,36,31,174,38,121,101,248,100,170,167,170,145,179,59,91,67,229,248,137,,64,,,26,223,230,291,68,221,267,81,229,279,105,232,142,168,120,165,98,288,276,75,68,97,171,217,110,145,41,25,30,44,12,177,102,150,206,153,235,162,327,269,,,140,246,,,28,290,29,76,27,101,131,207,113,174,176,217,88,98,98,174,146,79,4,9,104,209,167,299,,232,,,b'\x11\xe8\xe1I\xc9G\x13\xee\xaf\x82\x12\xdf\x17\xaeN\x1e'
11E8E149-C947-13EE-AF82-12DF17AE4E1E,2018-ncaa-d1-conf-Big Ten,ncaa,6,6,4,6,4,5,5,9,2,5,9,3,5,8,1,9,5,7,1,7,6,8,5,1,1,3,4,5,7,7,2,6,1,5,1,5,6,13,14,10,10,9,13,12,,,5,6,,,2,6,8,3,4,5,9,6,9,4,8,4,6,6,7,6,8,4,6,4,13,9,13,,6,,,2,6,5,8,5,6,5,7,9,13,3,14,4,7,3,6,10,7,8,4,5,6,10,11,7,2,1,1,2,1,1,5,4,8,6,3,13,10,13,12,,,9,8,,,2,8,4,2,2,4,3,8,4,3,9,13,5,7,7,5,6,2,1,1,4,7,13,13,,8,,,b'\x11\xe8\xe1I\xc9G\x13\xee\xaf\x82\x12\xdf\x17\xaeN\x1e'
11E8E149-C947-13EE-AF82-12DF17AE4E1E,2018-ncaa-d1-natl,ncaa,61,57,53,64,61,41,39,105,11,37,71,30,83,207,2,249,77,142,19,138,211,106,77,15,13,34,212,181,213,134,35,47,44,57,14,63,207,280,224,133,224,259,121,147,,,120,70,,,34,74,159,72,40,34,184,41,128,105,251,106,175,171,182,150,184,66,100,75,232,256,143,,68,,,31,195,211,284,77,195,251,90,218,263,107,225,131,143,126,138,100,269,257,85,74,107,167,217,109,121,44,11,35,19,14,160,103,171,213,165,208,171,324,280,,,180,243,,,34,274,31,85,35,111,142,207,125,180,181,215,93,102,101,176,141,81,4,10,113,220,169,304,,232,,,b'\x11\xe8\xe1I\xc9G\x13\xee\xaf\x82\x12\xdf\x17\xaeN\x1e'
11E8E149-C947-13EE-AF82-12DF17AE4E1E,2018-ncaa-d1-ncaatournament,ncaa,17,2,17,17,18,29,23,32,12,21,24,22,29,38,10,52,33,31,28,33,47,32,26,16,18,40,44,39,43,27,33,23,37,25,33,30,50,52,64,54,35,51,29,47,,,35,19,,,29,24,34,7,37,27,55,23,27,38,57,44,43,47,57,39,47,28,38,41,61,49,45,,16,,,25,40,41,43,29,42,46,29,27,34,24,15,40,39,24,39,22,42,42,23,21,23,19,21,33,43,37,33,33,35,33,45,44,22,31,38,54,60,56,54,,,31,45,,,29,39,45,23,27,22,30,35,40,48,18,14,31,31,31,27,32,39,9,23,36,26,57,58,,45,,,b'\x11\xe8\xe1I\xc9G\x13\xee\xaf\x82\x12\xdf\x17\xaeN\x1e'
11E8E149-C947-13EE-AF82-12DF17AE4E1E,2019-ncaa-d0-natl,ncaa,63,93,26,89,27,37,26,47,21,11,13,40,245,285,103,330,51,46,171,42,220,42,26,56,58,76,332,329,189,27,16,60,61,38,20,35,158,313,186,114,128,197,91,126,,,266,153,,,53,32,126,72,60,36,110,9,26,289,324,92,107,103,103,83,75,122,73,60,221,201,139,,158,,,58,284,288,290,180,277,275,191,253,272,149,214,220,245,87,253,181,296,310,179,164,142,164,196,142,150,61,103,16,109,20,241,146,61,127,125,317,223,293,125,,,71,220,,,53,319,58,101,60,139,153,133,154,131,170,183,136,152,159,125,163,61,18,18,146,125,243,234,,164,,,b'\x11\xe8\xe1I\xc9G\x13\xee\xaf\x82\x12\xdf\x17\xaeN\x1e'
11E8E149-C947-13EE-AF82-12DF17AE4E1E,2019-ncaa-d1-conf-Big Ten,ncaa,4,4,5,4,5,3,3,6,3,3,3,3,11,14,5,14,5,5,10,5,9,5,4,3,3,4,13,14,9,4,2,8,8,7,4,4,8,12,13,8,11,11,11,11,,,7,6,,,6,6,9,1,3,3,7,2,2,12,14,6,5,5,7,4,3,10,7,4,13,10,11,,6,,,6,9,12,10,12,10,8,10,8,8,9,7,5,6,2,6,8,9,11,12,10,9,7,8,5,8,8,2,2,2,4,7,4,6,7,8,11,12,10,9,,,6,8,,,6,9,3,10,6,9,9,10,9,7,11,8,5,6,7,6,9,5,2,1,8,7,12,11,,8,,,b'\x11\xe8\xe1I\xc9G\x13\xee\xaf\x82\x12\xdf\x17\xaeN\x1e'
11E8E149-C947-13EE-AF82-12DF17AE4E1E,2019-ncaa-d1-natl,ncaa,61,92,21,86,24,33,23,38,21,10,14,42,243,283,109,327,56,52,189,47,226,35,26,57,60,76,334,328,205,25,16,57,67,36,21,32,159,307,187,110,120,197,84,114,,,264,154,,,50,29,133,72,65,33,118,9,30,289,322,108,114,111,107,89,76,140,88,65,222,194,131,,161,,,54,285,288,296,182,270,276,179,260,271,164,211,211,240,80,241,169,296,314,176,159,133,165,203,141,172,67,89,16,103,21,238,145,59,100,114,310,221,287,137,,,59,216,,,50,321,63,101,58,136,148,129,149,131,171,172,131,150,151,119,162,64,17,18,142,112,242,232,,164,,,b'\x11\xe8\xe1I\xc9G\x13\xee\xaf\x82\x12\xdf\x17\xaeN\x1e'
11E8E149-C947-13EE-AF82-12DF17AE4E1E,2019-ncaa-d1-ncaatournament,ncaa,17,2,17,17,19,27,21,31,3,17,22,7,37,50,15,60,34,28,47,27,50,31,23,6,10,37,61,55,53,21,8,21,15,22,4,21,31,56,63,50,21,26,29,32,,,37,28,,,15,25,31,7,31,16,52,8,23,53,61,47,41,40,53,29,20,11,16,19,62,24,35,,24,,,13,35,39,38,19,39,39,28,44,48,21,54,11,27,1,24,13,37,38,21,14,10,30,56,6,36,15,20,8,31,4,38,23,19,22,21,60,61,45,41,,,32,59,,,15,40,35,6,11,11,22,28,17,16,42,56,2,10,9,21,24,17,1,3,21,23,62,44,,60,,,b'\x11\xe8\xe1I\xc9G\x13\xee\xaf\x82\x12\xdf\x17\xaeN\x1e'
11E8E149-C947-13EE-AF82-12DF17AE4E1E,2020-ncaa-d0-natl,ncaa,52,81,8,75,20,27,23,64,24,13,26,36,232,265,91,310,28,16,216,16,133,39,28,50,49,66,297,307,121,30,15,79,51,38,19,43,157,264,171,113,174,203,101,110,,,207,144,,,52,42,203,259,62,49,187,19,63,261,307,68,48,52,139,133,68,183,103,71,186,232,138,,106,,,56,260,280,262,208,261,231,221,246,253,210,221,148,141,193,142,125,253,269,225,207,206,162,214,94,77,51,53,15,47,19,121,47,119,155,95,300,246,327,247,,,15,65,,,52,310,42,156,58,135,167,119,157,118,190,175,92,88,92,89,85,31,13,8,70,195,252,306,,62,,,b'\x11\xe8\xe1I\xc9G\x13\xee\xaf\x82\x12\xdf\x17\xaeN\x1e'
11E8E149-C947-13EE-AF82-12DF17AE4E1E,2020-ncaa-d1-conf-Big Ten,ncaa,6,7,2,7,3,4,4,5,5,3,4,5,11,10,5,11,3,1,11,1,2,4,3,5,5,6,10,10,3,2,2,5,3,3,2,5,7,13,13,10,9,9,10,10,,,10,12,,,6,4,13,14,6,6,14,5,7,11,11,3,2,3,13,7,2,10,4,7,13,11,12,,7,,,6,9,7,7,10,6,6,9,12,10,12,9,6,7,2,8,9,7,8,10,10,9,11,12,6,2,3,2,2,1,2,3,2,5,5,5,13,13,12,12,,,1,2,,,6,11,4,6,6,5,6,4,4,3,9,7,2,3,5,4,2,1,1,1,2,10,13,12,,2,,,b'\x11\xe8\xe1I\xc9G\x13\xee\xaf\x82\x12\xdf\x17\xaeN\x1e'
11E8E149-C947-13EE-AF82-12DF17AE4E1E,2020-ncaa-d1-natl,ncaa,60,81,12,76,31,38,29,85,26,17,29,37,242,284,98,310,36,24,215,27,138,57,43,53,51,70,296,308,116,41,15,106,54,51,20,51,160,245,179,118,203,217,117,116,,,175,148,,,63,66,209,259,65,55,197,24,66,266,307,69,51,57,148,139,71,186,109,77,187,237,136,,111,,,67,246,261,236,221,246,204,234,236,230,220,218,134,124,193,127,126,217,234,235,222,224,162,213,95,63,54,36,15,33,20,111,50,147,161,103,293,254,324,259,,,22,63,,,63,285,43,171,66,146,177,120,160,124,192,177,94,91,95,95,86,32,13,9,72,205,254,308,,63,,,b'\x11\xe8\xe1I\xc9G\x13\xee\xaf\x82\x12\xdf\x17\xaeN\x1e'
11E8E149-C947-13EE-AF82-12DF17AE4E1E,2021-ncaa-d0-natl,ncaa,60,43,157,48,168,100,96,157,29,59,110,24,190,197,185,258,36,54,58,54,66,143,150,49,32,39,258,290,59,66,13,95,26,80,9,73,104,169,129,82,275,302,212,256,,,168,175,,,37,158,139,142,25,44,115,20,88,218,235,14,18,18,67,71,51,41,21,34,168,306,233,,172,,,34,160,171,191,121,191,219,104,144,147,152,117,148,157,144,154,102,181,160,106,93,181,109,141,140,93,26,77,13,81,9,98,30,249,300,186,183,151,210,164,,,100,56,,,37,172,22,134,37,157,174,221,195,257,139,127,136,153,147,216,122,53,12,14,60,303,180,211,,34,,,b'\x11\xe8\xe1I\xc9G\x13\xee\xaf\x82\x12\xdf\x17\xaeN\x1e'
11E8E149-C947-13EE-AF82-12DF17AE4E1E,2021-ncaa-d1-conf-Big Ten,ncaa,8,4,13,4,13,14,14,14,7,13,13,5,14,14,14,11,10,11,7,11,1,13,13,11,8,9,11,12,1,11,1,13,2,13,1,13,9,3,10,11,14,12,14,14,,,2,13,,,6,13,13,6,8,9,9,4,5,12,11,2,1,1,7,5,1,3,1,9,11,12,14,,10,,,4,2,2,2,3,2,2,1,2,1,11,4,1,1,11,1,7,2,2,3,3,5,12,9,10,1,2,2,1,1,1,1,2,14,9,6,4,7,2,10,,,12,3,,,6,2,5,4,6,4,4,4,2,4,6,4,7,4,4,3,2,2,4,1,2,11,8,12,,1,,,b'\x11\xe8\xe1I\xc9G\x13\xee\xaf\x82\x12\xdf\x17\xaeN\x1e'
11E8E149-C947-13EE-AF82-12DF17AE4E1E,2021-ncaa-d1-natl,ncaa,62,43,182,49,193,109,103,174,28,69,127,24,195,203,185,255,45,63,57,62,63,155,163,51,35,41,256,288,58,73,13,112,29,95,10,79,105,158,132,82,284,305,223,260,,,155,181,,,42,180,145,142,28,46,120,22,90,221,235,16,21,21,72,75,55,44,25,36,175,309,237,,175,,,35,149,156,176,133,182,206,113,137,136,157,115,144,147,147,145,103,165,144,112,101,192,108,136,144,85,29,71,13,73,10,93,29,262,302,195,173,153,203,164,,,114,61,,,42,155,23,145,39,163,180,223,203,257,138,125,142,154,149,216,120,55,14,14,61,306,182,217,,34,,,b'\x11\xe8\xe1I\xc9G\x13\xee\xaf\x82\x12\xdf\x17\xaeN\x1e'
11E8E149-C947-13EE-AF82-12DF17AE4E1E,2021-ncaa-d1-ncaatournament,ncaa,9,2,9,9,9,11,12,13,11,13,13,11,8,8,17,27,8,9,22,9,13,12,11,9,9,7,32,31,24,14,20,12,23,11,12,10,26,57,45,28,11,24,24,46,,,53,23,,,9,11,28,3,7,10,35,17,35,16,24,7,12,14,19,16,28,16,16,13,46,21,43,,24,,,7,54,54,53,33,59,54,38,42,50,11,31,50,54,10,53,21,54,54,30,23,24,9,19,19,52,23,51,20,52,12,47,7,11,30,13,56,40,50,39,,,9,12,,,9,55,9,15,9,30,40,45,47,44,20,33,17,26,27,41,42,31,14,13,12,24,38,34,,12,,,b'\x11\xe8\xe1I\xc9G\x13\xee\xaf\x82\x12\xdf\x17\xaeN\x1e'
11E8E149-C947-13EE-AF82-12DF17AE4E1E,2022-ncaa-d0-natl,ncaa,23,19,52,25,53,47,45,94,19,25,47,26,227,253,183,310,12,20,66,20,81,72,60,44,29,51,292,322,61,44,10,41,28,35,5,77,210,289,171,135,168,229,199,233,,,234,130,,,30,72,201,34,49,49,186,24,74,275,299,21,42,43,129,119,73,59,37,109,196,233,236,,119,,,28,222,241,279,108,209,250,114,270,282,162,245,94,99,153,99,64,259,265,123,105,95,177,257,65,110,28,50,10,65,5,158,71,102,152,96,312,231,293,178,,,11,18,,,30,287,30,72,28,88,124,167,116,145,192,212,53,49,49,124,124,41,6,4,87,174,243,248,,20,,,b'\x11\xe8\xe1I\xc9G\x13\xee\xaf\x82\x12\xdf\x17\xaeN\x1e'
11E8E149-C947-13EE-AF82-12DF17AE4E1E,2022-ncaa-d1-conf-Big Ten,ncaa,4,2,11,3,12,5,6,12,2,4,7,2,13,13,8,13,2,2,7,3,1,11,10,2,2,3,13,14,1,3,1,7,1,3,1,8,9,9,11,10,11,10,12,12,,,6,12,,,2,12,9,2,4,5,12,2,3,13,13,1,1,1,9,6,3,2,2,6,12,11,12,,11,,,2,1,3,5,4,4,6,2,5,4,7,9,4,6,1,6,8,5,3,5,3,4,10,9,7,3,1,1,1,1,1,1,3,9,6,4,10,12,7,8,,,3,1,,,2,4,2,2,2,3,4,6,4,6,7,6,4,7,7,6,4,2,1,1,2,6,13,10,,1,,,b'\x11\xe8\xe1I\xc9G\x13\xee\xaf\x82\x12\xdf\x17\xaeN\x1e'
11E8E149-C947-13EE-AF82-12DF17AE4E1E,2022-ncaa-d1-natl,ncaa,25,19,67,25,69,55,53,113,20,26,58,29,245,265,190,312,19,27,64,28,77,91,77,50,31,57,292,323,57,56,14,48,29,41,6,94,217,269,180,145,200,239,214,242,,,203,133,,,34,97,207,34,52,54,200,26,81,277,302,22,41,42,144,129,77,61,45,124,199,246,246,,124,,,30,188,212,263,119,187,229,127,252,271,176,240,83,81,165,80,67,233,244,134,118,116,176,254,64,83,29,23,14,31,6,144,73,129,166,116,305,241,287,188,,,15,14,,,34,266,32,90,31,101,138,170,129,149,199,209,55,52,54,131,119,44,6,3,92,193,246,256,,16,,,b'\x11\xe8\xe1I\xc9G\x13\xee\xaf\x82\x12\xdf\x17\xaeN\x1e'
11E8E149-C947-13EE-AF82-12DF17AE4E1E,2022-ncaa-d1-ncaatournament,ncaa,5,2,5,5,6,10,9,7,25,8,7,15,21,10,56,45,9,8,43,8,33,8,7,30,31,38,57,58,33,7,9,4,16,4,6,7,26,65,53,40,7,17,25,46,,,58,11,,,8,8,64,5,44,39,51,21,37,58,49,34,34,33,54,48,26,19,15,28,43,24,51,,2,,,9,58,60,62,14,60,61,23,54,61,4,50,41,41,34,37,2,62,61,12,10,5,15,35,6,56,16,61,9,61,6,61,31,6,14,15,64,52,54,30,,,4,13,,,8,61,37,3,9,2,6,18,14,14,23,40,3,2,1,6,6,20,6,5,17,23,50,23,,22,,,b'\x11\xe8\xe1I\xc9G\x13\xee\xaf\x82\x12\xdf\x17\xaeN\x1e'
11E8E149-C947-13EE-AF82-12DF17AE4E1E,2023-ncaa-d0-natl,ncaa,47,52,46,53,80,42,46,102,11,33,81,15,131,168,66,227,33,64,22,64,117,93,76,19,12,30,234,239,123,159,121,88,68,108,52,36,86,286,204,92,135,186,189,228,,,120,44,,,43,58,107,355,41,44,209,34,158,173,222,43,102,107,173,163,229,152,192,35,210,199,233,,52,,,40,270,275,276,182,225,255,135,297,259,305,225,140,90,345,93,62,254,287,210,195,126,229,282,75,120,68,76,121,75,52,250,175,46,63,85,317,256,162,89,,,34,43,,,43,301,40,93,44,136,168,143,127,129,249,183,75,45,46,90,156,52,14,12,179,74,263,107,,53,,,b'\x11\xe8\xe1I\xc9G\x13\xee\xaf\x82\x12\xdf\x17\xaeN\x1e'
11E8E149-C947-13EE-AF82-12DF17AE4E1E,2023-ncaa-d1-conf-Big Ten,ncaa,5,5,3,5,7,5,6,10,3,6,9,3,11,11,6,11,2,3,3,3,4,10,9,3,3,5,7,11,2,12,6,6,5,8,3,7,11,10,9,9,12,13,14,14,,,1,2,,,4,8,11,13,6,7,13,6,10,11,13,1,3,3,11,11,11,6,9,9,9,12,14,,1,,,4,4,6,6,5,6,8,1,8,6,12,6,2,1,11,1,1,4,6,6,6,5,7,11,3,3,5,1,6,1,3,5,8,5,6,7,8,8,11,9,,,1,1,,,4,7,5,4,4,3,4,3,3,6,7,4,2,1,1,1,2,1,2,1,6,8,8,10,,1,,,b'\x11\xe8\xe1I\xc9G\x13\xee\xaf\x82\x12\xdf\x17\xaeN\x1e'
11E8E149-C947-13EE-AF82-12DF17AE4E1E,2023-ncaa-d1-natl,ncaa,52,52,56,55,103,47,50,128,12,36,103,19,146,188,69,228,39,80,20,80,113,109,95,19,12,32,235,236,114,189,132,118,77,132,53,39,88,266,212,99,168,205,204,232,,,96,45,,,44,72,115,355,43,48,223,37,163,180,225,46,99,105,187,170,235,166,215,40,210,207,241,,53,,,42,247,253,249,196,198,230,154,285,243,315,224,120,74,345,75,64,226,264,229,214,151,230,282,76,97,77,53,132,46,53,236,180,63,72,101,308,266,146,100,,,41,40,,,44,286,40,113,46,153,178,148,134,132,254,184,80,47,47,93,160,53,14,12,184,84,267,112,,52,,,b'\x11\xe8\xe1I\xc9G\x13\xee\xaf\x82\x12\xdf\x17\xaeN\x1e'
11E8E149-C947-13EE-AF82-12DF17AE4E1E,2023-ncaa-d1-ncaatournament,ncaa,18,2,18,18,21,33,31,33,33,30,32,46,28,35,14,47,31,36,14,34,50,34,34,36,30,39,32,28,37,33,43,27,50,27,40,27,23,43,47,41,32,50,35,46,,,30,7,,,41,34,62,7,52,48,59,44,45,35,52,44,52,51,59,63,48,27,34,34,36,47,45,,7,,,37,38,41,47,15,39,45,16,45,47,32,54,29,29,58,25,7,44,41,15,15,25,49,55,18,52,50,40,43,46,40,34,25,32,55,37,42,40,40,39,,,36,60,,,41,35,42,33,37,20,25,49,17,34,46,51,13,10,7,38,23,52,24,42,22,56,27,27,,63,,,b'\x11\xe8\xe1I\xc9G\x13\xee\xaf\x82\x12\xdf\x17\xaeN\x1e'
11E8E149-C947-13EE-AF82-12DF17AE4E1E,2024-ncaa-d0-natl,ncaa,86,127,29,118,37,55,50,55,71,68,77,106,51,86,35,162,128,144,134,133,227,63,59,68,79,78,164,114,280,65,73,119,22,90,44,82,189,237,138,112,196,236,246,253,,,289,250,,,83,66,212,135,81,72,115,105,156,79,146,207,232,222,133,163,121,245,185,118,135,265,291,,188,,,85,289,271,209,303,242,144,314,303,279,273,279,260,246,268,248,265,221,260,316,312,270,268,259,200,25,22,206,73,103,44,259,184,58,74,132,104,55,202,126,,,41,91,,,83,292,65,179,89,167,141,40,113,20,235,197,178,166,163,34,53,3,64,13,162,119,60,130,,97,,,b'\x11\xe8\xe1I\xc9G\x13\xee\xaf\x82\x12\xdf\x17\xaeN\x1e'
11E8E149-C947-13EE-AF82-12DF17AE4E1E,2024-ncaa-d1-conf-Big Ten,ncaa,6,6,2,6,3,8,8,5,8,6,5,7,7,6,6,9,11,7,11,7,10,5,5,6,7,8,8,7,9,6,7,6,3,5,4,10,11,8,8,11,9,10,14,14,,,10,12,,,8,5,14,6,10,10,11,9,7,7,10,11,9,9,11,13,9,13,10,11,8,12,14,,8,,,8,6,6,4,10,5,2,14,9,10,5,13,10,11,6,10,12,5,9,12,11,10,13,10,11,2,3,8,7,3,4,4,4,5,3,2,6,8,8,7,,,4,5,,,8,10,9,8,9,4,2,1,2,1,5,6,7,9,7,1,1,1,5,2,3,5,6,7,,7,,,b'\x11\xe8\xe1I\xc9G\x13\xee\xaf\x82\x12\xdf\x17\xaeN\x1e'
11E8E149-C947-13EE-AF82-12DF17AE4E1E,2024-ncaa-d1-natl,ncaa,108,129,38,127,47,72,64,69,75,82,105,114,61,101,36,166,150,176,133,162,228,80,76,73,84,84,158,116,281,91,84,148,25,125,53,99,202,205,141,117,231,250,259,261,,,269,265,,,102,87,221,128,89,82,128,118,165,86,154,210,235,226,146,176,132,255,208,128,133,275,301,,195,,,104,276,260,173,310,219,102,322,299,259,284,280,240,226,277,225,270,181,225,324,327,290,265,260,199,15,25,171,84,69,53,247,187,81,87,152,87,56,189,133,,,55,85,,,102,270,73,210,111,186,162,42,128,19,248,196,184,169,167,35,52,3,72,14,172,135,61,141,,96,,,b'\x11\xe8\xe1I\xc9G\x13\xee\xaf\x82\x12\xdf\x17\xaeN\x1e'
11E8E149-C947-13EE-AF82-12DF17AE4E1E,2024-ncaa-d1-ncaatournament,ncaa,37,3,37,37,37,40,40,47,21,42,48,23,39,45,22,26,55,56,14,55,54,47,48,18,22,20,40,23,58,60,55,41,10,54,38,32,2,11,27,5,68,68,62,62,,,19,52,,,40,41,60,1,18,12,19,19,26,15,21,52,54,53,28,30,52,26,47,1,23,68,62,,48,,,42,20,12,13,46,12,17,46,21,19,47,38,28,25,56,24,54,17,13,47,56,60,54,45,56,8,10,17,55,11,38,18,56,58,46,60,10,23,2,3,,,47,39,,,40,21,30,54,42,55,43,22,32,23,48,38,59,57,56,32,25,12,47,24,52,48,20,2,,35,,,b'\x11\xe8\xe1I\xc9G\x13\xee\xaf\x82\x12\xdf\x17\xaeN\x1e'
11E8E149-C947-13EE-AF82-12DF17AE4E1E,2025-ncaa-d0-natl,genius_ncaa,61,77,29,78,50,27,23,28,36,29,39,61,40,73,26,192,45,56,73,55,187,30,29,36,35,42,181,159,228,65,90,57,72,48,57,40,163,258,76,68,84,130,259,289,,,335,236,,247,42,26,39,264,22,21,33,36,81,57,122,71,114,111,34,50,120,129,108,50,135,127,297,,255,,179,43,323,318,298,220,310,268,281,254,303,78,240,299,295,226,285,225,299,324,212,218,157,159,152,213,161,72,244,90,216,57,299,198,39,78,117,227,101,146,46,,,23,94,,3,42,331,40,119,54,207,208,178,217,136,166,235,214,204,197,175,258,68,101,75,214,72,145,89,,45,,6,b'\x11\xe8\xe1I\xc9G\x13\xee\xaf\x82\x12\xdf\x17\xaeN\x1e'
11E8E149-C947-13EE-AF82-12DF17AE4E1E,2025-ncaa-d1-conf-Big Ten,genius_ncaa,4,5,1,5,3,3,2,1,7,3,3,7,5,3,6,7,7,7,7,7,10,2,2,6,7,6,7,6,13,8,11,6,9,5,10,7,13,11,8,11,7,10,15,17,,,18,14,,10,7,1,7,10,7,7,4,10,11,5,7,9,10,10,6,7,10,9,10,11,8,9,17,,12,,7,8,17,16,17,11,16,16,10,8,13,7,8,15,15,9,14,11,17,17,10,9,9,6,8,13,12,9,16,11,16,10,12,6,4,5,6,11,6,4,3,,,4,6,,1,7,18,7,9,9,11,9,7,9,9,7,7,12,10,10,7,11,6,8,10,8,5,7,3,,7,,1,b'\x11\xe8\xe1I\xc9G\x13\xee\xaf\x82\x12\xdf\x17\xaeN\x1e'
11E8E149-C947-13EE-AF82-12DF17AE4E1E,2025-ncaa-d1-natl,genius_ncaa,65,77,43,79,65,33,28,34,38,32,50,62,48,89,27,194,54,68,72,66,186,40,37,39,36,44,178,157,228,78,98,73,74,66,66,45,171,223,81,74,99,141,271,295,,,327,246,,243,48,32,39,264,22,22,37,39,84,63,129,76,119,115,38,54,130,137,122,53,138,136,300,,261,,184,50,312,305,285,226,303,257,292,245,294,88,237,283,281,230,273,226,289,309,222,227,174,156,148,209,140,74,220,98,183,66,290,203,52,91,130,205,108,132,49,,,30,84,,3,48,323,44,135,63,221,223,179,228,137,173,236,219,209,200,182,250,74,104,79,223,82,149,95,,46,,7,b'\x11\xe8\xe1I\xc9G\x13\xee\xaf\x82\x12\xdf\x17\xaeN\x1e'
11E8E149-C947-13EE-AF82-12DF17AE4E1E,2025-ncaa-d1-ncaatournament,genius_ncaa,17,2,17,17,20,25,26,22,33,33,25,52,16,19,11,34,29,31,24,32,46,23,29,33,30,27,13,15,43,28,39,33,11,33,36,24,26,36,28,31,20,21,33,37,,,44,53,,9,45,25,31,7,28,30,28,42,27,13,27,34,38,39,29,36,35,53,48,25,28,21,43,,44,,9,37,47,47,38,57,46,36,60,50,48,43,61,33,34,22,34,43,37,36,58,58,54,41,54,18,17,11,46,39,38,36,55,60,24,21,44,32,25,33,26,,,24,16,,16,45,43,26,44,37,44,44,19,35,6,49,52,21,27,27,14,14,6,37,18,57,30,25,25,,18,,15,b'\x11\xe8\xe1I\xc9G\x13\xee\xaf\x82\x12\xdf\x17\xaeN\x1e'
11E8E149-C947-13EE-AF82-12DF17AE4E1E,2026-ncaa-d0-natl,genius_ncaa,35,13,116,26,142,25,23,70,10,17,57,9,74,114,46,240,40,36,166,42,118,60,78,11,11,11,267,235,214,19,2,104,130,57,9,42,183,124,41,28,17,10,70,37,,,299,276,,227,7,109,36,97,6,7,12,5,20,63,129,22,21,25,7,10,7,66,12,21,89,11,57,,310,,214,2,64,25,146,6,23,127,4,129,211,56,229,252,235,296,233,276,162,249,5,12,2,351,247,352,199,130,55,2,94,9,39,136,10,8,2,90,37,38,14,,,37,66,,57,7,251,9,2,5,11,2,50,3,49,88,169,236,206,207,75,304,187,10,29,17,6,65,23,,15,,70,b'\x11\xe8\xe1I\xc9G\x13\xee\xaf\x82\x12\xdf\x17\xaeN\x1e'
11E8E149-C947-13EE-AF82-12DF17AE4E1E,2026-ncaa-d1-conf-Big Ten,genius_ncaa,1,1,1,1,3,1,4,17,1,3,13,1,12,14,9,15,1,1,10,1,1,6,10,1,1,1,7,16,1,15,14,6,7,13,5,9,15,1,1,3,1,1,1,1,,,10,9,,9,1,6,3,3,1,4,17,3,13,12,14,1,1,1,6,10,15,6,13,9,1,1,1,,10,,9,1,3,4,6,3,1,3,3,14,13,9,17,4,3,8,3,5,2,14,4,5,3,16,18,5,6,7,1,14,4,5,2,1,1,1,1,1,2,1,1,,,1,1,,11,1,14,1,3,1,3,4,6,1,3,14,13,4,3,3,2,14,6,1,4,2,1,1,1,,1,,11,b'\x11\xe8\xe1I\xc9G\x13\xee\xaf\x82\x12\xdf\x17\xaeN\x1e'
11E8E149-C947-13EE-AF82-12DF17AE4E1E,2026-ncaa-d1-natl,genius_ncaa,38,13,177,28,197,32,27,105,10,20,87,11,101,162,48,238,59,57,164,64,112,91,126,11,11,11,259,233,195,35,2,153,149,83,9,50,196,88,49,33,27,16,87,39,,,263,289,,201,7,169,40,100,6,7,18,5,25,68,137,24,21,28,9,13,11,84,16,22,94,15,64,,318,,224,2,20,8,81,8,8,73,5,84,157,67,229,222,189,312,187,277,92,192,6,14,3,351,244,353,153,149,17,2,32,9,21,146,18,9,3,53,42,21,13,,,59,56,,76,7,191,9,3,6,14,4,59,4,54,100,166,252,222,222,83,306,197,10,29,21,8,65,23,,14,,66,b'\x11\xe8\xe1I\xc9G\x13\xee\xaf\x82\x12\xdf\x17\xaeN\x1e'
11E8E149-C94B-774A-AF82-12DF17AE4E1E,2010-ncaa-d0-natl,ncaa,45,49,50,47,57,67,64,73,97,53,61,103,165,170,145,240,61,55,209,51,109,61,58,116,127,118,236,239,142,82,100,29,40,30,46,39,54,224,127,62,161,223,7,6,,,313,267,,,53,60,136,76,92,86,124,74,101,197,228,95,81,75,107,122,122,33,33,41,154,212,7,,267,,,54,188,104,271,17,97,250,14,185,255,72,196,310,310,195,312,275,287,277,14,23,47,298,191,318,202,40,248,100,231,46,17,14,116,189,24,250,166,101,46,,,59,104,,,53,292,104,39,53,73,33,160,36,141,147,206,277,269,272,206,196,125,144,125,8,183,187,71,,95,,,b'\x11\xe8\xe1I\xc9KwJ\xaf\x82\x12\xdf\x17\xaeN\x1e'
11E8E149-C94B-774A-AF82-12DF17AE4E1E,2010-ncaa-d1-conf-Big Ten,ncaa,2,2,4,2,6,5,6,7,4,5,5,5,8,8,7,8,4,2,9,2,3,6,4,5,5,6,8,9,4,1,1,5,8,3,3,3,4,8,8,4,3,4,2,2,,,9,7,,,2,6,7,7,4,5,7,5,5,8,8,5,2,2,5,5,2,5,2,3,9,2,2,,7,,,2,1,2,5,1,2,5,2,1,4,1,3,8,8,6,8,8,5,6,1,1,1,8,2,10,9,8,1,1,5,3,1,1,2,2,1,10,9,1,1,,,3,4,,,2,7,4,1,2,1,2,5,2,5,1,4,7,7,8,6,6,9,1,7,1,2,10,1,,4,,,b'\x11\xe8\xe1I\xc9KwJ\xaf\x82\x12\xdf\x17\xaeN\x1e'
11E8E149-C94B-774A-AF82-12DF17AE4E1E,2010-ncaa-d1-natl,ncaa,46,49,53,49,61,74,69,76,101,56,67,105,174,175,148,241,68,57,213,54,107,66,64,122,128,121,234,236,140,86,102,32,40,33,48,43,54,213,127,63,172,228,7,6,,,308,269,,,60,67,137,75,96,91,127,75,107,199,230,94,81,76,110,126,127,33,34,41,154,213,7,,268,,,60,172,90,262,19,88,242,15,183,246,78,196,306,305,200,308,275,284,271,15,26,49,299,191,316,183,40,238,102,216,48,12,14,129,193,24,240,168,97,48,,,66,102,,,60,286,107,40,59,75,36,161,39,144,147,205,281,269,272,211,196,125,146,127,8,191,190,73,,95,,,b'\x11\xe8\xe1I\xc9KwJ\xaf\x82\x12\xdf\x17\xaeN\x1e'
11E8E149-C94B-774A-AF82-12DF17AE4E1E,2010-ncaa-d1-ncaatournament,ncaa,17,2,17,17,20,27,24,22,32,20,22,32,37,33,46,47,22,28,7,28,41,24,24,37,36,31,48,48,28,28,40,21,10,23,20,23,37,35,18,24,24,25,21,27,,,48,52,,,34,24,29,9,33,25,26,19,18,44,47,25,37,32,27,36,38,11,22,28,11,24,29,,52,,,28,40,38,38,24,33,36,13,43,43,52,44,48,54,6,51,53,40,38,30,31,35,54,51,46,33,10,44,40,41,20,36,25,31,40,31,45,45,23,13,,,29,40,,,34,39,31,31,31,26,17,16,12,13,43,40,42,49,48,31,18,14,33,26,22,47,41,18,,39,,,b'\x11\xe8\xe1I\xc9KwJ\xaf\x82\x12\xdf\x17\xaeN\x1e'
11E8E149-C94B-774A-AF82-12DF17AE4E1E,2011-ncaa-d0-natl,ncaa,19,16,43,16,62,65,58,60,98,89,128,66,38,27,123,53,189,178,210,177,224,73,59,71,100,103,131,73,312,29,22,81,2,43,8,94,223,239,150,139,38,25,72,65,,,223,220,,,22,80,225,223,89,69,96,136,228,48,35,255,258,256,126,127,44,175,68,135,164,52,85,,131,,,22,76,97,106,139,185,202,169,24,44,22,49,171,164,230,161,154,106,191,83,112,40,45,25,241,4,2,135,22,40,8,14,6,42,25,6,170,103,73,69,,,140,269,,,22,255,58,16,24,23,33,11,102,78,8,17,120,106,100,9,32,1,47,6,8,75,116,51,,241,,,b'\x11\xe8\xe1I\xc9KwJ\xaf\x82\x12\xdf\x17\xaeN\x1e'
11E8E149-C94B-774A-AF82-12DF17AE4E1E,2011-ncaa-d1-conf-Big Ten,ncaa,1,1,4,1,4,5,4,4,8,4,5,3,4,3,10,3,7,7,9,6,7,4,4,7,7,7,7,5,8,1,1,6,1,2,1,8,9,8,8,9,2,1,7,7,,,6,7,,,1,5,7,5,5,3,2,5,5,5,3,7,7,6,3,2,1,8,2,8,8,1,7,,6,,,1,2,1,1,5,5,4,9,1,1,1,1,5,5,3,5,8,2,4,3,3,1,1,1,9,1,1,1,1,1,1,1,1,1,1,1,8,6,3,2,,,4,8,,,1,7,5,1,1,1,1,1,4,3,1,1,5,5,5,1,2,1,1,1,1,1,8,3,,5,,,b'\x11\xe8\xe1I\xc9KwJ\xaf\x82\x12\xdf\x17\xaeN\x1e'
11E8E149-C94B-774A-AF82-12DF17AE4E1E,2011-ncaa-d1-natl,ncaa,19,16,51,16,75,76,62,67,101,99,145,67,42,31,124,55,203,194,207,192,224,80,70,74,99,106,128,72,311,32,24,94,2,52,8,106,227,230,155,143,41,27,73,66,,,205,221,,,23,97,225,218,93,71,97,144,230,50,37,253,261,256,131,132,46,179,73,137,163,54,85,,131,,,23,57,80,86,142,173,180,174,18,36,23,49,163,157,230,154,148,79,159,87,116,45,42,21,240,1,2,110,24,21,8,9,6,49,27,6,150,106,72,71,,,158,269,,,23,241,63,18,25,24,34,11,105,81,7,17,119,105,101,9,31,1,46,6,7,83,118,52,,243,,,b'\x11\xe8\xe1I\xc9KwJ\xaf\x82\x12\xdf\x17\xaeN\x1e'
11E8E149-C94B-774A-AF82-12DF17AE4E1E,2011-ncaa-d1-ncaatournament,ncaa,17,2,17,17,18,29,23,25,27,27,28,28,16,19,20,22,45,35,55,35,53,29,25,21,31,37,35,12,58,26,36,21,3,22,12,17,16,46,50,26,20,12,19,14,,,43,56,,,29,23,24,3,37,22,30,26,35,10,17,56,54,54,38,29,35,22,27,13,52,17,17,,47,,,25,40,37,34,47,40,37,38,34,32,53,17,44,46,32,45,50,34,35,46,49,42,38,25,49,10,3,40,36,35,12,38,41,23,14,22,47,48,11,11,,,26,39,,,29,42,38,22,28,26,15,5,21,14,20,7,48,49,48,7,10,3,30,8,31,22,47,10,,32,,,b'\x11\xe8\xe1I\xc9KwJ\xaf\x82\x12\xdf\x17\xaeN\x1e'
11E8E149-C94B-774A-AF82-12DF17AE4E1E,2012-ncaa-d0-natl,ncaa,87,87,81,86,84,80,65,97,43,81,155,32,66,70,93,90,186,152,249,153,164,100,109,37,53,50,156,95,290,104,72,83,17,77,20,60,126,140,106,65,87,74,173,164,,,237,257,,,61,118,209,70,78,63,130,99,210,74,85,237,199,200,144,183,127,110,109,64,108,104,198,,188,,,57,181,131,152,140,112,125,125,204,194,215,199,285,237,317,237,269,174,184,160,200,185,280,205,285,27,17,101,72,46,20,46,41,137,129,57,160,129,205,191,,,210,287,,,61,231,44,121,54,124,82,63,68,57,172,160,245,199,203,77,77,11,50,16,37,178,124,169,,287,,,b'\x11\xe8\xe1I\xc9KwJ\xaf\x82\x12\xdf\x17\xaeN\x1e'
11E8E149-C94B-774A-AF82-12DF17AE4E1E,2012-ncaa-d1-conf-Big Ten,ncaa,4,3,3,3,3,5,5,5,3,5,8,4,5,5,5,6,6,5,11,5,3,5,6,2,3,4,6,5,8,5,3,6,1,5,1,3,3,5,7,4,4,2,11,11,,,6,8,,,2,6,10,5,6,4,7,6,7,5,6,8,6,6,7,10,5,6,7,3,5,4,12,,7,,,2,3,1,2,6,3,3,5,4,3,8,6,9,7,8,8,11,4,4,5,8,6,9,6,9,1,1,3,3,1,1,2,2,7,3,3,5,4,8,7,,,7,8,,,2,7,4,3,2,2,1,1,2,2,4,2,9,7,8,2,1,1,1,1,1,7,5,8,,8,,,b'\x11\xe8\xe1I\xc9KwJ\xaf\x82\x12\xdf\x17\xaeN\x1e'
11E8E149-C94B-774A-AF82-12DF17AE4E1E,2012-ncaa-d1-natl,ncaa,90,86,90,88,94,88,72,108,45,92,178,34,72,79,93,90,197,167,250,167,163,115,127,37,57,53,150,94,287,114,76,100,17,91,22,67,128,119,108,69,97,77,181,169,,,224,257,,,66,144,213,68,82,70,136,103,214,76,86,237,202,202,151,191,134,114,114,66,109,111,201,,190,,,62,165,112,123,144,93,107,133,192,173,218,200,277,221,317,223,267,142,149,170,204,198,279,203,286,19,17,78,76,32,22,36,40,156,135,62,140,131,187,194,,,235,284,,,66,204,47,134,60,128,88,64,72,57,174,160,255,202,204,80,76,11,49,17,39,187,125,171,,286,,,b'\x11\xe8\xe1I\xc9KwJ\xaf\x82\x12\xdf\x17\xaeN\x1e'
11E8E149-C94B-774A-AF82-12DF17AE4E1E,2012-ncaa-d1-ncaatournament,ncaa,33,2,33,33,34,47,39,41,28,37,43,13,55,51,57,28,63,63,64,61,62,48,51,35,43,43,64,48,64,45,30,49,56,50,41,38,28,9,33,19,45,31,40,35,,,15,40,,,41,56,54,5,45,22,17,12,28,51,31,63,63,61,43,47,30,45,42,20,23,32,23,,35,,,44,7,6,17,23,12,20,31,9,19,19,29,22,18,53,14,34,17,16,21,28,31,28,22,46,22,56,10,30,15,41,16,48,52,45,50,20,47,18,39,,,61,62,,,41,3,42,45,46,27,21,33,31,36,18,28,45,38,35,33,25,49,27,40,41,46,45,37,,61,,,b'\x11\xe8\xe1I\xc9KwJ\xaf\x82\x12\xdf\x17\xaeN\x1e'
11E8E149-C94B-774A-AF82-12DF17AE4E1E,2013-ncaa-d0-natl,ncaa,30,40,24,43,28,90,60,59,95,62,74,111,89,95,107,144,265,255,220,256,327,78,100,101,133,93,232,133,329,86,123,29,1,39,20,66,123,74,47,40,179,194,117,124,,,115,96,,,34,112,302,141,163,109,153,127,171,130,154,315,314,316,204,277,163,65,90,86,34,245,162,,37,,,40,73,123,214,63,157,225,74,110,172,59,165,40,33,233,33,32,173,188,57,44,43,69,150,66,10,1,261,123,112,20,43,18,123,108,40,81,58,296,235,,,195,272,,,34,254,86,14,34,13,29,40,57,78,55,81,17,16,16,17,18,1,113,19,9,213,45,246,,300,,,b'\x11\xe8\xe1I\xc9KwJ\xaf\x82\x12\xdf\x17\xaeN\x1e'
11E8E149-C94B-774A-AF82-12DF17AE4E1E,2013-ncaa-d1-conf-Big Ten,ncaa,4,4,1,4,2,5,3,1,9,4,2,11,5,6,5,8,10,6,12,6,11,2,3,9,11,9,10,6,11,1,1,3,1,1,1,5,8,7,4,6,4,3,7,8,,,8,8,,,3,4,8,7,8,7,4,6,3,5,7,11,10,11,4,6,1,5,2,7,5,4,9,,8,,,3,5,8,7,8,10,8,8,2,2,3,2,5,5,3,5,5,5,7,7,6,4,1,2,6,1,1,10,1,3,1,2,3,3,3,3,9,7,12,9,,,6,10,,,3,9,7,2,3,1,3,2,5,4,1,2,3,3,3,2,2,1,5,2,1,3,7,12,,9,,,b'\x11\xe8\xe1I\xc9KwJ\xaf\x82\x12\xdf\x17\xaeN\x1e'
11E8E149-C94B-774A-AF82-12DF17AE4E1E,2013-ncaa-d1-natl,ncaa,32,40,27,43,33,98,68,69,100,70,88,115,94,97,107,146,272,263,219,263,327,93,118,102,137,96,226,132,329,97,131,34,1,46,21,72,125,63,50,43,192,203,120,125,,,103,96,,,35,139,303,141,172,112,162,137,178,129,155,316,316,317,211,279,164,67,93,87,36,252,163,,37,,,40,56,109,202,65,139,210,82,103,156,60,167,37,30,236,31,33,151,166,62,43,48,72,151,64,7,1,245,131,84,21,34,21,133,112,46,71,60,292,239,,,216,269,,,35,229,87,15,34,13,34,40,60,80,57,81,18,17,17,17,18,1,112,19,9,225,44,248,,300,,,b'\x11\xe8\xe1I\xc9KwJ\xaf\x82\x12\xdf\x17\xaeN\x1e'
11E8E149-C94B-774A-AF82-12DF17AE4E1E,2013-ncaa-d1-ncaatournament,ncaa,17,2,17,17,19,30,29,29,28,29,29,23,18,15,33,13,48,56,1,55,61,31,31,24,33,32,36,17,60,45,55,32,5,32,42,26,25,33,36,21,31,36,34,42,,,34,31,,,47,31,60,7,47,36,54,37,54,23,24,58,61,61,60,62,57,53,60,30,16,49,42,,8,,,38,35,37,33,43,30,34,28,48,36,62,44,29,30,44,30,22,33,33,52,51,45,55,58,17,16,5,44,55,34,42,34,23,23,18,19,36,43,35,41,,,32,44,,,47,34,41,35,36,14,13,3,8,5,52,29,15,12,12,3,3,2,31,7,16,33,29,27,,51,,,b'\x11\xe8\xe1I\xc9KwJ\xaf\x82\x12\xdf\x17\xaeN\x1e'
11E8E149-C94B-774A-AF82-12DF17AE4E1E,2014-ncaa-d0-natl,ncaa,47,57,53,57,72,48,38,80,28,59,129,30,76,95,69,123,123,138,119,137,191,86,76,28,35,48,171,137,258,153,150,22,5,43,23,25,72,270,193,66,134,188,25,50,,,186,113,,,35,65,115,232,56,40,149,76,198,104,126,179,199,204,165,162,211,13,49,28,197,195,28,,109,,,36,186,217,297,60,250,319,42,129,131,143,75,157,147,196,144,53,289,265,42,42,71,81,116,141,72,5,168,150,126,23,182,136,169,249,184,227,162,133,106,,,194,319,,,35,287,60,44,36,86,126,233,184,295,85,78,110,97,97,202,156,32,73,32,113,250,172,94,,303,,,b'\x11\xe8\xe1I\xc9KwJ\xaf\x82\x12\xdf\x17\xaeN\x1e'
11E8E149-C94B-774A-AF82-12DF17AE4E1E,2014-ncaa-d1-conf-Big Ten,ncaa,2,1,4,2,8,4,4,9,2,6,8,2,6,8,7,7,5,4,10,4,4,9,7,3,3,3,8,8,6,6,4,2,1,3,1,3,4,11,12,6,4,4,4,3,,,8,11,,,2,6,7,8,5,4,9,4,7,6,8,5,4,4,9,4,5,2,3,3,12,5,3,,8,,,2,1,2,5,1,7,9,2,1,2,1,1,7,7,2,7,7,6,5,1,1,1,2,1,8,4,1,3,4,2,1,1,1,9,7,4,8,7,1,1,,,9,10,,,2,7,6,1,2,1,1,3,7,9,1,1,7,8,8,4,3,2,2,2,1,9,6,1,,9,,,b'\x11\xe8\xe1I\xc9KwJ\xaf\x82\x12\xdf\x17\xaeN\x1e'
11E8E149-C94B-774A-AF82-12DF17AE4E1E,2014-ncaa-d1-natl,ncaa,52,57,59,59,84,54,42,95,31,65,146,30,85,107,71,123,135,156,120,154,191,105,94,32,38,49,170,136,261,173,154,23,5,50,23,30,72,249,194,68,158,192,28,51,,,168,116,,,40,78,115,234,57,43,153,82,200,104,127,184,205,208,170,166,219,13,54,29,200,195,30,,109,,,39,170,200,286,70,235,315,43,117,116,146,74,151,137,201,137,51,279,255,47,44,80,80,115,140,56,5,147,154,101,23,166,134,189,252,191,215,161,127,115,,,217,317,,,40,278,65,47,39,90,135,233,191,296,85,75,111,96,96,203,154,32,75,33,119,256,172,99,,301,,,b'\x11\xe8\xe1I\xc9KwJ\xaf\x82\x12\xdf\x17\xaeN\x1e'
11E8E149-C94B-774A-AF82-12DF17AE4E1E,2014-ncaa-d1-ncaatournament,ncaa,17,2,17,17,17,20,24,26,24,23,25,19,21,21,36,36,20,18,34,18,8,22,17,23,18,33,24,38,12,29,38,16,14,17,15,19,22,49,60,49,19,28,10,10,,,36,8,,,12,17,4,3,16,27,42,26,34,31,36,11,8,9,30,7,41,1,3,15,64,17,3,,12,,,8,37,39,48,2,42,49,4,11,36,3,16,40,38,51,38,13,48,48,3,1,1,7,7,46,44,14,45,38,44,15,14,2,20,37,3,52,60,39,36,,,20,20,,,12,48,37,2,7,15,17,63,35,61,4,19,37,34,31,61,61,39,35,36,4,24,63,31,,13,,,b'\x11\xe8\xe1I\xc9KwJ\xaf\x82\x12\xdf\x17\xaeN\x1e'
11E8E149-C94B-774A-AF82-12DF17AE4E1E,2015-ncaa-d0-natl,ncaa,151,161,113,165,141,100,110,118,144,163,205,88,93,65,195,74,98,123,81,125,86,118,93,120,105,134,99,107,138,124,143,35,8,51,27,93,97,264,220,160,244,270,137,165,,,163,116,,,107,98,57,199,85,120,122,174,243,89,61,102,126,127,113,82,129,11,19,88,255,271,138,,129,,,109,200,205,261,119,235,255,159,136,196,57,153,191,216,86,218,149,256,223,108,94,154,101,114,169,46,8,182,143,114,27,259,261,228,275,283,328,303,164,197,,,105,175,,,107,258,128,110,108,172,200,269,236,261,127,186,174,192,201,270,195,35,162,84,242,263,319,159,,107,,,b'\x11\xe8\xe1I\xc9KwJ\xaf\x82\x12\xdf\x17\xaeN\x1e'
11E8E149-C94B-774A-AF82-12DF17AE4E1E,2015-ncaa-d1-conf-Big Ten,ncaa,8,9,3,9,8,10,13,10,14,13,13,14,4,3,9,2,8,8,3,8,3,8,5,11,9,11,2,3,4,7,6,5,2,4,2,13,12,13,13,13,11,12,11,10,,,8,8,,,9,6,6,9,11,13,11,13,13,6,3,8,8,9,11,7,6,4,4,14,13,11,10,,8,,,9,6,5,6,7,6,5,10,7,9,2,10,9,10,2,11,11,8,7,6,5,7,6,6,12,4,2,7,6,5,2,7,10,10,10,9,14,13,2,4,,,4,5,,,9,10,11,6,9,4,6,5,6,5,6,9,9,11,12,8,5,2,7,3,6,10,14,2,,4,,,b'\x11\xe8\xe1I\xc9KwJ\xaf\x82\x12\xdf\x17\xaeN\x1e'
11E8E149-C94B-774A-AF82-12DF17AE4E1E,2015-ncaa-d1-natl,ncaa,169,160,143,176,178,127,143,144,153,187,233,98,103,74,197,71,115,145,79,147,86,145,119,125,111,142,97,108,132,144,152,41,7,63,28,110,98,250,224,169,270,277,146,167,,,128,118,,,125,129,67,194,99,133,129,183,246,90,62,103,128,132,123,93,143,12,22,95,257,276,146,,132,,,124,176,184,231,138,223,232,162,118,182,59,151,176,198,88,205,149,228,180,115,103,171,99,111,169,29,7,154,152,89,28,242,263,253,280,288,321,307,158,203,,,130,166,,,125,227,135,120,124,181,215,268,250,264,130,184,178,196,203,272,195,36,162,86,250,268,321,164,,110,,,b'\x11\xe8\xe1I\xc9KwJ\xaf\x82\x12\xdf\x17\xaeN\x1e'
11E8E149-C94B-774A-AF82-12DF17AE4E1E,2016-ncaa-d0-natl,ncaa,31,43,25,45,27,15,18,25,33,20,29,21,104,100,153,199,4,20,13,20,113,24,18,39,24,37,208,244,92,28,31,20,3,14,12,16,102,324,163,80,65,113,63,97,,,346,330,,,25,17,52,83,17,25,56,21,91,155,153,14,40,40,42,33,61,25,19,23,235,111,95,,322,,,26,303,253,289,113,269,298,107,157,174,135,71,348,345,282,344,301,307,315,94,158,169,229,81,334,34,3,179,31,98,12,217,160,75,163,123,224,81,302,215,,,8,97,,,25,332,25,88,27,189,111,125,156,190,88,77,320,312,312,193,190,9,47,24,118,169,136,261,,35,,,b'\x11\xe8\xe1I\xc9KwJ\xaf\x82\x12\xdf\x17\xaeN\x1e'
11E8E149-C94B-774A-AF82-12DF17AE4E1E,2016-ncaa-d1-conf-Big Ten,ncaa,3,3,2,3,2,5,5,5,8,3,5,4,8,5,13,8,1,2,2,2,4,3,2,7,7,7,9,12,2,3,2,2,2,3,2,5,9,14,12,13,4,3,7,7,,,14,14,,,3,2,7,4,5,6,6,5,8,10,5,2,2,2,4,3,2,3,2,10,14,4,8,,14,,,3,7,2,8,3,3,6,3,5,8,5,5,14,14,8,14,13,10,11,2,5,3,12,6,14,3,2,6,2,5,2,5,8,4,2,2,12,9,12,10,,,1,3,,,3,13,6,3,3,4,2,2,2,4,3,5,13,13,13,4,6,1,4,2,4,4,10,9,,2,,,b'\x11\xe8\xe1I\xc9KwJ\xaf\x82\x12\xdf\x17\xaeN\x1e'
11E8E149-C94B-774A-AF82-12DF17AE4E1E,2016-ncaa-d1-natl,ncaa,38,43,30,46,34,18,20,32,32,21,37,23,110,106,157,198,7,27,11,27,107,30,21,42,26,38,209,242,83,40,33,23,3,16,12,20,103,319,169,84,80,121,70,101,,,342,329,,,27,21,58,77,18,27,61,22,95,156,154,13,39,39,45,34,65,28,22,25,237,122,101,,320,,,29,286,236,267,130,254,286,113,142,156,138,71,348,341,285,339,303,297,303,111,172,183,226,77,336,21,3,149,33,65,12,201,161,102,174,134,209,85,298,223,,,11,95,,,27,326,28,106,34,198,119,123,164,194,87,77,324,313,313,195,192,8,49,24,127,179,139,265,,36,,,b'\x11\xe8\xe1I\xc9KwJ\xaf\x82\x12\xdf\x17\xaeN\x1e'
11E8E149-C94B-774A-AF82-12DF17AE4E1E,2016-ncaa-d1-ncaatournament,ncaa,17,2,17,17,17,20,23,27,8,19,21,22,22,35,4,57,18,19,18,19,16,24,23,10,9,11,35,46,16,26,35,24,21,25,22,30,58,41,37,46,27,31,30,40,,,46,55,,,15,22,37,1,16,20,45,14,23,35,54,12,14,12,37,34,44,27,40,50,36,31,41,,50,,,12,40,38,37,23,37,36,20,44,44,29,48,47,44,38,44,51,37,37,22,29,35,57,44,51,35,21,36,35,37,22,35,26,26,38,29,39,34,24,16,,,18,14,,,15,37,14,33,17,27,19,19,11,11,41,42,46,44,41,23,21,24,17,19,18,40,29,16,,23,,,b'\x11\xe8\xe1I\xc9KwJ\xaf\x82\x12\xdf\x17\xaeN\x1e'
11E8E149-C94B-774A-AF82-12DF17AE4E1E,2017-ncaa-d0-natl,ncaa,79,97,45,98,47,37,32,50,35,58,106,47,27,48,18,101,113,154,54,159,237,61,50,21,24,43,120,79,279,158,194,20,22,42,46,14,20,273,169,44,209,265,110,158,,,342,331,,,70,37,82,73,36,30,89,89,186,39,81,168,238,243,115,114,224,19,61,10,197,254,130,,325,,,73,309,270,294,130,289,303,134,157,216,81,96,335,336,198,336,272,313,299,107,149,208,170,73,308,112,22,235,194,197,46,298,270,195,275,276,258,169,74,57,,,95,210,,,70,311,49,167,79,227,178,220,214,250,105,138,321,317,317,270,215,54,117,75,244,261,191,47,,169,,,b'\x11\xe8\xe1I\xc9KwJ\xaf\x82\x12\xdf\x17\xaeN\x1e'
11E8E149-C94B-774A-AF82-12DF17AE4E1E,2017-ncaa-d1-conf-Big Ten,ncaa,4,6,2,6,2,3,3,3,4,4,7,4,1,1,4,1,10,12,4,12,11,3,4,3,3,4,4,1,12,6,8,2,2,3,2,2,1,10,7,3,6,9,5,6,,,14,14,,,5,4,5,4,3,3,5,6,9,1,1,10,12,12,6,5,6,3,5,2,7,10,5,,14,,,5,12,9,10,4,9,9,7,2,6,2,2,14,14,7,14,13,12,10,4,7,11,9,1,14,6,2,8,8,8,2,9,9,8,11,10,11,10,2,3,,,6,12,,,5,11,4,8,5,8,4,3,8,6,1,4,14,14,14,10,7,2,6,3,4,12,9,2,,11,,,b'\x11\xe8\xe1I\xc9KwJ\xaf\x82\x12\xdf\x17\xaeN\x1e'
11E8E149-C94B-774A-AF82-12DF17AE4E1E,2017-ncaa-d1-natl,ncaa,92,97,56,101,63,41,38,68,39,67,133,50,32,63,18,101,130,186,55,189,243,74,67,25,29,46,117,78,278,186,202,26,24,47,50,17,21,252,171,47,233,274,117,160,,,340,333,,,82,45,84,69,38,34,96,97,190,43,82,176,238,244,120,120,231,18,68,12,200,264,136,,326,,,82,302,258,285,141,275,294,145,142,189,89,93,334,333,208,331,271,309,280,113,162,220,169,70,307,86,24,207,202,157,50,290,269,221,282,284,239,171,67,63,,,110,205,,,82,305,55,177,86,235,188,221,229,256,103,133,324,318,316,272,212,57,120,75,253,266,198,46,,172,,,b'\x11\xe8\xe1I\xc9KwJ\xaf\x82\x12\xdf\x17\xaeN\x1e'
11E8E149-C94B-774A-AF82-12DF17AE4E1E,2017-ncaa-d1-ncaatournament,ncaa,33,2,33,33,33,48,44,64,8,45,60,11,44,60,6,38,40,39,48,38,10,64,62,5,8,19,27,30,22,64,63,44,19,60,43,57,61,24,62,58,62,63,40,41,,,22,57,,,37,56,54,6,43,41,64,42,60,31,52,26,23,19,64,62,64,39,60,56,51,62,38,,47,,,42,13,16,15,49,14,12,44,21,17,50,37,8,6,32,6,21,9,5,52,48,52,34,45,13,4,19,2,63,3,43,24,55,56,45,58,10,36,2,5,,,37,3,,,37,6,36,49,45,36,40,20,37,20,44,32,16,10,11,13,7,7,13,9,53,52,24,2,,14,,,b'\x11\xe8\xe1I\xc9KwJ\xaf\x82\x12\xdf\x17\xaeN\x1e'
11E8E149-C94B-774A-AF82-12DF17AE4E1E,2018-ncaa-d0-natl,ncaa,99,129,43,123,42,34,31,24,56,22,26,51,120,118,156,227,58,77,74,80,260,29,28,84,79,77,277,246,210,39,57,58,46,36,45,16,29,248,86,40,72,117,43,53,,,329,272,,,67,26,69,3,35,27,33,23,37,162,168,96,131,141,35,33,63,89,54,12,163,99,48,,286,,,68,314,286,278,213,272,277,159,264,228,293,129,328,328,178,329,280,297,315,219,240,191,248,185,265,135,46,222,57,190,45,292,229,48,113,140,287,183,214,79,,,100,273,,,67,325,61,143,75,238,199,165,193,195,210,146,287,289,290,212,270,69,131,86,220,79,232,172,,181,,,b'\x11\xe8\xe1I\xc9KwJ\xaf\x82\x12\xdf\x17\xaeN\x1e'
11E8E149-C94B-774A-AF82-12DF17AE4E1E,2018-ncaa-d1-conf-Big Ten,ncaa,10,9,12,10,10,9,7,5,9,6,7,7,9,7,12,8,10,11,3,11,12,7,9,9,9,8,11,10,9,5,6,8,5,7,7,3,4,4,5,3,6,6,9,8,,,11,12,,,8,9,7,1,7,6,3,4,3,9,7,9,10,10,4,4,4,7,5,2,5,6,7,,13,,,8,5,4,3,7,2,4,6,6,3,11,6,10,13,4,13,13,3,5,9,8,8,12,8,11,3,5,7,6,4,7,6,10,6,2,4,7,5,3,4,,,11,11,,,8,6,7,7,7,9,6,4,5,7,8,6,12,13,13,9,10,3,9,9,9,2,8,5,,10,,,b'\x11\xe8\xe1I\xc9KwJ\xaf\x82\x12\xdf\x17\xaeN\x1e'
11E8E149-C94B-774A-AF82-12DF17AE4E1E,2018-ncaa-d1-natl,ncaa,106,129,53,130,52,40,35,29,58,23,32,56,132,130,156,224,71,99,68,105,260,36,36,89,81,80,273,241,204,48,65,70,48,44,48,18,29,221,91,41,86,122,44,56,,,318,276,,,73,32,71,3,39,28,35,25,43,170,169,100,137,141,38,37,69,98,62,12,167,106,48,,286,,,74,307,273,268,229,262,268,173,250,200,298,126,320,320,184,321,283,289,303,231,250,207,249,181,266,113,48,198,65,154,48,281,231,65,120,149,279,186,200,85,,,139,274,,,73,320,63,159,79,249,209,171,204,202,213,142,293,292,293,217,266,70,133,92,229,85,235,179,,183,,,b'\x11\xe8\xe1I\xc9KwJ\xaf\x82\x12\xdf\x17\xaeN\x1e'
11E8E149-C94B-774A-AF82-12DF17AE4E1E,2019-ncaa-d0-natl,ncaa,78,93,47,93,66,30,31,41,37,31,44,70,63,121,23,214,40,50,117,62,176,41,47,48,46,37,187,179,191,88,143,82,77,74,97,11,19,150,56,16,72,120,94,150,,,288,216,,,74,41,77,218,26,30,57,37,75,85,166,63,85,110,47,91,135,144,124,10,81,115,127,,232,,,76,330,314,283,268,315,308,218,214,160,299,77,310,292,287,293,200,293,300,252,274,262,139,103,232,141,77,265,143,233,97,335,311,89,156,253,155,70,265,168,,,74,177,,,74,312,36,216,80,257,250,172,264,258,151,86,268,251,248,207,229,76,155,107,311,143,92,220,,132,,,b'\x11\xe8\xe1I\xc9KwJ\xaf\x82\x12\xdf\x17\xaeN\x1e'
11E8E149-C94B-774A-AF82-12DF17AE4E1E,2019-ncaa-d1-conf-Big Ten,ncaa,5,6,5,6,8,4,4,3,7,5,7,6,2,3,7,6,4,6,9,6,6,3,3,6,6,5,4,5,8,8,7,5,2,4,5,3,2,6,5,3,4,5,9,9,,,13,13,,,7,4,1,11,4,4,1,7,8,4,4,5,7,8,2,1,7,5,4,3,5,7,10,,13,,,7,11,5,7,11,8,6,9,4,3,8,2,13,13,13,13,12,8,10,10,12,12,9,3,13,2,2,10,7,8,5,13,13,5,5,11,5,4,8,7,,,5,7,,,7,11,5,8,8,10,7,2,7,5,2,2,13,13,13,5,7,2,10,7,13,6,5,7,,7,,,b'\x11\xe8\xe1I\xc9KwJ\xaf\x82\x12\xdf\x17\xaeN\x1e'
11E8E149-C94B-774A-AF82-12DF17AE4E1E,2019-ncaa-d1-natl,ncaa,93,92,62,99,84,40,37,56,41,45,55,75,79,131,25,217,56,69,110,83,175,54,61,53,47,39,181,173,185,118,154,97,83,98,108,12,18,110,59,19,99,130,108,153,,,262,224,,,89,57,81,210,37,34,62,43,79,87,170,67,93,109,52,98,143,156,143,10,82,127,128,,230,,,87,318,303,262,280,305,297,232,201,134,305,68,296,273,288,275,203,276,280,265,288,277,135,101,229,102,83,233,154,188,108,331,312,113,168,266,121,72,252,172,,,89,172,,,89,299,40,235,88,267,256,176,274,261,161,88,270,253,251,207,231,76,160,112,314,157,97,227,,136,,,b'\x11\xe8\xe1I\xc9KwJ\xaf\x82\x12\xdf\x17\xaeN\x1e'
11E8E149-C94B-774A-AF82-12DF17AE4E1E,2019-ncaa-d1-ncaatournament,ncaa,17,2,17,17,19,21,18,18,15,17,19,19,23,27,25,46,25,27,17,27,53,21,22,15,16,14,50,45,43,22,29,28,43,26,38,14,20,35,25,13,28,43,18,28,,,37,16,,,56,23,17,7,17,8,14,8,12,37,41,31,37,40,23,25,26,38,34,8,25,43,14,,24,,,48,49,50,47,53,53,48,51,37,35,33,16,42,41,24,41,24,47,45,48,42,55,9,10,20,44,43,42,29,41,38,53,37,30,56,59,35,27,49,43,,,29,54,,,56,46,13,54,43,56,61,61,61,60,23,24,34,38,36,58,51,42,29,29,56,53,24,48,,53,,,b'\x11\xe8\xe1I\xc9KwJ\xaf\x82\x12\xdf\x17\xaeN\x1e'
11E8E149-C94B-774A-AF82-12DF17AE4E1E,2020-ncaa-d0-natl,ncaa,140,150,87,155,136,83,88,47,172,124,137,151,73,55,162,102,157,117,262,114,148,47,52,149,170,159,117,104,235,29,67,202,164,93,119,58,73,191,123,93,69,83,125,162,,,343,337,,,127,91,76,213,80,88,31,139,164,77,61,173,129,131,40,47,30,231,97,52,174,80,139,,335,,,128,241,217,165,252,297,261,270,22,45,26,28,340,340,137,338,297,218,243,174,213,185,42,7,326,156,164,225,67,203,119,164,129,95,119,102,112,62,319,308,,,68,150,,,127,269,111,162,129,224,192,118,298,248,14,34,328,331,331,191,236,133,198,173,142,103,92,320,,93,,,b'\x11\xe8\xe1I\xc9KwJ\xaf\x82\x12\xdf\x17\xaeN\x1e'
11E8E149-C94B-774A-AF82-12DF17AE4E1E,2020-ncaa-d1-conf-Big Ten,ncaa,8,8,9,8,11,12,11,6,11,11,11,11,5,3,11,2,12,11,13,11,7,8,8,9,10,10,6,5,10,4,4,11,7,10,6,7,4,5,7,5,10,7,10,9,,,13,13,,,10,11,6,6,9,9,3,11,9,5,2,10,9,8,3,4,4,11,7,6,8,8,9,,14,,,10,7,6,3,11,10,4,12,1,1,5,1,12,13,5,12,13,3,3,11,11,11,3,1,13,4,7,8,4,6,6,5,5,11,8,7,5,7,8,10,,,7,5,,,10,4,10,10,10,9,9,5,12,7,2,2,13,14,14,6,6,7,9,7,6,8,6,9,,5,,,b'\x11\xe8\xe1I\xc9KwJ\xaf\x82\x12\xdf\x17\xaeN\x1e'
11E8E149-C94B-774A-AF82-12DF17AE4E1E,2020-ncaa-d1-natl,ncaa,150,150,128,157,202,105,104,65,182,152,168,162,81,72,170,103,180,141,263,140,149,69,83,161,182,165,113,105,231,40,70,235,173,118,127,66,77,176,124,96,88,86,135,163,,,337,338,,,144,128,80,201,92,93,36,150,170,84,62,177,133,135,45,52,36,236,105,58,175,91,137,,337,,,144,225,197,124,263,286,240,279,16,31,28,24,331,332,137,332,298,179,202,185,226,200,39,6,327,134,173,193,70,175,127,149,131,115,126,111,93,63,317,311,,,98,150,,,144,234,118,180,139,230,199,119,305,251,14,34,329,331,331,194,234,141,206,180,148,112,94,320,,93,,,b'\x11\xe8\xe1I\xc9KwJ\xaf\x82\x12\xdf\x17\xaeN\x1e'
11E8E149-C94B-774A-AF82-12DF17AE4E1E,2021-ncaa-d0-natl,ncaa,71,104,89,89,125,48,45,76,31,34,59,32,98,115,96,205,94,61,242,59,132,73,84,43,52,40,249,215,224,78,93,130,57,112,76,28,63,168,61,26,68,89,57,64,,,282,269,,,67,85,55,224,27,24,64,26,79,119,157,104,68,65,46,74,115,220,170,13,86,92,79,,254,,,71,270,245,210,258,235,206,267,232,221,213,176,322,284,325,288,284,222,231,259,296,248,239,153,290,109,57,190,93,167,76,280,271,63,97,174,145,64,283,188,,,85,144,,,67,257,34,192,71,239,182,102,177,103,184,159,313,264,266,133,187,30,94,48,243,88,81,248,,99,,,b'\x11\xe8\xe1I\xc9KwJ\xaf\x82\x12\xdf\x17\xaeN\x1e'
11E8E149-C94B-774A-AF82-12DF17AE4E1E,2021-ncaa-d1-conf-Big Ten,ncaa,5,6,11,8,11,7,7,11,5,8,9,6,6,7,6,6,9,6,13,6,4,10,11,5,6,6,6,7,9,5,4,10,3,10,4,8,8,7,8,7,4,5,6,5,,,11,14,,,8,11,5,6,5,6,5,8,8,6,6,8,6,6,6,4,6,10,8,7,8,5,6,,14,,,8,5,5,4,10,3,3,9,6,6,8,5,12,10,13,10,14,4,4,10,11,9,13,5,14,4,3,3,4,3,4,5,10,3,4,7,6,6,10,11,,,7,4,,,8,4,6,7,8,6,5,3,6,3,5,6,14,14,14,5,6,3,7,5,7,4,6,11,,4,,,b'\x11\xe8\xe1I\xc9KwJ\xaf\x82\x12\xdf\x17\xaeN\x1e'
11E8E149-C94B-774A-AF82-12DF17AE4E1E,2021-ncaa-d1-natl,ncaa,74,104,105,93,144,57,52,87,31,41,71,32,107,125,93,204,106,70,240,67,131,87,100,46,54,42,247,214,221,87,94,149,60,126,82,30,64,157,62,27,73,92,61,67,,,273,272,,,72,102,58,225,30,26,69,29,82,123,162,107,70,66,52,80,120,225,177,13,84,97,79,,255,,,73,257,227,195,263,226,194,270,222,211,220,171,314,277,324,282,285,202,213,264,298,261,240,150,290,102,60,177,94,149,82,275,272,79,102,178,136,64,278,200,,,99,137,,,72,240,36,207,75,247,192,104,183,107,187,158,315,270,271,140,185,30,98,47,248,93,81,252,,100,,,b'\x11\xe8\xe1I\xc9KwJ\xaf\x82\x12\xdf\x17\xaeN\x1e'
11E8E149-C94B-774A-AF82-12DF17AE4E1E,2021-ncaa-d1-ncaatournament,ncaa,33,2,33,33,34,34,34,41,14,34,38,15,44,54,40,48,35,35,44,34,15,36,41,17,16,11,45,49,23,32,13,47,46,39,25,46,55,3,7,19,55,53,38,18,,,33,63,,,27,47,29,7,10,9,13,7,14,35,39,10,5,4,7,17,10,45,24,36,8,52,22,,63,,,29,17,9,7,42,3,7,33,28,27,51,51,34,36,26,34,64,19,15,44,47,51,60,47,58,16,46,6,13,8,25,7,22,48,38,29,4,10,7,10,,,39,20,,,27,13,6,50,29,47,32,16,15,11,54,51,59,62,61,46,40,42,23,27,24,34,11,14,,13,,,b'\x11\xe8\xe1I\xc9KwJ\xaf\x82\x12\xdf\x17\xaeN\x1e'
11E8E149-C94B-774A-AF82-12DF17AE4E1E,2022-ncaa-d0-natl,ncaa,158,180,112,170,125,81,90,135,52,99,126,89,102,168,24,212,65,78,103,77,95,118,120,49,47,59,146,166,127,121,90,126,98,118,76,27,8,185,138,34,172,202,123,108,,,238,200,,,107,126,132,123,59,69,155,89,137,108,194,66,80,82,127,140,131,131,118,15,154,198,133,,203,,,109,271,239,231,194,155,143,206,322,313,290,312,237,189,345,200,225,230,227,239,259,267,316,316,186,124,98,114,90,107,76,324,331,164,200,295,154,117,178,145,,,72,72,,,107,238,45,244,102,240,209,197,133,95,325,308,221,151,170,199,193,108,51,56,309,204,135,152,,68,,,b'\x11\xe8\xe1I\xc9KwJ\xaf\x82\x12\xdf\x17\xaeN\x1e'
11E8E149-C94B-774A-AF82-12DF17AE4E1E,2022-ncaa-d1-conf-Big Ten,ncaa,7,8,5,8,6,10,10,10,9,9,8,9,8,9,5,9,7,4,13,4,2,8,9,10,9,8,7,7,3,5,5,5,4,4,4,4,1,7,8,4,10,9,11,8,,,8,10,,,8,8,12,7,10,10,11,10,10,9,10,6,4,4,11,11,7,5,3,4,7,10,11,,8,,,8,6,4,7,2,3,4,1,11,13,9,12,9,8,13,8,13,7,7,8,7,10,14,12,11,5,4,5,5,5,4,7,11,10,9,10,7,8,9,9,,,5,4,,,8,7,8,9,7,6,2,4,2,3,11,12,11,8,9,5,3,5,5,3,9,9,7,9,,4,,,b'\x11\xe8\xe1I\xc9KwJ\xaf\x82\x12\xdf\x17\xaeN\x1e'
11E8E149-C94B-774A-AF82-12DF17AE4E1E,2022-ncaa-d1-natl,ncaa,176,180,146,186,167,101,115,166,53,122,153,98,119,189,24,212,79,95,102,93,94,155,157,58,49,62,140,163,117,152,99,160,103,155,81,30,8,156,145,40,203,218,141,112,,,207,213,,,131,168,143,112,64,78,172,99,142,112,197,69,82,83,142,147,148,146,133,16,162,207,134,,208,,,131,248,211,189,215,139,113,218,317,305,293,310,222,158,347,177,226,189,178,260,272,282,312,311,183,100,103,72,99,73,81,320,332,206,211,304,133,126,167,159,,,94,63,,,131,201,52,260,123,253,223,200,147,97,325,310,227,155,178,205,192,114,52,60,318,212,139,164,,68,,,b'\x11\xe8\xe1I\xc9KwJ\xaf\x82\x12\xdf\x17\xaeN\x1e'
11E8E149-C94B-774A-AF82-12DF17AE4E1E,2023-ncaa-d0-natl,ncaa,153,139,164,155,167,58,67,74,86,98,148,55,45,41,124,85,67,39,287,39,37,63,85,72,84,54,94,103,171,72,106,168,36,117,99,31,33,76,33,22,20,15,121,80,,,260,240,,,44,94,26,18,13,22,13,60,139,34,29,41,22,22,10,13,49,141,61,10,91,13,120,,279,,,32,212,115,103,204,82,65,219,237,220,222,258,318,300,317,301,335,134,227,238,286,151,330,226,331,23,36,268,106,164,99,278,337,23,23,72,90,41,328,330,,,83,159,,,44,267,41,84,40,240,135,87,103,55,250,234,329,306,306,145,300,26,293,191,293,12,111,337,,50,,,b'\x11\xe8\xe1I\xc9KwJ\xaf\x82\x12\xdf\x17\xaeN\x1e'
11E8E149-C94B-774A-AF82-12DF17AE4E1E,2023-ncaa-d1-conf-Big Ten,ncaa,8,8,9,8,9,7,8,6,9,10,11,9,3,2,9,3,7,6,12,6,3,4,6,10,10,7,2,2,8,5,9,11,6,10,10,5,4,4,3,4,4,3,11,7,,,13,14,,,8,7,5,1,5,6,2,10,9,3,1,5,1,1,2,2,3,10,7,4,5,3,9,,14,,,8,8,3,1,11,3,2,10,7,5,11,8,14,14,10,14,14,2,4,11,13,10,14,7,14,1,6,12,9,10,10,9,12,4,2,4,1,3,13,14,,,5,4,,,8,8,7,8,9,10,5,1,4,2,8,7,14,14,14,3,7,2,13,11,10,3,4,14,,2,,,b'\x11\xe8\xe1I\xc9KwJ\xaf\x82\x12\xdf\x17\xaeN\x1e'
11E8E149-C94B-774A-AF82-12DF17AE4E1E,2023-ncaa-d1-natl,ncaa,167,138,219,159,222,63,76,84,95,120,187,54,58,57,129,87,79,47,287,47,35,75,104,79,92,60,93,102,169,85,112,200,38,141,116,34,34,57,35,22,26,16,136,83,,,235,253,,,45,115,27,16,14,27,15,67,144,37,32,41,23,21,10,14,55,153,68,10,95,14,123,,282,,,33,179,81,59,223,64,42,232,227,196,237,255,310,291,325,287,338,97,182,252,296,171,331,228,330,15,38,238,112,116,116,270,337,32,27,83,74,44,324,333,,,106,152,,,45,246,41,100,42,251,149,90,113,57,255,237,333,311,310,155,299,26,299,201,301,14,113,340,,47,,,b'\x11\xe8\xe1I\xc9KwJ\xaf\x82\x12\xdf\x17\xaeN\x1e'
11E8E149-C94B-774A-AF82-12DF17AE4E1E,2024-ncaa-d0-natl,ncaa,65,49,143,54,183,24,25,92,8,61,192,8,21,43,10,62,83,94,104,97,75,94,139,6,6,3,76,56,273,303,307,152,47,222,194,22,43,8,8,3,63,54,109,116,,,129,79,,,16,99,51,263,6,8,44,34,208,10,30,69,90,97,47,139,315,159,270,7,9,57,117,,114,,,14,234,255,183,309,253,191,276,214,157,310,158,125,116,244,120,109,166,217,302,288,212,122,197,85,39,47,197,307,113,194,288,266,58,59,158,12,6,233,242,,,98,89,,,16,254,6,148,16,228,266,165,262,184,213,145,126,118,121,141,235,31,202,104,292,52,13,234,,79,,,b'\x11\xe8\xe1I\xc9KwJ\xaf\x82\x12\xdf\x17\xaeN\x1e'
11E8E149-C94B-774A-AF82-12DF17AE4E1E,2024-ncaa-d1-conf-Big Ten,ncaa,5,4,8,5,10,6,6,10,4,6,12,4,5,4,7,4,10,9,8,9,6,10,13,4,4,3,4,4,11,13,14,12,5,14,12,7,8,1,1,3,3,2,8,6,,,1,2,,,4,8,5,9,4,4,8,6,10,5,4,8,7,7,7,11,13,9,14,4,1,3,8,,3,,,4,3,3,2,12,4,3,10,3,3,10,7,2,2,7,2,3,1,2,10,9,7,2,7,3,3,5,6,14,2,12,6,11,4,2,5,3,2,7,10,,,6,2,,,4,7,3,5,4,5,5,3,8,4,4,3,3,3,3,2,6,4,11,5,9,2,3,9,,3,,,b'\x11\xe8\xe1I\xc9KwJ\xaf\x82\x12\xdf\x17\xaeN\x1e'
11E8E149-C94B-774A-AF82-12DF17AE4E1E,2024-ncaa-d1-natl,ncaa,76,49,194,57,238,29,32,126,8,72,225,8,24,52,10,61,100,114,103,118,72,124,194,8,6,3,74,58,273,322,315,200,52,274,211,23,47,6,7,4,75,67,122,123,,,100,92,,,19,131,54,264,6,11,51,37,214,11,33,69,90,95,50,148,321,177,284,9,9,61,117,,121,,,15,213,241,146,315,240,156,294,203,128,318,155,113,105,252,108,112,119,174,312,299,238,122,196,85,23,52,166,315,79,211,280,275,81,69,177,8,6,217,254,,,123,80,,,19,223,6,173,18,248,275,171,270,187,216,148,135,120,124,146,235,31,209,113,296,68,14,241,,78,,,b'\x11\xe8\xe1I\xc9KwJ\xaf\x82\x12\xdf\x17\xaeN\x1e'
11E8E149-C94B-774A-AF82-12DF17AE4E1E,2024-ncaa-d1-ncaatournament,ncaa,37,3,37,37,38,54,59,61,47,66,62,59,41,58,5,34,48,51,17,47,23,63,65,41,38,46,5,11,25,63,60,51,64,61,63,45,4,17,55,37,38,20,49,51,,,19,46,,,29,57,55,5,51,58,58,66,55,23,45,33,41,33,61,62,60,46,60,31,42,16,44,,48,,,33,2,8,16,26,18,29,17,3,3,23,4,6,14,1,14,32,17,22,15,4,3,2,5,20,37,64,14,60,24,63,10,40,43,21,25,5,17,49,67,,,53,31,,,29,6,51,13,36,5,23,29,47,61,3,4,11,38,38,32,43,66,41,60,31,17,9,66,,44,,,b'\x11\xe8\xe1I\xc9KwJ\xaf\x82\x12\xdf\x17\xaeN\x1e'
11E8E149-C94B-774A-AF82-12DF17AE4E1E,2025-ncaa-d0-natl,genius_ncaa,71,65,90,71,133,41,49,62,54,41,62,66,110,139,78,231,19,15,134,13,52,43,49,63,50,55,182,233,84,76,104,132,174,97,144,26,37,165,67,38,11,10,17,9,,,310,215,,227,31,47,16,356,18,29,39,31,72,117,155,14,15,12,20,24,89,186,125,13,138,9,16,,269,,206,30,206,153,193,132,152,213,112,185,172,218,132,324,320,205,320,298,226,300,133,176,52,273,164,327,208,174,245,104,241,144,295,339,13,19,50,261,152,250,143,,,47,123,,245,31,308,50,43,34,153,96,109,99,133,152,119,300,298,300,138,315,182,186,184,270,12,217,233,,44,,269,b'\x11\xe8\xe1I\xc9KwJ\xaf\x82\x12\xdf\x17\xaeN\x1e'
11E8E149-C94B-774A-AF82-12DF17AE4E1E,2025-ncaa-d1-conf-Big Ten,genius_ncaa,8,5,9,6,15,9,8,6,10,9,7,9,8,8,13,8,5,6,10,5,6,6,8,10,10,12,9,9,6,6,5,12,13,10,11,5,7,6,5,5,2,1,3,3,,,15,16,,3,4,7,2,12,4,5,2,6,6,7,5,4,5,5,2,3,5,14,9,4,7,2,3,,18,,4,4,7,4,2,8,3,6,8,6,6,9,6,18,18,13,18,18,5,10,7,12,5,16,6,17,9,13,11,5,12,11,8,14,2,1,3,13,11,9,9,,,9,14,,15,4,12,9,6,4,9,6,1,5,4,6,5,17,17,17,5,14,12,13,14,10,1,13,10,,10,,15,b'\x11\xe8\xe1I\xc9KwJ\xaf\x82\x12\xdf\x17\xaeN\x1e'
11E8E149-C94B-774A-AF82-12DF17AE4E1E,2025-ncaa-d1-natl,genius_ncaa,78,65,113,71,171,50,56,73,58,50,79,67,122,156,86,236,25,21,131,20,49,58,67,64,55,58,179,234,77,92,115,161,183,127,161,31,37,141,67,41,13,10,17,9,,,292,221,,217,36,62,16,356,18,32,42,36,78,125,158,14,16,13,22,28,100,195,135,13,141,10,16,,274,,213,33,185,137,157,145,124,175,122,172,148,222,125,318,311,212,314,304,192,282,148,190,64,273,160,328,195,183,223,115,209,161,284,341,18,19,61,238,154,239,156,,,62,112,,256,36,290,55,56,37,166,106,110,104,135,157,120,309,301,302,140,315,180,191,193,276,12,214,240,,45,,265,b'\x11\xe8\xe1I\xc9KwJ\xaf\x82\x12\xdf\x17\xaeN\x1e'
11E8E149-C94B-774A-AF82-12DF17AE4E1E,2025-ncaa-d1-ncaatournament,genius_ncaa,17,2,17,17,20,36,36,34,47,34,30,55,35,43,33,61,16,18,35,18,12,33,30,47,41,51,29,53,7,29,38,28,50,28,45,36,50,53,59,60,23,26,18,11,,,37,20,,57,48,29,39,7,52,55,61,48,37,50,64,11,10,10,56,41,39,32,37,55,55,25,19,,26,,61,41,38,39,43,17,33,38,18,56,56,40,66,25,27,13,29,32,41,45,30,24,21,62,66,15,53,50,45,38,50,45,40,37,22,28,26,42,41,53,60,,,22,13,,10,48,36,50,26,43,23,24,37,8,12,58,61,13,14,14,34,41,57,29,48,30,29,39,60,,14,,11,b'\x11\xe8\xe1I\xc9KwJ\xaf\x82\x12\xdf\x17\xaeN\x1e'
11E8E149-C94B-774A-AF82-12DF17AE4E1E,2026-ncaa-d0-natl,genius_ncaa,35,13,116,26,142,25,17,80,6,29,85,6,25,82,5,165,122,100,260,93,156,82,138,5,5,3,215,111,335,91,43,201,150,152,88,11,19,7,2,1,10,5,52,20,,,68,18,,73,10,152,132,97,6,4,17,8,62,11,77,128,88,82,13,113,85,274,183,3,1,7,40,,19,,63,4,70,91,123,77,69,104,96,181,204,144,288,30,30,114,30,52,107,188,105,75,16,206,306,46,110,150,113,43,108,88,150,282,13,4,17,6,1,76,39,,,162,243,,286,10,215,4,12,2,15,32,28,25,27,146,158,16,16,16,8,146,68,51,37,110,9,2,52,,208,,308,b'\x11\xe8\xe1I\xc9KwJ\xaf\x82\x12\xdf\x17\xaeN\x1e'
11E8E149-C94B-774A-AF82-12DF17AE4E1E,2026-ncaa-d1-conf-Big Ten,genius_ncaa,10,10,1,10,3,12,12,12,12,11,13,11,12,7,15,7,9,8,15,8,6,10,13,13,13,12,10,11,8,2,3,15,13,8,10,13,12,5,7,9,15,15,14,15,,,3,5,,5,13,18,17,3,12,12,12,11,13,12,7,9,8,8,10,13,2,15,8,13,5,15,14,,3,,5,13,9,8,3,13,6,2,12,16,13,17,16,7,9,7,9,14,4,1,15,15,16,15,17,4,8,13,11,3,12,10,8,9,10,10,13,8,8,17,17,,,10,8,,11,13,2,11,16,13,9,8,3,6,2,16,13,7,9,9,4,1,8,11,12,8,10,8,17,,10,,11,b'\x11\xe8\xe1I\xc9KwJ\xaf\x82\x12\xdf\x17\xaeN\x1e'
11E8E149-C94B-774A-AF82-12DF17AE4E1E,2026-ncaa-d1-natl,genius_ncaa,38,13,177,28,197,32,21,118,6,34,128,7,34,121,5,163,159,137,265,133,154,122,204,5,5,4,196,109,331,137,58,281,169,239,116,11,24,1,2,1,17,6,63,21,,,22,21,,55,10,216,147,100,6,4,23,8,73,12,82,132,102,95,19,135,102,298,228,3,1,9,42,,19,,65,4,22,47,64,105,37,49,121,136,147,172,292,15,14,125,12,51,46,121,140,105,19,204,300,48,66,169,60,58,53,116,111,289,23,7,23,1,1,54,42,,,228,232,,305,10,144,4,14,2,18,40,31,32,29,166,152,18,18,17,10,138,78,55,42,137,10,2,57,,206,,305,b'\x11\xe8\xe1I\xc9KwJ\xaf\x82\x12\xdf\x17\xaeN\x1e'
11E8E149-C94F-EF96-AF82-12DF17AE4E1E,2010-ncaa-d0-natl,ncaa,30,13,122,18,152,20,18,53,10,89,257,2,3,5,17,8,200,254,37,253,187,73,98,2,4,2,34,10,340,145,117,240,212,204,169,8,74,68,36,10,10,8,253,274,,,299,270,,,12,98,49,218,4,5,15,79,290,3,4,218,283,283,42,78,153,297,252,6,63,5,260,,295,,,7,206,205,109,307,240,213,245,95,28,329,25,248,248,164,238,216,129,240,285,294,119,108,75,242,125,212,122,117,115,169,84,44,13,8,11,26,18,8,13,,,143,222,,,12,254,3,92,9,187,185,54,230,196,79,20,240,236,225,81,260,119,104,88,82,5,29,5,,154,,,b'\x11\xe8\xe1I\xc9O\xef\x96\xaf\x82\x12\xdf\x17\xaeN\x1e'
11E8E149-C94F-EF96-AF82-12DF17AE4E1E,2010-ncaa-d1-conf-Sun Belt,ncaa,1,1,1,1,1,1,1,1,1,2,8,1,1,1,1,1,8,10,2,10,8,1,1,1,1,1,1,1,13,5,5,3,7,4,7,1,3,3,3,2,1,1,7,7,,,11,6,,,1,1,2,7,1,1,1,4,11,1,1,9,12,13,1,3,5,8,7,1,3,1,8,,9,,,1,8,8,7,7,9,11,5,6,3,13,2,7,7,4,7,6,8,12,6,6,2,7,6,5,7,7,7,5,8,7,6,5,1,1,2,3,3,1,2,,,3,13,,,1,13,1,2,1,4,4,4,6,7,4,2,5,5,5,2,10,4,5,4,3,1,3,1,,8,,,b'\x11\xe8\xe1I\xc9O\xef\x96\xaf\x82\x12\xdf\x17\xaeN\x1e'
11E8E149-C94F-EF96-AF82-12DF17AE4E1E,2010-ncaa-d1-natl,ncaa,32,13,134,18,167,21,19,56,10,97,275,2,3,6,17,7,208,264,36,266,189,78,110,2,4,2,33,9,341,158,120,264,216,226,173,9,77,55,37,10,11,8,256,274,,,294,274,,,12,109,51,214,4,5,16,81,291,3,4,218,285,282,43,79,156,298,258,7,62,6,262,,296,,,8,190,193,94,307,235,201,249,84,23,330,24,233,238,167,227,215,113,227,289,296,127,110,73,241,108,216,107,120,94,173,76,43,13,9,11,24,19,7,14,,,159,222,,,12,241,3,102,9,193,191,55,236,198,82,19,241,238,226,83,259,117,106,91,84,5,29,5,,153,,,b'\x11\xe8\xe1I\xc9O\xef\x96\xaf\x82\x12\xdf\x17\xaeN\x1e'
11E8E149-C94F-EF96-AF82-12DF17AE4E1E,2010-ncaa-d1-ncaatournament,ncaa,33,2,33,33,34,39,39,40,43,57,60,44,18,20,19,2,53,56,17,54,43,43,47,26,30,28,4,1,57,47,42,49,27,51,44,31,1,5,17,7,54,50,63,63,,,4,22,,,26,45,25,9,28,27,12,57,60,2,1,52,56,54,23,32,34,45,45,5,11,48,63,,14,,,28,10,14,15,45,14,10,45,27,24,48,52,4,3,53,3,10,6,10,46,45,39,37,49,13,7,27,17,42,9,44,17,38,38,20,33,3,7,6,21,,,62,63,,,26,14,27,34,28,30,36,29,32,24,43,43,14,7,6,16,23,16,46,33,42,21,7,8,,62,,,b'\x11\xe8\xe1I\xc9O\xef\x96\xaf\x82\x12\xdf\x17\xaeN\x1e'
11E8E149-C94F-EF96-AF82-12DF17AE4E1E,2011-ncaa-d0-natl,ncaa,49,24,119,32,161,79,69,161,20,99,227,8,58,72,55,67,160,167,158,165,99,161,138,16,18,46,133,93,277,121,39,251,134,196,55,60,100,272,256,118,108,108,278,286,,,180,188,,,50,140,143,257,51,46,188,97,267,49,69,168,184,178,197,151,139,288,245,40,257,107,286,,168,,,41,140,151,93,251,254,193,287,18,36,18,37,217,168,336,171,170,100,177,196,228,132,27,9,250,77,134,18,39,21,55,42,19,48,29,18,209,199,45,76,,,120,126,,,50,206,39,94,38,122,137,62,238,176,10,26,214,156,162,59,131,61,12,14,36,46,204,38,,116,,,b'\x11\xe8\xe1I\xc9O\xef\x96\xaf\x82\x12\xdf\x17\xaeN\x1e'
11E8E149-C94F-EF96-AF82-12DF17AE4E1E,2011-ncaa-d1-conf-Sun Belt,ncaa,2,2,7,2,9,2,2,9,2,5,11,1,1,1,2,1,2,4,5,4,1,8,7,1,2,1,2,1,12,4,1,9,5,6,1,3,3,5,7,3,3,3,7,7,,,6,7,,,1,10,6,7,1,1,8,2,11,1,1,2,3,3,7,6,4,9,6,3,8,3,7,,7,,,1,3,4,1,7,5,2,9,1,1,1,3,8,7,11,7,6,1,2,5,6,5,2,1,9,1,5,1,1,1,1,3,6,6,2,5,8,9,3,6,,,8,5,,,1,4,1,5,1,5,5,3,6,5,1,3,8,7,7,3,6,4,1,1,4,3,9,4,,6,,,b'\x11\xe8\xe1I\xc9O\xef\x96\xaf\x82\x12\xdf\x17\xaeN\x1e'
11E8E149-C94F-EF96-AF82-12DF17AE4E1E,2011-ncaa-d1-natl,ncaa,54,23,132,33,184,88,80,185,20,115,258,9,63,76,59,68,171,181,157,176,99,188,162,16,19,48,132,91,273,138,41,273,140,223,58,63,104,263,256,121,124,114,282,287,,,163,192,,,55,168,147,260,53,47,194,105,269,51,70,170,187,185,200,159,143,291,249,41,260,116,290,,170,,,46,125,135,74,258,239,167,289,13,29,17,37,208,161,336,162,171,76,149,198,233,140,26,8,252,61,140,10,41,12,58,32,19,56,32,21,190,202,42,79,,,136,125,,,55,180,41,103,42,127,142,64,245,177,10,24,218,156,163,61,135,65,12,14,40,49,206,40,,118,,,b'\x11\xe8\xe1I\xc9O\xef\x96\xaf\x82\x12\xdf\x17\xaeN\x1e'
11E8E149-C94F-EF96-AF82-12DF17AE4E1E,2011-ncaa-d1-ncaatournament,ncaa,33,2,33,33,34,61,56,48,60,52,53,49,55,40,60,12,55,52,52,52,47,51,51,61,62,62,52,43,47,47,46,57,15,54,44,55,48,15,46,55,45,35,56,56,,,20,55,,,47,53,49,3,61,55,39,50,49,51,15,54,50,50,48,47,40,56,51,55,39,38,56,,43,,,50,4,3,3,54,11,7,56,1,2,2,4,11,14,29,14,45,2,5,38,39,15,7,2,44,4,15,23,46,14,44,2,1,35,2,2,22,52,18,39,,,47,42,,,47,9,62,6,50,8,11,4,34,13,1,2,31,35,35,3,5,7,54,31,2,4,47,34,,44,,,b'\x11\xe8\xe1I\xc9O\xef\x96\xaf\x82\x12\xdf\x17\xaeN\x1e'
11E8E149-C94F-EF96-AF82-12DF17AE4E1E,2012-ncaa-d0-natl,ncaa,18,17,48,19,57,62,60,85,54,113,226,22,21,19,112,29,192,96,336,99,47,79,66,32,58,76,72,39,313,63,71,236,273,151,177,53,113,253,175,106,32,44,240,251,,,240,184,,,36,79,210,137,86,84,157,162,299,30,28,253,144,149,159,164,101,317,247,67,174,50,264,,153,,,38,163,214,183,241,271,189,297,63,156,12,158,94,112,52,107,107,170,255,198,174,53,21,50,83,232,273,197,71,215,177,94,42,19,15,11,190,132,59,86,,,34,55,,,36,259,63,54,41,64,128,46,199,71,36,88,47,61,58,30,124,163,92,111,54,21,131,33,,61,,,b'\x11\xe8\xe1I\xc9O\xef\x96\xaf\x82\x12\xdf\x17\xaeN\x1e'
11E8E149-C94F-EF96-AF82-12DF17AE4E1E,2012-ncaa-d1-conf-Sun Belt,ncaa,1,1,1,1,1,1,1,1,1,3,6,1,1,1,2,2,2,1,12,1,1,1,1,1,1,1,2,2,8,1,5,9,9,6,8,1,2,5,2,1,1,1,6,7,,,8,5,,,1,1,5,1,1,1,2,4,10,1,1,3,1,1,2,4,4,11,9,1,2,1,8,,6,,,1,10,11,11,9,12,10,10,4,7,2,5,3,4,2,4,4,10,12,9,9,5,1,3,4,10,9,7,5,9,8,8,3,1,1,2,6,4,1,3,,,1,1,,,1,12,1,5,1,6,9,5,9,6,3,5,2,3,3,4,9,8,7,8,7,1,4,1,,2,,,b'\x11\xe8\xe1I\xc9O\xef\x96\xaf\x82\x12\xdf\x17\xaeN\x1e'
11E8E149-C94F-EF96-AF82-12DF17AE4E1E,2012-ncaa-d1-natl,ncaa,18,17,55,19,64,72,67,94,55,127,253,22,24,21,112,30,207,105,337,107,43,93,76,32,63,78,71,37,315,72,75,263,275,169,184,60,115,235,178,110,37,45,251,254,,,230,187,,,44,94,215,136,94,90,165,175,300,30,28,251,143,150,164,174,105,319,252,73,174,54,267,,158,,,44,144,204,154,247,255,166,303,56,140,12,153,80,102,54,100,109,140,237,202,180,65,22,51,84,215,275,175,75,191,184,76,42,23,16,13,174,133,50,88,,,39,49,,,44,241,65,65,44,69,132,48,206,70,36,88,49,67,62,33,123,167,95,115,55,21,132,34,,57,,,b'\x11\xe8\xe1I\xc9O\xef\x96\xaf\x82\x12\xdf\x17\xaeN\x1e'
11E8E149-C94F-EF96-AF82-12DF17AE4E1E,2012-ncaa-d1-ncaatournament,ncaa,33,2,33,33,34,59,55,38,60,55,45,62,44,45,46,20,58,52,57,51,52,41,40,58,63,60,30,13,56,27,1,59,60,37,27,49,39,15,32,49,55,53,40,20,,,15,48,,,44,64,64,5,59,54,8,54,32,23,17,58,51,49,20,20,1,59,13,44,35,53,23,,35,,,47,4,2,7,25,3,3,37,9,19,19,41,18,21,19,21,51,6,3,26,27,26,38,28,47,22,60,7,1,14,27,11,45,45,23,33,17,35,12,23,,,38,23,,,44,1,49,36,50,12,4,8,10,6,18,28,38,46,46,8,3,49,19,37,28,32,35,24,,17,,,b'\x11\xe8\xe1I\xc9O\xef\x96\xaf\x82\x12\xdf\x17\xaeN\x1e'
11E8E149-C94F-EF96-AF82-12DF17AE4E1E,2013-ncaa-d0-natl,ncaa,30,28,41,33,43,52,56,67,77,65,122,42,69,54,162,90,106,121,121,119,144,62,71,69,72,75,159,128,233,32,33,143,133,68,64,98,227,200,114,121,98,105,180,211,,,222,175,,,36,85,245,39,71,67,114,99,207,88,77,150,183,175,123,159,48,238,128,128,124,136,216,,141,,,36,169,219,199,215,266,237,242,58,109,39,88,106,122,68,118,85,187,244,167,143,72,23,44,107,173,133,156,33,166,64,183,135,46,51,76,175,110,173,145,,,40,71,,,36,249,41,70,40,65,122,62,197,135,32,53,63,75,71,51,100,99,65,65,119,80,125,135,,64,,,b'\x11\xe8\xe1I\xc9O\xef\x96\xaf\x82\x12\xdf\x17\xaeN\x1e'
11E8E149-C94F-EF96-AF82-12DF17AE4E1E,2013-ncaa-d1-conf-Sun Belt,ncaa,1,1,1,1,2,1,1,1,3,5,6,2,1,3,3,3,4,5,5,5,3,2,3,2,3,1,4,5,7,1,1,5,5,2,3,1,2,1,1,1,6,4,6,6,,,4,3,,,1,7,10,7,2,3,3,8,8,4,3,5,7,6,4,7,1,7,4,1,1,6,6,,4,,,1,3,3,6,3,4,6,4,4,6,3,5,3,3,4,3,3,5,6,2,2,2,5,5,4,8,5,4,1,6,3,5,8,3,2,3,3,2,6,5,,,1,3,,,1,4,1,2,1,2,2,2,3,3,4,4,3,3,3,2,4,6,3,3,4,5,2,6,,2,,,b'\x11\xe8\xe1I\xc9O\xef\x96\xaf\x82\x12\xdf\x17\xaeN\x1e'
11E8E149-C94F-EF96-AF82-12DF17AE4E1E,2013-ncaa-d1-natl,ncaa,32,28,49,33,51,59,63,77,78,73,135,42,73,61,164,89,118,130,121,127,142,74,83,70,73,74,153,129,231,36,34,157,137,79,64,104,231,184,115,122,115,111,195,216,,,209,179,,,37,102,248,38,71,69,120,104,209,87,77,150,182,175,131,162,51,243,131,137,124,138,219,,143,,,36,154,207,186,220,259,225,248,49,92,40,86,93,114,73,110,85,167,220,170,147,78,23,47,106,158,137,142,34,146,64,173,137,53,52,78,162,114,172,148,,,46,65,,,37,222,43,79,41,69,124,64,201,136,31,52,64,75,71,52,99,102,65,66,120,84,126,140,,65,,,b'\x11\xe8\xe1I\xc9O\xef\x96\xaf\x82\x12\xdf\x17\xaeN\x1e'
11E8E149-C94F-EF96-AF82-12DF17AE4E1E,2013-ncaa-d1-ncaatournament,ncaa,33,2,33,33,35,56,50,61,39,60,60,40,28,36,24,5,56,52,59,50,26,59,50,33,39,50,9,5,54,48,29,34,13,39,15,45,22,30,63,58,60,58,30,18,,,21,49,,,56,52,38,7,56,49,58,60,58,6,14,55,50,46,57,39,29,13,18,40,62,57,9,,47,,,58,21,26,23,51,27,24,58,2,12,3,12,15,25,2,20,39,25,14,42,33,52,3,4,22,11,13,6,29,4,15,25,47,63,62,62,43,64,9,45,,,43,28,,,56,18,54,50,58,51,57,39,58,52,2,14,27,49,43,49,23,16,27,19,57,62,64,16,,28,,,b'\x11\xe8\xe1I\xc9O\xef\x96\xaf\x82\x12\xdf\x17\xaeN\x1e'
11E8E149-C94F-EF96-AF82-12DF17AE4E1E,2014-ncaa-d0-natl,ncaa,8,5,28,9,49,94,120,91,205,161,214,74,86,40,299,71,49,16,328,14,5,60,71,179,190,163,74,114,73,20,38,80,160,38,72,138,175,184,97,151,70,76,298,320,,,149,82,,,26,102,293,270,187,242,237,252,300,125,66,92,31,26,162,206,31,189,76,222,86,117,322,,55,,,27,44,90,220,26,127,257,27,77,135,33,120,41,70,25,66,36,197,257,21,11,5,65,131,83,260,160,254,38,261,72,61,74,34,30,13,160,101,292,315,,,7,8,,,26,253,94,8,20,5,20,43,35,132,39,66,12,29,28,22,59,153,119,121,18,63,92,247,,5,,,b'\x11\xe8\xe1I\xc9O\xef\x96\xaf\x82\x12\xdf\x17\xaeN\x1e'
11E8E149-C94F-EF96-AF82-12DF17AE4E1E,2014-ncaa-d1-conf-C-USA,ncaa,1,1,2,1,4,5,9,7,9,11,14,4,3,2,12,3,2,1,15,1,1,5,5,9,9,6,2,5,2,1,2,8,6,3,4,10,8,2,2,5,4,5,13,13,,,1,2,,,1,11,16,15,11,12,16,14,16,5,3,3,1,1,9,16,2,12,4,12,2,7,13,,1,,,1,1,3,8,1,4,8,1,3,7,2,7,1,1,3,1,2,4,8,1,1,1,4,7,3,8,6,10,2,10,4,4,6,3,3,1,2,2,11,14,,,1,1,,,1,7,2,1,1,1,1,1,2,6,3,6,1,1,1,1,1,2,5,3,1,3,2,11,,1,,,b'\x11\xe8\xe1I\xc9O\xef\x96\xaf\x82\x12\xdf\x17\xaeN\x1e'
11E8E149-C94F-EF96-AF82-12DF17AE4E1E,2014-ncaa-d1-conf-CUSA,ncaa,1,1,2,1,4,5,9,7,9,11,14,4,3,2,12,3,2,1,15,1,1,5,5,9,9,6,2,5,2,1,2,8,6,3,4,10,8,2,2,5,4,5,13,13,,,1,2,,,1,11,16,15,11,12,16,14,16,5,3,3,1,1,9,16,2,12,4,12,2,7,13,,1,,,1,1,3,8,1,4,8,1,3,7,2,7,1,1,3,1,2,4,8,1,1,1,4,7,3,8,6,10,2,10,4,4,6,3,3,1,2,2,11,14,,,1,1,,,1,7,2,1,1,1,1,1,2,6,3,6,1,1,1,1,1,2,5,3,1,3,2,11,,1,,,b'\x11\xe8\xe1I\xc9O\xef\x96\xaf\x82\x12\xdf\x17\xaeN\x1e'
11E8E149-C94F-EF96-AF82-12DF17AE4E1E,2014-ncaa-d1-natl,ncaa,8,5,33,9,54,111,143,106,207,181,232,76,93,49,302,72,54,20,327,18,5,69,84,186,195,173,74,113,73,23,39,89,168,42,78,154,180,167,96,157,83,83,306,321,,,133,86,,,26,125,294,273,193,244,242,255,302,125,65,92,33,27,167,209,33,199,79,233,86,126,323,,56,,,28,31,79,199,27,116,243,30,66,121,35,118,32,60,26,57,36,173,241,23,13,5,65,127,85,245,168,234,39,244,78,51,75,41,34,15,148,101,289,318,,,7,8,,,26,235,98,8,20,6,20,43,36,133,40,67,12,30,28,22,60,154,122,123,19,66,92,249,,6,,,b'\x11\xe8\xe1I\xc9O\xef\x96\xaf\x82\x12\xdf\x17\xaeN\x1e'
11E8E149-C94F-EF96-AF82-12DF17AE4E1E,2014-ncaa-d1-ncaatournament,ncaa,33,2,33,33,34,64,63,45,63,56,43,60,62,55,63,32,56,52,61,52,56,47,51,64,64,64,58,48,38,37,27,38,38,36,38,63,62,12,24,63,41,16,47,32,,,11,46,,,50,61,61,3,64,63,25,55,28,60,36,55,49,49,37,48,7,32,20,63,18,25,43,,21,,,51,1,2,7,4,1,1,2,35,36,45,63,8,6,20,6,35,3,2,21,15,11,63,63,19,15,38,25,27,22,38,9,54,49,29,31,15,29,46,62,,,48,32,,,50,3,64,17,55,4,3,10,1,2,58,61,9,10,9,4,2,35,56,54,26,37,22,61,,37,,,b'\x11\xe8\xe1I\xc9O\xef\x96\xaf\x82\x12\xdf\x17\xaeN\x1e'
11E8E149-C94F-EF96-AF82-12DF17AE4E1E,2015-ncaa-d0-natl,ncaa,33,50,26,48,32,30,37,37,79,67,173,17,16,8,197,26,72,27,332,25,13,32,31,57,83,69,64,56,249,22,35,100,215,36,101,32,99,217,80,66,11,22,51,70,,,314,237,,,24,35,156,133,35,40,65,147,299,29,15,125,39,38,43,64,27,236,97,42,122,30,69,,232,,,24,227,193,255,106,241,291,94,92,106,120,51,296,278,267,271,203,270,310,84,117,52,123,68,283,281,215,294,35,301,101,97,44,22,36,15,183,75,297,291,,,18,83,,,24,309,33,51,26,75,65,59,118,162,34,35,227,204,195,66,179,168,148,165,34,38,107,240,,38,,,b'\x11\xe8\xe1I\xc9O\xef\x96\xaf\x82\x12\xdf\x17\xaeN\x1e'
11E8E149-C94F-EF96-AF82-12DF17AE4E1E,2015-ncaa-d1-conf-C-USA,ncaa,2,2,4,2,4,2,2,2,5,7,11,2,1,1,6,1,5,3,14,1,1,2,4,3,4,2,2,2,13,1,1,4,12,2,3,1,2,3,2,1,2,3,1,1,,,9,10,,,1,6,10,2,1,2,1,6,12,1,1,5,3,2,1,3,1,7,2,1,3,3,1,,10,,,1,4,4,6,3,6,9,3,3,4,3,4,8,6,9,6,6,6,9,3,3,1,3,4,10,11,12,6,1,9,3,2,4,2,2,2,4,3,9,12,,,5,5,,,1,9,2,1,1,2,3,4,6,9,2,3,7,7,5,3,7,11,6,8,2,2,3,8,,3,,,b'\x11\xe8\xe1I\xc9O\xef\x96\xaf\x82\x12\xdf\x17\xaeN\x1e'
11E8E149-C94F-EF96-AF82-12DF17AE4E1E,2015-ncaa-d1-conf-CUSA,ncaa,2,2,4,2,4,2,2,2,5,7,11,2,1,1,6,1,5,3,14,1,1,2,4,3,4,2,2,2,13,1,1,4,12,2,3,1,2,3,2,1,2,3,1,1,,,9,10,,,1,6,10,2,1,2,1,6,12,1,1,5,3,2,1,3,1,7,2,1,3,3,1,,10,,,1,4,4,6,3,6,9,3,3,4,3,4,8,6,9,6,6,6,9,3,3,1,3,4,10,11,12,6,1,9,3,2,4,2,2,2,4,3,9,12,,,5,5,,,1,9,2,1,1,2,3,4,6,9,2,3,7,7,5,3,7,11,6,8,2,2,3,8,,3,,,b'\x11\xe8\xe1I\xc9O\xef\x96\xaf\x82\x12\xdf\x17\xaeN\x1e'
11E8E149-C94F-EF96-AF82-12DF17AE4E1E,2015-ncaa-d1-natl,ncaa,36,50,30,50,37,34,40,39,82,87,197,17,16,8,199,24,89,30,333,28,14,35,35,60,84,72,62,56,244,26,38,124,221,44,110,36,100,203,84,67,15,25,57,72,,,307,243,,,25,41,161,126,37,42,70,154,300,33,16,124,43,42,46,69,29,247,108,48,127,32,71,,231,,,26,210,174,224,120,229,273,101,74,83,128,53,285,265,268,259,204,247,306,94,127,55,123,66,282,260,221,280,38,283,110,81,47,26,38,16,168,79,292,299,,,23,80,,,25,304,37,58,28,82,70,62,123,165,36,37,230,206,197,68,176,173,152,166,35,42,111,243,,36,,,b'\x11\xe8\xe1I\xc9O\xef\x96\xaf\x82\x12\xdf\x17\xaeN\x1e'
11E8E149-C94F-EF96-AF82-12DF17AE4E1E,2016-ncaa-d0-natl,ncaa,41,43,38,49,62,59,82,111,59,107,193,44,55,59,88,88,17,22,96,20,9,84,76,45,36,60,64,115,52,97,81,129,131,106,75,47,49,276,198,99,56,74,189,221,,,333,320,,,51,75,184,240,76,115,228,180,280,77,89,25,35,34,177,174,151,246,196,53,197,85,227,,294,,,54,222,190,183,187,224,240,165,96,83,185,49,306,320,115,313,281,218,261,157,193,125,142,67,302,169,131,126,81,131,75,91,58,50,60,41,161,109,250,264,,,14,24,,,51,275,48,109,57,113,95,44,153,136,55,32,257,274,268,66,121,86,44,43,47,63,107,196,,31,,,b'\x11\xe8\xe1I\xc9O\xef\x96\xaf\x82\x12\xdf\x17\xaeN\x1e'
11E8E149-C94F-EF96-AF82-12DF17AE4E1E,2016-ncaa-d1-conf-C-USA,ncaa,1,1,2,1,2,1,1,5,1,5,10,1,2,3,1,4,1,3,2,3,1,4,4,1,1,1,3,4,5,10,10,4,3,7,4,1,1,8,5,1,2,4,9,8,,,13,11,,,1,4,9,9,2,4,13,7,12,2,3,3,5,5,9,12,11,8,11,1,4,4,10,,10,,,1,6,7,7,5,5,10,5,4,5,5,5,9,10,5,10,9,6,11,6,6,2,6,4,11,2,3,6,10,3,4,2,4,2,3,2,2,3,11,12,,,2,3,,,1,11,1,2,1,3,1,1,4,5,3,1,9,9,9,4,4,2,1,1,2,3,2,9,,4,,,b'\x11\xe8\xe1I\xc9O\xef\x96\xaf\x82\x12\xdf\x17\xaeN\x1e'
11E8E149-C94F-EF96-AF82-12DF17AE4E1E,2016-ncaa-d1-conf-CUSA,ncaa,1,1,2,1,2,1,1,5,1,5,10,1,2,3,1,4,1,3,2,3,1,4,4,1,1,1,3,4,5,10,10,4,3,7,4,1,1,8,5,1,2,4,9,8,,,13,11,,,1,4,9,9,2,4,13,7,12,2,3,3,5,5,9,12,11,8,11,1,4,4,10,,10,,,1,6,7,7,5,5,10,5,4,5,5,5,9,10,5,10,9,6,11,6,6,2,6,4,11,2,3,6,10,3,4,2,4,2,3,2,2,3,11,12,,,2,3,,,1,11,1,2,1,3,1,1,4,5,3,1,9,9,9,4,4,2,1,1,2,3,2,9,,4,,,b'\x11\xe8\xe1I\xc9O\xef\x96\xaf\x82\x12\xdf\x17\xaeN\x1e'
11E8E149-C94F-EF96-AF82-12DF17AE4E1E,2016-ncaa-d1-natl,ncaa,47,43,51,49,81,72,100,141,66,135,227,47,64,74,91,87,28,32,95,27,7,110,94,55,40,63,59,112,48,115,87,155,138,131,82,51,54,254,200,102,69,79,205,224,,,327,320,,,61,95,188,238,78,129,236,192,285,79,90,25,35,32,185,181,160,253,212,55,197,89,228,,295,,,62,200,168,151,201,206,216,176,86,58,195,48,299,312,116,306,283,189,237,169,200,141,142,64,300,140,138,95,87,94,82,76,59,58,65,45,137,113,242,273,,,24,22,,,61,254,54,129,64,122,100,44,160,137,57,33,264,279,273,68,118,89,45,45,50,71,108,210,,33,,,b'\x11\xe8\xe1I\xc9O\xef\x96\xaf\x82\x12\xdf\x17\xaeN\x1e'
11E8E149-C94F-EF96-AF82-12DF17AE4E1E,2016-ncaa-d1-ncaatournament,ncaa,33,2,33,33,33,50,41,57,24,36,45,11,61,60,58,51,48,50,19,48,44,57,57,32,32,36,64,61,39,61,60,59,58,62,63,33,7,17,51,23,40,23,50,49,,,9,29,,,45,48,34,1,48,34,54,16,31,60,54,46,48,45,55,56,61,59,62,10,41,21,45,,25,,,50,12,15,7,50,13,16,41,13,5,58,6,14,12,25,11,32,7,17,50,50,38,16,22,32,18,58,10,60,15,63,15,31,33,5,13,27,59,7,20,,,44,10,,,45,12,48,43,49,36,40,9,42,34,19,5,30,32,31,11,39,41,35,41,38,3,54,16,,26,,,b'\x11\xe8\xe1I\xc9O\xef\x96\xaf\x82\x12\xdf\x17\xaeN\x1e'
11E8E149-C94F-EF96-AF82-12DF17AE4E1E,2017-ncaa-d0-natl,ncaa,41,75,24,72,39,42,63,124,29,112,214,29,29,50,20,80,23,59,19,55,22,99,95,15,12,24,39,78,95,223,216,127,125,170,147,32,41,235,183,68,111,153,213,242,,,333,319,,,67,60,241,268,73,121,299,203,320,55,103,51,106,101,273,291,297,287,317,45,132,171,255,,278,,,76,293,267,223,278,262,229,255,224,194,266,149,291,296,144,302,268,248,282,279,280,211,184,158,225,166,125,137,216,142,147,280,232,55,72,148,183,132,223,249,,,10,6,,,67,294,35,187,65,141,130,38,151,62,141,87,211,217,226,49,69,63,32,29,176,116,97,161,,18,,,b'\x11\xe8\xe1I\xc9O\xef\x96\xaf\x82\x12\xdf\x17\xaeN\x1e'
11E8E149-C94F-EF96-AF82-12DF17AE4E1E,2017-ncaa-d1-conf-C-USA,ncaa,2,2,3,2,7,3,5,9,1,8,12,1,1,2,3,2,4,7,1,7,1,8,10,1,1,1,1,4,7,11,10,5,1,10,4,2,1,4,5,3,5,5,8,8,,,9,12,,,2,6,9,10,3,6,10,8,13,1,2,4,5,5,10,13,12,8,10,2,3,5,9,,9,,,2,2,3,3,4,2,4,5,5,6,7,7,10,9,9,10,9,3,5,5,4,4,9,7,11,2,1,5,10,2,4,3,7,4,4,3,3,6,4,10,,,1,1,,,2,9,2,1,2,2,3,4,2,4,4,4,9,9,9,3,3,1,5,1,2,4,2,3,,1,,,b'\x11\xe8\xe1I\xc9O\xef\x96\xaf\x82\x12\xdf\x17\xaeN\x1e'
11E8E149-C94F-EF96-AF82-12DF17AE4E1E,2017-ncaa-d1-conf-CUSA,ncaa,2,2,3,2,7,3,5,9,1,8,12,1,1,2,3,2,4,7,1,7,1,8,10,1,1,1,1,4,7,11,10,5,1,10,4,2,1,4,5,3,5,5,8,8,,,9,12,,,2,6,9,10,3,6,10,8,13,1,2,4,5,5,10,13,12,8,10,2,3,5,9,,9,,,2,2,3,3,4,2,4,5,5,6,7,7,10,9,9,10,9,3,5,5,4,4,9,7,11,2,1,5,10,2,4,3,7,4,4,3,3,6,4,10,,,1,1,,,2,9,2,1,2,2,3,4,2,4,4,4,9,9,9,3,3,1,5,1,2,4,2,3,,1,,,b'\x11\xe8\xe1I\xc9O\xef\x96\xaf\x82\x12\xdf\x17\xaeN\x1e'
11E8E149-C94F-EF96-AF82-12DF17AE4E1E,2017-ncaa-d1-natl,ncaa,54,75,27,75,48,51,77,153,31,134,247,34,35,64,21,80,30,68,19,60,20,127,122,16,12,25,36,73,92,253,225,156,137,207,161,35,45,218,191,73,134,163,228,244,,,328,320,,,80,80,244,270,80,129,305,215,323,56,102,51,112,103,280,294,300,293,323,49,134,180,257,,282,,,84,281,254,185,287,246,203,268,207,167,278,142,272,280,150,288,267,218,261,286,284,223,184,156,228,133,137,112,225,103,161,273,238,70,81,158,160,137,220,255,,,14,5,,,80,274,37,199,74,147,133,38,158,65,141,87,212,222,227,49,68,66,33,32,185,122,95,161,,19,,,b'\x11\xe8\xe1I\xc9O\xef\x96\xaf\x82\x12\xdf\x17\xaeN\x1e'
11E8E149-C94F-EF96-AF82-12DF17AE4E1E,2018-ncaa-d0-natl,ncaa,118,112,117,121,154,247,314,319,259,342,342,227,87,78,149,31,86,82,137,81,1,299,280,167,128,216,3,42,18,223,147,257,58,256,92,275,140,276,310,297,150,85,242,194,,,319,349,,,141,286,339,273,302,341,349,348,348,88,79,79,96,97,343,336,240,307,307,309,254,156,250,,317,,,141,30,8,14,66,16,20,107,29,58,31,132,330,319,280,317,342,24,37,62,148,106,308,60,348,14,58,52,147,21,92,74,319,166,87,88,136,205,241,347,,,24,1,,,141,59,208,73,143,21,3,2,9,6,26,48,324,308,306,7,5,8,38,16,67,182,123,228,,11,,,b'\x11\xe8\xe1I\xc9O\xef\x96\xaf\x82\x12\xdf\x17\xaeN\x1e'
11E8E149-C94F-EF96-AF82-12DF17AE4E1E,2018-ncaa-d1-conf-C-USA,ncaa,4,3,7,4,10,12,14,14,14,14,14,9,4,4,11,3,7,7,8,7,1,13,13,9,8,11,1,3,1,10,5,13,4,13,9,14,10,7,10,14,4,3,12,9,,,10,14,,,6,14,13,7,13,14,13,14,13,5,3,5,7,7,13,13,8,12,13,14,8,4,12,,12,,,6,1,1,1,6,2,1,9,1,1,1,3,9,9,8,9,12,1,1,5,8,4,8,1,13,1,4,3,5,1,9,1,12,6,4,4,3,5,8,14,,,6,1,,,6,1,9,3,6,2,1,1,2,1,1,2,11,11,11,1,1,1,6,2,1,6,3,11,,3,,,b'\x11\xe8\xe1I\xc9O\xef\x96\xaf\x82\x12\xdf\x17\xaeN\x1e'
11E8E149-C94F-EF96-AF82-12DF17AE4E1E,2018-ncaa-d1-conf-CUSA,ncaa,4,3,7,4,10,12,14,14,14,14,14,9,4,4,11,3,7,7,8,7,1,13,13,9,8,11,1,3,1,10,5,13,4,13,9,14,10,7,10,14,4,3,12,9,,,10,14,,,6,14,13,7,13,14,13,14,13,5,3,5,7,7,13,13,8,12,13,14,8,4,12,,12,,,6,1,1,1,6,2,1,9,1,1,1,3,9,9,8,9,12,1,1,5,8,4,8,1,13,1,4,3,5,1,9,1,12,6,4,4,3,5,8,14,,,6,1,,,6,1,9,3,6,2,1,1,2,1,1,2,11,11,11,1,1,1,6,2,1,6,3,11,,3,,,b'\x11\xe8\xe1I\xc9O\xef\x96\xaf\x82\x12\xdf\x17\xaeN\x1e'
11E8E149-C94F-EF96-AF82-12DF17AE4E1E,2018-ncaa-d1-natl,ncaa,134,111,144,127,198,283,334,342,267,348,347,238,95,92,152,31,102,110,137,109,1,325,319,182,133,226,3,42,15,253,155,296,63,289,106,308,142,244,312,304,172,96,255,200,,,307,349,,,160,334,339,273,306,344,349,348,348,88,81,81,99,101,347,336,248,312,314,318,254,167,255,,318,,,160,14,5,4,74,9,8,123,23,43,35,130,321,306,283,304,342,6,11,69,159,114,307,58,348,7,63,26,155,7,106,57,322,192,90,100,116,207,230,347,,,33,1,,,160,15,219,82,158,22,4,3,9,8,25,49,324,311,309,7,5,8,38,18,70,192,127,229,,12,,,b'\x11\xe8\xe1I\xc9O\xef\x96\xaf\x82\x12\xdf\x17\xaeN\x1e'
11E8E149-C94F-EF96-AF82-12DF17AE4E1E,2019-ncaa-d0-natl,ncaa,54,73,26,70,36,84,82,127,41,118,229,30,57,60,102,63,166,166,165,180,129,130,168,41,48,46,105,85,268,114,73,153,83,129,65,164,298,61,76,110,89,67,193,155,,,342,345,,,48,193,350,226,157,151,311,220,320,92,103,251,258,272,318,341,199,299,276,252,24,161,225,,274,,,54,122,60,55,153,55,65,126,133,105,232,146,327,336,36,336,346,110,129,163,202,170,316,166,341,62,83,80,73,63,65,55,126,133,96,60,11,19,153,197,,,94,72,,,48,161,29,141,42,19,9,1,16,4,69,32,274,304,302,4,2,17,13,4,21,232,5,86,,215,,,b'\x11\xe8\xe1I\xc9O\xef\x96\xaf\x82\x12\xdf\x17\xaeN\x1e'
11E8E149-C94F-EF96-AF82-12DF17AE4E1E,2019-ncaa-d1-conf-C-USA,ncaa,2,3,1,3,1,4,4,3,4,7,8,4,3,4,7,5,3,5,5,5,4,3,4,4,4,4,5,4,7,3,3,6,3,5,3,6,11,3,3,4,2,2,3,2,,,14,14,,,2,9,14,7,7,7,12,10,11,3,5,5,7,7,11,13,5,13,12,11,2,3,5,,11,,,2,3,3,2,5,3,3,5,5,2,11,4,14,14,10,14,14,2,3,5,6,7,13,5,14,2,3,3,3,3,3,4,5,6,6,2,2,2,13,14,,,8,7,,,2,4,2,6,2,2,2,1,2,1,2,1,14,14,14,1,1,1,2,2,3,9,1,12,,9,,,b'\x11\xe8\xe1I\xc9O\xef\x96\xaf\x82\x12\xdf\x17\xaeN\x1e'
11E8E149-C94F-EF96-AF82-12DF17AE4E1E,2019-ncaa-d1-conf-CUSA,ncaa,2,3,1,3,1,4,4,3,4,7,8,4,3,4,7,5,3,5,5,5,4,3,4,4,4,4,5,4,7,3,3,6,3,5,3,6,11,3,3,4,2,2,3,2,,,14,14,,,2,9,14,7,7,7,12,10,11,3,5,5,7,7,11,13,5,13,12,11,2,3,5,,11,,,2,3,3,2,5,3,3,5,5,2,11,4,14,14,10,14,14,2,3,5,6,7,13,5,14,2,3,3,3,3,3,4,5,6,6,2,2,2,13,14,,,8,7,,,2,4,2,6,2,2,2,1,2,1,2,1,14,14,14,1,1,1,2,2,3,9,1,12,,9,,,b'\x11\xe8\xe1I\xc9O\xef\x96\xaf\x82\x12\xdf\x17\xaeN\x1e'
11E8E149-C94F-EF96-AF82-12DF17AE4E1E,2019-ncaa-d1-natl,ncaa,61,73,40,77,54,105,101,172,47,148,265,33,71,80,105,62,194,205,161,215,129,179,223,46,48,47,103,87,267,143,81,199,89,170,68,194,302,44,79,114,117,73,204,163,,,323,347,,,61,250,350,223,171,165,317,232,324,91,104,255,263,273,319,341,211,305,290,264,23,172,229,,274,,,66,82,31,21,171,38,36,140,106,77,248,137,313,331,40,331,346,57,81,184,222,187,314,164,339,49,89,46,81,29,68,47,129,168,101,73,7,20,140,204,,,129,72,,,61,102,36,158,51,22,9,1,17,4,70,30,276,305,304,4,2,18,13,5,23,244,5,97,,223,,,b'\x11\xe8\xe1I\xc9O\xef\x96\xaf\x82\x12\xdf\x17\xaeN\x1e'
11E8E149-C94F-EF96-AF82-12DF17AE4E1E,2020-ncaa-d0-natl,ncaa,52,55,87,60,112,60,82,82,112,156,247,56,41,22,165,49,97,31,322,28,16,54,69,85,104,98,60,69,185,91,134,106,166,89,151,166,282,165,105,162,96,118,210,243,,,233,177,,,71,74,75,123,57,82,81,172,274,44,25,105,36,34,47,69,106,122,89,188,149,106,215,,212,,,72,193,248,235,198,285,266,241,88,126,48,95,107,174,12,176,129,233,261,163,121,100,22,67,90,228,166,264,134,255,151,146,83,86,116,88,155,96,176,214,,,11,25,,,71,266,82,103,84,168,235,217,279,260,84,116,101,162,166,214,260,212,229,235,122,93,143,166,,14,,,b'\x11\xe8\xe1I\xc9O\xef\x96\xaf\x82\x12\xdf\x17\xaeN\x1e'
11E8E149-C94F-EF96-AF82-12DF17AE4E1E,2020-ncaa-d1-conf-C-USA,ncaa,4,4,9,4,11,2,3,3,6,7,9,4,3,3,10,4,8,3,8,2,4,3,4,5,5,4,5,5,9,8,9,5,11,6,9,5,8,5,3,3,4,6,7,9,,,6,5,,,5,4,2,5,2,3,1,7,8,3,2,5,3,2,1,2,8,4,2,4,7,3,6,,10,,,5,7,6,10,7,9,11,7,5,6,4,5,7,6,8,6,4,8,10,6,7,3,5,6,6,11,11,8,9,11,9,9,10,5,6,8,4,4,10,11,,,3,4,,,5,11,5,4,5,10,9,13,12,13,7,7,7,7,7,13,13,11,11,12,10,4,7,10,,2,,,b'\x11\xe8\xe1I\xc9O\xef\x96\xaf\x82\x12\xdf\x17\xaeN\x1e'
11E8E149-C94F-EF96-AF82-12DF17AE4E1E,2020-ncaa-d1-conf-CUSA,ncaa,4,4,9,4,11,2,3,3,6,7,9,4,3,3,10,4,8,3,8,2,4,3,4,5,5,4,5,5,9,8,9,5,11,6,9,5,8,5,3,3,4,6,7,9,,,6,5,,,5,4,2,5,2,3,1,7,8,3,2,5,3,2,1,2,8,4,2,4,7,3,6,,10,,,5,7,6,10,7,9,11,7,5,6,4,5,7,6,8,6,4,8,10,6,7,3,5,6,6,11,11,8,9,11,9,9,10,5,6,8,4,4,10,11,,,3,4,,,5,11,5,4,5,10,9,13,12,13,7,7,7,7,7,13,13,11,11,12,10,4,7,10,,2,,,b'\x11\xe8\xe1I\xc9O\xef\x96\xaf\x82\x12\xdf\x17\xaeN\x1e'
11E8E149-C94F-EF96-AF82-12DF17AE4E1E,2020-ncaa-d1-natl,ncaa,60,55,128,62,168,73,95,110,115,184,271,59,50,29,172,49,113,39,323,37,17,75,104,91,109,102,59,66,180,115,146,138,175,112,166,197,285,141,106,169,121,127,219,247,,,206,186,,,86,106,78,110,58,86,84,185,275,47,26,104,37,33,53,74,111,127,97,199,147,118,219,,217,,,85,163,234,207,211,276,245,247,76,108,52,91,99,162,14,163,129,193,224,176,130,113,23,66,90,207,175,234,146,225,166,133,84,109,123,98,134,99,165,223,,,16,23,,,86,231,88,115,95,175,250,220,289,261,80,113,106,170,175,218,260,213,236,242,133,104,145,175,,15,,,b'\x11\xe8\xe1I\xc9O\xef\x96\xaf\x82\x12\xdf\x17\xaeN\x1e'
11E8E149-C94F-EF96-AF82-12DF17AE4E1E,2021-ncaa-d0-natl,ncaa,44,83,59,64,70,43,63,36,177,127,175,61,14,6,190,8,41,25,270,25,6,34,57,110,112,53,16,23,158,59,215,70,255,64,268,109,280,77,7,58,122,225,103,167,,,251,108,,,95,60,82,178,35,78,30,229,303,12,2,58,25,26,18,79,102,132,97,185,10,196,155,,170,,,103,294,298,300,211,293,259,275,294,319,103,288,222,248,61,249,171,293,287,218,183,228,175,222,86,321,255,327,215,327,268,290,145,103,234,230,51,5,158,154,,,43,95,,,95,282,38,252,111,265,274,284,251,181,269,309,139,182,185,285,278,286,323,321,227,193,4,83,,65,,,b'\x11\xe8\xe1I\xc9O\xef\x96\xaf\x82\x12\xdf\x17\xaeN\x1e'
11E8E149-C94F-EF96-AF82-12DF17AE4E1E,2021-ncaa-d1-conf-C-USA,ncaa,1,2,3,2,3,2,3,2,8,6,11,2,1,1,9,1,2,2,6,1,1,2,4,5,5,3,1,1,5,6,13,3,12,3,13,6,11,3,1,2,2,5,4,5,,,8,6,,,3,3,5,10,2,5,3,12,14,1,1,2,2,2,3,9,10,6,10,10,1,5,7,,6,,,3,12,12,13,8,11,8,8,13,14,6,12,6,7,4,7,7,13,13,8,8,7,9,11,6,14,12,13,13,13,13,11,9,4,8,7,1,1,7,8,,,3,5,,,3,12,2,7,5,6,8,7,8,6,11,13,4,4,4,7,8,9,13,12,9,9,1,4,,6,,,b'\x11\xe8\xe1I\xc9O\xef\x96\xaf\x82\x12\xdf\x17\xaeN\x1e'
11E8E149-C94F-EF96-AF82-12DF17AE4E1E,2021-ncaa-d1-conf-CUSA,ncaa,1,2,3,2,3,2,3,2,8,6,11,2,1,1,9,1,2,2,6,1,1,2,4,5,5,3,1,1,5,6,13,3,12,3,13,6,11,3,1,2,2,5,4,5,,,8,6,,,3,3,5,10,2,5,3,12,14,1,1,2,2,2,3,9,10,6,10,10,1,5,7,,6,,,3,12,12,13,8,11,8,8,13,14,6,12,6,7,4,7,7,13,13,8,8,7,9,11,6,14,12,13,13,13,13,11,9,4,8,7,1,1,7,8,,,3,5,,,3,12,2,7,5,6,8,7,8,6,11,13,4,4,4,7,8,9,13,12,9,9,1,4,,6,,,b'\x11\xe8\xe1I\xc9O\xef\x96\xaf\x82\x12\xdf\x17\xaeN\x1e'
11E8E149-C94F-EF96-AF82-12DF17AE4E1E,2021-ncaa-d1-natl,ncaa,46,82,70,65,84,48,72,44,185,142,192,66,16,7,190,8,49,28,269,28,7,40,69,110,114,56,16,23,153,68,219,86,263,74,276,121,283,73,7,59,138,232,109,168,,,240,109,,,102,71,83,174,40,84,33,237,303,12,3,60,28,27,20,84,106,142,104,197,10,204,158,,171,,,113,292,296,296,220,289,248,280,288,314,102,284,214,243,60,243,176,289,278,228,195,239,171,222,84,316,263,324,219,324,276,285,145,120,243,240,49,5,148,155,,,52,93,,,102,268,42,260,122,270,277,286,254,186,269,308,144,185,187,288,276,290,325,322,231,199,4,85,,69,,,b'\x11\xe8\xe1I\xc9O\xef\x96\xaf\x82\x12\xdf\x17\xaeN\x1e'
11E8E149-C94F-EF96-AF82-12DF17AE4E1E,2021-ncaa-d1-ncaatournament,ncaa,33,2,33,33,34,41,43,35,49,51,53,47,26,30,38,4,55,59,7,59,60,39,39,41,44,44,12,4,59,53,56,63,64,64,64,42,35,14,28,36,42,40,61,61,,,16,28,,,54,36,6,7,32,32,6,48,51,4,3,55,59,59,14,13,44,63,64,28,33,25,61,,43,,,56,26,26,20,55,34,27,59,1,4,2,3,31,30,46,28,48,23,31,49,53,46,2,1,52,33,64,30,56,31,64,16,15,32,6,12,11,27,35,60,,,45,41,,,54,25,48,53,55,58,57,47,62,58,1,6,57,58,56,51,63,60,62,63,43,2,25,54,,33,,,b'\x11\xe8\xe1I\xc9O\xef\x96\xaf\x82\x12\xdf\x17\xaeN\x1e'
11E8E149-C94F-EF96-AF82-12DF17AE4E1E,2022-ncaa-d0-natl,ncaa,13,35,8,30,8,28,37,19,131,163,218,67,3,2,67,3,151,188,68,188,146,27,36,50,60,44,7,3,324,99,240,37,75,43,170,72,232,188,55,92,25,47,48,64,,,352,313,,,27,27,271,23,87,108,113,312,347,4,3,282,303,300,168,244,222,160,196,175,38,76,87,,275,,,31,273,219,283,80,247,276,102,135,230,34,119,339,340,195,341,296,308,329,57,97,47,201,82,325,225,75,347,240,342,170,161,99,17,49,25,156,54,15,19,,,68,229,,,27,332,50,36,27,45,22,32,62,80,38,68,254,268,276,49,98,74,245,160,30,74,41,3,,252,,,b'\x11\xe8\xe1I\xc9O\xef\x96\xaf\x82\x12\xdf\x17\xaeN\x1e'
11E8E149-C94F-EF96-AF82-12DF17AE4E1E,2022-ncaa-d1-conf-C-USA,ncaa,2,2,3,2,3,1,2,2,4,11,14,1,1,1,1,1,12,13,2,13,8,5,11,1,1,1,1,1,14,12,12,5,1,7,5,1,6,2,1,1,4,2,2,2,,,11,10,,,1,8,10,9,1,1,2,12,14,1,1,12,14,14,8,11,12,5,11,2,1,5,2,,8,,,1,5,3,5,4,4,5,5,3,5,5,7,10,10,13,10,11,5,5,2,3,3,8,5,12,1,1,10,12,4,5,5,4,4,4,3,2,3,1,1,,,12,12,,,1,8,1,3,1,3,4,2,4,5,3,5,8,6,6,2,2,1,10,2,4,7,2,1,,13,,,b'\x11\xe8\xe1I\xc9O\xef\x96\xaf\x82\x12\xdf\x17\xaeN\x1e'
11E8E149-C94F-EF96-AF82-12DF17AE4E1E,2022-ncaa-d1-conf-CUSA,ncaa,2,2,3,2,3,1,2,2,4,11,14,1,1,1,1,1,12,13,2,13,8,5,11,1,1,1,1,1,14,12,12,5,1,7,5,1,6,2,1,1,4,2,2,2,,,11,10,,,1,8,10,9,1,1,2,12,14,1,1,12,14,14,8,11,12,5,11,2,1,5,2,,8,,,1,5,3,5,4,4,5,5,3,5,5,7,10,10,13,10,11,5,5,2,3,3,8,5,12,1,1,10,12,4,5,5,4,4,4,3,2,3,1,1,,,12,12,,,1,8,1,3,1,3,4,2,4,5,3,5,8,6,6,2,2,1,10,2,4,7,2,1,,13,,,b'\x11\xe8\xe1I\xc9O\xef\x96\xaf\x82\x12\xdf\x17\xaeN\x1e'
11E8E149-C94F-EF96-AF82-12DF17AE4E1E,2022-ncaa-d1-natl,ncaa,16,35,9,30,9,34,43,24,143,193,253,72,4,2,65,4,173,218,68,214,143,32,44,59,65,49,8,4,324,119,251,43,83,52,184,85,238,159,56,98,29,57,52,66,,,347,320,,,29,30,277,19,99,126,124,323,348,6,4,283,304,299,180,256,234,174,210,188,37,87,95,,279,,,35,253,194,268,90,225,269,112,123,204,43,118,333,334,207,337,299,297,325,69,104,56,198,80,324,203,83,345,251,337,184,147,103,23,56,31,137,56,10,21,,,90,228,,,29,330,56,47,30,51,29,32,67,86,40,68,262,274,281,52,91,73,248,167,32,85,40,2,,257,,,b'\x11\xe8\xe1I\xc9O\xef\x96\xaf\x82\x12\xdf\x17\xaeN\x1e'
11E8E149-C94F-EF96-AF82-12DF17AE4E1E,2023-ncaa-d0-natl,ncaa,15,6,46,10,64,43,72,97,68,131,255,14,31,17,148,29,12,33,14,35,8,79,110,43,22,11,28,80,52,124,159,63,61,82,83,118,239,28,11,48,71,74,57,33,,,289,276,,,12,109,271,261,42,96,195,203,333,41,28,12,44,47,133,265,181,94,125,163,6,106,65,,210,,,10,122,59,182,28,38,157,19,214,220,176,218,277,262,258,251,268,199,242,36,67,34,332,263,310,147,61,225,159,200,83,131,234,62,56,41,22,11,131,190,,,21,10,,,12,256,10,31,8,24,10,39,7,48,143,140,221,202,187,38,65,72,103,76,50,105,9,86,,33,,,b'\x11\xe8\xe1I\xc9O\xef\x96\xaf\x82\x12\xdf\x17\xaeN\x1e'
11E8E149-C94F-EF96-AF82-12DF17AE4E1E,2023-ncaa-d1-conf-C-USA,ncaa,1,1,1,1,1,1,1,3,2,5,10,1,2,2,6,2,1,2,2,3,2,2,4,1,1,1,2,2,5,5,7,2,1,2,2,5,6,1,1,1,3,5,2,2,,,3,2,,,1,4,10,6,1,1,4,8,10,2,2,1,5,5,3,10,7,3,2,6,1,6,2,,2,,,1,1,1,6,1,2,5,1,4,7,3,6,3,3,8,3,3,5,7,1,1,1,9,8,8,3,1,9,7,7,2,2,10,2,3,2,2,2,3,5,,,4,4,,,1,8,1,1,1,1,1,2,2,4,3,5,2,2,2,1,1,2,7,1,1,4,2,2,,4,,,b'\x11\xe8\xe1I\xc9O\xef\x96\xaf\x82\x12\xdf\x17\xaeN\x1e'
11E8E149-C94F-EF96-AF82-12DF17AE4E1E,2023-ncaa-d1-conf-CUSA,ncaa,1,1,1,1,1,1,1,3,2,5,10,1,2,2,6,2,1,2,2,3,2,2,4,1,1,1,2,2,5,5,7,2,1,2,2,5,6,1,1,1,3,5,2,2,,,3,2,,,1,4,10,6,1,1,4,8,10,2,2,1,5,5,3,10,7,3,2,6,1,6,2,,2,,,1,1,1,6,1,2,5,1,4,7,3,6,3,3,8,3,3,5,7,1,1,1,9,8,8,3,1,9,7,7,2,2,10,2,3,2,2,2,3,5,,,4,4,,,1,8,1,1,1,1,1,2,2,4,3,5,2,2,2,1,1,2,7,1,1,4,2,2,,4,,,b'\x11\xe8\xe1I\xc9O\xef\x96\xaf\x82\x12\xdf\x17\xaeN\x1e'
11E8E149-C94F-EF96-AF82-12DF17AE4E1E,2023-ncaa-d1-natl,ncaa,15,6,56,10,78,48,85,117,76,164,286,17,34,23,149,30,14,38,13,38,8,93,138,46,22,11,27,81,46,148,168,75,71,103,93,140,246,16,12,52,90,86,61,38,,,274,281,,,12,139,279,254,44,104,211,214,331,43,31,12,46,48,144,277,195,100,142,173,6,123,68,,216,,,10,80,43,136,32,30,115,20,201,196,188,216,266,246,260,238,271,153,210,42,70,45,333,260,314,116,71,191,168,166,93,111,232,80,66,47,13,11,121,199,,,25,9,,,12,229,10,37,8,29,12,41,7,50,149,143,230,208,196,44,63,76,109,82,56,114,9,93,,32,,,b'\x11\xe8\xe1I\xc9O\xef\x96\xaf\x82\x12\xdf\x17\xaeN\x1e'
11E8E149-C94F-EF96-AF82-12DF17AE4E1E,2023-ncaa-d1-ncaatournament,ncaa,36,2,36,36,38,51,39,43,38,35,48,8,50,43,59,14,60,62,8,62,64,47,62,45,48,36,64,48,62,52,50,57,50,58,58,58,64,2,4,25,35,15,35,10,,,1,1,,,51,61,36,7,47,22,16,13,36,44,15,60,62,62,29,58,43,55,57,55,2,11,14,,1,,,54,24,22,16,54,7,6,43,45,38,65,65,8,4,67,4,15,9,14,60,59,55,61,66,9,17,50,19,50,17,58,29,59,38,14,42,6,14,29,55,,,49,20,,,51,18,39,56,52,58,57,43,17,12,67,65,13,7,7,27,39,39,51,49,59,10,9,53,,30,,,b'\x11\xe8\xe1I\xc9O\xef\x96\xaf\x82\x12\xdf\x17\xaeN\x1e'
11E8E149-C94F-EF96-AF82-12DF17AE4E1E,2024-ncaa-d0-natl,ncaa,8,7,13,8,22,35,56,67,67,129,213,38,12,13,46,27,39,69,36,72,43,62,90,32,26,19,19,36,159,123,177,25,103,33,76,90,213,41,18,44,139,191,14,9,,,216,108,,,10,84,326,249,64,107,221,241,335,20,29,87,145,150,210,317,218,51,100,146,8,222,18,,70,,,12,144,139,306,5,93,273,4,268,312,84,269,98,114,92,113,63,290,288,7,7,15,277,311,111,287,103,263,177,283,76,109,118,150,218,111,43,22,145,187,,,46,48,,,10,279,16,23,9,9,12,145,10,102,171,220,30,37,38,90,51,181,80,99,32,269,14,73,,142,,,b'\x11\xe8\xe1I\xc9O\xef\x96\xaf\x82\x12\xdf\x17\xaeN\x1e'
11E8E149-C94F-EF96-AF82-12DF17AE4E1E,2024-ncaa-d1-conf-CUSA,ncaa,1,1,1,1,1,1,1,2,1,3,8,1,1,1,1,1,2,4,1,4,2,1,5,1,1,1,1,1,7,7,4,1,2,2,2,2,5,1,1,1,3,3,1,1,,,2,1,,,1,5,9,6,1,1,6,5,9,1,1,3,5,5,5,9,7,1,2,2,1,6,1,,1,,,1,1,1,7,1,2,7,1,3,7,1,7,1,1,2,1,1,7,5,1,1,1,4,7,2,4,2,4,4,4,2,2,4,7,7,5,1,1,4,4,,,5,7,,,1,5,1,1,1,1,1,5,1,4,2,6,1,1,1,5,1,4,2,3,1,8,1,3,,7,,,b'\x11\xe8\xe1I\xc9O\xef\x96\xaf\x82\x12\xdf\x17\xaeN\x1e'
11E8E149-C94F-EF96-AF82-12DF17AE4E1E,2024-ncaa-d1-natl,ncaa,9,7,16,8,28,47,71,85,69,159,256,44,14,17,48,28,51,84,37,87,40,79,120,36,29,19,17,33,155,157,193,29,110,48,87,108,227,23,19,48,171,212,14,9,,,180,113,,,12,110,328,247,77,117,232,259,338,20,32,86,149,154,223,325,233,57,116,167,8,242,18,,77,,,13,106,113,293,6,63,253,6,254,302,95,266,84,103,101,102,68,273,265,11,8,22,277,311,112,275,110,234,193,262,87,86,124,183,233,133,33,24,131,200,,,58,43,,,12,256,17,34,11,12,16,149,15,109,176,223,33,38,39,92,49,185,83,109,33,282,15,78,,140,,,b'\x11\xe8\xe1I\xc9O\xef\x96\xaf\x82\x12\xdf\x17\xaeN\x1e'
11E8E149-C94F-EF96-AF82-12DF17AE4E1E,2024-ncaa-d1-ncaatournament,ncaa,17,3,17,17,19,31,33,30,48,37,35,44,20,16,37,6,20,19,46,19,4,26,26,43,42,43,2,10,12,27,42,21,38,25,42,37,60,43,40,60,45,62,14,16,,,52,58,,,58,23,24,5,42,54,50,65,63,15,7,15,11,9,42,38,41,14,25,60,33,60,10,,59,,,48,51,45,45,30,47,50,21,36,33,42,9,56,56,38,57,47,48,47,29,30,41,32,13,54,47,38,52,42,52,42,43,30,31,60,45,32,26,29,37,,,20,8,,,58,47,42,44,44,51,37,47,47,60,19,14,56,56,58,60,53,47,53,53,31,54,20,18,,9,,,b'\x11\xe8\xe1I\xc9O\xef\x96\xaf\x82\x12\xdf\x17\xaeN\x1e'
11E8E149-C94F-EF96-AF82-12DF17AE4E1E,2025-ncaa-d0-natl,genius_ncaa,29,53,19,50,24,90,106,93,155,117,129,124,118,98,193,147,44,50,104,48,64,79,94,147,125,99,121,175,86,186,257,27,141,50,166,159,251,94,63,129,116,156,6,1,,,182,87,,81,37,85,323,246,180,214,282,230,271,188,171,94,122,123,263,326,278,65,163,246,34,189,4,,61,,37,40,60,31,287,1,7,199,1,294,330,62,332,152,122,258,122,133,276,288,2,1,2,357,350,238,313,141,308,257,321,166,36,111,76,111,25,175,140,79,59,,,38,46,,55,37,275,110,4,36,2,2,92,1,34,207,286,59,53,49,53,61,213,145,175,6,158,86,31,,127,,98,b'\x11\xe8\xe1I\xc9O\xef\x96\xaf\x82\x12\xdf\x17\xaeN\x1e'
11E8E149-C94F-EF96-AF82-12DF17AE4E1E,2025-ncaa-d1-conf-CUSA,genius_ncaa,2,2,1,2,1,3,3,4,4,4,5,4,4,4,4,4,5,5,5,5,5,5,6,3,4,3,5,4,7,8,7,2,2,2,4,3,8,2,2,2,4,4,1,1,,,1,1,,3,1,6,10,7,5,4,7,8,8,4,4,6,6,6,7,10,9,2,3,4,1,5,1,,1,,1,1,1,1,7,1,1,6,1,4,9,1,7,1,1,9,1,1,6,5,1,1,1,10,10,6,10,2,7,7,9,4,1,3,4,6,1,3,3,1,1,,,6,6,,4,1,5,3,1,1,1,1,5,1,3,4,5,1,1,1,1,1,9,4,6,1,6,3,1,,7,,5,b'\x11\xe8\xe1I\xc9O\xef\x96\xaf\x82\x12\xdf\x17\xaeN\x1e'
11E8E149-C94F-EF96-AF82-12DF17AE4E1E,2025-ncaa-d1-natl,genius_ncaa,34,53,25,51,35,107,126,120,167,136,156,139,130,111,195,150,53,63,102,60,59,98,123,157,133,105,116,174,81,217,270,32,144,69,180,179,255,83,64,140,132,171,6,1,,,159,92,,75,42,107,323,242,196,233,293,244,280,193,175,97,125,125,274,328,287,72,178,266,34,204,4,,62,,39,45,45,23,270,1,5,163,1,289,326,71,331,140,108,265,108,134,256,272,2,2,2,357,350,238,298,144,289,270,311,180,26,113,90,119,32,157,143,70,64,,,51,41,,59,42,253,114,4,40,2,2,94,1,33,213,285,61,55,52,56,60,220,152,179,6,168,88,34,,125,,96,b'\x11\xe8\xe1I\xc9O\xef\x96\xaf\x82\x12\xdf\x17\xaeN\x1e'
11E8E149-C94F-EF96-AF82-12DF17AE4E1E,2026-ncaa-d0-natl,genius_ncaa,163,198,116,199,142,218,240,260,197,235,248,204,229,239,179,214,96,112,131,111,30,237,209,198,156,243,98,206,31,264,266,160,224,204,204,295,329,316,335,343,240,275,183,186,,,210,237,,281,227,193,289,97,284,321,359,307,328,254,282,91,101,100,351,327,316,205,288,344,310,284,212,,188,,281,223,171,166,184,141,165,161,177,196,234,109,238,175,198,69,199,217,181,176,150,135,147,186,205,166,243,224,144,266,181,204,211,231,172,177,188,273,292,339,347,,,43,2,,17,227,167,262,160,229,111,122,137,123,95,156,219,138,165,171,125,97,224,78,125,173,192,265,328,,19,,17,b'\x11\xe8\xe1I\xc9O\xef\x96\xaf\x82\x12\xdf\x17\xaeN\x1e'
11E8E149-C94F-EF96-AF82-12DF17AE4E1E,2026-ncaa-d1-natl,genius_ncaa,203,195,177,216,197,298,320,335,229,312,321,234,275,289,195,213,129,148,127,147,25,315,290,228,192,271,87,202,23,326,293,243,245,296,246,346,342,286,346,355,307,304,225,203,,,168,254,,265,268,266,298,100,315,344,362,330,337,268,290,94,116,113,355,336,337,234,323,354,316,313,225,,203,,288,270,124,132,123,181,124,107,211,150,190,130,238,130,153,83,152,221,120,109,186,165,193,186,203,156,205,245,86,293,120,246,171,235,246,216,237,228,314,327,356,,,69,1,,19,268,95,290,206,275,145,163,144,149,104,175,226,148,175,184,139,93,234,82,138,204,231,275,336,,19,,11,b'\x11\xe8\xe1I\xc9O\xef\x96\xaf\x82\x12\xdf\x17\xaeN\x1e'
11E8E149-C954-57CA-AF82-12DF17AE4E1E,2010-ncaa-d0-natl,ncaa,219,251,122,243,167,191,178,238,92,164,218,83,183,193,136,153,234,268,91,272,255,248,204,96,103,177,210,175,246,222,149,136,171,174,115,74,16,279,294,138,339,343,249,256,,,64,56,,,229,193,246,283,230,193,286,178,249,182,207,263,298,301,302,263,250,133,197,50,262,342,254,,53,,,227,197,250,252,175,213,168,259,266,297,75,306,34,50,59,50,58,215,162,185,138,232,148,270,23,216,171,57,149,98,115,317,307,303,324,336,313,315,81,110,,,183,143,,,229,150,192,247,228,179,247,270,200,139,266,306,32,48,47,218,115,212,39,74,320,322,299,78,,209,,,b'\x11\xe8\xe1I\xc9TW\xca\xaf\x82\x12\xdf\x17\xaeN\x1e'
11E8E149-C954-57CA-AF82-12DF17AE4E1E,2010-ncaa-d1-conf-Horizon,ncaa,7,7,3,7,6,6,6,5,8,7,5,8,7,7,6,7,4,4,8,4,5,4,3,8,8,8,6,6,5,2,3,4,9,3,6,4,2,9,8,7,10,10,5,6,,,4,4,,,9,3,3,8,7,7,9,7,4,7,6,4,4,4,7,3,2,6,3,4,8,10,4,,4,,,9,8,8,10,4,9,8,8,6,8,1,8,5,4,5,4,4,9,8,3,3,7,2,4,4,10,9,4,3,7,6,9,7,7,9,9,10,9,6,5,,,3,1,,,9,8,7,7,9,7,9,9,9,9,5,9,3,3,3,9,9,10,6,7,9,9,9,6,,1,,,b'\x11\xe8\xe1I\xc9TW\xca\xaf\x82\x12\xdf\x17\xaeN\x1e'
11E8E149-C954-57CA-AF82-12DF17AE4E1E,2010-ncaa-d1-natl,ncaa,228,251,134,245,181,206,189,253,96,178,234,88,191,205,139,153,246,279,90,285,258,271,228,97,105,176,208,174,244,240,153,148,177,188,120,79,17,271,296,146,342,343,252,259,,,53,57,,,234,218,247,285,234,202,288,185,252,184,209,264,295,302,303,264,253,137,204,52,262,342,257,,53,,,232,181,245,244,175,206,150,262,257,293,81,305,32,44,62,45,59,204,140,192,142,240,145,268,23,196,177,38,153,78,120,313,306,321,328,336,308,319,76,113,,,196,143,,,234,125,194,256,231,182,253,272,204,142,267,308,33,48,48,223,113,215,40,76,321,323,301,79,,210,,,b'\x11\xe8\xe1I\xc9TW\xca\xaf\x82\x12\xdf\x17\xaeN\x1e'
11E8E149-C954-57CA-AF82-12DF17AE4E1E,2011-ncaa-d0-natl,ncaa,208,226,170,222,194,149,190,236,127,259,296,163,52,90,20,50,112,203,2,199,79,237,213,74,51,90,16,35,117,279,241,113,43,196,83,133,79,232,269,187,301,305,219,215,,,56,64,,,228,184,149,113,119,184,243,272,296,28,70,87,197,192,249,210,279,71,187,127,253,305,218,,60,,,229,267,285,241,278,220,127,297,326,311,250,314,117,106,207,103,137,215,130,301,293,333,228,297,59,63,43,75,241,51,83,324,307,316,333,336,288,307,176,269,,,171,114,,,228,167,125,316,225,302,305,284,240,154,331,331,136,127,123,262,155,72,89,68,328,331,294,196,,132,,,b'\x11\xe8\xe1I\xc9TW\xca\xaf\x82\x12\xdf\x17\xaeN\x1e'
11E8E149-C954-57CA-AF82-12DF17AE4E1E,2011-ncaa-d1-conf-Horizon,ncaa,5,5,7,5,7,5,7,10,5,8,9,6,2,8,1,6,3,5,2,5,2,8,7,2,2,3,1,3,2,8,5,4,2,3,2,5,5,10,10,8,10,10,3,4,,,3,4,,,6,7,3,1,3,6,8,7,7,1,7,3,5,4,6,4,6,2,2,5,10,10,3,,4,,,7,8,10,8,8,10,9,7,6,6,6,4,7,8,6,8,5,8,5,7,8,9,4,4,6,4,2,1,5,1,2,8,5,10,10,10,9,9,8,8,,,3,1,,,6,4,3,9,6,10,10,8,10,10,6,7,9,10,10,9,7,5,3,3,9,10,10,8,,1,,,b'\x11\xe8\xe1I\xc9TW\xca\xaf\x82\x12\xdf\x17\xaeN\x1e'
11E8E149-C954-57CA-AF82-12DF17AE4E1E,2011-ncaa-d1-natl,ncaa,226,223,199,229,224,169,215,258,132,280,309,171,60,101,20,52,120,219,2,214,79,264,246,78,50,96,16,35,114,290,244,137,42,223,88,153,80,219,270,196,310,312,231,218,,,41,64,,,233,217,153,107,126,189,246,279,298,31,71,88,201,196,254,216,284,71,197,131,253,308,223,,61,,,235,254,273,221,279,205,110,301,322,303,249,313,107,91,209,89,135,193,94,302,295,337,228,294,58,43,42,55,244,32,88,323,307,328,335,339,281,308,162,273,,,190,111,,,233,134,129,320,232,306,308,287,247,160,331,329,135,128,125,262,153,73,94,68,330,331,297,196,,133,,,b'\x11\xe8\xe1I\xc9TW\xca\xaf\x82\x12\xdf\x17\xaeN\x1e'
11E8E149-C954-57CA-AF82-12DF17AE4E1E,2012-ncaa-d0-natl,ncaa,266,278,163,274,198,239,241,266,185,268,309,110,130,101,243,53,247,185,310,184,39,261,260,161,178,202,78,73,190,292,303,280,127,304,271,224,135,151,239,217,248,234,261,233,,,123,208,,,282,233,223,189,253,257,286,285,316,116,80,244,179,178,275,269,299,292,319,223,180,252,258,,137,,,279,209,196,72,320,141,43,322,299,235,322,292,166,140,253,139,262,70,74,331,328,318,282,296,130,40,127,177,303,109,271,294,315,196,138,282,259,302,59,174,,,109,16,,,282,112,240,293,283,242,226,73,169,31,309,244,186,161,160,79,75,38,216,134,297,188,274,69,,71,,,b'\x11\xe8\xe1I\xc9TW\xca\xaf\x82\x12\xdf\x17\xaeN\x1e'
11E8E149-C954-57CA-AF82-12DF17AE4E1E,2012-ncaa-d1-conf-Horizon,ncaa,9,8,7,9,8,9,9,9,7,7,7,8,9,8,7,5,10,6,10,7,6,9,9,7,7,8,6,6,6,6,6,10,8,9,7,8,6,7,9,9,9,7,6,6,,,2,6,,,9,9,7,4,9,8,9,6,7,9,7,8,5,6,9,8,4,10,9,8,8,8,6,,4,,,9,5,6,3,9,7,7,7,6,3,10,3,4,3,5,3,5,2,2,9,9,9,4,6,3,4,8,4,6,2,7,6,8,6,5,7,9,10,10,9,,,4,2,,,9,2,8,8,9,6,7,4,7,8,7,3,5,5,5,5,5,7,6,5,8,6,10,10,,2,,,b'\x11\xe8\xe1I\xc9TW\xca\xaf\x82\x12\xdf\x17\xaeN\x1e'
11E8E149-C954-57CA-AF82-12DF17AE4E1E,2012-ncaa-d1-natl,ncaa,273,277,196,278,238,260,265,291,189,292,317,115,136,111,242,53,263,196,308,196,37,286,292,163,185,210,76,72,187,309,305,300,135,318,281,245,138,131,238,227,264,240,268,237,,,98,214,,,287,264,227,180,258,267,291,293,317,114,81,245,183,180,278,274,301,292,321,231,186,261,260,,139,,,287,194,190,46,323,127,28,324,293,221,327,291,153,126,255,125,263,45,51,332,331,324,281,295,130,29,135,154,305,79,281,287,314,222,145,287,248,304,50,180,,,126,14,,,287,79,248,298,291,246,233,77,174,33,310,245,191,167,167,84,75,37,221,137,299,197,270,70,,68,,,b'\x11\xe8\xe1I\xc9TW\xca\xaf\x82\x12\xdf\x17\xaeN\x1e'
11E8E149-C954-57CA-AF82-12DF17AE4E1E,2013-ncaa-d0-natl,ncaa,273,265,251,277,265,163,154,152,159,287,307,190,12,20,27,14,335,337,209,337,315,203,242,70,106,94,21,5,344,205,197,283,235,260,248,170,190,61,115,117,338,338,320,322,,,171,232,,,291,241,141,99,98,90,51,272,288,4,8,333,331,332,125,161,153,249,213,123,122,330,317,,242,,,291,309,307,183,336,299,166,340,237,201,274,214,245,197,309,186,194,181,109,336,339,345,118,156,145,137,235,164,197,152,248,251,114,318,328,332,139,183,257,328,,,289,286,,,291,113,97,345,285,338,337,301,330,257,278,249,273,249,244,298,208,193,255,247,294,303,188,288,,258,,,b'\x11\xe8\xe1I\xc9TW\xca\xaf\x82\x12\xdf\x17\xaeN\x1e'
11E8E149-C954-57CA-AF82-12DF17AE4E1E,2013-ncaa-d1-conf-Horizon,ncaa,7,6,6,7,9,8,6,4,8,7,7,8,2,3,2,2,9,9,8,9,9,9,9,5,7,7,3,1,9,1,2,8,8,7,4,7,4,6,7,6,9,9,7,7,,,7,7,,,8,9,7,6,7,6,2,7,5,1,3,9,9,9,5,5,1,8,5,6,7,9,7,,7,,,8,5,6,4,8,9,7,8,3,2,7,2,8,6,9,5,5,4,1,8,8,8,2,2,6,6,8,4,2,4,4,3,1,7,6,6,7,7,9,9,,,9,9,,,8,1,4,9,8,7,8,4,9,7,3,2,8,7,6,6,4,6,4,5,4,7,7,9,,9,,,b'\x11\xe8\xe1I\xc9TW\xca\xaf\x82\x12\xdf\x17\xaeN\x1e'
11E8E149-C954-57CA-AF82-12DF17AE4E1E,2013-ncaa-d1-natl,ncaa,281,265,292,282,303,177,165,174,164,305,315,195,13,21,26,14,338,338,209,338,315,228,265,71,109,98,20,4,344,224,201,304,241,284,254,183,196,51,116,119,341,339,322,322,,,153,236,,,297,268,143,95,100,93,54,280,288,4,7,334,332,333,134,164,154,255,221,130,122,333,320,,244,,,301,303,305,168,337,297,134,341,230,192,276,214,234,184,309,174,195,163,81,337,340,345,118,156,144,121,241,147,201,127,254,238,116,329,330,332,133,184,251,330,,,301,284,,,297,86,99,345,295,338,339,304,331,260,278,249,276,250,245,301,208,199,259,251,297,305,187,288,,256,,,b'\x11\xe8\xe1I\xc9TW\xca\xaf\x82\x12\xdf\x17\xaeN\x1e'
11E8E149-C954-57CA-AF82-12DF17AE4E1E,2014-ncaa-d0-natl,ncaa,288,298,180,294,239,160,173,187,164,276,304,100,37,33,104,24,260,198,316,195,58,189,213,84,126,108,36,22,293,288,317,144,260,222,301,185,190,77,101,127,338,344,327,334,,,276,282,,,298,174,84,270,125,152,136,278,309,22,29,256,192,193,145,190,286,89,199,172,102,336,329,,312,,,292,318,309,269,267,303,204,325,212,289,27,249,291,299,156,295,272,291,216,252,263,329,138,126,214,283,260,279,317,294,301,183,41,340,347,326,94,137,180,297,,,135,77,,,298,181,157,334,285,335,325,328,321,258,231,321,305,309,308,336,287,310,309,321,214,340,129,203,,93,,,b'\x11\xe8\xe1I\xc9TW\xca\xaf\x82\x12\xdf\x17\xaeN\x1e'
11E8E149-C954-57CA-AF82-12DF17AE4E1E,2014-ncaa-d1-conf-Horizon,ncaa,7,7,6,7,6,8,8,8,7,9,9,6,4,5,4,3,8,7,8,7,3,8,7,6,6,6,3,3,7,8,9,6,9,7,9,8,7,4,5,7,7,7,9,9,,,8,8,,,8,8,4,3,6,7,6,8,7,4,3,7,7,7,6,5,8,4,6,7,6,7,9,,9,,,8,6,5,6,3,8,6,7,1,4,1,4,9,9,8,9,7,7,6,3,4,6,2,1,9,9,9,6,9,7,9,2,1,9,9,6,4,5,5,7,,,5,2,,,8,4,7,7,7,8,7,7,9,7,1,5,9,9,9,9,7,9,6,8,2,9,5,6,,3,,,b'\x11\xe8\xe1I\xc9TW\xca\xaf\x82\x12\xdf\x17\xaeN\x1e'
11E8E149-C954-57CA-AF82-12DF17AE4E1E,2014-ncaa-d1-natl,ncaa,293,298,211,299,288,178,196,209,168,289,314,102,42,40,104,24,271,222,319,219,58,218,246,85,129,114,35,23,293,298,320,175,266,244,305,207,192,64,103,129,341,346,329,336,,,261,281,,,300,203,88,273,131,158,140,280,310,24,30,257,193,194,149,191,287,92,204,182,99,339,330,,313,,,301,312,298,252,277,297,186,327,202,283,29,247,282,294,157,289,274,281,184,266,274,331,136,119,217,277,266,265,320,285,305,168,42,342,347,327,84,139,172,301,,,156,74,,,300,153,167,337,293,336,327,328,323,264,233,322,306,312,310,337,284,312,312,323,217,340,128,212,,94,,,b'\x11\xe8\xe1I\xc9TW\xca\xaf\x82\x12\xdf\x17\xaeN\x1e'
11E8E149-C954-57CA-AF82-12DF17AE4E1E,2015-ncaa-d0-natl,ncaa,253,267,172,262,211,149,161,140,201,223,260,121,63,42,208,41,210,227,155,225,132,155,178,144,158,136,66,59,248,196,227,267,151,255,251,191,216,95,106,150,207,209,341,339,,,222,259,,,263,178,122,187,129,144,100,232,276,56,30,212,235,228,121,158,199,280,274,176,119,209,341,,244,,,263,300,288,143,342,234,65,345,316,298,297,319,198,195,190,187,255,142,148,346,345,341,253,290,109,60,151,227,227,158,251,311,272,187,177,284,112,126,75,139,,,119,86,,,263,176,140,329,264,319,311,168,272,59,320,313,203,202,196,177,166,67,258,189,323,177,137,75,,76,,,b'\x11\xe8\xe1I\xc9TW\xca\xaf\x82\x12\xdf\x17\xaeN\x1e'
11E8E149-C954-57CA-AF82-12DF17AE4E1E,2015-ncaa-d1-conf-Horizon,ncaa,6,8,3,8,4,5,3,4,5,4,6,5,7,5,7,5,5,6,7,6,5,6,5,5,6,6,6,6,7,4,3,8,7,7,5,7,6,7,7,7,7,7,8,9,,,6,7,,,8,5,5,4,6,6,4,5,6,7,5,5,6,6,5,6,4,9,7,7,7,7,9,,5,,,8,9,9,5,9,9,6,9,7,4,9,3,5,6,3,6,5,5,7,9,9,8,4,3,3,3,7,6,3,4,5,8,4,6,4,7,8,6,6,6,,,5,5,,,8,7,6,8,8,7,8,3,7,4,7,2,4,5,5,3,4,3,4,4,8,5,7,6,,5,,,b'\x11\xe8\xe1I\xc9TW\xca\xaf\x82\x12\xdf\x17\xaeN\x1e'
11E8E149-C954-57CA-AF82-12DF17AE4E1E,2015-ncaa-d1-natl,ncaa,266,267,209,271,248,182,191,176,212,253,297,128,78,53,206,41,232,249,148,245,130,198,224,153,164,143,63,57,243,222,232,301,156,293,260,212,226,82,109,156,231,222,342,339,,,204,269,,,276,222,127,174,137,153,106,246,282,58,33,215,236,228,129,164,203,288,281,180,124,220,341,,249,,,277,284,277,108,343,222,43,345,311,286,301,315,185,172,195,162,256,106,105,346,345,342,252,287,110,43,156,205,232,125,260,304,273,213,186,289,104,131,67,144,,,141,82,,,276,133,150,333,277,321,314,171,278,61,322,312,209,203,198,179,163,69,261,196,323,187,139,78,,76,,,b'\x11\xe8\xe1I\xc9TW\xca\xaf\x82\x12\xdf\x17\xaeN\x1e'
11E8E149-C954-57CA-AF82-12DF17AE4E1E,2016-ncaa-d0-natl,ncaa,100,111,76,111,95,101,108,93,157,152,164,140,72,64,144,87,107,143,50,143,139,94,84,125,115,146,98,106,172,89,96,64,106,62,66,132,189,282,217,196,233,278,162,174,,,314,290,,,151,87,134,229,115,132,144,195,230,85,78,125,188,191,151,117,114,76,69,170,238,275,186,,287,,,151,266,236,268,125,151,186,142,310,322,218,302,233,273,50,271,257,279,256,172,154,200,309,305,188,213,106,182,96,193,66,249,226,198,255,243,298,245,313,306,,,59,93,,,151,257,134,193,155,212,184,222,106,104,295,307,205,239,240,233,195,156,110,114,204,254,255,306,,74,,,b'\x11\xe8\xe1I\xc9TW\xca\xaf\x82\x12\xdf\x17\xaeN\x1e'
11E8E149-C954-57CA-AF82-12DF17AE4E1E,2016-ncaa-d1-conf-Horizon,ncaa,3,2,3,3,4,5,4,6,4,4,4,6,8,9,5,8,5,5,3,5,7,5,5,6,4,6,6,8,4,5,3,5,8,4,4,9,9,7,7,7,7,7,4,4,,,9,9,,,4,4,7,6,5,5,8,5,4,8,8,5,5,5,7,5,5,5,6,9,7,6,5,,9,,,4,3,3,4,2,3,5,2,7,7,7,8,6,7,1,7,8,4,6,3,3,3,8,8,7,7,8,3,3,3,4,6,9,5,4,5,7,6,10,7,,,5,4,,,4,6,5,3,4,3,3,4,2,4,6,7,5,6,6,4,5,7,2,3,5,6,7,10,,5,,,b'\x11\xe8\xe1I\xc9TW\xca\xaf\x82\x12\xdf\x17\xaeN\x1e'
11E8E149-C954-57CA-AF82-12DF17AE4E1E,2016-ncaa-d1-natl,ncaa,114,111,99,122,118,119,134,118,163,177,199,147,88,77,149,86,126,161,50,159,140,121,108,135,123,150,94,103,165,104,101,79,110,76,70,158,196,264,218,206,261,292,178,182,,,303,294,,,167,111,138,223,125,148,149,203,237,86,78,127,187,188,158,121,118,79,75,181,240,282,192,,285,,,167,247,217,246,141,137,151,155,307,310,228,300,218,258,51,257,261,251,230,184,166,213,309,301,184,186,110,151,101,162,70,237,225,230,267,253,283,248,309,309,,,74,89,,,167,232,143,203,173,222,194,223,116,108,295,307,208,240,242,236,194,158,114,119,212,259,259,306,,68,,,b'\x11\xe8\xe1I\xc9TW\xca\xaf\x82\x12\xdf\x17\xaeN\x1e'
11E8E149-C954-57CA-AF82-12DF17AE4E1E,2017-ncaa-d0-natl,ncaa,57,97,24,88,27,31,35,43,48,57,112,35,31,34,73,83,57,110,8,110,156,46,38,41,27,44,100,108,200,81,80,44,14,41,18,38,122,284,165,98,161,217,224,257,,,224,124,,,80,36,153,142,40,53,136,108,234,58,71,93,199,202,141,146,149,89,99,61,180,229,261,,101,,,86,325,330,295,298,308,274,267,317,272,325,221,153,174,132,180,100,294,292,312,291,287,166,266,53,41,14,174,80,91,18,280,117,118,193,202,273,171,260,216,,,24,65,,,80,315,40,216,83,225,256,164,215,139,269,195,82,86,92,127,98,12,46,19,176,214,179,193,,63,,,b'\x11\xe8\xe1I\xc9TW\xca\xaf\x82\x12\xdf\x17\xaeN\x1e'
11E8E149-C954-57CA-AF82-12DF17AE4E1E,2017-ncaa-d1-conf-Horizon,ncaa,4,5,3,5,5,3,3,6,3,6,6,3,4,5,2,5,2,8,1,9,8,6,7,3,2,3,4,5,5,6,6,4,2,6,2,3,3,7,7,4,5,5,9,9,,,6,7,,,5,5,7,6,3,3,5,5,5,5,6,5,8,8,6,5,6,5,6,3,6,5,9,,4,,,5,7,9,4,10,5,4,8,9,5,10,7,4,4,2,4,3,4,3,10,10,10,7,9,1,2,2,3,6,2,2,8,6,5,5,6,6,6,3,6,,,3,2,,,5,6,2,7,5,7,9,4,5,2,10,5,3,3,4,4,3,2,3,2,8,5,6,3,,2,,,b'\x11\xe8\xe1I\xc9TW\xca\xaf\x82\x12\xdf\x17\xaeN\x1e'
11E8E149-C954-57CA-AF82-12DF17AE4E1E,2017-ncaa-d1-natl,ncaa,69,97,27,92,33,34,40,55,52,65,138,40,38,44,75,81,63,128,8,128,154,59,49,45,31,47,96,106,195,103,87,49,15,46,21,43,126,266,168,103,187,225,238,259,,,204,128,,,94,44,156,143,45,56,142,112,236,61,71,94,208,209,150,149,153,94,113,69,184,236,264,,105,,,95,322,327,289,309,302,261,281,311,258,332,219,139,151,136,157,101,284,271,322,298,300,161,267,55,31,15,136,87,64,21,273,120,152,198,210,256,172,250,224,,,32,65,,,94,309,44,229,91,231,270,165,230,143,272,195,83,91,95,127,98,12,49,21,185,224,182,199,,63,,,b'\x11\xe8\xe1I\xc9TW\xca\xaf\x82\x12\xdf\x17\xaeN\x1e'
11E8E149-C954-57CA-AF82-12DF17AE4E1E,2018-ncaa-d0-natl,ncaa,72,94,43,89,59,99,114,181,52,130,238,34,103,106,133,97,75,142,11,144,71,176,102,56,45,101,112,142,107,186,108,34,14,54,15,86,81,343,319,229,194,224,76,83,,,241,203,,,96,82,255,160,156,180,317,197,307,137,149,120,190,191,311,261,257,32,101,118,306,243,107,,150,,,101,182,194,275,55,122,212,53,300,315,173,303,76,119,33,112,106,267,235,77,55,115,278,318,69,93,14,45,108,44,15,225,216,225,266,243,326,294,198,245,,,73,98,,,96,267,120,82,100,71,89,163,44,79,259,287,37,66,57,126,66,31,12,9,145,290,272,156,,154,,,b'\x11\xe8\xe1I\xc9TW\xca\xaf\x82\x12\xdf\x17\xaeN\x1e'
11E8E149-C954-57CA-AF82-12DF17AE4E1E,2018-ncaa-d1-conf-Horizon,ncaa,5,4,7,5,7,7,7,10,3,7,8,3,6,7,5,3,5,7,1,7,6,10,10,4,2,5,6,5,3,7,5,2,2,4,2,4,2,6,7,6,8,8,5,3,,,2,5,,,4,10,7,3,6,6,8,7,8,6,5,5,7,7,9,7,7,1,4,2,7,8,4,,4,,,4,3,2,4,2,2,2,3,7,7,5,9,1,2,6,2,3,3,1,4,4,5,8,9,1,2,2,2,5,2,2,3,5,9,8,8,4,5,3,5,,,9,7,,,4,1,4,4,4,4,3,6,2,3,8,9,3,3,3,5,3,3,2,3,5,9,4,3,,8,,,b'\x11\xe8\xe1I\xc9TW\xca\xaf\x82\x12\xdf\x17\xaeN\x1e'
11E8E149-C954-57CA-AF82-12DF17AE4E1E,2018-ncaa-d1-natl,ncaa,84,94,53,92,75,111,136,223,56,154,263,35,111,117,136,95,95,159,9,164,70,218,139,56,45,107,108,142,106,226,120,37,15,62,16,100,83,339,320,235,214,226,90,86,,,216,213,,,108,111,258,161,165,192,320,211,313,141,151,123,193,192,317,267,258,35,108,126,310,252,106,,154,,,111,152,163,264,60,94,175,58,289,307,175,302,61,94,37,89,108,248,203,86,63,126,274,316,70,71,15,23,120,19,16,213,220,250,270,250,312,302,188,251,,,98,91,,,108,238,130,92,111,75,99,168,51,83,263,286,39,70,63,126,65,37,12,10,158,295,273,167,,160,,,b'\x11\xe8\xe1I\xc9TW\xca\xaf\x82\x12\xdf\x17\xaeN\x1e'
11E8E149-C954-57CA-AF82-12DF17AE4E1E,2019-ncaa-d0-natl,ncaa,163,152,173,165,195,209,178,214,147,247,274,144,79,95,85,54,330,326,260,327,302,248,278,105,143,132,90,36,339,301,304,88,15,171,110,122,64,56,132,82,232,194,18,4,,,249,328,,,124,255,286,99,200,159,203,263,284,65,71,335,327,328,260,306,307,42,149,95,90,224,9,,276,,,121,52,24,97,27,7,56,9,266,217,301,272,190,193,174,177,260,99,61,56,74,125,347,330,275,20,15,177,304,83,110,46,161,299,263,179,28,65,171,239,,,297,280,,,124,82,168,84,120,63,23,80,9,45,284,233,216,218,201,87,48,24,209,104,56,293,43,181,,313,,,b'\x11\xe8\xe1I\xc9TW\xca\xaf\x82\x12\xdf\x17\xaeN\x1e'
11E8E149-C954-57CA-AF82-12DF17AE4E1E,2019-ncaa-d1-conf-Horizon,ncaa,5,5,5,5,5,5,5,6,3,6,7,4,4,4,4,4,10,10,8,10,10,7,7,3,5,4,6,3,10,8,8,5,5,7,6,4,5,3,3,4,4,3,1,1,,,8,10,,,5,7,8,2,5,4,4,5,6,2,3,10,10,10,5,7,7,3,6,4,4,4,1,,9,,,5,3,2,1,3,2,2,1,6,5,10,6,8,8,8,7,9,1,2,3,5,4,9,8,9,3,5,4,8,4,6,2,4,7,5,2,2,3,4,4,,,9,9,,,5,3,5,4,5,3,2,2,2,2,7,5,8,8,8,3,4,4,5,5,3,8,3,5,,9,,,b'\x11\xe8\xe1I\xc9TW\xca\xaf\x82\x12\xdf\x17\xaeN\x1e'
11E8E149-C954-57CA-AF82-12DF17AE4E1E,2019-ncaa-d1-natl,ncaa,182,152,233,177,255,248,226,261,160,280,298,154,89,108,84,53,336,335,260,337,304,285,318,109,151,139,89,35,338,315,309,108,15,218,128,145,64,41,136,83,261,208,20,5,,,224,327,,,142,304,289,92,214,181,214,270,287,66,74,338,328,329,272,308,309,44,164,105,94,237,10,,275,,,140,29,12,55,30,3,27,9,252,188,307,274,170,172,180,156,262,50,23,61,81,145,347,327,273,13,15,140,309,48,128,32,163,315,269,192,22,67,160,248,,,318,277,,,142,39,181,104,141,73,25,83,11,47,288,234,219,220,208,93,44,24,216,108,64,297,48,192,,313,,,b'\x11\xe8\xe1I\xc9TW\xca\xaf\x82\x12\xdf\x17\xaeN\x1e'
11E8E149-C954-57CA-AF82-12DF17AE4E1E,2020-ncaa-d0-natl,ncaa,182,195,87,189,169,224,236,255,189,280,309,113,114,85,224,47,241,279,50,277,143,265,237,144,139,209,69,76,189,289,275,100,15,187,110,148,62,282,303,227,237,227,339,339,,,155,206,,,248,197,218,273,253,270,317,302,327,121,90,252,297,296,322,296,298,111,226,163,265,251,340,,154,,,246,203,241,205,240,229,163,272,223,242,150,258,80,44,339,42,55,160,117,241,243,278,131,210,62,22,15,157,275,77,110,180,122,264,256,250,167,192,176,275,,,206,144,,,248,173,242,216,241,178,227,173,210,142,207,223,79,38,39,122,59,13,132,50,160,277,152,166,,221,,,b'\x11\xe8\xe1I\xc9TW\xca\xaf\x82\x12\xdf\x17\xaeN\x1e'
11E8E149-C954-57CA-AF82-12DF17AE4E1E,2020-ncaa-d1-conf-Horizon,ncaa,5,5,3,5,4,7,7,8,3,8,10,3,3,4,2,2,7,9,2,9,5,8,7,2,2,5,2,1,7,7,5,5,4,6,5,6,4,8,8,7,8,7,9,9,,,3,4,,,6,7,8,5,8,7,10,8,10,4,4,7,9,9,10,9,8,3,6,5,8,8,9,,3,,,6,5,5,7,6,6,5,7,5,5,5,6,2,2,8,2,2,4,4,6,6,6,5,6,2,3,4,3,5,2,5,4,3,9,8,5,5,8,4,5,,,6,5,,,6,5,6,6,6,5,5,5,5,6,5,5,2,2,2,4,3,3,3,2,4,10,6,4,,8,,,b'\x11\xe8\xe1I\xc9TW\xca\xaf\x82\x12\xdf\x17\xaeN\x1e'
11E8E149-C954-57CA-AF82-12DF17AE4E1E,2020-ncaa-d1-natl,ncaa,199,195,128,201,234,254,271,301,199,307,328,123,127,98,227,47,252,291,50,292,145,305,290,156,142,217,68,75,186,307,282,130,15,233,117,172,64,268,307,234,257,237,341,341,,,135,215,,,266,256,225,273,268,281,319,308,327,123,92,255,296,297,325,301,303,119,236,168,269,260,341,,157,,,265,178,225,166,250,210,143,280,213,216,155,259,68,39,339,38,55,119,68,252,249,290,131,210,61,15,15,140,282,53,117,171,122,284,267,261,145,199,165,283,,,234,141,,,266,112,250,245,261,188,237,177,219,147,209,218,80,39,40,124,59,13,136,50,171,286,154,175,,218,,,b'\x11\xe8\xe1I\xc9TW\xca\xaf\x82\x12\xdf\x17\xaeN\x1e'
11E8E149-C954-57CA-AF82-12DF17AE4E1E,2021-ncaa-d0-natl,ncaa,27,83,14,51,15,52,76,72,137,87,81,150,69,72,105,150,12,46,1,43,81,65,33,129,70,134,75,158,31,42,53,22,50,18,21,32,15,339,296,160,92,200,50,85,,,337,317,,,33,40,292,49,171,241,313,248,271,159,199,36,164,158,289,260,158,70,86,83,270,223,115,,280,,,48,223,198,282,16,197,275,28,197,275,30,167,303,320,73,321,263,293,304,18,20,22,240,145,301,256,50,204,53,227,21,119,35,51,140,26,306,197,238,161,,,10,24,,,33,309,129,16,42,18,12,64,22,74,59,120,182,216,218,75,55,71,9,13,7,186,175,118,,63,,,b'\x11\xe8\xe1I\xc9TW\xca\xaf\x82\x12\xdf\x17\xaeN\x1e'
11E8E149-C954-57CA-AF82-12DF17AE4E1E,2021-ncaa-d1-conf-Horizon,ncaa,2,4,2,4,2,3,3,3,5,3,3,5,2,3,6,6,1,4,1,4,6,3,3,5,4,6,4,7,2,2,2,2,3,2,2,2,1,12,10,5,4,9,1,2,,,10,8,,,3,3,10,1,6,7,12,7,10,7,8,3,7,7,10,8,3,2,2,4,10,8,1,,6,,,3,9,9,11,2,9,10,1,8,10,4,5,8,9,3,9,6,9,10,2,1,1,9,9,9,9,3,7,2,8,2,4,1,3,7,1,11,6,8,6,,,2,3,,,3,10,7,2,3,2,2,4,3,6,3,4,5,6,6,5,7,3,1,3,1,7,6,5,,5,,,b'\x11\xe8\xe1I\xc9TW\xca\xaf\x82\x12\xdf\x17\xaeN\x1e'
11E8E149-C954-57CA-AF82-12DF17AE4E1E,2021-ncaa-d1-natl,ncaa,28,82,18,52,20,60,89,83,139,95,90,154,77,78,105,147,14,53,1,51,81,76,41,130,72,135,72,158,30,50,56,23,52,24,20,36,15,338,298,163,110,209,54,86,,,335,319,,,39,46,295,48,180,251,316,257,275,159,203,40,168,161,292,265,163,74,91,89,272,229,116,,281,,,52,208,182,278,17,189,268,29,187,260,30,163,295,312,71,313,263,289,297,18,21,22,241,141,301,246,52,188,56,209,20,112,35,61,146,28,295,201,231,161,,,14,23,,,39,303,134,18,44,18,13,65,23,75,58,116,182,219,218,74,53,76,9,13,8,190,177,122,,67,,,b'\x11\xe8\xe1I\xc9TW\xca\xaf\x82\x12\xdf\x17\xaeN\x1e'
11E8E149-C954-57CA-AF82-12DF17AE4E1E,2022-ncaa-d0-natl,ncaa,174,210,112,200,133,214,189,214,166,183,214,126,208,188,251,140,240,304,7,299,296,237,216,174,164,214,227,195,223,169,92,175,90,181,73,120,50,275,290,180,183,153,125,95,,,209,271,,,191,227,329,220,279,252,306,220,269,235,209,271,329,325,323,313,198,233,233,141,241,206,141,,180,,,189,110,117,132,149,115,119,183,177,201,129,253,110,92,250,82,141,122,116,159,157,160,197,222,140,73,90,48,92,49,73,87,86,198,169,132,232,257,223,241,,,199,175,,,191,138,209,134,188,67,79,62,82,55,154,166,95,80,76,37,21,50,13,13,66,243,202,206,,247,,,b'\x11\xe8\xe1I\xc9TW\xca\xaf\x82\x12\xdf\x17\xaeN\x1e'
11E8E149-C954-57CA-AF82-12DF17AE4E1E,2022-ncaa-d1-conf-Horizon,ncaa,6,6,1,6,2,6,3,5,2,2,3,3,8,8,5,8,7,8,3,8,9,7,6,3,3,6,10,8,8,3,2,3,4,3,2,3,3,10,10,5,7,7,3,1,,,8,9,,,6,8,11,7,7,7,11,6,6,9,10,9,9,9,12,11,4,8,7,4,9,8,4,,7,,,6,7,4,7,4,4,6,5,7,8,3,8,7,7,6,6,7,7,6,4,5,6,7,7,8,7,4,2,2,2,2,4,3,7,8,4,10,9,7,5,,,7,9,,,6,5,6,6,6,3,2,2,2,3,4,7,6,5,5,2,1,5,2,2,3,11,8,6,,10,,,b'\x11\xe8\xe1I\xc9TW\xca\xaf\x82\x12\xdf\x17\xaeN\x1e'
11E8E149-C954-57CA-AF82-12DF17AE4E1E,2022-ncaa-d1-natl,ncaa,199,209,146,210,178,250,229,259,180,220,251,139,223,210,259,143,264,314,7,311,297,278,265,189,169,230,222,197,217,200,100,216,96,222,78,151,53,256,298,192,211,170,144,102,,,179,274,,,213,269,331,210,291,275,316,235,271,238,213,275,329,326,333,325,211,247,251,154,247,219,142,,182,,,213,89,91,97,165,95,88,190,158,172,138,250,94,76,257,68,144,82,71,174,170,175,195,223,137,51,96,22,100,21,78,66,90,240,183,144,203,261,208,252,,,235,170,,,213,92,228,147,210,76,88,63,91,58,155,167,99,82,77,39,18,50,14,13,71,252,209,216,,253,,,b'\x11\xe8\xe1I\xc9TW\xca\xaf\x82\x12\xdf\x17\xaeN\x1e'
11E8E149-C954-57CA-AF82-12DF17AE4E1E,2023-ncaa-d0-natl,ncaa,242,257,164,258,203,255,211,279,141,193,267,71,229,197,288,116,336,342,113,344,344,299,285,157,173,210,277,194,326,261,198,156,73,195,88,90,4,221,294,116,344,339,121,90,,,90,161,,,207,289,329,226,285,236,316,197,281,233,182,342,351,351,336,324,270,122,197,57,234,347,120,,93,,,207,67,57,111,79,36,95,47,219,167,293,231,132,93,320,95,149,99,71,100,118,180,312,298,204,68,73,46,198,43,88,79,164,304,281,242,187,259,113,171,,,305,281,,,207,76,231,162,207,76,59,99,38,84,239,176,147,101,105,77,32,74,47,40,86,320,198,120,,327,,,b'\x11\xe8\xe1I\xc9TW\xca\xaf\x82\x12\xdf\x17\xaeN\x1e'
11E8E149-C954-57CA-AF82-12DF17AE4E1E,2023-ncaa-d1-conf-Horizon,ncaa,7,7,4,7,5,9,6,10,3,4,7,2,8,7,7,7,8,10,3,10,10,10,9,5,4,8,10,8,9,7,4,4,3,6,3,2,1,10,10,6,8,8,2,3,,,4,7,,,6,10,10,5,9,6,11,6,7,8,8,10,10,10,11,10,8,7,8,1,10,10,2,,4,,,6,5,3,4,4,3,3,4,4,7,8,7,5,4,9,4,8,4,3,5,5,5,10,9,9,5,3,1,4,1,3,1,2,7,7,6,10,10,4,3,,,10,10,,,6,3,7,4,6,3,4,2,3,4,4,6,5,3,3,3,2,3,1,1,1,7,10,2,,10,,,b'\x11\xe8\xe1I\xc9TW\xca\xaf\x82\x12\xdf\x17\xaeN\x1e'
11E8E149-C954-57CA-AF82-12DF17AE4E1E,2023-ncaa-d1-natl,ncaa,265,257,219,273,266,296,256,322,145,228,297,78,245,212,293,117,343,348,112,349,345,333,334,167,180,222,275,193,327,285,202,188,83,247,100,104,5,196,301,119,349,343,136,95,,,63,164,,,229,329,331,201,298,245,322,205,287,231,188,343,351,351,340,329,278,131,218,59,237,349,123,,95,,,231,43,41,63,85,28,63,52,210,142,305,229,113,78,326,80,157,51,29,120,136,201,312,298,207,52,83,24,202,18,100,58,167,335,291,254,169,269,99,186,,,329,280,,,229,33,242,183,233,83,66,98,42,88,242,179,156,101,106,81,30,78,48,43,92,327,204,127,,328,,,b'\x11\xe8\xe1I\xc9TW\xca\xaf\x82\x12\xdf\x17\xaeN\x1e'
11E8E149-C954-57CA-AF82-12DF17AE4E1E,2024-ncaa-d0-natl,ncaa,189,176,196,193,218,186,187,268,89,245,310,83,104,123,79,64,214,273,12,281,164,280,270,76,67,111,70,70,217,254,153,182,172,212,102,77,8,229,289,101,295,288,294,290,,,204,274,,,156,266,272,187,166,180,294,251,319,80,107,202,272,278,302,285,249,151,207,40,251,299,296,,224,,,156,124,90,129,107,102,121,153,123,166,68,206,241,224,310,217,255,131,102,110,158,208,240,148,294,155,172,24,153,47,102,161,252,290,279,264,307,334,165,274,,,248,189,,,156,95,128,219,159,157,110,155,127,132,145,194,265,235,234,175,99,186,25,61,178,288,319,178,,247,,,b'\x11\xe8\xe1I\xc9TW\xca\xaf\x82\x12\xdf\x17\xaeN\x1e'
11E8E149-C954-57CA-AF82-12DF17AE4E1E,2024-ncaa-d1-conf-Horizon,ncaa,5,5,8,5,10,9,8,11,4,8,11,3,6,8,5,6,7,8,1,8,6,11,11,4,3,5,5,5,5,9,3,6,7,8,4,2,2,8,9,3,11,11,9,10,,,3,8,,,4,11,10,4,8,7,10,8,9,6,7,7,7,7,10,10,5,3,3,2,9,11,9,,7,,,4,3,3,4,5,5,7,5,3,6,4,6,4,4,7,4,6,5,2,4,4,6,5,7,6,7,7,1,3,2,4,2,5,11,11,11,10,11,4,8,,,10,6,,,4,1,5,6,4,5,6,8,7,8,4,7,4,4,4,7,4,8,2,3,4,11,11,4,,7,,,b'\x11\xe8\xe1I\xc9TW\xca\xaf\x82\x12\xdf\x17\xaeN\x1e'
11E8E149-C954-57CA-AF82-12DF17AE4E1E,2024-ncaa-d1-natl,ncaa,172,177,130,184,153,147,154,226,87,199,280,62,100,107,104,70,188,259,9,259,173,234,224,76,61,102,99,89,217,205,121,157,154,186,89,55,17,259,270,95,263,260,294,291,,,225,263,,,137,216,267,206,159,170,280,217,309,99,110,197,274,275,284,272,218,172,209,42,247,271,309,,209,,,136,155,116,166,117,124,129,184,136,210,52,226,257,231,325,226,258,173,142,122,168,188,233,147,287,158,154,28,121,55,89,198,265,234,225,235,320,326,180,259,,,207,187,,,137,151,114,197,135,136,95,126,116,103,134,195,253,221,215,138,91,155,22,47,180,252,314,173,,236,,,b'\x11\xe8\xe1I\xc9TW\xca\xaf\x82\x12\xdf\x17\xaeN\x1e'
11E8E149-C954-57CA-AF82-12DF17AE4E1E,2025-ncaa-d0-natl,genius_ncaa,312,332,135,323,138,217,226,215,236,288,296,204,125,102,201,61,225,236,191,231,116,212,210,201,201,214,64,66,189,295,308,147,150,219,249,169,63,203,235,183,307,326,175,184,,,169,183,,278,297,178,265,20,259,270,278,312,317,119,84,245,249,251,282,282,308,158,265,171,195,325,190,,159,,285,293,263,247,236,231,230,208,231,266,262,223,238,241,216,283,213,209,241,190,241,250,312,228,236,195,176,150,219,308,202,249,274,252,300,322,336,279,291,300,344,,,183,146,,220,297,185,252,308,293,265,253,232,223,182,268,261,237,214,210,239,130,172,197,190,274,332,271,303,,210,,228,b'\x11\xe8\xe1I\xc9TW\xca\xaf\x82\x12\xdf\x17\xaeN\x1e'
11E8E149-C954-57CA-AF82-12DF17AE4E1E,2025-ncaa-d1-conf-Horizon,genius_ncaa,11,11,8,11,8,11,10,11,8,11,11,5,5,2,6,1,11,11,8,11,5,11,11,5,6,6,2,2,8,10,8,5,8,7,6,5,3,7,9,5,11,11,8,6,,,6,6,,9,8,11,10,1,9,9,9,11,11,4,2,9,10,9,11,10,9,4,5,5,7,11,7,,6,,9,8,4,4,5,5,4,3,5,7,6,5,9,5,5,6,5,7,4,2,6,5,7,7,7,6,7,8,5,8,6,6,6,8,11,11,10,10,11,6,11,,,9,6,,8,8,1,6,9,9,6,6,8,5,6,9,10,5,5,5,8,5,9,5,7,7,11,10,7,,6,,8,b'\x11\xe8\xe1I\xc9TW\xca\xaf\x82\x12\xdf\x17\xaeN\x1e'
11E8E149-C954-57CA-AF82-12DF17AE4E1E,2025-ncaa-d1-natl,genius_ncaa,319,332,172,326,175,255,266,265,248,308,320,209,141,115,204,60,244,250,193,248,117,266,265,205,205,222,63,65,184,313,312,178,158,262,259,189,66,172,243,191,325,332,203,194,,,144,188,,273,310,226,269,18,272,290,286,320,320,128,84,246,251,253,298,287,314,163,277,185,196,334,194,,163,,288,309,240,224,206,240,201,172,246,254,243,231,234,227,202,287,197,210,204,139,253,266,325,223,234,192,156,158,185,312,175,259,261,256,323,330,340,257,302,293,345,,,215,140,,225,310,136,266,322,310,280,263,234,234,188,270,262,242,217,215,244,126,172,204,200,280,335,272,306,,209,,226,b'\x11\xe8\xe1I\xc9TW\xca\xaf\x82\x12\xdf\x17\xaeN\x1e'
11E8E149-C954-57CA-AF82-12DF17AE4E1E,2026-ncaa-d0-natl,genius_ncaa,260,346,9,295,10,111,132,87,248,124,89,246,124,99,239,190,46,47,161,47,85,81,54,251,223,228,127,195,56,154,288,63,37,92,190,160,251,336,243,263,177,286,154,202,,,350,303,,205,302,38,257,78,261,289,309,272,259,233,230,117,130,132,290,287,291,209,273,297,203,307,248,,243,,117,270,356,340,319,261,299,250,282,355,347,284,328,344,335,301,339,302,327,311,299,308,314,338,311,225,137,37,345,288,308,190,350,303,140,274,308,314,215,317,257,,,23,53,,66,302,326,249,274,269,246,221,116,119,32,323,296,249,224,239,134,54,19,210,105,272,298,178,230,,100,,154,b'\x11\xe8\xe1I\xc9TW\xca\xaf\x82\x12\xdf\x17\xaeN\x1e'
11E8E149-C954-57CA-AF82-12DF17AE4E1E,2026-ncaa-d1-conf-Horizon,genius_ncaa,8,8,4,8,4,7,8,9,6,9,10,8,4,5,3,3,7,7,9,7,7,9,9,6,7,6,2,2,8,8,6,6,2,8,3,7,5,4,5,6,11,11,11,11,,,7,9,,4,10,9,10,1,8,7,7,10,10,1,4,7,7,7,9,9,6,5,7,6,4,11,11,,7,,4,10,8,7,7,8,8,3,10,8,8,6,9,4,6,2,6,9,8,2,9,7,11,6,9,2,2,2,6,6,4,3,9,8,10,11,11,3,5,8,11,,,8,10,,7,10,4,6,11,10,10,9,6,8,4,10,9,5,6,6,9,1,2,6,3,10,11,3,9,,9,,7,b'\x11\xe8\xe1I\xc9TW\xca\xaf\x82\x12\xdf\x17\xaeN\x1e'
11E8E149-C954-57CA-AF82-12DF17AE4E1E,2026-ncaa-d1-natl,genius_ncaa,301,345,13,326,18,163,197,135,284,184,136,281,171,143,251,188,71,69,158,69,81,121,89,283,252,262,112,193,50,220,314,93,46,136,213,230,266,312,265,293,244,314,198,223,,,339,308,,178,324,64,271,73,292,320,332,306,275,249,241,122,135,138,318,305,313,237,310,331,210,327,263,,257,,116,309,347,332,297,295,271,188,311,350,343,305,320,332,318,315,320,309,307,276,327,333,341,329,310,222,88,46,330,314,276,213,341,309,206,295,328,290,230,306,285,,,31,43,,86,324,304,280,315,309,287,249,128,143,35,334,305,264,236,252,149,53,20,228,121,302,310,187,249,,107,,148,b'\x11\xe8\xe1I\xc9TW\xca\xaf\x82\x12\xdf\x17\xaeN\x1e'
11E8E149-C958-AE60-AF82-12DF17AE4E1E,2010-ncaa-d0-natl,ncaa,197,202,178,205,182,191,240,206,262,267,229,296,107,126,101,103,100,172,12,174,100,200,207,231,182,169,43,79,54,145,122,200,29,185,78,154,56,116,154,132,142,94,262,223,,,129,223,,,139,235,254,50,179,250,173,281,231,92,108,76,158,159,175,200,129,194,156,138,146,130,258,,149,,,139,97,81,83,190,44,28,231,253,255,203,311,108,53,340,44,161,65,75,238,262,193,290,306,145,14,29,128,122,50,78,227,306,163,82,205,106,134,343,341,,,223,193,,,139,111,153,137,137,118,94,61,57,21,276,281,124,70,60,39,59,14,169,62,247,142,133,345,,207,,,b'\x11\xe8\xe1I\xc9X\xae`\xaf\x82\x12\xdf\x17\xaeN\x1e'
11E8E149-C958-AE60-AF82-12DF17AE4E1E,2010-ncaa-d1-conf-Big Ten,ncaa,11,10,9,11,9,11,10,10,10,10,9,10,5,6,6,4,7,9,4,9,7,11,8,10,10,11,3,3,3,4,2,10,1,8,2,8,2,9,10,11,9,6,10,10,,,5,8,,,10,11,8,2,10,10,8,10,7,5,4,7,7,7,7,6,3,8,6,6,10,8,10,,5,,,10,3,6,2,10,5,1,11,7,5,8,10,4,4,4,3,6,1,1,10,10,10,7,9,4,1,1,2,2,1,2,9,11,10,4,9,9,10,11,10,,,9,10,,,10,1,9,9,10,6,8,3,6,2,9,8,4,4,4,2,3,1,7,2,10,6,9,11,,8,,,b'\x11\xe8\xe1I\xc9X\xae`\xaf\x82\x12\xdf\x17\xaeN\x1e'
11E8E149-C958-AE60-AF82-12DF17AE4E1E,2010-ncaa-d1-natl,ncaa,206,202,191,208,197,206,256,221,270,289,249,299,112,135,103,102,110,179,12,180,97,213,232,236,185,171,43,79,54,158,125,221,31,199,85,167,56,102,155,137,155,100,265,225,,,116,225,,,149,253,254,47,183,257,178,285,235,93,108,77,156,158,176,202,133,196,161,142,145,135,260,,150,,,149,74,68,52,196,34,18,235,244,246,206,310,99,47,341,41,159,36,48,243,268,204,291,307,144,10,31,112,125,32,85,220,305,183,87,210,99,138,343,342,,,237,193,,,149,93,155,143,144,121,97,62,62,20,277,282,122,69,60,40,58,15,173,65,250,147,133,345,,208,,,b'\x11\xe8\xe1I\xc9X\xae`\xaf\x82\x12\xdf\x17\xaeN\x1e'
11E8E149-C958-AE60-AF82-12DF17AE4E1E,2011-ncaa-d0-natl,ncaa,208,226,170,222,187,171,179,234,110,116,142,126,279,292,157,292,85,112,86,111,111,211,222,144,114,133,245,294,47,197,139,158,68,172,68,169,153,123,181,148,236,222,219,208,,,191,251,,,195,230,235,59,152,171,239,104,124,285,300,66,85,81,214,225,197,120,150,147,154,236,218,,221,,,196,187,154,149,191,137,96,233,200,225,132,254,228,188,322,181,228,146,100,206,231,281,238,205,234,75,68,58,139,49,68,225,267,293,280,304,124,175,310,302,,,158,88,,,195,114,129,265,195,211,177,174,161,111,222,258,251,207,200,184,103,86,75,64,243,300,153,321,,114,,,b'\x11\xe8\xe1I\xc9X\xae`\xaf\x82\x12\xdf\x17\xaeN\x1e'
11E8E149-C958-AE60-AF82-12DF17AE4E1E,2011-ncaa-d1-conf-Big Ten,ncaa,9,9,7,9,7,11,11,6,11,5,4,11,11,11,9,11,8,9,7,9,11,9,8,11,11,11,11,11,5,3,3,8,5,7,4,10,8,5,5,8,6,4,8,8,,,7,11,,,8,9,9,1,11,10,5,4,2,11,11,8,8,8,7,5,3,6,4,10,5,4,8,,9,,,8,4,2,3,3,1,1,5,3,6,3,8,7,8,6,7,11,3,2,4,8,7,10,5,10,4,5,4,3,4,4,4,10,7,5,6,5,7,11,8,,,10,10,,,8,3,9,7,9,5,2,3,1,1,6,7,9,10,10,3,3,5,6,6,5,5,7,11,,10,,,b'\x11\xe8\xe1I\xc9X\xae`\xaf\x82\x12\xdf\x17\xaeN\x1e'
11E8E149-C958-AE60-AF82-12DF17AE4E1E,2011-ncaa-d1-natl,ncaa,226,223,199,229,219,190,201,256,114,135,158,132,283,299,161,292,95,124,87,123,111,241,256,149,119,133,242,294,49,218,144,187,71,207,71,185,155,103,184,155,251,228,231,212,,,172,252,,,204,263,239,57,155,174,242,112,131,283,300,68,85,84,216,230,201,125,161,152,154,242,223,,223,,,204,168,137,122,196,123,77,239,189,213,132,254,217,172,323,169,227,121,72,207,237,287,234,204,233,57,71,40,144,27,71,217,266,307,287,312,112,178,307,305,,,175,87,,,204,83,134,273,203,217,186,179,169,113,224,256,252,210,206,188,100,87,77,66,253,303,152,323,,117,,,b'\x11\xe8\xe1I\xc9X\xae`\xaf\x82\x12\xdf\x17\xaeN\x1e'
11E8E149-C958-AE60-AF82-12DF17AE4E1E,2012-ncaa-d0-natl,ncaa,106,202,7,158,10,19,21,26,44,15,10,114,243,298,23,335,6,14,47,13,180,21,18,93,61,66,293,321,51,50,96,9,86,13,53,113,318,297,126,209,76,161,140,184,,,326,228,,,74,12,144,262,75,77,156,31,25,291,329,23,52,52,119,143,148,43,73,245,144,161,205,,224,,,90,331,315,334,96,224,294,74,341,337,270,310,288,303,64,300,210,336,328,165,142,184,327,325,133,305,86,289,96,310,53,335,326,74,220,276,301,173,329,195,,,9,69,,,74,330,68,175,100,181,152,208,58,85,327,309,146,172,163,200,172,172,76,101,273,222,181,285,,67,,,b'\x11\xe8\xe1I\xc9X\xae`\xaf\x82\x12\xdf\x17\xaeN\x1e'
11E8E149-C958-AE60-AF82-12DF17AE4E1E,2012-ncaa-d1-conf-Big Ten,ncaa,8,8,3,8,4,7,7,9,6,4,3,11,11,12,1,12,3,4,4,4,6,6,4,7,7,9,9,12,1,6,6,1,4,4,2,11,11,11,11,11,9,11,9,9,,,10,9,,,8,4,4,7,7,9,12,4,2,11,12,3,4,4,10,6,7,1,2,11,11,11,8,,9,,,8,6,7,9,3,2,7,3,12,12,7,11,5,6,1,6,8,10,8,4,4,7,11,12,7,6,4,3,6,4,2,11,11,9,12,10,12,12,9,9,,,4,1,,,8,9,9,7,8,6,5,9,1,4,12,12,6,6,6,10,5,5,1,2,10,12,11,9,,3,,,b'\x11\xe8\xe1I\xc9X\xae`\xaf\x82\x12\xdf\x17\xaeN\x1e'
11E8E149-C958-AE60-AF82-12DF17AE4E1E,2012-ncaa-d1-natl,ncaa,112,201,7,165,11,21,23,28,46,15,10,119,252,305,22,335,6,17,47,16,178,22,19,100,67,69,291,320,49,56,100,10,93,14,55,130,320,290,129,219,83,164,147,190,,,325,234,,,80,13,149,262,80,83,161,33,27,292,329,22,52,53,124,148,157,46,82,252,145,170,208,,226,,,94,326,310,334,104,215,284,76,341,335,276,308,280,299,64,297,210,335,328,175,151,197,325,324,131,297,93,283,100,306,55,335,326,89,227,285,288,176,329,197,,,11,63,,,80,328,74,187,105,187,156,207,62,88,327,309,151,176,170,206,169,178,76,102,276,233,186,285,,63,,,b'\x11\xe8\xe1I\xc9X\xae`\xaf\x82\x12\xdf\x17\xaeN\x1e'
11E8E149-C958-AE60-AF82-12DF17AE4E1E,2013-ncaa-d0-natl,ncaa,113,126,80,126,84,51,54,121,19,37,63,35,202,256,31,284,39,74,20,70,164,114,127,34,25,24,252,260,110,207,158,104,88,136,93,74,173,117,92,65,216,248,108,97,,,332,335,,,103,104,198,37,33,44,173,28,91,214,285,42,92,84,157,206,236,132,190,72,82,240,118,,322,,,102,292,241,221,226,219,179,233,267,253,214,233,324,309,299,310,308,248,226,239,280,290,291,217,297,137,88,106,158,107,93,317,323,204,253,302,99,77,226,153,,,74,57,,,103,238,34,273,103,255,188,142,159,98,253,233,307,293,291,187,145,97,52,58,292,253,77,198,,81,,,b'\x11\xe8\xe1I\xc9X\xae`\xaf\x82\x12\xdf\x17\xaeN\x1e'
11E8E149-C958-AE60-AF82-12DF17AE4E1E,2013-ncaa-d1-conf-Big Ten,ncaa,9,8,9,9,10,8,7,8,2,5,5,5,10,12,2,11,5,5,1,5,7,8,8,4,2,3,9,10,4,8,6,9,7,9,6,7,9,5,7,7,11,11,9,10,,,11,12,,,9,10,4,8,3,2,7,3,2,10,11,3,4,4,6,5,7,8,7,6,7,9,8,,11,,,9,11,7,2,10,8,5,10,6,3,8,3,12,12,9,12,11,6,3,10,11,12,10,3,11,4,7,2,6,2,6,11,11,10,11,11,4,4,8,5,,,8,6,,,9,3,4,11,9,12,11,5,10,7,6,4,12,12,12,11,6,5,3,4,12,10,4,8,,6,,,b'\x11\xe8\xe1I\xc9X\xae`\xaf\x82\x12\xdf\x17\xaeN\x1e'
11E8E149-C958-AE60-AF82-12DF17AE4E1E,2013-ncaa-d1-natl,ncaa,121,126,90,130,96,58,62,136,20,39,71,35,208,265,30,283,44,87,19,83,158,125,145,37,25,25,251,263,105,226,165,115,91,152,96,79,174,101,97,65,226,257,112,98,,,328,336,,,112,130,200,36,39,46,178,29,92,213,285,44,94,86,160,209,241,134,194,73,81,247,119,,323,,,112,281,229,209,233,206,152,237,260,241,216,234,322,307,300,308,309,235,205,246,283,298,290,217,298,121,91,80,165,81,96,317,323,221,263,308,90,80,219,152,,,79,53,,,112,211,34,279,112,261,191,146,164,99,254,234,308,294,292,192,144,99,51,58,294,259,77,202,,83,,,b'\x11\xe8\xe1I\xc9X\xae`\xaf\x82\x12\xdf\x17\xaeN\x1e'
11E8E149-C958-AE60-AF82-12DF17AE4E1E,2014-ncaa-d0-natl,ncaa,61,105,15,93,17,54,30,60,22,42,45,71,92,194,4,234,208,268,25,267,338,89,85,29,39,44,267,155,329,224,248,13,90,51,94,23,78,229,161,43,252,307,14,16,,,165,56,,,78,63,295,31,141,67,233,84,146,146,266,302,328,329,281,300,305,29,152,46,96,310,21,,48,,,84,268,278,336,31,169,281,41,340,347,117,337,75,68,218,66,33,321,298,56,35,113,306,336,28,302,90,224,248,264,94,321,298,250,325,325,199,150,311,225,,,166,280,,,78,286,76,122,87,76,114,283,39,103,319,333,28,20,18,204,96,182,51,85,235,333,97,256,,323,,,b'\x11\xe8\xe1I\xc9X\xae`\xaf\x82\x12\xdf\x17\xaeN\x1e'
11E8E149-C958-AE60-AF82-12DF17AE4E1E,2014-ncaa-d1-conf-Big Ten,ncaa,6,6,4,6,4,7,5,5,4,5,2,6,10,10,4,10,8,9,3,9,12,8,9,4,5,4,11,10,9,8,7,4,8,5,6,5,6,3,4,3,9,10,6,5,,,4,4,,,6,8,10,2,6,5,6,3,3,10,10,7,9,9,7,8,7,3,5,5,3,9,6,,4,,,6,6,6,8,3,4,4,4,11,12,4,11,4,4,6,4,4,9,8,5,3,6,9,11,4,9,8,6,7,8,6,10,11,10,11,12,3,3,9,8,,,7,6,,,6,5,7,6,6,6,6,10,4,4,11,12,4,4,4,11,7,10,6,8,10,10,3,9,,6,,,b'\x11\xe8\xe1I\xc9X\xae`\xaf\x82\x12\xdf\x17\xaeN\x1e'
11E8E149-C958-AE60-AF82-12DF17AE4E1E,2014-ncaa-d1-natl,ncaa,67,105,16,94,18,61,32,71,23,44,52,73,99,202,4,235,231,281,24,279,338,108,104,33,41,46,267,158,329,239,253,16,92,59,100,24,79,212,163,46,265,310,16,19,,,148,59,,,83,71,296,31,151,71,237,89,149,149,267,304,328,329,284,300,309,30,159,48,94,312,23,,48,,,89,250,267,332,32,155,264,42,337,347,122,338,65,58,219,57,34,316,288,61,37,123,302,335,27,294,92,205,253,248,100,316,299,269,328,326,188,150,309,228,,,190,280,,,83,277,81,132,93,80,119,287,40,104,320,333,28,19,18,205,93,190,51,86,238,333,96,258,,324,,,b'\x11\xe8\xe1I\xc9X\xae`\xaf\x82\x12\xdf\x17\xaeN\x1e'
11E8E149-C958-AE60-AF82-12DF17AE4E1E,2015-ncaa-d0-natl,ncaa,43,50,48,53,52,18,20,26,50,33,54,34,54,45,141,116,51,69,76,70,177,30,29,55,48,43,173,149,232,61,138,9,170,18,93,11,31,217,79,24,190,285,9,24,,,53,4,,,88,23,22,41,13,16,20,28,90,76,75,79,106,107,20,19,96,2,9,8,146,248,10,,12,,,93,341,346,346,118,327,339,104,345,342,262,298,55,35,295,37,8,346,329,157,105,229,173,324,3,346,170,303,138,330,93,348,348,244,341,349,173,68,322,255,,,108,309,,,88,326,38,267,112,321,334,349,304,338,341,340,31,13,16,345,335,328,216,289,348,307,126,298,,211,,,b'\x11\xe8\xe1I\xc9X\xae`\xaf\x82\x12\xdf\x17\xaeN\x1e'
11E8E149-C958-AE60-AF82-12DF17AE4E1E,2015-ncaa-d1-conf-Big Ten,ncaa,6,6,3,6,3,4,4,3,6,5,5,4,7,6,5,7,3,3,4,4,7,3,3,6,4,4,7,8,6,2,4,1,8,2,5,2,2,10,7,3,13,14,2,5,,,2,1,,,8,2,2,2,4,4,2,6,5,7,6,3,3,4,2,2,4,1,1,2,10,14,2,,2,,,8,14,14,14,6,13,14,4,13,14,12,9,4,3,14,3,1,13,13,7,6,12,7,11,1,13,8,9,4,13,5,14,14,14,14,14,7,4,13,12,,,5,10,,,8,13,4,12,8,14,14,14,13,14,13,13,4,2,4,14,13,13,9,13,14,14,6,13,,5,,,b'\x11\xe8\xe1I\xc9X\xae`\xaf\x82\x12\xdf\x17\xaeN\x1e'
11E8E149-C958-AE60-AF82-12DF17AE4E1E,2015-ncaa-d1-natl,ncaa,47,50,55,54,60,21,25,29,53,36,71,35,64,56,138,117,59,80,74,81,175,33,33,58,57,46,172,152,226,73,145,11,179,20,101,12,31,203,82,26,217,294,12,26,,,35,4,,,102,25,23,41,15,17,22,31,95,74,75,78,107,108,21,20,105,3,8,8,146,256,11,,12,,,106,341,345,346,137,323,336,114,343,341,269,295,45,25,297,29,8,346,327,170,114,242,171,322,3,343,179,293,145,326,101,348,348,267,342,349,159,70,318,260,,,133,307,,,102,323,42,278,127,323,334,349,307,339,342,341,32,14,15,345,336,332,220,295,348,311,123,299,,210,,,b'\x11\xe8\xe1I\xc9X\xae`\xaf\x82\x12\xdf\x17\xaeN\x1e'
11E8E149-C958-AE60-AF82-12DF17AE4E1E,2015-ncaa-d1-ncaatournament,ncaa,33,2,33,33,33,36,36,59,3,35,52,3,48,57,30,33,35,39,20,39,17,54,40,4,4,31,40,44,20,47,6,33,20,35,2,38,27,41,62,56,38,20,50,47,,,7,14,,,33,39,9,4,21,19,56,19,45,34,43,16,22,24,51,13,34,1,4,17,62,13,46,,18,,,35,21,24,31,15,14,9,52,29,41,8,63,11,4,63,3,22,27,28,20,19,36,42,50,22,20,20,1,6,2,2,25,53,56,54,58,38,60,2,9,,,46,43,,,33,27,32,32,34,47,53,62,36,15,51,64,28,18,16,57,54,39,1,5,56,51,61,3,,34,,,b'\x11\xe8\xe1I\xc9X\xae`\xaf\x82\x12\xdf\x17\xaeN\x1e'
11E8E149-C958-AE60-AF82-12DF17AE4E1E,2016-ncaa-d0-natl,ncaa,86,87,76,90,80,11,10,9,44,33,44,47,11,12,28,54,95,145,21,137,260,12,22,28,30,11,89,39,316,35,104,39,242,30,139,53,285,36,6,24,203,295,245,296,,,148,21,,,106,22,9,31,4,5,3,28,60,8,13,104,192,183,3,8,40,31,14,46,28,236,262,,103,,,106,348,348,346,291,347,339,324,337,341,142,280,267,219,335,208,66,347,338,295,296,329,108,200,59,339,242,317,104,335,139,348,340,237,336,349,128,35,287,208,,,120,308,,,106,328,8,338,115,345,345,347,343,342,319,338,234,185,172,347,341,332,283,320,347,283,95,276,,159,,,b'\x11\xe8\xe1I\xc9X\xae`\xaf\x82\x12\xdf\x17\xaeN\x1e'
11E8E149-C958-AE60-AF82-12DF17AE4E1E,2016-ncaa-d1-conf-Big Ten,ncaa,5,5,9,5,9,3,4,2,5,6,7,7,2,2,4,3,6,10,1,8,8,2,4,5,5,3,1,2,9,4,5,4,13,4,8,10,13,4,1,6,9,12,13,14,,,11,8,,,6,5,1,2,2,2,1,3,3,1,1,4,7,6,1,1,4,2,3,9,6,9,13,,12,,,6,13,13,13,9,13,10,12,9,13,2,12,13,12,11,12,10,13,12,8,10,11,8,5,12,14,13,11,5,13,8,14,13,11,14,14,6,4,9,9,,,6,8,,,6,10,3,14,6,14,14,14,14,13,10,14,14,14,14,14,14,14,12,13,14,10,7,10,,4,,,b'\x11\xe8\xe1I\xc9X\xae`\xaf\x82\x12\xdf\x17\xaeN\x1e'
11E8E149-C958-AE60-AF82-12DF17AE4E1E,2016-ncaa-d1-natl,ncaa,95,87,99,97,102,11,11,13,46,38,51,49,13,14,29,53,109,162,20,153,262,16,27,29,32,12,86,40,315,47,115,46,251,35,151,58,289,25,6,26,225,303,257,297,,,116,21,,,119,31,9,30,4,5,3,31,62,8,13,105,192,184,4,8,45,35,18,47,27,248,264,,105,,,119,347,347,345,303,347,336,328,330,337,142,276,253,204,340,189,70,347,334,302,305,337,106,196,61,338,251,304,115,327,151,347,341,260,337,349,107,36,286,219,,,141,308,,,119,320,9,343,125,346,346,347,346,342,321,338,239,188,174,347,341,334,289,327,347,289,96,283,,159,,,b'\x11\xe8\xe1I\xc9X\xae`\xaf\x82\x12\xdf\x17\xaeN\x1e'
11E8E149-C958-AE60-AF82-12DF17AE4E1E,2017-ncaa-d0-natl,ncaa,169,184,116,174,141,64,72,40,171,80,60,194,107,100,136,180,34,37,110,38,98,38,37,170,142,125,138,174,84,18,31,74,331,34,160,138,268,211,86,167,189,261,115,188,,,137,31,,,183,55,13,189,33,48,14,75,38,101,98,17,31,31,10,9,9,54,9,142,199,196,112,,119,,,184,334,340,337,181,324,321,167,330,330,242,272,61,67,110,70,18,333,319,196,151,232,127,291,12,348,331,249,31,336,160,348,330,192,303,338,196,89,345,329,,,85,223,,,183,294,74,303,185,334,340,348,324,342,329,330,66,67,71,348,343,349,216,338,348,215,180,345,,71,,,b'\x11\xe8\xe1I\xc9X\xae`\xaf\x82\x12\xdf\x17\xaeN\x1e'
11E8E149-C958-AE60-AF82-12DF17AE4E1E,2017-ncaa-d1-conf-Big Ten,ncaa,10,10,4,10,4,6,8,5,11,8,4,12,8,8,8,10,2,3,6,3,2,5,5,12,9,9,5,9,1,2,2,5,14,4,9,10,12,11,8,12,9,10,6,10,,,7,5,,,10,5,3,5,8,9,4,10,4,8,7,1,3,3,3,3,2,5,3,11,11,9,7,,6,,,10,13,14,14,8,14,13,8,11,13,6,9,5,6,1,7,5,14,11,8,5,10,5,8,2,14,14,11,2,13,9,14,12,11,12,13,9,8,13,11,,,4,7,,,10,10,9,11,10,13,13,14,12,13,11,12,5,5,6,14,13,14,9,13,14,11,10,13,,3,,,b'\x11\xe8\xe1I\xc9X\xae`\xaf\x82\x12\xdf\x17\xaeN\x1e'
11E8E149-C958-AE60-AF82-12DF17AE4E1E,2017-ncaa-d1-natl,ncaa,175,181,144,184,172,71,90,52,184,100,69,202,118,115,141,177,40,41,107,42,98,45,47,180,149,132,134,170,81,24,34,89,331,40,172,164,268,186,89,168,211,270,123,196,,,108,33,,,199,74,16,170,34,53,15,82,41,105,98,18,32,32,11,10,11,57,10,157,203,203,115,,117,,,200,330,338,336,192,322,319,174,328,324,249,270,49,55,115,56,18,330,315,212,164,244,124,291,13,348,331,224,34,332,172,348,329,217,308,338,173,95,344,336,,,103,224,,,199,274,83,316,200,336,342,348,328,343,330,329,67,71,75,348,343,349,222,338,348,225,183,345,,71,,,b'\x11\xe8\xe1I\xc9X\xae`\xaf\x82\x12\xdf\x17\xaeN\x1e'
11E8E149-C958-AE60-AF82-12DF17AE4E1E,2018-ncaa-d0-natl,ncaa,38,47,43,47,62,10,16,14,57,29,31,92,15,26,17,115,9,17,47,17,123,11,17,46,41,19,74,83,175,18,73,40,102,26,79,30,211,43,9,22,70,132,171,255,,,241,60,,,40,20,12,241,5,8,6,36,42,13,32,10,27,28,4,7,23,45,13,26,28,95,210,,150,,,38,344,338,333,285,342,334,232,300,265,309,99,305,274,297,272,96,333,330,270,268,287,113,161,130,261,102,319,73,314,79,347,274,119,238,294,50,13,338,246,,,77,290,,,40,331,13,265,51,332,332,332,328,336,259,200,237,217,213,332,324,192,256,241,337,177,32,317,,157,,,b'\x11\xe8\xe1I\xc9X\xae`\xaf\x82\x12\xdf\x17\xaeN\x1e'
11E8E149-C958-AE60-AF82-12DF17AE4E1E,2018-ncaa-d1-conf-Big Ten,ncaa,3,3,4,3,6,2,2,2,7,4,3,9,1,2,4,2,2,1,6,1,2,2,2,6,5,2,2,2,5,2,5,5,3,2,5,3,10,3,2,1,2,2,12,14,,,10,7,,,4,2,1,5,1,2,1,5,2,1,1,2,1,1,1,1,1,3,1,3,3,2,12,,11,,,4,14,14,12,11,14,12,13,7,9,6,3,12,11,11,11,8,12,13,11,11,11,3,2,9,6,3,12,5,12,5,14,12,5,7,12,4,3,11,7,,,6,9,,,4,13,2,9,4,14,14,12,14,13,6,9,11,11,11,13,14,6,13,11,14,5,4,12,,4,,,b'\x11\xe8\xe1I\xc9X\xae`\xaf\x82\x12\xdf\x17\xaeN\x1e'
11E8E149-C958-AE60-AF82-12DF17AE4E1E,2018-ncaa-d1-natl,ncaa,45,47,53,48,78,13,19,15,59,32,35,100,18,29,19,113,13,24,49,24,118,13,18,49,42,20,72,82,166,23,83,44,112,29,89,34,215,32,9,22,84,140,185,263,,,216,61,,,49,21,13,236,5,8,6,38,47,15,33,10,28,30,5,9,29,50,13,27,29,102,216,,154,,,46,341,336,328,294,339,332,247,289,243,312,99,292,261,298,260,99,330,327,285,286,300,107,159,126,249,112,308,83,304,89,344,276,140,247,302,41,14,336,252,,,101,291,,,49,328,14,278,59,335,337,334,330,336,263,196,240,220,214,332,323,194,258,244,340,186,33,322,,162,,,b'\x11\xe8\xe1I\xc9X\xae`\xaf\x82\x12\xdf\x17\xaeN\x1e'
11E8E149-C958-AE60-AF82-12DF17AE4E1E,2018-ncaa-d1-ncaatournament,ncaa,17,2,17,17,18,19,22,21,25,26,26,49,14,18,1,23,18,22,14,22,22,22,25,13,11,4,10,11,30,32,47,29,55,30,49,20,24,31,7,9,23,37,57,60,,,35,15,,,45,20,17,7,8,22,24,42,38,5,19,16,24,21,22,37,52,46,51,16,6,31,59,,16,,,33,51,51,48,44,47,40,53,51,50,41,53,35,35,27,35,27,47,47,50,48,48,38,44,15,50,55,43,47,47,49,55,57,27,45,56,34,25,50,50,,,25,23,,,45,45,10,55,32,54,56,56,50,30,54,59,24,23,23,56,53,53,40,42,59,41,20,52,,23,,,b'\x11\xe8\xe1I\xc9X\xae`\xaf\x82\x12\xdf\x17\xaeN\x1e'
11E8E149-C958-AE60-AF82-12DF17AE4E1E,2019-ncaa-d0-natl,ncaa,78,73,80,80,97,78,103,122,96,68,59,139,233,270,100,299,7,8,136,8,32,80,82,128,88,97,212,290,12,44,24,78,85,59,26,114,170,206,131,137,140,162,139,182,,,106,68,,,45,107,180,207,84,126,200,77,86,253,293,7,5,5,109,128,60,82,50,133,152,177,160,,64,,,46,128,202,249,120,248,297,94,88,85,157,48,53,69,65,73,42,218,234,94,65,65,29,89,60,152,85,93,24,102,26,196,169,116,136,142,245,184,332,285,,,44,60,,,45,244,73,52,45,69,134,164,204,279,62,50,42,51,55,115,134,104,39,49,151,152,201,324,,52,,,b'\x11\xe8\xe1I\xc9X\xae`\xaf\x82\x12\xdf\x17\xaeN\x1e'
11E8E149-C958-AE60-AF82-12DF17AE4E1E,2019-ncaa-d1-conf-Big Ten,ncaa,8,6,9,8,10,10,12,13,10,9,8,10,11,12,10,11,1,3,7,2,4,11,9,11,10,12,8,10,1,1,1,10,4,5,1,12,11,8,11,12,10,8,12,12,,,4,4,,,4,12,10,4,7,10,9,6,5,11,11,1,2,2,6,3,1,8,2,12,12,8,12,,4,,,4,2,4,3,7,4,5,8,2,2,6,5,3,3,4,2,3,3,2,7,5,4,2,5,4,3,4,1,1,1,1,4,5,7,2,4,7,9,13,13,,,8,6,,,4,3,6,3,4,3,6,4,6,9,2,5,4,4,4,4,4,4,5,4,4,3,11,13,,5,,,b'\x11\xe8\xe1I\xc9X\xae`\xaf\x82\x12\xdf\x17\xaeN\x1e'
11E8E149-C958-AE60-AF82-12DF17AE4E1E,2019-ncaa-d1-natl,ncaa,93,73,107,88,131,99,126,164,108,87,83,147,247,287,104,300,8,11,129,11,29,112,120,137,94,101,211,288,9,58,28,94,90,71,27,136,171,172,134,147,174,171,158,185,,,84,71,,,60,160,187,200,91,138,210,87,95,264,295,7,6,6,119,134,66,92,57,142,156,187,163,,67,,,56,91,172,218,131,233,280,101,68,58,167,47,45,58,70,64,39,179,181,105,71,72,25,90,61,115,90,58,28,68,27,177,171,147,144,156,228,190,329,298,,,59,60,,,60,192,80,64,54,84,148,166,218,282,64,47,41,52,58,117,132,108,41,50,158,169,210,329,,51,,,b'\x11\xe8\xe1I\xc9X\xae`\xaf\x82\x12\xdf\x17\xaeN\x1e'
11E8E149-C958-AE60-AF82-12DF17AE4E1E,2020-ncaa-d0-natl,ncaa,140,170,33,167,53,43,74,21,180,150,85,269,32,76,18,137,47,95,35,80,157,23,39,130,115,88,50,70,130,87,179,150,151,119,208,134,248,126,55,127,105,127,140,190,,,216,153,,,135,32,106,138,65,103,48,202,127,47,100,73,140,125,46,82,129,227,180,178,83,132,167,,163,,,136,311,319,279,310,329,305,296,177,143,222,92,201,141,330,139,73,265,278,291,291,285,51,95,106,167,151,325,179,297,208,306,201,132,168,240,134,65,323,291,,,129,241,,,135,298,79,265,159,263,290,213,310,265,134,103,160,115,111,183,186,111,288,237,273,176,86,317,,191,,,b'\x11\xe8\xe1I\xc9X\xae`\xaf\x82\x12\xdf\x17\xaeN\x1e'
11E8E149-C958-AE60-AF82-12DF17AE4E1E,2020-ncaa-d1-conf-Big Ten,ncaa,11,11,4,11,6,7,10,3,13,13,9,13,2,2,4,5,5,5,4,5,4,3,4,12,11,12,1,3,2,5,7,7,4,5,11,12,13,9,9,13,8,10,13,13,,,8,9,,,11,3,5,5,8,13,4,13,8,3,3,5,6,6,2,3,5,7,6,12,10,9,13,,8,,,11,12,13,9,12,13,11,11,6,5,8,3,10,9,12,9,4,10,10,12,12,12,2,3,8,6,4,12,7,12,11,12,6,10,10,10,10,9,13,13,,,4,7,,,11,12,12,12,12,12,12,9,13,10,7,5,9,8,8,10,8,5,13,11,12,11,10,13,,6,,,b'\x11\xe8\xe1I\xc9X\xae`\xaf\x82\x12\xdf\x17\xaeN\x1e'
11E8E149-C958-AE60-AF82-12DF17AE4E1E,2020-ncaa-d1-natl,ncaa,150,170,45,170,72,57,87,36,193,175,103,279,42,87,21,140,58,113,34,98,157,39,61,138,119,98,49,67,126,106,190,180,158,152,221,156,255,102,57,132,130,137,147,194,,,185,158,,,150,54,109,132,66,113,51,215,130,50,102,75,144,127,51,88,138,232,196,188,84,140,168,,165,,,151,292,311,259,315,322,291,298,164,126,234,86,183,124,332,123,74,240,247,296,299,293,46,87,107,147,158,312,190,278,221,300,203,165,181,254,110,66,321,297,,,158,238,,,150,268,84,270,175,272,295,216,318,266,136,99,164,116,113,189,187,115,288,244,276,187,91,317,,193,,,b'\x11\xe8\xe1I\xc9X\xae`\xaf\x82\x12\xdf\x17\xaeN\x1e'
11E8E149-C958-AE60-AF82-12DF17AE4E1E,2021-ncaa-d0-natl,ncaa,205,227,191,222,200,159,169,177,156,199,209,163,104,123,101,98,150,176,69,167,117,177,182,132,120,114,78,92,153,170,137,234,210,211,196,105,45,125,123,90,255,286,232,267,,,119,100,,,300,190,120,138,110,121,105,189,190,72,80,95,139,130,104,113,128,258,217,55,151,276,235,,133,,,294,272,276,183,337,271,204,322,269,178,341,150,181,133,339,137,81,176,148,338,342,343,147,213,80,135,210,136,137,132,196,327,322,268,307,340,181,186,195,235,,,191,173,,,300,155,117,340,291,340,341,282,327,277,307,201,217,140,146,278,214,151,171,150,342,301,201,223,,144,,,b'\x11\xe8\xe1I\xc9X\xae`\xaf\x82\x12\xdf\x17\xaeN\x1e'
11E8E149-C958-AE60-AF82-12DF17AE4E1E,2021-ncaa-d1-conf-Big Ten,ncaa,10,10,8,10,8,8,10,9,11,12,12,10,5,5,7,3,6,8,4,8,3,9,8,9,7,8,1,3,6,7,6,9,7,9,9,6,3,8,11,8,11,10,13,12,,,5,6,,,11,9,8,2,10,12,10,13,13,4,3,7,7,7,9,7,9,11,10,4,10,11,13,,7,,,11,10,11,8,13,10,6,11,9,8,13,7,6,5,14,4,3,8,7,14,14,14,7,12,4,6,7,8,6,8,9,11,11,10,11,12,8,9,10,12,,,7,5,,,11,6,9,14,11,12,12,8,10,8,13,8,5,3,3,8,7,5,9,8,13,9,9,9,,6,,,b'\x11\xe8\xe1I\xc9X\xae`\xaf\x82\x12\xdf\x17\xaeN\x1e'
11E8E149-C958-AE60-AF82-12DF17AE4E1E,2021-ncaa-d1-natl,ncaa,217,225,206,234,216,173,182,199,162,217,230,168,114,130,98,97,159,187,69,180,115,199,205,134,121,118,75,89,145,186,142,243,218,232,200,118,42,112,127,92,266,288,239,272,,,107,102,,,305,214,125,136,112,126,109,195,196,72,79,98,145,136,109,116,134,263,225,57,150,280,238,,133,,,302,261,273,167,337,267,192,322,263,159,342,145,173,123,339,125,85,158,132,338,342,343,142,211,77,124,218,122,142,116,200,325,321,278,309,341,171,193,191,238,,,203,169,,,305,133,121,340,301,341,341,284,329,278,308,198,220,141,147,282,214,152,177,155,342,305,204,229,,144,,,b'\x11\xe8\xe1I\xc9X\xae`\xaf\x82\x12\xdf\x17\xaeN\x1e'
11E8E149-C958-AE60-AF82-12DF17AE4E1E,2022-ncaa-d0-natl,ncaa,158,245,27,212,39,45,59,40,129,137,90,259,14,40,5,91,70,108,32,112,190,44,49,76,69,66,24,28,214,85,185,70,194,66,181,70,162,225,88,102,199,286,85,155,,,292,150,,,217,44,130,253,71,98,92,241,203,23,70,134,200,206,116,151,160,161,152,119,93,276,130,,172,,,214,351,351,333,291,346,329,247,335,308,323,164,310,301,263,302,167,336,318,297,290,338,181,213,130,306,194,328,185,333,181,348,281,245,330,345,205,93,215,143,,,119,266,,,217,312,61,336,209,318,318,288,293,280,297,226,231,223,225,292,216,206,224,219,325,328,102,123,,246,,,b'\x11\xe8\xe1I\xc9X\xae`\xaf\x82\x12\xdf\x17\xaeN\x1e'
11E8E149-C958-AE60-AF82-12DF17AE4E1E,2022-ncaa-d1-conf-Big Ten,ncaa,9,9,5,9,6,7,7,6,8,11,8,12,4,6,1,6,6,10,2,10,10,6,8,7,7,7,1,1,8,6,6,8,11,8,7,11,10,4,5,9,13,14,9,11,,,9,9,,,10,7,10,7,7,7,7,13,10,3,6,5,11,11,8,10,8,9,8,11,4,14,9,,9,,,10,11,11,9,11,9,8,13,9,9,8,7,8,10,3,10,10,10,8,11,11,13,8,6,8,9,11,7,6,7,7,11,9,13,14,13,6,6,3,2,,,8,8,,,10,8,6,13,10,12,12,11,13,8,8,8,10,12,12,12,6,10,6,8,11,14,6,2,,9,,,b'\x11\xe8\xe1I\xc9X\xae`\xaf\x82\x12\xdf\x17\xaeN\x1e'
11E8E149-C958-AE60-AF82-12DF17AE4E1E,2022-ncaa-d1-natl,ncaa,176,245,32,222,50,53,70,53,142,173,112,272,19,52,5,89,82,130,28,132,189,54,61,87,76,72,23,29,206,105,197,83,199,78,197,82,169,199,92,108,226,300,97,163,,,280,158,,,237,58,138,251,78,113,101,255,209,25,74,135,202,208,124,159,170,175,167,135,99,293,131,,174,,,235,350,351,332,300,345,325,261,330,298,334,161,304,293,268,291,167,335,312,310,305,348,183,213,127,292,199,319,197,327,197,346,283,279,335,348,182,100,197,157,,,138,263,,,237,299,71,343,228,325,328,291,300,284,306,219,237,232,232,294,216,207,232,224,330,331,104,137,,252,,,b'\x11\xe8\xe1I\xc9X\xae`\xaf\x82\x12\xdf\x17\xaeN\x1e'
11E8E149-C958-AE60-AF82-12DF17AE4E1E,2023-ncaa-d0-natl,ncaa,242,257,164,258,181,99,95,84,162,85,60,203,177,202,139,257,122,146,102,148,280,92,74,178,179,175,257,232,185,81,117,66,56,57,75,83,102,286,201,143,225,271,164,231,,,220,146,,,209,83,8,65,61,52,20,43,21,177,190,108,135,138,29,6,56,22,17,47,296,223,155,,248,,,208,315,330,300,267,349,324,262,155,181,137,93,241,222,257,222,100,304,270,244,238,297,38,69,135,130,56,263,117,223,75,305,193,228,301,317,334,295,214,110,,,189,313,,,209,278,164,256,206,343,353,352,354,358,172,195,251,234,235,347,336,161,285,260,320,219,336,228,,172,,,b'\x11\xe8\xe1I\xc9X\xae`\xaf\x82\x12\xdf\x17\xaeN\x1e'
11E8E149-C958-AE60-AF82-12DF17AE4E1E,2023-ncaa-d1-conf-Big Ten,ncaa,13,12,9,13,10,10,11,7,13,9,5,13,12,13,12,12,9,9,7,9,9,8,5,12,13,12,9,13,3,1,2,3,4,2,4,11,8,12,12,13,14,14,12,13,,,11,12,,,12,5,3,3,10,11,6,8,2,12,12,8,8,9,5,1,1,2,1,10,13,14,10,,13,,,12,10,11,12,10,14,14,9,3,1,7,1,10,10,8,11,5,12,10,10,9,12,2,2,8,5,4,9,2,9,4,7,5,14,14,13,14,13,2,3,,,11,14,,,12,10,12,11,12,14,14,14,14,14,4,3,11,12,12,14,13,7,10,9,8,14,14,3,,9,,,b'\x11\xe8\xe1I\xc9X\xae`\xaf\x82\x12\xdf\x17\xaeN\x1e'
11E8E149-C958-AE60-AF82-12DF17AE4E1E,2023-ncaa-d1-natl,ncaa,265,257,219,273,240,125,118,95,172,99,71,215,198,220,138,261,147,167,99,168,280,107,94,189,185,184,255,232,186,96,128,80,62,69,84,96,104,266,209,148,253,287,176,235,,,189,151,,,233,101,12,61,63,57,24,45,24,186,195,108,135,138,31,8,60,24,18,50,299,233,159,,249,,,234,309,327,286,280,344,315,278,142,153,147,91,225,200,259,199,102,285,244,258,247,307,36,70,130,103,62,234,128,189,84,301,195,261,312,325,329,303,203,118,,,223,308,,,233,259,177,285,232,346,355,354,355,358,179,196,254,239,238,349,334,167,291,269,322,226,336,233,,174,,,b'\x11\xe8\xe1I\xc9X\xae`\xaf\x82\x12\xdf\x17\xaeN\x1e'
11E8E149-C958-AE60-AF82-12DF17AE4E1E,2024-ncaa-d0-natl,ncaa,86,176,8,138,9,34,22,13,114,34,27,115,48,42,141,151,144,103,304,104,285,13,15,114,147,99,221,137,321,32,143,34,42,21,100,48,185,178,39,67,78,145,274,311,,,171,35,,,109,15,157,144,91,62,41,70,111,109,105,265,235,239,61,125,100,114,89,104,50,152,327,,37,,,112,347,349,335,259,303,275,248,358,352,320,338,116,89,284,87,52,327,337,305,276,265,280,346,16,166,42,350,143,340,100,358,338,57,147,294,280,129,246,109,,,71,273,,,109,345,86,217,115,207,246,195,134,65,342,315,28,21,19,122,130,39,250,149,328,163,140,144,,237,,,b'\x11\xe8\xe1I\xc9X\xae`\xaf\x82\x12\xdf\x17\xaeN\x1e'
11E8E149-C958-AE60-AF82-12DF17AE4E1E,2024-ncaa-d1-conf-Big Ten,ncaa,10,11,5,11,7,11,11,7,13,11,6,13,9,8,13,8,14,14,14,13,12,7,7,12,14,11,11,8,14,3,9,8,6,6,10,13,14,5,5,12,8,7,13,13,,,3,4,,,11,9,13,9,13,11,9,11,5,9,8,14,14,14,9,12,3,10,7,13,5,10,13,,2,,,11,7,7,6,13,2,1,12,14,13,14,14,1,1,4,1,7,4,4,14,14,12,14,14,1,5,6,13,9,10,10,14,14,9,8,12,10,11,6,5,,,12,13,,,11,6,11,12,11,9,9,5,1,1,14,14,2,2,2,4,2,5,14,12,12,10,10,5,,14,,,b'\x11\xe8\xe1I\xc9X\xae`\xaf\x82\x12\xdf\x17\xaeN\x1e'
11E8E149-C958-AE60-AF82-12DF17AE4E1E,2024-ncaa-d1-natl,ncaa,108,177,9,149,11,46,27,17,126,38,32,128,58,49,146,154,164,126,307,129,285,19,20,123,155,106,221,139,319,41,150,46,47,25,119,59,195,150,40,71,93,157,294,323,,,137,38,,,133,24,169,146,101,70,48,84,113,115,108,270,238,242,64,139,112,122,104,118,51,165,336,,39,,,138,344,346,330,270,291,255,266,360,351,326,339,99,74,293,74,52,320,327,313,288,286,281,348,17,138,47,349,150,327,119,359,341,77,161,306,259,144,237,122,,,87,268,,,133,336,97,239,140,225,263,200,149,69,346,318,30,23,22,127,129,42,259,164,333,179,148,153,,241,,,b'\x11\xe8\xe1I\xc9X\xae`\xaf\x82\x12\xdf\x17\xaeN\x1e'
11E8E149-C958-AE60-AF82-12DF17AE4E1E,2025-ncaa-d0-natl,genius_ncaa,39,77,12,70,14,26,22,19,73,24,20,68,53,46,121,186,54,69,84,65,257,20,32,79,88,34,236,193,257,32,88,28,17,22,42,24,116,33,6,9,92,128,282,318,,,233,98,,59,33,36,268,148,46,43,45,44,91,117,126,143,188,185,53,185,85,102,71,48,6,168,325,,64,,25,39,311,326,322,165,281,273,193,322,327,183,299,123,126,139,130,77,308,304,195,145,159,197,294,41,117,17,331,88,289,42,345,308,89,166,244,106,23,244,85,,,33,141,,121,33,324,19,116,40,86,124,118,95,72,237,243,35,39,41,72,55,17,152,77,250,206,27,131,,156,,195,b'\x11\xe8\xe1I\xc9X\xae`\xaf\x82\x12\xdf\x17\xaeN\x1e'
11E8E149-C958-AE60-AF82-12DF17AE4E1E,2025-ncaa-d1-conf-Big Ten,genius_ncaa,13,13,9,13,10,11,11,8,11,10,10,5,14,9,17,9,11,13,6,13,14,9,11,13,12,11,15,13,11,9,10,10,3,8,7,12,12,2,1,4,12,11,18,18,,,5,7,,1,12,14,14,5,10,10,5,7,9,14,9,12,13,13,8,12,6,10,7,13,1,13,18,,6,,1,12,8,9,5,13,7,5,12,15,10,17,15,1,4,5,4,8,3,4,15,14,13,13,16,3,2,3,9,10,6,7,14,16,12,8,13,6,8,5,5,,,10,9,,9,12,7,8,11,11,10,10,5,6,2,15,12,1,4,4,3,3,2,12,7,13,9,6,6,,11,,9,b'\x11\xe8\xe1I\xc9X\xae`\xaf\x82\x12\xdf\x17\xaeN\x1e'
11E8E149-C958-AE60-AF82-12DF17AE4E1E,2025-ncaa-d1-natl,genius_ncaa,44,77,15,70,18,31,25,19,79,26,26,70,69,59,127,185,64,80,86,79,255,20,42,85,90,37,229,194,248,37,96,33,19,26,47,28,120,24,6,9,105,140,294,320,,,205,105,,50,38,49,271,147,51,47,47,45,93,125,133,143,186,184,56,196,95,111,81,51,6,182,326,,68,,24,43,296,312,315,184,270,260,203,316,323,198,300,108,110,147,113,77,299,286,208,167,176,198,293,40,97,19,324,96,270,47,341,310,104,173,265,89,23,229,87,,,43,133,,131,38,309,20,131,45,99,133,119,98,77,241,245,37,39,41,78,54,18,160,81,263,226,29,142,,157,,192,b'\x11\xe8\xe1I\xc9X\xae`\xaf\x82\x12\xdf\x17\xaeN\x1e'
11E8E149-C958-AE60-AF82-12DF17AE4E1E,2026-ncaa-d0-natl,genius_ncaa,55,80,49,81,50,37,32,23,79,34,23,104,56,71,71,212,108,134,71,133,324,27,64,83,90,33,248,157,304,23,47,48,20,33,30,20,39,24,3,5,55,56,117,108,,,122,31,,153,18,85,287,15,28,26,10,29,22,71,110,164,217,215,14,104,31,51,23,17,3,77,164,,22,,111,16,121,114,236,22,74,165,35,247,306,64,334,116,81,316,69,67,202,250,25,27,20,301,313,137,117,20,281,47,229,30,211,317,43,45,70,25,6,260,110,,,118,269,,66,18,272,19,14,16,10,12,59,11,26,151,254,43,24,22,23,58,29,162,86,94,72,7,194,,229,,115,b'\x11\xe8\xe1I\xc9X\xae`\xaf\x82\x12\xdf\x17\xaeN\x1e'
11E8E149-C958-AE60-AF82-12DF17AE4E1E,2026-ncaa-d1-conf-Big Ten,genius_ncaa,10,10,1,10,1,4,9,2,13,14,9,15,1,1,5,6,2,2,8,2,2,1,1,10,8,10,1,4,2,1,4,4,10,1,7,6,3,15,13,11,3,7,8,10,,,12,3,,5,10,2,5,1,4,9,2,14,9,1,1,2,2,2,1,1,1,4,1,6,15,3,8,,12,,5,10,16,18,18,12,17,18,9,15,15,12,9,14,12,10,12,8,17,17,12,12,11,10,11,7,15,10,14,4,15,7,12,5,5,7,9,15,11,8,10,,,2,4,,2,10,18,8,10,9,16,18,18,17,18,15,15,14,12,12,17,17,15,14,15,12,5,15,8,,2,,2,b'\x11\xe8\xe1I\xc9X\xae`\xaf\x82\x12\xdf\x17\xaeN\x1e'
11E8E149-C958-AE60-AF82-12DF17AE4E1E,2026-ncaa-d1-natl,genius_ncaa,74,80,85,97,85,45,38,35,90,40,36,125,73,98,77,209,141,174,68,171,327,44,106,94,101,39,236,156,302,38,62,66,23,46,42,21,43,8,3,5,82,76,150,125,,,67,33,,125,18,138,296,12,33,28,14,34,27,75,117,174,229,225,20,130,43,61,30,17,4,103,178,,23,,110,17,69,67,179,23,44,111,44,218,283,76,332,80,44,328,40,70,148,194,29,32,23,298,312,134,70,23,235,62,175,42,171,320,74,59,94,13,7,241,127,,,169,261,,86,18,215,20,16,16,13,16,66,12,28,170,260,52,26,25,30,57,34,182,96,116,103,8,211,,230,,113,b'\x11\xe8\xe1I\xc9X\xae`\xaf\x82\x12\xdf\x17\xaeN\x1e'
11E8E149-C95D-058C-AF82-12DF17AE4E1E,2010-ncaa-d0-natl,ncaa,72,101,20,95,31,32,25,16,100,50,77,63,16,11,127,40,178,166,194,166,270,24,26,69,105,61,119,57,329,28,91,58,220,39,157,28,136,144,33,29,52,96,60,74,,,249,107,,,35,31,132,153,44,31,17,96,174,29,23,259,257,257,43,86,55,163,95,43,50,96,82,,122,,,35,262,270,296,108,276,285,152,210,269,53,221,153,191,67,169,100,296,314,109,83,55,123,173,103,308,220,319,91,328,157,183,70,25,70,44,85,33,221,163,,,120,309,,,35,309,41,60,42,100,131,176,157,158,142,213,86,102,94,147,226,244,219,239,86,71,42,159,,259,,,b'\x11\xe8\xe1I\xc9]\x05\x8c\xaf\x82\x12\xdf\x17\xaeN\x1e'
11E8E149-C95D-058C-AF82-12DF17AE4E1E,2010-ncaa-d1-conf-SEC,ncaa,4,3,4,4,6,5,4,3,8,8,9,6,2,1,7,2,8,9,6,9,7,3,3,7,7,7,3,3,8,6,9,3,9,5,9,4,4,4,6,4,2,5,4,4,,,9,5,,,4,3,4,6,5,4,1,8,9,2,2,8,9,9,2,3,6,3,4,4,5,5,4,,7,,,4,5,5,9,3,4,8,3,7,9,2,8,9,9,3,9,8,9,10,3,3,5,9,7,8,11,9,11,9,12,9,5,5,2,3,3,7,6,8,8,,,9,11,,,4,9,7,5,4,5,5,9,4,8,5,7,7,9,8,10,9,10,10,10,6,4,7,8,,11,,,b'\x11\xe8\xe1I\xc9]\x05\x8c\xaf\x82\x12\xdf\x17\xaeN\x1e'
11E8E149-C95D-058C-AF82-12DF17AE4E1E,2010-ncaa-d1-natl,ncaa,74,100,22,97,31,34,26,18,105,54,85,64,18,11,133,40,182,175,192,175,271,26,28,72,107,65,118,57,330,30,92,65,227,41,159,33,138,128,34,30,56,104,62,78,,,235,107,,,36,34,132,154,45,31,20,101,174,28,22,263,257,256,45,88,59,167,100,43,49,99,84,,125,,,38,251,266,291,114,269,280,156,202,264,59,220,148,182,68,158,102,291,313,114,86,58,122,173,101,307,227,312,92,326,159,175,71,26,73,47,78,34,213,168,,,133,308,,,36,307,43,72,44,103,141,176,159,160,142,211,86,103,94,150,226,246,222,242,88,73,42,164,,260,,,b'\x11\xe8\xe1I\xc9]\x05\x8c\xaf\x82\x12\xdf\x17\xaeN\x1e'
11E8E149-C95D-058C-AF82-12DF17AE4E1E,2010-ncaa-d1-ncaatournament,ncaa,9,2,9,9,11,12,11,12,8,12,12,11,3,6,5,19,24,25,39,25,48,13,14,3,5,5,22,9,55,12,19,16,32,15,21,8,14,50,20,6,12,29,18,37,,,44,5,,,11,14,36,9,11,8,25,27,36,7,17,44,47,47,32,42,32,44,41,4,11,34,41,,3,,,11,56,55,52,43,48,49,38,61,59,52,61,40,34,50,34,12,50,51,53,49,42,52,63,5,52,32,49,19,49,21,60,57,12,18,42,32,5,53,42,,,15,32,,,11,51,2,39,11,32,35,27,20,10,61,59,6,4,5,13,22,27,7,8,53,19,5,42,,37,,,b'\x11\xe8\xe1I\xc9]\x05\x8c\xaf\x82\x12\xdf\x17\xaeN\x1e'
11E8E149-C95D-058C-AF82-12DF17AE4E1E,2011-ncaa-d0-natl,ncaa,192,207,170,203,119,253,190,140,245,211,167,266,115,133,119,101,338,341,256,341,343,206,239,220,272,240,207,59,343,131,138,200,259,158,210,284,329,68,115,240,218,201,124,109,,,206,260,,,183,270,334,1,268,184,98,215,155,103,114,342,342,342,209,250,118,183,123,302,84,206,114,,233,,,183,51,63,99,94,105,136,120,57,100,40,117,137,200,12,199,231,114,108,65,55,86,104,93,211,246,259,173,138,208,210,48,83,208,183,115,19,35,176,168,,,333,337,,,183,76,215,118,178,83,89,114,135,163,71,109,148,232,233,134,109,276,213,250,60,204,25,196,,341,,,b'\x11\xe8\xe1I\xc9]\x05\x8c\xaf\x82\x12\xdf\x17\xaeN\x1e'
11E8E149-C95D-058C-AF82-12DF17AE4E1E,2011-ncaa-d1-conf-SEC,ncaa,10,11,3,11,8,8,6,5,10,11,8,11,2,1,3,1,12,12,5,12,12,8,7,6,9,10,1,1,12,5,9,7,9,7,9,8,7,7,9,12,6,7,3,3,,,10,10,,,10,8,9,7,11,8,6,12,9,2,1,12,12,12,9,9,6,8,8,10,8,6,3,,9,,,10,7,6,6,7,7,6,9,3,6,4,5,12,12,2,12,12,8,6,7,8,9,3,2,12,9,9,10,9,10,9,11,8,5,5,9,7,7,7,8,,,11,12,,,10,6,9,9,10,8,6,3,7,4,3,4,11,12,12,6,4,8,10,9,9,5,7,6,,11,,,b'\x11\xe8\xe1I\xc9]\x05\x8c\xaf\x82\x12\xdf\x17\xaeN\x1e'
11E8E149-C95D-058C-AF82-12DF17AE4E1E,2011-ncaa-d1-natl,ncaa,206,202,199,213,132,268,215,160,249,233,184,273,126,141,121,102,341,341,256,341,343,234,273,227,274,240,205,58,343,146,143,224,262,190,212,296,329,54,116,242,236,208,131,111,,,186,261,,,194,292,336,1,270,189,99,224,161,108,114,342,342,342,211,253,121,188,131,307,85,214,116,,235,,,194,38,48,80,96,92,117,123,51,87,42,115,130,188,12,188,230,84,74,69,60,96,102,93,212,230,262,151,143,192,212,38,83,233,191,122,15,34,162,174,,,340,337,,,194,54,220,128,186,87,91,118,139,166,71,109,151,233,233,139,108,276,214,250,65,213,25,196,,341,,,b'\x11\xe8\xe1I\xc9]\x05\x8c\xaf\x82\x12\xdf\x17\xaeN\x1e'
11E8E149-C95D-058C-AF82-12DF17AE4E1E,2012-ncaa-d0-natl,ncaa,171,174,163,186,198,256,218,152,290,185,136,276,226,184,292,173,310,299,307,294,319,176,177,287,312,292,271,192,302,90,95,206,321,153,239,297,327,160,185,289,132,139,31,24,,,194,188,,,218,216,200,189,271,211,100,176,115,223,170,320,296,293,151,149,64,197,104,309,187,116,24,,228,,,218,102,111,197,49,112,167,81,144,233,41,222,129,183,20,183,193,201,192,51,45,61,181,185,174,329,321,192,95,293,239,135,192,178,192,157,95,117,118,91,,,319,337,,,218,134,274,142,213,138,136,250,138,205,159,241,153,212,214,254,247,330,234,315,160,165,127,130,,325,,,b'\x11\xe8\xe1I\xc9]\x05\x8c\xaf\x82\x12\xdf\x17\xaeN\x1e'
11E8E149-C95D-058C-AF82-12DF17AE4E1E,2012-ncaa-d1-conf-SEC,ncaa,10,10,8,10,8,12,10,7,11,9,8,10,11,8,11,6,12,12,11,12,12,10,12,11,11,10,12,7,12,10,12,7,11,11,12,11,10,6,7,11,8,7,4,5,,,4,3,,,10,9,8,4,12,10,6,9,6,10,8,12,12,12,8,9,10,6,9,11,7,7,2,,7,,,10,7,8,7,4,5,5,5,9,9,7,9,4,5,5,4,5,8,5,5,5,9,8,9,5,12,11,11,12,12,12,10,10,11,9,10,7,8,6,5,,,12,12,,,10,4,11,9,10,9,9,11,7,8,11,9,6,7,7,11,9,12,11,12,10,9,8,7,,12,,,b'\x11\xe8\xe1I\xc9]\x05\x8c\xaf\x82\x12\xdf\x17\xaeN\x1e'
11E8E149-C95D-058C-AF82-12DF17AE4E1E,2012-ncaa-d1-natl,ncaa,186,173,196,191,238,271,238,181,294,205,155,278,234,192,293,172,315,306,306,304,319,209,210,291,316,293,267,191,301,98,99,241,324,171,250,310,328,138,189,293,151,143,35,27,,,175,190,,,230,252,203,180,277,220,106,186,119,225,170,320,299,296,157,155,66,208,111,314,192,123,24,,232,,,229,85,85,172,53,93,143,86,133,220,40,221,118,168,22,170,198,171,159,60,49,71,179,184,174,325,324,169,99,277,250,118,192,204,201,163,84,121,115,92,,,324,337,,,230,101,280,150,226,145,141,252,144,209,163,243,158,218,219,255,245,332,238,319,164,170,127,135,,325,,,b'\x11\xe8\xe1I\xc9]\x05\x8c\xaf\x82\x12\xdf\x17\xaeN\x1e'
11E8E149-C95D-058C-AF82-12DF17AE4E1E,2013-ncaa-d0-natl,ncaa,196,197,183,203,236,268,275,264,269,207,135,295,308,328,177,319,169,189,119,186,216,253,197,293,278,304,265,293,54,202,137,254,323,239,249,253,174,312,322,309,236,259,28,32,,,315,329,,,278,199,157,267,284,287,268,203,104,314,323,147,178,173,264,182,182,260,235,259,311,232,20,,331,,,276,149,79,111,113,206,218,142,6,23,11,18,333,329,258,327,312,174,178,61,136,124,105,6,339,295,323,79,137,182,249,115,184,152,134,114,328,334,323,311,,,127,73,,,278,140,305,183,279,183,109,128,222,276,9,24,335,335,334,220,223,320,96,222,140,126,328,326,,78,,,b'\x11\xe8\xe1I\xc9]\x05\x8c\xaf\x82\x12\xdf\x17\xaeN\x1e'
11E8E149-C95D-058C-AF82-12DF17AE4E1E,2013-ncaa-d1-conf-SEC,ncaa,11,11,10,11,12,14,14,14,13,13,13,14,11,12,11,8,13,13,8,13,12,14,13,14,13,14,8,8,7,13,12,12,13,14,12,14,7,14,14,14,12,12,3,4,,,13,14,,,13,13,11,9,14,14,14,13,13,11,11,13,13,13,14,13,13,12,14,14,14,12,3,,14,,,14,7,3,1,10,6,2,11,2,3,2,3,14,14,14,14,14,4,3,8,11,11,11,1,14,10,13,8,12,8,12,8,12,9,7,9,14,14,13,13,,,12,12,,,13,1,14,11,14,9,4,2,6,3,3,3,14,14,14,7,6,12,10,12,8,6,14,13,,12,,,b'\x11\xe8\xe1I\xc9]\x05\x8c\xaf\x82\x12\xdf\x17\xaeN\x1e'
11E8E149-C95D-058C-AF82-12DF17AE4E1E,2013-ncaa-d1-natl,ncaa,201,196,210,206,274,288,291,285,273,222,153,296,314,329,180,319,182,201,117,198,215,274,229,293,279,305,262,293,50,222,142,276,325,270,255,274,175,301,325,311,255,265,30,35,,,312,329,,,285,232,161,267,289,291,272,205,109,314,323,147,177,170,267,186,185,266,243,268,311,238,21,,331,,,286,130,69,83,124,188,204,146,5,17,11,18,331,326,263,322,315,152,156,64,142,134,105,6,339,290,325,60,142,166,255,103,188,166,140,123,324,335,320,314,,,142,66,,,285,108,307,191,288,189,114,131,227,277,9,25,336,336,335,223,223,325,98,224,142,131,330,325,,80,,,b'\x11\xe8\xe1I\xc9]\x05\x8c\xaf\x82\x12\xdf\x17\xaeN\x1e'
11E8E149-C95D-058C-AF82-12DF17AE4E1E,2014-ncaa-d0-natl,ncaa,61,125,8,104,8,25,46,27,195,21,8,261,293,306,226,339,2,1,132,1,49,12,11,272,200,183,265,337,3,5,31,106,219,34,98,41,96,321,126,142,11,31,25,54,,,348,313,,,51,13,125,5,90,168,126,61,18,326,336,2,3,3,48,48,29,302,157,111,200,37,45,,318,,,62,302,246,252,174,302,321,115,49,26,236,8,341,341,194,341,282,302,335,133,177,38,99,16,323,271,219,294,31,300,98,157,76,1,2,7,341,244,345,246,,,1,4,,,51,338,127,33,63,72,50,20,151,189,13,4,287,292,294,42,220,113,102,86,46,4,281,330,,1,,,b'\x11\xe8\xe1I\xc9]\x05\x8c\xaf\x82\x12\xdf\x17\xaeN\x1e'
11E8E149-C95D-058C-AF82-12DF17AE4E1E,2014-ncaa-d1-conf-SEC,ncaa,9,13,1,11,1,7,10,5,12,8,5,12,11,8,9,10,2,2,8,2,3,4,3,13,11,11,6,10,1,4,6,11,9,8,10,4,6,13,11,12,2,4,6,6,,,14,13,,,12,3,7,1,10,12,9,11,6,11,9,2,2,2,5,3,7,13,11,9,13,3,7,,14,,,12,13,11,6,12,12,9,12,4,1,13,1,14,14,10,14,12,8,11,12,13,11,6,2,13,4,9,11,6,10,10,11,9,2,1,5,14,14,14,11,,,1,3,,,12,12,12,10,12,12,8,3,10,7,3,1,13,13,13,4,7,3,8,6,9,2,14,12,,1,,,b'\x11\xe8\xe1I\xc9]\x05\x8c\xaf\x82\x12\xdf\x17\xaeN\x1e'
11E8E149-C95D-058C-AF82-12DF17AE4E1E,2014-ncaa-d1-natl,ncaa,67,125,9,108,9,28,52,29,202,23,9,263,299,312,225,339,2,1,132,1,49,13,12,277,202,190,265,337,4,8,34,122,223,38,103,45,98,316,129,150,15,36,28,55,,,348,314,,,56,13,127,4,94,178,130,65,20,326,336,2,3,3,50,51,30,306,162,115,204,41,48,,316,,,67,290,233,232,180,296,319,122,45,18,242,8,339,337,198,337,283,293,333,137,184,42,97,16,323,258,223,286,34,290,103,141,76,1,2,7,340,244,345,252,,,1,4,,,56,338,132,35,68,74,51,20,154,188,13,4,290,288,291,42,220,116,101,87,46,5,282,331,,1,,,b'\x11\xe8\xe1I\xc9]\x05\x8c\xaf\x82\x12\xdf\x17\xaeN\x1e'
11E8E149-C95D-058C-AF82-12DF17AE4E1E,2015-ncaa-d0-natl,ncaa,20,22,26,23,27,24,48,32,164,49,38,204,77,92,80,198,4,3,101,3,29,21,17,153,107,91,91,182,23,4,12,109,197,30,48,80,221,280,98,156,33,56,26,29,,,343,315,,,11,24,95,21,28,71,49,112,81,118,136,4,7,7,24,16,11,254,66,139,180,53,26,,324,,,11,156,105,190,53,251,304,62,2,2,2,2,337,338,223,340,288,258,324,13,50,4,51,1,345,259,197,261,12,268,48,50,48,3,5,2,293,143,305,212,,,2,4,,,11,327,49,4,13,30,17,25,131,225,1,2,311,307,313,53,259,142,98,100,22,6,207,255,,2,,,b'\x11\xe8\xe1I\xc9]\x05\x8c\xaf\x82\x12\xdf\x17\xaeN\x1e'
11E8E149-C95D-058C-AF82-12DF17AE4E1E,2015-ncaa-d1-conf-SEC,ncaa,4,3,10,3,10,6,7,7,8,10,11,12,3,4,4,5,3,3,5,3,2,6,5,7,6,7,2,3,1,5,4,9,6,8,4,9,9,7,8,7,8,7,3,2,,,12,13,,,5,6,5,1,4,7,3,10,8,2,3,1,1,1,2,2,3,8,6,6,10,7,2,,13,,,5,6,3,2,10,8,7,6,1,1,8,1,13,12,12,12,12,3,7,7,9,9,7,1,13,3,6,5,4,3,4,2,3,4,3,1,10,9,11,10,,,3,1,,,5,9,6,4,5,9,6,2,10,8,1,1,14,13,13,7,13,3,7,7,3,4,11,11,,1,,,b'\x11\xe8\xe1I\xc9]\x05\x8c\xaf\x82\x12\xdf\x17\xaeN\x1e'
11E8E149-C95D-058C-AF82-12DF17AE4E1E,2015-ncaa-d1-natl,ncaa,21,22,30,23,31,27,56,34,172,60,45,209,91,107,84,196,4,4,101,4,27,23,21,160,113,97,86,178,22,6,13,137,207,33,51,94,230,264,102,161,38,59,26,28,,,342,316,,,11,27,101,20,30,84,51,116,87,120,137,4,7,7,25,17,12,261,70,146,182,55,26,,324,,,12,125,77,161,56,238,300,66,1,2,3,2,337,333,223,336,291,231,320,15,54,4,50,1,345,237,207,234,13,247,51,35,53,3,5,2,280,149,302,215,,,2,4,,,11,324,50,5,13,38,18,27,140,231,1,2,313,310,318,54,252,141,100,106,23,6,209,259,,2,,,b'\x11\xe8\xe1I\xc9]\x05\x8c\xaf\x82\x12\xdf\x17\xaeN\x1e'
11E8E149-C95D-058C-AF82-12DF17AE4E1E,2015-ncaa-d1-ncaatournament,ncaa,17,2,17,17,17,31,31,27,53,32,30,52,21,15,41,18,27,28,31,28,24,28,28,53,51,50,15,19,17,22,25,28,40,25,29,27,24,40,35,41,25,31,7,1,,,51,63,,,19,29,52,4,51,53,42,55,52,26,21,30,34,34,41,41,12,35,28,42,32,35,1,,57,,,19,32,31,33,14,30,33,22,34,35,29,35,39,53,5,55,60,34,34,14,14,7,46,33,50,43,40,39,25,37,29,37,56,15,7,9,41,39,46,53,,,23,17,,,19,35,47,4,19,4,1,4,5,3,21,25,31,51,54,7,16,35,30,31,23,10,34,45,,23,,,b'\x11\xe8\xe1I\xc9]\x05\x8c\xaf\x82\x12\xdf\x17\xaeN\x1e'
11E8E149-C95D-058C-AF82-12DF17AE4E1E,2016-ncaa-d0-natl,ncaa,12,30,8,30,9,21,26,11,165,21,6,185,145,123,232,266,10,12,76,13,195,9,9,207,170,130,245,274,86,3,5,98,178,20,50,60,218,262,48,105,67,136,31,56,,,349,324,,,15,19,182,256,82,75,37,55,31,225,211,47,63,67,31,57,6,305,84,134,85,161,54,,297,,,20,210,169,239,88,292,327,59,6,11,33,2,341,331,294,331,222,270,332,34,73,13,48,2,343,256,178,285,5,290,50,65,24,4,8,1,86,10,235,62,,,1,9,,,15,333,56,14,20,27,17,13,111,184,1,1,267,245,239,22,119,78,66,56,12,13,19,129,,4,,,b'\x11\xe8\xe1I\xc9]\x05\x8c\xaf\x82\x12\xdf\x17\xaeN\x1e'
11E8E149-C95D-058C-AF82-12DF17AE4E1E,2016-ncaa-d1-conf-SEC,ncaa,2,2,1,2,2,5,6,3,10,5,5,11,9,9,7,9,2,3,3,3,6,3,4,10,9,7,8,9,3,2,2,6,10,4,6,10,12,4,1,7,10,10,3,2,,,11,9,,,3,5,11,8,6,6,7,8,7,9,9,3,5,5,6,7,3,10,7,11,1,10,4,,9,,,3,7,5,7,5,9,11,3,2,2,7,1,13,12,9,12,7,10,10,5,6,2,4,2,12,12,10,11,2,12,6,4,3,3,4,1,1,1,9,6,,,2,3,,,3,10,5,3,3,2,1,4,7,8,1,1,10,9,10,4,4,9,8,8,3,4,1,8,,2,,,b'\x11\xe8\xe1I\xc9]\x05\x8c\xaf\x82\x12\xdf\x17\xaeN\x1e'
11E8E149-C95D-058C-AF82-12DF17AE4E1E,2016-ncaa-d1-natl,ncaa,14,30,8,31,9,25,28,15,172,22,7,194,158,133,235,266,13,18,73,21,190,11,11,211,176,139,240,273,74,3,5,126,189,24,53,69,222,235,49,110,85,153,35,59,,,346,323,,,16,23,187,256,84,78,39,65,37,226,215,47,61,69,34,60,6,313,92,144,89,169,55,,300,,,21,187,148,210,95,280,321,65,3,6,37,2,335,325,295,325,226,242,323,36,83,14,43,2,341,234,189,274,5,277,53,46,23,4,8,1,68,12,229,66,,,1,8,,,16,327,64,16,21,27,18,14,121,190,1,2,274,246,241,22,116,81,68,57,13,15,22,136,,4,,,b'\x11\xe8\xe1I\xc9]\x05\x8c\xaf\x82\x12\xdf\x17\xaeN\x1e'
11E8E149-C95D-058C-AF82-12DF17AE4E1E,2016-ncaa-d1-ncaatournament,ncaa,9,2,9,9,9,16,17,15,48,17,12,47,25,13,50,47,15,14,41,15,35,15,11,52,48,51,44,51,13,7,9,20,31,14,23,18,39,57,39,50,11,24,20,37,,,58,58,,,62,14,43,1,45,42,28,36,18,50,43,23,24,26,26,18,4,55,38,49,41,23,40,,51,,,46,53,53,49,51,56,49,53,46,42,42,17,60,60,52,60,49,49,49,51,54,51,28,15,50,42,31,55,9,51,23,55,42,7,17,26,58,41,51,31,,,14,31,,,62,51,42,47,47,41,34,7,37,16,17,14,53,47,41,7,10,6,31,21,42,20,41,39,,20,,,b'\x11\xe8\xe1I\xc9]\x05\x8c\xaf\x82\x12\xdf\x17\xaeN\x1e'
11E8E149-C95D-058C-AF82-12DF17AE4E1E,2017-ncaa-d0-natl,ncaa,2,6,1,6,1,7,6,4,26,5,3,51,97,129,52,291,1,4,81,4,116,2,2,50,39,21,267,291,92,4,10,40,76,10,24,16,228,216,20,35,30,87,43,91,,,347,311,,,7,3,219,52,21,21,55,13,29,197,256,15,27,28,36,108,44,293,145,80,24,109,97,,266,,,7,321,305,309,143,340,341,127,30,53,25,8,344,339,306,338,199,324,343,77,112,32,39,6,323,215,76,293,10,280,24,113,16,1,19,3,101,9,321,112,,,1,7,,,7,347,11,20,9,30,27,17,139,152,3,5,237,203,202,19,76,25,25,12,10,27,16,214,,5,,,b'\x11\xe8\xe1I\xc9]\x05\x8c\xaf\x82\x12\xdf\x17\xaeN\x1e'
11E8E149-C95D-058C-AF82-12DF17AE4E1E,2017-ncaa-d1-conf-SEC,ncaa,2,2,1,2,1,2,2,1,5,2,2,4,6,7,7,8,3,3,5,3,8,1,1,5,6,6,11,9,8,2,2,5,5,2,5,3,8,5,4,4,4,4,3,3,,,12,12,,,2,2,10,9,4,3,4,5,5,9,8,7,7,7,5,8,3,9,7,6,5,5,3,,9,,,2,6,5,7,4,10,11,3,1,1,4,1,12,12,11,12,8,8,12,3,4,2,5,1,13,7,5,10,2,9,5,1,1,1,3,1,5,4,13,9,,,1,3,,,2,13,4,2,2,1,1,2,5,8,1,1,10,9,9,3,5,2,4,4,1,3,4,11,,2,,,b'\x11\xe8\xe1I\xc9]\x05\x8c\xaf\x82\x12\xdf\x17\xaeN\x1e'
11E8E149-C95D-058C-AF82-12DF17AE4E1E,2017-ncaa-d1-natl,ncaa,2,6,1,6,1,7,6,5,28,5,3,56,108,140,55,289,1,4,81,4,117,3,3,53,41,22,265,285,89,5,11,46,80,10,27,18,236,191,20,36,38,96,45,91,,,346,311,,,7,4,226,40,22,25,60,15,32,198,258,15,29,28,42,115,43,299,154,83,24,117,101,,272,,,7,318,293,306,153,339,341,136,20,36,29,8,343,336,310,337,199,321,342,85,124,38,37,5,322,194,80,272,11,260,27,95,17,1,20,4,81,9,315,120,,,1,7,,,7,346,12,23,9,35,30,17,148,155,3,5,242,207,203,20,73,24,26,14,11,32,14,215,,5,,,b'\x11\xe8\xe1I\xc9]\x05\x8c\xaf\x82\x12\xdf\x17\xaeN\x1e'
11E8E149-C95D-058C-AF82-12DF17AE4E1E,2017-ncaa-d1-ncaatournament,ncaa,2,2,1,2,1,1,1,1,28,2,1,35,3,1,28,48,1,1,19,1,15,1,1,30,23,16,36,39,11,1,11,1,24,1,16,4,42,62,10,17,4,31,5,21,,,64,43,,,4,1,23,2,6,10,7,9,9,30,32,6,5,5,3,5,9,17,9,21,19,24,16,,46,,,10,64,64,64,23,64,63,30,64,64,22,35,64,64,24,64,42,64,64,23,22,21,31,29,44,63,24,64,11,64,16,64,17,1,19,16,57,3,64,38,,,1,19,,,4,64,9,18,10,27,27,33,35,28,26,38,37,43,39,39,44,33,30,27,21,18,5,46,,11,,,b'\x11\xe8\xe1I\xc9]\x05\x8c\xaf\x82\x12\xdf\x17\xaeN\x1e'
11E8E149-C95D-058C-AF82-12DF17AE4E1E,2018-ncaa-d0-natl,ncaa,1,2,1,2,2,3,5,2,14,6,5,28,26,45,7,236,2,3,56,3,151,1,2,17,17,3,207,183,182,9,35,22,51,9,39,12,260,52,3,9,34,103,39,121,,,270,37,,,3,3,205,260,10,12,49,18,48,74,175,23,54,53,41,128,87,195,131,53,3,126,102,,28,,,3,293,319,331,94,338,346,78,62,97,44,12,206,164,327,156,16,324,341,56,52,20,3,16,115,236,51,313,35,305,39,49,2,3,22,1,18,2,248,42,,,1,28,,,3,346,4,13,3,20,47,51,164,236,8,6,31,16,15,27,76,25,46,26,4,50,4,93,,21,,,b'\x11\xe8\xe1I\xc9]\x05\x8c\xaf\x82\x12\xdf\x17\xaeN\x1e'
11E8E149-C95D-058C-AF82-12DF17AE4E1E,2018-ncaa-d1-conf-SEC,ncaa,1,1,1,1,2,1,1,2,1,3,6,2,2,5,1,6,5,5,4,5,7,2,5,2,2,1,7,6,11,4,7,7,3,6,5,2,8,1,1,1,3,3,7,9,,,2,2,,,1,6,11,8,1,1,2,5,7,2,6,5,6,6,5,11,7,8,8,2,1,5,7,,2,,,1,2,5,6,6,8,9,5,2,1,5,1,2,2,4,2,2,4,8,5,4,2,1,2,3,1,3,11,7,4,5,1,1,3,2,1,1,1,9,7,,,1,3,,,1,9,1,2,1,1,3,2,6,5,1,1,1,2,2,1,1,1,5,2,1,3,1,8,,3,,,b'\x11\xe8\xe1I\xc9]\x05\x8c\xaf\x82\x12\xdf\x17\xaeN\x1e'
11E8E149-C95D-058C-AF82-12DF17AE4E1E,2018-ncaa-d1-natl,ncaa,1,2,1,2,2,3,5,2,14,6,5,29,28,50,7,236,2,4,56,4,148,1,4,18,17,4,202,184,179,15,42,23,57,11,42,12,264,39,3,10,47,112,40,128,,,247,39,,,3,5,210,259,11,14,52,19,48,75,178,25,57,57,42,138,89,204,140,57,3,137,103,,28,,,3,285,318,326,101,335,346,87,45,71,47,12,189,139,328,132,17,320,340,59,57,26,3,14,114,210,57,302,42,286,42,39,2,6,26,1,13,2,237,46,,,1,25,,,3,344,4,16,3,21,54,53,177,239,8,7,34,18,17,28,75,29,50,28,4,53,4,101,,23,,,b'\x11\xe8\xe1I\xc9]\x05\x8c\xaf\x82\x12\xdf\x17\xaeN\x1e'
11E8E149-C95D-058C-AF82-12DF17AE4E1E,2018-ncaa-d1-ncaatournament,ncaa,2,2,1,2,1,3,3,2,20,4,2,26,3,3,24,51,1,1,18,1,25,2,2,27,23,18,37,42,18,2,22,1,12,2,11,5,46,64,26,32,7,44,3,14,,,64,23,,,3,2,46,5,23,23,33,20,16,37,49,10,15,13,24,29,21,11,10,37,24,45,13,,16,,,6,63,63,63,6,63,63,13,58,62,10,31,64,64,48,64,19,63,63,2,5,6,27,24,38,63,12,64,22,64,11,57,6,1,30,4,60,14,61,24,,,1,16,,,3,63,19,8,5,5,6,27,17,35,17,24,23,19,16,17,15,17,25,16,2,31,15,25,,14,,,b'\x11\xe8\xe1I\xc9]\x05\x8c\xaf\x82\x12\xdf\x17\xaeN\x1e'
11E8E149-C95D-058C-AF82-12DF17AE4E1E,2019-ncaa-d0-natl,ncaa,4,2,7,3,11,5,5,5,5,3,3,16,157,260,9,339,2,2,76,2,173,4,3,13,10,5,333,335,133,2,1,34,96,5,2,12,272,96,6,15,28,74,6,9,,,302,124,,,1,10,107,272,2,3,14,3,3,241,326,5,7,7,6,32,3,155,15,24,18,81,7,,122,,,1,251,254,307,81,252,335,31,210,164,291,65,194,185,207,189,64,304,338,70,67,19,149,181,146,271,96,33,1,89,2,52,9,2,18,2,82,15,344,159,,,1,55,,,1,343,2,17,1,36,44,69,70,192,86,36,74,69,71,46,168,85,1,1,8,30,31,311,,17,,,b'\x11\xe8\xe1I\xc9]\x05\x8c\xaf\x82\x12\xdf\x17\xaeN\x1e'
11E8E149-C95D-058C-AF82-12DF17AE4E1E,2019-ncaa-d1-conf-SEC,ncaa,1,1,2,1,3,1,1,2,1,1,1,2,6,11,2,13,1,2,3,2,10,2,1,2,2,1,11,12,5,1,1,5,3,1,1,1,10,5,2,1,3,4,3,3,,,11,8,,,1,2,6,8,1,1,1,1,1,9,11,1,2,2,1,1,1,7,3,2,3,3,3,,9,,,1,9,10,7,5,6,7,4,13,9,12,11,5,6,5,6,7,7,13,6,6,4,13,12,5,7,3,3,1,2,1,3,3,2,3,1,6,3,14,11,,,1,5,,,1,13,1,2,1,5,5,4,2,3,10,6,4,4,4,4,6,3,2,1,2,3,4,14,,4,,,b'\x11\xe8\xe1I\xc9]\x05\x8c\xaf\x82\x12\xdf\x17\xaeN\x1e'
11E8E149-C95D-058C-AF82-12DF17AE4E1E,2019-ncaa-d1-natl,ncaa,5,2,11,3,18,5,5,9,5,3,3,18,166,280,11,339,2,2,76,2,172,6,6,13,11,5,332,335,129,2,1,43,101,8,2,13,275,69,7,15,47,84,7,9,,,275,131,,,2,20,114,272,2,3,18,3,3,240,327,5,8,7,8,34,3,165,15,27,17,91,7,,124,,,1,222,229,291,87,236,324,36,194,137,296,59,172,164,211,166,68,286,328,76,73,22,148,180,150,243,101,12,1,54,2,45,9,3,21,3,67,15,342,166,,,1,57,,,2,331,2,22,1,40,56,71,77,194,87,36,78,71,73,50,168,88,1,1,10,35,33,315,,15,,,b'\x11\xe8\xe1I\xc9]\x05\x8c\xaf\x82\x12\xdf\x17\xaeN\x1e'
11E8E149-C95D-058C-AF82-12DF17AE4E1E,2019-ncaa-d1-ncaatournament,ncaa,5,2,5,5,5,5,5,7,3,3,4,6,16,14,23,62,2,1,28,1,4,5,5,7,2,2,46,60,5,6,6,8,21,6,8,6,44,56,16,17,3,10,4,3,,,58,17,,,2,5,29,7,2,5,36,5,10,52,60,1,1,1,13,19,12,26,18,21,17,8,6,,16,,,2,59,59,58,21,55,58,14,60,57,38,44,53,52,43,53,18,58,59,20,23,6,38,45,22,55,21,54,6,53,8,58,20,2,6,3,58,26,63,44,,,4,4,,,2,60,2,5,2,8,14,18,11,19,36,29,15,15,15,11,28,19,3,5,13,7,24,55,,2,,,b'\x11\xe8\xe1I\xc9]\x05\x8c\xaf\x82\x12\xdf\x17\xaeN\x1e'
11E8E149-C95D-058C-AF82-12DF17AE4E1E,2020-ncaa-d0-natl,ncaa,11,23,1,22,4,6,3,5,7,1,1,17,284,320,115,344,15,10,192,11,279,3,5,22,26,16,349,345,242,25,51,71,211,34,93,31,312,107,21,39,18,75,12,25,,,343,269,,,8,2,65,255,11,5,12,2,4,321,336,66,58,65,14,52,78,223,144,67,31,59,20,,278,,,8,243,241,273,139,293,338,87,69,48,200,14,285,312,54,313,197,297,344,84,94,27,62,34,263,293,211,198,51,252,93,127,69,6,20,10,73,15,323,115,,,6,105,,,8,346,13,30,10,80,87,73,176,249,27,12,200,238,240,95,252,195,55,77,53,15,27,292,,50,,,b'\x11\xe8\xe1I\xc9]\x05\x8c\xaf\x82\x12\xdf\x17\xaeN\x1e'
11E8E149-C95D-058C-AF82-12DF17AE4E1E,2020-ncaa-d1-conf-SEC,ncaa,2,2,1,2,2,3,2,3,2,1,1,2,13,11,10,13,5,5,7,5,12,3,3,3,3,3,13,13,13,4,6,5,6,3,6,2,12,5,4,3,2,2,3,3,,,13,9,,,2,2,4,6,3,2,3,1,1,13,12,7,8,8,3,6,9,9,8,4,4,2,3,,11,,,2,7,8,10,5,6,11,5,5,6,9,4,9,11,3,10,8,10,12,6,5,2,7,5,9,7,6,8,6,7,6,4,3,1,1,1,6,5,13,7,,,3,6,,,2,13,3,2,2,4,5,3,6,5,5,4,4,6,6,4,10,5,5,3,2,1,5,12,,5,,,b'\x11\xe8\xe1I\xc9]\x05\x8c\xaf\x82\x12\xdf\x17\xaeN\x1e'
11E8E149-C95D-058C-AF82-12DF17AE4E1E,2020-ncaa-d1-natl,ncaa,13,23,2,23,6,6,3,7,9,1,1,18,297,323,122,345,22,18,192,18,275,4,7,23,27,17,349,345,236,35,55,98,216,45,101,38,315,87,22,42,32,79,14,28,,,337,272,,,9,4,68,256,11,5,14,2,4,323,336,67,60,64,14,59,86,229,153,72,31,73,20,,281,,,9,228,225,249,147,282,331,95,55,33,209,13,273,305,56,306,200,279,341,96,103,31,58,32,264,278,216,168,55,223,101,114,70,7,24,13,57,17,321,122,,,8,102,,,9,342,14,34,10,84,95,75,182,252,26,11,210,241,243,100,252,196,58,81,56,22,29,295,,53,,,b'\x11\xe8\xe1I\xc9]\x05\x8c\xaf\x82\x12\xdf\x17\xaeN\x1e'
11E8E149-C95D-058C-AF82-12DF17AE4E1E,2021-ncaa-d0-natl,ncaa,174,104,248,148,253,188,151,206,39,123,186,49,185,228,73,230,265,238,320,235,258,215,244,51,83,72,283,201,314,227,191,207,137,220,137,159,198,60,66,68,290,296,88,78,,,123,227,,,97,238,103,47,49,26,51,25,55,125,185,260,199,188,60,87,161,58,80,64,89,281,52,,241,,,88,108,97,109,93,112,152,73,80,72,157,62,212,160,336,150,180,110,98,75,128,171,180,76,307,111,137,106,191,102,137,71,68,258,243,151,84,121,30,8,,,272,301,,,97,96,74,176,103,216,167,238,199,290,118,96,318,259,252,262,251,216,219,227,100,221,148,19,,269,,,b'\x11\xe8\xe1I\xc9]\x05\x8c\xaf\x82\x12\xdf\x17\xaeN\x1e'
11E8E149-C95D-058C-AF82-12DF17AE4E1E,2021-ncaa-d1-conf-SEC,ncaa,9,8,13,9,13,13,13,13,8,13,13,5,8,8,9,6,13,13,14,13,10,13,13,7,9,8,6,6,14,12,11,13,8,13,10,11,5,3,9,5,12,11,8,6,,,2,10,,,10,13,9,3,10,8,9,7,10,6,6,14,12,11,9,9,10,8,8,5,7,10,5,,9,,,11,2,2,2,6,2,2,7,4,4,10,9,6,3,14,3,7,2,2,8,8,8,8,8,10,2,8,4,11,3,10,3,8,11,9,8,5,12,2,1,,,13,13,,,10,2,10,7,11,8,7,7,8,6,7,9,11,7,7,7,9,10,11,11,7,9,11,1,,14,,,b'\x11\xe8\xe1I\xc9]\x05\x8c\xaf\x82\x12\xdf\x17\xaeN\x1e'
11E8E149-C95D-058C-AF82-12DF17AE4E1E,2021-ncaa-d1-natl,ncaa,184,104,259,154,263,200,164,222,40,136,203,52,188,238,73,228,276,253,321,247,259,230,254,54,85,72,280,200,314,236,196,226,145,237,141,178,202,55,68,71,298,300,95,77,,,111,231,,,105,249,107,46,53,28,54,27,53,128,193,262,199,189,66,91,166,62,84,67,87,284,51,,247,,,95,98,89,101,103,106,139,77,76,67,163,61,204,151,337,142,182,102,89,82,136,180,175,75,307,104,145,100,196,93,141,70,69,269,252,155,76,124,29,11,,,281,302,,,105,87,77,191,111,221,174,239,207,296,119,95,318,266,256,266,253,219,221,227,104,229,150,20,,270,,,b'\x11\xe8\xe1I\xc9]\x05\x8c\xaf\x82\x12\xdf\x17\xaeN\x1e'
11E8E149-C95D-058C-AF82-12DF17AE4E1E,2022-ncaa-d0-natl,ncaa,158,157,163,165,202,96,67,97,66,69,106,47,106,104,133,146,262,196,341,184,247,101,158,65,114,57,256,154,335,154,219,209,316,201,292,170,328,10,4,41,77,80,21,32,,,53,28,,,116,162,95,275,52,27,21,36,83,96,98,273,195,185,25,125,144,232,202,166,7,65,13,,43,,,116,244,272,234,247,299,295,181,118,60,304,29,191,194,202,193,94,231,229,212,208,219,58,77,137,316,316,268,219,306,292,204,117,154,186,186,4,3,173,128,,,229,267,,,116,201,47,258,113,259,291,273,317,337,115,56,192,199,195,268,283,320,293,316,214,142,6,179,,239,,,b'\x11\xe8\xe1I\xc9]\x05\x8c\xaf\x82\x12\xdf\x17\xaeN\x1e'
11E8E149-C95D-058C-AF82-12DF17AE4E1E,2022-ncaa-d1-conf-SEC,ncaa,11,10,9,11,13,9,8,13,1,8,11,1,5,5,2,4,14,14,9,14,13,13,13,2,2,1,6,4,14,14,14,13,14,14,14,12,13,2,2,5,2,2,11,10,,,3,3,,,10,13,7,12,7,3,12,7,11,4,4,14,14,14,12,13,14,12,14,11,2,2,10,,3,,,10,10,11,5,12,11,7,12,5,6,9,6,8,7,13,7,7,5,6,12,12,12,6,5,8,8,14,7,14,8,14,10,10,8,5,9,2,4,3,5,,,14,11,,,10,3,3,14,9,13,12,5,13,11,7,7,11,9,9,6,8,12,11,11,11,6,2,4,,13,,,b'\x11\xe8\xe1I\xc9]\x05\x8c\xaf\x82\x12\xdf\x17\xaeN\x1e'
11E8E149-C95D-058C-AF82-12DF17AE4E1E,2022-ncaa-d1-natl,ncaa,176,157,213,175,251,120,80,117,70,78,133,57,123,124,138,148,280,224,341,211,246,128,209,75,120,60,255,151,333,183,225,252,323,242,308,203,332,6,5,48,100,89,24,34,,,41,30,,,141,209,98,275,56,30,23,38,87,102,99,276,198,185,32,134,159,246,221,178,8,74,14,,48,,,142,215,249,193,261,286,286,187,109,46,310,28,171,166,214,163,96,191,183,225,226,240,54,78,135,307,323,248,225,287,308,194,118,195,201,201,2,4,158,139,,,263,264,,,141,147,54,277,137,273,302,276,325,339,119,56,202,204,200,270,281,324,298,320,225,158,6,185,,237,,,b'\x11\xe8\xe1I\xc9]\x05\x8c\xaf\x82\x12\xdf\x17\xaeN\x1e'
11E8E149-C95D-058C-AF82-12DF17AE4E1E,2023-ncaa-d0-natl,ncaa,59,74,46,72,51,59,50,77,37,36,47,73,135,204,30,278,96,70,294,67,173,69,58,49,69,84,269,231,237,94,109,28,151,41,65,36,76,271,160,86,46,73,17,14,,,201,76,,,28,56,147,58,64,48,117,39,78,180,259,151,111,113,108,111,139,27,44,35,193,68,24,,111,,,26,167,180,310,13,128,242,51,241,330,18,314,120,187,17,180,135,307,318,19,14,16,238,268,128,322,151,214,109,281,65,203,215,67,123,76,257,169,297,210,,,57,122,,,28,302,73,22,28,44,54,253,50,114,169,314,63,113,107,225,259,266,91,162,117,112,184,273,,109,,,b'\x11\xe8\xe1I\xc9]\x05\x8c\xaf\x82\x12\xdf\x17\xaeN\x1e'
11E8E149-C95D-058C-AF82-12DF17AE4E1E,2023-ncaa-d1-conf-SEC,ncaa,6,5,9,6,9,9,8,13,3,7,10,5,6,9,1,8,12,12,13,12,7,13,12,2,4,5,8,5,12,7,5,5,5,5,5,4,1,9,11,4,11,9,6,5,,,3,5,,,7,12,13,2,7,6,12,6,9,5,9,11,11,9,12,11,7,5,5,4,11,10,6,,3,,,7,5,4,5,5,3,3,6,11,12,5,12,4,7,3,6,9,4,3,5,5,5,12,12,9,8,5,2,5,3,5,4,8,13,12,11,8,13,2,6,,,11,8,,,7,3,4,7,7,6,4,7,4,3,12,12,5,7,7,8,5,10,4,5,6,12,12,3,,9,,,b'\x11\xe8\xe1I\xc9]\x05\x8c\xaf\x82\x12\xdf\x17\xaeN\x1e'
11E8E149-C95D-058C-AF82-12DF17AE4E1E,2023-ncaa-d1-natl,ncaa,67,74,56,79,63,64,54,87,39,40,54,81,151,227,30,277,117,86,297,86,170,83,75,54,75,90,268,231,228,111,116,32,157,46,73,39,80,248,164,91,60,85,18,14,,,169,76,,,28,70,152,50,68,53,129,42,79,188,262,154,107,109,115,119,149,30,49,40,194,82,24,,114,,,26,129,133,295,14,99,216,55,230,325,17,313,97,168,16,157,137,291,305,19,15,17,240,266,125,312,157,179,116,253,73,189,218,86,138,89,236,174,295,219,,,67,110,,,28,287,82,24,29,51,61,255,58,115,177,314,65,115,108,228,255,274,96,166,132,123,189,280,,108,,,b'\x11\xe8\xe1I\xc9]\x05\x8c\xaf\x82\x12\xdf\x17\xaeN\x1e'
11E8E149-C95D-058C-AF82-12DF17AE4E1E,2023-ncaa-d1-ncaatournament,ncaa,9,2,9,9,10,14,16,16,34,17,14,41,13,14,20,36,9,9,34,9,15,14,16,33,28,23,20,26,18,17,41,11,18,16,25,16,22,55,28,24,18,42,14,23,,,55,41,,,13,13,33,7,24,34,44,39,36,22,33,15,16,16,29,37,35,11,22,25,23,38,28,,38,,,14,54,54,55,16,55,52,31,45,57,10,48,53,55,17,55,44,55,53,13,9,8,27,31,38,52,18,60,41,59,25,39,12,15,34,13,56,39,54,36,,,12,27,,,13,54,26,7,14,9,12,24,17,20,22,46,29,34,31,21,21,27,39,36,7,38,37,27,,30,,,b'\x11\xe8\xe1I\xc9]\x05\x8c\xaf\x82\x12\xdf\x17\xaeN\x1e'
11E8E149-C95D-058C-AF82-12DF17AE4E1E,2024-ncaa-d0-natl,ncaa,51,82,13,74,18,15,13,20,32,12,11,70,96,152,40,278,36,38,126,34,202,15,19,51,56,42,266,252,204,25,38,24,105,15,31,19,61,198,47,25,88,164,23,32,,,92,8,,,43,19,108,140,27,24,45,16,38,158,233,79,94,86,46,78,59,46,25,24,81,151,29,,20,,,48,333,345,346,136,330,343,140,323,331,191,236,113,130,75,124,26,344,339,152,107,161,118,255,23,292,105,247,38,274,31,317,185,140,282,269,203,76,324,168,,,75,270,,,43,340,30,162,50,200,265,311,236,286,267,263,40,49,43,274,240,186,62,83,239,258,94,266,,205,,,b'\x11\xe8\xe1I\xc9]\x05\x8c\xaf\x82\x12\xdf\x17\xaeN\x1e'
11E8E149-C95D-058C-AF82-12DF17AE4E1E,2024-ncaa-d1-conf-SEC,ncaa,8,7,9,8,9,6,6,10,3,6,9,4,8,10,4,9,11,10,10,10,12,10,9,4,5,5,8,9,11,9,4,8,9,9,6,4,1,5,10,3,9,9,9,7,,,2,4,,,8,10,8,1,5,3,7,4,5,8,9,10,10,10,8,6,9,6,6,2,11,8,7,,4,,,8,10,10,8,11,11,5,12,11,12,8,10,4,3,9,3,3,8,6,11,10,11,6,10,4,7,9,2,4,3,6,11,8,12,13,10,11,12,8,7,,,12,14,,,8,5,6,11,8,11,12,12,11,9,12,13,5,4,4,11,8,8,4,6,11,12,14,8,,12,,,b'\x11\xe8\xe1I\xc9]\x05\x8c\xaf\x82\x12\xdf\x17\xaeN\x1e'
11E8E149-C95D-058C-AF82-12DF17AE4E1E,2024-ncaa-d1-natl,ncaa,57,83,16,75,23,17,15,27,35,15,15,78,114,175,42,281,48,52,118,49,205,21,25,54,56,44,264,252,202,30,45,28,112,18,36,20,63,175,54,25,108,178,24,33,,,65,9,,,48,32,115,141,28,25,52,18,45,160,238,79,92,85,49,84,67,51,32,25,81,163,30,,20,,,53,324,341,346,157,324,340,157,320,325,205,233,97,114,79,111,27,343,331,174,127,187,117,257,22,280,112,213,45,250,36,313,188,173,295,281,176,79,319,180,,,92,266,,,48,329,32,188,59,215,274,315,249,290,267,267,46,52,43,281,240,192,69,90,256,271,98,273,,206,,,b'\x11\xe8\xe1I\xc9]\x05\x8c\xaf\x82\x12\xdf\x17\xaeN\x1e'
11E8E149-C95D-058C-AF82-12DF17AE4E1E,2025-ncaa-d0-natl,genius_ncaa,71,91,29,89,42,34,26,30,32,23,34,36,100,111,110,213,86,96,154,100,262,35,25,45,48,76,285,232,279,30,30,36,81,25,24,55,212,331,165,130,50,91,22,23,,,267,110,,227,45,34,55,144,39,25,46,22,75,144,163,160,168,175,56,41,47,51,23,64,240,78,27,,149,,158,45,295,257,316,58,214,287,71,294,323,129,257,301,271,333,279,205,319,329,72,92,86,287,264,242,245,81,205,30,223,24,272,243,54,119,122,321,182,201,68,,,77,259,,50,45,330,60,77,49,154,119,227,87,159,236,271,218,173,188,229,283,153,57,81,175,94,246,126,,165,,74,b'\x11\xe8\xe1I\xc9]\x05\x8c\xaf\x82\x12\xdf\x17\xaeN\x1e'
11E8E149-C95D-058C-AF82-12DF17AE4E1E,2025-ncaa-d1-conf-SEC,genius_ncaa,10,9,6,10,7,8,7,7,5,8,9,5,6,6,4,7,11,12,10,12,15,9,8,6,6,8,8,8,13,7,5,7,3,7,6,11,13,13,10,10,7,7,4,4,,,6,6,,8,9,8,7,2,6,6,6,6,9,6,6,10,13,13,7,5,5,7,4,11,12,6,5,,6,,8,9,10,10,7,8,5,6,6,13,10,15,11,9,7,14,8,10,7,8,8,8,9,15,14,7,3,3,7,5,4,6,11,14,9,7,10,14,13,7,10,,,12,15,,5,9,9,10,9,9,7,7,7,4,6,13,10,9,6,6,6,8,4,5,4,11,7,13,9,,15,,7,b'\x11\xe8\xe1I\xc9]\x05\x8c\xaf\x82\x12\xdf\x17\xaeN\x1e'
11E8E149-C95D-058C-AF82-12DF17AE4E1E,2025-ncaa-d1-natl,genius_ncaa,78,91,43,93,56,44,31,37,35,25,45,42,113,125,117,212,103,119,153,122,259,44,33,51,52,80,283,233,279,33,35,40,92,29,26,60,220,318,175,141,67,102,22,23,,,248,115,,217,51,44,57,138,41,26,48,24,81,148,167,161,170,175,59,47,51,59,25,70,245,88,27,,158,,163,53,278,235,306,69,191,272,73,289,315,142,256,284,253,337,264,203,309,319,82,107,98,288,263,243,224,92,164,35,189,26,258,247,69,129,131,305,188,187,71,,,94,255,,53,51,319,65,91,57,167,128,231,92,163,240,274,221,180,192,236,281,156,56,85,186,104,255,133,,168,,71,b'\x11\xe8\xe1I\xc9]\x05\x8c\xaf\x82\x12\xdf\x17\xaeN\x1e'
11E8E149-C95D-058C-AF82-12DF17AE4E1E,2025-ncaa-d1-ncaatournament,genius_ncaa,17,2,17,17,20,33,35,25,55,31,17,60,53,49,51,67,14,14,10,14,18,22,18,58,53,56,43,64,2,24,34,27,29,24,37,32,21,55,53,52,9,3,18,13,,,54,61,,52,54,19,4,7,44,54,40,39,9,64,66,3,5,5,26,13,26,30,29,42,57,2,19,,63,,59,42,43,37,40,26,40,40,42,34,42,12,43,58,59,32,58,65,43,50,27,28,20,43,26,64,42,29,50,34,48,37,49,62,15,13,23,55,53,40,29,,,18,17,,16,54,50,55,15,40,35,18,30,25,17,26,44,61,60,62,39,59,29,46,44,44,4,58,44,,8,,15,b'\x11\xe8\xe1I\xc9]\x05\x8c\xaf\x82\x12\xdf\x17\xaeN\x1e'
11E8E149-C95D-058C-AF82-12DF17AE4E1E,2026-ncaa-d0-natl,genius_ncaa,17,13,49,19,73,47,46,76,29,32,39,55,118,181,61,296,49,53,151,51,152,68,68,48,47,49,294,282,190,67,50,31,26,32,14,62,203,240,109,79,99,132,9,7,,,178,59,,305,28,73,134,97,39,32,109,27,56,177,270,77,81,81,89,115,96,21,22,72,130,131,12,,56,,271,27,143,159,278,25,129,273,16,247,259,146,212,75,84,92,85,29,256,279,28,13,19,214,298,65,171,26,188,50,186,14,107,75,47,65,30,263,162,20,7,,,101,226,,157,28,291,38,18,27,20,33,156,29,161,151,160,28,25,28,92,140,68,52,39,32,80,171,12,,197,,218,b'\x11\xe8\xe1I\xc9]\x05\x8c\xaf\x82\x12\xdf\x17\xaeN\x1e'
11E8E149-C95D-058C-AF82-12DF17AE4E1E,2026-ncaa-d1-natl,genius_ncaa,18,13,85,20,117,60,56,114,32,38,61,67,157,237,64,299,77,75,145,73,152,101,110,53,53,56,291,280,171,97,64,38,29,45,17,79,222,188,119,102,150,168,10,6,,,122,65,,292,28,119,149,100,48,42,136,31,69,196,282,81,91,90,112,137,113,26,28,91,141,170,12,,67,,280,28,94,117,223,29,88,222,19,218,227,174,204,49,47,107,46,32,200,224,32,16,22,210,293,65,122,29,139,64,129,17,72,79,83,89,45,220,174,13,5,,,140,219,,184,28,246,47,20,28,25,42,166,35,173,170,154,29,29,31,105,132,78,56,44,36,116,182,9,,193,,205,b'\x11\xe8\xe1I\xc9]\x05\x8c\xaf\x82\x12\xdf\x17\xaeN\x1e'
11E8E149-C961-2C0C-AF82-12DF17AE4E1E,2010-ncaa-d0-natl,ncaa,309,269,337,308,340,317,336,330,314,314,284,320,323,326,275,308,102,43,329,43,6,308,304,322,306,315,129,295,1,202,115,332,306,305,247,342,292,210,304,334,171,95,221,179,,,216,326,,,305,318,47,183,268,317,277,264,148,310,302,12,2,2,139,46,58,244,147,327,327,65,164,,335,,,315,63,33,10,261,84,49,250,30,19,229,29,290,306,61,309,336,37,43,236,267,222,183,41,331,118,306,48,115,57,247,35,119,215,116,82,265,307,202,284,,,133,9,,,305,34,313,244,305,302,233,158,276,251,88,50,333,339,340,282,307,293,261,289,183,67,323,301,,5,,,"b'\x11\xe8\xe1I\xc9a,\x0c\xaf\x82\x12\xdf\x17\xaeN\x1e'"
11E8E149-C961-2C0C-AF82-12DF17AE4E1E,2010-ncaa-d1-conf-SWAC,ncaa,9,8,9,9,9,8,9,7,8,8,5,8,6,6,2,6,4,2,9,2,3,6,7,7,7,7,2,6,1,3,3,8,6,5,6,9,7,1,2,7,5,5,8,7,,,5,5,,,8,8,4,3,3,6,4,7,3,6,6,2,1,1,2,3,1,4,2,7,4,5,7,,6,,,8,5,3,4,6,4,4,6,6,5,6,6,7,5,10,5,7,4,3,6,7,7,8,6,8,6,6,6,3,5,6,1,1,7,8,2,5,5,3,5,,,5,5,,,8,3,5,8,8,8,5,7,5,7,7,7,9,7,7,7,8,6,9,9,3,6,8,7,,1,,,"b'\x11\xe8\xe1I\xc9a,\x0c\xaf\x82\x12\xdf\x17\xaeN\x1e'"
11E8E149-C961-2C0C-AF82-12DF17AE4E1E,2010-ncaa-d1-natl,ncaa,281,269,276,281,306,282,319,307,316,285,208,319,317,310,301,305,28,7,322,7,4,224,174,325,302,311,116,303,1,121,110,273,302,215,240,322,263,304,307,336,104,93,194,188,,,317,329,,,300,194,32,227,254,318,276,261,148,313,296,8,1,1,129,38,53,217,122,317,330,56,172,,338,,,301,176,107,78,222,183,140,228,36,36,128,38,325,335,39,337,335,151,179,188,214,162,176,33,332,241,302,151,110,193,240,72,99,101,85,58,309,307,249,274,,,29,5,,,300,163,310,186,290,289,210,164,265,248,70,71,334,340,341,291,323,302,263,293,140,40,323,291,,1,,,"b'\x11\xe8\xe1I\xc9a,\x0c\xaf\x82\x12\xdf\x17\xaeN\x1e'"
11E8E149-C961-2C0C-AF82-12DF17AE4E1E,2011-ncaa-d0-natl,ncaa,208,207,242,215,242,267,277,257,286,282,246,293,197,189,191,157,175,109,327,107,35,227,156,273,277,303,92,122,84,176,216,242,265,228,267,243,131,325,323,302,72,73,314,319,,,233,226,,,273,148,59,4,252,273,216,276,216,168,156,137,55,53,164,49,147,202,168,219,333,45,311,,283,,,278,153,154,118,230,254,234,237,21,29,48,16,256,300,28,294,261,153,200,171,174,122,36,8,275,206,265,214,216,215,267,88,60,82,67,49,335,328,184,229,,,146,140,,,273,196,311,127,266,230,226,209,301,306,26,30,292,316,314,258,308,272,293,299,143,35,334,216,,71,,,"b'\x11\xe8\xe1I\xc9a,\x0c\xaf\x82\x12\xdf\x17\xaeN\x1e'"
11E8E149-C961-2C0C-AF82-12DF17AE4E1E,2011-ncaa-d1-conf-SWAC,ncaa,3,4,3,4,3,1,2,2,3,4,4,3,1,1,2,2,3,1,7,1,2,2,2,3,3,4,2,2,7,3,7,4,7,3,5,2,3,10,6,5,2,4,8,9,,,9,3,,,6,1,2,1,1,2,3,6,7,1,1,5,2,2,3,1,6,4,5,1,9,2,9,,6,,,6,9,9,9,8,10,10,8,3,8,4,5,8,9,3,9,6,10,10,7,7,7,1,3,3,6,7,9,7,8,5,6,1,3,4,2,10,8,8,6,,,2,4,,,6,10,5,4,6,9,9,9,9,8,3,7,7,7,7,9,9,6,7,7,5,2,9,7,,3,,,"b'\x11\xe8\xe1I\xc9a,\x0c\xaf\x82\x12\xdf\x17\xaeN\x1e'"
11E8E149-C961-2C0C-AF82-12DF17AE4E1E,2011-ncaa-d1-natl,ncaa,188,202,132,202,133,220,237,195,266,238,199,266,187,169,222,166,149,81,330,82,38,164,88,260,266,302,120,140,102,154,219,202,267,178,273,205,124,337,320,293,53,74,305,318,,,266,215,,,271,82,56,6,245,261,207,255,208,185,164,145,58,55,160,49,155,214,191,199,335,44,308,,278,,,266,227,222,196,230,291,276,234,37,45,69,22,280,316,25,313,262,238,274,177,176,121,51,15,261,256,267,271,219,282,273,121,60,45,63,47,339,328,200,218,,,83,134,,,271,268,311,125,258,232,224,206,299,299,39,38,286,315,310,256,309,270,284,296,141,35,334,211,,62,,,"b'\x11\xe8\xe1I\xc9a,\x0c\xaf\x82\x12\xdf\x17\xaeN\x1e'"
11E8E149-C961-2C0C-AF82-12DF17AE4E1E,2012-ncaa-d0-natl,ncaa,161,129,240,159,251,191,211,191,224,232,236,220,118,109,169,101,150,125,241,116,58,177,171,197,204,207,71,92,126,211,244,250,296,240,300,240,239,193,210,246,32,29,200,197,,,265,270,,,158,154,34,91,132,160,105,207,199,88,73,110,74,64,86,60,180,207,198,216,248,17,189,,316,,,158,121,73,89,133,92,105,132,94,107,112,128,288,309,42,306,314,135,209,117,144,66,239,105,309,258,296,248,244,255,300,44,75,40,29,18,145,153,273,307,,,137,125,,,158,188,228,85,157,200,148,169,158,184,141,161,309,319,317,234,317,302,310,320,86,17,188,302,,60,,,"b'\x11\xe8\xe1I\xc9a,\x0c\xaf\x82\x12\xdf\x17\xaeN\x1e'"
11E8E149-C961-2C0C-AF82-12DF17AE4E1E,2012-ncaa-d1-conf-SWAC,ncaa,1,1,3,1,4,1,1,2,3,2,6,1,1,1,4,1,2,2,7,2,2,2,2,1,1,2,3,2,7,6,9,5,7,4,9,1,4,4,3,2,2,2,7,7,,,7,5,,,1,2,2,4,1,1,1,1,6,1,1,3,1,1,1,2,8,6,6,1,4,1,7,,7,,,1,6,5,7,5,7,5,8,3,6,1,4,7,7,3,7,6,8,9,4,6,1,2,2,7,9,7,9,9,10,9,1,1,2,2,1,3,1,2,4,,,2,2,,,1,9,2,1,1,7,7,5,8,5,2,6,7,6,6,5,9,8,10,10,1,1,2,3,,1,,,"b'\x11\xe8\xe1I\xc9a,\x0c\xaf\x82\x12\xdf\x17\xaeN\x1e'"
11E8E149-C961-2C0C-AF82-12DF17AE4E1E,2012-ncaa-d1-natl,ncaa,128,129,90,135,102,114,133,90,217,169,167,198,77,66,174,89,90,72,235,68,52,83,70,188,188,190,66,84,128,147,225,134,280,139,279,174,221,270,200,235,16,22,186,213,,,312,261,,,119,50,37,125,125,154,102,205,205,85,67,102,75,70,90,63,169,188,176,198,240,12,206,,309,,,123,188,137,199,80,169,224,99,105,146,73,111,308,324,42,323,307,245,306,77,92,35,211,82,311,302,280,315,225,326,279,68,62,18,25,11,200,144,299,300,,,65,133,,,119,295,199,44,125,163,117,151,138,186,96,127,293,309,309,213,316,291,306,314,62,12,180,293,,70,,,"b'\x11\xe8\xe1I\xc9a,\x0c\xaf\x82\x12\xdf\x17\xaeN\x1e'"
11E8E149-C961-2C0C-AF82-12DF17AE4E1E,2013-ncaa-d0-natl,ncaa,177,145,251,177,251,219,231,184,281,240,188,291,164,173,142,158,175,182,160,176,167,185,186,263,257,249,102,129,127,250,290,260,280,274,316,251,240,167,176,248,123,119,235,240,,,248,262,,,232,162,60,6,182,205,93,212,128,129,131,135,136,130,89,70,228,222,229,236,224,83,220,,301,,,234,180,91,97,166,152,161,167,63,63,101,67,327,315,294,321,328,148,195,136,210,149,220,46,335,209,280,285,290,271,316,31,20,90,73,29,170,187,90,115,,,204,198,,,232,183,263,153,229,256,173,179,221,246,88,101,339,333,337,265,316,269,324,323,63,37,213,133,,136,,,"b'\x11\xe8\xe1I\xc9a,\x0c\xaf\x82\x12\xdf\x17\xaeN\x1e'"
11E8E149-C961-2C0C-AF82-12DF17AE4E1E,2013-ncaa-d1-conf-SWAC,ncaa,2,2,1,2,1,1,1,1,7,5,1,8,2,2,5,2,3,6,1,6,8,1,1,7,6,5,3,2,8,3,8,2,6,1,9,3,3,5,2,3,3,6,4,6,,,9,4,,,5,1,4,1,2,2,1,6,4,2,2,6,10,10,1,2,5,4,4,3,4,5,5,,7,,,5,9,9,9,4,9,10,4,4,8,3,4,9,9,10,9,8,10,10,4,6,4,6,3,9,10,6,10,8,10,9,4,1,2,5,1,5,2,6,4,,,3,8,,,5,10,6,7,4,8,8,7,6,8,4,8,9,9,9,7,9,9,10,10,1,3,3,5,,7,,,"b'\x11\xe8\xe1I\xc9a,\x0c\xaf\x82\x12\xdf\x17\xaeN\x1e'"
11E8E149-C961-2C0C-AF82-12DF17AE4E1E,2013-ncaa-d1-natl,ncaa,135,145,90,150,91,137,143,94,251,163,106,262,127,126,157,159,129,128,158,127,171,96,74,241,230,239,131,145,140,211,290,133,256,156,303,218,263,280,209,265,63,108,185,223,,,303,214,,,206,45,47,10,165,182,99,193,132,138,137,140,142,141,101,64,232,161,204,242,259,74,200,,286,,,204,267,206,245,123,238,266,139,108,157,67,84,334,334,272,334,312,285,297,99,158,112,213,60,329,288,256,328,290,323,303,49,14,39,82,23,281,217,116,88,,,106,210,,,206,299,261,124,204,244,166,210,205,259,95,139,331,326,327,281,323,271,319,319,43,44,250,101,,141,,,"b'\x11\xe8\xe1I\xc9a,\x0c\xaf\x82\x12\xdf\x17\xaeN\x1e'"
11E8E149-C961-2C0C-AF82-12DF17AE4E1E,2014-ncaa-d0-natl,ncaa,273,282,180,279,198,274,264,278,213,223,253,134,240,193,312,158,250,156,347,160,79,259,180,227,260,308,220,208,184,257,255,197,319,237,292,281,253,339,343,329,150,194,98,118,,,241,198,,,314,158,74,107,292,275,288,221,251,238,179,250,136,152,268,138,253,160,213,281,343,147,88,,291,,,312,217,181,220,123,231,280,98,100,104,130,67,300,307,138,308,250,252,249,98,121,132,145,70,293,328,319,188,255,269,292,87,40,142,198,93,312,310,8,12,,,245,268,,,314,214,323,200,304,266,236,305,255,322,111,114,309,315,317,322,324,339,228,304,110,124,319,9,,238,,,"b'\x11\xe8\xe1I\xc9a,\x0c\xaf\x82\x12\xdf\x17\xaeN\x1e'"
11E8E149-C961-2C0C-AF82-12DF17AE4E1E,2014-ncaa-d1-conf-SWAC,ncaa,6,6,7,6,8,8,8,9,3,10,10,2,3,3,7,1,10,10,9,10,5,10,9,3,4,7,3,1,10,10,10,6,7,8,8,7,4,7,10,8,7,5,4,3,,,3,6,,,7,8,6,6,8,8,9,10,10,3,3,10,10,10,10,9,10,5,7,6,9,6,4,,6,,,7,3,3,3,3,2,1,4,5,6,4,9,4,3,10,3,5,2,4,4,5,4,10,8,8,4,7,4,10,3,8,1,1,6,5,1,2,3,1,1,,,10,8,,,7,4,9,5,7,4,3,4,2,2,5,8,6,4,4,3,5,4,5,4,1,4,3,1,,9,,,"b'\x11\xe8\xe1I\xc9a,\x0c\xaf\x82\x12\xdf\x17\xaeN\x1e'"
11E8E149-C961-2C0C-AF82-12DF17AE4E1E,2014-ncaa-d1-natl,ncaa,279,282,211,282,232,293,281,301,217,243,274,143,250,201,315,157,265,176,347,183,79,284,211,233,266,310,218,208,183,275,262,223,325,257,299,295,257,337,343,330,171,197,105,120,,,222,201,,,319,186,75,90,295,279,289,224,257,241,178,253,143,155,270,143,256,167,224,286,343,151,92,,291,,,319,197,164,199,129,217,263,104,92,93,132,64,290,301,140,301,248,231,228,106,127,146,144,69,291,323,325,166,262,255,299,77,41,157,204,97,306,311,7,14,,,272,266,,,319,183,326,208,308,273,242,307,261,322,109,111,309,315,316,324,324,341,230,310,114,125,320,9,,242,,,"b'\x11\xe8\xe1I\xc9a,\x0c\xaf\x82\x12\xdf\x17\xaeN\x1e'"
11E8E149-C961-2C0C-AF82-12DF17AE4E1E,2015-ncaa-d0-natl,ncaa,344,338,283,345,321,347,349,331,347,344,318,347,279,253,310,159,320,268,342,273,133,332,274,347,346,349,128,161,88,234,223,282,234,278,249,338,233,347,348,349,282,269,253,260,,,156,234,,,344,277,88,349,348,349,325,344,283,263,216,302,232,240,327,149,196,197,204,338,349,267,225,,251,,,346,107,105,80,211,188,151,229,29,50,47,61,238,242,160,244,254,104,83,162,187,211,79,33,281,128,234,123,223,111,249,135,179,249,232,229,341,344,197,300,,,288,230,,,344,78,349,218,344,250,233,218,299,281,55,91,298,301,304,277,253,231,246,243,207,210,345,258,,213,,,"b'\x11\xe8\xe1I\xc9a,\x0c\xaf\x82\x12\xdf\x17\xaeN\x1e'"
11E8E149-C961-2C0C-AF82-12DF17AE4E1E,2015-ncaa-d1-conf-SWAC,ncaa,10,10,5,10,8,10,10,8,10,10,9,10,3,2,5,1,10,8,10,8,6,8,8,10,10,10,3,2,7,7,8,6,5,7,8,8,5,9,9,7,10,10,7,7,,,3,3,,,10,8,10,10,10,10,10,10,10,3,3,10,9,9,10,10,8,6,8,9,8,10,7,,2,,,10,6,6,5,7,4,5,6,10,8,9,8,5,3,10,3,5,6,2,7,8,9,6,9,5,4,5,6,8,5,8,6,6,10,10,9,6,9,8,10,,,7,7,,,10,3,10,9,10,6,6,4,6,5,10,7,5,4,4,5,1,4,9,5,5,10,8,8,,8,,,"b'\x11\xe8\xe1I\xc9a,\x0c\xaf\x82\x12\xdf\x17\xaeN\x1e'"
11E8E149-C961-2C0C-AF82-12DF17AE4E1E,2015-ncaa-d1-natl,ncaa,336,338,209,339,297,345,345,325,345,339,298,340,278,243,319,171,303,240,346,242,125,322,197,342,346,349,154,183,104,215,208,196,188,214,204,334,214,349,348,348,265,269,218,238,,,200,219,,,343,197,70,349,348,348,324,340,283,276,223,304,219,224,322,130,192,151,158,334,349,256,206,,244,,,343,165,146,150,187,227,210,214,36,86,22,80,270,273,161,274,251,185,162,126,152,184,85,35,283,159,188,161,208,167,204,140,143,223,231,194,346,348,208,284,,,240,238,,,343,155,349,182,342,234,222,230,284,276,50,112,295,299,298,282,263,213,228,225,180,199,347,234,,199,,,"b'\x11\xe8\xe1I\xc9a,\x0c\xaf\x82\x12\xdf\x17\xaeN\x1e'"
11E8E149-C961-2C0C-AF82-12DF17AE4E1E,2016-ncaa-d0-natl,ncaa,348,338,321,348,339,349,349,347,345,339,311,341,344,340,348,314,257,207,323,214,88,343,291,346,344,349,252,329,5,332,315,305,338,336,340,349,346,349,349,349,294,301,283,305,,,98,103,,,349,259,11,347,347,349,347,326,227,343,338,189,116,128,333,93,307,228,306,349,349,245,263,,241,,,349,302,316,212,343,331,264,337,116,83,245,51,208,221,121,213,149,209,160,331,327,340,32,48,118,294,338,104,315,181,340,281,154,291,308,325,349,349,161,270,,,261,183,,,349,118,349,347,349,346,346,345,348,348,211,181,298,308,304,345,340,343,278,333,335,209,349,245,,143,,,"b'\x11\xe8\xe1I\xc9a,\x0c\xaf\x82\x12\xdf\x17\xaeN\x1e'"
11E8E149-C961-2C0C-AF82-12DF17AE4E1E,2016-ncaa-d1-conf-SWAC,ncaa,10,10,7,10,10,10,10,10,10,10,9,9,10,9,10,7,6,5,8,5,2,10,7,10,10,10,4,7,1,10,10,7,9,10,10,10,9,10,10,10,9,9,7,7,,,5,4,,,10,6,1,9,10,10,10,10,9,10,8,5,5,5,10,6,10,7,9,10,10,9,7,,5,,,10,10,10,10,9,10,10,9,10,9,9,6,5,5,7,4,3,10,7,9,9,9,5,9,3,10,9,9,10,10,10,10,7,9,9,10,10,10,2,6,,,6,2,,,10,6,10,10,10,10,10,10,10,10,10,9,5,5,4,10,10,10,10,10,10,9,10,3,,4,,,"b'\x11\xe8\xe1I\xc9a,\x0c\xaf\x82\x12\xdf\x17\xaeN\x1e'"
11E8E149-C961-2C0C-AF82-12DF17AE4E1E,2016-ncaa-d1-natl,ncaa,342,337,303,344,335,347,349,349,345,337,281,337,342,337,348,317,196,136,331,143,47,341,234,345,343,349,249,333,3,318,305,280,338,322,336,349,347,349,349,349,257,290,273,301,,,134,106,,,349,186,13,346,347,349,347,322,233,343,337,144,54,62,335,98,298,221,290,349,349,224,260,,232,,,349,331,331,264,338,339,298,335,149,126,234,57,249,258,134,248,164,270,232,323,321,336,38,56,133,322,338,160,305,263,336,305,145,262,301,318,349,349,174,252,,,208,150,,,349,187,349,347,349,345,345,345,348,348,219,196,300,304,301,344,339,344,272,330,331,215,349,228,,108,,,"b'\x11\xe8\xe1I\xc9a,\x0c\xaf\x82\x12\xdf\x17\xaeN\x1e'"
11E8E149-C961-2C0C-AF82-12DF17AE4E1E,2017-ncaa-d0-natl,ncaa,284,265,291,287,298,317,341,321,332,285,185,336,344,343,338,339,39,8,337,8,4,254,202,342,332,332,204,341,1,171,192,310,310,267,291,343,338,320,328,348,195,183,323,322,,,308,333,,,330,202,26,96,302,336,291,252,93,345,337,3,1,1,148,34,97,268,192,346,340,136,316,,345,,,331,205,179,62,326,219,130,313,80,47,228,60,293,319,47,317,324,112,162,309,311,254,120,56,284,213,310,201,192,216,291,123,104,83,56,78,309,319,223,233,,,22,2,,,330,154,334,261,325,316,290,188,310,247,140,102,331,342,340,275,331,296,314,322,208,31,336,278,,2,,,"b'\x11\xe8\xe1I\xc9a,\x0c\xaf\x82\x12\xdf\x17\xaeN\x1e'"
11E8E149-C961-2C0C-AF82-12DF17AE4E1E,2017-ncaa-d1-conf-SWAC,ncaa,8,8,5,8,5,7,9,9,9,6,5,7,10,9,10,9,2,1,9,1,1,6,7,9,8,6,4,9,1,6,6,6,5,8,8,10,10,5,4,10,9,9,10,10,,,8,8,,,9,6,5,2,8,9,8,7,4,10,9,1,1,1,4,4,5,6,7,10,4,9,10,,8,,,9,9,9,7,8,7,1,8,10,9,9,10,8,7,9,6,8,5,5,9,10,8,8,9,5,2,5,9,6,7,8,4,2,5,4,5,5,5,4,4,,,1,1,,,9,6,8,8,9,9,9,6,6,2,9,10,7,7,6,7,8,5,10,8,4,4,5,5,,1,,,"b'\x11\xe8\xe1I\xc9a,\x0c\xaf\x82\x12\xdf\x17\xaeN\x1e'"
11E8E149-C961-2C0C-AF82-12DF17AE4E1E,2017-ncaa-d1-natl,ncaa,269,265,217,271,244,289,326,296,325,257,145,325,342,334,336,338,17,5,336,6,2,198,130,337,324,329,206,341,1,135,176,281,307,224,284,342,337,329,321,347,120,139,303,303,,,332,337,,,321,132,24,101,286,327,278,235,86,341,333,3,1,1,123,31,85,265,186,344,338,97,301,,346,,,320,251,192,103,305,237,146,307,91,75,175,75,324,340,51,339,333,166,249,287,295,200,152,54,309,257,307,261,176,272,284,128,96,45,40,49,320,316,223,200,,,11,2,,,321,230,328,224,316,300,266,166,290,210,125,115,332,342,342,258,331,296,310,315,168,25,332,249,,2,,,"b'\x11\xe8\xe1I\xc9a,\x0c\xaf\x82\x12\xdf\x17\xaeN\x1e'"
11E8E149-C961-2C0C-AF82-12DF17AE4E1E,2018-ncaa-d0-natl,ncaa,342,346,164,345,220,277,276,174,337,214,119,324,320,244,346,266,162,61,343,57,88,151,147,339,341,324,261,304,50,158,265,333,348,308,346,331,329,165,164,316,57,63,349,349,,,214,164,,,339,155,73,264,304,300,137,227,99,324,240,148,37,34,108,92,134,347,328,338,200,47,349,,233,,,339,293,304,170,341,315,191,344,140,135,161,128,255,245,230,242,234,176,240,339,340,294,56,57,178,313,348,324,265,331,346,322,289,51,50,194,100,95,338,314,,,66,48,,,339,201,323,316,332,321,323,193,333,214,145,145,259,256,252,210,299,322,341,341,335,34,116,342,,29,,,"b'\x11\xe8\xe1I\xc9a,\x0c\xaf\x82\x12\xdf\x17\xaeN\x1e'"
11E8E149-C961-2C0C-AF82-12DF17AE4E1E,2018-ncaa-d1-conf-SWAC,ncaa,10,10,9,10,10,9,8,8,9,9,7,9,7,7,7,6,8,8,9,9,7,7,10,9,9,8,7,4,7,10,9,10,10,10,10,10,8,1,2,5,5,4,10,10,,,1,2,,,10,9,7,7,8,7,7,8,5,7,6,8,8,8,6,8,7,10,10,9,2,5,10,,1,,,10,3,6,2,10,6,1,10,6,6,4,9,1,1,9,1,3,1,2,10,10,9,3,6,1,2,10,5,9,5,10,8,6,6,3,6,1,3,10,10,,,8,3,,,10,2,8,9,9,8,9,4,8,1,8,8,2,2,2,1,4,3,9,6,9,4,3,10,,5,,,"b'\x11\xe8\xe1I\xc9a,\x0c\xaf\x82\x12\xdf\x17\xaeN\x1e'"
11E8E149-C961-2C0C-AF82-12DF17AE4E1E,2018-ncaa-d1-natl,ncaa,346,346,213,346,290,309,302,216,337,248,153,327,325,261,345,266,188,79,341,75,89,190,191,342,342,329,258,302,46,190,271,343,348,328,346,341,329,139,167,322,71,71,349,349,,,189,167,,,341,196,75,265,308,305,148,237,107,324,241,150,42,40,112,96,146,347,329,342,201,51,349,,235,,,341,285,297,121,343,312,152,345,121,105,166,125,238,229,231,226,234,131,204,342,342,302,57,54,180,304,348,317,271,325,346,319,292,70,64,207,84,103,336,317,,,91,46,,,341,163,331,323,337,325,328,195,334,220,148,141,266,259,257,214,298,323,342,341,337,37,120,342,,34,,,"b'\x11\xe8\xe1I\xc9a,\x0c\xaf\x82\x12\xdf\x17\xaeN\x1e'"
11E8E149-C961-2C0C-AF82-12DF17AE4E1E,2019-ncaa-d0-natl,ncaa,310,324,173,320,205,227,246,173,307,235,152,307,239,189,296,219,104,33,330,38,40,136,119,310,309,292,146,223,34,245,318,299,348,294,350,277,266,254,208,290,71,114,278,304,,,291,213,,,331,93,20,146,238,267,135,254,128,231,192,71,13,19,81,55,242,322,313,287,256,60,284,,316,,,326,321,306,230,317,312,238,308,214,172,287,113,296,317,82,315,271,263,306,314,310,227,131,113,213,345,348,344,318,349,350,298,200,18,40,99,239,208,320,308,,,31,21,,,331,271,310,285,318,337,328,294,323,290,244,185,299,313,313,324,345,348,349,349,313,14,244,322,,9,,,"b'\x11\xe8\xe1I\xc9a,\x0c\xaf\x82\x12\xdf\x17\xaeN\x1e'"
11E8E149-C961-2C0C-AF82-12DF17AE4E1E,2019-ncaa-d1-conf-SWAC,ncaa,8,8,5,8,5,5,9,4,9,9,8,9,1,1,6,1,5,7,2,7,6,5,5,9,7,6,1,1,4,8,10,9,10,10,10,6,6,2,2,3,5,5,9,9,,,4,4,,,8,5,4,4,5,9,2,9,7,1,1,4,6,8,2,6,9,10,10,6,2,4,9,,5,,,8,10,9,6,9,8,3,9,10,8,10,10,5,3,10,3,4,6,7,10,10,9,8,10,2,9,10,10,10,10,10,8,7,4,2,6,1,1,8,8,,,5,5,,,8,6,8,9,8,10,9,6,9,4,10,10,4,2,2,5,9,9,10,10,9,1,1,8,,4,,,"b'\x11\xe8\xe1I\xc9a,\x0c\xaf\x82\x12\xdf\x17\xaeN\x1e'"
11E8E149-C961-2C0C-AF82-12DF17AE4E1E,2019-ncaa-d1-natl,ncaa,324,322,233,325,266,263,284,223,311,273,189,313,255,211,300,222,122,47,332,55,40,185,177,314,312,298,140,222,33,271,323,327,350,322,350,305,270,227,213,301,95,122,294,310,,,264,221,,,333,135,20,146,254,283,147,262,132,230,192,76,14,21,88,66,246,327,321,299,258,68,290,,315,,,332,306,298,198,324,301,213,315,201,144,293,111,282,300,85,299,274,230,287,322,317,244,128,108,211,342,350,338,323,347,350,289,206,41,47,116,223,212,316,316,,,46,22,,,333,236,320,295,326,340,332,296,329,291,246,182,302,317,316,327,343,348,349,349,315,17,247,324,,10,,,"b'\x11\xe8\xe1I\xc9a,\x0c\xaf\x82\x12\xdf\x17\xaeN\x1e'"
11E8E149-C961-2C0C-AF82-12DF17AE4E1E,2020-ncaa-d0-natl,ncaa,346,344,191,349,259,258,271,233,287,192,95,320,311,321,227,322,106,50,307,51,117,205,72,312,305,336,265,308,31,155,163,298,344,256,313,286,236,349,343,345,171,234,350,351,,,269,156,,,348,54,14,338,268,278,231,187,55,313,322,94,35,38,181,24,143,310,259,286,350,165,351,,275,,,346,348,347,300,342,337,223,349,334,326,288,285,202,251,46,243,216,311,329,346,344,333,160,252,52,338,344,198,163,298,313,346,327,86,157,313,350,349,176,129,,,24,47,,,348,307,338,340,344,349,349,336,342,250,340,337,214,257,252,340,344,340,226,313,348,66,348,193,,13,,,"b'\x11\xe8\xe1I\xc9a,\x0c\xaf\x82\x12\xdf\x17\xaeN\x1e'"
11E8E149-C961-2C0C-AF82-12DF17AE4E1E,2020-ncaa-d1-conf-SWAC,ncaa,10,10,9,10,9,10,10,7,10,8,6,10,10,10,9,8,6,6,4,7,6,8,6,10,10,10,6,8,2,6,6,9,10,8,9,10,2,10,10,10,7,8,10,10,,,1,1,,,10,6,4,6,9,9,6,7,5,10,9,6,5,5,5,5,4,7,6,7,10,7,10,,2,,,10,10,10,10,10,10,4,10,10,10,9,10,1,1,7,1,1,8,7,10,10,10,5,10,1,10,10,7,6,9,9,10,10,7,8,10,10,10,7,8,,,3,5,,,10,5,10,10,10,10,10,10,10,6,10,10,1,1,1,10,10,10,9,10,10,5,10,7,,3,,,"b'\x11\xe8\xe1I\xc9a,\x0c\xaf\x82\x12\xdf\x17\xaeN\x1e'"
11E8E149-C961-2C0C-AF82-12DF17AE4E1E,2020-ncaa-d1-natl,ncaa,349,344,257,349,323,297,310,280,297,224,121,327,319,326,231,322,128,61,309,65,117,247,108,321,312,338,263,309,27,182,172,320,344,290,315,308,237,348,345,346,200,244,351,351,,,252,162,,,348,83,15,339,279,290,241,205,61,313,325,97,36,38,191,26,150,312,266,291,350,179,351,,277,,,348,345,347,285,342,331,196,349,334,323,295,282,188,234,48,227,220,293,311,348,346,340,160,250,52,332,344,168,172,280,315,346,326,109,164,317,350,349,165,135,,,33,48,,,348,279,342,344,346,350,349,338,343,253,342,338,219,260,257,341,344,340,234,317,349,76,350,193,,13,,,"b'\x11\xe8\xe1I\xc9a,\x0c\xaf\x82\x12\xdf\x17\xaeN\x1e'"
11E8E149-C961-2C0C-AF82-12DF17AE4E1E,2021-ncaa-d0-natl,ncaa,290,296,219,306,236,272,268,267,271,222,169,304,317,321,243,335,185,133,329,126,87,252,249,306,305,291,298,332,32,213,161,253,288,248,238,304,327,127,230,318,306,329,330,339,,,81,73,,,331,254,254,136,310,308,314,205,83,336,335,128,39,33,257,261,178,272,257,335,195,328,337,,75,,,329,161,202,140,310,193,123,329,220,207,241,266,50,81,7,83,96,132,106,318,286,318,107,248,10,169,288,101,161,114,238,200,165,280,296,314,115,174,195,194,,,123,2,,,331,100,295,322,326,281,315,251,292,175,291,289,37,89,95,231,154,254,142,183,276,297,154,253,,11,,,"b'\x11\xe8\xe1I\xc9a,\x0c\xaf\x82\x12\xdf\x17\xaeN\x1e'"
11E8E149-C961-2C0C-AF82-12DF17AE4E1E,2021-ncaa-d1-conf-SWAC,ncaa,8,10,4,10,5,8,8,7,9,7,5,10,10,10,4,10,5,4,10,4,5,6,7,9,8,7,7,10,3,9,9,5,6,7,8,9,9,3,5,10,10,10,10,10,,,2,1,,,10,7,10,5,10,10,10,10,6,10,10,6,4,4,9,10,10,6,8,10,3,10,10,,1,,,10,9,9,8,10,8,5,10,10,10,10,10,1,1,4,1,2,7,4,10,10,10,9,10,1,7,6,7,9,8,8,10,6,9,10,10,4,3,7,8,,,4,1,,,10,4,6,10,10,9,10,9,8,2,10,10,1,1,1,6,4,6,8,7,8,10,3,8,,3,,,"b'\x11\xe8\xe1I\xc9a,\x0c\xaf\x82\x12\xdf\x17\xaeN\x1e'"
11E8E149-C961-2C0C-AF82-12DF17AE4E1E,2021-ncaa-d1-natl,ncaa,296,294,231,310,245,282,279,273,276,241,185,310,318,322,243,334,194,143,330,138,86,261,260,308,305,297,299,331,31,225,167,262,288,258,246,308,327,114,233,320,308,332,330,339,,,72,73,,,331,265,260,134,314,312,319,211,85,336,335,128,44,36,261,268,184,275,267,335,197,330,337,,74,,,332,150,184,125,312,184,112,329,211,188,246,268,46,74,8,77,99,116,95,319,290,320,105,245,10,157,288,96,167,103,246,190,167,288,298,317,108,180,191,205,,,137,2,,,331,90,296,325,329,286,316,251,297,177,291,286,37,92,101,233,150,256,143,185,281,299,158,257,,11,,,"b'\x11\xe8\xe1I\xc9a,\x0c\xaf\x82\x12\xdf\x17\xaeN\x1e'"
11E8E149-C961-2C0C-AF82-12DF17AE4E1E,2022-ncaa-d0-natl,ncaa,326,316,295,329,300,263,275,148,350,300,191,349,159,100,278,109,207,130,339,127,98,144,118,346,346,338,58,92,111,59,126,300,340,209,318,236,116,288,237,276,101,103,323,332,,,289,286,,,332,150,6,86,177,207,9,270,75,95,41,129,53,50,7,5,14,264,69,169,335,37,314,,344,,,335,266,252,125,341,281,153,339,120,99,216,100,305,316,101,315,314,164,220,332,335,266,109,73,281,276,340,300,126,312,318,287,259,45,37,139,290,255,223,225,,,161,222,,,332,204,328,281,321,352,346,305,350,310,207,191,342,343,344,342,353,339,355,355,335,10,334,295,,39,,,"b'\x11\xe8\xe1I\xc9a,\x0c\xaf\x82\x12\xdf\x17\xaeN\x1e'"
11E8E149-C961-2C0C-AF82-12DF17AE4E1E,2022-ncaa-d1-conf-SWAC,ncaa,10,10,9,10,11,9,9,7,10,10,10,11,2,1,7,2,9,8,10,8,6,7,8,10,10,10,2,1,9,4,6,9,8,9,10,8,4,6,5,7,6,5,10,11,,,5,5,,,10,8,2,9,6,6,1,10,6,2,1,8,6,6,2,1,2,7,5,5,7,4,10,,8,,,10,9,10,5,12,9,3,12,9,9,10,10,5,4,12,4,6,5,4,12,12,11,6,8,3,4,8,12,6,10,10,10,9,5,3,7,8,6,8,9,,,10,11,,,10,5,10,11,10,12,12,11,10,7,12,10,7,6,6,11,11,5,12,12,10,3,8,10,,7,,,"b'\x11\xe8\xe1I\xc9a,\x0c\xaf\x82\x12\xdf\x17\xaeN\x1e'"
11E8E149-C961-2C0C-AF82-12DF17AE4E1E,2022-ncaa-d1-natl,ncaa,336,316,326,337,329,293,308,189,350,321,231,349,178,119,289,110,235,155,339,151,98,182,155,347,347,340,58,91,105,74,140,326,344,257,323,266,123,267,246,291,123,121,334,338,,,278,287,,,336,200,7,83,195,231,10,286,82,101,42,128,53,51,9,5,16,273,75,181,336,46,323,,346,,,342,241,227,87,346,258,124,347,110,81,232,98,295,307,108,306,318,120,173,342,342,281,105,72,283,261,344,289,140,299,323,270,265,61,43,154,270,259,208,236,,,191,224,,,336,155,335,301,333,354,348,310,351,311,212,191,345,344,345,342,353,340,355,355,339,12,336,298,,37,,,"b'\x11\xe8\xe1I\xc9a,\x0c\xaf\x82\x12\xdf\x17\xaeN\x1e'"
11E8E149-C961-2C0C-AF82-12DF17AE4E1E,2023-ncaa-d0-natl,ncaa,355,356,236,356,264,325,317,228,343,295,194,347,271,246,289,218,297,208,357,202,199,230,170,343,354,355,204,193,188,235,301,288,357,281,357,288,186,334,332,328,277,319,183,216,,,172,122,,,359,151,35,209,334,325,184,293,147,261,221,301,175,169,182,74,205,285,272,281,339,266,169,,239,,,359,330,334,265,341,326,244,327,301,239,347,180,245,270,51,267,236,270,240,345,332,344,175,216,103,346,357,328,301,342,357,332,244,216,262,326,352,349,73,77,,,284,321,,,359,204,355,357,358,357,358,344,352,323,336,292,272,296,293,351,350,357,351,360,348,182,355,99,,267,,,"b'\x11\xe8\xe1I\xc9a,\x0c\xaf\x82\x12\xdf\x17\xaeN\x1e'"
11E8E149-C961-2C0C-AF82-12DF17AE4E1E,2023-ncaa-d1-conf-SWAC,ncaa,12,12,9,12,12,12,12,12,8,11,10,9,4,4,8,3,12,11,11,11,8,12,12,9,11,12,5,2,10,12,12,10,12,12,12,8,5,11,12,10,12,12,5,5,,,2,3,,,12,10,5,12,12,12,11,11,10,2,3,12,11,11,12,8,12,7,11,8,12,11,5,,3,,,12,12,12,10,12,12,9,12,12,10,12,11,4,4,11,4,4,10,7,12,12,12,8,11,2,12,12,11,12,12,12,12,10,11,10,12,12,12,2,3,,,11,11,,,12,4,12,12,12,12,12,12,12,12,12,11,6,4,4,12,12,12,12,12,12,10,12,3,,11,,,"b'\x11\xe8\xe1I\xc9a,\x0c\xaf\x82\x12\xdf\x17\xaeN\x1e'"
11E8E149-C961-2C0C-AF82-12DF17AE4E1E,2023-ncaa-d1-natl,ncaa,355,356,310,358,320,345,342,294,344,321,231,350,285,265,294,219,321,229,358,223,192,287,230,346,356,355,201,192,189,266,307,324,357,320,357,308,195,325,334,332,312,326,199,222,,,148,127,,,360,213,38,187,336,333,201,305,150,265,224,303,176,173,201,81,215,288,283,295,340,281,173,,242,,,360,323,332,237,346,322,219,334,293,218,348,183,227,257,55,251,235,242,208,350,340,349,179,216,102,345,357,316,307,335,357,324,248,249,277,332,347,351,58,83,,,309,323,,,360,148,356,359,359,359,359,346,353,325,337,294,276,300,298,352,349,357,352,360,351,194,356,104,,269,,,"b'\x11\xe8\xe1I\xc9a,\x0c\xaf\x82\x12\xdf\x17\xaeN\x1e'"
11E8E149-C961-2C0C-AF82-12DF17AE4E1E,2024-ncaa-d0-natl,ncaa,341,356,143,349,183,283,282,111,360,238,60,360,302,241,349,283,205,114,351,116,225,111,77,359,360,358,253,279,78,96,254,270,360,201,358,269,194,337,275,324,35,65,122,153,,,357,321,,,358,73,20,263,330,333,66,271,51,317,247,220,113,119,64,26,89,321,243,295,329,33,132,,354,,,356,349,312,270,296,312,232,321,260,279,154,172,359,360,36,360,356,321,331,286,301,288,270,107,341,360,360,356,254,359,358,319,275,55,135,189,330,284,360,359,,,184,308,,,358,291,357,330,355,352,326,301,322,250,266,286,356,358,358,350,355,360,358,360,325,47,327,360,,196,,,"b'\x11\xe8\xe1I\xc9a,\x0c\xaf\x82\x12\xdf\x17\xaeN\x1e'"
11E8E149-C961-2C0C-AF82-12DF17AE4E1E,2024-ncaa-d1-conf-SWAC,ncaa,11,11,9,11,10,11,11,7,11,10,10,11,8,5,9,5,11,9,10,9,7,9,8,11,11,11,6,5,8,8,9,10,12,10,12,9,4,4,6,8,2,2,7,6,,,7,6,,,11,9,2,8,10,10,2,9,4,6,4,11,8,8,5,2,5,10,9,7,8,1,6,,11,,,11,9,9,6,11,8,2,11,10,9,9,11,7,9,3,9,10,6,8,11,10,10,9,10,6,12,12,12,9,12,12,6,4,5,4,6,6,8,12,12,,,11,12,,,11,5,11,10,11,11,11,11,9,5,12,12,9,11,11,11,12,12,12,12,8,3,9,12,,11,,,"b'\x11\xe8\xe1I\xc9a,\x0c\xaf\x82\x12\xdf\x17\xaeN\x1e'"
11E8E149-C961-2C0C-AF82-12DF17AE4E1E,2024-ncaa-d1-natl,ncaa,352,357,194,355,238,321,327,143,362,276,81,362,322,263,350,285,227,136,355,137,226,139,100,362,362,360,250,279,69,123,269,309,362,251,360,298,206,326,285,333,52,75,140,156,,,356,325,,,361,95,22,264,338,343,74,288,55,321,254,222,121,123,67,27,104,327,253,308,334,41,139,,358,,,359,346,299,243,305,303,202,330,243,259,168,171,360,362,40,362,358,311,323,299,313,309,267,102,342,362,362,356,269,361,360,317,284,75,148,203,324,293,362,361,,,216,309,,,361,269,360,337,358,357,330,303,326,258,266,290,359,361,361,354,357,362,360,362,330,62,329,362,,198,,,"b'\x11\xe8\xe1I\xc9a,\x0c\xaf\x82\x12\xdf\x17\xaeN\x1e'"
11E8E149-C961-2C0C-AF82-12DF17AE4E1E,2025-ncaa-d0-natl,genius_ncaa,296,323,135,315,174,223,245,120,356,235,137,330,242,133,348,166,127,93,291,92,113,110,82,347,343,336,151,227,64,78,169,227,359,161,342,276,274,328,256,320,87,125,263,313,,,352,330,,220,343,93,33,225,276,292,92,261,142,253,124,129,95,93,80,35,66,268,172,303,323,76,278,,359,,213,338,333,295,280,229,303,304,175,223,171,278,54,354,361,13,361,346,314,313,215,222,216,214,95,337,360,359,333,169,359,342,279,190,84,168,167,338,287,325,304,,,164,287,,335,343,268,331,309,333,335,302,311,307,334,211,149,351,359,359,354,357,361,344,361,276,78,325,325,,185,,338,"b'\x11\xe8\xe1I\xc9a,\x0c\xaf\x82\x12\xdf\x17\xaeN\x1e'"
11E8E149-C961-2C0C-AF82-12DF17AE4E1E,2025-ncaa-d1-conf-SWAC,genius_ncaa,7,8,3,8,4,8,6,2,11,10,7,10,2,1,9,1,7,8,4,8,6,4,3,10,10,8,2,2,9,7,9,4,10,6,11,6,7,9,6,7,6,8,10,11,,,12,10,,6,10,1,3,7,8,8,2,10,9,2,1,7,8,8,3,5,6,6,7,8,7,6,10,,12,,6,9,12,12,11,10,12,10,11,10,11,7,7,12,12,6,12,10,11,12,10,10,11,7,5,8,12,10,12,9,12,11,10,5,6,8,7,10,5,12,12,,,8,11,,12,10,12,8,12,9,12,11,11,12,10,10,9,12,12,12,11,12,12,12,12,7,7,6,12,,7,,12,"b'\x11\xe8\xe1I\xc9a,\x0c\xaf\x82\x12\xdf\x17\xaeN\x1e'"
11E8E149-C961-2C0C-AF82-12DF17AE4E1E,2025-ncaa-d1-natl,genius_ncaa,312,323,172,320,222,269,283,148,356,264,164,335,257,151,348,167,151,115,293,113,111,139,108,349,347,340,143,228,56,96,185,266,360,199,347,299,278,313,263,329,100,139,277,314,,,350,332,,207,346,119,37,211,291,307,97,277,147,257,131,134,93,91,83,40,77,277,187,322,323,85,282,,360,,221,343,327,281,260,239,294,292,179,206,147,289,52,352,359,14,359,348,304,295,227,232,232,212,95,336,360,360,326,185,357,347,266,197,98,175,181,329,297,318,313,,,197,283,,337,346,247,339,323,342,344,307,312,315,334,215,146,352,360,360,354,357,361,345,361,282,89,329,329,,186,,336,"b'\x11\xe8\xe1I\xc9a,\x0c\xaf\x82\x12\xdf\x17\xaeN\x1e'"
11E8E149-C961-2C0C-AF82-12DF17AE4E1E,2026-ncaa-d0-natl,genius_ncaa,295,295,206,310,216,292,272,213,339,254,197,328,278,217,337,205,302,261,348,255,273,220,198,339,350,347,243,203,235,192,259,301,353,280,351,337,353,301,321,355,190,224,146,165,,,294,310,,180,363,195,20,97,318,299,124,262,132,276,183,307,248,241,152,43,161,341,302,352,339,146,115,,354,,220,362,351,316,192,350,285,191,312,332,194,363,125,361,356,353,355,354,242,213,357,361,362,343,221,345,318,353,268,259,302,351,300,189,203,263,291,350,350,354,351,,,248,292,,157,363,184,347,360,362,362,354,329,335,308,359,254,363,362,362,357,357,347,351,354,344,142,358,358,,219,,140,"b'\x11\xe8\xe1I\xc9a,\x0c\xaf\x82\x12\xdf\x17\xaeN\x1e'"
11E8E149-C961-2C0C-AF82-12DF17AE4E1E,2026-ncaa-d1-natl,genius_ncaa,332,294,271,333,286,349,343,290,354,330,263,347,317,274,345,203,339,318,352,313,287,298,274,353,357,360,230,199,215,273,288,351,360,338,357,359,358,263,335,362,260,263,188,179,,,257,318,,152,363,271,23,100,346,327,153,297,144,284,198,319,259,255,180,57,190,350,335,360,347,188,129,,354,,233,363,342,299,130,360,251,139,331,326,135,363,117,359,349,359,349,361,185,144,361,362,362,339,227,343,299,360,222,288,265,357,282,193,284,294,316,342,355,347,357,,,309,280,,184,363,111,361,362,363,363,359,335,350,319,362,260,363,362,362,360,357,353,355,358,356,184,359,359,,217,,135,"b'\x11\xe8\xe1I\xc9a,\x0c\xaf\x82\x12\xdf\x17\xaeN\x1e'"
11E8E149-C965-6632-AF82-12DF17AE4E1E,2010-ncaa-d0-natl,ncaa,219,224,178,231,192,209,200,145,252,169,150,217,210,163,292,177,195,188,220,186,206,156,218,266,272,183,220,208,179,115,142,298,234,225,244,196,199,8,17,61,166,123,89,85,,,51,98,,,144,258,273,111,212,188,97,155,128,212,145,185,168,169,108,215,93,318,238,187,13,150,75,,71,,,142,86,129,79,267,216,192,238,22,18,211,20,101,85,231,84,79,75,90,215,217,151,21,25,148,80,234,225,142,165,244,9,4,137,64,17,4,7,43,38,,,210,160,,,144,97,146,136,133,105,157,59,254,229,25,15,115,100,99,47,82,110,263,215,11,109,7,58,,190,,,b'\x11\xe8\xe1I\xc9ef2\xaf\x82\x12\xdf\x17\xaeN\x1e'
11E8E149-C965-6632-AF82-12DF17AE4E1E,2010-ncaa-d1-conf-Big 12,ncaa,12,12,8,12,9,12,12,9,12,9,8,12,10,7,11,6,10,10,8,10,10,8,11,12,12,12,7,7,5,5,8,12,12,12,12,9,5,3,4,6,5,3,7,7,,,3,3,,,11,11,10,3,12,12,7,9,8,9,6,10,10,10,8,10,4,12,12,9,4,5,7,,3,,,11,3,4,2,11,5,3,10,3,1,12,1,4,3,11,3,3,2,2,11,11,9,3,4,3,5,12,7,8,7,12,3,4,3,2,2,4,5,2,3,,,10,10,,,11,2,12,9,11,6,7,3,9,7,3,1,4,3,3,3,3,7,10,10,5,3,5,3,,10,,,b'\x11\xe8\xe1I\xc9ef2\xaf\x82\x12\xdf\x17\xaeN\x1e'
11E8E149-C965-6632-AF82-12DF17AE4E1E,2010-ncaa-d1-natl,ncaa,228,223,191,233,207,223,214,160,259,181,164,223,218,168,293,179,202,193,221,190,202,170,245,273,274,182,220,209,175,122,145,315,240,247,250,205,200,6,17,62,180,128,94,86,,,44,98,,,154,287,273,106,214,194,100,161,134,215,146,184,167,166,111,223,95,317,242,194,13,160,76,,72,,,152,67,113,49,274,209,170,242,22,16,213,18,93,77,236,75,79,43,63,221,222,156,20,25,147,69,240,209,145,150,250,7,4,155,69,18,3,7,39,38,,,221,160,,,154,74,149,142,140,109,165,60,257,230,25,15,115,101,99,50,79,109,264,217,13,114,7,61,,188,,,b'\x11\xe8\xe1I\xc9ef2\xaf\x82\x12\xdf\x17\xaeN\x1e'
11E8E149-C965-6632-AF82-12DF17AE4E1E,2011-ncaa-d0-natl,ncaa,192,226,119,212,124,201,181,190,163,186,222,106,169,113,281,95,279,207,325,202,149,190,205,170,201,198,203,135,284,218,245,113,194,161,220,215,219,120,164,193,298,316,87,100,,,123,136,,,247,200,281,31,242,208,236,198,264,174,120,295,233,228,248,272,251,129,199,226,122,315,86,,111,,,239,220,229,243,183,208,232,156,233,207,254,192,125,156,55,155,131,230,168,199,167,240,163,224,96,232,194,203,245,219,220,124,52,291,308,251,109,138,145,187,,,192,152,,,247,157,213,268,238,188,217,237,197,215,239,198,112,141,141,227,120,224,179,205,126,313,110,138,,213,,,b'\x11\xe8\xe1I\xc9ef2\xaf\x82\x12\xdf\x17\xaeN\x1e'
11E8E149-C965-6632-AF82-12DF17AE4E1E,2011-ncaa-d1-conf-Big 12,ncaa,10,10,9,10,9,10,10,10,10,10,9,9,8,6,10,5,8,5,12,5,3,8,8,10,11,10,6,6,7,8,8,10,10,9,10,11,7,3,8,9,10,10,9,10,,,4,6,,,10,9,8,1,10,10,8,10,8,7,4,8,5,5,6,6,6,8,8,11,8,10,9,,7,,,10,7,8,6,8,9,6,8,7,6,8,8,6,8,2,8,8,7,5,8,8,7,4,8,6,10,10,8,8,10,10,5,7,9,7,8,4,6,6,9,,,7,5,,,10,4,11,9,10,10,9,8,10,10,9,8,7,9,9,10,9,11,11,12,8,5,7,6,,7,,,b'\x11\xe8\xe1I\xc9ef2\xaf\x82\x12\xdf\x17\xaeN\x1e'
11E8E149-C965-6632-AF82-12DF17AE4E1E,2011-ncaa-d1-natl,ncaa,206,223,132,220,137,224,204,216,168,198,253,111,181,127,280,93,285,225,324,217,148,216,239,173,209,206,201,132,283,239,248,137,195,193,220,225,223,100,167,199,308,318,93,100,,,106,138,,,254,236,281,29,247,220,240,205,266,178,121,294,235,231,253,273,252,133,205,233,123,321,86,,110,,,249,201,215,223,190,197,217,159,221,192,254,192,114,150,59,148,128,210,138,200,169,245,161,221,96,216,195,186,248,204,220,109,54,304,312,256,93,140,136,192,,,211,152,,,254,121,215,275,249,195,221,239,201,216,238,199,113,143,144,229,122,229,184,208,128,315,109,145,,213,,,b'\x11\xe8\xe1I\xc9ef2\xaf\x82\x12\xdf\x17\xaeN\x1e'
11E8E149-C965-6632-AF82-12DF17AE4E1E,2012-ncaa-d0-natl,ncaa,198,228,120,217,136,169,199,243,124,287,319,124,29,40,39,19,194,217,124,219,48,241,238,55,56,91,16,16,204,319,322,64,170,181,227,118,51,151,223,128,335,341,15,13,,,188,207,,,204,193,259,119,183,223,300,316,329,25,36,218,233,236,296,305,331,48,215,119,149,339,13,,174,,,201,218,188,268,74,157,238,68,260,282,166,233,238,214,263,215,177,263,163,96,105,251,268,255,226,262,170,171,322,218,227,156,131,337,341,325,156,203,136,278,,,124,36,,,204,144,145,276,208,214,190,277,146,240,247,266,234,210,210,277,127,259,156,214,146,339,144,129,,137,,,b'\x11\xe8\xe1I\xc9ef2\xaf\x82\x12\xdf\x17\xaeN\x1e'
11E8E149-C965-6632-AF82-12DF17AE4E1E,2012-ncaa-d1-conf-Big 12,ncaa,10,10,3,10,3,9,9,9,8,9,9,7,2,1,5,2,6,6,5,6,3,9,7,7,6,8,2,1,4,9,9,4,8,7,9,8,3,10,10,10,9,10,4,4,,,5,4,,,10,6,8,3,10,10,10,10,9,2,2,7,8,8,10,8,9,5,8,9,10,10,4,,5,,,10,10,10,8,6,9,7,7,10,9,8,7,8,8,8,8,6,9,6,6,7,10,5,7,6,8,8,6,9,9,9,10,6,10,10,10,10,10,5,9,,,6,3,,,10,5,10,10,10,10,9,9,9,8,10,9,7,8,8,8,5,9,6,8,10,10,10,4,,6,,,b'\x11\xe8\xe1I\xc9ef2\xaf\x82\x12\xdf\x17\xaeN\x1e'
11E8E149-C965-6632-AF82-12DF17AE4E1E,2012-ncaa-d1-natl,ncaa,208,227,137,224,153,191,221,266,132,306,328,130,34,49,42,19,213,233,123,233,44,270,270,58,59,95,16,16,198,326,324,76,173,208,236,136,52,131,226,134,339,341,16,14,,,169,213,,,218,228,261,109,191,230,301,319,329,27,36,221,235,237,298,307,331,49,222,124,152,339,13,,180,,,213,203,180,253,78,148,218,70,251,275,170,232,225,197,266,199,178,252,133,101,113,256,265,254,226,250,173,145,324,194,236,142,133,340,341,326,136,205,132,283,,,146,32,,,218,107,149,281,222,217,195,279,152,244,247,267,238,215,217,279,125,261,161,219,154,339,146,134,,136,,,b'\x11\xe8\xe1I\xc9ef2\xaf\x82\x12\xdf\x17\xaeN\x1e'
11E8E149-C965-6632-AF82-12DF17AE4E1E,2013-ncaa-d0-natl,ncaa,128,145,80,146,89,89,91,131,65,212,312,20,9,11,52,7,276,269,196,273,127,156,153,22,34,56,24,11,331,287,302,32,33,109,117,40,29,212,191,69,264,298,276,300,,,289,281,,,111,100,170,132,96,98,196,258,327,7,11,303,305,308,238,244,309,23,148,34,168,295,296,,257,,,112,253,218,262,99,132,221,56,313,271,322,243,240,262,69,264,225,275,228,154,137,234,308,299,189,108,33,234,302,184,117,115,64,267,321,223,185,176,231,321,,,158,195,,,111,245,87,185,113,197,160,223,88,161,295,253,211,237,240,234,146,75,174,113,88,307,144,207,,225,,,b'\x11\xe8\xe1I\xc9ef2\xaf\x82\x12\xdf\x17\xaeN\x1e'
11E8E149-C965-6632-AF82-12DF17AE4E1E,2013-ncaa-d1-conf-SEC,ncaa,9,8,10,9,11,12,12,13,8,14,14,3,2,3,6,1,14,14,6,14,3,13,14,5,5,7,1,1,14,14,14,4,2,11,9,8,2,11,13,11,14,14,14,14,,,9,13,,,11,11,10,3,12,12,13,14,14,1,1,14,14,14,13,14,14,2,10,6,12,14,14,,10,,,11,9,6,5,7,2,3,4,13,10,14,11,9,10,8,10,11,8,2,10,9,13,13,13,8,2,2,7,14,4,9,9,9,14,14,13,11,13,14,14,,,12,10,,,11,5,11,12,11,12,10,9,4,5,13,12,10,11,11,10,5,5,8,6,9,14,12,14,,12,,,b'\x11\xe8\xe1I\xc9ef2\xaf\x82\x12\xdf\x17\xaeN\x1e'
11E8E149-C965-6632-AF82-12DF17AE4E1E,2013-ncaa-d1-natl,ncaa,135,145,90,150,103,97,98,146,66,232,323,22,9,11,51,7,282,278,194,284,128,180,176,21,34,56,24,12,331,295,303,37,37,122,119,48,29,196,192,69,279,301,284,304,,,280,281,,,121,127,176,129,98,100,198,263,328,7,11,304,305,311,242,245,312,24,155,38,169,296,298,,258,,,121,242,205,252,107,119,207,59,309,265,325,241,230,251,74,254,226,263,207,155,143,238,308,298,190,92,37,217,303,170,119,103,66,291,323,230,175,177,224,324,,,181,190,,,121,218,89,194,118,205,163,223,92,167,296,252,213,238,240,237,145,76,179,117,94,311,147,211,,224,,,b'\x11\xe8\xe1I\xc9ef2\xaf\x82\x12\xdf\x17\xaeN\x1e'
11E8E149-C965-6632-AF82-12DF17AE4E1E,2014-ncaa-d0-natl,ncaa,129,125,131,135,164,127,150,165,141,310,312,194,7,21,10,10,269,311,30,307,174,201,188,47,56,78,8,3,322,215,209,76,60,127,99,73,34,202,214,93,242,247,132,120,,,264,300,,,107,176,184,270,113,157,173,326,327,3,19,289,321,319,241,229,237,43,126,49,199,247,137,,267,,,106,144,90,182,52,88,145,89,159,235,41,224,278,254,280,258,273,203,164,51,84,152,282,167,305,116,60,151,209,140,99,58,68,268,290,162,206,232,311,342,,,228,231,,,107,173,92,130,102,128,73,174,86,135,149,234,275,253,255,203,133,108,151,116,53,292,209,318,,257,,,b'\x11\xe8\xe1I\xc9ef2\xaf\x82\x12\xdf\x17\xaeN\x1e'
11E8E149-C965-6632-AF82-12DF17AE4E1E,2014-ncaa-d1-conf-SEC,ncaa,12,10,11,12,12,11,12,12,8,14,14,11,1,1,2,1,13,14,2,14,2,13,12,5,6,7,1,1,13,11,13,5,6,10,7,9,1,7,13,8,13,13,13,12,,,8,12,,,9,12,8,9,8,11,12,14,14,1,1,13,14,13,12,11,11,4,5,3,11,13,13,,11,,,9,7,5,7,4,3,6,5,8,10,2,11,9,8,13,8,10,5,3,3,4,12,13,9,11,4,6,6,13,5,7,6,5,13,13,13,9,11,11,14,,,13,8,,,9,3,8,13,10,11,7,10,6,8,9,12,12,12,12,11,5,8,7,8,7,13,11,11,,11,,,b'\x11\xe8\xe1I\xc9ef2\xaf\x82\x12\xdf\x17\xaeN\x1e'
11E8E149-C965-6632-AF82-12DF17AE4E1E,2014-ncaa-d1-natl,ncaa,143,125,145,141,193,150,171,188,148,321,321,199,7,23,10,10,281,317,30,314,178,229,219,47,56,81,8,3,323,230,215,86,62,149,104,79,35,188,218,97,254,249,140,123,,,250,302,,,113,206,188,273,121,167,177,326,328,4,19,290,322,319,244,233,242,48,135,51,202,251,139,,271,,,112,121,79,160,56,70,123,91,144,218,42,223,266,240,284,246,275,180,132,54,89,162,282,167,305,103,62,135,215,117,104,48,69,289,293,170,198,230,309,342,,,252,233,,,113,143,95,138,107,133,77,175,93,136,148,235,278,254,256,204,130,110,151,118,52,294,210,322,,259,,,b'\x11\xe8\xe1I\xc9ef2\xaf\x82\x12\xdf\x17\xaeN\x1e'
11E8E149-C965-6632-AF82-12DF17AE4E1E,2015-ncaa-d0-natl,ncaa,97,131,48,116,71,104,115,109,162,237,290,104,18,14,119,12,215,176,275,175,75,124,93,87,112,147,26,13,300,142,175,18,70,37,63,87,82,284,239,163,214,256,122,142,,,326,317,,,94,91,239,281,177,207,239,309,331,28,23,277,262,264,253,245,207,18,63,122,206,270,163,,288,,,98,165,112,287,7,77,231,18,252,305,60,252,261,312,10,308,277,299,265,11,12,67,312,272,272,268,70,232,175,261,63,84,100,228,296,166,273,232,197,278,,,43,33,,,94,259,147,81,100,63,33,172,23,107,204,259,200,268,260,215,113,183,117,140,42,300,213,152,,69,,,b'\x11\xe8\xe1I\xc9ef2\xaf\x82\x12\xdf\x17\xaeN\x1e'
11E8E149-C965-6632-AF82-12DF17AE4E1E,2015-ncaa-d1-conf-SEC,ncaa,7,7,10,7,12,8,10,12,6,14,14,5,1,1,3,1,12,12,8,12,4,12,14,4,4,5,1,1,13,13,13,3,8,5,11,5,2,4,10,5,14,14,8,10,,,9,11,,,8,14,8,7,7,9,12,14,14,1,1,12,11,11,11,12,12,1,4,4,7,14,8,,10,,,8,4,2,10,2,1,10,2,7,9,5,9,9,11,1,11,10,11,5,2,3,5,14,12,12,13,8,7,13,13,11,1,2,14,14,13,5,7,3,9,,,9,5,,,8,1,7,12,8,7,5,13,3,10,9,12,11,12,12,13,11,14,9,13,2,14,6,4,,6,,,b'\x11\xe8\xe1I\xc9ef2\xaf\x82\x12\xdf\x17\xaeN\x1e'
11E8E149-C965-6632-AF82-12DF17AE4E1E,2015-ncaa-d1-natl,ncaa,106,130,55,120,88,130,148,133,170,268,316,109,20,17,117,12,237,206,275,204,72,153,119,93,122,157,24,13,299,161,184,24,71,45,70,102,85,268,244,173,240,262,134,145,,,318,319,,,111,121,240,282,190,215,248,318,332,32,24,282,265,268,261,248,213,17,69,130,209,275,166,,292,,,113,135,85,270,12,61,200,19,239,297,61,253,250,302,11,295,276,283,239,13,16,76,311,270,272,242,71,208,184,239,70,69,100,253,300,177,254,237,188,286,,,49,34,,,111,228,156,91,113,66,36,175,23,109,204,262,203,271,263,220,113,190,122,146,43,305,213,161,,70,,,b'\x11\xe8\xe1I\xc9ef2\xaf\x82\x12\xdf\x17\xaeN\x1e'
11E8E149-C965-6632-AF82-12DF17AE4E1E,2016-ncaa-d0-natl,ncaa,65,58,76,65,94,85,116,205,40,186,312,12,42,45,118,27,53,106,16,104,10,176,136,24,17,55,35,75,89,202,118,52,22,91,24,41,15,313,301,122,165,172,124,126,,,330,339,,,34,119,214,211,93,146,303,233,334,55,49,60,135,133,281,238,241,53,126,36,276,194,142,,311,,,36,109,67,179,33,101,203,48,83,141,38,128,255,281,94,276,248,204,200,32,39,69,203,108,305,56,22,34,118,33,24,21,12,183,196,47,248,226,76,186,,,11,2,,,34,229,70,47,37,51,39,87,55,131,63,102,229,250,242,111,74,32,19,19,13,237,206,58,,9,,,b'\x11\xe8\xe1I\xc9ef2\xaf\x82\x12\xdf\x17\xaeN\x1e'
11E8E149-C965-6632-AF82-12DF17AE4E1E,2016-ncaa-d1-conf-SEC,ncaa,9,7,8,9,10,10,12,14,6,14,14,4,2,2,6,1,9,11,2,11,2,14,14,4,4,5,1,1,6,13,13,4,1,8,4,6,1,10,13,6,14,14,10,10,,,9,14,,,7,14,12,4,8,11,13,14,14,1,2,7,10,10,13,13,12,3,8,4,12,14,10,,12,,,7,2,2,5,3,3,5,4,3,6,1,8,12,10,11,10,10,6,1,3,4,8,11,4,14,1,1,2,13,1,4,1,1,14,14,7,8,9,2,11,,,6,1,,,7,1,8,7,7,5,3,7,5,6,3,7,13,12,12,9,3,1,4,3,1,14,9,3,,3,,,b'\x11\xe8\xe1I\xc9ef2\xaf\x82\x12\xdf\x17\xaeN\x1e'
11E8E149-C965-6632-AF82-12DF17AE4E1E,2016-ncaa-d1-natl,ncaa,73,58,99,67,117,101,140,241,41,214,329,13,51,53,121,26,62,122,15,121,9,216,176,25,17,59,32,71,78,228,130,59,23,108,27,45,16,306,305,129,192,186,137,132,,,321,341,,,43,159,215,198,100,161,310,235,337,55,50,62,137,135,287,243,247,55,131,39,278,211,148,,312,,,44,84,53,145,35,84,176,51,74,126,43,123,242,266,97,262,255,173,154,34,46,79,201,104,303,41,23,16,130,17,27,18,12,220,206,54,230,233,68,195,,,16,2,,,43,190,74,54,42,53,43,90,61,132,65,101,232,250,243,117,71,33,19,19,14,248,205,62,,9,,,b'\x11\xe8\xe1I\xc9ef2\xaf\x82\x12\xdf\x17\xaeN\x1e'
11E8E149-C965-6632-AF82-12DF17AE4E1E,2016-ncaa-d1-ncaatournament,ncaa,17,2,17,17,17,24,28,32,16,30,35,6,18,17,39,7,15,18,5,18,2,31,31,12,3,13,7,25,5,43,49,27,36,32,33,26,18,49,56,47,27,33,41,57,,,42,46,,,30,26,37,1,28,43,61,49,64,21,21,3,11,11,57,55,54,35,52,33,51,31,55,,44,,,28,45,46,43,38,45,41,39,41,40,29,36,31,35,28,36,14,42,40,38,37,39,20,32,15,39,36,33,49,34,33,40,16,23,36,30,49,55,21,34,,,17,1,,,30,40,22,38,26,35,44,38,40,34,31,33,14,19,16,33,33,30,7,12,27,37,49,13,,2,,,b'\x11\xe8\xe1I\xc9ef2\xaf\x82\x12\xdf\x17\xaeN\x1e'
11E8E149-C965-6632-AF82-12DF17AE4E1E,2017-ncaa-d0-natl,ncaa,57,75,45,75,58,81,129,216,50,199,297,38,47,73,40,49,34,102,2,103,16,198,171,25,14,46,23,71,48,255,183,54,65,108,44,108,94,284,280,178,211,226,137,136,,,304,305,,,107,131,309,230,128,218,342,274,340,69,101,50,145,148,330,321,308,79,207,152,214,256,167,,233,,,110,230,173,257,67,90,203,34,310,285,290,263,269,266,173,264,251,267,205,108,113,224,329,310,243,168,65,36,183,57,44,132,125,290,324,254,107,102,15,68,,,20,3,,,107,214,60,217,101,120,81,116,26,71,271,236,214,214,209,135,40,89,10,16,82,337,61,8,,28,,,b'\x11\xe8\xe1I\xc9ef2\xaf\x82\x12\xdf\x17\xaeN\x1e'
11E8E149-C965-6632-AF82-12DF17AE4E1E,2017-ncaa-d1-conf-SEC,ncaa,4,3,9,4,10,8,10,14,2,13,14,2,1,1,2,1,9,13,1,13,3,14,14,1,1,2,1,1,9,14,13,6,1,11,1,6,4,9,13,7,13,12,9,9,,,5,9,,,4,14,14,4,5,7,14,13,14,1,1,9,13,13,14,14,14,3,10,5,9,13,8,,8,,,4,2,1,5,3,2,3,4,9,10,8,13,7,7,2,7,9,3,1,5,5,9,10,12,9,2,1,1,13,1,1,2,5,14,13,12,4,7,1,6,,,7,1,,,4,1,3,10,4,5,4,7,2,3,11,11,7,8,8,6,1,4,1,1,3,14,6,1,,5,,,b'\x11\xe8\xe1I\xc9ef2\xaf\x82\x12\xdf\x17\xaeN\x1e'
11E8E149-C965-6632-AF82-12DF17AE4E1E,2017-ncaa-d1-natl,ncaa,69,75,56,80,79,102,155,271,53,230,326,43,58,82,43,49,40,120,2,122,16,246,213,30,14,49,23,68,49,282,193,61,67,143,47,129,93,266,281,186,235,234,152,142,,,287,305,,,114,178,313,228,138,229,343,286,340,71,101,50,156,158,333,324,310,81,226,164,218,267,171,,234,,,115,204,150,232,76,68,162,39,303,271,296,265,262,252,181,249,249,240,165,114,127,235,331,310,243,136,67,19,193,28,47,112,127,311,327,265,89,105,12,75,,,26,3,,,114,170,69,230,109,130,84,119,31,71,276,237,215,217,211,136,41,92,10,18,86,339,63,9,,31,,,b'\x11\xe8\xe1I\xc9ef2\xaf\x82\x12\xdf\x17\xaeN\x1e'
11E8E149-C965-6632-AF82-12DF17AE4E1E,2017-ncaa-d1-ncaatournament,ncaa,17,2,17,17,18,29,28,28,33,30,32,20,16,17,37,10,29,30,15,28,33,30,27,29,34,41,30,25,42,23,28,29,37,31,29,29,52,50,59,56,24,32,25,29,,,50,63,,,46,27,44,6,46,39,52,42,58,27,19,39,51,50,58,38,34,39,43,48,58,30,28,,60,,,40,41,33,34,26,28,38,8,44,39,54,29,51,53,29,51,61,36,37,32,37,38,60,41,59,40,37,38,28,38,29,28,24,20,23,18,47,47,13,16,,,24,21,,,46,36,42,36,41,29,8,6,8,14,41,24,56,58,57,19,20,31,18,18,14,24,47,9,,25,,,b'\x11\xe8\xe1I\xc9ef2\xaf\x82\x12\xdf\x17\xaeN\x1e'
11E8E149-C965-6632-AF82-12DF17AE4E1E,2018-ncaa-d0-natl,ncaa,38,31,73,39,114,75,103,225,17,167,300,17,44,74,18,55,72,126,29,129,18,210,218,14,11,23,41,61,142,279,174,29,10,75,11,47,21,152,202,58,317,331,76,96,,,184,209,,,53,185,303,338,74,127,320,231,332,51,93,86,155,155,310,324,310,11,95,39,112,333,92,,129,,,53,135,117,260,27,82,238,16,245,245,208,214,158,144,249,132,100,248,143,42,42,159,289,285,186,63,10,19,174,26,11,13,8,339,339,226,72,89,123,220,,,64,17,,,53,168,31,132,42,72,64,204,35,177,218,206,129,104,102,165,30,32,9,6,6,343,56,100,,94,,,b'\x11\xe8\xe1I\xc9ef2\xaf\x82\x12\xdf\x17\xaeN\x1e'
11E8E149-C965-6632-AF82-12DF17AE4E1E,2018-ncaa-d1-conf-SEC,ncaa,5,4,4,5,7,5,7,13,5,12,13,3,1,3,2,3,7,10,2,10,3,12,13,1,1,3,1,1,9,13,9,1,1,5,2,1,1,10,12,2,13,13,4,5,,,5,8,,,6,11,14,8,7,8,14,12,14,1,3,8,11,11,14,14,13,1,6,1,9,14,5,,6,,,6,5,4,8,2,3,8,2,9,9,9,9,6,7,3,7,6,9,3,3,3,7,11,12,9,2,1,1,9,1,2,2,2,13,13,8,7,10,6,11,,,7,2,,,6,6,4,6,5,4,4,8,3,8,7,8,6,7,7,8,2,2,1,1,2,14,7,6,,6,,,b'\x11\xe8\xe1I\xc9ef2\xaf\x82\x12\xdf\x17\xaeN\x1e'
11E8E149-C965-6632-AF82-12DF17AE4E1E,2018-ncaa-d1-natl,ncaa,45,31,97,43,142,86,122,270,18,197,317,17,50,85,20,54,88,149,29,150,20,257,273,14,11,23,38,60,133,295,181,31,10,93,12,53,22,127,209,62,330,331,90,97,,,161,217,,,62,240,307,339,82,136,323,240,334,53,94,91,160,163,316,326,314,13,103,41,114,334,96,,129,,,60,109,101,238,28,59,210,19,228,222,218,209,143,120,254,108,102,227,87,45,46,178,284,283,188,42,10,9,181,10,12,6,7,342,340,234,57,97,110,230,,,87,15,,,62,123,33,147,50,76,71,205,42,184,218,205,135,109,105,169,29,38,10,7,7,344,56,105,,97,,,b'\x11\xe8\xe1I\xc9ef2\xaf\x82\x12\xdf\x17\xaeN\x1e'
11E8E149-C965-6632-AF82-12DF17AE4E1E,2018-ncaa-d1-ncaatournament,ncaa,33,2,33,33,34,40,47,60,41,46,60,3,51,38,59,13,29,31,8,33,1,51,46,44,25,32,21,50,1,55,46,34,2,38,21,41,14,17,49,39,44,33,35,17,,,35,64,,,32,40,20,7,28,46,59,37,59,46,15,2,2,2,43,35,52,12,27,31,44,31,19,,64,,,37,13,6,2,43,8,3,41,14,14,45,27,33,43,6,43,64,10,7,47,42,50,54,34,59,1,2,11,46,4,21,6,20,56,51,40,8,18,1,1,,,33,1,,,32,15,41,38,45,41,20,2,19,3,35,25,60,64,64,27,11,2,35,10,17,53,16,1,,1,,,b'\x11\xe8\xe1I\xc9ef2\xaf\x82\x12\xdf\x17\xaeN\x1e'
11E8E149-C965-6632-AF82-12DF17AE4E1E,2019-ncaa-d0-natl,ncaa,41,73,14,65,16,59,88,168,26,208,319,20,18,19,29,12,77,112,48,109,11,154,110,18,15,40,16,18,184,252,196,36,164,81,88,55,53,315,285,145,231,272,111,174,,,291,250,,,60,80,338,79,136,203,345,307,350,27,57,160,218,218,343,335,317,112,249,105,206,293,164,,155,,,69,229,225,311,39,245,326,36,148,211,61,103,230,223,215,223,98,308,284,29,36,93,125,107,209,307,164,75,196,180,88,21,1,266,322,91,208,164,22,106,,,15,10,,,60,263,50,135,65,43,49,131,86,212,58,82,127,112,112,110,34,200,6,23,2,332,91,8,,71,,,b'\x11\xe8\xe1I\xc9ef2\xaf\x82\x12\xdf\x17\xaeN\x1e'
11E8E149-C965-6632-AF82-12DF17AE4E1E,2019-ncaa-d1-conf-SEC,ncaa,4,5,2,5,2,4,6,12,2,12,14,1,1,3,1,2,5,8,2,8,1,11,10,1,1,2,1,2,7,14,9,2,11,7,7,2,1,13,13,7,11,12,7,8,,,7,7,,,3,9,14,2,6,10,14,13,14,1,3,6,9,9,14,14,14,3,8,3,10,13,7,,5,,,3,6,7,13,1,9,13,1,5,10,2,9,3,3,12,3,2,13,11,1,1,3,7,10,4,13,11,1,9,6,7,2,2,14,14,7,9,9,1,9,,,3,2,,,3,8,3,6,3,1,3,10,4,11,4,7,2,2,2,7,2,14,1,3,1,14,7,1,,5,,,b'\x11\xe8\xe1I\xc9ef2\xaf\x82\x12\xdf\x17\xaeN\x1e'
11E8E149-C965-6632-AF82-12DF17AE4E1E,2019-ncaa-d1-natl,ncaa,51,73,21,72,27,75,108,217,30,251,340,21,21,27,31,13,94,142,45,141,11,203,161,18,15,44,13,17,176,273,205,46,171,107,94,73,56,296,294,153,256,282,123,176,,,264,252,,,72,116,338,77,142,223,346,315,351,30,57,162,227,225,344,336,322,118,255,115,207,299,170,,161,,,80,196,199,298,44,228,317,41,122,179,67,102,213,204,228,205,100,293,253,34,42,113,120,104,206,294,171,42,205,136,94,13,1,286,326,103,190,175,20,117,,,28,8,,,72,219,59,150,78,44,62,134,96,219,60,76,136,114,114,112,32,208,6,26,2,335,94,8,,77,,,b'\x11\xe8\xe1I\xc9ef2\xaf\x82\x12\xdf\x17\xaeN\x1e'
11E8E149-C965-6632-AF82-12DF17AE4E1E,2019-ncaa-d1-ncaatournament,ncaa,17,2,17,17,17,31,31,30,29,32,32,16,13,9,28,9,30,34,10,33,37,30,28,19,19,33,15,8,50,23,25,30,31,29,26,23,14,47,56,41,21,20,18,16,,,35,26,,,45,30,59,4,42,37,48,46,54,9,11,45,54,53,51,44,28,45,41,24,51,24,14,,16,,,38,42,42,35,42,42,37,37,49,39,51,47,29,31,38,31,26,34,34,50,47,46,44,54,19,37,31,37,25,36,26,52,61,21,20,47,43,47,36,49,,,21,24,,,45,33,31,44,39,34,31,16,27,13,48,33,22,21,16,11,10,20,14,12,54,28,47,30,,29,,,b'\x11\xe8\xe1I\xc9ef2\xaf\x82\x12\xdf\x17\xaeN\x1e'
11E8E149-C965-6632-AF82-12DF17AE4E1E,2020-ncaa-d0-natl,ncaa,276,306,33,294,48,90,155,206,111,253,301,98,35,48,65,45,36,60,54,61,15,180,146,70,50,86,24,50,57,310,307,65,229,175,250,108,94,274,254,182,300,331,90,121,,,318,279,,,259,71,179,76,137,209,305,303,330,50,67,59,103,103,281,259,325,123,257,139,227,319,110,,280,,,253,335,327,324,253,299,291,232,324,312,303,233,237,264,131,269,189,336,303,274,253,318,224,264,126,313,229,221,307,283,250,187,37,291,330,274,181,148,152,236,,,19,17,,,259,275,140,327,255,309,301,302,260,238,313,283,206,225,228,307,229,280,144,216,129,322,130,124,,43,,,b'\x11\xe8\xe1I\xc9ef2\xaf\x82\x12\xdf\x17\xaeN\x1e'
11E8E149-C965-6632-AF82-12DF17AE4E1E,2020-ncaa-d1-conf-SEC,ncaa,10,11,4,11,4,6,12,13,7,13,14,4,3,3,6,1,3,2,3,2,1,11,10,5,4,7,1,3,1,14,13,3,9,11,10,6,1,12,13,10,11,12,6,7,,,12,11,,,10,5,6,2,8,13,14,13,14,3,3,2,2,2,13,13,14,5,10,6,12,12,7,,12,,,10,12,12,12,7,11,10,7,11,10,4,11,8,10,2,10,9,12,11,7,7,11,9,10,6,10,9,9,13,12,10,4,2,11,13,10,6,6,1,5,,,1,1,,,10,9,9,11,10,9,10,12,9,11,10,10,9,10,10,13,11,11,7,11,5,13,6,1,,1,,,b'\x11\xe8\xe1I\xc9ef2\xaf\x82\x12\xdf\x17\xaeN\x1e'
11E8E149-C965-6632-AF82-12DF17AE4E1E,2020-ncaa-d1-natl,ncaa,289,305,45,301,64,113,190,248,113,292,320,105,45,64,69,43,44,80,53,80,15,219,191,75,52,94,23,49,55,322,313,92,238,223,262,125,94,262,261,189,310,335,98,126,,,310,280,,,272,103,182,72,152,228,315,309,332,52,69,62,106,105,283,268,327,128,261,147,230,320,114,,282,,,271,330,317,313,265,289,275,238,322,302,305,229,223,245,133,250,193,325,278,285,261,325,223,262,123,305,238,188,313,267,262,175,40,310,332,284,152,155,140,247,,,28,15,,,272,240,150,332,275,313,305,302,272,245,319,285,213,225,232,311,228,282,147,225,137,325,134,130,,43,,,b'\x11\xe8\xe1I\xc9ef2\xaf\x82\x12\xdf\x17\xaeN\x1e'
11E8E149-C965-6632-AF82-12DF17AE4E1E,2021-ncaa-d0-natl,ncaa,191,227,157,207,190,112,81,178,7,92,189,10,74,147,7,124,221,215,218,206,208,182,192,6,9,15,191,101,316,257,229,119,91,171,72,93,191,137,151,85,222,255,157,175,,,255,308,,,101,176,163,331,43,33,204,54,209,56,146,259,248,241,221,257,306,65,187,66,119,253,179,,297,,,105,206,183,189,154,170,164,201,226,246,122,253,267,266,199,266,298,204,170,166,200,282,269,211,277,157,91,90,229,104,72,165,119,271,323,286,68,49,161,169,,,194,170,,,101,169,24,271,96,251,197,218,155,130,244,284,305,294,298,257,156,137,28,43,162,323,38,148,,218,,,b'\x11\xe8\xe1I\xc9ef2\xaf\x82\x12\xdf\x17\xaeN\x1e'
11E8E149-C965-6632-AF82-12DF17AE4E1E,2021-ncaa-d1-conf-SEC,ncaa,9,11,11,10,12,8,9,12,1,11,12,1,3,4,3,2,12,12,5,12,5,12,12,1,1,2,3,2,13,11,9,8,6,11,6,5,2,4,7,1,10,10,11,11,,,9,12,,,7,12,12,14,3,3,13,10,14,2,2,13,13,12,14,14,13,6,9,1,3,11,12,,12,,,8,6,7,4,8,5,3,11,11,13,4,13,11,10,8,10,14,6,3,9,11,12,13,9,11,5,6,3,9,4,6,9,10,13,14,14,3,3,8,11,,,11,7,,,7,3,2,11,6,10,9,8,7,3,11,13,13,12,12,12,3,6,3,4,9,14,3,7,,10,,,b'\x11\xe8\xe1I\xc9ef2\xaf\x82\x12\xdf\x17\xaeN\x1e'
11E8E149-C965-6632-AF82-12DF17AE4E1E,2021-ncaa-d1-natl,ncaa,202,225,182,218,205,122,92,202,7,102,207,11,86,157,8,127,232,229,217,222,210,207,212,5,9,16,186,101,316,270,234,139,93,196,79,103,195,121,151,85,236,257,173,176,,,244,308,,,113,195,167,331,47,35,210,58,215,58,149,260,249,244,229,263,308,66,192,69,116,258,183,,299,,,115,187,166,175,164,159,149,205,217,238,122,253,259,259,198,259,297,186,151,178,207,292,268,208,276,149,93,83,234,94,79,147,121,280,324,293,61,50,155,169,,,205,166,,,113,151,25,282,103,258,207,219,164,133,246,280,310,297,300,260,153,140,28,43,168,327,38,151,,218,,,b'\x11\xe8\xe1I\xc9ef2\xaf\x82\x12\xdf\x17\xaeN\x1e'
11E8E149-C965-6632-AF82-12DF17AE4E1E,2022-ncaa-d0-natl,ncaa,107,134,79,127,82,64,69,146,16,130,213,39,30,75,4,82,123,141,109,134,86,140,144,10,10,19,55,44,252,290,297,60,76,130,124,100,215,184,152,112,292,330,271,315,,,221,153,,,113,102,236,19,61,68,256,183,288,31,100,166,193,186,244,272,331,58,197,136,113,329,303,,145,,,117,302,312,303,223,281,265,198,322,304,301,256,104,113,142,99,52,287,240,242,214,294,188,295,42,182,76,190,297,185,124,200,48,293,327,290,114,99,253,274,,,120,113,,,113,256,35,282,116,251,285,283,226,217,313,275,76,75,63,249,154,139,91,96,144,329,76,217,,173,,,b'\x11\xe8\xe1I\xc9ef2\xaf\x82\x12\xdf\x17\xaeN\x1e'
11E8E149-C965-6632-AF82-12DF17AE4E1E,2022-ncaa-d1-conf-SEC,ncaa,10,8,9,10,10,10,11,14,2,14,14,4,3,4,1,3,12,13,3,12,6,14,14,1,1,2,2,1,13,13,13,7,6,12,8,9,7,6,9,9,13,11,13,14,,,5,9,,,9,14,14,2,8,10,14,13,13,1,3,12,13,12,14,14,13,6,10,7,8,12,13,,9,,,9,7,11,7,10,7,5,10,12,11,8,12,4,2,11,2,2,7,1,10,10,14,9,12,1,5,6,3,13,4,8,8,4,14,13,13,9,10,6,11,,,13,5,,,9,1,5,13,10,10,12,12,10,7,12,13,4,2,2,10,4,6,4,6,8,14,10,7,,10,,,b'\x11\xe8\xe1I\xc9ef2\xaf\x82\x12\xdf\x17\xaeN\x1e'
11E8E149-C965-6632-AF82-12DF17AE4E1E,2022-ncaa-d1-natl,ncaa,120,134,100,137,102,78,83,182,18,163,250,43,37,92,4,82,142,166,111,159,82,178,186,9,11,21,54,45,247,315,306,73,84,166,136,125,221,154,163,122,317,335,298,324,,,191,162,,,138,134,246,13,66,76,270,195,292,35,103,168,195,186,253,283,337,58,211,148,116,332,306,,150,,,145,291,303,295,237,258,253,209,317,295,309,252,92,93,152,80,53,274,203,264,234,309,188,292,42,163,84,155,306,146,136,188,49,315,330,300,94,105,246,283,,,139,100,,,138,224,38,303,141,264,297,287,238,218,317,277,78,76,68,248,147,138,93,102,154,333,77,224,,173,,,b'\x11\xe8\xe1I\xc9ef2\xaf\x82\x12\xdf\x17\xaeN\x1e'
11E8E149-C965-6632-AF82-12DF17AE4E1E,2023-ncaa-d0-natl,ncaa,120,139,81,139,105,132,131,191,64,196,276,65,55,79,31,59,247,272,100,263,178,205,198,40,44,81,72,47,310,283,272,155,137,202,196,107,107,196,227,125,164,149,249,235,,,268,299,,,131,166,301,291,168,173,314,261,329,62,104,286,312,305,322,332,323,226,299,126,149,203,271,,220,,,133,201,157,181,134,55,89,106,320,294,320,316,196,156,304,161,230,169,176,204,206,200,338,342,187,130,137,158,272,139,196,147,146,178,174,154,80,106,200,256,,,195,174,,,131,198,108,197,136,105,75,65,23,29,312,269,154,112,119,56,49,85,78,62,91,220,51,158,,265,,,b'\x11\xe8\xe1I\xc9ef2\xaf\x82\x12\xdf\x17\xaeN\x1e'
11E8E149-C965-6632-AF82-12DF17AE4E1E,2023-ncaa-d1-conf-SEC,ncaa,9,9,9,9,11,13,13,14,8,14,14,9,4,4,3,3,14,14,1,14,10,14,14,6,6,7,4,2,13,14,13,12,6,13,9,10,6,5,13,9,9,7,14,14,,,5,13,,,9,14,14,9,12,12,14,14,13,4,4,13,14,14,14,14,14,11,13,7,7,8,14,,7,,,9,7,5,1,9,2,1,11,14,13,13,14,5,4,12,4,11,1,1,13,12,13,14,14,8,2,6,6,13,4,9,6,10,12,9,13,1,3,4,10,,,14,13,,,9,1,9,13,9,8,6,2,3,2,14,14,7,5,5,2,1,5,7,7,8,11,2,6,,13,,,b'\x11\xe8\xe1I\xc9ef2\xaf\x82\x12\xdf\x17\xaeN\x1e'
11E8E149-C965-6632-AF82-12DF17AE4E1E,2023-ncaa-d1-natl,ncaa,136,138,103,144,142,162,160,246,68,229,304,70,64,95,31,60,262,297,97,283,174,267,258,41,48,87,68,46,309,311,285,183,146,256,213,127,112,166,231,129,197,162,264,240,,,251,301,,,153,229,305,291,191,199,319,271,330,65,108,292,318,312,325,335,328,240,310,140,153,213,279,,229,,,153,165,114,135,156,44,60,112,317,283,331,318,182,134,311,136,230,130,119,222,221,229,340,342,190,103,146,112,285,98,213,124,150,207,181,180,66,112,185,265,,,229,164,,,153,137,118,218,154,116,83,67,31,33,318,271,164,113,120,59,47,87,80,69,99,228,55,164,,266,,,b'\x11\xe8\xe1I\xc9ef2\xaf\x82\x12\xdf\x17\xaeN\x1e'
11E8E149-C965-6632-AF82-12DF17AE4E1E,2024-ncaa-d0-natl,ncaa,246,251,196,258,218,130,127,196,46,189,290,41,44,74,30,50,267,304,34,307,249,222,228,27,31,63,63,39,327,335,330,127,135,221,218,117,128,181,220,119,238,256,313,334,,,139,125,,,190,177,96,187,82,78,191,182,292,28,52,267,305,306,236,211,337,72,224,74,201,235,319,,162,,,190,260,285,251,257,266,205,284,282,279,217,270,111,89,248,91,80,235,179,265,249,314,147,245,48,174,135,151,330,150,218,238,147,292,321,316,232,262,214,296,,,281,283,,,190,186,98,301,186,303,325,318,309,264,304,306,131,120,116,300,249,202,199,207,271,293,254,235,,287,,,b'\x11\xe8\xe1I\xc9ef2\xaf\x82\x12\xdf\x17\xaeN\x1e'
11E8E149-C965-6632-AF82-12DF17AE4E1E,2024-ncaa-d1-conf-SEC,ncaa,14,14,9,14,10,13,11,14,5,13,14,3,3,2,3,2,14,14,1,14,11,14,14,2,3,6,3,2,13,14,14,13,8,14,12,6,2,8,14,9,12,12,14,14,,,6,9,,,12,14,14,5,11,11,14,13,14,3,2,13,14,14,14,14,14,11,14,6,12,12,14,,7,,,12,11,11,6,13,8,3,13,14,11,14,12,2,2,12,2,5,4,2,14,13,14,11,14,2,4,8,8,14,4,12,9,7,13,12,11,9,14,5,12,,,13,10,,,12,1,9,14,12,12,13,6,8,4,14,12,3,2,2,6,3,4,9,8,10,13,10,7,,13,,,b'\x11\xe8\xe1I\xc9ef2\xaf\x82\x12\xdf\x17\xaeN\x1e'
11E8E149-C965-6632-AF82-12DF17AE4E1E,2024-ncaa-d1-natl,ncaa,266,253,254,268,283,154,150,252,52,233,323,46,50,90,31,51,290,324,35,325,252,278,286,29,35,67,61,38,326,345,335,157,147,273,235,140,131,153,231,131,274,268,335,338,,,109,129,,,215,242,98,171,90,88,205,198,300,31,54,274,308,310,250,229,341,80,240,88,206,255,331,,165,,,219,251,275,223,269,257,169,297,277,259,227,267,96,74,255,76,82,199,124,278,261,327,143,246,49,148,147,119,335,120,235,225,151,325,333,325,207,265,200,304,,,314,281,,,215,124,105,318,215,313,329,322,315,271,312,309,139,122,122,306,253,210,206,215,277,307,259,244,,289,,,b'\x11\xe8\xe1I\xc9ef2\xaf\x82\x12\xdf\x17\xaeN\x1e'
11E8E149-C965-6632-AF82-12DF17AE4E1E,2025-ncaa-d0-natl,genius_ncaa,184,227,90,208,116,100,99,133,81,128,143,138,86,159,16,185,134,142,201,133,147,136,127,68,81,97,122,119,219,113,93,163,253,136,147,166,267,235,189,188,130,143,249,276,,,319,301,,204,155,135,204,269,97,106,184,157,184,88,179,176,164,160,186,193,145,229,190,191,176,143,272,,290,,175,156,285,266,249,248,264,234,240,257,237,235,205,263,251,253,240,212,254,241,250,260,252,199,192,205,263,253,132,93,190,147,221,129,155,187,188,147,132,356,342,,,148,202,,160,155,233,87,265,149,237,233,188,218,169,232,202,231,215,203,192,178,240,65,123,181,178,124,348,,208,,178,b'\x11\xe8\xe1I\xc9ef2\xaf\x82\x12\xdf\x17\xaeN\x1e'
11E8E149-C965-6632-AF82-12DF17AE4E1E,2025-ncaa-d1-conf-SEC,genius_ncaa,13,13,11,13,13,13,14,15,13,15,14,13,8,9,3,6,14,14,12,14,4,16,16,10,11,12,3,5,11,12,12,15,14,14,13,14,11,9,12,13,11,11,16,16,,,11,16,,1,13,16,15,7,12,13,15,15,14,8,8,12,12,12,16,16,12,14,14,14,11,11,16,,14,,1,13,9,9,3,13,3,2,14,11,9,13,15,13,9,13,9,16,3,2,14,15,16,14,13,12,5,14,3,12,3,13,7,9,13,11,12,3,9,14,15,,,14,8,,9,13,1,12,15,13,13,12,4,9,3,14,12,16,16,16,4,4,8,6,7,9,13,8,14,,11,,9,b'\x11\xe8\xe1I\xc9ef2\xaf\x82\x12\xdf\x17\xaeN\x1e'
11E8E149-C965-6632-AF82-12DF17AE4E1E,2025-ncaa-d1-natl,genius_ncaa,193,226,113,219,154,118,118,167,88,156,172,150,96,183,17,184,161,160,200,155,144,169,159,69,83,101,117,116,217,144,100,195,260,175,164,184,274,192,192,195,147,156,261,283,,,300,306,,191,169,173,211,269,100,113,203,173,190,93,185,177,167,163,200,207,156,239,204,198,177,156,273,,294,,182,170,267,249,214,259,248,207,253,248,221,243,203,249,231,260,221,213,220,216,263,277,270,199,192,201,251,260,100,100,159,164,209,127,184,197,198,128,139,354,343,,,182,197,,171,169,199,94,288,163,252,242,190,229,176,234,202,238,219,209,196,176,246,67,126,191,190,126,352,,205,,171,b'\x11\xe8\xe1I\xc9ef2\xaf\x82\x12\xdf\x17\xaeN\x1e'
11E8E149-C965-6632-AF82-12DF17AE4E1E,2026-ncaa-d0-natl,genius_ncaa,17,80,2,62,4,8,14,21,32,31,28,76,12,50,13,185,8,18,15,17,106,19,15,24,20,28,102,123,134,163,304,2,62,17,105,56,290,318,120,133,122,282,61,159,,,226,16,,312,78,5,130,97,44,60,213,101,199,60,185,56,126,117,181,239,332,25,114,155,100,277,128,,19,,207,95,360,360,363,152,350,358,120,362,361,283,294,208,198,254,199,23,363,358,193,166,249,239,335,23,323,62,341,304,339,105,350,126,154,341,320,333,172,229,97,,,28,174,,310,78,359,42,233,102,236,266,336,194,256,335,326,47,33,32,287,173,133,109,109,218,343,148,84,,208,,349,b'\x11\xe8\xe1I\xc9ef2\xaf\x82\x12\xdf\x17\xaeN\x1e'
11E8E149-C965-6632-AF82-12DF17AE4E1E,2026-ncaa-d1-natl,genius_ncaa,18,80,2,67,6,8,16,33,35,36,42,88,18,69,10,182,9,29,14,22,102,29,27,27,20,30,90,118,117,234,324,3,68,21,132,70,309,290,134,154,179,311,76,170,,,183,17,,301,115,8,144,100,57,85,241,129,215,66,202,59,132,124,211,260,346,28,143,195,110,308,145,,19,,216,134,358,360,363,195,344,358,150,362,359,304,298,174,153,261,152,25,363,355,231,202,294,234,339,23,307,68,325,324,326,132,341,127,229,351,336,313,189,208,114,,,40,158,,321,115,356,55,283,140,275,304,341,228,267,345,328,57,37,35,303,169,139,126,125,245,351,159,99,,206,,350,b'\x11\xe8\xe1I\xc9ef2\xaf\x82\x12\xdf\x17\xaeN\x1e'
11E8E149-C969-8708-AF82-12DF17AE4E1E,2010-ncaa-d0-natl,ncaa,60,62,50,70,72,19,37,47,36,41,59,66,69,115,25,215,5,7,17,7,40,32,33,42,20,19,101,187,38,67,71,128,238,86,127,45,150,188,64,53,21,40,155,195,,,277,135,,,71,32,51,247,14,32,77,53,94,91,153,3,15,14,41,54,101,228,159,47,121,31,196,,198,,,72,336,334,304,293,299,266,279,337,305,322,271,242,211,276,207,153,302,311,316,321,294,241,298,93,273,238,190,71,237,127,317,180,50,123,195,245,133,329,281,,,28,84,,,71,315,12,286,72,310,313,260,240,171,323,286,175,153,145,239,282,222,83,129,267,89,183,316,,51,,,b'\x11\xe8\xe1I\xc9i\x87\x08\xaf\x82\x12\xdf\x17\xaeN\x1e'
11E8E149-C969-8708-AF82-12DF17AE4E1E,2010-ncaa-d1-conf-MVC,ncaa,4,3,7,3,7,2,3,3,2,4,3,3,3,6,2,8,1,1,3,1,2,2,2,2,2,2,4,7,1,3,2,10,9,9,6,4,9,2,1,3,1,1,7,6,,,5,3,,,4,4,1,2,1,2,1,3,3,3,6,1,1,1,1,1,2,9,6,2,4,1,6,,5,,,4,10,9,6,9,9,5,8,7,6,10,6,4,5,8,4,5,3,8,10,10,10,4,6,4,6,9,3,2,4,6,8,6,1,1,5,5,5,7,7,,,5,5,,,4,7,2,10,4,10,9,8,9,7,7,6,5,5,5,8,10,8,5,6,9,1,6,9,,1,,,b'\x11\xe8\xe1I\xc9i\x87\x08\xaf\x82\x12\xdf\x17\xaeN\x1e'
11E8E149-C969-8708-AF82-12DF17AE4E1E,2010-ncaa-d1-natl,ncaa,64,62,53,71,78,20,38,50,37,46,64,69,71,120,24,215,6,10,17,10,37,33,35,44,21,19,101,189,36,71,74,137,244,94,136,47,152,175,64,54,22,42,166,198,,,268,134,,,74,36,52,244,14,32,80,54,97,92,152,3,15,14,42,55,104,235,164,49,120,32,197,,197,,,75,335,331,301,297,297,262,287,335,302,322,271,228,200,277,196,153,299,311,320,323,301,242,296,93,267,244,172,74,222,136,313,181,55,129,200,235,136,328,284,,,31,84,,,74,313,12,297,76,316,314,261,245,174,325,286,176,155,148,241,282,220,88,131,271,90,185,316,,51,,,b'\x11\xe8\xe1I\xc9i\x87\x08\xaf\x82\x12\xdf\x17\xaeN\x1e'
11E8E149-C969-8708-AF82-12DF17AE4E1E,2011-ncaa-d0-natl,ncaa,30,60,15,54,23,30,33,19,133,27,15,134,164,151,201,265,13,19,76,17,143,19,19,166,133,102,232,275,67,22,74,9,122,10,57,74,258,239,54,124,84,193,5,11,,,308,145,,,56,20,72,257,61,68,51,46,44,221,226,34,51,51,38,71,62,14,13,157,96,170,10,,193,,,64,313,278,332,19,205,314,25,324,333,78,274,305,312,156,313,217,336,331,28,34,75,310,269,237,331,122,327,74,334,57,265,197,82,244,163,251,106,342,296,,,25,159,,,56,326,78,82,65,145,114,271,68,190,258,302,213,226,230,280,268,257,175,225,145,199,144,330,,94,,,b'\x11\xe8\xe1I\xc9i\x87\x08\xaf\x82\x12\xdf\x17\xaeN\x1e'
11E8E149-C969-8708-AF82-12DF17AE4E1E,2011-ncaa-d1-conf-MVC,ncaa,2,2,1,2,2,1,1,1,4,1,1,5,7,6,8,7,2,2,2,2,5,1,1,6,5,2,7,8,3,1,1,3,6,1,2,4,8,5,1,3,5,7,1,1,,,7,5,,,2,1,2,6,1,1,1,1,1,7,7,3,3,3,1,2,1,4,1,4,3,6,2,,7,,,3,8,7,9,4,6,7,4,9,10,6,9,7,8,1,8,7,9,10,6,5,5,9,8,4,8,6,6,1,7,2,6,7,5,7,6,5,1,9,8,,,3,8,,,2,10,2,5,3,5,5,7,2,3,8,10,6,7,7,8,9,7,2,6,5,6,3,9,,6,,,b'\x11\xe8\xe1I\xc9i\x87\x08\xaf\x82\x12\xdf\x17\xaeN\x1e'
11E8E149-C969-8708-AF82-12DF17AE4E1E,2011-ncaa-d1-natl,ncaa,34,57,16,54,26,33,37,21,138,28,15,140,171,158,200,264,13,21,72,18,141,20,20,171,135,105,229,274,65,27,76,9,124,10,61,84,258,230,55,130,95,196,6,11,,,303,144,,,62,21,72,260,64,70,54,47,46,222,229,35,53,53,39,70,64,14,16,161,94,176,9,,191,,,72,307,264,329,20,196,308,28,319,332,81,274,300,303,161,306,217,334,329,32,37,83,309,267,235,327,124,324,76,333,61,256,197,99,249,171,240,109,342,300,,,28,161,,,62,325,81,88,72,154,118,272,71,196,259,302,216,228,229,285,270,258,179,226,149,208,144,333,,94,,,b'\x11\xe8\xe1I\xc9i\x87\x08\xaf\x82\x12\xdf\x17\xaeN\x1e'
11E8E149-C969-8708-AF82-12DF17AE4E1E,2012-ncaa-d0-natl,ncaa,34,36,48,39,68,21,30,37,45,29,44,44,93,102,137,177,16,16,157,17,59,28,25,58,52,39,185,210,108,34,52,40,121,29,50,20,93,230,80,43,48,87,147,159,,,324,277,,,60,33,43,230,19,31,45,34,84,127,132,18,18,18,25,28,54,77,38,28,151,74,174,,300,,,59,313,304,307,196,242,235,217,325,325,227,299,261,306,24,304,280,312,313,226,208,204,292,299,141,256,121,244,52,250,50,226,84,64,152,119,267,158,303,230,,,20,76,,,60,312,26,185,65,248,225,239,164,129,315,313,200,263,261,256,276,184,123,143,151,106,216,273,,21,,,b'\x11\xe8\xe1I\xc9i\x87\x08\xaf\x82\x12\xdf\x17\xaeN\x1e'
11E8E149-C969-8708-AF82-12DF17AE4E1E,2012-ncaa-d1-conf-MVC,ncaa,1,1,3,1,3,1,1,1,5,2,1,5,6,7,7,8,1,1,7,1,3,1,1,6,6,5,7,7,5,1,1,3,5,1,2,1,3,5,3,2,1,2,5,4,,,8,7,,,1,2,2,4,1,2,1,2,1,7,7,1,1,1,1,1,1,2,1,1,5,1,6,,8,,,1,7,5,8,2,1,2,2,10,9,5,10,8,8,2,8,8,7,10,3,3,3,10,10,8,9,5,6,1,8,2,3,6,1,2,2,6,3,10,6,,,2,5,,,1,9,1,3,1,4,3,7,1,1,10,10,8,8,8,8,9,8,5,6,4,1,5,10,,1,,,b'\x11\xe8\xe1I\xc9i\x87\x08\xaf\x82\x12\xdf\x17\xaeN\x1e'
11E8E149-C969-8708-AF82-12DF17AE4E1E,2012-ncaa-d1-natl,ncaa,35,36,55,40,76,23,32,39,47,33,49,46,101,112,138,176,19,18,157,19,55,31,29,59,53,42,180,209,107,37,54,48,128,32,53,21,95,208,84,47,55,93,153,164,,,323,279,,,65,33,43,227,19,32,46,36,91,126,130,17,18,19,28,32,55,79,42,29,155,80,175,,301,,,64,309,294,300,203,229,216,221,322,321,231,297,254,302,25,300,280,306,310,231,213,212,292,298,140,238,128,223,54,237,53,212,86,75,159,124,257,162,297,234,,,25,69,,,65,312,29,194,69,251,232,243,167,128,315,312,205,264,263,258,274,184,122,146,158,111,213,276,,21,,,b'\x11\xe8\xe1I\xc9i\x87\x08\xaf\x82\x12\xdf\x17\xaeN\x1e'
11E8E149-C969-8708-AF82-12DF17AE4E1E,2013-ncaa-d0-natl,ncaa,177,197,120,192,150,63,77,75,121,56,44,154,189,201,130,262,20,6,331,6,25,44,35,150,151,145,201,245,49,16,18,87,191,32,57,149,266,279,151,208,142,201,121,160,,,310,264,,,234,56,14,177,27,54,39,43,30,191,212,9,1,2,8,6,7,63,6,151,269,147,128,,309,,,230,335,330,310,294,285,273,244,337,312,343,260,294,288,202,287,216,313,290,316,314,332,295,302,139,274,191,188,18,239,57,335,269,215,307,329,215,117,340,310,,,21,76,,,234,285,106,331,236,340,333,333,295,291,339,313,276,276,275,340,333,270,176,230,333,236,202,343,,7,,,b'\x11\xe8\xe1I\xc9i\x87\x08\xaf\x82\x12\xdf\x17\xaeN\x1e'
11E8E149-C969-8708-AF82-12DF17AE4E1E,2013-ncaa-d1-conf-MVC,ncaa,8,8,7,8,8,6,6,2,8,4,3,8,7,7,9,7,1,1,10,1,3,2,1,9,8,8,6,7,2,1,1,4,9,2,2,8,9,7,6,9,5,4,4,4,,,9,8,,,9,4,1,7,2,4,1,4,1,7,7,1,1,1,1,1,1,3,1,8,7,3,4,,9,,,9,9,8,7,8,6,4,7,10,10,10,10,9,8,4,8,8,7,7,9,9,9,9,9,5,9,9,4,1,7,2,10,10,8,6,10,7,3,10,9,,,3,6,,,9,6,6,9,9,10,10,10,7,7,10,10,9,9,9,10,10,10,8,9,10,5,7,10,,3,,,b'\x11\xe8\xe1I\xc9i\x87\x08\xaf\x82\x12\xdf\x17\xaeN\x1e'
11E8E149-C969-8708-AF82-12DF17AE4E1E,2013-ncaa-d1-natl,ncaa,186,196,136,197,175,70,86,84,124,66,50,160,194,214,129,263,23,6,331,6,25,52,39,154,153,153,198,244,44,16,18,99,195,39,57,158,268,270,153,214,156,211,126,161,,,306,266,,,242,61,14,169,28,58,39,47,31,195,213,10,1,2,8,7,7,65,8,157,271,152,131,,307,,,239,335,329,306,296,281,263,250,337,309,343,259,290,279,200,276,216,310,285,319,317,334,293,301,139,262,195,170,18,223,57,335,270,233,311,330,202,118,339,313,,,25,68,,,242,279,110,333,244,341,333,333,298,293,340,312,282,279,278,340,333,272,181,232,333,240,203,343,,8,,,b'\x11\xe8\xe1I\xc9i\x87\x08\xaf\x82\x12\xdf\x17\xaeN\x1e'
11E8E149-C969-8708-AF82-12DF17AE4E1E,2014-ncaa-d0-natl,ncaa,180,205,131,197,164,156,175,147,233,166,115,270,191,220,105,239,91,52,297,54,75,120,101,235,239,247,151,204,72,60,64,237,172,135,111,269,310,278,226,298,57,41,245,252,,,266,286,,,214,131,107,270,171,204,146,177,115,195,218,86,39,41,99,74,39,274,140,290,280,50,256,,270,,,214,244,241,161,301,275,172,313,123,151,107,149,227,213,239,210,221,173,194,287,292,257,91,88,206,104,172,163,64,140,111,153,79,123,109,115,212,173,215,181,,,80,101,,,214,216,202,227,220,247,252,135,267,167,117,137,230,211,209,152,184,100,158,116,153,122,215,222,,52,,,b'\x11\xe8\xe1I\xc9i\x87\x08\xaf\x82\x12\xdf\x17\xaeN\x1e'
11E8E149-C969-8708-AF82-12DF17AE4E1E,2014-ncaa-d1-conf-MVC,ncaa,6,6,3,6,4,4,3,2,8,2,2,9,5,6,4,7,5,3,10,3,6,2,1,8,8,8,5,5,5,1,1,8,4,1,2,7,9,9,8,8,2,2,6,6,,,8,6,,,7,2,2,6,5,3,1,3,2,5,5,5,3,3,1,1,1,7,1,7,9,2,6,,7,,,7,7,7,5,7,7,6,8,5,6,4,5,10,7,9,7,7,6,8,7,8,6,4,4,7,3,4,8,1,6,2,5,3,2,3,3,6,4,6,5,,,2,6,,,7,9,6,5,7,7,7,4,8,7,5,6,10,7,7,4,7,3,7,5,5,2,7,7,,3,,,b'\x11\xe8\xe1I\xc9i\x87\x08\xaf\x82\x12\xdf\x17\xaeN\x1e'
11E8E149-C969-8708-AF82-12DF17AE4E1E,2014-ncaa-d1-natl,ncaa,191,204,145,205,193,173,200,173,242,187,137,277,198,230,106,240,105,63,297,65,73,142,125,242,241,251,149,204,72,65,66,261,179,160,114,287,310,262,234,301,64,46,255,255,,,251,288,,,224,160,109,273,178,207,151,180,116,196,219,86,40,42,105,79,43,279,147,292,276,55,256,,275,,,225,222,228,134,304,263,155,316,113,133,109,145,210,202,245,197,222,145,164,292,297,267,86,83,205,92,179,143,66,117,114,137,78,141,114,121,203,174,205,183,,,88,99,,,224,185,207,241,229,252,255,137,272,168,114,134,232,214,212,154,183,100,159,118,154,123,214,225,,54,,,b'\x11\xe8\xe1I\xc9i\x87\x08\xaf\x82\x12\xdf\x17\xaeN\x1e'
11E8E149-C969-8708-AF82-12DF17AE4E1E,2015-ncaa-d0-natl,ncaa,116,161,48,146,56,63,84,57,197,134,110,222,67,79,94,129,44,43,172,44,65,52,48,165,151,153,77,112,83,43,62,109,166,64,100,198,303,279,169,257,69,88,150,173,,,269,160,,,164,53,108,185,94,152,113,209,181,96,108,63,52,54,91,73,54,205,115,260,205,80,188,,192,,,166,318,315,292,256,283,239,270,311,310,230,274,218,193,291,203,152,290,295,275,265,216,211,266,105,227,166,269,62,260,100,304,199,79,113,167,330,261,338,328,,,32,100,,,164,297,114,209,160,243,252,193,209,121,278,270,141,115,130,176,225,144,140,137,236,105,284,331,,49,,,b'\x11\xe8\xe1I\xc9i\x87\x08\xaf\x82\x12\xdf\x17\xaeN\x1e'
11E8E149-C969-8708-AF82-12DF17AE4E1E,2015-ncaa-d1-conf-MVC,ncaa,2,3,1,3,1,1,2,1,3,2,2,4,4,4,2,5,1,1,5,1,3,1,1,4,4,4,4,4,4,1,1,3,4,1,3,4,9,8,5,6,2,2,4,6,,,9,5,,,3,1,2,4,2,3,2,3,4,4,4,1,1,1,1,2,1,4,2,5,6,2,6,,6,,,3,10,10,9,5,8,7,6,7,9,5,8,6,6,5,7,5,9,10,6,5,4,4,6,5,6,4,5,1,7,3,8,6,2,3,3,9,5,10,5,,,1,4,,,3,10,4,3,4,5,8,8,6,6,7,9,6,6,6,6,8,5,5,3,6,3,6,8,,1,,,b'\x11\xe8\xe1I\xc9i\x87\x08\xaf\x82\x12\xdf\x17\xaeN\x1e'
11E8E149-C969-8708-AF82-12DF17AE4E1E,2015-ncaa-d1-natl,ncaa,129,160,55,157,69,72,102,63,207,154,125,227,81,87,98,128,49,47,172,50,66,56,54,173,155,162,72,111,78,47,65,137,175,75,108,220,305,262,173,266,80,96,162,174,,,259,161,,,180,57,114,172,106,161,121,218,186,98,111,63,53,56,95,84,57,213,124,271,206,86,192,,195,,,180,307,302,277,270,270,211,275,306,305,241,273,199,170,294,183,152,271,284,280,275,233,211,266,108,207,175,244,65,237,108,298,199,89,115,178,323,266,337,331,,,37,96,,,180,292,124,232,173,258,261,194,224,122,278,273,143,118,132,178,222,144,144,143,242,107,288,332,,49,,,b'\x11\xe8\xe1I\xc9i\x87\x08\xaf\x82\x12\xdf\x17\xaeN\x1e'
11E8E149-C969-8708-AF82-12DF17AE4E1E,2016-ncaa-d0-natl,ncaa,53,58,38,61,52,56,73,40,180,89,68,192,84,72,146,157,18,19,132,19,61,30,38,170,142,109,110,153,57,38,88,66,64,44,73,174,311,144,41,151,37,59,120,135,,,212,117,,,66,49,118,143,73,104,57,125,124,109,108,27,31,32,38,73,57,115,66,235,66,54,150,,119,,,70,250,261,277,163,258,233,212,228,286,80,255,168,146,226,148,113,262,283,165,149,120,147,201,110,149,64,295,88,268,73,123,35,57,95,57,258,145,267,192,,,20,79,,,66,299,81,87,69,150,172,166,170,127,190,240,102,93,95,142,185,71,200,137,68,86,191,225,,45,,,b'\x11\xe8\xe1I\xc9i\x87\x08\xaf\x82\x12\xdf\x17\xaeN\x1e'
11E8E149-C969-8708-AF82-12DF17AE4E1E,2016-ncaa-d1-conf-MVC,ncaa,2,1,2,2,2,2,2,2,3,2,1,4,4,4,4,6,1,1,4,1,1,1,2,4,3,3,3,6,4,1,3,3,2,2,2,4,8,5,3,5,1,2,3,3,,,8,7,,,2,2,3,2,2,3,3,3,2,4,5,2,2,2,1,2,2,6,3,5,4,2,4,,7,,,2,7,6,7,6,6,6,7,7,8,4,7,4,4,9,4,6,7,9,6,7,5,7,7,5,1,2,5,3,3,2,3,2,1,1,1,6,4,5,5,,,1,3,,,2,9,3,3,2,4,5,4,5,2,7,7,5,4,4,3,6,1,2,2,3,1,5,5,,1,,,b'\x11\xe8\xe1I\xc9i\x87\x08\xaf\x82\x12\xdf\x17\xaeN\x1e'
11E8E149-C969-8708-AF82-12DF17AE4E1E,2016-ncaa-d1-natl,ncaa,47,58,30,60,40,46,66,31,181,86,50,199,72,68,139,147,22,20,130,21,70,27,31,167,144,109,107,147,62,37,97,61,79,39,85,161,306,137,39,145,32,57,116,133,,,210,110,,,66,39,116,147,69,99,55,132,124,101,98,33,34,35,36,74,62,132,76,228,65,52,148,,120,,,70,269,275,290,175,276,250,225,224,283,80,244,174,155,255,153,106,281,306,175,164,130,137,190,113,156,79,309,97,283,85,131,30,44,85,55,260,148,281,211,,,22,82,,,66,313,80,100,72,159,182,169,181,134,179,229,109,95,95,141,195,75,214,149,67,70,188,242,,46,,,b'\x11\xe8\xe1I\xc9i\x87\x08\xaf\x82\x12\xdf\x17\xaeN\x1e'
11E8E149-C969-8708-AF82-12DF17AE4E1E,2016-ncaa-d1-ncaatournament,ncaa,33,2,33,33,33,38,38,39,47,37,35,50,38,46,33,45,42,41,57,40,31,36,37,47,53,42,31,33,33,42,40,53,60,49,58,53,56,9,11,33,20,3,50,56,,,9,13,,,30,37,6,1,30,28,7,28,6,25,26,33,16,12,4,5,17,52,43,52,18,1,45,,25,,,34,15,18,20,43,25,32,28,2,2,64,2,14,12,25,11,13,17,31,38,40,18,4,5,28,29,60,30,40,30,58,6,5,28,2,1,1,1,31,47,,,44,40,,,30,27,39,27,35,43,48,38,57,64,3,2,30,32,31,40,63,60,62,62,12,1,1,53,,26,,,b'\x11\xe8\xe1I\xc9i\x87\x08\xaf\x82\x12\xdf\x17\xaeN\x1e'
11E8E149-C969-8708-AF82-12DF17AE4E1E,2017-ncaa-d0-natl,ncaa,169,152,168,170,199,167,179,149,233,192,157,249,141,140,161,142,179,209,96,208,238,152,168,217,203,199,135,132,182,43,22,168,67,103,33,267,324,161,148,252,231,206,151,116,,,145,191,,,150,216,211,193,152,164,90,191,148,130,123,163,218,213,107,116,28,149,53,283,182,225,133,,154,,,150,132,144,130,196,136,93,246,193,223,112,275,127,96,299,100,162,113,105,195,209,217,191,216,150,39,67,67,22,44,33,132,157,213,191,191,269,261,273,262,,,161,175,,,150,138,137,180,150,161,167,134,158,83,204,238,137,110,111,110,85,47,90,58,147,219,275,280,,137,,,b'\x11\xe8\xe1I\xc9i\x87\x08\xaf\x82\x12\xdf\x17\xaeN\x1e'
11E8E149-C969-8708-AF82-12DF17AE4E1E,2017-ncaa-d1-conf-MVC,ncaa,3,3,7,3,8,4,4,4,4,5,5,5,5,4,4,6,6,6,4,6,8,5,6,3,3,4,5,5,8,2,1,3,2,4,1,6,10,3,3,6,8,8,4,1,,,4,7,,,3,7,3,5,3,3,3,3,4,4,3,4,5,5,3,2,1,3,1,6,6,8,3,,7,,,3,3,2,3,4,2,1,3,7,7,4,9,4,3,6,3,7,3,4,5,5,4,7,9,5,2,2,1,1,1,1,3,4,5,5,4,5,5,5,5,,,4,4,,,3,4,3,4,3,4,3,4,3,1,7,7,5,5,5,4,6,2,2,1,3,5,5,5,,3,,,b'\x11\xe8\xe1I\xc9i\x87\x08\xaf\x82\x12\xdf\x17\xaeN\x1e'
11E8E149-C969-8708-AF82-12DF17AE4E1E,2017-ncaa-d1-natl,ncaa,157,151,144,166,180,165,179,144,230,197,165,245,143,140,153,145,168,220,82,220,234,151,153,216,200,207,129,134,170,44,26,179,70,106,34,272,312,178,174,258,233,209,152,117,,,147,191,,,164,226,219,197,160,180,115,199,158,134,130,167,221,218,132,130,36,176,67,288,199,226,141,,155,,,164,142,154,135,209,140,90,256,197,231,112,278,136,97,309,97,162,115,101,211,223,216,194,218,148,42,70,57,26,30,34,144,172,210,185,193,283,275,262,248,,,155,174,,,164,138,144,187,161,164,168,129,163,78,210,240,138,106,108,105,85,50,72,52,158,216,280,267,,140,,,b'\x11\xe8\xe1I\xc9i\x87\x08\xaf\x82\x12\xdf\x17\xaeN\x1e'
11E8E149-C969-8708-AF82-12DF17AE4E1E,2018-ncaa-d0-natl,ncaa,87,94,73,95,94,79,84,72,131,81,79,126,135,120,186,182,76,81,117,81,163,68,105,138,131,79,200,205,141,86,156,129,62,107,126,198,323,23,22,93,158,154,277,281,,,118,99,,,89,114,209,231,81,92,75,86,116,163,142,95,119,120,80,178,113,200,155,247,18,181,298,,72,,,90,221,240,195,265,232,179,253,236,205,252,219,109,104,155,112,128,179,195,269,246,211,152,219,77,63,62,251,156,182,126,201,144,132,135,156,18,20,183,123,,,67,81,,,89,230,65,171,91,149,181,95,173,92,194,162,75,82,87,68,85,32,194,120,155,161,18,164,,99,,,b'\x11\xe8\xe1I\xc9i\x87\x08\xaf\x82\x12\xdf\x17\xaeN\x1e'
11E8E149-C969-8708-AF82-12DF17AE4E1E,2018-ncaa-d1-conf-MVC,ncaa,2,2,3,2,5,2,2,1,2,1,1,2,8,6,7,10,1,1,7,1,4,1,4,3,2,2,10,10,3,3,5,5,5,4,4,5,10,1,1,2,3,4,10,10,,,5,4,,,2,4,4,3,2,2,1,1,1,8,6,1,1,1,1,2,2,5,3,5,1,3,10,,3,,,2,4,5,7,5,3,5,3,7,7,8,6,4,4,2,4,4,5,6,8,3,3,8,7,4,4,5,7,5,6,4,5,4,4,3,4,1,1,2,1,,,1,2,,,2,7,2,3,2,4,5,6,5,5,6,6,2,4,4,4,6,4,6,6,4,3,1,2,,1,,,b'\x11\xe8\xe1I\xc9i\x87\x08\xaf\x82\x12\xdf\x17\xaeN\x1e'
11E8E149-C969-8708-AF82-12DF17AE4E1E,2018-ncaa-d1-natl,ncaa,84,94,53,92,78,73,76,63,143,82,65,139,127,114,186,178,88,104,116,105,191,60,91,148,140,83,197,192,151,85,149,122,55,96,119,195,321,26,27,104,166,170,285,285,,,114,95,,,89,103,219,236,90,101,79,94,118,162,141,118,141,141,82,181,116,183,152,253,24,195,301,,62,,,91,232,255,218,251,233,175,262,234,238,199,244,94,88,155,100,115,198,214,254,224,202,145,222,74,64,55,261,149,187,119,204,133,131,142,157,22,22,209,143,,,73,100,,,89,249,75,157,88,132,174,103,167,83,197,191,63,66,72,71,85,34,195,111,148,170,25,184,,114,,,b'\x11\xe8\xe1I\xc9i\x87\x08\xaf\x82\x12\xdf\x17\xaeN\x1e'
11E8E149-C969-8708-AF82-12DF17AE4E1E,2019-ncaa-d0-natl,ncaa,31,57,14,52,18,24,20,17,66,7,5,132,217,260,88,334,16,12,209,13,204,12,10,122,120,84,320,326,118,13,33,19,14,10,16,96,333,218,46,124,37,78,94,130,,,276,132,,,34,13,81,141,50,38,35,12,10,278,320,41,40,40,25,45,41,49,27,181,84,85,153,,141,,,40,305,310,320,139,290,276,224,291,326,44,300,176,163,226,165,106,316,327,150,132,109,169,241,89,83,14,294,33,233,16,235,97,36,108,87,186,47,301,88,,,10,108,,,34,340,60,61,44,128,155,173,139,86,199,285,79,71,76,134,184,15,107,43,110,109,66,224,,45,,,b'\x11\xe8\xe1I\xc9i\x87\x08\xaf\x82\x12\xdf\x17\xaeN\x1e'
11E8E149-C969-8708-AF82-12DF17AE4E1E,2019-ncaa-d1-conf-MVC,ncaa,1,1,1,1,1,2,2,1,2,1,1,3,9,10,3,10,3,1,9,1,9,1,1,3,3,2,10,10,8,1,1,2,1,1,1,3,10,4,1,3,2,1,4,3,,,3,2,,,2,2,3,7,2,2,1,1,1,10,10,4,2,2,1,1,1,3,1,3,2,2,5,,2,,,2,3,6,8,2,4,4,5,9,9,2,10,1,1,5,1,1,6,9,4,2,2,6,10,1,3,1,5,1,4,1,3,3,1,2,1,2,1,7,1,,,2,5,,,2,9,2,1,2,1,3,6,3,2,8,9,1,1,1,3,6,2,4,2,3,2,1,6,,4,,,b'\x11\xe8\xe1I\xc9i\x87\x08\xaf\x82\x12\xdf\x17\xaeN\x1e'
11E8E149-C969-8708-AF82-12DF17AE4E1E,2019-ncaa-d1-natl,ncaa,26,57,11,52,11,21,19,15,63,8,4,120,229,266,107,335,8,6,202,7,194,11,11,114,111,80,317,330,102,14,37,18,13,12,11,92,330,213,48,123,52,88,96,134,,,289,140,,,34,14,83,142,47,37,41,11,11,287,320,32,31,33,28,51,44,48,26,171,86,102,156,,150,,,38,318,318,327,144,299,284,233,291,332,42,299,174,160,225,166,103,325,330,157,139,124,160,233,86,69,13,292,37,218,11,235,89,51,120,89,192,53,287,88,,,4,95,,,34,339,55,66,43,140,166,178,155,98,193,282,80,70,73,137,175,14,98,41,114,116,73,213,,36,,,b'\x11\xe8\xe1I\xc9i\x87\x08\xaf\x82\x12\xdf\x17\xaeN\x1e'
11E8E149-C969-8708-AF82-12DF17AE4E1E,2019-ncaa-d1-ncaatournament,ncaa,9,2,9,9,10,12,12,12,38,14,11,44,8,13,5,47,12,13,21,12,25,12,11,37,34,36,28,36,16,16,33,10,27,12,22,16,47,56,39,45,14,41,22,35,,,53,24,,,12,9,19,7,28,36,39,37,25,31,44,18,20,17,31,26,35,5,14,40,40,40,36,,32,,,15,52,49,55,5,49,50,27,44,59,2,55,60,57,34,56,45,56,54,3,4,4,31,20,52,56,27,55,33,56,22,50,33,11,40,31,56,44,53,38,,,13,17,,,12,55,38,8,15,16,10,48,20,20,10,59,45,43,42,51,47,47,32,35,17,36,45,42,,14,,,b'\x11\xe8\xe1I\xc9i\x87\x08\xaf\x82\x12\xdf\x17\xaeN\x1e'
11E8E149-C969-8708-AF82-12DF17AE4E1E,2020-ncaa-d0-natl,ncaa,20,10,191,16,225,37,55,128,46,48,53,84,178,270,23,300,5,17,20,16,95,85,133,59,37,28,197,265,28,96,56,162,1,128,11,102,218,74,49,81,96,67,63,39,,,188,258,,,34,158,79,196,16,29,70,25,33,170,273,4,12,12,33,67,80,136,82,81,86,89,54,,215,,,34,174,163,71,290,110,74,219,265,139,345,220,153,133,253,130,213,72,89,312,313,275,284,288,162,1,1,43,56,6,11,92,76,144,91,84,59,50,164,96,,,55,74,,,34,182,20,160,38,207,189,74,123,70,284,163,176,146,148,65,100,1,57,6,89,131,72,175,,42,,,b'\x11\xe8\xe1I\xc9i\x87\x08\xaf\x82\x12\xdf\x17\xaeN\x1e'
11E8E149-C969-8708-AF82-12DF17AE4E1E,2020-ncaa-d1-conf-MVC,ncaa,1,1,1,1,4,2,2,1,4,1,1,7,7,9,4,10,2,2,3,2,7,1,2,5,5,2,8,9,1,1,1,6,1,3,1,3,7,1,1,3,3,3,2,2,,,7,7,,,2,2,3,4,2,2,1,1,1,7,9,2,2,2,1,2,1,6,3,3,1,3,2,,7,,,2,3,3,3,6,3,3,5,6,3,8,5,4,3,6,3,6,2,2,7,6,7,6,8,6,1,1,2,1,1,1,1,1,3,3,2,1,1,4,2,,,3,6,,,2,8,2,3,2,3,3,3,3,3,6,3,4,3,3,2,2,1,2,1,1,3,1,4,,3,,,b'\x11\xe8\xe1I\xc9i\x87\x08\xaf\x82\x12\xdf\x17\xaeN\x1e'
11E8E149-C969-8708-AF82-12DF17AE4E1E,2020-ncaa-d1-natl,ncaa,15,10,128,13,202,22,39,99,33,31,41,74,160,264,15,302,3,11,22,11,87,58,100,51,26,21,193,266,28,97,48,120,1,84,8,79,209,76,49,76,94,70,39,25,,,198,256,,,29,113,76,201,18,26,72,18,34,164,276,4,11,11,36,69,82,112,62,74,86,95,40,,213,,,28,180,171,92,268,119,99,186,267,149,343,203,161,145,232,147,206,89,105,294,297,257,279,286,169,2,1,40,48,3,8,87,72,143,105,79,64,47,157,92,,,45,66,,,29,227,17,137,33,191,171,87,117,90,274,154,173,152,154,80,111,1,44,5,91,137,72,167,,33,,,b'\x11\xe8\xe1I\xc9i\x87\x08\xaf\x82\x12\xdf\x17\xaeN\x1e'
11E8E149-C969-8708-AF82-12DF17AE4E1E,2021-ncaa-d0-natl,ncaa,13,9,59,9,80,71,67,62,121,44,32,161,152,155,135,270,67,81,96,77,229,55,76,150,149,95,261,266,159,22,34,52,2,34,10,55,100,137,32,38,29,21,65,56,,,236,243,,,24,103,222,224,105,81,71,60,43,216,249,103,135,129,68,141,41,62,28,69,36,42,105,,146,,,27,171,158,196,90,134,163,105,247,256,153,290,169,151,264,156,174,185,207,116,116,92,281,275,159,34,2,224,34,128,10,153,133,80,91,73,89,20,238,106,,,101,193,,,24,242,62,35,26,35,35,35,27,25,178,186,80,63,65,20,17,1,87,9,58,144,19,164,,175,,,b'\x11\xe8\xe1I\xc9i\x87\x08\xaf\x82\x12\xdf\x17\xaeN\x1e'
11E8E149-C969-8708-AF82-12DF17AE4E1E,2021-ncaa-d1-conf-MVC,ncaa,1,1,9,1,9,5,5,6,3,3,2,4,8,8,8,9,6,7,2,7,8,6,7,5,5,5,10,9,6,1,1,7,1,5,1,5,4,1,1,1,2,1,4,2,,,3,7,,,2,9,8,9,4,2,1,1,1,7,6,3,5,4,1,3,1,4,2,2,1,1,4,,5,,,1,1,1,1,4,1,2,4,2,2,4,4,1,1,9,1,3,1,2,3,3,1,6,6,5,1,1,1,1,1,1,1,3,6,2,1,1,1,1,1,,,9,5,,,2,2,2,1,1,1,1,3,2,4,5,4,1,1,1,1,3,1,2,1,1,2,1,2,,5,,,b'\x11\xe8\xe1I\xc9i\x87\x08\xaf\x82\x12\xdf\x17\xaeN\x1e'
11E8E149-C969-8708-AF82-12DF17AE4E1E,2021-ncaa-d1-natl,ncaa,11,9,50,9,63,53,50,40,111,35,25,148,128,139,117,264,65,73,115,67,232,43,55,138,138,89,258,246,183,15,36,37,2,22,8,41,85,140,30,29,28,21,39,30,,,247,223,,,17,81,208,225,86,73,65,56,43,202,237,114,140,135,61,126,43,54,27,45,35,47,71,,136,,,21,169,159,210,64,135,173,86,253,268,130,286,191,166,274,173,169,201,218,85,88,66,287,272,175,44,2,244,36,150,8,142,117,65,91,62,102,19,245,107,,,89,208,,,17,267,48,23,20,29,26,38,21,28,174,192,86,63,68,24,19,2,91,12,44,144,20,163,,189,,,b'\x11\xe8\xe1I\xc9i\x87\x08\xaf\x82\x12\xdf\x17\xaeN\x1e'
11E8E149-C969-8708-AF82-12DF17AE4E1E,2021-ncaa-d1-ncaatournament,ncaa,9,2,9,9,12,14,16,11,46,17,10,55,10,13,2,51,10,8,39,8,23,11,10,44,41,40,14,24,10,4,11,9,18,8,8,15,32,53,19,31,11,19,15,27,,,46,11,,,11,14,41,7,24,38,13,45,9,21,43,10,9,10,10,12,3,9,3,34,27,21,35,,8,,,13,51,50,51,10,40,48,3,61,60,39,62,28,42,2,39,15,51,50,22,15,14,61,64,8,50,18,55,11,54,8,55,59,13,35,41,53,25,60,45,,,11,29,,,11,51,22,14,11,15,16,34,2,9,60,60,5,14,9,24,19,24,27,24,38,39,25,52,,23,,,b'\x11\xe8\xe1I\xc9i\x87\x08\xaf\x82\x12\xdf\x17\xaeN\x1e'
11E8E149-C969-8708-AF82-12DF17AE4E1E,2022-ncaa-d0-natl,ncaa,34,35,52,35,75,98,114,42,308,66,15,323,277,249,309,325,17,22,80,22,169,35,50,330,305,221,267,325,15,6,18,76,37,24,27,126,193,114,28,110,47,34,14,9,,,332,334,,,43,86,225,275,161,186,38,90,18,310,294,29,47,47,23,74,10,123,23,200,51,66,16,,300,,,42,94,55,159,25,98,210,29,51,95,28,73,310,307,213,307,283,193,236,18,42,15,216,67,341,83,37,295,18,228,27,42,87,44,43,11,64,19,344,263,,,16,43,,,43,265,142,9,44,11,5,23,21,90,16,33,252,260,257,25,59,25,205,99,9,85,34,331,,32,,,b'\x11\xe8\xe1I\xc9i\x87\x08\xaf\x82\x12\xdf\x17\xaeN\x1e'
11E8E149-C969-8708-AF82-12DF17AE4E1E,2022-ncaa-d1-conf-MVC,ncaa,2,2,4,2,4,4,5,1,8,2,1,9,10,7,9,10,1,1,6,1,8,1,3,9,10,7,8,10,2,1,1,5,2,2,1,5,6,1,1,4,2,2,3,1,,,9,9,,,3,5,3,5,3,4,1,2,1,10,7,2,2,2,1,1,1,6,1,5,1,2,3,,8,,,2,3,2,1,2,1,2,3,4,3,6,4,7,8,4,8,9,3,3,3,6,3,8,6,9,1,2,7,1,4,1,2,4,1,1,1,1,1,9,4,,,2,3,,,3,5,5,1,3,3,1,1,1,2,4,3,6,7,7,2,3,1,7,4,1,1,1,9,,1,,,b'\x11\xe8\xe1I\xc9i\x87\x08\xaf\x82\x12\xdf\x17\xaeN\x1e'
11E8E149-C969-8708-AF82-12DF17AE4E1E,2022-ncaa-d1-natl,ncaa,25,35,32,36,61,96,112,30,314,57,12,319,277,240,320,323,16,16,94,14,168,23,35,332,304,237,265,326,15,5,16,58,31,15,21,129,195,115,25,112,42,37,9,6,,,335,334,,,32,80,225,275,164,199,35,96,20,309,288,28,44,43,24,71,10,126,15,207,47,66,12,,285,,,32,91,54,158,19,85,205,23,50,94,28,82,307,305,205,302,278,186,248,14,32,10,229,75,338,71,31,307,16,237,21,29,82,40,45,12,71,20,345,260,,,12,45,,,32,271,144,7,38,10,6,23,16,84,17,41,243,248,247,24,59,23,200,98,10,86,34,333,,29,,,b'\x11\xe8\xe1I\xc9i\x87\x08\xaf\x82\x12\xdf\x17\xaeN\x1e'
11E8E149-C969-8708-AF82-12DF17AE4E1E,2022-ncaa-d1-ncaatournament,ncaa,17,2,17,17,18,29,29,23,53,20,17,57,52,62,35,68,23,20,45,19,45,21,19,58,57,58,60,64,18,8,3,21,38,15,8,34,62,52,55,63,19,21,8,6,,,55,62,,,20,28,43,5,45,44,24,18,2,63,68,24,15,15,21,11,2,20,4,61,60,19,6,,64,,,20,35,30,36,4,28,44,5,20,35,13,14,61,60,32,60,64,41,43,3,8,9,54,17,67,46,38,35,3,39,8,29,47,23,27,14,52,43,56,48,,,21,27,,,20,38,46,9,21,9,3,12,6,34,10,19,64,65,65,27,31,49,15,25,14,29,51,59,,15,,,b'\x11\xe8\xe1I\xc9i\x87\x08\xaf\x82\x12\xdf\x17\xaeN\x1e'
11E8E149-C969-8708-AF82-12DF17AE4E1E,2023-ncaa-d0-natl,ncaa,87,91,81,100,85,89,75,50,177,34,12,219,284,287,252,342,91,48,335,48,229,44,48,234,245,202,344,335,151,9,6,114,18,40,10,71,116,218,91,104,102,117,183,221,,,267,255,,,137,92,144,137,112,72,35,23,8,313,315,120,55,56,33,35,7,157,23,77,167,128,208,,215,,,141,283,243,182,271,300,259,252,78,81,146,42,329,321,263,327,295,230,229,237,274,266,99,28,317,23,18,183,6,94,10,118,48,132,158,89,156,62,250,85,,,78,219,,,137,268,127,185,144,217,180,66,250,199,44,45,307,301,305,119,122,10,111,34,64,184,122,231,,111,,,b'\x11\xe8\xe1I\xc9i\x87\x08\xaf\x82\x12\xdf\x17\xaeN\x1e'
11E8E149-C969-8708-AF82-12DF17AE4E1E,2023-ncaa-d1-conf-MVC,ncaa,5,5,3,5,3,6,4,1,7,1,1,8,12,12,11,12,6,4,12,4,10,1,2,9,9,7,12,12,7,1,1,5,2,2,2,2,6,8,5,5,3,3,6,8,,,8,7,,,5,4,3,1,6,3,1,1,1,12,12,6,4,4,1,1,1,5,2,2,7,3,7,,8,,,5,4,5,4,5,8,10,5,1,1,6,1,11,11,12,11,8,5,9,5,5,6,3,1,11,2,2,4,1,3,2,1,1,2,3,1,6,2,5,2,,,4,9,,,5,9,7,4,5,6,5,3,7,9,1,1,11,11,11,4,6,2,4,4,1,2,6,5,,5,,,b'\x11\xe8\xe1I\xc9i\x87\x08\xaf\x82\x12\xdf\x17\xaeN\x1e'
11E8E149-C969-8708-AF82-12DF17AE4E1E,2023-ncaa-d1-natl,ncaa,98,91,103,103,119,115,90,61,191,38,14,227,298,306,259,344,112,57,334,59,232,55,61,242,249,211,343,335,146,9,6,147,21,45,10,85,125,192,96,110,133,133,199,226,,,249,266,,,159,113,148,131,119,73,36,25,8,315,318,120,57,57,34,38,8,173,26,86,172,146,212,,225,,,161,262,223,136,283,283,235,267,63,60,158,42,322,313,265,320,299,194,185,249,290,288,99,26,317,15,21,149,6,66,10,101,48,166,170,106,134,66,247,94,,,102,212,,,159,248,132,206,163,229,193,68,254,199,49,43,312,304,308,127,117,11,118,34,70,196,120,237,,109,,,b'\x11\xe8\xe1I\xc9i\x87\x08\xaf\x82\x12\xdf\x17\xaeN\x1e'
11E8E149-C969-8708-AF82-12DF17AE4E1E,2024-ncaa-d0-natl,ncaa,51,57,52,61,85,77,62,76,65,30,24,113,237,285,94,330,103,85,227,82,258,72,81,110,116,93,327,310,212,56,44,157,9,113,28,75,152,153,80,76,81,71,143,133,,,322,336,,,85,90,176,263,93,63,96,29,29,270,321,146,131,124,100,145,79,265,176,76,95,108,180,,282,,,86,247,161,93,307,187,129,274,137,84,297,85,345,337,262,337,344,143,214,294,327,249,267,91,345,2,9,139,44,50,28,102,89,40,33,30,184,114,93,20,,,66,122,,,85,272,72,135,85,150,70,4,93,28,82,36,331,323,325,22,54,1,49,8,55,75,124,64,,114,,,b'\x11\xe8\xe1I\xc9i\x87\x08\xaf\x82\x12\xdf\x17\xaeN\x1e'
11E8E149-C969-8708-AF82-12DF17AE4E1E,2024-ncaa-d1-conf-MVC,ncaa,3,3,1,3,2,4,4,2,4,1,1,7,9,12,3,12,9,9,8,9,12,3,3,6,6,6,12,11,11,1,1,7,3,3,2,4,7,4,2,4,3,2,5,5,,,10,10,,,4,3,11,8,6,4,3,1,1,10,12,10,10,10,5,6,1,9,6,4,2,3,8,,8,,,4,2,1,2,6,2,1,7,3,3,6,3,10,10,5,10,10,3,5,6,7,3,11,4,11,1,3,2,1,1,2,1,2,1,1,1,5,4,7,2,,,4,7,,,4,10,5,1,4,2,1,1,1,1,2,2,9,9,9,1,1,1,2,1,1,2,3,6,,7,,,b'\x11\xe8\xe1I\xc9i\x87\x08\xaf\x82\x12\xdf\x17\xaeN\x1e'
11E8E149-C969-8708-AF82-12DF17AE4E1E,2024-ncaa-d1-natl,ncaa,57,57,78,63,116,99,79,98,67,36,29,126,255,301,98,332,124,104,230,100,258,98,106,120,126,98,329,310,207,75,50,205,10,146,35,90,159,121,85,81,97,82,162,139,,,312,339,,,104,118,184,264,105,71,108,30,34,277,324,151,141,130,108,151,88,277,198,90,95,119,186,,291,,,106,232,138,55,314,160,91,291,117,61,305,82,345,336,271,335,346,97,170,304,340,265,262,85,346,3,10,103,50,25,35,82,94,57,41,40,161,128,84,22,,,83,119,,,104,248,84,164,101,170,80,4,110,27,85,34,333,328,328,25,54,1,54,9,64,79,128,65,,113,,,b'\x11\xe8\xe1I\xc9i\x87\x08\xaf\x82\x12\xdf\x17\xaeN\x1e'
11E8E149-C969-8708-AF82-12DF17AE4E1E,2025-ncaa-d0-natl,genius_ncaa,29,53,19,50,21,31,27,26,56,25,15,95,101,151,42,284,45,29,300,28,164,24,26,72,92,65,263,239,211,39,95,29,32,26,46,44,182,135,41,54,72,117,195,268,,,286,135,,191,49,31,117,64,45,40,50,30,48,162,231,97,59,61,41,90,86,71,52,67,53,125,260,,134,,120,52,317,324,320,162,324,311,217,195,291,34,175,268,287,123,291,181,322,327,131,128,122,100,101,183,158,32,320,95,285,46,116,12,65,142,57,234,106,316,136,,,14,56,,43,49,335,53,95,53,142,164,176,208,183,96,172,157,167,170,169,180,44,163,101,34,144,134,248,,40,,71,b'\x11\xe8\xe1I\xc9i\x87\x08\xaf\x82\x12\xdf\x17\xaeN\x1e'
11E8E149-C969-8708-AF82-12DF17AE4E1E,2025-ncaa-d1-conf-MVC,genius_ncaa,2,2,3,2,3,5,5,3,5,1,1,5,9,8,7,10,5,3,11,4,8,2,5,6,7,6,12,11,7,3,3,4,5,4,5,5,9,3,2,4,3,3,7,8,,,4,5,,3,3,5,9,1,5,4,3,1,2,9,8,4,5,5,3,5,3,3,3,5,4,3,7,,4,,3,2,1,2,4,2,5,7,4,1,3,2,4,5,5,4,5,6,4,7,2,2,1,3,1,9,6,5,5,3,6,5,1,2,4,4,1,4,4,9,6,,,3,6,,2,3,8,5,1,2,1,2,3,6,7,1,4,5,5,5,3,5,6,6,7,1,3,6,10,,4,,3,b'\x11\xe8\xe1I\xc9i\x87\x08\xaf\x82\x12\xdf\x17\xaeN\x1e'
11E8E149-C969-8708-AF82-12DF17AE4E1E,2025-ncaa-d1-natl,genius_ncaa,34,53,25,51,29,38,33,29,59,27,16,98,115,168,41,284,54,36,301,38,164,26,34,77,93,69,259,240,210,47,102,34,35,30,52,49,187,116,42,56,88,127,216,274,,,268,140,,178,54,36,127,64,50,44,51,34,50,168,235,100,59,61,45,96,96,75,60,72,53,133,263,,142,,123,57,306,310,313,179,318,306,236,180,273,39,172,251,275,128,277,182,312,317,146,143,143,100,102,183,137,35,306,102,267,52,97,15,79,151,66,213,112,305,145,,,20,54,,48,54,328,58,108,60,157,173,177,224,190,98,168,162,175,177,176,180,46,171,104,35,158,134,255,,43,,68,b'\x11\xe8\xe1I\xc9i\x87\x08\xaf\x82\x12\xdf\x17\xaeN\x1e'
11E8E149-C969-8708-AF82-12DF17AE4E1E,2026-ncaa-d0-natl,genius_ncaa,55,80,49,81,55,83,108,88,178,85,32,248,220,264,110,351,8,8,152,7,53,64,54,211,164,153,204,326,13,76,124,48,63,52,72,157,288,295,158,230,108,168,134,220,,,320,231,,312,108,50,77,62,112,173,166,112,41,290,339,12,9,10,80,69,126,51,63,243,201,151,188,,247,,288,116,279,269,293,120,291,306,108,196,222,128,90,295,317,66,312,209,304,300,101,103,109,142,102,250,189,63,268,124,244,72,229,119,82,163,121,184,78,273,140,,,13,29,,46,108,311,159,88,112,154,148,201,190,268,90,102,222,260,254,230,246,88,147,118,114,136,97,211,,18,,83,b'\x11\xe8\xe1I\xc9i\x87\x08\xaf\x82\x12\xdf\x17\xaeN\x1e'
11E8E149-C969-8708-AF82-12DF17AE4E1E,2026-ncaa-d1-natl,genius_ncaa,74,80,85,97,89,123,158,140,208,117,48,284,267,305,119,352,9,10,146,8,43,96,89,245,201,192,182,328,8,110,154,66,69,71,93,223,306,251,179,258,161,205,174,239,,,294,247,,301,154,85,88,47,148,208,195,139,51,304,345,11,8,8,104,92,152,61,78,279,208,193,199,,260,,294,162,243,229,246,151,256,281,128,150,173,156,87,269,303,80,292,213,265,262,134,135,150,133,99,247,139,69,222,154,195,93,201,119,138,204,161,141,80,256,164,,,18,23,,58,154,279,192,128,161,187,188,210,225,277,107,108,236,272,263,246,243,94,162,134,140,179,97,230,,18,,73,b'\x11\xe8\xe1I\xc9i\x87\x08\xaf\x82\x12\xdf\x17\xaeN\x1e'
11E8E149-C96D-A82E-AF82-12DF17AE4E1E,2010-ncaa-d0-natl,ncaa,149,114,178,142,207,263,261,255,268,292,275,267,133,124,174,70,260,261,202,265,181,260,276,243,242,230,75,68,211,142,86,309,217,252,171,243,170,86,172,202,275,228,337,340,,,140,277,,,181,302,327,201,278,283,266,303,280,118,105,271,263,267,276,295,124,328,271,255,114,268,340,,166,,,180,38,63,31,278,184,166,197,10,2,313,3,105,116,117,120,139,30,42,218,209,157,14,12,197,55,217,87,86,59,171,76,150,194,87,126,68,141,249,311,,,190,70,,,181,40,205,153,179,53,77,15,205,199,9,1,120,130,138,13,15,64,100,73,101,174,96,269,,167,,,b'\x11\xe8\xe1I\xc9m\xa8.\xaf\x82\x12\xdf\x17\xaeN\x1e'
11E8E149-C96D-A82E-AF82-12DF17AE4E1E,2010-ncaa-d1-conf-NEC,ncaa,4,3,6,4,6,6,6,7,6,8,10,5,2,3,4,2,7,6,6,6,4,8,9,4,4,4,2,2,8,7,6,8,4,8,6,7,7,3,4,4,10,10,11,11,,,4,8,,,5,9,11,3,5,6,7,9,10,3,2,7,6,6,7,9,6,8,8,7,3,10,11,,6,,,5,2,4,1,9,8,8,6,1,1,7,1,5,6,6,6,5,1,1,6,7,6,1,1,7,1,4,2,6,1,6,2,3,7,6,3,4,4,7,10,,,6,1,,,5,3,4,5,5,3,4,2,10,11,1,1,6,7,7,1,1,3,5,2,2,9,4,8,,4,,,b'\x11\xe8\xe1I\xc9m\xa8.\xaf\x82\x12\xdf\x17\xaeN\x1e'
11E8E149-C96D-A82E-AF82-12DF17AE4E1E,2010-ncaa-d1-natl,ncaa,156,114,191,146,227,279,279,276,276,308,299,272,138,133,176,73,273,275,202,276,181,287,303,245,249,234,73,68,210,154,88,324,224,271,176,263,173,70,173,203,285,232,338,340,,,124,281,,,187,325,328,186,284,288,268,307,281,119,106,271,265,271,278,298,128,329,274,261,114,273,341,,167,,,187,28,51,14,285,173,148,206,7,2,314,3,96,106,118,111,141,12,18,224,213,163,13,11,195,47,224,68,88,39,176,67,151,215,94,136,56,144,241,313,,,203,69,,,187,18,206,157,185,55,80,16,210,201,10,1,118,132,140,13,15,65,101,75,105,185,97,269,,166,,,b'\x11\xe8\xe1I\xc9m\xa8.\xaf\x82\x12\xdf\x17\xaeN\x1e'
11E8E149-C96D-A82E-AF82-12DF17AE4E1E,2011-ncaa-d0-natl,ncaa,49,47,43,52,76,141,141,78,237,194,157,230,66,39,168,65,215,197,220,202,227,95,118,204,215,175,89,60,258,65,123,113,89,87,120,143,170,90,58,108,160,173,321,336,,,157,156,,,86,145,303,329,226,224,163,262,255,88,66,271,272,275,201,274,117,235,172,196,36,214,333,,74,,,89,93,176,199,149,290,302,140,11,22,14,7,69,69,174,65,20,159,190,68,57,57,4,5,95,122,89,279,123,232,120,136,119,116,105,111,141,118,223,210,,,106,134,,,86,207,149,47,80,30,88,68,216,254,2,7,37,30,29,31,30,54,183,117,81,179,94,178,,192,,,b'\x11\xe8\xe1I\xc9m\xa8.\xaf\x82\x12\xdf\x17\xaeN\x1e'
11E8E149-C96D-A82E-AF82-12DF17AE4E1E,2011-ncaa-d1-conf-NEC,ncaa,2,2,2,2,3,3,3,3,10,5,5,8,1,1,7,2,8,6,9,6,9,3,3,9,10,7,4,3,11,2,2,5,4,3,6,6,7,2,1,3,8,8,8,11,,,6,5,,,3,4,10,10,8,6,6,9,8,2,1,9,8,8,6,10,2,8,6,8,1,9,10,,4,,,3,4,6,9,5,10,10,6,1,1,1,1,3,4,5,4,1,6,8,2,2,2,1,1,4,4,4,10,2,9,6,5,5,4,5,5,5,5,9,8,,,5,5,,,3,9,4,1,3,1,3,3,6,9,1,1,3,3,3,1,1,2,7,3,3,6,4,8,,6,,,b'\x11\xe8\xe1I\xc9m\xa8.\xaf\x82\x12\xdf\x17\xaeN\x1e'
11E8E149-C96D-A82E-AF82-12DF17AE4E1E,2011-ncaa-d1-natl,ncaa,54,46,51,53,93,158,162,91,242,206,170,236,72,47,168,65,230,209,215,217,228,110,138,209,226,177,86,60,258,76,129,137,93,103,122,160,172,72,59,108,182,181,326,339,,,140,156,,,94,174,303,329,229,233,166,272,256,90,67,270,275,278,204,275,120,238,180,201,37,221,334,,73,,,98,71,161,175,154,277,296,147,8,16,15,7,56,56,180,54,19,135,158,72,61,60,2,3,94,104,93,265,129,216,122,121,120,132,114,118,128,121,214,219,,,121,132,,,94,181,154,50,87,31,90,69,219,258,1,6,37,31,29,32,29,53,187,122,83,186,94,183,,193,,,b'\x11\xe8\xe1I\xc9m\xa8.\xaf\x82\x12\xdf\x17\xaeN\x1e'
11E8E149-C96D-A82E-AF82-12DF17AE4E1E,2012-ncaa-d0-natl,ncaa,106,107,81,114,103,131,127,105,196,123,94,223,162,169,142,204,139,127,207,126,197,105,93,208,216,209,194,180,169,106,141,140,219,116,188,91,70,258,202,144,170,203,154,177,,,240,196,,,171,88,161,222,178,174,153,146,136,177,200,186,172,167,156,146,129,206,162,93,206,206,173,,203,,,171,216,209,233,163,238,242,211,117,182,48,139,257,267,152,268,220,244,247,140,152,139,118,78,251,250,219,269,141,268,188,255,244,106,144,168,327,298,234,181,,,67,103,,,171,248,190,153,174,171,162,162,203,185,94,149,224,231,234,177,194,208,199,217,219,132,300,201,,94,,,b'\x11\xe8\xe1I\xc9m\xa8.\xaf\x82\x12\xdf\x17\xaeN\x1e'
11E8E149-C96D-A82E-AF82-12DF17AE4E1E,2012-ncaa-d1-conf-NEC,ncaa,2,2,1,2,1,2,1,1,5,1,1,6,5,6,4,8,6,5,10,5,9,1,1,4,8,6,9,7,10,1,3,3,9,1,5,2,6,7,4,4,3,5,5,5,,,9,4,,,4,1,9,7,5,4,5,4,5,5,7,8,6,7,5,5,2,9,6,4,4,5,6,,3,,,4,11,11,11,5,11,11,7,5,8,1,6,9,9,8,9,4,11,11,3,3,3,3,2,7,11,9,10,3,11,5,7,5,3,5,3,10,7,10,6,,,2,3,,,4,11,4,3,4,2,3,4,5,4,2,4,4,3,3,5,3,8,6,6,4,6,6,7,,3,,,b'\x11\xe8\xe1I\xc9m\xa8.\xaf\x82\x12\xdf\x17\xaeN\x1e'
11E8E149-C96D-A82E-AF82-12DF17AE4E1E,2012-ncaa-d1-natl,ncaa,112,107,90,116,115,151,151,122,204,139,105,233,167,179,144,203,153,142,204,141,198,121,105,220,219,216,190,178,167,116,151,155,225,132,193,102,74,240,205,150,186,212,162,182,,,230,199,,,187,110,162,215,185,181,159,153,139,178,202,193,174,168,162,152,136,215,170,103,208,213,174,,206,,,187,201,200,211,170,225,224,212,105,166,46,134,247,257,155,257,226,225,231,148,161,147,118,77,251,233,225,254,151,255,193,247,245,116,151,177,323,300,225,184,,,80,97,,,187,225,200,162,188,176,167,161,209,186,96,152,225,235,235,175,191,212,202,221,224,141,300,209,,96,,,b'\x11\xe8\xe1I\xc9m\xa8.\xaf\x82\x12\xdf\x17\xaeN\x1e'
11E8E149-C96D-A82E-AF82-12DF17AE4E1E,2013-ncaa-d0-natl,ncaa,164,145,183,160,185,212,227,223,217,221,182,277,189,235,61,221,161,111,288,115,86,201,176,211,220,248,129,165,101,141,138,173,161,152,149,192,115,252,258,230,179,185,146,146,,,185,203,,,204,188,154,51,217,231,214,217,164,181,222,141,78,78,181,141,125,135,116,181,275,177,140,,224,,,205,150,172,164,193,190,186,181,150,156,181,158,123,139,92,140,142,148,169,186,168,146,125,163,144,178,161,160,138,169,149,186,205,148,120,159,254,253,214,217,,,108,68,,,204,167,233,147,197,184,205,196,210,211,168,173,148,162,162,189,211,197,203,211,212,118,264,226,,55,,,b'\x11\xe8\xe1I\xc9m\xa8.\xaf\x82\x12\xdf\x17\xaeN\x1e'
11E8E149-C96D-A82E-AF82-12DF17AE4E1E,2013-ncaa-d1-conf-NEC,ncaa,3,3,5,3,8,7,7,8,7,8,8,10,5,9,1,9,5,5,9,5,5,7,7,4,5,4,4,5,4,7,5,5,3,7,5,6,6,4,5,5,9,9,5,5,,,5,7,,,4,7,7,7,6,8,9,8,8,4,9,5,5,5,8,8,7,6,8,7,4,10,6,,6,,,4,7,7,6,8,8,6,8,3,4,4,6,5,4,6,4,5,5,5,6,5,5,3,5,5,4,3,5,5,4,5,4,3,6,4,6,7,7,7,8,,,4,2,,,4,6,4,5,4,6,7,3,9,5,4,5,5,5,5,5,5,4,6,4,5,5,6,8,,5,,,b'\x11\xe8\xe1I\xc9m\xa8.\xaf\x82\x12\xdf\x17\xaeN\x1e'
11E8E149-C96D-A82E-AF82-12DF17AE4E1E,2013-ncaa-d1-natl,ncaa,171,145,210,162,214,232,248,245,223,240,206,284,194,237,62,219,171,119,289,124,85,227,202,221,224,255,123,160,98,157,143,192,166,171,153,204,117,241,260,235,192,191,153,150,,,170,208,,,208,215,158,48,225,236,218,222,172,180,222,138,78,79,188,146,127,137,122,186,275,182,144,,227,,,211,131,152,142,199,171,159,183,140,144,182,157,114,127,96,129,144,121,142,190,174,156,122,163,142,162,166,144,143,151,153,176,206,162,126,168,239,256,207,219,,,120,63,,,208,143,235,155,202,190,210,196,216,215,172,175,147,164,163,193,211,204,207,213,216,124,264,232,,57,,,b'\x11\xe8\xe1I\xc9m\xa8.\xaf\x82\x12\xdf\x17\xaeN\x1e'
11E8E149-C96D-A82E-AF82-12DF17AE4E1E,2014-ncaa-d0-natl,ncaa,288,332,53,305,79,248,166,119,254,109,66,260,273,259,272,269,333,318,342,316,343,167,115,283,314,321,334,262,341,122,165,93,163,96,163,229,270,325,310,303,224,251,171,156,,,301,290,,,316,114,267,252,324,259,235,173,124,302,294,346,336,335,293,248,168,166,170,282,288,253,208,,245,,,306,259,173,229,107,68,130,65,326,314,310,309,289,267,298,268,291,248,239,162,203,213,339,331,265,248,163,272,165,266,163,224,255,154,211,205,302,264,97,43,,,235,318,,,316,236,321,223,309,158,74,110,19,29,320,295,241,203,204,134,105,169,187,176,164,228,245,61,,324,,,b'\x11\xe8\xe1I\xc9m\xa8.\xaf\x82\x12\xdf\x17\xaeN\x1e'
11E8E149-C96D-A82E-AF82-12DF17AE4E1E,2014-ncaa-d1-conf-MAAC,ncaa,9,9,4,9,6,7,4,4,8,1,1,8,11,11,8,11,11,9,11,9,11,6,5,9,10,10,11,11,11,3,3,5,8,2,2,9,10,10,8,9,7,7,7,6,,,9,10,,,9,7,6,7,9,5,4,1,1,11,11,11,11,11,5,5,3,4,2,9,8,8,7,,10,,,9,7,6,7,5,3,5,6,9,10,6,9,9,9,9,8,10,7,5,6,7,9,10,9,10,7,8,8,3,7,2,5,6,6,7,7,10,8,3,2,,,8,11,,,9,5,10,7,9,8,4,7,2,4,8,10,9,8,8,8,6,8,8,7,5,7,9,3,,11,,,b'\x11\xe8\xe1I\xc9m\xa8.\xaf\x82\x12\xdf\x17\xaeN\x1e'
11E8E149-C96D-A82E-AF82-12DF17AE4E1E,2014-ncaa-d1-natl,ncaa,293,331,59,310,91,270,188,137,257,125,80,262,281,270,274,267,340,324,344,323,343,192,138,284,315,323,332,261,341,139,173,104,170,110,167,251,274,322,313,305,232,252,178,156,,,288,292,,,320,141,268,255,326,262,241,174,125,300,294,346,336,335,297,251,173,172,173,287,289,258,210,,246,,,308,240,156,211,110,53,109,70,324,304,313,309,279,259,302,259,290,228,212,168,210,224,341,331,265,227,170,253,173,253,167,214,258,172,220,212,290,267,91,52,,,263,316,,,320,211,323,236,315,165,82,112,19,28,321,293,243,206,206,133,105,169,198,183,167,235,245,65,,325,,,b'\x11\xe8\xe1I\xc9m\xa8.\xaf\x82\x12\xdf\x17\xaeN\x1e'
11E8E149-C96D-A82E-AF82-12DF17AE4E1E,2015-ncaa-d0-natl,ncaa,208,238,113,230,117,156,159,59,313,245,195,286,47,15,236,29,273,277,187,276,278,79,76,273,286,267,49,28,315,76,178,72,259,69,233,109,73,228,167,158,136,176,88,93,,,306,256,,,223,87,82,14,180,185,25,277,231,45,17,299,300,300,58,43,72,56,42,108,215,140,84,,308,,,222,242,198,283,70,188,228,129,225,302,36,254,270,284,137,281,252,294,286,81,86,125,256,211,252,321,259,327,178,329,233,302,322,132,206,242,214,161,207,230,,,231,326,,,223,260,261,144,226,229,189,301,163,218,228,300,272,283,280,316,321,321,332,334,295,143,203,197,,275,,,b'\x11\xe8\xe1I\xc9m\xa8.\xaf\x82\x12\xdf\x17\xaeN\x1e'
11E8E149-C96D-A82E-AF82-12DF17AE4E1E,2015-ncaa-d1-conf-MAAC,ncaa,7,7,3,7,3,4,5,2,10,10,9,8,3,2,7,1,7,8,7,8,6,2,2,8,8,8,2,2,9,2,4,4,9,2,7,6,7,8,5,6,5,6,3,3,,,10,9,,,8,2,2,1,5,6,2,11,9,3,2,9,8,8,2,2,2,5,2,6,8,6,3,,11,,,8,11,10,10,4,7,9,4,8,10,4,8,8,10,3,10,10,9,10,4,4,3,8,7,8,10,9,10,4,11,7,9,8,4,7,6,9,4,8,9,,,7,9,,,8,10,8,8,8,10,8,10,6,7,8,10,9,10,10,11,10,11,11,11,9,6,9,7,,8,,,b'\x11\xe8\xe1I\xc9m\xa8.\xaf\x82\x12\xdf\x17\xaeN\x1e'
11E8E149-C96D-A82E-AF82-12DF17AE4E1E,2015-ncaa-d1-natl,ncaa,222,238,143,237,146,189,188,64,320,276,224,292,58,20,239,27,286,292,186,292,281,100,90,277,293,275,49,28,314,88,189,94,270,83,242,123,75,214,170,166,156,186,92,98,,,297,264,,,239,111,86,11,194,198,28,282,235,46,18,300,301,301,62,45,74,57,48,119,217,151,86,,310,,,237,225,176,266,73,165,196,137,215,295,40,255,264,270,140,270,254,276,269,86,96,136,256,206,252,314,270,321,189,325,242,296,322,156,215,247,197,167,195,235,,,260,325,,,239,235,266,160,242,245,201,303,170,218,230,298,278,282,280,316,319,326,333,337,301,150,206,200,,272,,,b'\x11\xe8\xe1I\xc9m\xa8.\xaf\x82\x12\xdf\x17\xaeN\x1e'
11E8E149-C96D-A82E-AF82-12DF17AE4E1E,2016-ncaa-d0-natl,ncaa,177,204,114,198,133,125,108,58,249,195,167,233,35,25,138,36,302,283,277,283,294,81,78,178,236,207,70,24,339,61,126,145,264,93,210,156,232,240,157,189,75,94,111,142,,,263,206,,,193,91,68,126,119,99,27,219,188,27,17,317,301,298,51,38,50,157,76,171,225,74,115,,261,,,193,264,240,255,152,245,279,124,175,156,224,90,299,277,306,276,196,266,271,139,177,174,185,126,264,310,264,303,126,321,210,301,300,102,159,216,170,114,267,269,,,281,346,,,193,251,182,197,197,251,219,263,235,287,176,153,289,265,263,280,301,301,299,312,287,117,167,258,,320,,,b'\x11\xe8\xe1I\xc9m\xa8.\xaf\x82\x12\xdf\x17\xaeN\x1e'
11E8E149-C96D-A82E-AF82-12DF17AE4E1E,2016-ncaa-d1-conf-MAAC,ncaa,4,4,3,4,5,4,3,2,5,2,2,2,3,3,6,3,9,7,11,6,9,3,2,6,6,6,6,3,11,4,6,3,10,2,8,8,11,9,6,7,5,5,5,5,,,8,8,,,5,2,1,7,3,1,1,2,4,3,2,9,7,6,1,1,4,4,2,8,7,5,5,,9,,,5,11,10,10,4,10,10,5,7,9,5,2,10,8,11,8,6,11,10,4,4,5,6,2,7,10,10,11,6,11,8,10,10,6,6,7,5,4,6,6,,,9,11,,,5,10,4,7,6,10,10,10,10,10,6,9,10,9,9,11,11,10,10,11,10,6,4,6,,9,,,b'\x11\xe8\xe1I\xc9m\xa8.\xaf\x82\x12\xdf\x17\xaeN\x1e'
11E8E149-C96D-A82E-AF82-12DF17AE4E1E,2016-ncaa-d1-natl,ncaa,191,204,142,205,162,152,134,68,252,222,203,243,38,31,145,34,311,294,276,293,292,101,97,190,244,213,63,23,337,71,134,173,274,111,221,186,237,214,162,198,96,98,128,151,,,248,205,,,206,116,71,117,128,111,28,222,194,29,17,317,303,299,53,45,55,164,85,182,230,81,121,,265,,,206,244,222,232,165,225,262,134,162,143,232,87,292,264,308,262,193,239,249,155,186,189,177,122,267,296,274,290,134,307,221,292,302,131,171,223,149,121,260,275,,,306,347,,,206,223,189,210,212,257,225,267,244,286,176,153,294,270,269,284,299,302,300,316,291,129,168,262,,319,,,b'\x11\xe8\xe1I\xc9m\xa8.\xaf\x82\x12\xdf\x17\xaeN\x1e'
11E8E149-C96D-A82E-AF82-12DF17AE4E1E,2017-ncaa-d0-natl,ncaa,169,184,116,174,124,139,162,75,291,288,253,304,16,13,103,16,275,182,340,183,104,84,55,209,261,270,12,7,312,52,112,73,75,54,107,159,150,327,273,260,96,125,110,119,,,312,282,,,179,64,38,55,155,187,45,327,288,11,12,294,210,209,67,21,48,49,24,177,309,107,109,,306,,,179,207,143,218,72,119,236,26,228,175,305,136,310,282,307,279,237,237,267,87,131,108,302,225,302,140,75,307,112,266,107,211,254,71,98,114,303,247,294,320,,,174,313,,,179,283,249,82,183,198,117,201,89,222,226,154,301,273,267,234,292,126,305,243,180,65,289,289,,210,,,b'\x11\xe8\xe1I\xc9m\xa8.\xaf\x82\x12\xdf\x17\xaeN\x1e'
11E8E149-C96D-A82E-AF82-12DF17AE4E1E,2017-ncaa-d1-conf-MAAC,ncaa,7,7,3,7,3,3,4,2,11,8,6,11,2,2,2,2,8,5,11,5,6,2,2,9,11,10,2,2,10,2,3,1,3,2,3,5,8,11,8,10,5,6,3,5,,,10,9,,,7,3,1,1,4,4,2,9,6,2,2,9,5,5,2,1,2,1,1,7,11,5,3,,11,,,7,11,9,9,5,9,10,3,6,5,10,3,10,10,11,10,7,11,9,5,6,5,6,5,10,7,3,11,3,11,3,7,6,4,5,5,11,8,11,10,,,6,10,,,7,9,9,5,8,11,7,10,10,11,6,4,11,11,10,11,11,4,11,11,7,4,11,11,,7,,,b'\x11\xe8\xe1I\xc9m\xa8.\xaf\x82\x12\xdf\x17\xaeN\x1e'
11E8E149-C96D-A82E-AF82-12DF17AE4E1E,2017-ncaa-d1-natl,ncaa,175,181,144,184,150,166,193,92,300,314,283,309,19,16,104,16,293,215,339,216,101,110,76,215,265,281,10,6,310,66,116,87,78,66,115,183,157,316,277,266,123,141,117,128,,,298,287,,,193,82,40,46,163,198,51,330,290,11,13,299,215,214,75,25,49,52,26,181,312,113,113,,309,,,192,178,112,181,80,95,210,26,213,147,310,131,299,266,311,262,239,205,247,97,147,119,299,223,302,116,78,289,116,244,115,197,256,92,105,130,293,252,288,321,,,207,308,,,193,262,258,93,198,205,123,204,91,227,231,155,303,276,273,236,289,125,308,248,189,76,289,290,,214,,,b'\x11\xe8\xe1I\xc9m\xa8.\xaf\x82\x12\xdf\x17\xaeN\x1e'
11E8E149-C96D-A82E-AF82-12DF17AE4E1E,2018-ncaa-d0-natl,ncaa,245,280,117,268,129,283,245,231,264,251,245,236,189,168,247,114,339,341,197,340,335,270,165,249,281,325,209,118,324,142,105,71,152,86,69,168,47,349,346,312,250,273,68,109,,,153,136,,,307,179,235,110,329,299,296,290,276,202,173,345,346,345,323,209,153,57,77,179,346,264,62,,143,,,301,187,264,286,125,268,295,85,207,170,244,116,12,47,1,45,21,263,201,121,62,156,54,208,8,246,152,91,105,139,69,239,172,298,323,313,337,328,260,290,,,330,348,,,307,179,320,188,299,160,250,305,260,321,188,151,11,45,44,270,170,238,61,121,221,318,325,248,,343,,,b'\x11\xe8\xe1I\xc9m\xa8.\xaf\x82\x12\xdf\x17\xaeN\x1e'
11E8E149-C96D-A82E-AF82-12DF17AE4E1E,2018-ncaa-d1-conf-MAAC,ncaa,8,9,3,9,5,7,6,7,6,7,9,5,3,4,4,4,10,9,7,9,9,7,4,4,6,9,6,3,9,3,1,2,5,3,1,3,1,11,11,8,10,10,2,3,,,4,3,,,9,6,5,3,7,6,9,8,9,4,5,10,10,9,10,3,4,2,1,3,11,10,1,,2,,,9,10,11,10,5,11,10,4,10,8,6,9,1,2,1,1,1,10,8,7,3,9,4,9,1,10,5,1,1,3,1,10,10,11,11,11,9,9,9,11,,,9,10,,,9,7,8,9,9,8,11,11,11,11,10,9,1,2,1,11,10,9,1,3,10,11,9,9,,10,,,b'\x11\xe8\xe1I\xc9m\xa8.\xaf\x82\x12\xdf\x17\xaeN\x1e'
11E8E149-C96D-A82E-AF82-12DF17AE4E1E,2018-ncaa-d1-natl,ncaa,262,278,144,273,160,314,284,274,273,280,271,252,209,184,251,112,343,346,198,346,335,307,215,261,288,330,203,118,326,172,118,90,156,110,79,191,50,348,347,318,268,279,72,112,,,133,137,,,312,226,238,92,335,301,304,295,276,204,175,346,346,345,326,225,162,64,84,193,346,273,68,,146,,,312,158,256,279,140,257,292,97,185,145,256,110,8,36,1,36,21,245,161,130,67,175,53,206,8,223,156,57,118,108,79,230,172,318,325,317,332,328,248,304,,,341,348,,,312,136,329,206,308,172,261,307,269,321,194,148,11,45,43,270,170,245,61,125,230,323,326,253,,344,,,b'\x11\xe8\xe1I\xc9m\xa8.\xaf\x82\x12\xdf\x17\xaeN\x1e'
11E8E149-C96D-A82E-AF82-12DF17AE4E1E,2019-ncaa-d0-natl,ncaa,185,209,114,203,132,242,234,162,295,255,172,310,151,145,165,151,287,235,324,233,234,180,103,284,302,320,134,102,271,30,32,134,154,77,73,236,209,343,334,320,85,82,139,137,,,314,317,,,255,151,183,111,292,284,197,285,205,153,159,313,256,256,218,96,22,153,53,265,335,92,149,,308,,,252,164,120,162,99,95,178,58,199,140,297,133,276,277,193,280,268,193,202,114,136,139,287,216,285,179,154,151,32,162,73,198,273,137,148,169,336,311,279,267,,,236,297,,,255,204,289,137,251,141,96,112,77,162,188,129,269,265,272,146,169,162,136,143,183,151,320,273,,273,,,b'\x11\xe8\xe1I\xc9m\xa8.\xaf\x82\x12\xdf\x17\xaeN\x1e'
11E8E149-C96D-A82E-AF82-12DF17AE4E1E,2019-ncaa-d1-conf-MAAC,ncaa,4,4,3,4,3,5,5,4,8,7,5,7,5,5,7,5,5,3,10,3,3,3,2,8,8,8,5,5,5,2,2,2,3,1,1,6,6,10,9,8,6,6,4,5,,,10,9,,,6,3,2,4,5,6,5,7,5,5,5,6,3,3,3,1,2,3,1,6,10,7,4,,10,,,6,9,6,8,6,8,9,6,5,5,8,3,9,10,6,10,9,10,10,6,6,7,5,3,9,6,3,6,2,5,1,8,7,8,9,6,10,7,9,8,,,4,7,,,6,9,7,5,5,8,6,6,8,10,5,5,9,10,10,8,8,6,6,5,7,8,9,8,,5,,,b'\x11\xe8\xe1I\xc9m\xa8.\xaf\x82\x12\xdf\x17\xaeN\x1e'
11E8E149-C96D-A82E-AF82-12DF17AE4E1E,2019-ncaa-d1-natl,ncaa,201,209,155,211,178,276,270,207,300,287,213,315,160,161,171,149,304,260,323,263,232,230,149,291,306,327,123,100,270,43,38,178,161,101,79,271,217,339,335,327,115,92,158,145,,,295,323,,,266,212,191,103,298,293,207,290,211,157,160,315,259,261,228,102,27,162,59,277,335,105,150,,311,,,265,129,87,108,112,77,148,68,182,110,302,124,264,255,198,260,270,144,138,129,152,157,286,215,285,148,161,111,38,117,79,179,278,175,158,185,322,317,264,274,,,264,295,,,266,142,298,152,261,153,106,116,84,165,187,125,271,269,274,151,169,165,143,154,194,167,323,277,,273,,,b'\x11\xe8\xe1I\xc9m\xa8.\xaf\x82\x12\xdf\x17\xaeN\x1e'
11E8E149-C96D-A82E-AF82-12DF17AE4E1E,2020-ncaa-d0-natl,ncaa,276,306,33,294,67,324,315,214,343,308,258,318,237,117,340,103,317,234,351,240,162,225,152,340,347,348,172,142,261,80,106,108,116,73,103,291,174,329,329,325,185,181,204,212,,,113,114,,,279,183,306,194,349,348,314,334,301,257,151,334,270,277,316,267,113,167,122,317,303,222,219,,70,,,277,83,127,209,63,121,203,65,169,202,98,223,39,46,64,42,43,167,168,64,47,54,144,232,53,153,116,215,106,191,103,224,285,182,184,225,320,319,276,309,,,223,247,,,279,167,342,56,281,35,58,116,70,124,126,161,22,27,28,58,42,100,133,118,184,230,300,246,,271,,,b'\x11\xe8\xe1I\xc9m\xa8.\xaf\x82\x12\xdf\x17\xaeN\x1e'
11E8E149-C96D-A82E-AF82-12DF17AE4E1E,2020-ncaa-d1-conf-MAAC,ncaa,9,10,1,10,1,10,10,7,11,10,9,9,10,5,11,6,8,3,11,3,2,6,2,11,11,11,8,9,6,2,2,2,6,1,4,9,7,11,10,11,9,10,4,6,,,6,6,,,6,5,10,1,11,10,9,10,10,11,7,9,4,4,9,7,2,2,3,11,10,9,6,,4,,,6,6,6,7,2,6,9,2,4,7,4,6,4,5,3,5,1,7,6,2,2,2,2,6,6,7,6,8,2,8,4,6,5,9,10,9,10,9,8,8,,,3,3,,,6,7,11,3,7,3,4,6,5,6,3,4,2,3,3,5,2,5,5,5,5,10,10,8,,4,,,b'\x11\xe8\xe1I\xc9m\xa8.\xaf\x82\x12\xdf\x17\xaeN\x1e'
11E8E149-C96D-A82E-AF82-12DF17AE4E1E,2020-ncaa-d1-natl,ncaa,289,305,45,301,91,342,333,257,345,322,278,325,249,133,343,104,324,255,351,259,162,272,197,343,347,349,172,142,256,98,114,140,119,97,110,312,176,325,334,329,212,192,213,217,,,93,120,,,283,244,310,179,349,348,317,336,302,263,155,334,276,280,321,272,118,177,133,323,305,228,222,,73,,,282,59,102,175,67,105,177,72,153,189,102,220,34,41,68,38,44,128,115,66,48,63,144,230,53,131,119,182,114,168,110,214,289,210,194,237,312,321,268,312,,,250,244,,,283,106,345,64,288,36,64,115,79,132,128,162,23,27,28,64,43,103,138,122,194,243,302,252,,270,,,b'\x11\xe8\xe1I\xc9m\xa8.\xaf\x82\x12\xdf\x17\xaeN\x1e'
11E8E149-C96D-A82E-AF82-12DF17AE4E1E,2021-ncaa-d0-natl,ncaa,318,296,273,323,281,316,318,299,333,314,286,336,311,314,259,281,306,283,337,282,220,300,290,336,340,340,208,223,125,240,96,268,276,266,150,306,109,192,336,332,314,307,80,26,,,31,46,,,319,292,335,224,342,341,342,333,245,323,322,315,256,261,341,312,138,191,159,324,321,321,37,,24,,,318,56,66,77,36,55,73,43,106,113,121,260,33,31,267,30,27,68,59,52,43,112,228,280,57,135,276,55,96,74,150,89,270,313,316,307,233,337,111,229,,,287,189,,,319,51,339,177,330,64,93,207,63,151,202,253,30,21,20,148,41,283,79,161,192,332,327,190,,261,,,b'\x11\xe8\xe1I\xc9m\xa8.\xaf\x82\x12\xdf\x17\xaeN\x1e'
11E8E149-C96D-A82E-AF82-12DF17AE4E1E,2021-ncaa-d1-conf-MAAC,ncaa,10,10,5,10,6,10,10,8,10,9,6,10,9,9,8,11,8,6,11,6,4,8,6,11,11,11,8,9,3,7,6,6,6,6,5,9,7,9,10,10,10,11,3,2,,,4,4,,,11,6,10,6,11,11,11,10,7,11,11,8,7,7,10,9,7,3,5,10,9,11,1,,4,,,10,6,6,7,2,5,7,1,6,6,4,10,5,3,11,3,3,7,6,3,2,7,9,9,5,7,6,5,6,7,5,5,5,10,11,10,9,10,5,4,,,6,5,,,11,6,11,8,10,5,5,9,4,6,7,10,5,4,4,7,3,8,2,7,6,11,8,4,,8,,,b'\x11\xe8\xe1I\xc9m\xa8.\xaf\x82\x12\xdf\x17\xaeN\x1e'
11E8E149-C96D-A82E-AF82-12DF17AE4E1E,2021-ncaa-d1-natl,ncaa,322,294,281,328,287,318,319,304,335,317,292,338,314,315,259,278,306,291,337,290,224,304,292,339,341,340,207,224,120,254,99,273,281,275,160,309,111,179,338,334,316,309,86,28,,,30,46,,,321,296,335,225,342,341,342,334,247,323,322,315,260,263,342,316,142,198,164,327,322,324,37,,25,,,323,52,63,71,36,48,66,42,99,105,121,259,31,30,266,30,26,63,54,58,46,116,227,279,57,124,281,51,99,65,160,86,271,316,320,312,226,339,107,233,,,291,186,,,321,49,340,192,332,67,98,210,67,155,205,253,30,20,19,151,38,285,80,165,196,332,330,191,,263,,,b'\x11\xe8\xe1I\xc9m\xa8.\xaf\x82\x12\xdf\x17\xaeN\x1e'
11E8E149-C96D-A82E-AF82-12DF17AE4E1E,2022-ncaa-d0-natl,ncaa,174,210,112,200,125,207,183,138,273,213,198,231,122,82,243,76,300,283,290,281,287,160,108,244,275,308,147,91,308,129,182,107,119,108,141,153,95,335,319,264,190,228,110,150,,,178,115,,,220,105,102,123,265,238,171,266,256,128,89,320,304,302,220,101,143,110,102,171,325,213,119,,138,,,220,161,221,234,170,287,286,175,50,78,44,43,84,108,65,106,43,218,232,119,98,78,11,30,83,170,119,248,182,222,141,91,25,101,115,54,286,235,238,244,,,216,310,,,220,243,305,75,224,121,190,206,272,307,31,54,78,87,86,175,218,153,235,197,69,113,251,219,,276,,,b'\x11\xe8\xe1I\xc9m\xa8.\xaf\x82\x12\xdf\x17\xaeN\x1e'
11E8E149-C96D-A82E-AF82-12DF17AE4E1E,2022-ncaa-d1-conf-MAAC,ncaa,7,6,8,7,8,8,6,7,6,8,8,4,4,3,5,3,8,8,9,8,8,8,5,6,7,9,3,3,8,6,6,5,2,5,5,6,5,9,11,7,10,10,4,6,,,5,8,,,6,6,3,6,6,5,4,7,8,4,3,8,8,8,6,5,6,4,5,4,10,10,3,,7,,,7,7,8,4,9,9,10,9,1,1,5,1,4,4,6,3,3,5,3,8,8,9,2,2,5,1,2,3,6,2,5,2,1,9,7,4,6,7,5,6,,,7,9,,,6,6,9,7,8,9,9,8,9,10,1,1,5,5,5,6,4,3,8,5,2,6,8,6,,6,,,b'\x11\xe8\xe1I\xc9m\xa8.\xaf\x82\x12\xdf\x17\xaeN\x1e'
11E8E149-C96D-A82E-AF82-12DF17AE4E1E,2022-ncaa-d1-natl,ncaa,199,209,146,210,167,244,220,172,287,248,238,248,139,99,251,76,309,296,291,297,286,203,142,256,288,314,141,90,304,159,195,136,125,147,152,181,102,329,322,284,217,238,120,154,,,144,114,,,240,135,107,112,286,255,185,282,262,127,91,320,306,304,235,107,158,122,116,183,328,224,122,,142,,,240,131,195,193,185,272,278,177,36,61,53,42,75,90,71,85,44,170,193,129,105,95,11,33,83,146,125,228,195,190,152,72,24,127,132,63,265,244,226,255,,,257,306,,,240,211,317,92,244,131,204,207,284,308,36,54,81,90,88,177,221,153,242,199,75,124,253,227,,275,,,b'\x11\xe8\xe1I\xc9m\xa8.\xaf\x82\x12\xdf\x17\xaeN\x1e'
11E8E149-C96D-A82E-AF82-12DF17AE4E1E,2023-ncaa-d0-natl,ncaa,135,188,46,168,64,109,132,122,147,223,273,109,37,32,90,27,200,191,178,190,101,132,105,94,104,154,37,29,273,95,75,85,132,83,68,105,105,335,299,217,256,305,65,120,,,114,62,,,165,111,286,261,186,219,288,307,339,50,55,255,267,267,288,243,141,145,129,148,279,310,79,,45,,,165,271,313,299,210,338,342,138,112,81,266,17,90,114,90,114,29,287,244,162,127,216,13,63,45,212,132,151,75,172,68,124,18,267,324,227,295,247,214,276,,,160,246,,,165,246,140,208,166,138,230,214,291,334,64,29,51,61,65,168,68,132,43,53,46,337,232,160,,261,,,b'\x11\xe8\xe1I\xc9m\xa8.\xaf\x82\x12\xdf\x17\xaeN\x1e'
11E8E149-C96D-A82E-AF82-12DF17AE4E1E,2023-ncaa-d1-conf-CAA,ncaa,3,7,1,7,1,1,4,4,4,9,13,3,1,1,3,1,3,3,6,3,1,4,1,3,3,6,1,1,7,3,3,1,2,2,1,2,4,13,11,8,9,11,1,5,,,6,2,,,7,1,9,9,7,8,11,13,13,2,2,7,7,7,10,9,7,4,4,6,9,11,2,,2,,,7,13,13,13,8,13,13,6,2,1,7,1,6,6,1,7,1,13,13,5,4,9,1,1,2,5,2,7,3,6,1,5,1,12,13,11,11,8,13,13,,,2,6,,,7,13,6,7,7,6,10,9,13,13,1,1,1,4,3,8,3,1,3,1,1,13,8,9,,6,,,b'\x11\xe8\xe1I\xc9m\xa8.\xaf\x82\x12\xdf\x17\xaeN\x1e'
11E8E149-C96D-A82E-AF82-12DF17AE4E1E,2023-ncaa-d1-natl,ncaa,136,186,33,168,48,112,123,122,153,213,267,114,37,32,112,31,207,187,206,185,108,127,87,105,114,161,42,32,276,85,83,70,131,61,70,110,127,332,297,228,263,310,71,131,,,115,60,,,179,94,273,270,197,220,274,296,335,54,57,266,264,266,282,235,138,143,121,156,278,315,86,,44,,,179,293,329,314,226,348,350,160,122,80,266,21,104,120,117,118,29,306,262,185,149,239,17,60,45,216,131,176,83,194,70,122,17,280,327,228,295,248,247,299,,,149,247,,,179,260,150,236,182,160,251,224,306,337,70,33,54,67,68,178,72,125,56,63,44,336,234,201,,252,,,b'\x11\xe8\xe1I\xc9m\xa8.\xaf\x82\x12\xdf\x17\xaeN\x1e'
11E8E149-C96D-A82E-AF82-12DF17AE4E1E,2023-ncaa-d1-ncaatournament,ncaa,36,2,36,36,38,40,42,50,28,45,59,11,41,47,45,16,41,46,4,46,18,48,55,25,18,12,22,29,16,52,38,52,10,55,28,51,53,7,14,36,65,65,51,42,,,18,57,,,38,56,47,7,22,27,37,35,53,22,18,12,27,26,34,50,43,48,51,45,10,65,47,,44,,,40,19,9,4,52,2,2,36,42,35,62,66,27,19,65,18,64,4,4,57,63,64,67,63,51,4,10,6,38,4,28,9,33,56,47,46,2,7,23,52,,,54,40,,,38,10,16,59,42,53,33,8,5,2,66,61,57,43,42,12,6,5,20,6,32,51,4,45,,47,,,b'\x11\xe8\xe1I\xc9m\xa8.\xaf\x82\x12\xdf\x17\xaeN\x1e'
11E8E149-C96D-A82E-AF82-12DF17AE4E1E,2024-ncaa-d0-natl,ncaa,76,57,143,68,152,181,184,225,143,221,261,146,129,146,115,114,179,186,148,188,101,212,186,125,121,182,93,111,151,173,110,44,46,71,23,210,225,294,307,266,328,335,11,10,,,90,81,,,97,192,262,56,200,211,290,257,284,135,153,180,197,200,275,231,185,18,29,225,282,337,4,,81,,,94,57,129,247,29,244,317,36,11,66,4,28,31,67,4,63,18,230,153,8,4,35,4,16,63,159,46,56,110,77,23,36,21,339,341,203,194,203,63,115,,,267,292,,,97,158,179,37,99,39,108,271,239,341,9,48,27,73,66,235,105,156,40,64,31,345,181,58,,297,,,b'\x11\xe8\xe1I\xc9m\xa8.\xaf\x82\x12\xdf\x17\xaeN\x1e'
11E8E149-C96D-A82E-AF82-12DF17AE4E1E,2024-ncaa-d1-conf-CAA,ncaa,2,2,7,2,7,7,7,11,2,9,12,5,4,7,2,3,8,9,4,9,3,12,10,2,2,3,1,4,7,9,6,3,2,5,2,8,10,12,13,10,14,14,1,1,,,4,6,,,4,10,8,3,5,5,12,9,12,3,6,7,8,8,11,10,9,2,4,6,13,13,1,,6,,,4,6,6,11,3,10,13,3,1,1,4,1,2,3,4,3,2,8,4,3,3,7,1,1,2,4,2,2,6,2,2,3,4,13,14,12,11,9,2,7,,,12,10,,,4,4,3,6,4,6,8,12,13,14,1,3,3,4,5,11,6,5,1,2,5,14,10,2,,10,,,b'\x11\xe8\xe1I\xc9m\xa8.\xaf\x82\x12\xdf\x17\xaeN\x1e'
11E8E149-C96D-A82E-AF82-12DF17AE4E1E,2024-ncaa-d1-natl,ncaa,76,57,130,69,137,184,202,223,161,230,258,156,128,142,135,112,150,169,153,169,91,214,177,140,137,193,90,117,138,147,87,39,51,55,17,217,223,305,309,274,318,334,10,12,,,87,83,,,106,189,251,56,204,224,274,257,279,135,140,161,173,174,264,205,155,19,23,233,288,334,4,,81,,,101,54,136,260,30,254,327,40,14,54,8,27,29,70,7,67,19,235,162,12,5,33,4,18,66,158,51,52,87,73,17,39,28,331,342,196,207,215,95,156,,,261,294,,,106,162,179,38,109,49,113,269,245,341,9,44,28,75,73,241,114,155,43,65,36,342,205,94,,291,,,b'\x11\xe8\xe1I\xc9m\xa8.\xaf\x82\x12\xdf\x17\xaeN\x1e'
11E8E149-C96D-A82E-AF82-12DF17AE4E1E,2025-ncaa-d0-natl,genius_ncaa,147,147,135,154,145,189,164,187,138,112,145,96,295,261,324,257,208,183,249,187,209,189,167,185,190,226,324,311,185,91,44,62,258,63,58,220,282,296,278,273,342,355,22,39,,,28,11,,153,177,196,264,108,223,178,243,95,146,309,275,224,198,202,236,190,88,32,27,243,280,352,17,,18,,144,176,150,239,315,38,251,325,34,223,240,140,163,4,12,7,12,2,286,221,40,14,92,46,257,4,339,258,54,44,193,58,162,79,335,356,315,271,259,179,157,,,260,304,,332,177,171,195,153,174,127,242,352,246,351,211,246,3,6,6,323,220,338,41,177,152,352,266,168,,297,,334,b'\x11\xe8\xe1I\xc9m\xa8.\xaf\x82\x12\xdf\x17\xaeN\x1e'
11E8E149-C96D-A82E-AF82-12DF17AE4E1E,2025-ncaa-d1-conf-CAA,genius_ncaa,6,5,4,5,4,4,4,7,2,4,7,1,11,11,11,11,3,3,6,3,4,6,6,4,3,6,13,13,3,8,4,2,10,2,3,7,10,13,12,9,13,14,1,1,,,4,1,,12,5,7,7,5,5,5,11,2,10,12,12,3,4,4,11,7,8,1,3,8,12,13,1,,2,,11,5,9,11,14,3,12,14,1,8,11,6,7,1,1,2,1,1,13,11,3,1,5,2,10,1,14,10,1,4,8,3,8,1,12,14,12,11,11,10,10,,,7,7,,14,5,8,4,7,5,8,10,14,11,14,10,10,1,1,1,14,12,14,1,7,8,14,11,10,,6,,14,b'\x11\xe8\xe1I\xc9m\xa8.\xaf\x82\x12\xdf\x17\xaeN\x1e'
11E8E149-C96D-A82E-AF82-12DF17AE4E1E,2025-ncaa-d1-natl,genius_ncaa,161,147,172,163,183,225,197,237,148,134,174,99,303,273,326,256,227,205,249,207,206,236,215,190,195,238,324,312,179,115,48,76,267,83,67,255,290,272,288,278,351,357,22,39,,,18,11,,140,192,241,268,93,237,194,256,100,154,311,277,224,197,200,252,205,99,33,30,261,281,354,17,,20,,144,192,120,216,305,47,231,317,38,206,225,148,163,4,9,8,10,2,269,187,49,16,108,45,257,4,333,267,34,48,162,67,144,81,350,359,327,254,267,162,172,,,281,304,,333,192,126,207,171,189,137,256,352,255,352,215,248,3,7,7,328,218,340,42,184,164,352,268,177,,298,,332,b'\x11\xe8\xe1I\xc9m\xa8.\xaf\x82\x12\xdf\x17\xaeN\x1e'
11E8E149-C96D-A82E-AF82-12DF17AE4E1E,2026-ncaa-d0-natl,genius_ncaa,212,152,279,209,284,303,306,315,236,259,278,205,339,321,339,282,169,164,208,160,56,305,306,283,241,246,251,339,28,214,96,285,207,273,138,323,309,82,221,275,268,193,273,231,,,105,282,,153,222,317,296,27,242,264,280,183,167,338,292,62,49,43,210,200,103,198,132,315,208,196,236,,255,,261,227,55,59,58,214,37,58,122,181,87,343,211,48,63,63,62,172,56,53,244,223,208,286,324,105,78,207,48,96,50,138,74,184,272,156,183,109,241,107,183,,,264,97,,286,222,51,214,211,224,195,199,161,116,145,313,196,115,145,147,143,136,205,137,159,196,162,240,190,,113,,248,b'\x11\xe8\xe1I\xc9m\xa8.\xaf\x82\x12\xdf\x17\xaeN\x1e'
11E8E149-C96D-A82E-AF82-12DF17AE4E1E,2026-ncaa-d1-natl,genius_ncaa,203,152,271,192,276,311,301,316,224,245,280,175,348,313,351,272,174,162,232,160,75,302,309,268,248,250,296,342,46,168,55,288,190,259,108,328,311,119,236,287,244,165,237,183,,,99,260,,152,217,328,285,24,246,244,257,158,161,340,272,82,65,65,197,179,57,181,114,312,239,166,185,,223,,233,219,51,54,46,196,33,52,96,210,78,343,201,56,71,58,65,181,38,38,234,211,189,295,323,111,81,190,29,55,32,108,98,235,255,132,184,147,251,91,163,,,239,96,,268,217,42,227,191,208,168,176,148,93,136,308,183,114,144,142,125,133,189,98,131,210,152,267,156,,109,,243,b'\x11\xe8\xe1I\xc9m\xa8.\xaf\x82\x12\xdf\x17\xaeN\x1e'
11E8E149-C971-E98E-AF82-12DF17AE4E1E,2010-ncaa-d0-natl,ncaa,197,114,322,180,327,266,273,304,186,215,209,238,313,330,149,316,122,181,25,174,137,297,323,237,177,147,240,300,15,257,153,254,156,262,130,281,245,18,108,187,266,196,103,32,,,5,33,,,176,326,214,159,161,203,197,120,72,298,316,26,73,68,157,209,164,96,120,237,99,205,54,,36,,,178,30,40,61,116,8,4,205,295,305,140,343,16,15,216,16,146,36,18,192,168,213,316,340,46,62,156,20,153,24,130,221,331,320,260,316,50,173,107,128,,,276,100,,,176,17,142,226,178,188,192,251,60,30,339,344,65,61,59,203,157,215,140,177,321,258,156,180,,142,,,b'\x11\xe8\xe1I\xc9q\xe9\x8e\xaf\x82\x12\xdf\x17\xaeN\x1e'
11E8E149-C971-E98E-AF82-12DF17AE4E1E,2010-ncaa-d1-conf-Big Sky,ncaa,4,2,3,3,5,5,7,7,5,5,3,7,8,9,5,9,2,3,1,3,3,6,5,7,4,5,5,9,1,4,4,4,7,4,3,7,6,6,7,8,3,3,2,1,,,1,2,,,4,5,8,3,5,8,8,5,3,9,9,2,3,3,7,6,7,3,3,8,6,3,2,,1,,,4,2,1,6,1,1,1,2,9,9,3,9,1,1,4,1,6,5,5,3,2,1,9,9,2,4,7,3,4,3,3,8,9,4,3,6,5,6,3,4,,,4,2,,,4,4,5,1,4,1,1,6,1,1,9,9,1,1,1,3,4,6,1,4,8,4,4,4,,3,,,b'\x11\xe8\xe1I\xc9q\xe9\x8e\xaf\x82\x12\xdf\x17\xaeN\x1e'
11E8E149-C971-E98E-AF82-12DF17AE4E1E,2010-ncaa-d1-natl,ncaa,166,114,276,157,292,220,239,266,181,176,140,237,297,321,128,314,83,137,25,130,144,238,278,227,167,139,235,293,21,201,123,172,107,189,89,248,225,31,95,160,214,163,87,36,,,10,27,,,127,298,212,161,151,190,177,117,62,287,307,27,75,70,143,198,146,73,91,211,88,178,55,,32,,,125,47,56,126,76,20,15,155,296,322,96,342,24,23,219,22,120,79,50,131,115,151,306,335,55,95,107,55,123,48,89,249,330,289,237,304,58,134,152,149,,,228,113,,,127,51,133,148,120,131,148,236,55,34,324,341,52,44,46,188,147,174,138,152,298,245,126,189,,143,,,b'\x11\xe8\xe1I\xc9q\xe9\x8e\xaf\x82\x12\xdf\x17\xaeN\x1e'
11E8E149-C971-E98E-AF82-12DF17AE4E1E,2011-ncaa-d0-natl,ncaa,137,154,77,153,108,162,173,120,240,159,90,281,197,233,96,253,106,145,66,134,214,116,129,249,221,204,162,204,92,65,63,134,135,93,77,197,192,150,128,192,100,93,145,115,,,63,50,,,157,153,275,230,217,239,186,204,119,214,260,120,174,156,188,222,87,213,116,229,115,119,160,,33,,,158,159,170,206,123,85,78,162,316,318,175,329,67,64,178,63,114,169,182,185,161,145,289,332,64,172,135,157,63,169,77,292,321,140,145,240,285,265,228,160,,,144,170,,,157,188,177,147,157,100,119,125,51,25,295,308,47,42,38,75,65,121,100,93,252,184,255,203,,193,,,b'\x11\xe8\xe1I\xc9q\xe9\x8e\xaf\x82\x12\xdf\x17\xaeN\x1e'
11E8E149-C971-E98E-AF82-12DF17AE4E1E,2011-ncaa-d1-conf-Big Sky,ncaa,1,3,1,3,1,4,4,2,5,1,1,8,6,8,1,8,3,2,4,2,5,2,2,6,5,6,7,8,3,1,1,3,8,1,3,5,7,6,5,5,1,3,3,3,,,4,3,,,4,4,9,5,7,8,7,6,3,8,8,3,3,3,6,8,2,7,2,7,5,4,6,,1,,,4,5,6,7,2,4,3,5,8,9,2,9,2,3,1,2,3,6,7,4,1,1,5,9,2,8,8,3,1,6,3,8,8,1,2,3,7,7,6,5,,,1,2,,,4,6,4,2,4,1,2,3,1,1,5,9,1,1,1,1,1,7,2,2,7,3,6,5,,2,,,b'\x11\xe8\xe1I\xc9q\xe9\x8e\xaf\x82\x12\xdf\x17\xaeN\x1e'
11E8E149-C971-E98E-AF82-12DF17AE4E1E,2011-ncaa-d1-natl,ncaa,128,152,51,148,84,139,156,95,233,132,69,280,187,225,85,257,99,138,64,123,225,92,95,244,221,195,172,206,106,63,64,122,149,83,82,173,192,163,121,185,74,84,147,120,,,69,47,,,144,124,264,236,204,226,171,190,111,213,263,123,182,159,168,212,87,221,130,219,115,97,165,,32,,,147,172,181,227,128,94,90,161,319,319,176,326,69,63,188,61,104,191,217,186,155,133,284,328,63,186,149,198,64,193,82,300,314,106,112,213,298,262,236,155,,,125,180,,,144,221,167,129,145,94,113,119,52,26,290,304,46,40,36,70,77,123,102,97,246,147,255,202,,196,,,b'\x11\xe8\xe1I\xc9q\xe9\x8e\xaf\x82\x12\xdf\x17\xaeN\x1e'
11E8E149-C971-E98E-AF82-12DF17AE4E1E,2011-ncaa-d1-ncaatournament,ncaa,33,2,33,33,34,54,56,59,52,60,60,61,34,40,25,6,51,48,43,47,28,58,47,43,48,57,3,5,34,41,9,54,36,49,24,50,25,32,61,59,40,24,42,36,,,24,61,,,35,53,57,3,53,55,58,60,59,10,15,47,46,44,57,39,23,50,42,48,63,26,37,,53,,,37,2,1,1,32,5,4,40,1,2,2,3,33,38,7,38,64,3,7,20,25,10,31,3,64,12,36,4,9,4,24,1,2,38,5,1,44,64,24,59,,,47,44,,,35,5,56,9,44,6,1,1,13,6,1,2,59,63,63,4,9,22,8,11,1,13,64,42,,44,,,b'\x11\xe8\xe1I\xc9q\xe9\x8e\xaf\x82\x12\xdf\x17\xaeN\x1e'
11E8E149-C971-E98E-AF82-12DF17AE4E1E,2012-ncaa-d0-natl,ncaa,171,129,292,162,301,250,239,204,276,232,221,240,190,144,284,118,260,278,88,279,257,214,284,264,260,184,161,143,195,148,140,256,108,207,153,183,81,7,23,40,135,63,80,19,,,27,102,,,139,311,224,163,175,171,65,174,140,155,99,206,232,234,91,178,89,151,102,102,32,79,46,,82,,,138,26,16,32,67,3,7,42,282,256,258,326,91,55,321,57,228,24,28,139,159,135,340,336,208,50,108,155,140,101,153,85,290,232,117,161,52,133,143,182,,,278,215,,,139,30,154,137,143,106,57,100,11,17,325,307,156,110,119,98,100,119,293,238,174,150,129,201,,208,,,b'\x11\xe8\xe1I\xc9q\xe9\x8e\xaf\x82\x12\xdf\x17\xaeN\x1e'
11E8E149-C971-E98E-AF82-12DF17AE4E1E,2012-ncaa-d1-conf-Big Sky,ncaa,5,5,5,5,5,8,6,4,8,6,4,9,4,4,3,4,6,6,6,6,7,5,6,8,8,7,3,3,6,1,4,5,6,5,6,5,5,1,1,1,4,4,1,1,,,4,6,,,5,7,7,3,6,6,5,6,5,4,4,6,7,7,5,7,1,6,4,5,1,4,1,,2,,,5,3,1,3,3,1,1,2,8,7,5,8,5,3,7,4,6,2,3,4,4,4,9,9,7,7,6,7,4,7,6,3,6,4,3,3,1,1,7,6,,,3,3,,,5,3,5,5,5,3,3,2,2,1,8,7,5,5,5,3,3,7,7,6,3,4,1,6,,3,,,b'\x11\xe8\xe1I\xc9q\xe9\x8e\xaf\x82\x12\xdf\x17\xaeN\x1e'
11E8E149-C971-E98E-AF82-12DF17AE4E1E,2012-ncaa-d1-natl,ncaa,158,129,196,150,238,204,188,131,264,173,158,231,183,135,292,129,229,255,99,253,277,152,219,261,262,179,194,163,205,116,150,176,101,149,143,124,69,15,24,35,97,61,35,11,,,46,86,,,121,246,208,180,168,152,56,140,122,162,110,211,233,233,81,167,87,122,90,83,34,74,24,,70,,,119,52,27,67,51,4,19,30,308,286,286,322,99,70,294,76,213,57,72,118,128,102,339,339,188,87,101,246,150,173,143,121,293,165,101,139,79,112,165,148,,,247,235,,,121,91,153,96,126,95,53,105,10,23,326,305,134,101,111,102,114,126,296,240,168,129,118,193,,212,,,b'\x11\xe8\xe1I\xc9q\xe9\x8e\xaf\x82\x12\xdf\x17\xaeN\x1e'
11E8E149-C971-E98E-AF82-12DF17AE4E1E,2013-ncaa-d0-natl,ncaa,50,28,120,40,148,125,135,92,202,154,107,248,100,134,67,164,124,152,95,150,195,103,162,187,177,101,112,118,164,96,148,118,54,97,107,49,14,12,13,10,49,23,25,11,,,84,101,,,51,186,226,131,115,131,68,172,109,101,135,120,158,153,75,188,92,101,74,28,14,45,24,,72,,,49,50,25,92,26,15,76,12,203,166,269,211,225,188,283,197,245,89,135,45,62,50,329,281,299,52,54,277,148,188,107,71,225,120,78,66,89,83,208,161,,,103,83,,,51,162,82,38,44,46,18,48,12,55,196,160,223,183,189,66,89,55,261,175,71,128,88,204,,99,,,b'\x11\xe8\xe1I\xc9q\xe9\x8e\xaf\x82\x12\xdf\x17\xaeN\x1e'
11E8E149-C971-E98E-AF82-12DF17AE4E1E,2013-ncaa-d1-conf-Big Sky,ncaa,1,1,2,1,3,3,4,2,6,7,4,8,2,2,2,3,6,6,2,6,8,2,4,5,4,3,2,2,8,2,2,3,4,1,4,2,1,1,1,1,2,2,2,1,,,5,3,,,1,5,9,8,4,4,4,8,6,2,2,5,7,7,5,7,4,4,2,2,1,3,2,,2,,,1,2,1,4,1,1,2,1,6,6,3,8,8,8,7,9,10,5,7,1,1,1,10,8,11,6,4,9,2,8,4,2,2,3,2,1,3,3,5,5,,,3,4,,,1,7,1,1,1,1,1,2,1,2,4,6,4,5,6,2,3,4,6,4,1,5,2,3,,3,,,b'\x11\xe8\xe1I\xc9q\xe9\x8e\xaf\x82\x12\xdf\x17\xaeN\x1e'
11E8E149-C971-E98E-AF82-12DF17AE4E1E,2013-ncaa-d1-natl,ncaa,42,28,90,37,108,112,117,82,195,138,94,246,90,129,61,167,113,144,81,138,202,89,137,178,171,93,117,122,169,82,141,97,53,82,102,40,15,13,11,9,41,24,19,8,,,101,101,,,49,161,239,134,116,124,73,171,111,102,139,118,163,155,77,194,95,106,80,31,11,44,18,,67,,,45,60,29,95,29,14,83,12,220,183,289,221,218,199,267,202,247,111,150,51,69,56,330,288,287,58,53,279,141,203,102,85,234,112,77,69,93,79,219,164,,,93,88,,,49,188,73,43,40,45,18,44,11,48,213,160,201,169,179,54,77,51,250,156,81,126,81,202,,111,,,b'\x11\xe8\xe1I\xc9q\xe9\x8e\xaf\x82\x12\xdf\x17\xaeN\x1e'
11E8E149-C971-E98E-AF82-12DF17AE4E1E,2013-ncaa-d1-ncaatournament,ncaa,33,2,33,33,35,55,54,52,54,57,47,59,40,54,16,38,45,44,55,42,24,50,44,52,53,53,13,15,22,30,5,48,38,37,16,45,13,26,56,54,46,32,34,23,,,5,12,,,50,56,49,7,54,54,41,57,37,23,37,39,29,25,39,24,5,42,15,40,58,35,16,,8,,,53,13,18,20,44,17,13,56,17,23,24,39,7,6,31,7,15,15,10,44,44,48,17,26,14,16,38,5,5,6,16,11,29,58,51,54,13,22,43,61,,,39,23,,,50,7,48,54,56,39,49,34,46,33,29,35,15,15,15,27,17,31,24,24,39,54,22,60,,16,,,b'\x11\xe8\xe1I\xc9q\xe9\x8e\xaf\x82\x12\xdf\x17\xaeN\x1e'
11E8E149-C971-E98E-AF82-12DF17AE4E1E,2014-ncaa-d0-natl,ncaa,61,72,53,74,72,95,91,67,160,146,156,178,49,62,64,81,195,228,102,223,263,89,123,104,123,81,86,62,291,119,160,76,111,84,136,32,20,54,34,23,154,185,18,22,,,95,51,,,90,126,285,232,145,132,116,215,229,61,76,258,288,288,173,259,165,132,147,35,27,205,20,,39,,,91,186,151,238,65,111,236,28,252,209,299,174,223,188,307,191,151,244,222,81,100,139,300,255,229,203,111,265,160,248,136,192,217,190,238,206,263,236,240,217,,,169,235,,,90,228,71,134,88,86,63,124,52,151,210,146,174,144,144,113,69,132,177,152,132,265,199,195,,277,,,b'\x11\xe8\xe1I\xc9q\xe9\x8e\xaf\x82\x12\xdf\x17\xaeN\x1e'
11E8E149-C971-E98E-AF82-12DF17AE4E1E,2014-ncaa-d1-conf-Big Sky,ncaa,2,3,1,3,1,3,1,2,9,5,4,7,2,2,4,3,8,7,8,6,10,2,3,6,8,5,4,3,11,4,6,2,2,2,4,2,5,2,2,1,6,7,2,3,,,2,1,,,3,2,7,7,6,5,4,6,6,2,2,11,11,11,6,7,6,3,2,3,2,8,3,,1,,,3,7,7,11,3,3,10,1,10,7,9,8,5,5,5,5,4,10,10,5,4,2,10,11,5,5,2,10,6,9,4,7,4,4,6,5,7,4,7,6,,,3,8,,,3,11,3,2,3,3,3,5,1,5,10,6,3,2,2,3,2,2,8,6,3,8,5,6,,8,,,b'\x11\xe8\xe1I\xc9q\xe9\x8e\xaf\x82\x12\xdf\x17\xaeN\x1e'
11E8E149-C971-E98E-AF82-12DF17AE4E1E,2014-ncaa-d1-natl,ncaa,52,72,33,74,47,84,81,54,165,144,148,192,44,56,65,79,198,223,97,219,252,71,104,114,127,84,78,59,289,111,159,61,98,70,133,24,20,58,34,23,150,181,16,16,,,102,48,,,81,103,285,241,149,137,117,223,234,59,71,258,288,290,168,258,157,133,140,36,27,203,19,,34,,,85,206,167,264,62,128,256,27,271,216,298,177,225,187,314,188,146,258,249,83,101,138,298,262,223,199,98,278,159,262,133,190,209,171,233,201,261,221,251,226,,,159,235,,,81,248,72,130,80,76,59,120,42,147,212,149,166,126,128,104,65,121,177,149,118,262,192,204,,276,,,b'\x11\xe8\xe1I\xc9q\xe9\x8e\xaf\x82\x12\xdf\x17\xaeN\x1e'
11E8E149-C971-E98E-AF82-12DF17AE4E1E,2015-ncaa-d0-natl,ncaa,57,37,113,45,141,138,136,117,202,175,174,177,120,95,190,102,167,175,129,173,187,132,182,179,178,105,130,120,199,103,149,41,50,57,55,112,109,24,23,40,282,289,15,10,,,89,106,,,65,222,291,199,151,163,118,189,204,119,96,179,208,207,133,251,114,16,22,114,20,299,9,,80,,,61,71,59,205,8,64,221,12,107,163,41,155,208,179,275,169,136,202,133,7,13,78,227,153,273,155,50,223,149,212,55,22,30,308,311,152,183,190,31,27,,,131,101,,,65,132,77,94,56,50,34,182,40,205,92,165,190,161,154,165,63,132,208,183,21,326,176,29,,143,,,b'\x11\xe8\xe1I\xc9q\xe9\x8e\xaf\x82\x12\xdf\x17\xaeN\x1e'
11E8E149-C971-E98E-AF82-12DF17AE4E1E,2015-ncaa-d1-conf-Big Sky,ncaa,1,1,1,1,4,4,4,2,6,7,5,6,4,4,4,4,5,4,6,4,7,2,3,4,5,4,4,4,9,2,6,1,2,1,2,3,6,1,2,3,8,8,1,1,,,5,4,,,2,4,12,10,7,6,6,8,9,4,4,8,9,9,5,10,5,2,2,6,1,10,1,,1,,,2,2,3,11,1,4,10,1,3,7,1,6,6,7,6,7,3,10,9,1,1,1,8,5,9,8,2,11,6,10,2,1,1,10,10,2,6,5,2,2,,,1,2,,,2,9,3,1,2,1,1,5,1,4,1,5,2,2,2,3,1,5,5,4,1,12,4,2,,6,,,b'\x11\xe8\xe1I\xc9q\xe9\x8e\xaf\x82\x12\xdf\x17\xaeN\x1e'
11E8E149-C971-E98E-AF82-12DF17AE4E1E,2015-ncaa-d1-natl,ncaa,36,37,55,39,77,114,113,73,208,148,147,175,106,76,205,95,145,166,111,165,198,85,129,183,180,111,130,116,204,94,158,26,52,36,63,92,107,28,30,44,270,283,8,7,,,116,105,,,54,161,300,241,159,174,138,208,219,122,93,191,236,235,153,265,133,21,31,120,20,290,9,,78,,,57,80,66,260,6,77,256,13,112,203,30,167,218,208,261,201,138,255,197,6,10,63,225,149,269,197,52,283,158,263,63,24,33,278,301,134,207,193,25,24,,,90,89,,,54,189,85,69,50,36,26,156,36,178,83,159,176,152,149,141,52,128,206,183,17,312,174,22,,146,,,b'\x11\xe8\xe1I\xc9q\xe9\x8e\xaf\x82\x12\xdf\x17\xaeN\x1e'
11E8E149-C971-E98E-AF82-12DF17AE4E1E,2015-ncaa-d1-ncaatournament,ncaa,33,2,33,33,33,61,55,46,56,46,45,41,61,47,63,17,61,60,60,60,60,52,48,59,61,60,64,56,60,47,46,50,7,49,46,49,24,23,54,49,45,22,41,40,,,10,38,,,59,51,36,4,61,53,26,40,33,60,21,61,60,60,45,35,34,48,47,42,50,26,32,,30,,,60,17,29,7,62,33,20,62,3,2,10,3,4,8,4,8,20,6,6,60,60,59,2,3,6,4,7,21,46,13,46,25,36,46,20,46,27,56,19,44,,,55,55,,,59,13,61,51,59,41,61,11,62,39,3,2,9,26,26,10,7,4,51,31,56,30,53,40,,54,,,b'\x11\xe8\xe1I\xc9q\xe9\x8e\xaf\x82\x12\xdf\x17\xaeN\x1e'
11E8E149-C971-E98E-AF82-12DF17AE4E1E,2016-ncaa-d0-natl,ncaa,100,73,175,87,189,121,118,141,99,98,120,107,183,195,156,218,119,178,31,175,214,145,222,117,104,56,216,225,162,202,210,92,37,128,89,72,58,9,17,15,325,331,96,73,,,57,65,,,96,219,215,108,86,75,96,74,94,185,186,95,165,159,96,215,202,48,88,40,12,333,93,,55,,,93,134,96,158,80,62,105,71,243,253,199,282,217,158,348,168,214,159,96,108,137,208,318,282,248,56,37,194,210,128,89,110,162,298,299,240,103,137,93,71,,,155,104,,,96,130,62,178,94,172,119,187,63,111,260,273,239,181,191,195,99,69,220,149,124,303,121,104,,133,,,b'\x11\xe8\xe1I\xc9q\xe9\x8e\xaf\x82\x12\xdf\x17\xaeN\x1e'
11E8E149-C971-E98E-AF82-12DF17AE4E1E,2016-ncaa-d1-conf-Big Sky,ncaa,5,4,5,5,5,6,7,6,5,4,5,7,10,8,10,8,3,7,2,7,7,7,11,8,7,4,10,11,4,8,7,4,2,5,3,4,1,1,2,1,12,12,5,4,,,1,3,,,3,10,10,5,6,6,8,3,5,9,9,4,6,6,8,11,9,4,7,3,1,12,5,,1,,,3,2,3,3,3,4,5,4,5,6,4,8,5,3,11,5,5,2,2,3,3,4,7,6,8,2,2,6,7,3,3,3,6,10,8,9,4,5,6,5,,,6,2,,,3,3,5,5,3,3,3,4,3,6,6,6,4,3,4,4,3,3,5,4,5,11,4,6,,3,,,b'\x11\xe8\xe1I\xc9q\xe9\x8e\xaf\x82\x12\xdf\x17\xaeN\x1e'
11E8E149-C971-E98E-AF82-12DF17AE4E1E,2016-ncaa-d1-natl,ncaa,95,73,142,89,160,116,109,126,97,91,108,105,189,196,154,222,128,185,27,184,236,131,204,116,101,55,229,228,174,191,203,85,32,120,83,62,58,6,14,10,327,330,101,73,,,52,73,,,95,210,229,115,86,73,91,70,92,187,192,106,182,182,95,225,198,52,94,34,10,332,96,,54,,,89,135,85,172,77,56,96,75,236,250,182,279,218,163,347,170,218,165,109,99,136,200,315,276,251,46,32,204,203,115,83,104,157,299,296,227,96,127,85,67,,,177,131,,,95,138,50,175,86,160,107,167,58,96,247,262,236,176,185,174,82,58,203,131,114,305,109,99,,160,,,b'\x11\xe8\xe1I\xc9q\xe9\x8e\xaf\x82\x12\xdf\x17\xaeN\x1e'
11E8E149-C971-E98E-AF82-12DF17AE4E1E,2017-ncaa-d0-natl,ncaa,323,313,291,323,303,335,327,294,327,288,222,319,322,280,336,241,305,258,327,266,248,294,314,332,337,322,256,260,135,180,173,286,153,255,202,297,167,58,171,234,320,281,268,226,,,37,130,,,315,329,291,169,329,313,220,254,140,305,243,278,207,218,227,250,106,228,167,275,144,293,256,,90,,,316,85,111,51,273,61,9,323,262,268,179,337,41,36,252,33,166,33,22,306,299,311,272,320,69,48,153,158,173,87,202,162,226,312,243,292,122,221,144,182,,,249,107,,,315,23,309,302,320,222,230,152,146,25,312,321,87,76,76,105,60,116,280,228,254,273,199,211,,166,,,b'\x11\xe8\xe1I\xc9q\xe9\x8e\xaf\x82\x12\xdf\x17\xaeN\x1e'
11E8E149-C971-E98E-AF82-12DF17AE4E1E,2017-ncaa-d1-conf-Big Sky,ncaa,11,11,7,11,10,12,12,12,12,10,5,12,12,12,12,11,11,9,12,9,9,12,11,12,12,12,10,11,3,6,6,10,8,10,9,12,9,6,9,11,10,9,8,5,,,4,10,,,12,12,11,6,12,12,10,9,2,12,12,10,6,6,10,10,5,10,8,11,8,9,7,,6,,,12,2,4,2,8,5,2,9,7,9,4,10,3,2,8,1,7,2,1,8,8,8,7,10,6,6,8,6,6,5,9,5,8,10,6,7,6,9,8,8,,,8,4,,,12,1,12,8,12,5,6,4,6,2,9,9,4,3,3,4,2,8,8,8,6,9,7,9,,5,,,b'\x11\xe8\xe1I\xc9q\xe9\x8e\xaf\x82\x12\xdf\x17\xaeN\x1e'
11E8E149-C971-E98E-AF82-12DF17AE4E1E,2017-ncaa-d1-natl,ncaa,313,312,217,314,266,320,315,269,327,264,181,319,321,268,338,251,275,220,321,226,228,263,286,329,335,320,264,278,110,153,174,236,104,202,181,284,172,86,158,234,313,291,267,226,,,48,130,,,315,314,291,178,325,314,224,247,143,316,252,254,190,195,221,253,109,195,145,284,138,305,258,,85,,,315,135,158,95,264,93,13,325,300,303,191,337,45,41,201,42,161,61,26,309,286,311,278,327,54,49,104,228,174,146,181,197,213,304,255,289,120,176,191,191,,,207,102,,,315,38,311,301,319,220,223,152,127,25,314,322,76,69,69,107,55,89,275,219,233,284,155,219,,161,,,b'\x11\xe8\xe1I\xc9q\xe9\x8e\xaf\x82\x12\xdf\x17\xaeN\x1e'
11E8E149-C971-E98E-AF82-12DF17AE4E1E,2018-ncaa-d0-natl,ncaa,208,207,164,215,208,192,165,163,179,105,100,161,288,257,298,274,173,181,170,176,246,162,216,233,235,154,304,299,152,101,93,132,18,116,47,142,117,26,52,62,304,287,246,202,,,59,135,,,207,243,278,205,177,149,121,79,71,288,257,157,161,161,119,204,85,104,80,120,48,307,246,,76,,,208,167,120,108,203,37,22,238,323,311,279,341,170,129,316,143,282,97,53,283,286,319,342,340,175,15,18,129,93,62,47,200,260,320,292,308,55,72,241,190,,,152,92,,,207,90,124,279,214,192,147,103,41,12,328,330,190,147,159,92,34,14,152,75,210,316,72,255,,117,,,b'\x11\xe8\xe1I\xc9q\xe9\x8e\xaf\x82\x12\xdf\x17\xaeN\x1e'
11E8E149-C971-E98E-AF82-12DF17AE4E1E,2018-ncaa-d1-conf-Big Sky,ncaa,7,7,5,7,5,9,9,4,8,2,1,8,12,12,11,12,7,5,11,5,12,4,5,9,8,9,12,12,6,1,1,6,1,2,1,6,4,6,4,4,9,8,11,11,,,3,6,,,8,9,12,4,9,9,6,2,1,12,12,10,5,6,6,5,1,4,2,4,5,9,11,,4,,,8,4,4,4,6,2,2,9,9,10,5,11,4,3,10,4,8,4,3,8,9,9,12,10,6,1,1,4,1,2,1,8,9,9,9,9,4,4,11,9,,,4,4,,,8,4,9,7,8,3,3,4,2,1,8,8,5,4,4,3,1,1,6,2,7,9,4,11,,3,,,b'\x11\xe8\xe1I\xc9q\xe9\x8e\xaf\x82\x12\xdf\x17\xaeN\x1e'
11E8E149-C971-E98E-AF82-12DF17AE4E1E,2018-ncaa-d1-natl,ncaa,203,207,144,210,178,195,165,154,190,108,90,170,294,258,305,272,183,193,172,187,259,153,219,240,248,169,307,301,153,103,105,141,18,115,51,144,136,31,54,73,301,289,235,189,,,51,132,,,210,258,286,203,198,161,127,82,72,298,266,173,179,178,129,228,91,114,86,136,49,306,243,,72,,,210,168,122,104,189,32,19,229,320,318,273,339,178,134,319,147,281,95,46,272,281,311,339,336,185,11,18,141,105,62,51,206,256,310,285,301,57,84,244,187,,,160,104,,,210,76,138,273,215,181,143,97,35,13,324,325,193,146,152,85,30,18,158,75,200,314,78,250,,143,,,b'\x11\xe8\xe1I\xc9q\xe9\x8e\xaf\x82\x12\xdf\x17\xaeN\x1e'
11E8E149-C971-E98E-AF82-12DF17AE4E1E,2019-ncaa-d0-natl,ncaa,200,180,249,207,253,212,154,193,125,82,83,117,319,308,314,301,256,240,258,237,313,203,263,193,206,161,340,328,258,196,170,177,108,187,134,141,132,20,64,68,304,291,226,203,,,3,11,,,240,284,246,41,160,96,97,29,34,320,298,242,216,212,120,191,151,102,115,94,64,288,216,,11,,,241,201,234,189,244,124,90,240,331,301,313,327,21,16,246,16,46,134,65,291,263,320,275,338,19,72,108,114,170,87,134,169,111,332,329,321,171,221,45,32,,,275,242,,,240,63,146,311,246,267,289,298,188,130,347,332,40,28,30,243,122,124,189,171,220,325,210,70,,243,,,b'\x11\xe8\xe1I\xc9q\xe9\x8e\xaf\x82\x12\xdf\x17\xaeN\x1e'
11E8E149-C971-E98E-AF82-12DF17AE4E1E,2019-ncaa-d1-conf-Big Sky,ncaa,7,6,7,7,8,9,7,9,6,2,3,5,11,11,10,11,7,4,9,4,8,8,9,8,8,8,11,11,7,4,2,8,5,6,4,8,6,2,2,3,10,8,7,6,,,1,1,,,7,9,10,2,8,6,7,1,1,11,11,6,3,2,6,7,2,7,4,7,2,10,7,,1,,,7,5,5,3,7,4,3,5,11,7,10,10,2,2,4,2,3,3,2,9,8,7,9,10,2,3,5,3,2,2,4,4,5,10,9,6,6,6,2,2,,,6,5,,,7,3,7,8,8,6,6,5,5,3,11,10,3,2,2,4,2,4,5,4,4,9,7,2,,4,,,b'\x11\xe8\xe1I\xc9q\xe9\x8e\xaf\x82\x12\xdf\x17\xaeN\x1e'
11E8E149-C971-E98E-AF82-12DF17AE4E1E,2019-ncaa-d1-natl,ncaa,201,180,233,202,240,209,150,186,120,78,78,124,322,312,302,304,256,246,245,243,317,203,265,188,201,149,339,327,250,219,191,158,102,185,149,125,122,18,57,63,296,290,214,202,,,2,10,,,231,262,228,37,151,93,98,29,35,316,303,234,211,207,126,196,184,81,115,91,57,289,206,,13,,,230,197,226,215,230,125,104,220,327,304,309,324,28,19,263,18,46,151,73,276,249,311,272,335,21,74,102,128,191,96,149,173,115,334,330,318,161,206,44,30,,,271,247,,,231,77,146,301,236,265,288,303,189,148,346,332,45,33,33,253,132,133,195,185,220,328,202,63,,248,,,b'\x11\xe8\xe1I\xc9q\xe9\x8e\xaf\x82\x12\xdf\x17\xaeN\x1e'
11E8E149-C971-E98E-AF82-12DF17AE4E1E,2020-ncaa-d0-natl,ncaa,163,134,260,152,285,168,172,228,108,98,110,142,284,311,168,311,49,107,26,106,163,217,277,157,109,71,270,311,36,178,125,207,82,193,87,110,77,9,26,27,237,190,101,55,,,70,149,,,128,304,245,109,97,107,138,56,42,277,301,25,72,73,103,219,142,128,111,66,25,212,77,,118,,,127,126,98,82,155,51,46,136,264,234,278,292,157,121,295,117,229,84,41,211,224,262,323,308,206,51,82,67,125,46,87,76,105,291,249,198,73,116,257,203,,,215,108,,,128,61,56,252,114,203,155,164,87,76,303,281,207,172,169,160,113,86,120,100,104,258,108,281,,139,,,b'\x11\xe8\xe1I\xc9q\xe9\x8e\xaf\x82\x12\xdf\x17\xaeN\x1e'
11E8E149-C971-E98E-AF82-12DF17AE4E1E,2020-ncaa-d1-conf-Big Sky,ncaa,5,4,8,5,10,5,5,7,3,2,2,4,10,10,7,11,3,3,2,4,8,6,8,7,5,3,11,10,2,4,2,6,4,5,3,5,4,2,2,2,7,4,3,2,,,4,8,,,3,10,8,7,3,3,5,2,1,10,10,2,3,3,4,7,4,3,4,4,2,5,2,,6,,,3,3,2,2,3,1,1,5,4,6,2,8,8,8,3,8,11,1,1,3,4,4,10,6,10,5,4,3,2,2,3,2,5,6,6,4,6,5,8,7,,,5,5,,,3,2,2,4,3,4,2,2,2,1,5,7,10,9,9,6,4,5,4,6,4,5,6,8,,5,,,b'\x11\xe8\xe1I\xc9q\xe9\x8e\xaf\x82\x12\xdf\x17\xaeN\x1e'
11E8E149-C971-E98E-AF82-12DF17AE4E1E,2020-ncaa-d1-natl,ncaa,133,134,128,139,188,97,104,154,92,59,52,145,270,311,110,313,28,69,26,71,166,132,232,134,97,53,270,305,44,165,138,135,68,144,95,61,67,16,23,21,197,178,87,58,,,96,124,,,108,248,245,131,78,93,141,52,39,270,305,26,73,73,107,225,159,122,123,53,20,196,86,,100,,,110,167,136,146,142,68,70,126,293,277,282,296,196,162,290,158,232,136,103,196,213,244,326,311,208,66,68,126,138,87,95,92,101,246,230,165,73,89,250,174,,,155,111,,,108,121,48,222,96,177,136,143,75,60,297,278,203,170,167,140,110,75,122,97,94,249,84,251,,146,,,b'\x11\xe8\xe1I\xc9q\xe9\x8e\xaf\x82\x12\xdf\x17\xaeN\x1e'
11E8E149-C971-E98E-AF82-12DF17AE4E1E,2021-ncaa-d0-natl,ncaa,151,165,157,157,168,157,171,167,200,147,150,165,199,167,272,197,73,131,12,132,116,160,162,220,158,165,171,254,36,192,212,89,77,123,92,160,161,177,163,170,236,275,31,18,,,152,122,,,190,154,124,142,138,178,172,138,154,232,189,30,92,91,141,135,205,33,52,170,180,271,24,,137,,,185,191,176,218,81,132,175,78,280,274,224,292,190,177,244,175,178,209,177,124,126,231,309,309,161,177,77,175,212,174,92,160,122,260,317,277,302,306,210,191,,,160,156,,,190,176,171,222,202,223,181,265,98,161,302,308,195,180,178,271,189,173,185,175,153,312,309,211,,138,,,b'\x11\xe8\xe1I\xc9q\xe9\x8e\xaf\x82\x12\xdf\x17\xaeN\x1e'
11E8E149-C971-E98E-AF82-12DF17AE4E1E,2021-ncaa-d1-conf-Big Sky,ncaa,6,6,8,5,8,9,8,9,8,7,7,7,9,9,11,8,3,5,2,5,2,9,8,9,9,8,7,9,2,8,6,6,4,6,5,9,6,5,7,6,10,11,1,1,,,3,5,,,7,8,7,5,6,7,7,5,5,9,8,3,3,3,6,5,4,3,3,8,7,11,1,,3,,,7,4,4,3,5,3,4,3,9,6,9,9,3,6,3,6,7,4,3,6,6,6,10,11,5,4,4,5,6,4,5,6,7,10,11,9,9,11,6,6,,,7,5,,,7,3,8,6,7,7,5,6,3,5,10,8,5,8,7,8,6,6,7,6,6,11,11,6,,4,,,b'\x11\xe8\xe1I\xc9q\xe9\x8e\xaf\x82\x12\xdf\x17\xaeN\x1e'
11E8E149-C971-E98E-AF82-12DF17AE4E1E,2021-ncaa-d1-natl,ncaa,139,165,152,157,160,150,168,153,220,142,136,189,185,158,276,191,60,115,12,114,110,148,151,235,177,179,153,247,35,161,188,73,85,95,89,153,149,206,176,176,208,247,28,15,,,153,96,,,178,147,133,147,145,188,168,161,156,229,185,32,90,91,141,129,178,32,51,172,195,245,23,,121,,,177,186,179,224,70,135,188,67,282,282,206,289,197,190,240,189,175,218,189,95,97,193,306,306,160,196,85,194,188,192,89,154,115,243,305,250,312,310,219,197,,,152,163,,,178,186,176,193,193,193,162,254,87,153,297,306,179,170,172,258,187,180,183,177,130,302,317,213,,142,,,b'\x11\xe8\xe1I\xc9q\xe9\x8e\xaf\x82\x12\xdf\x17\xaeN\x1e'
11E8E149-C971-E98E-AF82-12DF17AE4E1E,2022-ncaa-d0-natl,ncaa,107,87,163,99,173,127,145,175,83,137,157,113,169,215,84,217,103,116,116,116,111,171,208,95,75,72,173,204,108,184,165,51,36,81,34,182,237,62,82,114,331,336,43,30,,,32,35,,,77,210,252,104,105,114,195,107,149,166,213,84,104,104,175,222,183,11,29,184,69,339,28,,29,,,75,108,94,223,23,94,223,17,177,212,108,192,167,86,356,88,78,208,129,24,41,143,246,223,221,105,36,124,165,100,34,15,6,335,343,191,177,201,229,211,,,158,112,,,77,148,67,122,70,108,93,260,93,238,175,225,169,92,94,234,102,110,103,95,10,341,188,234,,142,,,b'\x11\xe8\xe1I\xc9q\xe9\x8e\xaf\x82\x12\xdf\x17\xaeN\x1e'
11E8E149-C971-E98E-AF82-12DF17AE4E1E,2022-ncaa-d1-conf-Big Sky,ncaa,5,3,10,5,10,8,8,10,3,7,7,4,8,8,4,8,6,4,7,4,5,9,9,5,5,4,9,8,4,7,5,4,1,7,2,8,9,3,4,5,10,10,2,2,,,1,2,,,3,10,8,4,5,4,6,3,5,8,8,4,4,4,6,7,6,1,2,5,5,9,2,,1,,,2,1,2,2,1,2,4,2,3,4,4,9,1,1,9,1,1,1,1,1,2,4,7,8,3,1,1,2,5,1,2,1,2,9,7,5,3,4,7,8,,,5,3,,,3,1,5,2,2,1,3,7,4,5,7,8,1,1,1,4,2,2,4,4,2,8,4,9,,4,,,b'\x11\xe8\xe1I\xc9q\xe9\x8e\xaf\x82\x12\xdf\x17\xaeN\x1e'
11E8E149-C971-E98E-AF82-12DF17AE4E1E,2022-ncaa-d1-natl,ncaa,108,87,146,102,167,129,140,186,78,128,160,105,170,213,85,217,92,110,118,111,107,173,202,92,81,75,178,208,108,196,184,38,38,67,40,188,245,73,88,126,340,340,33,26,,,37,33,,,79,206,236,112,107,117,203,104,152,171,217,85,100,101,179,220,207,8,28,189,80,342,25,,30,,,76,116,102,249,14,93,236,15,177,237,88,205,168,91,356,91,75,223,145,20,28,124,248,227,221,122,38,128,184,113,40,12,7,342,345,200,186,210,226,203,,,142,98,,,79,155,78,114,76,104,96,281,89,243,176,245,165,91,95,253,120,127,120,112,11,343,195,227,,135,,,b'\x11\xe8\xe1I\xc9q\xe9\x8e\xaf\x82\x12\xdf\x17\xaeN\x1e'
11E8E149-C971-E98E-AF82-12DF17AE4E1E,2023-ncaa-d0-natl,ncaa,223,188,290,221,293,178,198,258,120,271,304,175,71,121,25,77,207,258,27,248,135,265,309,78,67,62,36,41,195,326,312,137,37,216,150,194,193,22,82,99,346,347,183,180,,,7,15,,,182,288,190,26,83,109,137,234,257,33,70,140,197,193,151,224,310,32,115,140,69,343,153,,16,,,183,178,245,210,242,211,160,254,264,260,211,300,17,8,354,8,13,144,57,263,233,336,122,287,11,42,37,131,312,72,150,131,54,361,359,351,144,236,101,192,,,289,222,,,182,73,85,321,185,301,336,342,311,288,327,329,40,21,21,317,157,93,255,203,217,358,223,146,,228,,,b'\x11\xe8\xe1I\xc9q\xe9\x8e\xaf\x82\x12\xdf\x17\xaeN\x1e'
11E8E149-C971-E98E-AF82-12DF17AE4E1E,2023-ncaa-d1-conf-Big Sky,ncaa,5,5,6,5,6,4,4,6,2,5,7,3,5,5,2,5,4,5,1,6,5,6,6,2,2,2,3,4,4,8,8,3,4,5,5,4,6,2,4,4,9,9,2,5,,,2,2,,,5,5,6,2,2,2,4,4,6,3,4,4,4,4,4,4,8,1,4,3,2,9,1,,3,,,5,8,10,9,6,9,5,10,7,9,1,8,3,3,8,3,2,9,4,6,4,10,2,7,2,5,4,5,8,5,5,8,5,10,10,10,6,5,6,8,,,7,5,,,5,6,2,9,5,10,10,10,10,9,8,9,3,3,3,10,7,6,6,5,8,9,8,6,,4,,,b'\x11\xe8\xe1I\xc9q\xe9\x8e\xaf\x82\x12\xdf\x17\xaeN\x1e'
11E8E149-C971-E98E-AF82-12DF17AE4E1E,2023-ncaa-d1-natl,ncaa,202,186,219,206,224,136,160,184,116,229,278,135,64,88,47,71,188,238,27,238,151,205,271,81,73,59,55,55,218,300,296,101,36,166,145,175,202,24,60,83,344,344,148,154,,,11,12,,,172,244,196,27,79,100,115,209,257,42,65,158,216,213,143,222,294,34,106,139,48,340,132,,13,,,172,224,290,264,231,256,216,236,275,285,215,286,29,11,351,11,12,213,88,246,211,328,114,279,11,62,36,191,296,121,145,150,49,359,359,344,151,213,113,179,,,270,244,,,172,113,75,312,173,292,329,341,303,290,310,317,40,22,22,299,154,89,256,204,194,357,191,141,,241,,,b'\x11\xe8\xe1I\xc9q\xe9\x8e\xaf\x82\x12\xdf\x17\xaeN\x1e'
11E8E149-C971-E98E-AF82-12DF17AE4E1E,2024-ncaa-d0-natl,ncaa,65,57,94,65,126,78,101,121,83,285,327,123,2,8,4,4,226,279,23,276,130,148,178,22,24,22,1,1,333,204,215,82,18,115,70,106,155,50,58,61,268,268,117,155,,,45,51,,,72,177,278,263,63,99,163,336,350,2,9,266,308,305,220,292,240,71,131,116,33,303,136,,30,,,68,212,248,242,196,239,261,131,244,180,301,161,81,50,347,53,31,218,143,194,185,286,139,237,53,43,18,201,215,118,70,134,53,336,339,298,154,167,253,344,,,301,336,,,72,185,24,239,65,160,201,202,184,233,210,150,69,29,35,146,36,22,148,67,103,350,120,238,,340,,,b'\x11\xe8\xe1I\xc9q\xe9\x8e\xaf\x82\x12\xdf\x17\xaeN\x1e'
11E8E149-C971-E98E-AF82-12DF17AE4E1E,2024-ncaa-d1-conf-Big Sky,ncaa,3,3,3,3,5,2,3,3,2,9,9,3,1,1,1,1,7,8,3,8,3,3,4,1,1,1,1,1,10,6,6,2,1,3,1,2,3,2,3,2,10,10,2,3,,,4,3,,,2,4,3,6,2,2,3,9,10,1,1,7,8,8,3,4,6,1,2,2,2,10,2,,3,,,2,6,6,9,6,8,8,5,4,5,5,3,3,3,6,4,2,8,5,4,3,7,4,6,1,1,1,5,6,3,1,3,2,10,10,8,3,3,5,9,,,9,9,,,2,8,1,7,2,6,6,9,8,9,4,3,3,4,4,7,2,1,4,2,3,10,3,5,,9,,,b'\x11\xe8\xe1I\xc9q\xe9\x8e\xaf\x82\x12\xdf\x17\xaeN\x1e'
11E8E149-C971-E98E-AF82-12DF17AE4E1E,2024-ncaa-d1-natl,ncaa,57,57,78,63,116,67,90,118,77,286,329,111,2,9,4,5,234,284,28,284,150,135,178,20,22,22,1,1,339,187,207,71,14,106,65,101,162,43,47,50,268,267,107,145,,,46,53,,,65,175,280,264,60,92,149,333,351,2,9,270,310,309,205,285,224,72,123,113,25,298,128,,31,,,66,236,261,258,207,238,264,140,271,210,306,176,91,45,352,47,31,227,143,210,199,304,160,250,52,35,14,207,207,118,65,141,56,343,346,300,148,160,244,332,,,310,342,,,65,187,20,249,61,173,210,207,192,220,237,167,73,28,32,145,34,22,141,66,112,352,114,221,,344,,,b'\x11\xe8\xe1I\xc9q\xe9\x8e\xaf\x82\x12\xdf\x17\xaeN\x1e'
11E8E149-C971-E98E-AF82-12DF17AE4E1E,2025-ncaa-d0-natl,genius_ncaa,220,227,194,232,234,182,186,194,166,295,327,146,35,40,74,15,322,342,24,341,286,234,278,103,109,104,25,7,335,321,333,179,109,256,261,139,73,53,112,84,312,305,188,186,,,68,111,,28,227,247,254,269,160,168,178,305,331,21,21,325,347,346,255,303,321,139,269,108,71,314,183,,88,,33,226,224,235,192,267,191,176,211,288,214,345,224,159,102,350,104,124,176,98,287,296,347,244,283,113,90,109,229,333,181,261,214,168,352,352,343,120,186,44,162,,,311,280,,265,227,115,123,332,234,279,280,237,226,203,306,239,177,126,129,213,81,107,277,217,244,354,148,61,,314,,263,b'\x11\xe8\xe1I\xc9q\xe9\x8e\xaf\x82\x12\xdf\x17\xaeN\x1e'
11E8E149-C971-E98E-AF82-12DF17AE4E1E,2025-ncaa-d1-conf-Big Sky,genius_ncaa,3,5,1,5,1,3,3,2,4,9,10,3,1,1,4,1,9,10,3,10,7,3,4,2,3,3,1,1,10,9,9,3,3,4,7,2,2,2,2,2,9,9,5,6,,,2,3,,2,6,3,7,8,3,4,4,10,10,1,2,10,10,10,6,9,9,6,7,2,1,10,5,,1,,2,5,10,10,9,8,9,9,7,9,9,10,6,5,5,8,5,3,9,7,9,9,10,6,8,3,4,3,10,9,9,7,8,3,10,10,9,1,2,3,5,,,8,10,,5,6,7,3,9,7,8,8,4,6,6,8,6,5,3,2,4,1,1,8,4,6,10,1,2,,9,,6,b'\x11\xe8\xe1I\xc9q\xe9\x8e\xaf\x82\x12\xdf\x17\xaeN\x1e'
11E8E149-C971-E98E-AF82-12DF17AE4E1E,2025-ncaa-d1-natl,genius_ncaa,193,226,113,219,154,133,133,155,146,266,308,132,25,25,63,16,306,336,23,336,282,194,234,82,94,91,24,7,340,302,328,111,69,199,223,98,64,71,107,72,316,329,161,180,,,93,106,,41,225,184,252,269,146,141,171,299,332,16,21,323,346,345,250,302,313,104,235,88,68,333,176,,80,,41,222,287,286,254,257,240,239,184,308,251,346,222,166,117,344,116,101,239,155,280,284,347,243,292,92,97,69,270,328,207,223,240,156,345,354,343,150,179,86,203,,,274,279,,256,225,173,110,330,223,275,278,250,218,217,311,239,158,109,110,223,76,85,264,192,239,359,147,79,,314,,265,b'\x11\xe8\xe1I\xc9q\xe9\x8e\xaf\x82\x12\xdf\x17\xaeN\x1e'
11E8E149-C971-E98E-AF82-12DF17AE4E1E,2026-ncaa-d0-natl,genius_ncaa,295,250,279,302,291,290,292,290,278,358,357,288,38,46,81,1,358,360,169,360,307,310,327,143,186,134,1,1,359,362,363,291,244,338,356,262,135,9,51,75,320,308,183,143,,,28,49,,3,303,305,182,97,222,235,148,362,362,2,1,359,361,361,251,343,363,213,358,185,21,304,111,,68,,3,313,164,229,117,338,219,95,350,232,189,260,287,16,27,22,30,58,92,64,344,321,352,71,254,9,100,244,237,363,203,356,196,124,352,354,355,41,152,59,302,,,360,362,,324,303,60,212,350,312,339,356,343,346,281,334,333,46,83,80,320,211,238,363,353,324,356,100,128,,363,,301,b'\x11\xe8\xe1I\xc9q\xe9\x8e\xaf\x82\x12\xdf\x17\xaeN\x1e'
11E8E149-C971-E98E-AF82-12DF17AE4E1E,2026-ncaa-d1-natl,genius_ncaa,301,249,271,304,286,295,303,297,288,359,359,244,43,31,117,2,342,355,71,358,185,315,344,177,190,141,2,2,323,363,363,275,188,344,356,297,199,9,60,116,331,308,209,190,,,25,66,,1,301,310,167,100,225,251,173,359,359,4,3,324,341,348,244,341,363,143,345,241,24,299,154,,83,,1,307,185,234,141,331,244,111,354,218,219,189,286,30,36,60,37,65,111,57,332,302,346,63,224,14,91,188,278,363,218,356,180,88,359,356,350,53,172,65,289,,,362,359,,337,301,52,229,342,304,331,349,345,348,271,317,330,69,85,88,320,204,207,362,348,293,353,119,126,,362,,319,b'\x11\xe8\xe1I\xc9q\xe9\x8e\xaf\x82\x12\xdf\x17\xaeN\x1e'
11E8E149-C976-4A92-AF82-12DF17AE4E1E,2010-ncaa-d0-natl,ncaa,125,114,122,125,152,64,50,70,45,52,104,31,86,79,133,110,207,223,122,222,297,85,93,47,59,68,237,136,319,186,242,43,38,77,103,133,299,173,113,142,260,302,21,40,,,203,131,,,122,74,26,218,37,23,30,35,104,80,74,230,246,246,55,59,198,15,52,130,174,271,20,,197,,,123,307,291,278,201,288,304,130,185,134,306,54,291,297,139,295,195,291,259,182,196,267,159,123,226,148,38,251,242,215,103,221,99,228,300,260,216,157,111,85,,,214,310,,,122,272,86,234,129,304,300,308,291,328,192,113,287,287,282,318,293,139,253,220,215,249,202,106,,242,,,b'\x11\xe8\xe1I\xc9vJ\x92\xaf\x82\x12\xdf\x17\xaeN\x1e'
11E8E149-C976-4A92-AF82-12DF17AE4E1E,2010-ncaa-d1-conf-Big Sky,ncaa,3,6,1,6,1,1,1,2,1,1,1,1,3,3,6,3,3,4,7,4,5,2,1,1,1,1,7,5,7,3,2,1,1,1,1,3,8,9,5,7,7,9,1,2,,,9,5,,,1,1,2,6,2,2,2,1,4,3,3,5,4,4,2,2,3,1,2,5,8,9,1,,5,,,1,8,8,9,2,8,9,1,6,6,5,3,9,9,3,9,4,9,9,1,1,4,4,3,7,9,1,8,2,8,1,7,3,6,9,8,7,4,4,3,,,1,6,,,1,9,3,4,2,6,6,8,8,8,4,4,7,9,9,8,8,5,6,5,4,9,6,3,,5,,,b'\x11\xe8\xe1I\xc9vJ\x92\xaf\x82\x12\xdf\x17\xaeN\x1e'
11E8E149-C976-4A92-AF82-12DF17AE4E1E,2010-ncaa-d1-natl,ncaa,114,114,91,120,115,49,34,45,36,39,85,26,74,69,130,114,194,222,115,222,302,65,72,45,57,56,239,141,322,180,248,34,33,60,104,100,290,178,97,119,246,295,18,32,,,224,136,,,109,48,29,228,31,16,29,28,98,82,75,234,256,253,55,64,207,16,55,108,153,265,17,,201,,,110,319,305,290,198,303,317,130,195,135,302,49,302,310,147,307,203,308,284,184,198,272,159,113,242,158,33,276,248,235,104,249,117,218,301,269,211,137,112,68,,,196,313,,,109,296,76,230,113,303,292,302,290,327,183,102,295,302,299,319,288,131,252,211,222,254,178,98,,256,,,b'\x11\xe8\xe1I\xc9vJ\x92\xaf\x82\x12\xdf\x17\xaeN\x1e'
11E8E149-C976-4A92-AF82-12DF17AE4E1E,2011-ncaa-d0-natl,ncaa,137,134,119,140,141,82,78,88,92,114,166,89,43,47,53,68,160,184,116,187,203,101,110,61,70,66,98,67,273,166,203,63,90,87,112,61,89,134,102,59,133,155,152,177,,,67,30,,,94,104,81,176,56,56,66,131,188,31,44,168,202,209,86,108,184,33,64,41,133,129,155,,51,,,93,234,251,286,117,221,265,122,248,277,159,238,112,96,238,103,68,272,249,135,118,171,167,232,78,199,90,231,203,224,112,244,198,212,266,257,272,243,198,185,,,186,250,,,94,244,71,164,98,207,242,302,208,268,260,272,106,94,98,275,252,189,221,212,231,242,262,194,,199,,,b'\x11\xe8\xe1I\xc9vJ\x92\xaf\x82\x12\xdf\x17\xaeN\x1e'
11E8E149-C976-4A92-AF82-12DF17AE4E1E,2011-ncaa-d1-conf-Big Sky,ncaa,4,3,4,4,6,2,1,5,2,5,5,2,1,2,4,3,6,5,7,5,4,4,5,2,3,2,3,2,8,3,4,2,2,2,2,1,4,2,2,1,7,5,5,5,,,1,2,,,2,5,2,5,1,1,3,2,5,1,2,6,7,7,3,3,3,1,1,1,3,6,3,,2,,,2,4,5,6,3,6,7,2,6,8,5,8,3,2,9,3,2,5,5,3,4,4,4,7,3,4,2,4,4,3,2,4,5,8,7,7,6,6,4,6,,,5,6,,,2,5,1,3,2,4,6,8,5,6,7,7,3,2,3,7,7,3,4,4,4,8,7,6,,6,,,b'\x11\xe8\xe1I\xc9vJ\x92\xaf\x82\x12\xdf\x17\xaeN\x1e'
11E8E149-C976-4A92-AF82-12DF17AE4E1E,2011-ncaa-d1-natl,ncaa,145,133,132,142,162,92,89,106,94,134,182,90,47,52,55,69,171,199,117,201,202,115,130,62,77,67,94,67,271,182,212,74,94,103,116,64,92,115,103,61,143,162,160,180,,,52,30,,,104,120,81,167,58,58,70,138,190,32,43,170,205,211,90,112,186,34,67,42,133,138,157,,49,,,104,219,235,277,122,207,250,125,241,269,161,238,103,82,237,89,66,258,230,137,125,182,166,231,77,186,94,214,212,209,116,233,198,236,273,264,262,248,187,189,,,203,248,,,104,229,75,174,107,214,244,305,212,270,261,272,109,94,96,279,254,188,223,214,235,244,263,194,,200,,,b'\x11\xe8\xe1I\xc9vJ\x92\xaf\x82\x12\xdf\x17\xaeN\x1e'
11E8E149-C976-4A92-AF82-12DF17AE4E1E,2012-ncaa-d0-natl,ncaa,139,73,292,99,301,177,146,185,113,162,238,58,122,100,220,77,270,291,103,291,255,203,240,110,119,102,167,105,287,268,283,106,71,179,164,118,104,47,90,62,211,185,240,237,,,67,80,,,131,219,37,163,77,60,43,90,165,83,44,227,250,249,68,95,224,7,60,44,123,149,222,,152,,,124,93,86,151,75,95,106,135,135,233,30,258,151,163,109,160,204,151,124,77,79,127,192,179,211,114,71,185,283,158,164,119,198,260,252,216,201,238,47,84,,,325,327,,,131,131,127,129,124,226,210,304,205,251,203,298,231,249,250,308,292,207,314,287,223,203,259,92,,305,,,b'\x11\xe8\xe1I\xc9vJ\x92\xaf\x82\x12\xdf\x17\xaeN\x1e'
11E8E149-C976-4A92-AF82-12DF17AE4E1E,2012-ncaa-d1-conf-Big Sky,ncaa,3,3,1,3,2,2,2,2,5,3,3,4,3,2,8,2,3,3,5,3,3,2,2,5,5,2,4,4,4,6,8,1,3,1,4,3,6,3,2,4,5,6,6,6,,,8,3,,,4,2,2,4,2,5,3,5,6,3,2,4,3,3,2,4,8,1,1,3,2,5,7,,8,,,4,8,7,8,4,7,8,4,5,8,2,6,8,8,2,8,8,8,8,3,3,5,5,4,8,8,3,8,8,8,4,4,3,6,7,5,5,2,2,1,,,5,6,,,4,8,3,4,4,5,4,7,4,7,4,8,7,8,8,8,7,6,8,8,4,6,4,2,,6,,,b'\x11\xe8\xe1I\xc9vJ\x92\xaf\x82\x12\xdf\x17\xaeN\x1e'
11E8E149-C976-4A92-AF82-12DF17AE4E1E,2012-ncaa-d1-natl,ncaa,112,72,196,86,238,118,99,110,91,113,190,47,92,68,214,77,237,267,75,267,268,133,171,81,94,74,172,104,290,236,274,52,78,120,156,70,97,64,67,36,166,171,199,212,,,95,72,,,95,144,42,180,55,41,32,71,156,77,39,218,254,252,61,94,215,9,64,35,98,144,188,,135,,,87,154,134,219,65,129,177,100,178,264,54,247,179,185,136,182,192,212,194,76,76,112,219,199,211,160,78,264,274,225,156,156,186,213,230,189,218,215,74,79,,,308,330,,,95,198,100,115,89,207,199,297,175,250,207,290,214,232,233,292,286,211,308,286,208,178,241,93,,308,,,b'\x11\xe8\xe1I\xc9vJ\x92\xaf\x82\x12\xdf\x17\xaeN\x1e'
11E8E149-C976-4A92-AF82-12DF17AE4E1E,2013-ncaa-d0-natl,ncaa,149,86,302,122,326,233,205,219,189,135,144,151,317,276,338,269,179,202,137,202,228,215,249,252,238,208,313,317,121,111,70,234,99,185,89,201,164,65,131,138,77,25,124,86,,,101,206,,,135,278,104,342,144,118,72,53,40,306,250,103,117,119,67,74,44,109,56,131,170,30,95,,216,,,132,39,35,34,136,54,60,121,68,53,157,104,195,197,174,186,255,38,56,118,152,113,210,117,288,42,99,71,70,45,89,69,186,189,99,98,133,181,323,312,,,246,216,,,135,72,166,103,130,156,113,114,140,172,113,109,270,270,266,159,199,116,200,165,144,105,206,342,,156,,,b'\x11\xe8\xe1I\xc9vJ\x92\xaf\x82\x12\xdf\x17\xaeN\x1e'
11E8E149-C976-4A92-AF82-12DF17AE4E1E,2013-ncaa-d1-conf-Big Sky,ncaa,6,6,5,6,7,7,6,3,8,3,2,6,10,8,11,10,7,9,4,9,11,4,5,10,10,9,11,10,9,3,3,7,5,5,6,6,8,6,4,7,3,1,6,6,,,7,7,,,6,6,6,11,7,5,2,2,1,9,9,8,10,10,3,5,2,8,4,7,7,2,6,,8,,,6,5,5,2,7,5,4,5,5,4,6,4,6,7,2,7,7,2,5,6,7,5,6,6,5,3,5,8,3,5,6,4,4,6,3,4,6,6,9,9,,,7,8,,,6,6,9,4,6,4,4,4,5,3,6,2,7,8,7,4,4,2,7,5,4,4,7,9,,8,,,b'\x11\xe8\xe1I\xc9vJ\x92\xaf\x82\x12\xdf\x17\xaeN\x1e'
11E8E149-C976-4A92-AF82-12DF17AE4E1E,2013-ncaa-d1-natl,ncaa,135,104,210,126,290,189,151,146,171,83,86,138,312,263,340,270,158,178,116,178,258,154,173,240,227,199,323,322,135,86,71,164,85,119,70,158,168,125,136,140,50,25,109,86,,,148,190,,,128,199,108,342,144,111,77,43,36,311,254,118,146,145,80,88,52,98,51,128,172,34,92,,192,,,126,87,67,78,125,90,114,121,99,102,145,123,227,233,146,224,245,100,125,117,131,107,207,130,268,71,85,117,71,84,70,96,177,144,102,101,182,185,321,287,,,224,242,,,128,151,160,91,125,147,112,124,131,162,123,130,259,260,254,160,191,111,186,142,136,111,207,329,,194,,,b'\x11\xe8\xe1I\xc9vJ\x92\xaf\x82\x12\xdf\x17\xaeN\x1e'
11E8E149-C976-4A92-AF82-12DF17AE4E1E,2014-ncaa-d0-natl,ncaa,197,150,297,192,302,160,147,163,138,126,130,189,205,235,107,231,173,223,34,217,276,176,211,165,147,111,231,212,190,203,184,264,297,251,254,76,40,57,73,34,173,172,38,21,,,201,236,,,170,203,31,84,49,36,27,42,26,163,182,90,159,154,29,35,138,162,141,12,135,128,17,,313,,,171,178,104,108,159,118,84,248,123,203,31,217,330,309,325,310,330,150,153,156,242,230,278,114,330,250,297,144,184,199,254,115,166,176,178,144,129,163,78,52,,,233,216,,,170,132,117,265,187,306,245,273,235,205,189,288,344,335,334,321,328,321,281,310,216,105,221,115,,118,,,b'\x11\xe8\xe1I\xc9vJ\x92\xaf\x82\x12\xdf\x17\xaeN\x1e'
11E8E149-C976-4A92-AF82-12DF17AE4E1E,2014-ncaa-d1-conf-Big Sky,ncaa,6,6,5,6,5,4,3,3,8,4,1,10,5,5,3,7,6,8,2,8,11,4,5,8,7,6,7,5,9,6,7,4,10,5,9,1,3,4,3,3,8,9,3,2,,,10,7,,,6,3,3,5,4,2,2,2,2,5,5,6,6,6,2,3,4,4,3,1,5,7,2,,9,,,6,9,8,9,5,8,9,6,5,10,2,6,11,11,8,11,9,11,11,4,5,6,7,2,11,11,10,9,7,10,9,2,2,6,8,3,5,5,4,1,,,6,9,,,6,9,6,7,6,8,7,11,8,9,6,10,11,11,11,11,11,11,9,10,5,5,6,3,,6,,,b'\x11\xe8\xe1I\xc9vJ\x92\xaf\x82\x12\xdf\x17\xaeN\x1e'
11E8E149-C976-4A92-AF82-12DF17AE4E1E,2014-ncaa-d1-natl,ncaa,173,150,211,166,232,139,124,117,155,98,82,207,198,221,119,243,150,204,29,199,285,131,152,185,164,126,243,229,178,186,206,213,281,199,254,59,53,88,80,39,155,174,28,15,,,222,209,,,170,141,45,90,62,51,35,53,28,183,200,103,179,174,43,62,154,152,150,20,124,134,16,,291,,,170,225,135,164,139,138,110,212,171,243,46,234,331,318,313,314,328,206,214,143,213,202,296,146,325,274,281,221,206,248,254,137,169,135,156,117,176,166,80,43,,,177,205,,,170,197,136,233,179,290,206,253,202,166,204,286,339,327,328,306,311,310,281,305,187,93,217,103,,127,,,b'\x11\xe8\xe1I\xc9vJ\x92\xaf\x82\x12\xdf\x17\xaeN\x1e'
11E8E149-C976-4A92-AF82-12DF17AE4E1E,2015-ncaa-d0-natl,ncaa,208,161,283,205,312,210,166,246,69,126,183,61,242,258,204,234,264,258,228,261,266,253,257,102,124,137,295,252,275,283,249,147,146,214,171,151,154,129,202,142,303,311,204,206,,,78,102,,,190,240,47,196,112,60,123,47,89,220,222,218,206,208,137,119,248,27,103,84,217,281,183,,160,,,194,125,127,175,111,90,142,99,256,228,249,250,105,119,106,133,139,157,114,144,125,184,263,289,117,174,146,100,249,114,171,40,32,282,283,173,198,252,112,126,,,234,174,,,190,109,166,203,193,266,262,330,197,268,304,305,175,186,193,326,304,275,218,246,97,242,259,170,,127,,,b'\x11\xe8\xe1I\xc9vJ\x92\xaf\x82\x12\xdf\x17\xaeN\x1e'
11E8E149-C976-4A92-AF82-12DF17AE4E1E,2015-ncaa-d1-conf-Big Sky,ncaa,5,5,5,5,8,6,5,6,4,4,6,4,8,7,9,7,7,7,4,7,9,6,6,6,6,7,10,8,6,8,9,3,4,4,4,6,8,7,7,6,10,10,6,6,,,6,7,,,7,5,4,7,6,4,4,2,5,8,6,5,6,6,4,5,8,3,4,7,8,9,6,,7,,,7,5,5,9,3,5,6,3,10,11,6,11,4,4,10,6,6,9,7,3,3,8,10,10,4,5,4,7,9,6,4,2,2,9,9,6,7,8,3,4,,,4,4,,,7,7,7,8,7,7,5,10,6,5,10,11,6,4,6,9,7,7,7,8,2,9,8,4,,3,,,b'\x11\xe8\xe1I\xc9vJ\x92\xaf\x82\x12\xdf\x17\xaeN\x1e'
11E8E149-C976-4A92-AF82-12DF17AE4E1E,2015-ncaa-d1-natl,ncaa,180,160,209,181,269,157,110,167,70,72,130,57,229,221,236,226,235,234,205,236,276,187,186,110,128,134,302,251,277,241,233,76,127,137,152,115,152,152,175,117,288,313,198,212,,,109,96,,,190,164,46,236,101,47,94,39,78,222,206,220,210,214,111,110,227,25,81,77,199,283,188,,153,,,190,208,200,257,116,145,198,108,282,278,222,258,146,151,121,156,142,248,197,146,120,193,258,286,119,210,127,159,233,189,152,57,21,253,286,162,217,234,124,108,,,193,191,,,190,185,153,214,188,269,267,329,202,268,302,307,179,187,190,327,301,268,222,246,88,247,248,154,,145,,,b'\x11\xe8\xe1I\xc9vJ\x92\xaf\x82\x12\xdf\x17\xaeN\x1e'
11E8E149-C976-4A92-AF82-12DF17AE4E1E,2016-ncaa-d0-natl,ncaa,100,58,240,82,245,87,83,159,30,66,110,55,165,239,25,263,92,117,53,120,161,151,179,36,32,29,225,229,160,255,245,111,118,169,138,30,27,74,81,25,99,87,109,76,,,252,262,,,72,143,33,51,20,24,61,25,52,149,222,39,53,54,50,67,230,35,99,10,127,57,92,,306,,,64,166,91,153,81,26,80,35,315,279,323,296,261,243,243,246,299,176,200,138,168,153,346,336,275,169,118,128,245,133,138,154,243,125,127,124,167,179,10,8,,,124,81,,,72,205,44,144,68,247,165,254,49,130,335,316,295,289,291,283,316,222,207,214,203,64,217,13,,43,,,b'\x11\xe8\xe1I\xc9vJ\x92\xaf\x82\x12\xdf\x17\xaeN\x1e'
11E8E149-C976-4A92-AF82-12DF17AE4E1E,2016-ncaa-d1-conf-Big Sky,ncaa,2,1,8,2,9,5,5,9,1,3,7,2,6,10,2,10,2,3,4,2,3,8,8,2,1,1,6,8,3,10,9,6,6,10,7,3,2,3,4,3,3,3,6,6,,,8,8,,,2,7,3,3,2,2,7,1,3,6,10,1,2,1,5,5,10,3,10,1,5,3,6,,9,,,2,3,4,2,4,1,3,3,8,9,8,9,7,10,2,10,10,3,6,5,5,3,12,11,10,6,6,4,9,5,7,6,7,4,4,4,7,7,2,2,,,2,1,,,2,5,3,3,2,6,5,6,2,4,9,9,9,10,10,7,10,8,6,7,7,3,8,2,,1,,,b'\x11\xe8\xe1I\xc9vJ\x92\xaf\x82\x12\xdf\x17\xaeN\x1e'
11E8E149-C976-4A92-AF82-12DF17AE4E1E,2016-ncaa-d1-natl,ncaa,85,58,142,74,152,63,56,98,33,44,66,63,140,221,25,261,67,95,55,95,175,99,127,39,37,30,221,223,164,213,220,72,129,120,135,18,28,99,70,25,66,83,74,54,,,288,248,,,54,93,43,58,24,24,59,28,54,146,216,43,68,67,49,73,215,39,94,10,115,55,67,,293,,,46,200,117,218,53,27,104,20,331,305,316,306,269,247,236,248,286,220,255,120,137,108,347,337,260,229,129,198,220,215,135,172,249,77,110,106,202,176,14,8,,,83,84,,,54,255,45,124,54,216,129,241,28,106,332,316,267,256,258,250,308,241,195,218,186,52,207,14,,45,,,b'\x11\xe8\xe1I\xc9vJ\x92\xaf\x82\x12\xdf\x17\xaeN\x1e'
11E8E149-C976-4A92-AF82-12DF17AE4E1E,2017-ncaa-d0-natl,ncaa,41,17,168,26,177,90,103,86,156,159,175,133,54,45,132,73,102,119,104,121,96,88,101,116,108,95,58,75,167,119,160,38,41,50,73,75,75,161,102,88,217,246,187,196,,,270,246,,,90,103,27,56,44,67,26,150,171,40,34,73,98,99,26,30,84,5,8,43,182,213,184,,291,,,82,182,158,265,38,149,187,121,200,308,6,297,224,210,230,215,202,265,238,45,52,102,234,197,221,152,41,271,160,234,73,52,26,203,247,109,224,181,198,204,,,114,158,,,90,251,97,87,86,217,183,315,174,205,214,318,236,226,228,316,314,172,293,250,64,199,248,212,,66,,,b'\x11\xe8\xe1I\xc9vJ\x92\xaf\x82\x12\xdf\x17\xaeN\x1e'
11E8E149-C976-4A92-AF82-12DF17AE4E1E,2017-ncaa-d1-conf-Big Sky,ncaa,1,1,2,1,2,1,1,2,6,4,3,7,3,4,4,5,2,2,7,2,3,2,1,4,5,3,4,5,5,2,5,1,3,1,2,2,2,9,5,4,7,8,4,6,,,11,7,,,2,1,3,2,2,3,3,8,7,5,4,2,2,2,3,3,3,1,1,2,7,8,4,,8,,,2,6,7,11,2,8,10,6,9,11,2,9,6,8,3,8,4,12,12,3,2,2,6,8,7,10,3,10,5,10,2,3,1,6,7,3,10,7,6,5,,,2,6,,,2,12,3,2,2,4,4,11,7,7,6,10,3,4,4,11,9,7,9,10,3,6,9,6,,2,,,b'\x11\xe8\xe1I\xc9vJ\x92\xaf\x82\x12\xdf\x17\xaeN\x1e'
11E8E149-C976-4A92-AF82-12DF17AE4E1E,2017-ncaa-d1-natl,ncaa,30,17,98,26,105,65,80,58,139,132,156,133,43,36,109,79,85,107,116,109,102,55,58,109,99,95,62,71,188,95,164,18,37,29,68,52,73,191,106,83,200,235,170,183,,,292,230,,,70,59,43,64,48,66,34,151,177,42,42,90,110,109,34,41,92,5,9,41,176,215,178,,277,,,67,207,182,298,30,155,216,100,235,322,9,302,230,223,207,224,189,300,284,44,46,92,249,233,206,175,37,298,164,275,68,59,26,182,242,106,250,177,215,189,,,82,165,,,70,295,89,70,71,189,156,305,130,178,229,317,206,199,208,307,300,149,274,231,58,209,238,197,,83,,,b'\x11\xe8\xe1I\xc9vJ\x92\xaf\x82\x12\xdf\x17\xaeN\x1e'
11E8E149-C976-4A92-AF82-12DF17AE4E1E,2017-ncaa-d1-ncaatournament,ncaa,33,2,33,33,33,42,44,39,51,48,57,34,39,23,54,3,37,44,5,40,17,37,39,49,49,49,14,24,19,52,58,33,28,37,46,52,49,18,30,50,54,52,35,36,,,31,50,,,53,34,2,6,37,41,10,47,55,20,3,23,34,27,9,9,45,5,12,48,34,48,28,,60,,,56,27,20,30,19,19,20,43,15,35,11,49,38,35,46,33,55,31,29,21,28,47,41,24,53,21,28,30,58,27,46,1,1,62,63,41,23,44,13,43,,,43,44,,,53,30,54,48,54,59,52,62,50,43,34,62,59,60,61,63,61,46,60,59,1,62,48,32,,29,,,b'\x11\xe8\xe1I\xc9vJ\x92\xaf\x82\x12\xdf\x17\xaeN\x1e'
11E8E149-C976-4A92-AF82-12DF17AE4E1E,2018-ncaa-d0-natl,ncaa,185,162,242,188,267,182,174,215,111,319,337,108,16,24,44,5,346,348,221,345,273,259,301,44,67,73,7,3,348,291,279,179,61,245,179,114,60,39,105,59,328,323,195,163,,,96,198,,,188,293,258,185,117,124,141,317,339,6,9,346,345,344,226,287,283,118,191,70,72,326,180,,154,,,188,154,164,119,245,158,81,306,169,211,102,280,167,139,283,151,216,107,47,250,255,317,180,190,182,35,61,152,279,90,179,74,45,331,321,275,117,206,123,298,,,328,308,,,188,66,78,293,176,234,228,195,225,120,214,266,211,188,196,187,84,70,221,161,112,329,163,161,,331,,,b'\x11\xe8\xe1I\xc9vJ\x92\xaf\x82\x12\xdf\x17\xaeN\x1e'
11E8E149-C976-4A92-AF82-12DF17AE4E1E,2018-ncaa-d1-conf-Big Sky,ncaa,7,7,5,7,6,6,6,5,6,11,12,4,2,2,2,1,12,12,9,12,11,8,9,3,5,4,2,1,12,8,9,7,6,7,7,3,2,3,5,2,10,11,6,7,,,8,7,,,7,8,10,9,6,6,7,12,12,2,1,12,12,12,8,10,9,6,7,2,4,11,8,,6,,,7,8,8,8,7,8,7,10,4,7,2,7,6,5,9,5,7,7,5,4,5,7,3,3,7,5,6,8,9,7,7,5,4,10,10,7,7,7,8,11,,,11,11,,,7,5,4,9,6,7,7,7,9,7,4,7,6,6,6,8,5,6,8,8,4,10,7,7,,11,,,b'\x11\xe8\xe1I\xc9vJ\x92\xaf\x82\x12\xdf\x17\xaeN\x1e'
11E8E149-C976-4A92-AF82-12DF17AE4E1E,2018-ncaa-d1-natl,ncaa,169,162,144,175,178,139,142,177,119,310,337,109,13,13,46,5,342,345,207,343,265,236,272,46,67,73,7,3,348,276,277,122,51,194,158,88,51,59,111,58,324,318,156,136,,,117,177,,,172,252,267,203,127,133,159,322,340,8,10,344,344,343,243,293,283,99,178,71,72,326,152,,131,,,172,187,189,187,198,191,122,273,190,254,74,274,174,159,256,168,195,175,82,198,207,289,173,190,168,61,51,193,277,127,158,77,45,330,323,263,155,208,129,285,,,317,306,,,172,114,86,264,159,198,206,197,209,128,198,265,190,163,176,185,79,72,205,148,100,332,165,137,,332,,,b'\x11\xe8\xe1I\xc9vJ\x92\xaf\x82\x12\xdf\x17\xaeN\x1e'
11E8E149-C976-4A92-AF82-12DF17AE4E1E,2019-ncaa-d0-natl,ncaa,163,152,173,165,208,176,203,207,193,253,300,96,95,57,241,35,157,213,52,212,80,206,242,148,131,113,50,74,148,212,204,163,109,182,155,150,90,67,115,101,196,174,276,263,,,43,57,,,200,246,247,181,144,189,189,267,304,77,46,137,194,196,196,244,210,134,168,126,103,193,278,,48,,,201,200,240,200,241,142,94,267,328,313,286,330,11,9,142,10,39,147,102,288,246,286,249,336,7,92,109,136,204,111,155,268,247,287,273,314,122,165,136,231,,,179,113,,,200,110,122,272,200,221,272,254,168,81,336,331,15,20,20,160,101,114,166,142,283,279,144,148,,147,,,b'\x11\xe8\xe1I\xc9vJ\x92\xaf\x82\x12\xdf\x17\xaeN\x1e'
11E8E149-C976-4A92-AF82-12DF17AE4E1E,2019-ncaa-d1-conf-Big Sky,ncaa,6,5,7,5,10,7,11,10,8,11,11,6,5,5,8,5,4,6,2,5,1,10,10,7,6,5,3,5,1,10,8,6,6,8,7,7,3,3,6,6,6,3,8,7,,,2,3,,,5,10,9,6,6,9,8,10,10,5,5,2,4,4,8,9,8,4,7,5,5,4,8,,2,,,5,2,4,4,4,3,2,7,9,10,7,11,1,1,3,1,1,2,3,6,5,5,7,11,1,5,6,4,8,3,7,5,9,8,6,8,4,5,5,7,,,4,1,,,5,2,5,4,5,4,4,6,3,2,9,11,1,1,1,3,3,6,6,6,8,8,5,5,,3,,,b'\x11\xe8\xe1I\xc9vJ\x92\xaf\x82\x12\xdf\x17\xaeN\x1e'
11E8E149-C976-4A92-AF82-12DF17AE4E1E,2019-ncaa-d1-natl,ncaa,164,152,155,167,193,186,205,205,195,264,302,88,96,66,252,36,170,223,49,224,82,217,246,148,132,121,58,76,151,228,218,171,105,195,166,153,91,73,119,104,213,183,276,268,,,35,51,,,209,244,259,180,162,204,205,273,306,83,49,146,206,212,213,260,223,158,189,132,102,202,279,,41,,,208,198,246,203,264,141,88,276,330,310,298,330,9,13,152,12,37,139,98,298,260,291,249,337,6,70,105,148,218,103,166,274,248,280,261,310,125,177,125,228,,,190,115,,,209,112,129,280,204,220,269,233,167,77,336,327,17,21,20,146,94,98,165,141,285,271,149,141,,158,,,b'\x11\xe8\xe1I\xc9vJ\x92\xaf\x82\x12\xdf\x17\xaeN\x1e'
11E8E149-C976-4A92-AF82-12DF17AE4E1E,2020-ncaa-d0-natl,ncaa,30,23,191,27,193,37,43,119,31,44,95,44,136,198,47,241,21,42,77,33,98,85,129,40,37,29,200,224,98,109,76,126,123,113,59,115,261,81,53,86,48,40,239,218,,,136,135,,,25,151,104,14,16,20,59,21,55,131,187,15,30,27,33,63,91,91,55,94,95,35,234,,171,,,27,138,117,157,97,64,73,124,256,290,153,303,192,176,205,181,255,154,189,129,139,107,315,295,222,147,123,64,76,80,59,105,132,104,90,68,54,43,110,71,,,115,142,,,25,191,23,98,31,165,127,180,76,66,280,306,202,199,203,186,248,163,76,92,106,79,67,121,,92,,,b'\x11\xe8\xe1I\xc9vJ\x92\xaf\x82\x12\xdf\x17\xaeN\x1e'
11E8E149-C976-4A92-AF82-12DF17AE4E1E,2020-ncaa-d1-conf-Big Sky,ncaa,1,1,1,1,1,1,1,1,1,1,1,1,6,7,1,9,1,1,5,1,3,1,1,1,1,1,7,9,4,1,1,3,5,2,1,3,10,4,4,5,1,1,8,8,,,7,5,,,1,3,5,1,1,1,2,1,2,6,7,1,1,1,2,2,2,4,2,3,3,1,8,,5,,,1,4,4,7,4,3,4,4,7,9,3,9,5,4,11,3,4,7,9,4,3,2,9,8,7,8,5,2,1,4,1,6,7,1,1,2,2,1,5,4,,,2,3,,,1,9,1,2,1,3,4,6,3,3,7,8,4,3,3,5,8,8,1,2,6,1,2,5,,2,,,b'\x11\xe8\xe1I\xc9vJ\x92\xaf\x82\x12\xdf\x17\xaeN\x1e'
11E8E149-C976-4A92-AF82-12DF17AE4E1E,2020-ncaa-d1-natl,ncaa,21,23,45,25,52,17,21,39,31,21,42,44,117,167,45,242,17,27,91,21,106,30,39,40,41,29,209,218,112,73,69,46,84,31,43,77,263,102,48,83,30,43,217,210,,,203,154,,,19,48,118,16,20,20,55,22,58,128,189,22,33,28,37,70,84,59,36,92,84,40,225,,175,,,19,162,131,219,69,82,126,91,257,304,116,290,218,224,196,225,258,225,275,89,100,76,310,284,245,164,84,110,69,120,43,109,127,68,95,59,73,43,140,73,,,64,144,,,19,297,23,69,23,122,92,160,57,71,240,287,207,201,205,167,225,131,74,76,89,90,57,130,,100,,,b'\x11\xe8\xe1I\xc9vJ\x92\xaf\x82\x12\xdf\x17\xaeN\x1e'
11E8E149-C976-4A92-AF82-12DF17AE4E1E,2021-ncaa-d0-natl,ncaa,44,60,89,53,119,70,96,75,180,156,128,223,28,35,39,57,58,81,49,77,76,76,99,115,101,60,28,32,129,42,73,141,208,92,147,77,130,99,23,47,17,13,236,235,,,314,319,,,47,125,202,175,52,107,60,233,203,22,31,61,107,96,48,120,56,243,128,100,25,15,279,,308,,,46,204,160,177,127,145,148,164,240,251,151,259,300,302,148,301,325,202,221,156,191,126,312,231,310,229,208,252,73,243,147,206,247,54,71,92,110,40,177,146,,,129,212,,,47,215,33,126,51,123,59,55,46,31,194,223,286,287,286,81,127,166,197,181,147,71,45,134,,188,,,b'\x11\xe8\xe1I\xc9vJ\x92\xaf\x82\x12\xdf\x17\xaeN\x1e'
11E8E149-C976-4A92-AF82-12DF17AE4E1E,2021-ncaa-d1-conf-Big Sky,ncaa,3,2,8,3,8,6,6,7,4,9,9,8,4,5,1,3,7,7,6,7,7,7,9,4,3,2,2,2,8,3,2,9,7,7,6,4,1,2,3,3,1,1,11,8,,,8,11,,,2,10,9,5,2,4,4,7,6,1,3,6,6,6,3,6,1,6,4,3,3,1,10,,11,,,2,2,2,2,4,2,2,5,2,3,2,6,7,10,2,9,11,2,2,4,5,2,8,7,11,2,7,3,2,2,6,3,6,3,1,2,3,2,3,4,,,9,7,,,2,2,1,2,2,2,2,1,2,1,3,5,9,11,11,1,2,5,6,4,4,1,2,4,,8,,,b'\x11\xe8\xe1I\xc9vJ\x92\xaf\x82\x12\xdf\x17\xaeN\x1e'
11E8E149-C976-4A92-AF82-12DF17AE4E1E,2021-ncaa-d1-natl,ncaa,46,60,105,55,138,80,103,86,189,172,143,230,31,41,39,57,63,95,48,89,74,90,117,116,101,61,26,32,123,50,75,161,216,110,153,86,135,90,23,48,21,14,243,235,,,307,320,,,51,138,206,171,57,110,66,241,211,22,32,63,106,97,55,123,62,248,139,105,25,16,284,,311,,,50,184,148,159,138,131,135,173,228,243,156,258,291,296,151,295,325,184,200,165,201,138,312,230,310,216,216,240,75,231,153,195,247,64,72,97,102,41,171,149,,,144,210,,,51,202,34,136,55,130,64,54,47,31,195,218,290,292,292,81,129,171,200,184,154,72,44,135,,188,,,b'\x11\xe8\xe1I\xc9vJ\x92\xaf\x82\x12\xdf\x17\xaeN\x1e'
11E8E149-C976-4A92-AF82-12DF17AE4E1E,2022-ncaa-d0-natl,ncaa,79,134,27,111,39,49,75,28,261,122,76,247,42,27,166,85,14,35,19,35,71,24,47,215,172,90,41,98,62,52,211,101,220,74,270,102,214,52,10,61,26,35,271,303,,,320,234,,,166,47,150,253,82,143,37,225,178,68,52,39,78,77,34,129,110,240,175,189,9,46,315,,236,,,169,340,317,295,249,266,199,289,347,345,261,329,329,325,225,323,307,316,314,294,295,281,318,300,237,297,220,353,211,346,270,326,244,68,167,223,84,25,162,94,,,56,177,,,166,305,76,287,173,260,212,139,142,40,322,317,268,269,263,176,190,188,323,303,259,162,33,80,,155,,,b'\x11\xe8\xe1I\xc9vJ\x92\xaf\x82\x12\xdf\x17\xaeN\x1e'
11E8E149-C976-4A92-AF82-12DF17AE4E1E,2022-ncaa-d1-conf-Big Sky,ncaa,1,2,2,2,4,2,3,2,8,5,4,7,3,2,7,6,2,3,3,2,2,2,2,7,7,5,3,6,3,1,4,6,7,3,7,4,8,1,2,3,1,1,8,7,,,9,8,,,2,3,3,6,2,5,3,6,4,3,2,3,3,3,1,2,2,7,5,4,2,1,10,,8,,,3,7,5,5,6,4,2,7,10,10,7,10,5,8,1,8,9,5,8,9,9,6,10,10,7,6,7,8,4,7,7,9,9,1,2,3,1,1,3,3,,,3,4,,,2,8,3,6,3,5,4,2,2,1,10,10,6,6,6,2,5,4,7,7,8,3,1,4,,3,,,b'\x11\xe8\xe1I\xc9vJ\x92\xaf\x82\x12\xdf\x17\xaeN\x1e'
11E8E149-C976-4A92-AF82-12DF17AE4E1E,2022-ncaa-d1-natl,ncaa,65,134,9,107,10,31,53,9,286,89,43,276,45,22,199,101,4,17,14,16,74,8,13,247,195,99,41,108,48,32,199,63,213,37,267,98,226,56,4,59,25,58,266,296,,,338,241,,,185,17,170,75,85,157,33,217,157,78,55,30,76,77,26,113,93,219,147,205,9,64,308,,245,,,188,352,340,330,247,281,233,272,353,353,289,330,344,337,244,335,314,336,340,293,304,300,334,319,241,325,213,355,199,354,267,337,259,63,189,245,103,24,192,84,,,34,178,,,185,338,84,305,195,278,221,160,130,40,330,331,282,279,273,189,196,195,328,309,262,189,28,87,,147,,,b'\x11\xe8\xe1I\xc9vJ\x92\xaf\x82\x12\xdf\x17\xaeN\x1e'
11E8E149-C976-4A92-AF82-12DF17AE4E1E,2022-ncaa-d1-ncaatournament,ncaa,37,2,37,37,38,68,64,47,67,64,51,65,52,40,63,12,67,68,23,67,68,52,48,66,68,68,48,16,67,57,63,50,55,56,67,59,13,24,57,59,34,8,56,60,,,2,5,,,66,41,8,5,68,63,16,64,33,45,12,67,68,67,36,21,45,44,45,53,57,5,55,,12,,,67,15,16,23,42,10,17,35,32,23,58,44,4,8,13,7,32,21,26,48,46,41,48,54,18,27,55,33,63,31,67,29,67,40,19,46,37,64,39,65,,,64,64,,,66,25,68,47,66,47,47,51,36,41,58,48,20,32,28,49,57,53,67,67,63,9,66,62,,64,,,b'\x11\xe8\xe1I\xc9vJ\x92\xaf\x82\x12\xdf\x17\xaeN\x1e'
11E8E149-C976-4A92-AF82-12DF17AE4E1E,2023-ncaa-d0-natl,ncaa,102,74,164,95,203,140,154,132,185,129,102,212,212,231,166,258,60,119,8,120,164,127,169,200,159,122,193,254,59,162,189,143,166,140,180,206,275,43,50,127,91,80,234,170,,,215,219,,,125,174,145,226,106,128,87,107,77,209,227,37,101,100,92,149,157,99,108,215,61,78,234,,240,,,123,174,102,174,88,22,38,86,349,336,299,355,165,152,238,154,273,163,184,183,178,166,359,358,178,185,166,212,189,206,180,77,100,147,139,68,28,31,18,8,,,211,225,,,125,191,114,167,119,198,126,199,11,24,357,353,183,169,169,202,228,212,241,237,80,130,40,18,,202,,,b'\x11\xe8\xe1I\xc9vJ\x92\xaf\x82\x12\xdf\x17\xaeN\x1e'
11E8E149-C976-4A92-AF82-12DF17AE4E1E,2023-ncaa-d1-conf-Big Sky,ncaa,3,2,6,3,8,5,5,4,5,2,2,5,7,9,6,9,3,4,3,4,8,3,3,6,5,5,9,9,3,3,4,4,6,3,4,6,9,4,5,6,3,2,6,2,,,7,7,,,4,5,2,8,5,5,3,1,1,7,9,2,2,2,2,2,3,3,2,6,6,1,5,,9,,,4,2,2,3,1,1,1,1,10,10,7,10,5,7,2,7,9,4,7,3,2,1,10,10,6,7,6,3,4,4,4,2,6,4,5,3,1,2,2,2,,,7,7,,,4,5,4,4,4,6,3,7,1,1,10,10,8,8,8,7,9,8,3,4,4,4,1,2,,4,,,b'\x11\xe8\xe1I\xc9vJ\x92\xaf\x82\x12\xdf\x17\xaeN\x1e'
11E8E149-C976-4A92-AF82-12DF17AE4E1E,2023-ncaa-d1-natl,ncaa,98,74,151,92,188,128,148,136,182,126,98,200,218,229,197,249,67,130,16,130,165,134,168,198,157,120,200,258,64,173,201,142,168,150,187,216,286,46,50,128,84,76,219,160,,,218,221,,,123,170,144,228,112,129,95,102,81,217,221,44,110,108,93,151,172,105,128,222,60,77,213,,234,,,123,167,91,183,79,13,35,82,348,337,282,354,173,149,243,150,273,170,185,171,171,142,358,358,182,201,168,228,201,224,187,69,96,136,122,58,33,34,11,5,,,208,230,,,123,192,116,153,124,183,106,190,11,25,356,353,182,165,166,183,217,210,245,242,69,122,42,15,,202,,,b'\x11\xe8\xe1I\xc9vJ\x92\xaf\x82\x12\xdf\x17\xaeN\x1e'
11E8E149-C976-4A92-AF82-12DF17AE4E1E,2024-ncaa-d0-natl,ncaa,142,176,52,168,83,190,211,156,287,180,133,269,253,199,318,222,80,100,55,98,122,146,128,292,264,259,194,263,34,148,203,171,217,166,236,206,175,261,212,246,39,35,66,30,,,219,184,,,162,124,290,253,282,313,288,264,209,286,244,97,149,143,266,273,201,282,276,269,175,52,83,,134,,,161,122,99,153,85,47,80,95,279,283,205,316,133,143,128,136,215,145,217,129,134,48,326,327,169,208,217,279,203,265,236,102,161,39,30,29,304,285,278,256,,,142,164,,,162,218,262,50,177,35,28,32,12,14,226,223,95,99,93,25,58,148,193,162,55,71,264,249,,216,,,b'\x11\xe8\xe1I\xc9vJ\x92\xaf\x82\x12\xdf\x17\xaeN\x1e'
11E8E149-C976-4A92-AF82-12DF17AE4E1E,2024-ncaa-d1-conf-Big Sky,ncaa,4,4,3,4,3,8,8,5,10,5,4,9,10,9,10,9,2,3,6,3,2,5,4,10,10,10,9,10,1,4,5,8,8,8,8,7,6,9,8,9,1,1,1,1,,,6,7,,,6,5,6,1,9,9,6,5,4,10,9,3,3,3,6,4,4,9,8,7,9,1,1,,6,,,6,3,3,2,5,2,2,4,7,6,7,8,2,2,1,2,6,3,7,7,6,2,7,8,2,5,8,7,5,6,8,5,7,1,1,2,9,8,6,5,,,4,4,,,6,5,10,2,6,2,2,1,2,2,7,6,1,2,2,1,6,7,6,6,4,1,9,6,,4,,,b'\x11\xe8\xe1I\xc9vJ\x92\xaf\x82\x12\xdf\x17\xaeN\x1e'
11E8E149-C976-4A92-AF82-12DF17AE4E1E,2024-ncaa-d1-natl,ncaa,155,177,78,177,113,233,255,194,306,223,171,286,274,229,324,228,94,122,56,120,125,184,174,309,276,271,189,263,31,181,221,226,226,213,253,246,184,226,222,260,57,40,73,31,,,184,192,,,186,170,302,253,300,327,298,282,215,289,253,100,152,152,277,282,216,294,289,289,179,58,86,,134,,,186,89,74,113,100,29,52,109,271,265,217,317,119,128,137,120,220,102,174,148,150,61,328,330,172,188,226,255,221,233,253,82,165,55,40,37,293,294,274,269,,,169,156,,,186,170,275,73,201,42,38,34,16,14,237,228,98,105,99,27,56,153,197,172,64,76,267,253,,221,,,b'\x11\xe8\xe1I\xc9vJ\x92\xaf\x82\x12\xdf\x17\xaeN\x1e'
11E8E149-C976-4A92-AF82-12DF17AE4E1E,2025-ncaa-d0-natl,genius_ncaa,13,4,90,8,113,73,107,115,119,167,211,106,42,46,69,69,47,86,18,81,51,101,114,86,69,71,43,64,105,138,146,246,290,208,244,98,123,129,106,96,3,1,88,57,,,165,103,,6,32,111,160,231,72,112,135,221,269,39,54,46,107,102,115,162,174,319,288,102,110,1,96,,115,,5,31,69,94,124,120,87,89,190,151,222,52,287,50,67,78,67,143,96,250,124,104,11,169,234,99,240,290,208,146,221,244,89,152,8,2,5,218,176,170,207,,,93,105,,325,32,253,71,12,25,29,43,32,55,33,108,176,40,57,57,23,203,210,139,164,55,4,187,142,,104,,335,b'\x11\xe8\xe1I\xc9vJ\x92\xaf\x82\x12\xdf\x17\xaeN\x1e'
11E8E149-C976-4A92-AF82-12DF17AE4E1E,2025-ncaa-d1-conf-Big Sky,genius_ncaa,1,1,1,1,2,2,2,3,1,2,5,1,3,3,1,3,2,2,1,2,1,2,2,1,1,2,3,3,3,4,4,8,8,6,8,3,5,6,5,3,1,1,2,1,,,5,2,,1,1,1,3,10,2,2,5,5,7,3,3,2,2,2,4,3,5,8,9,3,5,1,3,,3,,1,1,1,2,2,4,3,2,5,6,6,2,9,1,1,1,1,4,1,10,4,3,1,5,9,1,9,8,5,4,6,8,2,4,1,1,1,7,5,8,7,,,1,2,,8,1,10,2,1,1,1,1,1,2,2,2,5,1,1,1,1,7,7,3,3,2,1,5,6,,2,,8,b'\x11\xe8\xe1I\xc9vJ\x92\xaf\x82\x12\xdf\x17\xaeN\x1e'
11E8E149-C976-4A92-AF82-12DF17AE4E1E,2025-ncaa-d1-natl,genius_ncaa,14,4,72,10,96,74,102,109,129,183,215,121,33,43,80,69,46,79,18,76,50,92,102,95,75,77,41,66,102,126,127,249,275,209,226,92,124,157,116,102,1,1,93,65,,,170,104,,6,28,98,169,236,79,120,146,233,271,42,55,48,109,105,131,158,162,325,286,103,123,1,115,,108,,4,26,67,89,116,123,87,81,194,147,222,48,288,53,69,93,67,140,94,269,122,111,12,163,226,100,224,275,193,127,204,226,85,148,11,2,7,246,190,162,207,,,83,95,,326,28,265,72,14,24,26,38,28,58,25,104,167,38,53,51,20,190,185,123,141,58,6,196,140,,97,,338,b'\x11\xe8\xe1I\xc9vJ\x92\xaf\x82\x12\xdf\x17\xaeN\x1e'
11E8E149-C976-4A92-AF82-12DF17AE4E1E,2025-ncaa-d1-ncaatournament,genius_ncaa,37,2,37,37,38,57,63,68,29,65,68,26,35,49,17,5,38,40,16,39,1,68,67,16,7,48,2,4,8,61,40,64,63,66,54,64,55,34,67,66,49,32,61,61,,,22,58,,24,48,65,63,7,57,63,68,65,68,16,22,17,24,22,68,65,60,64,66,64,66,34,61,,47,,43,53,10,13,6,58,16,7,59,9,9,21,33,11,18,5,16,47,7,9,53,48,43,15,21,26,24,63,2,40,5,54,17,51,41,19,33,36,66,4,55,,,45,12,,54,48,2,52,53,57,35,41,13,46,21,21,24,25,44,41,14,18,52,2,13,44,19,65,5,,25,,41,b'\x11\xe8\xe1I\xc9vJ\x92\xaf\x82\x12\xdf\x17\xaeN\x1e'
11E8E149-C976-4A92-AF82-12DF17AE4E1E,2026-ncaa-d0-natl,genius_ncaa,163,39,327,95,353,251,238,301,96,239,299,92,212,247,120,130,273,266,228,263,127,303,319,91,101,90,172,139,231,225,97,360,304,347,288,189,85,26,105,68,47,1,166,28,,,48,252,,1,120,325,21,352,31,30,16,45,85,60,49,91,71,70,11,9,38,359,294,31,194,1,57,,283,,1,113,41,24,6,351,26,9,342,80,26,354,204,154,119,318,103,344,8,31,356,360,265,312,232,314,23,304,42,97,23,288,37,150,136,5,26,35,109,107,207,,,338,312,,286,120,36,73,242,124,300,245,24,198,29,300,136,331,317,308,56,305,133,267,220,207,4,176,270,,203,,214,b'\x11\xe8\xe1I\xc9vJ\x92\xaf\x82\x12\xdf\x17\xaeN\x1e'
11E8E149-C976-4A92-AF82-12DF17AE4E1E,2026-ncaa-d1-natl,genius_ncaa,110,39,271,67,340,164,139,203,74,129,204,59,157,162,163,141,261,237,249,236,234,214,240,82,100,90,255,170,307,137,93,348,225,317,212,151,194,83,96,91,10,1,188,60,,,106,215,,3,80,258,29,352,28,25,16,27,60,80,58,174,148,149,15,15,39,349,238,50,179,1,129,,248,,4,64,66,36,9,313,19,5,288,210,78,343,273,187,163,274,152,341,12,74,334,343,146,349,305,297,30,225,109,93,65,212,50,150,28,2,13,76,93,173,191,,,330,342,,245,80,88,74,120,81,210,123,9,65,6,308,183,292,269,267,21,278,86,251,186,128,3,149,262,,262,,216,b'\x11\xe8\xe1I\xc9vJ\x92\xaf\x82\x12\xdf\x17\xaeN\x1e'
11E8E149-C97A-B1D6-AF82-12DF17AE4E1E,2010-ncaa-d0-natl,ncaa,72,62,81,75,106,73,120,38,287,315,301,309,1,1,56,3,193,205,147,207,72,53,87,135,161,96,2,1,299,78,191,35,31,37,114,99,110,46,20,46,156,195,293,300,,,138,77,,,63,101,127,229,73,146,24,337,331,1,1,235,247,252,46,115,90,22,27,111,30,196,307,,94,,,60,187,213,264,89,153,177,123,285,304,109,303,98,141,18,147,159,247,244,114,78,93,233,291,75,148,31,336,191,312,114,161,126,141,178,143,31,21,56,144,,,152,267,,,63,252,74,76,58,119,139,211,96,99,267,294,73,108,112,199,185,100,321,270,123,175,25,51,,219,,,b'\x11\xe8\xe1I\xc9z\xb1\xd6\xaf\x82\x12\xdf\x17\xaeN\x1e'
11E8E149-C97A-B1D6-AF82-12DF17AE4E1E,2010-ncaa-d1-conf-OVC,ncaa,2,2,3,2,3,3,3,1,7,8,9,8,1,1,2,1,6,7,3,7,4,3,3,3,6,2,1,1,10,4,5,3,3,3,5,2,3,3,2,2,2,2,9,9,,,4,4,,,2,3,3,5,1,4,1,8,9,1,1,7,8,8,2,3,4,1,2,2,3,2,10,,4,,,2,5,6,8,3,5,6,3,5,6,4,7,4,5,1,5,5,7,8,3,2,2,4,6,4,6,3,10,5,8,5,4,2,2,2,1,1,1,3,4,,,6,9,,,2,8,2,2,2,4,4,7,5,5,5,7,4,4,4,5,7,3,7,6,4,2,1,2,,6,,,b'\x11\xe8\xe1I\xc9z\xb1\xd6\xaf\x82\x12\xdf\x17\xaeN\x1e'
11E8E149-C97A-B1D6-AF82-12DF17AE4E1E,2010-ncaa-d1-natl,ncaa,64,62,53,71,78,56,91,25,286,312,290,305,1,1,65,3,183,207,145,205,86,35,52,138,166,98,2,1,309,57,202,26,26,23,117,82,105,58,19,39,129,174,298,303,,,142,63,,,56,66,114,244,70,134,18,335,331,1,1,248,260,263,44,105,91,24,25,101,29,174,309,,76,,,57,216,225,277,90,160,197,127,293,314,109,302,99,146,14,148,152,270,265,116,72,84,232,298,72,156,26,340,202,327,117,184,131,115,171,134,38,17,70,145,,,149,281,,,56,289,78,63,54,113,128,208,93,95,266,294,61,99,105,190,185,80,323,273,120,168,25,58,,238,,,b'\x11\xe8\xe1I\xc9z\xb1\xd6\xaf\x82\x12\xdf\x17\xaeN\x1e'
11E8E149-C97A-B1D6-AF82-12DF17AE4E1E,2011-ncaa-d0-natl,ncaa,71,47,119,57,142,73,97,59,205,191,233,104,16,3,260,10,85,79,189,77,19,55,72,154,155,98,23,27,167,89,202,206,76,135,224,128,220,76,24,91,44,43,260,285,,,309,300,,,112,72,38,192,45,80,20,206,272,9,4,84,67,63,21,38,89,238,146,136,68,39,279,,309,,,113,264,275,159,326,315,258,309,74,38,253,22,278,277,219,274,220,185,248,302,313,238,54,32,231,60,76,329,202,266,224,176,64,47,50,78,34,15,235,277,,,65,148,,,112,273,95,178,114,262,269,126,308,257,69,28,274,261,261,158,250,37,325,251,175,44,38,222,,63,,,b'\x11\xe8\xe1I\xc9z\xb1\xd6\xaf\x82\x12\xdf\x17\xaeN\x1e'
11E8E149-C97A-B1D6-AF82-12DF17AE4E1E,2011-ncaa-d1-conf-OVC,ncaa,3,3,2,3,2,2,2,1,5,5,5,3,2,1,3,2,4,4,6,4,3,1,1,3,3,3,2,2,10,4,4,8,3,5,7,2,5,2,1,3,1,1,3,6,,,8,7,,,3,1,1,4,2,2,1,5,7,2,1,4,4,4,1,1,3,9,7,3,1,1,3,,9,,,3,10,9,7,10,10,10,9,1,1,10,1,6,6,7,6,3,6,8,10,10,7,1,1,4,4,3,10,4,8,7,7,1,1,1,2,1,1,6,6,,,5,9,,,3,9,3,6,3,9,9,4,10,10,2,1,4,4,4,5,7,3,8,6,5,1,1,6,,6,,,b'\x11\xe8\xe1I\xc9z\xb1\xd6\xaf\x82\x12\xdf\x17\xaeN\x1e'
11E8E149-C97A-B1D6-AF82-12DF17AE4E1E,2011-ncaa-d1-natl,ncaa,76,46,132,58,163,82,109,66,214,203,264,108,17,3,260,10,95,92,185,91,20,65,83,157,159,103,21,23,166,100,210,227,80,156,229,145,224,64,25,93,52,46,266,286,,,306,300,,,120,85,40,190,46,82,20,212,277,9,3,85,69,66,21,39,95,239,156,139,68,41,282,,310,,,119,250,261,130,330,311,240,313,63,32,253,21,267,261,217,258,219,156,226,303,317,243,50,30,230,41,80,326,210,250,229,169,67,55,54,80,27,15,227,281,,,83,149,,,120,260,95,194,121,267,275,129,313,261,69,26,278,260,262,162,249,38,329,251,176,48,37,226,,62,,,b'\x11\xe8\xe1I\xc9z\xb1\xd6\xaf\x82\x12\xdf\x17\xaeN\x1e'
11E8E149-C97A-B1D6-AF82-12DF17AE4E1E,2012-ncaa-d0-natl,ncaa,252,248,240,257,241,172,211,133,301,300,307,226,23,10,238,9,183,134,277,133,21,126,154,225,242,193,9,14,184,113,160,319,297,257,301,224,199,99,92,183,126,126,210,240,,,321,334,,,262,169,64,11,110,160,32,303,300,12,6,146,86,85,31,33,68,318,224,192,166,90,203,,340,,,262,268,284,83,340,331,228,340,16,9,201,8,303,311,131,311,289,133,177,333,334,306,12,4,264,137,297,286,160,232,301,247,141,81,66,152,32,29,286,331,,,124,128,,,262,188,173,289,247,316,319,159,339,305,23,12,317,321,321,229,297,201,325,311,278,36,60,312,,49,,,b'\x11\xe8\xe1I\xc9z\xb1\xd6\xaf\x82\x12\xdf\x17\xaeN\x1e'
11E8E149-C97A-B1D6-AF82-12DF17AE4E1E,2012-ncaa-d1-conf-OVC,ncaa,6,5,7,6,7,8,8,7,6,9,10,5,3,3,7,2,8,8,6,8,2,7,7,5,6,6,3,2,6,4,4,10,9,9,8,8,9,2,6,7,3,2,8,8,,,7,10,,,5,8,8,1,7,7,5,10,10,3,2,7,7,7,5,4,3,10,9,7,6,3,6,,10,,,5,4,6,3,10,8,4,9,1,1,1,1,5,6,2,6,4,4,4,7,6,6,1,1,6,4,9,4,4,4,8,5,2,2,1,1,2,3,6,10,,,8,7,,,5,3,5,6,4,6,7,3,10,10,1,1,5,7,8,4,7,7,6,6,5,1,3,7,,6,,,b'\x11\xe8\xe1I\xc9z\xb1\xd6\xaf\x82\x12\xdf\x17\xaeN\x1e'
11E8E149-C97A-B1D6-AF82-12DF17AE4E1E,2012-ncaa-d1-natl,ncaa,267,247,286,266,289,194,232,160,303,321,315,236,27,11,239,9,194,150,276,146,20,148,182,233,247,201,9,14,180,124,170,329,299,284,306,245,203,86,96,190,145,132,223,241,,,319,334,,,266,202,68,11,116,171,35,311,301,12,6,140,87,86,33,39,70,320,234,205,167,94,204,,340,,,270,256,267,55,340,327,209,340,13,5,205,8,296,304,135,304,290,108,143,335,336,311,13,4,265,126,299,277,170,209,306,236,143,93,69,158,25,32,279,333,,,146,123,,,266,156,181,295,257,319,321,159,339,305,24,12,317,321,321,233,297,204,326,313,280,37,59,311,,48,,,b'\x11\xe8\xe1I\xc9z\xb1\xd6\xaf\x82\x12\xdf\x17\xaeN\x1e'
11E8E149-C97A-B1D6-AF82-12DF17AE4E1E,2013-ncaa-d0-natl,ncaa,290,284,251,293,277,291,311,326,234,342,344,124,39,24,170,3,317,331,50,331,48,328,329,119,126,166,5,6,265,344,344,334,312,344,345,265,125,90,264,223,236,208,328,325,,,128,237,,,311,303,263,161,280,306,331,342,345,22,12,305,327,325,333,332,344,337,345,253,157,219,327,,189,,,311,191,187,62,316,175,84,278,195,92,341,139,164,128,301,129,186,61,58,322,325,318,195,207,166,153,312,210,344,188,345,239,276,242,191,283,62,188,248,345,,,325,225,,,311,42,267,324,313,264,259,115,246,149,249,136,228,184,178,126,119,217,281,277,289,209,103,276,,309,,,b'\x11\xe8\xe1I\xc9z\xb1\xd6\xaf\x82\x12\xdf\x17\xaeN\x1e'
11E8E149-C97A-B1D6-AF82-12DF17AE4E1E,2013-ncaa-d1-conf-OVC,ncaa,9,9,9,9,10,10,12,12,4,12,12,3,2,3,3,1,10,10,2,10,1,12,12,3,3,4,1,1,9,12,12,12,12,12,12,9,3,1,11,6,10,9,12,12,,,4,8,,,10,12,12,10,10,12,12,12,12,2,2,10,10,10,12,12,12,12,12,7,5,9,12,,5,,,10,6,9,1,12,9,3,11,7,3,12,4,3,2,5,2,4,1,1,12,12,12,4,7,3,9,12,2,12,5,12,9,9,12,11,12,2,9,6,12,,,11,5,,,10,1,7,12,10,10,11,5,12,7,7,3,5,4,4,4,2,10,6,8,10,12,4,7,,11,,,b'\x11\xe8\xe1I\xc9z\xb1\xd6\xaf\x82\x12\xdf\x17\xaeN\x1e'
11E8E149-C97A-B1D6-AF82-12DF17AE4E1E,2013-ncaa-d1-natl,ncaa,281,282,210,287,254,277,304,327,213,340,345,119,31,23,141,3,310,330,52,329,46,332,331,104,107,156,4,6,264,344,344,328,313,345,345,259,121,110,266,217,231,212,326,325,,,143,233,,,312,286,266,172,280,308,333,342,345,21,12,303,326,324,333,333,344,332,345,252,157,221,326,,188,,,310,211,212,84,316,209,112,275,202,114,339,144,181,136,304,134,176,78,75,315,323,316,183,198,163,178,313,232,344,216,345,254,269,240,200,284,67,180,262,345,,,320,216,,,312,57,258,323,309,263,258,134,254,160,243,142,225,171,170,136,123,219,274,273,288,222,100,278,,307,,,b'\x11\xe8\xe1I\xc9z\xb1\xd6\xaf\x82\x12\xdf\x17\xaeN\x1e'
11E8E149-C97A-B1D6-AF82-12DF17AE4E1E,2014-ncaa-d0-natl,ncaa,239,205,297,236,298,297,311,324,245,336,343,125,78,69,197,16,289,304,142,304,52,329,328,147,150,190,23,26,222,318,311,339,303,339,331,218,51,113,263,177,182,115,215,163,,,299,348,,,256,323,273,35,262,290,292,330,339,48,36,251,268,271,298,283,307,334,340,148,217,137,179,,344,,,264,76,26,7,275,73,39,253,13,11,194,20,335,329,288,327,345,17,25,238,308,272,231,19,346,86,303,100,311,86,331,11,36,184,90,42,78,197,33,223,,,309,171,,,256,25,241,277,267,221,89,19,191,108,31,18,345,343,342,79,121,178,231,233,43,116,159,58,,248,,,b'\x11\xe8\xe1I\xc9z\xb1\xd6\xaf\x82\x12\xdf\x17\xaeN\x1e'
11E8E149-C97A-B1D6-AF82-12DF17AE4E1E,2014-ncaa-d1-conf-OVC,ncaa,9,7,9,9,9,11,10,12,6,11,12,3,2,3,3,1,12,12,6,12,10,12,12,2,3,3,2,1,11,12,10,12,12,12,12,5,2,6,11,4,3,2,6,5,,,9,12,,,8,12,9,2,8,7,11,11,12,2,2,12,12,12,11,9,11,12,12,2,9,2,5,,11,,,8,1,1,1,10,4,2,9,1,1,9,1,10,10,9,11,11,1,2,9,11,5,6,2,12,8,12,3,10,4,12,1,1,3,2,1,8,9,1,9,,,12,11,,,8,1,6,9,8,4,1,1,5,6,1,1,12,11,11,1,5,9,7,8,1,3,9,2,,12,,,b'\x11\xe8\xe1I\xc9z\xb1\xd6\xaf\x82\x12\xdf\x17\xaeN\x1e'
11E8E149-C97A-B1D6-AF82-12DF17AE4E1E,2014-ncaa-d1-natl,ncaa,230,204,307,230,312,275,301,319,225,341,346,117,58,54,171,13,281,297,131,303,47,320,322,120,123,169,13,13,235,316,303,338,299,338,333,186,32,115,253,148,182,125,215,168,,,311,348,,,235,317,271,35,231,276,278,330,340,33,31,252,271,274,292,279,296,331,339,110,206,145,191,,344,,,238,93,28,5,272,78,43,249,10,11,173,20,337,329,287,328,346,18,34,223,303,270,229,15,346,103,299,116,303,106,333,10,35,179,96,46,79,183,34,218,,,310,183,,,235,29,206,276,254,215,81,19,185,110,26,18,345,343,342,82,120,183,228,230,42,120,145,54,,252,,,b'\x11\xe8\xe1I\xc9z\xb1\xd6\xaf\x82\x12\xdf\x17\xaeN\x1e'
11E8E149-C97A-B1D6-AF82-12DF17AE4E1E,2015-ncaa-d0-natl,ncaa,242,238,243,246,261,140,140,184,109,99,133,100,251,243,253,252,84,105,52,113,142,166,166,149,118,130,249,279,60,249,256,84,158,153,188,167,205,168,176,171,257,282,75,79,,,74,38,,,246,139,16,174,68,74,94,52,66,238,223,32,55,65,78,58,239,17,79,127,214,250,56,,111,,,247,290,290,293,199,222,242,156,327,309,325,277,116,123,152,111,81,279,222,234,204,292,268,316,56,242,158,173,256,217,188,297,239,296,319,329,169,171,46,29,,,175,194,,,246,203,156,297,246,332,327,344,291,318,342,331,156,155,153,340,331,298,255,288,326,280,215,60,,110,,,b'\x11\xe8\xe1I\xc9z\xb1\xd6\xaf\x82\x12\xdf\x17\xaeN\x1e'
11E8E149-C97A-B1D6-AF82-12DF17AE4E1E,2015-ncaa-d1-conf-OVC,ncaa,6,6,5,6,6,5,5,7,5,4,5,3,9,9,10,10,4,5,4,6,5,7,5,6,4,3,9,10,4,8,6,2,5,4,4,6,6,9,8,6,9,10,2,2,,,3,1,,,6,5,4,7,6,5,7,3,5,10,9,3,4,6,7,5,8,1,1,5,8,10,2,,3,,,6,9,10,12,3,8,9,2,10,10,10,10,2,3,7,3,2,11,9,2,2,6,7,10,2,9,5,5,6,8,4,10,8,11,11,11,10,10,4,4,,,7,7,,,6,8,5,6,6,8,10,12,8,10,12,11,3,3,3,10,10,11,6,7,10,11,10,2,,6,,,b'\x11\xe8\xe1I\xc9z\xb1\xd6\xaf\x82\x12\xdf\x17\xaeN\x1e'
11E8E149-C97A-B1D6-AF82-12DF17AE4E1E,2015-ncaa-d1-natl,ncaa,243,238,209,247,248,128,122,156,101,77,109,87,244,238,252,250,83,111,63,116,158,145,143,145,121,122,264,279,77,236,245,60,147,125,172,143,192,178,172,158,243,266,69,73,,,71,39,,,237,116,15,174,57,61,77,42,58,240,221,38,60,67,64,46,220,16,67,110,216,232,51,,111,,,239,303,303,308,200,231,255,153,336,318,334,282,111,118,156,116,78,297,241,241,211,295,284,323,46,245,147,196,245,225,172,313,251,291,321,330,178,173,51,34,,,173,207,,,237,229,149,298,241,330,329,344,287,318,345,334,137,150,147,340,331,294,255,287,330,275,215,67,,115,,,b'\x11\xe8\xe1I\xc9z\xb1\xd6\xaf\x82\x12\xdf\x17\xaeN\x1e'
11E8E149-C97A-B1D6-AF82-12DF17AE4E1E,2016-ncaa-d0-natl,ncaa,280,271,287,286,303,100,92,48,202,63,25,242,212,217,191,280,81,107,65,108,263,52,49,247,217,186,256,271,120,57,120,157,266,98,209,183,297,221,114,202,119,176,21,30,,,140,52,,,278,59,3,153,16,18,2,15,1,180,172,17,32,33,2,2,13,38,7,108,303,71,7,,246,,,278,341,337,307,317,326,286,297,331,288,336,217,221,204,284,200,115,304,291,325,323,323,184,238,76,301,266,299,120,317,209,346,313,141,229,322,274,176,328,239,,,213,331,,,278,285,168,324,272,347,347,348,346,347,345,329,292,270,270,348,348,341,344,347,346,54,312,342,,110,,,b'\x11\xe8\xe1I\xc9z\xb1\xd6\xaf\x82\x12\xdf\x17\xaeN\x1e'
11E8E149-C97A-B1D6-AF82-12DF17AE4E1E,2016-ncaa-d1-conf-OVC,ncaa,11,11,9,11,10,7,7,4,8,6,2,9,10,11,5,11,4,5,4,5,9,5,4,8,7,7,9,10,4,2,4,9,10,4,7,8,11,7,5,9,5,6,2,2,,,5,4,,,11,5,1,4,4,3,1,1,1,8,10,3,3,3,1,1,1,5,2,8,10,3,2,,5,,,11,11,11,10,9,8,8,9,12,11,12,11,4,5,5,5,4,9,8,11,10,12,7,11,3,8,10,9,4,9,7,12,12,7,9,12,9,10,12,11,,,8,10,,,11,8,7,11,11,12,12,12,12,12,12,11,5,5,5,12,12,11,11,12,12,4,11,12,,4,,,b'\x11\xe8\xe1I\xc9z\xb1\xd6\xaf\x82\x12\xdf\x17\xaeN\x1e'
11E8E149-C97A-B1D6-AF82-12DF17AE4E1E,2016-ncaa-d1-natl,ncaa,265,270,218,273,254,50,45,22,162,30,13,204,189,184,183,282,42,52,82,53,256,20,17,209,182,166,275,276,134,26,95,88,261,43,172,109,282,288,117,175,48,111,7,22,,,203,49,,,246,17,2,155,10,12,2,7,1,173,158,14,19,22,2,2,9,23,5,67,314,24,5,,252,,,247,344,345,335,311,331,312,285,343,326,335,259,258,233,250,230,128,338,336,321,316,306,220,288,70,329,261,323,95,330,172,346,320,63,194,303,312,184,331,213,,,168,335,,,246,332,146,306,245,347,347,348,343,347,347,341,287,271,271,348,348,340,340,346,346,32,321,336,,97,,,b'\x11\xe8\xe1I\xc9z\xb1\xd6\xaf\x82\x12\xdf\x17\xaeN\x1e'
11E8E149-C97A-B1D6-AF82-12DF17AE4E1E,2017-ncaa-d0-natl,ncaa,114,64,234,87,278,124,111,102,138,75,66,158,238,241,196,266,139,186,69,194,308,113,143,183,163,138,291,275,183,185,227,131,222,153,225,130,182,94,74,99,125,148,24,26,,,198,159,,,117,131,9,262,64,45,20,29,17,214,218,103,138,159,20,28,143,62,74,84,154,96,9,,252,,,113,145,137,206,82,200,257,86,39,76,34,44,269,249,249,250,184,220,224,53,70,77,85,34,286,249,222,263,227,261,225,132,165,126,154,116,152,130,329,282,,,227,288,,,117,213,150,96,117,231,208,304,271,329,55,114,302,291,292,317,337,294,319,323,174,73,193,340,,185,,,b'\x11\xe8\xe1I\xc9z\xb1\xd6\xaf\x82\x12\xdf\x17\xaeN\x1e'
11E8E149-C97A-B1D6-AF82-12DF17AE4E1E,2017-ncaa-d1-conf-OVC,ncaa,2,2,5,2,7,3,4,5,4,2,3,6,7,8,6,9,4,4,3,4,8,5,4,5,5,6,9,10,3,4,6,5,6,5,8,7,8,6,5,5,2,2,1,1,,,7,4,,,2,4,1,9,2,2,2,1,1,6,8,4,4,4,2,2,4,4,4,5,6,2,1,,8,,,2,5,5,8,2,6,9,2,4,5,2,4,10,10,11,9,8,8,9,2,2,1,6,4,11,9,6,10,6,10,8,6,7,2,2,3,11,7,11,11,,,6,10,,,2,9,7,2,2,6,5,9,7,8,4,6,11,11,10,11,12,8,11,10,5,2,9,12,,6,,,b'\x11\xe8\xe1I\xc9z\xb1\xd6\xaf\x82\x12\xdf\x17\xaeN\x1e'
11E8E149-C97A-B1D6-AF82-12DF17AE4E1E,2017-ncaa-d1-natl,ncaa,92,64,144,72,196,84,65,47,121,36,21,139,242,244,212,287,123,169,73,178,323,56,71,173,162,128,317,298,228,133,205,77,185,89,203,74,176,130,62,82,88,122,17,25,,,231,136,,,85,65,8,265,46,32,14,14,5,239,240,113,161,174,15,20,111,44,51,58,145,79,10,,238,,,81,189,165,268,57,230,288,87,43,138,6,70,292,279,261,282,192,284,294,36,54,59,92,32,300,279,185,301,205,306,203,162,177,79,126,98,173,113,340,276,,,198,309,,,85,285,132,64,90,217,183,300,256,321,48,140,297,285,287,317,337,285,318,318,165,58,183,343,,205,,,b'\x11\xe8\xe1I\xc9z\xb1\xd6\xaf\x82\x12\xdf\x17\xaeN\x1e'
11E8E149-C97A-B1D6-AF82-12DF17AE4E1E,2018-ncaa-d0-natl,ncaa,99,74,164,90,180,124,114,83,191,47,25,200,332,316,332,331,82,66,191,65,238,74,78,272,263,215,336,339,80,40,62,148,143,86,113,191,297,108,69,159,81,73,30,28,,,55,34,,,136,114,66,111,91,70,29,24,7,332,309,53,39,43,24,25,20,130,40,180,129,64,19,,72,,,138,182,211,183,234,213,262,91,195,64,348,52,109,100,163,101,65,163,191,230,210,163,134,196,93,141,143,230,62,201,113,195,168,108,108,132,193,142,233,102,,,120,188,,,136,206,158,153,158,208,232,219,230,297,205,66,134,133,134,189,251,156,255,225,203,81,203,246,,87,,,b'\x11\xe8\xe1I\xc9z\xb1\xd6\xaf\x82\x12\xdf\x17\xaeN\x1e'
11E8E149-C97A-B1D6-AF82-12DF17AE4E1E,2018-ncaa-d1-conf-OVC,ncaa,5,4,5,5,5,5,4,3,6,1,1,6,11,10,12,12,7,7,7,7,11,3,4,8,8,5,12,12,8,7,9,5,8,4,8,5,9,3,3,5,4,5,2,2,,,2,2,,,6,4,2,3,4,3,1,1,1,11,10,7,7,7,1,2,7,4,5,5,3,4,2,,2,,,6,9,10,10,8,11,11,4,8,5,12,3,2,2,5,2,2,9,9,6,6,6,2,6,2,8,8,11,9,11,8,8,3,5,8,6,9,7,8,2,,,8,10,,,6,9,6,6,6,9,10,11,10,12,8,5,3,2,2,11,11,10,11,11,8,5,7,8,,8,,,b'\x11\xe8\xe1I\xc9z\xb1\xd6\xaf\x82\x12\xdf\x17\xaeN\x1e'
11E8E149-C97A-B1D6-AF82-12DF17AE4E1E,2018-ncaa-d1-natl,ncaa,95,74,144,88,162,107,94,72,169,35,21,173,330,312,329,332,68,59,188,60,242,59,65,256,249,181,336,339,86,34,49,151,149,69,101,166,287,107,64,142,67,66,24,20,,,55,35,,,119,98,66,123,73,55,28,21,7,332,310,48,43,42,22,26,18,129,38,158,122,57,17,,75,,,118,183,211,192,219,207,262,84,205,68,347,63,105,100,159,100,67,173,215,220,204,153,144,211,90,151,149,222,49,204,101,213,178,90,100,126,187,130,230,90,,,120,191,,,119,231,131,139,131,197,225,211,222,283,214,76,126,126,127,183,250,162,237,219,208,74,195,229,,89,,,b'\x11\xe8\xe1I\xc9z\xb1\xd6\xaf\x82\x12\xdf\x17\xaeN\x1e'
11E8E149-C97A-B1D6-AF82-12DF17AE4E1E,2019-ncaa-d0-natl,ncaa,63,73,47,73,74,39,27,20,105,21,19,81,146,111,264,235,88,61,246,60,238,18,20,139,159,108,299,260,245,15,48,91,249,41,152,73,250,169,42,81,14,38,13,13,,,327,220,,,94,27,38,272,42,24,9,17,19,189,150,127,105,105,8,22,16,167,54,92,97,27,18,,275,,,96,328,247,281,118,192,242,86,298,279,284,190,350,347,225,347,334,310,326,149,208,166,334,235,333,312,249,317,48,326,152,241,203,30,81,76,280,138,272,112,,,25,141,,,94,324,80,167,102,254,144,169,92,149,269,220,336,329,330,269,311,276,231,267,171,52,224,223,,36,,,b'\x11\xe8\xe1I\xc9z\xb1\xd6\xaf\x82\x12\xdf\x17\xaeN\x1e'
11E8E149-C97A-B1D6-AF82-12DF17AE4E1E,2019-ncaa-d1-conf-OVC,ncaa,3,2,3,3,3,3,2,1,6,1,1,3,8,8,10,9,6,5,9,5,11,2,2,7,8,7,11,11,9,1,2,2,8,2,5,4,11,3,3,4,2,2,1,1,,,9,5,,,3,2,1,8,3,2,1,1,1,8,9,7,8,7,1,1,1,3,1,4,4,2,1,,6,,,3,8,6,11,2,5,9,2,8,9,6,6,9,10,5,10,7,12,11,3,3,2,9,8,10,12,8,11,2,12,5,7,7,4,6,5,8,5,7,3,,,4,9,,,3,11,5,3,3,4,4,9,4,10,8,8,9,8,9,10,12,11,9,11,5,4,7,6,,4,,,b'\x11\xe8\xe1I\xc9z\xb1\xd6\xaf\x82\x12\xdf\x17\xaeN\x1e'
11E8E149-C97A-B1D6-AF82-12DF17AE4E1E,2019-ncaa-d1-natl,ncaa,51,73,21,72,33,19,13,8,71,9,8,52,131,92,268,238,65,44,236,42,252,8,9,104,119,77,312,270,264,12,47,66,238,25,140,31,228,172,28,51,4,23,10,8,,,335,201,,,49,11,29,272,25,15,7,7,16,185,147,120,103,105,4,19,21,166,52,54,79,19,9,,270,,,53,332,268,307,113,199,284,77,309,291,282,184,350,348,222,348,327,330,343,144,198,125,335,234,330,318,238,334,47,338,140,259,194,11,62,50,281,119,269,95,,,12,144,,,49,338,51,130,63,231,134,162,85,137,257,207,329,323,323,248,309,264,228,249,156,40,207,207,,41,,,b'\x11\xe8\xe1I\xc9z\xb1\xd6\xaf\x82\x12\xdf\x17\xaeN\x1e'
11E8E149-C97A-B1D6-AF82-12DF17AE4E1E,2020-ncaa-d0-natl,ncaa,295,280,260,297,274,267,304,258,310,237,206,267,305,249,341,228,55,81,73,91,86,236,217,322,283,284,188,295,5,143,132,236,224,198,187,339,343,252,265,338,215,198,16,11,,,254,289,,,270,239,102,97,235,286,201,213,154,299,217,27,47,54,155,83,101,168,115,343,290,184,11,,291,,,272,157,141,107,181,161,135,223,110,127,113,166,239,234,238,233,257,125,123,182,208,208,178,120,266,193,224,157,132,168,187,180,212,174,154,175,245,256,345,346,,,65,39,,,270,109,278,218,272,244,221,201,224,192,157,187,279,267,265,236,259,243,239,255,228,138,274,349,,25,,,b'\x11\xe8\xe1I\xc9z\xb1\xd6\xaf\x82\x12\xdf\x17\xaeN\x1e'
11E8E149-C97A-B1D6-AF82-12DF17AE4E1E,2020-ncaa-d1-conf-OVC,ncaa,9,8,9,9,9,8,8,9,6,4,3,6,11,10,11,11,3,3,4,5,5,9,8,8,8,8,9,12,1,6,4,7,5,5,4,11,12,5,8,10,8,8,1,1,,,7,9,,,8,10,5,3,8,8,5,3,2,11,9,2,2,2,4,4,5,4,4,11,8,8,1,,10,,,8,4,2,4,6,3,5,6,4,5,5,6,8,8,7,8,8,4,4,4,5,7,6,4,9,5,5,3,4,4,4,3,4,7,7,5,7,9,12,12,,,5,3,,,8,4,8,6,8,8,6,7,7,9,4,5,8,9,9,8,10,7,5,6,3,7,9,12,,2,,,b'\x11\xe8\xe1I\xc9z\xb1\xd6\xaf\x82\x12\xdf\x17\xaeN\x1e'
11E8E149-C97A-B1D6-AF82-12DF17AE4E1E,2020-ncaa-d1-natl,ncaa,276,278,128,280,168,202,230,153,285,160,120,251,282,220,337,244,26,42,81,48,100,123,85,304,262,264,206,293,12,73,111,149,220,89,164,331,343,279,238,327,138,158,7,6,,,298,276,,,229,109,75,110,199,232,136,162,101,283,212,25,38,44,96,56,61,141,65,333,282,135,8,,293,,,229,228,179,204,140,163,168,176,204,235,113,221,286,274,256,274,270,221,256,146,173,156,244,171,273,245,220,239,111,254,164,222,221,106,133,144,276,247,350,346,,,36,59,,,229,241,244,176,227,237,184,218,164,165,198,239,284,270,270,252,282,252,241,260,224,101,274,349,,25,,,b'\x11\xe8\xe1I\xc9z\xb1\xd6\xaf\x82\x12\xdf\x17\xaeN\x1e'
11E8E149-C97A-B1D6-AF82-12DF17AE4E1E,2021-ncaa-d0-natl,ncaa,249,296,157,279,182,217,247,192,310,218,139,317,269,255,286,287,97,120,70,119,119,183,171,312,293,287,178,289,9,124,135,191,182,166,165,273,284,255,264,319,204,223,8,1,,,204,258,,,291,184,206,224,292,312,257,259,140,309,297,51,79,81,226,184,117,229,177,322,262,234,4,,227,,,276,170,168,147,233,174,122,308,177,229,64,272,187,207,91,211,273,157,156,235,231,224,185,171,180,162,182,174,135,169,165,169,146,175,153,164,269,285,337,333,,,104,32,,,291,158,287,216,280,174,170,108,167,53,171,254,192,220,222,120,112,143,180,155,168,171,276,339,,42,,,b'\x11\xe8\xe1I\xc9z\xb1\xd6\xaf\x82\x12\xdf\x17\xaeN\x1e'
11E8E149-C97A-B1D6-AF82-12DF17AE4E1E,2021-ncaa-d1-conf-OVC,ncaa,10,10,11,10,12,10,12,12,11,10,6,12,11,12,10,11,3,4,5,3,4,11,10,10,10,10,7,10,1,7,6,9,7,10,9,12,10,8,9,11,11,9,1,1,,,5,11,,,10,11,4,3,10,11,9,10,3,11,12,2,2,2,7,3,4,9,7,12,9,9,1,,9,,,10,4,4,3,8,6,3,9,4,5,5,7,6,7,1,9,10,3,2,8,7,6,7,7,6,4,7,5,6,5,9,3,4,9,7,6,10,10,12,12,,,3,1,,,10,2,10,7,10,8,8,7,8,5,7,8,8,11,11,7,7,7,9,9,8,7,10,12,,1,,,b'\x11\xe8\xe1I\xc9z\xb1\xd6\xaf\x82\x12\xdf\x17\xaeN\x1e'
11E8E149-C97A-B1D6-AF82-12DF17AE4E1E,2021-ncaa-d1-natl,ncaa,230,294,152,271,173,210,232,186,308,203,119,316,268,245,298,291,69,98,53,99,121,175,159,315,296,290,182,295,6,102,122,184,188,160,159,264,289,265,260,316,164,173,8,1,,,229,265,,,289,170,196,225,289,310,244,255,132,312,296,44,75,75,220,175,103,241,172,324,261,187,3,,238,,,276,179,180,156,235,189,135,308,182,237,57,270,220,229,139,227,280,164,178,234,241,214,194,160,211,176,188,190,122,183,159,176,150,143,133,138,276,278,338,332,,,86,35,,,289,174,285,213,273,180,168,98,167,53,163,249,214,229,227,114,126,144,175,149,165,148,274,338,,45,,,b'\x11\xe8\xe1I\xc9z\xb1\xd6\xaf\x82\x12\xdf\x17\xaeN\x1e'
11E8E149-C97A-B1D6-AF82-12DF17AE4E1E,2022-ncaa-d0-natl,ncaa,355,355,260,355,287,337,328,302,335,331,330,258,237,148,337,46,349,350,256,350,314,322,311,316,327,332,159,96,312,327,331,337,311,338,349,331,304,195,312,335,295,267,186,156,,,142,269,,,353,300,270,275,346,339,307,338,329,208,97,349,349,349,341,324,321,341,350,345,270,278,165,,244,,,353,257,235,93,350,220,100,346,233,134,333,188,266,227,336,226,275,101,63,352,355,354,213,177,233,154,311,181,331,164,349,308,318,329,319,346,275,341,20,118,,,349,341,,,353,56,342,353,355,335,325,175,305,161,295,201,313,286,284,208,117,232,292,280,337,323,309,30,,354,,,b'\x11\xe8\xe1I\xc9z\xb1\xd6\xaf\x82\x12\xdf\x17\xaeN\x1e'
11E8E149-C97A-B1D6-AF82-12DF17AE4E1E,2022-ncaa-d1-conf-OVC,ncaa,10,10,9,10,9,10,10,9,10,10,9,10,5,2,10,2,10,10,7,10,9,9,9,10,10,10,4,2,9,9,9,8,9,9,10,10,9,5,7,9,9,9,4,4,,,5,5,,,10,10,5,6,10,10,6,10,8,5,2,10,10,10,8,5,9,6,8,10,7,8,3,,5,,,10,8,8,7,9,7,6,9,4,5,8,4,6,6,6,6,5,7,2,8,8,10,4,4,6,9,9,9,9,10,10,8,9,9,9,10,6,8,2,9,,,10,10,,,10,1,10,10,10,10,10,9,9,9,8,8,8,8,8,10,7,10,10,10,10,8,7,4,,10,,,b'\x11\xe8\xe1I\xc9z\xb1\xd6\xaf\x82\x12\xdf\x17\xaeN\x1e'
11E8E149-C97A-B1D6-AF82-12DF17AE4E1E,2022-ncaa-d1-natl,ncaa,353,354,270,354,296,341,331,310,336,328,329,271,242,143,344,53,346,349,260,347,324,323,316,326,334,334,171,106,316,313,318,330,312,339,346,332,298,211,310,332,275,242,183,148,,,148,255,,,352,305,261,275,346,339,292,334,319,221,95,348,349,349,326,306,296,340,349,339,273,251,163,,237,,,351,262,243,84,350,225,88,348,236,143,337,197,276,231,339,229,280,103,52,352,354,354,227,181,233,152,312,207,318,180,346,311,317,326,301,341,282,341,23,123,,,346,341,,,352,53,343,353,353,336,322,162,297,142,296,206,312,286,286,200,122,219,300,285,336,306,314,43,,354,,,b'\x11\xe8\xe1I\xc9z\xb1\xd6\xaf\x82\x12\xdf\x17\xaeN\x1e'
11E8E149-C97A-B1D6-AF82-12DF17AE4E1E,2023-ncaa-d0-natl,ncaa,281,284,236,288,287,315,290,269,294,298,322,190,200,101,340,49,344,317,355,321,220,285,263,274,309,324,178,107,333,204,219,330,320,311,315,287,223,254,312,300,135,93,280,287,,,192,263,,,326,274,194,358,324,289,246,301,315,187,74,350,311,316,272,209,175,334,309,276,300,98,275,,259,,,325,167,149,71,300,191,131,258,96,52,284,77,251,205,330,200,238,83,106,281,304,259,128,83,270,196,320,191,219,198,315,220,253,129,72,173,162,224,142,249,,,300,294,,,326,93,322,274,324,243,224,98,256,201,110,66,278,250,246,117,176,255,261,281,259,88,204,175,,293,,,b'\x11\xe8\xe1I\xc9z\xb1\xd6\xaf\x82\x12\xdf\x17\xaeN\x1e'
11E8E149-C97A-B1D6-AF82-12DF17AE4E1E,2023-ncaa-d1-conf-OVC,ncaa,7,9,2,7,5,5,5,4,10,7,8,4,2,1,8,1,9,9,10,9,8,4,4,7,9,8,4,2,10,4,7,6,6,6,9,7,8,8,7,7,7,6,9,9,,,7,6,,,9,4,5,10,8,7,6,9,8,3,1,10,10,10,6,6,5,6,7,8,6,7,9,,6,,,9,9,9,8,6,8,8,5,9,4,9,4,7,6,9,6,4,8,7,6,6,7,5,5,6,9,6,10,7,10,9,8,5,5,6,6,6,6,6,8,,,7,9,,,9,7,9,7,9,7,7,6,8,8,6,4,5,5,5,5,6,8,10,10,6,6,6,5,,9,,,b'\x11\xe8\xe1I\xc9z\xb1\xd6\xaf\x82\x12\xdf\x17\xaeN\x1e'
11E8E149-C97A-B1D6-AF82-12DF17AE4E1E,2023-ncaa-d1-natl,ncaa,265,284,151,285,216,278,253,184,289,275,283,192,182,77,338,56,333,272,353,274,191,214,174,269,302,319,169,109,319,133,182,318,315,263,296,236,197,297,300,288,76,58,237,245,,,265,287,,,309,196,166,358,305,276,208,282,301,182,70,339,283,289,242,163,134,337,285,251,303,67,239,,278,,,309,204,182,94,290,219,173,238,91,52,296,63,287,262,303,260,262,117,174,276,301,224,156,76,291,222,315,252,182,254,296,231,247,74,52,116,180,183,190,252,,,261,300,,,309,167,315,241,307,225,199,69,236,182,101,52,294,269,271,100,200,236,265,276,241,57,186,203,,279,,,b'\x11\xe8\xe1I\xc9z\xb1\xd6\xaf\x82\x12\xdf\x17\xaeN\x1e'
11E8E149-C97A-B1D6-AF82-12DF17AE4E1E,2024-ncaa-d0-natl,ncaa,225,148,325,212,325,268,279,299,238,304,317,186,180,166,215,93,252,182,338,188,57,288,286,207,219,235,87,106,147,141,81,268,201,227,144,254,171,165,252,250,174,116,211,196,,,145,256,,,219,312,145,3,170,192,139,232,236,119,72,153,77,79,111,65,51,125,65,184,295,94,161,,290,,,224,66,71,64,198,87,96,168,84,64,232,112,188,160,270,162,231,59,63,187,203,196,180,125,267,104,201,59,81,59,144,42,60,233,156,110,35,79,84,206,,,246,153,,,219,59,206,208,218,253,230,236,247,277,175,148,285,269,273,262,278,237,239,248,128,124,107,166,,95,,,b'\x11\xe8\xe1I\xc9z\xb1\xd6\xaf\x82\x12\xdf\x17\xaeN\x1e'
11E8E149-C97A-B1D6-AF82-12DF17AE4E1E,2024-ncaa-d1-conf-OVC,ncaa,6,5,6,6,6,7,6,5,9,8,7,6,6,3,9,4,7,2,10,2,2,4,4,8,8,8,6,5,5,3,3,5,5,4,4,6,6,7,6,7,3,6,3,4,,,3,3,,,7,6,5,1,6,6,3,6,5,5,3,5,2,2,2,2,2,4,4,5,9,3,3,,3,,,7,6,5,7,6,8,10,4,3,5,4,4,3,3,7,3,3,7,6,4,5,4,2,2,5,5,5,10,3,9,4,5,5,5,6,6,4,2,10,9,,,4,5,,,7,6,7,3,7,6,6,8,8,10,3,5,5,4,4,8,9,6,11,9,4,6,3,9,,4,,,b'\x11\xe8\xe1I\xc9z\xb1\xd6\xaf\x82\x12\xdf\x17\xaeN\x1e'
11E8E149-C97A-B1D6-AF82-12DF17AE4E1E,2024-ncaa-d1-natl,ncaa,190,150,254,184,254,218,227,210,234,265,261,201,136,118,192,108,176,97,345,98,49,196,173,202,223,233,85,109,142,68,53,180,196,130,104,202,146,256,244,243,118,102,152,164,,,218,243,,,187,227,133,5,155,184,115,230,218,108,75,135,55,56,93,56,35,97,40,160,296,85,133,,279,,,185,123,109,141,128,136,179,110,97,96,170,103,228,210,294,214,213,144,157,116,156,132,172,105,280,182,196,128,53,138,104,61,71,158,135,93,53,57,122,197,,,159,147,,,187,158,194,133,176,208,193,232,218,282,137,139,274,248,254,254,279,240,216,235,109,103,87,164,,76,,,b'\x11\xe8\xe1I\xc9z\xb1\xd6\xaf\x82\x12\xdf\x17\xaeN\x1e'
11E8E149-C97A-B1D6-AF82-12DF17AE4E1E,2025-ncaa-d0-natl,genius_ncaa,312,279,335,312,343,282,267,271,234,199,160,257,326,330,285,318,229,194,293,194,199,262,263,274,284,278,311,319,120,200,159,314,226,286,234,331,351,153,234,319,156,102,106,88,,,221,326,,303,306,274,34,162,183,164,89,86,40,311,302,126,87,90,78,44,105,226,166,318,299,84,60,,340,,346,312,183,158,76,326,163,131,238,177,44,358,75,241,229,239,220,255,77,73,332,339,327,206,174,253,94,226,115,159,99,234,267,318,246,179,292,169,236,306,297,,,291,265,,350,306,83,276,318,311,336,326,263,314,309,285,120,328,319,316,303,307,219,298,276,343,133,288,350,,174,,337,b'\x11\xe8\xe1I\xc9z\xb1\xd6\xaf\x82\x12\xdf\x17\xaeN\x1e'
11E8E149-C97A-B1D6-AF82-12DF17AE4E1E,2025-ncaa-d1-conf-OVC,genius_ncaa,9,8,9,9,10,10,9,7,8,7,3,9,10,10,10,10,7,8,8,8,8,8,6,9,9,9,9,10,6,3,3,9,9,7,6,11,10,8,11,11,6,4,5,7,,,7,10,,9,10,7,2,2,10,7,3,4,1,10,10,7,7,7,2,2,2,8,5,10,11,4,4,,9,,9,10,9,9,5,11,9,7,9,7,4,11,3,8,6,7,6,5,5,4,11,11,11,4,6,6,5,9,4,3,6,6,11,11,9,8,11,9,10,10,7,,,8,9,,10,10,5,9,10,10,11,11,9,11,10,9,4,9,8,8,9,9,7,7,9,11,7,11,11,,8,,10,b'\x11\xe8\xe1I\xc9z\xb1\xd6\xaf\x82\x12\xdf\x17\xaeN\x1e'
11E8E149-C97A-B1D6-AF82-12DF17AE4E1E,2025-ncaa-d1-natl,genius_ncaa,301,279,304,301,318,222,221,215,213,155,117,226,310,317,292,318,129,101,290,98,137,195,181,255,254,256,300,318,70,154,142,293,209,243,212,306,344,209,221,302,93,64,101,99,,,270,316,,314,270,195,22,168,136,135,76,70,41,300,295,65,35,35,54,30,88,215,144,283,292,50,71,,340,,343,273,218,191,106,314,196,178,229,194,62,357,78,266,263,235,257,256,127,145,321,331,298,204,163,263,110,209,153,142,136,212,294,312,156,127,245,205,218,302,269,,,219,238,,345,270,162,241,275,272,329,308,247,302,300,264,112,323,313,309,287,316,198,287,259,339,87,288,334,,121,,335,b'\x11\xe8\xe1I\xc9z\xb1\xd6\xaf\x82\x12\xdf\x17\xaeN\x1e'
11E8E149-C97A-B1D6-AF82-12DF17AE4E1E,2026-ncaa-d0-natl,genius_ncaa,163,250,49,216,73,113,117,99,193,174,248,81,36,6,242,9,143,112,305,111,30,98,84,137,165,186,29,28,239,225,332,68,193,119,281,87,74,307,231,170,145,258,216,280,,,322,201,,153,276,59,58,97,184,204,207,290,351,49,9,232,179,175,193,179,315,92,206,116,227,220,291,,254,,111,262,347,319,326,153,281,273,176,346,339,194,302,354,342,350,342,294,331,321,190,236,272,342,264,307,311,193,341,332,332,281,251,65,143,288,187,236,144,307,332,,,65,117,,37,276,315,221,268,251,305,246,302,170,161,320,338,327,290,292,314,308,237,307,304,129,242,143,255,,121,,65,b'\x11\xe8\xe1I\xc9z\xb1\xd6\xaf\x82\x12\xdf\x17\xaeN\x1e'
11E8E149-C97A-B1D6-AF82-12DF17AE4E1E,2026-ncaa-d1-natl,genius_ncaa,203,249,85,236,117,167,177,157,225,255,321,94,52,11,255,9,185,148,308,147,25,154,135,169,202,219,23,25,221,303,346,99,213,180,314,123,75,275,252,198,213,292,265,298,,,297,222,,125,307,97,69,100,224,236,237,319,355,55,13,244,190,186,230,210,336,110,247,151,239,259,302,,267,,110,302,336,305,308,197,244,222,209,337,333,220,302,349,323,354,323,296,315,293,228,282,308,336,263,302,286,213,325,346,318,314,217,74,211,309,235,188,159,292,343,,,92,109,,45,307,285,257,313,294,329,281,313,206,173,333,340,342,299,303,330,311,258,324,319,155,271,154,272,,121,,60,b'\x11\xe8\xe1I\xc9z\xb1\xd6\xaf\x82\x12\xdf\x17\xaeN\x1e'
11E8E149-C97E-F854-AF82-12DF17AE4E1E,2010-ncaa-d0-natl,ncaa,125,101,178,116,180,183,207,140,275,208,193,240,160,99,280,97,131,172,45,170,151,150,160,270,237,217,105,149,88,220,279,156,222,191,274,325,342,154,153,316,30,22,224,248,,,116,78,,,112,139,68,48,158,199,89,215,181,149,77,97,158,155,95,94,210,119,170,339,189,22,225,,137,,,109,76,99,164,80,172,242,72,36,56,70,44,125,176,13,181,151,168,208,56,35,22,58,61,190,235,222,276,279,277,274,69,94,63,53,36,146,139,214,238,,,220,261,,,112,196,233,29,116,96,117,203,193,286,39,54,142,202,207,212,289,262,305,306,89,39,170,237,,200,,,b'\x11\xe8\xe1I\xc9~\xf8T\xaf\x82\x12\xdf\x17\xaeN\x1e'
11E8E149-C97E-F854-AF82-12DF17AE4E1E,2010-ncaa-d1-conf-MEAC,ncaa,3,3,6,3,9,5,7,7,6,9,10,5,3,2,6,2,6,7,1,7,4,7,8,3,3,4,2,2,5,10,10,7,8,9,10,10,10,4,5,9,2,2,5,7,,,4,3,,,3,6,2,9,2,5,3,8,10,2,2,4,6,6,3,4,10,5,7,10,5,2,5,,4,,,3,5,7,6,6,7,8,6,3,4,3,4,2,6,1,6,5,6,8,5,3,3,1,3,3,8,8,5,10,7,10,7,6,5,5,6,5,6,7,9,,,9,8,,,3,6,4,2,3,6,7,8,8,10,3,4,3,7,7,9,11,9,10,10,8,4,6,8,,7,,,b'\x11\xe8\xe1I\xc9~\xf8T\xaf\x82\x12\xdf\x17\xaeN\x1e'
11E8E149-C97E-F854-AF82-12DF17AE4E1E,2010-ncaa-d1-natl,ncaa,132,100,191,117,195,198,226,156,282,225,201,247,168,105,281,97,137,179,44,177,151,165,172,276,244,223,105,151,84,239,279,172,228,205,280,336,342,141,153,317,32,24,231,250,,,102,79,,,118,151,68,45,165,207,94,220,183,149,78,96,156,153,103,96,216,120,177,339,188,22,225,,138,,,115,61,83,147,87,160,231,77,32,43,76,44,118,164,15,171,150,148,190,59,39,24,57,61,189,225,228,268,279,266,280,57,97,70,59,38,139,143,207,245,,,233,259,,,118,183,237,30,124,100,124,206,198,287,39,55,143,202,205,217,290,265,308,309,91,41,171,242,,203,,,b'\x11\xe8\xe1I\xc9~\xf8T\xaf\x82\x12\xdf\x17\xaeN\x1e'
11E8E149-C97E-F854-AF82-12DF17AE4E1E,2011-ncaa-d0-natl,ncaa,137,154,77,153,82,239,274,202,314,319,309,292,83,36,264,19,160,201,75,202,64,202,179,280,253,260,10,31,89,321,338,80,251,203,324,277,235,245,262,293,146,182,282,298,,,123,67,,,224,121,228,67,298,325,291,337,333,96,38,201,256,258,301,300,329,114,291,321,205,181,292,,80,,,222,127,132,262,31,160,260,43,113,198,30,173,159,181,92,171,130,255,261,26,23,34,129,134,195,315,251,336,338,333,324,128,160,108,150,106,222,234,235,316,,,102,56,,,224,220,307,65,223,77,84,200,108,210,93,157,128,144,136,182,206,290,317,321,94,140,184,208,,146,,,b'\x11\xe8\xe1I\xc9~\xf8T\xaf\x82\x12\xdf\x17\xaeN\x1e'
11E8E149-C97E-F854-AF82-12DF17AE4E1E,2011-ncaa-d1-conf-MEAC,ncaa,3,2,2,2,3,8,8,9,9,11,11,6,1,1,5,1,9,10,1,10,3,10,10,4,4,6,1,1,9,11,11,1,6,8,11,7,3,4,5,6,9,11,8,8,,,2,2,,,7,6,8,3,8,8,10,11,11,1,1,10,10,10,11,10,11,2,8,7,4,11,8,,3,,,7,4,6,10,1,7,11,2,4,7,1,6,3,3,6,3,2,8,5,2,2,3,2,5,5,11,6,10,11,10,11,6,9,10,10,8,7,8,8,11,,,6,6,,,7,5,6,5,7,3,5,9,5,9,4,6,3,3,3,7,5,10,10,10,6,11,5,7,,9,,,b'\x11\xe8\xe1I\xc9~\xf8T\xaf\x82\x12\xdf\x17\xaeN\x1e'
11E8E149-C97E-F854-AF82-12DF17AE4E1E,2011-ncaa-d1-natl,ncaa,145,152,95,157,101,259,285,227,314,328,319,296,89,42,264,19,171,216,71,217,63,230,210,282,255,261,10,29,87,327,338,91,254,229,327,289,241,234,262,294,160,186,286,301,,,106,68,,,229,141,230,67,302,328,296,338,333,101,38,203,258,258,302,300,331,117,294,322,204,185,295,,79,,,228,106,118,244,34,143,243,46,101,183,31,170,152,169,95,162,127,233,242,30,26,36,125,133,197,312,254,336,338,332,327,113,161,123,159,111,210,239,227,317,,,118,52,,,229,198,312,73,229,80,87,200,111,209,94,159,129,146,138,186,206,294,319,322,100,145,187,215,,148,,,b'\x11\xe8\xe1I\xc9~\xf8T\xaf\x82\x12\xdf\x17\xaeN\x1e'
11E8E149-C97E-F854-AF82-12DF17AE4E1E,2012-ncaa-d0-natl,ncaa,305,320,163,313,167,186,174,93,305,241,197,296,52,33,185,43,281,291,173,287,286,117,127,252,276,248,59,32,297,224,325,175,331,199,338,218,250,141,123,207,190,248,223,279,,,160,50,,,319,88,27,50,168,156,23,248,185,36,26,282,291,289,61,64,223,150,196,220,177,179,226,,187,,,314,322,326,315,260,328,317,250,221,217,226,104,257,293,54,287,152,317,289,242,224,281,79,107,117,340,331,331,325,339,338,333,295,219,308,329,221,196,262,272,,,312,339,,,319,255,270,314,308,330,335,339,332,340,234,226,277,301,292,342,338,341,339,341,337,214,234,269,,319,,,b'\x11\xe8\xe1I\xc9~\xf8T\xaf\x82\x12\xdf\x17\xaeN\x1e'
11E8E149-C97E-F854-AF82-12DF17AE4E1E,2012-ncaa-d1-conf-MEAC,ncaa,11,11,9,11,12,8,8,3,9,8,10,6,3,2,5,1,13,13,7,13,13,8,7,6,9,7,4,1,13,12,12,7,12,8,12,8,10,3,3,5,13,13,5,9,,,4,3,,,11,5,1,5,5,4,1,6,9,2,1,13,13,13,3,4,12,4,7,6,3,13,5,,6,,,11,13,13,12,9,13,13,9,10,10,7,5,8,10,3,10,5,13,11,8,8,11,3,6,4,12,12,13,12,13,12,12,10,12,13,13,6,7,10,10,,,13,13,,,11,8,8,12,11,13,13,13,13,13,11,10,9,11,11,13,13,12,13,13,12,12,10,10,,13,,,b'\x11\xe8\xe1I\xc9~\xf8T\xaf\x82\x12\xdf\x17\xaeN\x1e'
11E8E149-C97E-F854-AF82-12DF17AE4E1E,2012-ncaa-d1-natl,ncaa,311,319,196,319,204,206,196,104,307,263,224,299,61,40,186,44,292,300,170,300,285,137,147,260,279,251,57,32,296,242,329,201,332,229,339,241,252,121,124,217,205,255,237,282,,,138,52,,,322,110,28,46,175,166,25,258,191,37,27,287,293,292,63,66,228,153,202,226,180,184,229,,188,,,318,317,321,313,264,324,315,252,212,201,230,104,247,288,55,282,155,314,278,247,231,284,77,110,115,337,332,329,329,339,339,333,297,245,310,331,207,200,256,277,,,320,338,,,322,232,276,321,311,333,335,339,335,340,236,227,278,302,295,342,338,341,338,341,338,224,234,272,,319,,,b'\x11\xe8\xe1I\xc9~\xf8T\xaf\x82\x12\xdf\x17\xaeN\x1e'
11E8E149-C97E-F854-AF82-12DF17AE4E1E,2013-ncaa-d0-natl,ncaa,196,216,120,211,138,165,215,111,309,262,163,332,81,87,101,108,69,116,33,119,106,112,138,287,251,192,35,70,42,109,211,212,332,167,309,292,320,65,63,240,123,153,214,257,,,313,300,,,206,146,176,75,177,254,101,291,173,75,85,64,111,111,90,160,118,251,198,311,74,127,225,,310,,,203,238,187,202,154,254,265,165,35,58,44,32,332,335,141,334,305,256,258,96,155,159,115,15,332,329,332,306,211,324,309,170,155,123,166,130,44,53,265,256,,,98,99,,,206,207,172,223,196,228,168,183,255,288,33,54,326,332,332,259,272,334,317,331,164,129,62,261,,90,,,b'\x11\xe8\xe1I\xc9~\xf8T\xaf\x82\x12\xdf\x17\xaeN\x1e'
11E8E149-C97E-F854-AF82-12DF17AE4E1E,2013-ncaa-d1-conf-MEAC,ncaa,6,6,4,6,5,4,9,4,9,10,9,10,1,1,2,1,3,3,1,3,1,3,4,5,4,3,1,1,3,6,12,6,12,7,13,9,9,4,3,7,7,10,10,11,,,10,12,,,6,4,4,3,3,8,4,11,11,1,1,2,3,3,3,7,8,6,8,10,3,8,10,,11,,,6,11,9,12,7,13,11,10,2,7,3,3,13,13,11,13,11,12,11,6,6,8,6,2,13,12,12,12,12,12,13,8,4,8,9,7,3,2,8,10,,,3,2,,,6,10,3,9,6,12,9,11,12,13,3,6,13,13,13,12,11,13,13,13,7,8,3,8,,2,,,b'\x11\xe8\xe1I\xc9~\xf8T\xaf\x82\x12\xdf\x17\xaeN\x1e'
11E8E149-C97E-F854-AF82-12DF17AE4E1E,2013-ncaa-d1-natl,ncaa,201,216,136,215,158,180,239,123,316,278,181,333,86,90,98,109,75,124,32,127,106,123,158,288,258,195,35,69,39,125,213,234,336,186,311,303,318,55,64,247,141,154,227,260,,,310,301,,,211,167,181,72,185,261,103,296,179,76,89,61,110,112,93,163,123,257,202,314,74,132,227,,310,,,209,225,169,189,157,245,253,167,28,50,45,33,330,331,145,331,305,242,238,105,159,168,115,15,330,326,336,301,213,319,311,161,156,133,172,140,39,53,262,260,,,108,96,,,211,189,176,231,201,234,177,184,262,288,32,53,327,333,334,262,270,334,316,331,170,133,64,263,,91,,,b'\x11\xe8\xe1I\xc9~\xf8T\xaf\x82\x12\xdf\x17\xaeN\x1e'
11E8E149-C97E-F854-AF82-12DF17AE4E1E,2014-ncaa-d0-natl,ncaa,337,326,297,339,323,340,343,318,346,328,231,346,327,310,336,277,234,239,153,238,196,315,311,346,346,342,167,287,11,258,257,320,347,312,343,347,346,156,277,346,283,268,293,310,,,94,145,,,344,317,194,270,335,342,268,314,154,319,286,171,179,176,259,222,199,304,278,348,262,244,275,,193,,,346,159,196,123,281,272,217,265,38,35,137,28,158,200,22,197,179,134,98,235,213,269,23,32,176,330,347,185,257,269,343,178,147,306,296,287,231,306,158,212,,,323,267,,,344,36,340,328,346,292,313,301,330,337,67,64,240,294,293,312,278,347,302,342,269,254,299,235,,280,,,b'\x11\xe8\xe1I\xc9~\xf8T\xaf\x82\x12\xdf\x17\xaeN\x1e'
11E8E149-C97E-F854-AF82-12DF17AE4E1E,2014-ncaa-d1-conf-MEAC,ncaa,12,12,9,12,11,12,13,11,12,12,9,12,12,9,12,7,8,8,3,8,7,11,11,12,13,12,5,8,3,11,11,11,13,11,12,13,13,3,7,13,13,13,10,11,,,4,5,,,13,11,9,7,12,13,10,11,9,10,8,7,7,7,10,10,11,10,11,13,5,13,10,,4,,,13,11,12,8,12,12,12,10,6,2,13,1,5,8,2,8,5,7,4,12,12,13,3,4,4,12,13,7,11,9,12,10,6,13,13,13,9,11,9,11,,,11,9,,,13,3,13,13,13,12,13,11,13,13,6,5,9,9,9,12,6,13,11,12,11,13,10,12,,10,,,b'\x11\xe8\xe1I\xc9~\xf8T\xaf\x82\x12\xdf\x17\xaeN\x1e'
11E8E149-C97E-F854-AF82-12DF17AE4E1E,2014-ncaa-d1-natl,ncaa,332,331,211,335,262,320,333,268,344,297,179,343,323,307,334,287,162,172,143,171,177,259,247,346,341,338,182,298,8,222,257,305,347,289,343,347,347,209,266,345,216,225,270,304,,,171,167,,,344,241,165,184,328,340,243,292,132,320,295,119,136,135,229,194,198,307,281,348,263,200,268,,228,,,344,242,263,193,288,316,287,274,49,48,138,26,214,285,20,284,203,223,191,240,220,255,28,29,190,345,347,254,257,326,343,209,124,224,251,244,262,295,196,204,,,276,246,,,344,105,338,322,343,302,315,295,330,337,66,63,260,309,307,317,297,348,301,343,255,201,289,237,,245,,,b'\x11\xe8\xe1I\xc9~\xf8T\xaf\x82\x12\xdf\x17\xaeN\x1e'
11E8E149-C97E-F854-AF82-12DF17AE4E1E,2015-ncaa-d0-natl,ncaa,267,256,283,269,316,324,341,262,349,328,210,349,296,245,336,229,123,129,166,120,80,240,261,349,347,337,118,244,5,109,146,301,328,234,284,349,349,77,145,345,143,99,335,335,,,82,146,,,275,300,195,283,318,341,146,316,128,282,206,61,51,47,111,125,49,249,130,349,164,91,330,,168,,,275,40,55,58,120,80,130,89,52,40,204,66,110,134,90,123,145,50,71,106,104,87,113,102,205,253,328,204,146,237,284,108,224,168,105,118,116,172,207,241,,,297,271,,,275,45,325,134,283,135,132,166,177,256,95,70,178,196,188,172,228,324,311,330,176,98,192,265,,243,,,b'\x11\xe8\xe1I\xc9~\xf8T\xaf\x82\x12\xdf\x17\xaeN\x1e'
11E8E149-C97E-F854-AF82-12DF17AE4E1E,2015-ncaa-d1-conf-MEAC,ncaa,8,7,8,8,11,10,12,10,13,13,8,13,8,7,12,7,2,3,3,1,1,7,8,13,13,11,2,7,1,6,10,9,7,8,10,13,13,3,3,13,7,4,13,13,,,3,6,,,8,10,7,10,10,12,7,12,7,8,6,1,1,1,4,6,4,7,4,13,3,5,13,,6,,,8,4,5,5,7,6,6,5,5,2,13,2,6,4,9,4,6,5,5,7,6,6,4,8,6,7,7,10,10,9,10,7,11,8,9,9,4,6,5,8,,,8,7,,,8,4,9,6,9,6,7,7,9,10,5,4,8,6,6,7,8,9,12,12,8,6,5,6,,5,,,b'\x11\xe8\xe1I\xc9~\xf8T\xaf\x82\x12\xdf\x17\xaeN\x1e'
11E8E149-C97E-F854-AF82-12DF17AE4E1E,2015-ncaa-d1-natl,ncaa,256,255,209,259,295,300,330,188,349,311,145,349,290,216,341,232,89,77,178,76,74,160,172,349,348,337,122,253,4,64,139,262,316,160,275,349,349,117,136,344,87,70,326,330,,,155,167,,,259,232,143,346,309,336,115,303,102,284,202,45,35,31,80,88,38,230,109,349,169,61,324,,206,,,259,56,62,88,91,77,148,69,90,75,194,108,157,175,101,162,178,85,148,92,93,61,163,137,227,280,316,293,139,300,275,124,231,103,72,84,151,153,231,219,,,240,262,,,259,110,322,104,270,112,107,144,130,213,116,101,187,205,198,152,243,313,326,332,156,60,188,255,,199,,,b'\x11\xe8\xe1I\xc9~\xf8T\xaf\x82\x12\xdf\x17\xaeN\x1e'
11E8E149-C97E-F854-AF82-12DF17AE4E1E,2016-ncaa-d0-natl,ncaa,221,204,240,223,243,330,333,147,349,308,102,349,319,237,344,257,198,189,244,191,256,158,150,349,349,346,195,266,26,33,93,286,232,142,218,345,336,194,184,344,138,107,322,327,,,135,188,,,294,227,167,25,335,344,51,299,42,309,215,178,152,152,55,37,8,264,65,346,246,103,322,,199,,,295,75,76,41,244,145,113,238,41,35,122,46,174,232,4,232,275,58,95,206,192,104,75,44,235,122,232,314,93,274,218,142,234,81,43,90,202,194,177,111,,,257,311,,,294,107,344,115,299,144,152,70,222,166,46,39,212,277,277,107,194,180,338,325,188,40,242,215,,234,,,b'\x11\xe8\xe1I\xc9~\xf8T\xaf\x82\x12\xdf\x17\xaeN\x1e'
11E8E149-C97E-F854-AF82-12DF17AE4E1E,2016-ncaa-d1-conf-MEAC,ncaa,5,4,4,5,4,8,10,4,13,10,5,13,6,3,11,6,6,6,2,6,7,4,4,13,12,12,1,6,4,1,1,10,4,3,4,11,13,8,6,11,3,3,11,11,,,7,9,,,7,5,8,2,10,12,2,11,4,6,3,4,5,4,2,2,1,9,3,12,8,3,11,,6,,,7,7,6,3,9,9,6,9,3,1,7,1,6,8,4,8,9,4,5,8,10,7,4,3,8,2,4,10,1,8,4,8,9,5,2,5,11,8,7,5,,,6,11,,,7,8,11,6,8,6,8,2,8,6,3,1,7,8,7,3,5,2,11,8,8,4,10,5,,7,,,b'\x11\xe8\xe1I\xc9~\xf8T\xaf\x82\x12\xdf\x17\xaeN\x1e'
11E8E149-C97E-F854-AF82-12DF17AE4E1E,2016-ncaa-d1-natl,ncaa,216,204,218,220,225,331,339,144,349,303,95,349,309,239,343,256,188,181,230,179,239,152,153,349,349,346,186,263,23,33,102,283,234,143,227,344,327,180,176,340,148,118,329,330,,,134,188,,,288,217,176,26,333,343,56,304,52,304,214,164,148,147,62,47,11,268,77,344,235,119,328,,193,,,287,74,78,35,240,155,105,235,33,32,123,45,171,233,8,234,271,49,115,200,184,100,76,48,239,126,234,317,102,288,227,135,220,69,39,79,186,178,174,118,,,254,310,,,288,114,345,109,294,129,138,62,211,160,42,36,205,271,275,93,186,170,337,326,175,40,223,203,,241,,,b'\x11\xe8\xe1I\xc9~\xf8T\xaf\x82\x12\xdf\x17\xaeN\x1e'
11E8E149-C97E-F854-AF82-12DF17AE4E1E,2017-ncaa-d0-natl,ncaa,284,283,234,288,263,332,337,264,348,275,132,346,343,325,349,322,161,135,261,136,165,241,243,348,348,340,279,334,9,70,73,343,287,283,245,348,349,161,216,344,33,7,294,267,,,257,342,,,253,305,289,178,342,340,226,270,72,346,324,126,92,95,205,186,39,344,267,349,221,15,291,,308,,,256,15,18,4,318,123,27,324,1,6,20,11,201,277,1,270,337,8,36,265,253,74,30,5,312,53,287,167,73,95,245,30,111,47,5,12,73,104,163,140,,,250,221,,,253,39,326,67,263,46,43,1,178,37,4,7,234,314,310,5,50,92,233,179,54,21,107,205,,223,,,b'\x11\xe8\xe1I\xc9~\xf8T\xaf\x82\x12\xdf\x17\xaeN\x1e'
11E8E149-C97E-F854-AF82-12DF17AE4E1E,2017-ncaa-d1-conf-MEAC,ncaa,9,9,8,9,9,11,11,12,7,7,6,7,13,13,13,13,6,5,10,6,6,12,10,11,11,9,12,13,4,6,4,13,6,13,6,12,13,7,7,12,2,2,12,9,,,9,13,,,7,12,11,3,10,9,10,5,4,13,13,6,4,5,9,8,6,13,13,12,7,2,11,,11,,,7,2,2,1,13,7,1,13,1,1,1,2,7,7,4,7,10,1,1,11,12,8,1,1,9,1,6,1,4,1,6,1,4,2,2,2,2,3,3,3,,,8,6,,,7,1,9,7,7,2,4,1,9,2,1,1,9,9,9,1,2,2,2,1,5,2,3,4,,6,,,b'\x11\xe8\xe1I\xc9~\xf8T\xaf\x82\x12\xdf\x17\xaeN\x1e'
11E8E149-C97E-F854-AF82-12DF17AE4E1E,2017-ncaa-d1-natl,ncaa,283,282,217,287,266,331,336,252,348,279,126,345,341,324,349,315,161,132,270,135,180,236,242,348,347,341,271,329,13,47,61,345,281,279,236,347,348,150,199,343,30,4,297,267,,,262,342,,,247,310,293,178,337,340,201,268,63,340,319,135,93,95,188,176,22,344,260,349,200,13,292,,301,,,248,9,13,1,312,107,20,318,1,5,30,9,195,287,2,276,335,4,23,247,245,62,34,6,315,45,281,190,61,114,236,19,104,39,4,11,64,92,180,142,,,249,230,,,247,35,326,57,249,31,32,1,152,33,4,6,233,313,308,4,47,82,236,182,42,19,92,212,,222,,,b'\x11\xe8\xe1I\xc9~\xf8T\xaf\x82\x12\xdf\x17\xaeN\x1e'
11E8E149-C97E-F854-AF82-12DF17AE4E1E,2018-ncaa-d0-natl,ncaa,185,162,242,188,267,275,266,212,302,212,140,309,301,281,301,279,209,199,253,206,232,214,177,320,313,314,262,277,95,35,17,306,291,175,124,231,178,303,292,291,53,29,210,186,,,290,325,,,209,245,163,185,272,268,139,176,82,301,269,172,149,158,135,67,12,304,106,226,316,31,199,,322,,,209,50,16,18,121,51,58,131,13,13,65,18,331,339,28,339,345,47,106,86,131,59,209,19,347,187,291,69,17,93,124,26,130,61,21,19,199,208,139,122,,,259,282,,,209,94,285,74,212,87,34,14,84,88,19,15,337,341,341,67,201,245,122,164,58,31,241,178,,217,,,b'\x11\xe8\xe1I\xc9~\xf8T\xaf\x82\x12\xdf\x17\xaeN\x1e'
11E8E149-C97E-F854-AF82-12DF17AE4E1E,2018-ncaa-d1-conf-MEAC,ncaa,5,5,4,5,6,8,8,8,6,3,5,7,12,13,6,12,10,10,1,10,12,8,9,7,6,8,12,11,6,5,1,11,4,9,3,6,7,10,9,7,2,2,11,10,,,9,12,,,5,9,12,7,9,9,9,6,5,11,13,11,11,11,11,11,5,11,11,8,8,2,11,,9,,,5,3,2,1,6,3,1,6,2,2,7,3,13,13,8,13,13,1,3,6,8,6,10,3,13,2,4,2,1,2,3,1,2,4,3,1,10,9,2,1,,,11,11,,,5,5,7,5,5,5,2,1,3,1,2,2,13,12,12,2,2,1,1,1,1,4,8,1,,11,,,b'\x11\xe8\xe1I\xc9~\xf8T\xaf\x82\x12\xdf\x17\xaeN\x1e'
11E8E149-C97E-F854-AF82-12DF17AE4E1E,2018-ncaa-d1-natl,ncaa,169,162,144,175,178,235,219,168,270,159,92,277,290,275,283,281,176,155,264,158,220,161,106,299,295,298,275,279,111,27,22,277,289,135,129,206,188,322,289,280,35,20,190,164,,,314,328,,,174,168,140,203,254,229,141,147,79,295,277,163,139,143,133,68,14,291,111,217,312,21,190,,325,,,174,59,16,20,92,53,83,88,21,20,89,22,337,341,23,344,345,79,186,72,112,43,244,25,347,231,289,95,22,135,129,29,139,39,22,15,241,212,136,88,,,222,269,,,174,170,264,64,180,73,25,14,62,80,21,18,338,341,342,69,207,250,106,162,48,30,251,144,,204,,,b'\x11\xe8\xe1I\xc9~\xf8T\xaf\x82\x12\xdf\x17\xaeN\x1e'
11E8E149-C97E-F854-AF82-12DF17AE4E1E,2019-ncaa-d0-natl,ncaa,266,269,249,269,259,319,303,280,304,224,118,324,345,343,322,336,267,227,316,223,265,280,282,331,337,327,329,332,115,239,243,338,342,328,336,346,348,174,233,338,181,142,337,332,,,251,311,,,300,293,249,97,329,311,261,187,61,345,342,263,181,175,255,231,207,348,339,348,225,145,337,,299,,,301,87,72,30,251,133,85,263,28,28,119,43,264,286,88,282,314,50,96,225,238,140,118,26,308,243,342,168,243,203,336,26,41,70,28,16,148,218,176,139,,,262,198,,,300,61,332,174,296,149,120,40,198,123,38,33,290,310,306,69,193,285,257,283,49,41,194,212,,216,,,b'\x11\xe8\xe1I\xc9~\xf8T\xaf\x82\x12\xdf\x17\xaeN\x1e'
11E8E149-C97E-F854-AF82-12DF17AE4E1E,2019-ncaa-d1-conf-MEAC,ncaa,7,6,9,7,9,9,7,9,3,4,3,5,12,12,6,12,12,11,8,11,12,10,12,7,9,7,12,12,10,11,10,12,10,12,11,11,12,2,3,8,6,5,12,12,,,9,12,,,7,12,10,1,8,5,6,2,1,12,12,11,10,10,8,10,10,12,12,10,2,6,12,,9,,,7,4,3,1,12,4,1,12,3,1,8,3,9,10,9,10,12,1,1,11,11,8,6,4,12,2,10,3,10,1,11,1,2,2,1,1,3,6,5,4,,,11,10,,,7,1,8,7,7,6,4,1,6,3,4,2,9,10,10,1,3,3,5,4,1,1,4,7,,9,,,b'\x11\xe8\xe1I\xc9~\xf8T\xaf\x82\x12\xdf\x17\xaeN\x1e'
11E8E149-C97E-F854-AF82-12DF17AE4E1E,2019-ncaa-d1-natl,ncaa,266,282,155,278,187,313,303,259,316,224,96,325,344,336,331,333,241,182,318,176,224,251,230,335,338,336,318,332,80,202,233,333,340,306,331,347,348,239,254,341,150,140,335,333,,,301,322,,,300,232,247,114,333,320,279,229,73,343,336,244,164,162,264,233,197,344,324,349,237,144,338,,318,,,298,109,81,46,218,150,113,252,27,44,40,64,295,313,68,312,326,89,159,179,216,104,124,26,319,282,340,226,233,266,331,25,40,58,35,17,192,217,166,119,,,223,179,,,300,125,336,153,298,139,103,45,180,109,29,48,298,319,318,81,199,300,247,289,38,42,198,182,,200,,,b'\x11\xe8\xe1I\xc9~\xf8T\xaf\x82\x12\xdf\x17\xaeN\x1e'
11E8E149-C97E-F854-AF82-12DF17AE4E1E,2020-ncaa-d0-natl,ncaa,163,134,260,152,292,277,253,200,295,185,112,287,303,278,325,274,251,254,212,252,283,215,244,314,314,272,288,288,163,72,82,335,317,260,252,320,324,69,99,248,53,25,274,260,,,246,308,,,154,300,235,173,244,210,91,131,43,296,257,219,200,200,98,134,37,334,221,310,113,31,270,,286,,,153,29,17,15,146,67,62,159,6,12,33,39,275,283,163,285,320,19,65,87,140,38,117,13,345,185,317,165,82,174,252,32,125,33,15,11,85,105,142,104,,,295,286,,,154,57,236,53,144,58,32,12,111,100,5,20,302,303,305,32,150,237,245,259,51,18,120,176,,258,,,b'\x11\xe8\xe1I\xc9~\xf8T\xaf\x82\x12\xdf\x17\xaeN\x1e'
11E8E149-C97E-F854-AF82-12DF17AE4E1E,2020-ncaa-d1-conf-MEAC,ncaa,2,2,3,2,9,5,6,3,4,5,3,5,6,6,8,7,7,10,3,10,10,5,6,5,6,4,9,7,9,3,4,10,8,7,7,7,11,1,1,3,3,2,10,8,,,6,8,,,4,10,10,9,5,4,2,4,2,6,6,8,10,10,4,6,4,10,6,6,1,2,10,,6,,,4,2,2,1,5,5,2,7,2,3,1,3,3,4,8,4,7,1,2,4,3,2,3,3,10,5,8,6,4,6,7,4,5,3,2,3,2,1,3,1,,,8,10,,,4,2,3,2,4,2,2,1,5,3,1,3,3,4,4,1,1,4,7,6,4,2,2,4,,8,,,b'\x11\xe8\xe1I\xc9~\xf8T\xaf\x82\x12\xdf\x17\xaeN\x1e'
11E8E149-C97E-F854-AF82-12DF17AE4E1E,2020-ncaa-d1-natl,ncaa,133,134,128,139,200,219,183,74,276,109,45,266,282,237,323,264,206,199,208,195,277,84,133,302,300,254,291,287,166,22,61,328,318,202,239,294,324,76,65,215,13,13,247,242,,,274,297,,,108,230,214,181,218,177,52,102,36,283,234,197,182,181,64,105,23,334,200,297,86,14,249,,278,,,110,45,28,21,135,110,98,165,5,20,19,38,288,298,141,298,308,38,152,83,125,24,105,13,342,230,318,246,61,247,239,48,145,13,9,8,93,77,147,80,,,255,287,,,108,130,199,35,104,49,28,12,106,88,5,19,287,296,296,28,172,236,244,256,52,11,94,154,,245,,,b'\x11\xe8\xe1I\xc9~\xf8T\xaf\x82\x12\xdf\x17\xaeN\x1e'
11E8E149-C97E-F854-AF82-12DF17AE4E1E,2021-ncaa-d0-natl,ncaa,128,20,293,35,299,288,294,291,283,282,251,308,314,319,219,323,158,192,54,194,79,285,285,302,249,260,192,314,4,200,31,310,329,292,213,312,314,79,247,313,140,18,309,291,,,77,273,,,132,294,90,224,170,246,154,147,38,305,315,9,11,12,86,33,26,295,143,302,289,15,294,,294,,,125,36,34,43,79,40,48,100,38,51,61,128,75,106,20,99,280,45,55,72,70,30,181,95,287,118,329,39,31,53,213,34,151,195,20,17,46,108,42,60,,,263,94,,,132,50,216,53,136,94,73,99,116,139,75,104,234,281,278,140,284,325,119,250,92,14,159,114,,38,,,b'\x11\xe8\xe1I\xc9~\xf8T\xaf\x82\x12\xdf\x17\xaeN\x1e'
11E8E149-C97E-F854-AF82-12DF17AE4E1E,2021-ncaa-d1-conf-MEAC,ncaa,3,3,4,3,4,3,3,3,4,3,3,5,6,6,4,8,2,2,1,2,6,3,4,6,3,2,6,8,3,3,1,4,6,4,4,3,5,5,2,4,2,1,7,8,,,6,7,,,3,4,6,1,3,4,3,2,2,7,8,2,2,3,3,4,3,6,5,5,2,2,8,,5,,,3,6,5,5,4,4,4,6,7,7,4,8,6,6,3,6,8,5,5,5,5,4,7,6,6,6,6,5,1,5,4,4,3,3,2,3,4,2,5,3,,,2,4,,,3,5,2,4,3,4,3,1,2,1,5,6,5,6,6,1,2,3,2,1,3,3,1,3,,4,,,b'\x11\xe8\xe1I\xc9~\xf8T\xaf\x82\x12\xdf\x17\xaeN\x1e'
11E8E149-C97E-F854-AF82-12DF17AE4E1E,2021-ncaa-d1-natl,ncaa,139,20,299,37,304,293,298,299,288,287,260,313,316,320,221,323,165,203,52,208,79,292,290,306,255,263,187,313,3,216,33,310,331,298,221,316,313,74,252,314,152,18,311,293,,,69,275,,,141,298,93,225,178,259,160,157,41,304,317,8,12,12,90,37,29,300,153,308,291,16,296,,297,,,136,33,30,39,90,37,44,108,36,49,65,125,69,95,23,90,281,39,53,77,80,31,176,94,287,110,331,34,33,50,221,31,151,211,20,18,44,112,38,62,,,273,92,,,141,45,227,60,145,99,78,100,122,139,75,104,241,288,283,143,280,326,122,252,97,15,163,120,,39,,,b'\x11\xe8\xe1I\xc9~\xf8T\xaf\x82\x12\xdf\x17\xaeN\x1e'
11E8E149-C97E-F854-AF82-12DF17AE4E1E,2022-ncaa-d0-natl,ncaa,139,35,337,75,341,317,311,298,290,263,207,307,325,330,292,309,274,262,282,259,239,296,315,311,315,292,297,299,125,83,11,353,310,302,153,348,351,48,168,318,121,29,299,254,,,125,330,,,150,342,172,164,214,184,57,100,27,299,283,155,117,118,59,50,9,342,112,333,225,32,267,,323,,,142,7,4,2,196,27,21,208,2,1,39,12,209,257,41,255,342,4,16,148,179,56,102,7,350,68,310,13,11,18,153,4,83,113,13,7,103,229,26,31,,,315,226,,,150,15,219,68,145,82,52,16,153,111,6,5,326,340,340,45,203,224,180,209,45,14,265,96,,146,,,b'\x11\xe8\xe1I\xc9~\xf8T\xaf\x82\x12\xdf\x17\xaeN\x1e'
11E8E149-C97E-F854-AF82-12DF17AE4E1E,2022-ncaa-d1-conf-MEAC,ncaa,3,2,3,3,3,3,3,3,2,2,1,5,5,6,2,8,6,6,3,6,8,4,4,4,4,4,8,6,7,1,1,7,5,3,3,6,8,2,2,5,2,2,5,6,,,4,6,,,4,7,7,2,3,1,1,1,1,6,7,6,6,6,4,4,1,8,5,7,2,3,6,,4,,,4,3,3,1,6,4,4,6,1,1,3,2,4,3,4,5,5,1,2,6,6,4,3,1,6,3,5,2,1,1,3,1,2,3,3,2,5,5,3,1,,,6,6,,,4,2,2,4,3,2,4,1,4,5,1,1,5,5,5,1,1,4,1,1,1,3,5,4,,5,,,b'\x11\xe8\xe1I\xc9~\xf8T\xaf\x82\x12\xdf\x17\xaeN\x1e'
11E8E149-C97E-F854-AF82-12DF17AE4E1E,2022-ncaa-d1-natl,ncaa,120,35,326,71,334,297,285,256,303,216,149,307,315,313,306,307,260,235,281,236,257,253,279,319,321,301,304,296,143,38,8,351,316,269,131,335,346,81,158,307,57,12,278,228,,,191,332,,,111,332,151,172,206,169,32,87,22,294,270,158,118,120,31,32,4,341,91,321,228,11,241,,323,,,102,7,6,2,172,37,28,170,2,1,41,10,237,289,25,287,341,5,29,120,158,21,103,7,351,88,316,27,8,39,131,6,127,51,7,5,119,183,50,33,,,296,256,,,111,24,219,32,104,57,25,10,125,108,5,5,319,341,341,36,219,225,191,213,40,8,238,115,,162,,,b'\x11\xe8\xe1I\xc9~\xf8T\xaf\x82\x12\xdf\x17\xaeN\x1e'
11E8E149-C97E-F854-AF82-12DF17AE4E1E,2023-ncaa-d0-natl,ncaa,181,91,345,153,351,344,343,334,319,306,260,299,344,324,346,260,277,281,200,286,246,336,344,333,326,312,274,300,89,152,66,361,258,346,236,338,292,49,202,291,96,14,354,341,,,133,343,,,196,354,280,289,306,298,186,224,115,320,268,194,178,188,195,181,51,359,291,315,199,23,351,,302,,,201,4,4,1,317,35,6,346,1,1,7,26,160,195,75,197,339,1,4,258,281,92,29,2,344,8,258,25,66,10,236,15,191,114,7,15,5,56,15,45,,,317,204,,,196,6,281,80,212,46,37,1,175,30,4,4,282,302,304,1,50,58,206,131,84,21,52,62,,201,,,b'\x11\xe8\xe1I\xc9~\xf8T\xaf\x82\x12\xdf\x17\xaeN\x1e'
11E8E149-C97E-F854-AF82-12DF17AE4E1E,2023-ncaa-d1-conf-MEAC,ncaa,3,2,5,3,5,5,4,5,1,4,4,4,4,5,2,4,5,7,1,7,7,5,5,2,1,1,6,4,7,2,1,8,2,6,2,5,7,1,1,3,2,2,6,6,,,4,7,,,3,6,5,3,2,2,2,4,4,3,4,3,7,7,3,4,1,8,6,4,2,2,6,,5,,,2,4,2,1,8,5,3,8,1,1,4,2,5,4,7,4,5,1,2,8,8,6,2,1,6,1,2,1,1,1,2,4,3,2,2,3,1,1,1,2,,,6,6,,,3,2,1,4,3,5,4,1,5,4,1,1,6,5,6,1,2,1,2,1,4,2,1,3,,5,,,b'\x11\xe8\xe1I\xc9~\xf8T\xaf\x82\x12\xdf\x17\xaeN\x1e'
11E8E149-C97E-F854-AF82-12DF17AE4E1E,2023-ncaa-d1-natl,ncaa,151,91,310,127,335,308,294,263,316,237,180,291,318,280,343,260,243,233,214,242,265,271,285,322,319,294,284,299,120,71,42,355,254,299,198,315,294,93,166,269,39,10,341,328,,,199,335,,,165,334,271,289,286,268,136,186,93,309,250,205,180,192,148,152,26,358,250,304,184,15,342,,284,,,165,11,8,1,277,53,10,322,5,6,13,57,209,236,65,237,337,4,19,226,242,55,53,7,338,36,254,77,42,35,198,24,199,48,6,12,6,28,21,27,,,274,235,,,165,24,258,49,169,32,27,2,125,26,6,11,264,281,282,1,58,81,184,133,72,10,28,45,,205,,,b'\x11\xe8\xe1I\xc9~\xf8T\xaf\x82\x12\xdf\x17\xaeN\x1e'
11E8E149-C97E-F854-AF82-12DF17AE4E1E,2024-ncaa-d0-natl,ncaa,319,297,325,318,335,356,350,313,354,315,201,354,343,331,352,294,344,333,314,332,342,322,314,356,359,356,317,298,207,113,71,352,276,308,233,355,342,207,312,350,98,32,178,130,,,101,276,,,313,339,215,152,349,336,166,262,71,339,297,324,292,290,213,120,35,340,205,353,317,39,124,,243,,,320,29,19,8,291,40,49,146,37,2,359,10,204,228,94,231,305,9,24,269,285,179,192,85,315,59,276,75,71,56,233,63,214,157,35,79,184,277,93,125,,,358,360,,,313,22,346,180,324,166,111,24,165,179,85,5,294,313,313,54,150,162,261,239,164,50,289,183,,354,,,b'\x11\xe8\xe1I\xc9~\xf8T\xaf\x82\x12\xdf\x17\xaeN\x1e'
11E8E149-C97E-F854-AF82-12DF17AE4E1E,2024-ncaa-d1-conf-MEAC,ncaa,7,6,7,7,7,7,7,7,7,5,4,7,7,7,7,7,8,8,8,8,8,7,7,7,7,7,8,7,7,2,1,7,4,5,1,7,6,4,6,7,5,2,2,1,,,6,8,,,6,7,5,4,7,7,4,4,1,7,7,8,8,8,5,2,1,5,2,7,6,3,2,,8,,,6,3,3,2,5,3,3,3,1,1,8,1,6,6,6,6,6,2,2,5,5,6,4,3,7,2,4,2,1,2,1,3,5,7,4,6,5,5,4,4,,,8,8,,,6,2,7,6,6,5,4,3,4,5,3,1,7,7,8,4,4,3,6,4,6,5,5,5,,8,,,b'\x11\xe8\xe1I\xc9~\xf8T\xaf\x82\x12\xdf\x17\xaeN\x1e'
11E8E149-C97E-F854-AF82-12DF17AE4E1E,2024-ncaa-d1-natl,ncaa,309,296,320,311,330,351,342,273,356,298,167,355,348,322,358,295,330,315,299,314,341,290,271,358,360,359,327,316,184,68,54,349,297,280,226,355,340,245,310,351,60,21,147,113,,,145,276,,,311,330,210,157,352,337,150,247,63,345,295,316,286,286,194,110,22,344,193,352,317,33,116,,249,,,316,37,30,11,259,47,66,124,55,7,361,20,211,242,76,245,304,13,35,255,264,145,230,117,313,98,297,130,54,100,226,80,241,96,27,67,224,272,109,111,,,358,362,,,311,34,349,147,316,144,91,24,127,152,105,15,286,302,305,51,161,193,265,252,165,38,294,181,,353,,,b'\x11\xe8\xe1I\xc9~\xf8T\xaf\x82\x12\xdf\x17\xaeN\x1e'
11E8E149-C97E-F854-AF82-12DF17AE4E1E,2025-ncaa-d0-natl,genius_ncaa,265,199,335,257,348,341,343,321,340,288,203,331,353,343,356,333,165,66,355,73,48,287,281,353,348,345,295,343,13,68,25,358,354,293,245,357,346,212,287,349,181,119,168,136,,,243,349,,110,291,333,152,269,307,321,218,205,80,350,329,58,12,15,117,61,15,355,175,352,328,112,118,,347,,182,300,49,31,13,263,99,75,226,9,7,167,11,281,311,53,312,341,31,48,213,238,155,116,14,345,230,354,34,25,100,245,44,143,138,57,63,295,329,109,132,,,186,74,,80,291,31,319,205,298,211,158,75,262,239,24,20,343,348,348,161,273,332,183,277,141,48,346,203,,41,,36,b'\x11\xe8\xe1I\xc9~\xf8T\xaf\x82\x12\xdf\x17\xaeN\x1e'
11E8E149-C97E-F854-AF82-12DF17AE4E1E,2025-ncaa-d1-conf-MEAC,genius_ncaa,5,5,5,5,6,6,6,6,6,4,4,2,7,6,8,6,5,4,7,4,2,6,6,6,6,6,8,7,5,3,2,8,6,6,5,6,6,5,4,5,6,5,4,4,,,5,7,,2,6,6,6,3,6,6,6,3,4,7,6,4,3,3,6,3,2,8,6,6,5,6,4,,6,,2,6,5,4,2,6,4,5,5,1,1,7,1,3,4,5,4,5,1,1,6,6,6,2,1,5,4,6,2,2,2,5,6,7,5,5,6,6,6,1,4,,,4,4,,3,6,2,5,6,6,5,5,5,5,6,3,1,4,5,5,5,5,5,2,5,6,5,6,4,,3,,3,b'\x11\xe8\xe1I\xc9~\xf8T\xaf\x82\x12\xdf\x17\xaeN\x1e'
11E8E149-C97E-F854-AF82-12DF17AE4E1E,2025-ncaa-d1-natl,genius_ncaa,262,199,341,255,351,332,336,316,339,271,195,324,354,344,356,335,155,54,359,58,40,280,269,350,349,344,308,346,12,50,21,358,353,287,236,349,343,234,287,347,153,97,173,130,,,257,350,,121,287,336,141,269,304,317,198,191,79,352,328,60,11,11,106,53,14,356,162,344,330,83,123,,350,,191,295,53,34,11,264,104,75,226,7,5,170,12,285,315,55,314,343,27,47,212,239,144,116,16,346,235,353,43,21,108,236,47,149,110,47,57,302,335,117,132,,,175,73,,82,287,27,322,190,295,201,145,67,256,235,24,18,345,348,348,146,276,325,188,276,141,39,347,209,,38,,42,b'\x11\xe8\xe1I\xc9~\xf8T\xaf\x82\x12\xdf\x17\xaeN\x1e'
11E8E149-C97E-F854-AF82-12DF17AE4E1E,2026-ncaa-d0-natl,genius_ncaa,332,346,116,332,142,295,308,240,353,281,158,360,308,323,217,343,158,149,224,144,163,230,212,352,347,344,156,284,26,322,356,260,357,289,361,306,228,276,314,341,252,311,344,355,,,263,250,,73,362,185,271,97,359,361,346,347,186,347,351,193,181,172,340,333,352,339,360,350,255,301,351,,269,,63,356,332,322,261,310,327,235,344,258,293,99,225,350,339,308,339,311,284,230,305,320,347,168,100,294,357,357,316,356,343,361,334,291,284,346,349,254,284,332,318,,,199,179,,205,362,171,351,357,360,341,331,297,328,228,242,299,342,330,335,325,265,356,338,356,340,341,253,322,,263,,234,b'\x11\xe8\xe1I\xc9~\xf8T\xaf\x82\x12\xdf\x17\xaeN\x1e'
11E8E149-C97E-F854-AF82-12DF17AE4E1E,2026-ncaa-d1-natl,genius_ncaa,332,363,13,353,35,233,245,120,351,220,47,358,275,287,218,335,116,91,259,89,196,116,86,350,350,340,183,274,52,245,351,163,355,194,359,278,279,316,264,328,190,299,314,351,,,338,223,,69,361,58,229,100,355,356,315,328,137,339,350,210,176,174,306,295,325,320,353,348,213,277,344,,255,,44,356,360,359,346,314,361,340,342,298,327,102,195,355,350,296,350,282,353,339,299,312,343,130,85,258,362,355,359,351,363,359,356,286,215,337,347,301,244,341,285,,,137,239,,162,361,298,348,354,357,341,336,311,336,265,219,281,331,315,318,332,277,358,352,357,339,317,205,308,,277,,225,b'\x11\xe8\xe1I\xc9~\xf8T\xaf\x82\x12\xdf\x17\xaeN\x1e'
11E8E149-C983-24F6-AF82-12DF17AE4E1E,2010-ncaa-d0-natl,ncaa,262,224,288,260,315,316,321,322,302,329,321,310,215,241,176,133,258,277,154,278,104,320,321,288,279,290,66,99,76,247,138,279,261,277,181,280,82,188,313,283,225,146,262,242,,,37,132,,,223,327,286,270,317,326,315,320,296,184,189,212,226,225,310,280,179,210,211,258,274,174,236,,100,,,231,8,13,39,48,16,61,29,70,49,214,130,52,56,111,50,129,25,31,49,40,43,201,198,191,148,261,21,138,45,181,57,276,240,127,148,106,232,323,339,,,282,119,,,223,21,286,70,229,35,41,102,52,147,124,99,105,115,107,88,91,257,87,169,140,157,197,336,,208,,,b'\x11\xe8\xe1I\xc9\x83$\xf6\xaf\x82\x12\xdf\x17\xaeN\x1e'
11E8E149-C983-24F6-AF82-12DF17AE4E1E,2010-ncaa-d1-conf-NEC,ncaa,9,8,6,9,8,9,9,9,10,10,8,10,7,5,7,3,8,7,5,7,7,9,7,9,9,10,3,4,3,6,5,7,7,7,8,9,4,6,9,9,5,4,8,8,,,3,4,,,8,7,9,7,10,10,10,10,9,5,4,8,7,7,10,7,5,6,7,9,9,4,8,,4,,,8,3,1,5,3,2,5,3,5,5,8,6,6,5,11,5,8,4,4,4,5,4,8,8,10,3,7,3,5,2,8,5,7,6,5,6,7,9,8,11,,,8,6,,,8,5,9,4,8,4,2,4,2,3,7,4,7,6,5,3,2,6,6,4,7,5,8,10,,8,,,b'\x11\xe8\xe1I\xc9\x83$\xf6\xaf\x82\x12\xdf\x17\xaeN\x1e'
11E8E149-C983-24F6-AF82-12DF17AE4E1E,2010-ncaa-d1-natl,ncaa,268,223,323,265,338,328,332,335,307,335,329,314,222,247,178,134,272,288,155,289,102,334,336,292,281,294,63,98,72,263,142,295,266,297,187,297,83,175,313,285,238,156,265,242,,,30,132,,,228,340,289,270,318,326,316,323,297,186,189,212,228,228,312,283,182,214,213,266,274,187,236,,99,,,236,3,7,19,51,7,43,30,58,38,216,131,45,51,113,45,132,9,10,53,44,46,200,199,190,135,266,13,142,25,187,46,277,254,133,154,99,233,322,340,,,297,115,,,228,7,292,81,232,40,45,104,58,152,125,100,110,117,109,88,93,261,92,173,146,166,200,339,,209,,,b'\x11\xe8\xe1I\xc9\x83$\xf6\xaf\x82\x12\xdf\x17\xaeN\x1e'
11E8E149-C983-24F6-AF82-12DF17AE4E1E,2011-ncaa-d0-natl,ncaa,282,279,242,286,251,279,302,303,285,326,300,325,125,185,33,118,173,224,71,222,87,296,298,243,202,226,15,49,57,305,305,320,312,323,325,217,23,114,243,198,146,100,257,242,,,46,79,,,270,283,261,45,270,304,286,327,284,96,152,130,186,184,286,289,303,323,329,179,195,101,255,,72,,,269,121,157,75,293,128,75,263,209,136,322,208,52,51,177,52,96,52,76,298,291,229,166,250,63,161,312,151,305,160,325,179,214,157,88,177,180,261,176,276,,,245,129,,,270,63,250,257,269,191,228,139,195,129,262,173,91,86,81,113,134,221,242,244,237,109,226,211,,204,,,b'\x11\xe8\xe1I\xc9\x83$\xf6\xaf\x82\x12\xdf\x17\xaeN\x1e'
11E8E149-C983-24F6-AF82-12DF17AE4E1E,2011-ncaa-d1-conf-NEC,ncaa,9,9,5,9,5,8,10,10,9,10,10,11,2,6,1,4,5,5,1,5,2,10,10,7,6,5,1,2,2,10,10,10,10,10,10,7,2,4,7,7,2,2,7,7,,,1,3,,,8,8,8,2,7,10,10,10,10,1,5,4,5,5,9,8,10,10,10,6,6,2,7,,3,,,8,5,9,3,10,8,5,11,5,6,7,6,4,3,11,2,5,4,4,10,10,9,2,5,5,5,10,5,10,5,10,3,4,3,3,4,6,8,10,9,,,8,6,,,8,3,6,9,8,7,9,4,10,5,5,5,5,5,5,4,6,8,8,8,5,3,7,10,,7,,,b'\x11\xe8\xe1I\xc9\x83$\xf6\xaf\x82\x12\xdf\x17\xaeN\x1e'
11E8E149-C983-24F6-AF82-12DF17AE4E1E,2011-ncaa-d1-natl,ncaa,289,277,279,291,284,288,314,320,288,334,312,327,133,197,34,117,191,238,69,238,88,313,314,249,210,228,15,49,57,314,307,331,313,335,328,227,23,94,242,202,160,106,265,246,,,32,79,,,273,306,263,44,272,307,290,328,286,101,153,132,189,188,288,289,305,324,330,183,195,110,257,,72,,,275,100,140,55,297,117,57,267,198,123,324,205,44,41,184,41,97,34,54,300,293,234,165,247,62,144,313,130,307,133,328,173,212,179,95,184,162,265,162,280,,,266,128,,,273,40,250,265,272,197,232,141,199,133,263,175,91,85,78,116,137,227,244,245,243,113,230,219,,203,,,b'\x11\xe8\xe1I\xc9\x83$\xf6\xaf\x82\x12\xdf\x17\xaeN\x1e'
11E8E149-C983-24F6-AF82-12DF17AE4E1E,2012-ncaa-d0-natl,ncaa,171,174,163,186,220,234,257,234,263,314,297,291,60,81,63,41,247,255,120,256,135,248,270,193,195,182,20,19,198,301,318,308,312,316,333,148,22,85,162,107,102,73,319,327,,,180,234,,,201,242,220,255,245,279,239,327,307,41,60,244,268,269,260,285,306,322,331,118,106,82,322,,215,,,204,117,145,75,263,238,209,241,12,11,119,10,183,218,62,215,197,92,130,201,205,162,20,12,238,209,312,233,318,224,333,165,188,133,85,135,74,143,42,134,,,246,170,,,201,107,226,195,205,157,181,83,274,260,12,10,209,241,239,113,141,241,262,268,194,104,101,51,,249,,,b'\x11\xe8\xe1I\xc9\x83$\xf6\xaf\x82\x12\xdf\x17\xaeN\x1e'
11E8E149-C983-24F6-AF82-12DF17AE4E1E,2012-ncaa-d1-conf-NEC,ncaa,7,6,7,7,8,8,9,8,11,10,9,11,2,3,2,1,7,7,5,7,6,8,8,9,9,7,1,1,8,8,10,11,11,10,11,6,1,1,1,2,4,1,10,11,,,8,7,,,7,8,8,7,8,9,6,10,9,2,1,7,8,8,6,10,9,11,10,6,1,3,10,,8,,,7,3,3,2,10,10,6,10,1,1,2,1,7,7,9,7,7,2,5,9,10,7,1,1,9,4,11,7,10,8,11,4,3,6,2,2,1,2,1,5,,,7,7,,,7,4,7,7,6,5,5,2,11,9,1,1,8,8,8,3,4,5,9,10,5,4,2,3,,6,,,b'\x11\xe8\xe1I\xc9\x83$\xf6\xaf\x82\x12\xdf\x17\xaeN\x1e'
11E8E149-C983-24F6-AF82-12DF17AE4E1E,2012-ncaa-d1-natl,ncaa,186,173,196,191,262,254,278,259,270,328,307,295,66,87,63,42,263,280,118,282,134,277,300,200,203,187,19,19,191,316,320,323,313,329,334,167,22,73,164,111,117,76,326,329,,,159,240,,,214,271,224,254,253,288,246,328,308,42,60,245,272,272,264,287,312,323,334,123,106,88,324,,218,,,217,99,127,48,266,225,188,245,9,6,129,10,172,204,62,199,200,63,91,204,210,174,21,12,240,191,313,210,320,200,334,150,187,152,91,143,63,146,35,142,,,268,168,,,214,76,236,205,217,164,187,82,275,262,12,10,210,243,241,114,138,241,265,272,200,108,101,51,,252,,,b'\x11\xe8\xe1I\xc9\x83$\xf6\xaf\x82\x12\xdf\x17\xaeN\x1e'
11E8E149-C983-24F6-AF82-12DF17AE4E1E,2013-ncaa-d0-natl,ncaa,164,166,120,172,127,199,197,239,130,226,273,139,106,130,90,82,253,304,25,298,250,263,257,107,103,142,101,80,248,296,265,277,333,302,308,126,58,193,253,141,134,127,192,228,,,192,197,,,200,213,288,33,245,226,287,251,289,107,129,277,315,312,310,300,305,310,330,117,188,138,202,,183,,,199,174,172,179,172,221,246,117,95,48,270,44,213,150,328,152,112,172,184,150,176,155,100,88,222,304,333,91,265,198,308,186,205,136,118,151,93,140,148,206,,,264,234,,,200,137,173,214,194,155,155,147,196,269,92,39,212,148,147,138,155,311,72,187,181,145,91,145,,290,,,b'\x11\xe8\xe1I\xc9\x83$\xf6\xaf\x82\x12\xdf\x17\xaeN\x1e'
11E8E149-C983-24F6-AF82-12DF17AE4E1E,2013-ncaa-d1-conf-NEC,ncaa,5,4,3,5,3,4,4,6,1,5,9,1,4,4,3,5,8,10,2,9,10,8,8,1,1,2,8,6,11,10,11,7,11,10,11,4,5,7,6,3,4,4,6,8,,,10,8,,,5,6,10,2,7,5,10,6,10,5,6,9,12,11,10,11,10,10,11,4,3,4,7,,7,,,5,9,9,9,4,11,10,3,2,1,9,1,8,7,12,7,4,8,9,3,3,4,4,2,8,10,11,5,11,8,11,6,4,5,6,5,2,3,6,6,,,7,8,,,5,7,3,7,5,4,4,4,8,11,2,1,7,7,7,7,6,11,3,5,4,6,3,4,,9,,,b'\x11\xe8\xe1I\xc9\x83$\xf6\xaf\x82\x12\xdf\x17\xaeN\x1e'
11E8E149-C983-24F6-AF82-12DF17AE4E1E,2013-ncaa-d1-natl,ncaa,171,165,136,177,146,223,219,261,134,245,285,147,109,142,87,81,261,314,26,308,248,285,280,111,105,147,99,79,249,303,272,300,337,320,310,136,61,177,255,145,146,135,204,233,,,177,202,,,205,245,289,32,249,233,292,254,289,108,128,277,317,315,310,300,307,314,332,121,190,141,205,,186,,,203,158,152,163,177,208,233,124,87,40,272,42,205,141,327,139,112,149,163,152,183,165,100,89,224,298,337,68,272,185,310,176,206,146,124,157,84,142,145,208,,,274,229,,,205,106,177,227,198,159,159,147,200,271,90,39,214,150,149,140,155,315,72,191,187,147,90,149,,289,,,b'\x11\xe8\xe1I\xc9\x83$\xf6\xaf\x82\x12\xdf\x17\xaeN\x1e'
11E8E149-C983-24F6-AF82-12DF17AE4E1E,2014-ncaa-d0-natl,ncaa,105,125,53,121,56,81,104,141,77,209,237,121,28,66,9,72,98,122,100,122,60,134,132,40,36,45,33,42,192,221,232,160,241,187,228,107,136,209,182,131,128,169,202,227,,,280,241,,,145,102,260,68,101,172,267,277,301,36,82,140,178,184,262,272,268,267,291,141,127,186,241,,206,,,146,306,268,239,243,216,195,207,310,262,329,231,270,290,102,285,264,259,254,276,271,277,298,272,194,262,241,191,232,230,228,213,123,146,206,186,177,167,215,260,,,70,60,,,145,250,68,279,143,229,198,128,137,90,288,218,216,231,226,153,132,183,105,132,155,212,132,174,,129,,,b'\x11\xe8\xe1I\xc9\x83$\xf6\xaf\x82\x12\xdf\x17\xaeN\x1e'
11E8E149-C983-24F6-AF82-12DF17AE4E1E,2014-ncaa-d1-conf-NEC,ncaa,2,2,3,2,3,4,4,7,1,9,9,4,2,4,1,4,4,4,3,4,2,5,5,1,1,1,2,2,6,8,8,5,8,8,7,3,2,4,7,2,2,1,7,7,,,5,6,,,2,4,9,2,3,5,9,9,9,2,5,3,6,6,8,9,8,9,10,3,5,3,7,,6,,,2,4,5,5,4,6,5,6,5,6,4,6,4,6,3,6,6,5,6,4,5,5,7,6,5,7,8,2,8,4,7,4,4,2,3,2,6,8,3,6,,,4,1,,,2,7,1,5,2,4,4,3,4,1,5,5,4,4,4,3,4,6,1,3,3,3,5,4,,6,,,b'\x11\xe8\xe1I\xc9\x83$\xf6\xaf\x82\x12\xdf\x17\xaeN\x1e'
11E8E149-C983-24F6-AF82-12DF17AE4E1E,2014-ncaa-d1-natl,ncaa,111,125,59,127,63,95,123,166,81,229,258,130,30,73,9,73,113,134,103,132,59,154,157,40,40,47,34,42,188,236,237,190,250,216,239,119,140,196,185,133,153,178,215,228,,,263,242,,,163,125,262,68,110,180,269,279,303,36,82,147,184,187,264,273,270,272,297,153,127,187,244,,205,,,164,294,256,217,249,203,177,211,306,254,331,229,261,282,104,274,267,240,235,282,280,286,295,271,191,248,250,172,237,204,239,205,122,163,216,194,167,164,205,266,,,80,58,,,163,229,73,289,161,233,203,130,141,91,289,220,218,236,230,155,128,191,104,132,155,218,131,180,,134,,,b'\x11\xe8\xe1I\xc9\x83$\xf6\xaf\x82\x12\xdf\x17\xaeN\x1e'
11E8E149-C983-24F6-AF82-12DF17AE4E1E,2015-ncaa-d0-natl,ncaa,282,296,172,290,178,281,306,319,223,329,323,273,135,181,41,101,203,258,43,258,92,316,293,166,139,234,34,64,87,328,301,305,297,327,307,283,190,295,337,317,235,226,314,309,,,131,182,,,299,258,293,59,304,327,343,338,325,124,167,199,263,263,341,319,327,327,343,294,302,241,317,,140,,,297,190,177,97,291,157,88,275,229,173,311,232,183,136,334,123,177,84,99,303,317,293,224,241,170,166,297,68,301,95,307,238,263,177,137,234,254,313,119,248,,,148,26,,,299,89,286,298,300,221,223,87,179,85,245,193,197,143,134,77,88,187,86,109,260,162,261,129,,119,,,b'\x11\xe8\xe1I\xc9\x83$\xf6\xaf\x82\x12\xdf\x17\xaeN\x1e'
11E8E149-C983-24F6-AF82-12DF17AE4E1E,2015-ncaa-d1-conf-NEC,ncaa,7,7,5,7,7,10,10,10,7,10,9,7,6,7,5,6,9,9,4,9,5,10,10,6,6,7,4,4,5,10,9,8,7,10,8,9,7,9,10,9,10,8,8,7,,,3,4,,,8,10,8,3,10,10,9,10,9,6,7,8,9,9,9,9,9,7,9,9,9,8,8,,3,,,8,2,2,2,3,2,3,3,6,4,9,7,4,3,7,3,3,1,1,3,4,4,7,7,4,7,7,2,9,3,8,5,6,8,6,9,7,10,6,9,,,8,2,,,8,1,9,6,9,4,4,3,4,4,7,6,4,3,3,3,3,6,3,4,6,5,7,6,,6,,,b'\x11\xe8\xe1I\xc9\x83$\xf6\xaf\x82\x12\xdf\x17\xaeN\x1e'
11E8E149-C983-24F6-AF82-12DF17AE4E1E,2015-ncaa-d1-natl,ncaa,291,293,209,296,219,300,325,343,232,340,332,279,141,193,45,104,224,274,39,275,91,341,325,174,144,241,30,61,83,337,302,326,301,343,314,310,198,276,337,324,258,239,320,311,,,98,185,,,302,301,296,56,309,332,345,342,326,125,166,201,266,267,342,320,330,330,345,306,304,249,319,,140,,,301,164,158,61,294,134,64,283,218,161,311,233,167,115,335,104,179,47,57,307,322,303,223,239,170,149,301,43,302,64,314,223,265,203,142,239,241,315,103,255,,,175,26,,,302,46,293,305,305,232,232,88,190,84,248,194,199,148,138,80,86,192,88,114,264,173,266,129,,119,,,b'\x11\xe8\xe1I\xc9\x83$\xf6\xaf\x82\x12\xdf\x17\xaeN\x1e'
11E8E149-C983-24F6-AF82-12DF17AE4E1E,2016-ncaa-d0-natl,ncaa,268,281,175,276,221,281,280,273,272,258,249,251,248,218,278,182,220,204,274,202,134,264,235,276,277,306,185,202,127,231,208,225,212,237,214,271,208,287,316,311,121,95,302,298,,,65,77,,,250,225,205,269,306,306,293,263,252,247,206,233,208,203,286,236,222,226,240,282,302,106,305,,73,,,246,101,105,126,151,69,86,119,250,213,289,279,50,47,201,46,95,96,126,185,167,127,261,311,73,167,212,139,208,140,214,192,274,115,83,142,211,251,135,178,,,210,169,,,250,119,309,133,247,118,132,132,79,86,268,243,63,55,53,92,139,181,156,165,210,97,223,137,,205,,,b'\x11\xe8\xe1I\xc9\x83$\xf6\xaf\x82\x12\xdf\x17\xaeN\x1e'
11E8E149-C983-24F6-AF82-12DF17AE4E1E,2016-ncaa-d1-conf-NEC,ncaa,7,7,5,7,7,10,8,9,8,5,5,8,9,9,9,9,10,8,10,8,7,9,8,8,9,10,9,9,5,9,9,8,4,8,7,8,7,9,9,9,3,3,8,8,,,2,3,,,7,6,4,8,10,9,8,5,4,9,9,9,6,6,9,7,8,6,8,8,10,3,8,,4,,,7,1,3,4,6,1,1,5,8,8,9,9,2,3,5,2,4,3,3,7,6,5,8,9,3,2,4,6,9,5,7,6,9,3,2,5,4,4,4,4,,,9,8,,,7,5,10,4,7,4,5,4,4,1,8,9,2,2,2,3,6,3,7,6,5,2,4,4,,9,,,b'\x11\xe8\xe1I\xc9\x83$\xf6\xaf\x82\x12\xdf\x17\xaeN\x1e'
11E8E149-C983-24F6-AF82-12DF17AE4E1E,2016-ncaa-d1-natl,ncaa,280,280,218,283,278,306,308,307,280,281,273,258,265,236,282,182,250,232,274,228,135,304,275,281,281,310,182,202,115,251,218,260,220,276,226,296,213,274,319,317,146,99,309,299,,,45,79,,,262,270,209,266,309,311,302,272,254,250,210,237,212,207,292,240,228,242,252,292,304,115,306,,77,,,262,74,82,91,163,52,58,129,236,196,296,275,42,41,209,39,95,56,83,197,176,142,259,306,75,136,220,113,218,104,226,172,274,147,93,161,195,255,112,184,,,234,166,,,262,75,314,149,266,129,144,133,92,92,268,240,64,59,56,100,138,184,163,172,216,103,230,144,,203,,,b'\x11\xe8\xe1I\xc9\x83$\xf6\xaf\x82\x12\xdf\x17\xaeN\x1e'
11E8E149-C983-24F6-AF82-12DF17AE4E1E,2017-ncaa-d0-natl,ncaa,217,229,168,225,199,253,317,298,296,330,315,298,169,158,191,100,76,88,121,87,6,265,251,271,213,242,19,106,7,308,319,277,290,311,326,291,196,218,277,289,93,77,187,141,,,157,171,,,267,217,210,193,284,330,334,341,328,159,141,47,53,51,291,282,313,297,330,307,241,83,184,,172,,,266,151,118,108,184,90,66,217,219,224,178,281,239,217,260,221,277,122,158,203,235,184,282,245,249,224,290,230,319,236,326,187,259,108,77,144,263,297,234,316,,,202,110,,,267,145,279,209,260,191,135,99,102,50,237,245,253,231,232,122,177,244,248,258,203,88,269,245,,192,,,b'\x11\xe8\xe1I\xc9\x83$\xf6\xaf\x82\x12\xdf\x17\xaeN\x1e'
11E8E149-C983-24F6-AF82-12DF17AE4E1E,2017-ncaa-d1-conf-NEC,ncaa,5,5,5,5,7,6,8,8,5,9,7,6,5,7,4,5,2,3,2,3,1,7,7,5,5,4,2,5,2,9,8,9,9,9,9,9,7,3,6,8,3,2,4,3,,,5,5,,,4,6,5,5,5,9,8,9,9,5,6,1,1,1,7,8,9,10,10,9,4,2,4,,5,,,4,3,2,4,6,3,1,8,4,6,3,8,5,5,5,5,6,3,5,5,6,4,6,5,7,8,9,5,8,9,9,2,6,3,3,2,3,5,4,7,,,4,2,,,4,5,5,5,4,4,2,3,3,2,3,6,6,5,5,3,9,9,6,9,5,3,2,5,,3,,,b'\x11\xe8\xe1I\xc9\x83$\xf6\xaf\x82\x12\xdf\x17\xaeN\x1e'
11E8E149-C983-24F6-AF82-12DF17AE4E1E,2017-ncaa-d1-natl,ncaa,236,229,217,237,266,292,334,328,301,340,338,303,181,171,192,100,83,102,117,100,6,312,303,275,225,246,16,104,6,324,322,311,295,333,333,312,200,193,278,296,117,84,200,149,,,128,175,,,281,272,216,178,291,334,334,341,328,160,141,46,56,54,305,285,317,302,332,311,243,93,192,,176,,,281,118,93,62,194,68,41,228,203,204,188,276,225,201,263,205,279,71,98,218,255,189,282,246,250,205,295,202,322,211,333,170,261,140,90,154,244,301,227,318,,,233,108,,,281,84,285,220,276,197,140,99,108,51,244,244,259,233,235,123,174,249,251,265,209,95,270,253,,199,,,b'\x11\xe8\xe1I\xc9\x83$\xf6\xaf\x82\x12\xdf\x17\xaeN\x1e'
11E8E149-C983-24F6-AF82-12DF17AE4E1E,2018-ncaa-d0-natl,ncaa,266,263,242,271,267,220,242,260,187,298,313,214,76,99,74,52,240,244,188,240,81,264,245,125,132,206,34,43,197,297,282,228,303,275,288,270,272,270,291,293,167,162,140,176,,,191,184,,,261,207,82,185,188,217,222,296,304,61,64,213,204,196,233,160,290,162,240,267,296,139,118,,248,,,263,214,234,213,229,248,251,183,163,120,274,89,154,207,35,197,146,216,179,211,189,222,110,155,125,305,303,122,282,214,288,204,156,225,235,236,251,282,282,335,,,307,310,,,261,143,237,271,261,283,300,310,299,322,209,160,201,239,239,315,300,328,197,280,252,192,281,309,,301,,,b'\x11\xe8\xe1I\xc9\x83$\xf6\xaf\x82\x12\xdf\x17\xaeN\x1e'
11E8E149-C983-24F6-AF82-12DF17AE4E1E,2018-ncaa-d1-conf-NEC,ncaa,9,7,9,9,9,8,9,8,6,9,10,6,4,4,5,2,10,9,8,8,4,9,10,4,4,4,3,3,7,10,8,8,9,9,8,8,8,2,8,6,6,6,3,7,,,5,7,,,6,10,4,2,4,4,5,8,10,3,2,7,6,5,6,5,9,4,6,8,6,5,3,,6,,,6,3,3,4,3,6,8,3,3,1,3,2,4,4,7,3,3,4,3,2,2,4,2,3,6,8,9,4,8,6,8,3,4,9,9,9,2,4,7,9,,,10,10,,,6,2,4,7,6,8,8,10,9,10,3,3,7,5,6,10,9,10,6,8,6,9,4,8,,9,,,b'\x11\xe8\xe1I\xc9\x83$\xf6\xaf\x82\x12\xdf\x17\xaeN\x1e'
11E8E149-C983-24F6-AF82-12DF17AE4E1E,2018-ncaa-d1-natl,ncaa,276,263,315,276,323,262,279,299,204,321,329,221,82,110,77,48,256,263,191,261,82,303,292,133,137,214,32,43,194,316,292,262,307,307,298,306,276,239,297,300,190,176,158,187,,,169,188,,,274,266,83,182,199,236,238,302,309,65,67,209,207,200,244,165,298,168,258,279,295,151,123,,250,,,277,185,215,184,243,236,227,192,155,93,283,90,139,190,40,184,147,177,128,224,199,239,101,152,123,299,307,99,292,183,298,193,156,250,244,240,226,285,274,339,,,325,313,,,274,83,243,281,276,292,304,311,306,322,212,158,203,244,243,317,299,331,199,283,259,203,283,315,,303,,,b'\x11\xe8\xe1I\xc9\x83$\xf6\xaf\x82\x12\xdf\x17\xaeN\x1e'
11E8E149-C983-24F6-AF82-12DF17AE4E1E,2019-ncaa-d0-natl,ncaa,185,180,173,191,229,160,213,187,231,302,315,198,40,36,112,22,142,148,175,153,30,189,165,137,133,164,10,17,146,134,113,252,259,197,196,190,164,243,216,218,162,161,293,300,,,282,303,,,207,178,101,272,129,210,161,314,329,26,20,126,127,139,158,119,106,262,190,179,247,153,300,,306,,,207,239,165,144,214,167,160,185,186,141,266,143,324,300,321,302,299,181,188,224,264,259,273,155,311,216,259,124,113,152,196,222,250,158,163,202,280,270,303,342,,,202,209,,,207,186,144,262,204,263,202,153,183,181,199,161,322,307,309,222,244,230,153,191,242,137,281,308,,181,,,b'\x11\xe8\xe1I\xc9\x83$\xf6\xaf\x82\x12\xdf\x17\xaeN\x1e'
11E8E149-C983-24F6-AF82-12DF17AE4E1E,2019-ncaa-d1-conf-NEC,ncaa,5,6,3,6,4,5,7,3,9,9,8,8,2,2,8,1,4,3,6,4,3,3,3,8,6,6,1,1,3,1,2,6,8,4,4,7,8,10,4,8,3,3,10,10,,,10,10,,,6,3,6,4,7,8,3,10,9,2,1,4,5,5,3,2,2,8,3,9,5,4,10,,10,,,6,8,5,7,3,6,8,3,3,4,5,2,10,10,7,10,10,9,9,3,4,4,7,1,10,9,8,8,2,9,4,8,9,3,4,4,9,4,9,10,,,5,7,,,6,8,6,4,6,5,3,3,4,5,3,2,9,9,9,4,7,8,7,7,5,3,5,9,,5,,,b'\x11\xe8\xe1I\xc9\x83$\xf6\xaf\x82\x12\xdf\x17\xaeN\x1e'
11E8E149-C983-24F6-AF82-12DF17AE4E1E,2019-ncaa-d1-natl,ncaa,182,180,155,191,218,162,205,178,232,302,316,195,47,35,124,24,159,156,193,161,38,177,163,144,141,178,15,19,159,125,115,251,255,196,197,200,174,248,221,224,150,153,294,293,,,289,302,,,214,180,106,272,135,204,159,310,320,32,23,138,137,150,154,119,107,263,191,186,247,144,299,,301,,,215,238,166,137,221,162,155,186,190,139,280,132,320,302,315,303,297,186,185,237,271,260,271,155,307,206,255,140,115,156,197,225,261,155,162,205,273,268,292,339,,,209,223,,,214,178,149,260,210,259,195,146,188,181,198,151,322,306,307,216,239,220,161,190,243,135,279,301,,185,,,b'\x11\xe8\xe1I\xc9\x83$\xf6\xaf\x82\x12\xdf\x17\xaeN\x1e'
11E8E149-C983-24F6-AF82-12DF17AE4E1E,2020-ncaa-d0-natl,ncaa,81,81,87,86,185,136,159,182,143,286,308,129,16,23,69,22,206,247,94,246,109,194,161,83,84,132,23,19,254,238,250,271,299,270,291,83,55,275,264,167,44,48,165,143,,,162,108,,,131,122,95,332,147,190,213,307,326,24,26,220,261,258,234,186,260,306,318,92,258,40,175,,156,,,131,172,120,130,133,121,110,162,152,189,96,215,307,259,344,258,277,148,254,130,196,79,257,151,309,275,299,190,250,241,291,207,261,13,23,52,174,151,198,285,,,243,274,,,131,243,165,97,130,142,93,85,97,71,141,180,288,240,239,103,254,260,163,214,194,19,160,182,,263,,,b'\x11\xe8\xe1I\xc9\x83$\xf6\xaf\x82\x12\xdf\x17\xaeN\x1e'
11E8E149-C983-24F6-AF82-12DF17AE4E1E,2020-ncaa-d1-conf-NEC,ncaa,2,2,1,2,5,1,2,3,1,6,8,3,1,1,1,2,5,6,7,6,3,3,4,1,1,1,3,1,9,7,8,9,10,8,9,1,2,7,5,1,2,2,6,6,,,8,6,,,2,2,2,5,1,2,3,6,8,1,2,7,7,7,5,5,7,9,10,1,5,2,6,,7,,,2,4,3,5,3,5,5,6,3,4,3,5,11,9,11,9,10,6,11,3,5,3,7,2,11,9,10,6,8,7,9,4,8,2,3,2,3,2,6,9,,,7,9,,,2,10,2,3,2,4,3,4,5,5,3,4,11,9,9,5,9,9,5,5,4,2,3,5,,8,,,b'\x11\xe8\xe1I\xc9\x83$\xf6\xaf\x82\x12\xdf\x17\xaeN\x1e'
11E8E149-C983-24F6-AF82-12DF17AE4E1E,2020-ncaa-d1-natl,ncaa,76,81,45,83,125,104,147,160,128,291,314,116,16,19,62,23,190,221,126,220,85,178,123,74,75,125,20,16,252,238,250,264,299,272,290,74,60,289,271,170,27,44,150,141,,,185,119,,,117,72,97,332,134,180,220,305,329,20,25,212,241,237,242,178,264,305,320,87,268,38,173,,165,,,119,177,123,139,129,131,128,170,150,192,87,206,310,268,340,269,283,163,295,122,185,68,254,142,310,278,299,203,250,252,290,196,250,13,23,41,195,161,192,282,,,225,261,,,117,286,165,80,119,133,84,73,96,72,124,167,286,246,244,101,259,254,160,206,174,20,171,173,,249,,,b'\x11\xe8\xe1I\xc9\x83$\xf6\xaf\x82\x12\xdf\x17\xaeN\x1e'
11E8E149-C983-24F6-AF82-12DF17AE4E1E,2021-ncaa-d0-natl,ncaa,44,60,89,53,96,73,73,83,92,111,145,81,36,38,62,46,133,187,4,186,209,98,103,67,61,62,63,40,240,85,115,93,85,84,83,88,200,210,119,116,50,55,68,109,,,236,198,,,31,113,169,77,58,73,83,167,225,29,36,166,253,253,119,130,122,125,109,122,139,57,100,,188,,,36,181,177,215,95,213,256,74,111,116,140,46,248,226,304,226,148,216,223,73,88,77,117,64,269,177,85,216,115,203,83,212,227,74,102,113,160,85,314,304,,,178,292,,,31,229,50,70,34,90,89,111,137,228,52,47,214,179,178,108,144,94,140,94,156,105,97,290,,277,,,b'\x11\xe8\xe1I\xc9\x83$\xf6\xaf\x82\x12\xdf\x17\xaeN\x1e'
11E8E149-C983-24F6-AF82-12DF17AE4E1E,2021-ncaa-d1-conf-NEC,ncaa,1,1,1,1,1,1,1,1,1,1,2,2,1,1,1,3,1,1,2,1,5,1,1,1,1,1,3,2,6,2,2,1,1,1,1,1,8,5,1,1,2,2,2,3,,,9,5,,,1,1,6,7,1,1,1,2,7,1,1,3,6,6,1,6,3,1,1,2,1,2,3,,5,,,1,9,7,9,2,8,9,1,7,4,5,2,9,8,10,8,6,10,10,2,2,2,6,4,8,6,1,9,2,9,1,10,10,3,4,4,3,2,8,7,,,2,8,,,1,10,1,2,1,2,2,3,3,7,3,2,6,6,6,4,3,1,3,2,6,4,2,5,,7,,,b'\x11\xe8\xe1I\xc9\x83$\xf6\xaf\x82\x12\xdf\x17\xaeN\x1e'
11E8E149-C983-24F6-AF82-12DF17AE4E1E,2021-ncaa-d1-natl,ncaa,46,60,105,55,113,83,85,97,96,120,157,83,40,44,64,45,143,198,4,195,211,111,121,70,61,63,61,40,238,96,121,108,89,104,87,97,204,196,123,118,59,60,75,113,,,228,204,,,37,130,173,72,67,79,86,174,233,32,37,167,255,254,122,138,126,134,116,127,140,59,102,,190,,,37,164,161,198,104,199,245,79,104,107,145,45,242,219,305,220,147,196,203,79,95,84,118,63,269,166,89,201,121,186,87,200,228,89,107,118,153,88,313,308,,,190,293,,,37,211,52,77,36,96,92,114,143,229,53,47,217,182,180,110,141,98,141,97,162,110,96,294,,277,,,b'\x11\xe8\xe1I\xc9\x83$\xf6\xaf\x82\x12\xdf\x17\xaeN\x1e'
11E8E149-C983-24F6-AF82-12DF17AE4E1E,2021-ncaa-d1-ncaatournament,ncaa,33,2,33,33,34,60,60,45,62,63,64,60,36,26,54,1,52,54,39,52,20,44,37,60,60,62,2,3,37,32,28,61,62,53,56,46,4,28,57,54,42,35,38,39,,,25,53,,,64,42,17,7,60,60,24,63,64,12,1,50,51,49,29,10,10,61,49,36,57,25,22,,55,,,64,30,29,24,54,31,28,54,10,9,40,4,47,39,55,39,54,28,24,55,56,62,29,8,61,28,62,21,28,27,56,32,57,56,59,61,27,51,16,51,,,60,61,,,64,21,60,63,64,62,60,52,61,59,21,12,64,64,64,59,54,58,53,59,60,55,52,34,,59,,,b'\x11\xe8\xe1I\xc9\x83$\xf6\xaf\x82\x12\xdf\x17\xaeN\x1e'
11E8E149-C983-24F6-AF82-12DF17AE4E1E,2022-ncaa-d0-natl,ncaa,158,134,216,155,248,217,239,292,101,296,326,121,73,122,30,52,240,267,92,267,88,289,286,55,53,117,31,31,219,324,296,250,254,294,274,255,236,178,269,244,245,237,278,311,,,143,221,,,171,266,257,275,203,230,328,318,340,50,93,227,258,255,321,327,328,252,327,251,213,243,286,,198,,,171,87,148,123,201,184,212,150,72,35,278,41,49,49,138,45,38,105,107,179,150,146,42,100,72,179,254,83,296,108,274,29,16,191,140,70,54,114,74,210,,,216,86,,,171,99,155,164,165,136,191,165,236,285,88,45,74,73,70,132,144,221,105,160,54,157,72,79,,185,,,b'\x11\xe8\xe1I\xc9\x83$\xf6\xaf\x82\x12\xdf\x17\xaeN\x1e'
11E8E149-C983-24F6-AF82-12DF17AE4E1E,2022-ncaa-d1-conf-NEC,ncaa,2,3,2,3,4,1,4,5,2,7,10,1,1,1,2,1,1,5,2,5,1,5,5,1,1,2,1,3,2,8,8,4,7,6,6,7,7,7,7,6,2,3,6,7,,,7,6,,,2,3,7,7,3,5,10,8,10,1,3,3,6,6,9,10,10,6,9,7,5,3,6,,5,,,2,4,7,7,3,8,8,2,3,2,5,1,2,1,4,1,1,5,8,2,2,2,2,5,2,8,7,5,8,6,6,1,1,2,2,2,1,1,4,7,,,4,4,,,2,8,2,2,2,2,3,3,4,8,2,1,1,1,1,2,5,7,2,4,1,2,1,3,,4,,,b'\x11\xe8\xe1I\xc9\x83$\xf6\xaf\x82\x12\xdf\x17\xaeN\x1e'
11E8E149-C983-24F6-AF82-12DF17AE4E1E,2022-ncaa-d1-natl,ncaa,157,134,213,153,251,209,223,299,90,301,332,107,73,119,27,51,241,276,82,269,96,301,297,45,52,90,32,33,218,324,291,239,230,298,256,252,243,167,261,234,250,230,253,280,,,137,216,,,138,273,255,275,189,221,319,312,338,49,93,220,257,255,321,329,326,226,322,247,203,229,248,,185,,,137,78,131,123,181,178,215,129,62,34,247,44,44,41,135,38,34,96,101,153,130,110,43,99,72,170,230,71,291,91,256,26,13,187,134,54,48,107,78,216,,,222,90,,,138,94,138,131,121,103,171,151,215,279,75,43,61,63,60,118,133,202,92,141,41,154,69,89,,188,,,b'\x11\xe8\xe1I\xc9\x83$\xf6\xaf\x82\x12\xdf\x17\xaeN\x1e'
11E8E149-C983-24F6-AF82-12DF17AE4E1E,2022-ncaa-d1-ncaatournament,ncaa,37,2,37,37,38,44,50,64,18,54,68,6,35,37,35,6,36,42,6,41,1,61,60,10,9,10,5,13,10,51,22,66,65,65,60,52,51,18,54,51,53,53,65,65,,,27,59,,,27,63,50,5,22,39,58,49,68,11,8,7,17,15,55,52,37,66,64,47,43,46,65,,60,,,31,11,8,13,35,13,25,25,11,6,52,9,28,25,47,25,44,21,25,35,38,39,34,20,61,32,65,2,22,15,60,8,21,44,31,30,3,5,13,46,,,41,9,,,27,7,7,51,28,42,33,33,41,57,27,8,57,57,56,49,53,64,5,42,31,23,3,23,,15,,,b'\x11\xe8\xe1I\xc9\x83$\xf6\xaf\x82\x12\xdf\x17\xaeN\x1e'
11E8E149-C983-24F6-AF82-12DF17AE4E1E,2023-ncaa-d0-natl,ncaa,242,257,164,258,185,288,294,220,330,338,340,258,96,34,284,10,331,336,160,335,214,262,260,277,285,282,25,14,298,302,334,257,350,295,356,280,209,184,252,272,181,172,220,230,,,161,158,,,287,231,248,118,320,327,253,352,348,81,20,336,345,346,296,285,312,289,322,294,212,168,213,,176,,,283,123,109,174,94,139,183,122,105,171,54,168,196,180,237,184,182,169,188,79,89,83,158,133,238,341,350,302,334,333,356,154,196,154,147,139,103,158,84,232,,,341,348,,,287,126,313,163,283,130,129,199,161,209,107,181,208,194,197,213,233,346,328,340,174,137,125,91,,354,,,b'\x11\xe8\xe1I\xc9\x83$\xf6\xaf\x82\x12\xdf\x17\xaeN\x1e'
11E8E149-C983-24F6-AF82-12DF17AE4E1E,2023-ncaa-d1-conf-MAAC,ncaa,7,8,3,8,4,7,8,4,11,10,11,7,2,1,5,1,9,10,6,10,7,5,5,6,7,7,1,1,9,7,9,4,10,6,10,9,9,2,3,6,5,7,5,6,,,7,5,,,7,5,9,5,10,10,6,11,11,2,1,9,10,10,8,9,8,3,7,10,2,6,5,,5,,,7,5,5,10,3,6,9,3,3,8,1,6,8,8,7,8,8,10,7,3,3,4,2,2,8,10,10,11,9,11,10,5,5,6,9,7,1,2,4,7,,,11,11,,,7,7,9,6,8,5,6,9,5,10,2,8,8,8,8,10,8,10,11,11,6,9,1,4,,11,,,b'\x11\xe8\xe1I\xc9\x83$\xf6\xaf\x82\x12\xdf\x17\xaeN\x1e'
11E8E149-C983-24F6-AF82-12DF17AE4E1E,2023-ncaa-d1-natl,ncaa,243,257,151,255,171,291,291,233,321,343,345,256,86,34,270,10,330,339,156,337,215,277,262,261,276,275,25,12,310,319,341,258,344,305,352,282,204,200,264,272,174,166,219,230,,,164,154,,,294,226,245,118,318,324,265,352,348,74,23,338,347,346,301,291,323,280,327,289,215,167,213,,170,,,288,140,128,190,111,153,186,137,115,173,66,171,198,182,239,186,183,185,190,98,107,102,166,150,223,341,344,314,341,333,352,178,206,150,149,162,112,165,77,231,,,345,349,,,294,133,313,172,289,143,143,198,165,201,116,181,208,193,196,209,223,338,329,334,187,139,130,87,,355,,,b'\x11\xe8\xe1I\xc9\x83$\xf6\xaf\x82\x12\xdf\x17\xaeN\x1e'
11E8E149-C983-24F6-AF82-12DF17AE4E1E,2024-ncaa-d0-natl,ncaa,189,209,143,204,170,296,262,191,317,259,221,276,230,156,326,113,343,339,251,339,345,231,243,307,328,319,230,145,318,265,300,209,248,235,302,249,190,168,214,248,91,60,178,146,,,129,151,,,241,228,302,208,340,318,246,299,245,240,164,351,350,350,290,310,284,247,287,276,166,89,187,,114,,,239,57,71,130,56,47,79,102,176,236,69,303,70,64,214,70,146,112,132,72,68,44,257,281,140,215,248,283,300,268,302,145,264,119,88,115,145,194,45,58,,,317,323,,,241,125,326,65,241,39,50,91,37,39,182,233,75,66,77,56,83,213,281,264,134,117,134,39,,334,,,b'\x11\xe8\xe1I\xc9\x83$\xf6\xaf\x82\x12\xdf\x17\xaeN\x1e'
11E8E149-C983-24F6-AF82-12DF17AE4E1E,2024-ncaa-d1-conf-MAAC,ncaa,5,6,3,6,5,6,4,4,8,4,3,8,9,7,9,10,11,11,11,11,11,4,5,9,10,8,10,8,10,5,6,6,8,6,8,9,10,1,2,5,4,5,2,1,,,5,6,,,4,7,7,8,7,4,4,4,3,11,9,11,11,11,5,6,5,7,6,10,1,5,3,,5,,,4,3,3,5,4,4,3,5,6,7,5,8,5,4,6,4,4,4,5,4,3,4,6,8,5,7,8,9,6,8,8,3,6,4,5,4,1,2,4,2,,,10,11,,,4,5,7,4,4,2,2,4,3,3,5,6,4,4,4,3,5,6,9,8,3,5,1,4,,10,,,b'\x11\xe8\xe1I\xc9\x83$\xf6\xaf\x82\x12\xdf\x17\xaeN\x1e'
11E8E149-C983-24F6-AF82-12DF17AE4E1E,2024-ncaa-d1-natl,ncaa,190,211,130,207,153,302,269,198,320,273,228,291,212,146,309,110,337,335,228,339,339,236,251,304,324,309,207,129,313,270,302,223,250,250,310,244,161,171,207,234,79,59,162,128,,,146,171,,,233,234,295,206,333,313,249,307,250,219,157,346,348,349,288,305,289,254,294,260,163,80,169,,135,,,232,49,51,123,53,39,76,82,181,236,91,299,93,83,226,94,161,98,136,69,67,39,269,283,163,220,250,285,302,278,310,132,267,109,80,106,139,189,44,56,,,316,324,,,233,120,327,58,236,39,45,76,28,38,180,226,93,83,87,52,86,215,284,269,125,104,134,36,,334,,,b'\x11\xe8\xe1I\xc9\x83$\xf6\xaf\x82\x12\xdf\x17\xaeN\x1e'
11E8E149-C983-24F6-AF82-12DF17AE4E1E,2025-ncaa-d0-natl,genius_ncaa,171,176,135,178,141,174,203,175,231,304,287,290,33,54,34,41,208,203,205,205,95,178,170,152,163,179,8,11,205,256,296,184,283,224,298,152,71,263,239,189,66,62,219,194,,,259,237,,288,152,140,151,51,182,233,217,335,314,28,49,224,216,221,218,194,277,215,272,152,237,54,223,,259,,294,152,140,130,190,97,75,117,118,257,280,158,298,156,169,98,182,236,192,237,125,117,67,292,296,181,285,283,257,296,277,298,303,355,58,54,144,49,53,257,326,,,230,279,,220,152,225,214,90,155,121,107,165,70,83,251,280,152,163,173,152,266,280,260,279,298,45,57,265,,273,,228,b'\x11\xe8\xe1I\xc9\x83$\xf6\xaf\x82\x12\xdf\x17\xaeN\x1e'
11E8E149-C983-24F6-AF82-12DF17AE4E1E,2025-ncaa-d1-conf-MAAC,genius_ncaa,4,4,3,4,3,3,3,3,5,9,10,11,2,2,1,3,4,7,8,7,5,3,3,4,4,4,1,2,9,5,10,4,12,4,11,4,5,7,6,5,2,2,6,5,,,10,8,,12,3,2,2,2,3,4,2,10,9,1,3,7,7,7,1,3,6,5,6,3,6,2,6,,9,,10,3,10,9,11,5,6,6,5,10,11,6,10,10,9,4,10,9,11,13,5,4,2,9,10,8,12,12,12,10,13,11,12,12,3,3,5,3,2,8,9,,,11,12,,8,3,13,4,2,3,6,6,8,5,4,10,11,9,8,9,10,12,11,12,12,12,2,3,8,,10,,9,b'\x11\xe8\xe1I\xc9\x83$\xf6\xaf\x82\x12\xdf\x17\xaeN\x1e'
11E8E149-C983-24F6-AF82-12DF17AE4E1E,2025-ncaa-d1-natl,genius_ncaa,184,176,172,185,179,201,242,218,242,332,311,303,41,69,35,41,227,223,205,227,92,221,219,160,171,190,8,11,206,286,307,224,293,266,309,172,75,234,248,196,82,72,234,205,,,241,247,,280,167,177,161,49,198,251,234,337,315,27,51,224,217,225,230,209,286,225,284,159,243,67,229,,267,,295,167,113,107,155,105,56,88,132,248,258,171,299,143,151,102,162,238,153,209,137,129,76,296,296,181,271,293,233,307,258,309,293,355,74,62,159,41,57,242,331,,,257,274,,225,167,189,226,104,167,133,116,168,76,82,259,283,154,167,179,158,262,279,271,288,307,49,55,271,,270,,226,b'\x11\xe8\xe1I\xc9\x83$\xf6\xaf\x82\x12\xdf\x17\xaeN\x1e'
11E8E149-C983-24F6-AF82-12DF17AE4E1E,2026-ncaa-d0-natl,genius_ncaa,212,198,206,223,216,257,254,236,294,273,248,298,177,181,186,109,279,261,274,263,214,241,232,281,296,290,94,78,220,183,199,250,189,223,211,274,258,197,257,282,135,82,192,145,,,280,359,,281,235,244,184,97,276,271,203,300,244,144,135,274,248,257,219,182,144,232,180,286,253,87,169,,348,,318,236,111,82,88,163,61,79,140,181,143,254,218,213,249,80,241,322,104,120,191,208,168,317,253,299,100,189,188,199,151,211,223,353,172,90,202,131,187,46,85,,,253,236,,286,235,128,275,155,231,167,99,76,71,56,231,192,268,291,285,114,157,154,270,230,276,111,181,59,,234,,276,b'\x11\xe8\xe1I\xc9\x83$\xf6\xaf\x82\x12\xdf\x17\xaeN\x1e'
11E8E149-C983-24F6-AF82-12DF17AE4E1E,2026-ncaa-d1-natl,genius_ncaa,256,195,271,252,286,326,332,308,319,346,321,321,240,237,205,106,323,318,274,320,210,322,318,306,316,313,81,78,199,258,236,318,203,311,255,339,273,151,283,314,202,107,237,158,,,243,361,,265,277,320,206,100,300,305,233,327,263,168,142,283,259,265,255,213,175,258,224,324,274,116,185,,349,,325,284,63,39,31,207,33,23,173,136,86,284,216,178,204,96,197,328,41,42,229,245,219,316,251,295,59,203,139,236,100,255,191,356,246,128,252,99,207,30,98,,,320,227,,305,277,49,304,202,279,202,130,92,93,62,248,194,285,300,297,132,147,162,287,250,304,140,191,64,,235,,275,b'\x11\xe8\xe1I\xc9\x83$\xf6\xaf\x82\x12\xdf\x17\xaeN\x1e'
11E8E149-C988-F8E0-AF82-12DF17AE4E1E,2010-ncaa-d0-natl,ncaa,219,202,241,224,261,135,163,140,183,227,230,204,41,52,62,46,152,188,76,193,119,152,198,123,120,76,39,40,196,291,328,145,175,208,299,177,207,22,34,69,295,319,147,166,,,297,295,,,161,166,20,188,54,83,42,214,194,21,30,101,130,143,47,96,281,51,152,127,48,284,129,,327,,,162,234,202,195,172,247,234,215,77,142,37,98,302,317,77,315,290,235,199,127,150,205,134,53,291,206,175,305,328,281,299,189,172,228,274,241,34,59,301,319,,,121,66,,,161,200,114,206,145,307,285,315,306,314,105,186,324,330,329,332,325,265,333,331,249,180,71,319,,47,,,b'\x11\xe8\xe1I\xc9\x88\xf8\xe0\xaf\x82\x12\xdf\x17\xaeN\x1e'
11E8E149-C988-F8E0-AF82-12DF17AE4E1E,2010-ncaa-d1-conf-OVC,ncaa,5,4,5,5,7,4,4,4,6,7,5,6,2,2,1,3,4,6,1,6,6,5,5,4,3,1,3,2,5,6,9,5,8,7,7,3,6,2,1,3,7,10,2,2,,,7,7,,,3,4,1,5,2,2,2,7,5,2,2,3,6,6,3,5,8,5,7,3,1,8,2,,7,,,3,9,8,7,7,9,9,6,4,3,5,3,7,7,4,7,6,9,7,6,6,6,2,3,7,8,8,9,9,10,7,7,6,4,6,6,3,3,10,9,,,3,4,,,3,7,3,5,3,10,8,8,9,10,4,3,7,7,7,10,10,9,9,10,7,5,3,10,,3,,,b'\x11\xe8\xe1I\xc9\x88\xf8\xe0\xaf\x82\x12\xdf\x17\xaeN\x1e'
11E8E149-C988-F8E0-AF82-12DF17AE4E1E,2010-ncaa-d1-natl,ncaa,206,202,191,208,227,105,130,107,180,213,204,210,30,44,53,46,139,166,82,169,123,117,163,118,118,75,38,34,208,274,324,119,166,191,294,145,203,27,32,64,257,293,128,152,,,309,296,,,148,123,18,186,46,73,30,206,186,19,27,104,131,139,41,81,275,54,141,112,52,247,120,,327,,,146,259,221,221,169,266,256,213,90,150,37,95,314,326,79,325,294,262,247,129,154,186,138,56,294,215,166,317,324,301,294,212,177,184,231,205,42,48,308,317,,,98,72,,,148,241,103,185,121,306,276,307,305,306,105,179,324,329,329,332,327,259,332,328,246,149,69,318,,50,,,b'\x11\xe8\xe1I\xc9\x88\xf8\xe0\xaf\x82\x12\xdf\x17\xaeN\x1e'
11E8E149-C988-F8E0-AF82-12DF17AE4E1E,2011-ncaa-d0-natl,ncaa,296,279,288,297,311,259,265,222,293,288,272,275,134,96,239,60,238,283,44,282,222,239,268,268,249,232,62,75,162,308,327,110,78,223,268,306,314,81,149,271,306,308,246,238,,,129,197,,,252,230,42,257,190,226,82,263,211,89,36,174,249,247,109,113,286,13,91,293,176,288,226,,245,,,253,138,91,142,82,80,103,110,174,210,103,223,251,230,233,240,270,163,104,97,129,206,281,203,277,115,78,279,327,226,268,108,180,301,307,258,94,151,94,163,,,285,261,,,252,106,258,204,250,269,205,292,176,233,252,284,302,291,297,311,285,210,338,326,196,272,165,148,,216,,,b'\x11\xe8\xe1I\xc9\x88\xf8\xe0\xaf\x82\x12\xdf\x17\xaeN\x1e'
11E8E149-C988-F8E0-AF82-12DF17AE4E1E,2011-ncaa-d1-conf-OVC,ncaa,7,7,6,7,8,7,7,6,7,7,6,7,3,3,7,3,8,9,3,9,8,7,7,6,6,6,5,3,6,8,9,4,7,8,8,9,10,5,5,9,8,9,8,9,,,6,4,,,7,7,3,7,6,7,4,7,5,3,3,7,9,9,5,6,8,3,8,9,5,8,9,,7,,,7,6,6,6,3,5,5,4,6,6,2,6,9,9,5,9,9,7,5,3,4,6,9,5,8,6,7,9,9,9,8,6,7,9,10,7,6,7,6,7,,,9,8,,,7,4,7,7,7,8,6,9,5,5,5,6,10,10,10,9,8,7,10,10,7,8,7,8,,9,,,b'\x11\xe8\xe1I\xc9\x88\xf8\xe0\xaf\x82\x12\xdf\x17\xaeN\x1e'
11E8E149-C988-F8E0-AF82-12DF17AE4E1E,2011-ncaa-d1-natl,ncaa,268,277,199,274,260,202,227,131,291,262,229,270,101,52,251,54,187,229,82,230,198,150,167,266,248,229,58,74,162,272,321,70,82,139,260,288,316,120,133,268,276,297,226,227,,,210,202,,,233,129,34,260,179,212,61,257,206,80,29,162,212,208,84,90,259,11,69,294,178,273,217,,253,,,235,208,144,230,72,112,172,94,207,261,89,236,287,276,244,283,272,249,203,78,121,188,286,206,283,176,82,329,321,301,260,149,184,265,286,231,123,132,106,148,,,222,234,,,233,203,252,183,234,260,191,294,160,227,251,286,302,288,295,311,291,220,339,328,189,246,158,133,,184,,,b'\x11\xe8\xe1I\xc9\x88\xf8\xe0\xaf\x82\x12\xdf\x17\xaeN\x1e'
11E8E149-C988-F8E0-AF82-12DF17AE4E1E,2012-ncaa-d0-natl,ncaa,221,228,163,229,198,108,120,51,287,194,202,203,34,14,278,17,142,131,206,129,103,55,84,236,251,161,38,36,216,150,299,171,235,165,321,246,314,44,17,155,165,202,228,259,,,252,204,,,269,68,6,189,60,89,6,193,194,19,8,129,118,113,8,18,135,143,135,250,57,147,232,,286,,,268,326,324,264,314,312,261,313,284,235,300,170,300,295,218,292,237,277,256,316,318,323,171,175,170,236,235,339,299,336,321,319,212,168,233,288,85,53,273,291,,,135,236,,,269,260,172,321,274,334,332,315,321,298,289,244,308,303,300,324,323,265,341,338,322,146,111,290,,98,,,b'\x11\xe8\xe1I\xc9\x88\xf8\xe0\xaf\x82\x12\xdf\x17\xaeN\x1e'
11E8E149-C988-F8E0-AF82-12DF17AE4E1E,2012-ncaa-d1-conf-OVC,ncaa,4,5,1,5,4,3,5,3,7,6,4,6,2,2,6,3,3,3,5,3,4,3,2,6,7,5,2,3,5,3,7,6,8,4,9,5,6,5,3,4,5,6,9,9,,,6,3,,,8,2,2,10,5,6,3,8,8,2,3,5,3,3,3,3,4,6,7,6,2,6,9,,4,,,8,9,9,10,8,10,10,8,8,7,8,6,7,7,7,7,5,10,9,8,8,9,5,6,5,9,8,10,7,10,9,10,9,5,10,10,8,6,10,8,,,1,6,,,8,8,6,9,8,8,9,9,8,7,8,6,7,6,6,9,8,8,9,9,10,7,7,9,,4,,,b'\x11\xe8\xe1I\xc9\x88\xf8\xe0\xaf\x82\x12\xdf\x17\xaeN\x1e'
11E8E149-C988-F8E0-AF82-12DF17AE4E1E,2012-ncaa-d1-natl,ncaa,208,227,137,224,169,89,106,32,282,183,189,197,21,7,261,16,129,114,206,113,93,35,57,230,240,152,31,30,222,128,289,141,240,133,316,231,307,55,17,149,135,174,232,262,,,275,195,,,241,45,6,200,51,81,4,196,199,16,7,126,112,106,7,12,126,134,118,239,59,124,236,,285,,,240,335,330,290,308,317,278,309,289,251,285,172,305,300,219,299,229,302,291,310,314,318,171,173,172,262,240,339,289,337,316,321,206,135,214,269,116,64,287,294,,,111,241,,,241,284,160,309,252,331,329,317,318,297,286,252,304,297,296,324,328,270,341,338,316,123,129,290,,103,,,b'\x11\xe8\xe1I\xc9\x88\xf8\xe0\xaf\x82\x12\xdf\x17\xaeN\x1e'
11E8E149-C988-F8E0-AF82-12DF17AE4E1E,2013-ncaa-d0-natl,ncaa,164,105,302,141,319,207,273,217,298,320,290,298,74,61,149,52,95,98,131,94,21,194,256,255,225,159,17,43,36,210,244,170,139,180,218,310,315,21,42,217,251,235,230,226,,,36,57,,,149,262,72,261,120,216,70,295,252,38,32,30,34,34,42,88,129,36,53,299,65,210,191,,91,,,149,81,110,148,124,116,140,140,154,180,122,221,56,62,115,60,91,123,85,127,98,170,144,214,97,152,139,263,244,225,218,50,41,285,274,160,7,20,226,299,,,229,173,,,149,77,150,170,153,221,246,317,234,284,234,257,132,140,139,296,254,245,332,324,112,226,40,276,,126,,,b'\x11\xe8\xe1I\xc9\x88\xf8\xe0\xaf\x82\x12\xdf\x17\xaeN\x1e'
11E8E149-C988-F8E0-AF82-12DF17AE4E1E,2013-ncaa-d1-conf-OVC,ncaa,8,8,6,8,8,8,9,6,12,11,10,11,4,2,8,3,7,4,8,4,2,6,6,9,8,8,3,3,4,5,6,7,9,6,9,12,11,5,3,11,7,7,6,7,,,2,3,,,8,7,6,9,6,11,6,11,10,4,3,5,3,3,5,7,6,4,5,12,4,7,6,,3,,,8,5,8,11,4,11,12,4,3,5,3,3,4,5,3,5,2,10,9,3,4,5,1,2,5,11,9,11,6,11,9,3,1,8,9,5,3,2,11,11,,,8,8,,,8,5,8,6,8,5,8,12,11,12,3,5,4,5,5,11,9,12,11,11,4,8,3,11,,7,,,b'\x11\xe8\xe1I\xc9\x88\xf8\xe0\xaf\x82\x12\xdf\x17\xaeN\x1e'
11E8E149-C988-F8E0-AF82-12DF17AE4E1E,2013-ncaa-d1-natl,ncaa,155,104,292,137,320,173,243,182,285,298,281,285,70,60,160,55,67,69,128,66,18,158,219,236,199,128,22,50,32,200,244,130,125,150,215,299,309,22,33,187,224,218,215,207,,,35,49,,,118,226,72,260,93,196,66,271,245,44,32,18,24,23,38,81,134,30,43,284,59,192,180,,74,,,115,85,125,185,91,123,161,126,151,204,84,230,59,63,120,63,81,154,115,96,73,121,136,215,96,168,125,276,244,248,215,44,42,259,256,138,7,14,224,288,,,195,148,,,118,108,134,132,122,197,226,316,214,280,215,262,108,118,115,290,257,239,330,322,102,210,30,266,,100,,,b'\x11\xe8\xe1I\xc9\x88\xf8\xe0\xaf\x82\x12\xdf\x17\xaeN\x1e'
11E8E149-C988-F8E0-AF82-12DF17AE4E1E,2014-ncaa-d0-natl,ncaa,258,205,334,251,342,231,301,259,318,339,328,316,55,48,167,27,98,134,51,135,15,237,303,255,197,109,5,29,25,301,325,127,156,217,275,320,301,3,14,158,345,348,219,247,,,48,78,,,207,289,43,270,79,230,56,324,288,20,16,20,38,36,41,104,240,6,41,295,21,340,167,,156,,,210,124,135,197,100,162,219,88,134,150,121,137,134,109,274,106,84,188,84,85,85,243,129,154,166,198,156,281,325,262,275,46,21,348,348,317,9,21,133,298,,,194,53,,,207,63,141,273,205,302,309,346,301,344,222,254,244,214,215,345,314,319,344,346,151,341,30,237,,35,,,b'\x11\xe8\xe1I\xc9\x88\xf8\xe0\xaf\x82\x12\xdf\x17\xaeN\x1e'
11E8E149-C988-F8E0-AF82-12DF17AE4E1E,2014-ncaa-d1-conf-OVC,ncaa,12,12,9,12,10,9,12,8,12,12,11,12,3,2,7,2,3,6,3,6,1,7,9,12,10,8,1,2,1,9,12,3,5,6,10,12,10,2,2,10,11,11,8,8,,,2,4,,,11,8,3,6,4,12,4,12,11,3,1,2,2,2,3,4,7,1,2,12,4,11,7,,6,,,11,7,9,10,2,7,11,2,6,5,10,4,6,5,3,5,4,10,6,2,3,8,5,7,6,9,5,11,12,11,10,5,5,11,12,11,4,5,11,12,,,4,1,,,11,5,8,10,11,11,12,12,12,12,8,6,6,7,6,12,11,10,12,12,10,11,5,11,,1,,,b'\x11\xe8\xe1I\xc9\x88\xf8\xe0\xaf\x82\x12\xdf\x17\xaeN\x1e'
11E8E149-C988-F8E0-AF82-12DF17AE4E1E,2014-ncaa-d1-natl,ncaa,252,204,333,245,342,210,290,227,316,339,319,316,52,43,142,28,78,122,56,125,15,207,283,248,187,101,4,25,36,283,326,92,148,180,276,312,305,2,9,141,343,345,206,245,,,58,78,,,187,270,36,273,68,210,45,322,285,19,15,24,39,37,33,98,234,1,31,288,18,332,165,,158,,,187,131,146,228,71,165,249,65,135,168,99,148,155,116,297,116,80,215,108,56,68,210,138,157,181,222,148,307,326,297,276,57,26,344,348,305,7,20,154,298,,,171,59,,,187,87,129,247,184,300,299,345,290,344,220,268,246,210,208,345,319,324,345,346,148,341,32,243,,38,,,b'\x11\xe8\xe1I\xc9\x88\xf8\xe0\xaf\x82\x12\xdf\x17\xaeN\x1e'
11E8E149-C988-F8E0-AF82-12DF17AE4E1E,2015-ncaa-d0-natl,ncaa,306,279,322,306,323,185,259,224,268,310,315,232,81,61,189,46,85,102,59,98,12,205,213,201,162,155,19,57,34,250,284,161,222,209,276,269,256,113,157,239,312,322,171,229,,,84,78,,,285,197,8,46,47,150,39,260,251,33,18,13,17,16,27,15,191,15,49,217,241,280,128,,221,,,289,283,302,269,280,295,288,214,235,144,342,102,131,130,187,123,57,247,163,271,252,327,87,188,70,230,222,259,284,256,276,281,165,319,333,337,106,140,172,275,,,210,188,,,285,147,184,332,286,347,346,348,342,349,307,237,232,227,226,349,344,331,344,345,337,277,212,248,,54,,,b'\x11\xe8\xe1I\xc9\x88\xf8\xe0\xaf\x82\x12\xdf\x17\xaeN\x1e'
11E8E149-C988-F8E0-AF82-12DF17AE4E1E,2015-ncaa-d1-conf-OVC,ncaa,10,10,9,10,11,7,12,9,12,12,12,12,3,1,8,1,1,1,2,1,1,6,7,10,8,7,1,2,1,4,8,8,7,8,9,10,7,2,4,10,10,9,7,8,,,6,7,,,10,7,2,5,3,12,4,12,11,1,1,1,1,1,2,1,3,4,2,10,6,9,4,,8,,,10,11,12,8,12,12,10,10,5,3,12,2,6,6,6,6,5,7,6,11,10,12,2,3,6,8,7,10,8,10,9,12,7,10,10,12,7,7,10,12,,,4,3,,,10,6,7,12,10,12,12,10,12,12,7,5,6,7,8,11,11,10,12,12,12,10,8,11,,1,,,b'\x11\xe8\xe1I\xc9\x88\xf8\xe0\xaf\x82\x12\xdf\x17\xaeN\x1e'
11E8E149-C988-F8E0-AF82-12DF17AE4E1E,2015-ncaa-d1-natl,ncaa,291,279,298,293,306,112,170,131,230,259,283,180,52,37,170,42,56,78,69,76,17,114,123,158,135,119,21,52,55,196,246,74,161,119,215,198,222,148,131,184,276,303,127,193,,,97,66,,,220,111,7,50,28,80,24,222,229,26,15,16,19,17,17,12,136,9,17,138,228,244,97,,194,,,223,304,318,305,248,309,319,172,260,167,340,95,148,136,203,135,52,295,245,238,217,291,93,192,76,245,161,293,246,286,215,298,168,282,311,312,121,104,172,251,,,164,220,,,220,233,134,295,225,341,342,348,338,349,299,227,206,199,195,349,344,315,342,341,329,244,189,223,,60,,,b'\x11\xe8\xe1I\xc9\x88\xf8\xe0\xaf\x82\x12\xdf\x17\xaeN\x1e'
11E8E149-C988-F8E0-AF82-12DF17AE4E1E,2016-ncaa-d0-natl,ncaa,256,204,321,247,330,248,265,254,269,328,337,223,44,34,167,12,297,292,210,292,115,268,303,175,199,166,17,13,272,315,325,312,173,330,328,226,124,22,80,116,243,198,265,251,,,32,84,,,269,288,66,162,132,167,70,306,314,15,12,248,241,242,93,133,275,247,287,144,99,182,234,,114,,,274,163,211,61,338,208,118,302,192,57,348,102,70,61,239,61,96,45,43,338,340,327,111,196,63,27,173,250,325,147,328,169,139,262,190,250,44,115,19,117,,,303,231,,,269,55,197,314,279,311,329,253,315,283,272,141,166,144,140,235,242,127,340,317,282,177,133,57,,207,,,b'\x11\xe8\xe1I\xc9\x88\xf8\xe0\xaf\x82\x12\xdf\x17\xaeN\x1e'
11E8E149-C988-F8E0-AF82-12DF17AE4E1E,2016-ncaa-d1-conf-OVC,ncaa,5,7,3,7,3,8,8,3,9,10,9,7,2,1,8,2,8,8,12,8,5,4,5,7,9,8,2,2,11,7,11,4,4,6,10,5,4,6,4,3,7,8,11,12,,,3,1,,,10,3,6,8,8,8,3,10,11,2,2,10,9,9,5,5,8,9,10,5,3,9,11,,2,,,10,10,12,9,12,11,9,11,9,7,11,7,3,3,6,3,2,8,9,12,12,10,4,9,2,3,4,12,11,11,10,9,5,4,4,7,7,6,3,6,,,4,8,,,10,9,8,10,10,10,11,7,9,5,9,7,2,3,3,4,3,2,12,8,9,5,6,3,,7,,,b'\x11\xe8\xe1I\xc9\x88\xf8\xe0\xaf\x82\x12\xdf\x17\xaeN\x1e'
11E8E149-C988-F8E0-AF82-12DF17AE4E1E,2016-ncaa-d1-natl,ncaa,234,204,303,232,319,198,217,181,256,305,327,188,40,25,199,15,257,265,190,266,114,205,234,175,186,155,23,16,260,289,319,272,134,304,322,183,119,34,75,104,203,178,218,225,,,55,82,,,257,205,42,168,115,143,49,279,297,16,12,221,224,226,70,98,258,209,257,120,104,154,187,,119,,,261,242,276,126,339,268,182,291,245,78,349,111,70,71,188,71,76,115,98,339,333,322,116,215,44,46,134,306,319,233,322,251,168,223,184,254,55,92,21,98,,,264,250,,,257,127,185,301,263,313,332,272,315,290,291,155,129,127,127,241,262,114,341,317,303,156,112,49,,205,,,b'\x11\xe8\xe1I\xc9\x88\xf8\xe0\xaf\x82\x12\xdf\x17\xaeN\x1e'
11E8E149-C988-F8E0-AF82-12DF17AE4E1E,2017-ncaa-d0-natl,ncaa,197,126,321,184,330,182,188,252,100,243,321,59,90,78,151,34,216,249,105,261,99,257,289,74,73,67,59,59,241,277,252,271,274,293,259,302,336,38,104,219,223,190,193,204,,,38,67,,,194,282,52,159,51,64,58,159,266,32,24,133,160,172,76,91,220,127,171,257,146,154,139,,140,,,195,160,215,145,289,248,178,296,112,103,166,141,79,91,79,82,87,120,71,277,248,293,46,105,75,198,274,81,252,112,259,126,70,295,273,260,45,97,40,135,,,301,254,,,194,59,80,307,197,321,330,328,338,324,207,216,159,191,179,324,315,308,249,291,255,238,129,94,,203,,,b'\x11\xe8\xe1I\xc9\x88\xf8\xe0\xaf\x82\x12\xdf\x17\xaeN\x1e'
11E8E149-C988-F8E0-AF82-12DF17AE4E1E,2017-ncaa-d1-conf-OVC,ncaa,7,4,9,7,12,8,10,9,8,12,12,5,4,4,4,1,5,7,4,7,4,8,11,4,4,4,1,2,4,10,9,11,12,12,10,12,12,2,4,10,3,3,9,9,,,1,2,,,8,11,5,11,6,7,5,12,11,3,2,5,6,6,5,7,8,10,11,12,5,3,9,,2,,,9,6,8,5,11,8,7,11,8,7,9,7,2,1,7,1,2,3,2,11,11,12,4,6,4,8,12,8,9,8,10,5,3,11,8,8,1,6,4,8,,,10,6,,,8,2,5,12,9,11,12,11,12,9,8,7,5,4,4,7,7,10,8,8,9,7,6,4,,7,,,b'\x11\xe8\xe1I\xc9\x88\xf8\xe0\xaf\x82\x12\xdf\x17\xaeN\x1e'
11E8E149-C988-F8E0-AF82-12DF17AE4E1E,2017-ncaa-d1-natl,ncaa,175,126,310,164,316,123,135,179,99,197,296,52,60,47,155,38,183,203,143,211,86,183,222,72,76,65,64,63,243,231,231,201,239,226,233,267,332,63,86,201,136,124,177,198,,,50,60,,,145,211,30,164,41,47,42,141,244,31,22,121,131,143,43,55,184,93,122,224,144,89,137,,124,,,144,197,247,196,267,271,223,282,135,151,144,147,98,126,73,108,91,178,148,244,217,247,54,114,83,223,239,160,231,187,233,170,93,228,231,216,66,89,34,109,,,256,259,,,145,136,80,264,148,309,324,323,326,322,201,215,154,189,180,320,322,289,263,289,255,176,127,68,,189,,,b'\x11\xe8\xe1I\xc9\x88\xf8\xe0\xaf\x82\x12\xdf\x17\xaeN\x1e'
11E8E149-C988-F8E0-AF82-12DF17AE4E1E,2018-ncaa-d0-natl,ncaa,245,244,242,249,267,144,169,190,140,170,241,81,152,113,254,111,97,119,87,122,54,180,223,134,111,88,127,164,82,292,302,301,254,314,320,290,332,43,68,201,216,217,292,294,,,140,157,,,268,185,59,185,75,120,109,125,192,119,78,44,73,74,92,115,285,285,310,287,80,195,291,,210,,,266,305,318,174,345,321,183,347,192,153,243,156,210,211,175,206,197,174,155,343,344,342,60,98,105,129,254,232,302,199,320,313,219,228,220,306,78,106,52,86,,,216,165,,,268,163,117,335,264,341,344,267,345,261,233,208,241,245,246,289,272,186,298,269,338,194,119,76,,155,,,b'\x11\xe8\xe1I\xc9\x88\xf8\xe0\xaf\x82\x12\xdf\x17\xaeN\x1e'
11E8E149-C988-F8E0-AF82-12DF17AE4E1E,2018-ncaa-d1-conf-OVC,ncaa,8,8,5,8,8,3,3,5,5,4,6,3,4,4,7,5,4,6,3,6,8,5,7,3,4,3,7,7,7,9,10,9,7,9,10,9,12,1,1,3,7,7,10,10,,,4,5,,,7,6,3,7,3,2,2,3,5,4,4,4,6,6,2,3,10,10,11,10,1,7,10,,5,,,7,12,12,8,12,12,8,12,11,8,9,8,4,5,2,5,5,8,6,12,12,12,4,7,3,4,7,9,10,7,10,11,10,9,10,12,2,2,3,3,,,10,9,,,7,7,3,12,7,12,12,10,12,7,12,9,5,5,5,9,8,6,9,8,12,9,2,5,,9,,,b'\x11\xe8\xe1I\xc9\x88\xf8\xe0\xaf\x82\x12\xdf\x17\xaeN\x1e'
11E8E149-C988-F8E0-AF82-12DF17AE4E1E,2018-ncaa-d1-natl,ncaa,247,243,213,248,272,131,168,193,145,183,235,97,142,112,240,111,73,95,96,94,42,172,222,134,113,91,105,156,66,293,307,306,275,316,327,294,330,41,67,200,212,214,291,297,,,155,152,,,277,164,61,187,76,126,119,138,200,119,85,35,54,54,90,124,288,296,317,287,74,191,290,,211,,,276,325,328,192,346,327,196,347,212,160,281,154,220,213,194,210,197,201,175,343,344,343,65,107,101,157,275,257,307,227,327,322,218,222,228,308,70,96,44,77,,,190,136,,,277,184,116,340,277,344,344,274,344,265,243,204,243,246,245,291,273,206,302,280,338,195,105,66,,119,,,b'\x11\xe8\xe1I\xc9\x88\xf8\xe0\xaf\x82\x12\xdf\x17\xaeN\x1e'
11E8E149-C988-F8E0-AF82-12DF17AE4E1E,2019-ncaa-d0-natl,ncaa,236,209,292,233,305,215,251,297,151,268,279,191,164,214,67,169,94,142,28,134,41,289,291,131,89,121,68,143,30,266,185,205,194,235,161,262,236,160,222,240,319,304,269,280,,,29,52,,,226,294,120,178,122,190,239,235,230,119,168,29,68,61,191,158,216,85,135,232,238,287,253,,69,,,229,172,221,172,247,248,180,288,113,151,108,168,90,69,266,69,72,141,64,239,224,304,62,110,87,163,194,39,185,61,161,139,80,338,335,317,233,278,285,326,,,264,190,,,226,53,135,308,233,292,313,328,320,305,192,231,159,134,130,317,236,262,127,189,215,324,278,320,,178,,,b'\x11\xe8\xe1I\xc9\x88\xf8\xe0\xaf\x82\x12\xdf\x17\xaeN\x1e'
11E8E149-C988-F8E0-AF82-12DF17AE4E1E,2019-ncaa-d1-conf-OVC,ncaa,6,6,5,6,6,6,6,8,7,9,8,6,5,6,5,6,3,3,4,3,3,8,5,6,4,5,4,6,2,9,6,4,5,5,4,8,8,11,11,10,10,10,7,10,,,4,2,,,8,5,4,4,6,8,9,10,8,5,6,3,3,3,9,5,7,2,5,9,10,10,8,,3,,,8,9,11,10,5,11,10,8,5,8,1,7,5,3,8,3,3,9,8,5,4,9,4,5,3,10,5,3,6,8,4,9,3,11,12,11,11,10,12,11,,,7,6,,,8,8,6,10,8,10,11,12,12,12,5,11,5,4,4,12,9,9,4,8,8,11,10,12,,8,,,b'\x11\xe8\xe1I\xc9\x88\xf8\xe0\xaf\x82\x12\xdf\x17\xaeN\x1e'
11E8E149-C988-F8E0-AF82-12DF17AE4E1E,2019-ncaa-d1-natl,ncaa,201,209,155,211,210,126,165,209,122,163,202,129,154,185,118,194,35,62,43,55,35,172,172,113,83,111,104,198,28,205,171,97,142,137,117,211,248,227,208,222,247,261,252,283,,,68,54,,,189,155,95,207,95,147,211,156,189,147,181,17,43,38,152,124,203,59,101,202,230,244,252,,82,,,189,253,266,263,214,291,259,248,146,209,75,158,180,148,295,142,101,256,188,197,194,274,74,96,140,212,142,97,171,132,117,170,77,292,319,273,261,256,287,294,,,165,157,,,189,182,122,271,199,272,286,314,300,294,155,220,198,169,167,309,244,226,128,165,181,291,267,298,,137,,,b'\x11\xe8\xe1I\xc9\x88\xf8\xe0\xaf\x82\x12\xdf\x17\xaeN\x1e'
11E8E149-C988-F8E0-AF82-12DF17AE4E1E,2020-ncaa-d0-natl,ncaa,221,195,260,220,290,222,263,213,300,308,275,302,111,98,168,86,120,132,136,127,62,206,179,260,244,252,42,75,65,101,122,210,322,154,234,278,233,258,246,286,288,311,188,217,,,132,93,,,315,203,53,170,179,229,115,293,238,85,66,79,93,91,88,45,59,131,62,252,295,263,168,,206,,,317,310,299,277,266,285,275,224,256,198,313,136,239,247,206,239,162,282,221,269,268,314,172,180,165,329,322,187,122,281,234,272,174,288,315,320,260,257,276,316,,,243,257,,,315,163,234,336,309,339,334,343,323,336,296,256,279,275,270,347,326,339,269,328,306,254,291,302,,178,,,b'\x11\xe8\xe1I\xc9\x88\xf8\xe0\xaf\x82\x12\xdf\x17\xaeN\x1e'
11E8E149-C988-F8E0-AF82-12DF17AE4E1E,2020-ncaa-d1-conf-OVC,ncaa,8,8,5,8,7,6,5,4,7,7,6,8,5,5,6,7,7,6,6,6,6,3,3,7,6,7,4,5,6,4,5,4,7,4,5,7,9,11,9,9,12,12,7,8,,,5,3,,,10,4,2,7,6,5,3,7,6,4,5,6,5,5,2,2,4,3,3,7,10,12,7,,5,,,10,12,12,12,10,11,12,7,12,6,12,4,7,6,11,6,3,12,9,10,9,12,4,7,4,11,7,9,5,10,5,11,5,11,11,12,11,10,10,11,,,8,10,,,10,9,7,11,10,11,12,12,11,12,11,6,7,7,7,12,11,10,8,10,11,11,10,11,,7,,,b'\x11\xe8\xe1I\xc9\x88\xf8\xe0\xaf\x82\x12\xdf\x17\xaeN\x1e'
11E8E149-C988-F8E0-AF82-12DF17AE4E1E,2020-ncaa-d1-natl,ncaa,199,195,128,201,198,153,194,99,277,268,222,275,75,64,164,79,99,113,136,107,98,84,62,243,229,235,46,74,103,58,110,120,297,65,204,227,229,277,222,270,242,285,139,199,,,190,97,,,294,85,43,177,140,197,72,267,218,74,56,95,112,106,64,34,52,112,39,232,279,249,141,,208,,,294,336,324,325,264,310,318,211,293,242,318,133,267,271,200,259,156,334,314,265,262,307,173,188,156,331,297,269,110,315,204,303,177,240,301,309,275,232,293,302,,,216,290,,,294,288,210,325,290,338,335,341,321,336,297,247,265,269,261,343,328,334,274,321,303,245,270,298,,204,,,b'\x11\xe8\xe1I\xc9\x88\xf8\xe0\xaf\x82\x12\xdf\x17\xaeN\x1e'
11E8E149-C988-F8E0-AF82-12DF17AE4E1E,2021-ncaa-d0-natl,ncaa,60,165,26,111,35,37,52,50,104,43,40,109,104,97,159,232,6,11,19,11,46,37,31,124,79,82,142,248,20,47,127,38,203,36,120,96,272,282,115,171,155,272,103,233,,,222,45,,,118,35,166,224,91,124,189,101,151,205,220,12,28,30,131,155,138,115,112,220,125,269,184,,47,,,128,317,326,323,214,329,327,185,252,255,165,98,197,191,211,184,23,320,310,172,150,230,32,101,37,323,203,291,127,308,120,264,41,135,294,235,271,147,331,264,,,26,107,,,118,306,75,243,135,217,273,278,296,310,140,121,59,57,54,246,175,238,123,159,133,286,150,292,,109,,,b'\x11\xe8\xe1I\xc9\x88\xf8\xe0\xaf\x82\x12\xdf\x17\xaeN\x1e'
11E8E149-C988-F8E0-AF82-12DF17AE4E1E,2021-ncaa-d1-conf-OVC,ncaa,3,5,1,5,1,2,5,2,8,3,2,8,6,5,6,9,1,1,1,1,2,1,1,8,4,4,4,9,2,3,7,2,6,2,7,6,11,5,3,7,10,12,5,8,,,4,1,,,7,1,3,3,3,7,4,5,4,7,8,1,1,1,3,5,7,3,3,10,3,11,6,,2,,,7,12,12,12,7,12,12,6,8,8,8,4,1,2,4,1,1,12,12,6,5,8,2,5,1,10,6,11,7,11,7,7,3,10,12,10,4,2,11,9,,,1,3,,,7,12,5,9,7,9,12,12,12,12,6,5,1,1,1,11,10,10,7,10,4,12,4,11,,2,,,b'\x11\xe8\xe1I\xc9\x88\xf8\xe0\xaf\x82\x12\xdf\x17\xaeN\x1e'
11E8E149-C988-F8E0-AF82-12DF17AE4E1E,2021-ncaa-d1-natl,ncaa,62,165,30,114,43,40,58,60,108,54,46,115,114,111,160,229,7,13,19,12,44,45,38,124,81,84,137,250,19,56,132,43,211,43,127,106,273,271,118,173,171,277,109,233,,,213,45,,,129,40,169,225,93,130,193,108,152,208,220,13,30,32,135,164,142,121,119,229,122,275,187,,49,,,138,312,323,318,224,326,326,191,243,246,172,95,187,184,213,176,23,314,305,185,159,240,30,100,36,317,211,280,132,304,127,257,41,152,296,246,263,150,330,271,,,33,108,,,129,299,78,252,144,223,276,280,301,314,139,117,61,57,54,246,172,243,126,164,141,290,151,296,,110,,,b'\x11\xe8\xe1I\xc9\x88\xf8\xe0\xaf\x82\x12\xdf\x17\xaeN\x1e'
11E8E149-C988-F8E0-AF82-12DF17AE4E1E,2022-ncaa-d0-natl,ncaa,79,67,112,75,116,71,87,230,4,62,159,11,196,275,25,282,16,56,6,56,38,196,206,9,2,10,221,275,35,254,123,47,27,92,11,65,73,160,176,71,333,342,269,317,,,4,2,,,53,179,287,57,43,65,323,42,194,222,301,9,52,51,281,302,285,26,90,40,128,344,295,,1,,,49,196,267,273,147,256,284,113,233,207,260,163,12,6,266,7,2,238,174,150,111,227,71,234,7,101,27,10,123,20,11,133,40,331,345,310,232,246,253,236,,,81,27,,,53,182,14,187,43,154,241,286,231,301,209,178,7,4,5,214,80,79,4,3,107,346,202,239,,77,,,b'\x11\xe8\xe1I\xc9\x88\xf8\xe0\xaf\x82\x12\xdf\x17\xaeN\x1e'
11E8E149-C988-F8E0-AF82-12DF17AE4E1E,2022-ncaa-d1-conf-OVC,ncaa,3,3,1,3,1,1,2,5,1,1,4,2,8,8,2,8,1,2,1,2,4,5,6,2,1,1,6,8,2,6,4,1,1,1,1,2,4,2,2,2,10,10,8,10,,,1,1,,,2,4,6,1,1,2,7,1,5,8,8,1,2,2,6,8,7,1,1,3,2,10,8,,1,,,2,6,9,10,2,8,10,2,7,8,7,6,1,1,9,1,1,9,8,2,2,5,2,8,1,4,1,1,4,1,1,3,1,10,10,9,3,3,9,8,,,3,2,,,2,8,2,6,2,5,7,10,6,10,6,5,1,1,1,7,5,3,1,1,3,10,3,9,,3,,,b'\x11\xe8\xe1I\xc9\x88\xf8\xe0\xaf\x82\x12\xdf\x17\xaeN\x1e'
11E8E149-C988-F8E0-AF82-12DF17AE4E1E,2022-ncaa-d1-natl,ncaa,65,67,67,72,72,48,58,182,4,39,124,12,189,263,28,287,6,33,6,29,36,142,141,11,3,11,219,275,31,210,90,22,28,48,8,41,71,207,177,67,328,343,256,307,,,6,1,,,36,125,275,65,37,61,312,42,183,222,296,7,49,46,256,278,263,15,55,36,137,347,284,,1,,,37,226,287,320,113,267,299,105,270,287,163,220,24,14,247,15,2,295,223,121,80,199,87,248,8,145,28,10,90,34,8,154,37,331,344,305,262,240,279,230,,,46,23,,,36,231,13,176,32,147,222,298,203,282,218,242,8,5,5,226,88,95,3,4,99,346,203,246,,65,,,b'\x11\xe8\xe1I\xc9\x88\xf8\xe0\xaf\x82\x12\xdf\x17\xaeN\x1e'
11E8E149-C988-F8E0-AF82-12DF17AE4E1E,2023-ncaa-d0-natl,ncaa,181,188,164,191,185,148,160,216,80,213,265,107,80,125,32,95,165,225,16,219,144,221,261,57,45,60,70,77,186,245,200,147,39,180,84,80,23,68,123,50,322,322,320,334,,,17,26,,,148,262,279,118,120,135,244,218,277,66,111,153,225,220,246,288,247,105,174,43,84,328,329,,14,,,148,198,267,196,282,249,182,270,252,210,280,244,15,17,141,16,25,144,98,290,257,314,79,259,9,40,39,72,200,45,84,292,259,321,320,343,174,230,297,340,,,317,322,,,148,118,64,276,137,223,288,242,268,207,265,223,18,23,22,158,64,37,80,48,304,334,188,309,,337,,,b'\x11\xe8\xe1I\xc9\x88\xf8\xe0\xaf\x82\x12\xdf\x17\xaeN\x1e'
11E8E149-C988-F8E0-AF82-12DF17AE4E1E,2023-ncaa-d1-conf-MVC,ncaa,8,8,3,8,3,7,7,7,6,6,9,6,5,4,3,5,8,11,1,11,9,7,6,5,5,5,4,5,9,8,5,6,4,5,4,4,3,4,6,4,9,9,10,11,,,1,2,,,6,7,11,1,7,7,7,7,8,5,5,8,11,11,8,8,7,6,5,3,4,9,10,,1,,,6,10,11,10,9,10,7,9,11,9,9,9,1,1,3,1,2,8,6,10,7,9,2,10,1,5,4,4,5,5,4,10,5,10,10,11,9,9,6,5,,,11,12,,,6,7,5,9,6,7,10,9,10,7,10,10,1,1,1,7,3,5,4,5,8,11,8,6,,11,,,b'\x11\xe8\xe1I\xc9\x88\xf8\xe0\xaf\x82\x12\xdf\x17\xaeN\x1e'
11E8E149-C988-F8E0-AF82-12DF17AE4E1E,2023-ncaa-d1-natl,ncaa,185,186,151,193,171,126,151,221,83,207,270,96,80,119,29,98,145,208,8,203,131,222,263,51,42,47,65,78,175,244,186,134,31,172,68,66,22,59,103,38,334,327,331,339,,,17,23,,,148,262,282,118,105,132,249,217,280,68,113,133,211,208,250,292,244,96,177,39,77,333,337,,12,,,146,202,280,218,282,251,181,271,266,230,291,254,13,14,139,15,22,153,84,296,254,317,92,276,9,32,31,71,186,29,68,291,249,338,328,345,163,222,299,337,,,316,316,,,148,118,51,291,129,223,294,247,259,194,278,240,19,17,18,161,61,29,74,38,302,339,173,303,,334,,,b'\x11\xe8\xe1I\xc9\x88\xf8\xe0\xaf\x82\x12\xdf\x17\xaeN\x1e'
11E8E149-C988-F8E0-AF82-12DF17AE4E1E,2024-ncaa-d0-natl,ncaa,106,82,143,99,167,20,29,46,33,38,101,21,52,44,146,108,15,47,7,42,66,39,46,36,25,24,142,178,112,81,101,87,52,75,64,61,186,156,57,66,124,184,216,276,,,267,164,,,69,44,6,163,4,11,12,13,94,48,35,8,30,29,9,10,77,52,33,39,154,129,222,,270,,,62,342,348,305,326,349,323,308,244,193,291,97,233,230,244,231,102,306,298,317,303,324,63,112,101,113,52,230,101,179,64,300,114,147,224,244,175,86,260,220,,,64,168,,,69,312,23,280,78,349,353,341,348,346,238,192,225,216,219,338,337,98,229,173,302,148,169,270,,39,,,b'\x11\xe8\xe1I\xc9\x88\xf8\xe0\xaf\x82\x12\xdf\x17\xaeN\x1e'
11E8E149-C988-F8E0-AF82-12DF17AE4E1E,2024-ncaa-d1-conf-MVC,ncaa,6,6,3,6,6,2,2,1,3,3,4,3,5,4,8,4,3,4,1,4,7,1,2,4,4,3,5,7,7,2,2,4,4,2,3,3,8,7,4,5,6,8,9,9,,,8,5,,,5,2,1,7,1,1,1,2,4,5,4,3,4,4,1,1,3,4,2,3,6,7,9,,7,,,5,10,10,11,7,10,11,6,9,7,9,5,6,7,9,7,4,11,11,7,6,7,4,7,7,7,4,5,2,7,3,9,4,4,6,7,8,6,8,5,,,6,10,,,5,11,3,7,5,9,10,11,10,12,8,6,6,6,6,11,11,7,5,6,10,4,8,8,,5,,,b'\x11\xe8\xe1I\xc9\x88\xf8\xe0\xaf\x82\x12\xdf\x17\xaeN\x1e'
11E8E149-C988-F8E0-AF82-12DF17AE4E1E,2024-ncaa-d1-natl,ncaa,108,83,130,103,151,15,20,33,30,31,94,16,46,36,137,102,18,47,7,43,66,29,32,34,25,23,143,171,128,82,110,86,55,65,72,44,178,163,60,56,111,168,213,282,,,276,168,,,60,31,6,160,5,9,10,10,92,46,29,10,33,31,8,10,74,56,39,32,158,117,216,,272,,,60,347,351,320,332,352,334,305,271,191,319,94,239,230,250,230,103,319,314,322,311,323,70,122,100,109,55,245,110,185,72,302,106,122,205,232,176,81,263,211,,,61,182,,,60,330,18,283,68,351,353,340,352,348,264,183,229,217,219,338,342,98,239,177,299,122,170,263,,41,,,b'\x11\xe8\xe1I\xc9\x88\xf8\xe0\xaf\x82\x12\xdf\x17\xaeN\x1e'
11E8E149-C988-F8E0-AF82-12DF17AE4E1E,2025-ncaa-d0-natl,genius_ncaa,39,37,54,44,82,11,20,24,31,45,117,19,5,6,38,33,7,22,5,25,27,22,30,17,11,4,31,49,135,102,201,38,6,40,72,18,78,69,10,10,101,170,263,326,,,211,59,,153,25,21,8,267,2,9,10,50,189,4,6,8,25,28,8,15,155,34,48,12,37,132,293,,121,,113,29,348,358,335,342,359,337,318,279,250,284,113,140,137,169,130,31,323,322,331,307,290,31,133,26,45,6,330,201,263,72,244,19,82,171,146,135,38,318,289,,,24,98,,76,25,340,3,207,33,329,352,322,352,338,240,181,84,84,81,302,311,15,290,162,188,123,89,294,,31,,95,b'\x11\xe8\xe1I\xc9\x88\xf8\xe0\xaf\x82\x12\xdf\x17\xaeN\x1e'
11E8E149-C988-F8E0-AF82-12DF17AE4E1E,2025-ncaa-d1-conf-MVC,genius_ncaa,1,1,1,1,1,1,1,1,3,2,7,2,1,1,2,3,1,1,1,1,2,1,1,2,2,1,3,4,2,2,4,3,1,2,2,2,4,4,1,1,5,7,12,12,,,7,3,,4,1,1,1,4,1,1,1,3,7,2,2,1,1,1,1,2,5,4,5,2,1,6,12,,6,,4,1,10,12,11,10,12,12,9,6,4,6,2,4,4,7,4,1,11,12,10,10,7,1,2,1,2,1,8,4,5,2,3,1,2,5,2,5,2,11,8,,,1,2,,2,1,12,1,5,1,9,9,8,10,11,4,3,3,3,3,8,8,1,5,4,3,4,2,9,,1,,5,b'\x11\xe8\xe1I\xc9\x88\xf8\xe0\xaf\x82\x12\xdf\x17\xaeN\x1e'
11E8E149-C988-F8E0-AF82-12DF17AE4E1E,2025-ncaa-d1-natl,genius_ncaa,44,37,72,45,100,12,23,26,33,53,145,20,7,8,38,34,8,28,4,30,24,23,38,19,13,4,27,48,123,133,215,43,6,51,80,22,84,53,10,10,117,183,277,325,,,188,63,,140,30,27,9,267,2,9,10,54,196,4,7,9,26,27,10,16,165,36,55,12,37,142,298,,125,,116,32,347,356,332,349,358,333,326,270,235,293,107,125,118,174,113,31,313,307,339,315,306,30,128,25,32,6,322,215,234,80,232,20,96,178,160,114,42,311,294,,,32,89,,82,30,333,3,227,36,333,354,326,355,339,243,178,90,86,85,309,310,16,299,167,199,138,92,297,,32,,93,b'\x11\xe8\xe1I\xc9\x88\xf8\xe0\xaf\x82\x12\xdf\x17\xaeN\x1e'
11E8E149-C988-F8E0-AF82-12DF17AE4E1E,2025-ncaa-d1-ncaatournament,genius_ncaa,37,2,37,37,38,52,56,49,60,55,58,36,53,35,58,6,37,36,38,36,5,44,45,60,55,55,17,42,9,49,55,47,30,50,53,59,61,17,32,57,49,41,39,41,,,6,6,,9,58,42,6,7,48,55,28,54,55,44,6,13,13,13,22,21,42,39,46,59,36,34,23,,7,,13,59,26,30,28,63,35,31,58,21,9,62,21,1,1,1,1,1,24,24,63,61,61,4,29,1,11,30,23,55,18,53,43,59,50,35,58,18,31,9,30,,,42,19,,16,58,30,57,56,59,62,66,64,67,65,43,24,1,1,1,53,55,25,59,53,67,30,32,14,,20,,2,b'\x11\xe8\xe1I\xc9\x88\xf8\xe0\xaf\x82\x12\xdf\x17\xaeN\x1e'
11E8E149-C988-F8E0-AF82-12DF17AE4E1E,2026-ncaa-d0-natl,genius_ncaa,55,39,116,52,142,70,117,112,167,122,178,89,111,56,295,91,4,10,3,7,3,83,92,160,80,64,39,228,3,142,204,84,64,99,119,200,331,151,66,189,259,320,232,322,,,154,57,,227,168,86,14,97,26,114,65,131,215,120,35,1,5,4,16,22,164,41,61,240,115,310,269,,101,,214,168,327,357,316,324,361,345,326,157,197,110,67,141,124,265,114,14,301,255,293,276,326,2,37,26,149,64,255,204,226,119,294,51,272,343,333,98,47,219,206,,,25,18,,157,168,269,66,297,176,336,359,355,360,357,112,148,106,90,73,346,313,119,249,194,279,331,71,197,,5,,182,b'\x11\xe8\xe1I\xc9\x88\xf8\xe0\xaf\x82\x12\xdf\x17\xaeN\x1e'
11E8E149-C988-F8E0-AF82-12DF17AE4E1E,2026-ncaa-d1-natl,genius_ncaa,74,39,177,59,197,98,177,176,197,179,245,104,145,79,307,92,4,12,3,8,3,126,147,196,90,76,34,226,2,208,241,120,70,151,148,272,343,101,71,224,320,342,278,331,,,99,63,,201,202,139,18,100,31,150,87,159,233,137,40,1,5,5,25,32,192,47,75,277,124,333,282,,113,,224,203,313,350,292,344,360,336,345,117,141,132,63,99,79,274,65,15,258,199,323,309,347,2,29,28,97,70,209,241,172,148,275,57,331,352,342,63,49,192,231,,,35,15,,184,202,211,88,333,216,350,361,358,363,360,136,148,117,97,81,354,315,122,271,216,309,344,73,216,,5,,169,b'\x11\xe8\xe1I\xc9\x88\xf8\xe0\xaf\x82\x12\xdf\x17\xaeN\x1e'
11E8E149-C98D-E7B0-AF82-12DF17AE4E1E,2010-ncaa-d0-natl,ncaa,45,62,20,64,40,26,31,37,33,30,35,47,102,126,77,224,20,13,162,11,69,28,24,50,41,52,195,214,124,34,49,65,151,41,67,51,182,275,123,104,33,77,89,162,,,249,100,,,57,25,72,273,31,42,102,44,99,147,192,39,36,36,66,72,72,171,106,70,178,66,124,,122,,,56,323,326,297,262,338,335,224,90,53,243,13,275,292,78,290,135,308,319,211,203,164,23,22,166,260,151,229,49,245,67,275,101,40,117,122,151,58,56,20,,,30,141,,,57,321,36,146,59,212,253,179,307,312,32,19,185,211,209,202,240,150,74,85,182,99,79,35,,85,,,b'\x11\xe8\xe1I\xc9\x8d\xe7\xb0\xaf\x82\x12\xdf\x17\xaeN\x1e'
11E8E149-C98D-E7B0-AF82-12DF17AE4E1E,2010-ncaa-d1-conf-MEAC,ncaa,2,1,6,1,9,1,2,3,1,2,7,1,4,4,4,4,2,3,2,3,2,4,4,1,1,1,4,4,6,3,1,9,6,7,1,1,1,3,3,1,1,1,1,1,,,5,4,,,2,4,1,9,1,1,1,1,5,3,3,2,2,2,1,1,2,6,2,1,4,1,1,,5,,,1,7,8,5,8,8,6,7,4,3,7,3,6,5,4,5,4,5,4,8,8,7,3,4,4,5,6,1,1,1,1,4,3,3,3,3,4,2,1,1,,,3,4,,,2,8,1,6,2,8,9,7,9,9,4,3,8,6,6,6,8,8,1,1,5,3,4,1,,2,,,b'\x11\xe8\xe1I\xc9\x8d\xe7\xb0\xaf\x82\x12\xdf\x17\xaeN\x1e'
11E8E149-C98D-E7B0-AF82-12DF17AE4E1E,2010-ncaa-d1-natl,ncaa,46,62,22,65,41,27,32,39,33,31,37,49,105,135,77,223,21,18,164,16,67,29,26,52,42,54,194,213,121,36,51,73,157,44,70,52,184,265,123,106,34,79,94,165,,,235,100,,,63,27,72,273,32,43,106,45,104,147,193,39,35,36,66,75,75,174,110,73,177,68,127,,125,,,62,318,324,292,270,336,335,227,77,41,245,13,266,286,80,283,138,306,318,216,205,173,23,22,166,251,157,213,51,229,70,271,102,44,123,131,144,59,52,21,,,35,140,,,63,319,38,151,64,220,260,178,314,316,32,18,187,209,207,206,240,155,75,85,188,104,79,36,,84,,,b'\x11\xe8\xe1I\xc9\x8d\xe7\xb0\xaf\x82\x12\xdf\x17\xaeN\x1e'
11E8E149-C98D-E7B0-AF82-12DF17AE4E1E,2011-ncaa-d0-natl,ncaa,168,134,242,159,275,137,133,162,108,82,116,74,269,243,302,249,90,70,234,75,85,137,99,150,144,192,277,301,98,104,69,242,268,169,162,222,297,309,279,284,26,17,165,181,,,176,130,,,170,106,11,210,69,63,62,31,62,258,211,54,29,31,41,11,55,202,90,186,325,10,148,,244,,,171,224,207,132,279,231,215,219,128,55,324,46,249,287,37,292,266,174,239,265,257,160,132,107,233,217,268,109,69,146,162,274,288,43,37,130,301,266,108,85,,,191,273,,,170,235,186,162,177,293,280,230,291,293,159,85,285,307,312,273,328,279,181,236,309,9,312,142,,108,,,b'\x11\xe8\xe1I\xc9\x8d\xe7\xb0\xaf\x82\x12\xdf\x17\xaeN\x1e'
11E8E149-C98D-E7B0-AF82-12DF17AE4E1E,2011-ncaa-d1-conf-MEAC,ncaa,4,2,7,4,9,2,1,4,1,1,5,1,4,6,4,5,5,6,6,5,6,4,2,2,2,3,8,7,10,3,2,7,4,4,2,3,5,9,7,5,2,3,3,3,,,4,3,,,4,3,1,6,1,1,1,1,3,4,5,2,3,3,2,1,1,4,2,2,11,1,2,,5,,,4,9,9,7,8,8,8,7,9,6,10,7,8,8,7,9,6,7,9,8,8,8,8,8,4,7,4,2,2,4,2,10,10,4,5,7,9,5,3,3,,,8,9,,,4,10,3,7,5,9,9,10,8,10,9,9,9,9,9,10,11,8,4,5,10,2,9,4,,7,,,b'\x11\xe8\xe1I\xc9\x8d\xe7\xb0\xaf\x82\x12\xdf\x17\xaeN\x1e'
11E8E149-C98D-E7B0-AF82-12DF17AE4E1E,2011-ncaa-d1-natl,ncaa,174,133,279,162,306,154,152,187,112,91,131,76,272,249,302,250,103,84,231,89,87,161,118,154,149,198,275,300,96,116,72,264,272,206,174,232,300,299,280,285,30,19,172,185,,,157,131,,,180,122,11,206,72,64,67,32,64,256,208,56,30,32,42,11,55,204,94,191,327,11,151,,245,,,181,206,191,108,280,217,197,226,118,45,327,47,238,281,39,286,268,147,217,268,264,171,130,107,232,202,272,84,72,120,174,267,289,50,42,138,294,269,97,92,,,208,274,,,180,215,190,171,183,298,282,232,295,295,162,85,289,311,315,278,328,280,186,240,314,9,316,149,,111,,,b'\x11\xe8\xe1I\xc9\x8d\xe7\xb0\xaf\x82\x12\xdf\x17\xaeN\x1e'
11E8E149-C98D-E7B0-AF82-12DF17AE4E1E,2012-ncaa-d0-natl,ncaa,198,174,240,200,257,128,169,172,183,124,124,171,261,239,291,262,20,15,211,15,16,118,85,228,174,217,187,285,12,52,41,213,294,124,128,167,134,314,266,261,94,106,285,306,,,180,118,,,180,110,11,97,66,112,80,71,61,255,219,4,1,1,24,4,14,152,36,103,328,56,272,,254,,,180,227,272,224,268,320,280,304,34,81,15,49,176,226,36,219,142,227,237,212,198,196,10,18,131,275,294,98,41,188,128,299,258,129,158,239,259,215,249,226,,,38,46,,,180,213,174,219,190,293,316,319,337,330,46,118,230,277,274,321,332,319,180,278,319,73,291,282,,1,,,b'\x11\xe8\xe1I\xc9\x8d\xe7\xb0\xaf\x82\x12\xdf\x17\xaeN\x1e'
11E8E149-C98D-E7B0-AF82-12DF17AE4E1E,2012-ncaa-d1-conf-MEAC,ncaa,5,5,4,5,6,2,3,6,1,3,4,2,5,5,7,7,1,2,5,2,2,3,2,2,2,4,6,9,3,3,3,3,5,2,3,1,1,11,9,4,6,8,11,11,,,5,2,,,5,2,2,7,1,2,4,2,3,4,5,1,2,2,1,1,3,2,1,1,12,7,11,,5,,,5,9,10,13,7,10,12,7,7,11,3,9,2,4,2,4,2,12,12,7,5,6,1,5,2,10,5,4,3,9,3,11,7,8,10,9,12,8,3,4,,,2,4,,,5,12,4,6,5,8,10,11,10,11,6,11,2,5,5,11,11,10,3,8,10,9,12,4,,2,,,b'\x11\xe8\xe1I\xc9\x8d\xe7\xb0\xaf\x82\x12\xdf\x17\xaeN\x1e'
11E8E149-C98D-E7B0-AF82-12DF17AE4E1E,2012-ncaa-d1-natl,ncaa,174,173,137,180,163,93,116,101,155,72,63,148,258,224,288,267,11,8,213,8,22,61,34,202,158,203,215,294,14,28,29,151,309,60,135,108,146,337,276,255,46,85,262,303,,,243,106,,,161,44,7,119,52,95,68,51,46,258,227,4,2,2,21,4,11,141,33,95,330,38,264,,261,,,161,286,313,299,250,335,324,284,43,113,11,45,225,285,35,279,141,303,308,188,174,155,11,19,139,331,309,144,29,274,135,313,234,65,136,203,312,231,266,202,,,18,43,,,161,288,163,204,180,289,313,327,336,334,44,117,238,279,276,326,337,328,159,288,310,50,303,269,,1,,,b'\x11\xe8\xe1I\xc9\x8d\xe7\xb0\xaf\x82\x12\xdf\x17\xaeN\x1e'
11E8E149-C98D-E7B0-AF82-12DF17AE4E1E,2013-ncaa-d0-natl,ncaa,72,54,120,62,173,153,162,257,60,171,242,78,143,204,35,182,141,130,218,119,54,233,231,59,55,90,142,158,148,228,135,250,270,250,185,213,254,183,224,206,93,60,260,249,,,115,137,,,65,221,277,267,158,171,306,187,268,143,216,144,121,111,284,275,235,294,288,234,175,88,273,,109,,,61,41,55,88,92,75,101,109,95,124,90,170,95,88,180,89,133,71,127,85,82,46,151,155,176,209,270,46,135,91,185,94,196,84,44,57,97,128,62,97,,,143,77,,,65,112,99,66,65,39,50,45,71,71,92,113,82,85,87,38,79,202,35,78,94,82,94,51,,167,,,b'\x11\xe8\xe1I\xc9\x8d\xe7\xb0\xaf\x82\x12\xdf\x17\xaeN\x1e'
11E8E149-C98D-E7B0-AF82-12DF17AE4E1E,2013-ncaa-d1-conf-MEAC,ncaa,2,2,4,2,8,2,2,9,1,6,10,1,2,6,1,3,4,5,3,5,5,9,11,1,1,1,4,4,10,11,7,7,4,9,3,4,7,6,7,4,3,2,5,4,,,2,2,,,2,8,11,10,2,2,11,5,13,2,5,5,6,6,9,11,11,7,10,4,6,4,6,,2,,,2,3,3,6,5,2,6,5,7,11,6,11,2,2,6,2,2,5,7,5,5,3,8,10,3,6,4,3,7,2,3,3,7,5,6,5,5,6,3,3,,,8,6,,,2,4,2,3,2,3,3,2,3,3,8,9,2,2,2,3,3,4,2,2,3,6,4,3,,8,,,b'\x11\xe8\xe1I\xc9\x8d\xe7\xb0\xaf\x82\x12\xdf\x17\xaeN\x1e'
11E8E149-C98D-E7B0-AF82-12DF17AE4E1E,2013-ncaa-d1-natl,ncaa,63,54,90,61,123,141,143,245,54,157,225,77,143,213,31,188,134,111,227,100,55,225,212,60,54,92,144,156,147,226,136,219,270,233,175,204,251,210,236,213,105,73,242,245,,,135,140,,,67,199,281,267,171,182,313,191,270,151,221,145,123,113,290,285,241,289,284,236,180,112,259,,113,,,66,51,56,101,76,86,120,103,93,138,66,171,113,106,216,107,134,89,150,72,74,46,145,143,193,236,270,49,136,104,175,96,195,85,50,61,113,138,54,84,,,122,58,,,67,129,102,66,70,38,44,46,68,75,81,112,90,88,91,41,77,210,32,74,88,96,97,43,,155,,,b'\x11\xe8\xe1I\xc9\x8d\xe7\xb0\xaf\x82\x12\xdf\x17\xaeN\x1e'
11E8E149-C98D-E7B0-AF82-12DF17AE4E1E,2014-ncaa-d0-natl,ncaa,47,17,180,26,252,215,194,233,129,138,160,146,280,281,223,281,206,150,303,154,177,223,213,185,199,228,292,288,174,92,33,229,158,154,64,238,244,209,239,251,99,63,235,221,,,168,254,,,38,255,235,343,210,184,225,118,131,276,275,209,130,135,211,190,63,221,122,242,234,87,232,,207,,,32,7,3,22,15,17,98,17,6,15,21,29,137,161,50,158,227,24,99,9,17,3,117,31,318,104,158,35,33,38,64,8,90,47,7,2,129,164,125,111,,,143,85,,,38,102,171,4,32,7,3,15,17,105,7,15,166,192,189,19,108,135,48,62,6,22,161,139,,101,,,b'\x11\xe8\xe1I\xc9\x8d\xe7\xb0\xaf\x82\x12\xdf\x17\xaeN\x1e'
11E8E149-C98D-E7B0-AF82-12DF17AE4E1E,2014-ncaa-d1-conf-MEAC,ncaa,2,2,4,2,8,5,5,7,1,3,7,2,5,5,4,6,10,7,11,7,10,7,7,1,2,3,9,6,11,4,3,3,1,4,1,4,5,5,6,4,6,6,7,7,,,5,8,,,2,9,10,7,5,5,7,3,6,5,5,11,10,10,8,8,4,3,5,3,6,7,7,,5,,,2,1,2,2,2,2,4,2,1,1,1,5,4,4,3,4,6,3,5,2,2,2,5,2,10,2,1,2,3,2,1,2,2,6,3,2,6,8,2,2,,,5,4,,,2,6,3,2,2,2,2,1,2,4,1,1,4,4,4,1,4,1,2,2,2,5,7,3,,5,,,b'\x11\xe8\xe1I\xc9\x8d\xe7\xb0\xaf\x82\x12\xdf\x17\xaeN\x1e'
11E8E149-C98D-E7B0-AF82-12DF17AE4E1E,2014-ncaa-d1-natl,ncaa,42,17,145,26,209,194,173,209,121,114,140,136,270,275,226,277,198,132,305,132,171,194,175,172,188,214,292,284,167,75,32,227,161,143,57,222,234,214,228,241,75,43,237,220,,,187,250,,,30,233,224,343,200,171,214,102,119,273,273,196,117,120,194,171,52,232,129,228,232,64,236,,200,,,27,4,1,20,17,16,94,15,5,14,19,30,146,173,48,164,226,20,116,9,17,3,115,32,320,114,161,38,32,44,57,4,90,26,3,2,135,154,118,97,,,115,84,,,30,119,155,2,23,4,2,11,15,89,6,14,150,185,182,14,114,128,42,55,6,9,152,118,,96,,,b'\x11\xe8\xe1I\xc9\x8d\xe7\xb0\xaf\x82\x12\xdf\x17\xaeN\x1e'
11E8E149-C98D-E7B0-AF82-12DF17AE4E1E,2015-ncaa-d0-natl,ncaa,116,67,243,93,252,277,256,275,188,216,236,176,231,230,225,179,297,277,293,276,250,281,273,194,224,249,239,196,260,120,39,307,109,245,61,248,206,193,268,251,174,101,228,170,,,91,239,,,90,306,317,57,267,230,252,195,206,218,208,289,267,265,262,238,76,301,202,231,242,143,208,,136,,,84,8,10,10,188,37,32,166,9,8,99,55,50,104,5,101,233,10,30,134,111,25,71,65,208,18,109,26,39,19,61,28,167,93,13,22,125,189,188,246,,,246,169,,,90,42,211,18,82,14,21,6,55,40,17,13,88,144,147,9,24,34,53,29,56,41,180,230,,195,,,b'\x11\xe8\xe1I\xc9\x8d\xe7\xb0\xaf\x82\x12\xdf\x17\xaeN\x1e'
11E8E149-C98D-E7B0-AF82-12DF17AE4E1E,2015-ncaa-d1-conf-MEAC,ncaa,3,3,4,3,5,5,5,8,2,7,9,3,3,4,2,4,10,10,9,10,7,9,7,1,1,2,4,3,11,7,3,5,2,7,2,3,2,5,6,2,12,9,9,5,,,7,10,,,2,9,13,7,4,4,10,6,11,4,5,11,11,11,11,11,8,9,8,3,5,11,9,,7,,,2,2,2,2,5,2,4,7,1,1,1,3,4,7,2,7,10,2,2,5,5,3,3,2,9,2,2,1,3,1,2,4,12,6,3,3,3,4,3,5,,,5,2,,,2,5,2,3,2,1,2,1,3,3,1,1,4,8,8,1,1,1,1,1,5,5,4,3,,7,,,b'\x11\xe8\xe1I\xc9\x8d\xe7\xb0\xaf\x82\x12\xdf\x17\xaeN\x1e'
11E8E149-C98D-E7B0-AF82-12DF17AE4E1E,2015-ncaa-d1-natl,ncaa,92,67,143,84,157,228,205,242,160,191,204,161,204,200,186,178,263,243,279,245,222,241,214,170,196,230,215,184,247,96,41,291,110,206,58,218,212,247,276,255,126,88,222,177,,,145,252,,,66,261,310,71,250,218,258,193,209,190,203,270,258,257,264,228,85,303,217,228,254,119,220,,149,,,62,11,16,10,173,55,48,167,10,11,67,52,91,164,4,170,252,10,53,116,97,17,75,47,240,28,110,36,41,21,58,38,180,50,8,20,181,201,208,232,,,182,153,,,66,82,199,13,63,11,12,4,47,35,12,11,102,168,171,7,29,34,43,27,53,38,193,216,,176,,,b'\x11\xe8\xe1I\xc9\x8d\xe7\xb0\xaf\x82\x12\xdf\x17\xaeN\x1e'
11E8E149-C98D-E7B0-AF82-12DF17AE4E1E,2016-ncaa-d0-natl,ncaa,136,87,240,117,275,225,226,206,263,230,180,280,204,207,177,204,182,153,301,143,129,194,181,258,270,261,159,173,134,85,74,237,198,164,122,197,113,221,237,221,255,256,342,341,,,209,253,,,124,224,109,267,193,202,132,199,125,183,182,161,95,85,110,69,42,194,91,162,271,242,340,,266,,,122,33,27,39,69,53,76,102,33,62,25,100,228,257,81,256,305,62,122,49,67,30,179,63,325,138,198,128,74,126,122,70,213,61,28,38,219,229,210,222,,,116,68,,,124,122,222,40,123,72,51,65,92,123,42,78,277,296,297,113,232,194,207,203,99,25,258,249,,38,,,b'\x11\xe8\xe1I\xc9\x8d\xe7\xb0\xaf\x82\x12\xdf\x17\xaeN\x1e'
11E8E149-C98D-E7B0-AF82-12DF17AE4E1E,2016-ncaa-d1-conf-MEAC,ncaa,1,1,2,1,3,2,2,2,7,4,3,8,1,2,1,7,4,5,4,5,6,3,3,5,5,5,5,3,6,2,2,2,2,1,1,2,2,10,5,1,11,11,13,13,,,11,12,,,1,3,6,9,4,3,4,6,6,2,5,5,6,5,5,6,2,2,2,1,4,11,13,,11,,,1,4,4,9,1,6,8,6,1,8,1,7,10,11,8,11,11,10,11,1,1,1,6,1,12,8,2,8,2,9,1,5,7,4,3,2,12,7,10,9,,,2,4,,,1,11,1,1,1,2,1,4,5,3,1,5,11,11,11,4,6,4,5,2,3,5,7,9,,4,,,b'\x11\xe8\xe1I\xc9\x8d\xe7\xb0\xaf\x82\x12\xdf\x17\xaeN\x1e'
11E8E149-C98D-E7B0-AF82-12DF17AE4E1E,2016-ncaa-d1-natl,ncaa,114,87,142,104,203,195,195,146,268,198,135,280,189,181,196,202,164,125,309,115,139,132,121,267,271,264,165,174,146,59,78,192,199,118,131,158,107,258,222,203,221,234,342,342,,,260,257,,,117,151,97,274,196,202,118,197,119,187,179,166,101,89,100,67,46,195,91,153,261,217,341,,269,,,116,53,30,73,61,58,89,93,60,107,27,144,258,279,86,280,306,110,192,48,65,23,218,97,322,173,199,217,78,209,131,97,239,34,21,33,235,202,229,202,,,74,77,,,117,197,228,26,113,62,39,60,60,84,63,115,258,286,286,97,233,191,225,214,104,19,238,236,,41,,,b'\x11\xe8\xe1I\xc9\x8d\xe7\xb0\xaf\x82\x12\xdf\x17\xaeN\x1e'
11E8E149-C98D-E7B0-AF82-12DF17AE4E1E,2016-ncaa-d1-ncaatournament,ncaa,33,2,33,33,33,40,41,41,52,48,42,51,34,37,37,22,43,38,60,35,10,37,34,46,57,55,18,15,38,37,34,59,51,50,51,39,22,23,41,44,20,1,63,63,,,29,56,,,58,33,1,1,33,34,13,45,25,16,10,38,9,7,5,2,10,59,48,26,53,1,63,,61,,,59,29,28,11,64,32,17,63,18,7,58,9,35,35,36,36,57,17,27,63,62,59,26,14,48,11,51,24,34,23,51,46,63,33,11,53,21,38,16,30,,,38,28,,,58,31,53,56,58,61,60,19,62,38,31,8,62,63,63,40,58,17,56,53,64,3,43,32,,7,,,b'\x11\xe8\xe1I\xc9\x8d\xe7\xb0\xaf\x82\x12\xdf\x17\xaeN\x1e'
11E8E149-C98D-E7B0-AF82-12DF17AE4E1E,2017-ncaa-d0-natl,ncaa,217,229,168,225,232,240,258,167,320,218,137,310,269,200,337,223,105,33,339,34,30,131,87,325,323,326,196,257,28,29,50,131,201,69,117,250,205,325,294,311,161,178,311,306,,,248,233,,,216,137,55,343,260,280,144,220,124,273,192,80,14,14,78,19,14,101,19,266,326,156,311,,273,,,216,95,79,147,76,127,136,129,80,185,10,195,228,256,53,260,276,171,208,67,63,38,173,101,269,237,201,247,50,248,117,57,81,68,60,29,323,303,239,219,,,42,39,,,216,202,305,50,218,118,97,160,132,133,85,196,239,270,276,199,283,259,265,274,72,44,326,255,,10,,,b'\x11\xe8\xe1I\xc9\x8d\xe7\xb0\xaf\x82\x12\xdf\x17\xaeN\x1e'
11E8E149-C98D-E7B0-AF82-12DF17AE4E1E,2017-ncaa-d1-conf-MEAC,ncaa,5,6,1,6,2,2,1,3,3,2,4,2,5,4,11,8,3,3,12,3,3,3,2,3,3,5,10,10,6,2,3,3,3,3,3,2,3,11,9,4,7,9,11,12,,,11,7,,,4,2,5,5,3,3,6,3,7,9,5,3,3,3,5,4,3,5,4,3,9,9,12,,8,,,4,10,10,11,6,10,9,6,12,12,5,9,9,8,7,8,8,11,13,6,6,6,9,8,8,7,3,9,3,9,3,6,3,3,7,4,12,10,7,4,,,1,2,,,4,12,4,5,5,7,8,5,7,4,8,9,8,6,7,7,9,4,4,4,6,8,11,6,,1,,,b'\x11\xe8\xe1I\xc9\x8d\xe7\xb0\xaf\x82\x12\xdf\x17\xaeN\x1e'
11E8E149-C98D-E7B0-AF82-12DF17AE4E1E,2017-ncaa-d1-natl,ncaa,194,229,98,217,142,206,237,103,324,192,110,306,258,175,337,215,71,19,338,19,26,78,40,326,325,324,186,253,22,15,47,95,188,36,104,238,210,333,287,314,140,177,318,319,,,281,225,,,219,73,58,341,261,281,139,227,131,269,188,66,11,12,73,21,10,105,17,265,321,153,320,,262,,,217,155,141,208,90,168,192,150,114,220,13,200,242,269,50,272,263,234,269,80,72,49,155,105,246,260,188,290,47,290,104,82,84,54,69,35,334,298,250,210,,,17,38,,,219,273,304,60,226,127,108,167,150,137,97,200,218,258,258,191,268,239,259,266,84,52,324,237,,9,,,b'\x11\xe8\xe1I\xc9\x8d\xe7\xb0\xaf\x82\x12\xdf\x17\xaeN\x1e'
11E8E149-C98D-E7B0-AF82-12DF17AE4E1E,2018-ncaa-d0-natl,ncaa,72,47,164,57,208,186,178,98,287,117,55,273,288,224,328,283,121,34,342,33,111,79,56,310,318,296,285,301,85,25,64,91,137,42,100,152,139,286,201,225,109,125,112,93,,,317,303,,,89,84,22,205,169,160,43,91,27,288,221,100,18,18,26,8,12,42,7,141,286,89,103,,328,,,83,44,22,123,13,25,116,22,78,153,23,175,249,286,36,277,300,148,258,15,22,5,282,166,320,213,137,282,64,274,100,74,240,16,9,8,247,170,286,199,,,14,32,,,89,269,270,5,92,54,25,120,23,125,95,169,254,293,287,168,321,233,308,297,92,9,260,290,,3,,,b'\x11\xe8\xe1I\xc9\x8d\xe7\xb0\xaf\x82\x12\xdf\x17\xaeN\x1e'
11E8E149-C98D-E7B0-AF82-12DF17AE4E1E,2018-ncaa-d1-conf-MEAC,ncaa,1,1,1,1,1,2,1,1,5,1,1,3,11,5,12,11,3,1,13,1,9,1,1,8,8,6,13,13,10,2,5,1,2,1,2,3,6,5,3,4,3,3,5,5,,,12,11,,,1,1,3,9,3,1,1,1,1,12,10,6,2,2,1,2,3,3,1,4,4,5,5,,11,,,1,4,3,8,2,2,6,2,7,8,4,9,9,8,10,8,10,9,13,2,3,1,12,8,12,4,2,12,5,12,2,5,12,2,2,2,4,2,4,3,,,1,1,,,1,13,6,1,1,2,1,4,1,3,6,6,7,7,7,4,8,2,11,5,4,2,3,4,,1,,,b'\x11\xe8\xe1I\xc9\x8d\xe7\xb0\xaf\x82\x12\xdf\x17\xaeN\x1e'
11E8E149-C98D-E7B0-AF82-12DF17AE4E1E,2018-ncaa-d1-natl,ncaa,61,47,97,54,119,123,125,42,293,86,30,287,265,202,315,288,88,16,344,16,113,33,24,313,320,297,282,296,93,10,55,52,121,26,95,111,126,311,180,211,54,82,107,99,,,338,295,,,64,36,18,223,140,140,26,72,19,276,223,91,12,12,14,6,5,39,5,119,285,55,112,,327,,,61,52,23,170,12,32,158,17,82,174,23,168,269,304,33,302,302,215,312,11,18,2,276,154,320,238,121,328,55,318,95,81,239,2,8,6,260,134,332,228,,,6,44,,,64,316,269,3,70,49,19,113,22,118,74,150,245,293,290,152,324,220,318,301,78,4,237,327,,4,,,b'\x11\xe8\xe1I\xc9\x8d\xe7\xb0\xaf\x82\x12\xdf\x17\xaeN\x1e'
11E8E149-C98D-E7B0-AF82-12DF17AE4E1E,2018-ncaa-d1-ncaatournament,ncaa,33,2,33,33,34,56,60,50,58,59,44,63,39,54,11,40,46,42,42,41,33,49,49,55,56,55,8,12,25,49,49,41,11,45,41,50,22,10,32,44,28,2,35,28,,,10,34,,,34,48,25,7,56,60,40,59,32,24,38,39,35,32,41,40,40,28,36,49,28,3,19,,30,,,39,2,1,3,10,3,12,6,5,6,24,13,24,17,57,15,46,4,11,8,20,8,43,20,62,4,11,23,49,16,41,1,2,33,3,1,25,54,45,62,,,54,50,,,34,21,55,6,35,8,1,3,7,23,10,8,50,44,40,4,25,5,55,46,1,3,51,62,,53,,,b'\x11\xe8\xe1I\xc9\x8d\xe7\xb0\xaf\x82\x12\xdf\x17\xaeN\x1e'
11E8E149-C98D-E7B0-AF82-12DF17AE4E1E,2019-ncaa-d0-natl,ncaa,105,73,173,98,227,240,237,198,278,174,126,264,292,260,326,276,166,52,344,52,73,159,125,299,308,308,275,285,81,47,46,112,75,78,60,206,152,298,266,263,112,88,177,114,,,227,261,,,90,165,105,266,259,252,174,157,103,301,258,143,33,35,122,64,25,65,29,205,297,95,167,,251,,,85,4,4,40,9,2,36,3,157,131,222,227,123,227,1,229,306,53,147,13,11,1,342,316,283,88,75,162,46,129,60,26,237,20,8,4,252,226,95,75,,,38,26,,,90,170,278,1,91,7,5,24,4,25,166,151,141,247,249,37,178,111,194,164,35,16,256,106,,11,,,b'\x11\xe8\xe1I\xc9\x8d\xe7\xb0\xaf\x82\x12\xdf\x17\xaeN\x1e'
11E8E149-C98D-E7B0-AF82-12DF17AE4E1E,2019-ncaa-d1-conf-MEAC,ncaa,1,1,3,1,3,4,3,3,2,1,2,2,8,8,9,9,5,4,12,4,4,4,3,2,5,4,10,11,8,2,1,2,1,1,1,2,3,5,4,3,5,4,3,2,,,7,7,,,1,5,6,5,3,2,4,1,3,9,8,5,4,4,4,3,2,1,1,2,6,5,2,,7,,,1,1,1,3,1,1,3,1,6,8,7,10,5,5,2,5,9,3,5,1,1,1,12,11,11,1,1,4,1,1,1,3,11,1,2,2,5,5,7,6,,,1,1,,,1,8,3,1,1,1,1,2,1,1,8,8,5,6,6,2,5,1,3,2,3,2,5,5,,1,,,b'\x11\xe8\xe1I\xc9\x8d\xe7\xb0\xaf\x82\x12\xdf\x17\xaeN\x1e'
11E8E149-C98D-E7B0-AF82-12DF17AE4E1E,2019-ncaa-d1-natl,ncaa,106,92,107,105,145,232,232,150,289,156,99,273,291,247,329,275,164,34,347,34,62,119,75,304,318,318,277,281,93,31,52,90,111,53,77,197,148,326,282,277,90,90,152,111,,,249,249,,,100,108,98,266,274,265,186,167,114,304,259,170,32,30,132,63,26,82,31,215,310,96,159,,250,,,101,13,7,74,9,5,70,3,162,140,223,195,154,254,2,253,294,91,215,16,12,1,338,298,287,175,111,237,52,217,77,36,224,13,9,5,285,238,114,82,,,15,19,,,100,234,292,1,110,7,5,31,5,38,138,125,148,248,250,40,200,147,210,194,35,12,270,109,,7,,,b'\x11\xe8\xe1I\xc9\x8d\xe7\xb0\xaf\x82\x12\xdf\x17\xaeN\x1e'
11E8E149-C98D-E7B0-AF82-12DF17AE4E1E,2020-ncaa-d0-natl,ncaa,123,67,312,97,317,282,287,272,272,258,247,243,265,226,310,201,183,48,348,46,27,237,174,285,293,318,186,225,68,56,39,167,98,99,48,218,101,324,332,294,159,139,56,21,,,281,314,,,95,226,29,164,216,216,142,195,153,236,176,100,11,11,76,14,15,41,11,151,343,117,33,,331,,,83,6,3,24,10,7,35,18,22,76,5,138,233,301,11,298,341,33,106,9,13,4,282,89,346,74,98,74,39,64,48,16,198,27,19,5,328,334,270,295,,,39,34,,,95,123,293,4,88,30,8,72,20,92,44,137,297,333,333,146,306,175,190,186,45,7,343,312,,7,,,b'\x11\xe8\xe1I\xc9\x8d\xe7\xb0\xaf\x82\x12\xdf\x17\xaeN\x1e'
11E8E149-C98D-E7B0-AF82-12DF17AE4E1E,2020-ncaa-d1-conf-MEAC,ncaa,4,4,3,4,5,7,7,4,8,7,5,10,2,3,2,5,6,3,11,3,5,2,2,8,8,8,4,3,8,2,3,4,1,2,1,2,1,9,7,5,4,4,3,3,,,8,10,,,2,3,2,3,6,6,3,6,5,2,4,7,3,3,2,2,2,3,1,2,9,4,3,,9,,,2,1,1,2,1,1,1,1,5,6,4,7,7,8,5,8,10,2,8,1,1,1,10,7,11,1,1,7,3,3,1,3,8,1,1,1,9,8,9,8,,,2,3,,,2,8,8,1,3,1,1,2,1,2,5,6,7,9,8,2,8,1,8,2,3,1,9,9,,1,,,b'\x11\xe8\xe1I\xc9\x8d\xe7\xb0\xaf\x82\x12\xdf\x17\xaeN\x1e'
11E8E149-C98D-E7B0-AF82-12DF17AE4E1E,2020-ncaa-d1-natl,ncaa,92,67,257,81,282,222,221,199,244,183,172,203,249,200,301,212,116,21,345,21,33,141,51,255,273,301,212,244,71,27,40,96,106,37,47,134,75,340,325,277,121,132,39,21,,,316,309,,,58,92,19,165,177,190,117,139,119,228,178,86,10,10,55,10,17,40,9,104,342,100,31,,331,,,56,16,6,46,9,14,70,9,31,81,11,117,283,323,21,322,338,89,236,8,12,4,291,97,348,143,106,133,40,123,47,25,210,11,16,5,341,334,274,262,,,12,33,,,58,258,279,3,59,27,6,79,16,110,46,115,306,333,332,153,317,189,188,189,46,4,343,297,,8,,,b'\x11\xe8\xe1I\xc9\x8d\xe7\xb0\xaf\x82\x12\xdf\x17\xaeN\x1e'
11E8E149-C98D-E7B0-AF82-12DF17AE4E1E,2021-ncaa-d0-natl,ncaa,110,9,293,22,299,268,258,272,184,237,241,174,268,268,250,222,274,295,57,294,304,277,279,211,214,187,270,240,232,177,26,283,201,263,73,195,44,48,133,89,128,14,162,77,,,45,86,,,34,288,30,224,84,58,10,43,27,194,145,172,223,228,19,14,11,125,24,21,221,11,77,,164,,,13,25,24,45,11,27,55,13,25,37,22,86,47,43,216,43,121,39,56,7,14,2,139,69,281,59,201,49,26,47,73,32,226,137,7,4,54,132,202,280,,,291,266,,,34,55,136,3,15,16,17,109,44,195,31,73,145,140,133,91,300,228,195,218,70,4,194,327,,146,,,b'\x11\xe8\xe1I\xc9\x8d\xe7\xb0\xaf\x82\x12\xdf\x17\xaeN\x1e'
11E8E149-C98D-E7B0-AF82-12DF17AE4E1E,2021-ncaa-d1-conf-MEAC,ncaa,1,1,2,1,2,1,1,1,1,1,1,1,2,2,1,5,3,4,3,3,8,2,2,1,1,1,7,3,8,2,3,2,1,2,2,1,2,4,1,1,1,3,2,5,,,5,2,,,1,2,4,1,1,1,1,1,1,2,3,6,7,6,1,3,2,3,2,1,1,3,4,,1,,,1,4,4,6,1,5,6,1,3,6,3,4,5,2,7,2,2,6,7,1,1,1,3,3,5,5,1,6,3,6,2,6,5,1,1,2,5,1,8,7,,,4,8,,,1,7,1,1,1,1,1,3,1,4,2,2,1,1,1,2,4,1,6,2,5,1,2,8,,8,,,b'\x11\xe8\xe1I\xc9\x8d\xe7\xb0\xaf\x82\x12\xdf\x17\xaeN\x1e'
11E8E149-C98D-E7B0-AF82-12DF17AE4E1E,2021-ncaa-d1-natl,ncaa,98,9,292,21,296,253,228,256,136,203,228,137,265,269,245,247,265,279,103,279,297,262,270,177,181,172,294,266,237,143,25,275,184,248,60,178,57,68,140,88,77,10,164,84,,,50,79,,,22,284,20,225,59,41,9,25,16,211,175,155,197,202,17,14,12,107,21,19,233,6,93,,159,,,7,26,25,48,9,30,55,11,24,52,8,109,48,49,209,44,123,44,60,6,8,2,135,67,281,68,184,53,25,54,60,33,231,94,4,2,68,147,213,259,,,282,267,,,22,59,120,2,11,12,12,110,36,183,28,85,135,129,121,87,311,227,173,198,65,3,218,324,,141,,,b'\x11\xe8\xe1I\xc9\x8d\xe7\xb0\xaf\x82\x12\xdf\x17\xaeN\x1e'
11E8E149-C98D-E7B0-AF82-12DF17AE4E1E,2021-ncaa-d1-ncaatournament,ncaa,33,2,33,33,34,48,39,54,22,38,42,20,53,58,43,47,55,55,44,55,56,57,60,23,29,31,55,48,56,61,60,60,37,61,55,42,38,12,38,29,37,14,44,31,,,25,60,,,47,53,39,7,43,26,49,17,23,49,50,55,53,53,53,58,60,59,61,28,27,16,37,,55,,,50,17,17,3,56,15,3,58,21,21,56,48,21,18,55,18,56,5,7,60,62,58,45,40,43,6,37,9,60,6,55,24,55,44,16,44,22,53,7,16,,,50,34,,,47,10,41,54,50,47,43,5,39,5,44,40,47,42,45,10,14,8,32,18,52,20,47,14,,43,,,b'\x11\xe8\xe1I\xc9\x8d\xe7\xb0\xaf\x82\x12\xdf\x17\xaeN\x1e'
11E8E149-C98D-E7B0-AF82-12DF17AE4E1E,2022-ncaa-d0-natl,ncaa,174,180,163,185,173,125,104,143,62,50,75,62,277,269,256,304,161,150,179,145,241,140,113,108,115,156,331,314,205,121,97,206,129,181,108,82,87,304,256,152,84,83,271,293,,,103,65,,,155,114,44,104,96,59,105,26,44,284,282,146,143,138,100,49,112,226,170,46,297,74,288,,105,,,157,225,276,165,332,269,151,333,214,193,267,212,55,86,12,99,128,155,223,327,291,195,80,192,35,83,129,120,97,93,108,301,274,38,26,136,330,303,190,111,,,144,200,,,155,246,162,148,154,231,295,163,284,156,223,190,61,92,101,142,267,91,97,78,306,20,327,199,,125,,,b'\x11\xe8\xe1I\xc9\x8d\xe7\xb0\xaf\x82\x12\xdf\x17\xaeN\x1e'
11E8E149-C98D-E7B0-AF82-12DF17AE4E1E,2022-ncaa-d1-conf-Big South,ncaa,6,6,7,6,10,3,3,6,2,1,5,2,10,10,6,10,4,8,3,7,8,5,6,2,3,2,11,11,7,5,3,11,5,9,1,2,2,6,6,2,4,3,7,7,,,1,1,,,5,7,3,8,3,1,3,1,3,9,10,4,6,5,3,3,3,9,6,1,6,3,6,,2,,,5,5,8,3,11,6,4,10,10,7,12,8,2,2,2,2,3,3,5,12,10,5,5,10,2,4,5,1,3,1,1,8,8,4,2,6,7,8,3,2,,,7,7,,,5,6,3,5,5,8,8,7,8,4,10,9,2,2,2,5,9,5,3,1,10,3,8,5,,5,,,b'\x11\xe8\xe1I\xc9\x8d\xe7\xb0\xaf\x82\x12\xdf\x17\xaeN\x1e'
11E8E149-C98D-E7B0-AF82-12DF17AE4E1E,2022-ncaa-d1-natl,ncaa,199,180,213,200,226,161,127,178,67,63,91,69,288,282,262,303,182,179,176,171,239,178,151,114,123,167,330,315,198,152,106,248,137,222,115,98,91,287,269,167,107,92,298,301,,,71,68,,,183,149,48,101,108,65,115,28,49,285,283,149,151,140,113,55,120,240,187,52,301,84,295,,107,,,182,192,254,126,341,245,121,341,198,165,275,210,44,73,12,80,127,116,176,339,306,215,77,187,36,64,137,78,106,58,115,292,272,50,30,148,320,310,174,121,,,170,198,,,183,215,177,161,180,249,304,165,296,161,231,190,61,97,106,151,263,94,102,84,315,25,331,211,,125,,,b'\x11\xe8\xe1I\xc9\x8d\xe7\xb0\xaf\x82\x12\xdf\x17\xaeN\x1e'
11E8E149-C98D-E7B0-AF82-12DF17AE4E1E,2023-ncaa-d0-natl,ncaa,170,91,326,145,327,269,254,331,102,180,243,97,331,336,276,305,210,198,180,198,143,324,291,154,145,223,310,327,103,170,39,335,342,307,176,213,137,289,342,265,145,81,230,162,,,46,83,,,188,312,155,41,171,159,261,78,129,312,300,112,120,120,230,95,77,298,206,139,341,66,184,,141,,,190,47,40,46,173,28,31,141,228,163,307,292,64,76,120,75,216,37,68,223,196,108,311,324,149,229,342,1,39,21,176,206,333,118,42,148,267,323,28,56,,,216,77,,,188,51,204,161,189,203,193,186,106,100,316,282,163,178,175,186,289,324,32,134,305,32,329,75,,71,,,b'\x11\xe8\xe1I\xc9\x8d\xe7\xb0\xaf\x82\x12\xdf\x17\xaeN\x1e'
11E8E149-C98D-E7B0-AF82-12DF17AE4E1E,2023-ncaa-d1-conf-CAA,ncaa,6,4,8,5,8,8,7,11,3,5,8,4,10,11,9,11,6,5,11,5,4,10,10,5,6,7,8,10,6,7,2,10,11,11,9,6,5,8,7,5,3,3,6,2,,,5,5,,,6,10,8,1,8,6,9,3,7,10,11,5,4,4,8,7,4,9,9,5,8,3,5,,6,,,5,3,3,4,4,1,1,4,13,13,11,13,3,4,4,4,8,3,4,8,6,2,13,13,4,10,11,2,2,4,9,9,13,2,2,4,7,7,2,2,,,5,2,,,6,4,7,3,5,5,4,6,1,1,13,13,4,5,5,4,9,11,4,8,11,2,7,2,,3,,,b'\x11\xe8\xe1I\xc9\x8d\xe7\xb0\xaf\x82\x12\xdf\x17\xaeN\x1e'
11E8E149-C98D-E7B0-AF82-12DF17AE4E1E,2023-ncaa-d1-natl,ncaa,136,91,219,119,230,176,145,219,75,91,130,75,285,292,254,292,162,149,209,150,179,203,140,133,128,195,318,315,157,64,13,240,314,154,82,120,111,333,327,238,81,71,168,121,,,103,78,,,108,193,101,50,121,85,162,41,84,277,288,124,120,120,140,51,34,213,80,79,341,58,148,,142,,,106,74,67,130,83,38,68,91,250,253,206,300,88,123,69,125,211,119,196,121,101,44,307,321,152,295,314,8,13,66,82,237,332,52,36,79,318,310,54,36,,,136,138,,,108,162,157,66,107,132,115,195,67,96,286,297,131,169,171,191,308,321,26,121,272,24,329,67,,81,,,b'\x11\xe8\xe1I\xc9\x8d\xe7\xb0\xaf\x82\x12\xdf\x17\xaeN\x1e'
11E8E149-C98D-E7B0-AF82-12DF17AE4E1E,2024-ncaa-d0-natl,ncaa,86,82,94,90,101,176,208,165,274,161,141,215,285,214,341,238,30,38,92,40,48,137,116,288,242,255,202,302,10,61,65,60,148,51,69,193,148,290,238,257,216,257,163,162,,,176,113,,,111,135,225,62,227,278,250,207,189,306,240,28,37,34,198,153,65,54,31,221,252,252,185,,128,,,110,82,70,217,7,28,150,10,232,289,81,292,168,220,22,222,241,225,245,12,10,11,330,310,234,267,148,191,65,243,69,243,350,99,121,157,265,222,108,92,,,41,30,,,111,230,222,20,106,36,20,154,11,73,198,262,137,180,185,158,197,245,137,186,195,116,232,90,,36,,,b'\x11\xe8\xe1I\xc9\x8d\xe7\xb0\xaf\x82\x12\xdf\x17\xaeN\x1e'
11E8E149-C98D-E7B0-AF82-12DF17AE4E1E,2024-ncaa-d1-conf-CAA,ncaa,2,3,3,3,3,6,6,5,9,6,5,8,11,8,11,11,1,1,3,1,1,5,5,10,9,10,9,12,3,2,2,2,6,2,3,6,9,7,4,8,11,12,7,4,,,8,8,,,3,7,9,1,6,8,6,7,6,10,10,1,2,2,6,6,1,3,2,9,5,12,7,,7,,,3,4,2,8,2,1,6,1,12,14,5,13,9,9,7,7,9,7,6,2,2,2,13,14,9,7,6,7,2,8,3,8,14,9,8,9,4,4,5,3,,,1,1,,,3,8,4,2,3,1,1,5,1,2,9,12,7,7,7,5,7,7,7,6,8,9,5,4,,1,,,b'\x11\xe8\xe1I\xc9\x8d\xe7\xb0\xaf\x82\x12\xdf\x17\xaeN\x1e'
11E8E149-C98D-E7B0-AF82-12DF17AE4E1E,2024-ncaa-d1-natl,ncaa,76,83,38,82,46,127,158,119,254,118,102,196,263,191,336,239,20,26,97,26,54,89,59,274,224,227,211,300,15,41,71,35,155,24,70,144,135,321,232,240,150,217,143,159,,,189,80,,,75,76,195,70,201,249,226,182,162,293,229,29,34,34,157,121,63,44,29,195,259,201,179,,109,,,78,100,72,269,4,39,191,5,234,306,46,283,181,231,27,232,226,269,300,6,6,6,326,304,237,309,155,256,71,296,70,249,342,49,88,123,290,223,115,75,,,20,34,,,75,284,201,7,80,26,15,162,7,84,184,258,129,172,176,157,229,258,142,202,174,86,234,84,,32,,,b'\x11\xe8\xe1I\xc9\x8d\xe7\xb0\xaf\x82\x12\xdf\x17\xaeN\x1e'
11E8E149-C98D-E7B0-AF82-12DF17AE4E1E,2025-ncaa-d0-natl,genius_ncaa,133,91,248,120,270,243,232,263,185,180,180,194,299,308,266,294,213,190,241,191,178,254,276,220,221,204,291,300,128,134,73,184,67,167,50,182,92,85,173,146,228,160,155,94,,,9,24,,59,96,314,293,176,226,202,235,135,117,295,299,170,143,138,208,231,84,100,70,144,154,195,138,,16,,84,89,11,15,56,29,20,28,90,86,175,26,308,19,27,50,27,114,38,36,43,28,32,195,269,90,40,67,60,73,38,50,28,153,209,106,76,135,198,138,145,,,224,133,,150,96,49,171,29,87,17,31,77,36,44,125,233,31,46,51,48,52,80,123,93,50,157,183,181,,176,,124,b'\x11\xe8\xe1I\xc9\x8d\xe7\xb0\xaf\x82\x12\xdf\x17\xaeN\x1e'
11E8E149-C98D-E7B0-AF82-12DF17AE4E1E,2025-ncaa-d1-conf-CAA,genius_ncaa,1,1,9,1,12,5,5,11,1,5,10,3,7,12,3,12,6,4,7,6,5,8,12,2,2,3,10,10,5,9,6,6,1,7,2,5,4,4,5,4,7,5,7,2,,,3,4,,4,2,11,10,8,2,3,9,3,8,7,11,4,3,3,6,9,9,3,5,2,6,4,6,,4,,6,2,1,1,2,1,1,1,2,9,10,7,14,3,4,5,3,7,1,2,4,3,1,13,13,6,1,1,2,6,1,2,1,11,5,2,2,5,6,2,3,,,3,1,,1,2,5,3,1,2,1,1,4,1,2,11,13,3,4,3,1,3,1,2,1,2,3,6,3,,2,,1,b'\x11\xe8\xe1I\xc9\x8d\xe7\xb0\xaf\x82\x12\xdf\x17\xaeN\x1e'
11E8E149-C98D-E7B0-AF82-12DF17AE4E1E,2025-ncaa-d1-natl,genius_ncaa,117,91,172,111,206,208,193,204,179,136,132,180,289,282,270,291,181,150,266,150,177,201,207,214,214,205,299,302,138,78,55,141,61,110,43,141,77,146,181,144,161,116,125,79,,,13,21,,67,86,253,277,195,207,185,205,109,107,296,296,165,128,128,189,198,54,108,58,121,172,152,118,,15,,73,79,17,25,77,33,33,55,75,84,185,25,278,29,42,61,45,111,56,86,36,25,22,177,236,106,61,61,106,55,75,43,34,139,135,84,59,205,234,157,128,,,185,153,,125,86,103,169,22,78,14,26,65,35,48,94,189,33,50,54,41,64,66,124,89,42,119,216,170,,174,,118,b'\x11\xe8\xe1I\xc9\x8d\xe7\xb0\xaf\x82\x12\xdf\x17\xaeN\x1e'
11E8E149-C98D-E7B0-AF82-12DF17AE4E1E,2026-ncaa-d0-natl,genius_ncaa,295,198,327,297,334,352,359,356,333,353,342,325,362,359,345,350,145,126,270,127,2,350,333,340,304,341,110,357,1,328,175,301,271,317,176,354,188,226,360,358,342,327,106,24,,,14,51,,96,305,332,44,97,321,360,362,331,254,357,354,10,4,5,320,99,219,69,117,344,362,312,22,,114,,232,330,43,48,56,191,32,23,258,170,182,167,347,19,20,97,20,156,45,37,221,200,232,266,330,53,117,271,11,175,26,176,58,173,325,264,254,229,354,332,363,,,260,14,,241,305,33,343,260,325,302,309,350,244,183,351,359,119,142,145,339,337,333,101,235,279,177,356,363,,12,,157,b'\x11\xe8\xe1I\xc9\x8d\xe7\xb0\xaf\x82\x12\xdf\x17\xaeN\x1e'
11E8E149-C98D-E7B0-AF82-12DF17AE4E1E,2026-ncaa-d1-natl,genius_ncaa,256,195,271,252,286,324,357,353,313,330,308,309,357,358,337,347,49,21,248,22,2,327,284,331,278,331,121,358,1,245,112,200,257,214,144,342,174,334,359,356,326,328,82,34,,,29,35,,90,266,283,50,100,285,354,356,297,227,357,352,6,3,3,282,81,155,39,51,332,361,293,29,,101,,142,274,61,84,144,67,68,77,145,163,267,48,329,41,40,87,41,96,114,107,77,55,73,199,278,70,255,257,29,112,98,144,111,209,232,197,180,342,358,355,363,,,91,6,,162,266,85,331,123,270,197,225,347,179,219,279,351,88,107,111,326,338,343,98,244,231,129,359,362,,4,,118,b'\x11\xe8\xe1I\xc9\x8d\xe7\xb0\xaf\x82\x12\xdf\x17\xaeN\x1e'
11E8E149-C993-66FE-AF82-12DF17AE4E1E,2010-ncaa-d0-natl,ncaa,262,224,288,260,303,301,303,315,261,298,298,252,260,260,255,184,237,240,179,235,102,308,266,272,252,306,148,200,84,312,278,309,332,321,318,273,125,327,338,324,72,42,193,204,,,14,11,,,320,232,45,172,287,297,291,270,248,238,221,182,186,179,285,125,283,278,307,244,340,26,166,,45,,,319,154,229,147,300,249,175,296,146,118,237,144,48,65,72,64,68,120,145,292,246,201,51,153,41,258,332,76,278,145,318,313,309,143,113,271,321,332,152,258,,,315,308,,,320,109,328,248,318,298,329,307,328,302,212,200,101,125,125,289,312,321,198,275,335,57,332,204,,276,,,b'\x11\xe8\xe1I\xc9\x93f\xfe\xaf\x82\x12\xdf\x17\xaeN\x1e'
11E8E149-C993-66FE-AF82-12DF17AE4E1E,2010-ncaa-d1-natl,ncaa,250,223,276,250,296,297,302,313,254,297,291,257,231,240,218,165,237,242,174,240,124,310,234,251,243,302,134,172,108,308,273,300,332,320,318,260,116,332,338,319,52,40,178,197,,,16,7,,,321,197,44,176,281,289,285,272,249,212,203,194,196,195,284,118,283,274,301,227,341,26,165,,39,,,322,203,263,183,295,272,206,295,176,150,253,167,52,64,72,62,60,154,170,295,253,201,59,175,32,280,332,90,273,173,318,322,312,119,111,276,325,331,168,262,,,316,319,,,321,146,324,251,319,301,328,314,325,301,237,214,92,111,113,293,315,323,191,276,335,57,333,211,,289,,,b'\x11\xe8\xe1I\xc9\x93f\xfe\xaf\x82\x12\xdf\x17\xaeN\x1e'
11E8E149-C993-66FE-AF82-12DF17AE4E1E,2011-ncaa-d0-natl,ncaa,323,325,242,326,264,325,332,313,338,291,209,326,339,327,343,322,130,87,303,82,37,288,210,341,340,342,258,338,3,240,256,183,320,214,302,313,166,339,336,335,243,271,195,241,,,32,12,,,335,193,61,166,337,337,318,283,171,339,331,90,42,40,276,112,215,92,139,323,341,226,181,,50,,,334,177,281,280,197,308,295,232,99,164,45,123,18,81,1,79,33,258,221,161,67,131,13,96,10,329,320,186,256,283,302,255,172,236,270,273,342,341,325,332,,,205,175,,,335,169,342,193,330,257,322,335,331,334,128,213,26,120,112,327,319,338,274,331,294,194,340,337,,138,,,b'\x11\xe8\xe1I\xc9\x93f\xfe\xaf\x82\x12\xdf\x17\xaeN\x1e'
11E8E149-C993-66FE-AF82-12DF17AE4E1E,2011-ncaa-d1-natl,ncaa,321,325,199,323,238,330,336,317,341,296,205,332,339,329,343,322,120,72,304,68,31,285,180,342,343,343,241,336,2,218,245,144,317,181,287,322,169,342,339,342,233,266,179,234,,,39,12,,,334,166,61,168,338,341,321,296,175,339,331,88,37,36,277,108,201,75,120,329,342,211,173,,57,,,332,189,289,293,168,315,308,216,93,172,32,121,25,90,1,84,35,278,250,128,52,112,13,88,12,332,317,219,245,305,287,260,183,218,268,267,343,341,331,335,,,179,158,,,334,191,342,177,332,241,316,336,328,337,111,207,30,126,119,327,320,339,273,330,285,187,341,338,,119,,,b'\x11\xe8\xe1I\xc9\x93f\xfe\xaf\x82\x12\xdf\x17\xaeN\x1e'
11E8E149-C993-66FE-AF82-12DF17AE4E1E,2012-ncaa-d0-natl,ncaa,340,338,292,340,312,337,336,339,280,319,298,299,326,331,255,293,306,243,338,243,122,335,294,303,309,339,275,284,94,330,298,328,343,335,340,330,265,342,343,342,224,229,292,309,,,37,26,,,341,260,79,262,339,336,342,306,258,328,327,293,195,196,340,198,318,314,332,328,342,172,277,,101,,,341,215,281,207,293,305,247,312,82,121,65,111,73,75,128,72,48,185,168,268,238,245,14,55,38,340,343,41,298,212,340,289,226,200,203,280,343,343,315,339,,,301,252,,,341,77,341,317,341,311,333,333,338,333,148,203,132,142,137,323,330,343,132,323,329,114,343,334,,258,,,b'\x11\xe8\xe1I\xc9\x93f\xfe\xaf\x82\x12\xdf\x17\xaeN\x1e'
11E8E149-C993-66FE-AF82-12DF17AE4E1E,2012-ncaa-d1-conf-MEAC,ncaa,13,13,9,13,13,13,13,13,6,11,13,7,12,12,4,12,11,7,13,8,4,13,12,7,7,12,11,10,5,13,13,12,13,13,13,10,8,13,13,13,9,10,12,12,,,1,1,,,13,8,4,11,13,13,13,11,13,12,12,11,7,7,13,11,13,11,13,10,13,9,12,,2,,,13,10,12,11,11,11,9,11,12,12,10,12,1,1,11,1,1,10,9,11,9,9,4,11,1,13,13,1,13,12,13,13,13,9,9,11,13,13,12,13,,,11,7,,,13,6,13,13,13,12,12,12,12,12,12,12,5,2,3,12,12,13,2,12,13,8,13,12,,8,,,b'\x11\xe8\xe1I\xc9\x93f\xfe\xaf\x82\x12\xdf\x17\xaeN\x1e'
11E8E149-C993-66FE-AF82-12DF17AE4E1E,2012-ncaa-d1-natl,ncaa,335,338,196,337,263,330,326,336,272,288,260,289,326,328,266,307,289,204,338,205,133,332,231,296,309,337,287,299,96,313,287,315,343,327,340,322,263,342,343,342,183,220,278,305,,,67,25,,,341,175,71,262,336,335,342,290,233,328,328,283,188,189,339,184,310,314,328,323,342,158,269,,97,,,341,275,319,282,298,333,297,315,105,156,58,112,87,97,89,93,47,264,254,265,228,234,10,52,34,341,343,79,287,291,340,314,216,145,193,264,343,343,318,332,,,262,248,,,341,163,340,307,341,307,334,334,338,331,135,197,119,136,132,322,331,343,138,324,324,104,343,330,,242,,,b'\x11\xe8\xe1I\xc9\x93f\xfe\xaf\x82\x12\xdf\x17\xaeN\x1e'
11E8E149-C993-66FE-AF82-12DF17AE4E1E,2013-ncaa-d0-natl,ncaa,339,342,183,341,236,345,345,344,345,339,219,345,345,345,336,345,195,165,262,156,107,341,319,345,345,345,281,345,1,219,103,326,313,306,217,345,340,338,345,345,262,217,342,343,,,1,2,,,342,330,341,267,345,345,345,343,213,345,345,188,151,139,344,334,206,342,317,345,337,267,342,,1,,,338,31,149,76,272,179,103,267,110,100,189,201,1,1,29,1,1,28,27,258,181,180,12,205,1,178,313,19,103,48,217,225,281,253,159,281,337,345,339,341,,,256,94,,,342,14,345,225,344,50,182,76,201,117,126,114,1,2,2,18,15,197,29,68,250,256,338,344,,253,,,b'\x11\xe8\xe1I\xc9\x93f\xfe\xaf\x82\x12\xdf\x17\xaeN\x1e'
11E8E149-C993-66FE-AF82-12DF17AE4E1E,2013-ncaa-d1-conf-MEAC,ncaa,12,12,9,12,13,13,13,13,13,13,11,13,13,13,13,13,10,10,2,10,6,13,13,13,13,13,11,13,1,13,9,12,6,13,6,13,12,10,13,13,12,11,13,13,,,1,1,,,13,13,13,10,13,13,13,13,8,13,13,7,8,7,13,13,12,11,13,13,11,12,13,,1,,,13,3,8,4,12,9,1,12,8,12,7,12,1,1,3,1,1,1,1,12,11,11,1,12,1,2,6,1,9,1,6,12,12,13,10,13,13,13,13,13,,,11,4,,,13,1,13,11,13,5,12,6,11,2,9,12,1,1,1,2,1,2,3,1,12,13,13,13,,10,,,b'\x11\xe8\xe1I\xc9\x93f\xfe\xaf\x82\x12\xdf\x17\xaeN\x1e'
11E8E149-C993-66FE-AF82-12DF17AE4E1E,2013-ncaa-d1-natl,ncaa,340,342,210,341,274,345,345,345,345,342,239,345,345,345,337,345,208,182,262,170,107,345,333,345,345,345,281,345,1,239,107,338,316,322,224,345,341,333,345,345,278,226,343,344,,,1,2,,,342,343,341,267,345,345,345,343,215,345,345,190,150,135,345,334,214,342,320,345,338,276,343,,1,,,340,22,136,50,278,162,80,271,103,86,191,202,1,1,32,1,1,13,9,263,188,185,12,205,1,162,316,14,107,30,224,219,282,277,166,283,335,345,338,341,,,266,93,,,342,4,345,232,344,51,187,77,203,116,127,113,1,2,2,19,15,204,31,69,252,262,338,345,,250,,,b'\x11\xe8\xe1I\xc9\x93f\xfe\xaf\x82\x12\xdf\x17\xaeN\x1e'
11E8E149-C993-66FE-AF82-12DF17AE4E1E,2014-ncaa-d0-natl,ncaa,239,224,254,244,267,325,331,326,316,301,233,332,316,326,222,298,215,179,267,180,117,318,285,327,317,335,190,280,26,104,26,297,308,235,127,327,266,308,338,339,173,130,259,256,,,20,46,,,280,322,307,95,329,338,330,292,195,313,318,183,142,140,308,233,55,290,167,328,334,151,257,,46,,,283,34,96,88,190,169,109,274,34,110,4,179,22,34,39,30,57,51,57,147,108,107,13,64,53,223,308,16,26,46,127,200,292,211,146,232,316,339,200,248,,,303,252,,,280,34,315,156,280,85,185,162,239,185,48,152,43,57,56,105,120,286,36,111,263,170,333,251,,273,,,b'\x11\xe8\xe1I\xc9\x93f\xfe\xaf\x82\x12\xdf\x17\xaeN\x1e'
11E8E149-C993-66FE-AF82-12DF17AE4E1E,2014-ncaa-d1-conf-MEAC,ncaa,9,8,9,9,9,11,12,13,6,11,13,9,7,11,3,9,11,9,9,9,4,13,12,6,7,9,6,5,7,9,2,12,4,10,2,9,7,11,13,12,9,9,13,13,,,1,1,,,7,12,12,1,11,11,13,10,11,6,11,10,8,8,13,11,6,11,8,9,12,9,13,,1,,,7,4,9,3,11,9,3,12,3,6,4,8,1,1,5,1,1,2,1,11,10,11,1,5,1,1,4,1,2,1,2,12,13,12,8,12,13,13,3,5,,,12,10,,,7,2,7,10,7,7,9,5,10,6,4,6,1,1,1,3,1,2,1,1,12,11,13,4,,12,,,b'\x11\xe8\xe1I\xc9\x93f\xfe\xaf\x82\x12\xdf\x17\xaeN\x1e'
11E8E149-C993-66FE-AF82-12DF17AE4E1E,2014-ncaa-d1-natl,ncaa,252,244,211,254,236,327,336,327,321,300,225,334,321,328,233,303,207,170,267,168,108,316,271,329,319,337,193,288,19,102,29,297,312,227,135,329,277,318,341,341,171,132,263,264,,,20,43,,,287,319,307,94,331,341,331,296,196,317,322,180,131,133,311,236,58,297,179,332,335,151,261,,42,,,287,44,113,94,194,191,121,284,33,111,4,174,26,35,56,33,55,65,70,147,113,107,13,61,57,233,312,18,29,65,135,212,286,182,135,222,318,339,215,254,,,294,241,,,287,40,321,149,286,78,181,153,245,185,44,141,43,53,52,98,118,289,36,112,258,160,333,249,,265,,,b'\x11\xe8\xe1I\xc9\x93f\xfe\xaf\x82\x12\xdf\x17\xaeN\x1e'
11E8E149-C993-66FE-AF82-12DF17AE4E1E,2015-ncaa-d0-natl,ncaa,294,279,283,295,300,342,345,333,343,331,267,341,325,319,321,291,226,137,337,140,53,321,297,344,341,346,197,287,19,180,134,300,302,268,227,343,320,300,340,344,259,234,291,287,,,61,136,,,328,311,254,152,346,347,328,320,215,323,303,161,65,67,304,207,116,246,184,343,336,230,283,,127,,,335,76,115,72,242,125,85,246,129,134,173,196,46,82,13,82,135,59,46,235,196,213,103,191,86,201,302,63,134,105,227,167,235,272,230,267,280,323,238,289,,,228,107,,,328,37,341,261,337,194,245,201,249,188,202,205,102,148,149,187,144,290,173,232,249,228,321,289,,121,,,b'\x11\xe8\xe1I\xc9\x93f\xfe\xaf\x82\x12\xdf\x17\xaeN\x1e'
11E8E149-C993-66FE-AF82-12DF17AE4E1E,2015-ncaa-d1-conf-MEAC,ncaa,10,9,8,10,8,13,13,12,12,12,11,12,10,9,9,9,9,6,13,6,3,12,11,12,12,13,7,8,5,11,9,10,8,9,6,12,8,8,12,12,13,12,11,12,,,2,5,,,11,12,11,3,13,13,12,11,9,9,9,7,4,4,12,9,10,8,9,12,12,13,11,,3,,,12,7,9,6,9,8,5,8,10,10,11,12,2,1,4,1,3,6,4,9,9,9,5,11,2,8,8,3,9,3,6,9,8,12,12,12,10,12,9,11,,,6,1,,,11,2,13,10,12,10,11,10,11,8,12,12,2,1,1,9,5,10,6,6,10,12,11,11,,3,,,b'\x11\xe8\xe1I\xc9\x93f\xfe\xaf\x82\x12\xdf\x17\xaeN\x1e'
11E8E149-C993-66FE-AF82-12DF17AE4E1E,2015-ncaa-d1-natl,ncaa,303,293,298,303,314,347,349,342,342,333,269,341,325,315,322,288,224,148,331,147,67,332,292,345,342,346,205,287,20,190,144,307,300,277,229,344,316,317,341,346,262,235,299,286,,,63,138,,,330,318,251,151,344,347,327,323,207,321,304,164,78,77,305,209,126,259,199,344,337,239,289,,132,,,335,82,128,71,264,156,97,259,133,125,193,188,63,95,16,95,145,60,42,249,215,230,98,180,95,193,300,85,144,113,229,187,244,258,227,269,285,323,234,288,,,231,122,,,330,28,343,266,339,209,252,189,257,190,196,188,110,155,155,182,135,282,179,229,265,228,322,284,,135,,,b'\x11\xe8\xe1I\xc9\x93f\xfe\xaf\x82\x12\xdf\x17\xaeN\x1e'
11E8E149-C993-66FE-AF82-12DF17AE4E1E,2016-ncaa-d0-natl,ncaa,325,307,321,326,338,346,347,332,346,326,204,348,341,343,306,337,296,258,326,253,237,327,305,348,346,347,287,321,38,118,58,311,314,259,186,348,303,272,338,347,311,271,316,314,,,15,59,,,330,331,234,345,345,345,266,294,81,340,340,246,180,178,255,144,31,238,110,345,340,273,296,,66,,,336,42,120,53,270,217,150,272,23,28,66,48,7,18,2,19,34,35,27,221,144,181,2,36,18,203,314,49,58,80,186,252,320,298,232,317,224,303,244,261,,,340,321,,,330,15,346,243,339,192,280,249,319,312,50,57,27,65,69,212,178,314,194,268,324,233,308,305,,306,,,b'\x11\xe8\xe1I\xc9\x93f\xfe\xaf\x82\x12\xdf\x17\xaeN\x1e'
11E8E149-C993-66FE-AF82-12DF17AE4E1E,2016-ncaa-d1-conf-MEAC,ncaa,12,12,8,12,13,13,13,11,12,13,8,12,12,12,6,12,12,11,10,10,8,11,11,12,13,13,10,11,5,7,4,12,11,12,9,13,10,6,11,13,12,12,10,10,,,2,3,,,13,13,10,13,13,13,11,13,7,12,12,11,10,10,11,11,6,10,10,13,9,12,10,,2,,,13,6,9,6,11,10,7,11,8,4,9,6,2,2,3,2,2,3,2,10,9,11,1,7,1,9,11,5,4,4,9,13,13,13,13,13,7,10,12,13,,,12,9,,,13,1,13,12,13,10,11,9,11,10,8,6,2,2,2,7,3,10,7,9,13,13,9,13,,12,,,b'\x11\xe8\xe1I\xc9\x93f\xfe\xaf\x82\x12\xdf\x17\xaeN\x1e'
11E8E149-C993-66FE-AF82-12DF17AE4E1E,2016-ncaa-d1-natl,ncaa,323,305,337,323,347,348,348,341,347,335,208,348,340,343,307,333,283,246,322,245,224,332,311,347,346,347,280,317,30,120,56,315,309,244,171,347,301,282,340,346,313,280,317,326,,,18,66,,,330,341,238,345,345,346,273,302,91,336,340,231,170,163,260,155,35,229,103,343,338,273,297,,75,,,333,41,142,65,273,236,168,262,24,23,85,43,8,19,1,20,34,31,19,220,152,192,2,40,15,211,309,42,56,80,171,262,313,304,242,319,230,303,242,260,,,339,314,,,330,9,347,243,335,197,283,250,319,312,56,54,26,67,76,215,170,312,181,260,323,247,302,299,,297,,,b'\x11\xe8\xe1I\xc9\x93f\xfe\xaf\x82\x12\xdf\x17\xaeN\x1e'
11E8E149-C993-66FE-AF82-12DF17AE4E1E,2017-ncaa-d0-natl,ncaa,302,265,321,302,334,348,349,336,349,349,276,349,321,318,267,264,247,263,165,261,175,332,333,349,349,347,61,187,6,189,157,328,315,310,286,345,254,151,295,339,233,165,272,260,,,106,251,,,316,340,265,268,347,349,288,348,170,295,283,158,172,172,276,241,81,296,205,345,272,166,250,,243,,,320,11,21,14,188,86,73,195,11,13,54,28,102,177,5,180,235,18,25,133,107,92,40,22,237,181,315,111,157,132,286,44,163,207,95,100,47,147,307,334,,,326,256,,,316,15,346,139,315,106,125,84,225,225,23,27,196,266,266,126,164,304,288,303,124,108,135,341,,273,,,b'\x11\xe8\xe1I\xc9\x93f\xfe\xaf\x82\x12\xdf\x17\xaeN\x1e'
11E8E149-C993-66FE-AF82-12DF17AE4E1E,2017-ncaa-d1-conf-MEAC,ncaa,9,9,8,9,10,13,13,13,13,13,11,13,9,12,4,10,8,13,1,13,11,13,13,13,13,12,2,3,2,9,8,12,9,12,11,11,7,4,8,10,8,5,10,11,,,6,9,,,11,13,9,5,13,13,11,13,10,8,11,7,12,12,11,11,7,11,11,10,6,6,9,,9,,,11,3,5,2,9,8,4,10,2,2,9,3,3,6,1,6,6,2,2,9,8,9,2,2,6,4,9,5,8,3,11,8,7,8,3,6,1,2,12,13,,,11,8,,,11,2,12,9,11,8,9,3,10,6,3,3,4,7,6,3,4,5,10,7,9,5,1,13,,11,,,b'\x11\xe8\xe1I\xc9\x93f\xfe\xaf\x82\x12\xdf\x17\xaeN\x1e'
11E8E149-C993-66FE-AF82-12DF17AE4E1E,2017-ncaa-d1-natl,ncaa,300,282,310,301,326,347,349,315,349,347,218,349,314,312,282,275,199,208,174,211,168,311,301,349,349,348,70,206,4,137,146,312,306,254,271,345,245,203,282,337,193,150,280,274,,,177,262,,,313,331,248,270,347,349,265,346,147,304,286,143,141,143,248,210,69,267,158,345,270,145,268,,255,,,314,20,33,25,164,119,114,159,12,17,61,27,113,217,1,216,240,24,38,107,79,66,41,23,220,226,306,200,146,217,271,67,183,163,88,97,58,117,315,324,,,299,239,,,313,29,346,109,312,83,110,84,212,223,24,27,167,270,272,118,172,295,306,309,128,93,113,337,,249,,,b'\x11\xe8\xe1I\xc9\x93f\xfe\xaf\x82\x12\xdf\x17\xaeN\x1e'
11E8E149-C993-66FE-AF82-12DF17AE4E1E,2018-ncaa-d0-natl,ncaa,277,280,242,281,267,230,249,176,317,227,129,327,248,232,271,248,120,126,165,114,144,164,91,322,307,319,173,235,40,80,142,175,318,136,243,298,298,341,315,335,158,189,192,229,,,343,335,,,292,104,13,185,213,236,81,198,69,230,203,75,78,65,68,12,47,114,59,300,343,123,174,,345,,,291,240,190,183,185,263,269,176,42,46,104,15,338,344,22,344,325,252,265,129,152,137,102,17,331,330,318,239,142,302,243,235,247,99,134,146,304,265,313,287,,,159,219,,,292,228,313,196,290,304,260,281,310,334,59,67,341,346,346,333,342,340,305,335,280,52,319,332,,82,,,b'\x11\xe8\xe1I\xc9\x93f\xfe\xaf\x82\x12\xdf\x17\xaeN\x1e'
11E8E149-C993-66FE-AF82-12DF17AE4E1E,2018-ncaa-d1-conf-MEAC,ncaa,8,7,9,8,10,7,5,7,7,5,6,8,7,9,4,9,11,11,2,10,11,6,7,5,5,7,10,8,11,9,11,6,8,8,9,8,9,8,8,8,11,10,6,8,,,13,13,,,8,5,2,4,4,4,4,4,2,7,8,9,10,10,4,1,8,4,5,7,10,9,6,,13,,,8,8,8,5,8,11,11,5,3,2,8,1,12,12,4,12,12,9,7,7,6,9,2,2,11,8,8,8,11,7,9,7,6,7,8,8,6,7,12,11,,,9,10,,,8,7,8,9,8,11,10,9,13,12,3,3,12,13,13,12,12,9,12,11,10,5,9,13,,7,,,b'\x11\xe8\xe1I\xc9\x93f\xfe\xaf\x82\x12\xdf\x17\xaeN\x1e'
11E8E149-C993-66FE-AF82-12DF17AE4E1E,2018-ncaa-d1-natl,ncaa,276,278,213,279,272,246,262,156,324,223,114,331,254,215,280,242,130,135,181,130,158,142,74,326,314,322,178,231,50,68,138,173,324,124,254,301,291,345,318,337,141,174,167,218,,,345,336,,,290,84,12,187,222,250,73,202,65,227,193,88,94,88,64,11,42,116,55,295,344,112,149,,345,,,292,259,187,198,168,272,288,141,36,43,106,11,341,345,31,346,324,276,290,111,133,120,112,15,334,338,324,266,138,321,254,233,237,77,126,123,312,269,316,289,,,160,233,,,290,256,315,194,286,300,245,281,308,334,50,60,342,347,347,333,343,341,309,339,265,45,323,329,,100,,,b'\x11\xe8\xe1I\xc9\x93f\xfe\xaf\x82\x12\xdf\x17\xaeN\x1e'
11E8E149-C993-66FE-AF82-12DF17AE4E1E,2019-ncaa-d0-natl,ncaa,277,298,173,290,229,246,244,203,291,178,74,323,309,323,200,326,134,114,244,114,193,185,121,311,306,314,276,300,51,117,147,246,341,189,285,241,194,332,316,310,251,286,66,113,,,337,319,,,319,127,58,272,264,265,179,162,49,318,327,116,96,93,149,58,95,253,178,249,327,248,58,,337,,,317,271,255,218,242,322,312,239,20,38,46,9,335,338,73,340,290,272,264,177,199,214,30,9,314,338,341,221,147,305,285,214,135,166,215,205,341,326,247,187,,,146,179,,,319,220,308,280,317,298,280,277,334,343,23,26,334,339,341,332,320,343,247,324,236,155,333,254,,109,,,b'\x11\xe8\xe1I\xc9\x93f\xfe\xaf\x82\x12\xdf\x17\xaeN\x1e'
11E8E149-C993-66FE-AF82-12DF17AE4E1E,2019-ncaa-d1-conf-MEAC,ncaa,8,8,3,8,5,7,6,6,9,5,1,11,10,11,2,11,4,5,2,5,10,5,4,10,10,10,9,10,4,5,7,9,11,8,8,5,4,11,11,7,9,9,6,6,,,12,11,,,9,3,4,7,7,6,5,5,2,10,11,4,6,5,5,4,6,10,10,5,10,8,6,,12,,,9,11,11,9,10,12,9,11,5,5,6,5,12,12,8,12,10,10,10,9,10,10,5,3,10,11,11,7,7,10,8,10,7,7,9,11,11,11,9,9,,,6,8,,,9,9,9,10,9,10,10,7,12,8,5,4,12,12,12,9,9,10,7,10,10,9,11,9,,7,,,b'\x11\xe8\xe1I\xc9\x93f\xfe\xaf\x82\x12\xdf\x17\xaeN\x1e'
11E8E149-C993-66FE-AF82-12DF17AE4E1E,2019-ncaa-d1-natl,ncaa,266,297,107,282,146,222,237,143,297,151,48,321,309,316,232,329,101,81,242,78,181,131,71,315,309,315,275,302,37,84,139,218,341,159,290,219,178,336,312,310,209,263,51,102,,,346,319,,,316,73,57,272,266,275,169,164,47,319,325,100,81,78,144,60,87,266,182,246,325,215,47,,337,,,311,299,286,260,246,334,331,231,21,27,37,9,340,346,55,347,291,301,305,166,183,197,21,6,313,345,341,272,139,333,290,225,133,101,182,161,342,320,274,199,,,93,166,,,316,273,310,252,309,281,268,255,332,342,18,21,333,339,342,324,321,343,250,324,215,104,329,265,,104,,,b'\x11\xe8\xe1I\xc9\x93f\xfe\xaf\x82\x12\xdf\x17\xaeN\x1e'
11E8E149-C993-66FE-AF82-12DF17AE4E1E,2020-ncaa-d0-natl,ncaa,221,195,260,220,263,209,219,252,155,118,147,119,331,304,341,305,45,20,271,22,37,213,174,241,212,245,286,331,15,210,218,191,246,202,237,229,206,278,272,273,115,132,46,45,,,261,236,,,241,155,30,20,163,182,190,75,80,327,291,21,8,8,96,41,183,109,123,197,314,90,35,,301,,,244,214,161,168,157,181,167,183,126,153,108,133,323,323,136,325,309,211,238,140,174,146,219,114,311,265,246,181,218,230,237,295,331,94,109,202,312,314,283,257,,,115,112,,,241,214,256,172,234,287,240,270,239,241,172,210,335,335,336,315,331,305,266,297,322,49,329,306,,51,,,b'\x11\xe8\xe1I\xc9\x93f\xfe\xaf\x82\x12\xdf\x17\xaeN\x1e'
11E8E149-C993-66FE-AF82-12DF17AE4E1E,2020-ncaa-d1-conf-MEAC,ncaa,5,5,3,5,3,3,4,8,3,3,7,2,9,10,7,9,2,2,5,2,1,7,5,3,2,2,8,10,3,10,8,3,2,4,5,2,2,7,6,3,7,8,2,2,,,7,6,,,5,4,4,1,2,3,9,3,6,9,10,2,1,1,6,5,10,2,5,2,7,8,2,,7,,,5,7,6,9,4,6,7,5,8,10,7,10,9,7,10,7,8,9,9,5,5,8,9,9,5,4,2,3,8,3,5,9,10,8,10,10,7,9,7,9,,,4,2,,,5,9,4,5,5,8,6,10,6,7,9,10,10,7,7,10,10,3,2,2,10,8,7,7,,5,,,b'\x11\xe8\xe1I\xc9\x93f\xfe\xaf\x82\x12\xdf\x17\xaeN\x1e'
11E8E149-C993-66FE-AF82-12DF17AE4E1E,2020-ncaa-d1-natl,ncaa,214,215,128,220,134,178,194,182,202,95,97,154,315,280,341,297,19,9,255,8,36,115,67,266,238,255,276,330,11,172,215,120,235,136,235,199,197,304,268,275,74,111,42,46,,,321,268,,,254,44,30,21,169,197,170,89,82,316,281,15,8,8,91,36,167,112,117,202,311,70,42,,322,,,254,272,211,226,159,210,208,175,179,199,126,136,340,340,131,340,325,285,321,151,182,140,241,115,323,291,235,277,215,293,235,307,330,44,91,173,325,305,305,266,,,55,103,,,254,321,271,155,236,285,223,246,219,222,179,201,340,336,336,307,331,287,282,297,312,40,326,308,,46,,,b'\x11\xe8\xe1I\xc9\x93f\xfe\xaf\x82\x12\xdf\x17\xaeN\x1e'
11E8E149-C993-66FE-AF82-12DF17AE4E1E,2021-ncaa-d0-natl,ncaa,307,202,304,306,304,303,311,303,306,310,300,315,285,285,245,186,245,215,314,219,24,295,282,304,298,326,82,173,28,268,181,294,301,293,260,310,213,221,342,336,204,91,88,21,,,100,287,,,301,282,2,28,227,285,137,267,162,195,150,54,12,11,76,3,83,77,51,258,343,27,15,,341,,,317,73,59,52,189,64,52,215,69,67,119,164,167,199,44,198,335,62,64,180,208,140,253,135,322,101,301,56,181,67,260,86,276,219,78,116,310,343,76,204,,,249,54,,,301,64,327,173,305,327,283,312,267,262,237,278,342,343,343,341,343,333,313,329,307,13,343,221,,5,,,b'\x11\xe8\xe1I\xc9\x93f\xfe\xaf\x82\x12\xdf\x17\xaeN\x1e'
11E8E149-C993-66FE-AF82-12DF17AE4E1E,2021-ncaa-d1-conf-MEAC,ncaa,5,6,7,5,7,7,7,7,2,6,7,4,7,7,3,6,5,5,6,5,3,7,7,2,2,5,5,5,4,7,5,7,3,7,3,7,4,6,7,6,6,6,3,1,,,2,4,,,7,7,1,1,5,5,6,5,5,5,6,4,3,2,6,1,6,2,3,2,7,5,2,,7,,,7,3,3,3,6,3,2,5,4,3,6,6,4,2,6,3,6,3,2,6,7,7,8,7,7,2,3,2,5,2,3,7,7,7,6,7,7,8,2,5,,,6,2,,,7,2,6,6,6,7,7,7,6,6,7,8,8,8,8,7,7,4,3,3,7,6,8,5,,2,,,b'\x11\xe8\xe1I\xc9\x93f\xfe\xaf\x82\x12\xdf\x17\xaeN\x1e'
11E8E149-C993-66FE-AF82-12DF17AE4E1E,2021-ncaa-d1-natl,ncaa,296,201,299,294,299,295,297,295,297,296,289,300,287,285,261,221,235,202,311,204,36,289,281,297,295,324,120,216,34,255,150,282,292,283,240,299,196,247,335,333,198,91,76,19,,,109,267,,,294,277,3,30,197,241,107,223,117,220,177,48,11,11,59,5,73,63,44,235,343,31,13,,338,,,307,79,72,60,175,79,58,217,72,80,83,170,166,206,39,205,328,68,72,158,181,119,237,119,313,124,292,63,150,76,240,105,281,199,79,115,314,343,83,176,,,231,57,,,294,69,324,150,302,321,278,319,274,269,216,284,341,343,342,340,343,333,307,329,307,12,343,208,,4,,,b'\x11\xe8\xe1I\xc9\x93f\xfe\xaf\x82\x12\xdf\x17\xaeN\x1e'
11E8E149-C993-66FE-AF82-12DF17AE4E1E,2022-ncaa-d0-natl,ncaa,336,288,347,337,352,345,353,330,355,343,267,356,341,327,344,302,131,117,214,116,34,310,290,356,352,351,123,301,1,184,139,352,349,323,324,353,332,247,327,354,129,62,289,232,,,228,328,,,315,310,8,350,284,337,82,287,51,311,259,8,5,5,26,7,24,288,124,350,351,21,229,,356,,,330,52,34,12,276,49,18,304,52,45,140,150,251,307,6,309,350,22,60,267,267,131,244,106,327,190,349,100,139,117,324,82,264,64,17,38,294,345,253,306,,,182,37,,,315,49,350,167,319,315,262,191,263,169,190,224,346,355,355,305,352,345,345,351,292,3,352,342,,2,,,b'\x11\xe8\xe1I\xc9\x93f\xfe\xaf\x82\x12\xdf\x17\xaeN\x1e'
11E8E149-C993-66FE-AF82-12DF17AE4E1E,2022-ncaa-d1-conf-MEAC,ncaa,7,7,5,7,8,6,6,5,8,6,5,8,6,7,4,6,2,2,2,2,3,5,4,8,7,6,3,4,1,5,5,8,6,7,7,7,7,6,6,7,3,3,5,4,,,7,7,,,6,3,1,8,6,6,3,6,3,5,5,2,2,2,1,1,4,7,6,6,6,2,5,,8,,,6,7,7,2,8,5,2,8,6,4,7,4,5,8,1,8,8,2,6,8,8,7,5,4,3,5,6,6,5,5,7,7,7,2,2,6,6,6,8,7,,,2,1,,,6,6,6,7,6,7,7,4,5,4,7,4,7,8,8,5,8,5,7,6,7,2,6,8,,1,,,b'\x11\xe8\xe1I\xc9\x93f\xfe\xaf\x82\x12\xdf\x17\xaeN\x1e'
11E8E149-C993-66FE-AF82-12DF17AE4E1E,2022-ncaa-d1-natl,ncaa,327,288,343,325,350,323,346,302,351,316,203,353,329,317,343,306,90,72,241,73,38,270,246,354,346,346,158,304,1,128,123,335,333,294,294,346,315,280,312,350,66,34,276,220,,,251,311,,,284,271,8,349,234,311,41,229,33,303,258,8,4,4,21,7,23,232,80,332,351,10,220,,351,,,288,56,37,20,220,54,26,269,66,80,96,180,249,311,8,313,346,36,107,215,218,70,243,117,320,207,333,152,123,169,294,101,256,27,12,20,310,331,287,298,,,111,30,,,284,89,340,99,282,283,218,187,218,151,176,236,337,350,352,284,352,339,345,350,258,3,351,341,,2,,,b'\x11\xe8\xe1I\xc9\x93f\xfe\xaf\x82\x12\xdf\x17\xaeN\x1e'
11E8E149-C993-66FE-AF82-12DF17AE4E1E,2023-ncaa-d0-natl,ncaa,223,188,290,221,303,237,253,234,254,216,162,269,273,283,230,285,122,71,339,77,60,202,144,256,257,287,200,267,55,168,178,257,356,230,307,252,219,330,321,317,125,148,155,152,,,317,310,,,276,144,5,192,166,208,108,148,80,247,247,71,20,21,65,14,111,177,134,213,349,75,122,,352,,,277,197,143,154,164,221,186,234,50,133,16,99,318,336,56,338,334,213,255,113,137,82,125,25,337,349,356,181,178,298,307,240,286,60,59,88,290,281,179,159,,,135,127,,,276,215,297,160,266,307,266,316,318,312,87,201,351,355,356,348,359,359,300,355,303,13,327,231,,42,,,b'\x11\xe8\xe1I\xc9\x93f\xfe\xaf\x82\x12\xdf\x17\xaeN\x1e'
11E8E149-C993-66FE-AF82-12DF17AE4E1E,2023-ncaa-d1-conf-MEAC,ncaa,4,4,3,4,3,1,2,2,2,2,2,2,3,3,3,5,1,1,4,1,2,2,2,3,2,2,3,6,2,3,4,2,8,3,6,2,4,5,3,2,5,6,4,4,,,8,6,,,4,1,1,1,1,1,1,2,1,4,3,1,1,1,1,1,3,3,2,1,5,4,4,,8,,,4,8,8,8,5,8,8,6,3,5,1,3,8,8,8,8,6,8,8,4,5,5,5,3,7,8,8,7,4,7,6,7,5,3,5,6,5,3,6,5,,,1,1,,,4,8,2,7,4,8,7,8,8,7,3,5,8,8,8,8,8,8,7,8,6,3,5,6,,1,,,b'\x11\xe8\xe1I\xc9\x93f\xfe\xaf\x82\x12\xdf\x17\xaeN\x1e'
11E8E149-C993-66FE-AF82-12DF17AE4E1E,2023-ncaa-d1-natl,ncaa,185,186,151,193,188,159,164,123,231,128,76,254,239,249,229,291,99,43,340,44,91,98,55,249,252,278,251,278,91,88,134,171,349,128,274,186,210,351,310,295,49,94,108,129,,,340,294,,,221,49,5,228,144,152,67,104,50,248,248,83,31,31,47,6,65,159,83,170,348,33,101,,349,,,222,271,217,254,133,275,270,187,81,174,19,95,335,349,35,349,330,301,329,92,112,50,141,38,332,358,349,265,134,338,274,287,302,15,40,60,332,278,232,152,,,86,192,,,221,313,278,97,221,283,232,294,285,295,82,183,342,354,354,342,359,358,280,343,297,9,332,243,,53,,,b'\x11\xe8\xe1I\xc9\x93f\xfe\xaf\x82\x12\xdf\x17\xaeN\x1e'
11E8E149-C993-66FE-AF82-12DF17AE4E1E,2024-ncaa-d0-natl,ncaa,206,148,298,199,304,290,279,223,315,242,170,317,296,273,316,261,226,140,352,139,140,202,164,321,335,336,249,265,107,176,212,178,312,181,278,294,280,319,318,333,188,218,94,126,,,185,127,,,287,166,10,47,236,236,71,179,66,271,224,166,70,62,60,14,109,65,54,272,351,124,65,,287,,,289,134,130,204,77,202,257,80,55,101,28,64,215,263,31,258,202,216,243,50,48,38,80,50,257,331,312,240,212,298,278,120,152,89,109,77,295,291,260,263,,,191,204,,,287,209,337,77,275,265,274,347,312,349,91,168,284,316,315,351,358,357,339,353,203,26,334,323,,74,,,b'\x11\xe8\xe1I\xc9\x93f\xfe\xaf\x82\x12\xdf\x17\xaeN\x1e'
11E8E149-C993-66FE-AF82-12DF17AE4E1E,2024-ncaa-d1-conf-MEAC,ncaa,3,3,3,3,3,3,3,3,3,2,3,3,4,3,5,2,3,3,5,3,4,3,1,5,5,5,5,5,5,3,6,1,6,1,6,2,1,7,7,5,6,8,1,3,,,8,5,,,5,1,1,1,2,3,1,3,4,4,2,2,4,4,1,1,2,1,1,1,7,8,1,,7,,,5,7,6,8,2,7,8,2,4,5,1,3,8,8,8,8,4,8,8,1,2,3,3,1,6,8,6,7,6,8,6,5,3,3,7,4,7,7,7,7,,,2,5,,,5,8,5,3,5,6,6,8,6,8,2,4,8,8,7,8,8,8,8,8,5,3,7,7,,3,,,b'\x11\xe8\xe1I\xc9\x93f\xfe\xaf\x82\x12\xdf\x17\xaeN\x1e'
11E8E149-C993-66FE-AF82-12DF17AE4E1E,2024-ncaa-d1-natl,ncaa,172,150,194,170,206,189,168,113,269,136,73,273,247,224,280,263,191,98,352,95,174,107,58,283,298,317,268,258,181,100,169,107,307,95,247,189,213,349,308,296,75,143,62,104,,,270,124,,,199,53,7,55,164,144,40,97,48,247,211,178,74,73,42,12,70,48,31,178,350,61,49,,298,,,199,181,179,291,37,250,324,51,51,132,17,57,257,303,30,300,190,299,332,20,18,12,77,41,277,352,307,310,169,350,247,150,148,22,61,31,327,264,274,208,,,151,273,,,199,316,321,29,193,217,212,337,282,350,60,150,278,314,311,345,361,359,332,353,171,11,331,300,,107,,,b'\x11\xe8\xe1I\xc9\x93f\xfe\xaf\x82\x12\xdf\x17\xaeN\x1e'
11E8E149-C993-66FE-AF82-12DF17AE4E1E,2025-ncaa-d0-natl,genius_ncaa,296,292,248,301,257,280,304,245,323,273,182,333,298,288,298,290,113,42,356,44,31,207,96,333,330,352,187,281,25,147,185,241,362,212,341,335,347,362,357,361,194,281,22,42,,,337,256,,235,357,95,4,86,275,303,198,250,119,294,276,63,16,16,111,6,110,189,143,347,362,157,14,,358,,279,357,337,320,299,223,320,330,140,213,139,304,33,353,354,127,354,289,324,314,202,226,238,187,74,326,362,362,239,185,340,341,264,136,116,221,191,362,359,358,350,,,83,100,,144,357,264,352,328,355,362,355,361,355,360,259,196,358,360,360,362,362,362,320,362,319,71,362,358,,21,,120,b'\x11\xe8\xe1I\xc9\x93f\xfe\xaf\x82\x12\xdf\x17\xaeN\x1e'
11E8E149-C993-66FE-AF82-12DF17AE4E1E,2025-ncaa-d1-conf-MEAC,genius_ncaa,5,5,5,5,5,5,5,5,3,5,5,3,4,4,4,5,3,2,6,2,1,5,4,4,3,5,4,4,4,6,6,3,8,5,6,5,5,8,7,6,4,6,2,2,,,7,5,,6,5,3,1,1,3,4,5,4,5,4,4,2,1,1,3,1,6,1,3,5,8,2,1,,7,,6,5,6,6,8,3,7,8,2,4,4,3,2,6,7,3,6,4,8,8,3,3,3,4,2,6,8,8,4,6,8,6,5,2,4,4,4,8,7,8,7,,,2,2,,2,5,6,6,4,5,6,6,8,7,8,5,6,7,7,7,8,8,8,6,8,5,2,8,8,,2,,2,b'\x11\xe8\xe1I\xc9\x93f\xfe\xaf\x82\x12\xdf\x17\xaeN\x1e'
11E8E149-C993-66FE-AF82-12DF17AE4E1E,2025-ncaa-d1-natl,genius_ncaa,312,292,304,313,310,317,327,299,334,292,213,338,306,300,305,289,140,50,354,53,32,255,125,338,336,354,183,280,21,180,199,280,362,252,346,346,348,362,357,361,227,292,22,43,,,328,261,,228,360,120,4,74,290,318,221,257,124,298,278,72,18,20,130,6,125,198,156,351,362,169,14,,357,,282,359,332,306,286,229,316,325,154,194,111,314,32,351,352,132,352,292,314,296,213,237,252,180,73,326,362,362,216,199,335,346,249,137,144,232,200,362,359,355,352,,,98,92,,154,360,237,354,336,355,362,357,361,356,360,264,199,360,361,361,362,362,362,325,362,325,80,362,358,,22,,115,b'\x11\xe8\xe1I\xc9\x93f\xfe\xaf\x82\x12\xdf\x17\xaeN\x1e'
11E8E149-C993-66FE-AF82-12DF17AE4E1E,2026-ncaa-d0-natl,genius_ncaa,295,329,116,321,142,227,236,152,343,222,90,353,252,260,214,310,125,79,333,78,129,142,94,342,341,339,151,241,47,124,224,169,312,146,308,206,124,348,320,317,135,210,88,109,,,357,349,,245,333,90,11,97,291,314,161,284,71,283,301,134,66,66,123,26,140,223,166,255,344,142,85,,362,,232,323,311,224,217,185,236,257,129,196,161,255,45,363,363,209,363,362,284,290,175,250,209,319,72,362,327,312,314,224,326,308,237,200,60,105,105,329,276,363,359,,,91,151,,27,333,279,340,241,316,318,211,203,215,269,156,103,362,363,363,325,351,329,333,338,206,49,309,361,,71,,35,b'\x11\xe8\xe1I\xc9\x93f\xfe\xaf\x82\x12\xdf\x17\xaeN\x1e'
11E8E149-C993-66FE-AF82-12DF17AE4E1E,2026-ncaa-d1-natl,genius_ncaa,332,327,177,340,197,306,315,231,355,303,139,361,294,301,228,315,163,111,336,110,123,210,149,354,355,353,138,237,36,184,260,253,332,230,337,280,133,338,333,340,202,253,112,126,,,353,354,,226,345,148,14,100,323,340,189,315,81,294,306,139,70,69,151,37,168,248,206,297,350,183,94,,362,,248,345,291,182,160,228,195,197,159,150,101,285,41,363,363,216,363,363,234,247,209,291,261,318,67,362,312,332,287,260,305,337,206,204,99,142,136,308,299,362,362,,,128,134,,38,345,223,355,289,340,337,241,212,249,278,175,109,362,363,363,339,352,337,345,347,235,68,323,363,,74,,29,b'\x11\xe8\xe1I\xc9\x93f\xfe\xaf\x82\x12\xdf\x17\xaeN\x1e'
11E8E149-C997-AD18-AF82-12DF17AE4E1E,2010-ncaa-d0-natl,ncaa,86,114,20,107,44,71,87,44,217,83,32,262,148,175,105,254,33,60,34,61,191,42,27,232,191,195,164,218,63,49,101,77,200,48,150,170,284,318,209,250,27,59,211,269,,,308,191,,,127,27,77,283,141,175,116,151,80,196,248,69,115,116,116,88,103,188,130,252,235,49,243,,223,,,129,297,301,297,158,314,319,159,133,171,98,75,273,243,284,247,125,303,323,116,137,87,74,71,202,287,200,307,101,315,150,133,27,24,69,30,327,261,340,304,,,32,129,,,127,320,184,88,125,149,170,179,223,255,68,82,183,157,158,183,250,201,178,193,47,60,277,327,,93,,,b'\x11\xe8\xe1I\xc9\x97\xad\x18\xaf\x82\x12\xdf\x17\xaeN\x1e'
11E8E149-C997-AD18-AF82-12DF17AE4E1E,2010-ncaa-d1-conf-ACC,ncaa,3,5,1,5,1,3,4,2,12,9,2,12,3,4,2,6,2,2,2,2,7,2,1,10,7,8,1,5,3,3,8,1,7,2,9,5,7,12,6,10,2,5,12,12,,,12,7,,,6,1,4,8,9,11,7,11,7,5,7,5,9,8,7,9,7,9,9,10,7,4,12,,7,,,6,12,12,11,8,12,11,8,6,8,5,3,8,8,9,8,5,12,12,7,7,4,2,2,7,10,7,12,8,12,9,9,3,2,2,2,12,12,12,12,,,2,7,,,6,12,8,5,5,5,5,5,7,7,3,3,5,3,3,4,7,5,9,9,4,3,11,12,,9,,,b'\x11\xe8\xe1I\xc9\x97\xad\x18\xaf\x82\x12\xdf\x17\xaeN\x1e'
11E8E149-C997-AD18-AF82-12DF17AE4E1E,2010-ncaa-d1-natl,ncaa,89,114,22,108,46,80,94,47,221,90,34,270,156,181,107,253,37,64,33,65,192,44,29,237,194,195,163,215,62,52,103,85,202,54,156,179,289,310,210,254,29,64,221,269,,,303,192,,,132,29,79,285,146,180,119,156,81,198,249,72,115,117,118,89,105,190,132,257,234,51,244,,223,,,135,293,294,292,162,311,315,166,124,162,101,74,263,232,284,238,126,300,321,120,141,96,70,70,200,285,202,297,103,310,156,121,27,25,71,30,324,262,340,307,,,39,129,,,132,318,187,97,134,155,178,178,229,259,68,80,184,160,161,185,249,206,181,195,48,62,278,326,,93,,,b'\x11\xe8\xe1I\xc9\x97\xad\x18\xaf\x82\x12\xdf\x17\xaeN\x1e'
11E8E149-C997-AD18-AF82-12DF17AE4E1E,2010-ncaa-d1-ncaatournament,ncaa,33,2,33,33,34,51,55,58,47,55,56,48,37,43,31,17,38,44,9,44,20,56,61,44,37,36,15,21,16,56,54,63,54,62,60,55,52,5,28,47,38,18,56,58,,,14,46,,,48,60,53,9,48,52,49,54,53,20,19,25,32,32,50,60,49,63,62,54,11,17,56,,39,,,52,18,21,9,61,22,20,51,11,3,59,4,14,7,63,6,18,4,6,58,60,56,18,15,34,12,54,13,54,9,60,17,27,38,17,33,10,30,19,48,,,38,12,,,48,9,41,53,51,48,49,16,51,42,18,4,37,24,22,10,13,27,42,33,42,21,21,37,,19,,,b'\x11\xe8\xe1I\xc9\x97\xad\x18\xaf\x82\x12\xdf\x17\xaeN\x1e'
11E8E149-C997-AD18-AF82-12DF17AE4E1E,2011-ncaa-d0-natl,ncaa,208,207,242,215,246,69,54,71,61,38,55,58,204,192,205,247,115,96,230,91,208,71,69,101,112,95,298,269,217,82,93,105,191,89,116,118,277,165,94,130,166,217,145,197,,,192,106,,,129,71,8,12,15,11,7,9,6,177,160,79,48,45,7,6,40,29,14,72,232,126,125,,256,,,126,284,318,285,274,333,310,278,128,154,131,87,144,181,32,188,90,285,270,239,195,211,25,72,73,242,191,203,93,224,116,198,43,141,222,178,235,181,282,179,,,85,174,,,129,271,88,221,129,327,337,337,339,339,159,189,182,234,235,339,335,291,283,302,254,96,272,301,,22,,,b'\x11\xe8\xe1I\xc9\x97\xad\x18\xaf\x82\x12\xdf\x17\xaeN\x1e'
11E8E149-C997-AD18-AF82-12DF17AE4E1E,2011-ncaa-d1-conf-ACC,ncaa,9,9,4,9,5,3,3,2,7,3,2,6,7,6,9,7,3,4,5,3,5,2,2,6,6,5,7,8,5,5,9,3,7,3,7,5,12,5,2,3,8,9,8,10,,,10,5,,,7,2,1,2,1,1,1,2,1,7,5,3,4,3,1,1,5,2,4,4,4,8,8,,11,,,7,12,12,11,9,12,12,9,8,9,5,4,8,8,2,8,4,11,11,7,6,8,2,3,2,10,7,12,9,11,7,10,4,7,9,9,7,5,10,7,,,4,5,,,7,11,6,8,7,12,12,12,12,12,7,10,8,8,8,12,12,10,12,12,10,7,9,11,,4,,,b'\x11\xe8\xe1I\xc9\x97\xad\x18\xaf\x82\x12\xdf\x17\xaeN\x1e'
11E8E149-C997-AD18-AF82-12DF17AE4E1E,2011-ncaa-d1-natl,ncaa,188,202,132,202,136,41,31,34,59,23,30,57,173,162,202,242,94,73,235,68,216,39,38,98,117,98,298,265,229,49,75,57,153,39,85,81,268,239,94,131,124,201,125,191,,,228,90,,,98,39,8,14,17,10,7,9,6,172,154,84,51,47,8,6,37,17,9,66,236,116,121,,239,,,97,313,332,313,241,338,325,260,132,180,86,87,146,192,23,194,71,314,303,205,152,177,22,68,55,274,153,256,75,283,85,222,34,104,209,156,273,183,312,211,,,51,174,,,98,306,84,169,108,320,333,337,338,340,138,183,146,207,213,339,335,283,276,297,227,92,272,316,,22,,,b'\x11\xe8\xe1I\xc9\x97\xad\x18\xaf\x82\x12\xdf\x17\xaeN\x1e'
11E8E149-C997-AD18-AF82-12DF17AE4E1E,2012-ncaa-d0-natl,ncaa,106,174,11,142,18,24,25,8,181,40,21,222,40,40,76,156,74,43,270,41,218,10,7,169,202,186,147,110,255,4,30,34,140,12,63,50,220,338,174,190,24,72,80,123,,,318,167,,,118,7,25,243,64,61,16,95,54,81,100,172,122,122,14,9,8,165,25,99,266,52,120,,239,,,122,337,339,326,258,333,320,253,309,297,251,191,225,249,106,237,99,327,334,262,240,164,134,213,71,276,140,327,30,327,63,280,66,12,44,53,326,166,343,332,,,13,202,,,118,336,132,145,131,234,260,219,257,209,227,206,120,131,124,197,283,157,209,188,164,25,239,341,,57,,,b'\x11\xe8\xe1I\xc9\x97\xad\x18\xaf\x82\x12\xdf\x17\xaeN\x1e'
11E8E149-C997-AD18-AF82-12DF17AE4E1E,2012-ncaa-d1-conf-ACC,ncaa,8,9,1,8,1,5,5,1,10,9,6,11,1,1,4,3,5,6,7,6,6,2,1,9,9,8,2,2,8,2,9,5,7,3,7,5,7,9,8,7,7,7,9,9,,,11,9,,,9,1,1,5,7,8,2,9,7,2,2,8,8,8,3,3,3,9,7,6,8,7,9,,10,,,9,12,12,10,10,11,9,10,10,10,8,7,10,9,9,9,7,10,11,10,10,9,4,5,8,9,7,12,9,11,7,8,3,2,4,5,10,8,12,12,,,2,3,,,9,12,8,8,9,11,11,5,10,6,8,6,10,8,8,6,9,6,12,10,6,3,9,12,,2,,,b'\x11\xe8\xe1I\xc9\x97\xad\x18\xaf\x82\x12\xdf\x17\xaeN\x1e'
11E8E149-C997-AD18-AF82-12DF17AE4E1E,2012-ncaa-d1-natl,ncaa,112,173,12,148,19,27,27,8,185,43,22,229,44,49,75,154,80,48,269,44,219,10,7,177,210,194,141,105,252,4,32,41,146,13,70,56,225,336,175,197,28,75,84,128,,,316,172,,,128,7,26,243,69,68,17,100,57,82,101,178,122,119,14,9,10,171,26,108,268,56,121,,240,,,130,334,337,326,260,329,318,255,303,290,254,190,210,236,110,223,101,327,333,267,245,177,131,211,70,267,146,325,32,324,70,278,69,14,46,59,322,168,343,335,,,15,199,,,128,336,135,151,140,238,264,221,259,212,229,205,123,133,125,201,284,162,213,191,169,26,243,341,,54,,,b'\x11\xe8\xe1I\xc9\x97\xad\x18\xaf\x82\x12\xdf\x17\xaeN\x1e'
11E8E149-C997-AD18-AF82-12DF17AE4E1E,2013-ncaa-d0-natl,ncaa,128,197,24,160,38,27,19,31,51,32,32,82,56,108,19,194,135,120,222,110,263,33,16,51,67,85,213,145,300,28,36,36,109,22,47,49,202,320,175,133,101,170,90,130,,,312,210,,,88,24,69,267,40,27,61,51,87,87,165,215,207,200,74,58,55,86,48,73,233,160,116,,238,,,97,326,303,313,159,300,317,172,213,250,94,148,325,306,329,307,209,326,317,144,191,207,180,114,261,265,109,228,36,256,47,211,71,99,218,138,319,198,316,223,,,77,257,,,88,321,64,182,98,236,207,234,225,245,151,184,280,247,249,250,227,153,80,99,120,179,236,275,,192,,,b'\x11\xe8\xe1I\xc9\x97\xad\x18\xaf\x82\x12\xdf\x17\xaeN\x1e'
11E8E149-C997-AD18-AF82-12DF17AE4E1E,2013-ncaa-d1-conf-ACC,ncaa,6,7,3,7,6,6,6,4,7,8,7,9,2,2,2,2,10,9,7,9,10,7,7,6,8,6,2,2,12,6,6,5,5,5,6,4,5,6,4,5,5,6,4,4,,,9,7,,,6,7,6,6,7,6,2,8,7,2,2,10,9,9,7,7,6,4,6,4,6,7,4,,8,,,6,7,5,7,6,8,9,6,4,6,2,5,11,9,12,9,8,8,7,5,6,6,3,2,11,6,5,10,6,10,6,4,2,10,12,5,9,11,11,10,,,8,11,,,6,6,5,6,6,7,6,9,7,9,4,6,11,9,9,9,6,6,10,8,4,11,11,11,,10,,,b'\x11\xe8\xe1I\xc9\x97\xad\x18\xaf\x82\x12\xdf\x17\xaeN\x1e'
11E8E149-C997-AD18-AF82-12DF17AE4E1E,2013-ncaa-d1-natl,ncaa,135,196,27,162,44,32,21,33,52,33,34,85,63,114,18,195,145,129,221,120,259,35,18,55,69,87,208,141,299,32,39,42,112,24,51,57,208,310,175,137,121,176,94,131,,,309,213,,,101,25,73,267,44,28,65,54,91,86,165,215,207,201,75,60,57,87,48,74,232,166,117,,240,,,105,323,299,311,163,298,315,174,202,239,102,146,324,302,329,304,210,322,313,146,198,212,178,114,262,252,112,211,39,238,51,205,74,115,226,147,311,201,315,226,,,84,250,,,101,317,64,189,107,241,212,235,230,250,152,185,287,248,250,251,227,152,80,101,121,186,236,277,,190,,,b'\x11\xe8\xe1I\xc9\x97\xad\x18\xaf\x82\x12\xdf\x17\xaeN\x1e'
11E8E149-C997-AD18-AF82-12DF17AE4E1E,2014-ncaa-d0-natl,ncaa,33,27,53,30,64,37,35,74,26,74,193,14,35,43,70,65,119,154,55,150,131,80,100,17,18,17,96,73,271,78,44,181,149,119,66,15,25,115,65,20,158,180,202,218,,,174,161,,,40,113,287,143,38,35,134,123,268,47,56,175,224,220,155,219,122,284,208,11,57,207,241,,95,,,43,251,255,215,246,225,170,255,282,257,244,256,143,116,300,118,127,206,214,270,260,245,202,254,105,148,149,76,44,89,66,150,57,145,167,140,263,211,215,224,,,118,176,,,40,222,8,229,47,149,176,88,144,62,240,214,97,78,77,66,51,81,18,24,86,211,199,174,,210,,,b'\x11\xe8\xe1I\xc9\x97\xad\x18\xaf\x82\x12\xdf\x17\xaeN\x1e'
11E8E149-C997-AD18-AF82-12DF17AE4E1E,2014-ncaa-d1-conf-ACC,ncaa,3,3,4,3,4,7,8,9,5,10,11,4,4,2,8,4,3,6,2,6,2,9,10,5,4,4,4,4,4,10,8,10,8,9,7,4,1,4,7,3,14,14,14,14,,,7,6,,,6,10,13,2,7,9,11,10,11,3,4,2,6,6,10,11,9,10,10,3,4,14,14,,6,,,6,9,8,11,7,4,6,9,13,14,9,14,7,6,15,6,6,10,4,9,9,12,15,13,7,8,8,5,8,5,7,7,7,13,14,13,9,12,8,10,,,4,1,,,6,5,4,12,8,9,9,10,2,3,13,14,7,6,6,10,3,9,4,5,8,14,10,8,,4,,,b'\x11\xe8\xe1I\xc9\x97\xad\x18\xaf\x82\x12\xdf\x17\xaeN\x1e'
11E8E149-C997-AD18-AF82-12DF17AE4E1E,2014-ncaa-d1-natl,ncaa,36,27,59,30,73,42,37,88,28,86,210,16,40,52,72,64,130,175,54,171,132,99,123,19,19,17,95,71,269,91,45,205,157,138,66,15,26,96,69,21,179,187,215,223,,,156,160,,,46,140,288,142,44,38,138,128,269,47,57,179,228,225,158,223,130,288,216,12,57,210,244,,97,,,48,229,242,195,254,211,152,264,273,249,249,257,132,104,303,107,125,182,181,278,270,256,202,254,103,131,157,53,45,69,66,134,60,162,171,145,245,214,205,227,,,138,177,,,46,193,9,243,50,154,184,88,148,63,243,215,99,78,77,67,50,82,19,24,91,217,201,180,,214,,,b'\x11\xe8\xe1I\xc9\x97\xad\x18\xaf\x82\x12\xdf\x17\xaeN\x1e'
11E8E149-C997-AD18-AF82-12DF17AE4E1E,2014-ncaa-d1-ncaatournament,ncaa,33,2,33,33,34,50,50,36,57,54,41,59,31,30,44,16,47,47,35,45,52,37,39,59,59,53,12,10,37,37,32,49,45,40,46,47,35,2,2,7,27,3,47,45,,,11,22,,,44,48,33,3,49,47,4,53,22,10,6,41,44,41,5,16,7,46,33,42,2,3,43,,21,,,46,13,13,11,41,9,7,39,28,25,46,48,14,16,31,16,42,9,14,43,42,38,49,49,26,15,45,31,32,26,46,9,24,44,22,21,5,6,56,64,,,45,38,,,44,15,49,42,49,37,39,24,25,13,49,44,27,30,31,21,31,35,61,58,26,19,5,64,,33,,,b'\x11\xe8\xe1I\xc9\x97\xad\x18\xaf\x82\x12\xdf\x17\xaeN\x1e'
11E8E149-C997-AD18-AF82-12DF17AE4E1E,2015-ncaa-d0-natl,ncaa,116,161,48,146,53,68,115,79,220,218,218,208,26,21,111,45,29,62,15,58,24,71,81,140,99,79,15,42,43,186,263,101,55,125,203,131,175,120,75,115,79,86,314,312,,,265,225,,,87,67,187,141,101,207,168,297,311,41,41,36,87,86,144,215,251,194,241,195,68,101,328,,184,,,91,255,244,224,221,173,103,267,313,323,175,328,175,170,174,175,223,220,258,258,245,175,289,301,116,86,55,314,263,265,203,281,255,74,74,136,106,74,328,338,,,37,37,,,87,281,95,129,94,140,133,73,83,18,283,292,110,105,109,61,104,32,250,151,199,100,68,310,,58,,,b'\x11\xe8\xe1I\xc9\x97\xad\x18\xaf\x82\x12\xdf\x17\xaeN\x1e'
11E8E149-C997-AD18-AF82-12DF17AE4E1E,2015-ncaa-d1-conf-ACC,ncaa,10,9,10,10,11,11,13,12,12,13,14,13,2,3,5,3,9,10,4,10,3,10,13,11,10,8,1,2,6,13,14,11,5,12,13,13,10,1,3,6,11,7,15,14,,,5,9,,,9,12,11,3,11,13,8,12,13,2,3,8,10,10,8,12,13,8,12,11,2,9,15,,6,,,9,4,2,1,8,2,1,12,12,13,6,14,7,6,14,6,11,1,1,10,11,9,13,13,7,1,5,13,14,8,13,6,10,9,5,8,1,2,11,14,,,9,4,,,9,4,10,9,9,9,6,4,2,1,12,14,10,8,8,4,2,4,15,10,8,5,1,13,,8,,,b'\x11\xe8\xe1I\xc9\x97\xad\x18\xaf\x82\x12\xdf\x17\xaeN\x1e'
11E8E149-C997-AD18-AF82-12DF17AE4E1E,2015-ncaa-d1-natl,ncaa,129,160,55,157,64,77,148,95,228,250,248,214,31,29,111,47,31,70,15,64,23,83,101,151,105,85,14,42,41,215,271,127,57,156,212,157,181,97,76,125,92,93,320,318,,,254,226,,,101,82,195,136,111,215,179,307,314,44,43,36,88,87,150,218,259,201,253,206,67,107,328,,182,,,104,234,226,195,229,145,80,272,309,316,184,328,157,148,174,149,223,188,231,265,255,190,289,301,117,65,57,308,271,243,212,272,257,84,81,148,96,76,326,340,,,43,37,,,101,263,101,138,107,149,139,75,87,20,282,290,113,110,111,62,104,33,253,155,210,102,69,315,,56,,,b'\x11\xe8\xe1I\xc9\x97\xad\x18\xaf\x82\x12\xdf\x17\xaeN\x1e'
11E8E149-C997-AD18-AF82-12DF17AE4E1E,2016-ncaa-d0-natl,ncaa,86,73,114,83,121,112,171,148,209,250,291,137,47,29,208,31,31,29,154,30,4,113,133,148,118,104,19,57,31,113,143,113,59,105,88,163,149,99,77,125,192,196,295,297,,,167,169,,,94,148,198,61,103,194,165,276,320,48,22,19,18,18,115,156,124,106,104,179,87,196,302,,145,,,92,153,158,173,157,119,138,133,236,221,260,241,128,122,171,119,147,159,175,184,174,160,241,263,138,75,59,225,143,156,88,80,57,140,130,85,99,90,157,245,,,37,17,,,94,204,88,126,93,141,137,133,105,107,233,212,114,121,121,122,127,68,187,132,67,159,93,144,,17,,,b'\x11\xe8\xe1I\xc9\x97\xad\x18\xaf\x82\x12\xdf\x17\xaeN\x1e'
11E8E149-C997-AD18-AF82-12DF17AE4E1E,2016-ncaa-d1-conf-ACC,ncaa,6,5,4,6,5,6,8,8,8,11,14,6,3,2,10,2,1,1,8,1,1,6,11,8,6,3,2,2,1,9,9,10,7,11,10,9,7,1,2,3,11,12,13,14,,,8,6,,,7,10,14,2,6,9,8,12,15,2,2,1,1,1,6,12,9,11,11,8,1,12,14,,6,,,7,8,7,7,7,5,5,7,12,11,14,12,7,5,11,5,7,6,8,13,14,10,13,14,5,6,7,11,9,10,10,5,3,6,6,7,2,3,4,9,,,1,1,,,7,7,5,9,6,10,8,8,6,5,12,12,7,4,5,5,5,5,10,8,5,6,2,4,,1,,,b'\x11\xe8\xe1I\xc9\x97\xad\x18\xaf\x82\x12\xdf\x17\xaeN\x1e'
11E8E149-C997-AD18-AF82-12DF17AE4E1E,2016-ncaa-d1-natl,ncaa,95,73,142,89,152,137,198,185,223,271,314,145,56,35,211,30,39,39,155,40,4,152,173,158,125,112,18,57,26,136,154,139,63,130,95,189,152,74,83,133,219,206,300,298,,,134,177,,,105,190,203,58,107,207,177,288,323,49,26,18,20,18,124,162,130,112,110,188,91,213,303,,149,,,104,132,135,133,168,101,107,148,224,206,261,236,118,105,179,101,150,127,132,196,182,172,242,258,139,62,63,197,154,123,95,59,58,172,141,92,84,93,145,253,,,47,16,,,105,159,94,144,106,155,148,134,115,111,235,211,125,123,120,125,124,70,194,138,71,165,93,151,,16,,,b'\x11\xe8\xe1I\xc9\x97\xad\x18\xaf\x82\x12\xdf\x17\xaeN\x1e'
11E8E149-C997-AD18-AF82-12DF17AE4E1E,2017-ncaa-d0-natl,ncaa,41,39,74,49,88,66,84,107,79,140,229,57,42,36,107,54,47,43,133,41,13,82,115,57,53,39,38,77,97,137,143,72,87,87,96,69,95,68,45,52,150,174,194,230,,,246,223,,,24,115,220,132,53,102,164,187,293,50,47,43,46,43,123,207,175,88,112,85,40,182,219,,200,,,20,109,100,212,30,93,243,14,167,129,244,106,192,190,189,186,137,211,222,34,40,45,242,205,224,170,87,193,143,187,96,22,22,110,129,26,7,11,97,134,,,30,19,,,24,228,39,40,19,57,41,110,46,186,129,84,141,134,128,99,117,118,120,105,14,142,11,75,,22,,,b'\x11\xe8\xe1I\xc9\x97\xad\x18\xaf\x82\x12\xdf\x17\xaeN\x1e'
11E8E149-C997-AD18-AF82-12DF17AE4E1E,2017-ncaa-d1-conf-ACC,ncaa,5,4,10,5,10,9,11,13,7,14,14,7,4,4,8,4,2,3,7,3,1,12,13,7,5,5,2,3,1,12,11,5,5,11,8,7,4,1,4,2,11,10,15,14,,,9,12,,,6,14,12,3,7,10,11,14,14,3,4,2,3,3,10,12,11,4,8,5,3,10,14,,11,,,6,3,3,4,5,5,6,6,2,3,8,5,6,5,3,5,7,2,3,6,4,5,7,7,10,4,5,9,11,4,8,2,2,9,7,4,1,3,1,5,,,4,1,,,6,2,5,7,6,6,6,6,7,10,4,4,9,9,8,6,6,6,12,8,3,7,1,4,,1,,,b'\x11\xe8\xe1I\xc9\x97\xad\x18\xaf\x82\x12\xdf\x17\xaeN\x1e'
11E8E149-C997-AD18-AF82-12DF17AE4E1E,2017-ncaa-d1-natl,ncaa,54,39,98,55,112,74,103,136,87,173,261,62,51,46,110,53,52,46,130,45,13,107,151,60,55,44,35,72,96,164,156,86,90,115,101,83,95,46,46,54,174,187,207,228,,,229,227,,,31,150,227,127,60,109,172,196,296,51,48,44,49,45,130,217,186,91,120,91,40,189,223,,204,,,25,76,76,176,35,70,223,15,152,101,252,105,167,170,202,166,137,167,187,40,47,52,237,204,227,141,90,153,156,147,101,14,23,143,136,30,7,11,87,138,,,39,18,,,31,193,43,47,24,60,49,112,49,193,130,85,142,135,129,103,113,120,121,109,15,147,11,79,,22,,,b'\x11\xe8\xe1I\xc9\x97\xad\x18\xaf\x82\x12\xdf\x17\xaeN\x1e'
11E8E149-C997-AD18-AF82-12DF17AE4E1E,2017-ncaa-d1-ncaatournament,ncaa,17,2,17,17,18,22,27,28,30,23,29,9,31,19,51,27,10,15,2,16,3,27,21,32,16,25,26,47,4,37,46,19,25,24,26,40,63,46,52,62,29,45,48,60,,,47,53,,,14,17,10,6,18,34,52,27,49,42,28,2,6,6,42,26,57,8,26,60,51,41,59,,59,,,14,36,35,43,4,38,45,7,15,38,8,16,49,47,45,48,43,45,48,4,7,6,23,14,58,43,25,39,46,42,26,19,9,18,31,9,40,33,50,51,,,14,2,,,14,48,32,6,14,17,12,43,27,51,9,22,54,50,54,51,56,40,20,27,8,22,35,47,,1,,,b'\x11\xe8\xe1I\xc9\x97\xad\x18\xaf\x82\x12\xdf\x17\xaeN\x1e'
11E8E149-C997-AD18-AF82-12DF17AE4E1E,2018-ncaa-d0-natl,ncaa,22,47,12,46,21,50,80,47,169,90,76,157,97,74,179,160,12,5,279,5,11,34,34,162,148,118,100,173,38,26,53,12,2,10,9,85,154,227,83,125,177,236,37,50,,,189,96,,,40,36,227,278,125,184,194,184,201,161,150,30,13,16,123,162,72,24,20,159,89,254,57,,42,,,45,177,204,292,46,186,284,37,215,250,134,182,100,142,44,143,71,288,287,51,34,49,163,221,85,22,2,273,53,175,9,97,48,125,174,79,154,60,295,223,,,2,19,,,40,315,94,20,43,26,39,85,42,111,124,116,24,46,49,60,37,5,97,25,22,226,66,210,,19,,,b'\x11\xe8\xe1I\xc9\x97\xad\x18\xaf\x82\x12\xdf\x17\xaeN\x1e'
11E8E149-C997-AD18-AF82-12DF17AE4E1E,2018-ncaa-d1-conf-ACC,ncaa,3,4,1,4,1,5,10,5,13,8,9,11,9,6,14,9,1,1,11,1,1,3,3,12,11,8,5,11,1,3,5,1,1,1,1,7,9,7,5,7,11,11,4,5,,,5,4,,,5,3,8,7,9,11,10,9,9,11,6,2,1,1,7,9,4,1,2,12,2,12,6,,3,,,5,3,4,10,4,3,7,3,10,10,4,11,3,3,5,3,4,10,8,3,3,4,9,12,5,1,1,13,5,5,1,2,2,7,9,3,3,1,9,8,,,1,1,,,5,13,8,1,5,2,2,5,2,4,6,8,3,3,3,3,1,1,9,2,2,11,2,8,,2,,,b'\x11\xe8\xe1I\xc9\x97\xad\x18\xaf\x82\x12\xdf\x17\xaeN\x1e'
11E8E149-C997-AD18-AF82-12DF17AE4E1E,2018-ncaa-d1-natl,ncaa,24,47,16,46,27,58,94,64,179,107,89,167,104,85,185,160,17,6,277,6,9,41,42,173,160,126,96,175,34,35,63,15,2,13,9,99,156,208,84,134,201,240,38,50,,,167,98,,,49,49,232,279,135,194,200,199,209,169,152,34,14,18,126,167,76,24,22,168,90,261,62,,43,,,53,147,177,286,51,163,277,44,198,227,138,177,86,118,46,119,74,269,271,55,37,58,159,220,85,14,2,248,63,138,9,74,50,144,183,89,134,61,286,233,,,2,17,,,49,302,102,29,52,30,42,88,49,113,122,114,25,47,49,61,35,5,101,27,27,233,68,212,,21,,,b'\x11\xe8\xe1I\xc9\x97\xad\x18\xaf\x82\x12\xdf\x17\xaeN\x1e'
11E8E149-C997-AD18-AF82-12DF17AE4E1E,2018-ncaa-d1-ncaatournament,ncaa,9,2,9,9,9,16,16,16,37,18,14,46,19,21,14,47,10,7,50,6,11,15,15,35,37,38,27,35,20,17,35,11,7,14,22,25,54,53,36,47,15,34,11,22,,,50,22,,,10,15,50,7,42,42,57,41,39,34,49,21,14,11,50,51,38,15,25,51,28,42,17,,14,,,12,47,46,49,8,50,53,11,21,39,6,10,50,55,10,55,28,49,49,1,2,4,15,8,42,47,7,55,35,52,22,41,16,10,24,9,53,32,58,47,,,9,9,,,10,49,40,2,11,1,2,8,19,38,4,7,22,30,30,8,4,8,26,18,5,26,31,51,,15,,,b'\x11\xe8\xe1I\xc9\x97\xad\x18\xaf\x82\x12\xdf\x17\xaeN\x1e'
11E8E149-C997-AD18-AF82-12DF17AE4E1E,2019-ncaa-d0-natl,ncaa,13,13,26,15,36,40,42,65,31,61,143,29,40,49,64,89,92,87,154,87,101,64,72,34,37,34,111,100,244,107,123,6,9,15,8,45,149,160,83,66,327,342,87,125,,,11,3,,,31,71,263,226,68,66,186,118,261,64,89,151,163,163,182,249,185,4,21,84,71,342,132,,2,,,34,240,270,337,24,124,282,15,345,346,218,332,6,12,51,12,10,321,276,57,26,111,308,348,4,147,9,207,123,181,8,165,67,319,345,295,164,92,159,132,,,81,162,,,31,292,30,90,31,82,129,318,35,146,335,335,2,4,4,227,76,57,59,42,76,345,77,95,,197,,,b'\x11\xe8\xe1I\xc9\x97\xad\x18\xaf\x82\x12\xdf\x17\xaeN\x1e'
11E8E149-C997-AD18-AF82-12DF17AE4E1E,2019-ncaa-d1-conf-ACC,ncaa,3,3,4,3,6,6,8,11,3,10,14,3,5,6,7,6,6,4,10,4,2,10,13,4,4,5,3,6,5,15,13,2,1,3,2,7,11,4,7,5,15,15,7,8,,,1,2,,,4,11,12,4,8,9,13,11,14,5,6,6,4,4,11,15,15,1,4,9,4,15,8,,1,,,4,4,5,11,4,2,8,3,12,11,9,12,1,2,1,2,2,10,5,4,4,6,10,14,2,1,1,6,13,1,2,2,4,15,14,14,6,9,4,7,,,5,2,,,4,8,5,5,3,4,4,11,1,7,11,11,1,2,3,7,3,1,5,2,2,15,7,4,,4,,,b'\x11\xe8\xe1I\xc9\x97\xad\x18\xaf\x82\x12\xdf\x17\xaeN\x1e'
11E8E149-C997-AD18-AF82-12DF17AE4E1E,2019-ncaa-d1-natl,ncaa,14,13,40,15,54,54,58,87,33,80,175,32,51,68,66,86,109,114,155,115,100,86,101,36,42,37,109,97,238,134,136,10,11,21,10,65,154,126,91,69,335,343,100,127,,,4,3,,,41,97,266,223,75,75,196,133,267,65,92,157,168,170,195,256,202,4,20,89,74,342,136,,2,,,43,206,248,330,26,100,255,17,344,343,234,333,5,10,57,9,10,314,242,63,33,134,307,348,4,108,11,166,136,137,10,149,66,333,345,306,133,99,148,147,,,111,155,,,41,270,37,105,36,92,144,319,40,153,334,334,3,4,4,235,72,57,60,44,87,345,77,105,,198,,,b'\x11\xe8\xe1I\xc9\x97\xad\x18\xaf\x82\x12\xdf\x17\xaeN\x1e'
11E8E149-C997-AD18-AF82-12DF17AE4E1E,2019-ncaa-d1-ncaatournament,ncaa,9,2,9,9,10,15,13,14,32,15,15,30,8,8,25,27,15,15,31,15,20,15,15,30,26,25,29,34,22,11,18,12,11,12,11,14,40,50,35,37,26,51,24,35,,,31,1,,,15,15,56,7,39,40,50,39,48,31,33,22,24,25,45,49,19,11,14,39,28,54,38,,1,,,16,50,51,50,15,45,46,23,60,60,25,62,21,18,51,15,3,50,49,22,22,26,48,61,2,42,11,49,18,49,11,57,48,23,51,53,56,46,45,27,,,16,33,,,15,50,20,24,14,10,18,26,5,6,50,61,1,1,1,15,3,9,15,7,37,58,45,21,,36,,,b'\x11\xe8\xe1I\xc9\x97\xad\x18\xaf\x82\x12\xdf\x17\xaeN\x1e'
11E8E149-C997-AD18-AF82-12DF17AE4E1E,2020-ncaa-d0-natl,ncaa,5,10,8,10,21,21,33,59,42,114,223,37,12,21,22,42,100,126,117,130,114,61,82,19,21,22,49,36,271,109,108,6,9,11,12,42,128,133,84,59,278,305,144,168,,,14,5,,,14,89,265,268,51,64,183,194,298,22,51,175,197,210,203,261,177,11,24,69,68,314,188,,3,,,14,111,171,321,17,98,235,29,297,339,61,330,9,9,122,9,7,282,225,26,15,45,223,335,6,85,9,144,108,114,12,40,15,283,311,140,141,88,152,176,,,100,155,,,14,263,19,33,13,29,61,240,35,122,239,317,3,2,2,131,44,33,49,28,19,330,77,106,,209,,,b'\x11\xe8\xe1I\xc9\x97\xad\x18\xaf\x82\x12\xdf\x17\xaeN\x1e'
11E8E149-C997-AD18-AF82-12DF17AE4E1E,2020-ncaa-d1-conf-ACC,ncaa,1,2,1,2,3,1,4,6,4,10,13,5,1,2,2,3,3,3,1,4,3,6,6,2,1,2,2,2,8,11,10,1,1,1,1,2,3,6,6,2,15,15,10,11,,,1,1,,,2,3,11,12,2,6,13,13,14,1,3,4,6,8,12,15,14,1,2,4,5,15,10,,1,,,2,6,7,12,2,7,10,2,11,14,5,12,1,1,6,1,1,9,8,2,2,5,7,13,1,4,1,7,10,4,1,4,1,15,14,10,7,7,6,8,,,3,4,,,2,12,3,4,2,3,5,8,5,7,10,10,1,1,1,6,2,2,5,1,3,15,5,6,,7,,,b'\x11\xe8\xe1I\xc9\x97\xad\x18\xaf\x82\x12\xdf\x17\xaeN\x1e'
11E8E149-C997-AD18-AF82-12DF17AE4E1E,2020-ncaa-d1-natl,ncaa,6,10,12,10,33,31,41,80,44,138,252,38,13,27,24,42,119,150,117,155,111,82,121,19,22,24,45,35,267,129,116,6,8,13,15,50,131,109,88,67,296,311,150,172,,,10,5,,,17,126,267,268,53,70,192,209,300,22,53,178,199,211,207,270,185,12,26,75,71,318,192,,3,,,18,92,147,310,18,85,206,29,283,332,64,328,9,9,124,9,6,262,182,28,16,52,218,334,7,71,8,120,116,82,15,35,16,302,314,150,116,93,140,186,,,133,154,,,17,229,24,38,16,30,67,245,36,128,243,318,3,2,2,136,45,36,53,31,21,332,80,108,,209,,,b'\x11\xe8\xe1I\xc9\x97\xad\x18\xaf\x82\x12\xdf\x17\xaeN\x1e'
11E8E149-C997-AD18-AF82-12DF17AE4E1E,2021-ncaa-d0-natl,ncaa,13,9,59,9,70,32,29,67,9,25,53,14,51,98,17,185,76,111,43,113,222,68,89,11,10,7,217,177,251,155,206,17,12,37,26,36,159,127,34,22,180,250,103,172,,,125,16,,,11,72,148,178,17,15,89,23,113,80,166,114,183,184,102,193,249,7,32,30,34,256,155,,19,,,12,218,249,302,41,219,270,56,286,312,101,291,88,92,89,88,15,281,255,57,34,95,202,295,16,172,12,224,206,205,26,129,16,215,311,168,97,27,177,87,,,75,116,,,11,269,11,74,13,98,151,288,115,206,253,299,8,13,14,232,128,59,87,61,29,316,24,110,,129,,,b'\x11\xe8\xe1I\xc9\x97\xad\x18\xaf\x82\x12\xdf\x17\xaeN\x1e'
11E8E149-C997-AD18-AF82-12DF17AE4E1E,2021-ncaa-d1-conf-ACC,ncaa,2,2,9,1,10,6,5,9,2,5,9,2,7,11,4,8,6,8,3,8,8,9,11,2,2,2,10,9,9,12,13,2,1,7,1,6,9,3,4,3,12,10,10,10,,,3,2,,,2,9,8,5,1,2,8,1,8,6,8,3,7,7,6,10,14,1,2,5,3,10,10,,2,,,2,3,3,7,1,5,6,1,8,12,6,12,4,3,10,3,3,7,4,2,2,3,10,13,4,3,1,5,13,3,1,3,2,13,14,7,3,4,5,4,,,9,6,,,2,6,2,1,2,3,2,11,1,5,11,12,2,2,3,10,4,1,6,2,2,14,3,5,,7,,,b'\x11\xe8\xe1I\xc9\x97\xad\x18\xaf\x82\x12\xdf\x17\xaeN\x1e'
11E8E149-C997-AD18-AF82-12DF17AE4E1E,2021-ncaa-d1-natl,ncaa,15,9,70,11,84,36,33,78,9,31,64,14,58,112,19,186,87,122,44,122,225,81,105,11,10,7,213,175,250,173,210,19,13,44,26,42,161,114,33,22,195,254,109,173,,,112,16,,,12,88,152,174,19,17,96,26,116,80,169,115,184,184,106,195,252,6,33,33,34,261,158,,18,,,14,202,238,297,44,204,261,58,282,308,100,287,80,83,95,82,15,273,243,63,34,103,197,292,16,160,13,207,210,187,26,122,18,231,313,173,88,27,171,91,,,86,113,,,12,254,11,81,15,102,158,291,121,210,256,300,8,13,14,234,130,61,88,63,32,317,24,116,,129,,,b'\x11\xe8\xe1I\xc9\x97\xad\x18\xaf\x82\x12\xdf\x17\xaeN\x1e'
11E8E149-C997-AD18-AF82-12DF17AE4E1E,2021-ncaa-d1-ncaatournament,ncaa,9,2,9,9,12,12,13,15,3,14,15,6,8,9,4,34,8,10,14,9,11,15,14,3,1,3,27,30,21,28,53,10,9,15,18,8,19,54,42,15,29,52,29,50,,,55,38,,,10,12,20,7,8,11,53,22,46,16,37,7,13,14,50,45,60,12,36,12,41,52,44,,36,,,10,53,53,52,31,56,53,39,45,52,14,36,50,55,7,55,29,53,51,31,22,28,14,21,20,46,9,51,53,50,18,50,14,20,49,42,53,34,46,26,,,8,6,,,10,53,7,21,10,26,37,39,43,38,21,39,17,29,28,40,24,16,14,7,22,54,25,14,,4,,,b'\x11\xe8\xe1I\xc9\x97\xad\x18\xaf\x82\x12\xdf\x17\xaeN\x1e'
11E8E149-C997-AD18-AF82-12DF17AE4E1E,2022-ncaa-d0-natl,ncaa,2,3,3,3,3,3,2,4,5,4,12,16,18,39,11,163,65,97,52,99,309,7,10,7,9,3,236,136,326,31,72,2,15,5,13,24,303,128,11,23,70,183,93,175,,,170,19,,,3,11,204,43,8,4,30,16,86,54,125,196,251,254,54,168,119,9,18,73,10,192,176,,15,,,3,308,318,348,28,293,338,46,322,352,52,300,90,70,290,71,14,345,348,33,19,42,167,290,32,259,15,305,72,305,13,130,5,74,240,61,114,18,330,187,,,50,262,,,3,350,2,32,2,56,100,251,85,174,193,294,14,7,7,181,143,73,43,32,12,264,20,260,,256,,,b'\x11\xe8\xe1I\xc9\x97\xad\x18\xaf\x82\x12\xdf\x17\xaeN\x1e'
11E8E149-C997-AD18-AF82-12DF17AE4E1E,2022-ncaa-d1-conf-ACC,ncaa,1,1,1,1,1,1,1,1,2,1,1,1,2,3,4,5,4,8,3,8,12,1,1,3,2,2,9,5,14,3,6,1,1,1,1,2,13,3,1,2,7,7,5,8,,,3,2,,,1,1,8,9,1,2,4,2,5,3,4,7,13,13,4,10,8,1,2,5,1,7,8,,1,,,1,5,6,15,1,7,12,1,11,15,2,13,4,2,15,2,2,15,14,1,1,1,8,13,5,4,1,11,6,7,1,2,1,7,9,2,4,3,12,6,,,7,11,,,1,15,1,1,1,2,2,9,4,6,6,12,3,1,1,5,2,2,5,2,1,11,2,9,,12,,,b'\x11\xe8\xe1I\xc9\x97\xad\x18\xaf\x82\x12\xdf\x17\xaeN\x1e'
11E8E149-C997-AD18-AF82-12DF17AE4E1E,2022-ncaa-d1-natl,ncaa,2,3,3,3,3,4,3,4,5,4,13,17,24,50,11,167,79,116,51,119,310,7,12,7,10,4,230,138,325,40,78,2,19,5,13,27,306,99,13,23,90,196,109,178,,,133,20,,,3,12,212,39,12,4,34,17,90,57,128,200,253,257,63,176,126,11,21,86,10,202,183,,15,,,5,298,313,346,32,280,335,52,317,349,59,299,82,61,295,59,14,342,346,38,27,54,168,287,33,232,19,294,78,286,13,121,6,96,250,71,94,19,327,200,,,66,260,,,3,349,2,41,2,67,111,255,96,179,200,295,15,8,8,181,138,72,44,36,12,268,21,267,,259,,,b'\x11\xe8\xe1I\xc9\x97\xad\x18\xaf\x82\x12\xdf\x17\xaeN\x1e'
11E8E149-C997-AD18-AF82-12DF17AE4E1E,2022-ncaa-d1-ncaatournament,ncaa,5,2,5,5,5,5,5,5,6,4,6,7,5,5,23,33,5,4,28,4,32,5,5,6,8,5,43,36,43,6,14,6,23,6,12,5,45,57,15,8,6,15,8,26,,,61,10,,,4,5,46,3,3,2,14,4,22,16,25,20,20,19,16,18,20,27,21,12,14,14,27,,7,,,6,64,64,63,38,63,62,49,68,68,25,53,63,63,52,64,23,63,64,39,39,37,32,41,22,58,23,63,14,63,12,55,5,7,30,12,57,8,54,26,,,7,38,,,4,64,2,33,5,34,38,33,36,20,39,54,19,17,18,31,40,22,15,14,8,29,10,23,,34,,,b'\x11\xe8\xe1I\xc9\x97\xad\x18\xaf\x82\x12\xdf\x17\xaeN\x1e'
11E8E149-C997-AD18-AF82-12DF17AE4E1E,2023-ncaa-d0-natl,ncaa,87,91,81,100,96,74,58,71,58,37,54,67,172,184,152,246,155,159,163,152,291,80,101,91,105,70,305,257,283,162,217,32,33,54,79,112,271,62,38,72,206,253,33,47,,,42,13,,,59,89,123,207,66,40,55,25,56,195,214,197,192,187,77,157,209,19,51,134,35,235,33,,20,,,57,205,245,313,55,238,296,91,219,301,53,254,66,46,322,38,17,291,261,52,45,86,109,218,46,156,33,272,217,243,79,84,28,216,284,142,132,96,192,80,,,199,298,,,59,271,71,74,59,116,182,312,170,275,185,277,44,30,23,256,193,105,214,169,42,270,105,150,,271,,,b'\x11\xe8\xe1I\xc9\x97\xad\x18\xaf\x82\x12\xdf\x17\xaeN\x1e'
11E8E149-C997-AD18-AF82-12DF17AE4E1E,2023-ncaa-d1-conf-ACC,ncaa,8,8,4,8,5,7,5,3,7,4,3,5,10,7,15,8,9,11,8,9,13,4,8,8,8,7,14,12,12,14,14,4,3,5,9,10,14,2,2,5,12,11,4,7,,,2,2,,,8,4,5,4,7,6,4,4,6,11,9,10,11,10,4,10,14,3,6,11,2,12,4,,1,,,8,7,10,14,5,10,9,6,8,9,6,9,5,4,10,3,4,13,9,6,6,7,7,8,4,6,3,14,14,12,9,4,3,12,13,6,4,6,5,3,,,11,11,,,8,11,7,7,8,7,9,14,11,9,9,9,6,4,3,12,8,5,13,13,4,14,6,4,,12,,,b'\x11\xe8\xe1I\xc9\x97\xad\x18\xaf\x82\x12\xdf\x17\xaeN\x1e'
11E8E149-C997-AD18-AF82-12DF17AE4E1E,2023-ncaa-d1-natl,ncaa,98,91,103,103,130,85,64,81,58,41,63,73,196,201,154,248,176,176,162,172,292,94,119,98,108,74,303,257,279,193,226,38,35,63,89,135,278,46,41,80,233,263,36,50,,,27,14,,,66,109,126,186,71,44,59,26,63,201,216,196,193,188,80,160,218,22,54,144,35,247,34,,21,,,64,171,228,300,62,209,281,97,210,288,54,251,56,33,329,28,18,266,236,62,51,106,110,217,44,128,35,242,226,213,89,66,28,249,294,167,116,101,176,89,,,232,294,,,66,251,80,86,67,124,195,313,174,277,194,277,46,32,24,259,194,112,220,176,44,285,107,155,,272,,,b'\x11\xe8\xe1I\xc9\x97\xad\x18\xaf\x82\x12\xdf\x17\xaeN\x1e'
11E8E149-C997-AD18-AF82-12DF17AE4E1E,2023-ncaa-d1-ncaatournament,ncaa,36,2,36,36,38,45,39,64,6,35,46,14,50,65,8,62,52,51,49,51,47,63,55,8,9,26,62,50,49,64,56,36,27,38,20,37,28,28,66,48,54,53,42,24,,,14,32,,,26,46,27,7,36,22,63,13,32,44,64,46,43,43,63,50,62,1,14,22,62,47,25,,32,,,26,5,4,28,2,4,15,3,30,35,35,57,10,9,42,7,13,25,14,7,4,16,58,57,23,23,27,4,56,7,20,12,51,63,64,60,37,68,23,45,,,49,22,,,26,16,40,25,31,23,20,60,8,39,53,61,20,15,13,56,39,49,11,28,39,63,65,45,,30,,,b'\x11\xe8\xe1I\xc9\x97\xad\x18\xaf\x82\x12\xdf\x17\xaeN\x1e'
11E8E149-C997-AD18-AF82-12DF17AE4E1E,2024-ncaa-d0-natl,ncaa,6,30,1,24,1,9,12,6,90,10,8,117,59,60,99,234,5,9,85,8,131,7,8,111,96,50,211,229,108,52,226,1,14,4,49,48,264,119,10,45,124,275,19,68,,,102,4,,,20,5,112,77,41,48,46,47,63,151,185,39,56,55,41,118,183,4,11,134,11,267,43,,4,,,26,335,351,359,12,339,358,12,336,354,66,253,35,21,321,18,3,359,354,14,8,37,104,290,7,308,14,358,226,357,49,259,41,140,332,205,199,41,349,211,,,6,97,,,20,355,50,31,30,82,167,342,148,324,209,287,6,5,5,282,224,118,278,232,69,318,50,288,,78,,,b'\x11\xe8\xe1I\xc9\x97\xad\x18\xaf\x82\x12\xdf\x17\xaeN\x1e'
11E8E149-C997-AD18-AF82-12DF17AE4E1E,2024-ncaa-d1-conf-ACC,ncaa,2,3,1,3,2,3,3,2,8,3,2,10,9,9,8,11,4,4,5,4,9,3,3,10,9,5,11,11,9,6,12,1,2,1,4,7,13,3,2,3,10,11,6,9,,,1,1,,,2,3,7,3,5,5,3,4,3,11,10,6,8,8,4,6,10,1,1,11,2,12,10,,1,,,2,6,10,14,2,6,14,2,13,15,5,11,1,1,8,1,1,14,12,2,1,3,8,13,1,9,2,14,12,14,4,3,2,11,13,5,9,3,11,6,,,8,11,,,2,13,5,3,4,2,7,14,5,13,11,12,1,1,1,13,8,5,14,13,3,14,4,9,,9,,,b'\x11\xe8\xe1I\xc9\x97\xad\x18\xaf\x82\x12\xdf\x17\xaeN\x1e'
11E8E149-C997-AD18-AF82-12DF17AE4E1E,2024-ncaa-d1-natl,ncaa,6,30,3,26,3,11,13,8,98,12,9,129,70,68,103,237,8,13,86,13,133,8,11,121,104,51,208,231,98,70,240,1,16,5,58,59,276,89,9,49,153,289,20,71,,,72,4,,,22,6,120,78,49,56,55,53,66,155,190,42,58,58,46,133,195,4,12,148,10,278,45,,4,,,31,325,348,361,19,334,360,12,329,354,74,251,25,17,326,15,3,360,354,19,9,47,104,292,7,291,16,360,240,357,58,247,44,173,340,225,173,41,348,222,,,9,91,,,22,356,52,39,35,87,187,345,165,327,215,291,6,5,5,289,221,119,289,240,76,328,50,292,,77,,,b'\x11\xe8\xe1I\xc9\x97\xad\x18\xaf\x82\x12\xdf\x17\xaeN\x1e'
11E8E149-C997-AD18-AF82-12DF17AE4E1E,2024-ncaa-d1-ncaatournament,ncaa,3,3,1,3,1,4,4,4,38,6,4,43,4,3,24,40,2,2,20,2,17,3,4,36,28,14,17,29,11,10,58,3,20,4,40,9,54,58,5,14,7,39,8,34,,,63,7,,,9,3,31,5,22,37,40,40,32,23,36,8,9,8,25,50,51,9,32,49,5,37,28,,7,,,15,67,68,67,33,68,68,33,62,63,10,16,60,60,21,60,7,66,66,23,13,21,5,10,11,63,20,68,58,68,40,67,19,6,45,38,57,12,66,34,,,3,14,,,9,67,19,19,15,21,42,47,55,58,9,20,8,11,11,40,33,30,57,48,29,46,9,36,,15,,,b'\x11\xe8\xe1I\xc9\x97\xad\x18\xaf\x82\x12\xdf\x17\xaeN\x1e'
11E8E149-C997-AD18-AF82-12DF17AE4E1E,2025-ncaa-d0-natl,genius_ncaa,13,26,19,24,22,20,16,14,48,14,16,54,48,50,95,199,80,59,277,62,263,17,24,55,80,29,266,195,315,62,182,11,54,17,79,67,329,33,5,29,204,309,25,65,,,30,1,,81,38,23,72,147,24,16,15,17,51,90,108,185,148,147,19,87,135,8,14,128,8,288,42,,3,,37,41,328,345,354,65,330,347,74,327,347,115,271,43,43,259,44,6,352,341,68,39,107,126,287,9,291,54,355,182,344,79,188,15,169,314,178,42,9,288,107,,,49,205,,50,38,341,29,105,41,184,258,350,226,316,278,313,17,10,11,318,272,177,294,261,64,288,11,197,,151,,88,b'\x11\xe8\xe1I\xc9\x97\xad\x18\xaf\x82\x12\xdf\x17\xaeN\x1e'
11E8E149-C997-AD18-AF82-12DF17AE4E1E,2025-ncaa-d1-conf-ACC,genius_ncaa,1,1,3,1,3,1,1,1,3,2,2,3,5,7,7,11,4,2,13,2,11,1,4,4,4,2,16,15,10,8,10,1,2,1,5,5,17,2,2,2,12,15,5,6,,,2,1,,3,3,1,5,7,3,2,2,2,3,8,6,7,4,4,2,5,10,2,2,7,1,13,5,,1,,3,3,15,14,18,4,13,17,4,14,16,3,15,4,4,8,4,2,18,17,4,3,4,11,13,3,9,2,17,10,16,5,6,4,8,14,6,2,2,8,5,,,3,5,,3,3,18,2,4,3,5,8,17,6,12,13,15,1,1,1,16,13,8,15,13,6,14,1,7,,4,,3,b'\x11\xe8\xe1I\xc9\x97\xad\x18\xaf\x82\x12\xdf\x17\xaeN\x1e'
11E8E149-C997-AD18-AF82-12DF17AE4E1E,2025-ncaa-d1-natl,genius_ncaa,19,26,25,27,30,25,17,15,51,17,18,54,61,63,98,202,97,71,275,73,260,17,31,57,81,31,261,196,309,74,197,13,55,18,86,82,335,24,5,29,236,319,27,68,,,20,1,,75,43,30,78,143,25,17,16,18,54,96,115,187,150,152,21,95,145,8,16,137,9,301,43,,3,,39,46,318,344,354,73,322,344,77,324,343,128,275,39,37,267,38,6,350,333,79,45,128,123,284,10,277,55,353,197,339,86,174,16,207,321,192,34,9,282,115,,,67,201,,53,43,334,32,122,49,193,268,350,238,318,280,314,19,9,12,320,270,175,302,269,69,301,11,204,,152,,82,b'\x11\xe8\xe1I\xc9\x97\xad\x18\xaf\x82\x12\xdf\x17\xaeN\x1e'
11E8E149-C997-AD18-AF82-12DF17AE4E1E,2025-ncaa-d1-ncaatournament,genius_ncaa,9,2,9,9,11,13,14,13,26,15,13,29,5,7,18,20,12,12,46,12,16,14,15,24,22,9,14,17,35,13,26,11,22,12,20,14,44,34,5,6,14,33,12,29,,,41,8,,57,8,15,32,7,11,16,18,32,28,4,11,21,20,20,16,30,20,10,7,29,5,32,17,,6,,43,6,56,56,57,16,59,60,9,46,44,36,18,44,43,28,42,7,57,56,16,11,11,18,28,17,55,22,59,26,59,20,48,12,12,34,19,38,12,50,34,,,12,34,,10,8,55,9,11,5,12,21,39,33,55,21,15,12,8,6,31,32,29,36,39,11,37,11,30,,31,,34,b'\x11\xe8\xe1I\xc9\x97\xad\x18\xaf\x82\x12\xdf\x17\xaeN\x1e'
11E8E149-C997-AD18-AF82-12DF17AE4E1E,2026-ncaa-d0-natl,genius_ncaa,87,152,49,136,55,51,36,17,107,20,14,106,118,88,228,248,172,158,235,160,348,26,42,130,161,99,348,268,341,26,94,7,14,7,27,75,296,107,18,47,213,306,85,162,,,134,17,,205,76,57,87,62,50,28,7,19,8,177,148,279,262,274,10,38,33,2,3,100,25,294,108,,26,,151,85,302,335,349,89,336,333,175,296,347,36,306,36,49,67,50,8,339,300,91,45,165,43,229,6,210,14,327,94,309,27,144,5,280,353,256,171,66,282,112,,,159,344,,286,76,309,68,138,86,200,283,357,289,319,229,346,8,12,12,330,246,114,274,213,52,354,88,223,,295,,327,b'\x11\xe8\xe1I\xc9\x97\xad\x18\xaf\x82\x12\xdf\x17\xaeN\x1e'
11E8E149-C997-AD18-AF82-12DF17AE4E1E,2026-ncaa-d1-natl,genius_ncaa,110,152,85,156,89,70,43,28,128,23,21,129,157,127,240,245,232,216,236,219,352,43,70,161,198,114,349,266,341,42,113,10,20,11,39,106,314,67,19,56,284,332,105,174,,,80,20,,178,112,93,99,47,68,32,9,20,10,196,162,288,270,278,14,51,45,2,4,127,25,317,121,,29,,151,118,274,327,342,122,329,322,207,280,343,44,306,20,25,81,26,7,326,262,118,67,214,41,230,5,164,20,311,113,278,39,106,5,336,358,288,129,68,265,130,,,224,340,,305,112,273,89,184,118,237,316,359,309,333,247,348,8,12,12,342,243,117,293,239,61,358,88,242,,298,,326,b'\x11\xe8\xe1I\xc9\x97\xad\x18\xaf\x82\x12\xdf\x17\xaeN\x1e'
11E8E149-C99B-E6D0-AF82-12DF17AE4E1E,2010-ncaa-d0-natl,ncaa,242,224,241,246,258,286,306,276,323,300,245,314,267,233,310,204,114,130,112,127,53,257,265,321,296,283,92,227,10,170,129,321,291,280,248,291,191,121,203,266,111,51,306,285,,,178,284,,,246,282,256,169,282,315,250,296,215,255,209,59,74,73,210,210,127,321,262,296,186,69,304,,247,,,249,57,55,32,252,39,15,265,229,188,279,284,87,125,34,130,278,35,64,297,270,167,279,296,137,125,291,102,129,101,248,245,329,127,41,193,99,171,316,331,,,217,102,,,246,56,266,182,255,127,115,38,72,21,271,239,130,170,179,44,105,196,184,197,285,73,155,329,,145,,,b'\x11\xe8\xe1I\xc9\x9b\xe6\xd0\xaf\x82\x12\xdf\x17\xaeN\x1e'
11E8E149-C99B-E6D0-AF82-12DF17AE4E1E,2010-ncaa-d1-conf-GWC,ncaa,3,1,4,3,4,4,4,4,4,4,4,4,4,4,4,3,2,2,4,2,2,4,4,4,4,4,3,4,2,2,2,4,2,4,2,4,4,1,1,3,4,3,3,2,,,1,4,,,3,4,4,1,4,3,2,3,1,4,2,2,2,2,1,1,1,4,2,4,1,3,3,,4,,,3,1,1,1,4,1,1,3,4,2,4,3,1,1,1,1,3,1,1,4,4,4,4,4,1,1,2,2,2,1,2,2,4,4,3,4,2,2,4,4,,,4,3,,,3,1,4,3,4,2,3,2,2,2,4,3,1,1,1,1,1,2,3,2,4,3,2,4,,3,,,b'\x11\xe8\xe1I\xc9\x9b\xe6\xd0\xaf\x82\x12\xdf\x17\xaeN\x1e'
11E8E149-C99B-E6D0-AF82-12DF17AE4E1E,2010-ncaa-d1-natl,ncaa,250,223,276,250,293,302,322,297,324,311,262,317,274,242,311,204,121,139,111,135,51,283,287,323,300,285,91,225,9,185,132,329,295,300,252,306,192,106,205,269,125,53,309,287,,,159,284,,,251,312,256,165,288,320,253,300,216,257,211,61,77,75,212,211,131,320,266,301,186,76,305,,249,,,254,47,43,15,260,32,4,273,221,182,282,283,79,115,36,119,279,17,35,301,274,175,280,294,138,108,295,86,132,83,252,237,329,145,44,198,93,173,315,332,,,228,97,,,251,30,272,194,266,131,120,40,72,20,271,240,130,173,184,45,105,199,188,201,292,75,157,328,,143,,,b'\x11\xe8\xe1I\xc9\x9b\xe6\xd0\xaf\x82\x12\xdf\x17\xaeN\x1e'
11E8E149-C99B-E6D0-AF82-12DF17AE4E1E,2011-ncaa-d0-natl,ncaa,296,279,288,297,303,322,322,308,326,331,320,318,192,146,280,55,309,306,252,298,169,313,311,305,319,311,57,62,186,313,318,300,281,321,321,317,243,134,274,303,270,244,138,123,,,102,205,,,325,296,190,160,321,320,256,328,297,150,80,298,285,278,274,257,295,259,305,319,240,245,102,,204,,,325,129,130,70,259,167,115,250,95,70,241,98,178,163,254,169,207,76,54,242,256,285,119,110,209,149,281,182,318,170,321,217,286,298,263,311,112,221,228,325,,,332,312,,,325,47,324,301,328,259,253,207,267,252,145,120,257,239,243,234,179,252,305,301,296,260,186,277,,323,,,b'\x11\xe8\xe1I\xc9\x9b\xe6\xd0\xaf\x82\x12\xdf\x17\xaeN\x1e'
11E8E149-C99B-E6D0-AF82-12DF17AE4E1E,2011-ncaa-d1-conf-GWC,ncaa,3,2,4,3,4,4,4,4,4,4,4,4,4,3,4,1,4,4,4,4,1,4,4,4,4,4,3,4,1,4,4,4,2,4,3,4,4,3,3,4,4,3,2,2,,,1,4,,,4,4,4,1,4,4,4,4,4,4,1,4,3,3,4,4,4,1,2,4,3,3,2,,4,,,4,2,2,2,2,2,2,2,1,1,2,1,1,2,2,2,2,2,1,2,1,2,1,1,3,2,2,2,4,2,3,2,2,4,4,3,2,3,3,4,,,4,2,,,4,1,4,2,4,2,2,2,3,4,1,1,3,4,4,2,2,2,3,3,2,4,2,3,,4,,,b'\x11\xe8\xe1I\xc9\x9b\xe6\xd0\xaf\x82\x12\xdf\x17\xaeN\x1e'
11E8E149-C99B-E6D0-AF82-12DF17AE4E1E,2011-ncaa-d1-natl,ncaa,305,277,321,305,333,334,333,325,329,337,327,320,204,152,279,57,318,315,252,309,173,326,326,308,318,316,53,62,185,320,320,314,285,332,324,329,248,115,275,308,285,247,149,123,,,80,207,,,326,318,196,158,322,321,259,329,299,150,79,296,287,281,276,260,296,261,308,321,239,250,102,,207,,,328,110,117,52,264,154,96,252,87,60,242,96,168,153,257,160,208,54,32,246,263,291,116,109,210,129,285,162,320,145,324,209,287,311,270,315,96,223,220,329,,,338,312,,,326,27,326,308,330,264,258,209,272,257,144,121,258,237,241,236,177,253,306,306,301,267,190,281,,324,,,b'\x11\xe8\xe1I\xc9\x9b\xe6\xd0\xaf\x82\x12\xdf\x17\xaeN\x1e'
11E8E149-C99B-E6D0-AF82-12DF17AE4E1E,2012-ncaa-d0-natl,ncaa,198,202,163,207,198,244,219,226,187,270,271,225,71,108,52,59,328,324,272,324,300,263,278,140,189,181,79,28,336,291,305,189,238,250,282,215,167,80,178,156,264,262,24,22,,,190,263,,,193,267,271,189,259,216,225,288,286,63,89,333,329,329,279,304,298,172,259,215,99,271,16,,226,,,193,86,65,143,56,130,243,36,34,31,113,23,257,261,160,256,208,164,113,36,58,131,123,38,305,225,238,185,305,208,282,119,233,297,302,262,37,77,47,116,,,336,340,,,193,78,215,171,192,120,105,168,151,281,38,34,277,280,278,196,115,252,228,253,149,302,47,59,,339,,,b'\x11\xe8\xe1I\xc9\x9b\xe6\xd0\xaf\x82\x12\xdf\x17\xaeN\x1e'
11E8E149-C99B-E6D0-AF82-12DF17AE4E1E,2012-ncaa-d1-conf-GWC,ncaa,1,1,1,1,1,1,1,1,2,2,4,2,1,1,1,2,5,5,4,5,5,1,1,1,2,1,2,1,5,2,3,1,3,1,3,1,4,1,1,1,3,3,1,1,,,5,5,,,1,2,5,3,2,1,2,4,4,1,1,5,5,5,4,4,3,3,3,2,1,4,1,,5,,,1,3,2,4,2,3,5,1,2,1,3,1,5,5,2,5,5,4,4,2,2,4,2,1,5,3,3,3,3,3,3,2,1,4,4,3,1,1,2,2,,,5,5,,,1,5,1,3,1,2,2,2,2,4,1,1,5,5,5,3,1,3,2,2,1,4,1,2,,5,,,b'\x11\xe8\xe1I\xc9\x9b\xe6\xd0\xaf\x82\x12\xdf\x17\xaeN\x1e'
11E8E149-C99B-E6D0-AF82-12DF17AE4E1E,2012-ncaa-d1-natl,ncaa,208,201,196,213,238,264,240,254,191,296,294,234,80,119,53,57,333,328,271,327,302,288,311,146,196,185,77,27,336,308,308,218,241,279,290,237,171,67,180,162,280,273,25,24,,,170,264,,,206,296,274,180,264,225,236,296,285,65,91,334,330,330,281,305,300,178,265,223,101,277,16,,228,,,206,67,51,112,60,113,226,39,27,26,121,23,247,251,164,244,208,135,77,40,64,141,121,37,307,206,241,163,308,185,290,107,235,313,306,266,29,78,40,124,,,339,342,,,206,49,222,184,205,123,106,166,156,283,38,34,278,281,278,200,115,255,230,256,157,303,47,59,,339,,,b'\x11\xe8\xe1I\xc9\x9b\xe6\xd0\xaf\x82\x12\xdf\x17\xaeN\x1e'
11E8E149-C99B-E6D0-AF82-12DF17AE4E1E,2013-ncaa-d0-natl,ncaa,177,145,251,177,277,323,313,289,303,290,227,320,262,272,212,229,310,321,132,322,324,305,324,312,313,276,211,193,188,291,281,231,287,277,295,296,211,19,101,183,274,255,55,41,,,63,138,,,203,326,319,161,323,307,259,276,177,258,257,296,308,310,290,317,270,167,236,291,50,260,35,,118,,,206,13,18,63,22,25,109,22,55,66,79,113,65,127,4,120,165,61,49,17,12,33,168,146,213,252,287,156,281,213,295,43,166,270,227,142,30,113,152,181,,,336,289,,,203,26,285,75,200,36,38,119,60,180,80,104,105,182,171,126,94,307,251,287,77,249,69,191,,327,,,b'\x11\xe8\xe1I\xc9\x9b\xe6\xd0\xaf\x82\x12\xdf\x17\xaeN\x1e'
11E8E149-C99B-E6D0-AF82-12DF17AE4E1E,2013-ncaa-d1-conf-GWC,ncaa,1,1,1,1,1,3,2,1,4,2,1,4,2,3,2,4,3,4,3,4,5,2,2,4,4,3,3,2,3,1,1,2,2,1,2,2,3,1,1,1,3,3,1,1,,,4,4,,,1,3,5,2,4,3,1,2,1,2,4,3,5,5,2,4,1,2,1,2,1,3,1,,2,,,1,1,2,3,2,2,3,1,3,3,3,3,3,4,1,4,3,3,3,2,2,1,4,3,3,3,2,4,1,4,2,2,4,3,3,3,1,1,3,3,,,4,5,,,1,3,1,2,1,1,1,1,1,1,3,2,2,3,3,1,1,2,3,2,1,4,1,3,,5,,,b'\x11\xe8\xe1I\xc9\x9b\xe6\xd0\xaf\x82\x12\xdf\x17\xaeN\x1e'
11E8E149-C99B-E6D0-AF82-12DF17AE4E1E,2013-ncaa-d1-natl,ncaa,155,145,136,156,178,280,265,228,286,239,176,301,236,254,154,232,287,298,139,300,322,249,290,285,297,254,214,186,212,256,271,176,291,220,285,252,187,26,83,141,222,216,35,31,,,88,115,,,161,299,318,189,305,288,246,250,168,242,255,293,308,309,282,312,259,175,232,269,43,229,27,,90,,,161,15,23,129,13,37,172,16,70,112,63,120,82,145,4,139,151,115,111,8,8,19,174,155,206,293,291,222,271,275,285,51,180,213,192,112,33,86,165,158,,,320,286,,,161,58,251,56,148,26,32,109,42,165,75,107,83,154,149,107,95,310,227,281,71,220,56,169,,327,,,b'\x11\xe8\xe1I\xc9\x9b\xe6\xd0\xaf\x82\x12\xdf\x17\xaeN\x1e'
11E8E149-C99B-E6D0-AF82-12DF17AE4E1E,2014-ncaa-d0-natl,ncaa,303,282,297,303,316,331,317,334,230,315,305,245,230,243,153,143,342,328,341,327,255,335,335,214,265,292,182,110,315,306,234,322,281,331,261,242,66,134,297,221,336,312,79,39,,,88,266,,,292,339,317,174,325,303,322,285,276,191,197,336,315,313,329,314,271,312,318,194,233,322,53,,182,,,297,33,26,17,167,25,21,133,115,77,279,158,168,144,251,144,277,18,13,190,217,237,277,200,281,95,281,23,234,26,261,65,213,308,218,216,33,136,180,301,,,326,193,,,292,9,300,263,305,132,89,48,94,81,179,122,248,232,234,82,50,192,96,129,146,259,78,255,,295,,,b'\x11\xe8\xe1I\xc9\x9b\xe6\xd0\xaf\x82\x12\xdf\x17\xaeN\x1e'
11E8E149-C99B-E6D0-AF82-12DF17AE4E1E,2014-ncaa-d1-natl,ncaa,293,282,307,295,321,329,312,331,224,298,304,237,234,243,184,143,342,330,338,326,269,337,335,219,268,292,203,126,315,296,218,322,286,331,256,230,59,149,295,208,321,299,59,30,,,86,249,,,285,335,316,178,324,300,318,275,271,206,198,337,317,313,328,310,265,311,316,179,235,305,35,,167,,,286,34,30,21,163,30,34,125,113,77,268,147,164,145,220,147,256,18,18,170,197,214,264,194,267,124,286,24,218,33,256,72,206,292,212,207,36,133,219,312,,,328,208,,,285,14,302,246,295,119,88,54,98,93,162,108,223,211,218,82,55,207,94,129,143,247,78,273,,303,,,b'\x11\xe8\xe1I\xc9\x9b\xe6\xd0\xaf\x82\x12\xdf\x17\xaeN\x1e'
11E8E149-C99B-E6D0-AF82-12DF17AE4E1E,2015-ncaa-d0-natl,ncaa,253,209,322,249,323,341,336,323,330,334,301,325,260,248,277,155,339,335,281,334,286,331,342,323,328,306,182,153,242,306,292,266,150,299,265,283,68,20,130,152,343,330,105,61,,,13,101,,,236,342,322,46,334,324,255,304,224,228,191,325,307,306,279,311,263,121,201,232,78,335,64,,77,,,248,6,7,29,24,20,45,56,27,86,7,194,48,34,257,34,109,20,10,18,23,72,129,120,214,60,150,133,292,92,265,3,29,324,264,110,35,157,6,13,,,326,160,,,236,8,311,100,243,43,55,147,87,153,67,177,124,108,103,117,59,180,295,275,24,283,114,15,,261,,,b'\x11\xe8\xe1I\xc9\x9b\xe6\xd0\xaf\x82\x12\xdf\x17\xaeN\x1e'
11E8E149-C99B-E6D0-AF82-12DF17AE4E1E,2015-ncaa-d1-natl,ncaa,243,207,298,240,306,331,317,298,305,307,260,309,232,228,231,164,335,327,281,326,300,311,336,302,314,283,197,159,278,287,285,190,117,257,234,224,47,22,112,98,338,326,87,57,,,20,84,,,200,336,318,50,320,302,234,275,196,208,194,330,313,313,266,306,260,87,169,166,63,327,62,,67,,,201,9,10,57,16,29,68,40,33,129,5,217,49,47,197,46,98,35,18,10,11,42,117,123,190,93,117,187,285,145,234,3,29,301,250,94,50,146,9,12,,,314,194,,,200,15,298,50,195,28,38,153,66,143,64,195,99,93,92,117,67,168,288,254,19,270,104,15,,277,,,b'\x11\xe8\xe1I\xc9\x9b\xe6\xd0\xaf\x82\x12\xdf\x17\xaeN\x1e'
11E8E149-C99B-E6D0-AF82-12DF17AE4E1E,2016-ncaa-d0-natl,ncaa,346,338,287,346,294,347,344,343,328,345,332,333,255,261,221,118,347,349,136,349,349,345,345,314,330,340,155,82,325,349,349,312,286,347,348,301,63,140,327,275,328,303,283,228,,,30,115,,,342,336,324,93,348,346,344,345,318,223,213,348,348,348,349,342,349,285,348,276,233,318,272,,80,,,343,82,83,47,229,44,6,317,276,304,123,347,41,45,153,44,215,37,24,277,258,285,301,331,71,147,286,158,349,144,348,225,319,319,262,323,205,333,155,290,,,348,328,,,342,17,347,301,346,205,206,149,110,10,320,341,94,95,94,132,65,253,287,284,292,291,275,208,,348,,,b'\x11\xe8\xe1I\xc9\x9b\xe6\xd0\xaf\x82\x12\xdf\x17\xaeN\x1e'
11E8E149-C99B-E6D0-AF82-12DF17AE4E1E,2016-ncaa-d1-conf-ASUN,ncaa,8,8,5,8,6,8,8,8,8,8,6,8,7,7,7,6,8,8,2,8,8,8,8,8,8,8,6,5,5,8,8,6,5,8,8,8,3,7,8,8,7,7,5,4,,,1,4,,,8,8,7,2,8,8,8,7,6,6,6,8,8,8,8,8,8,6,8,8,7,7,5,,3,,,8,5,5,3,6,4,1,6,5,8,4,8,4,4,5,2,6,3,2,6,6,6,5,7,2,4,5,7,8,7,8,6,7,6,5,6,7,8,6,7,,,7,7,,,8,2,8,6,8,6,5,5,5,1,6,8,5,4,3,6,3,6,7,8,6,6,8,6,,7,,,b'\x11\xe8\xe1I\xc9\x9b\xe6\xd0\xaf\x82\x12\xdf\x17\xaeN\x1e'
11E8E149-C99B-E6D0-AF82-12DF17AE4E1E,2016-ncaa-d1-natl,ncaa,332,337,218,336,238,344,343,330,326,342,317,332,220,222,205,112,348,349,165,349,349,342,339,307,329,333,148,76,328,346,348,294,263,343,346,259,44,156,309,250,303,276,283,237,,,57,132,,,338,324,321,101,346,345,334,341,303,205,198,348,348,348,344,339,345,280,343,252,202,295,279,,92,,,338,119,122,84,216,54,4,316,295,324,108,347,55,63,169,62,215,57,36,272,249,276,302,331,74,156,263,230,348,209,346,246,314,282,229,299,241,326,225,301,,,347,337,,,338,27,346,283,341,189,189,124,95,8,312,339,90,89,83,107,56,208,282,270,273,266,268,251,,348,,,b'\x11\xe8\xe1I\xc9\x9b\xe6\xd0\xaf\x82\x12\xdf\x17\xaeN\x1e'
11E8E149-C99B-E6D0-AF82-12DF17AE4E1E,2017-ncaa-d0-natl,ncaa,267,247,291,270,311,331,334,330,306,299,225,321,329,338,214,313,256,219,286,220,183,322,328,318,313,306,247,286,57,327,325,304,276,328,328,299,142,87,232,249,157,108,190,88,,,90,174,,,300,320,209,255,324,321,309,258,143,324,329,204,153,158,289,293,317,257,316,278,185,106,158,,178,,,303,55,48,37,153,8,4,222,301,301,224,344,58,84,69,82,274,34,56,242,223,156,342,342,129,148,276,177,325,174,328,198,326,140,55,168,135,250,239,267,,,277,118,,,300,49,320,175,293,170,133,117,27,9,335,334,106,139,137,109,193,249,299,283,276,58,208,288,,220,,,b'\x11\xe8\xe1I\xc9\x9b\xe6\xd0\xaf\x82\x12\xdf\x17\xaeN\x1e'
11E8E149-C99B-E6D0-AF82-12DF17AE4E1E,2017-ncaa-d1-conf-ASUN,ncaa,5,5,5,5,7,7,8,7,7,8,4,7,8,8,4,7,5,5,4,5,5,7,8,7,6,7,5,7,2,7,6,6,5,5,6,7,6,2,5,5,6,6,2,1,,,3,3,,,6,8,4,7,7,8,7,7,3,8,7,3,4,4,7,8,7,5,5,7,4,5,1,,3,,,6,5,5,4,5,2,1,6,8,8,6,8,1,3,1,3,5,4,2,6,6,6,8,8,1,7,5,5,6,5,6,8,8,6,5,7,5,7,8,8,,,6,3,,,6,2,7,6,6,6,6,6,4,1,8,8,2,3,3,6,6,7,5,6,8,5,6,8,,5,,,b'\x11\xe8\xe1I\xc9\x9b\xe6\xd0\xaf\x82\x12\xdf\x17\xaeN\x1e'
11E8E149-C99B-E6D0-AF82-12DF17AE4E1E,2017-ncaa-d1-natl,ncaa,258,247,217,260,283,309,302,306,286,249,165,314,327,333,196,321,217,171,297,170,179,292,300,307,306,297,266,296,67,303,316,276,274,311,317,267,135,130,220,236,107,79,191,95,,,145,187,,,289,282,199,256,313,303,299,229,121,325,330,197,129,133,277,284,296,259,307,253,180,84,174,,194,,,290,86,79,65,151,14,6,219,315,317,214,341,83,110,66,112,280,58,115,231,211,137,343,340,131,194,274,234,316,219,317,228,320,90,47,146,163,242,262,248,,,234,119,,,289,97,310,150,278,149,118,107,24,6,328,334,107,139,138,100,195,243,278,275,267,53,206,285,,207,,,b'\x11\xe8\xe1I\xc9\x9b\xe6\xd0\xaf\x82\x12\xdf\x17\xaeN\x1e'
11E8E149-C99B-E6D0-AF82-12DF17AE4E1E,2018-ncaa-d0-natl,ncaa,332,336,242,337,285,316,315,269,325,296,195,340,263,287,165,258,266,219,318,216,189,271,268,325,325,318,169,174,118,266,288,336,347,332,345,337,321,192,261,329,237,239,273,267,,,178,207,,,344,257,143,278,318,318,245,295,153,242,275,251,175,169,242,211,238,345,338,340,251,212,262,,240,,,342,282,279,132,339,283,116,342,207,175,230,191,239,288,21,288,307,161,140,341,337,335,127,147,176,299,347,236,288,280,345,314,299,218,210,299,226,279,214,230,,,262,206,,,344,103,321,340,342,328,329,216,321,182,246,231,278,314,314,265,260,326,301,318,339,181,270,244,,220,,,b'\x11\xe8\xe1I\xc9\x9b\xe6\xd0\xaf\x82\x12\xdf\x17\xaeN\x1e'
11E8E149-C99B-E6D0-AF82-12DF17AE4E1E,2018-ncaa-d1-conf-ASUN,ncaa,8,8,5,8,6,7,8,7,8,8,5,8,4,4,4,4,7,7,4,6,5,7,8,7,7,7,4,3,3,6,6,8,8,8,8,8,6,3,5,7,7,8,3,3,,,6,5,,,8,7,3,4,7,8,7,8,5,4,4,5,5,5,7,8,6,8,8,8,4,7,3,,8,,,8,8,8,5,8,8,5,8,5,4,6,4,6,8,1,8,8,5,3,8,8,8,3,3,3,8,8,6,6,7,8,6,5,5,6,7,5,6,5,6,,,8,6,,,8,3,7,8,8,8,8,6,8,7,5,5,8,8,8,7,7,8,7,8,6,5,5,5,,7,,,b'\x11\xe8\xe1I\xc9\x9b\xe6\xd0\xaf\x82\x12\xdf\x17\xaeN\x1e'
11E8E149-C99B-E6D0-AF82-12DF17AE4E1E,2018-ncaa-d1-natl,ncaa,335,336,213,337,294,309,301,258,321,286,191,334,244,280,145,251,264,212,320,207,196,259,257,317,321,313,167,163,137,244,268,340,346,333,344,330,303,197,248,312,210,209,259,253,,,181,190,,,342,249,135,279,308,302,221,287,141,220,263,249,172,168,212,191,218,342,333,327,244,189,250,,230,,,342,289,283,134,339,289,108,341,198,196,198,204,235,290,25,288,305,172,164,339,337,331,124,147,175,311,346,246,268,285,344,316,287,194,192,284,221,262,215,218,,,262,215,,,342,107,312,339,342,327,318,215,319,164,236,238,262,307,306,264,262,326,297,319,334,161,260,238,,224,,,b'\x11\xe8\xe1I\xc9\x9b\xe6\xd0\xaf\x82\x12\xdf\x17\xaeN\x1e'
11E8E149-C99B-E6D0-AF82-12DF17AE4E1E,2019-ncaa-d0-natl,ncaa,310,324,173,320,226,312,326,311,311,325,314,290,241,182,309,119,188,142,295,143,22,301,246,304,297,326,73,153,31,279,283,182,206,230,247,291,130,337,346,335,290,300,193,201,,,151,163,,,328,214,160,254,330,342,340,339,328,239,179,169,122,124,331,250,288,164,246,301,333,290,182,,182,,,323,195,198,186,203,198,198,168,186,151,253,148,162,185,86,177,150,189,161,203,191,218,154,187,148,216,206,175,283,189,247,150,101,242,238,207,339,341,201,290,,,112,39,,,328,154,338,236,322,217,238,223,224,245,199,165,177,209,201,236,200,230,206,222,154,231,331,209,,78,,,b'\x11\xe8\xe1I\xc9\x9b\xe6\xd0\xaf\x82\x12\xdf\x17\xaeN\x1e'
11E8E149-C99B-E6D0-AF82-12DF17AE4E1E,2019-ncaa-d1-conf-ASUN,ncaa,8,8,5,8,7,8,8,9,8,8,8,8,7,5,9,5,5,4,7,4,1,8,8,9,8,8,3,4,1,9,9,4,6,7,8,9,7,6,8,8,9,9,2,3,,,6,6,,,8,7,7,7,9,9,9,8,7,7,5,4,3,4,9,8,9,3,8,9,6,9,2,,5,,,8,5,4,5,5,6,6,5,3,3,4,4,7,8,2,7,8,6,4,5,5,5,3,3,8,5,6,7,9,8,8,4,3,9,8,7,7,9,2,4,,,4,1,,,8,3,8,6,8,6,4,7,6,8,3,4,8,9,9,7,5,6,9,8,5,9,8,2,,2,,,b'\x11\xe8\xe1I\xc9\x9b\xe6\xd0\xaf\x82\x12\xdf\x17\xaeN\x1e'
11E8E149-C99B-E6D0-AF82-12DF17AE4E1E,2019-ncaa-d1-natl,ncaa,324,322,233,325,286,333,342,338,315,340,334,297,261,204,316,118,210,165,294,168,22,333,290,307,299,333,70,151,31,302,291,220,222,281,260,316,132,326,346,338,311,310,204,205,,,128,169,,,331,270,168,252,334,344,341,340,328,238,182,176,124,128,333,257,293,176,253,314,333,296,185,,182,,,329,152,163,140,215,169,166,180,167,120,268,143,138,164,89,156,152,139,102,223,208,237,151,186,154,190,222,139,291,149,260,129,102,270,247,218,329,341,190,301,,,146,38,,,331,95,341,249,328,229,241,226,234,251,205,164,181,215,208,240,195,239,207,232,164,243,334,215,,81,,,b'\x11\xe8\xe1I\xc9\x9b\xe6\xd0\xaf\x82\x12\xdf\x17\xaeN\x1e'
11E8E149-C99B-E6D0-AF82-12DF17AE4E1E,2020-ncaa-d0-natl,ncaa,328,329,191,330,257,318,340,346,242,334,340,180,206,173,260,71,227,241,162,224,28,342,306,216,194,287,56,112,59,344,338,230,194,321,284,278,87,316,346,309,325,327,158,149,,,45,47,,,342,265,222,325,335,346,351,342,342,199,166,210,222,203,350,328,345,218,335,277,326,324,153,,44,,,341,292,294,201,327,242,138,308,325,284,338,283,122,107,218,108,150,183,108,340,334,345,241,306,57,156,194,109,338,116,284,310,257,312,308,339,313,340,33,171,,,171,46,,,342,104,321,341,338,313,315,243,254,156,336,296,144,128,130,228,134,174,128,145,324,306,313,37,,150,,,b'\x11\xe8\xe1I\xc9\x9b\xe6\xd0\xaf\x82\x12\xdf\x17\xaeN\x1e'
11E8E149-C99B-E6D0-AF82-12DF17AE4E1E,2020-ncaa-d1-conf-ASUN,ncaa,9,9,9,9,9,9,9,9,9,9,8,7,7,5,9,4,9,9,7,9,3,9,9,9,9,9,5,5,1,8,7,9,5,8,7,9,2,9,9,9,8,8,6,5,,,2,4,,,9,9,7,7,9,9,9,8,8,7,4,8,7,6,9,8,7,6,8,7,9,8,6,,4,,,9,5,6,1,7,6,4,8,5,4,7,4,3,3,5,3,4,2,1,7,7,8,3,5,4,3,5,2,7,2,7,5,5,9,9,9,8,9,2,7,,,7,2,,,9,1,9,8,9,7,8,6,7,5,5,4,5,4,4,7,4,4,4,4,8,9,9,2,,4,,,b'\x11\xe8\xe1I\xc9\x9b\xe6\xd0\xaf\x82\x12\xdf\x17\xaeN\x1e'
11E8E149-C99B-E6D0-AF82-12DF17AE4E1E,2020-ncaa-d1-natl,ncaa,332,329,257,334,318,335,347,351,254,343,345,188,220,188,263,72,242,261,165,247,26,347,336,226,205,293,54,110,58,348,338,267,199,342,289,300,89,312,347,315,334,330,168,151,,,29,49,,,343,309,228,325,338,346,351,343,343,201,165,214,222,205,350,329,346,224,335,283,329,328,154,,44,,,344,279,286,162,328,224,106,312,324,268,339,280,111,95,222,96,150,143,58,342,335,347,240,306,56,134,199,81,338,84,289,304,258,325,313,341,305,342,30,179,,,206,44,,,343,55,327,345,342,317,319,248,263,155,337,295,148,131,131,233,131,177,132,150,327,310,316,39,,149,,,b'\x11\xe8\xe1I\xc9\x9b\xe6\xd0\xaf\x82\x12\xdf\x17\xaeN\x1e'
11E8E149-C99B-E6D0-AF82-12DF17AE4E1E,2021-ncaa-d0-natl,ncaa,290,250,273,298,275,291,301,289,305,308,308,283,214,200,267,52,227,240,119,241,32,288,281,281,258,285,37,83,37,303,297,210,249,255,244,300,199,148,311,320,308,323,135,129,,,106,241,,,248,276,178,115,302,322,322,331,329,155,93,131,159,149,306,246,300,31,117,309,304,314,89,,260,,,256,71,69,98,20,75,125,12,80,77,137,94,81,114,11,118,150,93,78,22,18,43,204,176,187,195,249,84,297,107,244,62,127,289,291,192,110,243,96,262,,,247,64,,,248,68,309,90,252,112,110,292,121,307,144,150,157,230,238,305,273,329,230,308,109,260,228,158,,106,,,b'\x11\xe8\xe1I\xc9\x9b\xe6\xd0\xaf\x82\x12\xdf\x17\xaeN\x1e'
11E8E149-C99B-E6D0-AF82-12DF17AE4E1E,2021-ncaa-d1-conf-America East,ncaa,7,9,5,9,5,5,6,6,7,7,7,6,2,2,5,1,4,4,1,4,1,6,5,6,5,5,1,2,3,7,10,4,8,5,10,6,6,8,8,8,7,10,3,4,,,7,6,,,8,5,1,1,6,8,9,10,10,2,2,2,3,3,9,6,10,1,3,7,9,10,2,,9,,,8,7,7,8,4,6,9,2,7,6,8,5,6,7,2,8,5,8,7,6,3,6,7,8,3,9,8,7,10,7,10,8,5,6,10,8,5,4,8,8,,,4,2,,,8,6,6,7,6,8,7,10,7,10,9,7,6,8,9,10,10,10,9,10,7,9,4,5,,2,,,b'\x11\xe8\xe1I\xc9\x9b\xe6\xd0\xaf\x82\x12\xdf\x17\xaeN\x1e'
11E8E149-C99B-E6D0-AF82-12DF17AE4E1E,2021-ncaa-d1-natl,ncaa,296,250,281,303,283,296,306,296,309,311,308,288,222,207,267,53,241,255,119,256,31,296,288,285,265,292,36,83,37,305,302,228,255,266,254,306,203,134,312,321,310,326,147,130,,,94,242,,,256,285,182,115,307,326,328,333,330,155,95,132,162,154,309,252,302,34,123,314,302,316,91,,260,,,263,66,64,88,20,68,114,14,76,70,141,91,75,105,11,109,149,88,70,22,19,46,199,175,189,183,255,77,302,99,254,59,130,293,292,202,102,247,94,269,,,258,67,,,256,59,311,97,259,117,115,294,127,311,144,151,156,234,240,306,271,328,230,311,111,269,233,161,,105,,,b'\x11\xe8\xe1I\xc9\x9b\xe6\xd0\xaf\x82\x12\xdf\x17\xaeN\x1e'
11E8E149-C99B-E6D0-AF82-12DF17AE4E1E,2022-ncaa-d0-natl,ncaa,158,180,112,170,116,238,228,261,164,200,237,129,259,247,270,203,209,184,271,184,125,254,216,189,199,262,249,243,147,235,195,118,279,163,171,302,334,312,329,338,337,348,28,39,,,234,211,,,233,194,306,57,308,304,348,242,280,280,265,240,211,212,342,313,268,119,201,339,287,348,23,,201,,,231,126,119,242,32,158,293,12,81,78,130,37,227,211,284,222,124,242,214,20,26,68,122,85,273,329,279,92,195,191,171,128,157,245,284,196,249,266,288,314,,,99,30,,,233,178,275,115,223,79,81,224,135,312,59,54,206,181,197,222,174,310,37,155,101,280,222,285,,99,,,b'\x11\xe8\xe1I\xc9\x9b\xe6\xd0\xaf\x82\x12\xdf\x17\xaeN\x1e'
11E8E149-C99B-E6D0-AF82-12DF17AE4E1E,2022-ncaa-d1-conf-America East,ncaa,5,5,4,5,4,5,6,6,5,6,6,5,7,6,8,5,3,4,8,4,4,6,6,7,6,6,6,5,5,7,6,1,9,3,5,8,10,8,6,10,10,10,1,2,,,7,6,,,6,6,4,1,5,6,6,6,6,7,7,6,4,5,7,6,6,1,2,9,7,10,1,,7,,,6,9,7,9,1,6,10,1,5,5,5,2,10,10,9,10,5,9,8,1,1,5,8,3,8,10,9,6,6,8,5,5,4,9,10,8,7,6,6,7,,,2,2,,,6,6,6,6,5,6,6,9,6,10,5,5,9,9,9,9,9,10,6,8,5,10,6,6,,3,,,b'\x11\xe8\xe1I\xc9\x9b\xe6\xd0\xaf\x82\x12\xdf\x17\xaeN\x1e'
11E8E149-C99B-E6D0-AF82-12DF17AE4E1E,2022-ncaa-d1-natl,ncaa,176,180,146,186,155,273,271,303,178,238,268,141,272,259,281,207,237,211,270,211,122,294,265,201,209,276,243,242,137,263,208,149,285,203,187,323,340,299,334,341,346,350,32,41,,,203,219,,,250,249,313,49,316,317,349,256,280,280,269,244,212,212,343,325,281,135,220,345,287,349,24,,206,,,250,103,93,208,35,140,283,17,66,61,139,36,208,193,291,203,123,202,164,24,33,83,119,84,272,319,285,54,208,154,187,119,159,279,288,209,219,274,282,321,,,117,26,,,250,125,284,134,243,87,90,225,151,312,60,54,214,188,202,223,169,312,39,162,109,288,226,288,,97,,,b'\x11\xe8\xe1I\xc9\x9b\xe6\xd0\xaf\x82\x12\xdf\x17\xaeN\x1e'
11E8E149-C99B-E6D0-AF82-12DF17AE4E1E,2023-ncaa-d0-natl,ncaa,195,188,236,201,243,261,239,293,170,220,236,187,249,265,192,221,270,229,309,225,191,288,282,186,207,225,250,217,211,196,145,261,254,248,189,293,304,175,261,278,320,309,127,142,,,87,162,,,225,295,311,50,256,232,291,191,198,238,255,252,198,199,276,261,169,242,224,289,233,315,109,,124,,,223,85,102,95,201,194,235,116,33,15,282,11,148,142,190,130,106,95,65,152,160,215,39,40,206,180,254,51,145,75,189,45,47,299,272,201,59,128,328,348,,,289,256,,,225,59,222,246,237,153,188,145,257,317,41,14,196,190,184,146,79,243,90,145,68,296,102,348,,278,,,b'\x11\xe8\xe1I\xc9\x9b\xe6\xd0\xaf\x82\x12\xdf\x17\xaeN\x1e'
11E8E149-C99B-E6D0-AF82-12DF17AE4E1E,2023-ncaa-d1-conf-America East,ncaa,5,5,5,5,6,5,6,7,5,6,5,5,5,6,4,7,4,4,5,4,2,6,6,5,5,5,5,6,3,5,3,6,7,5,5,6,8,5,6,6,7,6,3,5,,,5,6,,,6,6,3,3,3,5,4,5,3,5,5,3,3,3,3,3,3,7,4,6,7,5,2,,7,,,6,8,7,5,7,7,8,3,5,1,9,1,8,8,6,8,5,6,4,5,7,9,3,3,7,7,7,3,3,4,5,4,3,8,9,7,2,3,8,9,,,7,6,,,6,3,5,9,6,8,7,7,9,9,5,2,8,8,8,9,6,6,5,5,5,9,2,8,,6,,,b'\x11\xe8\xe1I\xc9\x9b\xe6\xd0\xaf\x82\x12\xdf\x17\xaeN\x1e'
11E8E149-C99B-E6D0-AF82-12DF17AE4E1E,2023-ncaa-d1-natl,ncaa,219,186,310,218,313,299,280,333,184,256,264,195,262,285,198,223,291,255,311,255,186,324,331,192,216,237,250,221,208,232,153,299,264,294,207,314,308,146,267,291,336,319,142,145,,,60,165,,,254,339,313,47,269,240,297,199,202,240,260,257,202,201,288,272,182,253,238,302,235,324,112,,128,,,255,59,77,51,220,167,206,129,28,8,292,8,129,124,196,113,111,48,26,174,184,240,37,42,209,154,264,28,153,46,207,28,47,332,285,213,48,129,324,349,,,312,256,,,254,20,236,274,267,167,203,149,268,320,44,13,204,198,193,156,81,248,95,149,75,307,104,349,,282,,,b'\x11\xe8\xe1I\xc9\x9b\xe6\xd0\xaf\x82\x12\xdf\x17\xaeN\x1e'
11E8E149-C99B-E6D0-AF82-12DF17AE4E1E,2024-ncaa-d0-natl,ncaa,225,228,196,234,206,280,268,273,253,206,176,255,321,318,299,301,221,212,251,209,197,269,238,276,276,302,300,304,102,148,96,197,298,179,183,345,358,286,319,348,221,213,33,25,,,87,93,,,248,261,276,95,309,293,303,202,142,321,323,215,196,188,283,226,130,172,150,355,304,208,17,,103,,,248,90,133,171,119,224,271,89,34,39,105,23,108,168,5,169,116,168,132,73,54,94,19,37,152,300,298,74,96,163,183,134,170,257,244,216,275,303,278,287,,,214,177,,,248,97,290,163,247,117,169,218,261,328,34,39,125,188,192,225,186,323,102,220,157,245,287,310,,200,,,b'\x11\xe8\xe1I\xc9\x9b\xe6\xd0\xaf\x82\x12\xdf\x17\xaeN\x1e'
11E8E149-C99B-E6D0-AF82-12DF17AE4E1E,2024-ncaa-d1-conf-America East,ncaa,7,7,5,7,5,7,8,6,8,7,4,8,7,7,7,8,4,2,7,3,2,7,2,7,7,8,5,8,2,3,4,6,9,3,6,9,9,9,9,9,7,7,1,3,,,8,6,,,9,3,2,1,7,9,5,8,3,7,7,3,2,2,6,1,3,4,3,9,9,6,1,,8,,,9,9,9,9,6,8,9,6,7,6,8,4,6,8,1,8,7,9,8,7,6,8,6,6,3,9,9,4,4,6,6,9,8,8,8,9,8,7,8,8,,,4,4,,,9,5,8,9,9,9,9,9,8,9,7,7,7,8,8,9,9,9,6,7,8,8,8,8,,3,,,b'\x11\xe8\xe1I\xc9\x9b\xe6\xd0\xaf\x82\x12\xdf\x17\xaeN\x1e'
11E8E149-C99B-E6D0-AF82-12DF17AE4E1E,2024-ncaa-d1-natl,ncaa,243,230,254,247,269,318,312,326,266,258,206,270,333,335,308,304,251,240,257,235,200,318,293,291,287,315,298,306,94,181,113,248,304,226,201,358,360,267,327,356,254,236,34,25,,,61,103,,,273,315,285,88,321,306,314,216,150,327,326,218,200,193,291,240,142,192,166,359,309,230,17,,113,,,273,60,105,129,137,200,251,101,25,26,115,24,93,153,8,154,117,121,80,82,65,115,19,39,149,285,304,43,113,130,201,112,175,293,262,233,254,309,274,293,,,248,169,,,273,46,304,190,272,129,189,222,268,330,39,38,134,195,198,234,183,329,109,228,168,263,296,318,,201,,,b'\x11\xe8\xe1I\xc9\x9b\xe6\xd0\xaf\x82\x12\xdf\x17\xaeN\x1e'
11E8E149-C99B-E6D0-AF82-12DF17AE4E1E,2025-ncaa-d0-natl,genius_ncaa,246,249,194,261,216,200,169,206,125,220,289,76,103,98,149,52,344,312,352,305,242,226,250,102,151,146,133,53,352,278,292,206,333,248,316,210,261,99,163,182,220,230,58,76,,,147,152,,191,183,230,242,192,190,138,202,222,294,77,62,346,319,309,241,269,281,194,259,206,136,212,37,,167,,213,183,140,205,230,150,276,296,141,50,65,63,44,78,130,9,130,65,223,184,103,70,139,15,39,79,333,333,195,292,270,316,116,74,279,291,229,106,156,146,251,,,264,231,,279,183,124,174,215,187,181,248,295,312,344,55,78,100,149,147,280,227,344,220,305,143,279,139,161,,266,,276,b'\x11\xe8\xe1I\xc9\x9b\xe6\xd0\xaf\x82\x12\xdf\x17\xaeN\x1e'
11E8E149-C99B-E6D0-AF82-12DF17AE4E1E,2025-ncaa-d1-conf-America East,genius_ncaa,5,5,5,5,6,5,5,5,3,4,7,4,2,2,4,2,6,4,8,4,4,4,5,4,4,4,3,2,6,6,6,3,9,6,8,5,7,3,3,5,6,7,2,3,,,4,4,,6,6,4,1,3,3,3,1,5,7,2,2,5,5,4,1,2,5,1,3,5,4,6,1,,5,,6,6,9,9,9,4,9,9,3,3,5,4,2,6,5,6,5,2,9,8,3,3,4,3,3,3,9,9,9,6,9,8,8,6,9,9,9,5,5,4,4,,,6,7,,9,6,6,5,8,6,9,9,9,9,9,3,5,6,6,5,9,9,9,8,9,8,9,5,4,,5,,9,b'\x11\xe8\xe1I\xc9\x9b\xe6\xd0\xaf\x82\x12\xdf\x17\xaeN\x1e'
11E8E149-C99B-E6D0-AF82-12DF17AE4E1E,2025-ncaa-d1-natl,genius_ncaa,262,249,244,265,272,238,200,259,134,250,314,81,116,111,153,52,346,326,352,317,239,274,298,110,161,156,131,53,351,303,300,245,336,291,325,246,265,87,170,190,257,246,63,77,,,122,164,,178,202,277,247,181,206,153,226,237,296,80,64,345,321,309,259,275,289,200,272,222,139,228,38,,176,,221,204,113,184,202,166,265,282,155,38,50,72,43,61,113,9,113,65,186,133,110,82,156,15,38,75,326,336,150,300,244,325,97,75,304,304,240,89,161,132,256,,,288,226,,283,202,77,189,233,211,190,260,300,318,344,63,78,102,151,152,288,226,346,225,311,153,289,138,172,,265,,271,b'\x11\xe8\xe1I\xc9\x9b\xe6\xd0\xaf\x82\x12\xdf\x17\xaeN\x1e'
11E8E149-C99B-E6D0-AF82-12DF17AE4E1E,2026-ncaa-d0-natl,genius_ncaa,35,152,2,95,4,37,21,25,46,42,52,53,15,21,54,81,266,187,349,179,332,37,22,44,74,102,216,61,361,63,135,28,309,29,194,45,207,351,224,150,72,206,12,74,,,299,50,,245,114,19,308,97,154,86,227,134,261,69,127,358,348,345,292,303,209,156,169,122,181,198,35,,60,,118,127,354,359,361,112,358,363,65,258,251,192,21,285,317,53,316,57,360,359,80,65,115,38,70,109,363,309,315,135,358,194,334,139,77,286,233,355,267,184,88,,,128,345,,223,114,349,104,189,123,133,198,263,255,346,59,39,95,131,130,258,191,336,59,199,160,271,250,52,,352,,318,b'\x11\xe8\xe1I\xc9\x9b\xe6\xd0\xaf\x82\x12\xdf\x17\xaeN\x1e'
11E8E149-C99B-E6D0-AF82-12DF17AE4E1E,2026-ncaa-d1-natl,genius_ncaa,38,152,2,113,6,45,25,37,55,51,80,66,24,31,57,84,314,256,354,244,339,55,37,47,80,118,197,58,361,92,169,35,326,41,221,55,227,344,245,172,111,248,14,81,,,263,56,,226,168,33,316,100,190,113,261,164,278,74,136,362,350,346,320,314,247,183,208,156,193,239,38,,71,,119,177,344,353,361,145,354,363,84,228,211,218,17,259,303,56,300,56,360,356,109,90,160,33,64,105,363,326,292,169,349,221,324,149,124,307,272,349,291,158,102,,,183,343,,245,168,339,122,236,174,167,229,279,282,350,62,38,109,136,135,272,187,345,61,218,193,291,262,57,,352,,318,b'\x11\xe8\xe1I\xc9\x9b\xe6\xd0\xaf\x82\x12\xdf\x17\xaeN\x1e'
11E8E149-C9A0-2E20-AF82-12DF17AE4E1E,2010-ncaa-d0-natl,ncaa,125,114,122,125,152,237,239,250,204,318,332,161,19,16,112,5,328,338,68,339,265,282,289,100,132,156,11,5,337,277,260,169,164,217,200,125,22,113,220,103,286,267,274,291,,,16,21,,,142,280,334,218,273,273,299,334,338,18,12,337,344,344,326,333,303,196,276,123,102,302,282,,11,,,142,41,108,161,91,138,230,44,133,74,289,91,5,9,48,10,7,113,78,92,42,90,60,206,18,159,164,111,260,115,200,108,146,292,273,248,196,260,116,290,,,340,339,,,142,71,174,111,142,26,78,130,118,227,114,49,7,15,15,58,17,144,84,88,97,317,186,115,,344,,,b'\x11\xe8\xe1I\xc9\xa0. \xaf\x82\x12\xdf\x17\xaeN\x1e'
11E8E149-C9A0-2E20-AF82-12DF17AE4E1E,2010-ncaa-d1-conf-Patriot,ncaa,3,3,3,3,3,3,3,4,2,7,8,2,1,1,1,1,7,8,3,8,6,5,6,1,1,2,1,1,8,7,5,3,3,5,4,3,2,4,6,3,6,7,8,8,,,1,1,,,3,5,7,6,3,3,6,8,8,1,1,8,8,8,6,8,7,4,6,3,3,8,8,,1,,,3,6,7,8,4,8,8,4,6,3,7,2,1,1,4,1,1,5,4,4,3,4,1,6,1,6,3,2,5,2,4,5,3,6,7,7,7,8,2,6,,,8,8,,,3,4,2,4,3,3,5,7,7,8,6,2,1,1,1,5,2,5,3,3,6,8,7,3,,8,,,b'\x11\xe8\xe1I\xc9\xa0. \xaf\x82\x12\xdf\x17\xaeN\x1e'
11E8E149-C9A0-2E20-AF82-12DF17AE4E1E,2010-ncaa-d1-natl,ncaa,132,114,134,133,167,251,255,269,209,328,336,165,20,18,114,5,333,343,70,343,266,303,317,101,132,160,11,4,338,291,262,190,168,239,209,128,21,98,222,105,297,273,281,292,,,6,21,,,152,310,334,214,280,278,300,337,340,18,12,338,344,344,329,333,302,199,280,127,103,308,281,,11,,,152,32,93,145,99,122,222,48,124,62,293,90,5,7,47,8,7,96,51,98,46,102,60,205,17,144,168,95,262,94,209,99,147,313,276,254,184,261,112,293,,,343,339,,,152,40,177,119,149,29,82,131,120,228,116,51,7,15,15,60,17,147,89,91,101,317,189,118,,344,,,b'\x11\xe8\xe1I\xc9\xa0. \xaf\x82\x12\xdf\x17\xaeN\x1e'
11E8E149-C9A0-2E20-AF82-12DF17AE4E1E,2011-ncaa-d0-natl,ncaa,85,83,77,91,99,200,196,217,167,301,326,154,18,20,65,6,328,323,259,323,233,253,276,89,128,130,13,3,336,174,141,88,29,120,44,88,15,57,124,44,286,268,174,182,,,6,11,,,96,295,342,213,273,257,303,331,339,15,19,338,339,339,328,337,232,131,186,101,33,312,195,,1,,,98,35,97,175,64,73,173,36,200,172,256,218,2,2,53,2,2,91,46,77,31,112,107,298,5,71,29,91,141,66,44,171,260,321,316,318,97,178,70,209,,,321,321,,,96,54,108,103,92,13,51,83,46,98,165,137,1,1,1,21,2,29,43,19,141,340,74,60,,342,,,b'\x11\xe8\xe1I\xc9\xa0. \xaf\x82\x12\xdf\x17\xaeN\x1e'
11E8E149-C9A0-2E20-AF82-12DF17AE4E1E,2011-ncaa-d1-conf-Patriot,ncaa,1,1,1,1,2,3,3,3,4,5,8,3,1,1,3,1,6,7,6,7,4,3,3,2,2,2,1,1,8,1,2,1,2,1,2,2,3,2,3,2,8,8,5,5,,,1,1,,,3,7,8,6,4,3,7,8,8,1,1,7,8,8,7,8,2,2,1,5,1,8,5,,1,,,3,2,5,8,2,5,8,2,5,5,6,3,1,1,2,1,1,8,4,2,1,4,2,8,1,4,2,2,2,3,2,6,5,8,8,8,3,3,2,4,,,5,5,,,3,3,2,4,3,2,3,3,3,7,4,3,1,1,1,3,1,4,2,2,4,8,2,2,,8,,,b'\x11\xe8\xe1I\xc9\xa0. \xaf\x82\x12\xdf\x17\xaeN\x1e'
11E8E149-C9A0-2E20-AF82-12DF17AE4E1E,2011-ncaa-d1-natl,ncaa,90,82,95,95,115,222,220,241,174,309,331,160,20,23,69,6,333,333,259,332,232,275,301,91,131,131,13,3,336,194,146,102,34,141,47,102,15,41,126,45,297,274,185,186,,,3,10,,,107,317,342,208,274,265,307,332,339,15,18,339,340,340,331,337,235,136,195,108,34,317,200,,2,,,107,22,80,146,68,65,149,37,189,157,256,215,1,1,57,1,2,66,27,81,35,117,104,297,4,49,34,68,146,44,47,160,261,333,318,321,87,181,68,217,,,332,319,,,107,32,112,109,98,14,54,85,50,102,166,138,1,2,2,21,2,31,39,19,144,342,75,62,,342,,,b'\x11\xe8\xe1I\xc9\xa0. \xaf\x82\x12\xdf\x17\xaeN\x1e'
11E8E149-C9A0-2E20-AF82-12DF17AE4E1E,2011-ncaa-d1-ncaatournament,ncaa,33,2,33,33,34,60,56,64,37,55,63,3,48,42,55,3,52,48,54,47,11,64,61,37,39,53,31,25,36,49,34,41,54,47,34,50,25,29,64,56,47,49,48,55,,,1,6,,,43,62,63,3,60,55,64,54,63,43,17,51,46,44,64,60,47,20,37,48,60,45,46,,2,,,46,4,10,27,14,18,27,19,6,19,5,26,1,2,1,2,2,21,15,8,1,8,1,15,1,34,54,2,34,16,34,6,7,60,60,52,29,62,11,48,,,63,60,,,43,1,54,28,51,8,31,55,45,58,8,29,1,2,2,46,23,61,6,36,9,60,56,22,,63,,,b'\x11\xe8\xe1I\xc9\xa0. \xaf\x82\x12\xdf\x17\xaeN\x1e'
11E8E149-C9A0-2E20-AF82-12DF17AE4E1E,2012-ncaa-d0-natl,ncaa,123,129,81,130,112,218,187,220,133,271,304,142,36,49,40,18,338,333,303,335,322,270,294,68,128,126,57,11,343,247,209,64,39,150,81,109,45,51,137,53,288,272,261,278,,,6,8,,,122,294,339,262,290,252,314,321,328,35,62,342,339,339,335,341,284,86,205,132,33,308,282,,1,,,120,32,94,206,32,117,205,50,94,196,23,225,7,4,295,2,1,129,60,28,15,76,37,189,13,110,39,92,209,89,81,110,166,330,330,300,105,194,8,44,,,331,331,,,122,59,134,82,106,10,43,122,71,138,80,162,2,1,1,44,4,61,40,37,77,340,86,7,,342,,,b'\x11\xe8\xe1I\xc9\xa0. \xaf\x82\x12\xdf\x17\xaeN\x1e'
11E8E149-C9A0-2E20-AF82-12DF17AE4E1E,2012-ncaa-d1-conf-Patriot,ncaa,2,2,1,2,1,3,4,4,3,6,8,3,1,1,2,1,8,7,8,8,5,5,5,2,3,1,1,1,8,8,7,1,1,1,1,3,4,4,4,3,5,6,8,8,,,2,1,,,3,4,8,3,5,5,8,8,8,1,1,8,8,8,8,8,8,2,2,5,3,7,8,,1,,,3,4,5,7,1,6,6,5,4,7,1,8,1,1,8,1,1,7,5,1,1,3,1,4,1,6,1,6,7,6,1,3,2,7,7,6,3,3,2,3,,,8,7,,,3,5,2,3,2,2,3,5,4,4,2,7,1,1,1,4,1,5,2,3,3,7,3,1,,8,,,b'\x11\xe8\xe1I\xc9\xa0. \xaf\x82\x12\xdf\x17\xaeN\x1e'
11E8E149-C9A0-2E20-AF82-12DF17AE4E1E,2012-ncaa-d1-natl,ncaa,128,129,90,135,129,242,209,248,139,298,313,153,41,59,43,18,340,337,303,337,321,295,318,73,132,131,56,11,343,264,219,76,42,166,89,125,46,37,140,58,304,281,268,281,,,4,8,,,131,319,339,262,295,260,316,322,328,36,61,342,339,339,338,341,288,87,210,143,32,312,286,,1,,,129,23,74,184,34,100,184,55,86,175,25,223,4,2,298,1,1,104,34,28,15,84,36,185,12,96,42,69,219,58,89,92,164,337,331,305,90,198,3,48,,,335,331,,,131,30,137,93,110,10,51,125,77,140,82,161,2,1,1,44,4,66,39,38,81,340,86,7,,342,,,b'\x11\xe8\xe1I\xc9\xa0. \xaf\x82\x12\xdf\x17\xaeN\x1e'
11E8E149-C9A0-2E20-AF82-12DF17AE4E1E,2012-ncaa-d1-ncaatournament,ncaa,33,2,33,33,34,60,55,47,57,58,54,50,40,35,50,5,63,64,1,64,64,56,64,52,55,52,26,6,63,58,62,41,18,52,55,47,30,4,10,19,55,54,59,60,,,8,16,,,47,62,62,5,60,54,30,58,53,18,4,63,64,64,54,64,57,20,46,40,4,53,57,,12,,,49,2,3,15,11,8,24,6,9,4,46,6,13,7,50,7,12,12,5,15,13,18,25,29,27,14,18,29,62,28,55,11,39,54,48,48,6,17,2,2,,,61,60,,,47,3,57,18,48,9,12,27,20,47,18,5,21,15,15,22,5,24,61,58,28,49,9,2,,61,,,b'\x11\xe8\xe1I\xc9\xa0. \xaf\x82\x12\xdf\x17\xaeN\x1e'
11E8E149-C9A0-2E20-AF82-12DF17AE4E1E,2013-ncaa-d0-natl,ncaa,72,86,41,82,45,158,145,156,134,266,316,88,16,15,81,12,328,284,342,284,140,186,211,66,120,114,31,10,342,180,210,88,64,117,120,88,45,82,123,59,155,136,276,280,,,27,31,,,72,213,339,79,250,222,282,319,332,21,21,342,321,322,312,329,247,168,220,100,53,201,303,,10,,,71,42,91,185,62,65,155,36,246,212,258,259,6,8,24,7,13,114,123,84,46,49,188,310,9,101,64,222,210,172,120,87,120,180,130,113,107,132,125,247,,,260,266,,,72,136,110,48,60,12,35,46,27,49,201,169,4,5,5,14,10,48,116,69,49,245,72,92,,325,,,b'\x11\xe8\xe1I\xc9\xa0. \xaf\x82\x12\xdf\x17\xaeN\x1e'
11E8E149-C9A0-2E20-AF82-12DF17AE4E1E,2013-ncaa-d1-conf-Patriot,ncaa,1,1,1,1,1,2,1,1,2,3,8,1,1,1,3,1,8,8,8,8,6,1,2,2,2,2,1,1,8,2,1,1,3,1,1,2,3,3,2,1,3,3,7,8,,,2,2,,,1,2,7,2,2,1,3,6,8,1,1,8,8,8,4,7,3,3,4,2,2,4,8,,1,,,1,2,3,6,1,2,6,1,6,5,6,5,1,1,2,1,1,5,5,1,1,1,6,8,1,4,3,4,1,5,1,2,4,3,4,3,4,3,5,7,,,6,8,,,1,6,1,1,1,1,1,3,1,2,5,4,1,1,1,2,2,3,2,2,2,6,2,5,,8,,,b'\x11\xe8\xe1I\xc9\xa0. \xaf\x82\x12\xdf\x17\xaeN\x1e'
11E8E149-C9A0-2E20-AF82-12DF17AE4E1E,2013-ncaa-d1-natl,ncaa,77,86,49,85,54,170,157,178,139,281,325,92,19,17,83,12,330,293,342,293,139,209,238,67,125,115,31,10,343,205,212,100,66,134,125,92,44,71,125,59,168,141,284,282,,,21,31,,,80,245,339,79,253,229,288,320,333,22,22,342,322,323,312,330,252,172,226,106,53,209,304,,10,,,79,32,81,169,64,55,127,38,242,206,260,258,4,8,28,6,13,83,93,93,46,55,186,310,9,86,66,206,212,155,125,78,122,195,136,122,100,134,120,250,,,271,262,,,80,105,114,55,67,12,39,47,29,50,204,171,4,5,5,15,11,49,118,70,55,250,71,90,,325,,,b'\x11\xe8\xe1I\xc9\xa0. \xaf\x82\x12\xdf\x17\xaeN\x1e'
11E8E149-C9A0-2E20-AF82-12DF17AE4E1E,2013-ncaa-d1-ncaatournament,ncaa,33,2,33,33,35,62,62,63,48,61,62,46,40,41,40,8,56,47,63,47,11,63,53,42,50,60,12,9,52,59,58,44,42,54,56,51,23,33,64,63,46,35,43,50,,,9,17,,,50,45,27,7,62,62,62,61,61,23,19,55,41,41,62,46,59,33,52,50,64,35,42,,21,,,53,6,6,18,21,12,23,18,8,6,19,11,15,14,47,13,16,15,21,17,20,9,18,15,38,22,42,11,58,16,56,3,5,34,11,4,38,63,16,56,,,53,53,,,50,20,63,10,55,16,20,30,36,50,9,8,27,25,21,27,41,42,41,40,5,9,63,37,,51,,,b'\x11\xe8\xe1I\xc9\xa0. \xaf\x82\x12\xdf\x17\xaeN\x1e'
11E8E149-C9A0-2E20-AF82-12DF17AE4E1E,2014-ncaa-d0-natl,ncaa,39,27,85,34,98,125,110,173,56,264,324,42,9,19,20,8,325,294,339,286,116,199,254,15,47,24,25,4,345,170,140,60,38,90,52,49,32,12,30,11,291,282,264,277,,,13,9,,,45,279,344,133,163,140,251,306,337,7,22,339,319,317,289,331,197,53,109,42,6,307,284,,5,,,41,49,100,201,42,100,189,58,154,214,60,232,22,18,164,23,20,157,95,39,26,91,103,226,38,97,38,125,140,117,52,118,180,335,334,296,13,20,74,208,,,196,111,,,45,100,18,90,27,27,52,138,65,137,127,183,13,14,16,65,13,66,80,56,85,342,6,53,,264,,,b'\x11\xe8\xe1I\xc9\xa0. \xaf\x82\x12\xdf\x17\xaeN\x1e'
11E8E149-C9A0-2E20-AF82-12DF17AE4E1E,2014-ncaa-d1-conf-Patriot,ncaa,2,1,3,2,3,3,2,7,2,8,10,3,1,1,1,1,8,5,9,5,3,8,8,1,1,1,1,1,10,3,2,1,3,1,1,2,3,2,4,1,6,6,9,10,,,1,1,,,1,9,10,3,3,2,7,8,10,1,1,8,5,5,8,8,4,1,2,2,3,7,9,,1,,,1,2,4,6,2,5,5,4,1,8,1,8,1,1,9,1,1,6,3,1,1,2,2,3,2,4,3,2,2,5,1,2,2,10,9,7,3,3,5,9,,,5,3,,,1,3,1,2,1,2,3,5,5,5,1,7,1,1,1,4,3,3,2,3,2,10,3,5,,4,,,b'\x11\xe8\xe1I\xc9\xa0. \xaf\x82\x12\xdf\x17\xaeN\x1e'
11E8E149-C9A0-2E20-AF82-12DF17AE4E1E,2014-ncaa-d1-natl,ncaa,42,27,100,35,114,147,129,197,58,280,330,44,11,22,22,8,331,305,341,298,116,227,283,17,48,26,24,4,346,183,146,68,40,104,54,55,33,6,32,11,302,284,270,280,,,8,10,,,48,308,345,131,169,146,254,309,337,9,25,340,319,317,291,333,203,58,114,45,6,309,287,,5,,,47,34,86,183,45,84,173,62,140,198,63,230,15,15,169,17,21,125,62,42,27,101,101,225,37,83,40,104,146,89,54,110,182,341,334,300,7,20,68,215,,,220,110,,,48,67,18,100,30,27,53,140,73,137,125,182,13,14,16,66,13,67,81,58,89,342,6,55,,269,,,b'\x11\xe8\xe1I\xc9\xa0. \xaf\x82\x12\xdf\x17\xaeN\x1e'
11E8E149-C9A0-2E20-AF82-12DF17AE4E1E,2015-ncaa-d0-natl,ncaa,151,131,172,155,211,302,295,233,318,343,338,316,41,30,146,8,348,349,223,349,328,286,304,246,282,260,18,3,345,167,169,278,275,239,243,209,52,63,164,138,93,42,262,254,,,22,80,,,155,322,344,187,325,317,251,348,334,30,19,347,348,348,318,329,165,293,256,202,86,70,265,,25,,,155,13,24,56,49,71,90,120,11,79,4,160,20,13,266,14,48,35,37,31,27,33,36,59,111,180,275,151,169,165,243,54,180,209,132,116,91,173,112,263,,,344,337,,,155,30,238,62,151,9,25,45,81,92,14,78,33,18,22,19,15,206,176,195,73,215,117,118,,348,,,b'\x11\xe8\xe1I\xc9\xa0. \xaf\x82\x12\xdf\x17\xaeN\x1e'
11E8E149-C9A0-2E20-AF82-12DF17AE4E1E,2015-ncaa-d1-conf-Patriot,ncaa,3,4,3,4,5,8,9,4,9,9,9,9,1,1,5,1,10,10,10,10,10,7,8,7,9,7,1,1,10,3,4,8,10,6,8,6,4,3,3,3,3,2,9,9,,,2,5,,,5,10,10,4,10,9,5,10,10,1,1,10,10,10,7,8,3,8,7,7,3,3,9,,3,,,5,1,2,3,2,5,5,5,1,3,1,4,1,2,3,2,4,3,3,2,1,1,1,2,4,9,10,6,4,8,8,3,5,6,5,5,4,4,4,8,,,10,10,,,5,1,7,4,6,1,3,3,4,5,1,3,1,1,1,2,2,8,7,8,3,5,3,5,,10,,,b'\x11\xe8\xe1I\xc9\xa0. \xaf\x82\x12\xdf\x17\xaeN\x1e'
11E8E149-C9A0-2E20-AF82-12DF17AE4E1E,2015-ncaa-d1-natl,ncaa,142,130,143,148,178,295,297,238,317,345,333,307,41,30,163,8,347,346,255,346,298,277,300,248,285,261,18,5,345,154,161,268,271,227,226,198,54,72,157,134,87,42,258,243,,,25,73,,,156,329,340,194,322,318,254,347,334,41,20,347,347,347,310,327,156,280,240,195,86,73,258,,23,,,156,15,32,61,49,70,109,115,19,86,6,165,23,14,260,15,48,32,38,36,30,37,40,71,107,183,271,165,161,181,226,60,175,209,135,124,100,174,103,257,,,342,333,,,156,24,232,62,152,14,28,47,79,95,17,85,33,18,25,23,17,200,170,189,71,215,114,112,,348,,,b'\x11\xe8\xe1I\xc9\xa0. \xaf\x82\x12\xdf\x17\xaeN\x1e'
11E8E149-C9A0-2E20-AF82-12DF17AE4E1E,2016-ncaa-d0-natl,ncaa,177,156,240,179,230,324,304,250,310,320,304,305,128,104,229,40,348,346,346,348,345,292,312,286,316,300,121,29,348,173,175,316,288,290,279,209,59,33,137,121,95,26,298,274,,,21,79,,,181,328,344,2,331,300,200,324,279,102,66,349,346,346,282,311,147,321,280,185,68,56,294,,34,,,181,11,25,25,104,30,23,163,71,107,48,263,9,7,234,6,38,15,31,107,78,38,105,206,54,138,288,153,175,139,279,74,228,120,29,70,66,164,135,229,,,344,338,,,181,24,276,56,180,21,49,36,52,33,93,155,14,11,11,14,33,194,237,220,102,62,109,163,,343,,,b'\x11\xe8\xe1I\xc9\xa0. \xaf\x82\x12\xdf\x17\xaeN\x1e'
11E8E149-C9A0-2E20-AF82-12DF17AE4E1E,2016-ncaa-d1-conf-Patriot,ncaa,6,6,7,6,7,10,9,9,9,10,10,7,6,4,7,1,10,10,10,10,10,10,10,6,10,9,5,1,10,4,4,10,8,10,5,6,1,2,5,4,4,3,10,9,,,1,2,,,6,10,10,3,10,8,6,10,10,5,2,10,10,10,9,9,4,10,8,6,4,4,10,,1,,,6,1,2,1,5,2,1,7,2,4,2,9,1,1,9,1,1,1,1,6,5,2,3,7,2,4,8,3,4,3,5,3,7,3,2,3,3,3,2,6,,,10,10,,,6,1,9,4,6,2,4,2,4,1,3,6,1,1,1,1,1,6,4,4,5,3,3,2,,10,,,b'\x11\xe8\xe1I\xc9\xa0. \xaf\x82\x12\xdf\x17\xaeN\x1e'
11E8E149-C9A0-2E20-AF82-12DF17AE4E1E,2016-ncaa-d1-natl,ncaa,174,156,218,169,209,324,292,232,310,323,296,308,113,87,224,40,349,346,346,348,347,291,315,285,321,293,115,26,348,162,175,323,284,288,276,198,50,30,126,107,80,24,304,287,,,25,78,,,177,336,345,3,327,290,183,323,279,91,60,349,346,346,276,311,136,321,271,164,68,49,300,,38,,,177,6,20,20,109,36,25,163,70,105,54,251,9,8,206,7,38,7,20,108,78,37,104,202,57,144,284,188,175,165,276,68,228,111,30,71,77,171,122,222,,,345,339,,,177,15,269,58,177,20,48,35,54,39,92,149,16,14,14,14,36,197,244,226,108,62,117,153,,343,,,b'\x11\xe8\xe1I\xc9\xa0. \xaf\x82\x12\xdf\x17\xaeN\x1e'
11E8E149-C9A0-2E20-AF82-12DF17AE4E1E,2017-ncaa-d0-natl,ncaa,41,64,45,60,46,87,64,37,162,143,116,227,15,25,25,48,340,325,326,324,342,64,83,102,171,117,80,13,349,130,242,107,212,107,257,44,69,73,38,31,25,22,151,199,,,69,26,,,84,78,240,72,141,94,46,215,201,19,42,348,344,343,127,219,186,197,202,53,31,27,189,,25,,,87,180,207,272,90,184,283,43,213,165,283,120,93,76,243,67,40,244,281,91,75,51,142,219,88,280,212,335,242,328,257,268,282,52,64,135,152,91,176,130,,,239,327,,,84,274,122,59,85,65,100,146,102,214,150,89,60,47,45,86,141,199,301,271,193,84,89,122,,330,,,b'\x11\xe8\xe1I\xc9\xa0. \xaf\x82\x12\xdf\x17\xaeN\x1e'
11E8E149-C9A0-2E20-AF82-12DF17AE4E1E,2017-ncaa-d1-conf-Patriot,ncaa,2,2,1,2,2,2,1,1,5,6,2,6,1,1,2,2,10,10,10,10,10,1,2,3,6,4,4,1,10,2,4,2,7,3,5,1,3,2,1,2,2,2,5,5,,,1,1,,,2,3,9,8,4,2,1,6,6,1,1,10,10,10,3,6,3,4,4,2,2,2,5,,1,,,2,3,4,8,3,3,7,1,7,6,7,5,1,1,8,1,1,7,8,3,3,1,6,8,2,7,7,10,4,10,5,7,9,2,2,3,2,1,6,4,,,9,10,,,2,6,2,1,2,1,1,4,2,6,6,4,1,1,1,3,3,7,9,8,5,2,2,6,,10,,,b'\x11\xe8\xe1I\xc9\xa0. \xaf\x82\x12\xdf\x17\xaeN\x1e'
11E8E149-C9A0-2E20-AF82-12DF17AE4E1E,2017-ncaa-d1-natl,ncaa,43,64,27,63,28,81,54,32,156,131,103,210,14,24,30,52,342,318,331,317,340,48,68,102,168,117,85,14,349,131,255,83,182,92,254,33,65,80,39,29,22,20,127,182,,,63,23,,,72,61,222,75,135,89,47,204,195,21,43,347,343,341,109,206,195,183,197,46,30,25,166,,21,,,76,175,204,280,86,190,298,38,203,158,285,107,89,76,217,70,41,258,294,88,65,42,129,213,95,270,182,337,255,334,254,281,293,43,64,131,167,104,156,119,,,225,323,,,72,289,121,49,77,65,96,142,100,221,137,78,61,53,47,81,149,183,307,270,196,75,100,111,,321,,,b'\x11\xe8\xe1I\xc9\xa0. \xaf\x82\x12\xdf\x17\xaeN\x1e'
11E8E149-C9A0-2E20-AF82-12DF17AE4E1E,2018-ncaa-d0-natl,ncaa,38,31,73,39,94,133,109,70,209,157,168,168,57,38,167,46,329,328,212,322,338,100,111,159,212,173,122,48,346,164,250,61,102,80,182,68,42,126,91,65,27,21,74,89,,,74,32,,,44,101,173,231,186,139,73,220,224,68,45,341,342,341,146,198,206,69,107,64,90,27,87,,35,,,40,25,29,197,5,43,230,4,75,125,46,123,53,65,103,60,48,168,246,6,5,2,161,189,166,218,102,307,250,299,182,49,164,35,28,17,193,168,204,200,,,280,333,,,44,247,187,3,40,6,12,98,16,164,51,86,32,40,39,64,162,162,274,248,34,38,157,189,,334,,,b'\x11\xe8\xe1I\xc9\xa0. \xaf\x82\x12\xdf\x17\xaeN\x1e'
11E8E149-C9A0-2E20-AF82-12DF17AE4E1E,2018-ncaa-d1-conf-Patriot,ncaa,3,3,1,3,2,3,2,1,6,4,4,4,1,1,7,1,10,10,7,10,10,1,1,6,7,4,6,2,10,4,6,3,6,2,7,2,2,5,4,2,1,1,3,3,,,2,1,,,3,1,3,7,6,3,2,6,5,2,1,10,10,10,4,4,6,3,4,2,2,1,3,,1,,,3,1,2,8,1,3,8,1,5,6,1,6,3,2,6,2,3,7,9,1,2,1,5,6,4,9,6,10,6,10,7,3,6,1,1,1,5,5,4,4,,,9,10,,,3,10,5,1,3,1,1,6,2,4,5,6,2,1,1,2,8,8,9,9,2,1,5,4,,10,,,b'\x11\xe8\xe1I\xc9\xa0. \xaf\x82\x12\xdf\x17\xaeN\x1e'
11E8E149-C9A0-2E20-AF82-12DF17AE4E1E,2018-ncaa-d1-natl,ncaa,35,31,53,38,78,121,97,61,211,163,172,163,50,33,170,42,330,330,213,326,339,92,93,156,210,171,118,47,345,153,253,61,119,74,196,52,42,126,86,59,22,15,79,91,,,56,26,,,41,85,171,236,185,131,72,216,229,67,37,345,342,342,140,195,202,84,119,59,89,25,94,,29,,,43,21,34,206,5,43,239,7,78,122,57,124,47,55,114,52,45,173,269,9,8,3,155,187,147,215,119,316,253,307,196,67,184,30,24,21,201,168,209,203,,,285,340,,,41,263,182,4,44,7,13,95,19,161,57,88,30,36,33,62,162,168,274,253,51,36,160,184,,336,,,b'\x11\xe8\xe1I\xc9\xa0. \xaf\x82\x12\xdf\x17\xaeN\x1e'
11E8E149-C9A0-2E20-AF82-12DF17AE4E1E,2019-ncaa-d0-natl,ncaa,266,245,292,266,308,339,329,265,345,298,229,329,315,227,348,176,346,337,314,339,337,292,304,345,349,344,287,239,283,123,114,326,240,274,230,333,252,152,219,304,56,10,320,301,,,77,206,,,258,322,273,272,342,322,146,277,139,304,180,342,320,321,211,183,56,315,197,322,229,22,314,,161,,,260,9,16,12,181,33,29,133,44,27,239,110,37,49,59,53,146,9,28,166,147,49,137,161,149,52,240,142,114,96,230,110,313,91,14,62,77,180,110,137,,,335,332,,,258,31,339,48,260,40,58,26,82,71,79,46,79,108,112,21,83,133,282,239,182,40,182,167,,325,,,b'\x11\xe8\xe1I\xc9\xa0. \xaf\x82\x12\xdf\x17\xaeN\x1e'
11E8E149-C9A0-2E20-AF82-12DF17AE4E1E,2019-ncaa-d1-conf-Patriot,ncaa,9,8,7,9,9,10,10,6,10,10,5,10,10,5,10,3,10,9,9,10,10,8,9,10,10,10,10,9,9,2,4,10,9,6,7,10,9,8,9,9,2,1,8,7,,,4,8,,,8,8,5,7,10,10,2,8,3,10,4,10,9,9,6,5,2,9,5,10,9,1,7,,8,,,8,2,2,1,8,4,2,6,2,1,9,1,4,4,3,4,5,2,3,7,7,4,2,4,5,5,9,7,4,7,7,7,9,2,1,3,8,8,3,5,,,10,9,,,8,3,10,4,8,5,5,1,6,5,3,1,4,5,6,2,6,6,9,9,8,1,8,5,,10,,,b'\x11\xe8\xe1I\xc9\xa0. \xaf\x82\x12\xdf\x17\xaeN\x1e'
11E8E149-C9A0-2E20-AF82-12DF17AE4E1E,2019-ncaa-d1-natl,ncaa,266,245,314,264,333,344,331,270,343,308,244,327,304,209,346,161,340,330,315,333,329,292,298,346,348,343,267,219,271,114,108,336,248,275,234,325,235,156,232,302,56,11,312,287,,,84,220,,,252,333,268,272,341,321,152,285,154,288,162,337,314,318,212,177,51,319,196,317,234,25,307,,174,,,255,7,11,6,160,25,24,115,32,17,233,105,45,62,60,66,170,5,19,150,128,42,138,153,173,57,248,150,108,95,234,101,313,80,16,59,113,196,99,144,,,336,315,,,252,22,339,42,252,38,47,28,72,75,75,40,88,119,122,20,93,136,276,235,176,38,195,156,,312,,,b'\x11\xe8\xe1I\xc9\xa0. \xaf\x82\x12\xdf\x17\xaeN\x1e'
11E8E149-C9A0-2E20-AF82-12DF17AE4E1E,2020-ncaa-d0-natl,ncaa,315,314,191,318,225,339,317,258,332,323,284,329,170,141,252,68,349,348,306,348,347,313,319,311,333,322,161,52,348,223,243,329,207,319,293,254,105,102,197,197,72,23,329,303,,,77,212,,,291,325,347,196,348,335,274,331,284,166,125,350,349,349,332,337,222,340,332,257,120,57,333,,91,,,295,66,77,19,315,88,19,314,107,78,266,197,94,135,33,135,270,16,27,317,304,237,168,174,172,44,207,228,243,141,293,113,182,157,61,119,106,198,74,147,,,350,350,,,291,30,315,225,299,81,94,5,102,15,123,76,116,150,151,5,8,46,254,170,116,147,116,83,,350,,,b'\x11\xe8\xe1I\xc9\xa0. \xaf\x82\x12\xdf\x17\xaeN\x1e'
11E8E149-C9A0-2E20-AF82-12DF17AE4E1E,2020-ncaa-d1-conf-Patriot,ncaa,10,10,3,10,4,10,10,8,10,10,9,10,5,2,10,2,10,10,7,10,10,9,8,10,10,10,3,2,10,5,6,10,10,10,10,9,6,7,8,8,2,1,9,9,,,7,8,,,10,9,8,3,10,10,7,10,7,4,2,10,10,10,9,8,5,10,10,9,8,2,9,,7,,,10,6,5,1,10,6,3,8,4,3,10,4,8,9,5,9,10,2,3,10,10,9,7,6,10,3,10,9,6,7,10,3,4,5,1,3,4,5,4,6,,,10,10,,,10,3,10,9,10,6,6,1,6,3,4,3,9,10,10,2,3,3,9,8,3,4,4,4,,10,,,b'\x11\xe8\xe1I\xc9\xa0. \xaf\x82\x12\xdf\x17\xaeN\x1e'
11E8E149-C9A0-2E20-AF82-12DF17AE4E1E,2020-ncaa-d1-natl,ncaa,321,314,257,323,283,348,335,303,339,336,301,334,181,155,257,67,349,349,308,349,347,333,341,320,335,329,159,52,348,245,253,341,211,340,297,282,107,76,203,202,91,27,333,308,,,62,219,,,297,342,347,183,348,341,278,335,286,170,130,350,349,349,334,338,230,340,333,267,121,69,333,,93,,,300,53,59,4,320,76,11,316,95,57,276,193,88,120,37,120,276,4,10,321,307,253,168,170,172,34,211,195,253,116,297,97,184,192,65,130,88,203,64,151,,,350,349,,,297,10,320,251,307,85,101,6,111,19,125,75,121,156,159,6,8,49,260,177,127,154,122,87,,350,,,b'\x11\xe8\xe1I\xc9\xa0. \xaf\x82\x12\xdf\x17\xaeN\x1e'
11E8E149-C9A0-2E20-AF82-12DF17AE4E1E,2021-ncaa-d0-natl,ncaa,265,60,328,204,328,325,325,328,226,319,318,218,331,326,299,274,321,326,106,326,283,328,328,258,252,274,292,294,160,315,108,320,95,322,75,326,234,20,289,283,315,130,295,132,,,16,222,,,172,328,224,224,275,241,226,141,124,306,283,225,250,257,242,194,111,66,58,249,281,146,145,,184,,,182,14,13,17,43,13,14,49,31,28,142,271,21,17,275,16,145,16,16,64,66,85,294,281,178,17,95,16,108,15,75,20,320,325,165,222,15,139,55,275,,,328,274,,,172,16,262,89,189,73,57,143,39,81,211,249,122,98,90,111,94,140,149,126,217,199,133,307,,277,,,b'\x11\xe8\xe1I\xc9\xa0. \xaf\x82\x12\xdf\x17\xaeN\x1e'
11E8E149-C9A0-2E20-AF82-12DF17AE4E1E,2021-ncaa-d1-conf-Patriot,ncaa,7,2,10,5,10,10,10,10,7,9,10,6,10,10,10,7,9,9,8,9,6,10,10,9,8,8,10,9,5,7,2,9,5,9,4,10,9,2,5,7,8,2,8,5,,,1,8,,,5,10,5,3,7,7,4,4,2,10,7,5,5,5,3,2,1,4,1,7,6,2,4,,8,,,5,1,1,1,4,1,2,4,1,1,3,3,1,1,5,1,6,1,1,2,2,3,5,3,7,2,5,1,2,1,4,1,7,10,5,5,2,3,6,8,,,10,8,,,5,1,8,3,5,3,3,5,5,6,4,4,6,7,7,5,7,8,5,6,5,4,3,9,,7,,,b'\x11\xe8\xe1I\xc9\xa0. \xaf\x82\x12\xdf\x17\xaeN\x1e'
11E8E149-C9A0-2E20-AF82-12DF17AE4E1E,2021-ncaa-d1-natl,ncaa,277,60,328,214,329,327,327,329,234,322,322,224,332,329,303,274,321,326,105,326,282,329,329,262,259,276,295,293,155,318,114,323,97,323,81,327,237,20,293,291,317,136,297,133,,,16,226,,,188,329,225,225,279,251,231,151,125,305,284,229,251,260,246,196,115,67,65,258,284,151,148,,186,,,199,14,13,16,46,13,14,48,28,23,147,272,20,17,276,16,145,15,15,69,71,94,294,280,179,17,97,16,114,14,81,20,320,327,171,232,15,140,52,277,,,328,274,,,188,15,269,96,202,75,59,146,39,82,216,248,126,102,95,111,93,142,152,128,220,203,135,308,,277,,,b'\x11\xe8\xe1I\xc9\xa0. \xaf\x82\x12\xdf\x17\xaeN\x1e'
11E8E149-C9A0-2E20-AF82-12DF17AE4E1E,2022-ncaa-d0-natl,ncaa,254,303,79,276,111,237,207,119,337,216,122,334,184,140,262,162,295,275,298,271,323,139,150,329,331,312,198,132,283,142,263,160,278,152,307,230,218,151,127,207,178,207,248,261,,,224,198,,,292,154,301,345,327,311,196,294,174,216,183,328,314,311,239,281,193,250,240,282,88,226,275,,150,,,285,229,243,244,186,192,171,219,292,305,170,307,99,96,198,92,112,226,217,207,187,210,215,287,67,301,278,340,263,341,307,314,322,173,205,289,48,38,98,66,,,232,285,,,292,193,306,246,289,146,174,150,136,90,259,278,73,65,59,118,88,254,317,313,287,241,29,63,,308,,,b'\x11\xe8\xe1I\xc9\xa0. \xaf\x82\x12\xdf\x17\xaeN\x1e'
11E8E149-C9A0-2E20-AF82-12DF17AE4E1E,2022-ncaa-d1-conf-Patriot,ncaa,8,8,1,8,3,6,6,1,10,5,3,10,6,4,7,5,6,6,8,6,7,2,1,10,10,9,4,5,7,4,6,6,10,6,10,6,7,5,4,6,3,4,8,8,,,10,8,,,9,3,6,10,9,9,4,9,5,6,5,9,6,6,5,4,6,7,7,10,3,3,8,,9,,,9,10,10,8,7,5,4,10,9,10,6,9,10,9,10,9,9,10,10,7,9,8,8,8,6,10,10,10,6,10,10,10,10,3,5,8,3,3,2,2,,,4,6,,,9,8,9,9,9,9,7,6,5,2,9,10,8,8,8,6,8,10,9,10,10,4,2,2,,7,,,b'\x11\xe8\xe1I\xc9\xa0. \xaf\x82\x12\xdf\x17\xaeN\x1e'
11E8E149-C9A0-2E20-AF82-12DF17AE4E1E,2022-ncaa-d1-natl,ncaa,269,303,100,283,146,272,250,147,338,251,152,338,202,159,270,166,307,292,299,289,323,177,193,331,335,316,195,134,280,169,266,201,284,188,319,261,224,121,131,211,206,221,266,270,,,196,206,,,308,204,304,344,328,322,211,308,184,223,188,331,315,313,249,292,204,262,258,293,93,236,281,,154,,,298,197,215,210,199,176,134,234,285,296,188,304,85,78,210,77,111,183,170,220,203,229,211,283,66,287,284,332,266,336,319,307,321,216,216,299,39,39,88,73,,,265,278,,,308,141,318,263,307,160,182,153,152,92,268,279,75,68,65,122,81,257,323,316,297,250,28,66,,310,,,b'\x11\xe8\xe1I\xc9\xa0. \xaf\x82\x12\xdf\x17\xaeN\x1e'
11E8E149-C9A0-2E20-AF82-12DF17AE4E1E,2023-ncaa-d0-natl,ncaa,358,360,164,359,222,327,275,197,324,275,211,316,209,175,273,120,361,361,356,361,361,265,229,309,351,348,266,102,360,212,265,156,44,172,207,280,233,277,310,305,357,358,230,242,,,280,338,,,353,239,232,291,346,308,202,298,203,206,163,361,360,360,297,246,211,122,161,294,287,358,227,,303,,,352,266,230,155,277,240,188,255,155,133,247,119,308,276,339,275,277,178,101,275,298,350,211,111,294,47,44,291,265,203,207,242,211,353,355,350,302,321,121,140,,,326,341,,,353,122,348,337,352,286,253,170,258,216,172,136,312,284,284,226,70,42,317,235,250,353,305,128,,345,,,b'\x11\xe8\xe1I\xc9\xa0. \xaf\x82\x12\xdf\x17\xaeN\x1e'
11E8E149-C9A0-2E20-AF82-12DF17AE4E1E,2023-ncaa-d1-conf-Patriot,ncaa,10,10,7,10,10,10,10,5,10,10,6,10,5,4,9,3,10,10,10,10,10,8,7,10,10,10,5,3,10,4,6,5,6,5,8,9,8,9,9,10,9,9,9,9,,,8,10,,,10,6,3,10,10,10,1,9,3,4,3,10,10,10,5,2,4,5,2,9,9,9,9,,10,,,10,10,7,3,8,8,5,5,5,4,7,6,10,10,9,10,10,5,4,7,9,10,7,4,10,5,6,10,6,8,8,6,6,9,10,9,10,10,8,8,,,10,10,,,10,5,10,10,10,10,7,6,8,7,6,6,10,10,10,9,7,5,10,9,8,9,10,9,,10,,,b'\x11\xe8\xe1I\xc9\xa0. \xaf\x82\x12\xdf\x17\xaeN\x1e'
11E8E149-C9A0-2E20-AF82-12DF17AE4E1E,2023-ncaa-d1-natl,ncaa,360,360,219,360,293,347,308,256,332,306,243,326,225,195,278,121,361,361,355,361,360,310,292,318,353,352,265,101,360,248,279,188,49,225,223,304,242,254,316,315,359,358,247,249,,,262,339,,,353,293,235,291,350,316,218,309,205,211,166,361,360,360,303,260,221,131,185,308,291,359,230,,306,,,354,242,207,117,291,215,144,269,142,110,261,118,296,263,343,264,278,133,47,285,311,353,209,111,294,30,49,272,279,170,223,226,214,358,356,354,283,327,107,145,,,343,341,,,353,68,350,341,355,302,266,174,270,213,179,139,318,287,287,229,67,43,325,243,261,356,306,133,,346,,,b'\x11\xe8\xe1I\xc9\xa0. \xaf\x82\x12\xdf\x17\xaeN\x1e'
11E8E149-C9A0-2E20-AF82-12DF17AE4E1E,2024-ncaa-d0-natl,ncaa,225,209,258,228,274,274,239,189,289,208,155,286,271,245,292,227,314,304,273,301,332,214,263,295,314,276,288,234,285,249,291,251,93,259,271,265,249,51,106,190,153,106,125,101,,,183,269,,,251,260,149,171,265,210,90,174,84,253,215,314,291,286,136,184,212,202,222,245,104,112,108,,247,,,255,101,84,65,235,89,96,171,126,68,314,111,210,203,223,198,256,71,79,239,252,207,232,174,272,36,93,288,291,184,271,197,300,164,104,179,121,186,84,69,,,330,339,,,251,104,284,167,246,186,149,96,161,149,177,87,254,242,243,115,158,63,343,273,258,109,179,115,,317,,,b'\x11\xe8\xe1I\xc9\xa0. \xaf\x82\x12\xdf\x17\xaeN\x1e'
11E8E149-C9A0-2E20-AF82-12DF17AE4E1E,2024-ncaa-d1-conf-Patriot,ncaa,5,5,3,5,5,6,5,1,9,5,1,9,5,5,9,5,9,8,8,8,9,1,1,10,10,10,5,5,9,3,5,4,7,2,9,8,9,6,2,8,3,3,3,2,,,7,6,,,5,2,1,8,7,5,1,4,1,5,5,9,9,9,1,2,2,6,2,8,5,3,3,,7,,,5,5,1,6,4,2,5,3,7,6,8,7,7,7,5,7,7,7,9,5,5,1,8,7,7,7,7,10,5,10,9,7,9,1,1,2,8,6,7,5,,,8,8,,,5,9,9,1,5,4,2,4,1,3,7,7,7,7,7,4,8,7,10,10,6,1,7,7,,8,,,b'\x11\xe8\xe1I\xc9\xa0. \xaf\x82\x12\xdf\x17\xaeN\x1e'
11E8E149-C9A0-2E20-AF82-12DF17AE4E1E,2024-ncaa-d1-natl,ncaa,218,211,194,225,222,241,207,141,289,171,122,278,241,213,289,221,309,288,305,285,332,161,198,290,313,266,285,226,306,195,273,187,63,197,237,226,235,75,91,167,115,89,107,97,,,234,277,,,232,196,132,189,249,192,69,157,80,238,198,317,285,283,112,149,182,159,171,218,102,102,106,,255,,,233,130,108,90,215,103,118,158,144,96,288,130,223,223,215,220,256,99,128,204,225,173,242,185,270,41,63,328,273,233,237,210,296,130,96,164,154,178,88,60,,,308,337,,,232,173,270,126,231,171,128,100,137,141,171,105,244,238,235,116,166,53,345,270,234,100,177,109,,308,,,b'\x11\xe8\xe1I\xc9\xa0. \xaf\x82\x12\xdf\x17\xaeN\x1e'
11E8E149-C9A0-2E20-AF82-12DF17AE4E1E,2025-ncaa-d0-natl,genius_ncaa,122,91,194,113,196,184,178,86,316,196,97,332,158,127,228,170,250,241,260,243,311,98,143,308,319,239,157,131,258,53,116,139,87,89,151,188,197,26,27,93,172,169,115,123,,,187,229,,7,130,193,186,18,165,151,16,189,67,142,94,255,233,235,30,67,30,94,29,180,41,160,99,,222,,8,129,76,93,133,110,167,231,94,26,36,61,38,168,190,97,189,169,136,158,62,72,71,60,31,248,100,87,323,116,267,151,72,100,144,118,86,45,43,62,34,,,263,318,,150,130,174,185,56,125,88,106,145,193,273,27,44,187,218,218,151,185,119,347,303,87,115,72,75,,263,,145,b'\x11\xe8\xe1I\xc9\xa0. \xaf\x82\x12\xdf\x17\xaeN\x1e'
11E8E149-C9A0-2E20-AF82-12DF17AE4E1E,2025-ncaa-d1-conf-Patriot,genius_ncaa,6,4,7,6,7,5,6,2,9,6,2,10,4,3,8,3,4,4,7,4,6,2,3,9,9,8,3,5,5,1,1,5,5,2,6,7,9,1,1,4,4,4,4,4,,,10,9,,2,6,4,1,1,3,3,1,3,1,3,3,4,4,4,1,1,1,2,1,7,2,4,4,,10,,2,6,5,5,3,4,9,10,3,1,2,4,1,9,10,3,10,8,4,7,3,3,3,1,1,9,5,5,10,1,9,6,5,4,3,4,4,2,1,4,4,,,3,6,,5,6,8,5,4,6,7,7,8,9,10,1,3,9,10,10,9,9,6,10,9,6,2,3,4,,3,,5,b'\x11\xe8\xe1I\xc9\xa0. \xaf\x82\x12\xdf\x17\xaeN\x1e'
11E8E149-C9A0-2E20-AF82-12DF17AE4E1E,2025-ncaa-d1-natl,genius_ncaa,130,91,244,118,247,219,211,110,325,228,119,337,176,144,228,175,272,256,253,258,312,126,180,316,324,251,148,126,252,62,126,168,97,116,166,215,206,20,30,97,203,182,128,129,,,165,240,,7,139,239,190,15,182,166,18,202,72,146,95,255,233,237,30,73,31,100,31,193,44,171,105,,228,,9,138,57,66,94,118,138,201,105,23,26,68,37,150,172,100,171,173,88,110,76,84,79,58,34,253,81,97,310,126,239,166,60,102,175,126,92,38,48,53,41,,,287,317,,162,139,128,199,70,135,103,114,149,206,278,35,42,197,222,221,157,184,122,349,309,97,129,75,81,,263,,139,b'\x11\xe8\xe1I\xc9\xa0. \xaf\x82\x12\xdf\x17\xaeN\x1e'
11E8E149-C9A0-2E20-AF82-12DF17AE4E1E,2026-ncaa-d0-natl,genius_ncaa,123,152,116,159,116,140,135,123,172,145,175,140,100,73,193,73,188,174,223,166,186,138,136,151,180,167,135,92,266,80,90,96,259,87,149,94,66,207,148,117,217,284,248,301,,,229,162,,118,151,158,264,3,148,136,90,167,209,91,52,239,218,207,114,109,58,57,42,77,177,240,285,,219,,104,151,214,212,280,55,206,268,76,222,273,79,213,198,193,210,192,108,269,250,54,54,97,178,193,172,331,259,216,90,278,149,144,76,180,259,147,221,181,184,176,,,147,218,,95,151,223,139,150,136,185,190,327,180,291,182,273,175,158,156,310,305,332,193,293,107,203,198,161,,186,,110,b'\x11\xe8\xe1I\xc9\xa0. \xaf\x82\x12\xdf\x17\xaeN\x1e'
11E8E149-C9A0-2E20-AF82-12DF17AE4E1E,2026-ncaa-d1-natl,genius_ncaa,163,152,177,171,177,209,202,191,202,220,239,171,128,104,209,76,249,237,227,226,179,207,201,190,212,200,123,91,256,117,110,145,283,128,181,137,69,157,170,140,290,313,289,317,,,185,190,,90,196,227,275,1,182,183,115,208,229,105,56,252,230,215,142,133,71,71,49,94,188,279,296,,235,,104,194,169,170,226,77,166,215,95,182,242,94,207,157,145,219,147,113,214,194,75,75,137,177,190,160,318,283,163,110,240,181,106,80,255,291,198,175,200,158,201,,,217,208,,112,196,152,173,199,182,218,222,334,217,303,212,283,186,161,162,324,308,342,208,304,130,239,208,182,,184,,109,b'\x11\xe8\xe1I\xc9\xa0. \xaf\x82\x12\xdf\x17\xaeN\x1e'
11E8E149-C9A4-6210-AF82-12DF17AE4E1E,2010-ncaa-d0-natl,ncaa,3,2,20,3,44,11,20,57,8,34,134,3,32,35,85,88,4,5,103,5,5,32,45,6,6,3,84,139,59,155,177,31,11,49,40,54,241,87,24,30,125,184,77,124,,,106,24,,,4,30,107,283,10,25,155,54,251,51,57,6,7,6,74,165,249,57,132,79,25,198,108,,29,,,4,199,291,300,134,308,310,157,112,187,35,121,23,22,171,22,4,270,287,98,54,44,8,93,12,78,11,223,177,161,40,86,19,54,99,37,106,50,309,287,,,3,2,,,4,311,5,19,5,51,156,188,219,249,55,95,9,7,8,99,132,16,70,26,29,119,50,265,,4,,,b'\x11\xe8\xe1I\xc9\xa4b\x10\xaf\x82\x12\xdf\x17\xaeN\x1e'
11E8E149-C9A4-6210-AF82-12DF17AE4E1E,2010-ncaa-d1-conf-Big 12,ncaa,1,1,4,1,7,1,3,4,1,5,9,1,4,2,6,4,1,1,5,1,1,4,5,1,1,1,4,6,2,6,7,6,4,6,5,2,4,2,2,1,2,2,6,6,,,1,1,,,1,5,4,12,1,2,5,5,9,4,3,1,1,1,3,6,7,7,8,2,2,2,6,,1,,,1,4,10,6,8,8,7,8,9,7,7,9,1,1,2,1,1,4,7,8,7,5,2,9,1,2,4,5,7,3,5,8,7,2,3,3,6,3,10,9,,,1,1,,,1,8,1,3,1,4,8,6,6,6,7,8,1,1,1,4,4,2,4,2,8,2,6,10,,1,,,b'\x11\xe8\xe1I\xc9\xa4b\x10\xaf\x82\x12\xdf\x17\xaeN\x1e'
11E8E149-C9A4-6210-AF82-12DF17AE4E1E,2010-ncaa-d1-natl,ncaa,3,2,22,3,46,11,21,60,8,35,147,3,35,39,84,91,4,5,103,5,5,33,47,6,6,3,83,140,58,168,183,33,11,55,42,56,246,73,24,31,133,188,83,126,,,89,25,,,4,33,108,285,10,25,157,55,254,52,57,6,7,6,79,167,251,59,134,81,26,201,110,,29,,,4,184,284,295,139,306,307,163,105,181,36,120,16,19,174,17,4,259,281,106,58,47,7,94,12,67,11,207,183,147,42,79,18,60,108,39,99,51,305,290,,,3,2,,,4,309,5,19,5,54,164,187,225,254,56,95,9,7,8,100,131,17,70,26,30,125,51,265,,5,,,b'\x11\xe8\xe1I\xc9\xa4b\x10\xaf\x82\x12\xdf\x17\xaeN\x1e'
11E8E149-C9A4-6210-AF82-12DF17AE4E1E,2010-ncaa-d1-ncaatournament,ncaa,9,2,9,9,11,10,13,15,5,14,13,15,4,12,3,37,6,5,26,5,2,14,15,2,1,1,16,28,10,20,38,15,34,16,35,9,13,52,24,11,19,44,21,45,,,48,14,,,6,12,24,9,5,20,55,33,45,14,38,3,2,2,39,45,56,38,52,9,21,44,44,,12,,,5,52,54,53,30,54,51,41,50,52,26,43,40,41,30,41,9,52,52,29,24,20,21,33,9,53,34,50,38,51,35,50,14,12,21,23,51,37,40,25,,,7,1,,,6,53,3,19,4,19,34,38,35,34,31,39,6,7,9,25,29,32,8,14,24,19,34,22,,2,,,b'\x11\xe8\xe1I\xc9\xa4b\x10\xaf\x82\x12\xdf\x17\xaeN\x1e'
11E8E149-C9A4-6210-AF82-12DF17AE4E1E,2011-ncaa-d0-natl,ncaa,208,226,170,222,206,177,166,158,178,234,258,175,54,43,108,31,288,314,107,315,295,188,233,135,154,132,64,24,317,236,275,135,81,180,207,166,161,45,87,92,337,339,124,122,,,24,29,,,202,236,232,177,160,156,119,242,260,30,24,301,321,321,182,244,243,89,164,142,62,339,114,,22,,,201,181,240,231,222,181,175,186,299,257,301,280,21,10,240,10,14,159,91,250,200,284,169,314,12,105,81,238,275,184,207,167,90,314,322,315,159,207,272,314,,,285,285,,,202,94,140,276,210,202,274,266,204,207,316,278,22,16,15,201,89,119,272,217,193,329,175,284,,297,,,b'\x11\xe8\xe1I\xc9\xa4b\x10\xaf\x82\x12\xdf\x17\xaeN\x1e'
11E8E149-C9A4-6210-AF82-12DF17AE4E1E,2011-ncaa-d1-conf-Big 12,ncaa,12,12,9,12,10,11,11,7,12,11,10,11,6,1,11,1,12,12,4,12,12,9,11,12,12,9,3,2,11,9,11,10,5,10,9,9,4,2,5,6,12,12,5,4,,,1,2,,,12,12,10,7,11,11,5,11,9,6,1,11,12,12,7,9,7,8,9,7,2,12,4,,2,,,12,6,10,7,10,5,3,9,11,9,11,10,1,1,11,1,3,4,2,12,10,12,9,11,1,3,5,12,11,6,9,10,9,12,12,12,9,10,7,11,,,11,11,,,12,1,9,12,12,7,10,9,8,5,11,10,1,1,1,6,4,4,12,11,11,12,9,7,,10,,,b'\x11\xe8\xe1I\xc9\xa4b\x10\xaf\x82\x12\xdf\x17\xaeN\x1e'
11E8E149-C9A4-6210-AF82-12DF17AE4E1E,2011-ncaa-d1-natl,ncaa,206,223,132,220,163,165,150,127,170,219,240,162,47,41,109,32,294,315,93,318,308,174,209,124,146,125,72,24,323,228,269,112,74,161,191,140,160,62,89,85,335,339,108,113,,,21,23,,,186,197,232,190,156,146,115,234,258,32,26,309,328,330,182,243,240,90,165,138,65,338,104,,21,,,185,199,256,251,221,193,197,183,311,274,305,281,18,10,238,9,9,182,107,245,194,278,168,319,9,104,74,244,269,193,191,179,84,309,314,303,169,216,293,321,,,279,287,,,186,126,136,266,201,194,271,263,196,205,313,276,17,13,14,195,86,109,255,199,188,322,185,293,,304,,,b'\x11\xe8\xe1I\xc9\xa4b\x10\xaf\x82\x12\xdf\x17\xaeN\x1e'
11E8E149-C9A4-6210-AF82-12DF17AE4E1E,2012-ncaa-d0-natl,ncaa,34,36,48,39,48,30,61,38,165,119,163,90,17,12,178,31,10,16,70,15,11,28,29,111,77,57,23,55,48,38,83,31,93,26,76,78,185,209,66,114,118,182,160,231,,,235,88,,,31,35,99,7,28,85,47,183,252,24,15,9,18,16,25,34,55,54,30,104,131,156,199,,142,,,31,253,293,309,152,300,326,104,179,160,225,74,133,159,64,156,51,307,308,128,96,82,58,131,68,240,93,306,83,300,76,130,23,45,106,47,201,83,334,336,,,22,72,,,31,309,40,70,38,172,212,258,245,297,136,93,80,103,103,223,267,170,223,207,73,82,138,330,,23,,,b'\x11\xe8\xe1I\xc9\xa4b\x10\xaf\x82\x12\xdf\x17\xaeN\x1e'
11E8E149-C9A4-6210-AF82-12DF17AE4E1E,2012-ncaa-d1-conf-Big Ten,ncaa,3,6,1,5,1,1,3,1,10,5,7,7,1,1,10,1,1,1,7,1,1,1,1,9,9,6,1,3,3,1,4,3,6,1,6,6,7,10,2,8,7,8,8,10,,,11,5,,,6,1,8,2,4,6,2,11,9,1,1,2,1,1,2,2,2,7,6,8,6,8,10,,5,,,6,12,12,12,8,12,12,7,6,6,9,2,8,10,3,9,4,12,12,8,6,5,3,4,4,10,6,12,4,12,6,8,4,1,4,4,10,6,12,12,,,1,4,,,6,12,5,6,6,7,8,6,9,11,5,2,4,5,4,5,7,6,10,9,6,3,7,12,,2,,,b'\x11\xe8\xe1I\xc9\xa4b\x10\xaf\x82\x12\xdf\x17\xaeN\x1e'
11E8E149-C9A4-6210-AF82-12DF17AE4E1E,2012-ncaa-d1-natl,ncaa,35,36,55,40,55,32,68,40,170,134,184,93,17,13,182,32,10,18,64,18,11,31,32,115,79,61,22,53,44,41,87,38,98,29,82,87,191,185,68,117,135,192,169,235,,,221,93,,,39,36,103,7,31,91,47,193,257,24,15,9,18,16,28,41,56,57,34,110,130,165,202,,146,,,38,238,279,304,156,294,323,107,162,144,229,73,122,145,64,141,52,298,303,135,102,90,56,130,68,222,98,300,87,287,82,114,24,55,113,53,186,82,334,338,,,28,67,,,39,308,44,79,43,177,216,256,248,298,136,93,81,103,104,227,264,175,224,211,76,86,139,331,,24,,,b'\x11\xe8\xe1I\xc9\xa4b\x10\xaf\x82\x12\xdf\x17\xaeN\x1e'
11E8E149-C9A4-6210-AF82-12DF17AE4E1E,2012-ncaa-d1-ncaatournament,ncaa,33,2,33,33,34,53,46,41,50,38,47,24,63,48,63,18,50,57,5,57,59,45,46,55,54,57,63,63,41,42,33,37,42,36,39,60,60,15,37,57,55,60,26,16,,,9,14,,,36,53,43,5,52,44,17,26,38,63,22,46,57,57,37,34,23,10,9,59,35,53,8,,17,,,39,1,12,26,10,24,30,23,1,13,2,18,1,1,3,1,2,23,23,6,2,4,1,5,4,25,42,21,33,25,39,2,2,47,44,6,10,18,12,25,,,49,40,,,36,11,54,9,39,5,31,56,53,61,2,20,1,2,2,50,48,55,49,55,2,40,16,24,,41,,,b'\x11\xe8\xe1I\xc9\xa4b\x10\xaf\x82\x12\xdf\x17\xaeN\x1e'
11E8E149-C9A4-6210-AF82-12DF17AE4E1E,2013-ncaa-d0-natl,ncaa,30,40,24,43,32,41,45,39,98,79,111,72,36,33,126,64,82,142,24,137,175,48,60,83,73,51,96,85,219,90,171,22,31,34,70,27,65,90,38,25,194,242,214,266,,,51,18,,,50,60,211,235,72,79,104,139,234,58,53,143,225,217,125,209,173,53,81,45,44,253,255,,12,,,53,252,296,307,181,282,294,182,270,279,169,247,18,23,155,23,9,280,268,184,117,153,66,252,5,127,31,299,171,260,70,119,10,153,216,117,167,100,305,276,,,110,232,,,50,283,44,115,54,99,195,199,189,174,211,211,7,9,9,107,81,46,188,105,53,244,97,256,,239,,,b'\x11\xe8\xe1I\xc9\xa4b\x10\xaf\x82\x12\xdf\x17\xaeN\x1e'
11E8E149-C9A4-6210-AF82-12DF17AE4E1E,2013-ncaa-d1-conf-Big Ten,ncaa,2,2,3,2,5,3,4,4,8,7,8,7,1,1,6,2,8,7,5,7,9,4,5,6,6,6,1,1,10,4,7,2,2,3,5,3,5,2,2,1,7,7,10,12,,,2,1,,,2,6,6,5,5,4,3,8,8,1,1,8,6,7,3,4,4,2,1,3,2,7,12,,2,,,2,2,4,10,2,6,10,4,4,9,1,8,2,2,8,2,2,8,6,2,1,1,2,6,2,6,2,12,7,12,5,1,1,7,6,4,6,6,7,6,,,11,11,,,2,6,5,3,2,2,4,10,6,10,3,9,2,2,2,6,5,6,11,10,2,7,5,6,,11,,,b'\x11\xe8\xe1I\xc9\xa4b\x10\xaf\x82\x12\xdf\x17\xaeN\x1e'
11E8E149-C9A4-6210-AF82-12DF17AE4E1E,2013-ncaa-d1-natl,ncaa,32,40,27,43,36,44,54,44,102,88,126,75,41,37,125,64,90,155,25,149,174,56,70,85,74,51,93,85,214,101,178,26,35,41,75,30,66,77,41,25,206,251,227,270,,,41,18,,,55,66,210,233,72,86,105,152,235,58,55,141,224,216,134,212,173,56,85,48,45,262,260,,13,,,55,241,290,302,184,277,287,184,263,274,170,246,17,21,158,20,9,268,252,188,123,163,69,250,5,113,35,294,178,244,75,108,10,167,224,125,156,102,302,282,,,125,227,,,55,277,47,122,56,103,197,198,192,180,212,212,7,9,9,106,82,47,193,107,59,248,96,258,,238,,,b'\x11\xe8\xe1I\xc9\xa4b\x10\xaf\x82\x12\xdf\x17\xaeN\x1e'
11E8E149-C9A4-6210-AF82-12DF17AE4E1E,2013-ncaa-d1-ncaatournament,ncaa,9,2,9,9,9,16,15,14,22,16,14,22,10,11,22,28,14,18,11,18,35,15,15,20,21,18,28,29,34,21,45,9,3,12,14,11,21,52,28,17,15,43,15,34,,,39,4,,,13,14,42,7,30,30,45,28,42,23,30,32,40,40,46,49,45,3,22,18,22,41,28,,4,,,12,51,53,53,19,52,52,14,55,53,40,49,7,6,31,5,1,50,50,23,14,18,25,54,1,41,3,55,45,50,14,55,38,17,48,49,49,37,61,59,,,14,31,,,13,51,23,9,9,5,32,46,26,34,48,47,1,1,1,22,15,10,30,14,32,51,27,55,,36,,,b'\x11\xe8\xe1I\xc9\xa4b\x10\xaf\x82\x12\xdf\x17\xaeN\x1e'
11E8E149-C9A4-6210-AF82-12DF17AE4E1E,2014-ncaa-d0-natl,ncaa,26,17,53,22,64,33,40,68,35,73,147,43,47,77,31,100,54,145,3,142,176,75,111,26,15,9,89,88,203,227,250,27,3,67,39,16,33,50,29,10,257,283,171,191,,,11,3,,,23,83,200,143,36,42,127,122,216,58,92,88,212,210,144,242,274,21,115,13,24,295,208,,2,,,22,177,264,297,135,185,214,122,326,319,272,328,3,4,56,4,4,233,219,189,98,130,176,339,2,27,3,219,250,127,39,172,60,180,231,191,94,81,302,290,,,85,105,,,23,260,19,70,24,74,193,233,111,123,320,307,2,2,2,98,62,6,123,34,105,261,66,276,,163,,,b'\x11\xe8\xe1I\xc9\xa4b\x10\xaf\x82\x12\xdf\x17\xaeN\x1e'
11E8E149-C9A4-6210-AF82-12DF17AE4E1E,2014-ncaa-d1-conf-Big Ten,ncaa,1,1,2,1,2,2,2,1,3,3,4,3,2,3,1,4,4,6,1,6,6,2,3,2,2,2,4,3,8,5,5,1,3,2,5,2,1,1,1,1,10,11,11,12,,,1,1,,,1,4,9,3,3,2,4,5,6,2,3,4,6,6,4,10,6,4,4,1,1,11,12,,1,,,1,7,11,10,7,8,7,7,12,10,10,8,1,1,1,1,2,8,9,8,6,5,6,10,1,6,3,7,5,6,5,4,2,5,6,6,2,2,10,9,,,3,3,,,1,9,1,4,1,3,8,6,6,5,9,10,1,1,1,3,2,5,5,3,2,7,2,8,,4,,,b'\x11\xe8\xe1I\xc9\xa4b\x10\xaf\x82\x12\xdf\x17\xaeN\x1e'
11E8E149-C9A4-6210-AF82-12DF17AE4E1E,2014-ncaa-d1-natl,ncaa,28,17,59,23,73,36,44,82,37,85,162,46,53,85,32,98,62,162,3,159,180,93,134,29,17,9,89,88,199,242,255,28,3,79,44,16,34,35,31,10,268,285,178,201,,,5,3,,,23,97,202,142,40,44,131,127,218,60,93,88,217,213,148,246,277,22,120,13,24,296,210,,2,,,23,159,253,286,142,167,196,127,324,316,275,329,2,3,58,3,4,211,187,194,105,143,173,338,2,21,3,199,255,103,44,153,61,204,238,197,84,82,299,295,,,94,102,,,23,246,19,79,25,77,199,233,116,124,321,308,2,2,2,100,62,6,125,35,107,266,67,278,,165,,,b'\x11\xe8\xe1I\xc9\xa4b\x10\xaf\x82\x12\xdf\x17\xaeN\x1e'
11E8E149-C9A4-6210-AF82-12DF17AE4E1E,2014-ncaa-d1-ncaatournament,ncaa,17,2,17,17,17,18,21,17,38,26,19,47,12,15,26,31,18,22,5,22,26,17,22,35,29,12,16,27,13,25,41,24,3,25,25,17,18,27,4,2,20,24,27,35,,,36,13,,,14,19,18,3,10,20,10,32,18,19,22,8,18,18,9,21,32,23,28,14,5,25,37,,12,,,12,40,40,38,37,37,36,37,48,45,39,54,33,36,17,37,43,37,38,39,36,35,51,54,21,17,3,48,41,42,25,34,27,24,27,25,28,12,43,34,,,22,21,,,14,42,14,20,13,25,29,19,15,11,49,51,23,24,29,14,16,3,44,23,23,32,11,42,,18,,,b'\x11\xe8\xe1I\xc9\xa4b\x10\xaf\x82\x12\xdf\x17\xaeN\x1e'
11E8E149-C9A4-6210-AF82-12DF17AE4E1E,2015-ncaa-d0-natl,ncaa,68,67,79,74,94,87,67,63,119,60,94,81,144,102,231,136,184,248,36,247,300,77,111,133,140,88,231,181,286,217,291,22,5,65,98,55,88,63,38,34,263,297,204,262,,,9,5,,,63,87,129,222,107,66,70,72,136,154,117,232,285,286,109,197,266,10,75,61,36,291,238,,5,,,63,150,240,301,65,196,286,42,287,278,246,249,8,6,201,8,4,262,232,91,43,99,126,304,4,57,5,317,291,256,98,186,125,207,255,236,106,89,283,242,,,157,225,,,63,261,116,63,68,93,172,292,134,253,270,247,6,4,4,188,119,31,289,188,140,261,87,268,,237,,,b'\x11\xe8\xe1I\xc9\xa4b\x10\xaf\x82\x12\xdf\x17\xaeN\x1e'
11E8E149-C9A4-6210-AF82-12DF17AE4E1E,2015-ncaa-d1-conf-Big Ten,ncaa,7,7,3,7,7,8,8,5,10,10,7,9,10,7,12,8,10,11,7,11,11,6,10,12,11,9,9,10,10,8,10,3,1,5,6,8,7,1,2,6,12,10,12,12,,,1,2,,,6,9,11,8,9,9,6,10,8,10,7,10,11,11,7,12,9,2,5,8,1,12,12,,1,,,6,2,3,8,3,5,7,3,9,10,7,12,1,1,4,1,2,5,6,4,2,4,8,13,2,2,1,13,10,10,6,3,2,8,8,7,9,9,12,13,,,8,8,,,6,6,10,3,6,3,3,8,3,7,9,10,1,1,1,6,2,1,13,9,3,8,9,12,,8,,,b'\x11\xe8\xe1I\xc9\xa4b\x10\xaf\x82\x12\xdf\x17\xaeN\x1e'
11E8E149-C9A4-6210-AF82-12DF17AE4E1E,2015-ncaa-d1-natl,ncaa,80,67,97,78,118,109,73,70,126,77,107,88,150,116,229,137,199,262,32,260,302,98,138,137,146,94,227,177,284,244,294,27,5,76,107,61,93,46,39,39,283,306,226,268,,,5,5,,,75,111,134,217,115,72,75,82,140,155,118,238,289,289,117,203,269,11,78,66,36,296,240,,5,,,72,117,221,290,68,172,269,46,278,263,256,251,5,4,206,4,4,237,199,100,48,110,126,304,4,41,5,313,294,233,107,171,128,239,259,241,96,91,279,249,,,183,226,,,75,237,126,71,78,97,190,296,142,260,269,249,6,4,4,188,118,31,293,195,146,266,88,269,,238,,,b'\x11\xe8\xe1I\xc9\xa4b\x10\xaf\x82\x12\xdf\x17\xaeN\x1e'
11E8E149-C9A4-6210-AF82-12DF17AE4E1E,2015-ncaa-d1-ncaatournament,ncaa,33,2,33,33,33,38,39,53,26,42,52,17,38,47,30,22,43,42,45,39,17,47,42,19,22,36,25,24,38,43,28,38,44,39,28,38,20,27,55,42,60,62,24,6,,,17,42,,,28,43,25,4,25,25,39,31,45,16,21,32,29,24,34,20,25,11,13,17,55,60,3,,39,,,30,8,17,30,16,20,25,31,20,30,22,44,6,14,2,11,28,27,24,15,11,22,18,37,15,29,44,8,28,18,28,9,19,60,61,56,27,54,13,40,,,44,26,,,28,16,29,34,32,27,41,60,47,51,38,53,14,37,34,57,49,57,27,44,29,60,53,28,,23,,,b'\x11\xe8\xe1I\xc9\xa4b\x10\xaf\x82\x12\xdf\x17\xaeN\x1e'
11E8E149-C9A4-6210-AF82-12DF17AE4E1E,2016-ncaa-d0-natl,ncaa,119,111,114,121,148,68,46,109,21,37,68,43,135,238,9,272,160,164,185,166,262,111,123,23,25,28,272,208,278,270,284,39,73,104,123,12,17,137,106,22,294,327,150,233,,,34,9,,,98,91,50,212,41,22,108,24,61,145,257,176,178,188,114,140,289,18,102,7,121,309,155,,24,,,95,273,328,315,213,327,329,188,228,219,237,134,9,14,20,12,3,297,259,197,116,199,22,187,3,211,73,223,284,216,123,252,85,250,311,283,141,136,273,195,,,225,294,,,98,265,54,192,97,260,323,339,323,344,226,209,8,14,12,321,280,188,183,189,236,273,148,264,,270,,,b'\x11\xe8\xe1I\xc9\xa4b\x10\xaf\x82\x12\xdf\x17\xaeN\x1e'
11E8E149-C9A4-6210-AF82-12DF17AE4E1E,2016-ncaa-d1-conf-Big Ten,ncaa,7,7,9,7,13,11,12,14,6,12,11,9,10,11,3,11,11,11,10,11,7,13,11,6,8,9,7,6,6,14,13,5,7,11,12,8,2,11,13,10,14,14,12,12,,,3,3,,,11,10,4,11,11,11,13,12,10,8,11,9,9,10,11,10,14,4,7,4,12,14,11,,5,,,11,5,10,9,5,11,13,4,3,3,11,2,1,1,2,1,1,8,6,5,2,7,2,4,1,11,7,9,13,9,12,4,3,13,12,8,10,13,8,8,,,11,7,,,11,5,12,7,11,6,12,13,12,14,6,3,2,2,2,12,11,12,11,11,5,12,12,8,,11,,,b'\x11\xe8\xe1I\xc9\xa4b\x10\xaf\x82\x12\xdf\x17\xaeN\x1e'
11E8E149-C9A4-6210-AF82-12DF17AE4E1E,2016-ncaa-d1-natl,ncaa,134,111,142,128,179,84,56,140,21,43,83,46,145,257,9,272,171,182,185,188,263,149,166,23,27,29,267,208,277,289,288,46,80,128,132,15,18,105,109,23,308,331,165,238,,,24,10,,,109,116,53,199,41,24,114,26,64,149,258,176,179,186,122,144,295,18,107,7,123,315,162,,24,,,107,253,322,310,220,323,324,199,215,202,243,131,7,12,22,11,3,285,235,204,130,212,21,186,3,183,80,194,288,185,132,243,88,270,314,289,120,136,266,205,,,249,289,,,109,240,62,201,109,265,328,340,325,344,226,208,8,15,15,324,280,195,191,196,244,280,148,269,,273,,,b'\x11\xe8\xe1I\xc9\xa4b\x10\xaf\x82\x12\xdf\x17\xaeN\x1e'
11E8E149-C9A4-6210-AF82-12DF17AE4E1E,2017-ncaa-d0-natl,ncaa,302,300,234,308,251,228,223,211,217,252,263,221,118,117,143,84,308,226,343,235,159,220,209,182,238,250,98,65,294,227,266,197,154,218,243,99,11,228,263,137,273,279,282,288,,,122,127,,,326,187,69,101,197,190,147,240,239,86,76,300,201,216,163,104,205,133,169,47,279,253,277,,167,,,325,311,317,233,336,289,150,340,318,303,300,308,94,100,119,100,122,214,156,338,338,344,177,288,31,119,154,242,266,206,243,314,212,302,317,335,287,300,260,300,,,224,219,,,326,164,266,336,323,341,344,323,326,209,338,325,120,133,130,314,266,174,309,270,331,287,300,284,,177,,,b'\x11\xe8\xe1I\xc9\xa4b\x10\xaf\x82\x12\xdf\x17\xaeN\x1e'
11E8E149-C9A4-6210-AF82-12DF17AE4E1E,2017-ncaa-d1-conf-Big Ten,ncaa,13,11,9,13,10,12,12,11,10,13,14,9,6,4,10,3,12,11,14,11,5,12,11,9,12,12,2,3,11,11,13,12,7,11,13,9,2,7,11,10,11,11,13,14,,,8,9,,,14,10,8,2,11,12,10,12,14,6,3,12,9,9,10,7,11,11,11,8,12,11,13,,8,,,14,14,13,5,14,10,5,14,13,12,14,12,7,8,6,8,8,5,5,14,14,14,8,12,6,5,7,10,13,9,13,12,6,14,14,14,10,11,9,10,,,11,8,,,14,5,12,14,14,14,14,11,13,8,14,13,8,8,8,11,10,7,13,10,12,14,11,9,,9,,,b'\x11\xe8\xe1I\xc9\xa4b\x10\xaf\x82\x12\xdf\x17\xaeN\x1e'
11E8E149-C9A4-6210-AF82-12DF17AE4E1E,2017-ncaa-d1-natl,ncaa,313,299,310,313,314,271,264,265,227,285,295,227,129,134,144,83,320,251,342,260,165,273,259,188,249,251,95,66,294,258,271,242,164,268,251,117,12,212,266,141,295,286,292,295,,,90,131,,,329,242,72,95,211,201,154,246,241,88,76,303,210,222,171,111,214,150,187,52,279,263,285,,173,,,330,305,311,197,339,275,110,342,312,293,304,308,81,81,121,79,126,172,95,341,339,345,177,288,32,91,164,215,271,170,251,308,215,320,321,336,277,303,250,304,,,253,218,,,329,111,274,341,327,343,345,324,330,216,341,325,126,133,131,316,260,180,311,274,333,295,303,287,,183,,,b'\x11\xe8\xe1I\xc9\xa4b\x10\xaf\x82\x12\xdf\x17\xaeN\x1e'
11E8E149-C9A4-6210-AF82-12DF17AE4E1E,2018-ncaa-d0-natl,ncaa,72,74,73,77,82,87,81,89,94,135,177,102,39,45,61,68,236,170,316,169,162,93,94,69,92,89,88,55,312,101,151,55,141,56,106,46,36,152,110,56,187,230,26,24,,,248,183,,,86,99,199,67,89,84,120,171,235,46,60,277,208,208,129,159,127,49,62,38,112,219,26,,200,,,89,200,158,272,37,162,273,36,153,216,68,145,302,272,289,267,199,286,259,33,50,100,232,153,289,274,141,222,151,251,106,116,91,206,253,164,226,194,325,318,,,131,186,,,86,253,80,116,88,125,95,230,99,240,133,171,258,235,232,245,202,231,158,198,79,246,181,307,,182,,,b'\x11\xe8\xe1I\xc9\xa4b\x10\xaf\x82\x12\xdf\x17\xaeN\x1e'
11E8E149-C9A4-6210-AF82-12DF17AE4E1E,2018-ncaa-d1-conf-Big Ten,ncaa,3,3,4,3,6,8,8,11,6,12,14,5,3,3,5,1,11,9,13,9,3,10,10,5,6,7,1,1,11,10,11,3,2,6,4,6,2,10,9,7,11,10,4,3,,,9,10,,,5,8,10,5,9,8,10,12,14,3,3,11,9,9,10,10,10,2,7,6,11,10,4,,9,,,5,1,2,6,1,2,7,1,1,5,1,5,9,9,5,9,11,8,7,1,1,1,8,3,12,5,2,8,11,5,4,2,2,9,12,2,11,12,9,14,,,7,5,,,5,7,8,1,5,1,2,5,2,8,2,5,10,10,10,7,5,4,8,5,2,10,11,9,,6,,,b'\x11\xe8\xe1I\xc9\xa4b\x10\xaf\x82\x12\xdf\x17\xaeN\x1e'
11E8E149-C9A4-6210-AF82-12DF17AE4E1E,2018-ncaa-d1-natl,ncaa,84,74,97,80,105,97,97,107,101,168,216,110,45,50,62,70,254,196,315,197,159,113,125,75,97,95,88,53,311,120,158,65,148,65,122,51,40,127,117,60,208,234,28,26,,,223,187,,,99,131,205,68,96,94,122,191,237,49,60,278,211,212,135,163,139,54,66,40,114,224,26,,200,,,100,170,131,256,39,140,258,41,143,190,76,142,287,259,291,255,200,267,231,36,56,108,230,151,285,260,148,198,158,227,122,88,92,231,262,176,204,198,321,321,,,170,188,,,99,221,91,128,97,135,104,233,110,243,133,171,264,241,238,248,199,239,167,201,85,254,186,313,,184,,,b'\x11\xe8\xe1I\xc9\xa4b\x10\xaf\x82\x12\xdf\x17\xaeN\x1e'
11E8E149-C9A4-6210-AF82-12DF17AE4E1E,2018-ncaa-d1-ncaatournament,ncaa,33,2,33,33,34,46,56,61,48,58,62,47,35,36,32,8,39,36,44,36,2,56,63,40,38,30,6,13,6,55,48,51,62,54,58,62,62,3,16,50,60,60,22,8,,,23,49,,,34,61,60,7,44,56,60,58,61,18,12,11,6,6,54,63,52,46,51,62,6,58,7,,52,,,39,7,3,15,9,13,13,26,5,19,3,32,33,33,31,33,61,25,23,6,15,19,41,12,64,36,62,17,48,27,58,2,4,51,48,13,10,35,13,46,,,41,11,,,34,4,36,37,37,27,11,29,28,26,10,35,60,61,61,54,51,63,45,59,3,45,25,28,,23,,,b'\x11\xe8\xe1I\xc9\xa4b\x10\xaf\x82\x12\xdf\x17\xaeN\x1e'
11E8E149-C9A4-6210-AF82-12DF17AE4E1E,2019-ncaa-d0-natl,ncaa,185,180,173,191,195,93,108,147,68,141,182,108,72,123,27,136,104,125,111,122,99,139,159,59,55,55,85,99,166,222,226,126,152,166,170,75,62,109,102,65,200,214,26,25,,,207,193,,,128,140,83,99,55,68,98,125,166,59,109,71,108,98,87,115,225,80,139,37,123,197,16,,242,,,126,254,243,219,222,232,226,184,210,172,280,144,239,225,263,220,175,236,205,226,231,266,179,177,200,190,152,154,226,169,170,175,106,223,241,216,226,216,256,258,,,207,228,,,128,208,74,256,129,281,273,280,261,281,236,185,262,246,242,295,268,205,187,206,191,211,231,268,,190,,,b'\x11\xe8\xe1I\xc9\xa4b\x10\xaf\x82\x12\xdf\x17\xaeN\x1e'
11E8E149-C9A4-6210-AF82-12DF17AE4E1E,2019-ncaa-d1-conf-Big Ten,ncaa,8,6,9,8,14,6,9,12,5,13,13,7,1,2,2,2,8,8,5,8,2,12,11,4,4,3,1,1,5,11,9,11,13,12,12,7,5,5,6,5,6,7,3,2,,,6,7,,,8,9,2,11,5,5,8,13,13,1,2,3,8,6,9,8,11,9,11,6,7,4,1,,8,,,8,5,6,8,9,7,9,7,6,4,10,4,6,5,9,5,6,7,7,9,8,7,5,4,8,10,13,9,9,10,12,5,3,4,4,2,8,13,5,8,,,10,9,,,8,7,4,9,7,11,10,11,12,13,7,6,8,8,8,13,14,14,9,11,5,2,13,6,,9,,,b'\x11\xe8\xe1I\xc9\xa4b\x10\xaf\x82\x12\xdf\x17\xaeN\x1e'
11E8E149-C9A4-6210-AF82-12DF17AE4E1E,2019-ncaa-d1-natl,ncaa,201,180,233,202,255,114,130,190,75,176,221,121,83,133,30,136,122,150,107,150,98,188,219,61,63,62,80,96,163,256,238,163,160,207,180,87,62,80,108,68,225,223,30,27,,,174,193,,,148,200,85,92,60,77,102,139,168,60,109,76,107,104,93,123,234,90,155,45,125,203,18,,241,,,145,226,216,185,238,210,196,203,194,144,290,135,218,207,265,200,177,193,143,241,250,279,179,175,199,164,160,119,238,125,180,160,106,257,252,228,205,223,245,261,,,243,228,,,148,150,81,273,147,289,279,282,270,284,237,182,262,249,245,298,267,213,193,209,199,222,234,273,,191,,,b'\x11\xe8\xe1I\xc9\xa4b\x10\xaf\x82\x12\xdf\x17\xaeN\x1e'
11E8E149-C9A4-6210-AF82-12DF17AE4E1E,2020-ncaa-d0-natl,ncaa,123,134,87,136,108,80,91,144,75,109,171,73,107,131,88,147,78,114,82,111,127,138,172,75,66,57,138,154,138,178,166,35,220,69,140,58,68,94,80,57,240,266,6,10,,,109,61,,,106,168,210,77,72,92,156,117,196,119,142,87,127,127,148,207,198,34,66,52,80,256,5,,95,,,108,219,232,318,60,206,309,46,244,263,183,190,127,118,195,124,62,309,248,62,55,143,186,243,98,321,220,156,166,257,140,197,152,307,331,297,181,165,132,128,,,171,169,,,106,194,58,206,100,196,217,325,181,310,236,246,123,116,122,312,240,313,129,239,180,321,170,122,,192,,,b'\x11\xe8\xe1I\xc9\xa4b\x10\xaf\x82\x12\xdf\x17\xaeN\x1e'
11E8E149-C9A4-6210-AF82-12DF17AE4E1E,2020-ncaa-d1-conf-Big Ten,ncaa,10,10,9,10,10,9,12,13,8,12,12,9,4,6,3,6,8,10,5,10,5,13,12,8,7,7,3,4,7,12,13,4,8,7,10,9,5,4,10,6,14,13,1,2,,,5,5,,,8,10,8,4,7,10,10,12,11,4,6,7,7,7,11,10,11,1,2,8,7,12,1,,5,,,8,5,5,11,5,5,12,1,8,7,9,6,2,3,3,4,2,11,5,4,3,6,8,10,5,13,8,9,13,11,10,7,8,14,14,12,6,8,3,6,,,11,6,,,8,5,8,7,8,8,8,13,7,14,10,11,4,6,6,13,12,13,10,13,9,14,7,4,,7,,,b'\x11\xe8\xe1I\xc9\xa4b\x10\xaf\x82\x12\xdf\x17\xaeN\x1e'
11E8E149-C9A4-6210-AF82-12DF17AE4E1E,2020-ncaa-d1-natl,ncaa,133,134,128,139,163,100,109,179,80,131,205,75,124,144,93,148,94,137,84,134,130,176,223,81,70,61,137,155,134,202,176,52,226,93,153,66,73,67,85,66,259,276,6,11,,,89,60,,,120,219,217,74,81,99,167,126,204,121,143,88,130,131,159,213,204,39,72,58,79,264,5,,98,,,122,198,216,306,63,189,296,45,233,240,185,187,115,108,197,111,63,291,208,64,58,162,184,243,99,310,226,137,176,227,153,183,152,324,334,304,152,170,121,134,,,206,169,,,120,141,63,228,114,208,228,328,192,312,238,243,128,117,124,315,241,313,133,245,189,324,169,126,,194,,,b'\x11\xe8\xe1I\xc9\xa4b\x10\xaf\x82\x12\xdf\x17\xaeN\x1e'
11E8E149-C9A4-6210-AF82-12DF17AE4E1E,2021-ncaa-d0-natl,ncaa,110,227,43,157,58,47,50,59,78,64,62,104,45,68,44,137,89,101,103,96,189,59,66,70,73,67,119,107,222,140,259,23,169,40,144,39,71,205,69,56,277,340,12,24,,,239,70,,,167,54,152,336,94,89,143,122,172,81,130,164,201,200,156,216,259,23,73,48,66,338,17,,101,,,165,313,309,324,99,296,317,87,311,317,199,207,264,283,106,286,138,327,300,108,87,258,231,242,133,330,169,291,259,318,144,314,219,276,341,339,280,198,167,85,,,82,171,,,167,288,80,285,162,261,252,333,211,286,281,288,186,210,213,327,228,285,172,240,255,341,186,81,,197,,,b'\x11\xe8\xe1I\xc9\xa4b\x10\xaf\x82\x12\xdf\x17\xaeN\x1e'
11E8E149-C9A4-6210-AF82-12DF17AE4E1E,2021-ncaa-d1-conf-Big Ten,ncaa,5,9,2,9,5,4,5,5,6,6,8,8,4,3,4,4,7,8,6,9,9,5,6,6,5,5,4,4,10,8,13,2,9,3,7,4,5,9,9,6,13,14,1,2,,,9,4,,,9,4,11,14,9,8,11,11,11,5,5,10,10,10,11,13,13,1,4,6,6,14,1,,3,,,9,11,10,13,2,9,13,4,10,12,6,6,10,11,4,12,6,13,11,2,2,8,10,11,6,12,9,11,13,14,7,8,6,13,14,14,9,10,2,4,,,6,9,,,9,9,8,9,9,7,8,13,8,13,8,11,8,8,9,13,8,13,10,11,6,14,10,2,,11,,,b'\x11\xe8\xe1I\xc9\xa4b\x10\xaf\x82\x12\xdf\x17\xaeN\x1e'
11E8E149-C9A4-6210-AF82-12DF17AE4E1E,2021-ncaa-d1-natl,ncaa,119,225,50,163,69,56,57,70,83,72,75,109,50,74,42,140,101,115,100,109,190,68,78,73,75,67,116,107,219,161,265,24,173,47,150,44,72,190,71,57,286,342,14,24,,,232,71,,,177,62,156,336,97,94,148,127,177,81,133,163,201,200,160,219,267,27,78,50,65,340,18,,102,,,176,308,305,321,108,291,312,91,304,312,210,205,257,275,108,279,139,324,291,115,94,271,230,239,133,325,173,280,265,310,150,312,221,284,341,339,271,202,159,86,,,96,167,,,177,279,84,292,175,265,261,333,219,290,279,285,188,211,215,328,227,287,179,240,261,341,188,82,,200,,,b'\x11\xe8\xe1I\xc9\xa4b\x10\xaf\x82\x12\xdf\x17\xaeN\x1e'
11E8E149-C9A4-6210-AF82-12DF17AE4E1E,2022-ncaa-d0-natl,ncaa,34,49,27,45,48,14,15,21,24,37,68,34,13,22,21,77,39,36,136,36,77,20,21,21,22,16,74,71,232,33,63,17,64,17,31,12,46,192,48,13,114,219,62,119,,,294,136,,,17,29,60,275,7,15,27,57,164,22,45,73,81,80,21,54,69,27,21,12,76,198,96,,184,,,18,311,304,329,94,322,336,116,155,245,36,94,327,319,261,319,184,334,328,70,96,140,105,70,276,267,64,282,63,290,31,244,106,119,257,181,279,112,173,96,,,39,181,,,17,327,11,121,20,179,177,250,225,293,71,127,257,253,251,266,247,154,129,131,129,233,166,89,,109,,,b'\x11\xe8\xe1I\xc9\xa4b\x10\xaf\x82\x12\xdf\x17\xaeN\x1e'
11E8E149-C9A4-6210-AF82-12DF17AE4E1E,2022-ncaa-d1-conf-Big Ten,ncaa,4,6,1,6,2,2,2,1,6,3,3,3,1,1,7,3,4,4,9,4,8,1,1,4,5,5,6,5,12,1,4,2,5,1,3,2,6,10,4,3,5,6,8,13,,,14,11,,,5,2,4,7,2,2,1,5,9,2,2,10,8,9,1,2,2,3,1,2,5,5,10,,12,,,5,12,12,13,6,13,13,8,3,8,3,4,14,14,6,14,12,13,13,4,6,7,4,3,12,10,5,13,4,12,3,5,4,6,11,5,14,9,10,7,,,4,9,,,5,13,4,7,5,9,6,7,7,9,3,4,14,14,13,8,9,6,7,7,3,8,10,4,,7,,,b'\x11\xe8\xe1I\xc9\xa4b\x10\xaf\x82\x12\xdf\x17\xaeN\x1e'
11E8E149-C9A4-6210-AF82-12DF17AE4E1E,2022-ncaa-d1-natl,ncaa,35,49,32,47,61,16,16,25,27,43,84,38,18,29,20,79,49,47,139,47,75,24,27,24,25,16,70,70,229,43,70,18,68,23,39,14,48,167,48,14,141,233,67,125,,,283,141,,,17,33,66,275,10,18,29,66,176,24,46,78,83,81,25,58,76,30,24,13,76,207,102,,186,,,18,304,290,323,104,312,332,131,136,220,44,92,317,311,267,310,183,332,324,86,103,150,101,69,277,245,68,267,70,269,39,228,108,146,270,198,254,122,158,100,,,51,175,,,17,323,11,138,21,193,185,254,237,295,78,128,265,260,256,269,245,156,135,136,137,244,171,95,,109,,,b'\x11\xe8\xe1I\xc9\xa4b\x10\xaf\x82\x12\xdf\x17\xaeN\x1e'
11E8E149-C9A4-6210-AF82-12DF17AE4E1E,2022-ncaa-d1-ncaatournament,ncaa,37,2,37,37,38,57,59,57,58,67,64,66,30,42,8,17,49,44,64,44,12,57,66,48,52,49,2,2,30,45,34,57,43,56,52,52,24,9,23,36,48,36,44,30,,,2,24,,,46,68,65,5,54,57,47,67,60,5,19,36,24,25,46,61,29,54,45,47,18,36,30,,12,,,50,5,8,5,48,13,10,53,11,15,30,35,4,4,56,4,26,3,9,46,48,42,18,27,31,17,43,16,34,15,52,11,36,44,18,33,12,41,24,51,,,46,19,,,46,1,41,42,46,29,33,14,41,22,27,27,20,18,19,10,16,31,44,42,42,23,32,41,,28,,,b'\x11\xe8\xe1I\xc9\xa4b\x10\xaf\x82\x12\xdf\x17\xaeN\x1e'
11E8E149-C9A4-6210-AF82-12DF17AE4E1E,2023-ncaa-d0-natl,ncaa,120,160,46,149,46,57,69,46,139,129,164,104,23,13,107,43,91,92,184,94,78,49,51,99,101,98,48,46,228,81,156,27,22,36,61,31,30,226,99,59,132,198,84,110,,,246,139,,,75,49,119,20,62,86,62,199,261,27,22,145,144,147,67,90,120,25,34,29,144,194,104,,155,,,79,297,292,311,122,271,300,113,277,284,180,194,254,253,138,251,169,315,306,127,121,161,220,214,180,138,22,322,156,289,61,256,170,142,233,214,284,189,223,218,,,88,237,,,75,316,80,116,80,193,200,257,167,227,223,217,181,192,187,253,227,65,242,176,189,209,213,175,,170,,,b'\x11\xe8\xe1I\xc9\xa4b\x10\xaf\x82\x12\xdf\x17\xaeN\x1e'
11E8E149-C9A4-6210-AF82-12DF17AE4E1E,2023-ncaa-d1-conf-Big Ten,ncaa,8,8,9,8,12,9,10,9,11,14,14,10,2,2,7,1,8,7,10,8,1,9,8,9,9,9,1,1,4,1,1,4,2,3,2,8,5,7,8,8,11,10,8,8,,,5,8,,,7,12,8,5,8,10,8,14,14,2,1,6,5,6,7,5,1,3,2,7,10,11,7,,9,,,7,2,2,4,4,4,5,4,4,4,5,5,6,7,6,7,11,3,2,3,4,6,8,5,12,2,2,8,1,5,2,2,4,12,10,6,9,10,6,10,,,7,5,,,7,2,8,5,7,4,3,7,5,7,5,5,9,10,10,8,6,3,9,8,2,10,10,7,,5,,,b'\x11\xe8\xe1I\xc9\xa4b\x10\xaf\x82\x12\xdf\x17\xaeN\x1e'
11E8E149-C9A4-6210-AF82-12DF17AE4E1E,2023-ncaa-d1-natl,ncaa,136,160,56,155,56,62,78,57,143,162,207,111,25,19,113,44,112,115,181,120,78,62,65,104,105,103,44,45,220,96,167,31,24,41,64,34,31,200,104,67,165,214,92,114,,,224,147,,,92,59,123,17,65,90,64,211,264,28,24,145,142,145,72,93,127,28,40,31,148,205,106,,161,,,94,285,276,297,140,251,286,125,261,271,194,194,239,238,146,238,171,304,289,145,142,183,219,213,180,110,24,309,167,262,64,244,174,174,244,231,266,193,215,229,,,113,229,,,92,306,87,137,95,205,211,258,171,229,227,218,190,200,196,256,221,66,248,182,199,218,219,181,,172,,,b'\x11\xe8\xe1I\xc9\xa4b\x10\xaf\x82\x12\xdf\x17\xaeN\x1e'
11E8E149-C9A4-6210-AF82-12DF17AE4E1E,2024-ncaa-d0-natl,ncaa,51,82,13,74,22,30,41,27,108,92,131,84,14,10,80,44,51,63,108,61,68,26,27,80,75,65,34,43,202,22,61,20,5,13,14,23,25,215,66,29,188,264,260,297,,,298,213,,,53,34,162,249,56,81,72,197,268,23,21,102,130,129,77,123,57,41,23,30,89,280,314,,172,,,57,312,317,323,181,282,257,237,326,342,117,318,171,153,238,151,100,318,307,197,181,219,219,291,66,73,5,313,61,235,14,314,246,140,228,266,106,38,292,270,,,26,134,,,53,329,39,138,56,164,188,193,144,80,270,302,80,67,64,150,99,14,143,59,232,258,44,222,,111,,,b'\x11\xe8\xe1I\xc9\xa4b\x10\xaf\x82\x12\xdf\x17\xaeN\x1e'
11E8E149-C9A4-6210-AF82-12DF17AE4E1E,2024-ncaa-d1-conf-Big Ten,ncaa,4,5,1,4,1,4,4,2,11,10,7,11,2,2,8,2,5,6,10,5,8,2,2,8,9,10,2,2,12,1,1,2,1,1,1,2,3,12,9,7,7,9,12,12,,,11,6,,,6,2,10,8,8,9,6,13,11,2,2,10,8,8,6,4,1,2,1,5,10,9,12,,5,,,6,9,13,13,5,11,12,8,12,11,4,12,3,3,3,3,1,11,11,8,3,3,4,13,2,4,1,14,1,11,1,10,8,6,7,8,8,7,13,12,,,3,10,,,6,13,8,2,6,2,4,6,4,3,6,10,1,1,1,5,4,2,9,3,5,8,7,12,,9,,,b'\x11\xe8\xe1I\xc9\xa4b\x10\xaf\x82\x12\xdf\x17\xaeN\x1e'
11E8E149-C9A4-6210-AF82-12DF17AE4E1E,2024-ncaa-d1-natl,ncaa,57,83,16,75,28,39,53,36,120,119,170,95,16,12,81,44,65,72,109,71,65,35,38,86,81,69,33,43,201,29,74,24,5,15,16,24,25,189,69,32,225,275,278,307,,,283,223,,,64,49,175,247,63,90,79,208,274,25,23,104,140,137,84,138,64,43,28,33,90,290,322,,180,,,70,299,311,312,201,273,236,254,325,340,127,321,157,139,245,135,105,306,290,219,202,243,217,293,69,50,5,288,74,198,16,311,251,173,244,277,89,39,285,280,,,44,128,,,64,320,42,166,65,183,204,198,159,79,272,301,89,74,74,156,97,15,148,61,245,271,44,231,,108,,,b'\x11\xe8\xe1I\xc9\xa4b\x10\xaf\x82\x12\xdf\x17\xaeN\x1e'
11E8E149-C9A4-6210-AF82-12DF17AE4E1E,2024-ncaa-d1-ncaatournament,ncaa,17,3,17,17,19,34,34,28,53,34,26,56,32,24,51,31,26,30,10,31,39,30,32,55,52,47,28,38,15,32,52,25,10,29,43,30,30,33,18,27,31,40,49,54,,,36,26,,,38,33,46,5,51,56,46,56,39,44,34,27,39,42,49,58,45,26,43,47,14,38,54,,18,,,35,34,35,38,13,32,32,36,53,55,17,66,17,15,55,14,22,37,36,27,21,11,57,65,13,28,10,53,52,43,43,50,59,21,16,27,27,22,53,62,,,25,10,,,38,39,50,5,30,8,11,24,7,3,56,63,7,6,6,14,14,12,55,31,41,17,16,56,,21,,,b'\x11\xe8\xe1I\xc9\xa4b\x10\xaf\x82\x12\xdf\x17\xaeN\x1e'
11E8E149-C9A4-6210-AF82-12DF17AE4E1E,2025-ncaa-d0-natl,genius_ncaa,84,91,54,97,64,42,47,69,40,70,111,64,23,55,10,114,63,74,111,68,106,66,70,25,26,30,81,75,217,91,97,50,76,54,49,16,19,146,73,19,194,256,115,160,,,238,151,,100,75,73,154,131,31,48,96,94,186,29,81,83,110,108,86,118,137,73,77,11,93,251,150,,144,,72,75,321,328,307,225,307,298,209,298,293,249,212,199,208,178,205,117,300,277,233,217,274,170,238,94,193,76,191,97,188,49,320,236,226,299,316,215,147,276,234,,,63,103,,176,75,286,28,251,79,249,274,270,255,243,262,240,148,141,139,250,173,123,77,83,278,298,157,229,,90,,218,b'\x11\xe8\xe1I\xc9\xa4b\x10\xaf\x82\x12\xdf\x17\xaeN\x1e'
11E8E149-C9A4-6210-AF82-12DF17AE4E1E,2025-ncaa-d1-conf-Big Ten,genius_ncaa,6,8,1,8,1,2,4,3,6,7,6,6,1,1,4,4,4,4,9,4,4,3,2,5,6,5,2,3,9,4,7,4,6,4,5,2,5,15,9,6,13,17,10,12,,,17,13,,3,11,3,9,2,5,8,8,12,13,3,1,6,7,7,7,7,7,4,5,2,12,17,10,,10,,2,11,18,18,18,12,18,17,11,17,16,6,11,16,17,2,17,13,18,18,11,10,14,9,9,8,13,6,14,7,14,5,15,9,13,17,14,15,14,18,17,,,3,5,,8,11,17,4,13,12,12,13,16,14,12,10,14,13,13,13,15,12,9,6,8,12,15,14,14,,6,,10,b'\x11\xe8\xe1I\xc9\xa4b\x10\xaf\x82\x12\xdf\x17\xaeN\x1e'
11E8E149-C9A4-6210-AF82-12DF17AE4E1E,2025-ncaa-d1-natl,genius_ncaa,95,91,72,99,81,51,54,79,42,84,139,65,27,70,12,113,71,87,109,81,99,80,88,28,28,32,78,75,214,115,103,64,83,73,55,19,17,124,78,19,227,268,128,171,,,210,163,,90,89,92,162,128,37,52,101,99,192,28,81,85,115,111,90,131,150,77,87,11,94,264,154,,154,,71,88,309,315,295,236,299,285,224,292,276,257,211,190,190,184,188,123,290,257,244,223,296,168,237,95,172,83,148,103,157,55,318,240,262,308,328,200,150,267,244,,,78,94,,184,89,268,31,268,91,267,281,270,267,249,266,241,150,144,142,253,172,127,79,87,284,307,162,237,,90,,212,b'\x11\xe8\xe1I\xc9\xa4b\x10\xaf\x82\x12\xdf\x17\xaeN\x1e'
11E8E149-C9A4-6210-AF82-12DF17AE4E1E,2025-ncaa-d1-ncaatournament,genius_ncaa,37,2,37,37,38,50,47,63,20,51,58,25,35,57,8,16,64,61,65,61,56,64,53,11,23,46,24,7,65,49,31,41,55,44,38,35,2,29,65,40,58,54,33,23,,,17,32,,38,31,50,41,7,46,38,59,48,55,16,36,63,58,58,62,44,42,23,34,7,63,52,13,,37,,61,32,2,6,19,13,12,23,25,4,16,6,28,8,14,7,14,18,22,22,9,7,7,9,15,27,33,55,3,31,11,38,9,41,53,43,36,23,54,9,30,,,50,38,,54,31,10,49,18,36,14,25,46,39,54,10,33,16,36,32,50,48,63,6,41,32,39,49,14,,36,,41,b'\x11\xe8\xe1I\xc9\xa4b\x10\xaf\x82\x12\xdf\x17\xaeN\x1e'
11E8E149-C9A4-6210-AF82-12DF17AE4E1E,2026-ncaa-d0-natl,genius_ncaa,5,1,49,1,73,10,9,48,3,11,69,2,26,54,34,132,57,89,50,89,178,48,75,4,4,5,242,157,297,106,73,84,24,87,25,3,31,98,22,8,51,57,106,84,,,213,116,,73,13,64,114,97,9,9,48,9,122,35,82,87,140,145,55,130,185,132,133,4,22,68,154,,100,,44,12,196,199,212,146,165,140,214,264,298,98,329,163,191,61,188,219,195,268,169,149,53,236,272,121,86,24,149,73,116,25,144,92,27,23,20,165,80,136,60,,,23,35,,66,13,292,7,42,11,56,58,32,52,17,170,244,72,97,91,22,99,21,21,12,52,35,83,69,,33,,115,b'\x11\xe8\xe1I\xc9\xa4b\x10\xaf\x82\x12\xdf\x17\xaeN\x1e'
11E8E149-C9A4-6210-AF82-12DF17AE4E1E,2026-ncaa-d1-conf-Big Ten,genius_ncaa,1,1,1,1,3,2,2,5,3,6,15,2,1,2,4,1,4,4,7,3,3,4,7,2,2,2,5,6,9,15,16,17,4,18,13,1,5,2,2,1,5,5,12,12,,,5,8,,1,5,3,1,3,2,2,5,6,15,1,2,4,4,3,4,7,15,17,18,1,2,5,12,,5,,1,5,14,13,3,17,14,8,16,10,6,16,7,11,8,14,8,7,2,7,16,16,15,8,9,6,2,4,6,16,2,13,11,6,5,4,5,5,6,2,3,,,3,2,,2,5,12,2,14,5,14,13,3,14,8,10,6,11,8,8,2,7,2,6,2,11,5,5,2,,3,,2,b'\x11\xe8\xe1I\xc9\xa4b\x10\xaf\x82\x12\xdf\x17\xaeN\x1e'
11E8E149-C9A4-6210-AF82-12DF17AE4E1E,2026-ncaa-d1-natl,genius_ncaa,5,1,85,1,117,11,10,70,3,13,108,2,38,76,34,130,86,129,48,124,172,72,120,4,4,5,229,156,293,157,96,120,27,128,34,4,34,59,27,8,73,78,138,95,,,171,124,,55,13,108,129,100,9,9,61,9,138,42,86,91,148,151,71,162,211,150,164,4,22,91,160,,112,,50,12,156,153,154,185,124,88,256,238,272,118,322,120,144,68,140,224,142,212,202,185,81,232,270,122,43,27,89,96,62,34,106,92,46,30,31,122,81,108,69,,,31,28,,86,13,248,7,57,11,75,76,35,73,18,190,250,84,107,99,28,95,21,20,12,61,46,81,83,,32,,113,b'\x11\xe8\xe1I\xc9\xa4b\x10\xaf\x82\x12\xdf\x17\xaeN\x1e'
11E8E149-C9A8-94C0-AF82-12DF17AE4E1E,2010-ncaa-d0-natl,ncaa,149,174,81,163,120,139,141,137,161,93,80,164,264,270,232,285,57,67,102,67,132,123,82,204,171,215,257,293,55,69,32,78,84,59,26,161,211,324,278,252,130,168,84,120,,,224,171,,,163,99,110,283,169,182,204,113,102,290,286,72,92,88,174,105,76,87,56,192,293,159,96,,170,,,163,233,223,240,141,273,287,143,82,108,89,60,268,282,116,284,205,264,250,110,116,146,91,57,250,184,84,92,32,114,26,112,50,163,210,121,318,279,340,326,,,107,200,,,163,250,200,123,161,166,164,185,221,265,58,76,234,248,251,220,199,133,42,47,78,210,294,336,,152,,,b'\x11\xe8\xe1I\xc9\xa8\x94\xc0\xaf\x82\x12\xdf\x17\xaeN\x1e'
11E8E149-C9A8-94C0-AF82-12DF17AE4E1E,2010-ncaa-d1-conf-WAC,ncaa,3,3,3,3,4,3,4,6,3,3,2,2,7,6,6,7,2,2,2,2,1,5,3,2,2,5,6,7,1,3,1,3,4,3,2,3,3,8,7,6,4,5,5,5,,,8,7,,,3,3,7,6,5,5,7,3,3,7,7,2,2,2,6,5,3,5,3,3,7,5,5,,5,,,3,4,4,5,3,6,6,3,1,2,2,2,4,6,5,6,5,6,7,2,3,4,4,1,5,5,4,1,1,1,2,2,3,6,6,5,8,6,7,7,,,2,2,,,3,6,3,4,3,2,2,4,5,6,2,2,4,5,5,4,2,3,1,1,2,7,6,6,,3,,,b'\x11\xe8\xe1I\xc9\xa8\x94\xc0\xaf\x82\x12\xdf\x17\xaeN\x1e'
11E8E149-C9A8-94C0-AF82-12DF17AE4E1E,2010-ncaa-d1-natl,ncaa,132,174,53,162,88,116,132,124,166,83,74,171,259,271,230,286,48,59,93,56,113,99,53,207,170,218,250,291,44,53,28,55,80,42,24,148,208,327,280,256,116,155,78,115,,,260,190,,,157,71,115,285,175,195,213,119,116,289,288,63,85,83,178,108,82,89,61,200,294,151,93,,189,,,158,249,245,270,137,284,297,138,77,117,68,56,277,286,110,290,199,282,268,103,109,132,77,50,248,186,80,101,28,133,24,125,50,137,198,109,321,280,340,321,,,80,178,,,157,280,200,109,157,149,155,170,218,264,48,63,226,235,246,209,191,130,37,42,75,198,294,331,,138,,,b'\x11\xe8\xe1I\xc9\xa8\x94\xc0\xaf\x82\x12\xdf\x17\xaeN\x1e'
11E8E149-C9A8-94C0-AF82-12DF17AE4E1E,2011-ncaa-d0-natl,ncaa,71,60,77,67,99,91,89,113,74,76,96,86,190,216,122,241,57,63,120,67,101,102,82,103,82,119,221,248,99,86,45,48,34,46,18,133,241,281,225,217,172,203,119,161,,,187,143,,,106,91,134,213,94,105,181,84,132,209,241,69,73,76,150,118,112,36,39,169,241,200,134,,137,,,106,237,222,273,116,268,303,95,99,103,161,50,259,235,248,240,150,278,243,87,114,182,96,70,235,126,34,90,45,85,18,155,84,240,282,216,314,274,282,224,,,87,160,,,106,256,101,152,106,164,164,220,218,294,81,71,227,212,217,236,159,81,40,34,120,285,278,258,,129,,,b'\x11\xe8\xe1I\xc9\xa8\x94\xc0\xaf\x82\x12\xdf\x17\xaeN\x1e'
11E8E149-C9A8-94C0-AF82-12DF17AE4E1E,2011-ncaa-d1-conf-WAC,ncaa,4,4,1,4,4,4,5,6,5,4,5,5,7,6,6,6,2,2,3,2,3,5,4,5,5,5,4,6,1,3,2,1,2,1,1,6,7,8,7,7,7,7,4,5,,,2,2,,,4,5,7,5,4,5,7,4,5,7,6,2,2,3,7,6,3,1,2,6,7,7,4,,2,,,4,2,4,6,1,5,8,1,2,2,3,2,4,3,8,2,2,6,4,1,1,3,3,2,7,3,2,1,2,1,1,2,2,7,8,4,8,8,7,8,,,4,4,,,4,4,4,3,3,1,3,4,4,8,2,2,4,3,2,4,1,2,1,1,2,8,8,6,,5,,,b'\x11\xe8\xe1I\xc9\xa8\x94\xc0\xaf\x82\x12\xdf\x17\xaeN\x1e'
11E8E149-C9A8-94C0-AF82-12DF17AE4E1E,2011-ncaa-d1-natl,ncaa,63,57,51,63,75,75,79,108,72,70,88,84,173,203,110,239,50,43,127,46,83,86,68,94,80,115,208,241,85,80,56,30,33,37,19,129,239,294,231,217,160,206,113,168,,,222,160,,,112,65,115,218,90,108,192,89,142,198,240,63,61,61,156,118,124,35,40,168,245,202,139,,157,,,111,258,251,286,119,280,313,100,115,113,155,54,273,269,221,273,162,296,269,90,117,187,100,72,239,139,33,104,56,109,19,160,69,230,289,216,324,279,293,239,,,70,146,,,112,278,103,156,111,172,171,228,221,294,89,78,235,229,232,241,170,84,40,34,114,288,281,265,,113,,,b'\x11\xe8\xe1I\xc9\xa8\x94\xc0\xaf\x82\x12\xdf\x17\xaeN\x1e'
11E8E149-C9A8-94C0-AF82-12DF17AE4E1E,2012-ncaa-d0-natl,ncaa,305,309,240,310,247,147,118,180,62,95,140,59,204,218,156,224,213,192,242,200,229,182,158,83,104,153,274,228,251,185,161,213,201,203,182,122,160,266,257,189,240,263,91,106,,,134,103,,,288,144,30,47,81,56,86,44,83,179,196,182,151,157,97,40,154,152,149,69,301,228,59,,204,,,287,317,318,234,326,309,273,293,250,115,342,77,283,241,301,237,173,237,191,322,326,335,139,148,152,153,201,122,161,130,182,329,293,268,304,336,293,286,173,149,,,248,288,,,288,199,160,332,285,338,337,324,330,326,280,168,306,286,285,325,308,220,204,220,339,252,311,210,,195,,,b'\x11\xe8\xe1I\xc9\xa8\x94\xc0\xaf\x82\x12\xdf\x17\xaeN\x1e'
11E8E149-C9A8-94C0-AF82-12DF17AE4E1E,2012-ncaa-d1-conf-WAC,ncaa,7,7,5,7,5,4,4,4,4,4,2,4,5,6,5,6,4,3,7,3,5,4,4,5,5,5,5,5,4,3,3,8,4,8,7,5,8,3,4,4,5,4,3,3,,,5,6,,,7,5,1,2,3,3,3,1,2,4,5,4,2,2,2,1,2,8,7,4,4,4,3,,7,,,7,8,7,2,8,7,4,8,5,2,8,2,8,7,8,7,8,3,3,8,8,8,4,3,6,1,4,5,3,3,7,8,7,5,4,7,5,6,7,6,,,5,4,,,7,4,3,8,6,8,8,4,8,7,6,3,8,8,8,5,6,3,6,4,8,5,6,7,,2,,,b'\x11\xe8\xe1I\xc9\xa8\x94\xc0\xaf\x82\x12\xdf\x17\xaeN\x1e'
11E8E149-C9A8-94C0-AF82-12DF17AE4E1E,2012-ncaa-d1-natl,ncaa,301,306,196,304,204,128,111,156,65,81,119,71,204,210,161,232,164,146,228,158,207,148,119,93,105,151,265,240,218,168,158,194,183,191,172,108,160,276,254,183,233,251,89,112,,,153,109,,,288,107,25,46,77,57,82,44,74,180,198,142,116,123,79,33,140,146,141,71,296,215,66,,213,,,288,332,325,255,328,315,281,298,273,132,343,77,297,273,316,272,184,268,217,326,328,338,156,152,170,158,183,145,158,163,172,331,287,260,298,332,294,280,218,174,,,209,269,,,288,234,158,330,285,339,337,320,328,322,290,167,310,289,290,325,309,209,215,224,336,246,309,236,,168,,,b'\x11\xe8\xe1I\xc9\xa8\x94\xc0\xaf\x82\x12\xdf\x17\xaeN\x1e'
11E8E149-C9A8-94C0-AF82-12DF17AE4E1E,2013-ncaa-d0-natl,ncaa,304,310,183,310,236,204,227,144,299,193,116,293,248,216,299,230,84,70,178,69,100,135,99,308,295,291,176,240,29,78,120,195,298,139,235,256,259,285,246,304,117,143,111,145,,,84,45,,,295,114,26,267,202,231,96,186,90,249,205,61,45,44,65,28,51,183,87,265,297,97,101,,117,,,292,271,304,266,288,311,296,268,154,150,205,92,117,131,97,136,70,261,256,261,238,238,29,99,63,286,298,265,120,284,235,281,175,143,186,236,323,290,311,284,,,162,249,,,295,231,282,256,290,303,321,327,323,327,175,170,142,151,158,323,327,312,283,314,300,114,321,314,,146,,,b'\x11\xe8\xe1I\xc9\xa8\x94\xc0\xaf\x82\x12\xdf\x17\xaeN\x1e'
11E8E149-C9A8-94C0-AF82-12DF17AE4E1E,2013-ncaa-d1-conf-Mountain West,ncaa,8,9,3,9,3,7,7,3,9,7,3,9,8,6,9,5,3,2,8,2,4,3,2,9,9,9,5,6,3,2,5,5,8,3,8,8,8,8,5,9,5,5,3,4,,,5,4,,,8,2,4,1,8,8,5,8,4,8,5,4,2,2,3,3,2,7,5,9,6,5,4,,4,,,8,8,9,9,7,9,9,7,4,4,5,3,4,4,5,4,4,9,8,6,6,7,2,3,4,8,8,9,5,9,8,6,3,3,6,4,6,5,8,8,,,4,6,,,8,8,8,7,8,6,9,8,9,9,3,4,4,4,4,8,7,7,9,9,6,5,5,8,,4,,,b'\x11\xe8\xe1I\xc9\xa8\x94\xc0\xaf\x82\x12\xdf\x17\xaeN\x1e'
11E8E149-C9A8-94C0-AF82-12DF17AE4E1E,2013-ncaa-d1-natl,ncaa,298,310,136,306,200,181,213,116,305,179,96,295,240,203,294,231,53,49,154,48,84,100,70,312,294,285,167,238,22,54,113,182,298,109,225,249,252,301,234,302,115,147,106,152,,,117,53,,,299,79,24,267,187,228,85,187,84,246,200,35,37,36,51,22,43,186,76,262,295,103,101,,133,,,295,304,321,292,298,324,313,276,177,160,213,91,139,155,95,164,72,282,281,275,246,249,31,101,63,299,298,280,113,305,225,292,154,118,188,231,319,275,308,268,,,130,232,,,299,264,275,267,287,310,325,327,327,328,180,172,148,166,168,326,331,316,285,315,296,110,312,306,,119,,,b'\x11\xe8\xe1I\xc9\xa8\x94\xc0\xaf\x82\x12\xdf\x17\xaeN\x1e'
11E8E149-C9A8-94C0-AF82-12DF17AE4E1E,2014-ncaa-d0-natl,ncaa,129,105,180,123,219,137,153,119,218,100,82,216,255,237,291,264,51,56,161,54,98,103,108,254,220,200,236,297,40,52,60,115,154,76,79,175,192,175,119,175,236,249,98,105,,,98,75,,,140,142,65,191,84,110,51,69,41,259,214,25,28,28,32,30,23,62,21,149,211,225,88,,122,,,142,190,176,230,108,169,233,84,198,193,187,165,211,177,297,179,148,232,200,102,122,183,220,194,217,215,154,160,60,181,79,220,243,248,286,267,239,191,257,191,,,124,179,,,140,190,143,192,154,248,228,312,210,287,214,217,242,205,209,308,272,240,204,235,249,243,252,277,,77,,,b'\x11\xe8\xe1I\xc9\xa8\x94\xc0\xaf\x82\x12\xdf\x17\xaeN\x1e'
11E8E149-C9A8-94C0-AF82-12DF17AE4E1E,2014-ncaa-d1-conf-Mountain West,ncaa,3,3,3,3,4,5,4,3,9,3,1,8,9,8,9,10,2,2,6,2,4,1,2,9,9,8,9,10,1,1,2,4,5,1,2,7,8,6,3,6,7,9,3,4,,,5,6,,,5,6,4,6,7,5,2,3,1,10,9,2,2,2,2,2,1,3,1,7,5,8,3,,5,,,5,7,5,6,5,8,9,3,4,4,4,5,9,7,9,8,6,8,6,3,4,5,6,5,8,5,5,6,2,5,2,5,4,9,8,7,8,8,11,8,,,2,2,,,5,6,6,5,5,7,5,7,8,9,4,4,8,6,6,8,7,6,6,6,5,9,8,11,,2,,,b'\x11\xe8\xe1I\xc9\xa8\x94\xc0\xaf\x82\x12\xdf\x17\xaeN\x1e'
11E8E149-C9A8-94C0-AF82-12DF17AE4E1E,2014-ncaa-d1-natl,ncaa,123,105,145,121,180,130,140,113,196,95,76,198,250,222,283,262,44,49,172,47,92,91,91,241,204,193,234,295,42,50,61,89,164,66,75,156,187,217,147,186,227,253,93,108,,,117,76,,,147,115,66,206,83,116,66,76,57,258,215,28,27,26,41,34,29,52,20,147,233,229,91,,123,,,147,219,208,271,98,199,271,81,205,209,164,165,214,188,276,192,143,266,226,98,107,175,204,186,210,243,164,166,61,195,75,247,253,247,294,281,265,226,257,194,,,97,165,,,147,216,145,193,162,248,234,320,215,292,213,225,236,205,209,312,272,255,189,235,261,257,272,269,,69,,,b'\x11\xe8\xe1I\xc9\xa8\x94\xc0\xaf\x82\x12\xdf\x17\xaeN\x1e'
11E8E149-C9A8-94C0-AF82-12DF17AE4E1E,2015-ncaa-d0-natl,ncaa,282,279,243,289,261,291,271,266,234,176,131,253,328,326,311,325,253,144,347,148,199,252,203,287,303,322,322,320,136,54,13,169,216,98,39,189,65,311,322,268,293,293,43,42,,,36,58,,,255,277,230,174,295,257,234,131,65,328,321,231,101,112,208,108,20,83,18,152,330,284,27,,72,,,255,79,114,169,83,123,217,59,129,121,208,127,57,61,118,60,54,132,92,87,69,139,112,187,96,215,216,29,13,70,39,224,316,288,286,302,337,339,95,77,,,164,141,,,255,71,293,167,261,147,188,284,193,298,179,163,96,97,99,253,169,280,62,134,284,275,338,119,,94,,,b'\x11\xe8\xe1I\xc9\xa8\x94\xc0\xaf\x82\x12\xdf\x17\xaeN\x1e'
11E8E149-C9A8-94C0-AF82-12DF17AE4E1E,2015-ncaa-d1-conf-Mountain West,ncaa,9,9,7,9,8,10,10,9,9,7,6,9,10,10,9,9,9,6,11,6,8,9,6,10,10,11,10,9,6,2,1,7,8,4,2,6,3,10,11,9,11,11,3,3,,,3,3,,,10,10,8,5,10,10,6,6,4,10,9,9,5,5,7,5,2,5,2,6,11,11,3,,3,,,10,4,6,6,5,7,9,5,2,4,4,3,3,3,1,3,2,5,3,4,2,5,3,3,3,8,8,2,1,4,2,6,5,11,10,9,11,11,2,2,,,4,3,,,10,2,10,7,10,6,8,8,9,11,3,4,3,5,5,7,6,8,5,7,7,10,11,3,,3,,,b'\x11\xe8\xe1I\xc9\xa8\x94\xc0\xaf\x82\x12\xdf\x17\xaeN\x1e'
11E8E149-C9A8-94C0-AF82-12DF17AE4E1E,2015-ncaa-d1-natl,ncaa,277,279,209,279,248,287,264,258,233,162,115,251,330,323,308,328,234,133,347,138,189,243,187,281,300,318,322,325,116,47,12,149,199,80,33,180,72,312,316,262,296,293,43,42,,,35,53,,,259,272,232,174,284,254,237,122,64,329,322,218,87,97,201,112,19,75,14,148,328,286,27,,62,,,259,77,119,194,83,118,216,55,173,142,252,148,59,69,99,66,57,164,102,93,69,145,138,229,94,218,199,24,12,74,33,251,319,297,294,308,337,337,95,74,,,151,137,,,259,75,282,178,263,150,188,285,169,287,208,181,89,96,97,254,159,275,58,119,290,287,338,119,,91,,,b'\x11\xe8\xe1I\xc9\xa8\x94\xc0\xaf\x82\x12\xdf\x17\xaeN\x1e'
11E8E149-C9A8-94C0-AF82-12DF17AE4E1E,2016-ncaa-d0-natl,ncaa,325,327,240,329,255,305,304,260,305,254,213,285,297,248,329,220,247,250,214,250,227,266,253,311,311,321,242,259,121,185,179,278,305,254,266,317,305,235,274,324,275,266,140,193,,,44,49,,,317,265,190,169,308,300,218,236,163,294,231,232,227,231,234,191,158,255,209,323,275,260,125,,70,,,319,179,261,195,287,317,282,276,45,40,113,27,66,60,235,52,27,155,112,240,223,265,6,25,57,250,305,149,179,184,266,169,91,275,270,257,146,206,68,94,,,235,189,,,317,86,313,280,317,262,307,296,335,340,51,45,100,91,78,246,220,294,228,270,221,257,204,99,,203,,,b'\x11\xe8\xe1I\xc9\xa8\x94\xc0\xaf\x82\x12\xdf\x17\xaeN\x1e'
11E8E149-C9A8-94C0-AF82-12DF17AE4E1E,2016-ncaa-d1-conf-Mountain West,ncaa,10,10,7,10,8,10,10,7,9,7,5,8,10,10,11,8,8,8,6,8,10,8,8,10,10,10,11,9,6,5,6,8,9,8,8,11,10,8,10,11,8,10,3,3,,,5,4,,,10,9,3,5,10,10,5,5,3,10,9,7,8,8,6,4,5,8,5,10,10,8,3,,6,,,10,7,9,8,9,9,10,7,2,4,4,3,6,4,9,3,2,8,6,7,7,9,2,3,6,9,9,8,6,10,8,5,4,8,8,7,7,9,6,5,,,6,5,,,10,4,10,10,10,9,9,10,9,10,4,4,7,7,6,10,10,10,10,10,7,6,9,7,,4,,,b'\x11\xe8\xe1I\xc9\xa8\x94\xc0\xaf\x82\x12\xdf\x17\xaeN\x1e'
11E8E149-C9A8-94C0-AF82-12DF17AE4E1E,2016-ncaa-d1-natl,ncaa,323,327,218,326,256,311,301,261,305,253,214,289,297,250,332,217,252,254,207,257,235,268,240,316,314,324,242,260,125,174,174,269,304,242,253,326,302,248,283,329,274,277,137,188,,,40,51,,,319,264,200,164,313,305,225,239,166,294,231,244,237,241,243,197,151,256,210,329,280,268,122,,67,,,319,198,267,208,286,321,292,268,37,34,107,28,73,64,267,61,26,174,122,232,219,270,7,23,64,261,304,149,174,197,253,183,97,282,281,265,186,230,79,97,,,237,202,,,319,96,318,286,318,254,309,294,334,339,46,46,107,90,81,244,205,293,211,261,223,266,223,104,,214,,,b'\x11\xe8\xe1I\xc9\xa8\x94\xc0\xaf\x82\x12\xdf\x17\xaeN\x1e'
11E8E149-C9A8-94C0-AF82-12DF17AE4E1E,2017-ncaa-d0-natl,ncaa,255,247,234,259,237,176,219,172,260,209,163,275,190,178,213,185,70,99,49,101,74,163,124,267,204,233,102,189,26,74,46,162,215,119,90,202,171,295,271,262,229,236,88,104,,,75,56,,,235,157,41,21,120,184,74,179,115,170,147,22,47,46,55,17,40,96,41,182,312,210,64,,110,,,237,224,254,250,210,277,265,215,142,165,145,123,137,151,168,157,91,237,200,179,164,230,59,107,123,210,215,69,46,112,90,176,88,242,265,240,334,326,227,228,,,150,197,,,235,195,202,240,229,296,318,330,321,335,186,205,184,185,195,329,323,272,135,195,228,223,340,263,,81,,,b'\x11\xe8\xe1I\xc9\xa8\x94\xc0\xaf\x82\x12\xdf\x17\xaeN\x1e'
11E8E149-C9A8-94C0-AF82-12DF17AE4E1E,2017-ncaa-d1-conf-Mountain West,ncaa,10,10,7,10,8,5,9,5,9,7,5,10,7,6,9,8,1,1,3,1,1,4,3,9,9,8,3,8,1,1,1,9,10,5,4,9,9,10,9,10,4,5,3,5,,,7,7,,,8,4,2,8,3,7,4,6,3,7,6,1,1,1,2,1,1,8,2,9,10,3,3,,10,,,8,8,8,6,8,9,8,8,3,3,8,3,8,8,6,9,9,7,8,7,7,7,3,3,8,9,10,3,1,6,4,5,4,3,4,5,11,10,11,11,,,1,3,,,8,8,7,9,8,9,9,9,9,9,5,3,9,9,9,9,10,10,4,8,8,3,11,11,,1,,,b'\x11\xe8\xe1I\xc9\xa8\x94\xc0\xaf\x82\x12\xdf\x17\xaeN\x1e'
11E8E149-C9A8-94C0-AF82-12DF17AE4E1E,2017-ncaa-d1-natl,ncaa,258,247,217,260,224,168,220,168,267,217,168,274,186,176,204,178,64,94,54,94,75,145,110,261,214,236,97,186,25,63,37,160,216,109,84,199,159,302,276,263,235,246,80,104,,,65,51,,,232,144,50,23,125,192,81,189,123,169,145,23,51,51,64,22,34,98,36,176,314,218,61,,97,,,232,230,273,270,204,294,283,213,135,167,113,118,128,137,138,145,85,258,218,170,156,207,52,96,104,226,216,71,37,120,84,187,87,241,265,230,337,327,232,226,,,148,203,,,232,210,207,227,229,292,317,330,322,334,174,202,160,175,185,328,323,274,126,184,223,225,340,260,,87,,,b'\x11\xe8\xe1I\xc9\xa8\x94\xc0\xaf\x82\x12\xdf\x17\xaeN\x1e'
11E8E149-C9A8-94C0-AF82-12DF17AE4E1E,2018-ncaa-d0-natl,ncaa,118,207,12,173,12,39,41,29,87,24,15,182,194,287,30,333,15,21,84,21,209,27,29,127,103,84,283,306,76,31,54,71,108,40,74,57,180,212,73,91,120,187,225,283,,,219,68,,,151,30,201,38,80,83,125,45,24,263,329,43,70,72,103,133,84,222,144,114,81,192,271,,70,,,154,336,341,321,326,340,325,274,320,243,346,120,118,111,193,118,28,316,322,324,306,291,72,215,19,205,108,256,54,242,74,325,121,77,173,221,230,104,264,78,,,9,47,,,151,326,69,254,135,249,301,215,297,259,248,110,35,34,36,152,148,72,77,62,233,186,107,188,,47,,,b'\x11\xe8\xe1I\xc9\xa8\x94\xc0\xaf\x82\x12\xdf\x17\xaeN\x1e'
11E8E149-C9A8-94C0-AF82-12DF17AE4E1E,2018-ncaa-d1-conf-Mountain West,ncaa,5,7,1,7,1,1,1,1,4,1,1,5,8,9,3,11,1,1,5,1,6,1,1,6,6,5,10,10,3,1,3,1,6,1,3,1,8,9,2,4,2,4,7,8,,,11,3,,,6,1,4,1,2,2,3,1,1,9,11,2,2,2,2,3,1,8,3,4,5,4,8,,3,,,6,11,11,11,11,11,11,10,9,9,10,5,5,6,4,6,2,11,11,11,10,9,3,7,1,9,6,8,3,9,3,10,6,2,5,7,6,4,9,2,,,1,2,,,6,11,3,8,5,8,9,7,9,8,7,4,2,2,2,7,7,5,4,4,8,5,5,6,,1,,,b'\x11\xe8\xe1I\xc9\xa8\x94\xc0\xaf\x82\x12\xdf\x17\xaeN\x1e'
11E8E149-C9A8-94C0-AF82-12DF17AE4E1E,2018-ncaa-d1-natl,ncaa,106,207,9,174,9,36,38,27,92,22,9,185,199,286,36,333,12,17,75,18,202,23,21,132,105,88,279,303,70,26,58,66,108,36,76,50,178,221,74,95,122,191,239,292,,,223,64,,,157,25,203,40,80,87,125,49,26,263,326,39,63,70,102,136,83,222,145,114,82,194,287,,64,,,161,338,347,329,328,343,333,274,320,248,346,116,128,120,182,125,28,324,328,328,311,293,71,215,19,203,108,268,58,263,76,330,124,82,177,227,255,124,259,79,,,4,47,,,157,332,70,260,142,252,303,216,297,262,249,108,37,34,36,155,149,71,82,65,236,189,133,181,,50,,,b'\x11\xe8\xe1I\xc9\xa8\x94\xc0\xaf\x82\x12\xdf\x17\xaeN\x1e'
11E8E149-C9A8-94C0-AF82-12DF17AE4E1E,2019-ncaa-d0-natl,ncaa,236,245,173,242,177,179,155,171,149,92,70,175,306,311,261,315,120,138,125,134,213,162,156,215,193,200,314,322,97,100,57,271,216,194,139,246,313,213,188,250,159,148,308,318,,,151,171,,,214,184,181,22,146,135,132,55,45,313,313,95,121,116,125,109,85,288,187,254,217,151,313,,182,,,212,221,243,137,315,278,192,303,113,71,269,88,164,167,143,166,145,133,150,303,296,273,67,85,135,120,216,76,57,76,139,193,124,150,132,173,298,288,230,150,,,166,171,,,214,164,170,260,215,248,273,145,293,230,122,79,180,191,190,145,183,138,93,93,210,127,299,234,,137,,,b'\x11\xe8\xe1I\xc9\xa8\x94\xc0\xaf\x82\x12\xdf\x17\xaeN\x1e'
11E8E149-C9A8-94C0-AF82-12DF17AE4E1E,2019-ncaa-d1-conf-Mountain West,ncaa,8,7,4,8,4,5,5,4,4,2,2,5,10,10,6,11,1,4,4,4,8,4,3,5,5,5,11,11,3,1,2,9,5,6,2,8,9,8,8,9,5,5,11,11,,,8,9,,,5,5,6,1,4,4,5,1,2,10,11,2,4,4,4,4,3,9,5,8,8,5,11,,8,,,5,8,6,5,10,6,5,9,4,4,9,4,9,8,7,8,8,6,7,10,10,8,4,4,7,4,5,2,2,3,2,6,4,4,4,5,10,10,7,5,,,2,4,,,5,7,5,6,6,8,6,5,8,5,4,4,8,8,8,6,6,4,1,2,5,4,10,6,,3,,,b'\x11\xe8\xe1I\xc9\xa8\x94\xc0\xaf\x82\x12\xdf\x17\xaeN\x1e'
11E8E149-C9A8-94C0-AF82-12DF17AE4E1E,2019-ncaa-d1-natl,ncaa,232,245,155,244,162,182,154,160,155,83,64,184,301,309,257,310,137,151,134,150,225,159,154,215,199,205,313,314,112,94,57,264,228,193,141,238,306,207,188,240,164,151,308,320,,,144,155,,,219,186,178,24,153,135,131,64,41,307,309,115,131,126,129,110,80,284,187,248,219,159,313,,169,,,218,222,251,145,315,278,193,304,106,74,251,87,154,160,147,161,140,144,147,300,293,271,58,85,127,125,228,78,57,83,141,196,122,151,135,176,296,289,209,138,,,181,185,,,219,160,172,259,221,251,276,156,296,235,115,80,174,183,181,151,184,151,100,103,208,130,298,219,,147,,,b'\x11\xe8\xe1I\xc9\xa8\x94\xc0\xaf\x82\x12\xdf\x17\xaeN\x1e'
11E8E149-C9A8-94C0-AF82-12DF17AE4E1E,2020-ncaa-d0-natl,ncaa,182,195,87,189,129,96,59,50,109,33,24,136,245,252,194,292,193,244,78,235,320,66,93,155,156,133,316,285,269,84,113,241,262,170,200,62,117,124,78,75,143,161,245,301,,,141,98,,,188,117,135,154,101,54,39,28,24,253,270,203,257,252,65,93,93,278,203,56,115,157,252,,133,,,188,282,329,268,335,346,330,320,69,56,159,33,60,49,249,57,16,234,232,300,279,280,3,24,21,251,262,205,113,236,200,190,38,149,175,160,174,122,57,17,,,278,327,,,188,218,114,281,194,270,326,267,345,338,56,42,58,44,50,218,221,228,176,210,172,165,160,51,,300,,,b'\x11\xe8\xe1I\xc9\xa8\x94\xc0\xaf\x82\x12\xdf\x17\xaeN\x1e'
11E8E149-C9A8-94C0-AF82-12DF17AE4E1E,2020-ncaa-d1-conf-Mountain West,ncaa,7,7,3,7,5,5,3,4,5,3,1,6,8,8,6,10,8,9,5,9,10,5,5,7,6,7,11,10,8,3,3,11,10,7,8,4,3,6,4,4,6,7,10,11,,,8,7,,,10,5,5,6,5,4,3,2,1,8,8,9,8,8,4,5,3,11,8,5,5,6,10,,8,,,10,11,11,7,11,11,9,11,3,1,7,2,4,4,4,4,2,7,7,11,11,11,1,2,2,9,10,5,3,8,8,5,2,5,7,5,5,6,6,4,,,10,11,,,10,7,4,11,10,10,11,7,11,11,3,2,4,4,4,6,8,9,6,8,5,5,6,5,,10,,,b'\x11\xe8\xe1I\xc9\xa8\x94\xc0\xaf\x82\x12\xdf\x17\xaeN\x1e'
11E8E149-C9A8-94C0-AF82-12DF17AE4E1E,2020-ncaa-d1-natl,ncaa,177,195,45,195,87,77,48,35,102,26,18,137,240,246,187,289,180,238,72,231,319,49,69,155,159,133,308,283,264,83,113,235,281,163,211,55,142,132,77,79,148,173,252,307,,,163,107,,,195,76,140,158,104,57,41,32,28,253,269,201,257,248,71,99,97,279,209,66,111,167,265,,145,,,195,297,333,289,329,347,340,317,68,54,149,34,81,70,249,74,19,270,275,300,279,281,3,24,25,268,281,220,113,260,211,196,41,150,188,167,182,128,58,17,,,271,327,,,195,263,111,288,200,275,325,270,345,339,58,45,71,58,62,226,225,247,172,218,174,172,158,50,,302,,,b'\x11\xe8\xe1I\xc9\xa8\x94\xc0\xaf\x82\x12\xdf\x17\xaeN\x1e'
11E8E149-C9A8-94C0-AF82-12DF17AE4E1E,2021-ncaa-d0-natl,ncaa,151,104,219,138,238,219,201,183,250,148,113,246,286,261,321,292,221,256,26,250,315,194,220,278,278,228,317,304,189,94,56,198,76,161,52,270,325,70,65,197,258,246,252,251,,,100,159,,,156,239,214,211,189,144,55,72,26,300,265,210,257,252,75,116,39,101,41,285,78,260,244,,138,,,160,100,111,118,124,131,125,169,92,116,54,168,115,91,287,88,100,106,95,105,102,166,98,116,155,85,76,121,56,100,52,57,20,269,260,127,58,50,96,49,,,273,331,,,156,97,179,146,165,126,145,176,178,188,107,157,133,106,102,156,88,100,186,132,36,277,65,110,,314,,,b'\x11\xe8\xe1I\xc9\xa8\x94\xc0\xaf\x82\x12\xdf\x17\xaeN\x1e'
11E8E149-C9A8-94C0-AF82-12DF17AE4E1E,2021-ncaa-d1-conf-Mountain West,ncaa,7,6,8,7,9,10,10,10,7,5,6,7,10,9,10,9,3,6,2,6,4,9,8,8,7,7,10,10,2,4,1,9,5,7,1,10,11,5,10,11,8,7,10,11,,,7,11,,,7,10,10,6,7,8,7,5,3,10,9,3,3,3,8,7,2,9,4,11,8,8,11,,8,,,7,3,2,3,4,3,3,8,3,5,1,6,6,6,9,6,9,3,2,3,4,4,5,4,10,5,5,2,1,2,1,3,4,8,6,4,4,5,3,3,,,6,4,,,7,2,7,5,7,2,2,3,4,4,3,4,8,6,6,3,2,5,1,2,2,7,7,3,,3,,,b'\x11\xe8\xe1I\xc9\xa8\x94\xc0\xaf\x82\x12\xdf\x17\xaeN\x1e'
11E8E149-C9A8-94C0-AF82-12DF17AE4E1E,2021-ncaa-d1-natl,ncaa,119,104,182,117,199,186,172,138,256,107,66,261,276,248,318,303,170,225,15,217,311,154,172,289,282,236,317,315,154,60,49,162,81,118,55,235,323,108,70,206,222,228,227,248,,,134,150,,,162,198,201,211,191,148,52,68,20,308,279,173,244,238,70,101,33,126,43,282,92,240,240,,132,,,162,137,148,153,161,177,171,185,112,144,76,149,134,117,284,116,83,143,135,138,141,172,88,109,139,110,81,158,49,135,55,66,14,227,226,88,88,57,111,44,,,249,325,,,162,140,177,151,171,139,167,172,198,197,106,140,124,94,98,142,98,92,181,123,24,246,73,101,,304,,,b'\x11\xe8\xe1I\xc9\xa8\x94\xc0\xaf\x82\x12\xdf\x17\xaeN\x1e'
11E8E149-C9A8-94C0-AF82-12DF17AE4E1E,2022-ncaa-d0-natl,ncaa,107,134,79,127,79,103,96,88,147,100,91,155,113,111,141,152,165,251,3,265,327,102,122,150,130,92,194,158,240,173,232,183,106,187,213,157,269,70,53,106,62,46,312,321,,,276,266,,,134,116,275,14,129,109,98,122,123,137,145,203,294,299,158,232,218,283,284,203,41,82,333,,217,,,134,251,235,173,288,216,144,294,244,221,253,229,237,227,275,222,238,181,211,293,294,249,208,197,198,89,106,273,232,207,213,178,116,81,84,97,23,16,58,22,,,260,332,,,134,235,102,204,143,167,164,58,159,56,187,155,187,161,153,54,79,46,220,125,125,120,17,28,,331,,,b'\x11\xe8\xe1I\xc9\xa8\x94\xc0\xaf\x82\x12\xdf\x17\xaeN\x1e'
11E8E149-C9A8-94C0-AF82-12DF17AE4E1E,2022-ncaa-d1-conf-Mountain West,ncaa,5,3,8,3,8,8,8,10,5,8,7,4,9,10,7,7,6,9,1,10,9,10,9,5,5,5,9,9,4,7,4,9,8,10,4,9,9,4,6,8,3,2,10,9,,,5,8,,,3,10,9,1,6,5,9,3,5,9,9,5,8,9,9,7,6,9,9,8,6,2,9,,8,,,3,2,2,1,8,2,1,8,2,2,4,2,3,4,3,4,7,2,2,7,5,3,4,3,7,5,8,2,4,3,4,3,3,2,2,2,4,7,4,5,,,11,10,,,3,2,5,4,3,3,4,2,5,3,2,2,6,7,8,3,4,6,3,4,3,2,5,4,,11,,,b'\x11\xe8\xe1I\xc9\xa8\x94\xc0\xaf\x82\x12\xdf\x17\xaeN\x1e'
11E8E149-C9A8-94C0-AF82-12DF17AE4E1E,2022-ncaa-d1-natl,ncaa,93,134,32,118,32,72,64,42,152,63,62,157,99,90,170,153,142,247,4,255,335,60,82,157,143,95,210,167,255,122,204,162,88,142,190,125,270,78,36,92,36,36,315,328,,,302,263,,,109,83,280,18,133,98,76,108,117,143,143,214,297,303,138,224,188,293,276,200,31,55,339,,213,,,115,272,261,188,291,235,150,294,266,239,268,230,252,240,256,237,242,200,254,299,297,239,214,207,192,77,88,312,204,245,190,200,110,48,58,80,29,12,68,19,,,252,334,,,109,274,94,185,120,155,147,43,146,38,192,144,171,148,143,37,69,27,215,108,118,97,12,26,,333,,,b'\x11\xe8\xe1I\xc9\xa8\x94\xc0\xaf\x82\x12\xdf\x17\xaeN\x1e'
11E8E149-C9A8-94C0-AF82-12DF17AE4E1E,2023-ncaa-d0-natl,ncaa,281,301,164,295,185,185,196,185,209,170,131,244,232,258,153,272,120,134,136,134,158,172,186,220,206,183,210,240,94,161,166,246,144,216,179,283,330,132,146,246,148,118,251,261,,,198,258,,,269,205,198,118,182,204,178,157,106,235,271,105,125,127,159,179,154,273,238,297,153,136,255,,215,,,263,266,259,137,327,264,154,325,188,145,275,160,261,217,325,210,229,144,132,321,333,337,167,153,210,61,144,156,166,100,179,101,33,245,230,191,200,222,277,251,,,153,110,,,269,156,178,323,263,286,278,141,285,157,207,150,267,227,222,158,116,63,177,117,109,234,215,293,,125,,,b'\x11\xe8\xe1I\xc9\xa8\x94\xc0\xaf\x82\x12\xdf\x17\xaeN\x1e'
11E8E149-C9A8-94C0-AF82-12DF17AE4E1E,2023-ncaa-d1-conf-Mountain West,ncaa,8,8,3,8,3,6,6,3,8,5,4,8,8,7,9,9,3,5,7,5,8,2,4,8,8,7,6,9,3,4,5,6,8,4,5,8,9,9,7,8,5,4,8,7,,,9,10,,,8,3,7,3,7,7,6,7,3,9,9,5,6,6,4,4,3,6,5,8,8,5,8,,9,,,8,10,9,5,7,9,6,6,6,6,7,5,8,8,8,8,9,6,6,7,7,9,7,5,8,6,8,8,5,9,5,7,4,6,6,7,8,7,10,9,,,3,3,,,8,6,7,10,8,10,9,6,9,6,6,6,8,8,8,6,5,7,6,7,7,5,7,10,,3,,,b'\x11\xe8\xe1I\xc9\xa8\x94\xc0\xaf\x82\x12\xdf\x17\xaeN\x1e'
11E8E149-C9A8-94C0-AF82-12DF17AE4E1E,2023-ncaa-d1-natl,ncaa,288,301,151,295,171,190,206,182,220,172,116,246,234,267,160,276,100,121,128,120,141,167,182,224,206,181,203,253,68,153,155,229,150,202,168,290,329,131,146,251,146,120,258,268,,,209,257,,,261,205,202,118,188,216,197,164,113,242,279,84,96,96,164,179,154,256,219,301,155,136,260,,222,,,260,269,257,154,315,271,162,314,177,146,247,153,258,222,318,212,222,161,133,305,320,327,153,146,216,76,150,154,155,108,168,101,32,237,224,185,210,227,287,253,,,136,93,,,261,159,182,311,257,282,275,154,280,169,191,150,265,226,221,171,131,86,170,131,105,230,222,294,,115,,,b'\x11\xe8\xe1I\xc9\xa8\x94\xc0\xaf\x82\x12\xdf\x17\xaeN\x1e'
11E8E149-C9A8-94C0-AF82-12DF17AE4E1E,2024-ncaa-d0-natl,ncaa,171,176,143,182,152,179,163,96,278,159,73,319,167,185,132,226,252,244,200,243,322,116,130,271,284,234,213,174,262,84,163,222,147,164,225,216,295,108,84,186,43,37,185,170,,,242,247,,,207,146,163,56,194,169,47,172,57,172,195,262,262,261,75,108,81,260,174,237,108,40,192,,232,,,208,201,181,123,271,151,125,232,220,151,321,175,217,224,175,227,257,129,185,284,284,203,248,228,216,101,147,310,163,256,225,92,61,67,57,43,83,72,346,309,,,239,311,,,207,211,214,173,210,192,172,75,156,91,217,141,209,212,213,87,178,88,308,251,96,66,82,345,,274,,,b'\x11\xe8\xe1I\xc9\xa8\x94\xc0\xaf\x82\x12\xdf\x17\xaeN\x1e'
11E8E149-C9A8-94C0-AF82-12DF17AE4E1E,2024-ncaa-d1-conf-Mountain West,ncaa,7,4,6,7,6,7,8,7,9,6,4,10,8,10,5,10,6,6,5,6,5,5,5,9,9,8,7,9,5,3,3,8,7,5,6,8,7,6,5,7,4,3,10,9,,,7,9,,,7,9,5,2,5,6,3,5,3,7,9,6,6,6,2,1,1,8,5,8,7,3,10,,9,,,7,4,4,4,8,6,2,10,3,4,5,4,6,6,6,6,8,3,3,8,7,8,5,2,8,5,7,4,3,4,6,3,3,4,3,2,5,4,8,6,,,6,6,,,7,4,5,7,7,7,8,4,9,3,6,4,7,7,7,4,5,7,5,5,6,2,5,8,,5,,,b'\x11\xe8\xe1I\xc9\xa8\x94\xc0\xaf\x82\x12\xdf\x17\xaeN\x1e'
11E8E149-C9A8-94C0-AF82-12DF17AE4E1E,2024-ncaa-d1-natl,ncaa,172,177,130,184,137,180,158,89,291,165,67,330,157,196,107,229,244,243,199,244,321,111,121,275,286,235,200,156,261,96,178,239,156,178,236,230,293,105,86,197,43,31,193,185,,,250,258,,,213,138,157,56,195,175,54,188,58,163,199,259,255,258,76,113,90,269,192,247,110,38,196,,239,,,213,217,198,124,280,172,129,234,224,138,331,164,214,216,209,217,244,131,198,286,291,208,246,221,214,98,156,322,178,263,236,96,61,56,50,50,80,71,351,317,,,236,312,,,213,221,219,180,213,198,186,77,168,103,214,128,205,204,204,85,185,92,315,258,101,64,83,351,,274,,,b'\x11\xe8\xe1I\xc9\xa8\x94\xc0\xaf\x82\x12\xdf\x17\xaeN\x1e'
11E8E149-C9A8-94C0-AF82-12DF17AE4E1E,2025-ncaa-d0-natl,genius_ncaa,282,292,194,290,215,236,236,199,263,199,159,258,284,267,304,256,148,192,68,187,193,202,216,283,268,243,243,286,71,98,62,254,187,191,129,270,270,105,147,236,295,283,304,308,,,238,321,,100,258,262,288,154,248,245,185,190,128,291,261,121,172,165,188,216,70,251,164,279,142,291,309,,264,,114,257,181,151,99,274,189,112,297,107,116,124,152,289,289,207,285,306,118,96,255,284,301,177,90,304,124,187,98,62,101,129,69,51,275,252,183,86,130,39,40,,,155,91,,107,258,102,207,292,255,214,189,103,221,115,119,129,301,300,297,133,78,145,117,116,84,278,112,58,,121,,92,b'\x11\xe8\xe1I\xc9\xa8\x94\xc0\xaf\x82\x12\xdf\x17\xaeN\x1e'
11E8E149-C9A8-94C0-AF82-12DF17AE4E1E,2025-ncaa-d1-conf-Mountain West,genius_ncaa,9,9,7,9,11,11,11,11,9,7,6,8,11,10,11,10,7,9,4,10,8,11,10,11,11,11,10,10,3,5,2,9,8,8,7,11,9,9,10,10,10,7,9,9,,,8,10,,9,9,10,8,11,11,10,9,6,5,11,10,7,9,9,9,7,4,8,7,11,10,8,8,,9,,9,9,3,2,1,7,4,3,6,2,2,3,3,7,6,6,6,10,1,2,6,6,5,2,3,10,7,8,1,2,2,7,2,2,6,4,2,5,8,3,2,,,5,5,,2,9,2,11,5,9,5,5,2,5,6,2,2,8,8,8,5,5,8,3,4,2,3,6,3,,4,,2,b'\x11\xe8\xe1I\xc9\xa8\x94\xc0\xaf\x82\x12\xdf\x17\xaeN\x1e'
11E8E149-C9A8-94C0-AF82-12DF17AE4E1E,2025-ncaa-d1-natl,genius_ncaa,262,292,113,280,133,197,193,158,238,163,120,241,256,232,274,244,156,195,83,189,241,164,167,260,246,215,248,265,124,75,60,224,208,151,127,227,254,131,141,213,260,261,294,300,,,262,305,,121,242,213,293,154,235,222,176,180,125,269,253,172,210,205,190,227,71,264,176,257,129,278,306,,252,,110,239,220,196,149,272,242,158,303,130,157,118,148,297,294,179,292,291,180,155,251,274,291,152,84,287,167,208,135,60,149,127,92,55,245,233,177,107,122,46,33,,,147,120,,104,242,153,188,285,239,206,178,101,221,115,112,123,286,292,288,127,76,153,109,112,87,262,103,49,,159,,105,b'\x11\xe8\xe1I\xc9\xa8\x94\xc0\xaf\x82\x12\xdf\x17\xaeN\x1e'
11E8E149-C9A8-94C0-AF82-12DF17AE4E1E,2026-ncaa-d0-natl,genius_ncaa,212,250,116,241,142,251,205,233,157,121,137,146,353,337,359,353,285,205,351,208,290,233,199,240,279,314,363,362,249,176,145,146,187,160,129,226,260,334,342,318,170,171,166,193,,,151,120,,312,224,199,300,97,328,268,342,127,137,363,360,320,262,269,346,297,215,174,189,282,322,192,194,,94,,321,219,114,166,184,141,247,204,235,43,170,3,157,52,76,34,85,60,170,171,98,61,61,10,40,52,194,187,128,145,149,129,173,171,148,124,138,345,345,76,53,,,209,234,,286,224,168,313,75,220,55,122,137,231,177,19,111,37,43,55,89,84,178,63,85,131,149,331,52,,275,,308,b'\x11\xe8\xe1I\xc9\xa8\x94\xc0\xaf\x82\x12\xdf\x17\xaeN\x1e'
11E8E149-C9A8-94C0-AF82-12DF17AE4E1E,2026-ncaa-d1-natl,genius_ncaa,203,249,85,236,117,257,220,224,205,113,87,202,359,349,362,355,266,183,353,187,296,224,164,294,310,325,363,363,205,129,128,142,184,133,146,252,274,334,334,319,185,196,174,200,,,130,93,,301,247,177,311,100,339,290,337,133,112,363,361,308,240,243,339,290,180,199,171,313,306,231,199,,75,,294,245,143,197,207,155,251,203,245,76,219,14,202,52,55,66,65,50,190,200,122,84,88,19,86,46,225,184,166,128,189,146,187,142,145,155,162,342,341,83,46,,,183,213,,284,247,187,317,106,244,69,133,139,214,144,48,146,32,33,41,89,71,179,89,117,133,190,325,54,,246,,310,b'\x11\xe8\xe1I\xc9\xa8\x94\xc0\xaf\x82\x12\xdf\x17\xaeN\x1e'
11E8E149-C9AD-2CBA-AF82-12DF17AE4E1E,2010-ncaa-d0-natl,ncaa,274,303,122,287,140,239,218,231,189,220,257,145,148,116,235,69,306,303,221,303,259,249,241,181,207,223,161,93,288,282,286,132,260,202,263,215,194,169,239,215,315,323,44,35,,,79,57,,,286,220,285,124,276,259,281,254,290,155,116,316,318,318,304,303,307,130,240,239,172,321,38,,61,,,279,223,200,259,84,110,173,63,319,301,249,298,165,164,175,169,188,253,170,126,122,250,308,317,135,297,260,172,286,241,263,182,163,327,340,311,220,249,37,70,,,321,329,,,286,136,242,307,282,211,179,277,87,145,317,308,153,163,166,269,144,292,171,249,169,334,206,39,,339,,,"b'\x11\xe8\xe1I\xc9\xad,\xba\xaf\x82\x12\xdf\x17\xaeN\x1e'"
11E8E149-C9AD-2CBA-AF82-12DF17AE4E1E,2010-ncaa-d1-conf-America East,ncaa,7,9,3,9,3,4,3,7,3,4,8,2,4,5,4,3,8,8,5,8,8,7,6,3,3,5,6,4,9,8,7,4,7,8,7,4,5,6,7,4,8,9,1,1,,,6,4,,,8,5,7,2,5,4,6,4,7,3,4,9,8,8,7,8,8,5,8,4,5,9,1,,4,,,8,9,9,9,8,9,7,8,9,9,8,7,5,7,4,7,6,9,6,9,8,9,6,8,2,9,7,6,7,7,7,9,4,9,9,9,7,6,2,3,,,8,9,,,8,5,5,9,8,9,9,9,9,7,9,9,5,7,7,9,5,7,4,5,7,9,6,2,,9,,,"b'\x11\xe8\xe1I\xc9\xad,\xba\xaf\x82\x12\xdf\x17\xaeN\x1e'"
11E8E149-C9AD-2CBA-AF82-12DF17AE4E1E,2010-ncaa-d1-natl,ncaa,281,302,134,294,155,252,236,246,193,235,275,151,156,122,237,71,312,311,222,313,260,273,265,189,210,226,159,93,287,296,292,142,265,223,270,226,195,158,240,217,323,326,46,35,,,65,58,,,290,240,287,125,283,264,280,259,291,157,117,316,319,320,305,304,305,134,245,246,173,323,40,,61,,,284,214,187,251,92,98,154,66,317,297,253,296,158,154,181,158,186,241,149,133,126,262,308,317,136,294,265,158,292,225,270,174,163,332,340,314,208,252,33,73,,,333,330,,,290,114,246,312,288,219,186,279,94,148,318,310,153,166,170,270,143,294,176,251,179,335,209,39,,339,,,"b'\x11\xe8\xe1I\xc9\xad,\xba\xaf\x82\x12\xdf\x17\xaeN\x1e'"
11E8E149-C9AD-2CBA-AF82-12DF17AE4E1E,2011-ncaa-d0-natl,ncaa,262,264,242,266,243,271,275,291,226,325,329,247,59,78,51,18,292,312,142,305,144,307,291,146,163,216,11,9,257,298,277,212,181,265,231,219,75,200,286,229,332,331,166,159,,,48,85,,,261,279,272,8,257,268,275,326,326,25,34,287,302,297,298,276,289,135,240,182,255,334,153,,77,,,258,128,132,133,161,125,131,164,159,164,176,195,139,144,149,147,179,130,74,177,165,249,181,192,165,152,181,89,277,93,231,134,170,315,317,299,307,329,43,159,,,297,244,,,261,63,236,270,264,197,203,233,193,212,204,213,175,192,195,238,126,213,151,178,191,319,316,59,,281,,,"b'\x11\xe8\xe1I\xc9\xad,\xba\xaf\x82\x12\xdf\x17\xaeN\x1e'"
11E8E149-C9AD-2CBA-AF82-12DF17AE4E1E,2011-ncaa-d1-conf-America East,ncaa,6,6,6,6,6,6,6,8,4,9,9,5,2,1,3,1,9,9,5,9,5,9,9,3,4,4,1,1,9,8,7,7,3,9,5,4,4,6,7,4,9,9,4,4,,,2,2,,,6,8,6,1,5,5,6,9,9,1,1,9,9,9,7,7,7,4,6,4,6,9,4,,3,,,6,6,5,4,6,4,2,7,6,7,3,7,4,4,1,5,5,3,2,6,6,7,4,5,4,3,3,4,7,2,5,7,5,9,7,8,9,9,1,6,,,8,8,,,6,2,5,7,6,7,7,7,7,6,7,7,4,6,7,8,5,6,5,4,7,8,9,2,,8,,,"b'\x11\xe8\xe1I\xc9\xad,\xba\xaf\x82\x12\xdf\x17\xaeN\x1e'"
11E8E149-C9AD-2CBA-AF82-12DF17AE4E1E,2011-ncaa-d1-natl,ncaa,268,262,279,270,279,279,286,310,231,333,333,249,65,82,53,18,303,320,141,315,142,319,309,151,165,220,11,9,257,307,278,235,183,281,235,229,76,177,290,232,336,332,173,165,,,33,84,,,264,300,273,7,258,271,279,327,327,28,36,286,303,299,300,277,291,141,245,185,258,335,155,,76,,,264,107,118,110,169,112,113,168,151,151,183,195,133,136,152,141,180,104,51,179,167,258,179,192,165,132,183,66,278,69,235,119,170,327,321,305,302,329,40,165,,,309,242,,,264,40,238,276,269,203,207,235,197,212,206,213,182,198,201,239,129,216,152,179,195,320,319,61,,283,,,"b'\x11\xe8\xe1I\xc9\xad,\xba\xaf\x82\x12\xdf\x17\xaeN\x1e'"
11E8E149-C9AD-2CBA-AF82-12DF17AE4E1E,2012-ncaa-d0-natl,ncaa,147,129,163,147,167,228,251,252,235,263,246,270,151,179,86,146,171,202,110,200,130,247,269,218,194,180,73,107,98,254,227,165,87,207,145,204,92,80,156,145,270,260,281,269,,,89,141,,,187,264,275,50,237,270,260,282,249,144,166,164,188,191,257,282,259,130,209,197,99,277,283,,102,,,186,93,83,112,120,74,86,126,188,211,144,254,126,112,196,114,183,106,78,136,137,186,246,248,179,93,87,102,227,89,145,90,144,261,235,191,154,211,76,118,,,214,127,,,187,91,191,163,180,127,119,129,97,90,204,224,149,138,140,129,79,108,136,117,109,268,164,84,,201,,,"b'\x11\xe8\xe1I\xc9\xad,\xba\xaf\x82\x12\xdf\x17\xaeN\x1e'"
11E8E149-C9AD-2CBA-AF82-12DF17AE4E1E,2012-ncaa-d1-conf-America East,ncaa,5,4,6,5,6,4,6,5,5,7,9,5,3,3,4,2,5,5,2,5,4,5,6,5,4,5,2,3,4,8,7,5,3,7,5,5,2,5,6,4,7,8,7,7,,,6,7,,,5,6,3,1,4,5,4,7,7,3,2,3,5,5,5,3,6,4,4,3,7,7,7,,8,,,5,6,5,5,5,4,4,5,4,5,3,5,8,8,7,8,8,5,4,5,4,6,8,4,8,4,3,3,7,2,5,2,1,5,5,4,7,6,3,4,,,5,4,,,5,5,5,6,5,7,6,8,5,7,6,8,8,8,8,7,8,6,4,6,2,5,7,3,,3,,,"b'\x11\xe8\xe1I\xc9\xad,\xba\xaf\x82\x12\xdf\x17\xaeN\x1e'"
11E8E149-C9AD-2CBA-AF82-12DF17AE4E1E,2012-ncaa-d1-natl,ncaa,158,129,196,150,204,251,273,278,245,288,272,274,159,186,86,146,186,216,109,216,129,276,299,228,202,182,72,103,97,271,231,187,94,238,148,227,94,67,155,152,285,270,290,271,,,73,139,,,200,294,280,46,248,281,263,290,254,145,166,168,195,195,263,285,262,133,214,210,101,282,287,,105,,,201,74,67,84,127,64,65,134,172,195,151,254,115,102,200,104,185,80,53,145,145,199,245,246,181,74,94,81,231,58,148,73,146,277,243,205,135,211,66,126,,,240,121,,,200,61,201,176,195,131,126,129,103,93,203,225,154,141,142,128,80,108,140,120,111,273,166,87,,201,,,"b'\x11\xe8\xe1I\xc9\xad,\xba\xaf\x82\x12\xdf\x17\xaeN\x1e'"
11E8E149-C9AD-2CBA-AF82-12DF17AE4E1E,2013-ncaa-d0-natl,ncaa,212,216,183,221,218,278,268,300,177,240,280,144,233,217,259,142,295,308,128,307,243,310,314,182,194,202,215,179,226,267,202,186,67,229,103,249,180,80,213,196,331,316,287,268,,,175,311,,,198,320,336,179,297,278,319,240,284,230,207,295,309,307,324,328,261,155,224,256,108,333,286,,202,,,201,40,44,48,126,68,61,144,77,89,86,143,149,189,43,179,250,56,24,114,110,221,179,126,248,40,67,56,202,32,103,36,79,338,327,245,145,250,1,3,,,271,135,,,198,28,200,203,206,64,60,44,85,74,83,98,180,219,214,62,14,59,68,53,48,337,164,1,,269,,,"b'\x11\xe8\xe1I\xc9\xad,\xba\xaf\x82\x12\xdf\x17\xaeN\x1e'"
11E8E149-C9AD-2CBA-AF82-12DF17AE4E1E,2013-ncaa-d1-conf-America East,ncaa,4,4,2,4,2,3,3,5,3,4,5,5,4,6,3,6,4,7,1,7,9,6,5,5,3,4,6,5,4,5,5,4,6,3,4,5,5,5,4,4,9,9,3,3,,,8,8,,,4,6,9,1,6,5,9,7,5,6,6,4,9,9,9,9,5,5,6,6,4,9,3,,8,,,4,7,7,7,5,8,9,6,1,3,2,2,8,8,5,8,8,9,4,3,4,7,2,1,8,8,6,4,5,5,4,4,1,8,9,7,8,8,2,2,,,4,3,,,4,4,4,7,4,5,6,6,7,6,2,2,8,8,8,6,3,6,2,3,4,9,7,2,,5,,,"b'\x11\xe8\xe1I\xc9\xad,\xba\xaf\x82\x12\xdf\x17\xaeN\x1e'"
11E8E149-C9AD-2CBA-AF82-12DF17AE4E1E,2013-ncaa-d1-natl,ncaa,221,216,210,228,254,299,286,319,183,260,294,152,240,224,260,145,306,318,131,316,239,326,325,189,197,205,210,176,221,279,206,205,70,255,107,271,185,69,216,202,334,317,293,271,,,156,312,,,203,336,336,172,299,282,322,245,284,232,209,296,310,310,326,329,264,162,229,265,111,335,287,,204,,,206,31,33,30,138,58,49,148,65,76,92,141,139,176,43,168,253,38,7,125,117,230,177,123,248,38,70,41,206,21,107,29,81,342,329,251,138,251,1,3,,,280,135,,,203,10,203,213,212,68,64,43,89,76,85,99,183,220,217,63,14,58,68,53,52,338,165,1,,267,,,"b'\x11\xe8\xe1I\xc9\xad,\xba\xaf\x82\x12\xdf\x17\xaeN\x1e'"
11E8E149-C9AD-2CBA-AF82-12DF17AE4E1E,2014-ncaa-d0-natl,ncaa,116,88,180,108,186,279,272,309,159,246,284,129,226,224,217,146,252,292,56,291,216,314,327,163,149,149,173,172,176,325,313,179,180,271,231,183,69,48,167,96,331,320,202,174,,,69,154,,,160,315,338,44,296,288,327,245,280,218,204,252,296,292,331,339,332,129,272,170,61,329,206,,79,,,160,28,46,111,45,37,69,77,162,232,53,289,48,54,112,51,104,83,46,53,44,101,224,259,118,171,180,92,313,120,231,31,67,323,300,197,142,261,15,33,,,250,71,,,160,29,203,132,167,46,53,131,51,64,182,255,55,65,61,87,29,200,121,150,44,321,176,16,,243,,,"b'\x11\xe8\xe1I\xc9\xad,\xba\xaf\x82\x12\xdf\x17\xaeN\x1e'"
11E8E149-C9AD-2CBA-AF82-12DF17AE4E1E,2014-ncaa-d1-conf-America East,ncaa,3,3,3,3,4,3,3,7,2,3,3,2,5,5,3,6,3,3,1,3,3,6,6,3,2,1,6,5,4,7,7,3,6,6,5,3,2,1,2,2,7,8,4,4,,,5,5,,,4,6,7,5,5,5,7,4,6,5,5,3,4,4,7,8,8,5,6,3,1,8,5,,4,,,4,7,6,9,5,6,6,6,5,7,1,6,4,7,2,7,4,9,4,5,3,6,6,4,5,7,6,3,7,6,5,2,1,8,8,6,6,6,3,3,,,3,1,,,4,4,2,5,5,6,6,8,6,5,5,8,6,6,6,7,5,7,4,5,2,8,5,3,,3,,,"b'\x11\xe8\xe1I\xc9\xad,\xba\xaf\x82\x12\xdf\x17\xaeN\x1e'"
11E8E149-C9AD-2CBA-AF82-12DF17AE4E1E,2014-ncaa-d1-natl,ncaa,111,88,145,105,151,267,254,304,135,227,270,90,229,211,240,145,258,295,59,296,239,307,321,148,140,135,205,186,210,328,313,165,155,270,224,155,65,51,154,76,309,305,204,175,,,78,163,,,143,306,339,53,293,271,325,229,278,225,204,263,306,307,333,340,334,138,280,144,58,318,212,,78,,,143,21,43,112,44,35,69,76,155,228,54,285,49,53,105,51,106,82,47,50,42,85,222,257,118,161,155,88,313,124,224,30,67,312,275,167,148,257,14,31,,,268,106,,,143,34,196,120,152,36,43,106,34,51,165,244,53,54,51,68,25,178,110,130,40,310,165,14,,278,,,"b'\x11\xe8\xe1I\xc9\xad,\xba\xaf\x82\x12\xdf\x17\xaeN\x1e'"
11E8E149-C9AD-2CBA-AF82-12DF17AE4E1E,2015-ncaa-d0-natl,ncaa,151,86,283,119,313,291,285,330,96,214,288,68,299,286,293,231,245,262,128,258,158,329,337,142,141,138,276,275,125,334,299,255,61,314,189,176,37,30,165,79,331,309,193,140,,,85,269,,,185,330,307,267,253,238,318,155,240,286,264,188,219,205,317,328,318,166,291,109,89,317,169,,177,,,186,24,29,26,174,41,35,173,92,98,156,200,71,71,146,70,185,21,16,171,163,182,187,204,179,15,61,42,299,23,189,47,145,302,227,202,91,233,1,2,,,273,52,,,185,19,183,160,181,91,96,66,102,75,155,164,126,134,138,58,27,49,125,77,102,268,164,2,,181,,,"b'\x11\xe8\xe1I\xc9\xad,\xba\xaf\x82\x12\xdf\x17\xaeN\x1e'"
11E8E149-C9AD-2CBA-AF82-12DF17AE4E1E,2015-ncaa-d1-conf-America East,ncaa,5,4,5,4,5,6,4,6,4,2,3,4,8,8,6,8,4,4,5,4,7,6,7,5,5,4,8,8,5,7,7,5,5,5,6,4,2,2,4,3,8,8,1,1,,,6,6,,,5,7,6,1,5,3,6,2,2,8,8,4,4,4,5,6,6,3,5,3,2,8,1,,7,,,5,4,4,5,5,4,6,2,3,3,7,3,7,7,5,7,6,5,5,5,5,6,5,6,7,5,5,5,7,6,6,4,3,5,6,5,5,6,1,1,,,6,5,,,5,3,5,6,5,5,6,6,5,6,6,3,7,7,7,5,6,5,6,7,5,5,6,1,,5,,,"b'\x11\xe8\xe1I\xc9\xad,\xba\xaf\x82\x12\xdf\x17\xaeN\x1e'"
11E8E149-C9AD-2CBA-AF82-12DF17AE4E1E,2015-ncaa-d1-natl,ncaa,142,86,298,115,326,286,272,334,91,196,275,65,300,287,307,241,238,262,120,258,176,333,339,143,141,138,290,289,126,319,281,248,50,313,154,167,50,30,153,78,315,274,184,132,,,76,262,,,169,339,308,270,253,222,309,131,221,293,273,186,223,213,309,326,304,169,282,111,87,299,160,,151,,,169,24,28,20,172,35,29,158,107,95,196,215,63,64,132,61,169,15,9,167,161,174,200,227,161,14,50,33,281,11,154,42,146,288,203,184,87,207,1,2,,,277,76,,,169,11,169,141,165,74,84,58,82,65,169,156,110,115,115,41,23,38,111,60,98,253,151,1,,204,,,"b'\x11\xe8\xe1I\xc9\xad,\xba\xaf\x82\x12\xdf\x17\xaeN\x1e'"
11E8E149-C9AD-2CBA-AF82-12DF17AE4E1E,2016-ncaa-d0-natl,ncaa,239,228,240,246,277,300,298,305,227,218,212,224,328,325,310,292,205,269,32,271,254,308,313,273,247,236,292,314,68,264,202,258,51,280,114,268,179,89,222,224,319,289,265,245,,,108,269,,,225,316,308,280,300,287,308,191,161,326,319,182,248,254,307,312,240,225,255,263,151,319,253,,173,,,225,47,49,30,199,91,66,217,46,46,77,101,139,110,274,107,186,27,23,170,196,209,99,75,236,11,51,59,202,22,114,45,97,294,216,179,231,308,44,66,,,241,106,,,225,38,243,169,226,93,102,48,161,105,54,54,187,155,153,45,26,21,109,49,71,282,270,72,,212,,,"b'\x11\xe8\xe1I\xc9\xad,\xba\xaf\x82\x12\xdf\x17\xaeN\x1e'"
11E8E149-C9AD-2CBA-AF82-12DF17AE4E1E,2016-ncaa-d1-conf-America East,ncaa,7,7,5,7,8,6,5,6,5,4,5,5,7,7,8,6,7,7,3,7,8,7,7,5,6,5,8,7,7,6,4,8,5,6,5,4,5,6,6,5,8,7,4,3,,,7,9,,,6,7,6,7,5,5,5,3,4,7,7,6,6,6,6,6,4,6,4,3,6,7,3,,8,,,6,7,3,3,7,4,5,6,6,4,7,5,8,8,7,8,8,4,3,6,6,7,7,6,8,5,5,3,4,5,5,4,6,7,6,7,5,6,3,4,,,7,7,,,6,3,5,7,6,7,4,4,5,5,6,5,8,8,8,6,5,5,4,6,6,7,5,5,,6,,,"b'\x11\xe8\xe1I\xc9\xad,\xba\xaf\x82\x12\xdf\x17\xaeN\x1e'"
11E8E149-C9AD-2CBA-AF82-12DF17AE4E1E,2016-ncaa-d1-natl,ncaa,234,227,218,238,286,297,283,316,212,217,213,207,328,322,310,285,213,270,35,271,258,314,322,265,240,230,297,311,85,268,210,244,42,277,110,270,198,111,236,241,323,294,270,256,,,109,259,,,222,322,306,282,302,278,309,185,165,325,317,196,257,257,307,315,248,219,256,268,163,320,263,,162,,,222,35,51,28,187,97,68,218,43,51,74,114,131,101,266,101,178,25,14,159,177,195,101,83,229,7,42,60,210,24,110,41,93,290,213,171,235,308,37,60,,,237,112,,,222,31,241,162,219,87,98,47,158,103,55,62,175,147,145,46,27,17,107,47,66,276,264,58,,214,,,"b'\x11\xe8\xe1I\xc9\xad,\xba\xaf\x82\x12\xdf\x17\xaeN\x1e'"
11E8E149-C9AD-2CBA-AF82-12DF17AE4E1E,2017-ncaa-d0-natl,ncaa,25,10,116,16,141,195,169,230,86,109,127,104,288,305,202,296,175,226,52,224,283,229,251,126,113,127,312,305,152,269,244,84,3,158,40,84,27,100,162,69,292,271,190,186,,,48,108,,,85,244,319,189,231,202,298,107,145,307,322,197,255,253,305,325,292,69,181,73,83,315,205,,39,,,83,27,51,94,79,88,147,80,44,65,71,131,35,39,107,38,61,58,55,69,46,66,66,119,109,6,3,95,244,19,40,47,110,235,182,138,185,242,12,10,,,237,188,,,85,107,159,29,78,14,31,42,62,100,43,50,38,39,39,25,11,3,77,20,43,259,170,10,,288,,,"b'\x11\xe8\xe1I\xc9\xad,\xba\xaf\x82\x12\xdf\x17\xaeN\x1e'"
11E8E149-C9AD-2CBA-AF82-12DF17AE4E1E,2017-ncaa-d1-conf-America East,ncaa,1,1,3,1,4,4,4,7,1,3,4,1,9,9,8,9,1,1,1,1,4,6,4,2,1,1,7,9,2,7,6,1,1,3,1,4,2,6,6,4,7,7,5,5,,,6,6,,,2,4,7,7,4,4,8,3,3,9,9,2,2,2,7,9,7,2,4,3,6,8,5,,5,,,2,2,1,3,2,5,8,2,2,2,1,2,6,6,3,6,6,5,3,1,1,1,3,2,8,2,1,2,6,1,1,1,1,7,7,3,6,7,1,1,,,2,1,,,2,6,2,1,1,1,1,5,5,7,2,2,5,6,6,4,2,2,2,1,1,7,6,1,,3,,,"b'\x11\xe8\xe1I\xc9\xad,\xba\xaf\x82\x12\xdf\x17\xaeN\x1e'"
11E8E149-C9AD-2CBA-AF82-12DF17AE4E1E,2017-ncaa-d1-natl,ncaa,23,10,98,16,119,196,170,227,109,104,121,118,295,305,239,296,171,226,69,226,282,239,255,158,144,147,313,312,146,262,240,71,3,144,40,80,32,102,155,74,287,266,196,192,,,50,113,,,85,240,316,194,244,215,298,110,142,316,324,200,253,250,298,320,283,63,166,90,79,299,209,,44,,,85,18,44,91,66,83,132,68,51,69,74,137,34,35,110,36,66,55,46,56,38,55,76,139,110,4,3,120,240,23,40,51,117,221,175,129,173,223,12,9,,,234,186,,,85,112,170,26,78,11,26,41,56,92,46,55,37,39,36,23,13,3,91,24,43,250,160,10,,284,,,"b'\x11\xe8\xe1I\xc9\xad,\xba\xaf\x82\x12\xdf\x17\xaeN\x1e'"
11E8E149-C9AD-2CBA-AF82-12DF17AE4E1E,2018-ncaa-d0-natl,ncaa,118,94,164,107,185,248,241,255,195,140,130,187,340,331,331,325,128,158,97,157,197,240,293,267,246,202,320,333,43,219,175,276,149,267,168,191,101,31,84,107,229,167,277,266,,,55,154,,,135,304,334,117,268,262,280,119,111,337,336,116,142,139,261,317,209,295,283,180,54,224,281,,72,,,136,28,50,45,146,100,93,179,29,42,57,93,55,58,141,57,115,30,34,105,99,98,58,62,165,51,149,94,175,63,168,53,127,206,126,106,43,87,9,12,,,166,44,,,135,42,189,89,142,35,48,30,103,80,37,51,65,73,69,24,16,62,111,77,71,198,62,10,,138,,,"b'\x11\xe8\xe1I\xc9\xad,\xba\xaf\x82\x12\xdf\x17\xaeN\x1e'"
11E8E149-C9AD-2CBA-AF82-12DF17AE4E1E,2018-ncaa-d1-conf-America East,ncaa,4,5,3,6,4,5,5,4,7,4,3,7,9,9,9,9,2,2,3,2,5,4,4,9,8,5,8,9,1,4,4,5,4,4,5,5,6,1,2,4,6,6,4,5,,,4,3,,,6,6,8,7,6,5,6,3,2,9,9,2,3,3,5,6,4,7,5,6,2,6,5,,3,,,6,6,6,5,7,8,8,7,1,1,2,2,2,2,4,2,2,4,3,6,6,6,1,1,3,2,4,6,4,5,5,5,5,6,6,6,2,3,5,1,,,3,4,,,6,3,5,6,6,4,6,4,8,6,1,1,2,2,2,3,2,2,6,2,5,7,2,4,,3,,,"b'\x11\xe8\xe1I\xc9\xad,\xba\xaf\x82\x12\xdf\x17\xaeN\x1e'"
11E8E149-C9AD-2CBA-AF82-12DF17AE4E1E,2018-ncaa-d1-natl,ncaa,106,94,144,106,166,259,248,261,208,136,121,195,338,330,333,324,137,169,98,167,205,251,295,275,255,210,320,333,47,225,177,277,157,261,178,176,91,36,82,105,220,164,263,257,,,49,150,,,138,317,335,128,278,269,286,123,112,337,336,128,154,152,271,315,217,291,280,173,55,217,262,,63,,,139,19,42,41,130,100,97,151,28,41,51,86,48,52,141,51,90,26,25,92,85,90,52,57,151,67,157,102,177,71,178,50,123,207,136,107,47,93,11,14,,,170,50,,,138,28,197,83,148,31,46,34,108,97,30,43,57,63,59,24,17,78,118,90,65,207,62,12,,154,,,"b'\x11\xe8\xe1I\xc9\xad,\xba\xaf\x82\x12\xdf\x17\xaeN\x1e'"
11E8E149-C9AD-2CBA-AF82-12DF17AE4E1E,2019-ncaa-d0-natl,ncaa,322,324,249,329,281,334,341,322,336,334,282,335,292,279,310,209,240,247,187,248,167,319,320,338,326,322,138,208,43,279,283,336,304,337,332,338,235,142,250,316,242,175,260,264,,,60,166,,,330,323,322,272,345,347,330,334,265,291,257,226,228,229,332,325,268,347,342,342,194,213,257,,95,,,329,112,146,39,331,223,142,302,41,15,324,22,110,83,299,81,117,33,30,317,323,307,31,45,143,92,304,175,283,137,332,255,312,267,171,287,203,285,305,337,,,313,234,,,330,27,330,310,336,188,239,57,286,209,65,16,155,122,126,45,33,149,260,228,300,233,236,323,,307,,,"b'\x11\xe8\xe1I\xc9\xad,\xba\xaf\x82\x12\xdf\x17\xaeN\x1e'"
11E8E149-C9AD-2CBA-AF82-12DF17AE4E1E,2019-ncaa-d1-conf-America East,ncaa,7,8,5,8,7,7,9,6,9,9,6,9,7,6,8,7,1,1,7,1,1,6,6,9,9,9,2,6,1,6,7,8,7,8,9,9,9,6,5,9,6,6,7,8,,,5,8,,,8,7,5,6,8,9,6,9,6,7,6,1,1,1,6,5,6,7,8,9,5,7,7,,7,,,8,8,8,2,9,9,7,8,1,1,8,1,8,7,9,7,6,2,3,8,9,9,1,1,8,5,7,8,7,8,9,9,7,4,4,7,3,4,9,9,,,5,3,,,8,3,8,9,8,8,8,3,9,8,2,1,8,7,7,5,5,5,9,9,8,4,4,9,,3,,,"b'\x11\xe8\xe1I\xc9\xad,\xba\xaf\x82\x12\xdf\x17\xaeN\x1e'"
11E8E149-C9AD-2CBA-AF82-12DF17AE4E1E,2019-ncaa-d1-natl,ncaa,324,322,233,325,292,341,345,331,335,332,285,335,304,277,321,213,238,253,181,253,158,330,336,336,327,323,154,226,36,283,285,344,311,339,330,339,229,138,248,312,238,174,252,254,,,70,176,,,328,335,325,272,345,348,331,333,265,298,261,220,222,224,331,327,267,343,342,342,189,214,243,,105,,,327,102,144,34,321,219,144,291,39,13,316,26,119,98,268,100,124,26,21,301,307,299,43,42,166,115,311,184,285,156,330,254,314,273,191,292,192,281,306,335,,,314,238,,,328,17,328,308,332,181,229,62,275,209,67,18,166,137,136,52,37,175,260,238,294,245,223,322,,307,,,"b'\x11\xe8\xe1I\xc9\xad,\xba\xaf\x82\x12\xdf\x17\xaeN\x1e'"
11E8E149-C9AD-2CBA-AF82-12DF17AE4E1E,2020-ncaa-d0-natl,ncaa,276,258,260,279,293,327,303,267,297,199,109,312,339,336,312,326,309,317,177,319,336,292,324,326,322,285,333,327,211,242,248,345,250,344,316,302,230,31,96,169,171,94,288,261,,,195,324,,,281,325,322,186,329,280,223,159,41,337,330,302,305,309,257,310,225,345,339,284,55,143,288,,260,,,283,71,45,10,306,75,26,287,69,28,283,86,273,251,285,239,318,13,16,297,323,282,216,94,323,44,250,173,248,105,316,97,194,187,77,123,20,67,142,103,,,337,319,,,281,22,287,272,293,128,90,7,121,36,88,44,300,277,270,15,21,74,257,187,127,149,42,176,,332,,,"b'\x11\xe8\xe1I\xc9\xad,\xba\xaf\x82\x12\xdf\x17\xaeN\x1e'"
11E8E149-C9AD-2CBA-AF82-12DF17AE4E1E,2020-ncaa-d1-conf-America East,ncaa,5,5,5,5,5,6,5,5,7,3,2,9,8,8,7,8,8,7,6,7,9,5,7,9,9,7,8,8,7,6,6,9,4,9,7,7,8,2,4,5,1,1,5,5,,,8,8,,,6,8,7,3,7,5,5,3,1,8,8,8,7,7,6,6,6,9,9,8,4,1,5,,8,,,6,3,1,1,7,2,1,6,4,2,9,4,9,8,6,8,8,1,1,8,8,7,8,6,9,2,4,6,6,5,7,3,6,3,1,2,1,3,5,4,,,8,8,,,6,3,7,7,6,4,2,1,2,2,4,3,8,8,8,1,1,2,8,5,4,2,2,6,,8,,,"b'\x11\xe8\xe1I\xc9\xad,\xba\xaf\x82\x12\xdf\x17\xaeN\x1e'"
11E8E149-C9AD-2CBA-AF82-12DF17AE4E1E,2020-ncaa-d1-natl,ncaa,276,257,257,278,283,322,295,265,286,188,96,305,338,330,316,321,304,316,171,316,335,288,318,324,322,278,334,323,209,243,252,343,246,343,309,285,210,32,91,153,164,89,290,265,,,210,322,,,273,323,318,183,316,278,216,144,46,336,327,298,305,306,254,310,228,342,336,271,57,141,288,,259,,,276,81,40,6,288,72,30,263,73,34,286,89,277,249,288,242,310,8,18,282,312,268,230,107,324,46,246,195,252,132,309,99,207,185,82,128,27,64,140,100,,,336,312,,,273,17,285,263,284,126,79,8,108,41,96,47,299,274,269,17,22,80,260,191,131,147,44,169,,332,,,"b'\x11\xe8\xe1I\xc9\xad,\xba\xaf\x82\x12\xdf\x17\xaeN\x1e'"
11E8E149-C9AD-2CBA-AF82-12DF17AE4E1E,2021-ncaa-d0-natl,ncaa,265,250,248,283,268,290,292,272,326,286,238,329,290,283,297,259,223,239,110,238,199,271,269,331,316,319,174,255,39,238,209,280,221,276,269,292,182,122,254,292,212,123,267,219,,,83,174,,,308,269,245,224,321,324,256,300,163,295,272,171,204,195,247,233,176,302,284,306,231,147,247,,145,,,306,93,104,71,283,103,70,293,114,91,226,208,93,97,88,93,204,72,70,292,278,249,163,203,124,81,221,108,209,89,269,142,248,238,133,219,151,262,177,243,,,257,181,,,308,73,319,245,311,169,183,80,175,75,191,158,125,158,150,78,68,118,231,185,232,168,249,261,,216,,,"b'\x11\xe8\xe1I\xc9\xad,\xba\xaf\x82\x12\xdf\x17\xaeN\x1e'"
11E8E149-C9AD-2CBA-AF82-12DF17AE4E1E,2021-ncaa-d1-conf-America East,ncaa,5,10,3,8,3,4,5,3,10,5,3,10,4,4,8,5,2,2,2,2,4,3,3,9,8,9,3,5,2,3,4,5,6,4,6,4,5,9,5,6,4,5,6,8,,,8,7,,,10,3,7,1,8,10,6,9,5,6,4,4,4,4,4,4,4,10,8,6,4,5,8,,7,,,9,10,10,7,10,9,6,10,10,9,9,9,10,9,5,9,10,7,8,10,10,10,9,9,2,6,6,8,4,8,6,10,10,4,5,9,9,6,9,7,,,3,6,,,10,8,8,10,9,9,9,4,6,2,10,8,5,6,6,5,3,4,6,4,9,6,7,8,,5,,,"b'\x11\xe8\xe1I\xc9\xad,\xba\xaf\x82\x12\xdf\x17\xaeN\x1e'"
11E8E149-C9AD-2CBA-AF82-12DF17AE4E1E,2021-ncaa-d1-natl,ncaa,277,250,259,288,275,294,295,280,327,288,250,331,297,287,301,257,235,254,110,250,202,279,279,333,319,321,168,255,39,251,212,287,225,285,277,297,188,109,258,301,227,129,272,223,,,74,180,,,312,276,250,225,323,328,262,304,163,295,272,174,204,196,251,240,182,303,290,310,234,152,247,,147,,,310,87,94,65,284,97,64,295,106,88,231,207,83,89,94,86,205,65,62,293,282,262,158,201,125,68,225,102,212,85,277,129,249,250,139,227,142,265,171,247,,,267,178,,,312,65,322,254,315,179,193,80,180,76,192,157,130,159,152,78,67,122,231,190,236,176,253,266,,216,,,"b'\x11\xe8\xe1I\xc9\xad,\xba\xaf\x82\x12\xdf\x17\xaeN\x1e'"
11E8E149-C9AD-2CBA-AF82-12DF17AE4E1E,2022-ncaa-d0-natl,ncaa,305,303,260,311,277,334,334,322,327,289,256,309,345,324,352,295,251,225,287,220,144,312,303,339,330,334,289,320,54,204,131,349,269,319,249,322,241,214,313,331,154,58,338,296,,,194,336,,,302,315,337,185,343,347,343,278,205,342,323,212,167,163,320,295,142,352,341,326,279,110,335,,276,,,306,59,47,11,329,30,5,344,209,160,303,334,124,136,155,126,333,14,29,348,347,265,321,311,227,46,269,50,131,41,249,189,337,116,20,145,190,286,229,280,,,202,47,,,302,34,332,256,315,137,94,4,51,3,281,231,186,205,192,4,19,93,110,89,267,48,254,283,,116,,,"b'\x11\xe8\xe1I\xc9\xad,\xba\xaf\x82\x12\xdf\x17\xaeN\x1e'"
11E8E149-C9AD-2CBA-AF82-12DF17AE4E1E,2022-ncaa-d1-conf-America East,ncaa,8,7,9,8,9,9,9,9,9,7,7,8,10,10,10,10,4,3,9,3,3,9,9,9,9,10,10,10,1,4,3,9,7,9,6,9,8,6,8,8,5,3,9,9,,,8,10,,,8,9,8,5,10,10,9,5,3,10,10,2,2,2,6,4,2,9,6,8,8,3,9,,10,,,8,2,1,1,8,1,1,9,10,8,8,10,7,8,6,6,10,2,2,9,9,9,10,10,9,4,7,1,3,2,6,8,10,6,2,7,5,7,8,8,,,4,1,,,8,2,9,8,8,8,5,3,2,1,10,10,10,10,10,3,3,4,3,4,8,4,7,9,,2,,,"b'\x11\xe8\xe1I\xc9\xad,\xba\xaf\x82\x12\xdf\x17\xaeN\x1e'"
11E8E149-C9AD-2CBA-AF82-12DF17AE4E1E,2022-ncaa-d1-natl,ncaa,305,303,270,309,285,339,338,332,332,297,263,303,345,319,355,277,255,226,295,218,138,319,307,339,333,333,291,321,58,185,119,350,250,324,236,326,220,216,311,324,135,42,341,302,,,179,333,,,299,326,334,184,345,345,341,283,206,341,314,210,169,162,320,288,128,352,335,328,277,96,341,,265,,,300,53,45,10,321,26,4,344,207,149,294,335,106,107,166,101,330,10,25,345,347,246,316,307,210,37,250,51,119,30,236,190,337,96,18,124,186,284,220,266,,,203,55,,,299,27,330,227,313,107,83,3,42,2,275,217,159,167,152,4,17,77,113,81,251,45,248,267,,123,,,"b'\x11\xe8\xe1I\xc9\xad,\xba\xaf\x82\x12\xdf\x17\xaeN\x1e'"
11E8E149-C9AD-2CBA-AF82-12DF17AE4E1E,2023-ncaa-d0-natl,ncaa,325,301,326,326,338,355,357,349,352,353,312,355,316,303,310,207,277,295,133,292,192,348,349,356,349,340,132,206,54,292,264,309,291,321,296,356,318,81,263,334,334,299,272,191,,,12,58,,,325,350,323,182,349,356,319,340,235,287,257,219,231,228,316,309,236,214,244,350,214,302,241,,44,,,329,33,32,48,121,9,10,136,288,274,256,352,22,24,177,23,158,30,16,201,171,221,339,355,64,196,291,111,264,136,296,147,311,332,258,303,156,297,124,226,,,331,213,,,325,11,340,282,336,161,153,189,41,33,349,345,70,77,71,147,85,307,282,313,257,288,259,209,,273,,,"b'\x11\xe8\xe1I\xc9\xad,\xba\xaf\x82\x12\xdf\x17\xaeN\x1e'"
11E8E149-C9AD-2CBA-AF82-12DF17AE4E1E,2023-ncaa-d1-conf-America East,ncaa,9,8,9,9,9,9,9,9,9,9,9,9,9,8,8,4,7,8,2,7,4,9,9,9,9,9,2,5,2,9,9,7,6,9,9,9,6,4,8,9,9,9,8,4,,,1,4,,,9,9,6,2,9,9,6,9,6,7,4,6,6,6,6,5,9,3,8,9,6,9,8,,5,,,9,3,2,2,3,1,1,4,9,9,6,9,4,4,4,3,8,1,1,6,6,8,9,9,4,6,6,8,9,7,9,7,9,9,8,9,3,7,4,6,,,9,8,,,9,1,9,8,9,6,5,8,2,1,9,9,4,5,4,7,5,8,9,9,8,8,7,6,,7,,,"b'\x11\xe8\xe1I\xc9\xad,\xba\xaf\x82\x12\xdf\x17\xaeN\x1e'"
11E8E149-C9AD-2CBA-AF82-12DF17AE4E1E,2023-ncaa-d1-natl,ncaa,322,301,342,323,349,355,356,354,349,350,311,352,310,303,290,208,283,304,138,303,193,353,352,351,340,335,131,197,62,289,267,315,291,324,293,355,322,69,262,330,324,270,280,189,,,13,58,,,314,355,328,183,346,351,315,341,233,279,253,222,232,231,312,308,224,229,251,348,199,282,250,,43,,,320,28,28,29,121,5,5,130,285,277,253,352,21,23,177,20,159,16,11,200,172,203,342,355,62,193,291,109,267,128,293,133,306,322,225,281,147,291,130,230,,,333,206,,,314,6,334,264,325,133,124,167,33,28,347,339,63,66,59,114,79,296,273,300,244,251,250,211,,272,,,"b'\x11\xe8\xe1I\xc9\xad,\xba\xaf\x82\x12\xdf\x17\xaeN\x1e'"
11E8E149-C9AD-2CBA-AF82-12DF17AE4E1E,2024-ncaa-d0-natl,ncaa,297,276,298,301,316,347,336,323,322,313,244,340,311,318,259,256,347,353,159,353,352,337,334,327,337,333,277,230,271,130,50,347,165,308,140,330,278,144,292,311,102,26,304,178,,,60,271,,,262,347,337,263,347,331,270,286,146,296,292,337,345,342,308,291,67,344,259,328,248,58,289,,157,,,267,10,7,3,224,1,1,286,241,206,270,359,59,35,322,33,311,3,9,295,304,166,356,352,208,10,165,27,50,12,140,80,315,139,16,90,106,236,130,189,,,343,301,,,262,15,317,144,271,53,29,3,4,1,314,293,130,104,95,1,17,38,96,58,154,68,203,200,,319,,,"b'\x11\xe8\xe1I\xc9\xad,\xba\xaf\x82\x12\xdf\x17\xaeN\x1e'"
11E8E149-C9AD-2CBA-AF82-12DF17AE4E1E,2024-ncaa-d1-conf-America East,ncaa,9,7,9,9,9,9,9,9,9,8,6,9,8,9,6,9,8,9,6,7,7,9,9,9,8,9,8,6,5,2,3,9,7,9,4,7,7,7,7,8,2,1,8,6,,,5,8,,,7,9,6,3,9,8,3,7,2,8,8,7,6,6,5,2,2,9,6,7,8,1,7,,6,,,7,4,2,1,9,1,1,9,9,9,9,9,4,2,8,2,9,1,1,9,9,9,9,9,6,2,7,2,3,2,4,8,9,2,1,5,7,8,2,2,,,9,7,,,7,1,7,8,8,6,5,2,1,1,9,9,6,5,5,3,4,4,4,4,9,1,7,3,,5,,,"b'\x11\xe8\xe1I\xc9\xad,\xba\xaf\x82\x12\xdf\x17\xaeN\x1e'"
11E8E149-C9AD-2CBA-AF82-12DF17AE4E1E,2024-ncaa-d1-natl,ncaa,298,278,320,298,341,348,341,331,332,328,238,345,312,321,260,258,350,356,146,356,352,346,342,336,346,340,269,230,268,135,55,355,178,317,151,335,262,142,287,312,96,24,321,174,,,72,284,,,265,356,339,264,349,335,268,297,146,294,294,338,344,345,305,291,65,349,265,330,243,53,295,,167,,,270,10,3,2,228,1,1,284,234,206,264,360,65,45,310,40,316,3,6,291,301,164,359,352,215,12,178,20,55,9,151,75,319,132,13,85,115,234,131,187,,,343,298,,,265,7,326,135,267,53,27,1,4,1,309,292,132,113,106,1,17,43,104,62,160,66,199,201,,316,,,"b'\x11\xe8\xe1I\xc9\xad,\xba\xaf\x82\x12\xdf\x17\xaeN\x1e'"
11E8E149-C9AD-2CBA-AF82-12DF17AE4E1E,2025-ncaa-d0-natl,genius_ncaa,282,279,248,287,288,347,348,319,358,337,309,335,292,241,338,132,308,321,109,317,239,328,327,346,342,337,146,185,126,194,147,301,37,266,137,350,317,122,271,333,253,138,295,261,,,11,81,,81,282,341,350,257,353,356,324,337,290,285,201,293,310,308,327,324,160,297,253,356,206,223,289,,23,,112,282,24,58,24,290,47,22,277,146,71,306,249,4,7,10,10,59,13,11,304,246,212,132,286,14,4,37,102,147,20,137,58,133,266,128,168,70,168,73,177,,,284,156,,201,282,21,328,159,291,58,108,23,97,38,189,106,6,17,22,11,5,5,166,64,98,232,120,106,,251,,181,"b'\x11\xe8\xe1I\xc9\xad,\xba\xaf\x82\x12\xdf\x17\xaeN\x1e'"
11E8E149-C9AD-2CBA-AF82-12DF17AE4E1E,2025-ncaa-d1-conf-America East,genius_ncaa,8,8,5,8,5,8,8,6,9,8,5,8,8,3,8,4,4,5,4,5,5,5,4,8,8,8,5,4,3,1,2,8,2,5,3,8,8,8,8,8,4,3,7,7,,,1,2,,2,8,8,6,2,8,9,2,8,5,8,3,4,6,6,2,1,1,7,1,8,8,3,7,,2,,4,8,3,7,2,9,7,4,8,3,2,8,5,1,1,1,1,1,2,2,9,8,7,1,4,1,1,2,7,2,2,3,3,1,5,4,3,7,7,7,7,,,5,6,,5,8,2,8,5,8,4,7,4,8,5,3,3,1,1,1,4,3,2,6,5,3,5,7,7,,4,,5,"b'\x11\xe8\xe1I\xc9\xad,\xba\xaf\x82\x12\xdf\x17\xaeN\x1e'"
11E8E149-C9AD-2CBA-AF82-12DF17AE4E1E,2025-ncaa-d1-natl,genius_ncaa,301,279,304,301,332,352,356,340,358,346,331,342,301,253,340,132,322,332,107,330,236,346,346,348,346,341,139,186,116,221,162,329,40,308,150,357,324,108,282,343,284,152,310,267,,,7,83,,75,296,352,353,257,355,357,330,341,293,291,202,296,310,306,330,326,170,306,265,358,209,240,293,,24,,115,299,16,40,10,303,41,12,284,130,53,316,246,4,7,10,7,60,5,4,317,262,227,129,283,16,3,40,76,162,11,150,48,134,294,136,183,63,173,59,194,,,311,146,,207,296,11,337,180,308,64,117,24,100,37,195,107,6,17,23,11,4,5,173,68,105,245,121,106,,251,,174,"b'\x11\xe8\xe1I\xc9\xad,\xba\xaf\x82\x12\xdf\x17\xaeN\x1e'"
11E8E149-C9AD-2CBA-AF82-12DF17AE4E1E,2026-ncaa-d0-natl,genius_ncaa,295,295,206,310,216,260,259,280,220,281,292,216,177,192,167,72,285,300,98,301,211,287,285,200,205,208,86,71,222,352,360,241,77,298,298,265,222,118,240,234,304,303,306,335,,,56,88,,6,306,261,278,97,280,280,319,309,324,144,144,284,306,307,332,344,359,199,331,274,165,323,324,,59,,9,302,204,230,129,330,258,165,313,170,102,313,118,122,96,274,85,79,122,86,330,327,351,78,141,83,40,77,198,360,130,298,274,264,334,342,353,171,277,171,275,,,309,283,,337,306,97,266,331,313,283,313,202,321,259,214,109,156,121,105,175,35,37,281,180,318,353,232,207,,330,,331,"b'\x11\xe8\xe1I\xc9\xad,\xba\xaf\x82\x12\xdf\x17\xaeN\x1e'"
11E8E149-C9AD-2CBA-AF82-12DF17AE4E1E,2026-ncaa-d1-natl,genius_ncaa,256,294,85,287,117,209,190,208,174,209,246,144,128,117,177,80,272,273,196,271,232,224,201,152,174,200,136,91,283,335,356,176,94,268,301,223,260,217,247,249,98,88,314,337,,,80,53,,10,260,161,287,100,271,247,319,269,323,150,147,314,321,320,339,346,357,254,351,279,178,121,334,,29,,9,255,246,272,188,318,289,225,289,195,129,294,108,143,121,255,118,81,181,176,306,300,285,72,143,95,77,94,289,356,218,301,282,233,178,183,265,239,271,158,206,,,267,298,,305,260,196,247,251,263,190,248,100,267,177,141,71,104,83,78,67,37,40,251,158,258,225,214,133,,336,,326,"b'\x11\xe8\xe1I\xc9\xad,\xba\xaf\x82\x12\xdf\x17\xaeN\x1e'"
11E8E149-C9B1-8C56-AF82-12DF17AE4E1E,2010-ncaa-d0-natl,ncaa,99,101,81,106,106,125,141,104,207,208,202,213,41,44,104,44,156,229,10,234,231,126,198,156,138,59,50,44,218,164,222,117,42,134,137,102,84,3,3,14,199,193,55,33,,,73,94,,,82,214,314,229,149,182,138,260,261,47,45,189,277,286,178,308,200,159,187,116,2,244,56,,40,,,87,126,104,171,85,57,81,117,269,283,132,308,151,104,331,101,175,154,130,117,146,182,299,304,186,62,42,259,222,180,137,239,303,254,241,284,15,24,255,274,,,217,195,,,82,149,51,155,70,67,52,80,33,26,248,282,124,82,77,49,20,27,217,109,204,302,14,236,,284,,,b'\x11\xe8\xe1I\xc9\xb1\x8cV\xaf\x82\x12\xdf\x17\xaeN\x1e'
11E8E149-C9B1-8C56-AF82-12DF17AE4E1E,2010-ncaa-d1-conf-Mountain West,ncaa,5,5,4,5,4,6,6,3,8,7,5,9,3,2,5,2,5,6,1,6,6,5,8,7,7,6,2,2,3,3,5,3,2,3,3,6,5,1,1,4,6,5,3,2,,,5,7,,,6,8,8,5,7,7,4,9,8,4,2,4,6,6,3,6,3,5,3,7,1,6,3,,3,,,6,1,1,2,5,1,2,4,4,4,6,6,4,7,3,7,8,2,2,5,5,4,9,7,7,1,2,9,5,6,3,6,7,6,5,6,1,1,6,6,,,5,4,,,6,2,5,4,5,2,1,1,1,1,5,6,5,5,5,1,1,1,9,5,5,6,1,6,,6,,,b'\x11\xe8\xe1I\xc9\xb1\x8cV\xaf\x82\x12\xdf\x17\xaeN\x1e'
11E8E149-C9B1-8C56-AF82-12DF17AE4E1E,2010-ncaa-d1-natl,ncaa,102,100,91,107,115,135,149,114,211,225,211,218,46,48,106,44,162,244,10,247,229,139,222,160,138,62,49,43,217,177,225,125,42,147,143,107,89,2,4,14,221,196,59,33,,,60,95,,,86,235,319,228,156,187,142,265,262,48,45,187,281,286,180,308,204,162,195,120,2,245,56,,43,,,89,107,90,155,93,46,63,122,263,278,136,308,146,96,331,92,175,135,112,121,149,187,300,304,185,53,42,250,225,171,143,231,302,272,246,291,15,25,249,278,,,228,194,,,86,124,53,162,74,67,52,81,34,26,252,283,122,80,76,53,19,29,220,112,208,302,14,240,,283,,,b'\x11\xe8\xe1I\xc9\xb1\x8cV\xaf\x82\x12\xdf\x17\xaeN\x1e'
11E8E149-C9B1-8C56-AF82-12DF17AE4E1E,2011-ncaa-d0-natl,ncaa,192,226,119,212,121,183,243,137,312,259,194,314,130,92,238,103,75,123,31,116,81,127,161,289,254,206,43,105,31,145,219,111,110,122,191,194,96,60,55,122,160,164,78,56,,,139,148,,,194,171,256,13,216,277,155,291,225,131,89,73,120,114,142,214,156,123,117,197,56,180,74,,128,,,193,162,137,191,105,62,109,63,311,275,306,295,132,119,209,121,171,172,171,173,156,157,320,330,125,139,110,285,219,249,191,248,306,168,165,224,97,104,306,313,,,75,47,,,194,187,200,150,182,138,128,164,53,74,309,271,119,109,116,140,125,125,280,231,235,181,96,298,,81,,,b'\x11\xe8\xe1I\xc9\xb1\x8cV\xaf\x82\x12\xdf\x17\xaeN\x1e'
11E8E149-C9B1-8C56-AF82-12DF17AE4E1E,2011-ncaa-d1-conf-Mountain West,ncaa,5,7,2,6,2,2,4,1,8,6,2,8,4,2,7,4,2,3,1,2,4,1,2,8,8,5,3,4,3,3,5,2,7,2,7,7,8,3,2,5,3,4,3,5,,,5,4,,,6,2,5,5,4,6,3,7,4,4,3,2,5,5,2,2,2,6,6,7,2,4,6,,4,,,6,8,8,9,6,7,6,6,9,8,9,6,5,5,5,5,5,8,9,6,6,6,9,8,4,9,7,9,5,9,7,7,5,2,5,4,5,3,8,8,,,2,4,,,6,8,4,6,5,6,5,7,4,4,8,6,4,4,4,6,7,9,8,9,6,4,3,8,,4,,,b'\x11\xe8\xe1I\xc9\xb1\x8cV\xaf\x82\x12\xdf\x17\xaeN\x1e'
11E8E149-C9B1-8C56-AF82-12DF17AE4E1E,2011-ncaa-d1-natl,ncaa,206,223,132,220,134,203,259,157,312,280,213,315,136,104,237,105,85,134,32,129,80,147,190,294,257,209,41,101,29,161,223,132,112,142,196,208,99,44,56,125,182,172,81,56,,,123,148,,,203,207,258,12,220,280,155,292,225,132,92,75,121,118,147,219,159,127,124,202,55,184,77,,129,,,203,138,122,162,109,49,89,69,307,267,308,291,121,104,210,110,172,144,141,176,161,164,319,330,120,120,112,271,223,234,196,238,306,190,172,230,87,107,303,314,,,96,44,,,203,155,203,157,190,144,132,167,55,74,309,271,118,108,117,145,127,133,284,234,240,190,96,300,,80,,,b'\x11\xe8\xe1I\xc9\xb1\x8cV\xaf\x82\x12\xdf\x17\xaeN\x1e'
11E8E149-C9B1-8C56-AF82-12DF17AE4E1E,2012-ncaa-d0-natl,ncaa,252,260,163,262,198,287,246,294,135,221,219,229,233,301,11,265,326,325,220,325,328,312,311,154,181,232,263,170,316,278,211,231,230,268,204,144,26,155,286,143,304,291,27,21,,,53,116,,,213,303,327,189,304,262,326,227,209,230,296,329,330,330,330,326,281,235,284,114,183,305,20,,59,,,212,43,60,94,88,81,149,56,87,64,222,87,76,92,49,93,112,90,51,88,70,140,131,150,140,178,230,47,211,74,204,38,72,312,293,203,246,313,150,186,,,284,182,,,213,38,245,183,212,66,96,109,112,187,106,71,92,116,121,107,36,206,49,98,60,315,256,165,,302,,,b'\x11\xe8\xe1I\xc9\xb1\x8cV\xaf\x82\x12\xdf\x17\xaeN\x1e'
11E8E149-C9B1-8C56-AF82-12DF17AE4E1E,2012-ncaa-d1-conf-Mountain West,ncaa,7,7,1,7,2,7,6,3,5,5,3,7,4,5,3,6,8,7,6,7,8,4,3,7,7,7,5,4,7,6,6,1,6,4,6,2,2,6,7,5,7,7,1,2,,,5,4,,,7,3,7,6,7,7,8,6,6,6,7,8,8,8,8,8,7,3,7,2,6,7,2,,4,,,7,6,6,8,5,7,8,5,4,4,5,2,5,5,1,5,2,8,8,4,2,6,2,4,4,8,6,7,6,7,6,5,3,7,7,6,7,7,3,2,,,4,4,,,7,6,7,6,7,6,5,6,5,7,3,2,4,4,4,5,2,5,5,6,4,7,7,2,,6,,,b'\x11\xe8\xe1I\xc9\xb1\x8cV\xaf\x82\x12\xdf\x17\xaeN\x1e'
11E8E149-C9B1-8C56-AF82-12DF17AE4E1E,2012-ncaa-d1-natl,ncaa,254,260,137,262,169,284,248,290,153,224,219,241,234,296,20,262,318,321,195,321,328,306,309,168,198,241,256,179,292,273,214,201,223,252,188,132,21,162,278,142,306,289,24,19,,,70,129,,,208,305,329,200,307,280,326,237,215,236,295,328,328,328,330,326,282,222,269,115,178,303,18,,65,,,207,50,61,116,74,78,172,47,90,69,204,93,77,104,38,106,116,109,60,73,59,122,138,149,146,188,223,48,214,89,188,44,88,306,291,201,244,311,165,190,,,279,176,,,208,41,252,164,208,56,70,106,94,181,105,72,82,116,119,104,36,203,51,98,56,314,248,167,,299,,,b'\x11\xe8\xe1I\xc9\xb1\x8cV\xaf\x82\x12\xdf\x17\xaeN\x1e'
11E8E149-C9B1-8C56-AF82-12DF17AE4E1E,2013-ncaa-d0-natl,ncaa,128,126,120,136,181,194,137,188,86,95,118,112,245,263,146,258,316,255,338,252,306,203,183,121,173,205,318,243,323,144,86,165,126,148,82,116,112,234,247,150,166,159,192,197,,,246,286,,,168,194,224,337,230,137,226,90,123,257,277,324,274,274,247,228,155,181,169,95,222,181,202,,244,,,168,132,109,151,115,119,169,114,142,153,161,149,216,235,99,230,227,167,148,115,114,157,211,158,240,129,126,59,86,72,82,99,124,218,219,158,285,288,204,162,,,252,270,,,168,156,185,140,165,115,103,105,109,130,139,143,214,234,233,133,106,117,47,59,98,241,272,197,,282,,,b'\x11\xe8\xe1I\xc9\xb1\x8cV\xaf\x82\x12\xdf\x17\xaeN\x1e'
11E8E149-C9B1-8C56-AF82-12DF17AE4E1E,2013-ncaa-d1-conf-Mountain West,ncaa,4,4,3,4,3,5,4,7,4,3,4,4,7,8,5,8,8,6,9,6,7,8,6,4,6,6,7,7,7,5,3,7,5,6,3,3,6,7,8,5,4,4,6,6,,,8,8,,,5,7,6,1,6,5,8,4,5,7,8,9,6,6,8,7,6,8,7,4,5,4,6,,8,,,4,4,3,2,5,3,4,4,4,3,6,4,7,7,6,7,7,2,4,4,5,6,7,5,7,4,5,2,3,2,3,4,4,5,3,3,7,7,5,4,,,4,5,,,5,4,5,5,6,5,2,2,3,2,3,2,7,7,7,3,3,3,3,3,4,6,6,4,,4,,,b'\x11\xe8\xe1I\xc9\xb1\x8cV\xaf\x82\x12\xdf\x17\xaeN\x1e'
11E8E149-C9B1-8C56-AF82-12DF17AE4E1E,2013-ncaa-d1-natl,ncaa,135,126,136,138,208,215,145,211,87,111,132,116,252,270,145,259,318,263,339,262,307,228,212,126,178,207,316,242,321,161,93,184,130,166,86,127,115,224,250,156,177,162,204,198,,,233,287,,,174,226,225,337,238,144,229,93,127,260,276,325,276,273,255,231,156,190,176,101,224,184,205,,245,,,174,116,98,124,127,105,137,119,137,142,165,148,208,226,102,221,230,143,117,126,121,166,208,158,241,114,130,44,93,54,86,89,126,236,227,167,275,290,194,169,,,262,267,,,174,126,190,150,173,119,106,105,110,130,140,143,217,236,233,133,106,118,47,61,107,244,273,200,,282,,,b'\x11\xe8\xe1I\xc9\xb1\x8cV\xaf\x82\x12\xdf\x17\xaeN\x1e'
11E8E149-C9B1-8C56-AF82-12DF17AE4E1E,2014-ncaa-d0-natl,ncaa,239,246,180,252,219,246,200,194,214,152,151,211,255,239,275,227,291,259,296,265,302,209,209,243,270,269,304,241,276,87,54,243,65,159,55,219,204,171,204,220,219,195,116,96,,,127,219,,,205,251,240,191,256,191,148,131,112,259,222,296,257,263,186,182,56,238,132,217,208,210,101,,150,,,204,103,114,61,264,187,131,256,40,36,131,63,172,164,174,168,211,71,78,216,237,214,68,43,234,24,65,79,54,30,55,99,122,194,141,145,194,226,229,204,,,250,254,,,205,106,223,172,199,131,151,46,220,170,43,41,208,195,201,71,64,33,99,45,121,186,222,254,,243,,,b'\x11\xe8\xe1I\xc9\xb1\x8cV\xaf\x82\x12\xdf\x17\xaeN\x1e'
11E8E149-C9B1-8C56-AF82-12DF17AE4E1E,2014-ncaa-d1-conf-Mountain West,ncaa,9,9,8,9,9,10,9,10,6,5,5,4,8,9,8,8,9,8,10,8,8,10,10,6,7,6,10,9,7,4,3,9,2,9,3,8,7,5,8,8,8,6,5,5,,,7,10,,,9,11,9,4,9,7,8,4,5,8,8,9,6,7,9,7,4,9,8,8,7,7,5,,8,,,9,3,3,2,9,6,3,9,1,1,7,1,8,6,6,6,9,1,1,9,10,8,4,1,9,1,2,2,3,2,3,4,5,7,3,5,8,9,4,5,,,9,3,,,9,1,7,7,6,6,7,2,9,6,2,1,9,7,7,1,2,1,2,2,6,7,9,5,,5,,,b'\x11\xe8\xe1I\xc9\xb1\x8cV\xaf\x82\x12\xdf\x17\xaeN\x1e'
11E8E149-C9B1-8C56-AF82-12DF17AE4E1E,2014-ncaa-d1-natl,ncaa,252,244,211,254,262,268,223,219,218,176,169,217,268,250,280,226,299,274,295,277,303,236,244,252,276,274,301,243,276,102,56,266,69,187,58,235,208,154,204,226,227,198,122,98,,,109,220,,,216,285,245,184,266,195,152,138,110,264,226,297,261,265,191,187,58,245,139,225,213,212,104,,149,,,217,80,96,39,273,169,114,265,33,24,134,59,169,158,178,161,211,51,45,227,245,225,67,42,233,20,69,55,56,18,58,89,121,214,152,151,184,227,219,211,,,276,254,,,216,73,228,181,209,137,157,46,225,171,44,41,209,197,203,73,64,33,98,46,128,192,223,254,,245,,,b'\x11\xe8\xe1I\xc9\xb1\x8cV\xaf\x82\x12\xdf\x17\xaeN\x1e'
11E8E149-C9B1-8C56-AF82-12DF17AE4E1E,2015-ncaa-d0-natl,ncaa,68,103,26,94,45,109,97,74,184,46,30,205,291,281,267,320,69,52,212,51,191,69,64,242,232,222,306,314,77,76,125,94,90,77,97,162,264,260,174,221,77,91,75,89,,,279,223,,,137,61,231,283,230,211,224,95,68,313,317,120,103,103,197,212,149,227,192,250,160,111,100,,153,,,138,221,168,223,108,201,263,72,142,118,238,65,304,320,77,318,269,262,276,101,118,106,207,108,295,152,90,259,125,219,97,108,78,86,106,56,248,176,322,223,,,35,65,,,137,291,208,84,141,70,45,39,65,118,71,44,236,255,256,56,73,50,95,59,41,142,167,279,,90,,,b'\x11\xe8\xe1I\xc9\xb1\x8cV\xaf\x82\x12\xdf\x17\xaeN\x1e'
11E8E149-C9B1-8C56-AF82-12DF17AE4E1E,2015-ncaa-d1-conf-Mountain West,ncaa,1,2,1,2,3,5,4,4,4,1,1,6,9,9,7,10,3,2,6,2,5,4,5,4,5,5,9,10,3,6,6,8,2,6,4,7,10,4,4,6,3,2,5,5,,,7,9,,,4,4,9,6,7,7,8,2,3,9,10,4,3,3,6,8,8,9,9,10,4,4,5,,7,,,4,5,2,2,2,4,5,4,3,3,7,2,8,9,2,9,9,4,6,3,5,3,7,4,11,2,2,7,6,2,4,3,3,3,2,2,3,4,7,5,,,1,1,,,4,8,4,3,3,1,1,1,2,3,2,1,7,7,8,2,2,1,4,2,1,4,3,5,,2,,,b'\x11\xe8\xe1I\xc9\xb1\x8cV\xaf\x82\x12\xdf\x17\xaeN\x1e'
11E8E149-C9B1-8C56-AF82-12DF17AE4E1E,2015-ncaa-d1-natl,ncaa,80,103,30,98,50,134,121,87,192,54,35,210,297,291,272,318,84,59,215,59,191,78,75,251,239,228,305,316,72,88,133,117,93,93,106,186,270,245,178,230,87,100,78,92,,,267,222,,,151,70,234,285,239,219,236,104,70,314,319,119,104,106,204,216,161,233,204,256,157,117,101,,156,,,152,199,146,193,122,180,244,81,125,95,249,66,293,310,80,308,268,237,253,107,128,114,205,107,293,136,93,233,133,194,106,94,78,101,113,65,235,181,318,228,,,41,64,,,151,280,216,93,154,72,50,39,75,118,73,42,241,258,261,57,72,50,97,63,42,148,176,278,,93,,,b'\x11\xe8\xe1I\xc9\xb1\x8cV\xaf\x82\x12\xdf\x17\xaeN\x1e'
11E8E149-C9B1-8C56-AF82-12DF17AE4E1E,2016-ncaa-d0-natl,ncaa,136,156,76,154,91,155,149,87,259,100,60,254,248,208,295,258,150,104,305,105,202,86,103,284,286,235,271,272,149,43,66,136,75,82,69,106,76,128,73,95,67,57,197,162,,,255,275,,,107,132,254,137,222,199,128,128,87,272,241,184,129,137,124,166,53,200,108,120,77,83,225,,218,,,108,90,46,100,55,32,68,60,192,202,144,244,247,289,41,295,325,136,185,69,84,57,322,234,306,75,75,235,66,166,69,52,118,74,63,37,176,140,283,220,,,148,198,,,107,212,190,45,110,40,19,27,9,17,164,173,221,256,262,43,63,49,149,88,39,104,145,271,,200,,,b'\x11\xe8\xe1I\xc9\xb1\x8cV\xaf\x82\x12\xdf\x17\xaeN\x1e'
11E8E149-C9B1-8C56-AF82-12DF17AE4E1E,2016-ncaa-d1-conf-Mountain West,ncaa,6,5,4,6,4,7,8,4,8,4,2,9,9,8,9,10,5,5,9,5,6,3,4,9,9,8,10,8,5,2,3,9,3,5,4,5,3,3,2,6,1,1,6,5,,,10,11,,,3,6,7,3,8,8,4,4,1,9,8,6,4,4,4,6,3,9,6,6,3,1,5,,10,,,3,2,1,1,5,2,1,4,2,2,7,4,10,10,4,10,11,1,4,4,6,3,9,4,11,1,3,9,3,2,4,3,3,1,1,1,6,4,10,10,,,3,3,,,3,5,8,2,3,3,2,1,3,2,2,2,10,9,9,1,3,1,7,3,2,1,5,10,,3,,,b'\x11\xe8\xe1I\xc9\xb1\x8cV\xaf\x82\x12\xdf\x17\xaeN\x1e'
11E8E149-C9B1-8C56-AF82-12DF17AE4E1E,2016-ncaa-d1-natl,ncaa,153,156,99,158,110,187,171,111,269,125,72,260,265,226,297,259,162,118,302,125,198,113,139,291,288,242,266,271,144,54,70,163,82,100,74,126,77,96,77,98,85,65,215,169,,,239,280,,,121,173,256,130,232,212,135,142,90,273,244,184,131,139,135,174,58,211,114,129,79,88,226,,220,,,121,66,29,63,66,22,42,66,185,186,146,239,234,277,47,285,324,97,144,77,91,67,322,230,306,62,82,208,70,133,74,38,118,101,68,42,155,141,281,230,,,173,194,,,121,166,200,52,122,43,21,28,10,18,166,171,221,258,268,41,63,53,156,90,42,110,146,277,,201,,,b'\x11\xe8\xe1I\xc9\xb1\x8cV\xaf\x82\x12\xdf\x17\xaeN\x1e'
11E8E149-C9B1-8C56-AF82-12DF17AE4E1E,2017-ncaa-d0-natl,ncaa,184,152,234,181,280,185,179,140,241,197,229,138,133,61,304,67,239,158,332,159,103,138,186,222,257,187,144,114,251,206,278,16,8,50,81,123,73,30,39,59,287,301,67,68,,,5,3,,,113,182,40,268,127,124,36,166,190,96,35,213,112,113,34,77,173,2,3,79,57,280,49,,10,,,107,60,109,285,8,45,212,8,292,312,138,310,5,5,286,6,7,227,145,16,10,55,275,338,14,67,8,316,278,246,81,211,292,338,345,329,37,52,205,237,,,285,316,,,113,168,193,41,111,121,173,344,74,291,316,331,9,6,9,323,254,119,344,309,262,334,67,238,,269,,,b'\x11\xe8\xe1I\xc9\xb1\x8cV\xaf\x82\x12\xdf\x17\xaeN\x1e'
11E8E149-C9B1-8C56-AF82-12DF17AE4E1E,2017-ncaa-d1-conf-Mountain West,ncaa,6,5,7,5,8,6,5,4,8,5,8,5,6,2,10,4,6,4,10,4,2,5,6,8,8,7,6,5,4,6,7,1,1,1,3,5,2,5,4,5,9,8,2,3,,,2,2,,,4,5,3,8,4,3,3,5,6,5,2,5,2,2,3,3,6,1,1,3,6,9,2,,3,,,4,4,5,9,2,3,5,1,11,10,6,10,3,2,8,3,2,9,7,2,2,3,9,11,1,6,1,8,7,7,3,8,11,10,11,11,4,3,8,8,,,6,6,,,4,7,6,3,5,6,7,10,4,7,11,11,3,3,3,10,9,6,10,10,9,10,4,9,,4,,,b'\x11\xe8\xe1I\xc9\xb1\x8cV\xaf\x82\x12\xdf\x17\xaeN\x1e'
11E8E149-C9B1-8C56-AF82-12DF17AE4E1E,2017-ncaa-d1-natl,ncaa,175,151,217,175,288,166,163,116,224,181,222,122,139,60,307,75,229,145,332,147,94,124,176,212,254,183,154,124,250,207,282,10,6,38,81,120,77,27,38,59,279,288,57,67,,,4,3,,,105,171,41,270,124,117,39,153,189,109,40,206,105,107,36,80,187,2,3,79,56,274,43,,8,,,102,57,109,295,8,43,227,8,297,313,133,311,5,6,279,6,5,244,147,16,11,57,270,338,12,55,6,320,282,262,81,224,294,338,341,332,46,54,209,233,,,285,315,,,105,176,192,40,107,111,169,344,72,294,312,330,8,6,7,322,247,104,344,300,263,333,71,231,,270,,,b'\x11\xe8\xe1I\xc9\xb1\x8cV\xaf\x82\x12\xdf\x17\xaeN\x1e'
11E8E149-C9B1-8C56-AF82-12DF17AE4E1E,2018-ncaa-d0-natl,ncaa,38,74,12,68,15,12,18,10,81,36,49,59,9,7,78,51,14,29,33,28,113,8,14,57,52,31,56,64,188,98,286,16,81,30,201,19,128,80,10,21,87,188,151,247,,,206,17,,,49,7,25,75,16,23,13,73,146,17,18,37,95,99,12,45,214,34,82,27,27,151,215,,52,,,52,345,345,344,209,339,339,191,337,330,262,216,203,193,237,195,40,344,339,220,195,207,140,239,39,298,81,349,286,346,201,332,148,54,202,215,70,16,305,206,,,17,190,,,49,343,33,184,63,285,307,328,292,303,289,284,97,84,83,313,314,174,321,294,260,149,30,225,,108,,,b'\x11\xe8\xe1I\xc9\xb1\x8cV\xaf\x82\x12\xdf\x17\xaeN\x1e'
11E8E149-C9B1-8C56-AF82-12DF17AE4E1E,2018-ncaa-d1-conf-Mountain West,ncaa,5,5,3,5,4,2,2,2,6,2,4,2,2,1,7,1,3,3,1,3,2,2,2,4,5,2,3,5,5,5,6,2,2,2,5,2,4,1,1,1,7,7,6,7,,,3,2,,,1,2,2,5,1,1,1,3,6,2,1,3,3,3,1,1,4,1,1,1,1,7,6,,4,,,1,9,9,8,7,8,9,6,8,5,9,6,2,7,2,6,3,8,9,6,6,7,7,8,3,4,2,11,6,8,5,7,5,4,6,6,3,1,8,10,,,4,6,,,1,10,2,6,3,9,8,8,7,10,8,5,3,4,5,8,10,3,10,9,5,4,3,9,,4,,,b'\x11\xe8\xe1I\xc9\xb1\x8cV\xaf\x82\x12\xdf\x17\xaeN\x1e'
11E8E149-C9B1-8C56-AF82-12DF17AE4E1E,2018-ncaa-d1-natl,ncaa,35,74,9,70,10,9,11,6,86,30,40,65,11,8,76,53,10,20,35,19,100,3,7,58,53,29,49,63,177,89,288,10,87,23,211,20,139,73,10,18,76,172,136,235,,,207,16,,,43,2,22,78,16,21,11,74,140,19,19,28,81,80,9,36,208,33,77,28,25,138,207,,53,,,51,347,348,347,220,342,342,196,339,337,267,229,205,197,224,197,44,347,347,229,197,209,138,250,38,309,87,349,288,348,211,338,159,53,194,218,62,12,316,217,,,14,186,,,43,348,34,190,61,288,310,329,291,297,291,288,97,85,90,315,317,179,325,300,272,130,24,238,,103,,,b'\x11\xe8\xe1I\xc9\xb1\x8cV\xaf\x82\x12\xdf\x17\xaeN\x1e'
11E8E149-C9B1-8C56-AF82-12DF17AE4E1E,2019-ncaa-d0-natl,ncaa,41,18,114,28,120,52,53,49,99,57,107,41,81,46,247,103,83,69,217,67,104,47,45,89,98,91,182,159,209,49,105,43,157,37,92,61,140,206,86,85,36,55,7,6,,,64,14,,,29,49,26,27,24,26,12,38,111,78,44,70,66,64,11,7,51,13,8,40,184,31,5,,51,,,27,177,202,302,35,168,257,54,258,314,49,284,68,73,121,73,52,282,305,43,29,25,192,277,61,299,157,286,105,309,92,222,216,62,116,106,292,214,186,134,,,166,294,,,29,294,81,34,38,149,184,332,143,269,258,319,60,72,77,321,328,303,274,300,205,55,277,176,,183,,,b'\x11\xe8\xe1I\xc9\xb1\x8cV\xaf\x82\x12\xdf\x17\xaeN\x1e'
11E8E149-C9B1-8C56-AF82-12DF17AE4E1E,2019-ncaa-d1-conf-Mountain West,ncaa,3,2,7,2,7,2,4,3,5,7,8,4,3,4,7,3,4,3,6,3,1,3,4,4,4,4,2,3,6,7,7,3,6,2,7,5,6,6,5,5,2,2,1,1,,,2,2,,,3,3,2,2,2,2,1,3,7,3,2,1,2,2,1,1,4,1,1,4,6,1,1,,3,,,3,5,5,9,1,4,6,3,7,8,4,8,2,3,6,3,2,8,8,1,1,1,5,10,2,8,6,8,7,9,7,7,6,3,5,7,7,7,5,6,,,7,8,,,3,8,4,4,3,7,9,10,6,9,9,9,2,3,3,10,10,9,9,10,7,3,8,5,,4,,,b'\x11\xe8\xe1I\xc9\xb1\x8cV\xaf\x82\x12\xdf\x17\xaeN\x1e'
11E8E149-C9B1-8C56-AF82-12DF17AE4E1E,2019-ncaa-d1-natl,ncaa,39,18,107,29,108,50,49,41,93,57,104,41,81,51,243,104,84,64,224,63,93,39,42,86,96,90,176,160,208,54,116,30,154,34,98,56,144,207,98,86,40,56,5,3,,,64,14,,,30,40,27,28,28,29,16,39,119,79,45,72,66,64,13,12,63,10,11,42,196,32,3,,50,,,28,169,205,314,31,162,270,50,256,312,45,277,72,75,128,77,52,295,311,38,29,23,189,272,72,300,154,287,116,316,98,216,205,63,111,96,296,222,176,130,,,161,286,,,30,306,86,32,37,146,179,332,144,272,248,315,65,72,79,317,327,296,270,297,195,58,282,165,,174,,,b'\x11\xe8\xe1I\xc9\xb1\x8cV\xaf\x82\x12\xdf\x17\xaeN\x1e'
11E8E149-C9B1-8C56-AF82-12DF17AE4E1E,2020-ncaa-d0-natl,ncaa,182,216,33,200,44,19,20,4,177,58,47,134,21,10,188,60,142,191,75,180,277,6,6,142,154,106,115,77,298,77,236,110,312,72,311,44,190,126,29,66,13,64,28,56,,,201,25,,,147,4,13,43,24,22,3,77,82,36,13,180,234,225,4,12,103,171,119,59,83,28,32,,146,,,150,343,337,342,261,315,334,148,334,268,348,141,228,204,294,207,84,342,348,280,271,192,213,265,88,340,312,351,236,351,311,338,289,8,53,153,253,118,250,162,,,51,239,,,147,350,105,227,154,321,322,326,290,319,323,217,193,157,160,321,347,323,348,346,334,17,216,214,,106,,,b'\x11\xe8\xe1I\xc9\xb1\x8cV\xaf\x82\x12\xdf\x17\xaeN\x1e'
11E8E149-C9B1-8C56-AF82-12DF17AE4E1E,2020-ncaa-d1-conf-Mountain West,ncaa,9,9,8,9,9,4,4,3,7,4,7,4,3,1,7,2,9,8,9,8,7,3,4,6,7,6,5,3,9,6,7,6,11,6,10,5,4,5,3,3,3,3,2,2,,,5,2,,,6,4,1,2,3,3,1,4,4,2,1,8,6,6,1,1,4,6,4,4,7,2,2,,6,,,6,9,9,8,8,7,7,5,11,9,11,7,8,7,8,6,4,8,9,8,8,7,10,10,4,10,11,11,7,10,10,10,9,1,2,4,7,7,8,8,,,2,4,,,6,8,7,8,6,11,10,10,9,9,11,10,10,7,6,10,11,11,11,11,10,1,8,8,,2,,,b'\x11\xe8\xe1I\xc9\xb1\x8cV\xaf\x82\x12\xdf\x17\xaeN\x1e'
11E8E149-C9B1-8C56-AF82-12DF17AE4E1E,2020-ncaa-d1-natl,ncaa,177,215,12,199,15,15,15,2,181,42,35,126,23,7,213,59,119,177,66,164,271,3,4,147,163,106,119,81,292,52,225,92,312,52,307,42,181,128,28,58,10,59,23,51,,,224,30,,,135,2,16,44,26,24,4,73,76,38,13,178,227,220,5,14,90,174,113,55,77,25,30,,154,,,139,346,340,345,253,315,338,145,338,279,347,149,242,216,297,218,90,346,351,274,266,188,213,264,101,341,312,349,225,350,307,340,295,8,49,151,253,108,262,177,,,49,241,,,135,350,99,220,141,316,312,320,282,316,324,216,201,166,173,316,346,324,347,345,331,21,203,231,,110,,,b'\x11\xe8\xe1I\xc9\xb1\x8cV\xaf\x82\x12\xdf\x17\xaeN\x1e'
11E8E149-C9B1-8C56-AF82-12DF17AE4E1E,2021-ncaa-d0-natl,ncaa,90,32,248,43,272,122,116,179,28,173,265,5,42,45,83,10,258,276,91,279,232,196,243,13,21,6,74,26,333,283,306,182,73,227,206,100,139,29,13,5,178,113,113,96,,,73,60,,,42,229,21,335,9,7,9,59,246,4,3,241,267,272,23,86,280,34,103,14,14,93,76,,118,,,22,111,125,128,185,152,141,194,111,132,116,172,81,75,176,77,71,112,106,163,147,167,92,155,81,87,73,145,306,117,206,169,232,233,199,243,42,32,39,65,,,297,339,,,42,112,15,142,31,237,263,291,271,273,186,226,118,118,116,276,286,150,308,279,271,157,39,38,,329,,,b'\x11\xe8\xe1I\xc9\xb1\x8cV\xaf\x82\x12\xdf\x17\xaeN\x1e'
11E8E149-C9B1-8C56-AF82-12DF17AE4E1E,2021-ncaa-d1-conf-Mountain West,ncaa,3,2,10,1,10,6,4,9,2,9,10,1,2,1,3,1,10,10,5,10,8,10,10,1,1,1,2,1,11,10,10,10,4,10,9,4,2,3,2,1,4,3,4,4,,,3,6,,,2,9,4,11,2,1,3,4,10,1,1,10,11,11,6,6,10,6,9,1,3,3,4,,5,,,1,2,3,2,7,2,2,6,5,4,4,7,4,2,8,3,4,2,3,6,8,3,6,6,3,2,4,3,10,3,9,6,9,5,3,5,2,4,2,2,,,10,11,,,2,3,2,3,1,6,6,4,6,6,6,6,3,4,4,5,7,6,7,7,9,2,5,1,,11,,,b'\x11\xe8\xe1I\xc9\xb1\x8cV\xaf\x82\x12\xdf\x17\xaeN\x1e'
11E8E149-C9B1-8C56-AF82-12DF17AE4E1E,2021-ncaa-d1-natl,ncaa,74,32,231,37,257,120,103,170,30,163,262,6,35,35,82,7,228,250,102,252,158,183,223,14,20,6,56,25,317,276,305,174,76,220,216,86,135,32,13,6,147,99,102,95,,,101,100,,,31,212,18,335,9,7,13,70,260,4,2,203,231,232,21,76,283,42,121,15,14,78,77,,165,,,23,125,133,131,191,153,151,187,122,132,135,154,113,113,178,112,116,128,121,171,163,171,107,148,127,96,76,170,305,138,216,179,243,217,177,230,50,35,42,78,,,283,336,,,31,131,14,148,32,241,258,265,259,267,181,199,162,169,170,269,284,145,311,288,271,139,49,43,,316,,,b'\x11\xe8\xe1I\xc9\xb1\x8cV\xaf\x82\x12\xdf\x17\xaeN\x1e'
11E8E149-C9B1-8C56-AF82-12DF17AE4E1E,2022-ncaa-d0-natl,ncaa,23,67,8,55,13,8,7,10,18,40,119,9,4,3,32,15,114,166,27,162,219,13,17,6,11,11,43,19,344,216,335,13,203,36,267,13,89,225,52,20,49,156,23,102,,,159,5,,,50,4,45,275,14,16,36,114,298,5,9,248,292,291,80,152,324,42,154,18,56,120,61,,21,,,58,353,353,355,161,351,353,135,348,346,257,206,165,182,122,183,19,355,354,169,131,196,115,262,19,354,203,354,335,355,267,352,260,89,298,316,244,76,12,8,,,196,353,,,50,353,25,221,61,272,306,346,281,332,300,290,50,50,51,334,313,302,287,309,311,253,83,2,,350,,,b'\x11\xe8\xe1I\xc9\xb1\x8cV\xaf\x82\x12\xdf\x17\xaeN\x1e'
11E8E149-C9B1-8C56-AF82-12DF17AE4E1E,2022-ncaa-d1-conf-Mountain West,ncaa,2,2,3,2,5,3,2,2,2,3,10,1,1,1,4,1,4,5,2,5,2,3,4,1,2,1,1,1,10,10,10,3,9,5,10,1,4,5,3,2,2,4,1,2,,,2,1,,,2,4,1,8,1,1,1,4,10,1,1,6,6,6,1,3,10,3,7,1,4,3,1,,3,,,2,8,8,9,4,9,9,3,9,10,7,9,2,2,2,2,1,9,9,3,2,4,5,8,1,10,9,10,10,10,10,8,9,4,5,7,6,6,1,1,,,10,11,,,2,8,2,5,2,8,9,10,9,10,9,10,2,2,2,10,10,10,9,11,9,3,7,1,,10,,,b'\x11\xe8\xe1I\xc9\xb1\x8cV\xaf\x82\x12\xdf\x17\xaeN\x1e'
11E8E149-C9B1-8C56-AF82-12DF17AE4E1E,2022-ncaa-d1-natl,ncaa,18,67,3,55,7,5,5,5,19,34,118,9,3,3,30,20,105,152,39,151,208,10,9,6,7,9,37,19,339,205,328,9,204,29,264,11,90,226,54,18,43,154,25,114,,,152,5,,,42,4,47,275,14,16,39,117,296,7,11,236,281,283,84,144,317,43,144,17,60,125,69,,20,,,56,353,353,356,154,353,353,141,348,347,241,214,154,170,125,170,18,355,354,169,129,191,113,259,19,354,204,353,328,356,264,353,257,79,293,308,262,84,21,15,,,193,353,,,42,353,23,216,61,267,314,344,284,328,299,293,49,47,46,332,312,299,283,308,313,241,98,6,,347,,,b'\x11\xe8\xe1I\xc9\xb1\x8cV\xaf\x82\x12\xdf\x17\xaeN\x1e'
11E8E149-C9B1-8C56-AF82-12DF17AE4E1E,2023-ncaa-d0-natl,ncaa,87,117,46,109,62,45,48,59,53,100,183,30,16,14,63,31,122,177,38,175,162,70,76,34,31,31,64,40,301,267,326,40,158,97,239,54,151,155,80,61,91,161,75,141,,,40,3,,,85,43,72,154,44,45,76,144,279,16,25,186,244,243,109,163,320,54,171,67,79,149,92,,10,,,90,325,351,345,220,356,347,264,228,308,43,187,38,39,128,36,6,337,322,189,126,199,7,115,7,304,158,340,326,335,239,317,126,193,308,300,225,150,310,324,,,226,333,,,85,314,59,211,94,263,335,347,349,345,157,256,12,14,13,323,281,242,264,278,265,276,159,285,,319,,,b'\x11\xe8\xe1I\xc9\xb1\x8cV\xaf\x82\x12\xdf\x17\xaeN\x1e'
11E8E149-C9B1-8C56-AF82-12DF17AE4E1E,2023-ncaa-d1-conf-Mountain West,ncaa,5,3,8,5,9,2,3,4,3,6,10,3,1,2,3,2,6,8,2,8,4,5,7,2,2,2,2,1,9,9,8,5,6,5,4,4,5,2,3,4,8,6,8,8,,,1,1,,,2,7,2,6,2,2,1,4,9,1,2,4,7,7,1,5,9,4,3,3,4,6,7,,1,,,2,7,10,10,6,11,9,7,5,8,3,8,1,1,1,1,1,7,5,6,4,5,1,6,1,6,6,7,8,7,4,9,8,11,10,11,5,4,10,11,,,11,11,,,2,3,2,7,3,8,10,11,11,11,7,9,1,1,1,10,10,8,8,9,9,9,6,11,,10,,,b'\x11\xe8\xe1I\xc9\xb1\x8cV\xaf\x82\x12\xdf\x17\xaeN\x1e'
11E8E149-C9B1-8C56-AF82-12DF17AE4E1E,2023-ncaa-d1-natl,ncaa,81,117,33,110,45,36,35,38,48,86,177,30,11,14,61,38,130,177,35,177,177,52,63,33,30,30,64,41,303,264,323,38,173,91,252,51,161,154,79,57,81,149,64,125,,,41,4,,,84,32,76,155,41,42,75,143,268,16,28,185,252,248,106,161,317,61,181,67,81,129,80,,10,,,89,330,357,352,228,359,353,261,237,305,59,179,35,40,131,37,7,341,329,202,138,210,10,123,7,324,173,341,323,345,252,321,126,177,301,291,218,139,318,327,,,224,333,,,84,329,57,221,103,269,339,348,349,348,167,251,18,18,16,324,284,264,262,283,265,254,153,292,,322,,,b'\x11\xe8\xe1I\xc9\xb1\x8cV\xaf\x82\x12\xdf\x17\xaeN\x1e'
11E8E149-C9B1-8C56-AF82-12DF17AE4E1E,2024-ncaa-d0-natl,ncaa,86,72,143,81,170,166,167,155,211,205,217,175,111,83,189,79,199,195,209,202,154,158,182,176,184,150,98,91,215,270,321,42,7,93,116,221,291,77,95,178,231,240,194,201,,,16,14,,,117,153,159,208,174,181,156,227,241,111,77,205,206,210,169,220,292,14,52,250,82,248,200,,13,,,116,109,181,253,69,110,171,83,296,315,152,329,3,4,72,4,10,192,159,96,45,101,186,342,4,43,7,323,321,220,116,215,231,269,284,278,47,58,292,317,,,236,259,,,117,200,183,64,116,91,172,281,99,152,300,331,5,6,6,187,110,32,314,225,206,287,49,307,,273,,,b'\x11\xe8\xe1I\xc9\xb1\x8cV\xaf\x82\x12\xdf\x17\xaeN\x1e'
11E8E149-C9B1-8C56-AF82-12DF17AE4E1E,2024-ncaa-d1-conf-Mountain West,ncaa,3,2,6,2,9,5,9,8,4,9,9,4,5,5,6,5,5,5,10,5,2,8,9,4,4,4,2,5,3,9,10,5,2,4,5,10,10,5,8,9,8,8,9,8,,,2,2,,,4,8,3,8,3,7,8,8,9,4,4,3,3,4,7,9,9,2,3,9,5,7,8,,2,,,4,2,3,6,4,4,3,5,7,8,4,11,1,1,1,1,2,6,4,4,3,3,6,9,1,3,2,6,10,5,5,7,7,9,7,8,3,5,7,9,,,4,3,,,4,5,4,3,4,4,7,10,6,4,8,10,1,1,1,9,6,5,9,8,7,7,4,7,,3,,,b'\x11\xe8\xe1I\xc9\xb1\x8cV\xaf\x82\x12\xdf\x17\xaeN\x1e'
11E8E149-C9B1-8C56-AF82-12DF17AE4E1E,2024-ncaa-d1-natl,ncaa,91,72,130,79,153,167,179,147,226,225,227,194,105,78,180,75,200,194,222,196,149,156,182,191,196,170,87,81,212,274,318,33,8,93,130,235,277,83,102,183,228,231,202,204,,,10,10,,,132,158,161,206,184,197,165,249,249,102,76,208,202,209,174,222,294,15,64,248,88,241,204,,10,,,131,109,197,266,75,121,175,91,292,314,133,327,4,4,90,4,8,204,165,98,49,98,169,336,3,41,8,330,318,240,130,230,234,262,270,270,61,74,303,319,,,239,265,,,132,206,193,65,134,89,182,281,114,164,296,322,5,6,6,189,119,32,323,231,220,285,66,310,,278,,,b'\x11\xe8\xe1I\xc9\xb1\x8cV\xaf\x82\x12\xdf\x17\xaeN\x1e'
11E8E149-C9B1-8C56-AF82-12DF17AE4E1E,2025-ncaa-d0-natl,genius_ncaa,133,130,135,135,157,106,91,114,97,127,169,94,74,84,87,102,229,212,251,210,214,126,128,85,100,107,131,91,303,187,222,49,22,84,82,96,135,165,140,108,154,176,38,26,,,141,100,,120,154,114,60,208,83,69,80,119,173,59,73,250,229,226,97,105,193,20,50,76,165,155,26,,120,,118,153,268,256,268,167,206,222,177,306,307,221,288,199,195,221,194,187,265,230,203,196,256,271,291,144,85,22,249,222,190,82,320,311,260,301,334,175,150,288,284,,,237,315,,245,154,254,112,213,151,270,261,298,191,199,310,316,196,184,185,290,238,69,252,174,324,284,170,295,,280,,261,b'\x11\xe8\xe1I\xc9\xb1\x8cV\xaf\x82\x12\xdf\x17\xaeN\x1e'
11E8E149-C9B1-8C56-AF82-12DF17AE4E1E,2025-ncaa-d1-conf-Mountain West,genius_ncaa,5,5,7,5,7,5,5,6,5,6,7,5,5,3,7,4,9,7,11,7,6,6,6,5,6,8,5,5,10,8,9,3,2,4,4,6,5,5,8,7,4,5,2,2,,,4,4,,5,6,4,3,3,2,2,3,4,6,4,2,8,6,6,3,3,7,1,1,3,8,3,2,,6,,7,6,7,6,6,6,5,6,7,7,7,5,7,6,6,3,6,8,5,5,7,5,7,6,6,7,2,2,9,9,7,4,10,10,8,8,11,7,6,7,7,,,8,8,,6,6,8,8,6,6,9,9,10,8,7,9,9,7,8,8,9,9,4,10,9,10,8,7,8,,7,,6,b'\x11\xe8\xe1I\xc9\xb1\x8cV\xaf\x82\x12\xdf\x17\xaeN\x1e'
11E8E149-C9B1-8C56-AF82-12DF17AE4E1E,2025-ncaa-d1-natl,genius_ncaa,130,130,113,135,136,98,85,101,97,113,158,86,79,79,99,101,235,209,263,207,220,109,117,86,109,108,140,102,312,187,233,50,22,81,88,88,146,167,133,106,147,169,31,24,,,126,81,,121,153,98,62,212,85,69,77,110,173,68,72,256,231,231,97,111,201,25,62,78,157,156,24,,103,,110,154,285,275,277,193,223,227,187,306,309,235,283,196,188,217,188,167,275,235,219,209,259,262,288,123,79,22,263,233,194,88,328,316,255,297,335,184,153,305,297,,,229,312,,245,153,267,111,218,154,272,270,294,204,202,307,310,179,170,171,283,233,64,258,173,329,280,171,305,,268,,260,b'\x11\xe8\xe1I\xc9\xb1\x8cV\xaf\x82\x12\xdf\x17\xaeN\x1e'
11E8E149-C9B1-8C56-AF82-12DF17AE4E1E,2026-ncaa-d0-natl,genius_ncaa,55,80,49,81,73,64,67,59,123,113,154,91,16,10,111,30,118,91,287,84,76,58,42,89,110,129,54,37,274,63,102,46,33,47,55,78,184,332,205,178,29,43,154,244,,,289,171,,118,65,44,38,97,69,79,70,181,283,22,13,188,146,136,71,38,87,49,48,109,265,47,220,,191,,70,70,259,259,289,99,291,309,101,147,204,90,76,279,284,163,284,169,295,304,74,91,75,105,77,249,154,33,283,102,240,55,255,168,52,106,109,292,164,245,223,,,104,275,,223,65,318,123,55,81,126,130,192,190,276,59,84,204,209,215,204,253,52,166,107,136,94,221,176,,202,,271,b'\x11\xe8\xe1I\xc9\xb1\x8cV\xaf\x82\x12\xdf\x17\xaeN\x1e'
11E8E149-C9B1-8C56-AF82-12DF17AE4E1E,2026-ncaa-d1-natl,genius_ncaa,74,80,85,97,117,88,98,87,147,164,218,107,25,16,120,29,151,132,287,117,71,88,70,104,129,156,43,31,268,92,124,63,40,62,68,111,197,306,228,211,48,53,198,264,,,251,200,,90,100,72,44,100,89,105,90,216,298,28,17,201,155,141,95,51,106,59,57,135,282,57,234,,206,,74,106,221,219,240,132,256,285,124,108,147,109,69,251,254,179,255,178,248,266,103,117,116,98,73,246,102,40,238,124,192,68,224,177,92,143,141,253,175,227,249,,,146,264,,245,100,291,154,88,113,159,173,202,225,286,62,85,222,224,228,216,253,59,185,123,161,130,223,198,,199,,269,b'\x11\xe8\xe1I\xc9\xb1\x8cV\xaf\x82\x12\xdf\x17\xaeN\x1e'
11E8E149-C9B5-D22A-AF82-12DF17AE4E1E,2010-ncaa-d0-natl,ncaa,125,114,122,125,162,100,133,116,173,176,159,210,64,91,55,116,74,75,114,72,66,105,118,137,128,111,59,80,107,217,290,111,141,159,256,162,221,142,100,156,68,80,80,66,,,320,312,,,119,90,46,241,77,122,95,200,182,56,87,63,75,69,76,98,239,89,159,165,139,58,75,,324,,,119,238,169,181,143,166,161,180,161,215,103,180,327,337,51,337,332,238,253,140,166,154,261,137,319,206,141,318,290,295,256,51,38,102,140,43,61,53,116,116,,,100,132,,,119,248,136,139,127,230,144,156,153,132,164,211,320,329,331,246,277,203,307,288,52,103,68,115,,96,,,b'\x11\xe8\xe1I\xc9\xb5\xd2*\xaf\x82\x12\xdf\x17\xaeN\x1e'
11E8E149-C9B5-D22A-AF82-12DF17AE4E1E,2010-ncaa-d1-conf-WAC,ncaa,5,4,5,5,6,6,5,5,6,6,5,7,3,3,2,3,6,6,6,6,6,6,6,5,5,3,3,3,7,6,8,6,6,6,8,4,4,1,2,3,2,2,2,2,,,9,8,,,4,6,5,4,4,4,4,6,5,2,3,5,5,5,4,4,6,3,5,4,2,2,2,,8,,,4,1,1,2,2,1,3,2,3,5,4,5,8,8,4,8,8,3,3,3,4,3,7,5,8,7,6,8,8,8,8,1,2,2,2,2,1,1,4,4,,,7,7,,,4,3,5,3,4,3,1,2,1,3,4,6,8,8,8,5,6,8,9,9,1,2,1,4,,5,,,b'\x11\xe8\xe1I\xc9\xb5\xd2*\xaf\x82\x12\xdf\x17\xaeN\x1e'
11E8E149-C9B5-D22A-AF82-12DF17AE4E1E,2010-ncaa-d1-natl,ncaa,114,114,91,120,129,82,105,95,165,157,139,201,61,87,51,126,57,63,113,61,61,79,94,127,113,102,60,82,103,215,293,62,116,114,238,137,219,166,109,152,69,90,69,60,,,327,314,,,100,59,49,250,75,118,111,191,182,60,94,57,71,67,85,103,256,65,139,162,142,69,71,,325,,,102,257,180,212,118,179,185,154,172,229,75,184,330,339,34,340,333,275,277,117,139,137,263,134,320,224,116,321,293,313,238,49,33,97,157,41,69,54,112,106,,,78,107,,,100,280,136,124,107,218,119,158,134,127,157,218,320,331,331,250,274,198,302,278,42,117,68,98,,91,,,b'\x11\xe8\xe1I\xc9\xb5\xd2*\xaf\x82\x12\xdf\x17\xaeN\x1e'
11E8E149-C9B5-D22A-AF82-12DF17AE4E1E,2011-ncaa-d0-natl,ncaa,192,226,119,212,142,132,159,92,244,180,121,252,115,108,167,140,100,130,88,123,146,95,132,229,205,157,102,121,118,179,284,174,144,172,273,186,203,52,35,105,126,134,188,200,,,317,322,,,209,118,102,192,138,173,78,191,139,119,113,95,126,122,71,138,207,209,220,188,45,123,196,,320,,,206,257,134,149,152,154,186,123,128,113,212,90,343,336,342,335,325,215,216,152,265,261,299,88,342,145,144,324,284,292,273,120,148,147,174,133,48,42,145,119,,,102,115,,,209,223,173,243,204,249,124,112,142,167,112,104,342,331,329,198,211,131,321,282,121,159,50,138,,102,,,b'\x11\xe8\xe1I\xc9\xb5\xd2*\xaf\x82\x12\xdf\x17\xaeN\x1e'
11E8E149-C9B5-D22A-AF82-12DF17AE4E1E,2011-ncaa-d1-conf-WAC,ncaa,5,5,1,5,6,5,4,3,6,3,3,7,3,4,5,4,8,8,6,8,8,4,5,6,7,6,6,4,8,5,6,4,5,5,7,4,6,1,3,4,5,6,3,3,,,9,8,,,6,4,5,7,5,4,3,3,4,4,4,8,8,8,4,7,6,5,5,5,1,5,3,,8,,,6,6,2,2,2,3,5,2,4,4,4,4,9,9,9,9,8,7,6,2,6,6,6,3,9,5,5,9,6,9,7,3,5,4,5,3,1,1,4,1,,,7,7,,,6,6,5,6,6,4,1,2,3,5,4,4,9,8,8,5,5,4,9,9,3,5,1,4,,7,,,b'\x11\xe8\xe1I\xc9\xb5\xd2*\xaf\x82\x12\xdf\x17\xaeN\x1e'
11E8E149-C9B5-D22A-AF82-12DF17AE4E1E,2011-ncaa-d1-natl,ncaa,188,223,95,212,115,112,134,80,229,149,112,237,114,106,154,143,91,117,86,112,153,81,109,214,191,144,107,124,119,186,284,158,143,166,279,160,208,55,34,98,100,120,185,203,,,330,325,,,199,87,96,208,130,160,82,184,139,120,118,95,126,121,75,142,219,209,228,178,43,108,200,,323,,,199,282,157,163,164,176,208,131,127,113,202,86,343,338,342,338,324,243,248,159,272,254,290,81,342,157,143,335,284,301,279,139,141,123,162,128,48,37,141,112,,,88,113,,,199,254,159,234,200,248,126,103,149,165,110,97,342,331,330,199,215,128,318,273,121,145,50,130,,104,,,b'\x11\xe8\xe1I\xc9\xb5\xd2*\xaf\x82\x12\xdf\x17\xaeN\x1e'
11E8E149-C9B5-D22A-AF82-12DF17AE4E1E,2012-ncaa-d0-natl,ncaa,316,320,240,320,251,302,303,314,232,284,290,201,258,233,285,154,294,310,137,311,241,321,306,243,245,286,205,189,187,251,157,258,102,269,118,290,219,261,321,303,329,318,292,283,,,110,259,,,299,302,296,91,311,308,320,276,282,243,215,287,303,304,323,286,231,217,237,288,296,325,290,,171,,,301,133,164,77,281,168,74,307,160,166,146,248,67,56,239,50,97,60,37,279,272,298,106,187,73,45,102,30,157,20,118,97,73,317,292,274,116,214,85,185,,,312,259,,,299,42,291,284,303,211,233,151,247,125,202,220,109,91,83,125,56,78,67,50,150,310,162,119,,306,,,b'\x11\xe8\xe1I\xc9\xb5\xd2*\xaf\x82\x12\xdf\x17\xaeN\x1e'
11E8E149-C9B5-D22A-AF82-12DF17AE4E1E,2012-ncaa-d1-conf-WAC,ncaa,7,7,5,7,5,8,7,8,7,8,8,5,6,5,8,3,8,8,4,8,8,8,8,7,7,8,7,4,6,4,1,7,5,6,2,7,4,8,8,8,6,6,6,5,,,3,8,,,8,8,8,2,8,7,8,7,7,6,3,8,8,8,8,8,3,5,6,7,8,6,5,,5,,,8,1,1,1,5,2,2,5,3,4,4,6,3,3,3,3,4,1,1,6,6,5,5,6,4,4,5,1,1,1,2,4,4,6,6,5,7,8,1,2,,,8,7,,,8,1,8,5,8,2,2,2,2,2,4,6,4,4,4,2,1,5,1,1,4,6,8,2,,8,,,b'\x11\xe8\xe1I\xc9\xb5\xd2*\xaf\x82\x12\xdf\x17\xaeN\x1e'
11E8E149-C9B5-D22A-AF82-12DF17AE4E1E,2012-ncaa-d1-natl,ncaa,311,319,196,319,217,306,307,320,244,285,294,213,258,229,285,155,280,290,144,293,199,318,296,246,246,290,188,192,147,241,159,236,89,252,109,291,233,286,326,311,331,326,297,288,,,137,270,,,300,300,290,90,313,313,327,287,285,247,217,260,285,286,324,279,225,204,229,296,303,329,295,,185,,,299,151,185,104,272,200,81,308,150,175,111,237,84,69,230,66,111,86,40,270,260,295,92,156,83,51,89,36,159,24,109,101,68,321,300,270,147,224,86,187,,,298,239,,,300,48,297,275,302,206,230,157,250,131,179,214,118,99,97,135,58,71,60,49,145,312,184,108,,295,,,b'\x11\xe8\xe1I\xc9\xb5\xd2*\xaf\x82\x12\xdf\x17\xaeN\x1e'
11E8E149-C9B5-D22A-AF82-12DF17AE4E1E,2013-ncaa-d0-natl,ncaa,164,166,120,172,152,152,202,128,289,278,275,240,52,25,235,31,79,94,84,91,27,124,159,238,206,152,22,41,64,186,272,82,85,113,206,217,195,58,66,146,321,332,158,217,,,182,167,,,188,140,149,195,153,241,127,301,293,47,20,70,87,85,120,178,199,50,96,235,64,322,172,,173,,,189,237,248,253,182,266,305,120,131,79,287,42,190,175,244,168,83,252,197,155,159,245,78,101,161,162,85,318,272,286,206,58,4,287,323,182,20,15,65,132,,,103,89,,,188,203,158,229,186,227,249,286,268,317,129,70,193,166,165,254,175,138,320,283,59,301,24,59,,99,,,b'\x11\xe8\xe1I\xc9\xb5\xd2*\xaf\x82\x12\xdf\x17\xaeN\x1e'
11E8E149-C9B5-D22A-AF82-12DF17AE4E1E,2013-ncaa-d1-conf-WAC,ncaa,7,8,3,8,6,7,8,4,10,10,10,7,3,2,10,2,6,6,2,6,2,7,7,7,8,6,1,2,6,2,3,6,5,3,5,6,3,3,2,3,9,9,3,6,,,3,4,,,7,8,9,8,8,10,6,10,9,3,1,6,6,6,7,9,3,6,3,7,2,9,3,,3,,,7,3,5,6,6,7,9,2,3,2,8,2,4,5,5,5,4,5,3,5,5,7,2,3,5,5,5,7,3,6,5,2,2,10,10,7,3,1,1,4,,,8,7,,,7,3,5,7,7,4,5,5,7,8,3,2,5,4,4,4,2,5,8,6,4,10,1,1,,8,,,b'\x11\xe8\xe1I\xc9\xb5\xd2*\xaf\x82\x12\xdf\x17\xaeN\x1e'
11E8E149-C9B5-D22A-AF82-12DF17AE4E1E,2013-ncaa-d1-natl,ncaa,171,165,136,177,178,164,225,142,294,294,289,245,55,29,237,31,87,103,87,102,27,136,183,242,211,161,21,41,58,211,276,90,88,127,217,233,201,49,67,151,330,334,170,225,,,165,173,,,191,162,153,189,161,244,133,303,295,47,21,71,88,87,128,183,205,53,102,241,65,328,173,,176,,,192,224,240,243,185,259,301,127,126,66,294,40,185,165,247,158,82,238,175,158,163,254,77,99,161,143,88,316,276,280,217,48,4,303,326,188,15,16,57,136,,,115,86,,,191,184,161,236,191,233,252,288,271,316,130,71,196,170,164,257,173,138,321,286,67,304,24,63,,100,,,b'\x11\xe8\xe1I\xc9\xb5\xd2*\xaf\x82\x12\xdf\x17\xaeN\x1e'
11E8E149-C9B5-D22A-AF82-12DF17AE4E1E,2014-ncaa-d0-natl,ncaa,258,263,180,267,212,143,158,100,265,282,293,177,21,10,180,11,261,230,285,226,91,115,148,160,198,143,22,7,306,214,302,165,205,189,299,248,296,60,51,171,261,285,202,246,,,186,169,,,229,126,48,171,89,117,34,283,294,15,5,257,225,222,49,85,208,112,162,254,76,250,206,,221,,,230,281,266,215,272,295,268,249,144,110,235,79,279,276,214,266,201,237,217,245,266,294,100,84,226,218,205,329,302,308,299,58,3,212,257,112,11,8,150,258,,,249,299,,,229,212,174,290,234,307,307,299,313,313,156,121,298,295,292,310,290,246,337,334,69,204,13,177,,241,,,b'\x11\xe8\xe1I\xc9\xb5\xd2*\xaf\x82\x12\xdf\x17\xaeN\x1e'
11E8E149-C9B5-D22A-AF82-12DF17AE4E1E,2014-ncaa-d1-conf-WAC,ncaa,5,6,3,6,3,4,4,1,7,6,6,7,2,1,5,1,6,6,8,6,4,1,2,7,7,6,1,1,9,2,7,3,6,3,8,4,4,3,1,3,6,8,3,4,,,7,5,,,6,2,1,5,3,5,1,7,6,1,1,8,6,6,1,1,3,3,2,5,2,7,3,,7,,,6,8,8,7,6,8,8,5,2,2,6,1,8,7,7,7,6,7,7,5,6,6,4,1,8,7,6,9,7,9,8,3,2,4,6,4,1,1,9,9,,,4,8,,,6,8,6,6,7,8,7,7,7,9,2,2,8,8,8,9,9,7,9,9,4,4,1,8,,6,,,b'\x11\xe8\xe1I\xc9\xb5\xd2*\xaf\x82\x12\xdf\x17\xaeN\x1e'
11E8E149-C9B5-D22A-AF82-12DF17AE4E1E,2014-ncaa-d1-natl,ncaa,252,262,145,262,178,132,139,75,262,271,287,175,18,7,172,9,255,225,291,228,94,96,129,156,192,142,21,8,307,190,287,135,207,157,291,239,296,67,50,167,257,288,183,235,,,206,166,,,223,101,51,174,87,113,32,287,296,13,5,259,227,226,49,82,187,105,144,250,80,254,186,,218,,,222,298,289,245,259,297,284,235,155,135,220,85,286,285,221,279,201,263,244,237,258,287,112,96,228,233,207,336,287,325,291,66,5,201,257,116,11,7,148,253,,,226,295,,,223,238,164,285,228,309,303,301,308,311,165,138,297,291,287,311,291,249,335,333,73,209,13,159,,233,,,b'\x11\xe8\xe1I\xc9\xb5\xd2*\xaf\x82\x12\xdf\x17\xaeN\x1e'
11E8E149-C9B5-D22A-AF82-12DF17AE4E1E,2015-ncaa-d0-natl,ncaa,84,27,283,43,286,142,158,208,105,246,313,60,43,42,118,24,213,242,136,245,89,212,236,64,74,77,40,30,263,189,167,301,313,274,264,218,262,92,142,162,65,36,171,118,,,101,117,,,83,244,77,23,40,55,60,192,281,20,16,147,173,180,75,70,126,249,195,150,183,27,140,,198,,,76,87,73,58,179,31,27,158,278,226,307,300,141,154,122,149,265,55,128,225,226,117,323,318,196,211,313,114,167,141,264,84,144,69,33,39,23,49,43,123,,,263,241,,,83,113,69,133,75,209,163,166,80,64,317,298,209,226,224,183,316,303,229,278,149,18,64,64,,169,,,b'\x11\xe8\xe1I\xc9\xb5\xd2*\xaf\x82\x12\xdf\x17\xaeN\x1e'
11E8E149-C9B5-D22A-AF82-12DF17AE4E1E,2015-ncaa-d1-conf-WAC,ncaa,1,1,2,1,2,2,2,3,3,4,6,1,1,1,6,2,3,3,4,3,1,3,4,1,1,1,2,2,5,4,4,4,7,4,7,3,7,3,3,3,2,1,1,1,,,5,2,,,1,4,4,2,2,2,3,4,7,1,1,3,3,3,3,4,4,6,4,3,3,2,1,,5,,,1,4,4,5,4,4,4,3,6,6,5,6,5,5,4,5,5,5,6,5,4,1,7,6,5,7,7,6,4,6,7,3,3,2,2,1,2,1,5,6,,,3,6,,,1,6,1,1,1,3,2,3,1,4,6,6,5,5,5,5,7,6,6,6,2,1,1,4,,4,,,b'\x11\xe8\xe1I\xc9\xb5\xd2*\xaf\x82\x12\xdf\x17\xaeN\x1e'
11E8E149-C9B5-D22A-AF82-12DF17AE4E1E,2015-ncaa-d1-natl,ncaa,68,27,209,38,212,103,113,140,102,211,302,56,29,28,106,22,187,190,154,195,85,157,162,63,69,73,38,31,264,167,170,272,314,234,266,177,263,127,145,160,40,33,169,125,,,147,122,,,63,170,78,29,38,51,59,189,287,19,17,148,162,171,75,77,137,242,193,143,181,21,158,,202,,,56,110,87,96,154,43,40,149,299,277,265,306,171,187,106,183,265,101,207,202,199,83,323,316,200,262,314,161,170,214,266,102,131,34,29,30,45,51,44,110,,,201,222,,,63,185,65,111,54,183,138,157,59,58,310,306,200,219,213,170,313,304,228,271,119,16,68,59,,152,,,b'\x11\xe8\xe1I\xc9\xb5\xd2*\xaf\x82\x12\xdf\x17\xaeN\x1e'
11E8E149-C9B5-D22A-AF82-12DF17AE4E1E,2015-ncaa-d1-ncaatournament,ncaa,33,2,33,33,33,52,49,53,40,46,52,30,48,47,52,15,53,55,4,55,55,53,60,42,42,39,43,30,48,64,64,61,58,64,64,57,56,6,22,40,25,3,33,20,,,14,34,,,51,51,32,4,50,44,39,40,45,34,21,51,55,55,49,58,64,61,64,57,12,4,21,,36,,,55,14,13,7,52,14,8,57,15,23,27,46,20,14,61,11,47,9,17,51,53,39,37,24,47,20,58,21,64,22,64,13,40,32,6,16,14,42,8,22,,,63,63,,,51,16,53,42,55,36,33,11,36,12,26,37,47,37,34,14,34,39,51,52,37,5,29,15,,63,,,b'\x11\xe8\xe1I\xc9\xb5\xd2*\xaf\x82\x12\xdf\x17\xaeN\x1e'
11E8E149-C9B5-D22A-AF82-12DF17AE4E1E,2016-ncaa-d0-natl,ncaa,41,10,240,17,258,144,146,194,93,207,289,62,59,61,99,38,264,261,206,250,152,212,242,66,84,85,85,44,299,215,189,256,194,251,203,205,259,64,110,136,63,24,101,63,,,85,126,,,65,245,146,182,91,78,111,175,263,40,36,250,244,231,134,162,181,222,204,174,115,29,86,,128,,,56,45,56,48,155,63,49,161,129,125,174,209,53,86,43,86,171,42,92,158,131,55,176,211,119,111,194,128,189,112,203,37,77,63,24,26,33,58,24,73,,,221,184,,,65,105,87,58,58,91,108,92,108,88,175,167,85,120,125,73,184,161,207,186,66,26,61,43,,180,,,b'\x11\xe8\xe1I\xc9\xb5\xd2*\xaf\x82\x12\xdf\x17\xaeN\x1e'
11E8E149-C9B5-D22A-AF82-12DF17AE4E1E,2016-ncaa-d1-conf-WAC,ncaa,1,1,2,1,3,1,1,2,3,3,4,2,1,2,4,2,6,5,5,3,4,2,3,2,2,1,4,2,7,4,5,3,4,2,5,1,6,2,2,1,1,1,1,1,,,5,3,,,1,2,2,5,1,1,2,4,6,1,2,6,6,5,2,4,5,4,3,1,1,1,2,,4,,,1,3,2,5,4,4,5,4,3,6,1,6,7,6,6,6,7,4,7,4,4,2,3,3,6,6,4,6,5,6,5,2,1,1,1,1,1,1,3,5,,,5,5,,,1,6,1,1,1,3,2,2,4,3,2,5,5,5,5,1,6,6,4,5,1,1,1,3,,5,,,b'\x11\xe8\xe1I\xc9\xb5\xd2*\xaf\x82\x12\xdf\x17\xaeN\x1e'
11E8E149-C9B5-D22A-AF82-12DF17AE4E1E,2016-ncaa-d1-natl,ncaa,25,10,142,17,179,122,118,125,111,185,252,79,45,40,114,39,248,240,235,232,156,141,165,79,103,102,80,43,303,149,169,204,185,177,183,168,247,92,94,136,46,28,91,62,,,100,108,,,59,171,148,199,92,76,89,184,256,40,32,254,244,232,113,142,146,205,169,168,106,34,88,,115,,,52,72,80,100,135,76,93,137,167,166,181,214,73,96,53,101,165,88,166,144,116,49,196,220,130,148,185,212,169,185,183,52,78,44,28,25,33,35,36,75,,,199,205,,,59,174,91,55,53,80,101,96,93,89,181,176,88,115,120,73,187,159,219,196,62,28,43,44,,193,,,b'\x11\xe8\xe1I\xc9\xb5\xd2*\xaf\x82\x12\xdf\x17\xaeN\x1e'
11E8E149-C9B5-D22A-AF82-12DF17AE4E1E,2016-ncaa-d1-ncaatournament,ncaa,33,2,33,33,33,54,53,51,46,48,54,36,50,43,52,18,43,46,29,46,29,53,45,51,46,57,38,43,22,43,18,56,40,50,31,63,63,26,57,64,34,6,41,34,,,9,35,,,52,48,41,1,53,52,46,45,51,44,23,38,42,40,50,29,24,56,48,63,57,8,31,,25,,,54,15,21,10,58,14,12,57,25,13,56,26,2,2,32,2,6,6,10,59,56,50,15,42,2,8,40,6,18,5,31,23,43,40,12,32,34,61,16,40,,,44,30,,,52,10,56,48,54,43,52,17,45,26,45,18,5,5,5,6,16,10,22,14,52,12,61,32,,26,,,b'\x11\xe8\xe1I\xc9\xb5\xd2*\xaf\x82\x12\xdf\x17\xaeN\x1e'
11E8E149-C9B5-D22A-AF82-12DF17AE4E1E,2017-ncaa-d0-natl,ncaa,57,17,234,28,251,160,161,220,84,172,204,121,140,193,32,168,188,216,118,220,201,224,241,81,78,87,154,137,220,162,88,231,217,202,123,171,190,120,167,136,96,65,115,73,,,157,224,,,69,267,222,101,98,105,161,136,165,110,169,151,187,190,179,183,118,179,139,133,172,72,94,,221,,,57,37,25,46,73,45,60,116,53,103,38,173,209,232,60,238,302,60,86,72,73,56,223,116,299,152,217,42,88,58,123,17,68,144,81,34,86,124,138,169,,,235,201,,,69,87,72,65,58,73,52,70,74,84,75,147,243,272,280,106,159,216,87,124,38,99,124,174,,200,,,b'\x11\xe8\xe1I\xc9\xb5\xd2*\xaf\x82\x12\xdf\x17\xaeN\x1e'
11E8E149-C9B5-D22A-AF82-12DF17AE4E1E,2017-ncaa-d1-conf-WAC,ncaa,1,1,2,1,3,2,2,2,1,3,3,1,1,2,1,3,2,2,3,2,1,2,2,1,1,1,2,2,5,2,1,4,4,3,1,2,5,3,4,1,2,4,2,2,,,6,5,,,1,2,5,4,1,1,3,3,5,1,3,2,2,3,3,3,3,4,4,2,4,3,2,,4,,,1,4,3,4,4,5,6,4,1,1,1,2,6,7,4,7,5,7,7,3,4,3,2,1,6,3,4,2,1,3,1,1,1,2,2,1,2,2,3,2,,,1,1,,,1,7,1,3,1,2,3,3,5,5,1,2,6,6,6,4,4,4,1,3,1,3,1,3,,2,,,b'\x11\xe8\xe1I\xc9\xb5\xd2*\xaf\x82\x12\xdf\x17\xaeN\x1e'
11E8E149-C9B5-D22A-AF82-12DF17AE4E1E,2017-ncaa-d1-natl,ncaa,43,17,144,28,161,115,107,162,73,132,165,105,109,171,26,168,165,184,159,186,201,169,186,66,72,75,153,129,241,127,81,174,199,154,111,140,198,137,147,126,71,57,97,72,,,192,195,,,37,216,218,118,86,84,153,116,158,97,167,164,177,185,161,176,106,170,127,135,151,64,90,,192,,,33,42,28,76,43,54,86,90,54,145,11,189,218,245,61,249,291,106,150,41,48,29,217,113,297,201,199,65,81,100,111,17,60,85,53,20,103,107,166,163,,,204,208,,,37,147,64,35,33,53,33,59,55,70,57,151,226,254,260,86,157,211,77,114,23,61,108,181,,209,,,b'\x11\xe8\xe1I\xc9\xb5\xd2*\xaf\x82\x12\xdf\x17\xaeN\x1e'
11E8E149-C9B5-D22A-AF82-12DF17AE4E1E,2017-ncaa-d1-ncaatournament,ncaa,33,2,33,33,33,40,44,62,26,51,54,45,35,55,2,34,37,38,44,38,14,61,55,17,18,31,11,16,20,52,37,46,56,48,47,45,37,24,55,52,36,23,48,52,,,11,21,,,32,52,44,6,34,41,60,50,49,14,41,23,19,19,59,51,45,45,47,39,51,15,47,,20,,,38,12,10,20,27,9,15,23,21,22,38,43,13,10,57,10,28,19,20,31,31,25,47,46,38,27,56,2,37,10,47,16,48,44,17,30,35,61,55,64,,,48,32,,,32,13,30,37,38,32,28,36,19,24,44,41,32,22,24,33,41,56,13,35,42,15,60,64,,37,,,b'\x11\xe8\xe1I\xc9\xb5\xd2*\xaf\x82\x12\xdf\x17\xaeN\x1e'
11E8E149-C9B5-D22A-AF82-12DF17AE4E1E,2018-ncaa-d0-natl,ncaa,149,112,242,139,267,202,160,217,95,165,221,99,144,175,111,127,315,325,142,322,329,247,286,99,112,106,222,125,332,300,292,235,266,280,280,224,300,58,133,163,142,116,70,37,,,81,115,,,181,265,186,185,155,106,148,121,173,111,137,317,325,322,206,247,292,177,257,212,99,110,46,,140,,,182,116,97,104,131,40,70,72,274,196,329,257,148,212,24,210,276,111,110,193,174,170,323,319,199,230,266,143,292,180,280,22,22,196,165,66,18,53,6,15,,,344,347,,,181,93,136,205,178,188,156,164,68,107,308,253,199,248,248,191,209,282,212,258,49,159,40,8,,346,,,b'\x11\xe8\xe1I\xc9\xb5\xd2*\xaf\x82\x12\xdf\x17\xaeN\x1e'
11E8E149-C9B5-D22A-AF82-12DF17AE4E1E,2018-ncaa-d1-conf-WAC,ncaa,1,1,3,1,4,3,3,3,2,2,3,1,4,6,3,5,6,7,2,5,8,3,4,2,2,3,8,5,7,6,6,3,7,4,5,6,8,6,6,6,2,3,2,2,,,5,5,,,3,3,3,6,3,1,5,2,3,5,5,6,7,6,6,5,6,2,5,7,6,2,2,,5,,,3,4,3,7,3,4,4,2,6,5,4,5,5,6,1,6,6,7,6,3,3,2,5,6,5,8,7,5,6,7,5,1,2,2,4,2,3,2,1,1,,,7,8,,,3,6,6,2,3,3,2,6,2,5,4,6,5,7,7,6,8,8,5,8,2,4,2,1,,8,,,b'\x11\xe8\xe1I\xc9\xb5\xd2*\xaf\x82\x12\xdf\x17\xaeN\x1e'
11E8E149-C9B5-D22A-AF82-12DF17AE4E1E,2018-ncaa-d1-natl,ncaa,134,111,144,127,178,144,120,173,81,127,189,80,122,150,104,133,288,304,140,301,313,203,232,88,93,97,215,132,318,287,293,169,257,230,264,208,308,88,133,157,118,113,58,38,,,124,110,,,165,194,174,203,134,95,152,108,174,115,142,297,306,306,200,243,295,158,242,218,100,107,46,,138,,,166,171,139,168,120,55,105,66,304,250,333,266,185,237,32,235,266,182,192,181,164,165,326,322,194,272,257,196,293,232,264,29,22,158,159,66,24,50,5,8,,,334,344,,,165,157,121,205,162,187,153,174,64,109,309,261,196,242,241,194,212,278,209,245,48,152,39,6,,340,,,b'\x11\xe8\xe1I\xc9\xb5\xd2*\xaf\x82\x12\xdf\x17\xaeN\x1e'
11E8E149-C9B5-D22A-AF82-12DF17AE4E1E,2019-ncaa-d0-natl,ncaa,41,18,114,28,124,81,73,64,128,43,41,119,222,190,263,265,80,78,152,81,202,61,64,168,158,128,286,281,140,123,168,88,149,91,157,179,326,177,93,184,20,32,34,37,,,234,119,,,86,55,23,53,66,55,31,23,30,232,210,65,77,81,27,33,121,63,70,193,164,21,28,,224,,,83,207,185,266,84,213,230,136,121,250,18,197,257,281,61,282,246,274,293,66,66,52,148,101,251,243,149,258,168,263,157,71,39,52,86,27,130,71,16,6,,,210,312,,,86,301,132,42,85,181,169,271,203,238,110,235,247,274,275,301,321,225,246,248,64,50,128,12,,236,,,b'\x11\xe8\xe1I\xc9\xb5\xd2*\xaf\x82\x12\xdf\x17\xaeN\x1e'
11E8E149-C9B5-D22A-AF82-12DF17AE4E1E,2019-ncaa-d1-conf-WAC,ncaa,1,1,1,1,1,1,1,1,4,1,1,3,5,5,6,6,2,3,3,1,4,1,1,4,4,3,6,8,4,2,2,2,3,1,3,2,7,6,1,3,1,1,1,1,,,7,3,,,1,1,2,4,3,2,2,1,2,5,6,2,3,2,1,2,3,2,3,4,3,1,1,,5,,,1,6,6,9,2,6,6,4,6,8,1,7,5,6,4,6,6,9,9,2,2,1,7,5,6,6,3,9,2,9,3,3,3,1,2,1,5,1,3,2,,,3,7,,,1,9,3,1,1,3,3,5,4,3,4,7,5,5,5,5,7,3,4,4,1,1,2,2,,5,,,b'\x11\xe8\xe1I\xc9\xb5\xd2*\xaf\x82\x12\xdf\x17\xaeN\x1e'
11E8E149-C9B5-D22A-AF82-12DF17AE4E1E,2019-ncaa-d1-natl,ncaa,26,18,62,23,68,61,53,35,116,25,28,90,220,177,286,271,49,52,159,57,199,34,36,158,146,126,299,292,135,94,158,59,125,58,127,160,331,234,104,191,12,28,36,41,,,233,101,,,67,28,24,60,62,51,33,22,31,248,212,60,70,74,27,32,117,63,69,195,179,20,39,,187,,,68,231,213,289,78,219,249,123,186,288,23,227,259,285,54,283,246,300,322,65,63,46,184,148,230,243,125,284,158,284,127,76,35,37,70,22,161,63,15,6,,,184,312,,,67,326,131,35,73,162,148,258,162,198,132,263,224,259,257,273,319,180,219,212,56,45,118,11,,234,,,b'\x11\xe8\xe1I\xc9\xb5\xd2*\xaf\x82\x12\xdf\x17\xaeN\x1e'
11E8E149-C9B5-D22A-AF82-12DF17AE4E1E,2019-ncaa-d1-ncaatournament,ncaa,33,2,33,33,36,47,50,35,59,51,34,62,37,44,34,26,39,41,19,40,43,34,38,61,61,53,11,11,17,51,58,44,38,45,58,55,51,5,5,24,38,25,44,52,,,26,47,,,59,33,2,7,46,50,3,51,7,14,16,23,28,26,2,8,44,36,41,53,6,13,38,,56,,,59,30,27,30,49,27,24,48,23,25,41,35,33,28,58,28,51,29,30,52,53,58,42,32,51,20,38,37,58,33,58,26,52,53,46,56,9,10,31,51,,,42,42,,,59,31,56,56,58,62,57,59,54,44,50,48,58,55,55,61,61,37,64,63,58,37,14,56,,21,,,b'\x11\xe8\xe1I\xc9\xb5\xd2*\xaf\x82\x12\xdf\x17\xaeN\x1e'
11E8E149-C9B5-D22A-AF82-12DF17AE4E1E,2020-ncaa-d0-natl,ncaa,239,240,191,250,214,213,145,153,150,83,45,225,269,307,109,308,308,320,137,322,346,201,215,208,229,210,323,276,313,173,176,131,19,149,89,285,332,142,162,241,166,136,288,281,,,203,267,,,224,218,191,111,212,119,100,68,30,268,309,312,321,324,175,176,163,98,106,285,159,158,292,,229,,,224,176,131,97,186,93,65,225,233,229,206,269,265,242,280,251,298,115,90,227,250,279,294,245,273,21,19,182,176,87,89,97,104,252,228,172,108,117,74,34,,,330,340,,,224,136,205,223,225,210,146,113,103,53,247,247,270,247,257,136,103,18,211,111,95,243,119,83,,331,,,b'\x11\xe8\xe1I\xc9\xb5\xd2*\xaf\x82\x12\xdf\x17\xaeN\x1e'
11E8E149-C9B5-D22A-AF82-12DF17AE4E1E,2020-ncaa-d1-conf-WAC,ncaa,3,4,1,4,2,4,1,2,2,1,1,6,5,7,1,8,9,9,4,9,9,3,2,5,6,7,9,5,9,2,2,2,1,2,1,7,9,8,6,7,4,4,8,8,,,6,7,,,4,4,5,5,6,1,3,1,1,5,7,9,9,9,5,5,2,3,2,9,7,5,9,,5,,,4,6,6,3,7,4,2,7,6,6,4,8,7,7,7,7,8,4,4,7,7,6,7,7,8,1,1,5,2,2,1,3,2,5,4,3,6,4,4,2,,,8,9,,,4,8,5,5,4,5,4,2,4,1,4,6,7,7,7,2,1,1,3,1,2,6,5,3,,9,,,b'\x11\xe8\xe1I\xc9\xb5\xd2*\xaf\x82\x12\xdf\x17\xaeN\x1e'
11E8E149-C9B5-D22A-AF82-12DF17AE4E1E,2020-ncaa-d1-natl,ncaa,238,240,128,243,168,214,131,128,141,76,33,229,274,312,102,311,308,321,133,324,346,191,207,199,223,207,323,277,315,177,186,123,24,144,99,279,334,147,161,243,154,133,290,279,,,217,267,,,223,211,193,110,214,120,110,64,30,272,310,313,321,325,186,190,173,115,123,284,152,147,295,,225,,,224,202,146,112,194,102,58,218,252,242,236,271,264,244,291,247,295,128,98,238,258,280,308,260,268,18,24,199,186,97,99,99,106,237,220,168,102,107,64,30,,,332,337,,,223,150,206,230,219,210,146,105,101,52,260,247,263,247,250,132,103,19,213,105,99,240,106,70,,333,,,b'\x11\xe8\xe1I\xc9\xb5\xd2*\xaf\x82\x12\xdf\x17\xaeN\x1e'
11E8E149-C9B5-D22A-AF82-12DF17AE4E1E,2021-ncaa-d0-natl,ncaa,205,202,219,211,221,239,208,210,195,148,108,259,296,310,158,329,241,201,325,203,279,211,208,246,274,275,329,318,219,205,185,217,82,221,134,253,307,197,253,285,131,77,275,269,,,245,327,,,190,203,71,33,235,153,133,72,20,321,329,244,156,166,137,77,167,154,154,261,276,65,282,,328,,,188,103,84,89,118,96,96,143,97,102,89,154,235,270,17,270,336,102,123,111,136,74,258,124,328,81,82,123,185,98,134,112,235,118,51,65,204,244,202,156,,,229,238,,,190,139,281,51,183,132,69,69,90,69,120,140,317,329,329,138,242,73,198,130,144,46,268,264,,183,,,b'\x11\xe8\xe1I\xc9\xb5\xd2*\xaf\x82\x12\xdf\x17\xaeN\x1e'
11E8E149-C9B5-D22A-AF82-12DF17AE4E1E,2021-ncaa-d1-conf-WAC,ncaa,4,4,6,4,6,6,5,5,4,3,1,4,7,7,3,7,6,5,7,5,7,6,6,5,6,7,8,7,6,2,1,4,2,4,2,6,7,6,7,7,4,3,7,6,,,6,7,,,4,6,3,3,6,3,5,2,1,7,7,6,3,3,5,3,3,5,3,6,7,4,7,,7,,,4,2,2,3,2,2,4,3,2,3,3,5,5,6,3,6,7,3,3,2,3,2,7,4,7,3,2,3,1,3,2,3,5,3,2,3,7,7,8,6,,,6,7,,,4,3,7,2,4,3,2,2,1,2,3,4,5,5,5,4,5,2,2,2,2,2,7,7,,7,,,b'\x11\xe8\xe1I\xc9\xb5\xd2*\xaf\x82\x12\xdf\x17\xaeN\x1e'
11E8E149-C9B5-D22A-AF82-12DF17AE4E1E,2021-ncaa-d1-natl,ncaa,202,201,206,209,209,217,185,204,163,123,91,250,283,303,114,328,241,192,329,195,277,204,193,229,256,264,326,306,231,179,138,210,82,199,104,235,306,228,256,285,99,63,272,258,,,262,327,,,158,193,73,35,206,134,126,63,22,302,327,245,149,157,131,73,127,158,133,248,282,53,281,,326,,,158,104,87,96,112,92,94,140,99,125,82,165,237,280,16,279,336,113,136,98,112,60,261,138,325,77,82,120,138,103,104,119,234,89,35,59,232,255,206,148,,,214,239,,,158,149,263,38,157,113,53,60,71,58,118,148,311,325,327,116,234,74,165,105,127,31,275,250,,176,,,b'\x11\xe8\xe1I\xc9\xb5\xd2*\xaf\x82\x12\xdf\x17\xaeN\x1e'
11E8E149-C9B5-D22A-AF82-12DF17AE4E1E,2022-ncaa-d0-natl,ncaa,282,266,260,287,261,260,227,204,260,147,93,274,338,325,332,331,209,174,296,178,257,206,218,305,312,288,336,338,123,102,57,298,62,236,95,301,333,149,174,281,154,91,316,309,,,320,355,,,256,247,161,8,219,173,73,60,21,335,326,161,109,116,73,60,41,291,150,292,220,110,306,,348,,,254,122,66,35,296,103,65,267,63,33,282,62,331,327,203,326,346,56,72,275,319,276,245,75,345,7,62,95,57,30,95,25,41,187,100,51,105,132,272,196,,,151,91,,,256,101,252,219,260,224,144,36,176,103,98,52,345,342,342,105,135,11,183,67,56,119,180,311,,51,,,b'\x11\xe8\xe1I\xc9\xb5\xd2*\xaf\x82\x12\xdf\x17\xaeN\x1e'
11E8E149-C9B5-D22A-AF82-12DF17AE4E1E,2022-ncaa-d1-conf-WAC,ncaa,10,11,8,11,8,11,8,4,11,4,2,10,12,11,13,12,8,6,11,6,12,6,6,12,12,12,13,12,6,2,2,10,1,6,3,11,12,7,4,10,6,5,12,12,,,9,10,,,11,7,9,2,10,7,2,2,2,12,12,7,6,6,2,2,2,10,3,11,7,5,12,,10,,,11,7,5,3,11,7,4,11,4,3,10,3,9,9,11,9,11,3,2,10,11,11,6,3,11,1,1,5,2,1,3,1,1,7,5,3,4,3,13,11,,,6,8,,,11,7,12,8,11,7,4,2,7,4,3,3,12,10,10,4,3,1,8,2,2,5,6,13,,6,,,b'\x11\xe8\xe1I\xc9\xb5\xd2*\xaf\x82\x12\xdf\x17\xaeN\x1e'
11E8E149-C9B5-D22A-AF82-12DF17AE4E1E,2022-ncaa-d1-natl,ncaa,269,266,213,273,216,204,182,143,220,89,57,247,315,314,305,329,170,139,263,141,258,144,149,284,284,251,334,334,136,63,43,266,45,180,67,273,335,180,151,259,135,97,313,308,,,327,353,,,207,191,152,9,172,131,53,45,19,320,317,139,110,110,54,54,32,272,114,272,214,120,312,,344,,,207,148,85,42,265,119,90,239,90,46,279,70,326,328,191,326,339,78,98,252,289,251,247,85,342,4,45,110,43,39,67,22,27,134,83,36,137,121,273,177,,,123,113,,,207,149,217,174,213,198,121,34,159,100,99,56,338,337,337,92,129,9,153,52,36,106,176,294,,60,,,b'\x11\xe8\xe1I\xc9\xb5\xd2*\xaf\x82\x12\xdf\x17\xaeN\x1e'
11E8E149-C9B5-D22A-AF82-12DF17AE4E1E,2023-ncaa-d0-natl,ncaa,153,203,46,176,52,159,111,80,221,52,30,216,326,289,343,329,203,154,295,154,324,89,98,266,280,239,355,342,224,79,97,228,57,148,125,194,305,127,76,166,58,45,296,286,,,354,359,,,172,106,291,78,249,184,129,67,38,347,335,260,212,213,152,230,117,332,278,264,62,86,321,,340,,,172,210,76,55,245,83,64,228,145,105,264,133,354,353,123,354,358,124,212,259,296,182,327,137,357,20,57,241,97,125,125,90,138,32,27,19,114,73,124,30,,,71,96,,,172,252,219,103,171,77,17,2,27,8,94,49,337,343,344,6,29,5,122,24,35,55,59,81,,139,,,b'\x11\xe8\xe1I\xc9\xb5\xd2*\xaf\x82\x12\xdf\x17\xaeN\x1e'
11E8E149-C9B5-D22A-AF82-12DF17AE4E1E,2023-ncaa-d1-conf-WAC,ncaa,5,6,2,6,2,9,6,3,8,3,1,10,12,12,13,12,9,8,11,8,13,4,6,10,13,8,13,12,10,3,5,9,2,9,6,8,11,1,1,5,5,2,10,10,,,12,13,,,6,8,12,9,10,9,5,3,3,13,12,11,10,9,6,10,6,13,10,12,1,6,12,,11,,,6,3,1,2,7,2,3,6,3,4,7,4,12,11,5,11,13,4,5,6,6,4,9,4,13,1,2,9,5,4,6,1,3,2,2,1,1,1,6,2,,,7,7,,,6,6,10,3,7,1,1,1,2,2,2,2,10,10,10,1,1,1,4,1,1,4,1,5,,9,,,b'\x11\xe8\xe1I\xc9\xb5\xd2*\xaf\x82\x12\xdf\x17\xaeN\x1e'
11E8E149-C9B5-D22A-AF82-12DF17AE4E1E,2023-ncaa-d1-natl,ncaa,136,203,18,178,21,120,70,42,183,25,9,191,318,285,337,333,195,150,293,150,341,49,58,246,261,219,358,342,261,66,101,184,43,127,117,162,300,163,84,155,35,34,297,289,,,359,358,,,150,59,288,81,242,163,133,46,34,347,340,279,235,241,167,228,132,334,281,253,72,74,323,,335,,,152,244,111,74,237,111,86,213,162,128,245,131,353,356,96,356,358,167,265,241,288,147,321,134,355,26,43,264,101,165,117,115,142,19,24,19,163,93,164,31,,,60,115,,,150,301,205,85,158,61,17,1,30,9,85,50,319,334,334,5,31,5,98,21,35,54,78,90,,153,,,b'\x11\xe8\xe1I\xc9\xb5\xd2*\xaf\x82\x12\xdf\x17\xaeN\x1e'
11E8E149-C9B5-D22A-AF82-12DF17AE4E1E,2024-ncaa-d0-natl,ncaa,225,228,196,234,197,255,233,246,207,176,131,256,311,333,192,327,223,216,247,210,246,249,233,247,247,268,311,303,139,210,129,307,161,286,160,261,254,251,279,280,212,175,359,359,,,297,351,,,210,235,250,26,269,245,264,160,100,316,337,217,199,194,261,217,192,326,308,270,266,198,360,,323,,,212,75,64,44,205,81,51,251,58,97,45,162,262,287,84,279,325,68,92,186,213,142,197,82,321,47,161,42,129,29,160,40,82,124,67,37,145,188,246,228,,,159,90,,,210,117,273,106,216,101,63,22,105,37,63,106,281,296,289,48,85,53,45,40,46,93,168,274,,122,,,b'\x11\xe8\xe1I\xc9\xb5\xd2*\xaf\x82\x12\xdf\x17\xaeN\x1e'
11E8E149-C9B5-D22A-AF82-12DF17AE4E1E,2024-ncaa-d1-conf-CUSA,ncaa,5,6,3,6,3,7,7,5,6,4,1,7,9,9,8,9,5,5,5,5,7,5,3,7,6,8,8,9,3,4,2,7,5,8,3,7,7,9,9,9,4,4,9,9,,,9,9,,,7,3,6,2,8,7,7,4,1,9,9,5,4,4,7,5,6,9,9,7,8,4,9,,9,,,7,6,4,3,7,4,4,3,6,3,7,5,9,9,9,9,8,3,4,6,7,6,7,4,9,2,5,2,2,1,3,6,6,3,3,4,4,5,6,5,,,4,6,,,7,7,8,6,7,7,3,1,4,3,4,3,9,9,9,2,4,1,3,1,5,3,4,5,,5,,,b'\x11\xe8\xe1I\xc9\xb5\xd2*\xaf\x82\x12\xdf\x17\xaeN\x1e'
11E8E149-C9B5-D22A-AF82-12DF17AE4E1E,2024-ncaa-d1-natl,ncaa,235,230,194,237,199,258,239,262,193,168,130,251,314,339,186,328,218,212,248,206,240,253,247,238,238,264,310,304,139,211,122,320,171,305,162,271,282,243,274,286,221,184,361,361,,,297,352,,,217,244,255,30,271,245,269,153,101,316,339,207,192,186,262,225,199,338,321,285,267,203,362,,324,,,218,84,58,35,223,77,47,263,64,101,66,168,257,286,67,279,329,55,81,203,228,153,205,92,318,39,171,23,122,18,162,35,78,122,70,44,139,186,263,237,,,159,87,,,217,109,267,121,224,109,69,22,103,34,72,107,278,300,293,45,82,50,33,31,49,95,159,282,,119,,,b'\x11\xe8\xe1I\xc9\xb5\xd2*\xaf\x82\x12\xdf\x17\xaeN\x1e'
11E8E149-C9B5-D22A-AF82-12DF17AE4E1E,2025-ncaa-d0-natl,genius_ncaa,147,176,90,167,108,144,153,172,131,140,162,137,201,208,180,212,103,123,113,122,129,165,180,148,132,129,198,230,121,317,328,299,235,327,327,219,298,135,148,210,57,45,353,358,,,355,360,,314,172,126,198,226,179,190,266,175,208,224,237,125,156,156,253,285,340,358,360,264,112,56,359,,355,,308,173,219,138,78,284,202,154,274,52,36,179,31,358,358,178,358,357,161,229,252,311,194,212,23,358,117,235,217,328,183,327,74,71,47,37,28,91,107,186,179,,,110,65,,94,172,245,179,165,168,176,78,11,144,77,35,21,352,352,352,58,129,83,146,112,48,50,80,151,,135,,109,b'\x11\xe8\xe1I\xc9\xb5\xd2*\xaf\x82\x12\xdf\x17\xaeN\x1e'
11E8E149-C9B5-D22A-AF82-12DF17AE4E1E,2025-ncaa-d1-conf-CUSA,genius_ncaa,4,4,7,4,8,5,4,6,6,6,4,6,6,6,3,5,4,6,2,6,7,7,8,6,6,4,6,5,5,10,9,8,5,10,10,8,9,1,3,4,3,3,9,9,,,10,10,,4,4,7,3,3,3,3,4,2,4,5,5,4,5,5,4,7,10,8,10,7,3,3,9,,10,,5,4,3,2,1,6,2,1,3,2,1,8,3,10,10,4,10,10,1,2,5,7,4,8,3,10,1,5,5,9,3,10,2,2,3,3,2,1,2,6,7,,,7,5,,7,4,4,5,3,4,4,2,1,4,2,2,2,10,10,10,3,4,1,7,4,2,3,2,6,,5,,6,b'\x11\xe8\xe1I\xc9\xb5\xd2*\xaf\x82\x12\xdf\x17\xaeN\x1e'
11E8E149-C9B5-D22A-AF82-12DF17AE4E1E,2025-ncaa-d1-natl,genius_ncaa,130,176,43,157,59,116,118,132,132,109,122,143,185,194,163,220,76,97,120,92,128,119,120,146,130,130,204,230,117,303,325,275,207,302,320,198,294,196,153,212,36,37,356,358,,,359,361,,328,160,80,175,237,179,190,267,175,196,220,247,123,154,150,251,281,334,358,359,265,120,42,360,,355,,313,161,261,166,110,267,228,187,252,70,53,182,39,358,360,134,360,357,206,279,234,296,165,222,26,358,126,207,255,325,205,320,88,76,33,32,24,118,100,209,163,,,75,61,,82,160,293,183,129,155,150,64,10,124,72,39,26,350,351,351,51,135,55,148,95,46,41,80,151,,119,,108,b'\x11\xe8\xe1I\xc9\xb5\xd2*\xaf\x82\x12\xdf\x17\xaeN\x1e'
11E8E149-C9B5-D22A-AF82-12DF17AE4E1E,2026-ncaa-d0-natl,genius_ncaa,295,250,279,302,291,340,321,305,318,264,208,329,353,356,301,357,356,346,358,343,356,315,293,334,351,357,360,349,322,282,273,291,256,302,293,295,143,255,345,324,246,181,204,141,,,145,297,,141,311,288,80,97,351,303,231,192,33,355,359,355,328,324,282,120,219,213,219,253,348,154,141,,319,,224,319,70,59,69,165,57,60,194,89,118,124,220,169,188,87,192,306,72,76,174,176,181,241,180,279,125,256,128,273,118,293,130,316,266,187,235,299,349,119,139,,,333,329,,187,311,69,355,195,322,228,199,215,183,152,207,254,287,305,316,270,281,264,321,316,274,146,351,214,,304,,134,b'\x11\xe8\xe1I\xc9\xb5\xd2*\xaf\x82\x12\xdf\x17\xaeN\x1e'
11E8E149-C9B5-D22A-AF82-12DF17AE4E1E,2026-ncaa-d1-natl,genius_ncaa,301,249,271,304,286,352,327,322,295,259,194,318,359,363,305,359,352,342,340,338,351,334,295,324,342,356,360,357,280,312,303,276,259,309,298,286,110,326,360,337,251,220,225,194,,,168,281,,152,320,275,45,100,349,295,273,177,43,359,363,341,324,312,304,109,275,155,214,224,360,175,169,,317,,233,327,97,89,87,153,99,93,189,97,141,98,196,168,202,70,207,283,105,90,154,143,172,196,155,252,181,259,142,303,148,298,123,226,265,219,219,340,356,108,118,,,323,277,,112,320,83,360,194,326,254,230,275,236,241,203,267,270,298,305,307,319,297,293,314,246,162,358,186,,241,,68,b'\x11\xe8\xe1I\xc9\xb5\xd2*\xaf\x82\x12\xdf\x17\xaeN\x1e'
11E8E149-C9BA-09D0-AF82-12DF17AE4E1E,2010-ncaa-d0-natl,ncaa,219,269,81,249,120,251,230,248,194,161,130,216,309,311,244,302,207,207,183,207,250,242,161,249,241,296,296,298,138,177,121,73,191,102,97,241,237,336,333,319,292,318,50,55,,,216,206,,,274,156,257,283,310,290,321,213,186,322,322,253,253,252,320,253,217,78,135,286,322,316,50,,163,,,268,173,129,236,39,175,260,54,82,182,14,116,300,302,198,301,249,267,206,20,41,126,184,77,309,287,191,87,121,169,97,95,109,282,321,229,336,331,221,209,,,199,238,,,274,179,298,164,276,113,66,178,126,221,58,135,285,272,272,223,125,259,37,101,67,321,321,190,,274,,,b'\x11\xe8\xe1I\xc9\xba\t\xd0\xaf\x82\x12\xdf\x17\xaeN\x1e'
11E8E149-C9BA-09D0-AF82-12DF17AE4E1E,2010-ncaa-d1-conf-Sun Belt,ncaa,9,11,1,10,3,11,11,10,11,8,7,11,10,8,10,7,10,9,9,9,10,10,5,11,11,12,10,7,5,6,7,1,4,1,3,7,5,12,12,12,12,12,4,4,,,10,10,,,10,4,11,9,13,13,12,12,7,12,10,12,10,10,12,11,8,2,4,9,12,12,4,,8,,,10,9,4,9,1,4,9,2,3,6,4,4,12,12,11,12,12,12,8,2,3,6,11,4,13,9,4,6,7,9,3,9,12,12,12,12,13,13,11,11,,,9,12,,,10,10,13,7,11,5,3,5,3,5,2,5,12,12,12,7,3,5,4,6,7,12,13,8,,13,,,b'\x11\xe8\xe1I\xc9\xba\t\xd0\xaf\x82\x12\xdf\x17\xaeN\x1e'
11E8E149-C9BA-09D0-AF82-12DF17AE4E1E,2010-ncaa-d1-natl,ncaa,228,269,91,255,132,267,246,265,199,175,143,221,312,314,246,302,217,218,183,219,251,265,173,258,248,300,295,297,134,191,124,81,193,113,103,262,242,333,333,322,305,321,54,55,,,202,206,,,279,169,257,285,314,297,324,219,187,320,322,256,251,252,320,257,223,81,138,294,322,318,51,,164,,,275,160,113,225,41,164,252,56,71,173,14,114,295,296,203,295,250,256,187,23,45,135,183,75,309,285,193,68,124,157,103,89,112,300,325,233,332,332,213,212,,,210,238,,,279,160,303,175,282,115,66,177,127,220,60,136,286,273,272,226,124,262,38,103,72,322,321,193,,271,,,b'\x11\xe8\xe1I\xc9\xba\t\xd0\xaf\x82\x12\xdf\x17\xaeN\x1e'
11E8E149-C9BA-09D0-AF82-12DF17AE4E1E,2011-ncaa-d0-natl,ncaa,343,19,343,343,343,343,343,343,343,343,343,343,343,343,294,90,343,343,335,343,306,343,343,343,343,343,32,26,208,343,342,343,343,343,343,343,274,1,343,343,343,341,343,343,,,1,3,,,314,343,60,257,343,343,340,343,323,239,195,341,341,341,341,287,340,343,343,343,342,326,339,,42,,,343,1,1,1,342,1,1,343,1,1,31,42,1,1,2,1,12,1,1,342,340,342,1,4,1,1,343,1,342,1,343,1,35,343,339,338,1,343,1,339,,,343,319,,,314,1,343,343,343,342,343,342,343,342,101,177,43,133,135,342,338,343,341,342,337,292,343,302,,334,,,b'\x11\xe8\xe1I\xc9\xba\t\xd0\xaf\x82\x12\xdf\x17\xaeN\x1e'
11E8E149-C9BA-09D0-AF82-12DF17AE4E1E,2011-ncaa-d1-natl,ncaa,334,240,343,333,343,343,343,343,331,343,341,328,336,335,311,227,343,342,318,342,318,343,343,331,338,340,257,218,237,342,339,343,338,343,343,342,66,47,336,317,337,289,322,302,,,1,58,,,338,343,75,343,339,334,302,305,218,306,274,338,322,323,319,242,329,303,336,277,330,264,277,,118,,,341,7,21,2,334,117,8,340,3,4,22,29,35,51,27,48,192,2,1,317,297,330,6,4,132,47,338,3,339,3,343,15,52,343,304,293,210,342,3,82,,,343,330,,,338,1,343,338,342,329,340,311,341,329,47,94,262,291,287,321,300,334,321,335,272,257,340,68,,335,,,b'\x11\xe8\xe1I\xc9\xba\t\xd0\xaf\x82\x12\xdf\x17\xaeN\x1e'
11E8E149-C9BA-09D0-AF82-12DF17AE4E1E,2013-ncaa-d0-natl,ncaa,339,310,342,339,345,340,341,343,292,334,326,292,308,310,258,232,301,296,229,298,142,343,342,298,293,326,186,227,66,325,257,344,344,343,341,335,274,221,341,335,302,268,338,338,,,32,105,,,335,340,79,267,307,309,290,264,215,267,255,184,168,176,281,163,243,340,328,318,343,223,328,,211,,,339,83,153,29,325,228,134,292,30,5,336,17,61,53,183,57,89,27,21,311,308,294,22,37,104,254,344,11,257,63,341,72,59,283,195,198,276,342,13,90,,,319,136,,,335,6,332,332,338,325,336,323,342,343,136,41,239,236,238,327,332,345,224,327,257,119,345,75,,138,,,b'\x11\xe8\xe1I\xc9\xba\t\xd0\xaf\x82\x12\xdf\x17\xaeN\x1e'
11E8E149-C9BA-09D0-AF82-12DF17AE4E1E,2013-ncaa-d1-natl,ncaa,335,310,344,335,345,341,340,344,292,334,319,293,300,306,264,228,294,287,225,288,141,344,343,297,293,324,186,226,63,312,247,344,344,343,340,333,267,230,340,333,306,281,336,337,,,44,119,,,335,342,86,267,303,309,282,264,213,266,253,179,165,172,280,165,236,334,321,313,342,233,328,,224,,,339,113,178,40,324,250,186,277,34,5,334,12,84,81,172,81,89,40,29,300,296,297,21,32,114,272,344,18,247,83,340,80,55,288,222,205,289,342,13,79,,,308,139,,,335,7,329,331,338,325,336,324,341,343,120,35,242,241,243,329,327,345,223,325,249,143,342,70,,138,,,b'\x11\xe8\xe1I\xc9\xba\t\xd0\xaf\x82\x12\xdf\x17\xaeN\x1e'
11E8E149-C9BA-09D0-AF82-12DF17AE4E1E,2014-ncaa-d0-natl,ncaa,349,349,254,349,295,348,348,324,349,346,287,349,313,264,342,191,323,281,344,274,181,325,264,349,349,349,134,179,68,253,284,337,345,327,345,336,177,340,347,345,308,318,275,291,,,280,325,,,349,263,147,345,349,349,325,349,267,306,240,313,261,253,320,205,228,343,334,340,347,302,264,,329,,,349,313,312,136,346,322,206,337,150,61,341,52,291,293,179,293,269,176,130,342,342,348,89,69,218,282,345,255,284,275,345,305,251,291,294,333,348,349,215,295,,,266,192,,,349,90,349,349,349,339,336,251,340,302,193,82,315,319,319,303,256,327,317,330,328,260,348,262,,215,,,b'\x11\xe8\xe1I\xc9\xba\t\xd0\xaf\x82\x12\xdf\x17\xaeN\x1e'
11E8E149-C9BA-09D0-AF82-12DF17AE4E1E,2014-ncaa-d1-conf-Southland,ncaa,14,14,11,14,12,13,13,12,14,13,12,14,11,10,14,7,13,12,14,11,8,12,11,14,14,14,5,6,3,9,12,12,14,12,14,13,6,14,14,14,11,12,11,11,,,12,14,,,14,11,5,7,14,14,11,14,11,12,10,14,9,9,11,10,9,14,13,14,14,11,10,,14,,,14,14,13,6,14,13,11,14,7,4,14,3,13,13,11,13,12,6,4,14,14,14,5,3,12,11,14,12,12,12,14,12,7,11,13,12,14,14,11,12,,,12,5,,,14,4,14,14,14,14,13,13,13,12,7,4,14,13,13,12,10,13,14,14,12,9,14,12,,6,,,b'\x11\xe8\xe1I\xc9\xba\t\xd0\xaf\x82\x12\xdf\x17\xaeN\x1e'
11E8E149-C9BA-09D0-AF82-12DF17AE4E1E,2014-ncaa-d1-natl,ncaa,349,349,307,349,332,349,349,335,349,348,299,349,316,272,342,192,329,293,345,285,184,334,295,349,349,349,134,180,67,270,285,344,346,337,345,341,181,339,347,346,315,321,282,294,,,263,325,,,349,295,144,347,349,349,327,349,268,304,240,313,266,257,322,207,233,346,336,340,347,301,267,,329,,,349,306,301,109,346,319,188,337,135,54,342,49,282,287,184,287,271,148,95,343,345,348,84,68,220,274,346,235,285,260,345,300,251,305,296,334,348,349,205,300,,,289,191,,,349,58,349,349,349,339,338,251,341,303,192,77,316,320,321,302,255,329,318,332,329,265,348,265,,217,,,b'\x11\xe8\xe1I\xc9\xba\t\xd0\xaf\x82\x12\xdf\x17\xaeN\x1e'
11E8E149-C9BA-09D0-AF82-12DF17AE4E1E,2015-ncaa-d0-natl,ncaa,294,238,345,288,345,343,343,344,290,327,309,302,310,316,240,259,302,281,287,283,172,342,343,303,298,309,217,248,82,273,157,346,318,344,278,348,348,105,299,343,263,161,302,232,,,121,332,,,298,345,215,42,300,291,250,240,151,273,270,185,132,136,227,165,148,326,285,346,299,166,265,,326,,,311,28,14,1,297,13,1,300,119,65,293,229,199,226,71,226,341,5,4,316,325,286,307,229,305,51,318,14,157,16,278,34,187,255,102,134,165,307,43,119,,,319,145,,,298,4,308,296,314,268,191,57,144,42,262,219,319,332,331,134,182,252,172,212,185,107,310,127,,127,,,b'\x11\xe8\xe1I\xc9\xba\t\xd0\xaf\x82\x12\xdf\x17\xaeN\x1e'
11E8E149-C9BA-09D0-AF82-12DF17AE4E1E,2015-ncaa-d1-conf-Southland,ncaa,10,9,9,10,9,12,12,9,12,9,4,13,11,9,12,11,7,7,7,7,8,9,10,13,13,12,8,11,3,7,6,12,8,10,8,13,13,7,7,13,8,6,9,6,,,7,12,,,11,8,8,2,11,11,7,7,4,11,9,6,5,5,5,6,6,10,8,13,9,6,8,,12,,,11,6,4,1,10,4,1,12,10,9,8,9,11,10,3,10,13,3,5,12,12,9,10,9,12,4,8,6,6,7,8,6,9,7,4,5,7,8,7,9,,,9,8,,,11,4,12,9,11,9,9,2,6,3,10,9,11,11,11,7,9,5,10,9,7,4,9,9,,7,,,b'\x11\xe8\xe1I\xc9\xba\t\xd0\xaf\x82\x12\xdf\x17\xaeN\x1e'
11E8E149-C9BA-09D0-AF82-12DF17AE4E1E,2015-ncaa-d1-natl,ncaa,291,255,347,288,347,336,332,340,275,302,272,283,305,305,274,262,280,251,306,255,173,337,334,298,299,309,249,264,102,236,148,347,323,339,279,346,348,162,292,342,207,126,302,245,,,209,336,,,296,341,198,46,288,279,228,215,136,283,270,195,125,128,209,145,135,334,290,346,302,118,276,,330,,,302,52,27,2,296,32,1,301,118,73,286,198,251,284,47,286,346,7,10,309,320,263,300,194,319,95,323,20,148,23,279,63,193,195,83,118,197,299,44,95,,,286,135,,,296,4,310,280,307,262,179,50,151,44,233,185,326,334,335,136,202,262,167,215,190,81,306,106,,108,,,b'\x11\xe8\xe1I\xc9\xba\t\xd0\xaf\x82\x12\xdf\x17\xaeN\x1e'
11E8E149-C9BA-09D0-AF82-12DF17AE4E1E,2016-ncaa-d0-natl,ncaa,308,249,347,301,347,342,341,338,304,278,251,294,345,341,346,326,249,261,179,264,210,337,331,332,317,333,323,340,29,177,51,348,274,325,155,340,283,190,321,336,323,273,258,167,,,182,340,,,306,340,95,156,291,276,174,135,54,341,325,116,114,115,165,62,39,284,148,301,337,262,183,,340,,,316,37,20,4,260,13,5,239,125,60,312,203,216,207,213,208,335,10,10,282,310,269,315,214,315,38,274,9,51,12,155,82,268,240,92,149,251,331,42,78,,,262,100,,,306,11,320,266,311,277,209,123,167,98,266,219,328,322,320,207,269,232,144,183,253,61,344,145,,49,,,b'\x11\xe8\xe1I\xc9\xba\t\xd0\xaf\x82\x12\xdf\x17\xaeN\x1e'
11E8E149-C9BA-09D0-AF82-12DF17AE4E1E,2016-ncaa-d1-conf-Southland,ncaa,11,11,9,11,9,13,13,11,13,7,6,11,13,13,13,13,9,10,7,10,11,11,10,13,13,13,13,13,5,6,5,10,6,8,7,13,12,10,11,13,12,10,6,4,,,8,12,,,13,11,9,4,13,13,8,6,3,13,13,7,7,6,9,7,3,7,6,13,12,12,5,,11,,,13,6,6,4,7,3,3,6,8,7,10,9,6,7,9,7,9,4,4,8,9,9,11,9,9,6,6,6,5,6,7,7,8,8,7,9,10,11,10,8,,,9,5,,,13,3,13,7,13,8,7,7,4,4,8,8,9,8,8,6,5,7,8,9,8,7,11,11,,6,,,b'\x11\xe8\xe1I\xc9\xba\t\xd0\xaf\x82\x12\xdf\x17\xaeN\x1e'
11E8E149-C9BA-09D0-AF82-12DF17AE4E1E,2016-ncaa-d1-natl,ncaa,293,249,348,291,349,325,310,321,271,207,171,254,344,340,347,334,222,235,180,234,238,310,291,313,301,318,334,342,50,115,29,333,206,272,84,319,257,235,310,319,293,246,253,176,,,219,333,,,284,330,73,157,241,211,127,79,24,342,327,110,116,109,115,39,18,238,82,257,333,220,197,,333,,,290,79,30,5,238,20,7,212,192,107,320,233,258,235,242,230,333,14,16,271,306,259,328,251,313,41,206,8,29,9,84,108,264,206,100,154,283,318,42,55,,,234,145,,,284,23,290,241,285,276,204,135,142,85,286,247,326,318,318,209,266,181,125,143,239,63,342,128,,63,,,b'\x11\xe8\xe1I\xc9\xba\t\xd0\xaf\x82\x12\xdf\x17\xaeN\x1e'
11E8E149-C9BA-09D0-AF82-12DF17AE4E1E,2017-ncaa-d0-natl,ncaa,237,152,340,218,344,242,232,301,93,180,197,150,275,322,63,293,195,237,92,235,230,300,298,123,107,158,263,268,128,250,141,333,283,325,226,317,330,157,262,286,239,186,205,159,,,154,273,,,232,308,19,268,83,75,92,54,33,221,272,75,108,107,90,42,141,267,222,250,294,148,145,,318,,,240,114,76,18,311,98,34,285,112,40,312,127,274,237,309,236,316,29,37,313,327,296,248,129,305,73,283,15,141,20,226,91,166,185,90,136,248,309,97,117,,,250,140,,,232,37,166,298,240,327,281,196,278,208,236,167,341,333,333,266,319,261,168,218,251,52,327,208,,70,,,b'\x11\xe8\xe1I\xc9\xba\t\xd0\xaf\x82\x12\xdf\x17\xaeN\x1e'
11E8E149-C9BA-09D0-AF82-12DF17AE4E1E,2017-ncaa-d1-conf-Southland,ncaa,6,5,5,6,6,4,4,4,4,3,1,6,8,10,5,11,6,6,5,6,12,4,5,6,6,7,12,11,10,6,7,7,9,7,8,7,12,7,7,9,6,6,4,5,,,12,9,,,5,4,2,6,4,2,3,2,1,8,10,6,8,8,2,3,4,8,7,8,10,5,4,,12,,,5,11,4,8,8,7,7,7,6,6,8,5,12,12,13,12,12,10,11,8,9,6,11,6,11,11,9,7,7,7,8,6,7,4,3,4,11,10,9,5,,,6,10,,,5,9,6,7,6,11,6,7,7,7,6,7,12,12,12,9,12,11,7,8,6,4,12,8,,7,,,b'\x11\xe8\xe1I\xc9\xba\t\xd0\xaf\x82\x12\xdf\x17\xaeN\x1e'
11E8E149-C9BA-09D0-AF82-12DF17AE4E1E,2017-ncaa-d1-natl,ncaa,194,151,310,192,326,142,113,188,61,71,88,102,254,297,52,307,150,194,95,189,277,189,170,90,87,116,300,282,182,161,95,307,245,261,163,231,314,225,230,248,107,92,170,124,,,240,261,,,135,186,14,270,50,36,52,22,20,217,276,86,122,121,50,27,86,259,178,192,286,68,128,,303,,,129,166,105,30,281,123,64,263,142,87,273,149,301,282,276,283,322,63,143,283,316,201,265,146,311,113,245,44,95,49,163,103,156,57,29,48,286,286,122,92,,,196,202,,,135,152,110,194,139,279,217,123,215,132,207,164,331,324,324,196,314,200,138,161,174,21,313,184,,94,,,b'\x11\xe8\xe1I\xc9\xba\t\xd0\xaf\x82\x12\xdf\x17\xaeN\x1e'
11E8E149-C9BA-09D0-AF82-12DF17AE4E1E,2018-ncaa-d0-natl,ncaa,185,162,242,188,285,204,214,196,240,157,118,245,281,277,263,285,88,122,63,120,153,184,152,268,240,255,235,289,31,111,111,272,327,208,247,258,283,274,256,285,63,65,176,167,,,158,119,,,190,179,38,278,157,183,115,117,63,269,265,36,76,69,95,50,67,248,147,252,299,44,157,,227,,,190,122,156,152,176,178,127,251,123,186,49,224,95,158,23,156,184,144,220,162,121,61,98,154,116,312,327,146,111,230,247,211,250,39,30,75,284,281,282,251,,,121,116,,,190,175,234,98,183,193,224,241,239,200,156,243,147,205,204,249,325,331,216,298,259,19,313,309,,54,,,b'\x11\xe8\xe1I\xc9\xba\t\xd0\xaf\x82\x12\xdf\x17\xaeN\x1e'
11E8E149-C9BA-09D0-AF82-12DF17AE4E1E,2018-ncaa-d1-conf-Southland,ncaa,6,5,6,6,7,5,3,4,5,2,3,4,9,9,11,11,3,4,3,4,8,4,4,5,5,6,11,12,6,8,9,6,11,7,11,7,12,5,5,6,4,4,3,5,,,6,3,,,5,3,3,6,3,2,4,2,3,11,10,3,3,3,4,5,8,6,6,6,7,3,4,,5,,,5,8,11,10,6,10,10,6,7,10,7,6,2,5,2,5,3,9,12,5,4,4,4,8,3,13,11,8,9,11,11,10,8,4,3,5,6,6,7,5,,,6,8,,,5,11,5,6,5,7,12,11,12,11,9,9,4,7,7,11,12,13,9,12,12,2,6,6,,5,,,b'\x11\xe8\xe1I\xc9\xba\t\xd0\xaf\x82\x12\xdf\x17\xaeN\x1e'
11E8E149-C9BA-09D0-AF82-12DF17AE4E1E,2018-ncaa-d1-natl,ncaa,186,162,213,185,294,197,212,200,227,154,115,242,284,286,238,286,84,122,66,118,150,188,150,257,212,247,235,285,36,115,124,268,329,214,252,251,279,281,264,288,68,72,181,173,,,185,131,,,189,152,39,279,150,174,124,112,66,265,272,43,83,74,101,54,84,237,158,245,300,48,163,,232,,,189,127,157,164,164,180,140,240,136,203,54,221,102,176,18,174,190,159,242,155,116,61,115,170,122,318,329,144,124,248,252,221,245,41,32,78,298,283,297,260,,,115,98,,,189,204,229,100,182,192,222,243,235,205,169,244,151,207,207,255,325,332,202,293,248,23,309,318,,51,,,b'\x11\xe8\xe1I\xc9\xba\t\xd0\xaf\x82\x12\xdf\x17\xaeN\x1e'
11E8E149-C9BA-09D0-AF82-12DF17AE4E1E,2019-ncaa-d0-natl,ncaa,266,180,347,249,348,344,344,343,300,310,285,296,343,332,335,290,275,203,338,203,92,338,331,318,321,335,283,309,55,161,38,348,312,322,189,341,264,230,331,337,232,115,85,18,,,70,279,,,293,344,98,259,297,296,230,198,106,331,295,146,47,49,174,61,21,300,143,305,338,105,26,,279,,,306,20,17,6,231,22,9,258,81,62,192,240,142,97,317,92,276,7,6,245,281,237,264,202,265,59,312,9,38,10,189,150,334,259,95,225,288,338,95,179,,,291,147,,,293,5,319,253,313,253,213,151,182,107,239,233,289,264,262,182,248,274,173,227,316,80,345,214,,89,,,b'\x11\xe8\xe1I\xc9\xba\t\xd0\xaf\x82\x12\xdf\x17\xaeN\x1e'
11E8E149-C9BA-09D0-AF82-12DF17AE4E1E,2019-ncaa-d1-conf-Southland,ncaa,7,6,4,7,7,10,9,5,11,8,4,7,12,10,12,11,9,3,13,3,8,5,5,11,12,13,12,11,6,2,1,11,10,4,5,12,11,12,9,13,7,8,2,1,,,6,7,,,9,7,8,10,11,11,7,7,6,12,10,9,3,3,6,5,1,10,5,11,11,7,2,,7,,,9,7,6,7,8,6,5,10,10,10,5,11,7,6,13,6,6,6,6,9,10,9,9,10,5,8,10,5,1,6,5,11,13,8,8,11,10,11,7,7,,,6,11,,,9,7,10,10,9,8,8,8,8,6,8,10,8,6,6,6,5,8,5,6,10,7,11,6,,9,,,b'\x11\xe8\xe1I\xc9\xba\t\xd0\xaf\x82\x12\xdf\x17\xaeN\x1e'
11E8E149-C9BA-09D0-AF82-12DF17AE4E1E,2019-ncaa-d1-natl,ncaa,232,180,340,226,342,307,299,315,263,240,205,258,334,322,328,290,235,133,341,133,92,292,258,297,302,317,301,308,86,71,17,323,273,230,113,300,234,293,326,320,164,94,66,20,,,153,279,,,258,319,89,258,260,240,179,136,80,320,287,148,44,42,136,38,12,247,72,258,337,85,31,,281,,,260,50,37,19,186,42,15,215,106,123,141,251,192,158,280,156,277,18,36,198,228,169,270,204,269,112,273,18,17,27,113,196,334,163,74,183,331,338,99,118,,,217,134,,,258,28,282,181,262,212,164,145,142,103,213,238,279,264,261,171,260,267,139,191,298,63,345,178,,66,,,b'\x11\xe8\xe1I\xc9\xba\t\xd0\xaf\x82\x12\xdf\x17\xaeN\x1e'
11E8E149-C9BA-09D0-AF82-12DF17AE4E1E,2020-ncaa-d0-natl,ncaa,163,109,312,140,319,275,293,299,250,253,217,272,273,296,193,270,120,84,253,88,75,272,247,266,252,266,176,251,30,197,164,302,292,280,254,316,271,248,282,305,90,65,134,105,,,248,291,,,199,266,51,176,207,231,198,190,112,248,262,58,31,32,130,64,127,238,189,283,312,37,100,,316,,,202,61,67,41,192,141,98,233,38,54,56,77,163,244,13,251,280,63,111,153,136,66,86,53,250,217,292,116,164,148,254,187,282,60,35,90,297,323,110,133,,,154,84,,,199,87,267,86,197,179,184,146,241,209,69,93,240,296,298,208,309,296,249,278,258,26,332,163,,45,,,b'\x11\xe8\xe1I\xc9\xba\t\xd0\xaf\x82\x12\xdf\x17\xaeN\x1e'
11E8E149-C9BA-09D0-AF82-12DF17AE4E1E,2020-ncaa-d1-conf-Southland,ncaa,5,5,1,5,3,5,5,4,8,7,7,8,7,7,6,6,4,3,7,3,6,2,3,7,7,7,6,8,5,2,7,6,11,2,9,8,10,9,7,8,4,5,6,7,,,8,7,,,6,3,3,3,5,5,4,7,7,7,7,4,3,3,2,3,2,6,2,8,9,4,6,,8,,,6,6,8,10,5,8,9,8,6,8,3,8,4,4,2,4,5,10,11,5,3,3,3,5,3,13,11,11,7,12,9,11,12,2,5,7,9,7,4,2,,,6,9,,,6,11,7,4,6,6,8,10,8,9,6,8,4,4,4,10,11,13,11,12,11,2,9,4,,6,,,b'\x11\xe8\xe1I\xc9\xba\t\xd0\xaf\x82\x12\xdf\x17\xaeN\x1e'
11E8E149-C9BA-09D0-AF82-12DF17AE4E1E,2020-ncaa-d1-natl,ncaa,133,109,257,128,283,223,238,232,238,194,145,261,264,271,214,274,71,37,253,39,67,191,139,257,244,257,190,260,30,132,144,256,294,218,242,290,287,275,262,302,41,45,102,88,,,289,277,,,170,158,38,183,178,208,157,154,88,252,255,42,21,20,98,46,99,204,148,276,300,28,87,,313,,,168,106,115,102,166,179,155,216,56,87,38,105,188,262,10,269,277,125,236,125,112,42,92,65,242,273,294,188,144,240,242,220,276,28,32,67,313,317,116,97,,,68,80,,,170,204,246,65,170,158,163,166,226,202,77,127,219,284,292,213,317,302,253,288,248,18,328,136,,32,,,b'\x11\xe8\xe1I\xc9\xba\t\xd0\xaf\x82\x12\xdf\x17\xaeN\x1e'
11E8E149-C9BA-09D0-AF82-12DF17AE4E1E,2021-ncaa-d0-natl,ncaa,249,276,191,271,217,257,270,252,307,272,242,310,214,204,255,159,187,181,234,180,73,243,207,303,292,317,87,153,46,252,288,272,312,273,326,266,163,298,327,323,153,134,205,190,,,282,333,,,324,191,123,332,314,323,318,317,274,240,216,175,145,146,301,202,278,325,332,297,327,122,205,,331,,,312,164,146,99,315,163,121,290,144,85,318,87,237,280,14,281,326,119,149,316,310,226,210,136,275,190,312,179,288,184,326,218,284,76,32,117,322,334,89,122,,,177,102,,,324,147,323,235,316,230,186,52,192,99,160,74,292,322,322,97,215,231,249,267,256,31,335,76,,119,,,b'\x11\xe8\xe1I\xc9\xba\t\xd0\xaf\x82\x12\xdf\x17\xaeN\x1e'
11E8E149-C9BA-09D0-AF82-12DF17AE4E1E,2021-ncaa-d1-conf-Southland,ncaa,12,12,7,12,11,10,10,9,12,9,9,11,9,4,10,5,10,11,7,11,13,9,10,12,12,12,6,6,10,8,11,10,10,11,12,10,5,9,10,10,8,9,8,5,,,10,12,,,12,8,6,13,12,12,9,11,10,9,5,11,13,13,9,9,10,12,13,10,10,9,6,,12,,,12,8,6,3,11,4,3,10,12,8,12,7,9,10,5,10,13,3,4,12,12,11,13,11,9,4,10,6,11,7,12,9,12,6,4,9,11,11,6,8,,,11,13,,,12,5,12,11,12,11,7,3,3,1,11,7,12,12,12,3,5,5,10,9,10,5,12,6,,12,,,b'\x11\xe8\xe1I\xc9\xba\t\xd0\xaf\x82\x12\xdf\x17\xaeN\x1e'
11E8E149-C9BA-09D0-AF82-12DF17AE4E1E,2021-ncaa-d1-natl,ncaa,258,275,206,277,229,270,281,262,310,282,254,314,222,211,255,157,196,192,230,192,70,252,224,307,297,319,83,153,45,265,293,278,313,281,327,279,166,290,329,327,168,140,215,194,,,273,333,,,325,215,129,332,318,327,324,324,277,241,217,176,149,151,304,203,287,326,332,302,328,128,207,,333,,,318,153,133,89,316,150,111,294,137,80,323,83,231,272,13,271,326,106,133,317,312,236,205,131,274,176,313,164,293,169,327,208,288,91,32,125,318,336,83,125,,,189,102,,,325,128,327,245,321,236,195,51,200,102,163,71,296,321,323,98,215,235,248,271,263,34,336,76,,119,,,b'\x11\xe8\xe1I\xc9\xba\t\xd0\xaf\x82\x12\xdf\x17\xaeN\x1e'
11E8E149-C9BA-09D0-AF82-12DF17AE4E1E,2022-ncaa-d0-natl,ncaa,326,245,353,323,354,355,355,353,346,355,349,344,313,306,306,155,321,316,275,317,130,354,352,344,336,345,113,164,70,332,282,356,313,356,337,349,176,104,335,336,222,71,333,304,,,117,345,,,324,354,90,161,334,345,275,335,249,250,188,210,173,182,268,144,243,326,322,307,328,56,292,,346,,,341,15,18,1,326,40,14,309,5,3,266,39,159,232,22,222,337,3,5,306,307,258,120,43,317,38,313,20,282,18,337,54,283,288,76,177,120,329,36,218,,,354,303,,,324,4,349,272,341,286,250,97,288,194,90,49,337,345,345,201,265,265,315,312,298,59,326,188,,284,,,b'\x11\xe8\xe1I\xc9\xba\t\xd0\xaf\x82\x12\xdf\x17\xaeN\x1e'
11E8E149-C9BA-09D0-AF82-12DF17AE4E1E,2022-ncaa-d1-conf-Southland,ncaa,7,7,4,7,4,5,5,4,7,6,5,7,3,3,3,3,8,8,7,8,7,4,4,6,8,7,3,3,7,7,7,8,5,7,8,5,4,3,4,5,4,2,6,6,,,7,8,,,7,4,4,5,7,6,3,7,5,3,2,8,8,8,6,4,7,8,7,4,4,2,6,,7,,,7,6,7,3,8,6,4,8,3,2,8,3,6,6,2,6,7,3,5,8,8,7,3,3,6,3,5,7,7,7,8,7,6,4,2,4,4,5,7,7,,,8,8,,,7,5,8,6,7,6,5,4,7,4,4,2,6,7,7,5,5,3,8,7,6,2,4,7,,8,,,b'\x11\xe8\xe1I\xc9\xba\t\xd0\xaf\x82\x12\xdf\x17\xaeN\x1e'
11E8E149-C9BA-09D0-AF82-12DF17AE4E1E,2022-ncaa-d1-natl,ncaa,327,245,354,320,354,353,354,354,347,354,350,344,313,306,310,154,312,307,266,308,99,353,353,346,338,345,95,160,52,335,276,355,321,355,340,349,180,110,333,337,226,76,337,311,,,137,347,,,329,355,95,163,332,348,281,342,255,247,185,187,149,153,260,145,228,330,324,318,327,65,301,,347,,,344,17,12,1,328,43,11,303,6,2,260,37,195,241,46,235,337,1,2,304,311,267,130,40,323,48,321,17,276,16,340,66,295,287,81,186,133,330,35,212,,,350,273,,,329,2,348,283,343,291,242,98,288,194,88,49,341,348,347,197,261,274,317,313,301,62,327,169,,258,,,b'\x11\xe8\xe1I\xc9\xba\t\xd0\xaf\x82\x12\xdf\x17\xaeN\x1e'
11E8E149-C9BA-09D0-AF82-12DF17AE4E1E,2023-ncaa-d0-natl,ncaa,300,284,290,304,294,279,284,233,303,255,195,296,269,249,278,228,203,179,230,179,159,232,180,306,293,319,189,229,87,68,35,322,340,222,205,237,135,315,323,298,96,61,209,174,,,274,332,,,263,252,108,27,240,250,107,216,104,241,203,139,124,125,106,37,22,308,119,193,342,51,176,,338,,,267,113,66,53,227,106,90,204,69,54,189,83,283,289,140,287,311,79,122,212,246,156,206,72,319,253,340,72,35,128,205,234,329,97,47,144,308,316,162,161,,,308,338,,,263,94,290,199,277,246,191,122,215,206,106,94,320,326,327,212,299,316,194,272,297,33,337,215,,268,,,b'\x11\xe8\xe1I\xc9\xba\t\xd0\xaf\x82\x12\xdf\x17\xaeN\x1e'
11E8E149-C9BA-09D0-AF82-12DF17AE4E1E,2023-ncaa-d1-conf-Southland,ncaa,7,7,5,7,5,6,5,4,8,5,3,7,6,6,7,7,4,4,4,4,6,5,3,8,8,10,6,7,4,1,2,9,9,6,5,5,7,9,9,8,5,5,5,5,,,9,10,,,6,4,3,2,5,5,1,4,2,7,6,4,4,4,1,1,1,9,5,5,9,3,5,,9,,,6,5,5,5,8,5,5,9,4,6,4,4,8,8,5,8,10,5,6,7,8,5,4,3,8,7,9,3,2,5,5,7,5,2,2,4,8,7,8,7,,,8,10,,,6,6,6,7,7,7,6,5,6,6,6,6,8,8,8,7,7,7,5,6,7,1,8,9,,8,,,b'\x11\xe8\xe1I\xc9\xba\t\xd0\xaf\x82\x12\xdf\x17\xaeN\x1e'
11E8E149-C9BA-09D0-AF82-12DF17AE4E1E,2023-ncaa-d1-natl,ncaa,312,284,342,312,342,312,319,297,318,288,234,310,282,270,281,229,222,198,230,199,157,288,244,312,300,327,187,230,85,83,39,345,342,272,221,275,142,305,326,309,124,73,226,179,,,255,332,,,286,304,116,23,251,265,119,232,116,246,208,137,126,126,113,40,24,313,136,211,344,61,181,,339,,,292,75,49,21,246,86,61,215,54,37,207,85,272,276,150,272,315,35,65,230,257,177,205,75,318,236,342,49,39,91,221,219,330,125,57,170,292,318,146,173,,,331,338,,,286,45,300,223,294,256,205,126,232,203,110,93,327,331,332,219,297,324,202,278,305,39,338,224,,270,,,b'\x11\xe8\xe1I\xc9\xba\t\xd0\xaf\x82\x12\xdf\x17\xaeN\x1e'
11E8E149-C9BA-09D0-AF82-12DF17AE4E1E,2024-ncaa-d0-natl,ncaa,246,251,196,258,201,216,244,139,343,181,48,353,316,312,294,333,53,68,102,68,166,124,118,350,333,312,240,322,13,126,231,167,273,151,295,294,313,244,187,306,83,94,223,231,,,214,144,,,271,115,36,43,221,262,60,175,19,318,315,29,34,38,51,32,108,131,107,318,260,67,213,,234,,,268,212,188,224,128,158,177,156,220,250,127,247,246,213,340,204,204,230,259,140,177,124,256,211,243,280,273,343,231,339,295,215,223,72,91,117,301,266,344,276,,,115,145,,,271,241,315,147,269,256,225,292,201,228,251,289,267,228,225,292,330,305,351,349,246,44,315,347,,61,,,b'\x11\xe8\xe1I\xc9\xba\t\xd0\xaf\x82\x12\xdf\x17\xaeN\x1e'
11E8E149-C9BA-09D0-AF82-12DF17AE4E1E,2024-ncaa-d1-conf-Southland,ncaa,6,5,6,6,7,6,6,5,9,5,2,9,8,8,7,9,2,3,4,3,6,5,3,10,9,8,8,9,2,4,4,6,9,6,6,7,9,8,6,7,2,2,5,4,,,7,5,,,6,3,2,3,4,6,2,4,1,9,9,1,2,2,1,1,4,5,5,7,9,2,5,,9,,,6,7,8,8,4,5,5,6,9,9,7,9,6,5,9,5,6,9,8,7,7,4,9,10,6,8,9,8,4,9,6,7,8,2,3,5,10,7,8,8,,,4,7,,,6,8,7,5,7,8,7,8,7,6,9,10,7,6,6,8,9,9,9,9,7,1,9,9,,2,,,b'\x11\xe8\xe1I\xc9\xba\t\xd0\xaf\x82\x12\xdf\x17\xaeN\x1e'
11E8E149-C9BA-09D0-AF82-12DF17AE4E1E,2024-ncaa-d1-natl,ncaa,266,253,254,268,264,264,295,177,350,227,62,358,332,330,302,335,69,82,101,85,165,157,152,355,345,327,236,326,9,162,246,217,282,198,311,325,320,210,193,317,102,104,241,240,,,178,149,,,291,153,39,44,243,285,68,193,22,324,321,32,36,40,55,37,119,141,122,329,269,73,220,,242,,,292,188,161,186,144,136,143,180,204,236,143,243,232,189,344,184,211,192,224,156,189,142,255,212,246,271,282,336,246,326,311,204,229,94,104,140,287,268,342,287,,,141,145,,,291,202,328,172,290,266,241,296,218,232,258,293,281,232,232,296,332,311,353,352,263,53,319,349,,60,,,b'\x11\xe8\xe1I\xc9\xba\t\xd0\xaf\x82\x12\xdf\x17\xaeN\x1e'
11E8E149-C9BA-09D0-AF82-12DF17AE4E1E,2025-ncaa-d0-natl,genius_ncaa,332,332,248,337,270,266,276,165,352,238,101,353,299,275,320,297,148,129,235,127,184,162,139,352,344,333,233,290,49,102,178,218,271,172,279,263,195,283,240,291,133,131,326,337,,,282,283,,204,322,155,19,176,258,268,65,211,47,295,265,95,80,74,60,23,54,146,79,245,321,96,322,,337,,256,320,236,236,188,280,233,201,254,231,175,294,153,208,275,11,274,258,205,224,281,259,221,190,193,179,245,271,312,178,303,279,241,234,115,124,181,309,286,318,274,,,145,168,,55,322,214,327,233,315,322,314,300,301,284,283,233,264,306,308,324,346,294,355,351,306,69,334,338,,66,,38,b'\x11\xe8\xe1I\xc9\xba\t\xd0\xaf\x82\x12\xdf\x17\xaeN\x1e'
11E8E149-C9BA-09D0-AF82-12DF17AE4E1E,2025-ncaa-d1-conf-Southland,genius_ncaa,9,9,9,9,9,7,7,4,9,5,3,9,8,7,11,8,4,3,7,3,6,4,3,11,10,9,8,8,1,2,4,11,8,6,8,8,4,5,3,6,6,7,10,11,,,11,10,,3,9,4,1,2,5,4,1,3,2,8,6,2,2,2,1,1,1,6,3,5,8,6,10,,12,,5,9,11,11,6,12,10,6,11,8,3,11,4,11,11,3,11,10,6,9,12,12,12,8,3,10,6,8,11,4,9,8,11,7,6,6,7,10,10,9,7,,,6,8,,3,9,9,8,9,9,12,12,9,11,9,9,4,11,12,12,9,12,7,11,10,11,3,11,10,,1,,3,b'\x11\xe8\xe1I\xc9\xba\t\xd0\xaf\x82\x12\xdf\x17\xaeN\x1e'
11E8E149-C9BA-09D0-AF82-12DF17AE4E1E,2025-ncaa-d1-natl,genius_ncaa,341,332,304,341,319,306,311,208,354,266,129,355,310,286,323,296,177,154,236,152,185,204,178,356,348,338,226,291,42,133,190,255,282,213,291,292,201,252,249,301,153,143,332,337,,,263,285,,191,325,198,20,169,271,287,71,228,49,300,267,98,85,82,62,27,57,150,89,264,322,106,323,,338,,260,327,211,212,153,291,206,165,265,216,151,304,152,197,259,12,257,260,169,191,290,276,236,185,193,178,224,282,294,190,287,291,230,237,141,133,193,291,296,311,284,,,177,161,,59,325,171,336,249,322,326,322,304,312,290,286,234,267,308,309,329,345,300,356,354,317,79,333,341,,65,,37,b'\x11\xe8\xe1I\xc9\xba\t\xd0\xaf\x82\x12\xdf\x17\xaeN\x1e'
11E8E149-C9BA-09D0-AF82-12DF17AE4E1E,2026-ncaa-d0-natl,genius_ncaa,332,295,279,332,290,303,297,274,321,306,256,337,229,250,151,180,295,266,328,263,202,276,260,306,315,318,108,97,196,264,292,342,356,331,354,312,283,187,289,320,217,182,344,344,,,170,263,,118,353,265,10,94,242,244,93,264,129,142,148,242,165,166,100,27,197,354,344,284,323,112,338,,331,,201,355,283,298,119,362,267,87,362,306,222,342,307,146,131,255,131,222,118,115,362,362,358,183,276,61,239,356,188,292,211,354,354,361,220,171,347,236,306,282,324,,,281,257,,286,353,98,320,358,351,361,361,348,353,251,361,349,265,257,256,346,355,341,357,357,363,80,329,338,,171,,248,b'\x11\xe8\xe1I\xc9\xba\t\xd0\xaf\x82\x12\xdf\x17\xaeN\x1e'
11E8E149-C9BA-09D0-AF82-12DF17AE4E1E,2026-ncaa-d1-conf-Southland,genius_ncaa,5,4,2,5,3,6,5,4,5,4,2,4,4,6,4,5,5,6,2,5,7,4,2,5,5,6,5,4,5,5,3,6,2,6,5,2,2,5,4,3,1,1,7,7,,,4,6,,1,7,2,1,2,5,4,3,3,1,4,5,5,5,4,3,1,4,6,6,2,6,1,7,,4,,1,7,6,6,3,7,3,1,7,7,6,6,7,2,2,3,2,5,2,2,7,7,7,7,7,2,2,2,4,3,3,5,7,7,1,1,7,3,4,3,3,,,7,7,,5,7,5,6,6,7,7,7,3,3,1,7,7,2,2,2,2,2,2,5,3,7,1,4,3,,6,,5,b'\x11\xe8\xe1I\xc9\xba\t\xd0\xaf\x82\x12\xdf\x17\xaeN\x1e'
11E8E149-C9BA-09D0-AF82-12DF17AE4E1E,2026-ncaa-d1-natl,genius_ncaa,354,327,271,354,284,317,301,261,332,305,232,333,257,253,246,193,328,299,341,295,285,271,255,323,337,336,175,137,246,253,283,355,361,346,360,317,280,211,283,320,196,178,344,347,,,243,310,,152,356,252,17,97,264,244,72,249,99,196,155,292,225,219,90,28,163,359,347,292,328,110,338,,349,,233,359,318,325,130,362,315,107,362,298,204,345,231,265,244,270,238,286,135,130,362,361,359,176,200,145,278,361,240,283,268,360,358,360,211,191,346,253,308,298,319,,,296,284,,284,356,102,335,361,359,362,363,335,357,268,353,317,334,329,329,348,353,349,358,360,363,99,334,339,,196,,256,b'\x11\xe8\xe1I\xc9\xba\t\xd0\xaf\x82\x12\xdf\x17\xaeN\x1e'
11E8E149-C9BD-F0D6-AF82-12DF17AE4E1E,2010-ncaa-d0-natl,ncaa,197,224,122,217,140,221,185,153,208,194,169,230,148,153,143,139,318,333,85,334,343,209,227,207,226,199,212,108,325,273,310,266,324,286,334,130,72,79,121,78,121,109,262,280,,,114,108,,,248,203,267,124,256,207,168,217,189,155,156,326,335,337,255,293,301,316,324,125,69,120,270,,102,,,244,184,231,184,245,219,211,213,201,152,291,164,74,68,188,73,62,161,173,249,221,181,118,207,57,275,324,263,310,287,334,282,274,128,120,231,185,223,214,219,,,318,326,,,248,154,228,231,242,169,223,162,209,191,201,138,70,64,74,124,160,274,260,277,271,132,173,212,,337,,,b'\x11\xe8\xe1I\xc9\xbd\xf0\xd6\xaf\x82\x12\xdf\x17\xaeN\x1e'
11E8E149-C9BD-F0D6-AF82-12DF17AE4E1E,2010-ncaa-d1-conf-MAAC,ncaa,4,5,3,5,6,6,4,4,6,4,4,5,6,8,8,7,10,10,6,10,10,5,6,6,7,6,8,8,10,7,8,9,9,9,10,3,2,4,4,2,2,4,5,6,,,7,5,,,8,6,5,6,7,5,4,3,4,8,7,10,10,10,7,6,7,9,9,3,3,3,5,,7,,,8,8,8,6,8,7,7,7,4,5,8,4,5,6,6,6,6,5,7,8,9,6,4,4,3,10,9,9,8,10,10,9,8,2,4,6,7,7,5,5,,,10,10,,,8,5,6,8,8,8,8,5,8,6,5,4,5,5,6,6,8,9,7,10,8,3,7,4,,10,,,b'\x11\xe8\xe1I\xc9\xbd\xf0\xd6\xaf\x82\x12\xdf\x17\xaeN\x1e'
11E8E149-C9BD-F0D6-AF82-12DF17AE4E1E,2010-ncaa-d1-natl,ncaa,206,223,134,223,155,237,196,169,213,202,179,235,156,159,145,139,321,337,85,338,343,221,250,209,233,200,212,107,326,288,312,288,326,307,334,133,76,66,121,81,131,117,265,282,,,99,108,,,253,227,267,125,265,215,172,223,190,157,156,328,337,339,255,296,301,316,326,129,68,125,272,,102,,,251,169,223,171,253,213,197,221,195,139,295,161,69,60,192,62,65,142,153,255,225,185,117,206,57,272,326,254,312,275,334,279,275,146,125,235,170,225,207,223,,,329,325,,,253,128,229,241,250,169,229,163,214,193,203,138,72,64,73,126,159,276,262,281,276,139,173,214,,337,,,b'\x11\xe8\xe1I\xc9\xbd\xf0\xd6\xaf\x82\x12\xdf\x17\xaeN\x1e'
11E8E149-C9BD-F0D6-AF82-12DF17AE4E1E,2011-ncaa-d0-natl,ncaa,340,343,170,342,179,330,328,310,333,298,201,334,335,333,329,324,233,171,300,172,151,304,252,337,337,340,261,320,23,254,263,272,323,281,313,319,210,324,333,332,166,161,233,231,,,261,291,,,340,246,259,51,340,341,334,306,190,337,334,229,159,159,324,263,257,281,299,329,322,163,242,,284,,,339,235,171,149,217,114,119,161,261,196,316,204,285,279,243,277,285,178,148,243,274,287,308,245,261,283,323,162,263,232,313,291,315,238,243,300,297,322,317,327,,,205,141,,,340,102,341,315,338,264,195,174,148,138,282,223,293,281,282,226,191,299,205,266,299,234,301,324,,189,,,b'\x11\xe8\xe1I\xc9\xbd\xf0\xd6\xaf\x82\x12\xdf\x17\xaeN\x1e'
11E8E149-C9BD-F0D6-AF82-12DF17AE4E1E,2011-ncaa-d1-conf-MAAC,ncaa,10,10,7,10,9,10,10,10,9,7,4,9,10,10,10,10,9,8,9,6,6,10,8,10,10,10,10,10,2,9,8,9,10,9,10,10,7,9,10,10,6,8,6,6,,,7,7,,,10,8,6,3,10,10,10,7,2,10,10,9,4,3,10,5,8,9,9,10,9,6,4,,7,,,10,9,7,7,8,6,5,7,8,7,9,7,10,7,10,8,8,8,5,8,9,9,9,7,7,10,10,4,8,7,10,10,9,8,8,9,9,10,9,9,,,9,10,,,10,4,10,10,10,9,9,8,6,6,8,9,10,7,8,9,8,10,6,9,10,7,9,9,,8,,,b'\x11\xe8\xe1I\xc9\xbd\xf0\xd6\xaf\x82\x12\xdf\x17\xaeN\x1e'
11E8E149-C9BD-F0D6-AF82-12DF17AE4E1E,2011-ncaa-d1-natl,ncaa,341,343,199,343,211,337,337,328,335,307,221,337,336,334,332,323,248,187,299,186,151,318,284,340,340,341,258,320,24,271,264,289,326,300,316,330,212,317,335,334,189,168,242,235,,,242,293,,,340,274,261,49,341,342,337,310,193,337,334,232,164,164,326,265,258,284,301,332,322,168,245,,285,,,339,220,155,122,224,103,100,166,254,182,318,202,273,265,245,262,286,150,113,247,281,293,307,243,260,273,326,141,264,216,316,287,316,262,248,306,290,325,312,330,,,229,141,,,340,73,341,319,339,269,201,179,151,144,284,224,296,283,283,228,188,301,207,270,303,237,303,326,,191,,,b'\x11\xe8\xe1I\xc9\xbd\xf0\xd6\xaf\x82\x12\xdf\x17\xaeN\x1e'
11E8E149-C9BD-F0D6-AF82-12DF17AE4E1E,2012-ncaa-d0-natl,ncaa,198,248,81,228,84,215,209,195,210,216,176,286,133,204,18,178,277,303,114,296,304,217,182,187,208,255,130,91,268,251,270,239,169,255,250,183,128,282,294,257,109,101,210,210,,,228,262,,,261,151,272,70,288,274,288,281,229,154,237,308,318,318,312,289,292,303,322,231,240,133,237,,182,,,250,201,144,102,221,150,109,229,144,135,190,152,313,288,332,287,302,137,169,213,273,225,254,118,314,108,169,188,270,155,250,156,177,112,86,115,313,312,68,69,,,271,291,,,261,190,275,208,254,148,103,32,107,41,120,94,292,252,255,52,68,57,127,89,115,137,286,48,,316,,,b'\x11\xe8\xe1I\xc9\xbd\xf0\xd6\xaf\x82\x12\xdf\x17\xaeN\x1e'
11E8E149-C9BD-F0D6-AF82-12DF17AE4E1E,2012-ncaa-d1-conf-MAAC,ncaa,3,4,3,4,3,3,3,4,3,3,3,8,6,8,1,8,8,7,7,7,8,5,4,5,4,6,8,6,7,5,5,5,4,6,6,5,6,7,7,6,4,4,7,8,,,9,8,,,5,4,5,1,3,3,6,3,3,6,8,8,7,7,6,4,5,8,6,5,6,4,9,,9,,,5,6,4,4,4,7,4,7,2,6,1,5,10,9,9,9,10,6,7,3,5,4,6,1,10,5,4,6,5,5,6,4,6,3,3,4,9,8,5,1,,,7,7,,,5,7,5,5,5,6,4,4,6,2,2,5,10,9,9,5,6,4,5,4,3,2,9,5,,7,,,b'\x11\xe8\xe1I\xc9\xbd\xf0\xd6\xaf\x82\x12\xdf\x17\xaeN\x1e'
11E8E149-C9BD-F0D6-AF82-12DF17AE4E1E,2012-ncaa-d1-natl,ncaa,208,247,90,236,94,239,229,224,218,249,200,288,139,215,16,177,289,309,111,305,306,246,223,195,212,257,126,91,267,267,275,266,172,282,258,207,130,274,297,262,125,107,223,214,,,215,263,,,265,186,277,68,293,285,292,289,235,155,236,310,320,319,315,291,293,305,323,237,242,143,237,,185,,,259,186,126,75,224,139,85,232,133,119,193,144,311,282,331,282,303,112,136,215,278,231,253,122,314,92,172,166,275,135,258,142,175,125,92,122,306,315,60,71,,,288,288,,,265,157,281,215,263,158,105,34,111,41,121,94,295,253,257,52,67,61,132,92,119,147,287,46,,317,,,b'\x11\xe8\xe1I\xc9\xbd\xf0\xd6\xaf\x82\x12\xdf\x17\xaeN\x1e'
11E8E149-C9BD-F0D6-AF82-12DF17AE4E1E,2013-ncaa-d0-natl,ncaa,164,166,120,172,129,218,210,185,240,182,125,264,235,250,154,247,183,222,86,222,273,197,178,253,240,253,221,222,137,170,163,193,189,191,181,124,33,223,235,153,229,246,154,142,,,192,212,,,210,179,228,64,257,250,221,201,132,247,261,203,239,240,232,220,185,226,214,112,212,242,170,,183,,,208,150,63,125,70,72,144,53,146,137,199,136,318,299,336,300,301,165,168,73,153,148,302,154,334,178,189,151,163,167,181,91,165,169,147,106,261,259,65,48,,,181,185,,,210,165,248,148,209,135,61,82,64,113,146,129,312,286,286,129,137,158,149,145,91,171,243,59,,208,,,b'\x11\xe8\xe1I\xc9\xbd\xf0\xd6\xaf\x82\x12\xdf\x17\xaeN\x1e'
11E8E149-C9BD-F0D6-AF82-12DF17AE4E1E,2013-ncaa-d1-conf-MAAC,ncaa,4,5,3,5,3,6,3,6,5,3,1,6,10,10,4,10,6,6,4,6,9,7,6,5,8,8,10,10,5,4,3,4,7,5,5,3,3,7,8,5,8,8,2,3,,,5,6,,,7,6,6,2,8,5,5,2,1,10,10,6,7,7,7,6,5,7,5,4,8,8,3,,6,,,7,5,3,7,2,5,8,2,4,4,3,4,10,10,10,9,6,8,8,2,3,3,6,4,10,7,7,4,3,5,5,3,3,7,6,2,10,10,4,1,,,5,5,,,7,7,7,3,7,4,3,6,5,8,5,4,10,8,8,6,6,7,4,4,3,6,10,2,,4,,,b'\x11\xe8\xe1I\xc9\xbd\xf0\xd6\xaf\x82\x12\xdf\x17\xaeN\x1e'
11E8E149-C9BD-F0D6-AF82-12DF17AE4E1E,2013-ncaa-d1-natl,ncaa,171,165,136,177,148,237,234,208,246,201,139,273,244,258,155,249,195,235,89,235,268,217,205,258,245,257,216,220,132,191,171,212,193,214,185,133,33,214,239,161,246,256,166,147,,,177,215,,,216,204,233,62,257,256,223,203,137,250,262,203,237,239,236,223,189,230,222,116,215,249,171,,186,,,214,131,48,94,71,60,118,55,139,127,200,134,315,293,336,293,302,140,141,78,156,158,302,154,332,162,193,137,171,147,185,82,165,182,154,110,245,262,57,52,,,205,181,,,216,140,253,156,215,137,65,83,67,114,145,129,313,288,289,130,135,158,152,150,96,178,242,63,,207,,,b'\x11\xe8\xe1I\xc9\xbd\xf0\xd6\xaf\x82\x12\xdf\x17\xaeN\x1e'
11E8E149-C9BD-F0D6-AF82-12DF17AE4E1E,2014-ncaa-d0-natl,ncaa,258,263,180,267,219,221,234,267,158,231,219,237,167,232,34,190,212,243,96,245,224,266,227,139,131,213,130,132,180,278,258,153,182,221,196,141,65,287,314,223,226,231,132,90,,,158,173,,,263,197,126,191,216,226,261,228,212,148,208,217,234,242,275,211,272,94,198,109,298,218,123,,194,,,263,199,123,187,88,27,50,92,331,327,245,339,260,206,323,203,295,201,174,155,195,228,346,338,257,198,182,120,258,155,196,286,341,232,253,298,190,237,107,148,,,210,162,,,263,162,248,241,252,257,161,254,33,37,341,342,277,240,237,270,235,224,167,195,307,222,219,117,,193,,,b'\x11\xe8\xe1I\xc9\xbd\xf0\xd6\xaf\x82\x12\xdf\x17\xaeN\x1e'
11E8E149-C9BD-F0D6-AF82-12DF17AE4E1E,2014-ncaa-d1-conf-MAAC,ncaa,7,7,7,7,8,6,6,7,4,5,5,7,7,10,2,10,6,6,6,6,6,7,6,4,4,7,8,8,4,5,5,3,7,5,4,4,6,10,9,7,8,8,4,3,,,7,6,,,6,6,2,2,4,4,5,2,2,5,10,6,5,5,4,4,5,1,3,4,11,7,3,,8,,,6,6,5,8,2,2,6,2,11,11,7,11,8,7,10,7,9,9,7,3,4,7,11,10,8,8,7,6,5,4,4,9,9,9,9,10,6,7,5,5,,,5,3,,,6,6,6,6,6,10,8,10,3,6,11,11,10,9,9,11,11,9,7,8,9,8,6,5,,2,,,b'\x11\xe8\xe1I\xc9\xbd\xf0\xd6\xaf\x82\x12\xdf\x17\xaeN\x1e'
11E8E149-C9BD-F0D6-AF82-12DF17AE4E1E,2014-ncaa-d1-natl,ncaa,270,262,211,273,262,242,252,289,161,250,238,243,170,241,33,191,233,258,100,260,222,288,260,147,137,218,129,132,179,289,264,185,189,243,208,159,68,274,317,228,234,233,140,92,,,144,173,,,269,228,128,184,221,234,264,231,215,150,210,218,238,245,277,216,275,99,203,112,301,220,126,,196,,,271,182,105,167,93,20,29,95,328,325,250,340,249,193,329,191,295,177,140,161,205,238,346,337,255,179,189,98,264,137,208,279,342,252,254,302,180,234,102,149,,,235,163,,,269,127,254,256,261,258,168,257,35,39,341,342,281,242,240,272,232,232,169,199,311,229,220,120,,198,,,b'\x11\xe8\xe1I\xc9\xbd\xf0\xd6\xaf\x82\x12\xdf\x17\xaeN\x1e'
11E8E149-C9BD-F0D6-AF82-12DF17AE4E1E,2015-ncaa-d0-natl,ncaa,188,209,113,207,118,169,133,146,142,158,131,223,135,192,21,191,289,289,213,283,317,175,167,135,170,184,194,122,320,101,75,59,46,74,32,62,28,187,196,82,244,250,181,147,,,142,166,,,168,204,298,34,201,156,166,169,149,137,204,311,309,305,215,225,113,47,53,49,173,271,199,,117,,,168,141,81,178,26,16,64,21,325,325,258,333,238,210,327,208,271,188,132,88,114,200,349,338,259,108,46,94,75,85,32,269,346,293,300,315,103,115,149,130,,,263,293,,,168,142,141,189,168,133,62,145,12,28,325,325,233,188,186,151,61,77,73,60,249,314,105,137,,306,,,b'\x11\xe8\xe1I\xc9\xbd\xf0\xd6\xaf\x82\x12\xdf\x17\xaeN\x1e'
11E8E149-C9BD-F0D6-AF82-12DF17AE4E1E,2015-ncaa-d1-conf-MAAC,ncaa,6,6,3,6,4,5,4,4,6,3,1,7,6,5,3,7,6,6,9,4,7,4,3,5,5,6,6,6,8,4,2,3,2,3,2,4,4,10,10,5,7,9,6,6,,,8,7,,,5,4,9,2,6,3,5,4,2,6,7,6,6,5,5,4,4,3,3,4,10,8,6,,5,,,5,6,3,6,2,2,5,2,9,9,6,9,8,8,10,8,11,6,7,3,5,7,10,9,10,3,2,3,2,2,2,7,9,9,9,9,8,7,4,4,,,5,8,,,5,8,6,5,5,6,2,6,2,5,9,9,9,8,8,6,6,3,2,2,8,9,8,4,,6,,,b'\x11\xe8\xe1I\xc9\xbd\xf0\xd6\xaf\x82\x12\xdf\x17\xaeN\x1e'
11E8E149-C9BD-F0D6-AF82-12DF17AE4E1E,2015-ncaa-d1-natl,ncaa,206,207,143,217,148,200,164,182,150,181,155,228,141,203,23,190,303,302,217,299,320,214,215,139,174,187,192,119,320,121,81,79,45,90,36,73,27,159,199,85,270,255,198,150,,,109,168,,,184,245,299,32,210,163,177,179,155,138,205,314,311,309,227,229,121,47,60,58,172,276,204,,120,,,184,108,57,149,28,7,41,22,320,318,264,334,226,190,329,192,269,152,84,98,122,210,349,337,260,84,45,69,81,55,36,259,346,310,305,319,92,115,140,133,,,290,293,,,184,103,151,206,185,140,67,149,14,29,325,326,237,189,187,155,59,80,75,64,255,315,108,140,,305,,,b'\x11\xe8\xe1I\xc9\xbd\xf0\xd6\xaf\x82\x12\xdf\x17\xaeN\x1e'
11E8E149-C9BD-F0D6-AF82-12DF17AE4E1E,2016-ncaa-d0-natl,ncaa,280,307,114,295,142,264,226,245,207,195,178,219,268,275,243,245,285,273,269,278,283,257,237,246,256,270,283,241,244,185,161,241,246,226,197,112,20,262,287,160,245,247,268,265,,,69,92,,,307,247,316,139,310,278,305,219,202,284,284,299,286,289,315,303,209,292,283,99,242,272,277,,53,,,300,224,255,181,281,187,156,233,301,210,342,239,58,57,186,61,71,152,106,301,289,302,214,306,37,192,246,113,161,130,197,306,303,270,261,329,326,335,244,247,,,241,229,,,307,97,270,307,307,209,234,147,185,129,294,206,52,50,51,104,43,167,86,101,300,297,315,236,,290,,,b'\x11\xe8\xe1I\xc9\xbd\xf0\xd6\xaf\x82\x12\xdf\x17\xaeN\x1e'
11E8E149-C9BD-F0D6-AF82-12DF17AE4E1E,2016-ncaa-d1-conf-MAAC,ncaa,9,9,3,9,4,9,8,9,7,6,8,7,9,10,7,9,8,6,10,8,7,9,7,7,7,8,10,8,6,7,5,8,8,7,3,4,2,11,11,8,8,8,9,11,,,3,2,,,10,8,10,5,10,8,11,5,7,9,10,7,6,7,11,8,7,8,9,5,11,9,11,,2,,,10,10,11,9,11,11,9,10,10,8,10,6,3,3,10,3,2,9,4,11,10,11,5,9,3,7,8,1,5,2,3,11,8,9,9,11,11,10,9,8,,,8,6,,,10,4,8,11,10,9,11,8,11,9,10,7,4,3,3,6,3,7,1,2,11,10,10,9,,7,,,b'\x11\xe8\xe1I\xc9\xbd\xf0\xd6\xaf\x82\x12\xdf\x17\xaeN\x1e'
11E8E149-C9BD-F0D6-AF82-12DF17AE4E1E,2016-ncaa-d1-natl,ncaa,293,305,142,300,172,293,265,283,219,222,212,230,281,283,250,243,299,283,268,285,278,293,278,253,262,279,282,239,241,212,170,273,253,265,211,134,20,235,293,165,270,257,273,269,,,54,97,,,308,286,317,134,315,287,313,222,210,284,283,300,288,290,319,308,213,296,291,110,242,277,277,,56,,,307,203,238,148,289,168,121,239,289,192,343,235,47,50,199,53,74,121,67,311,300,308,208,302,38,162,253,79,170,93,211,300,304,295,271,330,319,339,237,256,,,267,225,,,308,59,276,316,315,218,243,149,188,130,294,204,54,51,53,110,45,173,90,105,305,303,313,240,,293,,,b'\x11\xe8\xe1I\xc9\xbd\xf0\xd6\xaf\x82\x12\xdf\x17\xaeN\x1e'
11E8E149-C9BD-F0D6-AF82-12DF17AE4E1E,2017-ncaa-d0-natl,ncaa,284,300,168,296,199,237,233,274,147,239,261,177,180,212,85,155,256,298,50,297,259,284,285,129,128,166,149,127,226,293,270,278,265,306,269,159,60,151,241,151,298,302,336,334,,,180,249,,,288,270,301,193,255,247,304,245,271,169,203,260,301,301,319,316,301,299,322,140,177,307,336,,198,,,284,218,225,149,297,168,89,299,288,245,301,296,121,132,127,141,193,143,84,316,306,322,254,292,105,170,265,82,270,100,269,321,334,292,279,336,224,284,210,264,,,312,283,,,288,82,196,323,288,250,255,162,195,74,300,281,123,138,145,154,67,191,105,133,327,302,248,221,,325,,,b'\x11\xe8\xe1I\xc9\xbd\xf0\xd6\xaf\x82\x12\xdf\x17\xaeN\x1e'
11E8E149-C9BD-F0D6-AF82-12DF17AE4E1E,2017-ncaa-d1-conf-MAAC,ncaa,9,9,8,9,9,9,9,8,5,7,7,8,6,8,3,6,7,9,2,9,8,8,9,6,5,7,6,5,8,6,6,8,8,9,7,8,6,4,7,5,8,7,11,11,,,8,11,,,9,9,6,4,6,6,6,6,7,6,7,6,9,9,7,6,6,8,8,6,6,7,11,,9,,,9,7,5,2,8,4,3,8,7,8,7,8,6,6,3,6,9,3,2,7,8,8,9,8,5,3,8,2,6,2,7,10,11,7,6,9,9,10,8,9,,,10,9,,,9,3,6,8,9,7,6,5,6,4,8,8,7,8,8,7,6,7,4,4,10,6,9,10,,10,,,b'\x11\xe8\xe1I\xc9\xbd\xf0\xd6\xaf\x82\x12\xdf\x17\xaeN\x1e'
11E8E149-C9BD-F0D6-AF82-12DF17AE4E1E,2017-ncaa-d1-natl,ncaa,300,299,217,303,266,278,272,313,154,268,291,191,187,225,89,155,279,313,51,312,261,319,327,139,133,177,143,128,220,312,275,312,269,330,279,183,61,130,247,158,318,305,337,335,,,154,252,,,296,319,304,178,268,255,310,255,277,170,204,261,305,304,321,319,304,305,327,156,180,313,337,,202,,,297,191,195,101,308,140,59,309,282,233,305,294,108,110,129,117,194,91,33,327,317,327,247,292,101,141,269,54,275,75,279,317,333,313,284,337,201,288,201,267,,,331,284,,,296,34,206,328,297,257,268,163,201,76,300,280,130,139,144,159,65,193,109,139,328,308,249,225,,326,,,b'\x11\xe8\xe1I\xc9\xbd\xf0\xd6\xaf\x82\x12\xdf\x17\xaeN\x1e'
11E8E149-C9BD-F0D6-AF82-12DF17AE4E1E,2018-ncaa-d0-natl,ncaa,208,224,117,219,132,136,148,149,164,98,64,220,275,304,163,316,60,107,28,103,208,141,123,212,163,174,264,308,49,176,194,208,220,195,219,118,100,233,204,153,84,82,342,345,,,138,100,,,207,108,100,138,152,163,165,92,52,294,308,56,120,117,137,117,192,249,235,119,221,78,347,,127,,,207,254,264,209,288,240,159,292,280,261,258,285,87,69,271,72,88,180,229,303,279,205,174,260,57,182,220,194,194,190,219,333,345,63,72,224,259,233,305,234,,,113,140,,,207,237,190,194,206,218,250,186,219,129,274,254,77,58,57,139,229,162,177,177,336,60,248,301,,121,,,b'\x11\xe8\xe1I\xc9\xbd\xf0\xd6\xaf\x82\x12\xdf\x17\xaeN\x1e'
11E8E149-C9BD-F0D6-AF82-12DF17AE4E1E,2018-ncaa-d1-conf-MAAC,ncaa,5,6,3,6,7,3,3,2,3,2,1,4,8,10,5,11,4,3,3,3,6,2,2,6,4,4,10,11,4,2,5,5,10,4,6,4,8,7,5,5,3,4,11,11,,,5,2,,,6,3,1,6,3,3,2,1,1,8,11,4,3,3,2,2,2,7,4,4,7,3,11,,3,,,6,11,10,9,10,9,7,10,11,11,8,10,3,1,9,1,4,9,11,10,10,8,7,11,2,11,10,6,5,11,6,11,11,2,3,9,6,5,11,10,,,5,5,,,6,10,4,8,6,11,10,9,9,6,11,10,5,1,1,9,11,10,6,10,11,2,7,11,,5,,,b'\x11\xe8\xe1I\xc9\xbd\xf0\xd6\xaf\x82\x12\xdf\x17\xaeN\x1e'
11E8E149-C9BD-F0D6-AF82-12DF17AE4E1E,2018-ncaa-d1-natl,ncaa,218,223,144,222,166,167,179,183,172,120,75,230,290,314,165,314,73,137,28,136,208,175,162,224,172,187,263,305,45,212,198,245,225,236,227,137,102,213,210,160,98,94,345,345,,,114,102,,,218,137,103,128,160,170,172,97,54,295,311,57,121,119,149,126,199,259,247,127,221,87,347,,127,,,218,228,256,179,297,217,127,300,271,239,268,283,70,51,276,54,87,137,198,314,295,219,170,256,56,157,225,165,198,154,227,332,345,83,76,232,241,234,301,239,,,147,139,,,218,206,201,210,216,231,261,189,230,134,275,253,83,60,63,142,226,169,181,180,339,65,251,306,,125,,,b'\x11\xe8\xe1I\xc9\xbd\xf0\xd6\xaf\x82\x12\xdf\x17\xaeN\x1e'
11E8E149-C9BD-F0D6-AF82-12DF17AE4E1E,2019-ncaa-d0-natl,ncaa,220,245,114,236,148,203,193,130,265,176,129,269,186,166,252,191,215,182,284,168,200,137,90,265,276,285,207,190,204,133,178,275,278,215,270,214,233,330,293,295,104,130,345,347,,,232,154,,,296,90,61,193,242,226,141,203,131,207,181,236,191,184,148,70,132,321,265,244,315,106,345,,219,,,284,290,304,225,318,303,171,339,243,269,141,268,153,91,342,95,105,209,266,318,321,254,100,182,82,221,278,263,178,257,270,328,303,37,49,193,196,127,272,236,,,162,233,,,296,265,282,240,279,280,298,214,296,146,241,271,143,87,92,169,279,195,252,242,324,42,175,255,,166,,,b'\x11\xe8\xe1I\xc9\xbd\xf0\xd6\xaf\x82\x12\xdf\x17\xaeN\x1e'
11E8E149-C9BD-F0D6-AF82-12DF17AE4E1E,2019-ncaa-d1-conf-MAAC,ncaa,7,7,8,7,9,4,4,5,5,3,4,4,7,6,6,7,7,5,8,4,7,5,5,5,5,4,9,8,7,4,7,10,9,8,9,5,8,7,7,5,4,5,11,11,,,4,3,,,7,4,1,2,3,3,2,2,4,7,6,7,4,4,2,2,4,8,7,5,7,4,11,,7,,,7,10,10,7,10,10,7,11,6,9,7,9,4,2,11,2,3,7,7,10,10,9,3,4,2,7,9,5,7,7,9,10,9,2,2,8,2,2,9,7,,,6,6,,,7,8,5,9,7,10,10,8,10,8,8,9,6,3,4,7,10,7,9,9,10,2,3,10,,4,,,b'\x11\xe8\xe1I\xc9\xbd\xf0\xd6\xaf\x82\x12\xdf\x17\xaeN\x1e'
11E8E149-C9BD-F0D6-AF82-12DF17AE4E1E,2019-ncaa-d1-natl,ncaa,232,245,155,244,193,243,237,175,277,220,162,279,205,186,255,191,238,218,284,210,205,186,132,273,288,291,202,189,202,162,187,307,291,262,281,247,239,317,303,305,130,142,346,347,,,194,162,,,306,132,65,180,255,237,151,224,138,210,183,240,198,192,163,77,140,325,277,259,315,115,346,,222,,,302,272,296,192,325,294,141,341,228,257,153,269,131,75,345,77,105,165,218,327,327,269,98,181,83,194,291,231,187,218,281,322,303,61,60,201,173,137,256,245,,,200,231,,,306,224,289,258,296,288,308,216,302,153,242,272,150,92,95,178,276,204,257,246,329,46,178,262,,170,,,b'\x11\xe8\xe1I\xc9\xbd\xf0\xd6\xaf\x82\x12\xdf\x17\xaeN\x1e'
11E8E149-C9BD-F0D6-AF82-12DF17AE4E1E,2020-ncaa-d0-natl,ncaa,259,289,33,278,53,116,126,27,277,142,65,284,124,100,205,165,120,86,249,88,170,27,11,269,269,263,139,150,160,46,137,271,328,158,301,211,289,307,219,283,35,78,324,338,,,155,38,,,297,13,43,138,178,185,55,196,105,152,130,164,128,128,58,31,65,325,242,262,280,47,334,,106,,,294,344,349,311,343,347,311,342,275,243,292,172,134,102,270,108,52,303,337,343,340,301,37,137,24,317,328,332,137,338,301,350,337,22,73,280,245,131,276,206,,,63,220,,,297,337,253,302,292,325,341,284,340,275,242,193,104,83,82,256,311,287,306,310,345,42,203,246,,130,,,b'\x11\xe8\xe1I\xc9\xbd\xf0\xd6\xaf\x82\x12\xdf\x17\xaeN\x1e'
11E8E149-C9BD-F0D6-AF82-12DF17AE4E1E,2020-ncaa-d1-conf-MAAC,ncaa,7,8,1,8,2,2,3,1,6,3,2,6,4,3,7,8,3,2,9,2,3,1,1,7,6,8,4,7,3,3,6,10,10,5,10,5,10,7,7,7,1,2,10,10,,,7,2,,,9,1,2,7,4,4,1,5,3,5,5,3,2,2,2,1,3,11,8,6,7,1,10,,5,,,9,11,11,11,11,11,10,11,10,9,6,4,7,7,11,7,5,10,11,11,11,10,1,4,5,10,10,10,6,10,10,11,11,1,3,10,7,3,9,7,,,1,4,,,9,11,6,10,9,10,11,9,11,10,6,7,7,7,7,9,10,10,10,10,11,1,6,9,,2,,,b'\x11\xe8\xe1I\xc9\xbd\xf0\xd6\xaf\x82\x12\xdf\x17\xaeN\x1e'
11E8E149-C9BD-F0D6-AF82-12DF17AE4E1E,2020-ncaa-d1-natl,ncaa,276,289,45,287,72,148,162,44,284,168,82,293,140,111,210,167,142,103,249,107,170,44,19,273,277,271,138,151,157,62,150,303,328,203,305,246,291,296,223,290,49,83,329,338,,,135,43,,,303,26,47,132,187,192,62,210,113,155,134,164,131,133,60,32,68,328,249,273,280,56,334,,111,,,299,340,349,297,345,345,298,345,264,217,297,168,121,92,276,96,51,286,328,344,343,306,34,135,22,308,328,323,150,331,305,350,338,33,77,293,231,139,268,212,,,90,216,,,303,324,264,308,300,329,342,285,342,276,244,191,109,85,86,260,309,288,309,313,346,44,207,252,,134,,,b'\x11\xe8\xe1I\xc9\xbd\xf0\xd6\xaf\x82\x12\xdf\x17\xaeN\x1e'
11E8E149-C9BD-F0D6-AF82-12DF17AE4E1E,2021-ncaa-d0-natl,ncaa,290,60,329,230,329,329,328,329,207,321,328,173,332,327,317,266,318,323,129,322,212,329,329,245,233,280,289,297,106,322,75,332,279,330,186,325,162,34,320,295,294,37,339,343,,,18,236,,,208,329,39,64,205,178,162,95,92,291,258,143,170,153,159,28,85,271,200,175,334,24,343,,271,,,248,16,16,15,277,20,16,296,15,13,97,125,15,18,103,16,119,15,15,248,238,147,45,68,110,18,279,12,75,13,186,24,290,316,52,153,32,291,15,108,,,327,258,,,208,15,280,149,254,233,266,206,297,243,119,132,143,174,163,209,306,242,120,162,306,28,320,143,,160,,,b'\x11\xe8\xe1I\xc9\xbd\xf0\xd6\xaf\x82\x12\xdf\x17\xaeN\x1e'
11E8E149-C9BD-F0D6-AF82-12DF17AE4E1E,2021-ncaa-d1-conf-MAAC,ncaa,8,6,10,7,10,8,8,9,4,7,9,2,10,10,11,10,6,8,2,8,1,9,9,5,4,5,11,11,1,8,4,10,7,9,6,8,10,5,8,9,6,2,11,11,,,6,10,,,7,9,1,3,2,3,3,1,3,10,10,1,2,1,3,1,5,8,6,5,11,1,11,,11,,,8,5,5,3,11,6,4,11,3,3,7,6,3,4,7,4,8,3,3,10,11,9,2,4,7,3,7,2,4,2,6,6,8,8,3,8,4,8,4,3,,,9,8,,,7,3,6,9,8,10,10,10,10,9,5,8,9,9,9,10,11,6,8,6,10,2,10,3,,3,,,b'\x11\xe8\xe1I\xc9\xbd\xf0\xd6\xaf\x82\x12\xdf\x17\xaeN\x1e'
11E8E149-C9BD-F0D6-AF82-12DF17AE4E1E,2021-ncaa-d1-natl,ncaa,277,60,328,214,328,324,321,327,202,319,320,195,327,327,289,281,310,313,142,313,182,325,324,241,224,270,274,298,77,314,76,331,274,327,182,325,180,35,313,295,277,33,339,343,,,23,219,,,215,324,44,72,189,174,169,97,78,291,268,104,122,112,148,34,92,281,218,186,329,27,343,,255,,,232,18,22,17,276,24,18,283,16,18,140,118,21,22,127,21,100,17,18,253,242,150,49,88,94,20,274,14,76,15,182,34,307,311,52,164,35,285,15,72,,,325,240,,,215,20,268,144,233,232,265,205,290,246,132,122,131,147,135,199,295,220,113,137,311,27,311,104,,147,,,b'\x11\xe8\xe1I\xc9\xbd\xf0\xd6\xaf\x82\x12\xdf\x17\xaeN\x1e'
11E8E149-C9BD-F0D6-AF82-12DF17AE4E1E,2022-ncaa-d0-natl,ncaa,158,180,112,170,125,90,93,34,271,75,50,223,159,77,311,181,57,30,295,33,105,34,13,271,277,283,206,231,95,20,52,301,329,165,269,146,251,351,258,292,2,5,344,350,,,338,255,,,233,20,3,123,68,74,8,63,36,171,82,56,28,28,6,2,15,351,207,160,345,1,350,,333,,,231,330,338,239,354,348,262,353,172,145,250,90,271,270,227,265,193,244,331,350,351,193,38,61,136,239,329,305,52,298,269,355,351,1,2,93,319,173,324,264,,,30,172,,,233,335,250,161,229,331,340,211,351,259,151,107,248,249,243,225,350,216,299,280,353,1,299,324,,13,,,b'\x11\xe8\xe1I\xc9\xbd\xf0\xd6\xaf\x82\x12\xdf\x17\xaeN\x1e'
11E8E149-C9BD-F0D6-AF82-12DF17AE4E1E,2022-ncaa-d1-conf-MAAC,ncaa,4,4,3,4,4,2,3,1,8,2,2,6,5,2,9,6,2,2,10,2,2,1,1,9,9,8,6,6,3,2,3,11,9,7,8,5,10,11,5,9,1,1,11,11,,,11,9,,,5,1,1,4,1,1,1,2,2,5,2,2,2,2,1,1,2,11,6,6,11,1,11,,11,,,5,11,11,7,11,10,8,11,7,4,10,4,9,9,9,9,9,8,11,11,11,10,3,3,7,7,9,10,3,9,8,11,11,1,1,5,6,2,10,7,,,2,5,,,5,11,5,9,5,11,11,6,10,8,6,4,9,9,9,7,11,7,10,8,11,1,4,10,,1,,,b'\x11\xe8\xe1I\xc9\xbd\xf0\xd6\xaf\x82\x12\xdf\x17\xaeN\x1e'
11E8E149-C9BD-F0D6-AF82-12DF17AE4E1E,2022-ncaa-d1-natl,ncaa,176,180,146,186,167,111,120,46,284,95,65,233,178,95,314,182,69,42,298,44,101,43,16,289,290,296,200,231,89,24,54,327,332,205,282,172,257,344,272,304,4,7,349,350,,,333,257,,,250,21,3,112,76,83,9,72,39,175,84,56,29,29,7,3,17,353,226,174,345,1,351,,335,,,250,328,334,202,354,348,245,354,151,114,259,88,260,254,232,247,198,205,327,353,352,212,39,60,133,213,332,294,54,280,282,354,351,2,3,111,310,176,321,273,,,37,167,,,250,333,265,179,250,338,344,212,352,263,153,106,258,255,249,228,349,218,302,287,353,1,302,325,,12,,,b'\x11\xe8\xe1I\xc9\xbd\xf0\xd6\xaf\x82\x12\xdf\x17\xaeN\x1e'
11E8E149-C9BD-F0D6-AF82-12DF17AE4E1E,2023-ncaa-d0-natl,ncaa,120,117,116,120,126,146,132,31,328,84,14,322,284,210,344,312,104,78,276,79,274,35,25,347,347,327,312,322,113,8,11,349,283,162,190,206,306,335,195,293,1,1,205,145,,,356,348,,,163,42,6,57,148,132,4,63,6,304,223,103,65,67,4,2,4,361,202,242,318,1,212,,359,,,163,219,125,33,345,139,50,334,133,72,327,117,336,324,312,329,353,66,296,342,357,55,277,105,351,61,283,267,11,193,190,316,353,1,1,8,287,140,333,208,,,66,263,,,163,319,282,30,165,192,97,3,123,16,111,52,338,316,321,13,329,41,250,167,309,1,270,332,,57,,,b'\x11\xe8\xe1I\xc9\xbd\xf0\xd6\xaf\x82\x12\xdf\x17\xaeN\x1e'
11E8E149-C9BD-F0D6-AF82-12DF17AE4E1E,2023-ncaa-d1-conf-MAAC,ncaa,2,2,3,2,4,1,3,1,5,1,1,8,8,7,10,10,2,1,9,2,8,1,1,9,9,8,11,11,4,1,1,11,5,3,4,6,11,9,2,8,1,1,7,5,,,11,11,,,3,1,1,5,1,2,1,1,1,9,7,2,1,1,1,1,1,11,5,5,10,1,7,,11,,,3,6,4,1,11,3,1,9,5,1,10,2,11,11,11,11,11,1,10,11,11,5,11,4,11,1,5,7,1,2,4,8,11,1,1,1,7,1,10,6,,,1,5,,,3,11,4,4,3,7,4,1,4,1,6,1,11,11,11,1,11,1,6,3,8,1,7,8,,1,,,b'\x11\xe8\xe1I\xc9\xbd\xf0\xd6\xaf\x82\x12\xdf\x17\xaeN\x1e'
11E8E149-C9BD-F0D6-AF82-12DF17AE4E1E,2023-ncaa-d1-natl,ncaa,136,117,151,130,164,178,163,35,333,98,16,329,298,233,349,314,125,96,277,97,272,39,27,349,351,334,310,323,107,8,11,360,298,206,208,239,309,327,204,304,1,1,219,150,,,354,352,,,183,50,7,49,163,145,4,69,6,306,226,103,69,69,5,2,5,361,221,258,321,1,213,,360,,,181,187,87,12,349,111,25,341,115,54,335,113,332,318,317,322,354,27,279,348,357,65,275,105,349,44,298,237,11,156,208,311,353,1,1,9,268,146,330,216,,,88,265,,,183,308,289,36,184,203,105,3,131,16,116,53,339,321,326,13,330,42,255,173,313,1,273,335,,54,,,b'\x11\xe8\xe1I\xc9\xbd\xf0\xd6\xaf\x82\x12\xdf\x17\xaeN\x1e'
11E8E149-C9BD-F0D6-AF82-12DF17AE4E1E,2024-ncaa-d0-natl,ncaa,76,127,13,111,15,43,34,5,273,27,5,273,132,74,272,252,42,23,276,21,238,6,2,284,288,283,259,255,165,3,39,259,332,69,273,71,211,360,217,251,1,1,284,322,,,360,330,,,158,3,3,73,73,65,6,45,9,193,154,90,68,62,7,2,8,359,184,119,346,1,328,,356,,,162,355,341,260,349,346,286,348,182,166,228,70,360,359,218,359,343,309,358,338,349,84,154,34,338,305,332,357,39,354,273,357,353,1,1,15,359,272,340,139,,,18,298,,,158,358,246,70,173,293,243,49,293,116,84,64,344,341,342,129,354,198,325,300,336,1,346,302,,69,,,b'\x11\xe8\xe1I\xc9\xbd\xf0\xd6\xaf\x82\x12\xdf\x17\xaeN\x1e'
11E8E149-C9BD-F0D6-AF82-12DF17AE4E1E,2024-ncaa-d1-conf-MAAC,ncaa,2,2,1,2,1,1,1,1,5,1,1,6,4,4,8,11,1,1,9,1,8,1,1,8,8,5,11,11,6,1,1,11,9,1,7,2,9,10,1,3,1,1,10,10,,,11,9,,,2,1,1,3,1,1,1,1,1,6,4,1,1,1,1,1,1,11,2,2,9,1,10,,11,,,2,11,9,4,10,9,6,11,2,4,7,2,11,11,5,11,11,7,11,10,11,2,5,1,11,8,9,11,1,11,7,11,10,1,1,2,8,1,11,6,,,1,10,,,2,11,3,2,3,9,5,2,9,2,2,2,11,11,11,4,11,7,10,10,11,1,7,10,,1,,,b'\x11\xe8\xe1I\xc9\xbd\xf0\xd6\xaf\x82\x12\xdf\x17\xaeN\x1e'
11E8E149-C9BD-F0D6-AF82-12DF17AE4E1E,2024-ncaa-d1-natl,ncaa,91,129,16,117,19,55,42,6,293,32,7,299,151,90,281,256,55,35,277,33,241,7,3,297,299,299,258,256,157,4,46,299,337,97,290,85,226,362,227,263,1,1,307,329,,,362,335,,,184,4,4,71,86,74,6,49,9,201,160,91,70,64,7,4,9,361,207,130,348,1,337,,359,,,187,356,336,231,356,345,265,354,168,143,236,70,361,357,225,357,345,290,359,351,354,106,148,36,339,289,337,357,46,353,290,358,355,1,1,17,361,278,339,151,,,28,300,,,184,359,261,91,196,303,260,51,304,124,90,65,347,345,345,132,356,207,334,305,342,1,349,308,,71,,,b'\x11\xe8\xe1I\xc9\xbd\xf0\xd6\xaf\x82\x12\xdf\x17\xaeN\x1e'
11E8E149-C9BD-F0D6-AF82-12DF17AE4E1E,2025-ncaa-d0-natl,genius_ncaa,355,344,335,355,348,346,345,295,359,317,204,360,320,311,312,288,280,255,301,259,249,296,207,359,357,361,226,263,92,226,253,362,361,361,362,351,332,356,356,358,34,17,314,310,,,275,323,,204,360,199,5,269,327,326,126,269,82,301,277,221,162,167,126,10,148,362,358,345,361,10,291,,356,,298,360,251,217,28,361,270,83,360,100,19,359,35,332,300,361,297,330,45,156,361,362,329,136,44,323,188,361,238,253,227,362,351,362,25,7,150,357,357,170,200,,,201,176,,255,360,151,359,324,359,361,350,130,356,250,204,54,356,345,345,218,357,302,356,352,362,1,361,280,,52,,214,b'\x11\xe8\xe1I\xc9\xbd\xf0\xd6\xaf\x82\x12\xdf\x17\xaeN\x1e'
11E8E149-C9BD-F0D6-AF82-12DF17AE4E1E,2025-ncaa-d1-conf-MAAC,genius_ncaa,13,13,11,13,12,13,13,8,13,10,2,13,11,11,12,11,7,6,11,6,8,8,4,13,13,13,10,11,2,4,11,13,13,13,13,13,13,12,11,13,1,1,10,11,,,12,11,,10,13,5,1,7,13,13,4,8,1,11,11,5,4,4,1,1,4,13,13,13,13,1,9,,13,,12,13,13,11,2,13,11,4,13,5,1,13,1,13,13,12,13,13,3,9,13,13,13,5,3,13,11,13,13,11,12,13,13,13,1,1,4,12,12,9,8,,,4,7,,5,13,9,13,13,13,13,13,6,13,9,6,3,13,13,13,7,13,13,13,13,13,1,13,10,,1,,5,b'\x11\xe8\xe1I\xc9\xbd\xf0\xd6\xaf\x82\x12\xdf\x17\xaeN\x1e'
11E8E149-C9BD-F0D6-AF82-12DF17AE4E1E,2025-ncaa-d1-natl,genius_ncaa,354,344,341,354,351,342,342,300,359,314,198,358,327,322,310,297,277,246,315,248,249,293,199,359,355,360,239,275,94,228,259,362,361,360,361,354,345,357,356,360,34,20,317,316,,,297,325,,207,359,180,5,269,328,324,130,262,80,306,290,213,153,159,137,10,148,362,357,349,361,9,303,,356,,283,360,277,232,24,361,285,83,361,107,19,360,34,337,299,361,293,331,43,178,361,362,326,140,43,323,188,361,257,259,235,361,355,362,20,6,150,359,358,162,187,,,190,170,,265,359,170,358,324,358,358,351,127,353,247,202,53,357,344,344,207,358,293,355,352,362,1,361,267,,51,,225,b'\x11\xe8\xe1I\xc9\xbd\xf0\xd6\xaf\x82\x12\xdf\x17\xaeN\x1e'
11E8E149-C9BD-F0D6-AF82-12DF17AE4E1E,2026-ncaa-d0-natl,genius_ncaa,332,329,206,332,216,322,327,242,361,292,186,358,341,302,356,302,237,214,258,202,227,242,191,361,359,362,253,320,43,202,267,332,363,313,357,341,325,354,355,361,105,105,166,233,,,304,311,,96,361,185,13,97,356,358,235,324,109,353,314,224,192,180,223,30,177,360,353,354,363,55,144,,356,,118,359,305,304,180,347,336,277,318,89,44,312,9,328,314,271,312,249,195,221,332,342,305,47,15,282,338,363,268,267,313,357,338,327,92,86,252,361,361,295,296,,,243,298,,268,361,180,362,333,355,355,351,313,355,353,107,37,352,343,345,343,359,359,351,359,359,36,362,319,,208,,259,b'\x11\xe8\xe1I\xc9\xbd\xf0\xd6\xaf\x82\x12\xdf\x17\xaeN\x1e'
11E8E149-C9BD-F0D6-AF82-12DF17AE4E1E,2026-ncaa-d1-natl,genius_ncaa,354,327,271,354,286,363,363,320,363,351,253,362,357,340,361,303,293,282,263,271,222,323,268,363,363,363,238,323,33,277,295,360,363,355,362,361,334,349,362,363,159,136,209,251,,,269,319,,69,362,256,16,100,362,362,268,339,129,357,323,233,200,190,260,39,205,361,359,363,363,74,154,,357,,119,362,281,274,118,357,329,225,338,58,14,332,9,315,298,281,292,258,142,154,349,354,337,43,16,281,331,363,222,295,284,362,329,333,146,122,284,359,362,280,315,,,302,288,,284,362,108,363,350,361,360,356,322,358,356,130,37,356,352,351,350,359,362,355,363,361,47,363,329,,206,,256,b'\x11\xe8\xe1I\xc9\xbd\xf0\xd6\xaf\x82\x12\xdf\x17\xaeN\x1e'
11E8E149-C9C2-4802-AF82-12DF17AE4E1E,2010-ncaa-d0-natl,ncaa,329,326,288,330,303,302,309,288,318,309,269,317,234,221,262,171,231,183,311,186,80,281,251,305,312,319,103,156,69,222,230,326,214,307,276,344,336,255,298,338,176,130,340,336,,,198,289,,,324,250,65,172,291,305,208,297,206,209,166,174,106,106,188,92,152,310,265,344,314,118,338,,304,,,324,165,213,41,341,230,47,341,123,91,236,170,136,183,25,185,274,52,82,342,339,314,83,108,130,37,214,150,230,88,276,189,165,118,44,146,199,240,111,183,,,158,63,,,324,101,323,280,321,306,319,114,322,121,185,159,216,264,264,150,248,96,290,242,270,43,266,163,,42,,,b'\x11\xe8\xe1I\xc9\xc2H\x02\xaf\x82\x12\xdf\x17\xaeN\x1e'
11E8E149-C9C2-4802-AF82-12DF17AE4E1E,2010-ncaa-d1-conf-Southland,ncaa,11,11,10,11,10,11,11,11,11,11,11,11,6,7,4,3,11,11,8,11,7,11,11,8,8,10,1,1,7,11,6,11,8,11,9,11,11,8,11,11,9,5,11,11,,,3,9,,,11,11,9,5,11,11,11,11,11,5,5,10,11,11,11,8,9,11,11,11,11,6,11,,7,,,11,3,3,2,11,3,2,11,7,5,9,10,1,3,1,3,10,1,1,11,11,10,8,9,2,3,8,1,6,1,9,7,9,6,1,6,7,11,2,7,,,10,6,,,11,1,11,9,11,8,9,2,6,2,10,8,3,7,6,2,4,4,3,3,10,3,11,6,,8,,,b'\x11\xe8\xe1I\xc9\xc2H\x02\xaf\x82\x12\xdf\x17\xaeN\x1e'
11E8E149-C9C2-4802-AF82-12DF17AE4E1E,2010-ncaa-d1-natl,ncaa,333,324,323,334,333,316,325,310,320,320,288,321,248,233,263,170,244,188,309,190,77,301,272,308,313,322,103,156,67,240,234,334,221,324,282,344,335,245,300,340,192,136,341,336,,,184,289,,,325,277,65,168,293,310,211,301,207,213,167,175,106,106,188,94,153,311,267,344,313,122,338,,305,,,328,152,202,23,341,225,34,342,114,84,237,169,128,172,25,175,273,29,55,342,340,317,81,109,126,29,221,137,234,70,282,181,166,132,48,152,187,244,108,190,,,173,63,,,325,79,325,289,325,313,319,118,324,122,185,158,219,266,266,152,247,99,292,244,275,45,267,167,,44,,,b'\x11\xe8\xe1I\xc9\xc2H\x02\xaf\x82\x12\xdf\x17\xaeN\x1e'
11E8E149-C9C2-4802-AF82-12DF17AE4E1E,2011-ncaa-d0-natl,ncaa,296,279,288,297,292,257,256,212,288,294,289,261,103,61,245,34,279,292,106,290,219,234,275,257,252,215,52,43,225,312,330,330,331,332,342,251,187,28,79,152,58,34,318,315,,,89,126,,,284,255,80,87,189,210,68,270,243,61,18,236,269,265,100,148,292,333,335,202,85,24,308,,190,,,286,189,245,68,340,279,115,338,135,67,323,109,64,79,66,83,118,59,106,339,330,278,47,129,45,187,331,303,330,276,342,217,166,89,38,143,22,48,164,257,,,317,309,,,284,88,243,291,285,306,324,205,327,252,200,115,117,140,147,193,287,280,340,335,296,26,55,227,,289,,,b'\x11\xe8\xe1I\xc9\xc2H\x02\xaf\x82\x12\xdf\x17\xaeN\x1e'
11E8E149-C9C2-4802-AF82-12DF17AE4E1E,2011-ncaa-d1-conf-Southland,ncaa,11,11,9,11,9,11,9,7,12,12,11,9,6,3,10,2,12,12,8,12,11,10,11,11,12,9,7,2,12,10,11,12,10,12,12,9,5,1,1,6,2,1,11,11,,,1,5,,,10,11,8,2,10,8,4,11,8,4,2,12,12,12,7,8,9,12,12,7,3,1,11,,5,,,10,6,8,1,12,8,1,12,11,7,11,10,2,2,1,2,5,1,1,12,12,11,3,11,2,3,10,12,11,9,12,11,11,6,1,9,1,3,10,11,,,12,11,,,10,2,9,11,10,10,10,4,8,2,12,9,2,3,3,3,5,5,12,12,11,1,3,10,,12,,,b'\x11\xe8\xe1I\xc9\xc2H\x02\xaf\x82\x12\xdf\x17\xaeN\x1e'
11E8E149-C9C2-4802-AF82-12DF17AE4E1E,2011-ncaa-d1-natl,ncaa,289,277,279,291,289,249,253,190,290,290,278,261,106,59,252,39,250,275,105,265,196,205,262,258,251,210,52,53,194,308,329,334,332,336,341,248,198,27,77,158,50,31,322,320,,,126,155,,,287,218,74,86,190,219,75,274,242,69,21,201,240,234,96,140,294,332,333,215,82,23,316,,216,,,286,217,262,83,342,283,128,337,129,69,317,99,92,122,53,127,151,74,135,341,336,274,47,120,70,196,332,320,329,296,341,222,150,66,36,134,19,46,152,231,,,303,288,,,287,128,243,284,282,303,322,187,326,244,183,110,145,177,183,192,288,273,341,336,284,24,53,216,,265,,,b'\x11\xe8\xe1I\xc9\xc2H\x02\xaf\x82\x12\xdf\x17\xaeN\x1e'
11E8E149-C9C2-4802-AF82-12DF17AE4E1E,2012-ncaa-d0-natl,ncaa,171,153,240,174,260,158,163,200,114,206,235,157,79,130,33,99,199,285,6,274,245,212,265,84,69,51,74,67,222,303,306,269,279,300,311,212,254,29,65,108,200,171,234,230,,,81,101,,,182,235,153,160,92,99,119,168,198,55,93,166,269,263,153,222,290,248,292,174,55,167,228,,127,,,182,199,233,154,296,212,98,318,239,253,194,284,62,68,151,68,90,124,120,303,280,280,119,244,37,192,279,158,306,180,311,161,86,223,193,207,43,94,181,231,,,316,308,,,182,97,91,286,187,270,298,255,284,175,272,293,100,100,101,221,211,258,249,270,222,185,85,217,,312,,,b'\x11\xe8\xe1I\xc9\xc2H\x02\xaf\x82\x12\xdf\x17\xaeN\x1e'
11E8E149-C9C2-4802-AF82-12DF17AE4E1E,2012-ncaa-d1-conf-Southland,ncaa,5,5,3,5,3,3,2,3,3,4,5,5,4,5,2,5,5,11,1,11,11,4,5,2,2,1,5,5,10,11,11,9,10,11,12,3,5,1,1,1,2,3,8,9,,,3,2,,,5,3,10,3,1,2,3,4,6,3,5,8,12,12,8,11,12,12,12,4,1,5,10,,2,,,5,11,11,10,12,11,7,12,12,12,7,12,3,3,9,3,4,9,10,12,12,11,3,10,1,8,10,11,11,11,12,12,8,6,8,11,4,4,8,7,,,12,12,,,5,10,3,11,5,9,10,6,10,4,12,12,3,2,2,5,5,6,9,7,11,8,4,8,,12,,,b'\x11\xe8\xe1I\xc9\xc2H\x02\xaf\x82\x12\xdf\x17\xaeN\x1e'
11E8E149-C9C2-4802-AF82-12DF17AE4E1E,2012-ncaa-d1-natl,ncaa,158,153,137,167,168,117,119,148,86,161,210,128,58,100,23,95,172,272,9,265,252,178,206,61,54,44,81,60,247,299,312,229,271,271,311,187,260,62,85,112,166,170,223,234,,,131,104,,,173,163,155,179,89,96,133,151,206,47,94,190,278,275,170,231,304,244,293,178,64,164,228,,131,,,173,252,291,233,290,285,182,317,251,278,157,267,84,84,137,80,80,202,192,293,269,265,94,217,38,241,271,236,312,245,311,192,60,189,200,194,79,104,187,212,,,304,316,,,173,174,87,277,176,265,297,259,288,192,247,274,93,95,94,225,210,253,235,257,205,189,93,197,,316,,,b'\x11\xe8\xe1I\xc9\xc2H\x02\xaf\x82\x12\xdf\x17\xaeN\x1e'
11E8E149-C9C2-4802-AF82-12DF17AE4E1E,2013-ncaa-d0-natl,ncaa,96,65,183,88,236,136,124,194,61,141,231,47,100,122,84,96,214,262,59,259,223,206,190,55,50,87,163,112,270,269,237,268,257,289,263,159,230,216,233,186,56,42,294,279,,,237,259,,,140,163,85,267,94,78,164,119,231,80,101,212,260,257,189,168,263,276,294,143,237,42,291,,275,,,140,204,201,116,280,213,68,317,174,215,85,257,206,201,205,197,249,127,178,279,282,208,171,161,191,184,257,111,237,130,263,185,163,75,60,95,85,99,2,7,,,276,303,,,140,179,115,202,137,237,231,134,231,90,190,242,234,227,227,154,223,205,145,162,211,46,104,5,,278,,,b'\x11\xe8\xe1I\xc9\xc2H\x02\xaf\x82\x12\xdf\x17\xaeN\x1e'
11E8E149-C9C2-4802-AF82-12DF17AE4E1E,2013-ncaa-d1-conf-Southland,ncaa,5,4,6,5,8,4,3,4,2,4,7,2,3,4,4,3,8,9,3,9,9,6,6,2,2,3,6,3,9,9,8,7,10,9,9,5,8,7,5,4,3,2,8,8,,,7,3,,,6,5,2,8,3,2,2,3,4,3,4,9,9,9,5,2,8,9,9,3,7,2,8,,8,,,6,8,8,6,8,8,4,9,9,8,3,8,5,5,7,5,6,7,7,8,8,6,4,5,4,9,10,7,8,8,9,8,7,3,3,4,3,4,1,1,,,10,10,,,6,5,4,7,6,9,9,9,9,6,10,10,7,5,5,9,9,9,6,8,9,3,4,1,,10,,,b'\x11\xe8\xe1I\xc9\xc2H\x02\xaf\x82\x12\xdf\x17\xaeN\x1e'
11E8E149-C9C2-4802-AF82-12DF17AE4E1E,2013-ncaa-d1-natl,ncaa,107,65,210,92,274,145,133,217,62,153,251,50,105,133,84,96,229,268,59,266,221,232,221,57,50,89,157,111,269,281,241,292,264,303,268,173,233,203,237,193,63,43,300,281,,,227,261,,,149,182,89,267,97,85,169,128,233,82,102,212,258,256,194,172,265,282,298,149,235,42,292,,276,,,149,186,183,90,287,195,55,320,162,208,90,256,199,186,203,182,251,95,156,283,285,215,169,161,194,168,264,84,241,102,268,175,163,91,60,100,76,101,2,7,,,289,301,,,149,159,118,211,145,242,237,140,239,90,193,241,237,228,227,156,223,209,145,166,215,49,106,5,,278,,,b'\x11\xe8\xe1I\xc9\xc2H\x02\xaf\x82\x12\xdf\x17\xaeN\x1e'
11E8E149-C9C2-4802-AF82-12DF17AE4E1E,2014-ncaa-d0-natl,ncaa,148,125,180,144,201,187,209,162,264,259,228,285,73,90,75,85,205,265,29,256,229,186,217,208,185,159,56,60,214,153,156,306,328,261,287,248,250,64,89,178,89,61,235,219,,,22,16,,,152,229,212,110,167,199,98,264,222,63,74,207,262,256,138,193,140,322,264,254,83,71,232,,25,,,153,128,168,131,234,136,91,259,240,240,213,288,59,35,299,36,77,94,151,253,244,156,183,271,54,258,328,186,156,219,287,266,301,85,50,152,42,49,167,210,,,294,301,,,152,126,136,194,149,171,214,167,182,91,270,264,63,45,47,104,197,287,225,266,288,54,53,190,,301,,,b'\x11\xe8\xe1I\xc9\xc2H\x02\xaf\x82\x12\xdf\x17\xaeN\x1e'
11E8E149-C9C2-4802-AF82-12DF17AE4E1E,2014-ncaa-d1-conf-Southland,ncaa,4,6,3,5,3,3,6,3,13,7,3,13,3,3,5,5,2,2,1,2,7,3,2,10,10,5,4,4,5,4,4,6,11,4,11,9,12,7,3,7,2,2,5,7,,,4,1,,,3,2,10,3,4,8,3,11,4,4,4,3,5,5,3,8,6,10,6,11,3,2,6,,2,,,3,9,9,11,3,6,6,5,13,14,4,14,7,5,10,5,5,11,14,4,3,2,13,13,3,14,11,11,4,14,11,10,12,2,2,5,6,1,4,3,,,7,14,,,3,13,5,3,4,5,6,9,3,4,13,14,4,3,3,7,9,12,11,12,8,2,3,3,,14,,,b'\x11\xe8\xe1I\xc9\xc2H\x02\xaf\x82\x12\xdf\x17\xaeN\x1e'
11E8E149-C9C2-4802-AF82-12DF17AE4E1E,2014-ncaa-d1-natl,ncaa,143,125,145,141,163,165,191,132,264,255,209,291,70,88,67,90,191,244,31,238,219,153,172,208,185,165,55,60,203,131,143,299,326,244,282,248,261,98,97,196,61,47,215,212,,,27,15,,,152,197,190,114,160,192,92,264,211,63,76,188,247,237,121,162,126,321,252,256,104,51,219,,27,,,151,153,184,155,231,160,100,260,243,237,205,278,64,41,317,45,73,110,183,250,235,141,170,261,60,258,326,211,143,231,282,282,309,65,38,142,47,54,191,217,,,276,302,,,152,159,137,177,145,172,212,166,190,100,255,251,69,46,47,105,211,283,227,263,290,45,61,209,,289,,,b'\x11\xe8\xe1I\xc9\xc2H\x02\xaf\x82\x12\xdf\x17\xaeN\x1e'
11E8E149-C9C2-4802-AF82-12DF17AE4E1E,2015-ncaa-d0-natl,ncaa,151,103,243,135,257,230,258,246,236,308,298,260,86,99,85,65,219,230,176,225,95,248,196,178,181,247,35,41,181,189,171,245,219,232,199,269,259,320,326,318,37,10,204,182,,,182,215,,,181,192,69,140,195,237,194,302,286,57,72,189,198,196,199,95,166,210,183,259,333,9,197,,240,,,181,83,98,92,185,90,80,202,165,180,137,242,93,127,55,118,182,82,145,183,160,90,186,228,143,143,219,123,171,118,199,134,183,88,53,69,261,277,46,114,,,246,256,,,181,150,255,98,180,150,160,154,151,122,208,228,129,159,156,147,266,200,190,201,170,40,295,60,,195,,,b'\x11\xe8\xe1I\xc9\xc2H\x02\xaf\x82\x12\xdf\x17\xaeN\x1e'
11E8E149-C9C2-4802-AF82-12DF17AE4E1E,2015-ncaa-d1-conf-Southland,ncaa,4,3,3,3,7,6,6,7,10,10,9,10,2,5,1,5,6,9,4,9,5,6,4,3,4,6,3,3,8,5,4,4,1,5,2,7,8,12,12,12,1,1,6,7,,,8,8,,,3,5,3,10,4,6,5,11,9,2,4,7,8,8,6,3,5,2,4,6,13,1,7,,7,,,3,5,8,8,7,8,7,9,5,8,1,8,3,4,2,4,4,9,8,6,4,2,4,6,3,3,1,7,4,5,2,5,4,2,2,2,10,7,3,4,,,11,10,,,3,9,5,2,3,5,8,7,8,7,5,8,4,4,4,6,10,2,5,3,5,2,7,3,,10,,,b'\x11\xe8\xe1I\xc9\xc2H\x02\xaf\x82\x12\xdf\x17\xaeN\x1e'
11E8E149-C9C2-4802-AF82-12DF17AE4E1E,2015-ncaa-d1-natl,ncaa,142,103,209,131,241,211,245,236,241,310,298,260,75,88,86,64,205,225,163,214,101,230,167,180,179,248,32,41,180,183,172,250,220,231,205,282,275,323,325,325,29,10,218,191,,,206,220,,,193,167,65,145,178,228,175,302,283,56,68,179,200,193,186,82,154,221,190,266,333,9,206,,251,,,194,101,123,98,210,125,99,229,166,184,150,227,115,135,89,127,186,87,167,215,196,119,161,207,142,149,220,130,172,135,205,136,158,78,56,74,271,269,41,101,,,225,247,,,193,170,249,113,197,172,194,158,181,130,205,221,139,165,162,153,274,192,197,201,176,43,293,55,,178,,,b'\x11\xe8\xe1I\xc9\xc2H\x02\xaf\x82\x12\xdf\x17\xaeN\x1e'
11E8E149-C9C2-4802-AF82-12DF17AE4E1E,2016-ncaa-d0-natl,ncaa,268,249,287,270,307,252,266,257,267,291,263,295,142,170,92,128,230,234,203,235,159,262,243,240,242,255,81,91,176,205,184,331,336,307,316,287,264,249,283,304,62,32,302,299,,,130,175,,,259,250,70,172,192,223,150,252,185,100,114,190,185,189,153,76,143,318,274,261,316,16,290,,237,,,264,143,161,72,288,173,91,294,141,122,222,178,139,118,230,122,187,70,112,288,284,212,123,160,149,248,336,134,184,174,316,178,199,94,59,120,224,265,10,28,,,213,168,,,259,87,259,253,270,269,275,206,280,198,214,200,213,199,207,218,296,316,265,305,263,35,288,22,,110,,,b'\x11\xe8\xe1I\xc9\xc2H\x02\xaf\x82\x12\xdf\x17\xaeN\x1e'
11E8E149-C9C2-4802-AF82-12DF17AE4E1E,2016-ncaa-d1-conf-Southland,ncaa,8,7,5,8,6,7,7,4,10,9,7,12,4,5,5,4,6,8,8,7,8,4,4,10,10,7,3,2,8,5,7,11,12,8,12,9,10,3,5,8,4,4,11,10,,,5,3,,,8,5,6,6,7,8,4,11,6,4,5,8,8,7,5,5,6,11,9,9,5,5,11,,4,,,8,10,10,9,10,8,8,11,7,9,7,6,7,5,13,5,5,9,10,9,10,7,6,7,8,8,12,11,7,10,12,10,6,4,4,7,5,6,3,3,,,7,9,,,8,9,7,10,8,9,9,8,9,5,7,7,7,5,5,8,9,9,10,11,9,4,6,3,,7,,,b'\x11\xe8\xe1I\xc9\xc2H\x02\xaf\x82\x12\xdf\x17\xaeN\x1e'
11E8E149-C9C2-4802-AF82-12DF17AE4E1E,2016-ncaa-d1-natl,ncaa,265,249,303,268,319,237,258,249,245,273,251,282,140,177,81,139,213,217,201,214,151,250,214,225,219,247,93,102,163,206,194,336,333,313,315,278,262,269,289,308,43,21,309,306,,,166,192,,,254,214,55,168,172,204,148,240,174,109,132,168,161,158,151,69,158,316,280,255,322,15,295,,254,,,258,169,186,79,300,196,96,301,137,107,233,161,169,164,186,167,214,85,142,297,297,208,125,144,172,243,333,140,194,183,315,172,182,71,44,102,248,273,8,23,,,193,153,,,254,114,253,237,262,273,278,194,286,199,204,179,235,227,230,220,305,308,258,297,250,26,294,13,,90,,,b'\x11\xe8\xe1I\xc9\xc2H\x02\xaf\x82\x12\xdf\x17\xaeN\x1e'
11E8E149-C9C2-4802-AF82-12DF17AE4E1E,2017-ncaa-d0-natl,ncaa,255,265,168,262,213,137,190,155,249,307,304,248,21,23,112,12,131,206,15,212,72,166,191,153,125,100,7,11,148,291,326,341,338,341,347,227,250,69,76,172,1,2,337,335,,,170,143,,,229,144,61,264,113,189,102,320,314,12,13,118,215,220,120,171,299,347,345,227,82,2,337,,184,,,229,274,272,79,347,246,95,339,269,129,348,194,172,154,272,152,201,79,202,347,347,290,194,247,125,198,338,315,326,292,347,313,291,14,7,89,64,73,86,193,,,141,98,,,229,207,160,282,227,297,302,68,274,85,291,141,185,167,163,66,267,218,332,310,322,4,76,97,,104,,,b'\x11\xe8\xe1I\xc9\xc2H\x02\xaf\x82\x12\xdf\x17\xaeN\x1e'
11E8E149-C9C2-4802-AF82-12DF17AE4E1E,2017-ncaa-d1-conf-Southland,ncaa,8,9,5,9,6,7,8,6,8,10,12,8,2,2,6,2,7,11,2,11,5,7,9,5,5,4,3,3,9,13,13,13,12,13,13,9,10,2,2,5,2,2,11,11,,,4,3,,,7,7,6,6,6,9,7,12,12,3,2,8,11,11,8,11,13,13,13,10,2,2,11,,4,,,7,8,12,4,13,10,3,13,9,5,13,8,4,3,9,2,5,4,8,13,12,9,5,7,3,7,12,12,13,13,13,12,11,2,2,6,1,1,3,6,,,9,6,,,7,7,7,9,8,7,9,3,9,3,10,6,5,4,4,3,7,6,12,10,12,2,1,3,,9,,,b'\x11\xe8\xe1I\xc9\xc2H\x02\xaf\x82\x12\xdf\x17\xaeN\x1e'
11E8E149-C9C2-4802-AF82-12DF17AE4E1E,2017-ncaa-d1-natl,ncaa,269,265,217,271,287,164,225,183,259,322,331,257,25,26,114,11,152,237,15,244,73,201,243,160,129,106,6,11,150,309,328,348,339,346,347,255,252,47,78,173,2,2,339,336,,,142,149,,,244,192,63,264,121,200,106,327,319,13,14,119,219,224,126,180,302,347,345,234,86,2,340,,188,,,246,255,262,41,347,222,65,341,260,101,348,194,152,131,277,128,201,38,159,347,347,306,193,248,122,169,339,298,328,272,347,306,297,21,8,103,50,77,77,198,,,170,100,,,244,160,167,300,239,307,308,71,282,87,294,137,191,169,162,68,263,219,333,315,323,5,75,101,,105,,,b'\x11\xe8\xe1I\xc9\xc2H\x02\xaf\x82\x12\xdf\x17\xaeN\x1e'
11E8E149-C9C2-4802-AF82-12DF17AE4E1E,2018-ncaa-d0-natl,ncaa,149,129,164,149,224,197,224,226,219,210,231,170,220,178,281,158,55,66,102,57,23,201,172,228,180,227,120,226,22,250,267,187,270,222,274,246,249,269,262,271,32,25,266,263,,,205,171,,,201,148,72,278,187,239,227,221,227,216,170,27,39,34,183,120,253,180,218,266,271,20,265,,229,,,201,149,147,156,161,140,112,225,192,234,108,255,158,220,18,223,260,165,216,172,141,90,208,212,173,270,270,216,267,243,274,206,246,62,64,90,287,295,139,176,,,110,83,,,201,196,242,115,200,175,175,174,166,114,198,250,183,231,235,192,279,288,243,271,217,45,296,152,,78,,,b'\x11\xe8\xe1I\xc9\xc2H\x02\xaf\x82\x12\xdf\x17\xaeN\x1e'
11E8E149-C9C2-4802-AF82-12DF17AE4E1E,2018-ncaa-d1-conf-Southland,ncaa,4,4,1,4,1,3,2,2,4,3,4,6,4,6,4,8,2,2,4,2,4,2,2,3,3,4,7,7,3,10,12,1,6,4,9,4,10,11,8,9,2,2,9,11,,,9,2,,,4,1,6,6,5,3,8,4,8,6,7,2,2,2,6,7,12,4,7,8,8,2,10,,4,,,4,12,13,13,5,11,11,7,13,13,8,12,6,7,1,7,5,13,13,6,6,6,8,11,2,11,6,12,12,13,9,12,10,3,6,7,11,8,2,1,,,2,6,,,4,13,6,5,4,6,7,10,6,7,11,12,2,3,3,10,9,8,6,7,10,5,8,1,,8,,,b'\x11\xe8\xe1I\xc9\xc2H\x02\xaf\x82\x12\xdf\x17\xaeN\x1e'
11E8E149-C9C2-4802-AF82-12DF17AE4E1E,2018-ncaa-d1-natl,ncaa,106,129,53,130,90,117,158,150,177,150,172,148,174,136,243,164,28,37,109,34,28,111,69,183,143,203,123,205,27,217,256,129,278,158,265,193,246,326,275,271,15,26,250,270,,,275,180,,,183,53,73,276,172,227,247,205,229,196,174,37,51,48,196,128,251,191,233,252,282,17,268,,229,,,185,260,252,262,162,233,206,218,228,277,108,240,203,263,21,262,241,274,308,169,137,85,191,207,165,315,278,277,256,308,265,278,254,31,58,94,320,280,138,138,,,46,90,,,183,296,224,107,187,168,169,165,167,127,193,234,170,223,222,181,278,285,211,259,225,38,288,112,,90,,,b'\x11\xe8\xe1I\xc9\xc2H\x02\xaf\x82\x12\xdf\x17\xaeN\x1e'
11E8E149-C9C2-4802-AF82-12DF17AE4E1E,2018-ncaa-d1-ncaatournament,ncaa,33,2,33,33,34,58,57,41,59,55,47,61,43,36,50,16,51,54,15,53,52,41,41,59,58,58,19,15,41,49,55,47,50,50,55,54,52,12,33,55,44,40,51,45,,,30,59,,,62,36,4,7,58,57,18,54,36,31,12,50,53,52,25,21,40,40,46,54,36,31,45,,62,,,62,27,22,22,45,20,17,38,27,19,54,30,35,31,44,29,55,27,29,51,57,52,53,40,55,21,50,28,55,28,55,16,39,39,23,32,8,16,20,40,,,56,57,,,62,29,58,53,59,59,50,42,40,36,49,35,63,60,58,57,61,48,60,60,46,14,16,40,,56,,,b'\x11\xe8\xe1I\xc9\xc2H\x02\xaf\x82\x12\xdf\x17\xaeN\x1e'
11E8E149-C9C2-4802-AF82-12DF17AE4E1E,2019-ncaa-d0-natl,ncaa,125,93,173,111,208,151,217,281,103,157,219,87,269,275,229,263,6,26,15,26,9,231,188,132,62,117,148,289,3,203,109,171,245,185,115,200,181,299,305,262,112,100,193,194,,,174,164,,,153,170,109,181,119,220,314,148,220,263,270,2,8,8,233,154,202,152,172,194,299,95,182,,206,,,152,181,199,193,201,192,181,177,210,193,235,187,103,203,2,207,203,200,201,213,158,165,161,229,97,268,245,21,109,72,115,274,299,158,172,240,290,286,235,254,,,40,11,,,153,187,127,185,150,207,240,233,214,214,236,209,124,228,231,249,260,279,27,88,290,137,292,243,,12,,,b'\x11\xe8\xe1I\xc9\xc2H\x02\xaf\x82\x12\xdf\x17\xaeN\x1e'
11E8E149-C9C2-4802-AF82-12DF17AE4E1E,2019-ncaa-d1-conf-Southland,ncaa,4,3,4,4,4,4,6,10,3,5,8,3,10,9,11,9,1,2,1,2,1,6,6,3,3,3,8,12,1,10,7,3,2,5,2,6,8,5,5,6,5,6,6,6,,,2,2,,,4,5,7,3,4,5,9,4,9,11,9,1,2,2,7,9,9,2,6,6,6,4,5,,2,,,4,4,5,10,4,4,6,4,12,12,9,13,1,2,1,2,3,9,8,6,4,4,11,13,1,5,2,3,7,3,2,7,7,6,7,8,4,3,3,4,,,2,1,,,4,9,3,4,4,6,7,10,6,7,12,12,1,3,3,8,7,6,3,3,8,6,4,3,,2,,,b'\x11\xe8\xe1I\xc9\xc2H\x02\xaf\x82\x12\xdf\x17\xaeN\x1e'
11E8E149-C9C2-4802-AF82-12DF17AE4E1E,2019-ncaa-d1-natl,ncaa,106,92,107,105,131,112,174,244,102,136,181,92,236,250,178,252,4,15,17,14,10,174,128,119,62,114,125,274,3,185,110,125,214,145,101,164,160,305,293,253,84,96,188,197,,,211,157,,,134,114,107,200,112,203,303,151,214,246,263,2,7,8,216,144,199,136,165,175,291,87,193,,200,,,134,219,229,240,197,210,211,178,232,234,218,192,131,229,4,229,204,249,251,201,144,146,162,221,105,263,214,40,110,98,101,292,288,116,155,219,296,279,264,260,,,25,10,,,134,240,121,163,130,195,222,210,200,200,218,206,128,216,217,228,254,261,31,79,275,125,282,257,,13,,,b'\x11\xe8\xe1I\xc9\xc2H\x02\xaf\x82\x12\xdf\x17\xaeN\x1e'
11E8E149-C9C2-4802-AF82-12DF17AE4E1E,2020-ncaa-d0-natl,ncaa,239,195,312,229,319,287,308,340,168,182,168,209,349,347,332,345,21,36,91,39,45,318,278,268,180,255,303,348,2,245,143,334,323,332,256,273,148,285,334,295,32,19,288,279,,,132,207,,,261,286,83,176,218,260,318,98,57,347,346,6,9,9,240,112,200,314,288,226,333,10,282,,245,,,267,129,120,44,282,127,58,283,139,99,240,193,187,176,189,181,264,48,82,284,286,211,195,168,228,214,323,21,143,55,256,206,258,100,52,127,317,339,250,230,,,76,16,,,261,68,266,244,267,261,245,153,228,160,213,188,255,253,256,182,285,293,78,172,277,37,339,296,,15,,,b'\x11\xe8\xe1I\xc9\xc2H\x02\xaf\x82\x12\xdf\x17\xaeN\x1e'
11E8E149-C9C2-4802-AF82-12DF17AE4E1E,2020-ncaa-d1-conf-Southland,ncaa,6,6,1,6,3,4,4,12,4,1,2,4,11,12,12,12,1,1,3,1,4,6,5,5,4,5,11,13,1,8,4,11,12,10,5,3,4,12,12,6,1,1,12,12,,,4,2,,,7,4,4,3,4,4,12,1,2,11,12,1,1,1,6,5,8,11,10,3,12,1,12,,4,,,7,9,8,9,7,5,5,6,13,13,10,12,7,5,11,4,9,8,10,10,9,8,13,12,8,12,12,4,4,6,5,10,10,4,6,6,12,12,9,6,,,2,2,,,7,9,5,8,7,9,8,9,5,5,13,13,7,5,4,8,10,12,4,6,10,4,12,9,,2,,,b'\x11\xe8\xe1I\xc9\xc2H\x02\xaf\x82\x12\xdf\x17\xaeN\x1e'
11E8E149-C9C2-4802-AF82-12DF17AE4E1E,2020-ncaa-d1-natl,ncaa,214,195,257,214,283,229,251,316,118,100,109,151,347,347,334,343,9,16,68,15,46,275,216,233,140,223,306,349,2,225,147,322,327,313,267,206,137,310,321,278,17,20,283,282,,,198,199,,,241,189,73,183,185,222,305,66,56,346,344,7,9,9,218,104,202,313,289,174,328,9,277,,251,,,247,208,182,102,272,183,108,277,170,155,206,191,242,235,230,238,269,117,187,268,280,194,200,154,250,284,327,49,147,121,267,246,260,48,43,124,327,337,262,218,,,33,16,,,241,144,236,243,249,264,248,166,233,159,201,189,271,262,265,199,294,307,78,183,274,36,336,287,,13,,,b'\x11\xe8\xe1I\xc9\xc2H\x02\xaf\x82\x12\xdf\x17\xaeN\x1e'
11E8E149-C9C2-4802-AF82-12DF17AE4E1E,2021-ncaa-d0-natl,ncaa,174,250,89,204,107,148,163,164,179,108,88,203,258,260,249,315,34,35,164,34,62,149,100,231,178,259,250,316,12,151,194,168,311,159,278,222,308,337,319,325,38,64,275,319,,,274,195,,,272,91,78,163,236,268,303,157,143,319,321,29,33,35,241,122,214,280,279,305,326,44,318,,243,,,251,256,247,228,219,273,228,281,139,218,36,141,309,292,273,292,271,238,274,170,218,129,113,49,286,309,311,208,194,259,278,200,101,29,48,54,331,305,195,137,,,46,35,,,272,253,267,157,248,215,185,149,248,166,77,152,301,273,273,190,291,291,123,210,141,27,312,147,,30,,,b'\x11\xe8\xe1I\xc9\xc2H\x02\xaf\x82\x12\xdf\x17\xaeN\x1e'
11E8E149-C9C2-4802-AF82-12DF17AE4E1E,2021-ncaa-d1-conf-Southland,ncaa,4,7,2,6,2,3,4,4,5,4,3,5,4,6,5,10,2,2,3,2,3,2,3,5,4,7,9,10,3,4,5,1,12,3,7,6,11,12,8,11,3,4,11,12,,,11,3,,,7,2,2,6,5,5,8,6,6,10,10,2,2,2,7,3,7,6,8,11,11,4,12,,5,,,7,13,12,13,5,12,12,8,9,13,2,9,11,9,13,9,6,13,13,5,5,4,5,6,5,13,12,12,5,13,7,8,3,3,6,4,13,9,8,4,,,3,3,,,7,12,7,6,7,9,9,10,10,7,7,11,9,3,3,10,11,11,4,8,6,4,8,5,,2,,,b'\x11\xe8\xe1I\xc9\xc2H\x02\xaf\x82\x12\xdf\x17\xaeN\x1e'
11E8E149-C9C2-4802-AF82-12DF17AE4E1E,2021-ncaa-d1-natl,ncaa,164,250,70,204,84,137,148,150,159,89,73,188,257,256,254,317,31,30,171,30,57,129,86,223,173,250,264,325,13,130,187,159,303,148,264,211,301,337,318,322,31,50,282,323,,,285,195,,,258,72,78,174,226,251,299,134,140,324,324,29,29,33,239,124,212,280,280,299,321,34,322,,244,,,235,268,255,241,227,285,241,281,162,219,47,138,312,289,283,289,262,249,282,189,229,132,111,54,278,305,303,222,187,261,264,219,105,21,38,55,330,300,191,115,,,30,36,,,258,276,262,156,231,213,184,145,246,162,79,139,288,262,262,174,281,275,114,186,144,25,304,138,,31,,,b'\x11\xe8\xe1I\xc9\xc2H\x02\xaf\x82\x12\xdf\x17\xaeN\x1e'
11E8E149-C9C2-4802-AF82-12DF17AE4E1E,2022-ncaa-d0-natl,ncaa,345,316,337,345,341,335,334,342,262,276,255,283,351,351,320,336,240,251,148,253,193,340,319,303,288,328,319,341,42,297,228,333,306,329,275,338,313,275,346,347,230,181,349,347,,,47,134,,,338,314,31,164,280,278,257,138,68,341,339,104,110,106,229,63,205,205,225,315,350,119,346,,250,,,343,112,112,54,303,103,57,279,191,110,321,207,118,115,192,121,234,51,53,315,308,299,229,242,143,150,306,23,228,52,275,184,269,262,173,258,319,353,33,64,,,291,154,,,338,45,335,315,338,338,333,310,300,260,326,285,274,280,284,320,332,315,233,285,330,94,353,112,,96,,,b'\x11\xe8\xe1I\xc9\xc2H\x02\xaf\x82\x12\xdf\x17\xaeN\x1e'
11E8E149-C9C2-4802-AF82-12DF17AE4E1E,2022-ncaa-d1-conf-Southland,ncaa,8,8,6,8,6,6,6,6,4,4,4,6,8,8,4,8,6,6,5,6,5,6,6,5,6,8,6,6,4,5,5,5,3,5,4,7,8,6,8,8,6,6,7,7,,,3,5,,,8,6,2,3,4,4,5,3,1,7,8,4,3,3,3,2,5,3,3,6,8,6,7,,6,,,8,5,4,4,7,3,2,7,5,5,7,6,4,4,6,4,5,4,4,7,7,8,7,6,3,5,3,2,5,2,4,5,5,6,6,6,7,8,1,1,,,5,3,,,8,3,7,7,8,7,6,6,5,5,7,7,7,6,6,6,7,6,5,5,7,4,8,1,,3,,,b'\x11\xe8\xe1I\xc9\xc2H\x02\xaf\x82\x12\xdf\x17\xaeN\x1e'
11E8E149-C9C2-4802-AF82-12DF17AE4E1E,2022-ncaa-d1-natl,ncaa,336,316,326,337,334,322,328,335,276,260,222,288,350,345,333,332,205,215,130,211,175,329,299,312,294,323,312,341,30,278,210,307,300,315,265,336,322,298,343,346,217,182,344,344,,,80,150,,,332,296,36,172,284,288,255,143,73,342,333,90,101,94,221,65,196,185,193,324,349,134,337,,255,,,338,148,156,85,286,136,95,262,207,141,311,203,142,142,158,147,229,86,78,294,281,278,221,234,148,191,300,43,210,78,265,218,264,234,177,252,326,350,23,39,,,249,124,,,332,65,331,300,330,329,325,304,293,259,314,276,257,276,280,317,329,315,230,276,322,103,352,74,,81,,,b'\x11\xe8\xe1I\xc9\xc2H\x02\xaf\x82\x12\xdf\x17\xaeN\x1e'
11E8E149-C9C2-4802-AF82-12DF17AE4E1E,2023-ncaa-d0-natl,ncaa,345,339,290,347,303,321,312,309,280,297,247,308,249,280,161,216,306,292,282,292,275,313,301,276,283,300,190,172,217,317,318,255,341,302,336,235,87,204,293,243,289,291,317,323,,,35,37,,,343,284,137,192,302,282,250,270,171,221,244,289,263,262,264,206,292,176,262,192,286,256,315,,80,,,346,222,263,201,273,206,122,294,297,285,241,312,42,82,8,86,121,175,130,296,252,310,197,304,19,324,341,199,318,274,336,308,310,311,319,345,263,324,202,237,,,286,226,,,343,79,321,339,343,331,345,340,309,251,343,338,77,144,156,338,306,352,314,339,346,273,317,256,,218,,,b'\x11\xe8\xe1I\xc9\xc2H\x02\xaf\x82\x12\xdf\x17\xaeN\x1e'
11E8E149-C9C2-4802-AF82-12DF17AE4E1E,2023-ncaa-d1-conf-Southland,ncaa,10,10,9,10,9,9,9,8,7,7,6,8,6,8,3,6,10,10,6,10,9,8,8,7,7,8,7,5,8,10,10,8,10,9,10,6,2,4,8,6,7,7,9,9,,,2,2,,,10,7,2,5,9,7,4,7,4,6,7,10,9,9,6,5,10,7,9,4,8,7,8,,4,,,10,8,9,7,10,6,4,10,10,9,10,10,3,4,1,4,5,7,5,10,10,10,9,10,2,9,10,8,10,8,10,10,10,10,10,10,4,6,10,10,,,10,8,,,10,4,10,10,10,10,10,10,10,7,10,10,5,7,7,9,9,10,9,10,10,9,6,10,,7,,,b'\x11\xe8\xe1I\xc9\xc2H\x02\xaf\x82\x12\xdf\x17\xaeN\x1e'
11E8E149-C9C2-4802-AF82-12DF17AE4E1E,2023-ncaa-d1-natl,ncaa,347,339,310,348,320,321,316,319,282,292,244,309,260,295,170,236,298,286,267,283,257,319,317,285,289,301,197,189,183,322,320,272,340,312,338,266,122,208,292,260,285,291,326,333,,,38,40,,,345,295,153,187,310,292,266,268,168,235,268,269,237,238,268,217,299,192,274,226,282,251,324,,85,,,346,238,283,217,289,227,118,315,300,298,242,312,45,90,8,90,125,191,122,307,269,315,193,299,18,331,340,203,320,281,338,324,320,315,318,351,271,324,203,237,,,286,207,,,345,65,324,342,345,333,347,340,318,239,341,336,81,148,157,334,298,351,310,338,351,274,313,257,,214,,,b'\x11\xe8\xe1I\xc9\xc2H\x02\xaf\x82\x12\xdf\x17\xaeN\x1e'
11E8E149-C9C2-4802-AF82-12DF17AE4E1E,2024-ncaa-d0-natl,ncaa,246,228,258,247,274,260,245,220,276,266,231,283,182,182,184,145,295,280,278,276,263,234,274,258,271,232,150,117,257,280,305,261,142,282,297,221,161,47,112,147,112,69,339,325,,,241,319,,,221,270,165,171,239,226,148,252,183,153,145,282,260,257,178,215,257,233,260,201,100,83,341,,306,,,226,85,55,44,186,66,40,240,89,132,54,215,302,293,230,291,336,70,90,174,232,165,272,117,340,73,142,270,305,191,297,120,260,156,87,123,167,235,13,19,,,323,306,,,221,100,253,153,222,174,85,60,111,49,118,174,324,319,317,112,170,114,332,283,168,92,230,15,,305,,,b'\x11\xe8\xe1I\xc9\xc2H\x02\xaf\x82\x12\xdf\x17\xaeN\x1e'
11E8E149-C9C2-4802-AF82-12DF17AE4E1E,2024-ncaa-d1-conf-Southland,ncaa,6,7,2,7,4,5,5,2,5,6,5,6,2,3,2,4,8,9,6,9,10,6,6,4,6,6,4,3,10,5,6,9,7,8,7,4,3,2,4,3,3,3,8,8,,,10,10,,,5,5,5,7,7,5,3,6,5,2,3,8,9,9,6,8,5,10,9,4,2,3,8,,10,,,5,8,7,3,9,7,1,10,6,6,5,7,10,10,7,10,10,5,6,9,9,8,8,5,8,6,7,7,6,8,7,8,10,3,4,6,7,6,4,3,,,9,9,,,5,6,6,7,5,6,6,2,6,1,6,6,10,10,10,2,4,5,6,6,6,3,6,3,,9,,,b'\x11\xe8\xe1I\xc9\xc2H\x02\xaf\x82\x12\xdf\x17\xaeN\x1e'
11E8E149-C9C2-4802-AF82-12DF17AE4E1E,2024-ncaa-d1-natl,ncaa,218,230,130,229,153,201,188,140,264,195,149,269,166,153,191,174,244,233,252,229,253,147,170,245,262,214,177,145,243,230,297,179,120,205,275,170,154,105,119,144,71,65,339,327,,,286,313,,,203,149,147,206,226,211,126,214,151,170,165,259,244,241,152,195,242,206,241,186,110,77,342,,296,,,204,169,89,101,161,97,80,223,126,191,53,227,322,318,243,314,337,144,195,159,214,141,287,127,338,91,120,335,297,272,275,146,213,77,71,92,238,238,27,17,,,265,304,,,203,221,241,116,199,152,73,60,82,47,120,183,317,310,309,106,181,86,330,266,140,80,231,17,,295,,,b'\x11\xe8\xe1I\xc9\xc2H\x02\xaf\x82\x12\xdf\x17\xaeN\x1e'
11E8E149-C9C2-4802-AF82-12DF17AE4E1E,2025-ncaa-d0-natl,genius_ncaa,147,130,194,140,234,239,256,280,198,269,270,213,206,229,153,180,200,164,292,155,67,259,252,187,189,221,118,156,127,266,269,220,259,251,270,270,254,203,259,274,101,74,292,288,,,305,342,,81,157,235,228,269,256,267,304,268,264,199,211,187,136,127,288,273,267,213,260,279,229,81,298,,329,,94,157,51,19,61,32,36,117,32,28,34,97,47,327,329,143,330,345,87,146,29,74,43,270,54,355,226,259,166,269,195,270,13,67,92,61,18,144,194,62,124,,,143,53,,160,157,129,242,63,157,63,19,35,49,125,36,40,337,341,341,98,164,258,193,229,20,70,164,75,,100,,149,b'\x11\xe8\xe1I\xc9\xc2H\x02\xaf\x82\x12\xdf\x17\xaeN\x1e'
11E8E149-C9C2-4802-AF82-12DF17AE4E1E,2025-ncaa-d1-conf-Southland,genius_ncaa,7,7,2,7,3,6,6,8,5,8,7,5,5,5,4,5,8,8,10,8,3,9,6,3,6,6,5,5,9,10,9,5,12,10,9,10,11,9,11,10,4,3,11,12,,,12,12,,4,7,3,7,7,7,8,10,8,9,5,5,9,9,9,11,10,10,10,11,10,6,4,11,,11,,3,7,9,3,7,6,5,7,6,3,5,6,3,12,12,10,12,11,9,10,6,7,5,10,2,12,10,12,7,9,8,9,3,2,4,4,2,5,5,3,3,,,5,3,,8,7,10,6,8,7,6,3,4,4,5,1,2,12,11,11,4,6,8,6,7,3,5,4,3,,8,,8,b'\x11\xe8\xe1I\xc9\xc2H\x02\xaf\x82\x12\xdf\x17\xaeN\x1e'
11E8E149-C9C2-4802-AF82-12DF17AE4E1E,2025-ncaa-d1-natl,genius_ncaa,145,130,172,139,226,252,259,281,205,269,265,212,206,219,170,172,208,165,298,158,75,264,253,192,201,235,121,154,129,261,260,220,255,256,267,275,249,230,270,276,93,69,294,291,,,307,341,,75,164,235,231,269,268,281,309,278,269,203,204,198,149,137,297,270,266,217,263,284,239,76,295,,324,,80,163,55,18,55,41,44,125,40,26,37,81,47,330,332,138,333,344,89,157,30,76,46,256,46,355,235,255,175,260,197,267,17,65,82,58,17,176,224,70,125,,,153,63,,162,164,135,256,63,160,67,19,36,57,124,31,38,336,341,341,93,163,258,194,235,20,71,190,75,,111,,158,b'\x11\xe8\xe1I\xc9\xc2H\x02\xaf\x82\x12\xdf\x17\xaeN\x1e'
11E8E149-C9C2-4802-AF82-12DF17AE4E1E,2026-ncaa-d0-natl,genius_ncaa,212,80,327,171,334,316,314,336,140,287,316,143,320,336,204,269,279,236,329,246,80,332,330,157,170,201,240,276,93,324,219,313,306,319,251,316,247,73,266,254,328,301,216,137,,,33,107,,73,229,331,41,97,161,163,199,124,135,244,260,96,42,52,155,85,209,95,128,199,296,240,101,,211,,207,248,44,46,52,192,27,45,103,196,96,339,251,27,53,13,55,192,46,39,231,192,223,309,341,74,154,306,27,219,50,251,34,73,321,250,186,98,280,10,67,,,294,77,,187,229,32,213,269,248,306,297,342,208,290,354,328,156,241,241,344,345,348,210,321,200,164,292,69,,50,,85,b'\x11\xe8\xe1I\xc9\xc2H\x02\xaf\x82\x12\xdf\x17\xaeN\x1e'
11E8E149-C9C2-4802-AF82-12DF17AE4E1E,2026-ncaa-d1-natl,genius_ncaa,203,80,345,166,350,314,299,341,134,248,308,110,331,331,300,269,239,206,288,219,99,339,340,171,169,191,298,317,96,306,204,307,292,323,217,294,206,78,223,218,296,209,174,86,,,37,133,,108,216,341,34,100,126,119,124,66,94,268,238,74,39,49,89,50,172,61,90,149,278,156,76,,241,,243,218,46,42,44,157,15,24,92,238,135,328,285,54,88,23,85,237,41,27,216,183,211,337,345,112,181,292,23,204,58,217,46,125,314,227,192,113,261,13,54,,,282,104,,162,216,20,199,249,223,308,289,343,159,253,357,339,192,266,268,341,343,346,228,324,228,145,296,73,,45,,70,b'\x11\xe8\xe1I\xc9\xc2H\x02\xaf\x82\x12\xdf\x17\xaeN\x1e'
11E8E149-C9C6-A208-AF82-12DF17AE4E1E,2010-ncaa-d0-natl,ncaa,336,317,337,337,337,333,323,331,277,264,232,287,344,344,328,337,274,264,247,265,235,331,335,308,305,301,330,341,50,331,316,332,321,340,331,331,265,84,273,301,271,207,341,341,,,11,46,,,321,331,141,91,309,295,278,158,63,341,340,175,145,147,260,220,298,244,299,306,256,180,337,,86,,,329,48,122,58,292,193,84,320,44,84,59,160,14,33,7,37,76,42,26,271,208,239,20,90,32,164,321,66,316,78,331,68,63,310,230,232,168,294,197,250,,,336,231,,,321,16,325,289,325,287,328,310,333,300,144,210,84,134,138,296,274,314,280,309,229,186,284,297,,250,,,b'\x11\xe8\xe1I\xc9\xc6\xa2\x08\xaf\x82\x12\xdf\x17\xaeN\x1e'
11E8E149-C9C6-A208-AF82-12DF17AE4E1E,2010-ncaa-d1-conf-MEAC,ncaa,11,11,6,11,7,10,10,10,9,7,6,9,11,11,11,10,10,10,6,10,10,10,10,9,9,10,10,11,4,11,11,10,11,11,11,7,2,6,10,6,11,11,11,11,,,2,1,,,11,8,5,3,10,9,9,5,3,11,11,9,10,10,10,10,11,9,11,5,8,11,11,,3,,,11,10,10,9,11,10,5,11,9,10,4,9,1,3,3,4,3,9,7,11,10,10,4,7,1,10,11,8,11,9,11,10,8,10,11,11,10,11,11,11,,,11,11,,,11,5,10,11,11,11,11,11,11,8,10,11,2,4,5,11,10,10,11,11,11,10,11,11,,11,,,b'\x11\xe8\xe1I\xc9\xc6\xa2\x08\xaf\x82\x12\xdf\x17\xaeN\x1e'
11E8E149-C9C6-A208-AF82-12DF17AE4E1E,2010-ncaa-d1-natl,ncaa,333,317,342,333,343,330,326,333,265,255,221,275,343,342,323,335,251,239,236,237,203,331,338,304,297,301,322,338,43,334,321,332,324,342,332,329,268,112,276,307,265,209,342,342,,,19,53,,,323,333,131,92,306,293,282,154,73,341,338,157,122,121,260,218,311,270,315,306,259,190,340,,100,,,325,76,171,72,309,227,95,327,51,90,70,162,22,47,8,49,87,46,29,287,235,253,19,88,37,170,324,74,321,97,332,83,60,288,212,213,194,291,193,244,,,322,205,,,323,14,321,298,324,295,328,303,334,295,144,208,94,148,145,288,279,312,273,302,235,170,283,285,,228,,,b'\x11\xe8\xe1I\xc9\xc6\xa2\x08\xaf\x82\x12\xdf\x17\xaeN\x1e'
11E8E149-C9C6-A208-AF82-12DF17AE4E1E,2011-ncaa-d0-natl,ncaa,282,242,319,279,321,303,280,312,175,220,207,231,307,329,110,310,318,289,318,293,299,317,306,215,245,271,310,279,250,252,155,320,250,311,227,309,308,184,301,305,271,229,328,325,,,157,295,,,285,311,160,90,267,211,228,133,88,299,319,286,227,240,240,158,160,271,242,285,294,219,321,,293,,,290,70,53,23,268,100,46,265,39,29,187,56,249,279,82,274,312,33,32,241,269,260,147,54,303,72,250,27,155,27,227,43,80,262,169,142,209,298,184,205,,,319,288,,,285,39,272,259,288,253,196,119,241,202,89,66,313,326,326,200,216,192,156,173,144,151,295,260,,261,,,b'\x11\xe8\xe1I\xc9\xc6\xa2\x08\xaf\x82\x12\xdf\x17\xaeN\x1e'
11E8E149-C9C6-A208-AF82-12DF17AE4E1E,2011-ncaa-d1-conf-MEAC,ncaa,11,11,7,11,10,9,7,7,8,7,4,9,10,8,7,8,11,11,9,11,11,8,8,9,10,9,10,6,11,8,8,9,9,10,9,8,9,8,9,8,10,9,11,11,,,6,9,,,11,9,5,7,9,6,4,4,2,8,8,11,11,11,6,5,6,10,10,8,7,9,11,,8,,,11,10,8,4,11,9,4,10,8,4,11,4,11,11,10,11,11,4,4,11,11,11,10,6,10,4,9,6,8,5,9,9,7,9,9,10,10,11,11,10,,,11,11,,,11,3,10,11,11,11,8,5,9,5,8,5,11,11,11,6,7,4,8,7,9,10,11,11,,11,,,b'\x11\xe8\xe1I\xc9\xc6\xa2\x08\xaf\x82\x12\xdf\x17\xaeN\x1e'
11E8E149-C9C6-A208-AF82-12DF17AE4E1E,2011-ncaa-d1-natl,ncaa,268,240,321,268,324,299,270,311,166,208,187,222,312,331,112,315,312,277,329,281,289,314,300,213,240,273,316,285,248,245,162,313,251,311,227,301,296,222,304,302,257,222,333,330,,,175,287,,,278,306,151,89,260,209,231,133,84,301,323,282,210,221,245,155,167,260,237,279,300,209,327,,291,,,287,80,65,23,251,123,69,249,36,23,172,46,256,283,71,278,307,42,46,222,245,223,126,45,301,89,251,35,162,35,227,40,75,242,163,132,223,291,187,196,,,310,270,,,278,44,275,237,279,236,192,126,243,213,79,55,307,323,323,204,225,200,155,175,131,143,291,256,,253,,,b'\x11\xe8\xe1I\xc9\xc6\xa2\x08\xaf\x82\x12\xdf\x17\xaeN\x1e'
11E8E149-C9C6-A208-AF82-12DF17AE4E1E,2012-ncaa-d0-natl,ncaa,252,202,318,246,321,272,231,270,158,127,104,217,336,340,227,338,217,171,292,171,242,262,263,242,250,257,331,336,117,124,43,300,271,231,111,246,210,148,237,237,246,216,323,307,,,115,224,,,244,297,117,17,163,115,107,38,8,332,336,120,60,65,92,49,32,200,75,161,281,191,310,,272,,,251,110,74,55,203,60,27,247,209,229,147,294,193,178,227,172,297,61,59,221,246,240,294,263,260,144,271,16,43,36,111,72,135,240,176,159,95,165,304,282,,,260,192,,,244,50,209,253,241,275,234,244,196,132,285,312,295,288,287,274,282,275,117,190,199,130,212,333,,112,,,b'\x11\xe8\xe1I\xc9\xc6\xa2\x08\xaf\x82\x12\xdf\x17\xaeN\x1e'
11E8E149-C9C6-A208-AF82-12DF17AE4E1E,2012-ncaa-d1-conf-MEAC,ncaa,8,9,4,9,5,7,6,7,5,2,1,8,12,13,3,13,7,5,8,5,11,6,5,8,8,8,13,13,7,5,4,6,4,6,6,6,4,9,10,8,11,12,13,13,,,10,9,,,9,4,6,6,7,7,5,1,1,13,13,6,6,5,6,5,4,7,6,5,8,11,13,,10,,,9,12,9,9,8,8,5,8,13,13,11,13,11,11,12,11,11,9,7,10,10,12,12,13,6,6,4,8,4,6,6,8,5,11,11,10,8,5,13,11,,,9,11,,,9,11,7,10,9,11,8,10,8,5,13,13,11,9,9,10,7,5,7,4,8,11,7,13,,7,,,b'\x11\xe8\xe1I\xc9\xc6\xa2\x08\xaf\x82\x12\xdf\x17\xaeN\x1e'
11E8E149-C9C6-A208-AF82-12DF17AE4E1E,2012-ncaa-d1-natl,ncaa,234,201,286,231,292,226,193,218,165,88,51,230,335,337,225,340,156,105,298,107,217,202,178,248,259,266,330,337,93,75,33,244,258,152,99,219,213,243,252,249,229,218,317,309,,,183,222,,,231,223,98,22,165,118,108,34,5,334,336,98,43,46,82,35,21,145,48,164,294,182,312,,275,,,231,171,127,136,158,86,63,213,233,281,117,292,230,223,199,219,288,148,139,184,200,209,293,264,255,219,258,39,33,92,99,106,138,195,180,145,160,174,318,269,,,175,179,,,231,123,221,225,228,261,217,267,179,148,279,315,288,285,283,281,293,287,120,213,189,121,227,335,,82,,,b'\x11\xe8\xe1I\xc9\xc6\xa2\x08\xaf\x82\x12\xdf\x17\xaeN\x1e'
11E8E149-C9C6-A208-AF82-12DF17AE4E1E,2013-ncaa-d0-natl,ncaa,317,303,302,318,302,318,284,279,272,186,101,296,339,341,298,341,307,264,322,264,322,277,253,315,322,330,337,337,193,120,54,242,255,198,122,240,120,270,314,286,283,279,312,297,,,180,276,,,313,279,173,20,294,249,170,109,21,337,341,278,214,209,179,83,49,127,61,194,322,254,302,,286,,,315,120,59,90,93,21,40,78,281,243,272,291,262,260,162,262,329,113,76,159,192,239,335,303,283,199,255,39,54,82,122,81,162,287,271,209,232,274,231,183,,,299,301,,,313,59,323,264,317,260,169,240,82,114,316,304,304,303,310,284,240,294,144,219,167,235,299,283,,244,,,b'\x11\xe8\xe1I\xc9\xc6\xa2\x08\xaf\x82\x12\xdf\x17\xaeN\x1e'
11E8E149-C9C6-A208-AF82-12DF17AE4E1E,2013-ncaa-d1-conf-MEAC,ncaa,10,10,4,10,4,7,5,7,5,2,2,5,10,12,8,12,6,4,12,4,11,6,3,7,7,9,13,12,8,4,3,2,7,2,4,3,2,11,10,8,11,12,11,10,,,12,11,,,11,2,2,1,7,5,7,1,1,10,12,6,5,5,7,3,4,1,3,2,10,11,11,,13,,,10,13,12,13,6,4,7,4,13,13,10,13,11,11,9,11,13,13,12,9,10,13,13,13,8,11,7,4,3,10,4,11,9,11,12,11,12,10,10,8,,,5,11,,,11,11,9,13,10,13,10,13,4,4,13,13,12,12,12,13,12,10,5,9,10,11,11,10,,6,,,b'\x11\xe8\xe1I\xc9\xc6\xa2\x08\xaf\x82\x12\xdf\x17\xaeN\x1e'
11E8E149-C9C6-A208-AF82-12DF17AE4E1E,2013-ncaa-d1-natl,ncaa,310,303,292,311,292,317,280,252,280,172,83,297,341,341,307,341,292,250,310,245,318,261,219,320,327,332,337,337,177,108,54,224,263,171,127,241,130,287,313,289,274,270,305,287,,,193,264,,,314,258,165,18,293,254,172,116,22,338,341,265,209,206,180,81,50,141,72,211,324,245,296,,282,,,316,158,72,102,98,27,42,81,298,272,287,293,265,265,174,265,323,138,104,163,202,234,339,311,278,223,263,52,54,100,127,103,179,263,252,202,251,271,251,190,,,293,307,,,314,84,323,257,312,255,165,233,76,101,318,308,303,300,304,278,243,291,148,221,178,214,299,288,,245,,,b'\x11\xe8\xe1I\xc9\xc6\xa2\x08\xaf\x82\x12\xdf\x17\xaeN\x1e'
11E8E149-C9C6-A208-AF82-12DF17AE4E1E,2014-ncaa-d0-natl,ncaa,239,173,334,226,340,329,331,315,329,262,154,341,346,346,320,342,181,179,156,175,221,304,283,343,335,338,310,343,8,173,101,234,147,214,107,315,203,258,316,321,306,297,251,209,,,102,231,,,282,307,76,168,305,312,185,178,19,344,342,70,73,66,152,67,78,58,40,284,336,263,214,,262,,,289,30,19,52,55,23,23,117,95,184,19,258,190,189,149,186,304,58,45,54,77,114,286,174,303,92,147,48,101,48,107,19,110,283,226,121,287,326,340,329,,,280,204,,,282,41,332,119,288,193,122,247,123,148,186,299,297,302,302,290,270,227,217,248,94,184,336,348,,136,,,b'\x11\xe8\xe1I\xc9\xc6\xa2\x08\xaf\x82\x12\xdf\x17\xaeN\x1e'
11E8E149-C9C6-A208-AF82-12DF17AE4E1E,2014-ncaa-d1-conf-MEAC,ncaa,7,6,9,7,11,10,11,8,11,8,5,11,13,13,11,13,3,5,2,5,6,8,8,13,11,11,7,13,1,8,6,6,2,6,6,9,8,10,12,11,11,10,10,9,,,7,9,,,11,7,2,7,9,10,8,8,2,13,13,1,3,3,5,5,5,2,4,9,11,10,10,,9,,,11,6,6,7,6,4,2,7,12,12,5,13,11,7,12,7,10,6,6,6,6,9,12,12,9,3,2,4,6,3,6,5,7,10,12,8,11,10,13,13,,,7,7,,,11,7,12,8,11,10,8,10,6,5,13,13,11,8,8,10,8,6,8,5,6,10,11,13,,6,,,b'\x11\xe8\xe1I\xc9\xc6\xa2\x08\xaf\x82\x12\xdf\x17\xaeN\x1e'
11E8E149-C9C6-A208-AF82-12DF17AE4E1E,2014-ncaa-d1-natl,ncaa,230,171,333,220,337,318,317,309,312,232,121,331,345,344,298,342,179,178,156,175,230,288,264,334,323,330,314,341,14,164,95,209,133,184,96,297,193,260,308,308,300,281,243,207,,,117,215,,,255,286,77,172,286,290,166,141,18,342,342,76,83,75,135,68,77,41,34,266,329,255,209,,258,,,259,30,18,61,42,24,37,97,98,193,18,250,190,199,129,192,294,72,60,41,59,88,279,172,299,107,133,55,95,56,96,25,112,260,221,109,296,320,337,322,,,272,211,,,255,55,320,97,258,171,105,247,117,160,173,289,285,296,296,287,269,228,206,233,84,180,332,347,,141,,,b'\x11\xe8\xe1I\xc9\xc6\xa2\x08\xaf\x82\x12\xdf\x17\xaeN\x1e'
11E8E149-C9C6-A208-AF82-12DF17AE4E1E,2015-ncaa-d0-natl,ncaa,188,189,172,200,172,179,190,134,250,105,55,272,315,309,300,326,82,97,75,98,221,133,106,298,266,262,297,328,33,94,97,57,72,71,50,225,240,253,219,263,244,272,299,322,,,172,122,,,143,121,75,3,168,183,88,68,21,317,311,47,72,75,76,37,74,21,15,223,271,258,305,,189,,,142,94,119,221,46,132,233,51,147,184,90,166,95,168,4,167,124,215,226,49,30,45,133,189,130,160,72,157,97,162,50,69,67,132,151,76,160,127,345,331,,,138,200,,,143,230,257,38,142,127,142,283,156,269,164,200,111,178,172,279,297,179,185,192,81,121,182,348,,98,,,b'\x11\xe8\xe1I\xc9\xc6\xa2\x08\xaf\x82\x12\xdf\x17\xaeN\x1e'
11E8E149-C9C6-A208-AF82-12DF17AE4E1E,2015-ncaa-d1-conf-MEAC,ncaa,3,4,2,4,2,1,2,3,4,2,1,5,9,11,4,12,1,2,1,3,8,2,2,6,4,3,11,11,4,3,2,1,1,1,1,1,4,9,5,3,10,13,10,10,,,8,3,,,4,2,4,1,2,2,2,3,3,10,12,2,3,3,2,3,3,1,1,2,6,12,10,,4,,,4,9,10,13,3,10,11,2,13,12,8,10,7,6,5,6,2,13,11,4,2,5,9,12,4,4,1,7,2,6,1,5,2,7,11,5,6,5,13,13,,,3,9,,,4,12,3,4,4,5,5,11,5,11,11,11,3,2,2,11,10,3,3,2,4,10,6,13,,4,,,b'\x11\xe8\xe1I\xc9\xc6\xa2\x08\xaf\x82\x12\xdf\x17\xaeN\x1e'
11E8E149-C9C6-A208-AF82-12DF17AE4E1E,2015-ncaa-d1-natl,ncaa,206,189,209,209,209,212,222,168,259,124,72,278,318,317,301,326,99,121,73,123,220,161,134,303,270,272,295,328,33,111,107,74,74,85,52,248,246,241,221,269,270,280,308,324,,,137,124,,,161,155,83,3,181,196,95,76,23,318,312,51,74,76,81,40,77,22,19,234,275,263,305,,188,,,160,66,96,190,50,103,204,56,127,167,95,160,84,146,5,144,124,181,186,51,36,51,130,184,128,143,74,127,107,127,52,55,69,156,157,83,146,132,345,333,,,161,195,,,161,198,263,43,155,134,149,284,160,271,166,201,115,181,178,281,293,185,190,197,86,125,186,348,,100,,,b'\x11\xe8\xe1I\xc9\xc6\xa2\x08\xaf\x82\x12\xdf\x17\xaeN\x1e'
11E8E149-C9C6-A208-AF82-12DF17AE4E1E,2016-ncaa-d0-natl,ncaa,338,318,321,339,324,315,304,278,292,218,154,293,332,328,333,315,266,201,337,211,230,271,251,320,326,331,320,322,129,131,99,320,317,274,239,248,118,266,305,278,212,189,76,72,,,65,91,,,309,283,39,88,261,230,109,106,32,327,307,199,99,118,100,29,43,261,136,182,333,136,42,,181,,,314,130,170,95,273,259,197,269,37,38,86,36,166,146,211,151,146,99,91,230,230,215,31,29,187,199,317,90,99,120,239,125,120,196,155,165,251,290,210,201,,,240,205,,,309,80,325,241,304,294,306,304,332,334,71,79,256,254,261,312,330,309,268,304,240,81,319,287,,103,,,b'\x11\xe8\xe1I\xc9\xc6\xa2\x08\xaf\x82\x12\xdf\x17\xaeN\x1e'
11E8E149-C9C6-A208-AF82-12DF17AE4E1E,2016-ncaa-d1-conf-MEAC,ncaa,12,12,8,12,10,10,8,8,10,7,7,10,10,10,8,9,8,9,9,9,9,8,7,9,10,10,9,9,7,6,8,13,10,11,11,5,3,11,9,8,7,8,2,3,,,5,6,,,12,8,5,5,8,7,5,7,5,9,8,7,8,8,6,3,4,11,8,4,12,4,2,,8,,,12,10,12,7,12,12,9,12,4,6,5,5,7,5,11,6,5,8,6,12,12,12,3,4,6,4,10,6,8,5,11,7,3,8,9,8,9,9,3,4,,,9,7,,,12,6,10,10,12,11,12,10,12,11,5,7,10,7,9,11,11,7,10,10,9,6,12,4,,5,,,b'\x11\xe8\xe1I\xc9\xc6\xa2\x08\xaf\x82\x12\xdf\x17\xaeN\x1e'
11E8E149-C9C6-A208-AF82-12DF17AE4E1E,2016-ncaa-d1-natl,ncaa,342,317,348,342,348,334,325,312,297,249,188,302,335,334,333,312,282,231,339,240,230,307,289,325,331,336,319,322,120,154,106,343,322,308,249,266,124,240,312,286,239,201,85,77,,,45,96,,,313,318,39,86,269,239,115,115,38,327,306,203,100,123,102,29,48,267,143,193,336,145,41,,185,,,321,111,149,60,280,239,166,278,27,24,94,36,154,130,216,135,148,60,53,237,237,225,31,30,183,170,322,65,106,84,249,114,121,228,165,183,233,291,205,212,,,266,201,,,313,43,326,254,311,300,315,305,333,335,77,79,262,254,265,317,330,314,271,308,247,89,320,294,,110,,,b'\x11\xe8\xe1I\xc9\xc6\xa2\x08\xaf\x82\x12\xdf\x17\xaeN\x1e'
11E8E149-C9C6-A208-AF82-12DF17AE4E1E,2017-ncaa-d0-natl,ncaa,197,152,291,198,315,276,251,223,268,171,124,274,329,312,327,307,232,152,329,156,213,216,231,304,309,291,318,322,130,160,167,143,219,152,187,195,87,119,157,164,150,123,37,19,,,97,132,,,131,261,78,268,232,204,96,103,32,324,286,173,82,87,86,74,79,38,38,138,207,104,19,,191,,,127,7,5,67,4,9,147,3,40,40,100,61,192,242,17,238,261,93,119,4,6,5,277,148,325,232,219,186,167,215,187,8,108,159,120,25,128,165,290,259,,,227,191,,,131,91,280,10,126,51,21,206,29,262,76,96,258,311,306,248,297,307,306,316,30,81,202,318,,131,,,b'\x11\xe8\xe1I\xc9\xc6\xa2\x08\xaf\x82\x12\xdf\x17\xaeN\x1e'
11E8E149-C9C6-A208-AF82-12DF17AE4E1E,2017-ncaa-d1-conf-MEAC,ncaa,5,4,5,5,6,4,2,4,4,1,1,4,10,11,7,12,9,8,8,8,13,4,4,4,4,3,13,12,13,8,10,4,5,6,8,1,1,4,3,1,5,7,2,1,,,5,3,,,5,6,3,5,4,2,4,2,1,11,12,9,8,8,4,7,10,4,7,1,4,7,2,,4,,,5,7,4,10,2,1,11,2,11,6,12,5,10,10,11,10,9,9,8,2,2,3,13,12,10,8,5,11,10,10,8,5,5,6,8,3,7,6,13,10,,,7,11,,,5,8,5,3,4,6,3,9,2,11,9,6,11,10,10,9,11,8,11,12,4,7,7,12,,10,,,b'\x11\xe8\xe1I\xc9\xc6\xa2\x08\xaf\x82\x12\xdf\x17\xaeN\x1e'
11E8E149-C9C6-A208-AF82-12DF17AE4E1E,2017-ncaa-d1-natl,ncaa,175,151,217,175,288,236,206,159,256,127,72,262,327,292,330,310,209,126,327,128,231,152,161,299,312,287,322,324,143,106,125,89,195,88,148,159,83,154,153,147,125,125,19,9,,,124,116,,,106,197,70,270,213,176,72,83,27,325,284,179,84,89,70,58,64,27,20,123,210,100,6,,168,,,105,11,6,138,3,11,189,3,57,83,73,86,207,262,15,258,248,156,185,3,6,5,280,166,319,270,195,238,125,265,148,11,108,122,115,22,151,148,307,253,,,182,193,,,106,153,269,7,106,39,12,210,20,255,87,120,241,296,291,250,298,305,284,301,26,79,191,320,,118,,,b'\x11\xe8\xe1I\xc9\xc6\xa2\x08\xaf\x82\x12\xdf\x17\xaeN\x1e'
11E8E149-C9C6-A208-AF82-12DF17AE4E1E,2018-ncaa-d0-natl,ncaa,118,74,242,101,256,244,259,283,200,234,238,210,255,265,207,240,135,56,326,53,17,243,207,215,228,277,181,238,48,145,89,74,148,91,60,224,165,312,311,289,216,214,5,1,,,136,160,,,83,218,121,104,235,254,271,214,189,238,252,91,24,23,200,97,97,13,19,212,320,195,2,,208,,,81,6,7,118,3,6,127,2,38,115,6,136,172,245,10,249,272,133,139,1,3,4,279,156,321,236,148,72,89,115,60,27,251,161,144,57,271,287,192,238,,,77,30,,,83,122,260,6,84,17,7,188,11,200,53,158,215,280,283,220,256,290,127,197,63,108,302,222,,17,,,b'\x11\xe8\xe1I\xc9\xc6\xa2\x08\xaf\x82\x12\xdf\x17\xaeN\x1e'
11E8E149-C9C6-A208-AF82-12DF17AE4E1E,2018-ncaa-d1-conf-MEAC,ncaa,4,4,9,4,10,9,9,13,3,9,13,1,8,8,8,4,9,9,5,9,2,13,12,3,3,3,6,7,5,12,8,3,1,5,1,6,4,6,10,5,13,13,1,1,,,2,5,,,4,13,11,4,6,8,12,8,12,8,6,4,7,7,12,12,12,2,3,6,9,13,1,,2,,,4,1,1,2,1,1,3,1,5,6,3,8,2,3,3,3,5,3,1,1,1,3,9,9,8,1,1,1,8,1,1,4,8,13,11,9,11,11,6,12,,,7,4,,,4,1,5,2,4,3,3,6,2,6,7,9,4,5,5,6,3,4,2,2,5,12,11,9,,5,,,b'\x11\xe8\xe1I\xc9\xc6\xa2\x08\xaf\x82\x12\xdf\x17\xaeN\x1e'
11E8E149-C9C6-A208-AF82-12DF17AE4E1E,2018-ncaa-d1-natl,ncaa,134,74,315,103,319,280,291,318,218,260,263,218,275,288,212,241,151,74,328,71,19,284,259,230,239,281,176,235,43,176,100,92,155,119,72,256,163,294,313,297,237,218,5,1,,,112,163,,,97,280,126,89,246,271,279,227,194,242,255,96,25,23,208,102,104,16,20,228,321,201,2,,213,,,90,3,3,72,3,6,91,2,32,87,6,135,157,229,13,235,275,85,84,1,3,5,275,153,319,210,155,39,100,84,72,14,252,185,148,63,260,292,183,244,,,101,26,,,97,59,273,7,93,18,9,190,15,208,54,153,220,285,288,223,254,290,129,199,64,118,304,222,,17,,,b'\x11\xe8\xe1I\xc9\xc6\xa2\x08\xaf\x82\x12\xdf\x17\xaeN\x1e'
11E8E149-C9C6-A208-AF82-12DF17AE4E1E,2019-ncaa-d0-natl,ncaa,163,152,173,165,247,266,265,279,220,221,211,206,285,281,286,249,192,194,194,190,161,272,234,246,237,277,255,267,88,178,92,186,198,175,99,164,37,305,326,242,100,71,126,76,,,148,190,,,134,249,237,345,288,291,310,225,203,293,273,179,180,171,301,221,152,170,157,143,307,87,118,,178,,,133,14,12,66,15,23,51,63,51,177,8,249,147,193,27,194,273,75,120,17,18,12,238,159,277,201,198,35,92,67,99,72,274,79,45,42,155,188,195,218,,,144,71,,,134,107,271,16,125,16,13,58,20,42,64,190,157,218,212,59,139,220,42,79,95,56,172,204,,103,,,b'\x11\xe8\xe1I\xc9\xc6\xa2\x08\xaf\x82\x12\xdf\x17\xaeN\x1e'
11E8E149-C9C6-A208-AF82-12DF17AE4E1E,2019-ncaa-d1-conf-MEAC,ncaa,4,4,1,4,2,5,2,5,1,2,6,1,6,7,5,8,8,10,4,9,11,6,5,1,1,3,11,8,12,8,4,3,3,5,2,1,1,8,8,2,3,3,2,3,,,4,4,,,3,4,11,12,5,4,11,3,8,8,9,12,12,12,11,11,11,5,7,1,5,4,5,,2,,,3,3,2,8,2,2,4,2,8,12,1,12,6,6,7,6,5,7,8,2,2,2,10,9,6,5,3,2,4,3,2,6,12,4,4,4,4,4,5,5,,,7,9,,,3,10,4,3,3,2,2,3,2,2,7,11,6,4,4,3,2,4,1,1,4,8,3,4,,11,,,b'\x11\xe8\xe1I\xc9\xc6\xa2\x08\xaf\x82\x12\xdf\x17\xaeN\x1e'
11E8E149-C9C6-A208-AF82-12DF17AE4E1E,2019-ncaa-d1-natl,ncaa,148,152,107,159,155,233,230,236,194,173,175,188,265,254,259,236,196,199,204,194,185,236,171,217,214,269,253,250,140,131,65,144,192,127,81,109,31,329,329,225,82,74,89,58,,,205,202,,,116,181,220,345,276,263,299,202,197,275,270,219,210,203,300,211,132,163,141,113,316,86,92,,190,,,113,19,15,102,11,26,85,43,54,205,4,243,164,221,38,220,266,121,190,12,10,4,236,149,283,240,192,40,65,90,81,71,258,60,42,36,185,173,195,200,,,120,109,,,116,175,263,6,113,11,11,58,19,43,52,180,155,211,213,63,147,224,31,70,69,57,168,186,,134,,,b'\x11\xe8\xe1I\xc9\xc6\xa2\x08\xaf\x82\x12\xdf\x17\xaeN\x1e'
11E8E149-C9C6-A208-AF82-12DF17AE4E1E,2020-ncaa-d0-natl,ncaa,104,81,191,102,194,193,149,178,128,60,40,145,333,322,322,328,144,66,312,65,169,157,144,226,243,235,337,335,118,152,158,234,238,201,220,248,303,224,194,252,6,7,134,116,,,141,123,,,99,146,92,23,181,125,132,36,26,335,325,123,59,56,92,78,138,224,190,247,229,5,136,,177,,,99,56,37,80,51,43,126,40,104,97,158,134,212,195,250,169,217,92,207,52,80,17,261,173,294,220,238,195,158,209,220,37,102,11,16,7,203,173,345,322,,,121,139,,,99,192,232,19,106,67,39,91,49,140,115,105,225,215,195,96,276,235,221,245,48,9,219,347,,98,,,b'\x11\xe8\xe1I\xc9\xc6\xa2\x08\xaf\x82\x12\xdf\x17\xaeN\x1e'
11E8E149-C9C6-A208-AF82-12DF17AE4E1E,2020-ncaa-d1-conf-MEAC,ncaa,2,2,3,2,4,4,2,6,2,1,2,3,10,11,3,11,8,8,8,8,9,6,8,2,3,3,11,11,10,7,5,6,4,8,6,4,7,3,3,2,1,1,6,5,,,3,3,,,3,7,7,2,4,2,5,1,1,10,11,9,8,8,5,7,6,6,7,4,3,1,6,,3,,,3,3,3,4,3,2,4,3,6,5,6,6,4,1,11,1,2,3,4,3,4,4,7,5,7,3,4,2,5,2,6,2,3,4,3,2,5,5,11,10,,,7,8,,,3,5,2,4,2,3,3,3,3,4,6,5,4,1,1,3,3,2,1,1,2,3,5,11,,7,,,b'\x11\xe8\xe1I\xc9\xc6\xa2\x08\xaf\x82\x12\xdf\x17\xaeN\x1e'
11E8E149-C9C6-A208-AF82-12DF17AE4E1E,2020-ncaa-d1-natl,ncaa,92,81,128,94,134,160,106,120,119,37,26,144,319,317,300,324,125,56,314,53,174,89,91,207,225,215,333,331,129,118,141,228,228,182,206,219,296,221,177,231,6,4,139,121,,,150,112,,,75,86,79,21,149,96,101,30,24,324,320,116,53,51,70,60,114,225,174,222,222,5,141,,172,,,74,61,35,86,53,41,130,41,106,94,166,134,216,198,248,183,223,97,247,56,88,16,265,172,294,211,228,223,141,221,206,45,113,10,14,6,207,153,345,313,,,84,134,,,75,246,211,18,83,63,40,81,45,130,112,100,224,214,195,88,276,217,231,238,49,8,206,347,,84,,,b'\x11\xe8\xe1I\xc9\xc6\xa2\x08\xaf\x82\x12\xdf\x17\xaeN\x1e'
11E8E149-C9C6-A208-AF82-12DF17AE4E1E,2021-ncaa-d0-natl,ncaa,290,104,323,260,327,327,331,322,340,332,324,338,313,304,308,134,302,297,287,297,41,322,323,339,330,331,50,134,14,291,110,322,328,319,289,323,41,41,304,301,222,19,260,98,,,34,294,,,211,323,129,343,318,333,221,332,226,228,139,113,59,63,195,89,57,208,104,252,310,14,108,,312,,,235,17,15,19,28,18,21,65,14,25,5,114,37,54,5,54,302,22,22,21,23,11,136,45,314,74,328,21,110,34,289,21,298,287,37,55,24,173,36,228,,,319,165,,,211,21,328,31,240,51,37,125,94,163,35,112,243,313,312,184,298,338,278,327,167,23,198,196,,122,,,b'\x11\xe8\xe1I\xc9\xc6\xa2\x08\xaf\x82\x12\xdf\x17\xaeN\x1e'
11E8E149-C9C6-A208-AF82-12DF17AE4E1E,2021-ncaa-d1-conf-MEAC,ncaa,4,5,6,4,6,6,6,6,7,7,6,7,4,5,6,2,4,6,5,6,4,6,6,7,6,6,3,2,5,6,6,5,4,6,6,5,3,2,5,3,4,2,4,4,,,3,8,,,4,6,7,8,6,6,5,6,6,3,2,5,5,5,5,7,5,4,4,3,5,1,5,,8,,,4,2,2,2,3,2,3,3,2,2,1,3,2,4,1,4,7,2,3,3,3,3,4,1,8,3,4,3,6,3,6,3,6,5,5,5,3,5,3,6,,,7,6,,,4,2,5,3,4,2,2,2,3,2,1,3,6,7,7,3,3,6,8,7,6,5,5,6,,5,,,b'\x11\xe8\xe1I\xc9\xc6\xa2\x08\xaf\x82\x12\xdf\x17\xaeN\x1e'
11E8E149-C9C6-A208-AF82-12DF17AE4E1E,2021-ncaa-d1-natl,ncaa,277,104,320,244,323,321,323,320,329,326,318,325,305,299,299,154,294,283,298,286,45,318,313,323,317,327,76,160,28,284,107,310,320,308,249,313,54,50,304,299,208,22,262,126,,,45,274,,,200,318,76,343,303,317,202,314,204,228,148,110,54,57,164,58,61,143,66,227,316,14,116,,307,,,212,21,20,26,24,19,28,55,18,30,12,137,39,57,5,56,286,28,32,21,20,11,160,81,291,77,320,29,107,42,249,23,280,270,40,57,32,183,38,195,,,312,158,,,200,26,320,25,214,60,46,170,95,180,54,156,218,302,301,216,316,337,270,324,167,19,220,181,,103,,,b'\x11\xe8\xe1I\xc9\xc6\xa2\x08\xaf\x82\x12\xdf\x17\xaeN\x1e'
11E8E149-C9C6-A208-AF82-12DF17AE4E1E,2022-ncaa-d0-natl,ncaa,139,106,216,132,248,249,256,213,296,227,203,245,263,206,327,192,182,128,303,123,85,206,190,299,306,297,207,241,79,94,69,289,345,220,254,292,302,240,241,307,10,4,78,11,,,299,315,,,100,230,121,275,253,265,181,212,166,256,176,141,98,93,156,97,57,318,188,304,271,3,58,,326,,,101,29,6,46,3,7,26,23,78,199,8,289,307,318,123,317,349,72,194,3,23,3,348,187,355,315,345,135,69,210,254,33,308,13,5,4,40,49,83,101,,,245,263,,,100,143,263,6,90,20,2,30,3,16,91,245,327,329,329,75,292,333,180,277,57,4,62,95,,221,,,b'\x11\xe8\xe1I\xc9\xc6\xa2\x08\xaf\x82\x12\xdf\x17\xaeN\x1e'
11E8E149-C9C6-A208-AF82-12DF17AE4E1E,2022-ncaa-d1-conf-MEAC,ncaa,2,2,1,2,1,2,2,2,3,4,4,2,1,1,3,2,4,4,5,4,4,2,2,2,3,3,5,2,6,4,4,5,7,4,6,2,5,5,5,4,1,1,2,1,,,6,5,,,1,2,5,3,4,3,6,4,6,3,3,5,5,5,6,6,5,6,7,2,5,1,2,,5,,,1,1,1,4,1,1,1,1,4,6,1,7,7,4,7,4,6,4,8,1,1,1,7,6,7,7,7,7,4,8,6,5,6,1,1,1,2,1,2,2,,,4,7,,,1,7,4,1,1,1,1,2,1,1,4,6,4,3,3,2,5,6,4,4,3,1,1,1,,6,,,b'\x11\xe8\xe1I\xc9\xc6\xa2\x08\xaf\x82\x12\xdf\x17\xaeN\x1e'
11E8E149-C9C6-A208-AF82-12DF17AE4E1E,2022-ncaa-d1-natl,ncaa,135,106,213,132,251,250,263,210,309,230,183,274,263,205,332,199,150,122,272,115,83,193,172,307,308,305,201,250,64,84,75,290,346,217,269,297,312,235,227,314,10,6,73,11,,,306,315,,,107,219,105,275,254,273,171,212,151,265,183,119,81,79,139,86,53,301,176,313,267,5,56,,326,,,105,25,7,45,3,6,29,20,76,193,7,275,314,322,121,324,348,76,196,3,22,4,345,173,355,331,346,152,75,238,269,31,293,10,6,4,35,34,106,114,,,245,261,,,107,153,268,6,98,22,4,38,5,21,85,230,325,329,330,90,299,337,207,294,59,4,45,118,,214,,,b'\x11\xe8\xe1I\xc9\xc6\xa2\x08\xaf\x82\x12\xdf\x17\xaeN\x1e'
11E8E149-C9C6-A208-AF82-12DF17AE4E1E,2023-ncaa-d0-natl,ncaa,33,20,81,30,97,190,192,118,273,131,82,243,300,237,350,279,106,62,326,60,96,114,89,303,300,304,290,324,65,36,45,125,249,73,112,245,280,326,268,309,7,4,98,29,,,298,253,,,61,111,179,252,276,262,219,167,128,328,281,135,70,68,163,110,37,175,71,296,291,4,111,,264,,,60,14,2,106,1,1,17,3,177,323,7,350,267,304,16,299,354,138,275,2,3,1,361,330,354,307,249,212,45,268,112,23,277,8,5,2,253,190,42,17,,,143,257,,,61,259,271,1,54,3,1,20,1,1,134,317,228,276,272,31,229,272,139,202,17,5,201,23,,206,,,b'\x11\xe8\xe1I\xc9\xc6\xa2\x08\xaf\x82\x12\xdf\x17\xaeN\x1e'
11E8E149-C9C6-A208-AF82-12DF17AE4E1E,2023-ncaa-d1-conf-MEAC,ncaa,1,1,1,1,1,2,1,1,3,1,1,1,5,3,7,7,3,3,6,3,6,1,1,4,5,4,8,7,6,1,2,3,5,1,1,3,5,7,4,4,1,1,2,1,,,5,3,,,1,2,4,2,3,3,3,1,3,5,5,4,3,3,2,2,2,4,3,3,4,1,2,,4,,,1,1,1,4,1,1,1,1,6,8,3,8,3,5,1,5,7,5,7,1,1,1,8,7,5,6,5,5,2,6,1,2,4,1,1,1,6,4,3,1,,,4,8,,,1,7,4,1,1,1,1,2,1,1,5,8,2,3,3,2,7,5,3,3,2,1,3,2,,6,,,b'\x11\xe8\xe1I\xc9\xc6\xa2\x08\xaf\x82\x12\xdf\x17\xaeN\x1e'
11E8E149-C9C6-A208-AF82-12DF17AE4E1E,2023-ncaa-d1-natl,ncaa,28,20,56,27,78,182,167,102,256,104,69,225,301,243,348,286,106,62,315,56,124,92,68,289,287,283,300,324,89,28,35,112,228,52,92,232,295,328,263,300,6,5,87,22,,,294,236,,,35,94,167,254,247,235,184,134,100,326,283,138,79,74,140,98,29,158,58,288,285,5,94,,253,,,35,10,1,112,1,1,12,3,177,327,5,351,258,301,15,300,352,138,293,2,2,1,361,332,354,299,228,205,35,263,92,18,284,6,5,1,246,175,58,21,,,156,283,,,35,279,255,1,28,1,1,21,1,1,128,319,217,270,269,31,225,262,129,185,16,5,197,35,,217,,,b'\x11\xe8\xe1I\xc9\xc6\xa2\x08\xaf\x82\x12\xdf\x17\xaeN\x1e'
11E8E149-C9C6-A208-AF82-12DF17AE4E1E,2023-ncaa-d1-ncaatournament,ncaa,36,2,36,36,38,66,65,45,66,62,38,67,50,63,21,60,65,58,66,58,63,51,48,66,66,67,41,18,62,37,34,60,61,46,59,63,56,21,52,64,32,9,67,67,,,32,66,,,60,56,42,7,66,65,23,60,9,44,60,65,58,58,43,32,14,60,36,62,49,8,67,,65,,,62,13,2,4,24,6,7,23,12,15,31,24,42,48,6,45,68,22,22,25,31,37,59,28,67,26,61,27,34,30,59,19,65,52,51,52,28,61,51,65,,,66,66,,,60,14,67,43,63,42,7,8,13,17,25,30,67,68,68,53,48,55,59,64,51,44,59,67,,66,,,b'\x11\xe8\xe1I\xc9\xc6\xa2\x08\xaf\x82\x12\xdf\x17\xaeN\x1e'
11E8E149-C9C6-A208-AF82-12DF17AE4E1E,2024-ncaa-d0-natl,ncaa,26,13,94,25,114,125,116,88,182,96,58,231,186,205,151,254,139,153,133,159,279,102,122,209,201,148,246,231,184,44,58,178,137,116,113,167,247,76,52,114,5,3,143,67,,,232,243,,,28,150,251,219,147,130,79,104,67,205,231,172,189,198,99,164,48,253,134,194,55,4,165,,189,,,28,24,7,51,14,3,16,17,189,234,93,324,186,217,63,209,326,57,177,33,43,3,354,329,311,119,137,230,58,184,113,92,331,11,3,6,30,18,108,42,,,272,345,,,28,202,111,2,26,3,1,1,1,3,166,204,155,179,177,4,72,78,177,121,71,7,23,90,,323,,,b'\x11\xe8\xe1I\xc9\xc6\xa2\x08\xaf\x82\x12\xdf\x17\xaeN\x1e'
11E8E149-C9C6-A208-AF82-12DF17AE4E1E,2024-ncaa-d1-conf-MEAC,ncaa,1,1,1,1,2,1,1,1,1,1,1,1,1,2,1,3,2,4,1,4,7,1,3,1,1,1,4,2,8,4,4,3,1,3,4,1,5,2,1,1,1,1,3,2,,,4,4,,,1,3,7,5,1,1,2,1,3,1,3,4,7,7,2,8,6,4,5,2,1,1,3,,2,,,1,2,2,3,1,1,2,1,7,6,4,8,3,3,2,3,5,3,6,2,1,1,8,8,4,3,1,6,4,6,4,5,8,1,1,1,1,1,2,2,,,5,7,,,1,6,1,1,1,1,1,1,1,1,7,5,3,3,3,1,1,2,4,2,4,1,1,2,,7,,,b'\x11\xe8\xe1I\xc9\xc6\xa2\x08\xaf\x82\x12\xdf\x17\xaeN\x1e'
11E8E149-C9C6-A208-AF82-12DF17AE4E1E,2024-ncaa-d1-natl,ncaa,25,13,78,24,100,122,114,78,184,90,54,221,187,213,143,255,126,136,121,139,268,91,112,207,193,146,241,234,175,44,68,189,141,121,122,162,252,72,53,114,4,3,135,53,,,247,260,,,24,148,246,225,143,129,81,102,71,205,232,153,175,179,102,165,54,258,150,197,57,4,154,,201,,,22,16,4,42,15,3,10,22,181,238,82,325,191,226,66,220,331,48,190,37,47,2,357,325,319,118,141,237,68,184,122,90,331,8,3,7,28,16,103,43,,,277,343,,,24,210,100,2,22,3,1,1,1,2,155,198,163,185,187,4,75,82,176,125,68,8,20,87,,320,,,b'\x11\xe8\xe1I\xc9\xc6\xa2\x08\xaf\x82\x12\xdf\x17\xaeN\x1e'
11E8E149-C9C6-A208-AF82-12DF17AE4E1E,2024-ncaa-d1-ncaatournament,ncaa,37,3,37,37,38,63,53,40,63,42,38,60,66,66,67,64,58,55,53,55,63,42,48,65,65,61,68,67,45,44,39,48,35,45,51,65,67,5,6,52,33,10,29,11,,,16,45,,,60,56,45,5,61,48,4,19,3,66,64,57,53,53,10,30,22,43,34,65,6,10,12,,43,,,62,18,21,15,60,18,18,50,27,16,66,37,10,11,6,11,39,11,13,61,57,58,40,56,15,16,35,28,39,24,51,25,55,49,30,51,4,4,40,57,,,60,64,,,60,15,61,56,64,53,56,26,47,29,57,33,22,32,32,24,25,31,64,60,59,33,4,62,,59,,,b'\x11\xe8\xe1I\xc9\xc6\xa2\x08\xaf\x82\x12\xdf\x17\xaeN\x1e'
11E8E149-C9C6-A208-AF82-12DF17AE4E1E,2025-ncaa-d0-natl,genius_ncaa,13,12,54,13,83,57,45,37,85,37,51,85,103,109,135,196,141,146,200,147,281,48,59,97,110,87,258,201,293,34,48,122,273,67,145,95,258,118,54,89,4,3,14,4,,,233,119,,254,18,74,132,269,59,46,36,42,77,131,141,209,203,204,51,83,43,220,103,117,76,4,13,,138,,213,21,91,61,196,17,41,169,19,180,234,87,222,218,264,40,258,263,211,296,20,24,3,306,254,292,313,273,252,48,293,145,134,268,12,14,11,58,18,322,226,,,227,354,,362,18,284,61,9,20,23,11,53,13,56,115,156,159,199,191,61,236,265,149,212,72,13,32,298,,318,,362,b'\x11\xe8\xe1I\xc9\xc6\xa2\x08\xaf\x82\x12\xdf\x17\xaeN\x1e'
11E8E149-C9C6-A208-AF82-12DF17AE4E1E,2025-ncaa-d1-conf-MEAC,genius_ncaa,1,1,1,1,1,1,1,1,1,1,1,1,1,2,2,2,4,5,2,5,8,1,2,1,1,1,5,3,8,5,5,2,2,3,3,1,4,1,1,1,1,1,1,1,,,2,1,,5,1,1,2,3,1,1,1,1,2,1,2,6,7,7,1,5,5,5,5,1,1,1,2,,1,,5,1,1,2,5,2,3,3,4,2,5,1,5,1,1,1,1,2,3,6,2,1,1,3,4,3,3,2,7,5,5,3,2,6,1,1,1,1,1,3,1,,,6,8,,8,1,8,1,1,1,1,2,2,3,2,1,3,1,1,1,1,3,2,5,2,2,1,1,1,,7,,8,b'\x11\xe8\xe1I\xc9\xc6\xa2\x08\xaf\x82\x12\xdf\x17\xaeN\x1e'
11E8E149-C9C6-A208-AF82-12DF17AE4E1E,2025-ncaa-d1-natl,genius_ncaa,10,12,25,13,39,37,26,21,68,27,24,77,69,70,97,195,125,127,211,129,296,25,27,73,95,72,255,181,313,23,50,85,274,39,148,62,252,149,49,75,2,4,11,4,,,270,109,,260,13,39,112,269,49,28,25,34,71,106,128,217,206,207,37,69,40,224,100,92,70,4,13,,146,,187,13,140,98,248,19,79,227,26,180,253,63,212,253,289,44,287,262,265,330,21,26,3,286,218,292,335,274,290,50,320,148,174,261,8,13,11,79,16,347,241,,,211,356,,362,13,320,52,7,15,25,13,60,17,69,98,138,167,203,194,70,249,267,154,214,69,13,32,309,,324,,362,b'\x11\xe8\xe1I\xc9\xc6\xa2\x08\xaf\x82\x12\xdf\x17\xaeN\x1e'
11E8E149-C9C6-A208-AF82-12DF17AE4E1E,2025-ncaa-d1-ncaatournament,genius_ncaa,37,2,37,37,38,39,38,49,22,41,52,11,42,43,43,12,52,53,41,53,50,51,58,22,24,19,45,29,55,57,57,59,54,65,58,43,45,7,19,24,35,15,39,25,,,27,63,,9,40,50,28,7,22,17,28,21,45,24,15,47,49,49,33,52,54,58,65,31,13,14,23,,62,,13,44,22,6,10,36,3,12,9,26,12,63,29,44,30,68,29,63,15,18,44,55,53,68,48,66,17,54,10,57,14,58,15,54,41,25,28,9,23,4,8,,,58,53,,62,40,17,21,55,41,55,25,22,15,29,51,28,68,63,63,35,44,43,39,46,42,19,19,5,,55,,62,b'\x11\xe8\xe1I\xc9\xc6\xa2\x08\xaf\x82\x12\xdf\x17\xaeN\x1e'
11E8E149-C9C6-A208-AF82-12DF17AE4E1E,2026-ncaa-d0-natl,genius_ncaa,295,295,206,310,216,318,311,229,359,277,218,341,329,221,361,177,293,311,101,312,333,242,240,358,358,348,273,288,130,225,284,296,315,283,339,325,300,154,225,322,72,33,106,52,,,109,118,,227,331,244,215,97,353,342,182,305,162,343,194,298,317,319,223,215,213,334,312,347,210,33,73,,127,,271,333,181,149,115,250,95,76,256,275,228,290,319,213,161,354,155,260,117,126,289,310,279,334,309,235,199,315,247,284,234,339,296,359,185,120,274,171,235,332,341,,,342,359,,361,331,115,348,288,334,263,233,156,133,53,325,292,268,198,195,157,187,258,342,329,340,120,232,349,,360,,362,b'\x11\xe8\xe1I\xc9\xc6\xa2\x08\xaf\x82\x12\xdf\x17\xaeN\x1e'
11E8E149-C9C6-A208-AF82-12DF17AE4E1E,2026-ncaa-d1-natl,genius_ncaa,163,294,2,235,6,82,76,10,306,51,12,254,200,65,348,221,82,83,159,89,290,11,6,320,319,280,305,300,149,75,279,87,308,71,332,143,297,326,145,248,2,14,34,65,,,324,83,,338,238,4,84,100,256,232,94,164,106,306,193,213,221,227,125,135,232,312,309,288,164,13,74,,130,,280,232,345,332,342,143,316,329,155,326,330,161,230,343,326,306,327,232,349,362,162,186,102,258,218,253,350,308,362,279,361,332,352,341,4,37,125,313,150,358,316,,,140,352,,354,238,361,287,117,225,170,140,161,122,117,206,230,238,206,205,158,294,266,314,313,284,27,159,336,,335,,362,b'\x11\xe8\xe1I\xc9\xc6\xa2\x08\xaf\x82\x12\xdf\x17\xaeN\x1e'
11E8E149-C9CB-0BF4-AF82-12DF17AE4E1E,2010-ncaa-d0-natl,ncaa,99,86,122,97,132,34,29,20,95,16,12,95,226,201,268,293,39,12,278,12,160,17,15,151,163,148,309,309,153,6,16,32,239,15,53,55,210,308,133,136,28,84,16,24,,,303,119,,,47,18,4,60,12,9,6,4,1,242,226,24,9,9,3,3,3,8,1,34,291,24,11,,302,,,40,272,282,324,51,291,303,140,164,312,4,258,187,236,21,234,140,328,329,40,19,17,89,126,120,339,239,240,16,321,53,314,285,20,86,123,265,106,181,48,,,44,253,,,47,327,111,30,50,265,290,341,294,327,169,320,171,224,222,341,342,338,244,313,317,15,247,179,,19,,,b'\x11\xe8\xe1I\xc9\xcb\x0b\xf4\xaf\x82\x12\xdf\x17\xaeN\x1e'
11E8E149-C9CB-0BF4-AF82-12DF17AE4E1E,2010-ncaa-d1-conf-ACC,ncaa,8,7,7,8,8,5,6,4,8,5,4,9,8,8,7,7,5,3,9,3,6,3,3,6,8,7,7,8,5,2,4,7,12,4,8,6,9,5,4,7,7,9,2,2,,,9,9,,,8,4,1,2,2,2,2,2,1,8,6,3,2,2,1,1,2,2,1,5,8,7,2,,12,,,8,8,9,10,5,10,9,9,6,12,1,11,6,10,2,10,7,10,11,5,3,6,4,7,4,12,12,8,4,10,8,12,12,8,9,12,3,3,7,7,,,5,8,,,8,9,7,7,8,11,12,12,12,12,9,12,9,11,11,12,12,12,10,11,12,8,5,8,,2,,,b'\x11\xe8\xe1I\xc9\xcb\x0b\xf4\xaf\x82\x12\xdf\x17\xaeN\x1e'
11E8E149-C9CB-0BF4-AF82-12DF17AE4E1E,2010-ncaa-d1-natl,ncaa,102,86,134,99,143,38,30,22,99,17,12,98,238,217,269,292,43,17,278,17,161,19,15,154,169,152,310,309,149,6,16,36,246,15,53,58,211,298,133,142,30,85,16,26,,,297,120,,,51,20,4,58,12,9,6,4,1,243,227,23,9,9,3,3,4,8,1,33,291,24,11,,304,,,44,262,278,323,54,288,300,143,159,307,4,258,178,226,21,222,142,326,327,42,22,19,90,124,119,337,246,230,16,318,53,309,285,20,93,132,254,108,176,51,,,52,249,,,51,325,114,31,55,273,299,341,300,328,169,320,172,226,223,341,342,339,244,318,318,15,250,179,,20,,,b'\x11\xe8\xe1I\xc9\xcb\x0b\xf4\xaf\x82\x12\xdf\x17\xaeN\x1e'
11E8E149-C9CB-0BF4-AF82-12DF17AE4E1E,2010-ncaa-d1-ncaatournament,ncaa,33,2,33,33,34,35,35,33,30,33,32,30,49,49,42,46,38,36,34,36,40,33,33,36,39,34,56,47,38,32,26,34,7,33,12,35,41,21,19,30,31,13,29,31,,,9,18,,,28,33,1,9,9,7,1,5,1,41,29,25,22,20,1,1,6,5,1,17,45,6,11,,30,,,33,24,31,30,53,33,31,53,21,19,42,25,1,1,1,1,1,28,29,54,41,45,5,29,1,7,7,20,26,11,12,32,45,45,41,53,25,40,28,37,,,53,61,,,28,32,34,35,38,56,62,62,62,63,37,33,1,1,1,59,61,16,51,38,61,28,51,49,,50,,,b'\x11\xe8\xe1I\xc9\xcb\x0b\xf4\xaf\x82\x12\xdf\x17\xaeN\x1e'
11E8E149-C9CB-0BF4-AF82-12DF17AE4E1E,2011-ncaa-d0-natl,ncaa,14,36,4,27,7,7,6,1,40,3,1,50,159,120,250,297,11,9,156,9,247,1,1,94,98,65,328,318,185,1,9,3,221,1,24,10,176,325,42,43,14,75,2,2,,,310,23,,,9,1,9,257,9,6,5,3,2,238,231,42,37,39,3,5,3,2,1,19,174,29,4,,125,,,13,335,328,343,4,283,343,5,338,343,27,311,201,215,117,217,45,343,343,7,6,7,269,315,79,343,221,332,9,341,24,333,258,10,139,104,251,32,145,11,,,10,264,,,9,343,36,15,17,127,140,339,80,288,285,339,74,87,83,332,334,336,108,275,202,47,101,54,,67,,,b'\x11\xe8\xe1I\xc9\xcb\x0b\xf4\xaf\x82\x12\xdf\x17\xaeN\x1e'
11E8E149-C9CB-0BF4-AF82-12DF17AE4E1E,2011-ncaa-d1-conf-ACC,ncaa,3,6,1,5,1,1,1,1,5,1,1,3,9,7,12,9,5,3,7,2,7,1,1,7,7,7,12,12,6,2,5,1,8,1,6,2,9,12,7,8,5,7,1,2,,,12,4,,,6,1,2,9,6,3,2,1,2,11,8,6,6,6,3,2,4,1,2,6,9,7,1,,7,,,6,11,11,12,2,8,11,2,12,12,3,12,11,10,9,11,6,12,12,2,2,2,12,12,8,12,8,10,5,12,6,12,10,4,8,7,8,2,2,1,,,2,7,,,6,12,8,5,6,5,4,11,3,7,12,12,6,7,7,10,11,11,7,9,8,6,4,1,,6,,,b'\x11\xe8\xe1I\xc9\xcb\x0b\xf4\xaf\x82\x12\xdf\x17\xaeN\x1e'
11E8E149-C9CB-0BF4-AF82-12DF17AE4E1E,2011-ncaa-d1-natl,ncaa,14,35,4,29,7,7,6,1,38,3,1,50,166,134,248,296,11,9,155,9,243,1,1,100,97,66,325,317,184,1,9,3,223,1,24,10,178,319,42,44,17,80,2,2,,,307,22,,,9,1,9,260,9,6,5,3,2,240,232,45,38,39,3,5,3,2,1,20,176,31,4,,126,,,13,332,325,343,4,267,343,5,336,343,28,311,190,206,119,206,44,343,343,7,6,7,268,314,79,343,223,329,9,341,24,330,259,12,149,108,240,30,136,11,,,10,263,,,9,343,37,15,17,132,144,340,81,291,287,339,72,86,82,334,337,338,110,281,202,50,101,55,,65,,,b'\x11\xe8\xe1I\xc9\xcb\x0b\xf4\xaf\x82\x12\xdf\x17\xaeN\x1e'
11E8E149-C9CB-0BF4-AF82-12DF17AE4E1E,2011-ncaa-d1-ncaatournament,ncaa,9,2,9,9,9,10,12,11,25,12,9,31,15,21,10,60,5,7,9,7,23,9,10,26,17,16,29,48,11,8,4,7,26,7,8,14,35,54,26,30,20,47,7,4,,,54,15,,,11,10,10,3,6,16,22,15,8,31,58,3,8,7,8,9,8,1,1,23,37,38,5,,36,,,11,54,52,57,3,51,55,14,56,64,7,63,55,52,42,53,31,57,55,4,7,23,51,51,32,58,26,49,4,51,8,50,22,28,63,55,50,15,46,21,,,9,14,,,11,55,6,29,10,40,37,63,20,40,53,64,31,29,32,62,57,55,11,34,29,59,25,22,,7,,,b'\x11\xe8\xe1I\xc9\xcb\x0b\xf4\xaf\x82\x12\xdf\x17\xaeN\x1e'
11E8E149-C9CB-0BF4-AF82-12DF17AE4E1E,2012-ncaa-d0-natl,ncaa,87,73,120,82,126,78,67,91,56,55,65,68,166,189,97,250,93,42,306,44,112,73,49,76,98,142,252,239,189,45,40,86,200,52,57,54,110,324,243,158,31,48,5,10,,,98,23,,,36,58,29,60,43,38,61,32,55,168,202,88,36,36,40,11,39,68,23,37,308,27,4,,72,,,32,144,184,282,48,154,266,38,264,274,203,242,15,24,64,28,12,246,281,67,31,22,151,293,18,271,200,118,40,195,57,181,158,33,55,58,320,260,35,20,,,77,207,,,36,275,112,27,49,123,188,300,140,272,249,256,16,24,26,251,311,270,106,178,169,24,310,38,,69,,,b'\x11\xe8\xe1I\xc9\xcb\x0b\xf4\xaf\x82\x12\xdf\x17\xaeN\x1e'
11E8E149-C9CB-0BF4-AF82-12DF17AE4E1E,2012-ncaa-d1-conf-ACC,ncaa,5,5,5,5,5,7,7,6,6,6,5,6,6,6,8,6,7,3,11,3,4,5,4,6,6,9,7,6,6,5,6,2,2,4,6,4,4,11,9,10,5,5,2,3,,,9,8,,,6,4,4,1,8,7,5,5,4,5,6,7,4,4,5,1,5,3,3,5,10,5,2,,9,,,6,6,6,8,4,6,7,4,8,9,6,8,6,5,6,5,6,8,9,4,4,4,9,9,7,8,2,8,6,8,6,4,5,5,6,4,11,11,1,1,,,4,10,,,6,9,9,3,6,5,5,9,4,7,10,10,5,6,7,9,10,5,6,5,5,5,11,1,,5,,,b'\x11\xe8\xe1I\xc9\xcb\x0b\xf4\xaf\x82\x12\xdf\x17\xaeN\x1e'
11E8E149-C9CB-0BF4-AF82-12DF17AE4E1E,2012-ncaa-d1-natl,ncaa,90,72,137,84,143,86,74,100,56,59,70,72,170,197,98,251,101,47,305,48,111,84,56,78,100,147,249,237,186,50,42,104,208,58,60,61,111,316,247,164,35,51,5,10,,,80,26,,,44,66,30,58,47,39,64,35,58,168,204,88,35,35,41,11,41,70,24,38,309,27,4,,74,,,39,123,176,269,52,141,249,41,258,261,207,241,13,20,64,22,11,227,267,71,35,24,153,292,18,260,208,99,42,173,60,169,157,38,56,63,317,261,32,21,,,90,203,,,44,262,117,30,53,127,192,302,146,275,251,256,16,26,27,252,311,269,109,181,176,25,311,39,,65,,,b'\x11\xe8\xe1I\xc9\xcb\x0b\xf4\xaf\x82\x12\xdf\x17\xaeN\x1e'
11E8E149-C9CB-0BF4-AF82-12DF17AE4E1E,2013-ncaa-d0-natl,ncaa,10,20,8,19,12,14,25,11,117,20,12,137,160,143,197,267,3,1,297,1,19,6,2,153,143,170,204,267,25,6,40,13,227,6,100,53,204,345,231,232,1,6,4,17,,,344,261,,,40,1,6,267,41,74,71,54,52,223,225,5,2,1,24,7,28,70,28,120,309,2,12,,317,,,46,318,293,336,35,288,340,29,221,258,95,98,320,331,61,332,200,341,345,34,37,13,190,125,256,345,227,330,40,341,100,267,161,2,15,15,332,158,169,38,,,2,36,,,40,344,142,16,55,132,108,247,130,283,113,147,240,259,260,258,339,302,184,257,128,5,238,82,,3,,,b'\x11\xe8\xe1I\xc9\xcb\x0b\xf4\xaf\x82\x12\xdf\x17\xaeN\x1e'
11E8E149-C9CB-0BF4-AF82-12DF17AE4E1E,2013-ncaa-d1-conf-ACC,ncaa,2,2,1,2,1,4,4,2,6,4,3,6,7,6,8,8,1,1,10,1,1,1,1,7,7,7,6,10,2,3,5,4,7,3,5,7,10,12,8,9,1,1,2,2,,,12,9,,,3,1,1,6,4,7,4,5,4,7,7,1,1,1,2,2,4,5,4,8,11,1,2,,11,,,3,8,7,9,4,6,7,4,9,9,7,9,8,10,5,10,10,11,12,6,5,2,11,9,8,10,7,12,5,12,5,6,7,1,1,2,10,4,6,4,,,1,1,,,3,12,7,2,3,6,4,4,4,5,8,8,8,10,10,6,11,7,8,9,5,1,6,4,,1,,,b'\x11\xe8\xe1I\xc9\xcb\x0b\xf4\xaf\x82\x12\xdf\x17\xaeN\x1e'
11E8E149-C9CB-0BF4-AF82-12DF17AE4E1E,2013-ncaa-d1-natl,ncaa,10,20,8,19,13,15,29,12,119,23,13,144,169,151,201,267,3,1,295,1,19,6,2,156,146,177,201,267,26,6,44,15,232,7,104,61,210,345,232,237,1,7,4,18,,,344,263,,,42,1,6,267,45,80,75,56,55,225,225,5,2,1,26,8,28,73,30,125,309,2,12,,320,,,48,316,287,336,37,285,339,30,212,247,103,97,317,328,64,329,199,341,345,36,38,14,188,122,257,345,232,329,44,340,104,258,159,2,19,18,328,158,165,39,,,2,35,,,42,344,146,16,57,134,113,248,136,285,117,146,240,263,266,261,339,306,189,258,129,6,238,82,,3,,,b'\x11\xe8\xe1I\xc9\xcb\x0b\xf4\xaf\x82\x12\xdf\x17\xaeN\x1e'
11E8E149-C9CB-0BF4-AF82-12DF17AE4E1E,2013-ncaa-d1-ncaatournament,ncaa,17,2,17,17,19,26,27,25,36,28,27,37,24,18,30,36,17,15,48,12,6,22,23,36,34,33,19,31,11,16,12,29,60,23,38,27,32,41,37,36,15,24,9,3,,,52,60,,,26,26,43,7,30,34,41,32,40,32,32,12,9,7,31,32,15,42,31,32,38,22,3,,62,,,26,45,33,40,11,41,39,20,26,42,7,36,54,53,38,53,57,43,43,5,19,17,42,17,64,52,60,39,12,44,38,30,24,20,31,14,30,14,23,17,,,20,22,,,26,39,24,32,27,30,8,30,24,28,14,40,62,61,61,48,50,62,15,44,11,25,15,13,,16,,,b'\x11\xe8\xe1I\xc9\xcb\x0b\xf4\xaf\x82\x12\xdf\x17\xaeN\x1e'
11E8E149-C9CB-0BF4-AF82-12DF17AE4E1E,2014-ncaa-d0-natl,ncaa,22,57,4,46,6,7,9,7,29,8,11,29,56,59,143,179,21,10,239,9,121,5,3,44,57,59,234,198,234,17,63,14,207,9,82,17,226,343,143,133,2,10,16,43,,,347,167,,,14,1,18,255,20,16,37,18,79,122,123,80,53,51,26,19,70,87,51,64,242,6,31,,258,,,17,334,316,343,34,305,343,47,235,310,28,161,339,336,237,336,215,348,349,30,41,20,219,127,290,345,207,316,63,339,82,213,66,3,37,15,313,106,240,68,,,7,161,,,14,349,45,23,23,123,88,241,122,239,108,192,254,244,243,263,325,267,104,161,58,18,175,107,,49,,,b'\x11\xe8\xe1I\xc9\xcb\x0b\xf4\xaf\x82\x12\xdf\x17\xaeN\x1e'
11E8E149-C9CB-0BF4-AF82-12DF17AE4E1E,2014-ncaa-d1-conf-ACC,ncaa,3,5,2,5,3,4,4,3,4,5,7,5,3,4,7,7,2,2,10,2,4,3,1,6,6,6,6,6,8,3,6,3,9,3,8,5,12,14,9,11,1,3,2,3,,,14,7,,,4,2,2,9,5,5,2,6,7,4,5,6,4,4,2,2,3,7,5,6,13,1,2,,12,,,4,14,11,13,4,13,14,4,6,11,3,6,14,14,12,14,10,13,14,4,5,4,5,4,13,14,9,13,6,15,8,6,5,1,4,2,14,9,11,8,,,2,5,,,4,14,7,3,4,8,7,11,10,12,4,7,13,11,11,12,15,12,9,11,6,1,14,10,,1,,,b'\x11\xe8\xe1I\xc9\xcb\x0b\xf4\xaf\x82\x12\xdf\x17\xaeN\x1e'
11E8E149-C9CB-0BF4-AF82-12DF17AE4E1E,2014-ncaa-d1-natl,ncaa,22,57,4,47,6,8,9,8,32,9,12,29,63,65,141,180,23,12,239,12,122,7,3,45,57,62,237,200,232,18,65,17,213,10,85,17,230,342,144,138,2,11,19,45,,,345,168,,,14,1,20,257,21,17,37,19,83,121,122,78,54,52,30,19,73,90,56,69,243,7,34,,260,,,17,332,306,343,36,300,342,49,226,301,30,159,335,331,242,331,216,348,349,30,43,21,220,120,290,343,213,311,65,337,85,205,66,4,42,17,307,105,231,70,,,7,162,,,14,349,50,23,24,127,93,242,128,240,108,190,254,247,246,264,325,273,103,166,62,22,175,115,,49,,,b'\x11\xe8\xe1I\xc9\xcb\x0b\xf4\xaf\x82\x12\xdf\x17\xaeN\x1e'
11E8E149-C9CB-0BF4-AF82-12DF17AE4E1E,2014-ncaa-d1-ncaatournament,ncaa,5,2,5,5,5,8,8,8,33,9,8,36,10,7,39,40,9,10,22,9,38,8,8,34,36,36,38,35,29,9,33,8,7,9,21,13,53,59,34,45,7,22,9,17,,,59,44,,,17,8,33,3,32,33,31,32,30,37,42,32,34,31,33,34,40,25,32,53,30,25,25,,30,,,18,57,57,57,25,55,56,21,60,59,41,46,54,54,24,54,28,57,57,33,31,21,51,51,27,49,7,60,33,58,21,58,34,6,19,20,51,22,56,32,,,11,45,,,17,57,39,12,20,13,13,10,7,12,36,33,22,20,20,5,8,6,30,15,21,26,20,29,,45,,,b'\x11\xe8\xe1I\xc9\xcb\x0b\xf4\xaf\x82\x12\xdf\x17\xaeN\x1e'
11E8E149-C9CB-0BF4-AF82-12DF17AE4E1E,2015-ncaa-d0-natl,ncaa,26,37,13,32,16,14,12,9,90,27,22,74,33,22,156,126,26,13,261,13,100,10,10,95,106,76,156,145,201,33,131,27,240,19,176,29,192,248,43,68,14,58,27,38,,,332,143,,,31,7,14,43,23,22,14,41,69,75,63,65,32,33,9,13,61,89,60,59,125,38,37,,249,,,31,331,314,336,72,295,314,118,278,330,34,237,325,327,186,327,245,340,344,78,91,58,236,178,260,347,240,338,131,343,176,274,129,11,64,46,176,41,186,69,,,10,146,,,31,342,61,69,38,190,155,274,157,198,192,266,263,260,263,290,336,296,273,305,133,32,85,103,,28,,,b'\x11\xe8\xe1I\xc9\xcb\x0b\xf4\xaf\x82\x12\xdf\x17\xaeN\x1e'
11E8E149-C9CB-0BF4-AF82-12DF17AE4E1E,2015-ncaa-d1-conf-ACC,ncaa,5,6,5,6,5,3,3,2,7,5,4,6,4,5,6,8,4,6,9,6,6,2,2,8,7,4,9,9,9,4,8,4,11,5,9,4,9,8,4,3,2,3,3,3,,,13,7,,,5,2,1,2,2,3,1,5,4,4,4,3,6,5,1,1,4,4,4,4,7,2,3,,12,,,5,11,10,12,4,10,12,7,8,11,3,9,14,12,13,12,10,14,15,5,7,6,9,7,14,13,11,14,8,15,9,8,8,2,4,3,6,1,4,3,,,3,8,,,5,14,5,7,5,11,10,14,10,11,8,11,13,12,12,15,15,13,11,14,7,2,5,4,,3,,,b'\x11\xe8\xe1I\xc9\xcb\x0b\xf4\xaf\x82\x12\xdf\x17\xaeN\x1e'
11E8E149-C9CB-0BF4-AF82-12DF17AE4E1E,2015-ncaa-d1-natl,ncaa,27,37,15,32,18,15,12,11,100,28,24,78,41,32,157,126,28,14,262,15,95,13,11,99,112,79,153,144,195,38,140,32,249,21,186,33,199,233,44,73,18,60,28,39,,,328,143,,,32,7,16,42,24,24,13,48,71,73,64,68,32,36,9,14,64,99,65,64,131,39,38,,253,,,32,327,301,332,75,288,312,128,270,324,38,240,323,324,190,324,244,338,343,83,101,60,235,176,261,345,249,336,140,341,186,264,132,13,67,48,162,43,178,72,,,10,143,,,32,341,66,77,41,205,165,273,161,205,193,269,269,263,269,292,337,301,274,308,136,36,86,108,,30,,,b'\x11\xe8\xe1I\xc9\xcb\x0b\xf4\xaf\x82\x12\xdf\x17\xaeN\x1e'
11E8E149-C9CB-0BF4-AF82-12DF17AE4E1E,2015-ncaa-d1-ncaatournament,ncaa,9,2,9,9,10,11,9,10,20,10,10,31,13,18,9,56,16,15,50,14,36,10,10,23,26,22,47,43,44,12,41,11,30,12,34,9,36,51,24,20,10,25,10,16,,,58,43,,,17,9,16,4,15,9,19,9,8,33,48,32,28,21,16,19,37,18,20,15,30,19,16,,47,,,18,53,53,52,19,53,52,34,44,51,21,37,60,59,30,60,40,53,55,19,19,24,36,25,43,52,30,57,41,56,34,50,15,12,34,19,50,29,23,2,,,14,28,,,17,56,25,27,21,27,32,42,34,34,26,40,43,42,43,43,47,36,40,39,19,29,32,3,,27,,,b'\x11\xe8\xe1I\xc9\xcb\x0b\xf4\xaf\x82\x12\xdf\x17\xaeN\x1e'
11E8E149-C9CB-0BF4-AF82-12DF17AE4E1E,2016-ncaa-d0-natl,ncaa,177,228,76,207,95,98,114,73,212,107,116,160,132,80,277,129,39,47,97,45,72,65,50,223,184,180,135,180,53,102,173,63,299,68,228,141,211,278,172,206,158,250,35,52,,,190,53,,,221,46,31,229,108,140,84,146,155,163,91,42,48,51,66,47,130,75,75,191,231,187,28,,135,,,215,325,320,337,109,295,319,109,321,328,204,258,208,191,254,194,87,340,325,128,111,178,221,268,93,347,299,302,173,336,228,327,266,158,283,289,311,236,115,80,,,50,120,,,221,306,180,236,214,289,294,343,251,314,302,317,179,158,156,340,332,342,262,323,312,202,276,89,,59,,,b'\x11\xe8\xe1I\xc9\xcb\x0b\xf4\xaf\x82\x12\xdf\x17\xaeN\x1e'
11E8E149-C9CB-0BF4-AF82-12DF17AE4E1E,2016-ncaa-d1-conf-ACC,ncaa,13,12,11,13,11,9,9,6,13,9,10,10,6,3,13,3,5,9,4,9,4,7,7,13,11,9,3,6,4,8,11,8,15,10,12,10,8,8,6,8,15,15,4,5,,,2,2,,,14,4,1,3,7,7,2,6,8,4,3,3,6,3,2,3,6,4,6,10,8,14,4,,7,,,14,15,15,15,11,14,12,10,13,14,9,13,13,11,12,10,5,15,13,14,13,14,10,11,4,15,15,14,11,14,12,15,13,14,15,15,10,11,4,3,,,8,7,,,14,12,9,14,14,15,15,15,15,15,13,14,14,13,13,15,15,15,14,15,15,14,11,6,,6,,,b'\x11\xe8\xe1I\xc9\xcb\x0b\xf4\xaf\x82\x12\xdf\x17\xaeN\x1e'
11E8E149-C9CB-0BF4-AF82-12DF17AE4E1E,2016-ncaa-d1-natl,ncaa,191,227,99,217,118,113,137,83,226,135,145,171,140,88,281,127,48,60,96,57,69,76,60,231,191,188,132,179,49,121,185,77,307,81,239,168,216,256,177,215,181,260,37,56,,,161,55,,,236,57,34,223,114,154,85,159,159,165,93,42,49,49,66,51,137,76,84,202,234,201,28,,141,,,233,317,314,331,124,286,310,116,315,322,216,252,194,176,256,178,88,334,313,142,127,193,216,264,93,346,307,289,185,329,239,323,267,187,288,295,293,238,99,86,,,64,119,,,236,294,186,250,232,293,298,343,259,317,302,317,184,160,162,341,332,343,267,328,312,218,280,91,,57,,,b'\x11\xe8\xe1I\xc9\xcb\x0b\xf4\xaf\x82\x12\xdf\x17\xaeN\x1e'
11E8E149-C9CB-0BF4-AF82-12DF17AE4E1E,2017-ncaa-d0-natl,ncaa,169,184,116,174,155,72,69,66,98,132,218,52,21,17,146,23,192,213,136,205,167,80,81,69,81,76,63,35,305,177,233,168,337,177,317,148,277,185,120,161,184,239,106,163,,,180,60,,,169,61,18,268,41,44,35,145,260,18,15,211,245,241,50,49,193,214,214,153,184,189,106,,155,,,170,318,328,314,223,324,316,203,254,240,235,148,141,177,100,176,70,311,310,210,184,201,73,171,63,343,337,287,233,330,317,247,65,114,217,182,200,141,210,238,,,161,264,,,169,288,91,268,170,315,327,340,324,338,251,237,127,157,151,336,339,342,262,333,233,121,187,198,,186,,,b'\x11\xe8\xe1I\xc9\xcb\x0b\xf4\xaf\x82\x12\xdf\x17\xaeN\x1e'
11E8E149-C9CB-0BF4-AF82-12DF17AE4E1E,2017-ncaa-d1-conf-ACC,ncaa,11,13,5,13,7,7,7,6,6,9,12,6,2,2,6,2,11,12,8,11,4,6,6,6,7,8,3,1,14,13,14,10,15,12,15,10,12,8,9,10,10,14,8,11,,,8,3,,,13,3,1,6,6,7,5,11,13,2,2,11,12,11,8,7,12,10,14,11,10,13,10,,7,,,12,15,15,15,12,15,15,13,15,13,13,11,8,9,6,8,5,15,14,14,11,15,6,13,1,15,15,14,14,15,15,15,10,13,15,15,11,11,11,14,,,8,12,,,13,12,8,15,12,15,15,15,14,14,15,13,8,8,9,15,15,15,14,15,15,13,11,11,,9,,,b'\x11\xe8\xe1I\xc9\xcb\x0b\xf4\xaf\x82\x12\xdf\x17\xaeN\x1e'
11E8E149-C9CB-0BF4-AF82-12DF17AE4E1E,2017-ncaa-d1-natl,ncaa,175,181,144,184,198,86,88,82,110,162,251,57,25,20,148,23,220,243,132,238,170,99,107,73,84,82,61,34,304,199,242,213,338,216,321,171,280,165,124,167,204,251,114,166,,,154,62,,,182,81,21,270,49,49,37,155,268,20,15,214,246,242,54,52,202,227,231,165,187,197,109,,158,,,182,315,326,309,232,322,313,216,244,228,242,141,132,154,99,151,72,305,302,223,191,211,70,170,62,343,338,266,242,326,321,236,69,147,221,188,179,147,201,242,,,192,263,,,182,267,98,282,184,322,330,341,328,338,254,239,133,154,153,337,339,342,267,335,243,127,193,205,,192,,,b'\x11\xe8\xe1I\xc9\xcb\x0b\xf4\xaf\x82\x12\xdf\x17\xaeN\x1e'
11E8E149-C9CB-0BF4-AF82-12DF17AE4E1E,2018-ncaa-d0-natl,ncaa,170,189,117,187,125,68,61,69,90,57,59,96,139,138,144,206,99,145,64,138,244,70,65,105,94,91,244,223,190,114,152,120,158,107,142,56,94,195,116,84,176,226,95,110,,,115,38,,,185,62,36,62,47,42,40,42,51,143,157,98,144,142,47,42,114,125,112,34,186,189,97,,101,,,186,325,320,299,266,248,225,227,344,328,335,314,158,119,308,118,95,290,275,313,297,307,297,330,55,205,158,202,152,207,142,303,188,168,224,261,304,240,271,182,,,124,220,,,185,282,92,287,193,326,315,317,232,213,345,332,159,116,120,306,295,189,184,195,300,184,288,263,,137,,,b'\x11\xe8\xe1I\xc9\xcb\x0b\xf4\xaf\x82\x12\xdf\x17\xaeN\x1e'
11E8E149-C9CB-0BF4-AF82-12DF17AE4E1E,2018-ncaa-d1-conf-ACC,ncaa,12,12,4,12,4,8,5,2,14,7,4,13,7,4,13,7,7,7,2,7,11,4,4,13,13,10,8,8,7,7,12,8,9,10,12,4,6,5,4,5,12,13,8,8,,,10,6,,,12,2,2,3,7,6,1,7,4,7,4,7,7,7,3,3,8,9,11,6,6,11,8,,9,,,12,15,15,14,14,13,10,10,15,15,15,14,10,9,14,8,8,14,14,15,15,15,14,14,4,8,9,15,12,15,12,15,12,11,13,15,12,9,13,11,,,7,10,,,12,14,12,15,12,15,15,15,13,11,15,14,9,8,8,15,15,8,15,13,15,12,11,13,,6,,,b'\x11\xe8\xe1I\xc9\xcb\x0b\xf4\xaf\x82\x12\xdf\x17\xaeN\x1e'
11E8E149-C9CB-0BF4-AF82-12DF17AE4E1E,2018-ncaa-d1-natl,ncaa,186,188,144,196,153,81,73,87,95,65,68,103,154,161,149,204,117,163,62,158,247,91,83,109,98,98,239,217,186,134,159,153,168,147,154,65,98,172,122,89,199,228,107,113,,,85,41,,,202,78,36,59,48,44,43,45,51,148,160,105,150,143,50,45,125,132,118,36,189,197,98,,105,,,203,322,319,293,279,236,194,244,344,323,339,312,143,94,312,94,98,277,256,321,310,313,289,330,55,180,168,175,159,170,154,297,190,194,234,267,294,245,259,192,,,158,213,,,202,263,101,298,207,331,322,320,244,218,345,333,164,118,121,308,294,191,188,196,304,193,291,264,,141,,,b'\x11\xe8\xe1I\xc9\xcb\x0b\xf4\xaf\x82\x12\xdf\x17\xaeN\x1e'
11E8E149-C9CB-0BF4-AF82-12DF17AE4E1E,2019-ncaa-d0-natl,ncaa,125,152,47,143,66,32,39,30,83,64,105,62,30,23,83,67,58,96,33,97,150,35,48,62,56,39,76,78,214,139,224,99,273,103,254,37,120,73,27,29,119,202,101,161,,,241,89,,,109,37,68,218,30,41,33,101,177,37,40,81,146,149,37,93,194,191,192,48,40,175,134,,154,,,111,339,339,325,238,330,317,231,314,307,251,220,257,222,307,220,108,328,320,247,247,272,171,227,108,330,273,319,224,332,254,298,117,110,216,223,138,60,64,42,,,101,237,,,109,313,44,285,114,303,304,323,284,278,287,275,196,149,150,313,292,296,237,281,237,178,81,43,,189,,,b'\x11\xe8\xe1I\xc9\xcb\x0b\xf4\xaf\x82\x12\xdf\x17\xaeN\x1e'
11E8E149-C9CB-0BF4-AF82-12DF17AE4E1E,2019-ncaa-d1-conf-ACC,ncaa,8,8,4,8,9,4,4,4,9,6,8,5,4,4,9,4,3,6,4,6,3,3,6,7,7,3,4,5,7,12,15,8,10,10,13,4,8,1,1,3,9,8,11,13,,,7,7,,,8,5,6,8,4,4,4,6,8,4,3,3,6,6,3,7,12,10,11,5,1,9,12,,8,,,8,13,13,10,13,13,10,12,9,7,8,8,12,12,14,12,8,11,11,12,12,12,6,6,8,8,10,15,15,13,13,11,6,11,11,9,1,1,2,4,,,6,3,,,8,11,4,12,8,13,14,10,14,10,10,8,11,9,9,9,10,9,15,14,11,11,2,2,,6,,,b'\x11\xe8\xe1I\xc9\xcb\x0b\xf4\xaf\x82\x12\xdf\x17\xaeN\x1e'
11E8E149-C9CB-0BF4-AF82-12DF17AE4E1E,2019-ncaa-d1-natl,ncaa,135,152,62,150,84,43,49,42,91,83,130,66,36,31,81,68,75,121,33,122,153,47,62,65,65,43,74,75,212,170,237,131,288,140,266,52,119,53,32,33,148,213,118,168,,,210,94,,,128,50,70,210,39,49,37,111,179,39,39,82,150,154,42,100,207,199,207,53,42,185,141,,159,,,128,337,334,320,260,321,306,244,305,296,265,218,234,202,309,200,109,321,308,262,262,283,166,226,108,318,288,303,237,325,266,289,120,142,225,237,104,61,55,49,,,135,234,,,128,301,46,295,132,313,311,327,291,281,295,274,196,157,157,314,291,298,239,288,243,195,79,43,,189,,,b'\x11\xe8\xe1I\xc9\xcb\x0b\xf4\xaf\x82\x12\xdf\x17\xaeN\x1e'
11E8E149-C9CB-0BF4-AF82-12DF17AE4E1E,2019-ncaa-d1-ncaatournament,ncaa,33,2,33,33,36,39,40,48,22,41,38,43,37,61,1,52,41,41,35,40,39,46,55,18,20,9,31,27,34,62,63,52,44,60,60,42,25,2,6,3,38,15,44,40,,,13,39,,,50,46,23,7,19,21,30,28,14,14,53,28,28,26,27,50,61,51,60,19,3,13,38,,34,,,51,27,26,17,57,16,6,59,32,32,47,58,24,15,61,15,46,18,15,61,62,61,53,55,35,15,44,20,63,20,60,29,58,49,33,53,2,4,1,1,,,57,51,,,50,16,22,60,52,59,56,31,40,11,61,58,51,32,36,34,34,29,52,52,61,31,2,1,,55,,,b'\x11\xe8\xe1I\xc9\xcb\x0b\xf4\xaf\x82\x12\xdf\x17\xaeN\x1e'
11E8E149-C9CB-0BF4-AF82-12DF17AE4E1E,2020-ncaa-d0-natl,ncaa,140,150,87,155,112,42,57,25,140,73,44,179,121,127,118,206,17,40,60,36,134,20,71,153,125,62,158,191,76,67,118,110,110,66,117,91,196,18,7,34,198,218,149,174,,,117,80,,,67,94,107,123,32,52,13,71,44,128,138,22,43,39,12,71,69,126,58,99,18,218,163,,99,,,66,241,255,253,195,255,239,201,223,206,209,186,134,144,118,142,115,241,216,208,175,218,141,187,91,141,110,273,118,230,117,134,65,198,224,158,15,8,320,261,,,63,128,,,67,241,45,192,80,224,246,238,232,220,207,194,134,140,136,223,198,118,242,206,112,219,14,322,,88,,,b'\x11\xe8\xe1I\xc9\xcb\x0b\xf4\xaf\x82\x12\xdf\x17\xaeN\x1e'
11E8E149-C9CB-0BF4-AF82-12DF17AE4E1E,2020-ncaa-d1-conf-ACC,ncaa,12,11,10,12,10,6,7,4,10,7,4,10,9,7,12,8,4,5,3,5,7,5,9,9,8,7,8,11,3,10,14,11,5,12,11,9,9,1,1,3,9,9,13,13,,,6,6,,,10,8,4,2,5,5,1,5,2,9,6,1,2,2,1,4,9,8,11,7,2,9,13,,8,,,10,12,12,5,15,12,6,15,9,7,14,9,10,12,2,12,12,6,6,15,15,15,8,10,4,3,5,13,14,9,11,8,8,11,10,12,2,2,13,10,,,9,10,,,10,7,7,14,10,15,15,10,14,10,13,9,12,12,12,11,10,4,14,12,11,10,3,13,,5,,,b'\x11\xe8\xe1I\xc9\xcb\x0b\xf4\xaf\x82\x12\xdf\x17\xaeN\x1e'
11E8E149-C9CB-0BF4-AF82-12DF17AE4E1E,2020-ncaa-d1-natl,ncaa,150,150,128,157,168,56,73,40,151,86,61,186,134,140,126,204,23,48,60,43,140,35,106,168,133,66,154,190,68,83,125,142,113,89,126,110,201,13,8,36,225,227,156,175,,,96,80,,,81,131,110,110,37,60,16,75,47,132,140,23,45,40,12,76,73,133,65,106,18,223,161,,100,,,79,225,240,224,207,240,211,210,213,191,219,184,121,128,120,127,117,198,171,215,188,233,138,185,93,120,113,252,125,200,126,122,68,222,236,175,14,8,318,268,,,90,126,,,81,199,46,212,92,230,257,243,241,224,209,192,138,143,140,228,198,122,249,209,119,227,15,322,,88,,,b'\x11\xe8\xe1I\xc9\xcb\x0b\xf4\xaf\x82\x12\xdf\x17\xaeN\x1e'
11E8E149-C9CB-0BF4-AF82-12DF17AE4E1E,2021-ncaa-d0-natl,ncaa,110,165,89,142,107,53,56,47,117,52,47,127,81,75,145,182,59,65,101,64,183,45,70,126,118,68,180,187,170,33,69,44,36,33,33,59,146,104,18,27,171,239,88,119,,,222,134,,,58,82,58,163,30,41,17,51,47,102,95,62,76,77,12,35,45,21,11,47,31,226,123,,171,,,60,251,237,264,72,156,209,64,328,322,268,320,202,199,202,202,170,264,248,138,123,176,326,333,117,183,36,266,69,232,33,270,259,161,253,257,70,9,228,125,,,60,113,,,58,260,39,137,59,210,171,263,56,107,323,326,138,137,140,256,231,101,214,150,231,235,17,185,,60,,,b'\x11\xe8\xe1I\xc9\xcb\x0b\xf4\xaf\x82\x12\xdf\x17\xaeN\x1e'
11E8E149-C9CB-0BF4-AF82-12DF17AE4E1E,2021-ncaa-d1-conf-ACC,ncaa,8,10,7,9,7,8,7,4,11,7,4,10,8,5,14,6,2,3,7,3,4,3,4,11,9,8,8,11,3,4,9,1,2,2,3,5,7,8,3,5,7,7,7,7,,,13,9,,,7,4,1,6,5,6,1,7,3,8,5,2,2,2,1,4,6,2,1,7,7,5,7,,10,,,7,11,10,10,4,6,8,6,15,14,11,13,9,10,6,11,11,11,9,7,7,8,14,14,8,6,2,14,9,12,3,12,13,10,12,13,7,5,9,7,,,3,5,,,7,12,8,5,7,10,9,14,2,3,14,14,10,9,10,13,11,4,14,11,13,11,6,7,,3,,,b'\x11\xe8\xe1I\xc9\xcb\x0b\xf4\xaf\x82\x12\xdf\x17\xaeN\x1e'
11E8E149-C9CB-0BF4-AF82-12DF17AE4E1E,2021-ncaa-d1-natl,ncaa,119,165,105,146,125,62,62,57,119,64,56,129,93,82,149,181,65,78,98,77,183,54,83,126,118,68,174,184,167,42,71,48,38,41,36,62,147,94,18,28,185,243,95,122,,,213,135,,,62,100,61,158,32,43,18,55,48,104,96,65,78,77,14,40,47,25,13,49,31,232,127,,173,,,64,236,222,252,82,140,196,68,325,318,270,319,195,192,202,194,174,253,235,143,129,186,327,333,116,170,38,254,71,217,36,263,260,176,261,266,63,9,219,130,,,68,111,,,62,244,44,153,65,216,177,264,58,112,324,325,143,139,141,259,231,102,213,155,235,243,17,187,,62,,,b'\x11\xe8\xe1I\xc9\xcb\x0b\xf4\xaf\x82\x12\xdf\x17\xaeN\x1e'
11E8E149-C9CB-0BF4-AF82-12DF17AE4E1E,2021-ncaa-d1-ncaatournament,ncaa,33,2,33,33,34,36,35,34,37,45,38,51,26,41,8,20,48,55,1,55,59,35,45,32,31,15,15,8,44,37,30,55,57,46,49,33,22,1,1,1,55,54,33,13,,,11,27,,,36,50,36,7,16,13,2,37,14,4,10,40,53,53,6,24,15,54,42,13,1,52,13,,29,,,38,21,20,20,46,6,13,28,39,27,60,51,14,10,45,10,31,19,17,52,49,52,56,59,22,24,57,17,30,25,49,32,62,45,34,56,1,4,16,31,,,50,44,,,36,10,10,57,38,52,48,47,26,31,61,51,34,26,28,46,43,54,47,57,60,26,4,34,,43,,,b'\x11\xe8\xe1I\xc9\xcb\x0b\xf4\xaf\x82\x12\xdf\x17\xaeN\x1e'
11E8E149-C9CB-0BF4-AF82-12DF17AE4E1E,2022-ncaa-d0-natl,ncaa,23,19,52,25,73,39,39,26,106,28,18,139,136,139,143,274,24,17,160,19,148,22,32,138,125,74,251,269,97,25,51,30,55,19,30,75,233,131,22,69,34,53,82,86,,,234,83,,,8,42,58,268,28,34,16,31,25,185,205,38,38,40,15,33,29,31,12,104,57,49,120,,119,,,5,115,134,294,5,83,205,21,272,340,17,335,60,50,176,49,46,269,305,10,6,6,266,320,70,215,55,287,51,273,30,182,231,21,40,37,38,7,280,113,,,7,41,,,8,310,44,4,8,18,29,208,17,84,193,328,27,23,23,144,246,134,186,156,105,37,19,228,,15,,,b'\x11\xe8\xe1I\xc9\xcb\x0b\xf4\xaf\x82\x12\xdf\x17\xaeN\x1e'
11E8E149-C9CB-0BF4-AF82-12DF17AE4E1E,2022-ncaa-d1-conf-ACC,ncaa,4,3,10,4,12,7,9,3,11,8,4,11,10,6,14,7,2,2,5,2,3,2,8,11,10,8,5,11,2,2,5,6,3,3,4,9,9,2,2,6,3,2,10,5,,,8,7,,,4,10,3,10,6,5,2,6,3,9,3,2,1,2,1,4,2,4,3,9,3,2,7,,7,,,4,3,3,3,2,3,3,6,9,11,3,15,3,2,8,2,6,3,4,4,4,2,11,14,6,2,3,12,5,6,4,8,12,2,2,3,2,1,10,8,,,2,2,,,4,7,5,2,4,3,5,5,3,4,12,15,4,4,4,4,10,3,14,11,8,1,4,12,,1,,,b'\x11\xe8\xe1I\xc9\xcb\x0b\xf4\xaf\x82\x12\xdf\x17\xaeN\x1e'
11E8E149-C9CB-0BF4-AF82-12DF17AE4E1E,2022-ncaa-d1-natl,ncaa,25,19,67,25,93,46,45,31,116,31,19,154,154,157,147,271,30,24,162,26,146,26,40,144,131,82,246,268,90,28,53,34,59,25,38,89,239,101,24,75,48,66,93,87,,,203,85,,,10,52,62,268,34,37,16,34,26,193,208,37,39,39,16,36,34,34,13,117,57,58,123,,124,,,7,95,109,286,6,69,166,26,254,333,19,336,50,37,190,38,46,252,293,13,6,6,268,316,70,186,59,273,53,249,38,169,237,28,50,42,33,8,273,122,,,11,35,,,10,296,50,5,12,21,36,209,20,88,200,327,28,24,24,152,244,134,187,163,115,42,19,236,,14,,,b'\x11\xe8\xe1I\xc9\xcb\x0b\xf4\xaf\x82\x12\xdf\x17\xaeN\x1e'
11E8E149-C9CB-0BF4-AF82-12DF17AE4E1E,2022-ncaa-d1-ncaatournament,ncaa,9,2,9,9,9,14,15,14,12,13,16,16,17,22,27,50,6,8,29,8,7,14,14,18,12,18,38,50,8,20,39,10,53,12,34,10,11,59,49,29,13,34,23,34,,,51,9,,,13,13,44,5,32,37,58,26,42,43,53,9,9,9,50,49,50,17,29,18,42,33,37,,10,,,13,53,52,58,6,47,54,4,64,59,36,55,57,56,42,55,24,57,56,9,12,11,60,60,36,66,53,53,39,58,34,53,39,12,32,22,54,28,45,31,,,8,6,,,13,54,24,18,15,15,9,50,4,26,48,55,20,21,19,41,47,62,8,37,23,28,21,23,,6,,,b'\x11\xe8\xe1I\xc9\xcb\x0b\xf4\xaf\x82\x12\xdf\x17\xaeN\x1e'
11E8E149-C9CB-0BF4-AF82-12DF17AE4E1E,2023-ncaa-d0-natl,ncaa,59,74,46,72,64,72,62,45,124,55,60,131,115,109,151,191,130,105,269,109,215,50,55,139,158,129,236,189,257,102,179,69,147,73,161,137,290,178,81,136,29,40,62,44,,,304,212,,,47,51,82,261,95,70,58,76,93,156,145,199,157,158,70,104,151,104,107,182,102,40,76,,234,,,50,182,138,275,30,44,151,30,326,335,160,334,165,201,74,205,227,271,312,57,51,25,342,351,170,246,147,314,179,312,161,242,299,20,40,49,144,68,220,121,,,39,67,,,47,308,125,23,52,55,38,142,9,44,299,319,101,126,131,125,243,173,237,219,164,39,90,168,,67,,,b'\x11\xe8\xe1I\xc9\xcb\x0b\xf4\xaf\x82\x12\xdf\x17\xaeN\x1e'
11E8E149-C9CB-0BF4-AF82-12DF17AE4E1E,2023-ncaa-d1-conf-ACC,ncaa,5,6,4,6,6,9,9,8,10,10,12,8,7,3,9,3,10,7,12,8,6,8,9,9,9,8,6,6,10,13,13,6,9,12,13,14,15,6,7,13,2,2,11,6,,,12,12,,,6,5,6,6,9,9,10,11,13,6,5,11,7,8,8,11,13,5,12,15,5,2,10,,12,,,6,3,2,4,2,1,2,4,13,13,3,13,9,10,3,10,14,4,11,4,4,3,15,14,10,11,9,11,13,11,13,5,10,1,2,2,9,7,7,7,,,2,2,,,6,12,9,3,6,3,2,4,1,1,11,13,7,8,10,5,9,10,11,12,6,1,7,5,,2,,,b'\x11\xe8\xe1I\xc9\xcb\x0b\xf4\xaf\x82\x12\xdf\x17\xaeN\x1e'
11E8E149-C9CB-0BF4-AF82-12DF17AE4E1E,2023-ncaa-d1-natl,ncaa,67,74,56,79,78,80,69,55,131,69,71,145,130,128,152,191,154,131,272,133,214,63,72,147,163,134,238,185,253,120,184,85,151,94,174,154,296,150,85,143,37,47,71,47,,,288,217,,,49,64,89,254,103,72,61,84,101,159,148,198,157,158,75,115,164,116,122,194,102,46,78,,239,,,52,157,96,248,35,35,111,36,323,328,175,332,150,182,84,186,227,243,299,65,58,25,343,350,172,230,151,301,184,290,174,226,297,28,46,57,124,72,212,130,,,45,62,,,49,293,131,25,58,64,44,147,9,45,307,321,104,130,132,134,239,182,241,227,173,43,91,174,,64,,,b'\x11\xe8\xe1I\xc9\xcb\x0b\xf4\xaf\x82\x12\xdf\x17\xaeN\x1e'
11E8E149-C9CB-0BF4-AF82-12DF17AE4E1E,2023-ncaa-d1-ncaatournament,ncaa,18,2,18,18,21,26,23,27,18,22,27,26,24,27,17,41,37,41,12,38,59,32,28,17,20,25,48,33,53,28,32,34,40,32,36,33,62,47,45,54,18,11,29,32,,,51,65,,,23,26,42,7,29,19,35,19,28,30,44,53,57,54,48,42,35,55,51,52,46,11,35,,58,,,23,43,38,35,40,35,38,27,38,35,58,21,52,52,34,52,60,36,37,46,50,34,54,39,61,38,40,39,32,36,36,41,49,19,3,17,52,51,12,8,,,26,24,,,23,40,30,32,28,26,15,3,13,13,36,13,56,58,57,5,12,27,20,15,29,6,47,8,,30,,,b'\x11\xe8\xe1I\xc9\xcb\x0b\xf4\xaf\x82\x12\xdf\x17\xaeN\x1e'
11E8E149-C9CB-0BF4-AF82-12DF17AE4E1E,2024-ncaa-d0-natl,ncaa,86,111,52,105,60,94,86,64,132,56,38,155,195,191,200,268,97,60,323,61,168,58,84,169,181,126,285,268,178,81,158,54,82,54,114,141,281,65,29,90,145,186,25,14,,,264,197,,,88,80,170,127,122,96,76,56,61,237,237,138,79,84,71,150,126,75,73,185,31,182,20,,191,,,88,223,181,268,50,100,209,27,312,300,266,274,225,220,239,204,178,264,274,85,103,103,334,326,214,197,82,310,158,280,114,207,215,106,153,144,60,29,202,77,,,19,18,,,88,283,114,90,90,119,75,180,35,110,286,254,168,163,153,169,181,126,238,196,140,157,34,148,,29,,,b'\x11\xe8\xe1I\xc9\xcb\x0b\xf4\xaf\x82\x12\xdf\x17\xaeN\x1e'
11E8E149-C9CB-0BF4-AF82-12DF17AE4E1E,2024-ncaa-d1-conf-ACC,ncaa,8,7,11,8,12,11,11,12,5,9,7,9,12,13,5,12,8,5,15,5,3,11,14,6,6,6,8,10,6,13,11,6,4,10,7,13,10,2,3,6,12,10,4,2,,,8,12,,,6,14,8,4,8,7,9,7,7,9,11,7,3,3,7,10,12,4,7,10,4,10,4,,12,,,6,2,2,3,5,1,2,3,14,10,13,14,8,9,6,9,11,3,4,6,7,6,15,15,11,4,4,8,11,6,7,5,10,12,9,8,1,2,2,1,,,1,1,,,6,3,7,6,6,7,3,7,2,3,14,13,9,11,11,8,6,6,9,8,7,9,2,3,,1,,,b'\x11\xe8\xe1I\xc9\xcb\x0b\xf4\xaf\x82\x12\xdf\x17\xaeN\x1e'
11E8E149-C9CB-0BF4-AF82-12DF17AE4E1E,2024-ncaa-d1-natl,ncaa,108,112,78,114,89,115,104,80,146,63,48,168,215,220,209,271,120,68,323,71,166,77,109,184,194,135,284,268,176,113,172,81,97,73,132,167,291,49,30,100,175,208,26,14,,,245,205,,,111,106,181,119,131,104,83,67,64,246,241,140,79,82,75,157,136,83,84,205,31,199,21,,197,,,112,201,153,241,61,69,173,36,310,289,275,273,208,198,247,184,180,240,246,95,120,121,337,329,216,171,97,285,172,259,132,196,221,143,172,165,47,29,189,95,,,30,15,,,111,260,123,113,112,131,87,184,37,117,298,257,177,166,155,177,174,135,244,206,152,172,34,162,,29,,,b'\x11\xe8\xe1I\xc9\xcb\x0b\xf4\xaf\x82\x12\xdf\x17\xaeN\x1e'
11E8E149-C9CB-0BF4-AF82-12DF17AE4E1E,2024-ncaa-d1-ncaatournament,ncaa,17,3,17,17,19,35,34,22,61,30,18,64,45,38,56,60,37,28,65,26,40,22,20,62,63,65,57,59,38,13,15,30,50,22,31,32,40,47,46,58,38,56,10,1,,,38,22,,,67,29,39,5,61,56,33,41,11,56,59,52,30,26,28,19,7,37,18,55,48,56,2,,21,,,56,47,42,43,31,38,45,11,51,42,61,27,42,39,53,39,34,42,43,36,35,37,52,52,38,45,50,50,15,51,31,47,38,25,31,32,52,55,44,35,,,29,35,,,67,39,62,42,55,41,30,37,19,46,48,31,38,34,32,35,40,45,47,51,38,32,56,45,,27,,,b'\x11\xe8\xe1I\xc9\xcb\x0b\xf4\xaf\x82\x12\xdf\x17\xaeN\x1e'
11E8E149-C9CB-0BF4-AF82-12DF17AE4E1E,2025-ncaa-d0-natl,genius_ncaa,11,37,6,31,8,32,24,12,116,32,23,134,24,26,84,135,137,93,310,92,277,17,16,111,139,93,184,112,332,43,162,16,74,18,103,52,213,128,30,56,70,144,28,59,,,276,80,,323,28,15,199,252,91,67,51,96,123,76,96,281,246,247,74,166,144,47,63,118,29,149,62,,80,,238,36,253,245,344,9,221,332,12,273,321,65,211,211,212,210,213,79,342,347,11,11,18,227,250,171,299,74,358,162,354,103,155,72,37,116,38,111,19,352,257,,,30,174,,100,28,346,86,20,38,27,30,167,35,155,121,178,68,69,70,123,138,136,239,198,27,130,19,296,,175,,180,b'\x11\xe8\xe1I\xc9\xcb\x0b\xf4\xaf\x82\x12\xdf\x17\xaeN\x1e'
11E8E149-C9CB-0BF4-AF82-12DF17AE4E1E,2025-ncaa-d1-conf-ACC,genius_ncaa,4,6,1,6,1,6,6,3,14,5,4,13,4,4,9,9,9,8,17,8,12,3,3,13,15,12,10,7,14,6,9,3,6,4,7,7,14,10,4,8,7,10,7,8,,,13,10,,17,5,2,16,12,13,11,10,10,10,10,7,13,11,11,10,12,9,6,6,15,5,11,8,,6,,16,5,10,7,17,3,6,13,3,13,14,16,11,11,11,7,11,9,17,16,3,4,3,17,14,9,11,6,18,9,18,7,6,8,5,6,4,12,8,18,17,,,1,3,,5,5,16,12,3,5,2,2,5,2,8,10,8,8,6,6,3,4,6,13,12,4,7,7,16,,6,,10,b'\x11\xe8\xe1I\xc9\xcb\x0b\xf4\xaf\x82\x12\xdf\x17\xaeN\x1e'
11E8E149-C9CB-0BF4-AF82-12DF17AE4E1E,2025-ncaa-d1-natl,genius_ncaa,14,37,6,34,10,40,29,13,124,37,31,148,29,31,92,137,163,115,310,113,275,17,17,116,146,96,181,111,330,52,178,17,79,19,118,58,221,112,33,60,85,157,30,60,,,257,82,,320,33,20,201,252,93,73,52,101,126,79,98,284,248,249,76,176,155,55,72,133,29,164,62,,83,,243,41,230,221,341,11,196,327,14,264,313,73,210,199,193,215,197,79,338,342,11,11,21,220,251,169,288,79,357,178,352,118,139,74,50,122,53,94,19,350,264,,,38,168,,111,33,339,92,23,42,32,34,170,41,160,130,177,69,72,71,126,133,139,248,204,31,143,20,299,,176,,173,b'\x11\xe8\xe1I\xc9\xcb\x0b\xf4\xaf\x82\x12\xdf\x17\xaeN\x1e'
11E8E149-C9CB-0BF4-AF82-12DF17AE4E1E,2025-ncaa-d1-ncaatournament,genius_ncaa,9,2,9,9,11,17,17,16,45,17,12,48,23,17,41,52,21,21,55,21,51,16,16,46,49,47,57,51,48,17,33,12,38,14,34,27,55,50,26,44,16,30,16,17,,,56,46,,64,14,16,60,7,54,47,44,38,22,49,54,49,41,46,42,56,33,16,22,54,23,34,31,,35,,58,14,44,40,54,1,45,50,11,34,61,1,51,55,58,16,58,54,54,53,1,1,2,37,25,60,62,38,58,33,60,34,34,18,12,27,6,42,22,53,36,,,13,32,,32,14,53,46,2,14,2,2,17,1,5,9,46,35,39,40,14,13,41,31,43,2,37,18,41,,36,,56,b'\x11\xe8\xe1I\xc9\xcb\x0b\xf4\xaf\x82\x12\xdf\x17\xaeN\x1e'
11E8E149-C9CB-0BF4-AF82-12DF17AE4E1E,2026-ncaa-d0-natl,genius_ncaa,17,39,9,38,20,14,9,13,21,14,32,23,10,20,43,104,172,139,304,144,325,22,32,18,30,25,236,84,357,50,76,74,40,58,60,24,192,163,31,25,16,24,61,71,,,304,170,,180,25,33,192,97,29,20,42,32,128,32,64,312,289,298,74,171,137,226,171,40,25,35,96,,124,,101,30,255,257,268,143,262,285,125,232,228,186,139,242,273,78,269,194,273,314,139,136,54,165,156,198,133,40,260,76,225,60,262,199,14,27,49,62,11,245,113,,,135,331,,53,25,328,21,43,31,42,47,18,66,63,73,61,105,128,122,15,62,18,60,27,84,52,10,137,,323,,123,b'\x11\xe8\xe1I\xc9\xcb\x0b\xf4\xaf\x82\x12\xdf\x17\xaeN\x1e'
11E8E149-C9CB-0BF4-AF82-12DF17AE4E1E,2026-ncaa-d1-natl,genius_ncaa,18,39,13,39,35,17,10,21,22,16,48,27,16,30,45,102,232,185,307,197,328,35,54,19,35,28,224,85,357,75,101,106,50,85,72,29,209,116,38,28,26,32,76,79,,,269,199,,152,25,56,212,100,34,21,58,37,142,40,68,322,301,309,97,199,165,250,210,48,25,45,110,,133,,99,31,217,213,210,182,221,238,152,195,183,209,132,208,244,94,238,193,219,281,172,166,84,163,158,186,81,50,218,101,171,72,237,203,26,34,74,37,11,227,131,,,191,332,,68,25,306,22,60,32,63,60,23,88,71,81,59,115,133,131,17,59,19,62,27,105,71,11,154,,328,,120,b'\x11\xe8\xe1I\xc9\xcb\x0b\xf4\xaf\x82\x12\xdf\x17\xaeN\x1e'
11E8E149-C9CF-EB6A-AF82-12DF17AE4E1E,2010-ncaa-d0-natl,ncaa,149,114,178,142,223,177,228,233,213,316,323,266,17,33,28,15,169,229,22,222,56,232,232,106,89,117,4,9,168,181,140,246,251,215,201,112,18,140,205,107,111,75,249,209,,,82,112,,,179,247,241,276,152,235,227,322,330,12,25,153,229,220,235,236,162,263,231,76,176,94,243,,95,,,179,163,157,146,196,51,35,235,325,314,254,333,101,60,327,59,174,116,115,273,273,263,318,333,92,176,251,109,140,129,201,323,342,202,165,310,154,204,81,201,,,261,247,,,179,100,109,278,174,208,188,163,69,27,332,329,115,79,79,127,123,216,134,172,331,188,176,87,,270,,,b'\x11\xe8\xe1I\xc9\xcf\xebj\xaf\x82\x12\xdf\x17\xaeN\x1e'
11E8E149-C9CF-EB6A-AF82-12DF17AE4E1E,2010-ncaa-d1-natl,ncaa,132,114,134,133,180,158,208,194,206,312,318,256,17,27,35,15,165,236,24,228,74,200,203,104,91,120,6,11,194,158,136,237,250,209,198,98,24,166,204,110,82,56,243,210,,,95,118,,,172,213,233,279,149,225,203,319,326,13,23,165,242,238,228,231,156,271,233,80,181,70,242,,95,,,172,196,183,161,197,65,35,238,325,319,248,332,123,77,326,81,188,138,142,266,275,255,317,330,104,177,250,123,136,144,198,331,342,174,150,303,194,211,76,178,,,258,271,,,172,134,104,258,172,199,181,149,67,22,332,327,127,84,86,116,125,189,129,157,330,171,197,79,,280,,,b'\x11\xe8\xe1I\xc9\xcf\xebj\xaf\x82\x12\xdf\x17\xaeN\x1e'
11E8E149-C9CF-EB6A-AF82-12DF17AE4E1E,2011-ncaa-d0-natl,ncaa,192,175,242,195,276,180,248,311,103,272,312,138,125,200,21,133,52,77,34,80,4,287,256,72,38,123,28,106,9,302,249,232,165,282,188,107,9,291,319,194,126,94,99,30,,,97,129,,,188,214,87,245,125,236,314,265,301,96,174,20,35,37,272,185,293,173,265,55,305,83,69,,159,,,189,166,116,103,181,24,10,241,335,327,239,341,152,118,300,117,273,96,122,269,277,221,341,339,157,117,165,31,249,43,188,277,333,138,100,225,194,246,73,181,,,145,50,,,188,124,161,224,191,243,186,191,52,12,341,341,197,159,163,183,234,168,76,99,311,93,246,100,,65,,,b'\x11\xe8\xe1I\xc9\xcf\xebj\xaf\x82\x12\xdf\x17\xaeN\x1e'
11E8E149-C9CF-EB6A-AF82-12DF17AE4E1E,2011-ncaa-d1-natl,ncaa,174,172,132,179,180,129,195,264,93,226,278,123,101,165,25,130,41,56,37,57,5,218,168,69,36,107,36,109,20,274,235,173,148,225,173,57,8,306,309,150,69,65,73,21,,,133,114,,,165,129,86,249,113,208,298,244,288,97,157,20,40,42,256,171,281,173,255,34,302,66,64,,140,,,165,227,171,167,180,38,13,246,339,336,233,341,181,154,295,155,277,161,204,271,283,213,341,339,159,148,148,80,235,85,173,310,333,87,77,214,240,240,85,162,,,91,54,,,165,217,146,204,165,232,174,174,49,8,340,342,188,148,150,164,234,154,84,95,307,78,237,90,,73,,,b'\x11\xe8\xe1I\xc9\xcf\xebj\xaf\x82\x12\xdf\x17\xaeN\x1e'
11E8E149-C9CF-EB6A-AF82-12DF17AE4E1E,2012-ncaa-d0-natl,ncaa,123,73,240,91,277,164,193,217,153,166,200,145,219,211,223,205,55,58,118,57,29,190,181,168,129,150,146,244,23,128,66,101,20,100,18,129,64,184,208,146,158,123,70,34,,,138,217,,,68,204,86,254,99,137,155,120,148,197,186,15,21,19,101,75,84,21,19,73,238,121,48,,207,,,59,39,24,71,35,16,54,32,174,191,156,261,156,131,236,134,242,67,91,55,73,58,314,279,271,30,20,61,66,28,18,118,305,161,95,131,156,168,90,106,,,106,67,,,68,128,126,36,66,90,46,127,24,78,216,235,204,188,193,136,174,48,114,70,182,103,202,128,,33,,,b'\x11\xe8\xe1I\xc9\xcf\xebj\xaf\x82\x12\xdf\x17\xaeN\x1e'
11E8E149-C9CF-EB6A-AF82-12DF17AE4E1E,2012-ncaa-d1-natl,ncaa,81,72,90,81,126,97,121,107,146,98,95,154,183,163,204,220,27,27,138,25,36,81,71,170,134,146,153,244,29,67,69,29,18,33,19,65,55,252,182,122,91,99,32,23,,,228,206,,,49,77,82,255,91,123,132,110,127,194,188,15,20,18,87,70,78,19,19,61,222,105,34,,198,,,47,108,58,174,27,33,117,20,233,274,146,266,212,193,249,199,243,182,223,43,60,48,319,284,278,70,18,163,69,121,19,174,291,77,78,101,200,147,105,61,,,44,71,,,49,258,118,28,51,78,36,118,18,64,212,235,203,178,184,128,173,41,131,71,148,88,180,91,,37,,,b'\x11\xe8\xe1I\xc9\xcf\xebj\xaf\x82\x12\xdf\x17\xaeN\x1e'
11E8E149-C9CF-EB6A-AF82-12DF17AE4E1E,2013-ncaa-d0-natl,ncaa,259,216,302,256,302,266,297,313,244,284,298,209,238,218,279,154,102,101,165,105,20,293,257,245,201,270,93,196,18,228,135,186,107,212,99,236,80,299,329,295,211,175,48,38,,,76,129,,,223,254,110,20,224,269,262,246,261,212,172,37,36,36,210,91,150,54,72,189,338,161,21,,175,,,229,77,101,117,148,157,146,185,74,125,38,157,106,80,271,79,104,89,79,119,113,164,73,94,162,84,107,46,135,43,99,133,176,253,229,219,301,322,173,265,,,208,130,,,223,85,274,145,231,211,235,295,266,289,121,196,187,150,152,268,245,175,151,159,216,188,329,232,,82,,,b'\x11\xe8\xe1I\xc9\xcf\xebj\xaf\x82\x12\xdf\x17\xaeN\x1e'
11E8E149-C9CF-EB6A-AF82-12DF17AE4E1E,2013-ncaa-d1-conf-Big Sky,ncaa,9,9,8,9,8,10,10,11,9,11,11,7,7,6,7,2,5,3,5,3,1,10,8,8,8,10,4,6,1,7,4,5,3,7,2,10,7,11,11,10,9,8,3,2,,,4,6,,,8,8,4,2,10,10,11,10,11,7,4,2,2,2,9,4,6,1,3,10,11,9,3,,7,,,8,3,6,6,5,7,6,9,1,5,1,5,2,2,5,2,3,4,3,5,5,7,4,2,4,2,3,1,4,1,2,5,6,10,10,8,10,10,4,7,,,6,6,,,8,3,10,5,8,6,7,8,8,8,2,7,3,3,3,7,6,5,3,2,6,9,10,5,,5,,,b'\x11\xe8\xe1I\xc9\xcf\xebj\xaf\x82\x12\xdf\x17\xaeN\x1e'
11E8E149-C9CF-EB6A-AF82-12DF17AE4E1E,2013-ncaa-d1-natl,ncaa,248,216,292,247,292,260,300,307,261,281,286,224,244,218,276,170,80,80,166,79,20,276,228,257,213,274,96,206,11,221,144,181,116,189,109,237,86,305,329,293,185,164,44,40,,,97,130,,,223,230,112,18,228,275,265,247,255,218,183,31,27,28,206,98,149,68,84,197,333,147,24,,175,,,227,93,130,143,154,177,164,188,82,138,50,158,106,87,262,90,102,114,100,132,120,151,74,103,152,98,116,65,144,63,109,141,160,228,204,197,308,321,176,249,,,173,119,,,223,111,276,139,231,211,233,283,265,282,122,193,171,149,149,253,240,176,167,174,212,172,326,218,,77,,,b'\x11\xe8\xe1I\xc9\xcf\xebj\xaf\x82\x12\xdf\x17\xaeN\x1e'
11E8E149-C9CF-EB6A-AF82-12DF17AE4E1E,2014-ncaa-d0-natl,ncaa,89,57,180,74,209,176,241,292,105,152,179,130,316,323,238,319,19,22,70,21,20,232,178,178,90,170,196,325,2,100,16,104,48,94,10,206,139,308,315,277,134,118,27,11,,,80,105,,,106,213,178,161,150,241,311,131,155,318,323,3,6,6,222,133,75,43,31,201,318,136,15,,92,,,102,72,93,168,69,63,104,102,222,268,78,313,59,37,287,40,76,123,110,89,72,102,243,284,91,69,48,8,16,10,10,179,272,230,214,225,308,301,318,319,,,92,44,,,106,138,130,81,100,97,121,219,93,112,248,303,63,47,49,163,135,84,13,16,205,217,309,331,,38,,,b'\x11\xe8\xe1I\xc9\xcf\xebj\xaf\x82\x12\xdf\x17\xaeN\x1e'
11E8E149-C9CF-EB6A-AF82-12DF17AE4E1E,2014-ncaa-d1-conf-Big Sky,ncaa,1,1,2,1,3,5,6,8,3,2,3,4,11,11,10,11,1,1,6,1,2,5,2,9,4,9,9,11,1,2,1,1,1,1,1,10,10,11,11,11,4,5,1,1,,,4,2,,,1,5,6,2,5,8,10,4,4,11,11,1,1,1,7,5,2,1,1,10,11,5,1,,3,,,1,2,4,10,1,4,7,3,6,11,1,11,1,1,2,1,2,8,7,1,1,1,3,8,3,3,1,1,1,1,1,3,3,5,5,4,11,11,9,9,,,1,1,,,1,8,7,1,1,1,4,7,4,6,5,9,1,1,1,5,5,1,1,1,2,7,11,9,,1,,,b'\x11\xe8\xe1I\xc9\xcf\xebj\xaf\x82\x12\xdf\x17\xaeN\x1e'
11E8E149-C9CF-EB6A-AF82-12DF17AE4E1E,2014-ncaa-d1-natl,ncaa,67,57,100,67,124,130,186,237,102,104,126,126,309,313,247,317,12,14,49,13,21,160,114,173,89,172,198,325,3,58,10,50,42,45,7,166,139,334,315,275,126,134,15,9,,,113,93,,,86,138,174,162,135,223,304,124,142,319,318,3,6,6,214,125,57,32,22,194,319,149,13,,85,,,87,125,136,246,46,79,145,79,279,311,83,323,81,60,309,63,77,211,190,68,58,91,273,306,100,114,42,11,10,22,7,209,268,199,232,229,319,306,329,317,,,59,62,,,86,213,121,78,86,91,104,235,69,98,266,317,72,48,49,184,144,91,11,13,188,233,317,330,,44,,,b'\x11\xe8\xe1I\xc9\xcf\xebj\xaf\x82\x12\xdf\x17\xaeN\x1e'
11E8E149-C9CF-EB6A-AF82-12DF17AE4E1E,2014-ncaa-d1-ncaatournament,ncaa,33,2,33,33,34,53,58,53,55,56,46,58,48,59,20,42,34,39,9,36,11,49,45,53,46,52,8,25,7,47,45,36,53,41,42,53,25,24,47,53,41,35,27,30,,,22,26,,,44,45,29,3,52,58,49,55,36,31,45,17,23,18,43,36,45,25,35,49,41,25,12,,41,,,46,10,16,29,21,22,34,12,3,1,28,1,18,21,21,21,14,30,27,13,12,17,4,6,33,37,53,9,45,22,42,19,50,52,51,49,32,62,48,63,,,45,30,,,44,18,52,31,47,33,46,59,52,63,4,1,33,38,40,60,57,63,38,54,47,44,60,62,,33,,,b'\x11\xe8\xe1I\xc9\xcf\xebj\xaf\x82\x12\xdf\x17\xaeN\x1e'
11E8E149-C9CF-EB6A-AF82-12DF17AE4E1E,2015-ncaa-d0-natl,ncaa,162,161,172,169,178,116,135,239,45,74,128,58,294,307,175,315,21,20,139,22,26,179,141,88,56,106,257,315,15,168,88,62,33,99,26,95,70,292,279,173,186,192,105,130,,,193,197,,,145,136,79,59,72,105,257,49,96,295,309,6,8,8,152,91,170,25,55,71,300,182,102,,217,,,144,222,223,239,171,196,230,139,261,221,271,214,171,140,283,139,102,230,179,179,176,232,214,255,135,76,33,40,88,39,26,162,110,264,288,253,320,309,254,224,,,72,53,,,145,210,109,200,150,256,259,304,221,265,275,243,179,149,150,291,233,83,46,48,177,267,323,266,,31,,,b'\x11\xe8\xe1I\xc9\xcf\xebj\xaf\x82\x12\xdf\x17\xaeN\x1e'
11E8E149-C9CF-EB6A-AF82-12DF17AE4E1E,2015-ncaa-d1-conf-Big Sky,ncaa,5,5,5,5,6,5,7,10,3,6,7,3,11,10,10,10,1,1,2,1,1,9,5,5,3,5,8,12,1,6,3,6,3,5,1,5,3,12,10,7,7,7,7,7,,,7,9,,,6,7,6,3,5,8,11,4,6,11,10,1,1,1,8,4,6,4,5,4,11,7,7,,9,,,6,6,7,6,6,7,9,5,4,4,3,4,8,6,12,4,2,6,5,5,5,9,6,6,6,4,3,1,3,1,1,3,4,8,8,9,11,10,7,7,,,3,1,,,6,6,6,9,6,8,8,7,7,11,6,4,9,7,4,8,5,2,1,1,4,8,10,7,,1,,,b'\x11\xe8\xe1I\xc9\xcf\xebj\xaf\x82\x12\xdf\x17\xaeN\x1e'
11E8E149-C9CF-EB6A-AF82-12DF17AE4E1E,2015-ncaa-d1-natl,ncaa,142,160,97,166,103,64,75,164,32,43,79,48,286,299,191,316,12,13,117,13,33,108,82,81,54,92,274,320,19,121,77,40,25,54,21,49,61,315,258,146,135,160,89,112,,,234,184,,,108,70,77,75,52,75,227,32,82,295,310,6,8,8,135,85,150,24,39,43,285,156,94,,208,,,108,266,261,288,162,223,261,126,295,271,262,230,178,154,233,149,106,279,247,176,165,216,218,272,115,95,25,63,77,55,21,187,111,228,263,234,331,300,251,195,,,47,71,,,108,276,91,173,122,238,242,293,197,248,276,258,143,136,136,279,221,63,40,33,169,252,317,240,,35,,,b'\x11\xe8\xe1I\xc9\xcf\xebj\xaf\x82\x12\xdf\x17\xaeN\x1e'
11E8E149-C9CF-EB6A-AF82-12DF17AE4E1E,2016-ncaa-d0-natl,ncaa,100,137,38,128,58,104,119,182,58,61,80,82,309,323,220,333,12,14,100,12,43,135,83,115,81,162,285,335,9,97,38,42,21,49,16,91,89,343,314,229,218,254,52,62,,,302,282,,,195,83,208,225,158,190,321,88,138,328,339,16,23,19,267,202,151,64,81,126,313,271,65,,239,,,194,297,289,291,174,242,266,143,293,266,296,215,241,177,349,177,111,282,241,199,220,281,244,241,169,65,21,36,38,37,16,208,110,264,312,267,337,302,210,131,,,47,66,,,195,271,152,232,189,208,196,194,162,170,252,214,189,116,120,181,75,24,7,10,134,322,296,161,,82,,,b'\x11\xe8\xe1I\xc9\xcf\xebj\xaf\x82\x12\xdf\x17\xaeN\x1e'
11E8E149-C9CF-EB6A-AF82-12DF17AE4E1E,2016-ncaa-d1-conf-Big Sky,ncaa,2,4,2,4,4,7,8,11,2,2,4,6,12,12,7,12,1,1,7,1,2,10,7,6,5,8,12,12,1,6,2,3,1,4,1,6,5,11,12,9,10,10,3,5,,,10,10,,,8,8,9,8,8,8,12,4,7,12,12,2,3,3,11,9,7,6,6,7,10,11,3,,8,,,8,5,5,9,5,8,7,5,5,5,6,5,6,4,12,2,4,7,5,4,4,7,5,5,7,3,1,1,2,1,1,4,4,9,9,8,11,10,9,8,,,4,3,,,8,6,7,6,8,4,4,5,5,7,4,5,3,2,1,3,2,1,1,1,3,12,10,7,,5,,,b'\x11\xe8\xe1I\xc9\xcf\xebj\xaf\x82\x12\xdf\x17\xaeN\x1e'
11E8E149-C9CF-EB6A-AF82-12DF17AE4E1E,2016-ncaa-d1-natl,ncaa,114,137,51,137,76,127,142,216,65,76,92,87,318,329,222,330,16,20,100,18,38,172,107,126,88,163,288,332,8,115,40,49,22,59,16,106,92,340,317,240,247,263,55,66,,,287,285,,,209,105,210,218,167,205,325,96,142,328,339,16,23,19,274,209,160,68,89,135,311,276,65,,241,,,208,280,265,270,186,222,243,157,284,247,301,210,228,161,349,159,115,254,208,206,230,293,243,239,166,50,22,19,40,23,16,193,112,288,316,274,334,305,205,143,,,61,61,,,209,247,160,246,204,217,207,193,169,173,252,213,191,117,119,183,72,26,7,10,141,324,296,171,,79,,,b'\x11\xe8\xe1I\xc9\xcf\xebj\xaf\x82\x12\xdf\x17\xaeN\x1e'
11E8E149-C9CF-EB6A-AF82-12DF17AE4E1E,2017-ncaa-d0-natl,ncaa,120,75,234,107,245,117,176,190,152,173,168,190,169,191,100,207,16,22,74,24,18,148,154,148,95,96,79,199,10,152,139,87,51,105,74,163,141,166,149,166,197,192,31,27,,,266,284,,,145,154,30,47,50,122,109,138,122,143,167,2,3,3,42,37,107,18,21,126,229,165,22,,319,,,145,219,192,211,155,196,215,164,167,191,141,160,269,246,258,246,220,222,188,152,179,246,187,134,251,82,51,154,139,118,74,187,181,259,272,253,189,178,260,257,,,125,114,,,145,202,99,215,143,290,271,308,270,296,207,228,302,289,288,319,312,144,226,205,245,241,242,284,,53,,,b'\x11\xe8\xe1I\xc9\xcf\xebj\xaf\x82\x12\xdf\x17\xaeN\x1e'
11E8E149-C9CF-EB6A-AF82-12DF17AE4E1E,2017-ncaa-d1-conf-Big Sky,ncaa,2,2,7,2,8,7,11,10,5,5,6,9,9,9,5,9,1,1,5,1,1,8,9,6,4,4,7,9,1,5,3,5,5,4,3,6,5,7,8,7,8,7,1,2,,,9,11,,,4,9,4,4,5,8,7,3,3,9,9,1,1,1,4,4,4,2,2,6,9,7,1,,11,,,4,3,3,8,4,7,9,4,1,4,3,3,10,10,6,10,6,7,5,2,3,5,5,2,11,7,5,3,3,3,3,3,6,9,10,5,7,5,10,9,,,4,3,,,4,4,5,4,4,7,5,10,8,11,2,6,10,11,10,12,11,9,5,6,5,7,8,10,,1,,,b'\x11\xe8\xe1I\xc9\xcf\xebj\xaf\x82\x12\xdf\x17\xaeN\x1e'
11E8E149-C9CF-EB6A-AF82-12DF17AE4E1E,2017-ncaa-d1-natl,ncaa,104,75,144,96,152,87,143,124,166,144,127,200,155,183,116,214,10,18,63,17,21,90,90,170,102,103,87,207,10,114,131,68,53,72,82,138,140,196,137,156,157,185,29,28,,,298,280,,,142,83,34,55,56,122,93,135,106,155,173,2,4,4,39,36,90,30,32,128,214,154,26,,309,,,143,275,237,253,177,246,241,191,179,202,120,152,294,277,281,276,228,270,251,166,193,236,171,115,263,101,53,228,131,179,82,232,186,206,241,228,217,169,282,247,,,95,139,,,142,272,99,204,137,283,262,285,269,270,184,207,299,283,282,305,296,115,224,186,241,208,233,286,,64,,,b'\x11\xe8\xe1I\xc9\xcf\xebj\xaf\x82\x12\xdf\x17\xaeN\x1e'
11E8E149-C9CF-EB6A-AF82-12DF17AE4E1E,2018-ncaa-d0-natl,ncaa,245,224,295,246,316,243,288,303,233,262,260,240,255,270,197,238,50,48,166,48,9,267,279,244,186,213,98,239,8,212,134,133,16,167,41,302,257,132,215,262,335,332,89,63,,,209,312,,,236,293,124,258,181,267,251,234,182,223,231,9,8,7,162,131,129,38,51,280,237,327,52,,290,,,237,119,108,114,158,79,101,121,215,168,283,234,158,86,338,92,159,93,42,187,213,296,274,259,206,12,16,51,134,19,41,107,136,332,320,293,100,175,214,272,,,148,42,,,236,67,199,244,231,250,223,261,180,208,281,256,227,173,178,254,143,45,135,79,177,320,176,267,,38,,,b'\x11\xe8\xe1I\xc9\xcf\xebj\xaf\x82\x12\xdf\x17\xaeN\x1e'
11E8E149-C9CF-EB6A-AF82-12DF17AE4E1E,2018-ncaa-d1-conf-Big Sky,ncaa,9,9,7,9,12,11,11,12,10,10,7,10,10,11,10,10,2,1,10,1,1,12,11,10,10,10,7,11,1,3,2,8,2,6,2,11,8,10,12,12,11,10,3,1,,,11,12,,,9,12,8,12,11,11,12,9,6,10,10,1,1,1,9,6,3,5,5,11,12,10,1,,12,,,9,1,2,3,4,3,4,4,3,2,8,3,9,7,12,8,9,3,1,5,7,6,6,5,10,2,2,1,2,1,2,4,6,8,7,6,6,8,5,4,,,3,2,,,9,2,10,6,9,5,5,6,5,6,5,2,9,7,8,6,2,2,4,3,5,8,8,5,,1,,,b'\x11\xe8\xe1I\xc9\xcf\xebj\xaf\x82\x12\xdf\x17\xaeN\x1e'
11E8E149-C9CF-EB6A-AF82-12DF17AE4E1E,2018-ncaa-d1-natl,ncaa,231,223,213,233,287,210,263,258,233,227,207,254,250,258,187,258,27,28,165,25,10,209,212,247,197,207,110,244,10,142,107,105,16,111,38,253,222,170,204,249,318,309,79,68,,,265,317,,,225,234,115,260,163,252,221,208,153,223,239,8,9,7,131,111,101,45,46,253,218,307,59,,297,,,225,178,147,147,161,87,117,115,271,206,313,232,210,165,329,168,196,139,79,201,226,281,300,281,218,14,16,80,107,36,38,131,135,302,294,252,143,165,254,267,,,88,41,,,225,127,183,234,219,245,208,230,141,176,289,247,233,202,204,226,144,40,135,77,170,291,174,279,,28,,,b'\x11\xe8\xe1I\xc9\xcf\xebj\xaf\x82\x12\xdf\x17\xaeN\x1e'
11E8E149-C9CF-EB6A-AF82-12DF17AE4E1E,2019-ncaa-d0-natl,ncaa,236,245,173,242,187,182,216,203,228,135,111,221,304,292,312,293,29,39,71,37,62,155,118,271,202,235,242,319,6,117,110,177,34,152,74,205,191,300,265,264,308,322,109,81,,,351,351,,,287,125,72,51,151,217,179,119,81,312,285,12,20,16,114,54,95,160,109,202,300,307,95,,351,,,282,307,159,86,285,155,104,260,190,107,322,96,351,351,348,351,349,187,178,293,339,339,336,93,351,16,34,134,110,59,74,55,36,203,200,102,263,229,64,46,,,27,15,,,287,234,233,307,278,333,197,70,175,103,211,124,351,350,350,233,228,19,160,71,74,189,265,76,,6,,,b'\x11\xe8\xe1I\xc9\xcf\xebj\xaf\x82\x12\xdf\x17\xaeN\x1e'
11E8E149-C9CF-EB6A-AF82-12DF17AE4E1E,2019-ncaa-d1-conf-Summit League,ncaa,6,6,3,6,3,6,6,5,6,3,1,8,9,9,7,9,3,2,4,1,6,3,2,8,7,6,9,9,1,1,1,4,3,2,3,4,3,9,6,6,6,8,4,4,,,9,9,,,6,3,3,3,6,6,5,3,1,9,9,1,1,1,4,2,1,5,2,5,9,8,4,,9,,,6,9,6,3,6,6,5,4,5,2,8,2,9,9,9,9,9,6,5,6,9,7,8,2,9,3,3,6,1,5,3,3,2,5,4,3,6,5,1,1,,,2,3,,,6,7,6,6,6,8,4,3,4,4,3,2,9,9,9,5,7,3,5,3,3,4,6,2,,3,,,b'\x11\xe8\xe1I\xc9\xcf\xebj\xaf\x82\x12\xdf\x17\xaeN\x1e'
11E8E149-C9CF-EB6A-AF82-12DF17AE4E1E,2019-ncaa-d1-natl,ncaa,232,245,155,244,167,178,213,191,212,130,101,217,304,294,306,293,30,36,99,34,60,152,119,259,202,234,248,319,8,118,106,197,36,157,74,214,201,292,260,269,286,302,105,79,,,351,351,,,287,130,75,46,149,212,182,119,81,311,288,12,17,15,120,65,96,183,127,207,297,288,95,,351,,,284,317,166,76,300,149,101,266,215,105,330,106,351,350,349,350,349,181,166,310,341,342,336,111,350,17,36,134,106,49,74,59,38,188,188,94,255,231,66,47,,,29,15,,,287,229,223,313,280,330,195,66,175,96,225,121,351,350,349,202,212,16,154,68,74,177,261,74,,5,,,b'\x11\xe8\xe1I\xc9\xcf\xebj\xaf\x82\x12\xdf\x17\xaeN\x1e'
11E8E149-C9CF-EB6A-AF82-12DF17AE4E1E,2020-ncaa-d0-natl,ncaa,197,170,260,194,293,188,219,191,262,249,243,237,128,101,225,107,75,105,105,105,66,175,111,238,197,239,64,126,50,94,110,176,173,132,135,166,114,301,286,256,297,312,115,135,,,342,342,,,263,142,20,186,117,182,79,217,192,105,71,44,70,69,56,17,55,93,38,125,328,269,93,,349,,,264,271,185,175,177,229,231,166,93,91,154,53,351,348,342,346,326,238,205,156,262,290,225,44,348,181,173,167,110,174,135,131,114,227,251,188,291,279,233,253,,,129,156,,,263,201,225,280,259,323,266,278,288,309,122,118,351,348,346,330,325,232,250,259,186,193,314,258,,60,,,b'\x11\xe8\xe1I\xc9\xcf\xebj\xaf\x82\x12\xdf\x17\xaeN\x1e'
11E8E149-C9CF-EB6A-AF82-12DF17AE4E1E,2020-ncaa-d1-conf-Summit League,ncaa,7,7,5,7,8,7,7,6,7,7,6,7,7,6,7,4,7,6,7,6,4,6,4,7,7,7,5,5,4,4,5,5,5,6,5,3,3,9,9,8,6,7,5,6,,,9,9,,,7,4,2,6,7,7,4,7,3,7,4,5,5,5,4,2,2,4,4,3,9,6,6,,9,,,7,9,5,4,6,7,8,5,2,2,6,2,9,9,9,9,9,6,7,6,8,7,5,1,9,4,5,7,5,7,5,7,6,5,5,6,9,9,8,6,,,6,5,,,7,6,7,6,7,9,6,6,8,9,2,2,9,9,9,7,7,6,7,6,7,5,9,9,,5,,,b'\x11\xe8\xe1I\xc9\xcf\xebj\xaf\x82\x12\xdf\x17\xaeN\x1e'
11E8E149-C9CF-EB6A-AF82-12DF17AE4E1E,2020-ncaa-d1-natl,ncaa,177,170,128,182,202,97,145,70,232,186,181,200,102,73,207,108,54,68,116,71,90,64,25,198,173,210,73,126,78,46,91,89,156,48,109,85,92,318,251,213,253,292,82,113,,,347,340,,,215,39,21,201,78,132,44,191,179,94,63,51,72,73,43,16,44,63,28,83,319,257,83,,347,,,216,299,231,251,152,258,279,154,106,136,100,67,351,349,324,347,320,309,305,118,218,256,225,48,346,227,156,245,91,239,109,167,116,184,240,158,308,261,237,222,,,62,161,,,215,310,189,254,216,308,242,276,265,296,112,142,350,345,345,327,322,230,243,251,165,178,309,233,,61,,,b'\x11\xe8\xe1I\xc9\xcf\xebj\xaf\x82\x12\xdf\x17\xaeN\x1e'
11E8E149-C9CF-EB6A-AF82-12DF17AE4E1E,2021-ncaa-d0-natl,ncaa,318,329,191,328,191,174,187,148,288,187,125,292,182,159,251,203,119,101,193,108,118,146,158,287,275,234,131,205,55,49,59,140,90,96,71,224,268,130,80,201,251,288,117,80,,,293,338,,,296,180,121,8,129,166,34,160,60,185,134,46,39,44,24,21,18,53,14,237,159,270,113,,337,,,285,235,162,168,175,101,103,142,311,289,302,319,332,312,291,305,341,192,156,254,300,333,339,322,324,133,90,200,59,179,71,184,177,279,324,302,138,100,130,89,,,133,106,,,296,162,175,323,282,324,229,241,75,59,336,333,343,336,333,310,247,146,290,254,213,314,157,137,,41,,,b'\x11\xe8\xe1I\xc9\xcf\xebj\xaf\x82\x12\xdf\x17\xaeN\x1e'
11E8E149-C9CF-EB6A-AF82-12DF17AE4E1E,2021-ncaa-d1-conf-Summit League,ncaa,9,9,3,9,3,6,5,3,9,3,1,8,9,7,9,9,5,2,9,2,7,2,2,9,9,9,8,9,3,1,1,3,3,1,3,8,8,6,3,8,6,6,1,1,,,8,8,,,8,4,4,1,7,8,1,2,1,9,6,5,2,2,1,1,1,1,1,9,4,6,1,,9,,,8,7,6,6,3,4,4,2,8,8,6,7,9,8,5,8,9,8,7,4,4,6,9,7,9,6,3,8,1,7,3,4,5,6,8,6,6,5,5,2,,,3,8,,,8,6,8,6,8,6,5,6,3,3,7,7,9,9,9,7,6,5,7,6,5,8,5,5,,5,,,b'\x11\xe8\xe1I\xc9\xcf\xebj\xaf\x82\x12\xdf\x17\xaeN\x1e'
11E8E149-C9CF-EB6A-AF82-12DF17AE4E1E,2021-ncaa-d1-natl,ncaa,322,329,206,332,206,189,207,162,292,202,140,296,185,166,251,202,126,115,193,119,117,157,174,290,279,241,129,203,55,58,62,160,92,113,78,232,268,118,82,210,261,290,124,78,,,285,339,,,298,200,127,8,134,170,39,167,64,186,139,49,44,48,25,23,21,58,16,243,158,276,114,,339,,,293,220,151,150,182,94,94,160,304,281,304,317,326,305,293,298,342,175,141,259,302,333,339,321,323,122,92,185,62,164,78,167,177,287,325,309,128,102,125,93,,,150,106,,,298,145,180,326,290,325,237,242,79,58,336,333,343,337,334,311,249,149,292,256,217,315,161,141,,42,,,b'\x11\xe8\xe1I\xc9\xcf\xebj\xaf\x82\x12\xdf\x17\xaeN\x1e'
11E8E149-C9CF-EB6A-AF82-12DF17AE4E1E,2022-ncaa-d0-natl,ncaa,199,180,216,205,236,175,162,172,146,115,95,205,281,297,157,316,124,208,8,207,288,189,210,198,158,144,285,294,96,204,187,128,170,154,133,229,289,109,132,182,290,303,93,99,,,103,106,,,238,199,105,195,127,117,114,58,37,273,306,89,181,179,120,132,179,51,79,216,151,289,73,,145,,,239,233,207,229,154,176,208,145,256,242,231,215,248,194,347,197,176,228,165,170,191,286,250,229,224,215,170,140,187,154,133,178,144,326,338,324,188,208,288,223,,,250,259,,,238,150,152,301,237,296,271,317,227,279,289,286,278,228,233,316,251,256,192,227,218,331,226,312,,233,,,b'\x11\xe8\xe1I\xc9\xcf\xebj\xaf\x82\x12\xdf\x17\xaeN\x1e'
11E8E149-C9CF-EB6A-AF82-12DF17AE4E1E,2022-ncaa-d1-conf-Summit League,ncaa,5,5,5,5,6,5,4,4,4,3,1,7,9,9,6,10,4,7,1,7,8,5,5,7,5,5,10,10,4,3,3,2,6,2,3,5,9,5,4,4,9,10,3,1,,,4,4,,,5,5,2,7,4,4,1,3,1,9,10,4,6,6,1,1,1,1,1,4,5,8,2,,4,,,5,7,6,10,3,4,7,3,9,9,4,7,8,8,9,8,6,10,6,3,3,5,9,8,8,8,6,6,3,7,3,7,5,9,10,10,8,5,8,2,,,8,9,,,5,6,5,5,5,7,5,9,4,8,8,9,9,8,7,10,8,8,5,8,7,10,6,8,,7,,,b'\x11\xe8\xe1I\xc9\xcf\xebj\xaf\x82\x12\xdf\x17\xaeN\x1e'
11E8E149-C9CF-EB6A-AF82-12DF17AE4E1E,2022-ncaa-d1-natl,ncaa,176,180,146,186,178,135,130,121,153,73,50,208,274,291,191,322,86,164,8,165,287,126,142,213,166,146,297,310,85,147,173,92,172,102,129,214,292,117,97,168,266,296,86,104,,,172,128,,,232,137,96,210,116,100,75,49,27,282,306,76,160,160,85,107,142,52,59,225,115,282,81,,174,,,231,276,254,281,146,215,243,154,278,282,206,224,291,250,336,251,209,287,219,166,186,286,261,222,243,265,172,207,173,231,129,211,137,315,334,307,197,186,312,234,,,221,262,,,232,213,147,299,229,297,264,315,221,258,282,290,289,252,255,320,253,260,213,242,205,324,204,319,,225,,,b'\x11\xe8\xe1I\xc9\xcf\xebj\xaf\x82\x12\xdf\x17\xaeN\x1e'
11E8E149-C9CF-EB6A-AF82-12DF17AE4E1E,2023-ncaa-d0-natl,ncaa,135,117,164,132,217,76,80,82,117,59,65,135,181,192,169,251,55,87,53,87,182,77,96,149,123,90,246,263,110,111,171,130,232,120,209,160,311,98,55,130,69,91,307,304,,,297,237,,,140,91,11,250,30,37,18,24,25,181,177,27,59,59,15,21,102,83,65,156,117,53,315,,317,,,138,308,222,243,136,102,94,188,326,333,170,330,352,335,325,336,346,281,285,195,261,240,351,299,338,293,232,272,171,294,209,136,88,94,146,62,129,87,228,134,,,85,138,,,140,272,83,251,142,336,242,295,125,82,342,352,354,346,347,340,351,300,295,314,147,66,158,245,,52,,,b'\x11\xe8\xe1I\xc9\xcf\xebj\xaf\x82\x12\xdf\x17\xaeN\x1e'
11E8E149-C9CF-EB6A-AF82-12DF17AE4E1E,2023-ncaa-d1-conf-Summit League,ncaa,3,3,6,3,10,3,3,4,6,3,3,7,9,9,6,9,5,6,3,6,9,4,4,7,6,4,9,9,4,4,4,5,10,4,6,6,8,3,2,4,3,3,9,9,,,9,7,,,2,5,2,10,3,3,2,2,2,8,8,4,4,4,2,2,3,2,2,6,3,2,9,,9,,,2,6,2,6,2,2,2,2,6,6,2,8,9,10,7,10,9,7,7,2,2,2,9,6,10,9,10,6,4,6,6,3,3,3,4,2,5,2,8,5,,,7,7,,,2,6,4,2,2,8,2,8,2,2,7,9,10,10,10,9,9,10,8,8,3,2,5,8,,5,,,b'\x11\xe8\xe1I\xc9\xcf\xebj\xaf\x82\x12\xdf\x17\xaeN\x1e'
11E8E149-C9CF-EB6A-AF82-12DF17AE4E1E,2023-ncaa-d1-natl,ncaa,114,117,103,122,139,54,59,45,119,42,38,148,161,164,153,250,31,51,42,53,162,40,48,153,120,91,229,252,93,103,174,85,208,78,201,147,307,146,62,137,44,79,300,302,,,323,247,,,124,41,10,267,29,40,21,28,29,176,176,24,53,55,17,26,100,76,63,152,122,43,312,,318,,,124,325,246,284,129,118,123,173,335,343,179,329,357,345,320,345,349,316,324,188,244,218,354,304,342,297,208,317,174,323,201,162,95,56,114,52,175,91,237,119,,,55,130,,,124,324,84,219,127,322,220,283,105,76,339,349,355,345,345,331,347,284,294,310,144,58,159,232,,48,,,b'\x11\xe8\xe1I\xc9\xcf\xebj\xaf\x82\x12\xdf\x17\xaeN\x1e'
11E8E149-C9CF-EB6A-AF82-12DF17AE4E1E,2024-ncaa-d0-natl,ncaa,307,276,325,306,346,257,256,263,244,196,180,218,320,305,328,285,148,174,117,179,165,260,260,272,246,249,280,312,51,249,236,253,250,262,261,337,356,159,221,326,280,276,324,313,,,229,298,,,329,259,16,357,151,154,70,79,54,294,246,60,72,73,59,38,161,90,109,327,294,210,304,,335,,,332,256,224,136,308,148,70,318,305,265,293,302,270,283,139,288,319,165,116,325,323,343,315,293,235,187,250,157,236,159,261,161,110,302,300,272,243,287,47,51,,,239,187,,,329,107,258,343,323,355,347,337,313,230,353,351,334,334,337,352,343,300,329,330,288,214,324,104,,91,,,b'\x11\xe8\xe1I\xc9\xcf\xebj\xaf\x82\x12\xdf\x17\xaeN\x1e'
11E8E149-C9CF-EB6A-AF82-12DF17AE4E1E,2024-ncaa-d1-conf-Summit League,ncaa,6,6,6,6,6,6,4,4,6,4,3,7,8,8,9,8,6,5,4,5,6,5,3,8,8,8,7,8,2,3,4,4,6,5,4,9,9,9,9,9,6,8,7,6,,,7,7,,,9,5,2,3,5,4,2,3,3,8,8,4,5,5,2,2,3,3,2,9,9,4,7,,8,,,9,8,7,5,6,4,2,7,9,9,7,9,8,8,1,8,8,7,6,7,7,8,9,9,7,7,6,7,4,7,4,8,5,6,7,7,9,9,3,2,,,5,6,,,9,5,8,8,9,9,8,9,5,4,9,9,8,8,8,9,8,9,7,7,8,5,9,3,,5,,,b'\x11\xe8\xe1I\xc9\xcf\xebj\xaf\x82\x12\xdf\x17\xaeN\x1e'
11E8E149-C9CF-EB6A-AF82-12DF17AE4E1E,2024-ncaa-d1-natl,ncaa,298,296,254,301,318,206,205,170,237,139,109,216,302,280,321,289,113,129,107,134,188,164,141,271,241,248,291,312,61,179,222,154,217,176,224,322,355,256,230,326,243,271,307,301,,,297,309,,,322,135,17,359,144,145,63,76,53,287,251,66,81,84,57,32,139,78,82,325,296,205,296,,339,,,320,320,283,237,275,212,118,295,336,320,301,309,319,327,132,329,330,265,242,310,310,336,331,308,257,234,217,257,222,256,224,217,115,241,285,249,307,298,68,39,,,179,200,,,322,237,253,332,313,354,337,330,276,193,354,352,337,340,342,349,343,282,318,324,271,193,330,97,,102,,,b'\x11\xe8\xe1I\xc9\xcf\xebj\xaf\x82\x12\xdf\x17\xaeN\x1e'
11E8E149-C9CF-EB6A-AF82-12DF17AE4E1E,2025-ncaa-d0-natl,genius_ncaa,282,249,301,281,307,225,271,347,96,256,335,47,265,248,257,158,66,96,59,98,7,324,307,110,73,133,117,241,15,353,332,172,77,280,168,354,360,253,326,351,338,333,106,79,,,174,270,,338,257,259,76,76,141,217,335,200,304,227,189,19,31,31,285,213,347,46,217,353,324,321,77,,290,,354,260,188,151,143,196,112,99,202,257,233,256,275,235,170,354,169,242,143,88,234,268,319,301,275,244,70,77,32,332,26,168,76,64,325,318,246,172,260,17,94,,,149,33,,211,257,106,193,300,252,318,287,305,225,210,319,318,304,264,261,317,262,150,125,122,160,295,257,35,,43,,176,b'\x11\xe8\xe1I\xc9\xcf\xebj\xaf\x82\x12\xdf\x17\xaeN\x1e'
11E8E149-C9CF-EB6A-AF82-12DF17AE4E1E,2025-ncaa-d1-conf-Summit League,genius_ncaa,6,6,3,6,3,3,6,6,4,6,7,3,5,4,8,4,1,2,2,1,1,5,5,5,2,5,3,5,1,8,7,2,7,4,5,9,9,9,9,9,8,8,2,2,,,8,6,,9,5,3,3,2,5,7,8,7,7,5,4,1,2,2,8,6,8,2,5,9,9,8,1,,8,,9,5,6,6,8,2,6,9,2,7,8,4,5,7,6,9,6,4,8,8,2,2,4,6,6,5,9,7,4,7,6,5,3,3,8,8,7,7,7,1,3,,,1,2,,7,5,7,5,4,5,6,6,9,4,9,7,7,6,6,6,9,8,9,3,5,3,7,7,2,,2,,7,b'\x11\xe8\xe1I\xc9\xcf\xebj\xaf\x82\x12\xdf\x17\xaeN\x1e'
11E8E149-C9CF-EB6A-AF82-12DF17AE4E1E,2025-ncaa-d1-natl,genius_ncaa,262,249,244,265,259,198,250,325,101,237,325,51,240,227,255,160,44,62,52,61,6,294,262,114,70,139,111,241,11,343,331,108,75,237,151,343,360,295,331,349,324,334,93,89,,,212,257,,347,256,189,68,81,143,221,336,212,308,223,192,16,29,30,281,208,342,32,195,352,328,317,79,,272,,354,258,240,206,213,191,168,152,205,279,281,215,282,253,200,355,197,221,212,160,215,241,307,289,272,227,106,75,76,331,70,151,102,59,308,317,249,238,282,28,102,,,102,25,,197,256,175,196,287,253,311,289,317,233,218,314,324,297,243,240,322,274,154,127,123,158,298,286,44,,36,,187,b'\x11\xe8\xe1I\xc9\xcf\xebj\xaf\x82\x12\xdf\x17\xaeN\x1e'
11E8E149-C9CF-EB6A-AF82-12DF17AE4E1E,2026-ncaa-d0-natl,genius_ncaa,295,346,49,327,73,187,233,191,310,250,285,148,151,51,344,22,67,82,104,84,5,172,108,302,243,309,31,135,19,334,362,18,30,81,187,246,250,361,351,349,312,358,204,304,,,160,30,,333,340,61,78,97,315,348,353,350,359,225,78,100,133,136,345,271,361,6,122,339,341,358,277,,49,,306,318,336,355,350,189,325,340,116,357,338,330,279,43,49,119,50,7,342,295,223,172,286,203,350,2,227,30,333,362,314,187,356,289,297,359,359,323,281,229,309,,,72,101,,241,340,306,334,261,318,282,327,358,257,331,354,337,11,12,12,332,238,125,285,233,339,358,270,156,,139,,294,b'\x11\xe8\xe1I\xc9\xcf\xebj\xaf\x82\x12\xdf\x17\xaeN\x1e'
11E8E149-C9CF-EB6A-AF82-12DF17AE4E1E,2026-ncaa-d1-natl,genius_ncaa,332,345,85,347,117,265,310,271,330,327,342,184,213,72,349,22,96,116,97,117,6,251,164,318,276,329,26,132,13,360,362,21,38,121,209,317,262,356,357,359,354,360,252,319,,,106,32,,321,347,100,89,100,345,360,359,357,361,242,83,105,138,141,353,290,362,6,154,350,348,360,285,,52,,316,343,325,348,344,233,310,332,138,353,330,342,278,27,25,130,26,6,329,258,268,209,321,201,351,2,181,38,316,362,288,209,349,295,345,362,360,301,302,208,332,,,100,84,,268,347,268,350,306,342,317,342,361,287,340,359,337,12,12,12,344,232,130,303,254,352,361,279,177,,137,,289,b'\x11\xe8\xe1I\xc9\xcf\xebj\xaf\x82\x12\xdf\x17\xaeN\x1e'
11E8E149-C9D4-4C3C-AF82-12DF17AE4E1E,2010-ncaa-d0-natl,ncaa,159,101,288,140,303,243,244,292,116,219,287,77,207,200,216,136,211,275,27,268,162,298,317,117,102,116,177,182,154,277,168,281,68,292,108,218,156,49,178,144,193,93,159,119,,,42,205,,,122,314,262,172,163,169,240,162,236,171,146,151,222,219,246,257,232,213,236,158,141,135,132,,120,,,117,27,26,24,204,35,36,151,115,53,303,159,78,68,214,68,181,12,16,214,219,194,204,212,181,11,68,16,168,4,108,32,114,277,149,140,117,238,190,278,,,264,97,,,122,24,128,162,130,111,98,53,103,94,181,102,140,131,130,50,47,32,69,35,90,211,210,257,,173,,,b'\x11\xe8\xe1I\xc9\xd4L<\xaf\x82\x12\xdf\x17\xaeN\x1e'
11E8E149-C9D4-4C3C-AF82-12DF17AE4E1E,2010-ncaa-d1-conf-Summit League,ncaa,5,5,5,5,6,6,5,6,5,5,5,5,5,6,7,6,6,9,2,9,8,6,6,6,6,6,7,7,9,4,3,6,3,6,4,5,7,3,4,5,4,3,3,2,,,2,3,,,4,7,8,3,6,5,4,5,4,5,5,6,9,9,5,6,4,4,5,5,3,4,3,,3,,,4,2,2,2,3,2,5,2,4,2,8,4,2,2,1,2,4,2,2,4,4,4,5,6,5,3,3,4,3,3,4,1,2,6,4,4,3,4,5,8,,,7,8,,,4,3,6,4,4,3,4,2,3,5,4,3,3,3,3,3,2,3,6,4,2,5,4,7,,8,,,b'\x11\xe8\xe1I\xc9\xd4L<\xaf\x82\x12\xdf\x17\xaeN\x1e'
11E8E149-C9D4-4C3C-AF82-12DF17AE4E1E,2010-ncaa-d1-natl,ncaa,156,100,276,130,296,230,230,285,126,213,278,90,202,182,219,123,208,270,32,260,183,292,315,129,115,119,170,175,171,271,190,264,54,280,119,197,151,46,156,130,185,94,156,120,,,59,204,,,124,316,262,176,167,170,219,168,238,167,139,163,234,223,237,260,240,207,240,154,121,137,135,,122,,,119,35,35,24,215,42,40,164,135,65,307,155,79,74,178,71,174,18,14,229,223,198,193,212,161,13,54,29,190,12,119,35,109,264,148,140,118,218,222,288,,,258,117,,,124,23,131,161,128,108,103,52,111,94,181,101,130,123,123,49,45,25,93,41,93,213,188,272,,190,,,b'\x11\xe8\xe1I\xc9\xd4L<\xaf\x82\x12\xdf\x17\xaeN\x1e'
11E8E149-C9D4-4C3C-AF82-12DF17AE4E1E,2011-ncaa-d0-natl,ncaa,208,175,288,207,316,224,213,288,82,211,292,73,159,182,96,116,265,272,165,270,175,292,324,69,80,56,155,113,244,320,300,200,31,283,148,187,130,5,39,35,332,319,119,118,,,5,16,,,177,321,255,335,139,133,222,164,246,110,135,212,223,222,234,307,308,57,215,115,16,326,75,,15,,,180,91,180,124,248,200,179,225,124,83,274,130,14,7,251,7,9,69,23,237,192,303,35,173,16,18,31,66,300,27,148,117,91,341,340,328,45,160,21,63,,,276,106,,,177,35,79,279,164,208,296,267,295,302,182,142,30,21,22,222,64,62,173,122,207,341,106,40,,200,,,b'\x11\xe8\xe1I\xc9\xd4L<\xaf\x82\x12\xdf\x17\xaeN\x1e'
11E8E149-C9D4-4C3C-AF82-12DF17AE4E1E,2011-ncaa-d1-conf-Summit League,ncaa,6,6,5,6,5,7,7,8,4,7,9,4,4,4,4,3,8,9,7,9,5,8,10,4,4,4,4,3,7,9,8,5,4,6,6,6,4,2,4,3,9,9,3,3,,,1,2,,,6,10,9,5,7,7,8,7,7,4,4,8,8,8,8,10,10,4,6,5,3,10,3,,2,,,6,4,6,5,5,6,6,4,5,3,8,5,2,2,7,2,2,5,2,4,3,8,3,6,3,5,4,2,8,3,6,5,4,10,10,9,3,4,1,1,,,8,4,,,6,2,4,7,5,4,6,7,7,8,6,4,2,2,2,7,2,7,3,3,5,10,3,1,,8,,,b'\x11\xe8\xe1I\xc9\xd4L<\xaf\x82\x12\xdf\x17\xaeN\x1e'
11E8E149-C9D4-4C3C-AF82-12DF17AE4E1E,2011-ncaa-d1-natl,ncaa,206,172,279,206,318,195,186,275,63,208,288,65,120,161,58,103,251,256,164,254,158,281,319,48,64,41,130,96,247,317,297,182,36,269,141,145,114,5,39,24,324,308,106,110,,,6,14,,,162,312,243,336,124,119,215,163,252,82,117,205,217,216,227,302,308,65,218,89,17,310,73,,15,,,161,115,199,146,254,217,200,223,142,97,286,135,18,8,251,11,12,84,29,244,202,304,46,183,16,23,36,72,297,27,141,147,108,339,338,328,53,156,25,64,,,264,108,,,162,39,61,283,151,207,293,265,295,297,200,147,31,22,23,215,74,61,163,118,215,339,107,41,,197,,,b'\x11\xe8\xe1I\xc9\xd4L<\xaf\x82\x12\xdf\x17\xaeN\x1e'
11E8E149-C9D4-4C3C-AF82-12DF17AE4E1E,2012-ncaa-d0-natl,ncaa,266,260,240,268,278,250,261,263,229,241,229,245,225,231,182,192,167,172,166,179,131,257,251,237,221,230,145,193,79,243,231,150,16,190,96,231,125,141,227,220,330,328,113,117,,,40,82,,,287,255,158,262,222,239,221,216,193,202,212,126,128,139,211,208,210,56,122,200,212,326,95,,68,,,286,211,251,180,295,261,194,283,204,149,278,165,78,37,331,43,46,141,61,292,282,330,73,184,43,7,16,147,231,51,96,176,88,338,334,330,277,311,118,154,,,181,74,,,287,97,237,298,286,282,307,279,305,280,237,200,118,57,68,245,112,20,237,123,234,335,304,151,,102,,,b'\x11\xe8\xe1I\xc9\xd4L<\xaf\x82\x12\xdf\x17\xaeN\x1e'
11E8E149-C9D4-4C3C-AF82-12DF17AE4E1E,2012-ncaa-d1-natl,ncaa,254,260,137,262,181,190,204,211,201,187,180,224,191,199,159,193,109,113,134,124,122,196,188,211,175,184,137,193,69,200,213,76,13,126,76,190,126,176,207,192,319,320,89,98,,,67,80,,,272,181,160,262,188,216,216,199,187,187,211,96,110,118,198,200,200,49,112,183,191,320,81,,62,,,269,266,299,248,282,293,252,262,251,207,284,180,99,57,330,59,46,212,126,288,276,325,95,202,44,21,13,205,213,94,76,226,98,331,334,329,304,307,127,129,,,106,64,,,272,172,193,292,266,278,303,274,294,276,247,212,110,55,57,241,111,21,210,103,230,333,299,126,,90,,,b'\x11\xe8\xe1I\xc9\xd4L<\xaf\x82\x12\xdf\x17\xaeN\x1e'
11E8E149-C9D4-4C3C-AF82-12DF17AE4E1E,2013-ncaa-d0-natl,ncaa,273,216,327,267,337,304,288,293,258,273,278,215,236,203,287,130,301,329,30,329,311,311,335,254,244,164,200,172,215,315,299,319,43,329,231,302,270,2,22,105,304,238,294,239,,,7,64,,,276,337,247,260,243,210,141,198,176,197,133,254,302,301,185,281,273,245,281,263,12,264,253,,39,,,290,85,141,18,332,124,14,338,195,145,297,277,27,16,320,15,82,4,3,338,335,341,132,259,40,1,43,105,299,15,231,202,253,337,284,338,8,72,23,66,,,340,291,,,276,10,178,327,288,272,293,132,278,88,284,248,78,51,49,92,44,16,278,129,302,302,56,69,,308,,,b'\x11\xe8\xe1I\xc9\xd4L<\xaf\x82\x12\xdf\x17\xaeN\x1e'
11E8E149-C9D4-4C3C-AF82-12DF17AE4E1E,2013-ncaa-d1-conf-Summit League,ncaa,7,7,5,7,6,6,3,3,4,4,3,5,6,7,7,5,7,7,4,7,7,6,7,5,6,5,7,5,6,5,5,6,5,6,5,6,6,1,1,3,8,8,8,8,,,3,2,,,7,7,6,3,5,3,1,3,2,6,5,6,6,6,3,7,5,7,7,5,1,8,8,,2,,,7,8,8,5,8,8,5,8,8,4,8,5,2,3,5,3,2,4,3,8,8,8,1,6,1,2,5,6,5,5,5,7,5,8,8,9,1,1,1,1,,,7,8,,,7,3,4,8,7,8,9,7,8,7,8,5,2,2,2,7,4,3,7,7,8,8,1,2,,8,,,b'\x11\xe8\xe1I\xc9\xd4L<\xaf\x82\x12\xdf\x17\xaeN\x1e'
11E8E149-C9D4-4C3C-AF82-12DF17AE4E1E,2013-ncaa-d1-natl,ncaa,270,243,292,269,320,256,238,222,229,214,229,191,215,175,282,128,283,325,24,325,323,251,313,235,228,149,212,171,242,287,280,295,30,310,203,267,258,4,22,87,289,243,277,231,,,14,64,,,272,318,226,260,213,180,124,175,161,192,123,258,309,306,169,267,257,238,263,238,16,266,253,,39,,,280,190,222,47,333,149,23,336,296,223,335,305,51,31,328,28,113,32,13,340,339,342,232,299,45,3,30,167,280,36,203,260,274,321,284,335,25,77,33,62,,,333,293,,,272,37,159,328,274,282,294,138,249,57,316,280,96,56,55,97,48,12,270,115,303,301,66,68,,306,,,b'\x11\xe8\xe1I\xc9\xd4L<\xaf\x82\x12\xdf\x17\xaeN\x1e'
11E8E149-C9D4-4C3C-AF82-12DF17AE4E1E,2014-ncaa-d0-natl,ncaa,337,326,297,339,298,273,225,183,271,225,184,286,159,164,127,131,338,347,36,347,349,248,301,248,272,202,211,95,342,275,296,277,213,294,296,229,206,6,27,62,299,277,227,235,,,131,238,,,301,291,154,35,200,123,35,153,85,108,118,334,343,343,98,195,232,200,224,178,34,260,201,,250,,,305,181,154,81,291,220,142,283,67,53,189,69,294,266,320,268,287,110,65,274,299,325,127,51,299,95,213,231,296,181,296,121,118,327,310,288,54,140,91,100,,,345,347,,,301,66,226,323,301,309,288,230,308,280,116,96,325,318,318,291,221,192,324,303,222,295,130,154,,343,,,b'\x11\xe8\xe1I\xc9\xd4L<\xaf\x82\x12\xdf\x17\xaeN\x1e'
11E8E149-C9D4-4C3C-AF82-12DF17AE4E1E,2014-ncaa-d1-conf-Summit League,ncaa,8,8,4,8,4,7,5,2,8,5,3,8,6,6,7,4,8,8,5,8,8,4,5,8,8,8,7,4,8,4,7,4,6,5,6,6,5,2,3,3,7,7,6,6,,,4,4,,,8,5,3,1,7,4,1,4,1,5,4,8,8,8,2,3,4,4,4,6,3,7,6,,6,,,8,5,5,5,6,6,6,7,1,1,3,1,7,7,5,8,6,6,6,4,6,4,1,1,6,4,6,8,7,8,6,3,2,5,6,3,5,4,1,1,,,8,8,,,8,6,8,4,8,7,5,4,8,8,1,1,8,8,8,6,8,5,8,8,4,6,6,2,,8,,,b'\x11\xe8\xe1I\xc9\xd4L<\xaf\x82\x12\xdf\x17\xaeN\x1e'
11E8E149-C9D4-4C3C-AF82-12DF17AE4E1E,2014-ncaa-d1-natl,ncaa,319,325,211,323,218,205,147,109,222,152,119,249,149,151,144,150,328,340,26,340,348,170,234,220,245,168,252,125,340,249,292,206,139,238,265,193,222,9,26,54,283,282,166,170,,,182,231,,,276,214,130,39,170,79,30,116,69,126,126,325,339,339,84,179,235,142,196,156,32,266,147,,241,,,277,252,214,152,270,249,194,271,103,97,156,82,322,303,325,304,291,193,134,239,291,319,154,63,308,114,139,276,292,221,265,158,117,306,308,272,79,119,118,89,,,341,346,,,276,143,188,313,268,306,275,231,293,267,128,119,329,319,319,292,222,156,319,283,199,289,122,144,,341,,,b'\x11\xe8\xe1I\xc9\xd4L<\xaf\x82\x12\xdf\x17\xaeN\x1e'
11E8E149-C9D4-4C3C-AF82-12DF17AE4E1E,2015-ncaa-d0-natl,ncaa,253,238,283,252,304,194,164,166,171,173,155,197,157,179,109,161,286,318,50,322,333,202,241,162,173,139,204,142,311,297,309,218,100,270,274,180,198,48,86,93,226,219,204,237,,,104,128,,,255,209,20,166,91,59,28,84,61,120,127,257,296,297,61,88,270,98,186,111,121,188,183,,200,,,259,233,269,162,315,308,233,316,81,76,149,74,182,159,252,149,110,149,117,295,302,319,38,46,142,59,100,236,309,165,274,118,31,266,261,223,85,125,228,227,,,292,276,,,255,141,181,292,256,327,333,320,341,330,132,137,247,232,224,324,306,133,333,292,183,223,161,285,,231,,,b'\x11\xe8\xe1I\xc9\xd4L<\xaf\x82\x12\xdf\x17\xaeN\x1e'
11E8E149-C9D4-4C3C-AF82-12DF17AE4E1E,2015-ncaa-d1-conf-Summit League,ncaa,6,6,5,6,5,6,3,3,7,5,5,7,6,6,6,6,7,7,3,7,9,3,4,7,7,7,6,4,9,7,7,4,5,6,6,3,3,3,4,3,4,5,6,7,,,3,3,,,6,3,1,1,4,3,1,5,1,6,5,7,7,7,2,2,7,2,5,3,4,4,6,,5,,,6,6,8,7,6,9,8,7,1,2,1,2,5,5,1,5,4,7,7,4,5,5,1,1,5,5,5,9,7,9,6,1,1,5,5,3,5,5,6,6,,,7,8,,,6,7,7,5,6,7,9,9,9,9,3,3,6,6,6,9,9,7,9,9,2,5,5,7,,7,,,b'\x11\xe8\xe1I\xc9\xd4L<\xaf\x82\x12\xdf\x17\xaeN\x1e'
11E8E149-C9D4-4C3C-AF82-12DF17AE4E1E,2015-ncaa-d1-natl,ncaa,256,238,298,255,317,183,157,141,184,168,156,201,141,157,116,148,277,311,50,313,329,191,229,168,176,140,187,126,307,292,307,190,107,260,277,167,196,49,80,93,228,226,198,226,,,116,136,,,265,186,18,163,93,62,27,97,69,110,115,247,287,294,52,86,265,87,173,111,117,191,174,,213,,,268,259,281,190,307,309,233,317,90,105,117,96,206,187,259,174,123,191,141,286,292,312,42,53,152,79,107,266,307,202,277,113,30,256,265,216,100,128,234,229,,,286,273,,,265,164,186,294,259,327,332,325,338,327,147,166,261,248,237,328,306,149,336,310,183,226,161,284,,217,,,b'\x11\xe8\xe1I\xc9\xd4L<\xaf\x82\x12\xdf\x17\xaeN\x1e'
11E8E149-C9D4-4C3C-AF82-12DF17AE4E1E,2016-ncaa-d0-natl,ncaa,316,293,321,316,324,276,262,317,135,232,232,210,273,318,51,278,235,279,75,281,252,317,309,167,148,198,234,239,154,286,182,297,121,303,133,286,258,168,278,272,319,293,276,272,,,31,109,,,293,310,139,88,175,164,204,123,105,231,294,165,211,217,216,152,213,191,207,230,292,289,249,,111,,,301,174,236,74,340,272,131,332,121,69,293,115,70,58,258,55,81,61,27,334,329,347,49,112,60,19,121,21,182,14,133,150,93,340,323,328,300,338,171,212,,,298,201,,,293,37,207,335,302,319,335,284,334,299,218,159,166,140,138,256,178,106,116,95,265,320,341,253,,195,,,b'\x11\xe8\xe1I\xc9\xd4L<\xaf\x82\x12\xdf\x17\xaeN\x1e'
11E8E149-C9D4-4C3C-AF82-12DF17AE4E1E,2016-ncaa-d1-conf-Summit League,ncaa,9,7,9,9,9,8,8,8,7,7,5,7,8,9,4,8,4,5,1,5,5,8,8,7,6,7,6,8,1,6,5,7,7,8,5,6,3,8,9,8,9,9,6,6,,,3,3,,,8,8,2,3,5,6,6,4,2,7,8,2,3,3,6,3,5,7,5,5,9,9,6,,6,,,8,7,7,4,7,7,6,8,5,3,8,4,4,4,9,4,5,4,2,7,7,8,4,4,3,7,7,2,5,3,5,5,4,8,8,7,8,9,4,5,,,6,4,,,8,2,7,9,8,8,8,7,8,7,8,8,6,6,6,9,8,7,4,7,6,6,9,6,,3,,,b'\x11\xe8\xe1I\xc9\xd4L<\xaf\x82\x12\xdf\x17\xaeN\x1e'
11E8E149-C9D4-4C3C-AF82-12DF17AE4E1E,2016-ncaa-d1-natl,ncaa,302,292,303,302,313,223,227,285,125,202,190,214,241,304,34,277,179,217,94,219,212,280,274,144,132,178,211,229,126,261,195,266,106,290,139,256,251,194,263,260,306,287,264,265,,,41,95,,,291,261,131,93,151,157,202,120,103,211,287,124,161,166,197,146,217,196,223,221,272,280,249,,101,,,293,256,296,145,345,308,185,336,188,100,314,129,72,66,245,63,67,123,49,341,336,348,48,140,43,24,106,42,195,29,139,211,99,330,317,327,305,331,179,178,,,241,182,,,291,75,191,338,297,322,337,287,336,297,233,168,135,116,112,249,179,82,126,92,275,312,329,233,,176,,,b'\x11\xe8\xe1I\xc9\xd4L<\xaf\x82\x12\xdf\x17\xaeN\x1e'
11E8E149-C9D4-4C3C-AF82-12DF17AE4E1E,2017-ncaa-d0-natl,ncaa,328,323,291,330,315,265,252,283,186,265,267,251,163,216,47,148,311,314,186,315,290,297,294,159,177,214,131,87,273,279,249,250,72,278,163,250,215,157,260,241,346,345,268,271,,,60,135,,,323,288,140,268,217,206,201,230,206,115,165,290,296,296,233,210,249,146,212,214,249,344,256,,138,,,328,275,280,135,341,262,132,336,254,175,335,208,161,121,321,119,160,125,42,342,342,349,154,217,114,24,72,73,249,37,163,233,130,349,346,346,293,327,227,287,,,309,252,,,323,68,227,348,324,339,336,285,332,248,310,248,233,192,197,285,141,59,187,134,304,344,321,281,,259,,,b'\x11\xe8\xe1I\xc9\xd4L<\xaf\x82\x12\xdf\x17\xaeN\x1e'
11E8E149-C9D4-4C3C-AF82-12DF17AE4E1E,2017-ncaa-d1-conf-Summit League,ncaa,7,7,5,7,6,6,6,6,6,6,6,6,6,6,7,6,7,7,7,7,7,7,5,6,6,6,6,5,8,4,5,3,4,3,3,6,6,9,9,7,9,9,6,7,,,4,4,,,8,5,2,5,6,5,5,6,4,6,6,8,8,8,6,2,4,2,3,6,9,9,6,,5,,,8,9,8,7,8,6,5,8,9,9,7,8,7,8,2,8,8,7,4,8,8,8,8,9,3,5,4,5,5,5,3,7,3,9,9,9,9,9,6,7,,,8,8,,,8,5,6,8,8,9,8,9,8,8,9,9,8,8,8,9,7,6,5,7,7,9,9,6,,8,,,b'\x11\xe8\xe1I\xc9\xd4L<\xaf\x82\x12\xdf\x17\xaeN\x1e'
11E8E149-C9D4-4C3C-AF82-12DF17AE4E1E,2017-ncaa-d1-natl,ncaa,318,322,217,322,288,228,218,236,187,248,224,258,129,188,42,147,289,298,177,299,291,258,253,154,172,203,118,82,273,252,238,186,55,225,147,220,211,167,227,223,344,342,251,255,,,85,139,,,318,243,144,270,196,191,175,226,191,103,157,282,288,292,217,202,230,135,188,201,225,340,242,,139,,,318,316,305,185,338,281,159,332,291,216,335,222,197,167,305,172,172,182,77,339,341,348,179,235,121,30,55,145,238,69,147,258,140,346,346,346,283,311,250,271,,,277,260,,,318,112,209,345,317,337,331,273,316,226,306,265,235,193,198,277,132,49,199,131,295,343,298,275,,261,,,b'\x11\xe8\xe1I\xc9\xd4L<\xaf\x82\x12\xdf\x17\xaeN\x1e'
11E8E149-C9D4-4C3C-AF82-12DF17AE4E1E,2018-ncaa-d0-natl,ncaa,310,263,337,309,340,288,263,333,86,285,324,122,149,222,45,98,338,346,72,347,317,337,344,72,80,99,121,73,320,347,342,272,116,340,279,173,41,37,209,100,334,319,140,79,,,8,57,,,287,334,102,278,159,136,208,194,240,75,118,309,330,331,262,279,342,87,288,61,168,312,74,,79,,,297,132,127,76,274,75,35,267,280,237,303,315,102,50,335,45,155,62,15,308,308,341,293,316,113,30,116,62,342,37,279,64,54,347,342,335,169,315,15,98,,,347,300,,,287,17,181,336,295,334,321,318,258,207,342,335,228,183,176,322,207,157,249,223,192,338,294,69,,325,,,b'\x11\xe8\xe1I\xc9\xd4L<\xaf\x82\x12\xdf\x17\xaeN\x1e'
11E8E149-C9D4-4C3C-AF82-12DF17AE4E1E,2018-ncaa-d1-conf-Summit League,ncaa,7,7,5,7,6,6,6,7,4,5,7,4,6,7,6,7,7,8,5,8,7,7,7,5,4,5,6,6,5,8,8,5,5,6,5,5,3,5,7,6,7,7,3,2,,,2,2,,,6,7,4,2,6,6,7,4,5,5,7,6,8,8,7,5,8,3,5,5,5,7,2,,3,,,6,6,6,6,5,5,2,5,7,6,5,6,5,5,4,6,5,6,2,5,5,6,7,7,3,6,5,3,8,6,5,5,4,7,8,7,7,8,1,1,,,6,6,,,6,2,6,6,6,6,6,7,5,4,8,8,5,5,6,8,5,6,4,6,5,7,7,1,,6,,,b'\x11\xe8\xe1I\xc9\xd4L<\xaf\x82\x12\xdf\x17\xaeN\x1e'
11E8E149-C9D4-4C3C-AF82-12DF17AE4E1E,2018-ncaa-d1-natl,ncaa,276,263,315,276,329,217,187,264,88,222,258,131,100,183,30,120,319,327,104,328,319,289,315,74,82,93,143,75,324,340,335,165,90,293,243,100,38,78,175,77,299,290,87,60,,,19,48,,,249,273,86,279,125,108,158,159,190,72,122,302,323,322,211,237,333,69,227,42,154,279,54,,78,,,253,223,196,189,205,116,75,231,304,299,239,319,167,88,341,84,162,159,56,255,267,332,299,313,141,79,90,151,335,112,243,88,51,339,332,297,212,294,52,105,,,327,295,,,249,72,160,319,254,312,294,314,220,183,329,335,225,172,167,304,218,152,255,225,165,329,280,92,,305,,,b'\x11\xe8\xe1I\xc9\xd4L<\xaf\x82\x12\xdf\x17\xaeN\x1e'
11E8E149-C9D4-4C3C-AF82-12DF17AE4E1E,2019-ncaa-d0-natl,ncaa,310,298,292,311,319,314,311,342,158,318,332,169,227,257,115,135,284,295,170,296,126,341,341,138,139,203,102,127,158,338,321,305,103,341,237,316,253,138,303,283,349,343,298,289,,,23,128,,,329,332,314,348,300,304,347,298,317,181,223,256,260,258,346,337,337,270,340,307,219,343,288,,61,,,330,187,228,61,340,222,108,319,199,62,351,138,71,46,271,46,87,47,10,341,336,351,106,207,58,12,103,28,321,13,237,84,34,351,348,346,77,254,186,315,,,286,90,,,329,17,249,350,337,301,318,168,306,224,275,132,132,105,101,140,17,42,102,58,166,349,182,240,,228,,,b'\x11\xe8\xe1I\xc9\xd4L<\xaf\x82\x12\xdf\x17\xaeN\x1e'
11E8E149-C9D4-4C3C-AF82-12DF17AE4E1E,2019-ncaa-d1-conf-Summit League,ncaa,7,7,5,7,8,8,8,9,7,8,9,5,7,8,5,6,6,6,8,6,5,9,9,6,6,7,5,6,2,9,8,7,4,9,7,7,5,7,9,7,9,9,8,9,,,2,3,,,9,8,9,8,9,9,9,8,9,7,8,6,6,6,9,9,9,7,9,7,7,9,8,,2,,,9,5,8,4,9,9,9,8,2,1,9,1,1,3,1,3,1,2,2,9,8,9,1,3,2,4,4,2,8,3,7,4,3,9,9,9,7,7,6,6,,,7,4,,,9,2,7,9,9,6,8,5,9,9,4,1,2,3,3,4,1,4,4,4,4,9,7,6,,6,,,b'\x11\xe8\xe1I\xc9\xd4L<\xaf\x82\x12\xdf\x17\xaeN\x1e'
11E8E149-C9D4-4C3C-AF82-12DF17AE4E1E,2019-ncaa-d1-natl,ncaa,308,297,314,312,339,324,322,348,182,318,336,194,234,268,121,146,292,295,199,293,139,348,346,163,164,215,113,132,164,342,327,314,93,348,247,325,258,120,301,286,349,342,308,300,,,20,129,,,332,345,318,348,308,311,344,305,309,197,230,267,265,265,346,338,336,270,340,317,210,345,303,,58,,,331,182,224,59,340,228,90,331,208,81,343,165,66,50,253,47,94,29,4,342,339,351,106,210,56,11,93,31,327,11,247,83,34,351,347,346,79,247,195,313,,,286,83,,,332,7,266,350,338,294,312,160,301,191,276,152,121,100,97,123,16,37,127,65,159,348,170,240,,226,,,b'\x11\xe8\xe1I\xc9\xd4L<\xaf\x82\x12\xdf\x17\xaeN\x1e'
11E8E149-C9D4-4C3C-AF82-12DF17AE4E1E,2020-ncaa-d0-natl,ncaa,276,258,260,279,260,203,200,264,96,161,237,68,253,230,269,194,127,166,110,167,121,259,253,118,102,146,235,254,96,250,209,143,49,198,99,312,335,188,229,285,339,340,329,327,,,261,310,,,278,249,155,6,144,151,221,105,190,230,196,84,115,116,202,160,236,57,115,296,232,336,326,,301,,,281,276,234,178,269,223,145,289,223,217,194,224,329,277,347,274,278,195,91,273,308,344,240,161,285,47,49,78,209,50,99,92,34,342,344,301,94,121,217,237,,,162,86,,,278,109,167,335,279,326,298,280,278,206,266,271,336,299,295,303,201,80,137,113,118,338,134,244,,91,,,b'\x11\xe8\xe1I\xc9\xd4L<\xaf\x82\x12\xdf\x17\xaeN\x1e'
11E8E149-C9D4-4C3C-AF82-12DF17AE4E1E,2020-ncaa-d1-conf-Summit League,ncaa,6,6,3,6,3,5,5,7,3,3,5,3,8,9,6,9,2,2,8,2,2,7,7,3,3,4,6,9,2,6,4,3,3,5,4,3,6,8,6,6,9,9,9,9,,,7,7,,,6,7,5,1,6,5,8,4,6,8,9,4,2,2,7,6,6,2,5,6,7,9,9,,6,,,6,7,8,9,4,9,9,7,5,5,3,4,8,8,8,8,5,9,6,3,4,6,2,3,7,5,3,4,4,4,4,2,1,9,9,8,5,5,7,4,,,3,3,,,6,4,5,7,5,5,5,7,5,6,3,5,8,7,7,6,6,5,3,3,3,9,5,6,,3,,,b'\x11\xe8\xe1I\xc9\xd4L<\xaf\x82\x12\xdf\x17\xaeN\x1e'
11E8E149-C9D4-4C3C-AF82-12DF17AE4E1E,2020-ncaa-d1-natl,ncaa,257,257,128,265,129,123,135,197,90,105,185,67,207,183,245,187,74,100,83,102,114,184,173,109,91,116,214,239,86,220,198,73,42,121,90,279,332,205,191,266,327,334,329,327,,,294,308,,,246,151,154,7,113,122,189,99,182,207,185,70,103,100,173,148,223,48,107,284,200,327,328,,291,,,248,302,265,240,227,250,194,258,236,256,175,216,334,287,349,285,268,269,162,240,295,339,248,160,295,59,42,147,198,97,90,99,34,329,333,273,84,79,231,216,,,82,83,,,246,210,130,310,243,310,277,263,250,207,242,259,335,287,283,285,185,70,146,105,99,333,90,228,,82,,,b'\x11\xe8\xe1I\xc9\xd4L<\xaf\x82\x12\xdf\x17\xaeN\x1e'
11E8E149-C9D4-4C3C-AF82-12DF17AE4E1E,2021-ncaa-d0-natl,ncaa,71,104,89,89,95,95,117,151,81,156,162,145,53,113,8,131,29,50,23,50,25,138,129,61,34,64,40,88,44,175,169,119,81,141,88,177,298,267,210,243,207,267,195,231,,,328,337,,,107,123,194,76,98,149,269,233,264,65,154,20,54,49,221,219,240,192,230,249,201,273,242,,325,,,117,239,205,199,186,225,215,204,152,187,95,107,339,339,180,339,324,231,218,155,211,237,219,63,331,150,81,162,169,152,88,111,25,152,212,90,233,189,289,288,,,25,7,,,107,226,72,189,110,186,123,82,153,128,86,100,334,327,328,163,118,62,48,36,31,228,183,257,,14,,,b'\x11\xe8\xe1I\xc9\xd4L<\xaf\x82\x12\xdf\x17\xaeN\x1e'
11E8E149-C9D4-4C3C-AF82-12DF17AE4E1E,2021-ncaa-d1-conf-Summit League,ncaa,3,3,1,3,1,1,2,1,5,2,1,6,4,4,2,6,1,1,3,1,5,1,1,6,6,7,5,5,4,2,2,1,4,2,4,6,9,9,7,9,3,7,3,8,,,9,7,,,3,1,5,6,6,5,7,5,4,5,8,3,6,6,7,5,3,6,4,8,9,7,8,,7,,,3,9,8,9,4,9,9,4,3,4,2,1,8,9,1,9,7,9,9,3,3,3,2,1,7,8,4,7,2,8,4,4,1,2,3,2,9,8,9,9,,,1,1,,,3,9,3,3,3,3,3,3,6,6,2,1,6,7,7,3,5,3,1,3,2,5,8,8,,1,,,b'\x11\xe8\xe1I\xc9\xd4L<\xaf\x82\x12\xdf\x17\xaeN\x1e'
11E8E149-C9D4-4C3C-AF82-12DF17AE4E1E,2021-ncaa-d1-natl,ncaa,74,104,105,93,112,104,129,166,86,172,178,149,59,124,9,134,33,57,23,57,24,150,143,64,37,65,41,88,43,189,175,139,87,155,96,193,298,250,214,249,225,273,205,232,,,318,338,,,123,136,198,71,99,154,276,241,267,65,159,22,57,53,229,226,243,199,237,258,201,278,244,,324,,,130,226,187,183,195,211,203,208,145,168,98,106,334,330,179,332,324,214,197,164,221,245,220,62,334,141,87,147,175,139,96,105,23,166,220,94,226,195,284,290,,,32,7,,,123,209,75,204,121,194,128,81,162,131,87,99,334,329,330,167,116,64,49,38,35,236,184,261,,15,,,b'\x11\xe8\xe1I\xc9\xd4L<\xaf\x82\x12\xdf\x17\xaeN\x1e'
11E8E149-C9D4-4C3C-AF82-12DF17AE4E1E,2022-ncaa-d0-natl,ncaa,268,245,260,269,294,245,283,310,171,316,329,170,136,168,81,83,149,176,100,176,24,297,309,122,96,121,33,81,64,301,258,273,87,298,173,322,337,66,194,278,333,313,340,336,,,189,325,,,265,304,277,342,204,274,319,314,326,93,120,88,110,112,293,318,289,243,297,326,132,324,338,,273,,,267,154,122,67,290,131,81,285,144,110,271,181,260,207,340,213,282,76,40,290,314,346,236,162,285,20,87,48,258,26,173,52,51,342,324,279,40,120,110,262,,,222,56,,,265,57,146,323,264,258,217,113,209,122,206,162,304,273,277,153,48,42,102,59,110,335,79,148,,137,,,b'\x11\xe8\xe1I\xc9\xd4L<\xaf\x82\x12\xdf\x17\xaeN\x1e'
11E8E149-C9D4-4C3C-AF82-12DF17AE4E1E,2022-ncaa-d1-conf-Summit League,ncaa,6,6,5,6,7,6,6,8,5,8,8,4,5,5,4,3,6,4,8,4,3,8,8,4,4,4,3,2,3,6,6,9,5,7,6,8,10,4,6,7,7,7,10,10,,,8,9,,,6,8,7,8,7,6,9,8,8,3,3,5,3,4,8,7,6,9,8,9,3,7,10,,9,,,6,5,4,3,7,5,3,8,5,5,7,5,10,9,8,9,9,4,3,8,8,8,6,3,9,3,5,4,6,4,6,3,2,8,6,5,2,3,3,7,,,6,4,,,6,3,4,8,6,5,4,4,5,3,5,6,10,9,9,4,3,4,3,4,3,8,3,3,,5,,,b'\x11\xe8\xe1I\xc9\xd4L<\xaf\x82\x12\xdf\x17\xaeN\x1e'
11E8E149-C9D4-4C3C-AF82-12DF17AE4E1E,2022-ncaa-d1-natl,ncaa,247,245,213,253,266,206,256,296,155,304,322,158,105,134,72,78,87,119,86,115,17,272,290,107,84,100,25,80,47,283,237,245,71,278,140,315,336,94,186,276,283,259,333,331,,,207,304,,,224,279,271,341,179,263,317,314,329,83,110,62,80,79,288,309,277,234,286,326,134,291,333,,249,,,227,172,149,87,274,156,96,290,158,143,208,193,267,216,341,216,269,105,57,271,295,330,220,156,284,23,71,69,237,35,140,66,50,323,295,236,56,109,106,228,,,161,43,,,224,83,125,307,221,234,193,101,190,107,180,171,288,245,250,129,46,34,89,46,97,317,76,118,,116,,,b'\x11\xe8\xe1I\xc9\xd4L<\xaf\x82\x12\xdf\x17\xaeN\x1e'
11E8E149-C9D4-4C3C-AF82-12DF17AE4E1E,2023-ncaa-d0-natl,ncaa,135,91,236,116,263,141,137,156,114,136,166,115,158,160,146,172,151,120,264,117,98,136,162,127,138,125,185,181,178,116,71,242,129,190,96,151,192,118,115,124,206,180,119,105,,,289,337,,,167,185,68,190,70,68,66,82,125,135,130,107,71,66,53,61,75,213,133,111,177,175,99,,332,,,167,237,195,94,301,221,152,275,105,77,245,76,322,316,216,315,319,134,130,283,309,320,201,65,325,55,129,76,71,53,96,61,36,240,216,141,159,165,108,100,,,109,71,,,167,156,100,296,177,302,258,144,282,226,127,99,345,342,337,244,220,83,131,104,98,200,195,133,,48,,,b'\x11\xe8\xe1I\xc9\xd4L<\xaf\x82\x12\xdf\x17\xaeN\x1e'
11E8E149-C9D4-4C3C-AF82-12DF17AE4E1E,2023-ncaa-d1-conf-Summit League,ncaa,2,2,6,2,6,4,4,6,3,5,5,4,7,8,4,8,7,2,8,2,5,6,5,4,5,5,7,7,6,2,1,8,2,5,2,4,6,6,5,3,6,5,5,5,,,10,10,,,3,7,4,2,4,4,4,4,4,6,7,5,2,2,5,3,1,7,3,3,7,5,5,,10,,,3,5,3,1,6,5,5,6,1,1,3,1,8,7,9,7,7,2,3,3,7,5,4,1,9,2,2,2,1,2,2,2,1,6,6,3,6,6,3,3,,,2,4,,,3,4,3,3,3,6,4,3,7,9,1,2,9,7,7,4,7,2,3,2,2,5,6,3,,2,,,b'\x11\xe8\xe1I\xc9\xd4L<\xaf\x82\x12\xdf\x17\xaeN\x1e'
11E8E149-C9D4-4C3C-AF82-12DF17AE4E1E,2023-ncaa-d1-natl,ncaa,136,91,219,119,264,124,127,152,106,139,172,107,158,166,140,175,129,108,250,105,86,144,151,124,126,123,181,184,155,118,74,231,135,182,97,147,198,136,129,127,203,182,106,88,,,308,342,,,166,172,65,185,62,64,71,82,127,135,134,89,63,60,55,67,81,197,130,111,189,173,84,,338,,,166,245,182,96,286,212,150,252,99,69,264,68,328,332,195,331,328,147,132,277,304,312,213,66,339,68,135,71,74,49,97,55,38,221,202,125,169,164,93,87,,,97,60,,,166,162,102,292,174,304,242,141,269,225,125,86,347,347,347,244,228,97,125,99,86,195,204,121,,41,,,b'\x11\xe8\xe1I\xc9\xd4L<\xaf\x82\x12\xdf\x17\xaeN\x1e'
11E8E149-C9D4-4C3C-AF82-12DF17AE4E1E,2024-ncaa-d0-natl,ncaa,86,82,94,90,126,60,82,121,41,84,127,81,81,151,19,203,28,45,58,47,59,107,101,42,30,43,111,168,79,96,43,182,151,144,63,144,293,201,148,159,199,234,223,269,,,330,325,,,90,110,125,263,39,67,163,86,162,88,180,26,41,44,113,128,118,255,192,165,164,227,246,,317,,,91,296,280,210,311,318,289,254,113,64,303,22,328,325,212,322,263,245,240,281,294,307,94,41,289,137,151,49,43,66,63,130,31,159,186,134,210,164,257,235,,,23,21,,,90,250,33,281,92,263,255,139,308,282,76,31,306,302,298,190,189,102,16,28,100,186,172,244,,25,,,b'\x11\xe8\xe1I\xc9\xd4L<\xaf\x82\x12\xdf\x17\xaeN\x1e'
11E8E149-C9D4-4C3C-AF82-12DF17AE4E1E,2024-ncaa-d1-conf-Summit League,ncaa,2,2,1,2,1,2,3,2,2,3,4,2,2,4,2,5,2,2,2,2,4,2,2,2,2,2,4,4,4,1,1,2,4,2,2,4,7,8,6,6,4,7,5,5,,,8,8,,,2,2,5,3,3,3,5,5,5,4,6,2,2,2,3,3,1,4,3,5,6,6,5,,6,,,2,6,4,6,2,6,9,2,1,2,2,1,7,7,2,7,7,8,7,2,2,2,2,1,8,6,4,2,1,2,2,2,1,3,3,2,7,5,7,5,,,2,2,,,2,8,2,2,2,3,3,2,4,8,1,1,7,7,7,5,5,5,2,2,2,4,5,7,,2,,,b'\x11\xe8\xe1I\xc9\xd4L<\xaf\x82\x12\xdf\x17\xaeN\x1e'
11E8E149-C9D4-4C3C-AF82-12DF17AE4E1E,2024-ncaa-d1-natl,ncaa,76,83,38,82,68,30,48,71,44,66,101,88,50,112,13,196,12,27,55,28,56,55,51,40,30,38,89,142,70,56,31,140,143,103,45,122,290,241,142,162,171,229,193,251,,,353,336,,,85,59,104,264,29,54,136,91,160,72,163,21,35,36,96,104,87,248,164,159,166,218,218,,323,,,88,330,315,259,306,337,317,259,112,80,263,23,348,340,252,338,286,286,293,271,298,312,102,28,314,158,143,69,31,90,45,146,27,130,187,129,238,158,268,219,,,14,27,,,85,309,28,281,86,271,249,144,310,281,67,31,329,323,320,203,204,94,13,25,87,183,174,224,,23,,,b'\x11\xe8\xe1I\xc9\xd4L<\xaf\x82\x12\xdf\x17\xaeN\x1e'
11E8E149-C9D4-4C3C-AF82-12DF17AE4E1E,2025-ncaa-d0-natl,genius_ncaa,109,91,135,102,176,111,140,176,108,128,155,117,196,230,124,243,32,41,75,40,36,146,140,123,91,103,144,248,29,180,132,155,42,174,63,182,238,200,182,197,256,272,106,164,,,295,312,,355,128,137,98,261,92,128,222,121,159,205,239,18,28,27,141,135,183,175,185,194,193,276,108,,299,,353,127,205,229,194,256,327,309,229,7,14,35,3,295,279,291,279,170,214,206,167,198,217,7,3,293,25,42,91,132,48,63,23,2,207,220,67,185,163,327,316,,,42,21,,107,128,231,106,157,119,204,226,171,332,339,5,7,285,272,274,195,163,27,63,37,18,211,176,327,,24,,107,b'\x11\xe8\xe1I\xc9\xd4L<\xaf\x82\x12\xdf\x17\xaeN\x1e'
11E8E149-C9D4-4C3C-AF82-12DF17AE4E1E,2025-ncaa-d1-conf-Summit League,genius_ncaa,3,3,6,3,7,6,7,8,3,7,6,4,7,7,4,6,3,4,6,4,2,7,6,3,4,6,5,6,2,3,1,6,2,5,2,4,4,7,8,7,7,7,3,3,,,5,7,,8,3,7,6,6,4,5,7,6,5,6,7,2,1,1,6,4,2,4,4,4,8,7,3,,6,,8,3,1,2,1,3,4,6,3,1,1,2,1,4,3,5,4,3,1,2,3,3,2,1,1,7,1,2,1,1,1,2,1,1,4,2,1,8,8,6,7,,,2,1,,4,3,3,3,2,3,2,2,1,6,8,1,1,4,4,5,2,3,2,1,1,2,2,8,6,,1,,3,b'\x11\xe8\xe1I\xc9\xd4L<\xaf\x82\x12\xdf\x17\xaeN\x1e'
11E8E149-C9D4-4C3C-AF82-12DF17AE4E1E,2025-ncaa-d1-natl,genius_ncaa,95,91,72,99,98,88,111,142,103,99,123,125,185,205,129,245,20,30,71,27,35,102,93,123,89,104,138,248,27,162,130,122,33,127,56,174,258,262,194,223,231,272,93,170,,,323,311,,357,114,88,101,261,92,139,235,129,163,208,238,17,27,26,150,139,190,166,191,208,203,272,115,,289,,353,114,258,268,234,249,340,328,225,9,21,37,5,319,296,311,301,179,258,245,155,197,212,9,3,298,35,33,130,130,80,56,32,3,166,208,69,219,170,330,306,,,27,19,,99,114,279,106,148,111,196,218,163,328,332,5,9,289,270,270,185,158,19,60,30,22,203,179,317,,24,,113,b'\x11\xe8\xe1I\xc9\xd4L<\xaf\x82\x12\xdf\x17\xaeN\x1e'
11E8E149-C9D4-4C3C-AF82-12DF17AE4E1E,2026-ncaa-d0-natl,genius_ncaa,55,39,116,52,142,85,103,192,23,93,166,30,151,218,69,263,20,26,45,27,20,156,184,32,17,27,171,277,39,232,188,130,22,164,58,149,277,118,100,121,155,145,216,275,,,196,219,,263,50,169,178,97,43,72,273,60,196,177,261,11,17,17,176,249,278,127,200,157,85,168,250,,168,,265,48,171,169,158,201,194,259,83,129,42,349,15,191,216,95,206,143,167,167,179,179,160,118,113,202,44,22,97,188,75,58,80,38,149,128,81,131,124,184,167,,,49,9,,268,50,199,32,109,46,111,127,81,165,273,88,11,163,186,182,85,78,20,31,20,48,150,113,161,,24,,286,b'\x11\xe8\xe1I\xc9\xd4L<\xaf\x82\x12\xdf\x17\xaeN\x1e'
11E8E149-C9D4-4C3C-AF82-12DF17AE4E1E,2026-ncaa-d1-natl,genius_ncaa,38,39,85,47,117,59,87,176,24,73,152,33,140,209,79,248,14,23,40,22,32,138,156,33,17,26,171,259,47,258,220,134,26,187,77,137,268,110,85,103,154,158,198,263,,,225,236,,265,61,139,207,100,47,80,275,68,198,178,256,17,35,36,192,270,299,178,262,164,67,175,234,,177,,244,63,210,213,172,258,236,274,117,136,26,360,12,203,240,87,238,169,185,200,247,234,209,109,109,184,38,26,124,220,86,77,100,41,128,127,93,113,98,158,145,,,39,14,,268,61,229,33,151,60,142,164,53,199,266,99,9,169,204,202,75,71,18,39,19,56,169,78,133,,36,,289,b'\x11\xe8\xe1I\xc9\xd4L<\xaf\x82\x12\xdf\x17\xaeN\x1e'
11E8E149-C9D8-8446-AF82-12DF17AE4E1E,2010-ncaa-d0-natl,ncaa,219,269,81,249,106,231,188,175,196,195,183,203,146,146,148,129,331,325,294,325,335,217,131,195,244,294,228,94,339,181,193,38,167,64,129,144,96,338,331,277,185,232,184,175,,,282,222,,,230,117,175,229,298,248,264,242,239,165,176,343,338,336,306,207,223,30,76,169,330,219,212,,241,,,225,118,60,268,4,30,123,17,273,331,16,322,226,270,69,263,273,271,260,9,10,23,330,308,273,307,167,196,193,264,129,155,261,159,214,152,281,254,56,64,,,254,319,,,230,230,303,45,222,64,30,223,15,55,257,328,192,223,220,233,222,285,135,228,115,203,251,51,,317,,,b'\x11\xe8\xe1I\xc9\xd8\x84F\xaf\x82\x12\xdf\x17\xaeN\x1e'
11E8E149-C9D8-8446-AF82-12DF17AE4E1E,2010-ncaa-d1-conf-ASUN,ncaa,5,7,1,6,1,3,2,5,2,3,4,2,5,5,4,5,8,8,4,8,9,5,4,3,4,6,8,5,9,5,5,2,4,3,2,2,4,9,9,6,5,6,5,5,,,8,7,,,5,3,9,5,8,5,9,4,6,5,8,9,9,9,9,7,6,4,7,5,9,6,5,,6,,,5,4,2,7,1,1,3,1,7,9,2,9,9,8,6,8,9,8,7,1,2,2,9,8,8,9,4,2,5,3,2,2,5,4,5,2,6,5,1,1,,,8,9,,,5,7,6,3,5,1,1,2,1,1,5,9,6,7,7,2,1,5,1,1,2,5,4,1,,9,,,b'\x11\xe8\xe1I\xc9\xd8\x84F\xaf\x82\x12\xdf\x17\xaeN\x1e'
11E8E149-C9D8-8446-AF82-12DF17AE4E1E,2010-ncaa-d1-natl,ncaa,228,269,91,255,115,247,203,188,200,204,194,208,152,153,150,130,337,331,292,330,335,230,143,202,251,299,227,94,340,194,200,42,173,73,138,152,100,337,332,280,205,238,194,178,,,273,223,,,235,129,178,228,300,255,266,248,244,168,177,343,340,337,307,209,227,30,79,172,329,221,217,,241,,,230,99,49,259,4,26,109,18,268,329,18,322,216,259,70,254,272,260,248,11,11,26,330,309,271,306,173,179,200,251,138,150,261,178,223,158,273,256,52,66,,,277,318,,,235,218,306,46,226,64,32,225,15,54,257,329,195,223,220,235,224,288,136,227,117,212,253,54,,317,,,b'\x11\xe8\xe1I\xc9\xd8\x84F\xaf\x82\x12\xdf\x17\xaeN\x1e'
11E8E149-C9D8-8446-AF82-12DF17AE4E1E,2011-ncaa-d0-natl,ncaa,192,207,170,203,173,272,247,226,242,211,180,253,234,246,212,209,295,262,312,256,267,236,169,254,278,301,237,185,261,145,130,137,207,133,136,238,184,320,320,297,200,205,111,95,,,151,162,,,243,186,177,27,285,254,229,215,169,230,233,310,268,263,247,129,128,91,88,236,316,191,99,,182,,,241,103,99,176,66,75,136,69,200,215,146,235,139,160,103,155,186,165,172,79,77,88,248,241,184,231,207,133,130,182,136,146,220,152,153,145,231,231,101,108,,,254,292,,,243,162,303,110,241,129,126,215,94,163,222,248,150,174,169,208,228,262,159,215,171,131,243,107,,263,,,b'\x11\xe8\xe1I\xc9\xd8\x84F\xaf\x82\x12\xdf\x17\xaeN\x1e'
11E8E149-C9D8-8446-AF82-12DF17AE4E1E,2011-ncaa-d1-conf-ASUN,ncaa,4,4,5,4,5,8,7,9,5,7,6,5,8,9,6,6,8,6,9,6,5,8,6,6,7,8,6,5,6,4,4,6,4,4,2,6,4,9,9,8,7,6,4,2,,,6,8,,,4,8,8,1,9,7,7,7,6,8,8,8,5,5,7,6,4,3,4,6,9,6,3,,8,,,4,1,1,1,2,1,1,3,1,5,2,6,3,4,3,4,6,1,1,2,1,2,5,4,6,1,4,1,4,1,2,4,8,6,5,6,2,5,1,1,,,8,7,,,4,2,8,2,4,1,2,3,2,2,3,6,3,4,4,2,2,3,1,1,4,6,4,1,,7,,,b'\x11\xe8\xe1I\xc9\xd8\x84F\xaf\x82\x12\xdf\x17\xaeN\x1e'
11E8E149-C9D8-8446-AF82-12DF17AE4E1E,2011-ncaa-d1-natl,ncaa,206,202,199,213,204,280,263,248,247,233,203,257,242,252,211,208,307,277,313,269,264,263,200,256,281,308,233,182,262,161,136,164,209,153,142,248,185,313,323,300,214,211,119,97,,,133,165,,,249,218,178,23,287,259,232,224,172,233,233,311,272,265,252,135,134,97,92,242,317,196,99,,182,,,251,82,83,148,71,66,117,74,189,203,146,235,133,151,103,148,187,140,142,84,82,100,245,237,183,215,209,108,136,155,142,131,222,171,161,154,219,235,94,116,,,273,291,,,249,128,307,115,252,134,130,215,98,166,224,248,153,173,168,211,229,261,161,217,172,134,247,113,,264,,,b'\x11\xe8\xe1I\xc9\xd8\x84F\xaf\x82\x12\xdf\x17\xaeN\x1e'
11E8E149-C9D8-8446-AF82-12DF17AE4E1E,2012-ncaa-d0-natl,ncaa,198,202,163,207,165,261,234,271,160,212,224,200,219,261,78,234,285,219,332,225,181,274,217,167,214,271,221,176,236,116,42,195,125,158,40,259,247,301,316,294,238,221,223,216,,,80,120,,,246,271,297,25,277,246,297,212,218,214,256,284,209,213,289,231,96,181,119,269,309,243,226,,89,,,241,129,140,129,189,69,98,96,300,203,339,257,47,44,197,46,75,95,78,227,207,224,288,321,56,110,125,19,42,26,40,85,90,244,210,170,201,230,68,93,,,197,141,,,246,82,244,220,234,164,171,147,92,115,312,222,59,49,51,117,79,127,20,36,105,250,219,74,,175,,,b'\x11\xe8\xe1I\xc9\xd8\x84F\xaf\x82\x12\xdf\x17\xaeN\x1e'
11E8E149-C9D8-8446-AF82-12DF17AE4E1E,2012-ncaa-d1-conf-ASUN,ncaa,4,4,5,4,6,10,8,8,6,8,7,6,8,10,6,7,9,8,10,8,7,8,8,6,7,9,8,6,7,4,1,3,4,4,1,8,5,8,9,9,8,8,6,5,,,1,3,,,6,9,10,5,10,8,8,7,6,7,10,9,8,8,9,8,4,1,3,8,8,9,7,,3,,,6,2,2,3,2,2,4,2,6,6,7,6,1,1,3,1,2,2,1,3,3,3,5,8,1,5,4,1,1,1,1,3,5,8,8,8,5,6,2,2,,,7,5,,,6,2,8,3,6,3,3,5,2,4,6,6,2,2,2,2,1,5,1,1,4,9,5,2,,5,,,b'\x11\xe8\xe1I\xc9\xd8\x84F\xaf\x82\x12\xdf\x17\xaeN\x1e'
11E8E149-C9D8-8446-AF82-12DF17AE4E1E,2012-ncaa-d1-natl,ncaa,208,201,196,213,202,276,260,295,167,246,250,210,229,272,79,231,296,238,333,242,182,297,257,175,216,277,221,173,231,128,43,227,133,182,41,274,247,296,316,298,255,230,237,220,,,62,120,,,251,298,298,26,283,255,298,223,220,215,257,288,213,217,291,234,99,186,129,273,311,253,229,,90,,,251,110,119,102,196,60,74,101,295,186,339,256,40,37,201,40,77,66,53,232,212,229,288,321,57,96,133,12,43,17,41,71,94,266,215,179,186,232,60,94,,,215,139,,,251,54,253,226,245,170,179,152,96,117,314,221,62,51,53,119,80,134,22,37,108,255,216,80,,178,,,b'\x11\xe8\xe1I\xc9\xd8\x84F\xaf\x82\x12\xdf\x17\xaeN\x1e'
11E8E149-C9D8-8446-AF82-12DF17AE4E1E,2013-ncaa-d0-natl,ncaa,212,244,120,231,173,293,293,276,291,318,302,280,143,117,216,61,298,307,162,310,214,290,270,262,270,287,62,58,222,233,209,222,121,230,171,281,214,223,295,301,229,197,271,214,,,57,113,,,274,277,324,267,326,325,320,331,316,143,116,309,316,318,328,313,240,264,268,304,212,242,284,,49,,,265,106,137,113,206,63,17,281,307,319,130,341,21,23,222,24,98,71,63,250,233,242,285,326,32,74,121,124,209,99,171,125,131,263,217,213,246,295,90,189,,,276,236,,,274,64,289,232,284,86,124,69,55,8,303,325,28,20,20,38,20,70,120,85,118,288,228,97,,301,,,b'\x11\xe8\xe1I\xc9\xd8\x84F\xaf\x82\x12\xdf\x17\xaeN\x1e'
11E8E149-C9D8-8446-AF82-12DF17AE4E1E,2013-ncaa-d1-conf-ASUN,ncaa,5,6,3,6,4,8,8,6,8,8,6,8,5,5,5,5,8,10,5,10,8,6,7,5,6,8,4,3,6,5,5,8,3,7,5,5,5,6,7,6,6,5,8,6,,,3,4,,,6,7,10,6,8,8,8,8,7,5,6,8,10,10,10,10,6,9,8,6,5,6,9,,2,,,6,4,4,4,6,2,1,10,9,10,5,10,2,2,4,2,5,3,4,8,8,6,8,10,3,2,3,5,5,3,5,6,7,4,3,6,8,8,2,3,,,6,6,,,6,4,8,5,7,3,4,3,3,1,8,10,2,2,2,2,1,2,3,1,5,7,7,2,,9,,,b'\x11\xe8\xe1I\xc9\xd8\x84F\xaf\x82\x12\xdf\x17\xaeN\x1e'
11E8E149-C9D8-8446-AF82-12DF17AE4E1E,2013-ncaa-d1-natl,ncaa,221,243,136,240,200,307,311,295,296,326,310,287,152,124,217,60,308,317,161,318,212,306,294,265,272,290,59,56,217,246,211,243,125,258,176,291,217,214,297,304,246,207,281,219,,,48,113,,,280,302,326,267,327,327,323,332,317,142,115,310,318,319,328,314,246,268,272,308,215,249,285,,48,,,274,85,123,84,210,53,12,286,303,316,136,341,19,21,224,22,97,50,40,257,234,250,282,326,33,60,125,108,211,73,176,114,133,286,225,222,231,299,88,195,,,289,233,,,280,41,295,239,293,93,126,70,58,8,302,326,28,20,20,38,20,71,124,87,119,292,227,96,,301,,,b'\x11\xe8\xe1I\xc9\xd8\x84F\xaf\x82\x12\xdf\x17\xaeN\x1e'
11E8E149-C9D8-8446-AF82-12DF17AE4E1E,2014-ncaa-d0-natl,ncaa,325,311,297,327,323,339,337,329,323,332,308,322,235,214,256,108,334,325,321,325,250,332,330,307,324,331,135,99,257,227,157,283,68,278,132,330,262,165,311,319,315,263,318,274,,,37,204,,,317,342,316,270,333,333,309,323,281,204,161,330,309,311,315,296,164,218,192,321,272,297,305,,102,,,320,35,41,20,230,21,7,254,222,188,255,317,69,71,134,66,248,15,7,277,264,297,307,312,136,11,68,57,157,18,132,42,112,336,271,241,257,330,68,186,,,324,206,,,317,8,326,271,323,141,135,56,72,15,293,276,131,133,129,54,21,44,174,95,102,312,309,108,,286,,,b'\x11\xe8\xe1I\xc9\xd8\x84F\xaf\x82\x12\xdf\x17\xaeN\x1e'
11E8E149-C9D8-8446-AF82-12DF17AE4E1E,2014-ncaa-d1-conf-ASUN,ncaa,10,9,9,10,9,10,10,9,10,9,6,10,8,8,10,5,10,8,10,8,7,9,9,10,10,10,6,5,7,5,4,10,5,8,4,10,8,5,8,8,9,9,8,8,,,4,7,,,9,10,10,4,10,10,8,6,6,8,7,10,6,7,8,6,4,9,5,9,6,9,8,,5,,,10,4,4,2,8,5,2,8,7,6,9,8,5,5,8,5,9,2,1,9,9,9,7,8,5,1,5,5,4,3,4,5,5,9,9,9,8,10,6,6,,,8,5,,,9,1,10,9,10,8,8,4,6,3,7,7,5,5,5,4,1,3,7,7,6,9,10,7,,7,,,b'\x11\xe8\xe1I\xc9\xd8\x84F\xaf\x82\x12\xdf\x17\xaeN\x1e'
11E8E149-C9D8-8446-AF82-12DF17AE4E1E,2014-ncaa-d1-natl,ncaa,319,310,307,320,326,340,329,328,313,324,306,304,236,209,260,108,338,326,325,327,263,331,324,300,320,327,152,108,280,217,148,267,67,265,113,322,240,199,316,314,315,270,308,261,,,47,207,,,313,340,317,273,333,327,308,315,280,209,167,331,312,315,317,293,159,197,180,312,279,301,300,,106,,,318,45,46,24,215,18,4,238,247,226,247,325,75,75,165,73,250,14,8,261,256,298,313,317,143,18,67,62,148,20,113,51,118,336,279,249,265,334,68,177,,,319,209,,,313,11,318,272,323,135,125,59,60,13,301,292,133,128,129,57,21,45,157,84,102,317,315,102,,287,,,b'\x11\xe8\xe1I\xc9\xd8\x84F\xaf\x82\x12\xdf\x17\xaeN\x1e'
11E8E149-C9D8-8446-AF82-12DF17AE4E1E,2015-ncaa-d0-natl,ncaa,267,256,283,269,288,340,334,318,332,322,251,337,290,287,247,236,333,318,320,319,284,322,310,330,338,340,223,199,214,209,174,209,105,216,124,328,222,204,314,326,322,308,291,265,,,57,174,,,308,324,316,45,341,333,284,305,191,273,265,330,296,294,305,263,162,79,108,326,286,309,283,,122,,,316,45,50,70,85,8,24,44,316,272,332,331,23,27,125,28,120,45,23,177,139,224,334,345,74,73,105,85,174,69,124,81,178,338,306,287,240,318,20,32,,,312,236,,,308,20,333,243,325,146,127,197,25,61,338,323,68,77,80,152,50,159,205,193,142,324,299,32,,277,,,b'\x11\xe8\xe1I\xc9\xd8\x84F\xaf\x82\x12\xdf\x17\xaeN\x1e'
11E8E149-C9D8-8446-AF82-12DF17AE4E1E,2015-ncaa-d1-conf-ASUN,ncaa,8,8,5,8,5,8,8,6,8,7,4,8,8,7,8,7,8,8,8,8,8,7,7,8,8,8,8,8,5,3,3,4,4,5,5,8,4,6,7,7,7,6,7,7,,,1,2,,,8,8,7,1,8,8,3,6,2,8,7,8,8,8,5,5,3,2,2,8,7,7,7,,3,,,8,4,4,3,5,3,1,3,8,6,8,7,2,2,4,2,3,2,1,7,6,7,8,7,2,3,4,6,3,4,5,6,7,8,8,8,6,8,4,3,,,7,7,,,8,1,8,7,8,5,6,5,3,3,8,7,3,3,3,3,2,4,7,6,7,8,8,4,,7,,,b'\x11\xe8\xe1I\xc9\xd8\x84F\xaf\x82\x12\xdf\x17\xaeN\x1e'
11E8E149-C9D8-8446-AF82-12DF17AE4E1E,2015-ncaa-d1-natl,ncaa,256,255,209,259,215,338,328,290,335,318,223,339,273,266,243,230,334,307,325,304,289,297,279,330,341,341,216,191,228,174,169,152,98,151,123,320,207,233,304,318,309,290,265,227,,,69,159,,,306,309,319,49,342,334,282,310,194,266,257,335,299,297,296,263,144,77,96,321,271,303,255,,110,,,306,65,70,127,76,18,41,39,322,307,324,333,33,32,127,35,109,78,37,163,123,212,331,345,57,113,98,145,169,122,123,113,189,328,308,290,260,309,34,55,,,301,249,,,306,32,334,234,318,130,120,192,24,59,334,323,55,61,64,140,48,145,214,192,143,321,281,45,,287,,,b'\x11\xe8\xe1I\xc9\xd8\x84F\xaf\x82\x12\xdf\x17\xaeN\x1e'
11E8E149-C9D8-8446-AF82-12DF17AE4E1E,2016-ncaa-d0-natl,ncaa,316,293,321,316,330,338,337,342,265,344,347,218,148,134,210,21,346,348,176,347,272,344,343,206,240,265,49,23,324,342,312,346,330,348,338,322,241,99,307,302,336,308,296,269,,,41,164,,,327,341,305,162,321,313,323,336,338,89,64,343,343,340,336,325,328,331,343,310,232,316,281,,127,,,331,101,147,42,310,97,25,311,247,189,314,305,19,16,148,17,80,24,15,326,312,326,194,308,22,155,330,40,312,61,338,256,312,337,294,338,77,258,93,300,,,339,206,,,327,8,302,341,338,267,297,220,241,124,312,297,53,54,54,182,92,283,172,236,326,298,189,171,,301,,,b'\x11\xe8\xe1I\xc9\xd8\x84F\xaf\x82\x12\xdf\x17\xaeN\x1e'
11E8E149-C9D8-8446-AF82-12DF17AE4E1E,2016-ncaa-d1-conf-ASUN,ncaa,6,6,5,6,7,7,6,7,3,5,7,4,4,5,2,3,6,6,6,6,6,7,7,3,3,4,4,4,6,7,6,8,7,7,6,7,8,5,7,7,5,5,6,5,,,5,7,,,6,7,6,6,7,6,7,5,7,4,4,6,5,5,7,7,7,8,7,7,5,5,6,,6,,,6,7,7,1,8,6,2,7,8,5,8,7,2,3,4,4,5,1,1,8,7,7,8,8,1,2,7,2,6,1,6,8,8,7,6,8,3,7,5,6,,,6,2,,,6,1,6,7,6,7,7,4,6,3,8,6,3,3,4,3,2,4,3,3,8,7,5,5,,5,,,b'\x11\xe8\xe1I\xc9\xd8\x84F\xaf\x82\x12\xdf\x17\xaeN\x1e'
11E8E149-C9D8-8446-AF82-12DF17AE4E1E,2016-ncaa-d1-natl,ncaa,302,305,218,307,260,309,298,310,254,338,342,219,101,82,167,21,343,342,172,342,284,328,327,183,222,255,47,21,329,314,289,319,321,335,326,303,246,187,298,299,308,296,289,272,,,73,138,,,315,314,298,181,310,301,305,331,333,70,55,342,342,340,334,317,302,314,335,299,238,303,284,,113,,,314,184,231,139,287,161,64,305,289,274,265,319,29,26,192,26,77,102,56,309,290,304,203,307,25,226,321,112,289,146,326,287,289,292,259,323,137,253,129,284,,,313,232,,,315,35,280,323,317,243,274,209,222,97,307,305,49,44,43,166,94,275,162,215,313,277,191,160,,301,,,b'\x11\xe8\xe1I\xc9\xd8\x84F\xaf\x82\x12\xdf\x17\xaeN\x1e'
11E8E149-C9D8-8446-AF82-12DF17AE4E1E,2017-ncaa-d0-natl,ncaa,302,265,321,302,322,325,312,337,185,299,324,157,254,255,228,147,337,337,209,335,295,343,324,191,212,298,225,166,277,325,272,319,261,332,267,302,226,301,343,320,298,266,184,105,,,132,258,,,302,317,192,5,297,256,294,234,270,205,194,323,321,320,318,213,286,264,306,257,338,252,125,,268,,,307,70,53,25,238,34,15,233,213,150,302,270,169,185,145,190,304,31,35,285,287,259,306,280,234,75,261,24,272,31,267,59,123,215,137,131,287,335,45,145,,,277,132,,,302,30,308,260,309,252,205,144,136,73,296,270,270,271,276,186,218,222,140,176,148,119,331,103,,161,,,b'\x11\xe8\xe1I\xc9\xd8\x84F\xaf\x82\x12\xdf\x17\xaeN\x1e'
11E8E149-C9D8-8446-AF82-12DF17AE4E1E,2017-ncaa-d1-conf-ASUN,ncaa,6,6,5,6,6,8,7,8,5,7,8,4,7,6,8,3,8,8,7,8,6,8,7,5,5,8,8,5,6,6,5,7,7,7,5,6,5,7,8,7,7,5,4,2,,,4,7,,,5,7,6,2,8,6,8,6,7,6,5,8,8,8,8,7,6,7,7,6,8,6,2,,6,,,5,4,2,1,4,1,2,4,5,5,7,7,5,6,2,6,8,1,1,4,4,4,7,7,5,5,7,2,5,2,5,3,5,4,3,3,8,8,1,1,,,7,5,,,5,1,8,4,5,4,4,3,3,2,6,6,7,7,7,4,5,5,4,5,4,4,8,1,,6,,,b'\x11\xe8\xe1I\xc9\xd8\x84F\xaf\x82\x12\xdf\x17\xaeN\x1e'
11E8E149-C9D8-8446-AF82-12DF17AE4E1E,2017-ncaa-d1-natl,ncaa,269,265,217,271,217,278,257,293,161,234,280,116,218,202,261,138,303,302,212,304,256,301,245,169,178,277,221,169,255,273,241,257,230,284,231,250,214,325,339,312,256,248,141,99,,,215,249,,,279,223,174,6,268,240,276,205,267,196,176,295,294,297,291,185,261,229,266,228,333,239,119,,261,,,279,153,113,87,200,66,57,172,256,216,295,269,214,224,127,224,286,109,132,246,258,202,309,284,225,153,230,84,241,95,231,87,121,145,106,102,316,328,77,139,,,200,143,,,279,124,295,214,284,227,179,143,106,73,291,265,245,256,257,178,221,205,137,163,129,100,328,101,,150,,,b'\x11\xe8\xe1I\xc9\xd8\x84F\xaf\x82\x12\xdf\x17\xaeN\x1e'
11E8E149-C9D8-8446-AF82-12DF17AE4E1E,2018-ncaa-d0-natl,ncaa,245,224,295,246,295,280,271,259,261,217,153,295,305,323,209,299,237,233,204,233,255,261,261,287,285,281,270,274,115,263,244,320,300,321,310,321,318,190,254,309,164,128,292,280,,,64,107,,,279,245,118,9,249,222,155,143,64,288,299,171,164,163,153,103,208,305,294,312,276,113,279,,155,,,283,138,141,70,298,170,101,299,109,88,216,140,180,178,233,165,213,73,97,286,292,232,132,131,217,177,300,155,244,162,310,103,87,148,96,91,154,210,47,46,,,195,105,,,279,82,296,247,291,269,265,192,280,208,177,152,245,240,229,199,271,267,263,279,173,69,222,85,,79,,,b'\x11\xe8\xe1I\xc9\xd8\x84F\xaf\x82\x12\xdf\x17\xaeN\x1e'
11E8E149-C9D8-8446-AF82-12DF17AE4E1E,2018-ncaa-d1-conf-ASUN,ncaa,5,6,3,6,3,4,4,4,5,2,3,5,5,5,5,5,5,5,2,5,7,4,3,6,6,6,5,5,6,5,5,6,4,4,5,5,5,7,6,6,4,4,6,5,,,2,3,,,5,4,5,1,6,5,4,4,4,5,5,6,7,7,5,3,4,6,6,5,6,4,6,,2,,,5,5,4,4,6,5,4,6,4,5,4,5,6,7,7,7,6,4,5,4,6,4,6,5,6,4,4,5,5,5,5,3,3,3,3,3,6,5,1,1,,,2,2,,,5,5,5,4,5,4,4,3,5,4,3,3,7,6,6,3,4,3,5,5,3,3,6,2,,2,,,b'\x11\xe8\xe1I\xc9\xd8\x84F\xaf\x82\x12\xdf\x17\xaeN\x1e'
11E8E149-C9D8-8446-AF82-12DF17AE4E1E,2018-ncaa-d1-natl,ncaa,218,223,144,222,144,225,219,178,258,172,85,300,275,299,171,296,137,145,169,145,210,170,142,282,275,273,246,270,79,195,223,262,286,238,283,284,309,268,254,299,104,109,275,278,,,145,106,,,252,118,113,12,235,229,160,155,67,274,295,128,131,128,147,97,179,278,254,301,272,94,269,,157,,,252,221,199,155,246,225,180,254,143,137,172,136,258,251,219,245,235,178,222,225,245,182,154,123,241,246,286,235,223,258,283,126,81,79,82,75,226,211,70,43,,,72,56,,,252,218,281,201,256,229,215,161,237,196,151,140,260,254,247,187,263,259,251,264,132,63,229,79,,46,,,b'\x11\xe8\xe1I\xc9\xd8\x84F\xaf\x82\x12\xdf\x17\xaeN\x1e'
11E8E149-C9D8-8446-AF82-12DF17AE4E1E,2019-ncaa-d0-natl,ncaa,200,138,321,188,324,276,273,303,179,235,256,165,272,270,255,213,235,256,123,261,196,306,318,200,186,184,234,236,143,317,299,228,148,292,232,250,184,38,167,169,228,171,221,157,,,32,75,,,210,314,110,85,181,163,166,134,129,224,209,155,172,175,175,189,285,66,176,169,160,159,189,,102,,,215,57,68,71,129,18,11,197,288,299,177,346,33,29,200,27,143,49,40,212,186,188,326,342,72,72,148,98,299,76,232,193,320,262,184,255,18,81,42,85,,,290,184,,,210,41,218,192,210,223,226,276,84,47,341,348,98,87,85,246,251,213,279,270,301,163,72,103,,187,,,b'\x11\xe8\xe1I\xc9\xd8\x84F\xaf\x82\x12\xdf\x17\xaeN\x1e'
11E8E149-C9D8-8446-AF82-12DF17AE4E1E,2019-ncaa-d1-conf-ASUN,ncaa,4,5,3,5,4,3,3,3,6,3,3,6,6,6,4,7,1,1,3,1,6,2,4,6,5,4,6,8,3,5,4,2,4,2,4,4,6,3,2,3,6,7,3,2,,,5,4,,,6,3,3,5,3,3,2,2,2,6,7,2,2,2,2,5,4,1,2,5,3,7,4,,3,,,6,9,7,9,4,3,4,4,9,9,8,9,6,6,6,6,5,9,9,6,6,6,9,9,2,9,4,8,4,9,4,8,8,6,9,8,3,2,5,3,,,3,4,,,6,7,3,7,5,8,7,8,4,3,9,9,5,4,5,8,7,8,5,7,8,8,2,5,,4,,,b'\x11\xe8\xe1I\xc9\xd8\x84F\xaf\x82\x12\xdf\x17\xaeN\x1e'
11E8E149-C9D8-8446-AF82-12DF17AE4E1E,2019-ncaa-d1-natl,ncaa,182,137,314,165,316,245,243,272,163,187,221,144,258,243,258,211,215,240,131,237,200,269,294,190,179,177,245,241,155,293,283,167,109,235,205,228,203,82,162,173,181,127,204,139,,,34,60,,,190,281,109,84,160,151,157,125,128,222,203,152,177,174,160,166,263,56,138,168,163,122,178,,88,,,190,66,79,105,105,20,12,148,302,314,191,346,37,32,166,31,126,67,72,182,148,158,330,345,58,74,109,146,283,107,205,201,306,225,167,231,31,71,58,89,,,270,201,,,190,75,206,146,188,187,188,263,65,48,337,346,69,69,65,220,240,172,274,245,274,141,70,103,,194,,,b'\x11\xe8\xe1I\xc9\xd8\x84F\xaf\x82\x12\xdf\x17\xaeN\x1e'
11E8E149-C9D8-8446-AF82-12DF17AE4E1E,2020-ncaa-d0-natl,ncaa,182,170,191,185,225,238,269,257,261,312,271,314,107,159,36,123,171,232,66,229,142,258,268,210,178,187,47,62,105,298,294,68,38,171,146,309,288,120,184,261,318,314,82,58,,,45,57,,,207,256,232,196,228,277,269,317,267,101,156,154,208,209,268,286,285,35,140,308,147,315,75,,44,,,209,125,140,189,99,55,82,90,313,304,271,324,41,39,124,34,72,137,85,149,123,200,310,338,38,62,38,214,294,145,146,81,81,299,278,214,141,188,94,152,,,231,137,,,207,97,219,174,204,140,154,224,66,87,326,321,43,48,42,165,95,72,236,174,83,295,158,108,,205,,,b'\x11\xe8\xe1I\xc9\xd8\x84F\xaf\x82\x12\xdf\x17\xaeN\x1e'
11E8E149-C9D8-8446-AF82-12DF17AE4E1E,2020-ncaa-d1-conf-ASUN,ncaa,5,5,1,5,3,6,6,4,8,7,4,9,4,4,1,5,5,6,5,6,8,5,5,7,7,7,4,4,7,4,5,1,2,1,4,4,4,3,4,4,7,7,2,1,,,1,1,,,5,3,6,6,6,7,5,7,5,4,5,6,8,8,6,7,5,1,2,6,2,7,2,,1,,,5,3,5,9,2,3,7,1,9,8,5,7,1,1,2,1,1,8,7,3,1,3,6,9,1,4,2,8,5,7,4,3,3,6,7,4,4,4,3,3,,,4,6,,,5,7,6,3,5,2,4,8,3,6,8,7,1,1,1,5,3,3,7,7,3,8,4,3,,7,,,b'\x11\xe8\xe1I\xc9\xd8\x84F\xaf\x82\x12\xdf\x17\xaeN\x1e'
11E8E149-C9D8-8446-AF82-12DF17AE4E1E,2020-ncaa-d1-natl,ncaa,150,170,45,170,96,172,208,187,226,278,222,294,88,138,34,136,95,148,63,146,129,189,199,178,146,151,47,77,89,264,286,19,30,79,118,274,288,160,169,242,291,302,64,54,,,60,45,,,168,154,215,230,210,251,256,297,256,100,161,114,175,173,248,274,275,22,110,298,135,302,70,,37,,,169,163,194,264,86,97,148,90,320,329,215,322,54,59,113,56,69,225,171,126,101,168,292,337,40,89,30,269,286,205,118,103,78,257,271,191,167,167,132,155,,,145,121,,,168,214,188,133,166,124,144,227,73,93,315,321,38,46,42,167,109,66,227,162,83,276,141,122,,182,,,b'\x11\xe8\xe1I\xc9\xd8\x84F\xaf\x82\x12\xdf\x17\xaeN\x1e'
11E8E149-C9D8-8446-AF82-12DF17AE4E1E,2021-ncaa-d0-natl,ncaa,110,165,89,142,121,81,79,110,67,169,219,66,15,26,19,19,173,173,217,170,112,115,116,29,40,65,25,9,298,253,324,56,266,118,296,47,40,263,189,91,207,298,71,110,,,187,32,,,214,75,44,188,76,83,150,252,312,9,21,246,239,239,179,166,323,43,178,32,194,273,107,,104,,,204,297,301,312,144,245,248,175,341,339,218,333,154,169,104,169,87,307,284,212,166,246,304,336,20,332,266,285,324,315,296,292,147,179,301,284,292,258,170,203,,,139,210,,,214,273,115,281,193,311,311,341,190,198,339,340,82,100,101,333,327,328,274,318,257,249,258,124,,205,,,b'\x11\xe8\xe1I\xc9\xd8\x84F\xaf\x82\x12\xdf\x17\xaeN\x1e'
11E8E149-C9D8-8446-AF82-12DF17AE4E1E,2021-ncaa-d1-conf-ASUN,ncaa,3,3,3,3,3,3,3,3,3,4,5,3,2,2,1,4,6,6,6,6,4,3,3,2,2,2,4,2,6,6,6,3,8,3,7,3,2,7,3,2,6,7,1,1,,,5,1,,,3,3,4,5,3,3,7,5,5,2,4,5,7,7,6,7,7,3,5,2,2,7,1,,1,,,3,8,8,9,4,5,7,4,9,9,4,8,3,3,3,3,1,9,9,3,2,4,6,8,1,9,8,7,6,9,7,9,6,5,7,7,8,6,5,5,,,4,6,,,3,7,3,4,3,5,5,9,4,4,8,8,1,1,2,9,9,9,5,8,7,6,6,6,,8,,,b'\x11\xe8\xe1I\xc9\xd8\x84F\xaf\x82\x12\xdf\x17\xaeN\x1e'
11E8E149-C9D8-8446-AF82-12DF17AE4E1E,2021-ncaa-d1-natl,ncaa,98,165,70,134,92,61,65,91,58,138,198,54,11,23,18,22,168,156,234,157,114,100,97,23,34,51,31,9,302,253,322,40,260,89,290,36,38,263,181,78,195,293,68,109,,,209,36,,,175,60,46,191,66,77,149,234,307,10,23,247,236,237,181,170,320,36,155,27,188,261,109,,113,,,172,304,309,319,125,250,256,158,340,340,196,333,153,172,74,173,79,314,302,174,133,222,301,336,20,337,260,295,322,320,290,292,149,163,303,286,290,243,171,185,,,124,206,,,175,286,102,268,168,297,301,341,177,202,337,340,67,90,87,334,325,330,263,319,247,253,254,116,,207,,,b'\x11\xe8\xe1I\xc9\xd8\x84F\xaf\x82\x12\xdf\x17\xaeN\x1e'
11E8E149-C9D8-8446-AF82-12DF17AE4E1E,2022-ncaa-d0-natl,ncaa,254,233,260,251,269,259,232,292,96,259,322,42,151,133,207,47,320,336,94,338,283,304,292,82,95,166,154,90,319,351,348,159,189,281,278,207,131,219,307,220,264,257,59,21,,,174,229,,,220,254,113,92,218,177,282,220,320,107,79,318,334,336,303,266,350,53,256,157,280,238,27,,261,,,224,86,84,154,63,62,110,90,203,262,91,302,105,99,209,106,171,144,117,84,83,107,272,284,163,209,189,127,348,141,278,75,126,260,242,167,66,154,16,99,,,324,302,,,220,107,242,136,211,180,169,290,125,179,278,329,165,157,162,276,270,277,235,261,134,212,126,27,,318,,,b'\x11\xe8\xe1I\xc9\xd8\x84F\xaf\x82\x12\xdf\x17\xaeN\x1e'
11E8E149-C9D8-8446-AF82-12DF17AE4E1E,2022-ncaa-d1-conf-ASUN,ncaa,8,8,4,8,6,7,6,6,3,8,9,3,4,4,7,4,10,10,4,10,9,7,6,4,4,6,5,5,10,12,12,2,7,6,8,4,4,11,11,5,6,7,2,3,,,10,7,,,7,5,4,6,7,7,10,8,9,4,4,10,11,11,11,8,12,1,5,4,11,6,3,,8,,,7,9,6,12,2,5,9,2,10,10,4,10,6,7,7,7,4,12,10,2,2,4,8,10,5,10,7,7,12,10,8,8,6,7,10,6,7,5,2,3,,,12,12,,,7,8,8,6,6,7,5,11,4,9,9,10,5,5,5,11,9,10,7,10,6,8,6,2,,12,,,b'\x11\xe8\xe1I\xc9\xd8\x84F\xaf\x82\x12\xdf\x17\xaeN\x1e'
11E8E149-C9D8-8446-AF82-12DF17AE4E1E,2022-ncaa-d1-natl,ncaa,219,233,146,230,167,163,141,199,65,182,282,22,89,81,178,50,281,305,76,306,263,231,210,49,60,123,148,94,313,341,345,88,162,209,250,104,78,273,287,162,152,188,40,21,,,264,224,,,135,132,85,112,151,120,227,175,302,86,68,293,313,319,274,227,349,49,231,72,266,160,31,,264,,,136,144,134,224,45,97,147,75,232,305,65,294,186,199,163,200,211,224,238,59,63,68,279,268,209,254,162,212,345,227,250,94,87,122,155,76,106,124,29,76,,,278,293,,,135,229,192,81,130,152,125,253,94,153,238,310,187,195,196,255,284,250,218,238,91,122,109,26,,301,,,b'\x11\xe8\xe1I\xc9\xd8\x84F\xaf\x82\x12\xdf\x17\xaeN\x1e'
11E8E149-C9D8-8446-AF82-12DF17AE4E1E,2023-ncaa-d0-natl,ncaa,339,284,355,335,355,356,349,350,311,355,345,293,216,207,240,72,360,360,353,359,338,357,351,280,320,339,124,52,352,315,273,333,160,335,268,344,296,166,329,332,309,234,280,225,,,32,174,,,344,351,97,291,323,281,174,317,260,127,87,357,349,349,249,141,210,165,191,310,332,225,217,,188,,,350,65,85,26,337,53,19,310,249,122,358,283,23,29,107,30,142,14,9,354,339,347,259,323,39,18,160,78,273,39,268,101,149,348,259,298,215,331,192,332,,,361,355,,,344,11,343,344,351,337,340,278,283,174,352,299,130,144,143,262,212,157,333,295,289,242,334,299,,344,,,b'\x11\xe8\xe1I\xc9\xd8\x84F\xaf\x82\x12\xdf\x17\xaeN\x1e'
11E8E149-C9D8-8446-AF82-12DF17AE4E1E,2023-ncaa-d1-conf-ASUN,ncaa,12,10,13,12,13,13,12,11,12,13,12,11,6,6,8,3,14,14,14,12,12,11,12,10,11,12,5,3,13,9,10,10,9,11,10,9,7,10,11,11,12,11,7,6,,,5,8,,,13,12,4,10,10,8,4,13,10,5,4,14,12,12,6,5,5,5,6,8,13,11,6,,10,,,13,8,9,6,13,9,5,10,9,7,13,8,2,3,2,3,5,5,3,11,11,13,6,8,2,7,9,7,10,6,10,8,7,12,11,12,13,12,10,12,,,13,14,,,13,3,12,13,12,13,14,13,12,12,13,8,6,6,6,12,11,11,12,11,11,10,12,13,,11,,,b'\x11\xe8\xe1I\xc9\xd8\x84F\xaf\x82\x12\xdf\x17\xaeN\x1e'
11E8E149-C9D8-8446-AF82-12DF17AE4E1E,2023-ncaa-d1-natl,ncaa,322,284,354,320,357,341,325,336,276,341,335,268,182,171,195,75,358,349,356,348,302,344,340,245,291,317,117,52,351,275,253,296,137,309,236,315,241,220,322,312,267,197,264,210,,,50,181,,,329,340,71,291,285,241,148,289,254,99,80,355,327,327,221,107,177,128,147,265,329,185,205,,202,,,339,102,129,37,324,79,33,297,261,148,354,276,41,58,63,57,174,25,17,335,324,333,257,315,50,33,137,112,253,62,236,140,157,320,243,283,239,321,203,322,,,356,352,,,329,22,321,320,339,321,328,273,266,174,345,295,142,181,179,265,236,154,323,286,279,213,328,288,,331,,,b'\x11\xe8\xe1I\xc9\xd8\x84F\xaf\x82\x12\xdf\x17\xaeN\x1e'
11E8E149-C9D8-8446-AF82-12DF17AE4E1E,2024-ncaa-d0-natl,ncaa,319,297,325,318,327,321,326,338,268,355,359,120,133,70,277,11,331,308,324,310,62,341,340,204,224,258,30,24,270,306,252,328,294,335,293,324,282,138,293,302,351,337,349,348,,,94,232,,,302,334,258,5,261,277,256,338,353,67,17,305,257,260,270,223,245,261,283,303,276,333,343,,233,,,308,97,122,67,298,179,103,302,58,60,155,102,128,166,50,160,221,66,32,263,254,313,69,69,188,148,294,53,252,70,293,70,61,344,311,258,80,208,176,353,,,336,271,,,302,26,272,320,309,282,304,247,324,289,137,143,232,275,270,271,219,275,233,260,170,293,189,272,,281,,,b'\x11\xe8\xe1I\xc9\xd8\x84F\xaf\x82\x12\xdf\x17\xaeN\x1e'
11E8E149-C9D8-8446-AF82-12DF17AE4E1E,2024-ncaa-d1-conf-ASUN,ncaa,11,11,11,11,11,12,12,11,11,12,12,6,4,2,10,2,12,12,10,12,5,12,12,10,11,11,2,2,9,12,9,11,9,11,10,9,5,4,8,9,12,12,12,12,,,1,5,,,11,12,10,1,11,12,8,12,11,3,2,11,10,10,8,8,9,8,9,9,8,12,10,,6,,,11,3,6,5,8,7,6,8,2,2,6,5,4,3,5,3,6,5,1,7,7,10,3,3,3,7,9,5,9,5,10,3,4,12,11,12,4,9,4,12,,,12,9,,,11,1,11,9,11,9,10,10,11,10,5,6,6,8,8,10,7,8,8,9,6,12,7,6,,11,,,b'\x11\xe8\xe1I\xc9\xd8\x84F\xaf\x82\x12\xdf\x17\xaeN\x1e'
11E8E149-C9D8-8446-AF82-12DF17AE4E1E,2024-ncaa-d1-natl,ncaa,298,296,254,301,256,246,241,245,230,318,349,90,77,33,263,12,321,292,324,292,109,260,260,161,202,213,46,28,318,217,203,270,267,267,251,256,245,199,247,264,296,286,348,353,,,151,207,,,269,262,223,7,214,209,179,308,342,52,12,321,275,276,215,168,180,242,230,239,258,270,345,,217,,,269,185,213,149,278,269,188,296,80,96,119,99,176,210,55,202,187,150,103,248,238,282,55,64,181,188,267,143,203,152,251,104,54,289,269,219,124,181,200,333,,,319,326,,,269,100,227,295,265,263,296,239,321,291,109,139,217,248,245,261,232,246,235,249,157,251,174,244,,300,,,b'\x11\xe8\xe1I\xc9\xd8\x84F\xaf\x82\x12\xdf\x17\xaeN\x1e'
11E8E149-C9D8-8446-AF82-12DF17AE4E1E,2025-ncaa-d0-natl,genius_ncaa,349,352,248,352,270,291,294,260,299,313,332,200,184,94,315,38,286,299,140,297,159,275,258,268,279,292,83,82,199,284,295,328,328,330,337,332,344,246,294,339,237,235,344,349,,,161,222,,191,349,240,144,176,285,290,232,315,322,156,47,270,287,287,252,199,266,329,328,343,289,210,346,,241,,245,349,305,301,158,358,301,150,358,247,202,296,217,224,207,277,194,230,173,136,358,359,359,138,175,140,208,328,191,295,199,337,279,179,279,271,324,238,282,156,299,,,336,337,,340,349,118,312,360,349,351,351,271,345,226,295,260,275,257,253,279,244,269,274,285,327,252,289,198,,321,,331,b'\x11\xe8\xe1I\xc9\xd8\x84F\xaf\x82\x12\xdf\x17\xaeN\x1e'
11E8E149-C9D8-8446-AF82-12DF17AE4E1E,2025-ncaa-d1-conf-ASUN,genius_ncaa,12,12,11,12,11,12,12,12,12,12,12,9,9,6,12,3,10,11,6,11,6,12,12,11,11,12,5,4,6,10,10,11,10,12,12,12,11,7,11,12,10,5,12,12,,,4,6,,11,12,11,8,4,11,12,10,12,12,8,4,9,9,9,10,7,10,11,11,12,11,7,12,,6,,11,12,7,7,3,12,8,3,12,7,6,11,9,4,4,10,4,7,2,2,12,11,12,6,7,3,4,10,7,10,5,12,11,12,11,9,12,7,11,4,7,,,11,11,,11,12,1,12,12,12,11,12,6,10,5,10,8,6,5,5,6,6,8,11,9,12,9,12,4,,11,,11,b'\x11\xe8\xe1I\xc9\xd8\x84F\xaf\x82\x12\xdf\x17\xaeN\x1e'
11E8E149-C9D8-8446-AF82-12DF17AE4E1E,2025-ncaa-d1-natl,genius_ncaa,341,352,172,345,206,232,240,187,265,277,303,165,135,55,299,38,256,273,146,271,163,209,174,239,242,269,84,77,225,236,252,293,316,280,316,300,333,283,276,323,169,190,320,331,,,223,230,,228,336,163,109,195,246,247,168,285,310,122,43,260,274,272,206,141,219,309,300,323,288,163,324,,249,,250,331,326,321,216,354,314,187,354,273,248,275,225,256,247,242,239,242,223,205,354,353,352,158,182,155,245,316,234,252,249,316,298,187,220,237,292,273,269,187,282,,,303,334,,326,336,193,284,349,334,341,342,260,330,205,290,270,270,264,260,272,255,264,273,283,314,196,291,193,,311,,328,b'\x11\xe8\xe1I\xc9\xd8\x84F\xaf\x82\x12\xdf\x17\xaeN\x1e'
11E8E149-C9D8-8446-AF82-12DF17AE4E1E,2026-ncaa-d0-natl,genius_ncaa,212,198,206,223,216,278,254,267,235,277,303,172,167,141,252,33,334,348,121,348,328,289,244,207,227,304,125,56,329,239,202,298,345,294,320,229,138,303,348,303,233,243,146,172,,,160,185,,96,318,244,175,97,297,271,296,305,338,135,83,345,355,355,333,233,236,338,328,222,342,210,115,,230,,118,316,208,230,174,284,281,218,281,101,121,140,89,185,183,175,192,163,173,153,248,241,268,45,65,144,307,345,90,202,170,320,94,21,250,276,176,349,358,150,272,,,309,326,,223,318,131,304,305,311,292,313,301,331,327,129,141,224,231,241,307,290,337,108,249,123,235,357,186,,330,,226,b'\x11\xe8\xe1I\xc9\xd8\x84F\xaf\x82\x12\xdf\x17\xaeN\x1e'
11E8E149-C9D8-8446-AF82-12DF17AE4E1E,2026-ncaa-d1-natl,genius_ncaa,203,195,177,216,197,291,271,273,248,301,320,194,163,133,248,41,345,353,141,353,330,290,257,224,241,301,125,62,328,266,229,314,353,311,338,249,150,303,341,298,290,305,150,186,,,171,188,,90,331,250,221,100,305,287,304,311,334,147,91,348,358,358,342,262,260,343,341,241,333,279,140,,206,,104,331,258,285,205,309,310,235,313,163,172,186,128,168,181,142,197,162,205,173,291,280,307,55,98,108,321,353,124,229,207,338,135,30,284,304,244,351,359,173,280,,,312,305,,184,331,128,307,334,329,320,331,309,337,321,194,193,201,215,233,309,272,344,145,271,158,273,352,202,,320,,169,b'\x11\xe8\xe1I\xc9\xd8\x84F\xaf\x82\x12\xdf\x17\xaeN\x1e'
11E8E149-C9DC-D244-AF82-12DF17AE4E1E,2010-ncaa-d0-natl,ncaa,274,303,122,287,167,135,145,143,156,101,80,178,253,277,169,297,54,23,306,24,51,110,48,198,198,253,246,285,48,104,132,196,320,167,258,316,344,342,316,341,88,153,242,289,,,320,237,,,330,45,9,283,123,144,153,91,66,270,282,44,14,15,86,15,110,238,179,340,339,83,242,,324,,,327,343,340,303,332,341,312,335,157,197,125,80,343,330,345,329,245,317,314,315,336,337,86,29,278,316,320,225,132,291,258,306,78,102,211,230,330,290,301,248,,,32,73,,,330,306,250,337,316,342,341,333,341,332,162,183,336,324,324,337,336,316,223,282,301,103,322,293,,14,,,b'\x11\xe8\xe1I\xc9\xdc\xd2D\xaf\x82\x12\xdf\x17\xaeN\x1e'
11E8E149-C9DC-D244-AF82-12DF17AE4E1E,2010-ncaa-d1-conf-Sun Belt,ncaa,9,9,4,9,6,5,5,6,7,5,4,8,8,7,7,8,2,1,12,1,2,5,2,7,8,9,7,9,3,4,4,11,13,7,11,11,13,13,10,13,2,4,9,11,,,13,11,,,12,2,1,9,6,6,8,5,6,7,7,2,1,1,4,1,4,12,6,13,13,2,10,,13,,,12,13,13,13,11,13,10,12,6,13,2,8,13,13,13,13,13,13,13,9,12,12,8,2,12,13,13,9,4,10,11,11,7,3,7,5,12,10,10,10,,,1,3,,,12,12,9,12,10,13,12,13,12,10,6,13,13,13,13,13,13,13,9,10,11,2,12,10,,1,,,b'\x11\xe8\xe1I\xc9\xdc\xd2D\xaf\x82\x12\xdf\x17\xaeN\x1e'
11E8E149-C9DC-D244-AF82-12DF17AE4E1E,2010-ncaa-d1-natl,ncaa,281,302,134,294,181,144,153,158,160,108,89,181,262,283,170,296,61,25,306,27,49,123,49,203,201,258,244,284,48,113,135,217,322,182,261,327,345,340,318,342,97,160,243,290,,,319,236,,,332,47,9,285,127,146,155,94,68,271,282,44,14,15,92,15,113,245,184,340,339,89,242,,324,,,330,342,340,298,333,341,309,335,153,192,130,79,343,327,345,326,247,316,313,319,336,338,86,30,277,315,322,209,135,280,261,301,81,118,221,234,327,293,299,254,,,39,73,,,332,304,256,340,322,342,341,333,341,333,164,184,336,325,324,337,335,317,225,285,303,108,322,299,,15,,,b'\x11\xe8\xe1I\xc9\xdc\xd2D\xaf\x82\x12\xdf\x17\xaeN\x1e'
11E8E149-C9DC-D244-AF82-12DF17AE4E1E,2011-ncaa-d0-natl,ncaa,319,325,170,321,219,170,141,93,211,92,65,204,266,240,298,267,185,118,324,120,225,95,88,251,267,249,306,285,198,82,144,130,231,99,209,293,339,225,166,299,236,276,291,314,,,306,278,,,295,101,21,208,147,108,37,58,27,273,227,176,91,91,33,25,57,84,41,312,246,236,291,,326,,,291,314,303,264,285,332,309,277,77,74,148,21,321,329,89,326,264,289,265,236,252,288,57,23,265,256,231,289,144,296,209,239,110,197,267,249,112,76,206,124,,,90,155,,,295,261,238,293,280,326,318,309,333,329,86,80,324,333,332,329,321,285,313,315,260,186,134,219,,53,,,b'\x11\xe8\xe1I\xc9\xdc\xd2D\xaf\x82\x12\xdf\x17\xaeN\x1e'
11E8E149-C9DC-D244-AF82-12DF17AE4E1E,2011-ncaa-d1-conf-Sun Belt,ncaa,11,11,7,11,7,9,10,6,10,8,5,11,10,9,8,10,6,3,12,3,6,6,5,11,10,11,6,8,2,7,7,7,9,5,9,11,12,6,6,11,9,10,8,9,,,10,11,,,9,5,3,2,7,8,2,8,4,10,7,4,2,2,1,3,6,3,3,11,9,8,8,,12,,,9,9,8,9,8,9,11,5,4,2,6,1,11,12,3,12,11,11,8,7,8,9,6,2,11,10,9,10,7,10,9,6,4,9,11,11,2,2,11,11,,,3,4,,,9,8,10,9,9,10,9,11,10,12,5,4,12,12,12,12,11,10,11,11,8,8,3,11,,1,,,b'\x11\xe8\xe1I\xc9\xdc\xd2D\xaf\x82\x12\xdf\x17\xaeN\x1e'
11E8E149-C9DC-D244-AF82-12DF17AE4E1E,2011-ncaa-d1-natl,ncaa,321,325,199,323,256,189,162,113,217,103,71,208,269,246,297,267,199,129,322,133,226,110,103,254,269,249,303,284,199,94,150,154,233,114,211,307,340,208,169,303,251,284,295,317,,,300,278,,,298,117,21,205,150,116,38,60,27,269,230,176,91,90,34,27,58,87,45,316,246,242,294,,328,,,297,308,300,248,288,329,303,282,67,66,147,20,316,325,91,323,266,280,252,241,261,294,56,19,267,248,233,277,150,280,211,229,109,222,274,254,96,78,200,128,,,107,155,,,298,247,240,302,289,328,321,309,334,330,88,81,328,333,333,331,321,289,313,317,263,195,135,223,,53,,,b'\x11\xe8\xe1I\xc9\xdc\xd2D\xaf\x82\x12\xdf\x17\xaeN\x1e'
11E8E149-C9DC-D244-AF82-12DF17AE4E1E,2012-ncaa-d0-natl,ncaa,161,174,120,169,135,179,187,183,197,155,144,207,219,216,210,238,95,78,228,76,75,159,112,220,205,254,184,234,64,62,39,125,62,75,30,254,276,323,293,300,233,245,269,285,,,305,325,,,124,142,186,78,193,214,214,173,168,231,230,92,67,63,181,109,56,124,64,278,307,248,278,,311,,,123,84,80,99,130,163,208,108,21,27,59,24,220,261,48,256,229,131,169,79,90,60,59,24,287,86,62,78,39,60,30,15,6,92,69,16,210,174,164,146,,,48,32,,,124,196,207,40,129,76,71,64,154,196,17,21,214,258,252,100,128,68,64,48,11,92,195,158,,22,,,b'\x11\xe8\xe1I\xc9\xdc\xd2D\xaf\x82\x12\xdf\x17\xaeN\x1e'
11E8E149-C9DC-D244-AF82-12DF17AE4E1E,2012-ncaa-d1-conf-Sun Belt,ncaa,7,7,4,7,4,4,4,6,5,4,4,5,5,6,6,9,3,2,4,2,2,6,2,5,4,5,5,8,2,4,2,4,3,3,3,4,3,11,10,7,6,9,9,9,,,12,12,,,6,2,3,2,3,5,7,6,3,6,7,2,2,2,4,2,3,5,4,3,11,8,9,,12,,,6,6,5,4,6,8,12,5,2,1,5,1,12,12,4,12,12,7,9,5,6,6,4,1,12,4,3,3,2,3,3,4,1,3,4,3,9,8,7,6,,,2,3,,,6,11,5,4,6,7,5,4,8,11,1,1,12,12,12,8,10,3,4,4,2,4,8,7,,1,,,b'\x11\xe8\xe1I\xc9\xdc\xd2D\xaf\x82\x12\xdf\x17\xaeN\x1e'
11E8E149-C9DC-D244-AF82-12DF17AE4E1E,2012-ncaa-d1-natl,ncaa,174,173,137,180,152,199,209,213,205,174,165,216,229,229,211,236,104,88,227,86,73,190,132,229,211,256,178,234,58,70,41,138,68,89,31,271,280,315,296,305,248,250,278,289,,,301,325,,,132,172,189,76,198,222,219,185,173,232,231,91,71,67,188,111,57,128,69,283,307,258,281,,313,,,131,65,65,73,134,151,187,116,16,23,62,24,206,251,52,244,237,106,136,84,96,70,57,24,287,68,68,54,41,42,31,12,7,104,72,18,192,177,154,150,,,52,27,,,132,166,215,49,136,81,74,65,157,200,17,20,213,259,253,101,126,71,63,50,12,97,197,158,,23,,,b'\x11\xe8\xe1I\xc9\xdc\xd2D\xaf\x82\x12\xdf\x17\xaeN\x1e'
11E8E149-C9DC-D244-AF82-12DF17AE4E1E,2013-ncaa-d0-natl,ncaa,235,244,183,248,182,124,148,165,125,165,197,130,118,129,110,135,69,83,74,77,52,152,121,115,90,132,94,146,84,217,218,130,177,152,183,237,293,282,254,291,60,70,291,299,,,309,293,,,186,95,50,3,79,113,128,149,185,103,104,43,59,56,107,48,204,67,116,240,293,44,290,,326,,,187,269,273,239,251,254,173,297,263,295,100,281,208,248,47,250,242,252,258,254,241,235,197,231,146,234,177,181,218,215,183,211,116,119,160,157,156,137,253,261,,,143,199,,,186,251,152,227,184,298,296,313,284,195,279,309,236,263,265,322,330,257,221,256,237,97,176,264,,117,,,b'\x11\xe8\xe1I\xc9\xdc\xd2D\xaf\x82\x12\xdf\x17\xaeN\x1e'
11E8E149-C9DC-D244-AF82-12DF17AE4E1E,2013-ncaa-d1-conf-Sun Belt,ncaa,6,6,8,6,8,6,8,9,7,9,9,7,4,6,2,5,2,2,3,3,1,9,8,4,4,4,2,4,2,9,5,6,4,6,6,7,3,9,10,6,4,3,8,7,,,7,9,,,6,6,5,2,4,7,8,9,9,3,6,2,2,1,5,4,6,4,6,5,9,3,8,,9,,,6,6,7,8,6,6,2,8,9,10,4,11,4,4,2,4,4,8,7,6,6,6,7,11,3,7,4,3,5,5,6,9,11,8,7,10,5,5,7,9,,,7,8,,,6,6,6,6,6,7,9,8,6,6,9,11,4,4,4,9,8,8,6,7,10,6,5,7,,4,,,b'\x11\xe8\xe1I\xc9\xdc\xd2D\xaf\x82\x12\xdf\x17\xaeN\x1e'
11E8E149-C9DC-D244-AF82-12DF17AE4E1E,2013-ncaa-d1-natl,ncaa,248,243,210,252,209,135,159,190,129,185,218,136,121,141,113,133,75,95,72,92,52,176,140,120,92,137,92,142,76,237,219,143,182,171,188,252,299,272,256,291,68,74,297,301,,,305,295,,,190,119,54,2,80,118,134,159,190,104,105,45,62,58,113,51,211,70,122,245,293,45,290,,327,,,191,262,264,226,255,245,141,298,256,289,108,281,202,238,49,241,243,238,238,259,242,240,194,233,145,223,182,163,219,199,188,205,118,131,168,166,143,140,247,269,,,159,196,,,190,223,155,234,188,303,298,313,286,197,279,307,238,268,271,322,329,256,222,257,239,105,178,267,,114,,,b'\x11\xe8\xe1I\xc9\xdc\xd2D\xaf\x82\x12\xdf\x17\xaeN\x1e'
11E8E149-C9DC-D244-AF82-12DF17AE4E1E,2014-ncaa-d0-natl,ncaa,239,224,254,244,267,263,242,214,256,209,209,203,230,168,305,147,288,245,315,245,232,228,218,257,279,288,242,183,253,119,96,231,280,174,173,324,339,205,238,318,139,125,338,330,,,208,278,,,206,242,162,95,234,198,112,162,161,209,139,266,215,215,134,103,74,161,95,319,269,113,337,,292,,,208,81,56,89,91,30,26,144,206,257,74,312,192,213,73,222,316,103,119,116,123,105,320,263,270,256,280,117,96,179,173,44,107,149,110,63,166,198,101,137,,,250,244,,,206,94,258,144,216,161,99,164,66,41,254,314,245,275,281,207,242,306,215,272,79,103,228,140,,201,,,b'\x11\xe8\xe1I\xc9\xdc\xd2D\xaf\x82\x12\xdf\x17\xaeN\x1e'
11E8E149-C9DC-D244-AF82-12DF17AE4E1E,2014-ncaa-d1-conf-C-USA,ncaa,11,9,10,11,16,16,16,16,11,14,13,11,11,8,13,7,16,13,16,13,9,16,16,12,12,14,10,7,14,8,7,15,15,14,9,16,16,8,15,16,10,6,14,14,,,9,13,,,12,16,15,15,16,13,15,12,13,8,7,16,12,12,16,15,7,13,10,16,14,9,14,,10,,,12,3,2,2,3,1,1,7,12,14,7,16,6,8,6,8,14,1,2,7,7,4,16,15,12,11,15,3,7,5,9,2,7,8,5,5,7,12,5,9,,,12,9,,,12,1,13,7,13,3,3,3,1,1,13,15,6,9,9,2,4,16,4,12,3,7,9,8,,11,,,b'\x11\xe8\xe1I\xc9\xdc\xd2D\xaf\x82\x12\xdf\x17\xaeN\x1e'
11E8E149-C9DC-D244-AF82-12DF17AE4E1E,2014-ncaa-d1-conf-CUSA,ncaa,11,9,10,11,16,16,16,16,11,14,13,11,11,8,13,7,16,13,16,13,9,16,16,12,12,14,10,7,14,8,7,15,15,14,9,16,16,8,15,16,10,6,14,14,,,9,13,,,12,16,15,15,16,13,15,12,13,8,7,16,12,12,16,15,7,13,10,16,14,9,14,,10,,,12,3,2,2,3,1,1,7,12,14,7,16,6,8,6,8,14,1,2,7,7,4,16,15,12,11,15,3,7,5,9,2,7,8,5,5,7,12,5,9,,,12,9,,,12,1,13,7,13,3,3,3,1,1,13,15,6,9,9,2,4,16,4,12,3,7,9,8,,11,,,b'\x11\xe8\xe1I\xc9\xdc\xd2D\xaf\x82\x12\xdf\x17\xaeN\x1e'
11E8E149-C9DC-D244-AF82-12DF17AE4E1E,2014-ncaa-d1-natl,ncaa,230,223,211,235,236,252,233,196,261,203,198,223,219,157,299,147,273,239,308,240,228,210,188,266,285,284,223,179,244,119,107,214,289,161,190,316,338,209,233,316,141,128,329,325,,,222,268,,,198,229,161,94,239,203,116,175,161,205,140,262,214,214,137,111,79,156,98,317,263,111,330,,291,,,198,85,51,106,69,30,38,117,205,265,67,304,196,227,80,232,313,124,150,91,96,78,318,259,271,281,289,158,107,213,190,39,91,141,111,57,192,199,118,142,,,231,236,,,198,109,263,126,210,140,85,172,61,49,235,306,245,271,277,212,243,315,222,279,66,99,228,144,,194,,,b'\x11\xe8\xe1I\xc9\xdc\xd2D\xaf\x82\x12\xdf\x17\xaeN\x1e'
11E8E149-C9DC-D244-AF82-12DF17AE4E1E,2015-ncaa-d0-natl,ncaa,320,316,243,322,254,336,315,260,337,256,146,335,328,304,341,293,329,298,343,298,318,270,243,345,349,347,319,299,237,202,239,282,189,264,281,346,347,244,300,346,158,113,309,285,,,242,319,,,301,256,214,102,342,326,219,241,84,328,301,334,284,283,244,189,182,258,238,348,292,126,306,,298,,,302,61,63,31,231,71,27,272,104,140,85,226,157,210,16,213,303,37,73,228,212,130,195,157,235,89,189,261,239,203,281,106,206,113,54,77,214,257,207,198,,,276,247,,,301,75,346,121,309,118,105,40,117,37,142,176,193,243,248,51,117,130,308,269,136,65,253,239,,245,,,b'\x11\xe8\xe1I\xc9\xdc\xd2D\xaf\x82\x12\xdf\x17\xaeN\x1e'
11E8E149-C9DC-D244-AF82-12DF17AE4E1E,2015-ncaa-d1-conf-C-USA,ncaa,12,12,13,12,13,14,14,12,14,11,8,13,14,13,14,13,13,13,9,13,14,12,13,14,14,14,13,14,5,10,10,14,10,13,12,14,14,6,10,14,9,7,13,12,,,7,13,,,13,14,13,5,14,14,9,9,3,14,13,13,11,11,9,10,10,13,10,14,10,8,13,,12,,,13,3,2,1,9,1,1,8,9,8,12,12,9,10,4,10,13,1,1,10,9,9,12,10,11,2,10,7,10,4,12,4,11,10,7,6,7,12,7,8,,,14,12,,,13,1,14,10,13,8,6,2,4,2,11,10,10,11,11,4,2,6,14,12,8,8,9,9,,13,,,b'\x11\xe8\xe1I\xc9\xdc\xd2D\xaf\x82\x12\xdf\x17\xaeN\x1e'
11E8E149-C9DC-D244-AF82-12DF17AE4E1E,2015-ncaa-d1-conf-CUSA,ncaa,12,12,13,12,13,14,14,12,14,11,8,13,14,13,14,13,13,13,9,13,14,12,13,14,14,14,13,14,5,10,10,14,10,13,12,14,14,6,10,14,9,7,13,12,,,7,13,,,13,14,13,5,14,14,9,9,3,14,13,13,11,11,9,10,10,13,10,14,10,8,13,,12,,,13,3,2,1,9,1,1,8,9,8,12,12,9,10,4,10,13,1,1,10,9,9,12,10,11,2,10,7,10,4,12,4,11,10,7,6,7,12,7,8,,,14,12,,,13,1,14,10,13,8,6,2,4,2,11,10,10,11,11,4,2,6,14,12,8,8,9,9,,13,,,b'\x11\xe8\xe1I\xc9\xdc\xd2D\xaf\x82\x12\xdf\x17\xaeN\x1e'
11E8E149-C9DC-D244-AF82-12DF17AE4E1E,2015-ncaa-d1-natl,ncaa,324,313,298,324,309,348,337,295,339,287,171,338,333,314,343,293,340,311,342,311,321,301,284,347,349,347,320,299,229,228,252,309,201,298,288,347,347,230,306,347,173,122,314,288,,,222,322,,,306,300,218,94,345,331,226,253,90,329,300,336,287,285,254,194,186,265,243,348,292,136,307,,298,,,309,39,45,14,241,59,14,278,86,116,88,226,138,190,18,197,308,20,36,237,224,141,190,156,233,67,201,234,252,171,288,92,205,134,59,85,197,264,195,204,,,301,243,,,306,37,346,131,319,122,110,40,122,38,141,177,195,249,253,52,116,132,311,274,139,69,256,242,,248,,,b'\x11\xe8\xe1I\xc9\xdc\xd2D\xaf\x82\x12\xdf\x17\xaeN\x1e'
11E8E149-C9DC-D244-AF82-12DF17AE4E1E,2016-ncaa-d0-natl,ncaa,239,249,175,248,180,212,193,272,81,165,195,116,235,287,75,254,240,243,200,235,223,273,221,107,116,211,254,227,226,241,165,243,112,258,110,221,227,333,340,300,260,262,328,333,,,267,314,,,231,199,210,19,223,182,291,144,182,233,285,249,245,240,298,211,232,257,270,217,329,265,335,,290,,,232,159,138,72,254,145,88,263,135,125,184,169,253,209,329,216,263,94,123,255,282,229,199,134,269,44,112,45,165,35,110,19,4,116,85,27,323,326,135,141,,,161,111,,,231,155,224,191,229,200,166,75,182,89,156,142,273,229,232,91,136,61,58,42,27,98,322,137,,143,,,b'\x11\xe8\xe1I\xc9\xdc\xd2D\xaf\x82\x12\xdf\x17\xaeN\x1e'
11E8E149-C9DC-D244-AF82-12DF17AE4E1E,2016-ncaa-d1-conf-C-USA,ncaa,11,13,4,13,5,9,7,12,4,6,7,5,9,10,4,10,9,9,9,9,10,9,5,6,5,10,9,8,9,9,9,9,4,10,9,8,9,14,14,13,7,7,14,14,,,12,10,,,12,5,8,2,10,6,10,5,7,9,10,9,9,9,10,7,9,11,9,8,14,7,14,,12,,,12,12,9,8,11,10,5,12,8,9,8,7,12,9,14,9,10,8,9,11,13,12,9,6,10,4,4,5,9,5,9,1,1,4,5,3,14,13,10,9,,,8,7,,,12,10,11,10,12,11,11,7,10,7,7,9,11,10,10,7,9,4,5,5,1,5,14,10,,8,,,b'\x11\xe8\xe1I\xc9\xdc\xd2D\xaf\x82\x12\xdf\x17\xaeN\x1e'
11E8E149-C9DC-D244-AF82-12DF17AE4E1E,2016-ncaa-d1-conf-CUSA,ncaa,11,13,4,13,5,9,7,12,4,6,7,5,9,10,4,10,9,9,9,9,10,9,5,6,5,10,9,8,9,9,9,9,4,10,9,8,9,14,14,13,7,7,14,14,,,12,10,,,12,5,8,2,10,6,10,5,7,9,10,9,9,9,10,7,9,11,9,8,14,7,14,,12,,,12,12,9,8,11,10,5,12,8,9,8,7,12,9,14,9,10,8,9,11,13,12,9,6,10,4,4,5,9,5,9,1,1,4,5,3,14,13,10,9,,,8,7,,,12,10,11,10,12,11,11,7,10,7,7,9,11,10,10,7,9,4,5,5,1,5,14,10,,8,,,b'\x11\xe8\xe1I\xc9\xdc\xd2D\xaf\x82\x12\xdf\x17\xaeN\x1e'
11E8E149-C9DC-D244-AF82-12DF17AE4E1E,2016-ncaa-d1-natl,ncaa,256,249,218,256,222,243,227,306,87,195,230,127,250,293,80,255,260,263,204,260,221,309,256,112,124,215,254,226,221,259,176,275,117,293,120,244,231,328,341,305,281,268,335,336,,,252,314,,,243,243,213,17,233,198,301,157,188,237,284,251,248,246,299,219,237,262,281,229,331,270,337,,289,,,243,139,113,42,261,131,62,271,117,98,194,169,240,193,331,198,265,54,80,263,292,241,194,131,272,30,117,27,176,18,120,16,4,148,95,32,312,329,112,150,,,193,110,,,243,110,231,200,243,210,177,77,185,93,156,144,277,230,233,99,134,64,56,44,29,104,321,144,,142,,,b'\x11\xe8\xe1I\xc9\xdc\xd2D\xaf\x82\x12\xdf\x17\xaeN\x1e'
11E8E149-C9DC-D244-AF82-12DF17AE4E1E,2017-ncaa-d0-natl,ncaa,217,247,116,237,116,207,201,199,203,173,149,223,225,234,173,230,169,181,160,173,196,203,172,221,211,244,217,222,129,199,207,312,268,289,276,285,326,291,286,314,161,161,277,278,,,330,346,,,243,156,245,11,249,243,255,197,178,235,245,189,206,198,250,217,222,339,332,313,273,173,289,,331,,,239,197,134,41,308,200,115,308,33,33,127,39,333,335,232,335,344,93,176,283,314,215,147,17,342,112,268,183,207,156,276,37,19,49,26,13,296,293,239,230,,,108,67,,,243,184,256,200,242,178,105,15,198,59,27,23,332,332,332,47,109,102,145,125,24,40,282,237,,94,,,b'\x11\xe8\xe1I\xc9\xdc\xd2D\xaf\x82\x12\xdf\x17\xaeN\x1e'
11E8E149-C9DC-D244-AF82-12DF17AE4E1E,2017-ncaa-d1-conf-C-USA,ncaa,8,8,3,8,3,12,12,10,12,10,8,12,10,10,9,8,9,10,7,10,11,10,8,12,12,12,8,8,6,8,8,12,5,11,10,12,14,13,12,14,7,7,10,10,,,14,14,,,10,7,11,1,13,13,11,10,8,10,10,10,10,10,11,10,7,12,11,14,11,8,10,,13,,,10,4,1,1,6,4,7,9,1,1,1,1,13,14,7,14,14,4,7,3,7,3,6,1,14,4,5,8,8,8,10,1,1,3,3,1,12,13,14,14,,,7,5,,,10,8,12,2,10,4,1,2,5,5,1,1,13,14,13,4,5,5,8,8,1,3,11,14,,6,,,b'\x11\xe8\xe1I\xc9\xdc\xd2D\xaf\x82\x12\xdf\x17\xaeN\x1e'
11E8E149-C9DC-D244-AF82-12DF17AE4E1E,2017-ncaa-d1-conf-CUSA,ncaa,8,8,3,8,3,12,12,10,12,10,8,12,10,10,9,8,9,10,7,10,11,10,8,12,12,12,8,8,6,8,8,12,5,11,10,12,14,13,12,14,7,7,10,10,,,14,14,,,10,7,11,1,13,13,11,10,8,10,10,10,10,10,11,10,7,12,11,14,11,8,10,,13,,,10,4,1,1,6,4,7,9,1,1,1,1,13,14,7,14,14,4,7,3,7,3,6,1,14,4,5,8,8,8,10,1,1,3,3,1,12,13,14,14,,,7,5,,,10,8,12,2,10,4,1,2,5,5,1,1,13,14,13,4,5,5,8,8,1,3,11,14,,6,,,b'\x11\xe8\xe1I\xc9\xdc\xd2D\xaf\x82\x12\xdf\x17\xaeN\x1e'
11E8E149-C9DC-D244-AF82-12DF17AE4E1E,2017-ncaa-d1-natl,ncaa,236,247,144,247,144,240,237,250,210,204,186,232,242,251,178,227,197,212,156,207,203,251,215,234,222,248,214,220,126,222,218,334,273,320,285,307,327,275,291,319,187,173,289,283,,,324,346,,,252,201,250,11,267,252,264,207,182,239,245,199,213,208,264,228,229,339,334,319,274,182,295,,333,,,251,160,101,18,317,179,80,319,25,24,134,36,331,330,233,329,344,45,124,291,324,228,142,17,342,86,273,145,218,114,285,21,19,64,30,16,283,300,232,236,,,128,67,,,252,135,265,216,254,186,112,15,205,63,26,23,333,335,335,46,107,107,151,130,27,44,280,244,,96,,,b'\x11\xe8\xe1I\xc9\xdc\xd2D\xaf\x82\x12\xdf\x17\xaeN\x1e'
11E8E149-C9DC-D244-AF82-12DF17AE4E1E,2018-ncaa-d0-natl,ncaa,185,129,295,174,308,299,305,317,244,285,279,272,250,284,155,223,193,203,197,201,101,310,333,246,234,196,146,193,58,250,185,335,182,328,232,327,305,21,98,223,204,115,175,73,,,227,345,,,127,339,328,175,263,293,285,265,206,221,250,132,128,126,260,310,196,337,319,323,61,160,134,,304,,,122,4,4,1,170,7,9,113,18,6,269,48,218,196,272,198,323,2,11,156,235,82,260,70,337,12,182,67,185,28,232,6,123,114,16,14,18,82,69,133,,,171,7,,,127,13,180,70,117,29,11,3,20,18,38,10,280,264,268,4,19,45,150,98,24,49,54,116,,58,,,b'\x11\xe8\xe1I\xc9\xdc\xd2D\xaf\x82\x12\xdf\x17\xaeN\x1e'
11E8E149-C9DC-D244-AF82-12DF17AE4E1E,2018-ncaa-d1-conf-C-USA,ncaa,7,10,1,8,1,6,8,5,12,8,3,14,8,7,7,9,3,3,11,3,7,4,5,13,13,12,9,9,3,3,9,10,8,7,12,12,13,6,3,10,4,7,5,3,,,14,11,,,7,5,11,5,11,10,8,9,6,10,9,6,4,4,9,10,6,14,12,13,3,7,5,,10,,,7,7,4,6,10,8,8,8,3,3,12,1,13,11,13,11,11,6,10,9,12,6,10,3,12,4,8,13,9,8,12,3,4,2,1,1,7,3,8,6,,,2,3,,,7,10,10,4,7,5,3,2,4,4,3,1,12,10,10,2,4,2,10,6,2,2,4,5,,2,,,b'\x11\xe8\xe1I\xc9\xdc\xd2D\xaf\x82\x12\xdf\x17\xaeN\x1e'
11E8E149-C9DC-D244-AF82-12DF17AE4E1E,2018-ncaa-d1-conf-CUSA,ncaa,7,10,1,8,1,6,8,5,12,8,3,14,8,7,7,9,3,3,11,3,7,4,5,13,13,12,9,9,3,3,9,10,8,7,12,12,13,6,3,10,4,7,5,3,,,14,11,,,7,5,11,5,11,10,8,9,6,10,9,6,4,4,9,10,6,14,12,13,3,7,5,,10,,,7,7,4,6,10,8,8,8,3,3,12,1,13,11,13,11,11,6,10,9,12,6,10,3,12,4,8,13,9,8,12,3,4,2,1,1,7,3,8,6,,,2,3,,,7,10,10,4,7,5,3,2,4,4,3,1,12,10,10,2,4,2,10,6,2,2,4,5,,2,,,b'\x11\xe8\xe1I\xc9\xdc\xd2D\xaf\x82\x12\xdf\x17\xaeN\x1e'
11E8E149-C9DC-D244-AF82-12DF17AE4E1E,2018-ncaa-d1-natl,ncaa,150,129,144,149,176,243,250,239,232,217,210,236,235,228,228,206,158,145,236,147,114,234,280,244,244,196,179,219,85,163,163,322,170,282,210,319,319,36,78,218,143,89,123,55,,,294,345,,,106,310,326,178,264,274,261,233,189,229,230,145,131,132,241,304,157,336,304,324,55,131,113,,303,,,105,11,8,3,131,11,15,86,36,13,257,69,256,245,241,251,327,3,29,126,198,60,280,113,336,29,170,138,163,77,210,10,121,57,12,10,30,66,94,115,,,88,11,,,106,40,167,50,99,17,7,2,13,12,46,13,255,245,254,3,19,44,154,97,16,41,45,102,,65,,,b'\x11\xe8\xe1I\xc9\xdc\xd2D\xaf\x82\x12\xdf\x17\xaeN\x1e'
11E8E149-C9DC-D244-AF82-12DF17AE4E1E,2019-ncaa-d0-natl,ncaa,163,180,114,177,148,198,177,144,233,144,103,262,227,231,174,251,191,188,210,183,241,148,176,242,246,208,244,235,177,91,111,199,105,152,127,219,249,87,100,175,290,282,301,305,,,243,302,,,159,221,301,193,225,213,160,158,108,237,248,212,199,194,173,222,92,241,167,247,92,304,312,,240,,,159,114,106,61,230,172,146,214,39,40,150,38,252,280,63,277,281,92,98,202,211,182,107,37,287,54,105,195,111,129,127,7,6,165,124,26,164,161,139,93,,,105,77,,,159,120,173,161,174,92,83,21,146,100,31,23,245,272,270,38,38,56,171,109,9,187,149,133,,110,,,b'\x11\xe8\xe1I\xc9\xdc\xd2D\xaf\x82\x12\xdf\x17\xaeN\x1e'
11E8E149-C9DC-D244-AF82-12DF17AE4E1E,2019-ncaa-d1-conf-C-USA,ncaa,9,9,3,9,6,8,9,2,11,6,1,12,11,11,10,11,5,6,8,5,9,2,2,12,11,11,11,12,4,2,1,9,8,4,5,7,6,9,6,7,9,9,13,12,,,10,12,,,8,5,9,9,9,10,5,8,3,11,11,6,6,6,4,5,2,12,4,7,9,9,13,,8,,,8,7,5,3,8,7,7,7,3,3,6,3,12,13,7,13,12,3,6,6,7,6,7,3,13,4,8,7,1,5,5,2,2,5,3,1,13,11,14,9,,,3,5,,,8,9,9,7,9,7,5,3,7,6,4,2,12,13,13,3,3,3,7,4,2,5,11,14,,4,,,b'\x11\xe8\xe1I\xc9\xdc\xd2D\xaf\x82\x12\xdf\x17\xaeN\x1e'
11E8E149-C9DC-D244-AF82-12DF17AE4E1E,2019-ncaa-d1-conf-CUSA,ncaa,9,9,3,9,6,8,9,2,11,6,1,12,11,11,10,11,5,6,8,5,9,2,2,12,11,11,11,12,4,2,1,9,8,4,5,7,6,9,6,7,9,9,13,12,,,10,12,,,8,5,9,9,9,10,5,8,3,11,11,6,6,6,4,5,2,12,4,7,9,9,13,,8,,,8,7,5,3,8,7,7,7,3,3,6,3,12,13,7,13,12,3,6,6,7,6,7,3,13,4,8,7,1,5,5,2,2,5,3,1,13,11,14,9,,,3,5,,,8,9,9,7,9,7,5,3,7,6,4,2,12,13,13,3,3,3,7,4,2,5,11,14,,4,,,b'\x11\xe8\xe1I\xc9\xdc\xd2D\xaf\x82\x12\xdf\x17\xaeN\x1e'
11E8E149-C9DC-D244-AF82-12DF17AE4E1E,2019-ncaa-d1-natl,ncaa,122,180,21,153,31,97,89,36,219,64,32,233,186,161,251,253,126,105,271,101,236,42,44,246,258,209,274,251,196,21,64,72,70,37,78,140,257,191,86,160,225,266,247,276,,,326,308,,,111,58,280,234,199,168,110,126,77,249,237,211,175,173,128,169,55,193,92,233,92,282,287,,257,,,119,209,159,192,137,203,235,142,81,99,106,58,307,328,32,326,300,248,269,112,130,105,158,57,305,130,70,313,64,269,78,18,8,75,93,20,228,121,183,77,,,29,70,,,111,289,152,87,123,54,33,22,87,80,33,28,253,279,279,38,48,47,166,101,5,166,131,119,,80,,,b'\x11\xe8\xe1I\xc9\xdc\xd2D\xaf\x82\x12\xdf\x17\xaeN\x1e'
11E8E149-C9DC-D244-AF82-12DF17AE4E1E,2020-ncaa-d0-natl,ncaa,259,240,260,263,267,237,191,221,138,117,118,167,291,298,255,297,257,165,335,147,187,220,246,203,248,205,311,292,227,126,120,247,217,200,172,304,334,71,107,226,144,108,235,247,,,95,172,,,178,285,234,47,196,136,131,73,48,284,285,231,112,105,107,143,82,187,118,290,117,124,218,,166,,,179,90,127,85,196,191,185,178,52,46,155,55,117,137,83,124,136,86,68,164,154,175,57,63,174,167,217,134,120,138,172,54,52,229,190,116,73,93,36,28,,,294,282,,,178,59,181,191,185,158,196,166,247,264,78,58,164,191,183,163,153,224,209,228,81,197,108,53,,249,,,b'\x11\xe8\xe1I\xc9\xdc\xd2D\xaf\x82\x12\xdf\x17\xaeN\x1e'
11E8E149-C9DC-D244-AF82-12DF17AE4E1E,2020-ncaa-d1-conf-C-USA,ncaa,12,12,1,12,1,7,4,2,8,4,1,10,10,10,4,11,10,8,13,7,10,2,3,8,11,9,11,9,11,4,8,10,10,5,8,7,10,7,5,8,5,5,12,13,,,10,8,,,9,3,6,1,8,5,4,5,1,10,10,10,8,7,4,5,5,10,8,8,6,5,12,,8,,,9,10,10,9,10,13,12,8,4,1,8,1,10,11,7,11,8,9,9,8,8,9,3,2,10,10,10,10,8,9,8,6,3,7,7,7,5,3,6,4,,,11,14,,,9,10,8,8,9,9,8,7,13,11,4,1,10,10,10,6,9,10,9,9,5,7,4,6,,12,,,b'\x11\xe8\xe1I\xc9\xdc\xd2D\xaf\x82\x12\xdf\x17\xaeN\x1e'
11E8E149-C9DC-D244-AF82-12DF17AE4E1E,2020-ncaa-d1-conf-CUSA,ncaa,12,12,1,12,1,7,4,2,8,4,1,10,10,10,4,11,10,8,13,7,10,2,3,8,11,9,11,9,11,4,8,10,10,5,8,7,10,7,5,8,5,5,12,13,,,10,8,,,9,3,6,1,8,5,4,5,1,10,10,10,8,7,4,5,5,10,8,8,6,5,12,,8,,,9,10,10,9,10,13,12,8,4,1,8,1,10,11,7,11,8,9,9,8,8,9,3,2,10,10,10,10,8,9,8,6,3,7,7,7,5,3,6,4,,,11,14,,,9,10,8,8,9,9,8,7,13,11,4,1,10,10,10,6,9,10,9,9,5,7,4,6,,12,,,b'\x11\xe8\xe1I\xc9\xdc\xd2D\xaf\x82\x12\xdf\x17\xaeN\x1e'
11E8E149-C9DC-D244-AF82-12DF17AE4E1E,2020-ncaa-d1-natl,ncaa,238,257,45,249,65,129,81,59,137,39,31,131,278,243,303,286,208,88,334,84,196,54,76,203,247,202,321,304,248,26,72,115,213,49,119,256,337,132,81,205,85,87,168,200,,,155,133,,,141,128,227,75,168,101,86,48,40,289,266,229,118,110,79,110,43,152,57,281,111,103,190,,135,,,142,176,208,225,154,227,249,131,141,130,180,104,131,182,34,178,135,212,223,135,117,123,109,134,137,261,213,236,72,265,119,89,55,157,167,93,152,106,64,27,,,225,288,,,141,202,160,150,148,130,159,169,187,219,118,105,123,165,155,161,159,240,186,221,74,176,134,56,,249,,,b'\x11\xe8\xe1I\xc9\xdc\xd2D\xaf\x82\x12\xdf\x17\xaeN\x1e'
11E8E149-C9DC-D244-AF82-12DF17AE4E1E,2021-ncaa-d0-natl,ncaa,110,60,219,83,240,179,167,172,169,156,138,200,180,201,129,233,200,182,264,180,211,173,200,179,202,144,219,195,210,124,120,235,196,199,189,201,249,62,42,105,151,105,170,196,,,136,160,,,116,214,64,224,101,76,32,76,42,149,175,155,109,112,29,53,65,202,105,160,64,96,153,,206,,,116,119,121,111,210,195,178,225,36,58,19,19,213,191,285,198,206,117,124,128,164,132,21,7,293,120,196,159,120,141,189,63,17,161,107,42,108,106,102,66,,,229,254,,,116,135,120,121,115,183,187,163,293,283,12,32,291,262,267,198,255,177,280,257,47,84,147,120,,183,,,b'\x11\xe8\xe1I\xc9\xdc\xd2D\xaf\x82\x12\xdf\x17\xaeN\x1e'
11E8E149-C9DC-D244-AF82-12DF17AE4E1E,2021-ncaa-d1-conf-C-USA,ncaa,4,3,12,4,14,13,12,12,9,11,9,11,10,11,8,8,11,11,7,10,10,12,14,10,12,8,7,8,8,9,9,13,8,13,12,12,8,1,4,6,5,1,5,4,,,2,5,,,4,14,4,12,9,9,4,6,6,9,6,7,6,5,4,8,6,11,8,9,3,2,4,,3,,,4,1,1,1,3,2,3,6,1,1,1,3,5,4,14,4,9,1,1,3,3,1,4,1,13,1,8,4,9,3,12,1,2,9,2,1,5,9,5,7,,,14,12,,,4,1,8,1,3,4,3,5,6,7,1,2,9,7,7,4,6,6,11,10,2,1,9,6,,12,,,b'\x11\xe8\xe1I\xc9\xdc\xd2D\xaf\x82\x12\xdf\x17\xaeN\x1e'
11E8E149-C9DC-D244-AF82-12DF17AE4E1E,2021-ncaa-d1-conf-CUSA,ncaa,4,3,12,4,14,13,12,12,9,11,9,11,10,11,8,8,11,11,7,10,10,12,14,10,12,8,7,8,8,9,9,13,8,13,12,12,8,1,4,6,5,1,5,4,,,2,5,,,4,14,4,12,9,9,4,6,6,9,6,7,6,5,4,8,6,11,8,9,3,2,4,,3,,,4,1,1,1,3,2,3,6,1,1,1,3,5,4,14,4,9,1,1,3,3,1,4,1,13,1,8,4,9,3,12,1,2,9,2,1,5,9,5,7,,,14,12,,,4,1,8,1,3,4,3,5,6,7,1,2,9,7,7,4,6,6,11,10,2,1,9,6,,12,,,b'\x11\xe8\xe1I\xc9\xdc\xd2D\xaf\x82\x12\xdf\x17\xaeN\x1e'
11E8E149-C9DC-D244-AF82-12DF17AE4E1E,2021-ncaa-d1-natl,ncaa,119,60,231,84,248,194,181,196,176,172,152,209,183,208,132,231,209,194,263,192,213,196,219,188,207,145,214,195,209,143,126,244,204,218,194,216,249,56,42,108,164,109,186,200,,,117,163,,,128,224,67,225,103,82,35,77,44,150,174,153,111,114,33,60,69,208,112,167,64,99,155,,207,,,129,107,114,103,219,188,161,231,33,55,20,19,205,184,288,191,207,105,110,131,175,143,21,7,294,113,204,142,126,128,194,60,19,176,109,45,99,109,97,68,,,240,255,,,128,123,125,130,124,191,196,165,298,287,13,32,295,268,274,201,254,181,280,259,50,89,149,126,,185,,,b'\x11\xe8\xe1I\xc9\xdc\xd2D\xaf\x82\x12\xdf\x17\xaeN\x1e'
11E8E149-C9DC-D244-AF82-12DF17AE4E1E,2022-ncaa-d0-natl,ncaa,139,134,163,144,189,151,159,177,135,144,140,151,221,246,185,258,81,59,280,58,55,157,178,165,160,137,210,256,68,131,146,154,139,148,126,221,279,106,103,177,238,252,213,239,,,139,145,,,107,187,178,210,134,152,197,117,121,234,244,68,41,37,138,170,121,137,109,234,109,254,211,,145,,,106,121,167,154,188,240,233,200,24,59,38,46,135,171,55,169,135,157,170,143,126,120,24,23,165,142,139,181,146,157,126,19,2,161,150,33,163,172,83,60,,,30,2,,,107,175,131,113,104,133,172,141,256,258,27,51,131,167,168,152,167,157,198,173,13,156,175,75,,8,,,b'\x11\xe8\xe1I\xc9\xdc\xd2D\xaf\x82\x12\xdf\x17\xaeN\x1e'
11E8E149-C9DC-D244-AF82-12DF17AE4E1E,2022-ncaa-d1-conf-C-USA,ncaa,5,4,7,5,14,10,10,12,7,6,6,8,10,12,10,10,9,10,11,10,9,11,12,8,9,8,10,11,7,10,10,11,4,11,8,8,7,3,5,3,8,6,7,7,,,3,6,,,5,12,9,13,10,8,9,4,5,10,12,9,8,8,9,10,9,10,10,5,4,7,7,,4,,,5,2,6,2,10,9,9,7,1,1,6,2,2,2,2,2,4,1,2,9,8,5,1,1,4,2,4,6,10,2,8,1,2,7,5,1,4,6,3,4,,,5,1,,,5,3,8,4,5,5,6,4,10,10,2,1,4,4,4,3,3,3,9,5,1,6,5,4,,3,,,b'\x11\xe8\xe1I\xc9\xdc\xd2D\xaf\x82\x12\xdf\x17\xaeN\x1e'
11E8E149-C9DC-D244-AF82-12DF17AE4E1E,2022-ncaa-d1-conf-CUSA,ncaa,5,4,7,5,14,10,10,12,7,6,6,8,10,12,10,10,9,10,11,10,9,11,12,8,9,8,10,11,7,10,10,11,4,11,8,8,7,3,5,3,8,6,7,7,,,3,6,,,5,12,9,13,10,8,9,4,5,10,12,9,8,8,9,10,9,10,10,5,4,7,7,,4,,,5,2,6,2,10,9,9,7,1,1,6,2,2,2,2,2,4,1,2,9,8,5,1,1,4,2,4,6,10,2,8,1,2,7,5,1,4,6,3,4,,,5,1,,,5,3,8,4,5,5,6,4,10,10,2,1,4,4,4,3,3,3,9,5,1,6,5,4,,3,,,b'\x11\xe8\xe1I\xc9\xdc\xd2D\xaf\x82\x12\xdf\x17\xaeN\x1e'
11E8E149-C9DC-D244-AF82-12DF17AE4E1E,2022-ncaa-d1-natl,ncaa,135,134,146,146,178,148,169,185,128,134,143,145,214,236,185,250,74,46,292,46,41,152,166,149,153,142,206,254,65,129,143,148,146,136,123,237,294,118,112,190,255,267,214,253,,,144,135,,,108,184,172,210,137,156,199,115,130,232,240,63,33,32,135,161,121,133,106,249,118,260,218,,142,,,111,134,179,168,189,248,251,196,31,57,45,46,130,166,61,163,122,159,167,137,126,125,24,27,147,159,146,192,143,172,123,16,2,168,163,38,182,188,81,64,,,23,2,,,108,176,127,122,107,138,180,168,260,277,34,53,127,164,158,161,178,161,189,178,13,170,190,79,,7,,,b'\x11\xe8\xe1I\xc9\xdc\xd2D\xaf\x82\x12\xdf\x17\xaeN\x1e'
11E8E149-C9DC-D244-AF82-12DF17AE4E1E,2023-ncaa-d0-natl,ncaa,266,284,164,278,202,207,174,227,105,123,156,111,277,282,242,271,258,210,315,207,236,231,234,152,177,182,319,287,251,204,187,304,348,283,302,203,238,171,226,208,114,94,133,116,,,225,248,,,265,248,250,224,221,171,266,103,151,275,290,262,204,203,258,253,203,328,311,208,196,95,130,,254,,,260,227,230,139,292,235,146,299,171,159,215,169,230,222,195,223,248,152,166,289,290,275,163,160,201,315,348,124,187,213,302,181,125,158,137,160,280,306,42,40,,,203,140,,,265,119,185,312,259,261,253,146,253,148,190,166,236,234,241,170,197,322,143,246,194,141,287,40,,188,,,b'\x11\xe8\xe1I\xc9\xdc\xd2D\xaf\x82\x12\xdf\x17\xaeN\x1e'
11E8E149-C9DC-D244-AF82-12DF17AE4E1E,2023-ncaa-d1-conf-C-USA,ncaa,7,7,7,7,8,9,6,9,1,3,4,4,10,10,7,10,11,10,11,10,9,10,10,7,8,7,11,10,11,8,8,10,10,10,10,7,10,4,4,6,2,2,3,3,,,2,4,,,7,10,9,4,7,5,8,1,2,10,10,11,8,8,9,9,8,10,9,7,5,2,3,,3,,,7,4,4,2,7,4,2,7,8,6,9,8,5,5,6,5,5,2,2,9,7,7,8,9,4,9,10,6,8,6,10,5,6,4,4,5,6,7,1,1,,,11,8,,,7,2,6,9,7,7,7,5,4,5,9,8,5,5,5,4,5,10,8,8,7,3,6,1,,10,,,b'\x11\xe8\xe1I\xc9\xdc\xd2D\xaf\x82\x12\xdf\x17\xaeN\x1e'
11E8E149-C9DC-D244-AF82-12DF17AE4E1E,2023-ncaa-d1-conf-CUSA,ncaa,7,7,7,7,8,9,6,9,1,3,4,4,10,10,7,10,11,10,11,10,9,10,10,7,8,7,11,10,11,8,8,10,10,10,10,7,10,4,4,6,2,2,3,3,,,2,4,,,7,10,9,4,7,5,8,1,2,10,10,11,8,8,9,9,8,10,9,7,5,2,3,,3,,,7,4,4,2,7,4,2,7,8,6,9,8,5,5,6,5,5,2,2,9,7,7,8,9,4,9,10,6,8,6,10,5,6,4,4,5,6,7,1,1,,,11,8,,,7,2,6,9,7,7,7,5,4,5,9,8,5,5,5,4,5,10,8,8,7,3,6,1,,10,,,b'\x11\xe8\xe1I\xc9\xdc\xd2D\xaf\x82\x12\xdf\x17\xaeN\x1e'
11E8E149-C9DC-D244-AF82-12DF17AE4E1E,2023-ncaa-d1-natl,ncaa,265,284,151,285,187,221,190,243,111,139,166,119,272,280,240,271,243,192,319,195,212,244,230,163,181,196,312,285,230,199,179,300,353,282,301,222,254,200,244,235,124,119,142,137,,,239,261,,,283,240,244,224,232,194,272,113,155,280,292,244,187,189,262,248,201,326,302,229,215,118,144,,261,,,282,248,243,172,278,255,165,290,177,164,198,169,231,222,210,229,234,177,180,281,283,276,150,156,200,337,353,122,179,241,301,181,119,156,156,175,303,320,42,37,,,176,112,,,283,127,198,316,275,263,261,178,261,172,191,172,240,226,236,199,211,333,141,258,190,148,299,42,,164,,,b'\x11\xe8\xe1I\xc9\xdc\xd2D\xaf\x82\x12\xdf\x17\xaeN\x1e'
11E8E149-C9DC-D244-AF82-12DF17AE4E1E,2024-ncaa-d0-natl,ncaa,65,49,143,54,143,84,93,167,22,43,92,29,277,300,180,323,26,12,307,11,27,125,108,50,52,75,309,334,46,152,103,73,185,90,78,120,207,271,203,162,164,216,211,241,,,129,49,,,61,98,89,2,50,47,197,17,73,284,314,16,9,8,92,70,164,36,48,109,254,171,219,,114,,,61,193,230,297,61,231,235,157,208,318,15,296,70,139,2,148,115,283,281,58,33,47,117,216,51,292,185,79,103,163,78,149,88,130,195,126,333,313,220,151,,,13,7,,,61,270,80,66,58,184,223,326,223,256,202,335,75,141,148,314,319,293,66,152,136,128,329,211,,9,,,b'\x11\xe8\xe1I\xc9\xdc\xd2D\xaf\x82\x12\xdf\x17\xaeN\x1e'
11E8E149-C9DC-D244-AF82-12DF17AE4E1E,2024-ncaa-d1-conf-AAC,ncaa,2,1,8,2,8,3,2,11,1,2,8,1,12,13,9,12,3,2,9,2,4,9,8,1,1,2,13,12,4,10,6,3,5,8,2,6,12,7,10,8,9,9,13,12,,,1,1,,,2,8,6,1,1,1,10,1,6,12,12,3,1,1,6,6,8,2,4,4,9,8,13,,2,,,1,7,8,9,5,8,6,11,9,13,2,13,1,2,2,2,3,8,8,5,3,6,5,8,2,7,5,1,6,1,2,4,3,9,9,6,12,13,5,3,,,2,1,,,2,7,1,7,1,10,11,13,11,10,9,13,1,2,2,13,14,10,1,1,7,9,13,6,,1,,,b'\x11\xe8\xe1I\xc9\xdc\xd2D\xaf\x82\x12\xdf\x17\xaeN\x1e'
11E8E149-C9DC-D244-AF82-12DF17AE4E1E,2024-ncaa-d1-natl,ncaa,57,49,130,51,130,72,80,167,19,34,79,29,291,306,200,330,17,8,303,6,18,115,93,45,44,74,306,340,33,151,106,64,180,76,71,112,220,278,203,174,140,195,219,244,,,127,47,,,51,83,78,2,40,45,201,12,74,297,317,9,6,6,82,63,163,37,47,105,263,144,222,,119,,,49,191,233,298,63,226,241,167,220,324,18,300,78,160,1,168,137,287,297,61,32,40,128,229,57,291,180,76,106,166,71,141,90,108,169,112,341,319,209,138,,,11,4,,,51,286,79,54,52,184,219,323,211,240,210,338,81,152,161,316,325,291,62,149,136,102,336,204,,3,,,b'\x11\xe8\xe1I\xc9\xdc\xd2D\xaf\x82\x12\xdf\x17\xaeN\x1e'
11E8E149-C9DC-D244-AF82-12DF17AE4E1E,2025-ncaa-d0-natl,genius_ncaa,39,53,29,53,36,59,61,36,134,27,9,177,292,296,256,346,16,4,324,5,87,27,22,205,195,164,334,347,42,24,61,32,166,21,86,132,295,299,113,194,60,115,88,156,,,270,85,,297,73,32,49,62,88,84,69,26,14,325,336,23,5,6,31,31,37,42,18,196,186,93,123,,155,,251,76,263,282,338,47,295,328,79,195,296,31,167,173,222,23,228,100,332,342,37,27,26,103,144,110,327,166,326,61,330,86,162,52,32,87,36,304,160,362,356,,,4,19,,13,73,338,126,31,74,114,150,287,183,282,112,212,101,136,138,264,323,264,229,260,69,58,221,362,,8,,31,b'\x11\xe8\xe1I\xc9\xdc\xd2D\xaf\x82\x12\xdf\x17\xaeN\x1e'
11E8E149-C9DC-D244-AF82-12DF17AE4E1E,2025-ncaa-d1-conf-AAC,genius_ncaa,2,2,3,2,4,3,2,3,3,1,1,5,13,13,10,13,4,1,12,1,6,2,2,8,9,7,13,13,6,3,4,2,3,2,3,8,13,7,2,5,5,7,3,5,,,6,3,,4,3,3,4,4,2,1,2,1,1,13,13,3,1,1,1,1,2,1,1,9,4,5,4,,5,,3,3,4,5,10,1,6,10,2,7,9,1,8,6,7,2,7,8,10,11,1,1,1,5,7,6,8,3,8,4,9,3,1,3,4,6,1,8,7,13,13,,,1,1,,1,3,12,4,1,2,3,4,10,4,8,5,8,4,6,6,10,10,8,8,6,2,4,8,13,,1,,1,b'\x11\xe8\xe1I\xc9\xdc\xd2D\xaf\x82\x12\xdf\x17\xaeN\x1e'
11E8E149-C9DC-D244-AF82-12DF17AE4E1E,2025-ncaa-d1-natl,genius_ncaa,44,53,43,54,49,67,72,51,143,30,10,185,301,315,261,347,20,5,322,7,84,36,28,213,200,173,332,345,39,30,68,36,174,23,97,152,299,276,117,203,75,125,93,165,,,249,90,,288,87,37,50,59,91,92,74,30,16,329,339,22,6,7,33,36,39,47,21,203,185,102,129,,160,,256,90,240,268,334,58,289,322,85,180,281,33,166,158,210,26,214,103,326,334,47,32,31,104,139,109,316,174,315,68,323,97,144,53,43,98,49,288,168,362,356,,,4,18,,18,87,332,133,38,86,125,162,290,196,288,124,213,104,140,141,270,322,270,234,268,75,67,221,362,,7,,30,b'\x11\xe8\xe1I\xc9\xdc\xd2D\xaf\x82\x12\xdf\x17\xaeN\x1e'
11E8E149-C9DC-D244-AF82-12DF17AE4E1E,2026-ncaa-d0-natl,genius_ncaa,163,80,279,147,280,271,253,285,186,186,213,164,349,334,350,327,214,191,265,186,170,277,262,252,246,277,351,356,89,144,29,256,157,216,63,280,281,187,292,285,166,75,273,175,,,178,336,,333,123,281,137,7,188,162,129,63,38,352,316,108,78,75,104,29,26,90,37,225,323,62,236,,337,,362,121,30,18,49,52,16,21,119,89,154,73,330,93,116,72,114,304,48,73,66,74,41,325,284,266,71,157,45,29,44,63,37,203,154,34,39,184,264,119,142,,,150,30,,6,123,74,237,47,127,89,52,113,37,28,207,304,199,234,234,128,266,196,113,139,93,30,298,214,,8,,1,b'\x11\xe8\xe1I\xc9\xdc\xd2D\xaf\x82\x12\xdf\x17\xaeN\x1e'
11E8E149-C9DC-D244-AF82-12DF17AE4E1E,2026-ncaa-d1-natl,genius_ncaa,110,80,177,113,180,150,133,166,104,83,85,118,294,293,263,324,133,121,244,110,176,154,138,149,162,182,345,339,152,46,14,176,144,111,37,201,301,237,212,238,64,48,237,168,,,257,307,,338,64,184,140,11,91,69,75,29,24,294,294,97,76,69,61,25,22,117,34,175,284,51,241,,315,,357,58,51,36,87,47,15,33,77,218,262,111,340,99,127,64,130,272,88,147,73,69,24,342,331,197,128,144,67,14,92,37,83,244,59,19,26,192,176,139,86,,,44,31,,2,64,166,140,30,69,49,33,70,14,16,242,302,117,142,145,74,233,168,66,86,92,22,245,156,,8,,1,b'\x11\xe8\xe1I\xc9\xdc\xd2D\xaf\x82\x12\xdf\x17\xaeN\x1e'
11E8E149-C9E1-2178-AF82-12DF17AE4E1E,2010-ncaa-d0-natl,ncaa,197,224,122,217,106,162,181,180,180,217,306,37,78,21,304,11,162,201,79,196,49,173,164,143,134,165,64,66,181,201,200,211,308,208,268,282,328,233,238,298,84,88,246,263,,,114,69,,,223,155,259,1,171,200,200,250,329,74,17,169,213,209,211,187,213,265,259,310,221,77,252,,102,,,223,250,252,231,206,230,212,229,240,253,176,245,165,118,328,114,97,213,216,210,227,219,173,213,118,290,308,159,200,228,268,207,133,150,169,185,199,193,15,44,,,187,214,,,223,187,178,255,230,239,249,247,218,193,238,256,153,105,101,215,229,287,157,240,208,150,191,13,,214,,,b'\x11\xe8\xe1I\xc9\xe1!x\xaf\x82\x12\xdf\x17\xaeN\x1e'
11E8E149-C9E1-2178-AF82-12DF17AE4E1E,2010-ncaa-d1-conf-CAA,ncaa,8,8,6,8,6,6,7,10,5,10,12,1,3,1,8,1,7,7,6,7,2,8,8,2,5,6,2,2,8,11,11,6,8,8,10,11,11,8,9,12,6,4,8,10,,,4,2,,,9,6,9,3,7,8,11,11,12,3,1,8,8,8,11,10,11,6,9,11,7,5,9,,2,,,9,10,11,9,8,8,8,7,11,10,9,10,4,2,12,2,2,8,7,8,8,10,7,10,2,10,8,9,11,9,10,10,5,10,9,10,8,8,1,3,,,7,6,,,9,7,6,10,10,11,11,10,9,7,12,10,4,2,2,9,7,9,6,9,10,9,6,1,,6,,,b'\x11\xe8\xe1I\xc9\xe1!x\xaf\x82\x12\xdf\x17\xaeN\x1e'
11E8E149-C9E1-2178-AF82-12DF17AE4E1E,2010-ncaa-d1-natl,ncaa,206,223,134,223,115,176,192,194,185,233,321,37,84,24,306,11,169,209,79,201,48,188,179,147,134,167,61,65,177,214,206,235,314,230,274,300,329,228,239,306,93,89,248,266,,,99,73,,,228,168,259,1,177,208,203,254,330,75,17,168,214,209,214,188,219,267,263,314,223,83,252,,102,,,227,240,249,220,211,225,199,233,235,244,178,246,158,109,329,104,101,201,197,215,233,227,173,210,117,288,314,147,206,214,274,202,134,165,176,189,187,196,15,45,,,200,212,,,228,169,182,266,234,244,256,248,224,194,240,257,153,106,101,221,229,290,162,243,210,159,194,14,,216,,,b'\x11\xe8\xe1I\xc9\xe1!x\xaf\x82\x12\xdf\x17\xaeN\x1e'
11E8E149-C9E1-2178-AF82-12DF17AE4E1E,2011-ncaa-d0-natl,ncaa,282,301,170,288,224,250,237,254,180,275,321,115,83,47,218,13,317,323,168,323,240,280,262,137,164,222,73,28,315,292,279,311,334,317,323,249,232,265,303,281,104,90,205,221,,,104,102,,,286,233,207,257,262,244,265,290,327,71,27,324,333,332,304,271,297,328,332,257,277,88,200,,118,,,284,211,220,140,290,233,220,217,153,61,339,65,163,135,283,143,128,138,153,284,289,247,113,143,148,286,334,113,279,196,323,274,271,135,115,220,284,314,122,261,,,314,318,,,286,112,246,287,286,240,255,170,254,260,170,66,184,151,160,166,207,301,136,233,289,115,289,132,,329,,,b'\x11\xe8\xe1I\xc9\xe1!x\xaf\x82\x12\xdf\x17\xaeN\x1e'
11E8E149-C9E1-2178-AF82-12DF17AE4E1E,2011-ncaa-d1-conf-CAA,ncaa,10,10,8,10,10,11,11,12,8,12,12,3,4,2,8,1,12,12,7,12,8,12,11,4,9,10,3,2,12,11,12,11,12,12,12,8,5,10,12,9,6,6,5,7,,,1,3,,,12,10,9,8,11,10,11,11,12,2,1,12,12,11,11,11,11,11,12,7,12,6,5,,4,,,12,8,10,6,10,9,7,9,9,3,12,4,2,2,9,3,1,6,4,10,10,11,4,9,2,6,12,4,12,7,12,11,11,10,8,11,11,12,7,12,,,12,11,,,12,3,10,11,12,10,10,8,10,9,10,3,4,4,4,7,5,8,6,9,11,8,11,8,,12,,,b'\x11\xe8\xe1I\xc9\xe1!x\xaf\x82\x12\xdf\x17\xaeN\x1e'
11E8E149-C9E1-2178-AF82-12DF17AE4E1E,2011-ncaa-d1-natl,ncaa,289,301,199,297,260,265,251,277,187,293,328,119,89,52,217,13,322,333,168,332,239,304,292,140,166,226,68,26,316,305,280,323,335,329,325,261,235,256,306,284,119,98,217,225,,,84,102,,,291,264,211,260,265,247,268,291,328,71,29,325,334,333,304,272,299,329,332,259,278,91,205,,121,,,292,192,205,114,293,222,204,225,142,54,341,59,156,127,287,137,125,110,121,286,291,256,111,141,150,278,335,87,280,174,325,267,272,155,120,227,278,318,112,268,,,324,317,,,291,81,246,296,293,244,260,173,259,264,172,66,187,152,161,169,208,304,138,237,293,118,289,139,,328,,,b'\x11\xe8\xe1I\xc9\xe1!x\xaf\x82\x12\xdf\x17\xaeN\x1e'
11E8E149-C9E1-2178-AF82-12DF17AE4E1E,2012-ncaa-d0-natl,ncaa,279,288,163,287,218,177,208,259,108,304,333,56,18,21,59,8,224,250,91,243,27,266,260,39,45,83,8,9,243,258,202,283,327,289,291,154,78,160,245,153,262,270,189,173,,,128,143,,,268,251,242,252,154,199,276,322,335,11,16,232,259,251,280,269,263,295,308,127,187,268,191,,144,,,267,273,267,204,283,163,91,272,336,307,328,322,126,125,148,134,199,196,143,313,304,328,307,331,62,288,327,64,202,168,291,332,336,292,310,340,187,239,68,253,,,190,80,,,268,86,105,337,270,294,293,261,202,95,337,327,149,148,155,246,162,313,79,200,336,298,206,74,,167,,,b'\x11\xe8\xe1I\xc9\xe1!x\xaf\x82\x12\xdf\x17\xaeN\x1e'
11E8E149-C9E1-2178-AF82-12DF17AE4E1E,2012-ncaa-d1-conf-CAA,ncaa,10,10,8,10,10,10,11,12,7,12,12,5,1,1,3,1,12,12,5,12,1,12,12,2,2,3,1,1,12,11,10,10,8,12,10,7,3,6,10,7,12,12,5,5,,,5,9,,,8,11,9,8,7,10,11,12,12,1,1,10,11,11,11,11,11,9,11,6,8,12,5,,8,,,8,5,5,3,6,4,1,7,12,11,10,11,4,4,7,4,7,3,2,10,9,11,11,12,4,6,8,3,10,4,10,12,12,12,11,12,6,10,2,10,,,11,5,,,8,2,4,11,8,8,7,6,5,2,12,12,5,6,6,6,5,8,5,5,12,11,8,4,,8,,,b'\x11\xe8\xe1I\xc9\xe1!x\xaf\x82\x12\xdf\x17\xaeN\x1e'
11E8E149-C9E1-2178-AF82-12DF17AE4E1E,2012-ncaa-d1-natl,ncaa,286,288,196,289,260,198,228,286,118,322,338,62,19,22,60,8,243,275,91,267,27,290,292,39,46,86,7,8,240,280,208,303,330,310,299,174,81,138,249,158,277,280,201,177,,,102,142,,,274,284,243,251,162,207,277,323,336,11,16,233,261,252,282,274,268,296,311,133,192,273,194,,150,,,274,259,253,182,289,151,67,279,333,304,330,320,115,114,151,121,201,165,109,315,308,329,306,329,62,282,330,40,208,149,299,332,336,308,314,340,170,241,60,255,,,205,76,,,274,57,110,338,279,297,295,260,208,99,337,326,154,152,161,247,160,314,82,205,337,299,204,80,,165,,,b'\x11\xe8\xe1I\xc9\xe1!x\xaf\x82\x12\xdf\x17\xaeN\x1e'
11E8E149-C9E1-2178-AF82-12DF17AE4E1E,2013-ncaa-d0-natl,ncaa,128,105,183,123,185,122,137,212,69,246,311,76,21,47,12,28,197,232,96,222,65,217,215,25,32,55,23,20,268,214,121,245,267,236,176,141,158,176,205,143,64,45,154,116,,,151,150,,,87,208,195,51,73,101,197,252,313,11,28,193,226,214,201,193,200,241,233,106,203,47,151,,177,,,83,138,115,129,162,87,62,195,231,244,140,288,157,150,215,150,217,127,161,187,201,140,272,265,184,215,267,49,121,94,176,189,258,109,81,136,219,246,73,175,,,225,214,,,87,152,56,157,81,176,153,152,112,79,259,274,190,172,169,154,204,239,58,114,213,88,231,88,,215,,,b'\x11\xe8\xe1I\xc9\xe1!x\xaf\x82\x12\xdf\x17\xaeN\x1e'
11E8E149-C9E1-2178-AF82-12DF17AE4E1E,2013-ncaa-d1-conf-CAA,ncaa,4,5,6,5,6,5,5,5,4,9,10,3,1,1,3,1,7,8,4,8,3,5,4,2,2,3,1,2,7,9,8,8,8,10,9,5,7,6,6,7,1,2,4,4,,,8,5,,,5,3,3,1,3,4,5,9,9,1,1,7,8,8,6,4,8,8,9,6,6,1,4,,7,,,5,9,8,8,9,9,7,10,7,8,6,7,7,9,5,9,8,8,10,9,8,6,4,5,7,8,8,7,8,8,9,8,5,1,1,3,11,9,4,8,,,6,6,,,5,10,4,6,4,10,10,9,8,7,8,9,8,8,9,9,10,9,6,6,9,1,11,6,,6,,,b'\x11\xe8\xe1I\xc9\xe1!x\xaf\x82\x12\xdf\x17\xaeN\x1e'
11E8E149-C9E1-2178-AF82-12DF17AE4E1E,2013-ncaa-d1-natl,ncaa,135,104,210,126,214,132,145,234,70,264,319,79,22,51,12,28,209,243,96,235,61,240,242,26,33,55,23,20,267,235,129,269,274,268,180,151,161,159,207,148,72,46,166,119,,,135,154,,,100,241,196,48,73,104,199,255,313,12,28,192,225,213,208,196,206,247,241,111,202,47,154,,178,,,96,122,101,99,165,79,50,200,220,233,148,287,151,141,214,134,217,95,132,191,208,150,271,264,186,205,274,35,129,68,180,179,258,123,89,145,205,246,68,181,,,238,209,,,100,120,55,164,91,181,156,153,113,81,259,271,194,178,170,156,202,240,59,118,217,93,231,86,,213,,,b'\x11\xe8\xe1I\xc9\xe1!x\xaf\x82\x12\xdf\x17\xaeN\x1e'
11E8E149-C9E1-2178-AF82-12DF17AE4E1E,2014-ncaa-d0-natl,ncaa,221,224,180,231,201,241,256,277,186,309,323,160,67,82,95,38,274,309,49,309,167,288,278,108,113,166,43,38,254,246,175,291,298,289,240,274,256,198,281,278,176,150,195,175,,,68,98,,,224,277,298,110,247,259,287,312,318,56,64,273,310,310,303,289,247,308,306,278,231,163,195,,71,,,222,132,141,106,248,127,86,257,215,188,238,241,96,91,242,87,146,89,93,267,257,241,194,247,119,203,298,48,175,96,240,275,325,194,153,273,199,266,63,190,,,283,209,,,224,70,182,270,227,173,194,113,174,84,234,215,123,103,101,93,95,227,68,126,299,186,225,65,,285,,,b'\x11\xe8\xe1I\xc9\xe1!x\xaf\x82\x12\xdf\x17\xaeN\x1e'
11E8E149-C9E1-2178-AF82-12DF17AE4E1E,2014-ncaa-d1-conf-CAA,ncaa,7,7,6,7,7,7,8,9,3,9,9,3,3,3,3,1,6,7,2,7,1,9,8,3,2,3,1,1,6,7,6,8,8,8,6,7,7,7,9,7,7,7,6,4,,,1,3,,,6,9,7,2,7,8,9,9,9,2,1,5,7,7,9,8,7,7,6,7,8,7,5,,3,,,6,5,5,2,6,4,3,7,9,5,8,6,4,3,7,3,4,2,3,7,7,7,6,7,4,6,8,1,6,1,6,8,7,7,7,8,8,9,2,7,,,6,1,,,6,1,4,8,6,6,5,4,5,5,9,6,6,5,5,4,4,7,1,2,8,7,9,3,,5,,,b'\x11\xe8\xe1I\xc9\xe1!x\xaf\x82\x12\xdf\x17\xaeN\x1e'
11E8E149-C9E1-2178-AF82-12DF17AE4E1E,2014-ncaa-d1-natl,ncaa,230,223,211,235,236,261,274,300,193,320,329,163,75,87,99,39,284,315,48,316,168,311,308,115,116,175,42,38,257,262,184,308,302,307,245,292,262,184,281,280,192,154,206,177,,,50,102,,,231,305,299,94,256,262,288,316,319,57,63,276,310,311,304,291,250,313,308,283,231,168,202,,75,,,231,109,129,79,256,116,61,266,205,177,243,241,93,79,248,76,150,62,59,276,268,248,194,247,119,184,302,33,184,73,245,268,326,214,161,278,188,269,57,201,,,305,210,,,231,39,187,281,236,179,201,117,179,83,235,216,125,104,102,94,92,236,69,126,302,192,225,70,,284,,,b'\x11\xe8\xe1I\xc9\xe1!x\xaf\x82\x12\xdf\x17\xaeN\x1e'
11E8E149-C9E1-2178-AF82-12DF17AE4E1E,2015-ncaa-d0-natl,ncaa,331,329,243,333,247,266,262,284,190,284,298,196,141,148,110,87,300,313,145,304,223,299,281,147,169,221,107,75,279,246,202,271,167,278,196,240,169,211,288,252,320,321,314,306,,,112,198,,,292,282,267,29,247,244,264,274,286,110,118,291,304,298,288,255,231,240,267,218,265,320,313,,154,,,291,193,191,101,300,157,75,293,261,201,316,255,147,127,263,123,193,88,64,318,316,329,229,273,126,73,167,63,202,55,196,269,293,282,251,306,273,317,95,189,,,250,161,,,292,65,227,316,293,275,275,170,232,119,294,248,183,159,159,163,108,116,121,111,313,266,300,119,,199,,,b'\x11\xe8\xe1I\xc9\xe1!x\xaf\x82\x12\xdf\x17\xaeN\x1e'
11E8E149-C9E1-2178-AF82-12DF17AE4E1E,2015-ncaa-d1-conf-CAA,ncaa,10,10,6,10,7,8,10,10,7,10,10,7,4,4,5,3,7,9,5,9,6,9,9,4,5,9,3,3,7,7,6,7,6,7,5,7,5,9,10,9,10,10,10,9,,,5,8,,,9,9,7,2,8,10,9,9,8,4,3,7,9,9,9,8,7,7,6,7,10,10,10,,6,,,9,9,7,2,8,3,3,9,9,9,10,9,5,5,8,5,8,2,2,9,9,10,10,10,4,2,6,1,6,1,5,8,7,9,8,8,10,10,5,8,,,5,5,,,9,2,8,9,9,9,8,5,7,3,9,9,6,7,7,4,4,3,3,2,9,8,10,6,,5,,,b'\x11\xe8\xe1I\xc9\xe1!x\xaf\x82\x12\xdf\x17\xaeN\x1e'
11E8E149-C9E1-2178-AF82-12DF17AE4E1E,2015-ncaa-d1-natl,ncaa,336,328,298,336,303,290,290,314,196,312,322,203,148,158,110,86,316,322,136,317,223,327,319,156,173,227,104,72,275,271,209,303,176,309,203,265,172,192,293,261,330,324,320,308,,,82,200,,,293,317,268,26,262,255,272,278,291,113,119,291,307,300,292,255,238,252,277,227,266,323,314,,157,,,294,169,171,64,303,134,53,300,249,188,316,256,126,109,266,104,195,51,30,322,321,329,226,271,124,53,176,41,209,33,203,259,294,301,257,310,254,320,86,197,,,275,156,,,293,35,238,322,295,284,281,173,248,119,295,250,188,162,161,167,107,116,128,115,315,270,303,123,,197,,,b'\x11\xe8\xe1I\xc9\xe1!x\xaf\x82\x12\xdf\x17\xaeN\x1e'
11E8E149-C9E1-2178-AF82-12DF17AE4E1E,2016-ncaa-d0-natl,ncaa,164,181,114,173,133,187,174,170,182,224,254,148,97,76,181,55,293,308,107,313,287,209,200,146,166,184,122,64,309,109,78,131,142,112,72,176,161,195,221,182,260,264,240,231,,,85,98,,,191,242,304,126,226,201,207,248,276,91,73,308,324,326,260,259,117,135,117,198,187,280,246,,67,,,187,152,184,213,148,122,123,177,277,294,181,313,47,56,130,52,83,173,133,183,139,206,235,313,48,177,142,90,78,110,72,281,316,280,290,320,282,295,223,273,,,238,253,,,191,122,159,218,185,140,170,185,113,82,273,298,45,46,45,140,62,155,65,80,270,306,262,213,,289,,,b'\x11\xe8\xe1I\xc9\xe1!x\xaf\x82\x12\xdf\x17\xaeN\x1e'
11E8E149-C9E1-2178-AF82-12DF17AE4E1E,2016-ncaa-d1-conf-CAA,ncaa,6,6,3,6,4,3,3,6,1,6,8,1,3,3,3,2,7,7,3,7,5,7,5,2,1,2,2,2,9,3,3,4,4,4,3,4,4,9,10,5,8,9,8,9,,,4,4,,,6,5,8,4,2,2,9,8,9,2,3,7,8,8,9,7,3,6,5,4,9,9,8,,4,,,6,9,9,10,7,7,4,7,9,10,7,10,5,4,9,4,4,8,6,7,7,8,9,10,2,6,4,1,3,1,3,9,8,10,10,10,10,10,6,7,,,5,6,,,6,7,3,7,6,7,8,10,5,3,9,10,5,3,3,9,4,5,1,2,9,10,10,6,,5,,,b'\x11\xe8\xe1I\xc9\xe1!x\xaf\x82\x12\xdf\x17\xaeN\x1e'
11E8E149-C9E1-2178-AF82-12DF17AE4E1E,2016-ncaa-d1-natl,ncaa,174,179,142,184,162,215,202,206,192,251,276,153,106,85,181,54,303,321,104,322,285,238,239,156,169,194,116,64,306,132,83,158,148,141,77,204,166,168,223,188,281,269,253,235,,,66,105,,,204,283,308,117,237,214,217,256,283,93,73,307,325,327,265,261,122,146,123,206,185,286,250,,68,,,200,130,164,184,159,104,90,187,268,282,191,311,37,49,133,45,84,141,90,194,156,220,235,308,50,144,148,65,83,73,77,272,316,304,295,325,268,297,215,279,,,264,247,,,204,78,167,227,196,154,180,187,123,87,273,297,46,49,46,144,62,157,67,83,276,310,265,224,,292,,,b'\x11\xe8\xe1I\xc9\xe1!x\xaf\x82\x12\xdf\x17\xaeN\x1e'
11E8E149-C9E1-2178-AF82-12DF17AE4E1E,2017-ncaa-d0-natl,ncaa,217,247,116,237,130,233,247,179,300,295,240,314,108,106,133,91,247,230,246,230,184,195,184,273,285,273,45,46,219,130,156,143,173,136,174,210,121,214,224,227,284,296,313,316,,,128,140,,,272,199,288,119,289,293,231,329,277,105,106,275,258,263,240,245,135,171,152,228,202,301,322,,100,,,267,202,231,216,211,187,157,249,254,268,158,294,79,78,138,70,94,191,148,220,204,260,169,267,61,190,173,238,156,225,174,262,243,273,268,304,281,285,227,265,,,216,229,,,272,143,258,265,274,187,216,192,189,111,251,279,74,73,71,151,73,166,206,206,259,295,272,224,,256,,,b'\x11\xe8\xe1I\xc9\xe1!x\xaf\x82\x12\xdf\x17\xaeN\x1e'
11E8E149-C9E1-2178-AF82-12DF17AE4E1E,2017-ncaa-d1-conf-CAA,ncaa,6,6,7,6,7,8,8,9,7,10,9,9,3,4,2,3,7,7,6,7,5,9,7,7,6,7,2,2,6,6,4,5,5,5,3,7,4,7,9,8,10,10,10,10,,,3,4,,,7,9,7,2,8,8,7,10,9,2,4,7,7,7,7,6,6,4,4,7,8,9,10,,3,,,7,3,6,4,4,6,3,5,8,10,5,10,2,1,7,1,3,4,1,4,4,7,3,8,2,3,5,3,4,3,3,6,6,10,10,10,10,10,6,9,,,8,7,,,7,2,7,8,7,5,7,9,7,6,8,10,2,2,2,9,3,7,6,6,7,10,10,7,,7,,,b'\x11\xe8\xe1I\xc9\xe1!x\xaf\x82\x12\xdf\x17\xaeN\x1e'
11E8E149-C9E1-2178-AF82-12DF17AE4E1E,2017-ncaa-d1-natl,ncaa,236,247,144,247,161,277,284,221,305,317,269,321,119,123,138,86,276,252,246,254,192,243,234,276,289,283,42,48,213,156,169,188,178,174,189,235,124,190,228,237,304,301,321,318,,,96,144,,,284,261,292,118,295,297,237,331,281,108,105,281,263,266,252,252,145,186,160,235,206,308,323,,103,,,283,169,203,179,222,171,115,259,244,253,168,291,61,61,146,56,93,145,89,235,212,272,168,269,61,161,178,212,169,195,189,253,249,296,274,306,268,289,223,272,,,246,231,,,284,82,267,277,290,194,222,196,195,112,254,278,74,75,75,156,71,169,211,212,266,301,272,229,,258,,,b'\x11\xe8\xe1I\xc9\xe1!x\xaf\x82\x12\xdf\x17\xaeN\x1e'
11E8E149-C9E1-2178-AF82-12DF17AE4E1E,2018-ncaa-d0-natl,ncaa,149,162,117,167,139,192,191,137,267,290,271,296,33,36,76,30,313,294,298,290,231,163,160,171,232,229,21,10,331,96,140,179,100,145,141,123,50,175,178,135,200,184,296,285,,,74,98,,,153,185,270,217,222,218,136,321,298,35,28,325,312,305,189,200,99,220,157,122,167,212,308,,56,,,155,106,128,119,212,155,99,280,130,182,53,247,89,115,61,112,180,100,125,197,173,141,118,172,119,76,100,213,140,156,141,167,191,153,122,148,193,197,241,297,,,209,213,,,153,150,196,120,165,84,118,67,144,45,125,170,82,113,116,58,58,64,196,138,148,162,178,228,,219,,,b'\x11\xe8\xe1I\xc9\xe1!x\xaf\x82\x12\xdf\x17\xaeN\x1e'
11E8E149-C9E1-2178-AF82-12DF17AE4E1E,2018-ncaa-d1-conf-CAA,ncaa,5,4,7,5,8,8,9,9,8,10,10,8,1,1,2,1,8,8,8,8,7,9,9,5,7,7,1,1,8,7,6,7,5,8,7,8,4,3,4,6,7,5,10,8,,,1,3,,,5,10,9,6,7,9,7,9,10,1,1,8,8,8,8,8,5,5,6,7,4,7,9,,2,,,5,2,3,1,5,5,1,8,3,6,1,10,1,3,2,3,7,1,1,5,5,5,5,5,3,2,5,3,6,1,7,2,6,5,2,4,3,5,8,8,,,6,4,,,5,1,5,5,5,3,5,2,5,2,3,6,2,3,3,2,2,2,5,4,5,5,4,8,,5,,,b'\x11\xe8\xe1I\xc9\xe1!x\xaf\x82\x12\xdf\x17\xaeN\x1e'
11E8E149-C9E1-2178-AF82-12DF17AE4E1E,2018-ncaa-d1-natl,ncaa,169,162,144,175,178,227,223,172,278,312,291,305,38,39,78,30,323,309,293,306,234,201,209,186,243,235,21,10,331,117,148,225,107,188,153,140,53,148,182,144,224,196,305,287,,,46,101,,,178,240,273,203,238,237,147,328,300,34,29,325,313,308,198,216,109,231,172,130,168,218,310,,59,,,178,79,109,74,228,133,63,288,109,160,59,241,73,88,67,89,179,59,67,210,181,159,114,172,119,55,107,189,148,125,153,153,191,174,131,160,172,201,230,307,,,236,210,,,178,94,205,131,189,91,131,68,154,47,123,169,88,116,119,59,54,63,198,145,159,165,181,229,,221,,,b'\x11\xe8\xe1I\xc9\xe1!x\xaf\x82\x12\xdf\x17\xaeN\x1e'
11E8E149-C9E1-2178-AF82-12DF17AE4E1E,2019-ncaa-d0-natl,ncaa,95,93,80,103,94,72,95,128,78,139,159,130,62,118,22,148,40,65,68,74,72,111,88,63,50,78,66,105,92,107,80,142,139,121,86,64,47,289,218,128,221,259,308,320,,,243,195,,,112,94,144,128,81,120,212,179,227,73,137,48,83,97,177,143,133,208,174,71,241,250,321,,197,,,112,268,266,225,248,254,208,254,243,226,236,208,217,185,272,189,154,233,260,259,261,215,174,200,157,152,139,101,80,107,86,257,197,77,99,157,304,262,256,246,,,37,38,,,112,265,79,198,108,209,225,137,211,144,213,174,176,146,146,128,185,104,51,54,218,103,268,234,,32,,,b'\x11\xe8\xe1I\xc9\xe1!x\xaf\x82\x12\xdf\x17\xaeN\x1e'
11E8E149-C9E1-2178-AF82-12DF17AE4E1E,2019-ncaa-d1-conf-CAA,ncaa,6,6,4,6,5,1,3,5,2,4,7,3,2,3,2,3,2,2,3,2,2,2,3,2,2,2,2,2,3,4,4,4,2,4,4,3,3,7,6,4,6,7,8,8,,,5,5,,,5,3,2,5,1,2,5,6,7,2,3,1,3,3,4,3,5,5,5,3,8,7,8,,5,,,6,8,9,7,10,8,6,10,10,9,9,8,5,5,7,5,5,6,7,10,10,8,5,8,2,2,2,3,4,2,4,9,7,1,2,7,8,7,7,7,,,2,2,,,5,8,2,6,5,9,9,5,8,4,10,8,5,5,5,4,7,1,2,2,9,1,7,7,,1,,,b'\x11\xe8\xe1I\xc9\xe1!x\xaf\x82\x12\xdf\x17\xaeN\x1e'
11E8E149-C9E1-2178-AF82-12DF17AE4E1E,2019-ncaa-d1-natl,ncaa,106,92,107,105,127,94,115,173,85,169,200,139,78,128,24,145,56,92,71,103,70,156,130,66,53,82,62,104,83,134,89,186,145,162,92,79,51,269,231,137,251,267,316,324,,,211,194,,,131,137,150,125,86,128,220,197,230,75,141,47,90,102,191,149,141,219,186,79,240,264,326,,200,,,130,248,244,192,265,237,171,270,228,199,254,203,195,164,275,166,157,189,210,271,276,234,171,197,162,115,145,63,89,72,92,238,203,104,107,175,288,271,245,253,,,54,36,,,131,224,88,220,126,222,238,139,221,147,213,174,179,155,152,133,180,108,53,55,228,107,273,238,,31,,,b'\x11\xe8\xe1I\xc9\xe1!x\xaf\x82\x12\xdf\x17\xaeN\x1e'
11E8E149-C9E1-2178-AF82-12DF17AE4E1E,2020-ncaa-d0-natl,ncaa,197,195,191,205,214,235,253,312,121,237,293,101,200,204,189,153,127,75,276,77,22,282,232,124,129,225,125,176,63,172,94,324,304,290,202,194,109,310,337,274,91,77,269,231,,,233,270,,,240,249,225,111,224,253,328,244,296,192,190,109,75,74,299,209,160,335,306,186,320,86,272,,251,,,239,177,150,65,278,93,24,312,256,264,217,314,214,191,273,200,300,75,127,302,310,236,297,276,232,193,304,33,94,64,202,202,228,63,43,103,300,320,82,166,,,37,13,,,240,115,214,254,239,214,163,64,103,19,280,276,227,212,220,77,158,211,45,74,221,52,309,94,,22,,,b'\x11\xe8\xe1I\xc9\xe1!x\xaf\x82\x12\xdf\x17\xaeN\x1e'
11E8E149-C9E1-2178-AF82-12DF17AE4E1E,2020-ncaa-d1-conf-CAA,ncaa,4,4,5,4,6,8,10,10,3,8,10,2,6,6,4,5,6,4,6,4,1,10,8,3,3,6,4,4,4,7,4,9,9,8,4,3,3,9,9,7,5,4,8,8,,,3,5,,,7,8,5,3,6,7,10,8,10,6,5,4,2,2,9,6,6,8,8,3,9,5,8,,4,,,7,4,4,5,5,3,2,8,7,9,3,9,4,4,6,5,7,2,4,6,7,6,9,8,4,6,9,1,4,1,4,6,6,4,2,6,9,9,3,5,,,2,1,,,7,3,6,7,6,5,5,6,5,2,8,9,5,4,6,4,7,6,1,1,6,2,9,3,,1,,,b'\x11\xe8\xe1I\xc9\xe1!x\xaf\x82\x12\xdf\x17\xaeN\x1e'
11E8E149-C9E1-2178-AF82-12DF17AE4E1E,2020-ncaa-d1-natl,ncaa,214,195,257,214,270,263,292,338,130,281,310,109,215,218,194,155,151,94,275,94,21,322,284,131,135,230,121,178,63,200,99,337,310,321,214,227,112,300,339,282,113,82,278,237,,,206,273,,,260,296,231,97,235,270,331,255,298,196,192,111,76,70,305,217,169,336,315,195,322,97,272,,257,,,261,144,123,42,289,80,13,314,247,242,225,312,202,174,279,181,301,46,75,309,317,251,299,278,230,178,310,21,99,46,214,188,231,86,44,112,293,323,73,170,,,53,10,,,260,64,222,264,254,221,173,65,112,22,284,275,230,219,222,77,155,211,46,78,222,58,311,93,,23,,,b'\x11\xe8\xe1I\xc9\xe1!x\xaf\x82\x12\xdf\x17\xaeN\x1e'
11E8E149-C9E1-2178-AF82-12DF17AE4E1E,2021-ncaa-d0-natl,ncaa,225,227,219,238,240,229,225,259,109,252,278,106,131,158,70,51,272,290,95,290,246,269,257,79,86,157,81,38,285,250,186,272,317,272,272,154,34,171,298,159,230,215,324,331,,,125,224,,,205,256,280,224,224,202,292,266,307,75,101,285,306,306,316,297,250,303,311,92,257,220,332,,197,,,203,110,99,94,179,92,97,122,177,125,297,201,164,177,116,173,278,94,101,209,219,185,299,255,249,199,317,72,186,100,272,163,299,200,123,193,175,270,96,183,,,219,88,,,205,87,165,240,207,161,119,83,79,72,242,169,227,248,244,100,114,281,51,132,228,138,240,110,,154,,,b'\x11\xe8\xe1I\xc9\xe1!x\xaf\x82\x12\xdf\x17\xaeN\x1e'
11E8E149-C9E1-2178-AF82-12DF17AE4E1E,2021-ncaa-d1-conf-CAA,ncaa,5,9,2,7,4,5,5,5,1,5,7,1,1,2,2,1,7,6,6,6,9,5,4,1,2,4,1,1,10,7,7,5,7,5,7,1,1,9,9,2,4,6,10,10,,,8,7,,,7,4,8,8,6,5,9,10,10,1,3,10,9,9,10,8,8,8,8,1,7,7,10,,4,,,7,8,7,5,8,5,7,5,10,6,9,7,9,9,3,9,10,7,8,9,9,9,9,8,9,7,7,8,7,8,7,10,10,3,6,7,9,8,8,7,,,5,5,,,7,7,6,10,7,6,4,1,2,2,8,4,8,9,9,4,3,6,2,4,10,6,8,5,,8,,,b'\x11\xe8\xe1I\xc9\xe1!x\xaf\x82\x12\xdf\x17\xaeN\x1e'
11E8E149-C9E1-2178-AF82-12DF17AE4E1E,2021-ncaa-d1-natl,ncaa,230,225,231,246,248,240,240,265,113,266,286,111,140,165,72,51,281,298,88,298,244,277,265,81,89,160,79,38,284,264,192,278,318,280,280,175,33,160,300,162,240,223,325,331,,,112,228,,,220,266,283,225,231,209,297,274,311,75,101,285,309,310,319,301,255,304,315,97,263,226,332,,196,,,217,100,90,86,185,86,84,128,169,113,300,197,157,166,118,161,277,89,91,221,230,198,299,253,253,186,318,67,192,92,280,145,298,219,126,204,167,273,94,188,,,231,85,,,220,77,170,249,218,167,124,82,82,74,242,168,231,251,246,103,113,284,52,135,232,146,243,116,,155,,,b'\x11\xe8\xe1I\xc9\xe1!x\xaf\x82\x12\xdf\x17\xaeN\x1e'
11E8E149-C9E1-2178-AF82-12DF17AE4E1E,2022-ncaa-d0-natl,ncaa,174,245,52,218,67,122,104,102,121,72,89,107,194,162,261,204,190,222,86,225,304,113,84,155,162,212,282,246,254,114,83,135,227,121,112,188,309,329,287,290,91,131,230,263,,,328,297,,,194,76,176,246,213,161,222,112,158,248,226,263,287,289,250,182,182,258,238,262,284,139,271,,284,,,193,265,206,268,86,166,235,89,267,286,148,220,318,322,188,319,284,284,285,102,133,138,292,216,298,275,227,119,83,172,112,155,111,106,176,99,334,296,66,25,,,117,206,,,194,282,215,138,191,142,89,134,77,113,188,215,274,281,280,172,181,191,14,43,84,180,289,26,,207,,,b'\x11\xe8\xe1I\xc9\xe1!x\xaf\x82\x12\xdf\x17\xaeN\x1e'
11E8E149-C9E1-2178-AF82-12DF17AE4E1E,2022-ncaa-d1-conf-CAA,ncaa,7,7,6,7,9,5,5,5,2,5,6,2,8,6,7,5,7,8,3,8,6,5,5,5,6,7,6,6,6,6,4,6,4,6,4,7,8,7,6,8,7,6,6,5,,,10,10,,,6,6,4,7,6,5,5,5,5,7,5,6,6,6,6,4,5,4,5,7,7,7,5,,10,,,6,3,1,4,2,1,5,2,7,6,9,6,10,10,5,10,9,5,4,4,4,6,10,7,10,2,4,2,4,2,4,1,3,9,9,5,8,8,3,4,,,7,4,,,6,5,7,4,6,6,2,5,2,5,7,7,10,10,10,7,6,3,1,2,2,9,9,3,,6,,,b'\x11\xe8\xe1I\xc9\xe1!x\xaf\x82\x12\xdf\x17\xaeN\x1e'
11E8E149-C9E1-2178-AF82-12DF17AE4E1E,2022-ncaa-d1-natl,ncaa,199,245,67,228,83,155,127,126,134,91,111,118,211,185,268,208,214,249,89,252,305,144,107,167,167,227,280,246,248,139,92,168,238,157,121,223,313,324,295,302,115,148,249,273,,,321,301,,,215,101,180,240,230,180,229,124,171,253,229,265,291,290,261,190,194,268,257,275,285,156,278,,287,,,215,238,182,242,95,149,205,98,247,274,160,216,311,314,201,310,286,271,262,117,145,149,294,218,298,260,238,76,92,131,121,141,113,132,190,117,329,305,55,24,,,135,203,,,215,253,234,149,214,156,100,137,84,115,196,212,279,282,283,173,177,193,15,48,90,197,294,30,,204,,,b'\x11\xe8\xe1I\xc9\xe1!x\xaf\x82\x12\xdf\x17\xaeN\x1e'
11E8E149-C9E1-2178-AF82-12DF17AE4E1E,2023-ncaa-d0-natl,ncaa,102,91,116,104,146,143,99,157,41,76,121,46,204,232,141,232,274,277,214,271,323,179,119,66,95,164,321,236,334,130,59,109,212,114,64,145,235,343,330,253,67,68,155,159,,,233,187,,,112,123,129,240,145,82,217,57,144,218,250,303,302,296,244,130,146,95,95,147,333,62,162,,212,,,112,158,143,237,56,89,200,49,264,258,218,249,126,126,149,124,126,224,248,81,71,50,280,297,143,287,212,32,59,100,64,201,233,78,89,96,340,330,57,35,,,259,325,,,112,241,162,70,108,111,111,228,72,165,255,250,115,116,122,207,262,273,18,71,183,79,333,39,,305,,,b'\x11\xe8\xe1I\xc9\xe1!x\xaf\x82\x12\xdf\x17\xaeN\x1e'
11E8E149-C9E1-2178-AF82-12DF17AE4E1E,2023-ncaa-d1-conf-CAA,ncaa,2,1,4,2,5,3,1,7,1,1,3,1,7,8,2,8,9,8,13,8,8,7,4,1,1,4,9,8,12,5,1,3,3,3,2,3,6,10,10,6,2,2,3,4,,,9,7,,,1,4,3,7,1,1,7,1,6,7,7,11,8,8,7,4,6,1,3,2,12,2,3,,10,,,1,5,4,10,1,4,8,1,11,11,8,10,8,9,7,9,7,9,11,1,1,1,12,12,10,9,3,3,1,3,2,6,6,3,6,2,12,11,3,3,,,10,11,,,1,10,4,1,1,4,2,11,3,9,11,11,9,8,9,12,11,8,1,3,4,4,13,3,,9,,,b'\x11\xe8\xe1I\xc9\xe1!x\xaf\x82\x12\xdf\x17\xaeN\x1e'
11E8E149-C9E1-2178-AF82-12DF17AE4E1E,2023-ncaa-d1-natl,ncaa,114,91,151,111,188,175,120,208,41,88,152,49,221,254,144,232,294,300,211,296,326,232,160,71,97,170,320,234,332,157,63,141,225,138,71,173,243,334,332,268,84,83,170,164,,,207,192,,,138,167,133,228,161,86,235,62,146,223,255,305,306,303,253,141,158,101,110,154,334,77,166,,219,,,137,114,100,204,65,69,156,54,250,241,231,247,104,111,154,111,124,189,219,88,78,60,280,297,137,263,225,13,63,70,71,186,231,102,99,112,334,334,48,40,,,286,324,,,138,201,175,82,133,120,120,229,82,162,261,254,115,118,121,213,259,277,18,76,191,88,335,46,,307,,,b'\x11\xe8\xe1I\xc9\xe1!x\xaf\x82\x12\xdf\x17\xaeN\x1e'
11E8E149-C9E1-2178-AF82-12DF17AE4E1E,2024-ncaa-d0-natl,ncaa,264,209,325,253,336,338,324,358,139,337,350,148,201,248,93,84,357,345,350,346,215,358,357,113,161,221,135,64,337,339,265,336,340,351,308,241,71,126,328,227,322,266,279,218,,,15,69,,,277,355,329,157,308,276,344,312,331,142,175,349,321,320,348,337,310,298,332,167,262,277,247,,66,,,282,32,55,46,183,34,20,249,170,207,113,333,19,14,276,13,94,28,18,208,190,225,237,305,60,225,340,5,265,44,308,88,212,321,226,252,163,321,29,169,,,355,319,,,277,7,251,292,286,176,195,209,143,67,284,327,79,58,53,160,107,333,82,214,212,251,276,66,,347,,,b'\x11\xe8\xe1I\xc9\xe1!x\xaf\x82\x12\xdf\x17\xaeN\x1e'
11E8E149-C9E1-2178-AF82-12DF17AE4E1E,2024-ncaa-d1-conf-CAA,ncaa,11,9,14,11,14,14,13,14,3,14,14,4,8,10,4,2,14,14,14,14,11,14,14,3,4,7,6,1,14,14,12,14,12,14,12,11,2,3,12,6,12,9,13,9,,,1,5,,,11,14,13,9,11,9,14,12,13,5,7,14,14,14,14,14,14,10,14,5,8,10,10,,4,,,12,1,4,2,9,2,1,13,9,9,7,14,3,2,14,2,6,1,1,11,12,13,12,13,8,8,12,1,12,1,12,7,8,14,12,13,5,12,1,9,,,14,14,,,11,1,10,13,12,11,12,9,7,3,13,14,9,5,3,6,4,12,3,8,10,12,11,3,,14,,,b'\x11\xe8\xe1I\xc9\xe1!x\xaf\x82\x12\xdf\x17\xaeN\x1e'
11E8E149-C9E1-2178-AF82-12DF17AE4E1E,2024-ncaa-d1-natl,ncaa,289,211,356,267,357,353,349,361,154,352,357,159,222,269,96,84,359,357,351,357,215,361,360,122,172,238,130,64,336,347,279,357,345,359,319,275,75,97,333,237,345,277,302,229,,,7,75,,,293,360,332,155,320,296,348,324,333,148,183,352,326,324,354,340,313,310,340,185,270,287,253,,74,,,294,14,35,18,204,21,5,268,149,178,125,333,13,10,282,11,101,9,5,225,206,246,236,306,61,209,345,4,279,20,319,73,219,347,243,263,144,328,21,183,,,359,317,,,293,3,266,309,300,193,211,213,157,71,294,328,88,67,58,168,104,337,85,222,231,268,280,69,,347,,,b'\x11\xe8\xe1I\xc9\xe1!x\xaf\x82\x12\xdf\x17\xaeN\x1e'
11E8E149-C9E1-2178-AF82-12DF17AE4E1E,2025-ncaa-d0-natl,genius_ncaa,349,344,301,349,328,356,354,350,337,348,341,307,288,262,319,106,357,357,327,357,324,355,351,325,337,347,188,132,300,337,324,339,346,348,350,340,233,165,339,329,352,347,359,359,,,5,13,,37,351,351,332,269,357,357,347,342,321,267,202,353,350,351,359,344,319,316,342,339,277,345,358,,11,,70,353,104,158,102,277,167,103,287,171,151,215,239,25,23,186,26,56,71,27,275,241,315,112,224,32,268,346,94,324,170,350,218,263,356,340,349,172,316,257,348,,,360,340,,211,351,12,351,346,357,238,295,252,283,217,247,247,60,62,66,207,90,334,216,296,305,348,257,322,,357,,176,b'\x11\xe8\xe1I\xc9\xe1!x\xaf\x82\x12\xdf\x17\xaeN\x1e'
11E8E149-C9E1-2178-AF82-12DF17AE4E1E,2025-ncaa-d1-conf-CAA,genius_ncaa,14,14,9,14,14,14,14,14,13,14,14,10,9,6,12,1,14,14,13,14,8,14,14,11,11,13,3,2,12,14,13,13,13,14,13,13,7,10,14,14,14,13,14,14,,,1,2,,1,14,14,13,12,14,14,14,14,14,8,5,14,14,14,14,14,13,12,14,13,14,14,14,,1,,1,14,11,10,7,12,8,5,13,13,13,10,13,4,3,9,4,4,6,4,14,13,14,10,12,3,11,13,5,13,10,13,12,13,14,13,14,12,14,11,14,,,14,10,,3,14,1,14,14,14,13,13,12,10,5,14,14,4,3,4,9,7,12,8,13,14,13,13,11,,14,,2,b'\x11\xe8\xe1I\xc9\xe1!x\xaf\x82\x12\xdf\x17\xaeN\x1e'
11E8E149-C9E1-2178-AF82-12DF17AE4E1E,2025-ncaa-d1-natl,genius_ncaa,354,344,341,354,351,360,359,357,345,353,347,319,299,274,322,106,357,357,325,357,326,359,358,332,340,349,188,129,297,343,330,351,350,356,351,349,238,141,341,337,356,347,360,360,,,3,14,,28,352,356,333,269,358,358,347,346,324,275,206,353,350,350,359,346,321,323,348,344,278,346,359,,10,,69,354,82,140,70,289,138,70,297,155,126,220,235,21,22,194,23,58,46,16,286,258,328,110,224,32,256,350,70,330,136,351,206,263,361,344,350,153,323,242,350,,,360,341,,217,352,7,351,350,360,254,301,254,292,221,256,250,62,65,69,210,87,336,223,303,313,349,263,324,,357,,170,b'\x11\xe8\xe1I\xc9\xe1!x\xaf\x82\x12\xdf\x17\xaeN\x1e'
11E8E149-C9E1-2178-AF82-12DF17AE4E1E,2026-ncaa-d0-natl,genius_ncaa,212,250,116,241,142,196,183,200,185,157,146,218,242,270,164,281,201,176,239,166,221,194,190,204,221,245,271,252,193,120,105,212,247,179,178,235,312,266,271,280,190,197,262,281,,,251,298,,205,240,201,310,97,258,237,292,190,158,272,309,249,224,207,293,267,129,285,229,294,244,217,300,,252,,183,234,208,205,171,229,215,175,249,157,185,133,167,239,243,205,249,248,176,168,213,224,230,157,124,238,220,247,169,105,186,178,196,158,190,191,195,211,214,197,169,,,243,301,,173,240,165,220,235,236,180,169,104,196,122,112,138,225,222,229,109,80,199,107,132,153,223,186,181,,306,,202,b'\x11\xe8\xe1I\xc9\xe1!x\xaf\x82\x12\xdf\x17\xaeN\x1e'
11E8E149-C9E1-2178-AF82-12DF17AE4E1E,2026-ncaa-d1-natl,genius_ncaa,256,249,177,275,197,276,264,280,212,231,210,246,287,307,179,284,261,246,241,226,215,278,266,236,246,273,263,246,174,180,133,288,266,268,203,312,325,217,298,311,260,242,300,300,,,207,304,,178,280,277,318,100,287,275,314,232,174,282,318,260,236,215,322,287,158,309,270,329,264,254,312,,263,,198,281,165,161,108,264,176,120,285,117,129,160,169,203,201,210,202,257,116,99,258,269,274,154,124,236,173,266,109,133,129,203,159,167,265,232,243,169,229,173,196,,,302,291,,198,280,89,256,285,285,213,206,114,229,125,136,136,240,235,241,125,79,209,124,149,185,251,194,202,,309,,191,b'\x11\xe8\xe1I\xc9\xe1!x\xaf\x82\x12\xdf\x17\xaeN\x1e'
11E8E149-C9E5-504A-AF82-12DF17AE4E1E,2010-ncaa-d0-natl,ncaa,321,326,241,324,261,244,211,192,232,207,202,206,183,153,229,130,313,310,268,312,316,224,232,228,255,236,218,127,309,262,294,237,160,260,291,144,67,113,165,117,225,205,243,247,,,230,303,,,283,218,102,188,226,164,94,168,154,154,118,307,302,307,140,154,242,202,237,92,182,201,232,,296,,,286,209,164,104,259,206,141,271,90,84,169,90,305,262,343,255,262,127,110,242,301,320,170,68,304,74,160,257,294,184,291,173,190,254,220,249,185,227,174,204,,,296,299,,,283,122,247,308,287,296,248,174,273,236,112,107,326,296,292,228,211,136,315,274,232,213,231,209,,277,,,b'\x11\xe8\xe1I\xc9\xe5PJ\xaf\x82\x12\xdf\x17\xaeN\x1e'
11E8E149-C9E5-504A-AF82-12DF17AE4E1E,2010-ncaa-d1-conf-Big Sky,ncaa,8,8,7,8,8,7,6,6,6,7,6,6,6,6,2,5,9,9,9,9,9,7,7,5,9,8,8,3,8,6,9,8,6,8,7,5,3,3,4,3,6,5,7,7,,,5,9,,,8,7,3,7,7,5,4,4,2,4,5,9,8,8,3,3,4,8,7,2,5,5,7,,8,,,8,5,5,1,8,5,2,8,3,3,6,5,7,5,9,5,9,2,2,8,9,9,6,5,8,2,6,6,9,4,7,3,5,7,6,5,4,5,8,6,,,9,7,,,8,3,8,8,8,7,7,3,6,4,5,5,9,8,8,5,5,2,8,6,6,5,5,8,,8,,,b'\x11\xe8\xe1I\xc9\xe5PJ\xaf\x82\x12\xdf\x17\xaeN\x1e'
11E8E149-C9E5-504A-AF82-12DF17AE4E1E,2010-ncaa-d1-natl,ncaa,327,324,276,327,296,257,230,207,237,222,211,211,191,159,232,131,316,319,267,319,318,238,256,231,263,240,218,127,307,277,299,261,164,281,296,152,68,98,165,121,238,210,245,247,,,215,303,,,286,238,103,176,231,170,98,175,156,156,119,308,302,305,143,155,246,204,241,92,182,208,233,,299,,,291,195,147,86,265,197,129,279,77,72,173,89,298,253,344,247,261,111,90,247,304,322,168,68,304,62,164,247,299,176,296,165,191,272,229,257,170,227,168,207,,,311,299,,,286,101,251,313,295,299,254,174,277,238,114,107,326,298,297,231,211,140,318,279,239,221,232,211,,274,,,b'\x11\xe8\xe1I\xc9\xe5PJ\xaf\x82\x12\xdf\x17\xaeN\x1e'
11E8E149-C9E5-504A-AF82-12DF17AE4E1E,2011-ncaa-d0-natl,ncaa,248,226,288,250,301,240,209,199,202,199,186,203,207,192,210,169,295,269,306,265,277,219,270,208,240,201,227,158,294,271,301,314,138,314,312,149,70,34,76,62,66,29,209,168,,,251,326,,,241,258,73,157,164,128,55,127,100,161,142,269,219,216,77,115,225,290,290,75,95,32,180,,325,,,245,155,111,23,332,171,33,334,57,38,203,77,301,305,159,304,332,36,65,325,331,297,161,52,315,18,138,261,301,140,312,248,318,151,68,215,78,125,5,8,,,298,287,,,241,83,219,266,244,283,225,67,269,113,99,76,329,330,331,142,214,62,335,281,312,76,150,14,,254,,,b'\x11\xe8\xe1I\xc9\xe5PJ\xaf\x82\x12\xdf\x17\xaeN\x1e'
11E8E149-C9E5-504A-AF82-12DF17AE4E1E,2011-ncaa-d1-conf-Big Sky,ncaa,7,7,7,7,8,8,8,7,7,6,4,7,8,6,8,7,8,7,9,6,7,6,8,8,8,7,9,7,6,4,7,9,3,9,7,6,2,1,1,3,2,1,6,4,,,7,9,,,7,8,3,5,8,7,4,4,2,7,6,7,6,5,4,4,4,8,8,5,2,1,5,,9,,,7,3,2,1,8,2,1,8,3,3,6,5,8,8,6,8,9,1,2,8,8,7,7,5,9,1,3,8,7,4,7,6,9,4,1,5,1,1,1,1,,,8,8,,,7,2,7,6,7,8,5,1,6,2,4,3,9,9,9,3,4,2,8,8,8,1,1,1,,8,,,b'\x11\xe8\xe1I\xc9\xe5PJ\xaf\x82\x12\xdf\x17\xaeN\x1e'
11E8E149-C9E5-504A-AF82-12DF17AE4E1E,2011-ncaa-d1-natl,ncaa,242,223,279,245,297,219,191,173,208,176,150,210,199,186,194,175,288,251,302,249,279,188,237,212,239,197,225,157,287,252,295,308,141,312,315,135,72,30,67,60,56,23,200,159,,,256,319,,,243,225,70,156,160,125,46,122,86,159,145,260,208,207,65,107,208,294,287,73,86,26,176,,319,,,243,192,144,22,333,184,43,336,87,62,238,107,304,304,169,302,330,52,74,334,337,306,176,70,300,23,141,288,295,172,315,275,318,133,65,220,83,117,12,16,,,289,286,,,243,108,212,271,246,286,237,67,261,103,117,96,325,327,326,144,218,61,336,288,318,68,135,23,,254,,,b'\x11\xe8\xe1I\xc9\xe5PJ\xaf\x82\x12\xdf\x17\xaeN\x1e'
11E8E149-C9E5-504A-AF82-12DF17AE4E1E,2012-ncaa-d0-natl,ncaa,279,260,292,280,293,190,149,188,110,148,191,116,156,160,132,157,291,229,334,231,228,196,183,124,165,187,226,138,314,156,137,301,155,254,187,132,118,204,228,163,49,27,154,104,,,265,314,,,252,189,39,19,90,62,46,70,95,112,126,255,163,164,57,23,92,259,164,59,291,21,123,,325,,,258,230,137,38,305,102,43,285,239,133,337,187,331,316,339,316,337,80,108,318,337,320,329,218,325,36,155,134,137,77,187,280,329,147,92,238,277,288,158,165,,,291,317,,,252,143,183,291,257,323,254,130,214,104,295,213,338,334,335,232,281,104,273,211,323,62,316,221,,230,,,b'\x11\xe8\xe1I\xc9\xe5PJ\xaf\x82\x12\xdf\x17\xaeN\x1e'
11E8E149-C9E5-504A-AF82-12DF17AE4E1E,2012-ncaa-d1-conf-Big Sky,ncaa,8,8,7,8,7,5,4,6,2,4,5,1,7,7,5,7,8,5,9,5,5,6,5,1,4,6,9,7,8,5,5,9,8,8,8,7,8,6,7,7,3,3,4,3,,,9,9,,,7,6,4,1,4,2,4,1,2,5,6,7,4,4,4,2,2,9,8,4,8,3,3,,9,,,7,7,5,1,8,5,2,8,3,4,8,5,9,9,9,9,9,4,4,8,8,7,7,3,9,6,8,4,5,6,8,7,9,3,4,7,2,3,3,4,,,9,8,,,7,4,6,7,8,8,6,5,6,5,7,6,9,9,9,6,8,8,6,7,7,3,5,4,,8,,,b'\x11\xe8\xe1I\xc9\xe5PJ\xaf\x82\x12\xdf\x17\xaeN\x1e'
11E8E149-C9E5-504A-AF82-12DF17AE4E1E,2012-ncaa-d1-natl,ncaa,273,260,286,273,292,176,136,176,97,134,172,112,142,157,96,160,292,231,335,233,242,187,164,108,161,186,226,136,318,144,132,294,145,247,174,111,112,243,239,165,37,24,139,86,,,280,317,,,240,172,41,22,92,61,49,72,96,105,128,261,180,187,65,24,93,265,169,48,294,20,108,,326,,,241,249,153,40,307,120,41,290,239,137,334,183,331,320,338,323,337,94,124,317,337,321,326,209,324,39,145,134,132,74,174,287,329,120,80,225,290,293,165,160,,,288,315,,,240,160,178,286,244,318,244,115,211,95,288,203,338,331,333,221,272,94,257,190,321,57,319,218,,230,,,b'\x11\xe8\xe1I\xc9\xe5PJ\xaf\x82\x12\xdf\x17\xaeN\x1e'
11E8E149-C9E5-504A-AF82-12DF17AE4E1E,2013-ncaa-d0-natl,ncaa,290,284,251,293,252,214,183,237,106,145,200,84,253,234,284,200,253,260,166,256,246,249,271,146,153,146,280,241,230,313,308,197,237,283,287,153,114,72,148,109,171,155,192,187,,,142,179,,,256,231,187,9,173,128,174,91,149,243,208,226,233,229,190,216,302,119,242,94,138,141,174,,217,,,256,224,163,148,188,120,140,152,231,180,302,185,300,283,282,281,292,177,125,215,246,285,296,228,291,225,237,151,308,192,287,253,306,287,295,310,124,190,40,54,,,293,260,,,256,105,190,300,264,289,238,253,192,228,275,226,320,304,303,291,230,280,248,279,296,268,172,64,,265,,,b'\x11\xe8\xe1I\xc9\xe5PJ\xaf\x82\x12\xdf\x17\xaeN\x1e'
11E8E149-C9E5-504A-AF82-12DF17AE4E1E,2013-ncaa-d1-conf-Big Sky,ncaa,8,8,8,8,8,9,7,9,4,6,9,2,8,10,8,7,10,10,10,10,7,9,11,4,7,6,9,8,10,11,11,8,6,10,8,8,6,3,6,6,8,6,8,7,,,3,5,,,9,10,8,2,8,6,6,4,7,8,8,9,8,8,6,8,11,5,9,5,5,7,7,,5,,,9,6,4,3,6,4,1,4,9,9,7,11,7,6,8,6,9,3,2,7,8,8,9,11,6,7,6,5,11,6,8,6,8,11,11,9,2,5,1,2,,,10,9,,,9,1,8,9,9,7,6,6,4,4,9,10,10,10,9,6,5,7,8,9,7,10,5,2,,10,,,b'\x11\xe8\xe1I\xc9\xe5PJ\xaf\x82\x12\xdf\x17\xaeN\x1e'
11E8E149-C9E5-504A-AF82-12DF17AE4E1E,2013-ncaa-d1-natl,ncaa,298,282,292,301,291,234,201,259,111,157,221,87,263,236,287,201,261,267,164,263,243,272,295,149,157,154,280,239,229,323,310,215,243,300,296,166,116,62,152,114,182,157,204,192,,,124,182,,,262,261,191,8,179,134,179,94,154,245,210,227,233,228,195,219,302,121,248,98,141,145,175,,218,,,263,206,145,120,195,106,114,155,220,170,305,181,295,273,284,270,290,158,95,217,253,296,294,230,291,213,243,137,310,176,296,241,306,303,299,316,119,191,33,58,,,305,256,,,262,77,194,308,273,292,243,254,196,227,276,227,318,306,306,296,231,281,251,280,298,274,174,68,,263,,,b'\x11\xe8\xe1I\xc9\xe5PJ\xaf\x82\x12\xdf\x17\xaeN\x1e'
11E8E149-C9E5-504A-AF82-12DF17AE4E1E,2014-ncaa-d0-natl,ncaa,273,263,254,275,279,148,134,257,24,87,184,31,252,277,165,262,126,147,85,149,138,240,200,51,43,99,282,291,116,221,108,319,322,306,225,104,91,284,299,179,95,75,211,188,,,156,178,,,272,195,55,183,63,51,189,33,118,240,259,66,95,94,163,87,184,324,298,45,316,62,189,,241,,,274,309,271,129,336,211,96,320,316,226,345,242,276,217,339,225,284,147,162,344,347,339,308,286,199,196,322,19,108,49,225,332,323,144,130,289,309,311,116,123,,,255,263,,,272,149,110,340,272,338,326,237,274,160,336,284,308,277,286,273,292,272,45,115,339,94,322,161,,203,,,b'\x11\xe8\xe1I\xc9\xe5PJ\xaf\x82\x12\xdf\x17\xaeN\x1e'
11E8E149-C9E5-504A-AF82-12DF17AE4E1E,2014-ncaa-d1-conf-Big Sky,ncaa,9,9,8,9,8,6,5,6,1,3,6,1,7,8,6,9,3,5,3,5,8,7,7,1,1,3,10,9,6,7,4,9,9,10,7,5,7,9,7,8,5,4,8,9,,,5,5,,,9,6,2,3,2,1,5,1,3,7,8,3,5,5,4,4,7,9,9,2,10,3,8,,8,,,9,10,10,6,10,10,5,10,11,8,11,10,8,6,10,7,8,7,5,10,10,11,9,10,4,7,9,3,4,4,7,10,8,8,7,10,9,8,3,2,,,10,11,,,9,5,4,11,9,11,10,10,10,8,11,11,8,8,8,10,10,10,4,7,10,4,10,5,,10,,,b'\x11\xe8\xe1I\xc9\xe5PJ\xaf\x82\x12\xdf\x17\xaeN\x1e'
11E8E149-C9E5-504A-AF82-12DF17AE4E1E,2014-ncaa-d1-natl,ncaa,279,262,307,279,321,167,157,279,26,102,199,32,265,281,170,261,137,166,83,168,142,266,234,52,45,104,280,289,114,236,114,332,327,323,236,115,91,268,303,180,105,79,228,198,,,140,179,,,277,223,59,178,65,54,192,34,120,244,261,65,98,95,169,90,190,326,301,47,317,71,198,,239,,,280,298,259,103,337,197,69,322,316,209,345,242,265,204,339,206,285,113,131,345,348,343,305,286,196,176,327,10,114,31,236,327,322,161,136,294,298,312,110,132,,,281,263,,,277,115,117,343,281,338,328,238,277,161,335,281,308,278,284,276,292,276,46,117,341,100,324,164,,204,,,b'\x11\xe8\xe1I\xc9\xe5PJ\xaf\x82\x12\xdf\x17\xaeN\x1e'
11E8E149-C9E5-504A-AF82-12DF17AE4E1E,2015-ncaa-d0-natl,ncaa,232,189,283,227,289,265,249,291,143,168,195,115,313,295,322,269,206,234,116,239,220,285,282,197,190,218,305,308,111,271,219,206,145,245,157,218,151,170,253,205,232,208,291,292,,,77,135,,,217,276,135,49,204,176,206,75,103,303,281,136,162,170,204,169,233,73,140,150,258,198,283,,155,,,221,84,93,103,156,94,114,148,142,144,174,186,119,127,157,118,148,91,76,143,142,171,176,199,171,118,145,52,219,61,157,61,84,249,229,163,211,278,108,128,,,273,201,,,217,73,235,179,222,203,217,264,203,243,212,216,188,191,183,260,239,223,150,180,118,210,274,157,,181,,,b'\x11\xe8\xe1I\xc9\xe5PJ\xaf\x82\x12\xdf\x17\xaeN\x1e'
11E8E149-C9E5-504A-AF82-12DF17AE4E1E,2015-ncaa-d1-conf-Big Sky,ncaa,5,5,5,5,5,9,6,7,7,5,2,7,10,9,12,9,9,11,3,11,12,7,7,9,9,9,12,11,8,9,8,7,7,10,6,8,7,10,8,8,6,6,10,9,,,1,1,,,9,6,7,1,9,7,5,3,1,10,9,11,10,10,6,6,9,6,8,9,9,6,9,,2,,,9,4,9,8,9,8,8,8,8,7,8,9,1,1,8,1,1,4,8,9,7,7,5,9,1,6,7,5,8,4,6,6,3,5,4,5,8,9,5,5,,,9,9,,,9,8,9,7,9,6,10,8,8,7,8,8,1,1,1,7,8,8,6,6,5,4,9,5,,10,,,b'\x11\xe8\xe1I\xc9\xe5PJ\xaf\x82\x12\xdf\x17\xaeN\x1e'
11E8E149-C9E5-504A-AF82-12DF17AE4E1E,2015-ncaa-d1-natl,ncaa,222,207,209,225,216,237,218,247,174,131,150,135,307,284,331,265,181,196,124,201,227,241,231,227,212,234,306,306,108,236,216,145,157,186,163,194,161,202,241,210,230,228,299,299,,,101,120,,,224,220,153,53,216,193,201,89,105,305,276,141,170,176,200,173,220,71,137,165,242,216,294,,142,,,225,113,129,179,131,129,166,134,181,194,158,202,126,136,125,127,133,166,138,135,117,161,177,216,143,179,157,115,216,140,163,97,87,232,228,158,231,262,133,125,,,220,190,,,224,132,245,159,226,187,207,264,188,237,216,228,162,167,162,259,233,240,168,206,115,209,261,157,,173,,,b'\x11\xe8\xe1I\xc9\xe5PJ\xaf\x82\x12\xdf\x17\xaeN\x1e'
11E8E149-C9E5-504A-AF82-12DF17AE4E1E,2016-ncaa-d0-natl,ncaa,325,318,287,327,294,235,214,211,238,184,119,277,273,299,141,301,205,195,247,197,249,219,211,261,261,249,260,262,163,213,230,199,115,207,192,207,155,178,212,200,245,251,311,311,,,236,285,,,314,205,29,93,154,142,70,96,27,246,273,154,127,134,71,41,150,82,96,147,265,207,299,,319,,,318,282,233,141,302,162,113,253,298,200,344,212,298,310,103,300,320,173,130,321,326,337,310,266,252,75,115,217,230,147,192,245,222,288,293,305,228,252,235,198,,,284,299,,,314,144,257,326,310,337,314,298,273,225,332,286,327,333,327,327,310,166,314,288,314,245,291,287,,219,,,b'\x11\xe8\xe1I\xc9\xe5PJ\xaf\x82\x12\xdf\x17\xaeN\x1e'
11E8E149-C9E5-504A-AF82-12DF17AE4E1E,2016-ncaa-d1-conf-Big Sky,ncaa,10,10,8,10,9,10,9,8,10,8,3,11,9,11,3,11,9,11,6,11,10,9,9,10,10,10,9,7,6,7,8,10,9,9,8,9,9,7,8,8,8,8,10,10,,,9,9,,,10,9,7,3,9,7,6,7,1,8,11,9,9,10,7,6,6,8,8,8,9,7,9,,11,,,10,9,7,4,8,6,6,6,10,7,12,7,11,11,3,11,11,5,4,9,9,11,10,8,9,7,9,8,8,6,8,8,9,11,11,10,7,8,7,6,,,10,10,,,10,4,10,11,10,10,10,8,9,8,10,8,11,11,11,10,7,9,9,10,9,8,8,8,,10,,,b'\x11\xe8\xe1I\xc9\xe5PJ\xaf\x82\x12\xdf\x17\xaeN\x1e'
11E8E149-C9E5-504A-AF82-12DF17AE4E1E,2016-ncaa-d1-natl,ncaa,317,317,218,320,238,192,172,159,210,132,70,273,255,292,98,304,173,168,212,169,257,160,153,249,248,229,259,262,167,184,232,130,112,148,175,151,131,223,210,179,215,229,304,314,,,279,278,,,306,136,28,101,142,130,75,94,28,240,282,147,141,144,75,47,164,61,85,117,259,189,300,,311,,,305,306,267,219,274,202,167,237,312,253,337,224,312,320,113,315,312,243,207,304,313,325,310,265,250,134,112,266,232,227,175,266,205,259,290,291,256,242,257,180,,,239,293,,,306,219,242,311,298,334,309,300,253,228,327,295,323,325,323,329,313,183,311,286,287,241,282,280,,218,,,b'\x11\xe8\xe1I\xc9\xe5PJ\xaf\x82\x12\xdf\x17\xaeN\x1e'
11E8E149-C9E5-504A-AF82-12DF17AE4E1E,2017-ncaa-d0-natl,ncaa,284,283,234,288,251,155,155,150,188,214,234,170,69,65,131,55,247,294,64,283,261,175,214,138,151,116,74,52,275,156,162,221,144,199,177,143,117,39,55,78,303,304,341,343,,,126,169,,,224,225,150,101,94,97,40,190,199,46,37,225,274,265,72,118,110,160,127,96,71,290,341,,175,,,227,233,248,167,312,246,167,302,219,175,285,188,161,157,211,152,161,159,103,314,308,327,136,188,132,83,144,190,162,146,177,241,193,295,288,313,34,51,22,53,,,243,249,,,224,112,106,317,228,307,313,255,296,235,256,218,206,194,189,255,187,146,251,223,285,282,60,38,,215,,,b'\x11\xe8\xe1I\xc9\xe5PJ\xaf\x82\x12\xdf\x17\xaeN\x1e'
11E8E149-C9E5-504A-AF82-12DF17AE4E1E,2017-ncaa-d1-conf-Big Sky,ncaa,10,10,7,10,8,10,9,7,8,8,8,8,6,6,6,6,9,11,3,11,10,9,10,7,8,7,8,6,9,7,7,8,6,9,8,9,7,2,3,5,12,11,12,11,,,5,6,,,9,10,7,4,6,5,4,7,5,6,6,9,11,10,5,5,6,7,7,8,4,10,12,,7,,,9,6,9,4,10,9,5,10,6,5,10,6,4,6,1,6,5,4,2,10,9,11,4,6,4,4,6,7,7,5,8,8,7,11,11,11,2,2,4,3,,,9,8,,,9,3,7,10,9,9,11,7,10,8,8,7,6,8,8,7,5,4,10,8,9,10,2,5,,7,,,b'\x11\xe8\xe1I\xc9\xe5PJ\xaf\x82\x12\xdf\x17\xaeN\x1e'
11E8E149-C9E5-504A-AF82-12DF17AE4E1E,2017-ncaa-d1-natl,ncaa,283,282,217,287,244,143,142,111,181,200,216,167,66,58,127,59,229,284,46,272,267,142,195,130,140,101,78,61,270,150,165,195,136,174,166,129,121,36,49,70,302,306,343,344,,,137,172,,,213,219,135,101,84,88,33,175,180,46,38,206,268,261,56,104,105,141,108,86,66,292,342,,182,,,213,259,268,185,300,249,166,305,227,208,243,216,167,167,210,160,164,176,121,308,300,324,147,195,129,106,136,207,165,173,166,243,174,304,298,305,31,43,17,42,,,241,252,,,213,124,92,318,224,311,315,273,298,236,262,248,203,193,193,274,204,155,254,228,280,284,55,31,,216,,,b'\x11\xe8\xe1I\xc9\xe5PJ\xaf\x82\x12\xdf\x17\xaeN\x1e'
11E8E149-C9E5-504A-AF82-12DF17AE4E1E,2018-ncaa-d0-natl,ncaa,310,308,242,316,256,171,184,170,206,178,148,232,167,186,130,196,135,152,145,150,160,160,175,205,188,163,158,171,116,216,243,81,106,113,164,165,158,114,128,140,309,325,185,210,,,100,90,,,292,165,44,104,103,130,70,130,88,142,164,91,110,104,62,65,169,18,38,125,176,298,168,,160,,,291,306,287,280,205,183,221,117,341,309,343,292,228,208,274,202,174,284,190,268,263,337,325,329,128,187,106,251,243,237,164,244,142,335,340,342,220,224,147,132,,,191,175,,,292,192,186,331,280,342,331,341,244,290,347,336,260,243,241,343,311,245,310,299,287,335,264,192,,118,,,b'\x11\xe8\xe1I\xc9\xe5PJ\xaf\x82\x12\xdf\x17\xaeN\x1e'
11E8E149-C9E5-504A-AF82-12DF17AE4E1E,2018-ncaa-d1-conf-Big Sky,ncaa,11,11,7,11,7,10,10,9,11,9,5,11,9,7,9,7,6,6,6,7,7,9,8,11,11,11,6,7,4,4,5,2,5,3,5,9,5,9,11,10,8,9,8,8,,,5,5,,,11,7,3,1,10,10,3,8,3,7,7,5,4,4,3,3,4,1,1,9,11,8,7,,7,,,11,10,9,10,8,7,9,2,10,9,12,5,6,8,5,7,5,9,6,9,8,10,8,9,5,6,5,9,5,10,5,7,7,11,11,11,12,12,9,8,,,7,6,,,11,6,11,10,11,11,11,12,10,11,10,10,7,8,7,11,10,8,9,10,9,11,12,9,,5,,,b'\x11\xe8\xe1I\xc9\xe5PJ\xaf\x82\x12\xdf\x17\xaeN\x1e'
11E8E149-C9E5-504A-AF82-12DF17AE4E1E,2018-ncaa-d1-natl,ncaa,305,307,213,310,241,144,165,151,196,169,142,224,170,188,140,197,110,114,161,109,130,137,154,200,176,153,160,180,96,195,230,56,101,87,152,161,164,121,123,145,323,332,181,214,,,117,92,,,280,135,35,99,91,125,68,124,93,146,165,70,74,65,57,58,154,8,27,128,177,318,163,,169,,,278,320,299,301,173,200,248,102,339,319,338,284,240,223,248,223,174,300,219,239,235,336,320,325,140,204,101,258,230,257,152,242,127,340,343,340,233,222,164,139,,,153,155,,,280,221,174,327,271,341,330,343,247,304,346,336,268,255,253,344,311,259,303,298,277,336,267,191,,91,,,b'\x11\xe8\xe1I\xc9\xe5PJ\xaf\x82\x12\xdf\x17\xaeN\x1e'
11E8E149-C9E5-504A-AF82-12DF17AE4E1E,2019-ncaa-d0-natl,ncaa,200,224,114,217,161,106,103,86,163,90,51,222,171,212,87,267,120,150,101,143,259,86,95,185,174,146,239,232,170,166,238,68,87,88,162,100,146,158,98,106,255,290,235,278,,,135,78,,,246,86,51,236,100,93,55,76,46,182,231,124,156,153,57,76,173,46,68,98,140,266,245,,123,,,240,329,327,303,256,319,303,259,272,265,223,194,204,172,297,166,90,300,263,255,249,311,121,186,96,174,87,301,238,275,162,271,115,289,328,318,280,233,320,244,,,152,222,,,246,269,151,295,235,327,327,334,315,314,274,269,198,163,157,330,275,159,295,263,259,306,262,317,,155,,,b'\x11\xe8\xe1I\xc9\xe5PJ\xaf\x82\x12\xdf\x17\xaeN\x1e'
11E8E149-C9E5-504A-AF82-12DF17AE4E1E,2019-ncaa-d1-conf-Big Sky,ncaa,7,8,3,8,4,5,4,3,5,3,1,7,8,9,5,10,2,1,6,1,6,2,2,6,7,7,7,10,3,4,4,2,3,1,5,4,4,8,7,7,8,10,9,10,,,9,7,,,8,2,1,8,3,4,4,2,2,8,8,1,1,1,2,1,5,1,1,4,8,9,9,,7,,,8,10,9,9,9,8,6,9,8,8,8,6,7,7,9,7,7,9,8,8,9,9,6,7,5,7,3,7,4,6,5,6,4,9,10,11,10,9,9,8,,,2,3,,,8,10,6,9,7,11,10,10,8,8,8,9,7,8,8,10,10,5,8,8,6,10,9,10,,1,,,b'\x11\xe8\xe1I\xc9\xe5PJ\xaf\x82\x12\xdf\x17\xaeN\x1e'
11E8E149-C9E5-504A-AF82-12DF17AE4E1E,2019-ncaa-d1-natl,ncaa,222,224,155,227,214,137,126,117,175,110,69,237,186,237,91,269,146,173,100,168,256,117,136,197,186,158,236,234,166,196,245,80,92,118,170,122,150,123,106,109,276,299,252,285,,,118,83,,,259,121,55,231,113,101,60,86,46,186,233,126,161,156,63,81,183,49,81,107,141,275,252,,125,,,257,316,320,285,272,312,287,274,264,253,238,187,188,152,299,142,91,281,214,266,265,323,112,184,94,142,92,275,245,241,170,253,113,308,333,322,258,243,316,250,,,192,222,,,259,235,163,309,254,329,331,333,323,318,278,269,202,172,167,334,271,162,301,268,270,312,264,319,,160,,,b'\x11\xe8\xe1I\xc9\xe5PJ\xaf\x82\x12\xdf\x17\xaeN\x1e'
11E8E149-C9E5-504A-AF82-12DF17AE4E1E,2020-ncaa-d0-natl,ncaa,140,170,33,167,37,31,40,26,90,66,52,138,73,114,40,182,44,84,40,77,174,25,29,90,74,77,133,149,152,186,257,10,30,36,107,35,81,214,119,80,189,256,281,321,,,252,124,,,177,12,39,29,43,53,54,89,91,92,149,69,123,122,54,70,227,17,50,42,160,227,301,,187,,,177,340,330,340,211,305,315,188,325,315,299,222,282,279,202,283,181,345,330,243,244,304,235,256,150,138,30,315,257,278,107,211,53,243,318,256,300,247,274,192,,,87,214,,,177,341,96,273,169,317,305,321,267,279,315,289,245,242,241,328,293,85,270,211,164,281,271,241,,158,,,b'\x11\xe8\xe1I\xc9\xe5PJ\xaf\x82\x12\xdf\x17\xaeN\x1e'
11E8E149-C9E5-504A-AF82-12DF17AE4E1E,2020-ncaa-d1-conf-Big Sky,ncaa,4,4,1,4,2,2,2,3,4,3,3,5,5,5,5,6,4,3,3,3,6,2,2,4,4,4,5,6,5,6,6,1,1,1,4,1,3,7,5,4,8,10,10,10,,,9,7,,,5,1,3,2,2,2,3,3,3,5,5,5,5,5,3,3,6,1,1,1,6,10,10,,8,,,5,8,7,11,6,8,9,7,6,7,5,6,10,11,2,11,9,11,10,6,6,6,4,4,8,4,1,9,6,7,4,5,2,8,10,6,8,7,7,6,,,3,4,,,5,11,4,6,5,8,6,9,8,9,6,6,9,11,11,9,10,4,9,7,5,8,7,7,,3,,,b'\x11\xe8\xe1I\xc9\xe5PJ\xaf\x82\x12\xdf\x17\xaeN\x1e'
11E8E149-C9E5-504A-AF82-12DF17AE4E1E,2020-ncaa-d1-natl,ncaa,150,170,45,170,53,43,51,43,94,79,71,149,81,131,42,183,55,100,38,94,175,42,44,94,80,82,135,150,144,209,263,15,33,47,114,44,82,201,120,82,217,263,295,323,,,231,131,,,196,23,40,29,46,61,61,96,95,96,150,71,127,124,59,75,234,17,56,46,160,233,302,,193,,,196,339,321,336,222,294,300,199,324,305,300,219,264,264,204,269,185,339,316,254,251,308,234,255,152,117,33,301,263,256,114,196,54,271,318,267,293,255,262,202,,,115,211,,,196,333,105,279,185,324,310,324,278,281,322,291,249,245,244,330,290,87,273,213,174,291,277,248,,156,,,b'\x11\xe8\xe1I\xc9\xe5PJ\xaf\x82\x12\xdf\x17\xaeN\x1e'
11E8E149-C9E5-504A-AF82-12DF17AE4E1E,2021-ncaa-d0-natl,ncaa,71,250,10,156,12,20,12,10,74,20,18,108,28,32,46,164,128,142,145,132,312,12,16,73,95,66,214,113,318,56,260,27,95,29,212,27,219,232,30,52,46,161,236,321,,,323,141,,,139,14,96,224,64,45,41,63,70,76,120,272,292,284,66,146,219,169,202,93,33,155,317,,161,,,145,340,340,328,307,341,322,321,291,309,133,166,309,308,162,307,151,331,329,297,285,284,63,104,109,280,95,342,260,337,212,323,82,42,194,206,280,97,221,56,,,67,297,,,139,330,73,258,143,262,287,201,301,205,159,176,167,173,172,202,179,83,266,200,195,198,107,85,,287,,,b'\x11\xe8\xe1I\xc9\xe5PJ\xaf\x82\x12\xdf\x17\xaeN\x1e'
11E8E149-C9E5-504A-AF82-12DF17AE4E1E,2021-ncaa-d1-conf-Big Sky,ncaa,5,7,1,5,2,1,1,1,2,2,1,3,2,3,2,7,9,8,10,8,10,2,2,2,4,3,8,7,11,4,8,5,6,5,8,1,5,4,2,1,2,4,10,11,,,10,6,,,5,2,4,10,4,2,2,3,2,4,6,11,10,10,4,7,8,9,9,2,2,3,11,,6,,,5,10,10,10,11,10,9,11,7,8,8,3,8,9,4,9,6,10,10,11,11,9,2,2,2,7,6,10,8,10,8,9,5,1,2,5,6,3,7,2,,,6,10,,,5,10,4,7,5,8,9,3,10,4,5,4,3,5,5,4,5,2,9,7,7,2,3,5,,10,,,b'\x11\xe8\xe1I\xc9\xe5PJ\xaf\x82\x12\xdf\x17\xaeN\x1e'
11E8E149-C9E5-504A-AF82-12DF17AE4E1E,2021-ncaa-d1-natl,ncaa,74,250,10,162,14,24,13,12,79,21,18,113,31,39,44,164,138,150,145,143,312,14,18,76,96,66,210,112,319,65,267,29,97,36,220,29,220,218,31,52,56,166,243,320,,,315,141,,,146,17,100,225,74,47,45,65,71,77,124,276,291,286,71,152,225,174,208,98,32,163,317,,160,,,153,338,338,325,308,341,320,321,287,303,133,162,301,301,163,300,150,327,324,297,289,293,63,103,109,273,97,339,267,334,220,321,84,48,203,216,271,99,213,58,,,78,297,,,146,327,76,269,152,266,287,201,304,209,162,172,165,177,174,203,176,87,272,205,198,202,108,88,,288,,,b'\x11\xe8\xe1I\xc9\xe5PJ\xaf\x82\x12\xdf\x17\xaeN\x1e'
11E8E149-C9E5-504A-AF82-12DF17AE4E1E,2022-ncaa-d0-natl,ncaa,123,157,79,146,95,50,42,75,31,35,35,86,120,229,7,296,94,103,126,108,264,70,72,41,48,45,263,229,234,157,207,86,122,97,138,49,155,205,101,78,104,165,173,212,,,317,253,,,141,60,42,236,29,25,54,27,34,146,264,123,137,142,64,77,207,111,145,41,146,134,197,,285,,,146,333,310,287,265,303,264,256,282,266,247,172,341,326,332,328,276,304,295,262,288,295,227,151,289,209,122,242,207,236,138,236,75,119,210,176,275,186,208,74,,,96,189,,,141,296,58,275,142,312,279,242,264,210,233,222,325,305,305,274,279,155,170,159,173,166,221,151,,133,,,b'\x11\xe8\xe1I\xc9\xe5PJ\xaf\x82\x12\xdf\x17\xaeN\x1e'
11E8E149-C9E5-504A-AF82-12DF17AE4E1E,2022-ncaa-d1-natl,ncaa,135,157,100,157,125,59,49,93,32,38,42,93,136,248,7,294,111,126,126,129,260,90,98,44,50,50,261,230,231,187,219,112,131,133,149,59,158,185,107,82,126,178,184,219,,,308,254,,,166,78,45,230,35,28,64,29,37,151,267,125,141,150,73,84,223,125,161,47,149,152,201,,288,,,169,329,302,273,279,293,250,271,266,248,258,169,336,320,332,321,275,292,274,275,301,310,230,154,288,180,131,223,219,204,149,222,75,146,221,194,249,195,192,80,,,113,186,,,166,281,67,293,170,316,291,246,273,212,241,216,328,305,305,279,276,157,176,166,183,187,225,163,,137,,,b'\x11\xe8\xe1I\xc9\xe5PJ\xaf\x82\x12\xdf\x17\xaeN\x1e'
11E8E149-C9E5-504A-AF82-12DF17AE4E1E,2023-ncaa-d0-natl,ncaa,87,139,29,115,29,35,35,13,184,63,49,180,23,12,131,84,77,83,174,81,194,14,17,151,161,123,92,75,265,37,175,26,92,26,153,52,189,240,56,93,117,242,172,270,,,346,260,,,146,15,32,5,40,43,8,111,113,36,31,147,150,149,11,15,64,45,31,82,125,197,224,,313,,,150,355,345,340,209,353,350,184,256,262,186,86,359,359,193,359,296,350,346,192,228,269,198,78,311,277,92,358,175,356,153,203,19,92,248,115,267,104,272,168,,,68,303,,,146,348,105,231,152,326,286,306,308,322,168,155,344,345,345,341,330,168,341,309,89,191,174,224,,174,,,b'\x11\xe8\xe1I\xc9\xe5PJ\xaf\x82\x12\xdf\x17\xaeN\x1e'
11E8E149-C9E5-504A-AF82-12DF17AE4E1E,2023-ncaa-d1-conf-Big Sky,ncaa,2,2,1,2,1,1,1,1,6,1,1,4,3,1,7,4,5,2,8,2,6,1,1,5,6,6,6,5,8,1,3,1,1,1,3,1,4,7,1,3,2,6,7,8,,,9,6,,,2,1,1,1,1,1,1,2,3,4,2,7,5,5,1,1,1,2,1,1,5,4,7,,8,,,2,10,7,10,3,6,9,4,6,8,2,4,9,9,5,9,8,10,10,2,3,2,7,3,9,6,1,10,3,10,3,7,4,1,4,2,4,1,9,7,,,4,9,,,2,10,3,1,2,7,5,8,5,7,4,5,9,9,9,8,10,3,8,8,3,2,4,8,,8,,,b'\x11\xe8\xe1I\xc9\xe5PJ\xaf\x82\x12\xdf\x17\xaeN\x1e'
11E8E149-C9E5-504A-AF82-12DF17AE4E1E,2023-ncaa-d1-natl,ncaa,81,138,18,119,18,22,22,7,168,46,44,152,21,11,136,84,76,86,158,80,197,11,9,142,151,113,104,83,273,32,172,20,88,18,147,44,208,250,58,98,90,216,182,282,,,349,260,,,132,8,29,5,34,38,8,97,114,39,30,148,151,149,11,15,64,46,34,81,132,162,234,,310,,,138,358,349,346,219,355,352,190,256,262,200,87,360,358,188,357,297,356,352,205,228,271,199,82,315,270,88,358,172,358,147,205,21,77,234,87,277,111,268,157,,,74,311,,,132,354,98,230,143,323,291,297,309,321,170,153,343,341,340,340,331,166,337,299,80,163,183,213,,193,,,b'\x11\xe8\xe1I\xc9\xe5PJ\xaf\x82\x12\xdf\x17\xaeN\x1e'
11E8E149-C9E5-504A-AF82-12DF17AE4E1E,2024-ncaa-d0-natl,ncaa,41,57,29,56,33,27,33,15,110,56,42,141,32,36,56,121,57,102,11,108,244,20,29,99,85,55,106,93,228,87,209,38,45,39,133,37,102,112,24,28,116,200,87,157,,,335,233,,,105,20,62,68,32,39,21,74,99,47,65,94,180,193,32,68,158,64,77,47,45,180,126,,265,,,108,351,344,330,254,339,328,229,292,268,259,134,341,333,280,334,252,339,332,253,266,305,189,144,256,166,45,348,209,331,133,285,100,132,257,222,135,50,227,117,,,109,285,,,105,342,54,268,107,305,293,260,282,276,221,188,301,281,289,287,263,71,295,224,185,222,73,150,,219,,,b'\x11\xe8\xe1I\xc9\xe5PJ\xaf\x82\x12\xdf\x17\xaeN\x1e'
11E8E149-C9E5-504A-AF82-12DF17AE4E1E,2024-ncaa-d1-conf-Big Sky,ncaa,2,2,1,2,1,1,1,1,3,1,1,2,2,2,3,5,1,1,1,1,5,1,1,3,3,2,4,5,5,2,4,1,2,1,3,1,1,5,2,1,4,8,2,5,,,10,6,,,3,1,1,2,1,1,1,1,2,2,2,1,2,2,1,1,3,2,1,1,3,7,3,,8,,,3,10,10,10,7,10,10,7,6,7,3,6,9,9,3,10,8,10,10,5,5,6,6,4,7,6,2,10,4,8,3,7,3,3,6,4,4,1,4,3,,,1,6,,,3,10,2,4,3,7,9,10,9,10,5,7,9,9,9,10,10,4,9,7,5,5,1,4,,2,,,b'\x11\xe8\xe1I\xc9\xe5PJ\xaf\x82\x12\xdf\x17\xaeN\x1e'
11E8E149-C9E5-504A-AF82-12DF17AE4E1E,2024-ncaa-d1-natl,ncaa,39,57,16,55,19,18,23,14,111,44,35,132,34,33,63,117,62,103,13,109,254,17,19,105,93,59,118,101,237,85,213,30,50,28,136,32,98,118,24,26,113,205,79,141,,,337,230,,,107,19,64,71,32,35,21,78,100,51,61,102,185,199,33,65,149,62,68,43,53,173,113,,259,,,113,355,343,334,246,340,337,220,292,282,244,138,342,333,283,333,251,345,340,236,255,297,192,139,265,175,50,350,213,337,136,282,98,134,254,217,148,50,217,113,,,103,296,,,107,344,53,250,117,300,286,265,283,278,213,192,306,290,297,291,269,80,299,232,185,214,77,152,,227,,,b'\x11\xe8\xe1I\xc9\xe5PJ\xaf\x82\x12\xdf\x17\xaeN\x1e'
11E8E149-C9E5-504A-AF82-12DF17AE4E1E,2025-ncaa-d0-natl,genius_ncaa,29,37,29,41,45,23,33,14,160,59,70,115,13,9,132,54,18,31,32,30,71,14,15,120,96,64,48,63,143,28,129,14,89,12,89,36,117,118,22,35,197,312,51,152,,,267,60,,100,76,17,11,242,16,36,8,100,137,14,9,25,46,46,7,13,45,7,4,43,57,274,66,,149,,59,78,353,356,356,142,356,361,72,279,245,286,43,293,267,315,261,36,356,348,115,120,210,79,115,115,321,89,359,129,356,89,301,59,181,330,269,283,120,235,138,,,49,254,,265,76,347,49,208,83,317,332,357,337,359,208,138,209,172,164,356,344,256,334,321,217,276,190,158,,107,,299,b'\x11\xe8\xe1I\xc9\xe5PJ\xaf\x82\x12\xdf\x17\xaeN\x1e'
11E8E149-C9E5-504A-AF82-12DF17AE4E1E,2025-ncaa-d1-conf-Big Sky,genius_ncaa,2,2,3,2,6,1,1,1,3,4,3,2,2,2,5,2,1,1,2,1,2,1,1,3,2,1,2,2,2,1,3,1,5,1,2,1,3,1,1,1,8,8,1,4,,,6,4,,5,2,2,1,8,1,1,1,4,4,2,1,1,1,1,1,1,1,2,1,1,2,8,1,,5,,4,2,9,9,10,3,10,10,2,1,1,8,1,8,6,9,6,1,10,9,2,2,3,1,1,7,8,5,8,3,10,2,4,2,6,8,7,2,1,1,1,,,2,4,,7,2,9,1,5,2,9,9,10,10,10,1,1,7,6,6,10,10,8,7,9,4,6,2,1,,1,,7,b'\x11\xe8\xe1I\xc9\xe5PJ\xaf\x82\x12\xdf\x17\xaeN\x1e'
11E8E149-C9E5-504A-AF82-12DF17AE4E1E,2025-ncaa-d1-natl,genius_ncaa,28,37,25,41,35,17,27,9,155,55,69,112,12,6,130,49,13,23,43,23,61,8,12,115,97,61,47,62,132,26,128,11,81,8,83,31,113,122,20,32,214,322,50,163,,,280,61,,90,79,10,11,242,13,35,8,97,142,15,10,24,41,44,9,14,47,7,4,39,57,288,67,,156,,49,84,358,358,356,148,359,361,66,299,258,317,46,295,277,306,271,36,356,354,129,131,226,98,135,110,321,81,359,128,358,83,316,67,194,340,291,280,117,229,136,,,40,252,,273,79,353,47,223,89,323,336,357,337,359,232,143,209,178,172,356,340,253,333,316,227,295,185,158,,101,,303,b'\x11\xe8\xe1I\xc9\xe5PJ\xaf\x82\x12\xdf\x17\xaeN\x1e'
11E8E149-C9E5-504A-AF82-12DF17AE4E1E,2026-ncaa-d0-natl,genius_ncaa,332,346,116,332,142,133,148,142,188,166,139,257,103,150,58,209,86,96,126,93,103,137,148,162,151,132,72,118,87,239,326,138,82,183,254,134,118,144,101,119,166,203,306,336,,,294,290,,118,301,126,45,97,126,163,131,198,141,100,168,74,85,82,110,153,292,157,238,129,106,186,341,,305,,104,287,344,330,227,345,288,170,337,351,295,351,280,332,314,313,316,323,252,226,354,355,354,321,302,231,94,82,305,326,247,254,338,286,185,245,316,221,193,295,260,,,153,213,,337,301,250,169,338,275,351,338,231,278,109,354,314,318,308,312,276,259,55,325,238,343,213,198,287,,200,,346,b'\x11\xe8\xe1I\xc9\xe5PJ\xaf\x82\x12\xdf\x17\xaeN\x1e'
11E8E149-C9E5-504A-AF82-12DF17AE4E1E,2026-ncaa-d1-natl,genius_ncaa,332,345,85,347,117,102,125,93,189,142,100,255,90,136,68,217,64,64,161,56,94,83,100,176,161,137,89,129,91,245,327,137,113,184,290,111,147,169,92,126,92,142,326,334,,,343,313,,125,292,69,32,100,113,157,105,188,126,107,173,69,67,61,84,116,288,185,257,135,113,116,340,,332,,110,289,355,339,246,347,300,171,348,351,320,347,297,351,345,293,346,340,290,287,359,360,353,334,292,261,128,113,337,327,297,290,344,291,111,195,286,231,185,280,217,,,104,176,,337,292,298,177,339,287,351,334,210,275,82,356,324,347,335,336,280,297,84,342,275,342,152,198,260,,149,,346,b'\x11\xe8\xe1I\xc9\xe5PJ\xaf\x82\x12\xdf\x17\xaeN\x1e'
11E8E149-C9E9-88EA-AF82-12DF17AE4E1E,2010-ncaa-d0-natl,ncaa,219,174,288,212,316,247,269,309,167,278,300,189,193,233,91,167,142,128,193,118,21,295,316,149,131,130,73,137,44,304,268,215,37,271,142,298,295,32,147,228,320,296,216,207,,,68,202,,,198,309,189,283,174,239,280,243,258,144,183,61,45,43,228,256,276,100,200,287,107,296,189,,156,,,201,78,96,69,236,145,118,189,90,36,292,68,112,110,169,111,150,70,33,222,218,282,113,124,160,16,37,73,268,26,142,96,151,324,291,281,38,119,182,283,,,165,15,,,198,46,150,235,187,216,229,175,251,258,145,77,179,182,183,191,113,38,192,103,205,297,94,253,,49,,,b'\x11\xe8\xe1I\xc9\xe9\x88\xea\xaf\x82\x12\xdf\x17\xaeN\x1e'
11E8E149-C9E9-88EA-AF82-12DF17AE4E1E,2010-ncaa-d1-conf-Big Sky,ncaa,7,7,7,7,8,9,9,9,8,9,9,8,7,8,8,8,3,2,8,2,1,9,8,9,8,9,3,7,2,8,5,7,2,7,4,9,9,5,9,9,8,7,6,6,,,4,6,,,7,8,4,7,9,9,9,9,8,7,8,3,1,1,9,8,6,4,5,9,9,7,5,,6,,,7,1,3,2,5,6,6,6,1,1,7,1,3,4,1,4,3,1,1,5,5,6,2,1,4,1,2,1,5,1,4,2,2,8,7,3,2,3,6,8,,,2,1,,,7,2,9,5,7,4,5,4,7,7,1,1,4,5,5,4,3,1,3,2,2,7,3,6,,1,,,b'\x11\xe8\xe1I\xc9\xe9\x88\xea\xaf\x82\x12\xdf\x17\xaeN\x1e'
11E8E149-C9E9-88EA-AF82-12DF17AE4E1E,2010-ncaa-d1-natl,ncaa,189,174,191,191,227,194,242,281,175,249,262,199,152,189,88,159,87,66,197,64,14,231,255,153,131,131,64,131,35,262,250,162,38,211,132,289,296,73,142,230,293,280,194,206,,,116,191,,,189,246,191,186,160,235,273,247,251,132,166,44,33,32,204,238,252,100,185,289,116,287,183,,150,,,189,145,180,134,226,201,181,212,124,88,239,101,142,141,176,140,149,132,98,211,207,269,113,129,158,32,38,129,250,67,132,150,132,294,281,270,51,110,213,279,,,88,16,,,189,121,142,218,177,206,226,181,243,240,145,106,166,174,173,192,120,42,196,108,189,283,89,246,,40,,,b'\x11\xe8\xe1I\xc9\xe9\x88\xea\xaf\x82\x12\xdf\x17\xaeN\x1e'
11E8E149-C9E9-88EA-AF82-12DF17AE4E1E,2011-ncaa-d0-natl,ncaa,153,134,170,148,190,154,164,231,83,113,151,109,246,279,106,275,93,99,154,95,86,202,180,108,94,139,230,270,77,183,124,140,38,153,45,143,140,235,258,199,77,53,128,93,,,209,248,,,98,181,139,106,129,146,238,98,141,242,281,78,64,64,202,155,184,99,118,132,258,64,119,,236,,,97,81,36,78,69,55,84,83,86,120,75,153,288,264,291,269,298,104,134,58,126,100,266,122,324,44,38,54,124,35,45,46,136,129,95,52,174,193,315,309,,,106,58,,,98,178,146,69,94,114,53,80,70,96,100,135,295,272,272,125,160,49,72,48,59,106,188,322,,68,,,b'\x11\xe8\xe1I\xc9\xe9\x88\xea\xaf\x82\x12\xdf\x17\xaeN\x1e'
11E8E149-C9E9-88EA-AF82-12DF17AE4E1E,2011-ncaa-d1-conf-Big Sky,ncaa,3,1,4,2,5,5,6,8,1,3,6,1,9,9,3,9,1,1,6,1,1,8,6,1,1,3,8,9,1,6,3,4,1,5,1,4,3,7,8,8,4,2,2,2,,,5,5,,,1,6,6,4,4,6,9,1,7,9,9,1,1,1,8,7,7,3,7,4,7,2,1,,5,,,1,1,1,2,1,1,4,1,2,2,4,2,5,4,7,4,5,2,3,1,2,2,6,3,8,2,1,1,3,1,1,1,3,3,3,1,5,5,7,7,,,2,1,,,1,4,3,1,1,2,1,2,2,5,2,2,5,5,5,2,2,1,1,1,1,2,5,7,,1,,,b'\x11\xe8\xe1I\xc9\xe9\x88\xea\xaf\x82\x12\xdf\x17\xaeN\x1e'
11E8E149-C9E9-88EA-AF82-12DF17AE4E1E,2011-ncaa-d1-natl,ncaa,145,133,132,142,150,141,149,208,78,105,129,100,239,272,115,274,91,101,150,96,101,185,159,110,93,137,234,271,92,173,107,115,49,133,43,123,117,261,251,186,67,51,108,81,,,220,242,,,93,156,144,118,133,142,234,94,138,241,277,81,77,78,195,156,172,96,113,110,253,64,104,,227,,,91,93,41,99,56,54,104,56,109,143,88,168,288,266,284,266,289,129,160,55,111,95,281,143,321,71,49,61,107,46,43,56,156,108,93,55,182,196,323,318,,,98,80,,,93,194,145,60,90,104,50,86,58,99,107,142,290,263,266,131,163,72,62,47,64,107,201,328,,85,,,b'\x11\xe8\xe1I\xc9\xe9\x88\xea\xaf\x82\x12\xdf\x17\xaeN\x1e'
11E8E149-C9E9-88EA-AF82-12DF17AE4E1E,2012-ncaa-d0-natl,ncaa,123,87,163,107,198,231,243,311,89,221,264,115,226,266,87,218,142,161,135,150,56,294,287,108,87,157,153,205,71,307,251,110,45,200,93,207,108,202,292,228,151,113,261,246,,,39,61,,,152,270,270,189,242,259,335,227,279,223,263,129,142,135,318,308,313,55,199,200,227,140,258,,42,,,151,49,51,132,39,36,68,79,196,286,47,312,82,63,277,63,122,102,70,57,57,101,267,282,147,90,45,43,251,40,93,110,232,270,243,217,135,209,300,328,,,131,13,,,152,82,188,99,148,73,68,156,46,55,211,296,97,62,65,126,73,106,47,53,131,279,151,315,,96,,,b'\x11\xe8\xe1I\xc9\xe9\x88\xea\xaf\x82\x12\xdf\x17\xaeN\x1e'
11E8E149-C9E9-88EA-AF82-12DF17AE4E1E,2012-ncaa-d1-conf-Big Sky,ncaa,2,2,1,2,2,7,8,9,3,7,9,5,5,8,1,6,1,2,3,1,1,8,7,2,1,5,2,6,1,9,7,2,2,4,2,6,3,8,9,8,6,5,9,9,,,3,2,,,3,5,9,4,8,9,9,8,9,8,9,1,2,1,9,9,9,2,5,8,7,6,9,,1,,,3,1,3,7,1,3,4,3,4,9,1,9,1,1,3,1,3,7,5,1,1,1,6,7,2,2,2,2,7,2,2,2,2,7,6,4,3,6,8,9,,,2,2,,,3,5,7,2,2,1,2,4,3,2,2,9,1,1,1,2,1,2,1,1,2,8,2,8,,2,,,b'\x11\xe8\xe1I\xc9\xe9\x88\xea\xaf\x82\x12\xdf\x17\xaeN\x1e'
11E8E149-C9E9-88EA-AF82-12DF17AE4E1E,2012-ncaa-d1-natl,ncaa,90,86,90,88,115,193,192,272,74,165,236,89,212,249,97,224,129,125,181,116,65,247,229,91,87,155,187,215,100,273,226,53,41,148,79,161,104,254,293,222,118,98,223,217,,,65,60,,,140,195,263,215,232,235,333,203,274,230,264,156,148,136,316,298,297,53,186,185,229,132,237,,37,,,139,87,77,189,31,53,96,57,228,296,57,310,110,80,276,82,128,164,145,56,53,81,285,287,153,116,41,71,226,71,79,136,236,226,220,192,167,204,312,327,,,80,15,,,140,157,188,74,135,57,52,133,28,47,209,295,96,61,68,115,73,91,40,45,114,263,151,308,,96,,,b'\x11\xe8\xe1I\xc9\xe9\x88\xea\xaf\x82\x12\xdf\x17\xaeN\x1e'
11E8E149-C9E9-88EA-AF82-12DF17AE4E1E,2013-ncaa-d0-natl,ncaa,88,105,41,102,62,149,141,162,115,81,116,68,299,247,337,256,77,77,123,77,110,149,134,174,149,169,301,320,67,170,182,77,15,101,61,92,55,234,206,125,117,103,113,93,,,304,316,,,129,129,274,245,242,219,292,118,197,320,279,107,127,128,275,271,233,141,193,107,161,165,136,,250,,,130,159,68,122,78,60,124,46,195,162,276,159,310,303,279,302,310,165,175,103,172,147,320,222,326,27,15,193,182,99,61,130,223,141,116,112,212,193,112,85,,,59,30,,,129,221,170,92,125,63,24,18,25,33,156,93,274,261,253,37,33,15,86,30,81,199,147,78,,96,,,b'\x11\xe8\xe1I\xc9\xe9\x88\xea\xaf\x82\x12\xdf\x17\xaeN\x1e'
11E8E149-C9E9-88EA-AF82-12DF17AE4E1E,2013-ncaa-d1-conf-Big Sky,ncaa,2,2,1,2,1,5,3,5,2,2,3,1,9,7,10,9,4,2,8,2,5,4,3,3,3,5,10,11,5,6,6,1,1,4,1,3,2,8,8,5,4,4,4,4,,,10,9,,,3,3,10,9,9,8,10,3,8,10,10,6,5,5,11,10,7,6,8,3,6,5,5,,3,,,3,4,3,5,3,3,3,3,8,7,4,9,9,8,11,8,8,7,8,3,3,3,8,7,9,1,1,6,6,2,1,3,5,2,1,2,4,4,2,1,,,1,1,,,3,9,5,2,3,3,2,1,2,1,5,4,4,2,2,1,1,1,1,1,3,7,3,1,,2,,,b'\x11\xe8\xe1I\xc9\xe9\x88\xea\xaf\x82\x12\xdf\x17\xaeN\x1e'
11E8E149-C9E9-88EA-AF82-12DF17AE4E1E,2013-ncaa-d1-natl,ncaa,94,104,49,107,69,162,151,186,118,91,130,71,300,252,339,255,85,91,124,92,110,172,153,180,151,176,298,320,60,191,185,85,17,115,61,96,57,224,208,129,138,110,115,94,,,298,316,,,137,150,275,245,248,226,296,127,199,320,277,108,124,129,281,273,238,145,197,112,161,172,139,,253,,,139,142,53,92,81,51,95,47,187,149,277,159,305,299,281,298,313,140,150,111,177,157,318,221,324,19,17,176,185,73,61,122,223,152,121,121,199,195,106,91,,,67,30,,,137,200,174,98,133,67,26,18,26,33,158,91,278,266,258,35,33,15,88,31,83,206,150,79,,97,,,b'\x11\xe8\xe1I\xc9\xe9\x88\xea\xaf\x82\x12\xdf\x17\xaeN\x1e'
11E8E149-C9E9-88EA-AF82-12DF17AE4E1E,2014-ncaa-d0-natl,ncaa,197,150,297,192,313,294,297,342,44,250,320,32,292,295,260,198,195,233,88,223,59,337,339,76,60,124,221,265,64,328,221,274,243,314,167,127,3,139,307,115,261,212,147,97,,,95,256,,,211,339,309,165,259,264,341,194,291,272,267,123,167,161,334,323,316,197,280,48,239,222,113,,197,,,212,36,25,35,106,23,43,87,123,106,202,186,179,156,267,154,268,36,16,113,148,215,299,204,292,131,243,4,221,13,167,147,322,334,298,305,119,278,68,198,,,260,31,,,211,12,168,256,212,143,85,116,84,125,189,172,264,245,244,154,74,242,16,61,240,307,211,108,,158,,,b'\x11\xe8\xe1I\xc9\xe9\x88\xea\xaf\x82\x12\xdf\x17\xaeN\x1e'
11E8E149-C9E9-88EA-AF82-12DF17AE4E1E,2014-ncaa-d1-conf-Big Sky,ncaa,8,8,8,8,8,11,11,11,4,9,10,2,9,9,11,6,10,11,4,11,5,11,11,5,6,8,8,7,4,11,11,6,6,11,6,8,1,5,10,6,9,8,7,7,,,3,9,,,7,11,11,3,11,11,11,8,9,9,9,9,10,10,11,11,11,5,10,6,6,9,7,,5,,,7,1,1,2,4,1,2,2,2,2,4,3,4,4,6,4,6,1,1,3,3,5,6,4,8,6,6,2,11,2,6,5,11,10,9,9,3,6,1,5,,,11,4,,,7,1,10,5,7,2,2,3,3,4,2,2,6,6,7,2,1,8,2,2,7,9,4,2,,11,,,b'\x11\xe8\xe1I\xc9\xe9\x88\xea\xaf\x82\x12\xdf\x17\xaeN\x1e'
11E8E149-C9E9-88EA-AF82-12DF17AE4E1E,2014-ncaa-d1-natl,ncaa,191,150,307,188,319,298,299,345,46,243,314,31,294,284,276,198,202,232,80,228,60,339,339,79,62,129,228,274,61,323,211,272,229,319,157,122,3,151,310,117,258,214,136,94,,,99,254,,,216,336,319,170,273,270,342,196,295,280,268,129,173,168,336,326,314,202,285,52,237,228,111,,179,,,218,43,26,38,106,20,43,71,155,119,258,195,178,152,262,152,257,45,20,123,148,220,308,245,274,136,229,3,211,11,157,163,323,335,297,310,127,271,61,186,,,246,29,,,216,15,177,260,215,132,79,113,67,110,215,175,242,222,223,140,59,217,15,47,244,307,200,95,,163,,,b'\x11\xe8\xe1I\xc9\xe9\x88\xea\xaf\x82\x12\xdf\x17\xaeN\x1e'
11E8E149-C9E9-88EA-AF82-12DF17AE4E1E,2015-ncaa-d0-natl,ncaa,68,103,26,94,40,67,55,68,59,103,197,30,27,26,90,42,268,272,188,269,268,90,118,33,58,49,119,44,339,216,277,64,112,118,213,23,27,92,71,19,104,115,114,131,,,322,316,,,78,93,310,252,141,98,214,201,313,51,50,333,331,332,264,317,289,193,278,29,30,155,166,,246,,,85,243,182,215,145,181,209,144,203,207,182,179,311,320,124,317,295,252,250,142,173,169,276,177,292,211,112,298,277,282,213,158,124,137,176,132,67,58,4,5,,,198,272,,,78,254,63,166,85,88,59,37,51,56,136,122,243,255,254,48,37,95,156,120,74,232,29,4,,332,,,b'\x11\xe8\xe1I\xc9\xe9\x88\xea\xaf\x82\x12\xdf\x17\xaeN\x1e'
11E8E149-C9E9-88EA-AF82-12DF17AE4E1E,2015-ncaa-d1-conf-Big Sky,ncaa,3,3,1,3,2,2,2,3,1,2,9,1,2,2,1,2,12,12,7,12,10,4,4,1,1,1,3,2,12,10,10,5,6,6,8,1,1,3,3,1,2,3,4,5,,,9,8,,,3,3,11,8,2,2,7,6,12,2,3,12,12,12,11,12,10,9,10,1,2,3,5,,5,,,3,8,8,7,5,6,4,6,9,10,4,10,9,8,4,8,10,8,10,7,6,6,9,8,7,7,6,9,10,8,8,8,6,4,5,7,3,2,1,1,,,11,11,,,3,10,2,6,3,3,3,2,2,1,7,7,4,3,3,2,2,3,2,2,3,7,2,1,,12,,,b'\x11\xe8\xe1I\xc9\xe9\x88\xea\xaf\x82\x12\xdf\x17\xaeN\x1e'
11E8E149-C9E9-88EA-AF82-12DF17AE4E1E,2015-ncaa-d1-natl,ncaa,68,103,15,93,24,56,47,55,59,96,198,25,23,18,114,35,266,272,185,271,266,76,96,36,61,47,112,44,341,212,270,55,102,108,207,19,28,94,62,20,94,108,117,137,,,322,317,,,72,73,311,257,139,104,208,200,316,47,48,334,332,333,259,316,287,189,274,30,30,148,180,,244,,,79,244,176,222,128,176,207,130,199,213,159,177,320,321,131,320,303,262,272,133,168,163,283,170,302,207,102,308,270,292,207,150,129,126,163,128,66,56,5,4,,,197,276,,,72,273,61,147,77,81,44,33,46,49,122,122,251,261,258,43,37,84,160,120,63,222,28,4,,331,,,b'\x11\xe8\xe1I\xc9\xe9\x88\xea\xaf\x82\x12\xdf\x17\xaeN\x1e'
11E8E149-C9E9-88EA-AF82-12DF17AE4E1E,2016-ncaa-d0-natl,ncaa,221,181,287,216,287,265,254,315,121,325,345,80,52,56,85,10,342,347,9,346,273,329,340,67,78,82,25,12,333,340,326,330,191,345,317,154,35,18,129,52,228,131,336,322,,,82,251,,,179,335,335,11,217,203,267,316,339,20,19,328,345,344,316,334,335,315,341,85,49,183,334,,163,,,179,44,39,11,296,53,13,290,94,50,274,176,128,111,247,112,278,11,12,298,311,262,202,176,234,21,191,83,326,45,317,24,49,231,86,77,20,119,15,166,,,316,144,,,179,14,129,254,184,138,123,16,139,30,160,90,206,188,194,25,30,74,206,139,60,160,54,40,,278,,,b'\x11\xe8\xe1I\xc9\xe9\x88\xea\xaf\x82\x12\xdf\x17\xaeN\x1e'
11E8E149-C9E9-88EA-AF82-12DF17AE4E1E,2016-ncaa-d1-conf-Big Sky,ncaa,9,8,8,9,8,11,10,12,6,12,12,3,4,4,5,3,12,12,1,12,12,12,12,4,6,7,4,3,12,12,11,12,7,12,11,8,4,2,7,5,8,4,12,12,,,5,11,,,9,12,12,2,10,10,11,12,12,4,4,12,12,12,12,12,12,12,12,6,3,7,12,,7,,,9,1,1,1,9,2,1,8,1,1,7,4,4,6,8,6,9,1,1,7,8,8,4,4,11,1,7,2,11,2,11,1,2,6,3,2,1,6,3,7,,,12,6,,,9,1,8,7,9,2,2,1,4,1,3,2,6,6,6,1,1,4,4,2,2,5,1,3,,12,,,b'\x11\xe8\xe1I\xc9\xe9\x88\xea\xaf\x82\x12\xdf\x17\xaeN\x1e'
11E8E149-C9E9-88EA-AF82-12DF17AE4E1E,2016-ncaa-d1-natl,ncaa,216,179,303,214,303,249,241,317,107,327,347,70,41,45,58,9,340,348,12,345,279,332,348,52,64,65,24,12,341,341,325,335,162,348,310,139,34,12,98,38,227,130,335,328,,,83,252,,,166,342,335,10,191,182,257,311,339,17,19,333,345,344,308,332,334,315,340,72,35,183,333,,159,,,164,36,40,1,301,56,10,289,92,47,282,171,136,107,259,108,264,3,7,303,312,266,193,173,231,16,162,97,325,42,310,26,64,226,84,84,15,100,23,185,,,315,147,,,166,8,107,242,163,136,123,16,140,29,149,80,198,182,188,23,28,60,205,134,64,160,46,53,,278,,,b'\x11\xe8\xe1I\xc9\xe9\x88\xea\xaf\x82\x12\xdf\x17\xaeN\x1e'
11E8E149-C9E9-88EA-AF82-12DF17AE4E1E,2017-ncaa-d0-natl,ncaa,79,28,234,47,258,132,116,199,47,184,292,33,47,70,44,32,312,339,13,340,329,242,266,24,33,42,92,32,341,317,307,205,209,271,263,28,4,66,132,18,124,98,233,222,,,70,88,,,72,242,168,108,72,50,134,144,278,26,39,309,339,338,209,238,311,138,257,9,118,95,221,,103,,,65,65,57,70,114,59,109,72,136,91,266,156,153,163,166,169,210,75,116,122,130,95,251,214,222,175,209,133,307,153,263,39,64,122,71,45,185,249,26,87,,,285,247,,,72,99,64,113,71,127,106,123,98,153,180,129,197,202,210,142,204,235,199,226,65,68,236,44,,269,,,b'\x11\xe8\xe1I\xc9\xe9\x88\xea\xaf\x82\x12\xdf\x17\xaeN\x1e'
11E8E149-C9E9-88EA-AF82-12DF17AE4E1E,2017-ncaa-d1-conf-Big Sky,ncaa,3,3,7,3,12,6,5,11,2,7,11,2,4,5,1,4,12,12,2,12,11,11,12,1,1,1,5,4,12,12,10,9,11,12,11,1,1,3,6,1,5,4,7,7,,,2,3,,,1,11,9,12,4,2,8,6,9,3,5,12,12,12,9,11,11,9,11,1,5,4,6,,3,,,1,1,1,1,5,1,3,3,3,1,8,5,7,7,4,7,10,1,2,4,6,1,8,7,10,10,11,2,10,4,11,2,4,3,2,1,4,8,3,4,,,10,7,,,1,2,1,5,1,3,2,2,4,6,5,1,8,9,9,3,5,11,3,7,2,2,6,3,,9,,,b'\x11\xe8\xe1I\xc9\xe9\x88\xea\xaf\x82\x12\xdf\x17\xaeN\x1e'
11E8E149-C9E9-88EA-AF82-12DF17AE4E1E,2017-ncaa-d1-natl,ncaa,69,28,217,46,258,125,104,190,49,178,291,37,44,58,46,30,310,342,9,342,331,248,276,26,34,37,90,32,341,318,312,199,221,281,275,24,3,56,114,17,114,86,215,212,,,78,99,,,68,238,172,115,69,46,118,147,277,24,38,310,342,342,202,244,308,148,261,8,97,87,211,,126,,,62,62,52,67,103,56,112,61,130,72,278,128,189,194,164,198,225,79,121,108,119,89,255,197,253,205,221,153,312,179,275,34,67,115,74,37,170,232,23,86,,,296,264,,,68,104,67,118,63,123,98,109,85,157,169,113,228,227,230,135,204,249,210,232,62,72,210,40,,282,,,b'\x11\xe8\xe1I\xc9\xe9\x88\xea\xaf\x82\x12\xdf\x17\xaeN\x1e'
11E8E149-C9E9-88EA-AF82-12DF17AE4E1E,2018-ncaa-d0-natl,ncaa,22,16,43,20,53,55,67,133,33,113,228,25,39,48,49,60,88,174,3,182,127,139,148,23,19,26,71,75,192,332,336,143,172,273,298,51,67,108,106,48,80,89,131,187,,,124,64,,,73,77,241,151,66,98,258,170,306,59,81,131,237,245,269,314,343,272,342,62,65,106,170,,46,,,74,260,282,243,278,305,285,264,95,96,153,62,167,153,251,174,85,237,255,231,215,182,30,55,112,179,172,253,336,234,298,68,10,99,127,51,215,209,4,13,,,152,149,,,73,270,54,170,77,134,194,100,262,219,57,54,111,87,104,76,96,103,148,129,27,151,150,3,,241,,,b'\x11\xe8\xe1I\xc9\xe9\x88\xea\xaf\x82\x12\xdf\x17\xaeN\x1e'
11E8E149-C9E9-88EA-AF82-12DF17AE4E1E,2018-ncaa-d1-conf-Big Sky,ncaa,1,1,1,1,1,2,3,6,2,5,10,2,4,5,4,5,5,8,4,9,3,6,6,2,2,2,4,5,7,11,12,9,10,11,10,5,6,8,8,6,1,2,4,5,,,6,4,,,1,4,11,5,4,7,9,6,10,5,5,7,9,9,11,12,11,11,12,6,6,2,5,,3,,,1,5,6,6,10,10,10,8,2,1,4,1,5,6,6,6,4,5,9,3,4,1,1,2,8,9,10,7,12,6,10,2,1,1,1,1,9,9,1,1,,,6,5,,,1,9,3,2,1,1,2,2,8,8,1,1,4,5,5,1,4,7,5,5,2,1,9,1,,9,,,b'\x11\xe8\xe1I\xc9\xe9\x88\xea\xaf\x82\x12\xdf\x17\xaeN\x1e'
11E8E149-C9E9-88EA-AF82-12DF17AE4E1E,2018-ncaa-d1-natl,ncaa,24,16,53,22,67,65,81,166,35,136,256,26,45,57,51,59,105,200,3,207,125,172,194,23,19,26,69,73,188,337,337,184,181,304,305,60,69,90,110,50,94,98,149,194,,,92,66,,,80,105,246,147,74,109,268,189,311,62,83,133,235,247,279,317,343,281,344,69,66,115,171,,49,,,82,238,268,218,289,302,278,272,78,69,160,59,151,127,257,147,85,209,223,246,227,199,28,52,111,151,181,228,337,212,305,50,10,119,134,58,196,213,3,13,,,187,152,,,80,243,55,189,84,142,201,103,271,224,57,53,114,92,108,80,96,106,156,135,30,156,155,3,,239,,,b'\x11\xe8\xe1I\xc9\xe9\x88\xea\xaf\x82\x12\xdf\x17\xaeN\x1e'
11E8E149-C9E9-88EA-AF82-12DF17AE4E1E,2018-ncaa-d1-ncaatournament,ncaa,33,2,33,33,34,48,47,63,36,51,58,24,43,49,34,18,42,48,7,48,24,63,61,33,26,42,22,30,23,61,61,61,38,63,59,41,14,24,62,45,35,13,35,34,,,20,52,,,41,48,30,7,47,46,62,46,53,31,32,29,42,42,63,60,61,61,63,31,52,12,19,,49,,,45,9,13,1,60,22,18,55,2,2,55,2,19,19,30,19,45,1,8,55,57,38,6,2,50,4,38,11,61,7,59,4,5,33,2,3,10,31,8,28,,,42,22,,,41,15,49,28,46,32,36,1,52,40,2,2,45,46,46,1,14,5,35,18,12,3,25,12,,30,,,b'\x11\xe8\xe1I\xc9\xe9\x88\xea\xaf\x82\x12\xdf\x17\xaeN\x1e'
11E8E149-C9E9-88EA-AF82-12DF17AE4E1E,2019-ncaa-d0-natl,ncaa,78,73,80,80,89,87,87,70,141,147,201,102,36,24,122,38,213,227,180,212,182,79,97,93,118,95,67,35,310,94,152,68,40,69,83,126,229,94,68,95,173,188,148,166,,,148,120,,,103,108,209,123,93,94,71,202,259,39,30,259,264,248,103,160,115,64,71,142,73,205,166,,97,,,106,238,205,241,125,182,221,101,236,220,244,182,252,221,306,220,186,245,212,144,170,212,250,221,228,80,40,270,152,208,83,120,62,242,268,185,92,80,186,206,,,269,328,,,103,243,88,182,107,166,139,161,123,171,208,172,222,184,183,153,96,52,208,131,80,276,78,162,,319,,,b'\x11\xe8\xe1I\xc9\xe9\x88\xea\xaf\x82\x12\xdf\x17\xaeN\x1e'
11E8E149-C9E9-88EA-AF82-12DF17AE4E1E,2019-ncaa-d1-conf-Big Sky,ncaa,3,2,3,3,4,4,3,2,4,5,7,3,3,3,6,3,6,7,5,7,3,4,6,4,5,3,4,3,8,1,1,4,4,3,3,5,7,4,3,5,4,5,5,4,,,4,6,,,4,6,5,8,2,2,3,6,8,3,2,7,9,7,3,6,1,5,2,6,3,5,4,,5,,,4,4,3,5,3,6,5,4,3,3,5,4,5,5,8,5,6,5,5,3,3,3,5,5,6,4,4,5,1,5,3,2,3,5,3,2,2,2,6,5,,,10,9,,,4,5,2,3,4,3,3,2,4,7,3,2,5,5,5,2,4,3,4,3,2,5,2,6,,10,,,b'\x11\xe8\xe1I\xc9\xe9\x88\xea\xaf\x82\x12\xdf\x17\xaeN\x1e'
11E8E149-C9E9-88EA-AF82-12DF17AE4E1E,2019-ncaa-d1-natl,ncaa,93,73,107,88,116,108,106,96,150,182,236,115,45,34,123,37,236,251,177,237,187,106,140,99,123,100,65,34,305,125,161,80,42,89,88,150,231,66,67,99,204,202,167,169,,,127,126,,,123,161,215,112,105,103,83,222,266,40,32,262,269,251,112,167,125,71,84,152,75,211,171,,100,,,123,205,176,210,139,146,186,109,225,192,258,177,231,201,307,200,188,206,150,160,179,232,248,220,227,56,42,237,161,163,88,90,64,270,275,198,77,81,176,214,,,290,329,,,123,187,93,205,124,176,154,164,132,176,208,169,230,188,187,160,95,51,210,143,90,279,78,165,,319,,,b'\x11\xe8\xe1I\xc9\xe9\x88\xea\xaf\x82\x12\xdf\x17\xaeN\x1e'
11E8E149-C9E9-88EA-AF82-12DF17AE4E1E,2020-ncaa-d0-natl,ncaa,197,240,33,223,71,178,170,90,268,134,81,258,232,185,271,226,132,136,151,140,210,95,56,284,267,269,228,234,117,46,88,44,57,29,65,218,256,298,243,279,185,207,25,40,,,312,299,,,251,84,164,240,231,227,158,186,118,248,221,176,182,185,180,115,65,75,36,269,260,222,28,,274,,,247,271,237,268,138,229,307,68,211,120,321,63,320,285,336,285,200,288,247,125,171,248,225,145,280,135,57,266,88,215,65,89,27,243,285,156,328,307,189,126,,,174,278,,,251,271,250,224,247,216,164,195,171,266,170,82,283,246,244,219,141,79,182,136,58,281,310,149,,239,,,b'\x11\xe8\xe1I\xc9\xe9\x88\xea\xaf\x82\x12\xdf\x17\xaeN\x1e'
11E8E149-C9E9-88EA-AF82-12DF17AE4E1E,2020-ncaa-d1-conf-Big Sky,ncaa,8,8,1,8,5,9,8,6,10,6,4,8,9,9,8,8,9,8,7,8,9,7,4,9,10,10,10,8,8,2,3,3,3,3,2,8,6,10,10,10,5,5,1,1,,,10,10,,,8,5,6,8,9,9,7,6,4,9,9,9,8,8,7,5,3,4,3,8,10,6,1,,10,,,8,5,5,4,5,5,8,2,5,2,9,2,9,9,10,9,7,6,6,5,5,5,8,5,9,3,3,6,3,6,2,4,3,5,5,3,10,10,4,3,,,8,10,,,8,8,10,5,8,5,5,3,4,7,4,2,8,8,8,4,3,3,6,5,3,6,10,4,,8,,,b'\x11\xe8\xe1I\xc9\xe9\x88\xea\xaf\x82\x12\xdf\x17\xaeN\x1e'
11E8E149-C9E9-88EA-AF82-12DF17AE4E1E,2020-ncaa-d1-natl,ncaa,214,240,45,236,96,214,202,122,274,160,97,271,242,204,270,227,157,162,150,164,210,130,88,288,276,276,229,232,113,62,95,66,62,35,69,253,261,287,249,286,212,219,27,41,,,306,301,,,268,120,166,230,243,241,168,202,123,255,221,181,185,187,190,121,68,82,40,278,266,228,28,,276,,,266,256,221,243,146,210,293,74,198,101,324,61,312,276,335,274,201,268,207,141,184,264,224,146,280,114,62,236,95,187,69,75,28,271,292,172,324,312,179,132,,,213,272,,,268,236,258,250,265,223,174,198,176,269,168,80,290,250,248,221,137,84,186,143,61,291,312,157,,235,,,b'\x11\xe8\xe1I\xc9\xe9\x88\xea\xaf\x82\x12\xdf\x17\xaeN\x1e'
11E8E149-C9E9-88EA-AF82-12DF17AE4E1E,2021-ncaa-d0-natl,ncaa,90,202,43,146,44,87,100,109,107,109,105,171,64,108,32,173,55,46,185,43,56,96,86,94,87,108,80,110,97,111,157,57,62,71,64,169,317,282,197,253,122,191,65,97,,,268,203,,,145,78,270,95,160,200,290,236,250,115,210,108,103,97,250,277,237,137,193,293,161,218,115,,153,,,146,273,255,276,97,225,257,94,286,294,185,247,257,209,340,213,125,276,262,112,141,202,266,249,191,195,62,216,157,211,64,169,37,171,271,159,302,248,114,64,,,106,184,,,145,272,124,174,140,133,116,161,87,115,216,230,175,92,94,128,62,58,42,32,48,299,221,37,,242,,,b'\x11\xe8\xe1I\xc9\xe9\x88\xea\xaf\x82\x12\xdf\x17\xaeN\x1e'
11E8E149-C9E9-88EA-AF82-12DF17AE4E1E,2021-ncaa-d1-conf-Big Sky,ncaa,4,5,3,4,3,5,5,6,3,4,6,5,5,6,3,6,2,1,9,1,1,5,4,3,2,5,4,6,4,5,3,3,5,3,3,7,10,9,9,9,6,7,2,4,,,9,10,,,4,4,11,9,7,8,11,8,9,6,7,4,4,4,10,11,6,5,6,11,8,7,4,,5,,,4,7,6,8,3,7,8,4,5,5,3,4,6,4,11,4,2,8,9,3,4,4,4,6,6,8,5,6,3,7,3,5,2,6,7,4,8,7,4,3,,,4,6,,,4,8,5,4,4,3,3,5,5,7,4,3,2,2,2,3,1,3,1,1,3,8,7,2,,6,,,b'\x11\xe8\xe1I\xc9\xe9\x88\xea\xaf\x82\x12\xdf\x17\xaeN\x1e'
11E8E149-C9E9-88EA-AF82-12DF17AE4E1E,2021-ncaa-d1-natl,ncaa,98,201,50,151,52,96,109,121,112,119,117,175,73,121,33,174,62,53,185,51,53,108,102,96,90,113,78,109,95,128,163,64,65,81,71,185,317,271,201,258,138,202,68,100,,,257,210,,,153,93,274,95,166,207,294,244,251,118,211,109,103,98,254,280,241,146,200,298,161,224,116,,153,,,154,264,245,269,105,211,246,101,282,288,191,246,252,201,340,205,127,266,248,118,149,218,263,246,193,183,65,201,163,194,71,150,37,188,275,166,290,252,111,67,,,119,182,,,153,257,130,187,148,140,121,163,93,117,224,232,174,94,100,135,60,60,43,33,51,301,228,40,,242,,,b'\x11\xe8\xe1I\xc9\xe9\x88\xea\xaf\x82\x12\xdf\x17\xaeN\x1e'
11E8E149-C9E9-88EA-AF82-12DF17AE4E1E,2022-ncaa-d0-natl,ncaa,174,210,112,200,116,182,207,241,170,281,280,228,66,111,26,73,143,188,39,188,69,235,197,106,90,159,21,37,114,191,141,104,58,132,58,190,130,303,309,257,193,182,219,226,,,128,160,,,172,192,319,57,224,282,332,334,330,72,131,159,215,214,318,292,213,103,134,219,277,216,231,,91,,,173,151,161,205,110,163,182,168,138,229,45,227,159,119,327,112,123,192,139,107,122,200,134,157,183,93,58,85,141,77,58,148,150,310,315,274,324,333,238,304,,,296,330,,,172,158,171,172,177,103,117,146,146,139,122,198,132,91,90,129,38,75,33,29,118,330,303,219,,338,,,b'\x11\xe8\xe1I\xc9\xe9\x88\xea\xaf\x82\x12\xdf\x17\xaeN\x1e'
11E8E149-C9E9-88EA-AF82-12DF17AE4E1E,2022-ncaa-d1-conf-Big Sky,ncaa,6,6,2,6,2,6,7,8,6,8,8,8,2,5,1,4,5,5,2,4,4,7,5,4,3,8,1,2,5,5,2,2,4,2,3,5,3,10,10,8,6,6,7,8,,,6,5,,,6,4,9,2,8,8,10,9,10,2,7,5,5,5,10,9,5,3,3,7,10,6,7,,5,,,6,4,6,9,3,7,7,5,1,7,1,4,3,2,4,2,2,8,7,2,1,3,1,1,2,8,4,3,2,5,3,4,5,7,8,8,9,9,9,9,,,7,8,,,6,6,7,4,6,2,5,6,6,6,1,5,1,2,2,5,3,8,2,3,3,7,9,8,,8,,,b'\x11\xe8\xe1I\xc9\xe9\x88\xea\xaf\x82\x12\xdf\x17\xaeN\x1e'
11E8E149-C9E9-88EA-AF82-12DF17AE4E1E,2022-ncaa-d1-natl,ncaa,176,209,100,195,106,188,211,234,162,285,285,227,71,111,29,77,150,199,54,195,81,234,190,103,95,162,27,42,135,174,131,98,52,116,51,187,125,306,314,250,185,173,214,233,,,128,153,,,180,194,319,60,227,280,327,330,328,75,129,175,227,225,319,284,213,103,129,216,280,213,231,,84,,,183,154,170,209,117,183,189,168,142,220,52,218,163,107,335,106,106,189,140,116,131,211,129,153,174,77,52,79,131,68,51,147,134,313,314,278,328,336,238,302,,,307,331,,,180,159,170,181,184,108,127,149,155,147,114,189,133,88,87,133,38,63,33,27,120,332,307,221,,339,,,b'\x11\xe8\xe1I\xc9\xe9\x88\xea\xaf\x82\x12\xdf\x17\xaeN\x1e'
11E8E149-C9E9-88EA-AF82-12DF17AE4E1E,2023-ncaa-d0-natl,ncaa,242,239,236,248,238,278,323,338,245,333,333,254,195,220,136,121,101,174,3,172,30,332,329,209,146,180,32,121,11,309,238,232,95,282,134,283,145,159,284,256,242,163,251,223,,,20,68,,,234,314,343,28,281,334,351,338,331,179,192,65,143,137,342,335,307,189,274,274,218,221,243,,29,,,234,78,109,98,203,71,67,177,252,205,294,301,23,9,351,9,37,61,33,245,226,299,239,320,33,40,95,30,238,19,134,260,330,346,318,347,43,134,186,312,,,221,49,,,234,44,210,275,248,142,198,154,121,86,293,254,36,19,17,81,18,56,54,39,301,341,80,213,,157,,,b'\x11\xe8\xe1I\xc9\xe9\x88\xea\xaf\x82\x12\xdf\x17\xaeN\x1e'
11E8E149-C9E9-88EA-AF82-12DF17AE4E1E,2023-ncaa-d1-conf-Big Sky,ncaa,8,9,4,9,4,8,9,10,8,9,8,7,8,7,8,6,2,3,2,3,1,10,8,8,7,8,5,7,2,7,5,8,9,8,6,9,5,10,10,9,5,3,4,4,,,3,3,,,9,9,8,4,9,9,10,10,8,8,7,3,3,3,10,8,7,9,9,9,10,5,4,,2,,,9,3,6,4,9,5,4,7,8,5,9,6,1,1,3,1,3,3,2,10,8,6,5,8,1,9,9,2,5,3,6,9,9,7,6,8,5,6,8,9,,,2,3,,,9,2,9,6,9,3,8,5,6,5,7,6,1,1,1,2,3,7,2,2,9,7,5,9,,3,,,b'\x11\xe8\xe1I\xc9\xe9\x88\xea\xaf\x82\x12\xdf\x17\xaeN\x1e'
11E8E149-C9E9-88EA-AF82-12DF17AE4E1E,2023-ncaa-d1-natl,ncaa,219,239,151,238,162,243,296,335,223,325,332,226,158,178,114,111,87,156,6,154,28,316,314,173,119,160,31,108,22,308,249,204,101,270,141,243,124,205,287,248,218,160,241,220,,,33,73,,,240,295,342,34,262,329,351,338,336,154,175,76,148,144,344,337,314,200,289,260,219,220,243,,35,,,239,137,180,148,217,107,98,193,273,235,295,298,32,12,348,12,37,96,46,253,231,299,231,316,30,60,101,46,249,25,141,285,321,332,308,342,83,155,176,289,,,176,54,,,240,55,192,282,248,140,196,146,127,85,290,249,34,15,15,76,16,59,42,31,296,338,97,181,,164,,,b'\x11\xe8\xe1I\xc9\xe9\x88\xea\xaf\x82\x12\xdf\x17\xaeN\x1e'
11E8E149-C9E9-88EA-AF82-12DF17AE4E1E,2024-ncaa-d0-natl,ncaa,206,176,258,207,273,236,249,339,82,268,319,110,186,257,53,176,171,153,218,154,37,326,312,82,77,137,94,139,84,274,146,241,143,267,99,191,82,226,317,226,233,174,238,225,,,62,163,,,177,311,308,126,199,233,346,254,307,159,221,108,105,106,324,297,248,187,238,147,278,204,221,,118,,,177,69,99,92,208,134,107,230,70,108,71,169,88,64,289,59,98,75,49,181,182,239,83,113,147,88,143,8,146,19,99,105,164,313,265,250,154,246,155,281,,,184,40,,,177,48,149,235,181,145,177,157,222,170,97,151,135,117,110,123,62,143,22,44,159,296,213,198,,112,,,b'\x11\xe8\xe1I\xc9\xe9\x88\xea\xaf\x82\x12\xdf\x17\xaeN\x1e'
11E8E149-C9E9-88EA-AF82-12DF17AE4E1E,2024-ncaa-d1-conf-Big Sky,ncaa,5,4,7,5,7,5,7,10,1,7,8,1,6,8,2,7,3,2,9,2,1,8,8,2,2,3,3,6,2,8,2,5,7,7,2,3,2,10,10,6,8,5,9,9,,,5,5,,,4,7,8,4,4,5,10,6,8,6,7,2,1,1,8,8,8,5,6,3,10,5,9,,5,,,4,5,5,4,2,7,6,3,2,3,2,5,4,4,5,3,4,4,4,2,2,3,5,2,6,7,7,1,2,1,2,4,5,6,7,7,2,5,6,8,,,2,1,,,4,4,4,6,4,5,5,6,7,7,2,4,5,6,5,5,7,8,1,1,6,6,5,8,,1,,,b'\x11\xe8\xe1I\xc9\xe9\x88\xea\xaf\x82\x12\xdf\x17\xaeN\x1e'
11E8E149-C9E9-88EA-AF82-12DF17AE4E1E,2024-ncaa-d1-natl,ncaa,190,177,194,197,219,199,224,321,80,259,298,119,146,227,35,175,132,100,279,100,32,287,264,71,78,132,81,125,88,201,95,189,133,199,68,156,86,267,315,215,179,141,219,212,,,87,148,,,148,276,294,139,176,216,339,252,295,137,215,108,76,76,301,270,188,161,174,136,282,164,211,,108,,,148,103,126,134,176,146,138,194,117,143,121,196,102,74,304,67,95,105,74,166,173,204,124,157,143,103,133,14,95,25,68,127,166,279,240,229,182,236,175,267,,,136,39,,,148,84,131,203,151,128,158,160,186,167,145,166,124,99,89,123,70,128,20,39,146,277,208,192,,90,,,b'\x11\xe8\xe1I\xc9\xe9\x88\xea\xaf\x82\x12\xdf\x17\xaeN\x1e'
11E8E149-C9E9-88EA-AF82-12DF17AE4E1E,2025-ncaa-d0-natl,genius_ncaa,246,199,301,241,307,305,298,344,162,278,294,179,284,312,169,252,258,246,253,247,137,342,324,174,175,241,218,237,138,212,76,333,272,311,149,302,269,244,338,313,129,50,304,284,,,93,241,,130,200,337,298,76,273,263,331,227,226,264,293,208,177,182,319,265,159,307,263,289,320,72,292,,186,,184,202,39,49,34,235,58,39,256,77,63,159,198,54,78,68,82,207,25,28,225,206,161,137,171,147,114,272,6,76,11,149,165,309,216,101,198,222,317,109,211,,,317,219,,361,200,27,227,177,202,118,136,81,154,96,138,130,127,145,152,81,94,208,29,71,261,137,298,173,,256,,360,b'\x11\xe8\xe1I\xc9\xe9\x88\xea\xaf\x82\x12\xdf\x17\xaeN\x1e'
11E8E149-C9E9-88EA-AF82-12DF17AE4E1E,2025-ncaa-d1-conf-Big Sky,genius_ncaa,8,9,3,9,4,9,8,8,7,6,6,6,7,8,7,8,7,7,9,7,6,8,7,7,7,9,7,7,6,3,2,9,9,9,6,9,9,9,10,10,2,2,10,10,,,7,7,,9,9,8,9,5,9,9,10,7,6,7,9,7,7,7,9,8,3,9,8,9,9,2,10,,7,,9,9,4,7,1,9,8,4,9,4,2,9,3,3,3,3,4,6,2,4,8,7,7,2,3,4,6,9,1,2,2,6,9,9,2,2,5,6,6,7,6,,,9,8,,9,9,3,8,7,9,3,5,2,5,3,3,2,3,4,4,2,2,6,1,2,9,2,6,7,,8,,9,b'\x11\xe8\xe1I\xc9\xe9\x88\xea\xaf\x82\x12\xdf\x17\xaeN\x1e'
11E8E149-C9E9-88EA-AF82-12DF17AE4E1E,2025-ncaa-d1-natl,genius_ncaa,193,199,172,204,183,204,187,267,100,158,199,119,257,281,155,266,205,186,233,192,171,261,228,129,129,184,268,264,170,154,57,290,253,242,124,238,275,299,316,282,51,26,288,281,,,144,196,,147,145,241,270,93,203,181,290,139,176,257,294,195,172,177,284,228,143,304,246,238,311,35,291,,163,,155,144,79,98,79,204,104,74,230,144,149,153,224,79,96,80,102,190,67,130,210,185,102,161,203,127,172,253,20,57,41,124,219,308,81,51,124,268,286,132,150,,,242,243,,361,145,125,174,115,139,93,111,66,115,75,152,151,95,112,121,60,115,194,23,55,237,70,282,146,,249,,360,b'\x11\xe8\xe1I\xc9\xe9\x88\xea\xaf\x82\x12\xdf\x17\xaeN\x1e'
11E8E149-C9E9-88EA-AF82-12DF17AE4E1E,2026-ncaa-d0-natl,genius_ncaa,123,39,279,75,280,261,282,316,154,239,308,61,329,277,355,170,132,158,59,160,24,306,298,193,135,192,229,329,18,176,17,321,262,289,110,280,226,144,290,264,184,69,306,300,,,127,323,,312,168,310,324,7,177,218,284,144,264,314,184,27,43,43,212,148,52,305,178,225,297,76,302,,297,,359,167,46,56,41,279,82,59,272,35,35,185,106,58,84,32,69,197,39,49,252,234,175,70,97,138,78,262,14,17,23,110,70,176,222,64,129,90,195,7,47,,,199,33,,286,168,48,157,181,172,147,193,66,239,150,83,68,136,193,176,79,115,205,24,58,190,86,205,23,,35,,248,b'\x11\xe8\xe1I\xc9\xe9\x88\xea\xaf\x82\x12\xdf\x17\xaeN\x1e'
11E8E149-C9E9-88EA-AF82-12DF17AE4E1E,2026-ncaa-d1-natl,genius_ncaa,38,39,85,47,85,65,78,91,84,67,131,34,145,81,303,129,49,69,66,69,83,85,72,105,85,103,225,255,104,17,7,192,244,83,56,85,178,286,203,166,35,33,237,273,,,269,235,,331,45,114,225,12,64,71,101,57,173,186,94,53,77,81,86,56,17,272,101,96,255,33,274,,229,,328,49,152,175,180,167,209,215,156,97,119,133,100,126,163,50,152,121,178,245,149,121,54,73,105,127,248,244,89,7,142,56,135,112,24,25,29,211,135,91,70,,,74,137,,284,45,244,63,59,53,73,102,67,152,160,57,60,88,123,118,61,203,215,20,57,84,25,174,66,,90,,310,b'\x11\xe8\xe1I\xc9\xe9\x88\xea\xaf\x82\x12\xdf\x17\xaeN\x1e'
11E8E149-C9ED-B56E-AF82-12DF17AE4E1E,2010-ncaa-d0-natl,ncaa,262,251,241,266,252,188,183,186,174,174,186,170,170,163,177,157,200,184,243,186,168,181,198,180,194,171,182,160,208,118,87,246,87,197,110,215,246,102,129,183,199,172,274,261,,,140,228,,,250,233,138,104,120,112,87,130,133,142,127,164,128,130,87,96,57,209,117,179,169,175,262,,219,,,250,240,229,116,325,206,87,332,237,213,258,255,210,188,267,175,240,122,85,329,335,339,203,211,178,35,87,117,87,66,110,203,153,292,279,294,117,150,89,101,,,170,124,,,250,108,140,331,250,316,308,196,273,129,281,265,262,231,224,219,167,54,214,141,257,271,175,113,,94,,,b'\x11\xe8\xe1I\xc9\xed\xb5n\xaf\x82\x12\xdf\x17\xaeN\x1e'
11E8E149-C9ED-B56E-AF82-12DF17AE4E1E,2010-ncaa-d1-conf-MAC,ncaa,9,9,9,9,10,9,8,7,7,9,7,8,8,8,6,7,8,8,8,8,8,9,10,6,8,9,10,7,9,8,6,10,3,10,7,9,10,2,3,5,11,11,11,11,,,3,6,,,10,9,7,5,7,5,5,3,4,7,6,8,7,7,5,6,5,9,8,8,4,11,11,,6,,,10,11,11,3,12,8,4,11,10,9,10,9,9,9,10,9,10,4,3,12,12,12,8,9,6,3,3,5,6,3,7,10,5,12,11,12,3,3,3,3,,,9,8,,,10,3,8,12,10,12,11,7,10,4,10,10,10,10,10,7,4,5,9,5,11,12,3,4,,8,,,b'\x11\xe8\xe1I\xc9\xed\xb5n\xaf\x82\x12\xdf\x17\xaeN\x1e'
11E8E149-C9ED-B56E-AF82-12DF17AE4E1E,2010-ncaa-d1-natl,ncaa,268,251,276,270,286,202,194,200,179,186,196,175,179,168,181,156,208,189,243,190,172,196,222,188,196,173,181,159,205,126,89,270,93,217,114,226,251,89,129,186,221,175,281,264,,,124,232,,,254,251,140,100,123,119,91,135,137,144,126,163,130,130,93,98,61,213,123,183,170,188,264,,220,,,256,232,221,103,325,197,68,332,231,204,261,255,198,179,268,165,242,106,57,329,335,340,201,209,179,28,93,102,89,45,114,197,154,313,283,298,110,151,86,104,,,183,122,,,254,89,144,333,258,322,313,200,277,131,282,263,264,235,225,224,167,57,217,143,259,275,175,115,,94,,,b'\x11\xe8\xe1I\xc9\xed\xb5n\xaf\x82\x12\xdf\x17\xaeN\x1e'
11E8E149-C9ED-B56E-AF82-12DF17AE4E1E,2011-ncaa-d0-natl,ncaa,192,207,170,203,179,257,262,280,210,220,151,294,273,325,10,318,150,160,164,148,161,267,259,234,206,239,199,250,55,183,119,189,53,191,60,288,276,207,273,291,289,275,314,303,,,223,306,,,230,268,301,51,272,279,297,229,141,280,330,128,141,134,281,267,184,170,173,303,231,293,314,,247,,,230,109,75,63,164,65,35,193,174,190,155,250,217,195,275,195,280,78,62,188,216,253,284,219,266,38,53,48,119,33,60,59,100,285,247,185,191,240,335,331,,,137,36,,,230,74,230,227,233,134,99,69,77,34,191,209,243,222,224,81,36,40,63,36,77,288,218,339,,98,,,b'\x11\xe8\xe1I\xc9\xed\xb5n\xaf\x82\x12\xdf\x17\xaeN\x1e'
11E8E149-C9ED-B56E-AF82-12DF17AE4E1E,2011-ncaa-d1-conf-MAC,ncaa,7,7,8,7,8,12,12,12,12,11,4,12,12,12,3,12,10,9,9,8,9,12,11,12,12,12,10,10,5,6,6,3,1,3,1,12,12,11,11,12,12,12,12,11,,,6,10,,,8,12,10,1,12,12,12,10,3,12,12,8,7,6,11,7,6,1,2,12,11,12,12,,8,,,8,2,1,3,3,1,1,3,6,7,4,11,7,6,5,6,9,2,1,3,4,5,11,9,10,1,1,4,6,1,1,1,3,12,10,6,11,11,12,11,,,6,5,,,8,1,12,4,8,3,2,5,1,1,6,9,8,7,7,5,1,1,7,1,3,11,11,12,,6,,,b'\x11\xe8\xe1I\xc9\xed\xb5n\xaf\x82\x12\xdf\x17\xaeN\x1e'
11E8E149-C9ED-B56E-AF82-12DF17AE4E1E,2011-ncaa-d1-natl,ncaa,206,202,199,213,211,271,277,304,216,243,165,298,276,328,9,318,162,171,166,161,164,291,288,239,214,239,197,249,55,202,124,212,53,218,64,298,277,185,274,292,299,283,319,310,,,205,310,,,236,291,301,49,273,282,300,237,146,278,330,131,141,135,283,268,186,175,182,308,232,298,317,,247,,,237,89,58,45,171,52,25,201,162,175,157,251,208,184,278,180,282,56,40,192,222,261,282,216,268,30,53,36,124,16,64,46,97,298,255,192,169,246,335,333,,,156,36,,,236,52,233,231,242,141,102,70,79,35,191,209,247,225,225,82,36,41,66,36,79,291,219,340,,99,,,b'\x11\xe8\xe1I\xc9\xed\xb5n\xaf\x82\x12\xdf\x17\xaeN\x1e'
11E8E149-C9ED-B56E-AF82-12DF17AE4E1E,2012-ncaa-d0-natl,ncaa,171,202,120,193,134,223,224,230,199,171,119,279,276,314,42,309,155,212,60,215,264,229,215,238,215,234,251,265,92,268,281,83,13,168,104,209,147,198,247,226,325,329,333,334,,,214,280,,,206,189,255,68,275,266,284,193,127,284,322,178,226,227,285,281,289,65,186,236,184,335,336,,210,,,202,130,65,97,90,50,55,128,209,256,101,283,278,259,233,264,311,129,118,120,166,193,315,249,297,22,13,180,281,96,104,26,45,232,208,94,171,206,294,268,,,159,91,,,206,160,258,139,200,110,50,61,32,26,198,238,267,256,260,97,59,15,173,69,32,264,156,293,,178,,,b'\x11\xe8\xe1I\xc9\xed\xb5n\xaf\x82\x12\xdf\x17\xaeN\x1e'
11E8E149-C9ED-B56E-AF82-12DF17AE4E1E,2012-ncaa-d1-conf-MAC,ncaa,6,7,2,7,2,9,8,7,10,6,3,10,11,11,3,11,6,9,2,9,8,8,7,10,9,9,10,11,2,10,11,4,2,6,5,7,4,9,8,10,12,11,12,12,,,9,10,,,8,5,12,7,12,11,12,9,6,11,11,7,9,9,10,12,11,6,10,9,6,12,12,,8,,,8,6,5,7,4,5,4,5,7,8,2,8,9,9,3,9,11,8,8,4,4,5,10,7,11,6,2,8,11,7,5,3,2,6,7,2,10,10,8,8,,,4,3,,,8,8,9,5,8,5,2,2,2,1,5,7,6,6,6,3,1,2,4,4,2,8,9,8,,8,,,b'\x11\xe8\xe1I\xc9\xed\xb5n\xaf\x82\x12\xdf\x17\xaeN\x1e'
11E8E149-C9ED-B56E-AF82-12DF17AE4E1E,2012-ncaa-d1-natl,ncaa,186,201,137,201,151,247,247,256,209,190,135,282,283,320,45,309,169,226,58,228,262,257,255,242,217,240,248,265,87,290,288,100,14,194,113,233,148,175,253,237,330,332,334,336,,,197,281,,,220,226,255,66,281,277,289,200,132,286,322,184,226,229,288,284,290,65,193,242,189,336,337,,211,,,214,111,51,71,98,41,38,137,198,239,110,280,272,249,235,252,314,104,83,127,175,203,313,248,298,13,14,157,288,64,113,22,44,257,212,103,151,207,290,273,,,175,86,,,220,127,262,147,211,116,57,62,39,28,200,236,269,257,261,99,59,15,180,70,34,268,158,294,,181,,,b'\x11\xe8\xe1I\xc9\xed\xb5n\xaf\x82\x12\xdf\x17\xaeN\x1e'
11E8E149-C9ED-B56E-AF82-12DF17AE4E1E,2013-ncaa-d0-natl,ncaa,304,310,183,310,218,280,267,316,124,270,274,220,184,265,8,207,320,327,170,327,305,322,320,112,134,188,169,107,286,330,294,208,6,296,101,288,269,154,291,281,327,313,320,308,,,192,330,,,243,310,323,179,300,276,336,267,279,179,267,323,326,326,340,335,329,200,308,296,184,329,320,,230,,,244,79,62,24,267,75,30,263,127,100,231,188,198,201,178,206,298,34,13,270,285,302,233,173,255,1,6,51,294,5,101,33,50,324,281,199,175,281,40,95,,,332,283,,,243,37,234,248,248,112,87,17,91,24,149,114,229,227,232,25,7,2,61,8,42,325,192,45,,333,,,b'\x11\xe8\xe1I\xc9\xed\xb5n\xaf\x82\x12\xdf\x17\xaeN\x1e'
11E8E149-C9ED-B56E-AF82-12DF17AE4E1E,2013-ncaa-d1-conf-MAC,ncaa,10,10,7,10,8,11,10,12,8,12,12,10,6,10,1,8,11,12,6,12,11,12,12,7,7,8,5,2,11,12,9,9,1,10,5,11,7,8,11,11,12,12,12,12,,,8,12,,,10,12,12,3,11,10,12,12,11,6,9,11,12,12,12,12,12,9,10,11,10,12,12,,10,,,10,4,5,1,10,4,4,9,3,3,9,5,9,9,5,9,9,2,1,10,10,10,7,7,8,1,1,2,9,1,5,4,4,12,12,12,6,9,3,5,,,11,9,,,10,1,8,10,10,6,7,1,7,5,6,3,9,9,10,3,1,1,2,1,5,12,7,3,,11,,,b'\x11\xe8\xe1I\xc9\xed\xb5n\xaf\x82\x12\xdf\x17\xaeN\x1e'
11E8E149-C9ED-B56E-AF82-12DF17AE4E1E,2013-ncaa-d1-natl,ncaa,310,310,210,314,254,301,285,333,128,285,287,223,190,276,9,207,323,331,169,331,306,334,334,118,138,192,165,105,285,333,297,231,6,315,105,299,271,139,293,285,331,314,322,310,,,177,330,,,248,328,324,172,301,280,336,276,279,176,269,323,328,327,340,335,329,204,312,302,187,332,323,,231,,,251,64,47,10,272,63,19,265,123,86,233,186,192,186,178,190,299,16,3,274,289,306,234,172,256,1,6,38,297,3,105,27,50,334,287,207,162,284,33,100,,,337,281,,,248,18,236,254,253,118,91,17,95,25,150,113,231,228,232,25,7,2,62,8,45,327,195,46,,333,,,b'\x11\xe8\xe1I\xc9\xed\xb5n\xaf\x82\x12\xdf\x17\xaeN\x1e'
11E8E149-C9ED-B56E-AF82-12DF17AE4E1E,2014-ncaa-d0-natl,ncaa,239,246,180,252,206,267,184,237,114,120,133,158,298,316,186,299,330,328,235,330,342,274,302,181,217,189,337,296,332,301,288,200,23,256,157,229,242,37,99,130,308,292,310,290,,,209,332,,,201,286,312,119,288,178,232,88,95,303,315,333,331,330,284,312,292,172,256,235,51,307,314,,252,,,199,64,48,34,177,56,28,229,100,125,96,201,219,238,146,237,321,43,29,183,209,240,259,148,301,8,23,144,288,50,157,10,15,299,239,101,39,92,85,67,,,312,261,,,201,61,225,188,208,89,54,23,74,20,111,139,251,263,263,36,17,9,189,75,14,297,50,100,,318,,,b'\x11\xe8\xe1I\xc9\xed\xb5n\xaf\x82\x12\xdf\x17\xaeN\x1e'
11E8E149-C9ED-B56E-AF82-12DF17AE4E1E,2014-ncaa-d1-conf-MAC,ncaa,8,9,4,9,4,9,7,9,5,5,4,7,11,11,5,11,12,12,8,12,11,9,10,6,6,7,12,10,10,11,11,8,2,10,7,7,8,4,6,6,12,11,9,8,,,9,10,,,7,9,12,3,11,7,9,6,3,11,11,12,12,12,10,12,12,8,10,8,4,12,10,,7,,,7,2,2,3,7,4,4,5,2,2,6,2,10,12,7,12,10,4,3,6,8,8,8,2,12,2,2,5,11,4,7,2,3,10,7,2,5,5,5,7,,,11,9,,,7,3,7,6,7,2,2,1,3,3,2,2,9,9,9,1,1,1,6,3,2,10,5,6,,11,,,b'\x11\xe8\xe1I\xc9\xed\xb5n\xaf\x82\x12\xdf\x17\xaeN\x1e'
11E8E149-C9ED-B56E-AF82-12DF17AE4E1E,2014-ncaa-d1-natl,ncaa,252,244,211,254,251,288,210,263,120,137,150,161,304,319,192,298,336,333,235,334,342,296,318,187,223,192,337,296,333,311,293,227,23,275,161,251,245,23,100,132,315,294,318,291,,,193,333,,,213,315,313,111,291,184,236,93,95,302,314,334,331,330,286,315,295,179,261,244,52,309,315,,251,,,213,51,33,19,182,41,17,234,92,108,96,199,205,216,146,215,321,25,16,189,217,247,256,147,302,3,23,131,293,32,161,6,15,317,243,104,30,94,80,69,,,323,260,,,213,33,230,198,219,95,56,24,79,20,109,139,252,264,264,35,17,9,199,75,15,297,49,103,,318,,,b'\x11\xe8\xe1I\xc9\xed\xb5n\xaf\x82\x12\xdf\x17\xaeN\x1e'
11E8E149-C9ED-B56E-AF82-12DF17AE4E1E,2015-ncaa-d0-natl,ncaa,232,209,243,234,261,316,301,285,287,243,202,269,306,281,328,253,309,327,105,327,325,302,340,308,307,220,300,277,209,319,329,295,51,323,291,210,43,1,10,16,322,284,333,320,,,33,209,,,187,337,345,174,329,301,265,223,160,305,279,307,322,322,293,343,312,274,319,164,2,323,332,,66,,,188,11,13,15,146,21,13,172,68,86,91,238,43,24,298,20,132,9,7,139,154,142,188,205,180,4,51,202,329,76,291,12,54,268,134,81,3,33,215,239,,,340,250,,,187,13,245,114,194,20,23,10,29,15,91,113,77,54,48,7,2,13,280,148,23,250,7,245,,342,,,b'\x11\xe8\xe1I\xc9\xed\xb5n\xaf\x82\x12\xdf\x17\xaeN\x1e'
11E8E149-C9ED-B56E-AF82-12DF17AE4E1E,2015-ncaa-d1-conf-MAC,ncaa,8,8,7,8,7,10,10,8,10,8,5,9,11,11,11,11,11,11,2,11,11,8,11,12,12,9,11,11,6,10,11,9,4,11,11,9,5,1,1,1,12,10,10,10,,,3,8,,,8,11,11,1,10,10,7,7,4,11,11,10,11,11,8,11,10,9,11,8,1,12,10,,3,,,8,1,3,1,6,4,2,7,1,1,4,3,2,1,10,1,3,1,1,5,5,6,2,2,6,1,4,10,11,5,11,3,2,9,5,4,1,3,11,10,,,12,9,,,8,2,9,5,8,2,3,1,7,4,2,2,3,2,2,1,1,1,11,7,3,7,1,12,,12,,,b'\x11\xe8\xe1I\xc9\xed\xb5n\xaf\x82\x12\xdf\x17\xaeN\x1e'
11E8E149-C9ED-B56E-AF82-12DF17AE4E1E,2015-ncaa-d1-natl,ncaa,243,207,298,240,317,335,323,315,292,273,230,275,310,291,327,253,323,338,108,338,326,329,349,312,310,226,300,277,205,328,332,318,53,338,298,234,46,1,10,16,332,292,335,323,,,21,209,,,202,348,345,163,334,310,273,236,164,304,280,311,323,323,298,343,315,279,323,171,2,325,331,,71,,,205,5,5,4,159,10,5,187,59,64,96,241,35,20,301,15,134,1,1,154,169,153,181,201,178,4,53,183,332,51,298,7,56,290,140,91,3,35,201,247,,,347,246,,,202,2,252,124,210,20,25,10,30,17,93,111,79,58,51,8,2,13,281,154,26,257,7,249,,343,,,b'\x11\xe8\xe1I\xc9\xed\xb5n\xaf\x82\x12\xdf\x17\xaeN\x1e'
11E8E149-C9ED-B56E-AF82-12DF17AE4E1E,2016-ncaa-d0-natl,ncaa,256,249,240,258,252,160,108,95,155,87,95,132,206,165,270,189,317,324,172,325,347,137,166,182,225,172,309,214,338,185,244,93,104,122,163,114,150,53,60,68,333,341,227,246,,,122,120,,,267,161,38,104,106,43,17,40,29,187,141,307,316,318,34,54,158,22,46,65,103,332,205,,190,,,265,288,280,253,235,231,223,198,293,247,320,213,213,212,163,200,169,248,191,259,250,315,237,256,143,169,104,270,244,247,163,215,122,311,331,313,182,185,235,174,,,309,337,,,267,193,175,300,257,325,317,331,285,302,316,295,254,257,246,335,312,222,322,307,261,299,227,268,,296,,,b'\x11\xe8\xe1I\xc9\xed\xb5n\xaf\x82\x12\xdf\x17\xaeN\x1e'
11E8E149-C9ED-B56E-AF82-12DF17AE4E1E,2016-ncaa-d1-conf-MAC,ncaa,10,10,6,10,7,8,6,5,8,2,3,7,11,8,12,9,12,12,6,12,12,5,5,9,10,9,12,11,12,6,9,5,6,5,8,6,8,3,3,3,12,12,9,10,,,3,3,,,10,5,1,5,7,2,1,1,1,11,8,12,12,12,2,1,4,2,3,3,4,12,9,,4,,,10,11,12,10,11,12,11,11,7,5,10,3,8,7,11,7,5,9,8,11,11,12,2,4,6,8,6,9,9,10,8,9,7,10,11,12,8,8,11,9,,,12,12,,,10,8,10,12,10,12,12,12,12,12,9,6,8,7,7,12,11,9,11,12,11,9,10,12,,12,,,b'\x11\xe8\xe1I\xc9\xed\xb5n\xaf\x82\x12\xdf\x17\xaeN\x1e'
11E8E149-C9ED-B56E-AF82-12DF17AE4E1E,2016-ncaa-d1-natl,ncaa,256,249,218,256,238,156,106,83,153,81,76,128,212,168,272,197,316,312,234,313,346,121,160,182,230,179,315,227,339,184,247,79,95,108,168,109,155,62,63,74,328,337,218,241,,,140,130,,,262,145,36,101,109,45,22,39,32,200,151,308,309,311,37,56,164,22,45,67,112,325,200,,196,,,262,284,276,263,222,232,233,186,301,250,324,211,215,218,164,208,170,255,196,249,245,305,249,257,147,156,95,283,247,261,168,222,131,307,326,305,202,191,237,165,,,286,325,,,262,205,180,294,256,320,313,330,280,301,317,292,254,255,246,332,306,208,324,307,258,296,237,258,,282,,,b'\x11\xe8\xe1I\xc9\xed\xb5n\xaf\x82\x12\xdf\x17\xaeN\x1e'
11E8E149-C9ED-B56E-AF82-12DF17AE4E1E,2017-ncaa-d0-natl,ncaa,79,97,45,98,55,11,14,7,60,15,13,83,25,37,38,176,7,21,6,22,200,7,11,59,44,17,160,168,138,47,191,14,241,21,197,48,300,90,8,39,144,284,168,263,,,268,44,,,106,7,4,140,5,6,3,11,7,36,62,5,36,36,3,4,71,11,12,60,39,199,205,,193,,,108,349,349,349,245,348,346,254,343,346,211,239,313,297,278,300,89,349,347,259,245,316,150,229,86,346,241,342,191,347,197,338,73,172,333,308,81,13,334,222,,,35,241,,,106,344,20,319,116,347,348,349,347,348,331,335,263,243,247,349,346,339,336,343,317,245,46,320,,54,,,b'\x11\xe8\xe1I\xc9\xed\xb5n\xaf\x82\x12\xdf\x17\xaeN\x1e'
11E8E149-C9ED-B56E-AF82-12DF17AE4E1E,2017-ncaa-d1-conf-MAC,ncaa,3,5,2,5,2,1,1,1,3,1,1,4,2,3,4,8,2,3,2,3,8,1,1,4,4,3,7,8,5,4,9,1,10,2,8,3,8,8,1,2,5,8,10,11,,,6,1,,,7,1,1,9,2,1,1,1,1,5,4,3,3,4,1,1,7,1,1,4,3,7,11,,3,,,7,12,12,12,8,12,12,9,12,12,7,9,6,6,1,7,2,12,12,7,6,8,3,9,1,12,10,12,9,12,8,12,6,7,10,10,3,1,11,9,,,3,9,,,7,12,3,10,7,12,12,12,12,12,12,12,4,5,6,12,12,12,12,12,12,7,2,11,,5,,,b'\x11\xe8\xe1I\xc9\xed\xb5n\xaf\x82\x12\xdf\x17\xaeN\x1e'
11E8E149-C9ED-B56E-AF82-12DF17AE4E1E,2017-ncaa-d1-natl,ncaa,92,97,56,101,70,11,14,9,62,15,14,88,30,47,40,173,8,28,7,29,205,8,11,62,46,17,157,165,139,58,199,18,253,22,215,56,301,67,8,41,167,290,185,265,,,253,47,,,113,8,4,137,5,6,3,11,11,38,62,6,38,38,3,4,81,11,13,68,39,206,209,,196,,,114,349,348,349,258,348,346,267,341,343,222,239,304,282,284,286,89,349,346,270,263,321,146,227,84,344,253,341,199,346,215,336,79,196,335,311,61,12,333,230,,,43,241,,,113,343,21,324,123,347,348,349,347,348,332,337,270,243,247,349,346,339,336,343,321,249,46,320,,54,,,b'\x11\xe8\xe1I\xc9\xed\xb5n\xaf\x82\x12\xdf\x17\xaeN\x1e'
11E8E149-C9ED-B56E-AF82-12DF17AE4E1E,2018-ncaa-d0-natl,ncaa,170,162,164,174,185,52,54,85,50,87,109,83,57,100,23,134,107,167,14,161,223,90,96,50,46,44,116,103,228,253,289,49,73,92,157,83,198,121,81,82,278,311,277,313,,,61,13,,,149,67,9,117,26,24,31,51,84,44,84,78,150,147,36,38,254,7,43,54,145,276,281,,78,,,148,326,332,319,293,334,299,312,291,309,142,245,50,88,13,86,35,311,287,280,212,300,48,199,6,210,73,265,289,251,157,276,67,271,325,312,169,128,316,279,,,157,215,,,149,288,64,280,141,340,346,349,346,341,299,327,56,126,122,346,338,228,288,277,290,270,183,325,,123,,,b'\x11\xe8\xe1I\xc9\xed\xb5n\xaf\x82\x12\xdf\x17\xaeN\x1e'
11E8E149-C9ED-B56E-AF82-12DF17AE4E1E,2018-ncaa-d1-conf-MAC,ncaa,8,8,8,8,9,6,6,8,6,8,8,6,6,8,2,7,5,8,3,8,8,7,9,3,2,4,5,5,3,10,9,4,6,5,5,6,6,3,6,6,12,12,12,12,,,1,2,,,7,9,3,5,4,5,4,7,4,5,6,3,6,6,4,5,9,3,4,6,7,12,11,,2,,,7,9,11,11,10,12,11,11,5,8,4,7,2,2,2,2,2,10,5,7,6,8,2,6,1,7,6,4,9,5,5,9,3,11,11,11,8,6,11,10,,,8,7,,,7,6,4,10,7,12,12,12,12,12,8,10,2,3,3,12,9,9,6,7,10,11,10,12,,8,,,b'\x11\xe8\xe1I\xc9\xed\xb5n\xaf\x82\x12\xdf\x17\xaeN\x1e'
11E8E149-C9ED-B56E-AF82-12DF17AE4E1E,2018-ncaa-d1-natl,ncaa,186,162,213,185,241,61,64,102,53,104,140,94,65,113,24,135,123,193,13,187,222,110,128,51,47,45,111,105,222,278,300,54,79,122,168,97,200,98,81,86,292,319,288,316,,,38,13,,,170,86,10,99,28,26,34,56,92,46,87,80,158,153,39,41,257,7,54,58,148,285,285,,79,,,169,324,330,317,300,332,299,317,282,302,148,238,34,74,17,74,35,307,271,294,225,306,47,196,7,185,79,237,300,227,168,267,67,295,326,316,151,133,309,292,,,195,211,,,170,273,68,290,157,343,346,348,347,342,303,326,61,125,123,346,337,234,290,280,297,280,187,325,,127,,,b'\x11\xe8\xe1I\xc9\xed\xb5n\xaf\x82\x12\xdf\x17\xaeN\x1e'
11E8E149-C9ED-B56E-AF82-12DF17AE4E1E,2019-ncaa-d0-natl,ncaa,105,109,80,115,87,51,44,25,138,43,39,125,91,69,188,157,109,157,38,153,294,31,44,146,141,89,219,185,251,142,267,26,46,49,163,159,338,71,24,115,143,212,269,308,,,77,15,,,117,33,25,64,46,37,8,36,50,99,86,133,193,191,14,38,166,11,33,188,63,179,293,,42,,,120,327,340,334,224,332,305,285,328,337,124,314,18,9,253,7,5,317,311,241,185,223,86,284,3,197,46,345,267,328,163,296,91,154,254,250,82,46,195,87,,,236,339,,,117,316,105,193,126,286,334,343,305,286,318,337,11,7,7,325,305,130,336,306,257,201,73,168,,295,,,b'\x11\xe8\xe1I\xc9\xed\xb5n\xaf\x82\x12\xdf\x17\xaeN\x1e'
11E8E149-C9ED-B56E-AF82-12DF17AE4E1E,2019-ncaa-d1-conf-MAC,ncaa,7,7,3,7,7,5,5,3,10,4,1,10,9,9,10,10,5,6,4,6,10,3,3,11,11,9,9,10,6,4,6,3,8,3,6,9,11,5,3,8,4,5,10,10,,,1,1,,,7,3,5,7,5,5,1,4,1,9,9,7,7,6,3,3,4,3,3,10,4,4,10,,1,,,7,7,12,12,7,12,11,9,7,8,4,8,1,1,10,1,1,10,10,7,4,7,4,8,1,10,8,11,6,11,6,8,6,5,7,8,4,4,9,8,,,11,12,,,7,10,7,7,7,7,10,12,11,10,8,10,1,1,1,11,9,11,11,11,8,6,4,9,,11,,,b'\x11\xe8\xe1I\xc9\xed\xb5n\xaf\x82\x12\xdf\x17\xaeN\x1e'
11E8E149-C9ED-B56E-AF82-12DF17AE4E1E,2019-ncaa-d1-natl,ncaa,122,108,107,124,113,67,61,33,146,58,51,137,105,85,195,157,128,191,34,186,290,46,58,152,147,97,218,181,244,173,273,32,45,58,171,188,339,50,27,120,176,221,287,313,,,55,17,,,138,47,33,57,51,43,10,42,54,103,86,132,201,196,18,41,177,13,37,204,63,189,301,,44,,,139,315,337,329,241,322,292,295,320,333,136,313,11,8,252,7,5,309,295,254,201,240,79,285,3,168,45,340,273,322,171,285,97,200,263,263,67,52,183,97,,,264,338,,,138,304,113,216,144,295,336,344,313,287,320,335,10,7,7,328,303,132,338,309,269,216,74,173,,294,,,b'\x11\xe8\xe1I\xc9\xed\xb5n\xaf\x82\x12\xdf\x17\xaeN\x1e'
11E8E149-C9ED-B56E-AF82-12DF17AE4E1E,2020-ncaa-d0-natl,ncaa,239,258,87,256,94,110,106,54,206,179,176,189,58,39,136,65,229,225,208,232,209,76,43,161,179,206,81,60,288,186,270,8,28,28,125,188,275,293,228,263,177,230,329,325,,,183,81,,,249,19,26,25,120,114,45,203,205,58,47,243,239,247,73,37,203,4,21,218,283,192,335,,172,,,249,323,316,329,187,221,124,300,349,350,135,349,116,179,16,181,225,327,316,267,211,273,318,342,31,141,28,337,270,310,125,314,230,215,282,308,264,207,57,62,,,129,228,,,249,335,230,246,242,315,313,334,198,80,349,351,112,166,171,331,316,118,333,285,305,232,248,51,,151,,,b'\x11\xe8\xe1I\xc9\xed\xb5n\xaf\x82\x12\xdf\x17\xaeN\x1e'
11E8E149-C9ED-B56E-AF82-12DF17AE4E1E,2020-ncaa-d1-conf-MAC,ncaa,10,10,5,10,7,8,8,7,6,9,6,9,5,5,3,5,10,10,8,10,10,9,4,4,6,10,4,4,10,5,4,1,2,3,1,6,7,12,12,12,7,7,11,11,,,4,4,,,10,4,2,3,4,6,6,7,6,4,5,10,9,9,7,4,5,1,1,6,12,7,11,,4,,,10,9,8,10,8,8,2,10,9,11,5,11,5,5,3,5,8,9,9,8,8,9,8,9,4,4,2,5,4,2,1,9,10,9,10,11,11,11,5,6,,,7,8,,,10,10,9,9,9,10,9,10,8,2,10,11,5,7,7,10,11,4,6,3,9,8,11,5,,6,,,b'\x11\xe8\xe1I\xc9\xed\xb5n\xaf\x82\x12\xdf\x17\xaeN\x1e'
11E8E149-C9ED-B56E-AF82-12DF17AE4E1E,2020-ncaa-d1-natl,ncaa,257,257,128,265,134,137,139,72,215,207,212,199,64,52,144,63,244,245,207,253,208,100,69,175,188,214,81,60,283,209,277,11,31,33,132,223,281,283,233,271,206,242,333,326,,,155,82,,,267,38,26,21,126,126,48,216,210,58,50,245,238,246,77,40,208,5,22,229,285,204,335,,174,,,267,310,307,318,199,201,92,304,349,350,139,349,107,167,16,167,227,316,297,280,225,289,317,342,30,120,31,329,277,287,132,307,232,240,291,312,256,211,50,66,,,158,225,,,267,320,237,261,262,318,316,335,205,83,349,351,118,176,179,332,312,122,337,290,312,245,250,54,,150,,,b'\x11\xe8\xe1I\xc9\xed\xb5n\xaf\x82\x12\xdf\x17\xaeN\x1e'
11E8E149-C9ED-B56E-AF82-12DF17AE4E1E,2021-ncaa-d0-natl,ncaa,128,202,89,157,125,61,86,113,69,153,182,100,22,42,9,47,47,62,66,56,23,104,83,35,29,70,18,29,120,81,80,46,59,51,31,146,299,320,258,267,230,306,317,336,,,228,127,,,156,80,42,224,41,94,168,230,282,15,42,44,70,62,132,67,118,26,33,216,291,295,337,,179,,,157,296,301,296,225,257,200,309,337,340,136,340,164,155,223,161,134,284,264,272,246,300,270,321,31,210,59,175,80,193,31,302,183,208,309,315,327,286,267,282,,,42,47,,,156,270,67,283,150,309,311,330,228,97,334,341,94,84,90,314,269,140,66,81,280,294,304,227,,24,,,b'\x11\xe8\xe1I\xc9\xed\xb5n\xaf\x82\x12\xdf\x17\xaeN\x1e'
11E8E149-C9ED-B56E-AF82-12DF17AE4E1E,2021-ncaa-d1-conf-MAC,ncaa,6,7,6,7,8,6,6,8,4,7,9,5,4,6,1,6,4,7,4,6,3,8,8,3,2,5,2,2,5,4,3,3,3,4,1,10,10,10,12,12,11,12,12,12,,,3,2,,,5,7,3,9,6,6,10,9,8,4,7,4,5,4,9,3,3,1,2,10,12,12,12,,1,,,6,8,8,10,4,4,4,10,10,11,3,12,1,1,9,1,2,8,5,4,4,7,9,11,1,5,3,2,3,3,1,9,10,10,12,12,11,12,11,12,,,3,3,,,5,6,5,5,5,8,9,11,4,3,11,12,2,1,1,10,8,5,1,2,10,12,12,12,,3,,,b'\x11\xe8\xe1I\xc9\xed\xb5n\xaf\x82\x12\xdf\x17\xaeN\x1e'
11E8E149-C9ED-B56E-AF82-12DF17AE4E1E,2021-ncaa-d1-natl,ncaa,139,201,105,163,144,70,97,126,73,168,200,107,25,50,10,46,54,71,67,65,22,119,98,41,31,70,18,29,113,92,81,52,61,58,34,163,299,313,264,272,240,308,320,336,,,219,128,,,167,95,43,225,46,99,173,238,285,15,42,47,73,64,136,72,123,30,34,222,293,298,337,,181,,,168,294,299,293,232,251,190,310,335,339,139,340,157,145,228,152,135,277,250,279,256,305,269,320,29,200,61,160,81,177,34,299,185,225,311,318,322,290,263,283,,,51,48,,,167,255,70,290,159,314,314,330,235,101,334,341,98,85,95,315,267,142,68,83,286,296,306,234,,25,,,b'\x11\xe8\xe1I\xc9\xed\xb5n\xaf\x82\x12\xdf\x17\xaeN\x1e'
11E8E149-C9ED-B56E-AF82-12DF17AE4E1E,2022-ncaa-d0-natl,ncaa,174,180,163,185,168,138,130,121,156,175,190,140,64,60,120,68,274,292,133,287,294,143,157,124,149,134,115,62,321,119,161,56,42,72,72,218,321,137,115,186,276,289,340,339,,,20,12,,,223,171,159,53,117,91,53,179,197,57,51,289,295,294,106,124,109,13,22,231,141,286,345,,12,,,223,267,282,286,178,124,92,253,355,356,241,356,23,12,270,11,35,245,183,263,221,316,339,355,4,114,42,224,161,180,72,320,298,330,346,348,205,199,245,247,,,174,198,,,223,187,123,296,215,288,298,335,131,50,355,356,20,13,12,293,190,125,255,199,323,338,218,250,,170,,,b'\x11\xe8\xe1I\xc9\xed\xb5n\xaf\x82\x12\xdf\x17\xaeN\x1e'
11E8E149-C9ED-B56E-AF82-12DF17AE4E1E,2022-ncaa-d1-conf-MAC,ncaa,5,5,5,5,5,7,6,7,6,8,6,8,7,7,3,7,11,10,8,10,10,9,7,7,8,8,8,7,11,3,3,3,2,3,2,8,10,6,6,8,10,9,11,11,,,1,1,,,8,9,11,1,8,8,5,7,5,8,7,11,10,10,8,8,2,2,2,9,7,9,11,,1,,,8,3,6,8,3,1,2,7,12,12,4,12,1,1,7,1,1,8,4,6,4,6,11,12,1,3,2,2,3,3,2,10,11,12,12,12,8,9,9,9,,,5,5,,,8,5,7,6,7,5,5,10,1,1,11,12,1,1,1,7,3,5,5,4,10,12,8,9,,5,,,b'\x11\xe8\xe1I\xc9\xed\xb5n\xaf\x82\x12\xdf\x17\xaeN\x1e'
11E8E149-C9ED-B56E-AF82-12DF17AE4E1E,2022-ncaa-d1-natl,ncaa,199,180,213,200,223,185,160,149,168,208,228,155,83,77,124,66,292,304,135,303,296,181,208,133,157,149,109,65,319,147,171,69,43,86,77,252,323,104,122,197,300,302,345,342,,,11,13,,,243,223,166,45,132,101,63,191,204,59,53,292,295,295,118,133,117,17,25,247,144,299,346,,12,,,243,243,263,272,191,103,63,267,355,356,253,356,16,8,277,6,35,206,125,278,239,325,337,355,4,88,43,201,171,142,77,316,304,344,347,350,182,206,233,257,,,203,196,,,243,137,135,309,235,304,312,338,144,53,355,356,24,14,13,295,190,125,258,200,327,341,222,258,,168,,,b'\x11\xe8\xe1I\xc9\xed\xb5n\xaf\x82\x12\xdf\x17\xaeN\x1e'
11E8E149-C9ED-B56E-AF82-12DF17AE4E1E,2023-ncaa-d0-natl,ncaa,153,203,46,176,50,62,64,44,140,118,133,142,26,30,69,60,122,166,63,164,202,55,67,103,102,78,63,48,277,58,111,80,81,57,97,105,241,127,52,99,164,210,356,360,,,142,64,,,185,83,207,39,69,78,52,185,222,32,44,186,227,227,84,139,81,134,85,148,62,220,360,,67,,,185,345,350,308,328,327,224,340,356,339,318,327,199,187,217,193,164,309,277,348,338,353,253,315,44,147,81,299,111,268,97,325,158,233,306,327,275,198,232,207,,,148,290,,,185,281,53,340,178,317,331,249,263,95,345,327,129,113,123,230,134,72,213,146,278,310,202,191,,252,,,b'\x11\xe8\xe1I\xc9\xed\xb5n\xaf\x82\x12\xdf\x17\xaeN\x1e'
11E8E149-C9ED-B56E-AF82-12DF17AE4E1E,2023-ncaa-d1-conf-MAC,ncaa,5,5,5,5,5,5,5,5,9,9,5,10,3,6,4,4,7,6,9,6,8,5,5,7,7,7,3,3,8,3,2,6,3,3,2,7,10,3,4,6,11,10,12,12,,,3,4,,,6,7,10,1,5,6,3,8,5,3,4,7,6,6,2,4,2,5,1,7,6,11,12,,4,,,6,12,12,8,12,11,7,12,9,8,10,8,4,5,3,5,5,8,4,12,11,11,4,8,2,1,3,4,2,4,2,10,5,10,10,10,5,4,11,10,,,7,10,,,6,6,4,10,6,10,12,8,9,6,10,9,4,5,5,8,2,2,7,3,9,10,6,11,,7,,,b'\x11\xe8\xe1I\xc9\xed\xb5n\xaf\x82\x12\xdf\x17\xaeN\x1e'
11E8E149-C9ED-B56E-AF82-12DF17AE4E1E,2023-ncaa-d1-natl,ncaa,167,203,56,188,62,67,72,54,144,153,166,157,29,32,71,61,147,185,61,182,196,67,86,113,106,81,59,48,271,74,120,106,90,69,113,126,248,93,54,103,197,226,357,360,,,115,65,,,204,101,215,40,74,78,53,194,228,35,44,187,229,229,90,146,90,149,94,155,65,231,360,,68,,,204,344,348,294,335,323,193,349,354,333,326,328,184,168,233,177,168,294,253,352,344,355,255,317,42,116,90,279,120,241,113,318,162,267,315,333,257,203,225,215,,,180,286,,,204,263,59,346,197,328,336,252,276,98,349,327,134,115,123,233,136,76,216,150,287,316,207,202,,253,,,b'\x11\xe8\xe1I\xc9\xed\xb5n\xaf\x82\x12\xdf\x17\xaeN\x1e'
11E8E149-C9ED-B56E-AF82-12DF17AE4E1E,2024-ncaa-d0-natl,ncaa,189,176,196,193,218,205,191,183,222,238,240,203,115,109,159,83,289,283,231,284,264,197,212,186,207,196,115,72,294,240,281,68,49,121,137,163,118,144,175,149,336,340,350,355,,,99,94,,,227,200,134,187,198,182,144,238,226,98,88,296,279,283,185,186,232,21,49,136,171,335,350,,119,,,228,185,219,253,116,193,200,159,250,290,110,280,56,86,51,87,78,238,160,130,90,221,166,267,41,121,49,261,281,212,137,180,155,344,349,336,269,286,187,236,,,281,295,,,227,174,217,204,220,219,266,321,228,260,277,321,84,114,114,303,227,151,300,257,200,343,282,201,,287,,,b'\x11\xe8\xe1I\xc9\xed\xb5n\xaf\x82\x12\xdf\x17\xaeN\x1e'
11E8E149-C9ED-B56E-AF82-12DF17AE4E1E,2024-ncaa-d1-conf-MAC,ncaa,6,6,5,6,5,8,8,5,9,6,4,9,9,9,11,9,7,7,9,7,10,5,6,10,10,9,11,10,8,7,9,2,3,3,5,7,6,8,6,7,12,12,10,10,,,4,4,,,7,6,4,6,10,9,6,7,5,10,9,7,8,8,6,6,7,1,3,7,7,12,10,,4,,,7,7,10,11,4,9,11,7,7,10,3,8,1,4,1,4,3,11,7,2,1,6,4,6,1,6,3,10,9,10,5,6,2,11,11,9,10,10,8,8,,,8,9,,,7,7,9,5,7,5,10,11,9,11,7,10,1,5,4,11,9,4,11,9,4,12,10,9,,10,,,b'\x11\xe8\xe1I\xc9\xed\xb5n\xaf\x82\x12\xdf\x17\xaeN\x1e'
11E8E149-C9ED-B56E-AF82-12DF17AE4E1E,2024-ncaa-d1-natl,ncaa,190,177,194,197,222,213,197,174,221,235,235,197,122,99,173,83,280,271,224,272,239,203,214,189,207,200,124,80,286,224,260,61,49,106,124,164,132,142,173,153,335,341,350,357,,,84,78,,,221,199,129,189,189,181,130,227,223,103,79,280,271,271,173,173,212,20,43,145,175,337,350,,101,,,222,176,222,275,101,191,221,139,250,291,110,277,47,72,49,76,65,245,163,117,78,202,165,271,38,122,49,264,260,217,124,187,155,347,349,328,267,285,180,228,,,284,293,,,221,178,209,187,211,209,255,326,225,270,273,311,76,96,96,303,223,149,295,257,197,344,281,198,,280,,,b'\x11\xe8\xe1I\xc9\xed\xb5n\xaf\x82\x12\xdf\x17\xaeN\x1e'
11E8E149-C9ED-B56E-AF82-12DF17AE4E1E,2025-ncaa-d0-natl,genius_ncaa,220,199,248,221,252,186,182,270,74,226,279,110,112,195,14,126,293,289,216,287,225,279,275,52,76,113,111,71,305,339,337,134,108,245,205,158,130,184,266,164,350,352,310,323,,,54,72,,37,248,227,124,43,123,118,242,192,232,65,157,277,272,271,261,226,338,55,206,107,255,348,307,,103,,55,251,231,260,227,262,239,182,278,284,277,240,284,88,70,240,75,90,204,139,280,255,328,182,279,44,117,108,130,337,124,205,204,106,337,347,333,303,343,37,97,,,258,189,,100,248,145,153,314,235,320,334,336,303,263,322,326,133,117,123,322,250,179,200,194,268,333,329,66,,211,,70,b'\x11\xe8\xe1I\xc9\xed\xb5n\xaf\x82\x12\xdf\x17\xaeN\x1e'
11E8E149-C9ED-B56E-AF82-12DF17AE4E1E,2025-ncaa-d1-conf-MAC,genius_ncaa,9,9,9,9,9,8,8,8,5,8,8,6,7,10,2,7,10,11,6,11,11,9,9,4,6,6,6,5,12,11,11,7,7,9,8,6,7,4,8,5,10,11,10,11,,,3,4,,1,9,8,3,1,6,5,7,7,4,6,9,9,10,10,8,8,10,4,8,6,8,10,9,,4,,1,9,11,10,9,8,9,5,8,7,9,7,7,4,4,7,4,4,7,4,8,8,10,6,7,2,6,7,5,11,5,8,8,4,11,12,10,11,12,3,6,,,9,8,,2,9,5,6,9,8,11,11,12,11,8,10,10,6,6,6,12,11,9,9,8,9,9,12,5,,9,,2,b'\x11\xe8\xe1I\xc9\xed\xb5n\xaf\x82\x12\xdf\x17\xaeN\x1e'
11E8E149-C9ED-B56E-AF82-12DF17AE4E1E,2025-ncaa-d1-natl,genius_ncaa,222,199,244,224,251,178,173,277,64,232,278,120,96,197,10,125,279,283,204,283,200,283,275,47,56,109,97,61,295,339,335,123,108,245,204,151,127,209,277,175,342,348,309,317,,,58,60,,35,241,222,122,42,125,121,255,206,244,59,154,267,266,265,270,236,335,44,203,107,262,342,301,,98,,51,242,243,274,241,253,248,193,274,280,288,216,286,85,74,222,76,90,217,149,265,240,317,172,275,47,132,108,125,335,125,204,200,97,326,337,326,313,344,39,97,,,241,178,,91,241,157,146,305,233,313,331,336,303,264,319,327,133,114,123,324,251,177,189,191,260,325,332,64,,203,,65,b'\x11\xe8\xe1I\xc9\xed\xb5n\xaf\x82\x12\xdf\x17\xaeN\x1e'
11E8E149-C9ED-B56E-AF82-12DF17AE4E1E,2026-ncaa-d0-natl,genius_ncaa,260,295,116,284,142,224,247,224,291,209,197,253,308,252,348,275,63,43,243,42,18,191,202,316,287,269,185,335,8,248,320,142,148,192,265,285,308,197,203,297,225,244,262,293,,,304,345,,333,285,183,253,97,289,328,333,263,249,347,295,51,27,25,279,302,303,164,254,340,166,258,300,,315,,335,273,240,212,192,217,194,226,135,242,148,320,100,289,293,146,286,271,202,171,217,232,278,246,191,275,163,148,289,320,253,265,259,258,255,304,300,119,118,260,265,,,114,58,,286,285,175,287,263,280,220,190,149,165,209,211,94,281,284,282,189,84,133,290,245,233,313,98,248,,115,,308,b'\x11\xe8\xe1I\xc9\xed\xb5n\xaf\x82\x12\xdf\x17\xaeN\x1e'
11E8E149-C9ED-B56E-AF82-12DF17AE4E1E,2026-ncaa-d1-natl,genius_ncaa,301,294,177,317,197,302,325,301,317,289,263,287,343,297,354,276,90,66,249,64,13,276,278,333,308,290,168,335,4,315,336,223,166,283,304,343,323,151,226,325,296,283,300,313,,,269,350,,321,315,254,269,100,321,349,348,301,267,353,303,52,31,28,307,313,322,196,292,351,180,292,312,,323,,342,314,198,170,130,253,157,167,164,210,91,335,94,265,268,158,261,273,148,102,262,279,314,248,188,273,112,166,245,336,204,304,228,265,325,319,320,87,130,241,291,,,165,48,,305,315,101,315,308,315,261,222,157,201,225,235,99,295,296,294,201,82,139,305,267,261,332,99,267,,118,,305,b'\x11\xe8\xe1I\xc9\xed\xb5n\xaf\x82\x12\xdf\x17\xaeN\x1e'
11E8E149-C9F2-0AA6-AF82-12DF17AE4E1E,2013-ncaa-d0-natl,ncaa,164,105,302,141,311,229,233,284,144,269,305,135,118,122,129,66,233,269,69,270,133,288,317,118,114,91,72,73,196,293,248,236,212,285,221,242,209,18,85,118,307,292,182,140,,,36,92,,,149,317,227,155,138,162,183,213,271,71,71,173,223,220,196,255,256,111,194,201,59,288,152,,91,,,149,55,81,91,161,75,51,194,191,211,121,284,38,42,82,39,102,61,37,173,145,201,194,266,74,165,212,66,248,90,221,55,73,306,266,201,124,229,169,268,,,286,169,,,149,31,112,237,147,182,217,245,178,143,265,288,80,98,91,210,150,261,195,233,122,267,199,221,,222,,,b'\x11\xe8\xe1I\xc9\xf2\n\xa6\xaf\x82\x12\xdf\x17\xaeN\x1e'
11E8E149-C9F2-0AA6-AF82-12DF17AE4E1E,2013-ncaa-d1-conf-ASUN,ncaa,4,3,9,4,9,7,6,7,4,7,7,4,4,4,2,3,5,6,2,6,3,7,9,4,4,3,3,4,4,8,6,7,9,8,7,6,6,3,4,4,8,8,5,4,,,4,5,,,3,9,6,2,4,5,6,6,6,3,3,2,2,2,6,5,5,2,4,5,4,7,4,,6,,,3,2,2,3,3,1,2,4,6,6,7,9,2,3,2,3,4,1,2,4,3,3,7,7,4,9,9,2,6,3,7,3,2,8,6,4,5,6,4,6,,,8,4,,,3,1,3,4,3,6,5,8,5,6,7,7,3,6,5,6,5,10,6,9,3,6,5,6,,5,,,b'\x11\xe8\xe1I\xc9\xf2\n\xa6\xaf\x82\x12\xdf\x17\xaeN\x1e'
11E8E149-C9F2-0AA6-AF82-12DF17AE4E1E,2013-ncaa-d1-natl,ncaa,171,104,327,144,332,249,253,304,150,284,313,141,121,133,128,66,246,278,69,274,135,305,329,124,118,94,68,72,195,300,252,261,215,301,228,259,214,11,87,120,315,295,196,145,,,28,92,,,160,335,230,150,148,169,187,217,274,73,71,175,222,219,201,258,258,113,198,207,60,292,156,,91,,,160,42,71,63,164,63,40,199,180,204,127,283,35,39,85,38,100,44,20,176,149,208,192,265,74,146,215,50,252,66,228,44,76,314,277,209,119,231,165,275,,,298,165,,,160,12,115,243,160,188,220,247,182,146,263,285,81,100,93,213,151,260,198,234,122,273,200,225,,220,,,b'\x11\xe8\xe1I\xc9\xf2\n\xa6\xaf\x82\x12\xdf\x17\xaeN\x1e'
11E8E149-C9F2-0AA6-AF82-12DF17AE4E1E,2014-ncaa-d0-natl,ncaa,116,105,131,119,164,191,249,249,215,301,314,173,60,65,127,36,158,219,19,226,65,254,260,131,96,105,30,47,109,314,326,183,118,256,263,203,120,89,162,148,170,165,74,57,,,99,129,,,127,224,265,270,222,287,299,322,328,59,60,163,240,251,299,313,326,194,299,220,85,190,78,,89,,,126,88,87,107,139,63,83,131,215,203,214,250,101,112,117,114,192,95,136,164,149,104,265,265,150,114,118,231,326,197,263,38,31,110,72,32,203,263,128,271,,,115,17,,,127,145,159,93,115,66,71,53,57,36,211,198,103,107,111,48,86,106,226,180,36,104,206,121,,102,,,b'\x11\xe8\xe1I\xc9\xf2\n\xa6\xaf\x82\x12\xdf\x17\xaeN\x1e'
11E8E149-C9F2-0AA6-AF82-12DF17AE4E1E,2014-ncaa-d1-conf-ASUN,ncaa,3,3,9,3,9,8,8,10,4,10,9,3,3,3,3,2,9,10,1,10,4,10,10,3,3,3,3,2,8,10,8,8,3,10,7,5,2,2,6,4,8,5,4,4,,,1,5,,,3,9,9,4,5,7,10,8,9,3,3,7,10,10,10,10,10,3,9,5,4,6,4,,4,,,3,1,1,1,5,1,1,5,3,4,3,7,3,4,1,4,7,1,2,4,4,3,6,6,6,3,3,1,8,1,7,1,4,6,3,2,4,9,4,8,,,7,2,,,3,2,3,4,3,2,3,3,4,1,4,5,4,4,4,3,4,5,4,3,2,5,8,4,,6,,,b'\x11\xe8\xe1I\xc9\xf2\n\xa6\xaf\x82\x12\xdf\x17\xaeN\x1e'
11E8E149-C9F2-0AA6-AF82-12DF17AE4E1E,2014-ncaa-d1-natl,ncaa,123,105,145,121,193,215,265,272,219,315,323,177,69,72,127,37,173,242,17,247,65,277,291,139,99,109,29,45,108,321,329,206,121,275,273,225,123,75,164,153,188,172,82,59,,,84,128,,,139,260,265,273,227,292,302,325,330,61,61,167,242,254,300,317,327,205,302,229,85,190,80,,90,,,139,70,76,81,146,48,58,141,205,188,215,248,96,102,120,103,193,67,101,172,154,114,265,266,151,101,121,212,329,172,273,27,31,121,74,33,195,266,123,276,,,131,16,,,139,110,169,103,122,69,75,52,63,38,213,199,105,109,113,48,83,106,229,185,37,109,207,125,,102,,,b'\x11\xe8\xe1I\xc9\xf2\n\xa6\xaf\x82\x12\xdf\x17\xaeN\x1e'
11E8E149-C9F2-0AA6-AF82-12DF17AE4E1E,2015-ncaa-d0-natl,ncaa,116,131,79,128,86,146,231,198,243,304,319,186,50,28,194,18,62,116,8,117,14,181,152,175,119,151,10,36,37,250,283,104,118,168,216,180,116,225,231,217,207,245,140,126,,,288,278,,,177,128,227,135,216,296,295,337,336,58,40,72,152,158,280,274,292,155,253,227,188,247,158,,251,,,177,196,141,189,109,98,117,155,261,289,126,278,253,263,96,257,282,215,237,140,155,132,304,269,251,186,118,255,283,233,216,77,60,104,119,60,297,297,125,250,,,66,28,,,177,243,188,124,163,132,89,86,49,48,235,258,220,237,229,111,131,122,180,169,53,134,257,86,,81,,,b'\x11\xe8\xe1I\xc9\xf2\n\xa6\xaf\x82\x12\xdf\x17\xaeN\x1e'
11E8E149-C9F2-0AA6-AF82-12DF17AE4E1E,2015-ncaa-d1-conf-ASUN,ncaa,3,3,1,3,1,3,3,2,4,5,6,3,2,2,4,2,3,4,1,4,5,3,3,4,4,4,2,3,4,6,6,2,5,3,6,2,2,7,5,3,4,5,5,5,,,7,7,,,3,1,6,2,4,5,6,8,7,3,2,4,4,5,7,6,7,4,6,3,5,5,5,,7,,,3,7,7,7,3,5,7,4,6,7,2,6,7,7,5,7,7,8,8,3,3,3,5,6,7,4,5,8,6,7,6,4,4,4,4,3,6,6,2,4,,,5,5,,,3,8,3,3,3,3,3,4,4,4,5,5,4,4,4,5,4,3,5,4,3,4,6,2,,5,,,b'\x11\xe8\xe1I\xc9\xf2\n\xa6\xaf\x82\x12\xdf\x17\xaeN\x1e'
11E8E149-C9F2-0AA6-AF82-12DF17AE4E1E,2015-ncaa-d1-natl,ncaa,106,130,55,120,64,143,225,194,247,312,325,190,46,27,190,18,52,114,9,116,13,177,144,172,120,149,9,35,36,260,288,94,125,165,228,177,125,244,233,220,180,215,122,122,,,298,273,,,181,110,220,136,212,300,295,339,336,60,42,66,143,148,283,270,297,165,270,234,189,223,155,,247,,,181,218,167,205,125,122,135,165,260,286,121,272,254,265,112,252,272,231,256,152,166,138,294,256,247,194,125,266,288,253,228,88,59,95,108,59,310,304,124,250,,,54,29,,,181,262,189,125,163,135,94,89,70,53,227,248,216,236,219,109,138,123,184,170,56,119,269,89,,78,,,b'\x11\xe8\xe1I\xc9\xf2\n\xa6\xaf\x82\x12\xdf\x17\xaeN\x1e'
11E8E149-C9F2-0AA6-AF82-12DF17AE4E1E,2016-ncaa-d0-natl,ncaa,136,137,114,147,121,78,133,154,109,244,286,130,25,35,33,35,27,76,4,79,12,139,173,63,33,25,11,31,42,249,272,201,200,229,253,107,99,52,59,63,160,175,207,154,,,262,257,,,103,138,170,61,56,133,177,272,316,16,33,15,57,64,156,223,268,251,284,94,54,172,220,,259,,,105,247,225,202,231,82,35,258,344,336,285,344,133,158,79,166,262,186,216,297,273,239,338,342,83,179,200,227,272,207,253,178,133,96,110,121,51,57,210,287,,,24,8,,,103,221,39,226,98,231,212,163,70,15,342,340,120,148,155,159,193,157,193,176,168,107,50,203,,10,,,b'\x11\xe8\xe1I\xc9\xf2\n\xa6\xaf\x82\x12\xdf\x17\xaeN\x1e'
11E8E149-C9F2-0AA6-AF82-12DF17AE4E1E,2016-ncaa-d1-conf-Horizon,ncaa,4,5,1,5,1,2,4,3,7,7,6,8,2,2,1,2,1,2,1,3,2,3,3,4,2,2,3,3,2,6,6,7,9,7,9,2,2,5,6,4,4,4,8,8,,,8,7,,,3,3,9,5,4,6,9,8,8,2,3,1,4,4,8,7,6,9,9,5,5,4,9,,7,,,3,6,5,6,5,4,3,8,10,10,6,9,3,4,3,5,7,5,9,7,5,4,7,9,3,7,9,7,6,7,9,4,5,1,2,2,4,5,9,8,,,1,1,,,3,8,3,4,3,2,4,3,3,2,9,10,3,3,3,2,3,5,5,5,3,2,4,8,,1,,,b'\x11\xe8\xe1I\xc9\xf2\n\xa6\xaf\x82\x12\xdf\x17\xaeN\x1e'
11E8E149-C9F2-0AA6-AF82-12DF17AE4E1E,2016-ncaa-d1-natl,ncaa,114,137,51,137,57,45,86,94,77,187,253,81,20,27,28,35,23,60,7,62,13,87,121,35,23,17,16,31,67,231,268,152,177,193,238,74,110,62,47,49,116,141,175,141,,,284,230,,,71,82,171,72,43,102,171,238,311,15,35,20,72,78,155,228,273,249,288,88,40,145,206,,236,,,71,275,257,240,221,116,61,255,343,341,279,344,131,155,84,163,238,223,264,292,262,206,332,342,71,180,177,266,268,250,238,201,126,60,82,96,51,44,215,265,,,16,9,,,71,279,24,188,63,211,201,141,65,13,339,333,94,113,125,130,181,121,171,153,153,74,36,176,,19,,,b'\x11\xe8\xe1I\xc9\xf2\n\xa6\xaf\x82\x12\xdf\x17\xaeN\x1e'
11E8E149-C9F2-0AA6-AF82-12DF17AE4E1E,2017-ncaa-d0-natl,ncaa,284,300,168,296,183,300,312,317,261,307,299,258,242,225,238,159,193,205,156,208,78,313,277,261,236,288,110,171,58,250,176,283,243,280,196,276,158,288,330,305,315,305,268,279,,,40,85,,,296,282,329,70,315,328,344,320,310,232,225,194,214,213,341,309,254,300,307,290,290,322,273,,49,,,296,137,229,130,316,269,152,333,84,132,56,187,30,31,76,30,49,87,62,292,258,283,17,86,26,138,243,39,176,55,196,141,78,281,239,245,281,320,198,284,,,166,47,,,296,58,292,288,305,165,260,134,293,156,91,143,39,43,42,77,39,159,50,69,155,281,286,212,,139,,,b'\x11\xe8\xe1I\xc9\xf2\n\xa6\xaf\x82\x12\xdf\x17\xaeN\x1e'
11E8E149-C9F2-0AA6-AF82-12DF17AE4E1E,2017-ncaa-d1-conf-Horizon,ncaa,7,7,7,7,8,10,10,10,9,9,9,9,9,10,7,8,3,5,3,5,2,10,10,7,7,8,6,8,1,7,7,10,7,9,6,10,7,8,9,10,10,7,5,5,,,2,8,,,7,10,10,2,10,10,10,9,8,8,10,2,4,4,10,10,7,9,9,9,8,9,5,,3,,,7,3,3,2,8,8,2,9,1,1,1,3,3,3,6,3,2,2,1,7,6,6,1,1,4,4,7,1,7,3,6,5,4,9,6,7,8,9,7,9,,,5,1,,,7,1,8,6,8,3,4,2,9,5,1,1,4,4,3,3,2,4,2,3,5,9,8,9,,4,,,b'\x11\xe8\xe1I\xc9\xf2\n\xa6\xaf\x82\x12\xdf\x17\xaeN\x1e'
11E8E149-C9F2-0AA6-AF82-12DF17AE4E1E,2017-ncaa-d1-natl,ncaa,283,299,144,297,160,302,317,325,275,305,309,265,245,224,273,160,171,198,133,203,63,316,288,272,246,293,108,179,40,243,158,289,246,286,194,290,179,292,332,315,310,292,273,286,,,35,84,,,299,294,329,68,320,331,345,324,313,244,219,169,201,201,341,309,243,308,308,299,291,315,281,,50,,,299,139,232,123,321,281,146,335,71,123,54,178,26,29,95,27,47,82,53,300,267,279,16,77,28,136,246,28,158,42,194,124,65,259,230,223,286,321,180,270,,,143,39,,,299,46,293,287,305,156,256,118,296,153,79,125,38,42,40,66,35,151,48,61,133,266,284,194,,121,,,b'\x11\xe8\xe1I\xc9\xf2\n\xa6\xaf\x82\x12\xdf\x17\xaeN\x1e'
11E8E149-C9F2-0AA6-AF82-12DF17AE4E1E,2018-ncaa-d0-natl,ncaa,277,295,164,288,185,288,318,318,277,308,305,244,247,225,275,150,115,119,159,122,12,300,258,271,238,293,85,192,17,162,72,275,201,239,115,265,113,331,337,323,194,151,108,61,,,258,317,,,254,274,305,117,310,332,341,318,312,243,223,94,104,106,324,274,142,294,243,290,322,188,100,,270,,,252,89,60,52,159,40,40,142,172,137,250,230,231,226,188,226,306,67,77,188,217,178,306,230,282,96,201,32,72,40,115,100,195,168,117,116,287,317,198,292,,,83,13,,,254,81,286,175,250,99,61,37,44,26,189,148,235,237,240,56,59,108,41,47,113,158,296,208,,45,,,b'\x11\xe8\xe1I\xc9\xf2\n\xa6\xaf\x82\x12\xdf\x17\xaeN\x1e'
11E8E149-C9F2-0AA6-AF82-12DF17AE4E1E,2018-ncaa-d1-conf-Horizon,ncaa,8,8,3,8,3,8,8,8,8,8,6,7,8,9,8,7,2,2,6,2,2,7,5,8,6,8,4,7,1,5,4,9,7,6,5,7,4,9,10,8,7,7,1,1,,,7,7,,,8,6,8,1,9,10,10,8,6,8,8,3,3,3,8,6,5,9,7,8,9,7,2,,6,,,8,4,4,5,7,4,4,4,8,6,9,7,5,5,3,5,5,5,5,8,7,6,7,7,4,7,7,4,4,4,5,6,7,5,7,5,8,7,6,8,,,2,1,,,8,4,8,6,8,5,5,4,3,2,7,6,5,5,5,4,4,6,4,4,6,6,8,6,,2,,,b'\x11\xe8\xe1I\xc9\xf2\n\xa6\xaf\x82\x12\xdf\x17\xaeN\x1e'
11E8E149-C9F2-0AA6-AF82-12DF17AE4E1E,2018-ncaa-d1-natl,ncaa,276,295,144,288,166,279,308,320,262,289,292,239,254,233,266,171,102,99,166,103,17,296,244,259,213,286,92,201,17,147,66,256,167,218,91,247,104,331,335,317,180,136,113,66,,,248,309,,,229,272,296,128,303,329,341,301,301,248,233,81,91,95,322,257,134,269,222,270,322,171,101,,258,,,229,71,42,47,117,30,33,127,167,153,190,235,224,218,204,219,301,56,72,143,176,137,305,226,280,89,167,27,66,27,91,81,193,149,103,97,310,317,215,297,,,63,12,,,229,85,276,127,230,85,46,40,33,29,175,157,226,227,227,52,62,101,39,43,106,135,303,213,,39,,,b'\x11\xe8\xe1I\xc9\xf2\n\xa6\xaf\x82\x12\xdf\x17\xaeN\x1e'
11E8E149-C9F2-0AA6-AF82-12DF17AE4E1E,2019-ncaa-d0-natl,ncaa,253,224,292,250,308,310,318,326,272,336,342,231,161,141,221,52,264,254,235,254,56,321,318,224,222,256,39,58,136,264,176,244,12,261,66,252,68,183,295,245,336,319,286,260,,,155,324,,,243,325,280,272,289,309,317,327,331,117,91,226,205,208,311,284,212,148,177,215,259,328,272,,264,,,248,39,54,28,229,90,45,266,41,49,90,149,110,122,149,129,233,21,12,219,212,265,105,84,216,1,12,32,176,3,66,5,17,330,281,154,237,310,324,351,,,166,18,,,243,29,255,189,243,129,141,67,187,105,75,103,190,198,206,70,26,4,116,31,30,315,287,339,,47,,,b'\x11\xe8\xe1I\xc9\xf2\n\xa6\xaf\x82\x12\xdf\x17\xaeN\x1e'
11E8E149-C9F2-0AA6-AF82-12DF17AE4E1E,2019-ncaa-d1-conf-Horizon,ncaa,5,5,5,5,7,7,8,8,6,8,9,6,4,6,3,3,4,7,2,7,3,8,8,5,4,6,2,2,3,6,3,7,4,8,4,7,3,7,7,6,9,9,9,9,,,7,8,,,6,8,7,8,7,8,8,10,9,2,4,4,4,4,8,8,5,6,7,6,7,9,9,,7,,,6,5,4,2,8,7,5,7,3,2,4,4,6,6,5,6,5,4,1,6,6,9,4,3,6,2,4,3,3,2,4,1,1,9,9,4,8,8,10,10,,,3,1,,,6,4,6,7,6,6,6,4,6,6,3,3,6,6,6,4,3,2,4,3,2,9,8,10,,1,,,b'\x11\xe8\xe1I\xc9\xf2\n\xa6\xaf\x82\x12\xdf\x17\xaeN\x1e'
11E8E149-C9F2-0AA6-AF82-12DF17AE4E1E,2019-ncaa-d1-natl,ncaa,232,224,233,234,292,286,301,310,272,325,337,211,137,111,239,45,245,242,228,243,56,306,301,219,216,254,42,62,143,223,156,205,12,215,52,226,65,217,286,231,319,287,287,271,,,191,318,,,216,318,279,272,284,301,310,326,331,115,82,226,202,207,308,274,190,138,161,195,251,311,278,,260,,,217,45,65,30,206,102,63,242,36,60,54,148,126,141,113,148,240,28,17,181,175,213,101,82,218,2,12,47,156,6,52,6,17,306,237,105,267,314,331,351,,,119,25,,,216,40,248,139,216,106,114,59,161,98,65,97,173,193,203,62,26,6,107,29,22,280,287,341,,46,,,b'\x11\xe8\xe1I\xc9\xf2\n\xa6\xaf\x82\x12\xdf\x17\xaeN\x1e'
11E8E149-C9F2-0AA6-AF82-12DF17AE4E1E,2020-ncaa-d0-natl,ncaa,66,109,8,99,22,72,98,53,195,151,147,181,79,58,166,106,45,52,123,54,94,43,49,168,145,128,73,115,102,118,185,44,4,51,79,154,242,175,106,154,124,137,220,244,,,225,186,,,73,38,180,273,153,195,160,228,250,115,98,92,116,121,157,201,187,129,142,233,102,173,242,,126,,,81,178,218,202,182,263,238,215,93,115,78,102,145,157,142,159,131,195,233,155,144,104,63,78,148,14,4,308,185,178,79,89,45,71,84,47,187,104,311,301,,,27,67,,,73,313,133,52,77,66,104,52,163,129,54,67,91,98,104,41,50,5,204,55,42,139,102,280,,90,,,b'\x11\xe8\xe1I\xc9\xf2\n\xa6\xaf\x82\x12\xdf\x17\xaeN\x1e'
11E8E149-C9F2-0AA6-AF82-12DF17AE4E1E,2020-ncaa-d1-conf-Horizon,ncaa,2,4,1,4,1,2,4,3,5,4,5,4,2,1,4,4,1,1,4,1,1,3,2,4,4,3,3,4,2,2,3,1,1,2,3,4,6,6,4,5,2,3,5,5,,,6,6,,,2,2,5,5,3,6,4,6,5,3,2,1,1,1,4,5,3,4,2,6,4,2,5,,4,,,2,4,4,5,5,6,8,4,2,3,3,2,4,4,3,4,4,5,7,5,5,3,4,4,5,2,1,7,3,5,3,2,2,2,1,2,8,6,8,8,,,1,3,,,2,9,4,2,3,3,4,1,3,5,2,2,4,4,4,3,4,1,5,3,2,2,7,8,,3,,,b'\x11\xe8\xe1I\xc9\xf2\n\xa6\xaf\x82\x12\xdf\x17\xaeN\x1e'
11E8E149-C9F2-0AA6-AF82-12DF17AE4E1E,2020-ncaa-d1-natl,ncaa,76,109,12,104,35,89,125,70,207,178,179,190,88,75,173,109,56,69,122,71,92,64,79,179,154,140,72,114,94,141,196,66,4,70,85,179,243,151,108,161,148,148,227,248,,,193,195,,,88,63,184,273,161,205,173,237,253,114,100,93,119,123,166,207,195,134,151,248,102,186,245,,126,,,91,146,200,164,196,249,210,229,81,94,80,99,131,143,146,143,131,154,191,169,153,116,59,78,151,10,4,291,196,154,85,75,45,92,94,54,161,112,309,306,,,38,68,,,88,289,145,59,89,70,110,55,167,134,56,64,93,100,106,44,50,3,210,58,43,143,104,286,,91,,,b'\x11\xe8\xe1I\xc9\xf2\n\xa6\xaf\x82\x12\xdf\x17\xaeN\x1e'
11E8E149-C9F2-0AA6-AF82-12DF17AE4E1E,2021-ncaa-d0-natl,ncaa,205,165,248,201,260,234,241,260,154,246,262,138,185,195,167,115,206,207,162,201,77,258,261,143,143,149,107,133,119,232,138,237,47,239,68,277,300,82,174,238,319,332,179,142,,,63,123,,,149,264,220,121,154,181,208,212,233,125,117,122,127,118,197,200,172,129,137,264,169,336,140,,83,,,149,89,91,91,148,103,97,216,87,104,47,203,115,95,277,93,161,84,71,137,145,208,120,122,186,51,47,70,138,61,68,82,108,289,278,236,145,247,161,255,,,211,55,,,149,78,151,169,154,143,149,156,175,141,123,184,180,150,150,151,73,42,103,58,121,298,246,234,,82,,,b'\x11\xe8\xe1I\xc9\xf2\n\xa6\xaf\x82\x12\xdf\x17\xaeN\x1e'
11E8E149-C9F2-0AA6-AF82-12DF17AE4E1E,2021-ncaa-d1-conf-Horizon,ncaa,8,4,11,5,11,10,10,11,4,10,11,4,8,9,4,3,9,10,6,10,5,11,11,4,5,4,3,2,9,9,4,9,5,9,4,11,10,2,5,6,12,12,4,3,,,2,1,,,5,11,6,8,4,6,4,6,8,1,2,5,6,6,4,7,6,4,4,7,4,12,3,,2,,,5,2,2,2,4,3,2,4,2,3,3,7,3,2,11,2,4,2,2,3,3,6,4,3,6,3,5,2,4,2,4,1,2,11,11,7,3,7,6,8,,,11,8,,,5,2,4,6,5,5,5,10,7,9,4,8,6,5,5,7,6,5,6,5,3,11,8,9,,9,,,b'\x11\xe8\xe1I\xc9\xf2\n\xa6\xaf\x82\x12\xdf\x17\xaeN\x1e'
11E8E149-C9F2-0AA6-AF82-12DF17AE4E1E,2021-ncaa-d1-natl,ncaa,217,165,259,212,265,244,254,266,160,262,273,141,188,200,167,115,215,222,165,217,75,267,271,147,147,152,104,130,112,244,144,245,50,251,74,286,300,75,180,246,322,335,193,144,,,55,124,,,157,273,223,118,162,185,215,219,238,128,120,122,132,124,203,201,176,139,149,271,176,339,142,,82,,,157,83,83,83,157,97,84,220,83,97,49,200,105,87,279,86,161,78,63,141,153,223,121,118,187,47,50,64,144,55,74,78,109,293,280,247,136,250,155,262,,,224,60,,,157,70,155,182,163,148,156,158,180,141,123,181,180,151,152,153,71,44,105,61,124,300,249,239,,87,,,b'\x11\xe8\xe1I\xc9\xf2\n\xa6\xaf\x82\x12\xdf\x17\xaeN\x1e'
11E8E149-C9F2-0AA6-AF82-12DF17AE4E1E,2022-ncaa-d0-natl,ncaa,79,35,216,55,236,177,164,209,104,186,239,101,126,142,111,118,232,239,180,243,200,220,244,98,102,107,152,117,251,192,152,171,18,188,66,216,265,78,130,155,141,88,102,97,,,28,51,,,77,250,215,195,128,119,162,163,217,100,113,218,216,225,191,206,163,112,114,204,114,118,78,,33,,,72,54,87,105,165,153,193,120,33,25,180,40,42,35,197,35,33,80,82,127,112,103,32,76,82,11,18,100,152,40,66,23,14,226,160,67,80,116,238,272,,,211,155,,,77,109,101,67,64,72,132,117,201,254,46,28,60,47,50,90,77,10,130,42,27,208,113,271,,176,,,b'\x11\xe8\xe1I\xc9\xf2\n\xa6\xaf\x82\x12\xdf\x17\xaeN\x1e'
11E8E149-C9F2-0AA6-AF82-12DF17AE4E1E,2022-ncaa-d1-conf-Horizon,ncaa,3,4,5,4,7,5,2,2,4,3,4,4,6,6,7,5,6,6,7,7,6,3,4,4,6,5,7,7,6,5,5,3,3,4,5,5,8,5,4,4,4,4,1,3,,,4,2,,,5,7,5,7,4,2,3,3,5,5,4,6,6,6,4,5,3,4,3,5,4,5,1,,2,,,5,5,8,6,6,11,11,6,1,1,5,1,4,4,7,4,2,5,5,6,6,4,1,1,3,2,3,8,5,6,5,1,1,5,5,1,6,5,12,9,,,5,5,,,5,7,5,3,5,5,6,7,8,11,1,1,4,3,3,5,7,2,6,4,2,6,4,11,,5,,,b'\x11\xe8\xe1I\xc9\xf2\n\xa6\xaf\x82\x12\xdf\x17\xaeN\x1e'
11E8E149-C9F2-0AA6-AF82-12DF17AE4E1E,2022-ncaa-d1-natl,ncaa,74,35,213,53,237,189,184,209,122,200,246,109,127,129,145,109,222,218,198,224,164,211,236,108,122,126,135,116,227,178,150,176,13,177,63,229,268,87,127,170,145,94,97,97,,,27,58,,,88,250,206,198,141,136,168,177,229,104,104,197,192,200,183,193,152,116,112,221,122,133,84,,35,,,80,58,96,95,174,166,193,136,36,19,186,38,47,41,149,41,43,71,68,133,124,113,31,74,88,4,13,104,150,35,63,20,19,227,158,77,87,117,233,268,,,191,137,,,88,111,114,72,77,77,134,112,199,240,47,29,65,63,63,85,76,9,146,46,34,204,119,258,,152,,,b'\x11\xe8\xe1I\xc9\xf2\n\xa6\xaf\x82\x12\xdf\x17\xaeN\x1e'
11E8E149-C9F2-0AA6-AF82-12DF17AE4E1E,2023-ncaa-d0-natl,ncaa,135,139,116,147,118,104,141,129,160,109,131,125,225,184,290,222,28,28,189,29,26,112,147,187,154,97,194,289,26,187,245,77,59,112,155,142,153,20,17,51,263,297,155,172,,,124,89,,,109,136,226,9,108,152,154,108,150,243,193,17,18,18,98,202,215,55,93,142,16,285,162,,101,,,108,204,220,236,147,235,254,147,141,164,116,130,199,230,72,234,183,240,211,128,116,176,114,134,188,124,59,285,245,248,155,164,122,243,270,229,16,15,131,102,,,37,7,,,109,230,95,144,104,173,197,217,210,257,118,143,187,214,221,237,163,106,268,225,143,265,12,124,,16,,,b'\x11\xe8\xe1I\xc9\xf2\n\xa6\xaf\x82\x12\xdf\x17\xaeN\x1e'
11E8E149-C9F2-0AA6-AF82-12DF17AE4E1E,2023-ncaa-d1-conf-Horizon,ncaa,5,5,4,5,4,6,7,6,8,3,3,8,10,10,10,9,2,2,6,2,3,4,5,8,8,6,9,10,1,4,7,3,8,3,8,7,6,2,2,4,6,6,3,4,,,3,3,,,3,6,8,3,5,7,7,3,4,10,10,2,2,2,3,6,6,3,4,7,2,6,3,,3,,,3,6,6,6,5,6,10,5,3,5,5,5,4,6,2,6,4,8,8,4,3,3,6,4,8,8,8,8,7,8,8,4,3,6,6,5,1,1,8,5,,,2,1,,,3,6,6,3,3,5,5,7,5,7,3,3,3,5,5,7,5,8,7,8,2,6,1,7,,2,,,b'\x11\xe8\xe1I\xc9\xf2\n\xa6\xaf\x82\x12\xdf\x17\xaeN\x1e'
11E8E149-C9F2-0AA6-AF82-12DF17AE4E1E,2023-ncaa-d1-natl,ncaa,151,138,151,151,153,133,174,169,170,144,164,133,239,201,295,224,33,32,187,33,25,141,205,193,160,102,189,288,21,225,262,103,68,136,166,167,159,12,17,54,293,307,170,177,,,100,95,,,136,193,231,8,118,172,174,117,153,248,199,16,19,19,103,210,223,60,105,149,17,301,166,,109,,,133,170,194,202,167,206,229,164,124,140,128,128,184,215,81,219,187,209,155,147,132,194,112,129,191,101,68,260,262,218,166,146,123,278,283,241,8,15,121,113,,,43,7,,,136,182,106,169,125,186,207,216,227,261,124,146,197,221,226,239,163,115,272,233,154,280,13,129,,16,,,b'\x11\xe8\xe1I\xc9\xf2\n\xa6\xaf\x82\x12\xdf\x17\xaeN\x1e'
11E8E149-C9F2-0AA6-AF82-12DF17AE4E1E,2024-ncaa-d0-natl,ncaa,264,276,196,276,218,150,169,216,115,221,271,121,92,116,67,100,106,81,279,82,25,192,206,95,94,97,55,86,105,287,299,192,206,238,269,200,224,129,162,180,298,313,331,340,,,139,135,,,255,183,109,187,116,149,225,219,273,70,97,85,52,56,174,175,291,158,245,186,161,301,333,,162,,,257,298,295,218,322,297,211,320,235,198,269,168,252,255,183,251,226,234,171,320,318,347,140,155,180,188,206,223,299,212,269,215,94,302,327,312,246,264,214,286,,,115,43,,,255,177,132,342,254,336,334,286,327,274,269,223,271,274,265,296,244,212,260,257,246,310,267,235,,61,,,b'\x11\xe8\xe1I\xc9\xf2\n\xa6\xaf\x82\x12\xdf\x17\xaeN\x1e'
11E8E149-C9F2-0AA6-AF82-12DF17AE4E1E,2024-ncaa-d1-conf-Horizon,ncaa,8,8,3,8,5,3,3,5,3,5,6,5,2,4,3,4,5,4,9,4,3,5,4,3,4,3,2,2,6,4,8,5,5,5,7,5,6,5,5,5,8,8,11,11,,,7,4,,,5,3,3,7,3,3,4,6,7,2,4,5,4,4,3,4,4,7,8,6,5,9,11,,6,,,5,11,11,8,10,10,9,9,6,5,9,3,5,7,1,6,7,9,7,9,9,10,3,3,3,6,5,8,8,9,7,5,1,9,9,9,6,6,5,6,,,4,4,,,5,9,3,11,6,9,11,9,9,9,6,4,5,6,6,9,7,7,7,7,5,9,6,5,,4,,,b'\x11\xe8\xe1I\xc9\xf2\n\xa6\xaf\x82\x12\xdf\x17\xaeN\x1e'
11E8E149-C9F2-0AA6-AF82-12DF17AE4E1E,2024-ncaa-d1-natl,ncaa,266,278,194,279,222,146,182,239,115,230,273,121,100,129,73,109,109,79,287,82,26,209,220,99,99,103,56,90,99,300,303,189,199,247,271,217,239,150,183,204,300,320,339,343,,,134,134,,,276,179,103,189,121,168,240,224,275,83,105,85,51,57,189,184,298,161,249,208,176,300,339,,161,,,276,307,313,227,330,311,213,329,263,218,283,192,257,261,189,253,232,242,181,334,331,350,163,183,180,180,199,227,303,214,271,239,102,309,334,316,264,280,200,275,,,103,44,,,276,182,145,349,271,342,336,290,328,268,284,235,278,278,271,300,247,206,263,255,266,308,276,218,,66,,,b'\x11\xe8\xe1I\xc9\xf2\n\xa6\xaf\x82\x12\xdf\x17\xaeN\x1e'
11E8E149-C9F2-0AA6-AF82-12DF17AE4E1E,2025-ncaa-d0-natl,genius_ncaa,265,292,135,277,172,160,159,147,195,203,201,193,111,113,144,100,219,205,233,205,175,156,175,166,179,157,103,89,234,214,274,127,99,170,209,152,140,114,128,135,220,241,326,339,,,139,128,,81,237,148,168,223,162,169,144,231,223,104,93,235,222,221,162,202,234,120,180,152,123,230,333,,117,,80,230,279,278,240,276,273,222,290,257,255,216,229,193,166,300,163,155,237,201,277,282,317,164,199,132,124,99,279,274,230,209,259,191,269,289,308,222,226,224,252,,,250,293,,313,237,211,177,296,230,281,291,242,276,199,251,251,188,160,157,231,151,112,285,226,265,297,211,226,,289,,319,b'\x11\xe8\xe1I\xc9\xf2\n\xa6\xaf\x82\x12\xdf\x17\xaeN\x1e'
11E8E149-C9F2-0AA6-AF82-12DF17AE4E1E,2025-ncaa-d1-conf-Horizon,genius_ncaa,6,5,8,6,10,4,6,7,6,8,8,8,4,3,5,3,6,5,10,5,4,7,8,6,5,4,3,3,6,4,4,6,7,5,5,4,5,3,4,4,8,8,10,10,,,4,4,,5,4,9,4,5,4,4,3,8,7,2,3,5,4,4,3,3,2,5,3,4,4,6,10,,4,,5,4,7,7,6,7,8,8,9,3,5,6,5,4,4,10,4,4,5,4,8,8,8,4,5,4,5,7,7,4,7,5,8,6,9,8,9,4,5,4,4,,,10,8,,9,4,3,4,8,4,7,9,10,9,9,7,6,4,4,4,9,7,7,8,8,9,8,5,4,,7,,9,b'\x11\xe8\xe1I\xc9\xf2\n\xa6\xaf\x82\x12\xdf\x17\xaeN\x1e'
11E8E149-C9F2-0AA6-AF82-12DF17AE4E1E,2025-ncaa-d1-natl,genius_ncaa,262,292,113,280,150,147,155,147,190,209,207,187,106,102,139,103,208,195,225,194,167,155,163,164,177,154,98,94,227,235,280,138,103,180,225,146,134,119,128,131,218,233,324,338,,,138,134,,102,253,147,182,226,172,173,158,241,229,103,100,230,210,214,173,217,247,147,211,149,117,238,335,,118,,97,249,298,302,234,306,291,217,311,268,251,241,223,206,183,296,178,162,233,199,310,306,332,164,206,128,116,103,284,280,232,225,279,189,271,288,313,217,217,217,250,,,232,268,,307,253,214,179,316,256,293,296,225,281,192,261,239,195,165,161,215,134,98,286,219,270,293,198,210,,273,,314,b'\x11\xe8\xe1I\xc9\xf2\n\xa6\xaf\x82\x12\xdf\x17\xaeN\x1e'
11E8E149-C9F2-0AA6-AF82-12DF17AE4E1E,2026-ncaa-d0-natl,genius_ncaa,212,346,2,273,3,45,66,21,216,102,79,198,22,5,165,51,21,25,82,24,62,20,5,187,158,196,34,66,86,37,168,42,165,36,181,124,306,362,262,288,84,219,85,194,,,356,183,,205,306,4,138,88,182,226,213,284,308,82,57,102,140,149,187,138,173,240,207,285,277,219,169,,173,,88,265,363,363,358,326,362,357,307,357,339,327,199,335,322,304,320,118,359,359,331,329,330,164,238,89,313,165,356,168,351,181,360,138,52,244,276,362,341,295,210,,,6,107,,66,306,360,199,310,260,314,321,250,307,237,307,222,185,141,136,239,191,119,186,150,273,242,344,138,,94,,182,b'\x11\xe8\xe1I\xc9\xf2\n\xa6\xaf\x82\x12\xdf\x17\xaeN\x1e'
11E8E149-C9F2-0AA6-AF82-12DF17AE4E1E,2026-ncaa-d1-conf-Horizon,genius_ncaa,8,8,4,8,4,6,10,5,11,8,6,10,7,3,10,4,4,5,1,5,5,4,4,11,11,11,3,6,2,1,1,8,4,4,2,10,9,6,4,9,3,1,3,4,,,8,8,,1,7,7,6,1,7,11,2,9,4,7,1,4,5,5,1,1,1,9,1,10,7,1,3,,8,,1,7,4,4,3,6,3,6,4,3,2,10,2,7,7,6,7,7,3,7,6,6,6,7,7,9,3,4,5,1,4,2,6,7,5,3,6,8,9,10,10,,,5,6,,5,7,7,7,6,7,6,6,2,5,7,4,1,7,7,7,2,6,3,5,3,7,3,9,10,,4,,4,b'\x11\xe8\xe1I\xc9\xf2\n\xa6\xaf\x82\x12\xdf\x17\xaeN\x1e'
11E8E149-C9F2-0AA6-AF82-12DF17AE4E1E,2026-ncaa-d1-natl,genius_ncaa,256,345,2,304,4,57,95,33,259,145,121,228,31,10,182,56,27,40,83,40,59,30,11,214,195,229,29,64,74,58,207,53,180,50,206,183,322,359,288,318,128,260,105,212,,,349,207,,178,325,6,155,89,220,264,241,315,321,92,64,109,148,155,223,168,200,268,248,323,293,258,185,,188,,95,304,363,363,358,345,362,357,327,353,333,339,189,321,310,317,303,124,359,356,348,345,348,161,237,92,288,180,346,207,340,206,355,148,92,277,305,362,352,280,234,,,7,89,,86,325,358,237,338,303,335,339,260,323,250,321,231,198,144,142,253,187,122,203,166,303,271,349,156,,101,,169,b'\x11\xe8\xe1I\xc9\xf2\n\xa6\xaf\x82\x12\xdf\x17\xaeN\x1e'
11E8E149-C9F6-64DE-AF82-12DF17AE4E1E,2010-ncaa-d0-natl,ncaa,108,145,50,135,72,119,144,164,119,176,213,125,80,108,75,95,92,162,9,158,101,162,173,90,58,81,71,86,116,255,265,50,72,122,125,21,2,149,159,22,262,283,36,39,,,64,37,,,175,145,299,247,185,225,296,248,294,107,137,132,225,220,294,316,313,83,222,18,75,299,44,,26,,,175,274,297,295,149,166,217,97,342,328,314,317,32,24,275,24,18,268,195,223,178,290,291,341,10,193,72,172,265,182,125,329,299,303,334,339,222,218,145,178,,,204,224,,,175,198,105,281,175,162,210,244,81,100,334,312,16,16,17,151,46,115,73,72,292,335,150,109,,301,,,b'\x11\xe8\xe1I\xc9\xf6d\xde\xaf\x82\x12\xdf\x17\xaeN\x1e'
11E8E149-C9F6-64DE-AF82-12DF17AE4E1E,2010-ncaa-d1-conf-Big Ten,ncaa,9,10,4,10,7,7,8,9,8,9,10,8,4,5,4,3,8,10,2,10,8,9,11,6,4,5,5,4,8,11,11,8,7,10,9,2,1,5,7,2,11,11,5,5,,,3,4,,,11,9,10,8,9,9,11,9,9,4,6,8,10,10,11,11,11,10,11,1,5,11,5,,4,,,11,10,10,6,11,9,7,10,11,7,11,9,3,2,5,2,2,5,3,11,11,11,5,11,2,4,7,5,11,4,9,11,9,11,11,11,5,8,6,7,,,10,9,,,11,2,6,11,11,11,11,7,10,7,11,7,3,3,3,6,2,4,6,4,11,11,5,6,,10,,,b'\x11\xe8\xe1I\xc9\xf6d\xde\xaf\x82\x12\xdf\x17\xaeN\x1e'
11E8E149-C9F6-64DE-AF82-12DF17AE4E1E,2010-ncaa-d1-natl,ncaa,114,145,53,142,78,126,152,177,120,188,225,127,86,111,73,95,101,170,9,166,98,177,191,90,62,85,70,89,114,269,269,54,73,137,131,22,2,134,161,22,272,287,37,38,,,53,40,,,183,159,301,244,189,228,296,253,295,106,138,133,227,221,296,319,313,87,225,17,76,305,44,,26,,,183,266,290,289,152,153,207,104,342,327,315,318,30,21,276,22,17,257,180,232,182,294,292,341,10,173,73,158,269,175,131,325,297,321,336,340,211,221,140,185,,,215,225,,,183,185,108,290,183,165,213,246,86,101,334,313,16,16,17,153,44,113,73,74,294,336,151,111,,303,,,b'\x11\xe8\xe1I\xc9\xf6d\xde\xaf\x82\x12\xdf\x17\xaeN\x1e'
11E8E149-C9F6-64DE-AF82-12DF17AE4E1E,2011-ncaa-d0-natl,ncaa,99,134,43,128,61,71,88,145,44,101,176,46,98,125,87,137,48,75,29,76,48,121,109,45,34,55,118,152,86,228,230,59,153,110,135,15,4,229,201,28,209,260,20,40,,,84,22,,,141,81,205,211,103,143,271,163,263,129,164,65,113,113,255,265,291,96,223,11,147,263,25,,32,,,143,293,314,313,175,259,294,112,335,302,327,255,54,64,118,70,30,299,277,216,170,216,205,326,15,278,153,144,230,212,135,297,185,199,273,284,297,275,164,166,,,65,87,,,141,267,73,236,130,194,257,279,174,229,322,267,28,29,30,233,162,208,53,96,226,280,251,117,,141,,,b'\x11\xe8\xe1I\xc9\xf6d\xde\xaf\x82\x12\xdf\x17\xaeN\x1e'
11E8E149-C9F6-64DE-AF82-12DF17AE4E1E,2011-ncaa-d1-conf-Big Ten,ncaa,8,8,4,8,4,8,7,5,10,7,7,6,10,5,11,5,5,4,6,5,4,5,5,10,8,10,6,9,3,8,9,3,6,5,6,2,1,9,11,6,5,6,3,3,,,4,4,,,9,4,5,5,10,11,9,8,8,10,5,5,5,5,8,6,8,3,6,2,11,6,3,,5,,,9,7,8,8,4,7,9,3,8,5,10,5,4,4,2,4,4,8,8,5,4,5,4,8,4,7,6,7,9,7,6,7,6,3,6,5,11,11,4,4,,,4,7,,,9,8,11,4,8,6,8,9,9,10,8,5,4,4,4,9,9,6,7,8,8,4,11,4,,5,,,b'\x11\xe8\xe1I\xc9\xf6d\xde\xaf\x82\x12\xdf\x17\xaeN\x1e'
11E8E149-C9F6-64DE-AF82-12DF17AE4E1E,2011-ncaa-d1-natl,ncaa,112,133,51,131,74,79,99,166,46,117,194,47,112,136,91,134,53,89,30,90,48,140,129,45,34,56,115,149,82,249,237,70,158,124,140,16,4,214,203,31,222,264,24,40,,,69,21,,,148,98,209,207,107,149,273,166,265,128,167,67,116,116,258,267,293,100,225,11,146,267,27,,32,,,149,286,310,309,182,242,286,114,334,296,329,255,46,53,120,56,29,293,266,223,172,221,201,324,14,268,158,123,237,197,140,293,181,224,281,289,290,277,152,171,,,83,86,,,148,252,77,242,139,200,262,281,177,230,323,268,28,29,30,235,160,210,51,99,233,285,253,121,,142,,,b'\x11\xe8\xe1I\xc9\xf6d\xde\xaf\x82\x12\xdf\x17\xaeN\x1e'
11E8E149-C9F6-64DE-AF82-12DF17AE4E1E,2012-ncaa-d0-natl,ncaa,171,174,163,186,221,154,153,180,134,168,225,101,122,109,188,100,161,174,156,176,132,178,173,126,120,145,117,123,183,237,267,127,67,180,170,38,5,193,213,52,180,173,67,53,,,174,176,,,220,146,65,262,125,124,151,145,220,109,95,157,160,165,154,134,235,79,160,18,219,163,54,,206,,,219,248,210,188,223,137,121,174,313,276,327,267,261,222,309,215,255,199,172,264,279,290,318,306,223,86,67,228,267,162,170,262,253,221,231,270,221,220,158,204,,,159,151,,,220,200,167,261,215,281,242,230,161,154,329,288,280,244,239,250,215,100,257,192,268,217,234,172,,134,,,b'\x11\xe8\xe1I\xc9\xf6d\xde\xaf\x82\x12\xdf\x17\xaeN\x1e'
11E8E149-C9F6-64DE-AF82-12DF17AE4E1E,2012-ncaa-d1-conf-Big Ten,ncaa,11,11,8,11,11,11,11,11,11,12,9,8,8,6,11,5,7,6,12,6,2,10,9,11,11,11,5,6,4,10,11,7,3,9,8,5,1,7,8,7,8,7,5,4,,,8,11,,,11,7,2,7,11,11,9,10,8,7,5,5,5,5,8,7,10,5,8,2,9,7,5,,11,,,11,10,6,4,9,5,2,9,11,9,10,9,12,11,10,11,12,5,2,10,11,11,12,9,11,2,3,11,11,6,8,7,9,11,10,9,8,8,5,6,,,5,3,,,11,6,11,10,11,11,10,5,6,3,11,9,12,12,12,9,4,2,12,11,9,10,9,5,,5,,,b'\x11\xe8\xe1I\xc9\xf6d\xde\xaf\x82\x12\xdf\x17\xaeN\x1e'
11E8E149-C9F6-64DE-AF82-12DF17AE4E1E,2012-ncaa-d1-natl,ncaa,186,173,196,191,263,177,179,212,140,187,252,104,129,120,188,100,172,187,156,188,130,210,202,129,122,148,113,118,179,253,272,142,73,206,180,43,5,170,216,57,193,182,72,53,,,151,178,,,232,177,70,262,131,130,157,152,222,107,97,159,161,166,160,141,237,82,164,18,220,172,55,,209,,,230,235,201,161,227,121,102,182,311,264,329,269,254,209,312,199,253,169,140,269,285,294,316,303,224,68,73,205,272,142,180,256,252,248,240,275,207,221,152,206,,,175,146,,,232,168,174,263,229,285,245,233,163,158,328,290,281,246,241,251,215,103,262,197,271,227,234,175,,134,,,b'\x11\xe8\xe1I\xc9\xf6d\xde\xaf\x82\x12\xdf\x17\xaeN\x1e'
11E8E149-C9F6-64DE-AF82-12DF17AE4E1E,2013-ncaa-d0-natl,ncaa,196,197,183,203,236,187,175,247,92,165,222,96,198,212,134,180,200,219,149,214,170,245,231,100,104,144,203,183,198,314,307,73,110,184,188,71,11,219,257,104,243,261,16,10,,,144,134,,,173,173,105,267,175,154,245,149,219,188,202,197,212,206,249,224,317,22,156,36,238,238,9,,172,,,173,150,79,218,25,51,185,20,241,240,184,242,273,219,338,230,220,229,178,41,64,127,322,275,292,206,110,145,307,179,188,175,277,253,289,247,299,317,179,208,,,183,128,,,173,171,196,137,168,184,109,289,73,209,270,270,279,244,250,285,223,236,196,220,198,256,303,196,,172,,,b'\x11\xe8\xe1I\xc9\xf6d\xde\xaf\x82\x12\xdf\x17\xaeN\x1e'
11E8E149-C9F6-64DE-AF82-12DF17AE4E1E,2013-ncaa-d1-conf-Big Ten,ncaa,10,10,9,10,10,11,10,12,7,10,9,10,10,10,7,7,11,11,11,11,8,11,10,7,9,11,8,7,8,12,12,4,8,7,8,6,1,11,12,8,6,6,3,3,,,9,9,,,10,9,3,8,10,10,10,9,9,10,9,10,8,6,9,9,12,1,6,4,12,6,2,,9,,,10,1,1,5,1,1,4,1,3,7,2,7,11,10,11,10,9,7,4,1,2,3,12,5,12,10,8,4,12,6,8,4,12,8,7,6,12,12,6,8,,,9,4,,,10,4,11,5,10,5,1,8,1,5,4,10,11,11,11,12,11,12,8,11,6,6,12,7,,7,,,b'\x11\xe8\xe1I\xc9\xf6d\xde\xaf\x82\x12\xdf\x17\xaeN\x1e'
11E8E149-C9F6-64DE-AF82-12DF17AE4E1E,2013-ncaa-d1-natl,ncaa,201,196,210,206,274,206,191,269,94,185,244,100,204,221,131,180,212,231,151,229,166,267,258,101,106,151,200,180,197,324,309,81,113,206,193,76,11,207,259,108,260,267,17,11,,,126,135,,,179,194,107,267,181,162,250,159,221,190,205,196,211,208,256,226,320,23,162,40,237,246,8,,174,,,179,131,69,207,26,42,157,24,236,232,185,240,265,210,339,221,221,214,156,43,68,136,319,272,292,198,113,130,309,163,193,166,278,277,293,254,296,317,176,210,,,208,129,,,179,148,201,146,176,190,114,291,77,213,269,269,285,245,251,289,223,237,199,222,205,262,304,198,,168,,,b'\x11\xe8\xe1I\xc9\xf6d\xde\xaf\x82\x12\xdf\x17\xaeN\x1e'
11E8E149-C9F6-64DE-AF82-12DF17AE4E1E,2014-ncaa-d0-natl,ncaa,129,173,53,162,78,87,74,90,76,77,115,78,102,119,89,151,149,167,95,156,226,100,92,78,85,97,177,145,248,311,342,50,290,147,320,21,16,236,179,46,60,113,3,5,,,201,47,,,121,43,70,245,119,94,169,126,185,129,152,218,237,224,196,199,339,73,247,20,165,81,3,,115,,,123,275,248,321,41,228,311,38,265,285,123,200,252,244,219,247,129,318,321,40,47,52,250,221,202,347,290,322,342,341,320,330,330,71,158,213,315,281,200,168,,,145,238,,,121,304,181,107,130,181,171,318,145,274,217,251,205,180,185,309,310,337,269,318,293,101,267,156,,246,,,b'\x11\xe8\xe1I\xc9\xf6d\xde\xaf\x82\x12\xdf\x17\xaeN\x1e'
11E8E149-C9F6-64DE-AF82-12DF17AE4E1E,2014-ncaa-d1-conf-Big Ten,ncaa,10,10,4,10,5,8,7,7,8,8,9,7,6,5,10,6,6,5,8,5,5,7,8,9,9,8,6,5,4,12,12,5,12,10,11,4,2,9,9,4,6,6,2,2,,,9,7,,,10,3,2,5,7,8,8,9,8,6,6,6,5,5,5,6,12,5,10,4,7,6,1,,11,,,9,10,9,11,6,9,11,5,5,6,3,5,11,11,8,11,10,11,10,4,4,7,7,4,10,12,12,11,12,12,11,11,10,6,10,9,11,11,3,3,,,6,7,,,10,10,11,8,9,12,9,12,9,11,5,7,10,12,12,12,12,12,10,12,11,6,11,4,,5,,,b'\x11\xe8\xe1I\xc9\xf6d\xde\xaf\x82\x12\xdf\x17\xaeN\x1e'
11E8E149-C9F6-64DE-AF82-12DF17AE4E1E,2014-ncaa-d1-natl,ncaa,143,171,59,164,90,102,87,104,78,92,137,79,111,127,92,148,166,188,98,177,225,121,115,78,90,102,176,144,247,319,342,57,295,172,323,22,17,219,181,49,70,124,4,5,,,179,47,,,135,50,73,247,124,103,171,133,187,130,153,220,240,228,207,202,340,76,256,21,163,86,3,,117,,,137,261,234,315,43,214,305,39,258,280,127,197,243,227,222,230,130,312,316,45,51,56,242,221,198,346,295,316,342,339,323,326,329,82,165,220,311,286,191,169,,,164,238,,,135,298,185,113,142,188,176,318,149,277,222,254,207,186,190,310,309,339,272,318,296,107,267,157,,248,,,b'\x11\xe8\xe1I\xc9\xf6d\xde\xaf\x82\x12\xdf\x17\xaeN\x1e'
11E8E149-C9F6-64DE-AF82-12DF17AE4E1E,2015-ncaa-d0-natl,ncaa,43,37,79,40,82,50,44,70,26,43,85,42,108,140,57,178,116,131,127,132,219,74,85,37,43,38,214,174,264,243,289,70,256,141,270,15,19,146,90,21,35,51,14,14,,,127,30,,,38,58,65,39,38,30,89,45,111,121,151,144,173,175,101,138,285,100,216,9,107,37,12,,85,,,37,205,210,299,48,188,282,39,256,265,170,218,131,112,240,111,60,284,302,67,56,41,203,260,103,319,256,283,289,312,270,293,308,46,73,114,225,174,164,112,,,115,199,,,38,294,68,58,39,139,149,286,130,249,230,235,101,86,87,247,312,305,226,274,247,45,189,136,,167,,,b'\x11\xe8\xe1I\xc9\xf6d\xde\xaf\x82\x12\xdf\x17\xaeN\x1e'
11E8E149-C9F6-64DE-AF82-12DF17AE4E1E,2015-ncaa-d1-conf-Big Ten,ncaa,4,4,3,4,5,5,6,7,7,7,8,5,9,8,6,10,6,5,10,5,6,7,7,7,6,5,8,9,5,12,13,8,13,10,11,4,3,2,4,2,3,4,2,1,,,9,7,,,5,5,7,5,6,7,9,8,9,9,10,6,5,5,8,10,12,9,11,5,3,3,2,,9,,,5,7,4,7,4,4,6,1,12,11,11,11,7,8,10,8,9,7,10,5,7,5,13,12,9,11,13,10,13,12,11,8,12,4,4,6,9,8,4,3,,,3,1,,,5,9,6,7,5,6,4,7,2,6,12,11,5,6,6,7,11,10,10,12,9,5,9,4,,3,,,b'\x11\xe8\xe1I\xc9\xf6d\xde\xaf\x82\x12\xdf\x17\xaeN\x1e'
11E8E149-C9F6-64DE-AF82-12DF17AE4E1E,2015-ncaa-d1-natl,ncaa,47,37,97,44,101,58,51,81,33,51,98,46,119,148,60,181,134,153,128,154,218,89,106,42,46,43,212,172,260,269,292,92,263,170,282,16,20,114,93,22,41,53,18,14,,,95,32,,,40,64,72,37,42,31,96,51,114,123,151,147,177,177,104,151,289,110,224,10,112,38,12,,86,,,38,183,188,284,52,165,266,42,243,250,180,218,110,94,243,95,61,264,293,70,60,48,199,261,105,312,263,263,292,303,282,287,310,55,80,131,207,180,158,117,,,136,193,,,40,287,74,65,42,146,159,286,139,254,232,235,101,87,88,252,310,308,230,279,253,49,194,139,,167,,,b'\x11\xe8\xe1I\xc9\xf6d\xde\xaf\x82\x12\xdf\x17\xaeN\x1e'
11E8E149-C9F6-64DE-AF82-12DF17AE4E1E,2015-ncaa-d1-ncaatournament,ncaa,33,2,33,33,33,53,49,62,19,42,50,25,54,61,21,47,55,57,5,55,56,64,63,21,21,44,54,40,52,61,54,35,46,41,42,34,2,27,61,33,51,47,33,29,,,10,26,,,25,55,50,4,52,44,60,31,42,46,55,54,57,55,64,62,59,5,28,5,55,41,21,,30,,,25,3,4,29,1,5,28,1,9,23,8,28,8,10,9,9,21,24,20,1,1,2,21,27,30,35,46,5,54,18,42,20,63,57,57,57,27,59,13,38,,,57,54,,,25,7,52,12,27,6,6,56,13,56,15,37,21,31,29,51,40,63,15,44,49,53,53,28,,57,,,b'\x11\xe8\xe1I\xc9\xf6d\xde\xaf\x82\x12\xdf\x17\xaeN\x1e'
11E8E149-C9F6-64DE-AF82-12DF17AE4E1E,2016-ncaa-d0-natl,ncaa,119,204,12,163,14,13,9,5,104,11,4,100,55,35,199,178,117,96,243,92,308,4,7,121,163,73,274,182,323,26,199,27,185,23,236,10,112,60,5,8,10,62,16,48,,,310,97,,,90,5,17,85,26,13,4,17,12,103,83,217,206,201,5,18,80,87,63,15,14,30,28,,192,,,96,345,343,344,245,345,344,247,281,302,165,153,309,310,174,315,162,345,345,233,222,193,109,138,146,333,185,346,199,347,236,336,238,25,125,191,237,62,202,31,,,106,329,,,90,344,72,190,102,282,296,301,297,291,209,222,224,220,226,299,329,256,337,334,292,58,118,112,,254,,,b'\x11\xe8\xe1I\xc9\xf6d\xde\xaf\x82\x12\xdf\x17\xaeN\x1e'
11E8E149-C9F6-64DE-AF82-12DF17AE4E1E,2016-ncaa-d1-conf-Big Ten,ncaa,11,12,1,12,1,4,3,1,13,2,1,11,5,3,14,4,8,6,12,6,10,1,1,14,14,13,10,5,10,1,6,3,9,2,10,2,7,8,2,3,2,4,2,3,,,13,9,,,10,1,2,5,7,5,2,6,1,6,4,11,10,9,2,2,3,6,4,7,4,2,3,,11,,,10,14,14,14,8,14,14,8,13,11,10,7,12,13,3,13,9,14,14,9,8,8,10,8,8,13,9,14,6,14,10,12,7,1,4,7,13,11,5,4,,,4,13,,,10,14,10,8,10,12,9,11,8,9,9,10,9,11,11,11,12,11,14,14,8,3,13,4,,10,,,b'\x11\xe8\xe1I\xc9\xf6d\xde\xaf\x82\x12\xdf\x17\xaeN\x1e'
11E8E149-C9F6-64DE-AF82-12DF17AE4E1E,2016-ncaa-d1-natl,ncaa,134,204,12,168,17,16,9,5,116,12,4,113,64,41,204,180,135,110,245,105,310,6,9,129,168,79,269,181,323,38,212,32,196,30,248,10,116,40,5,8,15,68,19,50,,,297,104,,,102,8,19,85,30,15,5,19,12,107,83,220,210,205,6,20,85,92,66,15,14,36,28,,191,,,108,342,340,342,256,342,343,254,270,293,174,153,303,302,181,308,162,344,344,239,232,204,107,134,145,329,196,346,212,347,248,336,236,31,134,200,220,63,192,37,,,123,328,,,102,343,77,199,114,288,300,302,301,291,213,218,225,222,226,303,329,259,338,334,296,64,122,112,,254,,,b'\x11\xe8\xe1I\xc9\xf6d\xde\xaf\x82\x12\xdf\x17\xaeN\x1e'
11E8E149-C9F6-64DE-AF82-12DF17AE4E1E,2017-ncaa-d0-natl,ncaa,93,75,116,92,155,101,87,110,89,61,67,117,216,244,128,275,111,142,90,150,276,108,135,115,102,90,283,271,169,198,236,89,172,123,193,42,32,96,72,38,84,91,19,7,,,75,42,,,109,124,110,268,92,74,104,51,46,225,257,122,154,167,105,161,219,77,125,22,80,81,17,,55,,,106,194,167,248,77,123,179,73,273,292,173,291,172,140,315,122,132,232,235,97,104,122,290,293,168,260,172,247,236,260,193,296,331,130,167,227,240,225,105,58,,,143,174,,,109,222,107,135,109,172,148,245,92,140,273,298,153,115,112,219,237,246,213,235,294,134,234,100,,160,,,b'\x11\xe8\xe1I\xc9\xf6d\xde\xaf\x82\x12\xdf\x17\xaeN\x1e'
11E8E149-C9F6-64DE-AF82-12DF17AE4E1E,2017-ncaa-d1-conf-Big Ten,ncaa,7,8,4,8,5,10,10,8,9,7,5,10,13,13,7,13,9,10,7,10,12,7,6,11,10,11,12,12,8,9,12,6,10,8,11,7,5,8,10,8,4,4,4,2,,,3,6,,,9,6,9,6,10,10,9,9,5,13,13,9,11,11,9,8,10,7,9,9,10,3,3,,5,,,9,5,4,8,3,2,6,2,10,10,10,11,8,7,13,6,7,6,9,3,4,3,11,13,8,12,10,13,12,11,11,8,11,4,4,6,13,12,5,5,,,10,9,,,9,9,10,5,9,4,3,8,2,3,10,10,7,6,5,6,9,12,12,12,9,4,12,6,,10,,,b'\x11\xe8\xe1I\xc9\xf6d\xde\xaf\x82\x12\xdf\x17\xaeN\x1e'
11E8E149-C9F6-64DE-AF82-12DF17AE4E1E,2017-ncaa-d1-natl,ncaa,104,75,144,96,198,127,107,139,94,74,80,123,231,256,135,270,128,169,90,178,275,141,174,125,110,93,282,268,163,217,244,108,177,160,209,50,34,71,75,40,100,103,24,7,,,45,43,,,117,163,116,270,103,84,108,54,49,227,260,123,161,174,111,165,227,79,132,23,83,91,18,,59,,,113,156,141,219,83,98,136,78,264,282,182,288,152,116,318,103,134,198,202,104,115,133,290,293,165,238,177,222,244,236,209,288,330,159,176,243,222,230,93,64,,,172,172,,,117,179,113,146,118,183,152,247,95,144,277,298,162,116,114,219,233,252,221,240,299,140,239,104,,164,,,b'\x11\xe8\xe1I\xc9\xf6d\xde\xaf\x82\x12\xdf\x17\xaeN\x1e'
11E8E149-C9F6-64DE-AF82-12DF17AE4E1E,2018-ncaa-d0-natl,ncaa,222,263,73,239,94,165,138,190,91,79,60,154,309,336,90,337,148,162,152,165,277,192,159,139,138,179,326,323,145,210,155,124,85,150,76,60,13,279,263,117,206,225,45,34,,,87,78,,,227,149,272,231,239,186,290,84,83,328,343,181,198,203,294,282,249,181,216,58,230,246,42,,43,,,225,250,245,237,201,194,199,174,295,265,294,261,133,91,296,86,91,222,179,233,232,257,244,287,84,109,85,79,155,72,76,327,344,236,249,325,296,290,214,128,,,205,205,,,227,201,198,229,224,171,188,151,135,119,273,229,103,69,65,115,64,68,36,28,311,280,266,191,,254,,,b'\x11\xe8\xe1I\xc9\xf6d\xde\xaf\x82\x12\xdf\x17\xaeN\x1e'
11E8E149-C9F6-64DE-AF82-12DF17AE4E1E,2018-ncaa-d1-conf-Big Ten,ncaa,12,12,4,12,6,11,12,12,10,8,5,11,14,14,10,14,8,8,10,8,9,11,11,11,11,11,13,13,3,6,4,10,7,9,6,8,3,12,12,9,7,7,5,2,,,4,8,,,12,10,14,5,11,12,11,8,6,14,14,8,7,7,12,11,6,11,9,7,12,7,5,,5,,,12,7,8,5,13,8,6,14,8,4,12,8,7,5,8,5,7,4,4,12,12,12,6,6,6,1,7,3,4,2,6,12,14,10,9,13,12,13,6,6,,,7,4,,,12,4,11,12,12,7,8,2,8,5,7,4,7,6,6,2,2,1,3,2,12,11,12,6,,6,,,b'\x11\xe8\xe1I\xc9\xf6d\xde\xaf\x82\x12\xdf\x17\xaeN\x1e'
11E8E149-C9F6-64DE-AF82-12DF17AE4E1E,2018-ncaa-d1-natl,ncaa,231,263,97,247,119,203,165,234,96,93,70,165,316,340,92,338,171,187,152,192,276,238,208,149,142,193,324,322,136,236,162,161,89,197,88,69,15,253,268,127,233,227,45,37,,,56,80,,,235,188,276,223,252,198,298,89,91,328,343,185,200,207,297,288,255,186,229,63,233,254,42,,45,,,234,223,232,213,222,172,162,185,285,243,299,259,115,77,297,74,92,184,128,249,241,272,239,284,84,85,89,44,162,43,88,325,342,263,258,329,286,297,200,140,,,233,202,,,235,163,209,244,234,178,195,157,145,123,273,227,106,72,70,120,61,69,36,30,316,286,267,192,,254,,,b'\x11\xe8\xe1I\xc9\xf6d\xde\xaf\x82\x12\xdf\x17\xaeN\x1e'
11E8E149-C9F6-64DE-AF82-12DF17AE4E1E,2019-ncaa-d0-natl,ncaa,78,152,7,125,7,49,51,24,185,24,8,243,241,252,170,327,17,14,183,15,182,19,19,234,216,156,296,314,57,37,148,30,137,25,141,31,50,183,51,51,9,31,18,32,,,166,31,,,76,20,235,80,141,145,119,71,31,307,322,62,64,66,96,166,126,129,116,79,50,38,42,,34,,,90,273,279,326,58,214,298,60,317,324,153,282,142,148,130,163,86,325,333,73,58,47,255,299,80,299,137,342,148,341,141,330,326,33,106,181,322,215,251,73,,,18,119,,,76,331,140,44,92,55,76,141,49,87,229,245,48,46,51,94,128,150,182,175,229,123,211,160,,126,,,b'\x11\xe8\xe1I\xc9\xf6d\xde\xaf\x82\x12\xdf\x17\xaeN\x1e'
11E8E149-C9F6-64DE-AF82-12DF17AE4E1E,2019-ncaa-d1-conf-Big Ten,ncaa,8,6,9,8,9,13,10,11,11,6,5,13,14,13,8,13,13,12,13,12,13,10,12,12,13,13,12,11,10,5,5,9,9,9,7,6,4,3,3,2,2,2,8,6,,,1,2,,,5,14,13,2,11,7,4,4,1,13,13,12,9,10,4,9,2,7,3,5,3,2,6,,2,,,5,1,2,2,3,2,2,4,13,12,5,14,2,1,3,1,4,2,1,4,2,1,13,14,3,7,9,7,5,4,7,6,12,8,3,6,5,7,7,5,,,12,10,,,5,1,9,2,5,2,2,3,2,2,13,14,2,2,3,2,3,10,8,9,9,4,8,8,,10,,,b'\x11\xe8\xe1I\xc9\xf6d\xde\xaf\x82\x12\xdf\x17\xaeN\x1e'
11E8E149-C9F6-64DE-AF82-12DF17AE4E1E,2019-ncaa-d1-natl,ncaa,73,152,6,122,6,49,48,24,186,23,7,247,236,252,167,324,20,17,162,17,198,18,17,235,213,155,293,310,62,36,145,27,148,24,150,27,48,184,50,50,14,39,16,33,,,174,34,,,85,19,240,79,144,147,127,73,34,301,319,69,78,80,102,176,124,144,130,84,48,45,41,,36,,,92,291,295,332,68,233,305,73,323,331,165,288,136,145,129,161,88,331,336,85,65,59,255,306,80,303,148,339,145,341,150,335,329,43,121,204,314,209,256,81,,,22,118,,,85,334,138,62,98,63,89,148,54,94,236,260,49,45,52,102,128,163,178,178,249,133,212,163,,133,,,b'\x11\xe8\xe1I\xc9\xf6d\xde\xaf\x82\x12\xdf\x17\xaeN\x1e'
11E8E149-C9F6-64DE-AF82-12DF17AE4E1E,2020-ncaa-d0-natl,ncaa,15,10,87,13,112,65,50,121,37,45,68,72,154,246,25,267,137,117,209,114,192,116,207,51,55,31,259,211,231,217,187,172,146,193,152,11,6,13,17,4,18,20,82,72,,,26,22,,,19,184,257,123,60,45,133,43,69,163,255,140,129,131,120,258,238,193,238,9,12,27,87,,17,,,15,45,59,129,62,73,150,57,112,131,121,198,43,41,134,38,54,93,145,61,53,24,152,215,86,147,146,122,187,123,152,292,346,67,51,171,80,81,132,79,,,153,123,,,19,148,35,26,18,31,43,84,58,111,109,125,32,35,30,44,97,125,90,96,279,74,69,122,,175,,,b'\x11\xe8\xe1I\xc9\xf6d\xde\xaf\x82\x12\xdf\x17\xaeN\x1e'
11E8E149-C9F6-64DE-AF82-12DF17AE4E1E,2020-ncaa-d1-conf-Big Ten,ncaa,2,2,9,2,11,6,6,11,4,6,6,6,9,11,2,9,6,6,9,6,6,9,14,3,4,2,9,9,8,10,8,10,6,12,5,3,2,1,1,1,3,3,6,5,,,2,4,,,2,14,11,6,4,3,7,3,4,7,10,6,4,5,5,13,10,8,12,2,1,2,5,,3,,,2,1,2,2,4,2,3,3,3,2,7,5,3,2,11,2,5,2,1,3,4,2,10,7,10,2,6,3,8,3,5,7,14,4,3,6,2,6,4,2,,,5,4,,,2,1,3,2,2,3,3,2,3,5,3,3,5,5,3,2,3,4,7,5,9,3,4,5,,4,,,b'\x11\xe8\xe1I\xc9\xf6d\xde\xaf\x82\x12\xdf\x17\xaeN\x1e'
11E8E149-C9F6-64DE-AF82-12DF17AE4E1E,2020-ncaa-d1-natl,ncaa,15,10,128,13,168,79,65,155,39,56,85,73,163,258,26,267,162,141,209,140,189,153,258,54,61,33,257,212,227,238,199,198,152,238,168,15,6,10,17,4,32,23,94,74,,,20,20,,,24,246,259,110,62,51,142,46,70,167,260,142,133,135,128,267,246,195,245,10,12,32,93,,19,,,21,32,43,92,66,56,122,63,102,113,125,194,39,36,135,34,53,58,88,63,56,27,154,214,87,128,152,94,199,93,168,280,346,89,56,189,60,84,121,82,,,187,118,,,24,91,36,29,21,31,47,87,67,118,108,123,35,35,31,48,95,133,93,101,281,83,67,126,,173,,,b'\x11\xe8\xe1I\xc9\xf6d\xde\xaf\x82\x12\xdf\x17\xaeN\x1e'
11E8E149-C9F6-64DE-AF82-12DF17AE4E1E,2021-ncaa-d0-natl,ncaa,60,104,59,85,80,87,72,60,160,37,25,157,227,189,304,304,46,26,276,28,143,47,78,226,224,121,306,324,80,63,165,175,230,135,263,35,19,72,9,6,4,7,43,43,,,212,98,,,65,86,168,224,122,108,69,41,32,302,277,68,34,37,42,160,109,319,274,27,9,8,64,,96,,,74,206,207,186,217,215,198,220,180,192,161,149,239,241,196,237,243,195,256,203,220,65,174,142,232,210,230,302,165,278,263,314,342,10,8,100,122,38,228,91,,,24,29,,,65,261,114,61,66,82,78,29,106,53,99,85,174,172,174,28,138,109,245,199,283,12,36,159,,31,,,b'\x11\xe8\xe1I\xc9\xf6d\xde\xaf\x82\x12\xdf\x17\xaeN\x1e'
11E8E149-C9F6-64DE-AF82-12DF17AE4E1E,2021-ncaa-d1-conf-Big Ten,ncaa,4,6,2,5,3,6,6,3,13,4,2,12,11,10,13,12,4,1,14,1,6,3,3,13,13,11,12,11,3,2,8,8,8,7,14,3,2,6,2,3,1,2,3,4,,,10,7,,,5,6,10,6,11,10,4,7,3,13,12,5,4,4,4,9,5,13,12,3,2,2,4,,4,,,6,6,6,6,7,6,5,7,6,7,2,8,9,9,3,9,12,6,8,6,5,1,6,4,11,8,8,14,8,11,14,10,14,1,1,3,7,5,8,5,,,1,2,,,5,11,11,2,5,1,2,2,3,2,3,3,4,6,6,2,3,4,12,10,9,1,5,6,,3,,,b'\x11\xe8\xe1I\xc9\xf6d\xde\xaf\x82\x12\xdf\x17\xaeN\x1e'
11E8E149-C9F6-64DE-AF82-12DF17AE4E1E,2021-ncaa-d1-natl,ncaa,62,104,70,88,93,96,81,71,167,44,29,161,235,192,306,307,53,31,275,33,142,56,92,231,226,126,306,322,79,71,170,195,234,147,271,40,19,66,9,7,7,7,45,44,,,202,99,,,69,103,172,225,128,111,72,47,32,298,276,70,36,40,49,165,113,319,279,30,9,9,65,,96,,,76,187,189,171,225,201,186,224,171,173,166,144,234,236,195,234,245,176,244,217,231,73,169,137,234,200,234,292,170,267,271,312,342,14,9,104,114,38,219,95,,,30,27,,,69,245,118,68,69,85,81,27,113,54,99,84,173,175,176,28,138,110,244,204,288,14,36,164,,31,,,b'\x11\xe8\xe1I\xc9\xf6d\xde\xaf\x82\x12\xdf\x17\xaeN\x1e'
11E8E149-C9F6-64DE-AF82-12DF17AE4E1E,2021-ncaa-d1-ncaatournament,ncaa,17,2,17,17,18,29,28,31,28,24,24,34,32,38,18,52,21,18,53,19,19,30,32,30,32,32,38,42,19,39,57,27,49,30,51,19,2,35,34,6,16,12,12,5,,,42,41,,,22,26,44,7,44,43,56,34,33,45,55,26,19,20,53,61,57,41,55,7,23,11,7,,39,,,21,34,33,39,12,34,43,14,28,36,16,30,44,46,24,45,45,37,42,7,9,6,38,25,51,48,49,43,57,47,51,30,26,14,4,2,22,11,26,23,,,17,5,,,22,38,39,9,20,8,2,13,13,26,16,21,37,38,35,14,35,46,32,46,7,6,8,14,,7,,,b'\x11\xe8\xe1I\xc9\xf6d\xde\xaf\x82\x12\xdf\x17\xaeN\x1e'
11E8E149-C9F6-64DE-AF82-12DF17AE4E1E,2022-ncaa-d0-natl,ncaa,123,106,163,120,168,133,150,114,226,159,116,237,148,137,171,184,109,106,193,112,153,109,140,218,215,145,151,170,126,100,155,225,210,176,226,96,58,45,38,45,47,26,25,10,,,192,188,,,118,166,149,53,114,128,41,139,97,136,136,97,92,98,39,95,85,262,164,59,55,29,14,,200,,,118,165,113,126,164,74,122,99,267,182,325,216,254,219,329,213,253,134,196,200,234,154,322,289,275,162,210,268,155,236,226,320,355,61,44,210,56,48,280,231,,,142,160,,,118,187,125,145,120,169,116,102,69,98,277,184,251,220,224,114,209,170,293,255,323,45,58,291,,122,,,b'\x11\xe8\xe1I\xc9\xf6d\xde\xaf\x82\x12\xdf\x17\xaeN\x1e'
11E8E149-C9F6-64DE-AF82-12DF17AE4E1E,2022-ncaa-d1-conf-Big Ten,ncaa,7,7,11,7,11,11,11,9,14,12,10,14,9,7,11,7,10,8,11,9,6,10,12,13,13,11,5,6,5,6,8,11,9,11,11,9,4,1,3,5,2,1,3,1,,,4,7,,,7,11,11,1,11,11,4,12,7,7,4,8,6,7,4,7,4,11,10,7,2,2,2,,6,,,7,2,2,1,9,2,3,5,10,7,11,11,7,3,14,3,9,2,4,9,10,6,12,13,9,4,9,9,8,6,11,13,14,3,2,6,4,5,12,13,,,7,5,,,7,4,9,5,8,4,3,2,3,2,12,10,7,4,4,2,5,4,13,12,12,2,5,13,,5,,,b'\x11\xe8\xe1I\xc9\xf6d\xde\xaf\x82\x12\xdf\x17\xaeN\x1e'
11E8E149-C9F6-64DE-AF82-12DF17AE4E1E,2022-ncaa-d1-natl,ncaa,135,106,213,132,223,181,189,140,243,189,147,257,163,155,179,185,128,128,190,132,153,139,183,232,225,155,144,169,116,122,164,265,217,217,240,116,58,29,41,51,62,31,30,10,,,155,198,,,144,213,159,45,126,141,48,151,102,140,140,100,93,98,45,101,90,271,176,66,56,36,15,,205,,,146,135,88,89,178,63,90,110,247,149,336,212,237,199,329,197,257,93,135,212,250,167,320,286,276,137,217,248,164,204,240,316,355,84,51,220,44,48,273,241,,,166,152,,,144,137,136,158,145,184,130,104,77,100,281,182,260,228,230,116,204,171,298,260,327,56,61,294,,119,,,b'\x11\xe8\xe1I\xc9\xf6d\xde\xaf\x82\x12\xdf\x17\xaeN\x1e'
11E8E149-C9F6-64DE-AF82-12DF17AE4E1E,2023-ncaa-d0-natl,ncaa,281,301,164,295,222,188,188,130,256,152,111,236,266,218,317,236,139,125,232,126,169,125,115,275,266,264,264,284,106,162,230,178,230,169,263,84,13,271,236,135,58,60,30,26,,,277,244,,,295,105,24,291,189,193,85,128,87,269,209,125,112,116,87,56,157,162,157,48,281,41,26,,299,,,291,290,230,216,195,228,216,200,182,200,155,153,338,326,315,323,305,252,253,193,258,254,265,120,330,242,230,289,230,291,263,334,345,132,175,286,340,328,289,248,,,98,120,,,295,247,272,249,286,310,253,270,251,252,199,211,348,332,330,318,325,259,315,312,339,118,340,301,,72,,,b'\x11\xe8\xe1I\xc9\xf6d\xde\xaf\x82\x12\xdf\x17\xaeN\x1e'
11E8E149-C9F6-64DE-AF82-12DF17AE4E1E,2023-ncaa-d1-conf-Big Ten,ncaa,14,14,9,14,14,14,14,11,14,13,9,14,13,12,13,9,11,11,13,11,10,12,13,14,14,14,11,10,7,11,14,12,12,13,13,13,3,11,11,11,5,4,2,2,,,10,13,,,13,10,7,10,14,14,9,13,6,13,11,10,10,11,10,9,10,11,12,11,11,4,2,,12,,,13,7,4,2,8,5,3,8,5,8,6,9,13,13,7,13,13,5,7,8,10,8,11,6,13,11,12,11,14,12,13,8,10,5,7,8,10,12,12,13,,,9,7,,,13,3,14,10,13,9,7,2,6,4,6,9,13,13,13,9,9,12,12,13,9,5,12,12,,8,,,b'\x11\xe8\xe1I\xc9\xf6d\xde\xaf\x82\x12\xdf\x17\xaeN\x1e'
11E8E149-C9F6-64DE-AF82-12DF17AE4E1E,2023-ncaa-d1-natl,ncaa,299,301,219,302,293,231,228,171,262,180,137,248,276,241,321,240,162,143,232,144,166,164,146,287,278,272,261,284,102,193,241,219,239,222,276,97,13,248,241,142,74,68,33,28,,,259,258,,,305,136,25,291,206,215,93,140,89,272,212,124,109,112,92,63,170,178,180,51,287,48,26,,304,,,304,274,207,179,212,200,180,211,170,171,170,150,334,320,323,317,305,225,224,216,274,282,265,119,328,222,239,270,241,265,276,328,345,166,184,299,334,331,284,257,,,127,108,,,305,219,281,276,301,319,266,270,255,257,213,211,351,337,336,321,323,269,322,316,342,131,343,302,,69,,,b'\x11\xe8\xe1I\xc9\xf6d\xde\xaf\x82\x12\xdf\x17\xaeN\x1e'
11E8E149-C9F6-64DE-AF82-12DF17AE4E1E,2024-ncaa-d0-natl,ncaa,286,297,196,295,218,174,151,163,135,123,95,217,213,290,45,293,231,284,18,281,341,175,179,158,157,174,267,233,255,249,246,243,315,256,299,41,2,191,198,56,315,334,71,79,,,195,156,,,343,162,87,187,145,110,98,79,55,205,287,223,281,278,146,134,244,248,263,21,218,318,54,,218,,,340,350,343,273,340,313,220,331,342,296,350,252,318,285,354,284,248,279,215,353,355,360,281,272,201,298,315,166,246,244,299,359,355,341,351,359,290,294,145,87,,,319,346,,,343,189,187,360,341,356,354,334,333,287,352,329,328,295,293,341,291,319,220,280,360,339,304,163,,320,,,b'\x11\xe8\xe1I\xc9\xf6d\xde\xaf\x82\x12\xdf\x17\xaeN\x1e'
11E8E149-C9F6-64DE-AF82-12DF17AE4E1E,2024-ncaa-d1-conf-Big Ten,ncaa,13,13,8,13,10,12,12,11,12,12,4,14,11,13,10,12,12,13,4,13,13,11,9,13,12,13,13,11,4,11,11,14,14,13,14,8,2,9,12,9,13,13,2,2,,,9,11,,,14,10,6,9,11,12,10,10,3,11,12,12,13,13,10,7,11,14,13,7,11,13,2,,12,,,14,11,9,9,11,9,5,13,8,7,7,8,13,13,14,13,14,10,7,9,13,14,10,4,13,13,14,9,11,12,14,12,12,14,14,13,12,13,10,8,,,14,14,,,14,4,13,14,14,14,13,12,13,8,11,11,14,13,13,12,10,14,13,14,13,14,13,11,,13,,,b'\x11\xe8\xe1I\xc9\xf6d\xde\xaf\x82\x12\xdf\x17\xaeN\x1e'
11E8E149-C9F6-64DE-AF82-12DF17AE4E1E,2024-ncaa-d1-natl,ncaa,298,296,254,301,283,220,183,207,150,154,125,236,231,308,47,296,260,299,17,298,345,230,250,173,165,184,266,235,250,287,259,281,326,299,312,47,2,168,201,62,337,342,79,81,,,164,165,,,348,220,93,171,160,121,109,92,57,213,290,229,284,284,159,143,255,256,279,21,221,330,56,,225,,,348,349,340,249,350,305,188,339,339,282,355,250,310,265,357,264,255,257,173,357,357,362,282,273,200,283,326,139,259,204,312,360,358,356,353,361,279,300,131,102,,,338,348,,,348,130,202,362,350,359,358,336,339,291,355,330,331,301,300,344,292,326,229,288,362,343,310,178,,323,,,b'\x11\xe8\xe1I\xc9\xf6d\xde\xaf\x82\x12\xdf\x17\xaeN\x1e'
11E8E149-C9F6-64DE-AF82-12DF17AE4E1E,2025-ncaa-d0-natl,genius_ncaa,282,227,335,275,344,227,186,261,90,85,94,132,348,354,273,351,232,188,305,187,266,249,307,167,182,134,359,355,178,287,243,263,193,277,218,71,12,17,60,17,307,287,106,91,,,97,198,,171,260,305,57,163,106,64,76,14,6,341,351,127,82,78,67,107,218,96,149,15,78,268,60,,250,,267,270,193,153,113,251,139,136,191,219,119,330,151,261,226,322,228,260,128,62,263,292,341,266,212,272,117,193,85,243,83,218,309,351,355,349,358,23,79,100,60,,,209,69,,230,260,59,148,337,267,342,323,326,297,311,307,254,336,317,321,343,295,246,262,270,355,331,96,193,,60,,186,b'\x11\xe8\xe1I\xc9\xf6d\xde\xaf\x82\x12\xdf\x17\xaeN\x1e'
11E8E149-C9F6-64DE-AF82-12DF17AE4E1E,2025-ncaa-d1-conf-Big Ten,genius_ncaa,17,14,18,17,18,17,17,18,12,13,12,14,18,18,15,18,15,12,18,11,13,17,18,16,16,13,18,18,7,16,15,18,10,18,12,14,6,1,3,2,17,14,8,4,,,3,15,,5,14,18,5,12,13,11,6,1,1,18,18,8,4,4,5,9,12,8,11,6,5,11,4,,15,,9,14,4,3,1,15,4,1,14,4,2,14,5,13,12,14,12,17,1,1,14,15,15,11,5,16,1,10,5,15,2,12,9,18,18,16,17,1,3,5,6,,,14,2,,11,14,1,13,16,14,18,15,13,16,16,9,9,18,18,18,18,13,8,15,15,17,14,5,15,,2,,8,b'\x11\xe8\xe1I\xc9\xf6d\xde\xaf\x82\x12\xdf\x17\xaeN\x1e'
11E8E149-C9F6-64DE-AF82-12DF17AE4E1E,2025-ncaa-d1-natl,genius_ncaa,301,226,355,286,355,273,221,308,93,107,116,145,352,356,279,351,246,209,306,207,264,298,336,174,185,142,359,355,169,308,256,296,201,311,235,86,13,13,62,18,325,299,120,92,,,77,205,,157,274,340,59,159,110,70,85,14,6,343,352,132,86,83,71,115,228,103,165,15,79,282,61,,251,,270,289,166,137,79,262,115,103,202,201,95,335,147,247,213,326,214,263,83,24,276,303,349,264,212,275,97,201,61,256,52,235,302,351,360,351,359,18,83,93,65,,,235,64,,235,274,24,163,344,283,351,330,329,307,312,310,256,340,323,326,346,295,254,272,274,356,334,98,200,,59,,179,b'\x11\xe8\xe1I\xc9\xf6d\xde\xaf\x82\x12\xdf\x17\xaeN\x1e'
11E8E149-C9F6-64DE-AF82-12DF17AE4E1E,2026-ncaa-d0-natl,genius_ncaa,87,80,116,95,142,131,106,133,91,93,124,86,160,162,198,206,210,191,241,191,282,148,161,105,126,119,309,221,302,124,92,108,142,118,81,29,1,144,111,24,307,345,52,62,,,192,165,,180,155,174,203,97,124,77,109,60,117,195,176,263,246,246,141,181,140,69,88,12,106,344,40,,161,,154,158,233,235,251,135,258,273,132,181,211,130,133,213,220,202,213,136,253,193,130,127,220,126,131,180,220,142,144,92,165,81,286,275,283,337,331,246,233,38,22,,,128,140,,66,155,189,113,214,154,208,227,279,244,299,146,169,201,194,191,278,164,199,78,109,259,339,240,23,,145,,85,b'\x11\xe8\xe1I\xc9\xf6d\xde\xaf\x82\x12\xdf\x17\xaeN\x1e'
11E8E149-C9F6-64DE-AF82-12DF17AE4E1E,2026-ncaa-d1-conf-Big Ten,genius_ncaa,10,10,1,10,3,11,8,7,8,9,7,12,6,10,6,9,18,18,1,18,18,14,6,8,9,11,14,7,18,8,7,9,11,8,8,3,1,15,16,7,12,14,10,11,,,14,14,,9,11,8,7,3,11,8,7,9,7,6,10,18,18,18,14,6,8,9,8,3,15,12,10,,14,,9,11,11,8,13,9,12,13,11,3,8,3,6,16,16,15,12,11,14,15,8,9,10,7,4,16,9,11,7,7,7,8,8,9,8,9,11,17,17,12,13,,,13,13,,1,11,14,12,9,11,11,8,13,12,13,3,8,16,16,12,14,15,9,7,7,8,8,17,12,,13,,1,b'\x11\xe8\xe1I\xc9\xf6d\xde\xaf\x82\x12\xdf\x17\xaeN\x1e'
11E8E149-C9F6-64DE-AF82-12DF17AE4E1E,2026-ncaa-d1-natl,genius_ncaa,110,80,177,113,197,193,154,203,108,133,178,100,223,219,217,205,276,261,246,262,294,220,235,127,150,140,309,219,300,184,111,160,162,178,104,35,1,99,123,27,351,353,63,68,,,146,193,,152,198,243,218,100,159,103,136,79,135,207,191,274,255,259,166,212,168,86,112,12,117,353,42,,172,,160,198,191,191,199,177,214,222,160,136,157,158,127,178,174,207,172,139,195,126,167,161,269,119,133,167,173,162,86,111,111,104,262,281,339,345,340,200,253,21,25,,,183,127,,86,198,120,136,265,194,248,259,294,274,312,166,166,215,207,205,288,156,209,82,125,291,349,251,23,,144,,75,b'\x11\xe8\xe1I\xc9\xf6d\xde\xaf\x82\x12\xdf\x17\xaeN\x1e'
11E8E149-C9FA-C934-AF82-12DF17AE4E1E,2010-ncaa-d0-natl,ncaa,219,174,288,212,303,179,210,252,154,230,243,188,122,174,54,142,112,157,43,157,76,234,247,121,92,104,70,106,74,273,266,193,325,238,298,158,90,105,166,127,232,245,171,214,,,169,164,,,167,227,36,172,69,113,113,171,171,76,115,36,80,78,98,87,229,71,137,80,203,181,148,,281,,,167,148,162,198,100,229,279,87,36,49,85,27,226,265,76,263,187,220,175,64,66,135,66,32,258,325,325,122,266,239,298,26,18,261,293,111,257,278,160,216,,,155,64,,,167,127,132,212,166,295,298,337,320,343,76,99,298,315,315,338,332,343,265,334,81,184,295,214,,39,,,b'\x11\xe8\xe1I\xc9\xfa\xc94\xaf\x82\x12\xdf\x17\xaeN\x1e'
11E8E149-C9FA-C934-AF82-12DF17AE4E1E,2010-ncaa-d1-conf-Southland,ncaa,6,6,4,6,6,6,6,6,3,6,8,3,4,4,2,4,4,6,1,6,4,7,6,2,2,3,2,4,6,10,10,5,10,7,10,3,3,5,5,4,7,8,3,4,,,5,3,,,6,6,7,8,5,5,7,6,10,4,4,4,6,6,8,9,11,6,9,4,5,8,2,,5,,,6,7,7,7,6,10,9,5,2,2,2,1,7,6,7,6,3,7,7,4,5,6,1,1,7,9,10,5,10,8,10,2,1,9,9,3,11,9,9,9,,,5,5,,,6,6,3,8,5,6,8,7,10,10,2,2,8,8,8,7,7,9,5,9,2,8,9,8,,7,,,b'\x11\xe8\xe1I\xc9\xfa\xc94\xaf\x82\x12\xdf\x17\xaeN\x1e'
11E8E149-C9FA-C934-AF82-12DF17AE4E1E,2010-ncaa-d1-natl,ncaa,166,174,134,177,167,91,124,126,150,163,152,192,77,116,41,142,54,76,56,73,72,109,108,116,90,100,68,101,81,203,258,88,321,134,289,81,67,184,147,101,140,216,145,215,,,278,157,,,129,90,30,214,59,96,95,160,158,66,111,36,69,64,71,71,209,57,113,56,197,143,153,,282,,,128,274,252,303,74,293,328,65,71,113,66,31,293,313,55,312,195,315,302,52,48,99,79,41,267,343,321,260,258,335,289,58,20,160,262,81,294,267,204,204,,,70,68,,,129,265,123,167,125,284,269,334,308,342,74,109,298,315,316,335,332,343,271,334,69,155,287,205,,39,,,b'\x11\xe8\xe1I\xc9\xfa\xc94\xaf\x82\x12\xdf\x17\xaeN\x1e'
11E8E149-C9FA-C934-AF82-12DF17AE4E1E,2011-ncaa-d0-natl,ncaa,229,175,319,221,323,247,205,196,200,169,198,128,251,168,332,138,293,328,33,328,334,241,259,221,226,223,288,228,290,257,267,293,290,295,309,158,90,103,190,131,122,91,118,77,,,229,275,,,250,248,16,154,130,77,23,64,68,205,96,250,300,300,46,32,172,205,190,64,252,54,61,,331,,,255,152,94,44,241,109,71,240,107,85,230,116,297,308,132,304,322,91,118,232,273,213,233,117,311,172,290,167,267,171,309,63,66,136,94,75,235,278,81,103,,,329,333,,,250,102,235,232,242,314,259,238,253,246,194,169,333,338,336,305,325,294,323,327,172,38,302,160,,293,,,b'\x11\xe8\xe1I\xc9\xfa\xc94\xaf\x82\x12\xdf\x17\xaeN\x1e'
11E8E149-C9FA-C934-AF82-12DF17AE4E1E,2011-ncaa-d1-conf-Southland,ncaa,6,6,5,6,5,7,4,5,6,2,2,5,8,7,11,6,9,11,1,11,12,5,7,7,7,8,10,8,10,8,10,5,8,8,10,1,1,7,7,2,3,4,2,1,,,11,8,,,7,3,3,7,6,2,3,1,2,8,6,10,11,11,6,5,8,5,6,1,7,3,1,,11,,,7,10,6,7,5,6,7,5,7,8,7,7,10,12,2,12,11,7,11,5,6,5,9,5,9,9,8,9,10,11,10,3,2,4,6,2,9,9,7,7,,,11,12,,,7,10,8,6,7,9,7,7,7,8,7,7,9,11,11,10,10,8,11,10,5,5,9,7,,11,,,b'\x11\xe8\xe1I\xc9\xfa\xc94\xaf\x82\x12\xdf\x17\xaeN\x1e'
11E8E149-C9FA-C934-AF82-12DF17AE4E1E,2011-ncaa-d1-natl,ncaa,188,172,199,188,235,151,122,88,185,106,116,141,187,131,288,141,235,283,46,281,327,115,111,203,196,204,248,196,268,186,257,229,288,216,308,88,85,222,187,128,74,102,89,82,,,311,276,,,236,91,15,159,104,66,21,65,67,167,101,213,278,276,43,31,162,191,179,50,257,56,70,,332,,,237,280,202,165,235,205,182,229,173,155,226,126,333,336,141,336,327,240,268,232,270,209,257,121,319,264,288,290,257,296,308,113,62,61,92,59,306,276,162,132,,,271,329,,,236,257,217,228,230,318,255,240,247,237,201,182,336,338,338,306,329,296,324,325,161,40,307,196,,262,,,b'\x11\xe8\xe1I\xc9\xfa\xc94\xaf\x82\x12\xdf\x17\xaeN\x1e'
11E8E149-C9FA-C934-AF82-12DF17AE4E1E,2012-ncaa-d0-natl,ncaa,332,288,340,333,340,298,289,325,150,250,275,161,272,289,175,245,292,262,293,262,179,324,324,178,198,228,247,231,192,292,224,317,305,319,287,270,189,93,259,243,244,195,101,65,,,103,238,,,295,325,19,339,144,116,114,97,93,209,223,174,114,114,106,54,171,126,145,145,297,134,31,,315,,,310,142,123,45,291,147,95,246,100,38,329,52,211,210,157,204,267,51,38,285,292,309,157,100,254,177,305,40,224,66,287,85,110,307,263,245,207,305,6,29,,,260,64,,,295,22,242,326,298,333,328,327,324,331,239,150,325,326,326,336,334,327,294,326,269,164,321,47,,25,,,b'\x11\xe8\xe1I\xc9\xfa\xc94\xaf\x82\x12\xdf\x17\xaeN\x1e'
11E8E149-C9FA-C934-AF82-12DF17AE4E1E,2012-ncaa-d1-conf-Southland,ncaa,12,12,9,12,9,8,7,10,1,3,8,2,9,11,5,11,9,8,9,8,7,10,10,4,4,5,11,11,8,10,8,12,11,12,9,4,3,6,8,5,6,6,2,2,,,6,8,,,11,9,3,3,3,1,7,1,3,9,11,7,4,4,5,5,8,9,10,2,9,4,2,,10,,,11,10,10,7,11,10,10,11,8,2,12,2,11,11,7,11,9,8,5,11,11,12,5,2,8,9,11,3,8,5,9,11,7,10,10,12,11,11,1,1,,,5,4,,,11,4,7,12,11,12,12,11,11,11,8,4,12,12,12,11,10,10,5,9,12,9,11,1,,3,,,b'\x11\xe8\xe1I\xc9\xfa\xc94\xaf\x82\x12\xdf\x17\xaeN\x1e'
11E8E149-C9FA-C934-AF82-12DF17AE4E1E,2012-ncaa-d1-natl,ncaa,311,306,286,315,322,173,142,184,109,115,129,131,216,236,165,242,235,183,282,183,232,184,158,144,166,191,272,230,242,156,147,194,284,184,219,151,176,248,244,203,165,183,67,81,,,250,237,,,276,163,9,338,90,69,57,49,52,183,200,187,127,127,58,22,101,89,74,84,299,118,45,,312,,,277,289,273,213,279,290,275,226,172,71,331,40,301,305,126,305,260,245,220,273,279,289,151,97,253,275,284,145,147,221,219,192,83,204,237,209,286,285,35,32,,,126,126,,,276,192,190,304,269,328,324,326,321,333,225,122,319,326,324,336,335,322,269,316,252,132,316,69,,34,,,b'\x11\xe8\xe1I\xc9\xfa\xc94\xaf\x82\x12\xdf\x17\xaeN\x1e'
11E8E149-C9FA-C934-AF82-12DF17AE4E1E,2013-ncaa-d0-natl,ncaa,235,216,251,238,277,312,304,332,175,287,298,212,248,283,100,211,296,310,140,317,233,333,330,173,169,223,187,176,181,323,266,331,193,335,257,281,181,123,293,262,325,303,315,288,,,56,198,,,294,328,326,161,312,301,338,272,282,237,270,284,294,305,339,333,311,335,339,276,189,313,310,,90,,,295,81,97,17,320,97,22,319,165,107,314,226,85,97,84,94,226,14,10,330,323,315,191,233,130,29,193,21,266,10,257,111,152,280,179,228,129,270,27,89,,,168,9,,,294,19,252,298,296,171,184,26,163,30,219,155,128,147,141,32,22,58,51,45,169,260,179,43,,92,,,b'\x11\xe8\xe1I\xc9\xfa\xc94\xaf\x82\x12\xdf\x17\xaeN\x1e'
11E8E149-C9FA-C934-AF82-12DF17AE4E1E,2013-ncaa-d1-conf-Southland,ncaa,8,8,6,8,7,9,9,10,3,9,10,5,7,7,2,7,10,10,6,10,10,10,10,4,4,5,7,4,8,10,10,10,4,10,7,6,3,3,7,5,9,8,6,5,,,1,7,,,8,10,10,6,9,9,10,10,10,7,8,10,10,10,10,10,10,10,10,7,5,8,6,,1,,,8,2,3,1,9,4,2,8,4,3,9,4,3,4,3,4,9,1,1,9,9,9,6,7,6,2,4,1,10,1,7,4,4,8,7,7,6,9,3,5,,,6,1,,,8,2,6,9,8,4,5,1,4,2,6,2,4,4,4,1,1,2,1,1,3,8,6,3,,6,,,b'\x11\xe8\xe1I\xc9\xfa\xc94\xaf\x82\x12\xdf\x17\xaeN\x1e'
11E8E149-C9FA-C934-AF82-12DF17AE4E1E,2013-ncaa-d1-natl,ncaa,221,216,210,228,254,306,303,336,182,278,288,214,256,286,116,216,264,278,132,288,201,333,327,190,174,226,189,194,134,314,268,325,192,333,252,286,198,151,295,270,326,305,314,295,,,69,204,,,298,329,324,172,312,306,337,273,280,252,275,256,270,280,335,331,310,329,339,283,197,313,311,,106,,,300,111,127,22,319,110,30,312,182,118,314,222,103,125,64,119,236,22,17,325,318,304,197,235,141,44,192,31,268,18,252,126,147,271,185,221,171,281,33,101,,,122,5,,,298,19,255,296,301,170,180,34,159,42,222,152,138,158,155,37,24,69,56,50,162,256,196,46,,59,,,b'\x11\xe8\xe1I\xc9\xfa\xc94\xaf\x82\x12\xdf\x17\xaeN\x1e'
11E8E149-C9FA-C934-AF82-12DF17AE4E1E,2014-ncaa-d0-natl,ncaa,105,105,85,111,123,186,173,235,83,177,243,62,156,147,154,116,237,199,279,202,129,236,268,82,99,84,163,135,246,295,289,211,279,260,280,120,88,33,81,41,204,209,222,230,,,29,23,,,151,244,333,270,257,233,320,224,289,167,173,265,245,249,314,340,319,285,320,146,26,228,247,,15,,,151,128,194,213,145,131,139,156,289,285,220,315,12,17,55,17,27,164,147,188,130,160,188,323,9,267,279,166,289,215,280,213,214,219,220,251,31,61,91,145,,,177,66,,,151,118,114,204,138,68,144,154,98,71,280,282,5,11,10,74,37,232,110,156,181,269,19,70,,242,,,b'\x11\xe8\xe1I\xc9\xfa\xc94\xaf\x82\x12\xdf\x17\xaeN\x1e'
11E8E149-C9FA-C934-AF82-12DF17AE4E1E,2014-ncaa-d1-conf-Southland,ncaa,1,4,1,3,1,4,2,7,3,5,9,2,5,5,3,4,6,4,11,4,4,5,9,2,2,2,7,5,10,11,14,3,6,6,7,2,2,3,4,1,4,5,9,10,,,5,4,,,4,6,13,7,10,10,12,8,13,5,6,10,8,8,12,14,14,9,12,5,1,6,11,,1,,,5,8,11,13,4,9,7,7,13,13,5,13,4,4,5,4,2,10,10,6,4,6,10,14,2,8,6,10,14,10,7,9,9,7,8,10,5,6,2,1,,,2,3,,,4,9,2,6,3,3,3,5,2,1,11,12,1,1,1,2,2,6,4,4,5,11,2,1,,12,,,b'\x11\xe8\xe1I\xc9\xfa\xc94\xaf\x82\x12\xdf\x17\xaeN\x1e'
11E8E149-C9FA-C934-AF82-12DF17AE4E1E,2014-ncaa-d1-natl,ncaa,85,105,33,101,54,148,128,169,87,131,191,70,138,137,160,134,211,173,272,177,164,170,204,92,110,87,180,147,248,266,283,155,278,210,284,94,90,53,71,43,176,195,194,217,,,56,23,,,139,180,331,273,259,224,316,213,277,177,180,273,249,255,309,337,316,274,318,149,23,222,239,,15,,,142,173,234,275,133,163,188,133,311,308,231,312,14,27,27,27,29,225,218,171,106,128,203,329,8,303,278,235,283,271,284,243,210,157,198,218,42,55,96,116,,,138,82,,,139,189,119,173,129,55,129,143,75,64,282,275,4,11,11,62,42,226,124,161,166,241,21,57,,249,,,b'\x11\xe8\xe1I\xc9\xfa\xc94\xaf\x82\x12\xdf\x17\xaeN\x1e'
11E8E149-C9FA-C934-AF82-12DF17AE4E1E,2014-ncaa-d1-ncaatournament,ncaa,33,2,33,33,34,58,53,57,43,46,55,24,57,47,61,17,61,62,49,60,60,59,59,49,50,55,60,41,58,58,58,46,54,55,55,47,28,20,46,38,47,39,54,62,,,17,39,,,55,56,54,3,58,52,55,42,54,51,27,61,61,59,59,59,58,43,55,42,31,36,53,,32,,,56,10,10,17,27,16,27,26,6,8,20,10,19,16,63,16,22,18,14,24,32,34,16,11,48,27,54,14,58,18,55,19,53,52,46,49,10,24,14,43,,,61,59,,,55,8,57,43,56,33,31,37,43,55,9,11,42,30,31,38,31,54,44,50,47,44,11,31,,61,,,b'\x11\xe8\xe1I\xc9\xfa\xc94\xaf\x82\x12\xdf\x17\xaeN\x1e'
11E8E149-C9FA-C934-AF82-12DF17AE4E1E,2015-ncaa-d0-natl,ncaa,162,161,172,169,178,261,293,286,267,323,332,210,122,85,222,43,167,210,64,213,41,280,314,209,180,135,28,63,70,336,338,243,315,306,339,279,211,19,66,146,184,158,321,302,,,53,68,,,249,292,326,59,276,314,310,334,332,109,74,148,207,216,312,334,339,261,326,291,24,181,322,,60,,,250,119,134,160,161,54,41,213,324,333,184,343,32,31,127,34,113,119,107,220,179,186,313,340,31,286,315,236,338,269,339,297,337,217,205,289,13,42,38,149,,,195,32,,,249,65,200,251,235,149,162,189,54,23,332,339,45,48,47,131,107,304,262,301,315,225,14,41,,178,,,b'\x11\xe8\xe1I\xc9\xfa\xc94\xaf\x82\x12\xdf\x17\xaeN\x1e'
11E8E149-C9FA-C934-AF82-12DF17AE4E1E,2015-ncaa-d1-conf-Southland,ncaa,2,5,1,4,1,1,4,3,8,6,7,4,2,3,6,3,1,2,1,2,4,3,3,4,3,1,4,5,4,12,13,1,11,4,13,4,11,1,1,2,4,7,8,9,,,9,2,,,5,2,12,5,6,9,11,12,12,5,5,5,6,6,12,12,13,5,12,11,1,7,10,,2,,,5,12,10,13,2,7,9,3,13,13,5,13,5,5,5,5,3,12,12,4,2,6,13,13,1,13,11,13,13,13,13,13,12,4,9,12,1,1,5,5,,,1,1,,,5,12,4,6,5,4,4,11,1,1,13,13,2,2,2,9,3,12,11,12,12,10,1,1,,6,,,b'\x11\xe8\xe1I\xc9\xfa\xc94\xaf\x82\x12\xdf\x17\xaeN\x1e'
11E8E149-C9FA-C934-AF82-12DF17AE4E1E,2015-ncaa-d1-natl,ncaa,106,160,30,144,33,145,191,159,226,241,279,147,91,54,220,55,84,101,84,104,31,149,187,177,148,109,42,85,66,307,336,120,295,222,330,188,176,51,61,103,120,149,316,319,,,130,71,,,205,133,323,81,255,297,310,319,328,120,86,119,161,170,301,332,334,243,322,258,25,166,330,,53,,,203,242,251,290,123,100,111,188,340,343,183,345,55,64,100,66,108,266,273,204,155,156,316,341,27,321,295,324,336,329,330,336,342,125,162,273,21,34,103,183,,,79,30,,,205,234,164,211,191,115,133,160,35,18,328,339,21,32,31,99,93,281,243,263,308,197,12,65,,164,,,b'\x11\xe8\xe1I\xc9\xfa\xc94\xaf\x82\x12\xdf\x17\xaeN\x1e'
11E8E149-C9FA-C934-AF82-12DF17AE4E1E,2015-ncaa-d1-ncaatournament,ncaa,33,2,33,33,33,63,62,51,63,62,64,57,44,25,58,1,62,63,1,62,62,56,64,63,63,61,9,4,62,61,62,50,48,60,61,46,1,3,7,7,63,63,56,62,,,1,3,,,60,62,62,4,63,62,34,62,64,26,2,62,63,62,53,64,59,48,60,37,3,63,55,,2,,,61,17,26,22,56,30,32,45,3,1,22,1,13,11,33,11,23,21,9,36,38,57,6,3,31,23,48,33,62,32,61,32,61,63,63,64,4,23,35,64,,,64,64,,,60,2,63,61,63,41,57,38,61,63,3,1,37,34,34,41,11,49,64,64,61,63,11,60,,64,,,b'\x11\xe8\xe1I\xc9\xfa\xc94\xaf\x82\x12\xdf\x17\xaeN\x1e'
11E8E149-C9FA-C934-AF82-12DF17AE4E1E,2016-ncaa-d0-natl,ncaa,164,87,321,143,330,303,317,340,160,338,340,228,101,163,23,47,310,334,25,332,173,342,347,90,87,94,24,20,237,315,218,343,240,342,238,248,85,12,138,101,313,222,345,338,,,11,124,,,186,346,342,162,237,263,317,325,330,45,92,265,310,306,326,337,275,324,329,182,47,274,343,,41,,,192,20,39,11,296,35,4,312,152,115,259,301,12,11,70,11,123,5,4,310,294,289,180,285,40,22,240,10,218,11,238,145,297,329,209,297,12,133,76,271,,,332,137,,,186,4,99,289,198,130,177,47,143,22,246,229,36,44,43,27,13,116,69,71,258,287,58,154,,281,,,b'\x11\xe8\xe1I\xc9\xfa\xc94\xaf\x82\x12\xdf\x17\xaeN\x1e'
11E8E149-C9FA-C934-AF82-12DF17AE4E1E,2016-ncaa-d1-conf-Southland,ncaa,3,3,5,3,6,8,9,9,6,12,10,9,2,4,1,2,12,13,1,13,10,10,12,4,5,3,2,1,12,10,6,9,3,10,3,6,4,1,1,2,7,6,12,11,,,1,2,,,3,13,13,6,8,10,9,13,12,2,4,12,13,13,11,13,9,9,10,6,1,6,12,,1,,,3,2,3,2,8,1,1,10,9,10,9,13,1,1,4,1,3,1,1,10,7,6,10,13,1,2,3,4,6,3,3,9,10,12,8,11,1,1,11,12,,,13,13,,,3,1,3,6,3,2,2,1,1,1,9,11,1,1,1,1,1,1,4,2,7,11,1,10,,13,,,b'\x11\xe8\xe1I\xc9\xfa\xc94\xaf\x82\x12\xdf\x17\xaeN\x1e'
11E8E149-C9FA-C934-AF82-12DF17AE4E1E,2016-ncaa-d1-natl,ncaa,114,87,142,104,179,183,214,282,106,273,300,178,77,136,18,85,179,238,47,234,105,280,308,72,62,69,33,45,177,257,192,266,218,285,191,151,83,27,116,78,256,214,328,315,,,36,93,,,151,318,338,199,183,230,312,291,313,62,133,181,243,237,303,328,262,285,306,146,47,263,331,,36,,,150,106,142,88,250,90,28,282,255,257,227,324,22,34,53,36,111,52,35,280,236,250,215,309,35,126,218,47,192,54,191,246,298,270,218,293,32,87,150,251,,,228,97,,,151,32,73,264,150,114,160,73,105,23,260,268,29,36,39,45,24,131,60,66,252,280,41,158,,233,,,b'\x11\xe8\xe1I\xc9\xfa\xc94\xaf\x82\x12\xdf\x17\xaeN\x1e'
11E8E149-C9FA-C934-AF82-12DF17AE4E1E,2017-ncaa-d0-natl,ncaa,267,210,340,258,341,313,324,348,121,295,342,78,293,282,286,169,186,281,5,278,65,348,342,131,88,195,182,237,34,312,119,347,326,346,237,250,74,192,332,257,277,198,323,298,,,108,288,,,283,343,215,153,219,248,323,194,281,247,211,64,163,160,314,244,242,332,326,161,317,207,300,,286,,,293,69,98,15,330,119,20,331,119,73,262,211,98,70,281,70,204,12,10,329,330,318,149,175,147,100,326,2,119,7,237,151,231,282,178,251,122,274,80,241,,,257,41,,,283,9,201,326,292,294,298,179,289,149,244,208,227,196,206,187,190,281,26,78,305,167,259,181,,76,,,b'\x11\xe8\xe1I\xc9\xfa\xc94\xaf\x82\x12\xdf\x17\xaeN\x1e'
11E8E149-C9FA-C934-AF82-12DF17AE4E1E,2017-ncaa-d1-conf-Southland,ncaa,8,9,5,9,5,9,7,11,3,7,8,3,9,8,8,7,4,9,1,9,7,11,10,4,4,5,8,10,3,9,8,11,11,11,7,5,3,8,11,7,8,8,10,10,,,8,10,,,10,9,12,1,10,8,13,6,10,9,9,4,9,9,13,12,10,12,12,5,11,8,10,,10,,,10,9,9,7,10,9,5,11,10,10,9,10,8,4,12,6,6,6,6,11,11,11,6,8,6,10,11,3,8,3,7,11,10,9,8,10,6,8,7,9,,,8,5,,,10,6,5,10,10,9,8,6,8,4,11,11,7,5,6,6,4,9,2,4,11,8,6,6,,8,,,b'\x11\xe8\xe1I\xc9\xfa\xc94\xaf\x82\x12\xdf\x17\xaeN\x1e'
11E8E149-C9FA-C934-AF82-12DF17AE4E1E,2017-ncaa-d1-natl,ncaa,215,210,217,219,263,177,202,298,79,164,253,60,250,236,254,191,74,156,5,152,72,280,226,98,65,149,204,255,35,217,94,319,328,301,216,147,80,313,330,242,144,135,297,297,,,258,277,,,236,223,119,161,133,169,280,121,228,225,212,34,114,113,253,145,200,315,290,113,326,111,292,,296,,,236,222,224,143,301,233,151,302,183,148,235,165,210,195,244,198,203,145,165,301,301,267,138,153,182,285,328,4,94,49,216,228,189,136,117,172,248,268,112,170,,,119,53,,,236,129,162,299,235,288,287,215,289,213,218,190,243,230,230,232,272,312,28,108,267,92,274,149,,52,,,b'\x11\xe8\xe1I\xc9\xfa\xc94\xaf\x82\x12\xdf\x17\xaeN\x1e'
11E8E149-C9FA-C934-AF82-12DF17AE4E1E,2018-ncaa-d0-natl,ncaa,332,295,343,332,346,349,349,349,322,348,346,331,281,301,212,118,332,328,225,325,120,349,348,306,301,334,65,97,97,343,305,348,325,349,335,315,12,274,347,322,206,105,301,244,,,178,340,,,324,343,135,278,340,343,338,341,317,203,190,269,263,254,336,250,313,339,344,220,344,104,259,,335,,,335,21,12,4,314,29,6,330,25,25,90,169,201,182,278,182,328,3,6,304,322,234,197,67,315,60,325,13,305,14,335,74,279,189,40,110,266,344,204,344,,,311,85,,,324,6,344,251,335,235,184,58,221,53,114,135,326,315,316,95,213,261,192,221,248,40,338,323,,141,,,b'\x11\xe8\xe1I\xc9\xfa\xc94\xaf\x82\x12\xdf\x17\xaeN\x1e'
11E8E149-C9FA-C934-AF82-12DF17AE4E1E,2018-ncaa-d1-conf-Southland,ncaa,12,12,9,12,12,12,12,13,9,13,12,12,8,11,3,6,12,12,6,12,5,13,13,8,8,11,3,4,4,13,13,13,12,13,13,10,2,12,13,11,7,6,10,7,,,13,13,,,12,10,7,6,12,12,13,13,11,7,11,12,12,12,13,12,13,12,13,9,12,6,8,,13,,,12,6,5,4,11,5,3,13,5,6,6,9,11,11,11,11,12,4,4,12,11,10,10,5,12,7,12,4,13,3,13,7,11,6,5,8,11,12,12,13,,,9,3,,,12,3,13,11,12,10,8,5,8,4,8,8,12,12,12,6,7,9,5,8,11,4,12,13,,4,,,b'\x11\xe8\xe1I\xc9\xfa\xc94\xaf\x82\x12\xdf\x17\xaeN\x1e'
11E8E149-C9FA-C934-AF82-12DF17AE4E1E,2018-ncaa-d1-natl,ncaa,305,295,315,307,329,330,330,336,279,323,310,282,244,252,196,148,289,286,239,282,153,339,303,262,269,319,126,138,139,318,289,336,296,343,315,197,11,333,346,292,71,41,285,244,,,286,332,,,281,285,98,279,319,315,319,304,285,213,208,263,238,240,319,212,303,329,338,145,342,37,270,,328,,,282,48,36,7,264,73,14,322,45,81,33,208,238,222,249,223,321,15,66,238,273,104,183,77,304,130,296,83,289,84,315,143,280,48,15,50,334,343,244,320,,,244,125,,,281,65,333,110,283,151,123,43,160,34,85,147,291,280,283,65,232,215,180,199,197,16,340,290,,159,,,b'\x11\xe8\xe1I\xc9\xfa\xc94\xaf\x82\x12\xdf\x17\xaeN\x1e'
11E8E149-C9FA-C934-AF82-12DF17AE4E1E,2019-ncaa-d0-natl,ncaa,297,224,347,284,347,301,309,330,232,310,307,260,248,278,139,199,182,176,204,168,46,320,316,218,192,238,95,184,42,284,233,351,350,349,344,223,40,198,299,222,69,23,334,307,,,310,347,,,293,319,11,82,127,178,124,198,132,148,167,36,38,30,82,28,158,350,328,86,330,8,307,,350,,,306,125,84,4,350,107,10,349,77,30,315,102,319,332,49,332,350,15,43,345,350,302,246,79,336,205,350,50,233,75,344,175,291,75,17,92,191,275,230,304,,,272,137,,,293,35,251,317,300,344,311,114,307,145,231,152,350,351,351,290,340,336,302,331,326,4,311,319,,43,,,b'\x11\xe8\xe1I\xc9\xfa\xc94\xaf\x82\x12\xdf\x17\xaeN\x1e'
11E8E149-C9FA-C934-AF82-12DF17AE4E1E,2019-ncaa-d1-conf-Southland,ncaa,9,8,9,9,10,8,8,7,7,11,9,9,5,6,4,6,7,6,6,6,6,8,8,7,7,7,3,6,5,9,11,13,13,13,13,5,4,4,6,4,4,2,12,12,,,12,13,,,8,6,3,2,6,6,4,11,7,5,6,4,4,4,3,4,7,13,12,4,8,2,12,,13,,,8,11,8,3,13,8,3,13,7,6,10,7,13,13,5,13,13,4,9,13,13,12,10,4,12,11,13,10,11,11,13,10,11,4,3,6,5,6,12,11,,,10,10,,,8,8,7,12,8,12,11,6,10,5,9,9,13,13,13,9,12,12,11,12,12,3,7,12,,4,,,b'\x11\xe8\xe1I\xc9\xfa\xc94\xaf\x82\x12\xdf\x17\xaeN\x1e'
11E8E149-C9FA-C934-AF82-12DF17AE4E1E,2019-ncaa-d1-natl,ncaa,252,224,314,251,318,195,215,228,176,210,190,219,172,216,96,221,109,98,229,91,61,202,157,175,161,213,124,188,64,206,209,350,347,331,340,109,38,298,299,203,13,10,312,294,,,348,345,,,256,141,9,91,94,125,92,142,110,134,174,39,33,28,56,16,139,348,313,55,331,4,307,,350,,,258,258,191,29,339,208,54,340,132,72,292,109,332,346,18,345,348,100,233,339,337,218,219,84,320,290,347,176,209,243,340,238,262,9,7,43,267,255,269,268,,,161,161,,,256,207,229,248,249,338,294,112,294,133,201,148,347,351,351,265,346,332,298,327,310,3,307,312,,45,,,b'\x11\xe8\xe1I\xc9\xfa\xc94\xaf\x82\x12\xdf\x17\xaeN\x1e'
11E8E149-C9FA-C934-AF82-12DF17AE4E1E,2020-ncaa-d0-natl,ncaa,322,289,336,322,343,347,349,333,349,341,270,349,311,309,297,263,188,161,232,167,102,327,300,347,341,342,120,242,9,132,99,349,340,339,302,340,252,254,314,340,126,76,304,266,,,347,351,,,328,324,117,184,324,344,234,314,131,287,275,78,57,59,190,76,47,344,267,332,330,64,279,,351,,,332,117,63,7,340,113,11,339,75,37,259,90,310,337,21,338,351,18,32,338,338,287,210,72,331,167,340,82,99,97,302,190,290,131,46,141,203,267,307,330,,,278,184,,,328,25,333,293,332,296,241,41,253,82,136,90,346,351,351,156,268,286,260,281,291,38,290,341,,138,,,b'\x11\xe8\xe1I\xc9\xfa\xc94\xaf\x82\x12\xdf\x17\xaeN\x1e'
11E8E149-C9FA-C934-AF82-12DF17AE4E1E,2020-ncaa-d1-conf-Southland,ncaa,11,11,1,11,7,12,13,7,13,12,9,13,9,9,5,8,6,6,9,7,7,7,7,13,12,13,3,7,3,1,3,13,13,11,12,11,8,11,11,12,7,7,10,10,,,13,13,,,12,8,7,7,12,13,7,12,9,9,9,6,6,7,7,7,1,13,11,11,11,7,10,,13,,,12,12,10,5,13,7,3,13,12,10,11,9,10,13,1,13,13,7,7,13,13,12,11,10,9,11,13,8,3,9,12,12,13,6,7,11,6,5,12,11,,,11,11,,,12,6,11,12,12,12,10,5,7,3,12,10,10,13,13,7,7,11,8,9,12,6,6,12,,11,,,b'\x11\xe8\xe1I\xc9\xfa\xc94\xaf\x82\x12\xdf\x17\xaeN\x1e'
11E8E149-C9FA-C934-AF82-12DF17AE4E1E,2020-ncaa-d1-natl,ncaa,321,305,326,322,335,339,349,295,350,329,224,349,299,275,320,245,146,113,233,121,103,279,230,348,345,345,116,233,8,83,104,349,341,320,311,340,244,292,315,344,66,46,298,276,,,350,351,,,333,280,83,199,325,343,187,316,131,282,237,84,61,63,144,51,38,347,270,330,333,35,287,,351,,,335,193,131,10,341,176,35,339,81,41,278,71,330,342,22,343,351,43,92,341,342,275,191,63,334,220,341,186,104,209,311,233,288,47,29,107,262,273,328,332,,,246,213,,,333,71,341,287,333,293,245,35,260,85,123,72,346,350,350,142,281,286,297,303,289,24,298,342,,142,,,b'\x11\xe8\xe1I\xc9\xfa\xc94\xaf\x82\x12\xdf\x17\xaeN\x1e'
11E8E149-C9FA-C934-AF82-12DF17AE4E1E,2021-ncaa-d0-natl,ncaa,329,329,219,335,240,302,307,265,343,312,284,337,245,163,340,64,291,260,335,247,123,268,233,343,343,342,77,93,145,198,230,299,342,282,341,307,232,303,338,343,255,279,330,342,,,183,253,,,343,233,170,224,341,343,311,340,313,255,112,317,261,248,313,176,148,339,330,338,338,254,337,,282,,,343,217,235,138,336,246,182,312,180,85,340,53,204,226,80,226,236,151,141,334,330,334,103,123,148,311,342,181,230,241,341,270,262,212,203,294,307,332,310,338,,,227,174,,,343,110,342,341,343,333,331,245,334,298,248,97,276,299,302,291,296,341,305,338,327,154,333,325,,177,,,b'\x11\xe8\xe1I\xc9\xfa\xc94\xaf\x82\x12\xdf\x17\xaeN\x1e'
11E8E149-C9FA-C934-AF82-12DF17AE4E1E,2021-ncaa-d1-conf-Southland,ncaa,13,13,7,13,9,11,11,10,13,12,10,13,8,3,13,3,11,10,13,9,6,10,8,13,13,13,2,3,8,7,9,11,13,10,13,12,9,10,12,13,10,12,13,13,,,5,5,,,13,9,7,9,13,13,10,13,12,8,3,13,12,11,11,6,5,13,12,13,12,11,13,,8,,,13,11,11,8,13,10,6,12,13,11,13,10,4,4,4,4,5,9,6,13,13,13,10,13,2,12,13,10,9,12,13,13,10,8,9,11,8,10,13,13,,,8,10,,,13,6,13,13,13,13,13,11,11,9,13,12,4,4,5,12,10,13,13,13,12,6,10,13,,8,,,b'\x11\xe8\xe1I\xc9\xfa\xc94\xaf\x82\x12\xdf\x17\xaeN\x1e'
11E8E149-C9FA-C934-AF82-12DF17AE4E1E,2021-ncaa-d1-natl,ncaa,331,329,231,336,248,306,311,270,343,315,291,339,254,170,340,64,298,269,336,260,122,275,248,343,343,342,74,90,136,213,235,302,342,290,341,310,235,298,339,343,266,284,330,342,,,169,255,,,343,245,174,225,341,343,313,340,315,254,115,318,263,249,315,182,154,339,330,338,337,259,337,,283,,,343,201,219,123,336,237,169,313,171,80,341,52,197,219,79,220,238,134,123,334,331,334,101,120,152,305,342,166,235,228,341,263,264,229,213,302,297,333,308,338,,,239,172,,,343,99,342,341,343,335,332,247,336,302,250,96,280,301,303,293,296,341,307,339,328,167,335,326,,179,,,b'\x11\xe8\xe1I\xc9\xfa\xc94\xaf\x82\x12\xdf\x17\xaeN\x1e'
11E8E149-C9FA-C934-AF82-12DF17AE4E1E,2022-ncaa-d0-natl,ncaa,282,157,353,258,353,346,349,352,294,341,342,281,313,313,289,209,246,251,169,254,44,352,351,295,264,287,137,236,19,310,205,343,344,344,295,350,312,66,296,333,284,176,271,216,,,7,66,,,241,351,85,68,236,290,232,246,187,250,206,57,57,56,189,89,159,154,141,320,309,117,196,,164,,,257,8,13,19,83,15,22,121,54,82,56,263,16,20,60,20,145,15,13,88,73,75,184,227,119,212,344,5,205,38,295,52,300,308,158,206,153,334,66,233,,,302,44,,,241,5,288,159,254,210,216,320,195,243,237,312,142,180,185,311,331,352,269,339,295,88,339,242,,36,,,b'\x11\xe8\xe1I\xc9\xfa\xc94\xaf\x82\x12\xdf\x17\xaeN\x1e'
11E8E149-C9FA-C934-AF82-12DF17AE4E1E,2022-ncaa-d1-conf-Southland,ncaa,6,5,6,6,6,7,7,8,5,7,7,4,5,5,7,4,4,4,6,4,2,7,7,4,4,5,4,4,1,5,6,6,8,6,6,8,6,4,6,7,8,8,4,3,,,1,1,,,6,7,3,3,5,7,6,6,6,4,3,2,1,1,5,3,5,4,5,8,6,7,2,,2,,,6,3,5,6,3,2,3,5,7,7,4,8,1,1,3,1,2,5,3,5,3,4,5,7,1,7,8,3,6,6,6,6,7,7,7,8,5,7,4,4,,,4,1,,,6,2,6,5,6,5,7,8,4,6,8,8,2,2,2,7,6,8,7,8,8,7,7,5,,1,,,b'\x11\xe8\xe1I\xc9\xfa\xc94\xaf\x82\x12\xdf\x17\xaeN\x1e'
11E8E149-C9FA-C934-AF82-12DF17AE4E1E,2022-ncaa-d1-natl,ncaa,235,157,326,217,329,294,312,307,301,289,278,262,281,253,313,194,142,155,137,154,58,288,289,300,274,278,153,245,26,193,154,261,306,248,232,328,304,183,259,319,173,132,243,214,,,48,91,,,202,299,55,83,196,236,133,199,135,239,161,50,53,52,90,46,88,96,62,289,298,91,194,,196,,,202,36,46,81,67,51,73,109,100,165,38,248,61,86,44,85,174,68,78,66,53,46,182,196,153,273,306,84,154,142,232,141,306,191,117,164,262,309,138,214,,,175,50,,,202,56,262,96,205,174,181,300,174,220,194,299,152,215,215,302,329,343,281,328,274,60,334,248,,24,,,b'\x11\xe8\xe1I\xc9\xfa\xc94\xaf\x82\x12\xdf\x17\xaeN\x1e'
11E8E149-C9FA-C934-AF82-12DF17AE4E1E,2023-ncaa-d0-natl,ncaa,300,239,345,292,349,337,345,332,332,349,329,339,209,213,205,111,308,313,233,313,193,337,340,304,304,307,69,79,164,282,266,336,326,330,329,337,286,111,266,320,316,284,345,343,,,67,168,,,319,338,118,178,287,305,170,325,232,141,115,240,224,226,201,142,190,257,248,313,276,251,332,,209,,,330,70,65,35,278,121,77,256,45,32,209,67,212,197,224,190,257,36,34,262,282,278,105,60,285,180,326,143,266,155,329,59,118,264,169,169,240,329,93,216,,,312,208,,,319,21,312,304,328,299,281,230,317,292,115,104,303,304,302,279,288,320,340,335,216,134,330,196,,180,,,b'\x11\xe8\xe1I\xc9\xfa\xc94\xaf\x82\x12\xdf\x17\xaeN\x1e'
11E8E149-C9FA-C934-AF82-12DF17AE4E1E,2023-ncaa-d1-conf-Southland,ncaa,7,7,5,7,6,7,7,6,10,8,7,10,3,2,4,2,6,8,3,8,7,6,6,9,9,9,2,2,6,7,7,6,8,7,9,10,9,5,6,10,9,9,10,10,,,6,5,,,9,6,4,6,7,8,2,9,6,3,1,6,7,7,3,4,7,8,7,10,6,9,10,,7,,,9,7,6,6,9,8,8,7,3,3,7,2,10,9,10,9,8,6,7,6,9,9,3,2,9,8,8,10,7,10,9,5,3,6,5,5,8,9,3,8,,,5,7,,,9,5,8,9,9,8,8,7,9,8,3,3,10,9,9,8,8,8,10,9,5,5,8,6,,4,,,b'\x11\xe8\xe1I\xc9\xfa\xc94\xaf\x82\x12\xdf\x17\xaeN\x1e'
11E8E149-C9FA-C934-AF82-12DF17AE4E1E,2023-ncaa-d1-natl,ncaa,265,239,310,264,320,304,314,255,338,334,267,343,169,156,205,113,255,251,216,247,178,265,252,310,312,306,60,80,147,206,259,269,278,256,307,311,256,192,246,301,257,243,333,340,,,112,148,,,303,265,83,187,272,291,122,321,208,130,104,216,197,198,142,103,160,189,179,300,268,215,328,,200,,,305,149,126,91,230,183,150,210,69,63,148,83,255,248,190,241,250,109,115,207,220,204,111,62,281,230,278,283,259,279,307,86,99,172,130,98,275,311,146,206,,,250,208,,,303,97,310,237,302,270,250,218,285,285,108,107,296,296,288,264,292,299,345,337,166,102,323,207,,157,,,b'\x11\xe8\xe1I\xc9\xfa\xc94\xaf\x82\x12\xdf\x17\xaeN\x1e'
11E8E149-C9FA-C934-AF82-12DF17AE4E1E,2024-ncaa-d0-natl,ncaa,286,251,298,285,316,332,344,330,325,336,300,334,271,268,249,200,260,212,332,216,87,321,313,314,318,327,127,180,80,280,268,171,73,220,172,348,322,207,311,341,351,341,241,228,,,102,230,,,284,308,189,263,326,341,296,327,240,243,220,212,132,134,271,213,222,59,108,344,296,342,209,,206,,,285,39,25,67,44,41,98,54,42,70,55,109,246,218,327,214,272,75,43,41,79,153,235,86,337,68,73,144,268,94,172,9,20,336,295,122,232,308,155,255,,,196,47,,,284,45,333,142,289,133,74,172,116,217,74,124,310,277,278,216,142,141,286,245,19,301,297,222,,79,,,b'\x11\xe8\xe1I\xc9\xfa\xc94\xaf\x82\x12\xdf\x17\xaeN\x1e'
11E8E149-C9FA-C934-AF82-12DF17AE4E1E,2024-ncaa-d1-conf-Southland,ncaa,8,7,6,8,8,8,8,8,6,8,8,5,4,5,5,5,9,8,10,8,4,8,8,5,8,9,6,4,8,7,5,4,3,7,4,8,8,7,9,8,10,10,4,3,,,3,6,,,7,7,6,7,9,8,9,9,8,4,5,9,7,8,9,9,6,3,6,8,7,10,3,,3,,,7,3,2,4,3,2,6,2,2,5,3,5,7,6,10,6,7,4,3,3,3,5,7,2,9,2,3,5,5,3,4,1,1,8,7,3,8,9,6,7,,,6,5,,,7,3,8,4,8,5,3,5,4,7,2,3,8,7,7,5,3,3,4,3,1,9,7,5,,6,,,b'\x11\xe8\xe1I\xc9\xfa\xc94\xaf\x82\x12\xdf\x17\xaeN\x1e'
11E8E149-C9FA-C934-AF82-12DF17AE4E1E,2024-ncaa-d1-natl,ncaa,243,253,194,253,238,284,287,249,308,289,232,310,224,218,234,193,221,164,331,166,107,236,221,292,296,307,142,173,114,191,219,113,84,136,147,322,318,264,280,328,302,307,169,171,,,156,196,,,233,227,179,264,294,305,256,301,219,224,203,216,146,147,249,187,176,58,81,336,281,302,158,,183,,,234,72,45,131,32,66,165,41,51,105,31,111,277,252,298,250,260,149,119,29,53,86,215,82,332,122,84,234,219,185,147,10,19,247,223,61,267,291,217,263,,,141,76,,,233,128,308,86,235,92,60,155,78,198,60,115,292,269,268,190,156,149,269,233,16,230,281,241,,100,,,b'\x11\xe8\xe1I\xc9\xfa\xc94\xaf\x82\x12\xdf\x17\xaeN\x1e'
11E8E149-C9FA-C934-AF82-12DF17AE4E1E,2025-ncaa-d0-natl,genius_ncaa,203,176,248,200,290,271,288,251,301,315,311,271,172,126,260,70,238,245,188,238,105,251,232,269,273,286,63,79,147,147,133,112,125,123,94,283,225,259,288,302,333,330,129,144,,,151,219,,187,202,257,162,269,263,284,213,317,291,138,69,211,207,201,203,141,110,30,32,276,302,326,105,,220,,235,203,65,64,136,55,120,219,63,30,57,36,63,199,241,60,245,233,153,117,34,40,99,123,46,295,169,125,139,133,150,94,7,5,293,275,79,264,288,100,224,,,183,121,,113,202,109,279,112,200,126,116,224,182,296,49,85,259,289,292,255,205,232,217,232,13,267,301,136,,111,,81,b'\x11\xe8\xe1I\xc9\xfa\xc94\xaf\x82\x12\xdf\x17\xaeN\x1e'
11E8E149-C9FA-C934-AF82-12DF17AE4E1E,2025-ncaa-d1-conf-Southland,genius_ncaa,4,4,2,4,3,4,4,3,6,7,8,3,3,3,9,4,3,5,2,4,2,3,2,6,5,5,3,4,6,3,3,2,2,1,1,6,9,11,10,9,9,10,1,3,,,7,5,,9,4,2,4,7,4,5,7,7,10,4,3,4,7,6,6,4,4,1,1,7,10,10,2,,6,,9,4,7,5,11,2,6,11,3,4,11,1,7,9,10,2,9,7,11,11,1,1,4,7,5,8,7,2,5,3,4,1,2,1,8,9,3,8,4,2,2,,,2,6,,6,4,11,4,3,4,4,4,7,5,8,3,8,7,9,9,8,8,5,5,4,2,9,7,2,,4,,7,b'\x11\xe8\xe1I\xc9\xfa\xc94\xaf\x82\x12\xdf\x17\xaeN\x1e'
11E8E149-C9FA-C934-AF82-12DF17AE4E1E,2025-ncaa-d1-natl,genius_ncaa,161,176,113,177,154,187,211,150,278,266,249,237,106,60,241,59,194,188,214,181,112,155,117,241,244,273,64,67,177,83,108,46,84,44,62,208,179,321,279,273,218,253,77,107,,,220,193,,217,148,132,125,269,226,250,162,299,287,103,57,215,204,198,173,111,85,22,19,224,307,238,86,,198,,213,147,100,85,217,27,138,278,27,46,87,30,59,259,287,86,290,228,241,233,12,19,44,136,51,314,207,84,231,108,230,62,10,5,168,193,36,305,273,117,186,,,127,167,,116,148,232,248,46,144,82,62,194,119,286,40,75,253,277,282,230,225,203,209,211,9,174,300,112,,126,,120,b'\x11\xe8\xe1I\xc9\xfa\xc94\xaf\x82\x12\xdf\x17\xaeN\x1e'
11E8E149-C9FA-C934-AF82-12DF17AE4E1E,2026-ncaa-d0-natl,genius_ncaa,260,152,327,241,334,344,334,338,260,332,334,240,320,315,291,179,339,335,279,335,239,339,341,274,289,288,231,198,211,251,107,331,177,318,147,345,310,49,263,299,336,281,330,297,,,25,221,,25,251,350,256,97,277,251,219,219,197,244,198,272,243,246,229,190,77,210,122,301,258,287,302,,173,,70,276,25,25,16,304,39,17,315,43,36,203,207,33,30,168,25,188,14,12,298,297,287,123,155,131,25,177,25,107,14,147,14,42,333,207,169,31,173,15,107,,,322,105,,66,251,13,252,280,274,243,256,156,267,141,200,191,181,183,156,143,100,160,202,168,114,231,165,102,,115,,7,b'\x11\xe8\xe1I\xc9\xfa\xc94\xaf\x82\x12\xdf\x17\xaeN\x1e'
11E8E149-C9FA-C934-AF82-12DF17AE4E1E,2026-ncaa-d1-conf-Southland,genius_ncaa,1,1,2,1,3,4,3,3,3,2,4,3,5,4,6,3,6,5,6,5,6,3,5,3,4,3,7,6,6,1,1,5,1,2,1,6,7,2,2,4,6,5,6,6,,,1,1,,1,1,7,7,2,3,2,2,1,3,5,3,6,4,4,2,4,1,5,1,5,2,5,6,,1,,1,1,1,2,2,5,2,3,3,3,2,4,4,1,1,7,1,1,1,1,5,5,3,3,6,1,1,1,1,1,1,1,1,3,7,2,2,2,2,2,2,,,6,5,,1,1,1,1,2,1,1,2,2,2,3,4,2,1,1,1,1,1,1,1,1,1,6,2,2,,5,,1,b'\x11\xe8\xe1I\xc9\xfa\xc94\xaf\x82\x12\xdf\x17\xaeN\x1e'
11E8E149-C9FA-C934-AF82-12DF17AE4E1E,2026-ncaa-d1-natl,genius_ncaa,203,152,271,192,286,248,232,288,123,262,314,123,137,179,95,81,318,310,280,313,214,295,304,103,127,154,120,67,312,180,73,271,120,251,94,213,149,119,227,174,298,241,252,197,,,49,159,,40,148,315,196,100,140,123,146,184,236,65,72,276,245,255,171,144,67,136,98,114,239,241,214,,135,,74,135,43,52,33,218,76,47,244,54,60,114,186,91,109,128,85,207,31,36,199,206,174,141,139,192,39,120,43,73,31,94,19,24,238,115,66,70,125,8,44,,,282,201,,58,148,45,126,158,133,150,167,117,189,117,114,140,180,199,162,112,124,120,143,120,48,133,135,23,,180,,24,b'\x11\xe8\xe1I\xc9\xfa\xc94\xaf\x82\x12\xdf\x17\xaeN\x1e'
11E8E149-CA00-3FFE-AF82-12DF17AE4E1E,2010-ncaa-d0-natl,ncaa,8,13,12,14,15,8,8,11,16,6,7,15,143,176,89,287,9,8,110,8,169,11,11,27,23,18,298,289,185,54,110,42,62,34,77,4,29,217,41,11,3,6,74,140,,,291,76,,,10,8,19,258,11,8,26,5,13,205,261,29,40,39,20,41,136,142,129,5,83,4,113,,130,,,13,316,329,312,241,336,336,216,123,101,188,30,179,201,86,202,52,309,336,187,160,52,16,51,79,204,62,307,110,281,77,332,247,4,16,59,295,147,291,122,,,22,176,,,10,339,17,23,16,137,216,159,282,282,44,29,79,94,93,136,285,50,129,82,255,10,205,216,,84,,,b'\x11\xe8\xe1I\xca\x00?\xfe\xaf\x82\x12\xdf\x17\xaeN\x1e'
11E8E149-CA00-3FFE-AF82-12DF17AE4E1E,2010-ncaa-d1-conf-AAC,ncaa,3,4,1,4,4,2,2,2,2,2,1,2,9,13,3,14,2,5,3,4,12,2,2,2,2,2,16,15,10,6,8,5,8,5,11,2,4,7,3,2,1,2,7,8,,,11,6,,,2,2,1,10,2,2,2,2,2,11,13,2,5,4,2,3,9,12,11,2,6,2,8,,7,,,2,14,16,14,15,16,16,13,7,5,12,3,8,11,3,11,6,14,15,12,12,7,3,4,5,10,8,12,8,12,11,15,12,1,2,6,11,9,6,3,,,5,11,,,2,15,2,6,3,10,11,5,14,12,6,2,7,7,7,8,15,4,7,5,13,2,11,6,,7,,,b'\x11\xe8\xe1I\xca\x00?\xfe\xaf\x82\x12\xdf\x17\xaeN\x1e'
11E8E149-CA00-3FFE-AF82-12DF17AE4E1E,2010-ncaa-d1-natl,ncaa,8,13,12,14,17,8,8,13,16,6,7,15,149,183,91,287,11,13,108,13,173,12,12,27,23,18,298,288,181,57,113,45,66,37,83,4,30,206,42,11,3,6,78,142,,,281,78,,,10,8,21,259,11,8,28,5,15,208,261,30,39,38,23,42,137,147,131,6,85,4,116,,136,,,13,311,327,311,249,334,336,222,114,94,195,27,168,191,88,194,54,307,335,194,169,56,15,51,78,185,66,297,113,270,83,328,248,5,16,63,288,148,288,126,,,22,176,,,10,339,17,25,16,142,220,160,287,283,44,28,80,95,93,137,284,52,132,81,257,10,208,218,,82,,,b'\x11\xe8\xe1I\xca\x00?\xfe\xaf\x82\x12\xdf\x17\xaeN\x1e'
11E8E149-CA00-3FFE-AF82-12DF17AE4E1E,2010-ncaa-d1-ncaatournament,ncaa,9,2,9,9,9,9,9,11,2,7,10,2,28,30,22,58,9,9,23,9,22,10,11,9,8,3,53,54,20,15,34,13,22,14,23,7,15,47,9,4,3,4,18,44,,,50,10,,,7,10,16,5,2,6,21,3,10,44,59,6,8,7,12,19,40,31,40,3,9,3,41,,14,,,6,54,56,54,39,56,54,32,52,50,46,27,45,39,56,36,4,53,55,35,37,19,22,35,14,48,22,52,34,52,23,59,53,6,4,28,51,32,50,20,,,12,26,,,7,55,6,16,6,27,40,43,38,41,35,22,14,6,6,30,50,23,18,18,52,4,34,35,,19,,,b'\x11\xe8\xe1I\xca\x00?\xfe\xaf\x82\x12\xdf\x17\xaeN\x1e'
11E8E149-CA00-3FFE-AF82-12DF17AE4E1E,2011-ncaa-d0-natl,ncaa,8,24,1,20,1,1,2,6,4,2,2,7,228,289,24,338,2,1,85,1,92,3,2,9,7,14,333,336,70,9,5,7,104,6,11,4,71,340,126,29,1,8,13,51,,,332,99,,,5,2,86,150,11,12,134,4,13,312,336,6,6,6,64,77,78,105,60,9,187,6,48,,138,,,7,310,317,335,47,324,336,89,177,299,10,171,238,282,46,284,111,337,342,33,21,8,73,101,146,332,104,173,5,285,11,282,142,1,13,10,332,148,235,29,,,2,70,,,5,342,7,6,6,33,52,108,96,134,54,127,68,90,94,85,236,135,5,9,67,8,174,81,,30,,,b'\x11\xe8\xe1I\xca\x00?\xfe\xaf\x82\x12\xdf\x17\xaeN\x1e'
11E8E149-CA00-3FFE-AF82-12DF17AE4E1E,2011-ncaa-d1-conf-AAC,ncaa,2,2,2,2,2,2,2,2,2,1,1,2,14,15,2,16,1,1,6,1,3,1,1,2,2,2,14,16,2,2,2,2,3,2,3,3,9,16,7,6,1,1,4,6,,,13,6,,,2,2,1,8,2,3,5,1,1,15,16,1,1,1,2,1,4,2,3,4,10,1,5,,8,,,2,12,15,15,4,16,15,5,6,7,4,4,9,11,1,11,6,15,15,4,2,2,3,5,6,16,3,3,2,9,3,10,8,1,3,2,16,13,13,5,,,1,2,,,2,15,2,2,2,3,5,10,7,14,4,5,6,7,7,9,16,10,2,2,6,1,14,7,,1,,,b'\x11\xe8\xe1I\xca\x00?\xfe\xaf\x82\x12\xdf\x17\xaeN\x1e'
11E8E149-CA00-3FFE-AF82-12DF17AE4E1E,2011-ncaa-d1-natl,ncaa,8,23,1,20,1,2,2,6,4,2,3,7,235,295,24,338,2,1,85,1,92,4,2,9,8,14,331,337,67,9,5,7,105,6,11,4,70,339,131,33,1,9,14,52,,,331,98,,,5,2,88,150,11,12,136,4,13,311,335,6,8,8,67,79,81,108,61,9,186,7,50,,135,,,7,304,314,334,51,320,336,93,166,293,10,166,225,268,44,272,110,336,342,36,25,8,70,101,146,328,105,151,5,268,11,275,142,1,13,11,332,150,227,31,,,2,65,,,5,342,7,6,7,35,55,113,99,139,54,127,69,89,93,89,238,141,5,9,68,8,178,83,,31,,,b'\x11\xe8\xe1I\xca\x00?\xfe\xaf\x82\x12\xdf\x17\xaeN\x1e'
11E8E149-CA00-3FFE-AF82-12DF17AE4E1E,2011-ncaa-d1-ncaatournament,ncaa,2,2,1,2,1,1,2,2,4,2,2,15,4,5,6,59,1,1,37,1,19,2,1,8,7,9,40,49,19,3,30,1,22,2,20,1,15,64,39,16,1,18,3,25,,,63,24,,,5,1,19,3,14,17,45,13,21,37,60,12,10,10,33,31,42,19,25,8,38,15,21,,27,,,7,64,64,64,21,64,64,20,62,62,27,27,64,63,9,63,27,64,64,19,15,9,26,29,29,63,22,64,30,64,20,64,28,1,20,15,64,35,56,18,,,1,8,,,5,64,11,7,8,17,26,33,30,37,20,27,20,29,26,30,42,28,14,20,22,18,39,19,,8,,,b'\x11\xe8\xe1I\xca\x00?\xfe\xaf\x82\x12\xdf\x17\xaeN\x1e'
11E8E149-CA00-3FFE-AF82-12DF17AE4E1E,2012-ncaa-d0-natl,ncaa,2,6,2,6,2,2,2,1,4,2,2,6,113,166,29,303,2,2,13,2,98,2,1,9,5,7,287,303,80,8,13,7,53,7,10,3,41,317,50,9,1,5,21,57,,,333,137,,,3,1,89,157,2,5,68,5,19,221,281,2,10,9,33,59,71,121,70,4,88,6,57,,148,,,3,268,289,333,41,311,337,49,87,194,20,53,238,284,43,287,86,332,342,19,18,4,38,46,167,290,53,230,13,274,10,268,164,2,8,9,333,138,271,40,,,2,52,,,3,343,5,3,3,12,24,55,78,147,15,36,54,80,82,41,186,63,11,6,58,8,172,121,,19,,,b'\x11\xe8\xe1I\xca\x00?\xfe\xaf\x82\x12\xdf\x17\xaeN\x1e'
11E8E149-CA00-3FFE-AF82-12DF17AE4E1E,2012-ncaa-d1-conf-AAC,ncaa,1,1,1,1,1,1,1,1,2,1,1,3,6,11,1,13,1,2,1,2,4,1,1,2,2,2,13,12,4,2,2,2,2,1,1,2,6,12,5,3,1,1,2,3,,,12,4,,,2,1,1,3,1,1,2,1,2,8,13,1,2,2,1,2,4,3,3,2,8,1,2,,6,,,2,10,12,16,6,16,16,7,1,5,1,3,2,4,4,4,1,16,16,4,2,2,1,1,4,8,2,2,2,2,1,10,8,1,2,2,15,12,3,1,,,2,6,,,2,16,2,2,2,4,6,10,10,14,1,4,1,1,1,8,13,2,1,1,5,2,12,3,,3,,,b'\x11\xe8\xe1I\xca\x00?\xfe\xaf\x82\x12\xdf\x17\xaeN\x1e'
11E8E149-CA00-3FFE-AF82-12DF17AE4E1E,2012-ncaa-d1-natl,ncaa,2,6,2,6,2,2,2,2,4,2,2,7,120,175,30,302,2,2,14,2,97,2,1,9,5,7,283,302,73,9,13,7,58,7,11,3,41,310,52,10,1,5,21,57,,,332,136,,,3,1,93,157,2,5,70,5,19,222,281,2,10,10,34,62,73,125,78,4,89,7,57,,155,,,3,256,274,333,45,304,336,54,77,173,21,55,225,276,46,282,86,331,341,21,21,4,37,46,166,284,58,208,13,258,11,264,162,2,8,9,329,139,266,42,,,2,45,,,3,343,6,3,3,14,25,55,83,151,15,36,52,80,79,41,183,67,11,6,60,9,173,123,,19,,,b'\x11\xe8\xe1I\xca\x00?\xfe\xaf\x82\x12\xdf\x17\xaeN\x1e'
11E8E149-CA00-3FFE-AF82-12DF17AE4E1E,2012-ncaa-d1-ncaatournament,ncaa,2,2,1,2,1,2,1,1,16,1,1,18,4,3,26,57,2,2,23,2,33,1,1,21,16,12,47,52,27,1,10,3,30,2,14,1,13,63,15,6,1,6,4,9,,,64,24,,,3,1,34,4,7,6,10,4,5,45,56,15,20,18,9,14,10,31,21,4,17,6,15,,22,,,3,64,63,63,19,64,63,22,56,60,12,17,63,64,29,64,23,63,63,18,15,6,11,14,33,63,30,64,10,63,14,63,23,1,4,8,62,23,64,30,,,2,37,,,3,64,8,4,3,6,9,17,25,35,7,11,24,23,23,12,35,33,11,17,15,5,27,37,,32,,,b'\x11\xe8\xe1I\xca\x00?\xfe\xaf\x82\x12\xdf\x17\xaeN\x1e'
11E8E149-CA00-3FFE-AF82-12DF17AE4E1E,2013-ncaa-d0-natl,ncaa,1,1,4,1,4,2,3,2,6,2,1,15,140,199,44,313,1,2,3,2,129,1,1,23,7,6,283,311,52,2,2,7,75,2,5,3,18,263,27,6,11,40,33,98,,,227,20,,,3,3,61,44,2,3,13,2,4,219,280,1,12,12,4,16,9,72,13,3,78,35,78,,43,,,3,324,328,339,108,332,344,115,224,259,98,117,184,138,315,136,23,339,342,88,77,40,49,122,72,292,75,142,2,232,5,319,174,6,37,59,321,108,345,232,,,4,115,,,3,343,3,27,3,105,165,220,204,279,102,120,53,36,36,160,256,110,7,14,177,22,175,331,,26,,,b'\x11\xe8\xe1I\xca\x00?\xfe\xaf\x82\x12\xdf\x17\xaeN\x1e'
11E8E149-CA00-3FFE-AF82-12DF17AE4E1E,2013-ncaa-d1-conf-AAC,ncaa,1,1,2,1,2,2,2,2,2,1,1,3,9,10,2,13,1,1,1,1,6,2,2,2,2,2,12,13,1,1,1,2,3,2,2,2,3,10,3,3,5,6,4,8,,,6,2,,,2,2,4,2,2,2,4,1,1,10,12,1,1,1,1,1,2,3,2,2,4,5,6,,2,,,2,9,10,14,7,11,14,2,9,9,7,5,6,4,11,4,3,13,14,6,5,2,6,9,3,11,3,4,1,5,2,10,7,1,3,3,12,7,15,12,,,1,2,,,2,14,2,2,2,5,8,10,8,12,5,5,3,3,3,8,10,6,3,3,6,2,10,15,,1,,,b'\x11\xe8\xe1I\xca\x00?\xfe\xaf\x82\x12\xdf\x17\xaeN\x1e'
11E8E149-CA00-3FFE-AF82-12DF17AE4E1E,2013-ncaa-d1-natl,ncaa,1,1,4,1,4,2,3,2,6,2,1,15,149,211,45,313,1,2,3,2,130,1,1,22,7,6,282,312,48,2,2,8,77,2,5,3,19,252,28,6,11,41,35,99,,,213,23,,,3,3,63,43,2,3,14,2,5,219,281,1,13,13,4,16,11,74,13,3,78,38,79,,42,,,3,322,327,339,119,330,344,120,214,249,106,113,178,126,316,127,24,338,342,97,84,43,49,119,72,286,77,125,2,214,5,319,177,6,40,64,313,111,345,236,,,4,112,,,3,343,3,34,3,110,173,220,208,279,104,121,54,37,36,163,255,114,7,14,184,26,177,332,,26,,,b'\x11\xe8\xe1I\xca\x00?\xfe\xaf\x82\x12\xdf\x17\xaeN\x1e'
11E8E149-CA00-3FFE-AF82-12DF17AE4E1E,2013-ncaa-d1-ncaatournament,ncaa,3,2,3,3,4,3,3,3,13,2,2,15,3,7,9,50,1,3,16,2,25,3,3,14,12,6,40,46,20,1,1,4,36,3,4,2,6,62,12,2,3,21,2,16,,,61,29,,,3,3,14,7,3,5,7,5,5,34,47,6,13,10,5,9,7,32,11,1,24,19,9,,26,,,4,62,63,61,36,63,62,36,55,58,27,19,61,61,43,61,20,61,62,32,31,24,20,19,29,60,36,58,1,60,4,62,15,3,16,13,62,27,64,44,,,4,30,,,3,62,3,24,4,36,43,36,44,49,17,23,31,28,28,36,46,33,5,11,22,15,33,51,,23,,,b'\x11\xe8\xe1I\xca\x00?\xfe\xaf\x82\x12\xdf\x17\xaeN\x1e'
11E8E149-CA00-3FFE-AF82-12DF17AE4E1E,2014-ncaa-d0-natl,ncaa,2,2,2,2,3,2,2,4,1,1,2,2,102,218,2,323,8,15,22,16,268,3,5,2,2,2,325,303,249,19,15,5,87,5,12,2,58,291,54,5,9,55,23,89,,,238,13,,,2,3,66,270,2,2,44,1,12,195,309,35,93,95,44,76,107,38,42,2,82,51,60,,34,,,2,321,336,347,54,343,349,54,123,210,25,51,152,158,110,164,11,347,348,31,21,15,7,49,57,332,87,138,15,252,12,266,72,9,87,47,332,169,285,49,,,12,190,,,2,347,2,12,2,51,133,262,219,323,28,56,31,38,40,196,248,160,5,14,77,76,208,155,,123,,,b'\x11\xe8\xe1I\xca\x00?\xfe\xaf\x82\x12\xdf\x17\xaeN\x1e'
11E8E149-CA00-3FFE-AF82-12DF17AE4E1E,2014-ncaa-d1-conf-ACC,ncaa,1,1,1,1,1,1,1,1,1,1,1,1,7,13,2,14,1,1,1,1,5,1,2,1,1,1,11,14,3,6,3,1,2,1,1,1,5,9,2,1,2,7,4,9,,,4,1,,,1,1,3,9,1,1,8,1,2,12,13,1,1,1,5,5,10,2,4,2,3,7,4,,1,,,1,5,12,14,2,14,15,1,1,5,1,1,2,4,2,4,1,15,15,1,1,1,1,2,4,10,2,2,3,6,1,4,2,2,5,1,12,6,9,2,,,1,2,,,1,15,1,1,1,1,1,13,7,15,1,1,1,2,2,9,11,6,1,1,2,5,8,4,,2,,,b'\x11\xe8\xe1I\xca\x00?\xfe\xaf\x82\x12\xdf\x17\xaeN\x1e'
11E8E149-CA00-3FFE-AF82-12DF17AE4E1E,2014-ncaa-d1-natl,ncaa,2,2,2,2,3,2,2,5,1,1,2,2,111,227,2,321,10,19,20,20,266,4,5,2,2,2,325,302,251,21,18,5,89,5,12,2,61,279,52,5,13,63,27,91,,,219,12,,,2,3,70,273,2,2,44,1,12,196,309,37,95,96,46,80,112,42,47,2,84,56,61,,35,,,2,315,335,347,59,343,349,58,113,194,28,48,141,149,112,156,12,347,348,31,21,15,7,49,56,325,89,123,18,227,12,258,73,10,91,52,328,170,283,56,,,12,188,,,2,347,2,12,2,52,142,265,224,324,31,57,32,39,40,199,246,160,5,15,80,82,209,156,,126,,,b'\x11\xe8\xe1I\xca\x00?\xfe\xaf\x82\x12\xdf\x17\xaeN\x1e'
11E8E149-CA00-3FFE-AF82-12DF17AE4E1E,2014-ncaa-d1-ncaatournament,ncaa,2,2,1,2,1,1,1,1,5,1,1,13,5,5,8,54,1,1,13,1,24,1,1,10,7,5,50,50,22,1,7,2,26,2,7,2,30,64,30,16,2,25,2,21,,,64,16,,,2,1,14,3,2,3,20,4,8,37,54,11,14,13,14,11,18,15,14,6,34,21,20,,21,,,3,64,64,64,20,64,64,19,62,63,24,26,64,64,36,64,21,64,64,20,18,12,24,32,30,64,26,64,7,64,7,64,38,1,25,23,63,31,62,16,,,1,19,,,2,64,3,11,3,21,26,42,30,43,25,30,26,24,26,38,48,30,6,13,31,18,34,25,,14,,,b'\x11\xe8\xe1I\xca\x00?\xfe\xaf\x82\x12\xdf\x17\xaeN\x1e'
11E8E149-CA00-3FFE-AF82-12DF17AE4E1E,2015-ncaa-d0-natl,ncaa,2,3,1,3,1,2,2,4,2,3,3,4,111,192,7,309,3,6,33,8,200,4,2,3,2,2,308,295,185,31,30,3,71,4,15,3,79,323,68,15,13,80,9,40,,,208,7,,,3,2,96,265,5,5,91,4,26,201,296,26,59,64,74,115,145,35,59,7,99,67,31,,9,,,5,337,343,347,63,344,349,91,282,332,35,185,119,187,11,187,19,348,349,58,21,29,42,165,19,339,71,217,30,304,15,279,36,18,129,61,336,154,322,107,,,7,182,,,3,348,2,25,4,71,148,270,181,260,113,188,10,29,27,190,231,154,9,18,61,120,178,190,,137,,,b'\x11\xe8\xe1I\xca\x00?\xfe\xaf\x82\x12\xdf\x17\xaeN\x1e'
11E8E149-CA00-3FFE-AF82-12DF17AE4E1E,2015-ncaa-d1-conf-ACC,ncaa,1,1,1,1,3,1,1,3,1,1,1,1,11,14,2,14,1,2,2,2,9,3,5,1,1,1,15,14,7,7,4,1,2,3,2,1,4,9,6,1,3,4,2,7,,,2,1,,,1,4,6,12,1,1,9,1,2,12,14,2,5,6,7,8,9,2,5,1,6,4,5,,1,,,1,9,12,13,5,13,15,4,4,4,4,2,2,3,3,3,1,12,12,4,4,3,1,1,2,7,2,2,4,1,2,4,1,5,6,4,10,9,6,2,,,4,5,,,1,12,1,2,1,4,9,10,11,13,2,2,1,2,2,6,6,5,1,1,2,6,10,3,,6,,,b'\x11\xe8\xe1I\xca\x00?\xfe\xaf\x82\x12\xdf\x17\xaeN\x1e'
11E8E149-CA00-3FFE-AF82-12DF17AE4E1E,2015-ncaa-d1-natl,ncaa,2,3,1,3,1,2,2,5,2,3,3,4,122,203,7,310,3,7,30,9,199,4,2,3,2,2,309,297,184,36,33,3,73,4,15,3,80,306,70,15,17,82,12,43,,,188,7,,,3,2,102,266,5,5,99,4,29,202,298,26,57,65,79,122,159,38,64,7,100,71,34,,10,,,5,336,342,347,65,342,349,99,273,326,39,182,105,162,12,162,19,348,349,58,25,31,41,164,19,335,73,196,33,289,15,269,39,23,133,69,330,160,318,112,,,7,177,,,3,348,2,31,4,73,158,270,192,263,115,187,10,30,28,192,227,157,9,19,64,124,185,196,,136,,,b'\x11\xe8\xe1I\xca\x00?\xfe\xaf\x82\x12\xdf\x17\xaeN\x1e'
11E8E149-CA00-3FFE-AF82-12DF17AE4E1E,2015-ncaa-d1-ncaatournament,ncaa,2,2,1,2,1,2,2,2,13,1,1,28,4,8,6,62,3,2,34,2,48,2,1,20,20,21,58,53,45,2,24,1,25,1,15,2,35,64,28,19,2,27,2,17,,,62,2,,,4,1,30,4,20,7,26,4,5,52,61,39,38,38,26,30,31,9,9,14,29,25,14,,6,,,6,64,64,64,12,64,63,19,63,64,16,47,55,58,14,57,3,64,64,12,7,10,12,35,3,64,25,64,24,64,15,64,27,2,36,32,64,32,64,13,,,2,46,,,4,64,17,11,6,13,26,54,32,49,26,45,3,4,3,37,34,46,22,27,27,36,32,25,,45,,,b'\x11\xe8\xe1I\xca\x00?\xfe\xaf\x82\x12\xdf\x17\xaeN\x1e'
11E8E149-CA00-3FFE-AF82-12DF17AE4E1E,2016-ncaa-d0-natl,ncaa,3,2,12,3,17,7,8,33,3,4,17,5,69,200,2,293,6,4,109,4,97,25,24,3,2,3,251,247,179,149,144,19,43,37,39,6,64,221,70,17,29,79,24,46,,,248,81,,,4,14,69,252,7,9,145,7,73,124,277,20,28,29,95,138,262,44,132,8,83,67,44,,105,,,5,289,301,331,76,290,324,69,256,288,132,183,184,188,143,191,74,328,337,65,55,56,141,204,105,234,43,128,144,167,39,252,144,37,119,98,211,91,177,54,,,9,64,,,4,338,5,43,6,106,131,217,147,214,170,188,76,84,86,188,229,91,22,32,128,105,100,92,,60,,,b'\x11\xe8\xe1I\xca\x00?\xfe\xaf\x82\x12\xdf\x17\xaeN\x1e'
11E8E149-CA00-3FFE-AF82-12DF17AE4E1E,2016-ncaa-d1-conf-ACC,ncaa,1,1,1,1,2,1,1,2,1,1,1,1,4,8,2,11,2,2,5,2,6,2,3,1,1,1,13,12,7,11,8,1,1,1,3,1,3,7,5,1,5,5,2,3,,,1,1,,,1,3,5,7,1,1,6,2,7,5,10,2,3,5,7,10,12,1,4,1,5,5,2,,1,,,1,4,5,14,1,7,14,1,6,12,2,7,2,1,9,1,1,13,12,1,1,1,4,8,3,5,1,5,8,5,3,4,6,5,10,6,6,4,9,4,,,3,3,,,1,13,1,1,1,2,3,13,5,12,5,10,2,1,1,10,8,4,4,3,4,8,4,7,,7,,,b'\x11\xe8\xe1I\xca\x00?\xfe\xaf\x82\x12\xdf\x17\xaeN\x1e'
11E8E149-CA00-3FFE-AF82-12DF17AE4E1E,2016-ncaa-d1-natl,ncaa,3,2,12,3,20,7,8,42,3,4,23,5,85,214,2,291,9,7,107,7,96,32,32,3,2,3,252,246,178,179,155,22,46,47,41,6,66,196,72,19,36,84,29,48,,,233,86,,,4,18,75,251,8,9,150,8,76,128,277,19,28,29,96,140,271,49,137,8,86,75,44,,111,,,5,272,281,327,83,276,316,77,243,274,135,179,166,175,148,175,78,320,332,73,60,66,141,200,104,213,46,99,155,134,41,243,146,46,124,104,195,95,164,58,,,12,59,,,4,335,5,50,6,113,142,219,153,219,173,184,83,87,91,192,225,92,22,32,134,112,100,95,,58,,,b'\x11\xe8\xe1I\xca\x00?\xfe\xaf\x82\x12\xdf\x17\xaeN\x1e'
11E8E149-CA00-3FFE-AF82-12DF17AE4E1E,2016-ncaa-d1-ncaatournament,ncaa,9,2,9,9,9,9,9,12,2,6,8,5,16,31,1,63,8,12,12,11,37,12,13,2,2,2,57,54,28,13,6,15,28,14,8,7,20,52,27,8,12,28,14,22,,,53,25,,,8,10,13,1,2,1,21,1,3,42,62,8,16,16,18,20,34,36,38,2,28,25,23,,24,,,5,54,55,52,40,53,51,33,57,54,53,47,49,54,11,54,37,52,54,47,46,42,46,56,16,50,28,43,6,46,8,58,49,12,30,39,58,42,24,7,,,10,16,,,8,54,2,42,5,42,43,30,30,24,57,45,21,28,29,31,38,26,2,3,47,30,41,6,,12,,,b'\x11\xe8\xe1I\xca\x00?\xfe\xaf\x82\x12\xdf\x17\xaeN\x1e'
11E8E149-CA00-3FFE-AF82-12DF17AE4E1E,2017-ncaa-d0-natl,ncaa,3,3,3,3,8,6,4,9,4,3,4,6,75,178,3,304,40,48,93,49,310,10,14,6,6,5,326,274,308,49,63,8,34,15,15,3,71,154,22,3,27,62,31,62,,,242,57,,,8,11,144,250,11,5,49,4,21,165,276,138,171,175,64,154,170,67,93,6,21,74,62,,50,,,9,333,333,336,139,301,323,76,341,324,314,253,120,119,165,130,41,334,333,170,129,126,232,317,30,215,34,213,63,221,15,334,257,38,136,186,145,32,144,12,,,24,193,,,8,339,5,80,10,110,159,184,97,148,277,219,31,26,28,112,124,42,18,15,218,143,35,52,,179,,,b'\x11\xe8\xe1I\xca\x00?\xfe\xaf\x82\x12\xdf\x17\xaeN\x1e'
11E8E149-CA00-3FFE-AF82-12DF17AE4E1E,2017-ncaa-d1-conf-ACC,ncaa,1,1,1,1,2,1,1,2,1,1,2,1,4,7,1,9,6,7,5,7,12,4,5,1,1,1,13,10,15,9,8,3,4,4,3,1,3,4,2,1,6,6,2,4,,,3,2,,,1,4,9,6,1,1,6,1,3,6,8,6,9,9,6,9,10,3,7,1,1,6,3,,2,,,2,8,9,13,6,7,11,2,14,11,14,12,3,3,12,3,3,11,11,7,6,7,14,14,4,6,4,2,8,3,3,11,9,6,6,8,5,5,2,1,,,6,8,,,1,10,1,6,2,5,7,8,4,6,14,11,2,2,2,3,5,4,1,3,8,6,4,1,,10,,,b'\x11\xe8\xe1I\xca\x00?\xfe\xaf\x82\x12\xdf\x17\xaeN\x1e'
11E8E149-CA00-3FFE-AF82-12DF17AE4E1E,2017-ncaa-d1-natl,ncaa,3,3,3,3,8,6,4,11,4,3,4,7,89,197,3,303,45,52,93,53,309,12,14,6,6,5,326,270,308,60,70,8,34,15,17,4,72,134,24,4,33,66,36,66,,,225,58,,,8,12,148,251,11,5,54,4,22,167,274,142,180,182,72,160,180,69,104,6,20,81,67,,52,,,9,329,331,335,147,290,322,83,338,318,320,253,105,101,174,108,42,331,332,178,145,136,230,318,31,194,34,183,70,188,17,331,259,45,143,197,127,33,127,13,,,32,188,,,8,338,5,91,10,118,165,183,104,149,283,213,33,27,29,114,122,44,17,17,228,149,37,52,,185,,,b'\x11\xe8\xe1I\xca\x00?\xfe\xaf\x82\x12\xdf\x17\xaeN\x1e'
11E8E149-CA00-3FFE-AF82-12DF17AE4E1E,2017-ncaa-d1-ncaatournament,ncaa,5,2,5,5,5,6,5,6,7,5,6,7,6,6,17,42,6,8,8,7,36,7,7,8,6,5,45,37,33,7,21,6,7,6,5,6,26,53,12,5,9,28,14,33,,,57,22,,,5,7,31,3,4,4,14,4,15,20,34,18,22,24,12,22,23,6,10,8,13,26,28,,19,,,7,59,59,60,15,59,58,13,63,62,37,44,52,51,48,51,15,58,58,25,21,31,45,51,21,53,7,57,21,56,5,63,47,10,47,51,51,17,60,26,,,8,48,,,5,58,5,21,7,30,33,47,19,33,52,49,23,13,11,41,32,14,12,10,42,49,16,30,,47,,,b'\x11\xe8\xe1I\xca\x00?\xfe\xaf\x82\x12\xdf\x17\xaeN\x1e'
11E8E149-CA00-3FFE-AF82-12DF17AE4E1E,2018-ncaa-d0-natl,ncaa,4,4,3,5,4,2,2,1,3,1,1,7,149,235,27,341,4,8,34,8,291,2,1,10,6,8,342,331,234,6,16,3,121,2,20,5,145,280,41,16,37,137,89,225,,,89,2,,,6,1,49,170,3,3,21,2,4,247,324,24,72,71,22,35,57,41,27,8,69,119,189,,6,,,7,349,349,349,135,345,349,86,348,345,302,208,140,156,145,151,11,349,349,163,110,144,139,295,11,343,121,225,16,310,20,339,111,37,214,202,304,78,336,74,,,15,287,,,6,349,5,150,11,224,285,320,237,306,291,259,18,23,18,294,282,215,19,48,206,171,127,235,,199,,,b'\x11\xe8\xe1I\xca\x00?\xfe\xaf\x82\x12\xdf\x17\xaeN\x1e'
11E8E149-CA00-3FFE-AF82-12DF17AE4E1E,2018-ncaa-d1-conf-ACC,ncaa,2,2,1,2,1,1,1,1,1,1,1,1,12,13,1,14,2,3,4,3,10,1,1,1,1,1,14,14,10,5,3,2,6,2,3,1,5,8,3,1,2,3,13,14,,,1,1,,,1,1,1,7,1,1,2,1,1,13,13,3,4,4,2,2,5,2,3,1,3,3,14,,1,,,1,12,12,15,3,10,14,2,14,13,14,13,2,2,8,2,1,15,15,4,4,3,11,13,1,14,6,2,3,6,3,13,7,2,6,5,9,5,11,3,,,6,14,,,1,15,1,5,1,6,11,13,6,12,13,13,2,2,2,12,14,10,1,3,8,3,6,10,,8,,,b'\x11\xe8\xe1I\xca\x00?\xfe\xaf\x82\x12\xdf\x17\xaeN\x1e'
11E8E149-CA00-3FFE-AF82-12DF17AE4E1E,2018-ncaa-d1-natl,ncaa,4,4,3,5,4,2,2,1,3,1,1,7,168,253,27,341,5,8,34,8,293,2,1,10,8,9,342,331,230,10,19,3,132,2,20,5,146,257,41,17,52,151,101,230,,,61,2,,,6,1,52,172,3,3,23,2,4,255,325,26,78,77,26,39,61,44,32,8,69,128,194,,5,,,9,349,349,349,153,344,349,100,346,341,306,203,128,129,147,125,11,349,349,176,122,163,132,289,10,340,132,201,19,297,20,337,111,52,221,215,294,85,332,81,,,21,288,,,6,349,6,168,11,239,290,322,249,307,290,259,18,24,20,298,285,225,19,53,215,178,130,237,,200,,,b'\x11\xe8\xe1I\xca\x00?\xfe\xaf\x82\x12\xdf\x17\xaeN\x1e'
11E8E149-CA00-3FFE-AF82-12DF17AE4E1E,2018-ncaa-d1-ncaatournament,ncaa,1,1,1,1,1,1,1,1,8,1,1,15,2,4,13,58,2,2,11,2,46,1,1,11,10,5,50,47,35,1,8,2,19,1,9,2,28,62,15,10,1,32,8,46,,,62,5,,,6,1,23,5,2,5,7,4,3,35,53,14,24,26,6,11,10,20,8,10,18,29,44,,6,,,9,64,64,64,37,64,64,35,64,63,40,33,62,63,7,63,13,64,64,32,26,29,22,39,8,64,19,63,8,63,9,64,21,3,38,35,62,22,64,36,,,2,30,,,6,64,3,25,9,34,48,52,46,48,41,34,8,17,15,45,44,24,16,14,30,34,24,48,,19,,,b'\x11\xe8\xe1I\xca\x00?\xfe\xaf\x82\x12\xdf\x17\xaeN\x1e'
11E8E149-CA00-3FFE-AF82-12DF17AE4E1E,2019-ncaa-d0-natl,ncaa,2,4,1,4,1,1,1,1,2,1,2,7,159,250,20,345,1,1,40,1,242,1,1,7,6,4,348,346,192,4,4,2,155,2,4,2,67,274,17,5,13,117,5,42,,,125,2,,,4,1,30,328,1,1,7,2,2,273,333,9,18,21,3,13,17,15,4,4,60,84,19,,5,,,4,349,351,351,59,350,351,82,332,349,33,221,123,104,233,95,4,351,351,51,31,59,49,199,14,351,155,212,4,333,4,348,151,22,242,215,280,37,326,59,,,3,247,,,4,351,3,72,4,174,263,344,266,336,191,286,18,15,13,327,314,295,5,45,221,185,84,226,,116,,,b'\x11\xe8\xe1I\xca\x00?\xfe\xaf\x82\x12\xdf\x17\xaeN\x1e'
11E8E149-CA00-3FFE-AF82-12DF17AE4E1E,2019-ncaa-d1-conf-ACC,ncaa,1,1,1,1,3,1,1,1,1,1,1,1,8,13,1,14,1,1,6,1,7,1,1,1,1,1,15,15,9,2,1,1,4,1,1,1,2,6,3,1,2,2,1,1,,,3,1,,,1,1,2,14,1,1,1,1,1,10,14,2,2,2,1,1,2,2,1,1,6,2,1,,2,,,1,8,10,15,2,10,15,4,8,14,1,6,3,3,11,3,1,15,15,3,1,2,4,7,3,13,4,1,1,6,1,8,8,3,8,4,9,5,10,3,,,1,8,,,1,15,1,2,1,3,5,15,8,14,4,10,3,3,2,13,14,12,1,1,6,4,8,6,,2,,,b'\x11\xe8\xe1I\xca\x00?\xfe\xaf\x82\x12\xdf\x17\xaeN\x1e'
11E8E149-CA00-3FFE-AF82-12DF17AE4E1E,2019-ncaa-d1-natl,ncaa,3,4,1,4,4,1,1,1,2,1,2,8,170,271,22,345,1,1,36,1,241,1,1,7,6,4,348,346,187,4,4,3,162,2,4,3,70,250,16,6,22,125,6,42,,,101,2,,,4,1,36,328,1,1,9,2,2,281,334,10,21,23,3,20,22,16,4,4,60,95,19,,5,,,4,346,351,351,66,350,351,87,323,346,36,219,105,86,245,77,3,351,351,56,37,63,44,196,12,350,162,171,4,327,4,346,151,46,253,227,258,43,324,65,,,3,244,,,4,351,3,93,5,185,273,345,277,338,189,288,21,13,12,332,312,297,5,47,231,203,84,233,,115,,,b'\x11\xe8\xe1I\xca\x00?\xfe\xaf\x82\x12\xdf\x17\xaeN\x1e'
11E8E149-CA00-3FFE-AF82-12DF17AE4E1E,2019-ncaa-d1-ncaatournament,ncaa,2,2,1,2,1,2,2,1,12,2,2,24,4,5,13,63,1,2,11,2,36,1,1,20,13,8,54,58,19,1,7,2,18,1,6,2,15,61,8,4,2,32,2,13,,,62,6,,,3,1,22,7,4,3,8,3,2,49,59,8,13,12,6,10,8,8,2,4,10,31,7,,7,,,4,64,64,64,24,64,64,24,64,64,28,40,56,59,14,58,6,64,64,23,21,23,23,40,9,63,18,64,7,63,6,64,24,3,42,45,61,7,64,23,,,2,40,,,3,63,4,25,5,31,42,53,38,46,37,43,9,8,7,44,32,28,12,14,37,41,13,44,,26,,,b'\x11\xe8\xe1I\xca\x00?\xfe\xaf\x82\x12\xdf\x17\xaeN\x1e'
11E8E149-CA00-3FFE-AF82-12DF17AE4E1E,2020-ncaa-d0-natl,ncaa,197,240,33,223,71,113,85,59,135,34,23,140,294,272,316,306,116,107,203,106,248,58,30,223,218,234,325,323,157,155,225,92,339,111,305,44,53,303,235,149,86,163,82,122,,,155,23,,,235,16,36,240,174,121,118,49,36,312,296,156,145,148,109,72,197,151,175,59,275,121,106,,106,,,235,309,318,348,111,297,299,207,302,346,36,302,114,144,53,152,85,347,346,112,84,84,147,250,40,351,339,309,225,346,305,328,270,43,153,209,295,244,350,330,,,92,217,,,235,339,249,176,230,262,287,341,259,254,277,339,87,119,121,333,337,351,255,338,308,71,267,348,,161,,,b'\x11\xe8\xe1I\xca\x00?\xfe\xaf\x82\x12\xdf\x17\xaeN\x1e'
11E8E149-CA00-3FFE-AF82-12DF17AE4E1E,2020-ncaa-d1-conf-ACC,ncaa,10,9,10,10,12,10,10,9,12,8,2,11,13,13,11,13,8,11,5,10,12,9,8,13,12,12,13,13,7,9,12,9,13,10,15,3,1,12,12,6,4,5,8,10,,,4,2,,,12,7,1,5,9,9,3,6,1,12,11,6,10,10,3,2,8,4,5,2,13,3,8,,7,,,12,8,8,9,5,11,8,9,7,12,2,11,6,7,5,8,8,9,12,4,4,4,4,5,6,13,13,12,12,13,15,13,11,6,8,8,11,12,14,14,,,12,12,,,12,11,13,7,12,11,11,15,12,12,7,14,8,9,10,14,15,14,12,14,13,5,12,15,,12,,,b'\x11\xe8\xe1I\xca\x00?\xfe\xaf\x82\x12\xdf\x17\xaeN\x1e'
11E8E149-CA00-3FFE-AF82-12DF17AE4E1E,2020-ncaa-d1-natl,ncaa,214,240,45,236,96,144,99,80,145,42,27,150,304,288,319,306,136,126,201,127,249,80,45,229,227,240,325,324,153,182,234,117,340,140,308,53,55,291,239,154,109,180,94,127,,,135,23,,,255,29,37,230,183,136,124,54,38,312,295,157,149,151,118,77,203,157,188,64,275,127,110,,111,,,253,290,310,344,121,286,284,217,293,342,42,302,104,128,55,138,86,341,343,121,93,93,147,249,39,351,340,292,234,342,308,325,268,60,160,223,290,251,349,333,,,125,214,,,255,326,257,199,247,270,293,343,269,257,281,339,90,120,123,334,336,351,262,339,314,80,269,348,,159,,,b'\x11\xe8\xe1I\xca\x00?\xfe\xaf\x82\x12\xdf\x17\xaeN\x1e'
11E8E149-CA00-3FFE-AF82-12DF17AE4E1E,2021-ncaa-d0-natl,ncaa,174,143,219,157,240,172,150,225,19,107,166,43,218,278,41,288,215,233,112,233,265,233,231,37,39,80,296,272,247,257,197,209,270,231,182,114,95,161,242,114,178,147,140,126,,,97,78,,,162,219,90,224,87,48,188,31,77,220,286,193,221,219,201,163,258,130,203,38,241,119,126,,135,,,162,151,164,155,209,127,106,238,278,267,236,329,68,69,101,70,92,145,134,256,224,241,272,325,22,216,270,75,197,105,182,218,255,215,198,260,125,162,259,256,,,236,205,,,162,120,100,266,166,268,280,296,172,118,326,334,60,72,70,265,275,296,54,146,294,163,177,309,,202,,,b'\x11\xe8\xe1I\xca\x00?\xfe\xaf\x82\x12\xdf\x17\xaeN\x1e'
11E8E149-CA00-3FFE-AF82-12DF17AE4E1E,2021-ncaa-d1-conf-ACC,ncaa,8,6,11,6,12,11,10,13,3,8,10,5,13,13,3,15,11,11,6,11,12,13,12,3,3,6,13,13,10,13,8,10,11,12,8,7,5,13,14,9,5,2,8,4,,,4,4,,,9,12,4,9,6,4,13,4,4,12,15,9,10,10,14,6,12,3,7,3,14,2,5,,8,,,8,5,7,6,6,4,4,10,13,13,8,15,3,4,1,4,6,4,6,10,6,4,13,15,2,11,11,3,8,4,8,9,14,11,7,12,12,14,13,13,,,11,12,,,9,4,7,9,9,9,12,15,5,2,15,15,4,6,6,12,15,15,1,7,14,5,13,14,,11,,,b'\x11\xe8\xe1I\xca\x00?\xfe\xaf\x82\x12\xdf\x17\xaeN\x1e'
11E8E149-CA00-3FFE-AF82-12DF17AE4E1E,2021-ncaa-d1-natl,ncaa,184,143,231,163,248,187,163,239,19,117,182,45,225,281,40,286,225,244,112,244,264,245,245,42,44,81,297,270,246,270,200,227,276,245,188,126,96,149,246,117,194,157,153,127,,,86,78,,,173,227,93,225,89,54,192,34,80,223,287,193,222,221,206,168,266,140,209,39,243,124,129,,137,,,171,143,153,137,218,119,99,245,273,253,242,330,61,61,105,61,94,128,118,261,234,249,271,325,22,206,276,69,200,96,188,208,255,231,209,268,117,167,255,263,,,246,202,,,173,109,109,279,181,273,282,297,178,122,326,334,62,77,73,269,273,299,54,150,298,170,180,310,,204,,,b'\x11\xe8\xe1I\xca\x00?\xfe\xaf\x82\x12\xdf\x17\xaeN\x1e'
11E8E149-CA00-3FFE-AF82-12DF17AE4E1E,2022-ncaa-d0-natl,ncaa,34,49,27,45,30,21,14,23,9,9,17,19,111,131,93,253,122,123,147,123,318,26,26,31,37,37,327,265,315,62,107,25,81,27,62,14,76,262,92,28,42,90,7,12,,,80,8,,,29,23,57,142,22,7,28,7,32,174,214,210,226,227,40,61,122,40,42,14,139,80,10,,19,,,29,301,321,334,114,295,321,93,329,328,244,251,47,48,139,52,13,331,333,140,92,82,138,299,10,280,81,278,107,290,62,278,112,43,130,114,285,121,298,131,,,90,278,,,29,334,34,78,34,160,223,297,179,249,284,271,13,14,15,240,272,168,112,131,155,104,170,231,,209,,,b'\x11\xe8\xe1I\xca\x00?\xfe\xaf\x82\x12\xdf\x17\xaeN\x1e'
11E8E149-CA00-3FFE-AF82-12DF17AE4E1E,2022-ncaa-d1-conf-ACC,ncaa,4,5,4,5,7,3,2,4,3,2,5,2,5,7,7,6,10,10,7,9,10,6,7,4,4,4,13,10,13,12,11,3,5,5,7,1,2,8,6,4,2,4,1,4,,,1,1,,,5,4,4,6,4,3,6,3,6,6,6,9,10,9,8,7,11,3,6,2,8,4,2,,2,,,5,6,11,13,8,8,10,8,14,14,11,14,1,1,5,1,1,9,10,8,5,7,9,15,1,8,5,7,11,7,7,9,7,6,8,8,9,6,6,5,,,8,12,,,5,11,4,6,5,7,10,14,8,10,14,14,1,1,2,10,11,9,9,8,10,7,10,6,,8,,,b'\x11\xe8\xe1I\xca\x00?\xfe\xaf\x82\x12\xdf\x17\xaeN\x1e'
11E8E149-CA00-3FFE-AF82-12DF17AE4E1E,2022-ncaa-d1-natl,ncaa,35,49,32,47,38,25,14,27,11,9,18,23,127,149,95,254,140,146,153,147,317,31,34,33,39,43,326,264,312,77,121,27,89,32,72,16,77,239,100,29,54,103,7,12,,,55,10,,,31,25,59,137,24,8,31,7,35,178,219,211,225,230,46,66,130,45,48,15,141,90,10,,20,,,31,290,318,333,127,283,315,102,323,320,255,247,37,36,150,41,13,327,331,152,101,100,138,298,9,265,89,257,121,269,72,259,114,59,149,131,260,129,293,143,,,106,272,,,31,332,37,95,39,171,237,301,186,249,287,272,13,15,16,241,269,169,116,136,168,119,174,241,,207,,,b'\x11\xe8\xe1I\xca\x00?\xfe\xaf\x82\x12\xdf\x17\xaeN\x1e'
11E8E149-CA00-3FFE-AF82-12DF17AE4E1E,2022-ncaa-d1-ncaatournament,ncaa,9,2,9,9,9,8,7,11,1,7,11,1,9,11,13,35,14,16,34,16,40,12,10,2,2,1,49,37,58,16,19,13,39,13,16,7,37,58,35,15,9,16,8,22,,,58,24,,,5,9,7,5,1,1,26,1,28,15,33,28,35,37,24,20,43,24,32,3,39,10,19,,29,,,3,59,58,57,24,57,58,21,56,54,41,31,62,60,49,62,34,58,59,28,29,25,40,36,38,59,39,46,19,52,16,57,26,9,21,20,60,57,32,10,,,20,56,,,5,60,3,28,4,32,29,45,32,52,33,34,45,40,41,47,55,47,3,12,30,14,55,9,,53,,,b'\x11\xe8\xe1I\xca\x00?\xfe\xaf\x82\x12\xdf\x17\xaeN\x1e'
11E8E149-CA00-3FFE-AF82-12DF17AE4E1E,2023-ncaa-d0-natl,ncaa,22,13,46,18,64,40,37,68,18,11,26,34,264,285,190,336,24,23,206,24,121,48,46,54,47,66,343,341,101,25,12,21,40,21,5,25,54,263,136,57,65,92,16,39,,,170,69,,,15,60,111,261,39,34,97,6,31,305,328,29,29,30,64,71,32,17,11,22,191,92,22,,86,,,13,164,214,325,17,251,342,14,100,167,42,72,97,115,106,121,31,315,304,12,10,20,48,93,98,221,40,86,12,125,5,153,115,147,238,135,275,171,320,200,,,54,149,,,15,307,36,20,11,42,84,287,147,334,50,100,56,62,77,253,216,145,20,24,67,216,202,293,,101,,,b'\x11\xe8\xe1I\xca\x00?\xfe\xaf\x82\x12\xdf\x17\xaeN\x1e'
11E8E149-CA00-3FFE-AF82-12DF17AE4E1E,2023-ncaa-d1-conf-ACC,ncaa,2,1,4,2,6,4,3,6,3,1,2,2,14,15,11,15,2,2,10,2,5,5,4,3,5,4,15,15,5,3,2,3,4,1,1,2,2,10,8,4,3,3,2,2,,,3,3,,,1,9,9,6,5,4,8,1,2,15,15,2,2,2,5,6,2,2,2,1,10,3,3,,2,,,1,2,3,11,1,7,12,3,3,7,2,7,1,1,12,1,1,8,8,1,1,2,4,5,5,8,4,3,2,5,1,3,5,9,9,4,13,11,12,11,,,6,8,,,1,7,4,2,1,2,3,10,5,10,4,7,1,1,1,8,7,7,4,5,3,9,12,12,,6,,,b'\x11\xe8\xe1I\xca\x00?\xfe\xaf\x82\x12\xdf\x17\xaeN\x1e'
11E8E149-CA00-3FFE-AF82-12DF17AE4E1E,2023-ncaa-d1-natl,ncaa,22,13,56,18,78,45,40,78,18,12,30,35,275,305,191,336,28,25,204,27,116,61,56,59,50,73,341,340,98,32,14,23,42,24,5,26,58,240,139,63,79,104,17,40,,,144,69,,,17,74,118,254,42,35,107,6,33,307,330,29,30,30,70,77,38,19,11,24,190,104,22,,87,,,13,125,180,315,19,227,341,14,83,142,43,70,79,100,112,108,30,304,287,13,11,20,46,90,99,206,42,58,14,89,5,129,116,181,251,157,257,176,314,208,,,65,146,,,17,292,37,22,12,49,89,290,153,336,55,98,56,69,77,256,213,150,20,25,74,223,207,298,,104,,,b'\x11\xe8\xe1I\xca\x00?\xfe\xaf\x82\x12\xdf\x17\xaeN\x1e'
11E8E149-CA00-3FFE-AF82-12DF17AE4E1E,2023-ncaa-d1-ncaatournament,ncaa,9,2,9,9,10,15,13,15,19,11,10,20,47,31,61,67,16,9,60,9,27,13,11,34,37,45,65,65,33,4,2,9,13,7,2,13,16,61,54,37,14,28,7,11,,,60,53,,,20,13,29,7,32,18,32,5,10,65,63,34,16,16,25,15,7,7,3,12,56,30,11,,50,,,20,56,54,56,9,55,58,12,45,51,21,28,56,61,14,61,47,59,55,8,6,11,38,30,52,48,13,49,2,50,2,55,31,21,50,26,59,44,62,33,,,13,49,,,20,56,37,11,18,13,12,29,17,37,22,28,35,47,48,37,24,23,5,5,20,50,48,43,,37,,,b'\x11\xe8\xe1I\xca\x00?\xfe\xaf\x82\x12\xdf\x17\xaeN\x1e'
11E8E149-CA00-3FFE-AF82-12DF17AE4E1E,2024-ncaa-d0-natl,ncaa,16,30,13,31,18,11,10,11,26,6,6,62,133,201,39,325,20,41,35,40,277,11,11,49,43,30,314,296,189,35,78,26,131,18,65,25,165,186,33,30,6,13,22,33,,,271,62,,,9,13,41,140,18,12,19,6,10,197,281,52,97,93,21,43,88,61,43,35,78,11,26,,131,,,8,262,300,338,58,321,344,79,170,261,25,135,119,140,70,137,30,334,348,46,24,9,44,114,57,312,131,302,78,322,65,227,96,9,47,28,255,88,353,222,,,50,244,,,9,348,27,11,10,88,147,257,207,295,72,154,48,56,55,223,299,207,122,148,107,27,129,338,,148,,,b'\x11\xe8\xe1I\xca\x00?\xfe\xaf\x82\x12\xdf\x17\xaeN\x1e'
11E8E149-CA00-3FFE-AF82-12DF17AE4E1E,2024-ncaa-d1-conf-ACC,ncaa,1,1,1,1,3,2,2,3,4,1,1,8,8,11,1,14,1,1,1,1,7,2,2,5,4,3,9,12,2,4,9,3,10,3,8,2,8,8,5,4,1,2,1,3,,,9,5,,,1,2,4,7,2,2,5,2,2,10,12,1,2,2,3,4,6,5,5,3,6,2,2,,6,,,1,7,9,13,4,11,13,6,6,9,1,10,5,7,1,7,5,13,14,3,2,1,5,5,5,14,10,12,9,13,8,6,7,2,2,2,10,4,15,13,,,3,5,,,1,14,3,2,1,3,4,13,6,11,4,8,4,6,5,11,13,11,9,12,5,2,8,15,,6,,,b'\x11\xe8\xe1I\xca\x00?\xfe\xaf\x82\x12\xdf\x17\xaeN\x1e'
11E8E149-CA00-3FFE-AF82-12DF17AE4E1E,2024-ncaa-d1-natl,ncaa,18,30,16,31,23,13,11,15,26,6,8,72,153,231,41,325,31,54,36,54,278,14,15,53,46,32,315,299,192,49,91,31,139,21,80,27,175,163,33,33,8,18,23,34,,,250,64,,,10,16,44,141,18,13,22,6,10,203,285,53,95,90,24,48,101,68,51,39,78,13,27,,132,,,9,254,288,334,72,316,342,89,149,244,29,135,102,125,73,124,33,325,346,54,35,16,40,110,56,298,139,281,91,304,80,210,97,12,57,35,232,89,355,233,,,60,239,,,10,347,29,22,12,98,169,265,224,299,79,159,52,64,62,232,299,217,135,163,117,34,138,341,,148,,,b'\x11\xe8\xe1I\xca\x00?\xfe\xaf\x82\x12\xdf\x17\xaeN\x1e'
11E8E149-CA00-3FFE-AF82-12DF17AE4E1E,2024-ncaa-d1-ncaatournament,ncaa,9,3,9,9,10,13,10,12,17,7,8,25,22,23,18,61,23,26,14,26,58,14,14,21,23,12,58,52,50,23,53,18,45,16,56,11,29,41,9,3,7,8,17,30,,,54,23,,,12,14,28,5,16,8,19,5,6,44,59,43,51,52,27,46,52,50,59,12,10,8,32,,21,,,11,55,56,55,42,61,56,38,51,50,32,24,46,44,40,44,16,54,57,40,37,13,14,23,22,55,45,60,53,59,56,58,27,3,4,7,37,6,44,11,,,18,47,,,12,57,17,9,10,17,25,20,42,37,18,15,15,15,15,11,37,33,41,36,27,2,5,18,,54,,,b'\x11\xe8\xe1I\xca\x00?\xfe\xaf\x82\x12\xdf\x17\xaeN\x1e'
11E8E149-CA00-3FFE-AF82-12DF17AE4E1E,2025-ncaa-d0-natl,genius_ncaa,13,18,29,20,36,9,6,18,4,5,6,24,50,148,1,291,63,104,25,98,332,21,18,12,13,8,306,236,321,50,51,13,62,16,16,17,193,197,48,30,9,22,11,16,,,199,22,,309,4,15,12,62,6,2,9,3,7,80,208,108,185,170,13,18,87,4,7,18,97,12,11,,90,,265,2,245,268,346,14,295,348,21,166,285,16,122,170,126,335,122,24,343,348,9,8,15,78,113,121,298,62,222,51,266,16,101,21,30,93,23,138,29,186,26,,,155,355,,271,4,348,7,10,4,98,133,338,183,340,89,192,99,68,65,314,344,220,75,119,39,52,79,118,,288,,301,b'\x11\xe8\xe1I\xca\x00?\xfe\xaf\x82\x12\xdf\x17\xaeN\x1e'
11E8E149-CA00-3FFE-AF82-12DF17AE4E1E,2025-ncaa-d1-conf-ACC,genius_ncaa,3,1,4,2,4,2,2,5,1,1,3,2,7,11,2,16,5,7,1,6,13,5,5,1,1,1,17,17,11,5,4,2,4,2,1,3,11,14,7,5,2,2,4,3,,,9,5,,11,1,3,2,3,1,1,3,1,2,7,13,5,7,7,3,3,6,1,1,2,12,1,3,,8,,10,1,2,2,15,1,7,16,1,2,11,1,9,8,8,15,7,6,15,17,1,1,2,7,7,12,15,4,5,4,7,1,2,5,2,3,2,11,6,2,2,,,12,17,,12,1,17,1,2,1,2,3,15,4,15,2,11,9,8,7,14,17,13,3,5,2,2,10,2,,14,,13,b'\x11\xe8\xe1I\xca\x00?\xfe\xaf\x82\x12\xdf\x17\xaeN\x1e'
11E8E149-CA00-3FFE-AF82-12DF17AE4E1E,2025-ncaa-d1-natl,genius_ncaa,19,18,43,21,49,10,7,18,6,6,6,27,63,166,1,290,71,130,25,119,332,21,19,12,14,9,306,239,318,58,63,15,66,17,17,21,199,167,51,30,12,22,12,16,,,178,24,,304,4,20,12,59,6,2,9,4,7,84,210,108,182,170,14,18,97,6,8,20,101,13,11,,91,,269,2,222,252,343,16,289,346,23,152,265,18,115,155,110,338,108,24,339,344,9,8,17,77,113,120,284,66,193,63,238,17,83,21,40,104,28,120,30,171,26,,,185,354,,276,4,345,7,17,4,110,141,341,196,342,92,192,101,70,68,315,344,229,77,121,41,57,84,121,,290,,302,b'\x11\xe8\xe1I\xca\x00?\xfe\xaf\x82\x12\xdf\x17\xaeN\x1e'
11E8E149-CA00-3FFE-AF82-12DF17AE4E1E,2025-ncaa-d1-ncaatournament,genius_ncaa,9,2,9,9,11,9,8,11,13,7,9,14,19,15,37,58,10,13,19,13,39,12,13,21,18,4,62,57,40,12,12,15,30,16,14,10,28,38,7,2,6,4,9,5,,,57,47,,44,6,14,33,7,6,6,12,3,6,42,48,19,24,22,13,24,16,39,27,12,8,5,6,,37,,33,2,55,52,53,23,50,53,12,50,48,43,31,60,59,52,55,42,53,54,22,27,15,48,33,59,50,30,53,12,53,14,40,7,7,6,2,32,7,59,28,,,13,49,,54,6,54,4,13,2,9,8,7,8,17,30,20,44,40,39,7,22,25,16,13,3,7,8,48,,36,,61,b'\x11\xe8\xe1I\xca\x00?\xfe\xaf\x82\x12\xdf\x17\xaeN\x1e'
11E8E149-CA00-3FFE-AF82-12DF17AE4E1E,2026-ncaa-d0-natl,genius_ncaa,55,39,116,52,142,56,48,88,19,34,66,25,124,168,97,253,92,144,9,144,281,97,129,35,24,19,322,283,252,154,144,150,91,150,114,102,317,76,28,48,3,4,95,95,,,115,35,,36,32,126,40,97,16,17,29,10,27,141,187,83,175,172,40,94,187,186,172,89,37,4,92,,58,,24,31,155,178,178,180,199,212,157,138,139,169,136,88,105,84,103,70,165,232,166,137,46,80,145,80,94,91,168,144,137,114,94,47,32,13,14,109,74,229,133,,,199,308,,268,32,254,23,36,30,93,134,119,171,189,94,89,55,67,66,83,267,55,100,67,58,14,83,217,,263,,286,b'\x11\xe8\xe1I\xca\x00?\xfe\xaf\x82\x12\xdf\x17\xaeN\x1e'
11E8E149-CA00-3FFE-AF82-12DF17AE4E1E,2026-ncaa-d1-conf-ACC,genius_ncaa,1,1,1,1,1,1,1,1,1,1,3,2,3,4,2,5,7,9,2,9,9,3,5,1,1,1,8,5,8,8,6,2,3,3,3,2,6,2,2,1,3,5,5,6,,,5,5,,1,1,4,3,1,1,1,1,1,3,3,4,7,9,9,3,5,8,2,3,2,2,3,5,,5,,1,1,4,3,9,3,3,10,2,1,4,2,4,6,8,3,8,6,10,9,3,2,2,4,2,7,4,3,3,6,4,3,3,4,5,8,4,1,1,3,3,,,8,9,,2,1,9,2,2,1,4,3,9,3,10,1,4,6,8,8,10,9,4,3,4,3,5,1,3,,8,,2,b'\x11\xe8\xe1I\xca\x00?\xfe\xaf\x82\x12\xdf\x17\xaeN\x1e'
11E8E149-CA00-3FFE-AF82-12DF17AE4E1E,2026-ncaa-d1-natl,genius_ncaa,74,39,177,59,197,75,60,140,20,40,102,29,171,225,107,254,127,199,7,197,293,146,195,38,26,21,324,281,239,220,181,232,105,234,140,151,330,38,36,58,8,5,121,112,,,59,38,,28,35,187,49,100,17,19,42,10,35,160,204,87,186,183,55,117,213,215,211,110,45,4,104,,69,,27,32,102,140,117,223,160,155,190,97,81,197,129,56,60,100,59,73,99,170,198,167,64,68,151,73,53,105,105,181,86,140,63,49,52,18,20,76,75,208,157,,,260,300,,284,35,194,24,51,31,114,179,131,209,198,109,92,66,74,76,97,264,66,117,77,65,16,81,234,,257,,285,b'\x11\xe8\xe1I\xca\x00?\xfe\xaf\x82\x12\xdf\x17\xaeN\x1e'
11E8E149-CA04-B304-AF82-12DF17AE4E1E,2010-ncaa-d0-natl,ncaa,159,101,288,140,303,191,165,236,58,85,105,96,313,323,184,322,183,233,47,238,307,242,291,128,115,74,325,320,184,273,243,218,8,256,82,38,5,7,39,6,238,167,234,201,,,13,47,,,85,289,135,172,86,60,92,19,15,304,318,117,176,183,110,192,229,111,178,7,35,186,217,,40,,,78,36,56,43,218,97,41,286,82,123,63,246,40,15,344,14,54,18,32,212,231,172,99,154,96,1,8,79,243,11,82,75,159,208,89,134,49,125,152,120,,,288,219,,,85,69,88,95,74,130,176,123,191,106,135,201,91,41,38,76,103,9,205,59,166,118,123,204,,221,,,b'\x11\xe8\xe1I\xca\x04\xb3\x04\xaf\x82\x12\xdf\x17\xaeN\x1e'
11E8E149-CA04-B304-AF82-12DF17AE4E1E,2010-ncaa-d1-conf-Summit League,ncaa,3,3,5,3,8,4,4,4,3,1,1,4,8,10,5,10,3,4,3,4,9,4,5,5,4,3,10,10,3,5,4,2,1,5,1,2,1,1,1,1,7,7,6,5,,,1,1,,,3,6,4,8,3,3,2,1,1,8,10,3,3,3,2,5,5,1,2,1,1,6,7,,1,,,3,1,1,4,1,3,4,3,3,6,1,7,1,1,10,1,1,1,3,2,1,2,3,4,1,1,1,3,4,1,1,2,3,3,3,2,5,5,5,4,,,6,7,,,3,6,3,2,3,1,2,5,4,4,3,6,1,1,1,2,3,1,5,2,3,3,5,7,,7,,,b'\x11\xe8\xe1I\xca\x04\xb3\x04\xaf\x82\x12\xdf\x17\xaeN\x1e'
11E8E149-CA04-B304-AF82-12DF17AE4E1E,2010-ncaa-d1-natl,ncaa,132,100,191,117,227,133,91,152,48,42,46,79,312,326,172,325,153,196,49,201,315,164,226,109,101,58,334,328,195,227,199,168,7,195,64,9,4,11,27,3,185,141,187,159,,,13,24,,,56,222,148,186,74,41,86,12,13,309,321,114,169,176,102,187,201,110,154,3,24,165,180,,24,,,52,54,93,82,195,132,76,267,102,165,50,252,41,15,340,12,38,44,74,186,187,123,92,158,80,2,7,115,199,18,64,93,143,134,55,87,56,104,184,114,,,240,210,,,56,133,61,57,48,83,139,103,168,93,115,193,59,28,26,51,90,9,178,43,132,96,97,208,,213,,,b'\x11\xe8\xe1I\xca\x04\xb3\x04\xaf\x82\x12\xdf\x17\xaeN\x1e'
11E8E149-CA04-B304-AF82-12DF17AE4E1E,2011-ncaa-d0-natl,ncaa,99,83,119,101,121,136,112,147,94,85,104,110,213,244,126,239,179,239,53,239,309,158,199,112,110,81,274,242,233,294,312,61,14,143,130,36,13,51,65,18,190,186,34,29,,,11,7,,,89,153,237,13,143,103,160,76,108,220,251,204,266,267,194,266,310,30,166,22,43,202,24,,5,,,88,99,173,248,84,137,211,80,239,248,181,269,7,5,289,4,4,165,150,109,68,105,122,285,11,58,14,242,312,153,130,184,210,208,218,222,74,94,160,116,,,238,246,,,89,191,126,71,89,89,153,242,124,196,248,254,9,5,4,136,99,35,227,136,185,239,69,152,,274,,,b'\x11\xe8\xe1I\xca\x04\xb3\x04\xaf\x82\x12\xdf\x17\xaeN\x1e'
11E8E149-CA04-B304-AF82-12DF17AE4E1E,2011-ncaa-d1-conf-Summit League,ncaa,3,4,1,4,1,4,3,2,5,2,3,5,5,5,3,8,6,6,4,7,9,2,4,5,5,5,7,6,6,4,6,2,2,3,5,1,1,3,2,1,4,6,1,2,,,2,1,,,4,3,10,1,6,4,5,3,5,5,8,7,9,9,6,8,6,3,5,1,2,7,2,,1,,,4,2,5,9,1,3,7,1,9,9,4,9,1,1,4,1,1,7,7,2,1,2,6,9,2,7,2,9,6,8,5,7,6,4,6,5,1,1,6,4,,,6,7,,,4,8,5,2,4,2,2,6,1,4,5,9,1,1,1,3,3,6,6,5,3,6,1,3,,9,,,b'\x11\xe8\xe1I\xca\x04\xb3\x04\xaf\x82\x12\xdf\x17\xaeN\x1e'
11E8E149-CA04-B304-AF82-12DF17AE4E1E,2011-ncaa-d1-natl,ncaa,90,82,95,95,97,117,93,119,85,77,85,107,213,233,128,245,159,215,43,217,304,133,173,115,106,75,276,246,219,290,310,49,14,126,124,26,13,55,60,17,160,167,29,28,,,14,7,,,77,126,229,15,136,91,156,68,105,221,254,185,255,258,189,262,310,32,173,17,43,185,24,,5,,,76,109,188,269,80,143,219,83,261,272,182,280,6,4,282,4,4,182,179,106,63,97,128,295,7,51,14,254,310,170,124,209,214,171,182,205,85,95,200,141,,,225,228,,,77,219,124,57,78,82,150,233,111,182,254,259,6,4,4,129,96,33,227,131,187,210,72,187,,270,,,b'\x11\xe8\xe1I\xca\x04\xb3\x04\xaf\x82\x12\xdf\x17\xaeN\x1e'
11E8E149-CA04-B304-AF82-12DF17AE4E1E,2012-ncaa-d0-natl,ncaa,252,202,318,246,322,312,306,322,223,238,234,230,324,322,306,287,279,308,75,306,283,325,332,269,257,241,302,307,124,333,319,218,34,296,186,201,21,22,154,89,299,246,45,20,,,3,7,,,225,329,248,37,279,248,237,138,117,319,300,219,256,248,254,278,310,50,191,91,102,262,21,,5,,,230,21,52,59,139,39,48,141,191,182,209,293,5,2,300,3,9,27,10,171,125,208,160,303,16,11,34,72,319,27,186,84,186,331,300,292,32,146,273,305,,,329,248,,,225,16,271,177,236,146,207,256,156,179,274,289,15,9,9,166,88,79,255,180,216,305,106,325,,298,,,b'\x11\xe8\xe1I\xca\x04\xb3\x04\xaf\x82\x12\xdf\x17\xaeN\x1e'
11E8E149-CA04-B304-AF82-12DF17AE4E1E,2012-ncaa-d1-conf-Summit League,ncaa,5,4,4,5,5,7,7,7,5,6,3,7,7,7,7,7,6,6,8,5,5,7,6,6,7,6,7,8,4,7,6,3,3,3,4,5,1,2,6,4,6,5,1,1,,,1,1,,,5,7,8,3,7,7,7,4,3,8,7,6,5,5,7,7,6,4,4,4,3,6,1,,1,,,5,2,5,5,6,4,5,5,7,6,7,7,1,1,2,1,1,3,2,6,2,5,3,7,1,3,3,3,6,4,4,4,3,7,7,7,3,4,5,5,,,8,7,,,5,2,6,5,6,3,7,7,5,6,7,7,1,1,1,4,2,4,3,4,4,7,3,6,,8,,,b'\x11\xe8\xe1I\xca\x04\xb3\x04\xaf\x82\x12\xdf\x17\xaeN\x1e'
11E8E149-CA04-B304-AF82-12DF17AE4E1E,2012-ncaa-d1-natl,ncaa,254,201,325,248,327,310,293,323,202,214,227,211,326,322,308,291,283,306,84,302,288,319,333,256,254,231,313,316,139,334,321,194,27,296,173,194,26,26,150,83,284,226,47,21,,,2,5,,,211,329,247,39,275,232,241,124,109,323,309,228,259,250,256,281,319,45,192,97,99,250,22,,3,,,215,22,53,58,131,41,42,118,203,197,210,293,4,3,282,3,9,24,7,159,109,186,168,306,14,9,27,82,321,27,173,80,181,328,281,283,35,140,283,302,,,330,259,,,211,16,268,153,218,124,189,232,137,167,268,280,14,8,8,150,78,47,252,159,203,296,96,324,,306,,,b'\x11\xe8\xe1I\xca\x04\xb3\x04\xaf\x82\x12\xdf\x17\xaeN\x1e'
11E8E149-CA04-B304-AF82-12DF17AE4E1E,2013-ncaa-d0-natl,ncaa,304,265,327,301,327,327,318,322,267,327,314,281,177,200,108,92,344,340,307,340,319,328,336,226,271,262,122,51,325,334,332,306,90,333,297,225,38,38,181,127,255,182,214,163,,,2,7,,,306,333,242,17,289,264,234,285,262,112,124,336,324,327,278,282,321,200,298,138,141,195,168,,7,,,310,63,141,56,293,96,37,273,256,197,317,299,5,2,345,2,7,22,8,310,293,310,163,307,4,16,90,126,332,48,297,174,215,324,261,308,44,184,273,336,,,345,337,,,306,20,292,283,303,250,293,272,254,164,317,292,19,7,7,163,117,63,309,231,286,273,138,323,,342,,,b'\x11\xe8\xe1I\xca\x04\xb3\x04\xaf\x82\x12\xdf\x17\xaeN\x1e'
11E8E149-CA04-B304-AF82-12DF17AE4E1E,2013-ncaa-d1-conf-Summit League,ncaa,9,9,5,9,6,7,7,6,9,5,6,7,5,4,8,4,9,8,9,8,8,7,6,8,9,8,6,3,9,6,6,5,7,5,7,4,4,5,7,5,4,4,4,4,,,2,1,,,8,6,3,3,8,5,3,6,4,4,4,9,9,8,6,4,6,6,6,4,6,4,2,,1,,,8,7,7,7,7,7,6,6,9,6,6,6,2,1,9,1,1,5,4,7,7,7,4,7,2,7,7,8,6,8,7,8,7,5,5,7,5,6,9,9,,,9,9,,,8,4,8,7,8,7,7,9,7,8,9,7,2,1,1,8,8,7,8,8,9,5,5,9,,9,,,b'\x11\xe8\xe1I\xca\x04\xb3\x04\xaf\x82\x12\xdf\x17\xaeN\x1e'
11E8E149-CA04-B304-AF82-12DF17AE4E1E,2013-ncaa-d1-natl,ncaa,281,265,292,282,292,303,273,289,232,291,283,256,166,190,106,110,339,333,297,333,324,308,318,209,253,250,160,74,326,329,331,252,69,317,275,182,47,58,178,123,216,166,175,138,,,2,7,,,294,305,235,18,284,246,222,259,249,124,144,336,325,326,274,276,314,170,276,126,137,186,149,,5,,,297,114,199,129,271,140,61,268,282,244,268,307,5,3,345,3,6,52,35,295,264,278,141,305,4,18,69,201,331,90,275,212,205,298,248,291,80,174,308,334,,,343,338,,,294,49,287,253,284,224,286,264,238,145,306,298,13,6,6,151,116,55,292,210,270,261,132,324,,342,,,b'\x11\xe8\xe1I\xca\x04\xb3\x04\xaf\x82\x12\xdf\x17\xaeN\x1e'
11E8E149-CA04-B304-AF82-12DF17AE4E1E,2014-ncaa-d0-natl,ncaa,239,205,297,236,323,234,227,172,280,274,273,218,82,56,247,44,308,296,273,295,228,201,248,230,263,207,78,57,305,171,192,233,94,211,189,149,75,21,47,48,216,174,87,67,,,57,115,,,223,266,82,270,140,124,30,220,221,52,30,276,256,254,47,81,102,100,86,70,72,162,61,,129,,,226,140,188,110,292,174,98,292,220,175,270,233,51,74,32,74,116,88,59,303,269,298,128,248,41,52,94,234,192,155,189,252,274,302,266,310,59,109,116,202,,,330,341,,,223,73,184,275,230,282,310,277,280,225,287,260,102,138,140,259,213,126,325,283,315,246,138,187,,304,,,b'\x11\xe8\xe1I\xca\x04\xb3\x04\xaf\x82\x12\xdf\x17\xaeN\x1e'
11E8E149-CA04-B304-AF82-12DF17AE4E1E,2014-ncaa-d1-conf-Horizon,ncaa,6,6,6,6,6,6,6,3,8,5,4,8,6,6,6,5,6,6,6,6,6,3,3,8,8,7,5,5,6,3,3,4,1,3,3,4,3,3,3,1,4,4,1,1,,,4,6,,,5,6,3,3,3,4,2,4,4,5,4,5,6,6,2,3,2,2,1,2,3,4,1,,7,,,5,2,2,4,5,5,7,3,2,1,3,1,4,5,1,6,3,4,2,4,3,4,1,2,7,2,1,7,3,5,3,3,5,6,6,4,3,3,4,4,,,8,9,,,5,2,6,4,5,4,4,6,6,8,2,1,5,7,8,6,5,3,7,6,5,6,3,5,,8,,,b'\x11\xe8\xe1I\xca\x04\xb3\x04\xaf\x82\x12\xdf\x17\xaeN\x1e'
11E8E149-CA04-B304-AF82-12DF17AE4E1E,2014-ncaa-d1-natl,ncaa,211,204,211,214,288,167,155,93,263,221,229,178,65,39,248,44,279,268,255,264,233,126,163,213,250,180,88,58,308,122,178,187,87,145,171,97,74,37,38,37,134,100,82,75,,,81,90,,,178,190,80,273,102,91,25,193,206,51,28,271,256,251,35,73,84,103,71,50,67,101,68,,111,,,178,178,230,168,281,219,138,290,230,215,224,240,60,92,33,88,111,141,126,285,248,253,118,240,43,72,87,288,178,210,171,264,263,214,215,274,79,88,127,181,,,313,341,,,178,151,152,224,192,256,288,260,263,209,268,257,86,118,115,233,213,108,323,278,297,192,122,162,,299,,,b'\x11\xe8\xe1I\xca\x04\xb3\x04\xaf\x82\x12\xdf\x17\xaeN\x1e'
11E8E149-CA04-B304-AF82-12DF17AE4E1E,2015-ncaa-d0-natl,ncaa,253,238,283,252,304,221,193,108,283,251,243,233,72,32,256,31,334,320,323,315,287,146,205,247,285,224,105,35,341,180,272,169,88,176,260,134,85,27,32,60,188,167,253,239,,,121,158,,,259,217,25,166,131,89,6,210,170,40,13,331,298,289,19,36,116,46,57,72,63,144,225,,225,,,265,207,210,144,278,218,99,318,197,233,89,268,173,161,193,162,218,136,111,277,269,298,147,192,146,81,88,322,272,271,260,197,170,257,248,269,31,51,265,298,,,336,346,,,259,131,219,274,265,318,314,311,311,224,266,310,238,235,233,313,301,165,346,340,291,214,81,315,,321,,,b'\x11\xe8\xe1I\xca\x04\xb3\x04\xaf\x82\x12\xdf\x17\xaeN\x1e'
11E8E149-CA04-B304-AF82-12DF17AE4E1E,2015-ncaa-d1-conf-Horizon,ncaa,6,6,6,6,7,6,4,2,8,5,4,7,6,3,8,4,8,8,8,8,7,3,6,7,7,7,7,3,8,5,7,5,3,5,8,4,3,3,2,4,4,4,6,6,,,5,5,,,7,4,1,3,5,2,1,3,4,5,1,8,8,8,2,2,2,4,3,2,3,3,5,,7,,,7,5,5,4,7,8,5,7,2,3,4,2,6,5,5,5,4,4,5,7,6,7,1,2,5,2,3,9,7,8,8,6,6,5,3,4,3,3,8,8,,,8,9,,,7,5,7,6,7,8,7,7,9,8,3,5,6,6,6,7,8,6,9,9,9,3,3,8,,8,,,b'\x11\xe8\xe1I\xca\x04\xb3\x04\xaf\x82\x12\xdf\x17\xaeN\x1e'
11E8E149-CA04-B304-AF82-12DF17AE4E1E,2015-ncaa-d1-natl,ncaa,243,238,209,247,248,149,124,54,265,199,188,208,54,22,227,37,308,276,316,271,268,73,115,219,265,193,103,40,335,127,253,97,83,106,230,81,69,33,29,41,132,143,232,224,,,174,149,,,216,130,21,174,90,63,6,170,160,37,13,307,268,261,16,28,93,35,32,41,61,110,218,,221,,,217,253,251,218,242,233,129,305,249,306,63,292,199,203,182,201,224,220,204,245,242,252,187,226,146,139,83,333,253,316,230,228,173,195,226,237,46,44,280,289,,,313,344,,,216,216,182,242,218,300,307,314,289,181,277,321,232,234,231,311,307,181,345,338,270,166,73,309,,306,,,b'\x11\xe8\xe1I\xca\x04\xb3\x04\xaf\x82\x12\xdf\x17\xaeN\x1e'
11E8E149-CA04-B304-AF82-12DF17AE4E1E,2016-ncaa-d0-natl,ncaa,196,156,287,192,294,122,104,146,73,136,222,53,84,83,126,73,242,223,253,217,192,164,187,68,90,74,151,98,303,296,299,154,154,226,257,114,153,56,74,70,102,86,207,218,,,123,127,,,197,141,7,93,34,29,24,65,131,44,41,198,174,169,25,31,269,36,123,48,154,45,168,,229,,,200,269,274,237,256,203,188,221,310,264,332,266,144,138,142,135,138,220,187,292,267,295,252,304,78,173,154,237,299,210,257,256,195,253,274,290,118,139,93,113,,,312,333,,,197,190,123,285,207,335,333,340,293,301,339,318,215,218,221,341,336,269,326,319,317,194,200,151,,277,,,b'\x11\xe8\xe1I\xca\x04\xb3\x04\xaf\x82\x12\xdf\x17\xaeN\x1e'
11E8E149-CA04-B304-AF82-12DF17AE4E1E,2016-ncaa-d1-conf-Horizon,ncaa,7,7,7,7,8,3,2,2,6,2,3,4,7,4,8,7,7,6,6,6,9,2,2,7,7,7,8,7,9,7,7,2,5,5,8,6,8,5,4,6,3,3,3,6,,,7,4,,,7,2,1,2,2,1,1,2,3,5,4,6,6,6,2,1,7,2,3,3,6,3,3,,8,,,7,9,8,7,9,6,8,4,9,4,10,2,7,6,5,6,3,8,8,9,9,8,6,7,4,6,5,9,7,8,8,8,4,5,6,6,5,4,5,4,,,10,10,,,7,9,7,8,7,10,10,9,9,10,10,6,9,9,8,10,10,9,10,10,9,4,5,6,,10,,,b'\x11\xe8\xe1I\xca\x04\xb3\x04\xaf\x82\x12\xdf\x17\xaeN\x1e'
11E8E149-CA04-B304-AF82-12DF17AE4E1E,2016-ncaa-d1-natl,ncaa,174,156,218,169,238,79,63,74,57,92,175,36,48,51,104,68,238,225,253,214,223,95,120,46,70,61,154,86,324,259,290,95,126,160,223,60,118,92,65,48,57,74,168,199,,,150,98,,,149,72,7,101,21,21,16,51,122,36,31,219,204,194,20,23,237,27,98,20,146,35,155,,202,,,145,289,295,283,227,225,230,193,331,296,329,274,148,147,138,144,116,268,257,269,242,268,262,314,67,205,126,279,290,274,223,285,209,185,230,258,145,129,99,100,,,292,340,,,149,263,92,255,162,324,323,336,276,294,340,318,181,186,187,337,336,260,321,311,309,146,194,133,,287,,,b'\x11\xe8\xe1I\xca\x04\xb3\x04\xaf\x82\x12\xdf\x17\xaeN\x1e'
11E8E149-CA04-B304-AF82-12DF17AE4E1E,2017-ncaa-d0-natl,ncaa,150,97,291,125,298,119,106,126,112,150,206,84,69,60,140,63,243,241,201,240,222,141,179,87,99,84,124,74,298,168,172,251,108,218,182,220,312,58,61,152,43,25,277,269,,,116,157,,,104,184,14,96,27,28,13,79,133,31,25,193,188,181,14,18,88,147,110,176,144,20,268,,217,,,99,142,144,100,244,148,92,265,167,165,184,224,169,125,329,116,175,83,129,250,277,202,186,184,188,48,108,183,172,102,182,116,143,118,68,96,69,74,53,85,,,320,341,,,104,160,78,171,105,267,267,239,251,192,233,240,240,195,190,237,309,116,302,234,200,47,132,96,,286,,,b'\x11\xe8\xe1I\xca\x04\xb3\x04\xaf\x82\x12\xdf\x17\xaeN\x1e'
11E8E149-CA04-B304-AF82-12DF17AE4E1E,2017-ncaa-d1-conf-Horizon,ncaa,4,3,7,4,9,4,4,2,4,5,3,4,5,4,4,6,4,3,6,3,5,2,4,4,4,4,5,6,6,5,5,7,3,5,5,6,9,5,5,7,3,2,6,8,,,7,4,,,3,3,1,6,1,1,1,2,3,3,3,3,3,3,1,1,4,4,3,5,7,1,6,,7,,,3,4,4,5,6,7,8,6,2,2,3,2,7,5,10,5,5,5,7,4,5,4,4,3,8,3,3,4,5,4,5,3,3,4,4,3,4,4,5,5,,,10,10,,,3,8,3,4,3,5,6,6,8,8,4,3,8,5,5,6,10,3,6,4,4,3,5,7,,9,,,b'\x11\xe8\xe1I\xca\x04\xb3\x04\xaf\x82\x12\xdf\x17\xaeN\x1e'
11E8E149-CA04-B304-AF82-12DF17AE4E1E,2017-ncaa-d1-natl,ncaa,130,97,217,115,244,67,60,60,89,92,157,64,54,37,140,68,204,189,228,186,209,70,96,75,90,67,144,81,306,100,114,166,79,135,121,178,315,71,45,123,26,16,273,271,,,164,140,,,47,94,11,101,19,17,9,47,105,32,25,172,153,152,10,13,58,108,59,151,119,10,274,,209,,,40,158,154,145,189,146,112,232,190,212,135,249,179,143,314,134,174,132,194,196,220,142,209,199,188,51,79,235,114,147,121,137,160,68,49,70,81,60,49,58,,,282,336,,,47,237,58,103,57,230,216,219,206,157,228,253,218,179,176,205,305,92,279,222,180,36,117,69,,268,,,b'\x11\xe8\xe1I\xca\x04\xb3\x04\xaf\x82\x12\xdf\x17\xaeN\x1e'
11E8E149-CA04-B304-AF82-12DF17AE4E1E,2018-ncaa-d0-natl,ncaa,185,189,164,195,208,119,136,90,225,188,143,268,67,74,75,113,181,130,313,134,149,91,89,179,210,175,75,67,235,137,234,173,174,159,249,120,131,147,102,127,40,46,161,146,,,328,318,,,171,83,20,205,83,104,36,182,122,57,63,168,112,116,38,32,111,163,133,101,177,25,152,,336,,,171,237,172,145,214,218,126,303,85,176,20,166,340,335,261,332,329,198,254,178,248,151,202,50,333,157,174,313,234,287,249,252,303,46,52,102,199,152,248,221,,,166,230,,,171,271,184,138,168,261,195,150,233,141,103,201,339,331,328,243,317,175,331,304,270,32,207,258,,138,,,b'\x11\xe8\xe1I\xca\x04\xb3\x04\xaf\x82\x12\xdf\x17\xaeN\x1e'
11E8E149-CA04-B304-AF82-12DF17AE4E1E,2018-ncaa-d1-conf-Horizon,ncaa,7,7,3,7,5,4,4,2,7,4,2,9,2,2,1,6,6,5,8,6,9,2,2,6,7,7,3,3,8,3,7,3,5,3,6,2,6,7,3,4,1,3,8,9,,,10,9,,,7,1,1,7,4,3,1,6,3,2,3,6,5,5,2,1,3,3,3,3,6,1,8,,9,,,7,9,9,8,8,8,6,10,5,7,2,6,10,9,7,9,10,9,10,6,8,8,5,4,9,5,5,10,7,9,6,9,8,1,3,4,5,4,7,4,,,6,9,,,7,10,7,5,7,8,9,7,7,5,5,7,8,8,8,9,9,5,9,9,7,1,5,7,,7,,,b'\x11\xe8\xe1I\xca\x04\xb3\x04\xaf\x82\x12\xdf\x17\xaeN\x1e'
11E8E149-CA04-B304-AF82-12DF17AE4E1E,2018-ncaa-d1-natl,ncaa,186,188,144,196,178,104,119,84,217,183,135,257,63,76,66,117,167,117,302,121,140,79,76,162,196,155,77,71,228,131,238,169,183,162,250,106,130,159,103,121,37,40,149,130,,,333,318,,,153,72,23,203,72,92,39,170,124,56,66,159,104,108,37,34,121,158,135,95,172,24,142,,335,,,153,250,161,150,184,208,122,290,93,208,17,189,339,334,263,334,332,224,277,162,233,141,217,56,333,175,183,315,238,292,250,257,303,43,55,98,196,149,248,216,,,160,229,,,153,280,169,122,154,254,179,152,223,128,109,219,339,332,331,244,316,185,330,305,264,33,204,253,,143,,,b'\x11\xe8\xe1I\xca\x04\xb3\x04\xaf\x82\x12\xdf\x17\xaeN\x1e'
11E8E149-CA04-B304-AF82-12DF17AE4E1E,2019-ncaa-d0-natl,ncaa,336,324,292,338,300,288,279,221,310,266,193,313,233,192,273,182,292,282,266,277,273,232,220,308,316,310,200,171,227,245,276,235,196,247,278,226,113,218,224,232,232,222,101,85,,,298,329,,,333,209,34,160,254,234,69,232,102,191,143,267,240,228,90,49,181,136,152,165,271,189,68,,338,,,337,256,173,123,257,182,125,264,182,154,228,158,344,329,327,327,331,175,124,263,309,325,283,124,331,134,196,277,276,239,278,231,256,280,277,286,63,103,143,162,,,342,350,,,333,134,315,323,333,339,286,279,281,247,265,237,348,341,337,331,309,243,340,329,305,221,151,202,,342,,,b'\x11\xe8\xe1I\xca\x04\xb3\x04\xaf\x82\x12\xdf\x17\xaeN\x1e'
11E8E149-CA04-B304-AF82-12DF17AE4E1E,2019-ncaa-d1-conf-Horizon,ncaa,8,8,5,8,6,6,6,3,7,3,2,8,7,8,7,9,8,8,7,8,7,4,2,7,8,8,8,8,7,4,6,6,8,5,8,6,6,9,8,7,5,7,3,4,,,10,9,,,8,2,1,4,6,6,2,2,2,7,9,8,8,7,2,2,3,5,3,5,9,5,3,,10,,,8,10,9,9,7,9,7,6,5,7,5,5,10,10,10,10,10,9,9,7,10,10,5,2,10,8,8,8,6,7,8,7,6,6,8,9,5,5,3,3,,,10,10,,,8,9,8,8,8,10,8,9,9,9,6,6,10,10,10,10,10,8,8,8,7,5,6,3,,10,,,b'\x11\xe8\xe1I\xca\x04\xb3\x04\xaf\x82\x12\xdf\x17\xaeN\x1e'
11E8E149-CA04-B304-AF82-12DF17AE4E1E,2019-ncaa-d1-natl,ncaa,324,322,233,325,272,259,249,140,308,231,143,305,216,154,303,170,276,268,261,258,288,164,148,309,315,306,215,184,241,182,252,198,178,185,257,201,125,245,217,223,176,181,94,87,,,319,331,,,324,145,38,171,242,218,47,189,97,195,129,269,242,233,69,44,127,122,115,160,270,149,75,,339,,,324,286,193,155,239,172,145,227,221,186,252,163,349,334,331,333,336,222,194,250,303,309,304,146,335,168,178,317,252,284,257,244,260,228,229,258,67,80,148,133,,,343,350,,,324,194,309,300,323,333,261,249,235,213,264,232,349,342,338,320,301,217,340,325,287,190,130,183,,343,,,b'\x11\xe8\xe1I\xca\x04\xb3\x04\xaf\x82\x12\xdf\x17\xaeN\x1e'
11E8E149-CA04-B304-AF82-12DF17AE4E1E,2020-ncaa-d0-natl,ncaa,276,258,260,279,293,218,193,202,176,155,162,157,247,221,270,205,231,279,38,280,291,227,244,211,193,179,261,237,191,295,297,271,244,296,306,154,129,104,141,126,209,199,310,326,,,251,274,,,272,212,66,186,170,141,97,102,94,222,186,183,258,255,122,134,267,219,265,112,153,177,294,,289,,,276,247,275,166,319,316,257,306,56,50,143,40,228,218,245,220,161,166,145,289,295,300,13,29,208,193,244,235,297,223,306,202,118,218,217,230,122,149,29,30,,,332,336,,,272,138,213,292,273,310,318,269,337,328,81,69,269,258,259,281,283,243,302,292,243,182,174,42,,325,,,b'\x11\xe8\xe1I\xca\x04\xb3\x04\xaf\x82\x12\xdf\x17\xaeN\x1e'
11E8E149-CA04-B304-AF82-12DF17AE4E1E,2020-ncaa-d1-conf-Horizon,ncaa,7,7,7,7,9,6,6,6,6,6,4,6,7,8,5,8,6,5,5,5,7,5,4,7,5,7,8,8,4,6,7,10,8,8,8,3,3,5,6,4,4,4,8,8,,,8,9,,,7,4,2,4,4,3,3,3,3,7,8,3,5,5,3,2,6,10,8,3,7,4,8,,8,,,7,9,10,6,10,10,9,9,3,1,9,1,8,6,9,7,5,7,6,10,10,9,2,1,6,7,8,9,7,7,8,8,6,5,5,7,6,7,3,3,,,10,10,,,7,7,7,8,7,9,10,8,10,10,4,3,8,7,8,8,8,7,10,7,9,4,8,3,,10,,,b'\x11\xe8\xe1I\xca\x04\xb3\x04\xaf\x82\x12\xdf\x17\xaeN\x1e'
11E8E149-CA04-B304-AF82-12DF17AE4E1E,2020-ncaa-d1-natl,ncaa,257,257,128,265,202,175,147,115,186,109,106,167,220,179,268,197,190,261,37,256,288,139,156,219,203,181,259,230,190,256,291,218,258,251,304,94,108,135,131,110,152,172,283,318,,,290,269,,,261,111,69,201,162,138,90,102,92,218,182,187,255,252,115,132,261,214,258,95,142,144,290,,287,,,262,280,298,241,311,333,309,297,65,63,123,43,249,237,238,238,148,253,259,263,272,274,12,26,196,253,258,295,291,294,304,231,119,164,185,198,132,124,64,47,,,321,336,,,261,241,213,274,260,294,306,265,337,330,68,65,254,239,242,277,284,263,306,301,232,150,142,70,,326,,,b'\x11\xe8\xe1I\xca\x04\xb3\x04\xaf\x82\x12\xdf\x17\xaeN\x1e'
11E8E149-CA04-B304-AF82-12DF17AE4E1E,2021-ncaa-d0-natl,ncaa,128,202,89,157,96,93,99,81,157,90,82,146,113,91,200,178,53,31,244,32,60,75,81,160,162,135,148,192,87,92,192,177,313,150,302,62,59,197,76,77,92,165,122,200,,,315,292,,,227,75,56,77,96,110,76,106,130,142,124,54,31,28,47,63,131,292,255,51,123,126,165,,310,,,215,295,291,253,318,309,275,298,193,153,278,45,314,318,130,321,263,263,277,302,305,275,83,58,234,302,313,281,192,292,302,320,272,55,120,226,223,137,214,147,,,43,53,,,227,265,144,286,213,302,299,205,317,276,141,79,304,305,307,255,309,279,265,295,313,74,170,165,,26,,,b'\x11\xe8\xe1I\xca\x04\xb3\x04\xaf\x82\x12\xdf\x17\xaeN\x1e'
11E8E149-CA04-B304-AF82-12DF17AE4E1E,2021-ncaa-d1-conf-Horizon,ncaa,5,7,3,5,3,1,2,2,7,2,2,7,1,2,5,9,2,2,8,2,4,2,2,6,6,5,7,8,5,3,5,3,9,3,8,1,4,8,1,2,3,7,3,6,,,12,7,,,8,1,1,4,1,1,1,2,2,4,4,1,1,1,1,1,2,8,5,2,3,4,4,,10,,,8,11,11,12,9,11,12,9,11,7,9,2,12,12,5,12,8,12,12,9,8,8,3,2,10,12,9,12,5,12,8,11,8,1,6,8,9,3,9,4,,,1,5,,,8,12,6,9,8,10,10,12,11,12,7,3,11,10,10,12,12,11,9,11,9,4,4,6,,1,,,b'\x11\xe8\xe1I\xca\x04\xb3\x04\xaf\x82\x12\xdf\x17\xaeN\x1e'
11E8E149-CA04-B304-AF82-12DF17AE4E1E,2021-ncaa-d1-natl,ncaa,139,201,105,163,113,102,108,95,164,98,96,150,123,103,199,179,60,39,243,39,58,89,95,168,165,136,142,192,87,101,197,198,314,170,306,65,60,183,77,77,110,170,131,204,,,308,294,,,237,91,59,72,98,113,79,112,133,143,127,57,33,30,54,67,137,298,265,53,120,131,166,,312,,,227,293,289,238,319,307,268,297,182,142,281,44,303,311,133,313,263,252,264,302,306,285,79,56,236,291,314,270,197,286,306,317,273,65,122,236,216,137,206,151,,,52,56,,,237,250,147,293,224,308,302,205,318,277,140,76,308,308,311,256,307,282,271,302,314,74,174,169,,27,,,b'\x11\xe8\xe1I\xca\x04\xb3\x04\xaf\x82\x12\xdf\x17\xaeN\x1e'
11E8E149-CA04-B304-AF82-12DF17AE4E1E,2022-ncaa-d0-natl,ncaa,158,180,112,170,148,162,168,131,253,197,175,233,115,92,212,107,174,147,224,147,140,128,126,233,235,206,106,111,177,90,102,215,178,164,165,236,291,185,146,227,166,166,336,343,,,266,278,,,200,154,220,275,198,202,148,240,219,119,98,187,168,172,155,162,91,289,206,272,154,189,343,,241,,,200,217,232,169,289,281,191,318,88,132,53,131,196,173,289,183,173,170,181,250,258,245,52,63,173,128,178,216,102,185,165,196,139,158,153,187,114,91,78,73,,,133,153,,,200,182,183,228,214,173,207,101,265,155,62,96,167,139,143,99,91,111,191,149,167,193,100,55,,149,,,b'\x11\xe8\xe1I\xca\x04\xb3\x04\xaf\x82\x12\xdf\x17\xaeN\x1e'
11E8E149-CA04-B304-AF82-12DF17AE4E1E,2022-ncaa-d1-conf-Horizon,ncaa,6,6,1,6,2,4,4,1,9,5,2,9,5,3,8,6,4,3,8,3,4,1,1,8,8,8,5,6,4,1,4,7,5,5,7,7,10,6,5,8,6,6,12,12,,,11,10,,,7,1,6,7,6,8,4,7,4,6,5,5,3,3,3,4,2,9,8,10,5,7,12,,9,,,7,10,12,8,11,12,10,11,4,4,2,2,9,9,10,9,6,8,10,10,8,10,3,2,7,3,5,11,4,9,7,9,6,3,3,5,4,2,4,3,,,3,4,,,7,12,7,8,7,8,8,3,10,5,3,2,7,7,7,4,6,3,9,5,7,5,2,3,,4,,,b'\x11\xe8\xe1I\xca\x04\xb3\x04\xaf\x82\x12\xdf\x17\xaeN\x1e'
11E8E149-CA04-B304-AF82-12DF17AE4E1E,2022-ncaa-d1-natl,ncaa,176,180,146,186,196,201,207,161,267,235,207,251,129,107,215,108,195,176,226,176,141,165,168,244,248,221,101,110,169,112,114,255,182,204,177,266,299,156,152,241,197,179,343,347,,,244,284,,,222,204,227,275,219,228,161,254,227,122,99,191,176,175,169,173,96,296,224,286,162,200,345,,241,,,222,180,205,129,299,258,149,328,76,104,61,131,175,143,293,152,172,124,123,266,269,266,50,62,169,103,182,195,114,146,177,184,144,200,169,202,94,99,68,79,,,152,146,,,222,133,199,248,233,189,219,103,274,160,65,99,173,138,147,104,84,116,193,149,175,205,101,58,,148,,,b'\x11\xe8\xe1I\xca\x04\xb3\x04\xaf\x82\x12\xdf\x17\xaeN\x1e'
11E8E149-CA04-B304-AF82-12DF17AE4E1E,2023-ncaa-d0-natl,ncaa,223,203,236,228,262,206,228,107,338,249,162,318,158,83,306,112,165,115,313,112,94,110,130,320,327,269,95,122,115,51,73,307,94,185,175,295,321,48,45,218,149,113,280,284,,,253,320,,,299,183,64,186,172,218,22,238,122,135,56,129,63,63,18,38,23,311,120,292,82,111,275,,307,,,298,276,291,87,360,302,121,357,194,93,354,125,174,205,80,205,244,97,108,360,359,348,84,154,104,11,94,262,73,130,175,242,141,172,116,225,70,60,232,225,,,128,143,,,299,162,241,326,299,333,338,129,343,175,240,123,217,250,249,152,182,21,325,220,280,125,114,271,,66,,,b'\x11\xe8\xe1I\xca\x04\xb3\x04\xaf\x82\x12\xdf\x17\xaeN\x1e'
11E8E149-CA04-B304-AF82-12DF17AE4E1E,2023-ncaa-d1-conf-Horizon,ncaa,8,7,7,8,7,8,9,2,10,8,4,10,7,4,8,6,4,3,11,3,4,2,2,10,10,9,5,5,4,1,2,10,6,4,7,9,10,4,4,8,3,4,8,8,,,10,11,,,8,3,1,1,7,8,1,7,1,6,3,4,3,3,1,1,1,10,3,8,5,3,8,,11,,,8,10,10,3,11,10,6,11,4,1,10,2,3,5,1,5,7,3,6,11,11,10,1,3,3,1,6,7,2,5,7,8,4,3,4,7,7,6,9,9,,,3,4,,,8,9,9,8,8,10,10,6,10,8,7,1,6,7,7,6,9,1,9,7,10,3,8,10,,3,,,b'\x11\xe8\xe1I\xca\x04\xb3\x04\xaf\x82\x12\xdf\x17\xaeN\x1e'
11E8E149-CA04-B304-AF82-12DF17AE4E1E,2023-ncaa-d1-natl,ncaa,219,203,219,219,263,211,223,93,335,237,158,307,164,83,311,115,162,115,314,108,102,90,118,319,330,266,110,142,117,41,71,309,80,173,154,293,320,49,39,208,146,106,292,292,,,258,315,,,295,173,64,182,169,206,19,225,112,140,62,124,67,64,14,31,18,303,113,290,85,110,286,,303,,,295,281,303,78,361,313,121,357,191,92,350,121,184,209,90,204,243,95,103,360,358,347,72,142,111,5,80,265,71,132,154,240,131,163,118,219,68,53,237,224,,,118,143,,,295,168,229,321,295,330,340,123,346,175,228,123,222,247,246,153,182,19,321,213,273,129,105,270,,61,,,b'\x11\xe8\xe1I\xca\x04\xb3\x04\xaf\x82\x12\xdf\x17\xaeN\x1e'
11E8E149-CA04-B304-AF82-12DF17AE4E1E,2024-ncaa-d0-natl,ncaa,264,209,325,253,325,233,262,214,303,260,214,285,227,185,276,191,99,65,320,65,35,183,240,289,281,218,108,206,32,73,51,358,288,304,246,332,345,35,59,262,40,8,238,193,,,260,345,,,273,289,88,3,117,166,31,175,85,163,98,25,14,15,17,20,14,354,197,317,133,7,197,,344,,,279,198,161,22,358,183,38,358,142,50,347,123,284,286,178,286,334,34,66,359,359,341,196,127,284,52,288,121,51,73,246,234,269,119,46,170,22,39,63,78,,,156,74,,,273,74,176,328,272,343,328,115,325,136,256,130,339,337,336,196,287,154,303,262,326,33,74,132,,24,,,b'\x11\xe8\xe1I\xca\x04\xb3\x04\xaf\x82\x12\xdf\x17\xaeN\x1e'
11E8E149-CA04-B304-AF82-12DF17AE4E1E,2024-ncaa-d1-conf-Horizon,ncaa,9,8,8,9,8,6,6,1,10,5,3,10,8,5,9,7,3,2,11,2,4,1,1,10,10,9,6,8,2,1,1,11,9,8,5,9,11,3,2,9,1,1,6,6,,,11,10,,,8,5,2,2,5,5,1,4,1,7,5,3,1,1,1,1,1,11,3,9,4,1,6,,11,,,9,9,8,2,11,8,4,11,6,2,11,4,9,10,2,11,10,3,6,11,11,11,6,4,8,4,9,7,1,5,5,11,7,1,1,3,1,1,3,2,,,3,5,,,8,6,7,10,9,11,8,3,8,6,8,3,10,10,11,5,9,4,8,6,11,1,2,3,,2,,,b'\x11\xe8\xe1I\xca\x04\xb3\x04\xaf\x82\x12\xdf\x17\xaeN\x1e'
11E8E149-CA04-B304-AF82-12DF17AE4E1E,2024-ncaa-d1-natl,ncaa,243,211,320,242,320,168,214,154,273,221,182,265,175,147,223,183,77,43,317,45,38,131,167,256,245,186,94,182,40,57,59,353,271,275,231,302,341,47,46,228,16,5,211,170,,,286,340,,,225,225,68,3,76,116,23,142,79,129,82,23,12,12,14,16,18,346,185,279,121,5,173,,345,,,227,240,205,32,358,219,56,356,160,68,349,127,300,297,170,297,334,58,111,360,359,326,200,126,283,67,271,171,59,114,231,253,264,61,34,141,36,30,63,64,,,103,82,,,225,146,143,298,220,338,315,116,317,139,244,132,332,334,334,194,297,142,300,259,317,21,75,112,,22,,,b'\x11\xe8\xe1I\xca\x04\xb3\x04\xaf\x82\x12\xdf\x17\xaeN\x1e'
11E8E149-CA04-B304-AF82-12DF17AE4E1E,2025-ncaa-d0-natl,genius_ncaa,296,313,194,308,203,269,245,225,247,214,176,254,278,271,275,238,298,286,257,287,310,236,244,265,290,275,284,243,235,298,312,313,355,323,353,254,235,143,216,247,84,66,129,107,,,212,228,,143,335,222,227,98,294,258,237,213,145,282,271,301,288,291,264,262,297,339,347,261,184,58,119,,248,,149,334,280,236,170,293,191,125,284,289,248,312,251,301,306,165,310,321,207,196,315,322,321,298,268,255,333,355,221,312,287,353,329,341,210,219,318,258,289,235,245,,,337,346,,357,335,140,306,344,337,316,284,209,226,138,313,277,312,313,317,259,255,344,263,320,341,185,279,271,,345,,359,b'\x11\xe8\xe1I\xca\x04\xb3\x04\xaf\x82\x12\xdf\x17\xaeN\x1e'
11E8E149-CA04-B304-AF82-12DF17AE4E1E,2025-ncaa-d1-conf-Horizon,genius_ncaa,9,10,4,10,4,9,5,5,9,5,2,9,9,10,8,10,10,10,11,10,11,6,6,10,10,10,11,9,9,9,10,11,11,11,11,7,7,5,6,6,2,1,2,2,,,8,7,,6,11,5,7,3,11,6,6,5,1,9,10,11,8,10,7,7,7,11,11,8,5,1,2,,7,,6,11,10,10,9,9,6,6,8,10,8,8,7,9,11,2,11,11,9,10,9,9,9,9,8,8,11,11,8,10,10,11,10,10,4,4,8,8,9,10,7,,,11,11,,10,11,7,11,11,11,10,8,7,7,5,10,9,8,11,11,10,10,11,7,11,11,3,8,9,,11,,10,b'\x11\xe8\xe1I\xca\x04\xb3\x04\xaf\x82\x12\xdf\x17\xaeN\x1e'
11E8E149-CA04-B304-AF82-12DF17AE4E1E,2025-ncaa-d1-natl,genius_ncaa,301,312,172,311,183,272,246,227,247,215,179,251,266,255,267,231,283,266,279,271,286,239,248,261,280,275,266,238,230,282,301,314,356,317,355,254,227,152,214,244,77,63,114,93,,,215,217,,147,334,219,229,93,293,258,241,219,157,268,261,289,269,272,262,260,281,337,338,258,177,63,102,,243,,155,329,291,240,193,282,190,129,283,299,267,299,269,304,304,172,312,322,218,205,311,313,314,304,274,260,346,356,226,301,302,355,329,339,199,213,314,256,288,242,254,,,333,344,,358,334,147,295,341,332,312,277,218,215,129,318,288,313,307,318,260,255,351,257,322,340,176,270,271,,338,,359,b'\x11\xe8\xe1I\xca\x04\xb3\x04\xaf\x82\x12\xdf\x17\xaeN\x1e'
11E8E149-CA04-B304-AF82-12DF17AE4E1E,2026-ncaa-d0-natl,genius_ncaa,260,250,206,273,216,254,259,247,281,273,268,272,199,185,226,99,232,240,173,246,159,254,237,264,253,280,87,106,137,222,218,232,105,227,173,238,154,216,286,259,312,321,248,250,,,47,44,,96,314,241,180,97,270,280,252,300,279,166,139,210,218,232,265,205,205,187,189,238,277,330,242,,44,,118,308,229,242,137,328,186,124,288,306,189,359,240,97,105,152,103,138,135,105,342,332,339,238,319,50,59,105,162,218,112,173,237,164,293,305,322,254,307,295,336,,,179,100,,205,314,125,273,320,307,309,319,240,266,187,349,251,119,125,126,217,112,68,219,157,290,308,294,319,,118,,207,b'\x11\xe8\xe1I\xca\x04\xb3\x04\xaf\x82\x12\xdf\x17\xaeN\x1e'
11E8E149-CA04-B304-AF82-12DF17AE4E1E,2026-ncaa-d1-conf-Horizon,genius_ncaa,8,8,4,8,4,10,9,6,9,10,8,11,4,7,2,5,7,8,7,8,8,8,8,8,9,9,1,1,7,7,5,9,6,9,9,4,2,5,6,4,6,6,5,5,,,2,2,,1,9,8,7,1,11,9,4,11,7,1,6,7,8,8,8,8,5,10,10,2,5,6,5,,1,,1,9,6,7,7,8,10,7,8,3,5,8,6,2,2,8,2,2,5,6,7,8,9,3,5,1,5,6,7,5,7,9,2,1,7,6,3,5,7,3,4,,,7,8,,5,9,5,9,8,9,8,9,6,10,8,4,5,2,2,2,4,5,5,10,7,2,8,5,4,,8,,4,b'\x11\xe8\xe1I\xca\x04\xb3\x04\xaf\x82\x12\xdf\x17\xaeN\x1e'
11E8E149-CA04-B304-AF82-12DF17AE4E1E,2026-ncaa-d1-natl,genius_ncaa,256,249,177,275,197,251,252,249,256,270,263,242,171,162,198,104,246,237,209,244,174,251,236,234,238,251,109,106,184,211,215,196,82,205,156,223,138,211,269,247,307,310,209,216,,,40,44,,125,289,238,191,100,258,259,230,281,267,160,137,244,230,238,246,214,204,143,160,212,256,313,207,,46,,147,294,225,234,167,307,181,154,233,314,207,355,233,91,88,191,85,93,146,114,328,314,326,246,321,51,53,82,166,215,126,156,249,182,293,278,300,253,300,306,337,,,197,135,,227,289,133,252,303,290,289,301,227,238,197,337,243,106,105,102,197,112,66,214,143,280,284,291,321,,160,,234,b'\x11\xe8\xe1I\xca\x04\xb3\x04\xaf\x82\x12\xdf\x17\xaeN\x1e'
11E8E149-CA18-9356-AF82-12DF17AE4E1E,2010-ncaa-d0-natl,ncaa,290,303,178,297,207,264,235,252,192,245,235,259,125,190,35,144,333,283,344,284,254,260,210,169,246,280,143,62,335,138,73,287,257,224,165,220,175,293,311,272,85,45,105,75,,,101,146,,,262,240,242,201,280,243,257,265,234,113,178,334,289,290,276,204,116,304,235,209,298,60,97,,116,,,263,120,145,97,256,166,105,274,130,111,183,166,141,126,249,128,184,90,108,252,251,204,136,140,170,137,257,76,73,80,165,213,254,159,105,198,291,298,230,271,,,288,302,,,262,102,261,208,263,157,174,86,189,113,138,120,155,147,147,86,108,165,81,99,239,134,290,247,,295,,,b'\x11\xe8\xe1I\xca\x18\x93V\xaf\x82\x12\xdf\x17\xaeN\x1e'
11E8E149-CA18-9356-AF82-12DF17AE4E1E,2010-ncaa-d1-conf-MAC,ncaa,9,9,9,9,11,11,11,11,10,11,12,10,6,7,2,4,12,12,12,12,10,11,11,8,11,11,8,2,12,9,7,11,4,11,8,10,6,8,11,11,8,6,5,3,,,2,7,,,11,11,10,8,11,11,10,11,11,5,5,12,11,11,11,10,8,11,10,9,11,6,3,,5,,,11,3,3,2,11,7,2,12,3,2,5,7,4,4,5,4,8,2,2,10,11,11,2,2,5,1,4,4,7,1,8,6,6,10,7,10,7,9,6,6,,,12,12,,,11,2,11,10,11,7,9,2,9,3,3,4,6,5,7,3,2,1,7,3,9,8,9,6,,12,,,b'\x11\xe8\xe1I\xca\x18\x93V\xaf\x82\x12\xdf\x17\xaeN\x1e'
11E8E149-CA18-9356-AF82-12DF17AE4E1E,2010-ncaa-d1-natl,ncaa,298,302,191,303,227,280,251,271,198,265,253,269,128,200,36,141,340,295,344,297,257,287,236,178,252,282,142,62,335,149,76,300,262,246,168,232,177,280,311,277,94,46,110,79,,,85,145,,,270,262,243,186,286,247,257,268,239,113,179,337,288,287,278,205,120,305,238,219,298,64,98,,117,,,269,102,130,74,262,153,88,281,122,99,189,164,131,118,251,117,184,65,89,257,258,212,135,141,170,122,262,55,76,58,168,209,255,178,113,202,282,298,222,275,,,303,301,,,270,80,265,219,271,161,182,88,195,115,138,119,155,150,150,86,107,167,85,101,244,141,290,252,,297,,,b'\x11\xe8\xe1I\xca\x18\x93V\xaf\x82\x12\xdf\x17\xaeN\x1e'
11E8E149-CA18-9356-AF82-12DF17AE4E1E,2011-ncaa-d0-natl,ncaa,282,301,170,288,224,277,284,249,296,257,251,244,253,173,335,141,163,164,190,156,80,242,213,297,283,290,156,218,48,95,51,284,279,206,161,247,134,239,275,272,102,70,219,207,,,65,91,,,278,267,267,257,291,300,259,271,256,261,167,154,146,142,253,210,71,300,208,254,260,85,218,,68,,,276,141,187,116,276,167,94,276,213,182,269,239,49,58,131,52,84,84,93,288,260,224,135,238,44,180,279,83,51,105,161,256,273,182,129,241,103,133,296,326,,,181,128,,,278,79,265,251,279,162,214,135,189,107,247,195,60,65,61,95,93,200,103,141,271,162,125,300,,151,,,b'\x11\xe8\xe1I\xca\x18\x93V\xaf\x82\x12\xdf\x17\xaeN\x1e'
11E8E149-CA18-9356-AF82-12DF17AE4E1E,2011-ncaa-d1-conf-MAC,ncaa,9,10,3,10,5,10,11,9,11,9,10,9,8,3,12,3,6,7,7,6,3,7,6,11,11,10,4,6,6,3,3,9,6,9,7,8,4,8,7,9,3,3,8,9,,,2,3,,,9,10,11,7,11,11,9,11,11,9,3,7,9,7,10,10,3,12,9,10,7,5,9,,2,,,9,6,7,5,9,6,4,11,9,9,7,10,2,2,3,2,3,5,4,10,9,7,4,11,2,6,6,6,3,6,7,11,12,7,5,10,2,2,9,10,,,7,8,,,9,3,9,7,9,7,7,3,6,3,8,7,2,2,2,2,2,3,6,6,10,6,2,8,,9,,,b'\x11\xe8\xe1I\xca\x18\x93V\xaf\x82\x12\xdf\x17\xaeN\x1e'
11E8E149-CA18-9356-AF82-12DF17AE4E1E,2011-ncaa-d1-natl,ncaa,268,301,132,284,184,267,279,237,300,256,236,246,250,172,336,140,146,153,186,144,77,214,189,301,284,284,153,216,46,83,55,284,271,199,168,241,142,259,267,273,87,60,220,208,,,73,94,,,278,247,267,260,290,301,260,277,257,259,169,138,140,130,251,215,75,301,216,258,252,82,221,,69,,,274,163,209,130,282,184,104,283,229,192,271,243,49,55,140,53,87,100,106,297,273,229,143,244,43,178,271,100,55,125,168,281,279,161,123,241,96,120,299,324,,,158,120,,,278,97,264,253,275,166,217,129,191,99,247,199,59,63,58,84,84,180,106,134,276,157,113,299,,146,,,b'\x11\xe8\xe1I\xca\x18\x93V\xaf\x82\x12\xdf\x17\xaeN\x1e'
11E8E149-CA18-9356-AF82-12DF17AE4E1E,2012-ncaa-d0-natl,ncaa,171,228,81,204,84,167,178,114,274,174,110,287,175,162,181,183,107,158,43,149,204,119,114,265,249,235,133,171,93,168,245,200,164,188,257,180,170,199,173,206,58,60,301,310,,,81,39,,,177,100,189,70,221,236,167,219,156,185,195,144,200,195,180,197,209,283,267,229,158,67,313,,37,,,177,189,237,194,261,262,191,287,163,197,110,214,38,18,335,22,18,153,224,250,227,125,41,152,30,129,164,304,245,252,257,265,211,33,28,101,141,115,294,263,,,152,210,,,177,238,243,113,178,133,203,112,227,126,143,165,28,11,14,57,137,89,267,194,225,39,112,280,,212,,,b'\x11\xe8\xe1I\xca\x18\x93V\xaf\x82\x12\xdf\x17\xaeN\x1e'
11E8E149-CA18-9356-AF82-12DF17AE4E1E,2012-ncaa-d1-conf-MAC,ncaa,8,7,3,8,4,10,11,4,11,10,6,12,9,8,9,8,9,11,3,11,11,6,8,11,11,11,7,8,8,8,10,12,10,11,11,10,8,3,5,8,3,3,11,11,,,2,2,,,7,8,11,6,11,10,9,11,7,10,9,10,11,11,9,9,9,12,11,11,4,4,11,,2,,,7,4,6,5,9,8,7,11,3,3,6,6,1,1,10,1,2,3,4,8,7,4,1,4,1,7,10,10,10,10,11,4,4,3,2,4,2,4,9,9,,,10,9,,,7,4,10,4,7,4,5,3,9,4,3,3,1,1,1,2,3,5,10,8,4,2,3,10,,11,,,b'\x11\xe8\xe1I\xca\x18\x93V\xaf\x82\x12\xdf\x17\xaeN\x1e'
11E8E149-CA18-9356-AF82-12DF17AE4E1E,2012-ncaa-d1-natl,ncaa,186,227,90,210,94,189,202,137,279,194,125,290,179,171,183,183,117,172,42,164,206,140,135,272,257,242,130,168,88,186,251,233,166,218,264,205,177,177,174,214,67,64,308,312,,,65,40,,,193,123,192,68,225,246,175,232,160,190,196,137,203,199,186,205,216,284,273,235,160,70,317,,37,,,194,174,229,168,265,245,170,294,152,177,118,214,31,14,335,18,18,122,198,255,233,133,40,151,29,116,166,299,251,238,264,259,215,38,30,109,125,120,290,265,,,168,205,,,193,215,250,124,194,137,207,112,230,127,141,164,30,13,14,58,134,91,272,199,227,40,113,282,,210,,,b'\x11\xe8\xe1I\xca\x18\x93V\xaf\x82\x12\xdf\x17\xaeN\x1e'
11E8E149-CA18-9356-AF82-12DF17AE4E1E,2013-ncaa-d0-natl,ncaa,317,310,251,320,277,300,307,253,326,322,270,324,177,151,230,97,263,262,191,259,177,261,273,313,311,293,64,93,136,294,322,335,265,329,338,265,135,84,165,220,176,141,284,272,,,49,76,,,325,259,168,161,290,302,200,312,246,147,108,238,237,232,209,229,275,338,332,253,151,146,270,,77,,,324,221,267,69,343,256,79,337,234,113,344,176,38,42,82,45,87,51,77,344,342,322,84,238,20,64,265,292,322,223,338,295,272,143,66,241,205,273,331,339,,,234,143,,,325,94,313,308,322,286,315,129,307,145,277,156,64,74,79,99,156,119,334,295,318,85,253,339,,190,,,b'\x11\xe8\xe1I\xca\x18\x93V\xaf\x82\x12\xdf\x17\xaeN\x1e'
11E8E149-CA18-9356-AF82-12DF17AE4E1E,2013-ncaa-d1-conf-MAC,ncaa,11,11,7,11,8,10,11,9,11,11,10,12,9,7,9,6,10,9,9,9,7,10,10,11,11,11,6,7,5,11,12,12,12,12,12,10,6,3,7,9,6,7,11,11,,,2,5,,,11,8,5,3,10,11,6,11,7,9,6,9,8,8,8,8,10,12,12,9,6,6,11,,5,,,11,11,11,5,12,10,7,11,9,4,12,3,5,5,8,5,5,4,5,12,12,11,4,8,3,4,12,12,12,10,12,12,10,7,4,9,8,10,11,12,,,8,5,,,11,6,11,11,11,12,11,6,11,8,10,4,6,6,6,5,7,5,12,12,12,5,10,12,,5,,,b'\x11\xe8\xe1I\xca\x18\x93V\xaf\x82\x12\xdf\x17\xaeN\x1e'
11E8E149-CA18-9356-AF82-12DF17AE4E1E,2013-ncaa-d1-natl,ncaa,322,310,292,323,306,315,324,275,329,329,284,329,182,160,231,97,270,268,190,266,178,283,297,316,313,296,61,92,130,301,323,340,273,338,339,281,137,73,166,225,188,146,291,275,,,39,74,,,326,283,174,157,292,310,202,314,253,143,108,239,235,232,215,232,278,339,335,263,151,151,273,,80,,,325,201,259,44,343,247,65,338,226,96,344,176,35,39,85,41,86,34,55,344,342,327,83,239,20,53,273,284,323,207,339,286,273,156,67,246,195,273,328,339,,,246,138,,,326,64,315,314,325,289,317,133,308,149,277,154,66,74,79,101,157,120,334,298,322,88,254,340,,188,,,b'\x11\xe8\xe1I\xca\x18\x93V\xaf\x82\x12\xdf\x17\xaeN\x1e'
11E8E149-CA18-9356-AF82-12DF17AE4E1E,2014-ncaa-d0-natl,ncaa,288,282,254,291,279,286,319,261,337,344,341,276,64,20,314,6,212,142,325,145,4,240,270,303,309,279,7,13,86,270,321,310,76,309,321,307,226,38,87,240,164,108,293,265,,,232,336,,,280,259,175,183,283,325,194,348,343,45,6,181,85,91,163,217,254,307,313,304,71,144,288,,310,,,283,125,80,17,314,100,29,305,109,65,297,123,273,254,262,250,327,26,42,314,324,306,248,125,308,4,76,310,321,187,321,153,252,162,88,161,17,24,189,335,,,201,93,,,280,81,292,251,289,227,167,24,188,43,146,88,307,299,299,50,80,12,336,276,220,120,20,238,,133,,,b'\x11\xe8\xe1I\xca\x18\x93V\xaf\x82\x12\xdf\x17\xaeN\x1e'
11E8E149-CA18-9356-AF82-12DF17AE4E1E,2014-ncaa-d1-conf-MAC,ncaa,10,10,6,10,12,11,11,8,12,12,11,8,4,1,11,1,7,8,11,8,3,8,9,12,11,10,3,3,6,10,12,12,5,12,12,12,10,1,3,8,5,4,10,9,,,10,11,,,10,10,7,11,10,11,6,12,10,4,1,7,7,7,6,8,8,12,12,12,1,5,9,,11,,,10,5,5,1,12,6,5,11,3,1,12,1,8,8,8,8,9,2,4,11,11,11,5,1,10,1,5,11,12,7,12,5,7,5,2,5,1,1,10,12,,,8,7,,,10,4,11,9,10,7,7,2,8,7,3,1,10,10,10,3,4,2,11,9,8,4,1,11,,8,,,b'\x11\xe8\xe1I\xca\x18\x93V\xaf\x82\x12\xdf\x17\xaeN\x1e'
11E8E149-CA18-9356-AF82-12DF17AE4E1E,2014-ncaa-d1-natl,ncaa,279,282,211,282,262,280,320,247,338,345,342,279,61,17,318,6,195,116,322,117,3,225,258,304,308,281,5,16,71,270,321,306,82,310,322,303,224,51,91,250,144,86,296,266,,,268,337,,,282,236,165,184,280,326,203,348,343,47,7,159,67,68,163,210,255,308,313,305,82,115,291,,317,,,282,145,95,18,316,106,26,304,131,81,306,135,277,272,238,270,330,34,62,313,327,297,263,142,306,7,82,324,321,207,322,158,233,135,68,127,12,24,205,336,,,171,85,,,282,103,293,238,285,224,155,22,169,35,158,89,305,301,300,48,99,14,337,277,199,93,17,245,,120,,,b'\x11\xe8\xe1I\xca\x18\x93V\xaf\x82\x12\xdf\x17\xaeN\x1e'
11E8E149-CA18-9356-AF82-12DF17AE4E1E,2015-ncaa-d0-natl,ncaa,20,12,79,16,108,60,98,124,98,280,334,56,7,7,46,4,106,73,277,73,3,109,133,25,38,27,4,4,215,219,274,75,62,125,182,114,166,86,72,80,88,93,165,132,,,304,296,,,21,104,167,283,57,139,198,326,343,4,5,126,86,82,166,242,268,107,189,141,52,99,200,,274,,,20,68,15,115,3,7,50,15,187,283,24,297,318,297,307,297,332,144,236,8,36,9,344,265,341,128,62,285,274,237,182,24,113,40,38,9,20,20,184,310,,,75,63,,,21,256,48,10,17,25,2,32,2,12,158,249,290,269,268,43,129,70,231,170,15,42,17,155,,102,,,b'\x11\xe8\xe1I\xca\x18\x93V\xaf\x82\x12\xdf\x17\xaeN\x1e'
11E8E149-CA18-9356-AF82-12DF17AE4E1E,2015-ncaa-d1-conf-MAC,ncaa,1,1,3,1,5,2,6,7,4,10,11,3,1,1,1,1,6,3,11,3,2,7,7,1,2,1,2,1,8,7,10,5,5,7,7,7,8,3,3,5,3,3,8,8,,,11,10,,,1,4,3,5,2,6,8,11,11,1,1,5,2,2,6,6,9,5,7,7,4,3,8,,11,,,1,3,1,4,1,1,4,1,2,6,1,7,11,11,11,11,11,6,9,1,1,1,9,4,12,7,5,11,10,10,7,2,3,3,1,1,2,2,11,11,,,5,4,,,1,10,1,1,1,1,1,2,1,3,3,6,11,11,11,2,8,5,10,9,2,2,3,11,,5,,,b'\x11\xe8\xe1I\xca\x18\x93V\xaf\x82\x12\xdf\x17\xaeN\x1e'
11E8E149-CA18-9356-AF82-12DF17AE4E1E,2015-ncaa-d1-natl,ncaa,21,12,97,17,135,70,124,154,112,307,340,61,7,7,49,4,121,84,277,84,3,132,167,28,40,30,4,4,209,246,278,97,64,156,191,129,169,72,73,83,105,101,184,134,,,294,296,,,23,136,172,285,63,149,210,331,343,4,6,127,86,85,175,245,271,117,200,149,55,105,205,,277,,,21,44,6,76,3,4,31,17,173,267,27,294,307,287,310,286,332,111,203,9,41,10,344,265,341,106,64,266,278,211,191,20,115,49,40,9,15,21,172,313,,,95,60,,,23,224,49,10,17,26,3,34,3,12,159,252,292,273,274,45,127,71,234,172,18,45,19,163,,105,,,b'\x11\xe8\xe1I\xca\x18\x93V\xaf\x82\x12\xdf\x17\xaeN\x1e'
11E8E149-CA18-9356-AF82-12DF17AE4E1E,2015-ncaa-d1-ncaatournament,ncaa,33,2,33,33,33,53,55,60,42,50,57,38,54,56,46,31,40,38,56,38,6,54,51,45,47,51,32,40,11,35,14,58,32,52,25,49,24,24,56,54,40,12,25,2,,,14,45,,,52,58,50,4,52,53,57,46,55,46,39,27,17,16,51,41,12,58,50,42,54,19,9,,36,,,56,12,8,2,60,5,1,58,29,19,58,51,16,19,13,19,61,3,3,61,61,53,52,51,36,8,32,6,14,3,25,23,60,38,9,34,37,61,23,58,,,40,10,,,52,8,51,53,56,34,27,2,13,1,51,31,41,48,47,3,3,10,20,6,52,13,60,48,,16,,,b'\x11\xe8\xe1I\xca\x18\x93V\xaf\x82\x12\xdf\x17\xaeN\x1e'
11E8E149-CA18-9356-AF82-12DF17AE4E1E,2016-ncaa-d0-natl,ncaa,23,23,38,25,58,41,67,43,151,214,319,20,7,4,195,3,76,54,215,52,2,42,61,65,71,42,6,10,217,166,292,50,184,79,277,121,251,77,28,83,31,56,31,27,,,311,212,,,25,38,74,225,47,87,65,287,344,6,3,111,82,79,60,124,233,84,151,184,35,41,32,,256,,,25,186,99,250,21,87,233,14,169,229,67,167,335,330,227,329,304,281,315,23,41,22,311,171,337,313,184,344,292,340,277,39,32,23,46,5,66,29,39,122,,,99,191,,,25,308,63,33,25,86,31,120,32,127,121,169,300,299,296,174,273,260,329,315,23,29,37,14,,174,,,b'\x11\xe8\xe1I\xca\x18\x93V\xaf\x82\x12\xdf\x17\xaeN\x1e'
11E8E149-CA18-9356-AF82-12DF17AE4E1E,2016-ncaa-d1-conf-MAC,ncaa,1,1,6,1,8,3,7,7,4,10,12,1,1,1,6,1,5,5,4,5,1,6,7,2,2,1,1,1,6,8,10,10,10,8,12,8,7,1,2,1,2,2,1,1,,,8,7,,,1,7,3,7,2,3,5,10,12,1,1,3,4,4,4,6,8,8,8,6,2,2,1,,8,,,1,1,1,1,1,2,4,1,2,2,1,2,9,8,10,8,8,2,7,1,1,1,9,2,12,9,10,8,10,8,12,1,3,2,1,1,1,3,2,6,,,8,6,,,1,6,2,1,1,1,1,2,3,6,2,2,9,8,8,3,10,10,9,9,1,1,3,3,,6,,,b'\x11\xe8\xe1I\xca\x18\x93V\xaf\x82\x12\xdf\x17\xaeN\x1e'
11E8E149-CA18-9356-AF82-12DF17AE4E1E,2016-ncaa-d1-natl,ncaa,25,23,51,26,76,52,81,54,159,247,335,22,8,4,200,3,91,67,214,65,2,52,74,67,76,44,6,10,214,195,295,57,195,97,283,146,255,51,28,88,39,64,35,29,,,300,212,,,27,50,78,218,49,92,70,300,344,7,3,109,86,80,61,128,239,87,157,194,34,46,33,,256,,,28,162,72,226,21,69,211,18,157,216,69,167,327,324,230,322,305,253,303,24,47,26,311,169,337,303,195,338,295,338,283,30,36,28,47,5,51,28,33,134,,,115,188,,,27,296,68,36,29,93,35,121,35,129,124,164,303,299,298,177,272,263,329,322,24,33,36,15,,173,,,b'\x11\xe8\xe1I\xca\x18\x93V\xaf\x82\x12\xdf\x17\xaeN\x1e'
11E8E149-CA18-9356-AF82-12DF17AE4E1E,2017-ncaa-d0-natl,ncaa,57,64,74,66,99,74,120,79,213,256,327,70,12,8,235,6,66,55,189,56,2,71,107,112,105,65,4,10,112,188,291,153,245,176,312,170,234,32,25,85,42,50,106,95,,,329,322,,,61,89,157,220,80,163,111,312,341,10,6,68,59,60,87,185,229,247,259,207,19,54,114,,317,,,61,181,60,149,43,67,167,37,127,136,140,117,346,337,338,337,336,205,263,51,136,71,321,114,348,260,245,337,291,327,312,15,27,39,40,8,25,21,64,189,,,114,138,,,61,253,76,81,69,103,23,46,33,78,90,94,344,329,329,94,197,213,327,299,13,43,21,51,,150,,,b'\x11\xe8\xe1I\xca\x18\x93V\xaf\x82\x12\xdf\x17\xaeN\x1e'
11E8E149-CA18-9356-AF82-12DF17AE4E1E,2017-ncaa-d1-conf-MAC,ncaa,5,5,5,6,5,8,8,8,7,12,12,3,1,1,6,1,5,4,6,4,1,7,8,3,5,4,1,1,3,10,10,10,9,11,11,7,7,1,2,3,3,2,4,2,,,9,11,,,3,8,12,7,5,8,11,12,12,1,1,5,5,5,10,11,10,12,12,8,1,3,5,,11,,,3,1,1,1,3,1,3,1,2,1,5,4,12,12,12,12,12,1,6,3,5,3,11,4,12,4,9,9,10,7,11,1,1,3,1,1,1,2,3,10,,,8,5,,,3,6,4,4,3,2,1,1,1,2,3,1,12,12,12,1,2,6,8,7,1,2,1,3,,7,,,b'\x11\xe8\xe1I\xca\x18\x93V\xaf\x82\x12\xdf\x17\xaeN\x1e'
11E8E149-CA18-9356-AF82-12DF17AE4E1E,2017-ncaa-d1-natl,ncaa,69,64,98,67,122,92,151,97,220,289,342,73,12,8,240,6,74,61,187,64,1,90,144,121,114,69,4,10,112,207,296,201,256,214,315,195,239,22,25,89,51,54,114,97,,,323,324,,,76,116,161,216,89,175,117,320,342,10,6,70,62,63,91,195,236,259,269,215,19,57,118,,319,,,73,142,37,101,47,49,125,42,108,106,145,115,345,334,339,334,337,162,241,55,150,81,320,110,348,238,256,332,296,324,315,9,27,49,45,12,15,21,56,196,,,134,132,,,76,228,85,92,79,107,23,47,41,83,91,94,345,329,331,97,197,217,328,303,13,47,22,51,,154,,,b'\x11\xe8\xe1I\xca\x18\x93V\xaf\x82\x12\xdf\x17\xaeN\x1e'
11E8E149-CA18-9356-AF82-12DF17AE4E1E,2018-ncaa-d0-natl,ncaa,170,162,164,174,208,156,191,139,266,270,310,137,54,20,274,16,179,95,330,90,7,121,150,198,237,169,27,35,189,263,322,300,292,293,344,270,317,73,67,210,18,10,310,306,,,303,296,,,210,118,46,205,132,181,80,292,320,41,11,165,83,76,69,96,267,317,318,293,85,10,312,,320,,,210,218,187,91,309,178,105,304,192,132,290,160,277,281,140,279,309,124,234,314,319,154,227,178,256,210,292,342,322,322,344,195,189,19,13,39,13,19,286,337,,,125,122,,,210,234,213,165,205,243,213,87,205,94,198,141,285,290,291,127,294,228,346,333,203,12,23,290,,96,,,b'\x11\xe8\xe1I\xca\x18\x93V\xaf\x82\x12\xdf\x17\xaeN\x1e'
11E8E149-CA18-9356-AF82-12DF17AE4E1E,2018-ncaa-d1-conf-MAC,ncaa,6,5,4,6,5,8,9,6,9,10,11,8,2,1,9,1,7,5,10,5,1,6,6,9,9,9,2,2,5,9,12,8,12,11,12,10,10,5,5,8,2,2,10,10,,,10,10,,,6,5,5,7,9,9,7,11,11,2,1,7,4,3,6,7,12,10,12,10,6,2,12,,10,,,6,5,3,4,4,4,5,4,4,4,2,6,9,9,7,10,10,6,10,4,7,3,7,4,9,10,12,12,12,12,12,7,9,2,1,2,1,1,10,11,,,6,5,,,6,10,9,3,6,4,2,3,3,3,4,4,10,10,10,5,8,11,12,11,6,2,1,10,,7,,,b'\x11\xe8\xe1I\xca\x18\x93V\xaf\x82\x12\xdf\x17\xaeN\x1e'
11E8E149-CA18-9356-AF82-12DF17AE4E1E,2018-ncaa-d1-natl,ncaa,169,162,144,175,178,136,183,115,265,272,305,134,45,15,273,18,164,92,321,86,7,103,134,199,227,163,25,35,180,260,321,298,288,296,343,269,318,70,65,210,12,7,311,305,,,302,287,,,195,95,38,203,123,176,77,290,320,40,12,156,85,71,65,90,260,315,320,289,83,9,314,,311,,,195,232,185,88,307,193,95,305,178,124,274,156,272,287,118,281,308,116,257,315,318,139,212,165,252,199,288,345,321,330,343,189,176,15,11,32,12,18,301,340,,,128,123,,,195,258,214,133,193,236,203,80,211,94,189,130,280,290,287,112,295,218,346,332,182,10,23,306,,96,,,b'\x11\xe8\xe1I\xca\x18\x93V\xaf\x82\x12\xdf\x17\xaeN\x1e'
11E8E149-CA18-9356-AF82-12DF17AE4E1E,2019-ncaa-d0-natl,ncaa,8,13,7,13,9,12,19,17,58,72,131,43,4,4,44,27,10,11,184,11,12,11,12,35,35,21,19,23,178,123,282,37,216,57,271,45,248,150,23,59,3,18,55,86,,,326,115,,,27,5,66,240,19,49,68,197,291,9,12,52,50,46,45,118,246,166,214,116,32,20,105,,177,,,31,337,329,338,133,263,290,121,349,343,273,312,248,262,140,264,176,340,347,199,179,92,315,326,105,337,216,350,282,350,271,326,242,4,39,71,130,32,312,286,,,5,75,,,27,346,26,103,33,183,171,197,76,72,326,311,121,123,125,166,284,246,300,292,216,37,39,238,,58,,,b'\x11\xe8\xe1I\xca\x18\x93V\xaf\x82\x12\xdf\x17\xaeN\x1e'
11E8E149-CA18-9356-AF82-12DF17AE4E1E,2019-ncaa-d1-conf-MAC,ncaa,1,2,1,2,2,3,3,1,8,8,9,7,1,1,4,1,3,2,10,2,1,2,2,3,4,3,1,1,5,7,8,4,12,4,10,5,9,4,1,5,1,1,2,2,,,10,4,,,3,1,3,8,3,4,3,8,11,1,1,3,3,2,2,2,7,9,8,6,2,1,2,,7,,,3,11,9,11,5,5,9,5,11,10,9,10,4,4,3,4,4,11,12,6,6,3,8,11,3,12,12,12,8,12,10,11,10,1,1,2,2,1,12,11,,,3,5,,,3,12,3,5,3,6,7,8,3,4,10,8,3,3,2,6,11,12,12,12,10,1,1,11,,4,,,b'\x11\xe8\xe1I\xca\x18\x93V\xaf\x82\x12\xdf\x17\xaeN\x1e'
11E8E149-CA18-9356-AF82-12DF17AE4E1E,2019-ncaa-d1-natl,ncaa,9,13,11,13,15,15,26,23,67,92,164,47,5,4,48,28,18,14,179,13,12,16,20,37,40,25,19,23,171,153,290,47,235,69,282,65,256,110,22,64,5,29,65,93,,,306,117,,,32,11,67,238,23,56,76,215,296,11,12,51,53,50,50,126,253,179,226,125,31,26,111,,181,,,37,335,322,331,146,242,267,134,347,339,283,311,228,241,146,241,178,332,345,222,191,111,313,324,103,334,235,350,290,349,282,319,247,5,46,82,100,36,310,299,,,8,75,,,32,341,29,122,40,199,182,198,83,76,326,311,129,124,127,175,282,253,305,297,224,41,42,241,,60,,,b'\x11\xe8\xe1I\xca\x18\x93V\xaf\x82\x12\xdf\x17\xaeN\x1e'
11E8E149-CA18-9356-AF82-12DF17AE4E1E,2020-ncaa-d0-natl,ncaa,81,81,87,86,136,34,51,38,107,151,229,69,13,11,94,37,79,45,278,45,30,26,79,71,83,39,46,42,214,152,251,222,258,191,304,178,318,27,14,83,9,18,310,285,,,203,120,,,69,66,59,213,25,47,24,169,257,13,10,90,49,50,16,79,165,259,235,202,24,9,315,,182,,,70,261,272,213,274,174,38,340,332,347,117,348,101,116,105,112,235,197,286,310,288,181,288,327,58,256,258,335,251,325,304,291,249,20,31,104,15,9,244,248,,,32,55,,,69,282,44,185,74,250,257,190,152,14,331,344,94,114,112,162,287,238,328,318,276,28,14,223,,33,,,b'\x11\xe8\xe1I\xca\x18\x93V\xaf\x82\x12\xdf\x17\xaeN\x1e'
11E8E149-CA18-9356-AF82-12DF17AE4E1E,2020-ncaa-d1-conf-MAC,ncaa,3,3,5,3,10,1,2,3,3,4,5,4,2,2,4,2,5,4,9,4,3,3,5,3,2,2,2,2,7,3,6,11,9,11,11,9,12,1,1,3,1,1,9,7,,,2,2,,,1,5,4,7,1,2,1,4,5,2,2,4,4,4,1,5,3,11,10,8,1,1,8,,3,,,1,7,7,1,11,3,1,12,12,12,6,12,2,1,8,1,6,1,5,11,11,8,11,12,3,5,9,11,6,8,11,12,12,1,1,6,1,1,11,10,,,4,4,,,1,6,1,8,2,9,8,4,4,1,12,12,2,1,1,1,6,5,11,10,12,1,1,11,,3,,,b'\x11\xe8\xe1I\xca\x18\x93V\xaf\x82\x12\xdf\x17\xaeN\x1e'
11E8E149-CA18-9356-AF82-12DF17AE4E1E,2020-ncaa-d1-natl,ncaa,92,81,128,94,202,45,66,52,111,178,259,69,20,14,100,37,95,54,276,56,31,43,115,77,88,41,43,41,207,177,257,258,265,237,306,211,320,21,15,86,12,22,319,289,,,170,128,,,84,97,59,201,29,52,28,182,263,16,10,91,52,55,22,84,173,265,243,213,25,13,317,,186,,,83,247,256,181,286,157,24,342,332,345,120,348,93,107,108,102,238,155,259,316,298,197,287,325,57,236,265,327,257,311,306,276,247,30,35,114,14,9,231,260,,,44,55,,,84,250,45,207,86,259,269,191,156,17,333,345,96,115,115,164,284,242,335,320,279,31,15,228,,31,,,b'\x11\xe8\xe1I\xca\x18\x93V\xaf\x82\x12\xdf\x17\xaeN\x1e'
11E8E149-CA18-9356-AF82-12DF17AE4E1E,2021-ncaa-d0-natl,ncaa,71,143,59,106,64,31,37,33,77,61,122,17,20,10,177,25,50,51,125,51,52,33,38,58,60,41,65,55,211,81,231,112,194,96,261,150,339,205,51,177,9,15,297,327,,,291,155,,,90,32,16,89,16,32,20,92,236,20,7,71,81,79,17,25,155,235,208,241,92,9,330,,238,,,98,321,307,268,303,276,187,331,336,334,232,332,264,230,327,232,244,273,303,321,327,261,297,308,123,247,194,319,231,303,261,323,256,13,38,128,188,54,177,142,,,47,153,,,90,312,44,238,107,305,292,216,196,44,322,330,212,159,166,213,315,153,300,273,300,21,93,110,,73,,,b'\x11\xe8\xe1I\xca\x18\x93V\xaf\x82\x12\xdf\x17\xaeN\x1e'
11E8E149-CA18-9356-AF82-12DF17AE4E1E,2021-ncaa-d1-conf-MAC,ncaa,3,3,6,3,6,4,4,3,5,5,7,2,3,2,10,2,5,6,7,7,5,4,4,5,5,3,6,7,8,6,7,8,5,7,8,8,12,5,3,5,1,1,11,11,,,6,5,,,2,4,1,4,2,2,1,3,7,2,1,5,4,5,1,1,5,10,7,8,5,1,11,,7,,,2,7,7,4,11,5,2,11,8,8,5,11,5,2,11,2,7,3,8,11,11,3,8,9,4,3,5,11,7,7,8,11,11,1,1,4,3,3,10,10,,,6,8,,,2,9,4,3,2,6,7,5,5,1,9,9,4,4,3,3,11,4,10,10,11,1,5,10,,4,,,b'\x11\xe8\xe1I\xca\x18\x93V\xaf\x82\x12\xdf\x17\xaeN\x1e'
11E8E149-CA18-9356-AF82-12DF17AE4E1E,2021-ncaa-d1-natl,ncaa,74,143,70,110,74,35,43,39,82,70,138,17,21,11,177,24,57,61,126,60,49,38,47,62,60,43,64,54,210,92,237,131,201,113,270,171,339,190,51,180,14,15,300,327,,,283,155,,,97,38,16,86,18,34,22,94,241,19,9,73,82,80,19,27,161,240,219,251,90,11,330,,242,,,106,317,303,259,305,271,173,333,334,333,238,332,257,225,327,227,246,262,296,323,328,274,297,309,124,237,201,313,237,299,270,321,256,18,43,132,176,54,171,145,,,56,148,,,97,306,47,247,115,310,294,218,204,44,323,331,216,160,165,212,315,155,301,280,304,22,92,116,,79,,,b'\x11\xe8\xe1I\xca\x18\x93V\xaf\x82\x12\xdf\x17\xaeN\x1e'
11E8E149-CA18-9356-AF82-12DF17AE4E1E,2022-ncaa-d0-natl,ncaa,174,180,163,185,202,84,99,90,161,183,228,116,28,18,108,33,131,102,263,96,45,85,114,102,119,69,32,30,227,150,250,171,222,168,285,192,319,28,15,100,60,64,244,221,,,147,77,,,174,106,28,275,30,55,15,189,241,15,11,116,88,78,20,51,135,166,142,198,34,42,253,,159,,,174,307,299,249,279,163,101,308,354,347,312,353,156,137,286,121,194,236,247,328,324,300,336,348,62,225,222,329,250,321,285,345,346,97,119,297,20,12,121,153,,,153,218,,,174,250,69,295,174,324,314,293,175,64,354,354,156,129,118,273,312,236,340,324,347,81,24,106,,135,,,b'\x11\xe8\xe1I\xca\x18\x93V\xaf\x82\x12\xdf\x17\xaeN\x1e'
11E8E149-CA18-9356-AF82-12DF17AE4E1E,2022-ncaa-d1-conf-MAC,ncaa,9,6,9,9,9,6,7,8,7,9,9,7,2,2,4,3,7,5,12,5,3,6,10,6,7,5,2,1,8,8,8,10,8,8,10,10,11,1,1,5,4,5,9,7,,,2,4,,,7,10,3,4,4,6,4,9,8,1,2,6,5,4,3,4,8,7,7,7,1,4,9,,6,,,7,5,5,6,8,2,1,10,11,11,10,11,3,2,12,2,5,2,5,8,8,8,12,11,2,9,8,9,8,10,10,12,12,4,5,10,1,1,4,6,,,8,8,,,7,4,6,9,8,9,9,9,3,2,12,11,4,2,2,9,10,10,11,12,12,4,2,4,,7,,,b'\x11\xe8\xe1I\xca\x18\x93V\xaf\x82\x12\xdf\x17\xaeN\x1e'
11E8E149-CA18-9356-AF82-12DF17AE4E1E,2022-ncaa-d1-natl,ncaa,176,180,146,186,196,72,91,77,159,190,228,112,27,18,112,31,111,76,274,73,29,78,112,97,110,70,31,32,208,147,254,168,203,163,283,206,324,34,18,113,57,60,243,221,,,166,90,,,173,102,29,275,33,56,18,196,251,16,12,101,68,65,19,50,142,169,143,218,42,42,252,,169,,,172,317,299,257,284,168,93,306,354,351,316,352,167,138,278,125,214,237,257,330,324,298,339,349,67,211,203,331,254,324,283,345,347,84,121,291,23,13,106,146,,,129,192,,,173,257,73,289,174,323,316,288,170,59,353,354,158,130,122,266,311,216,340,323,345,81,26,97,,110,,,b'\x11\xe8\xe1I\xca\x18\x93V\xaf\x82\x12\xdf\x17\xaeN\x1e'
11E8E149-CA18-9356-AF82-12DF17AE4E1E,2023-ncaa-d0-natl,ncaa,325,328,236,331,264,231,265,282,230,327,351,103,80,41,238,11,230,270,65,263,47,279,273,163,157,186,16,22,179,347,353,262,336,322,350,235,171,208,273,245,159,144,261,209,,,217,225,,,322,212,102,209,213,256,267,334,351,52,18,208,243,233,266,232,345,245,333,221,254,114,254,,273,,,323,289,225,187,224,75,33,291,348,344,238,357,286,262,316,259,331,203,180,294,310,328,353,349,252,315,336,229,353,284,350,266,271,228,240,285,225,274,42,215,,,254,202,,,322,141,252,348,321,342,283,290,129,45,360,359,308,289,286,320,303,338,298,330,306,195,261,59,,210,,,b'\x11\xe8\xe1I\xca\x18\x93V\xaf\x82\x12\xdf\x17\xaeN\x1e'
11E8E149-CA18-9356-AF82-12DF17AE4E1E,2023-ncaa-d1-conf-MAC,ncaa,11,11,9,11,11,11,12,12,12,12,12,12,5,3,10,1,9,9,5,9,4,12,10,12,11,10,1,1,4,9,9,10,12,11,11,12,7,11,11,12,5,5,10,9,,,7,8,,,12,10,6,6,10,12,9,12,12,4,1,8,9,9,9,6,7,8,9,12,11,3,10,,9,,,12,4,2,7,3,1,1,6,10,11,5,11,6,7,5,7,11,4,7,6,7,7,12,11,6,12,12,8,9,11,11,6,8,7,6,7,10,12,1,7,,,10,9,,,12,3,11,9,12,9,7,10,4,2,12,12,10,10,10,10,12,12,10,12,8,4,12,3,,9,,,b'\x11\xe8\xe1I\xca\x18\x93V\xaf\x82\x12\xdf\x17\xaeN\x1e'
11E8E149-CA18-9356-AF82-12DF17AE4E1E,2023-ncaa-d1-natl,ncaa,337,328,310,338,320,275,296,324,242,342,358,110,96,57,246,11,249,293,64,283,46,320,322,169,162,197,15,21,174,352,355,300,339,345,353,272,180,179,282,257,190,157,276,213,,,185,234,,,328,275,108,187,229,271,275,339,353,55,18,209,246,238,277,240,351,256,337,237,257,131,258,,275,,,334,272,197,144,245,60,18,306,345,340,257,357,276,246,324,245,333,162,124,303,322,335,352,348,252,303,339,195,355,256,353,255,278,261,254,298,201,283,33,223,,,282,191,,,328,80,264,349,330,345,297,295,135,46,360,359,313,294,290,322,304,340,304,330,310,206,264,65,,209,,,b'\x11\xe8\xe1I\xca\x18\x93V\xaf\x82\x12\xdf\x17\xaeN\x1e'
11E8E149-CA18-9356-AF82-12DF17AE4E1E,2024-ncaa-d0-natl,ncaa,246,251,196,258,239,197,221,211,233,282,324,114,101,51,263,26,188,158,261,165,40,200,166,181,180,228,38,57,142,323,346,304,350,324,359,259,271,313,314,308,22,24,350,339,,,251,181,,,289,121,27,259,186,221,214,298,332,76,26,163,133,142,204,105,324,325,346,267,325,12,350,,284,,,288,266,220,160,272,134,41,344,312,329,158,350,304,289,270,291,335,184,272,313,321,194,332,301,269,325,350,320,346,333,359,291,305,15,17,91,301,297,47,158,,,127,98,,,289,246,282,243,283,312,268,204,173,23,338,352,312,299,297,248,341,338,338,347,312,4,315,55,,72,,,b'\x11\xe8\xe1I\xca\x18\x93V\xaf\x82\x12\xdf\x17\xaeN\x1e'
11E8E149-CA18-9356-AF82-12DF17AE4E1E,2024-ncaa-d1-conf-MAC,ncaa,6,6,5,6,6,6,6,6,7,8,11,4,4,2,8,2,6,6,4,6,2,5,5,6,7,7,2,2,1,11,12,11,12,11,12,8,10,9,9,9,1,2,12,12,,,11,6,,,9,5,1,9,6,7,8,10,11,4,1,6,5,5,6,4,11,11,11,9,9,1,12,,9,,,9,11,11,5,11,3,2,11,12,11,7,12,12,12,11,12,12,8,11,12,12,8,11,11,9,11,12,11,12,11,12,11,11,1,1,5,9,8,7,9,,,4,4,,,9,8,8,9,8,11,11,7,5,1,12,11,12,12,12,8,12,12,12,12,12,1,8,7,,3,,,b'\x11\xe8\xe1I\xca\x18\x93V\xaf\x82\x12\xdf\x17\xaeN\x1e'
11E8E149-CA18-9356-AF82-12DF17AE4E1E,2024-ncaa-d1-natl,ncaa,266,253,254,268,302,242,267,272,251,321,345,127,120,58,274,27,208,188,265,196,39,260,232,197,192,244,37,59,137,334,351,326,353,349,361,290,281,297,322,318,34,33,354,344,,,234,191,,,299,165,27,260,210,247,228,313,335,84,28,167,142,150,215,115,328,332,352,286,327,16,353,,293,,,299,256,199,118,288,108,20,351,310,322,174,351,295,269,278,269,340,142,243,319,335,225,332,303,272,315,353,296,351,319,361,282,308,25,20,105,287,306,44,169,,,153,92,,,299,208,294,268,295,320,278,209,194,23,340,353,317,305,304,252,344,341,346,350,319,6,319,56,,73,,,b'\x11\xe8\xe1I\xca\x18\x93V\xaf\x82\x12\xdf\x17\xaeN\x1e'
11E8E149-CA18-9356-AF82-12DF17AE4E1E,2025-ncaa-d0-natl,genius_ncaa,332,323,301,334,328,332,347,341,325,360,361,220,141,62,282,6,278,271,256,261,11,340,326,261,271,305,6,15,134,356,357,319,350,355,361,335,273,217,324,337,150,113,329,287,,,37,41,,110,350,284,103,269,322,345,323,360,362,79,16,242,220,207,314,268,354,284,354,336,306,97,314,,97,,160,352,228,215,148,306,59,7,353,354,348,308,362,91,89,154,95,271,127,125,352,342,335,352,362,47,306,350,260,357,293,361,341,359,226,192,337,227,318,116,345,,,297,179,,183,350,77,334,353,352,339,333,309,156,28,362,362,162,161,169,301,303,352,348,355,359,148,303,184,,222,,149,b'\x11\xe8\xe1I\xca\x18\x93V\xaf\x82\x12\xdf\x17\xaeN\x1e'
11E8E149-CA18-9356-AF82-12DF17AE4E1E,2025-ncaa-d1-conf-MAC,genius_ncaa,10,10,9,10,11,12,12,12,12,12,12,11,5,4,9,2,8,8,8,8,2,12,11,10,10,10,1,2,6,12,12,10,11,11,12,12,9,7,10,11,7,6,10,5,,,1,3,,5,11,9,2,7,11,12,11,12,11,2,2,8,8,8,11,11,12,10,10,12,9,3,9,,3,,5,11,10,7,6,7,3,1,9,12,12,10,12,1,1,5,1,8,5,6,10,10,9,12,12,1,12,11,12,12,12,12,12,12,5,4,12,5,10,8,11,,,10,9,,7,11,4,12,10,11,10,10,11,4,2,12,12,3,3,3,10,12,12,12,12,12,4,9,11,,10,,7,b'\x11\xe8\xe1I\xca\x18\x93V\xaf\x82\x12\xdf\x17\xaeN\x1e'
11E8E149-CA18-9356-AF82-12DF17AE4E1E,2025-ncaa-d1-natl,genius_ncaa,331,323,304,333,333,325,339,333,319,358,362,211,117,52,278,6,287,268,287,260,14,327,319,248,265,293,6,14,158,355,357,304,345,348,360,337,264,223,325,331,150,124,330,293,,,38,33,,108,345,270,94,269,312,340,307,358,361,66,18,254,221,206,308,252,353,257,342,332,303,104,318,,89,,153,345,232,216,160,286,61,7,352,356,352,286,362,79,75,168,82,259,142,135,347,336,319,349,362,43,303,345,278,357,307,360,346,359,213,180,332,238,318,140,346,,,300,205,,180,345,89,334,340,345,336,327,310,147,26,362,362,144,141,146,301,303,348,350,356,359,139,301,205,,239,,148,b'\x11\xe8\xe1I\xca\x18\x93V\xaf\x82\x12\xdf\x17\xaeN\x1e'
11E8E149-CA18-9356-AF82-12DF17AE4E1E,2026-ncaa-d0-natl,genius_ncaa,163,80,279,147,291,240,267,292,209,337,354,98,93,66,195,5,182,138,322,140,1,274,287,135,144,142,4,14,88,251,236,299,265,301,284,265,205,71,143,196,93,26,318,215,,,105,215,,263,182,285,62,97,109,195,154,329,358,16,5,71,30,30,94,96,183,237,215,193,175,18,313,,255,,337,184,81,54,58,199,7,3,323,318,316,222,363,105,96,197,94,361,59,78,291,293,204,362,363,171,117,265,110,236,108,284,173,351,154,42,149,44,93,136,337,,,142,8,,66,182,75,153,206,183,252,183,161,20,1,363,363,215,211,212,166,293,251,293,301,308,30,110,237,,6,,23,b'\x11\xe8\xe1I\xca\x18\x93V\xaf\x82\x12\xdf\x17\xaeN\x1e'
11E8E149-CA18-9356-AF82-12DF17AE4E1E,2026-ncaa-d1-natl,genius_ncaa,203,80,345,166,350,317,342,348,249,359,363,114,123,93,214,5,239,183,328,187,1,344,348,165,178,169,4,14,76,320,266,349,287,349,317,333,223,29,164,230,139,35,344,234,,,47,233,,246,220,348,76,100,144,231,180,345,358,18,5,74,34,34,119,122,210,264,256,235,186,24,327,,270,,346,224,32,17,11,239,3,1,341,308,296,254,363,72,55,206,53,362,10,16,322,326,256,363,363,159,70,287,55,266,53,317,135,352,229,55,199,23,100,108,346,,,205,7,,86,220,16,187,261,221,290,219,170,25,1,363,363,233,226,226,181,291,272,308,314,328,43,113,259,,6,,22,b'\x11\xe8\xe1I\xca\x18\x93V\xaf\x82\x12\xdf\x17\xaeN\x1e'
11E8E149-CA1C-C6EC-AF82-12DF17AE4E1E,2010-ncaa-d0-natl,ncaa,5,8,6,8,9,3,7,15,12,11,21,23,19,74,1,209,8,11,15,12,115,13,18,8,7,5,139,147,165,85,150,5,12,14,23,5,55,160,26,8,75,174,45,104,,,57,2,,,7,11,86,262,8,12,74,25,88,52,155,20,66,71,59,138,197,14,50,10,32,167,73,,4,,,11,330,339,340,128,331,339,104,322,312,228,231,26,26,167,24,3,336,332,132,77,106,67,267,1,222,12,302,150,286,23,278,47,62,205,167,146,40,197,81,,,21,138,,,7,337,4,65,10,132,251,309,215,284,243,237,5,2,2,213,198,43,80,49,125,206,45,112,,121,,,b'\x11\xe8\xe1I\xca\x1c\xc6\xec\xaf\x82\x12\xdf\x17\xaeN\x1e'
11E8E149-CA1C-C6EC-AF82-12DF17AE4E1E,2010-ncaa-d1-conf-Big Ten,ncaa,1,1,1,1,2,1,1,1,2,2,2,2,3,3,1,7,1,1,1,1,4,1,1,1,1,1,7,6,5,5,5,1,3,1,1,1,5,3,2,1,2,5,6,7,,,1,1,,,1,1,3,9,1,1,3,2,4,3,7,1,3,3,3,3,6,1,3,2,1,5,6,,1,,,1,8,11,11,7,11,11,7,6,8,4,4,1,1,7,1,1,10,11,7,4,3,1,4,1,6,3,8,5,7,1,6,2,2,6,6,2,2,5,4,,,2,3,,,1,11,1,2,1,5,10,10,11,10,4,5,1,1,1,8,9,5,5,5,5,5,2,5,,3,,,b'\x11\xe8\xe1I\xca\x1c\xc6\xec\xaf\x82\x12\xdf\x17\xaeN\x1e'
11E8E149-CA1C-C6EC-AF82-12DF17AE4E1E,2010-ncaa-d1-natl,ncaa,5,8,6,8,9,3,7,16,12,11,21,23,20,78,1,210,9,16,15,17,114,14,18,8,7,5,137,148,159,89,154,5,12,14,25,5,55,147,26,8,80,176,49,105,,,46,2,,,7,11,87,263,8,12,76,25,92,53,155,20,68,73,59,141,200,15,52,12,33,180,74,,5,,,11,328,339,340,131,329,339,111,321,307,229,233,20,24,170,22,3,335,330,139,82,114,65,263,1,203,12,293,154,274,25,273,48,69,215,172,139,40,191,85,,,21,137,,,7,337,4,77,10,138,258,310,221,285,245,238,5,2,2,218,198,44,84,52,125,216,45,114,,120,,,b'\x11\xe8\xe1I\xca\x1c\xc6\xec\xaf\x82\x12\xdf\x17\xaeN\x1e'
11E8E149-CA1C-C6EC-AF82-12DF17AE4E1E,2010-ncaa-d1-ncaatournament,ncaa,17,2,17,17,20,17,16,19,3,17,19,13,13,25,1,42,28,30,22,30,47,20,17,5,4,7,31,25,48,16,3,20,16,18,3,13,8,47,47,14,28,45,14,5,,,35,12,,,13,17,9,9,3,3,14,12,15,10,35,38,41,40,19,7,12,10,6,1,54,42,7,,14,,,11,46,44,46,29,40,38,29,57,52,47,59,26,37,11,36,34,45,45,42,32,38,51,60,11,40,16,33,3,35,3,45,29,27,44,40,53,56,34,23,,,35,62,,,13,48,7,33,12,46,43,52,25,20,62,61,17,27,26,46,47,27,3,4,40,39,56,34,,61,,,b'\x11\xe8\xe1I\xca\x1c\xc6\xec\xaf\x82\x12\xdf\x17\xaeN\x1e'
11E8E149-CA1C-C6EC-AF82-12DF17AE4E1E,2011-ncaa-d0-natl,ncaa,30,47,26,49,38,19,19,55,10,17,49,5,145,153,147,230,22,37,23,36,120,44,65,21,13,6,266,274,138,240,289,16,136,52,172,14,55,45,10,8,253,313,11,45,,,56,4,,,41,43,109,257,24,19,133,20,110,192,212,38,80,78,104,230,309,23,149,14,9,299,15,,12,,,44,322,334,334,98,325,334,100,285,302,136,193,157,120,305,123,27,334,309,92,78,184,95,198,56,325,136,270,289,312,172,234,44,229,327,263,104,58,27,12,,,49,90,,,41,303,13,203,39,210,265,322,248,313,217,252,92,60,64,306,243,264,126,187,146,316,53,15,,124,,,b'\x11\xe8\xe1I\xca\x1c\xc6\xec\xaf\x82\x12\xdf\x17\xaeN\x1e'
11E8E149-CA1C-C6EC-AF82-12DF17AE4E1E,2011-ncaa-d1-conf-Big Ten,ncaa,2,2,1,2,2,1,1,2,1,1,2,1,5,6,5,9,1,1,5,1,5,2,3,1,1,1,9,10,4,5,7,2,10,3,8,1,4,4,2,1,8,10,1,2,,,5,3,,,2,3,3,8,1,1,3,1,3,7,7,2,2,2,2,7,7,2,5,1,3,9,1,,4,,,2,9,9,11,2,10,11,2,6,10,2,6,9,9,9,9,5,11,11,2,2,2,7,3,6,11,10,10,7,11,8,6,2,5,9,3,4,3,1,1,,,1,3,,,2,9,1,6,2,8,5,11,8,11,4,8,8,8,8,11,11,11,5,9,4,8,3,1,,2,,,b'\x11\xe8\xe1I\xca\x1c\xc6\xec\xaf\x82\x12\xdf\x17\xaeN\x1e'
11E8E149-CA1C-C6EC-AF82-12DF17AE4E1E,2011-ncaa-d1-natl,ncaa,34,46,28,49,45,20,19,62,10,17,55,5,151,160,148,226,25,42,23,40,120,49,79,21,13,7,262,273,134,260,291,16,142,64,182,14,55,30,10,8,264,316,13,46,,,41,3,,,45,50,111,260,24,20,135,20,115,193,209,39,81,81,106,235,311,24,159,15,9,302,15,,12,,,48,318,330,333,102,322,334,104,278,296,134,194,150,106,309,112,26,332,306,98,84,192,93,197,54,322,142,255,291,308,182,226,43,252,329,269,90,59,25,12,,,56,90,,,45,297,14,212,43,216,270,324,254,312,217,251,93,61,65,305,243,264,127,188,150,317,53,14,,126,,,b'\x11\xe8\xe1I\xca\x1c\xc6\xec\xaf\x82\x12\xdf\x17\xaeN\x1e'
11E8E149-CA1C-C6EC-AF82-12DF17AE4E1E,2011-ncaa-d1-ncaatournament,ncaa,9,2,9,9,9,12,9,15,1,9,11,1,19,20,24,52,17,20,24,19,39,16,16,2,2,2,57,55,45,31,54,11,45,17,47,8,9,51,31,5,20,45,5,9,,,41,2,,,13,11,18,3,9,3,41,5,25,40,57,35,37,35,44,50,59,21,51,2,26,38,3,,5,,,15,54,57,56,27,60,57,29,44,48,22,20,37,36,44,36,4,54,54,26,17,28,8,19,7,58,45,50,54,54,47,52,16,18,50,43,54,42,18,9,,,12,12,,,13,53,7,38,16,40,54,62,57,63,19,28,9,5,6,55,51,55,15,39,37,39,40,9,,19,,,b'\x11\xe8\xe1I\xca\x1c\xc6\xec\xaf\x82\x12\xdf\x17\xaeN\x1e'
11E8E149-CA1C-C6EC-AF82-12DF17AE4E1E,2012-ncaa-d0-natl,ncaa,23,17,81,22,101,22,20,90,7,22,78,8,93,160,15,215,49,82,37,85,154,82,117,8,8,6,236,207,210,192,168,99,281,146,192,25,132,34,19,10,135,178,12,23,,,72,17,,,22,92,163,207,13,10,110,15,106,111,193,52,106,105,102,209,241,133,199,22,20,160,14,,32,,,20,234,261,305,116,269,324,46,209,135,306,64,140,127,187,126,44,296,272,105,87,130,98,169,85,326,281,109,168,241,192,165,60,158,230,156,3,2,16,4,,,90,104,,,22,248,9,191,20,195,215,294,237,319,177,94,111,102,102,268,242,309,56,181,122,204,4,10,,129,,,b'\x11\xe8\xe1I\xca\x1c\xc6\xec\xaf\x82\x12\xdf\x17\xaeN\x1e'
11E8E149-CA1C-C6EC-AF82-12DF17AE4E1E,2012-ncaa-d1-conf-Big Ten,ncaa,4,3,3,3,4,4,2,4,1,2,4,1,6,8,2,7,5,7,8,7,7,4,5,1,1,1,8,7,10,8,8,8,12,8,9,4,9,4,4,2,5,6,1,1,,,4,2,,,3,5,6,7,2,2,6,2,6,6,7,5,8,8,5,9,9,9,9,5,3,5,1,,2,,,3,8,9,9,7,9,10,4,7,4,12,3,4,4,9,4,3,8,9,7,7,8,6,7,5,11,12,5,8,7,9,6,5,6,7,6,1,1,1,2,,,6,7,,,3,8,1,8,4,8,9,9,8,12,7,4,5,3,3,6,8,12,3,6,7,6,1,1,,6,,,b'\x11\xe8\xe1I\xca\x1c\xc6\xec\xaf\x82\x12\xdf\x17\xaeN\x1e'
11E8E149-CA1C-C6EC-AF82-12DF17AE4E1E,2012-ncaa-d1-natl,ncaa,27,17,90,23,113,24,21,99,7,25,85,8,101,168,15,211,55,94,36,96,151,96,139,8,8,6,231,206,206,216,174,114,287,162,198,26,136,25,19,11,154,186,13,25,,,54,17,,,24,114,165,198,13,10,115,16,111,110,193,53,108,107,106,213,243,137,206,22,20,169,14,,31,,,23,221,248,297,123,254,321,51,198,119,312,63,128,115,193,114,44,287,259,108,91,140,101,162,86,321,287,89,174,221,198,150,61,179,239,162,1,2,8,4,,,102,98,,,24,225,9,200,23,199,219,296,241,319,180,94,111,102,103,269,241,312,54,185,127,216,4,10,,129,,,b'\x11\xe8\xe1I\xca\x1c\xc6\xec\xaf\x82\x12\xdf\x17\xaeN\x1e'
11E8E149-CA1C-C6EC-AF82-12DF17AE4E1E,2012-ncaa-d1-ncaatournament,ncaa,33,2,33,33,34,40,34,47,5,34,40,8,49,60,13,55,58,52,57,51,57,48,54,11,20,18,61,43,62,62,61,34,50,48,48,42,43,7,26,19,45,39,11,1,,,4,1,,,29,39,16,5,32,8,30,5,13,38,57,58,51,49,43,51,62,3,38,29,14,32,1,,6,,,31,13,16,32,5,3,30,1,35,29,49,49,6,5,25,5,6,30,28,13,7,19,56,61,10,34,50,14,61,28,48,15,33,57,58,56,3,4,6,7,,,55,55,,,29,20,35,30,35,37,41,64,10,61,59,59,11,10,9,62,59,63,36,58,36,55,4,8,,53,,,b'\x11\xe8\xe1I\xca\x1c\xc6\xec\xaf\x82\x12\xdf\x17\xaeN\x1e'
11E8E149-CA1C-C6EC-AF82-12DF17AE4E1E,2013-ncaa-d0-natl,ncaa,113,105,120,113,120,106,91,199,17,54,166,11,222,225,194,217,102,136,79,137,125,189,223,31,31,30,272,257,165,294,262,154,144,227,177,63,76,57,99,34,251,260,64,74,,,15,12,,,54,177,270,4,81,66,237,42,180,227,230,94,132,133,222,266,304,154,263,41,62,263,57,,13,,,52,97,130,181,101,198,235,97,58,62,93,65,126,83,322,76,54,146,163,72,83,77,59,72,172,178,144,90,262,112,177,36,15,164,137,51,10,18,40,40,,,162,116,,,54,159,49,96,53,82,115,148,181,249,50,57,116,80,78,111,130,158,69,98,28,167,15,36,,194,,,b'\x11\xe8\xe1I\xca\x1c\xc6\xec\xaf\x82\x12\xdf\x17\xaeN\x1e'
11E8E149-CA1C-C6EC-AF82-12DF17AE4E1E,2013-ncaa-d1-conf-Big Ten,ncaa,8,8,3,8,3,7,6,7,6,3,4,2,12,9,12,10,4,3,9,3,2,6,7,8,7,7,12,12,2,9,9,8,10,6,10,4,6,4,3,3,8,9,5,5,,,3,3,,,8,5,10,1,7,8,8,2,5,12,10,4,3,3,7,8,9,9,8,5,4,8,5,,3,,,8,9,9,8,7,11,11,6,1,1,5,1,8,8,12,8,8,9,8,6,8,9,3,1,8,8,10,9,9,11,10,3,2,4,4,5,1,2,2,2,,,3,3,,,8,7,8,8,8,8,7,6,10,12,2,1,8,8,8,7,7,8,9,8,3,4,1,2,,3,,,b'\x11\xe8\xe1I\xca\x1c\xc6\xec\xaf\x82\x12\xdf\x17\xaeN\x1e'
11E8E149-CA1C-C6EC-AF82-12DF17AE4E1E,2013-ncaa-d1-natl,ncaa,121,104,136,117,137,119,98,221,17,62,188,11,227,229,196,215,113,148,78,149,125,211,251,33,32,31,269,257,161,301,269,170,147,253,181,69,77,48,102,37,267,266,68,75,,,10,13,,,56,201,273,4,85,68,240,46,183,229,230,95,132,131,224,269,305,160,265,44,64,274,59,,14,,,54,76,115,165,109,180,223,102,49,54,100,64,116,72,321,67,54,120,134,77,90,85,58,68,170,162,147,65,269,84,181,29,16,178,143,58,8,21,33,41,,,185,113,,,56,131,51,103,55,89,118,148,187,254,52,56,118,81,78,114,129,158,69,98,30,174,17,38,,192,,,b'\x11\xe8\xe1I\xca\x1c\xc6\xec\xaf\x82\x12\xdf\x17\xaeN\x1e'
11E8E149-CA1C-C6EC-AF82-12DF17AE4E1E,2014-ncaa-d0-natl,ncaa,129,224,15,172,25,75,66,58,107,60,52,132,159,166,124,219,91,134,46,134,254,67,56,130,116,144,233,216,195,190,263,42,251,78,235,110,210,306,216,207,180,253,12,12,,,239,76,,,154,33,169,270,192,172,229,138,163,217,241,203,250,245,253,240,276,126,217,209,195,249,16,,93,,,155,314,271,323,51,177,284,45,335,338,209,310,279,231,337,232,159,323,323,88,106,120,331,320,195,342,251,302,263,333,235,239,154,78,179,124,201,121,315,239,,,69,168,,,154,313,187,159,163,150,108,229,47,110,305,312,181,120,123,206,210,290,166,238,114,166,102,260,,217,,,b'\x11\xe8\xe1I\xca\x1c\xc6\xec\xaf\x82\x12\xdf\x17\xaeN\x1e'
11E8E149-CA1C-C6EC-AF82-12DF17AE4E1E,2014-ncaa-d1-conf-Big Ten,ncaa,8,8,2,8,3,4,3,4,7,4,3,5,8,7,9,8,7,7,7,7,8,3,2,6,8,9,9,9,7,7,8,6,11,7,10,7,8,12,10,10,7,9,1,1,,,12,8,,,8,2,5,8,8,7,7,6,5,9,9,9,7,7,8,5,8,8,8,8,11,7,2,,10,,,8,11,7,9,2,6,8,1,6,9,7,7,12,12,12,12,11,10,11,3,7,4,10,7,12,11,11,9,8,11,10,6,6,3,4,2,9,9,7,6,,,4,8,,,8,11,8,5,8,7,2,5,3,6,6,6,11,10,10,9,11,11,9,10,3,4,9,6,,7,,,b'\x11\xe8\xe1I\xca\x1c\xc6\xec\xaf\x82\x12\xdf\x17\xaeN\x1e'
11E8E149-CA1C-C6EC-AF82-12DF17AE4E1E,2014-ncaa-d1-natl,ncaa,143,223,16,177,29,90,78,69,114,67,60,142,165,174,122,220,105,152,46,150,253,81,63,137,119,155,233,215,191,207,268,45,262,91,242,122,213,296,220,217,195,257,12,12,,,221,79,,,171,41,176,273,196,180,234,142,163,219,241,206,252,249,255,244,279,135,230,217,198,253,17,,94,,,172,307,259,319,55,160,270,47,332,335,211,310,267,210,337,210,161,319,317,95,111,127,331,320,192,341,262,296,268,330,242,228,153,91,185,131,192,124,314,244,,,78,171,,,171,305,193,168,177,155,113,227,50,109,307,312,184,122,126,208,208,293,168,242,121,176,101,264,,219,,,b'\x11\xe8\xe1I\xca\x1c\xc6\xec\xaf\x82\x12\xdf\x17\xaeN\x1e'
11E8E149-CA1C-C6EC-AF82-12DF17AE4E1E,2015-ncaa-d0-natl,ncaa,33,67,13,61,13,7,8,8,25,18,28,19,10,13,63,84,18,28,48,28,115,9,13,21,15,11,120,102,231,142,294,6,244,24,272,21,234,142,16,25,88,236,6,17,,,178,6,,,34,5,7,23,4,7,9,24,98,26,37,37,69,59,8,17,245,19,83,36,37,150,8,,44,,,36,348,348,349,114,340,348,95,346,343,264,264,204,176,272,178,24,349,347,147,113,143,194,296,27,349,244,345,294,348,272,345,194,39,211,220,53,4,318,221,,,13,163,,,34,346,20,163,41,316,324,347,301,337,330,329,98,80,79,344,345,340,324,339,314,95,15,256,,43,,,b'\x11\xe8\xe1I\xca\x1c\xc6\xec\xaf\x82\x12\xdf\x17\xaeN\x1e'
11E8E149-CA1C-C6EC-AF82-12DF17AE4E1E,2015-ncaa-d1-conf-Big Ten,ncaa,2,3,1,3,1,1,1,1,3,3,4,3,1,1,3,4,2,2,5,2,4,1,1,3,3,2,3,6,7,6,9,2,12,3,10,4,14,4,1,4,6,7,1,2,,,10,3,,,2,1,1,4,1,1,1,5,7,1,2,2,2,2,1,1,7,3,6,6,2,6,1,,5,,,2,13,13,13,1,11,13,2,10,13,5,8,14,13,12,12,7,14,14,2,3,3,9,8,11,14,12,14,9,14,10,9,6,3,5,4,2,1,10,7,,,1,3,,,2,14,3,4,2,10,7,13,8,12,8,12,12,10,10,13,14,14,12,14,5,3,1,8,,1,,,b'\x11\xe8\xe1I\xca\x1c\xc6\xec\xaf\x82\x12\xdf\x17\xaeN\x1e'
11E8E149-CA1C-C6EC-AF82-12DF17AE4E1E,2015-ncaa-d1-natl,ncaa,36,67,15,64,16,7,8,10,29,20,33,23,12,15,68,83,20,33,47,31,110,12,14,20,18,12,115,101,225,161,298,6,253,26,284,25,240,109,16,27,105,243,6,16,,,147,6,,,35,5,8,21,4,7,10,28,103,28,38,39,72,61,8,18,249,18,89,39,37,161,8,,47,,,36,348,348,349,134,338,348,102,344,342,270,263,190,154,275,153,24,349,347,159,118,154,189,297,26,349,253,344,298,347,284,345,196,47,220,226,40,4,314,225,,,17,157,,,35,346,21,185,46,320,327,347,303,336,329,329,97,83,82,344,345,340,328,340,316,99,16,260,,44,,,b'\x11\xe8\xe1I\xca\x1c\xc6\xec\xaf\x82\x12\xdf\x17\xaeN\x1e'
11E8E149-CA1C-C6EC-AF82-12DF17AE4E1E,2015-ncaa-d1-ncaatournament,ncaa,17,2,17,17,17,18,18,22,6,15,20,4,31,20,46,36,15,18,11,17,15,20,19,14,8,6,45,54,12,47,61,16,21,23,45,21,46,36,19,18,13,17,22,34,,,40,15,,,16,17,2,4,3,3,17,1,16,44,28,3,6,4,10,9,59,3,25,17,24,5,21,,27,,,13,45,49,49,24,47,48,18,49,47,49,49,22,23,28,27,7,48,48,30,22,28,40,54,5,44,21,47,61,46,45,51,34,21,38,39,35,19,35,24,,,18,14,,,16,47,16,25,13,54,60,64,48,62,58,57,11,9,14,63,64,39,49,51,52,18,20,28,,7,,,b'\x11\xe8\xe1I\xca\x1c\xc6\xec\xaf\x82\x12\xdf\x17\xaeN\x1e'
11E8E149-CA1C-C6EC-AF82-12DF17AE4E1E,2016-ncaa-d0-natl,ncaa,23,30,25,33,25,3,5,14,7,13,36,4,12,16,13,84,11,26,24,26,114,11,17,5,5,2,117,94,245,168,275,44,262,76,264,38,320,77,12,27,83,207,24,71,,,163,10,,,25,9,10,40,3,3,15,13,110,14,32,23,52,53,13,32,257,98,178,57,26,136,36,,57,,,26,347,347,348,272,346,347,206,343,312,340,152,230,224,217,229,54,348,348,283,260,258,140,236,43,345,262,328,275,340,264,332,127,37,179,207,5,2,49,14,,,62,258,,,25,342,3,265,28,333,339,342,320,341,315,258,157,139,141,338,339,317,239,295,298,66,3,19,,158,,,b'\x11\xe8\xe1I\xca\x1c\xc6\xec\xaf\x82\x12\xdf\x17\xaeN\x1e'
11E8E149-CA1C-C6EC-AF82-12DF17AE4E1E,2016-ncaa-d1-conf-Big Ten,ncaa,2,2,4,2,4,1,2,4,2,4,9,1,1,1,5,2,3,3,3,3,3,5,5,1,1,1,2,3,8,8,9,6,12,5,9,7,12,6,3,1,5,6,6,8,,,2,1,,,2,3,3,1,1,1,3,2,12,2,2,3,3,3,3,4,9,7,6,6,5,5,5,,1,,,2,12,12,12,6,10,12,5,11,10,13,6,6,5,4,5,4,12,13,7,7,6,6,10,3,12,12,10,9,12,9,10,6,3,3,6,1,1,1,1,,,9,9,,,2,12,1,6,2,11,13,12,9,12,12,11,6,5,5,13,13,13,8,10,9,2,1,1,,8,,,b'\x11\xe8\xe1I\xca\x1c\xc6\xec\xaf\x82\x12\xdf\x17\xaeN\x1e'
11E8E149-CA1C-C6EC-AF82-12DF17AE4E1E,2016-ncaa-d1-natl,ncaa,25,30,30,33,31,4,6,17,7,15,44,4,15,19,13,82,14,36,22,36,108,14,20,5,5,2,112,93,243,197,278,51,272,93,274,40,322,51,12,29,101,218,29,75,,,127,11,,,27,11,10,37,3,3,15,14,111,14,34,23,52,54,14,32,268,105,195,61,25,145,36,,59,,,29,346,346,347,279,345,347,219,339,301,342,152,215,209,223,213,55,348,348,294,274,272,140,233,46,344,272,318,278,338,274,332,129,46,193,213,3,2,42,14,,,78,252,,,27,340,3,275,35,336,341,342,324,341,318,257,164,145,149,339,340,320,243,296,302,73,3,23,,158,,,b'\x11\xe8\xe1I\xca\x1c\xc6\xec\xaf\x82\x12\xdf\x17\xaeN\x1e'
11E8E149-CA1C-C6EC-AF82-12DF17AE4E1E,2016-ncaa-d1-ncaatournament,ncaa,9,2,9,9,9,11,13,10,27,15,14,38,7,8,11,26,6,5,38,6,9,9,10,23,19,9,9,18,17,16,51,13,49,16,49,15,49,41,5,13,8,21,7,13,,,51,9,,,18,9,5,1,5,13,14,26,22,11,16,7,5,6,5,16,43,28,40,32,8,15,6,,16,,,18,56,56,56,30,56,57,27,52,53,39,34,57,55,44,54,22,56,56,34,35,25,34,35,27,57,49,60,51,60,49,54,27,5,15,16,21,3,57,36,,,10,24,,,18,56,13,31,14,50,45,55,37,50,43,38,36,29,29,55,62,56,53,56,38,6,3,42,,12,,,b'\x11\xe8\xe1I\xca\x1c\xc6\xec\xaf\x82\x12\xdf\x17\xaeN\x1e'
11E8E149-CA1C-C6EC-AF82-12DF17AE4E1E,2017-ncaa-d0-natl,ncaa,12,17,16,18,20,4,5,3,18,9,11,16,14,22,43,156,8,7,178,7,91,3,4,17,20,12,192,165,235,20,102,5,84,5,68,19,269,176,14,26,82,210,2,8,,,317,77,,,15,2,6,245,4,4,5,8,26,33,51,16,15,15,4,5,53,6,6,21,54,152,4,,195,,,14,347,336,348,56,292,331,28,348,347,287,276,341,330,342,332,181,348,348,94,128,178,331,313,238,332,84,339,102,344,68,339,264,56,230,218,27,2,158,32,,,11,205,,,15,348,10,166,22,309,257,338,149,290,328,320,299,252,253,342,341,254,250,263,284,137,8,80,,42,,,b'\x11\xe8\xe1I\xca\x1c\xc6\xec\xaf\x82\x12\xdf\x17\xaeN\x1e'
11E8E149-CA1C-C6EC-AF82-12DF17AE4E1E,2017-ncaa-d1-conf-Big Ten,ncaa,2,2,4,2,5,2,2,2,5,3,3,5,2,2,2,6,3,2,8,2,3,2,2,4,5,2,3,5,7,3,4,3,5,2,3,4,11,5,1,4,5,7,1,1,,,10,7,,,2,2,1,6,2,2,1,2,2,2,2,2,1,1,1,1,3,1,2,6,4,5,1,,9,,,2,9,5,11,1,5,10,1,12,11,12,8,13,12,14,12,9,11,12,2,2,4,12,11,12,10,5,12,4,10,3,9,10,3,7,5,2,2,4,1,,,2,4,,,2,13,2,3,2,10,6,12,4,11,12,11,13,11,11,13,14,9,11,11,10,3,2,3,,1,,,b'\x11\xe8\xe1I\xca\x1c\xc6\xec\xaf\x82\x12\xdf\x17\xaeN\x1e'
11E8E149-CA1C-C6EC-AF82-12DF17AE4E1E,2017-ncaa-d1-natl,ncaa,12,17,16,18,23,4,5,4,18,9,11,18,18,24,45,156,11,8,179,8,89,4,5,17,22,13,192,161,236,26,108,5,88,6,76,21,269,154,15,28,97,218,2,10,,,305,79,,,16,3,7,246,4,4,5,8,28,35,52,16,16,16,4,5,58,6,7,22,56,165,4,,197,,,16,347,335,348,64,277,330,30,347,344,293,273,340,322,342,324,179,348,347,102,144,184,332,315,236,327,88,336,108,342,76,338,265,72,236,232,17,2,142,34,,,15,198,,,16,347,11,176,26,316,271,339,157,291,329,319,301,255,254,342,341,257,253,269,295,143,8,83,,43,,,b'\x11\xe8\xe1I\xca\x1c\xc6\xec\xaf\x82\x12\xdf\x17\xaeN\x1e'
11E8E149-CA1C-C6EC-AF82-12DF17AE4E1E,2017-ncaa-d1-ncaatournament,ncaa,9,2,9,9,9,12,11,9,19,11,12,19,11,9,30,28,22,17,60,16,40,10,10,23,30,22,43,28,58,15,51,10,33,12,40,7,6,50,20,4,16,46,8,8,,,55,39,,,21,9,7,6,13,7,9,11,18,19,18,48,32,27,7,11,43,9,22,3,27,41,6,,43,,,19,55,55,56,9,53,52,15,57,59,24,48,54,54,46,55,35,56,56,14,14,23,48,40,45,57,33,59,51,59,40,56,33,14,52,39,40,9,57,32,,,13,42,,,21,56,28,27,22,46,36,60,27,38,44,59,44,39,39,60,60,46,50,56,32,44,13,38,,29,,,b'\x11\xe8\xe1I\xca\x1c\xc6\xec\xaf\x82\x12\xdf\x17\xaeN\x1e'
11E8E149-CA1C-C6EC-AF82-12DF17AE4E1E,2018-ncaa-d0-natl,ncaa,13,16,12,16,14,7,7,3,25,10,17,23,14,12,53,102,50,72,77,72,293,3,7,22,26,12,192,106,323,27,158,23,162,20,150,44,330,34,2,24,50,129,18,43,,,171,10,,,16,6,27,69,4,4,4,11,33,22,30,133,173,173,6,20,76,55,37,81,9,96,27,,36,,,16,347,345,346,173,329,336,128,346,342,308,275,172,136,315,137,26,346,346,213,190,193,216,312,29,335,162,346,158,345,150,334,161,42,178,200,4,1,147,31,,,100,332,,,16,341,10,192,23,292,307,335,257,294,326,312,67,43,45,323,323,262,277,281,269,110,3,71,,256,,,b'\x11\xe8\xe1I\xca\x1c\xc6\xec\xaf\x82\x12\xdf\x17\xaeN\x1e'
11E8E149-CA1C-C6EC-AF82-12DF17AE4E1E,2018-ncaa-d1-conf-Big Ten,ncaa,1,1,1,1,2,1,1,1,3,1,2,2,2,1,6,3,7,6,7,6,10,1,1,3,4,1,7,6,13,4,7,2,9,3,9,7,13,2,1,2,3,4,2,4,,,8,3,,,1,1,3,8,2,1,2,2,4,2,2,7,8,8,2,2,5,5,4,8,1,3,3,,4,,,1,12,12,14,3,12,14,4,11,11,8,7,7,6,6,6,2,14,14,3,3,3,5,10,5,14,9,14,7,14,9,10,7,2,4,5,1,1,1,1,,,5,10,,,1,14,1,4,1,10,10,13,10,12,10,10,4,4,4,12,12,13,10,12,10,3,1,1,,9,,,b'\x11\xe8\xe1I\xca\x1c\xc6\xec\xaf\x82\x12\xdf\x17\xaeN\x1e'
11E8E149-CA1C-C6EC-AF82-12DF17AE4E1E,2018-ncaa-d1-natl,ncaa,15,16,16,17,17,7,7,3,26,10,19,23,17,19,55,101,65,95,72,91,295,3,9,22,28,12,184,109,325,36,164,24,173,22,160,47,331,23,2,24,61,137,19,43,,,148,10,,,18,8,27,71,4,4,5,13,37,25,31,137,177,176,6,22,80,59,43,90,9,103,27,,38,,,22,345,343,344,188,326,334,139,345,339,308,271,157,113,318,113,26,344,344,227,201,208,211,312,28,326,173,345,164,345,160,333,162,61,186,214,3,1,138,36,,,139,332,,,18,340,10,209,31,299,311,336,267,295,326,310,76,44,44,323,322,266,278,284,275,121,3,74,,256,,,b'\x11\xe8\xe1I\xca\x1c\xc6\xec\xaf\x82\x12\xdf\x17\xaeN\x1e'
11E8E149-CA1C-C6EC-AF82-12DF17AE4E1E,2018-ncaa-d1-ncaatournament,ncaa,17,2,17,17,18,18,17,18,13,19,21,13,20,20,23,32,26,25,39,25,38,20,19,12,15,16,33,31,47,20,17,16,17,17,15,18,29,42,27,23,16,17,11,4,,,33,16,,,13,18,15,7,7,11,11,16,20,18,24,34,30,28,12,11,15,5,3,12,28,12,5,,15,,,8,38,35,46,3,23,38,1,50,49,38,58,44,35,58,35,32,45,44,12,14,17,60,60,43,39,17,36,17,39,15,31,19,27,43,22,45,30,20,17,,,27,39,,,13,44,12,17,10,21,11,49,2,20,53,58,37,23,23,43,39,31,30,28,12,41,35,12,,27,,,b'\x11\xe8\xe1I\xca\x1c\xc6\xec\xaf\x82\x12\xdf\x17\xaeN\x1e'
11E8E149-CA1C-C6EC-AF82-12DF17AE4E1E,2019-ncaa-d0-natl,ncaa,185,152,249,185,263,242,269,306,157,275,293,173,180,223,113,167,159,118,287,119,26,291,293,143,146,190,91,150,70,307,286,188,97,257,191,235,150,190,252,224,228,192,101,68,,,135,241,,,213,277,184,166,215,256,316,268,280,163,198,114,71,69,282,261,302,113,227,216,232,202,79,,213,,,214,104,74,93,121,74,96,122,125,135,162,193,252,210,325,215,259,101,71,130,177,203,269,183,292,56,97,103,286,73,191,110,189,273,228,213,38,90,45,121,,,142,31,,,213,73,221,190,213,177,122,143,121,140,172,182,283,259,260,163,133,109,176,150,153,242,64,70,,61,,,b'\x11\xe8\xe1I\xca\x1c\xc6\xec\xaf\x82\x12\xdf\x17\xaeN\x1e'
11E8E149-CA1C-C6EC-AF82-12DF17AE4E1E,2019-ncaa-d1-conf-Big Ten,ncaa,5,5,9,5,10,12,14,14,4,14,14,5,2,7,4,3,10,4,12,4,1,14,14,5,5,7,2,3,3,14,13,6,6,11,11,11,9,11,14,14,6,4,9,8,,,5,9,,,9,11,8,4,10,14,14,14,14,2,5,4,3,3,14,12,13,3,10,11,14,4,7,,7,,,9,4,3,6,1,3,4,3,5,9,3,10,9,8,12,8,10,4,4,1,4,5,11,6,11,9,6,6,13,5,11,3,9,11,10,7,4,5,3,6,,,3,1,,,9,4,13,5,9,5,3,9,3,4,6,10,9,9,9,8,8,11,7,10,3,10,4,3,,1,,,b'\x11\xe8\xe1I\xca\x1c\xc6\xec\xaf\x82\x12\xdf\x17\xaeN\x1e'
11E8E149-CA1C-C6EC-AF82-12DF17AE4E1E,2019-ncaa-d1-natl,ncaa,201,152,314,199,319,276,295,335,166,299,314,181,199,243,112,168,187,144,288,147,25,326,327,149,152,195,90,148,68,319,293,227,103,298,211,268,155,155,262,233,255,207,118,74,,,118,244,,,230,319,192,158,233,271,319,277,283,167,203,117,75,72,287,271,305,121,235,228,231,209,83,,218,,,231,70,50,46,132,57,60,136,99,107,174,186,231,185,328,194,260,51,29,146,189,221,267,182,292,43,103,67,293,41,211,83,189,294,241,225,29,94,39,129,,,179,29,,,230,34,232,213,230,194,139,142,130,144,176,179,285,258,262,170,131,115,180,158,159,255,65,77,,63,,,b'\x11\xe8\xe1I\xca\x1c\xc6\xec\xaf\x82\x12\xdf\x17\xaeN\x1e'
11E8E149-CA1C-C6EC-AF82-12DF17AE4E1E,2020-ncaa-d0-natl,ncaa,52,109,1,85,3,13,12,10,48,29,105,25,24,18,116,61,161,149,205,162,201,10,8,37,54,50,163,96,318,139,223,15,134,34,153,21,124,249,135,76,35,88,20,27,,,275,92,,,74,8,85,161,52,35,85,84,234,59,53,259,255,258,108,127,231,86,144,45,145,84,30,,147,,,84,326,302,338,121,283,310,147,277,321,101,227,317,307,227,309,232,346,344,120,132,153,221,181,242,283,134,320,223,319,153,260,158,67,182,148,227,103,132,90,,,235,337,,,74,347,64,144,85,206,180,229,167,177,198,244,236,229,236,247,252,183,179,178,163,159,122,67,,323,,,b'\x11\xe8\xe1I\xca\x1c\xc6\xec\xaf\x82\x12\xdf\x17\xaeN\x1e'
11E8E149-CA1C-C6EC-AF82-12DF17AE4E1E,2020-ncaa-d1-conf-Big Ten,ncaa,3,5,1,5,1,2,2,2,6,4,7,4,1,1,6,1,6,7,8,7,8,2,2,4,6,5,4,2,14,6,10,1,5,2,8,4,6,9,3,4,4,4,2,3,,,14,6,,,5,1,4,9,3,4,2,9,13,1,1,12,12,12,4,5,8,4,5,4,4,4,3,,6,,,5,13,11,14,6,12,14,8,7,13,1,8,13,14,8,14,12,14,14,6,7,5,7,4,11,11,5,13,10,14,8,9,4,3,4,4,7,2,5,7,,,6,12,,,5,14,5,5,5,7,5,7,6,6,5,9,12,12,12,9,10,8,11,9,5,4,3,3,,13,,,b'\x11\xe8\xe1I\xca\x1c\xc6\xec\xaf\x82\x12\xdf\x17\xaeN\x1e'
11E8E149-CA1C-C6EC-AF82-12DF17AE4E1E,2020-ncaa-d1-natl,ncaa,60,109,2,93,5,18,16,17,52,36,133,26,34,21,123,62,184,174,202,187,203,20,15,41,57,55,163,97,317,165,232,20,141,45,169,28,127,233,137,80,49,96,20,31,,,258,98,,,89,12,91,157,54,41,92,88,240,59,54,260,256,262,117,134,239,93,153,49,145,94,33,,151,,,93,315,291,334,131,274,297,160,267,313,105,222,308,298,233,302,235,340,341,133,147,173,217,179,241,267,141,308,232,304,169,251,161,89,193,157,215,111,121,95,,,256,335,,,89,345,68,161,97,214,188,231,171,180,197,242,240,233,238,250,252,182,183,185,172,170,127,70,,322,,,b'\x11\xe8\xe1I\xca\x1c\xc6\xec\xaf\x82\x12\xdf\x17\xaeN\x1e'
11E8E149-CA1C-C6EC-AF82-12DF17AE4E1E,2021-ncaa-d0-natl,ncaa,110,60,219,83,229,114,107,152,50,87,128,48,152,161,116,208,96,91,156,89,95,147,174,66,63,26,205,220,126,180,179,172,172,169,166,155,281,42,14,35,133,112,117,139,,,168,183,,,49,184,15,129,10,12,8,13,36,96,106,19,13,13,7,17,101,50,44,94,22,70,101,,262,,,35,144,151,157,161,219,190,246,59,124,4,104,217,211,227,202,187,162,158,98,124,149,38,18,264,172,172,167,179,168,166,117,65,195,192,126,22,4,294,268,,,198,215,,,49,156,21,148,44,260,255,300,311,306,45,166,299,280,271,318,323,259,288,298,161,124,6,320,,107,,,b'\x11\xe8\xe1I\xca\x1c\xc6\xec\xaf\x82\x12\xdf\x17\xaeN\x1e'
11E8E149-CA1C-C6EC-AF82-12DF17AE4E1E,2021-ncaa-d1-conf-Big Ten,ncaa,8,5,12,7,12,11,12,12,9,11,11,9,8,9,10,7,8,7,9,6,2,12,12,10,10,7,5,10,5,9,7,12,5,12,10,12,14,2,4,9,7,4,9,6,,,3,10,,,7,12,1,1,4,4,2,5,4,7,4,4,2,2,1,1,3,5,3,12,5,4,5,,13,,,7,3,3,3,8,5,4,10,1,3,1,3,5,6,7,6,9,3,3,5,7,6,2,1,12,5,5,6,7,5,10,4,3,8,6,5,2,2,13,14,,,11,8,,,7,3,7,6,7,9,9,10,12,12,2,7,13,13,13,11,14,10,14,14,4,5,3,14,,5,,,b'\x11\xe8\xe1I\xca\x1c\xc6\xec\xaf\x82\x12\xdf\x17\xaeN\x1e'
11E8E149-CA1C-C6EC-AF82-12DF17AE4E1E,2021-ncaa-d1-natl,ncaa,119,60,231,84,241,125,117,167,52,95,143,51,161,168,118,206,108,104,157,101,92,159,199,68,65,26,203,221,121,194,184,190,176,193,176,176,285,39,14,38,145,118,124,142,,,155,187,,,52,205,15,130,10,15,11,15,38,98,106,21,15,15,8,17,104,56,50,99,22,73,103,,262,,,36,137,141,139,172,204,177,252,55,112,4,103,210,204,231,194,188,145,142,101,132,159,37,18,265,160,176,152,184,151,176,110,66,211,202,131,21,4,289,273,,,210,214,,,52,136,22,163,46,264,264,299,312,310,45,165,303,287,277,317,323,259,290,304,166,131,6,320,,106,,,b'\x11\xe8\xe1I\xca\x1c\xc6\xec\xaf\x82\x12\xdf\x17\xaeN\x1e'
11E8E149-CA1C-C6EC-AF82-12DF17AE4E1E,2022-ncaa-d0-natl,ncaa,23,19,52,25,75,18,20,37,8,37,71,27,21,48,6,122,54,62,98,64,136,37,53,12,13,7,104,89,249,209,280,63,133,88,208,19,113,131,39,21,50,93,81,140,,,286,116,,,23,31,26,275,6,10,33,39,130,26,73,85,108,114,36,84,280,100,179,19,57,73,117,,195,,,23,305,306,306,185,318,316,164,187,186,185,78,285,270,278,268,133,311,326,158,166,122,95,96,202,265,133,320,280,320,208,271,149,27,66,79,30,10,147,75,,,78,207,,,23,326,17,102,24,211,218,236,254,292,109,94,218,200,193,230,305,175,251,220,180,44,13,87,,153,,,b'\x11\xe8\xe1I\xca\x1c\xc6\xec\xaf\x82\x12\xdf\x17\xaeN\x1e'
11E8E149-CA1C-C6EC-AF82-12DF17AE4E1E,2022-ncaa-d1-conf-Big Ten,ncaa,2,2,3,2,4,3,3,3,4,5,4,6,2,3,3,5,5,6,8,6,9,3,3,3,3,2,2,4,11,10,13,4,10,5,12,3,5,6,2,2,3,4,7,9,,,12,8,,,6,3,2,7,3,4,3,6,8,1,3,9,10,10,3,5,10,6,11,3,3,4,8,,13,,,6,10,10,12,7,10,11,6,4,6,6,3,10,11,8,11,7,12,12,7,5,2,3,4,10,12,10,14,13,14,12,9,5,1,3,3,1,1,5,4,,,6,7,,,6,12,5,4,6,10,9,10,8,10,4,5,9,10,10,10,12,12,14,13,6,3,1,3,,6,,,b'\x11\xe8\xe1I\xca\x1c\xc6\xec\xaf\x82\x12\xdf\x17\xaeN\x1e'
11E8E149-CA1C-C6EC-AF82-12DF17AE4E1E,2022-ncaa-d1-natl,ncaa,25,19,67,25,94,20,22,49,10,43,86,30,26,63,6,120,64,76,97,76,136,46,67,12,13,7,99,88,245,235,287,75,142,122,223,22,121,101,42,22,64,108,91,147,,,271,115,,,25,36,30,275,8,11,38,47,136,29,75,89,112,113,40,90,290,109,199,19,57,81,118,,200,,,25,295,293,297,198,310,310,171,168,157,202,71,270,254,286,249,133,300,321,173,180,139,93,93,200,241,142,307,287,309,223,252,154,34,79,93,23,9,138,81,,,96,204,,,25,321,18,125,26,219,229,237,261,294,113,95,225,206,199,233,303,178,254,225,195,55,13,93,,153,,,b'\x11\xe8\xe1I\xca\x1c\xc6\xec\xaf\x82\x12\xdf\x17\xaeN\x1e'
11E8E149-CA1C-C6EC-AF82-12DF17AE4E1E,2022-ncaa-d1-ncaatournament,ncaa,9,2,9,9,9,13,14,13,24,14,13,29,13,13,22,37,12,12,22,12,21,13,12,23,20,24,26,31,24,14,27,16,57,14,38,16,35,61,51,46,8,9,7,25,,,62,48,,,15,12,27,5,30,32,43,31,36,27,40,19,22,23,38,29,34,38,34,31,51,8,12,,52,,,16,56,55,56,22,61,63,14,15,12,50,1,59,60,20,60,12,56,58,14,15,15,7,4,42,63,57,57,27,60,38,46,7,8,10,3,61,61,60,54,,,15,34,,,15,57,31,16,17,23,25,33,51,67,2,1,34,40,39,37,53,57,18,41,5,8,56,54,,35,,,b'\x11\xe8\xe1I\xca\x1c\xc6\xec\xaf\x82\x12\xdf\x17\xaeN\x1e'
11E8E149-CA1C-C6EC-AF82-12DF17AE4E1E,2023-ncaa-d0-natl,ncaa,15,34,10,32,12,4,5,8,15,8,21,12,33,31,77,152,15,16,205,16,93,8,9,16,20,13,201,186,214,102,246,49,170,53,244,8,97,212,28,15,5,11,75,133,,,340,159,,,22,4,14,280,8,7,31,11,89,78,96,56,46,49,25,49,217,185,219,14,60,8,131,,249,,,30,356,359,347,285,359,339,323,299,327,102,208,288,294,178,295,154,347,358,279,270,148,71,144,105,309,170,356,246,356,244,343,168,6,32,55,129,13,262,112,,,26,223,,,22,360,24,118,35,271,294,237,304,208,178,219,173,173,169,236,327,163,267,240,251,14,25,172,,125,,,b'\x11\xe8\xe1I\xca\x1c\xc6\xec\xaf\x82\x12\xdf\x17\xaeN\x1e'
11E8E149-CA1C-C6EC-AF82-12DF17AE4E1E,2023-ncaa-d1-conf-Big Ten,ncaa,4,4,1,4,2,4,3,1,6,4,4,4,4,4,8,6,5,2,11,2,6,1,2,5,5,6,6,6,9,7,11,5,11,4,12,4,10,5,5,5,3,5,3,4,,,14,11,,,5,2,4,10,4,5,5,5,7,5,5,9,7,7,3,7,8,7,8,6,4,5,3,,10,,,5,11,11,13,7,12,13,7,6,9,4,4,7,11,4,12,7,13,13,5,5,4,4,4,6,14,11,13,11,14,12,11,6,3,4,5,4,2,7,4,,,4,8,,,5,13,6,7,6,7,10,11,10,13,3,6,6,7,8,12,10,13,11,12,7,4,2,5,,7,,,b'\x11\xe8\xe1I\xca\x1c\xc6\xec\xaf\x82\x12\xdf\x17\xaeN\x1e'
11E8E149-CA1C-C6EC-AF82-12DF17AE4E1E,2023-ncaa-d1-natl,ncaa,15,34,11,34,13,5,6,10,15,9,25,13,37,37,78,155,18,18,202,19,89,9,11,17,20,13,198,183,209,120,265,57,174,62,258,9,99,181,30,16,5,13,87,136,,,337,162,,,23,4,16,280,8,7,32,11,96,80,97,59,48,49,26,53,226,194,234,14,61,11,136,,252,,,30,354,359,344,304,357,337,330,289,321,109,206,280,278,174,279,161,347,358,290,285,167,70,144,104,296,174,356,265,354,258,340,172,6,34,66,112,13,257,122,,,28,219,,,23,359,25,139,37,281,303,241,317,204,185,221,179,183,180,238,327,171,270,249,262,17,25,178,,126,,,b'\x11\xe8\xe1I\xca\x1c\xc6\xec\xaf\x82\x12\xdf\x17\xaeN\x1e'
11E8E149-CA1C-C6EC-AF82-12DF17AE4E1E,2023-ncaa-d1-ncaatournament,ncaa,5,2,5,5,5,7,7,7,20,7,7,17,11,5,40,43,3,4,33,4,4,6,6,20,14,11,26,49,7,15,48,8,19,10,39,7,24,59,22,18,4,9,29,56,,,65,46,,,16,5,6,7,10,22,43,18,35,39,38,3,2,2,19,28,49,38,44,21,23,8,57,,55,,,21,63,62,61,46,63,61,54,62,64,24,46,65,65,27,65,56,61,63,45,46,32,43,36,45,57,19,65,48,62,39,58,9,4,6,5,61,28,54,22,,,4,8,,,16,64,19,23,16,37,33,16,37,15,36,43,46,53,49,20,48,13,43,27,11,5,32,17,,6,,,b'\x11\xe8\xe1I\xca\x1c\xc6\xec\xaf\x82\x12\xdf\x17\xaeN\x1e'
11E8E149-CA1C-C6EC-AF82-12DF17AE4E1E,2024-ncaa-d0-natl,ncaa,34,13,143,28,156,45,41,107,13,53,145,15,58,92,37,134,69,62,186,61,64,100,124,15,14,12,160,142,205,255,275,214,154,235,244,27,52,40,28,14,32,34,125,122,,,246,205,,,22,91,55,94,15,18,58,31,143,54,87,51,44,45,49,102,273,252,287,18,38,29,134,,242,,,18,184,158,134,231,189,147,243,132,144,135,165,235,210,320,217,238,142,249,215,242,78,165,122,255,117,154,223,275,174,244,141,138,14,11,19,30,20,63,50,,,105,115,,,22,264,18,63,19,175,151,103,180,117,126,136,227,199,207,103,272,106,224,168,130,10,28,58,,84,,,b'\x11\xe8\xe1I\xca\x1c\xc6\xec\xaf\x82\x12\xdf\x17\xaeN\x1e'
11E8E149-CA1C-C6EC-AF82-12DF17AE4E1E,2024-ncaa-d1-conf-Big Ten,ncaa,2,1,8,2,8,5,5,9,5,5,9,5,6,5,4,7,6,5,13,5,5,7,8,5,5,4,6,6,10,12,12,13,9,11,13,3,4,3,4,2,1,1,6,3,,,7,7,,,2,7,4,1,3,3,5,4,6,6,5,4,4,4,4,5,12,11,11,2,3,1,4,,10,,,2,1,1,1,2,1,4,2,2,2,6,2,8,8,10,8,10,2,8,2,4,1,8,3,12,7,9,7,12,7,13,2,2,1,1,1,1,1,2,3,,,8,7,,,2,8,4,1,2,1,1,2,3,5,2,2,11,11,11,3,11,7,12,13,2,1,1,2,,5,,,b'\x11\xe8\xe1I\xca\x1c\xc6\xec\xaf\x82\x12\xdf\x17\xaeN\x1e'
11E8E149-CA1C-C6EC-AF82-12DF17AE4E1E,2024-ncaa-d1-natl,ncaa,30,13,130,27,143,38,36,102,15,45,141,17,65,98,46,157,55,55,171,57,63,88,117,16,15,14,168,168,183,266,288,238,163,258,267,29,62,43,26,17,27,30,135,127,,,253,209,,,18,86,57,99,16,18,65,28,141,60,98,45,43,42,52,106,286,267,306,20,40,28,142,,243,,,18,187,166,128,245,197,132,257,126,142,145,165,245,219,316,226,253,140,258,230,253,92,170,115,263,112,163,243,288,185,267,141,144,11,7,14,33,22,63,45,,,93,117,,,18,276,22,67,20,178,150,85,188,111,120,136,238,212,215,93,268,103,236,177,136,10,30,56,,86,,,b'\x11\xe8\xe1I\xca\x1c\xc6\xec\xaf\x82\x12\xdf\x17\xaeN\x1e'
11E8E149-CA1C-C6EC-AF82-12DF17AE4E1E,2024-ncaa-d1-ncaatournament,ncaa,17,3,17,17,19,21,25,32,14,20,26,10,36,30,45,53,13,14,40,13,9,27,31,18,16,10,42,58,10,39,51,36,13,36,51,24,28,30,15,9,15,11,49,55,,,46,57,,,17,31,49,5,21,27,53,16,39,52,51,4,4,4,43,54,52,60,65,24,11,16,54,,43,,,14,39,36,33,59,37,33,58,41,35,44,35,48,46,35,46,57,33,33,59,62,46,45,32,49,18,13,46,51,36,51,35,21,13,3,8,37,39,21,16,,,22,4,,,17,35,12,35,19,22,15,3,16,6,25,15,41,40,38,2,4,6,35,11,18,6,31,14,,12,,,b'\x11\xe8\xe1I\xca\x1c\xc6\xec\xaf\x82\x12\xdf\x17\xaeN\x1e'
11E8E149-CA1C-C6EC-AF82-12DF17AE4E1E,2025-ncaa-d0-natl,genius_ncaa,39,26,90,33,92,40,38,45,35,28,31,59,135,173,61,281,54,39,279,40,155,39,65,53,63,35,283,258,203,138,216,143,195,135,238,78,268,43,16,46,10,9,62,48,,,191,78,,330,29,51,28,54,17,17,19,11,23,146,198,54,32,34,17,47,174,205,189,77,35,8,57,,140,,326,26,203,222,242,172,210,218,195,241,265,163,247,126,117,190,122,125,228,302,183,159,46,181,244,95,214,195,309,216,296,238,223,192,11,16,29,18,10,224,88,,,58,110,,150,29,309,45,34,27,144,170,175,153,139,209,225,104,94,102,141,320,191,289,263,186,9,14,196,,53,,173,b'\x11\xe8\xe1I\xca\x1c\xc6\xec\xaf\x82\x12\xdf\x17\xaeN\x1e'
11E8E149-CA1C-C6EC-AF82-12DF17AE4E1E,2025-ncaa-d1-conf-Big Ten,genius_ncaa,3,3,4,3,4,6,6,4,9,2,1,11,9,10,10,13,3,3,15,3,5,4,5,9,11,8,13,15,5,14,16,9,16,11,18,13,16,5,2,10,1,2,4,5,,,12,5,,18,5,4,4,1,6,3,3,3,2,13,11,3,3,3,3,5,15,11,14,14,2,1,5,,9,,18,5,11,12,13,7,12,11,9,10,15,8,12,7,8,1,8,6,11,15,8,6,3,8,12,5,17,16,18,16,18,18,13,12,1,2,4,2,1,2,2,,,6,4,,10,5,14,12,4,6,8,8,9,7,8,8,11,6,8,8,9,16,17,18,17,11,2,1,2,,4,,12,b'\x11\xe8\xe1I\xca\x1c\xc6\xec\xaf\x82\x12\xdf\x17\xaeN\x1e'
11E8E149-CA1C-C6EC-AF82-12DF17AE4E1E,2025-ncaa-d1-natl,genius_ncaa,34,26,72,30,77,39,32,39,34,24,28,58,125,184,59,282,49,40,278,41,148,39,55,52,59,34,281,262,203,152,231,143,219,145,255,78,277,58,21,50,9,9,61,53,,,200,70,,330,27,47,31,55,17,16,20,11,26,152,207,56,33,33,20,51,187,219,209,84,39,8,63,,143,,327,25,219,235,250,180,220,214,199,254,272,168,255,140,123,209,128,125,238,314,189,166,56,183,247,97,240,219,318,231,308,255,226,200,12,17,31,29,11,222,85,,,40,91,,162,27,315,48,44,30,155,174,176,159,132,220,235,105,94,101,139,320,206,289,267,187,11,18,191,,50,,180,b'\x11\xe8\xe1I\xca\x1c\xc6\xec\xaf\x82\x12\xdf\x17\xaeN\x1e'
11E8E149-CA1C-C6EC-AF82-12DF17AE4E1E,2025-ncaa-d1-ncaatournament,genius_ncaa,17,2,17,17,20,23,23,31,6,20,26,12,30,37,26,56,23,23,52,23,20,30,27,10,9,24,54,52,36,22,17,31,37,30,21,24,39,53,57,45,14,8,29,16,,,44,50,,38,21,30,34,7,22,20,54,14,28,44,57,28,21,22,52,32,23,47,41,25,55,9,36,,44,,37,21,38,35,35,38,30,26,55,53,56,33,68,38,38,40,38,59,35,41,46,44,27,65,64,33,39,37,33,17,34,21,31,23,15,5,8,55,62,33,27,,,18,5,,22,21,40,20,23,21,23,16,9,5,1,51,61,33,31,32,10,26,25,6,5,18,4,58,25,,8,,36,b'\x11\xe8\xe1I\xca\x1c\xc6\xec\xaf\x82\x12\xdf\x17\xaeN\x1e'
11E8E149-CA1C-C6EC-AF82-12DF17AE4E1E,2026-ncaa-d0-natl,genius_ncaa,35,13,116,26,142,42,44,55,41,39,73,24,93,61,208,149,41,60,44,60,134,50,73,62,52,32,246,236,178,76,86,121,170,104,123,42,112,118,32,26,13,11,42,34,,,257,166,,227,29,73,6,97,12,13,5,11,35,82,40,24,46,45,5,5,57,106,68,21,85,8,29,,261,,214,22,171,144,203,63,129,228,43,196,177,226,132,242,235,263,233,199,192,279,64,97,33,265,205,281,227,170,217,86,226,123,251,326,12,12,41,44,13,150,77,,,70,147,,113,29,285,30,32,32,111,87,169,84,214,156,121,226,206,207,170,342,205,195,194,220,7,24,133,,40,,124,b'\x11\xe8\xe1I\xca\x1c\xc6\xec\xaf\x82\x12\xdf\x17\xaeN\x1e'
11E8E149-CA1C-C6EC-AF82-12DF17AE4E1E,2026-ncaa-d1-conf-Big Ten,genius_ncaa,1,1,1,1,3,7,9,5,10,6,6,8,14,10,16,13,3,3,4,3,8,4,3,11,10,9,12,15,3,8,8,11,12,11,11,9,9,10,10,8,2,2,5,6,,,5,6,,18,7,4,7,3,7,9,5,6,6,14,10,3,3,3,4,3,8,11,11,9,10,2,5,,5,,18,7,8,11,11,11,10,12,7,10,8,13,10,1,1,16,1,1,5,13,11,10,8,5,12,1,9,12,9,8,9,11,16,18,3,3,12,5,5,8,8,,,4,5,,2,7,9,10,7,8,8,11,11,10,12,10,8,1,1,1,5,13,9,9,9,16,3,5,8,,4,,2,b'\x11\xe8\xe1I\xca\x1c\xc6\xec\xaf\x82\x12\xdf\x17\xaeN\x1e'
11E8E149-CA1C-C6EC-AF82-12DF17AE4E1E,2026-ncaa-d1-natl,genius_ncaa,38,13,177,28,197,52,53,79,52,46,112,28,123,87,226,147,61,91,43,92,129,76,118,68,57,38,234,234,160,110,107,183,182,158,151,50,117,83,40,30,21,17,51,36,,,217,194,,201,31,119,8,100,13,14,7,13,45,92,46,25,50,50,6,8,68,123,84,22,86,12,29,,272,,224,23,124,102,144,83,88,169,50,150,119,259,125,208,189,273,187,201,139,224,93,124,43,269,203,280,181,182,166,107,172,151,217,331,21,16,61,23,12,120,85,,,96,132,,131,31,233,35,43,33,145,111,177,102,228,175,122,241,222,222,186,342,217,214,216,251,9,24,145,,38,,122,b'\x11\xe8\xe1I\xca\x1c\xc6\xec\xaf\x82\x12\xdf\x17\xaeN\x1e'
11E8E149-CA20-FEEC-AF82-12DF17AE4E1E,2010-ncaa-d0-natl,ncaa,16,62,2,44,2,5,4,1,38,5,1,33,95,66,199,226,33,58,41,57,303,3,1,65,62,53,294,256,260,31,166,4,24,7,58,25,289,309,66,100,145,304,124,239,,,331,126,,,68,1,69,42,34,21,33,13,38,189,185,154,215,210,51,79,160,29,49,115,105,282,210,,148,,,74,344,343,343,138,344,344,153,281,308,95,126,331,313,316,314,89,345,344,115,133,212,97,103,167,298,24,344,166,342,58,250,10,87,309,153,272,69,316,136,,,19,274,,,68,345,58,167,83,240,256,303,275,304,133,179,200,160,159,297,238,72,196,139,46,283,92,201,,196,,,b'\x11\xe8\xe1I\xca \xfe\xec\xaf\x82\x12\xdf\x17\xaeN\x1e'
11E8E149-CA20-FEEC-AF82-12DF17AE4E1E,2010-ncaa-d1-conf-Big 12,ncaa,2,2,1,2,1,4,3,3,6,2,2,7,7,8,7,8,4,5,1,5,9,3,2,7,7,6,8,9,4,2,2,2,2,1,2,4,8,11,8,7,7,9,10,12,,,8,4,,,6,2,2,9,5,4,3,4,2,7,8,4,6,6,5,3,2,3,3,7,9,7,10,,6,,,6,10,11,11,5,12,12,5,7,8,5,6,9,9,7,8,5,11,11,5,5,6,5,7,4,4,2,9,2,9,2,7,3,6,8,5,11,9,12,8,,,4,7,,,6,11,6,6,6,7,6,8,8,10,4,7,6,7,7,9,8,4,6,4,3,7,10,12,,5,,,b'\x11\xe8\xe1I\xca \xfe\xec\xaf\x82\x12\xdf\x17\xaeN\x1e'
11E8E149-CA20-FEEC-AF82-12DF17AE4E1E,2010-ncaa-d1-natl,ncaa,17,62,2,46,2,6,4,1,39,5,1,33,98,69,200,225,37,61,41,60,306,3,1,67,65,55,293,258,256,33,172,4,25,7,58,30,293,300,67,102,158,308,128,239,,,328,127,,,73,1,69,41,36,22,35,14,38,191,184,152,216,211,51,80,163,29,51,119,105,289,215,,149,,,78,344,343,343,143,343,344,158,276,304,98,127,327,308,317,310,91,345,343,118,136,218,100,104,167,295,25,344,172,339,58,240,11,100,311,159,259,69,315,140,,,19,269,,,73,345,58,177,85,245,264,306,279,304,134,180,205,163,162,298,237,74,202,141,47,284,92,203,,198,,,b'\x11\xe8\xe1I\xca \xfe\xec\xaf\x82\x12\xdf\x17\xaeN\x1e'
11E8E149-CA20-FEEC-AF82-12DF17AE4E1E,2010-ncaa-d1-ncaatournament,ncaa,3,2,3,3,3,3,3,3,9,3,3,4,6,4,23,45,5,7,6,7,38,3,3,11,9,11,46,44,34,7,30,4,25,4,19,4,41,64,37,29,6,40,8,40,,,63,23,,,5,3,31,8,15,14,37,11,24,40,49,24,36,32,36,32,47,13,25,22,39,37,31,,24,,,8,63,63,61,16,64,61,26,43,60,8,23,64,64,46,64,29,61,61,12,13,15,16,12,41,61,25,61,30,61,19,57,8,5,42,21,64,42,43,10,,,5,33,,,5,62,16,18,9,17,27,45,37,44,9,24,35,31,31,43,38,38,14,23,12,43,40,7,,36,,,b'\x11\xe8\xe1I\xca \xfe\xec\xaf\x82\x12\xdf\x17\xaeN\x1e'
11E8E149-CA20-FEEC-AF82-12DF17AE4E1E,2011-ncaa-d0-natl,ncaa,49,83,15,66,19,12,15,13,42,31,45,53,8,16,35,92,22,45,7,48,160,15,15,33,28,26,100,95,184,74,185,24,70,31,101,37,246,259,60,75,90,204,162,227,,,342,269,,,38,9,27,236,17,20,33,57,130,24,45,57,121,128,32,52,173,87,109,77,114,178,215,,297,,,45,339,327,315,195,320,320,166,282,255,255,132,340,330,308,329,253,329,333,201,236,200,222,148,276,246,70,331,185,320,101,213,33,29,117,67,301,169,310,221,,,12,92,,,38,335,31,161,50,256,206,206,201,222,184,151,298,268,268,242,279,106,198,154,91,88,205,254,,33,,,b'\x11\xe8\xe1I\xca \xfe\xec\xaf\x82\x12\xdf\x17\xaeN\x1e'
11E8E149-CA20-FEEC-AF82-12DF17AE4E1E,2011-ncaa-d1-conf-Big 12,ncaa,3,3,3,3,8,3,3,4,6,4,6,6,2,2,6,6,3,3,1,3,4,4,4,5,3,4,4,7,2,6,9,5,4,4,8,6,10,4,3,7,3,4,11,11,,,11,11,,,4,3,1,10,3,3,3,4,6,2,3,3,3,3,3,3,8,4,6,6,5,3,11,,12,,,4,10,9,8,7,8,8,6,8,8,7,7,10,10,8,10,11,8,10,6,9,6,11,6,10,5,4,11,9,8,8,5,6,2,2,2,7,5,9,8,,,4,3,,,4,10,4,5,4,7,7,7,7,8,8,7,11,11,11,7,12,6,10,7,5,2,6,9,,4,,,b'\x11\xe8\xe1I\xca \xfe\xec\xaf\x82\x12\xdf\x17\xaeN\x1e'
11E8E149-CA20-FEEC-AF82-12DF17AE4E1E,2011-ncaa-d1-natl,ncaa,54,82,16,71,22,12,15,14,42,34,51,54,10,19,36,90,25,56,8,60,163,16,16,34,28,26,97,93,182,86,192,25,72,32,108,39,250,249,62,77,103,210,169,231,,,340,270,,,42,11,29,238,19,21,34,59,137,26,45,58,122,127,33,54,175,91,111,80,117,182,219,,297,,,49,337,323,314,205,316,316,170,274,245,255,129,339,327,312,326,250,327,331,201,241,206,221,149,275,230,72,328,192,316,108,205,31,35,122,68,294,171,307,227,,,12,92,,,42,333,31,170,54,263,209,207,206,223,185,151,300,271,270,243,278,108,200,157,98,93,208,256,,34,,,b'\x11\xe8\xe1I\xca \xfe\xec\xaf\x82\x12\xdf\x17\xaeN\x1e'
11E8E149-CA20-FEEC-AF82-12DF17AE4E1E,2011-ncaa-d1-ncaatournament,ncaa,9,2,9,9,9,11,11,10,19,10,10,10,14,9,38,32,10,12,6,13,32,10,9,22,15,23,39,46,26,14,39,10,33,10,31,11,23,59,53,33,17,38,12,27,,,55,16,,,29,9,3,3,7,11,16,7,20,29,23,14,21,25,15,5,37,13,18,9,57,31,21,,37,,,24,57,56,55,29,57,56,39,53,55,20,47,54,53,35,53,24,56,56,31,31,31,29,38,24,54,33,56,39,55,31,57,34,10,34,37,62,56,51,30,,,11,33,,,29,56,31,32,26,52,52,60,50,48,46,59,30,33,32,58,60,43,36,44,45,18,60,33,,15,,,b'\x11\xe8\xe1I\xca \xfe\xec\xaf\x82\x12\xdf\x17\xaeN\x1e'
11E8E149-CA20-FEEC-AF82-12DF17AE4E1E,2012-ncaa-d0-natl,ncaa,73,107,22,92,37,20,31,48,34,50,77,48,42,79,30,138,20,38,40,38,82,41,35,33,23,30,97,127,128,137,189,15,79,33,89,30,117,269,135,81,190,281,59,97,,,321,240,,,82,22,52,237,34,50,122,84,175,73,128,37,75,83,104,115,216,23,85,47,163,255,87,,276,,,89,330,307,330,80,271,314,83,312,317,173,237,327,318,311,323,256,335,324,104,140,213,296,241,275,283,79,278,189,299,89,272,149,142,281,221,194,92,331,308,,,13,38,,,82,324,38,202,84,250,204,290,159,243,261,284,299,272,280,300,269,198,126,151,178,249,113,314,,30,,,b'\x11\xe8\xe1I\xca \xfe\xec\xaf\x82\x12\xdf\x17\xaeN\x1e'
11E8E149-CA20-FEEC-AF82-12DF17AE4E1E,2012-ncaa-d1-conf-Big 12,ncaa,3,2,3,3,5,3,4,6,4,5,6,6,4,6,3,6,1,1,2,1,2,4,3,5,3,2,3,7,1,5,5,2,5,2,4,3,5,9,8,8,7,8,5,5,,,9,7,,,4,1,2,5,2,5,7,5,6,6,6,1,1,1,6,2,6,2,4,5,9,8,5,,10,,,4,9,8,9,3,7,8,3,9,8,7,4,10,10,10,10,9,10,10,3,4,6,9,5,10,9,5,5,5,8,4,5,2,6,8,6,8,7,9,7,,,1,1,,,4,10,3,8,4,9,7,10,6,9,8,7,10,9,9,10,10,10,5,7,2,6,7,9,,1,,,b'\x11\xe8\xe1I\xca \xfe\xec\xaf\x82\x12\xdf\x17\xaeN\x1e'
11E8E149-CA20-FEEC-AF82-12DF17AE4E1E,2012-ncaa-d1-natl,ncaa,81,107,23,95,42,22,34,52,35,54,84,49,47,85,31,135,25,40,40,40,81,46,40,33,23,31,96,123,123,156,193,16,86,37,98,33,118,254,137,85,205,285,64,97,,,319,243,,,88,23,56,235,37,56,129,92,181,75,126,37,78,84,110,120,222,24,91,50,165,264,89,,278,,,93,325,298,330,84,255,312,89,309,312,176,235,325,315,313,320,254,334,324,107,149,218,297,242,276,275,86,268,193,286,98,268,149,163,288,229,178,91,331,310,,,15,34,,,88,323,43,211,91,253,208,292,161,246,259,283,302,275,282,303,267,199,130,154,185,254,114,315,,28,,,b'\x11\xe8\xe1I\xca \xfe\xec\xaf\x82\x12\xdf\x17\xaeN\x1e'
11E8E149-CA20-FEEC-AF82-12DF17AE4E1E,2012-ncaa-d1-ncaatournament,ncaa,17,2,17,17,17,17,16,27,3,18,28,2,14,17,16,19,17,19,37,19,13,23,24,4,5,3,25,25,31,29,33,18,7,21,9,14,9,35,21,4,27,37,19,36,,,39,26,,,11,20,11,5,2,4,39,15,45,10,17,12,12,11,23,26,40,8,16,2,21,38,23,,23,,,9,44,44,47,31,43,44,25,46,43,39,38,39,36,42,36,21,46,39,33,33,40,37,45,24,27,7,38,33,34,9,38,18,30,51,45,24,15,18,16,,,19,10,,,11,46,3,29,7,41,41,47,31,39,40,41,32,24,24,43,26,8,19,9,25,49,12,8,,12,,,b'\x11\xe8\xe1I\xca \xfe\xec\xaf\x82\x12\xdf\x17\xaeN\x1e'
11E8E149-CA20-FEEC-AF82-12DF17AE4E1E,2013-ncaa-d0-natl,ncaa,42,65,16,60,22,11,21,33,41,83,133,53,7,16,11,50,6,14,55,13,22,20,16,18,14,18,26,37,129,149,250,5,138,21,147,47,189,258,104,94,280,339,68,139,,,308,112,,,63,11,48,267,16,51,125,178,273,15,39,26,50,45,95,122,259,17,78,82,121,321,108,,185,,,70,340,339,344,129,333,339,171,312,332,70,246,281,285,132,281,102,345,338,132,105,217,143,204,112,339,138,319,250,336,147,280,62,178,330,254,276,155,173,151,,,5,14,,,63,336,32,228,76,275,283,334,277,306,256,299,178,176,168,336,293,279,190,243,173,292,162,106,,9,,,b'\x11\xe8\xe1I\xca \xfe\xec\xaf\x82\x12\xdf\x17\xaeN\x1e'
11E8E149-CA20-FEEC-AF82-12DF17AE4E1E,2013-ncaa-d1-conf-Big 12,ncaa,3,3,3,3,6,2,4,3,5,5,6,4,3,4,2,4,2,2,3,2,2,2,3,4,3,3,4,4,3,8,9,3,6,4,8,5,7,7,5,6,10,10,2,5,,,8,4,,,5,3,1,8,2,4,5,5,7,3,4,1,2,2,3,4,8,3,4,5,6,10,2,,8,,,5,9,8,9,7,8,9,6,6,5,6,5,7,8,1,8,4,10,9,6,5,8,4,5,5,9,6,8,9,9,8,7,4,6,8,7,6,5,7,5,,,2,2,,,5,8,4,7,6,9,8,10,8,9,5,5,7,8,8,10,10,9,8,9,8,7,6,7,,1,,,b'\x11\xe8\xe1I\xca \xfe\xec\xaf\x82\x12\xdf\x17\xaeN\x1e'
11E8E149-CA20-FEEC-AF82-12DF17AE4E1E,2013-ncaa-d1-natl,ncaa,42,65,17,65,23,11,23,37,44,93,150,57,7,18,11,50,8,17,54,15,22,21,18,18,14,18,26,37,123,168,254,5,142,23,151,55,195,247,108,97,295,340,71,144,,,304,112,,,71,11,52,267,16,55,131,185,275,16,39,28,49,44,97,127,262,17,81,84,121,327,110,,188,,,78,340,339,344,141,333,338,173,306,329,76,245,276,274,134,270,100,345,338,137,113,227,139,204,111,337,142,317,254,335,151,272,63,190,331,260,261,156,172,151,,,5,15,,,71,336,32,235,85,277,289,334,280,307,257,299,182,180,169,337,293,280,196,248,180,294,163,105,,9,,,b'\x11\xe8\xe1I\xca \xfe\xec\xaf\x82\x12\xdf\x17\xaeN\x1e'
11E8E149-CA20-FEEC-AF82-12DF17AE4E1E,2013-ncaa-d1-ncaatournament,ncaa,9,2,9,9,9,10,14,10,30,18,17,32,5,4,20,19,7,7,26,7,3,9,9,22,20,19,10,21,12,10,25,11,44,10,30,19,56,56,34,50,25,57,12,33,,,54,30,,,21,9,7,7,10,25,27,36,51,5,14,4,7,6,16,15,24,9,8,49,40,55,16,,40,,,21,56,56,57,17,56,56,24,47,55,10,35,57,55,22,56,35,57,56,13,11,20,23,22,37,57,44,56,25,56,30,55,21,18,57,51,52,34,53,40,,,9,11,,,21,56,16,33,21,48,46,63,45,56,27,48,42,44,43,63,59,59,37,52,32,53,40,33,,9,,,b'\x11\xe8\xe1I\xca \xfe\xec\xaf\x82\x12\xdf\x17\xaeN\x1e'
11E8E149-CA20-FEEC-AF82-12DF17AE4E1E,2014-ncaa-d0-natl,ncaa,116,150,53,141,60,23,42,70,38,67,157,28,58,68,109,102,15,24,31,24,29,54,55,37,21,26,81,134,63,152,179,45,64,73,92,87,215,247,137,139,74,121,93,83,,,334,293,,,48,35,59,72,23,46,131,105,231,77,83,15,35,37,82,96,209,60,124,114,171,97,115,,315,,,48,300,203,274,93,108,147,104,319,327,172,321,333,323,293,320,319,298,305,138,179,146,337,305,298,183,64,234,179,221,92,124,81,59,99,49,323,271,285,274,,,15,23,,,48,314,35,114,49,219,113,186,50,40,309,323,300,288,285,223,267,110,144,113,73,84,295,257,,14,,,b'\x11\xe8\xe1I\xca \xfe\xec\xaf\x82\x12\xdf\x17\xaeN\x1e'
11E8E149-CA20-FEEC-AF82-12DF17AE4E1E,2014-ncaa-d1-conf-Big 12,ncaa,5,5,7,5,8,3,6,5,4,6,8,2,4,4,5,3,4,4,2,4,3,5,6,2,2,3,4,3,3,8,7,6,6,6,5,6,8,8,7,6,4,4,6,5,,,9,8,,,4,6,1,2,2,2,3,4,6,3,3,2,3,3,3,3,7,3,5,5,8,2,6,,10,,,4,6,3,3,5,2,3,5,9,8,6,9,10,9,9,9,10,6,7,5,7,5,10,9,9,5,6,3,7,4,5,3,5,4,2,2,10,10,5,6,,,3,1,,,4,8,4,5,3,6,5,6,4,3,9,10,10,10,10,8,10,7,6,7,5,1,10,5,,1,,,b'\x11\xe8\xe1I\xca \xfe\xec\xaf\x82\x12\xdf\x17\xaeN\x1e'
11E8E149-CA20-FEEC-AF82-12DF17AE4E1E,2014-ncaa-d1-natl,ncaa,123,150,59,147,67,26,48,85,39,79,177,28,65,75,107,100,17,28,32,28,29,63,62,38,22,28,81,134,62,172,187,51,68,85,99,97,217,229,139,147,86,130,100,84,,,333,295,,,51,43,62,72,27,48,136,110,233,78,83,14,37,38,89,101,216,64,132,118,172,104,116,,314,,,55,288,184,257,97,95,126,111,319,325,179,319,324,311,295,310,319,287,297,141,187,156,338,304,295,161,68,215,187,195,99,114,80,73,104,56,317,278,283,280,,,17,23,,,51,306,36,123,54,228,118,185,53,41,310,323,301,284,283,227,265,113,145,115,75,89,294,259,,15,,,b'\x11\xe8\xe1I\xca \xfe\xec\xaf\x82\x12\xdf\x17\xaeN\x1e'
11E8E149-CA20-FEEC-AF82-12DF17AE4E1E,2014-ncaa-d1-ncaatournament,ncaa,33,2,33,33,34,32,33,36,9,34,46,5,17,23,13,5,30,36,1,36,11,36,36,2,1,2,9,12,27,35,4,57,57,44,34,39,56,22,25,33,41,37,23,5,,,25,40,,,27,36,5,3,1,1,4,10,36,1,2,5,18,18,4,4,5,57,39,26,37,25,7,,50,,,30,31,29,25,55,22,15,52,38,32,58,51,27,28,56,26,53,29,30,60,60,62,59,55,34,27,57,2,4,4,34,25,31,44,31,44,23,34,23,45,,,37,27,,,27,28,1,62,35,63,60,53,52,32,61,57,56,53,50,59,60,54,8,28,53,19,42,46,,11,,,b'\x11\xe8\xe1I\xca \xfe\xec\xaf\x82\x12\xdf\x17\xaeN\x1e'
11E8E149-CA20-FEEC-AF82-12DF17AE4E1E,2015-ncaa-d0-natl,ncaa,68,86,48,82,49,27,38,51,31,49,117,35,31,49,49,100,35,37,157,38,47,46,41,24,26,36,101,103,165,114,162,80,170,89,149,55,197,284,163,125,126,201,181,222,,,344,325,,,62,27,40,16,26,32,84,77,195,52,81,45,43,42,63,49,185,170,163,79,206,170,220,,336,,,65,324,282,288,202,272,265,209,235,245,153,167,343,343,210,343,327,311,322,195,236,177,277,129,322,259,170,245,162,264,149,163,61,51,99,57,326,245,331,317,,,14,36,,,62,325,51,162,70,270,195,179,192,169,189,195,330,328,329,271,311,177,126,144,94,68,278,326,,11,,,b'\x11\xe8\xe1I\xca \xfe\xec\xaf\x82\x12\xdf\x17\xaeN\x1e'
11E8E149-CA20-FEEC-AF82-12DF17AE4E1E,2015-ncaa-d1-conf-Big 12,ncaa,2,2,3,2,3,2,3,5,3,4,5,4,3,3,2,6,1,1,4,1,2,3,3,3,2,2,2,5,1,5,5,4,7,5,5,6,7,8,6,6,7,7,7,8,,,9,7,,,2,3,3,1,2,3,6,5,6,3,3,1,1,1,2,3,5,5,5,6,8,7,8,,9,,,2,9,9,8,5,8,8,8,6,7,2,5,8,9,6,9,7,8,9,5,6,5,6,4,7,10,7,5,5,8,5,5,3,2,4,3,10,9,8,7,,,1,1,,,2,8,2,6,2,9,7,8,7,7,6,6,9,9,9,10,10,10,4,6,5,4,9,8,,1,,,b'\x11\xe8\xe1I\xca \xfe\xec\xaf\x82\x12\xdf\x17\xaeN\x1e'
11E8E149-CA20-FEEC-AF82-12DF17AE4E1E,2015-ncaa-d1-natl,ncaa,80,86,55,88,55,31,41,58,37,60,135,37,37,61,51,103,39,41,155,42,45,52,46,26,25,39,99,102,161,136,168,103,179,111,156,61,206,268,164,133,144,216,198,231,,,343,327,,,73,31,42,15,26,33,89,86,200,52,81,48,45,45,69,54,188,177,175,85,209,181,227,,336,,,74,319,272,271,209,262,247,218,223,232,163,161,342,342,216,342,327,307,319,205,246,194,275,128,322,237,179,218,168,240,156,145,61,61,105,66,319,246,331,319,,,18,36,,,73,322,52,183,81,279,209,181,203,173,190,196,332,330,330,273,309,184,132,149,101,72,279,327,,12,,,b'\x11\xe8\xe1I\xca \xfe\xec\xaf\x82\x12\xdf\x17\xaeN\x1e'
11E8E149-CA20-FEEC-AF82-12DF17AE4E1E,2015-ncaa-d1-ncaatournament,ncaa,17,2,17,17,17,17,15,15,7,19,23,6,9,9,20,21,18,22,29,22,25,18,18,6,5,3,27,23,40,15,12,20,16,18,13,15,32,37,17,8,23,37,41,52,,,54,64,,,11,19,6,4,2,1,3,5,20,6,12,10,16,16,4,6,8,19,10,2,25,26,54,,63,,,7,48,37,35,22,26,34,15,51,47,53,58,62,61,47,61,64,44,44,37,50,44,63,56,63,37,16,38,12,36,13,28,10,21,29,6,35,15,35,27,,,18,22,,,11,46,2,45,11,57,17,19,4,4,60,57,62,62,62,47,51,21,27,21,6,18,20,28,,7,,,b'\x11\xe8\xe1I\xca \xfe\xec\xaf\x82\x12\xdf\x17\xaeN\x1e'
11E8E149-CA20-FEEC-AF82-12DF17AE4E1E,2016-ncaa-d0-natl,ncaa,65,73,38,75,68,58,68,67,92,83,120,72,75,64,150,116,34,38,125,38,53,57,44,86,79,96,123,145,111,140,194,44,32,65,76,71,129,279,168,130,66,103,124,156,,,289,199,,,57,32,45,261,75,90,134,112,200,101,96,59,58,57,107,94,208,67,116,90,199,96,153,,221,,,60,231,218,262,114,223,276,100,182,177,175,123,237,268,66,271,197,272,297,110,100,74,164,152,216,97,32,280,194,221,76,156,117,40,73,56,319,244,318,299,,,13,34,,,57,317,116,44,63,121,122,141,148,183,130,116,185,209,214,156,231,43,162,94,92,50,265,297,,23,,,b'\x11\xe8\xe1I\xca \xfe\xec\xaf\x82\x12\xdf\x17\xaeN\x1e'
11E8E149-CA20-FEEC-AF82-12DF17AE4E1E,2016-ncaa-d1-conf-Big 12,ncaa,4,4,3,4,4,3,4,4,4,3,5,3,6,4,8,6,2,2,3,2,2,3,3,4,3,3,5,7,2,5,5,4,3,4,5,4,8,7,7,7,1,1,8,8,,,6,6,,,4,3,2,4,2,4,5,4,6,6,4,1,2,2,3,2,6,5,5,6,8,1,9,,6,,,4,6,6,4,6,6,5,6,4,4,5,5,8,8,4,8,7,5,8,6,6,5,6,5,8,2,3,5,5,5,5,5,4,2,2,4,10,8,7,7,,,3,3,,,4,8,4,5,4,6,6,4,6,4,4,3,8,8,8,5,9,3,5,4,5,1,10,7,,2,,,b'\x11\xe8\xe1I\xca \xfe\xec\xaf\x82\x12\xdf\x17\xaeN\x1e'
11E8E149-CA20-FEEC-AF82-12DF17AE4E1E,2016-ncaa-d1-natl,ncaa,73,73,51,77,89,71,82,78,100,102,149,77,90,77,154,114,45,47,123,46,54,67,57,92,85,107,119,144,101,164,208,51,33,80,86,84,133,257,171,139,83,105,137,163,,,275,198,,,67,44,45,261,77,96,140,124,208,105,97,61,57,56,110,100,212,69,122,101,199,99,159,,221,,,66,212,204,242,131,202,257,107,167,160,183,115,223,252,69,257,194,245,285,123,112,86,163,148,217,80,33,265,208,190,86,143,117,49,76,65,305,247,313,300,,,19,32,,,67,306,125,51,71,133,127,144,156,188,133,113,187,213,216,160,226,42,167,97,102,56,270,300,,21,,,b'\x11\xe8\xe1I\xca \xfe\xec\xaf\x82\x12\xdf\x17\xaeN\x1e'
11E8E149-CA20-FEEC-AF82-12DF17AE4E1E,2016-ncaa-d1-ncaatournament,ncaa,17,2,17,17,17,29,30,24,44,30,30,48,20,19,33,24,21,25,11,23,26,24,25,45,38,32,10,22,12,24,37,20,31,22,26,29,32,36,30,38,34,45,7,4,,,41,39,,,27,26,37,1,38,45,40,49,41,25,26,19,34,30,37,38,39,17,20,40,29,42,3,,43,,,23,35,33,39,4,34,48,1,33,31,51,7,52,53,19,52,47,44,42,4,9,12,55,27,60,42,31,43,37,45,26,32,35,29,46,32,17,7,46,48,,,29,47,,,27,40,35,11,23,15,3,30,7,53,19,8,54,56,55,44,37,37,33,37,15,47,4,46,,46,,,b'\x11\xe8\xe1I\xca \xfe\xec\xaf\x82\x12\xdf\x17\xaeN\x1e'
11E8E149-CA20-FEEC-AF82-12DF17AE4E1E,2017-ncaa-d0-natl,ncaa,41,64,45,60,47,35,41,35,95,54,45,124,66,87,61,183,21,29,68,28,101,30,28,94,80,71,137,170,101,119,228,47,176,58,201,116,291,243,97,170,44,107,9,15,,,273,102,,,99,24,12,73,31,46,37,73,73,94,129,25,45,47,23,32,171,65,92,174,176,68,10,,201,,,102,331,320,318,162,280,306,117,324,304,311,210,259,265,118,266,163,323,328,189,182,167,262,279,138,313,176,333,228,334,201,283,151,41,127,129,253,128,285,187,,,44,160,,,99,326,79,161,103,274,272,305,206,269,303,276,195,212,217,306,332,264,290,282,217,60,189,240,,68,,,b'\x11\xe8\xe1I\xca \xfe\xec\xaf\x82\x12\xdf\x17\xaeN\x1e'
11E8E149-CA20-FEEC-AF82-12DF17AE4E1E,2017-ncaa-d1-conf-Big 12,ncaa,3,3,7,3,7,4,4,6,4,5,7,4,5,5,3,5,4,5,4,5,3,6,4,4,3,4,5,6,4,7,6,6,8,6,7,6,6,8,7,6,4,4,2,2,,,4,4,,,3,3,2,1,2,3,4,3,4,5,5,3,5,4,4,3,7,3,4,5,9,3,2,,5,,,3,4,4,6,3,4,6,4,8,7,8,6,3,5,4,5,5,5,8,3,4,3,7,8,3,8,8,7,6,7,7,7,8,3,3,5,7,7,4,5,,,5,3,,,3,8,6,3,3,7,7,9,6,9,9,8,4,5,5,8,10,9,7,7,7,2,8,5,,1,,,b'\x11\xe8\xe1I\xca \xfe\xec\xaf\x82\x12\xdf\x17\xaeN\x1e'
11E8E149-CA20-FEEC-AF82-12DF17AE4E1E,2017-ncaa-d1-natl,ncaa,54,64,56,65,63,39,48,41,105,61,51,130,80,97,65,180,25,36,68,35,99,35,31,100,82,76,133,166,98,142,239,54,181,70,217,140,291,225,100,171,56,115,9,16,,,257,101,,,106,26,13,69,31,50,40,80,80,98,129,24,48,50,24,33,181,67,103,179,178,75,12,,205,,,109,327,314,314,173,269,300,122,317,294,316,211,249,251,120,251,163,320,327,199,189,176,261,277,135,301,181,326,239,329,217,276,153,53,133,138,237,133,279,193,,,52,154,,,106,324,90,173,111,285,282,308,221,268,302,275,199,215,220,311,333,264,294,287,227,70,196,250,,68,,,b'\x11\xe8\xe1I\xca \xfe\xec\xaf\x82\x12\xdf\x17\xaeN\x1e'
11E8E149-CA20-FEEC-AF82-12DF17AE4E1E,2017-ncaa-d1-ncaatournament,ncaa,17,2,17,17,18,19,19,21,15,27,28,28,13,13,10,11,22,26,4,26,21,24,23,9,7,8,10,9,36,29,40,27,46,31,42,25,54,42,38,41,34,49,11,2,,,45,46,,,39,21,16,6,9,16,30,39,48,2,11,21,31,27,30,29,45,34,43,33,41,48,1,,47,,,35,48,47,46,37,40,40,26,53,48,49,45,46,47,16,46,46,48,46,42,39,49,56,56,39,47,46,41,40,45,42,41,34,29,54,47,28,21,43,44,,,23,22,,,39,45,11,55,36,54,49,51,33,29,59,52,43,50,47,56,51,46,25,35,38,50,22,39,,24,,,b'\x11\xe8\xe1I\xca \xfe\xec\xaf\x82\x12\xdf\x17\xaeN\x1e'
11E8E149-CA20-FEEC-AF82-12DF17AE4E1E,2018-ncaa-d0-natl,ncaa,149,162,117,167,132,49,51,92,39,54,87,42,116,135,101,202,28,23,203,21,38,69,71,52,54,55,195,222,98,202,236,85,47,111,138,170,326,159,87,175,121,142,51,46,,,231,149,,,110,52,24,138,31,37,69,40,97,115,153,17,15,13,46,48,222,75,116,184,155,122,40,,225,,,110,313,291,267,248,237,218,212,327,295,327,274,282,235,330,233,205,274,271,288,299,283,302,298,196,96,47,247,236,188,138,295,218,137,181,225,117,70,316,271,,,39,70,,,110,292,66,236,121,313,290,280,217,197,324,299,267,223,220,291,290,86,231,173,283,141,102,312,,23,,,b'\x11\xe8\xe1I\xca \xfe\xec\xaf\x82\x12\xdf\x17\xaeN\x1e'
11E8E149-CA20-FEEC-AF82-12DF17AE4E1E,2018-ncaa-d1-conf-Big 12,ncaa,3,3,7,3,9,4,3,8,3,3,5,2,7,7,4,7,4,3,8,3,3,8,6,2,2,3,7,7,3,7,5,5,5,7,3,8,10,6,9,8,4,3,2,2,,,3,4,,,3,5,2,4,3,3,6,3,4,7,7,3,2,2,4,4,6,3,5,7,9,3,2,,4,,,3,2,2,2,4,2,3,2,7,4,8,7,3,2,10,2,4,1,4,5,5,4,7,9,4,5,5,3,5,2,3,5,6,3,3,4,6,5,8,7,,,3,1,,,3,4,4,4,3,5,5,5,3,4,8,7,4,4,4,5,6,5,4,3,5,3,8,8,,1,,,b'\x11\xe8\xe1I\xca \xfe\xec\xaf\x82\x12\xdf\x17\xaeN\x1e'
11E8E149-CA20-FEEC-AF82-12DF17AE4E1E,2018-ncaa-d1-natl,ncaa,169,162,144,175,166,56,61,110,40,61,110,44,128,158,102,201,35,28,202,28,41,90,89,52,56,55,187,215,98,231,249,102,49,152,149,195,327,136,92,184,143,157,54,46,,,207,156,,,127,66,26,128,32,40,75,43,105,122,155,19,16,15,49,50,233,79,124,198,158,131,40,,224,,,127,305,279,251,266,215,186,223,320,285,336,270,267,216,331,215,205,257,248,300,312,299,296,291,196,74,49,222,249,152,149,285,221,157,190,233,101,74,309,282,,,48,69,,,127,277,72,253,140,320,295,280,228,203,324,296,271,226,225,292,291,85,237,177,288,148,107,316,,25,,,b'\x11\xe8\xe1I\xca \xfe\xec\xaf\x82\x12\xdf\x17\xaeN\x1e'
11E8E149-CA20-FEEC-AF82-12DF17AE4E1E,2018-ncaa-d1-ncaatournament,ncaa,33,2,33,33,34,34,41,46,39,40,42,17,51,49,53,41,26,29,26,27,5,35,37,43,34,29,30,54,2,49,49,39,4,44,38,38,21,8,19,25,31,11,51,39,,,17,42,,,34,35,3,7,14,29,30,22,27,46,32,1,1,1,5,8,40,26,35,18,24,7,45,,44,,,39,25,18,10,53,8,3,41,42,28,55,56,22,24,23,24,58,14,18,60,60,58,58,58,40,1,4,23,49,14,38,37,64,42,22,53,10,24,13,32,,,34,4,,,34,29,33,43,44,57,44,20,19,3,60,54,48,51,52,34,46,2,55,43,61,17,25,28,,2,,,b'\x11\xe8\xe1I\xca \xfe\xec\xaf\x82\x12\xdf\x17\xaeN\x1e'
11E8E149-CA20-FEEC-AF82-12DF17AE4E1E,2019-ncaa-d0-natl,ncaa,277,298,173,290,229,97,115,156,79,126,129,152,118,198,21,234,56,31,264,32,45,118,78,76,80,143,119,182,78,163,164,116,284,131,209,111,147,338,306,236,149,215,298,326,,,306,232,,,265,66,4,272,56,78,107,100,109,103,199,30,12,13,62,15,137,68,83,90,334,137,304,,325,,,266,341,343,318,297,341,304,314,294,303,178,233,234,223,257,218,120,318,308,296,293,314,110,180,91,325,284,165,164,271,209,338,226,184,276,312,307,257,281,253,,,84,153,,,265,290,152,331,262,348,348,350,345,337,313,324,257,245,239,348,347,334,197,298,339,168,306,293,,38,,,b'\x11\xe8\xe1I\xca \xfe\xec\xaf\x82\x12\xdf\x17\xaeN\x1e'
11E8E149-CA20-FEEC-AF82-12DF17AE4E1E,2019-ncaa-d1-conf-Big 12,ncaa,9,8,7,9,7,5,6,8,6,7,4,8,5,8,1,8,1,2,4,2,3,7,4,5,4,7,3,6,1,5,4,7,9,5,6,4,3,10,10,10,7,7,10,10,,,9,9,,,9,4,1,3,3,5,6,6,3,4,8,1,2,2,4,2,4,6,5,4,10,5,10,,9,,,9,9,9,8,8,9,7,9,10,9,3,8,9,9,4,8,7,8,8,8,8,8,5,7,4,10,9,4,4,6,6,9,8,6,7,9,10,9,8,8,,,3,5,,,9,7,7,10,9,10,9,10,9,7,10,10,9,9,8,10,10,10,5,9,9,4,10,8,,1,,,b'\x11\xe8\xe1I\xca \xfe\xec\xaf\x82\x12\xdf\x17\xaeN\x1e'
11E8E149-CA20-FEEC-AF82-12DF17AE4E1E,2019-ncaa-d1-natl,ncaa,294,297,233,298,292,119,140,196,87,151,162,161,134,221,23,235,73,42,266,44,44,163,109,84,81,152,115,176,72,194,170,155,299,171,228,132,151,328,311,249,182,224,308,327,,,283,236,,,277,94,6,272,63,89,120,109,112,109,205,27,12,13,68,21,149,77,98,96,334,156,309,,326,,,279,338,339,312,309,335,290,323,284,294,194,231,217,204,256,196,120,310,290,306,302,325,104,179,88,314,299,131,170,234,228,332,229,223,282,319,292,265,269,258,,,115,145,,,277,265,165,336,269,350,349,350,345,339,316,326,260,247,242,349,347,334,197,305,338,180,313,297,,42,,,b'\x11\xe8\xe1I\xca \xfe\xec\xaf\x82\x12\xdf\x17\xaeN\x1e'
11E8E149-CA20-FEEC-AF82-12DF17AE4E1E,2020-ncaa-d0-natl,ncaa,221,240,87,232,98,21,37,48,63,85,124,90,29,67,19,120,34,48,104,49,96,37,9,44,43,80,67,84,147,124,165,123,245,121,203,62,167,339,271,205,126,209,288,334,,,321,218,,,211,9,5,65,18,26,33,95,143,31,73,38,55,60,29,7,145,142,121,56,331,142,299,,309,,,211,350,350,346,339,349,341,329,280,253,291,122,220,204,248,194,65,343,343,331,328,321,49,121,56,301,245,258,165,288,203,308,79,74,177,203,324,266,298,270,,,26,126,,,211,342,90,311,216,348,350,346,348,344,274,237,209,190,181,344,346,288,227,265,296,81,312,298,,27,,,b'\x11\xe8\xe1I\xca \xfe\xec\xaf\x82\x12\xdf\x17\xaeN\x1e'
11E8E149-CA20-FEEC-AF82-12DF17AE4E1E,2020-ncaa-d1-conf-Big 12,ncaa,9,9,1,9,1,3,3,6,2,6,8,3,3,3,4,3,1,2,2,2,2,4,1,3,3,5,2,3,2,7,7,7,8,8,8,6,8,10,10,9,5,6,10,10,,,10,7,,,8,1,1,1,3,3,6,6,8,3,3,1,2,2,4,1,7,7,8,6,10,5,10,,10,,,8,10,10,9,10,10,9,10,8,6,7,5,8,8,8,8,5,9,10,10,10,9,3,3,4,8,8,4,7,5,8,8,3,3,5,6,10,9,7,7,,,2,3,,,8,10,5,9,8,10,10,9,10,9,8,6,8,8,8,9,10,8,4,5,8,3,10,7,,2,,,b'\x11\xe8\xe1I\xca \xfe\xec\xaf\x82\x12\xdf\x17\xaeN\x1e'
11E8E149-CA20-FEEC-AF82-12DF17AE4E1E,2020-ncaa-d1-natl,ncaa,238,240,128,243,144,31,46,66,69,109,153,99,40,82,22,120,42,60,106,62,95,56,17,48,44,86,66,84,140,149,173,154,254,156,216,70,170,336,278,214,157,221,303,334,,,313,224,,,221,14,5,52,21,29,37,102,148,35,75,37,59,61,34,11,151,148,132,62,332,151,300,,311,,,222,350,350,340,340,349,334,331,271,230,296,121,208,182,255,174,66,335,338,336,331,326,43,114,55,293,254,225,173,271,216,301,78,96,189,217,316,271,295,275,,,37,125,,,221,337,97,317,228,349,350,347,348,344,279,233,216,194,186,346,348,289,235,267,302,91,315,299,,26,,,b'\x11\xe8\xe1I\xca \xfe\xec\xaf\x82\x12\xdf\x17\xaeN\x1e'
11E8E149-CA20-FEEC-AF82-12DF17AE4E1E,2021-ncaa-d0-natl,ncaa,128,202,89,157,105,59,70,127,23,99,173,27,38,67,15,72,82,127,29,119,84,126,126,15,11,24,67,67,197,267,311,144,286,192,307,82,208,237,175,124,101,167,291,329,,,245,146,,,184,88,86,86,38,64,203,131,269,32,81,88,161,155,202,213,325,250,318,114,166,138,324,,202,,,180,305,320,270,330,325,268,341,240,264,107,194,210,228,85,228,135,271,270,320,313,320,39,97,55,291,286,220,311,250,307,304,135,130,229,276,249,211,214,224,,,99,100,,,184,254,51,318,175,320,336,281,342,250,194,246,151,185,186,282,279,270,143,194,289,190,194,165,,120,,,b'\x11\xe8\xe1I\xca \xfe\xec\xaf\x82\x12\xdf\x17\xaeN\x1e'
11E8E149-CA20-FEEC-AF82-12DF17AE4E1E,2021-ncaa-d1-conf-Big 12,ncaa,6,6,7,6,7,5,5,9,2,8,9,1,2,3,3,2,9,10,2,10,3,10,10,2,2,2,2,2,9,10,10,10,9,10,10,8,8,6,9,8,4,5,10,10,,,4,4,,,6,9,8,1,3,5,9,7,9,2,2,8,9,9,9,9,10,9,10,7,8,3,10,,5,,,6,7,10,2,10,10,2,10,3,7,2,9,2,2,1,2,3,2,3,10,10,8,1,3,1,7,9,4,10,5,10,5,4,5,5,5,7,9,2,4,,,7,3,,,6,1,3,8,6,7,10,5,10,5,5,8,2,2,2,5,7,8,5,6,6,5,9,2,,6,,,b'\x11\xe8\xe1I\xca \xfe\xec\xaf\x82\x12\xdf\x17\xaeN\x1e'
11E8E149-CA20-FEEC-AF82-12DF17AE4E1E,2021-ncaa-d1-natl,ncaa,139,201,105,163,123,68,79,140,24,110,189,28,41,73,17,72,92,138,28,131,83,142,139,15,11,24,66,66,195,280,314,164,287,212,311,92,212,224,182,128,116,171,294,329,,,235,146,,,203,108,87,83,43,67,209,139,273,38,80,90,165,158,207,216,326,253,319,119,170,141,325,,204,,,195,302,320,261,331,322,258,341,228,252,105,191,203,222,89,222,136,260,255,322,315,322,38,96,56,282,287,204,314,239,311,303,137,147,240,282,240,215,206,229,,,113,98,,,203,236,53,321,192,322,337,283,342,252,195,246,152,187,188,286,277,270,144,200,295,194,196,169,,120,,,b'\x11\xe8\xe1I\xca \xfe\xec\xaf\x82\x12\xdf\x17\xaeN\x1e'
11E8E149-CA20-FEEC-AF82-12DF17AE4E1E,2022-ncaa-d0-natl,ncaa,23,49,14,40,14,2,8,6,41,34,62,31,6,7,34,49,1,5,49,5,20,4,1,23,17,33,29,50,110,57,194,9,197,13,151,3,15,356,216,82,18,118,118,243,,,354,159,,,75,1,2,71,3,8,13,65,182,8,16,6,15,15,9,6,134,20,27,5,322,38,175,,321,,,79,356,355,356,203,355,354,245,312,343,75,129,356,356,230,356,242,356,356,188,203,234,112,81,265,353,197,346,194,354,151,343,112,25,226,194,354,228,324,275,,,5,223,,,75,356,41,237,95,351,345,354,347,349,218,295,339,333,334,356,355,318,273,307,294,79,317,288,,47,,,b'\x11\xe8\xe1I\xca \xfe\xec\xaf\x82\x12\xdf\x17\xaeN\x1e'
11E8E149-CA20-FEEC-AF82-12DF17AE4E1E,2022-ncaa-d1-conf-Big 12,ncaa,4,4,3,4,4,2,2,3,2,4,7,2,2,1,4,2,1,4,3,3,1,2,1,3,3,3,2,2,7,7,7,3,10,4,7,2,2,10,9,4,2,4,9,9,,,8,6,,,4,1,1,3,1,2,2,6,8,2,1,2,2,2,1,1,7,3,3,1,10,2,9,,9,,,4,10,10,10,7,10,10,9,3,9,1,4,9,9,6,9,7,10,10,5,5,7,3,2,8,10,10,7,7,10,7,9,3,3,6,6,10,8,4,5,,,3,8,,,4,10,4,8,4,10,10,10,10,10,3,9,9,9,9,10,10,10,6,10,8,3,10,3,,4,,,b'\x11\xe8\xe1I\xca \xfe\xec\xaf\x82\x12\xdf\x17\xaeN\x1e'
11E8E149-CA20-FEEC-AF82-12DF17AE4E1E,2022-ncaa-d1-natl,ncaa,25,49,16,43,16,3,8,7,41,37,76,35,6,7,35,48,2,6,48,6,19,4,2,25,19,34,28,53,104,72,206,13,202,16,162,4,17,355,217,88,23,134,132,256,,,352,167,,,92,1,2,71,3,9,13,75,190,11,18,6,16,17,10,6,150,23,30,5,324,48,182,,321,,,97,356,355,355,225,355,354,260,305,336,81,127,356,354,234,354,244,356,356,201,222,252,110,79,264,353,202,344,206,352,162,342,114,31,238,207,352,238,321,284,,,9,225,,,92,356,47,252,113,351,347,354,349,350,224,296,340,334,335,356,355,320,276,311,302,90,321,290,,43,,,b'\x11\xe8\xe1I\xca \xfe\xec\xaf\x82\x12\xdf\x17\xaeN\x1e'
11E8E149-CA20-FEEC-AF82-12DF17AE4E1E,2022-ncaa-d1-ncaatournament,ncaa,17,2,17,17,18,21,26,22,40,27,26,47,17,21,30,29,16,15,55,15,3,19,17,37,35,44,15,22,11,20,32,19,31,19,25,21,7,54,56,45,21,39,20,24,,,39,6,,,63,17,2,5,15,34,20,34,32,17,19,7,3,3,13,4,20,10,11,12,62,26,21,,20,,,56,53,54,52,47,52,49,58,54,56,29,54,52,49,51,49,40,52,52,47,47,53,37,42,30,43,31,47,32,47,25,55,40,33,58,59,58,54,49,52,,,19,28,,,63,52,43,52,54,65,64,67,56,48,57,64,48,45,45,67,66,40,49,55,57,45,60,54,,12,,,b'\x11\xe8\xe1I\xca \xfe\xec\xaf\x82\x12\xdf\x17\xaeN\x1e'
11E8E149-CA20-FEEC-AF82-12DF17AE4E1E,2023-ncaa-d0-natl,ncaa,27,20,46,26,55,9,10,17,25,24,50,31,6,16,26,94,40,51,70,48,139,16,13,17,18,29,101,83,263,30,54,13,23,10,12,3,2,315,106,18,98,221,88,122,,,351,290,,,51,10,3,102,2,2,3,20,82,10,26,54,77,74,3,3,40,6,6,3,246,153,107,,339,,,54,358,343,346,170,322,318,175,352,350,205,291,358,353,232,353,309,354,345,206,239,306,328,273,295,215,23,272,54,267,12,303,132,156,317,272,320,160,228,124,,,41,262,,,51,350,19,254,68,352,322,351,252,274,341,347,346,343,339,356,353,136,158,140,248,221,271,184,,81,,,b'\x11\xe8\xe1I\xca \xfe\xec\xaf\x82\x12\xdf\x17\xaeN\x1e'
11E8E149-CA20-FEEC-AF82-12DF17AE4E1E,2023-ncaa-d1-conf-Big 12,ncaa,2,1,3,2,4,1,1,1,2,2,2,2,1,2,1,4,4,6,2,6,7,1,1,1,1,2,5,2,10,2,2,2,1,1,1,1,1,9,5,1,6,7,6,7,,,10,10,,,3,1,1,4,1,1,1,2,4,1,2,4,6,6,1,1,2,2,1,1,9,7,6,,10,,,3,10,8,9,5,6,8,4,9,9,8,4,10,10,6,10,9,9,10,6,7,7,10,7,9,1,1,3,2,3,1,7,3,7,7,5,9,8,6,3,,,5,10,,,3,10,1,6,3,10,7,9,5,8,9,9,10,10,10,10,10,1,3,2,6,7,9,5,,6,,,b'\x11\xe8\xe1I\xca \xfe\xec\xaf\x82\x12\xdf\x17\xaeN\x1e'
11E8E149-CA20-FEEC-AF82-12DF17AE4E1E,2023-ncaa-d1-natl,ncaa,28,20,56,27,68,10,11,17,25,26,57,32,7,20,24,96,44,62,68,59,139,16,15,18,18,29,99,84,258,37,56,14,25,11,12,3,3,305,113,18,128,233,94,127,,,350,295,,,55,11,3,98,2,3,3,24,85,11,27,57,79,79,4,4,47,6,6,3,249,165,110,,340,,,58,357,341,343,182,313,307,195,350,350,223,290,357,350,242,349,308,353,345,225,250,314,330,273,295,197,25,242,56,239,12,298,133,187,325,282,312,161,220,131,,,51,264,,,55,349,19,283,77,353,324,353,257,276,344,346,348,344,341,355,352,142,163,146,260,231,274,192,,76,,,b'\x11\xe8\xe1I\xca \xfe\xec\xaf\x82\x12\xdf\x17\xaeN\x1e'
11E8E149-CA20-FEEC-AF82-12DF17AE4E1E,2023-ncaa-d1-ncaatournament,ncaa,18,2,18,18,21,18,22,20,27,25,21,40,18,20,10,38,13,15,27,16,12,19,18,22,17,19,13,21,11,18,10,28,31,24,18,18,8,49,43,23,25,34,22,19,,,52,52,,,21,18,2,7,5,16,16,26,17,13,27,6,6,7,8,2,16,33,27,8,53,29,23,,63,,,16,48,43,41,31,46,43,48,30,44,9,38,56,53,61,53,57,47,49,30,41,31,39,15,63,41,31,38,10,36,18,47,42,20,12,20,53,47,51,46,,,10,3,,,21,51,17,28,19,43,30,31,41,29,17,36,63,60,59,47,60,37,18,15,37,7,52,52,,1,,,b'\x11\xe8\xe1I\xca \xfe\xec\xaf\x82\x12\xdf\x17\xaeN\x1e'
11E8E149-CA20-FEEC-AF82-12DF17AE4E1E,2024-ncaa-d0-natl,ncaa,51,57,52,61,84,32,23,14,94,44,62,60,32,18,164,65,140,139,183,141,260,18,16,90,107,90,165,88,323,20,55,22,69,12,39,6,1,281,102,21,61,133,65,121,,,301,154,,,64,17,11,256,23,20,8,44,105,35,20,197,202,208,13,11,30,16,9,2,196,85,74,,256,,,67,321,315,337,97,319,340,107,255,295,107,149,306,308,149,309,175,343,345,87,92,131,161,142,218,263,69,313,55,313,39,186,40,99,225,124,239,91,278,198,,,77,282,,,64,346,67,112,75,267,275,333,271,333,195,238,253,263,265,339,339,211,242,238,123,150,175,249,,133,,,b'\x11\xe8\xe1I\xca \xfe\xec\xaf\x82\x12\xdf\x17\xaeN\x1e'
11E8E149-CA20-FEEC-AF82-12DF17AE4E1E,2024-ncaa-d1-conf-Big 12,ncaa,2,1,2,2,4,2,2,1,8,2,2,8,2,1,7,3,10,10,9,10,14,1,1,9,9,6,9,6,14,2,3,2,2,1,3,1,1,5,1,1,4,5,4,8,,,7,4,,,3,1,1,6,1,1,1,2,2,3,1,11,10,10,1,1,2,2,1,1,5,5,5,,7,,,3,10,11,13,3,10,13,5,11,11,6,10,9,11,6,10,8,13,14,2,4,5,10,8,8,5,2,13,3,11,3,7,4,6,8,5,3,2,11,6,,,9,13,,,3,14,2,5,3,8,9,13,9,13,10,11,9,9,9,13,14,5,11,10,6,7,3,9,,10,,,b'\x11\xe8\xe1I\xca \xfe\xec\xaf\x82\x12\xdf\x17\xaeN\x1e'
11E8E149-CA20-FEEC-AF82-12DF17AE4E1E,2024-ncaa-d1-natl,ncaa,57,57,78,63,115,43,28,20,104,49,84,69,39,22,164,64,162,173,183,172,260,26,21,97,112,93,159,86,321,27,66,26,80,13,44,6,1,256,106,21,74,144,70,126,,,291,164,,,78,27,12,257,24,21,9,46,106,37,20,199,204,211,15,13,37,17,9,2,201,96,79,,266,,,79,310,303,332,109,313,333,122,234,281,117,150,298,299,154,300,178,342,337,101,109,151,159,141,220,254,80,288,66,294,44,173,42,132,241,146,218,92,274,213,,,95,279,,,78,338,81,131,83,281,284,335,288,338,201,239,266,272,274,342,339,221,246,245,131,157,185,253,,132,,,b'\x11\xe8\xe1I\xca \xfe\xec\xaf\x82\x12\xdf\x17\xaeN\x1e'
11E8E149-CA20-FEEC-AF82-12DF17AE4E1E,2024-ncaa-d1-ncaatournament,ncaa,17,3,17,17,19,22,22,17,41,20,20,28,32,21,53,37,20,26,9,26,35,17,21,46,37,26,44,51,17,19,17,23,35,17,17,21,14,37,17,11,38,57,17,18,,,47,43,,,34,24,25,5,23,24,14,16,17,44,27,15,25,26,10,23,20,17,6,14,18,56,12,,48,,,30,48,41,48,11,40,47,13,46,48,24,36,52,55,26,54,48,50,46,14,12,29,48,41,50,45,35,38,17,43,17,43,36,36,65,59,37,32,55,59,,,30,41,,,34,47,22,40,26,45,25,57,21,49,35,45,49,52,54,64,51,45,23,31,31,63,31,61,,32,,,b'\x11\xe8\xe1I\xca \xfe\xec\xaf\x82\x12\xdf\x17\xaeN\x1e'
11E8E149-CA20-FEEC-AF82-12DF17AE4E1E,2025-ncaa-d0-natl,genius_ncaa,24,37,19,40,23,5,8,7,29,10,28,13,15,10,137,81,23,20,170,16,97,7,4,27,31,60,162,137,253,9,27,2,8,3,2,3,4,357,169,33,45,149,49,118,,,354,185,,358,15,3,1,175,5,6,5,12,87,23,12,43,44,38,5,1,21,1,2,1,330,89,76,,313,,348,20,349,346,357,25,333,356,30,326,350,81,219,321,316,211,316,109,357,357,26,29,73,219,232,189,262,8,319,27,313,2,316,142,66,256,176,352,159,116,27,,,8,213,,279,15,360,41,48,30,268,260,359,232,348,270,327,232,224,224,359,359,145,155,149,212,145,298,57,,28,,315,b'\x11\xe8\xe1I\xca \xfe\xec\xaf\x82\x12\xdf\x17\xaeN\x1e'
11E8E149-CA20-FEEC-AF82-12DF17AE4E1E,2025-ncaa-d1-conf-SEC,genius_ncaa,3,4,3,4,3,2,3,4,4,5,11,1,2,2,12,3,3,2,6,2,1,4,1,4,4,5,4,6,9,6,6,1,1,2,1,1,1,16,14,4,8,10,8,10,,,16,11,,16,6,1,1,6,1,4,3,7,12,4,2,2,3,1,3,1,6,1,1,1,16,9,10,,16,,16,6,13,12,16,4,12,13,4,15,16,7,13,15,15,7,15,8,16,16,5,5,6,12,12,6,8,1,12,6,9,1,10,6,8,10,7,16,11,3,5,,,2,5,,15,6,16,9,6,8,12,11,15,10,11,12,16,10,14,13,15,16,6,10,6,8,8,16,2,,2,,15,b'\x11\xe8\xe1I\xca \xfe\xec\xaf\x82\x12\xdf\x17\xaeN\x1e'
11E8E149-CA20-FEEC-AF82-12DF17AE4E1E,2025-ncaa-d1-natl,genius_ncaa,28,37,25,41,34,6,9,7,30,12,37,16,18,10,141,81,28,25,171,21,95,7,4,29,32,64,153,136,245,11,29,2,8,3,2,3,4,356,177,36,59,161,55,124,,,352,191,,356,19,3,1,167,5,7,5,12,87,24,14,43,46,39,5,1,23,1,2,1,332,98,77,,316,,349,21,348,345,357,30,326,354,34,321,346,90,217,315,309,216,306,113,357,357,33,34,82,216,231,189,248,8,302,29,299,2,310,140,80,267,190,350,167,101,28,,,12,211,,283,19,360,46,60,33,284,271,359,242,348,273,328,239,229,228,359,359,150,163,156,222,160,301,55,,27,,313,b'\x11\xe8\xe1I\xca \xfe\xec\xaf\x82\x12\xdf\x17\xaeN\x1e'
11E8E149-CA20-FEEC-AF82-12DF17AE4E1E,2025-ncaa-d1-ncaatournament,genius_ncaa,9,2,9,9,11,12,12,8,41,13,11,37,9,5,38,23,10,11,45,11,25,8,8,35,38,35,22,23,34,6,8,7,4,7,1,6,6,61,36,27,13,34,14,24,,,55,19,,44,13,9,1,7,9,12,2,21,15,11,9,19,19,19,1,1,2,1,1,3,49,31,23,,31,,33,11,59,56,61,6,50,55,5,64,65,24,65,48,49,34,49,24,60,59,10,10,17,64,65,23,40,4,61,8,57,1,59,43,20,53,40,62,40,33,6,,,11,46,,22,13,59,23,7,13,27,21,58,8,28,57,66,20,20,14,56,51,7,49,34,32,48,56,9,,20,,41,b'\x11\xe8\xe1I\xca \xfe\xec\xaf\x82\x12\xdf\x17\xaeN\x1e'
11E8E149-CA20-FEEC-AF82-12DF17AE4E1E,2026-ncaa-d0-natl,genius_ncaa,5,13,9,13,10,3,3,1,31,3,3,28,34,24,116,233,6,4,139,5,128,1,3,47,43,21,272,264,183,7,51,1,18,1,12,2,104,187,12,14,9,42,5,13,,,315,46,,141,7,2,4,78,3,6,2,4,4,74,74,17,16,15,2,3,17,1,1,11,46,22,10,,135,,68,10,306,245,357,3,139,348,1,349,355,127,275,342,339,228,337,196,358,362,6,9,18,359,336,310,311,18,347,51,335,12,135,46,27,148,19,292,73,273,63,,,9,212,,127,7,362,17,17,14,100,39,337,13,259,293,331,241,240,233,333,350,177,217,201,23,69,145,154,,53,,217,b'\x11\xe8\xe1I\xca \xfe\xec\xaf\x82\x12\xdf\x17\xaeN\x1e'
11E8E149-CA20-FEEC-AF82-12DF17AE4E1E,2026-ncaa-d1-natl,genius_ncaa,5,13,13,13,18,4,4,1,34,3,4,36,48,35,127,233,6,4,135,5,122,1,3,52,47,23,265,257,163,13,65,1,22,1,13,3,109,145,14,15,15,52,7,12,,,284,52,,108,7,2,4,73,3,6,2,4,6,79,78,16,13,15,2,3,31,1,1,11,50,31,11,,145,,71,10,282,202,356,3,99,341,1,343,350,154,268,327,321,237,319,197,356,360,7,10,21,359,341,305,286,22,331,65,321,13,100,48,46,188,28,253,74,256,72,,,11,204,,149,7,362,17,19,14,124,52,349,14,271,313,331,254,249,243,345,350,188,234,220,31,100,155,175,,45,,203,b'\x11\xe8\xe1I\xca \xfe\xec\xaf\x82\x12\xdf\x17\xaeN\x1e'
11E8E149-CA25-68CE-AF82-12DF17AE4E1E,2010-ncaa-d0-natl,ncaa,40,62,12,58,12,17,17,9,118,28,24,90,55,27,200,132,23,39,78,33,159,10,20,113,114,29,170,167,187,21,137,18,112,17,122,131,330,12,1,33,194,294,100,118,,,322,213,,,75,23,166,34,29,34,13,52,76,96,63,68,94,89,15,111,81,50,38,218,1,280,152,,225,,,75,339,325,335,95,219,234,166,345,344,133,339,316,294,319,297,260,337,324,164,190,276,337,329,198,308,112,340,137,341,122,314,216,176,315,293,19,4,182,77,,,36,174,,,75,324,19,273,79,263,202,283,70,42,337,343,242,189,192,278,208,210,266,258,222,306,5,119,,135,,,b'\x11\xe8\xe1I\xca%h\xce\xaf\x82\x12\xdf\x17\xaeN\x1e'
11E8E149-CA25-68CE-AF82-12DF17AE4E1E,2010-ncaa-d1-conf-Big 12,ncaa,4,6,1,6,1,3,2,1,8,3,3,9,5,3,9,5,5,4,6,4,7,1,3,8,9,2,6,5,8,1,4,4,8,2,7,12,12,1,1,5,8,11,5,5,,,11,9,,,7,4,6,9,4,3,1,6,5,6,5,5,5,5,1,4,1,4,4,12,1,10,5,,9,,,7,12,12,12,6,3,6,7,12,12,11,12,10,10,8,10,10,12,10,9,8,11,12,12,9,11,8,12,4,12,7,12,11,9,11,12,1,1,3,2,,,6,8,,,7,9,2,11,7,11,9,9,3,2,12,12,10,10,9,10,7,10,11,11,11,11,1,2,,7,,,b'\x11\xe8\xe1I\xca%h\xce\xaf\x82\x12\xdf\x17\xaeN\x1e'
11E8E149-CA25-68CE-AF82-12DF17AE4E1E,2010-ncaa-d1-natl,ncaa,41,62,12,60,13,18,18,10,119,28,25,93,58,30,201,133,25,45,78,39,160,11,22,120,117,29,168,166,184,25,140,18,118,17,127,134,331,9,1,34,214,300,104,119,,,320,214,,,78,25,170,34,29,34,15,52,77,96,63,71,94,89,18,115,84,53,40,230,1,286,155,,225,,,79,338,323,333,104,213,227,171,345,344,137,338,313,289,320,290,259,336,322,172,194,281,336,328,196,307,118,338,140,338,127,309,216,198,318,297,17,4,177,80,,,43,173,,,78,322,19,283,81,272,204,283,70,42,338,344,243,192,193,279,208,213,267,261,228,306,5,121,,135,,,b'\x11\xe8\xe1I\xca%h\xce\xaf\x82\x12\xdf\x17\xaeN\x1e'
11E8E149-CA25-68CE-AF82-12DF17AE4E1E,2010-ncaa-d1-ncaatournament,ncaa,17,2,17,17,17,21,24,18,44,20,18,42,37,25,56,49,13,13,14,13,15,17,18,49,38,23,32,51,4,13,21,25,47,20,38,22,20,25,2,3,19,22,25,24,,,45,41,,,20,20,40,2,17,25,8,19,11,44,35,2,3,3,4,9,5,21,12,21,2,16,32,,45,,,20,41,38,44,11,25,33,19,55,55,30,64,49,51,20,51,58,45,48,20,18,17,61,61,45,50,47,47,21,48,38,36,25,22,29,19,6,1,40,28,,,19,19,,,20,45,17,26,21,33,17,44,5,3,57,64,45,47,48,46,56,55,50,56,22,18,1,37,,10,,,b'\x11\xe8\xe1I\xca%h\xce\xaf\x82\x12\xdf\x17\xaeN\x1e'
11E8E149-CA25-68CE-AF82-12DF17AE4E1E,2011-ncaa-d0-natl,ncaa,137,154,77,153,82,84,56,48,123,50,62,77,149,94,277,161,203,149,305,156,284,54,60,142,178,140,285,214,307,30,50,66,73,37,47,99,234,130,53,93,132,156,25,6,,,277,243,,,63,84,146,67,85,45,32,42,68,171,121,253,187,198,39,75,33,62,22,120,94,160,23,,241,,,62,170,89,201,34,13,38,27,337,329,252,337,202,210,136,212,297,212,255,107,115,76,343,340,214,175,73,261,50,241,47,190,296,52,63,96,141,77,65,30,,,123,243,,,63,262,99,63,64,105,47,120,5,9,337,336,167,184,185,127,198,123,209,165,157,74,114,55,,176,,,b'\x11\xe8\xe1I\xca%h\xce\xaf\x82\x12\xdf\x17\xaeN\x1e'
11E8E149-CA25-68CE-AF82-12DF17AE4E1E,2011-ncaa-d1-conf-Big 12,ncaa,11,11,9,11,10,9,9,6,9,7,5,7,12,9,12,8,9,9,11,9,11,6,6,11,10,11,11,9,9,4,4,8,9,6,7,10,9,9,10,11,6,5,3,2,,,10,12,,,9,7,4,7,9,9,4,5,3,11,9,9,9,9,5,4,4,5,4,9,11,4,2,,11,,,9,8,2,3,3,1,1,2,12,11,12,11,10,12,7,11,12,5,6,10,11,9,12,12,12,8,9,7,4,5,7,12,12,4,4,6,12,12,2,2,,,6,7,,,9,6,10,8,9,11,6,6,1,2,12,12,12,12,12,8,10,10,9,10,12,3,12,4,,6,,,b'\x11\xe8\xe1I\xca%h\xce\xaf\x82\x12\xdf\x17\xaeN\x1e'
11E8E149-CA25-68CE-AF82-12DF17AE4E1E,2011-ncaa-d1-natl,ncaa,145,152,95,157,101,94,60,55,126,54,68,80,157,107,275,158,219,162,305,170,283,64,72,147,179,145,286,212,307,33,53,77,76,42,50,111,238,110,52,94,142,164,29,7,,,259,245,,,71,101,150,67,89,46,33,42,69,175,122,251,190,202,40,77,35,66,23,123,92,165,24,,242,,,68,149,76,177,37,8,29,29,335,328,252,337,192,199,134,203,298,189,235,112,122,84,343,340,214,157,76,243,53,221,50,186,297,63,68,99,128,80,62,32,,,139,241,,,71,249,101,70,71,111,52,123,5,10,337,335,173,188,188,133,195,128,211,170,162,81,116,56,,175,,,b'\x11\xe8\xe1I\xca%h\xce\xaf\x82\x12\xdf\x17\xaeN\x1e'
11E8E149-CA25-68CE-AF82-12DF17AE4E1E,2012-ncaa-d0-natl,ncaa,59,87,22,81,43,47,41,28,109,58,69,78,59,34,189,96,134,134,159,137,243,37,54,109,125,65,171,114,278,109,205,13,36,22,95,30,90,70,18,19,161,223,74,82,,,281,197,,,57,42,170,262,87,74,67,101,162,92,70,229,230,227,89,189,182,13,56,47,21,230,105,,173,,,58,238,181,317,14,86,253,10,321,331,165,306,269,240,273,248,190,316,295,32,44,93,334,320,236,244,36,323,205,313,95,195,182,187,279,194,109,51,234,150,,,91,219,,,57,294,76,88,64,103,57,218,17,99,288,308,175,145,149,211,143,132,243,203,93,288,54,164,,218,,,b'\x11\xe8\xe1I\xca%h\xce\xaf\x82\x12\xdf\x17\xaeN\x1e'
11E8E149-CA25-68CE-AF82-12DF17AE4E1E,2012-ncaa-d1-conf-Big 12,ncaa,6,6,7,6,9,10,8,5,10,8,7,9,5,4,10,4,8,7,8,8,6,6,6,10,10,10,4,4,6,6,8,3,2,5,7,9,6,1,2,6,6,6,8,8,,,6,9,,,8,7,3,7,8,7,2,8,7,4,3,8,6,7,4,5,5,3,2,8,2,5,8,,7,,,9,3,2,4,2,2,2,2,8,7,5,9,7,6,9,6,8,6,3,2,2,3,10,9,8,3,2,10,8,10,7,4,8,8,7,8,1,1,8,6,,,8,7,,,8,3,9,3,9,6,3,5,2,5,9,10,8,7,7,7,8,4,10,10,7,8,1,8,,8,,,b'\x11\xe8\xe1I\xca%h\xce\xaf\x82\x12\xdf\x17\xaeN\x1e'
11E8E149-CA25-68CE-AF82-12DF17AE4E1E,2012-ncaa-d1-natl,ncaa,68,86,23,82,50,51,44,30,119,64,75,79,64,43,189,97,147,150,160,151,241,41,64,114,126,67,166,110,280,120,211,14,37,24,106,33,92,57,18,19,176,232,79,82,,,274,200,,,62,48,173,262,95,78,69,105,168,93,71,230,232,229,97,198,189,15,58,50,21,237,105,,179,,,63,226,172,314,17,70,239,10,320,328,169,305,264,224,277,234,195,312,287,33,48,103,334,320,238,226,37,321,211,309,106,182,179,213,286,210,94,52,225,154,,,103,213,,,62,286,81,99,68,109,61,220,19,104,292,308,181,147,153,212,140,139,248,208,95,289,54,168,,217,,,b'\x11\xe8\xe1I\xca%h\xce\xaf\x82\x12\xdf\x17\xaeN\x1e'
11E8E149-CA25-68CE-AF82-12DF17AE4E1E,2013-ncaa-d0-natl,ncaa,60,65,41,67,52,19,13,26,12,11,14,29,184,238,51,291,90,160,11,163,332,38,44,30,30,17,324,274,279,30,13,64,114,37,22,19,153,90,30,22,34,44,42,25,,,178,81,,,22,66,146,225,14,7,27,6,12,213,266,133,231,236,41,98,40,115,54,17,54,51,53,,98,,,22,231,176,251,64,65,110,71,329,330,206,324,225,205,257,206,233,258,275,125,125,82,334,328,187,226,114,71,13,125,22,208,230,53,77,89,167,86,139,30,,,238,336,,,22,281,9,85,21,120,83,130,27,23,308,319,157,141,140,122,177,136,23,43,141,91,121,104,,305,,,b'\x11\xe8\xe1I\xca%h\xce\xaf\x82\x12\xdf\x17\xaeN\x1e'
11E8E149-CA25-68CE-AF82-12DF17AE4E1E,2013-ncaa-d1-conf-Big 12,ncaa,5,5,3,5,5,5,2,2,4,2,2,5,8,8,4,9,6,8,2,8,10,4,4,5,5,5,8,8,7,3,3,5,5,3,4,4,8,5,4,4,3,4,3,3,,,6,5,,,3,5,7,7,5,2,3,2,2,8,8,6,8,8,5,6,3,6,3,4,4,5,4,,5,,,3,5,4,4,2,3,4,2,7,6,7,6,8,7,6,7,9,5,6,4,4,3,9,7,9,6,5,3,3,5,4,5,8,4,4,4,7,7,5,2,,,9,10,,,3,6,3,4,3,4,3,3,2,3,6,6,8,7,7,4,5,6,4,4,4,4,7,4,,10,,,b'\x11\xe8\xe1I\xca%h\xce\xaf\x82\x12\xdf\x17\xaeN\x1e'
11E8E149-CA25-68CE-AF82-12DF17AE4E1E,2013-ncaa-d1-natl,ncaa,63,65,49,71,59,22,13,29,14,11,16,29,190,241,50,289,98,178,11,180,332,41,54,31,31,17,324,274,278,33,14,73,120,44,23,20,156,77,31,22,36,45,47,25,,,160,81,,,24,72,149,223,14,7,27,7,12,211,268,131,230,235,43,105,41,117,56,18,55,54,55,,97,,,22,216,155,241,66,55,85,77,326,327,206,324,214,190,261,190,235,244,267,133,129,92,334,328,189,215,120,56,14,99,23,202,229,62,81,92,156,89,136,29,,,249,335,,,24,274,9,90,21,122,84,136,29,24,309,318,161,141,141,124,179,136,23,44,143,99,121,103,,308,,,b'\x11\xe8\xe1I\xca%h\xce\xaf\x82\x12\xdf\x17\xaeN\x1e'
11E8E149-CA25-68CE-AF82-12DF17AE4E1E,2013-ncaa-d1-ncaatournament,ncaa,17,2,17,17,19,24,22,23,16,22,26,6,26,19,46,31,27,27,19,27,40,24,24,18,17,27,53,41,38,27,34,19,49,22,32,19,28,45,53,35,9,10,22,22,,,38,8,,,18,22,15,7,25,19,38,15,35,41,34,37,39,39,42,34,41,7,18,14,50,3,16,,16,,,16,36,37,48,1,33,40,4,44,53,8,59,41,42,39,42,28,47,47,1,1,2,51,52,32,53,49,38,34,47,32,41,40,22,44,31,50,57,23,15,,,28,51,,,18,46,29,8,15,18,13,62,11,30,45,63,26,25,29,60,60,63,13,46,24,32,57,13,,46,,,b'\x11\xe8\xe1I\xca%h\xce\xaf\x82\x12\xdf\x17\xaeN\x1e'
11E8E149-CA25-68CE-AF82-12DF17AE4E1E,2014-ncaa-d0-natl,ncaa,33,41,28,43,36,55,32,37,82,23,25,98,189,188,172,263,115,103,212,100,271,39,50,121,142,102,305,266,245,65,99,30,50,29,53,76,205,152,55,68,43,46,132,138,,,216,127,,,32,56,202,152,92,53,77,36,55,229,247,199,179,177,86,151,112,46,52,118,59,64,167,,108,,,31,165,165,284,38,160,203,100,198,306,9,286,158,172,75,168,162,271,282,37,34,33,190,208,171,192,50,269,99,250,53,132,124,86,119,70,160,85,333,238,,,122,277,,,32,285,81,31,38,45,47,127,56,61,130,258,87,102,98,97,122,92,143,103,60,148,92,313,,252,,,b'\x11\xe8\xe1I\xca%h\xce\xaf\x82\x12\xdf\x17\xaeN\x1e'
11E8E149-CA25-68CE-AF82-12DF17AE4E1E,2014-ncaa-d1-conf-Big 12,ncaa,3,3,3,3,4,6,4,3,6,2,2,8,9,9,7,10,5,3,8,3,8,3,4,8,7,6,10,10,4,4,4,5,3,4,4,8,10,4,2,4,3,2,9,10,,,4,4,,,5,5,5,6,6,4,2,2,2,9,10,5,5,5,2,4,4,6,4,8,2,3,10,,5,,,5,5,7,6,6,6,4,7,4,6,4,7,4,4,6,4,7,5,5,7,6,6,4,5,6,3,3,8,4,5,4,4,4,5,5,4,4,2,9,4,,,6,7,,,5,5,6,6,5,5,6,4,6,4,4,6,5,4,4,4,5,2,7,6,3,5,3,10,,6,,,b'\x11\xe8\xe1I\xca%h\xce\xaf\x82\x12\xdf\x17\xaeN\x1e'
11E8E149-CA25-68CE-AF82-12DF17AE4E1E,2014-ncaa-d1-natl,ncaa,36,40,33,44,42,62,34,45,84,28,28,100,195,198,178,264,124,108,211,106,270,48,58,128,148,106,302,263,243,69,101,31,51,33,55,83,210,131,54,70,51,54,140,142,,,200,127,,,35,61,203,153,97,56,83,41,59,234,248,201,185,180,94,155,121,51,57,123,61,73,172,,107,,,34,145,149,270,41,146,184,106,188,297,9,288,152,165,75,161,163,252,274,39,34,38,190,206,168,172,51,249,101,226,55,121,123,100,125,77,148,87,329,243,,,144,275,,,35,275,88,33,41,48,48,129,59,62,129,260,89,103,99,99,122,93,144,104,63,151,92,317,,254,,,b'\x11\xe8\xe1I\xca%h\xce\xaf\x82\x12\xdf\x17\xaeN\x1e'
11E8E149-CA25-68CE-AF82-12DF17AE4E1E,2014-ncaa-d1-ncaatournament,ncaa,9,2,9,9,9,13,12,11,29,11,11,31,12,11,38,45,17,15,43,15,32,11,12,31,35,35,51,44,32,16,42,12,18,14,28,9,15,49,31,22,9,21,16,27,,,54,29,,,36,11,22,2,25,18,15,14,14,41,43,29,24,24,17,13,32,9,18,11,35,17,25,,40,,,27,54,56,53,33,56,54,35,50,50,26,29,53,55,11,55,34,53,53,31,27,30,27,33,31,51,18,56,42,56,28,57,36,12,39,37,57,51,62,50,,,15,51,,,36,53,34,23,29,36,44,50,40,43,28,34,33,44,44,51,52,24,48,40,38,33,52,54,,37,,,b'\x11\xe8\xe1I\xca%h\xce\xaf\x82\x12\xdf\x17\xaeN\x1e'
11E8E149-CA25-68CE-AF82-12DF17AE4E1E,2015-ncaa-d0-natl,ncaa,84,86,79,91,94,119,73,91,78,42,34,150,242,297,43,322,246,212,297,208,326,106,133,130,168,128,323,283,314,85,80,52,22,60,30,57,83,80,64,48,66,43,73,58,,,61,51,,,44,159,278,222,161,75,139,42,32,272,316,288,264,262,163,242,115,53,73,63,44,62,75,,21,,,43,69,104,190,50,101,153,100,161,233,32,263,29,49,23,51,70,151,167,60,35,46,118,234,60,69,22,148,80,107,30,100,117,153,150,105,144,132,298,200,,,263,314,,,44,196,98,31,42,26,58,89,52,69,130,215,18,34,37,49,44,40,87,51,62,207,123,283,,326,,,b'\x11\xe8\xe1I\xca%h\xce\xaf\x82\x12\xdf\x17\xaeN\x1e'
11E8E149-CA25-68CE-AF82-12DF17AE4E1E,2015-ncaa-d1-conf-Big 12,ncaa,4,3,3,4,5,7,5,3,6,3,2,7,10,9,8,9,10,7,10,7,10,5,5,7,9,8,9,9,10,4,3,3,2,3,3,4,5,4,4,3,4,3,6,6,,,4,5,,,5,6,8,6,8,5,3,2,2,9,9,10,9,8,6,6,2,3,3,5,4,3,6,,3,,,5,2,3,5,3,5,3,6,4,6,3,7,2,3,1,3,3,3,4,3,3,4,4,7,4,1,2,7,3,4,3,4,4,8,7,4,5,3,9,5,,,8,10,,,5,5,7,3,5,1,4,4,5,5,5,5,2,2,2,3,1,2,5,3,4,7,4,9,,10,,,b'\x11\xe8\xe1I\xca%h\xce\xaf\x82\x12\xdf\x17\xaeN\x1e'
11E8E149-CA25-68CE-AF82-12DF17AE4E1E,2015-ncaa-d1-natl,ncaa,92,86,97,95,118,147,83,112,81,49,41,160,255,307,47,320,263,237,296,235,328,130,167,134,172,133,323,283,313,103,87,59,24,72,31,64,87,65,67,52,73,46,77,60,,,43,52,,,49,205,280,217,166,87,146,49,35,277,318,287,267,266,172,245,125,55,75,67,45,64,78,,25,,,49,45,76,161,53,83,125,107,143,219,35,262,23,42,24,46,70,116,126,61,39,52,113,234,60,49,24,118,87,82,31,84,117,180,155,120,131,141,294,206,,,290,311,,,49,151,104,35,47,27,61,92,61,72,133,213,18,36,40,50,43,41,89,53,65,212,121,286,,326,,,b'\x11\xe8\xe1I\xca%h\xce\xaf\x82\x12\xdf\x17\xaeN\x1e'
11E8E149-CA25-68CE-AF82-12DF17AE4E1E,2015-ncaa-d1-ncaatournament,ncaa,33,2,33,33,33,40,44,46,44,50,39,53,33,57,1,43,40,47,2,45,44,45,46,39,31,33,10,14,28,47,36,33,1,35,3,53,52,14,33,46,60,60,50,40,,,1,3,,,34,47,28,4,30,36,26,46,17,11,43,27,43,39,27,28,34,1,4,51,33,60,46,,2,,,36,14,17,25,38,5,2,56,40,39,33,64,3,3,8,3,37,18,9,52,39,51,55,63,4,1,1,12,36,4,3,6,14,61,60,59,9,22,2,6,,,50,50,,,34,20,30,38,36,36,41,43,13,2,62,63,7,16,16,33,11,1,35,11,23,61,20,3,,47,,,b'\x11\xe8\xe1I\xca%h\xce\xaf\x82\x12\xdf\x17\xaeN\x1e'
11E8E149-CA25-68CE-AF82-12DF17AE4E1E,2016-ncaa-d0-natl,ncaa,78,58,114,71,148,134,95,136,66,43,51,74,309,302,285,319,196,131,336,137,250,127,133,129,169,159,340,327,248,85,60,68,24,63,29,29,11,151,124,38,121,110,63,36,,,137,160,,,71,163,193,212,134,77,148,29,45,317,317,225,145,149,141,156,89,46,39,14,141,128,62,,125,,,66,63,48,145,30,29,96,27,208,234,150,273,139,126,179,130,191,134,161,46,50,44,308,297,215,41,24,115,60,68,29,25,38,120,103,35,219,200,296,227,,,141,145,,,71,197,130,34,61,44,38,97,19,59,212,234,127,127,130,81,96,39,89,47,26,132,207,301,,143,,,b'\x11\xe8\xe1I\xca%h\xce\xaf\x82\x12\xdf\x17\xaeN\x1e'
11E8E149-CA25-68CE-AF82-12DF17AE4E1E,2016-ncaa-d1-conf-Big 12,ncaa,5,4,7,5,8,8,6,8,6,5,4,6,10,9,10,8,8,8,10,8,8,8,8,7,7,8,9,8,7,5,4,5,4,5,4,2,1,2,4,2,9,7,5,5,,,4,4,,,5,10,10,2,8,6,8,3,4,9,8,8,8,8,8,7,5,4,4,2,2,8,5,,4,,,5,1,1,1,4,1,2,3,6,5,8,8,3,3,3,3,6,1,1,4,4,4,9,9,6,1,4,3,4,2,4,2,3,7,4,3,4,6,6,6,,,7,6,,,5,1,6,4,5,4,3,2,1,3,8,6,3,4,5,1,1,4,4,5,3,5,5,6,,7,,,b'\x11\xe8\xe1I\xca%h\xce\xaf\x82\x12\xdf\x17\xaeN\x1e'
11E8E149-CA25-68CE-AF82-12DF17AE4E1E,2016-ncaa-d1-natl,ncaa,85,58,142,74,179,160,119,168,71,52,62,82,318,310,288,320,222,150,336,153,251,165,173,137,173,160,339,327,246,101,63,83,25,78,33,33,12,122,131,39,146,116,70,36,,,110,165,,,83,206,198,199,143,80,153,32,48,319,319,228,147,151,150,162,94,51,42,14,140,139,62,,131,,,76,37,32,104,33,19,68,29,199,222,155,270,125,108,191,112,189,94,117,52,53,54,308,291,215,27,25,81,63,44,33,20,39,154,114,40,202,206,291,237,,,165,144,,,83,152,139,37,69,47,42,98,23,62,216,231,132,132,135,82,95,37,92,50,28,139,207,303,,142,,,b'\x11\xe8\xe1I\xca%h\xce\xaf\x82\x12\xdf\x17\xaeN\x1e'
11E8E149-CA25-68CE-AF82-12DF17AE4E1E,2016-ncaa-d1-ncaatournament,ncaa,33,2,33,33,33,51,58,64,45,60,62,57,38,56,10,35,34,29,49,28,1,59,60,39,33,37,3,17,3,61,61,48,1,58,43,42,2,17,54,42,44,29,37,10,,,9,52,,,36,55,49,1,49,58,64,60,61,25,45,5,2,1,57,59,61,44,58,35,41,36,24,,25,,,41,8,7,2,52,3,2,60,18,16,43,49,14,11,35,11,56,1,1,55,55,45,42,37,41,1,1,14,61,3,43,8,25,40,6,11,25,56,4,18,,,34,2,,,36,6,49,30,44,21,20,2,19,2,31,22,30,30,31,1,1,1,41,10,18,12,49,6,,3,,,b'\x11\xe8\xe1I\xca%h\xce\xaf\x82\x12\xdf\x17\xaeN\x1e'
11E8E149-CA25-68CE-AF82-12DF17AE4E1E,2017-ncaa-d0-natl,ncaa,136,152,74,152,99,102,98,114,115,61,56,135,258,269,198,305,61,52,181,52,132,93,95,164,144,145,285,306,71,109,113,52,58,59,59,138,207,188,138,157,246,280,82,101,,,199,158,,,147,99,170,220,132,132,167,70,60,287,296,61,55,55,136,152,130,44,55,178,155,283,90,,143,,,147,241,251,290,110,190,272,64,297,259,304,218,121,96,267,97,60,279,233,144,114,204,241,290,82,156,58,204,113,190,59,102,31,264,307,205,224,176,294,212,,,66,80,,,147,245,136,193,155,192,202,268,146,239,279,231,89,74,70,231,135,107,131,109,81,312,181,276,,79,,,b'\x11\xe8\xe1I\xca%h\xce\xaf\x82\x12\xdf\x17\xaeN\x1e'
11E8E149-CA25-68CE-AF82-12DF17AE4E1E,2017-ncaa-d1-conf-Big 12,ncaa,7,7,3,7,4,8,8,8,8,5,3,8,9,8,9,8,5,3,5,3,4,7,5,9,9,9,8,8,2,3,3,5,2,3,3,8,7,9,9,8,9,9,8,8,,,6,7,,,7,8,9,4,8,9,10,5,3,9,8,5,4,5,8,7,4,5,3,8,8,9,8,,7,,,7,6,7,7,4,5,7,3,10,4,10,4,5,4,10,4,3,6,2,7,8,10,8,10,4,2,2,5,3,4,3,3,4,8,9,6,9,8,8,6,,,2,1,,,7,2,8,8,7,6,6,6,3,8,10,4,3,3,3,6,2,1,5,4,4,9,7,7,,3,,,b'\x11\xe8\xe1I\xca%h\xce\xaf\x82\x12\xdf\x17\xaeN\x1e'
11E8E149-CA25-68CE-AF82-12DF17AE4E1E,2017-ncaa-d1-natl,ncaa,143,151,98,156,122,129,125,143,124,74,65,144,270,276,198,304,69,57,180,56,129,118,122,175,152,153,284,306,70,127,117,59,63,71,66,164,213,167,144,165,265,287,89,105,,,177,160,,,163,128,177,216,142,141,177,77,64,285,296,63,59,59,145,157,138,49,60,184,158,288,93,,142,,,163,217,229,280,118,173,257,66,294,247,309,217,108,77,270,74,63,260,199,148,128,215,235,290,80,128,63,173,117,150,66,85,31,288,312,212,201,182,288,221,,,80,78,,,163,213,143,208,168,198,212,269,156,242,284,230,92,76,74,234,134,111,135,113,85,315,186,282,,78,,,b'\x11\xe8\xe1I\xca%h\xce\xaf\x82\x12\xdf\x17\xaeN\x1e'
11E8E149-CA25-68CE-AF82-12DF17AE4E1E,2018-ncaa-d0-natl,ncaa,72,74,73,77,107,32,42,37,76,51,54,76,70,77,82,167,8,13,66,15,53,33,52,77,58,30,119,167,67,125,222,59,26,67,134,77,238,13,6,25,94,118,208,262,,,81,25,,,37,48,43,278,21,33,30,46,74,77,95,7,14,17,17,68,158,60,84,87,8,107,236,,40,,,36,283,316,298,256,321,307,245,184,180,183,117,59,50,222,48,18,282,278,226,192,196,25,125,24,89,26,318,222,263,134,137,14,134,184,108,23,14,183,106,,,51,114,,,37,299,27,145,41,223,294,286,309,305,147,132,38,33,31,236,241,54,286,207,99,165,19,164,,69,,,b'\x11\xe8\xe1I\xca%h\xce\xaf\x82\x12\xdf\x17\xaeN\x1e'
11E8E149-CA25-68CE-AF82-12DF17AE4E1E,2018-ncaa-d1-conf-Big 12,ncaa,3,3,7,3,10,4,6,5,6,5,3,6,5,5,6,5,1,1,1,1,2,3,6,7,5,3,6,6,1,4,4,6,4,3,5,6,6,1,1,3,6,5,8,9,,,1,1,,,4,9,4,8,3,4,3,4,3,5,4,1,1,1,2,4,4,4,3,6,1,5,8,,1,,,4,3,8,5,10,8,10,7,3,1,10,1,1,1,8,1,1,2,2,8,7,7,1,3,1,3,4,6,4,5,5,4,3,8,5,5,1,2,4,5,,,6,3,,,4,2,3,6,4,7,9,9,9,10,6,2,1,1,1,6,5,4,8,6,4,6,2,5,,3,,,b'\x11\xe8\xe1I\xca%h\xce\xaf\x82\x12\xdf\x17\xaeN\x1e'
11E8E149-CA25-68CE-AF82-12DF17AE4E1E,2018-ncaa-d1-natl,ncaa,84,74,97,80,134,38,48,51,78,58,63,89,75,87,83,165,11,19,63,22,55,40,69,81,61,32,114,165,63,147,232,72,29,82,142,88,244,8,7,25,109,124,226,272,,,51,27,,,45,60,44,279,21,35,33,50,77,78,96,7,15,19,18,71,167,67,90,94,8,116,241,,41,,,44,272,315,292,269,318,306,259,170,158,186,111,44,41,222,41,18,265,260,241,203,211,25,121,24,67,29,306,232,246,142,115,14,154,193,119,16,15,176,112,,,62,108,,,45,283,29,162,49,237,299,286,312,306,152,133,40,34,34,240,242,55,289,213,107,171,18,172,,69,,,b'\x11\xe8\xe1I\xca%h\xce\xaf\x82\x12\xdf\x17\xaeN\x1e'
11E8E149-CA25-68CE-AF82-12DF17AE4E1E,2018-ncaa-d1-ncaatournament,ncaa,17,2,17,17,18,25,26,30,27,27,27,45,17,23,5,27,29,30,22,30,26,30,29,19,21,22,14,14,37,27,40,16,22,22,26,21,18,42,34,29,28,43,19,23,,,31,11,,,15,29,43,7,28,33,46,44,46,10,26,36,41,41,46,45,47,5,21,18,28,44,18,,10,,,15,33,38,47,7,34,41,6,48,48,24,49,14,17,15,15,7,44,39,13,9,9,36,49,9,43,22,35,40,40,26,33,17,27,40,24,17,11,32,30,,,30,40,,,15,37,29,10,14,10,19,51,13,33,44,50,3,5,2,34,28,39,26,33,16,41,6,24,,44,,,b'\x11\xe8\xe1I\xca%h\xce\xaf\x82\x12\xdf\x17\xaeN\x1e'
11E8E149-CA25-68CE-AF82-12DF17AE4E1E,2019-ncaa-d0-natl,ncaa,185,180,173,191,229,162,165,110,266,198,117,302,118,135,107,171,166,208,85,203,245,114,167,240,234,166,106,119,174,96,149,142,207,110,188,106,63,24,39,55,244,248,111,140,,,58,47,,,151,199,139,272,130,143,42,185,91,103,123,143,187,187,56,122,81,97,65,87,44,236,100,,65,,,151,154,157,211,104,190,273,64,125,87,264,58,167,143,255,140,89,207,180,97,96,154,135,137,182,252,207,260,149,267,188,131,114,237,245,195,122,122,122,86,,,210,226,,,151,161,129,169,145,182,194,264,213,313,135,94,185,160,155,261,236,264,292,297,140,227,144,131,,193,,,b'\x11\xe8\xe1I\xca%h\xce\xaf\x82\x12\xdf\x17\xaeN\x1e'
11E8E149-CA25-68CE-AF82-12DF17AE4E1E,2019-ncaa-d1-conf-Big 12,ncaa,7,7,7,7,7,10,9,5,9,9,6,10,6,5,6,5,10,10,2,10,9,8,9,9,9,8,5,4,7,8,10,6,7,7,8,5,2,1,3,3,9,8,5,6,,,2,5,,,7,9,6,3,9,8,4,8,4,5,4,10,10,10,5,8,7,5,7,5,3,8,5,,5,,,7,5,5,4,6,5,8,4,5,3,9,3,6,5,7,5,4,4,3,6,6,7,6,6,7,7,7,9,10,10,8,4,2,9,9,7,6,7,5,4,,,10,10,,,7,2,9,7,7,7,7,8,5,9,6,4,7,7,7,8,7,8,10,10,4,9,6,5,,10,,,b'\x11\xe8\xe1I\xca%h\xce\xaf\x82\x12\xdf\x17\xaeN\x1e'
11E8E149-CA25-68CE-AF82-12DF17AE4E1E,2019-ncaa-d1-natl,ncaa,182,180,155,191,218,164,172,106,275,202,112,304,122,133,108,176,172,209,93,205,239,114,174,250,242,173,108,124,170,93,151,139,187,103,178,115,72,28,39,60,256,265,114,146,,,58,52,,,154,207,149,272,136,153,46,195,99,111,128,149,190,187,61,127,79,94,65,95,45,255,104,,66,,,153,145,152,226,96,175,272,63,106,83,242,56,174,148,269,142,95,207,169,82,95,149,133,121,195,240,187,268,151,269,178,120,110,246,246,189,115,120,120,91,,,212,221,,,154,153,137,170,146,170,175,260,204,305,115,91,192,169,167,252,217,263,296,290,131,233,139,133,,188,,,b'\x11\xe8\xe1I\xca%h\xce\xaf\x82\x12\xdf\x17\xaeN\x1e'
11E8E149-CA25-68CE-AF82-12DF17AE4E1E,2020-ncaa-d0-natl,ncaa,163,170,87,174,168,156,89,27,215,26,8,221,331,308,337,329,236,200,264,195,328,40,100,290,298,219,345,339,264,135,252,76,185,92,249,58,70,28,18,25,66,82,3,8,,,95,45,,,144,99,82,272,183,90,15,16,7,336,319,248,211,206,32,104,153,77,91,52,26,76,4,,83,,,144,151,168,268,55,96,274,11,294,185,343,152,74,67,209,68,36,238,261,78,64,60,276,317,74,269,185,342,252,334,249,164,167,102,133,109,33,24,189,53,,,211,267,,,144,250,216,69,150,117,134,267,77,273,286,173,69,63,62,220,260,252,342,329,142,112,30,174,,223,,,b'\x11\xe8\xe1I\xca%h\xce\xaf\x82\x12\xdf\x17\xaeN\x1e'
11E8E149-CA25-68CE-AF82-12DF17AE4E1E,2020-ncaa-d1-conf-Big 12,ncaa,8,8,1,8,6,9,8,4,9,2,2,9,10,9,10,9,9,8,9,8,10,6,8,9,9,8,9,10,8,9,10,9,9,10,10,4,3,1,1,2,2,2,1,2,,,4,3,,,9,8,8,6,9,8,4,2,2,10,9,9,8,8,6,8,9,9,10,4,1,2,1,,4,,,9,7,6,4,7,3,5,2,8,2,10,4,5,3,5,3,3,4,6,7,7,6,9,9,6,9,9,9,10,10,10,3,4,4,4,4,5,5,5,3,,,9,8,,,9,3,8,7,9,7,6,4,3,5,8,2,5,3,3,4,6,9,9,10,3,4,5,5,,9,,,b'\x11\xe8\xe1I\xca%h\xce\xaf\x82\x12\xdf\x17\xaeN\x1e'
11E8E149-CA25-68CE-AF82-12DF17AE4E1E,2020-ncaa-d1-natl,ncaa,177,170,128,182,233,196,106,44,227,31,10,234,335,318,340,329,248,225,269,220,327,60,138,293,305,226,345,339,259,161,259,102,192,116,261,66,74,22,18,27,83,85,4,9,,,77,47,,,160,135,87,272,191,96,20,18,7,337,321,251,212,208,40,111,157,85,99,58,26,86,4,,85,,,160,122,145,243,58,82,255,14,282,171,345,150,65,58,211,58,34,195,224,80,70,67,275,318,77,247,192,336,259,326,261,149,169,120,140,119,28,25,179,54,,,238,263,,,160,214,223,79,163,132,143,268,85,272,288,175,71,63,63,223,260,258,344,331,148,119,32,181,,221,,,b'\x11\xe8\xe1I\xca%h\xce\xaf\x82\x12\xdf\x17\xaeN\x1e'
11E8E149-CA25-68CE-AF82-12DF17AE4E1E,2021-ncaa-d0-natl,ncaa,30,104,14,69,19,25,16,15,55,14,9,94,81,118,55,284,137,111,245,113,319,19,19,83,108,83,309,242,310,49,196,13,109,15,109,12,64,245,43,19,19,70,3,5,,,199,9,,,30,19,105,140,69,34,37,17,23,189,256,269,253,256,61,107,171,45,64,15,49,59,3,,18,,,43,290,294,326,46,270,326,14,318,299,313,156,187,160,295,161,16,323,326,65,50,54,242,296,52,320,109,328,196,327,109,252,85,34,144,94,274,105,294,90,,,112,326,,,30,323,87,60,54,102,130,247,83,263,258,167,41,25,27,203,225,201,204,206,91,132,126,168,,309,,,b'\x11\xe8\xe1I\xca%h\xce\xaf\x82\x12\xdf\x17\xaeN\x1e'
11E8E149-CA25-68CE-AF82-12DF17AE4E1E,2021-ncaa-d1-conf-Big 12,ncaa,3,2,3,3,6,4,3,2,5,3,2,7,5,8,2,8,10,9,10,9,10,3,5,6,6,5,9,6,10,4,4,2,6,2,5,2,2,2,1,1,1,1,1,1,,,1,1,,,2,4,5,8,5,2,1,2,2,6,8,10,10,10,2,6,4,2,2,2,2,1,1,,1,,,2,2,2,8,2,2,7,2,7,6,7,8,1,1,7,1,1,4,6,2,2,2,7,9,2,8,6,9,4,8,5,3,3,4,3,3,4,1,4,2,,,10,10,,,2,7,5,2,2,2,2,6,2,6,6,4,1,1,1,4,6,7,7,7,3,2,2,4,,10,,,b'\x11\xe8\xe1I\xca%h\xce\xaf\x82\x12\xdf\x17\xaeN\x1e'
11E8E149-CA25-68CE-AF82-12DF17AE4E1E,2021-ncaa-d1-natl,ncaa,30,104,18,69,25,30,17,16,59,15,10,100,93,127,55,282,150,122,244,122,318,21,21,84,109,85,309,240,312,58,199,15,116,17,116,15,65,233,43,20,25,72,3,5,,,185,8,,,34,24,109,140,76,36,41,19,25,192,256,272,255,259,67,110,175,49,70,17,49,61,4,,17,,,47,290,293,323,49,265,325,15,318,292,315,151,177,151,298,152,16,318,320,70,55,61,243,293,51,314,116,325,199,324,116,247,87,39,150,99,266,107,289,94,,,124,326,,,34,318,92,67,58,106,134,248,88,266,257,166,42,24,27,204,223,204,205,210,94,139,126,172,,310,,,b'\x11\xe8\xe1I\xca%h\xce\xaf\x82\x12\xdf\x17\xaeN\x1e'
11E8E149-CA25-68CE-AF82-12DF17AE4E1E,2021-ncaa-d1-ncaatournament,ncaa,17,2,17,17,18,18,17,22,8,17,22,3,17,24,19,30,32,29,44,29,48,24,24,8,11,6,42,33,55,30,43,20,17,27,25,15,14,35,24,4,15,7,18,10,,,28,5,,,12,21,22,7,12,7,31,9,27,22,30,42,41,44,29,34,49,22,37,4,23,8,20,,5,,,11,43,44,43,37,34,36,27,54,47,54,58,15,22,4,22,17,40,39,43,37,31,51,61,4,28,17,40,43,37,25,46,46,22,24,36,40,41,35,28,,,31,53,,,12,43,11,27,12,31,36,31,13,13,58,56,5,9,10,22,24,17,25,17,42,22,35,31,,52,,,b'\x11\xe8\xe1I\xca%h\xce\xaf\x82\x12\xdf\x17\xaeN\x1e'
11E8E149-CA25-68CE-AF82-12DF17AE4E1E,2022-ncaa-d0-natl,ncaa,268,288,163,282,202,252,249,133,344,246,107,348,209,200,244,221,234,144,348,152,218,132,154,343,347,322,165,167,172,111,220,203,71,172,234,232,168,86,79,178,75,40,93,98,,,147,190,,,243,174,143,275,298,301,74,274,84,217,196,249,136,143,77,116,99,222,149,247,96,62,93,,159,,,241,116,137,107,231,202,205,189,31,19,194,23,200,189,253,183,165,110,133,187,197,148,59,26,249,42,71,331,220,249,234,106,95,111,67,71,98,83,348,347,,,273,327,,,243,173,313,104,252,122,139,65,216,208,29,11,202,189,186,70,108,39,341,272,103,95,102,353,,299,,,b'\x11\xe8\xe1I\xca%h\xce\xaf\x82\x12\xdf\x17\xaeN\x1e'
11E8E149-CA25-68CE-AF82-12DF17AE4E1E,2022-ncaa-d1-conf-Big 12,ncaa,8,9,3,9,6,9,9,5,10,10,4,10,4,4,7,5,10,5,10,6,9,5,5,10,10,10,3,3,6,3,6,7,5,7,9,9,6,4,4,7,4,2,6,6,,,3,5,,,9,5,6,7,10,10,4,10,6,4,3,10,7,7,4,4,3,9,6,10,4,4,6,,3,,,9,4,7,4,8,7,7,7,2,2,7,1,5,5,8,5,4,4,4,8,8,6,2,3,5,4,5,10,6,9,9,2,2,4,3,2,3,3,9,9,,,10,10,,,9,4,9,6,9,4,5,2,7,6,2,2,5,5,5,2,2,2,10,9,2,4,3,9,,10,,,b'\x11\xe8\xe1I\xca%h\xce\xaf\x82\x12\xdf\x17\xaeN\x1e'
11E8E149-CA25-68CE-AF82-12DF17AE4E1E,2022-ncaa-d1-natl,ncaa,283,288,213,293,251,286,290,163,345,279,134,348,226,218,252,224,263,170,347,180,216,169,199,345,349,324,160,164,167,132,227,244,80,211,244,263,173,66,85,189,97,48,109,105,,,115,199,,,260,228,154,275,309,310,87,292,88,224,200,248,140,151,91,125,103,231,165,259,103,71,100,,161,,,258,97,111,67,245,184,166,198,25,11,213,22,181,158,261,152,165,65,88,199,219,162,55,30,247,29,80,321,227,219,244,83,100,142,80,85,78,87,348,348,,,299,324,,,260,117,323,126,270,132,151,68,231,209,35,9,211,196,192,73,104,42,343,275,111,112,104,353,,302,,,b'\x11\xe8\xe1I\xca%h\xce\xaf\x82\x12\xdf\x17\xaeN\x1e'
11E8E149-CA25-68CE-AF82-12DF17AE4E1E,2023-ncaa-d0-natl,ncaa,73,91,46,92,52,36,32,48,24,55,103,37,23,45,15,99,122,126,194,122,167,53,72,15,24,21,111,72,316,210,267,47,74,84,147,57,215,88,40,39,206,274,116,206,,,127,34,,,66,48,99,78,29,31,64,76,186,27,71,186,176,176,80,156,276,60,137,69,37,257,150,,56,,,67,328,340,338,198,350,349,168,237,233,191,106,183,120,341,121,28,331,309,179,163,256,46,127,63,210,74,297,267,286,147,164,13,226,326,215,80,30,332,313,,,93,206,,,66,313,31,222,70,266,308,333,324,347,166,152,116,73,77,295,241,124,210,174,76,308,35,305,,181,,,b'\x11\xe8\xe1I\xca%h\xce\xaf\x82\x12\xdf\x17\xaeN\x1e'
11E8E149-CA25-68CE-AF82-12DF17AE4E1E,2023-ncaa-d1-conf-Big 12,ncaa,4,4,3,4,3,3,3,4,1,4,5,1,3,5,2,5,6,7,5,7,6,4,5,2,2,1,6,3,8,7,7,4,3,6,5,4,8,3,4,4,10,9,8,9,,,2,2,,,6,5,7,3,2,3,6,5,5,3,5,8,9,9,7,8,8,5,6,4,3,9,8,,2,,,6,7,9,8,8,10,9,6,6,2,7,1,4,1,10,1,2,8,6,7,6,8,2,2,3,2,3,5,7,4,5,3,1,8,9,6,1,1,7,7,,,9,8,,,6,6,3,8,5,6,9,8,10,9,4,2,4,2,2,8,2,3,4,3,2,9,1,7,,9,,,b'\x11\xe8\xe1I\xca%h\xce\xaf\x82\x12\xdf\x17\xaeN\x1e'
11E8E149-CA25-68CE-AF82-12DF17AE4E1E,2023-ncaa-d1-natl,ncaa,81,91,56,95,64,39,34,59,24,69,125,38,25,61,15,102,147,144,193,141,164,65,92,16,25,21,108,72,316,244,280,55,84,110,159,66,223,63,42,41,233,293,128,209,,,103,34,,,75,58,102,77,31,32,66,84,186,28,77,187,178,177,83,159,291,66,150,73,37,271,154,,58,,,77,320,338,336,216,348,346,181,227,211,209,104,167,106,344,108,28,324,296,199,187,283,44,126,60,189,84,276,280,258,159,146,14,259,330,232,66,33,328,319,,,118,197,,,75,300,32,255,83,275,318,334,329,349,174,156,118,76,77,302,233,129,212,180,83,315,38,308,,182,,,b'\x11\xe8\xe1I\xca%h\xce\xaf\x82\x12\xdf\x17\xaeN\x1e'
11E8E149-CA25-68CE-AF82-12DF17AE4E1E,2023-ncaa-d1-ncaatournament,ncaa,36,2,36,36,38,49,45,47,41,57,59,50,31,40,13,9,60,62,8,62,61,53,59,27,32,35,10,6,65,43,30,43,46,44,33,39,25,11,31,25,50,41,35,25,,,7,12,,,26,64,60,7,43,34,26,54,53,6,13,60,62,62,50,54,23,33,31,26,23,38,14,,11,,,26,3,18,23,37,21,31,27,10,4,49,7,1,2,1,2,2,13,8,36,17,23,2,23,1,20,46,9,30,12,33,9,23,56,52,46,16,49,12,44,,,54,39,,,26,6,32,29,25,15,49,53,55,65,17,5,1,2,2,33,17,44,31,40,32,51,39,27,,47,,,b'\x11\xe8\xe1I\xca%h\xce\xaf\x82\x12\xdf\x17\xaeN\x1e'
11E8E149-CA25-68CE-AF82-12DF17AE4E1E,2024-ncaa-d0-natl,ncaa,189,176,196,193,241,140,137,207,51,169,277,32,83,96,89,61,249,265,103,264,178,218,258,39,47,56,126,76,296,350,348,145,91,263,242,135,162,65,130,85,212,198,241,234,,,87,101,,,128,199,140,263,102,85,205,150,281,62,70,237,264,263,234,267,349,96,275,111,98,198,244,,103,,,128,180,196,191,210,156,116,255,250,273,138,312,92,75,249,70,110,160,128,221,207,247,198,271,77,95,91,184,348,138,242,177,167,254,239,240,70,109,76,159,,,219,155,,,128,155,99,223,133,215,239,239,199,126,277,305,116,103,96,215,176,115,236,187,197,242,85,93,,211,,,b'\x11\xe8\xe1I\xca%h\xce\xaf\x82\x12\xdf\x17\xaeN\x1e'
11E8E149-CA25-68CE-AF82-12DF17AE4E1E,2024-ncaa-d1-conf-Big 12,ncaa,8,9,9,9,12,8,8,11,7,8,12,7,7,8,6,5,13,13,7,14,12,13,13,5,6,7,8,7,11,14,14,6,8,10,11,7,7,1,6,4,10,10,13,12,,,4,3,,,8,12,9,7,8,7,10,8,11,7,8,13,14,14,12,12,14,4,11,6,2,10,13,,3,,,8,5,6,10,5,8,4,9,11,12,3,12,1,1,11,1,1,7,3,7,5,7,8,13,2,10,8,12,14,12,11,7,8,11,11,10,2,4,4,4,,,12,10,,,8,3,9,6,8,6,10,12,10,5,12,13,3,2,1,11,7,11,13,13,8,11,2,4,,12,,,b'\x11\xe8\xe1I\xca%h\xce\xaf\x82\x12\xdf\x17\xaeN\x1e'
11E8E149-CA25-68CE-AF82-12DF17AE4E1E,2024-ncaa-d1-natl,ncaa,218,177,254,213,304,169,158,266,57,207,315,33,98,115,91,60,270,288,102,288,178,276,314,42,51,61,121,71,297,354,354,189,101,305,263,161,173,49,134,92,248,220,252,242,,,61,108,,,152,258,146,264,110,96,219,166,287,63,73,241,269,267,244,278,351,107,288,124,99,216,250,,113,,,150,148,170,151,226,133,82,272,227,254,154,311,78,60,256,53,114,113,78,239,226,263,198,272,77,77,101,153,354,104,263,164,171,291,256,254,55,120,68,170,,,255,149,,,152,98,107,245,161,231,254,241,214,131,282,304,116,110,102,220,172,116,242,199,218,259,89,97,,212,,,b'\x11\xe8\xe1I\xca%h\xce\xaf\x82\x12\xdf\x17\xaeN\x1e'
11E8E149-CA25-68CE-AF82-12DF17AE4E1E,2025-ncaa-d0-natl,genius_ncaa,39,26,90,33,108,50,58,79,46,74,167,29,31,39,68,79,60,46,219,46,42,70,77,31,32,37,91,95,193,95,99,39,25,38,27,111,272,124,70,109,116,134,57,58,,,245,178,,354,17,82,61,226,27,38,70,76,216,33,44,56,48,53,54,75,115,17,21,122,106,131,53,,195,,350,15,125,126,262,22,150,255,49,116,245,9,204,187,193,194,194,148,262,261,17,18,31,162,135,236,116,25,195,99,159,27,52,45,107,149,51,86,47,257,254,,,49,70,,144,17,283,35,22,19,72,69,220,98,208,88,208,160,153,155,210,237,77,127,94,35,137,75,241,,46,,166,b'\x11\xe8\xe1I\xca%h\xce\xaf\x82\x12\xdf\x17\xaeN\x1e'
11E8E149-CA25-68CE-AF82-12DF17AE4E1E,2025-ncaa-d1-conf-Big 12,genius_ncaa,3,3,5,3,5,6,9,7,12,9,10,7,9,3,13,5,2,2,11,2,2,2,2,11,11,9,7,11,3,3,5,4,5,2,5,11,13,13,9,13,7,7,5,6,,,11,5,,15,7,4,1,8,7,10,7,9,10,8,4,3,2,2,3,2,3,2,1,11,12,7,6,,9,,15,7,5,5,13,1,9,13,6,4,9,3,7,8,8,8,8,6,10,14,2,2,2,5,4,10,9,5,11,5,11,5,7,5,5,6,5,12,10,12,14,,,3,4,,8,7,14,7,2,7,4,4,12,10,14,4,8,9,9,8,12,14,10,8,9,6,6,12,13,,3,,8,b'\x11\xe8\xe1I\xca%h\xce\xaf\x82\x12\xdf\x17\xaeN\x1e'
11E8E149-CA25-68CE-AF82-12DF17AE4E1E,2025-ncaa-d1-natl,genius_ncaa,44,26,113,36,136,57,66,97,49,90,201,31,38,48,72,80,67,58,219,58,39,84,100,32,33,39,87,99,188,118,106,44,26,48,30,131,276,110,73,115,132,147,61,59,,,215,184,,352,21,101,64,212,29,42,75,85,220,35,47,61,52,55,57,85,127,19,23,134,106,141,52,,194,,350,18,95,104,238,26,123,234,56,102,230,10,199,174,176,203,178,149,234,237,19,21,39,159,130,237,92,26,150,106,130,30,42,48,127,156,62,76,50,242,262,,,67,65,,154,21,266,38,26,21,79,78,227,101,210,91,208,165,158,161,217,235,82,129,94,36,150,78,248,,47,,164,b'\x11\xe8\xe1I\xca%h\xce\xaf\x82\x12\xdf\x17\xaeN\x1e'
11E8E149-CA25-68CE-AF82-12DF17AE4E1E,2025-ncaa-d1-ncaatournament,genius_ncaa,37,2,37,37,38,40,40,45,28,48,55,31,30,37,26,8,57,48,65,47,32,46,49,26,34,26,12,5,60,61,63,47,43,58,60,49,51,10,22,35,54,46,22,7,,,24,48,,24,33,45,12,7,25,23,23,42,50,2,8,55,41,39,24,32,60,39,57,42,17,43,3,,51,,43,35,14,13,16,41,25,27,38,1,1,8,1,25,23,49,23,39,20,23,29,30,29,6,1,58,16,43,25,63,25,60,6,6,41,29,18,5,13,15,43,,,50,40,,32,33,25,36,29,31,42,41,36,60,60,1,1,56,53,55,47,53,39,61,60,21,19,11,30,,36,,15,b'\x11\xe8\xe1I\xca%h\xce\xaf\x82\x12\xdf\x17\xaeN\x1e'
11E8E149-CA25-68CE-AF82-12DF17AE4E1E,2026-ncaa-d0-natl,genius_ncaa,17,13,49,19,73,7,7,33,7,17,97,3,1,11,17,52,28,50,25,47,83,28,52,3,3,4,111,69,263,21,6,84,12,49,2,7,76,98,17,9,26,32,85,116,,,226,121,,281,6,65,97,97,2,5,21,18,172,3,14,35,77,74,15,59,25,132,53,5,22,39,108,,108,,226,7,217,242,233,190,285,285,163,116,134,129,65,180,198,86,213,122,233,273,158,133,67,46,74,129,59,12,69,6,62,2,58,8,37,38,13,58,12,76,41,,,65,173,,113,6,303,2,45,7,71,102,57,177,186,48,35,84,102,113,49,120,12,4,1,14,56,17,32,,121,,175,b'\x11\xe8\xe1I\xca%h\xce\xaf\x82\x12\xdf\x17\xaeN\x1e'
11E8E149-CA25-68CE-AF82-12DF17AE4E1E,2026-ncaa-d1-natl,genius_ncaa,5,13,13,13,35,2,3,13,7,11,97,3,1,4,13,42,16,36,22,32,63,12,28,2,2,3,66,48,263,14,4,49,16,26,2,2,59,116,20,9,21,31,57,82,,,269,164,,292,3,40,118,100,2,5,28,22,217,2,12,41,89,86,24,74,33,142,53,5,25,40,82,,133,,241,5,220,229,238,166,274,300,147,97,119,133,49,208,240,108,250,163,245,295,135,120,65,60,58,183,46,16,53,4,40,2,46,7,24,41,11,63,14,65,41,,,51,196,,131,3,327,2,40,3,66,76,41,146,171,36,26,115,132,141,46,98,12,4,1,14,67,18,23,,139,,187,b'\x11\xe8\xe1I\xca%h\xce\xaf\x82\x12\xdf\x17\xaeN\x1e'
11E8E149-CA29-F83A-AF82-12DF17AE4E1E,2010-ncaa-d0-natl,ncaa,99,114,50,115,53,104,94,100,123,74,86,102,210,191,250,236,86,92,111,88,164,96,51,154,141,201,256,265,129,77,51,165,335,116,213,114,173,333,284,240,98,177,118,165,,,295,168,,,193,55,149,30,155,149,192,105,150,250,247,126,148,145,189,108,113,283,216,157,301,139,141,,226,,,190,308,313,293,205,327,309,244,99,165,34,72,275,281,140,282,169,304,310,154,148,134,41,35,196,343,335,128,51,291,213,167,33,54,132,62,321,268,250,196,,,89,223,,,193,282,197,197,198,220,242,234,296,287,56,97,213,217,221,240,279,331,47,202,91,94,282,202,,176,,,b'\x11\xe8\xe1I\xca)\xf8:\xaf\x82\x12\xdf\x17\xaeN\x1e'
11E8E149-CA29-F83A-AF82-12DF17AE4E1E,2010-ncaa-d1-conf-CAA,ncaa,1,1,1,1,2,3,3,3,1,2,6,2,5,4,6,4,5,6,3,6,8,3,2,1,4,5,7,4,9,6,6,4,9,4,6,1,5,11,10,6,4,8,5,7,,,11,4,,,4,1,4,4,3,3,5,3,8,5,5,6,6,6,5,4,6,5,6,1,10,8,5,,9,,,4,8,10,11,4,12,11,5,2,6,1,4,8,7,7,7,3,11,12,3,3,2,2,2,6,12,9,5,6,12,6,3,1,3,6,2,10,7,9,8,,,6,9,,,4,11,5,3,4,5,6,11,10,11,2,5,5,5,5,11,12,12,3,7,2,4,9,8,,7,,,b'\x11\xe8\xe1I\xca)\xf8:\xaf\x82\x12\xdf\x17\xaeN\x1e'
11E8E149-CA29-F83A-AF82-12DF17AE4E1E,2010-ncaa-d1-natl,ncaa,102,114,53,115,56,111,102,110,125,77,93,104,218,202,252,236,94,102,110,97,165,105,54,158,143,202,254,265,126,79,53,186,335,130,219,118,176,328,284,243,113,177,120,168,,,287,165,,,201,61,150,29,161,151,194,109,150,251,247,128,149,146,190,112,117,285,217,161,299,147,145,,228,,,197,303,308,287,208,324,305,247,90,154,34,70,266,272,140,274,167,301,310,158,156,142,43,35,194,341,335,112,53,280,219,158,34,60,139,66,315,270,244,202,,,100,223,,,201,274,199,207,204,227,249,237,303,288,57,97,216,216,222,243,280,332,48,205,95,99,282,206,,173,,,b'\x11\xe8\xe1I\xca)\xf8:\xaf\x82\x12\xdf\x17\xaeN\x1e'
11E8E149-CA29-F83A-AF82-12DF17AE4E1E,2011-ncaa-d0-natl,ncaa,85,60,119,78,161,142,127,154,109,91,108,116,234,253,192,255,130,133,202,132,186,146,115,138,141,179,269,267,158,68,32,230,321,138,143,102,98,287,260,180,51,48,166,187,,,244,219,,,113,140,152,257,146,130,175,85,116,244,259,133,130,131,161,114,66,266,158,86,274,47,177,,238,,,114,136,143,168,143,231,227,203,34,85,9,71,208,264,31,263,230,189,230,89,96,68,52,28,246,314,321,62,32,178,143,78,54,67,66,38,297,277,241,182,,,205,282,,,113,194,155,108,119,120,133,136,220,213,27,75,209,256,255,165,235,305,45,157,68,64,283,230,,247,,,b'\x11\xe8\xe1I\xca)\xf8:\xaf\x82\x12\xdf\x17\xaeN\x1e'
11E8E149-CA29-F83A-AF82-12DF17AE4E1E,2011-ncaa-d1-conf-CAA,ncaa,3,2,8,3,10,6,5,8,2,6,10,2,7,6,9,7,5,5,8,5,4,6,7,3,3,6,7,7,6,5,1,8,10,6,3,2,3,7,7,4,4,2,7,6,,,4,9,,,4,8,7,8,5,5,6,3,9,7,6,5,5,5,4,5,4,7,5,2,8,3,6,,7,,,4,2,1,4,5,2,3,5,4,7,2,8,8,7,6,7,10,5,5,4,4,4,10,6,10,7,10,2,1,3,3,1,3,5,4,2,5,7,8,8,,,8,8,,,4,5,4,4,4,5,3,5,4,5,6,9,9,10,9,6,8,9,2,5,3,4,7,9,,8,,,b'\x11\xe8\xe1I\xca)\xf8:\xaf\x82\x12\xdf\x17\xaeN\x1e'
11E8E149-CA29-F83A-AF82-12DF17AE4E1E,2011-ncaa-d1-natl,ncaa,90,57,132,80,184,159,146,177,113,101,122,121,242,259,190,254,142,144,199,144,190,169,135,141,143,182,264,266,157,78,33,252,323,162,151,114,101,276,260,189,60,50,173,194,,,228,220,,,121,168,157,260,149,137,179,88,121,245,259,134,130,130,164,115,68,267,168,93,275,49,180,,239,,,122,120,127,140,147,217,211,212,27,77,9,67,199,251,35,250,229,162,208,95,101,76,49,24,244,308,323,44,33,152,151,62,55,80,72,42,290,280,232,187,,,229,281,,,121,166,157,113,127,125,139,139,223,214,25,74,208,255,255,168,237,308,44,158,69,70,283,233,,246,,,b'\x11\xe8\xe1I\xca)\xf8:\xaf\x82\x12\xdf\x17\xaeN\x1e'
11E8E149-CA29-F83A-AF82-12DF17AE4E1E,2012-ncaa-d0-natl,ncaa,238,278,81,261,93,113,116,92,190,85,73,168,230,185,298,240,84,93,144,93,177,88,63,230,219,218,250,262,107,96,134,112,265,97,201,57,35,286,217,134,205,261,145,214,,,228,110,,,289,64,84,129,155,142,117,104,98,252,213,104,117,117,109,81,118,166,131,58,245,236,151,,182,,,282,336,337,320,289,337,327,279,229,214,234,96,250,252,179,253,100,320,292,275,267,308,54,94,97,303,265,271,134,303,201,322,168,227,313,313,285,225,241,162,,,152,270,,,289,279,204,311,280,311,323,318,325,321,197,175,218,217,223,317,278,282,203,260,293,275,247,213,,212,,,b'\x11\xe8\xe1I\xca)\xf8:\xaf\x82\x12\xdf\x17\xaeN\x1e'
11E8E149-CA29-F83A-AF82-12DF17AE4E1E,2012-ncaa-d1-conf-CAA,ncaa,8,8,4,8,5,5,6,6,8,6,8,6,6,5,7,5,5,6,6,5,4,6,5,9,7,8,5,5,6,7,7,3,5,6,5,2,2,11,11,5,5,7,9,9,,,8,6,,,9,3,4,4,5,6,6,7,9,6,6,6,5,5,6,5,7,5,6,2,11,6,9,,9,,,9,10,10,10,7,9,7,10,9,10,5,10,8,8,5,8,10,10,9,7,7,9,7,7,6,5,5,9,7,7,5,7,5,6,8,8,8,6,10,11,,,10,11,,,9,9,8,8,9,9,10,9,9,7,9,10,8,8,8,9,9,6,7,6,7,6,7,11,,9,,,b'\x11\xe8\xe1I\xca)\xf8:\xaf\x82\x12\xdf\x17\xaeN\x1e'
11E8E149-CA29-F83A-AF82-12DF17AE4E1E,2012-ncaa-d1-natl,ncaa,254,277,90,268,102,135,133,102,195,96,80,177,238,193,297,239,92,103,145,101,175,103,75,235,222,225,246,262,106,106,142,124,267,112,206,64,35,280,221,139,222,272,151,219,,,215,113,,,294,75,88,125,163,154,125,106,104,253,216,106,115,115,115,83,125,172,140,60,246,245,156,,185,,,291,331,336,318,297,337,325,286,220,197,238,96,240,239,182,240,103,318,282,284,272,314,51,94,97,295,267,257,142,294,206,319,166,253,316,314,274,228,232,170,,,168,272,,,294,267,212,319,289,313,325,319,326,321,199,174,217,223,226,317,278,283,209,264,295,278,251,221,,210,,,b'\x11\xe8\xe1I\xca)\xf8:\xaf\x82\x12\xdf\x17\xaeN\x1e'
11E8E149-CA29-F83A-AF82-12DF17AE4E1E,2013-ncaa-d0-natl,ncaa,96,86,120,97,173,119,118,148,87,102,168,60,164,143,211,153,113,94,213,107,95,143,147,96,93,105,192,191,157,225,251,212,326,228,307,63,35,173,154,74,73,80,128,158,,,203,139,,,88,122,109,267,104,105,158,103,186,169,144,104,87,101,152,164,234,251,264,41,164,63,138,,197,,,92,147,154,189,131,228,237,151,35,71,35,52,236,255,80,250,195,200,255,79,87,51,60,29,249,320,326,245,251,294,307,228,284,40,52,93,183,170,65,63,,,137,166,,,88,209,120,88,99,131,139,155,215,260,33,64,230,248,245,178,265,327,234,292,223,31,171,59,,163,,,b'\x11\xe8\xe1I\xca)\xf8:\xaf\x82\x12\xdf\x17\xaeN\x1e'
11E8E149-CA29-F83A-AF82-12DF17AE4E1E,2013-ncaa-d1-conf-CAA,ncaa,4,4,10,4,11,6,7,11,5,7,9,6,6,6,6,5,3,3,7,3,1,11,11,5,4,5,4,5,1,10,10,10,10,11,10,6,3,4,4,4,4,3,7,7,,,5,8,,,4,7,2,8,4,5,7,5,8,4,5,1,1,1,5,5,9,6,8,4,5,4,7,,10,,,4,4,6,3,7,7,6,9,1,1,1,3,5,5,4,5,7,2,5,6,6,4,2,1,6,9,10,4,10,7,10,5,8,5,2,5,4,6,3,5,,,4,1,,,4,3,5,5,5,5,6,8,10,9,3,5,6,7,6,8,9,10,8,10,8,2,5,5,,2,,,b'\x11\xe8\xe1I\xca)\xf8:\xaf\x82\x12\xdf\x17\xaeN\x1e'
11E8E149-CA29-F83A-AF82-12DF17AE4E1E,2013-ncaa-d1-natl,ncaa,107,86,136,102,200,129,130,169,89,117,191,61,173,151,213,153,124,103,213,116,93,160,168,98,95,106,190,191,153,243,255,234,327,254,309,69,35,156,156,75,81,85,134,159,,,189,138,,,101,144,111,267,108,108,165,108,192,167,145,104,88,102,155,167,239,257,266,44,165,69,141,,200,,,101,128,140,173,142,220,225,154,28,59,36,51,222,244,83,241,196,178,233,86,94,57,59,27,249,313,327,227,255,287,309,221,286,46,53,96,174,173,57,71,,,154,161,,,101,191,127,94,108,133,143,157,221,263,32,65,232,249,246,180,263,328,234,294,226,33,173,63,,161,,,b'\x11\xe8\xe1I\xca)\xf8:\xaf\x82\x12\xdf\x17\xaeN\x1e'
11E8E149-CA29-F83A-AF82-12DF17AE4E1E,2014-ncaa-d0-natl,ncaa,116,173,28,152,33,77,74,44,163,68,62,150,133,111,208,183,88,39,326,40,92,43,35,177,203,197,189,182,185,38,88,65,181,47,126,86,155,288,164,162,78,127,101,133,,,168,54,,,120,42,151,149,155,146,130,137,149,177,160,166,70,75,101,106,82,165,100,139,196,131,132,,63,,,124,288,316,310,191,317,298,243,206,272,50,210,133,157,51,160,90,306,302,174,133,128,61,149,64,277,181,289,88,301,126,292,198,90,152,188,177,86,205,127,,,51,173,,,120,301,166,127,133,151,217,212,231,202,137,205,70,88,91,182,190,179,178,179,223,154,107,137,,140,,,b'\x11\xe8\xe1I\xca)\xf8:\xaf\x82\x12\xdf\x17\xaeN\x1e'
11E8E149-CA29-F83A-AF82-12DF17AE4E1E,2014-ncaa-d1-conf-C-USA,ncaa,5,6,5,6,7,6,8,10,6,4,8,6,10,10,10,8,5,4,12,3,3,7,7,8,8,9,9,11,4,6,8,6,5,5,6,5,6,9,10,8,12,11,6,6,,,7,4,,,7,6,7,10,7,10,13,7,11,10,8,5,2,2,7,6,8,3,5,8,9,11,5,,6,,,7,7,9,12,6,9,9,8,8,10,5,11,4,5,9,6,7,10,10,5,4,6,6,9,6,9,5,8,8,7,6,12,13,10,12,13,3,4,7,7,,,4,2,,,7,11,8,5,7,6,8,13,8,10,9,10,4,5,5,10,8,8,8,6,13,11,4,6,,2,,,b'\x11\xe8\xe1I\xca)\xf8:\xaf\x82\x12\xdf\x17\xaeN\x1e'
11E8E149-CA29-F83A-AF82-12DF17AE4E1E,2014-ncaa-d1-conf-CUSA,ncaa,5,6,5,6,7,6,8,10,6,4,8,6,10,10,10,8,5,4,12,3,3,7,7,8,8,9,9,11,4,6,8,6,5,5,6,5,6,9,10,8,12,11,6,6,,,7,4,,,7,6,7,10,7,10,13,7,11,10,8,5,2,2,7,6,8,3,5,8,9,11,5,,6,,,7,7,9,12,6,9,9,8,8,10,5,11,4,5,9,6,7,10,10,5,4,6,6,9,6,9,5,8,8,7,6,12,13,10,12,13,3,4,7,7,,,4,2,,,7,11,8,5,7,6,8,13,8,10,9,10,4,5,5,10,8,8,8,6,13,11,4,6,,2,,,b'\x11\xe8\xe1I\xca)\xf8:\xaf\x82\x12\xdf\x17\xaeN\x1e'
11E8E149-CA29-F83A-AF82-12DF17AE4E1E,2014-ncaa-d1-natl,ncaa,123,171,33,161,39,92,87,56,167,80,72,155,141,121,208,182,103,48,326,49,97,51,44,183,207,199,186,184,184,47,90,74,187,54,132,95,161,275,166,166,89,135,109,137,,,152,57,,,133,49,151,150,163,151,134,140,151,178,164,171,74,79,107,112,83,171,106,150,199,136,135,,65,,,138,275,306,306,197,313,291,256,198,264,51,210,122,146,53,152,91,299,294,180,136,140,61,148,63,267,187,279,90,291,132,288,201,104,160,195,167,89,196,136,,,64,175,,,133,295,175,136,148,156,225,215,240,205,136,205,68,88,91,189,191,186,181,184,225,157,107,142,,142,,,b'\x11\xe8\xe1I\xca)\xf8:\xaf\x82\x12\xdf\x17\xaeN\x1e'
11E8E149-CA29-F83A-AF82-12DF17AE4E1E,2015-ncaa-d0-natl,ncaa,68,103,26,94,36,91,92,53,221,117,94,212,103,83,184,134,123,81,304,84,136,57,45,193,221,228,144,126,206,56,150,15,79,22,79,146,250,321,207,244,114,170,84,139,,,167,39,,,134,44,154,239,200,200,154,220,205,144,125,217,150,154,158,144,105,24,29,238,213,171,110,,53,,,136,250,302,330,71,306,326,88,207,278,53,183,42,85,8,86,22,324,314,63,24,66,44,180,18,292,79,319,150,322,79,261,135,132,238,206,297,204,255,207,,,45,144,,,134,312,210,72,131,95,177,295,208,285,145,202,12,35,35,239,189,184,221,214,156,228,217,189,,118,,,b'\x11\xe8\xe1I\xca)\xf8:\xaf\x82\x12\xdf\x17\xaeN\x1e'
11E8E149-CA29-F83A-AF82-12DF17AE4E1E,2015-ncaa-d1-conf-C-USA,ncaa,4,4,1,4,2,6,6,5,9,6,6,9,6,3,11,5,3,5,6,5,5,4,1,9,9,10,5,6,4,2,2,1,5,1,1,7,10,14,12,11,7,9,5,7,,,11,4,,,6,4,6,7,8,8,7,8,10,6,6,6,7,7,8,7,4,1,1,10,12,9,5,,6,,,6,6,8,14,1,8,14,1,10,13,1,9,7,7,2,8,4,14,13,1,1,3,8,8,6,13,5,8,2,14,1,6,6,9,11,7,12,10,12,13,,,1,4,,,6,13,8,3,5,4,4,12,5,12,7,12,4,5,6,12,10,12,3,7,4,10,10,11,,4,,,b'\x11\xe8\xe1I\xca)\xf8:\xaf\x82\x12\xdf\x17\xaeN\x1e'
11E8E149-CA29-F83A-AF82-12DF17AE4E1E,2015-ncaa-d1-conf-CUSA,ncaa,4,4,1,4,2,6,6,5,9,6,6,9,6,3,11,5,3,5,6,5,5,4,1,9,9,10,5,6,4,2,2,1,5,1,1,7,10,14,12,11,7,9,5,7,,,11,4,,,6,4,6,7,8,8,7,8,10,6,6,6,7,7,8,7,4,1,1,10,12,9,5,,6,,,6,6,8,14,1,8,14,1,10,13,1,9,7,7,2,8,4,14,13,1,1,3,8,8,6,13,5,8,2,14,1,6,6,9,11,7,12,10,12,13,,,1,4,,,6,13,8,3,5,4,4,12,5,12,7,12,4,5,6,12,10,12,3,7,4,10,10,11,,4,,,b'\x11\xe8\xe1I\xca)\xf8:\xaf\x82\x12\xdf\x17\xaeN\x1e'
11E8E149-CA29-F83A-AF82-12DF17AE4E1E,2015-ncaa-d1-natl,ncaa,80,103,30,98,42,113,110,60,229,137,107,219,114,93,187,133,142,92,304,95,132,62,50,205,232,235,142,125,201,63,156,20,81,24,87,167,255,305,209,252,126,181,85,143,,,133,41,,,149,48,160,237,209,208,160,231,206,145,128,221,149,154,165,157,116,30,33,247,214,183,109,,54,,,150,230,291,326,74,296,323,98,194,263,55,179,34,74,8,73,21,317,310,66,28,74,45,178,18,276,81,314,156,318,87,244,138,156,246,212,287,208,242,210,,,51,142,,,149,307,217,80,147,99,195,299,222,288,146,203,13,37,37,243,188,191,227,218,163,237,219,194,,118,,,b'\x11\xe8\xe1I\xca)\xf8:\xaf\x82\x12\xdf\x17\xaeN\x1e'
11E8E149-CA29-F83A-AF82-12DF17AE4E1E,2016-ncaa-d0-natl,ncaa,136,204,25,164,30,102,105,78,190,95,103,139,165,109,287,165,76,51,239,50,87,70,51,211,197,202,190,212,101,49,79,75,201,54,102,171,257,300,213,245,128,188,153,222,,,241,150,,,173,63,237,249,199,215,212,181,213,217,164,132,113,114,198,194,103,190,141,255,202,193,204,,130,,,171,282,282,300,145,300,315,127,157,169,145,76,255,238,252,244,130,301,290,119,125,156,103,96,204,299,201,244,79,285,102,189,96,120,205,145,300,215,24,13,,,20,59,,,173,284,178,168,177,139,151,153,195,232,88,76,182,163,164,154,128,198,91,116,98,224,212,6,,73,,,b'\x11\xe8\xe1I\xca)\xf8:\xaf\x82\x12\xdf\x17\xaeN\x1e'
11E8E149-CA29-F83A-AF82-12DF17AE4E1E,2016-ncaa-d1-conf-C-USA,ncaa,4,5,1,5,1,2,4,2,8,4,4,7,6,4,13,7,2,1,8,1,3,2,1,9,9,9,5,9,2,2,2,1,2,1,1,5,10,13,10,11,5,6,6,9,,,8,6,,,4,1,10,10,8,10,7,8,8,8,6,4,3,4,6,6,3,2,2,12,10,6,9,,4,,,4,10,10,14,2,13,14,1,6,7,6,3,8,8,11,8,4,14,14,1,1,4,3,5,8,10,2,10,2,10,1,10,5,5,10,8,12,12,2,1,,,1,4,,,4,14,7,3,4,4,6,9,6,12,4,3,6,5,5,5,5,3,2,3,3,11,12,1,,3,,,b'\x11\xe8\xe1I\xca)\xf8:\xaf\x82\x12\xdf\x17\xaeN\x1e'
11E8E149-CA29-F83A-AF82-12DF17AE4E1E,2016-ncaa-d1-conf-CUSA,ncaa,4,5,1,5,1,2,4,2,8,4,4,7,6,4,13,7,2,1,8,1,3,2,1,9,9,9,5,9,2,2,2,1,2,1,1,5,10,13,10,11,5,6,6,9,,,8,6,,,4,1,10,10,8,10,7,8,8,8,6,4,3,4,6,6,3,2,2,12,10,6,9,,4,,,4,10,10,14,2,13,14,1,6,7,6,3,8,8,11,8,4,14,14,1,1,4,3,5,8,10,2,10,2,10,1,10,5,5,10,8,12,12,2,1,,,1,4,,,4,14,7,3,4,4,6,9,6,12,4,3,6,5,5,5,5,3,2,3,3,11,12,1,,3,,,b'\x11\xe8\xe1I\xca)\xf8:\xaf\x82\x12\xdf\x17\xaeN\x1e'
11E8E149-CA29-F83A-AF82-12DF17AE4E1E,2016-ncaa-d1-natl,ncaa,153,204,30,169,42,124,132,91,200,116,125,146,183,120,290,165,91,65,237,62,85,84,61,216,205,205,191,212,94,62,84,98,210,63,111,201,260,291,213,254,151,200,168,226,,,224,153,,,187,76,241,245,215,224,222,195,217,217,167,134,118,120,204,201,107,200,148,264,204,210,210,,132,,,186,265,261,286,158,292,306,142,142,151,147,78,242,222,251,227,131,289,277,130,141,170,102,94,202,286,210,220,84,268,111,170,98,154,215,166,285,222,17,13,,,30,50,,,187,271,184,182,190,153,162,159,201,237,87,74,185,164,167,158,126,204,96,121,106,233,214,7,,67,,,b'\x11\xe8\xe1I\xca)\xf8:\xaf\x82\x12\xdf\x17\xaeN\x1e'
11E8E149-CA29-F83A-AF82-12DF17AE4E1E,2017-ncaa-d0-natl,ncaa,136,126,116,139,155,78,70,138,34,53,79,58,198,251,56,277,86,97,139,92,153,118,91,56,57,88,273,266,157,57,15,84,135,63,20,88,172,306,265,180,236,264,86,107,,,297,274,,,138,116,102,268,54,47,154,33,70,200,263,74,90,79,124,66,52,69,34,81,288,248,83,,287,,,139,288,267,260,215,269,276,161,209,150,286,85,283,274,186,270,190,274,230,198,220,279,158,127,217,226,135,21,15,62,20,159,60,248,289,229,322,302,116,72,,,131,213,,,138,224,63,278,147,271,265,259,268,300,195,128,272,264,263,287,229,212,21,51,139,270,307,109,,142,,,b'\x11\xe8\xe1I\xca)\xf8:\xaf\x82\x12\xdf\x17\xaeN\x1e'
11E8E149-CA29-F83A-AF82-12DF17AE4E1E,2017-ncaa-d1-conf-C-USA,ncaa,6,6,3,6,7,5,4,6,3,3,5,6,8,9,1,11,3,2,3,2,6,5,3,3,2,6,9,10,5,3,1,2,3,2,1,5,6,14,13,10,10,13,3,3,,,11,9,,,6,3,4,10,4,3,7,4,6,9,9,3,4,3,6,3,3,3,2,3,14,12,3,,12,,,6,11,12,13,8,13,13,7,8,7,5,4,11,11,8,11,7,13,12,7,5,9,3,4,10,8,3,1,1,2,1,5,3,9,10,7,14,11,2,1,,,6,9,,,6,12,4,10,6,9,10,8,11,12,6,7,10,10,10,8,8,6,1,1,5,11,12,2,,5,,,b'\x11\xe8\xe1I\xca)\xf8:\xaf\x82\x12\xdf\x17\xaeN\x1e'
11E8E149-CA29-F83A-AF82-12DF17AE4E1E,2017-ncaa-d1-conf-CUSA,ncaa,6,6,3,6,7,5,4,6,3,3,5,6,8,9,1,11,3,2,3,2,6,5,3,3,2,6,9,10,5,3,1,2,3,2,1,5,6,14,13,10,10,13,3,3,,,11,9,,,6,3,4,10,4,3,7,4,6,9,9,3,4,3,6,3,3,3,2,3,14,12,3,,12,,,6,11,12,13,8,13,13,7,8,7,5,4,11,11,8,11,7,13,12,7,5,9,3,4,10,8,3,1,1,2,1,5,3,9,10,7,14,11,2,1,,,6,9,,,6,12,4,10,6,9,10,8,11,12,6,7,10,10,10,8,8,6,1,1,5,11,12,2,,5,,,b'\x11\xe8\xe1I\xca)\xf8:\xaf\x82\x12\xdf\x17\xaeN\x1e'
11E8E149-CA29-F83A-AF82-12DF17AE4E1E,2017-ncaa-d1-natl,ncaa,143,126,144,146,198,100,89,170,36,60,101,63,208,261,59,272,99,114,138,106,152,152,116,59,60,91,273,263,156,76,16,103,148,81,24,106,173,289,269,188,256,272,92,112,,,277,278,,,155,152,106,270,61,52,162,38,79,204,266,79,92,80,133,70,56,71,40,84,289,259,82,,288,,,156,274,254,237,225,253,265,169,190,123,292,79,268,258,196,256,190,251,196,214,232,293,153,127,222,208,148,8,16,34,24,136,62,268,295,244,315,305,106,80,,,158,210,,,155,184,72,295,162,282,276,262,277,302,198,125,276,269,270,287,225,216,22,53,150,274,311,115,,143,,,b'\x11\xe8\xe1I\xca)\xf8:\xaf\x82\x12\xdf\x17\xaeN\x1e'
11E8E149-CA29-F83A-AF82-12DF17AE4E1E,2018-ncaa-d0-natl,ncaa,277,308,117,294,153,292,293,295,265,312,309,243,160,154,184,86,279,230,322,226,73,291,296,232,261,266,78,81,191,216,178,264,190,258,192,264,172,165,260,252,249,213,277,234,,,311,347,,,283,309,346,255,333,328,339,334,328,175,165,303,246,242,338,341,231,314,308,302,157,262,294,,303,,,274,129,44,39,144,20,18,154,229,203,251,293,332,320,275,317,343,71,41,208,277,306,346,273,339,96,190,106,178,88,192,147,305,303,267,272,55,110,204,306,,,195,60,,,283,37,258,302,293,102,27,11,10,5,229,197,325,313,306,32,6,86,80,69,128,325,53,201,,206,,,b'\x11\xe8\xe1I\xca)\xf8:\xaf\x82\x12\xdf\x17\xaeN\x1e'
11E8E149-CA29-F83A-AF82-12DF17AE4E1E,2018-ncaa-d1-conf-C-USA,ncaa,12,10,7,12,9,14,12,13,10,11,11,8,10,10,9,6,13,11,14,10,5,12,12,12,12,13,7,7,9,12,8,11,6,12,7,13,9,8,11,13,8,8,8,7,,,11,13,,,11,13,12,3,14,13,12,11,11,8,8,14,9,9,12,12,9,9,10,12,9,8,10,,13,,,11,2,2,2,1,1,2,1,4,4,6,9,12,12,10,12,13,2,2,2,6,8,14,9,14,3,6,5,8,2,7,2,13,13,10,7,4,6,6,10,,,11,6,,,11,2,12,8,11,4,2,3,1,2,7,7,13,13,13,4,3,5,7,4,3,13,5,9,,9,,,b'\x11\xe8\xe1I\xca)\xf8:\xaf\x82\x12\xdf\x17\xaeN\x1e'
11E8E149-CA29-F83A-AF82-12DF17AE4E1E,2018-ncaa-d1-conf-CUSA,ncaa,12,10,7,12,9,14,12,13,10,11,11,8,10,10,9,6,13,11,14,10,5,12,12,12,12,13,7,7,9,12,8,11,6,12,7,13,9,8,11,13,8,8,8,7,,,11,13,,,11,13,12,3,14,13,12,11,11,8,8,14,9,9,12,12,9,9,10,12,9,8,10,,13,,,11,2,2,2,1,1,2,1,4,4,6,9,12,12,10,12,13,2,2,2,6,8,14,9,14,3,6,5,8,2,7,2,13,13,10,7,4,6,6,10,,,11,6,,,11,2,12,8,11,4,2,3,1,2,7,7,13,13,13,4,3,5,7,4,3,13,5,9,,9,,,b'\x11\xe8\xe1I\xca)\xf8:\xaf\x82\x12\xdf\x17\xaeN\x1e'
11E8E149-CA29-F83A-AF82-12DF17AE4E1E,2018-ncaa-d1-natl,ncaa,289,307,144,303,197,319,319,324,275,330,326,262,182,173,189,87,297,257,325,252,71,321,332,239,271,274,75,80,187,244,183,301,202,291,201,301,175,139,263,257,265,217,288,237,,,298,348,,,290,340,346,254,338,335,343,339,331,177,166,309,247,243,342,342,242,322,316,311,160,271,295,,306,,,287,102,21,12,159,10,7,166,218,179,262,293,325,311,280,304,344,31,12,222,294,312,346,267,341,74,202,78,183,58,201,131,304,322,271,279,43,116,193,310,,,225,57,,,290,10,271,312,303,112,29,11,12,6,233,193,327,314,309,33,6,85,84,69,137,326,54,204,,207,,,b'\x11\xe8\xe1I\xca)\xf8:\xaf\x82\x12\xdf\x17\xaeN\x1e'
11E8E149-CA29-F83A-AF82-12DF17AE4E1E,2019-ncaa-d0-natl,ncaa,78,73,80,80,83,90,93,65,187,109,136,110,97,51,275,108,83,23,332,23,24,53,70,174,199,136,130,145,144,22,70,73,78,44,80,171,281,58,33,113,110,119,203,198,,,328,315,,,85,98,199,60,96,112,64,139,189,109,59,97,26,24,37,85,24,70,31,201,48,136,222,,296,,,89,195,115,191,76,80,138,84,220,260,118,251,316,312,224,310,319,229,238,80,120,124,322,234,315,152,78,305,70,271,80,173,243,124,152,139,7,3,206,185,,,48,91,,,85,247,96,109,88,120,53,89,44,50,187,224,288,285,285,123,143,104,263,208,130,166,7,175,,57,,,b'\x11\xe8\xe1I\xca)\xf8:\xaf\x82\x12\xdf\x17\xaeN\x1e'
11E8E149-CA29-F83A-AF82-12DF17AE4E1E,2019-ncaa-d1-conf-C-USA,ncaa,5,5,3,5,6,5,5,1,9,5,7,5,5,3,12,3,8,3,14,3,5,1,1,8,10,7,7,6,10,1,2,4,4,2,2,4,9,6,4,5,4,4,8,8,,,12,11,,,4,2,6,9,6,5,1,7,7,5,3,8,4,4,1,3,1,4,1,6,5,4,9,,10,,,4,5,4,5,4,4,6,3,9,9,5,9,11,12,9,12,11,8,10,4,4,2,11,7,12,6,4,11,2,9,2,5,9,3,4,3,4,3,3,5,,,7,9,,,4,12,5,3,4,5,4,5,4,5,7,8,9,9,10,6,7,5,9,8,5,4,4,3,,6,,,b'\x11\xe8\xe1I\xca)\xf8:\xaf\x82\x12\xdf\x17\xaeN\x1e'
11E8E149-CA29-F83A-AF82-12DF17AE4E1E,2019-ncaa-d1-conf-CUSA,ncaa,5,5,3,5,6,5,5,1,9,5,7,5,5,3,12,3,8,3,14,3,5,1,1,8,10,7,7,6,10,1,2,4,4,2,2,4,9,6,4,5,4,4,8,8,,,12,11,,,4,2,6,9,6,5,1,7,7,5,3,8,4,4,1,3,1,4,1,6,5,4,9,,10,,,4,5,4,5,4,4,6,3,9,9,5,9,11,12,9,12,11,8,10,4,4,2,11,7,12,6,4,11,2,9,2,5,9,3,4,3,4,3,3,5,,,7,9,,,4,12,5,3,4,5,4,5,4,5,7,8,9,9,10,6,7,5,9,8,5,4,4,3,,6,,,b'\x11\xe8\xe1I\xca)\xf8:\xaf\x82\x12\xdf\x17\xaeN\x1e'
11E8E149-CA29-F83A-AF82-12DF17AE4E1E,2019-ncaa-d1-natl,ncaa,93,73,107,88,112,111,112,87,201,138,169,123,112,72,276,108,101,30,333,29,23,68,98,187,208,141,120,144,141,33,79,89,84,53,86,197,281,43,37,118,138,129,214,202,,,307,320,,,97,148,207,56,108,121,73,152,192,116,62,100,28,25,42,94,29,79,31,215,50,154,224,,296,,,98,152,81,145,83,61,104,91,208,244,132,250,303,295,237,295,317,187,186,92,134,143,319,232,315,115,84,284,79,234,86,159,249,160,164,151,5,2,195,197,,,62,87,,,97,195,102,128,99,132,66,91,48,51,186,222,290,282,282,126,140,108,267,216,139,178,8,186,,55,,,b'\x11\xe8\xe1I\xca)\xf8:\xaf\x82\x12\xdf\x17\xaeN\x1e'
11E8E149-CA29-F83A-AF82-12DF17AE4E1E,2020-ncaa-d0-natl,ncaa,23,23,87,24,101,129,123,138,122,145,174,124,118,122,127,144,171,56,338,56,81,112,170,115,157,119,152,140,212,39,69,51,46,31,42,253,322,63,50,160,133,115,96,78,,,240,283,,,32,227,299,69,139,138,150,161,203,124,131,185,79,78,117,198,45,45,23,279,49,150,101,,221,,,31,28,29,125,15,65,153,47,27,121,1,157,161,169,129,164,194,121,113,11,14,19,121,56,283,100,46,178,69,145,42,26,88,202,169,61,33,33,164,168,,,145,141,,,32,125,71,15,28,14,15,80,52,114,18,110,156,158,153,75,54,88,154,124,21,223,30,152,,160,,,b'\x11\xe8\xe1I\xca)\xf8:\xaf\x82\x12\xdf\x17\xaeN\x1e'
11E8E149-CA29-F83A-AF82-12DF17AE4E1E,2020-ncaa-d1-conf-C-USA,ncaa,2,2,9,2,10,10,9,9,9,8,7,8,7,7,5,8,9,6,14,6,6,8,11,7,10,6,7,7,10,6,6,2,1,1,2,12,13,1,1,5,10,9,8,7,,,7,11,,,3,14,14,4,6,7,5,8,7,6,7,9,5,5,5,8,3,1,1,11,1,10,7,,11,,,3,1,1,2,1,1,5,1,1,3,1,4,8,5,13,5,6,2,1,1,1,1,6,1,14,1,1,6,6,5,2,3,6,13,12,9,2,2,8,7,,,8,8,,,3,1,6,1,2,1,1,5,1,9,1,3,9,6,6,5,2,1,7,7,4,13,2,9,,7,,,b'\x11\xe8\xe1I\xca)\xf8:\xaf\x82\x12\xdf\x17\xaeN\x1e'
11E8E149-CA29-F83A-AF82-12DF17AE4E1E,2020-ncaa-d1-conf-CUSA,ncaa,2,2,9,2,10,10,9,9,9,8,7,8,7,7,5,8,9,6,14,6,6,8,11,7,10,6,7,7,10,6,6,2,1,1,2,12,13,1,1,5,10,9,8,7,,,7,11,,,3,14,14,4,6,7,5,8,7,6,7,9,5,5,5,8,3,1,1,11,1,10,7,,11,,,3,1,1,2,1,1,5,1,1,3,1,4,8,5,13,5,6,2,1,1,1,1,6,1,14,1,1,6,6,5,2,3,6,13,12,9,2,2,8,7,,,8,8,,,3,1,6,1,2,1,1,5,1,9,1,3,9,6,6,5,2,1,7,7,4,13,2,9,,7,,,b'\x11\xe8\xe1I\xca)\xf8:\xaf\x82\x12\xdf\x17\xaeN\x1e'
11E8E149-CA29-F83A-AF82-12DF17AE4E1E,2020-ncaa-d1-natl,ncaa,26,23,128,26,147,165,160,172,131,171,211,132,130,136,133,145,197,77,338,77,78,149,220,124,167,128,150,140,206,52,74,71,49,39,46,279,325,44,52,168,162,125,110,82,,,217,287,,,37,281,303,56,154,150,160,175,208,126,135,190,79,80,125,203,50,46,25,284,51,162,104,,225,,,36,19,20,86,16,47,124,47,22,103,1,153,146,157,131,150,195,85,62,11,14,20,116,54,285,89,49,155,74,119,46,18,90,225,182,64,28,35,152,172,,,173,137,,,37,74,76,19,35,15,16,81,55,121,19,110,161,166,160,75,56,90,158,128,25,230,32,162,,158,,,b'\x11\xe8\xe1I\xca)\xf8:\xaf\x82\x12\xdf\x17\xaeN\x1e'
11E8E149-CA29-F83A-AF82-12DF17AE4E1E,2021-ncaa-d0-natl,ncaa,110,165,89,142,89,75,56,44,126,38,28,142,145,132,179,255,149,77,326,80,244,45,71,151,200,115,290,243,270,26,83,93,155,61,127,95,265,99,17,59,131,189,185,280,,,196,76,,,113,89,187,2,61,41,12,29,16,188,182,207,99,106,12,40,37,125,43,127,25,177,237,,116,,,122,268,281,262,238,307,302,233,114,151,77,47,230,204,309,198,59,258,251,175,194,219,20,31,146,238,155,291,83,278,127,274,161,130,209,234,80,14,267,132,,,97,195,,,113,248,84,213,125,235,268,248,314,316,56,78,191,145,136,237,236,182,285,264,233,190,26,227,,117,,,b'\x11\xe8\xe1I\xca)\xf8:\xaf\x82\x12\xdf\x17\xaeN\x1e'
11E8E149-CA29-F83A-AF82-12DF17AE4E1E,2021-ncaa-d1-conf-C-USA,ncaa,4,9,1,6,1,1,1,1,7,1,1,8,6,5,5,10,6,3,14,3,13,1,1,8,8,5,13,10,13,1,5,1,5,1,7,3,10,7,2,1,4,9,7,11,,,9,4,,,7,1,8,2,3,1,1,3,1,8,7,12,7,7,1,4,2,7,5,6,2,9,8,,4,,,7,14,14,14,11,14,14,10,6,8,8,2,13,10,13,9,2,14,14,10,11,11,1,2,7,11,5,14,5,14,7,14,7,3,11,9,7,2,12,9,,,2,11,,,7,14,5,10,8,9,11,8,12,12,2,3,8,5,5,8,7,5,12,9,11,10,2,10,,9,,,b'\x11\xe8\xe1I\xca)\xf8:\xaf\x82\x12\xdf\x17\xaeN\x1e'
11E8E149-CA29-F83A-AF82-12DF17AE4E1E,2021-ncaa-d1-conf-CUSA,ncaa,4,9,1,6,1,1,1,1,7,1,1,8,6,5,5,10,6,3,14,3,13,1,1,8,8,5,13,10,13,1,5,1,5,1,7,3,10,7,2,1,4,9,7,11,,,9,4,,,7,1,8,2,3,1,1,3,1,8,7,12,7,7,1,4,2,7,5,6,2,9,8,,4,,,7,14,14,14,11,14,14,10,6,8,8,2,13,10,13,9,2,14,14,10,11,11,1,2,7,11,5,14,5,14,7,14,7,3,11,9,7,2,12,9,,,2,11,,,7,14,5,10,8,9,11,8,12,12,2,3,8,5,5,8,7,5,12,9,11,10,2,10,,9,,,b'\x11\xe8\xe1I\xca)\xf8:\xaf\x82\x12\xdf\x17\xaeN\x1e'
11E8E149-CA29-F83A-AF82-12DF17AE4E1E,2021-ncaa-d1-natl,ncaa,119,165,105,146,105,85,62,56,129,46,33,145,155,144,180,253,158,89,325,94,242,54,86,155,205,119,289,243,264,33,84,108,161,71,135,104,265,90,17,62,144,199,198,285,,,182,76,,,126,109,190,2,70,43,14,33,19,191,188,210,98,106,14,43,40,134,49,133,25,184,240,,118,,,133,255,278,249,244,305,295,240,106,139,80,46,224,196,310,191,61,245,237,188,203,231,20,30,150,227,161,280,84,267,135,266,163,147,217,245,72,15,263,136,,,111,190,,,126,233,87,227,136,244,272,249,315,319,56,75,194,145,135,240,237,186,286,268,237,194,26,234,,118,,,b'\x11\xe8\xe1I\xca)\xf8:\xaf\x82\x12\xdf\x17\xaeN\x1e'
11E8E149-CA29-F83A-AF82-12DF17AE4E1E,2022-ncaa-d0-natl,ncaa,43,67,27,65,48,88,75,53,175,41,29,173,237,210,279,301,78,26,337,26,138,41,43,228,244,204,308,303,144,18,48,123,243,58,135,150,292,260,109,194,8,14,59,63,,,347,323,,,60,62,203,275,178,143,131,72,63,289,275,147,70,64,99,117,32,278,122,240,135,18,88,,306,,,65,176,122,200,76,155,230,76,94,124,68,84,327,331,131,332,304,234,301,54,93,14,211,78,333,296,243,307,48,323,135,103,109,7,16,6,192,73,229,79,,,27,78,,,60,295,160,23,65,30,13,22,41,72,30,42,257,283,281,31,150,187,165,174,19,16,88,136,,72,,,b'\x11\xe8\xe1I\xca)\xf8:\xaf\x82\x12\xdf\x17\xaeN\x1e'
11E8E149-CA29-F83A-AF82-12DF17AE4E1E,2022-ncaa-d1-conf-C-USA,ncaa,3,3,3,3,6,8,3,1,9,3,3,7,11,10,12,12,10,8,13,8,11,2,2,10,11,11,12,12,13,2,5,10,7,5,9,6,12,5,3,6,1,1,3,3,,,12,11,,,3,6,6,13,9,5,1,3,2,11,11,10,9,9,2,4,3,12,8,7,6,2,3,,10,,,3,4,2,3,6,3,3,3,5,4,8,6,10,12,7,12,12,4,6,6,7,2,11,8,13,4,7,12,5,9,9,6,8,1,1,2,3,2,8,5,,,8,9,,,3,9,9,2,3,2,2,1,3,4,5,4,8,10,10,1,5,4,11,6,6,1,3,7,,10,,,b'\x11\xe8\xe1I\xca)\xf8:\xaf\x82\x12\xdf\x17\xaeN\x1e'
11E8E149-CA29-F83A-AF82-12DF17AE4E1E,2022-ncaa-d1-conf-CUSA,ncaa,3,3,3,3,6,8,3,1,9,3,3,7,11,10,12,12,10,8,13,8,11,2,2,10,11,11,12,12,13,2,5,10,7,5,9,6,12,5,3,6,1,1,3,3,,,12,11,,,3,6,6,13,9,5,1,3,2,11,11,10,9,9,2,4,3,12,8,7,6,2,3,,10,,,3,4,2,3,6,3,3,3,5,4,8,6,10,12,7,12,12,4,6,6,7,2,11,8,13,4,7,12,5,9,9,6,8,1,1,2,3,2,8,5,,,8,9,,,3,9,9,2,3,2,2,1,3,4,5,4,8,10,10,1,5,4,11,6,6,1,3,7,,10,,,b'\x11\xe8\xe1I\xca)\xf8:\xaf\x82\x12\xdf\x17\xaeN\x1e'
11E8E149-CA29-F83A-AF82-12DF17AE4E1E,2022-ncaa-d1-natl,ncaa,35,67,16,64,28,86,72,41,185,40,20,184,232,199,288,295,76,22,343,20,132,30,26,235,261,217,300,291,141,13,49,126,252,45,142,151,293,269,116,198,9,15,59,61,,,346,325,,,58,46,213,275,191,159,141,82,70,287,275,151,66,66,105,122,31,289,131,252,137,22,96,,305,,,65,165,123,183,76,156,232,73,86,114,69,74,321,330,78,330,309,231,315,55,88,12,205,77,330,303,252,317,49,329,142,94,101,9,15,7,186,72,238,89,,,19,64,,,58,306,168,20,69,24,10,18,40,72,28,36,253,284,284,26,142,189,171,181,19,17,85,150,,59,,,b'\x11\xe8\xe1I\xca)\xf8:\xaf\x82\x12\xdf\x17\xaeN\x1e'
11E8E149-CA29-F83A-AF82-12DF17AE4E1E,2023-ncaa-d0-natl,ncaa,73,91,46,92,56,95,89,43,227,80,43,235,165,137,222,230,134,58,351,62,174,39,40,237,254,235,248,214,207,31,93,111,53,55,119,127,222,283,143,183,26,21,214,250,,,338,323,,,114,46,71,148,150,126,46,112,66,197,184,202,91,97,48,54,42,203,82,173,207,28,251,,314,,,117,243,200,162,208,260,250,182,55,59,118,22,342,347,121,345,320,225,299,159,211,75,135,21,347,78,53,349,93,296,119,71,41,13,18,9,253,131,73,13,,,34,102,,,114,317,201,46,117,108,66,29,159,126,20,17,311,321,318,58,204,29,287,186,31,20,180,32,,53,,,b'\x11\xe8\xe1I\xca)\xf8:\xaf\x82\x12\xdf\x17\xaeN\x1e'
11E8E149-CA29-F83A-AF82-12DF17AE4E1E,2023-ncaa-d1-conf-Sun Belt,ncaa,3,4,1,4,1,5,2,3,6,4,3,7,8,6,7,9,10,7,14,7,10,3,3,6,8,9,9,9,12,3,4,10,2,5,5,3,11,8,5,6,3,3,7,7,,,13,13,,,5,3,7,6,6,3,4,5,5,9,8,12,8,8,4,5,3,13,7,5,5,4,7,,11,,,5,10,8,2,14,12,7,14,1,1,2,2,13,13,5,13,13,4,10,13,14,7,2,1,14,1,2,10,4,7,5,3,2,1,2,1,7,3,1,2,,,1,4,,,5,12,6,4,5,7,7,2,7,4,1,1,12,12,12,2,4,1,8,3,2,2,5,1,,5,,,b'\x11\xe8\xe1I\xca)\xf8:\xaf\x82\x12\xdf\x17\xaeN\x1e'
11E8E149-CA29-F83A-AF82-12DF17AE4E1E,2023-ncaa-d1-natl,ncaa,67,91,33,89,41,91,80,30,230,68,35,234,164,129,238,226,142,64,349,64,187,35,26,240,259,242,257,223,215,23,87,115,66,51,124,115,217,281,132,174,22,30,199,247,,,343,324,,,130,33,79,151,155,127,44,109,65,202,178,206,105,111,49,57,41,202,82,166,198,34,245,,315,,,134,269,211,185,221,280,277,183,59,55,150,20,345,346,125,343,311,243,312,178,216,93,129,21,345,90,66,349,87,306,124,90,46,13,25,10,253,133,58,12,,,28,106,,,130,330,203,59,135,122,79,35,164,146,24,18,309,323,321,67,203,33,285,200,34,26,180,28,,63,,,b'\x11\xe8\xe1I\xca)\xf8:\xaf\x82\x12\xdf\x17\xaeN\x1e'
11E8E149-CA29-F83A-AF82-12DF17AE4E1E,2024-ncaa-d0-natl,ncaa,76,57,143,68,193,177,175,104,301,168,100,292,201,152,287,206,135,72,341,68,111,101,87,296,309,290,197,218,115,29,57,171,153,93,139,210,238,265,168,255,24,18,157,127,,,349,347,,,120,117,69,349,188,196,56,180,91,210,162,135,59,57,50,37,16,193,52,225,246,20,164,,343,,,119,92,40,81,60,61,81,126,45,124,10,140,342,343,111,341,352,128,235,51,112,20,286,57,357,148,153,297,57,261,139,33,98,13,6,5,304,248,351,330,,,66,114,,,120,248,245,16,113,79,17,26,46,45,36,103,340,340,341,83,257,146,299,256,28,8,298,352,,44,,,b'\x11\xe8\xe1I\xca)\xf8:\xaf\x82\x12\xdf\x17\xaeN\x1e'
11E8E149-CA29-F83A-AF82-12DF17AE4E1E,2024-ncaa-d1-conf-Sun Belt,ncaa,4,4,6,4,7,8,7,7,12,7,5,9,7,5,12,7,11,7,14,7,7,7,7,12,12,12,10,8,12,5,5,10,4,9,5,8,8,7,6,8,2,2,4,3,,,13,14,,,4,8,5,8,8,8,6,7,6,8,6,11,6,6,5,6,5,10,8,8,8,2,3,,13,,,4,4,1,2,4,2,3,8,3,4,3,5,14,14,6,14,14,4,6,3,10,1,13,4,14,2,4,9,5,4,5,1,7,2,2,1,11,12,14,14,,,6,8,,,4,8,10,1,4,2,2,2,2,2,2,2,14,14,14,3,5,2,8,6,1,2,12,14,,5,,,b'\x11\xe8\xe1I\xca)\xf8:\xaf\x82\x12\xdf\x17\xaeN\x1e'
11E8E149-CA29-F83A-AF82-12DF17AE4E1E,2024-ncaa-d1-natl,ncaa,76,57,130,69,191,187,186,99,312,168,94,305,210,156,292,214,142,70,347,68,108,90,72,303,319,300,202,219,122,22,61,175,152,89,146,222,242,264,178,259,24,22,162,136,,,352,351,,,134,100,71,351,208,207,60,191,92,213,173,148,63,59,53,41,20,200,62,236,253,23,169,,346,,,135,98,38,68,70,59,88,126,46,114,21,131,341,343,118,345,352,130,247,56,121,24,278,62,358,143,152,308,61,264,146,33,104,15,9,5,311,253,354,337,,,65,118,,,134,265,254,24,131,80,20,30,48,56,40,98,338,342,341,83,258,143,302,260,29,12,304,355,,44,,,b'\x11\xe8\xe1I\xca)\xf8:\xaf\x82\x12\xdf\x17\xaeN\x1e'
11E8E149-CA29-F83A-AF82-12DF17AE4E1E,2025-ncaa-d0-natl,genius_ncaa,147,176,90,167,92,114,136,57,300,135,65,305,164,119,261,211,60,39,286,39,104,49,48,300,297,253,136,213,70,8,23,77,241,28,93,199,289,222,92,223,111,146,106,166,,,305,242,,247,162,90,129,54,125,165,30,170,74,189,134,56,32,33,24,21,4,83,9,240,169,128,121,,265,,233,162,256,247,279,136,299,312,137,86,128,60,48,308,330,18,330,249,295,283,97,100,141,85,36,278,321,241,312,23,324,93,240,209,163,240,223,199,110,350,292,,,79,197,,307,162,263,162,171,164,209,203,251,277,315,68,84,277,314,314,289,284,299,295,309,221,192,162,337,,83,,320,b'\x11\xe8\xe1I\xca)\xf8:\xaf\x82\x12\xdf\x17\xaeN\x1e'
11E8E149-CA29-F83A-AF82-12DF17AE4E1E,2025-ncaa-d1-conf-Sun Belt,genius_ncaa,7,5,8,6,10,7,7,7,9,7,6,9,7,7,6,6,6,3,10,3,6,8,8,10,9,6,5,6,8,1,1,7,4,5,3,8,9,2,2,8,8,7,5,4,,,6,10,,3,6,10,9,7,5,6,3,7,5,6,6,3,2,2,3,3,1,5,3,7,2,8,4,,10,,5,6,7,8,5,12,10,10,11,4,1,10,1,8,11,1,11,8,5,4,11,10,13,4,3,7,2,4,5,1,5,3,11,12,14,13,14,3,4,12,12,,,10,10,,14,6,5,3,13,6,12,12,8,12,11,4,1,10,13,13,8,6,3,7,6,12,14,5,14,,6,,14,b'\x11\xe8\xe1I\xca)\xf8:\xaf\x82\x12\xdf\x17\xaeN\x1e'
11E8E149-CA29-F83A-AF82-12DF17AE4E1E,2025-ncaa-d1-natl,genius_ncaa,130,176,43,157,49,93,106,32,305,105,39,312,160,105,266,222,45,32,282,34,120,27,20,310,305,255,152,222,71,5,19,57,240,15,89,191,298,260,93,234,107,173,89,174,,,322,237,,243,158,58,149,59,133,164,30,167,69,202,150,63,36,37,24,23,4,84,7,253,166,151,126,,255,,184,159,303,292,319,132,326,336,135,97,157,55,41,324,340,27,339,245,330,314,96,98,145,72,30,283,340,240,337,19,344,89,282,204,144,252,218,250,126,359,302,,,45,187,,307,158,302,171,174,171,199,203,246,275,320,51,75,276,309,311,289,271,297,288,305,210,206,175,346,,81,,322,b'\x11\xe8\xe1I\xca)\xf8:\xaf\x82\x12\xdf\x17\xaeN\x1e'
11E8E149-CA29-F83A-AF82-12DF17AE4E1E,2026-ncaa-d0-natl,genius_ncaa,87,80,116,95,120,167,189,121,322,163,80,320,242,214,284,285,79,106,63,103,183,119,111,324,306,285,188,285,42,46,77,111,293,78,186,196,195,263,189,241,84,104,8,10,,,247,159,,153,158,136,111,41,216,243,86,193,52,272,256,67,97,92,76,53,24,74,27,235,239,69,4,,245,,148,160,157,121,233,29,179,317,12,43,44,131,4,297,332,44,334,226,260,270,12,18,26,120,25,338,344,293,276,77,318,186,150,210,77,100,74,278,224,332,270,,,153,267,,241,158,234,243,51,148,95,62,243,139,350,19,12,288,323,324,287,331,343,267,334,110,63,273,322,,200,,266,b'\x11\xe8\xe1I\xca)\xf8:\xaf\x82\x12\xdf\x17\xaeN\x1e'
11E8E149-CA29-F83A-AF82-12DF17AE4E1E,2026-ncaa-d1-natl,genius_ncaa,74,80,85,97,89,146,158,77,302,129,46,301,249,199,290,282,61,75,90,73,170,68,62,314,290,261,212,293,54,19,47,71,310,36,165,193,239,267,172,246,47,72,5,13,,,284,151,,125,116,103,105,47,194,208,74,157,46,268,244,64,91,90,64,43,20,67,20,231,233,54,4,,248,,110,122,152,121,261,15,189,344,11,20,36,73,6,306,342,29,343,234,294,307,9,9,13,104,17,339,352,310,283,47,333,165,141,200,56,95,59,308,233,327,253,,,152,274,,245,116,276,223,34,114,73,47,239,127,351,11,15,282,328,331,291,339,350,243,334,89,58,283,318,,205,,269,b'\x11\xe8\xe1I\xca)\xf8:\xaf\x82\x12\xdf\x17\xaeN\x1e'
11E8E149-CA2E-2C3E-AF82-12DF17AE4E1E,2010-ncaa-d0-natl,ncaa,125,145,81,145,87,50,55,64,76,119,167,67,24,25,79,45,109,145,66,147,128,72,119,53,47,24,68,56,239,69,57,173,247,116,131,66,133,21,9,18,188,209,293,310,,,181,159,,,64,150,270,67,41,50,58,139,221,23,32,128,173,173,70,183,76,251,157,57,12,225,307,,121,,,61,263,293,252,249,281,245,266,235,233,196,214,107,100,193,91,59,224,192,254,233,270,104,195,56,242,247,155,57,197,131,327,298,220,257,314,9,6,230,229,,,107,140,,,64,185,11,284,66,197,254,202,246,187,204,203,77,78,69,158,104,208,97,138,316,269,9,198,,152,,,"b'\x11\xe8\xe1I\xca.,>\xaf\x82\x12\xdf\x17\xaeN\x1e'"
11E8E149-CA2E-2C3E-AF82-12DF17AE4E1E,2010-ncaa-d1-conf-SEC,ncaa,7,7,4,7,4,4,6,4,6,10,11,4,1,2,5,3,2,4,2,4,2,4,8,3,3,2,2,2,5,7,6,10,12,10,11,6,6,3,2,3,7,7,12,12,,,7,7,,,8,8,10,3,4,8,9,11,11,1,3,3,4,4,6,10,8,12,11,5,2,8,12,,6,,,8,12,12,10,12,12,11,11,10,5,12,4,6,5,9,5,3,7,7,12,12,12,6,8,2,12,12,8,6,8,11,12,12,10,11,12,2,2,8,9,,,4,4,,,8,6,2,12,8,12,12,10,12,12,11,5,5,5,5,9,7,11,6,9,12,9,2,8,,4,,,"b'\x11\xe8\xe1I\xca.,>\xaf\x82\x12\xdf\x17\xaeN\x1e'"
11E8E149-CA2E-2C3E-AF82-12DF17AE4E1E,2010-ncaa-d1-natl,ncaa,132,145,91,149,97,53,59,69,80,122,178,70,26,28,80,45,118,153,68,154,127,77,130,55,50,25,65,56,237,73,58,195,254,130,139,70,135,17,9,19,208,213,299,311,,,162,156,,,69,164,270,67,42,53,59,141,222,24,33,130,173,171,74,183,79,255,162,60,12,227,307,,123,,,66,252,285,244,257,276,234,274,230,224,201,214,98,93,197,83,61,213,176,258,237,278,106,195,56,234,254,143,58,187,139,322,296,237,259,317,9,6,222,235,,,118,139,,,69,168,11,294,71,204,261,205,252,189,206,202,78,77,68,160,104,212,98,140,316,273,9,201,,152,,,"b'\x11\xe8\xe1I\xca.,>\xaf\x82\x12\xdf\x17\xaeN\x1e'"
11E8E149-CA2E-2C3E-AF82-12DF17AE4E1E,2011-ncaa-d0-natl,ncaa,248,242,242,256,256,274,240,202,254,202,189,206,257,194,325,162,299,302,219,305,320,232,277,274,282,237,278,222,278,92,42,304,316,230,195,277,291,23,70,190,303,289,301,291,,,16,37,,,281,310,316,100,260,212,130,169,140,245,165,304,295,297,169,243,45,298,174,280,55,297,298,,21,,,281,153,229,144,301,157,42,319,316,295,261,330,6,15,6,18,53,94,43,322,271,319,178,333,2,210,316,65,42,106,195,312,310,329,320,335,69,126,19,27,,,328,328,,,281,28,189,331,289,230,300,245,221,79,334,332,14,25,27,176,63,277,122,190,327,330,113,29,,333,,,"b'\x11\xe8\xe1I\xca.,>\xaf\x82\x12\xdf\x17\xaeN\x1e'"
11E8E149-CA2E-2C3E-AF82-12DF17AE4E1E,2011-ncaa-d1-conf-SEC,ncaa,12,12,9,12,10,12,12,12,11,12,12,9,10,8,12,3,10,11,4,11,10,12,12,11,11,9,10,7,10,9,7,12,12,12,11,12,12,1,1,6,12,11,12,11,,,1,5,,,12,12,12,8,12,12,10,10,10,10,5,10,11,11,12,12,8,11,12,12,1,12,12,,3,,,12,8,11,4,11,6,1,12,12,10,10,12,1,3,1,3,4,2,1,12,11,12,7,12,1,8,12,4,7,5,11,12,12,12,12,12,8,10,2,3,,,12,11,,,12,1,7,12,12,10,12,7,9,2,12,11,3,3,3,5,1,10,5,8,12,12,8,3,,12,,,"b'\x11\xe8\xe1I\xca.,>\xaf\x82\x12\xdf\x17\xaeN\x1e'"
11E8E149-CA2E-2C3E-AF82-12DF17AE4E1E,2011-ncaa-d1-natl,ncaa,258,240,279,259,291,282,255,227,260,217,209,211,260,205,327,159,309,313,214,315,321,260,302,275,285,237,277,220,274,105,43,315,316,245,201,289,291,16,74,198,312,296,305,292,,,11,35,,,289,328,316,98,263,222,131,171,145,246,168,304,297,299,175,248,47,299,184,284,54,300,299,,23,,,290,136,215,117,306,139,35,324,311,291,263,330,5,13,5,15,53,67,25,330,279,325,175,332,1,199,316,48,43,78,201,308,310,336,324,337,58,128,16,29,,,337,327,,,289,14,193,333,297,239,303,245,225,82,334,332,14,26,27,179,63,278,123,191,329,330,112,31,,333,,,"b'\x11\xe8\xe1I\xca.,>\xaf\x82\x12\xdf\x17\xaeN\x1e'"
11E8E149-CA2E-2C3E-AF82-12DF17AE4E1E,2012-ncaa-d0-natl,ncaa,221,228,163,229,177,242,193,138,269,151,104,259,250,216,289,232,307,274,327,279,326,164,147,283,306,301,294,232,306,57,55,203,328,121,205,206,191,248,236,247,246,279,147,185,,,63,34,,,234,189,177,99,257,181,87,130,71,248,214,317,282,284,133,94,35,195,72,199,259,250,132,,73,,,232,147,184,243,106,215,282,94,105,111,124,82,73,92,44,91,50,221,215,90,61,87,46,101,70,333,328,148,55,280,205,142,122,180,209,164,277,270,105,63,,,272,316,,,234,147,277,173,237,180,217,298,259,312,124,130,88,116,118,276,272,335,181,306,171,168,287,116,,284,,,"b'\x11\xe8\xe1I\xca.,>\xaf\x82\x12\xdf\x17\xaeN\x1e'"
11E8E149-CA2E-2C3E-AF82-12DF17AE4E1E,2012-ncaa-d1-conf-SEC,ncaa,11,11,8,11,8,11,11,9,10,12,7,11,9,9,9,9,11,11,10,11,11,11,9,10,10,11,10,6,9,7,8,9,12,9,11,10,7,8,10,10,12,12,11,12,,,1,1,,,11,11,9,4,11,11,8,12,5,9,9,11,11,11,9,5,5,8,5,10,9,12,11,,2,,,11,9,10,8,10,8,9,6,8,7,11,6,2,2,7,2,1,7,4,10,8,11,4,8,2,11,12,7,8,11,11,11,11,12,12,12,11,12,8,8,,,11,11,,,11,1,10,11,11,10,11,12,10,12,8,8,3,4,4,10,7,11,9,11,11,11,12,9,,11,,,"b'\x11\xe8\xe1I\xca.,>\xaf\x82\x12\xdf\x17\xaeN\x1e'"
11E8E149-CA2E-2C3E-AF82-12DF17AE4E1E,2012-ncaa-d1-natl,ncaa,234,227,196,238,217,262,216,169,276,168,120,265,263,229,289,230,313,290,327,293,325,197,174,287,311,303,292,232,308,62,58,236,331,140,211,230,195,228,236,252,263,284,153,191,,,48,36,,,243,226,179,90,262,191,92,135,76,250,217,318,285,286,138,98,34,204,80,211,261,260,136,,75,,,243,128,176,226,117,207,267,97,94,96,134,82,66,84,47,82,51,197,186,93,69,95,45,104,69,333,331,125,58,263,211,128,123,207,213,172,268,270,96,66,,,293,314,,,243,112,282,185,248,185,222,299,261,312,126,132,90,119,121,278,270,335,183,307,179,173,288,118,,283,,,"b'\x11\xe8\xe1I\xca.,>\xaf\x82\x12\xdf\x17\xaeN\x1e'"
11E8E149-CA2E-2C3E-AF82-12DF17AE4E1E,2013-ncaa-d0-natl,ncaa,273,265,251,277,277,175,193,114,287,190,120,285,189,153,247,183,99,101,146,94,126,112,143,284,272,211,138,181,71,50,95,292,275,185,220,233,249,55,58,157,160,160,287,313,,,214,233,,,278,181,45,161,112,142,16,142,55,156,110,53,49,46,14,22,21,272,98,215,114,122,278,,281,,,281,287,317,192,342,337,264,341,68,45,187,35,144,157,101,157,107,186,172,334,330,325,7,17,75,167,275,255,95,223,220,330,260,193,199,305,89,76,179,149,,,162,205,,,278,174,160,323,261,331,340,307,344,334,98,74,210,230,224,303,295,229,318,295,337,146,132,215,,84,,,"b'\x11\xe8\xe1I\xca.,>\xaf\x82\x12\xdf\x17\xaeN\x1e'"
11E8E149-CA2E-2C3E-AF82-12DF17AE4E1E,2013-ncaa-d1-conf-SEC,ncaa,14,13,14,14,14,13,13,8,12,12,12,13,5,5,8,4,9,10,7,10,7,9,12,12,12,11,3,4,5,9,11,14,12,13,13,12,8,1,4,7,11,9,13,13,,,4,6,,,12,12,3,4,7,9,3,11,6,5,4,6,5,5,3,3,4,14,11,10,5,9,13,,8,,,13,13,13,8,14,14,8,14,5,4,10,5,7,5,11,5,5,6,3,14,14,14,1,3,3,5,12,12,11,12,13,14,13,13,12,14,4,7,10,10,,,11,9,,,12,4,9,14,13,14,14,13,14,14,8,7,7,7,7,13,13,11,13,13,14,8,8,11,,9,,,"b'\x11\xe8\xe1I\xca.,>\xaf\x82\x12\xdf\x17\xaeN\x1e'"
11E8E149-CA2E-2C3E-AF82-12DF17AE4E1E,2013-ncaa-d1-natl,ncaa,281,265,292,282,306,194,213,125,291,209,133,290,194,162,247,182,107,111,147,106,126,123,164,286,273,213,134,178,65,59,98,313,278,207,227,248,247,47,57,164,172,163,293,314,,,200,237,,,285,207,45,157,115,149,19,154,58,155,110,53,48,45,14,25,22,276,104,222,116,127,279,,283,,,290,278,313,176,342,337,252,342,58,38,189,35,135,148,105,147,106,166,147,334,331,329,7,17,75,150,278,237,98,207,227,328,260,206,201,311,80,78,176,150,,,185,202,,,285,154,164,325,270,334,341,309,344,332,97,75,212,231,225,306,295,230,318,298,337,148,132,218,,86,,,"b'\x11\xe8\xe1I\xca.,>\xaf\x82\x12\xdf\x17\xaeN\x1e'"
11E8E149-CA2E-2C3E-AF82-12DF17AE4E1E,2014-ncaa-d0-natl,ncaa,221,263,85,249,90,84,74,38,209,65,39,206,159,123,242,196,94,81,236,81,204,37,65,225,236,142,228,211,182,32,85,175,312,87,219,143,255,60,20,76,158,217,222,275,,,249,153,,,227,79,106,62,72,61,25,67,44,175,140,108,84,81,23,53,30,235,105,178,43,193,247,,210,,,225,335,333,303,284,335,311,287,194,197,174,94,312,309,217,311,210,310,291,271,274,310,94,86,210,328,312,298,85,323,219,324,219,192,293,303,126,72,240,126,,,162,311,,,227,268,100,319,224,319,317,311,322,310,166,166,291,293,295,319,290,316,273,300,305,240,106,218,,229,,,"b'\x11\xe8\xe1I\xca.,>\xaf\x82\x12\xdf\x17\xaeN\x1e'"
11E8E149-CA2E-2C3E-AF82-12DF17AE4E1E,2014-ncaa-d1-conf-SEC,ncaa,14,14,5,14,5,6,8,4,11,9,7,10,2,2,8,5,9,7,9,7,8,5,5,9,9,8,3,3,11,7,11,10,13,9,13,7,8,2,1,2,11,12,12,13,,,6,3,,,14,6,6,3,6,7,2,8,7,2,2,9,8,8,2,5,8,10,10,7,2,12,12,,5,,,14,14,14,12,13,14,11,11,14,8,14,7,11,11,6,11,7,14,9,14,14,14,9,11,4,13,13,13,11,14,13,14,13,12,12,14,10,7,10,8,,,12,14,,,14,9,6,14,14,14,14,14,14,13,14,8,11,10,10,14,12,13,14,14,14,12,9,10,,14,,,"b'\x11\xe8\xe1I\xca.,>\xaf\x82\x12\xdf\x17\xaeN\x1e'"
11E8E149-CA2E-2C3E-AF82-12DF17AE4E1E,2014-ncaa-d1-natl,ncaa,230,262,100,252,106,98,87,47,210,76,46,212,165,131,242,197,109,92,236,92,203,46,72,231,238,153,222,210,181,39,86,202,319,101,231,161,260,45,20,79,179,219,241,279,,,232,153,,,235,93,108,61,77,68,26,73,48,175,141,112,88,86,23,58,32,243,110,189,44,193,250,,209,,,234,333,331,297,291,332,305,295,185,184,180,91,304,305,218,304,210,306,282,279,282,314,92,80,211,323,319,292,86,319,231,319,219,213,295,307,115,73,231,135,,,185,311,,,235,256,105,324,233,322,320,314,324,312,170,164,294,291,294,322,289,317,275,306,309,250,106,223,,230,,,"b'\x11\xe8\xe1I\xca.,>\xaf\x82\x12\xdf\x17\xaeN\x1e'"
11E8E149-CA2E-2C3E-AF82-12DF17AE4E1E,2015-ncaa-d0-natl,ncaa,97,131,48,116,62,86,94,50,232,76,73,164,180,99,324,166,55,25,314,21,50,43,38,252,259,240,199,226,81,26,38,211,249,80,150,134,223,306,172,227,16,23,188,207,,,347,345,,,131,46,83,243,146,167,83,130,138,212,128,85,27,20,53,34,21,319,142,198,224,24,232,,341,,,133,257,155,124,229,243,205,244,29,60,33,32,346,347,121,347,343,229,297,178,239,108,160,7,343,215,249,291,38,278,150,180,202,15,17,29,339,270,78,38,,,34,142,,,131,301,194,99,136,143,66,15,155,84,13,24,338,338,338,65,227,125,189,174,108,19,307,49,,53,,,"b'\x11\xe8\xe1I\xca.,>\xaf\x82\x12\xdf\x17\xaeN\x1e'"
11E8E149-CA2E-2C3E-AF82-12DF17AE4E1E,2015-ncaa-d1-conf-SEC,ncaa,7,7,10,7,12,10,12,11,12,9,9,11,9,8,12,6,7,4,14,4,3,8,7,13,13,10,7,7,3,3,3,12,9,9,6,13,12,5,7,13,6,4,13,13,,,13,14,,,10,13,6,7,9,10,7,9,7,9,7,5,4,4,5,3,2,9,7,12,9,5,13,,14,,,10,5,1,1,9,2,3,8,3,2,11,3,12,13,8,13,14,1,1,9,10,12,12,3,14,4,9,8,3,7,6,4,5,7,5,3,12,12,2,4,,,12,11,,,10,2,10,10,10,8,3,1,5,5,4,3,13,14,14,5,7,7,10,10,5,5,13,2,,10,,,"b'\x11\xe8\xe1I\xca.,>\xaf\x82\x12\xdf\x17\xaeN\x1e'"
11E8E149-CA2E-2C3E-AF82-12DF17AE4E1E,2015-ncaa-d1-natl,ncaa,106,130,55,120,77,108,113,57,240,92,86,178,195,113,323,162,65,29,315,25,52,48,41,256,261,249,198,225,76,30,42,241,256,96,157,158,231,291,176,233,20,26,207,213,,,347,345,,,145,50,87,241,154,174,87,137,142,217,130,86,29,23,56,37,22,321,149,210,230,28,233,,342,,,145,238,129,86,239,231,177,251,21,47,36,32,344,346,122,346,342,202,286,191,248,118,156,8,344,196,256,275,42,260,157,165,203,18,20,33,336,276,70,42,,,39,141,,,145,296,206,107,151,151,71,17,159,83,16,23,338,340,339,66,224,126,195,176,114,22,309,51,,51,,,"b'\x11\xe8\xe1I\xca.,>\xaf\x82\x12\xdf\x17\xaeN\x1e'"
11E8E149-CA2E-2C3E-AF82-12DF17AE4E1E,2016-ncaa-d0-natl,ncaa,256,271,175,264,221,168,161,45,329,198,106,316,103,40,289,85,244,172,343,176,232,53,69,315,333,291,125,88,270,8,43,331,329,150,268,216,255,113,46,171,20,11,182,186,,,337,343,,,162,125,43,269,143,139,7,197,78,86,27,255,153,164,9,12,3,347,120,214,131,12,176,,346,,,162,150,114,36,295,242,158,289,6,8,46,10,329,339,76,338,333,92,227,236,267,91,61,3,340,216,329,325,43,310,268,262,328,9,4,53,109,60,277,231,,,183,302,,,162,222,213,100,167,191,141,31,264,176,9,12,330,337,336,89,289,232,335,329,277,4,129,287,,169,,,"b'\x11\xe8\xe1I\xca.,>\xaf\x82\x12\xdf\x17\xaeN\x1e'"
11E8E149-CA2E-2C3E-AF82-12DF17AE4E1E,2016-ncaa-d1-conf-SEC,ncaa,14,14,8,14,13,14,13,5,14,13,10,14,4,1,10,2,14,14,14,14,13,6,7,14,14,14,2,2,14,5,11,14,14,13,14,13,10,1,3,8,7,6,9,9,,,12,13,,,14,10,4,10,13,12,2,13,9,4,1,14,14,14,4,4,4,14,11,13,3,6,8,,13,,,14,11,11,1,14,11,4,14,1,1,7,2,14,14,7,14,14,1,5,14,14,14,2,1,13,2,14,14,11,14,14,14,14,4,3,11,4,6,13,14,,,14,14,,,14,5,14,14,14,13,12,3,13,5,2,2,14,14,14,5,9,6,14,14,14,3,6,14,,14,,,"b'\x11\xe8\xe1I\xca.,>\xaf\x82\x12\xdf\x17\xaeN\x1e'"
11E8E149-CA2E-2C3E-AF82-12DF17AE4E1E,2016-ncaa-d1-natl,ncaa,265,270,218,273,278,200,188,56,332,230,128,320,109,46,293,83,262,192,342,196,232,63,86,322,335,297,122,90,272,10,46,348,332,183,279,239,258,81,45,174,24,14,201,196,,,333,344,,,179,167,44,266,155,153,8,205,80,87,28,257,156,162,10,14,3,347,126,222,129,12,182,,346,,,179,129,92,15,308,222,123,297,3,5,51,10,321,332,76,331,334,52,183,242,278,103,57,3,338,190,332,315,46,297,279,254,327,13,4,62,90,60,270,241,,,216,300,,,179,182,223,121,181,200,153,31,272,178,9,12,333,340,339,96,289,243,336,332,282,4,131,294,,169,,,"b'\x11\xe8\xe1I\xca.,>\xaf\x82\x12\xdf\x17\xaeN\x1e'"
11E8E149-CA2E-2C3E-AF82-12DF17AE4E1E,2017-ncaa-d0-natl,ncaa,136,126,116,139,155,113,101,110,124,93,117,106,180,158,225,188,123,101,267,99,126,99,94,133,149,163,228,214,178,143,180,197,220,177,213,95,102,236,186,134,53,61,162,178,,,341,343,,,95,83,48,268,105,98,104,96,125,183,162,132,95,92,92,71,155,246,214,91,234,55,170,,344,,,91,137,62,103,97,136,208,70,23,24,106,12,339,341,154,342,338,174,250,68,111,44,199,15,347,195,220,230,180,223,213,197,308,27,23,49,161,105,176,131,,,95,126,,,95,259,169,38,98,111,42,45,117,183,19,19,339,340,342,124,265,171,202,201,168,22,146,168,,85,,,"b'\x11\xe8\xe1I\xca.,>\xaf\x82\x12\xdf\x17\xaeN\x1e'"
11E8E149-CA2E-2C3E-AF82-12DF17AE4E1E,2017-ncaa-d1-conf-SEC,ncaa,11,10,9,11,12,12,11,12,10,10,12,7,10,6,13,5,12,10,12,10,6,11,9,9,9,11,6,6,10,13,14,12,11,13,13,7,3,10,10,9,5,6,10,11,,,14,14,,,13,7,1,10,9,9,7,9,11,5,5,11,8,8,6,2,13,12,12,7,11,4,9,,14,,,13,10,7,3,11,6,5,9,7,3,13,4,14,13,9,13,14,6,8,11,13,12,11,7,14,4,11,13,14,10,13,11,12,5,4,6,8,8,7,8,,,11,11,,,13,8,13,12,14,12,8,4,9,7,8,3,14,14,14,9,14,6,14,12,14,4,9,8,,9,,,"b'\x11\xe8\xe1I\xca.,>\xaf\x82\x12\xdf\x17\xaeN\x1e'"
11E8E149-CA2E-2C3E-AF82-12DF17AE4E1E,2017-ncaa-d1-natl,ncaa,143,126,144,146,198,141,127,139,130,113,142,108,187,171,228,185,142,118,264,113,126,127,121,144,158,172,225,212,174,172,188,242,227,216,226,114,105,219,194,140,69,65,179,185,,,339,344,,,101,105,51,270,114,108,108,104,133,183,167,138,95,94,92,75,162,256,231,97,236,60,177,,345,,,98,107,40,56,101,117,178,75,16,18,109,10,338,341,159,342,338,131,225,72,122,51,198,15,346,166,227,202,188,190,226,181,308,34,25,52,138,108,156,136,,,110,120,,,101,237,178,46,104,119,50,45,123,186,19,17,342,341,341,126,259,176,206,208,177,24,146,174,,85,,,"b'\x11\xe8\xe1I\xca.,>\xaf\x82\x12\xdf\x17\xaeN\x1e'"
11E8E149-CA2E-2C3E-AF82-12DF17AE4E1E,2018-ncaa-d0-natl,ncaa,222,244,117,233,132,136,156,140,205,179,175,192,123,110,177,125,119,98,219,104,100,128,120,188,174,178,106,134,117,119,160,243,309,182,253,183,224,208,182,211,220,253,52,52,,,301,295,,,220,130,148,138,152,179,142,203,195,124,108,127,114,118,128,111,118,284,217,200,203,242,43,,295,,,217,269,215,204,198,226,228,161,184,147,252,105,326,318,265,317,290,245,232,194,242,243,231,138,297,299,309,214,160,266,253,309,332,164,195,264,207,185,214,207,,,75,74,,,220,200,171,273,232,252,198,176,204,217,174,124,317,307,306,233,234,296,199,253,303,180,193,206,,74,,,"b'\x11\xe8\xe1I\xca.,>\xaf\x82\x12\xdf\x17\xaeN\x1e'"
11E8E149-CA2E-2C3E-AF82-12DF17AE4E1E,2018-ncaa-d1-conf-SEC,ncaa,14,14,4,14,4,12,13,8,13,13,11,14,6,3,8,4,9,7,6,8,8,8,7,14,13,14,2,4,5,9,12,11,9,11,11,12,6,11,11,13,9,9,4,3,,,14,14,,,13,7,10,3,13,14,9,14,11,6,3,10,8,9,10,8,9,12,11,12,11,9,5,,13,,,13,11,8,4,12,6,3,10,10,8,12,8,14,14,10,14,13,6,7,12,12,12,12,11,12,6,9,12,12,12,11,13,13,6,8,9,10,9,8,10,,,8,9,,,13,7,14,12,13,12,8,3,5,3,10,7,13,13,13,4,4,5,12,12,13,7,9,9,,9,,,"b'\x11\xe8\xe1I\xca.,>\xaf\x82\x12\xdf\x17\xaeN\x1e'"
11E8E149-CA2E-2C3E-AF82-12DF17AE4E1E,2018-ncaa-d1-natl,ncaa,231,243,144,242,166,167,192,173,221,208,215,201,134,122,182,122,137,129,215,138,99,161,159,198,183,192,102,133,113,138,166,280,314,225,267,208,229,190,184,222,242,261,56,52,,,287,294,,,230,159,157,128,160,190,152,214,201,128,108,128,116,121,133,121,130,294,230,218,206,249,43,,296,,,230,253,189,174,217,204,199,174,170,119,263,103,317,304,267,304,291,220,201,207,253,255,229,135,298,292,314,190,166,250,267,305,333,191,204,270,185,188,200,219,,,99,77,,,230,162,181,283,242,261,206,178,217,223,180,124,321,310,309,237,231,296,200,260,309,191,191,208,,75,,,"b'\x11\xe8\xe1I\xca.,>\xaf\x82\x12\xdf\x17\xaeN\x1e'"
11E8E149-CA2E-2C3E-AF82-12DF17AE4E1E,2019-ncaa-d0-natl,ncaa,266,298,114,279,167,231,219,209,227,206,161,254,202,214,153,205,255,280,145,281,301,221,194,226,230,254,211,187,234,256,263,148,242,188,242,181,141,273,271,231,288,312,181,202,,,317,314,,,282,162,185,272,277,255,260,241,190,217,232,282,301,302,289,255,266,163,229,200,246,303,184,,311,,,277,246,215,245,135,240,258,152,117,158,99,105,303,298,221,295,250,265,218,118,151,231,155,76,282,278,242,214,263,253,242,294,314,281,311,324,181,186,25,33,,,215,206,,,282,195,268,255,273,227,204,238,231,271,107,150,293,289,289,275,204,267,185,234,281,297,159,32,,244,,,"b'\x11\xe8\xe1I\xca.,>\xaf\x82\x12\xdf\x17\xaeN\x1e'"
11E8E149-CA2E-2C3E-AF82-12DF17AE4E1E,2019-ncaa-d1-conf-SEC,ncaa,13,12,9,13,12,14,14,11,14,13,12,14,7,4,13,4,12,12,5,12,9,13,14,14,14,14,4,4,6,12,13,10,7,11,10,14,6,11,11,13,12,10,10,10,,,13,14,,,13,13,7,8,14,14,10,12,12,5,4,11,12,12,11,13,12,8,9,14,12,9,10,,14,,,13,10,7,4,9,8,4,8,6,5,10,8,13,13,8,13,12,5,3,10,10,12,11,8,13,3,7,11,13,8,10,12,14,11,8,14,10,11,2,7,,,10,8,,,13,3,14,11,13,10,10,5,9,6,8,5,14,14,14,9,8,5,12,11,14,9,10,2,,8,,,"b'\x11\xe8\xe1I\xca.,>\xaf\x82\x12\xdf\x17\xaeN\x1e'"
11E8E149-CA2E-2C3E-AF82-12DF17AE4E1E,2019-ncaa-d1-natl,ncaa,282,297,155,291,218,266,256,255,238,248,204,267,220,239,157,204,276,292,145,292,303,267,250,236,238,263,210,183,229,276,269,191,251,232,253,219,142,248,279,246,309,319,193,210,,,297,316,,,296,228,193,272,289,270,269,250,194,220,235,285,302,301,294,265,273,175,236,214,247,310,187,,313,,,293,217,184,214,150,219,231,159,96,128,110,103,289,281,235,278,252,232,157,131,164,247,152,77,282,258,251,173,269,214,253,283,315,301,320,328,151,192,21,38,,,251,209,,,296,133,274,272,290,242,217,242,239,274,109,145,293,286,287,279,197,277,190,237,292,303,171,34,,244,,,"b'\x11\xe8\xe1I\xca.,>\xaf\x82\x12\xdf\x17\xaeN\x1e'"
11E8E149-CA2E-2C3E-AF82-12DF17AE4E1E,2020-ncaa-d0-natl,ncaa,308,314,87,310,136,281,250,228,259,237,214,260,192,189,186,159,323,305,313,311,298,248,222,252,277,294,202,134,305,277,300,294,336,308,338,176,98,282,292,245,181,195,223,269,,,240,210,,,328,177,216,213,315,284,287,273,245,206,201,325,313,316,307,277,288,324,338,195,265,195,228,,221,,,325,283,296,237,305,330,317,284,78,58,182,32,243,223,291,220,124,243,227,263,270,284,12,30,196,325,336,279,300,317,338,323,281,176,214,295,264,278,142,169,,,260,256,,,328,175,311,305,327,271,292,223,326,316,64,46,232,209,210,230,214,317,252,300,319,202,248,133,,286,,,"b'\x11\xe8\xe1I\xca.,>\xaf\x82\x12\xdf\x17\xaeN\x1e'"
11E8E149-CA2E-2C3E-AF82-12DF17AE4E1E,2020-ncaa-d1-conf-SEC,ncaa,14,14,10,14,11,14,14,14,14,14,13,14,6,6,13,4,14,14,12,14,14,14,14,14,14,14,6,4,14,13,14,14,14,14,14,13,4,8,12,12,10,10,12,12,,,7,8,,,14,14,12,7,14,14,13,14,13,6,6,14,14,14,14,14,13,14,14,13,8,10,12,,9,,,14,11,11,4,13,13,6,13,6,5,12,5,11,6,13,5,7,4,4,13,13,14,5,3,7,11,14,13,14,13,14,13,13,10,10,14,5,8,4,8,,,14,14,,,14,2,14,14,14,14,12,7,13,9,6,6,11,8,9,7,4,12,14,13,13,10,8,4,,14,,,"b'\x11\xe8\xe1I\xca.,>\xaf\x82\x12\xdf\x17\xaeN\x1e'"
11E8E149-CA2E-2C3E-AF82-12DF17AE4E1E,2020-ncaa-d1-natl,ncaa,313,314,128,314,202,308,288,276,267,281,247,272,207,207,193,161,331,311,316,318,294,292,271,261,283,300,197,134,304,303,307,319,337,328,340,208,99,268,297,259,207,210,234,271,,,217,217,,,332,235,222,201,323,298,293,284,251,207,203,329,314,317,313,283,295,327,340,211,269,206,232,,225,,,328,266,287,211,312,325,304,292,57,41,184,30,227,203,298,202,125,201,184,277,282,292,13,28,194,314,337,260,307,295,340,318,285,208,223,303,256,280,132,175,,,281,254,,,332,113,316,312,331,279,298,226,328,321,61,44,236,217,216,235,212,320,258,302,322,210,250,136,,286,,,"b'\x11\xe8\xe1I\xca.,>\xaf\x82\x12\xdf\x17\xaeN\x1e'"
11E8E149-CA2E-2C3E-AF82-12DF17AE4E1E,2021-ncaa-d0-natl,ncaa,71,202,26,135,28,38,39,34,79,18,13,134,234,249,174,331,15,9,178,9,145,27,24,147,130,133,318,335,51,36,104,29,51,26,50,42,142,322,159,130,26,73,40,99,,,340,311,,,53,24,73,88,93,80,116,22,13,324,331,25,21,20,73,58,113,80,78,90,206,67,92,,307,,,65,279,251,278,73,286,316,66,121,151,80,22,343,340,302,340,260,298,317,50,91,68,135,28,337,229,51,295,104,276,50,230,143,25,93,60,318,205,192,36,,,15,89,,,53,318,138,46,76,115,65,95,140,241,29,26,323,292,291,144,205,65,128,83,84,80,239,86,,49,,,"b'\x11\xe8\xe1I\xca.,>\xaf\x82\x12\xdf\x17\xaeN\x1e'"
11E8E149-CA2E-2C3E-AF82-12DF17AE4E1E,2021-ncaa-d1-conf-SEC,ncaa,9,12,5,11,6,10,10,8,10,5,4,11,12,10,11,10,6,7,8,7,8,8,7,11,11,11,11,12,4,9,7,6,3,7,5,8,6,11,12,10,7,9,6,8,,,14,14,,,11,6,6,2,11,11,10,5,5,12,12,7,7,8,10,7,9,5,6,8,11,8,7,,14,,,10,7,6,5,5,7,8,5,7,6,6,5,14,14,12,14,13,8,6,6,7,7,9,5,14,4,3,6,7,6,5,10,12,7,7,7,11,13,5,4,,,7,6,,,11,9,11,6,10,6,6,2,5,5,5,5,14,14,14,5,4,3,6,5,8,8,13,4,,6,,,"b'\x11\xe8\xe1I\xca.,>\xaf\x82\x12\xdf\x17\xaeN\x1e'"
11E8E149-CA2E-2C3E-AF82-12DF17AE4E1E,2021-ncaa-d1-natl,ncaa,74,201,30,139,32,41,46,41,84,19,13,139,240,260,176,332,17,11,180,11,143,30,29,151,133,134,318,334,51,43,110,32,53,33,61,47,144,315,159,133,36,78,43,101,,,337,313,,,57,27,74,85,96,85,121,24,15,325,331,27,24,23,77,63,117,84,82,95,207,69,94,,308,,,69,274,240,274,83,282,310,72,112,139,85,21,343,334,303,335,260,294,312,56,99,77,132,27,337,216,53,283,110,265,61,221,144,30,98,66,314,210,188,38,,,19,86,,,57,315,143,53,80,119,71,96,146,243,29,26,324,295,296,147,205,67,130,84,88,84,242,89,,50,,,"b'\x11\xe8\xe1I\xca.,>\xaf\x82\x12\xdf\x17\xaeN\x1e'"
11E8E149-CA2E-2C3E-AF82-12DF17AE4E1E,2022-ncaa-d0-natl,ncaa,43,49,52,51,75,77,53,57,82,18,11,135,328,331,282,347,62,36,289,40,243,49,58,178,185,136,353,352,135,27,30,114,88,62,52,56,138,165,62,70,46,36,31,43,,,310,276,,,34,80,186,275,113,64,77,9,8,348,346,100,65,67,61,106,33,220,91,70,79,63,40,,238,,,35,134,147,174,125,240,290,84,7,9,90,3,269,287,116,281,186,195,253,67,91,31,33,6,301,116,88,216,30,180,52,99,80,30,27,15,177,79,58,5,,,101,225,,,34,271,93,20,39,28,32,28,152,205,2,1,196,222,216,28,87,56,74,53,34,46,101,23,,186,,,"b'\x11\xe8\xe1I\xca.,>\xaf\x82\x12\xdf\x17\xaeN\x1e'"
11E8E149-CA2E-2C3E-AF82-12DF17AE4E1E,2022-ncaa-d1-conf-SEC,ncaa,5,4,4,4,8,8,5,5,9,3,1,8,14,12,14,12,8,5,13,5,9,5,6,11,12,11,13,14,7,4,3,10,3,6,5,6,9,5,4,6,5,3,6,7,,,9,12,,,4,7,10,12,10,7,6,3,2,14,12,9,6,6,5,6,3,10,6,8,4,4,7,,10,,,4,2,3,2,8,10,9,9,2,1,4,1,7,8,7,8,8,2,5,4,6,4,2,2,12,1,3,6,3,5,5,4,5,2,2,2,8,8,1,1,,,9,13,,,4,7,9,2,4,2,2,1,7,4,2,1,9,8,8,1,2,1,6,3,3,2,8,1,,11,,,"b'\x11\xe8\xe1I\xca.,>\xaf\x82\x12\xdf\x17\xaeN\x1e'"
11E8E149-CA2E-2C3E-AF82-12DF17AE4E1E,2022-ncaa-d1-natl,ncaa,48,49,67,57,94,95,64,69,91,19,11,150,337,336,290,347,75,47,290,50,241,59,75,194,197,151,352,353,125,31,34,145,94,71,62,69,150,133,63,76,60,45,36,45,,,297,280,,,40,110,190,275,125,69,91,11,9,350,346,102,65,68,70,112,36,230,101,82,79,72,41,,240,,,43,111,119,134,136,220,281,93,4,4,99,3,256,274,119,264,187,144,221,82,100,40,30,6,300,94,94,195,34,142,62,79,83,36,31,22,156,80,50,6,,,119,227,,,40,240,104,29,46,34,40,28,158,206,4,2,204,230,224,32,80,55,79,57,38,57,103,23,,186,,,"b'\x11\xe8\xe1I\xca.,>\xaf\x82\x12\xdf\x17\xaeN\x1e'"
11E8E149-CA2E-2C3E-AF82-12DF17AE4E1E,2022-ncaa-d1-ncaatournament,ncaa,37,2,37,37,38,52,50,54,34,47,42,59,45,65,1,62,56,56,42,56,61,55,62,34,37,29,37,26,45,51,44,53,3,59,23,34,3,9,22,6,61,52,35,12,,,21,65,,,50,67,59,5,43,39,40,34,10,30,61,49,49,50,43,55,37,48,51,6,18,57,14,,52,,,53,13,16,1,65,23,8,62,15,8,62,25,4,5,42,4,29,1,1,64,63,64,20,34,21,2,3,12,44,4,23,23,61,56,41,61,22,59,6,7,,,53,37,,,50,1,36,55,53,45,47,4,53,18,33,12,20,21,19,4,1,2,39,8,58,52,52,9,,42,,,"b'\x11\xe8\xe1I\xca.,>\xaf\x82\x12\xdf\x17\xaeN\x1e'"
11E8E149-CA2E-2C3E-AF82-12DF17AE4E1E,2023-ncaa-d0-natl,ncaa,33,39,29,38,31,61,50,29,127,26,17,145,208,200,233,308,75,44,291,52,224,32,37,172,184,144,324,307,183,14,16,34,83,18,20,131,316,199,67,145,125,193,12,19,,,331,295,,,26,55,208,77,99,66,51,32,32,265,275,142,93,106,50,91,18,61,19,196,88,206,13,,269,,,27,152,85,279,11,235,344,10,6,26,5,1,335,323,309,321,203,301,310,4,13,15,51,3,355,245,83,251,16,261,20,158,228,66,111,54,99,21,262,106,,,76,253,,,26,308,81,14,25,19,11,79,99,305,2,1,290,267,266,112,142,133,89,94,49,135,32,208,,191,,,"b'\x11\xe8\xe1I\xca.,>\xaf\x82\x12\xdf\x17\xaeN\x1e'"
11E8E149-CA2E-2C3E-AF82-12DF17AE4E1E,2023-ncaa-d1-conf-SEC,ncaa,4,4,5,4,5,6,4,5,7,5,4,8,12,9,9,10,10,9,11,9,14,6,5,10,10,10,11,10,11,4,4,4,2,4,4,9,14,7,5,8,7,8,2,2,,,10,10,,,4,8,9,1,6,4,4,5,5,11,10,10,9,10,6,7,4,4,4,10,4,7,2,,9,,,4,2,1,7,2,5,10,2,1,1,1,1,12,11,12,11,8,7,6,2,2,2,6,1,14,3,2,8,4,8,4,3,12,6,6,4,6,4,7,3,,,13,14,,,4,8,8,2,4,2,2,4,5,9,1,1,11,11,11,5,6,2,8,6,3,9,4,7,,14,,,"b'\x11\xe8\xe1I\xca.,>\xaf\x82\x12\xdf\x17\xaeN\x1e'"
11E8E149-CA2E-2C3E-AF82-12DF17AE4E1E,2023-ncaa-d1-natl,ncaa,37,39,33,39,34,66,54,33,134,27,19,160,223,216,237,309,91,53,294,62,225,36,40,181,196,151,323,312,182,16,18,41,92,21,24,150,317,170,72,150,158,212,12,18,,,327,298,,,27,69,218,76,111,69,52,35,35,268,278,140,92,104,57,94,19,67,20,213,92,216,13,,273,,,27,108,64,252,12,206,342,11,6,17,7,1,331,317,314,314,207,280,297,4,14,16,52,2,356,227,92,222,18,233,24,140,228,83,123,65,83,23,257,115,,,99,251,,,27,293,88,15,26,24,14,82,110,307,2,2,299,273,272,119,141,139,93,96,55,143,33,219,,190,,,"b'\x11\xe8\xe1I\xca.,>\xaf\x82\x12\xdf\x17\xaeN\x1e'"
11E8E149-CA2E-2C3E-AF82-12DF17AE4E1E,2023-ncaa-d1-ncaatournament,ncaa,9,2,9,9,10,17,17,12,50,17,11,57,16,18,25,48,13,12,54,12,28,11,12,50,51,48,27,32,22,3,4,16,41,9,16,30,63,52,15,52,26,55,19,38,,,57,44,,,16,17,53,7,41,44,16,39,11,33,43,30,21,22,13,18,3,27,7,59,19,55,34,,43,,,17,52,52,52,10,58,59,13,30,42,12,12,56,55,45,55,31,53,53,4,7,5,18,11,58,59,41,59,4,60,16,45,16,10,20,11,53,21,66,47,,,15,51,,,16,52,34,9,15,4,6,17,23,43,9,8,35,34,31,18,21,43,31,39,12,22,22,53,,43,,,"b'\x11\xe8\xe1I\xca.,>\xaf\x82\x12\xdf\x17\xaeN\x1e'"
11E8E149-CA2E-2C3E-AF82-12DF17AE4E1E,2024-ncaa-d0-natl,ncaa,41,49,52,49,59,85,91,79,121,25,10,166,343,346,327,358,11,7,242,7,90,50,43,219,186,171,346,358,19,11,4,79,107,23,11,148,279,261,134,192,100,140,7,7,,,292,244,,,50,79,177,113,107,103,110,19,12,355,353,13,12,13,55,57,10,99,18,192,175,138,5,,225,,,53,154,139,234,48,225,323,14,42,32,216,6,262,255,231,256,135,248,273,29,40,28,79,27,292,199,107,115,4,138,11,173,208,62,96,94,117,51,292,122,,,31,99,,,50,279,102,28,52,51,56,118,129,305,13,9,202,192,194,119,171,131,37,52,114,102,76,265,,51,,,"b'\x11\xe8\xe1I\xca.,>\xaf\x82\x12\xdf\x17\xaeN\x1e'"
11E8E149-CA2E-2C3E-AF82-12DF17AE4E1E,2024-ncaa-d1-conf-SEC,ncaa,3,3,5,3,5,5,5,7,6,3,3,6,14,14,12,14,2,2,13,2,6,5,6,9,9,9,14,14,1,2,2,4,2,4,3,6,10,10,7,10,7,7,2,2,,,12,13,,,4,7,10,2,7,6,9,3,2,14,14,2,2,2,4,5,2,5,4,9,9,7,2,,12,,,3,4,3,5,5,5,8,2,2,1,13,1,10,11,6,11,10,6,8,5,5,4,8,4,11,3,2,1,2,1,3,5,11,4,2,6,4,4,9,5,,,5,7,,,4,8,5,4,3,3,3,3,4,8,2,1,10,10,11,4,4,2,2,1,7,4,4,9,,6,,,"b'\x11\xe8\xe1I\xca.,>\xaf\x82\x12\xdf\x17\xaeN\x1e'"
11E8E149-CA2E-2C3E-AF82-12DF17AE4E1E,2024-ncaa-d1-natl,ncaa,48,49,78,50,88,105,108,102,130,30,13,182,354,352,330,360,13,11,243,11,92,61,61,228,198,183,351,360,17,14,5,103,118,29,11,170,289,226,136,208,129,150,7,7,,,274,256,,,59,103,186,110,116,112,120,20,12,357,355,14,13,13,58,64,11,112,18,211,179,153,5,,234,,,61,115,113,199,59,201,313,16,31,20,225,4,242,236,236,236,139,214,244,40,50,38,78,30,290,175,118,86,5,104,11,159,212,85,110,108,98,51,285,131,,,48,93,,,59,256,110,37,62,65,63,119,145,307,17,9,206,200,201,124,167,141,39,56,124,114,80,271,,51,,,"b'\x11\xe8\xe1I\xca.,>\xaf\x82\x12\xdf\x17\xaeN\x1e'"
11E8E149-CA2E-2C3E-AF82-12DF17AE4E1E,2024-ncaa-d1-ncaatournament,ncaa,17,3,17,17,19,32,27,26,32,18,16,37,52,60,39,66,29,32,34,31,52,27,23,45,45,48,65,64,37,17,9,28,25,24,8,34,62,53,56,63,20,19,49,60,,,39,34,,,29,28,42,5,44,33,41,9,4,63,66,38,43,42,43,26,17,32,20,56,60,22,54,,24,,,27,36,36,36,32,42,42,28,27,31,27,15,40,35,59,33,27,37,36,31,33,22,18,11,45,34,25,34,9,33,8,43,49,21,16,25,47,45,29,10,,,30,38,,,29,38,44,16,33,11,15,16,28,42,10,11,36,29,27,14,14,20,11,6,31,17,43,18,,32,,,"b'\x11\xe8\xe1I\xca.,>\xaf\x82\x12\xdf\x17\xaeN\x1e'"
11E8E149-CA2E-2C3E-AF82-12DF17AE4E1E,2025-ncaa-d0-natl,genius_ncaa,71,77,54,81,89,45,42,32,78,21,11,93,231,235,227,327,25,14,210,20,149,28,38,129,118,72,321,326,100,7,5,175,79,44,17,38,94,75,19,21,18,15,33,36,,,296,258,,191,16,79,119,362,34,32,22,10,11,273,284,29,22,23,16,42,9,287,58,34,40,17,34,,230,,146,14,140,163,136,241,276,278,178,12,11,146,4,229,249,125,249,175,155,259,159,171,40,15,5,269,71,79,145,5,110,17,131,122,15,10,13,64,15,351,216,,,46,136,,100,16,288,25,25,15,53,70,17,198,206,4,1,168,180,179,24,134,30,44,26,71,17,34,332,,68,,130,"b'\x11\xe8\xe1I\xca.,>\xaf\x82\x12\xdf\x17\xaeN\x1e'"
11E8E149-CA2E-2C3E-AF82-12DF17AE4E1E,2025-ncaa-d1-conf-SEC,genius_ncaa,5,6,6,6,9,9,9,9,7,6,5,7,11,11,9,12,6,6,8,7,6,8,9,9,7,7,10,11,5,5,3,12,2,8,3,4,2,5,7,2,2,1,10,8,,,10,14,,8,4,9,10,7,9,9,7,4,4,11,12,5,4,4,6,7,3,13,9,3,7,2,9,,11,,8,4,4,3,2,14,9,5,12,3,1,12,1,6,11,4,11,13,2,5,12,11,7,6,3,15,1,2,2,3,2,3,7,12,3,1,3,5,6,12,13,,,7,3,,6,4,8,4,4,4,3,3,1,7,4,3,1,6,12,11,1,2,1,4,1,6,1,6,12,,6,,8,"b'\x11\xe8\xe1I\xca.,>\xaf\x82\x12\xdf\x17\xaeN\x1e'"
11E8E149-CA2E-2C3E-AF82-12DF17AE4E1E,2025-ncaa-d1-natl,genius_ncaa,78,77,72,83,112,53,50,43,84,23,11,96,249,249,227,327,32,20,207,24,146,38,54,134,123,76,321,326,97,9,6,210,90,58,19,43,98,63,22,23,22,17,37,36,,,280,265,,178,20,96,130,362,38,36,22,10,14,279,287,32,23,23,18,48,10,295,68,35,43,21,35,,236,,149,17,113,144,97,252,265,264,182,7,6,155,3,215,229,131,227,178,106,236,172,187,52,15,6,272,52,90,110,6,77,19,111,120,21,12,19,53,15,348,231,,,59,129,,111,20,269,28,30,19,59,80,19,213,207,4,1,174,184,184,25,129,30,45,28,76,18,41,333,,67,,129,"b'\x11\xe8\xe1I\xca.,>\xaf\x82\x12\xdf\x17\xaeN\x1e'"
11E8E149-CA2E-2C3E-AF82-12DF17AE4E1E,2025-ncaa-d1-ncaatournament,genius_ncaa,9,2,9,9,11,15,15,10,44,8,7,43,35,24,54,65,9,9,41,9,28,9,11,50,46,32,65,65,12,8,6,14,7,10,10,20,63,36,4,29,18,37,18,40,,,62,62,,44,17,13,22,7,18,22,6,7,2,63,61,7,4,4,2,10,3,36,5,48,6,41,36,,59,,33,20,60,61,55,49,62,57,54,37,44,16,24,52,52,33,52,30,55,55,45,39,31,7,11,28,40,7,60,6,54,10,53,11,10,14,13,32,6,53,18,,,10,22,,3,17,57,17,19,15,28,37,20,46,39,10,15,25,29,29,19,26,7,45,23,21,16,8,41,,17,,3,"b'\x11\xe8\xe1I\xca.,>\xaf\x82\x12\xdf\x17\xaeN\x1e'"
11E8E149-CA2E-2C3E-AF82-12DF17AE4E1E,2026-ncaa-d0-natl,genius_ncaa,35,13,116,26,120,71,77,94,80,67,109,41,130,94,268,175,41,34,196,37,60,83,113,93,85,52,232,266,95,33,19,130,6,85,15,69,134,75,20,30,95,65,56,46,,,203,244,,141,30,146,163,41,30,34,33,34,96,148,86,24,19,21,16,55,15,127,37,48,34,79,46,,184,,127,24,86,85,112,107,160,223,73,12,17,100,6,201,193,221,199,168,121,168,57,83,35,42,10,309,25,6,175,19,101,15,20,12,44,17,5,62,27,229,165,,,43,39,,27,30,219,29,21,26,26,29,8,108,202,4,3,181,158,171,12,80,3,116,32,10,33,41,217,,19,,35,"b'\x11\xe8\xe1I\xca.,>\xaf\x82\x12\xdf\x17\xaeN\x1e'"
11E8E149-CA2E-2C3E-AF82-12DF17AE4E1E,2026-ncaa-d1-natl,genius_ncaa,38,13,177,28,181,103,113,149,91,91,162,48,184,136,279,174,61,53,189,59,57,126,172,112,94,60,217,262,83,53,27,196,8,125,20,97,143,35,25,38,145,86,70,49,,,164,261,,108,32,210,183,31,35,45,48,40,111,171,94,25,19,22,25,71,27,143,43,60,41,105,50,,199,,127,25,38,42,51,139,118,165,93,5,5,121,4,162,145,229,152,175,54,99,82,111,47,39,9,303,11,8,118,27,39,20,9,12,76,26,6,37,31,208,190,,,69,35,,38,32,149,32,26,27,35,37,13,131,217,4,3,192,161,184,13,79,4,136,34,12,45,47,234,,19,,29,"b'\x11\xe8\xe1I\xca.,>\xaf\x82\x12\xdf\x17\xaeN\x1e'"
11E8E149-CA32-CCF8-AF82-12DF17AE4E1E,2012-ncaa-d0-natl,ncaa,336,54,343,322,343,343,343,343,316,343,343,328,340,342,164,115,343,343,30,343,272,343,343,304,289,327,68,75,145,343,256,343,267,343,243,343,232,1,338,333,343,211,341,193,,,1,104,,,230,343,48,85,291,309,210,315,226,142,137,246,299,295,250,92,219,21,84,292,341,155,152,,228,,,303,1,1,1,50,1,1,65,2,1,92,279,1,1,63,1,185,1,1,71,56,116,258,273,155,1,267,1,256,1,243,1,324,343,285,294,1,325,1,129,,,343,293,,,230,1,329,188,300,252,230,334,192,284,283,321,213,248,257,334,326,333,267,324,309,210,330,93,,245,,,b'\x11\xe8\xe1I\xca2\xcc\xf8\xaf\x82\x12\xdf\x17\xaeN\x1e'
11E8E149-CA32-CCF8-AF82-12DF17AE4E1E,2012-ncaa-d1-natl,ncaa,174,86,341,144,341,257,229,298,90,230,277,120,175,227,59,159,309,319,131,316,291,309,294,88,108,196,199,125,294,209,68,133,67,177,25,203,125,254,312,248,118,57,240,139,,,15,45,,,119,307,53,87,122,93,120,108,144,109,148,256,284,278,158,56,104,3,11,79,331,39,193,,94,,,109,12,9,53,12,1,2,35,304,333,60,342,28,29,177,28,207,35,31,45,37,57,341,341,125,70,67,4,68,6,25,84,317,260,175,184,234,295,29,78,,,327,320,,,119,33,191,53,120,148,109,295,12,25,333,342,121,115,109,271,277,221,81,130,233,127,313,97,,272,,,b'\x11\xe8\xe1I\xca2\xcc\xf8\xaf\x82\x12\xdf\x17\xaeN\x1e'
11E8E149-CA32-CCF8-AF82-12DF17AE4E1E,2013-ncaa-d0-natl,ncaa,177,65,342,130,342,329,309,340,112,296,323,147,238,281,78,170,343,345,56,345,341,344,345,120,136,135,228,143,319,329,184,337,129,338,132,279,170,8,159,128,280,146,182,60,,,2,36,,,114,345,314,86,232,164,230,173,199,165,206,320,335,337,282,298,254,193,231,169,97,189,104,,21,,,106,1,1,1,65,2,2,79,110,117,151,312,3,4,173,4,64,1,1,101,68,71,273,315,51,13,129,2,184,2,132,58,335,328,140,242,13,152,13,83,,,344,251,,,114,1,146,84,108,41,58,83,32,27,263,272,25,21,23,49,41,120,61,73,234,211,100,75,,297,,,b'\x11\xe8\xe1I\xca2\xcc\xf8\xaf\x82\x12\xdf\x17\xaeN\x1e'
11E8E149-CA32-CCF8-AF82-12DF17AE4E1E,2013-ncaa-d1-conf-Summit League,ncaa,5,4,9,5,9,8,8,8,8,6,5,9,7,8,6,8,8,9,3,9,9,8,8,9,8,6,8,6,7,4,4,7,6,6,4,8,7,2,6,7,6,3,1,1,,,1,3,,,4,9,8,3,7,6,6,5,1,7,8,8,8,9,7,5,3,4,4,7,4,3,1,,3,,,4,1,1,1,2,1,1,2,3,5,5,8,1,2,2,2,3,1,1,3,2,2,8,9,3,4,6,2,4,2,4,2,9,7,4,4,2,3,4,5,,,8,7,,,4,1,7,3,4,1,4,4,1,4,6,8,1,3,3,2,3,8,5,6,6,4,3,8,,7,,,b'\x11\xe8\xe1I\xca2\xcc\xf8\xaf\x82\x12\xdf\x17\xaeN\x1e'
11E8E149-CA32-CCF8-AF82-12DF17AE4E1E,2013-ncaa-d1-natl,ncaa,135,65,327,106,329,265,224,297,97,207,259,125,219,251,93,189,329,341,68,341,341,320,332,112,132,123,258,166,325,258,115,274,98,288,80,213,158,29,143,110,219,119,142,62,,,5,34,,,94,339,297,89,198,119,175,120,148,178,208,315,330,331,234,264,185,150,173,123,96,167,103,,22,,,76,3,6,11,45,3,6,49,198,209,158,321,7,6,197,9,70,1,1,80,59,63,296,324,59,25,98,6,115,6,80,126,336,282,130,228,36,139,22,56,,,334,263,,,94,3,119,68,84,39,48,89,21,21,275,288,29,21,23,53,47,104,53,60,222,195,105,66,,291,,,b'\x11\xe8\xe1I\xca2\xcc\xf8\xaf\x82\x12\xdf\x17\xaeN\x1e'
11E8E149-CA32-CCF8-AF82-12DF17AE4E1E,2014-ncaa-d0-natl,ncaa,273,173,347,256,347,327,321,343,125,297,330,79,278,267,269,136,322,334,82,334,233,343,344,145,145,172,222,188,227,325,227,335,313,338,265,316,248,30,243,246,229,122,119,49,,,10,86,,,199,345,210,260,220,200,247,170,233,207,161,237,271,268,269,257,257,227,255,252,209,115,51,,111,,,202,9,9,13,86,6,5,113,144,163,108,320,30,20,246,19,165,7,6,108,110,131,292,301,143,121,313,5,227,15,265,65,296,325,216,245,50,245,23,115,,,341,232,,,199,5,200,201,200,170,164,259,106,119,286,324,144,127,131,237,218,322,132,252,255,198,217,88,,274,,,b'\x11\xe8\xe1I\xca2\xcc\xf8\xaf\x82\x12\xdf\x17\xaeN\x1e'
11E8E149-CA32-CCF8-AF82-12DF17AE4E1E,2014-ncaa-d1-conf-Summit League,ncaa,7,6,8,7,8,8,8,8,7,7,6,7,8,7,8,6,7,7,6,7,7,8,8,7,7,7,6,7,6,7,6,7,8,7,7,8,8,4,8,8,3,1,1,1,,,2,2,,,7,8,7,6,8,8,8,6,4,8,7,7,7,7,8,7,6,6,7,8,7,1,1,,2,,,7,1,3,2,3,1,1,1,6,5,7,8,1,2,3,1,2,1,1,3,3,3,8,7,2,7,8,2,6,4,7,5,8,5,3,4,2,6,6,5,,,7,7,,,7,1,7,3,7,3,3,5,3,3,7,8,2,2,2,3,5,8,5,7,7,3,4,7,,7,,,b'\x11\xe8\xe1I\xca2\xcc\xf8\xaf\x82\x12\xdf\x17\xaeN\x1e'
11E8E149-CA32-CCF8-AF82-12DF17AE4E1E,2014-ncaa-d1-natl,ncaa,230,171,333,220,339,262,237,317,65,207,287,41,215,202,209,121,294,321,66,320,262,321,327,72,81,105,231,168,272,287,182,288,298,303,216,266,255,60,201,197,185,129,59,28,,,28,83,,,142,332,200,263,157,111,207,123,223,162,144,249,290,287,241,240,240,183,220,214,168,120,28,,108,,,136,24,33,80,60,14,26,77,220,245,123,318,55,45,244,47,126,54,38,89,82,117,301,314,128,217,298,9,182,43,216,133,297,287,230,251,108,236,29,80,,,336,282,,,142,19,120,176,130,158,148,272,90,140,299,324,125,105,106,247,221,320,89,204,251,211,212,61,,301,,,b'\x11\xe8\xe1I\xca2\xcc\xf8\xaf\x82\x12\xdf\x17\xaeN\x1e'
11E8E149-CA32-CCF8-AF82-12DF17AE4E1E,2015-ncaa-d0-natl,ncaa,282,238,338,275,344,331,322,342,203,312,330,151,265,263,265,148,318,332,92,332,234,346,347,199,199,223,201,189,187,345,322,317,276,342,306,287,129,43,241,199,291,242,75,37,,,38,165,,,267,341,205,283,280,268,285,228,260,219,189,259,283,284,303,300,325,177,299,205,184,232,30,,183,,,274,25,27,40,90,42,59,96,81,86,128,175,91,61,310,65,134,29,17,94,106,185,184,171,209,118,276,28,322,39,306,62,195,337,301,280,44,188,172,297,,,342,221,,,267,9,274,230,271,198,196,285,191,267,190,208,219,183,185,286,191,289,200,247,195,287,151,276,,286,,,b'\x11\xe8\xe1I\xca2\xcc\xf8\xaf\x82\x12\xdf\x17\xaeN\x1e'
11E8E149-CA32-CCF8-AF82-12DF17AE4E1E,2015-ncaa-d1-conf-Summit League,ncaa,7,7,9,7,9,9,9,9,8,7,9,3,7,7,9,4,9,9,2,9,8,9,9,8,8,8,7,5,8,9,9,8,8,8,8,6,4,5,9,6,8,8,2,2,,,2,2,,,8,9,9,1,9,9,9,7,8,7,6,9,9,9,9,9,9,7,8,4,8,8,2,,2,,,8,1,1,2,1,1,3,2,3,4,3,7,1,1,5,1,3,2,1,2,2,3,4,7,2,9,8,1,9,5,8,2,6,9,8,9,3,9,4,7,,,9,9,,,8,1,9,7,8,4,4,8,4,7,7,7,2,2,2,8,5,9,5,7,8,8,7,4,,9,,,b'\x11\xe8\xe1I\xca2\xcc\xf8\xaf\x82\x12\xdf\x17\xaeN\x1e'
11E8E149-CA32-CCF8-AF82-12DF17AE4E1E,2015-ncaa-d1-natl,ncaa,266,238,335,263,345,314,304,336,180,287,319,139,239,238,234,144,303,316,140,316,231,339,341,182,185,200,201,181,217,340,304,286,264,326,292,258,134,74,225,181,265,224,60,36,,,73,178,,,254,336,206,285,265,242,276,219,250,195,180,266,278,280,290,287,312,159,288,175,174,218,29,,199,,,265,46,48,76,64,52,89,71,127,148,130,209,126,106,273,113,158,65,26,81,91,178,231,217,212,168,264,45,304,76,292,99,208,326,298,272,65,188,182,282,,,329,216,,,254,18,250,221,251,184,170,283,152,249,216,237,217,191,193,283,197,288,185,237,194,286,153,253,,273,,,b'\x11\xe8\xe1I\xca2\xcc\xf8\xaf\x82\x12\xdf\x17\xaeN\x1e'
11E8E149-CA32-CCF8-AF82-12DF17AE4E1E,2016-ncaa-d0-natl,ncaa,196,156,287,192,307,250,246,321,98,268,323,78,156,169,133,81,266,291,83,289,145,321,329,82,86,110,120,105,220,340,303,238,206,313,245,244,184,44,191,162,313,285,39,33,,,6,22,,,202,315,253,172,187,193,280,232,302,115,113,227,264,263,293,309,335,130,288,209,123,292,15,,21,,,202,74,153,155,166,173,212,129,112,89,226,107,13,13,56,14,18,112,38,142,92,234,46,173,16,142,206,36,303,53,245,156,181,348,344,340,208,311,15,89,,,338,280,,,202,33,163,259,211,195,265,310,280,321,183,157,26,36,35,260,124,244,113,157,237,343,278,40,,323,,,b'\x11\xe8\xe1I\xca2\xcc\xf8\xaf\x82\x12\xdf\x17\xaeN\x1e'
11E8E149-CA32-CCF8-AF82-12DF17AE4E1E,2016-ncaa-d1-conf-Summit League,ncaa,5,6,3,6,4,4,4,7,3,5,7,3,4,4,3,3,6,7,2,7,4,7,6,3,2,4,4,3,5,8,7,4,6,4,6,4,4,9,7,4,8,8,1,2,,,1,1,,,5,4,6,8,6,5,8,7,9,4,5,6,7,7,8,8,8,4,6,6,7,8,1,,1,,,5,6,8,9,4,8,9,4,3,5,3,2,1,1,1,1,1,9,7,3,3,5,1,5,1,9,6,4,7,8,6,9,7,9,9,9,9,8,2,2,,,8,8,,,5,6,5,5,5,5,7,9,7,9,3,3,1,1,1,7,7,9,3,6,7,9,8,2,,9,,,b'\x11\xe8\xe1I\xca2\xcc\xf8\xaf\x82\x12\xdf\x17\xaeN\x1e'
11E8E149-CA32-CCF8-AF82-12DF17AE4E1E,2016-ncaa-d1-natl,ncaa,174,156,218,169,260,210,204,289,82,235,307,69,123,143,101,80,262,289,88,289,187,302,315,71,77,95,127,99,256,334,302,170,183,283,216,209,181,54,175,143,299,282,22,26,,,12,20,,,176,289,258,181,175,169,271,208,291,104,114,257,280,279,289,311,333,102,267,191,105,289,13,,17,,,176,107,176,224,119,190,254,96,137,136,189,127,18,22,93,20,20,176,62,109,64,202,65,181,31,173,183,60,302,80,216,183,197,349,345,339,220,299,14,73,,,336,306,,,176,51,148,225,182,171,231,303,247,311,177,167,34,38,38,248,108,227,107,147,223,344,247,26,,330,,,b'\x11\xe8\xe1I\xca2\xcc\xf8\xaf\x82\x12\xdf\x17\xaeN\x1e'
11E8E149-CA32-CCF8-AF82-12DF17AE4E1E,2017-ncaa-d0-natl,ncaa,184,152,234,181,280,163,146,260,41,231,328,31,39,72,22,22,333,341,97,340,301,288,310,16,25,40,56,15,346,314,243,226,83,283,132,84,48,51,147,50,282,243,247,245,,,45,118,,,160,296,267,268,104,86,223,213,325,16,40,335,340,338,278,302,304,164,267,32,93,273,241,,82,,,160,149,158,127,221,136,100,235,219,211,223,264,129,67,346,63,114,100,40,238,267,320,219,246,141,38,83,19,243,16,132,205,224,346,335,334,177,266,28,125,,,345,339,,,160,54,53,308,163,236,232,212,200,142,256,255,169,103,99,178,54,69,52,47,256,342,216,48,,345,,,b'\x11\xe8\xe1I\xca2\xcc\xf8\xaf\x82\x12\xdf\x17\xaeN\x1e'
11E8E149-CA32-CCF8-AF82-12DF17AE4E1E,2017-ncaa-d1-conf-Summit League,ncaa,5,5,3,5,4,3,2,2,2,4,8,2,2,2,3,1,8,9,5,9,6,3,4,2,2,4,4,1,9,5,6,3,5,4,4,2,2,5,3,3,5,6,5,5,,,7,6,,,5,4,4,5,4,2,2,7,7,2,2,9,9,9,5,6,7,5,6,2,3,6,5,,6,,,5,7,7,8,5,7,8,7,6,8,4,6,8,7,7,7,5,8,8,5,5,6,5,5,6,6,5,3,6,6,4,8,5,7,8,8,8,8,2,4,,,9,9,,,5,8,4,6,5,6,6,7,7,7,5,6,7,6,6,6,6,7,3,5,5,8,8,2,,9,,,b'\x11\xe8\xe1I\xca2\xcc\xf8\xaf\x82\x12\xdf\x17\xaeN\x1e'
11E8E149-CA32-CCF8-AF82-12DF17AE4E1E,2017-ncaa-d1-natl,ncaa,157,151,144,166,198,110,95,205,26,189,317,17,22,39,19,18,319,336,96,335,287,251,275,11,17,26,54,15,346,288,220,154,56,235,86,42,37,69,135,34,240,210,238,236,,,59,97,,,112,247,260,270,82,61,202,192,324,12,31,331,338,337,264,295,293,151,250,18,80,238,239,,66,,,112,186,186,178,207,168,126,236,220,236,160,272,147,79,346,70,104,150,70,213,239,309,202,229,139,37,56,23,220,14,86,216,209,336,325,323,206,261,34,124,,,342,344,,,112,107,38,279,108,212,214,195,193,128,240,255,153,98,91,164,56,46,40,31,216,337,218,43,,345,,,b'\x11\xe8\xe1I\xca2\xcc\xf8\xaf\x82\x12\xdf\x17\xaeN\x1e'
11E8E149-CA32-CCF8-AF82-12DF17AE4E1E,2018-ncaa-d0-natl,ncaa,266,189,343,245,346,332,329,341,212,329,341,116,234,193,283,63,314,317,186,318,126,343,347,193,195,226,110,114,186,332,297,337,247,344,290,324,225,39,236,245,317,268,315,277,,,4,50,,,311,344,142,278,240,227,219,255,297,138,71,229,231,230,239,229,288,246,297,249,218,258,284,,61,,,320,87,123,33,330,100,12,338,229,205,245,331,9,6,289,5,68,20,4,337,331,344,188,304,20,32,247,29,297,20,290,252,325,343,324,347,114,296,95,283,,,345,262,,,311,5,248,342,320,329,340,312,308,154,335,337,84,59,54,285,186,211,240,240,343,323,280,212,,272,,,b'\x11\xe8\xe1I\xca2\xcc\xf8\xaf\x82\x12\xdf\x17\xaeN\x1e'
11E8E149-CA32-CCF8-AF82-12DF17AE4E1E,2018-ncaa-d1-conf-Summit League,ncaa,6,6,5,6,6,7,7,6,7,7,6,6,8,6,8,6,8,7,8,5,6,6,5,7,7,7,7,7,4,3,3,7,8,7,8,7,6,6,6,7,6,6,5,5,,,3,4,,,7,6,3,2,7,7,4,7,4,8,6,8,6,5,4,3,3,7,6,7,6,6,5,,5,,,7,8,8,5,7,7,6,7,5,5,3,4,6,5,7,5,2,5,4,7,7,7,2,2,2,7,8,7,3,7,8,8,8,6,6,6,8,7,8,7,,,6,8,,,7,3,7,7,7,8,8,6,7,7,6,5,6,5,5,7,6,7,7,7,8,6,8,8,,6,,,b'\x11\xe8\xe1I\xca2\xcc\xf8\xaf\x82\x12\xdf\x17\xaeN\x1e'
11E8E149-CA32-CCF8-AF82-12DF17AE4E1E,2018-ncaa-d1-natl,ncaa,231,188,338,221,342,285,280,321,162,285,333,76,179,130,260,55,293,299,194,301,142,323,340,136,149,174,117,107,238,315,267,321,229,334,255,269,213,86,230,219,272,229,302,279,,,6,34,,,296,337,162,279,206,195,217,234,298,112,69,245,239,246,239,236,275,236,282,214,209,229,282,,42,,,305,174,227,100,327,159,27,336,289,281,255,333,18,15,293,13,71,55,14,335,329,341,208,315,22,79,229,60,267,48,255,290,305,337,315,344,181,290,101,247,,,337,293,,,296,13,204,338,302,322,334,297,289,138,333,337,80,53,51,262,168,190,197,202,342,307,274,182,,302,,,b'\x11\xe8\xe1I\xca2\xcc\xf8\xaf\x82\x12\xdf\x17\xaeN\x1e'
11E8E149-CA32-CCF8-AF82-12DF17AE4E1E,2019-ncaa-d0-natl,ncaa,310,283,321,310,333,323,323,327,286,322,311,275,256,245,262,149,294,307,163,306,194,331,334,277,270,269,152,156,155,301,251,276,98,300,177,337,275,87,240,287,314,266,251,210,,,18,99,,,301,332,240,342,295,298,277,281,251,210,178,245,252,251,286,272,253,146,201,315,218,271,226,,82,,,303,72,110,53,263,71,23,286,236,204,269,308,27,24,164,24,100,29,13,289,276,315,231,307,47,27,98,46,251,26,177,244,327,343,315,344,280,335,281,336,,,338,285,,,301,21,275,300,305,251,271,228,205,106,321,308,75,80,77,180,94,91,183,147,325,320,327,325,,312,,,b'\x11\xe8\xe1I\xca2\xcc\xf8\xaf\x82\x12\xdf\x17\xaeN\x1e'
11E8E149-CA32-CCF8-AF82-12DF17AE4E1E,2019-ncaa-d1-conf-Summit League,ncaa,9,8,9,9,9,9,9,8,9,9,8,9,6,6,9,4,9,9,7,9,9,8,8,9,9,9,4,4,6,7,7,8,5,8,5,9,8,6,7,8,8,6,7,7,,,3,4,,,7,9,7,9,7,8,7,7,6,6,6,7,8,8,7,7,7,4,5,8,6,6,7,,4,,,8,2,4,1,7,5,3,6,3,4,7,5,2,2,4,1,3,1,1,7,6,8,3,6,3,2,5,3,7,1,5,8,9,8,7,8,8,9,8,8,,,9,9,,,7,1,9,7,7,5,7,7,6,5,7,5,4,4,4,6,3,6,6,5,8,7,9,8,,9,,,b'\x11\xe8\xe1I\xca2\xcc\xf8\xaf\x82\x12\xdf\x17\xaeN\x1e'
11E8E149-CA32-CCF8-AF82-12DF17AE4E1E,2019-ncaa-d1-natl,ncaa,294,282,314,296,337,297,292,307,258,285,282,223,247,219,272,153,286,295,163,293,215,317,330,247,247,248,198,180,200,285,247,231,71,273,165,314,272,92,204,258,286,253,247,215,,,20,76,,,273,329,245,342,277,266,246,251,229,215,176,260,265,265,268,273,247,124,191,290,180,266,223,,58,,,276,85,130,84,247,87,40,258,264,237,273,304,30,28,165,25,84,44,16,275,252,296,228,310,43,29,71,65,247,26,165,274,326,329,301,341,273,333,306,334,,,342,313,,,273,24,260,281,275,219,247,211,181,107,315,299,59,60,54,158,85,78,179,131,322,310,315,332,,331,,,b'\x11\xe8\xe1I\xca2\xcc\xf8\xaf\x82\x12\xdf\x17\xaeN\x1e'
11E8E149-CA32-CCF8-AF82-12DF17AE4E1E,2020-ncaa-d0-natl,ncaa,322,314,260,323,300,309,280,297,220,228,275,139,273,224,329,152,319,323,204,324,303,314,282,247,261,290,278,221,285,281,255,218,100,258,174,250,161,271,320,278,306,298,140,142,,,177,268,,,322,277,163,210,293,251,266,204,238,263,188,315,317,317,295,233,259,144,214,230,307,292,126,,245,,,323,220,202,109,283,226,179,254,118,85,275,80,276,260,278,258,249,134,63,268,289,330,153,104,265,53,100,107,255,76,174,70,33,321,314,242,303,336,289,325,,,325,307,,,322,81,303,304,323,291,276,206,282,251,167,108,304,287,287,250,147,97,180,146,94,311,322,315,,311,,,b'\x11\xe8\xe1I\xca2\xcc\xf8\xaf\x82\x12\xdf\x17\xaeN\x1e'
11E8E149-CA32-CCF8-AF82-12DF17AE4E1E,2020-ncaa-d1-conf-Summit League,ncaa,8,8,5,8,7,8,8,8,6,6,7,4,9,8,9,3,8,8,5,8,9,8,8,8,8,8,9,8,9,7,7,8,6,8,7,8,4,7,8,7,8,8,3,3,,,5,8,,,8,8,7,4,8,8,7,6,7,9,8,9,9,9,8,8,8,8,8,7,8,8,3,,7,,,8,3,3,2,7,4,4,6,4,3,8,3,7,7,4,7,8,3,2,7,6,8,4,4,8,3,6,5,7,3,7,4,3,7,8,7,8,7,6,5,,,8,9,,,8,2,8,8,8,4,4,3,4,4,6,3,7,8,8,3,3,4,5,5,5,8,8,7,,9,,,b'\x11\xe8\xe1I\xca2\xcc\xf8\xaf\x82\x12\xdf\x17\xaeN\x1e'
11E8E149-CA32-CCF8-AF82-12DF17AE4E1E,2020-ncaa-d1-natl,ncaa,313,314,128,314,227,258,214,228,194,175,231,111,249,165,326,137,309,320,185,320,310,267,213,223,245,273,278,208,296,250,251,119,61,192,149,196,162,294,309,269,268,274,110,125,,,243,261,,,304,171,135,244,272,216,236,180,227,248,170,315,319,319,271,196,252,109,187,197,301,269,104,,242,,,305,266,247,195,258,263,242,227,141,91,251,70,312,291,272,288,251,221,147,239,270,309,155,90,275,63,61,181,251,130,149,85,25,293,299,214,319,332,309,321,,,317,325,,,304,186,290,289,301,279,263,206,273,255,150,98,309,291,289,252,165,74,194,136,87,299,320,312,,319,,,b'\x11\xe8\xe1I\xca2\xcc\xf8\xaf\x82\x12\xdf\x17\xaeN\x1e'
11E8E149-CA32-CCF8-AF82-12DF17AE4E1E,2021-ncaa-d0-natl,ncaa,225,227,219,238,227,231,241,267,134,243,264,120,194,213,153,129,194,205,132,201,74,263,264,125,110,130,110,150,99,310,321,241,111,275,264,249,229,87,192,198,282,276,240,159,,,145,282,,,262,250,269,60,228,241,314,241,284,171,187,143,168,160,294,316,327,217,315,245,129,288,230,,228,,,260,133,117,101,229,71,56,221,306,260,322,338,137,129,215,132,299,95,91,307,307,315,338,339,139,84,111,110,321,91,264,157,238,259,236,271,95,169,118,208,,,218,60,,,262,93,193,297,261,238,173,121,36,7,337,329,184,178,187,115,71,75,163,108,221,259,125,150,,152,,,b'\x11\xe8\xe1I\xca2\xcc\xf8\xaf\x82\x12\xdf\x17\xaeN\x1e'
11E8E149-CA32-CCF8-AF82-12DF17AE4E1E,2021-ncaa-d1-conf-Summit League,ncaa,6,4,6,6,6,8,7,8,2,5,6,2,8,9,6,7,7,7,6,7,6,8,8,2,2,4,7,7,6,9,6,8,6,8,5,7,5,5,9,6,8,8,7,4,,,4,4,,,6,7,9,4,9,6,9,4,6,8,9,8,7,7,9,9,9,7,8,6,6,8,7,,3,,,6,4,4,3,5,2,1,5,9,7,9,9,3,2,7,2,5,3,3,7,7,7,8,9,2,4,6,1,6,2,5,8,9,8,7,8,6,9,2,3,,,7,3,,,6,3,5,7,6,4,6,5,2,1,9,8,4,2,2,4,3,6,3,4,7,7,9,2,,8,,,b'\x11\xe8\xe1I\xca2\xcc\xf8\xaf\x82\x12\xdf\x17\xaeN\x1e'
11E8E149-CA32-CCF8-AF82-12DF17AE4E1E,2021-ncaa-d1-natl,ncaa,230,225,231,246,239,242,254,273,135,257,275,124,198,219,153,133,203,220,132,217,71,270,274,125,112,133,108,151,96,310,324,248,119,284,272,261,231,80,197,205,289,280,247,161,,,128,286,,,269,262,273,57,234,251,319,249,287,173,194,141,170,163,296,319,329,222,317,254,128,291,233,,227,,,269,127,108,91,236,64,46,225,301,249,327,338,125,120,221,122,298,91,81,308,309,316,338,339,142,71,119,104,324,87,272,140,239,270,245,276,85,174,115,216,,,230,64,,,269,84,196,303,269,246,179,128,36,7,338,330,185,181,190,121,70,79,166,111,224,268,124,153,,152,,,b'\x11\xe8\xe1I\xca2\xcc\xf8\xaf\x82\x12\xdf\x17\xaeN\x1e'
11E8E149-CA32-CCF8-AF82-12DF17AE4E1E,2022-ncaa-d0-natl,ncaa,305,266,319,303,329,336,330,343,239,290,291,236,334,333,294,286,295,312,107,309,246,343,344,265,261,272,288,290,117,342,318,329,167,345,279,318,228,73,274,273,272,178,289,211,,,67,270,,,290,338,256,171,317,307,320,211,175,316,315,232,257,246,314,312,325,265,333,288,224,195,263,,239,,,299,43,38,21,221,13,8,215,258,181,320,337,87,44,349,49,267,19,18,287,296,269,345,340,195,22,167,36,318,24,279,95,276,272,116,198,156,320,190,283,,,310,106,,,290,21,304,257,297,203,156,94,54,24,336,311,209,138,150,95,104,113,215,164,224,143,279,294,,195,,,b'\x11\xe8\xe1I\xca2\xcc\xf8\xaf\x82\x12\xdf\x17\xaeN\x1e'
11E8E149-CA32-CCF8-AF82-12DF17AE4E1E,2022-ncaa-d1-conf-Summit League,ncaa,10,8,10,10,10,10,10,10,7,7,6,9,10,10,8,9,9,9,6,9,9,10,10,8,10,9,9,8,6,8,7,10,9,10,8,10,8,3,9,9,5,4,8,6,,,5,10,,,7,10,9,6,9,9,8,6,4,10,9,9,9,9,9,9,7,10,10,10,7,5,8,,10,,,7,2,2,1,4,1,1,4,7,6,9,10,3,3,7,3,10,1,1,7,7,4,10,10,7,5,9,2,7,3,8,1,9,5,2,4,4,8,4,3,,,9,7,,,7,1,9,4,7,4,3,3,3,2,9,8,5,5,5,3,6,7,7,7,8,3,8,6,,8,,,b'\x11\xe8\xe1I\xca2\xcc\xf8\xaf\x82\x12\xdf\x17\xaeN\x1e'
11E8E149-CA32-CCF8-AF82-12DF17AE4E1E,2022-ncaa-d1-natl,ncaa,305,266,326,304,334,337,336,347,230,300,292,239,329,335,284,290,283,302,93,297,229,346,345,268,252,272,281,289,94,346,320,323,153,347,276,329,250,84,286,288,258,152,301,216,,,64,260,,,293,341,242,172,313,306,323,210,178,313,320,206,242,234,316,312,327,256,333,290,231,165,275,,235,,,299,48,35,18,222,9,6,217,278,201,322,340,101,54,344,62,277,19,16,288,299,273,347,340,198,20,153,33,320,17,276,110,278,263,115,193,173,324,208,288,,,307,103,,,293,18,300,254,294,205,157,95,49,22,341,322,217,142,169,100,111,111,205,157,228,142,291,298,,191,,,b'\x11\xe8\xe1I\xca2\xcc\xf8\xaf\x82\x12\xdf\x17\xaeN\x1e'
11E8E149-CA32-CCF8-AF82-12DF17AE4E1E,2023-ncaa-d0-natl,ncaa,195,203,164,209,168,180,204,218,182,187,228,140,212,191,265,161,81,140,18,138,87,206,219,190,144,149,154,224,50,344,354,189,143,287,306,228,246,136,172,210,218,223,354,357,,,176,185,,,297,151,143,33,165,223,248,189,226,209,174,68,129,128,224,234,348,186,313,244,158,211,355,,198,,,293,304,298,207,316,217,118,306,334,298,343,310,212,176,308,180,223,202,180,332,335,341,296,314,120,97,143,276,354,215,306,278,194,220,236,288,263,291,214,238,,,106,37,,,297,210,209,332,288,328,319,255,238,111,346,317,226,188,193,251,221,109,296,249,293,213,274,228,,81,,,b'\x11\xe8\xe1I\xca2\xcc\xf8\xaf\x82\x12\xdf\x17\xaeN\x1e'
11E8E149-CA32-CCF8-AF82-12DF17AE4E1E,2023-ncaa-d1-conf-Summit League,ncaa,4,5,1,5,1,5,5,7,5,6,6,3,8,7,7,7,3,5,2,5,6,7,6,5,3,6,8,8,3,10,10,2,4,6,8,7,7,7,8,9,7,7,10,10,,,4,4,,,8,4,7,1,7,6,9,6,6,9,9,7,8,8,9,9,10,6,10,9,6,7,10,,2,,,7,8,8,8,5,6,7,3,9,7,10,7,6,5,6,5,4,8,8,7,5,6,7,9,3,6,4,8,10,7,8,8,5,8,7,7,10,10,7,6,,,4,5,,,8,7,7,6,6,5,6,6,4,4,8,6,3,4,4,5,5,6,6,5,6,8,10,6,,7,,,b'\x11\xe8\xe1I\xca2\xcc\xf8\xaf\x82\x12\xdf\x17\xaeN\x1e'
11E8E149-CA32-CCF8-AF82-12DF17AE4E1E,2023-ncaa-d1-natl,ncaa,185,203,103,203,105,133,171,157,185,169,193,149,182,147,242,149,61,121,14,120,85,149,146,182,139,141,130,201,51,338,352,129,105,232,286,207,247,181,170,211,168,196,355,359,,,223,178,,,281,93,111,36,154,212,239,188,224,195,153,61,128,127,210,211,344,148,291,233,167,184,357,,199,,,277,322,315,267,294,241,158,282,341,318,336,315,235,194,306,199,212,261,257,321,321,324,302,323,119,110,105,318,352,270,286,294,191,172,210,271,292,288,220,228,,,78,52,,,281,268,200,307,268,314,304,257,212,110,346,322,214,182,185,253,234,96,296,241,277,202,277,214,,89,,,b'\x11\xe8\xe1I\xca2\xcc\xf8\xaf\x82\x12\xdf\x17\xaeN\x1e'
11E8E149-CA32-CCF8-AF82-12DF17AE4E1E,2024-ncaa-d0-natl,ncaa,319,323,258,327,265,142,205,252,138,228,219,205,161,243,33,235,14,15,113,18,3,190,221,127,84,83,48,194,7,342,347,324,303,342,354,245,275,88,131,207,196,212,358,360,,,276,286,,,323,165,29,78,69,163,212,199,170,136,210,2,5,6,96,111,335,324,350,228,150,159,358,,325,,,319,348,347,197,360,336,140,360,321,257,343,258,278,281,186,286,296,219,202,360,360,359,181,221,133,192,303,240,347,222,354,317,180,185,207,308,93,130,165,203,,,21,1,,,323,212,135,358,307,358,358,308,354,222,347,326,311,312,314,328,329,247,313,305,347,136,148,204,,2,,,b'\x11\xe8\xe1I\xca2\xcc\xf8\xaf\x82\x12\xdf\x17\xaeN\x1e'
11E8E149-CA32-CCF8-AF82-12DF17AE4E1E,2024-ncaa-d1-conf-Summit League,ncaa,8,8,3,8,3,4,7,7,8,7,6,9,5,7,3,6,1,1,7,1,1,4,5,7,6,6,3,5,1,8,9,7,9,8,9,7,5,6,5,7,2,3,9,9,,,6,5,,,8,3,3,1,4,9,8,7,6,5,7,1,1,1,4,5,8,8,8,8,5,2,9,,7,,,7,9,9,9,8,9,8,9,8,7,6,5,6,6,5,6,6,9,8,8,8,7,7,5,5,9,9,8,9,8,9,9,7,2,2,5,6,6,5,7,,,1,1,,,8,7,6,7,7,8,9,8,8,6,8,8,6,6,6,8,7,8,8,8,9,2,6,6,,1,,,b'\x11\xe8\xe1I\xca2\xcc\xf8\xaf\x82\x12\xdf\x17\xaeN\x1e'
11E8E149-CA32-CCF8-AF82-12DF17AE4E1E,2024-ncaa-d1-natl,ncaa,309,325,194,319,208,110,175,208,133,189,189,193,151,221,50,232,7,10,113,12,4,144,164,127,83,82,51,211,5,328,346,290,294,327,348,235,284,105,114,200,163,213,359,362,,,291,266,,,315,97,28,79,64,159,200,184,166,143,206,3,3,5,80,105,330,307,345,229,141,150,360,,320,,,313,358,356,257,362,349,182,362,336,297,343,263,301,292,205,297,290,272,271,362,362,361,184,228,126,214,294,298,346,279,348,337,177,152,202,291,127,136,164,178,,,12,1,,,315,270,130,361,301,361,360,310,356,230,348,324,309,303,307,328,331,238,322,307,347,132,151,186,,2,,,b'\x11\xe8\xe1I\xca2\xcc\xf8\xaf\x82\x12\xdf\x17\xaeN\x1e'
11E8E149-CA32-CCF8-AF82-12DF17AE4E1E,2025-ncaa-d0-natl,genius_ncaa,220,199,248,221,258,201,202,234,149,148,142,170,297,312,229,314,113,154,91,151,167,218,222,189,164,169,289,312,72,329,329,271,194,316,312,274,324,157,211,266,249,251,359,360,,,149,165,,191,305,180,46,88,143,145,169,82,83,292,308,63,101,97,152,119,317,239,308,258,231,218,360,,217,,245,305,295,329,188,360,344,219,361,154,151,169,149,123,126,139,122,123,181,172,357,354,350,21,67,49,106,194,204,329,162,312,288,148,205,195,275,275,295,186,162,,,90,24,,7,305,186,226,330,302,346,358,300,361,296,200,205,170,178,174,288,296,160,286,245,333,152,310,238,,25,,4,b'\x11\xe8\xe1I\xca2\xcc\xf8\xaf\x82\x12\xdf\x17\xaeN\x1e'
11E8E149-CA32-CCF8-AF82-12DF17AE4E1E,2025-ncaa-d1-conf-Summit League,genius_ncaa,7,7,3,7,4,7,5,4,7,4,3,7,9,8,7,7,6,6,5,6,8,4,4,8,7,9,7,7,4,6,8,4,8,6,7,4,6,7,7,7,4,6,9,9,,,3,2,,4,9,2,2,4,7,6,5,5,3,9,8,6,6,5,5,3,7,7,7,5,7,4,9,,3,,4,9,8,9,7,9,9,8,9,4,4,5,4,2,2,2,2,2,7,7,9,8,7,2,3,2,8,8,7,8,8,7,9,9,2,5,8,9,9,7,6,,,3,3,,1,9,8,9,7,9,9,9,8,9,7,4,5,3,2,2,8,7,8,7,8,9,3,9,8,,3,,1,b'\x11\xe8\xe1I\xca2\xcc\xf8\xaf\x82\x12\xdf\x17\xaeN\x1e'
11E8E149-CA32-CCF8-AF82-12DF17AE4E1E,2025-ncaa-d1-natl,genius_ncaa,193,199,172,204,183,142,140,168,140,103,93,175,273,285,193,308,90,134,73,129,190,161,153,178,164,161,282,305,88,294,314,216,139,263,282,242,322,192,187,253,198,234,356,359,,,189,162,,178,277,113,40,93,118,124,131,71,74,276,300,70,107,102,112,105,290,208,279,241,216,196,357,,207,,196,275,319,341,228,359,349,243,360,189,207,152,176,155,151,162,150,129,225,225,356,350,335,29,78,55,104,139,257,314,201,282,310,153,151,164,248,285,270,217,153,,,62,34,,5,277,251,203,314,271,337,354,285,357,275,205,224,171,167,169,274,296,119,295,236,324,133,299,242,,28,,4,b'\x11\xe8\xe1I\xca2\xcc\xf8\xaf\x82\x12\xdf\x17\xaeN\x1e'
11E8E149-CA32-CCF8-AF82-12DF17AE4E1E,2026-ncaa-d0-natl,genius_ncaa,332,346,116,332,142,259,282,223,337,301,254,334,186,141,283,89,194,158,298,155,71,217,162,329,329,343,46,83,74,222,286,191,337,209,331,285,238,354,353,352,283,340,183,203,,,213,135,,59,360,142,122,97,343,353,330,353,332,215,159,243,194,187,326,183,262,257,293,340,351,326,212,,191,,48,353,346,342,297,311,298,183,336,356,352,297,348,236,273,60,276,277,302,255,336,322,348,304,340,77,346,337,260,286,318,331,358,346,277,348,358,358,353,348,360,,,125,134,,268,360,212,346,355,354,352,350,346,294,141,362,360,221,264,267,348,313,345,257,334,361,333,350,338,,138,,286,b'\x11\xe8\xe1I\xca2\xcc\xf8\xaf\x82\x12\xdf\x17\xaeN\x1e'
11E8E149-CA32-CCF8-AF82-12DF17AE4E1E,2026-ncaa-d1-natl,genius_ncaa,332,345,85,347,117,256,283,206,346,325,263,342,135,98,234,71,192,157,289,154,81,202,123,322,326,342,22,52,103,203,276,171,334,189,328,272,186,355,348,348,307,349,188,219,,,235,138,,55,358,105,121,100,336,350,317,355,333,167,117,250,202,196,319,181,257,245,272,330,346,343,223,,193,,50,354,352,352,326,319,317,208,335,359,353,289,345,251,288,85,288,262,331,288,337,329,351,289,332,83,345,334,295,276,327,328,362,343,293,343,358,357,351,347,357,,,115,150,,268,358,251,347,353,355,347,348,348,300,151,361,359,222,256,255,346,299,340,264,330,359,335,347,346,,162,,289,b'\x11\xe8\xe1I\xca2\xcc\xf8\xaf\x82\x12\xdf\x17\xaeN\x1e'
11E8E149-CA37-2992-AF82-12DF17AE4E1E,2010-ncaa-d0-natl,ncaa,60,49,81,55,96,5,12,11,41,49,113,21,5,3,60,21,10,17,58,15,26,12,8,19,18,21,29,30,195,50,154,112,298,63,257,24,206,310,106,95,1,1,234,253,,,328,147,,,26,5,1,137,1,4,5,49,157,4,5,9,19,18,4,4,48,147,74,17,274,1,248,,322,,,23,338,331,309,254,305,224,325,324,338,90,309,320,317,209,318,298,320,341,281,287,116,252,236,210,331,298,332,154,337,257,344,337,1,9,90,204,47,322,294,,,50,286,,,26,340,22,114,38,336,324,323,286,157,310,335,305,307,305,330,343,320,310,329,340,1,160,309,,52,,,b'\x11\xe8\xe1I\xca7)\x92\xaf\x82\x12\xdf\x17\xaeN\x1e'
11E8E149-CA37-2992-AF82-12DF17AE4E1E,2010-ncaa-d1-conf-Summit League,ncaa,1,1,1,1,1,1,1,1,2,1,2,2,1,1,2,1,1,1,5,1,2,1,1,2,2,2,1,1,5,1,5,3,9,1,7,3,8,6,2,3,1,1,8,8,,,10,4,,,1,1,1,6,1,1,1,2,3,1,1,1,1,1,1,1,1,6,3,3,6,1,8,,10,,,1,10,10,10,6,9,7,9,9,10,3,9,10,10,2,10,10,10,10,5,5,3,8,7,8,10,9,10,5,10,7,10,10,1,1,3,2,1,8,6,,,1,9,,,1,10,1,3,2,8,8,9,6,3,7,10,7,9,9,8,10,9,10,10,9,1,1,6,,1,,,b'\x11\xe8\xe1I\xca7)\x92\xaf\x82\x12\xdf\x17\xaeN\x1e'
11E8E149-CA37-2992-AF82-12DF17AE4E1E,2010-ncaa-d1-natl,ncaa,46,49,53,49,70,3,11,8,40,42,100,19,4,2,64,23,10,12,54,12,25,7,3,19,18,21,31,36,186,45,163,107,303,57,269,25,213,313,104,93,1,1,231,251,,,332,141,,,24,2,1,146,1,4,5,48,164,4,5,10,19,18,4,4,53,168,99,19,267,1,245,,318,,,23,341,336,320,268,313,237,325,332,339,117,312,324,319,231,319,297,328,344,298,302,124,267,256,201,335,303,337,163,340,269,344,337,1,6,93,211,45,321,280,,,34,282,,,24,344,22,115,40,334,326,318,276,141,320,337,303,295,296,328,343,318,313,331,340,1,151,294,,53,,,b'\x11\xe8\xe1I\xca7)\x92\xaf\x82\x12\xdf\x17\xaeN\x1e'
11E8E149-CA37-2992-AF82-12DF17AE4E1E,2011-ncaa-d0-natl,ncaa,58,60,43,61,56,9,9,5,23,11,20,18,11,18,63,120,38,58,20,60,243,8,7,22,20,21,193,132,266,35,90,45,166,30,106,47,320,300,75,119,2,7,195,233,,,310,97,,,44,4,4,141,2,2,3,6,19,17,21,44,92,94,2,3,49,66,32,57,235,1,228,,262,,,43,343,342,326,309,321,275,300,342,340,331,327,253,258,166,263,203,332,339,335,323,267,311,334,58,300,166,319,90,325,106,342,320,10,42,203,263,82,272,123,,,77,332,,,44,340,17,242,63,333,334,323,270,191,342,340,194,199,201,319,341,243,247,256,336,5,207,228,,161,,,b'\x11\xe8\xe1I\xca7)\x92\xaf\x82\x12\xdf\x17\xaeN\x1e'
11E8E149-CA37-2992-AF82-12DF17AE4E1E,2011-ncaa-d1-conf-Summit League,ncaa,1,1,3,1,3,1,1,1,1,1,1,1,3,1,5,4,1,3,1,3,6,1,1,2,2,2,6,5,8,1,2,3,9,1,4,3,10,7,3,6,1,1,7,6,,,9,5,,,1,1,1,2,1,1,1,1,1,3,1,2,2,3,1,1,2,5,1,3,7,1,7,,7,,,1,9,9,10,7,7,4,7,10,10,9,10,7,7,2,7,8,10,10,9,7,4,10,10,5,9,9,8,2,10,4,10,10,1,1,3,4,2,9,3,,,2,10,,,1,10,1,4,3,9,9,8,4,2,10,10,7,7,7,8,10,8,8,8,9,1,5,8,,4,,,b'\x11\xe8\xe1I\xca7)\x92\xaf\x82\x12\xdf\x17\xaeN\x1e'
11E8E149-CA37-2992-AF82-12DF17AE4E1E,2011-ncaa-d1-natl,ncaa,54,57,28,59,34,8,8,4,23,11,17,18,8,13,57,106,28,48,21,52,230,6,4,22,18,21,170,119,260,30,98,34,170,24,121,38,321,303,83,124,2,3,203,238,,,323,99,,,37,3,4,144,2,2,3,6,25,15,19,46,90,92,2,3,54,79,39,63,233,1,243,,261,,,40,343,342,332,314,328,278,309,343,341,332,327,252,258,153,258,198,335,341,337,328,266,306,334,50,311,170,332,98,330,121,342,321,6,37,201,265,79,271,117,,,74,332,,,37,341,17,236,63,335,335,323,268,179,342,340,178,194,193,316,341,242,248,256,337,5,196,218,,172,,,b'\x11\xe8\xe1I\xca7)\x92\xaf\x82\x12\xdf\x17\xaeN\x1e'
11E8E149-CA37-2992-AF82-12DF17AE4E1E,2012-ncaa-d0-natl,ncaa,106,73,163,84,177,67,49,82,39,59,91,45,90,124,71,145,179,259,9,262,321,101,107,43,41,42,223,144,293,219,257,224,233,227,269,62,172,160,120,74,6,3,200,150,,,281,251,,,91,76,10,99,20,14,21,29,60,82,107,171,271,272,38,36,213,225,230,35,187,1,205,,306,,,83,239,192,161,237,78,38,259,335,324,284,334,218,201,223,199,303,172,254,296,295,174,337,335,171,182,233,251,257,220,269,324,337,22,17,129,59,46,123,74,,,268,324,,,91,267,75,155,96,271,222,190,101,29,335,338,241,232,232,206,322,215,277,264,330,3,89,138,,274,,,b'\x11\xe8\xe1I\xca7)\x92\xaf\x82\x12\xdf\x17\xaeN\x1e'
11E8E149-CA37-2992-AF82-12DF17AE4E1E,2012-ncaa-d1-conf-Summit League,ncaa,2,2,4,2,5,4,3,4,2,2,2,2,5,5,2,5,7,8,3,8,8,4,4,2,2,2,6,5,8,4,5,6,7,4,6,4,4,3,2,3,1,1,5,4,,,5,4,,,2,4,1,3,2,1,2,1,2,5,5,7,8,8,2,2,3,5,5,2,5,1,5,,5,,,2,4,3,4,2,1,1,1,8,8,6,8,3,3,5,3,5,5,5,5,4,1,8,8,4,8,7,6,5,6,6,7,8,1,1,1,1,1,2,1,,,7,8,,,2,5,2,2,2,4,3,5,1,1,8,8,3,4,4,5,8,8,7,8,8,1,1,3,,7,,,b'\x11\xe8\xe1I\xca7)\x92\xaf\x82\x12\xdf\x17\xaeN\x1e'
11E8E149-CA37-2992-AF82-12DF17AE4E1E,2012-ncaa-d1-natl,ncaa,90,72,137,84,153,52,37,56,38,43,76,43,90,116,74,145,160,263,7,263,320,79,78,46,42,39,225,148,291,197,237,218,238,217,269,54,175,172,116,72,4,3,201,153,,,292,248,,,78,59,13,109,20,13,20,27,61,86,107,175,274,274,37,38,197,240,233,34,188,1,208,,307,,,75,259,215,174,234,83,36,260,335,331,275,333,225,220,206,222,304,187,284,295,294,168,336,333,165,201,238,268,237,252,269,328,337,16,14,130,77,46,118,58,,,255,322,,,78,286,72,157,84,274,220,184,101,26,334,336,238,231,232,202,323,218,274,262,331,3,89,113,,270,,,b'\x11\xe8\xe1I\xca7)\x92\xaf\x82\x12\xdf\x17\xaeN\x1e'
11E8E149-CA37-2992-AF82-12DF17AE4E1E,2013-ncaa-d0-natl,ncaa,128,105,183,123,218,104,96,173,32,129,194,57,65,146,10,133,185,228,73,231,213,186,205,26,29,35,124,89,272,267,230,245,209,270,222,145,248,89,132,110,119,95,102,65,,,198,234,,,95,181,133,179,42,47,139,96,179,52,122,174,221,225,161,189,261,241,270,115,117,103,88,,232,,,91,194,166,121,229,114,66,225,252,221,252,266,203,150,313,142,212,119,155,249,268,230,278,271,198,156,209,100,230,109,222,180,204,116,85,133,58,78,96,123,,,183,150,,,95,157,45,222,97,222,191,144,144,89,276,250,231,172,166,141,194,171,128,136,205,94,84,124,,172,,,b'\x11\xe8\xe1I\xca7)\x92\xaf\x82\x12\xdf\x17\xaeN\x1e'
11E8E149-CA37-2992-AF82-12DF17AE4E1E,2013-ncaa-d1-conf-Southland,ncaa,1,1,2,1,4,1,1,2,1,1,4,1,2,3,1,2,6,8,2,8,8,3,4,1,1,1,2,2,10,8,7,5,7,6,6,1,4,2,2,2,1,1,1,1,,,9,9,,,1,3,3,8,1,1,3,2,5,1,3,7,8,8,4,6,9,5,8,1,2,1,1,,9,,,1,5,2,5,2,2,3,4,8,9,2,10,10,9,10,8,10,5,8,3,4,2,10,9,10,7,7,5,7,7,6,1,5,2,2,1,2,2,4,3,,,8,9,,,1,7,1,2,1,2,1,2,1,1,7,7,9,7,6,2,7,7,3,5,1,2,2,4,,9,,,b'\x11\xe8\xe1I\xca7)\x92\xaf\x82\x12\xdf\x17\xaeN\x1e'
11E8E149-CA37-2992-AF82-12DF17AE4E1E,2013-ncaa-d1-natl,ncaa,121,104,136,117,178,80,73,154,23,108,185,45,55,136,6,131,179,222,65,223,211,169,190,15,20,27,125,88,276,263,229,221,205,265,223,125,246,105,124,104,102,81,100,64,,,223,240,,,73,158,141,189,35,35,149,86,182,47,124,173,220,224,164,195,269,246,277,99,113,89,89,,232,,,68,197,159,140,213,110,76,219,263,244,224,274,222,166,315,158,220,135,186,238,259,203,285,271,214,171,205,96,229,116,223,187,215,97,70,117,63,74,106,122,,,165,149,,,73,187,40,193,77,208,168,122,116,67,272,261,232,173,164,124,189,166,108,123,196,82,76,116,,176,,,b'\x11\xe8\xe1I\xca7)\x92\xaf\x82\x12\xdf\x17\xaeN\x1e'
11E8E149-CA37-2992-AF82-12DF17AE4E1E,2013-ncaa-d1-ncaatournament,ncaa,33,2,33,33,35,39,40,42,49,47,44,54,36,39,31,22,41,39,44,39,19,39,38,45,43,48,15,20,19,37,22,49,57,46,48,51,53,26,47,59,38,28,15,1,,,12,20,,,53,36,2,7,34,36,13,44,30,17,16,23,19,19,11,6,11,48,31,50,58,22,1,,30,,,56,27,18,25,38,15,21,34,23,23,41,30,40,34,53,34,50,28,30,37,48,42,43,27,56,30,57,16,22,26,48,24,49,34,19,34,27,45,43,60,,,43,45,,,53,30,45,53,54,58,49,49,41,47,39,35,63,57,57,55,62,54,47,56,55,9,54,60,,28,,,b'\x11\xe8\xe1I\xca7)\x92\xaf\x82\x12\xdf\x17\xaeN\x1e'
11E8E149-CA37-2992-AF82-12DF17AE4E1E,2014-ncaa-d0-natl,ncaa,288,263,297,287,316,298,281,323,146,282,298,157,191,220,105,127,312,315,202,316,241,328,316,133,156,236,153,117,264,311,264,308,309,324,290,333,342,226,323,332,244,219,119,79,,,142,250,,,288,310,171,174,265,235,284,235,258,147,168,286,287,287,297,241,281,268,304,330,304,208,85,,261,,,294,118,85,75,187,47,53,138,252,184,322,244,175,144,291,148,253,76,70,228,251,259,318,296,221,203,309,43,264,89,290,163,260,258,215,244,261,322,50,132,,,318,236,,,288,43,267,294,296,268,224,227,141,154,315,272,259,232,238,244,224,297,156,239,257,194,313,84,,264,,,b'\x11\xe8\xe1I\xca7)\x92\xaf\x82\x12\xdf\x17\xaeN\x1e'
11E8E149-CA37-2992-AF82-12DF17AE4E1E,2014-ncaa-d1-conf-Southland,ncaa,9,10,5,10,8,9,8,9,5,8,8,6,8,9,1,8,10,10,4,10,11,10,10,3,4,6,8,7,11,10,10,5,9,9,8,12,14,10,12,13,6,9,1,1,,,11,10,,,9,10,7,7,9,7,10,6,8,6,9,9,12,12,10,11,11,5,8,13,9,7,1,,12,,,9,10,5,8,2,3,5,1,11,10,9,9,12,12,9,12,14,9,7,3,5,7,14,11,13,12,9,8,10,8,8,6,8,8,11,9,11,11,3,2,,,11,8,,,9,6,9,10,9,9,4,10,4,6,12,11,12,12,12,11,8,10,7,8,6,7,11,2,,13,,,b'\x11\xe8\xe1I\xca7)\x92\xaf\x82\x12\xdf\x17\xaeN\x1e'
11E8E149-CA37-2992-AF82-12DF17AE4E1E,2014-ncaa-d1-natl,ncaa,279,262,307,279,321,284,276,318,152,275,290,181,169,202,81,128,290,297,195,298,216,318,310,129,152,228,130,98,250,310,261,292,306,321,289,329,337,240,319,327,251,230,112,81,,,166,252,,,286,287,157,178,249,234,272,240,256,129,161,270,271,271,287,231,274,249,289,324,300,217,87,,263,,,288,149,111,102,172,56,63,145,273,218,304,259,188,157,301,159,246,100,82,218,244,260,319,296,219,217,306,64,261,117,289,174,245,252,227,245,265,325,57,138,,,311,229,,,286,62,261,290,287,270,229,237,142,153,319,288,255,230,237,257,234,297,163,246,257,203,315,90,,256,,,b'\x11\xe8\xe1I\xca7)\x92\xaf\x82\x12\xdf\x17\xaeN\x1e'
11E8E149-CA37-2992-AF82-12DF17AE4E1E,2015-ncaa-d0-natl,ncaa,151,189,79,169,108,149,141,191,106,91,90,167,270,301,99,310,97,116,95,106,189,169,117,155,142,209,277,293,80,159,132,27,91,51,41,254,316,334,313,318,316,338,13,32,,,254,220,,,215,104,191,283,222,210,286,122,120,293,319,118,152,134,274,206,206,14,50,297,304,338,11,,211,,,211,243,265,314,59,298,338,25,88,69,207,14,218,202,258,198,47,312,248,36,41,174,50,54,173,274,91,108,132,179,41,173,93,335,346,322,341,327,223,171,,,123,170,,,215,238,216,196,216,170,221,327,279,345,63,39,177,149,151,317,170,238,49,91,125,344,324,194,,173,,,b'\x11\xe8\xe1I\xca7)\x92\xaf\x82\x12\xdf\x17\xaeN\x1e'
11E8E149-CA37-2992-AF82-12DF17AE4E1E,2015-ncaa-d1-conf-Summit League,ncaa,3,3,3,3,3,5,5,7,4,4,3,6,9,9,3,9,4,4,7,3,4,5,3,6,6,6,9,9,1,3,3,1,4,3,2,9,9,9,8,9,9,9,1,1,,,6,7,,,5,4,7,1,7,7,8,4,2,9,9,4,3,3,6,6,3,1,1,9,9,9,1,,6,,,5,4,6,9,2,7,9,1,2,1,5,1,3,4,2,4,2,8,6,1,1,2,2,3,3,7,4,2,3,3,2,5,5,8,9,8,9,7,5,3,,,4,3,,,5,6,6,2,5,2,3,7,6,8,2,1,3,4,4,6,3,5,1,4,4,9,8,5,,4,,,b'\x11\xe8\xe1I\xca7)\x92\xaf\x82\x12\xdf\x17\xaeN\x1e'
11E8E149-CA37-2992-AF82-12DF17AE4E1E,2015-ncaa-d1-natl,ncaa,129,189,30,173,50,105,94,117,109,63,64,166,229,280,88,295,71,86,96,81,178,102,65,150,134,197,262,274,89,97,95,10,76,22,34,216,304,339,303,305,313,339,10,33,,,278,187,,,198,51,185,285,191,195,271,119,126,275,305,113,140,129,251,188,173,13,29,291,293,335,14,,190,,,197,288,299,334,48,314,347,23,143,119,242,26,222,213,252,213,45,333,301,37,40,172,68,81,154,293,76,145,95,225,34,210,97,322,345,315,344,327,251,182,,,90,192,,,198,293,196,189,201,165,216,327,261,343,90,56,157,135,131,310,166,228,49,84,123,344,326,205,,191,,,b'\x11\xe8\xe1I\xca7)\x92\xaf\x82\x12\xdf\x17\xaeN\x1e'
11E8E149-CA37-2992-AF82-12DF17AE4E1E,2016-ncaa-d0-natl,ncaa,196,156,287,192,294,309,296,296,246,291,295,247,191,205,164,131,336,305,342,307,248,310,319,230,267,240,166,109,306,318,314,184,61,268,227,338,340,40,166,291,243,185,162,143,,,104,250,,,220,314,257,93,287,253,231,252,239,165,156,325,279,280,258,286,296,70,177,336,114,204,135,,205,,,224,31,52,62,116,105,117,155,37,62,27,117,65,79,114,74,103,50,29,77,76,161,62,72,160,34,61,190,314,110,227,55,114,333,303,236,52,156,127,214,,,320,228,,,220,35,268,145,234,112,148,181,213,230,59,112,124,136,131,172,78,102,306,244,104,314,114,180,,282,,,b'\x11\xe8\xe1I\xca7)\x92\xaf\x82\x12\xdf\x17\xaeN\x1e'
11E8E149-CA37-2992-AF82-12DF17AE4E1E,2016-ncaa-d1-conf-Summit League,ncaa,3,4,3,4,3,7,6,4,8,4,4,8,6,6,6,7,8,6,9,6,7,4,5,8,9,8,7,7,7,5,6,3,2,3,3,9,9,3,4,9,6,5,4,4,,,5,6,,,4,5,8,7,8,7,7,6,4,6,7,8,6,6,7,7,6,1,3,9,4,6,4,,5,,,4,2,1,5,2,2,5,2,2,6,2,6,3,3,7,3,4,5,3,2,2,3,5,6,5,2,2,7,6,5,3,1,3,6,6,4,3,3,6,6,,,5,6,,,4,5,8,3,4,2,2,4,3,5,2,5,3,3,3,3,1,2,8,4,1,8,3,5,,6,,,b'\x11\xe8\xe1I\xca7)\x92\xaf\x82\x12\xdf\x17\xaeN\x1e'
11E8E149-CA37-2992-AF82-12DF17AE4E1E,2016-ncaa-d1-natl,ncaa,191,179,218,196,238,280,261,262,231,260,262,234,183,180,176,131,322,289,337,291,250,282,302,219,258,223,175,114,298,315,320,143,60,240,237,335,339,59,164,285,203,148,144,142,,,166,263,,,223,283,253,101,276,252,231,249,243,168,156,321,280,281,261,290,303,77,205,337,107,180,132,,217,,,224,58,81,111,125,145,153,165,48,84,31,122,103,104,129,95,121,97,46,87,85,163,75,82,170,56,60,263,320,176,237,79,123,314,292,228,62,139,129,191,,,300,239,,,223,63,263,148,230,112,140,173,199,212,67,125,141,150,141,162,76,97,304,240,113,306,96,160,,293,,,b'\x11\xe8\xe1I\xca7)\x92\xaf\x82\x12\xdf\x17\xaeN\x1e'
11E8E149-CA37-2992-AF82-12DF17AE4E1E,2017-ncaa-d0-natl,ncaa,197,152,291,198,293,265,240,265,184,158,132,219,324,327,255,315,247,271,140,273,314,269,301,249,245,209,320,316,168,267,268,284,55,298,204,325,340,35,107,251,161,92,317,315,,,45,146,,,214,301,213,40,217,178,158,91,39,315,315,198,223,228,184,222,232,218,247,317,101,111,309,,115,,,217,57,89,40,253,145,114,231,53,34,237,83,83,31,349,33,72,30,31,226,256,238,67,92,143,13,55,140,268,51,204,27,24,239,160,103,61,129,250,229,,,296,231,,,214,50,216,186,216,181,205,127,248,223,108,63,137,71,76,89,84,32,260,158,73,187,117,293,,248,,,b'\x11\xe8\xe1I\xca7)\x92\xaf\x82\x12\xdf\x17\xaeN\x1e'
11E8E149-CA37-2992-AF82-12DF17AE4E1E,2017-ncaa-d1-conf-Summit League,ncaa,6,6,5,6,5,8,8,5,9,3,1,9,8,8,8,9,6,6,6,6,8,5,6,9,9,9,8,8,2,2,2,7,3,6,5,9,9,7,6,9,2,2,8,8,,,2,5,,,6,7,6,3,8,8,4,3,1,8,9,5,5,5,3,3,1,6,5,9,8,2,8,,4,,,6,4,4,2,7,4,4,6,4,2,5,2,1,1,9,1,2,2,3,6,6,5,3,4,4,2,3,8,2,4,5,1,1,3,3,1,6,6,7,6,,,6,7,,,6,3,8,5,6,4,4,3,5,4,3,3,4,2,2,3,5,3,8,6,1,3,7,8,,7,,,b'\x11\xe8\xe1I\xca7)\x92\xaf\x82\x12\xdf\x17\xaeN\x1e'
11E8E149-CA37-2992-AF82-12DF17AE4E1E,2017-ncaa-d1-natl,ncaa,175,151,217,175,234,226,186,194,178,116,91,203,295,297,252,301,244,259,151,263,322,213,258,243,240,198,319,305,227,223,247,231,47,240,179,307,343,40,77,232,146,102,301,298,,,67,127,,,186,254,210,47,192,146,127,74,36,298,294,217,241,249,151,207,206,184,210,308,71,114,298,,100,,,187,86,123,87,219,162,151,190,84,56,213,111,97,35,349,37,65,52,51,192,221,203,78,116,136,18,47,215,247,93,179,33,22,214,162,94,76,116,282,228,,,289,273,,,186,97,200,150,185,149,189,143,223,213,119,88,117,64,64,95,92,32,260,159,59,187,110,294,,272,,,b'\x11\xe8\xe1I\xca7)\x92\xaf\x82\x12\xdf\x17\xaeN\x1e'
11E8E149-CA37-2992-AF82-12DF17AE4E1E,2018-ncaa-d0-natl,ncaa,170,112,295,148,309,223,187,300,37,146,219,69,216,311,26,257,315,311,241,314,316,312,325,51,68,80,284,195,317,330,300,168,5,281,77,236,301,47,169,164,273,223,296,276,,,9,75,,,125,318,230,180,146,89,223,76,133,184,278,300,293,297,263,293,325,67,198,198,114,249,289,,36,,,118,36,53,51,136,35,51,103,163,106,288,238,23,14,336,11,57,25,18,171,180,214,236,275,90,1,5,46,300,8,77,8,17,307,227,122,90,211,183,213,,,318,250,,,125,32,113,140,115,117,142,133,96,130,240,189,78,38,38,80,44,6,133,42,33,264,166,242,,293,,,b'\x11\xe8\xe1I\xca7)\x92\xaf\x82\x12\xdf\x17\xaeN\x1e'
11E8E149-CA37-2992-AF82-12DF17AE4E1E,2018-ncaa-d1-conf-Summit League,ncaa,4,4,3,4,3,5,4,5,3,2,1,5,5,8,1,8,6,5,6,5,8,5,6,4,5,4,8,8,8,7,6,3,2,4,4,6,7,3,4,4,5,4,7,7,,,5,5,,,4,5,6,2,5,4,5,2,1,7,8,7,7,7,5,6,6,5,4,6,4,5,7,,4,,,4,3,3,3,4,2,3,3,3,3,6,3,4,2,5,2,4,2,2,4,4,4,4,5,6,1,2,6,6,3,4,2,2,5,4,4,2,5,4,3,,,5,5,,,4,4,4,4,4,3,3,2,3,3,4,3,4,4,4,2,2,2,3,3,2,4,2,4,,5,,,b'\x11\xe8\xe1I\xca7)\x92\xaf\x82\x12\xdf\x17\xaeN\x1e'
11E8E149-CA37-2992-AF82-12DF17AE4E1E,2018-ncaa-d1-natl,ncaa,150,111,213,137,272,160,120,239,33,110,182,57,170,264,21,234,301,295,233,296,312,266,300,44,59,64,268,174,323,317,280,129,4,223,69,188,281,52,135,129,220,165,281,267,,,18,76,,,85,276,212,187,103,60,196,61,131,146,247,294,285,286,230,278,310,65,175,160,93,198,272,,40,,,76,41,58,74,108,41,70,78,185,142,261,233,51,22,337,21,65,39,33,133,141,162,251,269,115,2,4,75,280,14,69,7,15,250,189,80,112,189,225,223,,,285,231,,,85,74,89,93,75,94,108,118,72,107,223,188,89,43,40,73,55,7,132,41,23,228,151,252,,270,,,b'\x11\xe8\xe1I\xca7)\x92\xaf\x82\x12\xdf\x17\xaeN\x1e'
11E8E149-CA37-2992-AF82-12DF17AE4E1E,2019-ncaa-d0-natl,ncaa,146,109,249,138,290,134,172,225,130,318,323,212,17,41,3,14,229,269,74,269,98,234,289,47,51,44,2,4,275,294,297,268,180,295,279,213,246,15,65,99,159,113,329,324,,,272,332,,,168,277,153,338,78,119,130,319,324,6,13,200,244,241,161,245,283,240,287,176,46,123,330,,328,,,168,214,141,79,272,162,84,296,125,133,169,177,325,285,347,282,316,106,88,270,317,310,247,104,318,83,180,195,297,145,279,170,202,242,198,234,11,41,312,346,,,264,193,,,168,89,55,299,153,279,228,118,225,122,172,175,333,309,306,179,174,135,275,236,223,202,36,327,,221,,,b'\x11\xe8\xe1I\xca7)\x92\xaf\x82\x12\xdf\x17\xaeN\x1e'
11E8E149-CA37-2992-AF82-12DF17AE4E1E,2019-ncaa-d1-conf-Summit League,ncaa,3,3,3,3,4,5,5,4,5,7,6,7,1,1,1,1,7,7,6,7,7,6,6,4,5,5,1,1,9,5,6,5,6,5,6,5,6,1,3,4,5,4,9,8,,,8,8,,,4,6,6,7,5,5,4,9,8,1,2,8,9,9,6,6,4,8,6,6,3,5,9,,7,,,4,6,3,2,4,3,2,7,3,5,2,6,8,7,6,7,8,5,4,4,5,5,5,4,8,6,6,8,6,7,6,7,8,6,5,5,2,3,9,9,,,6,7,,,4,4,4,4,4,3,3,2,3,2,2,4,7,7,7,2,6,5,7,7,5,5,3,9,,7,,,b'\x11\xe8\xe1I\xca7)\x92\xaf\x82\x12\xdf\x17\xaeN\x1e'
11E8E149-CA37-2992-AF82-12DF17AE4E1E,2019-ncaa-d1-natl,ncaa,122,108,107,124,154,76,106,114,128,280,282,203,11,22,6,22,153,205,57,205,89,121,173,50,50,40,2,5,252,240,278,167,157,198,251,156,244,41,56,91,78,76,301,307,,,327,329,,,116,140,126,338,67,103,105,298,303,6,14,160,218,220,133,213,258,206,243,165,47,82,311,,327,,,113,262,193,160,231,199,157,255,155,174,142,155,334,314,327,315,312,212,211,230,277,263,238,95,321,155,157,289,278,251,251,207,191,132,154,169,31,40,331,345,,,203,205,,,116,222,49,241,108,246,168,107,193,123,126,156,325,308,308,165,187,123,271,230,185,148,37,334,,217,,,b'\x11\xe8\xe1I\xca7)\x92\xaf\x82\x12\xdf\x17\xaeN\x1e'
11E8E149-CA37-2992-AF82-12DF17AE4E1E,2020-ncaa-d0-natl,ncaa,197,195,191,205,239,137,191,161,236,222,188,261,114,136,93,149,31,71,27,70,87,141,133,209,146,164,53,129,32,174,189,91,31,123,100,268,296,214,180,266,163,162,297,308,,,233,242,,,217,121,45,237,108,186,108,223,172,103,118,24,71,66,79,67,167,51,73,272,225,156,295,,251,,,218,267,281,220,277,244,158,290,280,278,239,264,165,189,100,176,191,219,180,293,276,302,204,253,108,38,31,215,189,127,100,150,66,242,255,220,227,202,339,339,,,146,168,,,217,221,173,263,221,299,299,272,256,181,295,292,183,208,200,269,233,38,238,156,166,234,241,342,,119,,,b'\x11\xe8\xe1I\xca7)\x92\xaf\x82\x12\xdf\x17\xaeN\x1e'
11E8E149-CA37-2992-AF82-12DF17AE4E1E,2020-ncaa-d1-conf-Summit League,ncaa,3,3,3,3,4,4,4,5,4,5,4,6,5,7,3,8,1,3,3,3,3,5,5,4,4,3,4,4,3,5,6,1,1,3,3,6,7,6,5,5,4,4,8,8,,,6,6,,,3,4,4,5,5,4,5,5,4,5,7,3,4,4,5,4,5,1,2,8,4,5,8,,5,,,3,4,4,6,3,3,2,3,9,9,4,8,3,5,1,5,6,5,3,4,3,3,9,9,2,2,1,6,6,5,3,3,2,6,7,4,7,6,9,7,,,7,6,,,3,5,4,3,3,3,3,5,3,3,8,8,3,3,3,5,5,2,4,4,4,6,6,8,,7,,,b'\x11\xe8\xe1I\xca7)\x92\xaf\x82\x12\xdf\x17\xaeN\x1e'
11E8E149-CA37-2992-AF82-12DF17AE4E1E,2020-ncaa-d1-natl,ncaa,177,195,45,195,110,62,118,67,203,182,142,245,73,99,74,142,15,37,31,37,70,51,38,171,114,132,51,115,39,140,181,27,21,43,77,205,276,236,167,235,146,170,274,298,,,267,228,,,179,32,45,251,74,157,104,219,175,87,112,21,58,56,72,68,160,36,53,245,208,165,291,,240,,,180,305,304,293,256,274,218,282,302,313,200,270,183,208,89,195,167,295,283,270,253,286,192,251,92,49,21,269,181,186,77,188,67,207,253,207,251,182,344,337,,,76,162,,,179,322,143,246,183,287,290,277,249,181,289,300,164,188,182,268,236,40,227,142,157,234,227,341,,116,,,b'\x11\xe8\xe1I\xca7)\x92\xaf\x82\x12\xdf\x17\xaeN\x1e'
11E8E149-CA37-2992-AF82-12DF17AE4E1E,2021-ncaa-d0-natl,ncaa,265,276,219,286,223,212,249,197,308,278,230,327,121,141,90,108,152,138,252,140,42,189,195,270,267,256,22,48,56,260,318,218,277,240,327,282,301,152,180,289,218,253,220,220,,,236,290,,,333,178,11,56,174,263,94,307,184,66,79,69,44,46,65,45,268,161,234,299,232,204,197,,326,,,330,243,231,172,301,202,159,291,267,219,301,222,255,261,149,256,292,182,174,312,318,322,263,233,216,207,277,262,318,243,327,227,169,212,244,268,204,229,318,330,,,168,104,,,333,167,283,325,322,342,328,323,303,251,318,304,331,325,324,332,334,294,336,339,303,154,268,333,,53,,,b'\x11\xe8\xe1I\xca7)\x92\xaf\x82\x12\xdf\x17\xaeN\x1e'
11E8E149-CA37-2992-AF82-12DF17AE4E1E,2021-ncaa-d1-conf-Summit League,ncaa,8,4,9,8,9,9,9,9,8,9,8,9,6,8,1,5,8,8,7,8,4,9,9,8,8,8,3,4,5,8,8,9,8,9,9,9,7,3,5,7,7,5,8,7,,,3,6,,,9,9,1,3,5,9,3,6,3,4,4,4,4,4,2,2,5,8,7,7,5,4,5,,6,,,9,3,3,2,9,5,2,9,4,2,7,5,4,4,8,4,6,2,1,9,9,9,5,5,4,2,8,3,8,3,9,6,8,7,5,7,4,6,7,8,,,9,6,,,9,1,9,8,9,9,8,8,8,7,6,6,7,6,6,8,9,8,9,9,8,4,7,9,,4,,,b'\x11\xe8\xe1I\xca7)\x92\xaf\x82\x12\xdf\x17\xaeN\x1e'
11E8E149-CA37-2992-AF82-12DF17AE4E1E,2021-ncaa-d1-natl,ncaa,258,275,206,277,211,207,237,192,311,270,209,329,117,141,88,124,131,107,246,109,40,179,183,281,278,259,29,62,47,239,313,206,258,225,324,280,303,165,166,292,219,255,215,224,,,257,295,,,329,167,13,58,176,270,91,305,166,76,87,58,37,37,64,43,251,152,210,303,225,213,207,,325,,,326,263,242,187,296,211,166,287,277,233,307,223,259,273,123,266,292,198,185,312,317,323,262,237,207,212,258,274,313,257,324,239,166,203,250,265,203,218,324,329,,,154,107,,,329,180,281,319,317,342,328,316,296,248,319,303,325,322,320,332,334,279,337,338,302,166,255,333,,56,,,b'\x11\xe8\xe1I\xca7)\x92\xaf\x82\x12\xdf\x17\xaeN\x1e'
11E8E149-CA37-2992-AF82-12DF17AE4E1E,2022-ncaa-d0-natl,ncaa,174,180,163,185,172,175,213,177,264,181,144,257,259,242,280,257,32,38,111,38,32,149,166,273,222,186,160,274,7,212,256,154,86,185,190,245,243,122,119,206,121,119,178,184,,,75,68,,,228,150,120,77,175,244,197,186,127,267,243,16,22,20,123,145,217,137,173,257,131,122,178,,65,,,228,226,267,207,278,262,186,301,209,230,171,235,77,65,207,64,72,182,182,272,255,257,91,182,51,83,86,256,256,194,190,150,53,191,195,171,143,138,331,328,,,153,148,,,228,199,210,227,233,233,284,234,275,188,220,239,83,76,72,189,189,91,280,215,146,200,152,336,,135,,,b'\x11\xe8\xe1I\xca7)\x92\xaf\x82\x12\xdf\x17\xaeN\x1e'
11E8E149-CA37-2992-AF82-12DF17AE4E1E,2022-ncaa-d1-conf-Summit League,ncaa,4,4,3,4,3,4,5,5,9,5,3,8,8,7,10,8,1,1,7,1,4,4,3,9,7,6,6,9,1,4,5,5,7,5,7,4,5,8,5,5,2,2,5,5,,,2,2,,,4,1,3,3,6,7,6,5,3,8,8,1,1,1,3,4,3,8,4,5,6,2,5,,2,,,4,6,7,9,5,8,6,9,6,8,2,8,1,2,5,1,1,7,10,5,4,3,3,7,1,7,7,9,5,8,7,8,4,2,3,3,9,7,10,8,,,3,5,,,4,10,6,3,4,3,6,6,6,4,6,7,2,1,1,5,7,6,8,6,6,2,7,10,,4,,,b'\x11\xe8\xe1I\xca7)\x92\xaf\x82\x12\xdf\x17\xaeN\x1e'
11E8E149-CA37-2992-AF82-12DF17AE4E1E,2022-ncaa-d1-natl,ncaa,157,180,100,179,111,128,175,133,226,139,109,211,223,203,274,245,22,22,99,21,32,104,116,245,187,159,161,272,10,178,245,110,63,127,156,206,237,159,106,183,97,106,151,158,,,71,46,,,189,109,117,81,147,205,181,152,126,254,227,14,25,23,111,135,216,123,149,238,123,114,162,,46,,,190,250,284,248,260,267,213,283,254,275,184,259,72,66,184,62,56,210,222,263,235,234,102,224,43,83,63,296,245,223,156,170,54,141,173,151,186,152,334,323,,,119,162,,,189,244,181,189,198,205,263,218,246,175,233,252,58,53,51,167,182,69,270,184,139,179,169,332,,142,,,b'\x11\xe8\xe1I\xca7)\x92\xaf\x82\x12\xdf\x17\xaeN\x1e'
11E8E149-CA37-2992-AF82-12DF17AE4E1E,2023-ncaa-d0-natl,ncaa,242,257,164,258,200,64,67,61,115,79,95,91,80,66,163,117,72,96,83,94,141,60,58,118,106,101,150,149,176,225,311,138,219,158,303,176,334,225,108,209,53,98,88,111,,,283,143,,,281,35,2,181,15,22,6,40,70,66,49,50,68,69,9,5,219,90,142,176,237,34,71,,306,,,279,360,358,320,343,351,294,344,341,317,326,233,342,333,294,334,283,335,328,353,354,354,243,211,216,266,219,351,311,336,303,347,217,123,241,306,295,211,240,184,,,128,278,,,281,328,133,352,265,361,361,359,356,338,354,334,350,337,342,361,360,283,354,344,352,111,299,257,,107,,,b'\x11\xe8\xe1I\xca7)\x92\xaf\x82\x12\xdf\x17\xaeN\x1e'
11E8E149-CA37-2992-AF82-12DF17AE4E1E,2023-ncaa-d1-conf-Summit League,ncaa,6,5,4,6,4,2,2,1,4,2,2,5,3,3,3,5,6,4,5,4,8,1,1,3,4,3,6,5,9,5,8,3,7,3,9,4,9,8,4,6,1,1,4,4,,,8,2,,,5,1,1,4,2,2,1,3,3,4,3,6,7,6,1,1,6,3,5,5,8,1,4,,7,,,5,10,10,10,10,9,10,9,10,9,9,6,9,9,8,9,8,10,10,10,10,9,6,5,7,8,7,9,8,9,9,9,9,1,3,6,7,7,5,4,,,6,8,,,5,10,5,8,5,10,10,10,10,10,10,8,7,8,8,10,10,8,9,9,9,1,8,7,,6,,,b'\x11\xe8\xe1I\xca7)\x92\xaf\x82\x12\xdf\x17\xaeN\x1e'
11E8E149-CA37-2992-AF82-12DF17AE4E1E,2023-ncaa-d1-natl,ncaa,243,257,151,255,186,50,52,41,105,61,86,79,76,66,156,116,76,102,88,100,147,43,45,110,100,93,154,148,195,222,310,124,206,152,295,182,335,223,101,196,51,99,75,92,,,283,138,,,271,22,2,180,16,18,6,33,67,66,49,66,78,75,9,5,219,78,131,167,229,36,64,,296,,,267,360,358,332,334,354,293,343,345,329,307,258,343,331,308,332,284,339,335,340,346,351,259,226,219,268,206,351,310,344,295,350,217,120,247,305,289,202,237,174,,,132,285,,,271,336,122,344,260,361,361,358,357,324,353,342,346,336,337,360,360,279,351,345,353,111,294,251,,110,,,b'\x11\xe8\xe1I\xca7)\x92\xaf\x82\x12\xdf\x17\xaeN\x1e'
11E8E149-CA37-2992-AF82-12DF17AE4E1E,2024-ncaa-d0-natl,ncaa,142,72,298,104,309,96,80,84,88,38,41,87,260,230,286,290,91,97,128,102,237,85,132,141,139,69,324,315,153,130,197,299,267,250,298,181,326,6,4,54,42,39,339,344,,,122,82,,,139,135,5,164,13,10,2,5,5,228,181,30,33,35,3,7,67,243,147,117,25,15,335,,226,,,140,284,301,160,354,303,147,356,235,186,282,219,175,172,168,167,188,158,205,356,350,322,106,172,96,155,267,283,197,253,298,277,175,62,60,153,18,11,292,191,,,167,206,,,139,221,62,302,151,353,355,317,350,290,306,283,246,248,244,324,353,250,350,340,330,17,48,341,,53,,,b'\x11\xe8\xe1I\xca7)\x92\xaf\x82\x12\xdf\x17\xaeN\x1e'
11E8E149-CA37-2992-AF82-12DF17AE4E1E,2024-ncaa-d1-conf-Summit League,ncaa,3,3,3,3,5,3,1,1,3,1,1,3,6,5,6,7,3,4,3,4,8,1,1,4,4,3,8,7,5,2,5,5,7,3,7,2,8,1,1,2,1,1,6,7,,,5,2,,,3,1,1,3,1,1,1,1,1,7,5,3,3,4,1,1,2,5,4,3,1,1,6,,4,,,3,7,8,7,5,7,7,6,7,6,5,6,5,5,4,5,5,6,9,5,5,3,5,7,4,8,7,9,5,9,7,7,3,1,1,1,2,1,8,3,,,4,8,,,3,9,3,3,3,5,6,7,6,5,7,7,4,5,5,7,9,7,9,9,5,1,2,8,,4,,,b'\x11\xe8\xe1I\xca7)\x92\xaf\x82\x12\xdf\x17\xaeN\x1e'
11E8E149-CA37-2992-AF82-12DF17AE4E1E,2024-ncaa-d1-natl,ncaa,91,72,130,79,153,21,15,13,82,9,10,75,187,142,279,269,39,43,126,47,229,13,23,124,120,54,316,303,169,53,165,152,227,108,249,101,323,17,4,36,19,44,307,333,,,225,67,,,94,23,5,206,8,4,2,5,5,190,140,28,31,33,3,7,46,163,77,83,24,19,317,,209,,,89,350,351,300,342,350,287,350,299,280,253,208,232,238,168,236,166,308,336,349,338,285,101,159,89,252,227,348,165,343,249,313,158,23,67,136,47,7,332,177,,,59,202,,,94,337,44,267,104,353,353,328,348,303,300,278,224,229,229,327,354,243,350,339,316,19,43,333,,39,,,b'\x11\xe8\xe1I\xca7)\x92\xaf\x82\x12\xdf\x17\xaeN\x1e'
11E8E149-CA37-2992-AF82-12DF17AE4E1E,2025-ncaa-d0-natl,genius_ncaa,84,53,194,64,199,53,40,59,28,22,37,32,209,198,215,285,96,96,189,109,271,63,91,58,65,32,342,308,252,204,248,104,44,134,171,105,311,27,13,48,68,77,285,299,,,169,97,,33,103,77,7,48,11,7,7,4,5,201,180,65,68,82,9,14,184,52,87,69,44,47,288,,201,,37,97,326,325,255,314,291,198,337,312,303,253,291,253,230,281,223,226,260,260,330,332,307,224,262,145,66,44,280,248,208,171,188,41,103,145,127,33,17,53,13,,,175,288,,170,103,290,51,249,104,349,345,323,321,228,330,333,274,253,248,333,347,81,325,250,219,82,55,73,,158,,168,b'\x11\xe8\xe1I\xca7)\x92\xaf\x82\x12\xdf\x17\xaeN\x1e'
11E8E149-CA37-2992-AF82-12DF17AE4E1E,2025-ncaa-d1-conf-Summit League,genius_ncaa,2,2,1,2,1,1,1,1,2,1,1,2,6,5,6,8,2,1,7,1,9,1,1,2,3,2,9,9,8,2,4,3,3,2,4,2,5,4,1,2,1,1,7,7,,,6,3,,4,2,1,1,3,1,1,1,1,1,7,6,3,4,4,1,1,3,3,2,3,3,1,7,,4,,3,2,9,8,9,4,8,7,4,9,9,7,7,6,7,4,7,6,9,9,5,5,3,7,7,3,7,3,9,4,9,4,8,4,1,1,2,2,1,7,4,,,4,9,,5,2,9,2,3,2,8,7,6,5,4,9,9,5,5,4,7,9,5,6,6,5,1,1,7,,5,,6,b'\x11\xe8\xe1I\xca7)\x92\xaf\x82\x12\xdf\x17\xaeN\x1e'
11E8E149-CA37-2992-AF82-12DF17AE4E1E,2025-ncaa-d1-natl,genius_ncaa,65,53,113,62,115,32,21,28,25,9,17,24,180,163,203,273,60,58,187,64,244,32,52,49,48,27,335,307,237,154,226,66,32,86,131,70,303,46,13,43,49,62,281,305,,,215,102,,28,76,37,6,53,8,6,6,3,5,185,166,52,52,63,8,13,167,45,73,59,47,38,292,,194,,33,74,342,335,293,305,311,233,325,319,321,224,290,293,281,283,277,244,300,302,322,324,284,229,249,174,76,32,309,226,235,131,206,35,71,117,97,60,18,75,10,,,132,281,,174,76,327,39,215,80,342,337,318,310,208,323,330,282,268,266,327,347,57,316,229,187,68,58,68,,134,,181,b'\x11\xe8\xe1I\xca7)\x92\xaf\x82\x12\xdf\x17\xaeN\x1e'
11E8E149-CA37-2992-AF82-12DF17AE4E1E,2026-ncaa-d0-natl,genius_ncaa,212,198,206,223,208,153,165,208,118,152,178,149,167,227,82,229,122,164,26,173,192,196,214,117,94,111,167,194,114,312,330,273,307,298,340,189,246,154,170,184,177,190,183,216,,,232,268,,293,274,188,30,33,78,100,106,95,104,135,198,64,121,144,102,87,320,297,331,149,210,127,160,,323,,324,278,307,318,189,356,336,218,356,181,154,240,121,261,228,334,213,190,183,178,350,351,342,53,67,162,227,307,207,330,216,340,294,151,172,181,263,119,133,184,179,,,168,144,,173,274,176,155,340,271,357,358,325,355,327,231,202,307,277,268,323,344,288,301,314,338,111,163,223,,102,,168,b'\x11\xe8\xe1I\xca7)\x92\xaf\x82\x12\xdf\x17\xaeN\x1e'
11E8E149-CA37-2992-AF82-12DF17AE4E1E,2026-ncaa-d1-natl,genius_ncaa,163,195,85,192,89,62,76,83,96,62,58,124,145,185,114,275,34,53,57,56,126,71,68,116,89,94,215,265,75,234,309,188,269,207,323,155,315,259,168,213,60,121,138,224,,,315,218,,292,241,49,13,47,56,66,83,53,65,186,230,35,58,61,68,49,284,266,311,185,218,78,160,,297,,280,241,353,357,310,348,359,320,352,270,237,264,112,309,268,335,261,153,309,317,346,346,322,57,80,141,278,269,309,309,307,323,324,122,56,111,197,211,132,227,141,,,44,95,,86,241,316,145,318,235,349,354,316,354,330,231,180,290,240,235,316,345,251,284,291,317,58,174,198,,43,,113,b'\x11\xe8\xe1I\xca7)\x92\xaf\x82\x12\xdf\x17\xaeN\x1e'
11E8E149-CA3B-BC46-AF82-12DF17AE4E1E,2010-ncaa-d0-natl,ncaa,108,174,20,151,36,4,5,3,39,21,25,40,6,6,42,50,61,72,92,69,246,4,7,29,36,16,100,53,317,96,275,27,282,36,290,27,283,144,7,28,38,178,36,105,,,340,153,,,79,3,5,252,2,3,4,22,53,8,10,121,147,146,6,7,175,46,91,41,50,78,49,,309,,,81,345,345,341,227,345,343,277,290,323,79,162,343,342,221,342,220,344,345,205,225,271,125,94,227,344,282,345,275,345,290,335,102,48,269,238,64,10,301,187,,,31,271,,,79,343,25,293,90,341,340,342,337,340,230,287,325,322,322,343,340,335,323,338,297,113,33,251,,90,,,b'\x11\xe8\xe1I\xca;\xbcF\xaf\x82\x12\xdf\x17\xaeN\x1e'
11E8E149-CA3B-BC46-AF82-12DF17AE4E1E,2010-ncaa-d1-conf-Pac-12,ncaa,6,7,4,7,7,2,2,1,3,4,3,4,1,1,1,2,4,8,2,8,9,1,1,3,2,2,2,1,9,8,10,5,10,6,10,4,9,3,3,3,3,6,2,4,,,9,6,,,8,1,1,8,1,2,1,3,3,1,1,5,8,8,1,2,8,4,6,4,3,4,2,,10,,,8,10,10,10,9,10,9,9,9,9,8,6,10,10,6,10,8,10,10,9,10,10,7,5,8,9,10,9,10,10,10,10,7,4,8,9,4,3,8,6,,,6,9,,,8,10,2,10,6,10,10,10,10,10,9,9,10,10,10,10,10,9,9,9,10,4,4,9,,7,,,b'\x11\xe8\xe1I\xca;\xbcF\xaf\x82\x12\xdf\x17\xaeN\x1e'
11E8E149-CA3B-BC46-AF82-12DF17AE4E1E,2010-ncaa-d1-natl,ncaa,114,174,22,156,37,5,5,3,41,22,26,41,6,7,42,50,68,79,92,76,246,4,9,28,36,16,100,53,318,104,277,30,284,38,293,32,288,128,7,29,40,178,37,106,,,338,150,,,82,4,5,251,2,3,4,22,54,8,10,122,148,147,6,9,179,50,92,41,49,84,50,,309,,,84,345,344,341,237,345,342,285,285,318,85,159,343,341,222,341,220,344,345,209,231,279,125,95,223,344,284,345,277,345,293,335,103,52,272,241,52,10,299,192,,,38,266,,,82,342,26,302,93,341,340,342,337,341,231,287,325,323,323,343,340,336,325,338,299,119,33,256,,90,,,b'\x11\xe8\xe1I\xca;\xbcF\xaf\x82\x12\xdf\x17\xaeN\x1e'
11E8E149-CA3B-BC46-AF82-12DF17AE4E1E,2011-ncaa-d0-natl,ncaa,208,207,242,215,264,77,87,30,261,189,117,269,7,6,128,25,153,161,182,160,212,41,49,206,217,155,29,16,276,70,218,147,308,101,308,133,249,91,18,102,58,113,104,138,,,267,149,,,203,50,2,166,20,23,1,149,64,4,3,111,116,117,1,2,31,53,19,91,145,36,76,,312,,,204,325,325,298,256,325,285,301,217,281,67,206,269,290,97,285,214,306,299,244,233,227,105,125,167,326,308,338,218,338,308,309,188,88,187,209,183,101,252,213,,,238,336,,,203,292,150,263,203,337,339,341,336,328,266,318,301,312,307,341,342,337,342,341,326,41,227,278,,190,,,b'\x11\xe8\xe1I\xca;\xbcF\xaf\x82\x12\xdf\x17\xaeN\x1e'
11E8E149-CA3B-BC46-AF82-12DF17AE4E1E,2011-ncaa-d1-conf-Pac-12,ncaa,9,9,7,9,8,4,6,1,10,8,8,10,1,1,5,1,6,6,6,6,2,2,2,7,8,5,1,2,7,6,9,4,9,4,10,7,9,4,3,7,6,9,3,5,,,9,5,,,10,2,1,2,3,4,1,8,7,1,1,6,4,4,1,1,3,3,2,7,7,4,3,,9,,,10,10,9,9,9,10,9,10,7,9,4,3,9,8,3,8,7,10,9,8,9,10,3,2,5,10,9,10,9,10,10,10,6,6,10,10,7,4,8,7,,,8,10,,,10,9,7,10,10,10,10,10,10,10,7,10,9,8,8,10,10,10,10,10,10,5,8,8,,5,,,b'\x11\xe8\xe1I\xca;\xbcF\xaf\x82\x12\xdf\x17\xaeN\x1e'
11E8E149-CA3B-BC46-AF82-12DF17AE4E1E,2011-ncaa-d1-natl,ncaa,206,202,199,213,238,57,62,16,253,138,85,253,6,6,135,33,140,148,176,150,233,23,34,202,218,157,43,22,281,48,180,118,305,68,290,123,255,115,20,104,49,100,93,133,,,290,166,,,184,32,2,168,15,19,1,116,40,4,4,110,109,114,1,1,13,51,15,78,172,30,76,,324,,,184,335,331,311,248,329,293,293,247,299,78,210,294,311,108,302,232,318,319,237,232,217,131,142,186,330,305,341,180,339,290,314,187,58,164,198,202,104,253,180,,,227,336,,,184,309,140,254,192,340,341,342,334,327,281,326,303,317,316,342,342,337,342,342,325,36,239,266,,189,,,b'\x11\xe8\xe1I\xca;\xbcF\xaf\x82\x12\xdf\x17\xaeN\x1e'
11E8E149-CA3B-BC46-AF82-12DF17AE4E1E,2012-ncaa-d0-natl,ncaa,161,174,120,169,112,60,88,31,241,162,140,227,10,10,123,28,93,100,154,102,110,33,42,172,171,122,24,21,213,104,254,47,192,58,261,190,304,135,42,174,61,110,62,55,,,46,3,,,222,36,12,5,32,59,4,184,161,8,9,88,98,98,7,8,104,28,37,214,139,54,58,,33,,,221,340,333,332,197,168,158,195,343,343,320,343,171,127,294,130,146,328,316,295,278,297,342,343,31,292,192,338,254,337,261,340,314,148,272,317,182,91,315,311,,,105,260,,,222,307,128,294,219,335,331,342,160,139,343,343,164,126,128,341,340,294,340,337,338,158,174,321,,114,,,b'\x11\xe8\xe1I\xca;\xbcF\xaf\x82\x12\xdf\x17\xaeN\x1e'
11E8E149-CA3B-BC46-AF82-12DF17AE4E1E,2012-ncaa-d1-conf-Pac-12,ncaa,9,8,10,9,9,5,9,5,11,12,10,10,1,1,4,1,6,5,8,5,2,5,6,9,8,6,1,1,4,9,10,8,9,7,12,10,9,4,4,10,3,4,5,4,,,1,1,,,12,6,1,2,3,5,2,12,10,1,1,4,4,5,2,2,8,5,5,9,5,3,4,,3,,,12,11,11,11,9,2,1,9,12,12,12,12,4,1,11,1,5,10,9,12,12,11,12,12,1,11,9,11,10,11,12,12,12,8,10,12,3,3,10,12,,,7,5,,,12,8,8,11,11,12,12,12,5,2,12,12,4,3,3,12,12,12,12,12,12,5,4,11,,4,,,b'\x11\xe8\xe1I\xca;\xbcF\xaf\x82\x12\xdf\x17\xaeN\x1e'
11E8E149-CA3B-BC46-AF82-12DF17AE4E1E,2012-ncaa-d1-natl,ncaa,174,173,137,180,129,69,94,34,251,180,163,237,11,11,124,29,101,109,154,110,108,37,46,179,179,125,23,21,208,114,258,58,199,69,268,212,305,114,43,179,71,118,67,55,,,34,3,,,234,37,12,4,35,67,5,194,167,8,10,88,99,99,8,8,109,28,40,222,139,58,58,,32,,,232,339,332,332,204,156,136,199,343,343,325,343,160,115,297,117,148,328,313,299,283,302,342,343,30,285,199,337,258,335,268,339,313,165,276,317,167,90,312,312,,,120,264,,,234,306,132,301,233,337,332,342,162,141,343,343,169,129,131,341,340,298,339,337,339,164,175,323,,114,,,b'\x11\xe8\xe1I\xca;\xbcF\xaf\x82\x12\xdf\x17\xaeN\x1e'
11E8E149-CA3B-BC46-AF82-12DF17AE4E1E,2013-ncaa-d0-natl,ncaa,328,340,120,333,142,171,186,64,328,227,160,301,86,36,301,54,161,159,163,160,174,72,42,314,310,306,57,75,158,76,198,24,151,31,165,245,275,325,241,310,291,334,57,95,,,111,21,,,337,41,9,124,194,212,24,255,169,86,30,166,177,183,34,10,69,3,5,269,308,304,50,,99,,,335,342,339,340,194,298,313,183,344,341,295,317,198,193,207,197,94,340,305,245,225,324,292,325,42,316,151,327,198,329,165,343,304,331,345,345,341,310,283,277,,,168,313,,,337,301,303,329,330,343,343,345,306,323,344,344,201,187,189,345,340,319,330,335,341,335,340,281,,197,,,b'\x11\xe8\xe1I\xca;\xbcF\xaf\x82\x12\xdf\x17\xaeN\x1e'
11E8E149-CA3B-BC46-AF82-12DF17AE4E1E,2013-ncaa-d1-conf-Pac-12,ncaa,12,12,9,12,12,10,12,7,12,12,10,11,5,2,10,2,7,7,10,7,4,8,4,12,12,12,2,4,2,6,7,2,6,5,5,12,10,11,12,12,10,11,7,8,,,3,2,,,12,4,1,10,9,12,4,11,9,3,2,6,3,4,4,1,4,1,2,12,12,10,6,,5,,,12,12,12,12,10,10,11,9,12,12,9,11,6,6,11,6,5,12,8,10,10,12,10,12,3,7,6,10,7,10,5,12,11,12,12,12,12,12,11,11,,,7,8,,,12,9,12,12,12,12,12,12,11,12,12,12,8,7,7,12,12,10,11,11,12,12,12,11,,3,,,b'\x11\xe8\xe1I\xca;\xbcF\xaf\x82\x12\xdf\x17\xaeN\x1e'
11E8E149-CA3B-BC46-AF82-12DF17AE4E1E,2013-ncaa-d1-natl,ncaa,330,339,136,334,164,190,207,75,331,246,178,304,90,39,301,53,171,175,162,178,173,85,52,317,312,309,56,75,155,86,202,29,154,38,167,264,277,316,244,313,303,336,61,96,,,97,24,,,337,48,9,119,202,221,24,258,176,85,30,165,175,183,35,10,76,3,6,275,307,304,53,,98,,,335,342,339,340,200,296,308,185,343,341,300,316,192,179,205,182,94,339,300,252,228,328,291,325,42,309,154,325,202,327,167,342,304,338,345,345,340,312,279,283,,,191,313,,,337,296,305,330,331,344,343,345,307,324,344,344,203,189,192,345,340,324,332,336,341,335,340,283,,197,,,b'\x11\xe8\xe1I\xca;\xbcF\xaf\x82\x12\xdf\x17\xaeN\x1e'
11E8E149-CA3B-BC46-AF82-12DF17AE4E1E,2014-ncaa-d0-natl,ncaa,148,173,85,164,108,6,10,1,198,24,28,92,4,2,233,37,11,14,59,15,88,1,1,144,132,61,55,63,198,1,32,19,57,3,44,70,317,195,8,88,24,77,104,186,,,261,25,,,104,2,1,216,1,1,1,15,17,4,2,5,8,8,1,1,1,1,1,66,153,14,117,,230,,,105,349,349,348,324,348,344,335,346,346,233,272,289,293,172,295,113,349,346,327,316,328,112,234,40,254,57,342,32,338,44,349,311,88,270,339,201,22,311,192,,,68,346,,,104,348,29,306,119,349,349,348,347,346,343,344,269,269,273,348,347,210,339,329,348,95,177,302,,80,,,b'\x11\xe8\xe1I\xca;\xbcF\xaf\x82\x12\xdf\x17\xaeN\x1e'
11E8E149-CA3B-BC46-AF82-12DF17AE4E1E,2014-ncaa-d1-conf-Pac-12,ncaa,10,10,4,10,4,1,1,1,9,2,3,3,2,1,11,3,1,1,2,1,3,1,1,7,6,5,3,3,5,1,1,4,8,1,4,5,12,9,3,10,2,3,4,8,,,7,1,,,10,1,1,4,1,1,1,2,4,2,1,1,1,1,1,1,1,5,1,6,10,1,4,,6,,,10,12,12,12,12,12,11,12,12,11,12,9,8,8,4,8,5,12,12,12,12,12,7,10,1,9,8,10,1,9,4,12,12,3,7,12,9,3,10,10,,,3,12,,,10,12,3,12,10,12,12,12,12,11,12,11,8,8,8,12,12,8,10,10,12,5,11,10,,4,,,b'\x11\xe8\xe1I\xca;\xbcF\xaf\x82\x12\xdf\x17\xaeN\x1e'
11E8E149-CA3B-BC46-AF82-12DF17AE4E1E,2014-ncaa-d1-natl,ncaa,161,171,100,166,126,6,10,1,204,29,31,95,4,2,232,38,14,18,60,19,88,1,1,153,138,65,56,62,194,1,35,20,59,3,48,76,317,179,8,94,28,84,112,191,,,246,27,,,111,2,1,219,1,1,1,16,19,5,2,4,9,8,1,1,1,2,1,71,153,20,118,,226,,,111,349,349,348,326,348,343,335,345,345,240,271,279,287,175,289,115,349,345,331,316,330,109,232,39,233,59,341,35,336,48,349,311,101,273,341,192,25,309,202,,,77,345,,,111,348,29,311,127,349,349,348,347,346,343,344,271,272,274,348,347,209,339,331,348,101,178,304,,80,,,b'\x11\xe8\xe1I\xca;\xbcF\xaf\x82\x12\xdf\x17\xaeN\x1e'
11E8E149-CA3B-BC46-AF82-12DF17AE4E1E,2015-ncaa-d0-natl,ncaa,208,209,172,219,178,159,119,164,86,169,190,126,97,138,37,118,325,305,305,304,309,198,232,77,130,102,171,80,343,272,268,113,101,183,172,154,208,63,97,92,322,335,165,204,,,25,24,,,212,205,211,59,143,84,133,149,184,80,120,336,316,315,182,244,278,57,159,138,86,326,171,,31,,,210,223,274,273,213,258,251,201,247,221,236,208,52,44,214,41,34,235,144,215,178,285,91,236,30,152,101,159,268,156,172,183,97,329,335,321,111,150,188,214,,,279,269,,,212,142,129,283,212,257,306,325,296,302,264,243,66,63,59,295,156,170,187,187,203,334,136,205,,293,,,b'\x11\xe8\xe1I\xca;\xbcF\xaf\x82\x12\xdf\x17\xaeN\x1e'
11E8E149-CA3B-BC46-AF82-12DF17AE4E1E,2015-ncaa-d1-conf-Pac-12,ncaa,10,9,8,10,9,9,9,10,6,9,9,4,5,6,6,6,12,12,10,12,12,10,10,7,7,7,8,5,12,10,10,7,7,9,9,6,5,10,10,9,10,9,8,8,,,2,3,,,10,7,6,3,9,4,5,7,8,5,5,12,12,12,9,7,10,4,5,5,11,9,7,,5,,,10,8,10,8,8,9,8,8,9,9,7,9,3,4,6,4,3,8,6,9,8,10,5,9,2,8,7,4,10,5,9,9,9,10,11,12,9,10,9,8,,,12,11,,,10,6,8,11,10,11,11,12,11,11,9,10,4,6,6,12,9,11,7,8,11,10,10,9,,12,,,b'\x11\xe8\xe1I\xca;\xbcF\xaf\x82\x12\xdf\x17\xaeN\x1e'
11E8E149-CA3B-BC46-AF82-12DF17AE4E1E,2015-ncaa-d1-natl,ncaa,222,207,209,225,219,193,153,211,96,190,218,134,106,146,39,119,335,317,305,317,311,238,274,83,133,108,169,76,342,290,275,140,106,220,183,177,215,46,101,97,332,335,184,211,,,16,27,,,228,246,217,56,152,98,139,157,188,81,121,338,316,314,193,247,280,58,170,143,88,330,176,,32,,,228,202,256,252,221,248,227,212,235,210,247,210,40,36,218,32,34,208,101,228,185,298,91,235,29,136,106,128,275,122,183,168,98,341,336,323,100,155,182,218,,,308,268,,,228,103,137,290,228,265,309,326,301,302,266,245,71,65,60,298,155,177,192,192,212,334,137,212,,294,,,b'\x11\xe8\xe1I\xca;\xbcF\xaf\x82\x12\xdf\x17\xaeN\x1e'
11E8E149-CA3B-BC46-AF82-12DF17AE4E1E,2016-ncaa-d0-natl,ncaa,41,73,12,70,21,18,20,59,8,48,106,25,16,69,1,120,95,93,161,92,132,61,58,6,6,9,88,50,287,138,109,61,145,78,67,14,84,242,135,44,136,212,80,140,,,169,57,,,38,41,231,280,39,38,224,103,251,23,139,181,203,201,229,263,244,209,243,31,98,226,121,,45,,,47,319,334,329,233,336,338,200,247,224,262,110,107,114,134,114,30,324,314,219,182,219,57,164,32,271,145,95,109,159,67,308,146,149,251,258,200,116,305,281,,,59,136,,,38,311,12,211,40,178,238,212,258,265,163,105,38,38,40,166,97,119,11,29,200,271,86,254,,197,,,b'\x11\xe8\xe1I\xca;\xbcF\xaf\x82\x12\xdf\x17\xaeN\x1e'
11E8E149-CA3B-BC46-AF82-12DF17AE4E1E,2016-ncaa-d1-conf-Pac-12,ncaa,6,6,5,6,7,6,9,11,2,12,12,6,3,6,1,4,4,4,4,4,1,10,11,2,1,2,2,2,4,11,7,7,7,8,7,7,6,6,6,6,9,8,10,10,,,7,5,,,6,10,9,6,4,10,12,12,10,2,5,4,2,2,10,11,11,7,9,7,5,9,10,,6,,,6,4,6,7,8,8,6,9,5,6,4,7,4,3,8,3,5,7,5,8,7,9,4,7,4,9,7,2,7,3,7,7,8,9,9,10,3,5,10,11,,,4,1,,,6,4,2,9,6,6,7,7,8,7,6,6,5,5,5,6,5,7,3,4,7,8,4,10,,1,,,b'\x11\xe8\xe1I\xca;\xbcF\xaf\x82\x12\xdf\x17\xaeN\x1e'
11E8E149-CA3B-BC46-AF82-12DF17AE4E1E,2016-ncaa-d1-natl,ncaa,47,73,12,71,25,21,22,69,9,57,128,27,17,79,1,119,109,107,160,105,133,70,71,6,6,9,85,51,283,162,118,75,150,96,71,17,88,216,141,46,158,222,91,149,,,141,59,,,49,53,233,282,39,40,229,110,253,27,141,182,206,205,235,268,252,218,258,33,99,239,128,,48,,,56,311,329,325,245,329,334,210,233,208,263,102,94,93,137,95,30,315,302,224,190,228,52,162,32,247,150,70,118,126,71,303,147,180,263,265,181,122,301,283,,,74,136,,,49,299,12,220,45,187,248,214,267,267,165,108,38,40,42,171,98,120,11,29,206,278,86,256,,198,,,b'\x11\xe8\xe1I\xca;\xbcF\xaf\x82\x12\xdf\x17\xaeN\x1e'
11E8E149-CA3B-BC46-AF82-12DF17AE4E1E,2017-ncaa-d0-natl,ncaa,41,126,3,106,9,15,16,21,19,13,12,68,58,155,4,263,99,122,88,121,330,25,22,27,35,33,275,195,315,62,87,26,192,27,83,9,65,255,82,28,102,218,121,223,,,291,81,,,82,18,198,268,60,29,139,34,63,145,255,246,286,283,173,233,199,154,182,18,66,217,204,,87,,,94,345,347,343,180,345,342,189,284,309,131,155,262,277,94,283,90,346,339,162,142,216,74,137,107,337,192,222,87,303,83,331,161,140,293,279,281,140,312,157,,,90,305,,,82,332,38,235,87,210,237,254,258,266,153,181,101,123,124,242,158,211,23,53,199,289,127,229,,306,,,b'\x11\xe8\xe1I\xca;\xbcF\xaf\x82\x12\xdf\x17\xaeN\x1e'
11E8E149-CA3B-BC46-AF82-12DF17AE4E1E,2017-ncaa-d1-conf-Pac-12,ncaa,5,6,1,6,3,4,4,5,4,1,1,6,6,10,1,11,5,8,1,8,11,4,4,4,3,3,8,8,8,7,6,4,8,7,6,2,3,4,5,3,8,9,10,10,,,7,6,,,6,4,9,5,4,4,9,2,4,7,11,5,10,10,10,11,10,8,10,2,4,9,11,,7,,,6,12,12,11,5,12,9,7,12,12,7,9,8,7,3,7,7,12,11,7,7,12,9,9,4,10,8,6,6,7,6,12,11,9,9,10,6,6,7,4,,,4,4,,,6,11,4,11,6,8,7,8,6,6,10,10,5,6,6,7,4,8,3,4,11,10,5,6,,8,,,b'\x11\xe8\xe1I\xca;\xbcF\xaf\x82\x12\xdf\x17\xaeN\x1e'
11E8E149-CA3B-BC46-AF82-12DF17AE4E1E,2017-ncaa-d1-natl,ncaa,54,126,3,109,9,18,17,21,19,13,12,71,70,170,4,261,117,145,88,142,329,25,23,32,40,38,275,194,313,83,93,32,203,33,92,9,66,237,82,31,130,226,127,225,,,271,83,,,96,18,206,270,66,33,144,39,67,145,256,247,291,283,182,240,207,167,201,19,67,225,208,,88,,,100,344,346,343,191,344,342,199,277,300,138,144,253,264,93,266,90,346,338,169,154,229,71,133,103,334,203,194,93,284,92,328,167,167,299,286,268,146,309,171,,,106,301,,,96,332,42,242,94,215,247,254,268,266,157,178,104,124,124,247,153,215,25,56,207,297,129,233,,308,,,b'\x11\xe8\xe1I\xca;\xbcF\xaf\x82\x12\xdf\x17\xaeN\x1e'
11E8E149-CA3B-BC46-AF82-12DF17AE4E1E,2017-ncaa-d1-ncaatournament,ncaa,5,2,5,5,7,8,8,8,17,9,8,18,8,9,27,37,13,11,37,11,43,8,8,19,22,28,47,35,46,9,30,10,49,10,37,8,21,61,47,28,11,33,9,26,,,49,4,,,43,8,32,6,27,19,37,17,29,31,38,38,41,41,45,32,38,38,43,17,44,29,15,,5,,,31,60,60,59,39,62,60,41,41,52,7,14,53,56,26,56,12,59,59,27,23,27,7,9,22,62,49,58,30,61,37,60,22,8,40,33,64,55,63,42,,,10,50,,,43,57,27,33,30,32,47,46,54,57,8,18,27,25,23,43,40,46,18,31,31,36,54,40,,49,,,b'\x11\xe8\xe1I\xca;\xbcF\xaf\x82\x12\xdf\x17\xaeN\x1e'
11E8E149-CA3B-BC46-AF82-12DF17AE4E1E,2018-ncaa-d0-natl,ncaa,5,9,3,9,3,4,4,11,4,9,32,3,6,17,3,88,27,47,36,47,199,11,12,2,2,2,144,80,316,49,45,7,115,13,32,3,44,159,31,4,70,161,26,72,,,237,24,,,5,11,225,42,7,6,89,26,184,18,67,136,201,198,102,203,201,83,115,6,31,172,55,,25,,,5,338,339,348,95,341,345,115,313,336,79,205,174,188,156,188,27,348,345,85,66,129,81,194,35,331,115,166,45,265,32,334,180,110,273,257,179,49,180,59,,,54,272,,,5,339,2,136,6,126,197,268,208,251,161,220,29,32,30,208,142,162,7,20,184,272,41,52,,270,,,b'\x11\xe8\xe1I\xca;\xbcF\xaf\x82\x12\xdf\x17\xaeN\x1e'
11E8E149-CA3B-BC46-AF82-12DF17AE4E1E,2018-ncaa-d1-conf-Pac-12,ncaa,1,1,1,1,1,1,1,3,1,4,9,1,1,2,1,2,2,4,3,4,2,2,2,1,1,1,3,3,5,6,6,2,8,3,5,1,2,6,5,2,6,7,4,5,,,3,2,,,1,1,9,1,1,1,8,4,9,1,2,4,4,4,8,9,9,3,6,1,4,7,4,,2,,,1,9,10,12,3,9,11,4,9,11,7,9,4,4,3,4,3,12,12,4,3,5,5,9,3,9,8,2,6,5,5,9,7,8,9,9,10,9,4,6,,,2,6,,,1,12,1,7,1,6,6,10,4,9,9,9,2,2,2,6,7,8,1,2,8,9,7,4,,3,,,b'\x11\xe8\xe1I\xca;\xbcF\xaf\x82\x12\xdf\x17\xaeN\x1e'
11E8E149-CA3B-BC46-AF82-12DF17AE4E1E,2018-ncaa-d1-natl,ncaa,5,9,3,9,3,4,4,12,4,9,36,3,7,22,3,89,32,63,36,60,194,13,14,2,2,2,139,79,317,60,53,9,124,16,35,3,46,136,32,4,84,175,28,79,,,212,25,,,5,11,231,41,7,6,91,27,188,20,71,139,203,202,109,220,212,86,122,6,31,180,57,,26,,,5,334,337,348,102,337,345,129,304,333,85,200,159,171,162,168,27,347,343,94,72,146,76,192,35,325,124,130,53,248,35,333,181,132,278,264,159,49,170,64,,,66,273,,,5,338,2,152,7,136,204,268,221,255,165,217,32,33,31,213,137,169,7,20,190,281,42,55,,277,,,b'\x11\xe8\xe1I\xca;\xbcF\xaf\x82\x12\xdf\x17\xaeN\x1e'
11E8E149-CA3B-BC46-AF82-12DF17AE4E1E,2018-ncaa-d1-ncaatournament,ncaa,5,2,5,5,5,5,5,5,5,5,6,7,4,5,27,36,13,12,37,11,49,6,6,6,7,2,48,36,51,8,25,6,29,5,20,4,23,50,4,2,9,28,4,7,,,56,6,,,4,6,30,7,3,3,9,5,14,22,26,45,43,46,14,30,27,7,10,6,3,28,4,,7,,,4,59,61,60,11,61,61,20,55,59,12,38,50,47,49,46,4,60,60,9,8,11,20,32,12,61,29,59,25,60,20,61,46,10,50,51,49,9,36,8,,,11,53,,,4,59,2,15,4,18,34,59,37,55,29,45,5,4,2,52,45,47,19,27,43,52,6,10,,53,,,b'\x11\xe8\xe1I\xca;\xbcF\xaf\x82\x12\xdf\x17\xaeN\x1e'
11E8E149-CA3B-BC46-AF82-12DF17AE4E1E,2019-ncaa-d0-natl,ncaa,5,7,4,7,5,3,4,6,4,6,32,5,3,12,1,69,77,129,22,131,284,7,17,1,1,1,108,38,342,81,89,17,39,24,21,6,87,7,1,1,119,210,148,213,,,79,7,,,5,11,251,242,3,4,37,18,162,7,49,210,285,285,60,240,232,91,150,8,1,238,217,,4,,,5,340,344,345,175,337,336,205,332,339,125,292,93,63,315,56,12,343,331,184,153,228,111,269,21,226,39,168,89,193,21,337,190,188,309,310,10,1,176,70,,,158,331,,,5,337,1,191,5,144,227,242,197,172,235,277,20,13,9,139,59,41,10,7,212,322,1,69,,334,,,b'\x11\xe8\xe1I\xca;\xbcF\xaf\x82\x12\xdf\x17\xaeN\x1e'
11E8E149-CA3B-BC46-AF82-12DF17AE4E1E,2019-ncaa-d1-conf-Pac-12,ncaa,1,1,1,1,1,1,1,1,1,2,2,1,1,3,1,5,5,5,6,5,9,2,2,1,1,1,5,3,10,6,3,3,5,3,1,1,4,1,1,1,5,5,9,11,,,3,3,,,1,1,7,8,1,1,2,2,3,1,3,8,8,8,3,5,6,4,6,1,1,5,10,,2,,,1,5,6,10,3,6,6,3,8,11,5,10,4,2,12,2,3,9,9,3,3,3,7,9,4,5,5,2,3,4,1,6,7,5,6,4,1,1,4,4,,,5,8,,,1,10,1,2,1,3,3,4,2,3,7,9,3,2,2,3,3,4,1,1,6,5,1,4,,8,,,b'\x11\xe8\xe1I\xca;\xbcF\xaf\x82\x12\xdf\x17\xaeN\x1e'
11E8E149-CA3B-BC46-AF82-12DF17AE4E1E,2019-ncaa-d1-natl,ncaa,4,7,1,7,2,2,2,2,4,6,22,5,2,9,1,72,62,120,19,119,294,4,10,1,1,1,112,42,342,58,75,12,31,15,19,6,82,7,1,1,84,194,139,213,,,78,4,,,5,6,255,243,3,4,34,17,155,7,50,209,283,288,59,244,222,83,142,8,1,217,215,,4,,,5,342,345,348,152,340,340,190,340,345,146,297,93,62,322,58,12,346,341,174,140,214,134,283,18,231,31,190,75,203,19,339,198,148,298,298,8,1,176,60,,,133,332,,,5,345,1,178,4,129,206,225,166,151,255,278,16,6,6,122,55,35,8,3,207,319,1,58,,339,,,b'\x11\xe8\xe1I\xca;\xbcF\xaf\x82\x12\xdf\x17\xaeN\x1e'
11E8E149-CA3B-BC46-AF82-12DF17AE4E1E,2019-ncaa-d1-ncaatournament,ncaa,3,2,3,3,3,4,4,4,10,5,5,13,1,1,8,13,8,6,27,6,29,4,4,5,7,5,21,17,46,3,14,4,23,4,14,4,26,60,17,7,4,29,6,21,,,61,12,,,5,4,51,7,11,12,34,28,51,4,16,32,36,35,32,44,20,18,22,13,13,33,14,,10,,,6,61,61,61,18,62,61,20,59,61,18,25,61,62,17,61,19,61,61,18,16,21,21,22,25,61,23,60,14,60,14,61,29,6,45,39,55,13,60,40,,,6,50,,,5,61,5,20,4,13,19,25,30,39,10,23,21,24,24,22,14,27,8,10,22,49,12,34,,52,,,b'\x11\xe8\xe1I\xca;\xbcF\xaf\x82\x12\xdf\x17\xaeN\x1e'
11E8E149-CA3B-BC46-AF82-12DF17AE4E1E,2020-ncaa-d0-natl,ncaa,2,3,1,3,5,1,1,7,1,5,79,1,4,15,3,62,61,136,17,130,205,8,22,1,1,1,134,66,331,63,23,13,35,15,6,1,15,17,3,1,45,62,194,211,,,26,6,,,1,23,251,273,1,1,35,9,198,8,41,138,245,240,60,212,139,61,72,2,4,97,228,,4,,,2,174,251,319,70,214,235,134,275,336,37,321,10,15,38,16,14,286,294,83,45,56,125,294,4,153,35,25,23,42,6,267,237,134,193,216,20,6,21,11,,,162,293,,,1,320,1,47,2,39,102,167,84,69,194,291,2,3,3,74,47,40,1,3,170,227,7,11,,292,,,b'\x11\xe8\xe1I\xca;\xbcF\xaf\x82\x12\xdf\x17\xaeN\x1e'
11E8E149-CA3B-BC46-AF82-12DF17AE4E1E,2020-ncaa-d1-conf-Pac-12,ncaa,1,1,1,1,2,1,1,2,1,1,3,1,1,3,1,4,3,3,3,3,5,2,4,1,1,1,5,3,10,5,2,2,2,4,1,1,1,1,1,1,1,2,11,11,,,2,2,,,1,3,8,10,1,1,2,1,6,1,3,3,4,4,2,9,6,2,4,1,1,3,12,,2,,,1,2,6,7,3,6,4,6,9,12,1,12,1,1,1,1,2,6,7,3,2,1,4,12,1,4,2,1,2,1,1,7,7,3,4,5,1,2,2,2,,,3,7,,,1,8,1,1,1,1,2,4,2,1,8,12,1,1,1,2,3,2,1,1,5,6,1,2,,7,,,b'\x11\xe8\xe1I\xca;\xbcF\xaf\x82\x12\xdf\x17\xaeN\x1e'
11E8E149-CA3B-BC46-AF82-12DF17AE4E1E,2020-ncaa-d1-natl,ncaa,1,3,1,3,1,1,1,5,1,5,58,1,3,11,2,61,44,118,15,114,195,6,12,1,1,1,134,63,325,52,23,9,34,9,5,1,15,14,3,1,25,48,163,191,,,24,6,,,1,18,242,273,1,1,32,7,197,8,36,120,226,225,52,206,145,77,80,2,2,77,212,,4,,,2,186,262,327,75,220,242,138,277,335,44,316,11,15,57,16,14,295,315,87,47,53,123,291,5,139,34,30,23,43,5,276,243,96,156,192,21,6,21,9,,,150,292,,,1,331,1,39,1,35,94,149,84,68,188,276,2,3,3,61,52,39,1,1,173,207,7,11,,290,,,b'\x11\xe8\xe1I\xca;\xbcF\xaf\x82\x12\xdf\x17\xaeN\x1e'
11E8E149-CA3B-BC46-AF82-12DF17AE4E1E,2021-ncaa-d0-natl,ncaa,71,104,89,89,125,80,48,80,32,49,77,42,66,99,43,142,247,262,161,262,330,111,140,33,53,33,263,120,339,81,66,79,117,74,43,52,135,93,35,20,88,94,37,55,,,141,58,,,25,142,273,224,75,35,75,45,120,84,133,320,327,328,151,246,118,90,84,37,24,120,49,,39,,,26,162,171,233,52,178,238,53,180,209,110,160,142,137,237,142,60,219,209,51,46,66,151,189,125,225,117,149,66,174,43,200,218,167,213,200,128,76,186,111,,,254,338,,,25,204,20,82,22,55,76,155,91,181,131,137,67,59,62,112,77,161,37,64,141,239,62,139,,340,,,b'\x11\xe8\xe1I\xca;\xbcF\xaf\x82\x12\xdf\x17\xaeN\x1e'
11E8E149-CA3B-BC46-AF82-12DF17AE4E1E,2021-ncaa-d1-conf-Pac-12,ncaa,4,5,7,5,7,5,2,5,3,2,5,2,3,4,3,7,11,12,9,12,12,7,7,3,3,3,11,7,12,6,5,6,5,6,3,3,5,1,2,1,7,7,6,7,,,4,5,,,3,7,7,9,2,2,2,2,2,3,5,12,12,12,3,5,6,3,3,2,1,7,5,,5,,,3,5,5,6,4,5,6,4,4,5,5,3,5,5,7,5,4,6,5,4,4,4,5,5,7,5,5,5,5,5,3,7,7,10,7,7,1,3,3,2,,,11,12,,,3,6,2,4,3,6,5,8,6,8,6,5,5,6,6,7,5,6,4,4,5,7,2,3,,12,,,b'\x11\xe8\xe1I\xca;\xbcF\xaf\x82\x12\xdf\x17\xaeN\x1e'
11E8E149-CA3B-BC46-AF82-12DF17AE4E1E,2021-ncaa-d1-natl,ncaa,74,104,105,93,144,90,55,94,33,61,87,44,75,113,41,142,261,271,164,271,331,126,153,38,55,34,261,120,339,92,70,95,126,88,51,56,141,85,34,21,105,97,39,58,,,125,60,,,26,161,276,225,80,37,78,50,121,85,137,320,327,327,156,252,123,92,88,38,24,125,47,,39,,,29,151,156,213,52,168,231,53,171,194,108,157,134,125,243,129,62,197,189,57,51,74,147,192,126,212,126,134,70,162,51,190,220,184,221,211,119,78,182,117,,,264,338,,,26,185,21,87,23,58,80,157,97,186,129,135,69,59,62,115,77,165,40,66,150,248,62,144,,340,,,b'\x11\xe8\xe1I\xca;\xbcF\xaf\x82\x12\xdf\x17\xaeN\x1e'
11E8E149-CA3B-BC46-AF82-12DF17AE4E1E,2021-ncaa-d1-ncaatournament,ncaa,9,2,9,9,12,16,15,16,13,15,16,14,21,21,36,40,28,29,16,29,55,16,16,16,15,38,50,41,53,18,21,12,45,13,21,13,25,60,61,45,7,13,9,11,,,46,8,,,15,16,57,7,47,37,60,25,49,47,50,54,56,58,63,62,42,16,24,26,54,14,10,,8,,,18,47,48,54,4,52,56,13,35,48,3,20,31,39,9,42,7,52,52,2,2,1,6,16,16,59,45,45,21,53,21,48,26,15,44,28,60,56,35,11,,,21,54,,,15,49,34,7,14,2,12,46,26,50,8,23,9,9,10,34,27,54,3,18,14,43,51,9,,58,,,b'\x11\xe8\xe1I\xca;\xbcF\xaf\x82\x12\xdf\x17\xaeN\x1e'
11E8E149-CA3B-BC46-AF82-12DF17AE4E1E,2022-ncaa-d0-natl,ncaa,95,106,79,106,80,63,55,83,50,48,79,56,88,120,68,191,117,120,149,118,211,82,103,53,58,39,220,179,247,73,74,67,120,59,71,60,145,78,45,36,94,116,51,23,,,268,213,,,45,112,258,15,58,41,77,47,115,110,153,156,165,160,87,166,96,62,50,57,45,123,52,,202,,,43,204,142,254,26,74,169,34,298,321,123,308,291,272,291,273,263,260,249,49,76,101,342,307,290,237,120,188,74,205,71,271,327,182,235,251,171,111,154,89,,,150,234,,,45,250,29,108,42,117,61,182,27,87,268,304,241,231,228,193,169,185,89,121,216,248,122,111,,218,,,b'\x11\xe8\xe1I\xca;\xbcF\xaf\x82\x12\xdf\x17\xaeN\x1e'
11E8E149-CA3B-BC46-AF82-12DF17AE4E1E,2022-ncaa-d1-conf-Pac-12,ncaa,2,2,1,2,2,3,2,2,2,2,3,2,4,4,6,5,5,4,8,3,8,2,4,3,3,3,12,7,9,1,2,3,5,2,2,2,11,5,2,2,3,5,3,3,,,10,7,,,2,4,8,3,3,2,2,2,4,4,4,8,7,7,2,5,2,3,2,2,3,5,3,,7,,,2,9,8,9,3,7,8,4,9,10,5,10,8,10,4,10,9,9,10,3,3,3,10,10,10,9,5,8,2,9,2,9,9,6,8,7,5,2,6,3,,,5,11,,,2,9,2,3,2,4,4,7,4,5,8,10,7,7,7,7,7,5,4,6,6,8,2,4,,10,,,b'\x11\xe8\xe1I\xca;\xbcF\xaf\x82\x12\xdf\x17\xaeN\x1e'
11E8E149-CA3B-BC46-AF82-12DF17AE4E1E,2022-ncaa-d1-natl,ncaa,93,106,67,108,68,56,45,66,45,43,72,52,94,122,68,193,122,128,149,122,217,75,96,52,59,42,232,189,251,65,65,61,123,49,71,57,170,80,44,41,78,93,45,23,,,251,190,,,43,114,263,14,54,37,84,47,107,116,155,161,171,168,92,168,92,83,56,62,45,107,55,,177,,,46,207,152,266,42,81,159,41,310,322,168,307,276,259,294,259,259,273,257,72,96,120,342,315,271,238,123,191,65,204,71,286,329,153,217,249,173,118,158,86,,,147,243,,,43,248,30,124,40,123,69,174,29,78,284,304,230,213,213,178,160,175,76,112,230,228,128,114,,231,,,b'\x11\xe8\xe1I\xca;\xbcF\xaf\x82\x12\xdf\x17\xaeN\x1e'
11E8E149-CA3B-BC46-AF82-12DF17AE4E1E,2022-ncaa-d1-ncaatournament,ncaa,37,2,37,37,37,44,40,40,39,37,38,27,52,46,61,40,49,52,37,51,58,40,37,46,51,52,61,56,49,31,12,37,17,37,9,39,29,24,40,37,44,37,13,1,,,17,34,,,25,38,66,1,22,8,4,5,4,45,26,36,41,38,5,1,8,1,1,12,57,26,1,,46,,,27,10,5,31,13,2,7,10,37,40,42,66,4,8,13,7,46,29,28,27,24,28,68,67,24,20,17,17,12,21,9,18,65,49,49,53,31,56,2,3,,,56,63,,,25,31,44,25,32,40,29,65,4,8,63,67,20,32,28,64,62,35,46,50,52,39,61,2,,50,,,b'\x11\xe8\xe1I\xca;\xbcF\xaf\x82\x12\xdf\x17\xaeN\x1e'
11E8E149-CA3B-BC46-AF82-12DF17AE4E1E,2023-ncaa-d0-natl,ncaa,87,160,17,127,25,24,18,20,78,39,35,137,20,34,17,128,80,96,112,94,255,21,32,61,74,32,114,81,297,28,69,14,169,12,66,22,98,59,6,10,174,273,33,95,,,98,8,,,30,32,181,278,32,36,33,85,97,38,86,171,186,189,40,124,63,23,22,30,7,259,60,,13,,,33,317,343,358,60,347,357,55,304,322,138,177,21,34,77,36,3,351,337,59,29,91,47,245,4,349,169,321,69,344,66,355,321,235,346,352,103,19,345,275,,,187,352,,,30,332,18,127,33,135,252,348,241,352,220,244,5,8,8,316,226,292,149,222,315,338,23,308,,334,,,b'\x11\xe8\xe1I\xca;\xbcF\xaf\x82\x12\xdf\x17\xaeN\x1e'
11E8E149-CA3B-BC46-AF82-12DF17AE4E1E,2023-ncaa-d1-conf-Pac-12,ncaa,8,9,3,9,3,3,4,2,9,7,3,10,3,2,2,3,5,5,3,6,7,2,2,9,7,4,4,3,6,3,6,3,9,3,9,7,10,4,4,5,8,9,6,8,,,4,1,,,7,3,5,12,5,5,4,9,6,3,3,6,7,8,4,5,4,3,2,10,4,8,8,,2,,,7,10,12,12,5,11,12,5,11,12,5,8,1,3,1,3,1,12,11,5,3,5,3,8,1,12,9,10,6,12,9,12,11,9,10,12,10,7,9,9,,,6,9,,,7,10,5,7,7,7,9,12,9,12,8,10,1,1,1,11,8,11,9,11,11,10,8,9,,10,,,b'\x11\xe8\xe1I\xca;\xbcF\xaf\x82\x12\xdf\x17\xaeN\x1e'
11E8E149-CA3B-BC46-AF82-12DF17AE4E1E,2023-ncaa-d1-natl,ncaa,98,160,18,137,29,26,20,20,89,44,40,150,22,44,18,128,98,121,111,120,254,21,35,65,80,33,112,82,297,36,75,16,172,13,74,24,100,45,6,11,203,289,36,101,,,74,8,,,31,38,185,277,36,37,34,93,106,41,88,173,188,190,43,131,70,26,25,32,7,272,61,,15,,,34,311,341,358,67,342,357,60,297,314,149,178,16,27,87,27,3,350,333,67,30,114,45,249,4,347,172,308,75,338,74,354,322,272,348,356,88,20,342,283,,,219,350,,,31,327,18,152,35,152,265,350,247,352,226,244,5,8,8,319,220,293,155,230,317,340,23,311,,335,,,b'\x11\xe8\xe1I\xca;\xbcF\xaf\x82\x12\xdf\x17\xaeN\x1e'
11E8E149-CA3B-BC46-AF82-12DF17AE4E1E,2024-ncaa-d0-natl,ncaa,246,297,94,274,125,197,176,157,231,116,60,267,304,317,234,331,176,129,296,133,247,152,168,268,269,226,315,316,128,190,251,49,214,84,200,165,140,102,105,124,324,344,41,49,,,3,2,,,293,168,268,258,264,239,239,136,70,321,338,200,160,166,232,277,222,39,82,190,79,343,41,,2,,,286,273,331,340,143,273,302,132,353,348,268,335,2,2,48,2,1,312,229,191,99,282,145,349,1,330,214,291,251,325,200,360,358,356,359,360,222,221,240,152,,,243,280,,,293,192,238,309,291,233,322,352,250,298,351,353,2,2,2,312,160,310,249,294,355,359,182,220,,302,,,b'\x11\xe8\xe1I\xca;\xbcF\xaf\x82\x12\xdf\x17\xaeN\x1e'
11E8E149-CA3B-BC46-AF82-12DF17AE4E1E,2024-ncaa-d1-conf-Pac-12,ncaa,12,12,9,12,12,12,12,12,11,9,7,11,12,12,12,12,8,5,12,5,6,12,10,11,11,12,12,12,2,9,8,7,10,8,8,11,11,9,11,12,12,12,7,8,,,1,1,,,11,11,8,12,12,12,12,7,3,12,12,7,5,5,12,9,8,6,6,11,10,12,7,,1,,,11,8,12,10,7,10,7,10,12,12,7,12,1,1,2,1,1,9,3,9,7,10,6,11,1,11,10,10,8,11,8,12,12,12,12,12,11,12,8,8,,,11,8,,,11,2,12,11,12,11,12,12,10,10,12,12,1,1,1,12,9,11,11,11,12,12,11,8,,10,,,b'\x11\xe8\xe1I\xca;\xbcF\xaf\x82\x12\xdf\x17\xaeN\x1e'
11E8E149-CA3B-BC46-AF82-12DF17AE4E1E,2024-ncaa-d1-natl,ncaa,266,296,130,289,173,242,224,195,248,146,81,283,323,333,242,333,197,161,298,162,248,199,234,282,282,242,318,321,121,224,264,73,225,117,215,198,145,72,111,136,346,348,46,55,,,2,2,,,303,230,274,259,279,262,248,154,76,327,341,203,166,171,243,284,236,41,95,209,79,348,43,,2,,,297,259,323,338,165,267,286,149,351,346,276,335,2,2,46,2,2,294,188,207,113,303,141,353,1,320,225,267,264,306,215,362,360,360,361,362,199,232,229,165,,,282,277,,,303,131,252,324,303,251,327,355,259,302,353,354,2,2,2,318,163,315,258,302,360,361,192,228,,304,,,b'\x11\xe8\xe1I\xca;\xbcF\xaf\x82\x12\xdf\x17\xaeN\x1e'
11E8E149-CA3B-BC46-AF82-12DF17AE4E1E,2025-ncaa-d0-natl,genius_ncaa,96,91,90,99,95,105,75,89,98,47,51,114,234,246,196,301,177,156,259,155,294,89,122,143,157,110,331,294,260,142,180,152,171,148,197,100,173,69,50,66,78,75,239,271,,,225,191,,330,102,117,200,120,107,71,82,40,54,261,281,218,190,188,92,169,176,225,209,103,48,83,263,,171,,326,102,194,189,211,155,180,240,96,227,162,298,139,170,115,349,116,99,203,232,164,177,119,201,225,165,193,171,255,180,236,197,201,196,77,79,105,49,35,132,47,,,119,132,,89,102,241,109,118,105,124,129,129,120,181,185,110,141,92,95,108,154,155,199,181,158,87,40,109,,141,,103,b'\x11\xe8\xe1I\xca;\xbcF\xaf\x82\x12\xdf\x17\xaeN\x1e'
11E8E149-CA3B-BC46-AF82-12DF17AE4E1E,2025-ncaa-d1-conf-Big Ten,genius_ncaa,11,8,9,11,10,13,14,12,17,12,4,17,17,16,16,17,13,11,13,11,15,11,13,17,17,14,16,17,8,10,13,15,15,13,15,16,14,3,4,14,5,4,15,13,,,8,11,,8,13,13,16,5,15,15,11,11,3,17,17,13,11,12,11,13,11,16,13,17,3,5,15,,7,,12,13,1,1,2,6,1,2,4,9,7,16,13,4,1,18,1,7,2,6,6,7,4,17,17,7,8,15,15,13,13,15,3,8,5,3,2,3,2,11,8,,,11,7,,7,13,5,14,7,13,3,4,1,2,1,11,8,5,1,1,1,5,11,16,16,3,4,2,11,,12,,7,b'\x11\xe8\xe1I\xca;\xbcF\xaf\x82\x12\xdf\x17\xaeN\x1e'
11E8E149-CA3B-BC46-AF82-12DF17AE4E1E,2025-ncaa-d1-natl,genius_ncaa,107,91,113,103,118,123,89,113,104,55,61,135,251,259,201,302,200,175,252,174,293,110,149,150,167,115,328,296,254,174,193,187,182,186,213,115,177,53,54,70,93,84,253,276,,,196,197,,327,111,148,206,113,112,77,89,43,57,265,284,219,188,187,99,181,185,234,224,112,49,92,265,,179,,330,110,167,168,180,168,157,213,106,210,141,306,135,155,102,350,102,102,165,202,178,191,140,201,225,163,172,182,230,193,205,213,185,201,92,92,112,41,37,117,50,,,138,126,,99,111,207,112,134,112,136,137,134,130,186,191,110,146,95,94,111,152,158,208,189,167,98,47,112,,140,,101,b'\x11\xe8\xe1I\xca;\xbcF\xaf\x82\x12\xdf\x17\xaeN\x1e'
11E8E149-CA3B-BC46-AF82-12DF17AE4E1E,2025-ncaa-d1-ncaatournament,genius_ncaa,17,2,17,17,18,28,29,29,21,29,26,32,24,35,8,54,23,19,60,19,14,26,27,23,28,31,32,36,26,27,23,22,34,23,16,36,64,49,49,56,28,44,33,50,,,46,52,,65,27,25,57,4,33,33,51,34,28,31,55,28,15,13,42,32,34,16,24,55,49,43,43,,49,,67,26,36,34,42,15,40,47,13,26,35,20,15,54,54,37,52,50,43,43,12,20,24,34,18,63,44,34,36,23,38,16,38,42,29,46,37,49,47,1,1,,,17,3,,7,27,40,32,21,26,19,13,33,25,47,16,17,55,56,55,39,32,39,11,18,27,43,47,1,,5,,3,b'\x11\xe8\xe1I\xca;\xbcF\xaf\x82\x12\xdf\x17\xaeN\x1e'
11E8E149-CA3B-BC46-AF82-12DF17AE4E1E,2026-ncaa-d0-natl,genius_ncaa,5,13,9,13,20,13,11,25,13,7,20,11,67,91,73,238,79,137,13,133,329,28,36,17,16,17,336,256,314,99,137,62,128,72,109,11,63,234,70,21,6,16,61,67,,,213,43,,349,22,29,139,97,27,21,77,16,70,138,218,181,281,277,117,189,229,204,222,18,63,17,96,,46,,309,28,253,288,309,110,267,281,149,287,321,89,285,105,119,129,103,38,292,331,121,93,37,139,255,39,262,128,240,137,254,109,292,223,6,18,44,131,45,295,137,,,104,297,,268,22,336,24,35,28,39,79,88,81,55,134,207,25,21,19,31,144,92,38,41,126,20,38,189,,286,,328,b'\x11\xe8\xe1I\xca;\xbcF\xaf\x82\x12\xdf\x17\xaeN\x1e'
11E8E149-CA3B-BC46-AF82-12DF17AE4E1E,2026-ncaa-d1-conf-Big Ten,genius_ncaa,10,10,1,10,3,13,14,9,15,12,5,14,14,14,13,14,9,12,6,12,15,10,13,16,16,14,13,13,6,14,17,14,18,16,18,15,16,5,7,15,15,18,12,13,,,7,7,,1,15,8,9,3,13,14,9,12,5,14,14,9,12,12,10,13,14,14,16,15,5,15,12,,7,,1,15,13,12,15,10,11,11,10,10,11,8,11,13,13,5,12,12,16,15,10,8,12,11,10,9,14,18,18,17,17,18,14,15,10,14,14,8,8,15,15,,,6,6,,15,15,9,14,13,16,13,12,15,11,11,10,11,13,13,12,16,15,14,18,17,14,10,8,15,,6,,15,b'\x11\xe8\xe1I\xca;\xbcF\xaf\x82\x12\xdf\x17\xaeN\x1e'
11E8E149-CA3B-BC46-AF82-12DF17AE4E1E,2026-ncaa-d1-natl,genius_ncaa,5,13,13,13,35,16,12,37,13,8,33,13,92,131,80,235,111,178,12,171,333,46,56,18,16,19,334,249,313,151,171,90,147,106,135,11,65,183,76,24,11,22,76,75,,,171,47,,345,22,51,157,100,32,23,96,17,80,155,227,195,288,283,145,218,264,232,263,18,69,23,110,,50,,320,29,215,249,277,140,229,230,182,270,304,108,289,72,71,140,59,38,244,306,158,118,53,131,253,39,225,147,194,171,206,135,272,227,11,27,68,99,47,280,160,,,146,286,,284,22,313,26,47,29,58,100,101,99,61,160,213,27,24,21,41,135,100,40,46,153,31,42,208,,288,,329,b'\x11\xe8\xe1I\xca;\xbcF\xaf\x82\x12\xdf\x17\xaeN\x1e'
11E8E149-CA40-274A-AF82-12DF17AE4E1E,2010-ncaa-d0-natl,ncaa,242,269,122,264,150,255,244,261,190,158,143,191,323,320,311,317,174,111,305,123,133,240,214,257,257,264,308,327,73,67,6,282,155,186,27,268,269,224,261,286,295,274,262,266,,,195,308,,,234,270,333,135,296,277,309,164,161,328,326,181,111,117,291,275,47,324,220,298,215,313,270,,185,,,229,96,164,79,309,253,144,313,25,30,82,48,72,78,138,74,90,73,61,266,240,233,11,24,99,44,155,11,6,10,27,102,90,236,160,189,96,132,343,336,,,44,3,,,234,76,222,204,235,70,141,25,242,117,19,21,65,73,76,17,9,26,6,7,95,257,99,344,,19,,,"b""\x11\xe8\xe1I\xca@'J\xaf\x82\x12\xdf\x17\xaeN\x1e"""
11E8E149-CA40-274A-AF82-12DF17AE4E1E,2010-ncaa-d1-conf-Pac-12,ncaa,9,10,4,10,4,10,10,8,8,7,7,8,9,7,9,7,9,4,8,6,3,8,8,9,9,9,8,8,3,3,2,10,6,8,4,10,7,9,10,10,9,9,10,10,,,4,7,,,10,9,10,3,10,10,10,8,9,10,8,9,5,6,10,10,4,10,10,10,8,9,10,,5,,,10,7,8,3,10,9,4,10,2,2,10,2,2,2,7,2,2,2,1,10,9,9,2,3,2,2,6,2,2,2,4,9,6,8,6,8,7,8,10,10,,,1,1,,,10,1,9,9,10,7,7,2,8,3,2,2,2,2,2,1,1,2,1,1,8,7,6,10,,1,,,"b""\x11\xe8\xe1I\xca@'J\xaf\x82\x12\xdf\x17\xaeN\x1e"""
11E8E149-CA40-274A-AF82-12DF17AE4E1E,2010-ncaa-d1-natl,ncaa,250,269,134,267,165,273,259,284,196,171,155,196,325,325,313,317,179,123,305,132,129,263,240,266,265,271,309,326,71,71,6,297,159,200,28,285,277,213,260,289,307,279,265,268,,,182,310,,,237,299,333,135,299,282,312,169,163,328,326,181,110,118,293,276,49,325,223,304,218,315,272,,183,,,235,73,147,49,310,247,131,315,24,25,87,47,67,68,139,64,92,40,33,270,251,242,10,24,97,38,159,6,6,6,28,93,94,250,166,193,91,135,343,337,,,52,3,,,237,45,225,214,239,70,149,24,248,118,20,21,69,72,75,17,9,28,6,7,99,263,101,344,,20,,,"b""\x11\xe8\xe1I\xca@'J\xaf\x82\x12\xdf\x17\xaeN\x1e"""
11E8E149-CA40-274A-AF82-12DF17AE4E1E,2011-ncaa-d0-natl,ncaa,262,279,170,270,224,292,295,301,265,330,332,249,81,66,160,15,324,270,342,270,56,303,282,202,247,272,17,10,292,196,145,281,311,265,253,234,53,248,307,259,64,28,44,18,,,10,14,,,219,293,318,257,314,313,323,338,337,66,43,328,276,282,323,306,194,297,286,231,262,58,29,,9,,,219,35,79,96,115,59,66,115,200,194,209,275,5,6,23,6,26,48,69,151,86,81,157,298,13,240,311,71,145,128,253,208,312,192,114,217,170,236,164,318,,,276,212,,,219,46,274,125,227,48,103,111,75,69,222,218,6,12,12,45,45,267,86,158,228,176,185,186,,286,,,"b""\x11\xe8\xe1I\xca@'J\xaf\x82\x12\xdf\x17\xaeN\x1e"""
11E8E149-CA40-274A-AF82-12DF17AE4E1E,2011-ncaa-d1-conf-Pac-12,ncaa,10,10,7,10,9,10,10,10,9,10,10,8,5,3,7,2,10,10,9,10,3,10,10,8,10,10,3,3,9,9,6,10,10,10,8,10,4,9,10,10,2,2,1,1,,,1,2,,,8,10,10,5,10,10,10,10,10,3,3,10,10,10,10,10,8,9,10,10,9,2,1,,1,,,8,3,4,4,5,4,3,4,8,5,8,9,1,2,4,2,3,3,1,5,4,4,6,9,2,7,10,4,6,5,8,6,10,9,4,7,7,9,6,10,,,10,8,,,8,1,10,6,9,4,5,4,4,3,8,8,2,2,2,4,4,7,5,7,6,7,8,6,,10,,,"b""\x11\xe8\xe1I\xca@'J\xaf\x82\x12\xdf\x17\xaeN\x1e"""
11E8E149-CA40-274A-AF82-12DF17AE4E1E,2011-ncaa-d1-natl,ncaa,268,277,199,274,260,305,306,319,269,336,336,250,87,71,163,15,327,285,342,286,55,316,304,207,249,277,17,10,290,216,151,296,312,281,255,241,53,237,312,264,76,34,47,18,,,8,13,,,224,315,318,260,316,315,324,339,337,66,41,329,281,284,325,307,198,298,289,236,263,60,30,,10,,,224,22,65,77,121,46,50,117,189,178,211,276,3,5,26,5,25,31,45,157,90,88,153,297,11,225,312,51,151,98,255,201,312,214,119,226,150,243,152,320,,,292,211,,,224,25,278,138,233,51,107,116,77,70,224,218,7,12,12,49,43,268,88,159,234,184,188,190,,288,,,"b""\x11\xe8\xe1I\xca@'J\xaf\x82\x12\xdf\x17\xaeN\x1e"""
11E8E149-CA40-274A-AF82-12DF17AE4E1E,2012-ncaa-d0-natl,ncaa,123,107,120,121,123,128,114,175,59,130,250,19,97,72,232,56,247,232,214,233,163,187,204,54,72,69,168,103,289,296,313,37,99,144,173,118,163,83,111,85,129,140,19,14,,,31,16,,,104,168,214,27,137,107,201,133,285,101,67,258,263,262,228,257,316,18,143,119,70,135,15,,25,,,103,120,131,262,24,64,222,9,300,282,275,259,47,75,39,78,57,233,206,49,25,65,291,323,60,232,99,203,313,217,173,192,246,227,261,233,69,98,19,35,,,238,225,,,104,193,115,76,90,99,121,272,50,224,293,266,45,64,62,235,188,227,183,212,184,254,74,18,,280,,,"b""\x11\xe8\xe1I\xca@'J\xaf\x82\x12\xdf\x17\xaeN\x1e"""
11E8E149-CA40-274A-AF82-12DF17AE4E1E,2012-ncaa-d1-conf-Pac-12,ncaa,6,6,5,7,5,8,6,11,3,7,12,2,3,2,6,2,9,10,4,10,7,10,10,2,2,2,5,4,11,11,11,5,8,9,8,8,8,7,9,9,6,6,3,2,,,2,2,,,6,7,9,3,8,6,11,7,12,3,2,9,10,10,10,10,11,6,10,8,8,5,2,,1,,,6,6,7,7,4,4,8,3,9,7,9,7,3,4,4,4,3,6,6,4,3,4,10,10,3,12,8,4,11,8,8,8,11,9,9,10,4,7,1,3,,,10,7,,,6,6,4,8,6,4,7,10,4,8,10,7,3,4,4,10,7,10,4,8,9,10,5,2,,10,,,"b""\x11\xe8\xe1I\xca@'J\xaf\x82\x12\xdf\x17\xaeN\x1e"""
11E8E149-CA40-274A-AF82-12DF17AE4E1E,2012-ncaa-d1-natl,ncaa,90,107,55,101,56,92,65,102,42,79,200,13,85,56,229,66,220,195,221,190,180,113,124,41,60,56,193,116,305,261,296,19,79,71,137,70,151,124,110,71,80,117,12,16,,,53,14,,,66,85,199,32,119,88,179,109,268,101,68,259,258,258,209,246,301,13,127,91,82,110,15,,22,,,66,163,174,308,20,93,279,8,304,294,241,257,63,83,43,82,49,294,271,35,19,51,274,316,55,252,79,262,296,271,137,241,262,161,228,208,94,81,27,36,,,189,242,,,66,270,101,47,58,87,112,265,49,217,273,259,39,50,50,223,186,202,166,183,182,228,68,22,,280,,,"b""\x11\xe8\xe1I\xca@'J\xaf\x82\x12\xdf\x17\xaeN\x1e"""
11E8E149-CA40-274A-AF82-12DF17AE4E1E,2013-ncaa-d0-natl,ncaa,290,284,251,293,253,285,250,261,230,262,280,193,174,139,239,77,336,332,285,330,312,286,289,209,259,264,182,96,328,275,263,88,128,159,162,275,263,126,222,260,335,336,21,20,,,160,245,,,240,286,258,22,278,237,211,237,267,140,96,335,328,324,263,252,252,15,69,270,193,326,11,,231,,,243,69,48,165,20,46,212,6,146,104,277,85,231,259,54,259,229,184,82,23,31,138,284,212,284,206,128,138,263,172,162,43,85,343,342,279,148,222,121,198,,,328,310,,,240,62,270,176,245,150,101,281,86,297,187,149,268,292,293,301,165,266,240,266,77,338,193,159,,312,,,"b""\x11\xe8\xe1I\xca@'J\xaf\x82\x12\xdf\x17\xaeN\x1e"""
11E8E149-CA40-274A-AF82-12DF17AE4E1E,2013-ncaa-d1-conf-Pac-12,ncaa,10,10,9,10,9,12,10,11,5,10,11,5,3,5,4,3,12,12,11,12,11,11,11,5,7,8,6,2,12,11,10,7,10,9,9,10,8,9,11,10,12,12,2,2,,,9,10,,,10,10,10,1,12,8,11,9,11,2,3,12,12,12,11,11,11,3,8,9,9,12,2,,12,,,10,5,3,5,3,2,8,2,4,3,10,1,12,12,3,12,12,6,5,2,3,5,11,4,12,10,10,7,10,7,9,3,3,11,11,7,10,10,2,6,,,12,11,,,10,3,11,7,9,6,6,7,4,11,4,4,12,12,12,9,7,11,8,8,4,10,10,4,,11,,,"b""\x11\xe8\xe1I\xca@'J\xaf\x82\x12\xdf\x17\xaeN\x1e"""
11E8E149-CA40-274A-AF82-12DF17AE4E1E,2013-ncaa-d1-natl,ncaa,270,282,136,275,140,238,201,194,205,219,240,179,138,105,218,82,320,306,304,303,289,222,221,193,242,249,181,99,323,240,249,45,117,94,148,252,269,167,202,246,315,322,15,17,,,217,245,,,213,208,251,26,258,218,203,224,259,130,98,330,313,312,246,244,235,12,61,269,177,315,11,,228,,,212,127,76,239,16,68,258,6,182,157,237,104,254,285,52,291,228,261,165,18,23,118,286,224,284,253,117,227,249,251,148,69,115,340,338,276,162,194,120,161,,,293,306,,,213,136,249,152,210,131,86,279,80,291,187,169,262,284,287,297,163,261,234,261,84,336,166,131,,303,,,"b""\x11\xe8\xe1I\xca@'J\xaf\x82\x12\xdf\x17\xaeN\x1e"""
11E8E149-CA40-274A-AF82-12DF17AE4E1E,2014-ncaa-d0-natl,ncaa,47,72,28,72,49,62,66,96,51,181,251,54,12,24,14,33,190,146,291,145,66,103,82,20,42,66,37,17,312,94,78,10,112,23,36,64,113,296,234,141,277,322,6,18,,,250,155,,,44,86,259,270,105,128,243,272,317,19,43,275,235,233,258,247,156,9,23,101,210,317,4,,137,,,49,172,186,329,6,285,347,6,16,38,23,5,256,269,118,272,54,329,291,3,5,32,30,9,268,330,112,142,78,251,36,70,23,338,349,269,247,181,26,50,,,75,119,,,44,267,57,58,43,50,57,309,189,347,8,14,175,182,183,301,143,281,33,104,28,349,157,11,,183,,,"b""\x11\xe8\xe1I\xca@'J\xaf\x82\x12\xdf\x17\xaeN\x1e"""
11E8E149-CA40-274A-AF82-12DF17AE4E1E,2014-ncaa-d1-conf-Pac-12,ncaa,2,2,2,2,3,6,5,8,2,9,12,2,3,3,3,1,9,8,7,8,2,8,7,2,2,2,2,2,10,6,2,2,7,2,3,3,6,12,12,9,12,12,1,1,,,5,5,,,2,8,10,10,6,5,11,10,12,3,3,10,10,10,10,10,7,4,4,4,12,12,1,,3,,,2,5,6,10,1,8,12,1,2,2,3,2,7,6,8,6,1,8,8,1,1,2,2,2,8,10,7,2,2,5,3,4,3,12,12,10,11,10,2,5,,,5,3,,,2,7,2,3,2,1,3,9,7,12,2,2,3,3,3,8,4,9,1,2,3,12,10,2,,7,,,"b""\x11\xe8\xe1I\xca@'J\xaf\x82\x12\xdf\x17\xaeN\x1e"""
11E8E149-CA40-274A-AF82-12DF17AE4E1E,2014-ncaa-d1-natl,ncaa,42,72,16,72,29,46,47,74,44,163,235,49,11,24,13,35,202,143,288,143,76,82,63,20,39,61,40,20,318,83,77,7,106,15,35,46,121,298,226,134,258,314,3,17,,,263,149,,,36,69,258,273,101,114,240,263,313,20,46,278,243,243,256,244,153,8,23,95,205,308,4,,131,,,40,189,200,338,4,286,348,6,21,50,32,6,259,271,118,274,48,338,305,3,5,32,33,14,260,333,106,160,77,262,35,79,25,334,349,266,241,167,27,46,,,68,133,,,36,286,49,55,36,49,54,310,176,347,8,15,170,176,177,296,142,278,31,96,28,348,140,11,,191,,,"b""\x11\xe8\xe1I\xca@'J\xaf\x82\x12\xdf\x17\xaeN\x1e"""
11E8E149-CA40-274A-AF82-12DF17AE4E1E,2014-ncaa-d1-ncaatournament,ncaa,17,2,17,17,17,27,28,21,44,33,34,51,9,10,18,4,33,29,56,28,15,24,28,30,39,38,4,4,47,19,15,22,36,21,23,20,11,36,31,28,27,45,8,3,,,46,59,,,16,31,56,3,35,42,29,57,57,2,4,46,37,37,35,36,13,14,8,17,28,45,2,,57,,,16,34,24,39,1,28,42,3,18,32,18,13,51,50,28,49,56,44,39,1,3,6,54,19,61,47,36,44,15,46,23,11,8,34,52,10,37,33,14,15,,,25,25,,,16,34,29,13,16,7,1,21,4,37,9,13,54,55,54,37,20,52,34,40,3,55,31,10,,31,,,"b""\x11\xe8\xe1I\xca@'J\xaf\x82\x12\xdf\x17\xaeN\x1e"""
11E8E149-CA40-274A-AF82-12DF17AE4E1E,2015-ncaa-d0-natl,ncaa,26,12,113,18,161,58,56,131,10,139,267,12,15,33,14,27,268,270,190,275,206,157,192,6,8,12,65,24,342,193,135,26,17,61,19,13,6,71,87,9,296,314,21,28,,,47,47,,,18,188,240,283,33,28,145,144,309,12,31,292,293,299,189,260,214,3,27,5,64,305,13,,35,,,14,61,107,271,13,205,323,6,16,22,86,5,62,85,40,82,21,242,151,4,4,50,15,31,112,115,17,52,135,57,19,5,1,332,340,149,59,73,38,78,,,228,233,,,18,168,11,41,12,37,91,281,182,340,15,12,59,85,81,238,83,86,37,37,6,341,53,33,,272,,,"b""\x11\xe8\xe1I\xca@'J\xaf\x82\x12\xdf\x17\xaeN\x1e"""
11E8E149-CA40-274A-AF82-12DF17AE4E1E,2015-ncaa-d1-conf-Pac-12,ncaa,1,1,8,1,12,5,5,11,1,11,12,1,1,1,3,1,10,10,5,10,2,11,11,1,1,2,2,1,11,9,3,1,1,2,1,1,1,5,8,1,11,10,1,2,,,1,1,,,1,11,9,9,2,1,9,10,12,1,1,10,10,10,10,10,6,1,1,1,6,11,1,,1,,,1,1,2,6,1,3,12,1,2,1,8,1,2,2,3,2,1,6,2,1,1,2,2,2,6,3,1,1,3,2,1,2,2,12,12,8,4,5,1,6,,,9,4,,,1,2,1,1,1,2,2,10,5,12,2,1,3,2,2,8,3,3,3,2,2,12,5,2,,5,,,"b""\x11\xe8\xe1I\xca@'J\xaf\x82\x12\xdf\x17\xaeN\x1e"""
11E8E149-CA40-274A-AF82-12DF17AE4E1E,2015-ncaa-d1-natl,ncaa,21,12,97,17,135,53,45,106,9,116,264,10,12,31,13,28,272,277,190,280,224,141,177,6,8,11,69,22,344,180,122,19,17,43,16,9,6,65,72,8,298,314,15,24,,,51,49,,,13,180,250,285,33,26,142,132,303,10,34,303,300,305,190,256,205,2,23,5,45,309,10,,31,,,11,52,99,278,13,204,329,2,16,20,64,5,73,90,58,86,23,256,161,3,4,46,17,31,132,121,17,48,122,55,16,2,1,333,337,141,52,68,38,73,,,235,254,,,13,170,10,36,9,31,75,275,165,338,15,13,65,84,83,233,78,87,33,33,4,340,47,33,,286,,,"b""\x11\xe8\xe1I\xca@'J\xaf\x82\x12\xdf\x17\xaeN\x1e"""
11E8E149-CA40-274A-AF82-12DF17AE4E1E,2015-ncaa-d1-ncaatournament,ncaa,17,2,17,17,17,25,27,31,27,30,32,13,13,13,27,11,18,19,39,19,3,30,29,16,17,19,6,15,14,31,38,26,31,28,25,22,12,44,46,32,17,13,13,8,,,42,32,,,23,25,40,4,25,41,55,52,61,11,17,10,10,10,47,47,50,31,39,21,40,16,6,,30,,,23,39,42,40,43,51,43,49,20,33,6,22,30,33,19,33,16,37,36,33,30,35,7,10,20,40,31,35,38,35,25,28,4,30,37,20,43,49,19,25,,,23,16,,,23,37,19,31,24,23,38,32,55,42,8,21,21,23,23,26,21,25,18,15,6,43,44,13,,23,,,"b""\x11\xe8\xe1I\xca@'J\xaf\x82\x12\xdf\x17\xaeN\x1e"""
11E8E149-CA40-274A-AF82-12DF17AE4E1E,2016-ncaa-d0-natl,ncaa,5,10,5,8,6,22,23,28,35,38,73,40,27,40,27,96,123,161,63,158,247,37,26,27,29,47,145,90,302,57,62,2,11,2,9,11,44,311,180,55,280,333,3,20,,,118,24,,,9,25,299,280,111,88,233,142,260,74,126,263,294,292,266,288,187,1,10,39,130,340,5,,13,,,12,138,197,345,1,280,349,1,41,57,39,5,112,129,85,135,11,343,323,1,1,6,20,31,128,282,11,194,62,242,9,43,9,318,348,208,292,173,115,63,,,81,247,,,9,324,40,7,10,7,15,240,67,345,7,10,24,30,32,185,35,76,17,27,3,349,137,28,,294,,,"b""\x11\xe8\xe1I\xca@'J\xaf\x82\x12\xdf\x17\xaeN\x1e"""
11E8E149-CA40-274A-AF82-12DF17AE4E1E,2016-ncaa-d1-conf-Pac-12,ncaa,1,1,4,1,4,4,4,9,1,7,11,1,2,2,3,2,9,8,8,8,5,8,6,1,3,3,4,3,10,8,6,1,1,2,1,2,1,9,9,2,10,10,1,3,,,2,3,,,1,6,10,6,7,7,11,10,12,3,3,9,9,9,12,12,10,1,2,1,7,12,2,,2,,,1,2,3,8,1,4,12,1,1,1,2,1,3,3,1,4,2,8,6,1,1,1,1,1,5,7,1,4,6,4,1,1,1,12,12,6,7,7,1,2,,,8,6,,,1,6,5,1,1,1,1,8,3,12,1,1,3,4,4,7,2,3,2,2,1,12,7,1,,10,,,"b""\x11\xe8\xe1I\xca@'J\xaf\x82\x12\xdf\x17\xaeN\x1e"""
11E8E149-CA40-274A-AF82-12DF17AE4E1E,2016-ncaa-d1-natl,ncaa,6,10,6,10,6,26,25,37,36,45,87,44,30,46,27,94,138,178,60,174,249,47,35,28,31,52,142,92,301,67,66,2,11,2,9,11,47,304,184,57,297,333,3,19,,,98,25,,,11,33,305,282,119,93,239,155,263,73,125,265,295,293,272,292,194,1,11,42,128,341,6,,14,,,12,118,176,344,1,266,349,1,29,43,45,5,98,111,85,119,11,342,311,1,1,7,19,31,127,263,11,165,66,215,9,34,9,331,348,214,278,180,99,68,,,103,243,,,11,311,44,8,11,7,16,243,77,345,7,10,24,31,33,186,34,79,17,27,4,349,140,33,,296,,,"b""\x11\xe8\xe1I\xca@'J\xaf\x82\x12\xdf\x17\xaeN\x1e"""
11E8E149-CA40-274A-AF82-12DF17AE4E1E,2016-ncaa-d1-ncaatournament,ncaa,3,2,3,3,3,4,4,4,23,6,6,16,5,3,31,14,5,5,27,5,33,4,3,17,18,19,23,20,43,2,11,2,16,3,6,2,12,64,31,16,8,37,3,16,,,56,7,,,4,4,61,1,26,26,39,34,50,15,15,36,41,40,39,40,23,3,3,9,32,39,14,,5,,,8,60,61,61,11,60,64,6,59,59,29,29,43,50,6,49,2,61,61,10,4,10,22,49,5,61,16,62,11,61,6,62,30,9,52,47,62,39,63,39,,,4,40,,,4,61,16,9,7,3,18,45,17,48,29,29,2,4,4,26,9,32,10,18,25,58,36,32,,44,,,"b""\x11\xe8\xe1I\xca@'J\xaf\x82\x12\xdf\x17\xaeN\x1e"""
11E8E149-CA40-274A-AF82-12DF17AE4E1E,2017-ncaa-d0-natl,ncaa,8,6,11,7,13,46,37,47,45,49,70,71,56,102,23,166,141,124,232,124,247,50,45,47,63,64,199,130,295,54,58,2,10,3,5,16,23,266,155,48,296,336,14,60,,,36,7,,,20,52,330,151,145,111,254,139,225,125,194,280,268,268,272,294,156,4,10,26,102,341,29,,4,,,26,155,236,338,6,297,349,5,44,103,24,13,46,52,126,50,3,331,300,3,3,16,10,41,45,232,10,179,58,209,5,91,28,331,348,270,277,192,151,92,,,126,281,,,20,300,52,21,18,4,38,246,121,337,12,22,8,11,11,168,23,65,20,22,18,349,149,63,,318,,,"b""\x11\xe8\xe1I\xca@'J\xaf\x82\x12\xdf\x17\xaeN\x1e"""
11E8E149-CA40-274A-AF82-12DF17AE4E1E,2017-ncaa-d1-conf-Pac-12,ncaa,1,1,1,1,1,5,5,7,3,8,11,3,2,4,3,3,9,9,11,9,7,7,5,2,4,5,4,2,12,5,3,1,1,1,1,1,1,10,10,5,12,12,2,7,,,1,1,,,3,6,12,3,5,6,12,10,11,2,5,11,11,11,12,12,6,1,1,1,7,12,4,,1,,,3,1,2,12,2,8,12,2,1,2,1,1,2,2,6,2,1,11,6,1,1,2,1,2,2,4,1,1,3,3,1,2,1,12,12,9,9,10,5,7,,,7,9,,,3,8,5,2,3,1,2,9,3,12,1,1,1,1,1,6,2,4,1,2,2,12,7,5,,11,,,"b""\x11\xe8\xe1I\xca@'J\xaf\x82\x12\xdf\x17\xaeN\x1e"""
11E8E149-CA40-274A-AF82-12DF17AE4E1E,2017-ncaa-d1-natl,ncaa,8,6,11,7,13,54,43,62,50,57,82,75,68,118,27,166,165,149,233,147,251,65,58,49,67,68,197,131,295,70,62,2,10,4,5,18,24,247,161,51,316,336,15,63,,,22,7,,,24,68,331,152,152,120,261,148,232,127,197,285,270,271,279,299,164,4,11,29,102,342,30,,4,,,32,121,211,337,7,287,349,5,38,75,28,13,37,41,128,39,3,327,281,4,3,22,10,39,47,212,10,141,62,176,5,76,28,342,348,278,264,197,134,99,,,153,282,,,24,287,62,24,23,6,44,248,126,337,13,21,11,12,12,171,23,69,20,25,19,349,149,64,,316,,,"b""\x11\xe8\xe1I\xca@'J\xaf\x82\x12\xdf\x17\xaeN\x1e"""
11E8E149-CA40-274A-AF82-12DF17AE4E1E,2017-ncaa-d1-ncaatournament,ncaa,9,2,9,9,9,16,16,15,32,13,13,10,35,16,60,35,19,22,27,22,47,15,14,42,40,44,60,57,39,11,18,8,9,8,4,15,23,56,50,38,24,47,5,7,,,43,8,,,17,15,56,6,48,34,48,19,36,59,41,39,45,49,53,50,19,4,6,28,45,48,1,,6,,,17,49,50,53,6,53,57,5,36,40,35,7,41,40,25,38,3,49,49,7,6,13,15,19,17,47,9,52,18,50,4,36,4,24,59,31,59,48,25,13,,,16,35,,,17,49,39,11,19,6,16,35,27,55,10,5,8,7,6,24,8,15,13,13,4,59,46,9,,37,,,"b""\x11\xe8\xe1I\xca@'J\xaf\x82\x12\xdf\x17\xaeN\x1e"""
11E8E149-CA40-274A-AF82-12DF17AE4E1E,2018-ncaa-d0-natl,ncaa,22,31,25,32,27,36,27,81,8,52,151,10,25,52,1,73,270,285,133,286,314,102,103,4,5,13,141,51,347,137,70,4,35,22,8,9,5,174,134,18,343,346,6,18,,,13,7,,,17,95,319,73,49,34,213,85,271,32,99,322,333,334,273,308,230,4,22,7,77,349,11,,3,,,17,174,240,336,6,261,343,8,146,237,39,86,33,36,166,40,5,326,270,7,4,62,49,152,34,282,35,53,70,121,8,164,81,346,349,344,212,180,69,60,,,215,269,,,17,265,15,80,13,48,99,316,145,335,74,126,13,12,12,275,62,184,8,23,75,349,122,35,,322,,,"b""\x11\xe8\xe1I\xca@'J\xaf\x82\x12\xdf\x17\xaeN\x1e"""
11E8E149-CA40-274A-AF82-12DF17AE4E1E,2018-ncaa-d1-conf-Pac-12,ncaa,4,3,8,4,8,6,6,11,2,7,11,2,3,6,2,3,11,11,5,11,10,11,11,2,2,2,5,2,11,8,4,1,3,2,1,3,1,10,11,4,12,12,1,2,,,1,1,,,4,11,11,2,3,3,11,7,11,3,5,11,11,12,11,10,7,1,2,2,11,12,1,,1,,,4,1,2,9,2,4,12,1,1,3,2,2,3,2,10,2,2,9,1,1,1,2,2,2,5,4,3,1,4,2,1,3,5,12,12,12,8,10,1,3,,,10,4,,,4,2,3,4,4,3,4,12,6,12,2,3,4,3,3,12,2,7,2,3,4,12,10,1,,10,,,"b""\x11\xe8\xe1I\xca@'J\xaf\x82\x12\xdf\x17\xaeN\x1e"""
11E8E149-CA40-274A-AF82-12DF17AE4E1E,2018-ncaa-d1-natl,ncaa,24,31,31,34,35,42,30,97,8,59,186,12,26,61,1,74,284,299,135,301,315,128,140,4,7,13,136,51,346,165,78,5,41,25,8,10,5,147,141,20,343,346,6,18,,,9,7,,,20,125,323,74,50,36,226,90,272,32,99,323,333,334,286,312,241,4,25,7,78,349,12,,3,,,24,145,223,333,8,252,340,8,132,211,41,84,21,27,171,29,5,321,246,8,4,72,48,150,34,273,41,27,78,91,8,151,83,348,349,345,191,184,58,65,,,244,270,,,20,236,15,88,14,53,107,317,155,335,77,126,14,12,12,276,60,186,8,23,76,349,125,35,,324,,,"b""\x11\xe8\xe1I\xca@'J\xaf\x82\x12\xdf\x17\xaeN\x1e"""
11E8E149-CA40-274A-AF82-12DF17AE4E1E,2018-ncaa-d1-ncaatournament,ncaa,5,2,5,5,5,8,11,10,28,14,11,35,4,6,19,25,3,3,16,4,7,9,8,22,14,24,13,23,11,13,33,5,16,7,17,6,7,58,44,31,26,59,9,33,,,58,17,,,22,8,57,7,39,45,63,49,53,22,36,13,18,19,60,61,47,2,19,17,36,60,19,,11,,,22,57,58,59,12,59,59,19,57,60,15,44,48,52,11,52,11,59,57,11,7,14,25,42,11,57,16,58,33,58,17,60,47,22,63,59,60,46,58,44,,,4,17,,,22,57,30,18,19,13,23,54,34,39,32,46,4,9,9,43,12,33,9,17,35,63,40,38,,23,,,"b""\x11\xe8\xe1I\xca@'J\xaf\x82\x12\xdf\x17\xaeN\x1e"""
11E8E149-CA40-274A-AF82-12DF17AE4E1E,2019-ncaa-d0-natl,ncaa,18,34,26,33,26,22,21,55,11,36,127,13,24,45,11,78,127,160,82,159,195,65,84,8,9,8,118,71,318,186,167,4,10,18,6,19,123,53,41,17,346,351,66,159,,,36,8,,,17,74,299,19,27,23,149,64,250,33,85,214,248,252,185,290,261,2,25,34,21,350,103,,6,,,18,244,287,344,16,278,344,14,248,294,83,163,54,50,160,44,6,337,274,16,9,138,95,222,30,174,10,128,167,141,6,170,58,349,351,350,106,82,55,44,,,160,239,,,17,286,12,117,16,90,152,333,157,328,158,216,23,23,20,303,73,72,23,25,82,351,54,29,,284,,,"b""\x11\xe8\xe1I\xca@'J\xaf\x82\x12\xdf\x17\xaeN\x1e"""
11E8E149-CA40-274A-AF82-12DF17AE4E1E,2019-ncaa-d1-conf-Pac-12,ncaa,3,3,7,3,7,5,5,11,2,5,11,2,6,7,5,6,6,7,5,7,4,10,11,2,3,2,7,7,7,9,7,2,3,4,3,8,9,2,4,2,12,12,3,5,,,1,1,,,3,11,11,3,4,4,10,3,9,6,7,5,6,6,8,11,9,1,3,7,2,12,3,,1,,,3,2,3,10,2,3,11,2,4,6,1,6,1,1,7,1,1,7,2,2,2,2,4,6,3,6,3,1,7,5,3,4,6,12,12,12,3,4,1,3,,,7,2,,,3,2,2,3,3,4,4,12,5,11,4,7,1,1,1,12,4,7,3,5,5,12,3,1,,5,,,"b""\x11\xe8\xe1I\xca@'J\xaf\x82\x12\xdf\x17\xaeN\x1e"""
11E8E149-CA40-274A-AF82-12DF17AE4E1E,2019-ncaa-d1-natl,ncaa,21,34,21,34,23,21,20,45,11,34,131,11,20,43,13,73,128,160,95,158,191,59,74,8,10,8,111,63,320,177,155,4,7,16,5,16,113,74,42,21,348,351,66,162,,,29,7,,,16,55,295,19,30,25,154,71,255,28,71,213,244,244,180,279,254,2,21,29,28,350,101,,6,,,18,255,296,344,18,278,343,14,252,298,81,160,60,55,170,47,6,339,290,18,9,144,92,219,31,183,7,119,155,134,5,177,58,350,351,349,133,85,49,43,,,146,236,,,16,298,11,124,13,99,162,335,169,331,164,217,23,23,22,307,76,72,22,25,92,351,61,26,,277,,,"b""\x11\xe8\xe1I\xca@'J\xaf\x82\x12\xdf\x17\xaeN\x1e"""
11E8E149-CA40-274A-AF82-12DF17AE4E1E,2019-ncaa-d1-ncaatournament,ncaa,9,2,9,9,9,14,15,15,34,12,14,23,27,11,60,45,5,5,34,5,1,13,12,39,35,35,39,57,2,12,24,9,9,10,10,12,19,55,38,37,31,59,11,29,,,52,31,,,33,12,49,6,36,46,51,28,41,60,43,4,3,3,37,31,24,3,10,29,38,61,25,,23,,,26,53,52,53,13,49,53,10,54,51,29,32,57,55,45,53,31,52,52,15,17,35,40,37,45,44,9,51,24,50,10,47,13,35,64,57,53,29,43,22,,,5,2,,,33,52,36,29,27,24,20,40,20,40,34,35,40,32,32,43,15,10,17,11,14,64,24,19,,1,,,"b""\x11\xe8\xe1I\xca@'J\xaf\x82\x12\xdf\x17\xaeN\x1e"""
11E8E149-CA40-274A-AF82-12DF17AE4E1E,2020-ncaa-d0-natl,ncaa,30,55,8,53,12,20,19,93,12,52,184,13,26,71,14,95,161,178,148,180,166,101,115,10,13,14,132,82,307,113,68,2,20,7,5,15,33,155,122,26,344,348,31,64,,,20,12,,,17,133,314,155,49,38,241,96,275,49,110,237,252,253,251,297,179,6,20,19,79,350,42,,6,,,18,139,206,344,16,204,339,14,187,248,77,145,42,32,230,33,11,324,219,17,11,78,107,206,33,181,20,45,68,71,5,172,146,349,350,341,181,137,89,91,,,137,162,,,17,223,14,74,17,44,91,293,101,299,120,171,17,13,16,226,36,96,11,12,86,351,94,50,,238,,,"b""\x11\xe8\xe1I\xca@'J\xaf\x82\x12\xdf\x17\xaeN\x1e"""
11E8E149-CA40-274A-AF82-12DF17AE4E1E,2020-ncaa-d1-conf-Pac-12,ncaa,5,5,3,5,5,4,4,6,2,6,8,3,4,7,3,6,8,8,8,8,7,6,9,3,2,2,7,5,9,7,6,1,1,3,2,3,3,4,5,3,12,12,5,5,,,1,1,,,3,9,11,6,4,4,10,5,9,4,7,8,9,9,9,10,7,1,2,3,4,12,5,,1,,,3,2,2,9,1,5,10,1,4,7,2,5,2,2,12,2,1,8,3,1,1,6,6,6,3,2,1,2,6,2,2,3,5,12,12,12,3,3,5,6,,,9,8,,,3,4,2,5,3,3,4,9,4,10,4,7,2,2,2,8,1,1,2,2,3,12,3,6,,10,,,"b""\x11\xe8\xe1I\xca@'J\xaf\x82\x12\xdf\x17\xaeN\x1e"""
11E8E149-CA40-274A-AF82-12DF17AE4E1E,2020-ncaa-d1-natl,ncaa,36,55,12,55,19,30,26,125,13,63,217,15,37,85,14,96,184,207,148,207,167,137,154,12,13,15,132,83,306,134,71,2,22,8,6,17,35,128,123,28,349,349,32,68,,,15,12,,,22,174,315,150,50,45,249,105,276,51,115,236,253,254,257,302,188,7,21,20,77,350,44,,6,,,23,113,182,337,17,183,332,16,170,222,79,144,38,26,235,28,10,313,175,18,11,85,102,207,32,164,22,32,71,51,6,157,148,349,350,342,152,146,82,98,,,164,160,,,22,180,15,84,20,51,99,294,110,303,121,172,19,13,15,231,35,99,12,14,97,351,98,52,,234,,,"b""\x11\xe8\xe1I\xca@'J\xaf\x82\x12\xdf\x17\xaeN\x1e"""
11E8E149-CA40-274A-AF82-12DF17AE4E1E,2021-ncaa-d0-natl,ncaa,151,83,248,122,254,197,205,276,27,238,270,68,121,218,2,130,190,211,88,217,83,272,277,20,15,19,64,75,175,321,320,150,105,237,132,130,33,51,121,45,326,341,53,40,,,36,10,,,141,265,227,50,82,101,279,183,259,52,170,99,136,142,251,306,333,10,129,35,73,341,21,,14,,,139,113,114,151,51,95,168,16,232,166,323,199,94,64,319,63,35,141,85,77,72,256,295,315,89,141,105,69,320,83,132,130,173,326,342,343,128,257,130,234,,,239,57,,,141,81,49,278,134,243,234,335,130,312,314,277,126,83,84,323,169,258,97,145,216,342,213,188,,141,,,"b""\x11\xe8\xe1I\xca@'J\xaf\x82\x12\xdf\x17\xaeN\x1e"""
11E8E149-CA40-274A-AF82-12DF17AE4E1E,2021-ncaa-d1-conf-Pac-12,ncaa,6,4,10,4,10,8,8,11,2,9,10,3,4,10,1,6,7,8,2,8,3,11,11,1,1,1,3,1,6,11,11,4,6,7,5,6,2,2,7,4,12,12,4,2,,,2,1,,,5,10,6,2,3,3,11,7,9,2,8,3,3,4,9,11,11,2,4,1,6,12,2,,1,,,5,4,4,7,2,3,7,2,8,6,9,5,3,3,10,3,2,7,4,3,3,9,11,10,3,7,6,2,11,4,5,5,6,12,12,12,5,8,1,3,,,8,2,,,5,3,3,9,5,9,10,12,9,12,10,9,7,5,5,12,12,12,3,8,8,12,8,2,,2,,,"b""\x11\xe8\xe1I\xca@'J\xaf\x82\x12\xdf\x17\xaeN\x1e"""
11E8E149-CA40-274A-AF82-12DF17AE4E1E,2021-ncaa-d1-natl,ncaa,139,82,231,110,233,180,188,263,22,231,264,53,106,194,3,123,170,197,116,199,64,259,268,16,14,18,67,75,174,311,318,135,112,225,129,106,28,58,113,32,315,338,37,27,,,41,9,,,127,248,226,51,72,91,271,171,268,53,153,94,122,129,244,308,332,11,124,26,67,337,20,,11,,,125,122,116,167,39,90,165,13,262,199,321,232,96,64,323,63,38,146,99,78,70,252,308,324,87,160,112,79,318,96,129,138,199,323,342,340,142,251,125,211,,,219,58,,,127,97,39,275,125,234,218,336,106,297,319,295,126,80,79,321,168,259,97,150,220,343,208,160,,128,,,"b""\x11\xe8\xe1I\xca@'J\xaf\x82\x12\xdf\x17\xaeN\x1e"""
11E8E149-CA40-274A-AF82-12DF17AE4E1E,2021-ncaa-d1-ncaatournament,ncaa,17,2,17,17,18,24,22,27,19,20,23,16,26,28,40,36,33,33,41,29,47,28,29,19,22,25,47,40,48,39,59,17,12,22,30,24,36,35,30,18,29,37,13,12,,,36,20,,,18,23,31,7,30,21,42,17,30,35,39,48,46,44,45,50,57,2,21,20,23,34,11,,16,,,15,35,38,44,6,41,45,12,28,38,12,24,39,33,49,34,18,44,40,5,7,12,28,22,35,33,12,44,59,43,30,32,20,31,48,33,44,45,54,55,,,29,40,,,18,42,33,10,16,12,17,40,23,45,16,24,32,21,23,39,29,24,36,32,13,48,38,54,,49,,,"b""\x11\xe8\xe1I\xca@'J\xaf\x82\x12\xdf\x17\xaeN\x1e"""
11E8E149-CA40-274A-AF82-12DF17AE4E1E,2022-ncaa-d0-natl,ncaa,123,157,79,146,88,115,113,141,86,126,154,104,106,134,79,139,174,199,84,190,212,145,141,85,84,101,164,131,228,251,269,14,7,45,35,59,40,200,175,86,339,353,25,35,,,30,16,,,138,117,243,130,153,145,250,178,231,130,166,216,248,242,258,270,302,3,32,56,140,353,30,,10,,,141,227,226,324,16,147,280,14,316,333,145,292,110,58,352,54,27,313,217,30,31,205,282,326,74,128,7,209,269,180,35,214,182,354,356,353,305,285,133,120,,,168,209,,,138,233,139,173,147,143,154,327,92,248,301,326,80,31,30,295,88,86,126,91,156,356,255,86,,245,,,"b""\x11\xe8\xe1I\xca@'J\xaf\x82\x12\xdf\x17\xaeN\x1e"""
11E8E149-CA40-274A-AF82-12DF17AE4E1E,2022-ncaa-d1-conf-Pac-12,ncaa,8,9,6,8,6,9,9,8,6,7,7,5,7,7,7,7,8,8,5,8,6,8,8,7,5,7,6,6,7,12,12,2,2,6,6,7,3,9,11,7,10,12,4,8,,,4,1,,,9,7,5,4,10,9,11,7,9,9,9,9,10,10,11,11,12,1,4,5,8,12,6,,1,,,9,8,10,11,2,10,11,3,7,11,2,9,5,4,11,4,1,10,6,2,2,7,5,9,2,7,2,10,12,8,6,8,5,11,12,12,12,12,7,6,,,7,7,,,9,6,10,7,9,9,8,12,7,12,10,11,3,2,2,11,8,7,9,9,8,12,12,5,,9,,,"b""\x11\xe8\xe1I\xca@'J\xaf\x82\x12\xdf\x17\xaeN\x1e"""
11E8E149-CA40-274A-AF82-12DF17AE4E1E,2022-ncaa-d1-natl,ncaa,135,157,100,157,114,142,144,174,93,158,181,115,123,151,81,142,195,228,87,218,211,183,185,91,94,108,157,133,223,279,273,16,11,54,41,73,43,180,183,93,349,354,30,38,,,19,17,,,164,153,252,122,171,164,260,189,239,129,172,216,251,246,268,282,305,3,40,61,142,353,30,,10,,,166,195,200,317,23,131,272,19,310,323,157,292,94,46,353,45,28,304,170,34,36,224,278,326,74,103,11,187,273,142,41,205,184,354,356,354,292,291,118,131,,,198,207,,,164,194,150,195,175,157,164,332,101,248,309,326,83,32,32,300,81,86,132,97,169,356,256,92,,250,,,"b""\x11\xe8\xe1I\xca@'J\xaf\x82\x12\xdf\x17\xaeN\x1e"""
11E8E149-CA40-274A-AF82-12DF17AE4E1E,2023-ncaa-d0-natl,ncaa,195,239,116,226,136,125,121,132,112,118,155,96,151,152,170,150,155,180,84,178,196,134,155,126,119,115,196,185,189,231,227,36,55,78,71,69,38,127,118,66,339,349,88,126,,,23,9,,,136,138,184,129,133,113,160,122,183,164,150,166,193,195,179,217,250,14,52,52,109,350,81,,12,,,135,208,240,322,35,191,323,18,281,276,227,203,56,27,356,27,9,305,221,46,39,169,209,295,36,203,55,175,227,190,71,163,96,355,360,339,221,220,186,160,,,123,104,,,136,227,128,166,138,182,222,350,168,343,277,274,49,26,26,329,184,185,150,158,141,359,193,165,,141,,,"b""\x11\xe8\xe1I\xca@'J\xaf\x82\x12\xdf\x17\xaeN\x1e"""
11E8E149-CA40-274A-AF82-12DF17AE4E1E,2023-ncaa-d1-conf-Pac-12,ncaa,10,10,4,10,4,7,7,7,5,8,10,5,6,6,8,4,8,9,5,9,8,8,5,4,4,7,7,7,10,10,10,2,1,5,5,5,2,10,11,9,11,12,5,5,,,2,3,,,10,4,6,6,8,9,12,7,11,7,6,10,10,10,10,10,12,2,3,3,11,12,5,,3,,,10,8,8,10,3,5,9,3,12,11,7,12,6,5,12,5,3,8,8,3,4,9,11,11,4,8,1,6,10,6,5,4,2,12,11,10,11,12,4,4,,,4,3,,,10,9,8,9,10,8,7,11,6,8,12,12,6,5,4,10,6,5,6,7,4,12,12,4,,4,,,"b""\x11\xe8\xe1I\xca@'J\xaf\x82\x12\xdf\x17\xaeN\x1e"""
11E8E149-CA40-274A-AF82-12DF17AE4E1E,2023-ncaa-d1-natl,ncaa,219,239,151,238,171,155,148,176,117,153,195,101,171,166,171,153,176,199,80,197,189,182,217,134,124,118,191,182,190,261,236,44,61,99,79,81,41,93,124,72,348,352,94,130,,,18,9,,,158,196,189,118,141,129,181,132,183,169,154,168,195,196,196,226,261,15,56,55,106,352,82,,14,,,155,176,219,311,43,163,313,19,269,258,240,201,48,21,357,23,9,286,169,54,45,190,207,292,34,178,61,138,236,153,79,143,97,360,360,343,196,226,171,172,,,156,94,,,158,174,133,188,157,194,235,352,172,346,283,276,50,26,26,330,183,191,156,162,153,360,201,172,,141,,,"b""\x11\xe8\xe1I\xca@'J\xaf\x82\x12\xdf\x17\xaeN\x1e"""
11E8E149-CA40-274A-AF82-12DF17AE4E1E,2024-ncaa-d0-natl,ncaa,20,40,13,36,13,40,28,70,16,59,152,17,26,39,27,63,183,182,172,188,206,82,88,14,15,21,131,63,335,235,249,6,21,17,20,11,17,165,100,19,347,353,23,71,,,83,19,,,31,61,282,40,71,52,230,115,285,45,82,275,275,282,254,308,316,5,36,20,58,356,29,,18,,,35,239,289,352,6,317,357,6,151,255,18,88,67,37,332,43,6,348,305,4,3,64,23,108,32,248,21,197,249,223,20,95,16,359,360,347,255,191,173,156,,,139,218,,,31,301,34,67,32,60,127,344,193,351,59,149,16,11,12,302,95,121,34,47,25,360,129,89,,283,,,"b""\x11\xe8\xe1I\xca@'J\xaf\x82\x12\xdf\x17\xaeN\x1e"""
11E8E149-CA40-274A-AF82-12DF17AE4E1E,2024-ncaa-d1-conf-Pac-12,ncaa,4,4,3,4,4,7,7,9,3,7,10,3,4,4,4,3,6,7,9,7,2,9,8,3,3,2,4,3,7,12,12,2,4,5,6,4,4,4,5,3,11,11,6,7,,,4,4,,,5,7,11,3,7,8,11,8,10,3,3,6,7,7,11,12,12,2,5,4,4,11,6,,3,,,5,2,3,11,2,6,12,2,2,3,1,3,4,2,10,2,2,10,6,1,1,3,2,3,5,6,4,4,12,6,6,3,2,11,11,10,8,10,3,3,,,5,2,,,5,6,5,3,5,3,5,11,6,12,2,3,4,2,3,10,3,6,4,5,4,11,8,3,,4,,,"b""\x11\xe8\xe1I\xca@'J\xaf\x82\x12\xdf\x17\xaeN\x1e"""
11E8E149-CA40-274A-AF82-12DF17AE4E1E,2024-ncaa-d1-natl,ncaa,25,40,16,39,16,52,35,90,17,69,186,18,30,46,28,63,204,213,170,218,208,108,113,15,16,24,128,63,333,272,262,8,22,20,24,13,18,133,103,19,355,357,24,72,,,58,21,,,38,79,292,40,83,60,241,126,291,48,85,284,278,285,261,317,322,5,46,19,63,359,30,,18,,,41,222,279,351,8,311,359,8,129,241,23,86,53,25,337,30,6,347,286,4,3,88,23,103,29,229,22,166,262,189,24,79,18,362,362,351,232,200,160,168,,,166,209,,,38,284,36,88,37,69,146,347,208,353,63,149,18,12,13,309,92,126,37,50,28,362,138,93,,285,,,"b""\x11\xe8\xe1I\xca@'J\xaf\x82\x12\xdf\x17\xaeN\x1e"""
11E8E149-CA40-274A-AF82-12DF17AE4E1E,2024-ncaa-d1-ncaatournament,ncaa,5,3,5,5,5,8,8,8,8,10,12,5,6,6,25,11,16,16,42,13,27,8,8,8,10,22,29,18,52,20,45,5,31,8,15,3,1,67,61,24,27,61,3,14,,,58,11,,,10,7,44,5,37,32,56,36,63,18,23,50,50,50,64,57,59,2,14,5,55,60,7,,10,,,13,62,62,64,2,66,66,2,55,64,4,25,52,48,57,46,3,64,62,1,1,4,9,15,18,66,31,61,45,62,15,55,6,26,67,46,67,56,57,47,,,8,32,,,10,62,35,6,12,7,21,68,32,65,10,37,9,7,6,64,40,54,8,20,6,67,53,31,,43,,,"b""\x11\xe8\xe1I\xca@'J\xaf\x82\x12\xdf\x17\xaeN\x1e"""
11E8E149-CA40-274A-AF82-12DF17AE4E1E,2025-ncaa-d0-natl,genius_ncaa,122,176,29,148,29,122,136,124,180,131,158,128,176,123,269,148,81,118,80,122,134,121,105,181,159,162,175,215,117,138,155,20,18,32,29,129,134,272,205,166,286,323,74,99,,,89,39,,346,164,103,333,5,234,236,285,228,264,228,181,156,202,212,286,300,208,18,53,190,146,335,97,,26,,337,164,243,272,332,46,191,293,42,334,333,224,315,31,30,220,29,13,305,245,87,48,185,262,337,17,156,18,224,155,201,29,331,322,340,360,356,189,148,229,223,,,97,119,,335,164,260,160,161,162,93,141,278,74,175,304,307,15,9,8,190,44,61,76,61,273,362,108,151,,200,,346,"b""\x11\xe8\xe1I\xca@'J\xaf\x82\x12\xdf\x17\xaeN\x1e"""
11E8E149-CA40-274A-AF82-12DF17AE4E1E,2025-ncaa-d1-conf-WCC,genius_ncaa,3,4,1,4,1,4,5,6,5,6,6,4,6,5,5,6,2,3,7,3,3,5,4,5,4,4,5,7,2,6,4,1,1,1,2,7,6,8,7,7,9,9,4,5,,,2,2,,11,4,3,11,1,6,6,10,8,9,7,8,3,3,3,9,8,7,1,2,8,5,9,4,,2,,11,4,5,4,11,1,2,6,1,11,11,9,11,1,2,2,2,2,9,8,2,2,2,11,11,1,4,1,4,4,5,2,9,10,9,10,9,4,3,7,7,,,3,2,,10,4,9,4,1,4,1,2,8,1,4,11,11,1,1,1,6,1,4,2,2,6,10,3,7,,4,,10,"b""\x11\xe8\xe1I\xca@'J\xaf\x82\x12\xdf\x17\xaeN\x1e"""
11E8E149-CA40-274A-AF82-12DF17AE4E1E,2025-ncaa-d1-natl,genius_ncaa,117,176,25,146,25,121,128,119,178,123,148,114,185,123,290,148,75,108,76,122,125,110,94,180,163,167,185,225,105,141,157,21,24,30,31,124,133,280,215,178,275,304,71,102,,,83,37,,347,169,93,327,5,234,245,292,226,266,238,184,144,189,203,296,297,214,20,60,192,156,323,104,,23,,337,171,257,289,338,53,191,297,41,339,342,232,318,30,29,224,27,11,320,271,94,53,185,267,343,14,177,24,220,157,199,31,335,318,326,358,353,196,151,222,223,,,83,98,,333,169,272,173,166,169,100,140,275,72,168,309,311,12,6,5,188,46,76,62,58,271,362,111,152,,187,,346,"b""\x11\xe8\xe1I\xca@'J\xaf\x82\x12\xdf\x17\xaeN\x1e"""
11E8E149-CA40-274A-AF82-12DF17AE4E1E,2025-ncaa-d1-ncaatournament,genius_ncaa,37,2,37,37,38,60,56,61,52,51,64,18,57,46,58,10,53,59,47,53,34,63,61,51,54,58,53,45,45,54,48,37,2,39,8,50,33,21,54,50,68,68,47,46,,,1,5,,9,51,61,49,7,60,55,56,48,63,50,18,50,56,49,60,57,49,3,14,46,45,68,36,,1,,13,55,9,19,19,43,16,22,41,16,19,42,37,2,1,40,1,2,13,5,37,31,51,11,39,2,2,2,10,48,3,8,9,16,67,66,67,23,61,4,13,,,50,31,,32,51,14,60,35,54,33,50,46,46,52,36,37,2,1,1,32,5,2,39,8,32,67,49,5,,36,,15,"b""\x11\xe8\xe1I\xca@'J\xaf\x82\x12\xdf\x17\xaeN\x1e"""
11E8E149-CA40-274A-AF82-12DF17AE4E1E,2026-ncaa-d0-natl,genius_ncaa,163,152,206,171,216,195,183,271,52,174,248,81,186,264,59,215,232,222,222,221,149,267,270,60,65,92,208,163,243,225,78,198,114,214,48,229,298,124,227,209,307,314,106,88,,,10,5,,180,186,272,320,97,158,140,305,139,244,154,253,210,201,199,306,324,213,137,149,222,176,324,73,,4,,220,188,143,178,158,215,165,158,185,232,186,264,227,33,37,133,38,35,140,91,219,188,288,138,275,24,82,114,32,78,39,48,203,202,346,356,351,171,263,59,99,,,223,106,,344,186,93,94,277,179,211,261,276,242,253,282,249,42,38,40,232,47,117,14,24,254,363,232,69,,177,,347,"b""\x11\xe8\xe1I\xca@'J\xaf\x82\x12\xdf\x17\xaeN\x1e"""
11E8E149-CA40-274A-AF82-12DF17AE4E1E,2026-ncaa-d1-natl,genius_ncaa,110,152,85,156,117,128,116,155,85,123,149,116,119,168,74,194,185,162,249,160,191,157,151,88,102,116,189,140,267,101,48,77,80,70,32,183,291,199,180,196,271,294,34,32,,,5,2,,201,155,174,306,100,163,137,227,145,195,143,216,244,213,209,233,255,129,74,74,216,153,311,29,,2,,160,163,233,274,299,156,214,249,127,328,312,276,301,35,27,194,30,12,249,190,192,142,262,200,335,12,148,80,98,48,114,32,262,163,335,353,339,274,257,108,92,,,146,149,,321,155,191,101,244,158,177,250,295,165,214,321,301,19,14,15,218,50,106,28,35,217,357,248,83,,199,,333,"b""\x11\xe8\xe1I\xca@'J\xaf\x82\x12\xdf\x17\xaeN\x1e"""
11E8E149-CA44-EE2E-AF82-12DF17AE4E1E,2010-ncaa-d0-natl,ncaa,309,317,241,317,242,226,225,168,278,273,280,220,72,36,247,25,291,240,322,229,123,177,144,236,276,282,62,38,283,191,271,275,315,244,326,228,214,301,281,284,115,128,136,147,,,232,208,,,307,134,24,6,190,186,63,262,262,48,14,281,216,205,82,23,147,260,221,196,320,71,114,,300,,,302,287,276,178,322,294,227,309,146,101,259,89,259,248,217,247,213,189,232,309,314,266,100,88,201,249,315,305,271,297,326,288,236,69,80,191,297,280,337,340,,,195,257,,,307,216,282,279,298,332,331,292,330,309,190,151,296,284,285,313,331,300,333,335,323,25,315,343,,123,,,b'\x11\xe8\xe1I\xcaD\xee.\xaf\x82\x12\xdf\x17\xaeN\x1e'
11E8E149-CA44-EE2E-AF82-12DF17AE4E1E,2010-ncaa-d1-conf-Big West,ncaa,8,8,5,8,5,8,9,6,9,9,9,7,2,1,5,1,7,6,9,6,2,7,3,7,8,9,1,1,6,5,9,7,9,8,9,9,7,9,9,9,3,3,3,5,,,5,4,,,8,1,2,1,9,9,5,9,8,2,1,7,5,4,5,1,6,7,8,8,9,2,3,,7,,,8,9,9,8,9,9,9,9,2,2,2,1,5,5,2,6,4,9,9,6,5,4,1,2,5,9,9,9,9,9,9,8,4,2,3,4,9,9,9,9,,,6,8,,,8,9,9,6,8,8,9,9,9,9,2,3,6,7,7,8,9,9,9,9,8,2,9,9,,5,,,b'\x11\xe8\xe1I\xcaD\xee.\xaf\x82\x12\xdf\x17\xaeN\x1e'
11E8E149-CA44-EE2E-AF82-12DF17AE4E1E,2010-ncaa-d1-natl,ncaa,318,317,276,321,277,243,241,181,284,293,303,226,79,40,250,25,300,252,324,243,119,193,159,241,278,284,59,39,283,203,272,293,320,265,327,241,215,288,281,286,126,134,140,151,,,217,208,,,313,146,26,6,196,193,65,266,263,49,14,279,217,207,88,26,148,264,224,204,320,78,117,,302,,,314,281,271,165,322,291,219,310,142,94,262,88,247,238,217,238,212,178,214,310,316,275,102,89,198,241,320,296,272,290,327,285,236,80,83,195,292,282,337,341,,,206,253,,,313,205,289,288,306,333,332,295,331,311,192,146,300,285,288,314,331,302,334,335,323,29,316,343,,122,,,b'\x11\xe8\xe1I\xcaD\xee.\xaf\x82\x12\xdf\x17\xaeN\x1e'
11E8E149-CA44-EE2E-AF82-12DF17AE4E1E,2011-ncaa-d0-natl,ncaa,262,301,119,280,142,165,156,125,188,157,173,151,140,105,244,111,216,173,263,172,184,133,93,187,199,241,165,129,237,106,126,181,169,132,155,114,97,316,281,227,206,228,65,73,,,299,298,,,274,99,82,192,181,169,141,178,199,143,103,237,196,195,149,82,111,214,137,124,302,212,54,,303,,,270,298,252,204,265,265,250,226,177,117,305,84,325,316,307,317,277,248,226,260,296,299,207,116,295,166,169,214,126,196,155,287,253,178,226,259,332,310,266,266,,,158,228,,,274,238,232,284,276,292,243,184,245,242,167,108,317,300,303,245,233,150,199,175,276,195,320,257,,169,,,b'\x11\xe8\xe1I\xcaD\xee.\xaf\x82\x12\xdf\x17\xaeN\x1e'
11E8E149-CA44-EE2E-AF82-12DF17AE4E1E,2011-ncaa-d1-conf-Big West,ncaa,6,7,3,7,3,5,4,4,6,5,2,6,6,5,6,6,4,3,8,3,5,3,2,7,7,8,5,6,2,2,2,3,3,3,3,4,6,9,9,9,6,6,2,4,,,9,9,,,6,3,2,3,8,8,6,7,4,6,5,5,2,2,5,2,1,3,3,9,9,6,3,,9,,,6,7,5,6,5,7,8,3,3,3,7,2,9,9,6,9,7,8,7,4,6,5,2,2,8,4,3,5,2,5,3,4,5,5,6,5,9,8,7,6,,,4,5,,,6,7,7,5,6,5,4,3,7,8,3,3,9,9,9,6,6,3,6,6,3,6,8,7,,4,,,b'\x11\xe8\xe1I\xcaD\xee.\xaf\x82\x12\xdf\x17\xaeN\x1e'
11E8E149-CA44-EE2E-AF82-12DF17AE4E1E,2011-ncaa-d1-natl,ncaa,268,301,132,284,163,186,176,141,195,176,192,156,146,116,243,111,232,189,262,186,188,155,111,192,207,241,162,126,231,118,131,205,172,152,164,131,100,307,284,228,218,232,67,77,,,292,298,,,280,113,82,190,188,173,143,185,202,144,105,240,200,199,154,84,117,216,145,128,303,218,54,,302,,,276,290,236,181,272,246,234,231,166,102,307,80,322,309,311,311,279,227,205,263,299,308,203,115,295,148,172,198,131,174,164,283,254,199,229,265,332,315,266,270,,,175,227,,,280,218,234,294,283,297,245,187,252,246,168,108,320,303,306,246,236,154,201,177,278,204,322,261,,167,,,b'\x11\xe8\xe1I\xcaD\xee.\xaf\x82\x12\xdf\x17\xaeN\x1e'
11E8E149-CA44-EE2E-AF82-12DF17AE4E1E,2012-ncaa-d0-natl,ncaa,123,129,81,130,91,56,79,62,120,89,90,138,77,94,83,150,32,26,184,26,53,51,44,115,96,111,95,136,95,49,79,145,174,75,127,100,218,278,171,177,51,81,113,165,,,320,296,,,135,47,45,79,44,80,72,108,130,90,115,26,27,32,46,27,62,211,108,123,237,63,127,,318,,,135,305,296,242,278,324,308,257,53,41,186,18,328,322,307,319,250,271,291,230,276,229,56,16,296,198,174,267,79,247,127,214,85,49,93,96,241,154,205,139,,,58,168,,,135,296,90,214,139,268,253,180,307,302,40,24,318,307,306,227,277,164,196,185,168,65,209,169,,72,,,b'\x11\xe8\xe1I\xcaD\xee.\xaf\x82\x12\xdf\x17\xaeN\x1e'
11E8E149-CA44-EE2E-AF82-12DF17AE4E1E,2012-ncaa-d1-conf-Big West,ncaa,4,3,3,4,3,2,2,1,5,4,4,6,1,2,3,4,1,1,8,1,1,1,1,6,4,2,2,4,3,1,1,3,3,1,3,6,8,6,4,6,3,3,2,2,,,9,6,,,2,2,1,6,2,2,1,4,4,2,2,2,1,2,1,1,1,6,1,6,5,3,2,,9,,,2,8,8,6,8,9,9,6,2,2,5,2,5,8,1,7,3,8,8,7,5,5,1,2,3,4,3,7,1,8,3,6,2,4,4,4,5,4,8,7,,,2,7,,,2,8,2,4,2,6,8,5,8,8,2,2,5,7,7,6,6,3,6,3,4,4,4,8,,3,,,b'\x11\xe8\xe1I\xcaD\xee.\xaf\x82\x12\xdf\x17\xaeN\x1e'
11E8E149-CA44-EE2E-AF82-12DF17AE4E1E,2012-ncaa-d1-natl,ncaa,128,129,90,135,101,66,86,69,128,102,101,147,85,100,82,150,36,30,183,30,49,57,48,119,97,111,93,135,89,55,82,161,179,89,134,115,224,268,172,184,60,86,123,170,,,318,298,,,143,54,46,77,48,86,75,113,135,91,113,25,27,29,48,30,63,221,113,128,239,66,130,,318,,,144,299,282,225,281,315,304,258,47,31,187,18,326,319,309,315,249,261,281,235,280,237,53,16,297,179,179,251,82,230,134,204,87,60,99,104,230,157,187,144,,,65,166,,,143,290,92,220,148,276,258,181,306,300,40,24,318,307,306,231,276,169,196,187,175,69,207,171,,70,,,b'\x11\xe8\xe1I\xcaD\xee.\xaf\x82\x12\xdf\x17\xaeN\x1e'
11E8E149-CA44-EE2E-AF82-12DF17AE4E1E,2013-ncaa-d0-natl,ncaa,19,28,16,27,16,20,29,24,85,53,58,110,23,37,33,93,43,37,192,37,87,15,12,65,65,72,69,69,204,59,175,40,158,40,173,61,216,295,136,132,22,65,53,101,,,345,332,,,46,10,83,19,37,61,85,135,184,42,69,97,90,90,72,76,158,151,151,108,177,50,86,,337,,,48,302,239,294,79,293,327,90,27,68,22,14,345,345,232,345,313,319,336,47,95,54,126,9,340,298,158,326,175,326,173,143,72,13,50,19,212,79,165,98,,,22,154,,,46,335,75,57,50,141,76,94,172,248,8,17,332,329,330,177,264,177,215,212,52,30,113,94,,98,,,b'\x11\xe8\xe1I\xcaD\xee.\xaf\x82\x12\xdf\x17\xaeN\x1e'
11E8E149-CA44-EE2E-AF82-12DF17AE4E1E,2013-ncaa-d1-conf-Big West,ncaa,1,1,2,1,3,2,2,3,2,3,6,2,1,2,2,2,4,4,5,4,6,4,3,2,2,2,4,2,8,7,7,2,5,4,8,2,7,6,2,2,2,3,2,3,,,10,9,,,2,1,1,2,2,2,3,3,6,2,2,5,4,5,3,2,7,3,5,2,3,3,3,,10,,,2,8,7,9,3,8,10,3,1,1,5,1,10,10,8,10,6,10,10,3,4,2,2,1,10,6,5,8,7,8,8,4,3,2,3,1,3,2,7,5,,,4,7,,,2,10,2,2,2,5,4,6,8,10,1,1,10,10,10,7,10,6,8,7,3,2,3,7,,5,,,b'\x11\xe8\xe1I\xcaD\xee.\xaf\x82\x12\xdf\x17\xaeN\x1e'
11E8E149-CA44-EE2E-AF82-12DF17AE4E1E,2013-ncaa-d1-natl,ncaa,19,28,17,27,17,24,33,25,86,59,68,114,28,41,33,92,48,41,191,42,86,16,12,66,67,72,65,67,202,67,181,48,162,48,178,67,220,284,137,136,27,69,58,102,,,345,332,,,47,10,87,17,41,64,87,144,189,41,69,98,92,92,72,79,159,155,157,113,176,53,86,,337,,,50,294,226,286,82,290,326,96,20,57,22,15,345,345,235,345,316,315,335,46,103,59,123,7,340,292,162,324,181,323,178,138,75,14,51,22,199,82,161,102,,,26,146,,,47,335,80,64,53,143,78,95,175,253,8,15,334,331,332,179,262,185,217,215,58,32,114,93,,99,,,b'\x11\xe8\xe1I\xcaD\xee.\xaf\x82\x12\xdf\x17\xaeN\x1e'
11E8E149-CA44-EE2E-AF82-12DF17AE4E1E,2014-ncaa-d0-natl,ncaa,148,105,254,131,266,124,145,155,148,191,218,124,86,87,126,98,107,88,253,86,38,133,156,113,121,92,76,92,123,159,177,283,97,250,204,185,213,75,76,125,78,56,251,244,,,284,322,,,132,167,32,94,43,64,45,143,171,64,65,47,34,32,30,39,117,266,191,134,134,46,239,,331,,,131,207,145,46,319,202,109,304,81,39,292,62,326,311,301,308,323,86,144,310,328,280,180,59,320,24,97,224,177,127,204,139,148,73,35,65,112,122,282,307,,,76,42,,,132,186,95,212,131,295,248,79,266,185,109,57,334,326,325,176,273,48,297,219,203,36,178,318,,11,,,b'\x11\xe8\xe1I\xcaD\xee.\xaf\x82\x12\xdf\x17\xaeN\x1e'
11E8E149-CA44-EE2E-AF82-12DF17AE4E1E,2014-ncaa-d1-conf-WCC,ncaa,3,3,3,3,5,2,2,2,3,4,7,3,1,1,4,2,3,3,7,3,3,2,2,2,3,1,3,2,5,3,5,4,1,4,5,3,5,3,2,2,2,3,9,9,,,8,8,,,3,1,1,8,1,3,3,4,7,1,1,3,2,2,1,2,4,6,6,4,3,2,9,,8,,,3,7,6,3,9,8,5,9,4,3,7,4,8,8,3,8,9,4,9,8,9,5,4,4,6,1,1,9,5,6,5,6,6,2,2,3,2,2,8,7,,,2,3,,,3,10,3,5,3,6,5,3,6,4,4,3,8,8,8,3,8,1,9,5,5,2,2,7,,2,,,b'\x11\xe8\xe1I\xcaD\xee.\xaf\x82\x12\xdf\x17\xaeN\x1e'
11E8E149-CA44-EE2E-AF82-12DF17AE4E1E,2014-ncaa-d1-natl,ncaa,123,105,145,121,163,73,93,85,125,125,173,101,75,78,128,103,58,45,259,42,38,65,87,105,108,88,86,102,122,121,172,226,76,170,176,126,197,139,78,113,42,32,228,231,,,328,324,,,110,81,22,114,32,46,39,118,154,67,67,36,23,23,24,27,111,231,163,101,149,27,225,,335,,,108,262,195,94,306,247,174,296,85,64,251,54,334,325,288,324,322,163,235,293,313,231,177,47,324,46,76,282,172,187,176,179,154,34,28,55,162,110,304,297,,,36,42,,,110,270,87,169,109,286,224,78,259,189,91,56,336,328,326,175,282,44,295,215,189,20,182,318,,9,,,b'\x11\xe8\xe1I\xcaD\xee.\xaf\x82\x12\xdf\x17\xaeN\x1e'
11E8E149-CA44-EE2E-AF82-12DF17AE4E1E,2015-ncaa-d0-natl,ncaa,97,50,243,75,244,131,170,170,172,258,273,178,42,52,69,50,130,148,112,148,61,167,235,108,98,62,27,34,163,234,262,307,246,297,304,102,50,21,31,29,120,94,242,243,,,271,323,,,108,224,168,9,54,104,78,245,261,25,32,98,110,112,79,161,217,301,293,56,32,85,223,,323,,,106,132,112,44,289,208,151,248,19,5,247,8,297,272,302,281,284,69,112,245,288,208,88,17,319,101,246,225,262,185,304,181,262,107,68,121,57,83,283,332,,,193,150,,,108,126,70,197,107,224,182,65,278,234,27,10,320,305,314,119,209,145,292,255,234,60,94,318,,127,,,b'\x11\xe8\xe1I\xcaD\xee.\xaf\x82\x12\xdf\x17\xaeN\x1e'
11E8E149-CA44-EE2E-AF82-12DF17AE4E1E,2015-ncaa-d1-conf-WCC,ncaa,4,3,7,4,7,4,4,2,6,9,8,7,1,1,4,1,7,8,5,8,5,4,7,5,5,3,1,1,10,7,7,9,8,8,9,2,2,1,1,1,3,3,4,5,,,9,9,,,3,6,3,1,1,2,1,9,6,1,1,6,5,6,1,3,6,8,8,2,1,3,4,,9,,,3,4,5,1,8,8,8,7,1,1,6,1,8,8,6,8,7,2,5,7,7,5,1,1,9,3,8,9,7,7,9,6,6,1,1,3,1,1,10,10,,,8,10,,,3,5,2,4,3,7,6,2,10,10,1,1,8,8,8,3,9,4,9,9,7,1,1,10,,8,,,b'\x11\xe8\xe1I\xcaD\xee.\xaf\x82\x12\xdf\x17\xaeN\x1e'
11E8E149-CA44-EE2E-AF82-12DF17AE4E1E,2015-ncaa-d1-natl,ncaa,80,50,143,67,147,88,113,100,156,208,239,148,31,38,80,51,119,134,119,132,73,103,157,100,101,60,31,37,186,196,238,286,247,257,295,65,55,22,27,24,86,78,192,208,,,305,318,,,85,149,175,13,49,89,63,229,254,27,29,105,118,120,67,158,197,298,285,46,29,70,199,,317,,,82,189,149,71,277,236,200,242,23,11,220,12,308,295,279,300,278,115,183,234,266,185,90,19,316,143,247,275,238,237,295,204,254,78,62,112,78,86,297,317,,,158,172,,,85,196,59,164,85,197,162,60,257,222,24,11,311,297,305,107,199,139,283,245,219,56,99,307,,150,,,b'\x11\xe8\xe1I\xcaD\xee.\xaf\x82\x12\xdf\x17\xaeN\x1e'
11E8E149-CA44-EE2E-AF82-12DF17AE4E1E,2016-ncaa-d0-natl,ncaa,221,204,240,223,245,137,168,111,262,226,229,198,79,38,252,43,142,164,89,166,111,113,132,229,205,171,55,77,147,161,250,201,186,184,265,126,97,108,85,107,138,142,197,210,,,263,276,,,165,126,24,51,83,107,25,194,176,53,18,87,115,120,23,23,131,128,122,79,165,103,174,,317,,,168,205,153,138,203,200,182,220,74,94,76,74,323,320,260,319,310,176,207,176,224,187,159,50,328,160,186,306,250,276,265,196,241,107,118,139,118,107,244,274,,,183,224,,,165,211,174,175,179,272,224,219,266,256,100,133,336,324,324,283,317,212,336,326,245,53,169,274,,117,,,b'\x11\xe8\xe1I\xcaD\xee.\xaf\x82\x12\xdf\x17\xaeN\x1e'
11E8E149-CA44-EE2E-AF82-12DF17AE4E1E,2016-ncaa-d1-conf-WCC,ncaa,8,7,7,8,7,5,6,2,9,7,8,5,4,1,9,1,9,9,2,9,8,4,6,9,7,7,4,2,9,6,8,8,7,8,8,5,4,3,4,5,4,4,5,6,,,7,6,,,7,5,2,1,5,3,1,5,6,2,1,9,9,9,2,1,5,7,7,4,5,4,4,,8,,,7,6,5,4,8,7,6,8,2,2,5,2,7,8,4,8,7,4,6,8,8,6,2,2,8,6,7,9,8,9,8,5,3,2,2,3,5,5,7,9,,,9,9,,,7,6,8,6,7,7,7,5,9,9,2,2,8,8,8,6,9,8,9,9,6,2,6,8,,9,,,b'\x11\xe8\xe1I\xcaD\xee.\xaf\x82\x12\xdf\x17\xaeN\x1e'
11E8E149-CA44-EE2E-AF82-12DF17AE4E1E,2016-ncaa-d1-natl,ncaa,216,204,218,220,229,141,157,92,263,222,221,206,72,36,247,45,138,156,115,159,115,104,128,226,206,174,55,72,166,156,244,190,204,177,270,127,99,114,91,111,140,160,178,202,,,281,269,,,174,110,26,52,82,113,26,200,177,51,18,97,126,131,27,26,128,129,119,83,167,106,166,,313,,,174,228,172,160,199,218,194,224,70,89,65,73,329,320,270,322,309,207,222,160,217,190,153,42,329,190,204,313,244,296,270,206,232,109,125,156,131,125,254,278,,,183,229,,,174,221,176,184,183,277,222,226,270,263,92,139,337,325,327,291,323,243,335,329,242,59,189,274,,125,,,b'\x11\xe8\xe1I\xcaD\xee.\xaf\x82\x12\xdf\x17\xaeN\x1e'
11E8E149-CA44-EE2E-AF82-12DF17AE4E1E,2017-ncaa-d0-natl,ncaa,284,283,234,288,245,180,209,187,235,261,283,220,78,68,145,45,159,209,61,214,118,197,199,174,154,165,29,44,151,237,269,305,239,295,302,189,149,166,190,193,125,114,228,221,,,254,286,,,247,183,67,47,123,174,98,251,262,52,38,125,181,185,106,93,213,300,283,160,229,96,217,,301,,,245,237,189,65,328,213,122,317,115,63,272,86,330,323,301,320,328,120,155,318,337,306,197,72,324,97,239,230,269,187,302,260,281,114,87,190,161,172,144,224,,,206,202,,,247,167,186,291,249,311,266,112,283,174,152,100,345,335,335,201,263,155,304,251,306,61,204,182,,149,,,b'\x11\xe8\xe1I\xcaD\xee.\xaf\x82\x12\xdf\x17\xaeN\x1e'
11E8E149-CA44-EE2E-AF82-12DF17AE4E1E,2017-ncaa-d1-conf-WCC,ncaa,8,8,3,8,4,5,5,2,9,7,8,8,2,1,6,2,10,9,8,9,9,4,3,7,8,7,3,1,10,6,9,7,8,8,10,6,8,8,4,5,4,5,7,7,,,10,9,,,8,3,3,3,6,6,1,9,9,2,1,10,10,10,4,2,6,8,9,6,6,5,7,,9,,,8,9,8,6,8,9,8,10,1,2,3,1,10,10,1,10,7,6,8,8,9,6,3,1,8,7,8,10,9,9,10,8,4,3,3,5,7,5,5,5,,,6,8,,,8,8,7,7,8,7,7,5,9,9,1,2,8,9,10,7,8,5,10,9,7,3,6,5,,7,,,b'\x11\xe8\xe1I\xcaD\xee.\xaf\x82\x12\xdf\x17\xaeN\x1e'
11E8E149-CA44-EE2E-AF82-12DF17AE4E1E,2017-ncaa-d1-natl,ncaa,269,282,144,279,152,117,154,122,193,240,239,190,49,49,97,47,105,159,39,164,92,129,128,128,104,121,27,41,136,205,256,279,248,269,288,134,116,203,172,152,85,91,200,209,,,285,270,,,215,97,59,55,87,137,89,239,256,36,36,85,151,162,93,85,209,301,285,119,219,75,204,,293,,,215,293,243,125,326,263,175,313,142,90,270,81,336,326,294,325,317,178,238,320,333,294,180,73,312,149,248,271,256,236,288,296,288,70,68,176,173,155,147,209,,,158,200,,,215,252,146,273,218,306,269,121,284,182,154,100,335,330,329,199,277,164,277,240,308,50,183,165,,143,,,b'\x11\xe8\xe1I\xcaD\xee.\xaf\x82\x12\xdf\x17\xaeN\x1e'
11E8E149-CA44-EE2E-AF82-12DF17AE4E1E,2018-ncaa-d0-natl,ncaa,185,207,117,206,139,62,66,49,135,69,47,158,129,130,139,220,55,86,39,86,221,51,66,147,127,83,214,215,131,112,209,249,230,187,262,96,214,63,38,66,75,95,252,279,,,304,260,,,206,63,30,217,43,45,19,47,31,134,141,50,100,101,23,43,110,292,225,96,66,71,260,,297,,,205,330,329,240,343,336,270,340,158,133,226,74,313,304,247,312,255,266,283,340,341,330,61,44,222,159,230,297,209,275,262,286,103,76,128,178,72,46,85,32,,,175,270,,,206,291,83,304,196,337,333,233,341,272,152,107,306,297,302,273,305,142,302,260,275,78,75,74,,186,,,b'\x11\xe8\xe1I\xcaD\xee.\xaf\x82\x12\xdf\x17\xaeN\x1e'
11E8E149-CA44-EE2E-AF82-12DF17AE4E1E,2018-ncaa-d1-conf-WCC,ncaa,7,7,1,7,2,2,2,1,5,3,2,4,1,2,2,5,1,3,1,3,6,1,1,5,3,2,4,4,3,4,8,8,8,7,9,5,9,1,1,2,2,4,7,7,,,10,9,,,5,1,1,5,2,2,1,5,3,2,2,1,5,5,2,2,6,9,8,6,1,3,7,,9,,,5,10,10,8,10,9,7,10,8,10,3,5,9,8,8,9,8,8,10,10,10,8,5,2,6,6,8,10,8,10,9,8,4,1,4,4,1,1,7,3,,,6,9,,,5,10,3,8,5,9,9,5,9,5,5,5,8,7,7,6,8,4,10,8,7,2,1,4,,8,,,b'\x11\xe8\xe1I\xcaD\xee.\xaf\x82\x12\xdf\x17\xaeN\x1e'
11E8E149-CA44-EE2E-AF82-12DF17AE4E1E,2018-ncaa-d1-natl,ncaa,186,207,97,201,119,50,49,33,103,48,38,123,114,133,121,221,61,104,48,100,246,42,54,116,103,72,228,216,165,108,202,229,222,187,253,77,199,62,38,51,71,100,239,275,,,305,259,,,188,50,28,223,38,37,19,36,31,129,147,64,118,118,27,43,120,283,225,72,64,74,251,,293,,,188,331,329,260,341,339,285,339,176,148,220,81,319,310,255,312,255,282,298,337,341,328,62,50,223,162,222,298,202,275,253,292,112,79,137,184,70,44,78,29,,,184,281,,,188,305,71,304,181,336,335,235,341,271,157,122,312,297,302,275,305,141,282,245,279,81,74,69,,194,,,b'\x11\xe8\xe1I\xcaD\xee.\xaf\x82\x12\xdf\x17\xaeN\x1e'
11E8E149-CA44-EE2E-AF82-12DF17AE4E1E,2019-ncaa-d0-natl,ncaa,105,109,80,115,111,56,62,34,148,51,36,151,128,116,190,210,40,88,20,87,210,38,55,166,138,87,215,230,125,44,104,174,199,103,183,100,243,67,28,77,26,36,203,218,,,272,227,,,126,62,67,272,52,57,24,46,47,146,133,48,117,117,23,47,60,255,145,120,58,32,222,,252,,,127,326,290,225,296,288,203,306,236,229,219,183,328,311,314,310,286,259,285,295,319,277,205,134,270,214,199,297,104,280,183,233,125,60,83,117,226,121,143,63,,,127,252,,,126,289,76,263,133,283,255,137,250,138,208,184,306,283,285,184,257,148,244,217,194,71,178,122,,174,,,b'\x11\xe8\xe1I\xcaD\xee.\xaf\x82\x12\xdf\x17\xaeN\x1e'
11E8E149-CA44-EE2E-AF82-12DF17AE4E1E,2019-ncaa-d1-conf-WCC,ncaa,5,5,3,5,7,4,4,2,7,5,4,7,5,4,7,5,3,4,3,3,5,2,3,6,6,5,6,5,3,2,5,7,8,4,7,7,7,3,2,4,1,2,6,6,,,9,8,,,5,4,2,7,3,4,2,5,4,5,4,2,3,3,2,2,2,7,4,6,3,1,6,,8,,,5,8,4,3,6,3,4,7,7,8,6,7,10,10,8,10,10,5,7,7,8,6,9,6,10,5,8,8,5,7,7,3,3,2,3,2,4,3,2,3,,,4,6,,,5,7,5,5,5,8,4,3,3,3,7,8,10,10,10,5,9,6,8,8,3,2,4,2,,6,,,b'\x11\xe8\xe1I\xcaD\xee.\xaf\x82\x12\xdf\x17\xaeN\x1e'
11E8E149-CA44-EE2E-AF82-12DF17AE4E1E,2019-ncaa-d1-natl,ncaa,122,108,107,124,146,73,80,45,161,69,49,160,141,127,196,208,56,115,21,115,212,51,72,181,143,95,214,227,120,58,114,217,209,140,200,122,250,47,33,79,44,43,214,225,,,251,233,,,145,90,68,272,57,64,25,51,48,150,138,47,119,120,25,61,66,262,160,131,56,40,224,,253,,,146,312,274,192,305,272,169,314,225,205,236,178,314,294,318,295,284,225,254,305,326,289,203,132,267,183,209,269,114,246,200,221,128,82,90,133,205,131,134,69,,,165,253,,,145,261,83,276,152,291,263,139,258,140,208,180,308,280,282,188,256,153,249,225,202,79,182,130,,179,,,b'\x11\xe8\xe1I\xcaD\xee.\xaf\x82\x12\xdf\x17\xaeN\x1e'
11E8E149-CA44-EE2E-AF82-12DF17AE4E1E,2020-ncaa-d0-natl,ncaa,123,150,33,146,64,64,79,59,123,69,60,131,172,159,201,222,25,37,111,39,120,44,40,151,128,127,205,246,66,178,194,172,36,172,128,131,238,235,147,173,46,54,245,232,,,337,326,,,112,18,64,149,96,110,118,93,99,204,194,43,65,68,83,85,223,247,253,174,180,63,266,,313,,,117,253,161,145,174,136,80,253,219,265,104,256,349,344,214,343,346,212,261,206,260,197,316,169,338,27,36,217,194,114,128,142,150,52,78,64,262,193,198,118,,,46,130,,,112,325,155,117,135,186,92,47,83,30,180,214,331,325,325,109,165,12,135,49,91,88,228,158,,101,,,b'\x11\xe8\xe1I\xcaD\xee.\xaf\x82\x12\xdf\x17\xaeN\x1e'
11E8E149-CA44-EE2E-AF82-12DF17AE4E1E,2020-ncaa-d1-conf-WCC,ncaa,5,5,3,5,5,3,4,3,4,4,4,5,6,5,8,5,1,1,3,1,1,2,3,6,4,6,3,8,1,6,6,4,1,5,3,8,9,8,6,7,4,4,8,7,,,10,9,,,5,2,1,4,1,5,3,4,3,6,4,1,1,1,2,1,5,4,7,8,6,4,8,,10,,,5,5,4,3,3,4,4,10,4,8,5,9,10,10,5,10,10,5,7,5,7,6,9,4,10,2,1,8,6,4,3,4,5,4,3,3,8,4,4,6,,,2,2,,,5,9,6,5,5,6,4,3,4,3,4,7,10,10,10,3,7,2,7,4,4,4,6,4,,1,,,b'\x11\xe8\xe1I\xcaD\xee.\xaf\x82\x12\xdf\x17\xaeN\x1e'
11E8E149-CA44-EE2E-AF82-12DF17AE4E1E,2020-ncaa-d1-natl,ncaa,133,150,45,151,85,77,91,80,133,83,77,140,184,174,208,222,33,46,110,46,120,66,62,165,134,139,200,245,65,202,202,198,37,219,139,153,238,214,151,180,59,65,255,238,,,327,330,,,126,35,67,145,104,121,124,100,106,205,198,45,67,68,92,89,231,252,257,183,179,76,268,,314,,,127,239,139,110,188,123,56,261,209,246,108,255,346,337,217,336,346,173,224,214,269,216,313,166,338,16,37,183,202,82,139,127,150,72,84,69,253,200,189,126,,,67,128,,,126,303,172,130,146,197,100,49,91,29,182,212,337,328,326,110,163,11,139,49,102,97,229,166,,102,,,b'\x11\xe8\xe1I\xcaD\xee.\xaf\x82\x12\xdf\x17\xaeN\x1e'
11E8E149-CA44-EE2E-AF82-12DF17AE4E1E,2021-ncaa-d0-natl,ncaa,151,165,157,157,159,136,147,154,150,122,111,185,176,194,133,245,97,139,33,136,161,156,147,165,137,162,184,232,70,205,217,197,161,203,192,145,176,251,220,194,47,40,295,325,,,173,109,,,181,134,31,31,115,120,112,97,89,199,230,51,105,104,100,61,243,241,266,145,258,26,322,,177,,,179,211,211,198,204,200,185,211,220,224,180,214,222,201,292,198,186,196,209,205,229,189,217,199,190,138,161,146,217,139,192,236,227,95,118,162,309,303,118,75,,,165,211,,,181,212,194,153,174,255,241,236,218,196,233,240,235,212,205,241,294,115,133,99,245,79,321,104,,145,,,b'\x11\xe8\xe1I\xcaD\xee.\xaf\x82\x12\xdf\x17\xaeN\x1e'
11E8E149-CA44-EE2E-AF82-12DF17AE4E1E,2021-ncaa-d1-conf-WCC,ncaa,5,7,3,7,4,3,4,2,6,4,2,7,8,6,9,6,1,1,2,1,3,2,2,7,6,6,4,8,2,6,6,5,3,6,3,7,8,8,7,7,1,2,7,8,,,6,3,,,5,2,1,3,3,4,2,5,2,7,6,1,1,1,1,1,6,4,5,6,9,2,8,,6,,,5,6,4,7,3,4,5,5,7,9,4,8,9,9,6,9,9,7,8,5,4,4,7,7,8,5,3,6,6,6,3,5,6,1,4,5,8,8,6,5,,,4,7,,,5,8,7,4,5,6,5,8,4,5,8,9,9,9,9,8,10,3,5,5,6,2,9,6,,3,,,b'\x11\xe8\xe1I\xcaD\xee.\xaf\x82\x12\xdf\x17\xaeN\x1e'
11E8E149-CA44-EE2E-AF82-12DF17AE4E1E,2021-ncaa-d1-natl,ncaa,164,165,182,163,185,153,160,171,155,133,128,194,179,199,137,244,109,147,33,146,162,169,159,172,142,165,177,230,69,220,223,219,165,223,197,162,182,239,225,202,57,44,297,325,,,160,112,,,199,146,34,27,119,124,117,101,91,204,230,55,105,105,104,66,246,246,272,151,264,30,321,,180,,,194,193,195,182,212,191,172,216,211,215,190,213,214,193,295,191,187,177,189,218,238,200,218,198,192,129,165,131,223,125,197,228,228,110,121,169,303,307,115,80,,,178,209,,,199,199,197,168,191,262,247,235,225,200,239,242,242,214,208,243,293,120,135,101,250,82,325,107,,145,,,b'\x11\xe8\xe1I\xcaD\xee.\xaf\x82\x12\xdf\x17\xaeN\x1e'
11E8E149-CA44-EE2E-AF82-12DF17AE4E1E,2022-ncaa-d0-natl,ncaa,317,328,216,324,236,153,153,143,199,171,133,235,156,173,119,201,146,120,232,120,150,137,129,197,206,188,158,163,155,272,309,228,277,253,327,131,110,214,177,158,214,251,330,341,,,306,274,,,316,100,11,195,101,105,35,121,77,123,143,105,86,84,32,29,261,209,260,92,246,190,334,,330,,,312,332,311,248,322,279,200,312,322,282,328,243,323,312,293,311,294,263,251,335,341,342,276,251,239,233,277,289,309,287,327,328,272,174,233,302,294,269,144,117,,,110,110,,,316,256,231,339,305,355,347,332,322,265,343,321,336,323,327,344,342,272,335,326,339,135,308,171,,44,,,b'\x11\xe8\xe1I\xcaD\xee.\xaf\x82\x12\xdf\x17\xaeN\x1e'
11E8E149-CA44-EE2E-AF82-12DF17AE4E1E,2022-ncaa-d1-conf-WCC,ncaa,10,10,6,10,7,7,7,6,10,9,5,10,6,6,7,6,5,3,9,3,3,6,5,9,9,8,5,5,3,7,9,7,7,8,9,8,5,6,5,7,7,7,10,10,,,8,7,,,10,5,1,7,8,8,2,8,3,6,5,6,2,2,2,1,8,5,6,8,6,6,10,,9,,,10,9,9,6,8,6,5,7,10,9,8,10,8,7,6,7,9,7,6,9,8,9,10,10,5,7,7,9,9,9,9,8,5,7,7,6,7,6,4,4,,,2,3,,,10,7,8,10,9,10,10,9,8,5,10,10,9,9,9,10,10,8,10,9,9,4,7,6,,2,,,b'\x11\xe8\xe1I\xcaD\xee.\xaf\x82\x12\xdf\x17\xaeN\x1e'
11E8E149-CA44-EE2E-AF82-12DF17AE4E1E,2022-ncaa-d1-natl,ncaa,316,327,213,323,237,156,160,134,193,161,131,225,158,179,128,205,134,124,224,122,155,135,131,192,193,185,167,180,156,279,317,225,260,266,324,129,119,219,182,163,194,240,334,343,,,303,258,,,313,93,11,198,104,101,42,113,83,136,147,105,89,87,39,33,275,201,270,95,249,173,338,,324,,,312,333,314,258,313,267,194,299,330,300,331,257,316,302,296,306,287,280,260,331,339,336,284,271,226,217,260,299,317,291,324,330,277,164,226,296,301,275,151,127,,,106,116,,,313,261,239,331,304,352,342,331,307,241,345,329,329,314,316,344,341,259,329,321,338,132,308,177,,50,,,b'\x11\xe8\xe1I\xcaD\xee.\xaf\x82\x12\xdf\x17\xaeN\x1e'
11E8E149-CA44-EE2E-AF82-12DF17AE4E1E,2023-ncaa-d0-natl,ncaa,181,203,116,199,146,102,104,82,206,90,45,252,200,237,129,299,88,123,69,126,273,83,68,221,205,193,253,260,128,90,134,120,108,101,127,184,300,280,193,240,77,111,267,291,,,298,253,,,204,69,23,240,103,97,41,70,26,214,256,90,131,135,43,32,80,113,77,211,259,85,286,,290,,,203,306,299,266,254,228,206,211,330,294,339,273,230,230,152,223,211,265,275,285,280,255,287,307,133,130,108,276,134,234,127,289,219,89,125,199,319,254,252,143,,,49,69,,,204,282,184,209,205,296,284,275,200,171,331,294,207,214,210,274,304,117,254,217,275,95,307,255,,28,,,b'\x11\xe8\xe1I\xcaD\xee.\xaf\x82\x12\xdf\x17\xaeN\x1e'
11E8E149-CA44-EE2E-AF82-12DF17AE4E1E,2023-ncaa-d1-conf-WCC,ncaa,5,6,1,5,1,1,1,1,6,1,1,6,7,7,7,8,1,1,5,1,6,1,1,6,6,8,8,8,4,1,4,2,2,1,4,6,10,9,6,9,1,3,8,8,,,10,7,,,5,1,1,6,3,3,1,2,2,7,7,2,2,2,1,1,4,3,2,9,8,1,8,,10,,,5,10,10,10,5,7,8,6,10,10,9,8,9,10,1,10,9,10,10,7,7,4,10,9,7,5,2,9,4,10,4,9,9,1,1,5,9,6,9,6,,,1,4,,,5,10,6,4,5,9,6,6,4,3,9,9,7,8,7,8,10,3,8,6,8,1,9,9,,1,,,b'\x11\xe8\xe1I\xcaD\xee.\xaf\x82\x12\xdf\x17\xaeN\x1e'
11E8E149-CA44-EE2E-AF82-12DF17AE4E1E,2023-ncaa-d1-natl,ncaa,185,203,103,203,131,103,95,64,195,72,33,247,203,242,117,300,104,139,67,142,301,71,57,209,199,194,264,256,154,79,118,104,94,75,104,173,276,288,200,237,83,112,254,280,,,295,243,,,185,54,28,245,99,84,38,64,23,209,257,107,149,157,48,33,77,88,62,186,265,94,268,,280,,,185,305,298,278,227,227,222,191,327,300,320,270,222,225,156,219,192,277,289,266,252,230,278,300,131,124,94,258,118,224,104,291,224,93,138,204,325,264,266,146,,,50,96,,,185,303,187,190,187,288,277,276,190,179,327,292,203,206,204,270,296,107,237,193,273,104,309,260,,45,,,b'\x11\xe8\xe1I\xcaD\xee.\xaf\x82\x12\xdf\x17\xaeN\x1e'
11E8E149-CA44-EE2E-AF82-12DF17AE4E1E,2024-ncaa-d0-natl,ncaa,127,148,52,142,92,72,54,82,39,26,29,79,249,288,119,329,90,119,48,120,295,87,54,89,81,109,334,318,186,218,218,100,155,137,152,31,48,327,246,100,133,220,109,168,,,331,227,,,179,30,28,354,79,50,121,21,41,278,322,119,176,173,127,91,281,149,228,31,280,179,143,,286,,,179,337,321,320,202,279,304,136,336,302,333,207,308,305,174,305,223,328,329,229,233,240,293,283,204,241,155,165,218,204,152,350,335,86,183,276,322,252,122,30,,,29,73,,,179,337,148,213,170,299,285,297,218,268,322,255,261,257,255,305,308,179,72,90,337,126,280,84,,49,,,b'\x11\xe8\xe1I\xcaD\xee.\xaf\x82\x12\xdf\x17\xaeN\x1e'
11E8E149-CA44-EE2E-AF82-12DF17AE4E1E,2024-ncaa-d1-conf-WCC,ncaa,4,5,1,5,2,2,2,1,2,1,1,4,7,7,4,8,4,4,3,5,9,1,1,3,3,3,7,7,8,7,8,2,4,2,5,2,6,8,6,4,2,5,2,3,,,9,6,,,5,1,1,4,3,2,3,1,2,7,7,6,5,5,3,1,8,3,5,2,7,4,3,,8,,,5,9,8,9,3,5,7,3,8,9,7,6,9,9,8,9,9,9,9,4,5,4,8,8,9,6,4,8,8,8,5,9,9,2,4,3,7,6,5,1,,,2,3,,,5,9,3,4,5,8,6,9,3,5,8,8,9,9,9,9,9,5,4,4,7,2,6,5,,2,,,b'\x11\xe8\xe1I\xcaD\xee.\xaf\x82\x12\xdf\x17\xaeN\x1e'
11E8E149-CA44-EE2E-AF82-12DF17AE4E1E,2024-ncaa-d1-natl,ncaa,123,150,38,144,77,63,40,63,33,16,23,73,247,291,102,331,88,126,47,126,307,70,43,80,73,96,335,323,206,209,201,97,150,132,140,25,49,329,237,91,126,216,98,161,,,328,220,,,168,26,29,355,78,42,110,15,37,279,326,124,184,189,126,91,270,152,226,27,279,172,137,,280,,,170,341,325,327,205,279,307,134,339,306,338,209,306,311,188,309,223,338,339,229,233,235,297,289,205,234,150,156,201,183,140,352,339,80,185,280,319,244,122,32,,,38,96,,,168,340,135,209,165,293,277,298,213,267,320,258,263,260,254,304,306,163,59,76,337,131,272,88,,65,,,b'\x11\xe8\xe1I\xcaD\xee.\xaf\x82\x12\xdf\x17\xaeN\x1e'
11E8E149-CA44-EE2E-AF82-12DF17AE4E1E,2025-ncaa-d0-natl,genius_ncaa,184,249,54,218,54,115,102,72,192,53,26,212,288,275,289,330,96,92,203,92,272,72,50,241,239,251,338,329,146,72,143,163,329,120,280,89,105,337,233,187,37,61,34,45,,,332,231,,303,196,50,121,2,171,133,107,60,38,319,322,144,139,143,99,63,101,275,201,111,284,49,41,,281,,272,195,308,243,271,139,232,292,77,257,204,310,97,342,333,308,334,269,294,321,138,194,109,282,179,322,345,329,317,143,332,280,288,270,28,53,81,345,279,39,6,,,38,107,,23,196,309,236,145,196,213,147,180,136,227,202,116,320,301,301,218,310,319,257,298,227,30,312,27,,61,,34,b'\x11\xe8\xe1I\xcaD\xee.\xaf\x82\x12\xdf\x17\xaeN\x1e'
11E8E149-CA44-EE2E-AF82-12DF17AE4E1E,2025-ncaa-d1-conf-WCC,genius_ncaa,6,7,1,6,2,2,1,1,6,1,1,6,9,9,10,10,3,2,10,2,6,1,1,8,7,8,10,10,4,1,5,5,10,4,7,6,10,10,5,8,1,1,3,4,,,10,7,,7,6,1,1,2,4,4,1,1,2,10,9,4,2,2,2,1,3,8,5,6,9,1,3,,8,,6,6,11,10,9,6,8,9,5,8,6,7,5,11,10,6,10,10,11,11,7,7,3,8,6,10,11,10,11,5,11,7,4,2,1,1,1,10,8,2,1,,,2,5,,3,6,11,7,6,6,11,6,7,6,6,6,5,10,10,10,8,11,9,8,10,4,1,9,2,,2,,4,b'\x11\xe8\xe1I\xcaD\xee.\xaf\x82\x12\xdf\x17\xaeN\x1e'
11E8E149-CA44-EE2E-AF82-12DF17AE4E1E,2025-ncaa-d1-natl,genius_ncaa,193,249,72,234,72,132,122,85,200,63,35,217,299,286,295,332,114,111,203,113,269,85,68,251,252,259,337,328,134,87,156,195,332,150,293,100,110,331,242,194,51,71,40,46,,,320,241,,297,227,68,132,1,188,148,113,65,40,324,324,146,139,143,107,67,117,286,218,121,287,58,41,,284,,276,220,290,219,251,152,204,277,82,248,181,319,99,338,328,312,327,272,280,305,157,207,129,283,177,320,343,332,300,156,326,293,275,271,37,61,91,344,292,36,7,,,51,96,,23,227,291,253,163,222,223,159,181,143,234,208,116,324,303,303,225,309,320,263,306,235,38,320,29,,61,,33,b'\x11\xe8\xe1I\xcaD\xee.\xaf\x82\x12\xdf\x17\xaeN\x1e'
11E8E149-CA44-EE2E-AF82-12DF17AE4E1E,2026-ncaa-d0-natl,genius_ncaa,163,198,116,199,142,157,174,192,162,219,233,192,88,107,78,69,165,231,19,235,204,195,184,126,114,168,47,53,195,154,101,144,257,144,139,115,43,291,299,185,201,228,106,98,,,275,309,,293,179,190,276,97,201,221,273,279,308,76,114,202,282,290,301,249,187,167,157,105,275,228,113,,283,,295,179,191,182,213,121,199,175,221,147,267,22,271,213,202,260,199,203,206,190,107,119,152,151,128,221,297,257,107,101,182,139,94,44,185,213,115,323,319,10,29,,,135,115,,187,179,174,166,184,180,142,140,195,171,122,103,271,201,171,171,192,154,289,43,128,58,213,303,10,,150,,222,b'\x11\xe8\xe1I\xcaD\xee.\xaf\x82\x12\xdf\x17\xaeN\x1e'
11E8E149-CA44-EE2E-AF82-12DF17AE4E1E,2026-ncaa-d1-natl,genius_ncaa,203,195,177,216,197,236,249,274,192,301,307,219,119,154,86,69,221,294,17,299,199,281,260,148,133,202,38,50,176,220,123,226,280,226,170,170,45,249,319,219,276,269,138,115,,,235,316,,279,217,262,288,100,236,253,308,311,321,85,125,217,294,302,327,271,213,202,198,131,292,265,124,,294,,305,216,145,143,156,152,160,120,260,108,237,28,266,178,159,269,152,209,153,122,143,152,199,145,130,217,264,280,53,123,123,170,63,47,262,250,153,301,335,7,31,,,191,105,,211,217,99,204,230,219,175,182,205,209,125,120,279,215,185,184,204,145,298,46,141,65,247,318,8,,149,,208,b'\x11\xe8\xe1I\xcaD\xee.\xaf\x82\x12\xdf\x17\xaeN\x1e'
11E8E149-CA49-2A52-AF82-12DF17AE4E1E,2010-ncaa-d0-natl,ncaa,338,335,288,338,316,344,344,320,343,334,317,335,317,228,345,112,332,332,275,329,261,324,331,343,343,340,209,223,136,265,263,313,209,311,281,304,40,59,242,261,331,309,152,90,,,20,129,,,331,336,330,283,344,343,306,331,282,313,173,323,320,316,316,321,212,284,274,304,157,322,122,,54,,,336,24,33,32,178,24,18,145,218,167,293,290,21,5,329,7,71,9,7,227,216,254,266,310,66,44,209,133,263,84,281,221,333,329,252,325,172,288,210,314,,,319,161,,,331,8,340,260,338,104,111,87,65,46,291,250,54,28,30,46,16,129,277,235,299,309,244,271,,279,,,b'\x11\xe8\xe1I\xcaI*R\xaf\x82\x12\xdf\x17\xaeN\x1e'
11E8E149-CA49-2A52-AF82-12DF17AE4E1E,2010-ncaa-d1-conf-Ivy League,ncaa,8,8,1,8,5,8,8,7,7,7,8,6,6,3,7,1,8,8,6,8,5,8,8,7,7,8,5,4,5,7,8,7,7,8,8,6,3,3,6,6,7,7,6,4,,,4,4,,,8,8,7,5,8,8,7,7,8,6,3,8,8,8,8,8,7,7,8,6,3,7,6,,4,,,8,7,6,3,5,3,1,6,8,8,8,8,3,3,8,3,5,4,2,7,6,7,8,8,3,5,7,7,8,6,8,7,8,6,6,7,5,6,4,4,,,5,3,,,8,2,8,7,8,7,6,3,3,1,8,8,3,3,3,4,2,5,7,6,7,6,5,4,,5,,,b'\x11\xe8\xe1I\xcaI*R\xaf\x82\x12\xdf\x17\xaeN\x1e'
11E8E149-CA49-2A52-AF82-12DF17AE4E1E,2010-ncaa-d1-natl,ncaa,341,335,323,341,339,345,345,332,343,339,324,336,320,238,345,109,339,336,274,334,263,337,342,343,343,340,207,221,131,281,267,326,211,328,286,321,41,47,243,263,336,314,161,93,,,12,131,,,333,345,331,285,345,344,306,334,282,311,174,324,322,318,316,325,218,286,277,309,158,324,126,,54,,,337,15,25,15,180,16,8,146,209,156,296,287,13,4,330,6,73,3,1,233,221,266,264,310,67,38,211,118,267,63,286,216,334,336,255,326,157,290,204,316,,,332,161,,,333,1,341,273,338,107,114,90,66,46,292,251,55,30,33,48,16,129,278,239,301,309,247,275,,276,,,b'\x11\xe8\xe1I\xcaI*R\xaf\x82\x12\xdf\x17\xaeN\x1e'
11E8E149-CA49-2A52-AF82-12DF17AE4E1E,2011-ncaa-d0-natl,ncaa,229,207,288,228,293,320,321,316,310,307,264,317,292,292,272,242,266,253,229,249,174,315,319,315,310,291,189,231,74,194,111,290,100,275,95,288,120,60,212,235,215,101,188,105,,,18,94,,,182,331,323,94,318,317,283,279,197,287,272,215,191,185,280,299,131,242,194,275,144,168,157,,38,,,185,7,4,14,53,4,9,54,99,116,125,277,38,29,192,30,177,9,12,64,69,62,280,275,181,13,100,34,111,14,95,72,324,260,97,164,159,281,87,152,,,254,86,,,182,12,273,55,192,20,23,27,14,14,150,184,70,67,71,19,20,57,121,78,151,187,235,145,,177,,,b'\x11\xe8\xe1I\xcaI*R\xaf\x82\x12\xdf\x17\xaeN\x1e'
11E8E149-CA49-2A52-AF82-12DF17AE4E1E,2011-ncaa-d1-conf-Ivy League,ncaa,6,6,1,6,1,6,4,4,6,3,2,7,6,6,4,7,6,5,7,5,7,6,5,6,7,7,7,5,6,2,2,7,4,5,2,5,5,4,4,5,3,3,3,2,,,1,1,,,4,6,6,1,6,4,4,3,2,6,6,6,5,5,6,5,2,7,5,5,4,3,3,,1,,,4,2,2,1,3,2,1,5,4,6,5,8,3,3,8,3,3,1,3,5,5,3,8,7,3,1,4,5,2,2,2,4,7,3,3,4,5,4,1,1,,,4,4,,,4,3,5,3,4,2,2,1,2,1,4,6,3,3,3,1,3,1,5,2,4,3,5,1,,4,,,b'\x11\xe8\xe1I\xcaI*R\xaf\x82\x12\xdf\x17\xaeN\x1e'
11E8E149-CA49-2A52-AF82-12DF17AE4E1E,2011-ncaa-d1-natl,ncaa,242,202,321,234,324,333,332,329,310,315,284,319,300,299,269,241,272,265,226,259,179,328,335,316,313,295,186,232,71,214,115,305,102,295,102,298,127,44,216,237,230,107,200,106,,,12,96,,,193,340,323,89,319,318,288,284,201,286,272,221,195,189,282,299,138,244,202,276,143,174,161,,39,,,195,3,2,5,55,2,3,59,91,101,126,278,31,27,197,28,176,3,3,68,72,67,279,273,180,7,102,19,115,6,102,54,326,278,104,172,144,283,78,158,,,273,85,,,193,3,277,59,202,21,24,26,16,17,151,180,71,67,71,19,20,57,121,79,154,196,242,152,,177,,,b'\x11\xe8\xe1I\xcaI*R\xaf\x82\x12\xdf\x17\xaeN\x1e'
11E8E149-CA49-2A52-AF82-12DF17AE4E1E,2012-ncaa-d0-natl,ncaa,198,153,292,191,293,314,320,303,313,333,321,294,180,137,283,52,299,319,81,319,214,317,327,291,284,272,63,68,165,257,210,308,139,307,215,265,68,41,187,179,264,189,240,203,,,32,180,,,214,330,320,19,306,315,255,325,302,136,81,268,303,305,281,303,205,279,265,237,113,234,222,,93,,,214,17,18,14,149,36,32,172,42,52,71,141,82,53,308,52,159,14,11,126,153,149,127,90,234,23,139,72,210,38,215,69,251,275,156,183,69,200,105,247,,,305,173,,,214,14,266,147,210,71,72,52,116,82,69,84,149,109,109,48,33,76,193,138,144,225,143,163,,268,,,b'\x11\xe8\xe1I\xcaI*R\xaf\x82\x12\xdf\x17\xaeN\x1e'
11E8E149-CA49-2A52-AF82-12DF17AE4E1E,2012-ncaa-d1-conf-Ivy League,ncaa,5,5,1,5,1,5,6,4,7,7,7,8,3,2,5,1,5,7,3,7,4,4,7,7,7,6,2,2,4,3,3,7,2,6,3,4,1,2,3,3,7,5,4,3,,,5,7,,,5,7,7,1,5,6,4,7,7,3,2,5,7,7,4,7,3,7,6,4,2,7,4,,5,,,5,4,4,1,6,5,3,7,3,3,7,3,6,4,7,4,5,2,1,7,7,7,4,3,6,2,2,6,3,3,3,4,5,6,4,5,5,5,5,6,,,4,4,,,5,2,5,6,5,4,4,1,5,3,3,3,6,4,4,2,1,2,6,3,4,6,5,5,,4,,,b'\x11\xe8\xe1I\xcaI*R\xaf\x82\x12\xdf\x17\xaeN\x1e'
11E8E149-CA49-2A52-AF82-12DF17AE4E1E,2012-ncaa-d1-natl,ncaa,208,153,325,198,326,328,330,326,317,335,330,298,187,143,282,51,307,321,81,322,214,332,337,294,287,278,61,69,165,277,220,323,144,321,225,281,72,30,191,187,280,198,251,207,,,26,184,,,226,341,321,18,310,318,259,325,302,137,82,267,303,305,284,304,212,283,270,243,114,241,226,,96,,,228,6,12,4,154,26,20,179,35,40,77,135,71,45,311,43,161,3,3,132,162,157,124,88,235,15,144,51,220,23,225,59,250,292,162,195,59,203,96,250,,,318,171,,,226,4,273,152,224,76,75,53,118,84,71,84,154,111,113,48,34,79,194,141,152,235,144,165,,267,,,b'\x11\xe8\xe1I\xcaI*R\xaf\x82\x12\xdf\x17\xaeN\x1e'
11E8E149-CA49-2A52-AF82-12DF17AE4E1E,2013-ncaa-d0-natl,ncaa,113,105,120,113,152,199,244,205,283,300,287,266,76,57,176,45,119,151,80,153,45,198,260,235,200,140,25,45,70,233,253,233,181,235,261,170,64,20,43,71,207,181,69,47,,,71,106,,,120,256,309,195,245,286,244,321,306,71,63,114,155,158,237,303,240,273,274,187,23,217,61,,60,,,120,59,68,96,109,51,106,60,213,153,320,212,51,42,261,42,75,71,96,146,128,95,249,285,110,129,181,238,253,198,261,245,334,161,92,214,13,27,152,231,,,152,62,,,120,97,143,110,118,54,67,57,46,76,214,143,54,45,44,38,47,117,226,187,245,166,17,150,,183,,,b'\x11\xe8\xe1I\xcaI*R\xaf\x82\x12\xdf\x17\xaeN\x1e'
11E8E149-CA49-2A52-AF82-12DF17AE4E1E,2013-ncaa-d1-conf-Ivy League,ncaa,3,3,1,3,5,4,4,5,5,7,8,4,1,1,4,1,1,3,2,2,1,5,5,4,3,3,1,1,1,5,4,4,3,5,4,4,3,3,4,3,4,4,1,1,,,3,4,,,3,6,5,5,4,4,5,7,8,1,1,1,3,2,5,5,5,4,5,4,3,4,1,,3,,,3,2,3,3,4,4,4,3,4,3,7,4,3,1,8,1,2,2,1,4,4,3,6,6,4,2,3,5,4,4,4,6,8,4,3,5,2,2,6,6,,,4,3,,,3,2,3,2,3,2,3,3,4,4,4,3,3,1,1,2,1,2,5,4,6,4,2,6,,4,,,b'\x11\xe8\xe1I\xcaI*R\xaf\x82\x12\xdf\x17\xaeN\x1e'
11E8E149-CA49-2A52-AF82-12DF17AE4E1E,2013-ncaa-d1-natl,ncaa,121,104,136,117,178,223,266,229,287,316,300,275,80,63,179,45,131,163,79,166,45,218,282,237,204,143,25,44,64,246,257,257,186,267,266,183,65,16,46,71,216,187,72,47,,,60,105,,,131,280,310,189,249,290,247,322,307,73,62,111,156,158,241,303,246,278,278,192,23,225,62,,61,,,130,47,53,68,120,42,82,64,202,142,322,212,49,39,265,40,75,50,66,149,134,101,250,281,109,114,186,222,257,185,266,233,333,174,96,223,11,30,149,233,,,173,57,,,131,67,147,116,127,55,71,58,48,78,218,143,55,45,45,38,43,118,227,191,247,170,18,153,,181,,,b'\x11\xe8\xe1I\xcaI*R\xaf\x82\x12\xdf\x17\xaeN\x1e'
11E8E149-CA49-2A52-AF82-12DF17AE4E1E,2014-ncaa-d0-natl,ncaa,61,17,254,29,289,252,271,304,156,250,271,155,212,229,159,172,176,179,136,181,79,294,319,155,133,117,132,168,83,288,242,109,110,194,130,160,42,28,106,56,283,252,21,15,,,5,8,,,61,319,292,270,213,246,293,225,243,188,192,122,142,145,271,301,266,26,120,98,58,259,12,,8,,,51,6,15,138,3,19,188,4,72,100,80,146,4,3,273,3,3,68,48,6,3,9,96,224,30,157,110,78,242,96,130,64,256,298,252,200,135,247,78,153,,,235,69,,,61,33,137,11,45,14,31,253,38,277,100,128,4,3,3,140,91,220,146,173,107,270,195,103,,178,,,b'\x11\xe8\xe1I\xcaI*R\xaf\x82\x12\xdf\x17\xaeN\x1e'
11E8E149-CA49-2A52-AF82-12DF17AE4E1E,2014-ncaa-d1-conf-Ivy League,ncaa,1,1,1,1,3,4,5,5,4,5,6,5,4,4,2,5,1,1,7,1,1,5,6,4,4,3,2,3,1,5,5,2,3,3,3,3,3,2,3,3,6,5,1,1,,,1,1,,,2,6,6,3,4,5,5,5,6,4,4,1,1,1,5,6,5,2,3,3,2,6,1,,1,,,2,1,1,8,1,1,8,1,5,5,3,5,1,1,4,1,1,6,4,1,1,1,5,8,1,8,3,6,5,6,3,4,8,4,6,4,7,7,2,2,,,2,2,,,2,3,3,1,2,1,1,8,1,8,5,5,1,1,1,6,4,8,6,6,4,4,7,2,,2,,,b'\x11\xe8\xe1I\xcaI*R\xaf\x82\x12\xdf\x17\xaeN\x1e'
11E8E149-CA49-2A52-AF82-12DF17AE4E1E,2014-ncaa-d1-natl,ncaa,67,17,307,29,326,273,288,325,159,266,286,159,221,238,164,175,200,204,138,203,79,315,330,158,141,121,132,171,76,298,249,128,113,222,138,177,46,20,107,59,295,254,24,18,,,1,8,,,69,333,293,273,219,249,294,228,248,190,192,126,150,149,272,301,268,28,128,105,60,264,12,,8,,,57,2,7,112,3,11,170,4,61,88,86,143,3,2,277,2,3,48,27,6,3,9,94,223,28,138,113,54,249,73,138,54,259,315,253,208,124,247,73,154,,,263,69,,,69,18,142,11,48,14,32,256,39,281,99,126,5,3,3,142,88,225,147,180,110,273,196,108,,183,,,b'\x11\xe8\xe1I\xcaI*R\xaf\x82\x12\xdf\x17\xaeN\x1e'
11E8E149-CA49-2A52-AF82-12DF17AE4E1E,2014-ncaa-d1-ncaatournament,ncaa,33,2,33,33,34,42,37,40,35,36,38,43,48,55,36,38,56,58,52,56,62,43,45,37,45,41,56,31,60,42,40,60,52,52,50,43,47,6,12,15,54,51,27,19,,,11,22,,,48,49,33,3,37,20,11,21,13,31,36,55,57,55,21,36,25,60,52,35,8,49,12,,21,,,50,18,17,8,53,25,21,49,6,4,36,9,22,16,64,16,26,6,14,50,54,51,11,8,43,6,52,19,40,13,50,6,4,39,4,8,15,27,1,2,,,39,15,,,48,18,38,50,48,49,48,12,55,45,9,7,50,30,31,13,31,19,50,44,11,9,22,2,,18,,,b'\x11\xe8\xe1I\xcaI*R\xaf\x82\x12\xdf\x17\xaeN\x1e'
11E8E149-CA49-2A52-AF82-12DF17AE4E1E,2015-ncaa-d0-natl,ncaa,84,37,243,58,272,276,286,306,214,282,249,278,197,266,28,223,218,210,216,200,127,298,311,185,194,179,123,139,114,247,209,124,86,181,104,151,22,39,136,75,318,307,16,9,,,3,13,,,86,316,325,283,261,277,297,272,225,168,244,186,173,166,286,314,236,42,112,106,83,315,6,,7,,,78,7,34,133,11,57,201,14,42,73,46,124,1,2,135,2,2,62,32,6,3,19,29,166,10,121,86,72,209,76,104,112,268,334,304,295,189,280,280,315,,,279,156,,,86,27,171,36,81,13,63,232,97,284,65,104,2,3,3,102,28,172,133,148,138,328,226,314,,254,,,b'\x11\xe8\xe1I\xcaI*R\xaf\x82\x12\xdf\x17\xaeN\x1e'
11E8E149-CA49-2A52-AF82-12DF17AE4E1E,2015-ncaa-d1-conf-Ivy League,ncaa,2,2,1,2,3,4,4,7,2,6,7,2,4,3,3,3,3,2,5,2,1,5,7,2,2,2,3,3,3,3,4,2,3,3,3,2,1,2,5,2,8,8,1,1,,,1,1,,,2,7,7,3,4,4,7,6,7,4,3,3,2,2,5,7,3,2,3,2,2,8,1,,1,,,2,2,4,7,2,3,5,2,4,7,2,6,1,1,7,1,1,5,4,2,2,2,4,5,1,6,3,2,4,2,3,5,7,8,8,7,5,6,5,6,,,3,2,,,2,1,2,3,2,2,4,7,3,5,4,7,1,1,1,5,4,6,2,2,5,8,5,5,,3,,,b'\x11\xe8\xe1I\xcaI*R\xaf\x82\x12\xdf\x17\xaeN\x1e'
11E8E149-CA49-2A52-AF82-12DF17AE4E1E,2015-ncaa-d1-natl,ncaa,80,37,209,53,275,266,278,301,200,279,240,270,188,258,27,222,211,196,216,191,133,286,320,186,187,169,126,145,121,239,198,100,72,154,83,127,19,37,128,70,318,300,10,6,,,2,11,,,69,326,325,285,260,269,289,266,216,168,244,184,170,165,279,312,223,39,100,98,74,310,3,,6,,,60,3,26,142,7,55,205,11,41,78,31,131,2,2,129,2,2,58,20,5,2,12,29,169,8,117,72,79,198,78,83,104,266,331,303,285,185,274,297,318,,,280,160,,,69,18,161,22,61,9,45,220,80,272,54,107,2,2,3,96,27,151,121,125,124,324,218,322,,261,,,b'\x11\xe8\xe1I\xcaI*R\xaf\x82\x12\xdf\x17\xaeN\x1e'
11E8E149-CA49-2A52-AF82-12DF17AE4E1E,2016-ncaa-d0-natl,ncaa,53,10,287,18,315,261,266,281,241,299,293,269,132,153,86,100,268,277,196,271,167,279,334,202,206,114,76,69,211,237,185,176,53,200,93,181,56,2,8,16,251,159,13,2,,,1,3,,,49,339,333,280,203,223,171,261,237,87,107,229,231,226,194,315,176,57,93,105,5,213,3,,3,,,35,1,9,46,14,11,49,20,53,113,18,253,2,2,131,2,2,19,7,16,6,15,63,220,4,30,53,84,185,50,93,91,326,334,264,275,11,69,62,138,,,323,211,,,49,10,90,20,29,9,30,148,41,142,80,191,2,2,2,52,19,96,211,151,165,315,39,118,,295,,,b'\x11\xe8\xe1I\xcaI*R\xaf\x82\x12\xdf\x17\xaeN\x1e'
11E8E149-CA49-2A52-AF82-12DF17AE4E1E,2016-ncaa-d1-conf-Ivy League,ncaa,1,1,1,1,6,4,4,4,6,7,5,7,2,2,2,2,7,7,6,6,4,5,7,4,5,2,2,1,7,3,3,2,3,3,2,4,2,1,1,1,1,1,1,1,,,1,1,,,2,8,7,6,4,4,4,7,5,2,2,7,7,6,5,7,3,2,3,4,1,1,1,,1,,,2,1,1,2,2,1,3,2,1,3,1,5,1,1,3,1,1,1,1,2,1,1,1,2,1,4,3,4,3,4,2,4,8,4,1,4,1,1,4,4,,,8,8,,,2,2,2,1,2,1,1,2,1,3,1,3,1,1,1,1,1,4,4,4,4,4,1,4,,8,,,b'\x11\xe8\xe1I\xcaI*R\xaf\x82\x12\xdf\x17\xaeN\x1e'
11E8E149-CA49-2A52-AF82-12DF17AE4E1E,2016-ncaa-d1-natl,ncaa,47,10,303,18,332,258,265,260,250,290,275,277,128,153,97,106,265,272,195,268,188,270,337,215,225,123,84,77,218,202,179,155,53,180,90,162,45,2,8,15,235,133,10,2,,,1,2,,,45,346,328,282,207,216,163,258,219,94,107,234,236,231,178,310,154,54,71,103,5,193,2,,3,,,33,1,4,50,8,10,65,16,44,112,14,241,2,2,115,2,2,12,5,14,5,13,63,212,5,39,53,101,179,50,90,108,328,326,253,273,12,62,79,140,,,326,236,,,45,4,97,19,28,8,28,152,39,148,74,181,2,2,2,53,23,101,212,160,174,307,34,126,,299,,,b'\x11\xe8\xe1I\xcaI*R\xaf\x82\x12\xdf\x17\xaeN\x1e'
11E8E149-CA49-2A52-AF82-12DF17AE4E1E,2016-ncaa-d1-ncaatournament,ncaa,33,2,33,33,33,52,48,53,39,54,61,40,34,37,37,5,56,57,19,54,50,57,57,34,37,45,17,7,56,54,54,34,18,44,30,36,8,17,51,34,64,64,23,8,,,2,3,,,38,56,55,1,50,45,49,54,60,16,10,56,57,54,55,56,51,6,31,17,41,64,6,,3,,,43,8,9,24,17,7,9,25,25,33,18,57,4,4,5,4,21,21,8,19,13,32,36,51,10,17,18,10,54,13,30,18,52,64,64,64,27,59,7,32,,,59,60,,,38,3,50,36,46,21,28,50,25,21,45,59,8,13,16,44,10,34,35,37,46,64,54,16,,59,,,b'\x11\xe8\xe1I\xcaI*R\xaf\x82\x12\xdf\x17\xaeN\x1e'
11E8E149-CA49-2A52-AF82-12DF17AE4E1E,2017-ncaa-d0-natl,ncaa,79,28,234,47,263,257,247,259,211,275,282,257,128,162,81,95,328,328,219,326,302,279,330,171,207,133,97,55,320,141,75,208,101,184,72,162,51,3,23,20,264,180,25,6,,,2,20,,,63,344,348,178,253,238,221,270,261,95,122,333,326,321,260,335,93,142,105,123,7,247,11,,5,,,53,3,4,35,7,4,53,7,72,84,93,226,6,5,311,4,17,17,8,10,11,22,217,276,83,64,101,42,75,35,72,47,299,322,240,221,13,80,97,174,,,335,285,,,63,7,77,34,39,3,5,51,5,68,103,125,11,6,5,23,6,112,87,83,89,321,38,130,,336,,,b'\x11\xe8\xe1I\xcaI*R\xaf\x82\x12\xdf\x17\xaeN\x1e'
11E8E149-CA49-2A52-AF82-12DF17AE4E1E,2017-ncaa-d1-conf-Ivy League,ncaa,1,1,1,1,2,3,2,4,1,2,4,1,2,3,1,4,7,7,5,7,7,4,4,1,2,1,4,2,7,3,2,1,2,2,1,1,3,2,1,1,5,3,1,1,,,1,1,,,1,4,8,7,3,3,6,6,7,2,4,7,7,7,7,8,3,4,3,1,1,6,1,,1,,,1,1,1,4,1,1,4,1,5,6,2,7,1,1,8,1,1,4,4,1,1,1,7,7,2,4,2,2,2,3,1,4,6,5,4,4,3,1,2,1,,,5,4,,,1,5,1,1,1,1,1,1,1,2,3,6,1,1,1,1,1,2,1,1,1,6,1,2,,7,,,b'\x11\xe8\xe1I\xcaI*R\xaf\x82\x12\xdf\x17\xaeN\x1e'
11E8E149-CA49-2A52-AF82-12DF17AE4E1E,2017-ncaa-d1-natl,ncaa,69,28,217,46,266,264,239,261,204,273,274,239,119,148,72,97,334,329,230,324,304,282,334,157,192,123,102,54,323,143,76,184,96,166,71,143,44,3,22,19,265,194,20,3,,,3,16,,,57,346,348,178,245,225,214,261,254,93,118,336,326,320,260,333,94,131,94,103,7,254,9,,5,,,48,2,3,32,6,2,61,6,82,97,101,234,7,4,319,4,14,16,6,7,9,15,227,285,73,67,96,34,76,30,71,54,303,320,243,227,12,66,93,160,,,340,302,,,57,4,81,30,37,3,5,57,4,79,115,134,12,5,5,26,7,118,84,85,92,318,35,120,,339,,,b'\x11\xe8\xe1I\xcaI*R\xaf\x82\x12\xdf\x17\xaeN\x1e'
11E8E149-CA49-2A52-AF82-12DF17AE4E1E,2017-ncaa-d1-ncaatournament,ncaa,33,2,33,33,33,48,41,60,21,45,59,15,39,47,29,18,52,56,16,55,39,63,62,17,19,19,27,21,50,59,52,35,54,42,49,32,1,11,36,9,56,57,31,32,,,18,40,,,21,61,59,6,43,34,58,42,59,20,24,49,54,52,61,62,58,17,33,12,22,54,16,,39,,,24,5,1,23,2,8,28,2,5,5,14,6,34,32,38,29,44,26,20,1,3,5,37,10,62,35,54,7,52,23,49,7,39,60,61,52,17,49,2,4,,,48,20,,,21,6,26,22,20,14,3,49,13,60,5,5,58,58,57,57,41,63,25,54,19,60,41,2,,37,,,b'\x11\xe8\xe1I\xcaI*R\xaf\x82\x12\xdf\x17\xaeN\x1e'
11E8E149-CA49-2A52-AF82-12DF17AE4E1E,2018-ncaa-d0-natl,ncaa,72,47,164,57,240,188,173,125,252,248,211,275,59,54,96,54,308,309,185,305,310,158,226,192,230,136,61,34,326,47,41,131,112,83,66,113,59,13,29,37,155,104,19,5,,,16,42,,,56,296,315,340,171,158,66,264,204,49,48,316,319,316,114,228,26,102,35,91,24,143,12,,24,,,51,11,17,87,17,4,39,14,224,243,159,322,11,12,118,13,69,59,57,30,26,30,321,338,73,122,112,155,41,139,66,95,292,199,141,139,37,57,264,282,,,295,303,,,56,58,79,35,44,13,19,82,5,25,243,269,15,17,17,47,40,140,178,165,109,190,51,271,,311,,,b'\x11\xe8\xe1I\xcaI*R\xaf\x82\x12\xdf\x17\xaeN\x1e'
11E8E149-CA49-2A52-AF82-12DF17AE4E1E,2018-ncaa-d1-conf-Ivy League,ncaa,2,2,1,2,1,3,3,1,7,5,2,7,2,1,4,2,4,5,6,5,5,1,1,5,6,5,1,3,6,1,2,2,2,1,3,3,2,2,1,2,2,3,1,1,,,2,2,,,2,4,8,5,6,6,2,7,6,3,2,6,5,5,3,4,1,2,1,4,1,4,1,,2,,,2,1,1,7,1,1,2,1,6,8,2,8,2,2,3,2,4,7,6,1,1,1,8,8,4,8,2,5,2,6,3,2,8,3,3,3,3,2,6,4,,,3,5,,,2,5,3,2,2,1,1,3,1,1,4,6,2,2,2,3,3,5,5,4,2,3,2,4,,5,,,b'\x11\xe8\xe1I\xcaI*R\xaf\x82\x12\xdf\x17\xaeN\x1e'
11E8E149-CA49-2A52-AF82-12DF17AE4E1E,2018-ncaa-d1-natl,ncaa,75,47,144,57,210,172,160,99,259,246,213,274,55,44,110,52,303,309,186,309,309,129,214,205,237,137,62,38,321,36,32,129,93,58,63,106,65,11,25,34,146,103,14,3,,,14,38,,,51,302,316,340,164,155,59,258,197,50,44,312,313,312,99,222,22,102,33,95,20,135,11,,23,,,45,7,11,84,13,5,32,13,223,251,142,322,9,11,140,10,58,43,50,25,23,24,323,337,72,116,93,170,32,139,63,79,294,185,130,121,30,52,259,279,,,297,312,,,51,45,81,26,42,9,15,77,3,27,235,262,12,13,13,44,36,126,184,165,104,180,45,264,,315,,,b'\x11\xe8\xe1I\xcaI*R\xaf\x82\x12\xdf\x17\xaeN\x1e'
11E8E149-CA49-2A52-AF82-12DF17AE4E1E,2019-ncaa-d0-natl,ncaa,54,18,173,32,190,176,142,157,140,142,168,128,146,139,168,143,272,266,257,261,272,180,238,142,167,120,221,149,304,58,29,82,146,65,40,100,84,28,60,50,200,166,22,5,,,6,13,,,40,296,324,77,144,117,109,128,152,133,130,284,271,267,144,229,42,38,20,80,47,197,11,,10,,,32,8,13,165,4,8,58,10,186,307,11,340,14,8,197,7,47,109,78,5,6,11,297,325,77,249,146,67,29,115,40,85,304,269,229,200,29,55,18,28,,,229,191,,,40,55,85,19,29,9,14,184,13,46,199,326,19,19,18,107,74,263,81,148,104,264,46,23,,212,,,b'\x11\xe8\xe1I\xcaI*R\xaf\x82\x12\xdf\x17\xaeN\x1e'
11E8E149-CA49-2A52-AF82-12DF17AE4E1E,2019-ncaa-d1-conf-Ivy League,ncaa,2,2,1,2,1,3,2,2,2,2,3,3,3,4,4,5,3,2,7,3,5,3,3,2,2,2,6,6,5,2,2,1,4,2,4,2,3,1,1,1,5,6,2,1,,,3,1,,,2,3,7,2,3,3,3,2,3,5,5,4,4,4,3,6,2,3,3,3,1,6,2,,1,,,2,4,2,7,1,2,4,1,6,8,1,7,6,6,5,6,5,7,7,1,1,1,8,7,6,8,4,5,2,7,4,6,7,4,4,4,1,1,4,2,,,3,4,,,2,6,2,1,2,1,1,3,1,3,5,5,4,4,4,3,3,5,3,5,4,5,1,3,,4,,,b'\x11\xe8\xe1I\xcaI*R\xaf\x82\x12\xdf\x17\xaeN\x1e'
11E8E149-CA49-2A52-AF82-12DF17AE4E1E,2019-ncaa-d1-natl,ncaa,51,18,155,32,177,174,134,153,138,143,172,127,141,140,153,148,286,276,247,273,295,182,238,131,162,116,225,147,313,65,31,77,141,64,41,97,85,20,55,47,216,172,18,6,,,3,12,,,40,306,330,75,145,107,115,132,148,131,134,298,285,281,159,249,53,42,23,85,39,204,12,,7,,,34,8,13,164,4,9,50,12,186,308,10,338,9,9,202,9,43,101,75,7,6,14,288,321,70,238,141,58,31,100,41,92,298,275,228,202,26,50,16,25,,,251,217,,,40,41,79,26,30,8,14,172,15,44,192,322,17,14,16,96,60,260,80,138,108,265,40,27,,244,,,b'\x11\xe8\xe1I\xcaI*R\xaf\x82\x12\xdf\x17\xaeN\x1e'
11E8E149-CA49-2A52-AF82-12DF17AE4E1E,2020-ncaa-d0-natl,ncaa,81,30,336,49,341,267,244,282,156,272,291,143,145,152,131,94,331,321,257,321,272,303,344,133,171,97,151,90,316,166,89,294,315,258,188,166,89,2,16,19,195,102,54,18,,,2,9,,,38,348,327,171,150,109,83,170,191,89,82,296,290,287,116,262,71,155,86,73,9,128,24,,8,,,30,3,5,31,9,1,21,5,152,123,212,290,1,1,42,1,15,11,8,18,9,11,305,346,16,265,315,33,89,91,188,62,320,253,130,144,10,49,29,85,,,344,304,,,38,3,59,29,32,10,22,174,9,117,254,252,4,7,7,86,104,334,171,276,155,156,35,73,,315,,,b'\x11\xe8\xe1I\xcaI*R\xaf\x82\x12\xdf\x17\xaeN\x1e'
11E8E149-CA49-2A52-AF82-12DF17AE4E1E,2020-ncaa-d1-conf-Ivy League,ncaa,2,2,1,2,3,4,4,2,6,4,3,5,5,4,8,5,2,3,5,3,3,2,4,6,7,4,5,5,2,4,4,4,6,3,5,8,8,1,1,2,3,3,2,2,,,2,1,,,2,7,8,3,4,4,2,4,3,5,4,2,3,3,2,4,4,4,3,8,1,3,2,,2,,,2,2,2,6,2,2,6,1,4,3,6,4,2,3,3,3,3,6,4,2,2,2,6,8,2,7,6,6,4,7,5,3,5,5,5,3,2,2,3,3,,,5,5,,,2,1,2,3,2,2,2,6,2,6,4,3,2,3,3,6,4,7,6,7,3,5,2,3,,5,,,b'\x11\xe8\xe1I\xcaI*R\xaf\x82\x12\xdf\x17\xaeN\x1e'
11E8E149-CA49-2A52-AF82-12DF17AE4E1E,2020-ncaa-d1-natl,ncaa,76,30,341,47,345,255,232,285,136,269,292,133,128,140,114,88,325,323,268,322,270,304,345,112,153,85,142,76,320,177,105,284,298,249,186,144,88,2,16,18,192,103,57,19,,,2,9,,,34,350,324,172,137,101,89,173,201,81,77,304,293,292,124,269,83,138,88,68,10,131,26,,8,,,27,2,3,23,8,1,23,4,187,149,237,297,2,2,38,2,16,5,7,16,9,11,325,348,15,257,298,44,105,103,186,70,328,246,119,139,13,51,32,85,,,344,311,,,34,1,52,23,28,10,17,168,6,102,268,258,5,7,8,83,99,326,171,268,159,153,43,70,,321,,,b'\x11\xe8\xe1I\xcaI*R\xaf\x82\x12\xdf\x17\xaeN\x1e'
11E8E149-CA49-2A52-AF82-12DF17AE4E1E,2022-ncaa-d0-natl,ncaa,254,157,337,230,340,309,321,315,300,335,323,300,184,189,172,80,290,301,156,299,159,315,334,253,257,230,53,68,178,192,86,294,287,262,161,290,149,18,141,170,259,170,147,72,,,12,69,,,166,344,216,78,196,224,111,286,224,84,64,188,201,194,121,127,59,101,47,195,160,148,69,,83,,,162,10,23,45,52,23,33,96,100,160,48,309,6,6,84,6,66,28,20,60,46,67,193,281,58,169,287,26,86,58,161,48,241,318,215,211,48,178,98,245,,,339,293,,,166,14,187,116,161,128,157,284,130,177,232,319,54,62,58,248,242,325,243,298,201,196,194,233,,265,,,b'\x11\xe8\xe1I\xcaI*R\xaf\x82\x12\xdf\x17\xaeN\x1e'
11E8E149-CA49-2A52-AF82-12DF17AE4E1E,2022-ncaa-d1-conf-Ivy League,ncaa,4,4,5,4,5,4,5,4,6,5,5,6,5,3,6,5,1,2,2,2,2,4,5,6,5,4,1,6,2,4,3,4,4,5,4,6,4,3,3,4,4,4,3,4,,,1,2,,,4,6,5,1,4,4,3,4,3,5,3,1,1,1,3,3,3,3,2,6,3,4,3,,1,,,4,2,4,4,5,5,5,5,3,3,5,5,1,1,2,1,2,3,3,4,4,4,3,6,2,4,4,5,3,4,4,4,4,4,5,4,3,3,5,5,,,6,3,,,4,3,3,4,4,4,5,5,6,6,4,5,1,2,2,4,6,4,6,5,5,4,3,5,,3,,,b'\x11\xe8\xe1I\xcaI*R\xaf\x82\x12\xdf\x17\xaeN\x1e'
11E8E149-CA49-2A52-AF82-12DF17AE4E1E,2022-ncaa-d1-natl,ncaa,235,157,326,217,329,279,287,285,259,309,300,253,163,159,172,94,288,294,140,292,212,297,321,220,227,189,92,87,221,159,81,253,254,233,130,265,184,27,111,153,214,136,138,69,,,14,52,,,120,336,208,83,165,176,82,233,192,87,72,209,229,218,106,127,58,82,44,175,132,132,72,,63,,,112,16,27,61,38,17,37,76,151,223,62,331,7,10,94,10,66,39,32,58,40,50,253,312,51,182,254,38,81,74,130,83,275,284,187,197,51,147,96,195,,,337,321,,,120,21,157,94,108,93,126,265,79,131,274,333,39,46,44,219,230,305,220,272,204,171,165,189,,299,,,b'\x11\xe8\xe1I\xcaI*R\xaf\x82\x12\xdf\x17\xaeN\x1e'
11E8E149-CA49-2A52-AF82-12DF17AE4E1E,2023-ncaa-d0-natl,ncaa,153,91,290,127,303,268,247,275,210,306,311,233,102,129,72,64,345,346,280,343,309,298,318,156,195,185,76,27,351,222,172,210,296,218,218,179,74,62,169,119,280,254,160,138,,,2,5,,,143,325,294,192,223,199,167,283,266,61,76,347,340,338,239,255,163,100,116,124,141,242,128,,4,,,136,20,53,151,33,40,125,41,171,210,112,290,3,3,97,3,4,87,53,44,22,45,140,321,5,297,296,69,172,157,218,170,300,318,290,295,95,196,121,219,,,349,349,,,143,28,174,106,151,62,147,315,113,260,247,293,4,3,5,232,148,342,186,289,245,289,172,175,,352,,,b'\x11\xe8\xe1I\xcaI*R\xaf\x82\x12\xdf\x17\xaeN\x1e'
11E8E149-CA49-2A52-AF82-12DF17AE4E1E,2023-ncaa-d1-conf-Ivy League,ncaa,4,3,4,3,4,4,4,4,4,5,6,5,3,4,2,3,5,5,7,4,3,4,4,2,3,4,2,3,6,6,5,4,7,4,6,4,3,5,4,4,7,7,5,4,,,1,1,,,4,4,7,6,4,5,8,6,6,4,4,6,7,7,7,8,7,4,5,4,4,8,4,,1,,,4,2,4,5,3,4,5,4,6,7,3,8,1,1,7,1,1,5,4,3,3,4,3,7,1,7,7,1,5,4,6,7,6,8,8,8,6,5,3,5,,,6,6,,,4,4,4,4,4,3,5,7,5,5,6,8,1,1,1,5,3,7,2,5,5,8,5,3,,7,,,b'\x11\xe8\xe1I\xcaI*R\xaf\x82\x12\xdf\x17\xaeN\x1e'
11E8E149-CA49-2A52-AF82-12DF17AE4E1E,2023-ncaa-d1-natl,ncaa,151,91,310,127,320,260,241,280,199,294,313,212,102,116,74,59,350,344,296,343,317,301,326,146,187,168,89,27,350,208,164,200,303,213,212,175,69,58,153,111,278,244,132,111,,,2,2,,,132,336,298,187,216,193,169,272,270,58,76,350,342,340,238,258,161,92,104,113,120,245,100,,3,,,127,19,49,168,30,37,121,31,195,228,115,299,3,4,104,4,4,84,43,38,19,47,164,328,3,306,303,69,164,162,212,178,304,322,290,304,96,192,113,217,,,354,354,,,132,21,162,105,138,55,137,314,98,250,258,301,3,3,3,225,149,342,172,285,251,294,166,161,,354,,,b'\x11\xe8\xe1I\xcaI*R\xaf\x82\x12\xdf\x17\xaeN\x1e'
11E8E149-CA49-2A52-AF82-12DF17AE4E1E,2024-ncaa-d0-natl,ncaa,206,111,347,173,351,308,304,342,152,293,328,125,244,244,216,122,313,336,50,334,251,349,355,154,155,162,193,166,236,303,191,318,186,324,178,272,174,30,185,167,350,318,134,94,,,14,104,,,200,354,241,153,189,175,210,185,225,165,143,236,278,274,240,247,204,168,194,175,160,319,72,,92,,,203,19,50,27,246,93,54,253,29,37,104,124,18,14,243,16,62,14,6,213,189,241,33,87,73,56,186,9,191,13,178,105,244,347,251,299,40,169,76,219,,,336,203,,,200,6,167,244,201,188,247,217,296,269,94,126,101,85,94,184,128,193,138,150,273,271,138,185,,234,,,b'\x11\xe8\xe1I\xcaI*R\xaf\x82\x12\xdf\x17\xaeN\x1e'
11E8E149-CA49-2A52-AF82-12DF17AE4E1E,2024-ncaa-d1-conf-Ivy League,ncaa,4,5,3,5,3,4,4,4,4,5,6,4,3,4,3,4,3,5,1,5,4,4,4,4,4,5,4,4,5,5,5,2,4,4,4,4,4,8,7,5,7,7,1,2,,,4,3,,,4,3,5,2,5,5,6,6,5,3,4,4,5,5,7,7,5,2,4,4,6,7,1,,4,,,4,5,5,7,5,8,6,5,1,4,1,2,4,4,2,5,4,7,7,3,1,4,1,1,3,6,4,4,5,5,4,6,5,5,5,6,6,5,6,5,,,5,3,,,4,5,4,4,4,4,4,6,5,7,1,3,3,4,5,7,6,6,4,5,6,6,5,6,,5,,,b'\x11\xe8\xe1I\xcaI*R\xaf\x82\x12\xdf\x17\xaeN\x1e'
11E8E149-CA49-2A52-AF82-12DF17AE4E1E,2024-ncaa-d1-natl,ncaa,190,112,348,162,352,278,260,329,127,264,314,100,215,225,193,125,303,327,50,325,267,337,352,128,132,134,204,163,254,287,171,288,187,303,157,241,172,35,163,140,344,302,107,86,,,14,74,,,165,352,248,158,171,150,201,163,216,156,144,240,280,278,230,248,196,155,177,151,138,304,69,,76,,,156,19,61,49,217,108,96,208,36,47,101,122,16,14,251,16,44,21,9,178,157,192,33,90,64,83,187,12,171,16,157,130,246,335,250,282,50,163,88,205,,,333,237,,,165,9,137,207,164,159,225,221,274,279,87,126,79,59,72,183,126,202,119,136,262,269,132,183,,264,,,b'\x11\xe8\xe1I\xcaI*R\xaf\x82\x12\xdf\x17\xaeN\x1e'
11E8E149-CA49-2A52-AF82-12DF17AE4E1E,2025-ncaa-d0-natl,genius_ncaa,203,113,355,167,357,319,325,345,226,322,343,186,231,217,250,92,282,303,98,297,127,346,356,215,204,153,98,125,161,287,206,322,286,328,252,249,68,4,62,77,307,232,181,110,,,8,53,,5,160,358,308,160,217,232,215,257,267,153,95,191,221,207,210,295,187,191,197,147,43,241,111,,58,,13,158,7,11,26,100,28,26,149,33,61,33,221,17,20,85,19,106,14,9,90,69,113,122,169,98,142,286,23,206,43,252,55,260,345,253,253,11,104,7,50,,,347,187,,271,160,6,142,166,156,97,132,197,155,176,126,219,74,98,96,168,112,292,210,269,203,270,76,26,,244,,217,b'\x11\xe8\xe1I\xcaI*R\xaf\x82\x12\xdf\x17\xaeN\x1e'
11E8E149-CA49-2A52-AF82-12DF17AE4E1E,2025-ncaa-d1-conf-Ivy League,genius_ncaa,4,5,3,5,3,4,4,3,5,6,5,6,3,3,3,4,2,2,1,2,3,3,3,4,4,4,2,2,2,5,7,4,6,4,6,4,3,2,3,4,3,4,3,3,,,5,4,,4,4,3,1,1,4,4,3,6,6,3,4,2,3,3,3,4,6,3,4,3,3,3,3,,5,,4,4,7,6,8,6,6,6,4,5,5,5,4,6,6,4,6,5,8,6,6,6,6,4,4,5,7,6,8,7,8,6,8,5,4,4,4,3,3,5,4,,,3,3,,1,4,6,4,6,4,6,6,6,6,6,6,6,7,7,7,7,7,5,8,8,5,4,3,4,,3,,2,b'\x11\xe8\xe1I\xcaI*R\xaf\x82\x12\xdf\x17\xaeN\x1e'
11E8E149-CA49-2A52-AF82-12DF17AE4E1E,2025-ncaa-d1-natl,genius_ncaa,193,113,355,160,355,322,322,341,223,328,341,171,236,215,260,97,272,296,114,286,115,342,354,206,191,145,108,141,139,288,212,332,298,331,262,238,62,6,60,73,305,225,180,112,,,8,56,,4,171,358,298,159,208,228,225,251,263,164,97,170,190,183,212,291,200,214,221,138,42,233,109,,66,,10,166,12,22,27,125,37,32,166,44,70,51,218,17,24,62,24,99,17,10,108,90,139,112,168,85,145,298,27,212,46,262,60,226,340,258,255,11,89,5,42,,,336,156,,276,171,6,135,188,159,118,160,211,181,199,138,215,71,98,95,180,117,290,203,264,204,268,69,17,,222,,232,b'\x11\xe8\xe1I\xcaI*R\xaf\x82\x12\xdf\x17\xaeN\x1e'
11E8E149-CA49-2A52-AF82-12DF17AE4E1E,2026-ncaa-d0-natl,genius_ncaa,123,80,206,123,216,247,261,271,245,281,306,176,186,150,272,47,156,266,1,255,108,274,274,217,169,182,50,110,62,243,211,212,175,231,165,196,42,112,213,163,280,265,166,156,,,31,29,,36,140,276,336,97,246,285,305,309,341,154,92,111,258,241,317,334,241,152,198,159,156,287,144,,15,,36,138,52,59,110,48,57,124,41,89,107,157,164,61,32,330,30,37,88,88,50,55,78,177,216,127,133,175,97,211,105,165,111,279,259,199,205,141,246,94,201,,,303,282,,310,140,85,190,96,141,50,58,146,67,187,107,114,71,35,34,84,41,186,129,141,140,257,190,116,,322,,305,b'\x11\xe8\xe1I\xcaI*R\xaf\x82\x12\xdf\x17\xaeN\x1e'
11E8E149-CA49-2A52-AF82-12DF17AE4E1E,2026-ncaa-d1-natl,genius_ncaa,74,80,85,97,117,147,165,161,186,214,257,136,77,50,178,38,129,230,1,219,153,171,177,145,122,128,49,66,156,168,187,125,129,137,141,71,22,169,161,85,169,164,105,99,,,75,48,,125,78,181,324,100,199,215,245,278,328,80,52,158,285,278,268,306,227,161,175,81,113,204,121,,26,,110,83,83,84,180,34,68,177,26,163,200,141,208,113,85,306,76,75,160,176,35,38,46,250,255,168,164,129,184,187,177,141,171,303,132,116,137,182,186,139,194,,,282,331,,305,78,178,130,50,79,19,18,67,26,88,114,127,80,50,46,42,37,117,114,97,116,173,140,119,,344,,326,b'\x11\xe8\xe1I\xcaI*R\xaf\x82\x12\xdf\x17\xaeN\x1e'
11E8E149-CA4D-7B34-AF82-12DF17AE4E1E,2010-ncaa-d0-natl,ncaa,125,114,122,125,127,123,116,112,160,71,38,190,284,298,181,315,71,91,62,88,225,102,112,216,183,153,284,305,79,108,126,85,199,86,138,178,260,154,109,173,197,247,30,38,,,233,187,,,136,114,111,23,104,93,86,51,25,291,301,60,95,90,72,90,117,59,62,181,152,214,31,,236,,,136,218,127,247,31,97,247,16,237,224,241,169,318,297,314,298,253,269,253,41,80,122,311,224,315,276,199,206,126,244,138,142,176,176,239,162,146,112,81,32,,,110,154,,,136,232,145,142,135,206,101,262,76,247,234,218,314,287,291,298,277,277,202,251,128,193,141,78,,107,,,b'\x11\xe8\xe1I\xcaM{4\xaf\x82\x12\xdf\x17\xaeN\x1e'
11E8E149-CA4D-7B34-AF82-12DF17AE4E1E,2010-ncaa-d1-conf-Big Ten,ncaa,6,6,4,7,4,3,3,3,5,1,1,7,11,11,9,11,4,5,5,5,10,3,3,8,7,7,10,11,6,6,7,4,9,5,8,9,10,7,5,8,7,9,3,3,,,10,6,,,6,3,1,1,3,2,2,1,1,11,11,5,5,5,2,2,4,3,4,9,6,7,3,,9,,,6,9,7,8,3,4,8,1,10,9,9,7,11,11,11,11,9,9,10,4,5,8,10,8,9,10,9,10,7,10,8,4,5,4,7,4,7,3,7,3,,,4,6,,,6,9,7,8,6,10,5,8,5,8,10,9,11,11,11,10,10,10,10,10,4,3,7,7,,5,,,b'\x11\xe8\xe1I\xcaM{4\xaf\x82\x12\xdf\x17\xaeN\x1e'
11E8E149-CA4D-7B34-AF82-12DF17AE4E1E,2010-ncaa-d1-natl,ncaa,132,114,134,133,139,132,125,121,162,73,41,194,288,300,185,316,78,100,62,97,224,112,124,216,186,158,283,304,75,117,128,93,201,94,144,185,264,141,111,177,218,252,32,37,,,218,186,,,145,126,111,23,106,98,90,51,25,292,301,62,95,90,76,92,121,61,67,185,151,215,32,,235,,,145,210,111,237,33,88,237,17,231,216,243,168,314,292,315,292,254,258,241,43,85,130,310,225,314,274,201,191,128,228,144,132,177,198,244,167,139,115,76,31,,,120,151,,,145,220,148,147,141,214,102,264,80,251,235,220,315,292,294,299,277,281,207,256,130,201,143,79,,105,,,b'\x11\xe8\xe1I\xcaM{4\xaf\x82\x12\xdf\x17\xaeN\x1e'
11E8E149-CA4D-7B34-AF82-12DF17AE4E1E,2011-ncaa-d0-natl,ncaa,24,47,15,44,16,10,11,12,26,15,9,82,25,127,1,248,34,51,22,49,271,14,12,26,23,22,192,147,226,50,82,18,22,19,29,79,333,265,59,137,30,69,69,82,,,327,208,,,32,10,52,41,12,13,27,22,23,64,201,72,128,130,28,41,124,52,59,163,119,61,112,,237,,,34,340,331,318,208,271,271,185,341,334,298,307,307,296,271,294,239,324,327,257,268,234,323,322,182,175,22,274,82,258,29,334,266,37,134,198,154,38,184,39,,,46,262,,,32,334,19,177,40,260,215,218,117,83,330,310,219,197,193,225,251,48,95,56,268,111,68,94,,157,,,b'\x11\xe8\xe1I\xcaM{4\xaf\x82\x12\xdf\x17\xaeN\x1e'
11E8E149-CA4D-7B34-AF82-12DF17AE4E1E,2011-ncaa-d1-conf-Big Ten,ncaa,2,2,1,2,2,2,2,1,2,2,1,7,3,8,1,10,2,3,3,3,8,1,1,3,4,5,8,6,7,2,2,1,2,1,2,7,10,11,7,10,1,2,4,4,,,11,8,,,3,1,1,8,2,2,1,2,1,4,10,3,4,4,1,1,2,1,1,9,10,2,6,,9,,,3,10,10,9,9,8,7,7,11,11,9,10,8,7,8,7,7,9,10,10,9,9,9,10,5,3,2,5,2,6,2,11,9,2,2,7,7,4,8,6,,,3,9,,,3,11,3,5,3,9,6,5,5,4,9,10,7,6,6,5,8,3,3,2,9,2,5,7,,4,,,b'\x11\xe8\xe1I\xcaM{4\xaf\x82\x12\xdf\x17\xaeN\x1e'
11E8E149-CA4D-7B34-AF82-12DF17AE4E1E,2011-ncaa-d1-natl,ncaa,25,46,16,45,17,10,11,13,27,15,9,86,30,137,1,249,38,66,22,61,268,15,13,26,22,22,188,143,222,56,86,19,24,20,29,92,334,256,61,141,33,76,70,85,,,325,210,,,34,12,52,40,12,13,28,22,24,63,199,74,128,129,29,43,127,55,60,167,120,67,114,,238,,,36,338,328,318,215,254,259,195,341,333,297,306,305,288,276,288,240,322,326,260,276,240,321,321,181,157,24,260,86,243,29,331,265,41,142,207,139,38,173,41,,,53,261,,,34,332,19,190,44,265,219,218,124,88,330,311,224,204,198,227,252,48,97,58,273,115,69,98,,160,,,b'\x11\xe8\xe1I\xcaM{4\xaf\x82\x12\xdf\x17\xaeN\x1e'
11E8E149-CA4D-7B34-AF82-12DF17AE4E1E,2011-ncaa-d1-ncaatournament,ncaa,17,2,17,17,18,18,18,21,17,14,19,10,42,31,56,58,20,23,5,23,36,20,21,27,23,20,60,61,22,24,25,19,35,20,26,28,56,40,18,35,20,26,24,28,,,35,1,,,15,19,9,3,9,9,14,3,7,58,55,13,18,14,13,13,27,13,14,37,26,17,27,,7,,,13,43,47,47,24,40,41,26,51,51,33,62,23,29,3,28,18,47,47,35,19,24,47,61,6,45,35,37,25,41,26,38,20,22,25,20,29,7,2,2,,,24,40,,,15,47,17,25,13,37,45,54,21,23,61,62,7,18,17,51,56,44,20,33,31,16,8,2,,27,,,b'\x11\xe8\xe1I\xcaM{4\xaf\x82\x12\xdf\x17\xaeN\x1e'
11E8E149-CA4D-7B34-AF82-12DF17AE4E1E,2012-ncaa-d0-natl,ncaa,18,17,48,19,74,12,16,25,25,17,14,52,137,213,12,288,12,23,48,23,165,21,33,42,33,16,254,260,119,100,167,17,122,28,115,96,323,66,6,59,82,153,72,120,,,305,199,,,16,26,26,262,8,11,22,11,10,164,253,10,29,27,10,44,149,9,34,144,31,115,94,,270,,,16,267,261,328,36,280,319,69,179,300,16,202,261,249,231,249,110,330,321,29,33,64,138,115,204,310,122,307,167,319,115,215,125,102,228,148,52,14,193,42,,,29,102,,,16,314,17,72,19,186,186,313,205,291,136,259,200,183,182,311,303,269,226,259,140,169,33,144,,40,,,b'\x11\xe8\xe1I\xcaM{4\xaf\x82\x12\xdf\x17\xaeN\x1e'
11E8E149-CA4D-7B34-AF82-12DF17AE4E1E,2012-ncaa-d1-conf-Big Ten,ncaa,1,1,3,1,4,2,1,2,2,1,1,6,9,9,3,11,4,3,6,3,10,2,3,6,5,2,12,11,6,4,5,2,2,3,3,8,12,2,1,6,3,3,6,6,,,9,7,,,1,3,1,7,1,1,1,1,1,9,10,4,2,2,1,1,4,2,1,10,2,2,6,,8,,,1,4,5,8,4,8,9,6,2,5,1,4,7,9,2,9,7,9,10,2,1,2,2,2,8,5,2,9,5,8,3,5,7,5,6,5,2,2,3,1,,,3,5,,,1,10,2,1,1,3,4,8,7,9,1,6,7,9,9,8,11,4,9,7,4,5,2,3,,1,,,b'\x11\xe8\xe1I\xcaM{4\xaf\x82\x12\xdf\x17\xaeN\x1e'
11E8E149-CA4D-7B34-AF82-12DF17AE4E1E,2012-ncaa-d1-natl,ncaa,18,17,55,19,83,13,16,27,27,17,16,59,142,227,12,288,14,26,48,24,164,22,38,44,33,16,250,258,117,109,173,18,130,30,122,111,324,52,6,63,91,157,77,122,,,301,202,,,17,27,27,262,8,11,22,11,10,164,256,11,29,27,10,51,158,12,37,155,31,122,95,,271,,,17,255,248,328,39,263,317,71,162,294,15,202,254,236,231,236,112,330,320,30,39,75,139,119,206,302,130,301,173,314,122,205,126,113,236,154,47,14,180,44,,,33,95,,,17,313,18,81,22,191,190,316,212,291,136,259,205,187,190,314,304,268,228,263,146,175,34,145,,41,,,b'\x11\xe8\xe1I\xcaM{4\xaf\x82\x12\xdf\x17\xaeN\x1e'
11E8E149-CA4D-7B34-AF82-12DF17AE4E1E,2012-ncaa-d1-ncaatournament,ncaa,9,2,9,9,10,9,12,10,30,14,12,34,9,8,21,37,5,6,16,6,11,9,9,27,17,10,21,33,10,17,50,12,53,14,53,23,61,50,13,45,13,30,12,46,,,51,15,,,21,9,3,5,3,14,10,21,16,22,29,3,3,3,5,6,42,35,45,44,18,24,23,,28,,,21,56,56,56,34,57,57,35,46,51,19,23,58,52,62,51,14,56,56,28,31,30,12,17,31,56,53,59,50,57,53,56,21,9,31,29,54,29,52,31,,,7,12,,,21,56,19,32,24,55,58,61,61,64,18,28,46,31,29,60,62,53,54,58,40,15,35,35,,8,,,b'\x11\xe8\xe1I\xcaM{4\xaf\x82\x12\xdf\x17\xaeN\x1e'
11E8E149-CA4D-7B34-AF82-12DF17AE4E1E,2013-ncaa-d0-natl,ncaa,23,14,80,17,104,24,29,42,36,23,18,117,160,265,3,314,32,46,54,45,222,42,50,61,46,32,250,253,141,48,59,70,61,46,42,164,334,98,36,129,23,20,30,28,,,333,321,,,19,61,56,267,13,14,28,15,10,183,292,27,51,53,23,45,57,76,48,210,71,24,33,,323,,,15,169,103,191,67,99,200,51,174,176,184,153,290,285,196,287,268,216,265,71,93,55,276,188,302,116,61,181,59,155,42,158,226,36,54,52,107,55,241,100,,,52,124,,,19,279,25,40,22,100,65,96,67,122,154,148,261,255,257,128,209,80,123,96,124,47,85,217,,50,,,b'\x11\xe8\xe1I\xcaM{4\xaf\x82\x12\xdf\x17\xaeN\x1e'
11E8E149-CA4D-7B34-AF82-12DF17AE4E1E,2013-ncaa-d1-conf-Big Ten,ncaa,1,1,3,1,7,1,1,1,1,1,1,8,6,11,1,12,2,1,8,1,6,1,2,1,1,1,11,11,5,2,3,5,3,4,3,10,12,3,1,9,2,2,2,2,,,12,11,,,1,3,2,8,1,1,1,1,1,7,12,2,2,2,1,2,2,4,3,11,3,2,3,,12,,,1,4,2,2,4,2,3,5,7,8,7,9,9,11,1,10,10,4,11,5,5,2,11,9,10,5,3,8,3,5,3,5,8,2,2,2,3,1,2,1,,,1,2,,,1,9,1,1,1,4,2,3,2,3,7,6,9,9,9,4,10,4,7,5,4,2,3,2,,1,,,b'\x11\xe8\xe1I\xcaM{4\xaf\x82\x12\xdf\x17\xaeN\x1e'
11E8E149-CA4D-7B34-AF82-12DF17AE4E1E,2013-ncaa-d1-natl,ncaa,26,14,90,17,123,29,33,50,40,25,19,121,169,276,2,314,36,50,53,49,220,46,60,61,46,33,249,253,136,56,61,78,63,55,47,176,334,83,37,131,28,21,32,27,,,329,322,,,21,67,58,267,13,14,28,15,10,184,292,29,50,53,24,48,59,79,48,218,71,26,34,,324,,,17,154,90,175,68,87,183,53,162,164,185,152,286,274,195,276,269,200,247,75,102,60,275,188,302,102,63,163,61,135,47,152,225,42,55,59,100,56,234,106,,,61,123,,,21,272,25,48,22,104,68,97,72,120,155,147,266,260,263,129,209,80,128,96,124,50,86,220,,50,,,b'\x11\xe8\xe1I\xcaM{4\xaf\x82\x12\xdf\x17\xaeN\x1e'
11E8E149-CA4D-7B34-AF82-12DF17AE4E1E,2013-ncaa-d1-ncaatournament,ncaa,17,2,17,17,19,18,17,17,9,15,16,12,36,44,20,60,25,24,38,24,47,19,19,16,18,16,64,57,45,18,14,21,26,19,10,25,51,38,19,25,18,25,22,32,,,46,40,,,6,20,18,7,8,4,10,3,2,50,59,33,31,30,11,16,18,11,8,25,26,26,16,,44,,,5,40,41,41,14,46,47,10,23,28,21,8,45,45,30,43,26,41,41,7,10,16,22,14,47,41,26,39,14,40,10,30,14,24,41,18,36,26,31,14,,,25,42,,,6,45,7,12,5,22,20,39,36,55,9,6,38,39,33,45,40,34,15,22,11,38,29,16,,32,,,b'\x11\xe8\xe1I\xcaM{4\xaf\x82\x12\xdf\x17\xaeN\x1e'
11E8E149-CA4D-7B34-AF82-12DF17AE4E1E,2014-ncaa-d0-natl,ncaa,39,27,85,34,123,56,60,56,93,26,19,164,290,311,158,337,15,36,10,37,198,49,53,176,101,98,296,332,23,76,87,31,21,37,26,167,295,232,113,205,78,95,34,23,,,266,202,,,57,52,30,270,39,48,54,17,10,307,323,7,37,35,38,34,94,14,19,208,198,89,30,,236,,,54,217,179,268,63,82,133,75,322,334,175,335,177,170,160,171,213,260,273,114,107,95,333,333,158,102,21,194,87,164,26,234,262,95,125,139,206,127,308,177,,,42,98,,,57,290,89,59,64,165,132,242,49,63,324,332,145,154,152,228,258,71,152,97,201,107,183,298,,32,,,b'\x11\xe8\xe1I\xcaM{4\xaf\x82\x12\xdf\x17\xaeN\x1e'
11E8E149-CA4D-7B34-AF82-12DF17AE4E1E,2014-ncaa-d1-conf-Big Ten,ncaa,4,1,9,3,11,3,6,6,6,2,1,9,12,12,5,12,1,1,4,1,3,4,4,10,7,6,12,12,1,2,3,3,2,1,2,10,12,6,3,9,3,3,7,4,,,6,9,,,3,5,1,8,2,3,2,1,1,12,12,1,1,1,1,1,2,1,1,9,8,3,7,,9,,,3,3,1,3,4,1,2,6,9,11,5,12,5,5,3,5,9,3,4,6,5,3,11,12,6,3,2,4,3,3,2,2,7,4,3,3,4,4,8,5,,,2,2,,,3,8,5,2,3,5,4,8,1,3,12,11,6,6,6,7,9,4,7,4,6,3,7,10,,1,,,b'\x11\xe8\xe1I\xcaM{4\xaf\x82\x12\xdf\x17\xaeN\x1e'
11E8E149-CA4D-7B34-AF82-12DF17AE4E1E,2014-ncaa-d1-natl,ncaa,42,27,100,35,139,63,70,67,99,30,21,166,294,316,159,337,17,42,10,42,197,56,60,182,103,103,295,329,24,88,87,32,21,41,26,186,299,214,118,214,89,103,38,24,,,251,204,,,63,58,32,273,45,49,58,18,10,305,323,7,38,36,39,37,95,15,19,216,201,94,33,,233,,,59,197,162,251,72,60,117,84,321,332,182,335,172,163,163,164,213,241,263,121,112,105,333,333,160,89,21,175,87,144,26,223,262,110,130,144,198,129,304,179,,,50,94,,,63,282,94,65,69,170,141,243,52,66,324,331,148,154,153,235,257,72,152,97,209,111,184,300,,35,,,b'\x11\xe8\xe1I\xcaM{4\xaf\x82\x12\xdf\x17\xaeN\x1e'
11E8E149-CA4D-7B34-AF82-12DF17AE4E1E,2014-ncaa-d1-ncaatournament,ncaa,9,2,9,9,10,15,14,13,25,12,14,27,12,15,26,51,15,15,41,15,27,14,14,27,26,31,44,42,26,12,14,15,6,15,8,17,55,52,41,47,13,15,20,24,,,46,25,,,19,13,39,3,29,26,40,20,26,41,50,26,24,24,34,29,23,27,25,48,40,22,31,,15,,,19,51,51,49,35,50,48,41,55,55,28,57,49,45,49,45,41,49,49,38,37,39,46,43,32,40,6,50,14,49,8,50,23,14,36,29,45,30,23,9,,,14,29,,,19,49,24,30,23,23,24,12,16,9,36,52,27,23,22,12,6,5,13,5,16,43,29,9,,30,,,b'\x11\xe8\xe1I\xcaM{4\xaf\x82\x12\xdf\x17\xaeN\x1e'
11E8E149-CA4D-7B34-AF82-12DF17AE4E1E,2015-ncaa-d0-natl,ncaa,306,316,172,314,193,197,131,133,151,44,32,187,341,337,330,341,221,161,316,154,297,140,113,257,274,280,345,342,218,129,142,82,102,94,92,129,157,280,249,207,195,222,43,27,,,285,282,,,291,113,41,107,198,99,85,18,7,340,337,221,147,138,95,42,104,39,41,113,294,196,33,,315,,,286,281,215,233,172,90,124,128,339,321,329,312,262,287,89,289,302,265,228,232,229,270,338,333,220,186,102,173,142,192,92,320,335,223,271,309,283,250,336,274,,,198,277,,,291,227,283,263,288,303,254,297,111,127,345,332,282,298,299,321,299,208,209,215,332,235,284,343,,189,,,b'\x11\xe8\xe1I\xcaM{4\xaf\x82\x12\xdf\x17\xaeN\x1e'
11E8E149-CA4D-7B34-AF82-12DF17AE4E1E,2015-ncaa-d1-conf-Big Ten,ncaa,14,13,11,14,13,14,12,13,9,6,3,12,13,13,13,13,11,9,14,9,10,13,8,14,14,14,13,13,8,4,3,7,4,6,3,14,13,14,14,14,10,8,7,7,,,13,14,,,14,11,4,9,14,11,10,3,2,13,13,11,9,8,10,3,3,5,3,12,14,8,7,,14,,,14,9,6,4,9,3,2,6,14,12,14,14,12,14,1,14,14,6,4,11,11,13,14,14,13,6,4,4,3,3,3,13,13,12,12,13,12,12,14,10,,,12,11,,,14,4,14,13,14,13,8,9,5,3,14,14,14,14,14,11,10,7,5,4,13,12,12,14,,11,,,b'\x11\xe8\xe1I\xcaM{4\xaf\x82\x12\xdf\x17\xaeN\x1e'
11E8E149-CA4D-7B34-AF82-12DF17AE4E1E,2015-ncaa-d1-natl,ncaa,312,313,209,315,232,229,161,164,162,52,37,192,342,341,332,340,240,181,318,175,299,179,140,260,276,286,345,342,212,146,151,106,108,115,100,155,158,264,254,213,222,238,49,27,,,273,284,,,292,145,44,102,206,114,90,21,8,341,338,227,147,142,99,44,113,43,47,122,295,208,35,,316,,,291,263,192,203,185,71,99,136,334,314,333,309,254,273,94,276,306,240,189,240,237,286,337,333,217,161,108,145,151,160,100,315,335,250,276,313,269,253,335,283,,,233,275,,,292,195,289,274,292,306,262,301,117,130,344,333,286,299,301,320,295,215,214,219,333,242,288,343,,189,,,b'\x11\xe8\xe1I\xcaM{4\xaf\x82\x12\xdf\x17\xaeN\x1e'
11E8E149-CA4D-7B34-AF82-12DF17AE4E1E,2016-ncaa-d0-natl,ncaa,221,249,114,242,124,88,80,88,82,55,42,136,207,255,57,295,85,109,72,111,231,88,110,114,103,80,264,270,141,202,255,179,156,187,234,191,321,86,52,138,114,133,150,145,,,313,295,,,208,91,75,64,69,54,69,43,28,214,265,74,102,110,68,100,221,215,227,212,75,124,155,,309,,,207,323,305,234,308,266,164,309,309,283,311,270,304,265,341,266,271,240,244,323,339,324,276,242,219,142,156,268,255,233,234,341,338,139,176,310,91,71,190,87,,,102,117,,,208,254,102,302,209,312,293,214,248,135,304,283,296,255,259,236,259,126,256,205,340,152,83,178,,84,,,b'\x11\xe8\xe1I\xcaM{4\xaf\x82\x12\xdf\x17\xaeN\x1e'
11E8E149-CA4D-7B34-AF82-12DF17AE4E1E,2016-ncaa-d1-conf-Big Ten,ncaa,11,11,4,11,6,8,8,6,11,9,3,13,9,10,6,12,6,7,5,7,9,6,6,11,10,8,8,10,4,6,10,10,11,7,11,14,14,7,8,14,6,5,11,10,,,12,13,,,12,6,10,6,9,8,7,10,4,11,10,8,8,8,6,7,7,11,9,14,8,6,12,,13,,,12,11,8,7,10,4,2,11,14,14,8,13,11,10,12,11,12,7,9,11,11,9,13,13,10,9,11,12,10,10,11,13,14,6,6,12,8,7,6,6,,,5,4,,,12,9,8,9,12,9,6,6,5,2,13,12,10,9,9,8,10,8,10,9,13,5,6,6,,5,,,b'\x11\xe8\xe1I\xcaM{4\xaf\x82\x12\xdf\x17\xaeN\x1e'
11E8E149-CA4D-7B34-AF82-12DF17AE4E1E,2016-ncaa-d1-natl,ncaa,234,249,142,247,156,103,97,112,88,64,49,143,220,272,60,292,98,127,71,131,231,115,149,125,108,87,261,269,136,228,260,217,161,224,246,213,323,57,54,147,139,144,165,153,,,302,300,,,226,116,80,62,75,60,74,44,34,214,267,74,105,115,69,106,227,228,239,216,78,132,162,,309,,,223,315,290,203,316,249,130,314,304,272,315,266,296,249,342,251,273,212,214,329,342,330,275,240,218,118,161,250,260,203,246,338,339,171,190,316,75,70,179,89,,,118,115,,,226,227,110,312,223,316,297,215,257,136,304,281,301,257,263,239,257,125,259,208,341,162,85,185,,82,,,b'\x11\xe8\xe1I\xcaM{4\xaf\x82\x12\xdf\x17\xaeN\x1e'
11E8E149-CA4D-7B34-AF82-12DF17AE4E1E,2017-ncaa-d0-natl,ncaa,79,75,74,83,110,54,49,55,61,44,50,81,128,163,76,224,80,86,162,85,195,52,79,75,75,52,235,215,207,70,83,96,110,73,84,126,295,49,28,73,206,231,173,191,,,274,243,,,66,92,142,268,39,38,47,37,55,153,187,95,98,98,46,125,80,123,86,157,29,236,199,,237,,,69,260,249,263,175,224,218,214,248,276,132,260,217,181,323,169,145,252,246,178,201,203,206,218,162,190,110,196,83,200,84,262,220,149,197,213,47,31,163,88,,,111,186,,,66,255,32,199,70,212,199,211,188,134,225,256,170,126,120,185,167,136,125,119,219,193,36,137,,146,,,b'\x11\xe8\xe1I\xcaM{4\xaf\x82\x12\xdf\x17\xaeN\x1e'
11E8E149-CA4D-7B34-AF82-12DF17AE4E1E,2017-ncaa-d1-conf-Big Ten,ncaa,7,6,9,7,12,8,7,7,8,6,6,8,10,10,12,11,6,6,9,6,8,6,8,8,8,8,10,11,4,4,3,9,4,6,4,12,14,2,3,9,13,12,7,8,,,13,12,,,7,11,6,6,6,6,3,4,3,9,9,5,5,5,4,4,4,6,4,10,2,13,6,,13,,,7,4,2,3,6,4,4,5,4,4,3,5,9,9,12,9,10,4,4,6,8,6,7,5,10,4,4,6,3,5,4,4,7,10,8,8,4,3,7,7,,,6,5,,,7,4,7,7,7,7,5,4,7,7,5,5,10,9,9,5,6,6,8,8,8,8,4,8,,6,,,b'\x11\xe8\xe1I\xcaM{4\xaf\x82\x12\xdf\x17\xaeN\x1e'
11E8E149-CA4D-7B34-AF82-12DF17AE4E1E,2017-ncaa-d1-natl,ncaa,92,75,98,88,137,63,56,72,64,51,59,84,143,176,80,221,89,99,158,98,202,67,105,79,78,55,232,214,202,93,92,115,118,96,93,149,295,29,28,76,229,238,188,201,,,258,246,,,79,119,146,270,44,41,53,43,58,153,190,98,98,100,48,129,89,138,93,168,28,242,202,,236,,,79,237,227,239,187,204,192,225,235,263,139,261,197,159,324,145,147,225,216,188,210,214,205,217,158,161,118,160,92,163,93,253,226,177,202,222,41,32,147,95,,,130,184,,,79,230,34,215,80,219,208,209,194,137,229,256,177,127,121,183,164,139,128,124,230,203,38,145,,147,,,b'\x11\xe8\xe1I\xcaM{4\xaf\x82\x12\xdf\x17\xaeN\x1e'
11E8E149-CA4D-7B34-AF82-12DF17AE4E1E,2018-ncaa-d0-natl,ncaa,149,189,73,174,85,89,110,75,189,109,80,208,129,125,162,191,32,37,110,36,78,62,77,195,154,103,133,191,56,141,232,163,265,156,282,168,267,69,45,114,97,119,48,54,,,161,79,,,185,72,104,145,92,140,97,132,119,153,160,28,43,44,67,113,183,244,227,204,52,109,44,,112,,,185,301,312,288,281,292,268,244,304,269,311,226,135,84,314,86,53,272,281,294,274,248,159,249,54,280,265,309,232,311,282,337,322,103,152,262,64,48,303,249,,,31,51,,,185,274,107,256,191,263,291,262,258,231,283,234,107,65,65,214,244,241,276,273,331,130,52,279,,46,,,b'\x11\xe8\xe1I\xcaM{4\xaf\x82\x12\xdf\x17\xaeN\x1e'
11E8E149-CA4D-7B34-AF82-12DF17AE4E1E,2018-ncaa-d1-conf-Big Ten,ncaa,10,11,4,11,9,7,9,4,12,10,8,12,6,5,8,6,6,5,8,4,5,4,7,10,10,10,5,7,2,8,12,11,12,12,13,12,11,1,3,6,5,5,8,10,,,6,5,,,11,7,4,9,8,9,5,9,8,6,5,5,4,4,5,7,9,12,11,12,2,5,9,,8,,,11,13,13,9,14,11,9,11,12,8,14,9,6,4,13,3,4,9,9,14,14,13,7,12,3,9,12,13,12,13,13,13,11,3,3,10,3,4,13,9,,,3,3,,,11,9,9,13,11,12,13,11,13,11,13,7,6,3,3,10,11,10,14,14,13,4,3,13,,2,,,b'\x11\xe8\xe1I\xcaM{4\xaf\x82\x12\xdf\x17\xaeN\x1e'
11E8E149-CA4D-7B34-AF82-12DF17AE4E1E,2018-ncaa-d1-natl,ncaa,169,188,97,185,108,100,131,93,207,133,95,217,142,138,164,189,38,47,106,46,77,81,105,207,169,109,128,188,52,171,244,205,276,201,289,191,270,47,46,123,113,125,49,57,,,137,82,,,202,94,107,142,98,149,99,145,123,162,161,30,46,47,71,123,188,256,239,223,54,119,44,,114,,,202,295,311,281,290,282,252,258,296,252,315,218,118,72,317,74,54,256,262,305,292,261,157,248,54,267,276,296,244,299,289,335,323,128,156,268,50,48,297,255,,,41,51,,,202,250,117,270,205,272,296,263,268,235,281,231,110,69,70,219,244,248,277,275,331,136,53,289,,49,,,b'\x11\xe8\xe1I\xcaM{4\xaf\x82\x12\xdf\x17\xaeN\x1e'
11E8E149-CA4D-7B34-AF82-12DF17AE4E1E,2019-ncaa-d0-natl,ncaa,220,224,173,227,195,141,158,135,203,137,122,201,206,187,237,227,64,86,62,84,111,120,170,222,182,123,185,240,46,222,268,224,190,227,268,215,265,35,52,131,173,181,121,151,,,214,217,,,209,149,90,99,109,138,84,120,97,203,188,32,63,62,65,130,225,228,244,223,66,168,104,,247,,,209,258,272,196,299,297,271,253,125,58,314,34,221,188,290,194,127,203,193,281,289,289,73,74,176,138,190,274,268,239,268,275,220,192,197,265,55,72,256,227,,,133,110,,,209,199,142,275,209,287,293,243,311,312,135,63,239,211,212,253,250,161,301,272,293,177,85,268,,95,,,b'\x11\xe8\xe1I\xcaM{4\xaf\x82\x12\xdf\x17\xaeN\x1e'
11E8E149-CA4D-7B34-AF82-12DF17AE4E1E,2019-ncaa-d1-conf-Big Ten,ncaa,13,12,9,13,10,11,13,8,14,11,10,14,6,5,12,5,7,7,8,7,5,7,10,13,12,10,3,4,4,9,12,12,11,13,13,14,13,2,1,9,8,6,14,13,,,10,11,,,12,8,4,4,8,11,2,10,9,5,3,2,4,4,1,6,9,12,12,13,2,6,13,,12,,,12,7,8,5,13,11,6,13,3,1,12,1,11,10,11,10,9,6,6,13,13,13,4,2,10,5,11,13,12,13,13,8,8,9,6,9,2,2,9,11,,,9,5,,,12,6,11,13,12,13,12,8,14,12,4,1,11,10,10,10,12,6,14,14,11,5,2,9,,6,,,b'\x11\xe8\xe1I\xcaM{4\xaf\x82\x12\xdf\x17\xaeN\x1e'
11E8E149-CA4D-7B34-AF82-12DF17AE4E1E,2019-ncaa-d1-natl,ncaa,232,224,233,234,255,180,202,182,214,167,149,215,224,208,242,224,80,113,63,111,109,167,225,231,190,133,179,242,40,256,275,265,202,280,278,248,269,26,53,139,204,192,135,159,,,182,226,,,226,211,93,92,120,150,93,134,105,206,187,33,69,67,72,135,234,240,251,235,68,179,110,,245,,,227,233,251,153,310,283,244,267,99,38,318,32,203,168,290,171,129,157,126,289,300,300,65,74,172,100,202,246,275,192,278,260,225,231,208,272,49,74,245,233,,,171,112,,,226,136,150,288,226,296,301,248,318,317,142,61,247,217,216,257,249,164,307,277,300,194,86,273,,98,,,b'\x11\xe8\xe1I\xcaM{4\xaf\x82\x12\xdf\x17\xaeN\x1e'
11E8E149-CA4D-7B34-AF82-12DF17AE4E1E,2020-ncaa-d0-natl,ncaa,308,314,87,310,183,121,138,111,192,111,75,223,211,217,174,252,49,73,65,70,155,90,42,222,177,229,201,248,55,112,133,202,255,154,209,286,339,327,285,318,118,160,158,201,,,222,111,,,305,29,24,326,130,159,116,118,76,215,227,56,92,90,89,33,122,231,183,302,319,131,170,,200,,,301,346,345,315,329,339,305,316,306,270,322,185,252,226,308,228,138,320,324,328,329,336,142,184,102,273,255,221,133,255,209,340,277,155,230,321,332,310,327,292,,,158,273,,,305,323,231,329,300,341,342,322,333,303,305,255,242,214,215,324,321,256,195,235,340,179,330,325,,178,,,b'\x11\xe8\xe1I\xcaM{4\xaf\x82\x12\xdf\x17\xaeN\x1e'
11E8E149-CA4D-7B34-AF82-12DF17AE4E1E,2020-ncaa-d1-conf-Big Ten,ncaa,14,14,9,14,14,13,13,9,12,10,8,12,10,9,10,8,10,12,1,12,10,10,5,13,13,13,7,8,5,9,12,13,11,13,13,14,14,14,14,14,5,5,12,12,,,7,7,,,13,4,1,13,11,12,5,10,6,10,7,8,11,10,6,2,7,12,13,14,14,5,11,,12,,,13,14,14,8,14,14,8,14,11,6,13,7,9,9,9,10,7,9,9,13,13,14,4,6,3,8,11,11,12,9,13,14,12,7,9,14,14,14,10,11,,,14,13,,,13,10,13,13,13,14,14,12,14,13,13,10,11,11,11,12,13,9,12,12,14,5,14,11,,14,,,b'\x11\xe8\xe1I\xcaM{4\xaf\x82\x12\xdf\x17\xaeN\x1e'
11E8E149-CA4D-7B34-AF82-12DF17AE4E1E,2020-ncaa-d1-natl,ncaa,313,314,128,314,249,156,176,144,205,133,94,236,228,233,178,253,61,92,65,91,154,126,65,228,187,233,196,246,53,132,144,235,263,200,222,308,340,323,286,321,140,179,168,206,,,190,115,,,314,51,25,326,144,169,123,127,77,221,231,57,95,96,99,35,132,236,199,308,321,137,169,,208,,,312,342,342,302,330,333,291,319,302,252,326,183,233,205,312,210,139,308,303,331,332,342,141,182,102,250,263,188,144,225,222,339,281,190,245,324,328,315,324,298,,,191,270,,,314,302,238,334,308,342,343,325,337,307,309,256,245,220,220,326,319,261,202,242,340,188,331,325,,179,,,b'\x11\xe8\xe1I\xcaM{4\xaf\x82\x12\xdf\x17\xaeN\x1e'
11E8E149-CA4D-7B34-AF82-12DF17AE4E1E,2021-ncaa-d0-natl,ncaa,191,276,89,225,124,67,59,52,110,80,78,133,40,45,66,87,174,175,207,178,272,65,68,90,109,99,116,65,306,90,193,109,183,96,215,65,157,221,94,94,110,183,170,248,,,176,37,,,223,66,23,221,48,46,21,93,122,38,44,248,242,247,35,34,126,168,136,59,156,153,227,,79,,,213,315,321,284,320,320,265,333,283,300,158,245,206,214,133,213,115,282,275,319,309,321,82,172,46,245,183,286,193,277,215,341,307,151,264,325,290,216,323,272,,,194,337,,,223,275,107,309,215,328,338,314,331,247,275,298,142,165,161,308,292,189,277,261,339,223,255,307,,297,,,b'\x11\xe8\xe1I\xcaM{4\xaf\x82\x12\xdf\x17\xaeN\x1e'
11E8E149-CA4D-7B34-AF82-12DF17AE4E1E,2021-ncaa-d1-conf-Big Ten,ncaa,11,11,6,11,6,5,4,4,10,7,7,11,3,2,5,2,12,12,10,12,13,4,4,7,9,10,3,1,14,3,10,7,6,8,12,5,10,10,6,10,6,8,11,11,,,7,2,,,10,3,2,5,7,7,3,10,10,2,1,13,13,13,3,3,7,9,7,8,9,7,12,,2,,,10,12,13,10,14,13,9,14,10,11,9,13,7,8,5,8,5,11,9,13,13,13,4,7,2,9,6,13,10,9,12,14,12,7,8,11,11,11,14,13,,,10,14,,,10,10,10,11,10,13,13,11,13,7,12,13,3,5,5,10,11,8,13,12,14,8,11,13,,13,,,b'\x11\xe8\xe1I\xcaM{4\xaf\x82\x12\xdf\x17\xaeN\x1e'
11E8E149-CA4D-7B34-AF82-12DF17AE4E1E,2021-ncaa-d1-natl,ncaa,202,275,105,235,142,77,64,63,114,86,88,136,43,54,68,86,183,186,203,189,270,76,81,93,111,105,114,64,306,100,198,127,186,113,223,69,158,208,95,95,125,191,186,252,,,161,38,,,232,80,23,220,51,48,23,95,124,41,45,249,243,248,38,38,131,173,148,63,155,160,231,,79,,,224,310,321,280,321,319,255,334,279,293,164,244,200,206,137,205,122,275,261,320,311,324,78,170,44,235,186,275,198,266,223,340,308,165,267,327,280,221,318,276,,,205,335,,,232,260,114,313,226,328,339,315,333,249,276,298,148,166,162,310,291,193,279,264,339,231,259,308,,299,,,b'\x11\xe8\xe1I\xcaM{4\xaf\x82\x12\xdf\x17\xaeN\x1e'
11E8E149-CA4D-7B34-AF82-12DF17AE4E1E,2022-ncaa-d0-natl,ncaa,233,245,163,245,202,101,84,122,59,80,156,29,115,98,199,114,197,240,64,233,252,134,135,60,65,73,229,162,278,268,275,241,336,260,329,124,239,172,139,123,56,68,58,68,,,128,52,,,253,106,32,275,60,36,55,45,146,105,86,196,242,239,86,90,278,280,313,115,177,39,44,,137,,,249,326,327,276,312,294,253,257,339,274,351,224,191,161,302,174,122,267,262,329,321,320,233,298,66,329,336,214,275,280,329,349,341,140,197,329,209,192,190,177,,,331,356,,,253,247,109,330,242,343,343,330,314,298,344,296,192,160,175,327,328,328,249,302,351,124,222,199,,351,,,b'\x11\xe8\xe1I\xcaM{4\xaf\x82\x12\xdf\x17\xaeN\x1e'
11E8E149-CA4D-7B34-AF82-12DF17AE4E1E,2022-ncaa-d1-conf-Big Ten,ncaa,11,11,5,11,6,8,9,8,7,7,11,4,10,5,14,4,8,9,4,7,5,9,5,9,8,10,8,9,4,12,12,10,14,12,13,12,14,13,12,13,3,3,1,2,,,6,4,,,12,5,3,7,8,9,10,7,12,10,5,7,9,8,12,8,11,13,13,13,13,3,1,,7,,,12,13,13,11,13,12,10,12,13,10,13,6,6,7,10,7,4,11,11,13,13,11,6,8,3,14,14,10,12,13,13,14,13,5,5,12,11,10,10,12,,,12,14,,,12,10,11,12,12,13,13,13,14,12,13,9,6,6,6,13,13,14,10,14,14,4,11,11,,13,,,b'\x11\xe8\xe1I\xcaM{4\xaf\x82\x12\xdf\x17\xaeN\x1e'
11E8E149-CA4D-7B34-AF82-12DF17AE4E1E,2022-ncaa-d1-natl,ncaa,247,245,213,253,251,126,103,152,61,104,185,32,129,115,202,111,225,264,62,259,250,174,176,68,70,80,224,161,276,290,282,279,338,302,335,155,247,139,146,136,73,80,64,71,,,99,55,,,267,138,34,275,65,42,66,54,154,110,89,200,246,243,98,95,287,290,326,128,172,49,45,,141,,,266,325,323,260,325,281,233,272,333,259,352,222,171,135,308,145,121,247,239,340,330,331,236,294,65,319,338,192,282,255,335,347,341,172,208,334,186,203,174,187,,,338,356,,,267,218,122,339,259,346,346,333,323,299,346,297,202,169,183,330,331,331,252,305,351,138,226,211,,349,,,b'\x11\xe8\xe1I\xcaM{4\xaf\x82\x12\xdf\x17\xaeN\x1e'
11E8E149-CA4D-7B34-AF82-12DF17AE4E1E,2023-ncaa-d0-natl,ncaa,181,203,116,199,123,85,75,88,91,66,73,126,138,165,85,214,165,145,227,142,240,96,86,111,126,133,249,196,266,144,206,224,236,192,261,71,116,263,192,121,11,10,214,212,,,260,177,,,193,68,42,17,68,50,45,51,68,150,180,174,160,157,59,48,162,287,252,54,245,10,225,,257,,,192,321,326,251,332,309,166,350,307,305,262,303,239,171,353,161,177,238,288,338,344,288,219,250,116,210,236,280,206,264,261,356,348,21,35,239,240,174,22,6,,,147,264,,,193,289,142,263,194,325,328,239,292,115,315,307,220,154,146,229,323,191,256,244,358,22,226,13,,167,,,b'\x11\xe8\xe1I\xcaM{4\xaf\x82\x12\xdf\x17\xaeN\x1e'
11E8E149-CA4D-7B34-AF82-12DF17AE4E1E,2023-ncaa-d1-conf-Big Ten,ncaa,12,12,3,12,3,8,7,4,10,7,2,11,10,7,10,8,10,10,14,10,12,5,4,11,11,11,10,8,11,8,12,13,14,12,14,10,12,8,7,10,2,2,10,11,,,12,10,,,11,4,6,2,9,8,3,7,3,10,7,11,11,10,6,6,7,14,14,12,7,2,12,,11,,,11,14,14,11,14,13,10,14,11,10,10,10,8,5,14,5,3,11,12,14,14,11,5,8,4,13,14,14,12,13,14,13,13,2,3,9,7,6,1,1,,,8,13,,,11,11,11,12,11,13,13,12,13,10,10,10,7,5,5,10,14,14,14,14,13,2,7,1,,10,,,b'\x11\xe8\xe1I\xcaM{4\xaf\x82\x12\xdf\x17\xaeN\x1e'
11E8E149-CA4D-7B34-AF82-12DF17AE4E1E,2023-ncaa-d1-natl,ncaa,202,203,151,212,156,109,90,104,100,77,87,134,156,185,91,216,185,166,227,162,242,114,105,118,130,142,249,194,260,173,210,270,244,242,272,85,125,240,199,126,13,12,232,218,,,235,184,,,209,85,44,14,73,56,47,56,71,150,183,177,161,155,64,51,172,290,262,58,247,12,227,,259,,,209,316,318,216,339,290,123,352,303,293,275,304,222,146,354,136,178,204,266,346,349,302,218,252,115,189,244,247,210,234,272,355,349,30,41,249,218,180,14,7,,,176,266,,,209,269,153,290,213,338,335,244,307,116,319,304,228,159,149,231,321,197,259,253,358,25,228,17,,164,,,b'\x11\xe8\xe1I\xcaM{4\xaf\x82\x12\xdf\x17\xaeN\x1e'
11E8E149-CA4D-7B34-AF82-12DF17AE4E1E,2024-ncaa-d0-natl,ncaa,65,111,13,88,18,6,6,17,7,11,48,9,13,28,11,112,32,52,71,49,124,16,10,7,7,13,151,108,276,127,180,46,134,58,105,15,125,341,165,70,29,89,34,46,,,354,226,,,34,10,12,140,7,6,42,14,141,21,68,76,107,107,48,35,232,111,165,22,244,63,46,,308,,,40,356,352,344,239,345,339,231,321,325,224,185,350,336,312,337,259,349,352,244,258,231,227,173,264,270,134,250,180,271,105,348,272,19,119,176,322,179,270,178,,,41,237,,,34,353,17,191,46,317,297,291,279,267,259,241,312,291,292,308,333,161,65,79,308,59,241,190,,137,,,b'\x11\xe8\xe1I\xcaM{4\xaf\x82\x12\xdf\x17\xaeN\x1e'
11E8E149-CA4D-7B34-AF82-12DF17AE4E1E,2024-ncaa-d1-conf-Big Ten,ncaa,8,6,5,8,5,2,2,4,3,3,8,3,3,3,5,5,4,3,12,3,4,4,4,3,3,5,5,5,13,8,6,4,10,4,7,5,10,11,11,10,2,3,5,5,,,14,13,,,5,4,2,4,2,2,3,3,8,4,3,6,5,5,3,2,8,5,6,6,12,2,5,,14,,,5,12,9,11,6,12,13,6,4,9,1,5,14,14,9,14,13,12,12,4,8,6,6,2,14,11,10,5,6,9,7,7,6,3,5,4,12,10,11,11,,,5,9,,,5,11,5,6,5,12,11,13,12,11,3,9,13,14,14,13,14,11,4,7,7,3,12,13,,6,,,b'\x11\xe8\xe1I\xcaM{4\xaf\x82\x12\xdf\x17\xaeN\x1e'
11E8E149-CA4D-7B34-AF82-12DF17AE4E1E,2024-ncaa-d1-natl,ncaa,76,112,16,100,23,6,6,23,7,13,62,9,15,36,11,113,43,62,70,62,126,23,14,9,7,13,146,108,278,164,195,63,142,80,121,16,127,327,177,77,45,99,36,50,,,355,236,,,41,10,14,141,7,8,49,16,147,23,70,76,113,110,51,40,249,121,186,22,250,71,47,,310,,,44,357,349,343,253,343,331,246,318,317,232,183,349,335,315,335,265,348,351,253,269,251,227,173,267,260,142,217,195,244,121,348,279,30,128,194,311,191,263,190,,,55,235,,,41,354,19,219,53,328,306,295,298,274,263,240,317,299,298,312,334,171,73,85,313,72,243,202,,134,,,b'\x11\xe8\xe1I\xcaM{4\xaf\x82\x12\xdf\x17\xaeN\x1e'
11E8E149-CA4D-7B34-AF82-12DF17AE4E1E,2025-ncaa-d0-natl,genius_ncaa,265,249,248,267,270,125,89,183,22,60,114,46,217,286,45,289,273,269,237,266,323,204,151,37,47,124,330,260,331,145,47,205,85,186,35,52,36,339,332,139,143,122,102,90,,,68,69,,247,161,153,23,176,63,30,94,21,64,198,272,258,250,248,107,32,107,127,102,14,349,108,82,,114,,289,161,222,263,184,324,250,144,328,279,240,290,281,47,51,195,48,75,158,161,338,320,293,151,280,30,51,85,13,47,14,35,338,338,172,155,306,343,339,201,150,,,298,344,,201,161,195,116,252,166,314,336,299,311,220,321,300,93,85,82,260,293,97,31,41,353,119,353,250,,274,,181,b'\x11\xe8\xe1I\xcaM{4\xaf\x82\x12\xdf\x17\xaeN\x1e'
11E8E149-CA4D-7B34-AF82-12DF17AE4E1E,2025-ncaa-d1-conf-Big Ten,genius_ncaa,18,18,16,18,16,14,13,16,8,11,14,10,16,17,9,16,16,16,17,16,16,16,12,8,13,16,17,16,16,11,4,14,8,12,6,10,8,18,18,16,14,13,12,11,,,2,2,,7,15,12,6,12,14,12,12,9,7,15,16,16,15,15,14,4,8,12,12,8,18,12,11,,2,,8,15,12,15,6,17,14,4,18,12,14,11,17,2,3,11,1,5,4,3,17,16,16,7,14,2,4,8,3,4,1,6,17,15,14,13,16,18,18,16,16,,,17,18,,12,15,3,16,15,15,15,17,13,17,7,17,17,7,6,6,12,10,4,5,4,18,11,18,18,,16,,11,b'\x11\xe8\xe1I\xcaM{4\xaf\x82\x12\xdf\x17\xaeN\x1e'
11E8E149-CA4D-7B34-AF82-12DF17AE4E1E,2025-ncaa-d1-natl,genius_ncaa,279,249,304,273,319,145,108,232,22,70,142,49,233,296,45,287,290,289,238,286,325,249,196,40,51,128,327,261,329,178,56,243,95,226,38,58,36,333,336,147,164,135,116,91,,,53,71,,243,177,196,28,169,65,33,99,22,68,201,274,261,253,250,123,38,122,136,113,14,349,119,84,,117,,291,177,201,248,151,333,228,112,335,270,225,299,279,42,46,204,42,72,110,113,342,328,309,150,278,30,37,95,5,56,6,38,336,340,210,161,320,340,341,187,161,,,317,345,,207,177,145,120,269,182,321,341,303,317,226,326,301,98,87,86,263,292,102,35,40,353,134,354,258,,272,,174,b'\x11\xe8\xe1I\xcaM{4\xaf\x82\x12\xdf\x17\xaeN\x1e'
11E8E149-CA4D-7B34-AF82-12DF17AE4E1E,2026-ncaa-d0-natl,genius_ncaa,87,80,116,95,142,59,36,91,8,22,61,16,105,189,30,266,245,256,157,246,349,107,86,13,19,48,349,231,354,124,57,104,101,117,36,34,107,311,244,81,35,38,80,107,,,251,167,,341,93,83,7,97,19,11,30,6,23,104,224,293,305,300,64,17,140,66,86,16,304,25,70,,252,,344,92,308,309,276,257,285,290,147,318,228,353,145,234,207,298,206,105,267,270,273,269,252,228,266,114,163,101,83,57,108,36,326,300,98,149,249,254,180,197,102,,,232,351,,344,93,284,43,216,97,313,309,319,273,317,326,204,212,178,182,305,331,133,25,37,331,89,253,181,,292,,352,b'\x11\xe8\xe1I\xcaM{4\xaf\x82\x12\xdf\x17\xaeN\x1e'
11E8E149-CA4D-7B34-AF82-12DF17AE4E1E,2026-ncaa-d1-conf-Big Ten,genius_ncaa,10,10,1,10,3,5,5,15,2,5,10,3,6,13,3,12,7,11,5,11,12,16,10,3,3,4,11,10,13,15,14,13,3,16,6,8,13,13,15,14,12,13,14,16,,,16,17,,9,14,6,1,3,5,5,15,5,10,6,13,7,11,11,16,10,15,13,16,8,13,12,14,,16,,9,14,17,17,13,16,12,4,17,17,17,15,18,15,13,12,12,16,14,12,17,17,17,14,13,10,2,3,1,14,1,6,17,14,17,17,18,11,14,6,7,,,13,11,,15,14,16,5,17,14,17,17,13,12,4,17,17,15,13,12,14,12,2,1,1,17,17,11,6,,13,,15,b'\x11\xe8\xe1I\xcaM{4\xaf\x82\x12\xdf\x17\xaeN\x1e'
11E8E149-CA4D-7B34-AF82-12DF17AE4E1E,2026-ncaa-d1-natl,genius_ncaa,110,80,177,113,197,80,43,143,8,25,91,18,137,249,29,268,298,315,152,308,353,167,138,13,19,54,350,229,353,184,69,153,115,175,51,42,114,280,266,104,53,46,100,124,,,207,195,,331,135,136,9,100,20,11,43,6,28,120,232,298,316,310,82,25,168,84,109,16,313,35,79,,263,,352,130,286,285,219,291,251,247,181,308,183,357,141,198,163,313,161,110,213,214,310,305,296,222,266,114,112,115,34,69,53,51,316,308,155,190,281,211,197,173,119,,,288,351,,354,135,229,57,267,136,334,331,325,301,331,336,209,232,193,192,317,330,139,26,42,346,128,266,202,,296,,353,b'\x11\xe8\xe1I\xcaM{4\xaf\x82\x12\xdf\x17\xaeN\x1e'
11E8E149-CA51-E0DE-AF82-12DF17AE4E1E,2010-ncaa-d0-natl,ncaa,86,86,81,90,87,101,112,31,286,89,28,292,200,161,251,251,53,71,75,72,240,36,61,294,281,189,207,244,78,36,125,264,280,157,272,191,290,44,10,119,36,43,67,68,,,188,118,,,150,82,123,67,113,132,16,107,19,220,194,67,96,97,18,58,32,330,217,234,29,46,71,,128,,,152,280,307,202,326,297,240,304,218,142,319,125,108,82,280,84,57,179,256,323,318,196,77,175,52,193,280,333,125,317,272,302,226,23,21,110,5,2,250,137,,,125,270,,,150,257,154,181,163,222,276,127,272,181,196,96,78,60,63,93,215,146,312,275,266,22,4,230,,178,,,b'\x11\xe8\xe1I\xcaQ\xe0\xde\xaf\x82\x12\xdf\x17\xaeN\x1e'
11E8E149-CA51-E0DE-AF82-12DF17AE4E1E,2010-ncaa-d1-conf-WCC,ncaa,3,3,1,3,1,2,2,1,7,2,1,7,5,4,6,8,2,2,1,2,4,1,1,7,7,5,6,6,2,1,2,7,8,4,7,3,4,3,1,3,2,2,2,3,,,7,5,,,3,1,5,2,4,3,2,3,2,6,6,2,2,2,2,3,1,7,7,3,2,2,3,,5,,,3,7,7,6,7,7,6,5,6,3,7,3,5,5,8,5,3,6,8,7,7,3,5,5,4,8,8,8,2,8,7,6,6,2,2,2,1,1,5,3,,,3,8,,,3,8,5,4,3,4,5,3,5,4,5,2,5,4,4,2,5,6,7,7,5,2,1,5,,6,,,b'\x11\xe8\xe1I\xcaQ\xe0\xde\xaf\x82\x12\xdf\x17\xaeN\x1e'
11E8E149-CA51-E0DE-AF82-12DF17AE4E1E,2010-ncaa-d1-natl,ncaa,89,86,91,91,97,109,121,33,289,97,29,295,204,166,254,250,59,78,76,79,238,39,68,297,283,189,205,245,74,40,127,287,282,172,278,202,294,35,10,124,38,44,69,72,,,171,119,,,161,94,123,67,116,136,17,111,19,222,195,70,96,97,21,58,32,331,218,241,31,46,71,,134,,,163,272,300,190,327,295,230,304,209,127,319,126,99,72,282,75,58,162,243,325,321,206,72,174,52,173,282,331,127,314,278,298,227,24,21,122,4,2,244,141,,,138,265,,,161,246,156,193,175,229,286,128,275,183,197,96,79,61,63,93,214,149,315,280,269,24,4,233,,176,,,b'\x11\xe8\xe1I\xcaQ\xe0\xde\xaf\x82\x12\xdf\x17\xaeN\x1e'
11E8E149-CA51-E0DE-AF82-12DF17AE4E1E,2011-ncaa-d0-natl,ncaa,123,83,170,111,179,105,98,65,193,135,106,220,59,64,85,98,190,244,63,243,310,80,135,174,172,93,111,77,281,110,188,310,228,251,285,177,271,14,5,58,17,2,260,248,,,169,199,,,79,146,105,51,60,55,10,123,78,40,40,181,241,249,24,81,86,325,259,156,25,4,271,,200,,,74,142,149,39,321,211,74,333,53,59,96,108,198,193,201,194,259,48,151,304,311,153,67,53,225,77,228,296,188,222,285,267,311,27,7,95,18,12,206,158,,,242,300,,,79,184,81,129,86,165,172,33,234,73,65,64,217,218,221,45,202,90,318,260,281,7,24,219,,252,,,b'\x11\xe8\xe1I\xcaQ\xe0\xde\xaf\x82\x12\xdf\x17\xaeN\x1e'
11E8E149-CA51-E0DE-AF82-12DF17AE4E1E,2011-ncaa-d1-conf-WCC,ncaa,3,3,6,3,6,6,4,4,6,3,3,7,4,4,6,4,6,6,5,5,6,4,6,6,6,5,6,4,6,6,7,7,6,8,7,6,7,1,2,3,2,1,7,7,,,6,7,,,2,6,5,1,3,2,2,3,3,4,4,4,4,4,2,3,4,7,7,6,1,1,7,,8,,,2,1,1,1,3,1,1,4,2,1,4,3,7,6,5,6,8,1,2,3,6,2,7,4,8,3,6,7,7,6,7,2,8,1,1,2,1,1,7,6,,,5,4,,,2,2,4,2,2,2,1,1,1,1,2,1,7,8,8,1,3,4,7,7,3,1,1,7,,4,,,b'\x11\xe8\xe1I\xcaQ\xe0\xde\xaf\x82\x12\xdf\x17\xaeN\x1e'
11E8E149-CA51-E0DE-AF82-12DF17AE4E1E,2011-ncaa-d1-natl,ncaa,128,82,199,117,211,121,110,73,199,156,120,228,65,70,89,99,204,255,61,254,309,90,156,176,174,97,105,75,279,122,195,321,231,267,291,192,271,9,5,59,18,2,266,249,,,152,200,,,85,175,105,49,63,57,10,130,79,42,39,180,243,248,24,82,91,326,261,160,24,4,273,,201,,,80,126,133,26,327,199,55,335,47,52,99,109,187,182,202,178,258,31,117,305,315,162,65,50,223,61,231,284,195,207,291,260,311,32,8,98,14,12,200,164,,,261,300,,,85,153,83,139,93,169,181,32,241,73,67,64,222,223,223,49,200,90,320,265,285,7,24,223,,250,,,b'\x11\xe8\xe1I\xcaQ\xe0\xde\xaf\x82\x12\xdf\x17\xaeN\x1e'
11E8E149-CA51-E0DE-AF82-12DF17AE4E1E,2012-ncaa-d0-natl,ncaa,171,153,240,174,241,239,259,207,304,245,190,302,212,195,239,179,139,179,73,179,167,200,250,292,266,214,119,182,55,229,265,334,274,323,327,317,332,24,54,250,51,20,298,270,,,138,241,,,222,257,222,11,207,237,128,218,138,187,167,96,134,139,127,204,199,337,325,317,50,26,297,,207,,,227,142,126,21,329,126,20,327,167,88,312,196,171,142,258,139,285,25,65,330,333,263,204,195,203,54,274,246,265,150,327,195,256,71,22,107,29,62,286,292,,,221,149,,,222,74,221,244,235,220,205,31,190,34,207,125,223,201,195,38,118,94,309,243,240,30,58,312,,169,,,b'\x11\xe8\xe1I\xcaQ\xe0\xde\xaf\x82\x12\xdf\x17\xaeN\x1e'
11E8E149-CA51-E0DE-AF82-12DF17AE4E1E,2012-ncaa-d1-conf-WCC,ncaa,5,5,1,5,1,6,7,3,9,5,3,9,7,5,8,6,2,2,5,2,4,3,5,9,9,9,7,6,2,6,7,9,6,7,7,8,8,4,4,7,1,1,7,7,,,8,7,,,5,4,6,1,8,8,4,5,3,7,5,2,2,2,4,6,6,9,8,8,4,1,7,,7,,,5,4,4,1,7,6,1,8,4,5,4,5,6,8,1,7,9,1,4,7,6,5,4,4,7,3,6,8,7,7,7,6,7,1,1,4,5,4,9,8,,,3,3,,,5,5,8,4,5,4,4,1,6,1,4,4,5,7,7,1,2,3,8,7,6,1,4,9,,3,,,b'\x11\xe8\xe1I\xcaQ\xe0\xde\xaf\x82\x12\xdf\x17\xaeN\x1e'
11E8E149-CA51-E0DE-AF82-12DF17AE4E1E,2012-ncaa-d1-natl,ncaa,186,153,286,187,289,260,280,232,306,266,217,305,221,203,240,178,153,191,70,190,167,230,282,295,272,221,114,182,52,246,270,342,278,334,328,324,331,15,56,254,60,21,306,272,,,112,244,,,234,288,226,11,211,247,135,231,141,192,167,97,133,139,131,209,204,338,326,319,50,26,300,,210,,,238,122,104,10,334,110,11,328,155,73,316,197,160,129,261,125,285,11,38,331,335,268,204,192,205,40,278,225,270,131,328,182,256,85,22,115,22,60,279,296,,,247,145,,,234,44,230,251,246,223,209,32,203,36,208,127,224,204,197,40,119,97,311,246,243,31,58,311,,167,,,b'\x11\xe8\xe1I\xcaQ\xe0\xde\xaf\x82\x12\xdf\x17\xaeN\x1e'
11E8E149-CA51-E0DE-AF82-12DF17AE4E1E,2013-ncaa-d0-natl,ncaa,322,310,302,323,324,314,320,276,329,320,249,335,217,226,167,177,284,284,171,282,252,281,286,319,317,313,104,121,143,308,324,313,322,327,339,298,203,123,215,283,232,219,171,154,,,151,216,,,323,269,75,340,286,295,166,295,162,185,183,242,243,242,186,173,284,287,311,279,219,191,134,,266,,,327,183,149,86,260,182,116,257,107,90,198,114,272,250,286,250,271,95,104,242,271,264,174,102,269,226,322,267,324,258,339,169,198,202,164,197,261,314,214,257,,,238,129,,,323,79,325,286,326,291,268,229,286,261,166,165,310,298,301,275,281,310,335,334,253,121,306,267,,137,,,b'\x11\xe8\xe1I\xcaQ\xe0\xde\xaf\x82\x12\xdf\x17\xaeN\x1e'
11E8E149-CA51-E0DE-AF82-12DF17AE4E1E,2013-ncaa-d1-conf-WCC,ncaa,9,9,8,9,9,9,9,7,9,9,5,9,7,6,9,5,6,7,7,7,6,8,8,9,9,9,5,5,3,7,8,9,9,9,9,9,8,3,4,8,5,5,7,7,,,1,3,,,9,8,3,9,9,9,3,9,4,6,6,6,6,6,5,5,6,9,9,8,4,5,5,,5,,,9,7,7,3,9,7,5,7,6,5,8,5,6,4,9,5,6,3,3,9,9,8,7,7,5,8,9,9,8,9,9,8,7,5,5,7,7,9,5,6,,,5,3,,,9,2,9,9,9,8,8,7,8,5,7,5,9,7,7,8,8,9,9,9,9,5,8,7,,4,,,b'\x11\xe8\xe1I\xcaQ\xe0\xde\xaf\x82\x12\xdf\x17\xaeN\x1e'
11E8E149-CA51-E0DE-AF82-12DF17AE4E1E,2013-ncaa-d1-natl,ncaa,326,310,327,326,343,326,331,295,332,328,267,336,224,230,169,174,292,293,171,292,250,301,307,324,321,316,102,121,137,318,326,329,324,336,341,308,209,106,219,287,249,228,185,155,,,135,220,,,324,291,79,341,291,301,171,298,169,186,182,242,242,241,191,178,286,292,315,282,222,198,137,,266,,,328,166,136,58,267,165,87,260,99,79,199,110,264,240,287,241,272,69,77,249,279,268,172,100,270,215,324,251,326,241,341,159,201,217,170,206,245,316,207,262,,,249,130,,,324,51,326,291,327,296,270,230,288,264,171,166,312,302,303,277,281,314,335,334,255,127,307,269,,133,,,b'\x11\xe8\xe1I\xcaQ\xe0\xde\xaf\x82\x12\xdf\x17\xaeN\x1e'
11E8E149-CA51-E0DE-AF82-12DF17AE4E1E,2014-ncaa-d0-natl,ncaa,312,332,131,322,145,196,179,127,270,151,74,306,230,256,119,274,203,212,147,215,306,143,159,281,273,241,249,225,200,269,330,122,197,194,308,222,234,101,95,180,204,233,283,304,,,171,124,,,328,120,101,122,230,207,108,154,65,230,269,230,230,235,140,192,287,108,212,245,94,213,295,,164,,,321,323,328,285,299,318,239,316,263,275,144,234,205,222,123,215,180,280,241,300,286,318,116,184,110,245,197,327,330,315,308,327,263,260,311,332,187,187,167,102,,,198,220,,,328,237,277,316,319,316,323,321,315,253,266,293,211,215,214,313,266,237,329,317,320,285,186,166,,227,,,b'\x11\xe8\xe1I\xcaQ\xe0\xde\xaf\x82\x12\xdf\x17\xaeN\x1e'
11E8E149-CA51-E0DE-AF82-12DF17AE4E1E,2014-ncaa-d1-conf-WCC,ncaa,10,10,3,10,4,10,10,4,10,9,4,10,7,7,9,7,9,9,9,9,9,7,7,10,10,10,6,4,6,8,10,4,6,7,10,7,7,2,3,6,5,5,10,10,,,3,1,,,10,6,6,4,10,10,5,9,4,8,8,10,9,9,7,9,8,6,7,8,2,5,10,,3,,,10,9,10,8,10,10,3,10,9,10,5,10,1,4,1,4,4,7,7,10,8,8,1,7,1,6,6,10,10,10,10,10,9,7,7,10,8,7,5,3,,,8,9,,,10,6,10,8,10,8,10,8,10,3,9,10,2,4,4,7,6,6,10,10,10,7,7,5,,10,,,b'\x11\xe8\xe1I\xcaQ\xe0\xde\xaf\x82\x12\xdf\x17\xaeN\x1e'
11E8E149-CA51-E0DE-AF82-12DF17AE4E1E,2014-ncaa-d1-natl,ncaa,319,331,145,329,163,220,204,146,274,174,90,309,240,267,117,274,224,237,150,238,308,164,186,282,279,243,248,226,196,282,332,146,205,222,312,242,241,83,94,182,218,237,291,307,,,154,122,,,328,149,103,114,237,211,111,161,68,235,270,231,234,237,145,192,289,116,223,252,92,216,299,,164,,,326,317,322,271,301,314,219,319,257,268,147,231,192,207,126,201,180,268,215,302,292,321,114,183,108,222,205,323,332,309,312,324,264,281,312,333,176,188,154,106,,,223,221,,,328,212,281,321,322,320,326,320,317,255,267,290,214,219,217,313,264,242,329,316,321,286,187,171,,229,,,b'\x11\xe8\xe1I\xcaQ\xe0\xde\xaf\x82\x12\xdf\x17\xaeN\x1e'
11E8E149-CA51-E0DE-AF82-12DF17AE4E1E,2015-ncaa-d0-natl,ncaa,282,296,172,290,220,193,198,188,209,147,126,216,258,259,237,261,121,167,44,163,211,185,225,234,202,157,244,267,78,321,339,267,236,309,337,201,194,41,65,107,121,111,275,273,,,255,283,,,293,167,114,212,186,193,155,128,95,264,256,105,159,150,160,235,323,280,329,192,51,110,280,,279,,,290,291,248,120,327,227,103,329,242,195,294,204,315,305,255,306,320,159,168,334,340,332,252,186,271,141,236,304,339,266,337,293,276,163,161,254,86,121,95,74,,,175,137,,,293,177,222,321,290,309,281,132,262,106,260,217,314,310,312,202,202,155,325,294,310,150,110,95,,162,,,b'\x11\xe8\xe1I\xcaQ\xe0\xde\xaf\x82\x12\xdf\x17\xaeN\x1e'
11E8E149-CA51-E0DE-AF82-12DF17AE4E1E,2015-ncaa-d1-conf-WCC,ncaa,9,9,7,9,9,9,8,8,8,6,3,8,9,9,9,9,6,9,4,8,9,8,9,9,8,6,9,9,3,9,10,10,9,10,10,8,7,2,2,3,2,2,10,9,,,5,7,,,10,7,1,6,8,6,4,1,2,8,9,5,6,6,4,8,8,10,10,7,2,1,10,,7,,,10,7,6,2,9,5,2,10,7,5,9,7,9,9,4,9,9,3,4,9,10,9,8,7,8,4,9,10,10,9,10,7,5,4,3,5,2,2,2,2,,,8,8,,,10,4,9,8,9,8,8,4,6,2,7,7,9,9,9,6,8,7,10,10,8,2,2,2,,8,,,b'\x11\xe8\xe1I\xcaQ\xe0\xde\xaf\x82\x12\xdf\x17\xaeN\x1e'
11E8E149-CA51-E0DE-AF82-12DF17AE4E1E,2015-ncaa-d1-natl,ncaa,291,293,209,296,264,225,229,231,216,169,143,223,273,267,240,259,137,188,41,184,209,222,268,245,211,167,240,267,74,330,343,301,246,330,339,226,201,30,68,111,135,119,285,275,,,241,286,,,294,211,118,206,199,203,161,135,100,266,259,107,160,149,167,239,326,288,329,202,53,113,283,,285,,,293,275,232,82,331,213,80,332,230,180,299,205,302,291,256,294,324,121,127,336,341,332,251,183,270,121,246,296,343,244,339,287,279,188,167,261,73,125,86,78,,,210,134,,,294,134,230,326,293,313,287,133,269,108,262,214,316,312,317,201,203,158,329,298,313,156,115,101,,161,,,b'\x11\xe8\xe1I\xcaQ\xe0\xde\xaf\x82\x12\xdf\x17\xaeN\x1e'
11E8E149-CA51-E0DE-AF82-12DF17AE4E1E,2016-ncaa-d0-natl,ncaa,296,307,175,302,221,180,209,220,201,191,149,260,227,273,94,269,76,86,112,84,89,186,165,227,172,203,158,231,27,262,278,192,199,235,249,279,315,257,254,303,189,205,237,237,,,279,274,,,296,129,47,269,164,219,210,184,127,222,260,43,45,46,169,129,265,178,237,287,268,175,232,,298,,,294,301,259,198,285,242,156,291,236,228,239,200,328,334,122,332,329,239,222,294,306,311,257,180,290,192,199,211,278,201,249,292,271,198,234,271,306,301,76,70,,,144,113,,,296,222,232,298,289,314,281,229,264,175,257,254,329,332,330,294,279,203,233,231,302,195,305,88,,96,,,b'\x11\xe8\xe1I\xcaQ\xe0\xde\xaf\x82\x12\xdf\x17\xaeN\x1e'
11E8E149-CA51-E0DE-AF82-12DF17AE4E1E,2016-ncaa-d1-conf-WCC,ncaa,9,9,3,9,4,7,8,6,7,5,3,8,8,7,5,7,5,5,6,5,6,6,5,8,6,8,8,8,4,9,9,5,6,7,7,9,10,8,7,9,7,8,5,5,,,6,5,,,9,3,3,6,9,9,5,4,3,8,7,6,5,5,5,4,9,6,9,10,8,7,5,,6,,,9,10,9,6,9,9,4,9,8,6,8,6,9,9,2,9,9,8,7,9,9,9,8,4,6,5,6,8,9,8,7,8,6,7,8,8,10,9,2,1,,,5,6,,,9,7,9,9,9,9,9,7,6,4,8,7,9,9,9,9,8,6,8,7,8,7,9,1,,5,,,b'\x11\xe8\xe1I\xcaQ\xe0\xde\xaf\x82\x12\xdf\x17\xaeN\x1e'
11E8E149-CA51-E0DE-AF82-12DF17AE4E1E,2016-ncaa-d1-natl,ncaa,302,317,142,313,203,177,212,211,205,192,150,261,227,275,88,270,74,85,113,82,90,191,163,227,175,206,160,235,27,270,281,204,235,246,275,283,313,274,262,309,185,212,242,245,,,288,266,,,309,122,49,274,178,229,221,190,131,224,270,48,50,51,186,135,276,205,266,295,273,184,241,,293,,,309,324,285,216,309,276,177,308,262,241,264,200,333,334,136,334,327,250,237,310,319,324,254,182,286,216,235,220,281,229,275,314,282,207,244,298,315,307,85,80,,,126,104,,,309,236,244,321,304,327,294,240,283,181,271,255,331,332,329,298,281,224,230,236,318,206,309,99,,93,,,b'\x11\xe8\xe1I\xcaQ\xe0\xde\xaf\x82\x12\xdf\x17\xaeN\x1e'
11E8E149-CA51-E0DE-AF82-12DF17AE4E1E,2017-ncaa-d0-natl,ncaa,302,313,168,311,184,226,254,192,302,261,172,324,177,187,116,184,141,175,102,170,162,194,180,289,278,269,77,126,77,232,284,116,294,162,293,291,287,220,226,291,260,297,102,78,,,140,93,,,298,162,121,109,242,268,172,277,164,164,184,136,161,161,187,150,234,76,133,307,242,265,93,,151,,,299,245,183,278,50,63,127,68,332,340,175,335,269,230,320,229,262,281,229,106,133,228,344,336,230,332,294,293,284,323,293,333,348,276,314,340,286,287,329,325,,,209,226,,,298,180,286,284,302,278,212,325,72,126,341,348,284,248,248,327,305,338,315,339,337,274,288,330,,212,,,b'\x11\xe8\xe1I\xcaQ\xe0\xde\xaf\x82\x12\xdf\x17\xaeN\x1e'
11E8E149-CA51-E0DE-AF82-12DF17AE4E1E,2017-ncaa-d1-conf-WCC,ncaa,9,8,7,9,8,8,8,8,8,9,9,10,6,7,4,6,8,8,7,8,8,8,8,8,9,8,4,4,8,10,10,4,10,6,8,10,10,6,7,10,9,9,4,5,,,1,1,,,9,7,4,4,7,8,5,8,6,6,7,8,8,8,6,6,9,2,5,10,7,9,4,,1,,,9,6,6,9,4,3,2,4,10,10,5,10,5,5,10,5,5,9,5,5,4,8,9,10,4,10,10,9,10,9,8,10,10,10,10,10,8,8,8,9,,,9,9,,,9,3,9,9,9,9,9,10,4,3,10,10,6,6,6,10,10,10,9,10,10,10,8,8,,9,,,b'\x11\xe8\xe1I\xcaQ\xe0\xde\xaf\x82\x12\xdf\x17\xaeN\x1e'
11E8E149-CA51-E0DE-AF82-12DF17AE4E1E,2017-ncaa-d1-natl,ncaa,313,312,217,314,244,270,288,239,308,299,203,326,185,209,119,181,165,207,104,203,169,241,230,295,283,278,76,126,76,260,288,142,300,199,297,312,286,196,232,298,279,302,109,84,,,111,93,,,304,208,128,101,256,282,182,288,167,166,186,140,168,167,194,153,239,77,142,311,244,274,96,,156,,,305,225,156,258,58,46,90,72,330,338,184,335,262,220,322,220,261,263,193,112,149,240,344,335,231,327,300,272,288,315,297,329,348,299,318,340,273,291,325,328,,,241,228,,,304,127,289,302,309,291,220,326,78,126,342,346,285,249,249,329,303,338,317,339,338,277,287,335,,216,,,b'\x11\xe8\xe1I\xcaQ\xe0\xde\xaf\x82\x12\xdf\x17\xaeN\x1e'
11E8E149-CA51-E0DE-AF82-12DF17AE4E1E,2018-ncaa-d0-natl,ncaa,245,263,164,255,180,147,184,206,138,167,170,186,180,225,88,233,62,59,150,57,50,181,201,137,118,107,137,202,45,284,287,205,253,254,264,215,274,93,122,188,260,278,131,204,,,274,277,,,257,169,105,111,119,169,202,151,150,180,223,34,35,34,147,179,288,191,264,234,115,261,122,,280,,,254,291,296,228,318,321,300,252,88,34,321,8,285,296,101,293,187,254,193,285,283,328,40,30,224,230,253,184,287,205,264,286,186,281,314,320,151,174,147,153,,,77,33,,,257,180,142,326,253,318,315,282,337,342,106,37,289,303,303,305,253,254,206,229,298,291,165,170,,40,,,b'\x11\xe8\xe1I\xcaQ\xe0\xde\xaf\x82\x12\xdf\x17\xaeN\x1e'
11E8E149-CA51-E0DE-AF82-12DF17AE4E1E,2018-ncaa-d1-conf-WCC,ncaa,8,8,4,8,5,5,7,6,6,7,5,8,4,5,3,6,3,4,3,4,3,6,6,6,6,4,3,5,1,10,10,5,10,9,10,9,10,4,4,8,8,8,2,6,,,8,7,,,8,4,5,3,6,7,8,8,5,4,6,4,3,3,5,8,10,6,9,9,3,8,3,,7,,,8,9,9,9,9,10,9,9,2,1,10,1,8,9,2,8,6,9,7,9,8,10,2,1,5,9,10,9,10,9,10,10,6,7,9,10,3,3,9,9,,,3,2,,,8,7,5,10,8,10,10,9,10,9,3,1,7,9,9,9,7,9,7,9,9,7,3,9,,3,,,b'\x11\xe8\xe1I\xcaQ\xe0\xde\xaf\x82\x12\xdf\x17\xaeN\x1e'
11E8E149-CA51-E0DE-AF82-12DF17AE4E1E,2018-ncaa-d1-natl,ncaa,262,263,213,263,236,184,214,251,149,197,209,193,199,246,90,233,77,78,148,75,50,223,254,147,125,110,134,197,39,306,299,242,261,288,278,250,278,79,129,196,280,288,149,206,,,248,279,,,270,213,108,94,128,178,208,164,155,182,225,38,39,40,159,188,296,200,275,244,116,268,126,,281,,,269,284,288,199,324,318,300,267,74,24,332,8,269,288,111,281,188,235,149,299,298,334,38,30,221,204,261,151,299,168,278,277,188,305,318,325,131,181,138,163,,,101,29,,,270,137,152,331,267,324,322,282,338,343,106,35,295,306,305,307,251,259,212,231,303,296,167,177,,41,,,b'\x11\xe8\xe1I\xcaQ\xe0\xde\xaf\x82\x12\xdf\x17\xaeN\x1e'
11E8E149-CA51-E0DE-AF82-12DF17AE4E1E,2019-ncaa-d0-natl,ncaa,78,93,47,93,66,45,46,21,171,25,7,277,175,257,35,329,33,50,56,47,283,22,40,207,184,85,277,277,106,18,75,65,20,35,56,105,291,11,3,37,189,227,156,205,,,271,245,,,116,54,112,218,59,59,15,28,6,221,299,46,85,81,13,69,27,95,44,149,9,234,187,,209,,,122,331,319,276,290,338,319,290,90,91,148,26,332,324,309,320,221,289,269,249,284,312,57,18,273,46,20,326,75,248,56,281,148,230,291,280,19,6,206,37,,,160,293,,,116,296,56,265,119,262,256,158,302,283,50,38,298,275,274,195,119,14,254,129,213,291,13,161,,254,,,b'\x11\xe8\xe1I\xcaQ\xe0\xde\xaf\x82\x12\xdf\x17\xaeN\x1e'
11E8E149-CA51-E0DE-AF82-12DF17AE4E1E,2019-ncaa-d1-conf-WCC,ncaa,3,3,1,3,2,2,3,1,8,2,1,9,6,7,3,8,1,2,1,2,9,1,1,7,7,4,7,7,4,1,2,2,3,2,3,5,8,1,1,1,6,6,4,5,,,8,7,,,4,2,4,6,4,3,1,2,1,7,7,3,4,2,1,3,1,4,2,8,1,7,4,,5,,,4,9,9,8,7,10,9,6,1,1,5,1,9,9,6,9,5,9,9,6,6,8,1,1,7,3,3,10,2,9,3,6,4,9,9,6,1,1,9,2,,,9,10,,,4,9,3,7,4,6,7,7,8,9,1,1,8,9,9,7,3,3,9,6,6,9,1,6,,10,,,b'\x11\xe8\xe1I\xcaQ\xe0\xde\xaf\x82\x12\xdf\x17\xaeN\x1e'
11E8E149-CA51-E0DE-AF82-12DF17AE4E1E,2019-ncaa-d1-natl,ncaa,73,92,40,93,54,48,39,18,168,24,6,276,172,262,43,325,36,59,59,57,296,20,39,212,188,91,282,275,127,19,77,52,19,27,51,102,288,13,3,38,194,236,152,211,,,275,238,,,129,48,117,223,66,57,14,28,6,223,297,58,101,99,17,73,30,85,35,149,10,241,182,,208,,,129,331,322,281,292,341,329,283,74,77,144,17,330,314,308,313,217,305,277,252,280,315,47,14,272,43,19,326,77,251,51,286,142,253,303,291,23,7,209,41,,,184,310,,,129,306,57,270,129,264,259,167,311,292,41,30,297,276,275,212,123,15,245,125,213,302,12,164,,275,,,b'\x11\xe8\xe1I\xcaQ\xe0\xde\xaf\x82\x12\xdf\x17\xaeN\x1e'
11E8E149-CA51-E0DE-AF82-12DF17AE4E1E,2020-ncaa-d0-natl,ncaa,182,170,191,185,220,198,179,80,291,158,42,324,219,233,138,264,214,197,220,195,287,93,210,293,295,191,232,200,183,113,195,287,287,219,298,188,197,5,4,36,136,126,77,84,,,70,75,,,197,243,236,118,192,166,28,135,29,210,222,194,177,176,39,165,97,289,213,183,5,133,73,,82,,,197,169,215,136,275,235,212,214,134,74,320,72,98,121,79,124,121,124,124,260,241,227,95,135,93,243,287,316,195,311,298,234,220,168,152,221,14,18,189,102,,,220,195,,,197,95,163,257,205,202,242,157,250,236,155,72,122,142,143,147,157,254,329,321,248,158,18,202,,189,,,b'\x11\xe8\xe1I\xcaQ\xe0\xde\xaf\x82\x12\xdf\x17\xaeN\x1e'
11E8E149-CA51-E0DE-AF82-12DF17AE4E1E,2020-ncaa-d1-conf-WCC,ncaa,5,6,1,6,1,2,2,1,9,2,1,10,5,4,3,9,3,2,8,2,6,1,1,9,9,5,7,5,6,1,5,5,10,1,10,4,5,1,1,1,5,5,2,3,,,7,4,,,6,3,7,5,4,2,1,3,1,5,5,4,3,3,1,2,3,8,6,5,1,5,2,,4,,,6,8,6,8,7,7,8,3,8,5,10,3,7,9,1,9,7,8,9,7,6,5,7,6,5,10,10,10,5,10,10,7,6,3,5,5,1,1,9,4,,,3,3,,,6,8,3,6,6,5,5,4,5,5,5,3,6,8,8,5,6,7,9,10,6,5,1,7,,3,,,b'\x11\xe8\xe1I\xcaQ\xe0\xde\xaf\x82\x12\xdf\x17\xaeN\x1e'
11E8E149-CA51-E0DE-AF82-12DF17AE4E1E,2020-ncaa-d1-natl,ncaa,150,170,45,170,86,140,116,24,282,93,14,320,195,211,147,276,182,158,224,155,299,29,106,292,297,187,249,217,204,66,170,209,262,124,275,156,225,6,4,38,133,140,55,69,,,112,81,,,194,148,240,146,179,152,21,113,22,214,229,206,181,181,35,150,74,260,162,188,5,145,55,,88,,,194,237,264,227,247,265,270,194,187,105,301,80,134,149,121,150,104,208,214,236,216,227,103,145,104,264,262,341,170,331,275,269,224,170,179,242,19,13,217,96,,,167,208,,,194,186,162,257,198,196,235,174,243,240,159,83,125,135,133,159,148,244,327,313,246,193,17,196,,202,,,b'\x11\xe8\xe1I\xcaQ\xe0\xde\xaf\x82\x12\xdf\x17\xaeN\x1e'
11E8E149-CA51-E0DE-AF82-12DF17AE4E1E,2021-ncaa-d0-natl,ncaa,290,318,157,310,168,211,218,208,225,179,126,277,276,292,155,321,148,146,184,146,173,202,190,257,237,262,267,298,48,170,122,203,260,187,181,277,324,241,276,316,189,179,140,181,,,127,111,,,305,197,281,142,284,289,302,194,114,315,328,125,120,128,277,253,164,251,232,327,247,208,163,,87,,,292,197,222,194,237,202,200,178,244,202,300,193,115,99,252,102,49,177,152,253,239,286,168,247,47,213,260,126,122,148,181,316,337,253,299,335,293,319,214,180,,,191,167,,,305,146,253,305,297,229,250,229,223,220,268,200,77,60,61,194,99,230,78,119,334,309,303,217,,210,,,b'\x11\xe8\xe1I\xcaQ\xe0\xde\xaf\x82\x12\xdf\x17\xaeN\x1e'
11E8E149-CA51-E0DE-AF82-12DF17AE4E1E,2021-ncaa-d1-conf-WCC,ncaa,10,10,3,10,3,9,9,9,10,6,3,10,9,9,10,10,4,3,7,4,5,7,4,10,10,10,8,10,1,2,4,7,9,5,7,10,10,7,9,10,10,10,3,4,,,5,6,,,10,6,9,2,10,10,10,7,3,10,10,3,2,4,9,6,3,6,3,10,8,10,3,,5,,,10,8,8,8,6,6,6,6,9,8,7,7,5,6,5,6,4,8,6,7,6,10,4,8,3,9,9,7,4,9,7,10,10,10,10,10,7,7,9,7,,,5,5,,,10,5,10,10,10,8,8,9,7,7,9,8,4,4,4,9,4,9,8,9,10,10,6,8,,6,,,b'\x11\xe8\xe1I\xcaQ\xe0\xde\xaf\x82\x12\xdf\x17\xaeN\x1e'
11E8E149-CA51-E0DE-AF82-12DF17AE4E1E,2021-ncaa-d1-natl,ncaa,277,317,152,305,160,207,211,208,217,165,114,279,268,294,124,322,133,129,187,131,160,201,185,249,232,255,263,297,48,152,116,187,264,182,165,263,321,259,282,312,182,185,124,162,,,148,129,,,302,190,286,147,282,296,308,196,123,312,329,119,119,126,283,261,165,247,228,322,248,210,141,,104,,,290,203,231,209,229,215,214,178,253,208,298,183,122,113,234,116,54,193,161,248,226,287,165,240,48,237,264,126,116,166,165,323,335,255,304,335,304,324,231,183,,,174,142,,,302,152,253,302,297,222,251,227,218,223,265,190,80,67,70,196,96,236,65,114,329,312,310,220,,198,,,b'\x11\xe8\xe1I\xcaQ\xe0\xde\xaf\x82\x12\xdf\x17\xaeN\x1e'
11E8E149-CA51-E0DE-AF82-12DF17AE4E1E,2022-ncaa-d0-natl,ncaa,282,233,319,280,329,315,278,304,177,216,243,160,315,311,299,268,342,342,293,341,344,319,324,229,262,261,337,281,323,251,171,317,217,307,201,274,209,70,223,211,245,168,153,94,,,53,220,,,281,334,206,171,261,168,171,88,87,296,273,327,316,313,226,196,145,233,204,201,218,166,89,,208,,,287,65,69,43,261,91,70,238,100,58,281,147,99,50,353,52,144,38,26,256,269,283,149,161,189,68,217,31,171,32,201,215,333,318,227,320,143,281,49,76,,,346,328,,,281,29,247,290,285,253,258,195,247,206,193,150,226,151,156,190,175,190,202,192,328,231,269,114,,319,,,b'\x11\xe8\xe1I\xcaQ\xe0\xde\xaf\x82\x12\xdf\x17\xaeN\x1e'
11E8E149-CA51-E0DE-AF82-12DF17AE4E1E,2022-ncaa-d1-conf-WCC,ncaa,9,8,10,9,10,10,10,10,9,10,9,8,10,10,10,8,10,10,10,10,10,10,10,10,10,10,10,10,9,9,8,9,6,10,8,10,10,4,8,9,9,5,4,4,,,2,6,,,9,10,7,3,9,9,8,6,4,10,9,10,10,10,9,8,6,7,7,9,8,5,3,,5,,,9,4,4,2,6,3,2,6,2,2,7,4,4,3,10,3,8,1,1,6,7,8,4,3,9,3,6,4,8,4,8,5,10,10,6,9,4,8,3,8,,,10,10,,,9,1,10,8,10,7,7,7,7,7,6,5,8,7,7,7,5,5,8,8,10,7,8,9,,10,,,b'\x11\xe8\xe1I\xcaQ\xe0\xde\xaf\x82\x12\xdf\x17\xaeN\x1e'
11E8E149-CA51-E0DE-AF82-12DF17AE4E1E,2022-ncaa-d1-natl,ncaa,296,233,343,289,346,336,311,336,189,251,274,174,326,324,300,267,346,346,293,345,345,342,344,240,277,274,338,278,321,279,183,339,226,332,215,293,215,48,229,216,279,181,168,101,,,41,226,,,292,347,214,167,280,188,185,98,93,299,279,330,317,316,239,205,160,247,223,220,224,182,97,,215,,,307,46,58,25,277,75,45,255,86,40,283,145,85,37,354,41,146,22,11,270,280,303,148,160,187,47,226,11,183,12,215,207,334,332,239,327,124,290,41,82,,,349,325,,,292,13,263,308,299,265,266,198,256,207,200,149,232,155,164,194,170,192,202,195,333,242,276,127,,318,,,b'\x11\xe8\xe1I\xcaQ\xe0\xde\xaf\x82\x12\xdf\x17\xaeN\x1e'
11E8E149-CA51-E0DE-AF82-12DF17AE4E1E,2023-ncaa-d0-natl,ncaa,266,257,236,273,251,218,213,237,192,166,124,246,290,332,135,327,152,140,217,145,183,223,196,218,211,237,273,299,90,91,29,162,159,124,42,217,206,262,282,254,297,293,127,113,,,206,283,,,216,256,196,106,193,195,206,121,69,284,329,109,100,115,174,107,52,82,49,194,303,284,109,,270,,,217,143,141,158,151,135,159,155,161,177,156,196,148,132,211,124,152,150,103,149,151,231,199,198,179,152,159,28,29,48,42,225,262,314,311,320,159,184,3,1,,,123,65,,,216,95,200,233,223,220,216,265,198,233,215,220,196,184,182,257,165,215,49,92,262,307,195,3,,63,,,b'\x11\xe8\xe1I\xcaQ\xe0\xde\xaf\x82\x12\xdf\x17\xaeN\x1e'
11E8E149-CA51-E0DE-AF82-12DF17AE4E1E,2023-ncaa-d1-conf-WCC,ncaa,8,9,3,9,4,7,7,3,8,4,3,8,8,9,6,9,3,3,8,3,4,2,2,8,7,9,9,9,2,2,2,3,3,2,3,8,9,8,8,8,10,10,2,4,,,9,9,,,8,4,4,5,9,9,5,5,3,9,9,3,3,3,4,2,2,2,1,8,10,10,3,,8,,,8,7,9,8,6,8,6,8,7,8,2,7,6,7,2,6,5,8,7,6,5,8,3,6,3,6,3,6,2,6,3,7,7,10,10,9,5,4,2,1,,,2,2,,,8,7,9,8,9,5,7,7,7,7,6,7,5,5,5,7,5,6,5,5,7,10,5,2,,2,,,b'\x11\xe8\xe1I\xcaQ\xe0\xde\xaf\x82\x12\xdf\x17\xaeN\x1e'
11E8E149-CA51-E0DE-AF82-12DF17AE4E1E,2023-ncaa-d1-natl,ncaa,265,257,219,273,244,228,221,239,200,162,104,255,301,333,143,329,166,146,223,154,208,222,194,227,223,247,286,310,104,77,27,155,165,113,42,227,221,266,273,259,312,304,128,120,,,189,268,,,223,255,205,103,203,202,194,116,62,297,332,131,115,123,172,107,47,81,42,207,299,300,113,,249,,,224,154,164,186,158,161,160,177,164,196,115,212,134,120,219,113,127,163,93,152,152,235,170,188,153,178,165,24,27,49,42,232,261,325,323,327,163,182,3,1,,,127,72,,,223,91,208,256,239,218,230,275,224,237,205,237,176,167,158,262,164,229,48,99,267,317,200,3,,69,,,b'\x11\xe8\xe1I\xcaQ\xe0\xde\xaf\x82\x12\xdf\x17\xaeN\x1e'
11E8E149-CA51-E0DE-AF82-12DF17AE4E1E,2024-ncaa-d0-natl,ncaa,351,338,298,352,316,351,332,332,302,264,254,249,352,326,358,264,348,342,308,339,336,343,303,328,342,352,349,329,265,221,116,331,337,318,250,321,250,325,356,345,258,204,149,136,,,122,238,,,350,317,217,263,351,325,305,214,171,350,305,339,329,324,318,202,158,322,279,321,352,200,115,,226,,,352,179,174,93,313,179,125,272,169,89,337,126,182,176,188,169,214,97,57,315,306,332,170,179,191,217,337,24,116,62,250,215,237,331,302,337,344,357,8,18,,,341,333,,,350,36,347,347,354,306,307,229,303,263,250,157,252,250,247,253,194,304,90,194,303,297,358,16,,316,,,b'\x11\xe8\xe1I\xcaQ\xe0\xde\xaf\x82\x12\xdf\x17\xaeN\x1e'
11E8E149-CA51-E0DE-AF82-12DF17AE4E1E,2024-ncaa-d1-conf-WCC,ncaa,9,9,6,9,8,9,9,8,9,6,5,8,9,8,9,7,9,8,9,8,8,8,7,9,9,9,9,8,3,4,4,9,9,8,8,9,9,7,9,9,7,7,6,5,,,5,8,,,9,7,6,4,9,9,8,6,4,9,8,9,7,7,8,6,3,8,7,9,9,7,6,,6,,,9,8,8,5,9,6,5,8,7,4,9,3,6,6,6,6,5,6,4,9,9,9,7,7,5,8,9,6,4,7,8,7,6,9,9,9,9,9,2,2,,,8,9,,,9,3,9,9,9,9,9,8,9,7,7,4,7,7,7,8,7,9,9,9,9,9,9,3,,8,,,b'\x11\xe8\xe1I\xcaQ\xe0\xde\xaf\x82\x12\xdf\x17\xaeN\x1e'
11E8E149-CA51-E0DE-AF82-12DF17AE4E1E,2024-ncaa-d1-natl,ncaa,345,339,254,345,304,344,320,319,297,252,221,242,345,315,357,262,344,333,311,331,331,331,274,321,336,350,345,319,269,198,116,307,312,282,222,312,246,344,356,347,252,233,147,151,,,146,226,,,351,293,217,264,348,320,301,212,179,346,299,341,323,318,317,201,161,296,255,309,352,226,126,,213,,,352,235,232,151,300,226,154,265,214,141,317,158,187,187,207,182,191,144,81,301,297,335,182,198,169,243,312,31,116,86,222,257,237,330,317,337,350,358,12,21,,,333,336,,,351,63,344,344,353,302,303,241,294,254,269,193,231,230,230,254,186,290,87,169,300,310,357,20,,319,,,b'\x11\xe8\xe1I\xcaQ\xe0\xde\xaf\x82\x12\xdf\x17\xaeN\x1e'
11E8E149-CA51-E0DE-AF82-12DF17AE4E1E,2025-ncaa-d0-natl,genius_ncaa,296,313,194,308,199,300,305,294,287,321,319,276,184,166,220,83,282,276,242,273,146,297,305,253,266,264,73,74,190,337,346,199,339,273,344,243,97,99,217,201,314,325,155,201,,,26,19,,81,307,275,311,48,326,334,326,336,322,176,146,289,275,275,325,339,341,176,297,235,136,317,157,,34,,94,303,154,219,259,125,253,277,120,162,191,121,145,29,37,96,38,21,230,165,110,73,176,50,170,27,346,339,239,346,308,344,282,286,326,346,344,215,297,244,337,,,262,144,,201,307,96,304,264,306,193,270,329,281,335,172,206,38,52,49,294,199,356,283,335,302,342,238,278,,261,,196,b'\x11\xe8\xe1I\xcaQ\xe0\xde\xaf\x82\x12\xdf\x17\xaeN\x1e'
11E8E149-CA51-E0DE-AF82-12DF17AE4E1E,2025-ncaa-d1-conf-WCC,genius_ncaa,10,10,8,10,11,11,11,11,11,11,11,11,7,6,8,2,11,10,11,10,4,11,11,10,11,10,2,2,6,11,11,8,11,9,10,11,7,5,9,10,10,10,9,9,,,1,1,,3,11,11,10,7,11,11,11,11,11,6,5,11,10,10,11,11,11,7,9,10,7,10,9,,1,,3,11,4,9,8,5,7,8,4,6,5,8,6,1,1,4,1,1,6,2,6,5,8,4,7,2,9,11,8,11,10,10,7,8,10,9,10,7,9,8,10,,,8,7,,6,11,1,11,11,11,8,11,11,8,10,7,6,2,3,3,9,6,11,9,11,9,9,8,8,,7,,6,b'\x11\xe8\xe1I\xcaQ\xe0\xde\xaf\x82\x12\xdf\x17\xaeN\x1e'
11E8E149-CA51-E0DE-AF82-12DF17AE4E1E,2025-ncaa-d1-natl,genius_ncaa,312,312,244,317,251,326,328,323,301,338,334,291,202,190,221,84,300,298,243,297,142,323,335,265,276,276,72,74,185,343,348,241,342,310,348,270,101,87,225,219,331,331,180,214,,,16,19,,75,315,322,311,42,332,341,333,339,327,180,149,292,280,279,329,342,342,188,305,254,139,326,160,,36,,100,314,125,192,228,136,233,263,133,144,166,135,138,25,32,99,34,21,195,115,117,85,197,49,167,28,344,342,216,348,294,348,269,287,343,348,344,200,306,229,338,,,285,137,,207,315,47,312,286,314,200,276,331,290,336,182,205,39,54,52,302,194,357,293,336,310,343,245,283,,260,,193,b'\x11\xe8\xe1I\xcaQ\xe0\xde\xaf\x82\x12\xdf\x17\xaeN\x1e'
11E8E149-CA51-E0DE-AF82-12DF17AE4E1E,2026-ncaa-d0-natl,genius_ncaa,123,39,279,75,291,245,245,310,86,272,326,87,142,214,67,66,254,281,63,283,102,311,298,67,55,128,66,64,197,289,171,172,73,223,53,181,56,187,326,199,320,312,154,131,,,17,27,,96,147,292,83,97,121,142,255,202,313,59,94,146,198,202,260,148,231,12,49,74,323,304,89,,42,,154,140,56,56,95,66,48,118,32,129,80,289,129,83,73,195,69,95,84,70,77,77,159,243,258,167,63,73,34,171,33,53,118,306,325,317,304,263,340,245,345,,,223,51,,127,147,71,147,146,138,199,193,313,144,323,262,186,181,171,176,302,250,182,83,99,260,299,342,324,,51,,63,b'\x11\xe8\xe1I\xcaQ\xe0\xde\xaf\x82\x12\xdf\x17\xaeN\x1e'
11E8E149-CA51-E0DE-AF82-12DF17AE4E1E,2026-ncaa-d1-natl,genius_ncaa,110,39,271,67,286,250,249,314,92,292,340,96,128,192,70,59,283,321,67,320,162,326,311,64,63,142,69,53,250,283,145,160,66,207,43,165,38,201,330,189,341,334,166,146,,,18,43,,108,167,305,130,100,142,157,252,234,314,54,85,222,263,265,272,184,216,14,39,65,318,329,107,,60,,160,161,61,54,99,66,40,124,27,163,101,298,161,113,104,230,104,143,89,58,80,92,185,290,278,198,66,66,21,145,21,43,141,314,342,330,316,265,339,280,352,,,235,86,,105,167,59,153,175,157,197,176,297,111,298,279,215,208,197,199,292,206,170,65,82,266,317,335,329,,102,,57,b'\x11\xe8\xe1I\xcaQ\xe0\xde\xaf\x82\x12\xdf\x17\xaeN\x1e'
11E8E149-CA56-5A1A-AF82-12DF17AE4E1E,2010-ncaa-d0-natl,ncaa,149,145,122,155,140,97,72,86,98,65,69,109,177,193,129,241,158,145,226,141,247,88,96,118,139,127,267,229,242,75,69,63,97,54,55,72,106,160,101,68,313,325,18,14,,,277,266,,,105,119,122,124,72,52,52,45,47,176,207,165,143,139,58,67,50,40,29,46,156,318,13,,272,,,103,231,217,243,117,175,214,119,256,260,190,237,205,257,27,255,226,257,202,135,121,197,236,240,175,214,97,166,69,189,55,311,313,270,308,321,70,60,197,133,,,183,281,,,105,203,95,200,124,221,206,259,164,201,259,268,193,245,244,276,213,207,168,190,305,289,81,188,,209,,,b'\x11\xe8\xe1I\xcaVZ\x1a\xaf\x82\x12\xdf\x17\xaeN\x1e'
11E8E149-CA56-5A1A-AF82-12DF17AE4E1E,2010-ncaa-d1-conf-AAC,ncaa,13,12,10,13,11,7,7,7,7,8,8,9,11,10,6,10,9,9,5,9,9,9,9,10,7,7,9,9,6,5,5,9,6,7,4,11,13,8,9,11,14,16,3,4,,,13,14,,,11,9,4,7,6,6,3,6,4,7,8,6,6,6,4,2,3,4,3,11,10,13,3,,15,,,11,12,13,9,14,15,12,14,8,7,13,7,11,13,1,13,12,11,8,14,13,15,8,6,8,8,6,6,5,5,4,14,14,14,15,16,6,2,8,8,,,11,13,,,11,7,7,15,13,16,16,14,16,16,8,8,12,15,15,15,13,12,11,11,16,13,9,10,,9,,,b'\x11\xe8\xe1I\xcaVZ\x1a\xaf\x82\x12\xdf\x17\xaeN\x1e'
11E8E149-CA56-5A1A-AF82-12DF17AE4E1E,2010-ncaa-d1-natl,ncaa,156,145,134,160,155,106,77,92,103,67,78,111,186,205,134,242,165,153,227,149,247,96,107,123,139,129,263,227,240,77,72,70,103,61,55,77,109,147,106,71,321,329,20,15,,,268,268,,,109,132,122,125,76,55,52,46,47,179,209,165,144,141,58,68,51,42,29,48,157,321,13,,272,,,106,224,206,232,124,164,203,124,247,255,196,238,193,249,29,247,226,246,184,142,125,207,235,237,175,192,103,154,72,180,55,306,313,284,310,321,58,61,191,136,,,196,278,,,109,188,97,211,132,228,206,260,167,203,259,268,197,250,247,276,212,210,171,194,307,292,81,191,,210,,,b'\x11\xe8\xe1I\xcaVZ\x1a\xaf\x82\x12\xdf\x17\xaeN\x1e'
11E8E149-CA56-5A1A-AF82-12DF17AE4E1E,2011-ncaa-d0-natl,ncaa,181,207,119,193,142,113,103,174,41,88,155,40,190,196,162,198,125,151,99,147,156,167,164,62,62,75,234,226,175,197,142,89,222,129,107,74,83,169,186,93,318,332,20,23,,,197,183,,,140,151,198,192,112,90,215,80,180,193,205,123,158,153,210,216,228,77,132,67,166,331,16,,185,,,140,213,176,266,67,152,238,61,220,242,158,207,238,206,281,210,190,265,203,73,102,192,254,222,226,284,222,62,142,152,107,244,272,291,318,313,212,225,160,154,,,187,180,,,140,180,94,233,145,186,157,261,141,228,226,244,234,206,211,264,195,282,45,131,231,313,209,152,,205,,,b'\x11\xe8\xe1I\xcaVZ\x1a\xaf\x82\x12\xdf\x17\xaeN\x1e'
11E8E149-CA56-5A1A-AF82-12DF17AE4E1E,2011-ncaa-d1-conf-AAC,ncaa,11,12,4,12,6,9,10,9,9,8,11,10,8,7,12,6,6,6,5,6,5,7,6,9,10,10,8,8,5,10,9,3,12,6,8,7,7,12,13,11,16,16,3,3,,,12,11,,,11,5,4,5,8,10,11,9,11,8,6,6,5,5,7,6,9,3,5,7,13,16,2,,11,,,11,16,12,14,6,14,14,6,9,9,7,7,14,14,13,14,9,14,13,6,7,13,9,7,12,15,12,10,9,14,8,14,12,14,15,15,15,16,14,14,,,7,8,,,11,12,11,13,11,14,12,16,12,16,8,8,14,14,14,16,15,16,9,13,14,14,16,13,,7,,,b'\x11\xe8\xe1I\xcaVZ\x1a\xaf\x82\x12\xdf\x17\xaeN\x1e'
11E8E149-CA56-5A1A-AF82-12DF17AE4E1E,2011-ncaa-d1-natl,ncaa,188,202,132,202,163,131,116,199,40,98,168,42,203,207,165,196,138,163,99,160,159,194,193,63,63,77,231,225,171,218,147,103,225,149,112,84,87,148,189,94,328,334,24,24,,,178,187,,,147,183,204,190,116,94,221,83,180,194,203,126,163,156,212,222,231,77,141,68,165,332,16,,184,,,145,195,161,250,73,135,223,65,210,230,160,203,225,193,284,201,188,247,175,75,106,198,250,218,225,274,225,44,147,125,112,233,273,304,322,316,194,228,145,159,,,204,181,,,147,148,93,240,153,191,161,261,143,229,228,243,238,209,218,263,193,283,44,134,235,315,210,161,,205,,,b'\x11\xe8\xe1I\xcaVZ\x1a\xaf\x82\x12\xdf\x17\xaeN\x1e'
11E8E149-CA56-5A1A-AF82-12DF17AE4E1E,2012-ncaa-d0-natl,ncaa,279,288,163,287,167,257,226,204,251,129,84,252,328,319,331,321,196,164,264,163,249,197,160,302,298,302,325,335,104,151,155,236,249,197,220,315,337,289,290,324,301,320,163,172,,,115,95,,,324,160,132,50,273,230,185,110,49,333,319,191,145,152,182,112,138,240,191,318,302,302,152,,128,,,320,277,278,213,284,247,182,275,293,252,299,240,196,159,302,156,158,209,182,301,301,313,209,261,109,193,249,172,155,192,220,318,291,227,241,307,259,257,333,319,,,169,181,,,324,175,305,306,320,298,300,268,278,218,302,262,221,181,179,263,226,226,210,229,321,223,274,336,,146,,,b'\x11\xe8\xe1I\xcaVZ\x1a\xaf\x82\x12\xdf\x17\xaeN\x1e'
11E8E149-CA56-5A1A-AF82-12DF17AE4E1E,2012-ncaa-d1-conf-AAC,ncaa,16,16,12,16,12,14,14,12,13,9,6,13,15,14,16,14,11,11,10,11,13,13,11,15,14,15,15,15,6,13,11,14,12,14,13,15,16,13,15,16,15,16,16,15,,,5,8,,,16,9,5,5,14,13,9,7,4,15,14,11,10,11,11,4,9,14,14,15,15,15,16,,8,,,16,16,15,8,16,14,6,16,15,12,14,12,11,9,16,9,10,8,6,16,16,16,9,12,7,6,12,11,11,7,13,16,13,14,15,16,12,13,15,14,,,11,13,,,16,5,16,16,16,16,16,14,16,10,16,13,13,11,11,14,10,9,12,13,16,14,13,16,,10,,,b'\x11\xe8\xe1I\xcaVZ\x1a\xaf\x82\x12\xdf\x17\xaeN\x1e'
11E8E149-CA56-5A1A-AF82-12DF17AE4E1E,2012-ncaa-d1-natl,ncaa,286,288,196,289,204,272,250,230,261,143,92,258,330,322,332,320,214,176,263,176,249,225,190,306,299,305,325,335,103,172,164,263,252,228,230,321,337,282,295,325,316,323,173,175,,,92,100,,,325,195,135,46,279,237,190,115,51,332,319,197,144,153,189,117,145,248,199,320,300,306,157,,130,,,324,264,262,191,291,235,157,282,286,236,306,237,184,145,304,141,160,181,147,303,305,317,209,260,110,177,252,148,164,170,230,312,292,253,250,310,248,259,333,323,,,185,181,,,325,144,307,312,322,302,304,271,282,224,303,263,222,185,185,265,223,229,216,234,323,234,270,337,,147,,,b'\x11\xe8\xe1I\xcaVZ\x1a\xaf\x82\x12\xdf\x17\xaeN\x1e'
11E8E149-CA56-5A1A-AF82-12DF17AE4E1E,2013-ncaa-d0-natl,ncaa,273,284,183,283,203,228,193,142,261,124,58,259,308,296,315,303,214,186,270,176,292,150,163,294,299,274,320,310,176,68,76,210,171,143,129,201,183,132,138,173,274,287,276,275,,,136,147,,,286,201,183,112,238,179,94,91,29,314,299,212,176,169,103,113,45,203,93,192,163,281,279,,161,,,284,236,244,173,295,224,124,293,263,227,263,252,134,156,61,155,191,168,138,298,286,291,199,251,99,142,171,171,76,156,129,303,308,234,242,311,160,166,248,163,,,183,208,,,286,144,242,287,283,267,272,205,250,140,279,258,157,189,183,208,170,154,211,198,310,232,180,258,,172,,,b'\x11\xe8\xe1I\xcaVZ\x1a\xaf\x82\x12\xdf\x17\xaeN\x1e'
11E8E149-CA56-5A1A-AF82-12DF17AE4E1E,2013-ncaa-d1-conf-AAC,ncaa,15,15,12,15,13,14,13,9,15,12,4,14,13,12,15,12,13,11,15,11,12,10,10,15,15,15,14,12,10,7,8,12,11,9,10,14,14,6,9,13,15,15,14,15,,,8,10,,,14,10,9,6,13,13,7,11,3,12,11,13,9,9,7,8,4,10,6,14,11,15,14,,9,,,14,12,13,9,14,13,11,14,6,5,8,4,8,9,4,9,9,7,6,13,12,14,4,4,6,8,11,11,8,9,10,13,13,14,15,15,11,10,10,8,,,11,10,,,14,6,15,14,14,14,13,13,13,14,9,8,10,10,10,13,9,11,13,13,14,14,12,11,,8,,,b'\x11\xe8\xe1I\xcaVZ\x1a\xaf\x82\x12\xdf\x17\xaeN\x1e'
11E8E149-CA56-5A1A-AF82-12DF17AE4E1E,2013-ncaa-d1-natl,ncaa,281,282,210,287,231,248,213,162,265,133,68,266,314,301,319,303,229,199,269,191,291,173,189,294,303,278,318,311,175,76,80,232,176,161,134,219,189,117,139,180,291,290,284,277,,,118,151,,,293,235,187,99,244,190,96,94,29,314,299,212,174,165,107,119,46,206,97,198,163,286,280,,163,,,294,223,236,156,297,213,95,295,256,220,265,252,125,146,64,145,192,144,106,302,290,299,195,249,98,127,176,155,80,136,134,299,308,255,249,317,147,166,242,170,,,208,205,,,293,112,245,293,292,270,275,207,258,142,279,256,161,191,188,212,168,153,214,203,312,237,181,260,,168,,,b'\x11\xe8\xe1I\xcaVZ\x1a\xaf\x82\x12\xdf\x17\xaeN\x1e'
11E8E149-CA56-5A1A-AF82-12DF17AE4E1E,2014-ncaa-d0-natl,ncaa,239,263,131,259,164,224,234,139,304,223,184,284,175,116,286,113,212,206,190,210,222,154,188,296,293,254,139,139,179,206,283,246,264,246,317,183,109,52,58,102,200,214,104,95,,,190,205,,,279,179,195,270,271,263,137,245,197,174,115,235,226,229,161,229,224,287,271,203,50,209,103,,180,,,275,225,190,150,241,187,164,209,198,147,288,136,265,273,148,277,275,183,181,239,254,252,234,172,255,198,264,317,283,294,317,264,291,167,188,252,69,87,269,268,,,154,122,,,279,166,259,260,274,225,191,119,195,158,195,133,262,270,274,172,157,189,318,291,266,192,76,268,,172,,,b'\x11\xe8\xe1I\xcaVZ\x1a\xaf\x82\x12\xdf\x17\xaeN\x1e'
11E8E149-CA56-5A1A-AF82-12DF17AE4E1E,2014-ncaa-d1-conf-ACC,ncaa,14,14,12,14,15,14,15,11,15,14,13,15,7,5,14,3,9,10,7,10,3,12,13,15,15,14,3,3,2,12,14,15,14,14,15,15,8,1,5,10,13,13,11,12,,,9,12,,,15,13,10,9,13,15,10,14,12,5,3,7,7,7,11,12,12,15,13,15,2,13,11,,11,,,15,12,7,1,14,9,4,13,8,1,14,4,13,13,10,13,15,3,3,14,14,15,13,7,14,6,14,15,14,14,15,10,11,12,10,14,2,4,13,14,,,9,4,,,15,3,14,15,15,15,13,2,14,9,8,2,14,14,14,8,6,8,15,15,12,11,3,14,,5,,,b'\x11\xe8\xe1I\xcaVZ\x1a\xaf\x82\x12\xdf\x17\xaeN\x1e'
11E8E149-CA56-5A1A-AF82-12DF17AE4E1E,2014-ncaa-d1-natl,ncaa,252,262,145,262,193,245,252,164,306,243,199,290,181,124,288,113,233,232,189,234,221,179,219,299,298,259,140,138,177,223,284,271,269,268,319,205,109,37,58,103,213,216,112,97,,,170,205,,,284,211,196,273,274,267,141,248,199,174,116,236,230,232,166,233,230,290,278,208,51,211,105,,185,,,281,203,168,124,247,169,145,215,188,131,291,136,256,263,148,265,277,156,146,249,265,263,230,172,251,179,269,312,284,285,319,256,292,184,192,257,57,90,263,274,,,174,123,,,284,136,266,271,282,232,197,123,198,157,194,131,263,273,275,170,155,195,321,297,269,197,75,272,,176,,,b'\x11\xe8\xe1I\xcaVZ\x1a\xaf\x82\x12\xdf\x17\xaeN\x1e'
11E8E149-CA56-5A1A-AF82-12DF17AE4E1E,2015-ncaa-d0-natl,ncaa,84,86,79,91,86,97,90,70,174,130,135,143,89,70,171,92,180,189,156,197,241,81,105,145,159,115,143,105,273,114,183,58,251,80,200,51,40,87,58,44,158,196,25,23,,,80,26,,,63,112,219,135,130,116,89,164,190,100,88,226,252,253,120,192,160,77,104,53,54,187,19,,41,,,63,128,145,290,20,154,302,11,166,154,202,104,119,119,178,118,49,272,268,19,14,36,146,200,138,324,251,286,183,315,200,167,191,131,188,142,74,56,331,326,,,221,300,,,63,232,107,70,62,73,94,261,104,297,143,117,92,89,89,224,208,311,232,285,118,167,50,330,,301,,,b'\x11\xe8\xe1I\xcaVZ\x1a\xaf\x82\x12\xdf\x17\xaeN\x1e'
11E8E149-CA56-5A1A-AF82-12DF17AE4E1E,2015-ncaa-d1-conf-ACC,ncaa,7,7,10,7,10,13,12,10,11,10,10,12,8,7,12,5,12,11,8,11,12,12,12,13,13,12,7,7,11,10,9,9,9,11,11,8,3,4,7,5,13,10,3,2,,,1,3,,,8,13,13,1,13,12,6,10,9,8,7,12,11,11,9,11,7,5,8,7,5,12,2,,3,,,8,1,1,5,2,4,11,2,1,1,7,1,6,7,9,7,3,5,3,1,1,2,5,2,11,9,9,9,9,12,11,1,4,10,9,6,4,5,15,15,,,14,13,,,8,3,12,4,8,3,3,9,7,14,1,1,9,9,10,9,8,11,10,13,4,9,6,15,,13,,,b'\x11\xe8\xe1I\xcaVZ\x1a\xaf\x82\x12\xdf\x17\xaeN\x1e'
11E8E149-CA56-5A1A-AF82-12DF17AE4E1E,2015-ncaa-d1-natl,ncaa,92,86,97,95,109,122,109,81,182,148,159,152,102,81,175,93,195,214,153,223,240,105,133,154,165,121,141,105,268,136,194,76,258,96,208,56,43,74,58,50,173,203,25,25,,,59,29,,,75,143,223,128,138,130,96,169,195,104,88,232,257,260,128,197,170,81,115,62,57,197,20,,43,,,72,95,121,274,22,129,292,15,153,136,213,101,105,101,179,102,49,251,242,24,18,41,140,195,136,317,258,269,194,308,208,150,191,154,198,151,59,59,331,328,,,252,302,,,75,203,116,78,70,76,99,260,105,297,144,117,92,90,90,230,209,311,235,288,120,177,52,331,,302,,,b'\x11\xe8\xe1I\xcaVZ\x1a\xaf\x82\x12\xdf\x17\xaeN\x1e'
11E8E149-CA56-5A1A-AF82-12DF17AE4E1E,2015-ncaa-d1-ncaatournament,ncaa,17,2,17,17,17,30,29,32,23,24,26,11,48,44,54,51,27,28,31,28,31,32,32,31,27,28,55,58,19,35,52,22,54,30,50,31,50,37,41,43,25,39,16,14,,,36,18,,,21,30,57,4,48,44,59,25,38,59,55,30,34,34,60,63,55,25,46,51,25,35,9,,18,,,21,34,35,46,2,35,45,4,34,42,10,37,26,28,32,19,8,43,40,2,4,5,20,30,24,54,54,34,52,42,50,32,20,31,48,27,23,14,23,20,,,34,51,,,21,34,36,15,23,10,11,56,18,51,21,40,14,15,6,43,36,62,15,43,14,49,9,15,,54,,,b'\x11\xe8\xe1I\xcaVZ\x1a\xaf\x82\x12\xdf\x17\xaeN\x1e'
11E8E149-CA56-5A1A-AF82-12DF17AE4E1E,2016-ncaa-d0-natl,ncaa,196,228,114,219,118,204,185,187,189,187,174,208,173,182,151,179,271,238,300,240,246,198,157,191,224,252,201,152,264,160,166,214,259,189,211,95,30,297,293,172,136,144,44,41,,,123,104,,,217,157,226,29,250,221,227,210,198,189,193,288,265,267,249,203,184,259,238,87,285,149,41,,112,,,216,160,161,171,171,177,220,116,137,89,282,69,194,205,135,194,167,172,214,156,160,131,143,144,208,243,259,158,166,193,211,142,140,84,96,92,161,166,280,286,,,200,226,,,217,197,249,142,216,151,150,130,172,212,131,65,192,194,190,139,183,226,129,163,129,91,162,281,,236,,,b'\x11\xe8\xe1I\xcaVZ\x1a\xaf\x82\x12\xdf\x17\xaeN\x1e'
11E8E149-CA56-5A1A-AF82-12DF17AE4E1E,2016-ncaa-d1-conf-ACC,ncaa,11,12,4,12,4,11,11,10,12,14,11,13,5,5,7,7,12,11,14,11,11,10,10,10,13,13,5,3,12,6,7,6,10,7,9,6,2,12,13,10,13,13,5,8,,,6,4,,,12,7,10,1,11,12,12,14,11,6,5,12,11,12,11,9,7,8,8,6,12,13,6,,4,,,12,12,14,10,14,14,13,9,5,1,10,2,10,13,6,12,4,11,10,8,8,11,1,2,6,11,10,9,7,11,9,11,8,11,12,11,9,10,15,15,,,10,12,,,12,10,12,11,12,12,13,11,14,14,4,2,10,11,10,13,11,11,9,9,11,12,9,15,,10,,,b'\x11\xe8\xe1I\xcaVZ\x1a\xaf\x82\x12\xdf\x17\xaeN\x1e'
11E8E149-CA56-5A1A-AF82-12DF17AE4E1E,2016-ncaa-d1-natl,ncaa,216,227,142,227,149,234,218,223,199,219,206,221,196,199,156,181,285,260,299,263,248,231,196,199,233,260,201,153,263,187,177,247,269,227,222,113,30,286,296,176,158,162,46,40,,,100,112,,,233,202,227,28,261,233,235,215,207,192,195,288,265,267,256,210,192,265,250,95,288,159,40,,115,,,234,140,142,131,180,161,197,125,122,61,288,68,180,187,139,178,167,139,165,166,174,145,143,141,207,222,269,126,177,162,222,129,142,112,104,97,137,169,275,288,,,230,223,,,233,152,256,160,235,163,160,130,179,215,134,61,194,200,195,140,184,235,132,169,138,98,163,286,,238,,,b'\x11\xe8\xe1I\xcaVZ\x1a\xaf\x82\x12\xdf\x17\xaeN\x1e'
11E8E149-CA56-5A1A-AF82-12DF17AE4E1E,2017-ncaa-d0-natl,ncaa,217,210,234,222,280,269,250,290,167,216,272,102,254,217,310,145,281,315,33,322,292,306,316,193,174,194,245,219,215,336,328,263,216,322,306,121,12,85,206,91,186,133,61,36,,,135,217,,,220,285,243,268,266,242,278,193,255,243,188,265,308,317,300,311,334,234,321,74,140,150,48,,187,,,221,63,19,42,68,25,67,51,104,78,192,144,301,270,303,270,320,64,66,80,145,155,313,164,341,124,216,142,328,127,306,44,169,225,177,120,61,143,151,227,,,292,195,,,220,66,238,163,221,124,45,63,45,98,135,120,329,310,310,117,103,177,209,213,83,194,95,191,,278,,,b'\x11\xe8\xe1I\xcaVZ\x1a\xaf\x82\x12\xdf\x17\xaeN\x1e'
11E8E149-CA56-5A1A-AF82-12DF17AE4E1E,2017-ncaa-d1-conf-ACC,ncaa,11,11,10,11,12,15,15,15,10,15,15,8,14,8,14,5,14,15,2,15,10,15,15,11,10,12,6,7,6,15,15,13,11,15,13,9,1,9,14,9,9,8,3,2,,,13,14,,,12,15,14,6,14,15,15,15,15,14,7,13,15,15,15,15,15,11,15,8,12,8,2,,13,,,13,5,2,2,4,1,1,3,9,7,9,10,15,15,15,15,15,4,1,4,8,10,15,12,15,8,11,8,15,7,13,4,13,15,13,11,7,12,7,10,,,14,5,,,12,1,13,11,13,8,3,3,2,4,11,8,15,15,15,8,3,8,10,11,7,14,10,7,,12,,,b'\x11\xe8\xe1I\xcaVZ\x1a\xaf\x82\x12\xdf\x17\xaeN\x1e'
11E8E149-CA56-5A1A-AF82-12DF17AE4E1E,2017-ncaa-d1-natl,ncaa,215,210,217,219,288,269,243,292,143,206,276,90,245,204,305,137,284,320,32,324,303,309,321,164,151,174,243,209,240,334,324,262,212,325,291,98,8,86,201,78,174,138,65,35,,,127,203,,,212,299,246,270,254,228,273,179,257,223,180,276,316,320,303,314,332,235,324,54,138,156,49,,175,,,211,60,22,37,65,26,69,48,108,90,187,151,299,274,297,272,319,67,62,74,139,152,311,169,339,125,212,133,324,131,291,42,157,219,177,112,53,125,147,225,,,305,222,,,212,50,221,154,212,115,45,64,46,91,137,122,325,303,304,115,103,178,190,192,70,196,81,188,,299,,,b'\x11\xe8\xe1I\xcaVZ\x1a\xaf\x82\x12\xdf\x17\xaeN\x1e'
11E8E149-CA56-5A1A-AF82-12DF17AE4E1E,2018-ncaa-d0-natl,ncaa,245,263,164,255,224,253,204,220,174,217,240,169,154,161,161,112,348,345,291,345,346,265,268,160,214,243,225,99,344,321,319,245,314,297,329,100,19,181,250,121,102,87,14,7,,,128,122,,,230,218,203,278,279,201,215,229,231,145,145,348,344,347,299,291,326,241,321,78,209,83,9,,149,,,231,98,82,136,58,70,141,48,144,142,163,159,234,215,267,214,232,147,172,66,82,77,265,192,276,305,314,200,319,256,329,131,223,127,115,95,104,172,110,157,,,335,338,,,230,133,273,126,228,116,82,140,76,158,154,156,238,227,226,167,220,316,224,283,142,96,124,122,,340,,,b'\x11\xe8\xe1I\xcaVZ\x1a\xaf\x82\x12\xdf\x17\xaeN\x1e'
11E8E149-CA56-5A1A-AF82-12DF17AE4E1E,2018-ncaa-d1-conf-ACC,ncaa,13,13,11,13,14,14,13,14,8,13,13,9,11,11,9,4,15,15,14,15,15,14,14,10,12,14,9,5,15,14,14,14,15,14,15,12,2,13,14,13,6,5,2,2,,,8,10,,,13,12,10,7,14,13,14,13,12,9,9,15,15,15,14,14,14,14,14,8,14,5,2,,10,,,13,9,4,5,8,2,2,7,12,10,7,12,14,11,15,11,13,5,4,8,11,11,13,11,14,15,15,11,14,13,15,13,14,12,11,12,6,10,7,10,,,15,15,,,13,3,14,13,13,12,8,8,7,5,12,12,15,13,13,10,10,15,12,14,14,10,8,7,,15,,,b'\x11\xe8\xe1I\xcaVZ\x1a\xaf\x82\x12\xdf\x17\xaeN\x1e'
11E8E149-CA56-5A1A-AF82-12DF17AE4E1E,2018-ncaa-d1-natl,ncaa,262,263,213,263,294,287,243,265,188,250,265,178,174,178,163,110,348,347,289,347,346,304,308,169,224,251,217,100,343,330,322,284,317,323,332,120,21,153,256,131,118,97,15,7,,,96,123,,,238,280,208,279,287,222,229,238,233,151,146,348,345,347,301,297,327,253,325,87,210,91,10,,152,,,240,64,50,94,65,48,105,54,127,114,167,160,216,195,272,196,232,99,117,71,92,89,261,188,276,299,317,170,322,237,332,110,225,146,121,104,89,179,101,166,,,344,337,,,238,71,284,140,240,127,92,144,84,162,159,151,241,230,232,172,219,319,231,286,155,106,129,132,,342,,,b'\x11\xe8\xe1I\xcaVZ\x1a\xaf\x82\x12\xdf\x17\xaeN\x1e'
11E8E149-CA56-5A1A-AF82-12DF17AE4E1E,2019-ncaa-d0-natl,ncaa,236,269,114,254,148,251,227,192,267,237,160,304,169,197,114,196,314,250,335,243,262,205,156,248,288,297,189,125,295,146,155,238,343,194,288,122,29,310,301,207,100,111,111,91,,,257,237,,,304,159,219,193,296,270,243,271,188,179,217,328,282,278,267,195,144,286,245,117,281,104,109,,256,,,298,243,221,230,167,138,115,216,308,319,151,323,200,208,163,205,248,240,245,209,203,196,299,302,170,341,343,189,155,302,288,281,297,129,161,226,219,209,348,344,,,288,322,,,304,185,288,270,299,225,209,221,122,65,309,327,195,200,194,229,247,340,168,293,270,133,199,346,,320,,,b'\x11\xe8\xe1I\xcaVZ\x1a\xaf\x82\x12\xdf\x17\xaeN\x1e'
11E8E149-CA56-5A1A-AF82-12DF17AE4E1E,2019-ncaa-d1-conf-ACC,ncaa,14,14,11,14,12,14,14,13,14,15,13,15,9,9,10,7,15,14,15,13,13,14,14,13,15,15,7,4,13,9,11,15,15,15,15,7,1,11,12,11,5,4,13,12,,,11,12,,,15,14,8,8,14,13,11,14,11,8,7,15,12,12,13,9,8,15,15,6,12,4,11,,13,,,15,12,8,4,11,3,1,13,14,12,12,14,13,13,12,13,14,5,7,13,14,13,15,12,11,14,15,12,11,15,15,15,14,8,7,11,11,11,15,15,,,15,15,,,15,2,15,14,15,14,13,7,7,2,15,14,14,13,13,8,11,15,14,15,15,5,11,15,,15,,,b'\x11\xe8\xe1I\xcaVZ\x1a\xaf\x82\x12\xdf\x17\xaeN\x1e'
11E8E149-CA56-5A1A-AF82-12DF17AE4E1E,2019-ncaa-d1-natl,ncaa,252,266,155,262,193,282,264,243,278,275,203,308,182,220,115,195,327,274,335,272,261,255,215,261,293,303,184,125,293,180,163,272,343,244,297,145,29,288,309,213,126,120,123,95,,,229,241,,,314,226,225,180,302,287,251,280,191,179,219,328,281,278,275,206,157,291,252,127,292,113,114,,258,,,313,215,189,198,184,112,79,230,299,312,161,321,179,183,172,181,249,199,197,226,224,212,296,304,171,340,343,158,163,279,297,267,296,167,172,240,201,213,348,344,,,306,323,,,314,119,295,284,315,240,222,224,131,67,314,328,195,208,202,236,248,340,173,299,281,147,209,346,,322,,,b'\x11\xe8\xe1I\xcaVZ\x1a\xaf\x82\x12\xdf\x17\xaeN\x1e'
11E8E149-CA56-5A1A-AF82-12DF17AE4E1E,2020-ncaa-d0-natl,ncaa,322,337,33,327,68,239,226,90,330,209,91,335,206,171,262,210,247,171,320,178,233,98,47,325,331,332,193,175,196,32,100,99,307,42,207,300,305,319,273,324,271,313,64,98,,,257,162,,,332,82,174,211,302,295,158,268,133,233,202,281,209,220,186,105,50,159,70,324,293,295,79,,192,,,328,329,325,334,191,303,300,218,308,324,192,252,217,210,228,207,127,340,313,218,203,293,188,238,105,342,307,306,100,336,207,337,316,277,324,343,256,190,348,341,,,235,310,,,332,263,312,318,329,295,300,315,264,256,288,305,181,161,160,311,255,324,248,306,331,308,221,344,,284,,,b'\x11\xe8\xe1I\xcaVZ\x1a\xaf\x82\x12\xdf\x17\xaeN\x1e'
11E8E149-CA56-5A1A-AF82-12DF17AE4E1E,2020-ncaa-d1-conf-ACC,ncaa,15,15,5,15,7,15,14,8,15,14,9,15,10,8,13,9,13,10,15,11,11,7,4,15,15,15,5,5,9,1,7,6,14,2,13,15,15,14,14,15,13,14,5,8,,,13,13,,,15,6,8,8,15,15,8,14,8,10,9,13,12,12,7,5,1,5,1,15,14,14,6,,13,,,15,14,13,15,8,13,13,8,12,13,6,10,14,14,14,14,9,15,13,8,8,14,11,8,12,14,14,14,7,15,13,15,14,13,15,15,15,14,15,15,,,13,13,,,15,9,15,15,15,14,13,14,11,13,12,13,14,13,13,15,13,13,13,15,15,13,15,14,,13,,,b'\x11\xe8\xe1I\xcaVZ\x1a\xaf\x82\x12\xdf\x17\xaeN\x1e'
11E8E149-CA56-5A1A-AF82-12DF17AE4E1E,2020-ncaa-d1-natl,ncaa,325,337,45,331,93,268,259,122,337,244,115,338,220,185,265,208,264,196,321,205,233,134,77,332,333,334,186,177,191,43,106,127,313,59,220,320,309,315,280,328,289,317,72,101,,,237,167,,,335,117,176,198,311,306,168,277,138,236,204,283,211,221,196,112,54,163,76,329,293,299,82,,201,,,333,319,316,328,202,292,286,232,307,319,198,251,205,189,234,186,127,330,293,225,219,298,185,237,106,338,313,288,106,329,220,337,316,295,324,344,244,196,347,342,,,256,304,,,335,229,317,326,334,300,302,318,274,258,293,306,186,169,170,314,256,327,257,310,334,312,220,345,,283,,,b'\x11\xe8\xe1I\xcaVZ\x1a\xaf\x82\x12\xdf\x17\xaeN\x1e'
11E8E149-CA56-5A1A-AF82-12DF17AE4E1E,2021-ncaa-d0-natl,ncaa,265,250,248,283,260,228,224,210,242,225,212,252,185,192,178,163,241,223,291,226,216,214,218,235,251,252,160,139,230,72,24,244,304,185,118,208,154,165,229,220,251,257,71,48,,,200,305,,,259,244,83,121,145,134,54,155,102,125,115,219,158,166,58,18,12,148,29,138,281,225,39,,321,,,261,132,110,121,108,91,116,60,217,164,303,206,242,229,282,229,300,135,111,147,202,247,325,272,309,216,304,90,24,119,118,180,305,264,269,285,145,183,82,80,,,263,309,,,259,99,201,289,260,293,206,269,124,216,306,274,336,320,320,318,308,319,181,284,281,233,246,109,,239,,,b'\x11\xe8\xe1I\xcaVZ\x1a\xaf\x82\x12\xdf\x17\xaeN\x1e'
11E8E149-CA56-5A1A-AF82-12DF17AE4E1E,2021-ncaa-d1-conf-ACC,ncaa,12,14,11,13,11,12,12,10,13,11,11,13,11,10,11,7,12,10,13,10,7,10,9,13,13,13,6,7,8,3,2,12,13,9,6,11,8,12,13,12,11,8,3,2,,,12,13,,,14,11,5,4,13,13,4,11,6,9,7,10,5,6,3,2,1,10,3,9,12,5,2,,14,,,12,7,3,4,8,3,5,2,11,7,14,11,14,14,11,14,14,6,5,9,11,13,15,12,14,10,13,7,2,7,6,10,15,12,9,14,11,11,6,6,,,12,14,,,14,5,13,13,12,14,8,10,3,9,13,11,14,14,14,15,14,13,11,14,15,8,12,6,,12,,,b'\x11\xe8\xe1I\xcaVZ\x1a\xaf\x82\x12\xdf\x17\xaeN\x1e'
11E8E149-CA56-5A1A-AF82-12DF17AE4E1E,2021-ncaa-d1-natl,ncaa,277,250,259,288,265,238,238,224,247,245,233,262,188,196,178,163,257,233,289,237,219,229,235,240,258,258,155,134,226,81,28,251,305,208,124,220,155,154,231,226,261,260,79,50,,,186,306,,,267,253,84,118,151,144,58,164,107,128,119,222,161,170,63,19,14,160,31,145,284,231,39,,322,,,270,126,103,109,121,85,108,64,209,150,305,204,237,223,285,224,301,120,100,153,209,259,326,270,309,206,305,83,28,109,124,164,305,274,273,292,136,190,73,83,,,273,308,,,267,89,204,295,268,298,216,271,129,220,307,274,336,319,321,317,306,322,187,291,287,241,249,112,,239,,,b'\x11\xe8\xe1I\xcaVZ\x1a\xaf\x82\x12\xdf\x17\xaeN\x1e'
11E8E149-CA56-5A1A-AF82-12DF17AE4E1E,2022-ncaa-d0-natl,ncaa,233,266,112,253,123,173,159,103,291,117,47,325,271,269,234,320,134,65,332,64,189,96,63,309,320,315,281,286,105,16,26,59,177,31,64,209,252,322,257,299,214,262,20,17,,,284,215,,,236,98,82,75,219,198,75,119,29,286,296,144,71,68,57,22,12,38,9,245,313,235,17,,258,,,233,233,181,284,39,129,243,30,290,300,172,247,290,288,182,289,241,291,266,53,69,115,317,282,270,305,177,242,26,285,64,238,268,191,277,240,156,74,317,235,,,182,322,,,236,261,269,141,234,198,148,294,96,213,282,299,268,276,274,307,295,286,229,265,212,229,139,321,,220,,,b'\x11\xe8\xe1I\xcaVZ\x1a\xaf\x82\x12\xdf\x17\xaeN\x1e'
11E8E149-CA56-5A1A-AF82-12DF17AE4E1E,2022-ncaa-d1-conf-ACC,ncaa,14,15,10,15,10,14,14,7,14,11,2,15,14,13,13,14,12,11,15,11,13,9,5,14,15,14,14,13,9,1,3,7,11,2,6,13,10,14,13,14,10,12,1,2,,,13,13,,,13,11,5,4,14,13,5,8,1,14,13,13,8,8,5,2,1,6,1,12,13,11,1,,14,,,13,12,5,6,7,5,5,5,12,10,13,9,15,15,11,15,13,11,8,7,9,11,15,11,13,14,11,8,3,13,6,10,14,10,12,11,11,8,12,10,,,14,15,,,13,5,14,10,13,13,9,12,7,11,13,10,14,14,14,14,13,14,13,14,13,9,11,14,,15,,,b'\x11\xe8\xe1I\xcaVZ\x1a\xaf\x82\x12\xdf\x17\xaeN\x1e'
11E8E149-CA56-5A1A-AF82-12DF17AE4E1E,2022-ncaa-d1-natl,ncaa,247,266,146,260,165,211,201,128,304,147,58,332,283,282,239,320,154,78,335,76,188,116,84,318,323,321,279,285,100,21,29,72,181,35,74,245,260,316,271,311,247,278,23,17,,,269,221,,,253,130,86,74,233,224,88,131,31,288,298,147,70,69,66,24,14,42,9,257,315,249,18,,268,,,253,200,161,269,44,106,217,32,283,289,189,243,275,275,197,276,243,277,245,64,82,135,313,279,270,291,181,223,29,262,74,224,269,237,284,257,137,77,316,246,,,217,317,,,253,227,278,152,251,208,160,296,107,215,285,300,273,280,279,310,292,291,236,267,224,236,144,321,,218,,,b'\x11\xe8\xe1I\xcaVZ\x1a\xaf\x82\x12\xdf\x17\xaeN\x1e'
11E8E149-CA56-5A1A-AF82-12DF17AE4E1E,2023-ncaa-d0-natl,ncaa,266,284,164,278,175,197,180,135,235,190,143,260,158,172,137,168,271,280,190,271,310,158,166,223,238,228,180,130,290,144,186,194,329,176,275,186,204,171,180,186,135,141,81,53,,,108,78,,,266,177,186,58,207,179,96,194,135,153,160,279,288,278,136,140,141,193,166,185,196,120,66,,121,,,261,243,233,245,163,98,100,170,343,332,267,347,135,105,293,95,147,219,217,234,219,236,333,352,81,338,329,243,186,302,275,334,343,182,198,310,240,238,313,314,,,305,343,,,266,174,227,295,269,273,257,296,120,90,355,350,150,110,105,278,277,339,262,319,339,166,247,321,,327,,,b'\x11\xe8\xe1I\xcaVZ\x1a\xaf\x82\x12\xdf\x17\xaeN\x1e'
11E8E149-CA56-5A1A-AF82-12DF17AE4E1E,2023-ncaa-d1-conf-ACC,ncaa,15,15,11,15,11,15,15,13,15,14,13,15,8,8,8,5,15,15,9,15,15,13,13,15,15,15,4,3,9,11,12,14,15,15,15,15,13,8,11,15,9,8,9,5,,,4,4,,,15,13,8,1,13,13,7,14,9,7,7,12,15,15,10,8,11,13,14,14,13,5,8,,4,,,15,14,13,5,13,6,3,14,15,14,14,15,7,5,13,5,9,5,5,15,15,15,13,15,3,13,15,13,12,15,15,15,15,10,8,15,12,13,13,13,,,15,15,,,15,3,15,15,15,15,14,11,8,4,15,15,10,7,7,11,11,13,15,15,15,8,13,13,,15,,,b'\x11\xe8\xe1I\xcaVZ\x1a\xaf\x82\x12\xdf\x17\xaeN\x1e'
11E8E149-CA56-5A1A-AF82-12DF17AE4E1E,2023-ncaa-d1-natl,ncaa,288,284,219,291,230,238,221,179,249,224,183,272,177,192,135,168,293,303,188,296,313,211,228,230,245,241,178,131,286,173,194,235,334,227,287,219,211,144,184,201,168,155,90,55,,,83,79,,,289,243,191,50,224,202,106,202,142,156,162,287,290,278,150,147,152,203,188,200,196,140,69,,121,,,287,211,209,211,176,76,66,188,335,326,279,347,118,88,301,80,156,181,164,245,234,260,334,352,82,330,334,208,194,282,287,328,343,211,207,321,218,245,308,320,,,329,343,,,289,109,239,310,290,285,268,299,126,93,355,351,160,110,106,278,275,343,266,323,342,180,254,323,,328,,,b'\x11\xe8\xe1I\xcaVZ\x1a\xaf\x82\x12\xdf\x17\xaeN\x1e'
11E8E149-CA56-5A1A-AF82-12DF17AE4E1E,2024-ncaa-d0-natl,ncaa,297,331,94,308,103,188,162,137,212,105,75,206,288,273,290,295,206,206,221,204,302,147,116,252,255,271,316,301,195,89,97,114,162,101,118,128,97,314,276,225,238,278,57,34,,,206,150,,,301,123,191,115,243,199,200,117,87,310,298,244,239,241,219,153,110,135,112,140,286,278,55,,153,,,295,300,273,269,213,136,156,173,355,339,344,340,210,171,326,174,194,260,237,275,274,315,347,351,121,217,162,194,97,214,118,340,343,220,271,341,342,327,292,232,,,180,264,,,301,235,257,305,294,268,245,243,86,79,354,342,174,148,151,234,185,189,140,147,329,272,330,291,,241,,,b'\x11\xe8\xe1I\xcaVZ\x1a\xaf\x82\x12\xdf\x17\xaeN\x1e'
11E8E149-CA56-5A1A-AF82-12DF17AE4E1E,2024-ncaa-d1-conf-ACC,ncaa,15,14,11,15,13,15,15,15,15,14,12,15,15,14,15,10,14,13,11,13,13,15,15,15,15,15,14,13,11,12,10,11,8,14,11,14,6,15,15,15,14,12,10,5,,,6,8,,,15,15,11,9,15,15,15,14,10,15,14,12,11,11,15,11,11,9,12,14,15,13,8,,7,,,15,10,7,4,11,4,1,10,15,14,14,15,9,8,13,8,13,4,1,11,13,14,14,14,7,6,8,7,10,5,11,13,15,14,11,15,15,15,7,11,,,13,13,,,15,1,15,14,15,12,10,8,4,2,15,15,12,9,9,9,5,8,7,6,14,13,15,10,,13,,,b'\x11\xe8\xe1I\xcaVZ\x1a\xaf\x82\x12\xdf\x17\xaeN\x1e'
11E8E149-CA56-5A1A-AF82-12DF17AE4E1E,2024-ncaa-d1-natl,ncaa,309,333,130,321,144,230,202,174,225,136,99,223,304,295,300,298,230,231,221,231,306,187,148,266,270,286,320,302,197,119,114,142,175,133,134,152,104,301,286,232,274,292,62,35,,,172,158,,,313,168,200,112,261,224,214,134,96,313,304,250,242,244,227,160,121,146,125,155,287,288,57,,157,,,309,286,263,242,230,112,107,193,354,335,348,341,187,158,330,158,200,236,195,284,286,328,350,355,122,198,175,162,114,178,134,339,345,260,286,347,340,333,285,243,,,215,259,,,313,192,271,320,307,282,262,247,101,77,356,346,180,150,152,242,181,195,145,162,335,284,332,296,,246,,,b'\x11\xe8\xe1I\xcaVZ\x1a\xaf\x82\x12\xdf\x17\xaeN\x1e'
11E8E149-CA56-5A1A-AF82-12DF17AE4E1E,2025-ncaa-d0-natl,genius_ncaa,203,249,90,228,116,165,194,139,272,209,116,320,178,198,119,229,68,73,162,75,110,128,99,260,238,252,95,179,52,183,264,71,127,104,206,156,88,305,237,214,119,140,64,32,,,177,106,,227,239,89,78,269,218,260,201,258,153,200,227,71,88,94,167,126,217,75,136,176,258,134,63,,128,,206,227,273,247,284,124,116,131,148,350,351,243,356,153,110,325,108,154,269,262,205,193,195,338,352,84,208,127,315,264,297,206,323,327,130,180,252,319,272,327,301,,,82,93,,113,239,266,265,187,231,221,203,268,68,62,348,359,125,86,86,232,240,182,302,266,301,160,293,320,,88,,128,b'\x11\xe8\xe1I\xcaVZ\x1a\xaf\x82\x12\xdf\x17\xaeN\x1e'
11E8E149-CA56-5A1A-AF82-12DF17AE4E1E,2025-ncaa-d1-conf-ACC,genius_ncaa,15,15,11,15,14,16,18,16,18,18,14,18,17,17,15,12,3,3,6,3,1,16,12,18,17,17,1,12,1,16,18,8,13,13,16,16,2,16,17,18,10,9,8,5,,,8,8,,6,18,12,6,14,18,18,17,18,13,18,17,3,2,2,15,11,15,5,13,17,15,9,7,,10,,5,16,9,5,7,5,1,4,7,18,18,9,18,12,9,17,9,14,9,8,7,8,10,18,18,10,13,13,15,18,13,16,12,17,12,10,13,18,18,17,18,,,6,2,,7,18,6,18,9,16,10,7,10,3,2,18,18,14,11,11,15,14,15,16,15,11,10,18,18,,3,,7,b'\x11\xe8\xe1I\xcaVZ\x1a\xaf\x82\x12\xdf\x17\xaeN\x1e'
11E8E149-CA56-5A1A-AF82-12DF17AE4E1E,2025-ncaa-d1-natl,genius_ncaa,222,249,113,244,154,193,232,173,286,242,143,326,195,223,126,233,76,85,159,87,104,160,128,273,248,260,95,178,44,216,272,88,129,136,220,176,94,286,244,230,135,154,67,32,,,154,108,,217,261,111,85,269,233,275,224,275,159,204,232,76,88,93,180,137,226,79,151,190,260,145,64,,132,,213,257,251,224,264,133,87,99,161,348,348,251,356,142,96,330,95,157,249,239,214,205,214,340,353,83,195,129,298,272,279,220,319,326,162,190,271,302,281,321,309,,,97,82,,120,261,242,280,203,259,233,221,268,74,63,349,359,131,89,89,238,237,180,309,270,308,170,297,323,,87,,127,b'\x11\xe8\xe1I\xcaVZ\x1a\xaf\x82\x12\xdf\x17\xaeN\x1e'
11E8E149-CA56-5A1A-AF82-12DF17AE4E1E,2026-ncaa-d0-natl,genius_ncaa,87,152,49,136,73,136,106,78,200,89,37,243,186,203,163,290,237,243,181,246,355,94,89,224,248,217,333,249,319,54,87,39,85,43,68,100,139,250,147,138,190,253,146,172,,,72,10,,153,155,109,301,97,234,166,121,119,51,254,290,318,325,329,174,207,78,42,36,139,140,273,209,,6,,111,162,226,245,311,44,147,218,63,346,352,143,353,43,32,241,35,15,279,253,81,52,110,306,358,16,243,85,278,87,267,68,347,363,211,301,339,263,191,229,106,,,260,356,,337,155,248,195,116,165,86,110,256,42,64,320,348,11,9,8,158,64,146,157,147,311,317,171,156,,356,,351,b'\x11\xe8\xe1I\xcaVZ\x1a\xaf\x82\x12\xdf\x17\xaeN\x1e'
11E8E149-CA56-5A1A-AF82-12DF17AE4E1E,2026-ncaa-d1-natl,genius_ncaa,110,195,13,183,35,139,97,53,214,73,25,265,213,219,187,294,261,268,178,271,357,68,59,249,273,244,343,258,322,49,122,23,98,22,89,93,155,270,177,165,244,316,188,231,,,49,8,,125,202,78,303,100,262,199,152,132,62,276,302,336,338,338,216,235,115,51,44,174,160,327,257,,5,,85,205,275,303,339,76,189,244,88,352,358,202,353,41,32,214,30,13,317,281,131,89,178,301,358,11,264,98,302,122,297,89,356,363,251,329,354,277,199,292,166,,,281,360,,321,202,278,234,182,209,117,174,274,62,78,337,350,6,7,7,182,59,151,174,161,339,342,171,223,,360,,340,b'\x11\xe8\xe1I\xcaVZ\x1a\xaf\x82\x12\xdf\x17\xaeN\x1e'
11E8E149-CA5A-96F2-AF82-12DF17AE4E1E,2010-ncaa-d0-natl,ncaa,108,101,122,113,140,89,77,95,77,96,121,91,91,110,86,128,183,266,7,265,313,122,140,79,68,70,183,112,278,214,239,99,107,145,158,46,49,123,95,35,137,163,86,110,,,27,10,,,137,117,95,124,64,55,67,85,131,83,103,203,294,293,112,147,235,70,142,22,123,147,85,,23,,,137,281,313,291,215,277,263,212,303,279,262,266,41,36,220,38,16,263,228,241,195,253,143,279,15,187,107,190,239,188,158,227,69,233,288,264,199,179,182,164,,,268,323,,,137,227,89,239,139,275,316,326,270,274,302,288,39,36,37,283,243,173,186,189,217,252,191,184,,302,,,b'\x11\xe8\xe1I\xcaZ\x96\xf2\xaf\x82\x12\xdf\x17\xaeN\x1e'
11E8E149-CA5A-96F2-AF82-12DF17AE4E1E,2010-ncaa-d1-conf-WCC,ncaa,4,4,5,4,6,5,5,5,3,5,7,2,3,2,4,2,4,4,4,4,2,5,6,2,3,3,3,3,5,8,8,4,6,7,5,2,1,5,4,2,3,3,4,5,,,2,3,,,5,5,3,3,3,2,3,4,5,2,2,4,4,4,3,4,8,4,6,2,5,3,4,,4,,,5,5,5,5,6,6,5,6,5,6,6,6,3,4,2,4,4,5,4,6,4,5,2,6,3,5,6,4,8,4,5,5,2,4,5,4,6,6,3,4,,,7,5,,,5,4,3,5,5,7,8,7,8,6,6,7,4,5,5,6,7,7,6,6,7,4,6,3,,5,,,b'\x11\xe8\xe1I\xcaZ\x96\xf2\xaf\x82\x12\xdf\x17\xaeN\x1e'
11E8E149-CA5A-96F2-AF82-12DF17AE4E1E,2010-ncaa-d1-natl,ncaa,114,100,134,113,155,99,81,105,81,102,131,95,94,113,85,128,189,278,7,276,316,136,153,80,74,73,182,112,275,233,242,108,114,161,160,48,50,107,100,35,149,172,91,112,,,22,11,,,146,129,98,125,66,57,69,87,136,84,104,201,293,293,115,151,238,76,146,24,123,156,87,,22,,,147,273,308,285,221,270,258,220,299,272,266,266,36,33,221,35,16,252,210,246,199,265,139,280,15,167,114,172,242,179,160,220,70,246,292,273,187,180,177,169,,,285,322,,,146,214,92,247,146,282,316,326,274,278,303,288,40,37,38,283,242,176,189,193,223,258,194,183,,304,,,b'\x11\xe8\xe1I\xcaZ\x96\xf2\xaf\x82\x12\xdf\x17\xaeN\x1e'
11E8E149-CA5A-96F2-AF82-12DF17AE4E1E,2011-ncaa-d0-natl,ncaa,153,154,119,161,129,80,75,74,118,126,158,119,26,32,66,47,174,218,82,216,239,87,89,82,93,87,82,44,293,125,164,130,212,123,193,59,74,195,130,68,40,39,99,128,,,211,133,,,150,78,58,63,53,52,39,146,182,20,23,195,243,243,59,72,141,142,120,37,192,30,98,,196,,,150,295,299,274,249,301,276,268,183,195,165,145,241,223,229,219,166,274,267,234,241,233,100,121,172,242,212,227,164,250,193,263,151,117,176,195,201,165,176,164,,,229,323,,,150,268,98,238,148,290,297,269,299,281,174,185,236,229,225,278,293,235,215,232,250,122,190,171,,268,,,b'\x11\xe8\xe1I\xcaZ\x96\xf2\xaf\x82\x12\xdf\x17\xaeN\x1e'
11E8E149-CA5A-96F2-AF82-12DF17AE4E1E,2011-ncaa-d1-conf-WCC,ncaa,4,4,2,4,2,2,3,2,5,5,6,5,1,1,4,1,5,7,3,7,4,2,3,4,4,3,2,1,7,4,5,4,4,4,4,2,1,5,5,2,3,4,2,3,,,7,4,,,6,2,4,2,2,3,3,5,7,1,1,7,7,7,3,2,5,3,3,2,5,4,2,,5,,,6,8,8,7,6,7,6,6,5,5,3,2,6,8,3,7,5,7,8,4,4,4,4,3,6,5,4,6,5,7,4,7,6,3,5,5,3,4,4,4,,,6,7,,,6,7,2,5,5,7,8,6,7,6,4,6,6,6,6,6,8,5,5,6,7,4,3,4,,6,,,b'\x11\xe8\xe1I\xcaZ\x96\xf2\xaf\x82\x12\xdf\x17\xaeN\x1e'
11E8E149-CA5A-96F2-AF82-12DF17AE4E1E,2011-ncaa-d1-natl,ncaa,159,152,132,164,142,90,87,85,121,145,171,124,31,39,70,48,192,233,80,233,238,101,104,83,92,93,81,45,291,143,170,154,215,143,198,62,75,173,134,70,43,41,106,128,,,195,135,,,158,94,59,62,55,55,42,151,182,20,24,196,245,244,61,71,144,148,126,39,192,32,98,,199,,,157,288,295,259,256,300,267,272,173,180,166,146,229,212,228,208,165,260,257,240,248,238,98,119,172,227,215,210,170,235,198,254,152,136,183,202,181,167,162,168,,,254,321,,,158,253,99,244,156,295,301,270,304,283,176,183,239,231,226,281,292,240,217,236,257,125,195,177,,271,,,b'\x11\xe8\xe1I\xcaZ\x96\xf2\xaf\x82\x12\xdf\x17\xaeN\x1e'
11E8E149-CA5A-96F2-AF82-12DF17AE4E1E,2012-ncaa-d0-natl,ncaa,221,260,81,244,100,104,123,121,144,192,218,162,37,50,49,63,114,134,104,129,81,121,104,88,92,128,36,43,172,126,105,233,318,183,237,126,153,272,232,202,49,68,223,228,,,254,194,,,250,97,166,188,127,157,186,247,276,37,64,154,182,172,187,166,157,300,258,156,231,62,242,,222,,,239,321,313,272,282,210,130,282,340,332,321,325,229,221,219,226,251,266,266,314,312,305,322,328,98,308,318,131,105,230,237,330,311,125,177,287,221,179,218,240,,,173,251,,,250,244,122,318,239,292,278,223,172,62,336,329,199,184,187,225,222,287,77,167,320,154,179,183,,235,,,b'\x11\xe8\xe1I\xcaZ\x96\xf2\xaf\x82\x12\xdf\x17\xaeN\x1e'
11E8E149-CA5A-96F2-AF82-12DF17AE4E1E,2012-ncaa-d1-conf-WCC,ncaa,6,7,1,7,1,4,4,4,5,6,7,6,3,3,2,4,5,4,6,4,2,4,2,3,4,5,2,2,5,4,4,6,9,5,6,3,4,8,8,5,3,3,5,4,,,9,8,,,6,2,3,1,4,4,5,6,8,3,4,5,4,4,5,2,4,8,5,4,8,3,5,,9,,,6,9,7,8,6,5,3,6,9,9,9,8,9,9,5,9,8,9,9,6,7,7,9,8,5,9,9,4,4,6,6,9,8,3,5,7,7,7,7,7,,,4,7,,,6,8,5,8,6,8,7,8,5,3,9,9,8,8,8,8,9,9,4,6,9,4,7,6,,4,,,b'\x11\xe8\xe1I\xcaZ\x96\xf2\xaf\x82\x12\xdf\x17\xaeN\x1e'
11E8E149-CA5A-96F2-AF82-12DF17AE4E1E,2012-ncaa-d1-natl,ncaa,234,260,90,255,112,124,144,145,151,216,245,174,42,61,50,62,125,150,103,143,80,142,116,95,93,134,37,42,169,137,110,260,319,211,246,143,159,260,232,210,58,71,237,231,,,245,197,,,257,119,170,178,133,168,192,257,282,38,63,153,186,174,194,176,162,301,264,167,232,65,245,,224,,,248,316,306,258,287,205,113,289,340,329,326,324,212,208,222,211,250,256,249,316,317,310,320,326,99,300,319,112,110,207,246,329,311,141,186,290,207,181,207,245,,,189,252,,,257,221,129,323,249,296,280,225,180,61,335,328,203,188,194,229,219,289,78,173,322,162,183,184,,236,,,b'\x11\xe8\xe1I\xcaZ\x96\xf2\xaf\x82\x12\xdf\x17\xaeN\x1e'
11E8E149-CA5A-96F2-AF82-12DF17AE4E1E,2013-ncaa-d0-natl,ncaa,235,265,120,258,173,179,185,153,227,219,233,203,96,69,189,72,199,186,233,176,122,160,137,197,210,233,86,81,203,205,243,158,162,170,233,155,119,261,244,205,50,50,143,135,,,203,166,,,236,122,89,267,207,211,169,242,263,97,76,222,208,201,177,158,220,169,199,163,251,46,154,,197,,,235,245,234,224,208,182,157,211,293,281,233,278,172,160,201,157,177,221,227,233,237,215,266,283,138,191,162,273,243,249,233,242,221,123,132,187,269,245,195,229,,,229,281,,,236,226,243,198,233,234,228,216,165,126,292,279,170,159,154,207,218,170,260,242,241,129,251,194,,250,,,b'\x11\xe8\xe1I\xcaZ\x96\xf2\xaf\x82\x12\xdf\x17\xaeN\x1e'
11E8E149-CA5A-96F2-AF82-12DF17AE4E1E,2013-ncaa-d1-conf-WCC,ncaa,6,7,3,7,5,6,6,4,8,7,7,7,3,2,7,2,3,4,2,4,3,5,5,6,6,6,1,2,4,5,7,5,5,6,7,5,5,6,5,5,2,2,6,6,,,8,8,,,6,3,2,5,6,5,4,7,7,3,2,3,4,4,4,4,5,5,6,6,7,2,6,,8,,,6,8,6,6,7,8,4,9,5,6,4,7,8,8,6,7,7,6,6,6,8,7,6,5,6,2,5,7,7,6,7,6,5,4,4,4,5,5,7,9,,,7,6,,,6,8,6,5,6,7,6,4,6,4,5,6,8,8,8,5,6,2,7,6,6,4,6,6,,7,,,b'\x11\xe8\xe1I\xcaZ\x96\xf2\xaf\x82\x12\xdf\x17\xaeN\x1e'
11E8E149-CA5A-96F2-AF82-12DF17AE4E1E,2013-ncaa-d1-natl,ncaa,248,265,136,262,200,199,205,175,235,238,252,208,101,75,191,71,210,199,231,191,122,185,156,204,218,235,83,81,201,224,248,176,167,192,239,168,122,250,247,211,55,52,151,141,,,189,171,,,244,144,91,267,213,219,176,248,265,95,76,223,208,202,187,161,226,175,205,169,251,46,157,,200,,,243,232,223,212,214,165,129,214,290,275,236,277,164,150,199,147,179,205,206,241,239,224,265,279,138,178,167,260,248,232,239,231,221,133,138,195,257,244,187,231,,,241,279,,,244,204,246,208,242,239,235,217,168,125,292,278,175,160,159,211,217,173,263,247,243,133,252,195,,247,,,b'\x11\xe8\xe1I\xcaZ\x96\xf2\xaf\x82\x12\xdf\x17\xaeN\x1e'
11E8E149-CA5A-96F2-AF82-12DF17AE4E1E,2014-ncaa-d0-natl,ncaa,180,173,180,184,239,178,196,213,172,241,259,162,97,105,117,91,169,185,101,185,97,213,226,128,117,120,70,85,157,260,268,192,250,237,256,175,127,116,151,138,117,111,79,71,,,150,160,,,162,199,122,270,152,187,187,238,259,85,90,143,179,180,193,207,258,151,213,149,138,97,72,,186,,,162,154,108,175,83,88,126,101,203,245,98,243,247,208,309,205,251,191,183,94,128,147,290,216,274,250,250,190,268,218,256,177,242,180,205,195,172,212,255,306,,,205,155,,,162,156,153,179,148,202,142,235,121,161,219,277,271,241,239,257,246,279,230,264,200,172,205,272,,187,,,b'\x11\xe8\xe1I\xcaZ\x96\xf2\xaf\x82\x12\xdf\x17\xaeN\x1e'
11E8E149-CA5A-96F2-AF82-12DF17AE4E1E,2014-ncaa-d1-conf-WCC,ncaa,6,6,7,6,10,9,9,9,8,10,10,6,2,2,2,1,10,10,5,10,5,9,10,4,6,6,1,1,9,10,9,8,7,10,9,5,2,5,8,5,4,4,4,4,,,1,2,,,6,10,7,10,9,9,8,10,10,2,2,9,10,10,9,10,10,5,10,5,7,4,4,,4,,,6,3,3,4,4,4,1,4,5,6,1,9,3,2,8,1,5,3,2,4,4,4,7,6,5,8,7,7,9,7,9,5,10,4,4,6,7,8,3,8,,,10,6,,,6,2,8,4,6,4,4,4,4,2,5,9,4,3,3,4,5,8,8,8,8,4,8,4,,9,,,b'\x11\xe8\xe1I\xcaZ\x96\xf2\xaf\x82\x12\xdf\x17\xaeN\x1e'
11E8E149-CA5A-96F2-AF82-12DF17AE4E1E,2014-ncaa-d1-natl,ncaa,191,171,211,193,288,197,219,241,175,261,278,164,103,116,115,92,189,209,104,207,102,240,258,135,120,124,70,85,155,277,274,214,260,257,266,193,131,98,150,145,137,122,86,72,,,134,159,,,176,234,125,273,158,193,189,239,262,87,91,151,185,181,202,210,260,156,224,156,138,104,74,,189,,,177,128,90,154,88,70,105,107,194,234,98,243,236,195,311,192,249,167,149,104,133,157,288,215,272,229,260,171,274,192,266,162,242,204,214,203,162,215,248,306,,,229,154,,,176,122,161,187,166,206,149,236,126,163,224,277,274,243,242,258,242,284,232,267,207,182,206,275,,192,,,b'\x11\xe8\xe1I\xcaZ\x96\xf2\xaf\x82\x12\xdf\x17\xaeN\x1e'
11E8E149-CA5A-96F2-AF82-12DF17AE4E1E,2015-ncaa-d0-natl,ncaa,331,338,172,334,229,179,216,271,112,253,263,189,113,173,15,130,151,230,16,230,137,263,252,86,69,112,60,87,128,321,310,215,199,289,269,235,227,206,276,248,287,299,177,174,,,261,301,,,303,205,182,283,168,219,293,266,279,99,161,133,237,234,292,270,323,202,305,237,226,287,181,,285,,,301,312,291,200,314,222,134,289,330,278,346,269,253,253,176,255,273,222,138,340,335,347,306,303,159,164,199,122,310,124,269,319,292,323,330,345,204,255,286,330,,,246,192,,,303,134,168,345,305,330,313,257,256,147,335,290,270,275,279,285,146,181,135,158,329,330,220,304,,247,,,b'\x11\xe8\xe1I\xcaZ\x96\xf2\xaf\x82\x12\xdf\x17\xaeN\x1e'
11E8E149-CA5A-96F2-AF82-12DF17AE4E1E,2015-ncaa-d1-conf-WCC,ncaa,10,10,7,10,10,8,9,9,4,10,10,6,4,5,1,3,7,10,1,10,6,10,10,4,4,5,2,2,6,10,8,7,4,9,7,9,9,5,9,9,10,10,9,7,,,8,8,,,9,9,4,9,5,9,9,10,9,3,5,6,10,10,10,9,9,7,9,9,8,10,6,,8,,,9,8,8,6,10,6,3,9,8,8,10,8,3,7,1,7,8,5,2,10,9,10,7,8,3,2,4,4,8,3,7,9,7,10,10,10,8,9,5,9,,,10,9,,,9,2,7,10,10,10,10,7,8,5,9,8,6,7,7,8,4,2,5,5,9,10,9,6,,10,,,b'\x11\xe8\xe1I\xcaZ\x96\xf2\xaf\x82\x12\xdf\x17\xaeN\x1e'
11E8E149-CA5A-96F2-AF82-12DF17AE4E1E,2015-ncaa-d1-natl,ncaa,336,338,209,339,275,212,245,306,119,284,300,194,125,185,15,129,171,251,16,251,135,298,292,92,74,116,59,86,114,330,313,246,210,315,280,261,235,186,280,258,303,308,192,175,,,249,299,,,308,246,190,285,181,228,298,272,286,101,161,133,240,238,297,274,326,211,310,245,232,290,183,,290,,,307,305,279,170,323,206,113,296,325,263,346,267,245,243,176,244,273,191,89,341,337,347,304,303,163,147,210,94,313,97,280,313,292,337,331,345,188,257,280,332,,,272,187,,,308,91,183,346,315,331,315,256,262,146,336,288,276,278,279,286,145,187,139,159,330,330,220,309,,251,,,b'\x11\xe8\xe1I\xcaZ\x96\xf2\xaf\x82\x12\xdf\x17\xaeN\x1e'
11E8E149-CA5A-96F2-AF82-12DF17AE4E1E,2016-ncaa-d0-natl,ncaa,346,344,240,347,277,289,293,302,233,305,303,255,165,190,104,114,287,310,82,308,236,314,294,201,193,251,109,96,218,345,346,321,334,343,347,299,248,260,323,315,340,342,222,224,,,137,183,,,347,245,148,280,289,282,301,290,277,149,161,272,300,301,314,271,343,325,346,290,296,339,199,,203,,,347,329,312,189,344,282,164,326,316,206,349,202,293,262,312,250,252,203,121,348,348,349,264,252,190,256,334,157,346,197,347,324,276,336,337,345,324,342,110,213,,,312,272,,,347,90,308,349,347,342,340,292,312,242,336,261,308,298,294,305,230,298,240,281,336,332,332,140,,303,,,b'\x11\xe8\xe1I\xcaZ\x96\xf2\xaf\x82\x12\xdf\x17\xaeN\x1e'
11E8E149-CA5A-96F2-AF82-12DF17AE4E1E,2016-ncaa-d1-conf-WCC,ncaa,10,10,7,10,10,10,10,10,8,10,10,9,6,6,6,3,10,10,4,10,10,10,10,6,8,10,5,3,10,10,10,9,10,10,10,10,8,8,10,10,10,10,3,3,,,3,3,,,10,8,8,7,10,10,10,10,10,5,6,10,10,10,10,10,10,9,10,9,10,10,3,,3,,,10,9,10,5,10,8,3,10,10,7,10,8,5,5,5,5,4,5,3,10,10,10,6,9,2,9,10,5,10,6,10,9,7,10,9,10,9,10,3,6,,,10,10,,,10,3,10,10,10,10,10,8,10,6,10,9,5,5,5,8,6,9,7,8,10,9,10,3,,10,,,b'\x11\xe8\xe1I\xcaZ\x96\xf2\xaf\x82\x12\xdf\x17\xaeN\x1e'
11E8E149-CA5A-96F2-AF82-12DF17AE4E1E,2016-ncaa-d1-natl,ncaa,342,344,218,345,286,282,281,305,221,298,294,249,158,187,94,117,292,307,110,307,245,316,290,186,195,252,111,95,234,343,342,324,326,345,347,300,269,272,326,320,342,344,210,212,,,166,199,,,347,228,150,282,284,276,300,294,274,147,164,282,302,303,314,264,342,324,345,294,301,340,190,,217,,,347,333,317,200,343,286,159,330,322,232,346,221,301,274,319,266,266,213,129,348,348,349,270,253,195,249,326,167,342,211,347,327,276,336,335,346,327,341,94,187,,,316,276,,,347,102,308,349,347,342,335,281,310,218,335,272,311,297,295,300,215,291,231,271,337,331,334,124,,305,,,b'\x11\xe8\xe1I\xcaZ\x96\xf2\xaf\x82\x12\xdf\x17\xaeN\x1e'
11E8E149-CA5A-96F2-AF82-12DF17AE4E1E,2017-ncaa-d0-natl,ncaa,323,323,234,324,263,292,294,248,316,270,200,315,251,237,270,203,208,257,82,248,250,252,253,315,306,296,175,201,88,265,288,297,221,307,300,262,152,154,221,245,183,140,291,277,,,266,338,,,323,249,171,178,296,297,208,259,157,236,210,185,240,234,220,211,253,292,299,251,218,142,287,,319,,,323,231,151,64,299,114,51,276,254,185,327,231,326,309,319,306,341,110,78,317,335,332,323,244,320,75,221,219,288,172,300,256,304,264,232,296,169,214,53,81,,,305,296,,,323,93,304,327,329,304,226,106,167,67,293,224,338,331,331,189,141,140,287,232,303,246,209,78,,298,,,b'\x11\xe8\xe1I\xcaZ\x96\xf2\xaf\x82\x12\xdf\x17\xaeN\x1e'
11E8E149-CA5A-96F2-AF82-12DF17AE4E1E,2017-ncaa-d1-conf-WCC,ncaa,10,10,7,10,8,10,9,9,10,8,6,9,9,8,7,8,9,10,5,10,10,9,10,10,10,10,8,7,7,9,8,10,9,10,9,9,6,6,8,8,6,4,9,8,,,9,10,,,10,9,7,4,10,9,6,7,4,8,8,9,9,9,8,8,8,9,10,8,7,6,9,,10,,,10,7,5,2,9,6,4,8,7,4,10,4,9,9,3,9,10,3,2,10,10,10,6,4,7,4,9,7,8,6,9,7,5,8,8,8,5,7,1,2,,,10,10,,,10,2,10,10,10,10,8,4,7,4,7,4,10,10,9,6,4,6,7,7,9,8,7,2,,10,,,b'\x11\xe8\xe1I\xcaZ\x96\xf2\xaf\x82\x12\xdf\x17\xaeN\x1e'
11E8E149-CA5A-96F2-AF82-12DF17AE4E1E,2017-ncaa-d1-natl,ncaa,318,322,217,322,266,297,296,274,314,286,211,318,250,237,244,203,214,241,103,238,214,271,267,313,301,300,152,188,80,279,287,301,238,308,302,261,128,186,242,251,183,158,297,287,,,287,334,,,327,241,171,178,299,299,229,276,175,225,214,183,222,216,236,223,265,287,304,242,239,166,292,,321,,,327,254,158,75,292,119,59,271,254,197,318,228,328,314,308,314,340,127,87,312,331,333,319,238,320,113,238,219,287,181,302,265,304,258,239,297,184,235,56,90,,,291,270,,,327,96,309,327,328,305,223,120,169,76,290,231,340,334,333,202,154,161,265,234,301,246,228,77,,276,,,b'\x11\xe8\xe1I\xcaZ\x96\xf2\xaf\x82\x12\xdf\x17\xaeN\x1e'
11E8E149-CA5A-96F2-AF82-12DF17AE4E1E,2018-ncaa-d0-natl,ncaa,325,308,295,327,299,265,243,252,214,196,206,176,291,254,312,204,255,273,128,276,267,268,249,247,251,280,273,257,171,198,131,283,193,263,152,210,159,270,295,257,316,309,322,311,,,306,344,,,304,254,95,40,220,187,143,126,127,260,199,204,223,227,164,81,120,206,162,163,311,299,316,,340,,,308,208,118,77,250,73,43,240,264,210,306,268,316,313,205,314,336,117,78,295,312,332,334,264,308,84,193,57,131,50,152,246,323,287,270,309,318,322,116,145,,,238,184,,,304,84,267,318,308,317,239,208,172,103,316,295,338,333,335,284,240,162,145,147,309,251,331,182,,144,,,b'\x11\xe8\xe1I\xcaZ\x96\xf2\xaf\x82\x12\xdf\x17\xaeN\x1e'
11E8E149-CA5A-96F2-AF82-12DF17AE4E1E,2018-ncaa-d1-conf-WCC,ncaa,10,10,6,10,7,9,9,7,9,8,7,6,7,7,9,4,9,9,4,9,9,8,7,8,8,9,6,6,9,7,5,6,4,8,5,8,6,9,9,9,9,9,9,8,,,9,10,,,10,7,3,5,9,9,5,7,6,7,5,9,9,9,8,4,5,5,6,7,9,9,8,,10,,,10,7,6,3,6,5,3,6,10,8,9,7,10,10,5,10,10,6,3,7,9,9,10,7,10,4,4,4,5,4,5,7,7,9,8,9,10,10,5,6,,,9,7,,,10,4,9,9,10,8,7,6,6,4,10,9,10,10,10,8,5,5,5,5,8,9,10,6,,7,,,b'\x11\xe8\xe1I\xcaZ\x96\xf2\xaf\x82\x12\xdf\x17\xaeN\x1e'
11E8E149-CA5A-96F2-AF82-12DF17AE4E1E,2018-ncaa-d1-natl,ncaa,305,307,213,310,225,233,212,215,202,159,176,162,275,228,302,212,210,223,146,229,240,222,177,234,228,265,270,260,147,147,96,229,175,206,128,170,133,290,285,243,309,311,320,311,,,321,339,,,288,185,95,49,204,174,146,118,129,259,204,171,183,187,155,81,108,185,142,143,306,298,319,,339,,,289,270,163,130,230,81,57,207,312,281,311,296,321,316,228,315,333,185,128,284,308,322,341,304,295,116,175,67,96,66,128,286,326,266,261,306,323,320,136,131,,,190,169,,,288,151,258,308,289,308,228,208,119,77,327,312,330,326,326,273,237,158,113,127,313,244,328,170,,119,,,b'\x11\xe8\xe1I\xcaZ\x96\xf2\xaf\x82\x12\xdf\x17\xaeN\x1e'
11E8E149-CA5A-96F2-AF82-12DF17AE4E1E,2019-ncaa-d0-natl,ncaa,236,209,292,233,308,132,161,219,121,245,305,67,61,60,118,37,132,182,54,186,54,213,234,70,64,75,35,47,153,306,310,246,263,288,305,221,269,125,157,189,215,218,337,341,,,103,103,,,249,177,12,272,49,76,67,180,271,29,22,61,115,118,61,60,278,151,231,160,210,174,333,,208,,,250,294,310,229,322,294,206,312,282,234,310,225,132,100,274,95,88,214,167,328,326,334,133,237,59,226,263,201,310,213,305,330,300,275,288,337,252,267,107,208,,,216,183,,,249,159,115,340,252,346,347,342,344,323,331,305,207,177,169,343,327,298,311,323,344,217,296,157,,111,,,b'\x11\xe8\xe1I\xcaZ\x96\xf2\xaf\x82\x12\xdf\x17\xaeN\x1e'
11E8E149-CA5A-96F2-AF82-12DF17AE4E1E,2019-ncaa-d1-conf-WCC,ncaa,8,8,9,8,9,6,6,5,6,10,10,4,2,1,8,1,7,7,5,8,2,6,5,5,4,6,1,2,6,10,10,6,7,9,10,9,10,6,6,9,7,9,10,10,,,7,6,,,8,3,1,7,5,5,3,9,9,1,1,5,6,7,3,1,10,5,7,9,7,6,9,,10,,,8,10,10,9,9,9,8,9,10,9,10,8,5,6,4,5,4,8,8,9,9,9,6,8,1,7,7,9,10,10,10,9,7,7,8,9,6,6,7,10,,,5,7,,,8,7,6,9,8,10,10,10,10,8,10,10,7,7,6,10,10,9,10,10,9,4,7,8,,4,,,b'\x11\xe8\xe1I\xcaZ\x96\xf2\xaf\x82\x12\xdf\x17\xaeN\x1e'
11E8E149-CA5A-96F2-AF82-12DF17AE4E1E,2019-ncaa-d1-natl,ncaa,201,209,155,211,218,74,94,116,99,162,257,51,45,37,114,41,89,130,53,135,63,108,114,63,56,68,45,55,165,228,258,151,240,182,242,145,245,198,156,166,130,166,327,339,,,174,105,,,202,76,19,272,42,63,59,155,260,29,25,62,112,118,53,56,223,117,170,127,211,115,329,,199,,,202,330,335,301,301,320,262,307,311,300,270,260,143,118,267,114,79,288,272,309,301,314,143,253,51,261,240,243,258,263,242,342,301,209,257,326,285,258,125,186,,,146,196,,,202,268,89,316,203,341,345,338,327,300,327,317,159,133,131,338,320,283,266,287,341,200,290,141,,119,,,b'\x11\xe8\xe1I\xcaZ\x96\xf2\xaf\x82\x12\xdf\x17\xaeN\x1e'
11E8E149-CA5A-96F2-AF82-12DF17AE4E1E,2020-ncaa-d0-natl,ncaa,81,81,87,86,125,88,69,189,26,45,141,24,219,218,179,215,144,212,51,218,228,194,150,41,41,82,281,262,217,206,101,263,277,245,145,38,47,291,279,124,54,59,297,331,,,228,195,,,104,127,146,136,93,61,226,43,168,218,228,159,222,233,234,169,226,300,288,29,279,54,303,,208,,,105,195,241,202,242,323,320,246,9,22,25,11,217,185,302,189,89,203,229,138,163,132,4,4,225,243,277,18,101,59,145,272,254,91,101,179,327,328,217,188,,,121,132,,,104,216,97,149,109,169,227,171,317,320,3,18,208,171,175,168,216,223,14,38,255,99,320,205,,144,,,b'\x11\xe8\xe1I\xcaZ\x96\xf2\xaf\x82\x12\xdf\x17\xaeN\x1e'
11E8E149-CA5A-96F2-AF82-12DF17AE4E1E,2020-ncaa-d1-conf-WCC,ncaa,2,4,1,4,2,1,1,4,1,1,3,1,7,6,7,6,2,4,2,4,4,4,2,2,2,3,9,9,4,5,3,6,8,8,7,1,4,10,9,5,2,3,9,9,,,8,6,,,3,1,3,8,2,1,6,1,5,9,7,2,5,5,7,5,8,9,10,2,10,3,9,,7,,,3,6,8,9,5,10,10,5,1,2,1,1,8,7,8,7,5,9,10,3,3,4,1,1,7,9,8,3,3,5,7,9,8,2,4,6,10,9,7,7,,,1,1,,,3,10,2,4,3,4,6,5,9,9,1,1,8,6,6,7,8,6,2,5,8,3,9,6,,2,,,b'\x11\xe8\xe1I\xcaZ\x96\xf2\xaf\x82\x12\xdf\x17\xaeN\x1e'
11E8E149-CA5A-96F2-AF82-12DF17AE4E1E,2020-ncaa-d1-natl,ncaa,60,81,12,76,22,48,31,95,23,20,82,21,181,185,174,213,128,189,74,195,242,105,48,38,42,84,289,259,254,165,92,211,274,203,143,22,44,328,283,120,20,41,298,333,,,266,174,,,79,33,134,154,82,56,210,36,156,217,224,185,232,240,228,153,212,298,279,26,288,37,316,,198,,,84,235,276,265,212,336,339,231,9,28,13,10,223,212,261,214,83,272,318,116,133,87,4,4,214,278,274,36,92,112,143,287,237,36,78,132,342,335,252,199,,,90,174,,,79,317,90,97,85,137,201,158,317,317,2,14,185,155,158,152,227,225,13,39,237,65,330,216,,176,,,b'\x11\xe8\xe1I\xcaZ\x96\xf2\xaf\x82\x12\xdf\x17\xaeN\x1e'
11E8E149-CA5A-96F2-AF82-12DF17AE4E1E,2021-ncaa-d0-natl,ncaa,110,227,43,157,50,63,58,78,52,53,74,51,85,95,95,171,112,106,167,106,178,79,54,62,66,110,204,178,227,102,143,195,302,162,259,15,6,330,265,84,19,33,291,334,,,327,288,,,205,50,136,189,121,101,217,96,189,146,186,192,205,207,218,173,226,333,331,12,264,34,329,,274,,,192,309,325,263,339,334,312,332,163,120,273,20,222,240,94,242,83,268,290,329,326,273,6,29,71,273,302,215,143,240,259,338,265,26,65,208,340,317,300,231,,,71,172,,,205,293,132,265,192,256,308,125,336,268,58,21,114,138,142,110,192,160,41,68,312,57,316,220,,174,,,b'\x11\xe8\xe1I\xcaZ\x96\xf2\xaf\x82\x12\xdf\x17\xaeN\x1e'
11E8E149-CA5A-96F2-AF82-12DF17AE4E1E,2021-ncaa-d1-conf-WCC,ncaa,5,5,8,6,8,8,7,8,3,5,6,4,7,5,7,5,6,6,5,6,4,9,8,5,5,5,6,5,6,7,5,9,8,9,8,2,1,5,5,3,4,3,8,9,,,9,9,,,6,7,4,1,4,3,5,3,7,6,5,6,6,6,4,3,5,10,10,2,6,3,9,,10,,,7,4,7,3,10,9,8,10,2,2,10,1,3,4,1,4,2,3,4,10,10,7,1,1,2,3,8,4,5,4,8,8,8,4,3,7,5,4,10,10,,,8,6,,,6,4,4,8,7,9,9,3,10,9,1,1,3,6,6,3,7,7,3,3,8,3,5,10,,5,,,b'\x11\xe8\xe1I\xcaZ\x96\xf2\xaf\x82\x12\xdf\x17\xaeN\x1e'
11E8E149-CA5A-96F2-AF82-12DF17AE4E1E,2021-ncaa-d1-natl,ncaa,98,225,30,161,36,49,49,66,45,38,61,39,84,83,99,171,101,91,175,92,185,61,36,53,63,109,220,185,234,87,137,191,309,160,263,12,6,332,275,80,11,19,282,332,,,331,290,,,183,34,128,190,113,87,208,83,189,148,182,196,203,206,215,155,216,334,331,11,273,22,329,,278,,,179,322,329,282,339,339,315,330,175,134,287,23,232,248,100,250,84,280,313,328,324,257,7,32,71,287,309,224,137,252,263,341,277,15,42,186,341,315,303,213,,,62,198,,,183,310,126,251,179,256,299,123,331,265,65,21,114,133,137,101,211,177,38,70,313,43,319,207,,190,,,b'\x11\xe8\xe1I\xcaZ\x96\xf2\xaf\x82\x12\xdf\x17\xaeN\x1e'
11E8E149-CA5A-96F2-AF82-12DF17AE4E1E,2022-ncaa-d0-natl,ncaa,107,87,163,99,200,106,98,159,35,64,157,13,227,164,314,185,106,108,168,103,93,147,138,62,59,84,291,279,164,148,84,195,262,183,127,22,4,233,199,46,39,25,18,22,,,302,301,,,72,141,86,245,69,52,145,35,149,240,158,94,96,91,122,94,133,200,172,9,230,22,11,,314,,,66,146,183,191,175,257,269,137,41,37,134,19,144,173,74,169,97,189,216,126,119,81,26,27,155,252,262,59,84,118,127,283,314,85,88,179,300,280,42,32,,,74,58,,,72,206,87,99,72,152,195,203,271,321,35,29,141,171,168,203,263,258,40,117,290,69,293,34,,45,,,b'\x11\xe8\xe1I\xcaZ\x96\xf2\xaf\x82\x12\xdf\x17\xaeN\x1e'
11E8E149-CA5A-96F2-AF82-12DF17AE4E1E,2022-ncaa-d1-conf-WCC,ncaa,5,3,9,4,9,8,8,9,2,8,10,2,8,9,8,7,7,7,6,6,1,9,9,5,4,5,7,7,4,8,5,8,10,9,6,5,1,5,7,4,3,3,1,1,,,6,9,,,3,9,6,4,6,5,9,2,7,7,7,4,3,3,8,6,7,9,8,2,5,3,1,,8,,,3,3,3,3,4,5,6,5,1,1,5,1,3,4,2,3,3,2,2,4,4,3,1,1,7,6,10,1,5,3,6,4,8,3,3,4,4,7,1,2,,,8,2,,,3,2,5,3,3,3,4,4,5,9,1,1,5,5,5,4,6,9,3,4,6,3,6,1,,3,,,b'\x11\xe8\xe1I\xcaZ\x96\xf2\xaf\x82\x12\xdf\x17\xaeN\x1e'
11E8E149-CA5A-96F2-AF82-12DF17AE4E1E,2022-ncaa-d1-natl,ncaa,93,87,100,92,134,77,67,104,46,41,127,14,198,118,318,163,92,90,170,84,112,100,88,70,78,98,285,273,182,95,69,166,262,127,122,15,4,265,184,38,16,17,20,32,,,319,291,,,59,92,78,261,62,47,104,33,143,220,136,103,105,97,87,72,108,206,149,8,222,14,17,,311,,,61,183,234,233,187,300,300,158,43,49,110,20,142,185,52,177,83,228,268,132,119,71,17,22,122,285,262,116,69,180,122,303,314,41,61,160,314,272,55,28,,,58,89,,,59,262,86,88,67,146,196,192,282,314,31,28,114,140,136,183,267,254,56,139,292,44,290,32,,52,,,b'\x11\xe8\xe1I\xcaZ\x96\xf2\xaf\x82\x12\xdf\x17\xaeN\x1e'
11E8E149-CA5A-96F2-AF82-12DF17AE4E1E,2023-ncaa-d0-natl,ncaa,73,39,164,51,218,146,135,252,23,134,254,16,165,179,126,136,173,183,109,184,115,244,236,35,30,72,197,184,194,249,154,289,324,289,231,53,11,215,257,81,73,51,164,210,,,108,110,,,105,228,227,251,117,100,296,109,263,158,168,159,174,178,275,256,251,317,316,24,231,57,155,,121,,,104,139,222,182,225,279,298,133,65,24,308,15,51,36,282,39,18,137,161,184,159,131,17,61,54,273,324,24,154,73,231,235,216,143,115,198,330,342,142,199,,,115,42,,,105,137,79,177,103,154,242,210,295,342,65,24,60,41,40,151,181,290,25,90,241,124,331,148,,97,,,b'\x11\xe8\xe1I\xcaZ\x96\xf2\xaf\x82\x12\xdf\x17\xaeN\x1e'
11E8E149-CA5A-96F2-AF82-12DF17AE4E1E,2023-ncaa-d1-conf-WCC,ncaa,2,2,3,2,5,3,3,9,1,3,9,1,2,3,3,2,6,4,4,4,1,9,7,1,1,1,3,5,7,6,6,7,9,7,6,1,1,5,5,1,2,2,7,7,,,1,1,,,2,6,6,8,2,2,8,4,10,3,3,6,5,6,8,9,7,9,8,1,5,2,7,,2,,,2,3,4,6,4,10,10,3,1,1,3,1,2,2,5,2,1,5,8,3,3,1,1,1,2,10,9,2,6,4,6,5,4,2,3,3,7,8,5,5,,,3,1,,,2,5,2,3,2,3,4,5,8,10,1,1,1,1,1,4,6,8,2,3,4,3,7,4,,4,,,b'\x11\xe8\xe1I\xcaZ\x96\xf2\xaf\x82\x12\xdf\x17\xaeN\x1e'
11E8E149-CA5A-96F2-AF82-12DF17AE4E1E,2023-ncaa-d1-natl,ncaa,52,39,103,48,140,102,93,196,19,88,221,14,148,166,126,151,138,144,146,144,107,184,171,28,27,68,219,195,199,218,142,263,316,258,215,28,10,235,242,65,42,31,170,229,,,131,100,,,85,158,214,269,96,75,286,89,249,165,182,151,159,162,260,246,236,317,315,16,214,39,177,,112,,,86,176,257,233,239,309,324,153,76,33,301,15,56,37,277,43,16,190,229,194,165,119,12,59,40,275,316,37,142,98,215,274,241,86,80,183,339,339,156,170,,,86,43,,,85,207,70,149,80,133,228,185,298,328,61,21,46,37,38,120,178,265,19,69,255,95,330,136,,97,,,b'\x11\xe8\xe1I\xcaZ\x96\xf2\xaf\x82\x12\xdf\x17\xaeN\x1e'
11E8E149-CA5A-96F2-AF82-12DF17AE4E1E,2023-ncaa-d1-ncaatournament,ncaa,36,2,36,36,38,45,45,45,44,40,44,22,62,53,63,33,44,43,41,43,19,43,39,47,46,52,52,58,13,41,28,60,64,52,62,43,34,24,49,51,28,4,29,14,,,32,51,,,51,40,5,7,36,34,23,19,30,57,29,17,16,18,19,8,20,60,46,34,56,2,7,,65,,,54,27,19,30,33,15,24,24,30,26,49,41,33,32,50,31,50,33,33,39,43,45,53,47,54,38,64,13,28,25,62,26,56,41,36,43,28,59,29,52,,,45,33,,,51,30,50,53,55,62,52,62,44,54,53,51,61,61,59,67,68,65,40,57,57,16,59,53,,17,,,b'\x11\xe8\xe1I\xcaZ\x96\xf2\xaf\x82\x12\xdf\x17\xaeN\x1e'
11E8E149-CA5A-96F2-AF82-12DF17AE4E1E,2024-ncaa-d0-natl,ncaa,106,111,94,116,103,117,119,148,91,118,174,82,137,126,168,157,115,94,265,93,84,139,99,103,109,158,182,182,169,173,194,201,323,193,276,47,20,327,290,120,17,27,12,12,,,307,263,,,113,81,94,115,134,134,220,139,217,157,166,139,112,118,201,119,207,276,274,38,306,22,9,,298,,,113,205,211,233,145,269,306,109,60,68,146,24,246,260,159,261,160,247,294,98,116,46,62,32,247,333,323,194,194,276,276,249,250,24,41,82,327,295,202,201,,,47,45,,,113,271,172,79,122,142,152,181,240,304,43,34,219,226,227,195,288,313,140,240,204,30,306,168,,40,,,b'\x11\xe8\xe1I\xcaZ\x96\xf2\xaf\x82\x12\xdf\x17\xaeN\x1e'
11E8E149-CA5A-96F2-AF82-12DF17AE4E1E,2024-ncaa-d1-conf-WCC,ncaa,2,3,1,3,1,3,3,3,5,4,3,2,3,2,8,4,1,1,7,1,1,2,2,5,5,6,6,6,2,3,7,3,7,2,7,3,2,9,7,6,1,1,1,1,,,8,5,,,3,2,2,3,5,5,4,4,6,6,3,2,2,2,4,2,6,5,5,3,8,1,1,,7,,,3,5,5,8,2,9,9,2,2,2,2,2,7,7,7,7,3,8,8,2,2,2,2,1,7,9,7,9,7,9,7,3,1,1,1,1,8,7,5,6,,,1,1,,,3,8,5,2,3,2,2,6,5,9,2,2,6,5,5,6,8,8,7,8,2,1,7,5,,1,,,b'\x11\xe8\xe1I\xcaZ\x96\xf2\xaf\x82\x12\xdf\x17\xaeN\x1e'
11E8E149-CA5A-96F2-AF82-12DF17AE4E1E,2024-ncaa-d1-natl,ncaa,91,112,38,109,47,91,95,105,93,84,140,71,129,105,204,159,96,74,244,75,83,97,55,111,111,158,198,202,161,137,179,165,316,160,259,34,20,345,276,120,11,19,9,10,,,336,257,,,104,41,96,128,128,124,203,124,213,169,156,128,111,114,176,112,194,271,259,37,298,17,9,,294,,,109,247,249,283,139,291,329,94,77,81,144,30,253,263,177,266,147,282,329,89,107,37,62,42,241,343,316,245,179,306,259,276,258,13,37,76,330,271,200,179,,,32,52,,,104,318,171,63,119,126,144,173,230,300,42,35,201,206,204,182,287,307,134,225,206,28,292,150,,43,,,b'\x11\xe8\xe1I\xcaZ\x96\xf2\xaf\x82\x12\xdf\x17\xaeN\x1e'
11E8E149-CA5A-96F2-AF82-12DF17AE4E1E,2024-ncaa-d1-ncaatournament,ncaa,37,3,37,37,38,46,42,55,20,39,44,12,60,61,61,56,50,47,48,47,41,57,55,30,33,36,63,61,40,60,55,44,5,55,34,37,11,13,41,20,33,9,34,19,,,30,64,,,47,44,14,5,38,21,42,7,18,56,52,38,33,33,43,39,52,32,51,8,33,10,20,,64,,,49,17,10,6,58,12,15,48,12,9,63,22,28,33,9,33,60,9,10,57,58,57,51,30,57,2,5,17,55,7,34,25,67,49,27,51,21,48,2,2,,,38,7,,,47,23,43,47,48,52,34,9,32,20,35,15,59,63,63,20,19,2,47,16,59,33,43,2,,5,,,b'\x11\xe8\xe1I\xcaZ\x96\xf2\xaf\x82\x12\xdf\x17\xaeN\x1e'
11E8E149-CA5A-96F2-AF82-12DF17AE4E1E,2025-ncaa-d0-natl,genius_ncaa,8,12,19,12,20,29,44,35,80,44,66,72,69,65,113,189,3,8,14,8,24,29,27,81,42,50,99,218,27,49,63,100,261,65,143,14,17,272,86,42,25,44,46,96,,,351,292,,171,43,28,127,33,40,74,117,87,158,121,142,6,20,21,68,93,102,266,194,21,118,42,71,,307,,101,46,319,327,306,210,351,341,201,52,91,42,15,325,307,330,304,136,312,338,134,170,93,20,10,270,319,261,249,63,293,143,331,274,19,46,99,199,70,306,220,,,3,13,,80,43,333,42,102,46,145,172,133,292,295,10,23,240,197,192,136,259,223,67,114,244,41,96,234,,14,,131,b'\x11\xe8\xe1I\xcaZ\x96\xf2\xaf\x82\x12\xdf\x17\xaeN\x1e'
11E8E149-CA5A-96F2-AF82-12DF17AE4E1E,2025-ncaa-d1-conf-WCC,genius_ncaa,1,1,3,1,3,1,2,2,4,3,3,5,3,4,2,8,1,1,1,1,1,2,2,4,1,1,4,8,1,3,3,7,5,5,4,1,1,4,3,1,2,3,2,3,,,11,9,,2,1,2,2,6,1,1,2,4,3,4,4,1,1,1,1,2,2,6,4,1,4,2,2,,11,,2,1,9,8,6,7,9,10,7,2,2,3,2,9,9,5,9,7,8,10,5,6,5,2,2,9,7,5,5,3,6,4,6,7,2,2,3,6,5,9,9,,,1,1,,4,1,10,1,4,1,7,8,6,9,9,2,2,9,9,9,7,10,6,5,6,7,2,5,9,,1,,3,b'\x11\xe8\xe1I\xcaZ\x96\xf2\xaf\x82\x12\xdf\x17\xaeN\x1e'
11E8E149-CA5A-96F2-AF82-12DF17AE4E1E,2025-ncaa-d1-natl,genius_ncaa,7,12,15,12,15,23,41,31,78,34,52,69,73,67,110,199,4,6,16,6,28,22,16,75,41,48,110,220,29,40,62,91,262,55,146,11,18,257,76,34,20,40,31,81,,,353,279,,173,37,18,124,33,35,67,107,76,143,130,148,6,21,22,64,90,102,268,198,21,107,34,56,,303,,102,40,322,326,322,205,351,348,185,58,85,57,19,321,301,319,293,130,325,350,140,163,83,25,13,261,321,262,257,62,303,146,333,273,16,40,89,196,69,311,219,,,2,15,,88,37,344,41,96,43,141,165,132,284,297,13,24,229,190,183,132,259,227,65,114,241,33,93,239,,13,,147,b'\x11\xe8\xe1I\xcaZ\x96\xf2\xaf\x82\x12\xdf\x17\xaeN\x1e'
11E8E149-CA5A-96F2-AF82-12DF17AE4E1E,2026-ncaa-d0-natl,genius_ncaa,212,198,206,223,216,203,208,214,206,230,237,206,130,137,161,84,194,228,83,221,169,213,206,190,184,216,88,85,182,187,162,244,303,218,244,110,8,266,288,166,132,115,42,36,,,192,222,,25,195,205,50,97,167,177,127,216,220,97,78,159,205,199,143,59,151,217,169,47,318,83,17,,278,,25,195,151,132,137,149,162,231,72,80,44,301,19,236,260,108,258,227,159,165,134,146,120,153,88,291,275,303,140,162,194,244,156,209,143,107,128,273,286,59,96,,,232,250,,241,195,156,223,156,203,214,199,240,235,334,97,37,289,303,305,277,320,323,194,285,207,67,306,69,,190,,241,b'\x11\xe8\xe1I\xcaZ\x96\xf2\xaf\x82\x12\xdf\x17\xaeN\x1e'
11E8E149-CA5A-96F2-AF82-12DF17AE4E1E,2026-ncaa-d1-natl,genius_ncaa,163,195,85,192,117,92,88,109,86,95,132,93,85,98,106,120,151,194,54,187,252,123,87,85,84,135,173,130,265,132,137,153,307,143,195,35,26,332,279,138,44,57,10,18,,,243,132,,28,88,78,58,100,95,83,125,106,175,96,117,201,253,243,155,86,185,219,186,30,304,46,12,,200,,18,92,197,182,228,84,205,308,41,126,75,283,24,259,292,79,292,195,245,294,76,83,52,164,107,269,331,307,166,137,252,195,243,269,30,47,76,328,287,65,49,,,212,318,,268,88,273,147,79,105,125,112,181,144,311,84,35,229,261,263,205,318,315,89,196,190,28,298,44,,278,,289,b'\x11\xe8\xe1I\xcaZ\x96\xf2\xaf\x82\x12\xdf\x17\xaeN\x1e'
11E8E149-CA5F-30E0-AF82-12DF17AE4E1E,2010-ncaa-d0-natl,ncaa,149,145,122,155,162,106,72,69,132,137,176,94,34,24,128,33,313,318,211,318,333,106,127,89,136,108,127,39,342,157,215,154,152,163,207,83,153,102,69,59,111,117,64,98,,,154,120,,,155,124,100,241,82,52,29,135,198,31,24,322,330,329,78,127,159,170,172,64,89,116,58,,133,,,155,270,282,227,270,318,296,257,53,47,170,24,230,225,205,229,142,234,211,219,224,259,31,26,185,167,152,264,215,227,207,198,75,210,253,228,262,233,50,52,,,300,342,,,155,220,113,241,160,260,290,238,324,320,53,37,228,214,219,241,218,154,262,238,196,233,241,61,,329,,,b'\x11\xe8\xe1I\xca_0\xe0\xaf\x82\x12\xdf\x17\xaeN\x1e'
11E8E149-CA5F-30E0-AF82-12DF17AE4E1E,2010-ncaa-d1-conf-Big Sky,ncaa,1,2,1,2,2,3,2,3,3,2,4,2,2,2,3,1,8,8,5,8,8,3,3,2,2,2,2,1,9,2,1,3,5,3,2,2,4,7,3,2,1,1,3,3,,,6,3,,,2,3,6,9,3,3,3,8,9,2,2,8,9,9,4,4,2,7,4,3,2,2,3,,2,,,2,7,7,7,6,7,7,3,4,2,9,2,6,8,6,8,2,7,7,6,6,5,3,4,5,5,5,7,1,7,2,6,4,2,2,2,9,7,1,1,,,7,9,,,2,7,1,6,1,2,4,1,4,5,3,2,3,3,3,1,1,3,2,1,3,3,8,1,,9,,,b'\x11\xe8\xe1I\xca_0\xe0\xaf\x82\x12\xdf\x17\xaeN\x1e'
11E8E149-CA5F-30E0-AF82-12DF17AE4E1E,2010-ncaa-d1-natl,ncaa,114,145,53,142,84,62,47,30,129,90,118,94,23,15,132,37,309,308,223,309,333,54,59,84,136,108,133,42,342,106,209,112,141,102,210,57,153,153,69,55,69,92,56,95,,,199,109,,,142,52,97,256,81,47,27,127,192,30,25,325,330,329,77,119,154,181,176,63,91,95,58,,124,,,144,314,320,284,269,332,323,260,77,73,166,25,271,256,247,258,128,292,281,219,228,244,32,26,184,192,141,319,209,300,210,228,65,137,210,186,285,228,52,41,,,258,341,,,142,294,111,217,150,252,282,219,322,315,48,33,220,198,203,228,215,132,266,232,162,198,237,42,,327,,,b'\x11\xe8\xe1I\xca_0\xe0\xaf\x82\x12\xdf\x17\xaeN\x1e'
11E8E149-CA5F-30E0-AF82-12DF17AE4E1E,2010-ncaa-d1-ncaatournament,ncaa,33,2,33,33,34,52,47,44,47,55,52,52,28,34,16,6,64,64,58,63,64,51,45,39,48,52,17,5,64,56,59,49,49,56,56,55,57,27,55,59,38,24,33,36,,,18,43,,,56,42,12,9,50,38,20,54,47,8,7,64,64,63,40,23,49,45,54,54,54,17,20,,45,,,57,28,27,22,59,30,25,60,6,4,30,5,26,39,5,36,50,27,22,55,51,58,12,8,44,20,49,27,59,25,56,28,51,57,58,63,38,61,6,16,,,58,59,,,56,22,55,57,58,60,56,45,60,54,10,5,53,60,60,57,49,44,59,56,57,55,62,8,,55,,,b'\x11\xe8\xe1I\xca_0\xe0\xaf\x82\x12\xdf\x17\xaeN\x1e'
11E8E149-CA5F-30E0-AF82-12DF17AE4E1E,2011-ncaa-d0-natl,ncaa,123,83,170,111,206,133,145,131,162,176,164,189,94,126,81,130,139,173,81,177,197,141,172,145,136,113,106,100,178,197,239,161,214,175,239,130,152,64,72,82,208,211,155,194,,,72,57,,,160,159,106,177,100,115,85,168,153,81,107,119,160,165,91,134,197,125,157,122,80,197,146,,82,,,160,207,249,238,227,303,288,236,51,75,59,40,155,178,93,184,106,231,184,175,147,208,21,34,132,220,214,224,239,230,239,208,145,269,289,278,183,198,101,104,,,235,267,,,160,177,119,231,162,238,284,280,314,321,60,83,169,198,203,276,239,248,260,265,228,265,203,107,,244,,,b'\x11\xe8\xe1I\xca_0\xe0\xaf\x82\x12\xdf\x17\xaeN\x1e'
11E8E149-CA5F-30E0-AF82-12DF17AE4E1E,2011-ncaa-d1-conf-Big Sky,ncaa,1,1,2,1,3,1,2,4,3,3,3,4,2,4,2,4,2,3,3,3,2,3,3,3,2,1,2,4,4,4,6,1,5,4,6,2,5,4,4,2,5,6,4,6,,,6,4,,,3,2,4,5,2,2,5,5,6,3,4,2,2,2,5,5,8,2,5,3,1,7,4,,3,,,3,7,8,8,4,8,8,6,3,6,1,4,4,5,4,5,4,8,8,2,3,3,3,2,4,7,5,7,6,8,6,5,4,5,6,6,3,3,2,2,,,4,5,,,3,9,2,4,3,3,7,7,7,7,3,4,4,4,4,8,8,6,6,6,5,7,2,2,,5,,,b'\x11\xe8\xe1I\xca_0\xe0\xaf\x82\x12\xdf\x17\xaeN\x1e'
11E8E149-CA5F-30E0-AF82-12DF17AE4E1E,2011-ncaa-d1-natl,ncaa,90,82,95,95,115,86,90,77,142,117,112,161,79,100,77,133,123,149,108,150,206,83,100,125,126,90,126,108,202,167,228,92,190,115,222,100,163,81,53,66,160,200,125,178,,,99,51,,,136,88,101,208,84,84,76,137,139,84,112,129,166,171,83,127,191,120,139,106,72,185,130,,67,,,135,253,297,284,207,327,316,219,63,96,49,39,190,196,131,203,98,286,262,146,132,193,24,29,142,253,190,282,228,289,222,252,145,216,272,258,182,168,125,95,,,196,277,,,136,251,105,203,138,215,267,267,314,321,56,77,168,184,188,269,240,238,249,253,218,249,170,110,,248,,,b'\x11\xe8\xe1I\xca_0\xe0\xaf\x82\x12\xdf\x17\xaeN\x1e'
11E8E149-CA5F-30E0-AF82-12DF17AE4E1E,2012-ncaa-d0-natl,ncaa,198,129,318,182,335,192,186,228,116,178,192,173,184,243,45,214,178,262,5,266,276,246,290,131,94,70,177,173,153,224,144,303,193,289,176,216,231,20,64,98,307,294,223,232,,,37,98,,,192,295,68,340,54,69,52,68,58,132,175,80,184,189,65,100,137,213,172,111,93,285,181,,145,,,192,174,202,85,310,274,155,319,45,45,98,58,158,103,313,102,118,80,45,287,294,321,25,33,151,65,193,43,144,31,176,185,148,319,307,305,123,205,181,198,,,321,301,,,192,48,77,309,189,310,322,296,333,318,97,101,272,227,231,292,243,178,185,187,282,278,230,254,,265,,,b'\x11\xe8\xe1I\xca_0\xe0\xaf\x82\x12\xdf\x17\xaeN\x1e'
11E8E149-CA5F-30E0-AF82-12DF17AE4E1E,2012-ncaa-d1-conf-Big Sky,ncaa,7,6,7,7,8,6,5,7,1,5,6,2,9,9,4,9,4,8,1,7,6,7,8,3,2,1,7,9,3,8,1,7,5,7,3,8,7,2,5,6,9,9,7,7,,,2,4,,,6,8,5,7,5,4,6,3,3,9,8,3,5,5,6,5,7,5,6,6,4,9,6,,5,,,6,5,8,5,7,8,7,7,1,1,4,1,4,4,5,3,2,5,2,7,7,8,1,1,4,5,5,1,1,1,3,5,4,9,9,8,6,8,3,5,,,8,5,,,6,2,1,8,6,6,8,8,8,8,1,1,6,6,6,7,5,5,2,3,6,9,7,4,,7,,,b'\x11\xe8\xe1I\xca_0\xe0\xaf\x82\x12\xdf\x17\xaeN\x1e'
11E8E149-CA5F-30E0-AF82-12DF17AE4E1E,2012-ncaa-d1-natl,ncaa,174,129,286,166,324,132,133,169,108,128,123,178,156,222,28,228,123,235,5,242,281,183,230,121,80,55,169,167,148,194,154,266,178,245,171,163,202,34,62,78,268,269,209,233,,,54,75,,,172,225,54,340,46,60,44,64,47,119,183,62,187,193,56,95,148,198,165,94,91,251,183,,120,,,172,218,259,158,306,306,238,322,43,57,63,54,172,136,289,133,97,152,111,280,282,303,15,25,132,100,178,82,154,71,171,236,148,281,279,292,151,194,246,223,,,305,307,,,172,121,67,289,166,303,318,294,337,318,75,96,246,210,207,287,251,176,185,186,280,251,221,286,,275,,,b'\x11\xe8\xe1I\xca_0\xe0\xaf\x82\x12\xdf\x17\xaeN\x1e'
11E8E149-CA5F-30E0-AF82-12DF17AE4E1E,2013-ncaa-d0-natl,ncaa,259,197,327,246,327,250,248,266,210,219,181,271,238,285,71,260,209,214,197,217,206,264,276,227,224,210,202,210,135,219,176,292,185,278,210,246,192,79,160,192,236,209,307,315,,,122,225,,,249,293,73,17,134,145,83,129,49,202,241,112,105,109,73,61,107,156,124,170,216,179,285,,274,,,253,142,170,76,297,249,188,272,23,18,144,29,184,143,307,142,143,75,62,248,266,279,30,19,214,69,185,113,176,84,210,249,290,265,226,294,246,298,325,327,,,268,212,,,249,66,197,271,246,307,308,300,325,326,70,66,282,256,260,307,285,207,282,276,326,169,314,345,,140,,,b'\x11\xe8\xe1I\xca_0\xe0\xaf\x82\x12\xdf\x17\xaeN\x1e'
11E8E149-CA5F-30E0-AF82-12DF17AE4E1E,2013-ncaa-d1-conf-Big Sky,ncaa,9,9,8,9,10,8,8,7,10,8,6,10,6,9,4,8,7,7,11,7,6,7,7,9,9,8,7,5,7,4,5,10,8,8,7,9,10,4,7,8,10,10,11,11,,,6,8,,,10,9,5,4,5,7,5,6,3,6,7,7,4,3,4,3,3,9,7,9,8,10,11,,10,,,10,8,9,7,10,9,9,10,3,2,8,2,5,3,9,3,2,6,4,10,10,11,2,1,3,5,8,7,5,4,7,10,9,9,9,11,7,8,10,11,,,8,7,,,10,4,7,10,10,10,9,9,10,10,7,3,8,6,4,8,7,6,9,8,10,8,8,11,,7,,,b'\x11\xe8\xe1I\xca_0\xe0\xaf\x82\x12\xdf\x17\xaeN\x1e'
11E8E149-CA5F-30E0-AF82-12DF17AE4E1E,2013-ncaa-d1-natl,ncaa,221,196,292,222,292,219,205,181,218,176,117,267,229,258,104,257,202,201,195,210,257,191,199,244,241,218,221,211,167,139,146,227,163,192,173,210,176,128,159,181,192,184,277,303,,,177,229,,,239,222,84,18,146,137,62,121,41,205,237,146,138,148,66,57,77,147,87,156,211,155,253,,272,,,241,193,218,150,276,276,236,259,34,27,120,31,222,182,301,182,140,149,128,229,245,256,30,19,215,114,163,188,146,157,173,276,297,217,211,285,289,295,334,321,,,234,237,,,239,138,197,246,230,283,293,290,319,323,62,57,271,247,249,286,276,195,282,270,314,162,311,344,,171,,,b'\x11\xe8\xe1I\xca_0\xe0\xaf\x82\x12\xdf\x17\xaeN\x1e'
11E8E149-CA5F-30E0-AF82-12DF17AE4E1E,2014-ncaa-d0-natl,ncaa,303,282,297,303,323,283,281,315,174,252,267,181,245,259,193,199,225,211,217,215,115,310,305,193,178,229,181,207,103,278,229,315,289,321,278,190,60,165,279,187,334,329,298,300,,,57,114,,,331,301,134,270,227,235,256,196,207,219,212,161,147,150,250,200,239,296,296,106,272,316,280,,129,,,333,247,257,119,331,275,148,327,174,108,312,128,172,128,315,136,161,117,60,333,331,345,95,137,132,131,289,61,229,66,278,325,318,340,328,349,302,335,240,299,,,269,139,,,331,52,245,346,330,336,334,296,331,288,245,176,257,220,223,300,214,242,181,210,342,317,329,296,,169,,,b'\x11\xe8\xe1I\xca_0\xe0\xaf\x82\x12\xdf\x17\xaeN\x1e'
11E8E149-CA5F-30E0-AF82-12DF17AE4E1E,2014-ncaa-d1-conf-Big Sky,ncaa,9,9,8,9,10,10,10,10,7,7,8,5,7,7,7,5,11,10,10,10,7,10,10,7,9,10,6,6,8,9,8,7,4,8,5,9,4,6,8,9,11,11,10,10,,,1,3,,,11,10,8,9,10,9,8,7,7,7,6,10,8,8,9,8,8,7,7,8,8,11,10,,2,,,11,6,9,5,8,9,6,8,8,4,8,2,2,2,7,2,3,3,2,8,8,9,2,7,2,1,4,4,8,3,5,9,9,11,11,11,8,10,6,8,,,9,6,,,11,2,9,10,11,7,9,9,9,10,9,5,4,3,4,9,3,4,7,5,9,11,9,7,,9,,,b'\x11\xe8\xe1I\xca_0\xe0\xaf\x82\x12\xdf\x17\xaeN\x1e'
11E8E149-CA5F-30E0-AF82-12DF17AE4E1E,2014-ncaa-d1-natl,ncaa,293,282,307,295,326,274,275,312,177,243,250,203,242,254,175,202,227,209,228,212,131,299,289,195,183,226,178,197,123,259,214,319,291,320,275,172,55,172,265,170,333,327,299,302,,,72,125,,,331,290,142,273,222,230,247,196,192,214,211,175,155,157,234,201,222,300,287,102,261,319,280,,140,,,330,266,278,135,330,284,172,326,188,116,317,130,192,155,324,154,170,130,70,330,333,346,100,141,141,140,291,82,214,95,275,333,321,336,326,349,298,331,270,307,,,258,142,,,331,61,245,347,329,334,331,284,328,283,247,173,265,228,227,291,206,230,188,214,343,317,324,313,,173,,,b'\x11\xe8\xe1I\xca_0\xe0\xaf\x82\x12\xdf\x17\xaeN\x1e'
11E8E149-CA5F-30E0-AF82-12DF17AE4E1E,2015-ncaa-d0-natl,ncaa,331,307,322,331,332,338,339,336,292,329,315,295,287,289,228,222,262,255,229,255,107,335,333,294,278,301,157,206,47,341,333,337,342,346,344,327,196,139,301,302,339,336,302,305,,,61,134,,,348,325,184,283,319,328,320,296,251,259,253,180,160,164,312,275,319,322,337,304,264,324,290,,175,,,348,253,279,121,346,273,114,344,220,173,291,219,117,107,204,101,138,110,47,342,343,348,96,197,79,264,342,106,333,170,344,306,270,343,328,346,313,345,172,275,,,308,155,,,348,28,327,349,348,342,343,330,338,296,301,278,213,211,210,328,265,341,272,328,343,315,340,248,,220,,,b'\x11\xe8\xe1I\xca_0\xe0\xaf\x82\x12\xdf\x17\xaeN\x1e'
11E8E149-CA5F-30E0-AF82-12DF17AE4E1E,2015-ncaa-d1-conf-Big Sky,ncaa,12,12,9,12,11,11,11,12,10,12,12,11,7,8,6,6,10,9,11,10,4,12,12,11,10,10,5,6,4,12,12,12,12,12,12,11,4,5,9,11,11,11,11,11,,,2,3,,,12,12,9,10,11,11,12,12,11,7,7,9,7,8,12,11,12,11,12,11,7,11,11,,3,,,12,11,11,4,11,11,3,11,11,5,12,8,2,2,9,2,4,3,2,11,12,12,3,7,2,12,12,4,12,9,12,11,9,11,11,12,12,12,9,9,,,12,7,,,12,2,11,12,12,12,12,11,11,10,11,9,6,5,5,10,6,12,9,11,12,10,12,9,,9,,,b'\x11\xe8\xe1I\xca_0\xe0\xaf\x82\x12\xdf\x17\xaeN\x1e'
11E8E149-CA5F-30E0-AF82-12DF17AE4E1E,2015-ncaa-d1-natl,ncaa,336,328,298,336,329,329,331,337,279,318,300,274,278,274,261,209,240,229,249,229,107,335,331,284,273,294,174,209,65,333,334,331,344,345,344,315,188,173,294,296,339,338,305,316,,,101,152,,,348,307,193,285,318,327,316,288,255,260,246,196,165,169,311,276,320,316,335,300,252,329,298,,198,,,348,311,324,199,344,312,191,341,266,201,322,196,171,151,228,146,136,202,97,342,343,348,103,197,85,301,344,165,334,247,344,326,271,335,332,346,323,346,208,287,,,282,147,,,348,45,324,349,348,344,345,330,340,306,305,263,227,218,212,330,262,341,271,329,343,318,337,254,,214,,,b'\x11\xe8\xe1I\xca_0\xe0\xaf\x82\x12\xdf\x17\xaeN\x1e'
11E8E149-CA5F-30E0-AF82-12DF17AE4E1E,2016-ncaa-d0-natl,ncaa,338,327,287,340,315,206,255,178,317,264,169,327,187,180,205,198,63,49,189,45,38,151,92,307,284,319,68,171,10,220,285,106,188,148,262,235,152,346,329,326,131,184,189,225,,,148,62,,,345,64,2,280,121,210,39,228,82,156,135,13,10,8,20,5,163,15,36,196,348,79,154,,249,,,346,344,344,316,330,325,256,329,347,339,334,323,112,129,85,122,91,313,283,341,330,344,227,327,14,260,188,311,285,308,262,347,348,239,313,348,348,340,310,305,,,78,115,,,345,286,331,339,342,349,348,349,344,343,349,349,194,213,207,349,347,320,345,344,349,173,348,334,,7,,,b'\x11\xe8\xe1I\xca_0\xe0\xaf\x82\x12\xdf\x17\xaeN\x1e'
11E8E149-CA5F-30E0-AF82-12DF17AE4E1E,2016-ncaa-d1-conf-Big Sky,ncaa,10,10,8,10,11,9,11,7,12,9,6,12,8,7,9,9,5,2,11,2,4,6,4,11,11,11,5,6,2,9,10,5,10,8,10,11,7,12,11,12,4,6,7,7,,,2,1,,,12,3,2,10,7,11,4,9,2,7,6,3,1,1,2,2,8,2,4,9,12,4,7,,4,,,12,11,11,12,10,10,9,11,12,12,11,11,1,1,1,1,1,11,11,11,10,12,6,10,1,10,10,10,10,11,10,12,12,7,10,12,12,12,10,10,,,3,5,,,12,10,12,12,12,12,12,12,11,11,12,12,2,4,3,12,11,12,11,11,12,6,12,11,,2,,,b'\x11\xe8\xe1I\xca_0\xe0\xaf\x82\x12\xdf\x17\xaeN\x1e'
11E8E149-CA5F-30E0-AF82-12DF17AE4E1E,2016-ncaa-d1-natl,ncaa,332,337,218,336,286,166,231,121,315,235,132,323,172,152,227,193,34,26,188,25,31,93,41,305,283,314,68,173,10,167,274,56,173,86,241,206,139,348,332,328,107,187,175,229,,,210,72,,,346,27,3,282,120,206,36,208,86,159,124,8,6,6,19,5,139,13,23,177,348,78,160,,259,,,346,348,348,343,325,336,296,331,349,347,334,328,148,172,72,163,89,340,327,343,330,344,236,332,13,284,173,331,274,326,241,349,348,209,315,348,348,340,333,308,,,37,117,,,346,325,328,339,342,348,348,349,345,340,349,349,181,208,205,349,347,315,345,343,349,180,348,337,,7,,,b'\x11\xe8\xe1I\xca_0\xe0\xaf\x82\x12\xdf\x17\xaeN\x1e'
11E8E149-CA5F-30E0-AF82-12DF17AE4E1E,2017-ncaa-d0-natl,ncaa,169,210,74,188,99,84,84,183,21,52,108,27,258,277,166,286,50,64,72,64,82,159,78,51,36,119,293,318,62,306,294,47,226,125,183,48,49,347,336,211,117,188,31,42,,,116,28,,,228,39,23,220,98,102,289,48,151,287,308,46,68,66,243,124,330,35,187,41,335,139,34,,68,,,224,327,325,329,141,229,281,81,349,343,326,313,100,88,203,90,50,321,314,200,167,225,310,341,25,331,226,118,294,240,183,347,342,163,262,327,348,342,58,46,,,35,35,,,228,303,190,256,231,301,310,343,191,259,346,338,75,66,65,332,326,315,62,175,342,210,344,45,,29,,,b'\x11\xe8\xe1I\xca_0\xe0\xaf\x82\x12\xdf\x17\xaeN\x1e'
11E8E149-CA5F-30E0-AF82-12DF17AE4E1E,2017-ncaa-d1-conf-Big Sky,ncaa,7,7,2,7,3,4,3,9,1,1,2,1,10,10,8,10,5,5,4,5,8,10,6,3,3,5,11,10,4,11,9,4,9,5,6,3,3,12,12,10,4,5,2,1,,,3,2,,,7,3,8,9,8,6,11,2,4,10,11,4,7,8,11,8,12,5,9,3,12,5,2,,2,,,7,9,8,12,3,3,6,2,12,12,9,11,1,1,7,1,3,11,11,6,5,6,11,12,1,12,9,1,9,7,6,11,12,7,8,12,12,12,2,1,,,3,2,,,7,8,8,7,7,8,7,12,2,5,11,12,1,1,1,9,8,12,1,2,10,8,12,2,,3,,,b'\x11\xe8\xe1I\xca_0\xe0\xaf\x82\x12\xdf\x17\xaeN\x1e'
11E8E149-CA5F-30E0-AF82-12DF17AE4E1E,2017-ncaa-d1-natl,ncaa,157,210,56,183,79,79,72,156,20,38,84,27,261,272,177,291,51,65,86,64,115,134,61,54,43,126,307,320,90,290,280,34,193,101,160,37,52,348,334,213,116,191,31,43,,,119,30,,,226,27,19,228,93,87,263,37,132,291,309,58,85,86,232,103,321,25,156,34,337,143,37,,70,,,224,334,331,338,130,225,292,79,349,347,330,323,105,84,230,84,51,332,325,204,172,226,316,341,26,329,193,133,280,258,160,347,340,158,261,326,348,342,60,38,,,34,60,,,226,317,193,251,232,304,312,343,174,254,346,343,77,65,65,332,328,307,68,169,341,210,345,42,,42,,,b'\x11\xe8\xe1I\xca_0\xe0\xaf\x82\x12\xdf\x17\xaeN\x1e'
11E8E149-CA5F-30E0-AF82-12DF17AE4E1E,2018-ncaa-d0-natl,ncaa,136,112,164,128,180,98,127,202,53,126,171,95,139,213,40,222,28,72,6,71,56,178,190,61,38,51,118,189,42,300,277,107,209,180,193,103,103,132,153,105,155,160,95,84,,,59,28,,,163,145,79,111,52,90,195,101,152,121,206,11,50,46,139,153,305,62,164,80,156,143,82,,76,,,163,278,277,282,169,133,159,125,346,337,330,336,51,62,99,64,77,261,221,259,214,265,327,348,22,264,209,113,277,175,193,343,346,247,281,340,226,236,28,38,,,100,56,,,163,205,73,282,163,301,303,330,155,181,349,347,61,78,77,317,283,284,141,205,344,241,239,39,,67,,,b'\x11\xe8\xe1I\xca_0\xe0\xaf\x82\x12\xdf\x17\xaeN\x1e'
11E8E149-CA5F-30E0-AF82-12DF17AE4E1E,2018-ncaa-d1-conf-Big Sky,ncaa,3,5,1,5,3,4,5,7,4,2,2,6,7,9,5,11,1,2,2,2,4,5,2,6,4,6,10,9,2,10,8,3,9,5,6,2,3,12,9,7,3,4,1,3,,,1,1,,,6,2,6,7,7,8,10,4,4,8,11,2,3,3,10,9,10,7,9,3,10,5,2,,1,,,6,9,10,11,3,5,8,1,11,12,10,12,1,2,2,2,1,11,12,6,3,4,10,12,1,12,9,5,8,9,6,12,12,4,5,10,10,10,2,2,,,2,3,,,6,10,7,4,7,4,6,8,3,5,11,12,1,1,1,7,8,10,2,6,12,6,10,2,,4,,,b'\x11\xe8\xe1I\xca_0\xe0\xaf\x82\x12\xdf\x17\xaeN\x1e'
11E8E149-CA5F-30E0-AF82-12DF17AE4E1E,2018-ncaa-d1-natl,ncaa,106,111,97,114,106,64,93,151,51,98,132,83,117,194,47,217,19,55,5,50,63,118,120,60,37,49,132,195,41,283,274,61,203,134,186,74,81,166,150,92,139,163,72,80,,,82,29,,,138,81,80,139,51,84,191,93,148,133,207,12,56,53,143,156,306,51,157,65,145,146,82,,66,,,141,299,306,315,134,149,202,94,348,346,331,336,51,66,76,67,68,303,285,235,175,240,331,348,18,303,203,162,274,237,186,347,346,219,274,336,264,239,38,37,,,73,68,,,138,269,74,257,145,278,287,330,121,170,348,348,41,61,61,312,284,283,137,206,344,237,243,38,,79,,,b'\x11\xe8\xe1I\xca_0\xe0\xaf\x82\x12\xdf\x17\xaeN\x1e'
11E8E149-CA5F-30E0-AF82-12DF17AE4E1E,2019-ncaa-d0-natl,ncaa,41,34,80,41,97,73,71,93,64,59,62,107,145,194,61,242,83,171,2,180,279,99,108,79,63,66,228,229,163,200,216,53,191,81,156,20,12,165,113,35,41,47,16,15,,,70,24,,,44,89,131,207,82,75,120,63,88,167,233,97,214,221,140,180,243,45,96,17,116,45,17,,40,,,45,140,151,296,14,100,242,16,278,309,114,280,66,80,77,81,58,278,281,26,15,29,268,312,74,314,191,192,216,275,156,305,337,129,189,244,245,206,2,3,,,207,276,,,44,259,86,43,47,76,99,290,56,199,262,295,53,59,63,248,249,300,124,211,272,173,201,1,,276,,,b'\x11\xe8\xe1I\xca_0\xe0\xaf\x82\x12\xdf\x17\xaeN\x1e'
11E8E149-CA5F-30E0-AF82-12DF17AE4E1E,2019-ncaa-d1-conf-Big Sky,ncaa,1,2,2,2,2,2,2,6,3,1,2,4,6,8,4,9,1,4,1,6,11,6,4,3,2,2,8,9,4,8,6,1,8,2,6,1,2,9,8,2,1,1,1,1,,,5,4,,,2,3,7,10,4,3,9,3,4,7,9,3,6,6,9,10,9,2,5,1,7,1,1,,4,,,2,3,2,10,2,2,7,2,7,11,3,9,3,4,1,4,5,10,10,2,1,2,8,9,4,10,8,2,6,7,6,9,11,3,2,4,8,7,1,1,,,5,8,,,2,9,3,2,2,2,2,7,2,6,7,8,2,3,4,6,7,10,2,5,7,2,6,1,,8,,,b'\x11\xe8\xe1I\xca_0\xe0\xaf\x82\x12\xdf\x17\xaeN\x1e'
11E8E149-CA5F-30E0-AF82-12DF17AE4E1E,2019-ncaa-d1-natl,ncaa,39,34,62,38,84,69,68,84,62,55,57,101,141,201,59,249,78,160,4,161,263,92,101,74,67,66,233,236,158,209,226,39,195,73,163,18,12,161,116,34,40,50,14,14,,,70,22,,,42,69,116,210,80,72,124,62,86,168,236,87,197,201,144,172,247,43,102,15,116,43,15,,40,,,41,142,155,309,15,92,251,13,285,315,122,286,72,86,79,91,63,289,298,21,15,26,279,318,82,326,195,203,226,289,163,307,341,109,186,241,240,193,2,2,,,203,263,,,42,276,87,43,44,80,97,293,50,201,269,300,54,63,68,255,261,304,129,222,280,150,196,1,,262,,,b'\x11\xe8\xe1I\xca_0\xe0\xaf\x82\x12\xdf\x17\xaeN\x1e'
11E8E149-CA5F-30E0-AF82-12DF17AE4E1E,2019-ncaa-d1-ncaatournament,ncaa,33,2,33,33,36,62,63,64,63,64,64,64,37,39,41,5,46,47,29,47,7,64,63,60,58,61,1,3,13,58,54,61,63,61,62,55,1,25,61,58,54,46,44,42,,,2,4,,,60,61,60,7,62,63,64,64,64,14,11,39,41,42,64,63,55,61,61,53,53,45,38,,3,,,60,16,18,17,35,13,10,47,19,25,36,51,17,14,47,13,33,15,13,40,41,48,35,42,29,31,63,11,54,27,62,19,40,53,39,46,43,64,6,36,,,63,62,,,60,2,61,59,62,45,43,31,34,21,44,48,34,30,25,29,27,62,43,59,42,37,63,7,,63,,,b'\x11\xe8\xe1I\xca_0\xe0\xaf\x82\x12\xdf\x17\xaeN\x1e'
11E8E149-CA5F-30E0-AF82-12DF17AE4E1E,2020-ncaa-d0-natl,ncaa,163,195,33,184,85,57,94,95,117,194,196,204,20,60,13,80,66,171,7,171,147,103,122,77,58,56,31,44,146,277,310,63,240,156,279,50,51,142,116,74,136,184,51,95,,,91,28,,,186,61,131,330,84,145,162,252,260,34,85,98,209,211,192,240,312,115,241,64,99,171,62,,54,,,185,322,332,342,222,307,333,125,325,270,342,167,74,87,116,91,27,332,308,250,195,283,154,286,17,321,240,298,310,321,279,351,349,257,317,349,122,91,64,80,,,176,219,,,186,278,84,295,190,283,308,326,273,317,315,219,50,60,70,300,241,299,237,271,349,298,82,44,,240,,,b'\x11\xe8\xe1I\xca_0\xe0\xaf\x82\x12\xdf\x17\xaeN\x1e'
11E8E149-CA5F-30E0-AF82-12DF17AE4E1E,2020-ncaa-d1-conf-Big Sky,ncaa,7,7,1,7,7,4,6,8,5,9,10,6,1,3,4,4,6,9,1,9,7,8,9,3,2,2,1,2,9,11,11,5,9,7,9,2,2,4,6,3,6,7,2,3,,,2,1,,,7,7,7,11,5,7,8,10,10,1,3,7,9,9,8,9,11,6,8,2,3,7,3,,2,,,7,6,8,10,7,7,11,6,8,5,10,3,2,2,1,2,2,9,7,7,7,7,3,9,1,9,9,8,11,10,9,9,10,9,9,10,3,4,2,2,,,8,7,,,7,5,5,8,6,6,7,8,7,11,8,5,2,2,2,8,6,9,7,9,9,10,3,2,,8,,,b'\x11\xe8\xe1I\xca_0\xe0\xaf\x82\x12\xdf\x17\xaeN\x1e'
11E8E149-CA5F-30E0-AF82-12DF17AE4E1E,2020-ncaa-d1-natl,ncaa,150,195,12,182,44,40,69,53,120,193,170,221,18,60,11,84,56,153,5,152,155,61,84,82,60,51,31,43,151,260,300,46,241,122,274,38,48,140,93,63,131,176,53,103,,,106,26,,,169,36,117,330,72,129,148,250,247,31,82,93,201,207,162,212,289,110,225,52,83,163,65,,58,,,170,324,336,346,210,311,341,130,330,282,337,167,81,91,111,100,28,341,327,237,178,273,148,271,18,320,241,314,300,331,274,351,349,240,310,348,121,81,88,90,,,184,242,,,169,313,78,290,179,278,304,323,277,319,304,217,50,64,74,304,254,293,246,277,347,282,83,58,,251,,,b'\x11\xe8\xe1I\xca_0\xe0\xaf\x82\x12\xdf\x17\xaeN\x1e'
11E8E149-CA5F-30E0-AF82-12DF17AE4E1E,2021-ncaa-d0-natl,ncaa,191,227,157,207,160,177,195,176,259,235,218,265,111,108,151,85,137,162,48,170,114,176,185,225,187,168,51,80,76,221,281,218,243,226,305,181,148,115,108,143,70,49,220,254,,,123,81,,,251,181,223,64,190,254,199,289,256,95,87,106,166,181,200,243,260,281,303,209,83,50,237,,81,,,241,199,214,171,282,209,207,183,220,129,339,108,148,121,324,118,68,159,169,294,292,270,161,209,100,185,243,228,281,209,305,310,334,149,134,292,132,136,177,217,,,154,87,,,251,164,184,267,239,234,246,168,234,232,233,91,136,88,86,135,149,179,262,243,329,142,111,169,,128,,,b'\x11\xe8\xe1I\xca_0\xe0\xaf\x82\x12\xdf\x17\xaeN\x1e'
11E8E149-CA5F-30E0-AF82-12DF17AE4E1E,2021-ncaa-d1-conf-Big Sky,ncaa,7,8,4,8,4,7,7,5,9,8,8,10,6,4,5,4,6,6,5,6,8,6,7,8,8,6,3,4,6,7,9,8,9,9,10,6,3,6,5,5,3,2,7,9,,,5,4,,,8,7,10,3,9,9,8,10,8,5,4,7,8,8,9,10,10,11,10,5,4,2,8,,2,,,8,8,7,6,9,8,7,7,6,2,11,1,5,5,6,5,3,6,6,8,8,7,3,5,4,9,9,8,9,9,10,11,11,4,3,11,4,5,8,8,,,5,4,,,8,5,7,8,8,6,6,4,8,10,6,1,4,3,3,5,4,9,8,10,11,3,4,7,,5,,,b'\x11\xe8\xe1I\xca_0\xe0\xaf\x82\x12\xdf\x17\xaeN\x1e'
11E8E149-CA5F-30E0-AF82-12DF17AE4E1E,2021-ncaa-d1-natl,ncaa,139,225,70,185,74,127,133,90,259,168,132,256,65,57,174,75,121,152,60,154,176,96,110,227,212,178,62,77,151,118,245,123,202,121,256,104,119,190,106,125,35,38,151,222,,,175,65,,,185,107,209,86,186,219,146,271,234,90,71,165,217,228,173,208,197,228,232,165,90,45,206,,65,,,182,238,259,246,213,260,273,116,232,172,324,97,164,138,286,137,45,230,246,209,198,164,120,194,80,242,202,295,245,280,256,334,338,75,116,273,203,136,255,226,,,117,161,,,185,237,174,166,174,158,190,165,189,238,178,80,85,61,61,119,144,161,263,234,321,121,128,192,,181,,,b'\x11\xe8\xe1I\xca_0\xe0\xaf\x82\x12\xdf\x17\xaeN\x1e'
11E8E149-CA5F-30E0-AF82-12DF17AE4E1E,2022-ncaa-d0-natl,ncaa,336,338,260,342,287,289,290,253,322,317,287,310,163,127,237,65,311,331,70,334,315,274,285,288,295,271,81,64,269,290,306,301,322,313,342,283,222,86,192,237,208,155,330,337,,,47,90,,,342,275,189,275,295,289,178,315,270,113,74,304,330,333,237,239,274,310,326,274,169,152,329,,99,,,342,248,261,135,339,273,149,337,172,145,250,158,212,204,236,197,218,141,88,333,333,352,106,122,161,223,322,213,306,220,342,342,352,331,328,354,171,263,253,319,,,339,338,,,342,70,291,352,344,330,334,264,333,245,228,210,272,270,265,275,200,293,314,319,352,325,238,299,,341,,,b'\x11\xe8\xe1I\xca_0\xe0\xaf\x82\x12\xdf\x17\xaeN\x1e'
11E8E149-CA5F-30E0-AF82-12DF17AE4E1E,2022-ncaa-d1-conf-Big Sky,ncaa,10,10,5,10,7,10,10,6,9,10,9,9,6,3,10,2,10,10,4,10,9,8,8,9,9,10,5,3,8,8,9,10,10,10,10,10,10,8,8,10,5,5,10,10,,,5,4,,,10,8,7,8,10,10,7,10,8,6,3,10,10,10,8,8,8,10,10,10,8,5,9,,6,,,10,9,9,6,10,9,8,10,6,2,9,3,5,6,3,5,6,7,5,10,10,10,2,2,4,10,10,7,9,9,10,10,10,8,9,10,6,8,10,10,,,10,10,,,10,3,10,10,10,10,10,8,10,8,8,3,7,8,7,10,8,10,8,10,10,9,6,10,,10,,,b'\x11\xe8\xe1I\xca_0\xe0\xaf\x82\x12\xdf\x17\xaeN\x1e'
11E8E149-CA5F-30E0-AF82-12DF17AE4E1E,2022-ncaa-d1-natl,ncaa,327,336,213,332,251,268,262,208,310,297,265,296,129,106,218,68,302,327,44,327,321,242,256,281,282,262,93,68,275,263,290,280,324,296,337,259,202,132,189,214,161,146,320,333,,,55,71,,,340,240,184,275,281,270,165,307,257,110,79,302,333,334,232,230,264,294,314,254,167,145,321,,81,,,335,288,294,195,331,304,199,337,193,185,212,173,222,214,248,210,186,198,135,321,318,349,96,123,139,281,324,257,290,278,337,351,353,327,327,353,214,269,270,311,,,333,342,,,340,102,274,352,342,327,334,277,334,255,228,218,247,243,240,281,204,297,306,314,352,323,242,291,,344,,,b'\x11\xe8\xe1I\xca_0\xe0\xaf\x82\x12\xdf\x17\xaeN\x1e'
11E8E149-CA5F-30E0-AF82-12DF17AE4E1E,2023-ncaa-d0-natl,ncaa,195,188,236,201,251,276,269,289,233,323,310,278,102,144,43,74,337,345,138,342,307,302,333,174,198,167,54,22,328,305,280,334,310,332,323,261,220,26,112,154,212,128,345,349,,,28,74,,,243,324,347,106,277,259,278,327,302,73,109,335,348,344,308,346,300,344,349,258,55,181,348,,43,,,243,89,119,65,275,147,95,251,112,85,248,150,74,48,328,51,91,56,42,272,271,290,96,162,111,164,310,113,280,123,323,319,357,287,223,342,132,250,13,63,,,353,347,,,243,30,186,306,255,159,204,89,211,136,140,105,117,78,83,62,38,233,195,212,341,274,182,19,,359,,,b'\x11\xe8\xe1I\xca_0\xe0\xaf\x82\x12\xdf\x17\xaeN\x1e'
11E8E149-CA5F-30E0-AF82-12DF17AE4E1E,2023-ncaa-d1-conf-Big Sky,ncaa,5,7,1,6,2,7,6,3,7,7,6,8,4,4,4,3,10,10,9,10,10,4,5,7,8,7,4,3,10,6,7,9,10,7,9,7,8,6,6,7,4,5,10,9,,,4,4,,,8,3,9,6,7,7,7,9,7,5,5,10,10,10,8,10,6,10,10,8,4,6,10,,4,,,8,9,9,7,10,10,7,8,3,4,5,5,5,5,7,5,5,8,8,8,9,8,3,2,4,10,10,6,7,9,9,10,10,5,7,9,8,7,4,4,,,10,10,,,8,7,7,10,8,4,7,4,7,6,3,3,4,4,4,4,4,10,5,7,10,6,6,2,,10,,,b'\x11\xe8\xe1I\xca_0\xe0\xaf\x82\x12\xdf\x17\xaeN\x1e'
11E8E149-CA5F-30E0-AF82-12DF17AE4E1E,2023-ncaa-d1-natl,ncaa,185,186,151,193,171,244,246,249,239,321,296,285,74,108,34,66,317,334,102,332,287,279,321,170,189,159,34,17,317,289,283,319,304,326,319,222,164,33,102,123,152,91,341,349,,,37,72,,,231,314,347,118,265,270,278,336,312,61,99,329,343,342,305,347,303,338,344,229,43,141,349,,39,,,230,122,168,101,264,183,129,246,128,107,225,159,73,56,322,55,81,72,59,259,248,274,85,167,90,201,304,167,283,182,319,338,358,259,201,341,169,250,11,59,,,349,347,,,231,44,183,297,245,130,180,75,192,123,130,105,87,61,62,51,33,210,193,203,336,263,176,15,,359,,,b'\x11\xe8\xe1I\xca_0\xe0\xaf\x82\x12\xdf\x17\xaeN\x1e'
11E8E149-CA5F-30E0-AF82-12DF17AE4E1E,2024-ncaa-d0-natl,ncaa,319,323,258,327,289,324,319,330,269,339,346,184,182,135,264,43,339,344,158,342,222,340,342,228,244,266,80,55,281,313,283,353,353,354,348,326,302,118,273,295,273,223,310,318,,,35,102,,,334,335,349,263,332,329,338,343,344,153,94,334,339,337,346,343,299,358,355,333,178,255,310,,66,,,331,164,215,87,341,261,158,329,93,43,298,69,97,82,244,79,93,74,42,335,325,340,35,79,90,242,353,76,283,130,348,327,356,336,294,353,180,299,24,137,,,351,330,,,334,22,281,352,343,251,302,144,323,251,127,62,143,131,127,120,46,295,162,234,348,321,239,34,,351,,,b'\x11\xe8\xe1I\xca_0\xe0\xaf\x82\x12\xdf\x17\xaeN\x1e'
11E8E149-CA5F-30E0-AF82-12DF17AE4E1E,2024-ncaa-d1-conf-Big Sky,ncaa,10,10,7,10,8,10,10,9,9,10,10,5,5,4,8,2,10,10,8,10,6,10,9,7,9,9,2,2,9,9,9,10,10,10,10,10,10,6,9,10,9,9,10,10,,,3,4,,,10,10,10,6,10,10,9,10,9,3,3,10,10,10,10,9,9,10,10,10,8,9,10,,4,,,10,7,9,5,10,9,7,10,5,4,8,4,6,6,8,5,5,5,3,10,10,10,2,3,4,9,10,3,9,7,10,10,10,9,9,10,6,10,1,4,,,10,10,,,10,1,9,10,10,10,10,8,10,8,6,5,7,7,7,8,5,10,3,9,10,9,8,2,,10,,,b'\x11\xe8\xe1I\xca_0\xe0\xaf\x82\x12\xdf\x17\xaeN\x1e'
11E8E149-CA5F-30E0-AF82-12DF17AE4E1E,2024-ncaa-d1-natl,ncaa,309,325,194,319,238,309,314,322,275,341,347,208,144,110,224,40,329,339,134,337,219,333,331,220,230,256,54,46,285,308,285,351,351,352,344,319,285,153,268,297,243,194,333,339,,,50,109,,,339,327,348,264,331,334,341,348,347,133,92,332,340,339,349,345,303,359,357,334,178,236,334,,69,,,333,226,268,115,353,305,194,336,106,49,310,64,113,106,235,102,94,94,52,348,339,345,30,78,81,260,351,124,285,179,344,346,356,318,288,355,218,305,27,128,,,350,340,,,339,27,276,354,343,256,304,135,327,250,122,56,135,123,121,109,41,283,154,224,351,322,237,25,,355,,,b'\x11\xe8\xe1I\xca_0\xe0\xaf\x82\x12\xdf\x17\xaeN\x1e'
11E8E149-CA5F-30E0-AF82-12DF17AE4E1E,2025-ncaa-d0-natl,genius_ncaa,341,332,301,343,301,339,325,332,262,293,292,227,311,289,322,205,330,337,130,338,309,343,343,277,289,287,278,251,201,244,161,349,358,335,329,324,284,97,264,293,237,186,227,171,,,47,122,,44,324,350,342,37,332,306,298,252,225,298,260,302,316,325,323,312,189,342,314,320,207,185,187,,113,,78,325,111,116,89,222,88,57,269,213,220,172,297,118,104,214,108,223,83,44,240,233,292,243,270,157,327,358,32,161,155,329,319,361,337,308,351,212,326,62,142,,,354,324,,359,324,15,290,347,331,250,247,235,195,129,289,304,192,186,192,234,141,358,125,289,352,312,295,117,,343,,358,b'\x11\xe8\xe1I\xca_0\xe0\xaf\x82\x12\xdf\x17\xaeN\x1e'
11E8E149-CA5F-30E0-AF82-12DF17AE4E1E,2025-ncaa-d1-conf-Big Sky,genius_ncaa,10,10,7,10,7,10,10,9,8,7,8,4,10,9,10,7,10,9,8,9,8,10,10,9,10,10,9,9,8,7,6,10,10,10,10,10,10,5,6,9,7,6,6,5,,,3,6,,7,10,10,10,2,10,10,7,6,5,10,8,9,9,9,10,10,7,10,10,10,6,7,6,,4,,7,10,8,8,6,10,7,3,10,8,5,7,7,6,6,5,7,8,5,2,10,10,9,8,7,6,10,10,4,6,8,10,10,10,9,9,10,5,7,1,3,,,10,9,,10,10,1,10,10,10,10,10,8,9,4,9,8,6,7,7,7,5,10,5,10,10,9,7,3,,10,,10,b'\x11\xe8\xe1I\xca_0\xe0\xaf\x82\x12\xdf\x17\xaeN\x1e'
11E8E149-CA5F-30E0-AF82-12DF17AE4E1E,2025-ncaa-d1-natl,genius_ncaa,346,332,341,347,341,348,340,348,273,314,317,240,323,307,324,207,337,342,127,341,311,353,353,291,298,299,275,252,201,273,177,356,359,347,335,339,293,85,272,303,275,198,241,179,,,39,129,,35,329,355,345,34,335,321,313,262,231,303,264,303,318,325,323,315,206,344,320,330,210,199,192,,116,,78,334,87,90,59,228,69,32,276,194,197,189,298,102,91,218,95,225,52,20,252,247,308,242,269,153,316,359,21,177,125,335,316,361,351,312,355,196,328,53,154,,,357,320,,359,329,9,300,351,340,268,257,238,211,131,289,306,200,191,194,239,139,358,128,298,352,319,298,120,,344,,358,b'\x11\xe8\xe1I\xca_0\xe0\xaf\x82\x12\xdf\x17\xaeN\x1e'
11E8E149-CA5F-30E0-AF82-12DF17AE4E1E,2026-ncaa-d0-natl,genius_ncaa,260,250,206,273,208,229,267,252,293,235,191,307,308,311,251,334,38,49,91,47,23,220,220,313,238,230,123,330,2,163,154,221,242,200,198,306,315,163,201,302,293,317,248,286,,,138,148,,141,274,227,164,33,210,296,262,229,115,326,326,8,8,7,152,128,120,161,127,329,223,314,242,,181,,154,278,226,249,197,273,263,242,217,196,126,302,92,146,167,98,168,110,181,150,261,243,293,94,150,97,199,242,158,154,170,198,156,56,304,332,291,254,296,321,321,,,128,47,,241,274,142,219,301,272,308,323,334,324,344,249,155,188,211,217,318,268,258,210,249,207,319,294,338,,44,,241,b'\x11\xe8\xe1I\xca_0\xe0\xaf\x82\x12\xdf\x17\xaeN\x1e'
11E8E149-CA5F-30E0-AF82-12DF17AE4E1E,2026-ncaa-d1-natl,genius_ncaa,256,249,177,275,181,223,257,257,246,203,157,286,317,325,240,340,40,53,79,49,49,220,221,286,220,217,179,338,6,168,165,210,239,196,187,304,313,157,182,268,315,333,237,281,,,139,143,,108,281,227,209,31,208,264,254,189,103,331,334,14,19,18,166,176,142,173,145,318,188,322,241,,168,,127,282,252,274,213,283,266,241,234,256,176,316,140,133,163,75,161,114,208,147,288,263,318,124,213,76,225,239,150,165,175,187,191,75,325,339,310,277,306,322,308,,,115,59,,268,281,141,206,322,278,315,325,320,314,324,288,203,156,193,192,312,233,256,187,222,223,332,298,333,,60,,265,b'\x11\xe8\xe1I\xca_0\xe0\xaf\x82\x12\xdf\x17\xaeN\x1e'
11E8E149-CA63-C8D0-AF82-12DF17AE4E1E,2010-ncaa-d0-natl,ncaa,159,114,241,153,275,190,197,277,57,132,175,82,300,315,169,306,97,99,128,101,85,253,222,110,86,151,275,307,47,237,152,271,331,267,260,218,235,239,279,244,45,24,112,109,,,32,22,,,89,217,94,267,130,139,253,70,121,294,306,44,48,50,203,143,201,252,248,183,286,23,88,,58,,,86,38,57,108,94,110,179,57,65,46,218,67,60,90,33,92,95,96,160,85,56,19,95,134,122,293,331,39,152,135,260,102,212,61,27,42,302,310,214,225,,,155,75,,,89,116,169,48,89,91,119,183,166,267,97,68,95,132,134,177,286,328,77,236,160,19,317,259,,76,,,b'\x11\xe8\xe1I\xcac\xc8\xd0\xaf\x82\x12\xdf\x17\xaeN\x1e'
11E8E149-CA63-C8D0-AF82-12DF17AE4E1E,2010-ncaa-d1-conf-SWAC,ncaa,2,2,5,2,8,3,2,6,1,3,7,1,5,5,5,5,6,6,2,6,5,7,8,1,1,1,6,5,8,8,7,5,9,7,9,2,5,2,3,1,3,3,5,4,,,1,1,,,2,7,6,7,2,1,6,1,8,5,5,4,5,5,6,7,8,6,7,1,1,3,4,,1,,,1,1,6,8,4,5,6,4,9,10,8,10,1,1,1,1,2,5,4,5,3,2,5,9,1,8,9,4,7,7,9,6,5,5,3,5,8,8,4,7,,,6,7,,,2,4,1,2,1,3,4,8,4,6,9,10,1,1,1,6,5,10,4,7,5,4,7,4,,7,,,b'\x11\xe8\xe1I\xcac\xc8\xd0\xaf\x82\x12\xdf\x17\xaeN\x1e'
11E8E149-CA63-C8D0-AF82-12DF17AE4E1E,2010-ncaa-d1-natl,ncaa,166,114,276,157,307,205,211,298,61,139,186,87,304,320,170,306,109,107,127,111,84,277,246,113,88,156,273,307,47,258,155,292,331,286,266,229,238,232,278,249,46,26,116,111,,,26,22,,,93,237,96,268,133,142,256,72,124,296,306,44,49,50,203,145,206,258,254,188,286,23,90,,59,,,88,28,46,92,102,98,159,58,54,35,221,65,56,82,35,85,97,74,138,90,60,21,98,131,120,290,331,25,155,115,266,93,210,66,27,45,297,314,207,229,,,171,75,,,93,96,171,50,92,95,126,183,171,271,96,67,99,133,136,180,285,329,80,240,168,19,317,262,,75,,,b'\x11\xe8\xe1I\xcac\xc8\xd0\xaf\x82\x12\xdf\x17\xaeN\x1e'
11E8E149-CA63-C8D0-AF82-12DF17AE4E1E,2011-ncaa-d0-natl,ncaa,71,83,43,82,54,204,231,232,195,150,113,222,310,316,240,319,75,97,84,100,128,207,149,248,189,251,255,319,20,324,332,66,246,188,310,238,213,317,314,295,46,57,106,132,,,211,125,,,121,81,242,138,295,303,337,225,203,330,333,106,143,147,325,308,335,116,304,289,264,69,137,,117,,,125,42,36,229,7,78,267,6,43,124,7,95,173,212,38,206,163,231,274,4,7,3,133,78,271,324,246,272,332,313,310,56,159,37,48,17,191,196,191,148,,,65,49,,,121,247,299,7,136,10,7,86,31,172,19,73,123,161,151,89,158,284,167,237,25,62,138,134,,141,,,b'\x11\xe8\xe1I\xcac\xc8\xd0\xaf\x82\x12\xdf\x17\xaeN\x1e'
11E8E149-CA63-C8D0-AF82-12DF17AE4E1E,2011-ncaa-d1-conf-SWAC,ncaa,1,1,1,1,2,4,3,5,1,2,3,1,7,7,6,7,5,8,1,8,8,6,5,2,1,1,7,7,6,10,10,1,4,4,9,3,5,7,7,4,4,3,3,3,,,1,1,,,1,3,7,4,6,5,10,3,8,7,7,8,10,10,10,10,10,1,8,4,5,4,3,,1,,,1,1,1,10,1,1,8,1,7,10,2,10,1,1,1,1,1,8,9,1,1,1,7,10,1,10,4,6,10,9,9,2,6,4,3,1,3,3,1,2,,,7,7,,,1,7,6,1,1,1,1,5,1,4,6,10,1,1,1,3,3,7,4,5,1,5,2,1,,10,,,b'\x11\xe8\xe1I\xcac\xc8\xd0\xaf\x82\x12\xdf\x17\xaeN\x1e'
11E8E149-CA63-C8D0-AF82-12DF17AE4E1E,2011-ncaa-d1-natl,ncaa,76,82,51,85,65,227,246,254,202,171,127,230,319,322,238,319,85,112,84,115,126,235,175,252,195,251,253,318,21,330,332,77,249,216,312,248,217,308,315,297,53,62,113,134,,,195,125,,,130,98,245,135,299,306,339,233,206,330,333,108,142,144,327,308,336,121,307,297,264,73,139,,118,,,132,30,25,208,7,68,252,6,37,110,7,93,165,202,40,194,161,212,263,3,7,3,132,77,272,321,249,258,332,310,312,45,160,41,52,19,169,197,180,156,,,83,45,,,130,233,302,7,143,10,7,90,32,173,19,72,123,160,149,95,157,288,171,242,27,65,139,141,,142,,,b'\x11\xe8\xe1I\xcac\xc8\xd0\xaf\x82\x12\xdf\x17\xaeN\x1e'
11E8E149-CA63-C8D0-AF82-12DF17AE4E1E,2011-ncaa-d1-ncaatournament,ncaa,33,2,33,33,34,64,63,44,63,60,38,64,55,56,56,42,60,60,52,60,62,48,47,63,64,64,41,19,56,43,49,54,49,51,55,62,60,19,51,64,47,50,48,52,,,12,34,,,60,48,47,3,64,63,24,60,17,51,42,60,60,60,45,39,27,50,45,62,46,45,46,,28,,,60,9,10,6,42,24,14,57,1,6,1,11,23,29,3,28,52,16,16,29,22,32,4,1,43,21,49,29,49,29,55,11,19,47,40,39,22,50,56,64,,,60,61,,,60,9,64,38,61,28,31,17,54,37,1,7,45,56,56,36,27,40,61,61,23,41,47,64,,60,,,b'\x11\xe8\xe1I\xcac\xc8\xd0\xaf\x82\x12\xdf\x17\xaeN\x1e'
11E8E149-CA63-C8D0-AF82-12DF17AE4E1E,2012-ncaa-d0-natl,ncaa,147,174,81,162,91,166,158,143,194,144,114,232,182,199,113,226,155,167,169,163,224,149,147,209,207,188,196,190,162,199,259,239,262,229,292,212,258,176,163,214,72,67,216,239,,,228,212,,,191,126,218,79,217,210,212,189,163,199,232,207,205,207,221,241,247,303,307,259,130,78,240,,182,,,189,203,202,166,244,231,210,236,110,88,212,78,223,233,153,244,215,183,229,217,218,156,104,80,222,209,262,276,259,260,292,241,228,54,53,116,194,183,234,202,,,128,138,,,191,224,210,157,183,153,154,71,193,145,93,59,195,194,207,93,147,172,215,206,208,70,152,201,,181,,,b'\x11\xe8\xe1I\xcac\xc8\xd0\xaf\x82\x12\xdf\x17\xaeN\x1e'
11E8E149-CA63-C8D0-AF82-12DF17AE4E1E,2012-ncaa-d1-conf-SWAC,ncaa,2,2,2,2,2,2,2,4,2,1,3,3,3,4,2,6,7,8,1,8,9,4,5,3,2,1,6,4,9,9,10,7,8,7,6,2,3,2,1,1,3,3,6,6,,,3,2,,,2,5,9,9,2,2,6,2,5,3,5,8,8,8,7,10,10,8,9,2,1,3,6,,2,,,2,5,8,9,6,6,9,5,7,7,6,7,1,1,4,1,1,6,6,6,4,2,1,6,1,8,8,7,10,7,6,9,9,3,3,5,1,2,6,5,,,4,4,,,2,6,1,4,2,1,4,2,3,3,6,4,1,1,1,2,1,5,4,5,8,3,1,4,,8,,,b'\x11\xe8\xe1I\xcac\xc8\xd0\xaf\x82\x12\xdf\x17\xaeN\x1e'
11E8E149-CA63-C8D0-AF82-12DF17AE4E1E,2012-ncaa-d1-natl,ncaa,143,173,55,170,61,148,147,124,182,129,96,227,183,200,119,234,147,144,165,151,221,126,124,204,200,183,205,200,158,197,248,243,269,225,297,210,264,177,159,223,57,70,219,242,,,260,225,,,198,106,222,80,215,212,218,184,165,209,240,206,204,205,230,246,246,308,310,263,125,83,243,,193,,,197,220,223,177,249,245,229,233,127,94,226,79,237,248,143,264,224,195,247,225,227,156,112,85,223,228,269,283,248,276,297,249,214,41,51,106,207,187,239,200,,,103,122,,,198,253,204,163,191,157,155,72,191,136,100,61,193,200,214,88,147,177,191,192,193,66,153,208,,178,,,b'\x11\xe8\xe1I\xcac\xc8\xd0\xaf\x82\x12\xdf\x17\xaeN\x1e'
11E8E149-CA63-C8D0-AF82-12DF17AE4E1E,2012-ncaa-d1-ncaatournament,ncaa,33,2,33,33,34,56,51,56,46,48,49,47,49,52,37,32,58,58,50,57,58,60,59,48,51,54,45,27,57,53,52,64,64,63,64,60,59,19,55,59,49,44,40,32,,,18,38,,,62,53,43,5,55,49,54,44,42,38,36,58,58,57,60,57,50,64,63,59,48,39,23,,42,,,63,27,19,17,45,12,15,33,24,24,54,33,32,22,64,22,49,21,25,49,57,59,59,42,54,27,64,16,52,25,64,29,62,42,30,55,24,58,37,62,,,55,52,,,62,11,56,61,63,59,48,33,31,28,50,38,59,51,51,47,52,57,40,55,59,24,52,58,,53,,,b'\x11\xe8\xe1I\xcac\xc8\xd0\xaf\x82\x12\xdf\x17\xaeN\x1e'
11E8E149-CA63-C8D0-AF82-12DF17AE4E1E,2013-ncaa-d0-natl,ncaa,128,145,80,146,82,168,141,156,126,96,85,164,250,270,143,281,175,141,282,144,207,155,152,162,183,184,285,259,190,207,213,212,137,217,197,143,156,212,185,165,77,62,241,243,,,289,302,,,145,137,256,35,225,182,238,123,119,269,296,219,170,180,233,242,236,296,292,173,168,90,268,,257,,,147,154,123,85,241,201,133,252,49,58,81,71,279,307,18,306,314,126,177,208,217,133,111,40,295,94,137,190,213,148,197,77,82,75,59,41,175,169,253,197,,,171,207,,,145,202,193,113,151,85,81,19,137,65,37,37,251,286,282,44,80,66,132,86,65,95,139,224,,236,,,b'\x11\xe8\xe1I\xcac\xc8\xd0\xaf\x82\x12\xdf\x17\xaeN\x1e'
11E8E149-CA63-C8D0-AF82-12DF17AE4E1E,2013-ncaa-d1-conf-SWAC,ncaa,2,2,1,2,2,3,2,2,2,1,2,2,5,6,2,6,4,3,4,3,6,3,4,3,3,2,7,6,7,6,7,5,1,5,6,2,2,4,3,1,2,2,6,5,,,5,6,,,2,3,10,2,4,3,6,4,5,6,6,7,8,8,9,10,8,8,9,2,2,2,7,,3,,,2,7,7,4,8,6,3,8,7,6,5,8,3,3,3,3,3,4,5,9,9,5,5,6,3,2,1,7,7,4,6,6,4,3,2,3,2,1,7,7,,,5,5,,,2,5,2,3,2,2,3,1,4,1,5,2,3,3,3,1,1,1,5,1,3,4,1,7,,9,,,b'\x11\xe8\xe1I\xcac\xc8\xd0\xaf\x82\x12\xdf\x17\xaeN\x1e'
11E8E149-CA63-C8D0-AF82-12DF17AE4E1E,2013-ncaa-d1-natl,ncaa,135,145,90,150,94,184,151,178,130,112,100,170,259,281,142,280,188,153,283,157,206,179,175,168,190,187,284,261,188,226,215,234,140,240,205,153,159,196,188,170,86,67,248,249,,,280,303,,,156,158,260,34,232,195,241,132,124,271,296,218,167,180,237,243,241,297,297,178,169,96,272,,258,,,157,135,109,57,247,185,106,255,43,50,86,71,273,303,20,302,317,94,155,210,220,143,111,41,295,78,140,172,215,121,205,69,84,91,59,48,162,172,247,202,,,194,204,,,156,183,198,119,162,92,82,19,143,66,38,37,255,288,284,44,81,65,134,88,70,103,140,230,,233,,,b'\x11\xe8\xe1I\xcac\xc8\xd0\xaf\x82\x12\xdf\x17\xaeN\x1e'
11E8E149-CA63-C8D0-AF82-12DF17AE4E1E,2013-ncaa-d1-ncaatournament,ncaa,33,2,33,33,35,63,54,42,60,57,38,62,40,47,33,24,64,64,,63,63,50,51,58,64,62,30,8,64,37,26,63,62,51,54,48,26,14,30,40,56,52,63,63,,,33,64,,,63,60,56,7,63,54,13,57,19,23,24,64,64,63,39,41,11,63,48,45,26,50,63,,62,,,63,26,26,8,62,27,14,61,2,3,14,4,36,40,21,40,60,15,10,62,60,62,12,3,53,18,62,17,26,21,54,34,62,58,51,61,21,53,51,62,,,64,64,,,63,6,60,62,63,57,57,11,58,36,2,3,60,63,63,27,17,36,48,49,61,54,44,64,,64,,,b'\x11\xe8\xe1I\xcac\xc8\xd0\xaf\x82\x12\xdf\x17\xaeN\x1e'
11E8E149-CA63-C8D0-AF82-12DF17AE4E1E,2014-ncaa-d0-natl,ncaa,180,224,85,203,87,169,231,95,331,202,72,337,226,197,264,247,34,30,175,31,69,70,58,333,312,303,117,233,7,94,206,201,323,137,312,297,322,306,220,322,63,98,69,94,,,319,233,,,268,54,46,25,225,293,107,242,97,244,213,27,26,29,67,42,112,269,195,322,285,73,81,,308,,,262,284,217,225,160,279,294,152,62,81,91,31,343,343,215,343,313,285,310,123,180,103,146,28,332,326,323,334,206,340,312,183,138,24,43,35,309,234,264,188,,,20,35,,,268,299,302,124,249,249,175,182,238,272,42,49,332,333,333,268,327,314,323,331,149,21,270,247,,9,,,b'\x11\xe8\xe1I\xcac\xc8\xd0\xaf\x82\x12\xdf\x17\xaeN\x1e'
11E8E149-CA63-C8D0-AF82-12DF17AE4E1E,2014-ncaa-d1-conf-SWAC,ncaa,3,3,1,3,1,1,3,1,8,5,2,8,1,1,4,3,1,3,1,3,3,1,1,7,5,3,1,2,1,2,6,5,9,4,9,4,8,3,1,4,3,4,1,2,,,8,3,,,3,2,5,2,3,5,1,7,5,1,2,1,3,3,1,4,4,6,5,7,2,4,2,,3,,,3,8,6,8,4,5,7,2,8,8,6,7,9,8,9,8,4,8,10,5,4,3,9,7,7,10,9,10,6,10,9,7,6,2,2,4,4,1,7,6,,,1,3,,,3,10,3,6,2,5,4,7,4,6,7,7,7,6,6,7,9,10,9,10,5,2,1,7,,3,,,b'\x11\xe8\xe1I\xcac\xc8\xd0\xaf\x82\x12\xdf\x17\xaeN\x1e'
11E8E149-CA63-C8D0-AF82-12DF17AE4E1E,2014-ncaa-d1-natl,ncaa,191,223,100,211,102,189,249,111,331,219,88,338,236,207,263,247,35,33,174,34,67,85,65,333,313,306,114,236,7,111,213,229,328,163,314,308,322,296,227,323,73,108,73,96,,,311,235,,,274,60,47,25,230,297,110,244,97,248,213,29,28,31,68,46,121,275,200,325,285,78,83,,310,,,270,273,200,207,167,267,284,160,52,72,94,32,342,341,217,341,314,276,302,128,188,113,147,27,334,321,328,330,213,338,314,168,137,28,49,38,298,232,257,200,,,24,33,,,274,292,307,134,257,253,183,181,246,276,43,49,335,334,333,269,327,314,325,334,152,24,271,249,,11,,,b'\x11\xe8\xe1I\xcac\xc8\xd0\xaf\x82\x12\xdf\x17\xaeN\x1e'
11E8E149-CA63-C8D0-AF82-12DF17AE4E1E,2014-ncaa-d1-ncaatournament,ncaa,33,2,33,33,34,60,60,43,62,60,49,61,42,30,49,10,56,52,61,52,47,45,45,61,62,61,11,6,51,52,62,49,20,52,60,56,31,7,14,37,47,41,54,55,,,4,7,,,61,40,13,3,60,60,15,60,42,23,6,55,49,49,25,36,52,46,52,55,10,36,53,,5,,,61,22,21,11,60,14,6,57,38,29,60,58,13,14,25,13,35,7,17,61,61,57,58,61,12,2,20,33,62,26,60,34,59,39,6,48,19,36,32,58,,,51,44,,,61,25,63,52,61,54,53,24,38,10,61,53,25,24,22,18,35,6,62,58,62,9,35,55,,45,,,b'\x11\xe8\xe1I\xcac\xc8\xd0\xaf\x82\x12\xdf\x17\xaeN\x1e'
11E8E149-CA63-C8D0-AF82-12DF17AE4E1E,2015-ncaa-d0-natl,ncaa,208,238,113,230,161,189,226,116,321,150,69,303,301,251,344,286,38,30,218,31,68,83,71,335,318,307,238,313,11,57,105,232,334,138,267,292,306,291,214,321,155,199,177,231,,,270,186,,,273,86,37,283,231,272,116,163,55,309,262,24,13,13,65,32,51,277,152,324,272,163,195,,265,,,267,260,259,255,210,308,287,237,52,118,21,52,278,317,19,318,253,280,290,151,148,133,53,22,248,328,334,276,105,309,267,238,173,94,130,135,290,227,228,165,,,22,15,,,273,263,299,172,267,248,253,259,310,308,39,96,277,309,311,301,324,329,254,312,222,80,267,220,,7,,,b'\x11\xe8\xe1I\xcac\xc8\xd0\xaf\x82\x12\xdf\x17\xaeN\x1e'
11E8E149-CA63-C8D0-AF82-12DF17AE4E1E,2015-ncaa-d1-conf-SWAC,ncaa,4,4,2,4,3,4,3,2,4,2,3,3,9,7,9,8,2,3,1,3,4,2,3,5,5,5,8,10,3,2,5,4,8,3,6,5,8,3,1,6,6,7,2,6,,,5,2,,,4,3,2,7,4,4,2,3,3,9,7,2,2,2,2,2,2,7,4,6,2,7,3,,3,,,4,8,9,10,5,9,8,7,9,10,3,9,4,5,5,5,4,9,8,6,4,6,3,8,3,9,8,7,5,8,6,8,4,4,8,7,7,4,5,4,,,2,2,,,4,8,3,7,4,7,9,10,8,8,9,10,3,3,3,10,9,8,4,8,6,6,6,4,,2,,,b'\x11\xe8\xe1I\xcac\xc8\xd0\xaf\x82\x12\xdf\x17\xaeN\x1e'
11E8E149-CA63-C8D0-AF82-12DF17AE4E1E,2015-ncaa-d1-natl,ncaa,206,238,97,224,135,175,205,90,314,129,62,294,299,251,342,284,37,27,227,28,78,69,58,328,307,303,241,308,13,54,86,230,335,123,262,298,318,301,208,322,129,179,180,237,,,281,191,,,262,63,41,285,219,257,110,150,54,307,260,29,15,15,65,32,50,275,145,325,269,145,200,,267,,,255,267,261,268,204,305,292,231,59,122,21,61,275,316,21,318,245,288,305,147,138,127,58,26,248,330,335,273,86,320,262,234,169,80,119,130,289,219,226,152,,,15,19,,,262,286,292,152,254,240,242,248,306,297,42,97,267,305,307,293,322,330,244,311,215,80,265,211,,8,,,b'\x11\xe8\xe1I\xcac\xc8\xd0\xaf\x82\x12\xdf\x17\xaeN\x1e'
11E8E149-CA63-C8D0-AF82-12DF17AE4E1E,2016-ncaa-d0-natl,ncaa,221,156,321,206,330,293,238,298,124,171,211,109,327,311,317,275,308,294,252,294,291,305,308,205,219,222,332,313,252,273,198,335,342,333,314,318,334,123,247,296,116,71,283,289,,,11,19,,,222,313,123,162,208,131,161,66,86,310,282,261,246,247,189,151,206,309,301,295,247,47,263,,41,,,230,52,118,58,264,224,154,280,16,26,29,40,26,29,133,28,44,38,52,207,181,135,4,20,65,243,342,47,198,92,314,145,192,154,77,137,77,177,22,33,,,327,282,,,222,40,239,180,231,214,279,251,324,316,36,53,89,94,91,224,283,333,180,283,258,43,189,62,,266,,,b'\x11\xe8\xe1I\xcac\xc8\xd0\xaf\x82\x12\xdf\x17\xaeN\x1e'
11E8E149-CA63-C8D0-AF82-12DF17AE4E1E,2016-ncaa-d1-conf-SWAC,ncaa,5,5,7,5,8,7,5,6,5,6,8,4,5,4,8,3,10,10,5,10,9,8,9,5,5,5,6,4,9,6,7,8,10,8,8,7,8,2,2,7,6,4,5,5,,,1,1,,,6,9,9,3,5,3,5,5,6,5,3,9,10,10,7,9,6,8,8,7,2,3,5,,1,,,6,2,6,6,6,6,5,6,6,7,3,9,2,1,6,1,1,3,3,6,4,4,1,8,1,9,10,3,7,8,8,6,8,6,5,6,2,2,3,5,,,10,9,,,6,2,5,7,5,4,7,8,7,6,6,7,2,2,2,5,7,9,6,9,6,4,2,4,,10,,,b'\x11\xe8\xe1I\xcac\xc8\xd0\xaf\x82\x12\xdf\x17\xaeN\x1e'
11E8E149-CA63-C8D0-AF82-12DF17AE4E1E,2016-ncaa-d1-natl,ncaa,216,156,337,204,345,281,232,287,132,141,186,114,326,310,321,279,308,292,273,295,302,301,303,206,234,226,336,314,271,239,164,340,340,327,298,322,337,130,237,297,109,67,279,286,,,10,19,,,216,313,119,161,199,122,138,60,67,310,280,270,250,251,162,123,159,304,263,289,247,44,259,,44,,,219,52,128,67,254,242,173,272,15,26,23,42,31,40,135,39,48,34,64,192,159,115,5,19,72,261,340,39,164,98,298,145,188,146,80,132,75,152,21,27,,,326,296,,,216,34,229,173,216,209,271,255,321,318,31,56,96,101,100,227,289,332,178,285,248,48,172,61,,269,,,b'\x11\xe8\xe1I\xcac\xc8\xd0\xaf\x82\x12\xdf\x17\xaeN\x1e'
11E8E149-CA63-C8D0-AF82-12DF17AE4E1E,2017-ncaa-d0-natl,ncaa,197,229,116,219,141,172,174,177,160,115,100,182,275,281,232,299,102,36,334,35,47,142,117,214,228,239,274,300,70,196,245,223,284,214,288,247,304,283,247,285,139,170,282,303,,,286,254,,,252,100,90,189,194,207,227,115,101,296,298,102,25,27,171,126,214,274,265,280,268,151,292,,282,,,251,267,266,202,302,316,262,306,35,57,53,30,291,311,78,304,245,228,246,246,257,218,32,13,245,263,284,278,245,284,288,221,128,91,116,141,267,237,187,128,,,64,46,,,252,236,259,236,256,251,263,173,317,273,34,40,283,304,297,212,258,251,243,254,188,96,255,173,,39,,,b'\x11\xe8\xe1I\xcac\xc8\xd0\xaf\x82\x12\xdf\x17\xaeN\x1e'
11E8E149-CA63-C8D0-AF82-12DF17AE4E1E,2017-ncaa-d1-conf-SWAC,ncaa,7,7,5,7,6,5,4,8,4,4,9,3,5,5,4,3,6,7,5,7,5,9,9,4,4,2,8,6,5,9,9,10,10,9,10,5,7,1,3,3,8,7,9,9,,,4,6,,,6,9,7,5,6,4,7,3,7,5,5,7,8,8,8,9,9,10,10,4,2,7,9,,4,,,6,8,8,4,10,9,6,10,2,2,4,2,5,4,8,4,5,3,2,8,9,9,3,2,4,8,10,5,9,5,10,4,3,9,7,8,3,4,3,5,,,8,6,,,6,2,4,10,8,7,8,4,10,5,2,2,5,3,3,4,4,8,5,6,4,7,4,4,,8,,,b'\x11\xe8\xe1I\xcac\xc8\xd0\xaf\x82\x12\xdf\x17\xaeN\x1e'
11E8E149-CA63-C8D0-AF82-12DF17AE4E1E,2017-ncaa-d1-natl,ncaa,215,229,144,232,172,204,204,217,173,140,129,194,283,289,238,295,120,40,334,39,50,178,153,226,242,243,274,297,69,215,257,264,288,259,293,276,304,264,252,290,163,182,292,308,,,266,257,,,262,129,93,170,208,218,233,123,108,295,298,106,27,27,178,130,224,279,277,292,267,163,299,,284,,,261,247,253,164,311,311,247,316,30,40,58,29,272,296,83,291,246,192,216,263,270,230,30,12,245,242,288,254,257,262,293,205,130,115,123,150,248,241,166,132,,,76,45,,,262,202,268,244,270,259,275,172,319,273,34,40,284,306,299,210,254,254,245,263,197,103,254,181,,37,,,b'\x11\xe8\xe1I\xcac\xc8\xd0\xaf\x82\x12\xdf\x17\xaeN\x1e'
11E8E149-CA63-C8D0-AF82-12DF17AE4E1E,2018-ncaa-d0-natl,ncaa,208,189,242,214,244,159,231,176,291,147,95,271,327,286,337,306,5,7,68,7,10,112,99,319,254,249,182,327,1,186,248,198,326,195,316,290,302,237,193,294,131,175,135,231,,,299,230,,,232,80,5,44,94,203,81,105,43,323,273,1,1,1,31,14,139,134,126,287,277,103,112,,329,,,233,259,271,243,247,333,335,157,6,2,168,1,302,325,30,321,167,271,295,127,124,105,1,2,261,336,326,286,248,321,316,168,65,54,100,70,162,122,301,254,,,19,20,,,232,272,253,158,223,310,318,327,348,349,7,3,320,330,330,338,346,341,328,343,207,28,202,324,,2,,,b'\x11\xe8\xe1I\xcac\xc8\xd0\xaf\x82\x12\xdf\x17\xaeN\x1e'
11E8E149-CA63-C8D0-AF82-12DF17AE4E1E,2018-ncaa-d1-conf-SWAC,ncaa,4,4,3,4,3,3,4,4,6,4,4,7,6,5,4,8,1,1,1,1,1,4,4,5,3,3,1,7,1,8,8,1,6,4,7,7,9,4,4,7,7,7,3,6,,,6,3,,,5,2,2,3,1,5,6,4,4,6,5,1,1,1,2,2,8,3,5,7,4,7,4,,6,,,5,9,10,10,7,10,10,5,2,2,7,1,7,6,5,6,1,10,9,4,4,5,1,1,4,9,6,9,8,9,7,7,3,5,6,5,4,4,6,7,,,1,1,,,5,9,4,4,5,9,10,10,10,10,2,1,5,5,5,10,9,9,7,8,5,6,4,6,,1,,,b'\x11\xe8\xe1I\xcac\xc8\xd0\xaf\x82\x12\xdf\x17\xaeN\x1e'
11E8E149-CA63-C8D0-AF82-12DF17AE4E1E,2018-ncaa-d1-natl,ncaa,203,188,213,204,223,131,214,142,287,129,65,270,319,284,334,310,3,3,78,3,11,89,67,315,256,239,196,327,2,128,213,186,328,178,303,260,293,253,181,278,122,166,107,216,,,310,244,,,224,63,5,47,76,178,63,85,30,318,268,1,1,1,20,8,95,134,107,260,280,95,86,,331,,,224,278,283,268,257,336,341,150,6,3,188,1,314,328,36,328,177,294,310,128,136,106,1,2,275,338,328,288,213,331,303,184,68,55,101,74,162,111,297,224,,,15,22,,,224,286,238,166,220,316,318,327,348,349,9,3,328,336,335,340,346,341,328,344,212,29,199,318,,2,,,b'\x11\xe8\xe1I\xcac\xc8\xd0\xaf\x82\x12\xdf\x17\xaeN\x1e'
11E8E149-CA63-C8D0-AF82-12DF17AE4E1E,2019-ncaa-d0-natl,ncaa,163,138,249,153,256,215,237,250,205,184,163,207,281,282,266,273,72,100,59,96,85,224,172,233,185,245,214,282,18,261,249,176,285,206,251,129,25,319,321,216,48,45,56,83,,,334,325,,,166,138,29,50,166,215,205,144,114,270,265,28,58,50,153,53,233,98,155,82,331,25,38,,342,,,166,93,49,109,64,155,283,28,7,6,94,1,339,349,15,348,327,188,249,19,47,21,91,4,347,298,285,143,249,236,251,39,85,41,44,14,333,331,36,48,,,150,135,,,166,224,261,35,158,155,91,166,221,342,5,4,345,347,347,306,335,328,227,303,66,20,338,60,,74,,,b'\x11\xe8\xe1I\xcac\xc8\xd0\xaf\x82\x12\xdf\x17\xaeN\x1e'
11E8E149-CA63-C8D0-AF82-12DF17AE4E1E,2019-ncaa-d1-conf-SWAC,ncaa,2,2,3,2,3,2,3,5,1,3,4,1,2,2,1,2,2,5,1,5,4,4,4,1,1,1,2,3,3,10,8,2,5,4,5,1,1,7,5,1,3,2,5,5,,,7,5,,,1,3,3,1,2,3,7,3,8,2,4,1,7,6,7,4,10,2,6,1,5,3,5,,6,,,1,6,6,8,2,7,10,1,2,3,7,1,7,8,5,8,3,8,8,2,1,1,3,3,8,6,5,4,8,5,5,4,2,5,6,2,6,5,1,1,,,3,7,,,1,9,2,1,1,3,4,5,5,9,3,1,6,6,6,6,8,5,5,5,3,4,5,1,,5,,,b'\x11\xe8\xe1I\xcac\xc8\xd0\xaf\x82\x12\xdf\x17\xaeN\x1e'
11E8E149-CA63-C8D0-AF82-12DF17AE4E1E,2019-ncaa-d1-natl,ncaa,148,137,155,146,176,148,161,173,157,106,95,174,275,273,247,281,48,81,54,74,118,145,95,206,154,214,252,293,32,202,217,119,285,148,237,83,33,329,306,195,19,30,51,78,,,341,311,,,107,67,18,58,121,144,145,83,72,276,274,25,59,54,108,37,197,78,119,58,329,14,35,,342,,,104,86,56,151,33,159,308,18,5,6,47,2,338,349,15,349,325,242,302,14,30,10,99,4,349,325,285,198,217,287,237,36,85,19,28,6,334,312,36,27,,,104,149,,,107,290,238,16,109,119,59,161,185,336,4,4,340,347,347,290,338,328,220,303,48,9,328,46,,74,,,b'\x11\xe8\xe1I\xcac\xc8\xd0\xaf\x82\x12\xdf\x17\xaeN\x1e'
11E8E149-CA63-C8D0-AF82-12DF17AE4E1E,2020-ncaa-d0-natl,ncaa,276,258,260,279,287,331,327,308,311,293,230,325,289,296,257,246,302,297,256,304,280,314,293,316,318,324,239,215,174,313,289,338,204,345,308,237,54,244,300,260,111,80,180,159,,,316,344,,,299,275,149,121,334,324,285,274,180,280,281,294,281,288,295,253,290,339,344,209,281,83,164,,337,,,302,104,82,18,321,191,88,303,13,9,167,13,304,334,15,338,345,34,76,286,285,178,76,10,330,30,204,136,289,74,308,131,208,67,30,67,271,316,33,50,,,189,70,,,299,107,336,131,286,177,138,20,247,161,17,9,322,340,343,69,175,47,214,143,186,36,300,47,,115,,,b'\x11\xe8\xe1I\xcac\xc8\xd0\xaf\x82\x12\xdf\x17\xaeN\x1e'
11E8E149-CA63-C8D0-AF82-12DF17AE4E1E,2020-ncaa-d1-conf-SWAC,ncaa,5,5,1,5,1,8,7,9,5,7,8,5,3,7,3,3,10,10,2,10,7,10,10,5,5,5,5,2,6,9,9,5,1,9,4,3,1,3,7,4,6,6,2,2,,,5,9,,,5,9,10,1,10,8,10,9,9,4,7,10,10,10,10,10,9,5,9,3,3,6,2,,5,,,5,4,4,2,5,4,2,4,4,1,7,2,6,7,5,7,9,2,3,5,5,5,8,5,10,2,1,3,9,2,4,5,7,5,4,6,5,8,1,2,,,8,4,,,5,4,5,5,5,4,4,2,4,2,4,1,6,6,6,2,3,2,3,2,5,6,5,1,,9,,,b'\x11\xe8\xe1I\xcac\xc8\xd0\xaf\x82\x12\xdf\x17\xaeN\x1e'
11E8E149-CA63-C8D0-AF82-12DF17AE4E1E,2020-ncaa-d1-natl,ncaa,257,257,128,265,190,309,297,269,283,233,175,290,290,289,285,256,281,266,262,270,264,281,250,299,301,313,271,254,171,297,284,333,170,344,292,179,50,279,302,253,66,56,168,156,,,336,344,,,290,195,142,153,326,310,287,239,174,293,287,282,264,271,294,253,293,341,345,179,282,61,169,,336,,,289,149,121,18,325,224,118,302,23,8,216,14,325,341,15,341,345,59,144,298,301,175,90,15,336,26,170,165,284,80,292,135,173,31,25,48,293,311,38,43,,,115,74,,,290,218,326,108,281,162,126,9,229,113,20,5,322,339,341,51,157,26,170,89,136,32,294,42,,117,,,b'\x11\xe8\xe1I\xcac\xc8\xd0\xaf\x82\x12\xdf\x17\xaeN\x1e'
11E8E149-CA63-C8D0-AF82-12DF17AE4E1E,2021-ncaa-d0-natl,ncaa,307,227,293,309,293,296,291,305,127,274,292,151,301,312,172,268,307,289,334,285,201,302,295,154,213,277,291,262,250,302,176,283,123,300,100,238,22,143,330,235,251,148,127,59,,,127,332,,,235,291,69,34,258,199,272,132,158,266,285,273,202,204,260,123,242,125,183,71,331,117,44,,339,,,257,52,52,47,174,64,61,117,44,33,214,38,105,176,1,175,318,56,54,140,104,110,140,67,285,45,123,27,176,30,100,93,316,271,135,211,138,310,33,70,,,294,182,,,235,58,293,104,228,191,162,157,204,249,96,64,289,335,337,245,282,144,59,72,275,103,317,74,,156,,,b'\x11\xe8\xe1I\xcac\xc8\xd0\xaf\x82\x12\xdf\x17\xaeN\x1e'
11E8E149-CA63-C8D0-AF82-12DF17AE4E1E,2021-ncaa-d1-conf-SWAC,ncaa,8,8,9,8,9,10,10,10,5,10,10,7,7,9,5,4,10,10,7,10,8,10,10,5,7,9,5,1,7,10,7,7,3,9,4,6,1,7,10,7,7,6,5,1,,,4,10,,,7,10,4,1,9,9,9,9,10,3,6,9,9,9,10,7,9,4,5,2,10,5,1,,10,,,7,2,2,1,5,2,1,5,6,3,8,9,3,5,1,4,8,1,2,5,5,7,8,8,5,2,3,1,7,1,4,7,10,7,6,8,6,9,1,3,,,9,7,,,7,3,10,7,7,7,7,6,6,6,8,7,6,9,9,7,7,4,4,4,9,6,9,3,,8,,,b'\x11\xe8\xe1I\xcac\xc8\xd0\xaf\x82\x12\xdf\x17\xaeN\x1e'
11E8E149-CA63-C8D0-AF82-12DF17AE4E1E,2021-ncaa-d1-natl,ncaa,312,225,299,314,299,302,294,309,130,283,296,155,303,314,175,268,307,297,334,293,204,306,300,158,216,280,292,259,249,304,182,291,133,302,107,251,22,128,332,244,261,158,136,62,,,115,332,,,243,294,71,30,265,206,280,141,159,267,286,277,202,205,264,129,245,134,188,73,332,121,44,,341,,,264,47,48,42,181,58,53,123,41,29,221,33,96,164,1,164,316,51,52,147,113,115,137,66,285,40,133,24,182,27,107,89,316,280,140,220,128,314,32,71,,,299,179,,,243,54,295,110,240,202,170,159,213,251,95,63,292,336,336,245,279,147,58,76,278,107,320,74,,157,,,b'\x11\xe8\xe1I\xcac\xc8\xd0\xaf\x82\x12\xdf\x17\xaeN\x1e'
11E8E149-CA63-C8D0-AF82-12DF17AE4E1E,2022-ncaa-d0-natl,ncaa,254,233,260,251,287,256,268,214,314,273,189,330,202,220,173,202,192,184,212,195,177,217,160,298,293,321,118,150,94,222,260,200,267,212,281,159,24,326,334,261,97,99,140,121,,,306,302,,,312,139,9,275,216,242,101,243,116,170,164,136,125,130,92,18,168,108,116,88,349,48,108,,341,,,313,241,183,160,214,166,137,224,199,203,196,180,326,341,24,340,340,214,223,218,233,225,270,164,314,252,267,239,260,254,281,326,350,133,151,273,322,313,98,114,,,229,264,,,312,212,329,241,306,327,290,291,260,235,272,277,344,351,352,341,345,310,327,334,342,65,342,137,,144,,,b'\x11\xe8\xe1I\xcac\xc8\xd0\xaf\x82\x12\xdf\x17\xaeN\x1e'
11E8E149-CA63-C8D0-AF82-12DF17AE4E1E,2022-ncaa-d1-conf-SWAC,ncaa,7,6,5,7,7,7,6,8,7,8,9,5,3,4,3,3,7,11,2,11,9,9,6,5,5,8,6,3,11,10,10,6,5,6,6,3,1,12,12,8,3,2,5,3,,,9,7,,,8,4,3,9,7,7,8,9,10,3,5,10,11,11,9,5,11,6,7,2,12,2,4,,7,,,8,8,6,8,4,5,6,5,11,11,6,11,10,10,4,10,9,9,9,5,6,6,12,11,9,9,5,7,10,9,6,12,12,6,7,11,12,12,5,5,,,8,10,,,8,9,8,6,8,8,6,8,5,3,11,11,8,8,8,10,10,8,5,7,12,6,12,4,,11,,,b'\x11\xe8\xe1I\xcac\xc8\xd0\xaf\x82\x12\xdf\x17\xaeN\x1e'
11E8E149-CA63-C8D0-AF82-12DF17AE4E1E,2022-ncaa-d1-natl,ncaa,219,233,146,230,196,191,194,114,307,201,104,329,163,157,176,202,136,124,232,132,193,114,64,294,292,312,132,158,118,156,256,118,264,125,280,79,15,348,320,235,40,68,85,90,,,342,312,,,296,45,9,275,188,204,58,208,92,162,154,134,113,129,61,16,155,91,100,54,348,27,72,,345,,,292,308,249,253,188,239,227,208,220,251,129,153,346,356,10,356,345,309,321,186,191,159,263,135,325,319,264,324,256,337,280,336,346,51,110,221,338,296,106,63,,,147,283,,,296,309,324,180,290,315,259,284,248,234,220,259,346,355,355,341,348,312,335,341,337,34,337,97,,143,,,b'\x11\xe8\xe1I\xcac\xc8\xd0\xaf\x82\x12\xdf\x17\xaeN\x1e'
11E8E149-CA63-C8D0-AF82-12DF17AE4E1E,2023-ncaa-d0-natl,ncaa,223,160,326,204,327,291,337,303,341,345,320,338,193,156,263,109,96,56,323,54,5,251,252,312,303,295,17,108,5,279,281,328,273,323,319,308,191,184,248,299,145,114,320,321,,,287,335,,,278,234,17,41,216,313,145,336,253,132,79,23,10,10,69,39,212,274,270,270,301,66,315,,351,,,284,98,66,45,261,165,74,308,19,47,19,69,293,342,1,343,355,90,126,213,193,133,83,15,341,112,273,192,281,164,319,48,91,116,66,37,162,214,93,205,,,144,59,,,278,130,316,128,271,281,244,172,312,236,39,118,347,358,359,302,343,247,338,322,153,31,268,162,,24,,,b'\x11\xe8\xe1I\xcac\xc8\xd0\xaf\x82\x12\xdf\x17\xaeN\x1e'
11E8E149-CA63-C8D0-AF82-12DF17AE4E1E,2023-ncaa-d1-conf-SWAC,ncaa,3,3,4,3,7,5,10,9,9,12,11,12,1,1,3,1,4,3,5,3,1,5,3,6,4,5,1,1,2,11,11,4,3,7,8,5,3,10,9,7,4,5,10,11,,,10,10,,,7,2,2,6,5,11,10,12,12,1,1,3,3,3,5,4,11,6,7,6,9,3,10,,10,,,7,8,8,6,8,9,5,11,1,8,1,7,9,10,2,10,10,9,11,7,5,5,2,1,7,3,3,9,11,7,8,2,2,2,4,1,8,6,2,4,,,4,4,,,7,11,8,4,5,7,8,4,9,4,1,7,8,11,11,6,10,3,10,7,3,2,7,2,,4,,,b'\x11\xe8\xe1I\xcac\xc8\xd0\xaf\x82\x12\xdf\x17\xaeN\x1e'
11E8E149-CA63-C8D0-AF82-12DF17AE4E1E,2023-ncaa-d1-natl,ncaa,185,160,219,179,230,199,271,171,322,311,273,298,117,75,252,88,59,26,332,25,5,130,112,287,270,267,23,93,19,203,257,282,266,268,305,246,189,272,229,283,63,69,292,303,,,336,334,,,233,90,9,50,156,262,93,314,250,93,53,25,8,8,41,23,175,270,246,232,304,32,286,,353,,,234,207,148,106,242,246,162,285,25,74,18,55,341,359,2,359,355,210,270,183,190,101,101,13,352,193,266,288,257,267,305,80,73,35,43,24,203,172,113,175,,,68,64,,,233,271,284,89,228,278,217,163,301,240,31,95,353,360,360,296,351,243,333,317,118,16,244,141,,20,,,b'\x11\xe8\xe1I\xcac\xc8\xd0\xaf\x82\x12\xdf\x17\xaeN\x1e'
11E8E149-CA63-C8D0-AF82-12DF17AE4E1E,2024-ncaa-d0-natl,ncaa,297,228,347,294,352,340,346,337,320,241,173,308,360,358,360,356,155,151,203,146,149,320,309,353,340,338,350,360,8,203,70,359,338,347,257,325,228,218,313,322,145,66,189,128,,,303,358,,,318,324,63,154,281,291,182,98,20,360,352,40,32,32,117,45,74,351,281,278,343,53,119,,359,,,330,72,22,5,315,77,39,285,6,3,225,4,354,355,59,355,359,24,29,272,319,278,216,7,360,101,338,7,70,20,257,72,229,189,81,112,295,340,187,186,,,301,221,,,318,31,334,284,331,303,183,50,273,200,25,16,360,360,360,236,290,264,136,201,215,56,347,306,,135,,,b'\x11\xe8\xe1I\xcac\xc8\xd0\xaf\x82\x12\xdf\x17\xaeN\x1e'
11E8E149-CA63-C8D0-AF82-12DF17AE4E1E,2024-ncaa-d1-conf-SWAC,ncaa,8,8,5,8,7,8,8,6,8,4,2,6,12,12,12,12,4,7,3,7,10,5,4,9,9,10,12,12,3,6,3,12,9,11,7,7,8,11,10,9,5,3,5,4,,,12,12,,,9,5,5,5,9,7,8,1,1,12,12,4,5,5,7,5,8,12,11,8,10,4,5,,12,,,9,12,10,2,12,11,3,12,3,1,11,1,12,12,5,12,12,5,5,12,12,12,5,2,11,2,9,2,3,2,7,8,5,4,3,4,12,11,8,7,,,9,10,,,9,8,10,11,10,10,9,2,11,4,3,1,12,12,12,3,6,3,3,4,6,4,11,8,,9,,,b'\x11\xe8\xe1I\xcac\xc8\xd0\xaf\x82\x12\xdf\x17\xaeN\x1e'
11E8E149-CA63-C8D0-AF82-12DF17AE4E1E,2024-ncaa-d1-natl,ncaa,266,230,320,260,338,276,280,277,257,146,99,261,360,356,360,355,88,78,209,75,123,239,210,317,290,310,346,361,16,153,65,353,327,320,227,256,198,297,314,302,60,41,133,109,,,345,359,,,271,225,36,168,217,216,162,62,23,360,352,33,24,23,99,34,83,346,272,216,345,33,102,,361,,,275,137,48,14,289,136,92,251,8,5,193,3,357,360,39,360,361,64,121,242,289,191,189,4,362,157,327,17,65,43,227,102,216,69,38,59,324,329,237,189,,,225,226,,,271,118,300,202,280,270,152,45,257,208,19,13,362,362,362,215,305,251,98,156,184,25,348,306,,127,,,b'\x11\xe8\xe1I\xcac\xc8\xd0\xaf\x82\x12\xdf\x17\xaeN\x1e'
11E8E149-CA63-C8D0-AF82-12DF17AE4E1E,2025-ncaa-d0-natl,genius_ncaa,312,249,355,307,355,353,356,357,317,335,315,324,335,342,302,295,268,258,252,256,124,354,349,330,321,335,229,292,38,332,266,357,357,358,348,345,231,203,344,341,320,293,195,179,,,221,346,,130,319,346,142,72,335,340,318,281,176,321,319,162,129,131,298,201,272,332,334,321,340,262,120,,354,,250,330,43,29,32,168,88,136,110,9,6,177,7,254,318,3,318,331,52,35,113,123,154,106,16,342,274,357,17,266,79,348,55,186,289,209,180,238,345,132,260,,,328,186,,286,319,19,345,226,325,248,211,228,294,341,45,29,346,356,356,319,316,357,171,306,203,155,339,267,,193,,235,b'\x11\xe8\xe1I\xcac\xc8\xd0\xaf\x82\x12\xdf\x17\xaeN\x1e'
11E8E149-CA63-C8D0-AF82-12DF17AE4E1E,2025-ncaa-d1-conf-SWAC,genius_ncaa,7,8,3,8,3,10,9,9,8,8,9,5,5,5,8,3,9,9,3,9,5,10,8,7,7,9,6,6,7,12,12,10,12,12,12,9,4,11,11,11,11,12,3,6,,,11,11,,10,11,4,6,4,10,11,12,9,11,6,6,8,10,10,12,9,12,11,12,10,9,12,3,,11,,10,10,11,11,10,9,11,11,8,5,5,6,1,10,11,1,11,9,10,10,7,6,8,4,2,7,11,12,7,12,11,12,8,6,8,10,10,11,12,3,6,,,9,8,,8,11,9,10,10,10,10,10,10,11,11,4,5,11,11,11,10,9,11,4,10,6,9,11,4,,10,,8,b'\x11\xe8\xe1I\xcac\xc8\xd0\xaf\x82\x12\xdf\x17\xaeN\x1e'
11E8E149-CA63-C8D0-AF82-12DF17AE4E1E,2025-ncaa-d1-natl,genius_ncaa,279,249,304,273,311,314,314,322,249,269,232,273,313,328,259,299,203,168,284,166,113,310,276,272,272,311,238,290,57,288,230,336,355,337,333,309,244,298,339,327,275,277,132,158,,,316,343,,178,296,258,80,75,287,289,284,231,149,305,313,130,97,94,254,134,254,321,313,290,341,226,95,,354,,255,299,111,87,101,147,187,249,107,14,16,123,8,315,348,1,347,332,167,169,97,106,119,93,14,343,327,355,43,230,167,333,85,151,189,167,131,299,337,140,200,,,254,190,,245,296,109,323,185,293,239,206,236,291,343,34,30,347,356,356,325,332,356,137,287,175,109,339,205,,178,,222,b'\x11\xe8\xe1I\xcac\xc8\xd0\xaf\x82\x12\xdf\x17\xaeN\x1e'
11E8E149-CA63-C8D0-AF82-12DF17AE4E1E,2026-ncaa-d0-natl,genius_ncaa,332,250,327,332,334,353,349,341,320,339,329,284,347,332,346,222,348,330,354,328,214,343,331,326,336,345,299,273,209,355,353,345,361,354,360,362,363,151,343,363,320,308,284,282,,,61,154,,73,352,327,9,97,327,304,240,248,184,322,243,305,218,216,249,87,336,300,347,363,353,222,206,,315,,207,361,141,161,76,336,228,107,345,48,53,134,81,154,174,88,168,237,79,64,326,319,335,30,39,175,275,361,81,353,147,360,237,290,331,321,346,171,332,107,257,,,316,137,,241,352,40,353,354,356,360,360,361,361,358,214,254,331,346,346,362,362,362,356,363,362,203,341,270,,95,,157,b'\x11\xe8\xe1I\xcac\xc8\xd0\xaf\x82\x12\xdf\x17\xaeN\x1e'
11E8E149-CA63-C8D0-AF82-12DF17AE4E1E,2026-ncaa-d1-natl,genius_ncaa,301,249,271,304,286,327,330,329,287,307,308,239,323,294,331,218,302,210,358,206,86,318,293,302,320,339,241,250,132,346,339,297,348,332,350,357,351,290,349,361,301,321,265,303,,,150,169,,125,349,257,12,100,304,300,292,252,227,302,242,256,116,110,250,99,321,202,297,349,355,247,227,,300,,206,357,261,288,192,328,333,253,328,76,96,124,56,222,284,34,272,222,205,156,300,286,324,22,28,158,314,348,153,339,231,350,277,183,314,331,332,265,324,108,205,,,205,80,,245,349,112,349,343,351,358,357,362,361,358,162,208,314,347,344,363,360,359,322,352,353,248,335,186,,54,,216,b'\x11\xe8\xe1I\xcac\xc8\xd0\xaf\x82\x12\xdf\x17\xaeN\x1e'
11E8E149-CA68-0CBA-AF82-12DF17AE4E1E,2010-ncaa-d0-natl,ncaa,329,332,241,332,252,339,341,342,312,333,336,260,295,257,330,107,277,247,289,253,34,338,309,302,298,337,112,198,40,290,202,317,265,316,238,314,95,340,344,339,212,151,324,311,,,148,280,,,337,307,296,104,339,344,344,335,335,293,237,267,220,227,344,301,279,317,319,317,342,187,323,,229,,,337,93,57,34,257,44,10,301,201,205,199,294,156,172,109,162,311,41,46,294,291,258,282,259,223,93,265,23,202,32,238,124,230,215,119,180,343,344,130,303,,,246,85,,,337,39,339,261,337,165,119,40,90,17,255,258,210,221,216,57,63,158,58,71,181,161,343,161,,201,,,b'\x11\xe8\xe1I\xcah\x0c\xba\xaf\x82\x12\xdf\x17\xaeN\x1e'
11E8E149-CA68-0CBA-AF82-12DF17AE4E1E,2010-ncaa-d1-natl,ncaa,327,332,191,329,207,335,338,341,295,327,331,233,297,255,330,121,282,252,293,257,55,340,305,294,293,338,150,206,65,283,196,308,251,313,223,306,94,342,344,338,172,118,317,298,,,171,280,,,331,297,296,106,337,342,343,329,332,295,245,284,239,244,343,301,279,310,317,312,342,152,317,,225,,,332,85,65,34,246,48,11,293,195,215,171,285,173,195,82,189,312,41,53,279,277,221,278,247,232,97,251,22,196,29,223,115,215,186,101,144,344,344,134,295,,,251,108,,,331,55,337,225,332,137,91,30,75,16,227,249,203,222,218,47,63,138,47,58,150,150,343,157,,226,,,b'\x11\xe8\xe1I\xcah\x0c\xba\xaf\x82\x12\xdf\x17\xaeN\x1e'
11E8E149-CA68-0CBA-AF82-12DF17AE4E1E,2012-ncaa-d0-natl,ncaa,238,153,337,216,338,335,329,342,162,328,328,191,287,310,103,216,333,330,231,329,254,342,342,171,196,245,229,178,250,336,252,341,322,342,310,309,139,40,296,248,310,240,234,167,,,7,99,,,235,341,330,158,318,304,340,271,284,243,276,318,314,314,338,332,324,333,340,262,185,270,180,,47,,,248,9,11,4,199,12,10,117,30,8,310,43,51,58,138,63,214,3,3,186,193,171,156,109,252,71,322,3,252,4,310,6,29,302,120,59,111,314,32,188,,,335,188,,,235,3,267,216,258,85,79,34,110,110,90,30,169,176,188,39,37,229,28,91,30,198,244,121,,309,,,b'\x11\xe8\xe1I\xcah\x0c\xba\xaf\x82\x12\xdf\x17\xaeN\x1e'
11E8E149-CA68-0CBA-AF82-12DF17AE4E1E,2012-ncaa-d1-natl,ncaa,186,153,286,187,300,305,283,331,120,260,298,136,248,275,137,179,320,320,223,319,272,335,335,135,160,189,240,171,277,321,204,332,300,338,265,264,150,71,250,193,258,188,195,152,,,17,90,,,182,335,324,166,291,256,324,221,267,223,245,315,312,313,325,328,299,327,333,229,142,234,166,,43,,,183,9,14,10,138,27,51,80,39,16,258,43,90,89,152,93,188,7,13,119,131,101,146,90,254,112,300,5,204,13,265,5,27,237,98,36,151,289,46,135,,,322,220,,,182,9,214,141,181,50,42,32,80,116,60,28,152,148,157,32,39,192,24,57,15,171,221,86,,314,,,b'\x11\xe8\xe1I\xcah\x0c\xba\xaf\x82\x12\xdf\x17\xaeN\x1e'
11E8E149-CA68-0CBA-AF82-12DF17AE4E1E,2013-ncaa-d0-natl,ncaa,128,86,251,111,277,310,313,345,38,312,334,114,222,316,2,227,278,278,193,273,69,345,343,37,36,153,120,136,142,343,329,249,200,332,228,185,13,243,344,222,339,325,260,256,,,22,74,,,215,334,330,161,309,307,344,300,325,205,310,261,256,255,345,340,343,199,335,145,284,335,239,,41,,,217,21,36,63,66,58,117,48,68,56,145,103,60,45,285,47,73,48,26,59,59,129,123,138,170,142,200,4,329,9,228,5,9,332,299,135,303,344,139,289,,,303,86,,,215,18,237,162,210,61,80,119,98,191,98,86,97,78,80,95,38,195,14,44,18,319,318,177,,285,,,b'\x11\xe8\xe1I\xcah\x0c\xba\xaf\x82\x12\xdf\x17\xaeN\x1e'
11E8E149-CA68-0CBA-AF82-12DF17AE4E1E,2013-ncaa-d1-conf-Big South,ncaa,2,2,6,2,7,9,9,11,1,9,10,1,6,10,1,7,9,9,5,10,4,11,11,1,1,3,4,3,7,11,10,6,3,10,6,4,1,6,10,4,11,11,6,5,,,1,3,,,4,11,11,5,9,9,11,9,10,5,10,9,9,10,11,11,11,5,10,4,8,11,5,,1,,,4,1,1,1,2,1,3,1,3,3,7,5,3,3,11,2,2,1,1,2,2,4,8,7,7,2,3,1,10,2,6,1,1,11,11,5,7,10,2,5,,,11,1,,,4,1,4,5,4,2,2,2,2,6,3,3,4,3,2,2,1,4,2,2,1,11,7,3,,11,,,b'\x11\xe8\xe1I\xcah\x0c\xba\xaf\x82\x12\xdf\x17\xaeN\x1e'
11E8E149-CA68-0CBA-AF82-12DF17AE4E1E,2013-ncaa-d1-natl,ncaa,107,86,136,102,178,276,271,343,34,264,317,88,212,299,4,222,264,259,212,261,101,343,326,39,42,163,162,154,185,341,325,164,152,311,204,133,13,294,344,209,318,313,234,243,,,48,82,,,195,302,323,189,302,293,344,282,322,208,305,279,268,269,344,338,342,156,325,116,289,317,231,,48,,,196,45,52,135,54,81,187,40,94,100,137,114,97,84,241,85,93,109,66,48,52,99,147,150,176,171,152,13,325,33,204,10,11,306,289,114,330,344,155,267,,,278,131,,,195,53,237,133,189,53,67,118,87,184,101,96,101,91,95,98,43,166,19,42,13,307,324,158,,292,,,b'\x11\xe8\xe1I\xcah\x0c\xba\xaf\x82\x12\xdf\x17\xaeN\x1e'
11E8E149-CA68-0CBA-AF82-12DF17AE4E1E,2014-ncaa-d0-natl,ncaa,258,246,254,261,279,345,345,346,294,342,337,298,249,259,202,110,340,330,336,330,163,346,344,280,300,313,122,93,241,287,153,338,324,334,255,317,107,85,318,285,277,189,256,159,,,4,58,,,243,347,349,183,346,346,348,347,334,236,235,340,325,323,348,349,264,347,338,314,149,252,251,,7,,,245,2,2,5,46,4,3,82,81,123,65,304,19,18,158,18,187,3,4,60,56,51,284,268,186,137,324,10,153,17,255,12,212,293,117,104,172,333,128,317,,,305,28,,,243,3,311,117,253,3,5,2,5,3,109,165,38,40,41,1,1,202,19,53,33,266,230,179,,282,,,b'\x11\xe8\xe1I\xcah\x0c\xba\xaf\x82\x12\xdf\x17\xaeN\x1e'
11E8E149-CA68-0CBA-AF82-12DF17AE4E1E,2014-ncaa-d1-conf-Big South,ncaa,5,6,3,6,5,8,9,10,7,9,10,6,7,9,2,6,9,8,10,8,4,10,10,5,6,6,5,2,7,8,6,9,8,8,7,8,3,4,7,6,9,7,9,7,,,1,5,,,5,10,10,8,10,9,10,9,10,7,9,9,9,9,10,10,8,10,10,8,4,9,9,,2,,,5,1,1,1,3,2,1,4,3,7,2,10,3,3,8,3,7,1,1,3,3,3,9,7,7,4,8,2,6,2,7,1,8,7,4,4,3,8,4,9,,,4,1,,,5,1,6,4,5,1,1,1,2,1,3,7,3,2,2,1,1,2,2,2,1,8,3,4,,4,,,b'\x11\xe8\xe1I\xcah\x0c\xba\xaf\x82\x12\xdf\x17\xaeN\x1e'
11E8E149-CA68-0CBA-AF82-12DF17AE4E1E,2014-ncaa-d1-natl,ncaa,230,244,145,247,180,338,332,339,275,331,321,267,226,227,200,111,333,314,330,314,178,340,340,251,281,299,136,97,254,239,137,321,320,315,240,290,102,123,294,264,232,157,261,183,,,6,45,,,191,347,349,206,345,342,347,338,328,221,217,336,320,319,346,348,247,340,331,294,129,234,264,,7,,,193,3,1,11,31,3,6,60,98,147,54,296,27,27,122,28,174,8,10,38,36,30,276,268,178,193,320,20,137,49,240,11,184,217,94,66,188,313,165,305,,,263,35,,,191,2,286,71,198,2,2,3,4,3,100,158,32,36,37,1,1,203,21,60,20,220,199,183,,271,,,b'\x11\xe8\xe1I\xcah\x0c\xba\xaf\x82\x12\xdf\x17\xaeN\x1e'
11E8E149-CA68-0CBA-AF82-12DF17AE4E1E,2015-ncaa-d0-natl,ncaa,188,161,243,190,247,333,323,336,230,316,327,181,273,255,296,145,316,323,185,316,182,339,339,236,242,285,200,193,176,315,247,281,164,309,198,279,106,162,323,275,230,142,300,227,,,47,210,,,172,335,348,29,340,338,347,313,323,270,238,310,314,307,347,341,309,256,310,271,208,219,301,,93,,,172,2,1,12,9,1,2,36,124,205,22,332,59,85,33,79,292,11,13,23,25,17,328,306,261,64,164,21,247,26,198,1,89,209,88,30,204,320,182,302,,,327,196,,,172,11,304,32,179,5,1,9,1,3,160,254,97,122,113,13,8,108,42,52,8,185,245,210,,325,,,b'\x11\xe8\xe1I\xcah\x0c\xba\xaf\x82\x12\xdf\x17\xaeN\x1e'
11E8E149-CA68-0CBA-AF82-12DF17AE4E1E,2015-ncaa-d1-conf-Big South,ncaa,6,6,4,6,4,9,8,11,5,7,10,5,9,9,6,7,9,9,6,8,7,11,10,4,4,5,8,6,8,10,10,7,3,9,8,5,2,5,11,6,8,5,10,9,,,4,6,,,4,10,11,1,10,9,11,7,10,9,9,9,9,8,11,11,10,8,10,5,5,8,10,,3,,,4,2,2,1,2,1,1,5,10,11,8,11,3,4,3,4,10,1,1,6,6,4,11,11,6,2,3,3,10,2,8,1,2,6,3,2,6,10,3,7,,,9,8,,,4,1,8,3,5,2,2,1,2,1,10,11,2,3,3,1,1,1,2,2,2,6,6,3,,9,,,b'\x11\xe8\xe1I\xcah\x0c\xba\xaf\x82\x12\xdf\x17\xaeN\x1e'
11E8E149-CA68-0CBA-AF82-12DF17AE4E1E,2015-ncaa-d1-natl,ncaa,169,160,143,176,148,300,295,327,173,254,303,119,263,245,286,163,280,285,195,278,183,330,323,192,202,250,232,212,188,272,197,216,145,260,126,236,117,196,305,244,199,138,308,264,,,88,223,,,126,324,346,32,329,313,343,268,313,271,241,292,295,286,345,335,279,223,291,242,203,205,312,,106,,,125,4,2,19,8,1,2,28,118,226,11,326,96,136,26,123,295,19,21,12,17,13,324,288,278,106,145,22,197,32,126,5,93,180,92,28,220,305,172,266,,,304,199,,,126,21,261,21,132,5,1,9,1,4,130,240,104,143,137,13,9,105,31,36,8,181,229,184,,319,,,b'\x11\xe8\xe1I\xcah\x0c\xba\xaf\x82\x12\xdf\x17\xaeN\x1e'
11E8E149-CA68-0CBA-AF82-12DF17AE4E1E,2016-ncaa-d0-natl,ncaa,164,111,287,151,312,311,335,344,244,348,349,142,118,99,219,17,211,261,57,256,7,340,346,157,128,134,14,30,59,312,223,344,307,341,281,283,90,15,154,144,195,77,325,285,,,61,254,,,122,345,345,259,296,335,345,348,349,80,46,169,221,215,338,345,287,342,340,258,39,141,321,,129,,,116,3,1,1,57,1,2,45,116,79,253,284,80,99,95,98,315,1,5,103,113,61,339,310,289,91,307,14,223,18,281,8,155,192,34,34,2,56,127,332,,,275,36,,,122,5,144,94,107,17,6,4,3,4,189,149,155,172,171,6,10,183,57,75,28,115,13,180,,211,,,b'\x11\xe8\xe1I\xcah\x0c\xba\xaf\x82\x12\xdf\x17\xaeN\x1e'
11E8E149-CA68-0CBA-AF82-12DF17AE4E1E,2016-ncaa-d1-conf-Big South,ncaa,3,3,3,3,5,4,9,11,5,11,11,3,1,1,4,1,5,8,2,8,2,11,11,3,3,3,1,1,4,11,7,10,5,11,6,4,2,2,2,1,2,2,9,8,,,5,8,,,3,11,11,6,5,11,11,11,11,1,1,5,8,8,11,11,11,11,11,4,2,2,10,,4,,,3,2,1,1,3,1,1,3,8,6,7,11,5,4,6,4,9,1,1,6,5,3,11,11,9,1,5,4,7,3,6,2,3,3,2,1,1,2,8,11,,,6,2,,,3,1,3,3,2,2,1,1,1,1,8,7,5,5,5,1,1,1,4,3,2,3,1,8,,7,,,b'\x11\xe8\xe1I\xcah\x0c\xba\xaf\x82\x12\xdf\x17\xaeN\x1e'
11E8E149-CA68-0CBA-AF82-12DF17AE4E1E,2016-ncaa-d1-natl,ncaa,134,111,142,128,201,224,269,297,204,332,345,109,64,43,191,17,186,233,76,228,14,293,324,123,110,113,17,27,131,215,144,321,285,304,220,208,91,26,123,116,130,66,304,261,,,120,244,,,85,332,343,259,246,291,326,336,346,54,38,188,230,230,319,336,216,340,319,209,42,117,314,,136,,,81,9,2,2,54,2,2,41,149,126,234,272,162,177,88,175,320,6,24,82,109,42,338,298,305,151,285,36,144,54,220,15,122,94,24,11,10,49,179,318,,,214,56,,,85,16,99,63,66,17,5,4,3,4,168,140,173,190,190,7,12,161,48,66,19,67,14,185,,210,,,b'\x11\xe8\xe1I\xcah\x0c\xba\xaf\x82\x12\xdf\x17\xaeN\x1e'
11E8E149-CA68-0CBA-AF82-12DF17AE4E1E,2017-ncaa-d0-natl,ncaa,197,229,116,219,130,286,315,288,308,348,349,183,53,19,281,3,292,323,39,319,38,304,304,236,219,230,3,6,222,330,336,335,346,344,348,256,97,137,237,230,128,96,330,326,,,187,247,,,248,276,341,119,323,338,343,349,349,53,16,312,334,334,346,346,342,346,349,286,121,134,333,,159,,,247,81,66,30,233,98,64,229,75,49,216,104,240,252,99,255,313,48,96,218,241,147,196,104,291,284,346,256,336,277,348,64,124,77,30,44,181,265,250,347,,,220,82,,,248,64,277,211,261,63,44,10,71,29,64,36,229,247,249,14,28,273,223,248,59,79,162,243,,267,,,b'\x11\xe8\xe1I\xcah\x0c\xba\xaf\x82\x12\xdf\x17\xaeN\x1e'
11E8E149-CA68-0CBA-AF82-12DF17AE4E1E,2017-ncaa-d1-conf-Big South,ncaa,7,6,3,7,3,7,8,8,8,10,10,6,1,1,8,1,7,8,1,8,2,8,9,7,7,7,1,1,6,9,9,9,8,9,9,7,2,5,5,4,1,1,9,9,,,6,6,,,8,9,8,5,8,10,9,10,10,1,1,7,9,9,9,9,10,9,10,6,4,1,9,,6,,,8,2,2,2,6,3,3,3,3,2,8,3,8,9,2,9,10,2,3,6,6,4,6,5,9,7,8,8,9,7,9,5,8,2,2,2,6,6,4,9,,,6,4,,,8,2,8,4,8,3,2,2,3,3,4,2,8,8,8,2,4,7,8,7,5,2,5,4,,7,,,b'\x11\xe8\xe1I\xcah\x0c\xba\xaf\x82\x12\xdf\x17\xaeN\x1e'
11E8E149-CA68-0CBA-AF82-12DF17AE4E1E,2017-ncaa-d1-natl,ncaa,215,229,144,232,161,311,332,322,312,349,349,195,63,21,284,3,307,333,41,332,40,331,337,245,230,234,3,5,216,338,336,344,347,347,348,281,98,108,244,239,151,105,334,327,,,164,250,,,258,321,342,118,330,342,344,349,349,55,17,315,336,336,347,347,343,346,349,294,120,148,334,,162,,,256,54,42,11,250,74,38,238,57,33,226,103,226,241,98,243,315,20,39,232,260,161,195,102,287,260,347,235,336,254,348,52,126,100,36,46,154,265,242,347,,,251,80,,,258,26,284,225,280,69,51,10,77,27,62,35,231,248,252,14,28,277,229,258,64,91,164,251,,267,,,b'\x11\xe8\xe1I\xcah\x0c\xba\xaf\x82\x12\xdf\x17\xaeN\x1e'
11E8E149-CA68-0CBA-AF82-12DF17AE4E1E,2018-ncaa-d0-natl,ncaa,222,224,164,228,185,241,292,273,285,347,348,230,27,11,133,2,266,307,26,306,25,292,307,141,135,153,1,2,224,340,344,327,273,343,347,200,43,107,221,168,145,108,315,318,,,55,101,,,278,255,283,117,262,312,305,349,349,11,8,276,315,317,321,331,338,342,349,193,128,133,315,,72,,,273,203,260,64,347,294,130,343,95,40,316,68,84,124,45,125,158,63,90,345,342,320,23,66,64,96,273,273,344,215,347,228,155,139,88,185,175,262,85,324,,,291,227,,,278,100,236,309,277,229,288,53,314,144,113,47,108,143,143,51,74,108,295,243,236,113,191,88,,305,,,b'\x11\xe8\xe1I\xcah\x0c\xba\xaf\x82\x12\xdf\x17\xaeN\x1e'
11E8E149-CA68-0CBA-AF82-12DF17AE4E1E,2018-ncaa-d1-conf-Big South,ncaa,5,5,7,5,10,7,7,7,8,10,10,6,1,1,1,1,8,10,1,10,1,7,9,3,3,3,1,1,8,10,10,10,8,10,10,3,1,2,3,2,2,2,9,9,,,3,4,,,7,9,5,8,3,7,4,10,10,1,1,7,10,10,5,8,10,10,10,3,3,2,9,,5,,,7,7,8,4,10,9,5,10,5,2,8,2,3,4,2,4,5,2,4,10,10,8,1,4,2,5,8,8,10,7,10,9,8,4,2,9,5,8,6,9,,,10,9,,,7,2,5,8,7,7,9,6,9,8,5,3,4,6,6,6,8,7,10,8,9,2,7,6,,10,,,b'\x11\xe8\xe1I\xcah\x0c\xba\xaf\x82\x12\xdf\x17\xaeN\x1e'
11E8E149-CA68-0CBA-AF82-12DF17AE4E1E,2018-ncaa-d1-natl,ncaa,231,223,213,233,241,278,316,308,297,349,349,244,29,18,136,2,282,321,26,320,25,322,338,152,139,160,1,1,217,342,344,341,280,349,347,226,45,88,227,177,166,117,320,321,,,36,103,,,287,312,287,99,274,317,310,349,349,11,8,276,320,320,325,332,339,343,349,213,131,141,319,,76,,,286,175,251,30,347,285,93,343,78,30,325,66,68,99,47,100,160,25,40,345,343,326,23,66,64,74,280,248,344,184,347,217,155,160,91,198,155,267,70,327,,,313,221,,,287,42,242,317,288,241,292,56,316,148,115,48,111,147,150,53,74,114,299,249,242,122,190,93,,307,,,b'\x11\xe8\xe1I\xcah\x0c\xba\xaf\x82\x12\xdf\x17\xaeN\x1e'
11E8E149-CA68-0CBA-AF82-12DF17AE4E1E,2019-ncaa-d0-natl,ncaa,297,324,114,307,159,262,305,288,305,340,295,341,116,171,53,123,116,128,142,127,31,268,196,267,232,290,13,45,26,212,211,208,255,209,231,272,143,341,342,332,219,233,320,330,,,219,222,,,295,180,243,217,312,340,338,349,318,116,185,119,132,127,330,257,239,251,260,298,328,230,327,,201,,,283,213,185,149,234,201,190,193,152,96,289,89,261,294,30,295,280,184,192,234,220,207,173,125,252,243,255,151,211,193,231,184,167,156,159,171,323,327,332,347,,,94,46,,,295,179,295,230,286,186,169,98,186,177,126,76,252,288,289,137,148,225,136,174,164,174,304,335,,99,,,b'\x11\xe8\xe1I\xcah\x0c\xba\xaf\x82\x12\xdf\x17\xaeN\x1e'
11E8E149-CA68-0CBA-AF82-12DF17AE4E1E,2019-ncaa-d1-conf-Big South,ncaa,9,9,4,9,5,9,11,10,10,11,11,11,2,3,3,3,4,6,2,6,1,10,11,9,8,8,1,1,1,11,10,5,5,7,7,9,3,8,9,9,8,8,11,11,,,8,8,,,8,8,8,9,10,11,11,11,11,2,3,6,7,5,11,11,11,6,10,9,9,8,11,,8,,,8,4,4,4,6,3,3,7,5,6,7,6,7,10,3,10,10,4,4,5,5,7,8,6,7,4,5,5,10,4,7,5,6,7,7,8,7,8,11,11,,,3,1,,,8,4,9,6,8,4,4,1,3,2,5,5,8,8,8,1,4,4,6,5,6,7,6,11,,2,,,b'\x11\xe8\xe1I\xcah\x0c\xba\xaf\x82\x12\xdf\x17\xaeN\x1e'
11E8E149-CA68-0CBA-AF82-12DF17AE4E1E,2019-ncaa-d1-natl,ncaa,308,322,155,321,210,290,329,323,310,348,318,344,126,189,55,123,139,155,140,153,28,306,252,275,241,294,10,46,23,247,225,249,261,257,241,300,145,332,343,335,247,247,327,331,,,184,227,,,304,240,251,207,316,341,339,349,321,120,185,122,134,132,332,267,243,258,273,311,330,244,329,,210,,,301,173,156,98,252,174,157,208,127,68,294,80,238,278,34,278,280,137,124,248,235,224,170,119,248,220,261,111,225,151,241,166,168,201,170,187,306,329,329,347,,,129,50,,,304,115,305,246,302,204,181,98,203,183,129,74,258,285,287,141,146,235,143,182,173,188,312,336,,103,,,b'\x11\xe8\xe1I\xcah\x0c\xba\xaf\x82\x12\xdf\x17\xaeN\x1e'
11E8E149-CA68-0CBA-AF82-12DF17AE4E1E,2020-ncaa-d0-natl,ncaa,259,240,260,263,293,314,328,345,208,330,335,192,178,185,139,81,267,271,201,269,76,343,334,166,160,246,58,83,127,312,247,301,225,322,235,322,253,244,335,310,144,87,265,219,,,172,302,,,227,323,309,186,303,325,347,327,331,156,163,245,241,237,345,325,281,281,313,312,281,124,258,,242,,,230,40,35,28,162,25,8,222,152,165,134,288,90,119,63,112,271,25,30,201,183,126,267,261,203,112,225,43,247,49,235,129,275,162,76,131,112,227,46,178,,,266,111,,,227,29,265,140,229,82,68,33,55,20,196,215,142,168,163,39,58,172,81,109,179,121,168,63,,217,,,b'\x11\xe8\xe1I\xcah\x0c\xba\xaf\x82\x12\xdf\x17\xaeN\x1e'
11E8E149-CA68-0CBA-AF82-12DF17AE4E1E,2020-ncaa-d1-conf-Big South,ncaa,7,7,1,7,2,7,7,9,4,7,9,4,5,4,4,4,8,5,7,5,6,10,6,3,3,8,4,4,6,8,7,9,9,9,7,8,8,8,11,7,4,4,8,8,,,9,11,,,8,7,9,3,8,8,11,8,9,5,4,8,7,7,11,9,9,11,11,8,8,4,8,,8,,,8,6,5,4,9,4,2,9,6,7,5,9,7,7,7,7,8,5,5,11,10,7,8,6,7,8,9,3,7,4,7,8,9,4,3,7,5,5,3,5,,,9,6,,,8,4,8,8,8,6,4,3,4,1,6,6,6,6,6,2,3,7,3,4,6,4,5,3,,9,,,b'\x11\xe8\xe1I\xcah\x0c\xba\xaf\x82\x12\xdf\x17\xaeN\x1e'
11E8E149-CA68-0CBA-AF82-12DF17AE4E1E,2020-ncaa-d1-natl,ncaa,238,240,128,243,202,284,311,330,222,320,326,202,152,150,156,85,224,207,228,201,45,323,300,181,178,239,55,92,111,264,230,279,217,290,230,317,254,253,304,306,117,81,255,216,,,247,305,,,205,299,307,201,295,326,345,327,326,154,152,215,191,185,337,319,267,289,309,317,250,114,256,,248,,,205,58,45,38,151,40,19,222,170,209,105,295,129,151,78,148,279,37,60,182,168,97,268,258,215,139,217,96,230,102,230,157,270,96,48,100,107,164,52,166,,,189,79,,,205,57,255,101,202,60,48,24,42,12,175,208,142,159,157,25,54,148,97,112,160,91,111,60,,177,,,b'\x11\xe8\xe1I\xcah\x0c\xba\xaf\x82\x12\xdf\x17\xaeN\x1e'
11E8E149-CA68-0CBA-AF82-12DF17AE4E1E,2021-ncaa-d0-natl,ncaa,151,143,191,151,206,207,230,235,194,206,232,128,249,217,319,204,89,88,143,82,16,213,209,223,173,204,170,280,10,134,42,181,142,163,40,226,204,205,260,268,128,74,260,245,,,97,93,,,106,224,241,224,221,273,298,204,236,278,236,24,30,23,234,207,91,134,92,243,250,94,274,,77,,,108,90,93,127,47,83,101,62,186,209,118,302,72,59,279,56,69,107,120,70,59,44,271,302,92,141,142,78,42,87,40,108,188,143,86,82,151,178,146,178,,,134,27,,,106,120,178,44,106,44,48,113,33,53,208,258,45,33,29,71,96,158,31,52,102,97,179,149,,44,,,b'\x11\xe8\xe1I\xcah\x0c\xba\xaf\x82\x12\xdf\x17\xaeN\x1e'
11E8E149-CA68-0CBA-AF82-12DF17AE4E1E,2021-ncaa-d1-conf-Big South,ncaa,5,5,5,5,7,5,6,7,3,5,7,3,8,7,10,8,1,1,3,1,2,6,6,5,3,4,5,9,1,4,1,8,7,4,1,6,5,10,7,8,2,3,8,7,,,5,5,,,4,8,9,9,4,7,10,4,9,9,7,1,1,1,9,7,3,7,5,6,8,3,7,,3,,,4,3,3,4,3,3,4,3,7,7,6,9,4,2,11,2,3,4,4,5,5,3,9,9,5,6,7,2,1,2,1,5,8,2,3,5,6,8,5,6,,,2,1,,,4,4,4,3,4,2,3,5,2,3,8,7,4,1,1,4,3,6,1,1,4,3,8,5,,1,,,b'\x11\xe8\xe1I\xcah\x0c\xba\xaf\x82\x12\xdf\x17\xaeN\x1e'
11E8E149-CA68-0CBA-AF82-12DF17AE4E1E,2021-ncaa-d1-natl,ncaa,164,143,206,156,222,221,242,249,203,225,243,130,257,223,320,203,101,101,144,96,18,228,226,228,178,212,165,279,10,152,47,201,151,186,44,237,207,190,266,273,143,79,268,247,,,86,93,,,122,233,246,225,228,282,302,210,241,279,236,26,32,26,240,209,93,143,99,253,252,98,276,,76,,,117,84,85,114,50,77,91,66,175,194,118,299,64,54,281,52,70,100,108,75,63,47,270,301,90,132,151,72,47,83,44,101,190,161,90,86,142,186,137,181,,,151,26,,,122,109,183,49,114,44,48,117,35,54,212,261,46,33,29,71,94,162,30,52,105,102,181,152,,44,,,b'\x11\xe8\xe1I\xcah\x0c\xba\xaf\x82\x12\xdf\x17\xaeN\x1e'
11E8E149-CA68-0CBA-AF82-12DF17AE4E1E,2022-ncaa-d0-natl,ncaa,233,245,163,245,189,234,245,280,145,227,271,112,237,231,248,165,168,178,123,178,72,269,222,157,137,246,171,215,78,220,134,176,200,202,110,253,212,328,345,324,299,308,261,289,,,84,100,,,247,213,247,210,271,288,345,249,296,244,228,151,170,175,332,247,235,182,219,268,330,310,278,,79,,,246,151,207,180,234,230,188,249,138,169,127,175,42,80,1,76,84,158,146,213,158,186,64,157,40,190,200,33,134,74,110,219,203,219,211,248,342,348,20,48,,,160,104,,,247,140,251,185,249,157,221,185,241,191,149,157,44,88,85,156,129,200,17,57,231,225,341,18,,151,,,b'\x11\xe8\xe1I\xcah\x0c\xba\xaf\x82\x12\xdf\x17\xaeN\x1e'
11E8E149-CA68-0CBA-AF82-12DF17AE4E1E,2022-ncaa-d1-conf-Big South,ncaa,8,8,4,8,4,8,9,10,7,7,8,7,8,7,9,6,3,5,2,4,2,8,5,7,7,8,5,8,1,6,5,3,6,4,2,9,8,10,9,10,10,10,6,8,,,4,4,,,8,5,10,4,9,10,10,7,8,8,8,3,5,6,9,8,9,6,5,8,9,10,8,,3,,,8,8,10,9,9,10,9,6,9,8,11,7,3,5,1,5,2,9,6,8,4,8,4,8,3,8,6,2,5,3,2,10,7,9,9,10,11,10,3,6,,,4,3,,,8,7,8,8,8,5,7,8,10,9,8,6,3,3,3,8,3,8,2,3,9,10,9,3,,4,,,b'\x11\xe8\xe1I\xcah\x0c\xba\xaf\x82\x12\xdf\x17\xaeN\x1e'
11E8E149-CA68-0CBA-AF82-12DF17AE4E1E,2022-ncaa-d1-natl,ncaa,235,245,146,246,178,233,232,287,137,222,273,111,226,229,227,175,168,187,124,185,89,275,219,146,133,245,175,214,92,223,141,189,208,211,119,251,207,334,347,323,293,305,262,284,,,85,88,,,249,209,239,210,269,283,346,243,288,240,230,165,188,189,331,249,231,189,234,262,332,302,274,,76,,,249,163,224,180,238,238,200,242,168,165,190,168,37,79,5,76,78,158,155,226,171,196,67,170,40,207,208,33,141,76,119,244,207,216,205,256,340,347,29,67,,,170,121,,,249,142,250,206,252,169,234,191,247,198,164,154,39,85,82,159,144,208,19,64,240,219,343,26,,167,,,b'\x11\xe8\xe1I\xcah\x0c\xba\xaf\x82\x12\xdf\x17\xaeN\x1e'
11E8E149-CA68-0CBA-AF82-12DF17AE4E1E,2023-ncaa-d0-natl,ncaa,242,203,290,239,302,273,225,313,104,275,330,90,114,142,78,50,358,356,312,356,348,333,288,76,125,233,139,36,358,313,242,167,141,235,128,183,115,333,353,274,337,333,307,306,,,74,108,,,251,275,116,191,228,166,263,241,312,72,88,359,357,357,317,182,286,53,136,130,350,321,299,,137,,,252,102,98,123,154,84,102,148,200,188,207,235,90,163,14,150,209,121,89,170,138,198,232,258,140,120,141,32,242,47,128,79,106,301,295,240,353,358,32,139,,,354,357,,,251,82,261,207,254,233,238,283,182,220,270,275,172,241,227,283,240,224,104,142,161,260,357,62,,355,,,b'\x11\xe8\xe1I\xcah\x0c\xba\xaf\x82\x12\xdf\x17\xaeN\x1e'
11E8E149-CA68-0CBA-AF82-12DF17AE4E1E,2023-ncaa-d1-conf-Big South,ncaa,5,4,7,5,9,4,3,7,2,5,9,3,3,4,1,3,10,10,7,10,9,9,9,1,2,3,3,1,10,9,6,4,3,5,2,3,3,8,8,3,10,10,8,8,,,3,2,,,5,8,5,5,2,2,5,4,8,1,4,10,10,10,7,6,9,2,5,2,9,10,7,,4,,,5,5,5,5,6,4,4,3,8,7,10,7,6,6,1,6,7,5,3,5,5,9,8,8,6,2,3,2,6,2,2,4,6,10,10,10,9,10,2,3,,,10,9,,,5,3,3,9,5,8,8,9,6,9,8,7,8,9,9,10,5,4,2,2,7,10,10,3,,10,,,b'\x11\xe8\xe1I\xcah\x0c\xba\xaf\x82\x12\xdf\x17\xaeN\x1e'
11E8E149-CA68-0CBA-AF82-12DF17AE4E1E,2023-ncaa-d1-natl,ncaa,219,203,219,219,265,217,164,260,65,222,304,57,76,104,41,50,357,358,308,358,352,301,237,42,88,185,145,31,359,278,216,112,119,163,99,137,115,339,348,246,319,322,304,310,,,85,89,,,188,209,106,200,182,107,226,201,296,50,81,359,357,358,291,166,266,40,101,101,342,306,302,,123,,,188,125,133,188,123,99,143,110,230,223,190,241,88,179,5,169,186,176,137,132,97,144,233,269,112,154,119,53,216,73,99,94,101,261,260,196,354,355,42,114,,,350,359,,,188,143,223,151,194,195,211,279,155,211,259,274,131,217,209,275,241,212,85,130,138,226,357,56,,357,,,b'\x11\xe8\xe1I\xcah\x0c\xba\xaf\x82\x12\xdf\x17\xaeN\x1e'
11E8E149-CA68-0CBA-AF82-12DF17AE4E1E,2024-ncaa-d0-natl,ncaa,127,148,52,142,85,233,199,200,204,200,207,179,195,177,227,154,309,290,310,295,298,218,170,206,229,279,232,167,310,277,290,104,90,160,180,158,94,334,334,260,261,285,346,353,,,41,29,,,245,141,299,263,328,299,339,281,288,237,223,341,331,332,347,326,317,154,268,206,285,310,356,,14,,,244,174,235,247,156,239,223,187,199,244,105,240,29,45,55,36,32,219,203,153,105,129,84,220,22,137,90,230,290,196,180,153,90,183,205,169,351,353,194,224,,,228,256,,,245,223,308,113,243,67,131,142,150,125,152,183,13,23,22,74,44,73,121,80,92,257,340,140,,311,,,b'\x11\xe8\xe1I\xcah\x0c\xba\xaf\x82\x12\xdf\x17\xaeN\x1e'
11E8E149-CA68-0CBA-AF82-12DF17AE4E1E,2024-ncaa-d1-conf-Big South,ncaa,2,3,1,3,2,4,4,5,2,4,6,3,5,4,3,4,8,8,9,8,6,8,6,2,2,3,6,5,8,8,8,1,1,4,3,1,1,9,9,2,6,5,8,8,,,1,1,,,5,2,8,7,9,7,9,5,8,6,6,9,9,9,9,9,8,3,8,1,6,7,8,,1,,,5,6,8,8,7,7,6,7,6,7,4,7,1,1,2,1,1,5,6,7,3,6,1,6,1,2,1,5,8,3,3,7,4,6,7,8,9,9,6,7,,,6,5,,,5,8,6,3,5,2,6,4,5,4,5,6,1,1,1,1,1,1,2,1,5,7,9,5,,8,,,b'\x11\xe8\xe1I\xcah\x0c\xba\xaf\x82\x12\xdf\x17\xaeN\x1e'
11E8E149-CA68-0CBA-AF82-12DF17AE4E1E,2024-ncaa-d1-natl,ncaa,91,150,9,131,15,166,139,126,190,143,148,172,160,125,237,143,280,249,304,249,293,139,79,198,226,276,233,169,308,179,238,52,71,72,139,103,81,352,331,245,236,291,345,355,,,69,26,,,227,64,296,264,318,286,321,269,281,230,212,337,325,327,337,314,284,136,227,179,283,315,356,,16,,,225,244,280,313,113,269,283,163,263,306,97,259,51,72,62,67,37,291,292,125,81,101,114,240,27,194,71,291,238,270,139,206,107,138,196,171,359,353,209,194,,,167,262,,,227,298,289,97,229,57,98,140,108,115,162,202,12,22,20,72,42,71,112,75,91,250,341,117,,307,,,b'\x11\xe8\xe1I\xcah\x0c\xba\xaf\x82\x12\xdf\x17\xaeN\x1e'
11E8E149-CA68-0CBA-AF82-12DF17AE4E1E,2024-ncaa-d1-ncaatournament,ncaa,17,3,17,17,19,36,36,35,57,34,28,47,57,37,64,48,32,35,19,35,45,36,35,60,59,63,56,62,18,32,44,28,53,31,49,34,27,49,62,61,45,60,34,48,,,26,5,,,68,35,65,5,66,65,63,56,49,64,58,44,52,51,65,64,45,32,47,56,53,60,44,,2,,,59,40,44,44,27,45,41,39,41,49,7,45,23,27,19,27,18,43,36,28,18,30,17,31,16,54,53,42,44,50,49,35,11,41,66,50,52,62,40,44,,,36,52,,,68,33,66,46,61,23,34,46,43,38,25,51,13,17,17,41,14,58,31,47,18,66,56,38,,65,,,b'\x11\xe8\xe1I\xcah\x0c\xba\xaf\x82\x12\xdf\x17\xaeN\x1e'
11E8E149-CA68-0CBA-AF82-12DF17AE4E1E,2025-ncaa-d0-natl,genius_ncaa,332,332,248,337,268,330,294,273,288,216,174,263,338,319,354,300,335,308,331,308,334,284,231,323,334,349,352,323,251,171,125,287,137,251,157,327,335,334,349,352,294,276,317,335,,,262,345,,264,328,252,172,129,339,290,244,185,114,339,316,331,298,295,271,137,133,264,212,334,345,280,310,,327,,305,327,148,122,67,294,256,224,253,5,5,141,2,330,320,275,319,292,87,88,222,279,271,38,4,347,36,137,94,125,54,157,45,38,239,178,124,321,340,83,92,,,247,226,,238,328,116,346,229,327,233,202,99,316,307,6,5,348,342,342,165,148,72,159,117,80,183,337,119,,204,,226,b'\x11\xe8\xe1I\xcah\x0c\xba\xaf\x82\x12\xdf\x17\xaeN\x1e'
11E8E149-CA68-0CBA-AF82-12DF17AE4E1E,2025-ncaa-d1-conf-Big South,genius_ncaa,8,8,6,8,7,7,5,4,7,4,3,7,6,6,6,7,9,8,9,8,9,5,5,7,8,7,8,7,8,4,5,9,2,8,3,5,6,2,3,6,7,5,6,7,,,8,8,,4,7,6,4,5,6,5,1,3,2,6,6,9,7,7,3,3,3,7,3,5,4,5,4,,8,,4,7,8,5,1,8,8,8,8,1,1,8,1,8,8,9,8,8,2,2,7,8,8,1,1,9,1,2,5,5,3,3,2,3,7,6,5,5,7,5,4,,,5,3,,9,7,4,7,7,7,8,7,3,8,9,2,1,9,9,9,5,3,1,7,5,3,6,7,5,,4,,9,b'\x11\xe8\xe1I\xcah\x0c\xba\xaf\x82\x12\xdf\x17\xaeN\x1e'
11E8E149-CA68-0CBA-AF82-12DF17AE4E1E,2025-ncaa-d1-natl,genius_ncaa,341,332,304,341,317,344,322,314,303,248,207,277,343,332,354,301,340,321,328,321,334,319,283,330,338,350,349,324,244,200,138,311,140,292,170,341,341,327,349,353,312,287,324,334,,,243,345,,260,335,301,179,127,340,306,257,196,118,340,321,331,301,299,282,149,141,272,226,339,346,290,314,,330,,307,337,119,98,40,308,237,190,264,4,2,149,2,326,311,284,313,297,59,40,236,292,290,36,4,348,28,140,70,138,28,170,34,40,271,189,133,305,342,75,92,,,271,221,,245,335,69,347,247,338,247,220,103,321,308,6,5,349,342,342,175,147,78,166,117,88,193,341,124,,202,,222,b'\x11\xe8\xe1I\xcah\x0c\xba\xaf\x82\x12\xdf\x17\xaeN\x1e'
11E8E149-CA68-0CBA-AF82-12DF17AE4E1E,2026-ncaa-d0-natl,genius_ncaa,332,346,116,332,142,286,272,173,357,227,92,356,333,293,352,326,237,176,336,173,285,172,144,360,360,359,317,324,96,120,200,270,285,216,302,335,352,313,300,357,217,252,192,257,,,332,353,,245,359,149,151,97,355,346,208,295,73,354,333,290,224,216,211,133,129,347,301,358,308,240,224,,335,,232,350,320,324,187,358,343,281,331,196,53,362,11,304,339,38,337,284,218,193,353,350,349,73,61,210,194,285,285,200,257,302,329,273,200,236,319,236,204,362,349,,,218,309,,310,359,197,354,341,352,328,332,142,340,306,156,14,297,330,329,211,164,178,283,259,336,244,225,360,,278,,324,b'\x11\xe8\xe1I\xcah\x0c\xba\xaf\x82\x12\xdf\x17\xaeN\x1e'
11E8E149-CA68-0CBA-AF82-12DF17AE4E1E,2026-ncaa-d1-natl,genius_ncaa,301,345,13,326,35,177,155,43,339,117,13,350,260,237,283,330,147,81,351,79,278,41,18,347,351,349,308,301,155,23,121,176,273,90,257,238,329,358,292,342,54,115,166,267,,,359,344,,310,338,17,62,100,301,286,112,218,33,324,322,259,160,159,116,42,54,332,223,333,325,100,233,,339,,274,326,353,354,291,351,356,346,314,218,69,354,11,344,357,16,357,292,325,335,344,334,302,64,41,240,288,273,342,121,335,257,344,231,43,102,217,333,216,363,348,,,98,302,,245,338,339,339,292,328,312,309,126,332,301,104,13,296,341,341,203,263,193,274,253,308,95,273,359,,234,,300,b'\x11\xe8\xe1I\xcah\x0c\xba\xaf\x82\x12\xdf\x17\xaeN\x1e'
11E8E149-CA6C-6062-AF82-12DF17AE4E1E,2010-ncaa-d0-natl,ncaa,23,4,241,5,278,125,72,149,28,67,115,41,167,237,44,231,277,308,94,303,334,181,256,39,49,26,292,202,331,149,60,140,52,148,30,115,219,5,15,19,132,70,62,45,,,25,53,,,8,278,237,283,45,14,49,18,43,141,211,267,301,292,87,195,100,49,48,56,16,98,42,,47,,,5,3,8,69,5,19,103,8,22,65,11,128,10,15,134,15,27,40,50,5,5,3,88,125,123,59,52,30,60,29,30,9,93,181,83,28,14,35,34,22,,,284,268,,,8,56,15,6,4,6,15,106,35,165,28,89,25,31,26,56,75,120,68,69,17,128,34,55,,260,,,b'\x11\xe8\xe1I\xcal`b\xaf\x82\x12\xdf\x17\xaeN\x1e'
11E8E149-CA6C-6062-AF82-12DF17AE4E1E,2010-ncaa-d1-conf-Ivy League,ncaa,1,1,1,1,5,1,1,1,2,1,1,1,4,7,3,7,3,6,1,4,8,1,4,2,2,1,8,6,7,2,2,1,1,1,1,3,8,1,1,1,3,3,2,2,,,1,1,,,1,5,5,5,1,1,1,1,1,4,7,3,6,4,1,4,2,1,1,3,1,3,2,,1,,,1,1,1,6,1,1,5,1,2,3,1,5,1,1,7,1,1,2,3,1,1,1,2,4,2,2,1,2,2,2,1,2,5,4,4,4,1,1,1,1,,,5,6,,,1,3,1,1,1,1,1,6,1,5,2,3,1,1,1,2,3,2,2,2,2,4,1,1,,5,,,b'\x11\xe8\xe1I\xcal`b\xaf\x82\x12\xdf\x17\xaeN\x1e'
11E8E149-CA6C-6062-AF82-12DF17AE4E1E,2010-ncaa-d1-natl,ncaa,25,4,276,5,310,135,77,164,28,69,125,43,177,245,44,231,289,317,95,313,334,196,275,41,51,27,290,201,332,162,63,154,53,164,30,119,223,5,15,20,143,72,64,45,,,20,54,,,9,308,239,285,47,17,49,19,43,143,213,269,301,292,93,196,103,52,49,59,16,102,42,,48,,,5,1,3,46,5,10,86,9,22,50,11,129,9,10,134,10,25,20,24,5,5,4,89,123,121,51,53,18,63,15,30,7,96,202,88,28,14,36,30,25,,,300,263,,,9,30,15,6,4,6,15,107,38,167,28,88,25,33,27,59,74,118,68,72,18,134,34,59,,261,,,b'\x11\xe8\xe1I\xcal`b\xaf\x82\x12\xdf\x17\xaeN\x1e'
11E8E149-CA6C-6062-AF82-12DF17AE4E1E,2010-ncaa-d1-ncaatournament,ncaa,33,2,33,33,34,55,56,50,59,44,40,57,61,60,60,55,38,44,9,44,45,46,47,61,58,55,54,61,11,37,22,39,38,37,28,51,38,11,33,48,54,49,41,43,,,7,30,,,47,55,51,9,55,56,32,37,14,61,55,25,32,32,32,32,12,26,16,49,28,48,32,,25,,,51,7,17,15,51,25,23,57,2,4,2,7,5,10,4,10,31,16,8,31,23,31,1,3,19,18,38,10,22,11,28,1,1,55,51,8,25,53,1,3,,,44,41,,,47,8,56,36,52,24,43,29,56,52,2,5,20,33,34,35,18,41,38,38,1,50,51,1,,39,,,b'\x11\xe8\xe1I\xcal`b\xaf\x82\x12\xdf\x17\xaeN\x1e'
11E8E149-CA6C-6062-AF82-12DF17AE4E1E,2011-ncaa-d0-natl,ncaa,30,10,242,15,256,131,94,204,21,119,198,59,70,182,3,146,322,333,124,333,337,252,299,17,26,18,188,68,341,223,98,189,46,211,35,62,69,9,29,12,135,52,77,41,,,35,134,,,14,305,311,100,68,30,131,74,151,36,151,320,334,333,200,291,195,108,131,23,13,95,46,,54,,,11,4,5,31,12,11,41,15,39,65,41,170,24,21,144,20,61,17,24,11,11,10,145,176,149,29,46,13,98,9,35,5,31,227,102,24,5,17,94,114,,,324,302,,,14,29,14,10,10,5,9,49,22,75,59,92,31,32,32,25,24,55,32,22,9,180,10,127,,327,,,b'\x11\xe8\xe1I\xcal`b\xaf\x82\x12\xdf\x17\xaeN\x1e'
11E8E149-CA6C-6062-AF82-12DF17AE4E1E,2011-ncaa-d1-conf-Ivy League,ncaa,1,1,1,1,3,2,1,1,1,1,1,2,1,5,1,4,7,8,5,8,8,2,7,1,1,1,6,2,8,3,1,2,1,1,1,1,4,1,1,1,5,4,1,1,,,2,3,,,1,7,7,3,2,1,1,1,1,1,5,7,8,8,2,7,3,2,1,1,1,5,1,,2,,,1,1,1,2,1,1,3,1,2,3,1,3,1,2,2,2,2,2,2,1,1,1,2,3,6,3,1,1,1,1,1,1,1,5,4,1,1,1,2,2,,,8,8,,,1,2,1,1,1,1,1,2,1,3,2,3,1,2,2,2,2,3,1,1,1,5,1,2,,8,,,b'\x11\xe8\xe1I\xcal`b\xaf\x82\x12\xdf\x17\xaeN\x1e'
11E8E149-CA6C-6062-AF82-12DF17AE4E1E,2011-ncaa-d1-natl,ncaa,34,10,279,15,291,149,107,230,21,138,219,61,73,194,3,142,326,337,123,337,337,274,315,17,26,18,185,68,341,245,102,212,45,233,35,67,69,4,29,12,146,55,80,41,,,25,136,,,14,326,311,98,70,32,133,77,156,36,152,322,335,334,203,291,199,112,140,23,15,96,47,,52,,,11,2,3,19,13,7,34,15,33,56,43,164,20,17,147,16,59,6,10,11,11,10,146,172,153,16,45,7,102,4,35,4,30,250,108,27,2,16,85,121,,,334,304,,,14,15,15,10,10,6,9,51,24,76,61,91,32,33,34,25,24,55,32,22,8,189,10,134,,327,,,b'\x11\xe8\xe1I\xcal`b\xaf\x82\x12\xdf\x17\xaeN\x1e'
11E8E149-CA6C-6062-AF82-12DF17AE4E1E,2011-ncaa-d1-ncaatournament,ncaa,33,2,33,33,34,52,56,61,39,55,62,22,48,47,54,8,39,44,12,42,4,62,62,39,33,44,15,38,9,53,40,42,24,51,23,43,6,19,59,43,47,43,42,39,,,4,31,,,48,62,62,3,51,55,61,54,62,43,24,22,30,27,62,61,50,26,45,37,46,45,37,,11,,,51,8,6,13,22,4,6,18,29,31,48,57,7,11,36,8,33,9,2,35,34,50,57,59,28,12,24,2,40,3,23,3,6,60,59,49,1,11,24,61,,,43,13,,,48,3,46,54,54,25,20,27,11,12,55,57,22,23,20,22,2,22,6,9,4,60,3,42,,33,,,b'\x11\xe8\xe1I\xcal`b\xaf\x82\x12\xdf\x17\xaeN\x1e'
11E8E149-CA6C-6062-AF82-12DF17AE4E1E,2012-ncaa-d0-natl,ncaa,34,9,240,12,278,97,75,135,28,62,113,29,166,191,91,212,161,190,108,189,248,146,171,38,43,35,272,220,259,61,11,123,2,72,4,135,271,70,75,92,70,24,136,89,,,56,127,,,12,228,123,262,21,15,33,18,47,143,165,122,149,147,43,60,17,33,11,78,122,32,112,,95,,,9,11,13,32,33,21,56,41,34,55,45,130,46,41,205,41,95,22,49,27,30,12,137,103,216,2,2,15,11,3,4,13,100,102,26,15,85,96,32,27,,,268,297,,,12,110,16,4,9,17,19,48,34,87,46,73,79,66,63,32,90,4,27,5,29,49,137,57,,225,,,b'\x11\xe8\xe1I\xcal`b\xaf\x82\x12\xdf\x17\xaeN\x1e'
11E8E149-CA6C-6062-AF82-12DF17AE4E1E,2012-ncaa-d1-conf-Ivy League,ncaa,1,1,1,1,6,1,1,1,1,1,1,1,4,6,1,7,3,1,5,1,8,1,1,1,1,1,7,7,8,1,1,1,1,1,1,1,8,5,2,2,1,1,2,2,,,3,4,,,1,3,2,6,1,1,1,1,1,4,6,3,1,1,1,1,1,1,1,1,5,1,2,,3,,,1,1,1,2,1,1,5,1,1,2,1,2,3,2,5,2,2,1,3,1,1,1,2,2,8,1,1,1,1,1,1,1,2,1,1,1,4,2,1,1,,,7,8,,,1,6,1,1,1,1,1,2,1,5,1,2,3,2,2,1,3,1,1,1,1,1,4,1,,7,,,b'\x11\xe8\xe1I\xcal`b\xaf\x82\x12\xdf\x17\xaeN\x1e'
11E8E149-CA6C-6062-AF82-12DF17AE4E1E,2012-ncaa-d1-natl,ncaa,35,9,286,12,312,111,83,163,29,67,128,31,170,200,91,210,172,201,107,205,248,173,200,38,45,35,269,220,257,67,11,136,2,86,4,153,273,57,78,94,77,27,143,91,,,43,125,,,12,262,125,262,22,15,37,18,49,144,165,124,147,149,46,64,18,35,12,88,124,32,113,,99,,,8,4,7,19,36,11,39,44,27,45,44,129,38,35,210,34,98,8,24,27,34,14,137,106,222,1,2,9,11,1,4,10,102,113,29,17,77,96,29,27,,,285,295,,,12,78,16,4,9,19,22,50,40,90,48,71,80,68,67,34,90,4,28,5,31,54,138,58,,225,,,b'\x11\xe8\xe1I\xcal`b\xaf\x82\x12\xdf\x17\xaeN\x1e'
11E8E149-CA6C-6062-AF82-12DF17AE4E1E,2012-ncaa-d1-ncaatournament,ncaa,33,2,33,33,34,42,37,41,21,36,39,19,55,56,46,52,45,49,23,49,50,43,43,28,35,32,60,57,47,36,14,46,5,40,4,56,62,9,27,52,53,45,63,63,,,1,5,,,26,56,54,5,34,14,17,10,11,51,51,40,46,45,29,29,12,29,16,55,23,47,63,,1,,,28,7,12,10,48,12,8,51,15,19,32,41,15,7,59,7,22,6,1,46,49,54,28,34,25,4,5,4,14,2,4,22,50,57,49,57,2,2,18,33,,,49,41,,,26,3,22,45,31,27,31,12,31,17,33,28,27,15,15,8,1,5,12,2,50,55,2,37,,41,,,b'\x11\xe8\xe1I\xcal`b\xaf\x82\x12\xdf\x17\xaeN\x1e'
11E8E149-CA6C-6062-AF82-12DF17AE4E1E,2013-ncaa-d0-natl,ncaa,60,20,251,32,293,101,71,134,35,69,139,37,126,171,74,175,219,205,246,208,240,147,203,42,57,36,239,169,299,68,25,107,2,77,6,48,71,16,23,12,112,43,135,94,,,53,124,,,12,264,167,256,22,15,34,24,72,99,126,186,161,164,40,105,33,21,9,12,47,68,113,,86,,,7,5,6,35,9,8,49,14,55,83,57,164,85,72,203,72,159,31,37,8,15,16,245,180,258,3,2,31,25,4,6,2,19,198,93,13,25,39,30,25,,,285,304,,,12,82,16,8,8,22,12,60,23,92,80,123,128,116,114,64,73,5,74,21,5,155,55,44,,252,,,b'\x11\xe8\xe1I\xcal`b\xaf\x82\x12\xdf\x17\xaeN\x1e'
11E8E149-CA6C-6062-AF82-12DF17AE4E1E,2013-ncaa-d1-conf-Ivy League,ncaa,1,1,1,1,4,1,1,1,1,1,1,2,2,4,1,5,3,2,7,3,6,1,1,1,1,1,7,5,8,1,2,1,1,1,1,1,1,1,1,1,1,1,2,2,,,1,1,,,1,2,2,4,1,1,1,1,1,2,4,3,2,3,1,1,1,1,1,1,1,1,2,,1,,,1,1,1,1,1,1,5,1,2,2,2,2,2,3,2,3,4,1,2,1,1,1,4,2,6,1,1,3,2,1,1,1,1,1,1,1,1,1,1,1,,,5,7,,,1,7,1,1,1,1,1,1,1,5,2,2,2,3,3,1,2,1,3,1,1,1,1,1,,5,,,b'\x11\xe8\xe1I\xcal`b\xaf\x82\x12\xdf\x17\xaeN\x1e'
11E8E149-CA6C-6062-AF82-12DF17AE4E1E,2013-ncaa-d1-natl,ncaa,63,20,292,32,319,116,82,150,36,77,157,37,134,181,73,172,235,219,248,223,236,165,232,42,59,37,235,168,298,76,26,119,2,90,6,56,72,9,23,12,133,44,142,95,,,44,128,,,15,286,173,256,22,15,34,25,74,99,126,188,160,162,42,112,33,22,10,13,49,76,114,,89,,,7,2,2,20,11,7,37,15,48,69,57,166,73,63,201,63,162,14,20,9,16,17,245,178,260,2,2,21,26,2,6,2,22,212,97,16,19,41,22,26,,,297,302,,,15,56,16,8,8,24,13,62,24,92,83,124,130,118,115,65,74,6,74,22,5,157,58,45,,249,,,b'\x11\xe8\xe1I\xcal`b\xaf\x82\x12\xdf\x17\xaeN\x1e'
11E8E149-CA6C-6062-AF82-12DF17AE4E1E,2013-ncaa-d1-ncaatournament,ncaa,33,2,33,33,35,60,54,41,62,57,43,60,40,39,44,21,59,52,62,50,50,44,40,60,63,64,19,11,57,26,4,44,1,34,2,41,7,25,46,47,52,34,57,60,,,12,49,,,43,53,45,7,60,54,12,57,29,23,16,58,50,46,20,10,2,33,3,32,52,41,55,,30,,,47,3,11,5,54,17,16,45,2,1,53,1,5,10,4,7,11,4,3,44,41,39,1,7,15,1,1,11,4,3,2,16,48,50,22,45,13,16,23,46,,,53,56,,,43,8,59,19,51,11,35,7,46,41,2,1,11,17,15,5,5,1,41,13,46,33,22,46,,51,,,b'\x11\xe8\xe1I\xcal`b\xaf\x82\x12\xdf\x17\xaeN\x1e'
11E8E149-CA6C-6062-AF82-12DF17AE4E1E,2014-ncaa-d0-natl,ncaa,78,41,180,55,212,93,69,215,5,77,222,6,92,152,18,129,206,223,133,231,205,225,235,5,7,12,192,130,298,215,92,57,8,107,9,68,116,127,176,52,252,240,79,66,,,158,244,,,29,228,193,171,34,27,196,44,215,82,141,209,219,224,215,221,209,11,45,31,150,245,72,,194,,,26,70,62,134,50,45,119,49,179,191,134,218,149,158,101,154,204,131,100,59,60,122,279,246,227,28,8,12,92,6,9,29,42,295,277,149,75,112,54,75,,,276,265,,,29,135,12,80,21,93,70,170,61,141,197,216,180,188,181,177,110,35,14,9,42,294,97,55,,276,,,b'\x11\xe8\xe1I\xcal`b\xaf\x82\x12\xdf\x17\xaeN\x1e'
11E8E149-CA6C-6062-AF82-12DF17AE4E1E,2014-ncaa-d1-conf-Ivy League,ncaa,2,2,1,2,1,1,1,3,1,1,1,1,4,5,1,7,5,5,2,5,6,3,3,1,1,1,8,7,8,3,2,1,1,2,1,1,4,3,2,1,2,2,2,2,,,3,4,,,1,2,1,1,1,1,3,1,1,4,5,5,5,5,3,3,3,1,2,1,3,2,2,,3,,,1,2,2,6,2,2,2,2,6,8,1,8,5,6,3,4,6,5,4,2,2,2,8,7,7,1,1,1,2,1,1,1,4,3,3,2,2,2,2,1,,,7,8,,,1,8,1,2,1,2,2,6,2,2,6,8,5,6,4,5,4,1,1,1,1,3,2,2,,7,,,b'\x11\xe8\xe1I\xcal`b\xaf\x82\x12\xdf\x17\xaeN\x1e'
11E8E149-CA6C-6062-AF82-12DF17AE4E1E,2014-ncaa-d1-natl,ncaa,85,40,211,57,256,109,82,244,5,92,240,7,99,159,19,129,228,244,133,251,204,252,267,5,7,12,188,129,298,230,93,65,8,125,10,75,116,110,177,56,265,245,86,68,,,144,246,,,33,264,195,167,38,29,197,47,217,83,142,211,222,228,218,226,216,11,50,35,150,250,74,,196,,,26,57,46,106,54,36,92,52,165,179,136,218,137,149,103,143,205,98,67,64,69,129,280,246,227,22,8,7,93,2,10,19,43,311,282,155,62,111,49,77,,,302,265,,,33,98,13,89,21,99,74,172,68,142,196,218,182,192,185,177,110,36,16,10,45,296,96,58,,277,,,b'\x11\xe8\xe1I\xcal`b\xaf\x82\x12\xdf\x17\xaeN\x1e'
11E8E149-CA6C-6062-AF82-12DF17AE4E1E,2015-ncaa-d0-natl,ncaa,7,1,79,2,108,35,19,107,3,30,100,3,77,185,2,214,159,157,173,146,225,114,132,2,3,3,254,168,326,157,52,25,2,47,4,19,95,97,81,18,106,90,51,47,,,91,87,,,5,130,238,283,18,10,157,16,139,90,214,205,214,203,171,240,203,13,44,12,70,122,58,,50,,,2,21,35,185,2,47,186,10,76,191,6,209,36,41,104,46,51,144,161,2,2,3,119,179,124,22,2,19,52,17,4,25,76,153,146,52,44,43,60,33,,,195,257,,,5,217,5,2,2,6,11,84,20,109,43,160,22,30,31,43,40,7,10,3,18,207,31,44,,278,,,b'\x11\xe8\xe1I\xcal`b\xaf\x82\x12\xdf\x17\xaeN\x1e'
11E8E149-CA6C-6062-AF82-12DF17AE4E1E,2015-ncaa-d1-conf-Ivy League,ncaa,1,1,1,1,3,1,1,2,1,1,1,1,3,6,1,7,5,5,6,5,5,3,3,1,1,1,8,7,8,3,2,1,1,1,1,1,4,3,1,1,4,4,2,2,,,2,2,,,1,3,3,3,1,1,2,1,1,3,6,5,5,5,3,3,3,1,1,1,3,4,2,,2,,,1,1,1,4,1,1,7,1,2,3,1,4,3,2,2,3,2,4,3,1,1,1,2,3,5,1,1,1,2,1,1,1,1,5,5,2,2,2,1,1,,,7,6,,,1,6,1,1,1,1,1,4,1,7,2,3,3,2,3,4,3,1,1,1,1,5,2,1,,7,,,b'\x11\xe8\xe1I\xcal`b\xaf\x82\x12\xdf\x17\xaeN\x1e'
11E8E149-CA6C-6062-AF82-12DF17AE4E1E,2015-ncaa-d1-natl,ncaa,7,1,97,2,135,40,24,129,3,32,114,3,91,195,2,212,181,179,173,168,225,137,165,2,3,3,251,168,326,183,58,31,2,57,4,22,97,85,86,19,120,99,57,49,,,66,89,,,5,166,239,285,19,10,162,17,143,91,215,209,217,206,182,243,207,15,50,12,70,132,59,,50,,,2,14,21,157,2,38,154,14,65,177,7,211,29,32,108,38,54,111,121,2,3,3,114,177,122,18,2,9,58,6,4,21,76,180,152,57,33,45,51,36,,,227,256,,,5,180,5,2,2,6,11,86,20,112,47,158,22,31,33,45,40,7,10,3,20,212,30,44,,276,,,b'\x11\xe8\xe1I\xcal`b\xaf\x82\x12\xdf\x17\xaeN\x1e'
11E8E149-CA6C-6062-AF82-12DF17AE4E1E,2015-ncaa-d1-ncaatournament,ncaa,17,2,17,17,17,21,21,25,15,23,24,21,20,25,16,34,22,26,14,26,32,25,26,12,13,10,34,31,29,22,4,25,13,20,4,22,38,41,36,25,31,40,33,48,,,32,9,,,29,28,45,4,13,15,34,22,26,25,36,18,29,31,32,33,12,29,18,21,33,41,46,,8,,,28,43,46,43,44,39,36,39,51,49,51,60,22,19,40,19,14,40,34,53,47,53,47,61,7,32,13,32,4,33,4,44,23,35,53,54,27,13,13,7,,,27,32,,,29,38,6,55,25,43,53,43,26,18,60,59,11,8,6,31,16,15,4,3,36,55,11,3,,34,,,b'\x11\xe8\xe1I\xcal`b\xaf\x82\x12\xdf\x17\xaeN\x1e'
11E8E149-CA6C-6062-AF82-12DF17AE4E1E,2016-ncaa-d0-natl,ncaa,53,17,240,23,258,79,72,195,10,68,159,17,124,214,15,215,127,157,77,165,158,184,214,13,10,15,206,189,219,116,13,36,2,55,2,64,105,93,119,46,240,210,107,82,,,144,234,,,13,252,152,182,18,19,113,27,108,97,187,75,106,116,102,115,72,2,5,20,155,225,89,,208,,,7,21,19,118,7,14,99,9,112,181,35,234,133,104,283,109,170,110,56,14,16,47,285,218,261,5,2,7,13,4,2,17,68,311,298,130,70,94,157,148,,,211,187,,,13,105,11,26,8,48,36,195,28,153,158,242,183,149,156,198,104,16,9,9,35,299,110,191,,162,,,b'\x11\xe8\xe1I\xcal`b\xaf\x82\x12\xdf\x17\xaeN\x1e'
11E8E149-CA6C-6062-AF82-12DF17AE4E1E,2016-ncaa-d1-conf-Ivy League,ncaa,2,2,1,2,4,1,1,3,1,1,2,1,5,7,1,7,2,3,5,3,5,3,2,1,1,1,7,7,8,2,1,1,1,1,1,1,5,7,7,4,5,5,2,2,,,4,5,,,1,2,2,4,1,1,3,1,2,5,7,2,3,3,3,2,2,1,1,1,7,5,2,,4,,,1,2,2,6,1,1,7,1,2,4,2,4,4,4,5,4,4,5,5,1,2,2,7,4,7,2,1,1,1,1,1,1,1,7,7,1,6,4,3,1,,,4,7,,,1,6,1,2,1,2,2,6,1,7,2,4,4,4,4,5,5,2,1,1,1,7,6,3,,4,,,b'\x11\xe8\xe1I\xcal`b\xaf\x82\x12\xdf\x17\xaeN\x1e'
11E8E149-CA6C-6062-AF82-12DF17AE4E1E,2016-ncaa-d1-natl,ncaa,62,17,303,24,319,94,89,229,10,86,195,18,133,232,15,213,143,173,74,184,157,220,250,13,10,15,206,188,215,140,15,43,2,64,2,76,105,66,127,50,266,221,121,87,,,115,238,,,15,290,151,168,20,22,117,29,109,103,190,75,108,121,103,119,74,3,7,21,153,235,94,,210,,,7,12,10,80,7,6,71,10,98,166,40,230,120,86,286,89,169,70,25,16,17,57,282,214,263,4,2,3,15,2,2,14,70,326,302,146,55,99,145,153,,,236,183,,,15,64,11,29,8,51,40,197,32,158,158,239,186,155,162,199,103,16,9,9,38,307,112,201,,163,,,b'\x11\xe8\xe1I\xcal`b\xaf\x82\x12\xdf\x17\xaeN\x1e'
11E8E149-CA6C-6062-AF82-12DF17AE4E1E,2016-ncaa-d1-ncaatournament,ncaa,33,2,33,33,33,38,35,46,19,34,43,10,48,49,43,31,51,52,25,52,51,47,51,25,25,23,56,43,54,52,49,38,14,46,29,46,55,10,26,30,60,60,30,12,,,26,63,,,30,48,34,1,30,20,31,11,27,38,32,51,51,52,39,46,48,17,34,40,20,59,17,,58,,,34,15,8,18,25,7,4,35,18,28,17,51,31,28,58,28,58,21,13,21,36,46,53,28,59,11,14,10,49,9,29,14,38,62,61,58,21,46,36,57,,,50,44,,,30,12,25,45,34,43,23,30,25,12,31,53,59,55,55,44,26,17,35,27,34,61,43,57,,46,,,b'\x11\xe8\xe1I\xcal`b\xaf\x82\x12\xdf\x17\xaeN\x1e'
11E8E149-CA6C-6062-AF82-12DF17AE4E1E,2017-ncaa-d0-natl,ncaa,150,126,168,147,184,184,143,100,219,139,89,273,169,185,118,206,299,285,273,283,333,130,144,235,267,226,240,162,317,47,55,79,31,57,35,151,162,147,121,132,122,89,61,34,,,157,206,,,68,188,193,109,165,120,42,125,50,159,181,306,291,290,77,82,31,29,11,130,169,105,54,,172,,,64,25,20,122,16,14,55,30,178,253,27,309,66,78,101,82,168,98,115,21,19,20,284,287,170,51,31,196,55,118,35,88,272,174,141,124,145,126,250,197,,,298,335,,,68,148,175,14,72,27,24,115,15,45,184,290,79,91,95,90,96,60,209,149,106,157,158,266,,314,,,b'\x11\xe8\xe1I\xcal`b\xaf\x82\x12\xdf\x17\xaeN\x1e'
11E8E149-CA6C-6062-AF82-12DF17AE4E1E,2017-ncaa-d1-conf-Ivy League,ncaa,2,2,1,2,1,2,1,1,4,1,1,4,4,5,4,6,4,3,6,2,6,1,1,4,4,5,7,6,6,1,1,2,3,1,2,2,6,8,6,5,1,1,3,2,,,8,6,,,2,2,3,5,2,2,3,1,1,6,6,5,4,4,2,1,1,5,1,5,6,1,3,,5,,,2,5,5,6,3,3,3,2,8,8,4,8,5,5,3,5,6,7,7,3,3,2,8,8,6,5,3,6,1,5,2,7,8,1,2,3,7,5,5,3,,,4,7,,,2,7,3,2,2,2,2,4,2,1,7,7,5,5,5,4,3,4,2,3,6,2,5,4,,5,,,b'\x11\xe8\xe1I\xcal`b\xaf\x82\x12\xdf\x17\xaeN\x1e'
11E8E149-CA6C-6062-AF82-12DF17AE4E1E,2017-ncaa-d1-natl,ncaa,157,126,217,152,244,213,175,130,232,171,112,277,181,207,122,206,312,302,271,299,335,164,187,244,268,230,235,159,316,58,60,95,31,69,36,173,165,123,127,138,144,100,71,34,,,128,210,,,81,246,201,101,174,128,44,136,52,160,184,312,294,292,83,90,31,31,12,143,171,111,54,,176,,,75,8,10,74,17,6,31,34,156,241,32,310,52,61,100,63,168,49,58,25,21,26,285,287,168,36,31,160,60,85,36,74,271,198,149,135,127,130,242,204,,,323,334,,,81,86,185,18,81,27,25,117,17,44,187,288,80,95,99,91,96,61,216,150,111,165,162,269,,314,,,b'\x11\xe8\xe1I\xcal`b\xaf\x82\x12\xdf\x17\xaeN\x1e'
11E8E149-CA6C-6062-AF82-12DF17AE4E1E,2018-ncaa-d0-natl,ncaa,38,12,164,16,222,140,130,201,62,142,241,47,110,126,105,99,251,293,38,286,264,220,257,58,64,72,176,117,291,175,79,113,21,130,31,77,45,80,132,54,142,91,39,23,,,77,165,,,32,269,296,271,112,95,193,122,233,96,107,256,298,290,223,273,156,79,96,47,96,129,29,,94,,,24,8,19,66,29,44,145,27,24,31,58,61,37,43,144,48,72,50,48,21,21,26,77,80,192,22,21,34,79,21,31,5,24,211,148,37,136,192,59,95,,,304,298,,,32,72,60,17,19,11,21,55,47,159,27,34,51,57,57,42,26,35,42,24,8,202,152,68,,323,,,b'\x11\xe8\xe1I\xcal`b\xaf\x82\x12\xdf\x17\xaeN\x1e'
11E8E149-CA6C-6062-AF82-12DF17AE4E1E,2018-ncaa-d1-conf-Ivy League,ncaa,1,1,1,1,1,1,1,2,1,1,1,1,4,3,3,6,2,2,2,2,3,2,2,3,1,1,5,5,4,3,3,1,1,2,1,1,1,5,4,1,3,4,2,2,,,8,7,,,1,2,6,5,2,2,6,1,5,4,6,3,4,4,5,5,4,1,2,1,3,5,2,,5,,,1,2,2,4,2,2,8,2,1,2,1,1,5,8,2,8,6,5,5,2,2,2,2,1,8,2,1,2,3,2,1,1,1,4,4,1,4,3,1,1,,,2,4,,,1,7,1,1,1,2,2,2,2,4,1,1,3,4,4,2,1,1,1,1,1,4,3,1,,4,,,b'\x11\xe8\xe1I\xcal`b\xaf\x82\x12\xdf\x17\xaeN\x1e'
11E8E149-CA6C-6062-AF82-12DF17AE4E1E,2018-ncaa-d1-natl,ncaa,45,12,213,17,291,175,152,243,62,177,266,50,114,141,105,96,270,308,39,301,262,267,301,59,65,77,172,117,289,209,88,145,23,175,34,88,47,56,138,57,164,102,40,24,,,47,168,,,40,320,301,270,118,106,199,132,235,97,107,256,298,294,233,280,165,82,105,51,96,139,29,,97,,,29,5,9,31,30,27,108,29,18,21,61,57,23,35,146,41,75,19,16,23,24,31,74,78,192,14,23,17,88,7,34,5,24,236,150,45,116,196,50,100,,,322,297,,,40,23,62,24,25,13,22,58,53,164,26,32,52,59,63,43,26,40,41,26,9,212,156,72,,325,,,b'\x11\xe8\xe1I\xcal`b\xaf\x82\x12\xdf\x17\xaeN\x1e'
11E8E149-CA6C-6062-AF82-12DF17AE4E1E,2018-ncaa-d1-ncaatournament,ncaa,33,2,33,33,34,53,52,59,47,50,56,23,51,46,54,22,42,42,13,41,17,58,52,48,47,51,34,41,13,58,52,56,58,61,53,38,4,17,53,34,35,18,29,20,,,13,35,,,50,48,40,7,52,51,58,43,51,46,26,29,35,32,56,45,57,54,60,18,44,12,14,,38,,,51,11,13,15,39,18,21,23,14,9,55,16,12,10,38,10,30,10,18,36,35,28,33,36,30,29,58,15,52,20,53,11,35,39,16,24,14,41,1,1,,,40,14,,,50,9,51,36,52,36,36,29,37,44,35,15,34,31,34,27,46,59,43,51,36,14,35,1,,17,,,b'\x11\xe8\xe1I\xcal`b\xaf\x82\x12\xdf\x17\xaeN\x1e'
11E8E149-CA6C-6062-AF82-12DF17AE4E1E,2019-ncaa-d0-natl,ncaa,63,57,80,63,90,68,66,61,94,70,89,80,82,92,123,134,122,213,6,212,280,71,87,83,82,64,186,151,238,146,177,75,72,88,106,54,94,104,67,47,53,60,15,17,,,123,65,,,68,81,115,124,70,63,60,80,119,94,103,146,247,248,83,140,177,79,113,53,77,62,14,,81,,,67,218,240,274,127,188,277,57,295,221,337,180,54,57,147,61,41,252,262,161,121,117,213,303,37,144,72,238,177,211,106,212,153,105,144,144,186,117,95,62,,,186,271,,,68,272,75,97,64,143,183,225,126,237,282,173,43,42,44,159,198,96,167,132,163,131,135,74,,252,,,b'\x11\xe8\xe1I\xcal`b\xaf\x82\x12\xdf\x17\xaeN\x1e'
11E8E149-CA6C-6062-AF82-12DF17AE4E1E,2019-ncaa-d1-conf-Ivy League,ncaa,1,1,1,1,2,1,1,2,1,1,1,1,6,6,3,7,1,1,1,1,1,1,2,1,1,1,7,7,2,3,4,2,3,3,3,1,4,5,2,2,1,1,1,2,,,7,4,,,1,1,4,4,1,2,3,1,2,7,7,1,1,1,2,3,4,4,4,1,2,1,1,,5,,,1,7,7,8,5,7,8,2,5,2,8,1,3,3,3,3,1,8,8,4,3,3,2,3,2,4,3,4,4,5,3,4,1,1,3,1,5,3,2,1,,,2,3,,,1,8,1,2,1,4,6,5,5,8,4,1,2,1,2,4,5,2,2,1,2,3,3,1,,3,,,b'\x11\xe8\xe1I\xcal`b\xaf\x82\x12\xdf\x17\xaeN\x1e'
11E8E149-CA6C-6062-AF82-12DF17AE4E1E,2019-ncaa-d1-natl,ncaa,73,57,107,67,118,86,86,83,106,88,117,85,97,103,126,135,148,239,7,237,279,96,128,93,86,70,180,149,237,180,186,91,80,118,122,70,97,74,64,55,71,67,16,19,,,98,67,,,80,117,121,116,76,67,64,89,124,95,104,152,250,251,89,144,191,89,131,63,78,71,17,,86,,,77,179,213,249,142,150,246,66,285,194,339,175,47,46,151,53,38,214,213,183,135,138,212,305,37,106,80,203,186,165,122,194,153,131,153,160,156,127,84,68,,,227,269,,,80,238,82,116,77,155,199,230,137,243,287,170,42,41,44,167,192,101,172,145,172,146,137,78,,255,,,b'\x11\xe8\xe1I\xcal`b\xaf\x82\x12\xdf\x17\xaeN\x1e'
11E8E149-CA6C-6062-AF82-12DF17AE4E1E,2019-ncaa-d1-ncaatournament,ncaa,33,2,33,33,36,35,35,46,9,36,45,14,46,56,13,37,41,45,23,45,47,46,44,9,9,13,44,40,37,38,10,39,2,41,5,37,23,21,45,30,54,38,44,39,,,21,62,,,29,46,33,7,12,8,27,11,23,25,38,28,35,36,27,20,16,30,29,10,47,45,38,,50,,,32,20,11,5,53,7,5,40,23,17,57,29,29,33,26,31,62,9,2,56,60,63,59,46,58,1,2,3,10,2,5,10,30,64,61,58,28,57,6,9,,,48,48,,,29,8,9,55,40,50,31,7,20,9,50,27,56,60,59,17,2,1,7,2,28,63,57,7,,36,,,b'\x11\xe8\xe1I\xcal`b\xaf\x82\x12\xdf\x17\xaeN\x1e'
11E8E149-CA6C-6062-AF82-12DF17AE4E1E,2020-ncaa-d0-natl,ncaa,15,1,312,2,328,167,143,212,87,146,191,106,158,198,78,179,226,247,139,245,212,224,296,95,96,47,198,167,243,85,32,204,2,141,9,89,84,6,12,13,42,5,23,5,,,7,52,,,7,331,272,252,54,48,42,66,83,118,145,139,160,157,50,161,32,61,26,39,17,14,14,,22,,,7,1,1,5,7,3,9,8,9,38,8,203,4,4,157,2,20,1,7,5,5,2,124,170,97,2,2,21,32,5,9,1,20,102,14,1,9,22,64,74,,,308,244,,,7,18,24,1,6,1,1,13,6,37,21,71,7,6,5,3,20,6,78,19,1,40,23,115,,232,,,b'\x11\xe8\xe1I\xcal`b\xaf\x82\x12\xdf\x17\xaeN\x1e'
11E8E149-CA6C-6062-AF82-12DF17AE4E1E,2020-ncaa-d1-conf-Ivy League,ncaa,1,1,1,1,5,1,1,1,1,1,2,1,5,6,7,6,1,2,3,1,4,1,3,1,1,1,7,6,4,1,1,1,1,1,1,1,5,2,2,1,1,1,1,1,,,1,2,,,1,6,6,5,1,1,1,1,2,5,6,1,2,1,1,3,1,1,1,1,2,1,1,,1,,,1,1,1,1,1,1,2,2,1,1,1,3,1,1,5,1,2,1,1,1,1,1,1,1,4,1,1,2,1,1,1,1,1,1,1,1,1,1,2,1,,,4,4,,,1,3,1,1,1,1,1,1,1,2,1,1,1,1,1,1,1,1,2,1,1,1,1,2,,4,,,b'\x11\xe8\xe1I\xcal`b\xaf\x82\x12\xdf\x17\xaeN\x1e'
11E8E149-CA6C-6062-AF82-12DF17AE4E1E,2020-ncaa-d1-natl,ncaa,15,1,341,2,350,206,181,256,93,172,226,114,166,213,83,178,241,264,139,264,213,271,327,98,102,50,192,167,237,105,36,238,2,179,10,108,85,3,12,15,55,7,25,5,,,5,53,,,8,343,275,252,56,54,46,70,83,120,148,141,165,164,56,167,39,68,27,43,17,17,14,,22,,,7,1,1,2,7,2,5,8,5,24,9,199,3,3,161,1,20,1,2,6,5,2,119,167,98,1,2,13,36,2,10,1,18,120,17,1,6,23,52,77,,,317,239,,,8,8,26,1,6,1,1,16,7,39,21,69,7,8,6,3,19,4,81,21,1,42,24,115,,229,,,b'\x11\xe8\xe1I\xcal`b\xaf\x82\x12\xdf\x17\xaeN\x1e'
11E8E149-CA6C-6062-AF82-12DF17AE4E1E,2022-ncaa-d0-natl,ncaa,23,7,112,9,133,100,90,98,105,83,67,179,123,189,40,235,170,202,65,200,298,106,126,116,116,80,219,177,244,54,36,130,30,82,20,114,207,60,49,75,33,15,213,176,,,192,223,,,12,170,248,220,91,69,60,75,64,132,210,183,233,232,89,162,55,143,71,132,50,27,225,,158,,,7,25,22,80,11,24,76,25,67,152,19,233,105,124,100,126,223,73,155,13,14,5,252,185,277,33,30,123,36,69,20,4,20,33,14,1,56,40,136,62,,,148,180,,,12,187,46,3,5,4,3,18,6,26,49,111,91,102,98,13,55,19,56,23,1,26,42,108,,175,,,b'\x11\xe8\xe1I\xcal`b\xaf\x82\x12\xdf\x17\xaeN\x1e'
11E8E149-CA6C-6062-AF82-12DF17AE4E1E,2022-ncaa-d1-conf-Ivy League,ncaa,1,1,1,1,1,1,1,2,1,1,1,2,3,4,1,8,2,3,1,3,7,2,3,1,1,1,8,7,4,2,1,2,2,2,1,2,6,2,2,1,1,1,5,5,,,4,5,,,1,3,6,5,2,2,2,1,1,3,7,2,4,4,2,4,2,4,3,2,1,1,5,,2,,,1,1,1,2,1,2,4,1,1,1,2,3,3,3,5,3,4,1,5,1,2,1,4,4,5,2,2,2,1,1,1,1,1,1,1,1,1,2,4,2,,,3,2,,,1,6,1,1,1,1,1,1,1,2,1,1,3,1,1,1,1,1,1,1,1,1,1,4,,4,,,b'\x11\xe8\xe1I\xcal`b\xaf\x82\x12\xdf\x17\xaeN\x1e'
11E8E149-CA6C-6062-AF82-12DF17AE4E1E,2022-ncaa-d1-natl,ncaa,25,7,146,10,178,125,115,120,115,108,83,190,141,211,39,238,189,233,63,231,298,134,168,125,125,87,213,177,241,68,38,162,32,109,25,142,213,40,49,79,47,19,231,179,,,155,227,,,15,219,254,210,103,78,70,85,69,131,214,188,238,235,101,173,61,158,78,143,51,34,233,,159,,,9,13,11,46,13,13,51,28,55,121,21,231,93,99,107,101,224,43,104,15,16,5,252,180,278,18,32,79,38,43,25,3,21,41,16,1,44,41,123,70,,,177,174,,,15,137,53,3,7,4,5,17,7,25,51,111,98,105,103,13,51,19,59,26,1,31,41,122,,176,,,b'\x11\xe8\xe1I\xcal`b\xaf\x82\x12\xdf\x17\xaeN\x1e'
11E8E149-CA6C-6062-AF82-12DF17AE4E1E,2022-ncaa-d1-ncaatournament,ncaa,17,2,17,17,18,28,27,30,26,22,23,31,35,34,39,53,25,27,32,25,41,30,27,33,32,34,52,51,34,34,51,30,5,30,20,32,63,41,38,53,30,38,40,42,,,42,46,,,19,25,33,5,40,38,44,23,24,45,54,29,37,33,43,42,51,38,45,59,35,42,43,,29,,,19,37,36,33,37,40,35,39,27,32,32,22,46,46,50,43,43,33,33,36,41,30,29,22,57,9,5,42,51,34,20,33,21,16,5,10,39,34,32,27,,,23,21,,,19,39,40,13,20,13,11,1,21,11,16,11,41,38,28,2,5,5,32,8,17,9,28,23,,26,,,b'\x11\xe8\xe1I\xcal`b\xaf\x82\x12\xdf\x17\xaeN\x1e'
11E8E149-CA6C-6062-AF82-12DF17AE4E1E,2023-ncaa-d0-natl,ncaa,42,13,164,22,219,177,145,152,142,111,106,172,232,252,186,266,230,221,199,225,303,161,228,170,182,131,294,255,249,89,51,201,46,140,49,134,120,21,42,47,74,24,104,58,,,53,91,,,34,285,314,259,156,112,116,81,81,235,254,226,221,229,143,245,61,208,108,109,28,58,86,,55,,,25,6,12,33,48,25,53,69,26,61,37,157,48,45,214,45,123,25,67,35,42,13,134,125,208,22,46,71,51,37,49,10,72,65,15,6,57,90,142,93,,,183,116,,,34,91,84,8,18,5,7,5,16,40,26,57,57,50,51,2,26,23,77,35,12,38,75,148,,163,,,b'\x11\xe8\xe1I\xcal`b\xaf\x82\x12\xdf\x17\xaeN\x1e'
11E8E149-CA6C-6062-AF82-12DF17AE4E1E,2023-ncaa-d1-conf-Ivy League,ncaa,1,1,2,1,3,3,3,3,2,1,1,2,7,7,6,8,3,3,2,3,7,3,3,4,4,3,7,7,5,2,2,3,2,2,2,3,6,1,1,2,4,1,1,1,,,3,3,,,1,3,8,5,3,3,3,1,1,7,8,2,3,3,3,7,3,2,2,3,1,4,2,,2,,,1,1,1,4,1,1,3,1,2,4,1,5,2,2,4,2,4,3,5,1,1,1,6,4,5,2,2,1,2,2,2,1,3,1,1,1,4,3,6,4,,,3,4,,,1,6,2,1,1,1,1,1,1,2,1,1,2,2,2,1,1,2,1,1,1,1,3,5,,4,,,b'\x11\xe8\xe1I\xcal`b\xaf\x82\x12\xdf\x17\xaeN\x1e'
11E8E149-CA6C-6062-AF82-12DF17AE4E1E,2023-ncaa-d1-natl,ncaa,45,13,219,22,289,215,180,199,147,146,129,181,247,272,184,268,249,249,196,255,307,216,291,180,194,137,292,254,243,107,53,244,50,178,50,152,130,13,44,51,96,26,111,61,,,34,96,,,35,325,316,252,175,127,128,90,83,236,259,228,223,230,158,259,65,220,123,122,28,69,91,,56,,,25,2,4,12,54,11,29,76,21,41,37,157,38,32,230,34,121,10,28,40,47,14,130,124,210,13,50,47,53,15,50,8,71,82,17,6,44,95,130,103,,,213,105,,,35,42,90,10,19,6,7,6,23,41,27,57,58,50,52,2,27,25,78,35,15,42,76,154,,159,,,b'\x11\xe8\xe1I\xcal`b\xaf\x82\x12\xdf\x17\xaeN\x1e'
11E8E149-CA6C-6062-AF82-12DF17AE4E1E,2023-ncaa-d1-ncaatournament,ncaa,18,2,18,18,21,32,29,18,62,32,21,61,22,16,46,17,27,27,38,27,48,18,19,62,61,56,18,16,36,14,19,32,23,24,34,24,20,35,8,13,14,2,14,7,,,50,60,,,34,24,25,7,47,46,1,51,17,21,7,38,38,40,5,8,6,53,27,26,10,4,12,,55,,,32,40,37,34,48,43,36,53,12,32,7,18,55,55,36,55,66,35,39,41,47,28,26,9,65,26,23,52,19,47,34,34,36,15,1,8,35,15,40,30,,,28,48,,,34,45,46,19,33,22,7,1,32,10,7,11,60,62,62,4,17,9,59,46,22,2,18,27,,36,,,b'\x11\xe8\xe1I\xcal`b\xaf\x82\x12\xdf\x17\xaeN\x1e'
11E8E149-CA6C-6062-AF82-12DF17AE4E1E,2024-ncaa-d0-natl,ncaa,34,7,196,14,206,138,95,164,27,47,83,48,259,306,88,309,308,304,212,307,354,186,250,56,80,62,351,292,348,70,10,285,72,193,18,142,263,25,48,69,149,74,104,65,,,73,189,,,32,300,332,95,97,34,102,11,49,250,307,317,305,306,165,250,43,304,171,122,34,124,101,,91,,,24,15,14,22,140,16,55,25,126,24,357,86,48,67,76,63,153,15,45,168,172,56,278,282,182,13,72,4,10,3,18,27,127,102,22,21,22,42,29,12,,,272,249,,,32,65,28,34,21,13,13,5,14,47,147,19,75,95,88,3,19,17,4,3,35,81,32,28,,277,,,b'\x11\xe8\xe1I\xcal`b\xaf\x82\x12\xdf\x17\xaeN\x1e'
11E8E149-CA6C-6062-AF82-12DF17AE4E1E,2024-ncaa-d1-conf-Ivy League,ncaa,1,1,1,1,1,2,1,1,1,1,1,2,5,6,4,6,5,4,6,4,8,2,2,2,2,2,8,6,8,2,2,4,1,2,2,2,8,1,1,1,1,1,2,1,,,3,4,,,1,2,7,3,2,1,1,1,2,6,6,6,6,6,2,5,2,8,3,2,1,1,3,,2,,,1,1,1,1,1,1,2,1,6,1,8,4,2,2,7,2,5,1,5,4,5,1,8,8,6,1,1,1,2,1,2,1,7,1,1,1,1,2,5,1,,,4,7,,,1,7,2,1,1,1,1,1,1,1,5,1,2,2,2,1,1,1,1,1,1,1,1,3,,6,,,b'\x11\xe8\xe1I\xcal`b\xaf\x82\x12\xdf\x17\xaeN\x1e'
11E8E149-CA6C-6062-AF82-12DF17AE4E1E,2024-ncaa-d1-natl,ncaa,39,7,254,14,269,164,112,209,27,56,108,55,279,323,90,313,322,324,210,325,355,240,308,61,86,66,353,293,349,95,11,316,86,241,20,168,275,13,56,73,177,85,117,69,,,53,198,,,39,346,338,88,107,38,111,13,51,257,312,322,308,310,178,262,47,313,195,131,35,139,105,,94,,,29,7,7,8,160,9,37,30,106,15,362,83,40,53,80,51,154,5,11,188,185,74,279,281,184,6,86,3,11,2,20,20,133,136,30,27,17,42,21,13,,,305,244,,,39,17,30,46,23,21,17,5,18,53,155,20,85,98,93,3,16,21,4,3,39,85,31,30,,279,,,b'\x11\xe8\xe1I\xcal`b\xaf\x82\x12\xdf\x17\xaeN\x1e'
11E8E149-CA6C-6062-AF82-12DF17AE4E1E,2024-ncaa-d1-ncaatournament,ncaa,37,3,37,37,38,61,63,61,54,67,66,58,45,48,41,23,42,38,56,37,6,62,48,52,51,59,4,22,9,30,3,61,39,48,10,55,18,31,66,64,59,48,62,62,,,26,67,,,42,64,63,5,59,62,58,67,62,32,29,22,11,9,57,30,4,61,37,50,65,51,62,,62,,,43,4,5,1,63,9,9,57,3,2,32,5,26,44,3,44,67,2,3,53,43,38,26,4,61,9,39,3,3,2,10,1,1,43,12,1,27,57,2,5,,,41,13,,,42,4,52,30,45,11,9,1,21,12,3,2,57,68,68,3,5,15,5,3,1,17,56,2,,12,,,b'\x11\xe8\xe1I\xcal`b\xaf\x82\x12\xdf\x17\xaeN\x1e'
11E8E149-CA6C-6062-AF82-12DF17AE4E1E,2025-ncaa-d0-natl,genius_ncaa,84,37,248,58,290,186,152,291,23,135,246,30,206,270,57,198,325,336,107,338,336,310,331,28,34,59,288,199,336,237,69,243,80,254,33,123,101,48,151,71,307,263,84,30,,,33,129,,153,66,338,341,269,123,83,274,70,207,182,245,313,331,333,309,330,203,195,216,70,90,300,64,,62,,186,60,14,11,47,37,17,35,59,95,114,107,265,37,24,348,23,103,27,19,52,63,88,250,267,175,25,80,2,69,2,33,27,158,293,182,139,79,190,5,10,,,331,263,,230,66,24,58,85,48,24,28,56,30,53,136,170,73,44,46,33,16,55,4,2,49,267,140,5,,319,,220,b'\x11\xe8\xe1I\xcal`b\xaf\x82\x12\xdf\x17\xaeN\x1e'
11E8E149-CA6C-6062-AF82-12DF17AE4E1E,2025-ncaa-d1-conf-Ivy League,genius_ncaa,3,2,3,3,3,3,3,4,1,2,3,1,5,6,1,6,5,5,3,5,6,4,4,1,1,1,6,6,8,4,3,1,1,3,2,2,5,4,4,3,4,3,1,1,,,3,3,,5,3,4,6,1,3,3,5,1,3,5,6,5,5,5,5,6,4,1,3,2,4,5,1,,3,,5,3,1,1,3,1,2,3,1,4,4,1,5,5,4,8,4,4,1,4,1,1,3,6,5,6,1,1,1,3,1,2,1,2,3,3,3,6,4,1,2,,,5,4,,1,3,5,3,3,3,2,2,3,1,2,2,4,5,3,3,3,1,1,1,1,1,3,4,2,,4,,2,b'\x11\xe8\xe1I\xcal`b\xaf\x82\x12\xdf\x17\xaeN\x1e'
11E8E149-CA6C-6062-AF82-12DF17AE4E1E,2025-ncaa-d1-natl,genius_ncaa,95,37,304,61,333,223,179,320,23,166,276,32,223,277,60,201,333,341,105,341,336,333,348,30,35,63,284,200,334,266,71,281,91,295,36,146,106,36,157,77,325,275,89,30,,,23,133,,140,77,351,344,269,140,91,281,79,214,184,249,316,332,333,314,333,215,202,229,74,92,310,65,,65,,192,68,7,6,21,46,11,23,62,79,85,116,265,32,23,349,21,106,13,12,65,75,100,249,267,175,20,91,2,71,1,36,22,158,315,194,155,72,196,3,9,,,341,259,,235,77,13,62,98,56,29,32,59,33,54,141,165,75,46,49,35,16,62,5,2,54,279,139,4,,319,,214,b'\x11\xe8\xe1I\xcal`b\xaf\x82\x12\xdf\x17\xaeN\x1e'
11E8E149-CA6C-6062-AF82-12DF17AE4E1E,2025-ncaa-d1-ncaatournament,genius_ncaa,37,2,37,37,38,45,44,40,49,42,40,51,53,61,48,48,45,47,24,47,56,41,51,49,51,36,50,50,38,45,46,39,3,41,29,52,59,2,3,25,49,29,18,3,,,1,3,,9,31,50,28,7,37,33,14,25,12,44,41,34,38,39,17,39,35,16,25,49,2,34,2,,1,,13,32,6,16,15,47,24,24,45,4,5,27,10,4,4,63,3,3,10,8,37,36,36,1,11,8,2,3,21,46,8,29,15,39,54,37,45,9,20,9,11,,,67,67,,62,31,17,37,22,29,28,46,35,57,56,10,7,4,4,3,23,12,2,57,34,42,43,19,14,,67,,62,b'\x11\xe8\xe1I\xcal`b\xaf\x82\x12\xdf\x17\xaeN\x1e'
11E8E149-CA6C-6062-AF82-12DF17AE4E1E,2026-ncaa-d0-natl,genius_ncaa,5,13,9,13,20,28,40,36,66,52,57,90,26,41,50,134,25,43,40,42,118,34,39,61,49,35,109,117,158,33,58,94,145,62,95,47,150,187,52,46,51,86,80,132,,,213,64,,73,63,46,279,97,51,63,133,109,191,62,115,72,120,123,126,213,108,269,189,83,46,112,134,,46,,30,77,335,339,313,269,340,321,237,296,258,285,138,279,240,345,241,91,313,311,265,270,248,132,157,132,239,145,255,58,255,95,338,246,68,144,220,292,158,150,64,,,62,182,,205,63,318,28,220,69,187,219,99,221,160,156,88,148,93,90,76,54,68,53,42,235,176,145,57,,208,,282,b'\x11\xe8\xe1I\xcal`b\xaf\x82\x12\xdf\x17\xaeN\x1e'
11E8E149-CA6C-6062-AF82-12DF17AE4E1E,2026-ncaa-d1-natl,genius_ncaa,5,13,13,13,35,36,48,56,79,75,87,106,38,59,52,131,36,66,36,64,112,50,63,66,56,41,94,114,135,53,70,138,164,95,122,58,160,145,58,54,73,111,100,148,,,171,71,,55,97,78,291,100,69,90,159,136,207,67,126,76,128,130,153,238,130,292,238,100,50,144,148,,50,,34,112,323,331,285,306,333,300,272,280,222,308,131,251,193,350,197,100,281,276,303,306,292,123,161,128,201,164,209,70,207,122,329,253,109,179,264,253,170,120,73,,,88,177,,227,97,291,31,272,104,220,247,111,254,171,175,89,158,101,98,85,53,78,57,47,266,215,155,62,,206,,280,b'\x11\xe8\xe1I\xcal`b\xaf\x82\x12\xdf\x17\xaeN\x1e'
11E8E149-CA71-04AA-AF82-12DF17AE4E1E,2010-ncaa-d0-natl,ncaa,99,145,20,122,44,66,51,41,107,55,75,79,86,65,175,109,189,233,52,248,327,63,80,104,118,86,225,135,304,209,295,92,211,136,282,58,137,116,54,41,95,149,60,72,,,325,286,,,131,51,190,283,129,84,108,109,170,124,110,276,314,320,165,252,293,215,275,90,36,158,82,,269,,,132,310,246,267,151,233,280,93,218,177,283,93,334,335,204,336,296,294,293,147,197,185,258,146,308,281,211,329,295,327,282,198,122,88,168,118,135,89,95,47,,,89,172,,,131,289,115,196,140,172,92,88,122,149,150,86,303,300,301,145,149,184,249,237,92,178,69,57,,227,,,b'\x11\xe8\xe1I\xcaq\x04\xaa\xaf\x82\x12\xdf\x17\xaeN\x1e'
11E8E149-CA71-04AA-AF82-12DF17AE4E1E,2010-ncaa-d1-conf-AAC,ncaa,9,8,10,9,12,12,10,11,9,11,11,7,7,6,12,3,14,14,7,14,15,12,13,9,9,8,10,4,15,15,15,13,15,14,15,10,10,3,4,6,11,10,8,7,,,15,16,,,12,11,9,10,10,8,8,9,10,4,3,14,14,14,9,13,14,10,13,9,5,10,7,,16,,,12,8,7,3,7,5,5,6,4,3,9,2,15,16,11,16,14,6,6,7,7,10,13,3,16,13,15,14,15,14,15,6,7,11,11,9,2,7,5,5,,,12,8,,,12,6,9,11,12,11,7,6,8,11,5,4,16,16,16,13,9,15,15,16,6,11,4,5,,10,,,b'\x11\xe8\xe1I\xcaq\x04\xaa\xaf\x82\x12\xdf\x17\xaeN\x1e'
11E8E149-CA71-04AA-AF82-12DF17AE4E1E,2010-ncaa-d1-natl,ncaa,102,145,22,127,46,73,53,42,110,58,82,84,92,68,177,107,194,248,51,260,327,68,93,106,121,89,224,137,301,221,300,100,214,149,287,62,139,102,53,42,107,159,62,76,,,322,286,,,137,56,192,285,132,89,113,112,172,125,112,274,313,322,168,255,297,219,278,90,36,169,84,,269,,,138,305,241,258,154,229,273,98,209,168,286,92,332,330,209,331,299,289,290,152,200,192,256,147,307,279,214,327,300,325,287,191,123,103,174,126,124,89,91,49,,,100,170,,,137,283,117,206,147,173,95,91,123,154,150,85,305,304,302,147,151,190,249,241,96,187,70,60,,229,,,b'\x11\xe8\xe1I\xcaq\x04\xaa\xaf\x82\x12\xdf\x17\xaeN\x1e'
11E8E149-CA71-04AA-AF82-12DF17AE4E1E,2011-ncaa-d0-natl,ncaa,192,175,242,195,249,288,243,162,295,187,89,311,290,284,263,285,332,321,310,323,341,202,238,310,330,299,324,261,324,64,54,261,79,157,75,243,211,64,107,186,257,208,124,80,,,126,268,,,206,291,293,23,286,217,62,148,28,291,278,336,323,327,132,161,24,224,72,219,116,239,96,,202,,,205,33,38,32,180,100,68,216,23,35,29,80,109,135,60,132,208,30,36,134,132,124,56,42,218,27,79,139,54,74,75,39,108,232,131,111,82,116,129,81,,,319,330,,,206,52,261,97,207,75,92,57,166,124,28,44,149,182,178,57,48,52,232,147,76,185,123,164,,322,,,b'\x11\xe8\xe1I\xcaq\x04\xaa\xaf\x82\x12\xdf\x17\xaeN\x1e'
11E8E149-CA71-04AA-AF82-12DF17AE4E1E,2011-ncaa-d1-conf-AAC,ncaa,11,11,13,11,13,15,13,11,14,13,6,13,15,12,16,11,14,15,15,15,16,14,14,15,16,14,15,13,14,9,12,13,4,12,11,14,12,5,10,12,13,11,9,9,,,8,13,,,12,14,13,3,14,13,4,11,4,14,12,14,15,15,13,12,8,9,10,14,9,13,8,,12,,,12,2,3,2,11,7,5,13,1,2,1,5,10,9,10,9,12,1,2,8,10,10,2,1,13,1,4,13,12,5,11,2,5,11,7,8,11,12,7,7,,,15,14,,,12,3,15,8,12,9,8,3,11,6,1,3,11,10,10,5,4,1,14,10,5,8,13,11,,15,,,b'\x11\xe8\xe1I\xcaq\x04\xaa\xaf\x82\x12\xdf\x17\xaeN\x1e'
11E8E149-CA71-04AA-AF82-12DF17AE4E1E,2011-ncaa-d1-natl,ncaa,206,172,279,206,283,298,259,187,299,200,103,312,296,290,263,285,337,331,311,332,341,230,272,311,330,304,322,262,322,75,58,280,83,188,78,256,214,51,108,194,268,213,131,83,,,111,269,,,211,313,293,20,288,228,67,154,29,290,278,336,323,329,135,167,27,225,77,229,119,244,97,,204,,,212,19,26,20,186,89,52,224,17,28,30,78,101,127,65,123,209,18,19,136,134,130,53,40,217,14,83,115,58,53,78,29,106,255,139,118,72,119,118,86,,,330,331,,,211,31,266,105,213,78,95,59,171,126,27,44,152,185,179,57,49,51,235,149,77,194,126,171,,323,,,b'\x11\xe8\xe1I\xcaq\x04\xaa\xaf\x82\x12\xdf\x17\xaeN\x1e'
11E8E149-CA71-04AA-AF82-12DF17AE4E1E,2012-ncaa-d0-natl,ncaa,198,202,163,207,177,282,255,190,309,227,167,304,239,207,281,185,301,267,321,266,285,206,239,308,322,283,238,185,254,106,109,284,75,204,138,241,150,53,96,160,205,137,187,146,,,222,324,,,238,288,310,99,299,275,164,237,152,236,203,304,274,274,200,248,83,296,206,243,64,198,178,,257,,,234,79,54,18,266,102,68,237,47,18,280,35,261,225,303,215,293,30,36,245,288,253,170,54,311,9,75,177,109,78,138,81,175,215,104,141,28,52,105,96,,,242,196,,,238,52,260,218,249,109,76,11,126,55,52,17,280,250,239,17,16,14,216,102,99,205,39,116,,241,,,b'\x11\xe8\xe1I\xcaq\x04\xaa\xaf\x82\x12\xdf\x17\xaeN\x1e'
11E8E149-CA71-04AA-AF82-12DF17AE4E1E,2012-ncaa-d1-conf-AAC,ncaa,13,13,12,13,12,15,15,10,16,13,10,16,12,10,13,9,14,12,16,12,15,11,13,16,16,16,11,9,12,8,13,13,4,12,12,13,10,7,9,12,12,6,12,12,,,7,13,,,13,13,11,5,15,14,7,12,7,12,9,14,12,12,9,11,6,13,11,13,10,7,12,,12,,,14,6,7,3,15,8,4,15,2,1,11,2,12,11,14,10,11,2,3,14,14,13,5,2,13,1,4,14,13,10,12,9,11,11,6,10,6,7,7,5,,,13,14,,,13,4,15,10,14,11,9,3,12,7,3,2,14,12,12,3,5,1,15,14,11,6,7,7,,13,,,b'\x11\xe8\xe1I\xcaq\x04\xaa\xaf\x82\x12\xdf\x17\xaeN\x1e'
11E8E149-CA71-04AA-AF82-12DF17AE4E1E,2012-ncaa-d1-natl,ncaa,208,201,196,213,217,298,277,219,312,256,188,307,248,218,280,185,308,285,320,285,284,235,272,309,324,287,234,186,251,116,114,305,81,236,142,258,155,38,99,166,222,141,195,150,,,205,324,,,245,316,312,90,303,286,173,247,155,235,205,306,275,276,210,252,87,298,212,250,65,202,184,,257,,,245,61,41,6,270,78,46,240,40,14,287,34,254,211,305,199,294,12,20,250,293,257,167,56,312,5,81,154,114,52,142,69,173,242,110,148,21,53,96,97,,,262,195,,,245,25,266,224,259,114,83,11,130,56,55,17,281,250,241,19,16,14,221,105,100,217,39,118,,242,,,b'\x11\xe8\xe1I\xcaq\x04\xaa\xaf\x82\x12\xdf\x17\xaeN\x1e'
11E8E149-CA71-04AA-AF82-12DF17AE4E1E,2013-ncaa-d0-natl,ncaa,304,310,183,310,185,213,174,93,284,113,42,288,291,268,311,288,242,282,60,284,343,130,133,307,307,278,315,290,223,93,150,324,336,255,313,270,321,143,133,258,145,156,271,290,,,207,187,,,326,153,108,51,218,153,33,84,13,289,268,249,281,287,57,66,63,341,259,278,178,129,275,,245,,,325,317,308,165,341,306,209,336,213,111,342,87,290,282,228,284,257,194,208,342,343,335,116,123,185,259,336,279,150,281,313,328,278,118,114,264,254,224,165,78,,,238,293,,,326,186,266,337,324,332,326,200,321,251,241,121,293,291,292,240,271,282,298,309,331,96,264,182,,230,,,b'\x11\xe8\xe1I\xcaq\x04\xaa\xaf\x82\x12\xdf\x17\xaeN\x1e'
11E8E149-CA71-04AA-AF82-12DF17AE4E1E,2013-ncaa-d1-conf-AAC,ncaa,14,14,12,14,12,11,11,7,14,10,3,13,11,9,11,9,12,14,2,14,15,8,8,14,14,14,10,9,11,9,11,15,15,14,15,13,15,11,10,15,7,8,13,13,,,9,8,,,15,8,1,3,11,9,1,9,2,9,9,12,13,13,5,3,8,15,12,13,13,7,12,,12,,,15,15,14,7,15,14,8,15,9,6,15,3,14,14,12,14,11,8,8,15,15,15,8,3,11,10,15,14,11,14,15,15,10,7,8,14,14,14,5,3,,,13,14,,,15,8,14,15,15,15,15,11,15,11,12,9,15,14,14,14,14,12,15,15,15,4,14,8,,13,,,b'\x11\xe8\xe1I\xcaq\x04\xaa\xaf\x82\x12\xdf\x17\xaeN\x1e'
11E8E149-CA71-04AA-AF82-12DF17AE4E1E,2013-ncaa-d1-natl,ncaa,310,310,210,314,214,233,190,108,288,126,46,292,292,279,313,286,255,291,60,293,343,143,152,313,309,283,314,289,218,105,155,337,339,281,316,285,319,128,133,261,158,158,281,291,,,193,196,,,327,174,110,48,226,160,33,85,14,289,270,250,284,289,61,68,71,341,261,280,177,134,276,,248,,,326,315,306,144,341,303,195,337,202,95,342,85,286,271,229,273,259,173,189,343,343,336,116,120,187,248,339,266,155,274,316,326,279,129,118,270,239,227,161,82,,,249,288,,,327,164,271,338,326,335,326,199,324,256,243,123,297,292,293,243,269,285,303,313,331,104,264,184,,227,,,b'\x11\xe8\xe1I\xcaq\x04\xaa\xaf\x82\x12\xdf\x17\xaeN\x1e'
11E8E149-CA71-04AA-AF82-12DF17AE4E1E,2014-ncaa-d0-natl,ncaa,303,311,180,308,239,166,155,161,157,124,144,148,219,205,225,210,162,151,179,147,186,158,164,187,179,164,235,229,158,263,300,168,269,230,295,189,208,142,133,164,202,225,195,242,,,139,95,,,257,131,44,270,132,113,94,95,103,211,189,131,132,128,95,109,261,121,203,175,166,199,195,,169,,,257,279,325,269,293,321,270,301,206,214,160,177,82,140,8,138,94,253,228,285,222,263,46,152,31,277,269,273,300,285,295,326,275,212,268,314,108,123,107,95,,,168,174,,,257,211,209,289,260,304,331,328,328,315,225,243,111,171,169,325,303,308,305,315,329,204,140,117,,144,,,b'\x11\xe8\xe1I\xcaq\x04\xaa\xaf\x82\x12\xdf\x17\xaeN\x1e'
11E8E149-CA71-04AA-AF82-12DF17AE4E1E,2014-ncaa-d1-conf-Big East,ncaa,10,10,7,10,8,7,7,7,8,6,6,8,6,7,6,6,4,4,5,5,5,7,6,9,8,7,7,6,2,7,7,7,10,7,8,9,8,5,6,8,5,7,9,9,,,4,4,,,9,6,2,7,6,7,4,6,5,6,6,3,4,4,4,5,7,5,7,9,7,4,9,,8,,,9,10,10,10,10,10,10,10,6,6,4,6,4,4,1,4,4,9,8,9,8,10,2,5,2,10,10,9,7,10,8,10,7,6,9,9,6,6,3,5,,,4,3,,,9,5,9,10,9,10,10,10,10,10,6,6,4,6,6,10,10,10,10,10,10,6,6,5,,4,,,b'\x11\xe8\xe1I\xcaq\x04\xaa\xaf\x82\x12\xdf\x17\xaeN\x1e'
11E8E149-CA71-04AA-AF82-12DF17AE4E1E,2014-ncaa-d1-natl,ncaa,310,310,211,312,288,186,176,186,160,141,159,152,226,214,224,209,179,171,178,164,186,182,192,191,180,174,238,233,157,280,305,196,276,251,301,211,212,121,134,169,216,228,206,247,,,123,99,,,265,160,46,273,140,124,97,101,103,212,189,136,134,129,102,116,263,127,210,185,164,200,202,,168,,,266,265,315,252,294,317,254,306,198,198,162,175,76,133,8,132,94,232,201,289,232,273,44,151,29,267,276,256,305,269,301,322,274,235,270,319,98,125,102,96,,,193,176,,,265,181,216,299,269,312,333,328,331,316,230,247,112,172,171,325,303,307,304,314,330,213,137,120,,146,,,b'\x11\xe8\xe1I\xcaq\x04\xaa\xaf\x82\x12\xdf\x17\xaeN\x1e'
11E8E149-CA71-04AA-AF82-12DF17AE4E1E,2015-ncaa-d0-natl,ncaa,306,316,172,314,229,237,159,167,159,66,56,194,332,330,295,334,293,292,230,290,344,197,159,244,263,275,341,335,294,157,159,253,248,217,214,160,168,263,270,222,158,146,238,210,,,193,211,,,300,174,118,283,244,142,140,43,22,333,334,304,294,295,180,128,143,265,227,144,282,147,235,,217,,,299,269,248,154,299,204,87,320,291,278,254,285,236,222,279,220,264,165,168,320,326,313,279,270,189,170,248,156,159,164,214,218,172,171,166,214,306,306,197,120,,,285,316,,,300,172,278,309,301,294,281,186,229,81,299,290,251,228,230,211,202,190,182,194,240,155,316,214,,294,,,b'\x11\xe8\xe1I\xcaq\x04\xaa\xaf\x82\x12\xdf\x17\xaeN\x1e'
11E8E149-CA71-04AA-AF82-12DF17AE4E1E,2015-ncaa-d1-conf-Big East,ncaa,9,9,7,9,9,10,8,8,8,4,4,9,9,9,8,9,9,8,8,8,10,9,7,9,9,10,9,9,6,6,5,10,9,9,8,8,5,9,9,9,3,3,9,6,,,7,9,,,9,7,5,8,10,7,6,3,3,9,9,9,8,8,7,5,5,10,8,6,10,3,8,,8,,,10,5,5,3,6,3,1,8,7,9,6,10,7,7,7,7,9,4,5,7,8,7,8,7,9,7,9,4,5,6,8,7,8,4,4,4,9,9,9,7,,,8,8,,,9,4,10,8,9,8,6,6,4,2,8,10,9,9,9,6,7,9,5,7,8,3,9,9,,7,,,b'\x11\xe8\xe1I\xcaq\x04\xaa\xaf\x82\x12\xdf\x17\xaeN\x1e'
11E8E149-CA71-04AA-AF82-12DF17AE4E1E,2015-ncaa-d1-natl,ncaa,312,313,209,315,275,265,188,214,168,86,73,200,336,335,299,334,308,305,228,304,344,236,206,252,267,282,341,334,295,183,166,293,255,255,222,184,171,249,273,231,173,154,248,216,,,173,211,,,305,218,120,285,258,151,147,50,24,334,335,307,297,297,191,139,154,270,230,152,283,158,236,,219,,,304,248,232,115,302,186,63,322,282,263,261,283,222,208,285,206,262,126,127,324,329,319,277,268,186,153,255,125,166,129,222,204,176,195,173,220,299,310,188,122,,,310,313,,,305,126,287,316,309,296,287,185,243,81,302,288,257,237,236,212,203,198,188,199,246,166,316,220,,296,,,b'\x11\xe8\xe1I\xcaq\x04\xaa\xaf\x82\x12\xdf\x17\xaeN\x1e'
11E8E149-CA71-04AA-AF82-12DF17AE4E1E,2016-ncaa-d0-natl,ncaa,316,318,240,320,258,301,259,288,214,239,192,279,254,297,60,264,338,324,321,320,325,298,279,238,273,293,266,188,314,318,307,299,289,324,326,283,250,242,309,299,273,258,213,200,,,140,209,,,331,255,177,182,304,255,257,216,145,234,292,332,316,315,290,243,312,296,328,273,282,258,190,,204,,,329,230,225,95,321,240,113,331,157,132,233,164,219,227,159,223,255,121,84,317,320,322,134,128,206,179,289,165,307,167,326,208,174,255,226,256,196,268,250,262,,,270,213,,,331,73,317,327,336,288,287,167,288,166,207,180,265,269,266,206,171,235,250,250,254,229,236,278,,249,,,b'\x11\xe8\xe1I\xcaq\x04\xaa\xaf\x82\x12\xdf\x17\xaeN\x1e'
11E8E149-CA71-04AA-AF82-12DF17AE4E1E,2016-ncaa-d1-conf-Big East,ncaa,10,10,6,10,9,10,7,9,8,8,6,10,7,7,3,7,10,10,10,10,10,10,8,8,10,10,8,6,9,9,9,10,10,10,10,9,6,9,9,10,7,7,6,6,,,7,9,,,10,7,4,5,10,7,6,7,6,7,7,10,10,10,8,5,8,10,10,9,9,7,6,,9,,,10,9,9,3,10,8,2,10,6,4,10,5,10,9,9,9,9,5,4,10,10,10,6,4,8,9,10,8,9,8,10,8,5,5,6,7,9,9,8,9,,,8,7,,,10,4,10,10,10,9,9,6,9,5,7,5,10,9,9,7,7,9,9,10,9,5,9,8,,6,,,b'\x11\xe8\xe1I\xcaq\x04\xaa\xaf\x82\x12\xdf\x17\xaeN\x1e'
11E8E149-CA71-04AA-AF82-12DF17AE4E1E,2016-ncaa-d1-natl,ncaa,323,317,303,324,319,326,294,321,228,262,225,287,269,308,64,263,340,330,323,327,323,326,315,245,274,298,262,187,311,331,316,328,293,342,332,308,254,216,314,304,292,265,229,205,,,112,207,,,332,295,184,168,308,264,262,220,149,238,293,333,318,315,295,246,314,303,333,283,286,262,198,,208,,,332,210,211,60,327,218,84,334,142,107,241,166,205,210,165,208,260,79,47,322,327,327,131,125,205,148,293,137,316,134,332,193,173,275,232,263,178,272,242,272,,,298,211,,,332,39,322,331,339,292,289,175,296,170,209,179,273,275,272,208,171,246,253,251,262,238,241,284,,251,,,b'\x11\xe8\xe1I\xcaq\x04\xaa\xaf\x82\x12\xdf\x17\xaeN\x1e'
11E8E149-CA71-04AA-AF82-12DF17AE4E1E,2017-ncaa-d0-natl,ncaa,217,229,168,225,173,215,169,248,72,188,223,129,132,217,12,157,343,347,48,347,346,288,318,65,82,77,205,86,345,346,342,149,40,291,234,233,288,34,119,141,335,324,334,329,,,42,96,,,204,272,321,26,221,152,263,184,227,114,207,343,348,348,323,339,346,125,313,239,46,334,335,,51,,,204,124,167,137,224,119,54,278,276,285,198,328,27,21,163,19,76,90,53,275,233,282,231,321,27,31,40,160,342,75,234,171,187,302,266,291,2,22,105,138,,,262,131,,,204,79,154,244,207,150,198,148,125,42,298,304,35,28,25,79,27,34,175,101,183,316,6,115,,280,,,b'\x11\xe8\xe1I\xcaq\x04\xaa\xaf\x82\x12\xdf\x17\xaeN\x1e'
11E8E149-CA71-04AA-AF82-12DF17AE4E1E,2017-ncaa-d1-conf-Big East,ncaa,8,7,7,8,10,10,9,10,6,9,9,6,6,7,2,4,10,10,4,10,10,10,10,4,6,6,6,3,10,10,9,8,8,10,8,10,8,5,6,6,9,9,10,10,,,4,7,,,7,10,9,6,10,8,9,9,8,5,7,10,10,10,10,10,10,7,9,9,5,9,10,,5,,,7,4,4,3,7,2,1,8,7,7,5,10,2,2,4,2,6,2,2,7,7,7,8,9,2,6,8,2,9,2,8,5,5,8,6,8,2,4,3,3,,,9,3,,,7,1,7,9,7,5,6,4,3,1,7,7,3,3,3,3,4,8,6,5,5,8,3,3,,9,,,b'\x11\xe8\xe1I\xcaq\x04\xaa\xaf\x82\x12\xdf\x17\xaeN\x1e'
11E8E149-CA71-04AA-AF82-12DF17AE4E1E,2017-ncaa-d1-natl,ncaa,236,229,217,237,224,248,199,293,77,221,257,138,146,227,12,158,344,348,50,348,346,322,340,68,85,83,202,86,345,346,344,194,43,322,245,262,287,23,123,145,339,329,335,329,,,27,95,,,218,320,323,23,226,164,276,194,233,115,207,343,348,348,329,341,346,139,320,249,46,337,336,,53,,,219,95,141,93,240,95,28,287,269,271,208,328,20,15,172,14,74,41,19,281,253,296,228,321,24,22,43,126,344,46,245,147,187,320,269,296,1,22,93,144,,,297,128,,,218,33,161,257,223,159,207,150,130,41,297,302,36,29,26,78,27,36,182,104,192,318,6,120,,283,,,b'\x11\xe8\xe1I\xcaq\x04\xaa\xaf\x82\x12\xdf\x17\xaeN\x1e'
11E8E149-CA71-04AA-AF82-12DF17AE4E1E,2018-ncaa-d0-natl,ncaa,245,280,117,268,119,222,196,263,88,214,224,190,129,254,6,190,321,326,174,325,330,288,287,81,91,140,172,90,328,345,345,143,79,293,269,217,259,195,277,244,312,313,324,322,,,95,125,,,271,210,306,26,270,223,325,253,256,134,270,336,337,336,337,340,347,176,335,259,186,323,328,,84,,,267,233,225,187,254,141,69,301,315,314,222,333,114,88,254,86,178,167,118,297,282,312,283,320,79,76,79,186,345,133,269,172,100,278,277,259,104,188,22,43,,,207,75,,,271,142,240,288,270,205,212,138,119,31,311,317,115,91,90,113,52,64,163,117,151,303,96,26,,213,,,b'\x11\xe8\xe1I\xcaq\x04\xaa\xaf\x82\x12\xdf\x17\xaeN\x1e'
11E8E149-CA71-04AA-AF82-12DF17AE4E1E,2018-ncaa-d1-conf-Big East,ncaa,9,9,7,9,7,9,9,9,8,8,6,10,7,9,1,8,10,10,9,10,10,9,8,6,9,10,5,5,8,10,10,7,8,10,10,10,9,8,10,10,8,8,9,8,,,3,6,,,10,7,6,2,9,9,9,8,6,7,9,10,10,10,9,7,10,6,10,10,10,8,9,,5,,,10,7,5,4,7,4,4,6,8,7,8,7,7,6,9,6,6,5,4,7,8,9,7,8,6,9,8,5,10,6,10,3,4,7,7,7,7,9,4,4,,,7,2,,,10,4,10,9,10,9,7,6,5,4,10,8,9,7,7,8,6,9,9,9,4,7,8,4,,4,,,b'\x11\xe8\xe1I\xcaq\x04\xaa\xaf\x82\x12\xdf\x17\xaeN\x1e'
11E8E149-CA71-04AA-AF82-12DF17AE4E1E,2018-ncaa-d1-natl,ncaa,262,278,144,273,149,265,230,302,93,248,253,199,142,272,6,188,327,334,180,333,330,319,325,86,96,148,169,92,328,347,345,184,85,321,280,252,263,172,280,251,327,320,329,324,,,67,127,,,283,268,311,26,282,248,328,259,260,140,271,337,337,336,341,340,348,180,339,276,189,329,330,,85,,,280,204,204,144,268,121,44,309,308,305,234,332,95,74,260,74,176,119,60,309,296,320,281,317,78,55,85,153,345,102,280,158,102,301,281,266,89,193,19,47,,,234,78,,,283,81,246,299,282,215,220,142,133,35,311,317,117,97,95,118,49,63,169,121,162,305,98,27,,214,,,b'\x11\xe8\xe1I\xcaq\x04\xaa\xaf\x82\x12\xdf\x17\xaeN\x1e'
11E8E149-CA71-04AA-AF82-12DF17AE4E1E,2019-ncaa-d0-natl,ncaa,105,180,14,146,15,87,88,90,106,105,82,183,82,152,19,200,131,171,61,163,239,98,62,87,87,144,147,133,222,294,325,35,175,100,256,81,103,336,276,195,74,165,69,98,,,345,264,,,176,29,216,20,201,203,302,230,228,140,240,232,286,280,308,294,335,108,273,140,239,167,124,,261,,,176,300,279,320,79,226,265,123,298,331,47,297,278,290,115,289,240,329,330,81,83,84,271,264,206,320,175,330,325,335,256,190,81,55,155,75,273,202,176,120,,,48,102,,,176,327,215,102,165,122,109,173,80,74,218,293,170,192,191,171,207,236,170,205,73,145,156,96,,169,,,b'\x11\xe8\xe1I\xcaq\x04\xaa\xaf\x82\x12\xdf\x17\xaeN\x1e'
11E8E149-CA71-04AA-AF82-12DF17AE4E1E,2019-ncaa-d1-conf-Big East,ncaa,5,7,1,7,1,5,6,6,6,5,4,8,7,9,2,9,4,5,2,5,8,5,3,6,6,7,8,7,4,7,8,3,10,7,8,6,4,10,10,8,4,6,3,2,,,10,9,,,9,3,4,2,8,7,9,6,6,7,9,6,6,6,8,5,8,5,7,6,10,5,5,,9,,,9,9,9,9,4,7,6,6,6,8,2,7,8,9,1,8,7,10,10,4,4,3,6,6,7,10,10,8,8,10,8,4,4,3,5,4,10,7,6,3,,,4,2,,,9,8,9,4,9,7,6,8,5,4,6,8,7,8,8,9,9,10,6,9,4,4,9,6,,5,,,b'\x11\xe8\xe1I\xcaq\x04\xaa\xaf\x82\x12\xdf\x17\xaeN\x1e'
11E8E149-CA71-04AA-AF82-12DF17AE4E1E,2019-ncaa-d1-natl,ncaa,122,180,21,153,22,108,108,126,117,128,111,197,97,169,21,200,157,211,61,201,237,135,85,96,92,156,141,128,218,312,331,45,183,136,269,92,106,324,283,201,100,176,81,106,,,330,266,,,194,39,222,18,217,223,308,242,234,140,243,238,286,279,314,299,337,112,287,150,239,178,125,,263,,,194,283,261,316,85,203,238,137,288,327,53,295,266,272,120,272,243,322,320,93,93,101,269,263,204,308,183,322,331,328,269,170,87,74,166,85,250,203,166,128,,,62,102,,,194,316,224,121,190,135,120,177,87,83,220,293,177,202,201,180,204,242,177,208,82,160,165,106,,173,,,b'\x11\xe8\xe1I\xcaq\x04\xaa\xaf\x82\x12\xdf\x17\xaeN\x1e'
11E8E149-CA71-04AA-AF82-12DF17AE4E1E,2020-ncaa-d0-natl,ncaa,197,258,8,231,22,173,160,197,130,186,166,216,127,193,34,186,221,224,185,229,214,202,147,123,134,199,140,130,224,329,340,14,67,125,213,101,78,303,293,211,252,296,51,51,,,246,170,,,236,50,205,273,263,254,325,263,264,169,245,275,284,290,333,313,343,47,245,161,240,299,72,,149,,,233,258,208,296,58,88,188,48,336,337,225,310,247,245,224,255,242,307,289,88,101,167,342,334,219,208,67,311,340,292,213,238,232,218,272,251,245,231,123,114,,,100,120,,,236,306,262,159,236,129,96,189,30,64,309,313,185,170,185,185,123,116,207,175,161,276,177,77,,209,,,b'\x11\xe8\xe1I\xcaq\x04\xaa\xaf\x82\x12\xdf\x17\xaeN\x1e'
11E8E149-CA71-04AA-AF82-12DF17AE4E1E,2020-ncaa-d1-conf-Big East,ncaa,8,8,3,8,5,9,7,10,6,7,8,8,7,8,6,7,8,7,8,7,9,10,7,7,7,8,8,7,5,10,10,3,3,6,7,7,6,9,10,10,9,9,2,2,,,7,6,,,10,4,6,6,10,10,10,7,8,7,9,8,7,7,10,8,10,3,8,9,10,9,3,,6,,,9,9,8,7,4,3,5,4,9,10,7,7,8,9,4,9,8,8,6,5,5,8,9,8,7,7,3,7,10,7,7,6,5,9,9,9,10,10,3,2,,,6,4,,,10,6,10,7,10,7,5,9,2,4,8,8,9,9,9,9,5,7,6,5,4,9,9,3,,8,,,b'\x11\xe8\xe1I\xcaq\x04\xaa\xaf\x82\x12\xdf\x17\xaeN\x1e'
11E8E149-CA71-04AA-AF82-12DF17AE4E1E,2020-ncaa-d1-natl,ncaa,199,257,2,235,7,164,158,177,125,175,163,205,126,182,37,181,201,209,187,217,199,193,116,114,123,197,141,132,213,330,339,14,87,112,224,99,103,318,295,225,244,290,53,53,,,274,209,,,239,33,208,273,262,261,327,266,268,172,242,269,282,285,333,314,344,53,255,177,241,294,78,,180,,,234,276,225,312,61,112,199,50,339,337,229,306,264,264,204,274,254,326,313,97,107,176,341,328,227,232,87,314,339,298,224,242,219,205,270,248,241,214,130,116,,,76,104,,,239,322,265,166,238,141,95,181,32,67,303,312,200,191,200,188,124,142,199,178,162,269,162,81,,198,,,b'\x11\xe8\xe1I\xcaq\x04\xaa\xaf\x82\x12\xdf\x17\xaeN\x1e'
11E8E149-CA71-04AA-AF82-12DF17AE4E1E,2021-ncaa-d0-natl,ncaa,225,250,191,243,202,244,209,235,128,182,193,141,249,264,202,252,301,306,173,305,329,257,251,158,193,215,314,249,315,319,337,205,138,263,308,197,155,146,251,183,272,280,94,73,,,75,57,,,262,224,268,141,298,220,298,146,174,278,290,329,332,331,328,334,339,195,322,193,173,289,93,,36,,,258,122,130,138,143,119,133,114,210,190,256,246,97,63,328,63,52,126,113,164,167,198,233,274,78,116,138,164,337,143,308,226,314,239,225,288,108,164,153,158,,,261,252,,,262,113,276,197,264,134,150,165,117,126,250,221,74,42,43,107,65,122,227,184,269,252,109,157,,312,,,b'\x11\xe8\xe1I\xcaq\x04\xaa\xaf\x82\x12\xdf\x17\xaeN\x1e'
11E8E149-CA71-04AA-AF82-12DF17AE4E1E,2021-ncaa-d1-conf-Big East,ncaa,7,8,8,7,10,9,9,10,7,8,7,7,9,10,8,9,8,8,10,8,7,10,10,8,8,8,7,7,4,11,11,10,5,10,10,8,8,6,7,8,10,11,5,4,,,4,8,,,7,9,8,6,10,8,11,8,8,8,10,8,8,8,11,11,11,7,10,9,7,11,4,,5,,,8,4,3,3,4,3,3,4,8,5,9,8,6,3,11,3,8,3,3,5,6,7,9,8,8,3,5,7,11,5,10,5,8,8,8,10,4,6,3,6,,,7,2,,,7,2,9,7,8,5,4,6,3,4,10,8,8,6,6,5,3,4,9,8,7,8,4,4,,5,,,b'\x11\xe8\xe1I\xcaq\x04\xaa\xaf\x82\x12\xdf\x17\xaeN\x1e'
11E8E149-CA71-04AA-AF82-12DF17AE4E1E,2021-ncaa-d1-natl,ncaa,230,250,206,251,220,260,221,249,131,197,214,143,257,270,201,251,304,306,174,305,330,265,261,164,197,218,314,251,315,323,338,225,146,273,313,213,156,131,255,187,281,285,100,74,,,66,57,,,269,233,271,141,302,228,302,155,179,279,290,329,332,331,333,335,340,202,322,204,179,292,95,,36,,,265,113,119,123,154,111,119,122,200,169,258,245,88,56,328,56,51,111,102,175,179,213,232,271,75,108,146,150,338,130,313,217,313,252,236,296,99,169,143,157,,,271,253,,,269,101,283,214,272,141,157,168,124,129,252,216,77,42,43,109,63,128,227,188,273,258,110,159,,313,,,b'\x11\xe8\xe1I\xcaq\x04\xaa\xaf\x82\x12\xdf\x17\xaeN\x1e'
11E8E149-CA71-04AA-AF82-12DF17AE4E1E,2022-ncaa-d0-natl,ncaa,233,266,112,253,113,200,182,173,189,157,132,201,252,257,233,254,185,171,209,162,206,182,133,220,221,264,261,261,158,222,253,64,175,93,164,230,263,317,303,302,201,242,7,5,,,167,93,,,247,120,167,31,254,235,264,180,151,270,270,204,197,195,259,177,258,39,92,266,293,225,5,,133,,,243,216,195,288,43,132,228,42,298,316,138,286,183,158,279,164,134,274,245,59,63,126,290,303,151,301,175,234,253,271,164,229,245,233,297,265,326,308,335,331,,,199,256,,,247,231,280,154,244,170,158,298,102,193,291,315,152,124,133,278,245,279,216,248,204,273,306,333,,247,,,b'\x11\xe8\xe1I\xcaq\x04\xaa\xaf\x82\x12\xdf\x17\xaeN\x1e'
11E8E149-CA71-04AA-AF82-12DF17AE4E1E,2022-ncaa-d1-conf-Big East,ncaa,8,8,4,8,6,10,10,10,8,9,5,10,8,9,8,9,3,2,8,2,2,10,8,8,8,8,8,9,2,8,9,2,7,5,6,10,11,10,10,10,9,9,1,1,,,9,9,,,8,8,6,3,10,10,10,9,5,9,9,2,2,2,10,8,8,2,4,10,9,8,1,,9,,,8,5,2,8,2,2,5,2,8,8,6,7,10,9,8,9,9,8,6,2,2,2,9,7,11,10,7,5,9,6,6,5,8,9,9,6,10,9,9,9,,,4,2,,,8,5,9,5,8,5,3,7,2,4,8,8,10,9,9,8,7,9,6,6,5,9,9,9,,2,,,b'\x11\xe8\xe1I\xcaq\x04\xaa\xaf\x82\x12\xdf\x17\xaeN\x1e'
11E8E149-CA71-04AA-AF82-12DF17AE4E1E,2022-ncaa-d1-natl,ncaa,247,266,146,260,150,234,218,225,205,188,165,215,263,268,237,255,209,196,208,189,205,225,175,237,236,277,260,259,152,247,261,77,179,129,176,261,271,306,308,312,232,255,7,5,,,132,95,,,263,159,171,29,270,252,276,192,159,273,273,207,200,195,269,186,267,44,102,280,297,233,5,,138,,,260,178,168,274,53,109,197,46,295,311,149,285,163,131,287,139,134,258,211,74,77,142,289,301,155,287,179,214,261,245,176,218,249,269,304,279,316,317,331,335,,,235,254,,,263,189,291,165,260,185,170,302,109,195,295,319,156,127,132,283,243,282,222,252,217,281,310,336,,253,,,b'\x11\xe8\xe1I\xcaq\x04\xaa\xaf\x82\x12\xdf\x17\xaeN\x1e'
11E8E149-CA71-04AA-AF82-12DF17AE4E1E,2023-ncaa-d0-natl,ncaa,195,257,81,232,105,179,144,117,189,103,64,251,257,306,104,324,248,191,324,194,320,129,137,217,241,211,320,280,267,212,277,68,10,110,129,228,319,141,120,214,258,276,93,81,,,10,4,,,214,125,243,291,251,202,218,125,65,283,338,288,237,242,235,273,261,67,141,284,94,298,97,,2,,,210,213,292,282,202,211,197,197,335,320,281,333,4,4,247,3,1,207,170,251,177,241,180,350,2,30,10,311,277,217,129,303,267,262,287,332,187,181,262,167,,,244,302,,,214,228,236,173,219,124,241,238,148,104,329,312,1,1,1,94,46,11,266,138,274,315,155,247,,317,,,b'\x11\xe8\xe1I\xcaq\x04\xaa\xaf\x82\x12\xdf\x17\xaeN\x1e'
11E8E149-CA71-04AA-AF82-12DF17AE4E1E,2023-ncaa-d1-conf-Big East,ncaa,10,10,8,10,8,10,9,8,9,7,7,10,10,11,6,11,7,6,10,6,7,8,8,9,9,9,9,8,4,10,11,7,3,8,8,11,11,6,6,10,9,9,5,5,,,3,4,,,10,7,5,3,9,9,8,7,3,9,11,6,4,4,7,6,9,5,6,11,7,9,5,,4,,,10,7,8,7,8,5,3,9,10,8,10,9,1,1,5,1,1,4,3,8,7,10,6,10,1,1,3,10,11,6,8,8,9,10,10,11,8,9,7,7,,,7,5,,,10,4,9,7,10,8,8,8,6,4,11,9,1,1,1,8,4,1,10,8,8,9,9,8,,5,,,b'\x11\xe8\xe1I\xcaq\x04\xaa\xaf\x82\x12\xdf\x17\xaeN\x1e'
11E8E149-CA71-04AA-AF82-12DF17AE4E1E,2023-ncaa-d1-natl,ncaa,219,257,103,245,142,220,178,156,204,130,74,261,270,320,109,326,263,210,323,214,324,174,196,225,247,224,319,282,263,248,291,82,10,134,142,267,319,107,127,227,288,295,99,84,,,7,5,,,242,173,250,291,264,221,237,135,68,292,337,293,240,246,247,280,269,73,153,297,96,309,99,,2,,,236,180,276,260,222,183,154,208,329,311,290,331,4,3,252,3,1,167,116,267,201,268,182,349,2,19,10,298,291,184,142,298,275,296,297,337,169,185,257,180,,,272,301,,,242,175,248,196,242,136,256,242,154,106,331,312,2,1,1,97,43,12,269,145,283,324,156,256,,318,,,b'\x11\xe8\xe1I\xcaq\x04\xaa\xaf\x82\x12\xdf\x17\xaeN\x1e'
11E8E149-CA71-04AA-AF82-12DF17AE4E1E,2024-ncaa-d0-natl,ncaa,206,297,29,246,43,178,171,186,162,151,126,207,235,267,129,274,128,87,311,90,120,165,94,191,193,274,229,251,104,78,60,49,177,52,55,177,168,356,352,310,137,181,68,82,,,220,118,,,240,103,291,244,296,296,347,247,232,277,318,207,157,164,332,265,144,92,103,249,345,196,98,,95,,,230,239,264,317,59,228,246,145,303,343,32,327,78,76,193,85,60,303,282,77,55,119,202,299,39,305,177,115,60,210,55,245,175,207,291,247,351,341,320,298,,,112,173,,,240,268,266,136,224,98,132,239,91,107,235,330,36,28,30,186,101,229,17,66,144,302,331,280,,226,,,b'\x11\xe8\xe1I\xcaq\x04\xaa\xaf\x82\x12\xdf\x17\xaeN\x1e'
11E8E149-CA71-04AA-AF82-12DF17AE4E1E,2024-ncaa-d1-conf-Big East,ncaa,8,8,3,8,3,7,8,8,6,9,7,7,9,10,3,10,3,1,11,1,1,8,4,5,5,9,4,9,1,2,1,4,7,3,2,9,9,11,10,10,6,7,6,6,,,9,6,,,9,5,5,4,8,10,11,9,8,9,10,3,1,1,8,3,3,3,2,9,11,7,6,,8,,,8,9,9,11,4,8,8,7,8,10,2,9,7,4,9,4,4,11,8,5,5,7,7,7,5,10,7,1,1,5,2,7,3,9,9,8,10,10,4,6,,,4,4,,,9,7,9,8,8,8,8,11,6,5,7,11,6,4,4,9,9,9,2,5,6,9,10,5,,4,,,b'\x11\xe8\xe1I\xcaq\x04\xaa\xaf\x82\x12\xdf\x17\xaeN\x1e'
11E8E149-CA71-04AA-AF82-12DF17AE4E1E,2024-ncaa-d1-natl,ncaa,235,296,38,259,60,222,220,241,178,184,166,224,253,286,131,279,150,106,312,109,119,218,123,206,203,292,228,250,96,108,70,73,191,68,66,211,177,357,355,321,163,206,75,85,,,185,122,,,258,137,303,238,311,311,351,266,236,281,322,210,163,170,339,276,158,103,119,270,346,212,103,,102,,,253,222,252,305,74,206,221,164,299,341,43,330,65,61,203,67,63,285,259,85,66,136,201,300,41,289,191,86,70,172,66,230,181,249,302,259,350,346,315,305,,,138,167,,,258,242,279,165,249,110,147,241,109,116,248,331,39,32,36,196,102,235,19,69,155,311,333,285,,224,,,b'\x11\xe8\xe1I\xcaq\x04\xaa\xaf\x82\x12\xdf\x17\xaeN\x1e'
11E8E149-CA71-04AA-AF82-12DF17AE4E1E,2025-ncaa-d0-natl,genius_ncaa,220,249,135,247,141,278,275,304,210,248,275,165,282,266,301,197,222,240,149,238,144,302,260,227,215,273,225,252,108,284,235,160,158,220,167,256,183,311,340,306,271,262,65,35,,,83,115,,303,248,243,329,51,331,328,356,279,300,297,280,237,256,256,351,331,302,181,268,287,292,281,55,,73,,309,241,99,99,181,53,68,120,91,195,267,71,303,133,50,362,48,82,156,127,65,95,145,260,272,185,171,158,71,235,105,167,109,185,265,254,213,296,327,83,154,,,172,80,,238,248,120,299,151,245,78,76,155,64,85,193,266,129,54,47,107,53,167,48,80,101,292,287,81,,199,,252,b'\x11\xe8\xe1I\xcaq\x04\xaa\xaf\x82\x12\xdf\x17\xaeN\x1e'
11E8E149-CA71-04AA-AF82-12DF17AE4E1E,2025-ncaa-d1-conf-Big East,genius_ncaa,7,7,8,7,9,10,10,9,8,9,9,6,11,9,10,8,5,5,9,5,2,9,9,8,8,10,7,8,2,10,7,3,7,7,5,10,7,10,10,10,11,10,3,2,,,7,7,,11,9,10,6,3,10,10,9,9,9,11,9,5,4,4,9,7,8,3,4,10,10,11,3,,8,,11,9,3,2,8,2,3,5,2,6,9,1,9,8,7,11,7,7,7,3,2,2,4,8,7,9,10,7,2,7,3,5,2,2,10,11,7,9,9,1,5,,,4,2,,8,9,2,10,5,9,5,3,11,3,7,6,10,8,7,7,10,9,10,3,6,2,10,9,3,,4,,7,b'\x11\xe8\xe1I\xcaq\x04\xaa\xaf\x82\x12\xdf\x17\xaeN\x1e'
11E8E149-CA71-04AA-AF82-12DF17AE4E1E,2025-ncaa-d1-natl,genius_ncaa,246,249,172,257,179,315,310,331,219,280,301,174,294,276,307,200,240,255,147,256,141,325,304,236,221,286,219,253,103,306,248,194,168,264,181,284,189,292,342,314,294,274,68,35,,,64,122,,297,265,290,331,49,334,337,356,289,309,302,283,239,258,261,352,334,307,192,281,298,294,293,54,,76,,310,264,75,70,148,64,53,92,101,180,247,80,303,117,45,362,42,83,108,73,77,110,161,261,270,184,151,168,43,248,68,181,92,190,291,265,222,275,329,75,166,,,206,74,,245,265,73,306,170,269,90,86,162,69,87,198,269,134,56,50,110,52,167,47,83,109,305,292,85,,200,,250,b'\x11\xe8\xe1I\xcaq\x04\xaa\xaf\x82\x12\xdf\x17\xaeN\x1e'
11E8E149-CA71-04AA-AF82-12DF17AE4E1E,2026-ncaa-d0-natl,genius_ncaa,87,198,9,168,20,113,96,62,205,85,52,191,167,107,298,224,139,124,256,111,242,68,49,236,256,252,295,254,232,54,128,38,69,39,83,75,95,326,207,173,58,91,117,177,,,257,123,,281,111,50,313,97,263,232,238,182,177,279,246,283,256,237,255,270,145,120,112,156,181,122,208,,83,,180,118,224,212,291,42,215,299,48,196,254,81,151,239,253,147,250,145,294,300,36,35,42,176,151,227,227,69,311,128,295,83,229,206,52,101,95,109,36,171,73,,,101,259,,310,111,307,227,41,115,22,21,39,45,97,58,79,98,105,101,35,29,60,125,80,64,158,23,67,,280,,340,b'\x11\xe8\xe1I\xcaq\x04\xaa\xaf\x82\x12\xdf\x17\xaeN\x1e'
11E8E149-CA71-04AA-AF82-12DF17AE4E1E,2026-ncaa-d1-conf-Big East,genius_ncaa,8,9,1,8,1,5,5,3,7,4,2,7,7,5,10,8,6,7,8,7,9,4,6,9,10,9,10,9,8,2,6,6,6,5,7,3,3,6,5,4,3,3,9,10,,,10,8,,7,8,6,10,1,9,8,6,7,5,10,7,8,9,9,7,9,4,10,8,6,3,5,10,,7,,6,8,8,8,6,9,9,7,8,6,6,8,3,10,10,5,9,6,6,5,9,8,8,3,6,4,5,6,10,6,8,7,6,5,2,4,6,6,3,10,9,,,8,11,,4,8,5,8,8,8,6,6,3,7,5,4,2,7,8,7,3,2,4,8,6,5,5,3,9,,11,,5,b'\x11\xe8\xe1I\xcaq\x04\xaa\xaf\x82\x12\xdf\x17\xaeN\x1e'
11E8E149-CA71-04AA-AF82-12DF17AE4E1E,2026-ncaa-d1-natl,genius_ncaa,110,195,13,183,35,167,148,89,241,117,80,217,228,154,310,227,180,157,260,147,243,101,82,266,287,275,292,248,211,81,157,48,77,54,109,106,99,302,230,201,88,118,150,199,,,217,136,,265,160,85,320,100,294,272,272,218,192,288,262,291,265,248,288,289,178,135,140,196,193,161,220,,90,,190,168,179,170,243,58,176,268,57,150,214,99,151,203,213,159,207,151,245,262,46,51,60,175,153,225,181,77,283,157,257,109,201,211,92,136,124,76,41,139,83,,,140,250,,321,160,269,261,55,167,27,29,47,58,106,60,81,110,121,114,46,30,73,148,93,74,197,23,80,,283,,340,b'\x11\xe8\xe1I\xcaq\x04\xaa\xaf\x82\x12\xdf\x17\xaeN\x1e'
11E8E149-CA76-7818-AF82-12DF17AE4E1E,2010-ncaa-d0-natl,ncaa,159,202,81,181,106,181,235,243,206,244,264,195,133,129,161,106,65,63,155,61,13,204,174,187,146,193,56,113,29,299,313,140,128,210,243,144,39,263,263,203,115,120,147,144,,,244,230,,,163,128,203,229,249,294,320,302,315,157,147,79,78,76,295,277,322,197,302,169,216,134,171,,206,,,163,138,122,186,82,140,136,144,153,249,26,260,205,160,306,164,193,180,210,87,108,74,199,171,235,148,128,214,313,184,243,213,272,94,103,138,216,216,316,335,,,77,38,,,163,221,237,64,164,72,61,104,82,70,121,220,160,127,133,96,129,100,155,120,167,124,171,303,,111,,,b'\x11\xe8\xe1I\xcavx\x18\xaf\x82\x12\xdf\x17\xaeN\x1e'
11E8E149-CA76-7818-AF82-12DF17AE4E1E,2010-ncaa-d1-conf-Big Ten,ncaa,6,5,9,6,11,10,11,11,9,11,11,9,6,7,8,5,3,3,8,3,1,9,10,9,8,8,2,5,1,9,9,11,10,11,10,10,3,6,9,7,1,1,9,9,,,7,10,,,9,10,4,6,8,11,10,11,8,6,5,2,1,1,6,8,9,11,10,8,8,1,9,,10,,,9,3,4,3,9,8,3,9,2,2,3,2,5,5,3,5,7,2,4,9,9,6,2,1,6,5,10,6,9,6,10,5,7,1,1,5,4,7,10,11,,,5,2,,,9,3,10,6,8,6,6,4,8,6,2,3,6,6,6,5,8,8,9,9,7,1,8,10,,2,,,b'\x11\xe8\xe1I\xcavx\x18\xaf\x82\x12\xdf\x17\xaeN\x1e'
11E8E149-CA76-7818-AF82-12DF17AE4E1E,2010-ncaa-d1-natl,ncaa,166,202,91,187,115,195,251,259,210,262,284,200,138,138,162,105,71,67,156,65,12,217,194,193,149,193,55,113,27,313,315,154,133,232,249,152,40,251,263,205,126,125,153,147,,,229,233,,,174,140,204,228,251,299,322,305,318,159,147,80,79,77,297,279,323,200,304,172,219,142,170,,205,,,174,118,108,173,89,128,123,145,149,240,26,260,193,149,307,153,193,164,192,92,114,83,197,168,233,135,133,198,315,176,249,209,272,109,110,147,203,217,315,335,,,86,37,,,174,208,241,75,176,74,62,106,88,71,122,223,163,130,135,96,129,103,159,122,177,129,172,306,,109,,,b'\x11\xe8\xe1I\xcavx\x18\xaf\x82\x12\xdf\x17\xaeN\x1e'
11E8E149-CA76-7818-AF82-12DF17AE4E1E,2011-ncaa-d0-natl,ncaa,71,83,43,82,70,95,118,178,64,98,126,90,192,244,72,246,35,72,4,68,73,148,143,85,44,64,160,246,32,236,192,89,197,148,129,82,76,207,204,114,141,167,36,48,,,244,204,,,74,114,266,257,145,190,307,158,227,224,275,40,107,106,279,301,298,193,276,129,132,193,43,,164,,,78,166,151,271,38,143,259,39,183,220,94,197,173,146,292,147,104,258,250,40,49,85,200,199,191,259,197,73,192,146,129,147,165,152,207,147,183,183,325,317,,,77,74,,,74,226,91,89,75,70,67,153,72,156,128,163,123,92,95,126,88,196,16,47,87,236,126,304,,161,,,b'\x11\xe8\xe1I\xcavx\x18\xaf\x82\x12\xdf\x17\xaeN\x1e'
11E8E149-CA76-7818-AF82-12DF17AE4E1E,2011-ncaa-d1-conf-Big Ten,ncaa,4,7,4,7,6,6,5,8,6,6,6,8,9,10,3,7,4,6,1,6,6,8,7,6,6,6,4,7,2,9,5,5,8,7,5,3,2,7,10,5,7,8,5,5,,,9,9,,,7,6,8,8,7,9,10,6,6,8,9,4,6,6,10,9,9,5,8,3,6,7,5,,8,,,7,5,4,7,1,4,8,1,3,3,6,3,6,6,4,6,6,7,7,1,1,3,8,4,7,10,8,2,5,5,5,3,3,10,11,4,6,8,10,9,,,8,5,,,7,6,7,3,7,3,3,7,3,8,2,3,6,7,7,6,5,8,2,3,2,11,6,9,,8,,,b'\x11\xe8\xe1I\xcavx\x18\xaf\x82\x12\xdf\x17\xaeN\x1e'
11E8E149-CA76-7818-AF82-12DF17AE4E1E,2011-ncaa-d1-natl,ncaa,76,82,51,85,87,105,135,202,65,113,143,91,204,250,76,246,39,87,4,83,71,171,166,86,44,64,157,245,30,257,199,103,199,174,132,94,78,185,206,116,153,174,39,50,,,228,206,,,80,134,266,260,148,194,312,161,228,226,274,41,110,108,281,301,300,197,277,132,130,198,44,,166,,,84,144,135,255,43,129,241,40,173,208,96,197,165,138,294,141,103,238,231,43,53,94,197,198,192,251,199,53,199,120,132,134,165,171,215,157,164,189,321,319,,,97,69,,,80,206,90,99,81,74,69,154,75,162,129,165,123,91,94,132,88,196,16,46,91,239,128,304,,162,,,b'\x11\xe8\xe1I\xcavx\x18\xaf\x82\x12\xdf\x17\xaeN\x1e'
11E8E149-CA76-7818-AF82-12DF17AE4E1E,2011-ncaa-d1-ncaatournament,ncaa,17,2,17,17,18,32,32,32,53,33,31,54,30,25,47,25,24,28,10,26,25,32,32,53,50,46,17,33,13,41,56,26,60,31,57,35,42,32,27,45,31,41,9,3,,,36,14,,,48,32,61,3,55,60,59,58,58,43,40,33,38,37,57,63,55,40,55,54,9,38,2,,17,,,37,34,35,45,2,30,42,6,42,47,18,56,23,18,49,14,7,41,42,2,3,2,42,54,15,52,60,46,56,48,57,30,29,26,27,12,11,3,41,38,,,27,10,,,48,33,50,12,37,5,8,46,9,25,41,58,7,3,3,31,37,63,44,55,13,28,1,31,,33,,,b'\x11\xe8\xe1I\xcavx\x18\xaf\x82\x12\xdf\x17\xaeN\x1e'
11E8E149-CA76-7818-AF82-12DF17AE4E1E,2012-ncaa-d0-natl,ncaa,23,36,22,35,23,48,57,49,101,47,36,134,151,162,111,248,33,60,36,60,190,48,41,134,97,108,214,242,105,79,101,41,232,47,131,34,63,272,144,86,55,111,11,18,,,319,249,,,63,37,185,9,94,98,134,82,96,193,229,63,125,126,126,133,142,129,130,53,167,96,17,,273,,,67,236,219,312,34,200,307,27,221,261,136,151,269,276,150,268,155,314,318,41,48,39,226,193,237,322,232,251,101,306,131,165,114,31,96,48,250,155,334,299,,,42,134,,,63,311,103,50,63,101,101,204,91,216,152,169,175,179,175,199,241,268,90,160,76,81,161,327,,120,,,b'\x11\xe8\xe1I\xcavx\x18\xaf\x82\x12\xdf\x17\xaeN\x1e'
11E8E149-CA76-7818-AF82-12DF17AE4E1E,2012-ncaa-d1-conf-Big Ten,ncaa,1,2,2,2,2,3,4,3,9,3,2,10,7,7,7,8,2,2,1,2,5,3,2,10,8,7,7,8,2,2,1,4,8,2,5,2,4,8,6,5,2,5,2,3,,,12,12,,,4,2,9,1,5,5,3,3,4,8,8,1,3,3,3,4,3,4,3,4,7,3,3,,12,,,4,9,8,11,1,6,11,1,5,8,3,5,11,12,6,12,9,11,11,1,3,1,8,5,10,12,8,10,1,11,5,4,3,2,5,2,6,3,11,10,,,2,6,,,4,11,6,2,5,4,2,7,5,8,3,7,10,11,10,7,12,11,7,10,2,2,4,10,,4,,,b'\x11\xe8\xe1I\xcavx\x18\xaf\x82\x12\xdf\x17\xaeN\x1e'
11E8E149-CA76-7818-AF82-12DF17AE4E1E,2012-ncaa-d1-natl,ncaa,27,36,23,38,24,56,63,53,107,51,38,143,159,171,111,248,38,70,35,72,190,52,44,137,98,108,212,241,104,87,106,49,236,53,136,37,66,260,146,89,65,119,11,20,,,317,252,,,69,39,187,8,103,105,140,90,101,198,229,63,125,126,130,139,151,132,139,55,168,101,17,,274,,,71,224,209,307,38,196,302,31,212,242,143,142,264,268,154,257,157,309,317,47,52,49,228,189,239,317,236,230,106,299,136,150,113,36,102,54,240,158,334,305,,,48,131,,,69,310,108,60,67,108,103,205,95,222,156,168,181,182,179,205,240,266,92,169,80,85,164,328,,118,,,b'\x11\xe8\xe1I\xcavx\x18\xaf\x82\x12\xdf\x17\xaeN\x1e'
11E8E149-CA76-7818-AF82-12DF17AE4E1E,2012-ncaa-d1-ncaatournament,ncaa,17,2,17,17,17,19,19,22,14,22,25,30,12,23,3,33,28,29,23,29,47,26,27,10,10,9,23,16,44,24,17,28,32,27,19,13,5,35,25,2,18,11,9,2,,,44,56,,,18,27,41,5,12,11,23,24,32,9,31,39,43,44,31,34,28,43,38,1,21,12,2,,48,,,18,43,40,37,42,39,37,29,55,45,52,51,37,43,11,44,48,39,36,50,45,44,56,59,22,41,32,34,17,33,19,38,21,28,36,32,38,33,28,20,,,30,44,,,18,39,6,42,16,37,31,21,10,11,56,49,27,38,44,24,19,24,7,8,25,37,29,19,,46,,,b'\x11\xe8\xe1I\xcavx\x18\xaf\x82\x12\xdf\x17\xaeN\x1e'
11E8E149-CA76-7818-AF82-12DF17AE4E1E,2013-ncaa-d0-natl,ncaa,30,40,24,43,24,32,47,101,22,47,94,39,86,168,16,204,19,51,13,49,79,86,68,28,15,38,147,178,94,158,106,52,120,80,63,16,17,298,220,66,128,183,85,111,,,222,100,,,59,48,221,8,57,85,248,94,208,127,218,41,98,98,226,215,249,142,201,19,206,188,111,,112,,,62,285,287,312,133,265,298,133,279,286,176,227,195,154,304,155,79,305,291,143,133,174,183,235,120,248,120,77,106,141,63,302,256,131,222,244,306,239,307,269,,,54,101,,,59,295,42,151,66,161,179,221,162,189,218,218,110,82,84,183,151,133,15,31,229,218,220,263,,142,,,b'\x11\xe8\xe1I\xcavx\x18\xaf\x82\x12\xdf\x17\xaeN\x1e'
11E8E149-CA76-7818-AF82-12DF17AE4E1E,2013-ncaa-d1-conf-Big Ten,ncaa,2,3,1,3,1,2,2,3,3,2,3,3,3,7,3,9,3,4,4,4,5,3,1,3,3,5,7,8,6,3,2,1,5,2,2,1,2,10,8,4,5,5,6,7,,,7,5,,,4,1,7,2,4,3,6,4,6,4,8,5,5,5,5,3,3,3,4,1,9,5,6,,5,,,4,12,12,12,5,11,12,3,11,10,9,5,6,7,5,6,3,12,12,4,3,6,6,10,5,12,5,3,2,9,2,11,6,6,8,9,10,10,11,12,,,2,5,,,4,12,3,6,4,7,9,12,8,11,9,7,6,5,4,10,8,9,2,3,7,8,10,11,,4,,,b'\x11\xe8\xe1I\xcavx\x18\xaf\x82\x12\xdf\x17\xaeN\x1e'
11E8E149-CA76-7818-AF82-12DF17AE4E1E,2013-ncaa-d1-natl,ncaa,32,40,27,43,27,38,55,115,24,51,109,39,90,175,15,204,22,56,13,54,76,103,80,28,15,39,142,175,88,176,110,63,124,93,63,17,18,287,222,67,144,189,90,112,,,209,102,,,66,54,222,7,60,90,255,98,210,127,218,42,100,100,228,218,253,146,207,20,206,195,112,,116,,,69,276,281,308,144,258,293,136,273,278,176,225,190,143,306,145,78,302,287,145,139,182,180,236,119,237,124,59,110,113,63,297,256,141,232,250,299,239,305,276,,,63,99,,,66,289,44,160,73,165,184,221,166,191,224,218,112,83,85,186,152,134,14,32,232,227,221,265,,137,,,b'\x11\xe8\xe1I\xcavx\x18\xaf\x82\x12\xdf\x17\xaeN\x1e'
11E8E149-CA76-7818-AF82-12DF17AE4E1E,2013-ncaa-d1-ncaatournament,ncaa,17,2,17,17,19,21,23,28,7,24,28,9,18,25,12,39,19,18,40,18,10,26,25,8,9,17,29,32,22,34,44,22,34,27,34,19,27,50,57,37,10,6,15,10,,,44,38,,,10,19,13,7,16,21,53,21,46,23,41,19,18,18,46,35,50,19,40,14,56,5,9,,41,,,7,33,33,38,15,38,40,9,30,35,34,22,43,45,19,43,45,38,42,14,17,6,37,33,45,43,34,41,44,42,34,30,24,12,9,6,54,60,43,42,,,20,18,,,10,43,26,4,8,9,8,21,16,30,24,25,34,39,33,25,41,40,21,27,11,6,60,37,,16,,,b'\x11\xe8\xe1I\xcavx\x18\xaf\x82\x12\xdf\x17\xaeN\x1e'
11E8E149-CA76-7818-AF82-12DF17AE4E1E,2014-ncaa-d0-natl,ncaa,61,41,131,54,164,80,100,123,86,141,151,182,71,143,8,164,54,130,7,126,141,117,120,70,51,57,75,98,100,131,79,147,120,128,81,42,44,193,153,60,134,155,43,55,,,136,111,,,70,118,97,270,47,72,99,147,151,69,138,40,131,124,97,101,132,149,129,23,187,154,34,,124,,,69,189,234,232,179,253,253,169,168,160,178,140,103,85,275,87,51,213,213,170,152,174,80,156,93,145,120,87,79,106,81,274,277,160,197,255,212,182,346,340,,,172,241,,,70,220,52,153,73,194,241,256,240,265,161,153,106,81,84,214,207,142,71,79,275,181,215,347,,197,,,b'\x11\xe8\xe1I\xcavx\x18\xaf\x82\x12\xdf\x17\xaeN\x1e'
11E8E149-CA76-7818-AF82-12DF17AE4E1E,2014-ncaa-d1-conf-Big Ten,ncaa,5,4,9,5,11,6,8,8,10,9,6,11,5,9,2,9,3,3,2,3,2,6,6,7,4,5,3,6,2,1,1,8,7,4,4,6,5,7,6,5,5,5,5,7,,,5,6,,,4,9,3,8,4,6,3,7,2,4,7,2,2,2,2,2,1,6,2,6,9,4,4,,6,,,4,2,3,4,5,5,5,3,4,3,6,3,6,6,4,6,6,5,6,2,2,2,4,5,7,8,7,2,1,4,4,6,8,7,5,7,6,6,11,11,,,4,5,,,4,4,3,3,4,4,5,9,8,10,4,4,8,7,7,10,10,8,4,6,9,5,8,11,,3,,,b'\x11\xe8\xe1I\xcavx\x18\xaf\x82\x12\xdf\x17\xaeN\x1e'
11E8E149-CA76-7818-AF82-12DF17AE4E1E,2014-ncaa-d1-natl,ncaa,67,40,145,55,193,94,117,140,91,163,169,186,80,148,8,164,62,141,7,139,144,139,142,70,51,59,76,96,101,144,81,178,123,150,84,47,47,176,151,65,158,162,48,56,,,117,114,,,79,147,98,273,49,77,100,152,153,70,138,39,133,125,104,106,138,153,137,24,189,158,38,,123,,,76,171,219,212,184,238,237,174,152,145,186,138,98,73,278,76,49,190,179,177,157,180,79,153,94,129,123,69,81,80,84,267,277,179,203,260,203,182,346,340,,,198,243,,,79,192,55,162,79,199,247,259,248,268,157,152,107,81,83,214,204,141,71,79,278,188,214,348,,201,,,b'\x11\xe8\xe1I\xcavx\x18\xaf\x82\x12\xdf\x17\xaeN\x1e'
11E8E149-CA76-7818-AF82-12DF17AE4E1E,2014-ncaa-d1-ncaatournament,ncaa,17,2,17,17,17,18,18,18,12,18,22,14,12,20,14,33,31,32,45,32,52,20,18,12,16,23,45,27,56,19,8,19,15,20,4,11,7,43,50,21,20,30,20,16,,,40,38,,,11,19,15,3,10,7,15,8,22,19,29,44,43,41,21,10,13,10,7,3,54,25,12,,39,,,5,38,36,43,16,39,42,15,18,36,8,21,45,44,27,44,47,45,45,9,14,13,28,13,55,39,15,36,8,39,4,42,46,25,34,31,45,52,32,26,,,31,61,,,11,45,14,9,8,17,14,32,25,37,9,19,42,49,49,42,44,19,11,11,32,33,53,26,,56,,,b'\x11\xe8\xe1I\xcavx\x18\xaf\x82\x12\xdf\x17\xaeN\x1e'
11E8E149-CA76-7818-AF82-12DF17AE4E1E,2015-ncaa-d0-natl,ncaa,242,267,113,258,113,159,168,155,192,88,83,179,306,281,328,295,67,85,90,78,145,138,139,253,213,200,293,323,35,193,211,131,157,155,183,65,14,170,156,77,147,159,75,97,,,161,107,,,221,125,190,4,188,197,186,82,74,314,295,55,75,69,148,172,214,140,170,51,158,152,66,,128,,,219,237,272,267,218,289,279,212,161,159,163,126,138,132,229,123,65,245,233,197,181,197,69,121,98,203,157,194,211,212,183,309,285,172,215,271,151,141,273,218,,,166,219,,,221,230,215,195,214,222,267,276,294,292,152,158,123,110,105,242,230,182,171,183,304,192,141,274,,201,,,b'\x11\xe8\xe1I\xcavx\x18\xaf\x82\x12\xdf\x17\xaeN\x1e'
11E8E149-CA76-7818-AF82-12DF17AE4E1E,2015-ncaa-d1-conf-Big Ten,ncaa,13,13,3,13,3,12,11,11,11,8,6,8,12,12,14,12,5,4,9,3,5,9,9,13,13,13,12,12,1,10,8,6,7,8,9,9,4,12,11,11,9,9,8,9,,,12,10,,,13,7,12,2,13,12,13,9,6,12,12,5,4,3,12,11,11,8,9,10,11,10,8,,12,,,13,10,10,10,10,12,12,11,5,4,4,3,10,9,9,9,8,11,9,9,9,9,4,2,7,9,7,6,8,9,9,10,9,11,11,11,11,11,9,8,,,7,6,,,13,8,13,9,13,8,9,10,11,11,4,3,10,9,9,9,8,9,6,8,10,11,11,9,,7,,,b'\x11\xe8\xe1I\xcavx\x18\xaf\x82\x12\xdf\x17\xaeN\x1e'
11E8E149-CA76-7818-AF82-12DF17AE4E1E,2015-ncaa-d1-natl,ncaa,256,267,143,266,143,193,198,200,199,109,95,189,310,291,327,298,80,96,88,89,143,174,175,257,226,206,292,322,34,220,219,164,164,186,192,76,15,141,158,80,167,168,78,100,,,123,109,,,236,159,197,4,200,206,195,91,75,315,297,56,77,68,158,175,225,147,183,60,155,163,68,,130,,,235,219,254,239,225,277,262,224,143,144,172,123,118,112,227,104,66,215,200,208,191,208,66,117,98,178,164,175,219,180,192,302,286,198,224,275,138,145,265,224,,,197,215,,,236,198,223,217,230,233,274,277,297,291,156,153,129,114,109,245,226,188,178,187,307,201,144,273,,202,,,b'\x11\xe8\xe1I\xcavx\x18\xaf\x82\x12\xdf\x17\xaeN\x1e'
11E8E149-CA76-7818-AF82-12DF17AE4E1E,2016-ncaa-d0-natl,ncaa,86,87,76,90,80,95,83,104,69,56,48,120,212,276,48,299,98,125,45,125,239,99,120,99,92,79,277,273,156,134,125,162,126,146,105,40,40,122,86,42,51,54,37,37,,,116,80,,,84,119,227,31,107,84,156,60,72,235,300,110,169,170,158,213,180,240,213,34,73,59,33,,80,,,84,174,235,221,211,294,269,229,67,98,53,67,104,87,287,89,52,197,228,163,148,111,26,47,95,130,126,133,125,122,105,272,267,70,81,157,103,84,335,296,,,159,204,,,84,246,79,92,70,110,181,131,244,224,40,49,72,53,59,95,144,82,70,60,228,94,75,330,,224,,,b'\x11\xe8\xe1I\xcavx\x18\xaf\x82\x12\xdf\x17\xaeN\x1e'
11E8E149-CA76-7818-AF82-12DF17AE4E1E,2016-ncaa-d1-conf-Big Ten,ncaa,5,6,4,6,5,10,10,7,10,7,6,10,13,13,9,13,4,5,6,5,6,7,7,10,9,11,11,13,3,5,4,11,10,6,6,3,1,10,10,8,1,1,3,2,,,7,6,,,5,7,12,3,10,12,9,8,6,13,13,5,5,5,10,9,5,12,8,3,9,1,2,,6,,,5,3,3,6,4,7,7,7,1,2,1,3,7,7,5,8,7,6,8,4,4,2,3,1,7,7,10,5,4,6,6,7,11,2,1,3,10,12,13,11,,,8,5,,,5,8,9,2,5,3,4,3,7,7,1,2,7,6,7,2,8,7,5,5,7,1,11,12,,7,,,b'\x11\xe8\xe1I\xcavx\x18\xaf\x82\x12\xdf\x17\xaeN\x1e'
11E8E149-CA76-7818-AF82-12DF17AE4E1E,2016-ncaa-d1-natl,ncaa,95,87,99,97,102,109,101,134,73,66,58,131,225,284,49,297,113,147,42,146,240,129,162,104,97,86,271,272,149,159,133,192,133,181,115,43,42,88,89,43,63,61,38,37,,,95,84,,,97,159,228,30,112,88,164,67,75,239,299,107,169,170,165,220,189,248,227,37,75,65,34,,85,,,96,148,216,194,215,283,248,234,52,68,59,66,91,71,289,76,52,164,188,177,163,128,24,46,96,105,133,101,133,86,115,264,269,94,91,177,86,86,335,297,,,191,200,,,97,214,84,112,79,119,192,132,253,230,40,49,79,57,61,103,142,87,71,60,235,100,75,331,,227,,,b'\x11\xe8\xe1I\xcavx\x18\xaf\x82\x12\xdf\x17\xaeN\x1e'
11E8E149-CA76-7818-AF82-12DF17AE4E1E,2016-ncaa-d1-ncaatournament,ncaa,33,2,33,33,33,59,56,43,58,52,34,59,50,62,17,59,58,48,63,48,52,45,46,59,62,61,51,34,57,37,30,44,2,39,24,46,17,10,23,30,48,40,41,29,,,4,11,,,42,58,52,1,59,56,17,49,5,44,59,58,45,45,28,30,10,39,22,40,20,42,31,,6,,,46,5,6,5,36,2,3,32,18,16,43,45,9,4,53,4,32,4,2,40,43,33,41,46,31,3,2,22,30,11,24,6,22,47,14,12,9,19,51,63,,,55,55,,,42,6,60,17,48,11,16,5,11,7,31,22,23,13,16,4,2,3,54,33,12,23,18,64,,55,,,b'\x11\xe8\xe1I\xcavx\x18\xaf\x82\x12\xdf\x17\xaeN\x1e'
11E8E149-CA76-7818-AF82-12DF17AE4E1E,2017-ncaa-d0-natl,ncaa,41,111,11,97,14,36,28,34,56,23,18,79,169,196,91,281,59,62,126,58,229,34,31,80,79,73,296,277,192,65,107,25,167,28,98,18,42,245,100,42,72,146,17,49,,,145,27,,,43,30,246,247,114,85,189,53,86,237,282,145,167,163,200,242,180,113,135,28,78,153,37,,21,,,54,289,311,334,69,314,338,55,225,246,129,121,83,90,108,78,11,327,326,60,29,57,52,165,34,327,167,278,107,314,98,298,196,74,208,192,230,108,344,302,,,62,200,,,43,320,71,69,53,62,127,228,171,275,108,111,22,23,17,148,118,206,57,94,148,218,98,328,,236,,,b'\x11\xe8\xe1I\xcavx\x18\xaf\x82\x12\xdf\x17\xaeN\x1e'
11E8E149-CA76-7818-AF82-12DF17AE4E1E,2017-ncaa-d1-conf-Big Ten,ncaa,3,4,1,3,1,4,4,4,6,2,2,6,9,11,5,14,5,4,11,4,10,3,3,6,6,7,14,14,6,5,6,4,11,5,8,3,3,13,9,5,2,3,3,4,,,5,2,,,3,3,13,6,9,8,12,5,6,12,14,8,6,6,11,12,8,8,7,4,6,4,4,,1,,,4,7,11,13,2,11,14,3,7,9,1,7,3,3,2,3,2,13,14,1,1,1,3,4,3,13,11,9,6,12,8,11,8,1,6,4,8,7,14,13,,,1,2,,,3,12,8,1,4,1,2,7,5,9,2,6,2,2,2,4,5,11,3,7,3,5,8,14,,5,,,b'\x11\xe8\xe1I\xcavx\x18\xaf\x82\x12\xdf\x17\xaeN\x1e'
11E8E149-CA76-7818-AF82-12DF17AE4E1E,2017-ncaa-d1-natl,ncaa,54,111,11,100,14,40,31,39,57,25,20,82,181,215,94,280,68,72,122,68,237,40,36,84,81,77,292,274,185,85,112,31,174,34,103,20,46,228,108,44,85,155,21,52,,,113,29,,,59,32,252,248,122,96,197,57,92,241,281,151,173,169,208,250,191,124,147,32,81,167,38,,20,,,66,275,305,331,78,307,338,59,209,235,137,117,67,70,111,60,11,323,324,64,35,67,51,165,37,322,174,254,112,296,103,290,197,96,211,200,209,112,343,308,,,74,192,,,59,318,79,79,61,68,129,228,176,276,106,109,23,24,17,153,114,210,58,95,155,228,96,330,,237,,,b'\x11\xe8\xe1I\xcavx\x18\xaf\x82\x12\xdf\x17\xaeN\x1e'
11E8E149-CA76-7818-AF82-12DF17AE4E1E,2017-ncaa-d1-ncaatournament,ncaa,17,2,17,17,17,20,22,30,11,21,24,13,22,33,14,51,9,12,11,12,2,26,20,13,3,10,22,43,6,23,12,21,39,19,17,20,10,46,51,29,21,34,18,17,,,40,24,,,16,22,43,1,10,23,56,20,31,35,50,1,2,2,40,25,34,12,16,12,51,26,11,,30,,,16,44,44,48,17,44,43,21,48,48,29,47,34,28,51,28,5,47,47,22,20,28,35,42,18,51,39,26,12,38,17,46,41,24,48,46,51,52,38,34,,,18,7,,,16,42,10,35,16,41,44,59,39,43,44,52,23,10,9,55,52,54,1,18,41,42,50,32,,3,,,b'\x11\xe8\xe1I\xcavx\x18\xaf\x82\x12\xdf\x17\xaeN\x1e'
11E8E149-CA76-7818-AF82-12DF17AE4E1E,2018-ncaa-d0-natl,ncaa,87,129,25,115,62,78,64,107,46,59,68,87,144,222,42,262,138,197,46,196,295,109,88,65,61,82,256,221,236,169,132,112,244,127,136,49,64,278,214,106,153,183,17,29,,,35,11,,,114,77,244,349,158,129,272,99,159,198,288,224,275,279,293,300,262,255,282,79,159,212,25,,10,,,117,269,315,305,222,318,321,149,207,142,291,72,16,16,180,14,3,285,268,191,130,187,21,159,5,293,244,93,132,168,136,310,214,178,226,273,299,261,336,285,,,161,224,,,114,258,91,206,136,110,217,196,251,281,129,64,7,6,5,91,57,200,20,45,232,261,211,298,,276,,,b'\x11\xe8\xe1I\xcavx\x18\xaf\x82\x12\xdf\x17\xaeN\x1e'
11E8E149-CA76-7818-AF82-12DF17AE4E1E,2018-ncaa-d1-conf-Big Ten,ncaa,8,8,4,8,12,10,11,13,8,11,11,6,10,9,7,10,9,10,4,10,8,13,12,8,8,9,8,9,8,10,8,9,8,10,8,9,5,8,10,8,8,8,6,6,,,1,2,,,9,12,9,14,10,11,14,10,11,10,10,10,11,11,13,13,10,8,10,9,8,8,6,,1,,,9,2,7,7,9,9,8,8,2,2,5,4,1,1,7,1,1,4,2,7,4,7,1,5,1,7,8,2,8,3,8,8,9,11,11,11,6,8,10,10,,,10,6,,,9,3,10,8,9,2,7,6,9,10,3,2,1,1,1,2,1,7,2,3,8,12,6,10,,11,,,b'\x11\xe8\xe1I\xcavx\x18\xaf\x82\x12\xdf\x17\xaeN\x1e'
11E8E149-CA76-7818-AF82-12DF17AE4E1E,2018-ncaa-d1-natl,ncaa,95,129,31,122,78,89,79,131,47,68,80,96,161,244,42,264,153,218,47,219,297,139,118,65,63,87,255,213,232,201,141,144,249,170,144,56,66,247,222,114,176,195,18,30,,,22,11,,,130,105,248,349,167,138,280,106,161,200,289,227,278,281,296,306,266,264,291,88,163,218,25,,9,,,135,253,314,299,237,315,320,159,185,114,297,68,14,12,186,8,3,266,240,205,147,203,21,157,5,285,249,63,141,131,144,307,219,206,237,280,290,266,332,296,,,197,217,,,130,228,97,223,153,119,226,196,262,282,130,65,8,6,5,97,53,201,20,48,237,268,213,303,,279,,,b'\x11\xe8\xe1I\xcavx\x18\xaf\x82\x12\xdf\x17\xaeN\x1e'
11E8E149-CA76-7818-AF82-12DF17AE4E1E,2019-ncaa-d0-natl,ncaa,105,152,26,137,31,92,98,98,134,100,97,157,133,156,111,212,61,77,91,67,114,88,82,133,114,114,168,198,98,66,56,112,225,88,98,52,36,227,154,87,200,235,12,21,,,138,84,,,138,97,326,78,175,195,270,175,208,185,226,110,145,137,245,285,134,261,208,85,113,261,15,,49,,,142,266,297,295,206,310,325,140,199,143,293,68,96,112,116,107,40,279,261,190,157,210,58,138,53,282,225,130,56,199,98,321,285,228,283,319,215,150,334,318,,,98,170,,,138,244,103,234,147,115,181,146,217,261,109,54,50,48,48,97,44,170,24,51,253,311,118,315,,223,,,b'\x11\xe8\xe1I\xcavx\x18\xaf\x82\x12\xdf\x17\xaeN\x1e'
11E8E149-CA76-7818-AF82-12DF17AE4E1E,2019-ncaa-d1-conf-Big Ten,ncaa,5,10,1,7,2,8,8,7,9,10,9,8,6,6,9,7,11,10,6,10,7,7,7,9,9,11,6,6,7,7,6,7,12,6,6,5,3,10,10,7,9,9,1,1,,,3,3,,,11,7,14,10,14,13,13,12,12,8,7,11,12,11,13,14,8,11,9,7,6,11,2,,3,,,11,6,11,11,6,9,11,5,9,7,13,6,4,4,5,4,2,11,8,8,6,8,6,12,2,11,12,8,6,7,6,14,14,12,12,14,10,11,11,12,,,11,11,,,11,8,8,11,11,4,5,6,5,6,8,7,3,3,2,3,1,7,4,5,12,13,7,10,,13,,,b'\x11\xe8\xe1I\xcavx\x18\xaf\x82\x12\xdf\x17\xaeN\x1e'
11E8E149-CA76-7818-AF82-12DF17AE4E1E,2019-ncaa-d1-natl,ncaa,106,152,21,136,26,87,95,97,134,99,91,157,126,149,100,212,61,88,87,74,127,84,76,130,114,117,169,195,98,79,71,111,233,88,112,52,37,231,160,88,199,234,12,17,,,151,88,,,146,86,320,76,172,196,270,173,205,181,225,110,152,142,249,285,148,261,220,87,117,263,14,,51,,,152,282,313,304,219,317,328,149,217,155,301,70,105,112,127,109,40,289,271,213,171,222,59,145,52,278,233,140,71,203,112,329,293,228,278,316,226,158,335,319,,,101,175,,,146,256,108,243,162,133,201,152,228,257,113,56,52,51,50,103,50,169,28,53,272,301,126,316,,229,,,b'\x11\xe8\xe1I\xcavx\x18\xaf\x82\x12\xdf\x17\xaeN\x1e'
11E8E149-CA76-7818-AF82-12DF17AE4E1E,2020-ncaa-d0-natl,ncaa,104,150,8,139,22,93,80,117,82,74,87,107,167,211,85,242,132,136,151,134,198,114,80,97,97,138,246,208,195,161,130,80,274,102,150,40,41,280,232,118,195,255,26,62,,,91,24,,,171,65,229,273,190,160,264,126,178,213,266,200,219,217,266,257,228,186,218,63,203,249,40,,33,,,171,270,306,337,135,325,348,107,142,157,138,61,101,102,151,97,21,331,318,96,83,152,20,93,50,331,274,109,130,243,150,295,193,222,292,289,309,290,347,336,,,182,260,,,171,289,150,204,170,149,237,286,272,329,96,88,59,64,58,248,171,292,33,117,230,278,261,338,,275,,,b'\x11\xe8\xe1I\xcavx\x18\xaf\x82\x12\xdf\x17\xaeN\x1e'
11E8E149-CA76-7818-AF82-12DF17AE4E1E,2020-ncaa-d1-conf-Big Ten,ncaa,8,9,4,9,8,8,7,10,7,9,10,7,8,8,9,7,13,13,10,13,11,11,10,7,8,8,8,7,12,8,5,9,12,9,7,6,3,11,12,7,11,11,5,6,,,1,1,,,9,9,12,10,10,7,13,8,10,8,8,13,14,14,14,14,9,9,10,5,11,10,4,,1,,,9,6,8,10,8,11,13,7,4,4,6,4,1,1,4,1,1,8,7,8,6,8,1,5,2,12,12,3,5,8,7,10,9,12,12,9,12,12,14,14,,,12,11,,,9,6,9,8,9,6,7,10,9,12,6,4,1,1,1,8,5,12,4,6,8,12,12,14,,12,,,b'\x11\xe8\xe1I\xcavx\x18\xaf\x82\x12\xdf\x17\xaeN\x1e'
11E8E149-CA76-7818-AF82-12DF17AE4E1E,2020-ncaa-d1-natl,ncaa,114,150,12,144,35,116,93,151,85,87,108,115,177,226,87,241,157,162,150,160,200,150,116,100,103,144,240,210,189,188,135,108,278,132,165,49,43,267,236,125,222,262,28,65,,,75,25,,,186,96,237,273,198,170,273,133,185,215,271,204,218,217,268,263,235,189,230,69,209,258,39,,33,,,186,255,295,333,143,315,345,115,128,140,142,58,93,92,156,87,21,321,299,105,91,172,21,86,51,320,278,81,135,212,165,284,196,250,297,300,302,288,345,338,,,216,258,,,186,257,164,226,186,163,254,289,282,331,98,85,60,65,60,251,170,293,34,121,231,289,264,339,,275,,,b'\x11\xe8\xe1I\xcavx\x18\xaf\x82\x12\xdf\x17\xaeN\x1e'
11E8E149-CA76-7818-AF82-12DF17AE4E1E,2021-ncaa-d0-natl,ncaa,225,296,136,263,152,127,124,142,113,113,131,113,138,139,139,166,164,154,211,153,187,147,136,116,131,167,190,164,221,112,107,194,226,165,163,97,116,275,240,165,155,187,185,265,,,182,126,,,282,136,111,224,132,118,167,121,166,147,167,206,194,191,174,119,144,279,246,109,251,186,224,,144,,,266,277,288,238,321,311,272,314,152,138,200,50,239,219,299,216,108,233,211,305,311,327,28,41,142,195,226,158,107,170,163,299,213,219,290,318,298,282,251,225,,,205,305,,,282,207,159,319,267,307,320,242,339,305,116,82,228,199,197,251,193,156,87,93,308,282,286,232,,288,,,b'\x11\xe8\xe1I\xcavx\x18\xaf\x82\x12\xdf\x17\xaeN\x1e'
11E8E149-CA76-7818-AF82-12DF17AE4E1E,2021-ncaa-d1-conf-Big Ten,ncaa,12,12,8,12,9,10,9,10,8,9,10,7,7,6,8,5,13,13,12,13,11,11,10,8,11,12,7,5,11,6,5,11,11,11,8,9,7,11,12,12,9,7,12,13,,,4,5,,,12,10,9,6,12,11,13,11,12,9,8,14,12,12,13,11,8,12,13,11,12,8,11,,6,,,12,7,8,7,12,11,10,13,5,5,4,2,8,7,12,7,4,7,6,11,12,11,1,2,5,7,11,5,5,6,8,9,7,10,10,9,12,13,8,9,,,12,13,,,12,5,12,10,12,10,11,7,14,14,4,2,10,7,7,7,5,7,5,7,11,9,12,8,,12,,,b'\x11\xe8\xe1I\xcavx\x18\xaf\x82\x12\xdf\x17\xaeN\x1e'
11E8E149-CA76-7818-AF82-12DF17AE4E1E,2021-ncaa-d1-natl,ncaa,230,294,152,271,173,145,137,155,115,123,146,119,150,151,143,167,169,162,209,163,188,159,148,117,134,171,185,163,218,130,113,216,231,189,174,109,121,262,243,167,171,197,198,270,,,168,127,,,287,150,116,225,138,122,172,125,169,149,170,209,195,193,183,122,150,282,253,112,254,195,228,,145,,,275,272,286,218,322,311,265,315,145,125,211,49,234,211,300,209,109,216,192,306,313,328,28,41,146,183,231,141,113,154,174,296,216,233,291,321,286,286,245,230,,,218,305,,,287,187,166,322,276,312,321,244,339,309,116,79,234,200,197,253,191,159,88,96,308,284,287,238,,289,,,b'\x11\xe8\xe1I\xcavx\x18\xaf\x82\x12\xdf\x17\xaeN\x1e'
11E8E149-CA76-7818-AF82-12DF17AE4E1E,2022-ncaa-d0-natl,ncaa,123,180,52,160,67,60,58,62,78,83,136,48,38,32,98,63,165,208,51,212,249,75,71,59,61,71,110,74,291,161,233,91,161,102,185,30,44,241,134,59,163,243,62,109,,,320,248,,,138,57,91,246,76,66,93,135,237,47,53,231,274,277,142,155,243,164,213,23,145,227,76,,264,,,144,321,319,310,245,344,314,270,112,194,30,74,312,310,235,311,202,317,302,197,200,241,41,21,241,246,161,286,233,288,185,315,204,143,254,270,114,60,268,228,,,157,289,,,138,299,88,229,138,248,264,237,319,291,57,100,260,262,268,256,233,165,180,172,264,230,60,210,,274,,,b'\x11\xe8\xe1I\xcavx\x18\xaf\x82\x12\xdf\x17\xaeN\x1e'
11E8E149-CA76-7818-AF82-12DF17AE4E1E,2022-ncaa-d1-conf-Big Ten,ncaa,9,9,5,9,5,8,7,5,11,10,12,8,5,2,13,1,12,13,3,13,14,7,6,8,10,9,4,3,14,8,9,6,7,9,10,6,7,8,9,8,9,8,2,4,,,13,14,,,9,6,6,5,8,7,5,11,13,5,1,13,13,13,10,9,9,7,9,8,9,7,3,,14,,,9,8,6,8,8,8,9,9,1,1,1,2,13,13,9,13,11,8,9,3,4,5,2,1,13,7,7,11,9,9,10,6,8,7,10,7,5,4,6,10,,,11,13,,,9,9,10,6,9,7,7,8,10,11,2,2,13,13,14,9,10,7,12,11,8,7,4,7,,12,,,b'\x11\xe8\xe1I\xcavx\x18\xaf\x82\x12\xdf\x17\xaeN\x1e'
11E8E149-CA76-7818-AF82-12DF17AE4E1E,2022-ncaa-d1-natl,ncaa,135,180,67,171,83,70,69,73,84,108,168,59,48,42,100,61,185,235,50,237,247,95,93,66,66,78,105,73,292,189,243,115,168,140,200,32,46,214,139,63,194,256,67,113,,,313,252,,,164,73,92,240,84,71,106,147,246,52,54,232,274,279,155,163,248,182,232,27,148,237,80,,270,,,168,319,316,301,259,343,307,285,100,168,37,68,305,299,242,302,205,310,285,208,220,262,42,21,232,222,168,272,243,265,200,308,206,179,264,285,94,61,261,238,,,184,286,,,164,286,96,249,161,260,276,238,327,293,58,101,269,266,274,260,232,166,186,179,269,239,62,219,,273,,,b'\x11\xe8\xe1I\xcavx\x18\xaf\x82\x12\xdf\x17\xaeN\x1e'
11E8E149-CA76-7818-AF82-12DF17AE4E1E,2023-ncaa-d0-natl,ncaa,102,74,164,95,203,105,102,201,30,135,260,13,96,104,88,83,197,252,23,254,185,212,224,27,23,37,146,113,274,313,263,132,154,200,149,63,47,136,178,67,174,158,136,103,,,120,113,,,93,183,153,226,71,63,211,110,271,81,92,185,256,255,234,238,321,85,218,31,158,161,132,,133,,,92,170,157,199,114,73,99,125,300,308,202,323,126,129,133,130,199,183,180,156,136,160,318,331,130,171,154,63,263,86,149,193,209,190,194,206,111,151,131,196,,,194,133,,,93,191,68,153,85,189,176,246,87,88,319,328,142,150,153,238,221,200,70,105,208,190,133,139,,179,,,b'\x11\xe8\xe1I\xcavx\x18\xaf\x82\x12\xdf\x17\xaeN\x1e'
11E8E149-CA76-7818-AF82-12DF17AE4E1E,2023-ncaa-d1-conf-Big Ten,ncaa,7,7,9,7,12,12,12,14,8,11,13,5,8,5,11,2,14,14,1,14,13,14,14,8,8,8,5,4,13,13,10,9,8,11,7,9,7,6,10,7,8,7,6,3,,,3,5,,,9,14,13,5,12,12,12,11,13,6,4,13,14,14,14,14,12,5,10,8,8,7,6,,4,,,9,1,1,3,2,1,1,2,10,12,8,13,3,2,3,2,10,1,1,4,3,3,13,13,5,7,8,3,10,2,7,3,7,7,5,3,6,7,3,8,,,12,6,,,9,1,9,3,8,2,1,5,1,1,12,12,3,4,4,2,4,9,5,5,4,6,6,6,,11,,,b'\x11\xe8\xe1I\xcavx\x18\xaf\x82\x12\xdf\x17\xaeN\x1e'
11E8E149-CA76-7818-AF82-12DF17AE4E1E,2023-ncaa-d1-natl,ncaa,114,74,219,98,266,135,128,260,30,165,291,16,111,126,95,85,218,275,24,274,181,273,287,27,24,39,142,112,268,335,278,165,159,255,162,72,48,105,183,73,203,176,152,107,,,96,118,,,109,249,158,201,77,67,226,119,277,84,93,186,260,259,246,254,325,89,233,34,160,173,138,,138,,,109,138,114,161,127,57,65,138,291,296,220,326,104,114,136,113,205,139,124,180,160,182,319,330,127,145,159,42,278,56,162,172,212,224,205,220,93,151,121,205,,,227,122,,,109,126,73,176,101,201,189,249,96,91,325,328,150,152,158,240,215,206,70,114,219,200,132,148,,180,,,b'\x11\xe8\xe1I\xcavx\x18\xaf\x82\x12\xdf\x17\xaeN\x1e'
11E8E149-CA76-7818-AF82-12DF17AE4E1E,2023-ncaa-d1-ncaatournament,ncaa,36,2,36,36,38,44,42,67,7,45,50,31,41,65,1,59,50,55,2,55,56,66,66,6,5,7,31,22,44,55,28,52,30,58,24,47,44,17,58,45,54,46,59,59,,,12,39,,,28,67,64,7,33,27,67,35,41,22,64,40,54,54,66,66,50,48,57,40,39,47,59,,24,,,29,6,8,4,46,2,3,20,38,30,64,62,3,3,44,3,11,2,3,55,53,51,63,67,8,7,30,1,28,1,24,12,48,48,17,33,12,27,12,38,,,40,1,,,28,4,11,45,24,27,26,8,5,4,63,55,6,3,3,3,4,17,1,1,39,28,18,27,,10,,,b'\x11\xe8\xe1I\xcavx\x18\xaf\x82\x12\xdf\x17\xaeN\x1e'
11E8E149-CA76-7818-AF82-12DF17AE4E1E,2024-ncaa-d0-natl,ncaa,171,251,29,213,43,70,72,56,127,72,64,159,90,111,83,196,82,136,10,133,240,66,67,124,110,94,171,176,173,138,221,97,125,106,182,43,53,201,108,65,100,162,122,194,,,223,79,,,173,56,136,244,113,113,124,122,134,139,179,128,220,222,137,185,220,191,223,55,105,161,173,,100,,,173,336,339,315,263,328,315,223,307,263,306,170,228,168,357,174,75,313,308,266,269,283,159,214,107,199,125,308,221,279,182,335,254,111,197,265,184,102,327,261,,,130,246,,,173,316,110,259,166,255,283,234,265,246,254,182,158,102,107,214,204,99,192,135,293,192,102,295,,245,,,b'\x11\xe8\xe1I\xcavx\x18\xaf\x82\x12\xdf\x17\xaeN\x1e'
11E8E149-CA76-7818-AF82-12DF17AE4E1E,2024-ncaa-d1-conf-Big Ten,ncaa,10,11,5,11,5,9,10,6,10,8,3,12,8,10,9,10,8,10,2,10,11,6,6,10,10,9,9,9,5,4,4,10,7,7,9,9,6,6,6,6,4,4,9,9,,,8,10,,,10,6,9,4,9,8,7,8,4,8,9,9,10,10,8,6,5,12,8,9,6,4,9,,9,,,10,8,8,10,9,8,5,9,10,8,13,9,7,5,12,5,8,8,10,11,10,11,9,12,4,5,7,10,4,8,9,9,9,8,6,9,5,4,14,14,,,10,11,,,10,9,10,10,10,10,10,7,7,6,12,8,5,4,5,7,5,5,10,4,11,6,4,14,,11,,,b'\x11\xe8\xe1I\xcavx\x18\xaf\x82\x12\xdf\x17\xaeN\x1e'
11E8E149-CA76-7818-AF82-12DF17AE4E1E,2024-ncaa-d1-natl,ncaa,190,253,38,228,60,87,95,70,136,94,87,176,109,135,85,198,97,164,8,162,242,85,86,134,118,99,165,172,168,176,234,123,136,140,200,51,54,177,113,70,129,177,140,199,,,191,92,,,198,72,142,238,122,124,134,140,139,145,187,131,226,226,153,197,234,213,239,59,104,177,178,,112,,,198,326,335,303,277,321,302,236,304,245,312,170,211,153,358,158,79,298,293,280,278,307,156,215,105,175,136,284,234,257,200,333,256,146,212,276,161,110,321,272,,,157,242,,,198,302,121,279,188,265,295,237,271,256,260,185,162,108,112,218,204,105,196,148,297,203,109,301,,249,,,b'\x11\xe8\xe1I\xcavx\x18\xaf\x82\x12\xdf\x17\xaeN\x1e'
11E8E149-CA76-7818-AF82-12DF17AE4E1E,2025-ncaa-d0-natl,genius_ncaa,265,249,248,267,290,229,184,231,113,163,196,126,220,256,141,206,346,348,220,348,354,270,265,128,158,186,296,189,349,325,316,227,178,282,265,145,90,197,267,158,228,220,150,147,,,217,273,,143,323,228,84,269,192,119,161,104,139,203,223,341,343,345,244,208,311,164,270,88,264,195,128,,289,,172,322,298,280,199,327,259,159,323,289,253,309,253,238,224,244,223,246,208,142,342,340,357,233,256,170,140,178,142,316,141,265,282,218,330,344,347,172,244,314,320,,,340,345,,332,323,147,232,352,320,348,342,312,318,235,327,309,283,276,279,326,256,198,222,219,329,327,223,333,,330,,323,b'\x11\xe8\xe1I\xcavx\x18\xaf\x82\x12\xdf\x17\xaeN\x1e'
11E8E149-CA76-7818-AF82-12DF17AE4E1E,2025-ncaa-d1-conf-Big Ten,genius_ncaa,15,15,16,15,16,18,18,17,15,18,18,13,13,11,12,5,17,17,11,17,17,18,17,14,15,17,11,5,17,17,17,16,11,17,16,17,11,16,17,17,10,8,17,15,,,9,17,,6,18,17,10,12,18,16,17,16,17,11,10,17,17,17,18,16,17,13,17,16,17,7,16,,17,,5,18,13,11,4,16,8,3,16,12,11,15,14,11,10,10,11,16,6,2,16,17,17,14,13,9,5,11,8,17,8,16,11,10,16,15,15,14,16,12,18,,,18,16,,17,18,2,18,17,18,17,16,11,15,5,17,16,14,14,14,14,9,7,14,13,14,16,16,16,,17,,16,b'\x11\xe8\xe1I\xcavx\x18\xaf\x82\x12\xdf\x17\xaeN\x1e'
11E8E149-CA76-7818-AF82-12DF17AE4E1E,2025-ncaa-d1-natl,genius_ncaa,279,249,304,273,333,275,218,283,121,200,226,141,237,268,144,208,348,349,222,350,353,314,307,133,168,196,292,191,349,330,321,266,187,313,275,164,96,167,274,167,265,236,170,149,,,191,276,,130,328,275,92,269,210,128,185,116,140,206,227,342,343,344,264,224,316,175,283,96,265,208,135,,293,,176,332,280,267,163,335,240,123,329,280,238,318,252,224,212,247,209,251,170,92,344,345,358,228,256,167,116,187,108,321,106,275,269,219,347,347,347,153,248,302,323,,,348,346,,333,328,97,245,356,327,352,348,313,323,241,333,308,291,279,281,330,248,205,227,227,331,330,223,334,,330,,323,b'\x11\xe8\xe1I\xcavx\x18\xaf\x82\x12\xdf\x17\xaeN\x1e'
11E8E149-CA76-7818-AF82-12DF17AE4E1E,2026-ncaa-d0-natl,genius_ncaa,87,152,49,136,73,73,64,83,54,69,92,68,65,88,65,143,172,187,128,179,296,96,94,52,63,70,220,124,327,106,100,60,5,72,20,66,160,234,135,87,158,201,166,199,,,330,330,,352,93,93,235,97,89,57,144,81,168,86,148,279,298,289,180,223,185,80,106,84,125,235,233,,268,,342,97,279,249,249,160,240,215,206,258,291,105,245,317,301,276,299,287,265,238,171,204,237,244,178,290,44,5,180,100,118,20,186,90,203,285,203,119,70,332,286,,,172,313,,223,93,275,63,170,95,154,116,100,112,59,156,222,254,238,237,109,38,7,40,14,74,309,57,298,,309,,271,b'\x11\xe8\xe1I\xcavx\x18\xaf\x82\x12\xdf\x17\xaeN\x1e'
11E8E149-CA76-7818-AF82-12DF17AE4E1E,2026-ncaa-d1-conf-Big Ten,genius_ncaa,10,10,1,10,3,16,15,13,16,16,16,16,5,5,9,2,14,16,11,16,14,16,5,15,14,16,3,1,14,12,12,17,4,14,14,17,18,18,18,18,15,17,18,18,,,18,18,,5,18,4,3,3,16,15,13,16,16,5,5,14,16,16,16,5,12,17,14,17,18,15,18,,18,,5,18,18,15,2,18,16,5,18,6,4,9,4,18,18,9,18,18,13,7,18,18,18,12,3,18,2,4,12,12,6,14,8,4,18,18,16,18,18,18,18,,,8,10,,2,18,12,16,18,18,18,15,2,16,5,6,4,18,18,18,13,7,2,12,6,8,18,18,18,,8,,2,b'\x11\xe8\xe1I\xcavx\x18\xaf\x82\x12\xdf\x17\xaeN\x1e'
11E8E149-CA76-7818-AF82-12DF17AE4E1E,2026-ncaa-d1-natl,genius_ncaa,110,152,85,156,117,106,88,130,63,95,141,79,85,127,69,143,232,256,125,244,304,145,149,57,69,85,204,119,325,157,119,86,6,106,28,89,171,183,150,111,226,245,209,220,,,305,339,,348,135,152,245,100,118,83,171,106,185,96,162,288,306,298,209,247,211,98,134,101,134,269,251,,278,,349,138,243,205,196,206,199,160,248,228,262,126,248,299,279,285,278,285,211,178,205,240,282,247,178,288,19,6,127,119,65,28,151,90,284,305,254,87,71,322,306,,,242,304,,245,135,217,85,215,131,187,153,113,137,66,175,231,268,247,248,125,40,7,43,14,94,327,56,309,,313,,269,b'\x11\xe8\xe1I\xcavx\x18\xaf\x82\x12\xdf\x17\xaeN\x1e'
11E8E149-CA7B-E15E-AF82-12DF17AE4E1E,2010-ncaa-d0-natl,ncaa,219,202,241,224,261,203,219,264,144,289,314,159,54,76,40,34,233,296,32,295,156,279,290,76,65,89,31,24,235,321,301,275,235,313,292,215,192,72,174,164,302,300,116,117,,,96,160,,,186,267,206,188,143,179,217,280,304,27,43,206,275,278,250,264,316,260,314,179,132,289,90,,141,,,187,133,193,113,285,261,191,291,41,41,126,57,125,108,261,111,108,102,80,246,243,274,33,45,138,117,235,102,301,94,292,186,185,272,224,270,114,208,32,105,,,259,149,,,186,81,131,268,193,231,273,191,310,277,66,63,166,152,152,189,155,181,184,191,246,238,164,50,,220,,,b'\x11\xe8\xe1I\xca{\xe1^\xaf\x82\x12\xdf\x17\xaeN\x1e'
11E8E149-CA7B-E15E-AF82-12DF17AE4E1E,2010-ncaa-d1-conf-Summit League,ncaa,6,6,5,6,6,5,6,7,6,7,9,6,3,3,3,2,4,6,1,5,4,7,8,4,3,4,2,2,4,9,8,7,6,8,8,7,9,2,3,6,9,9,1,3,,,3,5,,,5,8,9,3,5,6,6,8,7,3,3,4,6,6,7,9,8,5,8,7,2,9,1,,4,,,5,3,5,6,5,8,9,5,1,1,2,1,3,2,4,2,3,6,5,3,3,5,1,1,2,7,6,8,8,8,8,4,4,9,9,6,1,3,1,1,,,4,2,,,5,4,5,5,5,5,6,7,9,10,1,2,4,3,3,7,5,8,8,7,4,9,2,1,,5,,,b'\x11\xe8\xe1I\xca{\xe1^\xaf\x82\x12\xdf\x17\xaeN\x1e'
11E8E149-CA7B-E15E-AF82-12DF17AE4E1E,2010-ncaa-d1-natl,ncaa,206,202,191,208,227,173,190,242,114,265,316,128,40,62,34,33,228,290,31,289,171,262,274,60,54,77,36,24,247,321,298,253,219,306,281,188,183,83,164,148,293,288,100,103,,,112,164,,,160,242,205,186,125,155,212,268,305,23,42,210,283,283,249,263,316,248,313,165,129,287,82,,144,,,160,147,204,132,263,264,211,282,42,57,114,66,135,117,261,115,107,123,112,225,226,247,38,52,146,124,219,110,298,112,281,194,184,246,216,259,124,199,30,96,,,247,155,,,160,104,113,246,164,208,251,175,301,267,65,70,159,149,147,176,149,171,172,179,233,231,159,44,,222,,,b'\x11\xe8\xe1I\xca{\xe1^\xaf\x82\x12\xdf\x17\xaeN\x1e'
11E8E149-CA7B-E15E-AF82-12DF17AE4E1E,2011-ncaa-d0-natl,ncaa,99,60,170,87,179,74,73,171,18,121,270,10,26,45,29,36,144,216,24,212,109,176,244,8,9,7,76,50,263,296,261,278,60,300,176,122,244,13,28,34,187,159,217,222,,,75,118,,,63,210,211,51,30,33,145,107,275,13,26,121,211,203,155,259,305,289,321,99,23,184,214,,84,,,56,187,237,94,330,281,173,320,96,51,294,75,100,64,326,74,74,75,84,323,320,293,34,87,92,10,60,54,261,20,176,160,74,176,121,172,59,95,176,244,,,174,94,,,63,134,11,246,51,211,271,104,297,206,105,51,114,81,86,79,83,15,72,24,184,151,73,196,,143,,,b'\x11\xe8\xe1I\xca{\xe1^\xaf\x82\x12\xdf\x17\xaeN\x1e'
11E8E149-CA7B-E15E-AF82-12DF17AE4E1E,2011-ncaa-d1-conf-Summit League,ncaa,3,2,3,3,4,3,2,4,2,4,8,2,2,2,2,1,5,5,3,5,3,6,6,1,1,1,2,2,9,7,4,8,6,8,7,4,8,1,1,2,3,3,5,4,,,4,4,,,3,5,8,4,2,2,6,4,8,2,2,6,6,7,5,9,7,8,8,6,1,3,5,,3,,,3,4,4,4,6,8,5,6,2,2,5,2,6,4,10,4,4,3,5,5,5,3,2,3,7,6,6,1,4,2,7,2,3,2,2,2,2,3,3,7,,,5,3,,,3,6,2,3,2,3,3,2,5,7,2,1,5,3,3,1,1,4,1,1,2,3,2,4,,6,,,b'\x11\xe8\xe1I\xca{\xe1^\xaf\x82\x12\xdf\x17\xaeN\x1e'
11E8E149-CA7B-E15E-AF82-12DF17AE4E1E,2011-ncaa-d1-natl,ncaa,90,57,132,80,142,54,59,143,16,113,262,8,24,42,26,40,111,171,24,161,82,149,213,8,7,6,69,56,235,293,254,259,79,288,183,111,240,17,28,34,173,155,179,200,,,86,108,,,54,173,187,62,26,27,146,103,275,11,27,99,173,162,149,246,302,279,314,90,25,178,183,,86,,,45,217,256,134,328,293,218,310,96,62,279,68,127,70,331,74,70,110,119,309,311,284,33,80,95,28,79,68,254,27,183,166,68,156,124,163,78,97,180,232,,,132,64,,,54,176,10,233,41,208,271,132,300,218,103,50,125,82,87,108,101,22,74,30,173,148,80,188,,115,,,b'\x11\xe8\xe1I\xca{\xe1^\xaf\x82\x12\xdf\x17\xaeN\x1e'
11E8E149-CA7B-E15E-AF82-12DF17AE4E1E,2012-ncaa-d0-natl,ncaa,279,278,240,283,259,216,279,286,236,332,336,176,52,36,166,14,118,188,22,189,13,281,307,158,99,103,6,18,45,325,321,331,218,334,325,321,335,42,133,283,287,257,298,266,,,289,342,,,297,286,241,155,180,281,271,332,334,32,21,71,147,147,258,290,319,332,338,324,81,276,297,,327,,,296,268,155,19,336,128,13,337,235,129,334,203,336,332,340,330,343,50,43,341,343,343,330,186,337,25,218,136,321,63,325,142,153,278,222,254,141,232,225,333,,,185,26,,,297,57,150,341,302,316,224,27,197,19,268,182,341,339,339,114,71,41,227,140,214,266,185,249,,108,,,b'\x11\xe8\xe1I\xca{\xe1^\xaf\x82\x12\xdf\x17\xaeN\x1e'
11E8E149-CA7B-E15E-AF82-12DF17AE4E1E,2012-ncaa-d1-conf-Summit League,ncaa,6,6,4,6,4,5,6,6,6,8,8,4,3,3,6,1,4,4,2,4,2,6,7,4,4,4,1,1,2,8,7,8,8,8,8,7,8,1,4,6,7,7,7,7,,,7,8,,,7,6,7,2,5,6,6,8,8,3,1,3,4,4,6,8,8,8,8,8,1,7,7,,6,,,7,6,4,1,7,5,2,7,3,1,8,1,8,7,8,7,8,2,3,8,8,8,6,2,8,4,8,5,7,5,8,3,2,6,4,5,4,7,4,6,,,4,2,,,7,3,5,8,7,7,5,1,6,2,3,1,8,8,8,3,3,5,6,6,2,5,6,4,,3,,,b'\x11\xe8\xe1I\xca{\xe1^\xaf\x82\x12\xdf\x17\xaeN\x1e'
11E8E149-CA7B-E15E-AF82-12DF17AE4E1E,2012-ncaa-d1-natl,ncaa,273,277,196,278,236,210,269,281,233,326,335,167,54,35,178,14,111,180,20,180,15,274,305,153,95,97,8,24,46,324,322,329,221,337,322,323,335,40,127,279,274,246,301,261,,,298,340,,,296,273,245,155,181,274,268,327,333,34,24,75,153,156,260,292,324,334,340,324,68,272,298,,324,,,296,284,175,23,337,135,15,335,263,145,336,212,338,334,340,333,342,61,44,341,343,343,330,198,336,33,221,148,322,77,322,162,152,273,224,252,140,223,225,330,,,159,22,,,296,65,145,342,300,314,221,26,186,18,275,186,341,339,338,109,70,42,216,135,218,270,176,250,,109,,,b'\x11\xe8\xe1I\xca{\xe1^\xaf\x82\x12\xdf\x17\xaeN\x1e'
11E8E149-CA7B-E15E-AF82-12DF17AE4E1E,2013-ncaa-d0-natl,ncaa,235,197,302,230,306,238,292,328,158,335,342,89,55,53,115,15,127,227,6,231,7,321,338,81,43,43,9,25,46,339,331,343,258,345,333,289,229,6,84,136,284,230,343,344,,,123,308,,,240,329,305,92,154,261,312,326,336,27,22,62,159,163,296,325,336,344,344,264,37,256,343,,233,,,247,165,154,4,345,166,12,345,142,61,326,180,220,189,270,192,318,9,6,345,345,344,182,143,230,18,258,49,331,18,333,191,232,297,192,289,22,112,23,211,,,260,35,,,240,13,85,340,250,284,270,29,271,46,212,128,277,268,270,58,36,51,156,94,275,254,63,47,,186,,,b'\x11\xe8\xe1I\xca{\xe1^\xaf\x82\x12\xdf\x17\xaeN\x1e'
11E8E149-CA7B-E15E-AF82-12DF17AE4E1E,2013-ncaa-d1-conf-Summit League,ncaa,4,4,3,4,3,3,5,7,3,8,9,2,1,1,5,1,1,3,1,3,1,4,5,2,2,2,1,2,1,8,9,9,8,9,9,7,8,2,2,6,5,5,9,9,,,7,8,,,6,4,5,2,2,8,8,9,9,1,1,1,2,2,8,8,8,9,9,8,2,6,9,,8,,,6,9,9,4,9,9,7,9,7,2,9,1,6,7,4,7,7,6,7,9,9,9,2,3,4,6,8,7,9,7,9,9,6,3,3,6,4,4,2,8,,,3,1,,,6,6,2,9,6,9,8,3,9,5,4,2,7,8,8,4,6,4,6,5,7,3,4,1,,3,,,b'\x11\xe8\xe1I\xca{\xe1^\xaf\x82\x12\xdf\x17\xaeN\x1e'
11E8E149-CA7B-E15E-AF82-12DF17AE4E1E,2013-ncaa-d1-natl,ncaa,201,196,210,206,231,192,256,305,156,332,340,97,39,40,101,15,98,201,4,210,10,294,324,78,43,40,9,24,55,334,322,343,226,342,325,264,218,14,84,125,270,223,342,338,,,165,302,,,234,311,308,99,151,258,301,328,336,26,23,66,177,186,294,322,332,344,344,256,38,255,342,,223,,,236,233,212,19,345,216,27,344,195,102,337,185,252,232,286,230,310,30,23,345,345,344,204,168,230,19,226,84,322,39,325,237,238,266,186,288,38,131,71,264,,,230,52,,,234,40,72,340,240,277,258,27,261,36,233,130,274,258,261,49,31,37,145,77,271,246,72,94,,206,,,b'\x11\xe8\xe1I\xca{\xe1^\xaf\x82\x12\xdf\x17\xaeN\x1e'
11E8E149-CA7B-E15E-AF82-12DF17AE4E1E,2014-ncaa-d0-natl,ncaa,197,150,297,192,303,143,231,317,40,320,347,20,28,47,32,13,64,160,4,170,3,306,329,11,4,5,4,16,62,345,324,340,320,345,334,240,214,11,67,84,218,182,147,108,,,201,308,,,177,313,182,85,32,131,263,299,344,9,21,19,83,93,235,290,341,335,347,191,43,164,113,,313,,,178,225,165,53,322,198,84,324,119,86,257,118,318,274,345,277,314,79,58,319,339,342,205,93,312,118,320,29,324,39,334,220,257,290,242,294,17,45,57,285,,,161,11,,,177,54,14,342,151,326,295,172,297,205,187,140,341,321,322,248,212,219,122,159,298,223,31,97,,43,,,b'\x11\xe8\xe1I\xca{\xe1^\xaf\x82\x12\xdf\x17\xaeN\x1e'
11E8E149-CA7B-E15E-AF82-12DF17AE4E1E,2014-ncaa-d1-conf-Summit League,ncaa,4,3,4,4,5,5,6,6,5,8,8,3,1,1,2,1,4,6,1,6,2,7,7,2,1,1,1,1,4,8,8,8,7,8,8,7,7,1,1,5,5,5,5,5,,,3,5,,,4,7,6,2,3,5,4,8,8,1,1,3,5,6,6,8,8,8,8,7,1,4,4,,4,,,4,4,4,4,7,5,5,8,3,3,4,2,6,6,6,6,5,5,3,7,7,5,2,2,5,5,7,4,8,5,8,6,6,4,5,5,1,1,3,7,,,6,1,,,4,2,1,6,3,4,4,3,7,5,3,3,7,7,7,5,6,7,6,6,6,5,1,3,,4,,,b'\x11\xe8\xe1I\xca{\xe1^\xaf\x82\x12\xdf\x17\xaeN\x1e'
11E8E149-CA7B-E15E-AF82-12DF17AE4E1E,2014-ncaa-d1-natl,ncaa,173,150,211,166,236,89,161,282,30,294,340,13,19,37,23,15,39,105,4,117,4,257,297,6,4,5,7,22,63,337,315,326,318,339,328,193,205,15,61,66,161,148,128,106,,,257,308,,,128,250,181,94,26,97,260,284,340,8,23,15,58,68,224,280,337,329,346,156,41,143,110,,311,,,125,272,215,100,313,242,126,313,131,108,210,117,328,301,344,301,311,145,126,307,328,329,200,81,311,172,318,60,315,89,328,241,231,227,222,265,18,37,68,260,,,90,9,,,128,113,7,330,115,315,276,163,283,196,158,139,337,315,316,238,213,223,105,150,276,205,24,86,,31,,,b'\x11\xe8\xe1I\xca{\xe1^\xaf\x82\x12\xdf\x17\xaeN\x1e'
11E8E149-CA7B-E15E-AF82-12DF17AE4E1E,2015-ncaa-d0-natl,ncaa,294,279,283,295,304,192,244,276,157,318,339,160,37,58,52,22,174,215,71,213,33,265,284,80,78,87,12,16,155,292,260,339,299,337,317,297,301,104,193,256,232,206,296,281,,,311,346,,,282,267,93,166,88,174,173,301,320,15,24,108,143,140,167,170,259,339,328,264,195,198,288,,343,,,280,268,147,36,338,173,49,338,150,99,289,145,344,331,348,331,346,78,75,339,347,346,300,96,342,76,299,103,260,74,317,167,186,221,189,231,144,211,245,339,,,216,117,,,282,81,117,340,279,337,286,98,284,113,226,170,347,345,345,237,238,162,223,204,249,161,218,296,,108,,,b'\x11\xe8\xe1I\xca{\xe1^\xaf\x82\x12\xdf\x17\xaeN\x1e'
11E8E149-CA7B-E15E-AF82-12DF17AE4E1E,2015-ncaa-d1-conf-Summit League,ncaa,9,9,5,9,5,7,7,6,5,7,8,8,1,1,2,1,6,6,9,6,3,7,7,3,5,4,1,1,6,6,6,9,9,9,9,8,7,6,6,7,1,1,9,8,,,9,9,,,7,7,4,1,5,6,5,8,9,1,1,6,6,6,5,5,6,9,9,7,6,1,8,,9,,,7,8,3,1,9,5,1,9,5,2,7,4,9,9,9,9,9,1,4,9,9,9,8,2,9,4,9,6,6,7,9,9,9,2,2,4,6,6,8,9,,,6,6,,,7,3,5,9,7,9,5,2,7,1,6,3,9,9,9,3,8,6,7,6,9,1,6,8,,6,,,b'\x11\xe8\xe1I\xca{\xe1^\xaf\x82\x12\xdf\x17\xaeN\x1e'
11E8E149-CA7B-E15E-AF82-12DF17AE4E1E,2015-ncaa-d1-natl,ncaa,277,279,209,279,248,132,173,233,116,297,324,130,26,50,31,29,137,176,58,175,39,220,227,54,49,69,15,18,172,265,250,327,286,324,300,261,293,141,187,235,217,212,285,276,,,330,346,,,252,200,95,174,65,139,163,280,318,14,31,107,145,142,166,169,256,332,321,245,192,204,283,,343,,,253,308,200,66,328,208,83,324,185,130,290,143,348,340,349,340,344,145,138,330,346,343,305,101,342,117,286,121,250,110,300,194,185,200,192,217,188,217,268,335,,,164,112,,,252,148,87,337,252,333,267,101,266,114,225,168,347,344,345,239,233,151,181,177,238,170,220,295,,107,,,b'\x11\xe8\xe1I\xca{\xe1^\xaf\x82\x12\xdf\x17\xaeN\x1e'
11E8E149-CA7B-E15E-AF82-12DF17AE4E1E,2016-ncaa-d0-natl,ncaa,316,307,287,318,305,239,272,240,287,291,257,301,148,145,163,123,152,167,148,166,82,234,260,267,249,197,57,110,62,215,216,337,227,319,295,304,293,35,88,223,131,81,327,319,,,305,347,,,281,280,110,160,159,228,112,252,175,106,98,80,76,75,90,126,154,335,302,279,103,79,323,,345,,,284,213,163,23,347,208,38,348,87,52,256,94,318,323,161,324,344,49,55,346,347,330,162,64,317,22,227,179,216,91,295,137,131,178,107,153,41,83,337,346,,,182,85,,,281,83,192,315,277,308,277,68,295,112,150,94,338,338,340,168,203,79,298,225,217,103,95,348,,71,,,b'\x11\xe8\xe1I\xca{\xe1^\xaf\x82\x12\xdf\x17\xaeN\x1e'
11E8E149-CA7B-E15E-AF82-12DF17AE4E1E,2016-ncaa-d1-conf-Summit League,ncaa,7,7,5,7,7,6,7,5,9,9,6,9,5,5,5,4,5,4,8,4,2,5,7,9,7,6,2,4,2,4,4,9,8,7,7,7,8,4,5,6,4,4,9,9,,,9,9,,,7,7,4,6,7,8,4,9,6,5,4,5,5,5,4,6,4,9,8,7,5,4,9,,9,,,7,8,6,1,8,6,2,9,4,4,6,5,9,9,4,9,9,2,5,8,9,7,6,3,9,5,8,6,4,4,7,6,6,4,4,5,5,5,9,9,,,4,3,,,7,4,6,6,7,7,6,2,6,3,5,6,9,9,9,5,6,5,7,5,5,3,6,9,,4,,,b'\x11\xe8\xe1I\xca{\xe1^\xaf\x82\x12\xdf\x17\xaeN\x1e'
11E8E149-CA7B-E15E-AF82-12DF17AE4E1E,2016-ncaa-d1-natl,ncaa,302,305,218,307,256,183,220,185,258,249,215,274,126,133,137,134,130,132,159,136,95,175,202,235,212,171,72,115,75,195,226,331,208,306,286,277,299,50,79,201,85,59,324,316,,,327,346,,,260,207,102,164,137,190,113,228,169,110,108,84,79,80,88,131,173,330,301,273,97,53,322,,342,,,260,262,217,39,346,247,75,343,122,65,274,96,319,325,145,327,339,92,121,340,347,319,170,79,307,46,208,236,226,143,286,168,139,122,97,142,60,82,341,346,,,143,83,,,260,155,173,296,252,298,265,68,287,113,161,92,332,331,333,154,203,76,287,210,214,75,91,345,,69,,,b'\x11\xe8\xe1I\xca{\xe1^\xaf\x82\x12\xdf\x17\xaeN\x1e'
11E8E149-CA7B-E15E-AF82-12DF17AE4E1E,2017-ncaa-d0-natl,ncaa,328,313,321,329,334,340,333,344,231,254,260,234,346,344,334,332,264,310,29,309,288,346,348,290,266,274,327,338,53,328,258,349,258,349,314,334,305,74,274,301,294,199,341,338,,,108,330,,,329,345,310,268,313,305,330,176,142,344,339,184,261,260,328,322,303,349,348,326,203,246,340,,246,,,334,119,162,5,348,213,34,347,65,7,349,17,106,86,256,93,198,5,3,348,348,348,48,75,133,3,258,7,258,6,314,129,131,293,159,256,42,186,302,324,,,298,79,,,329,5,293,345,336,292,316,23,327,141,144,12,200,183,193,34,19,17,67,32,257,235,121,335,,199,,,b'\x11\xe8\xe1I\xca{\xe1^\xaf\x82\x12\xdf\x17\xaeN\x1e'
11E8E149-CA7B-E15E-AF82-12DF17AE4E1E,2017-ncaa-d1-conf-Summit League,ncaa,9,8,9,9,9,9,9,9,8,6,4,7,9,9,9,8,8,8,8,8,9,9,9,8,8,8,9,9,6,8,7,9,8,9,9,7,7,2,4,6,4,3,9,9,,,5,9,,,9,9,8,5,9,9,7,2,2,9,8,7,7,7,7,7,5,9,9,7,4,3,9,,7,,,9,5,6,1,9,9,2,9,2,1,9,1,5,3,5,4,6,1,1,9,9,9,1,1,2,1,8,2,7,2,9,6,4,5,4,6,2,5,9,9,,,7,5,,,9,1,9,9,9,8,9,1,9,6,4,1,6,7,7,2,1,1,6,4,8,4,4,9,,5,,,b'\x11\xe8\xe1I\xca{\xe1^\xaf\x82\x12\xdf\x17\xaeN\x1e'
11E8E149-CA7B-E15E-AF82-12DF17AE4E1E,2017-ncaa-d1-natl,ncaa,331,322,310,332,326,324,314,336,216,228,207,231,344,342,320,332,233,294,34,289,283,337,341,284,257,259,320,336,62,316,248,349,268,349,310,332,305,108,258,294,276,201,340,338,,,190,336,,,330,340,300,270,310,296,321,173,141,339,338,189,256,251,322,317,294,349,348,328,190,249,339,,267,,,332,193,224,7,348,277,76,347,71,6,349,12,158,142,259,151,208,9,8,348,348,349,43,56,146,12,268,14,248,7,310,187,134,265,168,256,56,167,307,316,,,256,74,,,330,9,283,348,333,301,319,28,331,160,128,11,229,206,221,41,20,27,67,38,260,231,106,331,,189,,,b'\x11\xe8\xe1I\xca{\xe1^\xaf\x82\x12\xdf\x17\xaeN\x1e'
11E8E149-CA7B-E15E-AF82-12DF17AE4E1E,2018-ncaa-d0-natl,ncaa,332,295,343,332,344,347,348,348,319,349,347,318,227,228,208,50,326,342,57,341,136,348,349,283,267,288,32,53,108,325,204,349,261,348,256,347,325,57,300,337,348,335,307,278,,,21,288,,,342,349,321,173,331,337,326,345,334,130,106,259,295,298,331,323,254,343,340,346,253,341,269,,216,,,345,93,116,8,348,167,23,345,72,20,340,90,106,33,347,31,147,6,1,346,348,349,73,95,151,5,261,4,204,1,256,90,94,349,337,346,43,247,59,291,,,349,241,,,342,1,294,348,345,336,336,158,337,237,217,97,266,185,180,164,33,82,95,78,271,341,182,181,,308,,,b'\x11\xe8\xe1I\xca{\xe1^\xaf\x82\x12\xdf\x17\xaeN\x1e'
11E8E149-CA7B-E15E-AF82-12DF17AE4E1E,2018-ncaa-d1-conf-Summit League,ncaa,8,8,5,8,6,8,8,8,8,8,8,8,7,5,7,3,5,6,4,7,3,8,8,8,8,8,2,4,1,4,5,8,7,8,7,8,8,8,8,8,8,8,6,6,,,6,8,,,8,8,8,2,8,8,8,8,8,6,5,5,5,6,8,7,4,8,8,8,8,8,6,,7,,,8,7,7,2,8,8,7,8,2,1,8,1,7,7,8,7,6,3,1,8,8,8,1,1,7,5,7,4,5,4,7,7,6,8,7,8,6,6,6,8,,,8,7,,,8,1,8,8,8,7,7,4,8,8,2,1,7,7,7,4,3,5,5,4,7,8,6,7,,8,,,b'\x11\xe8\xe1I\xca{\xe1^\xaf\x82\x12\xdf\x17\xaeN\x1e'
11E8E149-CA7B-E15E-AF82-12DF17AE4E1E,2018-ncaa-d1-natl,ncaa,335,325,338,336,341,339,344,347,304,346,343,290,205,190,223,64,303,326,44,326,168,348,348,273,260,279,43,72,124,295,178,347,274,348,251,345,326,114,296,336,345,333,288,273,,,85,297,,,344,347,327,177,324,334,324,342,326,150,111,259,301,304,330,325,244,346,342,344,246,338,264,,225,,,344,237,239,22,348,255,60,344,159,48,345,118,205,94,349,89,186,18,3,348,348,349,117,132,186,12,274,8,178,4,251,177,104,348,336,347,89,250,84,275,,,341,237,,,344,4,282,349,346,338,336,133,332,198,243,109,289,205,202,148,25,82,66,62,275,341,183,168,,308,,,b'\x11\xe8\xe1I\xca{\xe1^\xaf\x82\x12\xdf\x17\xaeN\x1e'
11E8E149-CA7B-E15E-AF82-12DF17AE4E1E,2019-ncaa-d0-natl,ncaa,336,298,335,336,344,329,331,344,226,332,334,228,248,268,156,140,314,303,276,301,133,344,346,205,208,237,114,129,171,318,248,344,274,346,275,342,316,58,253,305,327,273,177,105,,,46,257,,,318,347,275,272,278,289,307,283,278,170,184,241,206,211,302,290,262,316,316,329,222,282,106,,204,,,325,98,108,20,329,110,24,320,143,65,317,198,132,93,302,102,237,16,3,331,334,349,183,193,179,49,274,12,248,10,275,146,194,347,331,340,106,280,95,241,,,330,199,,,318,3,250,349,334,318,301,179,290,178,279,201,264,237,245,211,87,194,138,161,284,331,252,191,,261,,,b'\x11\xe8\xe1I\xca{\xe1^\xaf\x82\x12\xdf\x17\xaeN\x1e'
11E8E149-CA7B-E15E-AF82-12DF17AE4E1E,2019-ncaa-d1-conf-Summit League,ncaa,8,8,5,8,6,7,7,7,8,6,5,6,8,7,8,8,8,8,9,8,8,7,7,7,8,8,8,8,8,6,4,9,8,6,8,8,9,8,8,9,7,7,2,3,,,4,5,,,8,7,8,5,8,7,8,6,5,8,7,9,7,7,8,8,5,9,7,9,8,7,2,,5,,,7,4,7,6,8,8,8,9,1,2,4,3,5,5,3,5,5,3,3,5,4,6,2,1,5,7,8,1,4,6,8,6,5,7,8,7,9,8,5,5,,,8,8,,,8,3,8,8,8,4,6,6,8,8,1,3,5,6,6,7,4,7,3,6,7,8,8,5,,8,,,b'\x11\xe8\xe1I\xca{\xe1^\xaf\x82\x12\xdf\x17\xaeN\x1e'
11E8E149-CA7B-E15E-AF82-12DF17AE4E1E,2019-ncaa-d1-natl,ncaa,308,297,314,312,333,280,276,326,154,284,300,148,197,221,144,141,274,266,264,265,151,329,331,140,157,198,156,142,210,298,234,330,300,333,268,323,325,146,253,294,278,249,84,53,,,121,251,,,297,327,256,272,244,235,296,246,269,159,179,243,215,218,293,275,265,313,314,313,226,253,57,,220,,,303,189,176,73,306,155,74,299,208,137,308,209,203,174,277,177,248,70,26,314,320,339,214,208,197,142,300,22,234,41,268,186,190,331,314,323,192,275,120,224,,,306,238,,,297,20,219,347,313,298,283,186,259,173,276,213,268,252,254,221,120,246,107,158,264,317,250,177,,276,,,b'\x11\xe8\xe1I\xca{\xe1^\xaf\x82\x12\xdf\x17\xaeN\x1e'
11E8E149-CA7B-E15E-AF82-12DF17AE4E1E,2020-ncaa-d0-natl,ncaa,333,325,312,334,335,339,344,328,338,349,330,338,149,136,216,48,328,336,80,336,274,335,337,305,302,304,40,33,239,281,244,351,351,351,347,348,337,167,278,337,252,205,180,173,,,90,213,,,340,330,248,351,328,338,262,346,306,111,79,311,327,330,302,279,239,350,350,346,243,211,146,,199,,,343,232,255,50,349,294,146,341,93,32,329,50,200,152,307,149,175,53,35,347,349,349,46,59,171,265,351,92,244,150,347,221,160,270,213,283,224,303,168,303,,,334,298,,,340,21,309,350,345,327,331,175,338,272,153,59,262,234,232,195,172,320,215,283,289,214,281,228,,314,,,b'\x11\xe8\xe1I\xca{\xe1^\xaf\x82\x12\xdf\x17\xaeN\x1e'
11E8E149-CA7B-E15E-AF82-12DF17AE4E1E,2020-ncaa-d1-conf-Summit League,ncaa,9,8,9,9,9,9,9,9,9,9,9,9,6,5,5,2,9,9,6,9,8,9,9,9,9,9,2,1,8,9,8,9,9,9,9,9,8,4,7,9,7,6,6,5,,,1,4,,,9,9,9,9,9,9,9,9,9,4,2,8,8,8,9,9,7,9,9,9,6,7,5,,4,,,9,5,6,1,9,8,5,9,2,1,9,1,4,3,5,3,4,1,1,9,9,9,1,2,1,7,9,3,8,6,9,8,9,8,6,9,4,8,4,8,,,9,8,,,9,1,9,9,9,7,9,4,9,7,4,1,5,5,5,4,4,8,6,7,9,7,7,4,,8,,,b'\x11\xe8\xe1I\xca{\xe1^\xaf\x82\x12\xdf\x17\xaeN\x1e'
11E8E149-CA7B-E15E-AF82-12DF17AE4E1E,2020-ncaa-d1-natl,ncaa,332,325,326,332,340,336,341,326,334,349,330,337,140,128,166,52,323,334,68,335,283,337,331,295,291,297,39,31,255,278,246,351,351,351,348,348,338,176,277,335,244,208,190,180,,,101,206,,,339,334,253,351,321,333,263,345,303,101,85,312,329,330,304,284,247,350,350,347,235,211,153,,197,,,340,252,275,62,347,300,166,341,95,32,332,50,198,159,303,150,165,61,37,346,349,346,45,60,160,273,351,91,246,175,348,230,156,267,216,280,226,298,165,288,,,337,301,,,339,15,302,349,343,328,331,176,341,270,155,59,257,230,226,190,167,321,205,273,286,214,271,219,,317,,,b'\x11\xe8\xe1I\xca{\xe1^\xaf\x82\x12\xdf\x17\xaeN\x1e'
11E8E149-CA7B-E15E-AF82-12DF17AE4E1E,2021-ncaa-d0-natl,ncaa,329,341,136,336,152,236,243,173,320,267,260,257,131,40,335,12,237,249,140,254,180,184,171,308,309,307,52,36,206,213,280,275,335,266,339,263,255,258,268,310,140,158,283,324,,,279,306,,,341,165,244,224,324,321,265,334,338,137,27,292,302,305,293,289,275,341,342,326,225,163,319,,286,,,335,275,278,175,341,304,225,335,152,94,292,44,242,254,138,254,235,188,197,336,335,330,44,44,165,261,335,239,280,250,339,303,257,132,138,274,223,227,202,300,,,170,159,,,341,187,316,333,335,292,306,106,326,219,116,51,240,253,254,129,137,265,236,266,310,149,193,178,,224,,,b'\x11\xe8\xe1I\xca{\xe1^\xaf\x82\x12\xdf\x17\xaeN\x1e'
11E8E149-CA7B-E15E-AF82-12DF17AE4E1E,2021-ncaa-d1-conf-Horizon,ncaa,10,12,3,12,4,8,8,4,11,8,6,11,4,1,12,1,7,8,3,8,10,4,4,11,11,11,2,1,8,4,10,8,12,8,12,8,9,11,9,11,5,10,10,10,,,9,9,,,12,4,5,8,12,11,9,11,12,6,1,11,11,11,12,9,9,12,12,12,9,10,10,,9,,,12,12,12,9,12,12,11,12,9,6,10,1,10,10,8,10,7,10,9,12,11,12,1,1,5,11,12,11,10,11,12,12,7,5,10,12,12,10,11,10,,,5,9,,,12,9,11,12,12,11,12,8,12,11,5,2,8,8,8,9,8,10,7,8,10,9,10,8,,10,,,b'\x11\xe8\xe1I\xca{\xe1^\xaf\x82\x12\xdf\x17\xaeN\x1e'
11E8E149-CA7B-E15E-AF82-12DF17AE4E1E,2021-ncaa-d1-natl,ncaa,331,341,152,337,173,246,256,197,322,279,272,267,140,47,334,12,251,263,140,267,180,208,195,311,311,310,49,36,205,225,285,283,335,275,339,276,257,242,274,311,152,165,289,324,,,270,307,,,341,186,249,225,326,325,270,335,338,139,28,293,305,308,295,292,281,341,342,329,227,173,318,,289,,,336,265,275,158,341,301,214,336,145,90,294,41,237,248,141,250,237,172,180,336,335,330,44,46,163,255,335,226,285,239,339,301,258,149,144,281,216,233,197,304,,,182,154,,,341,163,321,334,336,296,309,109,328,223,116,51,246,255,259,136,137,266,236,270,310,159,195,183,,224,,,b'\x11\xe8\xe1I\xca{\xe1^\xaf\x82\x12\xdf\x17\xaeN\x1e'
11E8E149-CA7B-E15E-AF82-12DF17AE4E1E,2022-ncaa-d0-natl,ncaa,317,303,295,319,317,306,316,305,280,347,351,239,81,80,137,9,348,356,2,356,330,327,326,185,205,240,17,8,336,329,304,333,255,339,311,274,133,122,284,238,331,309,283,270,,,69,222,,,291,320,233,343,292,297,262,350,345,39,30,343,355,355,310,305,315,321,344,229,237,312,270,,193,,,296,90,102,49,304,122,60,303,120,86,269,185,105,102,181,88,206,44,35,302,297,298,140,170,154,76,255,67,304,64,311,95,124,292,194,216,209,324,202,345,,,335,274,,,291,40,267,299,296,239,256,135,246,148,207,165,199,208,190,147,127,176,212,193,183,220,292,280,,313,,,b'\x11\xe8\xe1I\xca{\xe1^\xaf\x82\x12\xdf\x17\xaeN\x1e'
11E8E149-CA7B-E15E-AF82-12DF17AE4E1E,2022-ncaa-d1-conf-Horizon,ncaa,9,9,10,9,11,9,10,10,10,12,12,7,3,2,6,2,10,12,1,12,8,11,10,7,7,7,2,1,10,10,10,12,10,12,10,8,5,3,6,6,12,11,9,9,,,7,8,,,9,10,7,11,8,10,6,12,11,2,2,10,12,12,9,9,10,10,11,6,6,10,8,,10,,,9,8,7,2,12,7,3,12,4,2,10,5,8,8,8,8,9,2,2,12,12,12,5,3,9,6,10,4,10,5,10,6,4,8,7,8,8,10,8,12,,,10,6,,,9,3,8,12,9,9,10,5,11,7,6,4,9,10,9,8,8,8,8,9,8,7,9,8,,8,,,b'\x11\xe8\xe1I\xca{\xe1^\xaf\x82\x12\xdf\x17\xaeN\x1e'
11E8E149-CA7B-E15E-AF82-12DF17AE4E1E,2022-ncaa-d1-natl,ncaa,305,303,270,309,303,278,288,280,270,347,346,254,56,58,94,9,336,355,2,353,328,312,313,163,173,203,13,6,341,323,308,320,256,334,317,235,98,133,256,194,283,257,262,235,,,68,168,,,279,298,226,342,263,274,237,349,346,27,24,340,355,354,302,300,312,326,345,196,211,264,243,,147,,,281,128,141,66,298,140,73,297,165,124,270,204,125,121,209,108,206,58,56,301,290,279,171,186,145,91,256,116,308,94,317,127,133,230,145,179,224,308,208,340,,,331,305,,,279,60,245,278,280,229,226,119,216,119,216,178,185,181,167,125,126,163,229,193,177,167,277,262,,324,,,b'\x11\xe8\xe1I\xca{\xe1^\xaf\x82\x12\xdf\x17\xaeN\x1e'
11E8E149-CA7B-E15E-AF82-12DF17AE4E1E,2023-ncaa-d0-natl,ncaa,195,257,81,232,105,167,177,124,248,267,304,167,45,22,221,18,244,272,92,277,156,141,144,181,187,178,31,19,281,296,344,230,276,271,345,275,332,192,188,271,46,50,143,146,,,273,220,,,253,115,164,291,233,248,231,325,340,55,24,283,312,319,261,278,332,319,346,317,145,54,164,,229,,,247,288,283,214,286,287,211,297,200,194,192,164,261,248,196,251,241,225,267,282,285,201,141,149,200,250,276,336,344,323,345,284,223,51,54,130,178,178,283,342,,,231,272,,,253,261,234,212,228,224,221,106,234,120,156,142,215,210,213,115,205,210,302,288,239,56,149,269,,303,,,b'\x11\xe8\xe1I\xca{\xe1^\xaf\x82\x12\xdf\x17\xaeN\x1e'
11E8E149-CA7B-E15E-AF82-12DF17AE4E1E,2023-ncaa-d1-conf-Horizon,ncaa,5,6,1,6,2,5,5,4,7,7,8,7,2,2,5,3,5,5,2,5,6,5,4,7,7,7,2,3,7,10,10,8,10,10,10,8,11,8,6,9,1,1,4,5,,,10,8,,,7,2,5,5,8,9,8,9,9,4,5,6,7,7,9,9,10,9,10,10,4,1,6,,9,,,7,8,8,8,7,7,7,7,9,9,7,8,8,9,5,9,10,9,10,7,7,6,7,8,7,9,10,9,10,10,10,9,9,1,1,2,8,8,9,11,,,6,7,,,7,10,8,7,7,7,7,3,6,5,6,8,4,6,6,4,7,9,8,9,8,1,7,9,,9,,,b'\x11\xe8\xe1I\xca{\xe1^\xaf\x82\x12\xdf\x17\xaeN\x1e'
11E8E149-CA7B-E15E-AF82-12DF17AE4E1E,2023-ncaa-d1-natl,ncaa,202,257,56,234,92,162,178,130,252,280,307,164,43,17,222,15,233,255,98,262,144,145,141,179,186,172,29,19,270,297,339,232,287,282,346,286,334,181,165,271,44,52,142,153,,,280,220,,,255,106,170,291,230,247,231,327,342,50,20,283,307,311,255,281,326,324,347,323,124,62,169,,226,,,253,295,291,227,292,295,226,291,201,179,219,152,261,254,202,255,237,234,284,284,287,209,136,148,205,268,287,340,339,329,346,281,216,45,55,115,163,153,287,343,,,212,260,,,255,274,225,213,235,217,223,102,238,129,149,133,220,214,218,109,202,226,302,289,235,62,123,268,,297,,,b'\x11\xe8\xe1I\xca{\xe1^\xaf\x82\x12\xdf\x17\xaeN\x1e'
11E8E149-CA7B-E15E-AF82-12DF17AE4E1E,2024-ncaa-d0-natl,ncaa,76,111,29,97,43,61,84,53,147,171,181,165,14,16,50,34,109,129,95,129,117,60,73,98,98,76,18,17,249,197,292,110,84,134,240,144,289,140,64,132,63,91,189,208,,,285,188,,,92,52,127,244,95,120,107,273,286,19,24,183,218,219,126,196,274,222,265,213,62,98,225,,180,,,98,295,290,280,230,287,229,296,235,297,60,256,259,235,309,231,183,274,301,220,237,174,152,161,190,129,84,347,292,310,240,291,216,47,94,146,232,159,344,338,,,95,193,,,92,315,94,128,94,179,180,132,188,88,164,219,172,150,145,117,169,52,270,184,199,98,136,318,,194,,,b'\x11\xe8\xe1I\xca{\xe1^\xaf\x82\x12\xdf\x17\xaeN\x1e'
11E8E149-CA7B-E15E-AF82-12DF17AE4E1E,2024-ncaa-d1-conf-Horizon,ncaa,3,3,3,3,5,5,5,4,8,10,10,9,1,1,4,1,10,9,5,9,8,6,6,6,6,6,1,1,10,6,10,6,1,6,6,8,9,2,3,7,3,3,10,9,,,4,6,,,3,6,6,7,6,6,3,11,11,1,1,10,9,9,4,6,6,8,9,8,2,3,10,,3,,,3,2,5,3,6,6,3,8,2,7,1,8,3,3,6,3,4,2,4,6,6,3,4,6,4,1,1,11,10,8,6,3,6,3,2,1,4,3,11,11,,,8,9,,,3,6,6,3,3,3,4,4,5,3,2,6,3,3,3,2,3,1,10,5,3,2,4,11,,9,,,b'\x11\xe8\xe1I\xca{\xe1^\xaf\x82\x12\xdf\x17\xaeN\x1e'
11E8E149-CA7B-E15E-AF82-12DF17AE4E1E,2024-ncaa-d1-natl,ncaa,57,112,9,91,14,33,47,24,143,142,155,157,9,10,45,32,94,109,90,102,120,28,29,89,91,72,18,16,258,162,291,76,73,99,232,112,279,168,58,115,48,81,173,205,,,306,182,,,69,21,108,254,82,103,84,267,286,15,22,181,219,221,109,179,265,208,251,196,59,93,226,,185,,,75,313,305,308,214,313,268,282,246,318,39,258,292,261,307,259,207,316,338,194,207,146,162,151,210,154,73,353,291,341,232,300,206,28,81,126,259,156,344,323,,,68,194,,,69,343,85,106,75,158,157,127,183,80,150,224,183,157,156,117,190,49,282,193,182,88,148,299,,192,,,b'\x11\xe8\xe1I\xca{\xe1^\xaf\x82\x12\xdf\x17\xaeN\x1e'
11E8E149-CA7B-E15E-AF82-12DF17AE4E1E,2025-ncaa-d0-natl,genius_ncaa,39,53,29,53,35,38,43,44,59,98,132,89,9,18,9,48,113,174,44,173,194,52,74,29,30,18,44,20,302,219,304,56,105,101,220,82,245,50,26,50,51,83,209,251,,,172,46,,143,35,54,166,57,44,55,77,176,234,9,35,204,259,259,100,228,292,128,225,126,22,82,262,,68,,90,37,240,232,291,81,210,258,111,257,303,86,263,221,195,305,201,149,290,304,88,94,70,225,237,190,203,105,331,304,311,220,160,85,45,75,49,99,56,296,272,,,141,255,,8,35,319,36,51,29,92,94,157,86,111,170,235,142,110,116,129,195,111,254,193,66,80,50,246,,269,,19,b'\x11\xe8\xe1I\xca{\xe1^\xaf\x82\x12\xdf\x17\xaeN\x1e'
11E8E149-CA7B-E15E-AF82-12DF17AE4E1E,2025-ncaa-d1-conf-Horizon,genius_ncaa,2,2,1,2,1,1,1,1,3,2,3,3,1,1,2,2,9,9,3,9,9,1,1,3,3,3,1,1,11,8,11,2,5,3,7,3,8,2,1,2,1,2,5,7,,,3,2,,3,2,1,5,4,1,1,1,4,6,1,1,10,11,11,1,8,11,3,7,3,2,2,8,,2,,2,2,5,6,11,2,7,11,3,3,10,1,6,3,3,7,3,2,11,11,2,2,2,2,6,3,10,5,11,11,11,7,4,2,1,2,1,2,1,7,5,,,6,10,,1,2,11,3,2,2,2,3,5,4,8,2,5,3,3,3,3,9,6,10,9,1,2,2,5,,10,,1,b'\x11\xe8\xe1I\xca{\xe1^\xaf\x82\x12\xdf\x17\xaeN\x1e'
11E8E149-CA7B-E15E-AF82-12DF17AE4E1E,2025-ncaa-d1-natl,genius_ncaa,28,53,15,49,16,22,22,25,46,58,96,61,5,13,7,47,106,157,54,155,224,28,44,23,26,12,57,23,326,189,297,39,89,66,207,54,251,63,16,33,32,52,189,236,,,207,43,,147,16,28,155,63,33,37,60,138,228,8,31,218,265,265,87,223,282,123,220,102,16,62,246,,69,,82,22,271,249,323,62,223,289,79,277,318,101,257,234,213,292,218,145,315,335,73,81,48,239,250,188,224,89,348,297,327,207,182,88,26,56,37,101,38,305,257,,,122,280,,8,16,340,19,33,17,77,75,135,68,105,172,222,129,98,103,114,200,103,239,181,59,59,38,231,,284,,22,b'\x11\xe8\xe1I\xca{\xe1^\xaf\x82\x12\xdf\x17\xaeN\x1e'
11E8E149-CA7B-E15E-AF82-12DF17AE4E1E,2026-ncaa-d0-natl,genius_ncaa,55,152,9,119,20,66,71,76,103,93,133,79,56,33,139,79,71,47,275,47,54,66,59,90,98,109,118,108,188,289,359,56,173,126,319,123,284,291,156,190,59,137,183,266,,,326,150,,263,140,26,127,97,160,169,272,195,312,108,112,163,130,132,248,295,358,172,322,234,129,125,281,,157,,154,148,324,332,334,176,323,304,188,318,327,166,256,252,240,287,233,101,327,340,180,184,137,188,244,113,308,173,359,359,351,319,289,105,34,76,90,299,189,260,213,,,33,87,,3,140,340,171,127,153,153,176,176,153,129,213,240,112,93,80,134,202,170,292,258,121,80,148,138,,140,,18,b'\x11\xe8\xe1I\xca{\xe1^\xaf\x82\x12\xdf\x17\xaeN\x1e'
11E8E149-CA7B-E15E-AF82-12DF17AE4E1E,2026-ncaa-d1-conf-Horizon,genius_ncaa,1,1,1,1,1,1,2,1,5,2,2,3,2,1,7,2,1,1,4,1,2,1,2,4,4,1,5,8,4,4,11,2,8,3,10,2,3,9,1,2,1,5,1,3,,,10,4,,8,2,2,2,1,2,4,3,4,9,5,2,2,3,3,3,7,9,4,8,3,1,4,3,,4,,4,2,10,10,9,3,5,9,3,11,10,7,10,10,9,7,9,5,9,11,4,4,3,11,11,6,10,8,11,11,11,10,10,10,1,2,5,9,2,5,3,,,1,2,,2,2,10,3,2,2,4,3,6,1,1,11,10,4,4,4,6,10,8,9,10,8,1,2,3,,3,,2,b'\x11\xe8\xe1I\xca{\xe1^\xaf\x82\x12\xdf\x17\xaeN\x1e'
11E8E149-CA7B-E15E-AF82-12DF17AE4E1E,2026-ncaa-d1-natl,genius_ncaa,74,152,13,138,35,95,101,114,122,133,187,91,73,53,155,82,100,69,275,69,45,99,95,110,118,129,106,105,169,339,361,82,187,191,342,178,304,249,178,225,92,176,225,285,,,301,171,,246,187,47,139,100,203,202,306,241,325,123,123,173,135,138,281,308,360,208,348,269,136,163,290,,170,,160,190,309,322,321,217,304,278,222,308,313,196,254,222,193,294,187,106,307,317,220,222,184,188,240,113,275,187,348,361,340,342,269,106,54,103,118,265,208,241,237,,,51,74,,4,187,318,209,178,193,186,213,185,185,137,237,246,124,101,88,149,195,176,307,274,146,116,159,156,,139,,14,b'\x11\xe8\xe1I\xca{\xe1^\xaf\x82\x12\xdf\x17\xaeN\x1e'
11E8E149-CA80-307E-AF82-12DF17AE4E1E,2010-ncaa-d0-natl,ncaa,219,224,178,231,207,207,217,200,233,186,153,239,229,241,226,232,129,160,59,162,172,191,144,246,214,254,189,238,66,163,156,65,180,95,126,144,65,313,295,234,221,259,105,89,,,260,225,,,250,141,48,201,204,218,165,169,138,232,236,93,132,138,154,73,145,19,35,121,317,216,97,,288,,,248,216,151,263,41,63,132,47,311,325,137,314,260,216,310,210,231,261,236,70,101,148,331,313,249,279,180,152,156,222,126,205,239,188,246,217,314,302,135,129,,,146,166,,,250,213,249,172,240,258,177,324,77,156,324,337,278,231,228,321,309,304,206,263,228,170,318,148,,108,,,b'\x11\xe8\xe1I\xca\x800~\xaf\x82\x12\xdf\x17\xaeN\x1e'
11E8E149-CA80-307E-AF82-12DF17AE4E1E,2010-ncaa-d1-conf-NEC,ncaa,7,6,6,7,6,7,7,8,5,5,5,6,11,11,11,10,4,4,1,4,5,7,6,7,6,7,9,11,1,9,4,5,8,5,5,6,2,10,10,8,10,11,3,3,,,8,7,,,7,6,3,3,6,7,9,4,4,11,11,1,4,4,6,4,8,2,3,6,11,10,3,,8,,,7,6,6,7,2,3,6,2,9,10,6,10,8,7,9,7,7,7,7,3,3,5,9,10,6,9,8,1,4,4,5,4,6,9,10,8,11,11,4,3,,,3,3,,,7,6,8,8,7,9,6,11,4,8,9,10,8,8,8,11,10,9,3,8,6,10,11,4,,3,,,b'\x11\xe8\xe1I\xca\x800~\xaf\x82\x12\xdf\x17\xaeN\x1e'
11E8E149-CA80-307E-AF82-12DF17AE4E1E,2010-ncaa-d1-natl,ncaa,228,223,191,233,227,220,235,216,238,196,167,246,242,247,229,232,134,168,58,169,175,205,159,252,218,259,186,235,64,176,160,73,185,106,134,152,66,304,297,238,236,264,110,92,,,248,227,,,254,154,50,186,208,224,168,177,140,236,236,92,134,139,156,76,145,21,37,124,316,217,98,,289,,,253,208,136,255,43,54,116,51,309,323,140,314,249,203,310,200,232,250,221,73,106,153,331,312,249,277,185,140,160,207,134,199,242,207,250,223,311,304,130,134,,,161,165,,,254,200,255,179,248,265,184,325,81,159,326,336,282,235,229,323,307,307,210,268,236,179,318,151,,106,,,b'\x11\xe8\xe1I\xca\x800~\xaf\x82\x12\xdf\x17\xaeN\x1e'
11E8E149-CA80-307E-AF82-12DF17AE4E1E,2011-ncaa-d0-natl,ncaa,181,175,170,184,224,176,201,152,252,150,91,268,269,266,233,289,61,46,191,49,88,119,122,279,242,234,205,284,24,111,158,107,97,108,132,130,58,202,170,163,166,178,111,104,,,261,267,,,218,129,54,257,157,197,110,141,55,277,271,35,27,29,63,55,92,57,52,122,225,163,99,,284,,,217,220,142,173,136,109,160,103,217,184,276,179,301,298,217,301,292,209,194,164,191,203,298,214,294,134,97,257,158,214,132,295,332,183,204,265,159,141,206,143,,,56,43,,,218,208,222,188,216,247,166,211,142,193,251,204,303,297,301,253,258,155,291,253,300,163,175,219,,18,,,b'\x11\xe8\xe1I\xca\x800~\xaf\x82\x12\xdf\x17\xaeN\x1e'
11E8E149-CA80-307E-AF82-12DF17AE4E1E,2011-ncaa-d1-conf-NEC,ncaa,7,6,5,7,7,4,6,4,8,4,3,9,11,11,8,11,2,2,3,3,3,4,4,10,8,8,9,11,1,5,6,3,2,4,2,3,1,6,6,6,5,6,1,2,,,7,6,,,7,3,1,4,3,5,3,4,1,11,11,1,1,1,2,2,3,1,1,1,8,4,1,,8,,,7,6,3,8,2,3,6,2,8,8,6,7,8,8,6,8,7,8,7,3,3,5,11,9,8,3,2,7,6,6,2,8,11,9,8,9,8,7,6,5,,,2,2,,,7,8,7,5,7,8,4,10,3,7,9,10,9,9,9,10,10,6,10,9,10,7,8,9,,1,,,b'\x11\xe8\xe1I\xca\x800~\xaf\x82\x12\xdf\x17\xaeN\x1e'
11E8E149-CA80-307E-AF82-12DF17AE4E1E,2011-ncaa-d1-natl,ncaa,188,172,199,188,260,196,224,175,257,171,105,275,272,276,232,289,68,58,188,61,89,138,142,279,243,234,203,283,25,125,165,128,101,121,134,148,58,180,173,172,189,184,119,104,,,242,268,,,223,151,54,260,163,207,112,147,57,274,270,36,27,29,64,57,97,62,54,125,227,168,99,,285,,,223,201,126,145,139,97,137,107,207,169,276,178,294,291,216,292,294,182,164,169,196,211,297,212,294,116,101,239,165,199,134,290,332,205,212,273,144,144,200,151,,,67,41,,,223,183,224,202,223,252,173,210,144,198,251,204,303,301,304,257,259,158,296,253,304,172,179,223,,17,,,b'\x11\xe8\xe1I\xca\x800~\xaf\x82\x12\xdf\x17\xaeN\x1e'
11E8E149-CA80-307E-AF82-12DF17AE4E1E,2012-ncaa-d0-natl,ncaa,59,54,81,64,93,65,84,45,177,69,42,183,151,139,212,220,38,22,269,21,71,34,38,200,199,159,189,223,87,98,238,24,27,39,144,47,65,211,81,73,30,58,59,90,,,268,136,,,94,30,7,129,62,83,29,69,50,166,156,34,13,12,15,20,122,20,33,41,165,35,65,,234,,,93,242,235,274,145,286,303,127,91,107,99,47,278,269,212,275,166,281,305,108,124,74,80,53,250,122,27,335,238,317,144,312,312,27,62,140,213,107,47,18,,,12,28,,,94,316,159,38,97,196,200,228,254,294,75,77,240,233,238,247,307,82,333,293,279,28,170,36,,2,,,b'\x11\xe8\xe1I\xca\x800~\xaf\x82\x12\xdf\x17\xaeN\x1e'
11E8E149-CA80-307E-AF82-12DF17AE4E1E,2012-ncaa-d1-conf-NEC,ncaa,3,2,3,3,3,3,3,3,4,3,3,2,6,5,7,7,1,1,9,1,3,2,2,3,3,3,6,8,4,5,7,2,4,3,6,3,8,6,3,5,2,3,3,4,,,4,2,,,3,2,1,3,2,1,1,3,3,6,5,2,1,2,1,1,4,2,2,2,6,1,4,,4,,,2,7,8,9,3,8,10,4,6,7,5,3,4,3,10,3,3,9,10,2,2,2,4,4,4,8,4,11,7,9,6,11,11,2,3,5,5,4,3,1,,,1,1,,,3,10,5,2,3,6,8,10,8,10,4,6,5,4,4,9,11,4,10,11,10,1,4,2,,1,,,b'\x11\xe8\xe1I\xca\x800~\xaf\x82\x12\xdf\x17\xaeN\x1e'
11E8E149-CA80-307E-AF82-12DF17AE4E1E,2012-ncaa-d1-natl,ncaa,68,54,90,65,102,74,90,50,181,75,46,188,159,144,213,214,43,23,268,22,70,38,42,210,206,162,183,221,83,107,243,30,26,43,147,52,68,187,86,77,34,62,64,92,,,256,135,,,98,31,10,125,67,89,31,80,53,167,158,33,13,13,15,20,132,22,36,44,166,35,65,,237,,,98,229,226,260,150,272,297,136,83,91,108,49,272,259,216,267,167,272,299,112,134,80,78,54,250,106,26,334,243,312,147,303,312,29,65,147,195,111,40,17,,,14,24,,,98,315,164,46,101,201,204,228,257,294,78,76,250,236,240,248,308,83,333,296,282,29,170,37,,2,,,b'\x11\xe8\xe1I\xca\x800~\xaf\x82\x12\xdf\x17\xaeN\x1e'
11E8E149-CA80-307E-AF82-12DF17AE4E1E,2013-ncaa-d0-natl,ncaa,8,3,41,5,66,30,36,19,132,79,51,188,25,44,28,100,88,43,302,41,105,14,27,98,130,74,67,52,250,75,232,50,202,46,255,9,16,77,18,9,8,13,60,89,,,235,62,,,27,25,17,267,25,40,15,116,98,29,55,125,65,63,13,40,123,88,82,7,49,6,73,,152,,,26,174,192,280,49,239,301,65,77,163,20,86,180,248,14,240,134,283,329,32,25,6,62,63,192,311,202,339,232,340,255,211,222,5,5,17,115,48,55,17,,,26,104,,,27,329,70,10,24,68,88,181,152,253,40,95,130,180,174,181,331,268,328,325,146,3,75,33,,39,,,b'\x11\xe8\xe1I\xca\x800~\xaf\x82\x12\xdf\x17\xaeN\x1e'
11E8E149-CA80-307E-AF82-12DF17AE4E1E,2013-ncaa-d1-conf-NEC,ncaa,1,1,1,1,1,1,1,1,3,1,1,5,1,2,2,4,3,1,11,1,4,1,2,2,2,1,3,3,6,2,7,1,7,1,8,1,1,1,1,1,1,2,2,4,,,6,2,,,1,2,3,9,1,1,1,4,4,1,3,4,3,3,1,4,6,3,5,1,1,1,3,,5,,,1,5,5,11,2,9,11,2,1,7,1,5,4,5,1,5,3,11,11,1,1,1,1,3,4,10,7,11,7,11,8,5,6,1,2,1,3,1,2,1,,,1,3,,,1,11,1,1,1,1,2,5,3,7,1,3,3,3,3,4,10,9,11,10,3,1,2,1,,2,,,b'\x11\xe8\xe1I\xca\x800~\xaf\x82\x12\xdf\x17\xaeN\x1e'
11E8E149-CA80-307E-AF82-12DF17AE4E1E,2013-ncaa-d1-natl,ncaa,8,3,49,5,74,35,41,20,137,88,57,193,29,47,27,100,96,46,302,44,105,15,29,100,133,73,64,52,251,84,234,61,204,55,262,11,16,65,19,10,9,15,63,89,,,223,65,,,27,26,18,267,26,42,16,126,101,29,57,125,66,65,13,42,126,90,86,7,51,6,73,,152,,,26,158,173,268,51,230,295,69,65,150,19,83,175,238,15,234,133,272,326,33,26,6,63,63,195,305,204,338,234,338,262,205,222,5,6,20,106,49,48,17,,,31,103,,,27,326,76,10,24,73,92,182,158,257,41,95,131,184,177,183,330,270,329,326,148,3,75,35,,38,,,b'\x11\xe8\xe1I\xca\x800~\xaf\x82\x12\xdf\x17\xaeN\x1e'
11E8E149-CA80-307E-AF82-12DF17AE4E1E,2013-ncaa-d1-ncaatournament,ncaa,33,2,33,33,35,50,54,35,64,61,36,64,28,29,35,20,45,47,22,47,48,36,36,62,62,59,3,7,28,41,50,38,40,42,58,45,13,23,38,49,22,4,38,44,,,27,43,,,50,34,1,7,47,54,3,61,18,6,8,39,41,41,4,4,20,25,22,40,48,1,33,,56,,,53,16,18,26,35,24,27,47,2,15,2,14,20,20,24,20,35,27,31,26,24,12,5,5,35,24,40,34,50,32,58,16,35,28,4,9,27,44,9,19,,,39,33,,,50,31,61,6,45,45,49,51,55,56,2,18,38,41,43,54,63,45,64,64,46,1,54,16,,16,,,b'\x11\xe8\xe1I\xca\x800~\xaf\x82\x12\xdf\x17\xaeN\x1e'
11E8E149-CA80-307E-AF82-12DF17AE4E1E,2014-ncaa-d0-natl,ncaa,78,105,28,100,48,33,45,23,203,122,140,151,18,10,145,42,78,94,140,96,106,29,33,136,141,77,47,48,239,49,155,54,28,44,123,18,37,77,19,19,63,86,58,70,,,320,262,,,76,36,108,251,55,75,36,212,235,28,26,148,166,175,42,102,100,125,94,25,32,96,79,,246,,,81,312,279,259,232,260,249,206,257,218,286,156,303,306,182,302,255,279,296,237,252,207,242,190,239,83,28,341,155,302,123,317,297,60,94,180,126,47,41,26,,,39,121,,,76,315,61,133,76,192,165,87,161,120,194,134,233,228,224,112,159,26,291,183,259,106,71,17,,96,,,b'\x11\xe8\xe1I\xca\x800~\xaf\x82\x12\xdf\x17\xaeN\x1e'
11E8E149-CA80-307E-AF82-12DF17AE4E1E,2014-ncaa-d1-conf-MAAC,ncaa,3,4,1,4,3,1,1,1,9,2,3,5,2,1,7,2,3,3,9,2,2,1,1,6,6,4,3,2,7,1,4,2,3,1,1,2,4,3,1,3,3,4,1,4,,,10,9,,,2,1,1,10,2,1,1,3,5,2,1,5,3,2,1,1,2,3,1,2,3,3,1,,9,,,2,10,9,9,6,10,10,5,4,3,8,2,10,10,4,10,8,11,11,4,5,2,5,2,11,6,3,11,4,11,1,6,5,2,4,1,4,2,2,1,,,1,5,,,2,11,3,2,2,6,7,8,10,10,3,2,8,10,10,9,10,5,11,10,6,3,4,2,,1,,,b'\x11\xe8\xe1I\xca\x800~\xaf\x82\x12\xdf\x17\xaeN\x1e'
11E8E149-CA80-307E-AF82-12DF17AE4E1E,2014-ncaa-d1-natl,ncaa,85,105,33,101,53,36,50,24,205,139,155,156,21,12,147,42,90,101,142,102,109,31,42,144,147,80,47,48,238,56,162,61,29,51,127,19,40,64,19,20,73,89,65,71,,,314,264,,,82,44,110,254,56,81,36,215,237,28,26,155,169,177,44,107,103,133,99,26,33,103,81,,247,,,86,304,268,240,240,250,233,210,251,202,289,156,293,299,189,296,254,265,287,247,262,216,236,190,237,67,29,337,162,292,127,312,298,74,98,187,115,48,34,26,,,47,122,,,82,307,66,142,83,198,170,87,166,121,193,133,235,233,228,113,157,27,294,188,264,110,71,21,,97,,,b'\x11\xe8\xe1I\xca\x800~\xaf\x82\x12\xdf\x17\xaeN\x1e'
11E8E149-CA80-307E-AF82-12DF17AE4E1E,2015-ncaa-d0-natl,ncaa,7,7,13,8,22,10,14,11,104,73,96,107,5,4,34,25,9,11,107,11,20,12,14,49,41,15,13,19,143,31,140,19,184,16,158,5,2,109,15,5,51,107,8,18,,,338,217,,,14,14,27,259,9,24,18,181,238,6,7,22,19,23,12,29,60,62,36,4,29,77,16,,273,,,15,323,310,334,76,320,331,98,155,233,27,98,332,338,95,336,237,339,339,54,75,70,121,61,284,333,184,341,140,342,158,337,323,29,124,170,125,29,228,181,,,9,95,,,14,336,10,83,21,171,147,256,211,280,69,136,280,295,287,289,319,269,286,297,280,79,47,146,,25,,,b'\x11\xe8\xe1I\xca\x800~\xaf\x82\x12\xdf\x17\xaeN\x1e'
11E8E149-CA80-307E-AF82-12DF17AE4E1E,2015-ncaa-d1-conf-MAAC,ncaa,1,1,1,1,1,1,1,1,4,1,3,3,1,1,2,2,1,1,4,1,1,1,1,2,2,1,1,1,4,1,3,2,3,1,3,1,1,3,1,1,1,2,2,2,,,11,5,,,1,1,1,8,1,1,1,3,8,1,1,1,1,1,1,1,1,2,1,1,3,1,2,,10,,,1,9,9,9,3,11,10,3,2,3,1,2,8,11,1,11,6,10,11,2,2,1,2,2,9,7,3,11,3,9,3,8,7,1,2,1,3,1,9,7,,,1,4,,,1,11,1,1,1,5,6,8,9,10,2,2,8,11,11,8,11,7,10,9,6,1,2,6,,1,,,b'\x11\xe8\xe1I\xca\x800~\xaf\x82\x12\xdf\x17\xaeN\x1e'
11E8E149-CA80-307E-AF82-12DF17AE4E1E,2015-ncaa-d1-natl,ncaa,7,7,15,8,24,10,14,13,115,91,109,112,6,5,36,23,11,12,110,12,19,15,16,52,43,16,10,17,137,36,147,25,192,18,168,5,2,92,15,5,58,112,9,17,,,336,216,,,15,17,26,257,10,27,18,191,242,6,7,22,22,25,12,31,63,63,42,4,28,82,17,,276,,,17,318,296,330,80,314,330,105,140,219,29,93,328,333,98,332,237,337,337,54,77,79,116,60,285,327,192,339,147,340,168,332,323,40,126,182,114,32,215,186,,,9,92,,,15,333,11,92,21,179,157,255,228,284,71,134,284,294,287,291,318,275,290,303,283,89,50,150,,27,,,b'\x11\xe8\xe1I\xca\x800~\xaf\x82\x12\xdf\x17\xaeN\x1e'
11E8E149-CA80-307E-AF82-12DF17AE4E1E,2015-ncaa-d1-ncaatournament,ncaa,33,2,33,33,33,33,44,40,50,58,52,59,21,32,8,12,26,30,21,28,1,35,37,38,24,13,1,7,2,43,44,52,57,49,54,49,47,6,8,26,45,45,56,57,,,22,36,,,55,35,5,4,5,36,14,58,45,1,4,2,2,2,4,7,25,51,47,42,12,26,55,,48,,,57,32,32,31,60,26,17,61,42,35,56,61,20,18,33,18,42,32,31,62,62,63,48,55,21,24,57,24,44,28,54,39,50,49,49,61,4,11,2,9,,,30,4,,,55,31,14,63,57,64,63,62,58,31,64,61,47,44,44,64,61,50,54,60,64,37,11,3,,2,,,b'\x11\xe8\xe1I\xca\x800~\xaf\x82\x12\xdf\x17\xaeN\x1e'
11E8E149-CA80-307E-AF82-12DF17AE4E1E,2016-ncaa-d0-natl,ncaa,31,43,25,45,29,60,78,41,197,144,134,194,30,23,107,58,47,29,216,28,36,34,36,138,139,121,30,51,131,44,127,87,218,60,171,27,22,207,82,47,24,50,7,7,,,332,265,,,41,40,156,148,104,149,117,243,255,46,45,94,64,63,89,128,101,220,152,41,102,44,18,,267,,,45,194,143,245,48,151,248,54,137,192,60,138,312,307,212,307,266,260,318,43,65,24,234,123,314,297,218,321,127,327,171,242,299,10,22,45,245,138,177,149,,,7,37,,,41,313,104,29,45,54,34,62,50,94,69,101,246,238,236,74,202,191,213,204,145,21,156,104,,33,,,b'\x11\xe8\xe1I\xca\x800~\xaf\x82\x12\xdf\x17\xaeN\x1e'
11E8E149-CA80-307E-AF82-12DF17AE4E1E,2016-ncaa-d1-conf-MAAC,ncaa,1,1,1,1,2,1,2,3,3,3,5,3,2,2,3,4,3,3,4,3,3,1,1,2,2,2,2,2,5,4,4,4,7,3,4,1,3,4,2,2,2,2,1,1,,,9,9,,,2,1,3,7,1,3,3,6,9,2,3,4,5,5,2,5,5,7,5,2,3,2,1,,8,,,2,4,1,6,3,2,6,2,2,3,3,3,9,10,5,10,9,8,11,3,3,2,8,3,11,9,7,10,4,10,4,3,6,1,1,1,8,5,3,3,,,1,3,,,2,11,2,2,1,2,1,1,1,3,2,2,8,8,8,2,9,6,6,6,2,1,5,2,,2,,,b'\x11\xe8\xe1I\xca\x800~\xaf\x82\x12\xdf\x17\xaeN\x1e'
11E8E149-CA80-307E-AF82-12DF17AE4E1E,2016-ncaa-d1-natl,ncaa,38,43,30,46,40,73,96,51,207,172,167,203,34,29,110,57,57,39,215,38,35,44,48,149,147,127,29,52,123,55,139,113,226,72,184,32,22,180,85,52,30,53,8,7,,,325,271,,,51,52,156,147,108,164,122,250,257,46,45,93,64,63,91,133,106,235,158,44,101,48,18,,268,,,53,173,118,219,55,137,220,59,122,176,63,134,306,300,217,299,267,235,308,47,76,28,234,120,315,282,226,309,139,313,184,228,301,14,25,52,227,137,164,154,,,10,34,,,51,301,115,32,50,58,38,63,53,94,73,100,253,239,236,76,200,199,214,207,152,22,155,110,,34,,,b'\x11\xe8\xe1I\xca\x800~\xaf\x82\x12\xdf\x17\xaeN\x1e'
11E8E149-CA80-307E-AF82-12DF17AE4E1E,2017-ncaa-d0-natl,ncaa,9,17,11,17,15,32,40,19,197,63,50,159,34,20,183,88,29,35,94,35,107,19,16,166,145,124,81,110,132,33,146,41,78,26,140,13,9,273,73,43,2,12,17,24,,,345,318,,,28,16,96,268,93,126,66,177,195,81,59,89,116,120,71,100,104,166,126,23,108,18,37,,304,,,33,265,160,277,35,181,292,29,119,162,88,57,348,344,277,344,315,304,330,30,72,17,270,63,345,221,78,343,146,337,140,233,260,6,21,18,281,122,105,51,,,12,97,,,28,335,109,11,33,48,8,28,30,88,38,33,320,298,300,51,178,58,238,171,84,24,152,35,,75,,,b'\x11\xe8\xe1I\xca\x800~\xaf\x82\x12\xdf\x17\xaeN\x1e'
11E8E149-CA80-307E-AF82-12DF17AE4E1E,2017-ncaa-d1-conf-MAAC,ncaa,1,1,1,1,2,1,1,1,7,2,1,6,3,3,8,5,2,2,4,3,5,1,1,8,6,2,4,7,4,1,1,2,2,1,2,1,3,5,1,1,1,1,1,1,,,11,10,,,1,1,2,7,1,1,1,3,2,3,3,2,3,3,1,2,1,2,2,1,3,1,1,,10,,,1,3,1,5,1,3,9,1,1,1,4,1,11,11,7,11,11,7,10,1,1,1,4,1,11,3,2,10,1,10,2,2,7,1,1,1,7,2,1,1,,,2,6,,,1,11,1,1,1,1,1,1,2,8,1,1,10,10,11,2,8,2,10,6,2,1,5,1,,3,,,b'\x11\xe8\xe1I\xca\x800~\xaf\x82\x12\xdf\x17\xaeN\x1e'
11E8E149-CA80-307E-AF82-12DF17AE4E1E,2017-ncaa-d1-natl,ncaa,9,17,11,17,15,35,46,19,205,78,59,171,41,22,186,85,36,39,94,39,104,20,16,176,154,131,79,107,128,38,161,47,83,32,151,16,10,252,76,46,3,15,21,26,,,345,319,,,34,16,101,270,105,135,69,190,202,83,59,92,123,128,79,108,110,179,133,24,109,21,38,,308,,,41,244,131,257,39,163,282,32,100,134,96,56,346,344,283,344,320,298,330,34,75,23,271,62,345,201,83,342,161,333,151,216,262,8,21,21,268,127,93,54,,,16,99,,,34,334,116,16,45,51,10,29,38,90,37,33,321,301,304,52,175,60,241,177,87,28,154,36,,74,,,b'\x11\xe8\xe1I\xca\x800~\xaf\x82\x12\xdf\x17\xaeN\x1e'
11E8E149-CA80-307E-AF82-12DF17AE4E1E,2017-ncaa-d1-ncaatournament,ncaa,9,2,9,9,9,15,15,16,9,16,15,17,8,12,6,30,17,15,45,15,19,15,15,6,10,12,21,22,43,37,59,18,31,19,51,10,7,53,44,14,12,25,17,31,,,54,45,,,57,14,25,6,21,20,55,29,45,14,32,32,30,26,53,54,63,44,56,7,34,24,25,,42,,,41,57,57,51,48,57,55,36,51,42,55,10,58,58,44,57,38,52,51,46,49,50,28,25,47,50,31,53,59,52,51,58,35,11,36,38,57,43,43,27,,,14,27,,,57,52,23,45,39,51,48,30,47,50,32,14,49,46,46,37,33,27,31,25,37,33,39,20,,36,,,b'\x11\xe8\xe1I\xca\x800~\xaf\x82\x12\xdf\x17\xaeN\x1e'
11E8E149-CA80-307E-AF82-12DF17AE4E1E,2018-ncaa-d0-natl,ncaa,13,12,25,13,30,38,39,21,134,96,100,129,19,9,85,40,145,164,123,165,237,25,40,90,99,57,53,41,307,86,229,64,45,63,162,19,23,34,15,10,13,14,45,59,,,263,163,,,20,33,144,161,54,55,39,166,205,24,22,235,253,258,58,141,173,148,153,17,15,22,56,,145,,,21,180,201,252,99,248,285,89,85,104,98,66,180,173,241,165,81,245,297,71,77,38,66,65,190,118,45,341,229,307,162,228,220,24,32,59,46,22,110,73,,,97,234,,,20,309,55,26,24,50,59,65,113,165,44,43,102,85,75,50,109,34,269,189,120,53,24,57,,211,,,b'\x11\xe8\xe1I\xca\x800~\xaf\x82\x12\xdf\x17\xaeN\x1e'
11E8E149-CA80-307E-AF82-12DF17AE4E1E,2018-ncaa-d1-conf-MAAC,ncaa,1,1,1,1,1,1,1,1,2,1,2,2,1,1,1,1,5,5,6,6,7,1,1,1,2,1,1,1,11,1,4,3,1,1,3,1,3,1,1,1,1,1,1,2,,,9,4,,,1,1,2,7,1,1,1,2,2,1,1,5,6,6,1,1,1,3,2,1,1,1,2,,6,,,1,2,4,8,3,6,9,3,3,2,5,2,5,4,5,4,3,7,10,2,2,1,2,3,5,3,1,11,4,9,3,5,5,1,1,1,1,1,1,1,,,4,8,,,1,11,1,1,1,1,2,4,3,8,1,1,3,4,4,3,5,1,8,5,3,1,1,1,,6,,,b'\x11\xe8\xe1I\xca\x800~\xaf\x82\x12\xdf\x17\xaeN\x1e'
11E8E149-CA80-307E-AF82-12DF17AE4E1E,2018-ncaa-d1-natl,ncaa,15,12,31,13,40,46,46,24,144,116,126,135,20,15,85,40,164,189,122,192,239,31,53,97,106,59,51,37,304,109,240,80,47,75,179,23,24,23,14,11,18,16,45,65,,,241,166,,,27,46,153,162,60,59,42,184,215,26,23,236,256,257,61,147,181,156,170,18,14,28,61,,147,,,27,150,172,227,107,236,278,105,70,78,95,64,164,155,244,138,82,220,281,80,81,44,67,65,189,94,47,337,240,290,179,217,222,35,35,65,37,21,101,78,,,134,227,,,27,298,57,35,32,55,67,65,125,172,42,45,105,87,78,51,106,39,273,190,127,54,26,62,,212,,,b'\x11\xe8\xe1I\xca\x800~\xaf\x82\x12\xdf\x17\xaeN\x1e'
11E8E149-CA80-307E-AF82-12DF17AE4E1E,2018-ncaa-d1-ncaatournament,ncaa,17,2,17,17,18,30,30,27,46,27,29,17,22,13,47,7,20,27,12,27,12,29,29,42,40,35,17,26,24,25,38,32,45,31,45,29,27,38,21,28,18,15,22,39,,,44,45,,,34,30,51,7,38,41,39,44,53,24,8,21,32,32,40,45,39,58,56,38,16,17,40,,38,,,29,41,41,33,51,43,41,41,21,19,47,6,44,47,17,46,43,33,35,44,38,32,17,14,41,38,45,42,38,40,45,41,30,19,14,23,30,19,48,56,,,20,7,,,34,34,37,31,31,24,30,3,42,33,10,5,37,41,40,4,8,24,39,33,29,17,16,49,,11,,,b'\x11\xe8\xe1I\xca\x800~\xaf\x82\x12\xdf\x17\xaeN\x1e'
11E8E149-CA80-307E-AF82-12DF17AE4E1E,2019-ncaa-d0-natl,ncaa,18,18,47,20,64,99,99,50,249,113,103,181,108,52,294,110,114,84,249,81,137,51,75,232,241,151,155,152,175,21,65,187,121,85,135,85,91,31,16,40,6,4,94,56,,,196,191,,,20,112,303,148,143,152,72,167,175,136,74,165,133,130,68,175,33,301,159,108,17,6,127,,105,,,17,15,10,60,18,11,63,17,97,128,93,224,142,91,331,85,169,54,200,20,46,3,294,240,274,83,121,307,65,246,135,36,171,5,3,1,32,20,27,23,,,63,101,,,20,229,107,2,19,2,3,2,6,7,54,60,88,53,49,1,28,38,212,124,17,11,25,15,,115,,,b'\x11\xe8\xe1I\xca\x800~\xaf\x82\x12\xdf\x17\xaeN\x1e'
11E8E149-CA80-307E-AF82-12DF17AE4E1E,2019-ncaa-d1-conf-MAAC,ncaa,1,1,1,1,2,1,1,1,2,1,1,2,2,2,5,4,1,1,7,1,2,1,1,3,3,2,7,6,6,1,1,6,1,2,2,2,4,1,1,1,1,1,2,2,,,6,4,,,1,1,5,11,1,1,1,1,3,2,2,1,2,2,1,3,1,7,4,2,1,1,2,,2,,,1,1,1,1,1,1,2,1,3,3,2,7,5,3,10,3,5,1,8,1,1,1,8,5,8,1,1,10,1,7,2,1,4,1,1,1,1,1,2,1,,,1,3,,,1,10,1,1,1,1,1,1,1,1,2,3,2,2,1,1,2,1,7,3,1,1,1,1,,2,,,b'\x11\xe8\xe1I\xca\x800~\xaf\x82\x12\xdf\x17\xaeN\x1e'
11E8E149-CA80-307E-AF82-12DF17AE4E1E,2019-ncaa-d1-natl,ncaa,26,18,62,23,82,124,120,68,260,143,127,192,122,73,299,110,135,111,243,108,137,65,107,245,249,163,149,150,167,29,73,226,131,114,154,95,94,18,15,41,7,4,108,55,,,166,192,,,22,165,303,148,159,170,84,178,175,136,78,168,138,135,79,186,39,308,175,117,16,10,128,,109,,,23,9,5,25,20,9,33,22,81,99,106,221,115,75,332,72,172,14,134,24,48,3,293,237,271,60,131,287,73,205,154,20,173,8,3,2,27,22,24,26,,,77,99,,,22,169,115,2,24,2,3,2,6,8,58,58,91,54,51,1,27,40,221,134,18,14,26,18,,114,,,b'\x11\xe8\xe1I\xca\x800~\xaf\x82\x12\xdf\x17\xaeN\x1e'
11E8E149-CA80-307E-AF82-12DF17AE4E1E,2019-ncaa-d1-ncaatournament,ncaa,33,2,33,33,36,43,45,43,45,41,37,48,58,58,54,53,30,30,35,29,16,41,48,49,47,39,41,53,6,41,38,45,53,43,48,49,49,2,4,11,38,17,37,30,,,21,54,,,38,51,34,7,40,42,19,28,12,53,47,9,5,4,15,33,28,41,37,46,3,13,28,,50,,,42,14,4,14,19,2,14,9,19,18,46,27,33,29,52,28,58,18,17,24,34,38,60,44,60,26,53,20,38,25,48,8,38,46,25,23,2,3,6,8,,,38,13,,,38,11,39,45,47,42,15,21,8,26,44,30,58,57,55,34,37,51,52,57,24,23,2,7,,14,,,b'\x11\xe8\xe1I\xca\x800~\xaf\x82\x12\xdf\x17\xaeN\x1e'
11E8E149-CA80-307E-AF82-12DF17AE4E1E,2020-ncaa-d0-natl,ncaa,163,150,191,161,243,159,193,148,246,186,145,246,185,164,234,195,47,31,222,31,51,109,150,251,232,183,128,194,38,39,66,180,65,93,71,178,170,99,73,137,167,153,199,208,,,135,171,,,190,206,123,273,134,188,95,173,121,177,159,36,25,25,53,80,28,148,47,171,118,162,200,,167,,,190,210,254,175,301,240,198,251,241,131,337,158,55,82,49,85,80,141,131,303,269,268,129,239,30,47,65,167,66,105,71,169,95,202,188,187,101,79,168,156,,,78,90,,,190,166,135,241,176,243,282,202,252,215,260,153,68,95,95,170,160,53,192,130,188,191,107,186,,58,,,b'\x11\xe8\xe1I\xca\x800~\xaf\x82\x12\xdf\x17\xaeN\x1e'
11E8E149-CA80-307E-AF82-12DF17AE4E1E,2020-ncaa-d1-conf-MAAC,ncaa,4,3,10,4,11,5,9,5,9,5,3,7,9,9,9,10,1,1,6,1,1,2,6,10,9,5,7,10,1,1,1,5,2,3,1,6,5,3,1,5,7,6,5,5,,,4,8,,,5,9,3,9,3,5,2,4,2,9,8,1,1,1,1,2,1,4,1,5,3,5,4,,7,,,5,7,8,4,9,8,5,8,6,3,11,5,3,4,2,3,6,4,3,9,8,9,4,8,3,1,2,4,1,2,1,4,3,8,9,4,2,2,6,5,,,2,1,,,5,4,3,8,5,8,8,8,8,9,9,5,5,6,6,6,6,2,6,4,6,7,2,7,,1,,,b'\x11\xe8\xe1I\xca\x800~\xaf\x82\x12\xdf\x17\xaeN\x1e'
11E8E149-CA80-307E-AF82-12DF17AE4E1E,2020-ncaa-d1-natl,ncaa,177,150,257,165,302,200,229,183,258,213,177,254,200,176,237,193,58,39,223,40,51,146,195,260,242,191,126,194,33,52,67,209,69,118,75,211,174,73,81,141,197,165,208,213,,,116,175,,,205,263,127,273,148,195,105,186,126,180,162,35,22,24,58,85,32,154,51,181,118,175,202,,171,,,206,189,238,136,309,220,174,255,231,113,338,154,51,73,52,74,78,104,78,310,281,284,126,239,29,38,69,147,67,78,75,154,98,225,198,202,82,82,157,161,,,104,87,,,205,105,146,259,191,254,288,209,261,220,263,152,68,98,98,174,160,55,200,138,196,201,112,187,,62,,,b'\x11\xe8\xe1I\xca\x800~\xaf\x82\x12\xdf\x17\xaeN\x1e'
11E8E149-CA80-307E-AF82-12DF17AE4E1E,2021-ncaa-d0-natl,ncaa,110,83,191,96,192,198,190,168,260,173,127,258,227,207,273,246,166,178,157,175,218,168,183,264,264,224,242,259,110,44,16,191,240,131,62,148,82,97,72,103,143,99,63,53,,,73,29,,,84,226,285,23,184,177,81,126,63,243,223,139,141,139,83,117,15,153,35,123,91,111,46,,33,,,81,88,103,135,45,98,162,32,132,125,188,155,46,57,32,59,32,120,135,46,26,23,146,237,41,207,240,113,16,135,62,172,304,137,89,133,68,48,330,322,,,154,91,,,84,125,152,36,74,37,68,160,71,194,148,125,14,30,34,99,145,267,104,167,199,92,57,334,,75,,,b'\x11\xe8\xe1I\xca\x800~\xaf\x82\x12\xdf\x17\xaeN\x1e'
11E8E149-CA80-307E-AF82-12DF17AE4E1E,2021-ncaa-d1-conf-MAAC,ncaa,3,5,4,4,4,4,4,4,5,3,3,5,5,4,9,9,2,3,4,3,3,4,4,6,5,3,10,10,2,2,1,4,5,4,1,4,6,7,3,3,4,5,2,5,,,8,2,,,2,4,5,1,1,1,2,2,2,8,8,2,1,2,2,3,1,4,1,2,5,4,4,,3,,,2,9,9,8,6,9,9,4,10,7,9,7,7,8,3,8,1,8,8,7,5,4,8,8,2,9,5,8,1,8,1,9,6,4,6,6,5,2,10,10,,,4,1,,,2,8,2,4,2,6,7,7,6,7,8,7,2,3,3,6,8,7,3,5,7,5,5,10,,1,,,b'\x11\xe8\xe1I\xca\x800~\xaf\x82\x12\xdf\x17\xaeN\x1e'
11E8E149-CA80-307E-AF82-12DF17AE4E1E,2021-ncaa-d1-natl,ncaa,119,82,206,102,207,212,211,190,265,186,141,268,235,214,274,245,175,190,160,185,222,191,206,272,271,228,241,257,104,52,19,214,248,143,67,169,84,88,74,103,155,104,66,56,,,65,29,,,90,237,288,21,196,182,84,131,66,247,221,140,146,142,87,118,17,164,36,128,89,113,45,,33,,,86,82,93,120,48,93,146,34,122,113,194,150,43,52,33,54,32,107,119,51,26,23,141,234,40,198,248,106,19,119,67,152,304,154,95,134,61,48,328,325,,,168,90,,,90,114,156,37,78,37,73,162,76,199,149,123,14,30,34,100,142,267,107,170,204,98,58,334,,82,,,b'\x11\xe8\xe1I\xca\x800~\xaf\x82\x12\xdf\x17\xaeN\x1e'
11E8E149-CA80-307E-AF82-12DF17AE4E1E,2022-ncaa-d0-natl,ncaa,67,106,27,91,28,56,49,38,107,42,45,119,91,98,126,198,100,113,117,105,242,42,39,119,126,129,224,192,229,47,78,42,162,37,87,76,197,298,148,141,66,129,75,125,,,287,124,,,59,40,134,68,104,81,87,85,110,150,162,180,203,199,107,105,100,102,74,135,181,124,105,,162,,,61,257,250,315,50,253,325,28,196,215,164,89,254,269,126,270,129,320,323,45,45,40,155,149,210,308,162,264,78,297,87,120,33,47,126,39,306,189,253,132,,,48,170,,,59,318,110,52,58,87,92,200,120,262,104,95,149,159,159,197,232,209,93,143,29,118,208,162,,132,,,b'\x11\xe8\xe1I\xca\x800~\xaf\x82\x12\xdf\x17\xaeN\x1e'
11E8E149-CA80-307E-AF82-12DF17AE4E1E,2022-ncaa-d1-conf-MAAC,ncaa,3,2,3,3,4,4,4,3,3,3,3,3,6,5,6,8,4,5,2,5,7,3,4,4,2,2,9,7,6,4,5,2,3,3,3,2,6,3,2,2,4,5,2,3,,,7,7,,,2,3,5,4,3,2,3,3,3,6,6,4,5,5,3,4,4,2,3,2,3,5,2,,8,,,2,4,5,8,2,6,9,1,5,3,9,3,6,7,3,7,8,7,8,2,1,1,5,6,9,6,3,6,5,6,3,1,2,6,6,1,2,3,4,4,,,4,4,,,2,9,2,1,2,2,3,7,6,9,5,3,6,7,7,5,6,6,5,6,1,5,2,4,,4,,,b'\x11\xe8\xe1I\xca\x800~\xaf\x82\x12\xdf\x17\xaeN\x1e'
11E8E149-CA80-307E-AF82-12DF17AE4E1E,2022-ncaa-d1-natl,ncaa,74,106,32,96,34,64,58,50,117,55,56,135,107,115,129,196,118,133,116,126,240,52,47,128,132,141,220,193,224,61,85,51,169,42,93,91,203,277,154,156,83,145,82,131,,,273,125,,,71,50,146,69,110,90,98,95,113,156,170,185,206,204,119,111,104,110,83,147,176,140,112,,164,,,78,232,222,307,58,231,320,31,183,185,179,87,237,252,134,251,128,313,318,51,49,53,154,152,208,294,169,243,85,277,93,105,34,66,144,43,295,198,246,144,,,64,164,,,71,312,123,65,78,99,101,202,137,267,108,97,153,168,171,203,229,209,98,145,31,129,216,170,,136,,,b'\x11\xe8\xe1I\xca\x800~\xaf\x82\x12\xdf\x17\xaeN\x1e'
11E8E149-CA80-307E-AF82-12DF17AE4E1E,2023-ncaa-d0-natl,ncaa,73,39,164,51,198,217,215,278,151,184,224,144,253,256,225,231,178,152,236,148,103,256,222,169,167,209,235,247,114,204,94,133,135,151,53,144,46,263,296,192,145,119,49,24,,,153,189,,,68,231,233,175,239,238,312,183,220,255,270,163,145,138,285,236,203,86,131,123,280,129,31,,166,,,63,10,13,141,4,10,115,5,118,210,38,268,37,67,20,54,90,118,139,5,2,5,278,293,159,152,135,16,94,32,53,17,131,154,110,30,196,232,93,116,,,102,35,,,68,140,220,4,60,8,8,152,5,105,120,223,34,74,61,103,135,174,13,26,24,137,209,101,,77,,,b'\x11\xe8\xe1I\xca\x800~\xaf\x82\x12\xdf\x17\xaeN\x1e'
11E8E149-CA80-307E-AF82-12DF17AE4E1E,2023-ncaa-d1-conf-MAAC,ncaa,3,2,7,3,10,6,6,10,4,5,6,4,9,8,6,8,4,4,7,3,1,8,8,4,4,4,7,8,3,5,4,2,1,3,1,4,3,3,5,4,7,5,2,1,,,5,7,,,2,10,7,8,4,4,8,4,6,8,8,4,3,2,7,6,5,1,2,4,4,5,1,,6,,,2,1,1,4,1,1,5,1,2,4,3,7,1,2,1,3,3,3,1,1,1,1,7,7,5,3,1,1,4,1,1,1,2,9,6,2,2,3,3,5,,,3,1,,,2,1,3,1,2,1,1,6,1,8,3,6,2,3,3,5,2,4,1,1,1,8,2,3,,2,,,b'\x11\xe8\xe1I\xca\x800~\xaf\x82\x12\xdf\x17\xaeN\x1e'
11E8E149-CA80-307E-AF82-12DF17AE4E1E,2023-ncaa-d1-natl,ncaa,81,39,219,53,259,258,260,321,156,218,254,158,266,279,232,231,199,172,235,168,100,304,286,178,173,221,236,246,108,242,103,166,143,190,55,171,47,240,304,206,182,136,55,25,,,124,196,,,80,291,236,174,250,250,318,192,226,260,273,165,143,138,295,250,213,91,144,138,283,147,32,,169,,,72,4,5,102,4,4,80,5,99,185,38,265,27,48,21,44,94,68,82,5,3,5,279,289,159,122,143,3,103,11,55,14,132,186,121,36,180,237,77,128,,,130,31,,,80,79,234,4,68,9,8,155,5,107,125,225,38,78,70,106,137,185,12,26,26,145,215,105,,72,,,b'\x11\xe8\xe1I\xca\x800~\xaf\x82\x12\xdf\x17\xaeN\x1e'
11E8E149-CA80-307E-AF82-12DF17AE4E1E,2024-ncaa-d0-natl,ncaa,206,228,143,223,146,232,218,236,192,202,237,144,239,195,297,160,226,239,164,238,186,237,226,210,206,227,228,219,175,316,316,171,204,243,263,175,96,237,265,216,292,311,274,280,,,260,293,,,257,188,269,15,272,258,301,223,259,248,201,247,252,256,297,289,326,193,299,179,225,311,287,,255,,,253,186,174,212,124,142,163,163,224,254,121,262,175,172,168,169,180,208,175,142,148,188,243,239,173,199,204,181,316,190,263,271,308,254,268,302,285,307,20,31,,,167,104,,,257,174,275,205,250,177,168,214,137,138,224,260,165,174,173,212,153,194,183,183,274,273,277,14,,173,,,b'\x11\xe8\xe1I\xca\x800~\xaf\x82\x12\xdf\x17\xaeN\x1e'
11E8E149-CA80-307E-AF82-12DF17AE4E1E,2024-ncaa-d1-conf-MAAC,ncaa,7,7,3,7,3,5,5,6,6,5,5,4,8,6,10,7,3,5,2,5,4,5,4,6,6,6,7,9,2,8,10,3,7,7,9,6,8,7,8,7,8,10,7,8,,,9,10,,,7,4,5,1,5,5,6,6,5,8,8,4,5,5,6,5,10,2,7,7,6,9,8,,10,,,7,9,5,9,3,6,10,4,7,10,4,7,10,9,7,10,9,10,7,2,4,7,8,6,9,8,7,8,10,8,9,7,8,6,9,9,7,8,3,3,,,3,5,,,7,8,6,7,7,7,6,9,6,8,7,10,10,10,10,9,7,9,8,8,7,7,8,3,,3,,,b'\x11\xe8\xe1I\xca\x800~\xaf\x82\x12\xdf\x17\xaeN\x1e'
11E8E149-CA80-307E-AF82-12DF17AE4E1E,2024-ncaa-d1-natl,ncaa,235,230,194,237,197,275,265,293,212,248,269,155,256,222,306,165,258,260,165,259,184,293,283,217,217,243,227,222,171,328,324,226,219,292,283,208,99,205,272,226,318,325,294,289,,,242,299,,,280,252,275,16,289,281,312,240,263,253,209,255,257,260,308,295,330,216,311,194,231,323,298,,264,,,279,153,147,177,141,118,121,188,210,240,132,261,163,160,182,154,182,171,118,161,166,222,243,237,176,175,219,151,324,152,283,260,310,291,282,311,267,315,14,37,,,201,99,,,280,112,285,229,279,195,188,218,151,143,232,264,173,178,177,216,153,203,191,195,279,288,281,16,,173,,,b'\x11\xe8\xe1I\xca\x800~\xaf\x82\x12\xdf\x17\xaeN\x1e'
11E8E149-CA80-307E-AF82-12DF17AE4E1E,2025-ncaa-d0-natl,genius_ncaa,13,12,54,13,70,95,73,103,65,71,98,86,118,161,56,200,186,217,95,222,291,116,169,70,83,51,228,174,278,254,273,139,97,199,186,109,205,22,29,45,172,190,289,291,,,106,92,,76,57,140,316,151,116,89,179,97,161,151,206,248,271,279,220,320,306,244,304,142,12,228,313,,52,,48,55,107,122,213,50,66,147,68,266,293,147,319,50,34,341,30,44,184,207,84,78,75,276,318,69,111,97,201,273,162,186,172,244,127,126,135,89,93,1,1,,,134,112,,183,57,216,70,62,55,34,39,80,26,43,215,240,30,21,18,35,26,46,87,60,97,184,61,1,,216,,224,b'\x11\xe8\xe1I\xca\x800~\xaf\x82\x12\xdf\x17\xaeN\x1e'
11E8E149-CA80-307E-AF82-12DF17AE4E1E,2025-ncaa-d1-conf-MAAC,genius_ncaa,2,2,1,2,1,2,2,2,2,1,1,2,5,6,4,7,6,8,7,8,12,2,5,2,2,2,9,6,10,10,8,7,5,7,7,3,10,1,1,2,7,7,8,10,,,6,4,,3,2,4,11,6,2,2,3,1,4,6,7,9,9,9,5,11,12,8,11,6,1,8,10,,2,,1,2,7,5,10,4,2,7,1,12,10,10,11,4,3,13,3,3,10,10,4,5,4,12,12,3,6,5,8,8,9,7,6,6,4,6,2,5,5,1,1,,,3,5,,3,2,10,2,3,2,2,2,5,2,2,12,9,4,2,2,3,2,3,6,4,3,8,5,1,,8,,4,b'\x11\xe8\xe1I\xca\x800~\xaf\x82\x12\xdf\x17\xaeN\x1e'
11E8E149-CA80-307E-AF82-12DF17AE4E1E,2025-ncaa-d1-natl,genius_ncaa,19,12,72,14,87,111,87,130,71,86,124,91,130,185,57,204,208,238,93,242,289,145,218,72,85,53,220,173,278,284,282,168,105,235,199,128,213,19,32,48,203,202,305,297,,,83,100,,67,62,177,316,150,123,97,201,102,165,154,208,248,276,281,232,322,312,253,312,151,14,246,317,,53,,47,59,85,98,184,60,52,115,70,254,276,157,316,43,30,341,24,44,141,154,92,87,84,274,319,68,88,105,159,282,133,199,153,249,159,134,151,79,103,1,1,,,158,101,,189,62,176,73,74,64,36,43,83,31,43,220,241,32,23,19,38,26,48,87,64,104,195,60,1,,213,,220,b'\x11\xe8\xe1I\xca\x800~\xaf\x82\x12\xdf\x17\xaeN\x1e'
11E8E149-CA80-307E-AF82-12DF17AE4E1E,2026-ncaa-d0-natl,genius_ncaa,123,80,206,123,216,193,175,225,106,239,268,159,65,124,20,43,339,353,49,351,354,254,298,69,86,51,60,13,358,307,282,201,65,250,146,106,24,7,19,13,290,266,232,213,,,61,126,,36,72,290,352,97,154,123,172,235,279,20,60,348,358,358,265,356,308,144,242,44,6,308,227,,63,,36,58,36,41,79,53,43,101,51,69,80,137,148,52,84,25,85,151,76,72,51,36,70,171,201,147,43,65,97,282,72,146,70,237,290,238,206,11,28,59,118,,,325,303,,286,72,79,57,70,51,25,33,48,48,112,80,80,61,104,105,42,12,43,129,73,87,303,14,69,,347,,276,b'\x11\xe8\xe1I\xca\x800~\xaf\x82\x12\xdf\x17\xaeN\x1e'
11E8E149-CA80-307E-AF82-12DF17AE4E1E,2026-ncaa-d1-natl,genius_ncaa,163,80,271,145,286,271,252,302,126,318,334,196,85,172,18,46,359,360,46,360,356,330,351,77,95,57,48,12,359,350,308,281,71,330,179,159,28,1,21,14,341,296,278,232,,,20,142,,28,109,349,355,100,190,165,204,273,296,26,65,354,360,360,297,357,330,170,287,56,8,329,246,,72,,41,91,9,12,19,72,19,47,61,37,31,166,146,32,47,26,46,157,18,13,72,56,108,168,198,140,18,71,46,308,21,179,40,246,342,269,256,3,32,40,136,,,356,292,,305,109,17,78,100,76,33,42,53,65,117,91,83,73,119,121,55,10,50,152,82,108,317,14,83,,349,,275,b'\x11\xe8\xe1I\xca\x800~\xaf\x82\x12\xdf\x17\xaeN\x1e'
11E8E149-CA84-82AA-AF82-12DF17AE4E1E,2010-ncaa-d0-natl,ncaa,321,303,322,322,322,322,313,308,305,276,205,321,321,333,224,320,311,282,310,283,284,307,318,319,320,317,289,290,146,255,233,338,327,327,316,320,263,116,248,297,111,41,211,194,,,86,214,,,300,320,200,35,312,291,211,219,64,316,321,262,200,204,222,181,158,320,284,302,251,38,172,,235,,,306,43,45,13,284,153,94,270,5,8,142,10,209,201,189,210,263,20,37,226,250,180,46,8,293,142,327,102,233,106,316,69,183,180,67,100,294,330,190,220,,,276,123,,,300,28,318,217,304,218,205,89,292,264,16,13,302,304,310,153,233,280,282,293,202,66,326,278,,142,,,b'\x11\xe8\xe1I\xca\x84\x82\xaa\xaf\x82\x12\xdf\x17\xaeN\x1e'
11E8E149-CA84-82AA-AF82-12DF17AE4E1E,2010-ncaa-d1-conf-Big South,ncaa,7,7,5,7,5,5,4,4,5,4,3,6,6,7,5,7,7,6,6,6,8,4,5,7,8,6,7,7,7,4,4,7,4,5,5,4,5,4,4,4,3,3,4,6,,,6,7,,,7,5,3,1,5,4,2,4,1,6,7,7,6,6,3,2,3,6,5,4,6,3,3,,8,,,7,6,3,2,5,4,4,5,4,3,7,3,8,8,8,8,8,4,6,6,7,7,5,4,8,3,4,4,4,4,5,4,5,4,2,5,6,5,6,6,,,6,5,,,7,5,5,7,7,7,5,3,5,6,4,3,8,8,8,5,7,4,7,6,5,2,6,6,,4,,,b'\x11\xe8\xe1I\xca\x84\x82\xaa\xaf\x82\x12\xdf\x17\xaeN\x1e'
11E8E149-CA84-82AA-AF82-12DF17AE4E1E,2010-ncaa-d1-natl,ncaa,318,302,323,318,324,322,315,307,299,255,176,312,324,332,249,321,304,264,311,266,286,308,312,307,318,314,303,295,160,244,217,338,325,330,314,313,258,133,246,292,78,23,213,196,,,99,216,,,295,321,199,37,310,285,201,193,58,317,320,265,201,203,213,181,160,322,287,295,249,27,175,,231,,,298,46,43,11,287,153,95,269,7,8,156,12,209,209,173,217,262,20,44,226,255,159,48,7,292,155,325,115,217,125,314,88,203,137,46,86,297,328,193,214,,,258,120,,,295,28,316,187,299,189,183,73,281,245,17,13,294,288,303,125,222,269,274,284,203,47,324,271,,137,,,b'\x11\xe8\xe1I\xca\x84\x82\xaa\xaf\x82\x12\xdf\x17\xaeN\x1e'
11E8E149-CA84-82AA-AF82-12DF17AE4E1E,2011-ncaa-d0-natl,ncaa,248,175,329,236,329,308,305,299,290,251,191,305,320,323,271,305,252,246,207,239,244,298,306,307,306,276,268,297,87,221,191,335,289,324,303,329,323,60,183,292,73,20,201,146,,,173,321,,,237,319,114,17,236,230,93,150,32,303,293,125,123,112,83,80,101,314,257,310,222,18,144,,327,,,246,31,21,9,277,70,24,285,14,17,88,38,208,200,218,199,303,12,20,228,278,188,102,26,316,44,289,95,191,55,303,29,127,176,41,63,139,237,285,292,,,266,139,,,237,19,276,182,254,213,168,77,243,187,43,37,309,309,311,143,240,188,312,293,150,40,271,332,,86,,,b'\x11\xe8\xe1I\xca\x84\x82\xaa\xaf\x82\x12\xdf\x17\xaeN\x1e'
11E8E149-CA84-82AA-AF82-12DF17AE4E1E,2011-ncaa-d1-conf-Big South,ncaa,3,3,5,3,5,6,4,3,6,4,3,6,6,6,5,7,3,3,4,3,5,3,4,6,6,5,6,7,3,4,7,6,3,6,6,6,8,2,2,3,1,1,5,4,,,8,8,,,4,4,2,1,4,3,2,2,1,6,6,3,3,3,1,1,4,6,5,5,2,1,4,,8,,,4,5,4,3,6,4,2,6,3,4,5,4,8,7,8,7,7,3,3,6,6,6,4,4,8,1,3,8,7,6,6,4,5,2,2,2,1,1,7,5,,,2,3,,,4,4,6,3,4,6,5,5,4,4,3,4,8,8,8,6,6,2,8,7,6,1,2,7,,1,,,b'\x11\xe8\xe1I\xca\x84\x82\xaa\xaf\x82\x12\xdf\x17\xaeN\x1e'
11E8E149-CA84-82AA-AF82-12DF17AE4E1E,2011-ncaa-d1-natl,ncaa,188,172,199,188,202,243,233,180,267,165,95,283,303,296,277,305,149,142,222,136,208,170,170,295,291,264,280,305,80,138,184,311,283,269,292,301,324,159,177,288,24,13,162,141,,,288,323,,,221,179,141,21,230,229,121,141,47,307,297,119,102,95,102,94,118,318,263,312,211,14,149,,322,,,222,119,90,34,250,166,98,265,31,31,104,48,275,277,196,278,302,63,137,216,252,144,110,34,308,132,283,236,184,202,292,77,125,51,26,38,223,230,304,263,,,147,130,,,221,149,262,136,220,165,136,60,203,143,41,32,297,289,291,109,227,174,293,259,116,26,254,317,,88,,,b'\x11\xe8\xe1I\xca\x84\x82\xaa\xaf\x82\x12\xdf\x17\xaeN\x1e'
11E8E149-CA84-82AA-AF82-12DF17AE4E1E,2012-ncaa-d0-natl,ncaa,171,153,240,174,263,174,123,119,147,101,91,166,201,210,170,230,288,286,216,287,329,154,167,176,210,178,286,211,317,92,73,313,307,223,228,235,299,118,127,204,42,26,206,200,,,297,323,,,175,203,88,177,114,64,24,48,33,173,183,267,273,273,54,55,47,306,175,207,182,22,196,,331,,,178,178,83,40,254,126,101,207,70,29,313,32,328,328,203,328,334,91,152,234,287,219,261,60,336,193,307,134,73,168,228,98,157,76,46,60,233,235,193,132,,,232,256,,,175,138,144,230,179,253,159,69,190,176,108,41,335,338,337,174,261,260,222,254,156,34,269,225,,176,,,b'\x11\xe8\xe1I\xca\x84\x82\xaa\xaf\x82\x12\xdf\x17\xaeN\x1e'
11E8E149-CA84-82AA-AF82-12DF17AE4E1E,2012-ncaa-d1-conf-Big South,ncaa,4,5,3,5,4,4,3,3,4,4,3,5,3,4,4,5,6,6,7,6,8,4,3,5,5,5,7,5,8,4,5,8,8,4,7,5,9,4,3,4,2,1,4,4,,,9,9,,,5,3,4,6,5,4,3,4,3,4,4,7,7,7,3,5,5,9,7,6,3,2,4,,9,,,5,6,3,3,6,3,4,2,4,4,9,5,9,9,8,9,9,5,6,7,8,4,8,5,9,6,8,9,5,7,7,3,4,2,1,2,4,5,6,5,,,4,6,,,5,6,6,5,5,6,2,1,2,2,4,3,9,9,9,1,4,4,7,6,3,2,5,6,,5,,,b'\x11\xe8\xe1I\xca\x84\x82\xaa\xaf\x82\x12\xdf\x17\xaeN\x1e'
11E8E149-CA84-82AA-AF82-12DF17AE4E1E,2012-ncaa-d1-natl,ncaa,158,153,137,167,169,120,80,61,134,64,40,165,179,189,153,241,262,253,214,253,330,86,83,164,193,167,290,218,317,49,66,284,303,166,210,174,282,162,113,169,23,16,186,189,,,319,320,,,148,119,81,200,96,49,23,43,26,173,190,258,262,268,44,49,40,295,155,165,178,13,190,,327,,,148,214,119,70,228,151,144,174,90,40,309,31,334,335,173,335,334,153,229,206,271,183,267,63,338,241,303,210,66,234,210,126,165,32,33,45,261,217,207,98,,,172,263,,,148,214,123,196,151,232,133,59,157,160,105,41,335,338,339,162,263,253,214,248,141,23,258,207,,175,,,b'\x11\xe8\xe1I\xca\x84\x82\xaa\xaf\x82\x12\xdf\x17\xaeN\x1e'
11E8E149-CA84-82AA-AF82-12DF17AE4E1E,2013-ncaa-d0-natl,ncaa,164,126,251,151,265,223,212,190,238,159,132,225,273,250,291,251,169,178,143,174,210,191,191,270,256,245,254,263,108,73,41,299,251,208,142,253,264,143,164,238,73,31,284,277,,,264,319,,,122,245,172,99,189,167,103,114,68,265,236,119,131,127,99,82,34,280,130,238,210,40,270,,312,,,119,38,33,23,176,93,114,128,8,3,190,8,259,292,34,293,303,38,95,123,150,66,96,16,322,127,251,96,41,95,142,51,141,83,30,32,152,172,273,248,,,188,170,,,122,91,186,74,124,98,78,38,158,186,16,6,287,309,311,81,187,185,173,182,89,34,196,300,,122,,,b'\x11\xe8\xe1I\xca\x84\x82\xaa\xaf\x82\x12\xdf\x17\xaeN\x1e'
11E8E149-CA84-82AA-AF82-12DF17AE4E1E,2013-ncaa-d1-conf-Big South,ncaa,6,6,2,6,2,6,6,3,6,3,1,6,10,8,10,9,5,4,9,4,8,4,4,8,8,8,9,10,8,3,4,6,6,3,5,6,8,7,6,7,3,2,9,10,,,10,11,,,5,3,9,3,6,5,7,5,3,10,8,8,7,7,8,8,4,8,5,6,5,2,10,,11,,,5,5,4,3,6,7,9,5,2,1,4,2,8,9,2,9,10,6,8,5,6,3,3,2,9,6,6,7,4,6,5,5,6,3,2,2,6,4,10,6,,,4,9,,,5,7,7,3,6,3,3,1,5,5,1,1,7,8,8,1,3,3,6,3,4,3,4,7,,7,,,b'\x11\xe8\xe1I\xca\x84\x82\xaa\xaf\x82\x12\xdf\x17\xaeN\x1e'
11E8E149-CA84-82AA-AF82-12DF17AE4E1E,2013-ncaa-d1-natl,ncaa,155,126,210,145,231,206,198,169,230,155,115,233,256,243,250,246,159,177,134,170,214,175,174,259,246,240,238,248,116,61,45,287,245,177,140,243,260,177,174,240,56,32,281,280,,,293,321,,,119,219,169,99,181,171,108,129,75,252,235,124,140,135,111,90,36,279,132,233,219,39,276,,312,,,118,47,38,25,166,104,132,123,8,3,177,6,262,296,36,295,298,49,119,115,137,58,95,16,321,143,245,102,45,108,140,56,148,62,24,33,159,167,271,235,,,165,177,,,119,121,180,70,121,88,72,38,154,188,13,5,281,305,305,79,185,183,168,179,89,29,190,293,,123,,,b'\x11\xe8\xe1I\xca\x84\x82\xaa\xaf\x82\x12\xdf\x17\xaeN\x1e'
11E8E149-CA84-82AA-AF82-12DF17AE4E1E,2014-ncaa-d0-natl,ncaa,325,311,297,327,323,341,315,331,253,288,260,292,285,318,97,246,349,348,346,348,348,339,338,259,304,320,315,175,346,319,303,313,344,332,340,302,221,169,327,296,252,220,227,211,,,28,66,,,327,337,303,270,337,302,314,251,193,262,298,349,347,347,337,320,309,294,321,285,276,219,201,,78,,,327,41,50,74,99,44,87,83,141,128,177,193,107,104,216,100,168,66,42,101,109,154,240,212,203,317,344,76,303,188,340,171,306,299,251,275,321,347,229,292,,,347,348,,,327,12,331,268,328,157,144,221,132,208,206,202,193,176,176,219,179,346,194,308,260,242,341,291,,347,,,b'\x11\xe8\xe1I\xca\x84\x82\xaa\xaf\x82\x12\xdf\x17\xaeN\x1e'
11E8E149-CA84-82AA-AF82-12DF17AE4E1E,2014-ncaa-d1-conf-Big South,ncaa,9,9,7,9,10,9,6,9,6,6,6,7,9,10,1,8,10,10,9,10,10,9,9,7,7,7,10,7,10,10,9,8,10,9,9,6,7,6,9,7,8,8,6,9,,,2,2,,,9,9,8,10,8,6,9,5,5,8,10,10,10,10,9,9,10,8,8,6,8,7,6,,3,,,9,4,5,4,5,5,5,3,5,5,8,6,6,5,7,5,5,5,4,6,6,6,6,6,5,9,10,5,9,6,9,9,10,9,8,10,9,10,8,7,,,10,10,,,9,2,9,10,9,6,8,8,6,7,7,6,6,5,5,8,5,10,7,8,10,7,9,9,,10,,,b'\x11\xe8\xe1I\xca\x84\x82\xaa\xaf\x82\x12\xdf\x17\xaeN\x1e'
11E8E149-CA84-82AA-AF82-12DF17AE4E1E,2014-ncaa-d1-natl,ncaa,310,310,211,312,288,330,297,315,240,263,225,288,250,298,78,236,349,347,339,347,347,327,318,245,295,313,303,156,345,312,291,267,339,301,329,275,196,228,326,288,225,215,186,196,,,47,62,,,310,314,297,273,334,298,311,245,196,241,287,348,347,347,334,315,297,246,300,270,278,209,175,,73,,,310,71,67,150,58,64,154,50,148,159,133,182,129,121,200,119,141,133,105,58,65,112,228,207,204,337,339,114,291,241,329,190,300,262,249,264,336,347,251,288,,,348,348,,,310,36,330,218,318,121,116,228,119,227,184,198,172,164,165,224,180,345,179,298,239,242,341,279,,347,,,b'\x11\xe8\xe1I\xca\x84\x82\xaa\xaf\x82\x12\xdf\x17\xaeN\x1e'
11E8E149-CA84-82AA-AF82-12DF17AE4E1E,2015-ncaa-d0-natl,ncaa,133,103,172,122,193,269,281,286,229,275,246,266,197,235,86,193,203,157,295,158,87,268,226,210,216,271,124,146,105,195,158,138,93,156,85,221,96,314,329,283,310,317,56,50,,,208,277,,,239,235,253,107,288,297,310,287,258,178,229,199,145,144,298,236,195,86,128,219,317,310,44,,235,,,236,96,85,130,80,101,183,65,92,99,139,112,233,210,301,213,214,134,102,75,102,158,192,113,278,118,93,83,158,84,85,97,138,274,267,218,261,291,215,265,,,141,68,,,239,108,281,150,248,130,98,144,125,216,102,108,245,220,221,162,97,124,100,93,101,279,266,227,,105,,,b'\x11\xe8\xe1I\xca\x84\x82\xaa\xaf\x82\x12\xdf\x17\xaeN\x1e'
11E8E149-CA84-82AA-AF82-12DF17AE4E1E,2015-ncaa-d1-conf-Big South,ncaa,3,2,7,3,9,8,9,10,6,9,9,7,6,8,1,8,8,7,10,6,4,10,9,5,5,6,5,4,6,8,7,6,2,7,2,6,3,7,10,7,11,11,5,3,,,5,7,,,7,11,8,5,8,7,10,8,9,5,8,8,7,6,10,9,7,3,6,4,9,11,3,,5,,,7,3,3,4,4,3,5,2,3,4,6,4,5,3,11,3,6,3,2,3,5,6,9,5,9,1,2,4,7,3,2,3,3,10,10,7,4,9,4,8,,,7,4,,,7,2,7,6,7,3,3,5,3,7,3,4,5,4,5,5,4,2,4,3,4,10,7,4,,7,,,b'\x11\xe8\xe1I\xca\x84\x82\xaa\xaf\x82\x12\xdf\x17\xaeN\x1e'
11E8E149-CA84-82AA-AF82-12DF17AE4E1E,2015-ncaa-d1-natl,ncaa,142,130,143,148,162,271,286,278,242,281,237,280,195,229,93,192,218,166,301,165,105,265,221,229,244,285,133,149,120,196,167,130,97,145,104,216,102,306,327,282,313,318,54,52,,,225,280,,,254,229,262,112,298,303,305,292,251,181,228,225,166,167,295,241,197,103,138,225,305,314,47,,232,,,251,104,87,142,85,108,190,72,101,105,145,111,245,216,312,219,214,156,112,78,112,175,194,116,279,129,97,107,167,104,104,106,149,267,268,223,254,284,231,271,,,136,78,,,254,118,291,163,264,131,103,143,128,209,104,105,249,214,220,156,88,122,117,112,109,280,260,235,,120,,,b'\x11\xe8\xe1I\xca\x84\x82\xaa\xaf\x82\x12\xdf\x17\xaeN\x1e'
11E8E149-CA84-82AA-AF82-12DF17AE4E1E,2016-ncaa-d0-natl,ncaa,153,111,240,145,255,287,255,309,147,193,188,196,326,335,206,322,244,192,330,192,174,300,280,216,232,259,310,308,153,134,42,125,99,124,35,254,198,242,312,276,231,181,34,13,,,78,178,,,111,309,301,169,284,252,312,147,134,319,332,230,159,158,292,247,100,51,48,246,282,209,16,,121,,,107,7,5,65,5,11,110,6,33,82,14,136,80,75,248,74,105,57,45,4,8,12,182,127,262,121,99,16,42,25,35,4,27,280,225,55,192,262,28,35,,,221,132,,,111,40,227,22,106,16,12,118,23,165,42,109,115,110,109,100,57,179,36,55,8,264,231,47,,180,,,b'\x11\xe8\xe1I\xca\x84\x82\xaa\xaf\x82\x12\xdf\x17\xaeN\x1e'
11E8E149-CA84-82AA-AF82-12DF17AE4E1E,2016-ncaa-d1-conf-Big South,ncaa,3,3,3,3,6,6,4,10,3,2,2,5,10,10,5,10,7,4,10,4,6,10,5,5,5,7,10,10,6,4,2,2,1,2,2,5,4,10,10,9,4,3,1,1,,,3,5,,,4,7,7,8,8,5,10,3,3,10,10,8,5,5,10,7,5,2,2,5,10,4,1,,3,,,4,1,2,5,2,2,7,1,2,4,3,5,3,3,10,3,3,4,3,1,2,1,5,5,8,2,1,2,2,1,2,1,2,7,5,3,9,9,3,1,,,7,8,,,4,6,6,1,4,1,2,4,3,6,2,4,4,3,3,3,2,2,2,2,1,7,9,4,,8,,,b'\x11\xe8\xe1I\xca\x84\x82\xaa\xaf\x82\x12\xdf\x17\xaeN\x1e'
11E8E149-CA84-82AA-AF82-12DF17AE4E1E,2016-ncaa-d1-natl,ncaa,134,111,142,128,178,230,211,274,115,134,144,166,315,332,190,324,196,148,319,146,168,252,217,179,198,228,306,312,142,104,34,64,56,68,23,213,185,269,291,257,190,157,22,12,,,92,155,,,86,268,295,180,260,227,299,113,127,317,330,205,145,145,278,241,95,31,33,216,270,187,16,,108,,,82,7,7,118,5,15,152,5,47,121,15,157,79,70,262,70,82,105,82,3,6,9,188,158,242,123,56,16,34,35,23,5,33,249,208,51,225,250,23,22,,,186,135,,,86,79,197,13,75,14,10,119,15,157,49,129,91,73,73,89,55,128,33,43,10,255,226,30,,177,,,b'\x11\xe8\xe1I\xca\x84\x82\xaa\xaf\x82\x12\xdf\x17\xaeN\x1e'
11E8E149-CA84-82AA-AF82-12DF17AE4E1E,2017-ncaa-d0-natl,ncaa,57,39,116,55,119,212,193,255,97,147,194,99,251,262,211,238,203,175,279,183,161,245,228,122,136,197,268,248,185,232,193,67,39,116,56,245,281,228,276,269,264,259,82,84,,,60,74,,,96,219,323,15,259,237,317,167,231,265,270,233,200,209,315,298,258,42,116,276,231,285,77,,45,,,92,18,31,160,13,55,226,9,49,60,91,74,72,59,212,56,58,130,116,9,12,12,128,139,182,75,39,73,193,65,56,3,6,217,209,30,237,268,11,15,,,177,106,,,96,127,199,15,90,6,13,97,39,201,44,44,72,61,60,62,42,74,63,55,3,249,230,9,,214,,,b'\x11\xe8\xe1I\xca\x84\x82\xaa\xaf\x82\x12\xdf\x17\xaeN\x1e'
11E8E149-CA84-82AA-AF82-12DF17AE4E1E,2017-ncaa-d1-conf-Big South,ncaa,1,1,2,1,2,4,2,5,1,1,4,1,8,8,6,8,6,6,7,6,7,5,2,3,4,6,9,8,8,5,5,1,3,4,5,3,8,8,7,7,5,6,2,2,,,3,2,,,2,2,7,1,5,4,8,1,7,8,9,6,7,7,8,8,6,3,5,5,7,8,2,,2,,,4,4,5,8,1,6,9,1,4,6,3,6,4,2,10,2,2,8,8,1,1,2,4,6,5,5,3,4,5,5,5,2,1,3,5,3,9,7,1,1,,,5,7,,,2,9,6,1,4,2,4,6,4,7,3,4,2,2,2,5,3,3,4,4,1,7,7,1,,8,,,b'\x11\xe8\xe1I\xca\x84\x82\xaa\xaf\x82\x12\xdf\x17\xaeN\x1e'
11E8E149-CA84-82AA-AF82-12DF17AE4E1E,2017-ncaa-d1-natl,ncaa,43,39,56,49,57,171,157,212,97,123,174,86,240,230,233,218,171,135,274,142,139,210,170,119,130,190,262,244,169,207,192,42,36,79,53,223,279,269,272,260,239,236,57,71,,,70,66,,,90,167,321,17,251,233,320,167,239,266,259,215,184,199,313,297,258,38,118,278,222,270,69,,40,,,90,36,48,210,11,63,254,10,91,104,114,100,85,69,254,68,57,178,167,10,13,16,166,179,174,106,36,123,192,103,53,5,9,194,199,36,273,272,10,11,,,128,95,,,90,182,196,17,85,10,14,94,27,184,58,61,70,59,58,60,42,67,61,48,5,248,237,8,,197,,,b'\x11\xe8\xe1I\xca\x84\x82\xaa\xaf\x82\x12\xdf\x17\xaeN\x1e'
11E8E149-CA84-82AA-AF82-12DF17AE4E1E,2018-ncaa-d0-natl,ncaa,53,47,73,50,81,200,157,197,113,111,145,100,267,245,276,241,255,204,319,201,226,203,201,153,192,205,310,268,252,223,216,80,42,119,90,165,190,165,199,169,172,155,36,27,,,27,33,,,76,192,320,66,273,214,300,136,194,295,281,292,233,238,305,318,270,99,174,201,121,204,37,,18,,,72,20,29,138,18,61,197,24,35,83,16,101,37,46,125,48,51,107,143,13,11,10,79,100,158,84,42,167,216,119,90,2,3,116,91,3,141,164,144,124,,,148,106,,,76,166,210,8,66,3,12,45,24,116,22,59,25,31,31,31,30,51,101,66,1,148,100,112,,194,,,b'\x11\xe8\xe1I\xca\x84\x82\xaa\xaf\x82\x12\xdf\x17\xaeN\x1e'
11E8E149-CA84-82AA-AF82-12DF17AE4E1E,2018-ncaa-d1-conf-Big South,ncaa,2,2,3,2,3,3,2,6,2,2,6,2,7,7,6,7,7,6,7,6,7,6,7,2,2,2,10,8,10,5,3,1,1,3,2,2,3,5,6,1,7,6,1,1,,,1,1,,,2,8,7,3,2,2,7,1,5,7,8,8,6,6,7,9,6,1,2,1,5,7,1,,1,,,2,2,3,6,1,1,6,1,3,6,2,6,1,1,5,1,1,5,3,2,1,1,6,8,3,2,1,2,3,2,2,1,1,5,4,1,7,6,1,2,,,7,7,,,2,5,2,1,2,2,2,4,2,3,4,6,1,1,1,4,3,1,2,2,1,6,6,2,,7,,,b'\x11\xe8\xe1I\xca\x84\x82\xaa\xaf\x82\x12\xdf\x17\xaeN\x1e'
11E8E149-CA84-82AA-AF82-12DF17AE4E1E,2018-ncaa-d1-natl,ncaa,45,47,53,48,59,197,154,196,112,109,144,101,265,245,277,240,256,200,319,200,231,197,191,153,194,204,309,265,254,229,224,76,42,117,99,154,180,176,203,161,158,149,34,25,,,24,30,,,69,175,320,69,275,220,300,137,193,291,281,296,235,238,303,316,272,108,180,201,123,187,35,,15,,,69,13,31,141,19,75,208,24,32,69,18,91,27,46,86,47,48,109,154,15,10,10,60,85,132,85,42,178,224,127,99,1,3,101,88,3,146,166,138,118,,,155,115,,,69,187,216,8,66,4,12,49,31,132,20,53,20,29,30,31,31,51,104,67,1,138,101,112,,210,,,b'\x11\xe8\xe1I\xca\x84\x82\xaa\xaf\x82\x12\xdf\x17\xaeN\x1e'
11E8E149-CA84-82AA-AF82-12DF17AE4E1E,2019-ncaa-d0-natl,ncaa,31,18,80,26,95,137,143,90,254,116,65,256,222,184,272,247,83,40,301,42,105,72,94,272,265,206,224,253,74,48,117,21,44,20,57,129,116,83,58,94,278,306,46,94,,,14,5,,,58,118,250,136,189,201,115,146,94,246,225,97,52,56,89,151,69,5,6,144,68,310,47,,7,,,55,41,96,288,8,188,332,8,19,99,3,40,37,29,244,29,8,261,225,3,2,9,10,28,85,221,44,312,117,293,57,33,35,255,292,111,196,131,143,81,,,124,189,,,58,230,169,6,56,11,37,270,126,329,11,57,25,22,25,191,116,164,270,241,22,292,143,122,,170,,,b'\x11\xe8\xe1I\xca\x84\x82\xaa\xaf\x82\x12\xdf\x17\xaeN\x1e'
11E8E149-CA84-82AA-AF82-12DF17AE4E1E,2019-ncaa-d1-conf-Big South,ncaa,1,1,2,1,3,1,3,1,6,4,2,6,6,4,6,5,1,1,9,1,3,1,3,6,5,3,5,7,4,1,3,1,2,1,1,2,1,2,1,1,9,10,2,2,,,1,1,,,1,3,10,5,4,5,4,4,6,6,6,3,2,2,4,8,3,1,1,3,1,10,2,,1,,,1,1,1,11,1,4,10,1,4,8,1,7,1,1,8,1,1,9,7,1,1,1,4,4,2,7,2,10,3,7,1,1,1,10,11,4,4,2,1,1,,,6,6,,,1,8,2,1,1,1,1,10,1,7,2,7,1,1,1,6,3,3,7,6,1,10,2,1,,9,,,b'\x11\xe8\xe1I\xca\x84\x82\xaa\xaf\x82\x12\xdf\x17\xaeN\x1e'
11E8E149-CA84-82AA-AF82-12DF17AE4E1E,2019-ncaa-d1-natl,ncaa,26,18,62,23,80,147,150,84,265,114,62,264,234,192,286,251,91,45,302,47,119,72,90,283,276,217,239,260,75,48,133,21,48,19,64,128,124,94,62,101,286,313,46,98,,,18,8,,,64,117,253,140,202,213,124,150,96,263,227,107,64,65,96,154,75,5,8,156,73,313,51,,11,,,63,33,90,294,8,189,334,8,17,86,2,35,40,40,156,40,11,266,226,3,2,6,9,30,87,231,48,323,133,309,64,28,41,257,288,111,210,147,140,78,,,120,184,,,64,221,185,7,65,10,35,267,129,329,12,50,25,28,29,190,118,168,280,251,24,285,160,118,,171,,,b'\x11\xe8\xe1I\xca\x84\x82\xaa\xaf\x82\x12\xdf\x17\xaeN\x1e'
11E8E149-CA84-82AA-AF82-12DF17AE4E1E,2019-ncaa-d1-ncaatournament,ncaa,33,2,33,33,64,55,55,46,56,51,48,56,50,48,52,23,50,41,60,40,28,44,43,57,62,60,24,22,35,44,49,33,13,38,40,47,13,25,48,52,46,27,33,25,,,2,3,,,52,37,6,64,55,55,27,51,37,37,23,47,28,26,25,17,37,11,22,40,53,24,14,,3,,,53,11,19,23,43,28,28,42,5,10,29,12,3,5,3,5,8,18,15,34,28,31,2,13,7,8,13,28,49,21,40,26,59,49,33,51,28,55,18,39,,,45,44,,,52,20,60,28,54,35,49,44,55,56,10,15,7,12,9,34,34,12,59,53,58,31,57,36,,29,,,b'\x11\xe8\xe1I\xca\x84\x82\xaa\xaf\x82\x12\xdf\x17\xaeN\x1e'
11E8E149-CA84-82AA-AF82-12DF17AE4E1E,2020-ncaa-d0-natl,ncaa,123,109,191,125,243,256,279,285,235,260,246,245,242,247,207,213,155,97,281,95,57,260,258,243,238,237,149,193,58,213,222,57,8,117,69,229,136,168,211,216,325,316,216,204,,,87,176,,,142,271,258,273,262,287,303,260,243,237,234,129,85,84,272,274,213,23,64,234,182,324,211,,109,,,142,35,37,92,44,35,122,36,118,115,163,187,68,69,182,73,110,79,46,49,42,65,227,237,169,16,8,187,222,85,69,14,26,268,225,73,167,220,257,276,,,174,95,,,142,83,241,44,137,41,39,106,41,136,137,141,85,84,87,82,38,14,217,108,18,259,188,261,,156,,,b'\x11\xe8\xe1I\xca\x84\x82\xaa\xaf\x82\x12\xdf\x17\xaeN\x1e'
11E8E149-CA84-82AA-AF82-12DF17AE4E1E,2020-ncaa-d1-conf-Big South,ncaa,2,2,7,2,11,6,8,10,3,6,8,5,7,9,6,7,3,1,10,1,3,8,9,5,5,4,6,8,2,7,6,1,1,3,2,5,5,4,5,4,11,11,6,6,,,1,2,,,2,10,8,11,5,7,8,5,7,7,8,3,1,1,7,6,6,1,1,5,5,10,5,,2,,,2,2,2,5,1,1,6,1,5,4,6,7,1,1,1,2,3,4,2,2,1,2,9,9,3,1,1,4,6,3,2,2,4,10,8,3,6,6,6,6,,,2,3,,,2,2,6,2,2,2,2,6,1,8,5,5,2,3,3,6,4,2,5,3,2,9,6,6,,2,,,b'\x11\xe8\xe1I\xca\x84\x82\xaa\xaf\x82\x12\xdf\x17\xaeN\x1e'
11E8E149-CA84-82AA-AF82-12DF17AE4E1E,2020-ncaa-d1-natl,ncaa,133,109,257,128,302,294,314,324,248,295,270,252,255,259,212,210,177,118,281,114,55,299,304,251,246,242,149,193,57,235,231,85,7,150,73,265,141,144,219,224,334,320,225,209,,,71,185,,,159,313,260,273,276,300,312,270,245,240,240,131,88,88,275,280,219,26,70,250,180,328,215,,114,,,159,25,25,63,47,27,88,37,106,94,166,185,60,59,186,65,112,48,25,52,45,75,226,236,170,12,7,160,231,60,73,8,26,289,237,81,145,224,248,284,,,213,93,,,159,40,247,50,152,44,43,107,44,139,138,137,88,88,90,85,38,15,222,111,19,267,189,270,,154,,,b'\x11\xe8\xe1I\xca\x84\x82\xaa\xaf\x82\x12\xdf\x17\xaeN\x1e'
11E8E149-CA84-82AA-AF82-12DF17AE4E1E,2021-ncaa-d0-natl,ncaa,191,165,219,196,219,231,238,247,212,247,254,181,180,173,206,104,207,206,179,206,104,246,241,194,181,209,101,124,127,268,292,125,134,179,180,263,258,165,255,274,308,337,162,201,,,104,99,,,232,228,183,5,228,238,239,254,261,149,128,168,176,178,232,208,284,14,65,273,244,330,147,,150,,,231,121,138,174,62,159,195,90,111,159,57,148,111,118,118,115,72,166,129,58,47,135,95,140,116,193,134,142,292,162,180,56,10,300,332,187,171,237,47,76,,,251,250,,,232,122,246,166,222,197,231,331,249,318,154,233,129,156,154,321,260,276,251,290,35,322,236,43,,251,,,b'\x11\xe8\xe1I\xca\x84\x82\xaa\xaf\x82\x12\xdf\x17\xaeN\x1e'
11E8E149-CA84-82AA-AF82-12DF17AE4E1E,2021-ncaa-d1-conf-Big South,ncaa,6,5,8,6,8,6,7,9,5,9,9,4,6,6,7,4,5,5,6,5,3,8,8,4,4,5,3,6,3,8,9,2,4,6,6,8,10,7,8,9,11,10,5,6,,,5,3,,,7,7,5,1,5,5,7,6,10,6,6,4,4,4,6,6,9,1,2,8,9,10,5,,6,,,7,5,6,7,4,7,8,5,5,4,3,5,5,5,6,5,1,6,5,3,3,7,2,5,4,7,4,5,9,5,6,3,1,11,11,6,11,11,2,2,,,8,7,,,7,6,7,7,6,10,10,11,11,10,5,8,5,6,5,11,11,9,8,9,3,10,11,1,,8,,,b'\x11\xe8\xe1I\xca\x84\x82\xaa\xaf\x82\x12\xdf\x17\xaeN\x1e'
11E8E149-CA84-82AA-AF82-12DF17AE4E1E,2021-ncaa-d1-natl,ncaa,202,165,231,200,231,242,251,258,218,264,263,191,183,180,207,103,217,221,181,222,101,255,253,202,187,213,100,124,122,282,297,145,141,202,187,276,259,154,259,280,310,339,181,205,,,92,101,,,239,239,187,5,234,247,242,261,263,150,130,170,175,180,238,210,291,15,71,280,246,332,150,,151,,,242,112,125,157,72,144,183,94,104,145,61,143,102,107,120,107,72,146,114,64,52,148,93,135,115,182,141,126,297,144,187,55,10,302,332,196,162,241,42,81,,,260,251,,,239,111,254,179,235,210,239,331,253,321,156,233,137,157,155,321,260,276,250,294,38,326,239,43,,253,,,b'\x11\xe8\xe1I\xca\x84\x82\xaa\xaf\x82\x12\xdf\x17\xaeN\x1e'
11E8E149-CA84-82AA-AF82-12DF17AE4E1E,2022-ncaa-d0-natl,ncaa,317,328,216,324,248,284,267,275,211,281,292,207,169,174,160,97,337,327,323,325,293,290,248,184,237,311,155,83,334,293,287,192,176,250,227,241,153,327,349,316,326,333,235,275,,,256,294,,,330,221,118,275,309,283,303,299,295,142,144,345,333,332,322,214,301,141,247,232,341,331,222,,293,,,325,222,239,172,294,292,249,258,67,50,205,31,224,260,62,264,204,189,136,246,242,297,40,34,201,154,176,140,287,129,227,133,54,310,313,266,312,338,8,33,,,305,312,,,330,134,325,294,327,283,297,244,329,323,78,58,250,290,293,270,213,195,192,194,160,304,325,14,,309,,,b'\x11\xe8\xe1I\xca\x84\x82\xaa\xaf\x82\x12\xdf\x17\xaeN\x1e'
11E8E149-CA84-82AA-AF82-12DF17AE4E1E,2022-ncaa-d1-conf-Big South,ncaa,11,10,7,11,10,10,10,8,9,11,11,8,5,5,7,3,11,11,10,11,11,10,8,8,8,10,4,2,11,9,7,4,2,6,6,6,3,11,10,9,11,11,5,5,,,8,10,,,10,9,4,8,10,9,7,11,9,4,3,11,11,11,8,5,8,2,3,6,10,11,5,,10,,,10,7,9,8,8,11,10,5,3,1,7,1,8,7,7,7,5,7,4,5,8,10,2,3,6,5,2,7,7,5,6,4,2,11,11,9,9,9,1,3,,,11,11,,,10,4,10,9,10,9,9,9,11,12,5,2,8,9,9,9,8,6,7,5,6,11,10,2,,11,,,b'\x11\xe8\xe1I\xca\x84\x82\xaa\xaf\x82\x12\xdf\x17\xaeN\x1e'
11E8E149-CA84-82AA-AF82-12DF17AE4E1E,2022-ncaa-d1-natl,ncaa,305,327,146,312,196,254,222,247,187,250,275,168,141,146,148,95,329,317,305,315,294,265,194,156,207,293,154,86,332,279,270,155,157,216,201,202,135,338,349,308,315,327,214,267,,,294,300,,,315,165,122,275,294,260,303,284,289,131,144,341,331,329,318,210,292,142,240,210,338,320,218,,298,,,313,251,266,207,283,311,284,257,71,55,166,29,249,282,56,285,212,218,184,230,225,275,40,28,213,170,157,176,270,164,201,154,53,270,292,238,329,338,10,26,,,282,312,,,315,191,315,273,312,257,281,223,328,313,62,52,245,288,290,249,200,173,167,171,151,283,325,14,,308,,,b'\x11\xe8\xe1I\xca\x84\x82\xaa\xaf\x82\x12\xdf\x17\xaeN\x1e'
11E8E149-CA84-82AA-AF82-12DF17AE4E1E,2023-ncaa-d0-natl,ncaa,223,203,236,228,251,236,222,295,132,225,270,122,204,219,172,148,251,266,158,271,200,296,271,137,140,196,191,175,205,296,261,152,138,208,171,227,208,277,324,268,149,116,183,176,,,87,109,,,179,251,174,106,218,210,295,196,251,190,191,228,236,245,292,227,288,70,162,207,314,111,169,,124,,,180,68,107,144,125,155,155,178,82,153,29,185,56,87,40,82,103,125,120,98,77,95,59,116,86,135,138,93,261,99,171,24,22,228,197,65,310,334,4,23,,,310,305,,,179,116,235,96,176,125,192,243,220,230,104,198,83,122,120,219,203,192,162,177,40,195,326,11,,309,,,b'\x11\xe8\xe1I\xca\x84\x82\xaa\xaf\x82\x12\xdf\x17\xaeN\x1e'
11E8E149-CA84-82AA-AF82-12DF17AE4E1E,2023-ncaa-d1-conf-Big South,ncaa,4,4,3,4,3,3,4,6,4,3,4,4,5,7,5,7,4,4,2,5,7,5,5,4,4,4,7,6,4,6,5,2,4,4,5,5,6,5,5,4,5,5,4,4,,,5,4,,,3,6,7,3,5,4,6,3,5,5,7,4,4,5,5,7,6,3,3,5,5,5,4,,5,,,3,3,3,9,2,5,7,5,4,9,2,8,2,5,3,5,3,8,5,3,2,3,6,7,4,8,4,4,5,4,5,2,2,7,8,4,7,7,3,2,,,7,8,,,3,5,4,4,4,4,4,8,4,4,4,8,2,4,4,6,4,6,4,4,2,8,7,2,,8,,,b'\x11\xe8\xe1I\xca\x84\x82\xaa\xaf\x82\x12\xdf\x17\xaeN\x1e'
11E8E149-CA84-82AA-AF82-12DF17AE4E1E,2023-ncaa-d1-natl,ncaa,202,203,151,212,171,206,195,254,109,181,240,99,192,197,158,156,240,240,186,247,219,264,206,126,129,189,210,175,241,285,277,91,126,158,156,190,190,315,321,254,117,109,162,169,,,112,93,,,168,167,157,118,209,198,285,180,238,191,194,243,249,257,285,215,300,51,145,183,311,107,156,,119,,,168,104,168,231,103,198,213,170,97,211,22,204,61,94,36,90,84,206,185,78,61,73,55,136,72,191,126,157,277,169,156,24,20,194,197,63,331,336,6,19,,,295,309,,,168,194,230,75,168,112,180,263,214,236,105,217,64,98,96,235,217,201,174,189,37,190,331,8,,313,,,b'\x11\xe8\xe1I\xca\x84\x82\xaa\xaf\x82\x12\xdf\x17\xaeN\x1e'
11E8E149-CA84-82AA-AF82-12DF17AE4E1E,2024-ncaa-d0-natl,ncaa,189,228,94,214,103,245,237,173,304,247,197,288,190,149,271,136,245,229,260,228,205,175,147,286,294,308,154,143,182,141,187,166,202,159,208,249,230,308,301,299,225,251,216,216,,,164,137,,,250,149,245,115,316,316,266,310,252,215,176,278,261,262,276,239,178,241,225,302,275,258,234,,121,,,246,164,152,188,139,142,165,160,182,210,143,226,178,164,219,156,170,181,212,149,162,113,203,204,193,204,202,249,187,241,208,123,126,89,90,80,315,306,246,265,,,204,245,,,250,213,310,111,244,99,93,109,97,93,161,170,146,140,134,85,126,173,201,182,93,106,292,231,,267,,,b'\x11\xe8\xe1I\xca\x84\x82\xaa\xaf\x82\x12\xdf\x17\xaeN\x1e'
11E8E149-CA84-82AA-AF82-12DF17AE4E1E,2024-ncaa-d1-conf-Big South,ncaa,2,3,1,3,1,2,2,1,7,5,4,5,3,3,4,3,5,5,6,5,4,1,1,6,6,5,5,3,7,2,7,3,4,2,6,3,4,5,4,4,5,6,2,2,,,7,6,,,4,1,7,4,5,6,4,6,4,3,3,7,7,7,5,6,6,9,7,6,3,5,2,,6,,,4,7,6,6,5,6,7,6,3,4,2,3,6,6,7,6,7,7,9,4,7,4,3,3,7,6,4,9,7,8,6,6,5,1,1,2,8,7,8,8,,,3,8,,,4,9,5,4,3,4,3,2,4,5,2,2,6,6,6,3,4,3,7,5,4,2,7,7,,7,,,b'\x11\xe8\xe1I\xca\x84\x82\xaa\xaf\x82\x12\xdf\x17\xaeN\x1e'
11E8E149-CA84-82AA-AF82-12DF17AE4E1E,2024-ncaa-d1-natl,ncaa,190,230,78,220,89,250,249,176,315,266,204,304,202,147,285,140,227,220,254,218,186,184,140,302,302,314,144,148,164,137,185,177,212,166,214,270,255,311,296,311,247,266,224,224,,,176,147,,,261,155,257,119,319,324,267,317,253,223,177,266,252,252,277,238,173,251,231,318,274,273,239,,126,,,258,171,166,186,158,166,157,192,177,216,123,225,184,169,239,163,172,183,221,158,175,122,191,191,201,207,212,257,185,244,214,120,112,87,97,88,314,303,237,257,,,196,230,,,261,214,314,125,257,108,98,105,115,92,153,172,155,142,133,80,118,170,202,190,95,115,289,215,,258,,,b'\x11\xe8\xe1I\xca\x84\x82\xaa\xaf\x82\x12\xdf\x17\xaeN\x1e'
11E8E149-CA84-82AA-AF82-12DF17AE4E1E,2025-ncaa-d0-natl,genius_ncaa,220,199,248,221,252,276,279,305,217,331,337,232,118,150,91,56,308,287,287,282,119,312,291,160,183,247,40,30,249,300,288,225,221,264,256,252,164,280,331,279,287,278,304,298,,,128,195,,321,262,267,229,43,272,278,302,334,330,75,91,293,268,265,312,254,280,161,238,230,314,275,301,,189,,341,264,115,107,114,148,70,77,179,219,227,174,279,170,143,285,149,241,115,109,177,188,196,279,271,219,183,221,134,288,153,256,80,108,230,189,154,144,223,179,322,,,271,198,,227,262,100,271,212,256,205,176,198,129,118,267,284,225,196,205,203,192,243,207,235,129,175,194,231,,228,,209,b'\x11\xe8\xe1I\xca\x84\x82\xaa\xaf\x82\x12\xdf\x17\xaeN\x1e'
11E8E149-CA84-82AA-AF82-12DF17AE4E1E,2025-ncaa-d1-conf-Big South,genius_ncaa,3,3,3,3,3,3,3,6,2,6,9,3,1,1,1,1,7,7,8,7,4,7,5,2,2,2,1,1,9,8,7,3,3,5,6,2,2,3,4,3,6,7,4,5,,,5,5,,9,3,4,6,2,4,3,6,7,9,1,2,8,9,8,8,9,8,4,7,1,3,7,6,,5,,9,3,6,7,9,5,7,5,6,6,8,3,7,4,3,5,4,3,7,6,4,5,5,6,6,4,6,3,4,7,5,6,3,2,5,7,4,2,2,7,8,,,6,4,,6,3,6,3,5,3,6,6,8,6,5,6,8,4,3,4,6,4,6,5,7,2,7,2,7,,8,,6,b'\x11\xe8\xe1I\xca\x84\x82\xaa\xaf\x82\x12\xdf\x17\xaeN\x1e'
11E8E149-CA84-82AA-AF82-12DF17AE4E1E,2025-ncaa-d1-natl,genius_ncaa,222,199,244,224,251,274,275,305,203,330,333,219,113,140,82,61,300,289,280,285,130,308,286,153,174,226,48,34,263,296,284,229,210,269,251,255,178,260,324,274,290,280,300,287,,,138,204,,324,256,263,227,42,259,266,291,323,322,71,90,292,270,269,307,256,278,162,243,233,298,275,289,,193,,341,258,134,121,113,170,81,83,180,214,211,197,264,194,155,310,162,240,116,112,191,206,211,271,259,226,167,210,143,284,153,251,78,96,227,179,148,134,202,171,310,,,261,198,,217,256,105,258,214,254,212,176,189,135,122,254,263,236,201,212,197,189,222,210,231,124,173,178,214,,233,,201,b'\x11\xe8\xe1I\xca\x84\x82\xaa\xaf\x82\x12\xdf\x17\xaeN\x1e'
11E8E149-CA84-82AA-AF82-12DF17AE4E1E,2026-ncaa-d0-natl,genius_ncaa,123,198,49,171,49,127,138,70,297,152,133,251,93,29,293,62,114,120,186,111,132,77,76,291,288,236,90,101,156,99,256,104,199,101,273,132,142,240,113,165,63,94,134,171,,,237,100,,141,203,67,237,6,214,229,98,255,238,131,42,176,184,175,108,134,175,190,161,183,130,93,188,,126,,89,200,290,267,283,134,253,246,187,275,312,104,266,289,280,230,276,235,287,292,152,169,142,235,213,234,282,199,354,256,340,273,282,217,60,110,131,211,110,245,198,,,99,202,,187,203,294,233,141,201,171,140,173,131,98,197,261,214,201,199,172,226,193,344,312,176,105,123,176,,188,,245,b'\x11\xe8\xe1I\xca\x84\x82\xaa\xaf\x82\x12\xdf\x17\xaeN\x1e'
11E8E149-CA84-82AA-AF82-12DF17AE4E1E,2026-ncaa-d1-natl,genius_ncaa,110,195,13,183,13,125,139,43,316,156,103,282,92,25,304,85,102,88,228,79,119,41,43,309,307,257,96,117,127,85,272,59,205,59,287,132,153,232,107,173,60,131,128,177,,,251,95,,125,206,40,235,5,243,255,112,275,223,155,60,174,166,159,116,152,182,167,158,218,119,125,185,,116,,85,206,294,267,320,92,236,268,141,290,323,105,264,299,298,218,292,236,317,327,112,130,121,265,234,244,307,205,358,272,354,287,282,241,59,126,148,188,92,265,208,,,65,167,,149,206,323,259,126,206,147,121,183,104,106,207,265,218,208,201,182,229,217,349,331,174,126,96,191,,168,,203,b'\x11\xe8\xe1I\xca\x84\x82\xaa\xaf\x82\x12\xdf\x17\xaeN\x1e'
11E8E149-CA89-0294-AF82-12DF17AE4E1E,2010-ncaa-d0-natl,ncaa,274,269,241,276,278,310,272,303,187,222,207,256,300,326,73,305,341,329,338,329,336,312,309,229,282,292,316,251,326,291,261,217,131,262,198,249,157,200,305,251,301,275,258,244,,,35,99,,,293,306,277,283,320,272,308,209,156,294,323,341,326,327,321,301,281,168,242,235,259,287,240,,65,,,291,69,73,97,150,66,84,125,181,162,249,235,84,62,270,68,133,78,49,170,163,216,218,253,126,69,131,85,261,65,198,47,91,312,270,218,196,270,76,97,,,330,298,,,293,44,305,213,293,141,145,153,123,127,236,215,119,95,103,132,67,130,153,140,99,294,237,98,,327,,,b'\x11\xe8\xe1I\xca\x89\x02\x94\xaf\x82\x12\xdf\x17\xaeN\x1e'
11E8E149-CA89-0294-AF82-12DF17AE4E1E,2010-ncaa-d1-conf-Atlantic 10,ncaa,12,11,13,12,13,13,12,13,11,11,10,10,14,14,9,13,13,13,14,13,13,13,12,12,14,14,14,13,12,8,8,13,10,12,10,12,12,8,13,14,13,11,9,9,,,6,11,,,13,13,9,10,12,10,10,8,4,14,14,13,12,12,10,9,7,11,9,11,14,10,9,,9,,,13,3,2,2,12,3,2,10,7,5,10,8,9,8,7,8,12,2,2,12,11,11,8,7,9,6,10,4,8,4,10,3,3,11,9,7,9,13,5,8,,,11,10,,,13,2,14,11,13,12,10,6,9,8,9,8,11,12,12,6,7,8,10,11,8,8,14,8,,10,,,b'\x11\xe8\xe1I\xca\x89\x02\x94\xaf\x82\x12\xdf\x17\xaeN\x1e'
11E8E149-CA89-0294-AF82-12DF17AE4E1E,2010-ncaa-d1-natl,ncaa,281,269,276,281,310,323,291,323,192,237,217,266,304,328,72,304,343,333,338,334,336,328,327,233,284,298,316,250,327,308,265,241,137,283,206,266,157,187,308,255,311,281,260,244,,,29,99,,,302,328,278,285,321,277,310,215,159,296,323,341,327,328,322,303,283,171,248,242,257,294,240,,66,,,303,57,61,74,153,57,66,129,176,150,253,236,74,56,272,59,135,50,22,175,171,224,219,253,124,58,137,65,265,44,206,40,95,324,273,224,184,272,70,100,,,337,296,,,302,20,309,222,303,145,152,157,124,129,237,214,117,96,104,133,66,135,156,142,103,297,236,103,,330,,,b'\x11\xe8\xe1I\xca\x89\x02\x94\xaf\x82\x12\xdf\x17\xaeN\x1e'
11E8E149-CA89-0294-AF82-12DF17AE4E1E,2011-ncaa-d0-natl,ncaa,296,264,319,294,303,321,320,328,248,304,304,248,292,296,255,226,282,285,167,287,185,328,327,264,246,267,202,230,100,308,254,272,146,302,203,300,177,109,289,282,342,340,293,278,,,66,229,,,315,327,308,3,294,294,301,256,234,278,268,206,215,218,302,281,265,127,217,277,256,341,282,,195,,,317,86,71,51,189,45,31,159,217,175,290,257,147,113,281,109,216,46,18,224,239,316,291,278,198,66,146,26,254,23,203,75,131,340,338,319,51,184,246,319,,,267,60,,,315,17,282,319,317,267,221,246,159,173,303,276,242,221,220,250,119,179,153,165,186,332,143,303,,131,,,b'\x11\xe8\xe1I\xca\x89\x02\x94\xaf\x82\x12\xdf\x17\xaeN\x1e'
11E8E149-CA89-0294-AF82-12DF17AE4E1E,2011-ncaa-d1-conf-Atlantic 10,ncaa,13,13,13,13,13,14,14,14,12,13,12,11,14,14,14,10,11,11,13,11,3,14,14,13,12,13,7,13,1,12,11,13,13,14,14,13,10,10,14,14,14,11,9,8,,,6,13,,,13,14,11,6,14,14,14,12,11,14,13,9,7,7,14,10,11,11,13,13,13,11,9,,12,,,13,4,3,2,10,3,2,10,5,5,9,9,10,11,13,10,13,3,2,10,10,11,11,7,11,6,13,3,11,3,14,2,5,13,12,10,7,13,12,13,,,11,2,,,13,1,14,11,13,11,10,5,8,5,10,8,12,13,12,6,6,12,7,12,8,12,12,13,,5,,,b'\x11\xe8\xe1I\xca\x89\x02\x94\xaf\x82\x12\xdf\x17\xaeN\x1e'
11E8E149-CA89-0294-AF82-12DF17AE4E1E,2011-ncaa-d1-natl,ncaa,305,277,321,305,291,317,321,334,254,298,298,255,294,288,254,222,263,280,144,281,189,332,328,269,246,265,196,228,94,305,252,264,176,302,213,305,190,119,281,282,343,341,289,270,,,75,224,,,318,329,313,3,296,296,297,259,229,271,265,197,219,221,298,280,264,140,221,283,241,341,278,,194,,,320,123,100,82,188,60,46,146,241,195,294,260,155,123,293,117,212,70,20,227,240,322,295,281,194,96,176,37,252,38,213,77,112,340,340,320,42,159,261,316,,,258,67,,,318,18,280,324,320,273,230,254,162,179,312,281,245,213,214,254,125,209,157,180,179,333,121,302,,140,,,b'\x11\xe8\xe1I\xca\x89\x02\x94\xaf\x82\x12\xdf\x17\xaeN\x1e'
11E8E149-CA89-0294-AF82-12DF17AE4E1E,2012-ncaa-d0-natl,ncaa,340,342,240,341,263,331,319,328,259,263,216,307,327,336,134,329,321,328,109,329,337,331,326,294,294,313,319,302,209,311,239,330,319,332,309,305,193,214,323,302,314,295,333,332,,,67,201,,,338,323,323,177,335,329,337,253,171,331,337,323,331,333,341,327,300,331,337,303,265,307,333,,116,,,337,187,181,61,319,155,45,326,247,203,272,281,138,97,284,105,226,54,31,325,323,334,216,265,116,165,319,27,239,48,309,277,300,322,299,334,281,331,59,82,,,334,321,,,338,20,319,340,340,260,259,113,231,53,276,242,191,151,162,120,47,230,60,121,306,314,305,88,,335,,,b'\x11\xe8\xe1I\xca\x89\x02\x94\xaf\x82\x12\xdf\x17\xaeN\x1e'
11E8E149-CA89-0294-AF82-12DF17AE4E1E,2012-ncaa-d1-conf-Atlantic 10,ncaa,14,14,13,14,13,14,14,14,13,13,11,14,14,14,11,14,13,13,6,14,14,14,14,14,14,14,14,14,8,12,10,14,13,14,13,14,12,11,14,14,11,8,14,11,,,2,8,,,14,14,13,9,14,14,14,13,8,14,14,13,13,13,14,12,10,14,13,14,14,8,14,,4,,,14,7,3,2,13,3,1,13,13,13,12,13,9,6,14,6,14,2,2,14,14,14,12,13,11,8,13,1,10,3,13,11,13,13,10,13,14,14,10,10,,,13,13,,,14,1,14,14,14,13,12,5,5,2,13,14,14,11,11,7,3,10,5,9,12,12,14,12,,13,,,b'\x11\xe8\xe1I\xca\x89\x02\x94\xaf\x82\x12\xdf\x17\xaeN\x1e'
11E8E149-CA89-0294-AF82-12DF17AE4E1E,2012-ncaa-d1-natl,ncaa,341,342,286,342,300,338,329,337,267,288,244,310,328,337,135,329,328,332,108,334,336,339,336,298,294,318,319,301,204,323,244,339,321,341,315,316,199,191,323,307,323,298,334,333,,,50,204,,,338,335,325,166,337,330,340,263,176,329,336,324,331,333,341,329,305,335,339,307,266,311,333,,116,,,338,171,172,38,322,144,29,327,233,186,278,279,126,93,287,98,233,34,15,328,325,336,222,264,114,149,321,18,244,35,315,274,302,330,305,335,270,332,50,86,,,338,321,,,338,7,322,341,340,261,263,113,236,55,279,244,195,156,169,121,47,232,59,123,308,317,304,92,,335,,,b'\x11\xe8\xe1I\xca\x89\x02\x94\xaf\x82\x12\xdf\x17\xaeN\x1e'
11E8E149-CA89-0294-AF82-12DF17AE4E1E,2013-ncaa-d0-natl,ncaa,322,310,302,323,316,343,339,341,313,315,254,330,343,343,274,337,300,281,273,279,236,340,334,333,329,334,307,332,47,287,193,298,208,309,195,314,113,176,327,311,341,323,200,153,,,61,254,,,316,342,331,193,344,341,340,285,172,341,342,272,240,239,337,318,244,230,252,302,267,336,167,,147,,,319,18,25,25,127,34,57,73,90,38,291,99,56,55,143,55,131,21,4,128,115,205,181,186,177,89,208,23,193,27,195,58,188,339,303,274,219,331,231,280,,,291,92,,,316,3,336,241,323,80,94,90,97,156,140,78,132,133,131,80,30,180,89,116,132,324,294,283,,229,,,b'\x11\xe8\xe1I\xca\x89\x02\x94\xaf\x82\x12\xdf\x17\xaeN\x1e'
11E8E149-CA89-0294-AF82-12DF17AE4E1E,2013-ncaa-d1-conf-Atlantic 10,ncaa,15,15,14,15,16,16,16,16,14,16,12,14,16,16,13,16,16,16,15,16,10,16,16,15,15,16,15,15,4,13,12,16,14,15,11,16,13,13,16,16,15,14,14,13,,,5,14,,,16,16,15,16,16,16,16,16,10,16,16,14,12,11,16,15,13,14,14,16,15,15,12,,11,,,16,3,5,1,12,4,3,11,9,2,13,9,9,9,8,9,10,2,1,13,13,15,10,10,8,4,14,2,12,2,11,8,10,15,15,14,13,16,14,14,,,16,8,,,16,1,16,15,16,12,10,3,10,6,11,8,10,9,9,8,3,11,4,7,11,15,14,15,,13,,,b'\x11\xe8\xe1I\xca\x89\x02\x94\xaf\x82\x12\xdf\x17\xaeN\x1e'
11E8E149-CA89-0294-AF82-12DF17AE4E1E,2013-ncaa-d1-natl,ncaa,322,310,292,323,317,342,338,341,289,291,231,311,342,342,250,337,306,275,280,274,256,340,338,322,319,330,319,332,81,284,189,293,209,304,186,294,99,199,328,300,337,319,196,165,,,72,250,,,311,341,328,208,343,337,339,259,163,339,342,283,244,244,334,316,249,234,255,281,266,330,172,,147,,,313,25,34,31,137,46,72,79,94,43,293,102,77,72,181,70,131,25,6,134,125,206,184,187,177,105,209,25,189,30,186,67,192,339,298,271,236,329,234,266,,,280,109,,,311,5,331,237,320,90,96,90,100,156,141,79,136,132,129,83,30,184,82,112,133,320,293,273,,232,,,b'\x11\xe8\xe1I\xca\x89\x02\x94\xaf\x82\x12\xdf\x17\xaeN\x1e'
11E8E149-CA89-0294-AF82-12DF17AE4E1E,2014-ncaa-d0-natl,ncaa,312,311,254,316,279,333,328,304,327,282,173,340,331,336,241,327,297,268,294,272,289,309,308,337,339,334,300,307,101,226,218,185,31,207,128,283,106,139,255,259,301,261,127,75,,,102,264,,,267,320,297,183,334,331,293,260,105,330,335,278,239,247,296,280,190,86,133,266,205,292,102,,171,,,267,17,13,26,62,11,29,53,109,103,179,188,113,152,30,150,276,26,22,76,73,92,289,227,264,21,31,151,218,65,128,31,169,274,196,132,100,200,229,222,,,296,188,,,267,34,330,67,262,47,29,35,24,43,146,136,168,202,206,50,34,43,238,151,59,245,164,269,,258,,,b'\x11\xe8\xe1I\xca\x89\x02\x94\xaf\x82\x12\xdf\x17\xaeN\x1e'
11E8E149-CA89-0294-AF82-12DF17AE4E1E,2014-ncaa-d1-conf-Atlantic 10,ncaa,11,11,10,11,11,13,13,11,12,12,8,13,13,13,8,13,13,11,12,11,13,12,11,12,13,13,13,12,10,11,11,10,7,10,11,10,6,9,12,10,7,7,4,2,,,6,11,,,11,12,10,4,13,13,11,12,6,13,13,12,11,11,12,10,11,9,9,10,11,7,4,,7,,,11,2,1,1,6,2,1,5,5,5,8,9,9,8,7,8,13,2,2,6,7,7,12,10,12,6,7,8,11,7,11,4,11,6,3,4,11,12,12,11,,,13,11,,,11,2,13,6,11,5,2,1,2,1,5,5,10,10,10,5,6,7,9,8,6,5,12,12,,12,,,b'\x11\xe8\xe1I\xca\x89\x02\x94\xaf\x82\x12\xdf\x17\xaeN\x1e'
11E8E149-CA89-0294-AF82-12DF17AE4E1E,2014-ncaa-d1-natl,ncaa,310,310,211,312,262,335,325,306,328,272,171,341,330,335,261,322,289,262,304,264,289,305,307,339,339,335,299,305,109,221,223,153,31,182,129,275,95,146,256,262,307,273,105,67,,,113,255,,,265,318,303,184,336,332,296,267,111,328,332,287,248,251,299,287,197,75,131,270,197,298,92,,153,,,266,14,10,34,51,13,40,46,110,107,137,191,112,146,30,147,252,37,30,57,55,72,275,218,250,29,31,180,223,101,129,31,158,276,208,129,115,197,251,238,,,289,180,,,265,38,332,60,260,44,28,41,23,54,133,136,143,187,192,53,34,47,238,158,51,259,155,279,,258,,,b'\x11\xe8\xe1I\xca\x89\x02\x94\xaf\x82\x12\xdf\x17\xaeN\x1e'
11E8E149-CA89-0294-AF82-12DF17AE4E1E,2015-ncaa-d0-natl,ncaa,133,103,172,122,178,274,276,280,227,268,283,191,197,163,238,114,244,203,298,205,96,270,259,211,228,251,142,144,162,278,279,199,320,241,303,254,182,199,265,262,79,65,98,86,,,82,72,,,192,243,275,59,294,289,305,281,302,178,147,247,201,204,299,282,280,175,259,255,211,60,89,,103,,,192,48,87,173,41,67,133,57,197,239,80,271,16,66,2,60,90,139,170,59,20,22,183,285,45,321,320,177,279,269,303,200,317,130,121,164,103,160,215,280,,,234,171,,,192,111,277,77,190,60,100,213,77,141,225,261,28,84,83,168,206,338,213,301,220,116,130,227,,240,,,b'\x11\xe8\xe1I\xca\x89\x02\x94\xaf\x82\x12\xdf\x17\xaeN\x1e'
11E8E149-CA89-0294-AF82-12DF17AE4E1E,2015-ncaa-d1-conf-Atlantic 10,ncaa,6,5,5,6,5,10,11,12,6,10,13,4,6,5,9,3,9,11,9,11,6,12,12,7,8,9,6,4,9,13,12,13,14,13,13,12,10,5,10,11,2,2,6,5,,,2,3,,,8,9,13,3,13,11,13,10,14,6,3,10,11,11,14,13,12,13,13,11,6,2,7,,3,,,8,5,7,8,9,5,5,9,12,11,12,12,2,3,1,3,4,6,7,10,6,7,8,14,1,13,14,9,12,12,13,11,12,6,5,8,6,8,7,10,,,12,9,,,8,5,9,7,8,6,8,9,4,4,10,10,3,3,3,5,6,14,7,11,10,6,7,7,,12,,,b'\x11\xe8\xe1I\xca\x89\x02\x94\xaf\x82\x12\xdf\x17\xaeN\x1e'
11E8E149-CA89-0294-AF82-12DF17AE4E1E,2015-ncaa-d1-natl,ncaa,142,103,209,131,219,293,299,311,237,298,311,197,209,174,241,115,261,229,298,229,92,301,299,222,235,256,140,143,159,295,284,227,322,282,310,282,189,173,271,268,92,67,105,87,,,61,79,,,209,288,276,56,301,301,306,287,304,179,148,251,203,207,304,285,284,185,267,266,212,62,91,,104,,,210,33,62,138,42,58,111,61,185,224,83,269,11,53,2,51,91,102,130,59,24,27,179,284,44,314,322,150,284,250,310,183,316,153,123,174,92,166,201,290,,,263,162,,,209,66,286,85,207,63,107,216,83,142,225,264,29,85,84,172,206,339,217,307,230,118,130,231,,241,,,b'\x11\xe8\xe1I\xca\x89\x02\x94\xaf\x82\x12\xdf\x17\xaeN\x1e'
11E8E149-CA89-0294-AF82-12DF17AE4E1E,2016-ncaa-d0-natl,ncaa,221,228,175,231,189,222,214,219,226,282,317,143,67,40,224,20,311,299,260,298,180,244,254,160,196,191,51,28,311,224,225,224,292,229,271,226,190,120,177,184,128,105,76,43,,,140,174,,,199,261,266,108,238,233,208,297,329,56,27,314,305,304,248,267,217,223,234,223,139,115,70,,165,,,198,110,59,143,46,16,61,29,293,281,268,311,197,129,346,135,224,135,137,84,118,134,344,335,243,283,292,168,225,225,271,189,317,181,158,203,154,214,81,205,,,298,281,,,199,96,191,173,192,135,79,153,18,58,303,304,217,153,168,155,155,293,197,253,207,176,187,95,,309,,,b'\x11\xe8\xe1I\xca\x89\x02\x94\xaf\x82\x12\xdf\x17\xaeN\x1e'
11E8E149-CA89-0294-AF82-12DF17AE4E1E,2016-ncaa-d1-conf-Atlantic 10,ncaa,10,10,4,10,9,7,6,9,7,13,14,3,2,1,11,1,10,9,11,9,2,9,9,3,4,5,1,1,12,9,9,11,13,11,13,10,10,7,10,12,3,5,5,5,,,13,13,,,10,9,10,12,9,10,11,13,14,2,1,11,10,11,11,11,10,12,13,10,7,4,6,,13,,,10,11,8,9,10,4,2,8,13,12,9,13,12,12,10,12,14,8,9,12,12,12,14,12,12,13,13,6,9,10,13,10,11,5,5,7,9,12,4,9,,,10,8,,,10,7,6,12,10,10,8,6,5,2,13,12,12,12,12,8,8,11,5,9,9,4,9,4,,10,,,b'\x11\xe8\xe1I\xca\x89\x02\x94\xaf\x82\x12\xdf\x17\xaeN\x1e'
11E8E149-CA89-0294-AF82-12DF17AE4E1E,2016-ncaa-d1-natl,ncaa,234,227,218,238,235,254,251,256,236,309,334,148,82,46,228,20,318,311,260,311,180,279,292,170,202,199,49,28,308,247,234,259,296,267,280,250,199,85,181,190,151,109,85,42,,,112,180,,,212,301,270,98,247,243,218,309,330,56,28,314,306,306,254,272,222,241,245,236,137,125,70,,168,,,213,87,43,102,49,8,38,31,284,269,271,309,181,111,346,119,227,96,93,96,132,147,343,334,244,267,296,140,234,194,280,170,317,214,169,208,131,219,71,216,,,319,279,,,212,58,201,187,209,149,88,159,22,61,303,304,217,158,170,159,153,297,200,256,215,186,189,98,,308,,,b'\x11\xe8\xe1I\xca\x89\x02\x94\xaf\x82\x12\xdf\x17\xaeN\x1e'
11E8E149-CA89-0294-AF82-12DF17AE4E1E,2017-ncaa-d0-natl,ncaa,314,313,234,316,280,305,276,230,299,305,297,254,155,87,303,44,347,319,348,319,265,258,225,280,318,321,139,57,342,163,179,274,333,228,298,264,206,287,308,299,161,156,27,17,,,140,148,,,318,249,146,268,307,267,175,292,290,128,54,346,311,314,228,141,119,252,191,260,305,129,16,,196,,,317,197,177,176,189,174,173,187,189,182,191,176,231,231,148,236,234,188,167,183,196,231,205,173,218,318,333,200,179,269,298,292,325,227,231,297,318,328,58,142,,,336,344,,,318,107,316,286,318,265,253,266,241,246,229,220,266,269,279,294,287,332,264,325,321,196,332,87,,337,,,b'\x11\xe8\xe1I\xca\x89\x02\x94\xaf\x82\x12\xdf\x17\xaeN\x1e'
11E8E149-CA89-0294-AF82-12DF17AE4E1E,2017-ncaa-d1-conf-Atlantic 10,ncaa,14,14,8,14,11,13,11,9,12,12,14,9,5,3,9,1,14,14,14,14,12,11,9,9,12,14,5,1,14,7,6,14,14,11,14,13,12,13,13,13,3,4,3,3,,,7,5,,,14,9,5,10,13,11,7,12,13,4,1,14,14,14,10,6,5,14,11,12,13,2,2,,10,,,14,12,12,8,14,9,8,14,9,7,12,6,8,8,5,8,11,7,9,13,13,14,5,7,6,12,14,5,6,12,14,12,13,10,8,13,13,13,3,7,,,14,14,,,14,6,13,14,14,14,14,12,14,11,9,9,12,12,12,12,14,13,11,14,13,7,13,5,,14,,,b'\x11\xe8\xe1I\xca\x89\x02\x94\xaf\x82\x12\xdf\x17\xaeN\x1e'
11E8E149-CA89-0294-AF82-12DF17AE4E1E,2017-ncaa-d1-natl,ncaa,318,312,310,319,326,326,300,282,304,321,326,266,168,97,304,44,347,330,349,332,265,300,277,285,318,323,135,53,342,190,187,309,334,277,305,293,212,272,309,307,187,169,31,19,,,111,153,,,323,300,151,270,312,279,183,300,294,131,54,346,312,315,234,147,128,263,209,268,307,140,17,,198,,,325,160,152,131,198,149,131,196,170,158,202,172,218,221,154,224,238,142,109,197,204,243,204,171,223,310,334,168,187,247,305,283,326,250,237,300,310,329,49,149,,,345,345,,,323,49,319,305,324,276,265,267,251,250,234,218,273,274,280,294,281,333,270,326,322,211,334,92,,337,,,b'\x11\xe8\xe1I\xca\x89\x02\x94\xaf\x82\x12\xdf\x17\xaeN\x1e'
11E8E149-CA89-0294-AF82-12DF17AE4E1E,2018-ncaa-d0-natl,ncaa,332,336,242,337,282,302,282,271,270,279,293,226,201,157,280,90,315,301,285,302,242,287,238,255,283,310,164,120,272,253,230,278,337,283,312,236,151,328,332,311,206,219,106,102,,,255,271,,,337,222,106,262,303,288,252,278,279,187,114,317,297,296,278,150,226,252,261,233,329,187,84,,296,,,336,263,211,192,216,145,168,144,291,216,333,207,274,265,228,261,268,212,168,253,264,297,304,269,234,326,337,129,230,240,312,270,286,250,257,289,318,318,39,118,,,316,326,,,337,114,316,330,340,315,279,292,216,245,319,274,304,296,294,309,286,337,205,302,306,220,323,66,,321,,,b'\x11\xe8\xe1I\xca\x89\x02\x94\xaf\x82\x12\xdf\x17\xaeN\x1e'
11E8E149-CA89-0294-AF82-12DF17AE4E1E,2018-ncaa-d1-conf-Atlantic 10,ncaa,14,14,8,14,12,13,12,10,11,12,12,7,11,8,14,4,12,11,14,11,7,11,8,10,10,13,11,10,10,10,11,14,14,13,13,11,8,14,14,13,5,7,7,7,,,13,13,,,14,7,1,9,12,10,7,9,11,11,6,12,8,8,8,3,10,13,12,8,14,5,6,,14,,,14,13,12,9,12,10,9,11,10,11,13,9,13,13,10,13,13,11,12,12,12,13,11,10,11,14,14,9,11,11,13,13,13,6,7,12,14,14,2,4,,,11,11,,,14,7,14,13,14,14,13,12,12,10,11,11,13,13,13,13,14,14,10,12,13,6,14,3,,8,,,b'\x11\xe8\xe1I\xca\x89\x02\x94\xaf\x82\x12\xdf\x17\xaeN\x1e'
11E8E149-CA89-0294-AF82-12DF17AE4E1E,2018-ncaa-d1-natl,ncaa,341,342,213,342,288,306,293,278,294,292,297,240,205,138,295,86,311,297,271,296,213,288,237,280,294,318,152,121,239,240,219,283,337,277,308,260,160,330,334,321,229,243,113,106,,,267,280,,,338,226,120,261,307,298,254,293,286,187,105,306,287,286,283,149,214,251,250,260,329,210,87,,298,,,337,274,230,211,216,155,175,143,296,227,337,206,287,268,252,265,261,236,186,253,271,303,309,266,239,331,337,145,219,263,308,281,283,257,272,298,314,322,52,135,,,312,319,,,338,110,319,333,340,314,279,292,215,247,317,276,308,295,294,309,280,337,203,304,307,235,324,74,,306,,,b'\x11\xe8\xe1I\xca\x89\x02\x94\xaf\x82\x12\xdf\x17\xaeN\x1e'
11E8E149-CA89-0294-AF82-12DF17AE4E1E,2019-ncaa-d0-natl,ncaa,277,283,249,285,289,268,269,273,240,230,227,211,274,246,292,221,223,187,286,173,132,264,205,250,258,298,231,241,123,245,234,169,156,197,187,285,256,331,338,328,132,109,29,8,,,239,278,,,296,180,54,333,262,256,250,204,181,258,229,187,140,132,222,95,215,87,134,276,337,98,12,,289,,,296,201,130,134,163,72,79,150,272,252,263,270,289,271,277,271,307,158,157,206,232,235,332,282,284,144,156,139,234,138,187,251,323,189,175,242,318,321,22,51,,,230,223,,,296,165,307,227,293,267,207,217,115,117,310,296,308,297,298,270,276,207,222,230,297,132,326,45,,175,,,b'\x11\xe8\xe1I\xca\x89\x02\x94\xaf\x82\x12\xdf\x17\xaeN\x1e'
11E8E149-CA89-0294-AF82-12DF17AE4E1E,2019-ncaa-d1-conf-Atlantic 10,ncaa,13,13,9,13,11,9,9,13,8,6,8,2,14,13,14,13,7,3,12,3,2,10,6,10,10,12,13,13,3,8,6,10,8,9,8,14,14,14,14,14,2,2,2,1,,,11,12,,,12,5,2,10,9,7,10,5,7,13,12,4,3,3,6,3,6,8,7,14,14,1,2,,12,,,12,14,12,7,13,5,4,13,12,11,14,10,12,12,12,12,14,10,10,14,14,14,14,11,10,6,8,5,6,4,8,13,12,5,6,9,13,13,2,1,,,8,10,,,12,10,11,14,13,14,14,10,10,4,13,12,13,12,12,13,13,8,8,8,14,2,13,2,,6,,,b'\x11\xe8\xe1I\xca\x89\x02\x94\xaf\x82\x12\xdf\x17\xaeN\x1e'
11E8E149-CA89-0294-AF82-12DF17AE4E1E,2019-ncaa-d1-natl,ncaa,282,282,233,284,309,273,276,280,251,260,243,229,267,247,277,210,213,182,280,173,107,273,201,254,261,300,207,232,105,241,235,173,169,204,195,285,246,335,342,330,138,116,26,10,,,236,271,,,303,184,58,333,269,278,262,237,203,250,223,180,135,130,239,97,217,95,148,279,341,106,16,,285,,,305,211,134,140,169,87,92,161,268,256,249,265,287,262,302,268,298,171,154,214,239,238,322,270,286,172,169,146,235,147,195,265,323,194,187,251,321,328,24,56,,,232,218,,,303,160,314,236,305,275,215,226,134,130,302,291,311,290,293,272,274,229,218,231,305,138,330,44,,169,,,b'\x11\xe8\xe1I\xca\x89\x02\x94\xaf\x82\x12\xdf\x17\xaeN\x1e'
11E8E149-CA89-0294-AF82-12DF17AE4E1E,2020-ncaa-d0-natl,ncaa,197,195,191,205,201,216,189,209,153,151,164,149,245,230,247,221,243,151,323,147,156,209,203,184,226,231,268,233,209,113,109,30,12,39,31,140,112,211,208,166,308,309,177,181,,,62,74,,,181,221,219,55,214,181,186,127,138,240,218,236,138,136,184,145,97,15,16,122,221,309,173,,64,,,181,123,179,237,92,161,179,141,208,285,57,284,29,21,263,21,23,186,86,90,81,194,130,247,26,35,12,139,109,82,31,144,138,339,336,319,174,172,303,296,,,288,297,,,181,113,203,151,183,136,204,288,180,196,217,299,30,23,25,229,96,36,162,95,158,340,190,314,,280,,,b'\x11\xe8\xe1I\xca\x89\x02\x94\xaf\x82\x12\xdf\x17\xaeN\x1e'
11E8E149-CA89-0294-AF82-12DF17AE4E1E,2020-ncaa-d1-conf-Atlantic 10,ncaa,11,11,9,11,9,10,9,11,9,7,9,5,12,12,13,12,6,4,14,4,4,11,10,11,11,12,11,13,4,4,2,7,1,4,1,8,7,12,12,11,13,13,11,12,,,2,2,,,12,10,3,3,8,5,8,2,4,12,12,5,2,2,5,2,3,2,1,5,12,12,11,,4,,,12,13,14,8,14,13,6,14,7,14,4,11,2,1,13,1,1,6,3,12,11,14,2,5,1,1,1,3,2,1,1,8,2,14,14,14,12,12,13,14,,,8,7,,,12,5,12,13,12,14,14,13,13,11,8,14,2,1,1,11,7,1,7,2,10,14,12,14,,6,,,b'\x11\xe8\xe1I\xca\x89\x02\x94\xaf\x82\x12\xdf\x17\xaeN\x1e'
11E8E149-CA89-0294-AF82-12DF17AE4E1E,2020-ncaa-d1-natl,ncaa,214,195,257,214,263,246,224,252,166,178,196,160,258,246,252,220,257,177,324,173,156,251,255,193,236,236,265,231,203,134,117,40,11,55,31,163,115,196,217,173,318,316,193,182,,,43,74,,,198,276,226,47,224,191,196,135,143,244,219,235,140,139,193,152,101,15,18,131,224,313,174,,68,,,198,99,157,211,98,143,159,153,195,270,59,281,24,17,270,18,24,145,46,102,86,214,127,246,24,26,11,115,117,56,31,131,140,344,340,323,148,179,301,299,,,303,295,,,198,62,217,168,204,147,214,291,189,206,220,299,32,23,25,234,94,42,165,100,170,340,191,316,,280,,,b'\x11\xe8\xe1I\xca\x89\x02\x94\xaf\x82\x12\xdf\x17\xaeN\x1e'
11E8E149-CA89-0294-AF82-12DF17AE4E1E,2021-ncaa-d0-natl,ncaa,151,83,248,122,254,246,213,270,48,223,279,34,165,189,97,70,320,313,311,313,322,279,279,45,80,101,225,77,342,229,76,262,7,259,27,208,177,69,191,121,249,135,326,320,,,36,79,,,109,280,341,50,198,115,251,152,278,94,113,340,340,339,312,329,170,253,237,138,118,221,331,,14,,,101,68,72,59,224,56,42,253,144,120,228,322,38,28,341,28,63,52,52,263,269,243,260,311,53,19,7,51,76,33,27,86,215,274,132,202,59,156,51,114,,,298,310,,,109,62,88,150,102,48,64,17,40,4,230,214,21,6,6,2,1,3,26,3,130,248,95,67,,334,,,b'\x11\xe8\xe1I\xca\x89\x02\x94\xaf\x82\x12\xdf\x17\xaeN\x1e'
11E8E149-CA89-0294-AF82-12DF17AE4E1E,2021-ncaa-d1-conf-Atlantic 10,ncaa,3,4,7,5,7,6,4,8,1,5,10,1,3,5,3,7,14,12,13,12,13,9,8,1,1,2,10,6,14,5,2,9,2,6,3,4,9,9,11,6,6,2,14,14,,,4,5,,,2,8,13,5,5,2,8,3,8,4,6,14,13,14,10,10,4,9,8,5,9,4,14,,3,,,2,5,6,4,10,6,3,9,8,7,11,12,6,4,14,4,7,3,5,11,12,8,11,11,5,2,2,4,2,4,3,9,10,8,2,5,7,11,3,3,,,10,12,,,2,7,1,5,3,4,4,2,3,2,8,6,5,3,3,2,1,1,2,1,7,6,10,2,,12,,,b'\x11\xe8\xe1I\xca\x89\x02\x94\xaf\x82\x12\xdf\x17\xaeN\x1e'
11E8E149-CA89-0294-AF82-12DF17AE4E1E,2021-ncaa-d1-natl,ncaa,164,82,259,127,264,263,224,277,50,242,287,34,171,192,95,71,320,315,314,315,321,286,287,47,82,106,222,78,342,239,77,268,7,269,28,220,183,62,196,123,258,141,326,319,,,32,81,,,125,288,342,50,209,118,257,162,279,97,117,340,340,339,314,330,173,254,242,145,115,227,331,,15,,,112,63,67,53,231,49,40,258,137,109,233,323,35,28,342,28,64,46,49,269,273,251,257,312,52,18,7,46,77,30,28,84,218,283,138,213,55,158,46,119,,,303,309,,,125,56,93,164,110,49,70,17,41,4,237,212,21,6,6,2,1,3,27,3,137,256,95,67,,332,,,b'\x11\xe8\xe1I\xca\x89\x02\x94\xaf\x82\x12\xdf\x17\xaeN\x1e'
11E8E149-CA89-0294-AF82-12DF17AE4E1E,2022-ncaa-d0-natl,ncaa,57,19,163,33,202,183,146,207,67,111,131,109,234,280,70,281,267,244,283,246,291,219,245,93,117,119,304,250,282,144,81,98,19,103,17,115,104,73,120,84,157,96,181,137,,,14,25,,,40,262,330,275,182,125,241,80,118,242,289,278,250,253,253,299,128,55,61,102,83,154,182,,8,,,34,17,44,119,33,34,79,52,169,238,64,323,1,3,2,2,9,67,75,44,12,16,172,329,5,30,19,57,81,41,17,117,275,223,143,164,110,160,178,152,,,258,241,,,40,92,92,12,30,6,23,82,14,38,168,249,1,1,1,19,8,26,39,19,111,232,119,183,,289,,,b'\x11\xe8\xe1I\xca\x89\x02\x94\xaf\x82\x12\xdf\x17\xaeN\x1e'
11E8E149-CA89-0294-AF82-12DF17AE4E1E,2022-ncaa-d1-conf-Atlantic 10,ncaa,3,2,13,2,14,13,8,14,3,4,6,6,13,14,1,14,14,14,9,14,14,14,14,5,5,6,14,14,13,10,4,11,1,12,1,7,4,3,8,5,6,2,11,5,,,1,2,,,3,14,12,10,7,5,11,2,1,13,14,12,12,12,12,13,7,4,4,3,7,2,8,,1,,,3,1,1,1,2,1,1,8,3,6,4,14,1,1,10,1,2,1,1,3,3,3,8,14,1,1,1,1,4,1,1,4,14,12,2,8,5,10,10,11,,,13,12,,,3,1,6,2,3,2,2,2,2,1,10,14,1,1,1,1,1,1,2,1,8,5,9,14,,13,,,b'\x11\xe8\xe1I\xca\x89\x02\x94\xaf\x82\x12\xdf\x17\xaeN\x1e'
11E8E149-CA89-0294-AF82-12DF17AE4E1E,2022-ncaa-d1-natl,ncaa,65,19,213,35,251,215,185,254,71,141,163,121,249,296,69,278,285,269,284,269,290,260,291,98,126,127,301,251,278,172,88,123,21,141,17,145,109,50,125,91,188,111,194,145,,,9,27,,,48,306,332,275,205,137,252,92,119,245,291,281,252,255,263,310,144,56,68,115,85,166,187,,8,,,40,9,33,77,37,22,53,59,147,214,72,321,1,3,3,2,10,39,37,50,14,20,172,329,5,17,21,31,88,15,17,98,273,257,161,183,92,166,167,168,,,289,238,,,48,48,100,17,35,7,30,83,17,39,171,248,1,1,1,21,8,29,43,20,123,243,126,195,,289,,,b'\x11\xe8\xe1I\xca\x89\x02\x94\xaf\x82\x12\xdf\x17\xaeN\x1e'
11E8E149-CA89-0294-AF82-12DF17AE4E1E,2023-ncaa-d0-natl,ncaa,27,20,46,26,49,78,77,75,129,142,150,146,31,39,42,69,215,185,240,184,211,88,71,88,113,128,74,42,324,41,47,39,47,38,25,71,114,279,191,126,80,112,47,54,,,176,98,,,36,94,246,38,123,104,111,215,248,41,64,269,260,260,148,155,60,52,35,96,199,122,58,,94,,,36,115,132,283,24,155,266,58,118,265,14,222,108,97,239,112,74,267,273,18,19,22,115,161,153,168,47,188,47,189,25,66,68,105,148,44,205,130,202,179,,,192,315,,,36,274,88,18,31,21,35,158,67,138,70,192,59,51,59,109,117,95,72,60,28,172,142,144,,301,,,b'\x11\xe8\xe1I\xca\x89\x02\x94\xaf\x82\x12\xdf\x17\xaeN\x1e'
11E8E149-CA89-0294-AF82-12DF17AE4E1E,2023-ncaa-d1-conf-Atlantic 10,ncaa,1,1,1,1,1,3,4,5,6,6,8,7,1,2,2,5,3,3,11,3,4,3,3,4,4,6,3,4,6,5,4,1,3,2,1,2,4,15,12,7,7,10,2,3,,,15,11,,,2,3,8,2,4,6,8,11,11,1,4,3,4,4,8,5,6,1,2,4,14,9,2,,13,,,2,6,5,13,1,11,14,4,3,10,1,7,14,12,14,13,8,14,14,1,1,1,2,2,14,10,3,6,4,8,1,5,5,7,11,6,14,12,7,8,,,5,8,,,2,13,4,1,2,1,1,10,6,10,1,9,12,9,9,10,8,7,1,4,3,10,12,7,,7,,,b'\x11\xe8\xe1I\xca\x89\x02\x94\xaf\x82\x12\xdf\x17\xaeN\x1e'
11E8E149-CA89-0294-AF82-12DF17AE4E1E,2023-ncaa-d1-natl,ncaa,28,20,56,27,61,93,92,85,135,172,189,161,34,55,44,72,231,204,241,203,209,103,91,95,117,133,70,39,324,48,49,48,51,43,29,85,121,255,197,134,109,129,52,56,,,151,104,,,38,115,254,39,130,111,124,229,255,43,69,277,262,263,168,158,63,59,41,108,202,142,59,,96,,,38,76,92,261,24,124,238,63,99,247,14,222,88,81,246,94,76,237,248,18,21,22,113,160,148,142,51,154,49,152,29,51,68,136,159,50,187,135,190,191,,,224,313,,,38,253,93,20,33,25,42,165,76,141,74,192,61,51,65,115,111,98,75,68,31,183,143,152,,303,,,b'\x11\xe8\xe1I\xca\x89\x02\x94\xaf\x82\x12\xdf\x17\xaeN\x1e'
11E8E149-CA89-0294-AF82-12DF17AE4E1E,2024-ncaa-d0-natl,ncaa,76,127,13,111,26,90,69,42,149,51,34,158,167,143,220,239,153,91,328,85,232,46,45,178,213,177,287,243,260,14,16,81,63,25,24,87,169,213,92,111,82,95,66,83,,,198,116,,,58,77,318,263,182,139,141,94,113,234,224,257,191,185,145,198,25,199,69,144,86,140,106,,62,,,65,172,196,240,101,193,263,70,193,176,238,151,98,76,278,83,55,229,268,105,91,51,143,213,87,124,63,240,16,201,24,180,172,54,69,85,128,59,176,60,,,112,255,,,58,281,112,36,66,20,42,39,49,87,93,70,30,24,24,15,26,33,58,39,73,134,53,95,,262,,,b'\x11\xe8\xe1I\xca\x89\x02\x94\xaf\x82\x12\xdf\x17\xaeN\x1e'
11E8E149-CA89-0294-AF82-12DF17AE4E1E,2024-ncaa-d1-conf-Atlantic 10,ncaa,6,7,1,6,1,3,2,1,8,1,1,7,7,5,11,10,5,2,13,1,11,1,1,9,9,9,12,12,10,1,2,3,4,1,2,4,6,11,3,4,4,7,2,6,,,11,3,,,5,2,12,7,6,6,5,3,3,11,9,8,6,6,3,5,1,5,1,6,4,7,5,,3,,,5,9,9,13,6,11,15,6,8,10,7,5,9,8,14,8,2,13,13,6,6,5,7,8,5,9,4,11,2,12,2,7,5,3,6,5,8,2,10,7,,,1,9,,,5,15,7,4,5,5,5,8,5,7,5,4,4,2,2,4,4,3,6,3,5,7,6,7,,7,,,b'\x11\xe8\xe1I\xca\x89\x02\x94\xaf\x82\x12\xdf\x17\xaeN\x1e'
11E8E149-CA89-0294-AF82-12DF17AE4E1E,2024-ncaa-d1-natl,ncaa,91,129,16,117,34,109,90,51,168,60,40,174,193,171,225,240,172,111,329,102,233,57,63,194,225,188,287,241,259,17,16,104,66,33,29,106,179,187,95,116,99,105,73,87,,,165,121,,,73,102,322,264,202,160,153,106,115,242,231,261,195,190,158,210,29,222,79,164,87,155,111,,64,,,76,137,170,211,116,166,243,79,181,150,242,151,84,61,284,63,58,191,234,126,108,64,137,214,87,103,66,207,16,162,29,167,176,73,82,102,108,60,164,72,,,138,248,,,73,258,122,49,74,24,54,41,54,90,100,71,33,24,24,17,24,33,63,41,81,147,52,102,,262,,,b'\x11\xe8\xe1I\xca\x89\x02\x94\xaf\x82\x12\xdf\x17\xaeN\x1e'
11E8E149-CA89-0294-AF82-12DF17AE4E1E,2025-ncaa-d0-natl,genius_ncaa,133,176,54,164,71,171,144,97,232,160,132,215,140,102,241,112,305,292,263,287,331,122,133,222,254,213,200,123,333,23,19,117,47,52,26,148,155,110,102,124,154,121,53,51,,,81,109,,235,95,207,358,232,262,211,158,237,215,175,130,336,334,332,230,289,29,212,72,187,68,202,57,,38,,191,100,58,95,145,96,130,253,33,73,29,301,30,57,53,230,51,35,112,133,78,71,76,92,124,111,56,47,180,19,130,26,21,16,174,137,47,67,57,201,166,,,243,312,,211,95,157,131,55,91,12,25,22,59,150,39,10,33,30,30,12,7,24,68,33,7,244,39,144,,326,,240,b'\x11\xe8\xe1I\xca\x89\x02\x94\xaf\x82\x12\xdf\x17\xaeN\x1e'
11E8E149-CA89-0294-AF82-12DF17AE4E1E,2025-ncaa-d1-conf-Atlantic 10,genius_ncaa,5,5,4,5,4,9,9,5,8,7,9,7,7,7,10,7,10,9,7,9,11,6,10,9,9,7,9,7,11,2,3,4,3,1,2,7,8,4,5,6,8,7,3,5,,,4,7,,14,5,11,15,2,9,8,6,8,8,8,5,11,10,10,7,10,2,2,2,7,5,9,3,,5,,13,5,3,5,6,7,7,13,1,3,2,12,2,6,6,5,6,5,5,2,3,3,6,3,4,8,3,3,7,3,6,2,2,2,12,12,3,3,3,10,10,,,12,11,,9,5,4,6,5,5,3,2,2,8,13,3,2,6,6,6,2,1,3,8,5,2,12,3,9,,13,,9,b'\x11\xe8\xe1I\xca\x89\x02\x94\xaf\x82\x12\xdf\x17\xaeN\x1e'
11E8E149-CA89-0294-AF82-12DF17AE4E1E,2025-ncaa-d1-natl,genius_ncaa,145,176,72,173,88,200,166,124,243,196,161,221,152,115,238,112,319,308,256,305,331,151,171,233,270,221,201,121,331,29,23,144,50,71,29,168,164,94,109,132,173,134,57,52,,,63,114,,228,107,257,358,228,278,229,180,247,219,178,135,337,334,332,245,295,30,221,82,197,71,214,57,,41,,199,108,42,68,103,104,108,231,36,58,22,309,31,47,47,234,45,35,72,81,88,83,85,90,121,112,41,50,142,23,95,29,14,17,212,146,60,55,61,187,179,,,269,314,,217,107,104,139,69,104,13,28,22,63,154,41,10,35,32,31,13,5,23,69,36,7,252,43,150,,328,,242,b'\x11\xe8\xe1I\xca\x89\x02\x94\xaf\x82\x12\xdf\x17\xaeN\x1e'
11E8E149-CA89-0294-AF82-12DF17AE4E1E,2026-ncaa-d0-natl,genius_ncaa,35,39,49,45,114,105,99,127,89,83,109,84,186,178,223,237,94,120,100,116,168,126,154,106,100,74,281,286,152,192,233,115,81,132,134,147,270,90,56,92,190,209,101,129,,,192,182,,180,65,144,354,353,175,155,278,105,195,254,265,147,184,185,273,349,282,207,270,214,20,273,139,,80,,129,70,159,169,215,88,189,260,70,138,139,169,104,134,91,331,94,41,184,184,83,92,98,110,139,130,137,81,222,233,203,134,203,213,154,166,171,52,31,7,4,,,118,119,,173,65,203,91,87,74,27,43,34,71,131,56,42,57,29,29,14,6,39,89,50,87,262,16,4,,229,,232,b'\x11\xe8\xe1I\xca\x89\x02\x94\xaf\x82\x12\xdf\x17\xaeN\x1e'
11E8E149-CA89-0294-AF82-12DF17AE4E1E,2026-ncaa-d1-conf-Atlantic 10,genius_ncaa,1,1,1,1,1,8,9,8,9,7,9,9,7,5,9,4,4,5,1,5,6,10,12,10,8,6,8,8,3,10,5,10,4,11,5,11,11,2,5,9,4,3,5,4,,,7,11,,2,6,14,13,1,8,9,8,7,9,7,5,4,5,5,10,12,10,10,11,11,2,4,5,,7,,2,6,3,4,1,7,5,3,7,2,4,4,7,9,11,10,11,12,2,2,6,5,5,5,6,11,3,4,3,5,2,5,7,9,6,4,7,4,7,4,7,,,6,7,,8,6,2,6,5,5,3,4,1,5,3,2,4,9,11,11,2,2,3,3,2,7,6,4,4,,6,,8,b'\x11\xe8\xe1I\xca\x89\x02\x94\xaf\x82\x12\xdf\x17\xaeN\x1e'
11E8E149-CA89-0294-AF82-12DF17AE4E1E,2026-ncaa-d1-natl,genius_ncaa,18,39,13,39,81,67,61,70,83,49,63,77,140,136,189,222,107,132,100,124,219,72,115,106,105,64,285,241,210,142,210,66,53,87,125,104,258,75,30,57,196,233,92,141,,,188,145,,178,60,108,352,351,157,128,218,91,164,225,235,181,220,213,222,342,256,176,216,188,16,279,136,,65,,116,74,185,205,246,95,211,295,59,195,154,265,98,99,67,319,65,23,223,217,97,95,118,113,191,87,122,53,262,210,216,125,249,235,162,200,218,42,21,8,4,,,121,173,,162,60,241,70,101,73,30,55,48,79,161,81,41,41,22,23,19,8,33,107,54,121,281,15,4,,261,,225,b'\x11\xe8\xe1I\xca\x89\x02\x94\xaf\x82\x12\xdf\x17\xaeN\x1e'
11E8E149-CA8D-4C14-AF82-12DF17AE4E1E,2010-ncaa-d0-natl,ncaa,197,202,178,205,192,171,198,128,274,205,134,294,146,148,141,178,122,130,127,130,150,131,159,265,243,198,99,138,89,184,273,58,60,99,177,125,60,92,79,89,266,291,332,338,,,244,234,,,240,149,59,111,144,185,70,207,110,130,130,90,103,103,62,91,167,16,43,95,126,261,333,,279,,,239,247,258,255,198,299,299,183,77,86,139,36,214,259,45,255,155,265,201,148,140,225,45,50,177,155,60,313,273,275,177,161,60,280,320,269,191,182,152,139,,,128,117,,,240,215,211,207,223,288,305,322,325,336,84,87,239,270,269,325,287,179,326,304,192,284,212,166,,86,,,b'\x11\xe8\xe1I\xca\x8dL\x14\xaf\x82\x12\xdf\x17\xaeN\x1e'
11E8E149-CA8D-4C14-AF82-12DF17AE4E1E,2010-ncaa-d1-conf-C-USA,ncaa,8,7,7,8,9,10,12,7,12,12,8,12,7,6,7,5,5,6,4,6,6,7,8,12,11,9,3,6,3,9,11,4,2,6,9,7,2,1,2,1,11,12,12,12,,,3,4,,,12,9,5,5,9,12,4,12,7,7,5,5,6,6,3,5,7,3,3,6,3,11,12,,5,,,12,5,8,8,10,11,9,10,1,2,4,2,4,4,3,4,4,8,5,9,8,9,1,1,3,2,2,11,11,9,9,2,1,12,12,11,6,5,11,11,,,7,6,,,12,6,11,10,11,11,12,10,12,12,3,3,7,7,7,12,7,3,12,12,3,12,6,11,,6,,,b'\x11\xe8\xe1I\xca\x8dL\x14\xaf\x82\x12\xdf\x17\xaeN\x1e'
11E8E149-CA8D-4C14-AF82-12DF17AE4E1E,2010-ncaa-d1-conf-CUSA,ncaa,8,7,7,8,9,10,12,7,12,12,8,12,7,6,7,5,5,6,4,6,6,7,8,12,11,9,3,6,3,9,11,4,2,6,9,7,2,1,2,1,11,12,12,12,,,3,4,,,12,9,5,5,9,12,4,12,7,7,5,5,6,6,3,5,7,3,3,6,3,11,12,,5,,,12,5,8,8,10,11,9,10,1,2,4,2,4,4,3,4,4,8,5,9,8,9,1,1,3,2,2,11,11,9,9,2,1,12,12,11,6,5,11,11,,,7,6,,,12,6,11,10,11,11,12,10,12,12,3,3,7,7,7,12,7,3,12,12,3,12,6,11,,6,,,b'\x11\xe8\xe1I\xca\x8dL\x14\xaf\x82\x12\xdf\x17\xaeN\x1e'
11E8E149-CA8D-4C14-AF82-12DF17AE4E1E,2010-ncaa-d1-natl,ncaa,206,202,191,208,207,186,213,144,281,219,147,297,152,155,143,180,128,139,126,138,150,145,171,272,250,199,99,139,85,196,275,65,63,110,182,128,61,78,80,89,278,297,335,338,,,229,235,,,246,163,60,106,150,192,72,212,113,132,130,89,103,104,62,93,169,18,45,95,125,268,334,,280,,,246,238,254,247,204,297,295,191,66,73,144,34,203,250,45,247,154,254,183,153,143,234,45,48,177,140,63,308,275,264,182,155,62,297,322,280,178,182,147,144,,,141,114,,,246,204,213,216,227,291,309,323,326,336,87,86,239,270,269,327,286,183,329,305,197,285,214,170,,85,,,b'\x11\xe8\xe1I\xca\x8dL\x14\xaf\x82\x12\xdf\x17\xaeN\x1e'
11E8E149-CA8D-4C14-AF82-12DF17AE4E1E,2011-ncaa-d0-natl,ncaa,123,134,77,137,91,108,124,77,212,119,94,218,137,133,176,179,79,67,203,62,97,74,90,210,198,154,141,167,111,136,250,37,101,57,182,113,144,89,40,78,172,221,145,219,,,82,21,,,137,78,108,131,136,163,103,170,126,156,147,89,74,68,75,133,178,27,62,138,57,200,160,,41,,,138,226,295,305,125,330,331,118,57,79,65,23,79,90,75,86,13,292,276,74,52,106,11,37,49,246,101,326,250,313,182,162,41,178,253,175,235,194,198,138,,,55,69,,,137,276,159,102,125,150,249,301,305,333,40,45,58,73,68,266,244,203,303,286,135,228,197,168,,72,,,b'\x11\xe8\xe1I\xca\x8dL\x14\xaf\x82\x12\xdf\x17\xaeN\x1e'
11E8E149-CA8D-4C14-AF82-12DF17AE4E1E,2011-ncaa-d1-conf-C-USA,ncaa,4,3,8,3,10,8,9,8,9,10,8,8,3,4,6,3,8,7,8,7,4,7,10,8,7,5,2,3,3,10,12,6,2,7,5,5,2,1,2,2,11,11,5,6,,,1,1,,,6,10,9,4,8,9,7,10,8,2,1,7,4,4,5,10,9,2,4,3,1,11,5,,1,,,6,3,7,7,8,10,10,4,1,1,5,1,2,2,8,2,1,4,3,2,2,6,1,1,2,3,2,10,12,4,5,3,2,12,12,9,3,7,6,8,,,7,3,,,6,4,5,4,4,4,11,10,12,11,1,1,2,2,2,7,4,4,12,7,5,12,6,7,,3,,,b'\x11\xe8\xe1I\xca\x8dL\x14\xaf\x82\x12\xdf\x17\xaeN\x1e'
11E8E149-CA8D-4C14-AF82-12DF17AE4E1E,2011-ncaa-d1-conf-CUSA,ncaa,4,3,8,3,10,8,9,8,9,10,8,8,3,4,6,3,8,7,8,7,4,7,10,8,7,5,2,3,3,10,12,6,2,7,5,5,2,1,2,2,11,11,5,6,,,1,1,,,6,10,9,4,8,9,7,10,8,2,1,7,4,4,5,10,9,2,4,3,1,11,5,,1,,,6,3,7,7,8,10,10,4,1,1,5,1,2,2,8,2,1,4,3,2,2,6,1,1,2,3,2,10,12,4,5,3,2,12,12,9,3,7,6,8,,,7,3,,,6,4,5,4,4,4,11,10,12,11,1,1,2,2,2,7,4,4,12,7,5,12,6,7,,3,,,b'\x11\xe8\xe1I\xca\x8dL\x14\xaf\x82\x12\xdf\x17\xaeN\x1e'
11E8E149-CA8D-4C14-AF82-12DF17AE4E1E,2011-ncaa-d1-natl,ncaa,128,133,95,140,110,124,143,88,218,138,109,226,143,141,176,177,89,82,200,78,97,82,107,218,205,161,140,166,109,149,253,42,103,70,189,129,146,71,40,80,195,227,155,223,,,67,20,,,142,94,108,131,141,165,107,172,133,157,148,91,76,71,81,139,180,29,63,141,56,208,163,,42,,,142,208,284,300,133,325,330,121,51,72,68,23,69,77,82,72,13,284,265,76,56,111,11,35,49,230,103,322,253,310,189,149,39,199,260,182,223,195,187,144,,,65,63,,,142,262,164,108,134,158,253,304,309,338,40,45,60,73,69,265,244,203,304,292,138,234,204,175,,68,,,b'\x11\xe8\xe1I\xca\x8dL\x14\xaf\x82\x12\xdf\x17\xaeN\x1e'
11E8E149-CA8D-4C14-AF82-12DF17AE4E1E,2012-ncaa-d0-natl,ncaa,147,174,81,162,83,160,182,49,330,185,75,326,156,82,312,141,95,53,290,52,114,45,50,328,327,294,105,156,76,31,135,44,57,30,134,173,137,174,67,169,32,46,123,171,,,205,119,,,134,67,106,69,212,241,37,239,103,171,98,117,59,58,29,41,26,51,18,219,129,38,134,,147,,,134,124,173,218,119,271,305,101,15,26,32,14,112,201,4,204,94,222,260,62,39,29,9,13,138,160,57,336,135,324,134,64,32,46,65,24,194,110,234,159,,,72,189,,,134,274,268,22,138,67,127,142,241,295,9,14,87,168,170,148,210,115,334,307,50,60,152,201,,100,,,b'\x11\xe8\xe1I\xca\x8dL\x14\xaf\x82\x12\xdf\x17\xaeN\x1e'
11E8E149-CA8D-4C14-AF82-12DF17AE4E1E,2012-ncaa-d1-conf-C-USA,ncaa,4,3,3,4,3,6,7,2,11,9,5,11,2,2,10,4,4,5,5,4,7,3,3,10,10,10,2,3,7,4,7,4,4,3,8,7,6,2,1,5,4,5,7,7,,,5,6,,,5,6,8,1,7,9,1,10,6,2,2,6,7,7,2,4,3,5,4,7,2,4,7,,6,,,5,4,4,6,5,12,12,4,1,1,1,1,6,7,2,7,5,5,6,2,2,2,1,1,8,6,4,11,7,9,8,1,1,5,5,2,3,3,6,6,,,5,9,,,5,7,8,3,5,2,3,4,12,12,1,1,7,7,7,3,7,6,11,9,1,6,2,5,,5,,,b'\x11\xe8\xe1I\xca\x8dL\x14\xaf\x82\x12\xdf\x17\xaeN\x1e'
11E8E149-CA8D-4C14-AF82-12DF17AE4E1E,2012-ncaa-d1-conf-CUSA,ncaa,4,3,3,4,3,6,7,2,11,9,5,11,2,2,10,4,4,5,5,4,7,3,3,10,10,10,2,3,7,4,7,4,4,3,8,7,6,2,1,5,4,5,7,7,,,5,6,,,5,6,8,1,7,9,1,10,6,2,2,6,7,7,2,4,3,5,4,7,2,4,7,,6,,,5,4,4,6,5,12,12,4,1,1,1,1,6,7,2,7,5,5,6,2,2,2,1,1,8,6,4,11,7,9,8,1,1,5,5,2,3,3,6,6,,,5,9,,,5,7,8,3,5,2,3,4,12,12,1,1,7,7,7,3,7,6,11,9,1,6,2,5,,5,,,b'\x11\xe8\xe1I\xca\x8dL\x14\xaf\x82\x12\xdf\x17\xaeN\x1e'
11E8E149-CA8D-4C14-AF82-12DF17AE4E1E,2012-ncaa-d1-natl,ncaa,158,173,90,172,93,183,204,53,332,205,82,330,163,89,311,140,104,63,290,59,114,49,58,329,328,295,101,154,71,34,144,53,62,34,140,198,140,151,70,175,37,46,128,174,,,189,118,,,142,81,109,67,217,252,40,249,108,171,100,119,63,59,32,46,28,53,20,225,129,42,137,,154,,,143,104,163,198,126,255,300,105,11,22,33,14,103,187,4,188,96,198,241,65,45,30,9,13,136,145,62,335,144,320,140,54,32,56,68,24,178,115,225,164,,,86,190,,,142,261,274,25,147,72,131,148,244,295,9,14,89,172,174,151,209,122,334,309,50,65,155,209,,104,,,b'\x11\xe8\xe1I\xca\x8dL\x14\xaf\x82\x12\xdf\x17\xaeN\x1e'
11E8E149-CA8D-4C14-AF82-12DF17AE4E1E,2013-ncaa-d0-natl,ncaa,177,166,183,180,218,248,229,180,275,161,91,283,299,290,294,292,202,189,243,193,265,179,168,302,300,295,295,289,134,138,180,33,44,52,68,207,141,223,225,227,334,340,138,201,,,89,89,,,223,177,123,179,260,234,147,144,60,297,290,200,178,176,156,121,119,2,12,203,246,337,130,,122,,,225,112,210,249,105,270,304,124,35,75,31,45,36,109,1,111,42,239,165,65,28,102,8,32,45,137,44,252,180,212,68,81,39,314,334,250,319,312,40,22,,,148,146,,,223,169,291,104,221,151,243,321,298,337,42,84,45,131,132,308,205,151,276,252,104,318,311,45,,124,,,b'\x11\xe8\xe1I\xca\x8dL\x14\xaf\x82\x12\xdf\x17\xaeN\x1e'
11E8E149-CA8D-4C14-AF82-12DF17AE4E1E,2013-ncaa-d1-conf-C-USA,ncaa,11,10,6,11,10,11,11,11,11,11,10,11,12,12,10,12,9,10,2,10,10,11,10,11,11,12,10,11,5,8,5,4,5,5,2,8,3,11,11,8,11,12,2,4,,,3,5,,,9,10,9,5,11,11,10,10,6,12,12,9,10,10,11,9,7,2,2,6,12,11,1,,4,,,9,2,4,7,3,4,7,3,4,3,4,3,2,3,1,3,3,6,3,3,2,3,2,4,5,3,5,3,5,2,2,2,2,11,10,6,11,12,1,1,,,6,6,,,9,4,12,4,9,3,5,10,7,11,4,3,3,5,5,8,6,6,3,4,3,10,12,1,,6,,,b'\x11\xe8\xe1I\xca\x8dL\x14\xaf\x82\x12\xdf\x17\xaeN\x1e'
11E8E149-CA8D-4C14-AF82-12DF17AE4E1E,2013-ncaa-d1-conf-CUSA,ncaa,11,10,6,11,10,11,11,11,11,11,10,11,12,12,10,12,9,10,2,10,10,11,10,11,11,12,10,11,5,8,5,4,5,5,2,8,3,11,11,8,11,12,2,4,,,3,5,,,9,10,9,5,11,11,10,10,6,12,12,9,10,10,11,9,7,2,2,6,12,11,1,,4,,,9,2,4,7,3,4,7,3,4,3,4,3,2,3,1,3,3,6,3,3,2,3,2,4,5,3,5,3,5,2,2,2,2,11,10,6,11,12,1,1,,,6,6,,,9,4,12,4,9,3,5,10,7,11,4,3,3,5,5,8,6,6,3,4,3,10,12,1,,6,,,b'\x11\xe8\xe1I\xca\x8dL\x14\xaf\x82\x12\xdf\x17\xaeN\x1e'
11E8E149-CA8D-4C14-AF82-12DF17AE4E1E,2013-ncaa-d1-natl,ncaa,186,165,210,186,254,264,249,204,281,181,105,288,300,294,293,290,215,201,243,204,260,204,194,306,304,298,292,288,127,153,184,38,46,62,74,223,141,214,227,231,337,341,145,201,,,78,89,,,232,201,125,172,265,238,155,156,61,299,290,199,177,177,159,126,124,2,12,212,246,337,133,,125,,,233,96,194,240,114,263,300,129,28,62,33,43,33,98,1,100,43,225,135,68,31,114,8,33,44,121,46,236,184,197,74,75,40,325,334,258,311,314,33,22,,,164,141,,,232,146,297,109,234,155,247,321,300,337,43,83,46,130,131,308,204,149,277,255,112,321,314,46,,122,,,b'\x11\xe8\xe1I\xca\x8dL\x14\xaf\x82\x12\xdf\x17\xaeN\x1e'
11E8E149-CA8D-4C14-AF82-12DF17AE4E1E,2014-ncaa-d0-natl,ncaa,197,205,180,207,201,257,214,189,252,118,76,256,329,320,328,317,256,247,221,241,319,203,194,293,299,290,335,324,209,126,110,136,193,123,134,222,198,175,202,228,286,294,158,190,,,138,177,,,226,221,218,110,276,208,144,87,39,331,316,255,245,236,169,160,106,84,69,225,211,283,145,,167,,,227,108,132,179,119,231,270,107,25,46,43,40,155,166,82,166,115,183,131,71,62,138,35,30,205,230,193,156,110,190,134,54,34,304,307,198,244,255,5,3,,,187,166,,,226,115,275,177,238,142,184,239,255,315,33,50,185,199,198,246,168,262,199,244,67,301,254,5,,168,,,b'\x11\xe8\xe1I\xca\x8dL\x14\xaf\x82\x12\xdf\x17\xaeN\x1e'
11E8E149-CA8D-4C14-AF82-12DF17AE4E1E,2014-ncaa-d1-conf-C-USA,ncaa,11,9,10,11,12,15,14,13,13,9,5,13,15,15,14,14,15,16,7,16,16,14,15,14,15,13,15,14,12,12,10,12,12,12,13,13,10,3,8,10,16,16,9,9,,,4,7,,,13,15,14,6,14,11,8,6,3,15,14,15,15,15,13,14,10,7,9,11,5,16,9,,7,,,14,5,5,6,5,7,11,2,4,4,8,6,7,5,12,5,6,6,3,4,3,7,5,6,10,10,12,7,10,6,13,3,2,15,14,9,5,7,1,1,,,15,11,,,13,2,14,10,14,5,5,10,10,14,5,5,7,6,6,8,6,14,12,13,4,14,6,1,,13,,,b'\x11\xe8\xe1I\xca\x8dL\x14\xaf\x82\x12\xdf\x17\xaeN\x1e'
11E8E149-CA8D-4C14-AF82-12DF17AE4E1E,2014-ncaa-d1-conf-CUSA,ncaa,11,9,10,11,12,15,14,13,13,9,5,13,15,15,14,14,15,16,7,16,16,14,15,14,15,13,15,14,12,12,10,12,12,12,13,13,10,3,8,10,16,16,9,9,,,4,7,,,13,15,14,6,14,11,8,6,3,15,14,15,15,15,13,14,10,7,9,11,5,16,9,,7,,,14,5,5,6,5,7,11,2,4,4,8,6,7,5,12,5,6,6,3,4,3,7,5,6,10,10,12,7,10,6,13,3,2,15,14,9,5,7,1,1,,,15,11,,,13,2,14,10,14,5,5,10,10,14,5,5,7,6,6,8,6,14,12,13,4,14,6,1,,13,,,b'\x11\xe8\xe1I\xca\x8dL\x14\xaf\x82\x12\xdf\x17\xaeN\x1e'
11E8E149-CA8D-4C14-AF82-12DF17AE4E1E,2014-ncaa-d1-natl,ncaa,211,204,211,214,236,278,240,214,256,135,92,260,330,322,328,316,268,261,217,257,320,231,228,297,303,293,333,324,208,140,117,166,201,146,141,242,202,158,202,236,298,296,166,200,,,122,178,,,234,258,220,94,277,212,148,90,40,328,316,256,245,239,174,164,110,88,74,235,215,287,147,,165,,,235,89,120,158,127,217,254,115,18,33,43,39,146,159,83,159,116,156,97,75,71,150,31,31,203,205,201,137,117,168,141,46,34,320,307,205,227,256,5,3,,,213,168,,,234,80,279,186,248,147,192,240,261,316,35,50,187,202,202,249,167,265,205,248,70,301,255,5,,170,,,b'\x11\xe8\xe1I\xca\x8dL\x14\xaf\x82\x12\xdf\x17\xaeN\x1e'
11E8E149-CA8D-4C14-AF82-12DF17AE4E1E,2015-ncaa-d0-natl,ncaa,267,279,172,277,178,216,176,119,255,88,34,291,319,327,239,336,193,108,334,106,269,117,108,305,314,297,325,330,153,53,76,131,147,84,107,159,148,205,170,186,199,217,118,152,,,231,227,,,222,149,100,59,220,170,63,59,10,325,330,182,84,83,56,39,28,82,25,143,223,202,115,,254,,,224,160,191,180,203,280,261,225,19,59,11,36,209,223,120,223,150,198,206,129,132,136,21,11,212,186,147,261,76,236,107,62,26,145,155,79,287,254,32,8,,,93,130,,,222,205,271,130,218,188,232,229,309,311,18,58,215,229,235,251,272,208,279,262,78,130,291,36,,44,,,b'\x11\xe8\xe1I\xca\x8dL\x14\xaf\x82\x12\xdf\x17\xaeN\x1e'
11E8E149-CA8D-4C14-AF82-12DF17AE4E1E,2015-ncaa-d1-conf-C-USA,ncaa,12,13,8,13,8,10,8,7,10,5,1,11,13,14,8,14,9,8,12,8,11,7,7,11,12,11,14,13,7,3,6,9,7,6,8,7,7,9,7,7,10,10,3,3,,,13,11,,,11,7,2,3,9,7,2,4,1,13,14,8,6,6,3,1,2,5,3,7,11,10,3,,13,,,11,8,7,4,10,11,8,11,4,3,6,3,13,13,8,13,11,7,7,9,10,10,5,3,13,5,7,11,6,7,8,5,5,7,8,4,13,13,1,1,,,7,10,,,11,8,11,9,11,10,11,7,12,10,3,4,13,13,13,11,13,5,10,10,6,7,13,1,,6,,,b'\x11\xe8\xe1I\xca\x8dL\x14\xaf\x82\x12\xdf\x17\xaeN\x1e'
11E8E149-CA8D-4C14-AF82-12DF17AE4E1E,2015-ncaa-d1-conf-CUSA,ncaa,12,13,8,13,8,10,8,7,10,5,1,11,13,14,8,14,9,8,12,8,11,7,7,11,12,11,14,13,7,3,6,9,7,6,8,7,7,9,7,7,10,10,3,3,,,13,11,,,11,7,2,3,9,7,2,4,1,13,14,8,6,6,3,1,2,5,3,7,11,10,3,,13,,,11,8,7,4,10,11,8,11,4,3,6,3,13,13,8,13,11,7,7,9,10,10,5,3,13,5,7,11,6,7,8,5,5,7,8,4,13,13,1,1,,,7,10,,,11,8,11,9,11,10,11,7,12,10,3,4,13,13,13,11,13,5,10,10,6,7,13,1,,6,,,b'\x11\xe8\xe1I\xca\x8dL\x14\xaf\x82\x12\xdf\x17\xaeN\x1e'
11E8E149-CA8D-4C14-AF82-12DF17AE4E1E,2015-ncaa-d1-natl,ncaa,277,279,209,279,219,244,205,146,262,109,41,298,323,330,242,337,209,131,336,130,267,139,135,307,317,301,326,330,147,61,82,164,151,100,119,182,147,183,174,193,224,232,129,154,,,212,233,,,237,192,108,56,225,178,68,61,9,326,329,181,85,86,58,41,30,93,28,151,227,213,117,,257,,,239,128,171,152,211,267,242,233,12,46,13,36,192,211,120,209,151,165,165,143,143,144,21,12,209,161,151,234,82,209,119,48,27,167,161,89,273,255,25,9,,,115,125,,,237,164,275,139,234,203,239,233,311,313,18,59,222,238,241,257,270,215,279,266,82,136,295,36,,45,,,b'\x11\xe8\xe1I\xca\x8dL\x14\xaf\x82\x12\xdf\x17\xaeN\x1e'
11E8E149-CA8D-4C14-AF82-12DF17AE4E1E,2016-ncaa-d0-natl,ncaa,268,293,114,285,106,214,222,282,137,236,293,99,170,160,213,119,178,115,335,116,24,253,216,127,152,214,131,144,137,233,183,219,277,229,221,129,42,293,315,215,279,286,260,271,,,261,284,,,263,204,311,3,265,267,332,260,321,186,171,205,123,121,313,278,243,268,284,138,281,291,266,,258,,,254,211,240,192,253,263,226,228,152,108,266,88,150,187,52,185,153,186,181,242,217,227,89,132,120,273,277,89,183,155,221,128,67,193,197,162,167,198,34,92,,,42,7,,,263,151,225,261,254,198,219,151,240,217,154,85,140,180,185,159,135,265,63,130,120,212,165,30,,25,,,b'\x11\xe8\xe1I\xca\x8dL\x14\xaf\x82\x12\xdf\x17\xaeN\x1e'
11E8E149-CA8D-4C14-AF82-12DF17AE4E1E,2016-ncaa-d1-conf-C-USA,ncaa,8,8,4,8,4,8,8,13,3,8,11,4,7,8,7,6,8,7,13,7,5,10,10,4,4,6,6,6,7,11,11,8,9,11,11,2,2,11,12,5,11,10,12,12,,,7,8,,,9,6,13,1,9,9,14,9,10,7,8,8,7,8,11,9,10,10,10,2,12,11,12,,8,,,9,8,8,9,10,6,9,6,11,8,13,6,6,6,4,6,6,7,7,9,9,9,10,9,6,10,9,8,11,7,11,5,3,8,8,5,6,7,5,6,,,3,1,,,9,8,8,9,9,8,9,8,8,10,10,7,7,7,7,6,6,8,6,6,5,8,5,5,,2,,,b'\x11\xe8\xe1I\xca\x8dL\x14\xaf\x82\x12\xdf\x17\xaeN\x1e'
11E8E149-CA8D-4C14-AF82-12DF17AE4E1E,2016-ncaa-d1-conf-CUSA,ncaa,8,8,4,8,4,8,8,13,3,8,11,4,7,8,7,6,8,7,13,7,5,10,10,4,4,6,6,6,7,11,11,8,9,11,11,2,2,11,12,5,11,10,12,12,,,7,8,,,9,6,13,1,9,9,14,9,10,7,8,8,7,8,11,9,10,10,10,2,12,11,12,,8,,,9,8,8,9,10,6,9,6,11,8,13,6,6,6,4,6,6,7,7,9,9,9,10,9,6,10,9,8,11,7,11,5,3,8,8,5,6,7,5,6,,,3,1,,,9,8,8,9,9,8,9,8,8,10,10,7,7,7,7,6,6,8,6,6,5,8,5,5,,2,,,b'\x11\xe8\xe1I\xca\x8dL\x14\xaf\x82\x12\xdf\x17\xaeN\x1e'
11E8E149-CA8D-4C14-AF82-12DF17AE4E1E,2016-ncaa-d1-natl,ncaa,280,292,142,292,130,245,262,314,150,259,316,112,189,177,216,118,199,135,335,136,18,292,254,136,162,218,129,142,129,253,193,253,283,267,232,155,43,284,318,225,296,297,269,274,,,245,287,,,276,247,313,2,272,277,336,269,324,187,173,209,127,125,317,286,251,273,293,148,285,300,266,,261,,,272,188,222,160,260,242,203,233,137,80,270,84,136,172,53,170,155,156,138,250,226,240,88,129,118,249,283,64,193,122,232,116,68,227,207,181,145,204,29,95,,,50,5,,,276,107,232,269,270,208,225,155,251,221,154,85,149,181,185,165,132,267,66,136,128,227,166,36,,22,,,b'\x11\xe8\xe1I\xca\x8dL\x14\xaf\x82\x12\xdf\x17\xaeN\x1e'
11E8E149-CA8D-4C14-AF82-12DF17AE4E1E,2017-ncaa-d0-natl,ncaa,79,111,24,109,25,60,58,102,31,83,198,15,50,46,102,76,115,82,287,81,36,95,65,22,38,72,118,102,246,94,70,92,225,78,100,26,29,319,267,108,177,223,294,323,,,301,215,,,92,61,274,80,110,109,282,164,311,82,92,200,148,145,261,243,162,219,200,36,248,237,320,,188,,,95,271,254,279,153,277,292,140,142,165,145,76,277,308,49,310,224,293,295,136,126,143,110,84,226,301,225,113,70,208,100,159,69,102,175,113,297,248,9,13,,,8,5,,,92,292,66,154,91,113,118,93,173,179,69,66,190,237,241,120,108,197,27,56,79,190,229,4,,11,,,b'\x11\xe8\xe1I\xca\x8dL\x14\xaf\x82\x12\xdf\x17\xaeN\x1e'
11E8E149-CA8D-4C14-AF82-12DF17AE4E1E,2017-ncaa-d1-conf-C-USA,ncaa,8,8,3,8,4,8,8,11,7,9,10,3,6,4,7,5,11,9,14,9,5,11,9,5,6,9,6,5,11,6,4,9,9,7,5,6,2,12,10,7,11,10,13,13,,,10,10,,,8,11,12,5,10,9,13,9,11,7,5,12,9,9,12,11,6,11,8,4,10,13,14,,10,,,8,6,5,6,7,6,9,4,4,3,11,3,12,12,5,12,10,7,6,8,6,8,7,5,12,9,9,3,4,4,5,4,5,7,7,6,8,9,1,5,,,2,2,,,8,4,8,9,8,7,5,5,6,7,3,2,12,12,12,6,4,7,3,6,3,9,9,1,,2,,,b'\x11\xe8\xe1I\xca\x8dL\x14\xaf\x82\x12\xdf\x17\xaeN\x1e'
11E8E149-CA8D-4C14-AF82-12DF17AE4E1E,2017-ncaa-d1-conf-CUSA,ncaa,8,8,3,8,4,8,8,11,7,9,10,3,6,4,7,5,11,9,14,9,5,11,9,5,6,9,6,5,11,6,4,9,9,7,5,6,2,12,10,7,11,10,13,13,,,10,10,,,8,11,12,5,10,9,13,9,11,7,5,12,9,9,12,11,6,11,8,4,10,13,14,,10,,,8,6,5,6,7,6,9,4,4,3,11,3,12,12,5,12,10,7,6,8,6,8,7,5,12,9,9,3,4,4,5,4,5,7,7,6,8,9,1,5,,,2,2,,,8,4,8,9,8,7,5,5,6,7,3,2,12,12,12,6,4,7,3,6,3,9,9,1,,2,,,b'\x11\xe8\xe1I\xca\x8dL\x14\xaf\x82\x12\xdf\x17\xaeN\x1e'
11E8E149-CA8D-4C14-AF82-12DF17AE4E1E,2017-ncaa-d1-natl,ncaa,69,111,16,105,18,49,47,89,32,77,199,13,47,42,106,67,105,61,295,60,32,82,48,22,37,70,111,100,248,77,58,73,224,60,88,23,30,324,270,110,169,231,301,324,,,302,217,,,84,50,270,81,107,106,274,162,315,78,84,198,134,132,255,235,148,221,193,30,253,243,321,,191,,,91,288,276,291,160,290,301,148,160,181,131,80,282,314,45,318,236,307,307,129,121,148,114,84,233,307,224,118,58,212,88,155,66,99,184,122,302,250,9,14,,,5,6,,,84,299,68,159,89,121,120,100,171,175,73,71,200,246,251,130,110,201,27,54,74,199,235,5,,11,,,b'\x11\xe8\xe1I\xca\x8dL\x14\xaf\x82\x12\xdf\x17\xaeN\x1e'
11E8E149-CA8D-4C14-AF82-12DF17AE4E1E,2018-ncaa-d0-natl,ncaa,53,57,43,60,70,101,140,244,44,260,333,27,30,37,39,18,101,141,73,144,3,228,217,19,18,41,9,21,148,206,97,111,136,137,53,130,134,229,257,165,240,246,144,148,,,36,41,,,64,214,343,268,161,221,344,328,347,36,53,142,188,191,341,342,274,196,250,175,147,277,190,,14,,,65,113,165,212,98,167,171,188,153,258,32,282,33,42,136,43,59,175,140,95,73,125,109,204,60,187,136,28,97,57,53,140,131,250,244,219,183,212,47,198,,,36,5,,,64,138,41,144,59,37,62,69,75,44,109,187,17,21,22,41,11,108,5,13,83,307,113,31,,83,,,b'\x11\xe8\xe1I\xca\x8dL\x14\xaf\x82\x12\xdf\x17\xaeN\x1e'
11E8E149-CA8D-4C14-AF82-12DF17AE4E1E,2018-ncaa-d1-conf-C-USA,ncaa,3,3,1,3,1,4,10,10,6,12,12,2,1,1,4,1,5,8,4,7,2,10,9,1,1,3,2,1,6,9,6,4,7,6,2,7,5,11,12,9,10,9,6,6,,,3,2,,,3,9,14,5,10,11,14,13,14,1,2,8,11,11,14,14,12,6,11,11,7,11,6,,1,,,3,4,7,8,4,9,9,7,6,13,2,11,2,3,2,2,1,8,6,4,1,2,2,10,2,9,7,4,6,6,2,5,5,10,8,8,8,10,2,7,,,3,2,,,3,6,3,5,3,1,4,5,5,6,5,8,1,2,1,3,2,6,1,1,4,12,7,2,,6,,,b'\x11\xe8\xe1I\xca\x8dL\x14\xaf\x82\x12\xdf\x17\xaeN\x1e'
11E8E149-CA8D-4C14-AF82-12DF17AE4E1E,2018-ncaa-d1-conf-CUSA,ncaa,3,3,1,3,1,4,10,10,6,12,12,2,1,1,4,1,5,8,4,7,2,10,9,1,1,3,2,1,6,9,6,4,7,6,2,7,5,11,12,9,10,9,6,6,,,3,2,,,3,9,14,5,10,11,14,13,14,1,2,8,11,11,14,14,12,6,11,11,7,11,6,,1,,,3,4,7,8,4,9,9,7,6,13,2,11,2,3,2,2,1,8,6,4,1,2,2,10,2,9,7,4,6,6,2,5,5,10,8,8,8,10,2,7,,,3,2,,,3,6,3,5,3,1,4,5,5,6,5,8,1,2,1,3,2,6,1,1,4,12,7,2,,6,,,b'\x11\xe8\xe1I\xca\x8dL\x14\xaf\x82\x12\xdf\x17\xaeN\x1e'
11E8E149-CA8D-4C14-AF82-12DF17AE4E1E,2018-ncaa-d1-natl,ncaa,61,57,53,64,89,116,169,287,46,287,344,28,31,40,41,19,120,158,67,164,4,272,271,19,18,41,9,20,140,233,110,138,144,181,66,148,135,209,259,172,258,251,162,151,,,23,44,,,69,273,343,269,171,247,345,333,347,35,54,146,191,192,345,343,277,205,264,187,150,286,195,,14,,,69,84,136,182,106,147,135,200,143,235,37,276,21,32,137,32,59,130,85,106,77,140,100,201,60,162,144,12,110,29,66,118,134,274,252,229,162,214,38,209,,,44,5,,,69,78,42,160,65,46,69,70,83,46,110,186,17,23,23,42,11,114,5,13,88,310,119,30,,86,,,b'\x11\xe8\xe1I\xca\x8dL\x14\xaf\x82\x12\xdf\x17\xaeN\x1e'
11E8E149-CA8D-4C14-AF82-12DF17AE4E1E,2019-ncaa-d0-natl,ncaa,13,4,80,6,97,108,118,277,13,142,297,12,89,141,31,95,150,201,47,196,77,271,272,14,12,29,109,111,210,283,166,50,66,109,24,78,55,183,232,91,251,246,29,28,,,32,34,,,23,259,344,207,133,142,346,192,335,97,177,183,242,237,345,343,315,43,162,81,135,275,27,,15,,,23,16,49,213,10,70,224,11,70,155,22,164,7,13,52,17,16,167,115,8,5,13,81,195,39,184,66,7,166,33,24,44,103,289,282,166,130,194,27,94,,,69,7,,,23,98,39,18,15,6,16,116,30,179,47,116,5,9,14,50,15,123,2,8,31,321,104,27,,87,,,b'\x11\xe8\xe1I\xca\x8dL\x14\xaf\x82\x12\xdf\x17\xaeN\x1e'
11E8E149-CA8D-4C14-AF82-12DF17AE4E1E,2019-ncaa-d1-conf-C-USA,ncaa,1,1,1,1,2,2,1,9,1,2,10,1,3,5,1,6,7,8,4,8,6,9,10,1,1,2,8,5,12,7,4,1,2,1,1,1,2,7,10,2,10,10,1,1,,,1,1,,,1,11,13,9,5,4,13,6,13,3,7,10,12,10,14,14,10,1,2,2,6,11,1,,1,,,1,1,1,14,1,2,12,1,3,10,1,8,1,1,1,1,1,11,7,1,1,1,3,8,2,10,2,1,4,2,1,1,3,12,13,7,8,7,1,1,,,2,2,,,1,5,1,1,1,1,1,6,1,9,1,6,1,1,1,5,2,7,1,1,1,14,5,1,,7,,,b'\x11\xe8\xe1I\xca\x8dL\x14\xaf\x82\x12\xdf\x17\xaeN\x1e'
11E8E149-CA8D-4C14-AF82-12DF17AE4E1E,2019-ncaa-d1-conf-CUSA,ncaa,1,1,1,1,2,2,1,9,1,2,10,1,3,5,1,6,7,8,4,8,6,9,10,1,1,2,8,5,12,7,4,1,2,1,1,1,2,7,10,2,10,10,1,1,,,1,1,,,1,11,13,9,5,4,13,6,13,3,7,10,12,10,14,14,10,1,2,2,6,11,1,,1,,,1,1,1,14,1,2,12,1,3,10,1,8,1,1,1,1,1,11,7,1,1,1,3,8,2,10,2,1,4,2,1,1,3,12,13,7,8,7,1,1,,,2,2,,,1,5,1,1,1,1,1,6,1,9,1,6,1,1,1,5,2,7,1,1,1,14,5,1,,7,,,b'\x11\xe8\xe1I\xca\x8dL\x14\xaf\x82\x12\xdf\x17\xaeN\x1e'
11E8E149-CA8D-4C14-AF82-12DF17AE4E1E,2019-ncaa-d1-natl,ncaa,14,4,107,6,131,141,145,316,15,178,319,13,103,158,35,95,178,230,44,228,73,308,316,14,13,32,107,110,207,305,174,63,68,148,26,90,58,154,241,96,275,259,34,30,,,15,36,,,28,308,345,200,140,154,347,212,335,101,180,183,243,238,347,343,318,45,178,88,136,285,27,,15,,,26,10,27,178,10,54,190,11,54,123,24,161,6,11,61,12,15,116,65,9,5,16,76,195,40,155,68,3,174,10,26,28,104,308,290,182,100,198,24,102,,,83,6,,,28,49,43,24,17,6,18,121,36,184,52,115,5,9,13,55,14,123,2,8,32,325,107,31,,89,,,b'\x11\xe8\xe1I\xca\x8dL\x14\xaf\x82\x12\xdf\x17\xaeN\x1e'
11E8E149-CA8D-4C14-AF82-12DF17AE4E1E,2019-ncaa-d1-ncaatournament,ncaa,33,2,33,33,33,51,45,55,37,41,40,41,58,63,15,59,61,61,43,60,61,56,51,41,44,50,58,48,61,55,39,33,36,41,33,37,4,31,60,39,38,19,24,7,,,7,10,,,27,48,58,1,51,42,48,28,17,53,61,61,61,60,54,39,50,11,29,10,61,13,4,,11,,,30,1,3,28,4,11,21,16,3,25,1,48,6,2,62,2,5,22,22,1,1,1,11,15,21,26,36,7,39,11,33,3,9,45,21,6,24,55,18,30,,,53,49,,,27,14,53,2,31,2,10,51,28,40,6,48,12,4,4,40,44,51,26,34,6,18,52,36,,47,,,b'\x11\xe8\xe1I\xca\x8dL\x14\xaf\x82\x12\xdf\x17\xaeN\x1e'
11E8E149-CA8D-4C14-AF82-12DF17AE4E1E,2020-ncaa-d0-natl,ncaa,52,42,191,50,212,162,183,329,19,133,289,12,258,261,213,209,37,75,33,80,26,304,276,34,17,68,212,277,26,247,96,96,117,166,33,117,86,268,312,189,266,249,34,36,,,33,53,,,49,279,288,108,136,175,345,115,290,254,259,28,75,76,325,295,254,56,132,102,277,260,29,,36,,,49,34,55,155,38,110,211,51,45,93,20,104,48,61,87,59,53,113,77,24,21,37,58,92,125,163,117,4,96,14,33,9,9,277,246,69,264,302,57,127,,,92,23,,,49,70,74,49,44,38,64,177,123,232,47,96,53,76,75,135,84,189,4,14,9,264,272,65,,76,,,b'\x11\xe8\xe1I\xca\x8dL\x14\xaf\x82\x12\xdf\x17\xaeN\x1e'
11E8E149-CA8D-4C14-AF82-12DF17AE4E1E,2020-ncaa-d1-conf-C-USA,ncaa,1,1,9,1,9,5,8,14,1,6,11,1,11,12,2,9,1,4,2,4,2,13,13,1,1,2,8,12,2,11,4,3,2,9,1,3,1,10,13,7,12,12,1,1,,,1,1,,,1,13,11,3,4,4,14,4,10,11,11,1,4,4,13,11,11,2,5,2,11,12,1,,1,,,1,2,2,7,2,4,10,2,2,4,2,6,1,2,5,2,1,4,2,2,2,2,2,4,3,6,2,1,4,1,1,1,2,12,11,3,10,13,3,5,,,5,1,,,1,2,3,2,1,3,3,10,6,10,2,6,1,2,2,7,5,8,1,1,1,12,12,3,,4,,,b'\x11\xe8\xe1I\xca\x8dL\x14\xaf\x82\x12\xdf\x17\xaeN\x1e'
11E8E149-CA8D-4C14-AF82-12DF17AE4E1E,2020-ncaa-d1-conf-CUSA,ncaa,1,1,9,1,9,5,8,14,1,6,11,1,11,12,2,9,1,4,2,4,2,13,13,1,1,2,8,12,2,11,4,3,2,9,1,3,1,10,13,7,12,12,1,1,,,1,1,,,1,13,11,3,4,4,14,4,10,11,11,1,4,4,13,11,11,2,5,2,11,12,1,,1,,,1,2,2,7,2,4,10,2,2,4,2,6,1,2,5,2,1,4,2,2,2,2,2,4,3,6,2,1,4,1,1,1,2,12,11,3,10,13,3,5,,,5,1,,,1,2,3,2,1,3,3,10,6,10,2,6,1,2,2,7,5,8,1,1,1,12,12,3,,4,,,b'\x11\xe8\xe1I\xca\x8dL\x14\xaf\x82\x12\xdf\x17\xaeN\x1e'
11E8E149-CA8D-4C14-AF82-12DF17AE4E1E,2020-ncaa-d1-natl,ncaa,60,42,257,52,269,203,215,345,22,158,304,14,270,281,218,206,46,94,30,98,25,330,314,35,18,71,210,278,23,273,102,123,121,214,34,135,87,250,319,195,285,256,38,38,,,24,54,,,56,317,290,96,151,183,346,122,292,260,263,28,76,78,328,298,262,58,142,111,277,267,29,,38,,,53,23,36,118,42,96,183,53,33,74,22,101,43,53,85,50,52,79,43,25,21,41,54,84,122,139,121,3,102,8,34,6,9,295,259,74,256,306,50,133,,,125,20,,,56,35,80,56,50,41,70,183,128,237,49,92,53,75,75,139,83,186,4,15,11,270,278,69,,79,,,b'\x11\xe8\xe1I\xca\x8dL\x14\xaf\x82\x12\xdf\x17\xaeN\x1e'
11E8E149-CA8D-4C14-AF82-12DF17AE4E1E,2021-ncaa-d0-natl,ncaa,10,20,26,13,35,36,31,85,6,28,67,12,54,130,5,207,112,135,77,132,223,92,67,8,7,27,226,165,275,165,155,9,199,24,41,9,8,329,259,55,215,316,16,47,,,139,4,,,19,53,249,224,89,63,297,70,212,118,255,220,252,251,302,300,292,12,66,10,219,317,30,,6,,,29,238,267,330,9,261,325,11,257,311,38,197,118,138,50,126,9,325,308,10,4,27,105,218,29,341,199,161,155,272,41,227,100,200,328,254,302,226,69,18,,,55,108,,,19,291,35,55,28,46,98,321,105,296,143,240,11,18,16,277,165,314,5,75,82,331,188,11,,189,,,b'\x11\xe8\xe1I\xca\x8dL\x14\xaf\x82\x12\xdf\x17\xaeN\x1e'
11E8E149-CA8D-4C14-AF82-12DF17AE4E1E,2021-ncaa-d1-conf-C-USA,ncaa,2,1,7,1,10,7,7,14,1,5,12,1,7,9,1,6,12,14,4,14,9,14,12,1,1,1,6,6,12,14,10,2,6,9,1,2,1,9,12,3,13,13,1,2,,,1,1,,,1,10,14,12,8,7,14,5,11,5,10,13,14,14,14,14,14,3,7,1,10,13,1,,1,,,1,2,3,9,1,5,10,1,4,6,3,9,1,1,5,1,1,7,4,1,1,2,6,10,1,8,6,1,10,1,1,5,6,13,13,13,9,12,1,1,,,10,6,,,1,3,3,4,1,2,4,12,4,10,4,7,1,1,1,6,3,10,1,2,5,13,10,1,,13,,,b'\x11\xe8\xe1I\xca\x8dL\x14\xaf\x82\x12\xdf\x17\xaeN\x1e'
11E8E149-CA8D-4C14-AF82-12DF17AE4E1E,2021-ncaa-d1-conf-CUSA,ncaa,2,1,7,1,10,7,7,14,1,5,12,1,7,9,1,6,12,14,4,14,9,14,12,1,1,1,6,6,12,14,10,2,6,9,1,2,1,9,12,3,13,13,1,2,,,1,1,,,1,10,14,12,8,7,14,5,11,5,10,13,14,14,14,14,14,3,7,1,10,13,1,,1,,,1,2,3,9,1,5,10,1,4,6,3,9,1,1,5,1,1,7,4,1,1,2,6,10,1,8,6,1,10,1,1,5,6,13,13,13,9,12,1,1,,,10,6,,,1,3,3,4,1,2,4,12,4,10,4,7,1,1,1,6,3,10,1,2,5,13,10,1,,13,,,b'\x11\xe8\xe1I\xca\x8dL\x14\xaf\x82\x12\xdf\x17\xaeN\x1e'
11E8E149-CA8D-4C14-AF82-12DF17AE4E1E,2021-ncaa-d1-natl,ncaa,11,20,30,13,43,39,36,99,6,33,78,13,61,142,5,205,120,145,75,143,226,104,79,8,7,28,223,164,270,179,162,11,208,30,49,11,8,320,265,55,230,318,17,49,,,123,4,,,24,61,253,225,91,66,301,72,220,120,255,225,254,253,305,306,297,13,72,10,221,319,29,,6,,,32,223,263,329,10,255,324,12,248,306,36,193,107,126,51,118,9,321,303,11,5,27,103,217,27,341,208,144,162,258,49,220,100,219,330,261,290,232,60,19,,,62,109,,,24,283,38,62,31,46,104,324,112,300,143,242,10,17,16,281,163,317,5,79,85,331,190,12,,190,,,b'\x11\xe8\xe1I\xca\x8dL\x14\xaf\x82\x12\xdf\x17\xaeN\x1e'
11E8E149-CA8D-4C14-AF82-12DF17AE4E1E,2022-ncaa-d0-natl,ncaa,199,134,295,170,295,232,274,298,186,284,317,125,194,179,230,112,75,75,140,73,4,270,262,167,124,173,56,159,11,180,88,221,188,207,105,267,199,211,275,266,264,235,244,247,,,92,189,,,189,277,157,2,122,205,235,236,276,135,101,14,10,10,153,75,95,89,65,218,301,212,207,,230,,,190,83,96,95,192,197,153,248,7,44,9,53,200,207,152,213,224,103,79,142,145,202,31,11,272,133,188,32,88,60,105,123,162,302,271,247,163,233,78,193,,,110,10,,,189,72,165,205,193,230,253,254,320,310,26,93,283,295,299,277,261,250,138,189,215,236,259,130,,10,,,b'\x11\xe8\xe1I\xca\x8dL\x14\xaf\x82\x12\xdf\x17\xaeN\x1e'
11E8E149-CA8D-4C14-AF82-12DF17AE4E1E,2022-ncaa-d1-conf-C-USA,ncaa,9,9,7,9,7,6,9,11,6,9,10,5,4,5,7,5,4,4,4,4,3,9,7,6,5,7,4,4,4,9,8,3,5,4,3,10,10,13,13,11,9,11,10,11,,,4,4,,,10,7,4,1,4,7,8,8,10,4,4,2,3,3,4,3,8,3,4,6,13,9,10,,5,,,10,9,10,11,8,12,12,9,4,7,3,4,8,8,8,8,6,12,9,8,6,10,3,2,5,8,5,5,8,6,3,12,11,12,12,13,13,11,7,9,,,6,7,,,10,7,7,10,10,12,12,14,13,13,4,7,11,11,12,14,13,9,5,9,13,12,13,9,,4,,,b'\x11\xe8\xe1I\xca\x8dL\x14\xaf\x82\x12\xdf\x17\xaeN\x1e'
11E8E149-CA8D-4C14-AF82-12DF17AE4E1E,2022-ncaa-d1-conf-CUSA,ncaa,9,9,7,9,7,6,9,11,6,9,10,5,4,5,7,5,4,4,4,4,3,9,7,6,5,7,4,4,4,9,8,3,5,4,3,10,10,13,13,11,9,11,10,11,,,4,4,,,10,7,4,1,4,7,8,8,10,4,4,2,3,3,4,3,8,3,4,6,13,9,10,,5,,,10,9,10,11,8,12,12,9,4,7,3,4,8,8,8,8,6,12,9,8,6,10,3,2,5,8,5,5,8,6,3,12,11,12,12,13,13,11,7,9,,,6,7,,,10,7,7,10,10,12,12,14,13,13,4,7,11,11,12,14,13,9,5,9,13,12,13,9,,4,,,b'\x11\xe8\xe1I\xca\x8dL\x14\xaf\x82\x12\xdf\x17\xaeN\x1e'
11E8E149-CA8D-4C14-AF82-12DF17AE4E1E,2022-ncaa-d1-natl,ncaa,199,134,304,174,304,225,282,315,176,285,315,119,198,179,229,116,71,68,167,66,3,277,278,159,121,165,67,166,13,181,93,228,184,221,111,270,198,208,276,270,260,225,243,252,,,102,210,,,186,286,163,3,128,211,239,228,275,139,107,16,9,9,157,80,99,95,71,224,288,198,206,,238,,,185,90,96,86,192,194,150,236,7,38,8,48,212,216,194,216,230,102,66,130,154,192,34,11,285,140,184,29,93,53,111,124,167,296,249,235,163,230,81,199,,,92,8,,,186,64,161,200,188,231,228,242,309,309,23,83,291,294,298,272,256,240,140,187,209,226,251,144,,9,,,b'\x11\xe8\xe1I\xca\x8dL\x14\xaf\x82\x12\xdf\x17\xaeN\x1e'
11E8E149-CA8D-4C14-AF82-12DF17AE4E1E,2023-ncaa-d0-natl,ncaa,47,39,81,44,85,67,79,109,55,82,124,53,123,137,114,181,42,40,122,40,55,99,91,65,48,71,158,199,91,99,88,146,182,121,111,142,267,247,173,178,149,189,205,249,,,324,314,,,95,90,138,137,55,76,158,90,176,144,162,35,49,51,118,118,125,216,165,167,203,192,228,,308,,,95,293,265,225,252,321,281,259,69,100,62,57,336,334,256,333,289,261,268,203,254,232,80,20,321,203,182,162,88,173,111,154,65,109,150,91,275,218,153,111,,,15,3,,,95,270,61,215,101,236,207,118,278,238,35,63,318,311,309,188,206,158,80,97,99,145,234,118,,2,,,b'\x11\xe8\xe1I\xca\x8dL\x14\xaf\x82\x12\xdf\x17\xaeN\x1e'
11E8E149-CA8D-4C14-AF82-12DF17AE4E1E,2023-ncaa-d1-conf-C-USA,ncaa,3,3,7,3,10,6,5,7,4,7,7,3,4,4,2,4,8,6,7,6,5,7,9,2,3,5,4,4,8,7,5,8,7,9,6,6,4,6,6,5,6,6,5,5,,,6,9,,,3,9,5,8,4,4,6,6,7,4,4,5,6,6,6,5,6,7,8,4,6,5,5,,9,,,3,3,3,1,5,7,8,6,1,1,4,1,9,8,5,8,7,4,3,5,5,5,3,2,11,5,7,2,5,3,6,1,2,6,5,3,7,6,2,2,,,3,1,,,3,3,4,4,3,5,5,4,8,9,1,1,10,10,10,6,6,7,4,6,2,6,7,3,,1,,,b'\x11\xe8\xe1I\xca\x8dL\x14\xaf\x82\x12\xdf\x17\xaeN\x1e'
11E8E149-CA8D-4C14-AF82-12DF17AE4E1E,2023-ncaa-d1-conf-CUSA,ncaa,3,3,7,3,10,6,5,7,4,7,7,3,4,4,2,4,8,6,7,6,5,7,9,2,3,5,4,4,8,7,5,8,7,9,6,6,4,6,6,5,6,6,5,5,,,6,9,,,3,9,5,8,4,4,6,6,7,4,4,5,6,6,6,5,6,7,8,4,6,5,5,,9,,,3,3,3,1,5,7,8,6,1,1,4,1,9,8,5,8,7,4,3,5,5,5,3,2,11,5,7,2,5,3,6,1,2,6,5,3,7,6,2,2,,,3,1,,,3,3,4,4,3,5,5,4,8,9,1,1,10,10,10,6,6,7,4,6,2,6,7,3,,1,,,b'\x11\xe8\xe1I\xca\x8dL\x14\xaf\x82\x12\xdf\x17\xaeN\x1e'
11E8E149-CA8D-4C14-AF82-12DF17AE4E1E,2023-ncaa-d1-natl,ncaa,52,39,103,48,119,75,93,137,55,96,157,53,136,158,120,180,47,48,121,49,55,120,111,70,51,76,158,200,87,116,96,178,184,147,123,167,273,227,178,191,185,210,219,255,,,315,317,,,114,111,142,131,56,75,179,96,178,145,165,34,50,51,128,124,133,228,187,177,206,203,235,,311,,,113,280,243,191,265,308,260,274,54,81,67,56,332,328,258,327,295,232,242,221,271,259,76,18,320,178,184,118,96,128,123,136,65,143,161,107,257,224,136,120,,,15,3,,,114,250,68,243,122,249,216,122,294,238,37,63,324,315,315,195,204,164,83,101,110,158,239,124,,2,,,b'\x11\xe8\xe1I\xca\x8dL\x14\xaf\x82\x12\xdf\x17\xaeN\x1e'
11E8E149-CA8D-4C14-AF82-12DF17AE4E1E,2024-ncaa-d0-natl,ncaa,106,148,29,135,37,78,90,45,187,77,43,212,121,116,153,214,67,85,49,88,216,48,40,197,172,154,187,207,122,61,141,83,156,60,159,92,151,261,128,131,75,125,174,247,,,343,291,,,99,44,139,135,131,137,82,129,101,171,189,100,155,161,93,109,113,152,125,129,149,113,212,,278,,,101,265,252,275,150,301,331,100,84,81,160,18,323,330,108,331,235,294,312,102,126,91,85,25,303,260,156,331,141,321,159,203,135,51,111,93,228,119,331,241,,,60,162,,,99,311,144,92,109,131,116,129,210,283,30,24,264,276,276,168,221,178,225,210,113,100,132,299,,134,,,b'\x11\xe8\xe1I\xca\x8dL\x14\xaf\x82\x12\xdf\x17\xaeN\x1e'
11E8E149-CA8D-4C14-AF82-12DF17AE4E1E,2024-ncaa-d1-conf-AAC,ncaa,2,4,1,4,2,1,1,1,6,3,3,7,5,5,5,9,4,7,2,8,11,2,2,6,6,6,8,10,6,7,11,1,1,4,6,2,7,11,6,5,3,5,9,11,,,14,11,,,4,2,5,12,7,7,7,7,8,9,11,8,10,10,9,10,10,5,10,7,5,5,10,,11,,,4,10,10,12,9,13,14,6,3,2,8,1,12,12,7,12,7,13,13,6,6,7,2,2,10,2,1,14,11,12,6,8,6,4,5,4,9,6,12,8,,,3,9,,,4,13,7,2,5,4,4,4,10,12,2,1,10,10,10,3,3,2,9,4,6,5,6,10,,10,,,b'\x11\xe8\xe1I\xca\x8dL\x14\xaf\x82\x12\xdf\x17\xaeN\x1e'
11E8E149-CA8D-4C14-AF82-12DF17AE4E1E,2024-ncaa-d1-natl,ncaa,123,150,38,144,47,100,107,54,204,103,56,228,139,145,155,220,80,104,49,107,217,59,57,211,185,171,181,209,115,83,147,105,169,83,176,110,158,226,131,143,90,130,193,254,,,331,298,,,123,60,144,128,138,152,90,146,104,181,194,103,159,164,105,119,122,165,141,142,153,125,218,,287,,,125,255,236,251,170,289,320,115,64,59,177,18,314,325,122,327,237,278,296,119,147,113,82,27,301,249,169,313,147,303,176,191,140,69,121,107,204,133,327,253,,,76,153,,,123,297,160,115,130,150,126,132,227,288,32,22,273,283,286,176,218,181,232,216,123,112,141,305,,133,,,b'\x11\xe8\xe1I\xca\x8dL\x14\xaf\x82\x12\xdf\x17\xaeN\x1e'
11E8E149-CA8D-4C14-AF82-12DF17AE4E1E,2024-ncaa-d1-ncaatournament,ncaa,37,3,37,37,38,50,48,46,50,51,51,52,39,39,37,10,61,62,26,59,59,47,44,49,50,52,22,7,61,46,33,61,60,57,59,47,34,24,50,50,33,15,62,62,,,30,61,,,42,41,7,5,46,40,14,46,33,15,7,61,61,57,28,15,26,61,53,38,55,10,62,,64,,,43,9,5,4,36,4,13,24,7,8,53,17,37,37,28,37,64,7,26,39,42,19,60,26,65,21,60,21,33,19,59,5,15,30,1,2,43,67,14,39,,,44,37,,,42,27,55,21,41,35,9,5,10,18,25,12,66,65,65,17,57,41,55,53,9,1,67,38,,27,,,b'\x11\xe8\xe1I\xca\x8dL\x14\xaf\x82\x12\xdf\x17\xaeN\x1e'
11E8E149-CA8D-4C14-AF82-12DF17AE4E1E,2025-ncaa-d0-natl,genius_ncaa,133,199,29,167,31,90,71,41,171,63,59,166,128,100,212,182,194,199,174,201,320,55,44,180,194,174,248,186,288,43,94,19,73,20,47,64,121,299,153,131,166,257,32,70,,,321,225,,264,125,53,194,29,138,110,75,108,112,180,152,267,276,284,104,110,76,15,15,98,186,245,43,,227,,211,130,267,257,324,44,294,339,38,127,163,94,40,303,320,61,327,192,328,308,30,31,90,115,58,265,269,73,305,94,305,47,134,48,181,286,152,248,146,300,197,,,127,274,,245,125,313,151,96,124,119,119,243,179,324,59,66,222,260,271,262,206,190,185,186,51,276,158,252,,230,,290,b'\x11\xe8\xe1I\xca\x8dL\x14\xaf\x82\x12\xdf\x17\xaeN\x1e'
11E8E149-CA8D-4C14-AF82-12DF17AE4E1E,2025-ncaa-d1-conf-AAC,genius_ncaa,6,8,1,7,1,1,1,1,4,3,4,3,4,3,8,5,7,8,4,8,13,1,1,5,6,9,8,6,11,2,3,1,1,1,2,1,8,13,11,9,8,11,1,3,,,13,11,,13,5,1,11,2,8,7,7,6,8,7,4,10,12,12,9,8,4,2,2,6,11,12,2,,7,,11,6,11,10,13,4,12,13,3,1,5,3,1,13,13,10,13,11,13,13,2,4,6,2,1,13,7,1,7,3,6,2,4,1,10,12,7,11,8,12,8,,,5,8,,11,5,13,5,5,6,5,3,6,7,11,1,1,11,11,11,7,3,2,3,4,1,13,7,8,,8,,11,b'\x11\xe8\xe1I\xca\x8dL\x14\xaf\x82\x12\xdf\x17\xaeN\x1e'
11E8E149-CA8D-4C14-AF82-12DF17AE4E1E,2025-ncaa-d1-natl,genius_ncaa,145,199,43,177,44,107,84,56,183,74,72,176,145,113,214,182,220,218,176,221,321,70,62,187,198,188,244,187,287,52,101,24,77,21,54,78,126,276,160,142,191,269,35,71,,,305,235,,260,136,72,198,27,157,123,83,123,116,183,155,271,281,286,118,118,87,17,17,106,185,256,44,,234,,219,139,245,235,318,56,287,338,42,114,142,104,40,285,311,58,322,193,322,289,38,35,104,113,59,270,259,77,288,101,291,54,115,51,215,301,164,226,147,293,215,,,144,269,,256,136,297,170,109,134,129,128,244,191,325,64,66,225,265,275,265,202,191,189,194,57,286,163,259,,232,,292,b'\x11\xe8\xe1I\xca\x8dL\x14\xaf\x82\x12\xdf\x17\xaeN\x1e'
11E8E149-CA8D-4C14-AF82-12DF17AE4E1E,2026-ncaa-d0-natl,genius_ncaa,55,80,49,81,55,95,113,67,252,115,83,227,111,66,274,135,31,82,2,78,139,66,86,254,200,126,112,190,48,82,190,84,76,76,151,84,82,87,21,40,131,170,117,217,,,294,256,,96,87,94,273,62,143,189,88,189,152,171,107,42,133,124,87,200,134,132,115,112,19,189,164,,205,,53,91,224,230,240,151,320,334,99,18,30,101,1,279,284,163,284,137,259,262,82,100,94,15,2,283,163,76,325,190,299,151,87,15,92,134,47,81,38,46,21,,,79,145,,66,87,275,118,81,89,84,92,79,246,324,3,1,204,209,215,94,89,67,271,185,22,150,30,22,,158,,115,b'\x11\xe8\xe1I\xca\x8dL\x14\xaf\x82\x12\xdf\x17\xaeN\x1e'
11E8E149-CA8D-4C14-AF82-12DF17AE4E1E,2026-ncaa-d1-natl,genius_ncaa,74,80,85,97,89,139,169,98,290,170,125,260,145,93,285,134,43,116,2,110,132,99,138,285,227,151,100,188,39,121,227,120,90,112,182,120,83,45,26,47,190,206,150,236,,,257,275,,69,126,153,283,47,179,225,114,229,167,186,113,45,138,132,109,227,163,150,144,146,21,234,178,,217,,60,129,179,189,185,194,300,324,123,8,8,122,1,251,254,179,255,140,203,205,110,129,133,8,2,283,112,90,310,227,264,182,54,15,146,167,69,46,43,30,23,,,110,129,,86,126,217,143,114,122,105,123,93,275,337,2,1,222,224,228,107,84,76,289,210,29,191,32,22,,158,,113,b'\x11\xe8\xe1I\xca\x8dL\x14\xaf\x82\x12\xdf\x17\xaeN\x1e'
11E8E149-CA91-717C-AF82-12DF17AE4E1E,2010-ncaa-d0-natl,ncaa,86,101,50,102,70,128,72,54,169,106,101,154,70,56,154,78,324,333,159,333,345,91,101,150,204,163,227,74,343,127,204,229,173,192,250,80,139,139,88,70,26,16,224,241,,,205,175,,,102,107,258,152,206,104,85,149,169,97,82,342,343,343,177,234,184,327,308,108,71,32,245,,114,,,105,167,205,138,276,226,205,227,123,51,309,59,145,138,208,142,137,125,220,261,253,109,93,107,143,102,173,298,204,231,250,171,139,22,14,35,209,160,291,256,,,271,337,,,102,239,163,79,104,63,84,17,139,90,74,22,94,88,89,10,62,34,222,125,96,31,140,262,,335,,,b'\x11\xe8\xe1I\xca\x91q|\xaf\x82\x12\xdf\x17\xaeN\x1e'
11E8E149-CA91-717C-AF82-12DF17AE4E1E,2010-ncaa-d1-conf-Atlantic 10,ncaa,8,8,3,8,7,7,5,5,9,6,8,5,5,1,13,4,11,12,10,12,14,6,6,9,10,7,10,4,14,5,7,12,13,9,12,5,5,3,4,3,1,1,10,10,,,14,12,,,7,7,7,10,7,5,4,7,10,6,1,12,13,13,6,7,5,13,11,5,2,1,11,,13,,,7,12,8,3,13,12,7,11,2,1,11,2,13,13,10,13,13,5,8,11,13,7,4,2,14,8,13,13,7,12,12,6,6,1,1,2,8,6,12,11,,,9,12,,,7,8,8,7,8,8,6,1,10,7,2,1,13,13,13,2,8,7,12,9,4,1,6,12,,9,,,b'\x11\xe8\xe1I\xca\x91q|\xaf\x82\x12\xdf\x17\xaeN\x1e'
11E8E149-CA91-717C-AF82-12DF17AE4E1E,2010-ncaa-d1-natl,ncaa,89,100,53,105,76,138,77,57,172,112,110,162,74,60,153,80,329,337,160,337,345,99,114,152,206,165,226,74,343,136,210,250,179,208,253,86,141,124,89,72,27,17,231,241,,,189,174,,,105,118,258,153,210,109,89,153,170,97,83,342,343,343,178,237,187,328,310,110,70,33,245,,115,,,109,154,193,121,282,222,191,232,114,39,311,60,138,128,212,132,139,109,201,264,259,116,95,108,142,89,179,289,210,216,253,163,140,22,14,37,198,162,288,259,,,288,337,,,105,226,167,89,109,63,89,18,143,89,75,22,98,87,88,10,61,34,224,127,100,36,142,263,,335,,,b'\x11\xe8\xe1I\xca\x91q|\xaf\x82\x12\xdf\x17\xaeN\x1e'
11E8E149-CA91-717C-AF82-12DF17AE4E1E,2011-ncaa-d0-natl,ncaa,123,83,170,111,224,140,107,134,95,81,103,108,209,232,142,233,210,247,79,253,316,155,167,115,122,124,281,237,255,236,258,172,243,201,260,190,272,120,137,164,108,120,195,224,,,114,82,,,121,146,71,257,105,64,88,51,73,198,223,203,254,261,120,125,243,137,201,167,152,94,191,,141,,,121,149,184,201,154,224,261,126,92,89,157,73,125,138,107,147,102,192,214,127,111,99,60,97,130,251,243,194,258,226,260,97,56,110,120,82,153,177,87,61,,,222,258,,,121,197,145,116,120,167,208,249,244,297,103,99,142,154,164,242,275,278,230,263,122,90,169,96,,228,,,b'\x11\xe8\xe1I\xca\x91q|\xaf\x82\x12\xdf\x17\xaeN\x1e'
11E8E149-CA91-717C-AF82-12DF17AE4E1E,2011-ncaa-d1-conf-Atlantic 10,ncaa,6,3,7,6,9,8,7,5,8,5,5,7,12,10,12,11,7,10,1,10,13,5,5,9,9,8,13,12,6,6,10,9,10,6,10,9,12,5,3,6,4,2,8,9,,,4,2,,,7,7,3,6,6,6,4,4,2,12,10,7,10,10,4,5,6,8,5,9,7,2,8,,4,,,7,6,7,9,8,9,10,8,4,7,3,7,3,3,8,2,2,8,10,7,6,3,3,5,4,13,10,12,10,12,10,4,2,4,2,2,5,6,10,7,,,9,8,,,7,8,8,5,8,8,11,12,11,12,5,7,4,4,3,11,14,13,13,14,5,2,6,10,,7,,,b'\x11\xe8\xe1I\xca\x91q|\xaf\x82\x12\xdf\x17\xaeN\x1e'
11E8E149-CA91-717C-AF82-12DF17AE4E1E,2011-ncaa-d1-natl,ncaa,128,82,199,117,260,157,121,154,96,90,119,113,219,240,144,231,224,259,78,265,314,181,198,121,124,126,281,238,255,257,260,194,246,227,266,203,272,100,142,173,124,127,207,229,,,96,82,,,130,175,71,260,109,65,91,52,74,201,223,206,254,263,123,131,246,144,208,170,153,95,195,,138,,,129,132,167,177,159,210,244,129,82,79,159,72,114,129,107,141,102,165,189,133,115,108,60,96,126,235,246,172,260,211,266,84,58,126,126,84,138,180,78,62,,,247,258,,,130,169,151,124,129,173,214,251,251,300,102,100,141,153,164,243,276,279,233,267,125,95,173,101,,227,,,b'\x11\xe8\xe1I\xca\x91q|\xaf\x82\x12\xdf\x17\xaeN\x1e'
11E8E149-CA91-717C-AF82-12DF17AE4E1E,2012-ncaa-d0-natl,ncaa,44,36,81,45,101,70,61,127,18,63,85,51,122,233,1,256,110,223,2,218,287,144,131,21,17,32,217,183,224,232,194,55,33,125,61,27,39,228,211,49,146,164,206,241,,,200,156,,,55,92,162,207,67,57,190,56,122,138,261,147,269,264,216,223,272,71,176,23,181,176,234,,138,,,52,187,219,245,154,231,246,180,150,217,66,185,103,103,122,102,72,225,223,135,110,124,71,139,84,104,33,94,194,84,61,147,97,155,182,147,152,136,164,103,,,173,220,,,55,250,58,96,51,132,169,183,193,193,124,178,75,85,84,153,135,50,41,35,111,200,117,136,,235,,,b'\x11\xe8\xe1I\xca\x91q|\xaf\x82\x12\xdf\x17\xaeN\x1e'
11E8E149-CA91-717C-AF82-12DF17AE4E1E,2012-ncaa-d1-conf-Atlantic 10,ncaa,5,4,8,5,9,7,7,11,1,7,8,6,7,11,1,11,5,9,2,9,7,9,9,2,2,4,6,7,6,9,9,7,3,9,6,5,3,6,9,6,7,6,5,6,,,5,7,,,5,9,5,4,5,5,10,5,7,7,11,5,6,6,8,7,9,5,7,4,9,6,5,,6,,,5,3,7,8,8,7,7,9,5,9,4,10,2,3,5,2,4,7,5,6,7,7,5,6,4,3,3,4,9,2,6,1,2,8,8,6,6,7,11,9,,,6,4,,,5,6,5,5,5,6,8,10,8,8,6,10,3,4,4,9,9,4,3,3,2,8,7,10,,3,,,b'\x11\xe8\xe1I\xca\x91q|\xaf\x82\x12\xdf\x17\xaeN\x1e'
11E8E149-CA91-717C-AF82-12DF17AE4E1E,2012-ncaa-d1-natl,ncaa,50,36,90,47,113,79,68,152,18,68,93,56,129,244,1,256,120,244,2,232,286,172,154,23,18,32,217,183,219,249,200,66,34,143,67,30,40,207,214,53,163,166,219,243,,,183,159,,,60,114,164,198,71,63,196,59,125,140,262,141,273,266,224,225,278,73,183,23,187,181,234,,140,,,56,171,209,228,159,220,231,187,140,201,70,181,93,97,127,97,73,201,196,143,117,132,72,140,85,87,34,71,200,55,67,133,101,174,190,153,132,136,154,105,,,189,214,,,60,227,59,108,56,135,178,183,204,195,126,178,76,85,82,157,132,52,40,36,112,210,119,139,,236,,,b'\x11\xe8\xe1I\xca\x91q|\xaf\x82\x12\xdf\x17\xaeN\x1e'
11E8E149-CA91-717C-AF82-12DF17AE4E1E,2013-ncaa-d0-natl,ncaa,149,166,80,160,93,133,131,123,147,149,164,152,96,99,115,102,185,248,37,248,275,145,139,134,132,133,140,109,237,258,283,100,96,158,202,105,106,193,167,124,145,161,75,82,,,240,228,,,138,99,177,194,165,156,175,193,225,110,119,231,283,283,208,226,285,130,228,111,154,174,76,,195,,,139,204,201,210,167,227,237,146,120,125,167,91,236,242,125,233,182,223,219,145,147,154,124,107,224,149,96,270,283,230,202,64,21,149,170,77,99,81,226,215,,,250,307,,,138,230,167,128,145,143,143,124,175,194,103,88,205,210,202,136,139,104,209,159,44,178,77,198,,299,,,b'\x11\xe8\xe1I\xca\x91q|\xaf\x82\x12\xdf\x17\xaeN\x1e'
11E8E149-CA91-717C-AF82-12DF17AE4E1E,2013-ncaa-d1-conf-Atlantic 10,ncaa,8,9,4,9,6,7,7,5,10,6,9,9,3,2,11,3,9,10,4,10,14,6,6,9,9,9,7,5,12,11,14,6,7,7,12,10,12,5,3,7,5,5,5,6,,,13,11,,,6,5,5,5,7,6,4,7,8,4,2,9,13,13,7,7,11,5,8,11,4,5,6,,12,,,6,12,11,11,11,14,12,12,1,3,1,1,14,16,2,14,13,13,11,7,8,8,4,1,14,13,7,16,14,16,12,1,1,6,6,2,3,2,10,11,,,13,15,,,6,11,8,8,9,11,9,7,13,11,2,2,13,15,14,11,10,9,15,15,2,7,4,10,,15,,,b'\x11\xe8\xe1I\xca\x91q|\xaf\x82\x12\xdf\x17\xaeN\x1e'
11E8E149-CA91-717C-AF82-12DF17AE4E1E,2013-ncaa-d1-natl,ncaa,155,165,90,162,110,142,140,137,154,165,186,158,101,101,116,101,198,258,36,259,270,161,160,135,135,138,136,107,235,268,291,111,96,176,211,114,107,177,167,128,158,165,80,83,,,231,232,,,146,125,182,188,173,164,180,197,228,112,120,232,286,286,213,229,287,131,237,115,154,179,77,,199,,,148,186,183,199,171,219,225,150,117,115,169,90,222,235,130,224,182,208,198,148,152,164,121,106,225,134,96,254,291,212,211,51,23,163,177,79,90,85,219,217,,,260,308,,,146,206,172,138,157,146,146,127,179,196,105,86,207,210,203,138,136,106,212,163,46,185,77,202,,298,,,b'\x11\xe8\xe1I\xca\x91q|\xaf\x82\x12\xdf\x17\xaeN\x1e'
11E8E149-CA91-717C-AF82-12DF17AE4E1E,2014-ncaa-d0-natl,ncaa,180,173,180,184,186,238,231,190,267,177,166,241,252,210,315,202,199,226,113,231,265,200,246,285,266,212,252,245,145,184,202,270,228,249,247,222,191,22,50,109,139,106,239,225,,,112,181,,,159,257,289,44,242,224,145,158,134,258,195,202,222,224,166,243,165,277,237,225,41,141,237,,136,,,159,65,101,96,188,133,98,241,95,147,58,209,75,58,276,59,101,68,91,172,162,129,92,143,123,125,228,219,202,190,247,116,173,152,100,123,31,46,167,163,,,169,88,,,159,86,195,136,160,90,136,99,179,105,106,163,89,76,76,70,90,156,256,244,148,135,42,190,,148,,,b'\x11\xe8\xe1I\xca\x91q|\xaf\x82\x12\xdf\x17\xaeN\x1e'
11E8E149-CA91-717C-AF82-12DF17AE4E1E,2014-ncaa-d1-conf-Atlantic 10,ncaa,9,9,10,9,10,9,7,9,7,7,10,7,10,6,12,5,11,12,3,12,12,10,10,8,8,9,10,8,11,10,7,13,11,13,10,8,7,1,3,3,6,3,10,7,,,2,8,,,9,13,11,1,8,7,7,5,9,10,6,11,12,12,8,9,8,13,12,7,2,5,10,,4,,,9,4,4,2,11,3,2,12,6,7,4,12,1,1,1,1,4,1,1,11,11,9,4,11,1,7,11,3,7,5,10,5,6,8,4,6,1,4,2,5,,,11,5,,,9,1,7,10,9,6,7,4,7,2,6,9,1,4,4,3,3,8,7,5,7,6,2,2,,10,,,b'\x11\xe8\xe1I\xca\x91q|\xaf\x82\x12\xdf\x17\xaeN\x1e'
11E8E149-CA91-717C-AF82-12DF17AE4E1E,2014-ncaa-d1-natl,ncaa,191,171,211,193,218,258,249,215,273,197,183,248,265,218,317,201,222,247,111,251,261,228,277,289,272,217,251,247,143,202,209,288,231,271,253,242,194,15,49,110,163,117,250,226,,,98,182,,,175,292,290,39,250,231,149,164,135,261,194,205,224,228,171,247,171,282,249,235,41,147,240,,138,,,175,52,87,67,192,122,74,251,85,131,62,209,65,49,279,51,103,48,57,179,167,142,87,140,123,114,231,199,209,168,253,107,174,168,105,128,25,47,154,163,,,194,86,,,175,50,201,144,175,96,143,98,184,105,104,162,92,76,76,72,87,156,257,248,151,138,41,196,,150,,,b'\x11\xe8\xe1I\xca\x91q|\xaf\x82\x12\xdf\x17\xaeN\x1e'
11E8E149-CA91-717C-AF82-12DF17AE4E1E,2015-ncaa-d0-natl,ncaa,97,131,48,116,50,112,141,120,211,188,150,243,105,128,78,146,60,76,93,75,70,103,96,177,148,154,69,121,61,256,316,64,185,145,292,129,141,223,184,175,101,129,122,195,,,259,164,,,138,64,207,17,192,246,260,267,248,133,153,95,116,116,225,247,308,149,271,189,154,130,163,,176,,,139,217,231,278,105,287,321,71,44,45,146,11,248,241,227,238,100,278,293,70,81,75,48,26,238,284,185,326,316,323,292,147,87,83,114,73,151,117,273,264,,,35,25,,,138,284,207,93,144,107,114,151,214,307,20,14,187,171,166,148,184,214,269,254,83,115,104,232,,55,,,b'\x11\xe8\xe1I\xca\x91q|\xaf\x82\x12\xdf\x17\xaeN\x1e'
11E8E149-CA91-717C-AF82-12DF17AE4E1E,2015-ncaa-d1-conf-Atlantic 10,ncaa,5,5,1,5,1,5,8,6,10,9,8,11,4,3,5,4,3,4,2,4,2,5,5,8,4,6,2,3,2,12,13,8,13,10,14,11,11,7,8,12,3,4,9,11,,,10,4,,,6,3,11,1,5,13,11,13,11,5,4,3,6,6,9,10,13,12,14,13,5,4,9,,4,,,6,10,13,11,11,14,13,10,3,2,5,1,5,5,7,4,3,11,12,8,7,5,1,1,6,12,13,13,13,14,14,7,2,2,2,3,7,6,11,11,,,2,2,,,6,12,7,5,7,7,10,7,13,13,2,1,4,4,4,4,9,12,11,12,5,3,4,9,,4,,,b'\x11\xe8\xe1I\xca\x91q|\xaf\x82\x12\xdf\x17\xaeN\x1e'
11E8E149-CA91-717C-AF82-12DF17AE4E1E,2015-ncaa-d1-natl,ncaa,106,130,55,120,57,137,173,147,218,206,175,252,117,135,82,142,71,88,93,87,69,127,121,185,152,164,66,118,56,280,321,87,194,173,299,155,140,208,185,182,114,140,134,204,,,246,166,,,152,76,216,17,204,256,265,273,252,133,154,95,117,116,234,249,310,157,279,198,152,139,166,,176,,,153,195,205,257,119,275,318,80,36,32,155,11,239,232,225,228,104,260,280,72,88,82,48,28,237,262,194,320,321,319,299,129,88,94,116,82,138,119,265,269,,,41,24,,,152,270,215,101,159,110,123,154,230,309,21,14,191,177,170,151,184,219,270,259,87,117,107,233,,53,,,b'\x11\xe8\xe1I\xca\x91q|\xaf\x82\x12\xdf\x17\xaeN\x1e'
11E8E149-CA91-717C-AF82-12DF17AE4E1E,2016-ncaa-d0-natl,ncaa,196,228,114,219,145,265,275,238,291,252,157,324,239,286,113,267,191,176,272,179,178,235,280,295,293,223,173,204,94,320,341,219,267,282,334,253,172,16,43,123,176,160,268,279,,,100,129,,,237,257,313,177,314,315,295,278,174,254,297,221,193,199,285,331,331,268,326,278,15,185,277,,92,,,233,93,138,168,126,192,220,132,62,86,64,82,76,53,317,52,45,137,134,89,87,105,52,80,112,260,267,307,341,301,334,132,153,198,182,175,14,41,250,241,,,147,31,,,237,98,267,149,235,69,121,127,189,212,52,59,67,43,45,82,64,246,303,296,122,221,14,243,,152,,,b'\x11\xe8\xe1I\xca\x91q|\xaf\x82\x12\xdf\x17\xaeN\x1e'
11E8E149-CA91-717C-AF82-12DF17AE4E1E,2016-ncaa-d1-conf-Atlantic 10,ncaa,10,10,4,10,5,14,14,12,14,11,8,14,9,8,8,8,12,10,13,11,9,11,13,13,13,12,7,8,7,13,13,13,12,14,14,14,9,1,2,6,4,4,12,12,,,3,5,,,11,12,13,4,14,14,13,12,9,8,8,13,12,12,12,14,13,14,14,14,1,5,12,,4,,,11,3,7,4,11,10,10,9,1,4,3,3,3,2,9,2,2,5,5,7,6,5,2,2,4,11,12,13,13,14,14,3,3,6,4,4,2,3,9,11,,,9,3,,,11,4,14,7,11,3,5,3,11,9,1,3,2,2,2,4,3,10,14,14,4,7,2,8,,9,,,b'\x11\xe8\xe1I\xca\x91q|\xaf\x82\x12\xdf\x17\xaeN\x1e'
11E8E149-CA91-717C-AF82-12DF17AE4E1E,2016-ncaa-d1-natl,ncaa,216,227,142,227,176,296,301,279,296,273,193,327,259,291,118,267,213,198,271,200,179,264,318,298,296,231,166,204,87,332,343,253,276,315,340,274,174,11,43,130,203,173,273,284,,,80,128,,,246,296,315,162,319,323,304,291,176,261,295,223,193,202,291,333,336,273,330,288,15,198,277,,95,,,244,68,113,126,142,175,197,147,48,59,67,83,60,46,318,45,45,99,91,101,95,121,46,76,111,237,276,292,343,290,340,121,154,230,197,188,8,42,242,249,,,172,27,,,246,60,274,166,247,78,126,127,192,215,51,58,70,46,46,85,64,249,306,298,129,232,13,249,,150,,,b'\x11\xe8\xe1I\xca\x91q|\xaf\x82\x12\xdf\x17\xaeN\x1e'
11E8E149-CA91-717C-AF82-12DF17AE4E1E,2017-ncaa-d0-natl,ncaa,197,210,168,210,232,280,295,253,314,279,253,296,238,183,311,151,161,158,192,163,85,239,280,311,303,252,116,182,47,237,274,239,275,250,301,247,124,23,67,145,146,115,233,239,,,116,179,,,202,286,318,343,306,315,269,295,263,227,176,153,142,148,254,313,243,251,263,263,34,138,238,,139,,,203,40,49,90,74,93,150,84,35,61,44,108,117,92,268,97,120,71,81,55,59,65,96,80,212,229,275,260,274,251,301,59,145,190,144,98,11,45,245,290,,,177,61,,,202,62,260,107,205,50,58,79,105,151,42,73,118,107,109,63,63,252,277,276,75,182,26,261,,157,,,b'\x11\xe8\xe1I\xca\x91q|\xaf\x82\x12\xdf\x17\xaeN\x1e'
11E8E149-CA91-717C-AF82-12DF17AE4E1E,2017-ncaa-d1-conf-Atlantic 10,ncaa,9,9,8,9,13,11,12,12,11,11,12,10,7,7,8,6,12,10,10,10,3,12,14,8,9,7,6,5,7,13,13,12,12,14,13,8,6,1,5,5,4,2,12,12,,,6,10,,,8,14,13,13,11,12,11,10,12,7,7,12,7,7,11,13,13,11,14,8,2,3,12,,9,,,8,3,2,2,6,3,4,8,6,5,9,9,4,3,9,3,5,1,2,8,8,4,7,8,5,6,12,10,13,9,13,3,4,6,3,4,2,3,10,13,,,10,6,,,8,1,8,6,8,5,4,3,4,4,7,7,4,3,3,2,3,8,13,12,3,3,3,10,,9,,,b'\x11\xe8\xe1I\xca\x91q|\xaf\x82\x12\xdf\x17\xaeN\x1e'
11E8E149-CA91-717C-AF82-12DF17AE4E1E,2017-ncaa-d1-natl,ncaa,215,210,217,219,309,305,321,300,318,310,283,302,252,203,311,151,190,189,191,194,85,287,325,317,308,255,112,181,48,263,281,277,280,292,308,276,129,16,68,150,169,120,244,239,,,86,182,,,216,324,319,345,308,322,283,306,271,229,177,160,153,158,268,316,248,262,276,270,34,151,236,,141,,,216,19,28,49,81,70,110,91,30,45,48,106,102,73,271,74,123,31,30,60,62,74,90,78,217,210,280,240,281,225,308,46,144,215,151,113,9,48,238,293,,,211,57,,,216,25,270,121,222,52,62,82,111,154,42,67,124,109,110,63,62,255,287,279,78,191,26,266,,163,,,b'\x11\xe8\xe1I\xca\x91q|\xaf\x82\x12\xdf\x17\xaeN\x1e'
11E8E149-CA91-717C-AF82-12DF17AE4E1E,2018-ncaa-d0-natl,ncaa,185,207,117,206,139,142,149,57,310,170,80,317,112,78,228,129,166,188,140,191,269,65,108,302,296,209,125,122,185,66,191,194,243,129,263,222,307,16,12,103,87,81,250,260,,,291,282,,,172,139,133,217,160,165,26,192,81,110,79,176,193,193,40,98,64,232,135,264,17,82,257,,274,,,172,197,138,155,148,141,192,104,158,115,268,106,308,294,253,294,287,185,219,154,201,146,261,160,300,224,243,337,191,320,263,186,205,96,99,103,6,10,233,172,,,211,259,,,172,216,167,164,172,173,125,104,119,156,152,100,294,281,285,144,205,212,334,312,162,89,11,220,,223,,,b'\x11\xe8\xe1I\xca\x91q|\xaf\x82\x12\xdf\x17\xaeN\x1e'
11E8E149-CA91-717C-AF82-12DF17AE4E1E,2018-ncaa-d1-conf-Atlantic 10,ncaa,8,8,4,8,5,8,10,2,14,11,5,14,5,2,13,3,9,7,6,7,10,3,4,14,14,10,4,4,7,3,9,10,9,8,11,10,12,1,1,4,1,1,12,12,,,10,10,,,8,6,8,7,10,11,1,12,7,5,2,8,7,7,2,6,5,12,9,12,2,1,12,,11,,,8,4,1,3,7,4,6,7,3,3,6,4,11,11,7,11,11,3,7,8,8,3,7,3,14,6,9,14,9,13,11,6,10,1,1,2,2,1,9,8,,,10,12,,,8,8,10,4,8,4,2,3,4,5,5,3,11,11,11,3,5,7,14,13,5,1,2,10,,11,,,b'\x11\xe8\xe1I\xca\x91q|\xaf\x82\x12\xdf\x17\xaeN\x1e'
11E8E149-CA91-717C-AF82-12DF17AE4E1E,2018-ncaa-d1-natl,ncaa,203,207,144,210,178,178,181,77,314,201,95,324,122,92,237,125,194,212,141,214,267,85,146,307,303,219,119,122,182,80,196,235,248,172,277,253,311,9,12,108,101,93,263,269,,,270,284,,,194,172,138,203,170,173,31,206,87,115,81,180,197,194,41,104,70,240,147,278,16,90,262,,277,,,194,168,114,111,166,121,153,118,150,87,277,104,299,286,259,284,289,140,184,166,218,166,257,158,303,197,248,332,196,313,277,167,210,117,110,117,5,10,225,178,,,239,261,,,194,181,178,183,194,181,137,109,133,159,156,97,300,287,291,149,204,216,335,314,171,98,11,221,,225,,,b'\x11\xe8\xe1I\xca\x91q|\xaf\x82\x12\xdf\x17\xaeN\x1e'
11E8E149-CA91-717C-AF82-12DF17AE4E1E,2019-ncaa-d0-natl,ncaa,266,283,173,274,229,320,314,235,346,329,268,337,198,122,324,74,335,326,300,326,304,260,279,340,343,334,101,80,278,263,309,309,295,304,338,304,195,117,181,257,163,122,213,192,,,126,198,,,326,286,293,272,344,337,231,340,277,194,106,341,327,325,284,307,254,332,325,319,128,157,214,,152,,,319,129,148,97,265,133,79,269,210,179,267,255,89,50,335,51,112,68,85,280,283,245,196,260,102,184,295,325,309,297,338,258,317,148,84,224,72,152,58,109,,,326,318,,,326,65,337,251,325,165,179,80,152,66,236,193,108,68,65,52,81,201,335,321,276,126,114,66,,341,,,b'\x11\xe8\xe1I\xca\x91q|\xaf\x82\x12\xdf\x17\xaeN\x1e'
11E8E149-CA91-717C-AF82-12DF17AE4E1E,2019-ncaa-d1-conf-Atlantic 10,ncaa,11,11,9,11,11,13,13,11,14,10,10,12,11,8,12,5,13,13,10,13,14,12,13,14,14,13,11,7,12,12,12,14,14,14,14,13,8,5,8,11,7,4,8,8,,,3,5,,,13,13,8,10,13,12,6,10,9,10,7,13,12,12,9,10,11,14,14,12,8,6,8,,4,,,13,8,9,3,14,6,3,14,10,8,13,12,4,2,14,2,2,2,3,13,13,12,8,10,3,12,14,11,12,12,14,12,13,6,3,10,5,6,4,5,,,13,13,,,13,2,13,13,14,12,12,8,11,3,10,9,4,2,2,5,6,13,13,13,13,4,6,5,,13,,,b'\x11\xe8\xe1I\xca\x91q|\xaf\x82\x12\xdf\x17\xaeN\x1e'
11E8E149-CA91-717C-AF82-12DF17AE4E1E,2019-ncaa-d1-natl,ncaa,282,282,233,284,292,342,338,275,347,343,294,339,218,132,326,76,340,335,301,336,306,299,320,339,344,337,98,78,277,278,314,334,306,329,342,322,200,87,184,270,194,132,226,196,,,103,198,,,326,323,296,272,346,338,242,341,282,198,107,343,328,326,290,310,262,332,331,325,130,169,216,,154,,,325,92,121,55,277,109,45,281,194,151,281,257,80,42,338,43,112,27,42,286,294,257,192,260,99,155,306,310,314,272,342,244,317,188,91,239,59,163,49,121,,,341,317,,,326,28,340,269,330,175,194,83,163,69,237,189,114,68,66,57,80,209,337,322,287,134,115,70,,341,,,b'\x11\xe8\xe1I\xca\x91q|\xaf\x82\x12\xdf\x17\xaeN\x1e'
11E8E149-CA91-717C-AF82-12DF17AE4E1E,2020-ncaa-d0-natl,ncaa,163,216,8,188,11,143,160,150,190,218,244,176,73,66,126,73,161,147,211,147,111,155,78,140,148,218,62,73,177,161,193,110,213,125,197,94,65,324,297,228,83,112,140,178,,,272,190,,,214,61,256,81,237,254,298,297,307,112,107,237,221,229,298,256,228,225,245,158,278,130,186,,173,,,210,258,255,274,161,264,271,153,200,194,173,140,226,174,337,176,122,267,302,148,169,151,149,143,197,275,213,261,193,277,197,267,226,78,126,162,260,222,203,232,,,161,226,,,214,295,228,167,206,129,141,132,164,172,128,126,166,120,117,115,136,197,123,155,206,143,197,143,,261,,,b'\x11\xe8\xe1I\xca\x91q|\xaf\x82\x12\xdf\x17\xaeN\x1e'
11E8E149-CA91-717C-AF82-12DF17AE4E1E,2020-ncaa-d1-conf-Atlantic 10,ncaa,8,9,5,9,5,8,8,10,5,11,12,7,5,4,5,3,9,6,13,6,6,10,4,2,5,10,3,2,7,9,7,9,13,8,10,6,10,14,14,13,1,2,5,5,,,10,7,,,9,6,5,1,9,9,11,12,13,4,5,9,7,7,11,4,9,9,8,10,14,1,5,,11,,,9,11,9,9,7,7,7,6,12,12,10,10,11,5,14,6,5,9,13,8,9,6,11,11,9,13,13,4,7,12,10,11,10,3,3,5,11,10,9,13,,,6,6,,,9,10,10,8,9,9,8,10,9,9,12,11,10,6,7,10,13,13,6,11,11,2,11,8,,7,,,b'\x11\xe8\xe1I\xca\x91q|\xaf\x82\x12\xdf\x17\xaeN\x1e'
11E8E149-CA91-717C-AF82-12DF17AE4E1E,2020-ncaa-d1-natl,ncaa,177,215,12,199,17,182,197,184,200,261,269,183,81,81,131,73,184,170,211,173,107,195,114,149,161,225,61,70,175,188,201,142,221,162,208,114,69,322,300,237,102,123,147,179,,,254,200,,,226,92,258,80,248,272,307,304,311,111,110,236,221,228,303,262,235,231,252,164,278,136,185,,176,,,221,244,240,251,171,250,252,169,187,181,178,138,211,162,338,163,122,242,275,165,180,171,150,143,195,253,221,231,201,254,208,256,229,100,134,179,251,226,192,243,,,194,222,,,226,266,234,184,220,142,152,134,168,174,130,125,173,121,120,116,132,198,127,161,212,149,200,150,,261,,,b'\x11\xe8\xe1I\xca\x91q|\xaf\x82\x12\xdf\x17\xaeN\x1e'
11E8E149-CA91-717C-AF82-12DF17AE4E1E,2021-ncaa-d0-natl,ncaa,110,104,157,113,160,176,182,188,170,233,250,116,76,71,157,33,203,215,114,209,113,193,175,121,127,179,53,35,216,187,158,109,269,136,148,126,61,258,278,181,187,216,31,27,,,119,55,,,136,181,226,64,186,211,237,282,317,62,47,227,248,244,248,218,196,48,85,120,263,202,24,,76,,,134,126,142,221,27,152,225,30,163,200,83,162,109,111,143,111,44,201,184,27,25,40,143,201,103,305,269,132,158,202,148,163,192,194,231,183,217,228,177,260,,,189,177,,,136,160,177,88,130,87,117,270,125,272,149,194,73,74,72,247,233,324,92,234,158,212,225,169,,204,,,b'\x11\xe8\xe1I\xca\x91q|\xaf\x82\x12\xdf\x17\xaeN\x1e'
11E8E149-CA91-717C-AF82-12DF17AE4E1E,2021-ncaa-d1-conf-Atlantic 10,ncaa,4,7,4,7,4,5,8,6,7,11,11,6,2,2,6,3,4,4,5,4,4,6,4,5,5,8,5,4,6,4,6,2,13,2,7,4,6,14,13,12,5,7,1,4,,,7,3,,,7,4,6,6,7,9,11,10,12,3,4,6,6,6,9,7,9,3,3,9,13,6,2,,7,,,7,9,10,12,3,10,13,3,7,8,4,3,8,8,8,8,3,11,11,2,2,1,3,5,6,13,13,9,6,11,7,10,8,6,10,6,14,12,9,12,,,4,6,,,7,11,7,4,7,6,6,13,11,14,5,5,7,7,7,13,13,14,4,12,9,7,13,9,,6,,,b'\x11\xe8\xe1I\xca\x91q|\xaf\x82\x12\xdf\x17\xaeN\x1e'
11E8E149-CA91-717C-AF82-12DF17AE4E1E,2021-ncaa-d1-natl,ncaa,119,104,182,117,187,191,200,210,178,251,259,121,88,77,155,33,211,229,114,225,108,213,200,121,129,185,50,35,215,201,164,127,275,150,155,142,62,242,281,184,202,224,32,29,,,107,55,,,144,202,228,63,199,221,240,287,320,63,49,231,249,246,252,224,202,53,90,125,266,209,25,,75,,,143,118,127,203,28,135,214,32,153,184,88,159,100,102,146,101,42,181,166,26,25,45,139,200,102,294,275,119,164,185,155,145,192,210,242,192,207,234,171,267,,,199,174,,,144,143,182,95,140,93,122,272,130,274,150,194,76,79,75,247,233,325,96,232,164,220,231,173,,206,,,b'\x11\xe8\xe1I\xca\x91q|\xaf\x82\x12\xdf\x17\xaeN\x1e'
11E8E149-CA91-717C-AF82-12DF17AE4E1E,2022-ncaa-d0-natl,ncaa,139,157,112,159,133,83,93,162,30,204,326,5,15,16,49,7,195,221,112,222,46,173,155,11,14,31,18,12,298,279,267,70,288,130,211,86,111,260,242,129,218,277,14,28,,,186,78,,,110,123,117,220,62,74,231,254,350,10,14,222,247,252,241,210,307,47,133,65,232,248,9,,145,,,110,270,286,322,89,295,328,74,187,219,114,97,191,203,149,205,65,319,272,71,60,165,89,120,120,347,288,165,267,281,211,252,154,296,335,318,275,261,190,317,,,257,317,,,110,240,54,240,107,238,269,344,282,348,162,188,163,172,178,343,306,343,101,258,223,322,239,165,,314,,,b'\x11\xe8\xe1I\xca\x91q|\xaf\x82\x12\xdf\x17\xaeN\x1e'
11E8E149-CA91-717C-AF82-12DF17AE4E1E,2022-ncaa-d1-conf-Atlantic 10,ncaa,8,8,6,8,6,3,5,9,2,10,13,1,1,1,3,1,2,4,6,4,1,7,5,1,1,2,2,2,8,13,12,3,13,6,11,5,8,14,14,10,7,10,1,3,,,10,6,,,10,3,1,3,2,3,12,10,14,1,1,3,4,4,11,4,13,3,8,8,14,7,2,,12,,,10,14,14,14,9,14,14,6,10,9,7,3,12,10,13,9,6,14,14,6,8,12,3,4,7,14,13,8,12,13,11,13,5,10,13,13,13,13,12,14,,,9,10,,,10,13,5,13,9,14,14,14,14,14,8,8,12,10,8,14,14,14,7,13,11,12,12,12,,7,,,b'\x11\xe8\xe1I\xca\x91q|\xaf\x82\x12\xdf\x17\xaeN\x1e'
11E8E149-CA91-717C-AF82-12DF17AE4E1E,2022-ncaa-d1-natl,ncaa,157,157,146,169,178,105,120,205,31,240,343,5,20,21,51,7,222,248,113,249,44,216,202,10,14,32,17,12,296,299,271,83,291,166,226,104,120,237,250,141,255,289,17,30,,,152,80,,,133,162,125,210,68,83,242,266,350,12,15,225,250,254,250,220,309,48,151,72,235,260,9,,150,,,132,247,269,315,99,283,324,84,168,192,125,94,171,183,159,187,69,312,253,87,75,181,86,119,117,344,291,122,271,256,226,235,155,319,338,324,249,265,174,324,,,287,314,,,133,202,61,257,128,252,283,345,294,348,164,188,170,178,184,343,304,345,105,263,232,328,241,174,,313,,,b'\x11\xe8\xe1I\xca\x91q|\xaf\x82\x12\xdf\x17\xaeN\x1e'
11E8E149-CA91-717C-AF82-12DF17AE4E1E,2023-ncaa-d0-natl,ncaa,73,74,81,78,85,81,90,131,44,165,272,29,29,40,36,34,203,219,88,220,140,141,149,23,25,39,55,33,308,328,338,37,115,117,177,82,109,166,159,94,231,278,37,25,,,42,13,,,64,109,193,137,93,94,241,220,326,30,50,236,278,281,261,286,343,24,156,89,114,271,38,,20,,,65,178,211,315,27,71,167,56,344,353,88,358,29,27,160,25,36,286,261,51,35,65,326,356,16,273,115,237,338,264,177,266,291,202,269,276,173,175,192,246,,,148,148,,,64,252,78,78,64,88,120,313,35,75,339,356,15,13,12,250,193,237,167,199,228,253,139,150,,211,,,b'\x11\xe8\xe1I\xca\x91q|\xaf\x82\x12\xdf\x17\xaeN\x1e'
11E8E149-CA91-717C-AF82-12DF17AE4E1E,2023-ncaa-d1-conf-Atlantic 10,ncaa,4,5,4,5,5,4,6,11,1,5,12,1,5,5,3,6,5,6,9,6,3,10,10,1,1,1,6,6,9,15,15,3,8,10,12,6,8,9,9,5,12,13,3,2,,,4,1,,,4,5,7,7,5,5,14,6,13,6,7,5,5,5,13,14,15,3,11,6,6,13,3,,2,,,4,10,9,12,2,3,8,3,14,15,6,15,2,2,6,2,2,12,12,4,2,5,14,14,2,11,8,7,15,11,12,9,12,11,12,12,10,11,5,6,,,4,1,,,4,11,3,7,4,8,8,13,2,6,13,15,3,3,3,11,12,10,8,11,10,11,9,5,,3,,,b'\x11\xe8\xe1I\xca\x91q|\xaf\x82\x12\xdf\x17\xaeN\x1e'
11E8E149-CA91-717C-AF82-12DF17AE4E1E,2023-ncaa-d1-natl,ncaa,81,74,103,84,119,104,109,174,44,195,301,29,33,56,36,32,222,248,85,247,142,190,208,25,26,41,53,29,306,343,342,45,122,141,185,95,116,139,163,100,258,297,41,26,,,27,14,,,72,139,198,131,101,103,259,233,328,33,55,237,280,282,270,293,349,27,178,99,114,284,40,,21,,,74,155,177,302,28,55,125,61,337,353,94,358,19,21,160,19,36,264,236,61,38,78,327,356,15,252,122,202,342,234,185,255,289,241,282,287,151,181,176,254,,,180,144,,,72,225,86,92,72,101,132,315,41,77,340,357,17,13,12,254,194,239,171,206,238,273,140,155,,210,,,b'\x11\xe8\xe1I\xca\x91q|\xaf\x82\x12\xdf\x17\xaeN\x1e'
11E8E149-CA91-717C-AF82-12DF17AE4E1E,2024-ncaa-d0-natl,ncaa,12,13,13,16,17,25,40,113,11,121,279,10,6,20,7,20,61,119,4,116,45,113,106,3,3,9,17,15,233,331,335,31,229,114,201,32,70,222,156,50,221,310,4,3,,,110,22,,,26,57,264,92,49,77,308,228,352,9,44,121,230,228,296,328,355,74,273,49,93,307,7,,23,,,31,261,268,341,22,170,294,18,342,352,126,328,106,93,216,87,39,332,320,40,23,60,309,344,45,349,229,188,335,295,201,197,99,140,252,162,154,107,45,98,,,123,165,,,26,300,20,103,28,85,96,275,43,134,302,336,37,26,25,221,174,289,29,113,81,258,68,12,,270,,,b'\x11\xe8\xe1I\xca\x91q|\xaf\x82\x12\xdf\x17\xaeN\x1e'
11E8E149-CA91-717C-AF82-12DF17AE4E1E,2024-ncaa-d1-conf-Atlantic 10,ncaa,1,1,2,1,2,1,3,7,1,8,13,1,1,2,1,2,1,3,1,3,1,5,5,1,1,1,2,2,5,14,15,2,8,5,9,1,3,12,11,2,9,13,1,1,,,5,1,,,2,3,5,1,1,3,14,11,14,1,2,2,5,5,14,13,15,2,8,2,8,11,1,,2,,,3,8,8,15,1,6,13,1,14,15,3,13,8,9,7,9,3,15,15,2,2,4,12,14,4,14,8,6,15,10,9,6,4,6,13,8,12,11,2,4,,,2,4,,,2,13,1,5,3,6,7,15,4,11,11,15,5,6,5,15,13,13,1,5,6,11,8,1,,5,,,b'\x11\xe8\xe1I\xca\x91q|\xaf\x82\x12\xdf\x17\xaeN\x1e'
11E8E149-CA91-717C-AF82-12DF17AE4E1E,2024-ncaa-d1-natl,ncaa,12,13,16,16,22,31,52,145,12,151,318,11,8,24,7,20,74,141,4,137,44,143,134,4,3,10,15,15,225,340,339,41,238,150,216,41,71,192,164,58,254,322,5,3,,,84,23,,,34,73,273,85,55,87,316,246,355,10,45,122,233,234,307,332,358,82,285,52,92,318,7,,26,,,38,252,258,339,23,151,274,25,339,351,142,331,91,80,223,74,43,324,311,50,33,82,308,346,47,349,238,156,339,275,216,182,101,173,271,183,132,118,41,112,,,149,159,,,34,282,23,124,31,95,108,278,45,136,308,340,42,27,25,226,171,297,32,124,94,271,70,13,,270,,,b'\x11\xe8\xe1I\xca\x91q|\xaf\x82\x12\xdf\x17\xaeN\x1e'
11E8E149-CA91-717C-AF82-12DF17AE4E1E,2024-ncaa-d1-ncaatournament,ncaa,37,3,37,37,38,49,46,65,6,59,64,34,32,58,1,22,65,67,26,66,66,67,67,4,6,16,10,2,68,65,65,59,66,67,66,42,22,17,60,35,59,54,42,42,,,1,1,,,45,66,67,5,45,34,63,58,57,6,45,65,67,66,67,67,65,58,67,24,42,51,33,,1,,,46,11,16,27,38,18,25,30,12,16,40,29,7,4,67,3,4,19,13,37,35,45,21,43,13,41,66,5,65,17,66,15,47,63,56,61,5,25,14,52,,,68,68,,,45,1,33,62,52,41,50,52,47,52,35,33,15,4,3,35,25,67,9,48,50,54,9,38,,68,,,b'\x11\xe8\xe1I\xca\x91q|\xaf\x82\x12\xdf\x17\xaeN\x1e'
11E8E149-CA91-717C-AF82-12DF17AE4E1E,2025-ncaa-d0-natl,genius_ncaa,13,26,19,24,27,37,41,122,2,103,305,1,6,14,4,9,186,238,51,235,109,137,130,1,1,3,37,10,340,292,236,42,133,101,73,12,16,217,183,23,151,210,46,38,,,26,5,,328,20,97,324,269,65,62,328,214,357,7,40,280,319,321,334,352,345,108,275,17,86,242,71,,2,,275,24,189,255,325,35,152,231,80,335,354,117,355,3,2,132,2,1,284,283,86,32,59,240,355,1,281,133,60,236,148,73,216,146,116,174,153,138,129,83,188,,,62,39,,55,20,273,11,69,18,32,82,187,33,46,295,334,1,1,1,67,45,164,2,11,90,226,63,33,,173,,98,b'\x11\xe8\xe1I\xca\x91q|\xaf\x82\x12\xdf\x17\xaeN\x1e'
11E8E149-CA91-717C-AF82-12DF17AE4E1E,2025-ncaa-d1-conf-Atlantic 10,genius_ncaa,1,1,4,1,5,2,2,11,1,7,15,1,1,2,1,2,9,11,1,11,4,12,14,1,1,1,2,2,15,14,13,6,4,13,6,1,1,2,4,1,9,10,5,3,,,1,1,,1,1,12,13,5,2,1,12,8,15,1,2,10,12,12,14,15,14,6,13,1,2,10,5,,1,,3,1,2,6,7,3,3,4,6,11,13,5,15,1,1,9,1,1,6,6,6,1,3,9,14,1,5,4,1,13,1,6,5,6,9,9,8,4,5,1,8,,,8,1,,5,1,5,1,3,1,2,6,10,3,2,10,12,1,1,1,3,5,4,1,1,4,10,4,1,,10,,5,b'\x11\xe8\xe1I\xca\x91q|\xaf\x82\x12\xdf\x17\xaeN\x1e'
11E8E149-CA91-717C-AF82-12DF17AE4E1E,2025-ncaa-d1-natl,genius_ncaa,19,26,25,27,39,47,49,152,2,125,329,1,8,21,5,12,208,254,50,254,103,172,164,1,1,3,32,10,339,311,249,50,136,133,81,13,16,182,190,25,170,221,51,38,,,16,5,,324,22,122,325,269,69,66,335,232,357,9,41,283,321,322,335,352,348,117,287,18,84,253,72,,2,,279,27,164,232,320,45,124,201,88,332,351,131,355,3,2,141,2,1,267,265,93,36,69,238,355,1,268,136,37,249,115,81,200,144,144,183,165,120,135,75,206,,,77,38,,59,22,252,11,83,20,34,92,187,39,47,298,335,1,1,1,73,43,164,2,12,98,240,63,36,,173,,96,b'\x11\xe8\xe1I\xca\x91q|\xaf\x82\x12\xdf\x17\xaeN\x1e'
11E8E149-CA91-717C-AF82-12DF17AE4E1E,2025-ncaa-d1-ncaatournament,genius_ncaa,17,2,17,17,20,22,22,27,4,24,33,5,16,22,7,18,40,40,30,39,59,34,34,1,4,3,31,18,61,33,30,30,57,31,40,18,8,29,30,4,58,64,24,33,,,29,11,,24,18,36,68,7,20,15,49,24,52,13,31,55,58,58,59,64,48,37,44,7,17,64,32,,9,,13,16,38,43,45,24,40,45,27,46,52,23,48,22,30,3,29,16,45,39,25,14,30,36,52,12,58,57,31,30,42,40,55,66,52,63,66,18,11,33,37,,,30,33,,32,18,33,5,45,18,23,33,43,25,40,41,54,6,18,14,44,19,60,4,28,57,64,6,25,,46,,41,b'\x11\xe8\xe1I\xca\x91q|\xaf\x82\x12\xdf\x17\xaeN\x1e'
11E8E149-CA91-717C-AF82-12DF17AE4E1E,2026-ncaa-d0-natl,genius_ncaa,55,80,49,81,73,76,71,101,55,147,234,47,4,12,23,7,237,285,33,289,276,134,129,20,23,41,17,8,350,161,161,63,117,93,84,50,68,226,162,67,184,237,134,174,,,97,19,,118,90,122,318,97,94,87,211,248,350,6,15,318,350,352,282,326,245,86,147,55,119,264,188,,13,,70,94,267,298,294,172,277,253,215,301,325,120,314,116,137,82,131,68,276,247,178,150,211,160,269,40,243,117,175,161,203,84,304,247,228,315,311,292,255,171,214,,,147,232,,241,90,240,41,204,93,141,199,213,163,114,245,288,43,54,44,154,51,146,33,50,234,332,221,109,,282,,294,b'\x11\xe8\xe1I\xca\x91q|\xaf\x82\x12\xdf\x17\xaeN\x1e'
11E8E149-CA91-717C-AF82-12DF17AE4E1E,2026-ncaa-d1-conf-Atlantic 10,genius_ncaa,1,1,1,1,1,6,4,5,2,8,14,5,1,3,2,2,13,14,10,14,14,8,8,1,1,1,1,1,13,5,2,4,3,4,1,2,3,6,7,3,2,2,1,1,,,2,5,,2,1,12,9,1,6,4,5,8,14,1,3,13,14,14,8,8,5,4,4,2,6,2,1,,2,,2,1,2,3,3,3,1,5,3,9,4,12,6,3,9,1,7,10,4,4,3,3,2,9,11,3,3,3,1,2,1,1,7,11,3,2,5,9,11,4,9,,,6,9,,4,1,6,2,2,1,2,3,3,1,5,9,4,3,9,7,4,4,3,1,1,7,3,9,4,,6,,4,b'\x11\xe8\xe1I\xca\x91q|\xaf\x82\x12\xdf\x17\xaeN\x1e'
11E8E149-CA91-717C-AF82-12DF17AE4E1E,2026-ncaa-d1-natl,genius_ncaa,74,80,85,97,117,109,101,159,64,225,311,56,7,18,24,7,293,332,29,332,288,195,195,23,25,49,16,9,348,233,199,93,132,138,111,63,71,180,183,82,251,278,174,193,,,40,23,,90,127,184,324,100,124,114,239,288,354,6,19,329,353,355,310,335,282,105,180,70,126,295,199,,11,,74,132,232,261,250,211,236,193,257,285,310,142,311,80,99,97,85,71,226,187,217,187,264,158,269,40,205,132,118,199,142,111,287,254,301,328,331,253,274,139,240,,,217,222,,268,127,181,54,258,127,174,230,224,199,121,261,295,52,62,54,167,48,155,35,57,264,345,223,119,,286,,289,b'\x11\xe8\xe1I\xca\x91q|\xaf\x82\x12\xdf\x17\xaeN\x1e'
11E8E149-CA96-4166-AF82-12DF17AE4E1E,2010-ncaa-d0-natl,ncaa,329,335,178,333,226,306,301,227,337,310,231,338,205,152,286,117,306,271,303,260,230,239,187,330,336,334,104,95,200,92,105,81,36,75,57,282,183,288,293,315,334,337,198,212,,,126,204,,,329,230,220,283,325,325,212,317,232,195,132,306,272,263,240,164,62,33,25,300,292,336,200,,146,,,322,183,184,189,157,158,205,94,223,167,302,152,178,193,107,198,189,187,96,168,153,306,216,225,171,80,36,206,105,154,57,253,267,340,343,341,304,305,152,200,,,293,317,,,329,104,329,295,329,226,214,245,181,243,244,184,194,212,218,247,89,110,251,201,263,343,308,166,,299,,,b'\x11\xe8\xe1I\xca\x96Af\xaf\x82\x12\xdf\x17\xaeN\x1e'
11E8E149-CA96-4166-AF82-12DF17AE4E1E,2010-ncaa-d1-conf-MAAC,ncaa,10,10,7,10,9,10,10,7,10,10,6,10,9,6,10,5,9,8,10,8,5,7,5,10,10,10,5,3,5,2,3,3,1,2,2,9,5,9,9,9,10,10,7,9,,,5,7,,,10,7,3,8,10,10,3,9,5,7,5,8,6,6,3,2,2,1,1,9,9,10,7,,6,,,10,10,9,5,10,7,6,9,6,6,10,5,7,8,3,8,8,8,2,9,10,10,6,5,7,2,1,5,3,4,2,8,6,10,10,10,9,9,8,7,,,9,9,,,10,3,10,10,10,10,10,9,9,9,7,7,8,9,9,10,5,2,8,7,9,10,9,10,,9,,,b'\x11\xe8\xe1I\xca\x96Af\xaf\x82\x12\xdf\x17\xaeN\x1e'
11E8E149-CA96-4166-AF82-12DF17AE4E1E,2010-ncaa-d1-natl,ncaa,333,335,191,336,258,318,316,243,338,323,250,339,210,158,286,115,312,284,303,273,228,260,210,333,336,334,104,96,198,100,106,89,37,83,57,300,185,276,294,316,338,338,206,218,,,114,205,,,329,249,224,285,327,325,214,320,237,197,131,306,277,267,243,166,65,33,26,308,292,337,201,,146,,,327,168,169,176,161,144,191,99,215,156,303,152,167,185,109,189,187,173,74,173,162,310,217,228,171,69,37,191,106,135,57,243,268,343,344,341,301,306,147,205,,,307,317,,,329,83,330,303,331,233,217,247,187,246,247,185,198,211,218,246,90,109,251,204,267,343,310,170,,301,,,b'\x11\xe8\xe1I\xca\x96Af\xaf\x82\x12\xdf\x17\xaeN\x1e'
11E8E149-CA96-4166-AF82-12DF17AE4E1E,2011-ncaa-d0-natl,ncaa,319,325,170,321,171,305,317,267,336,315,211,338,253,256,256,225,190,112,332,113,53,247,153,332,332,337,99,174,36,145,176,219,116,180,178,320,264,337,329,336,271,278,183,191,,,139,173,,,336,158,173,5,327,334,280,323,217,261,247,181,85,85,257,106,128,215,164,331,334,278,182,,168,,,333,247,235,159,292,188,182,202,275,140,343,140,202,193,214,197,209,163,138,305,304,312,240,247,166,75,116,222,176,156,178,280,265,238,237,295,331,326,164,199,,,93,80,,,336,171,335,288,333,280,267,196,213,211,288,148,224,218,229,206,170,86,254,184,291,234,329,186,,56,,,b'\x11\xe8\xe1I\xca\x96Af\xaf\x82\x12\xdf\x17\xaeN\x1e'
11E8E149-CA96-4166-AF82-12DF17AE4E1E,2011-ncaa-d1-conf-MAAC,ncaa,9,8,7,9,7,8,9,8,7,9,6,8,7,7,5,7,1,1,10,1,1,6,4,8,8,8,5,7,1,2,1,5,6,5,2,8,8,10,9,9,10,10,7,8,,,4,4,,,9,5,3,1,6,7,5,8,5,7,7,1,1,1,3,2,2,5,2,8,10,10,6,,5,,,9,10,10,8,10,10,9,9,9,4,10,4,6,6,6,6,6,9,5,10,10,10,4,6,4,3,6,3,1,2,2,9,8,9,10,10,10,9,6,5,,,1,1,,,9,6,8,9,9,10,10,9,10,9,9,6,6,6,6,10,8,5,5,6,9,8,10,6,,1,,,b'\x11\xe8\xe1I\xca\x96Af\xaf\x82\x12\xdf\x17\xaeN\x1e'
11E8E149-CA96-4166-AF82-12DF17AE4E1E,2011-ncaa-d1-natl,ncaa,321,325,199,323,200,315,329,291,339,324,236,340,256,262,255,223,204,124,331,126,52,270,182,335,336,337,96,172,34,161,178,242,118,210,187,331,265,334,331,340,287,286,195,198,,,123,176,,,335,189,175,4,331,336,285,325,220,258,246,180,85,87,261,110,134,217,172,333,336,284,182,,170,,,335,232,221,130,296,176,155,211,268,126,343,139,192,182,213,186,210,138,102,307,304,317,236,245,166,57,118,207,178,130,187,272,264,262,240,301,330,327,152,209,,,110,74,,,335,138,336,297,334,282,274,197,217,210,291,150,226,223,228,209,169,87,259,185,296,237,330,190,,55,,,b'\x11\xe8\xe1I\xca\x96Af\xaf\x82\x12\xdf\x17\xaeN\x1e'
11E8E149-CA96-4166-AF82-12DF17AE4E1E,2012-ncaa-d0-natl,ncaa,238,248,163,250,177,275,275,213,314,252,165,321,253,250,236,249,174,155,226,150,151,202,202,315,307,293,164,218,59,142,169,197,63,174,143,276,249,158,204,277,250,238,200,202,,,89,146,,,241,228,232,99,287,301,206,263,150,253,243,167,137,135,192,203,126,185,144,293,186,256,205,,102,,,237,101,109,81,198,109,115,146,150,81,294,120,129,116,193,107,156,80,71,197,202,207,185,190,175,40,63,237,169,133,143,165,234,219,163,205,127,156,255,248,,,152,97,,,241,109,287,162,248,136,135,93,135,142,160,89,153,139,134,94,74,38,264,162,194,214,148,265,,126,,,b'\x11\xe8\xe1I\xca\x96Af\xaf\x82\x12\xdf\x17\xaeN\x1e'
11E8E149-CA96-4166-AF82-12DF17AE4E1E,2012-ncaa-d1-conf-MAAC,ncaa,10,10,7,10,7,10,10,5,10,6,2,10,9,10,9,9,7,4,10,4,7,4,5,9,9,9,9,9,3,3,4,6,3,4,7,9,9,6,6,9,8,8,7,9,,,5,4,,,10,6,3,3,10,10,3,5,2,9,9,6,3,3,3,3,2,3,2,9,8,8,7,,5,,,10,7,7,5,8,8,6,5,5,2,10,2,7,7,7,7,7,4,5,8,8,8,5,3,7,3,3,10,4,8,7,8,7,8,7,8,5,6,8,6,,,4,5,,,10,5,10,8,10,8,9,7,9,9,6,2,7,7,7,8,7,5,10,10,9,7,5,8,,1,,,b'\x11\xe8\xe1I\xca\x96Af\xaf\x82\x12\xdf\x17\xaeN\x1e'
11E8E149-CA96-4166-AF82-12DF17AE4E1E,2012-ncaa-d1-natl,ncaa,254,247,196,257,217,288,296,239,318,275,186,327,264,262,237,249,189,170,224,165,150,233,243,317,312,294,157,217,54,162,175,229,69,202,146,292,249,137,209,281,265,243,214,206,,,73,147,,,246,262,236,90,292,304,214,273,153,254,244,172,138,134,203,208,133,192,149,297,190,266,208,,105,,,246,84,83,54,205,87,92,153,140,69,301,122,118,106,197,100,158,53,49,201,207,213,184,187,175,29,69,218,175,111,146,150,238,245,169,217,107,160,246,251,,,168,91,,,246,77,292,173,258,143,140,94,140,144,164,89,158,142,137,98,74,37,270,170,200,224,149,265,,124,,,b'\x11\xe8\xe1I\xca\x96Af\xaf\x82\x12\xdf\x17\xaeN\x1e'
11E8E149-CA96-4166-AF82-12DF17AE4E1E,2013-ncaa-d0-natl,ncaa,164,145,183,160,203,202,268,195,305,242,179,299,230,193,289,199,26,33,83,35,24,153,170,310,265,236,74,224,5,116,160,226,165,177,201,289,271,117,128,265,169,158,75,79,,,178,218,,,155,187,162,112,199,278,165,243,161,226,182,7,13,14,113,125,96,218,152,297,145,163,55,,208,,,156,104,88,109,145,149,225,66,58,16,312,20,231,187,303,179,150,117,136,110,146,118,117,70,264,120,165,250,160,202,201,147,227,149,104,134,129,142,121,131,,,80,42,,,155,149,206,116,164,142,127,122,180,282,63,19,250,217,214,139,168,137,273,241,174,124,147,142,,32,,,b'\x11\xe8\xe1I\xca\x96Af\xaf\x82\x12\xdf\x17\xaeN\x1e'
11E8E149-CA96-4166-AF82-12DF17AE4E1E,2013-ncaa-d1-conf-MAAC,ncaa,4,4,7,4,8,3,5,5,7,4,3,7,7,7,8,8,2,2,5,2,3,2,3,8,7,5,4,8,2,1,2,7,5,4,4,7,8,5,2,6,6,6,2,5,,,10,10,,,3,5,3,3,3,3,2,3,2,7,7,2,2,2,1,1,1,5,1,7,5,4,2,,10,,,3,4,6,3,7,8,9,5,1,1,8,1,8,7,7,7,4,4,3,6,6,4,3,1,9,4,5,8,2,6,4,6,4,5,4,3,3,2,7,4,,,2,2,,,3,5,4,2,3,7,7,8,8,9,2,1,8,9,9,8,8,5,9,9,6,3,4,9,,2,,,b'\x11\xe8\xe1I\xca\x96Af\xaf\x82\x12\xdf\x17\xaeN\x1e'
11E8E149-CA96-4166-AF82-12DF17AE4E1E,2013-ncaa-d1-natl,ncaa,171,145,210,162,231,225,286,218,313,262,203,300,236,199,290,200,29,37,84,39,24,177,196,314,267,238,71,221,5,132,167,249,170,199,210,301,273,101,130,267,180,161,80,78,,,160,222,,,164,213,168,99,207,282,170,249,167,228,181,7,15,16,118,128,101,223,159,303,146,169,58,,212,,,165,84,77,78,150,135,210,71,49,13,318,19,217,173,303,168,153,85,105,122,150,129,117,67,264,105,170,232,167,188,210,141,226,163,107,143,126,145,116,135,,,89,40,,,164,118,213,123,172,145,129,124,185,284,68,18,254,218,217,142,167,137,274,246,181,129,150,147,,32,,,b'\x11\xe8\xe1I\xca\x96Af\xaf\x82\x12\xdf\x17\xaeN\x1e'
11E8E149-CA96-4166-AF82-12DF17AE4E1E,2014-ncaa-d0-natl,ncaa,165,205,85,181,105,182,211,176,258,197,148,283,193,220,120,226,94,111,138,112,118,156,181,252,216,178,137,191,58,271,316,147,75,214,251,256,276,65,78,200,150,159,119,121,,,167,172,,,167,148,242,140,250,278,254,239,178,216,243,108,125,130,231,281,303,202,276,294,49,188,128,,122,,,167,155,154,143,197,195,214,134,105,68,280,66,187,170,207,179,166,152,184,177,181,145,114,110,213,81,75,297,316,237,251,153,161,117,97,108,59,79,63,42,,,140,106,,,167,208,222,113,164,95,103,48,156,179,83,43,162,154,160,59,76,52,272,186,116,138,52,44,,192,,,b'\x11\xe8\xe1I\xca\x96Af\xaf\x82\x12\xdf\x17\xaeN\x1e'
11E8E149-CA96-4166-AF82-12DF17AE4E1E,2014-ncaa-d1-conf-MAAC,ncaa,5,5,1,5,1,4,5,5,7,3,2,9,5,6,5,9,2,2,7,2,4,4,4,7,7,5,7,9,3,6,9,4,2,6,10,7,7,6,5,6,5,5,2,2,,,8,7,,,5,2,5,8,5,7,6,5,4,8,7,3,2,2,6,6,7,8,8,8,5,5,2,,7,,,5,8,8,6,7,9,8,7,6,2,10,3,7,8,8,8,7,6,9,8,8,5,6,3,7,3,2,10,9,9,10,7,7,4,3,3,5,5,4,4,,,2,2,,,5,10,5,3,5,5,5,3,7,7,5,1,7,7,7,5,5,3,9,5,7,4,5,4,,4,,,b'\x11\xe8\xe1I\xca\x96Af\xaf\x82\x12\xdf\x17\xaeN\x1e'
11E8E149-CA96-4166-AF82-12DF17AE4E1E,2014-ncaa-d1-natl,ncaa,173,204,100,190,121,202,233,199,259,213,164,289,201,230,120,225,109,116,140,117,119,180,213,260,222,185,137,191,58,284,319,178,75,239,260,273,280,54,77,205,171,166,126,124,,,150,172,,,182,173,247,139,257,281,257,242,179,218,243,112,126,134,235,286,307,211,286,298,49,189,131,,122,,,182,129,138,117,206,183,196,143,98,61,283,62,181,163,210,173,166,118,152,184,189,154,113,110,214,64,75,291,319,210,260,137,162,129,100,113,52,80,57,50,,,160,103,,,182,179,227,122,178,100,107,48,161,180,82,42,165,154,159,59,76,53,274,190,123,142,52,48,,197,,,b'\x11\xe8\xe1I\xca\x96Af\xaf\x82\x12\xdf\x17\xaeN\x1e'
11E8E149-CA96-4166-AF82-12DF17AE4E1E,2015-ncaa-d0-natl,ncaa,242,267,113,258,131,286,272,169,327,207,118,320,287,256,318,260,261,189,328,183,251,175,174,332,339,326,275,262,167,146,213,191,221,161,253,240,156,168,177,232,219,235,98,128,,,183,201,,,284,192,270,123,328,311,213,249,124,296,266,281,221,219,215,239,162,218,190,257,153,239,101,,158,,,277,125,110,156,99,188,256,66,35,33,145,22,266,239,330,241,179,174,163,69,109,134,102,35,300,205,221,291,213,275,253,130,153,192,200,158,176,185,269,238,,,175,184,,,284,157,322,139,281,113,93,108,163,262,22,19,266,225,227,128,110,193,281,259,105,220,168,267,,217,,,b'\x11\xe8\xe1I\xca\x96Af\xaf\x82\x12\xdf\x17\xaeN\x1e'
11E8E149-CA96-4166-AF82-12DF17AE4E1E,2015-ncaa-d1-conf-MAAC,ncaa,8,7,8,8,10,10,10,6,9,9,4,10,9,8,9,8,9,7,10,7,8,7,8,10,10,10,9,8,5,5,7,9,8,8,8,10,8,5,6,9,7,7,5,5,,,7,10,,,9,9,6,5,9,9,4,8,1,8,8,8,7,7,4,6,5,8,7,10,5,7,5,,8,,,9,2,1,1,6,8,7,5,1,1,3,1,11,9,11,9,9,5,3,5,6,4,1,1,11,4,8,8,7,7,8,1,1,6,5,2,4,6,5,6,,,8,7,,,9,3,9,4,9,4,4,3,10,8,1,1,11,9,9,5,5,5,9,7,1,5,5,8,,5,,,b'\x11\xe8\xe1I\xca\x96Af\xaf\x82\x12\xdf\x17\xaeN\x1e'
11E8E149-CA96-4166-AF82-12DF17AE4E1E,2015-ncaa-d1-natl,ncaa,256,267,143,266,162,307,298,215,332,236,136,326,295,265,320,258,276,214,328,211,248,214,222,334,340,329,275,261,163,167,220,217,226,196,263,265,157,139,179,239,247,242,105,131,,,161,203,,,288,235,272,112,333,320,220,258,132,296,266,284,222,220,227,242,171,225,202,269,151,247,102,,162,,,287,93,79,118,110,165,233,75,23,18,154,21,258,229,331,230,182,140,123,71,115,142,100,37,300,183,226,275,220,256,263,109,155,220,211,169,162,189,260,246,,,210,179,,,288,112,325,149,287,117,96,110,170,265,24,18,272,233,234,131,108,200,283,262,111,224,177,268,,216,,,b'\x11\xe8\xe1I\xca\x96Af\xaf\x82\x12\xdf\x17\xaeN\x1e'
11E8E149-CA96-4166-AF82-12DF17AE4E1E,2016-ncaa-d0-natl,ncaa,280,293,175,289,193,258,296,234,314,255,183,314,273,240,294,241,105,88,209,84,66,208,195,319,302,295,154,254,15,221,267,225,133,229,244,279,209,197,223,279,144,126,276,276,,,286,317,,,289,188,158,113,282,310,238,259,168,276,244,76,47,46,199,187,214,226,234,287,223,132,279,,303,,,288,189,153,103,248,151,160,171,161,66,337,61,288,260,288,264,268,129,143,249,274,250,232,157,287,75,133,258,267,187,244,196,241,146,123,182,182,203,313,310,,,71,19,,,289,165,304,220,285,224,187,102,187,177,188,60,293,276,278,145,164,97,285,216,213,128,203,323,,30,,,b'\x11\xe8\xe1I\xca\x96Af\xaf\x82\x12\xdf\x17\xaeN\x1e'
11E8E149-CA96-4166-AF82-12DF17AE4E1E,2016-ncaa-d1-conf-MAAC,ncaa,10,9,8,10,9,9,10,6,10,8,7,10,10,7,10,7,5,5,8,5,4,6,6,9,9,9,7,9,2,6,7,11,6,9,10,11,10,7,8,10,6,6,11,10,,,10,11,,,9,7,2,3,8,9,5,8,3,10,7,3,3,3,5,4,6,9,8,10,9,6,10,,11,,,9,9,8,1,10,7,5,9,5,1,11,1,11,10,9,11,11,4,5,10,11,9,7,4,10,4,6,8,7,7,10,4,3,5,5,4,4,7,11,11,,,2,1,,,9,5,9,8,9,11,9,5,8,7,7,1,11,11,11,8,10,5,11,10,6,5,7,11,,1,,,b'\x11\xe8\xe1I\xca\x96Af\xaf\x82\x12\xdf\x17\xaeN\x1e'
11E8E149-CA96-4166-AF82-12DF17AE4E1E,2016-ncaa-d1-natl,ncaa,293,292,218,294,238,291,319,274,320,277,216,319,285,261,296,239,123,101,210,101,63,237,236,324,306,301,150,253,12,245,269,260,140,267,255,303,214,169,224,288,167,135,283,278,,,272,317,,,297,234,158,101,293,319,243,268,170,275,246,77,47,46,205,193,218,242,245,299,223,142,279,,304,,,296,167,128,65,257,137,126,181,147,48,338,60,277,245,290,248,269,87,98,256,286,260,230,153,289,62,140,239,269,155,255,179,240,178,131,195,164,209,309,315,,,89,18,,,297,122,309,229,295,231,196,105,190,182,192,59,297,282,285,148,163,103,290,222,219,137,203,324,,31,,,b'\x11\xe8\xe1I\xca\x96Af\xaf\x82\x12\xdf\x17\xaeN\x1e'
11E8E149-CA96-4166-AF82-12DF17AE4E1E,2017-ncaa-d0-natl,ncaa,31,39,45,42,58,91,106,109,130,96,95,140,182,184,159,225,40,59,65,52,77,91,67,144,109,154,185,230,44,203,253,93,137,128,195,182,272,309,245,259,32,45,141,180,,,256,162,,,94,46,100,230,148,183,235,148,166,210,233,55,88,75,204,168,268,165,244,244,252,39,172,,166,,,93,188,162,252,61,196,269,69,95,156,50,100,262,222,326,222,155,251,297,47,68,29,132,78,264,221,137,266,253,253,195,107,102,30,35,22,263,191,245,196,,,27,37,,,94,301,187,30,99,69,73,108,113,184,49,83,200,159,151,103,212,137,143,140,63,39,198,201,,45,,,b'\x11\xe8\xe1I\xca\x96Af\xaf\x82\x12\xdf\x17\xaeN\x1e'
11E8E149-CA96-4166-AF82-12DF17AE4E1E,2017-ncaa-d1-conf-MAAC,ncaa,2,2,1,2,1,2,2,3,3,3,2,5,6,7,4,10,1,1,6,1,2,3,3,4,3,5,9,9,1,5,5,3,5,3,5,7,10,10,6,9,3,3,2,3,,,9,3,,,2,2,3,6,3,3,5,4,4,7,10,1,2,2,4,4,5,4,5,8,8,3,2,,6,,,2,5,6,10,3,10,11,2,3,3,5,2,8,7,9,7,2,10,11,2,2,2,3,3,8,10,5,9,5,9,5,3,1,2,3,2,7,3,10,6,,,1,2,,,2,10,4,2,2,4,3,8,5,10,3,3,6,5,5,5,10,8,5,5,3,3,5,9,,1,,,b'\x11\xe8\xe1I\xca\x96Af\xaf\x82\x12\xdf\x17\xaeN\x1e'
11E8E149-CA96-4166-AF82-12DF17AE4E1E,2017-ncaa-d1-natl,ncaa,43,39,56,49,79,113,132,138,135,116,119,150,191,204,163,223,45,68,66,56,77,117,88,153,116,164,184,229,45,226,260,112,149,163,212,204,277,294,249,265,40,51,158,187,,,242,164,,,100,57,103,228,156,196,241,159,168,210,232,55,90,76,211,173,274,178,254,252,255,45,179,,170,,,99,150,133,225,73,175,255,73,75,130,56,97,253,209,327,206,155,223,277,52,73,37,127,76,265,201,149,246,260,227,212,90,103,38,41,28,244,196,238,202,,,35,36,,,100,288,197,34,105,75,77,111,118,188,49,84,203,158,153,110,211,140,146,144,69,42,203,206,,45,,,b'\x11\xe8\xe1I\xca\x96Af\xaf\x82\x12\xdf\x17\xaeN\x1e'
11E8E149-CA96-4166-AF82-12DF17AE4E1E,2018-ncaa-d0-natl,ncaa,185,207,117,206,131,179,212,192,238,200,144,284,201,242,116,249,50,90,30,92,117,177,188,243,183,165,117,209,25,244,273,187,159,219,241,254,284,129,149,235,139,133,151,158,,,291,300,,,196,166,208,135,205,261,237,239,160,213,261,45,109,109,210,243,275,229,275,298,117,148,164,,274,,,195,169,110,125,149,144,190,108,91,71,219,63,323,303,281,301,296,159,176,133,200,157,220,81,322,135,159,232,273,202,241,58,59,129,120,61,126,135,204,187,,,44,10,,,196,192,204,151,187,151,92,70,123,153,88,60,314,295,296,100,133,122,214,191,59,126,110,201,,27,,,b'\x11\xe8\xe1I\xca\x96Af\xaf\x82\x12\xdf\x17\xaeN\x1e'
11E8E149-CA96-4166-AF82-12DF17AE4E1E,2018-ncaa-d1-conf-MAAC,ncaa,4,4,3,4,6,4,5,4,5,4,3,8,6,7,3,9,3,4,1,4,4,4,6,5,3,3,3,6,2,9,10,4,6,6,9,8,10,3,3,6,5,6,5,6,,,11,11,,,3,5,3,5,4,5,3,4,3,6,8,3,4,4,3,6,10,5,7,8,4,6,6,,11,,,3,9,8,7,7,10,8,5,1,1,4,1,11,11,4,11,8,8,6,6,7,7,3,1,11,5,6,10,10,10,9,2,2,4,6,2,4,3,8,4,,,2,1,,,3,8,3,7,3,7,7,6,10,9,2,2,11,11,11,7,7,5,9,9,2,5,4,8,,1,,,b'\x11\xe8\xe1I\xca\x96Af\xaf\x82\x12\xdf\x17\xaeN\x1e'
11E8E149-CA96-4166-AF82-12DF17AE4E1E,2018-ncaa-d1-natl,ncaa,203,207,144,210,162,216,255,235,248,233,178,295,220,257,117,248,65,123,30,124,112,220,240,253,195,179,112,206,24,269,279,229,171,262,249,289,288,104,153,239,161,142,167,165,,,270,298,,,209,210,217,123,222,276,248,249,163,218,264,47,111,112,218,251,278,238,284,307,118,158,167,,277,,,208,141,92,78,167,125,151,125,76,51,233,61,315,295,285,293,298,111,125,142,216,176,219,80,321,113,171,208,279,165,249,44,59,147,128,68,110,140,193,198,,,52,10,,,209,150,213,170,203,158,102,72,137,155,89,58,318,298,297,105,129,125,222,193,62,132,117,204,,31,,,b'\x11\xe8\xe1I\xca\x96Af\xaf\x82\x12\xdf\x17\xaeN\x1e'
11E8E149-CA96-4166-AF82-12DF17AE4E1E,2019-ncaa-d0-natl,ncaa,105,109,80,115,115,161,153,133,196,184,199,167,110,100,184,97,213,237,114,233,214,149,146,172,176,185,127,109,241,238,265,147,110,177,206,133,112,210,182,153,89,86,81,69,,,332,334,,,172,119,218,343,213,218,222,250,258,127,115,259,288,288,246,268,272,215,258,153,154,112,98,,305,,,173,180,125,131,154,118,155,117,162,128,234,125,299,328,45,327,324,182,204,154,175,151,272,158,306,108,110,245,265,199,206,63,72,113,114,55,102,108,45,68,,,117,115,,,172,231,210,126,178,107,64,43,69,68,114,84,276,305,304,67,89,77,175,125,43,148,86,40,,160,,,b'\x11\xe8\xe1I\xca\x96Af\xaf\x82\x12\xdf\x17\xaeN\x1e'
11E8E149-CA96-4166-AF82-12DF17AE4E1E,2019-ncaa-d1-conf-MAAC,ncaa,2,2,3,2,7,3,3,6,3,5,9,3,3,3,3,3,3,4,3,5,4,6,6,2,2,3,3,4,3,6,6,5,4,6,5,4,3,5,4,4,5,4,3,3,,,11,11,,,3,5,6,10,4,4,7,6,9,3,3,3,5,5,7,7,8,5,6,4,4,6,3,,11,,,3,4,2,2,5,4,5,5,2,2,4,2,11,11,1,11,11,5,5,5,5,4,7,2,11,3,4,2,6,1,5,2,1,7,7,2,4,4,1,3,,,3,2,,,3,7,3,3,3,3,2,2,4,4,3,2,11,11,11,5,5,3,2,1,2,7,4,2,,3,,,b'\x11\xe8\xe1I\xca\x96Af\xaf\x82\x12\xdf\x17\xaeN\x1e'
11E8E149-CA96-4166-AF82-12DF17AE4E1E,2019-ncaa-d1-natl,ncaa,106,108,62,112,107,151,142,130,180,171,191,150,107,94,173,97,223,253,117,251,222,148,147,155,167,170,130,107,256,232,259,148,118,181,207,121,120,198,175,149,95,93,89,81,,,330,336,,,173,123,218,343,210,200,217,241,256,124,114,266,290,289,243,270,269,221,263,148,150,118,108,,304,,,174,186,124,125,168,128,151,139,158,128,230,122,299,321,49,320,324,189,208,169,180,159,263,152,301,102,118,243,259,192,207,67,73,106,109,62,92,96,49,70,,,126,125,,,173,229,191,135,171,113,76,43,78,69,110,84,274,301,298,72,92,76,164,117,45,144,68,39,,181,,,b'\x11\xe8\xe1I\xca\x96Af\xaf\x82\x12\xdf\x17\xaeN\x1e'
11E8E149-CA96-4166-AF82-12DF17AE4E1E,2020-ncaa-d0-natl,ncaa,15,10,87,13,111,100,65,114,60,42,84,54,226,215,206,236,206,263,48,256,308,143,138,87,90,105,300,263,275,199,168,34,91,75,81,79,177,203,175,125,99,106,54,54,,,305,298,,,41,117,133,122,105,59,124,40,85,226,226,220,279,272,158,149,219,33,77,90,185,109,51,,287,,,42,64,26,169,8,47,205,9,46,109,9,93,337,311,319,312,286,206,223,8,20,18,271,65,349,198,91,122,168,143,81,5,4,115,132,6,167,136,1,1,,,182,212,,,41,226,118,17,43,45,12,120,32,175,39,100,324,297,296,172,208,178,90,122,4,127,152,1,,202,,,b'\x11\xe8\xe1I\xca\x96Af\xaf\x82\x12\xdf\x17\xaeN\x1e'
11E8E149-CA96-4166-AF82-12DF17AE4E1E,2020-ncaa-d1-conf-MAAC,ncaa,1,1,4,1,4,3,2,2,2,1,1,2,10,11,8,11,5,7,3,7,10,4,5,2,2,2,11,11,8,5,3,1,3,2,3,3,6,5,5,4,4,3,2,3,,,8,9,,,2,4,4,3,2,2,4,1,1,10,11,5,7,7,4,4,5,1,2,3,5,4,1,,8,,,2,1,1,6,1,3,6,1,1,2,1,3,8,8,7,8,9,6,7,1,1,1,6,2,11,5,3,2,3,5,3,1,1,5,6,1,5,5,1,1,,,6,7,,,2,8,2,1,2,1,1,5,2,7,1,2,9,9,9,7,7,6,2,3,1,6,5,1,,6,,,b'\x11\xe8\xe1I\xca\x96Af\xaf\x82\x12\xdf\x17\xaeN\x1e'
11E8E149-CA96-4166-AF82-12DF17AE4E1E,2020-ncaa-d1-natl,ncaa,15,10,128,13,167,121,78,148,67,53,102,57,236,230,211,236,229,279,47,274,309,181,178,93,93,113,298,267,272,221,178,51,98,99,88,94,179,188,182,131,124,120,61,57,,,292,300,,,47,157,137,109,110,65,131,43,85,229,227,222,284,275,167,156,226,38,87,95,185,120,52,,289,,,46,50,18,130,10,33,179,11,37,89,10,87,326,304,325,304,288,169,180,9,20,19,270,62,349,180,98,94,178,117,88,4,3,134,137,10,145,145,1,1,,,216,210,,,47,184,124,21,49,52,12,125,33,177,38,96,324,301,301,176,208,179,93,126,4,131,154,1,,204,,,b'\x11\xe8\xe1I\xca\x96Af\xaf\x82\x12\xdf\x17\xaeN\x1e'
11E8E149-CA96-4166-AF82-12DF17AE4E1E,2021-ncaa-d0-natl,ncaa,205,318,43,260,51,173,177,124,298,200,149,286,130,80,253,90,178,196,110,203,250,142,96,277,279,304,98,96,187,155,255,72,310,88,288,142,99,338,318,294,118,219,21,45,,,296,219,,,271,81,267,192,323,318,321,319,301,209,165,278,299,302,332,299,273,194,252,257,306,213,34,,218,,,242,214,219,284,26,240,311,21,144,197,67,52,244,269,76,263,123,287,288,20,22,29,110,75,238,340,310,275,255,323,288,238,214,71,170,135,338,328,323,321,,,150,264,,,271,267,315,67,243,50,53,187,113,267,48,71,152,192,184,187,183,322,152,264,123,169,311,275,,302,,,b'\x11\xe8\xe1I\xca\x96Af\xaf\x82\x12\xdf\x17\xaeN\x1e'
11E8E149-CA96-4166-AF82-12DF17AE4E1E,2021-ncaa-d1-conf-MAAC,ncaa,6,11,2,8,2,3,3,2,7,4,4,7,2,2,5,3,4,4,1,4,9,2,2,7,6,8,2,4,6,4,8,2,9,2,8,3,4,11,9,7,3,9,1,4,,,10,9,,,8,2,4,5,8,9,8,9,9,5,4,7,8,8,8,7,8,5,7,8,8,8,2,,8,,,7,10,10,10,3,10,11,2,9,9,3,1,10,10,8,10,7,10,10,2,3,5,6,3,10,11,9,10,8,10,8,10,2,2,8,5,11,9,9,11,,,2,10,,,8,10,9,6,7,7,6,8,7,10,4,2,11,10,10,9,9,10,7,10,4,7,9,9,,10,,,b'\x11\xe8\xe1I\xca\x96Af\xaf\x82\x12\xdf\x17\xaeN\x1e'
11E8E149-CA96-4166-AF82-12DF17AE4E1E,2021-ncaa-d1-natl,ncaa,217,317,50,268,56,188,194,137,301,221,163,291,138,87,253,89,188,210,110,220,248,153,113,282,285,307,96,94,185,173,261,88,312,107,295,160,99,335,321,303,132,227,24,46,,,289,220,,,278,96,270,184,325,322,327,325,302,212,168,283,303,305,334,303,278,201,262,265,305,219,34,,219,,,250,196,203,280,27,233,307,22,137,181,70,51,240,261,77,256,126,282,279,20,23,29,109,74,241,340,312,263,261,316,295,234,217,85,178,136,336,331,318,323,,,164,263,,,278,252,317,74,251,51,56,190,119,271,48,68,153,192,186,190,181,324,154,268,126,177,315,281,,303,,,b'\x11\xe8\xe1I\xca\x96Af\xaf\x82\x12\xdf\x17\xaeN\x1e'
11E8E149-CA96-4166-AF82-12DF17AE4E1E,2022-ncaa-d0-natl,ncaa,268,303,112,285,133,219,215,222,198,259,264,190,115,122,127,79,267,282,125,287,232,242,214,163,171,224,89,76,255,314,321,188,348,252,335,165,80,289,302,226,98,120,51,42,,,117,59,,,268,169,241,220,289,285,314,308,315,119,137,292,302,310,326,311,337,247,336,192,259,112,41,,77,,,266,212,200,270,73,176,236,97,224,290,72,257,196,164,303,158,126,258,248,76,86,109,212,214,179,352,348,194,321,316,335,215,207,182,234,217,306,314,247,298,,,296,324,,,268,186,270,210,266,164,165,280,155,203,201,284,167,131,128,261,250,349,152,300,192,218,275,232,,338,,,b'\x11\xe8\xe1I\xca\x96Af\xaf\x82\x12\xdf\x17\xaeN\x1e'
11E8E149-CA96-4166-AF82-12DF17AE4E1E,2022-ncaa-d1-conf-MAAC,ncaa,9,9,8,9,11,10,10,11,5,10,10,7,2,4,2,2,10,10,4,10,10,11,11,3,3,4,2,2,9,11,11,6,10,10,9,7,1,4,8,5,7,6,1,1,,,3,3,,,9,11,9,11,9,8,10,10,10,2,4,9,10,10,10,9,11,5,8,5,4,6,1,,4,,,9,6,6,9,3,7,6,4,6,8,3,7,6,6,10,6,7,6,6,3,2,7,4,7,8,11,10,2,11,8,9,5,4,11,10,10,8,10,8,10,,,11,11,,,9,1,7,10,9,8,7,11,8,7,7,8,8,6,6,11,9,11,7,9,6,10,9,8,,11,,,b'\x11\xe8\xe1I\xca\x96Af\xaf\x82\x12\xdf\x17\xaeN\x1e'
11E8E149-CA96-4166-AF82-12DF17AE4E1E,2022-ncaa-d1-natl,ncaa,283,303,146,297,178,256,256,266,213,289,295,205,129,142,131,81,285,294,125,303,234,282,262,176,177,238,87,76,249,330,329,227,350,297,341,199,83,269,306,238,121,135,55,44,,,88,62,,,281,217,251,210,299,302,322,319,320,122,141,297,303,312,335,323,344,260,340,208,262,127,42,,82,,,280,172,174,249,81,162,209,108,207,279,77,253,175,138,309,133,126,232,215,89,94,131,209,216,179,352,350,163,329,304,341,207,208,222,245,231,295,321,238,312,,,319,320,,,281,135,279,232,281,176,176,281,162,204,209,286,173,130,129,264,250,351,160,303,202,227,280,243,,336,,,b'\x11\xe8\xe1I\xca\x96Af\xaf\x82\x12\xdf\x17\xaeN\x1e'
11E8E149-CA96-4166-AF82-12DF17AE4E1E,2023-ncaa-d0-natl,ncaa,266,301,116,283,120,214,211,264,161,268,324,102,107,85,165,42,280,314,79,314,203,279,237,130,129,197,79,58,289,343,343,216,280,300,310,88,3,306,331,160,272,300,153,150,,,124,95,,,302,167,287,14,278,261,335,312,342,99,95,314,336,337,346,318,351,277,344,74,289,291,157,,101,,,294,260,275,234,258,216,197,207,305,249,345,241,101,171,18,167,157,223,198,284,253,285,235,301,58,273,280,164,343,208,310,301,285,228,247,311,324,337,108,221,,,273,273,,,302,183,258,300,296,245,260,210,188,160,311,238,93,154,149,204,143,258,130,187,296,246,311,96,,321,,,b'\x11\xe8\xe1I\xca\x96Af\xaf\x82\x12\xdf\x17\xaeN\x1e'
11E8E149-CA96-4166-AF82-12DF17AE4E1E,2023-ncaa-d1-conf-MAAC,ncaa,9,9,3,9,3,5,5,8,3,6,9,3,4,3,4,4,7,8,1,9,9,9,10,3,3,3,5,4,8,10,11,8,9,10,9,2,1,4,9,1,11,11,6,7,,,3,3,,,9,6,10,2,6,5,9,8,9,4,3,7,9,9,9,10,10,9,11,2,3,11,6,,3,,,9,10,10,8,8,8,7,7,10,9,11,9,6,6,2,6,5,8,5,9,8,10,9,10,3,8,9,5,11,8,9,10,8,10,11,10,8,9,5,8,,,9,7,,,9,6,5,10,9,9,10,8,8,7,10,9,5,6,6,8,6,8,5,6,10,11,8,5,,9,,,b'\x11\xe8\xe1I\xca\x96Af\xaf\x82\x12\xdf\x17\xaeN\x1e'
11E8E149-CA96-4166-AF82-12DF17AE4E1E,2023-ncaa-d1-natl,ncaa,288,301,151,295,155,256,256,312,171,298,339,109,117,102,167,43,302,330,77,330,199,320,298,136,137,205,77,57,285,351,347,260,290,330,321,101,4,288,333,166,301,309,168,155,,,100,103,,,307,232,295,13,287,279,340,318,345,106,96,314,337,339,348,322,352,281,350,78,294,305,161,,109,,,306,234,253,201,270,188,154,218,300,230,347,240,83,146,18,143,163,188,141,298,270,300,237,301,58,252,290,122,347,176,321,296,287,261,264,322,315,340,93,234,,,304,271,,,307,118,270,315,309,254,271,211,200,158,317,240,100,159,153,211,142,268,141,197,303,264,314,99,,321,,,b'\x11\xe8\xe1I\xca\x96Af\xaf\x82\x12\xdf\x17\xaeN\x1e'
11E8E149-CA96-4166-AF82-12DF17AE4E1E,2024-ncaa-d0-natl,ncaa,264,297,143,282,157,292,292,302,254,305,297,253,195,205,175,125,291,280,249,281,183,303,269,225,233,293,122,110,216,333,331,197,311,278,320,189,50,310,341,263,261,273,149,159,,,83,66,,,310,226,298,105,335,338,351,335,325,202,212,315,296,296,352,330,341,235,329,200,303,276,152,,77,,,306,187,206,239,123,189,174,200,220,292,50,294,108,120,110,124,133,232,181,132,111,177,172,234,91,324,311,161,331,255,320,256,265,280,300,311,307,333,194,288,,,275,229,,,310,137,321,258,310,178,200,254,180,161,217,297,108,121,125,239,163,322,154,249,256,303,301,186,,304,,,b'\x11\xe8\xe1I\xca\x96Af\xaf\x82\x12\xdf\x17\xaeN\x1e'
11E8E149-CA96-4166-AF82-12DF17AE4E1E,2024-ncaa-d1-conf-MAAC,ncaa,8,8,3,8,4,8,8,9,4,7,7,7,6,10,3,6,8,7,10,7,5,8,8,4,5,9,5,4,8,11,11,5,10,8,11,7,5,9,10,10,6,8,1,4,,,4,4,,,11,6,6,5,9,9,10,8,8,5,10,10,8,8,10,10,11,5,11,8,10,7,2,,4,,,11,10,11,11,8,11,11,8,2,8,3,3,7,7,4,7,5,11,7,6,5,10,2,3,6,11,10,7,11,7,11,7,3,11,11,10,9,9,7,8,,,8,6,,,11,7,9,11,11,11,10,10,10,11,3,7,7,7,7,10,7,11,6,7,7,11,9,7,,9,,,b'\x11\xe8\xe1I\xca\x96Af\xaf\x82\x12\xdf\x17\xaeN\x1e'
11E8E149-CA96-4166-AF82-12DF17AE4E1E,2024-ncaa-d1-natl,ncaa,289,296,194,295,209,328,335,342,267,333,328,268,215,233,176,126,310,296,255,298,183,343,320,235,247,305,116,113,210,342,336,248,321,318,332,226,52,295,346,275,292,287,169,163,,,58,68,,,325,284,307,101,344,346,357,341,328,208,219,320,300,300,356,336,346,246,334,218,308,286,158,,82,,,321,154,181,205,140,162,139,211,204,276,58,294,93,106,123,111,134,194,127,150,131,209,171,233,91,313,321,128,336,221,332,242,274,313,312,319,296,340,180,294,,,306,228,,,325,82,333,278,322,196,214,261,199,168,224,299,110,123,128,245,164,328,161,261,268,312,307,198,,306,,,b'\x11\xe8\xe1I\xca\x96Af\xaf\x82\x12\xdf\x17\xaeN\x1e'
11E8E149-CA96-4166-AF82-12DF17AE4E1E,2025-ncaa-d0-natl,genius_ncaa,312,313,248,319,290,320,309,339,205,220,216,201,351,346,346,336,219,206,229,201,157,331,288,266,259,323,345,349,58,325,284,256,247,299,246,231,76,333,353,308,190,171,209,170,,,221,289,,254,303,254,149,269,330,310,348,187,164,355,350,183,160,157,332,248,311,207,292,205,344,152,193,,296,,299,301,99,80,92,143,59,72,160,171,189,157,244,193,219,104,213,278,98,127,149,167,145,272,231,262,188,247,43,284,87,246,168,285,161,121,166,290,330,15,20,,,219,117,,321,303,116,333,155,299,186,135,166,114,111,222,244,253,274,269,185,229,248,104,156,233,107,313,20,,168,,317,b'\x11\xe8\xe1I\xca\x96Af\xaf\x82\x12\xdf\x17\xaeN\x1e'
11E8E149-CA96-4166-AF82-12DF17AE4E1E,2025-ncaa-d1-conf-MAAC,genius_ncaa,11,11,11,11,12,12,11,13,6,6,6,6,13,13,13,13,4,5,10,5,4,13,11,11,10,12,13,13,3,12,6,11,10,12,8,10,7,10,12,11,9,9,7,7,,,9,12,,11,12,11,3,7,11,9,12,6,3,13,13,3,2,2,10,6,10,7,9,10,11,7,7,,12,,13,12,9,8,5,10,9,3,11,8,9,7,9,11,11,3,11,12,5,3,10,10,11,8,6,11,8,10,3,6,3,8,5,5,8,9,10,10,13,5,5,,,8,6,,12,12,3,12,11,12,12,12,9,10,8,9,10,12,12,12,13,11,10,5,6,9,7,12,6,,5,,12,b'\x11\xe8\xe1I\xca\x96Af\xaf\x82\x12\xdf\x17\xaeN\x1e'
11E8E149-CA96-4166-AF82-12DF17AE4E1E,2025-ncaa-d1-natl,genius_ncaa,319,312,304,322,333,336,331,353,215,250,247,207,355,351,346,336,238,228,230,221,155,348,323,280,273,327,345,349,50,330,293,295,252,320,257,262,80,326,355,316,224,186,225,178,,,194,292,,251,313,304,159,269,333,329,349,198,169,355,351,185,163,158,333,263,316,218,302,220,345,166,197,,300,,300,312,75,55,64,155,48,47,170,155,163,169,240,184,206,107,197,282,64,73,166,182,161,272,230,266,167,252,29,293,56,257,150,286,197,130,180,272,334,13,20,,,246,108,,323,313,69,342,175,311,194,144,169,123,113,226,246,259,275,271,190,227,257,108,161,242,121,321,24,,170,,317,b'\x11\xe8\xe1I\xca\x96Af\xaf\x82\x12\xdf\x17\xaeN\x1e'
11E8E149-CA96-4166-AF82-12DF17AE4E1E,2026-ncaa-d0-natl,genius_ncaa,260,250,206,273,277,270,234,236,231,257,276,199,142,134,207,40,360,358,346,358,362,269,263,203,268,272,181,41,362,282,303,198,237,238,260,160,38,159,254,159,264,262,262,265,,,154,245,,205,270,261,274,356,290,231,203,264,294,111,76,363,362,363,309,306,284,137,210,110,218,260,264,,213,,247,272,151,130,139,131,129,120,179,147,204,90,228,213,207,239,213,263,152,112,137,158,241,221,168,268,220,237,175,303,194,260,161,230,321,338,317,90,145,15,55,,,348,358,,324,270,99,283,265,279,214,196,246,185,180,186,268,268,258,268,267,137,281,246,285,219,342,118,23,,362,,323,b'\x11\xe8\xe1I\xca\x96Af\xaf\x82\x12\xdf\x17\xaeN\x1e'
11E8E149-CA96-4166-AF82-12DF17AE4E1E,2026-ncaa-d1-natl,genius_ncaa,301,249,271,304,342,334,314,308,264,335,339,229,200,185,225,39,363,363,346,363,363,342,336,235,295,291,164,34,363,335,322,276,252,321,303,230,38,110,280,184,326,293,300,284,,,99,262,,178,303,334,284,358,322,271,233,302,311,128,80,363,363,363,332,316,310,155,250,137,230,293,277,,223,,259,312,99,84,75,172,88,70,212,108,147,109,228,178,163,251,172,268,83,37,171,193,283,217,169,263,173,252,118,322,136,303,123,234,356,347,334,53,160,8,61,,,362,361,,337,303,26,312,311,314,255,225,258,220,194,216,273,285,269,281,283,131,291,265,298,246,350,119,23,,362,,319,b'\x11\xe8\xe1I\xca\x96Af\xaf\x82\x12\xdf\x17\xaeN\x1e'
11E8E149-CA9A-E36A-AF82-12DF17AE4E1E,2010-ncaa-d0-natl,ncaa,45,36,81,41,103,94,72,151,26,76,146,27,137,178,69,207,174,121,296,113,122,146,169,34,44,47,241,190,253,167,111,88,111,108,70,106,205,102,96,74,52,35,67,25,,,26,13,,,43,167,275,163,101,74,235,81,196,159,215,209,150,150,220,265,202,103,151,120,65,55,71,,13,,,41,86,90,210,25,8,18,76,341,343,87,345,7,7,194,4,61,159,180,90,50,40,341,345,19,199,111,94,111,124,70,307,344,105,95,237,8,13,26,21,,,239,278,,,43,179,46,46,35,30,42,147,5,5,338,345,8,6,4,60,76,155,43,56,274,140,8,20,,306,,,b'\x11\xe8\xe1I\xca\x9a\xe3j\xaf\x82\x12\xdf\x17\xaeN\x1e'
11E8E149-CA9A-E36A-AF82-12DF17AE4E1E,2010-ncaa-d1-conf-NEC,ncaa,1,1,2,1,2,2,1,3,1,1,3,1,5,8,2,9,3,3,10,3,3,2,3,1,1,1,10,9,9,3,2,1,6,2,2,2,9,4,1,1,2,1,2,2,,,1,1,,,1,3,5,2,1,1,3,1,3,8,9,4,2,2,3,5,4,1,1,1,1,1,2,,1,,,1,5,5,10,1,1,2,1,11,11,1,11,1,1,7,1,1,10,10,1,1,1,11,11,1,11,6,6,2,10,2,8,9,3,4,5,1,1,3,1,,,4,8,,,1,9,1,1,1,1,1,10,1,1,11,11,1,1,1,6,8,8,1,5,8,4,1,2,,7,,,b'\x11\xe8\xe1I\xca\x9a\xe3j\xaf\x82\x12\xdf\x17\xaeN\x1e'
11E8E149-CA9A-E36A-AF82-12DF17AE4E1E,2010-ncaa-d1-natl,ncaa,46,36,91,42,112,103,77,166,26,79,159,28,144,186,68,209,179,132,295,124,118,161,185,36,45,49,237,192,251,180,114,96,117,121,74,111,209,89,101,77,56,38,69,27,,,21,12,,,47,189,276,163,105,77,236,82,200,160,218,207,150,151,223,265,207,107,155,123,64,60,71,,13,,,45,67,76,199,30,4,8,81,340,343,92,345,6,6,198,4,64,140,161,96,54,43,341,345,18,179,117,74,114,105,74,302,344,121,105,240,7,13,24,22,,,255,275,,,47,160,48,47,38,33,46,147,5,5,339,345,8,6,4,61,75,158,43,61,280,146,8,21,,307,,,b'\x11\xe8\xe1I\xca\x9a\xe3j\xaf\x82\x12\xdf\x17\xaeN\x1e'
11E8E149-CA9A-E36A-AF82-12DF17AE4E1E,2011-ncaa-d0-natl,ncaa,153,134,170,148,224,174,151,190,105,116,165,100,207,213,175,199,233,178,289,172,193,183,185,120,147,164,250,208,249,169,135,89,95,118,70,161,181,163,202,167,154,149,195,190,,,42,44,,,139,196,154,257,156,122,170,104,154,194,198,229,168,159,167,165,159,40,65,140,200,150,191,,44,,,136,103,169,232,95,109,125,130,261,301,90,318,17,21,68,20,32,172,139,123,70,123,182,308,17,158,95,98,135,107,70,239,277,246,249,280,128,152,70,80,,,225,237,,,139,142,162,121,142,129,192,268,142,149,282,323,18,22,21,221,171,180,114,146,260,245,154,84,,231,,,b'\x11\xe8\xe1I\xca\x9a\xe3j\xaf\x82\x12\xdf\x17\xaeN\x1e'
11E8E149-CA9A-E36A-AF82-12DF17AE4E1E,2011-ncaa-d1-conf-NEC,ncaa,3,4,2,4,2,2,2,2,1,2,2,1,5,5,4,9,3,3,8,2,6,2,2,1,1,1,10,9,6,3,5,1,1,2,1,2,9,5,3,1,4,5,6,5,,,4,1,,,2,2,5,4,2,2,2,2,4,7,9,5,3,3,3,4,5,2,2,4,3,5,5,,1,,,2,10,10,11,3,9,9,5,11,11,4,11,2,2,9,3,2,10,10,5,4,6,8,11,2,6,1,9,5,8,1,11,9,5,9,10,4,2,7,4,,,4,9,,,2,10,1,6,2,5,6,11,4,4,11,11,2,2,1,8,7,3,4,2,9,9,2,6,,4,,,b'\x11\xe8\xe1I\xca\x9a\xe3j\xaf\x82\x12\xdf\x17\xaeN\x1e'
11E8E149-CA9A-E36A-AF82-12DF17AE4E1E,2011-ncaa-d1-natl,ncaa,159,133,199,153,260,193,171,216,108,135,180,104,215,218,175,198,248,194,291,186,195,210,217,123,153,167,246,205,245,188,140,103,99,137,73,175,182,143,204,177,177,153,207,197,,,30,43,,,146,233,158,260,161,131,174,112,159,195,197,232,176,164,172,169,163,40,68,142,201,156,195,,44,,,141,82,153,210,97,97,109,133,254,295,92,318,11,17,74,16,31,144,103,127,74,129,180,308,15,141,99,75,140,79,73,229,280,269,257,284,116,153,68,84,,,249,235,,,146,103,168,134,148,134,198,269,144,156,284,322,19,23,22,224,171,181,116,146,263,250,153,86,,230,,,b'\x11\xe8\xe1I\xca\x9a\xe3j\xaf\x82\x12\xdf\x17\xaeN\x1e'
11E8E149-CA9A-E36A-AF82-12DF17AE4E1E,2012-ncaa-d0-natl,ncaa,123,129,81,130,103,65,99,87,140,138,183,108,45,35,145,68,36,54,49,49,30,73,53,113,84,121,49,79,83,93,114,32,85,43,70,122,209,309,230,228,78,121,52,66,,,286,214,,,102,49,33,222,62,108,106,180,232,58,40,31,63,57,83,47,113,30,44,151,272,89,60,,267,,,104,252,229,289,99,201,259,105,264,291,135,236,252,243,220,237,182,291,297,113,128,110,245,230,206,229,85,241,114,238,70,301,294,64,121,178,246,169,55,58,,,64,174,,,102,299,114,105,101,212,196,265,163,210,226,258,219,208,203,261,291,192,169,175,265,83,221,40,,90,,,b'\x11\xe8\xe1I\xca\x9a\xe3j\xaf\x82\x12\xdf\x17\xaeN\x1e'
11E8E149-CA9A-E36A-AF82-12DF17AE4E1E,2012-ncaa-d1-conf-NEC,ncaa,4,4,3,4,3,1,4,4,1,6,7,1,1,2,1,3,2,4,1,4,2,4,3,1,1,1,2,2,6,5,4,1,3,2,2,7,10,8,7,7,6,7,1,2,,,10,6,,,2,3,3,3,1,2,4,5,8,1,2,3,4,4,3,3,4,1,1,7,7,6,1,,6,,,1,9,9,10,4,6,9,5,10,11,7,11,6,6,5,6,5,10,8,5,4,4,9,10,5,7,3,6,4,5,2,9,9,7,9,9,6,5,2,3,,,4,5,,,2,9,1,4,2,9,9,11,6,7,10,11,6,6,6,10,9,3,5,3,7,7,5,1,,3,,,b'\x11\xe8\xe1I\xca\x9a\xe3j\xaf\x82\x12\xdf\x17\xaeN\x1e'
11E8E149-CA9A-E36A-AF82-12DF17AE4E1E,2012-ncaa-d1-natl,ncaa,128,129,90,135,115,74,114,97,147,153,209,111,52,45,147,68,41,66,49,54,29,84,63,117,85,121,47,77,77,101,119,39,92,49,77,139,217,302,230,239,86,128,58,66,,,278,217,,,108,56,34,215,67,113,113,190,237,60,42,30,66,58,92,54,118,33,47,160,273,93,60,,266,,,108,237,220,278,107,197,245,110,258,283,142,234,242,228,224,223,182,282,290,121,136,119,244,229,208,212,92,221,119,217,77,294,296,75,125,186,236,170,46,60,,,77,172,,,108,294,119,116,106,215,200,264,165,213,228,258,218,212,204,263,290,191,175,179,270,87,219,40,,92,,,b'\x11\xe8\xe1I\xca\x9a\xe3j\xaf\x82\x12\xdf\x17\xaeN\x1e'
11E8E149-CA9A-E36A-AF82-12DF17AE4E1E,2013-ncaa-d0-natl,ncaa,304,303,251,307,253,284,278,249,290,293,254,300,169,178,143,118,310,299,237,296,270,267,239,274,290,303,110,86,249,93,45,254,166,189,98,256,172,268,304,298,189,144,135,61,,,63,130,,,269,276,255,22,277,265,187,278,218,132,137,296,282,282,219,154,46,208,103,244,304,167,113,,118,,,272,110,91,68,218,29,10,243,316,299,266,331,78,68,230,76,232,57,57,280,261,257,330,336,109,91,166,64,45,59,98,311,344,225,165,315,240,268,16,37,,,312,318,,,269,54,279,254,289,198,173,127,70,17,327,329,120,107,123,109,118,144,133,122,332,187,283,28,,293,,,b'\x11\xe8\xe1I\xca\x9a\xe3j\xaf\x82\x12\xdf\x17\xaeN\x1e'
11E8E149-CA9A-E36A-AF82-12DF17AE4E1E,2013-ncaa-d1-conf-NEC,ncaa,10,10,9,10,9,10,9,9,10,9,10,11,8,8,4,7,10,8,10,8,9,9,9,11,10,9,7,7,10,3,1,8,4,5,2,10,11,5,7,9,7,5,4,2,,,3,5,,,8,11,11,1,9,9,6,7,7,6,8,8,7,7,7,6,1,5,3,10,8,7,4,,4,,,8,1,2,2,3,1,1,7,12,12,5,12,3,3,7,3,6,2,2,7,4,9,12,12,3,2,4,2,1,2,2,10,12,11,8,11,6,8,4,5,,,9,10,,,8,1,7,9,8,7,5,6,2,1,12,12,4,4,4,6,3,6,4,3,11,10,9,5,,7,,,b'\x11\xe8\xe1I\xca\x9a\xe3j\xaf\x82\x12\xdf\x17\xaeN\x1e'
11E8E149-CA9A-E36A-AF82-12DF17AE4E1E,2013-ncaa-d1-natl,ncaa,310,303,292,311,292,303,293,272,295,308,271,303,177,185,142,118,315,306,235,306,265,286,262,274,292,304,108,86,250,105,48,276,171,211,100,275,173,259,303,301,201,148,142,66,,,53,133,,,273,301,258,18,284,269,192,286,220,132,133,297,285,285,221,158,47,211,107,249,303,174,114,,123,,,281,92,81,43,223,26,9,249,313,293,269,331,67,59,231,67,234,41,36,284,268,264,327,335,108,76,171,47,48,45,100,310,344,247,171,320,224,269,13,38,,,324,317,,,273,32,289,262,298,207,182,130,75,17,327,329,122,109,124,112,118,143,135,126,332,191,283,31,,293,,,b'\x11\xe8\xe1I\xca\x9a\xe3j\xaf\x82\x12\xdf\x17\xaeN\x1e'
11E8E149-CA9A-E36A-AF82-12DF17AE4E1E,2014-ncaa-d0-natl,ncaa,78,88,53,86,60,91,93,82,132,117,124,171,78,100,67,133,121,104,227,110,136,78,75,114,127,133,121,105,210,44,55,64,58,50,37,73,92,259,180,122,197,222,101,91,,,283,271,,,105,95,248,72,130,139,151,180,192,105,132,177,152,158,150,149,68,104,63,91,183,231,121,,208,,,107,227,173,206,128,102,158,91,296,254,308,240,247,269,94,268,271,229,226,169,170,185,322,299,232,121,58,181,55,161,37,199,210,149,192,178,190,134,158,124,,,46,76,,,105,245,96,157,108,117,74,77,41,50,268,209,201,208,204,96,77,65,90,60,142,215,139,112,,76,,,b'\x11\xe8\xe1I\xca\x9a\xe3j\xaf\x82\x12\xdf\x17\xaeN\x1e'
11E8E149-CA9A-E36A-AF82-12DF17AE4E1E,2014-ncaa-d1-conf-NEC,ncaa,1,1,1,1,2,2,2,2,2,2,3,2,5,6,6,6,3,3,7,3,6,2,2,5,5,5,7,7,8,2,3,1,1,1,1,1,3,6,3,1,6,6,3,2,,,7,5,,,1,2,7,4,4,2,5,2,5,7,6,4,5,5,4,5,3,1,2,1,4,7,3,,4,,,1,6,5,9,2,3,8,1,10,9,9,8,3,3,4,3,3,8,9,3,2,1,10,10,3,3,1,7,3,7,1,7,9,4,8,8,7,3,4,2,,,2,3,,,1,9,3,1,1,2,2,5,1,3,9,7,3,3,3,4,2,2,3,2,5,8,3,3,,4,,,b'\x11\xe8\xe1I\xca\x9a\xe3j\xaf\x82\x12\xdf\x17\xaeN\x1e'
11E8E149-CA9A-E36A-AF82-12DF17AE4E1E,2014-ncaa-d1-natl,ncaa,85,88,59,90,67,106,107,96,143,133,144,171,88,110,69,132,133,109,226,114,138,95,91,119,133,138,122,103,209,52,57,73,60,57,39,79,93,241,182,126,209,223,109,93,,,267,274,,,112,114,253,72,138,145,155,185,194,105,132,182,157,163,153,154,71,113,65,94,185,236,123,,206,,,113,205,156,189,135,86,141,94,290,247,310,239,236,260,97,259,273,206,197,176,176,192,321,297,231,111,60,160,57,140,39,186,214,166,200,185,180,137,148,133,,,55,73,,,112,223,99,167,116,123,82,77,43,46,270,210,202,209,206,97,77,66,91,62,145,223,136,116,,75,,,b'\x11\xe8\xe1I\xca\x9a\xe3j\xaf\x82\x12\xdf\x17\xaeN\x1e'
11E8E149-CA9A-E36A-AF82-12DF17AE4E1E,2014-ncaa-d1-ncaatournament,ncaa,33,2,33,33,34,62,63,58,60,63,58,63,31,42,20,12,53,56,48,56,48,59,55,57,58,60,2,3,38,47,47,63,63,62,62,56,14,27,57,56,47,38,54,59,,,3,4,,,64,57,54,3,62,63,56,63,57,10,18,51,55,55,59,54,45,63,62,55,50,36,53,,3,,,64,29,31,21,63,28,18,61,35,20,64,37,5,5,21,5,6,10,12,62,62,64,23,56,5,17,63,14,47,15,62,31,43,49,38,58,23,53,14,46,,,42,13,,,64,11,60,64,64,61,62,46,58,37,58,36,6,6,6,25,25,41,44,47,60,37,42,31,,27,,,b'\x11\xe8\xe1I\xca\x9a\xe3j\xaf\x82\x12\xdf\x17\xaeN\x1e'
11E8E149-CA9A-E36A-AF82-12DF17AE4E1E,2015-ncaa-d0-natl,ncaa,133,161,79,157,83,92,87,84,129,195,228,131,19,23,54,36,253,203,310,205,164,99,98,73,109,114,42,21,327,154,205,106,217,114,209,111,177,206,166,151,219,262,94,114,,,322,307,,,123,90,186,80,118,114,131,254,298,24,35,294,257,257,157,173,198,158,164,134,169,266,107,,310,,,123,230,172,232,93,169,246,68,197,187,223,139,309,294,294,289,247,262,263,103,141,145,274,172,296,279,217,275,205,281,209,205,240,120,157,157,193,152,15,19,,,80,122,,,123,249,121,152,133,159,111,153,109,185,174,152,283,260,261,188,194,245,202,223,167,149,159,11,,113,,,b'\x11\xe8\xe1I\xca\x9a\xe3j\xaf\x82\x12\xdf\x17\xaeN\x1e'
11E8E149-CA9A-E36A-AF82-12DF17AE4E1E,2015-ncaa-d1-conf-NEC,ncaa,1,3,1,3,2,1,1,1,2,5,7,2,1,1,1,2,8,5,9,5,6,2,3,2,2,2,3,1,10,4,5,1,6,3,4,3,4,5,2,2,7,10,1,1,,,8,5,,,2,2,7,8,4,2,6,7,8,1,2,9,7,7,7,7,8,4,6,4,2,10,2,,6,,,2,4,4,10,2,3,10,1,7,8,7,6,6,6,6,6,5,10,9,2,2,2,10,8,7,10,6,8,5,9,4,7,8,4,8,7,5,4,1,1,,,1,4,,,2,7,1,2,2,3,2,4,2,5,5,7,6,5,5,5,4,7,6,5,4,9,4,1,,5,,,b'\x11\xe8\xe1I\xca\x9a\xe3j\xaf\x82\x12\xdf\x17\xaeN\x1e'
11E8E149-CA9A-E36A-AF82-12DF17AE4E1E,2015-ncaa-d1-natl,ncaa,142,160,97,166,103,115,106,103,135,218,256,138,22,33,56,36,268,229,311,229,157,125,124,79,115,120,40,20,327,179,212,133,222,140,218,126,184,186,169,157,247,268,102,117,,,314,305,,,137,118,192,75,126,129,137,263,299,25,36,295,262,262,164,176,202,162,177,140,166,271,105,,312,,,138,212,149,202,104,141,220,76,185,171,230,135,297,280,296,276,247,237,236,109,154,157,273,171,295,258,222,253,212,263,218,193,240,141,165,167,174,158,13,20,,,99,118,,,137,218,130,170,149,167,117,155,115,189,174,147,287,263,265,188,193,252,208,227,178,155,158,12,,112,,,b'\x11\xe8\xe1I\xca\x9a\xe3j\xaf\x82\x12\xdf\x17\xaeN\x1e'
11E8E149-CA9A-E36A-AF82-12DF17AE4E1E,2016-ncaa-d0-natl,ncaa,100,111,76,111,104,144,155,132,206,224,207,231,59,68,68,69,224,221,234,230,212,147,128,155,174,185,67,44,274,101,115,194,175,143,146,150,157,221,203,180,150,153,140,129,,,334,344,,,131,151,261,245,211,210,193,271,264,66,86,275,272,275,227,235,128,274,211,199,183,179,159,,321,,,131,135,76,113,119,122,136,149,74,105,58,108,313,304,246,313,317,153,194,99,147,114,217,74,333,151,175,203,115,176,146,107,172,84,84,73,237,211,228,250,,,87,74,,,131,202,166,110,128,79,47,30,75,67,49,62,291,281,290,54,68,103,124,100,75,125,199,192,,105,,,b'\x11\xe8\xe1I\xca\x9a\xe3j\xaf\x82\x12\xdf\x17\xaeN\x1e'
11E8E149-CA9A-E36A-AF82-12DF17AE4E1E,2016-ncaa-d1-conf-NEC,ncaa,3,3,1,3,2,4,4,2,4,4,3,6,3,2,3,2,7,7,7,7,8,2,2,4,5,4,4,2,10,1,3,3,5,3,5,4,5,7,6,6,4,4,4,4,,,10,10,,,3,3,10,7,6,6,6,6,7,3,3,10,10,10,6,8,2,9,7,6,5,4,4,,8,,,3,4,2,5,2,6,8,4,1,1,1,1,9,9,7,9,10,6,8,1,2,1,4,1,10,7,5,8,3,8,5,3,4,2,3,1,7,6,7,8,,,3,4,,,3,8,4,2,3,1,1,1,3,3,1,1,8,8,8,1,1,4,5,4,1,3,5,7,,5,,,b'\x11\xe8\xe1I\xca\x9a\xe3j\xaf\x82\x12\xdf\x17\xaeN\x1e'
11E8E149-CA9A-E36A-AF82-12DF17AE4E1E,2016-ncaa-d1-natl,ncaa,95,111,51,111,86,130,129,95,178,195,184,211,49,71,54,78,226,212,233,219,216,119,106,130,157,170,81,53,278,85,104,158,175,112,125,122,137,241,196,159,138,152,128,118,,,339,343,,,116,126,239,249,171,173,174,245,248,64,88,269,262,269,201,208,113,257,180,154,189,174,146,,322,,,117,154,85,135,101,125,157,139,83,143,39,125,319,314,254,318,318,189,227,72,128,96,225,78,335,171,175,216,104,204,125,116,179,74,86,77,256,214,225,229,,,67,85,,,116,230,153,98,112,85,47,40,75,70,54,83,299,291,296,68,97,117,120,106,76,113,206,188,,104,,,b'\x11\xe8\xe1I\xca\x9a\xe3j\xaf\x82\x12\xdf\x17\xaeN\x1e'
11E8E149-CA9A-E36A-AF82-12DF17AE4E1E,2016-ncaa-d1-ncaatournament,ncaa,33,2,33,33,33,58,56,62,34,60,64,52,30,43,6,4,59,60,45,59,54,64,51,20,27,56,4,1,60,56,52,59,51,61,53,53,31,36,64,61,48,44,50,46,,,21,44,,,63,42,16,1,58,56,62,60,63,5,23,59,60,59,64,46,54,59,61,52,64,42,45,,44,,,63,32,25,14,61,14,9,58,33,21,63,32,38,32,64,31,60,17,16,64,64,64,60,48,55,11,51,4,52,5,53,27,45,53,43,59,52,64,21,56,,,62,62,,,63,23,59,64,63,64,56,23,45,21,62,33,64,60,60,40,34,17,17,14,58,42,64,44,,62,,,b'\x11\xe8\xe1I\xca\x9a\xe3j\xaf\x82\x12\xdf\x17\xaeN\x1e'
11E8E149-CA9A-E36A-AF82-12DF17AE4E1E,2017-ncaa-d0-natl,ncaa,79,75,74,83,95,144,132,158,114,152,161,143,115,157,53,152,244,225,250,224,253,177,150,100,121,164,171,117,281,199,204,186,119,200,178,106,86,264,253,168,55,48,199,176,,,321,341,,,91,131,262,148,202,182,249,200,235,136,182,291,275,275,266,258,245,279,282,128,228,67,223,,299,,,90,66,17,54,45,23,84,35,95,81,163,139,322,299,316,292,323,86,186,56,115,36,318,153,344,90,119,179,204,139,178,11,55,36,22,4,240,230,163,166,,,110,87,,,91,197,183,31,97,25,3,9,7,24,66,46,296,262,257,15,58,61,106,71,9,36,206,137,,145,,,b'\x11\xe8\xe1I\xca\x9a\xe3j\xaf\x82\x12\xdf\x17\xaeN\x1e'
11E8E149-CA9A-E36A-AF82-12DF17AE4E1E,2017-ncaa-d1-conf-NEC,ncaa,1,1,1,1,1,2,1,2,2,1,2,3,3,5,1,7,6,5,10,5,10,3,4,1,3,3,8,4,9,4,4,4,3,3,3,1,2,8,5,1,2,3,6,5,,,10,9,,,1,3,8,6,4,2,5,1,3,3,7,9,8,8,5,5,5,7,7,1,3,3,6,,7,,,1,1,1,5,1,1,6,1,1,2,4,2,10,8,9,8,8,6,8,1,1,1,9,3,10,4,3,7,4,5,3,1,2,2,1,1,8,6,6,4,,,3,6,,,1,7,2,1,1,1,1,1,1,1,1,1,7,7,7,1,1,2,2,1,1,2,5,4,,7,,,b'\x11\xe8\xe1I\xca\x9a\xe3j\xaf\x82\x12\xdf\x17\xaeN\x1e'
11E8E149-CA9A-E36A-AF82-12DF17AE4E1E,2017-ncaa-d1-natl,ncaa,69,75,56,80,76,147,127,147,123,156,168,155,110,145,57,150,257,230,261,230,255,161,141,105,126,173,166,108,282,204,227,177,95,193,180,93,81,268,240,160,54,50,200,171,,,327,341,,,93,112,264,151,206,189,249,209,237,130,179,297,279,278,272,264,252,274,288,128,221,73,222,,298,,,92,66,17,44,49,24,76,33,108,81,205,133,323,306,302,303,324,82,184,62,125,43,322,163,344,70,95,210,227,149,180,9,50,34,22,6,244,229,172,174,,,98,93,,,93,215,190,33,97,25,4,7,7,22,67,43,295,272,268,13,52,45,123,71,9,40,203,141,,158,,,b'\x11\xe8\xe1I\xca\x9a\xe3j\xaf\x82\x12\xdf\x17\xaeN\x1e'
11E8E149-CA9A-E36A-AF82-12DF17AE4E1E,2017-ncaa-d1-ncaatournament,ncaa,33,2,33,33,33,59,60,43,60,60,48,60,39,39,38,13,52,59,1,58,57,46,55,60,59,56,6,7,31,59,60,58,58,61,61,59,55,3,7,46,34,15,48,56,,,8,13,,,55,45,36,6,59,60,21,60,37,20,13,49,59,58,30,51,58,58,61,58,5,12,47,,15,,,58,20,22,19,55,26,25,55,7,7,29,9,12,8,54,6,7,16,18,51,51,45,8,12,20,21,58,32,60,28,61,15,29,44,15,26,10,32,30,55,,,48,32,,,55,13,60,53,59,48,54,32,57,53,10,8,30,17,11,25,36,46,62,60,39,15,24,51,,37,,,b'\x11\xe8\xe1I\xca\x9a\xe3j\xaf\x82\x12\xdf\x17\xaeN\x1e'
11E8E149-CA9A-E36A-AF82-12DF17AE4E1E,2018-ncaa-d0-natl,ncaa,38,31,73,39,92,175,149,159,153,194,197,184,79,105,70,95,302,247,341,244,228,174,137,118,170,218,115,65,327,106,125,189,65,153,110,155,189,280,255,221,29,8,242,124,,,313,334,,,60,162,294,171,243,198,239,256,267,93,119,327,283,283,267,252,131,275,221,191,235,30,258,,280,,,61,26,5,21,21,2,2,32,236,275,121,340,288,306,64,312,348,35,140,54,78,11,349,333,341,36,65,178,125,102,110,17,231,18,6,2,237,223,123,149,,,108,109,,,60,175,192,9,62,8,2,1,2,2,194,241,244,279,281,2,28,15,118,51,11,23,196,100,,164,,,b'\x11\xe8\xe1I\xca\x9a\xe3j\xaf\x82\x12\xdf\x17\xaeN\x1e'
11E8E149-CA9A-E36A-AF82-12DF17AE4E1E,2018-ncaa-d1-conf-NEC,ncaa,2,2,1,2,2,2,2,2,4,3,2,5,3,3,2,6,8,5,10,5,7,2,2,3,5,3,6,4,10,2,1,4,1,3,2,2,5,7,4,3,2,2,8,6,,,10,9,,,2,2,10,8,5,2,4,5,4,4,5,10,8,8,5,7,3,9,5,5,4,2,8,,9,,,2,1,1,1,1,1,1,1,7,9,4,10,9,10,4,10,10,1,7,1,3,1,10,10,10,1,1,6,1,3,2,1,6,2,1,1,7,5,5,4,,,3,4,,,2,9,3,1,2,1,1,1,1,1,5,7,8,9,9,1,1,1,4,1,1,2,5,4,,3,,,b'\x11\xe8\xe1I\xca\x9a\xe3j\xaf\x82\x12\xdf\x17\xaeN\x1e'
11E8E149-CA9A-E36A-AF82-12DF17AE4E1E,2018-ncaa-d1-natl,ncaa,35,31,53,38,76,167,144,143,164,195,204,197,80,102,71,104,313,245,343,245,233,158,122,126,190,228,116,65,332,88,112,192,73,147,108,154,191,276,255,225,26,9,255,143,,,318,338,,,67,142,299,173,256,204,239,260,264,93,120,329,284,283,268,250,119,284,223,201,228,32,274,,286,,,67,24,4,9,26,2,3,38,254,291,143,340,290,313,48,315,348,29,146,65,87,19,349,339,342,33,73,187,112,112,108,19,242,24,6,5,245,223,110,130,,,106,110,,,67,199,196,11,67,8,2,1,2,2,226,248,239,283,285,4,27,16,119,54,13,26,197,87,,168,,,b'\x11\xe8\xe1I\xca\x9a\xe3j\xaf\x82\x12\xdf\x17\xaeN\x1e'
11E8E149-CA9A-E36A-AF82-12DF17AE4E1E,2019-ncaa-d0-natl,ncaa,78,73,80,80,97,170,159,114,248,234,196,274,68,75,97,81,251,230,283,228,201,126,116,197,224,225,70,43,289,74,102,194,141,139,146,143,128,244,200,185,32,20,173,123,,,323,331,,,78,139,271,207,230,229,178,286,254,79,90,297,273,271,210,203,98,275,196,170,198,35,191,,295,,,78,40,19,52,46,16,51,41,113,123,159,199,237,269,84,264,315,69,195,59,76,16,318,223,316,101,141,218,102,173,146,91,293,11,7,10,208,171,81,91,,,172,215,,,78,210,204,10,79,10,7,4,8,13,83,78,210,241,233,9,72,70,145,96,63,22,162,61,,219,,,b'\x11\xe8\xe1I\xca\x9a\xe3j\xaf\x82\x12\xdf\x17\xaeN\x1e'
11E8E149-CA9A-E36A-AF82-12DF17AE4E1E,2019-ncaa-d1-conf-NEC,ncaa,1,1,1,1,1,2,2,2,5,4,3,5,4,4,4,4,6,6,9,5,5,2,2,5,5,5,5,4,10,3,3,2,2,1,3,3,7,4,3,3,1,1,5,5,,,9,7,,,1,2,8,4,5,5,5,5,6,4,4,8,7,7,5,7,3,6,4,5,3,1,6,,7,,,1,1,1,1,1,1,2,1,1,2,2,3,7,8,1,8,8,3,8,1,1,1,9,7,9,3,2,7,3,6,3,1,4,1,1,1,4,3,3,1,,,3,4,,,1,9,3,1,1,1,1,1,1,1,1,1,5,6,6,1,2,1,3,2,1,1,3,2,,6,,,b'\x11\xe8\xe1I\xca\x9a\xe3j\xaf\x82\x12\xdf\x17\xaeN\x1e'
11E8E149-CA9A-E36A-AF82-12DF17AE4E1E,2019-ncaa-d1-natl,ncaa,73,73,62,79,84,167,172,121,264,256,200,289,68,78,99,79,250,223,286,218,190,129,115,210,234,232,57,39,274,72,100,207,144,132,151,153,130,245,196,192,32,20,180,125,,,321,335,,,84,141,272,210,235,239,178,296,262,76,90,288,256,250,206,202,92,285,201,181,198,35,195,,293,,,83,40,16,41,56,16,45,40,122,115,183,191,249,271,88,263,315,55,191,66,87,18,321,229,316,89,144,220,100,178,151,97,287,15,8,13,217,169,84,99,,,161,207,,,84,211,208,13,83,12,6,4,9,12,88,69,214,245,234,7,69,67,150,99,68,25,164,61,,215,,,b'\x11\xe8\xe1I\xca\x9a\xe3j\xaf\x82\x12\xdf\x17\xaeN\x1e'
11E8E149-CA9A-E36A-AF82-12DF17AE4E1E,2019-ncaa-d1-ncaatournament,ncaa,33,2,33,33,36,64,63,61,64,61,53,63,58,58,54,35,56,53,53,47,40,62,60,64,64,64,16,22,20,44,44,56,58,54,55,64,56,17,55,63,46,24,37,27,,,19,51,,,58,64,60,7,64,63,61,61,52,53,47,55,49,42,62,60,37,56,53,64,42,24,28,,48,,,58,6,8,5,48,12,8,45,11,10,43,22,14,15,19,15,44,7,6,44,40,32,25,28,31,23,58,17,44,22,55,10,35,40,9,15,16,45,31,59,,,48,21,,,58,4,64,42,59,25,27,7,32,17,23,15,27,32,36,8,16,47,49,54,28,11,37,56,,36,,,b'\x11\xe8\xe1I\xca\x9a\xe3j\xaf\x82\x12\xdf\x17\xaeN\x1e'
11E8E149-CA9A-E36A-AF82-12DF17AE4E1E,2020-ncaa-d0-natl,ncaa,39,30,191,36,201,191,166,143,207,137,137,178,211,163,281,177,206,188,223,180,190,152,162,225,236,212,237,203,192,59,75,191,40,117,64,188,213,163,145,176,28,16,228,160,,,188,256,,,27,208,195,55,171,151,89,119,113,202,158,189,164,158,87,92,42,161,64,183,176,21,222,,215,,,28,7,5,21,12,6,6,38,75,157,12,286,182,144,275,152,301,20,92,16,30,6,327,211,333,25,40,162,75,84,64,18,187,15,6,4,73,64,270,234,,,176,196,,,27,131,169,5,30,7,3,8,4,6,77,179,194,163,175,9,108,25,187,98,23,12,84,276,,157,,,b'\x11\xe8\xe1I\xca\x9a\xe3j\xaf\x82\x12\xdf\x17\xaeN\x1e'
11E8E149-CA9A-E36A-AF82-12DF17AE4E1E,2020-ncaa-d1-conf-NEC,ncaa,1,1,1,1,3,2,1,2,3,1,2,2,8,7,10,7,3,2,9,2,6,1,2,4,4,3,9,9,5,1,1,3,1,1,1,5,10,5,2,5,1,1,7,5,,,5,7,,,1,4,8,3,2,1,2,1,3,8,7,3,3,3,1,2,1,3,1,6,4,1,7,,5,,,1,1,1,1,1,1,1,1,2,8,1,11,6,4,10,4,7,1,4,1,2,1,11,8,9,1,1,4,1,2,1,1,7,3,1,1,2,1,8,5,,,3,5,,,1,6,1,1,1,1,1,1,1,1,2,8,6,4,4,1,3,1,4,2,1,3,2,8,,4,,,b'\x11\xe8\xe1I\xca\x9a\xe3j\xaf\x82\x12\xdf\x17\xaeN\x1e'
11E8E149-CA9A-E36A-AF82-12DF17AE4E1E,2020-ncaa-d1-natl,ncaa,36,30,128,33,148,188,173,116,224,138,134,192,204,157,282,174,201,174,230,164,187,121,131,236,250,220,234,201,188,51,82,178,44,96,79,185,211,163,141,174,19,12,213,138,,,210,262,,,31,197,202,57,180,161,93,129,116,203,160,194,169,159,95,98,47,173,77,190,164,19,213,,220,,,32,7,2,17,12,6,6,28,65,166,12,285,183,151,275,158,297,15,100,13,27,5,329,211,335,24,44,195,82,103,79,15,186,13,3,3,67,59,284,248,,,181,204,,,31,141,185,4,30,6,2,7,4,6,68,169,190,159,167,8,104,24,208,114,20,11,75,289,,164,,,b'\x11\xe8\xe1I\xca\x9a\xe3j\xaf\x82\x12\xdf\x17\xaeN\x1e'
11E8E149-CA9A-E36A-AF82-12DF17AE4E1E,2021-ncaa-d0-natl,ncaa,290,227,288,293,291,295,289,287,267,294,294,233,245,234,271,95,322,319,240,318,326,293,302,254,286,249,216,109,327,314,319,312,234,315,332,307,320,31,95,215,247,107,300,263,,,122,341,,,262,296,288,224,301,267,201,255,221,192,123,337,334,333,267,323,312,328,340,314,43,144,287,,318,,,274,61,50,36,262,45,41,203,65,43,311,101,154,151,174,147,329,44,46,265,297,250,273,147,327,43,234,87,319,70,332,44,152,267,98,102,20,51,30,57,,,307,249,,,262,48,271,239,281,148,87,16,92,52,142,60,320,315,311,48,40,93,306,248,105,139,29,34,,304,,,b'\x11\xe8\xe1I\xca\x9a\xe3j\xaf\x82\x12\xdf\x17\xaeN\x1e'
11E8E149-CA9A-E36A-AF82-12DF17AE4E1E,2021-ncaa-d1-conf-Horizon,ncaa,9,10,8,9,9,9,9,7,10,9,8,10,9,7,11,4,11,11,9,11,12,9,9,10,10,9,11,6,12,10,12,10,8,10,10,10,11,3,2,7,8,5,9,9,,,8,12,,,9,9,9,8,10,9,3,9,4,9,5,12,12,12,6,11,11,9,10,11,1,6,9,,11,,,9,5,4,4,8,4,5,7,4,4,11,3,9,8,9,8,11,5,5,8,9,9,10,6,11,4,8,8,12,7,10,5,6,8,5,4,2,2,2,2,,,10,12,,,9,4,9,8,9,8,6,1,4,3,6,1,12,11,11,3,4,6,12,9,5,6,1,2,,12,,,b'\x11\xe8\xe1I\xca\x9a\xe3j\xaf\x82\x12\xdf\x17\xaeN\x1e'
11E8E149-CA9A-E36A-AF82-12DF17AE4E1E,2021-ncaa-d1-natl,ncaa,296,225,292,301,296,301,292,293,272,295,299,240,254,243,273,93,322,320,236,320,327,299,306,259,291,254,212,108,327,316,323,314,240,317,334,310,322,26,96,221,256,112,303,267,,,109,342,,,269,300,292,225,306,278,206,262,230,194,126,337,334,333,272,326,313,330,340,317,43,148,289,,320,,,284,57,45,34,268,41,38,207,61,39,314,99,148,141,174,137,331,38,41,271,299,263,272,143,326,38,240,80,323,62,334,43,153,277,103,106,19,51,29,59,,,310,250,,,269,43,277,248,289,153,90,15,99,51,142,58,321,313,313,46,37,96,309,250,108,149,28,37,,305,,,b'\x11\xe8\xe1I\xca\x9a\xe3j\xaf\x82\x12\xdf\x17\xaeN\x1e'
11E8E149-CA9A-E36A-AF82-12DF17AE4E1E,2022-ncaa-d0-natl,ncaa,199,180,216,205,248,302,286,274,277,290,277,268,199,197,219,105,345,340,319,339,324,293,297,250,294,286,175,100,337,297,300,320,196,321,315,287,238,110,225,247,134,60,304,257,,,178,311,,,249,293,328,275,331,315,302,308,282,189,160,350,346,345,329,347,306,345,349,295,153,115,305,,232,,,248,48,41,28,199,37,17,271,115,138,106,297,170,144,300,141,306,26,50,217,254,155,278,211,286,42,196,172,300,100,315,50,186,129,31,48,72,176,56,122,,,324,295,,,249,60,302,132,257,59,34,8,36,8,144,163,200,170,163,8,13,65,242,151,82,86,102,62,,334,,,b'\x11\xe8\xe1I\xca\x9a\xe3j\xaf\x82\x12\xdf\x17\xaeN\x1e'
11E8E149-CA9A-E36A-AF82-12DF17AE4E1E,2022-ncaa-d1-conf-Horizon,ncaa,8,8,1,8,2,8,7,4,8,7,5,8,7,7,9,7,11,9,12,9,11,6,7,9,9,9,9,5,12,7,9,9,8,9,9,6,6,7,9,9,2,1,7,8,,,10,11,,,8,5,10,7,11,11,10,9,7,8,8,12,11,11,10,12,9,11,10,8,7,3,10,,8,,,8,9,5,4,8,5,2,9,8,7,9,10,10,10,12,10,11,4,7,8,9,7,10,6,12,8,8,11,9,10,9,8,8,2,1,2,7,6,5,4,,,9,11,,,8,6,9,7,8,6,3,1,3,2,7,6,8,8,8,1,2,6,9,7,5,2,5,4,,11,,,b'\x11\xe8\xe1I\xca\x9a\xe3j\xaf\x82\x12\xdf\x17\xaeN\x1e'
11E8E149-CA9A-E36A-AF82-12DF17AE4E1E,2022-ncaa-d1-natl,ncaa,219,180,270,214,296,327,319,319,290,316,306,280,214,216,224,106,349,343,321,343,326,332,331,267,302,300,173,97,335,321,310,340,201,343,322,312,246,81,231,264,163,71,320,268,,,144,319,,,264,328,330,275,334,325,309,319,283,195,167,350,347,347,336,347,308,346,351,306,160,130,310,,234,,,265,33,25,14,217,28,9,287,104,108,115,296,149,119,306,114,307,14,24,235,267,168,275,212,286,29,201,132,310,68,322,34,187,152,35,58,59,180,48,133,,,333,292,,,264,26,313,146,274,69,42,11,44,8,145,164,208,177,174,8,14,64,247,154,88,95,104,65,,332,,,b'\x11\xe8\xe1I\xca\x9a\xe3j\xaf\x82\x12\xdf\x17\xaeN\x1e'
11E8E149-CA9A-E36A-AF82-12DF17AE4E1E,2023-ncaa-d0-natl,ncaa,281,257,290,286,320,333,332,254,354,327,241,352,262,209,315,151,297,301,239,302,286,272,307,354,355,331,152,162,161,256,308,299,185,303,320,298,158,37,109,215,192,108,345,328,,,196,330,,,285,305,205,291,332,331,134,316,166,231,151,277,270,269,176,221,207,258,263,280,101,130,343,,292,,,289,37,28,29,158,41,13,309,45,159,6,295,243,213,275,210,328,33,40,138,189,145,223,87,323,55,185,307,308,234,320,48,185,196,84,81,25,81,42,72,,,334,310,,,285,48,333,135,295,112,67,51,115,23,82,243,286,269,268,72,101,120,356,326,105,123,70,80,,313,,,b'\x11\xe8\xe1I\xca\x9a\xe3j\xaf\x82\x12\xdf\x17\xaeN\x1e'
11E8E149-CA9A-E36A-AF82-12DF17AE4E1E,2023-ncaa-d1-conf-Horizon,ncaa,10,10,7,10,9,10,11,7,11,10,6,11,9,9,9,8,7,6,8,6,7,8,8,11,11,10,7,7,3,6,9,9,9,9,9,10,7,6,7,10,3,3,11,11,,,9,10,,,9,9,6,5,10,11,4,10,5,9,7,5,5,5,6,5,5,8,9,9,7,3,11,,10,,,9,4,3,1,6,5,2,10,1,4,1,9,10,10,8,9,11,1,2,6,6,7,2,1,10,4,9,11,9,9,9,3,6,4,2,1,5,5,1,1,,,8,8,,,9,2,10,6,9,6,6,1,7,2,1,7,10,10,11,2,4,6,11,10,5,4,6,4,,6,,,b'\x11\xe8\xe1I\xca\x9a\xe3j\xaf\x82\x12\xdf\x17\xaeN\x1e'
11E8E149-CA9A-E36A-AF82-12DF17AE4E1E,2023-ncaa-d1-natl,ncaa,265,257,219,273,293,307,304,190,345,294,198,345,233,179,309,160,260,251,225,247,258,209,256,342,348,309,157,170,143,225,299,280,186,275,323,277,165,49,92,182,138,88,341,332,,,248,325,,,256,266,194,291,315,313,120,292,157,224,147,242,226,227,149,207,203,268,259,270,85,106,345,,293,,,256,51,32,33,142,57,16,305,54,203,3,302,261,235,284,234,324,41,71,122,176,108,227,89,322,79,186,344,299,292,323,75,200,127,59,59,23,54,58,75,,,301,289,,,256,80,319,99,263,90,51,46,96,19,75,245,287,268,268,63,111,127,355,325,112,81,48,81,,288,,,b'\x11\xe8\xe1I\xca\x9a\xe3j\xaf\x82\x12\xdf\x17\xaeN\x1e'
11E8E149-CA9A-E36A-AF82-12DF17AE4E1E,2024-ncaa-d0-natl,ncaa,341,331,298,342,301,345,334,302,336,322,306,275,285,184,353,86,353,353,275,354,328,323,326,334,346,334,241,177,308,313,317,326,213,337,327,328,272,108,239,293,280,228,204,123,,,273,356,,,336,322,249,44,345,327,231,304,254,254,122,348,345,345,273,271,288,303,324,325,199,238,168,,338,,,339,107,49,18,274,33,17,266,163,104,305,216,313,319,182,308,354,36,35,301,326,318,339,215,342,56,213,197,317,123,327,95,235,242,138,175,47,136,13,39,,,353,349,,,336,41,339,295,342,243,129,41,87,27,241,174,343,341,338,105,109,118,320,268,180,161,103,22,,349,,,b'\x11\xe8\xe1I\xca\x9a\xe3j\xaf\x82\x12\xdf\x17\xaeN\x1e'
11E8E149-CA9A-E36A-AF82-12DF17AE4E1E,2024-ncaa-d1-conf-Horizon,ncaa,11,11,8,11,9,11,11,8,11,11,8,11,9,7,11,5,11,11,10,11,11,9,10,11,11,11,10,6,11,8,9,10,6,11,11,11,8,6,7,10,7,7,8,8,,,10,11,,,11,10,9,3,11,11,6,10,6,9,6,11,11,11,9,8,2,10,11,10,7,7,7,,10,,,11,6,4,1,9,3,1,10,8,4,10,7,11,11,3,10,11,1,1,10,10,9,10,8,11,2,6,9,9,7,11,8,10,5,5,6,2,4,2,3,,,11,11,,,11,2,11,9,11,7,7,1,4,2,10,5,11,11,10,3,2,3,11,10,9,4,3,2,,11,,,b'\x11\xe8\xe1I\xca\x9a\xe3j\xaf\x82\x12\xdf\x17\xaeN\x1e'
11E8E149-CA9A-E36A-AF82-12DF17AE4E1E,2024-ncaa-d1-natl,ncaa,334,333,254,338,265,338,317,262,336,304,272,272,274,167,354,93,352,351,253,352,343,299,299,335,348,334,252,184,314,272,290,308,183,312,303,312,250,168,245,291,263,222,200,133,,,302,357,,,334,296,243,45,340,317,211,291,237,254,124,349,350,348,268,250,243,299,303,309,221,236,174,,340,,,332,146,62,23,264,50,29,241,177,109,309,193,325,329,180,325,355,50,50,283,319,306,334,205,343,58,183,242,290,154,303,122,231,196,127,167,69,150,27,50,,,350,349,,,334,66,339,282,331,229,116,39,81,33,218,151,342,341,338,94,105,96,307,253,175,150,118,34,,349,,,b'\x11\xe8\xe1I\xca\x9a\xe3j\xaf\x82\x12\xdf\x17\xaeN\x1e'
11E8E149-CA9A-E36A-AF82-12DF17AE4E1E,2025-ncaa-d0-natl,genius_ncaa,184,176,194,191,216,242,249,269,202,209,211,190,282,278,272,245,186,194,164,198,156,259,255,223,211,228,245,272,94,220,186,190,121,213,139,272,264,188,255,272,232,207,96,43,,,194,293,,204,193,255,280,192,266,262,292,205,193,287,283,173,175,179,288,276,214,160,196,283,223,227,88,,232,,234,194,87,41,77,92,24,30,98,237,231,220,307,244,216,294,223,322,84,90,132,178,167,343,309,314,99,121,99,186,87,139,52,149,212,152,116,234,277,34,48,,,205,125,,150,193,99,234,156,198,105,52,62,21,26,262,257,266,239,248,83,68,116,121,102,63,188,257,43,,186,,145,b'\x11\xe8\xe1I\xca\x9a\xe3j\xaf\x82\x12\xdf\x17\xaeN\x1e'
11E8E149-CA9A-E36A-AF82-12DF17AE4E1E,2025-ncaa-d1-conf-Horizon,genius_ncaa,4,4,4,4,6,8,8,8,7,6,6,7,11,11,10,11,3,3,7,3,3,8,5,8,7,11,9,11,3,1,2,4,9,4,3,9,9,11,11,10,9,9,1,1,,,9,10,,8,5,7,8,10,10,10,10,6,5,11,11,3,3,3,10,6,1,6,2,9,11,9,1,,8,,8,5,3,2,4,4,3,2,4,9,7,7,8,7,9,5,9,10,6,5,4,4,4,10,9,9,9,9,3,2,5,3,1,3,6,5,4,11,10,2,2,,,2,4,,5,5,4,7,4,5,4,2,3,3,2,8,8,6,7,7,4,3,8,3,3,3,7,11,2,,4,,5,b'\x11\xe8\xe1I\xca\x9a\xe3j\xaf\x82\x12\xdf\x17\xaeN\x1e'
11E8E149-CA9A-E36A-AF82-12DF17AE4E1E,2025-ncaa-d1-natl,genius_ncaa,193,176,244,196,272,285,286,312,209,242,241,197,294,288,277,247,208,215,162,218,153,304,300,234,217,242,240,276,90,250,200,230,125,253,154,297,267,160,262,277,269,217,108,44,,,171,295,,191,217,306,285,181,282,277,306,224,203,292,286,171,176,178,300,284,222,169,208,296,228,245,91,,238,,240,219,65,29,50,100,16,18,109,226,206,228,307,228,202,299,209,324,53,41,147,192,183,343,309,313,79,125,74,200,56,154,42,146,250,160,129,213,289,28,51,,,229,113,,162,217,51,246,176,226,115,58,62,27,27,266,259,269,245,254,84,68,120,126,106,68,200,263,44,,188,,139,b'\x11\xe8\xe1I\xca\x9a\xe3j\xaf\x82\x12\xdf\x17\xaeN\x1e'
11E8E149-CA9A-E36A-AF82-12DF17AE4E1E,2026-ncaa-d0-natl,genius_ncaa,87,39,206,62,216,204,189,249,90,137,221,62,297,279,311,250,165,203,54,208,193,250,260,121,107,116,324,322,126,271,231,201,122,238,145,213,245,97,164,169,320,322,117,111,,,170,286,,205,136,261,272,97,170,144,255,76,170,307,269,129,181,187,256,300,271,144,210,186,134,333,88,,236,,247,133,93,91,112,118,157,171,136,18,51,27,37,223,202,279,206,218,122,98,67,104,173,68,14,318,86,122,83,231,83,145,74,120,300,303,225,105,168,7,20,,,188,76,,187,136,103,131,158,135,125,114,150,226,275,13,48,275,255,261,175,77,122,101,93,95,314,130,15,,133,,182,b'\x11\xe8\xe1I\xca\x9a\xe3j\xaf\x82\x12\xdf\x17\xaeN\x1e'
11E8E149-CA9A-E36A-AF82-12DF17AE4E1E,2026-ncaa-d1-conf-Horizon,genius_ncaa,4,1,11,1,11,11,11,11,8,11,11,7,11,11,11,10,9,9,3,9,4,11,11,10,8,7,7,11,1,11,8,11,11,11,11,11,11,1,7,11,10,4,5,1,,,1,7,,1,6,11,4,1,6,9,11,6,3,11,10,1,2,2,5,4,8,8,9,11,8,2,1,,8,,8,5,1,1,1,1,1,1,1,1,1,2,5,1,1,11,1,6,1,1,1,2,2,8,2,11,5,11,1,8,1,11,1,2,11,9,1,2,11,5,8,,,11,3,,11,6,1,10,3,6,3,1,11,3,11,2,6,11,8,9,11,11,11,6,11,1,6,11,8,,2,,11,b'\x11\xe8\xe1I\xca\x9a\xe3j\xaf\x82\x12\xdf\x17\xaeN\x1e'
11E8E149-CA9A-E36A-AF82-12DF17AE4E1E,2026-ncaa-d1-natl,genius_ncaa,110,39,271,67,286,282,270,329,105,209,292,72,331,317,320,251,221,273,52,279,189,329,335,141,124,139,325,325,109,331,265,281,138,321,175,286,257,55,185,195,357,345,150,129,,,113,297,,178,183,334,282,100,209,191,292,103,188,319,280,134,193,196,290,310,300,170,250,224,143,349,96,,253,,259,179,48,47,51,150,114,115,166,8,17,34,35,187,159,286,161,223,57,25,94,136,224,59,13,316,43,138,34,265,27,175,46,120,346,318,267,70,182,5,20,,,253,65,,211,183,30,165,204,181,157,151,162,258,285,15,45,292,265,274,192,78,127,120,110,120,334,135,15,,130,,169,b'\x11\xe8\xe1I\xca\x9a\xe3j\xaf\x82\x12\xdf\x17\xaeN\x1e'
11E8E149-CA9F-6D72-AF82-12DF17AE4E1E,2010-ncaa-d0-natl,ncaa,108,145,50,135,64,196,174,161,182,112,92,181,295,286,285,291,176,175,175,170,256,165,156,240,233,240,304,303,151,164,164,106,190,124,154,172,176,233,227,208,103,106,30,16,,,306,311,,,149,152,309,146,285,264,294,155,160,317,313,234,237,234,298,298,228,187,224,232,164,149,41,,248,,,149,103,27,163,11,14,95,9,240,270,112,280,300,300,219,298,317,190,202,17,38,46,342,280,329,261,190,163,164,211,154,62,205,122,135,57,130,123,284,237,,,197,246,,,149,192,238,54,156,24,6,28,2,16,195,237,259,251,245,52,54,186,67,94,28,191,85,247,,297,,,b'\x11\xe8\xe1I\xca\x9fmr\xaf\x82\x12\xdf\x17\xaeN\x1e'
11E8E149-CA9F-6D72-AF82-12DF17AE4E1E,2010-ncaa-d1-conf-AAC,ncaa,6,6,1,6,2,10,8,6,10,6,5,8,16,15,16,15,5,6,11,6,7,6,6,14,14,15,15,16,3,9,9,3,5,4,7,6,6,12,11,8,5,6,4,3,,,16,15,,,7,6,13,6,13,12,13,8,7,16,15,9,9,9,12,12,11,6,8,8,9,6,5,,14,,,7,7,3,7,2,2,3,2,13,13,8,14,14,15,12,15,15,9,11,3,4,4,16,15,15,11,5,8,9,13,7,3,6,7,6,3,9,6,9,9,,,8,10,,,7,9,12,4,7,3,2,2,1,2,10,11,14,14,14,2,5,9,5,6,3,8,5,7,,12,,,b'\x11\xe8\xe1I\xca\x9fmr\xaf\x82\x12\xdf\x17\xaeN\x1e'
11E8E149-CA9F-6D72-AF82-12DF17AE4E1E,2010-ncaa-d1-natl,ncaa,102,145,22,127,31,172,148,136,176,88,77,177,294,283,274,291,150,150,161,149,248,142,113,228,222,232,302,299,139,155,169,70,174,100,149,146,170,259,230,210,89,103,23,14,,,313,305,,,137,112,303,154,279,262,290,152,160,315,310,215,224,222,290,294,236,172,220,220,174,134,35,,242,,,138,118,32,190,9,13,99,7,263,283,113,289,306,300,233,300,317,225,245,17,36,37,344,297,329,270,174,200,169,232,149,76,217,91,122,50,150,126,288,231,,,166,229,,,137,229,233,49,142,22,5,29,2,15,202,254,258,243,243,55,60,178,67,90,29,174,87,244,,288,,,b'\x11\xe8\xe1I\xca\x9fmr\xaf\x82\x12\xdf\x17\xaeN\x1e'
11E8E149-CA9F-6D72-AF82-12DF17AE4E1E,2010-ncaa-d1-ncaatournament,ncaa,33,2,33,33,34,40,37,47,12,35,39,16,52,60,25,55,53,48,58,48,51,46,52,19,27,20,61,49,56,50,45,59,37,58,51,38,45,4,13,16,37,9,53,24,,,24,61,,,31,50,49,9,29,15,27,7,12,44,55,52,45,43,32,46,40,59,58,23,8,14,47,,53,,,35,14,3,1,40,1,1,22,38,30,56,63,35,32,48,29,64,1,1,58,62,55,64,64,62,4,37,13,45,7,51,6,44,37,8,17,2,4,1,2,,,58,56,,,31,3,24,50,46,39,6,1,1,1,63,57,58,58,57,1,1,9,42,30,19,15,3,1,,55,,,b'\x11\xe8\xe1I\xca\x9fmr\xaf\x82\x12\xdf\x17\xaeN\x1e'
11E8E149-CA9F-6D72-AF82-12DF17AE4E1E,2011-ncaa-d0-natl,ncaa,99,111,77,114,112,163,140,224,48,103,146,76,226,274,62,257,199,228,117,235,265,226,242,76,78,91,272,243,223,263,199,161,219,213,163,120,138,106,182,107,160,150,30,8,,,148,191,,,107,230,320,254,219,183,311,133,208,247,297,251,278,283,314,325,300,236,297,146,78,196,26,,103,,,107,83,79,174,44,35,56,73,269,308,86,326,93,96,140,98,189,149,132,71,66,102,313,324,137,226,219,47,199,101,163,143,246,223,220,197,51,81,266,245,,,284,274,,,107,106,115,128,107,47,43,82,18,15,253,293,73,79,79,61,29,178,19,49,111,274,39,235,,331,,,b'\x11\xe8\xe1I\xca\x9fmr\xaf\x82\x12\xdf\x17\xaeN\x1e'
11E8E149-CA9F-6D72-AF82-12DF17AE4E1E,2011-ncaa-d1-conf-AAC,ncaa,4,4,4,4,8,11,7,14,5,6,8,6,11,14,3,13,8,8,10,8,8,12,13,5,6,6,11,11,8,15,13,5,2,8,5,9,8,4,9,7,9,7,5,2,,,6,8,,,5,11,14,7,11,7,14,6,9,11,14,8,8,8,14,14,15,5,9,9,5,10,3,,6,,,5,1,1,8,2,1,3,2,13,13,10,15,5,5,7,5,7,6,5,2,3,3,15,16,8,5,2,2,13,2,5,4,11,12,9,9,1,3,8,10,,,11,10,,,5,6,7,4,5,2,1,7,1,3,13,14,5,5,5,3,3,7,4,4,4,12,1,7,,12,,,b'\x11\xe8\xe1I\xca\x9fmr\xaf\x82\x12\xdf\x17\xaeN\x1e'
11E8E149-CA9F-6D72-AF82-12DF17AE4E1E,2011-ncaa-d1-natl,ncaa,90,110,51,112,86,142,116,200,39,91,132,75,210,262,50,248,178,211,100,217,253,204,215,66,70,81,256,230,218,262,211,135,220,203,177,118,144,127,178,102,144,141,21,9,,,173,191,,,102,189,319,258,205,176,310,139,213,232,289,241,277,278,313,324,304,236,298,144,79,188,23,,103,,,103,104,90,192,41,29,58,68,296,318,103,329,110,116,154,112,204,174,160,73,70,102,324,329,143,246,220,59,211,125,177,160,253,197,203,187,64,83,271,243,,,270,278,,,102,146,108,127,102,50,40,80,15,13,268,301,77,81,79,59,33,183,19,49,114,262,42,231,,331,,,b'\x11\xe8\xe1I\xca\x9fmr\xaf\x82\x12\xdf\x17\xaeN\x1e'
11E8E149-CA9F-6D72-AF82-12DF17AE4E1E,2011-ncaa-d1-ncaatournament,ncaa,17,2,17,17,18,30,27,30,20,23,25,24,29,31,23,50,27,30,16,29,43,31,30,23,22,24,47,44,35,29,37,20,21,22,21,17,8,42,43,17,25,23,12,6,,,43,54,,,21,31,48,3,38,32,49,23,30,38,55,38,41,40,52,53,45,16,27,13,32,22,8,,47,,,20,35,35,40,9,33,38,15,37,43,13,48,42,43,41,43,46,41,37,9,10,18,45,39,46,38,21,34,37,38,21,26,25,29,47,30,44,49,53,54,,,29,38,,,21,34,30,18,18,15,8,28,12,17,24,44,44,40,44,31,23,29,13,20,9,47,45,57,,43,,,b'\x11\xe8\xe1I\xca\x9fmr\xaf\x82\x12\xdf\x17\xaeN\x1e'
11E8E149-CA9F-6D72-AF82-12DF17AE4E1E,2012-ncaa-d0-natl,ncaa,59,54,81,64,84,138,101,130,74,57,56,96,293,291,251,298,208,211,201,210,305,142,145,148,155,155,328,312,253,131,103,132,159,126,109,115,181,168,153,127,103,99,74,43,,,303,320,,,80,151,277,70,190,113,191,49,70,304,304,252,252,254,214,239,159,199,179,140,120,124,86,,288,,,79,73,30,117,17,19,78,17,204,247,111,264,269,264,191,261,304,148,185,31,55,42,332,274,317,182,159,125,103,150,109,104,271,84,74,69,94,93,241,143,,,173,206,,,80,185,142,39,82,36,12,43,5,23,172,211,232,227,226,55,81,149,74,86,75,116,81,213,,235,,,b'\x11\xe8\xe1I\xca\x9fmr\xaf\x82\x12\xdf\x17\xaeN\x1e'
11E8E149-CA9F-6D72-AF82-12DF17AE4E1E,2012-ncaa-d1-conf-AAC,ncaa,5,6,4,6,6,10,9,11,8,6,4,9,14,15,14,15,8,9,8,9,12,10,12,9,10,11,14,14,8,9,7,10,6,10,6,9,8,8,10,8,13,8,7,6,,,11,12,,,8,12,13,7,11,9,12,6,5,14,15,9,9,9,13,13,10,11,10,9,7,13,7,,11,,,8,3,2,5,4,4,3,4,6,9,6,10,8,7,11,8,12,5,5,6,6,6,10,8,12,5,6,5,7,3,6,6,9,6,7,6,5,4,10,8,,,9,5,,,8,6,10,6,8,5,3,4,3,3,8,9,9,8,8,2,3,4,5,4,6,7,5,10,,9,,,b'\x11\xe8\xe1I\xca\x9fmr\xaf\x82\x12\xdf\x17\xaeN\x1e'
11E8E149-CA9F-6D72-AF82-12DF17AE4E1E,2012-ncaa-d1-natl,ncaa,68,54,90,65,94,159,116,155,77,61,61,100,297,299,254,297,231,225,199,224,307,169,173,152,164,159,327,310,249,144,108,147,161,144,117,132,187,144,154,132,118,106,79,43,,,299,322,,,86,186,282,68,195,120,197,53,73,305,303,250,255,259,223,242,167,210,185,152,122,132,88,,288,,,84,57,24,87,21,9,56,19,192,232,119,263,264,254,196,249,305,118,152,32,62,52,331,272,318,166,161,106,108,131,117,84,272,96,77,74,83,93,232,149,,,189,202,,,86,154,147,48,87,40,12,41,5,22,174,210,236,232,230,57,82,154,73,89,78,119,80,221,,236,,,b'\x11\xe8\xe1I\xca\x9fmr\xaf\x82\x12\xdf\x17\xaeN\x1e'
11E8E149-CA9F-6D72-AF82-12DF17AE4E1E,2012-ncaa-d1-ncaatournament,ncaa,33,2,33,33,34,35,37,39,25,38,47,24,34,41,22,22,36,32,54,32,12,36,35,22,26,34,20,21,28,38,26,49,58,46,42,38,34,24,50,40,40,36,50,53,,,31,60,,,42,34,2,5,10,14,13,26,38,10,10,17,5,5,7,3,17,45,34,20,55,25,46,,62,,,45,31,16,21,36,3,13,13,35,27,56,43,39,36,42,36,61,28,31,43,50,46,63,53,61,25,58,16,26,23,42,16,36,34,16,20,30,54,6,15,,,39,42,,,42,31,29,52,42,63,41,42,10,23,59,53,62,62,62,59,63,55,40,53,41,6,57,8,,24,,,b'\x11\xe8\xe1I\xca\x9fmr\xaf\x82\x12\xdf\x17\xaeN\x1e'
11E8E149-CA9F-6D72-AF82-12DF17AE4E1E,2013-ncaa-d0-natl,ncaa,149,126,183,143,203,261,223,307,78,138,180,87,333,336,292,326,238,194,309,198,184,304,260,142,154,258,334,334,167,194,37,272,146,247,54,139,42,320,339,234,79,28,90,33,,,267,333,,,110,273,284,112,276,229,332,107,163,334,334,243,181,187,321,254,174,281,245,102,320,56,66,,293,,,111,11,9,14,46,8,20,44,84,88,114,197,144,167,76,164,295,19,65,56,67,22,288,202,303,58,146,5,37,6,54,43,237,72,13,27,226,272,241,243,,,225,164,,,110,73,247,21,114,20,9,9,13,15,95,96,172,202,200,11,54,90,6,9,55,45,240,254,,215,,,b'\x11\xe8\xe1I\xca\x9fmr\xaf\x82\x12\xdf\x17\xaeN\x1e'
11E8E149-CA9F-6D72-AF82-12DF17AE4E1E,2013-ncaa-d1-conf-AAC,ncaa,10,9,12,10,13,12,12,15,3,9,12,6,15,15,10,14,10,9,14,9,3,14,13,6,8,10,15,15,6,13,6,11,4,11,3,10,4,14,15,10,8,5,9,5,,,13,15,,,8,13,13,6,12,12,15,8,11,15,15,9,6,6,14,11,11,9,10,8,15,8,9,,15,,,8,1,1,1,4,2,2,5,3,4,5,10,11,10,8,10,13,1,2,5,7,5,12,7,14,1,4,1,6,1,3,1,5,8,2,1,10,13,9,11,,,10,3,,,8,2,11,3,8,2,1,1,2,2,3,4,12,11,11,1,3,1,1,1,2,7,11,9,,7,,,b'\x11\xe8\xe1I\xca\x9fmr\xaf\x82\x12\xdf\x17\xaeN\x1e'
11E8E149-CA9F-6D72-AF82-12DF17AE4E1E,2013-ncaa-d1-natl,ncaa,155,126,210,145,231,279,245,325,79,145,205,91,334,337,291,325,250,208,309,210,184,319,282,145,159,261,334,334,163,216,40,295,148,276,55,150,41,310,339,239,88,28,94,36,,,259,334,,,120,297,286,99,283,234,332,112,170,334,334,243,180,186,323,257,174,287,250,108,322,58,66,,296,,,120,7,4,4,49,7,14,45,70,75,117,197,135,157,79,153,297,4,42,61,72,25,287,201,303,50,148,1,40,4,55,34,236,89,16,29,212,272,234,245,,,238,158,,,120,47,252,24,119,21,9,9,14,15,91,97,178,204,201,11,52,91,6,9,61,48,240,256,,213,,,b'\x11\xe8\xe1I\xca\x9fmr\xaf\x82\x12\xdf\x17\xaeN\x1e'
11E8E149-CA9F-6D72-AF82-12DF17AE4E1E,2014-ncaa-d0-natl,ncaa,15,41,4,33,5,44,15,22,33,3,1,104,349,349,294,349,127,101,264,97,341,27,15,157,183,181,349,349,270,43,90,18,245,19,112,21,156,315,163,97,17,44,5,8,,,301,94,,,49,17,237,80,194,50,159,3,1,349,349,261,244,244,191,200,148,97,119,82,151,56,9,,104,,,61,240,241,338,11,228,334,12,247,289,87,181,162,175,79,168,48,333,338,14,8,10,182,225,126,349,245,287,90,336,112,224,178,17,76,44,194,68,257,24,,,84,308,,,49,333,167,15,60,22,32,180,32,193,121,158,48,52,51,115,182,293,54,146,66,85,64,126,,306,,,b'\x11\xe8\xe1I\xca\x9fmr\xaf\x82\x12\xdf\x17\xaeN\x1e'
11E8E149-CA9F-6D72-AF82-12DF17AE4E1E,2014-ncaa-d1-conf-AAC,ncaa,3,3,1,3,1,3,2,3,2,1,1,2,10,10,4,10,4,4,6,4,10,4,3,3,3,3,10,10,8,6,5,3,7,4,4,3,6,6,4,3,3,3,2,2,,,8,4,,,4,2,7,3,3,2,5,1,1,10,10,7,8,8,7,8,8,3,5,3,4,3,2,,5,,,4,6,5,9,3,3,8,3,9,10,2,10,6,3,8,3,3,10,10,3,3,4,8,7,5,10,7,3,5,9,4,6,7,4,8,4,3,3,2,2,,,8,9,,,4,9,4,4,4,5,4,9,3,2,9,10,5,3,3,8,7,10,2,4,5,7,3,2,,9,,,b'\x11\xe8\xe1I\xca\x9fmr\xaf\x82\x12\xdf\x17\xaeN\x1e'
11E8E149-CA9F-6D72-AF82-12DF17AE4E1E,2014-ncaa-d1-natl,ncaa,16,40,4,34,5,50,17,23,35,3,1,109,349,349,295,349,139,104,265,103,341,29,17,161,184,187,349,349,268,50,92,19,252,23,115,22,162,309,165,99,19,50,6,8,,,288,98,,,52,20,242,81,199,52,161,4,1,349,349,265,244,248,200,203,150,102,126,83,151,60,9,,103,,,66,218,228,335,12,214,333,13,239,283,91,179,155,169,78,161,46,330,337,14,9,10,182,224,125,348,252,273,92,334,115,214,180,20,78,49,184,69,251,24,,,93,307,,,52,330,178,15,66,22,33,180,33,193,118,159,46,51,50,115,179,295,53,151,69,90,65,131,,306,,,b'\x11\xe8\xe1I\xca\x9fmr\xaf\x82\x12\xdf\x17\xaeN\x1e'
11E8E149-CA9F-6D72-AF82-12DF17AE4E1E,2015-ncaa-d0-natl,ncaa,43,50,48,53,53,53,22,38,34,7,4,95,339,345,154,347,184,195,161,191,348,44,50,126,149,121,349,346,316,93,151,55,170,67,132,26,108,199,88,51,25,44,31,31,,,295,193,,,45,36,66,141,80,17,32,3,2,344,346,260,270,271,60,79,153,110,119,23,131,39,39,,234,,,47,213,174,282,45,148,247,49,242,270,122,222,240,242,167,244,209,283,311,62,68,38,270,240,234,290,170,274,151,285,132,224,258,26,61,64,106,52,158,18,,,190,332,,,45,308,122,40,55,102,82,159,61,135,193,220,180,177,177,161,275,226,149,185,154,43,68,111,,305,,,b'\x11\xe8\xe1I\xca\x9fmr\xaf\x82\x12\xdf\x17\xaeN\x1e'
11E8E149-CA9F-6D72-AF82-12DF17AE4E1E,2015-ncaa-d1-conf-Big Ten,ncaa,4,4,3,4,8,7,5,6,5,2,1,7,14,14,11,14,9,10,12,10,14,5,6,10,10,10,14,14,9,5,5,11,10,7,8,7,9,5,6,8,2,2,5,3,,,14,13,,,4,8,8,9,8,6,7,1,1,14,14,9,10,10,5,8,5,11,8,7,6,2,5,,13,,,4,1,1,3,2,2,4,5,1,4,3,4,11,11,5,10,12,3,8,1,4,1,10,5,14,8,10,5,5,7,8,1,4,2,2,1,4,5,2,1,,,11,12,,,4,7,8,1,4,1,1,2,1,2,2,3,11,12,11,3,7,8,4,5,1,2,4,2,,13,,,b'\x11\xe8\xe1I\xca\x9fmr\xaf\x82\x12\xdf\x17\xaeN\x1e'
11E8E149-CA9F-6D72-AF82-12DF17AE4E1E,2015-ncaa-d1-natl,ncaa,47,50,55,54,64,63,28,40,38,7,4,104,341,346,155,346,199,220,160,220,348,49,56,129,153,126,349,346,315,109,157,67,179,78,141,30,111,173,92,55,33,47,36,31,,,285,197,,,50,42,73,136,87,20,35,3,2,344,346,259,273,272,66,92,165,119,131,24,134,40,40,,234,,,53,190,152,263,45,122,221,54,230,253,130,224,227,233,168,233,209,263,307,64,73,43,269,238,231,272,179,251,157,266,141,213,261,37,65,75,96,54,152,19,,,220,332,,,50,303,131,44,64,106,85,164,70,136,194,217,184,180,181,165,272,231,154,188,162,46,69,117,,303,,,b'\x11\xe8\xe1I\xca\x9fmr\xaf\x82\x12\xdf\x17\xaeN\x1e'
11E8E149-CA9F-6D72-AF82-12DF17AE4E1E,2015-ncaa-d1-ncaatournament,ncaa,17,2,17,17,17,26,24,23,34,21,16,45,33,44,21,60,29,27,42,26,41,23,20,40,41,46,51,49,36,28,43,21,42,23,43,27,53,48,45,49,33,54,25,36,,,43,37,,,53,20,9,4,30,24,19,15,3,46,55,32,32,31,18,11,38,22,25,42,50,50,32,,39,,,45,44,42,45,25,38,39,21,49,49,47,57,39,49,11,48,41,46,46,34,32,32,54,59,26,46,42,42,43,44,43,51,54,21,32,39,43,40,35,19,,,26,37,,,53,44,50,35,46,46,38,52,21,25,58,59,31,43,41,52,57,50,37,47,52,18,44,28,,29,,,b'\x11\xe8\xe1I\xca\x9fmr\xaf\x82\x12\xdf\x17\xaeN\x1e'
11E8E149-CA9F-6D72-AF82-12DF17AE4E1E,2016-ncaa-d0-natl,ncaa,100,156,25,142,30,102,56,111,28,25,36,35,281,304,157,321,244,215,278,223,329,129,144,61,83,77,341,320,321,264,281,70,117,135,169,68,146,121,99,54,160,193,13,23,,,267,235,,,124,109,320,249,199,101,278,46,110,314,335,312,296,305,302,330,318,179,295,104,37,235,23,,156,,,127,229,211,262,101,199,285,51,205,149,295,92,225,198,304,185,106,253,242,106,119,165,200,186,210,227,117,229,281,228,169,98,42,187,236,128,103,97,81,24,,,284,324,,,124,240,117,164,126,78,80,86,84,160,134,58,152,117,108,65,36,109,71,66,44,284,46,45,,342,,,b'\x11\xe8\xe1I\xca\x9fmr\xaf\x82\x12\xdf\x17\xaeN\x1e'
11E8E149-CA9F-6D72-AF82-12DF17AE4E1E,2016-ncaa-d1-conf-Big Ten,ncaa,7,9,4,9,7,12,9,9,7,5,4,8,14,14,12,14,12,12,14,12,14,12,12,9,11,10,14,14,13,10,11,9,4,10,7,11,8,3,6,4,9,9,1,1,,,8,12,,,7,13,14,10,13,10,12,4,5,14,14,14,12,13,14,14,11,9,11,11,2,11,1,,8,,,7,1,1,1,2,1,3,1,6,6,9,11,8,8,10,7,8,2,2,3,3,4,11,11,9,6,4,8,11,7,7,1,4,9,8,5,5,6,2,3,,,14,14,,,7,2,11,5,7,1,1,1,1,3,7,6,8,7,6,1,1,6,6,6,2,11,5,3,,14,,,b'\x11\xe8\xe1I\xca\x9fmr\xaf\x82\x12\xdf\x17\xaeN\x1e'
11E8E149-CA9F-6D72-AF82-12DF17AE4E1E,2016-ncaa-d1-natl,ncaa,114,156,30,150,42,124,69,141,29,32,44,38,290,314,160,322,262,245,277,252,329,167,185,65,90,84,340,321,320,283,285,88,122,169,181,80,151,86,102,56,185,204,17,25,,,252,240,,,143,143,322,245,215,115,283,47,111,315,334,311,298,307,304,331,324,186,300,115,37,247,24,,160,,,144,209,197,242,112,182,270,54,192,136,300,88,211,180,306,170,107,225,211,119,133,180,195,184,209,203,122,202,285,198,181,86,43,222,240,139,86,103,71,26,,,308,324,,,143,203,129,178,141,86,89,89,96,165,138,57,161,118,110,67,35,111,72,69,47,290,51,46,,342,,,b'\x11\xe8\xe1I\xca\x9fmr\xaf\x82\x12\xdf\x17\xaeN\x1e'
11E8E149-CA9F-6D72-AF82-12DF17AE4E1E,2017-ncaa-d0-natl,ncaa,314,323,168,320,184,337,311,244,329,267,165,331,288,274,302,236,348,348,253,348,349,285,273,330,340,331,303,210,339,137,122,330,317,292,281,258,104,192,278,261,82,38,162,85,,,234,329,,,314,311,339,109,345,326,257,284,156,300,271,349,349,349,321,308,121,341,314,272,222,66,156,,259,,,313,73,34,20,198,21,13,198,182,136,253,249,284,272,205,266,346,34,47,223,281,213,326,240,331,181,317,140,122,163,281,198,336,156,67,181,141,212,68,82,,,348,347,,,314,36,325,249,317,93,33,12,24,10,188,150,294,288,282,26,25,202,158,181,210,133,157,80,,349,,,b'\x11\xe8\xe1I\xca\x9fmr\xaf\x82\x12\xdf\x17\xaeN\x1e'
11E8E149-CA9F-6D72-AF82-12DF17AE4E1E,2017-ncaa-d1-conf-Big Ten,ncaa,13,11,9,13,12,14,14,14,14,14,11,14,14,14,13,9,14,14,12,14,14,14,14,14,14,14,11,6,13,7,5,14,13,14,12,14,9,6,13,13,3,1,11,5,,,9,13,,,11,14,14,6,14,14,13,14,8,14,12,14,14,14,14,14,5,14,13,14,9,1,10,,12,,,12,1,1,1,11,1,1,13,5,5,5,13,11,10,11,10,14,1,1,12,13,9,14,10,13,2,13,4,5,4,12,3,13,5,1,3,5,9,1,2,,,14,14,,,11,1,14,9,12,2,1,1,1,1,6,7,12,12,12,1,1,4,7,5,7,1,7,1,,14,,,b'\x11\xe8\xe1I\xca\x9fmr\xaf\x82\x12\xdf\x17\xaeN\x1e'
11E8E149-CA9F-6D72-AF82-12DF17AE4E1E,2017-ncaa-d1-natl,ncaa,318,322,217,322,244,345,329,290,330,302,196,334,300,283,303,233,349,349,252,349,349,320,320,331,342,335,301,204,338,164,130,341,321,323,286,283,109,170,279,267,97,42,179,87,,,217,331,,,320,342,340,101,346,329,268,293,161,300,271,349,349,349,325,313,129,341,321,280,227,74,161,,264,,,319,49,17,6,212,16,8,209,160,106,261,250,270,256,212,251,345,14,16,238,287,225,326,241,328,153,321,113,130,119,286,183,338,184,78,187,121,216,60,88,,,349,347,,,320,10,330,262,323,99,38,13,26,11,191,150,294,289,285,24,25,205,161,183,218,139,159,83,,349,,,b'\x11\xe8\xe1I\xca\x9fmr\xaf\x82\x12\xdf\x17\xaeN\x1e'
11E8E149-CA9F-6D72-AF82-12DF17AE4E1E,2018-ncaa-d0-natl,ncaa,87,94,73,95,132,117,86,78,122,40,35,127,281,262,284,300,232,210,264,206,323,89,82,182,213,190,337,317,283,41,34,237,293,125,160,87,147,175,121,108,7,5,21,13,,,289,258,,,94,121,123,348,167,93,99,41,34,312,293,271,243,239,117,126,49,311,181,104,125,9,20,,241,,,93,118,92,124,96,118,208,58,78,56,231,49,281,268,223,265,247,144,245,83,112,42,205,90,305,278,293,168,34,217,160,97,154,21,18,21,237,196,264,140,,,270,339,,,94,224,138,57,93,59,37,34,64,132,56,26,236,233,225,48,160,239,103,149,69,25,196,233,,329,,,b'\x11\xe8\xe1I\xca\x9fmr\xaf\x82\x12\xdf\x17\xaeN\x1e'
11E8E149-CA9F-6D72-AF82-12DF17AE4E1E,2018-ncaa-d1-conf-Big Ten,ncaa,9,9,4,9,11,12,10,6,11,7,6,10,13,12,14,11,12,12,12,12,13,9,8,12,12,12,14,12,12,3,3,13,13,8,10,11,8,9,8,12,1,1,1,1,,,12,13,,,10,11,6,13,12,10,7,7,7,13,11,12,12,12,9,8,3,14,8,10,10,1,1,,12,,,10,4,1,1,6,1,3,5,2,1,9,1,13,12,12,12,12,2,6,5,7,2,13,4,14,10,13,5,3,8,10,3,6,1,1,1,10,9,4,5,,,13,14,,,10,5,12,5,10,3,1,1,1,1,3,1,13,12,12,1,4,11,6,8,3,1,10,4,,14,,,b'\x11\xe8\xe1I\xca\x9fmr\xaf\x82\x12\xdf\x17\xaeN\x1e'
11E8E149-CA9F-6D72-AF82-12DF17AE4E1E,2018-ncaa-d1-natl,ncaa,95,94,97,98,166,141,103,95,128,52,41,132,296,283,286,298,249,231,263,225,323,109,110,195,223,205,337,316,280,51,40,271,297,168,174,102,150,148,128,115,9,5,23,13,,,265,264,,,105,150,128,348,177,103,101,44,40,312,292,272,245,241,121,135,53,317,198,108,128,10,20,,241,,,104,87,61,77,103,91,169,63,65,40,242,47,265,256,223,251,249,95,211,91,127,46,200,87,306,265,297,132,40,187,174,74,154,31,20,24,212,200,254,154,,,292,338,,,105,194,146,66,104,64,40,35,69,137,56,25,238,239,230,49,156,246,107,154,72,32,196,234,,330,,,b'\x11\xe8\xe1I\xca\x9fmr\xaf\x82\x12\xdf\x17\xaeN\x1e'
11E8E149-CA9F-6D72-AF82-12DF17AE4E1E,2019-ncaa-d0-natl,ncaa,63,57,80,63,108,124,116,141,97,86,133,59,217,179,280,197,161,192,93,200,225,149,138,121,115,137,279,254,202,68,25,238,208,164,84,119,159,228,198,155,15,6,50,14,,,330,342,,,83,176,308,225,176,141,231,103,184,244,214,201,235,240,246,259,94,313,238,137,175,23,55,,297,,,82,92,20,51,57,10,43,33,176,146,230,215,334,323,323,315,341,84,159,76,171,72,345,244,346,144,208,48,25,59,84,81,268,47,23,28,226,205,127,100,,,250,284,,,83,168,109,70,84,35,8,3,7,8,124,98,313,291,287,12,41,96,16,24,55,56,178,100,,309,,,b'\x11\xe8\xe1I\xca\x9fmr\xaf\x82\x12\xdf\x17\xaeN\x1e'
11E8E149-CA9F-6D72-AF82-12DF17AE4E1E,2019-ncaa-d1-conf-Big Ten,ncaa,3,3,5,3,6,9,7,10,6,7,11,4,10,4,14,4,12,13,4,13,11,9,8,7,7,8,9,8,11,6,4,13,10,10,8,9,10,9,12,10,1,1,6,4,,,14,14,,,3,9,12,8,9,9,12,8,11,9,6,13,13,13,12,10,4,14,13,8,9,1,8,,14,,,3,3,1,1,4,1,1,2,7,6,11,9,14,14,14,13,14,1,5,5,11,2,14,10,14,4,10,4,4,3,8,1,11,1,1,1,12,14,2,2,,,13,13,,,3,5,7,1,3,1,1,1,1,1,5,4,14,14,13,1,2,3,6,3,1,1,14,2,,12,,,b'\x11\xe8\xe1I\xca\x9fmr\xaf\x82\x12\xdf\x17\xaeN\x1e'
11E8E149-CA9F-6D72-AF82-12DF17AE4E1E,2019-ncaa-d1-natl,ncaa,73,57,107,67,139,165,142,187,109,106,167,64,236,200,280,197,191,226,92,232,220,198,198,129,118,143,278,256,199,100,29,272,223,203,89,141,161,193,201,162,28,9,60,16,,,310,342,,,95,237,313,222,186,152,242,113,185,246,215,203,237,241,257,269,106,323,244,146,177,27,59,,298,,,94,58,10,17,64,8,16,38,155,115,245,214,325,306,325,299,341,36,100,83,182,87,344,243,346,106,223,18,29,25,89,66,270,70,30,38,205,208,114,112,,,272,280,,,95,109,118,88,94,39,8,3,7,9,126,100,315,292,284,12,39,101,19,27,63,66,182,109,,309,,,b'\x11\xe8\xe1I\xca\x9fmr\xaf\x82\x12\xdf\x17\xaeN\x1e'
11E8E149-CA9F-6D72-AF82-12DF17AE4E1E,2019-ncaa-d1-ncaatournament,ncaa,33,2,33,33,36,40,37,41,24,35,40,8,58,53,63,36,43,40,53,40,38,41,39,34,36,40,59,56,42,35,16,56,48,45,41,40,26,17,36,29,34,11,44,33,,,21,53,,,38,40,14,7,21,12,13,7,17,53,30,33,26,26,15,11,10,56,41,13,42,9,38,,50,,,42,20,11,5,53,1,1,35,37,25,60,57,27,22,56,20,59,8,20,61,63,50,64,62,48,15,48,10,16,9,41,21,53,28,2,7,16,36,12,20,,,36,19,,,38,20,33,46,44,50,31,7,4,2,63,48,54,48,47,9,42,29,34,26,48,2,37,21,,10,,,b'\x11\xe8\xe1I\xca\x9fmr\xaf\x82\x12\xdf\x17\xaeN\x1e'
11E8E149-CA9F-6D72-AF82-12DF17AE4E1E,2020-ncaa-d0-natl,ncaa,39,55,33,54,49,90,72,102,76,39,37,94,253,267,176,296,106,109,179,114,222,96,119,111,111,104,301,297,171,52,34,145,216,75,75,118,234,120,97,116,32,31,30,16,,,293,300,,,36,175,312,78,137,100,171,53,66,270,295,149,149,159,185,238,72,215,126,159,81,45,36,,245,,,41,66,23,87,19,19,77,10,173,162,184,199,313,319,106,320,336,136,196,28,52,26,344,254,344,252,216,78,34,134,75,76,227,62,59,41,155,124,114,54,,,211,249,,,36,171,65,41,36,26,4,21,5,27,131,117,272,289,289,40,70,202,35,62,50,97,110,90,,262,,,b'\x11\xe8\xe1I\xca\x9fmr\xaf\x82\x12\xdf\x17\xaeN\x1e'
11E8E149-CA9F-6D72-AF82-12DF17AE4E1E,2020-ncaa-d1-conf-Big Ten,ncaa,6,5,4,6,5,11,9,6,9,8,3,8,13,13,13,13,8,8,7,8,12,7,9,10,9,9,11,13,6,3,3,12,9,8,4,11,12,3,4,11,2,2,3,1,,,12,14,,,7,13,14,3,13,11,9,7,3,13,13,9,8,9,10,12,3,13,9,11,2,3,2,,13,,,7,2,1,1,2,1,1,2,8,7,9,13,13,12,13,12,14,1,2,5,8,4,14,13,14,6,9,5,3,4,4,2,11,2,2,2,3,3,1,1,,,10,8,,,7,2,7,4,7,2,1,1,1,1,8,8,14,13,13,1,1,5,5,4,3,2,2,1,,9,,,b'\x11\xe8\xe1I\xca\x9fmr\xaf\x82\x12\xdf\x17\xaeN\x1e'
11E8E149-CA9F-6D72-AF82-12DF17AE4E1E,2020-ncaa-d1-natl,ncaa,47,55,45,57,65,113,85,137,81,48,54,101,264,285,180,298,128,130,178,140,224,131,159,117,115,111,299,296,168,68,38,174,224,99,81,137,233,99,101,122,47,38,31,16,,,274,302,,,43,228,314,75,152,109,181,58,69,278,294,151,154,167,194,245,76,221,136,165,82,54,36,,254,,,44,53,15,59,21,13,55,12,159,144,188,197,300,312,109,313,335,101,137,31,54,30,344,252,344,232,224,62,38,110,81,66,230,84,63,50,134,132,107,56,,,238,247,,,43,110,69,47,41,28,5,22,5,28,133,117,275,294,295,42,71,203,36,65,51,107,114,90,,262,,,b'\x11\xe8\xe1I\xca\x9fmr\xaf\x82\x12\xdf\x17\xaeN\x1e'
11E8E149-CA9F-6D72-AF82-12DF17AE4E1E,2021-ncaa-d0-natl,ncaa,90,32,248,43,268,164,149,238,13,137,227,19,164,224,18,187,213,249,25,247,238,248,263,14,14,11,222,175,257,194,18,283,295,270,86,152,190,44,57,42,27,2,45,3,,,87,194,,,14,271,272,224,28,23,122,34,135,90,180,148,222,217,146,221,94,319,261,57,44,3,18,,160,,,7,60,40,56,55,26,51,19,132,83,317,226,140,140,177,142,314,60,73,97,137,36,335,310,315,106,295,34,18,47,86,95,327,111,10,51,45,58,47,50,,,276,273,,,14,69,5,45,7,30,11,6,3,13,207,118,225,230,228,13,80,209,4,20,152,18,53,55,,286,,,b'\x11\xe8\xe1I\xca\x9fmr\xaf\x82\x12\xdf\x17\xaeN\x1e'
11E8E149-CA9F-6D72-AF82-12DF17AE4E1E,2021-ncaa-d1-conf-Big Ten,ncaa,5,3,13,3,13,13,13,13,4,14,14,4,10,13,3,8,14,14,3,14,14,14,14,3,4,4,10,6,13,14,3,14,14,14,6,14,13,1,5,5,3,1,4,1,,,1,12,,,3,14,14,6,6,5,8,6,7,8,9,11,14,14,10,14,4,14,14,10,4,1,2,,9,,,3,1,1,1,4,1,1,2,4,2,14,11,2,2,6,2,13,1,1,8,8,3,14,14,13,2,14,1,3,2,6,3,13,9,2,2,1,4,1,3,,,14,12,,,3,1,3,5,3,2,1,1,1,1,9,5,9,9,8,1,1,9,2,3,3,2,4,4,,14,,,b'\x11\xe8\xe1I\xca\x9fmr\xaf\x82\x12\xdf\x17\xaeN\x1e'
11E8E149-CA9F-6D72-AF82-12DF17AE4E1E,2021-ncaa-d1-natl,ncaa,98,32,259,44,275,178,162,252,13,152,242,19,168,233,20,187,223,263,25,260,237,257,273,13,15,13,217,174,255,206,22,291,296,279,91,174,194,41,57,43,38,2,47,3,,,78,201,,,18,279,275,225,31,25,132,38,138,91,181,147,223,218,151,228,97,319,270,59,44,4,19,,158,,,8,56,37,50,61,26,45,20,122,78,320,222,131,128,176,129,313,55,65,100,143,40,335,310,315,100,296,30,22,45,91,90,327,126,10,54,42,58,42,52,,,285,273,,,18,61,5,51,7,32,11,6,3,12,211,114,229,234,231,12,80,212,4,21,159,20,50,61,,287,,,b'\x11\xe8\xe1I\xca\x9fmr\xaf\x82\x12\xdf\x17\xaeN\x1e'
11E8E149-CA9F-6D72-AF82-12DF17AE4E1E,2021-ncaa-d1-ncaatournament,ncaa,33,2,33,33,34,37,45,63,10,42,53,18,44,60,8,53,31,31,29,29,2,61,50,12,8,21,29,44,5,45,12,47,50,46,20,55,53,28,62,60,25,2,48,41,,,21,49,,,25,53,35,7,20,38,63,30,51,35,58,2,2,2,59,36,30,45,42,52,57,1,44,,49,,,26,9,1,4,15,1,2,6,28,29,42,56,34,28,61,28,63,10,17,26,42,26,64,57,64,19,50,2,12,4,20,14,61,34,3,15,11,33,7,29,,,36,9,,,25,13,20,32,24,34,2,8,1,2,54,54,59,56,56,24,43,46,2,5,38,3,25,14,,7,,,b'\x11\xe8\xe1I\xca\x9fmr\xaf\x82\x12\xdf\x17\xaeN\x1e'
11E8E149-CA9F-6D72-AF82-12DF17AE4E1E,2022-ncaa-d0-natl,ncaa,233,288,79,262,95,189,159,175,138,115,109,158,277,280,222,298,203,174,281,171,230,185,124,188,208,266,312,284,195,70,22,135,95,91,21,165,174,334,332,280,77,61,93,48,,,279,292,,,206,150,305,236,285,246,310,160,155,301,320,258,227,223,301,236,90,202,130,214,312,105,121,,222,,,201,170,99,141,107,67,85,155,256,278,132,306,299,288,273,292,329,173,190,149,182,167,333,272,311,112,95,45,22,62,21,204,297,143,128,173,316,292,66,29,,,212,288,,,206,201,234,142,207,79,33,34,19,19,200,243,255,245,256,42,32,69,7,10,147,205,272,31,,298,,,b'\x11\xe8\xe1I\xca\x9fmr\xaf\x82\x12\xdf\x17\xaeN\x1e'
11E8E149-CA9F-6D72-AF82-12DF17AE4E1E,2022-ncaa-d1-conf-Big Ten,ncaa,13,14,5,13,6,12,12,11,10,8,6,10,14,14,10,14,11,11,12,11,12,12,11,12,12,14,14,13,10,4,3,9,2,7,2,13,13,14,14,14,7,5,12,7,,,10,13,,,11,13,14,7,13,13,13,8,5,14,14,12,12,12,13,13,5,10,6,14,14,6,13,,10,,,11,4,1,3,1,1,2,7,7,11,5,13,12,9,12,9,14,4,2,6,8,9,13,10,14,2,2,2,3,2,2,4,10,12,7,8,13,13,1,1,,,13,12,,,11,2,13,8,11,1,1,1,1,1,6,11,12,11,11,1,1,1,2,2,5,11,12,1,,14,,,b'\x11\xe8\xe1I\xca\x9fmr\xaf\x82\x12\xdf\x17\xaeN\x1e'
11E8E149-CA9F-6D72-AF82-12DF17AE4E1E,2022-ncaa-d1-natl,ncaa,247,288,100,269,125,221,201,227,146,144,136,173,288,296,226,297,232,199,283,195,232,227,163,200,221,279,308,282,190,88,25,168,102,124,26,199,179,328,336,293,100,72,109,55,,,261,294,,,224,200,311,230,295,262,318,170,163,304,324,254,227,225,311,246,95,211,145,232,314,119,124,,227,,,223,140,75,106,118,57,56,164,232,264,141,303,285,275,281,279,332,126,130,163,195,183,333,273,314,87,102,21,25,28,26,194,303,179,147,192,308,302,55,34,,,249,285,,,224,147,247,154,227,87,41,35,24,20,208,243,263,250,260,45,32,71,7,10,158,213,279,32,,300,,,b'\x11\xe8\xe1I\xca\x9fmr\xaf\x82\x12\xdf\x17\xaeN\x1e'
11E8E149-CA9F-6D72-AF82-12DF17AE4E1E,2023-ncaa-d0-natl,ncaa,223,284,81,255,102,154,168,146,196,116,79,222,281,295,219,320,49,77,44,72,127,127,87,229,180,245,252,318,28,116,125,145,256,126,181,241,308,356,337,329,140,195,40,49,,,220,125,,,332,80,89,257,204,235,275,143,112,311,325,46,88,83,231,106,152,211,183,293,337,174,42,,160,,,322,344,349,316,321,328,276,301,352,321,350,285,207,194,228,190,122,312,293,334,330,343,248,311,49,300,256,179,125,243,181,360,354,194,288,359,348,325,334,306,,,148,266,,,332,275,248,350,322,344,346,318,299,231,350,315,166,144,141,294,272,263,101,169,360,241,328,323,,211,,,b'\x11\xe8\xe1I\xca\x9fmr\xaf\x82\x12\xdf\x17\xaeN\x1e'
11E8E149-CA9F-6D72-AF82-12DF17AE4E1E,2023-ncaa-d1-conf-Big Ten,ncaa,10,11,3,11,5,13,13,12,12,8,5,12,14,14,14,14,6,8,5,7,7,11,7,13,12,13,14,14,1,6,4,10,9,9,8,14,14,14,13,14,9,9,4,6,,,8,7,,,14,8,12,8,13,13,14,9,5,14,14,7,9,8,13,10,6,12,11,14,12,9,5,,7,,,14,12,13,10,13,10,7,13,13,11,13,11,4,4,5,4,2,10,8,13,12,14,6,12,1,10,9,6,4,8,8,13,14,11,11,14,13,11,14,12,,,10,12,,,14,6,13,14,14,11,12,10,11,5,13,11,4,3,3,7,3,8,6,6,13,11,11,13,,13,,,b'\x11\xe8\xe1I\xca\x9fmr\xaf\x82\x12\xdf\x17\xaeN\x1e'
11E8E149-CA9F-6D72-AF82-12DF17AE4E1E,2023-ncaa-d1-natl,ncaa,243,284,103,270,137,187,207,194,208,148,97,238,295,311,225,321,55,95,41,89,123,167,106,237,190,255,253,320,23,139,141,177,267,159,188,277,311,352,339,334,174,213,44,52,,,189,131,,,338,97,95,251,221,244,283,162,121,313,328,49,89,84,244,116,166,225,204,307,337,187,44,,166,,,333,343,347,303,326,324,257,313,350,312,352,285,190,176,238,173,120,297,275,341,336,348,248,312,48,281,267,145,141,213,188,360,354,230,298,359,343,330,331,312,,,180,267,,,338,254,260,353,332,347,348,319,312,232,352,315,173,149,148,300,267,271,108,176,360,255,334,326,,210,,,b'\x11\xe8\xe1I\xca\x9fmr\xaf\x82\x12\xdf\x17\xaeN\x1e'
11E8E149-CA9F-6D72-AF82-12DF17AE4E1E,2024-ncaa-d0-natl,ncaa,297,331,94,308,126,128,150,180,107,122,135,142,211,248,123,266,46,45,179,42,54,150,102,130,111,178,201,259,38,121,92,133,264,126,147,169,199,346,315,272,203,259,53,55,,,317,304,,,288,99,101,263,150,179,273,145,177,241,275,49,41,37,225,132,152,167,157,197,321,233,49,,310,,,283,338,326,290,299,297,257,273,326,292,325,224,306,314,118,319,277,302,276,314,298,330,265,250,199,308,264,110,92,206,147,352,347,225,305,350,274,227,253,233,,,81,112,,,288,258,174,340,284,332,317,279,277,229,324,273,279,286,294,301,260,281,59,138,350,275,245,238,,98,,,b'\x11\xe8\xe1I\xca\x9fmr\xaf\x82\x12\xdf\x17\xaeN\x1e'
11E8E149-CA9F-6D72-AF82-12DF17AE4E1E,2024-ncaa-d1-conf-Big Ten,ncaa,14,14,8,14,10,13,13,14,9,13,10,10,14,14,11,11,3,3,9,3,2,13,12,11,11,12,10,12,1,10,10,11,13,10,11,14,12,13,13,14,14,14,7,8,,,12,14,,,13,12,7,9,12,13,14,12,9,14,13,3,3,3,13,10,10,8,9,14,13,14,7,,13,,,13,10,11,7,14,13,7,11,7,5,11,4,9,12,1,12,11,9,6,13,12,13,3,5,8,9,13,3,10,5,11,13,13,13,13,14,8,12,3,6,,,7,6,,,13,3,12,13,13,13,14,9,14,9,9,5,12,12,12,11,9,12,3,9,14,13,11,3,,4,,,b'\x11\xe8\xe1I\xca\x9fmr\xaf\x82\x12\xdf\x17\xaeN\x1e'
11E8E149-CA9F-6D72-AF82-12DF17AE4E1E,2024-ncaa-d1-natl,ncaa,309,333,130,321,175,149,180,230,119,152,174,151,228,269,124,270,58,60,178,55,52,193,131,139,121,191,193,259,35,153,108,168,273,166,161,202,211,336,323,284,236,269,59,61,,,309,307,,,298,131,107,264,163,199,285,165,188,248,280,52,45,39,234,141,166,185,172,213,323,253,50,,312,,,295,333,320,271,307,287,236,289,325,276,330,224,298,306,128,311,281,284,249,320,308,340,258,249,197,291,273,79,108,168,161,353,350,265,314,353,251,235,244,244,,,100,107,,,298,229,183,348,296,339,323,286,296,233,327,275,287,296,301,307,261,291,65,152,353,291,248,247,,97,,,b'\x11\xe8\xe1I\xca\x9fmr\xaf\x82\x12\xdf\x17\xaeN\x1e'
11E8E149-CA9F-6D72-AF82-12DF17AE4E1E,2025-ncaa-d0-natl,genius_ncaa,203,279,54,239,71,92,75,47,190,57,35,210,184,166,220,271,92,54,308,58,195,43,45,216,228,173,269,257,182,26,75,77,306,39,194,179,326,212,80,193,116,194,46,63,,,321,203,,278,214,60,82,232,113,93,48,67,53,222,212,138,92,95,43,57,35,130,44,221,134,147,50,,257,,252,210,343,340,339,183,318,303,224,324,336,151,283,289,267,303,261,159,337,318,206,208,249,213,251,155,350,306,328,75,339,194,358,343,157,274,338,151,64,235,101,,,66,167,,211,214,307,136,289,203,307,305,335,274,256,299,330,235,200,196,334,308,331,281,315,347,216,99,187,,96,,240,b'\x11\xe8\xe1I\xca\x9fmr\xaf\x82\x12\xdf\x17\xaeN\x1e'
11E8E149-CA9F-6D72-AF82-12DF17AE4E1E,2025-ncaa-d1-conf-Big Ten,genius_ncaa,15,17,9,16,10,16,16,11,18,16,8,18,15,14,18,12,10,8,16,8,7,10,9,18,18,18,10,12,3,3,9,13,18,9,17,18,18,14,13,18,4,5,8,6,,,11,10,,16,16,10,8,5,17,18,10,15,8,16,14,7,6,6,9,6,2,15,8,18,16,4,8,,14,,16,16,15,13,12,10,11,7,15,16,18,5,18,9,10,3,10,14,12,13,12,11,10,12,15,6,18,18,17,9,17,17,18,17,7,7,12,9,12,14,12,,,8,11,,13,16,9,17,14,16,14,14,18,12,6,16,18,10,12,12,16,17,18,17,18,16,6,12,12,,8,,13,b'\x11\xe8\xe1I\xca\x9fmr\xaf\x82\x12\xdf\x17\xaeN\x1e'
11E8E149-CA9F-6D72-AF82-12DF17AE4E1E,2025-ncaa-d1-natl,genius_ncaa,222,279,72,254,88,109,89,61,196,66,46,216,202,190,221,269,110,67,309,69,196,58,63,222,235,187,264,259,176,31,80,99,314,50,210,201,331,176,87,202,132,206,51,66,,,305,208,,273,243,81,90,228,117,104,49,78,56,228,214,139,92,96,47,61,37,138,50,237,136,161,49,,265,,257,238,340,335,335,201,313,291,242,317,331,163,281,270,249,307,243,161,331,303,216,215,268,211,252,149,349,314,319,80,333,210,357,343,189,287,341,131,70,222,107,,,81,160,,217,243,286,143,309,231,314,309,338,282,257,302,332,240,205,199,336,308,335,292,318,348,232,102,191,,94,,242,b'\x11\xe8\xe1I\xca\x9fmr\xaf\x82\x12\xdf\x17\xaeN\x1e'
11E8E149-CA9F-6D72-AF82-12DF17AE4E1E,2026-ncaa-d0-natl,genius_ncaa,55,152,9,119,20,98,119,83,244,115,64,279,139,150,152,277,17,9,243,7,26,57,47,246,219,206,117,238,21,11,25,68,255,35,108,124,157,313,178,210,63,117,32,54,,,299,156,,345,144,65,338,97,235,278,302,253,200,253,288,53,28,28,218,246,41,216,103,239,160,135,56,,118,,300,152,294,282,322,72,267,317,61,275,284,178,155,265,288,85,286,171,321,319,78,76,100,204,204,194,345,255,258,25,315,108,262,149,88,195,144,211,92,310,220,,,8,22,,310,144,298,160,139,149,76,73,122,81,152,122,116,128,150,154,103,73,256,55,127,84,234,82,222,,49,,340,b'\x11\xe8\xe1I\xca\x9fmr\xaf\x82\x12\xdf\x17\xaeN\x1e'
11E8E149-CA9F-6D72-AF82-12DF17AE4E1E,2026-ncaa-d1-conf-Big Ten,genius_ncaa,10,10,1,10,3,18,18,11,18,15,3,18,18,18,18,18,16,12,16,12,16,12,8,18,18,18,17,18,5,3,10,15,17,11,17,18,17,12,14,17,9,9,5,8,,,10,12,,9,17,15,15,3,18,18,11,15,3,18,18,16,12,12,12,8,3,15,11,18,12,9,5,,10,,9,17,11,13,9,15,15,15,14,8,2,18,2,6,10,1,10,9,11,7,14,14,14,4,7,3,12,17,16,10,14,17,17,17,15,16,17,11,13,15,14,,,17,18,,2,17,5,18,15,17,11,13,9,15,15,8,2,6,10,10,11,7,12,16,14,17,15,11,15,,17,,2,b'\x11\xe8\xe1I\xca\x9fmr\xaf\x82\x12\xdf\x17\xaeN\x1e'
11E8E149-CA9F-6D72-AF82-12DF17AE4E1E,2026-ncaa-d1-natl,genius_ncaa,74,152,13,138,35,144,181,130,275,170,97,302,197,207,169,279,21,11,249,8,20,86,78,277,242,239,104,236,15,22,33,99,279,49,134,183,168,282,200,245,98,153,40,58,,,263,181,,338,190,110,342,100,263,310,326,292,217,267,295,55,32,32,254,268,53,243,132,276,173,173,63,,125,,307,195,256,242,299,97,229,298,80,256,251,204,157,236,265,102,261,179,297,291,108,106,139,202,201,182,338,279,215,33,289,134,237,155,144,236,193,169,97,298,245,,,10,19,,321,190,258,196,189,187,99,93,133,99,164,146,120,138,153,159,119,69,275,59,139,105,263,80,241,,42,,340,b'\x11\xe8\xe1I\xca\x9fmr\xaf\x82\x12\xdf\x17\xaeN\x1e'
11E8E149-CAA4-6F3E-AF82-12DF17AE4E1E,2010-ncaa-d0-natl,ncaa,108,62,241,93,278,52,55,21,216,83,50,218,56,43,156,114,90,69,198,69,188,25,37,203,209,123,114,100,216,14,88,113,237,45,186,87,212,59,8,45,39,72,149,189,,,317,262,,,83,54,3,283,7,11,1,31,9,33,21,37,28,28,1,2,1,32,3,38,124,19,135,,336,,,80,289,258,244,209,288,274,225,115,149,104,82,314,321,135,318,267,275,299,173,200,147,129,63,280,286,237,335,88,334,186,180,79,37,78,54,29,11,166,92,,,119,293,,,83,296,78,148,87,335,325,336,329,335,157,199,330,331,330,339,341,324,342,342,240,14,57,192,,41,,,b'\x11\xe8\xe1I\xca\xa4o>\xaf\x82\x12\xdf\x17\xaeN\x1e'
11E8E149-CAA4-6F3E-AF82-12DF17AE4E1E,2010-ncaa-d1-conf-Southland,ncaa,3,2,7,2,8,4,3,4,4,5,5,2,2,2,7,2,5,5,6,5,8,4,5,3,4,2,4,3,9,2,3,4,6,4,4,3,4,1,1,3,2,1,5,5,,,6,6,,,2,5,1,8,1,1,1,2,3,1,1,3,3,3,1,1,3,3,2,3,2,2,5,,8,,,2,5,6,5,7,6,5,8,3,8,4,7,4,4,5,4,4,5,6,7,7,3,2,5,4,6,6,6,3,7,4,4,2,3,4,2,1,1,2,3,,,9,10,,,2,7,1,3,2,9,10,9,9,8,5,9,6,5,4,8,10,8,10,10,5,1,1,4,,6,,,b'\x11\xe8\xe1I\xca\xa4o>\xaf\x82\x12\xdf\x17\xaeN\x1e'
11E8E149-CAA4-6F3E-AF82-12DF17AE4E1E,2010-ncaa-d1-natl,ncaa,114,62,276,94,310,54,59,23,220,90,53,224,60,47,155,113,98,75,199,76,190,27,39,206,212,124,113,100,213,15,90,121,243,49,191,92,212,47,8,46,41,74,156,192,,,315,262,,,87,59,3,285,7,11,1,32,9,33,20,37,29,29,1,2,1,32,3,38,124,20,135,,336,,,83,284,254,234,214,286,269,229,107,135,105,81,311,317,136,312,266,268,296,180,203,152,129,64,280,284,243,333,90,333,191,170,82,40,81,61,27,11,160,93,,,132,292,,,87,292,82,152,90,336,327,337,329,335,160,198,330,330,330,339,341,326,342,342,245,14,58,195,,43,,,b'\x11\xe8\xe1I\xca\xa4o>\xaf\x82\x12\xdf\x17\xaeN\x1e'
11E8E149-CAA4-6F3E-AF82-12DF17AE4E1E,2011-ncaa-d0-natl,ncaa,208,226,170,222,173,99,134,84,223,169,124,227,88,77,150,123,59,54,149,55,54,76,83,199,177,150,70,110,73,36,38,214,137,97,79,111,110,134,84,106,177,191,293,308,,,299,308,,,160,124,65,27,55,94,29,159,113,75,55,33,33,33,19,20,6,211,40,80,170,171,299,,322,,,160,260,238,128,313,288,219,298,78,51,236,28,315,319,157,319,300,188,204,295,305,275,97,41,289,111,137,208,38,165,79,171,101,122,127,140,174,124,258,222,,,106,179,,,160,222,102,249,158,295,272,159,302,259,90,51,314,317,322,239,264,124,238,192,195,98,188,263,,68,,,b'\x11\xe8\xe1I\xca\xa4o>\xaf\x82\x12\xdf\x17\xaeN\x1e'
11E8E149-CAA4-6F3E-AF82-12DF17AE4E1E,2011-ncaa-d1-conf-Southland,ncaa,6,6,5,6,5,6,6,3,9,8,3,10,5,6,5,7,8,6,10,7,8,4,4,8,8,7,5,5,7,1,1,10,3,1,3,4,3,5,4,3,5,5,9,8,,,9,10,,,6,9,6,7,3,4,2,6,3,5,5,7,3,3,2,4,1,9,2,3,6,5,9,,9,,,6,4,4,2,8,5,5,8,3,1,9,2,9,9,6,9,10,2,4,9,10,8,7,3,10,1,3,7,1,4,3,2,3,3,2,1,6,6,11,9,,,8,10,,,6,4,5,5,6,6,5,2,6,5,4,1,8,8,8,4,6,3,6,4,4,4,7,11,,7,,,b'\x11\xe8\xe1I\xca\xa4o>\xaf\x82\x12\xdf\x17\xaeN\x1e'
11E8E149-CAA4-6F3E-AF82-12DF17AE4E1E,2011-ncaa-d1-natl,ncaa,226,223,199,229,204,112,154,97,230,184,141,233,94,81,151,120,66,69,149,68,53,84,94,204,178,158,67,106,70,41,39,238,145,113,83,127,115,115,86,107,199,194,299,312,,,292,311,,,168,144,64,23,57,98,30,162,118,76,57,34,34,36,19,20,8,210,44,84,172,177,300,,325,,,168,248,224,105,317,275,203,302,69,43,237,28,312,313,162,314,299,160,176,298,306,285,94,39,289,93,145,190,39,138,83,160,98,143,134,148,156,126,253,228,,,121,179,,,168,200,107,258,166,299,277,162,307,263,91,48,317,318,322,240,265,130,240,193,197,102,194,266,,66,,,b'\x11\xe8\xe1I\xca\xa4o>\xaf\x82\x12\xdf\x17\xaeN\x1e'
11E8E149-CAA4-6F3E-AF82-12DF17AE4E1E,2012-ncaa-d0-natl,ncaa,73,54,120,70,145,119,146,149,171,211,233,177,50,63,74,72,118,84,265,90,31,133,123,127,132,146,42,52,147,111,119,155,149,126,130,116,97,223,198,162,197,207,125,103,,,310,319,,,120,135,152,209,124,158,160,240,260,47,58,125,76,80,140,129,111,169,128,117,209,214,125,,317,,,117,166,90,113,126,83,106,109,163,162,175,174,311,306,222,310,315,160,198,133,184,134,299,168,319,162,149,192,119,185,130,115,185,83,76,75,138,118,90,127,,,72,71,,,120,206,131,133,127,159,81,76,74,72,157,158,305,300,301,129,178,158,179,161,110,84,132,86,,62,,,b'\x11\xe8\xe1I\xca\xa4o>\xaf\x82\x12\xdf\x17\xaeN\x1e'
11E8E149-CAA4-6F3E-AF82-12DF17AE4E1E,2012-ncaa-d1-conf-Southland,ncaa,3,4,1,4,2,1,1,2,4,1,3,3,2,3,4,3,3,2,8,2,4,1,1,2,3,4,4,3,7,3,3,3,5,3,4,2,2,11,6,4,7,11,4,4,,,12,10,,,4,2,9,3,4,5,8,7,10,4,4,5,3,3,6,8,4,7,6,3,5,12,4,,8,,,4,9,8,11,4,6,9,2,11,11,10,8,12,12,12,12,11,11,11,5,6,8,12,11,11,7,5,10,3,10,4,9,9,2,6,5,6,5,5,5,,,3,5,,,4,11,4,6,4,6,3,4,2,2,9,9,9,8,8,4,3,5,3,3,3,6,5,3,,5,,,b'\x11\xe8\xe1I\xca\xa4o>\xaf\x82\x12\xdf\x17\xaeN\x1e'
11E8E149-CAA4-6F3E-AF82-12DF17AE4E1E,2012-ncaa-d1-natl,ncaa,50,54,55,59,76,95,123,87,188,184,195,193,38,35,85,64,78,51,254,54,31,68,61,143,144,158,36,48,140,52,85,112,153,63,118,81,86,278,199,157,163,204,111,105,,,329,321,,,111,70,157,227,126,167,154,252,262,45,50,116,76,81,126,113,80,197,115,107,219,207,128,,317,,,114,216,147,170,139,135,166,113,198,184,213,157,319,314,222,317,313,217,262,150,196,127,294,169,317,197,153,266,85,249,118,174,194,45,60,68,170,108,105,117,,,39,74,,,111,271,126,127,121,153,80,68,74,70,158,139,297,290,292,116,168,148,177,157,113,68,128,67,,57,,,b'\x11\xe8\xe1I\xca\xa4o>\xaf\x82\x12\xdf\x17\xaeN\x1e'
11E8E149-CAA4-6F3E-AF82-12DF17AE4E1E,2013-ncaa-d0-natl,ncaa,196,166,251,196,253,211,246,281,180,247,290,138,184,157,238,106,97,69,226,70,13,249,234,164,145,186,78,162,35,186,116,151,93,156,79,243,187,223,267,266,335,336,158,149,,,185,277,,,171,241,192,22,166,227,246,223,275,153,115,46,33,33,190,150,134,55,66,228,278,326,139,,261,,,171,104,83,101,138,108,146,123,104,96,166,106,220,252,58,247,253,127,82,124,126,199,192,127,257,89,93,66,116,61,79,67,91,296,290,206,153,192,112,201,,,91,20,,,171,86,174,186,180,191,161,188,183,232,141,142,264,283,283,229,165,140,141,128,113,277,200,152,,21,,,b'\x11\xe8\xe1I\xca\xa4o>\xaf\x82\x12\xdf\x17\xaeN\x1e'
11E8E149-CAA4-6F3E-AF82-12DF17AE4E1E,2013-ncaa-d1-conf-Southland,ncaa,6,6,2,6,2,5,5,6,5,7,9,3,5,5,7,5,2,2,7,2,1,5,3,5,6,7,4,6,4,5,5,2,2,2,3,4,2,10,9,7,9,10,2,2,,,8,4,,,5,2,5,1,6,7,9,7,9,5,5,3,2,3,8,4,6,2,2,4,9,10,2,,5,,,5,7,5,8,4,5,8,1,6,5,7,3,8,10,2,10,7,8,6,2,3,3,8,6,8,4,2,8,5,6,3,1,1,6,8,5,10,8,9,10,,,2,4,,,5,8,7,3,5,5,3,7,3,7,5,5,6,9,9,7,6,3,5,4,1,7,8,7,,3,,,b'\x11\xe8\xe1I\xca\xa4o>\xaf\x82\x12\xdf\x17\xaeN\x1e'
11E8E149-CAA4-6F3E-AF82-12DF17AE4E1E,2013-ncaa-d1-natl,ncaa,186,196,136,197,140,160,199,205,188,210,257,145,160,108,253,102,67,44,226,45,15,170,135,176,155,190,86,161,38,101,92,94,100,88,68,213,190,274,252,258,313,321,124,135,,,233,257,,,154,156,185,26,157,216,217,214,268,150,100,48,33,33,165,117,91,60,55,226,277,311,123,,245,,,154,176,151,196,136,195,220,130,103,119,118,95,243,270,56,265,229,216,178,114,111,177,140,102,246,158,100,120,92,134,68,82,72,240,268,165,199,186,161,204,,,51,27,,,154,181,169,157,163,176,157,191,193,245,109,122,248,274,272,226,175,150,137,135,96,249,201,165,,22,,,b'\x11\xe8\xe1I\xca\xa4o>\xaf\x82\x12\xdf\x17\xaeN\x1e'
11E8E149-CAA4-6F3E-AF82-12DF17AE4E1E,2014-ncaa-d0-natl,ncaa,78,105,28,100,36,78,86,80,113,87,107,114,111,113,132,159,66,99,106,100,142,75,61,111,100,145,145,154,151,35,27,46,132,33,34,97,163,321,257,215,219,259,27,37,,,266,187,,,66,74,253,152,159,162,214,172,210,149,161,134,172,177,216,183,73,101,64,164,261,267,33,,151,,,73,180,188,289,48,211,290,62,150,229,38,163,198,193,162,192,119,286,283,36,40,46,135,138,201,276,132,114,27,199,34,141,119,105,164,99,266,175,298,261,,,56,130,,,66,279,105,57,71,52,59,141,104,178,86,141,123,118,118,123,125,172,21,48,65,182,181,259,,155,,,b'\x11\xe8\xe1I\xca\xa4o>\xaf\x82\x12\xdf\x17\xaeN\x1e'
11E8E149-CAA4-6F3E-AF82-12DF17AE4E1E,2014-ncaa-d1-conf-Southland,ncaa,1,1,3,1,3,5,4,4,6,3,4,5,6,8,4,9,4,6,9,5,9,4,4,5,5,7,9,8,8,1,1,1,2,1,1,5,8,13,10,10,7,10,2,2,,,7,7,,,1,5,11,3,7,6,8,4,6,7,8,6,7,7,9,9,2,1,1,7,10,9,2,,6,,,1,4,4,10,1,5,8,2,5,11,1,11,5,6,4,6,3,8,8,1,1,1,7,7,7,5,2,3,1,4,1,4,5,5,5,4,10,8,13,11,,,4,7,,,1,10,4,1,1,2,2,6,1,5,3,9,3,4,4,4,3,3,1,2,2,6,9,11,,8,,,b'\x11\xe8\xe1I\xca\xa4o>\xaf\x82\x12\xdf\x17\xaeN\x1e'
11E8E149-CAA4-6F3E-AF82-12DF17AE4E1E,2014-ncaa-d1-natl,ncaa,52,105,9,88,10,39,44,43,113,62,65,111,90,94,125,160,41,54,116,58,123,42,26,109,97,136,145,159,131,20,25,25,124,16,33,71,175,338,254,218,188,255,20,33,,,293,154,,,54,32,229,158,140,159,202,159,205,146,159,115,151,155,199,159,65,93,53,164,262,257,31,,134,,,65,248,250,318,49,263,317,66,178,257,34,164,198,209,150,207,102,315,321,36,35,45,116,136,174,307,124,191,25,248,33,198,120,77,155,95,293,165,314,246,,,27,121,,,54,320,97,49,61,51,65,161,114,186,84,145,100,100,98,135,136,176,26,52,71,168,179,247,,123,,,b'\x11\xe8\xe1I\xca\xa4o>\xaf\x82\x12\xdf\x17\xaeN\x1e'
11E8E149-CAA4-6F3E-AF82-12DF17AE4E1E,2015-ncaa-d0-natl,ncaa,84,27,283,43,295,168,147,258,46,150,251,23,169,167,178,131,215,219,186,218,139,254,284,54,61,66,203,176,244,189,90,318,183,290,129,120,114,56,131,72,125,74,68,26,,,69,151,,,85,296,200,96,64,50,141,63,191,140,121,150,148,148,138,170,126,285,235,58,136,72,37,,133,,,77,63,53,24,244,59,47,205,107,55,308,132,195,173,253,175,266,25,42,240,261,194,230,163,267,38,183,25,90,22,129,100,210,157,76,107,82,144,14,20,,,190,76,,,85,51,52,175,76,165,129,56,138,101,171,100,257,242,243,74,121,92,88,73,164,86,152,20,,75,,,b'\x11\xe8\xe1I\xca\xa4o>\xaf\x82\x12\xdf\x17\xaeN\x1e'
11E8E149-CAA4-6F3E-AF82-12DF17AE4E1E,2015-ncaa-d1-conf-Southland,ncaa,1,1,3,1,4,5,3,6,1,3,6,1,6,6,7,6,8,6,9,6,7,5,6,2,2,3,9,6,10,7,7,6,2,7,5,2,2,4,3,1,5,4,2,1,,,2,1,,,2,7,10,4,3,2,4,4,7,6,6,8,7,7,4,9,8,6,6,1,4,4,1,,3,,,2,4,3,6,3,3,6,2,7,7,7,7,7,7,7,7,8,5,7,2,3,4,8,8,9,4,2,7,7,8,5,2,7,5,5,3,5,5,1,1,,,4,4,,,2,7,2,3,2,3,2,3,4,5,6,7,6,6,6,2,4,4,5,5,3,5,4,2,,3,,,b'\x11\xe8\xe1I\xca\xa4o>\xaf\x82\x12\xdf\x17\xaeN\x1e'
11E8E149-CAA4-6F3E-AF82-12DF17AE4E1E,2015-ncaa-d1-natl,ncaa,47,27,143,33,162,98,71,163,28,80,193,15,137,135,159,135,169,163,188,161,139,172,179,35,45,59,211,174,254,161,105,275,191,233,129,66,110,114,141,71,85,62,54,30,,,123,145,,,64,194,204,112,59,38,153,57,199,135,127,157,158,153,155,184,167,286,249,49,139,68,47,,130,,,59,125,106,67,226,111,106,208,143,105,267,142,236,224,248,222,257,76,140,232,249,170,216,158,259,98,191,57,105,54,129,148,212,101,70,97,125,139,15,15,,,104,69,,,64,153,46,145,58,152,118,54,131,91,156,105,242,228,225,67,121,99,65,61,154,79,138,18,,75,,,b'\x11\xe8\xe1I\xca\xa4o>\xaf\x82\x12\xdf\x17\xaeN\x1e'
11E8E149-CAA4-6F3E-AF82-12DF17AE4E1E,2016-ncaa-d0-natl,ncaa,164,87,321,143,330,244,232,327,55,246,312,68,183,229,54,149,249,245,237,245,110,322,322,62,66,115,157,141,202,308,213,340,255,340,246,213,134,113,256,170,106,33,302,260,,,241,345,,,147,318,171,162,130,125,250,151,244,128,170,180,164,164,239,217,263,313,320,121,241,34,285,,333,,,147,37,21,5,266,45,9,299,41,43,89,131,261,279,113,281,345,12,22,256,285,192,220,70,335,41,255,15,213,15,246,59,204,145,37,71,112,235,7,55,,,251,96,,,147,28,140,189,156,184,110,28,159,41,79,88,319,323,325,67,151,151,94,97,146,41,218,33,,124,,,b'\x11\xe8\xe1I\xca\xa4o>\xaf\x82\x12\xdf\x17\xaeN\x1e'
11E8E149-CAA4-6F3E-AF82-12DF17AE4E1E,2016-ncaa-d1-conf-Southland,ncaa,4,4,5,4,8,6,3,7,2,6,8,2,6,6,8,6,8,9,11,9,7,7,6,2,4,5,9,7,10,11,9,8,7,11,8,5,6,5,7,5,3,2,8,8,,,11,13,,,4,6,7,8,5,2,6,4,9,5,6,10,9,10,7,9,11,8,11,4,7,3,8,,12,,,4,7,4,5,4,6,4,9,4,5,2,5,11,10,10,10,13,6,7,5,6,3,7,5,13,7,7,7,9,7,8,5,7,2,3,2,7,7,2,2,,,10,11,,,4,8,6,4,4,4,3,4,4,3,5,5,10,10,10,5,6,6,6,5,5,3,7,2,,11,,,b'\x11\xe8\xe1I\xca\xa4o>\xaf\x82\x12\xdf\x17\xaeN\x1e'
11E8E149-CAA4-6F3E-AF82-12DF17AE4E1E,2016-ncaa-d1-natl,ncaa,153,87,303,127,319,200,191,302,48,207,283,55,158,201,52,151,222,219,208,219,118,299,301,51,55,99,161,146,213,289,204,337,254,337,242,177,140,134,241,153,62,20,294,263,,,293,345,,,128,292,164,168,118,116,234,126,238,126,161,174,164,166,229,217,258,318,318,109,227,23,286,,334,,,127,61,34,3,265,74,17,300,33,41,66,108,289,305,103,306,346,15,43,243,275,175,186,51,334,72,254,21,204,26,242,73,196,96,31,63,117,210,10,47,,,218,99,,,128,51,123,169,129,172,108,25,168,49,59,70,315,323,324,62,158,141,81,85,137,36,197,28,,127,,,b'\x11\xe8\xe1I\xca\xa4o>\xaf\x82\x12\xdf\x17\xaeN\x1e'
11E8E149-CAA4-6F3E-AF82-12DF17AE4E1E,2017-ncaa-d0-natl,ncaa,57,28,168,41,199,94,131,219,49,132,225,46,146,177,92,174,18,19,117,19,5,180,152,52,34,63,99,198,20,158,84,194,270,184,134,138,164,257,249,198,56,55,213,219,,,222,194,,,51,149,81,193,46,99,233,113,230,141,168,4,7,5,144,94,145,183,164,121,274,42,215,,241,,,47,115,111,152,113,123,162,103,149,150,185,164,186,207,98,203,203,158,212,114,109,59,216,190,213,256,270,42,84,92,134,74,100,49,34,27,263,251,126,164,,,32,12,,,51,199,61,74,50,136,123,166,129,172,169,172,192,220,219,176,289,278,53,127,94,30,269,143,,6,,,b'\x11\xe8\xe1I\xca\xa4o>\xaf\x82\x12\xdf\x17\xaeN\x1e'
11E8E149-CAA4-6F3E-AF82-12DF17AE4E1E,2017-ncaa-d1-conf-Southland,ncaa,2,4,1,4,1,1,1,3,2,2,6,1,5,7,7,9,1,1,7,1,3,2,1,2,2,3,7,8,5,4,4,1,7,1,5,1,7,11,8,6,3,3,6,8,,,9,5,,,4,1,5,4,2,3,8,4,6,6,7,2,2,2,6,6,5,3,4,3,8,4,8,,7,,,4,10,10,13,2,6,13,3,11,12,7,9,7,8,5,8,3,13,13,2,2,3,8,10,5,12,7,4,4,8,5,5,2,3,4,3,10,9,5,3,,,1,3,,,4,13,3,3,4,5,5,11,4,9,8,9,3,3,3,7,10,12,4,5,2,5,9,5,,2,,,b'\x11\xe8\xe1I\xca\xa4o>\xaf\x82\x12\xdf\x17\xaeN\x1e'
11E8E149-CAA4-6F3E-AF82-12DF17AE4E1E,2017-ncaa-d1-natl,ncaa,30,28,56,30,77,42,69,118,38,66,152,35,123,142,98,182,7,9,121,9,7,79,52,46,28,60,128,210,23,107,77,129,267,111,128,89,188,313,251,202,31,39,215,241,,,276,171,,,36,45,68,214,42,79,219,96,214,144,171,5,5,5,128,82,144,206,174,120,277,32,241,,226,,,35,210,191,245,122,163,230,92,235,216,241,186,221,231,103,229,185,247,309,131,136,54,239,232,193,304,267,94,77,192,128,144,132,16,24,23,299,245,134,128,,,12,13,,,36,302,60,65,44,133,121,141,105,142,203,175,169,188,186,147,288,267,46,102,103,22,266,109,,8,,,b'\x11\xe8\xe1I\xca\xa4o>\xaf\x82\x12\xdf\x17\xaeN\x1e'
11E8E149-CAA4-6F3E-AF82-12DF17AE4E1E,2018-ncaa-d0-natl,ncaa,72,16,295,39,302,190,257,308,147,310,336,77,93,86,153,42,36,51,65,55,2,279,283,102,63,86,15,74,15,221,116,318,264,307,185,125,9,143,238,129,90,43,266,237,,,93,187,,,58,293,166,93,84,204,260,291,330,66,44,5,10,12,182,140,148,301,258,60,247,48,248,,195,,,53,15,27,21,190,54,34,228,38,48,83,153,25,43,78,41,152,17,49,167,149,41,83,122,140,106,264,27,116,36,185,85,241,49,8,34,205,267,52,212,,,100,11,,,58,48,86,46,56,66,93,50,139,76,69,91,86,107,106,46,177,193,82,119,159,18,273,95,,10,,,b'\x11\xe8\xe1I\xca\xa4o>\xaf\x82\x12\xdf\x17\xaeN\x1e'
11E8E149-CAA4-6F3E-AF82-12DF17AE4E1E,2018-ncaa-d1-conf-Southland,ncaa,1,2,2,2,3,2,4,7,1,8,11,2,2,2,2,2,1,1,2,1,1,5,6,2,1,1,2,2,1,5,5,7,9,8,6,1,1,4,4,2,3,3,5,6,,,2,1,,,2,6,11,6,2,5,9,10,12,2,2,1,1,1,7,10,10,10,11,2,4,4,6,,2,,,2,4,8,7,10,9,7,11,4,5,4,7,1,1,7,1,1,7,7,8,7,3,2,7,1,9,9,3,5,5,6,8,5,2,2,3,4,5,2,6,,,1,2,,,2,8,1,4,2,3,5,4,7,6,4,3,1,1,1,3,2,6,3,3,5,3,4,2,,1,,,b'\x11\xe8\xe1I\xca\xa4o>\xaf\x82\x12\xdf\x17\xaeN\x1e'
11E8E149-CAA4-6F3E-AF82-12DF17AE4E1E,2018-ncaa-d1-natl,ncaa,35,16,97,27,108,60,125,164,100,193,285,49,55,41,139,49,8,10,83,10,2,107,87,73,49,68,26,91,20,97,79,209,247,167,148,44,10,247,205,97,23,23,223,215,,,195,146,,,19,95,121,142,49,140,201,232,312,64,48,4,7,9,117,93,105,262,197,26,230,22,230,,168,,,18,42,76,103,95,121,131,152,54,109,27,163,79,94,72,94,138,88,241,78,68,13,78,100,152,210,247,111,79,139,148,123,203,10,7,16,286,240,84,169,,,18,18,,,19,244,56,14,18,43,50,55,96,76,49,95,68,93,94,45,210,199,78,116,109,12,267,81,,11,,,b'\x11\xe8\xe1I\xca\xa4o>\xaf\x82\x12\xdf\x17\xaeN\x1e'
11E8E149-CAA4-6F3E-AF82-12DF17AE4E1E,2019-ncaa-d0-natl,ncaa,63,18,249,36,263,169,195,321,20,251,341,19,86,127,45,59,145,135,216,143,8,309,297,20,20,60,48,69,141,290,156,211,215,263,111,49,3,259,319,96,59,28,156,109,,,181,266,,,36,290,215,166,102,139,329,239,339,61,97,103,93,99,315,270,279,159,236,15,278,34,137,,255,,,28,10,9,54,20,26,62,59,28,107,4,203,107,115,148,112,202,51,91,15,21,10,162,97,263,190,215,3,156,23,111,15,99,79,35,13,271,313,81,235,,,133,27,,,36,67,83,14,25,21,20,77,50,88,38,154,149,155,151,70,180,253,12,46,34,44,293,114,,53,,,b'\x11\xe8\xe1I\xca\xa4o>\xaf\x82\x12\xdf\x17\xaeN\x1e'
11E8E149-CAA4-6F3E-AF82-12DF17AE4E1E,2019-ncaa-d1-conf-Southland,ncaa,2,2,4,2,4,6,5,12,1,7,13,2,3,3,1,3,8,9,9,10,2,12,12,2,2,2,5,3,10,12,8,5,6,9,3,2,1,6,11,2,6,4,4,4,,,4,6,,,2,12,12,3,5,4,13,6,12,3,4,8,8,9,13,13,12,3,10,1,7,6,4,,4,,,2,1,1,5,1,1,4,1,2,7,1,9,2,1,11,1,2,2,2,1,1,1,4,5,7,9,6,1,8,1,3,1,3,5,5,2,5,8,1,8,,,7,4,,,2,2,2,1,1,1,1,5,1,3,2,7,3,2,2,3,3,9,2,2,1,5,5,2,,10,,,b'\x11\xe8\xe1I\xca\xa4o>\xaf\x82\x12\xdf\x17\xaeN\x1e'
11E8E149-CAA4-6F3E-AF82-12DF17AE4E1E,2019-ncaa-d1-natl,ncaa,39,18,107,29,131,92,111,269,19,179,317,16,59,94,47,67,68,57,206,60,2,225,180,20,19,53,49,82,104,250,130,122,182,175,83,22,3,300,310,89,32,27,139,112,,,244,237,,,26,153,162,200,83,117,322,214,334,61,95,59,55,55,288,229,266,133,210,12,282,29,145,,235,,,24,35,34,154,16,55,128,51,74,227,9,241,149,154,162,142,190,150,223,17,23,11,208,157,250,248,182,8,130,47,83,35,100,44,36,11,311,315,106,223,,,48,21,,,26,214,71,10,23,26,22,100,39,79,71,198,145,142,134,89,211,232,11,40,34,43,298,99,,29,,,b'\x11\xe8\xe1I\xca\xa4o>\xaf\x82\x12\xdf\x17\xaeN\x1e'
11E8E149-CAA4-6F3E-AF82-12DF17AE4E1E,2020-ncaa-d0-natl,ncaa,66,23,336,30,344,252,248,343,43,228,332,14,211,193,231,100,257,225,286,224,40,339,341,45,56,83,181,168,193,234,93,305,153,302,88,115,25,87,220,87,78,21,170,119,,,26,154,,,31,344,242,273,121,113,276,123,293,151,111,163,109,110,245,245,154,181,169,33,200,26,118,,119,,,22,2,4,6,45,13,57,16,11,4,267,30,12,18,56,18,48,2,9,33,29,9,88,113,141,40,153,6,93,7,88,6,110,116,21,13,48,140,29,140,,,92,4,,,31,8,72,9,19,9,21,39,53,198,35,11,35,58,54,24,106,143,52,58,33,34,133,73,,10,,,b'\x11\xe8\xe1I\xca\xa4o>\xaf\x82\x12\xdf\x17\xaeN\x1e'
11E8E149-CAA4-6F3E-AF82-12DF17AE4E1E,2020-ncaa-d1-conf-Southland,ncaa,2,2,1,2,8,3,3,8,2,5,12,2,3,2,9,2,8,5,13,5,2,8,9,2,3,2,7,4,12,6,5,2,5,4,4,2,1,2,2,1,3,2,5,3,,,3,5,,,1,10,9,8,3,3,8,5,12,3,2,8,5,5,8,9,6,2,4,2,2,3,5,,3,,,1,1,1,4,1,2,7,1,4,3,8,4,2,2,3,2,1,2,4,1,1,1,8,11,2,5,5,5,5,5,4,1,6,3,1,1,1,1,3,7,,,3,1,,,1,4,2,1,1,1,1,4,2,7,4,3,2,2,2,2,4,5,5,5,1,3,1,3,,3,,,b'\x11\xe8\xe1I\xca\xa4o>\xaf\x82\x12\xdf\x17\xaeN\x1e'
11E8E149-CAA4-6F3E-AF82-12DF17AE4E1E,2020-ncaa-d1-natl,ncaa,36,23,257,28,302,141,122,269,36,127,294,11,150,117,230,95,212,144,294,140,50,260,264,37,55,75,194,168,240,156,86,194,116,188,67,45,25,156,195,73,28,14,125,112,,,62,103,,,18,292,204,273,86,74,222,92,277,130,95,173,109,108,201,185,125,144,114,23,194,21,112,,93,,,16,5,11,30,38,26,151,13,31,13,275,36,21,29,58,28,39,14,53,26,24,7,98,130,125,78,116,34,86,36,67,15,95,40,21,11,93,130,73,146,,,22,4,,,18,58,61,7,15,9,19,47,43,199,46,18,30,43,43,26,120,117,67,63,30,33,131,93,,10,,,b'\x11\xe8\xe1I\xca\xa4o>\xaf\x82\x12\xdf\x17\xaeN\x1e'
11E8E149-CAA4-6F3E-AF82-12DF17AE4E1E,2021-ncaa-d0-natl,ncaa,13,9,59,9,78,27,25,69,5,29,106,4,32,43,36,86,76,51,238,51,68,62,54,4,4,12,149,108,268,51,30,83,233,67,49,10,18,279,155,28,1,3,22,16,,,321,293,,,4,61,101,187,11,9,98,30,204,34,60,114,81,79,85,75,90,160,105,9,192,2,29,,295,,,2,109,93,178,8,122,230,6,58,93,12,33,259,303,12,305,283,205,280,3,6,1,169,33,338,299,233,136,30,204,49,79,91,1,2,1,244,135,141,84,,,31,70,,,4,277,9,1,2,3,2,20,16,111,7,18,204,268,268,41,250,251,14,59,8,1,166,65,,45,,,b'\x11\xe8\xe1I\xca\xa4o>\xaf\x82\x12\xdf\x17\xaeN\x1e'
11E8E149-CAA4-6F3E-AF82-12DF17AE4E1E,2021-ncaa-d1-conf-Southland,ncaa,1,1,4,1,6,1,1,2,1,2,7,1,1,1,1,2,5,4,5,4,4,4,4,1,1,1,4,2,13,3,2,5,7,4,2,1,1,4,2,1,1,1,1,1,,,9,9,,,1,4,4,12,1,1,1,2,9,1,2,6,7,7,2,2,3,5,1,1,2,1,1,,9,,,1,3,3,4,1,3,4,1,3,6,1,6,5,6,1,7,10,4,10,1,1,1,7,5,13,10,7,4,2,4,2,2,7,2,1,1,2,1,5,3,,,5,9,,,1,9,1,1,1,1,1,2,1,4,2,4,3,5,6,2,9,8,2,2,1,1,1,3,,6,,,b'\x11\xe8\xe1I\xca\xa4o>\xaf\x82\x12\xdf\x17\xaeN\x1e'
11E8E149-CAA4-6F3E-AF82-12DF17AE4E1E,2021-ncaa-d1-natl,ncaa,11,9,50,9,61,22,18,54,4,24,91,4,25,38,32,85,69,43,250,42,68,50,41,4,4,12,143,99,276,38,29,79,232,55,52,9,17,282,143,24,1,3,22,17,,,320,291,,,4,48,111,189,11,9,93,32,207,34,56,120,81,79,80,81,83,180,115,9,182,3,30,,290,,,2,111,94,187,6,121,240,5,66,104,21,37,273,310,14,309,282,207,292,4,7,1,200,42,338,301,232,144,29,211,52,85,95,1,2,1,236,108,137,76,,,23,74,,,4,293,6,1,2,3,2,16,12,100,9,18,202,265,267,27,239,244,13,48,7,2,143,57,,46,,,b'\x11\xe8\xe1I\xca\xa4o>\xaf\x82\x12\xdf\x17\xaeN\x1e'
11E8E149-CAA4-6F3E-AF82-12DF17AE4E1E,2021-ncaa-d1-ncaatournament,ncaa,33,2,33,33,33,54,54,41,59,52,45,57,43,45,45,24,46,49,9,49,43,40,47,57,58,54,18,20,17,32,22,34,35,34,23,37,5,5,16,16,61,61,33,22,,,28,58,,,24,56,64,1,54,54,13,51,27,30,20,34,41,39,18,30,10,2,5,20,12,61,13,,59,,,25,1,2,17,2,10,20,24,1,15,1,18,8,15,3,14,36,19,13,1,1,3,3,3,39,19,35,17,22,21,23,7,47,56,51,45,11,31,26,48,,,40,22,,,24,8,51,6,26,4,9,40,31,45,1,24,25,38,35,46,31,46,47,53,24,55,25,48,,18,,,b'\x11\xe8\xe1I\xca\xa4o>\xaf\x82\x12\xdf\x17\xaeN\x1e'
11E8E149-CAA4-6F3E-AF82-12DF17AE4E1E,2022-ncaa-d0-natl,ncaa,16,7,79,8,105,52,64,108,45,80,161,23,61,64,101,110,31,23,197,22,17,86,76,39,34,56,100,137,90,139,180,163,317,154,259,43,63,262,165,95,5,12,66,58,,,306,201,,,14,67,52,275,34,63,154,94,242,79,87,40,31,31,94,86,191,257,244,29,199,7,71,,263,,,12,96,75,191,27,78,202,19,138,174,117,146,217,243,90,252,232,206,309,26,37,4,255,190,282,338,317,231,180,303,259,118,189,3,3,3,209,127,83,72,,,18,23,,,14,290,57,5,13,31,20,71,30,112,101,106,159,190,208,88,311,314,153,242,64,2,164,48,,17,,,b'\x11\xe8\xe1I\xca\xa4o>\xaf\x82\x12\xdf\x17\xaeN\x1e'
11E8E149-CAA4-6F3E-AF82-12DF17AE4E1E,2022-ncaa-d1-conf-WAC,ncaa,1,1,2,1,7,2,2,5,2,3,7,2,5,5,4,6,2,2,8,2,1,4,5,2,2,3,6,5,7,6,6,6,13,7,9,3,6,10,6,4,1,2,2,1,,,6,4,,,1,4,3,12,2,2,8,4,9,5,6,2,2,2,6,6,5,7,10,2,8,1,3,,6,,,1,1,2,7,1,2,8,1,5,6,3,6,4,4,4,4,4,7,11,1,1,1,5,8,6,12,13,7,6,9,9,2,4,1,1,1,6,2,1,1,,,3,3,,,1,10,3,1,1,1,2,5,2,5,2,5,2,3,4,3,11,12,5,8,1,1,3,1,,3,,,b'\x11\xe8\xe1I\xca\xa4o>\xaf\x82\x12\xdf\x17\xaeN\x1e'
11E8E149-CAA4-6F3E-AF82-12DF17AE4E1E,2022-ncaa-d1-natl,ncaa,11,7,32,8,61,24,34,53,34,46,104,20,53,54,91,113,25,12,181,13,25,37,28,32,27,38,113,139,120,81,135,117,308,90,221,21,64,284,140,68,2,9,42,43,,,315,160,,,4,22,41,275,23,33,101,67,198,72,77,39,36,35,58,60,131,225,190,23,186,6,62,,243,,,2,125,102,237,21,103,252,10,151,179,118,129,222,246,109,257,203,250,338,21,20,2,242,176,266,344,308,273,135,331,221,137,196,1,1,2,234,108,88,50,,,8,38,,,4,335,36,4,5,18,16,81,26,132,89,91,140,157,176,86,315,304,143,234,64,2,155,42,,23,,,b'\x11\xe8\xe1I\xca\xa4o>\xaf\x82\x12\xdf\x17\xaeN\x1e'
11E8E149-CAA4-6F3E-AF82-12DF17AE4E1E,2022-ncaa-d1-ncaatournament,ncaa,37,2,37,37,38,49,52,47,56,61,60,55,30,33,34,8,43,47,13,44,16,47,45,44,42,41,4,6,22,34,11,61,40,48,33,44,27,13,24,35,44,29,56,55,,,29,67,,,46,53,20,5,36,44,16,60,51,5,6,21,29,25,19,16,11,61,34,33,27,26,55,,65,,,50,19,8,5,48,6,4,47,32,26,54,51,30,25,55,25,67,7,17,54,57,52,61,51,59,14,40,12,11,12,33,15,53,40,9,33,6,11,13,35,,,46,35,,,46,21,34,49,44,52,33,14,21,4,58,50,60,57,56,20,41,23,39,30,49,9,11,23,,28,,,b'\x11\xe8\xe1I\xca\xa4o>\xaf\x82\x12\xdf\x17\xaeN\x1e'
11E8E149-CAA4-6F3E-AF82-12DF17AE4E1E,2023-ncaa-d0-natl,ncaa,33,20,81,30,85,52,63,122,14,57,153,10,115,135,93,173,18,20,211,22,12,101,94,18,15,33,165,212,76,87,26,109,229,90,55,35,40,247,179,73,39,49,75,82,,,270,190,,,26,98,149,137,33,51,228,58,219,139,158,19,16,16,126,123,100,151,101,27,203,49,80,,226,,,20,182,163,254,57,147,262,52,171,188,153,137,250,255,118,265,218,255,290,64,66,37,231,183,256,301,229,37,26,112,55,197,212,44,64,53,244,188,65,59,,,24,20,,,26,273,27,49,19,91,77,161,92,204,128,138,206,220,232,180,269,264,6,49,140,54,192,38,,17,,,b'\x11\xe8\xe1I\xca\xa4o>\xaf\x82\x12\xdf\x17\xaeN\x1e'
11E8E149-CAA4-6F3E-AF82-12DF17AE4E1E,2023-ncaa-d1-conf-WAC,ncaa,2,2,4,2,6,2,3,8,1,5,7,2,6,6,4,7,2,2,9,2,1,7,7,2,2,1,7,8,3,4,2,4,11,4,2,2,3,9,8,3,4,5,2,2,,,7,4,,,1,9,6,8,2,3,8,5,6,6,7,2,2,2,7,6,4,5,6,2,11,4,2,,5,,,1,1,2,9,4,3,10,2,3,6,4,5,6,6,6,6,5,8,9,3,3,1,6,5,8,11,11,1,2,2,2,2,4,3,3,2,10,7,2,4,,,2,2,,,1,8,1,1,1,2,2,7,4,9,3,5,5,5,5,7,9,11,1,3,3,2,9,2,,2,,,b'\x11\xe8\xe1I\xca\xa4o>\xaf\x82\x12\xdf\x17\xaeN\x1e'
11E8E149-CAA4-6F3E-AF82-12DF17AE4E1E,2023-ncaa-d1-natl,ncaa,22,20,33,24,41,32,38,89,11,36,122,10,91,99,80,163,13,12,207,12,12,59,46,13,13,31,152,199,78,53,23,62,219,50,44,22,38,300,196,78,22,42,61,85,,,302,191,,,16,46,127,151,32,46,221,59,221,119,143,18,18,18,123,112,87,120,81,21,223,34,75,,228,,,16,215,203,293,50,188,316,33,195,192,186,106,260,267,113,272,188,308,328,48,48,28,224,173,245,326,219,55,23,160,44,226,215,25,63,49,281,195,65,50,,,18,26,,,16,326,22,38,11,81,75,172,92,235,121,122,193,211,217,184,274,265,6,42,146,52,214,30,,22,,,b'\x11\xe8\xe1I\xca\xa4o>\xaf\x82\x12\xdf\x17\xaeN\x1e'
11E8E149-CAA4-6F3E-AF82-12DF17AE4E1E,2024-ncaa-d0-natl,ncaa,86,82,94,90,97,66,87,73,124,91,139,78,81,51,209,96,32,50,80,49,56,61,58,116,99,91,107,158,83,108,184,63,164,71,168,48,57,233,126,79,56,85,77,124,,,251,121,,,123,54,42,35,46,70,50,93,182,88,54,31,45,46,42,44,132,56,58,41,182,64,87,,212,,,122,313,310,309,204,313,312,186,244,239,210,137,282,288,161,284,169,315,310,189,192,204,141,146,195,276,164,309,184,317,168,283,171,106,196,196,262,170,233,212,,,102,215,,,123,305,96,211,125,296,300,314,301,320,210,211,247,253,246,316,322,253,273,279,257,132,231,206,,127,,,b'\x11\xe8\xe1I\xca\xa4o>\xaf\x82\x12\xdf\x17\xaeN\x1e'
11E8E149-CAA4-6F3E-AF82-12DF17AE4E1E,2024-ncaa-d1-conf-WAC,ncaa,2,3,1,3,1,2,2,2,5,3,2,5,4,4,4,6,1,1,2,1,3,2,1,5,5,3,6,8,2,2,6,2,6,2,4,2,5,11,5,3,4,4,2,3,,,9,4,,,3,2,2,6,2,3,2,3,4,4,6,1,1,1,2,2,6,3,2,2,7,4,2,,6,,,3,11,11,10,5,11,11,3,5,5,6,2,8,9,4,8,4,10,10,4,4,3,2,2,5,10,6,9,6,10,4,7,3,2,4,3,7,5,9,4,,,1,3,,,3,10,3,3,3,7,7,8,9,10,4,3,5,6,6,8,10,6,6,6,3,3,7,7,,2,,,b'\x11\xe8\xe1I\xca\xa4o>\xaf\x82\x12\xdf\x17\xaeN\x1e'
11E8E149-CAA4-6F3E-AF82-12DF17AE4E1E,2024-ncaa-d1-natl,ncaa,76,83,38,82,39,26,42,29,102,53,94,57,58,33,207,97,21,32,81,32,59,25,21,107,88,81,120,162,91,71,152,46,170,36,153,31,58,243,100,63,26,57,70,129,,,284,119,,,84,22,34,37,27,46,36,74,158,81,50,31,41,41,29,31,113,59,50,34,169,44,96,,218,,,87,332,327,332,187,330,338,178,259,267,194,136,296,300,136,294,168,341,343,177,178,158,135,143,194,313,170,333,152,339,153,296,170,53,149,157,285,168,244,195,,,73,227,,,84,342,80,157,93,276,283,307,291,316,196,202,232,244,239,313,330,261,260,271,242,90,227,203,,126,,,b'\x11\xe8\xe1I\xca\xa4o>\xaf\x82\x12\xdf\x17\xaeN\x1e'
11E8E149-CAA4-6F3E-AF82-12DF17AE4E1E,2025-ncaa-d0-natl,genius_ncaa,24,18,54,21,64,46,64,125,27,144,291,11,18,20,35,27,20,22,117,23,2,91,60,15,9,48,14,44,85,183,174,35,220,57,109,60,107,351,301,180,34,65,120,218,,,213,44,,362,47,41,42,131,35,76,241,212,344,13,26,21,25,25,163,85,243,25,82,65,329,41,152,,123,,360,44,262,317,342,67,313,342,60,237,282,110,142,32,63,19,60,10,331,332,53,25,35,49,188,16,349,220,157,174,274,109,327,279,61,144,184,350,302,79,160,,,75,165,,359,47,323,63,58,47,166,251,348,267,346,176,221,22,35,35,321,335,322,56,180,291,83,318,51,,114,,361,b'\x11\xe8\xe1I\xca\xa4o>\xaf\x82\x12\xdf\x17\xaeN\x1e'
11E8E149-CAA4-6F3E-AF82-12DF17AE4E1E,2025-ncaa-d1-conf-Southland,genius_ncaa,2,2,1,2,1,1,1,1,1,3,12,1,1,1,1,1,1,1,1,1,1,1,1,1,1,1,1,2,5,7,5,1,7,2,5,1,3,12,9,3,3,5,1,6,,,8,2,,12,2,1,2,7,1,1,9,6,12,1,1,1,1,1,4,2,9,3,4,1,11,3,4,,4,,12,3,12,12,12,5,12,12,4,12,12,5,6,1,2,1,2,1,12,12,4,2,3,1,7,1,12,7,4,5,11,5,12,11,2,7,8,12,9,4,8,,,1,9,,12,2,12,1,4,3,8,9,12,9,12,8,11,1,1,1,11,10,11,2,5,12,7,9,4,,7,,12,b'\x11\xe8\xe1I\xca\xa4o>\xaf\x82\x12\xdf\x17\xaeN\x1e'
11E8E149-CAA4-6F3E-AF82-12DF17AE4E1E,2025-ncaa-d1-natl,genius_ncaa,14,18,25,19,30,24,48,67,28,110,254,14,10,11,29,22,14,14,125,14,3,51,25,13,11,36,12,29,113,118,132,18,204,24,77,41,95,352,265,153,28,65,105,220,,,224,38,,362,23,16,43,143,24,62,181,208,338,10,17,27,28,29,122,66,192,16,41,54,316,43,156,,102,,357,29,287,332,350,40,332,352,47,251,308,69,151,35,67,11,64,8,349,353,37,15,27,44,188,15,354,204,215,132,311,77,337,272,47,144,173,352,276,101,169,,,59,208,,359,23,345,50,39,27,126,230,347,251,346,162,227,17,31,29,318,335,323,59,179,277,88,312,55,,142,,361,b'\x11\xe8\xe1I\xca\xa4o>\xaf\x82\x12\xdf\x17\xaeN\x1e'
11E8E149-CAA4-6F3E-AF82-12DF17AE4E1E,2025-ncaa-d1-ncaatournament,genius_ncaa,37,2,37,37,38,56,56,59,56,60,58,58,42,40,47,9,49,53,15,53,41,58,40,53,52,61,10,12,30,42,28,62,64,57,56,50,33,38,66,63,60,61,61,65,,,4,1,,1,64,37,5,7,56,55,45,60,55,24,11,40,49,49,50,8,21,62,55,46,67,57,61,,4,,1,64,31,33,31,64,44,34,61,16,16,46,19,8,6,67,6,5,29,29,62,63,64,5,17,6,30,64,6,28,18,56,38,45,58,60,64,46,67,40,67,,,61,64,,32,64,28,61,65,65,67,68,67,68,68,36,33,16,6,6,65,63,60,31,53,66,50,68,65,,60,,15,b'\x11\xe8\xe1I\xca\xa4o>\xaf\x82\x12\xdf\x17\xaeN\x1e'
11E8E149-CAA4-6F3E-AF82-12DF17AE4E1E,2026-ncaa-d0-natl,genius_ncaa,163,39,327,95,334,296,288,329,99,281,344,40,252,244,243,59,295,300,189,301,89,328,325,96,99,166,159,140,200,343,258,309,288,329,245,177,7,118,318,152,246,155,216,228,,,31,62,,324,193,318,3,97,96,96,128,117,257,104,45,137,137,139,126,28,275,83,157,26,340,79,101,,191,,363,198,39,78,78,195,139,147,150,18,23,116,31,7,13,12,13,13,66,58,142,89,119,3,48,18,133,288,17,258,36,245,89,166,297,225,239,165,318,20,159,,,331,248,,344,193,49,205,152,190,294,343,362,350,363,97,125,57,109,103,360,361,337,163,289,311,103,339,124,,163,,318,b'\x11\xe8\xe1I\xca\xa4o>\xaf\x82\x12\xdf\x17\xaeN\x1e'
11E8E149-CAA4-6F3E-AF82-12DF17AE4E1E,2026-ncaa-d1-natl,genius_ncaa,110,39,271,67,286,227,202,247,131,192,301,40,163,104,298,43,306,310,207,313,236,258,242,126,141,190,209,128,315,283,249,210,254,249,219,85,12,211,274,129,88,67,105,140,,,59,39,,357,151,220,2,100,86,58,44,84,212,88,24,258,245,255,73,17,216,48,92,20,328,35,57,,156,,363,139,78,153,185,113,214,256,120,37,69,59,65,17,47,4,41,21,160,164,78,34,51,6,62,25,248,254,113,249,154,219,151,159,155,140,149,228,286,21,66,,,330,338,,349,151,150,215,73,141,235,311,360,333,359,91,156,45,119,111,356,362,335,259,325,278,51,321,49,,262,,333,b'\x11\xe8\xe1I\xca\xa4o>\xaf\x82\x12\xdf\x17\xaeN\x1e'
11E8E149-CAA8-D1AA-AF82-12DF17AE4E1E,2010-ncaa-d0-natl,ncaa,309,290,322,312,334,312,311,269,330,305,245,323,271,207,319,162,281,253,285,248,193,274,293,331,330,308,172,194,127,177,185,341,264,320,301,306,250,39,130,247,115,32,333,324,,,136,305,,,302,314,119,283,284,284,90,257,132,230,131,214,167,164,102,114,69,336,258,290,160,39,328,,290,,,308,84,35,6,321,39,4,324,135,90,263,236,279,206,341,204,328,7,27,326,341,297,295,184,321,27,264,172,185,89,301,108,257,143,25,97,96,198,130,188,,,301,232,,,302,34,297,272,307,276,175,33,154,30,227,195,329,305,306,82,184,105,325,280,243,33,218,200,,187,,,b'\x11\xe8\xe1I\xca\xa8\xd1\xaa\xaf\x82\x12\xdf\x17\xaeN\x1e'
11E8E149-CAA8-D1AA-AF82-12DF17AE4E1E,2010-ncaa-d1-natl,ncaa,298,289,276,300,310,296,286,192,328,273,187,323,238,171,312,160,268,232,286,228,230,198,230,327,329,303,180,180,166,104,146,336,236,270,271,291,231,68,114,229,89,34,329,316,,,205,308,,,300,274,134,285,278,274,81,249,125,219,128,237,185,183,96,107,46,332,229,276,146,41,326,,286,,,301,138,66,11,315,67,10,316,153,112,267,217,300,259,342,256,330,24,59,322,339,299,296,172,323,33,236,247,146,144,271,145,244,102,25,90,134,177,193,219,,,280,268,,,300,85,286,259,298,258,158,26,138,30,207,168,328,307,305,71,170,71,318,262,219,42,203,250,,221,,,b'\x11\xe8\xe1I\xca\xa8\xd1\xaa\xaf\x82\x12\xdf\x17\xaeN\x1e'
11E8E149-CAA8-D1AA-AF82-12DF17AE4E1E,2011-ncaa-d0-natl,ncaa,229,242,170,242,206,206,198,143,255,203,153,250,173,149,230,142,251,253,184,256,287,162,173,253,259,236,171,134,231,106,112,315,185,258,217,172,123,116,138,146,148,122,310,305,,,282,324,,,282,211,171,177,209,193,99,192,143,160,134,252,260,263,130,141,82,331,272,151,149,132,310,,304,,,280,250,212,48,339,249,71,340,107,91,216,131,310,274,337,277,305,81,112,337,341,330,149,69,291,38,185,186,112,98,217,198,181,132,84,166,109,119,223,206,,,225,254,,,282,152,211,308,273,282,244,54,274,72,111,101,307,277,282,88,118,40,225,132,220,107,131,232,,231,,,b'\x11\xe8\xe1I\xca\xa8\xd1\xaa\xaf\x82\x12\xdf\x17\xaeN\x1e'
11E8E149-CAA8-D1AA-AF82-12DF17AE4E1E,2011-ncaa-d1-natl,ncaa,242,240,199,247,238,230,221,163,261,218,166,252,183,156,229,137,260,265,180,269,288,190,203,255,260,235,168,131,226,118,116,326,187,275,219,188,130,97,143,153,165,128,316,311,,,266,327,,,290,247,172,168,215,201,100,200,148,161,133,250,263,265,134,145,85,333,271,157,149,140,314,,303,,,288,234,195,32,341,234,54,341,96,81,217,128,308,259,337,262,305,58,78,339,341,333,147,69,291,30,187,166,116,73,219,192,176,153,90,173,93,122,214,214,,,249,254,,,290,116,214,311,278,284,247,55,277,72,113,102,311,281,283,94,116,41,228,136,225,111,132,236,,230,,,b'\x11\xe8\xe1I\xca\xa8\xd1\xaa\xaf\x82\x12\xdf\x17\xaeN\x1e'
11E8E149-CAA8-D1AA-AF82-12DF17AE4E1E,2012-ncaa-d0-natl,ncaa,123,87,163,107,165,157,152,171,143,171,214,127,118,113,162,106,189,192,167,189,150,172,193,135,137,120,123,113,207,179,185,227,136,207,183,87,43,80,102,50,114,89,338,341,,,146,164,,,148,198,191,25,129,122,139,151,203,102,102,177,183,185,146,188,175,230,209,55,99,98,340,,164,,,148,157,168,108,250,139,85,249,247,211,268,260,94,89,178,89,149,95,146,269,257,199,211,275,87,95,136,162,185,128,183,151,147,98,64,104,116,147,105,126,,,148,100,,,148,161,117,165,140,194,206,125,165,88,256,224,114,107,108,117,169,111,198,156,179,71,140,116,,119,,,b'\x11\xe8\xe1I\xca\xa8\xd1\xaa\xaf\x82\x12\xdf\x17\xaeN\x1e'
11E8E149-CAA8-D1AA-AF82-12DF17AE4E1E,2012-ncaa-d1-natl,ncaa,128,86,196,109,202,180,178,205,150,190,241,133,125,124,168,105,201,204,166,205,148,206,235,138,142,120,119,107,201,202,189,255,142,238,189,97,42,67,105,55,131,95,340,340,,,121,169,,,156,234,194,26,136,128,145,158,208,102,103,183,188,189,154,197,183,237,214,57,101,103,340,,169,,,157,139,153,82,255,123,63,250,233,195,273,258,80,75,181,76,152,66,112,275,261,207,212,274,88,78,142,136,189,105,189,136,147,110,67,111,99,150,96,137,,,164,94,,,156,129,122,178,149,198,211,127,168,91,255,225,115,107,111,119,166,113,201,162,186,76,141,118,,117,,,b'\x11\xe8\xe1I\xca\xa8\xd1\xaa\xaf\x82\x12\xdf\x17\xaeN\x1e'
11E8E149-CAA8-D1AA-AF82-12DF17AE4E1E,2013-ncaa-d0-natl,ncaa,149,145,120,154,131,150,175,135,242,109,57,244,296,283,305,308,23,9,277,9,38,91,100,281,255,213,234,316,12,14,8,158,62,50,15,203,215,143,102,182,128,98,248,203,,,188,231,,,179,174,219,68,151,200,137,111,50,304,295,12,6,6,58,75,5,169,25,226,143,129,256,,180,,,178,234,185,135,240,65,36,223,332,310,329,323,203,185,247,186,290,142,147,294,304,282,336,335,171,45,62,91,8,53,15,288,325,184,156,270,153,120,327,281,,,30,21,,,179,176,129,249,177,218,166,93,58,14,332,311,207,175,179,100,105,43,72,47,288,186,143,321,,13,,,b'\x11\xe8\xe1I\xca\xa8\xd1\xaa\xaf\x82\x12\xdf\x17\xaeN\x1e'
11E8E149-CAA8-D1AA-AF82-12DF17AE4E1E,2013-ncaa-d1-conf-OVC,ncaa,6,6,2,6,2,4,4,2,9,1,1,9,11,11,11,12,1,1,10,1,3,2,1,12,11,9,10,12,1,1,1,6,4,1,1,5,7,10,6,7,2,3,7,6,,,12,11,,,7,3,9,1,5,5,4,2,1,12,11,1,1,1,1,1,1,9,2,5,8,3,7,,10,,,7,10,7,6,8,4,2,9,9,10,8,10,10,10,8,10,12,7,10,9,9,9,11,8,8,3,4,4,1,3,1,11,11,3,3,7,11,6,12,10,,,1,2,,,7,10,4,8,7,8,3,2,3,1,9,8,7,7,8,2,4,1,1,1,8,4,10,12,,1,,,b'\x11\xe8\xe1I\xca\xa8\xd1\xaa\xaf\x82\x12\xdf\x17\xaeN\x1e'
11E8E149-CAA8-D1AA-AF82-12DF17AE4E1E,2013-ncaa-d1-natl,ncaa,155,145,136,156,151,163,191,151,249,124,67,251,297,292,305,308,25,12,277,12,40,107,118,282,262,214,231,317,10,14,8,176,64,58,16,220,219,128,105,190,144,104,255,208,,,172,235,,,184,195,220,65,159,208,145,119,52,307,295,14,6,6,62,78,5,175,26,231,144,134,261,,182,,,183,219,167,107,246,55,25,227,330,307,328,323,197,171,251,174,289,113,115,299,307,287,335,334,169,42,64,68,8,40,16,280,325,198,163,274,142,123,325,284,,,34,20,,,184,156,138,256,184,225,175,94,61,14,331,310,208,179,182,102,103,44,72,47,289,190,145,322,,13,,,b'\x11\xe8\xe1I\xca\xa8\xd1\xaa\xaf\x82\x12\xdf\x17\xaeN\x1e'
11E8E149-CAA8-D1AA-AF82-12DF17AE4E1E,2014-ncaa-d0-natl,ncaa,239,246,180,252,239,214,228,247,173,130,144,170,327,314,329,313,98,74,263,73,77,208,181,244,222,248,301,331,33,105,69,194,242,141,113,266,278,244,260,291,182,186,147,93,,,295,329,,,273,213,166,270,207,221,242,111,103,324,313,56,40,38,184,143,87,154,100,269,279,170,136,,322,,,272,221,158,162,170,62,41,224,320,321,230,336,232,253,114,254,322,188,157,240,249,282,336,332,219,238,242,79,69,134,113,273,317,248,263,299,290,295,145,121,,,120,81,,,273,138,213,300,269,271,204,207,89,27,333,338,260,283,282,250,211,270,99,160,294,243,300,168,,72,,,b'\x11\xe8\xe1I\xca\xa8\xd1\xaa\xaf\x82\x12\xdf\x17\xaeN\x1e'
11E8E149-CAA8-D1AA-AF82-12DF17AE4E1E,2014-ncaa-d1-conf-OVC,ncaa,7,7,5,7,6,8,8,7,9,6,4,9,12,12,12,12,5,3,10,3,3,6,5,11,12,12,11,12,2,3,3,4,11,2,3,8,7,12,10,11,5,4,4,3,,,11,9,,,6,6,5,6,7,6,7,4,3,12,12,3,3,3,6,5,2,3,1,7,11,5,3,,12,,,7,4,4,8,1,3,4,7,11,12,3,12,3,8,1,8,9,8,9,1,1,2,11,11,5,12,11,4,3,8,3,11,10,7,9,10,11,10,6,7,,,5,8,,,6,7,11,3,7,3,6,10,2,3,11,12,5,6,7,10,9,12,3,9,11,6,11,8,,3,,,b'\x11\xe8\xe1I\xca\xa8\xd1\xaa\xaf\x82\x12\xdf\x17\xaeN\x1e'
11E8E149-CAA8-D1AA-AF82-12DF17AE4E1E,2014-ncaa-d1-natl,ncaa,252,244,211,254,288,238,245,271,176,147,159,170,329,317,329,311,113,84,264,81,75,235,213,253,226,253,298,328,33,126,71,218,251,169,116,283,281,225,263,293,197,190,157,95,,,281,328,,,278,248,169,273,214,227,246,115,103,323,313,59,41,39,189,146,88,161,106,275,275,173,138,,323,,,278,200,140,135,174,47,22,229,320,318,235,336,214,238,116,240,323,162,122,251,257,292,336,332,221,215,251,55,71,110,116,266,317,268,265,303,274,299,138,130,,,142,79,,,278,101,222,307,277,277,209,209,95,26,334,339,260,281,280,251,209,275,98,164,299,251,301,173,,73,,,b'\x11\xe8\xe1I\xca\xa8\xd1\xaa\xaf\x82\x12\xdf\x17\xaeN\x1e'
11E8E149-CAA8-D1AA-AF82-12DF17AE4E1E,2015-ncaa-d0-natl,ncaa,97,86,113,98,161,84,103,153,73,63,98,85,235,268,163,285,20,44,21,44,69,125,122,112,67,75,220,291,24,109,61,134,65,114,38,105,138,191,162,121,121,118,221,200,,,192,188,,,90,129,132,283,59,94,180,56,92,254,278,7,21,21,124,133,122,144,124,100,176,127,234,,170,,,90,217,235,197,233,169,102,266,302,307,191,313,112,139,66,141,191,184,183,261,232,218,247,292,87,81,65,54,61,54,38,287,279,172,183,250,176,156,228,183,,,87,109,,,90,212,62,193,98,193,224,169,147,63,295,307,103,119,124,145,126,61,38,32,272,192,168,220,,82,,,b'\x11\xe8\xe1I\xca\xa8\xd1\xaa\xaf\x82\x12\xdf\x17\xaeN\x1e'
11E8E149-CAA8-D1AA-AF82-12DF17AE4E1E,2015-ncaa-d1-conf-OVC,ncaa,3,2,3,3,4,3,3,4,2,3,2,2,7,10,5,11,2,4,1,4,3,3,3,2,2,2,7,11,2,2,1,5,3,4,1,3,3,8,6,5,3,3,9,10,,,4,3,,,2,4,8,11,2,3,10,2,4,8,11,2,2,2,8,7,2,6,5,3,5,3,10,,4,,,2,6,9,7,8,6,3,9,11,11,6,12,1,1,5,1,3,6,8,9,6,5,8,11,1,3,3,2,1,1,1,9,10,3,4,8,9,8,9,8,,,3,4,,,2,9,2,5,2,4,6,7,2,2,11,12,1,1,1,2,4,2,1,1,8,6,7,9,,5,,,b'\x11\xe8\xe1I\xca\xa8\xd1\xaa\xaf\x82\x12\xdf\x17\xaeN\x1e'
11E8E149-CAA8-D1AA-AF82-12DF17AE4E1E,2015-ncaa-d1-natl,ncaa,106,86,143,100,198,102,131,198,74,82,112,93,247,276,167,285,23,50,21,50,68,154,151,115,72,78,218,292,24,131,64,167,67,140,42,118,138,162,163,129,135,125,236,209,,,170,192,,,107,165,138,285,64,109,192,58,97,255,278,8,24,24,133,144,132,151,134,107,176,137,235,,171,,,103,195,210,167,243,141,79,271,298,299,199,312,96,119,67,119,194,148,143,268,239,235,246,295,88,59,67,32,64,28,42,282,280,198,191,257,162,162,215,187,,,110,102,,,107,173,68,213,112,208,233,172,156,64,296,305,104,120,125,150,124,61,39,32,277,201,177,228,,80,,,b'\x11\xe8\xe1I\xca\xa8\xd1\xaa\xaf\x82\x12\xdf\x17\xaeN\x1e'
11E8E149-CAA8-D1AA-AF82-12DF17AE4E1E,2016-ncaa-d0-natl,ncaa,119,111,114,121,133,71,86,100,76,58,48,128,214,268,66,310,8,6,129,6,48,75,90,112,82,69,207,289,21,94,103,203,280,149,189,156,280,128,61,135,88,109,245,261,,,244,181,,,178,95,65,126,43,68,92,49,41,224,275,4,4,4,36,58,99,253,166,171,110,86,250,,244,,,178,328,324,260,320,321,253,327,250,234,257,177,271,270,154,266,218,271,269,319,317,309,125,161,152,284,280,182,103,236,189,331,280,123,186,276,125,80,324,272,,,56,82,,,178,259,60,309,176,320,319,270,313,247,248,234,252,261,259,287,297,275,146,208,328,137,117,315,,42,,,b'\x11\xe8\xe1I\xca\xa8\xd1\xaa\xaf\x82\x12\xdf\x17\xaeN\x1e'
11E8E149-CAA8-D1AA-AF82-12DF17AE4E1E,2016-ncaa-d1-conf-OVC,ncaa,3,3,3,3,3,2,3,5,4,2,3,5,5,9,3,10,1,1,6,1,1,3,3,4,4,4,6,7,2,3,3,6,9,5,4,6,10,8,3,5,2,2,8,10,,,9,6,,,3,2,5,8,3,4,6,4,4,7,9,1,1,1,2,4,4,10,7,6,4,2,9,,6,,,3,9,10,8,10,12,10,12,6,6,6,6,7,7,4,7,6,10,11,10,8,8,1,4,5,8,9,5,3,5,4,11,8,2,3,9,6,4,11,9,,,1,3,,,3,11,3,9,3,9,10,6,11,8,6,5,6,7,6,8,8,7,3,4,10,3,5,10,,2,,,b'\x11\xe8\xe1I\xca\xa8\xd1\xaa\xaf\x82\x12\xdf\x17\xaeN\x1e'
11E8E149-CAA8-D1AA-AF82-12DF17AE4E1E,2016-ncaa-d1-natl,ncaa,134,111,142,128,162,87,103,131,81,69,58,136,227,278,70,308,11,11,127,12,45,89,117,120,89,73,207,287,19,113,113,238,287,182,202,186,284,96,64,144,105,115,257,264,,,226,187,,,191,121,67,117,44,71,95,50,45,224,275,4,4,5,40,62,104,259,174,182,111,90,254,,247,,,191,320,318,240,324,315,228,332,236,222,258,175,258,255,157,251,219,244,246,325,322,314,123,157,150,269,287,151,113,207,202,330,278,156,198,280,104,84,322,277,,,67,78,,,191,234,67,318,189,323,322,276,317,249,247,231,258,268,263,286,296,282,153,211,329,145,121,317,,40,,,b'\x11\xe8\xe1I\xca\xa8\xd1\xaa\xaf\x82\x12\xdf\x17\xaeN\x1e'
11E8E149-CAA8-D1AA-AF82-12DF17AE4E1E,2017-ncaa-d0-natl,ncaa,197,210,168,210,199,120,144,157,148,110,72,247,244,299,35,326,31,39,89,41,94,118,129,190,135,131,215,289,21,70,48,177,94,124,62,117,91,147,115,111,217,220,228,224,,,223,237,,,232,170,103,193,82,123,113,87,31,242,309,11,17,17,63,68,50,162,79,97,169,213,230,,243,,,230,301,294,209,322,219,124,319,322,297,319,306,191,166,276,152,179,198,171,332,333,333,271,299,115,67,94,84,48,64,62,329,309,237,245,322,93,79,267,181,,,106,95,,,232,192,93,318,223,322,317,252,255,121,326,311,198,173,163,244,203,89,108,91,333,242,101,272,,56,,,b'\x11\xe8\xe1I\xca\xa8\xd1\xaa\xaf\x82\x12\xdf\x17\xaeN\x1e'
11E8E149-CAA8-D1AA-AF82-12DF17AE4E1E,2017-ncaa-d1-conf-OVC,ncaa,3,3,3,3,4,4,6,6,7,4,2,11,11,12,8,12,1,1,2,1,3,3,3,10,6,7,7,12,1,1,1,3,4,2,2,5,4,10,7,8,5,4,7,7,,,8,7,,,4,5,7,7,7,10,8,4,2,12,12,1,1,1,3,4,1,3,2,7,9,5,8,,5,,,4,9,9,9,8,7,8,7,11,11,11,11,4,4,3,4,3,9,8,10,6,8,7,11,2,5,4,2,1,3,2,11,12,5,7,11,4,1,10,9,,,2,2,,,4,8,4,7,4,5,9,6,4,5,11,11,2,3,3,4,4,4,2,2,11,9,3,10,,1,,,b'\x11\xe8\xe1I\xca\xa8\xd1\xaa\xaf\x82\x12\xdf\x17\xaeN\x1e'
11E8E149-CAA8-D1AA-AF82-12DF17AE4E1E,2017-ncaa-d1-natl,ncaa,194,210,144,209,180,120,148,145,160,103,52,248,258,301,61,329,27,35,92,33,96,107,116,206,148,144,226,294,20,66,51,167,92,116,60,123,101,160,120,127,220,217,238,235,,,236,241,,,240,159,110,197,94,133,121,88,30,258,311,13,20,19,71,70,49,161,79,109,179,220,239,,243,,,240,313,297,213,322,225,118,321,317,294,316,300,199,175,290,166,178,207,171,333,334,334,272,296,126,63,92,100,51,69,60,330,309,237,248,325,89,73,272,187,,,92,97,,,240,201,103,319,233,321,314,246,253,118,324,303,207,178,168,237,192,81,108,88,332,244,98,280,,59,,,b'\x11\xe8\xe1I\xca\xa8\xd1\xaa\xaf\x82\x12\xdf\x17\xaeN\x1e'
11E8E149-CAA8-D1AA-AF82-12DF17AE4E1E,2018-ncaa-d0-natl,ncaa,136,162,73,157,94,125,169,166,181,123,90,218,255,268,201,294,22,16,162,16,32,116,103,226,169,180,199,294,14,125,158,95,75,94,103,109,54,237,195,147,237,259,151,130,,,314,313,,,157,101,174,231,178,224,253,148,130,287,298,15,19,19,179,173,158,121,127,133,190,260,179,,285,,,158,202,128,190,92,82,114,95,274,279,201,289,287,289,148,288,308,218,224,131,158,145,326,278,274,129,75,205,158,178,103,239,306,135,151,191,215,184,279,215,,,22,24,,,157,244,177,128,157,128,72,90,35,39,247,249,242,255,256,108,115,91,144,113,186,167,175,250,,28,,,b'\x11\xe8\xe1I\xca\xa8\xd1\xaa\xaf\x82\x12\xdf\x17\xaeN\x1e'
11E8E149-CAA8-D1AA-AF82-12DF17AE4E1E,2018-ncaa-d1-conf-OVC,ncaa,3,2,3,3,3,4,5,6,4,2,3,5,9,9,9,9,1,1,4,1,1,6,3,5,3,4,9,10,2,3,4,2,3,3,2,3,2,11,7,4,8,9,6,6,,,11,8,,,3,2,4,8,4,6,9,4,7,9,9,1,1,1,7,4,5,2,3,3,7,9,7,,8,,,3,7,5,9,3,2,6,3,10,11,3,12,8,9,6,9,9,10,10,3,3,3,11,12,8,6,3,4,4,5,2,7,9,4,7,5,10,8,7,4,,,1,1,,,3,11,4,3,3,4,3,6,2,2,9,11,6,7,7,7,7,5,3,2,6,6,9,4,,2,,,b'\x11\xe8\xe1I\xca\xa8\xd1\xaa\xaf\x82\x12\xdf\x17\xaeN\x1e'
11E8E149-CAA8-D1AA-AF82-12DF17AE4E1E,2018-ncaa-d1-natl,ncaa,150,162,97,169,119,153,201,203,198,146,112,227,275,291,205,292,25,23,159,23,33,146,140,233,179,194,194,290,14,147,164,113,81,125,116,130,57,214,202,154,256,267,167,135,,,300,314,,,180,132,184,223,192,249,260,163,134,290,298,17,21,20,187,180,167,128,138,140,194,267,182,,285,,,181,171,109,149,98,59,80,110,263,263,214,287,272,278,151,276,311,180,193,140,168,164,325,275,274,107,81,180,164,139,116,230,308,155,154,204,196,187,270,226,,,31,23,,,180,214,189,141,177,137,83,92,42,40,250,246,246,257,260,114,115,93,147,116,191,173,177,256,,33,,,b'\x11\xe8\xe1I\xca\xa8\xd1\xaa\xaf\x82\x12\xdf\x17\xaeN\x1e'
11E8E149-CAA8-D1AA-AF82-12DF17AE4E1E,2019-ncaa-d0-natl,ncaa,220,180,292,216,316,278,255,262,235,189,146,253,312,313,278,292,247,221,305,223,233,262,287,274,282,253,303,288,164,107,40,280,230,203,122,223,151,79,163,173,167,92,101,49,,,174,304,,,216,316,248,340,235,200,144,115,59,299,288,209,141,148,138,149,43,213,94,163,174,109,68,,280,,,218,59,27,34,110,42,33,186,51,116,29,207,294,273,300,271,330,55,37,103,172,199,270,91,337,125,230,49,40,54,122,123,287,299,227,241,92,176,81,74,,,286,248,,,216,32,216,224,225,173,92,99,113,77,96,192,323,311,312,157,123,228,134,172,190,248,189,129,,228,,,b'\x11\xe8\xe1I\xca\xa8\xd1\xaa\xaf\x82\x12\xdf\x17\xaeN\x1e'
11E8E149-CAA8-D1AA-AF82-12DF17AE4E1E,2019-ncaa-d1-conf-OVC,ncaa,8,6,9,8,11,9,7,9,8,5,4,9,11,10,8,10,10,9,12,9,7,9,9,9,9,9,9,10,7,3,1,9,6,7,2,6,6,10,10,7,6,6,5,3,,,7,10,,,9,12,8,8,8,6,5,4,3,11,10,9,5,6,6,4,2,8,4,6,11,6,3,,9,,,9,2,3,3,6,2,2,6,6,7,5,8,6,7,6,7,8,4,1,7,7,6,8,7,8,5,6,1,1,1,2,7,10,9,8,9,9,9,2,1,,,10,11,,,9,1,8,8,9,6,6,7,5,4,7,7,8,7,7,7,4,8,3,2,9,8,9,2,,9,,,b'\x11\xe8\xe1I\xca\xa8\xd1\xaa\xaf\x82\x12\xdf\x17\xaeN\x1e'
11E8E149-CAA8-D1AA-AF82-12DF17AE4E1E,2019-ncaa-d1-natl,ncaa,201,180,233,202,310,252,244,211,243,157,116,262,298,296,292,282,223,188,293,194,221,213,232,280,281,256,296,286,153,73,41,250,229,168,110,203,147,110,152,167,155,99,96,55,,,238,315,,,225,295,248,340,230,201,138,121,64,293,276,192,141,147,138,141,33,218,94,162,160,118,79,,286,,,225,105,58,61,124,72,54,183,85,148,49,202,311,296,297,299,329,92,63,124,192,223,282,106,334,155,229,73,41,86,110,170,304,281,242,262,104,146,84,67,,,269,259,,,225,46,216,242,232,184,104,95,111,82,111,188,326,314,316,161,115,209,137,167,216,262,162,113,,237,,,b'\x11\xe8\xe1I\xca\xa8\xd1\xaa\xaf\x82\x12\xdf\x17\xaeN\x1e'
11E8E149-CAA8-D1AA-AF82-12DF17AE4E1E,2020-ncaa-d0-natl,ncaa,333,329,260,336,274,315,293,235,318,209,147,289,324,285,346,271,293,218,340,202,200,232,177,335,340,341,314,305,178,65,73,322,314,232,224,262,162,312,319,306,72,47,257,238,,,261,303,,,327,223,109,97,307,274,149,175,80,322,268,279,161,144,144,44,30,319,177,240,335,39,244,,301,,,329,225,160,62,299,143,55,302,208,162,255,218,319,304,235,303,334,98,116,307,322,294,283,177,304,212,314,139,73,161,224,271,312,138,99,224,307,308,250,220,,,206,206,,,327,94,332,294,330,294,238,122,206,85,244,213,330,324,323,193,243,263,219,253,303,90,326,273,,131,,,b'\x11\xe8\xe1I\xca\xa8\xd1\xaa\xaf\x82\x12\xdf\x17\xaeN\x1e'
11E8E149-CAA8-D1AA-AF82-12DF17AE4E1E,2020-ncaa-d1-conf-OVC,ncaa,12,12,9,12,9,11,10,10,9,6,4,9,12,11,12,9,11,8,12,8,8,10,7,12,12,12,11,11,7,5,3,10,6,8,6,9,6,12,12,11,4,4,11,11,,,9,11,,,11,8,4,3,11,10,6,4,3,12,10,10,6,6,6,1,2,9,6,9,12,3,10,,11,,,11,6,6,2,9,6,2,9,5,4,11,5,9,9,4,9,9,3,3,9,10,10,9,5,8,4,6,4,3,2,6,7,11,6,5,7,12,12,8,9,,,9,9,,,11,3,12,10,11,10,9,5,9,6,6,4,11,11,11,6,9,6,6,5,10,6,12,10,,5,,,b'\x11\xe8\xe1I\xca\xa8\xd1\xaa\xaf\x82\x12\xdf\x17\xaeN\x1e'
11E8E149-CAA8-D1AA-AF82-12DF17AE4E1E,2020-ncaa-d1-natl,ncaa,341,329,326,341,330,334,327,283,323,244,179,300,329,299,347,270,304,239,340,225,202,281,225,339,343,343,310,306,176,81,78,336,317,274,233,288,165,304,323,310,91,58,268,244,,,247,303,,,331,278,114,92,313,284,159,189,81,327,273,278,166,147,155,48,36,323,194,252,335,47,249,,304,,,334,202,136,39,307,128,37,305,195,144,266,215,310,294,240,294,333,63,66,313,328,299,281,175,304,194,317,115,78,138,233,259,312,172,111,236,300,313,241,228,,,234,202,,,331,50,335,303,336,299,255,127,214,89,247,211,336,325,325,196,245,267,224,256,310,99,327,280,,135,,,b'\x11\xe8\xe1I\xca\xa8\xd1\xaa\xaf\x82\x12\xdf\x17\xaeN\x1e'
11E8E149-CAA8-D1AA-AF82-12DF17AE4E1E,2021-ncaa-d0-natl,ncaa,265,329,89,303,125,195,176,139,281,127,78,276,249,221,309,286,197,113,340,100,168,135,98,298,312,321,295,287,184,51,90,138,220,95,168,123,69,333,308,270,95,138,170,212,,,239,181,,,321,115,155,224,307,290,230,196,122,314,291,267,140,125,216,114,68,236,134,180,311,133,227,,194,,,302,249,260,229,263,240,212,257,273,249,269,234,172,194,100,195,159,222,229,279,263,214,206,240,84,245,220,260,90,255,168,297,286,70,106,212,335,322,280,201,,,118,191,,,321,226,314,218,302,207,226,151,185,118,252,216,108,128,129,133,169,189,206,203,276,102,325,242,,156,,,b'\x11\xe8\xe1I\xca\xa8\xd1\xaa\xaf\x82\x12\xdf\x17\xaeN\x1e'
11E8E149-CAA8-D1AA-AF82-12DF17AE4E1E,2021-ncaa-d1-conf-OVC,ncaa,11,11,6,11,6,11,10,8,10,9,4,11,12,11,11,10,10,6,12,3,7,8,5,11,11,11,11,12,6,2,5,7,8,6,10,8,2,12,11,10,6,6,10,10,,,9,9,,,11,7,2,3,11,10,6,9,2,12,10,10,5,4,6,1,2,8,4,8,12,6,10,,10,,,11,8,10,7,11,9,7,10,9,7,9,6,4,5,3,5,4,7,7,10,10,10,6,8,3,7,8,10,5,10,10,10,8,6,6,9,12,11,9,8,,,7,8,,,11,7,11,10,11,10,11,9,10,8,10,9,5,6,7,9,11,8,11,11,10,6,12,10,,6,,,b'\x11\xe8\xe1I\xca\xa8\xd1\xaa\xaf\x82\x12\xdf\x17\xaeN\x1e'
11E8E149-CAA8-D1AA-AF82-12DF17AE4E1E,2021-ncaa-d1-natl,ncaa,258,329,70,299,93,182,168,122,280,113,62,277,246,211,316,288,183,98,342,86,172,117,80,302,313,323,303,291,188,39,90,127,193,82,154,117,74,330,307,268,77,125,139,182,,,257,205,,,319,98,160,225,308,294,228,191,112,316,292,270,144,129,218,113,70,234,130,185,310,126,192,,198,,,301,262,269,239,257,245,217,247,277,251,275,227,191,206,112,209,160,227,253,275,261,207,206,238,91,237,193,268,90,263,154,302,275,58,99,190,334,320,278,189,,,102,180,,,319,247,315,203,303,192,210,135,170,108,244,197,112,130,128,112,157,155,210,192,262,95,326,231,,149,,,b'\x11\xe8\xe1I\xca\xa8\xd1\xaa\xaf\x82\x12\xdf\x17\xaeN\x1e'
11E8E149-CAA8-D1AA-AF82-12DF17AE4E1E,2022-ncaa-d0-natl,ncaa,199,245,79,227,105,74,83,74,154,55,34,202,202,227,163,305,22,15,172,16,94,55,25,196,167,215,240,280,45,37,62,238,257,140,192,49,53,353,288,202,16,28,204,251,,,332,257,,,269,30,10,275,75,90,50,52,33,243,262,25,21,26,24,10,44,337,218,41,337,15,230,,319,,,264,349,347,252,356,350,271,355,191,163,274,72,344,337,264,337,288,281,322,353,354,308,76,49,253,203,257,266,62,251,192,339,230,9,24,124,355,323,263,123,,,22,101,,,269,328,196,277,255,341,338,180,346,234,148,92,330,317,318,237,333,152,207,176,327,13,349,224,,21,,,b'\x11\xe8\xe1I\xca\xa8\xd1\xaa\xaf\x82\x12\xdf\x17\xaeN\x1e'
11E8E149-CAA8-D1AA-AF82-12DF17AE4E1E,2022-ncaa-d1-conf-OVC,ncaa,6,7,1,7,5,3,3,1,8,3,1,8,7,6,6,9,3,2,5,3,6,1,1,7,7,7,8,7,5,1,2,6,7,4,6,4,5,10,8,7,2,5,5,5,,,9,4,,,7,1,1,6,3,3,1,3,1,7,6,3,2,3,1,1,1,7,5,4,10,2,5,,8,,,7,10,10,9,10,10,8,10,7,9,6,7,9,9,10,9,4,10,10,10,9,8,3,3,5,7,7,9,2,8,6,10,7,2,2,5,10,10,8,3,,,1,6,,,7,10,7,7,7,9,9,8,10,7,6,7,7,7,7,9,10,6,9,8,9,2,10,8,,1,,,b'\x11\xe8\xe1I\xca\xa8\xd1\xaa\xaf\x82\x12\xdf\x17\xaeN\x1e'
11E8E149-CAA8-D1AA-AF82-12DF17AE4E1E,2022-ncaa-d1-natl,ncaa,219,245,100,241,137,91,102,91,166,69,41,218,219,246,169,304,29,20,169,23,93,68,33,210,172,231,236,277,42,48,67,276,268,174,207,59,55,349,296,208,20,33,220,262,,,326,262,,,282,34,10,275,83,99,60,61,36,246,265,24,21,27,30,12,44,339,236,47,339,21,234,,319,,,277,346,344,219,356,350,260,356,174,130,280,67,339,329,269,330,291,267,317,354,355,319,74,48,254,173,268,246,67,220,207,337,236,13,27,141,354,332,254,134,,,30,95,,,282,324,213,297,273,344,341,183,348,236,152,93,332,318,318,237,333,151,208,182,331,14,350,231,,18,,,b'\x11\xe8\xe1I\xca\xa8\xd1\xaa\xaf\x82\x12\xdf\x17\xaeN\x1e'
11E8E149-CAA8-D1AA-AF82-12DF17AE4E1E,2023-ncaa-d0-natl,ncaa,281,317,116,302,146,165,200,125,276,220,160,275,158,130,229,145,68,85,106,84,66,119,69,255,235,277,88,164,43,98,128,210,332,154,262,170,127,358,335,304,161,233,251,311,,,335,311,,,344,67,19,240,183,246,144,257,193,171,131,69,76,73,119,34,97,270,186,188,351,171,264,,341,,,337,348,354,294,356,361,331,355,91,108,100,24,330,341,81,341,270,321,314,335,337,338,11,8,235,336,332,247,128,304,262,349,238,120,214,301,360,355,262,260,,,69,141,,,344,297,278,349,334,355,357,323,361,357,73,84,328,341,343,345,347,326,233,294,347,129,360,267,,64,,,b'\x11\xe8\xe1I\xca\xa8\xd1\xaa\xaf\x82\x12\xdf\x17\xaeN\x1e'
11E8E149-CAA8-D1AA-AF82-12DF17AE4E1E,2023-ncaa-d1-conf-OVC,ncaa,5,6,2,6,2,2,2,2,6,6,4,8,3,3,2,5,1,1,5,1,2,1,1,6,4,4,3,5,3,1,2,3,8,1,5,2,5,10,8,5,6,7,6,8,,,9,8,,,8,1,1,5,2,4,1,6,5,4,4,1,2,2,1,1,2,3,3,3,8,6,7,,9,,,7,10,10,10,8,10,10,8,4,8,5,3,9,9,4,9,5,10,10,7,7,9,2,3,4,10,8,9,2,9,5,10,7,6,8,9,10,8,10,7,,,1,3,,,8,10,4,8,7,10,10,10,9,10,4,6,9,9,9,10,10,10,9,9,10,7,8,9,,1,,,b'\x11\xe8\xe1I\xca\xa8\xd1\xaa\xaf\x82\x12\xdf\x17\xaeN\x1e'
11E8E149-CAA8-D1AA-AF82-12DF17AE4E1E,2023-ncaa-d1-natl,ncaa,299,316,151,309,188,198,240,161,283,256,203,282,177,147,233,145,81,101,105,100,63,150,88,267,243,286,84,164,38,115,143,255,336,193,273,201,135,356,337,314,191,242,267,316,,,332,312,,,347,82,20,228,201,261,160,266,198,178,133,72,77,75,129,37,103,279,206,205,351,182,272,,342,,,344,347,353,278,358,361,328,356,76,89,108,25,323,337,89,337,274,310,302,342,343,342,11,8,235,329,336,214,143,283,273,346,243,150,222,312,360,356,257,270,,,92,132,,,347,282,285,350,342,356,358,326,361,357,79,85,332,343,344,346,345,330,235,296,349,139,360,276,,60,,,b'\x11\xe8\xe1I\xca\xa8\xd1\xaa\xaf\x82\x12\xdf\x17\xaeN\x1e'
11E8E149-CAA8-D1AA-AF82-12DF17AE4E1E,2024-ncaa-d0-natl,ncaa,341,348,196,346,241,165,221,195,256,309,274,293,68,88,58,69,73,108,15,116,49,181,155,183,138,183,8,44,37,235,258,214,318,227,304,136,47,290,278,210,280,322,228,264,,,307,314,,,329,137,43,263,137,221,186,322,275,49,69,38,86,92,152,92,227,204,236,113,307,286,220,,333,,,325,343,326,260,331,326,256,328,268,226,283,147,338,341,74,335,315,288,251,330,330,352,191,134,274,321,318,226,258,278,304,347,326,288,336,351,269,256,227,297,,,130,110,,,329,219,197,353,322,354,350,324,340,314,293,252,342,347,347,347,325,336,262,317,353,283,282,251,,76,,,b'\x11\xe8\xe1I\xca\xa8\xd1\xaa\xaf\x82\x12\xdf\x17\xaeN\x1e'
11E8E149-CAA8-D1AA-AF82-12DF17AE4E1E,2024-ncaa-d1-conf-OVC,ncaa,11,11,9,11,10,8,10,9,10,11,11,10,3,2,4,1,8,10,3,11,3,10,8,7,6,7,1,1,3,9,9,7,10,8,10,4,2,8,10,5,10,9,11,11,,,5,7,,,11,8,1,9,7,10,7,11,10,1,1,4,9,10,9,5,8,6,7,4,11,9,11,,9,,,11,10,9,6,9,9,6,10,5,7,6,6,10,11,5,11,8,6,4,9,8,11,5,4,7,9,10,6,9,7,10,10,10,11,11,11,9,10,9,10,,,9,9,,,11,4,9,11,11,11,11,9,11,9,8,8,11,11,11,10,8,11,8,11,11,11,10,10,,7,,,b'\x11\xe8\xe1I\xca\xa8\xd1\xaa\xaf\x82\x12\xdf\x17\xaeN\x1e'
11E8E149-CAA8-D1AA-AF82-12DF17AE4E1E,2024-ncaa-d1-natl,ncaa,345,350,194,350,238,148,227,205,242,320,288,296,50,80,39,67,62,101,16,107,41,194,157,157,117,164,8,41,39,245,265,219,322,235,308,127,40,293,273,198,286,326,205,239,,,324,317,,,316,128,49,264,125,226,198,330,284,40,67,37,78,83,161,96,241,203,237,97,304,280,199,,335,,,315,345,331,271,324,324,268,319,279,226,292,141,337,346,65,340,315,302,262,327,328,352,194,137,269,332,322,223,265,291,308,350,328,293,338,354,267,255,217,295,,,123,113,,,316,224,185,355,315,356,350,325,340,314,299,243,343,348,346,346,321,340,257,316,355,292,281,241,,78,,,b'\x11\xe8\xe1I\xca\xa8\xd1\xaa\xaf\x82\x12\xdf\x17\xaeN\x1e'
11E8E149-CAA8-D1AA-AF82-12DF17AE4E1E,2025-ncaa-d0-natl,genius_ncaa,332,313,335,332,340,297,299,278,293,346,338,313,89,91,111,25,339,325,320,321,182,291,301,225,262,263,16,6,312,243,239,289,267,283,290,245,118,105,219,207,324,317,351,350,,,191,306,,161,320,312,81,69,209,221,98,332,289,27,17,315,273,273,120,102,169,150,159,165,253,284,345,,332,,259,324,199,158,99,285,150,109,261,195,121,314,157,286,292,171,292,314,120,67,294,310,344,259,187,289,170,267,177,239,175,290,210,251,349,331,341,102,187,156,308,,,345,327,,271,320,52,261,345,322,347,326,310,305,285,300,259,347,343,343,338,300,291,335,328,326,306,210,262,,292,,231,b'\x11\xe8\xe1I\xca\xa8\xd1\xaa\xaf\x82\x12\xdf\x17\xaeN\x1e'
11E8E149-CAA8-D1AA-AF82-12DF17AE4E1E,2025-ncaa-d1-conf-OVC,genius_ncaa,10,10,9,10,9,9,10,5,9,11,11,10,1,1,5,1,11,11,10,11,10,10,10,7,8,8,2,1,11,9,10,7,8,8,9,6,3,3,6,5,10,10,11,11,,,2,5,,6,9,8,5,1,9,10,2,11,11,1,1,11,11,11,3,3,7,5,6,5,7,10,11,,7,,6,9,8,8,7,9,8,5,8,8,7,10,6,7,7,5,7,7,6,5,8,8,10,6,8,5,8,8,10,10,9,9,8,7,11,10,10,2,3,3,10,,,11,11,,8,9,4,8,11,9,10,10,10,9,8,10,9,8,9,9,11,10,10,11,10,10,10,3,7,,11,,8,b'\x11\xe8\xe1I\xca\xa8\xd1\xaa\xaf\x82\x12\xdf\x17\xaeN\x1e'
11E8E149-CAA8-D1AA-AF82-12DF17AE4E1E,2025-ncaa-d1-natl,genius_ncaa,331,312,341,330,344,302,302,278,290,341,336,308,87,90,119,32,341,328,321,326,199,297,301,223,263,264,23,9,322,252,251,287,280,287,296,233,107,127,233,216,317,306,341,345,,,215,313,,191,319,308,77,69,213,217,102,326,289,30,25,322,288,285,143,103,183,144,162,162,268,285,332,,334,,275,324,197,164,106,270,157,123,238,201,130,307,140,290,299,148,299,313,143,76,275,293,336,258,181,291,200,280,181,251,185,296,209,245,334,327,334,126,203,140,292,,,340,326,,256,319,58,271,339,321,347,318,309,299,295,293,253,346,344,345,342,304,305,335,330,316,291,226,241,,295,,217,b'\x11\xe8\xe1I\xca\xa8\xd1\xaa\xaf\x82\x12\xdf\x17\xaeN\x1e'
11E8E149-CAA8-D1AA-AF82-12DF17AE4E1E,2026-ncaa-d0-natl,genius_ncaa,212,80,327,171,334,340,345,338,308,349,342,299,285,295,233,118,315,297,323,289,69,335,347,299,303,264,70,103,116,296,173,314,94,316,131,329,161,10,123,191,359,342,306,278,,,39,313,,59,197,352,294,97,268,291,219,309,254,163,129,189,121,104,184,244,146,102,105,249,100,346,269,,249,,154,206,5,4,14,82,5,32,23,35,8,352,43,48,49,148,55,220,13,10,109,111,161,291,243,272,14,94,31,173,14,131,9,82,343,261,152,6,54,38,180,,,312,55,,241,197,11,241,147,209,102,71,103,61,236,176,39,212,229,241,116,53,104,232,168,54,290,47,138,,85,,157,b'\x11\xe8\xe1I\xca\xa8\xd1\xaa\xaf\x82\x12\xdf\x17\xaeN\x1e'
11E8E149-CAA8-D1AA-AF82-12DF17AE4E1E,2026-ncaa-d1-natl,genius_ncaa,163,80,271,145,286,295,305,308,255,321,321,250,228,237,183,138,200,153,327,147,25,296,323,231,239,214,73,123,71,234,160,258,107,263,127,280,161,31,104,160,314,252,310,295,,,49,198,,40,132,333,280,100,225,257,233,283,263,150,142,107,53,46,172,231,147,102,117,221,90,264,293,,135,,74,120,10,11,27,43,11,70,18,47,21,280,74,64,71,99,76,170,23,23,43,44,58,233,214,232,39,107,62,160,42,127,7,50,282,138,55,41,96,40,116,,,199,33,,245,132,30,193,56,117,40,35,87,44,194,105,53,126,144,150,84,74,120,180,145,23,180,81,83,,45,,216,b'\x11\xe8\xe1I\xca\xa8\xd1\xaa\xaf\x82\x12\xdf\x17\xaeN\x1e'
11E8E149-CAAD-3358-AF82-12DF17AE4E1E,2010-ncaa-d0-natl,ncaa,86,62,122,82,167,103,125,137,117,148,197,93,100,88,146,96,82,79,141,78,54,127,153,98,90,83,91,114,118,140,147,126,262,129,192,96,99,101,82,66,188,222,140,171,,,125,74,,,85,159,142,283,79,107,141,152,222,92,79,75,79,80,119,163,146,121,118,82,86,206,150,,111,,,89,171,205,252,90,225,276,86,130,159,105,114,151,147,206,142,77,235,229,80,72,104,102,117,152,300,262,187,147,248,192,155,116,171,204,170,181,167,145,168,,,100,83,,,85,194,71,141,82,155,185,270,212,292,110,147,146,142,131,243,244,299,182,253,139,181,166,141,,96,,,b'\x11\xe8\xe1I\xca\xad3X\xaf\x82\x12\xdf\x17\xaeN\x1e'
11E8E149-CAAD-3358-AF82-12DF17AE4E1E,2010-ncaa-d1-conf-C-USA,ncaa,5,2,7,3,11,6,10,12,5,11,12,4,6,4,5,3,4,4,2,4,2,10,11,3,2,4,1,4,1,10,6,7,9,10,6,7,6,5,9,6,10,8,3,2,,,1,2,,,4,10,7,10,4,9,10,10,11,3,3,2,3,3,9,10,8,4,9,6,8,8,3,,2,,,3,3,3,7,1,3,6,3,3,5,1,7,3,3,12,3,2,5,4,1,1,3,5,6,8,8,9,3,6,3,6,1,4,9,7,3,9,10,3,6,,,5,2,,,4,3,3,3,3,5,4,9,5,9,5,9,5,4,4,8,6,11,3,6,1,6,10,3,,2,,,b'\x11\xe8\xe1I\xca\xad3X\xaf\x82\x12\xdf\x17\xaeN\x1e'
11E8E149-CAAD-3358-AF82-12DF17AE4E1E,2010-ncaa-d1-conf-CUSA,ncaa,5,2,7,3,11,6,10,12,5,11,12,4,6,4,5,3,4,4,2,4,2,10,11,3,2,4,1,4,1,10,6,7,9,10,6,7,6,5,9,6,10,8,3,2,,,1,2,,,4,10,7,10,4,9,10,10,11,3,3,2,3,3,9,10,8,4,9,6,8,8,3,,2,,,3,3,3,7,1,3,6,3,3,5,1,7,3,3,12,3,2,5,4,1,1,3,5,6,8,8,9,3,6,3,6,1,4,9,7,3,9,10,3,6,,,5,2,,,4,3,3,3,3,5,4,9,5,9,5,9,5,4,4,8,6,11,3,6,1,6,10,3,,2,,,b'\x11\xe8\xe1I\xca\xad3X\xaf\x82\x12\xdf\x17\xaeN\x1e'
11E8E149-CAAD-3358-AF82-12DF17AE4E1E,2010-ncaa-d1-natl,ncaa,89,62,134,82,181,110,136,152,118,160,204,96,102,96,149,96,89,84,140,84,53,140,166,99,92,87,90,114,116,151,151,136,267,143,196,101,102,88,83,69,208,227,145,173,,,112,76,,,90,176,143,285,80,113,145,157,224,93,81,76,80,81,121,163,147,123,125,83,90,210,153,,110,,,91,158,193,244,98,218,270,91,122,146,106,113,146,136,210,132,77,225,211,83,78,112,104,117,153,297,267,169,151,234,196,150,119,191,214,176,166,169,140,173,,,112,83,,,90,179,75,146,84,159,191,272,217,293,112,143,147,142,133,244,243,300,186,258,145,188,168,143,,96,,,b'\x11\xe8\xe1I\xca\xad3X\xaf\x82\x12\xdf\x17\xaeN\x1e'
11E8E149-CAAD-3358-AF82-12DF17AE4E1E,2011-ncaa-d0-natl,ncaa,181,175,170,184,173,135,153,168,135,155,156,168,143,179,64,194,101,129,105,129,117,154,159,130,115,126,132,150,121,160,136,220,325,194,259,112,88,149,162,115,233,259,201,216,,,214,192,,,159,163,161,27,101,126,142,147,145,127,177,83,101,104,119,116,145,216,179,84,190,231,198,,242,,,159,205,190,227,134,192,213,158,159,204,91,183,222,254,79,253,229,239,217,132,133,172,177,150,216,323,325,123,136,248,259,203,211,199,242,223,222,228,228,214,,,98,78,,,159,169,117,241,165,235,215,264,223,251,175,233,247,264,266,285,281,332,144,277,222,188,239,237,,57,,,b'\x11\xe8\xe1I\xca\xad3X\xaf\x82\x12\xdf\x17\xaeN\x1e'
11E8E149-CAAD-3358-AF82-12DF17AE4E1E,2011-ncaa-d1-conf-C-USA,ncaa,9,7,8,9,11,7,8,11,4,8,9,4,6,5,3,5,7,8,5,8,5,10,9,4,5,6,4,4,4,9,7,10,11,11,11,6,5,5,7,4,10,8,8,9,,,3,6,,,9,8,7,9,7,8,8,7,9,4,5,5,6,7,8,9,8,10,10,5,6,9,8,,6,,,9,5,4,6,9,6,6,9,6,6,2,6,5,5,10,5,6,6,5,8,6,9,6,5,7,9,11,1,7,4,11,8,9,10,11,11,10,11,9,9,,,8,6,,,9,3,6,10,9,9,8,8,8,9,6,8,7,7,7,9,8,11,5,7,9,10,11,9,,6,,,b'\x11\xe8\xe1I\xca\xad3X\xaf\x82\x12\xdf\x17\xaeN\x1e'
11E8E149-CAAD-3358-AF82-12DF17AE4E1E,2011-ncaa-d1-conf-CUSA,ncaa,9,7,8,9,11,7,8,11,4,8,9,4,6,5,3,5,7,8,5,8,5,10,9,4,5,6,4,4,4,9,7,10,11,11,11,6,5,5,7,4,10,8,8,9,,,3,6,,,9,8,7,9,7,8,8,7,9,4,5,5,6,7,8,9,8,10,10,5,6,9,8,,6,,,9,5,4,6,9,6,6,9,6,6,2,6,5,5,10,5,6,6,5,8,6,9,6,5,7,9,11,1,7,4,11,8,9,10,11,11,10,11,9,9,,,8,6,,,9,3,6,10,9,9,8,8,8,9,6,8,7,7,7,9,8,11,5,7,9,10,11,9,,6,,,b'\x11\xe8\xe1I\xca\xad3X\xaf\x82\x12\xdf\x17\xaeN\x1e'
11E8E149-CAAD-3358-AF82-12DF17AE4E1E,2011-ncaa-d1-natl,ncaa,188,172,199,188,204,151,175,195,141,174,169,176,149,192,68,191,111,141,107,141,118,180,187,137,120,128,129,147,116,176,141,243,327,221,265,128,91,133,163,117,249,263,211,219,,,198,196,,,166,195,162,23,104,135,144,153,150,126,176,83,101,106,122,120,149,218,189,88,190,237,203,,243,,,166,189,173,206,138,180,195,162,151,190,93,182,211,241,84,236,228,220,192,135,135,183,174,150,215,320,327,97,141,233,265,196,210,224,247,229,210,232,220,222,,,115,73,,,166,136,123,247,173,241,219,266,227,256,177,233,249,265,265,290,282,332,145,283,229,198,243,241,,56,,,b'\x11\xe8\xe1I\xca\xad3X\xaf\x82\x12\xdf\x17\xaeN\x1e'
11E8E149-CAAD-3358-AF82-12DF17AE4E1E,2012-ncaa-d0-natl,ncaa,171,202,120,193,154,196,182,186,178,142,125,212,245,260,172,260,161,152,208,162,208,181,162,216,212,231,244,250,134,137,122,192,241,169,168,122,69,247,246,171,141,143,240,263,,,150,123,,,166,172,198,262,224,206,218,143,139,258,271,184,169,183,222,206,145,232,187,121,232,145,247,,125,,,167,133,152,161,174,188,222,110,94,62,243,51,112,186,10,183,157,166,187,151,114,90,84,99,134,227,241,136,122,182,168,174,195,118,97,128,264,261,245,217,,,116,114,,,166,174,213,117,165,112,145,119,174,224,95,51,113,185,181,132,159,222,121,158,165,113,249,235,,130,,,b'\x11\xe8\xe1I\xca\xad3X\xaf\x82\x12\xdf\x17\xaeN\x1e'
11E8E149-CAAD-3358-AF82-12DF17AE4E1E,2012-ncaa-d1-conf-C-USA,ncaa,7,9,3,9,5,5,4,5,5,5,4,5,6,7,3,8,11,11,4,11,12,7,8,5,4,4,10,6,11,5,5,9,7,7,7,5,4,3,5,4,11,10,9,9,,,3,2,,,8,8,10,7,6,4,5,4,4,7,9,11,11,11,8,11,6,10,8,5,3,11,10,,2,,,8,8,7,5,10,8,6,9,4,3,8,3,8,8,7,8,9,6,5,10,9,10,4,4,7,7,7,2,5,5,7,5,3,10,10,10,7,8,12,11,,,12,12,,,8,5,4,9,8,8,7,3,8,6,5,3,8,9,9,5,2,7,3,4,4,10,7,12,,12,,,b'\x11\xe8\xe1I\xca\xad3X\xaf\x82\x12\xdf\x17\xaeN\x1e'
11E8E149-CAAD-3358-AF82-12DF17AE4E1E,2012-ncaa-d1-conf-CUSA,ncaa,7,9,3,9,5,5,4,5,5,5,4,5,6,7,3,8,11,11,4,11,12,7,8,5,4,4,10,6,11,5,5,9,7,7,7,5,4,3,5,4,11,10,9,9,,,3,2,,,8,8,10,7,6,4,5,4,4,7,9,11,11,11,8,11,6,10,8,5,3,11,10,,2,,,8,8,7,5,10,8,6,9,4,3,8,3,8,8,7,8,9,6,5,10,9,10,4,4,7,7,7,2,5,5,7,5,3,10,10,10,7,8,12,11,,,12,12,,,8,5,4,9,8,8,7,3,8,6,5,3,8,9,9,5,2,7,3,4,4,10,7,12,,12,,,b'\x11\xe8\xe1I\xca\xad3X\xaf\x82\x12\xdf\x17\xaeN\x1e'
11E8E149-CAAD-3358-AF82-12DF17AE4E1E,2012-ncaa-d1-natl,ncaa,186,201,137,201,181,214,204,215,183,157,142,222,255,270,175,260,172,167,208,174,209,211,193,226,214,237,242,250,133,156,127,222,244,197,178,139,73,225,251,177,159,147,251,264,,,125,121,,,177,205,200,262,227,216,226,148,143,256,271,190,171,185,228,212,155,241,196,126,233,150,250,,128,,,178,113,134,131,184,178,205,119,86,51,246,52,103,172,9,170,159,136,155,161,120,99,82,103,133,208,244,116,127,165,178,162,196,129,104,134,252,263,236,224,,,139,106,,,177,143,220,128,175,118,150,122,183,228,98,49,113,189,188,134,159,226,121,164,171,118,253,240,,132,,,b'\x11\xe8\xe1I\xca\xad3X\xaf\x82\x12\xdf\x17\xaeN\x1e'
11E8E149-CAAD-3358-AF82-12DF17AE4E1E,2013-ncaa-d0-natl,ncaa,72,54,120,62,129,81,105,93,123,113,81,208,96,181,13,223,51,42,194,43,75,81,103,117,110,78,114,154,97,68,97,197,276,136,187,82,100,84,60,56,46,47,203,224,,,243,205,,,71,124,124,64,49,80,73,112,85,97,190,38,32,32,43,79,59,234,137,64,85,41,211,,241,,,64,197,219,206,209,262,223,251,84,159,31,128,155,178,91,179,151,206,247,170,158,98,47,64,156,259,276,214,97,245,187,97,48,66,71,48,124,90,241,179,,,99,148,,,71,226,61,120,68,177,215,186,264,226,73,152,156,168,177,185,247,249,201,238,96,61,126,239,,93,,,b'\x11\xe8\xe1I\xca\xad3X\xaf\x82\x12\xdf\x17\xaeN\x1e'
11E8E149-CAAD-3358-AF82-12DF17AE4E1E,2013-ncaa-d1-conf-C-USA,ncaa,1,1,6,1,6,4,6,8,2,7,7,9,4,7,1,6,5,6,1,6,6,8,8,1,1,1,2,3,7,6,2,10,9,9,6,1,2,3,6,2,5,4,11,11,,,7,9,,,2,8,8,1,1,1,5,3,3,2,5,3,6,6,4,3,3,9,8,1,6,4,11,,9,,,2,6,7,5,10,9,5,11,3,5,1,5,5,5,4,4,6,5,5,8,7,6,1,2,6,7,9,2,2,4,6,4,4,7,5,4,4,5,7,9,,,9,8,,,2,5,1,8,2,9,9,8,11,9,3,5,6,7,6,7,9,8,2,7,6,5,6,9,,9,,,b'\x11\xe8\xe1I\xca\xad3X\xaf\x82\x12\xdf\x17\xaeN\x1e'
11E8E149-CAAD-3358-AF82-12DF17AE4E1E,2013-ncaa-d1-conf-CUSA,ncaa,1,1,6,1,6,4,6,8,2,7,7,9,4,7,1,6,5,6,1,6,6,8,8,1,1,1,2,3,7,6,2,10,9,9,6,1,2,3,6,2,5,4,11,11,,,7,9,,,2,8,8,1,1,1,5,3,3,2,5,3,6,6,4,3,3,9,8,1,6,4,11,,9,,,2,6,7,5,10,9,5,11,3,5,1,5,5,5,4,4,6,5,5,8,7,6,1,2,6,7,9,2,2,4,6,4,4,7,5,4,4,5,7,9,,,9,8,,,2,5,1,8,2,9,9,8,11,9,3,5,6,7,6,7,9,8,2,7,6,5,6,9,,9,,,b'\x11\xe8\xe1I\xca\xad3X\xaf\x82\x12\xdf\x17\xaeN\x1e'
11E8E149-CAAD-3358-AF82-12DF17AE4E1E,2013-ncaa-d1-natl,ncaa,77,54,136,68,148,93,114,108,127,126,98,212,101,191,13,223,57,44,192,46,73,97,121,122,113,81,111,151,91,76,99,215,279,152,191,86,101,73,60,57,48,49,220,229,,,232,209,,,79,147,128,62,51,87,76,123,90,95,192,39,33,34,44,83,64,239,143,65,84,41,215,,243,,,71,179,207,192,216,255,209,254,70,146,33,126,148,166,94,168,154,188,225,172,162,104,46,64,155,248,279,195,99,228,191,87,48,81,73,54,119,92,234,183,,,110,143,,,79,204,61,129,74,183,219,189,270,225,75,149,160,173,181,191,247,249,204,242,104,64,127,242,,93,,,b'\x11\xe8\xe1I\xca\xad3X\xaf\x82\x12\xdf\x17\xaeN\x1e'
11E8E149-CAAD-3358-AF82-12DF17AE4E1E,2014-ncaa-d0-natl,ncaa,116,125,85,126,87,121,114,70,223,100,93,202,172,125,266,174,136,116,223,117,188,73,80,233,242,210,200,194,175,71,116,119,236,85,171,80,74,189,108,91,125,178,211,251,,,162,70,,,174,91,127,25,157,147,71,134,117,186,143,162,138,139,76,92,81,167,100,78,147,156,234,,118,,,173,257,275,286,184,259,277,158,257,237,256,185,124,126,96,138,89,267,276,192,153,135,136,228,73,280,236,278,116,290,171,296,271,88,114,196,277,207,292,240,,,105,196,,,174,269,179,152,153,212,249,267,221,248,238,202,96,105,113,240,268,260,241,263,276,95,236,282,,152,,,b'\x11\xe8\xe1I\xca\xad3X\xaf\x82\x12\xdf\x17\xaeN\x1e'
11E8E149-CAAD-3358-AF82-12DF17AE4E1E,2014-ncaa-d1-conf-AAC,ncaa,5,5,7,5,8,5,5,6,7,6,8,5,4,3,7,5,6,5,8,5,4,6,7,6,6,6,4,5,5,4,2,8,9,7,7,5,3,3,5,5,7,7,10,10,,,3,3,,,6,8,5,2,5,5,3,6,6,4,3,5,4,4,2,3,1,7,7,4,5,7,10,,4,,,6,9,7,4,6,4,2,6,10,6,10,8,8,6,10,6,8,4,5,8,8,7,9,8,7,7,9,4,2,6,7,9,10,5,5,8,7,8,6,6,,,4,3,,,6,5,5,8,6,9,7,7,6,7,10,9,8,7,7,9,10,9,7,8,9,3,8,6,,3,,,b'\x11\xe8\xe1I\xca\xad3X\xaf\x82\x12\xdf\x17\xaeN\x1e'
11E8E149-CAAD-3358-AF82-12DF17AE4E1E,2014-ncaa-d1-natl,ncaa,123,125,100,134,102,143,133,85,229,116,107,208,177,132,267,176,150,125,220,126,189,89,98,239,243,215,196,195,171,78,121,142,244,99,177,88,76,172,111,96,147,185,228,254,,,147,72,,,186,107,129,25,165,152,76,139,118,189,143,166,145,144,78,96,82,174,106,80,147,160,238,,119,,,186,238,265,273,189,248,261,164,251,221,260,188,114,123,99,132,90,247,268,196,159,148,134,226,71,272,244,263,121,279,177,292,271,101,121,204,256,208,289,245,,,118,196,,,186,257,183,160,171,220,253,268,226,250,241,203,98,107,116,245,266,263,241,265,279,101,236,284,,153,,,b'\x11\xe8\xe1I\xca\xad3X\xaf\x82\x12\xdf\x17\xaeN\x1e'
11E8E149-CAAD-3358-AF82-12DF17AE4E1E,2015-ncaa-d0-natl,ncaa,294,307,172,301,241,299,296,211,336,251,194,299,279,186,345,167,237,240,189,227,212,211,140,337,331,341,226,246,100,96,129,147,231,112,164,213,59,339,336,300,250,265,30,19,,,205,206,,,310,163,107,343,320,319,197,265,186,283,179,234,245,231,210,89,81,99,77,209,339,261,25,,230,,,306,179,141,198,101,84,146,74,291,258,282,258,212,224,123,223,236,211,193,146,144,168,311,294,202,257,231,196,129,234,164,269,321,198,220,261,348,347,315,318,,,164,210,,,310,172,334,199,313,210,167,251,103,157,299,282,222,233,235,268,252,283,230,260,289,195,348,329,,147,,,b'\x11\xe8\xe1I\xca\xad3X\xaf\x82\x12\xdf\x17\xaeN\x1e'
11E8E149-CAAD-3358-AF82-12DF17AE4E1E,2015-ncaa-d1-conf-AAC,ncaa,10,10,7,10,8,9,9,8,9,9,9,9,8,5,11,4,8,8,6,8,7,8,8,9,10,10,7,8,3,7,6,8,10,8,9,8,2,11,11,9,9,9,2,2,,,7,7,,,9,10,5,5,9,9,7,9,7,8,3,6,6,6,7,5,5,6,6,8,11,9,2,,7,,,9,8,5,6,6,3,2,4,11,8,10,8,7,9,3,9,9,6,5,8,8,7,11,10,7,11,10,8,6,10,9,9,10,9,8,10,11,11,6,6,,,6,7,,,9,2,9,9,9,8,7,8,5,6,11,9,8,9,9,9,11,11,9,10,11,8,11,6,,4,,,b'\x11\xe8\xe1I\xca\xad3X\xaf\x82\x12\xdf\x17\xaeN\x1e'
11E8E149-CAAD-3358-AF82-12DF17AE4E1E,2015-ncaa-d1-natl,ncaa,303,305,209,308,292,321,317,250,338,282,222,306,290,196,346,166,255,257,189,247,210,247,176,338,334,342,223,242,97,117,137,175,239,137,174,236,62,333,336,308,276,271,34,18,,,184,206,,,316,209,113,342,326,323,209,271,192,284,178,239,247,231,219,101,84,109,81,218,339,265,25,,230,,,317,149,116,168,114,65,119,83,282,243,289,259,194,212,124,209,236,176,151,158,158,188,310,296,204,234,239,178,137,207,174,259,320,228,230,267,347,347,311,320,,,195,206,,,316,126,336,223,321,225,183,252,104,160,302,281,226,241,241,270,248,286,233,264,294,203,348,329,,147,,,b'\x11\xe8\xe1I\xca\xad3X\xaf\x82\x12\xdf\x17\xaeN\x1e'
11E8E149-CAAD-3358-AF82-12DF17AE4E1E,2016-ncaa-d0-natl,ncaa,196,228,114,219,133,199,200,117,299,138,86,272,297,220,342,251,135,148,115,155,229,116,89,318,307,315,284,303,65,74,101,47,190,45,96,129,68,322,267,236,275,315,11,21,,,190,123,,,231,101,87,126,247,241,115,148,83,308,235,129,166,168,119,56,65,19,13,138,314,288,10,,178,,,228,179,184,297,31,203,307,31,129,176,70,89,208,229,99,225,121,294,265,29,27,73,129,122,211,321,190,246,101,295,96,150,135,219,289,204,319,279,324,291,,,120,180,,,231,242,297,107,233,171,170,318,198,322,123,168,202,223,217,317,290,311,229,289,140,247,303,315,,106,,,b'\x11\xe8\xe1I\xca\xad3X\xaf\x82\x12\xdf\x17\xaeN\x1e'
11E8E149-CAAD-3358-AF82-12DF17AE4E1E,2016-ncaa-d1-conf-AAC,ncaa,7,7,3,7,5,9,9,5,9,9,5,9,11,10,11,11,3,3,7,3,5,5,5,11,11,11,8,11,2,3,6,3,5,3,4,7,2,11,10,8,11,11,2,2,,,9,6,,,8,4,3,4,9,9,7,9,5,11,11,3,3,3,7,4,4,2,1,7,10,10,2,,7,,,8,5,4,10,2,4,10,2,6,7,4,5,8,10,1,10,6,11,10,2,2,3,7,6,8,11,5,8,6,9,4,6,8,9,10,9,11,10,10,10,,,4,6,,,8,7,9,4,8,5,3,10,4,9,6,7,8,8,8,10,8,10,7,9,6,9,11,11,,4,,,b'\x11\xe8\xe1I\xca\xad3X\xaf\x82\x12\xdf\x17\xaeN\x1e'
11E8E149-CAAD-3358-AF82-12DF17AE4E1E,2016-ncaa-d1-natl,ncaa,216,227,142,227,162,228,234,148,303,165,102,281,306,237,342,252,151,165,114,169,229,154,115,323,310,317,283,302,56,85,111,54,197,56,104,155,70,317,270,244,293,318,13,23,,,161,125,,,243,133,92,117,258,253,120,161,87,309,235,131,165,169,130,59,68,21,17,148,313,298,10,,182,,,242,155,164,279,34,186,299,33,112,158,72,86,194,212,102,210,124,278,242,30,31,85,126,119,211,312,197,226,111,282,104,135,138,246,294,209,305,282,322,293,,,141,179,,,243,208,306,128,246,179,180,319,207,326,126,163,204,223,220,320,291,316,235,293,147,252,304,317,,113,,,b'\x11\xe8\xe1I\xca\xad3X\xaf\x82\x12\xdf\x17\xaeN\x1e'
11E8E149-CAAD-3358-AF82-12DF17AE4E1E,2017-ncaa-d0-natl,ncaa,114,152,24,134,33,148,165,99,259,93,41,277,307,282,314,325,52,23,245,24,93,77,39,301,287,303,284,327,22,94,161,10,44,23,64,101,55,344,311,253,154,225,12,12,,,234,106,,,164,35,133,239,285,286,273,174,108,332,327,79,54,54,230,148,162,13,33,175,307,220,21,,118,,,164,185,191,317,11,112,286,6,315,320,181,286,61,105,20,104,56,310,312,19,13,11,292,330,54,251,44,305,161,300,64,308,332,95,184,207,334,292,303,215,,,13,30,,,164,313,303,16,167,44,61,247,21,167,262,285,29,54,50,192,189,138,160,151,223,185,293,257,,32,,,b'\x11\xe8\xe1I\xca\xad3X\xaf\x82\x12\xdf\x17\xaeN\x1e'
11E8E149-CAAD-3358-AF82-12DF17AE4E1E,2017-ncaa-d1-conf-AAC,ncaa,5,5,3,5,5,9,9,8,9,5,3,10,10,10,11,10,2,3,8,3,2,7,6,11,10,10,9,10,1,4,5,3,3,3,4,4,2,10,10,8,8,8,2,2,,,6,5,,,5,5,6,7,9,11,10,7,3,10,10,3,2,2,9,7,5,2,1,4,9,8,2,,6,,,5,2,3,7,2,2,4,2,10,10,4,11,3,3,2,3,3,7,6,2,2,2,10,11,3,6,3,7,5,7,4,6,11,7,8,7,9,8,9,7,,,1,1,,,5,7,9,2,5,2,3,6,3,3,11,11,3,3,3,7,5,3,6,5,6,8,8,10,,1,,,b'\x11\xe8\xe1I\xca\xad3X\xaf\x82\x12\xdf\x17\xaeN\x1e'
11E8E149-CAAD-3358-AF82-12DF17AE4E1E,2017-ncaa-d1-natl,ncaa,121,151,27,139,40,180,196,128,271,113,48,280,321,292,313,323,57,30,245,31,91,96,50,305,293,306,283,328,21,111,173,12,48,27,72,119,54,343,310,257,179,233,12,13,,,217,105,,,176,40,141,239,292,295,286,186,113,334,327,82,58,58,238,151,173,13,38,180,308,228,21,,116,,,176,146,165,312,12,86,273,9,308,312,189,284,49,87,21,81,60,304,303,22,14,17,291,329,56,231,48,287,173,280,72,297,331,119,191,214,329,297,298,223,,,17,30,,,176,307,308,19,181,47,66,249,23,166,268,284,31,58,54,192,181,141,165,156,235,193,293,263,,34,,,b'\x11\xe8\xe1I\xca\xad3X\xaf\x82\x12\xdf\x17\xaeN\x1e'
11E8E149-CAAD-3358-AF82-12DF17AE4E1E,2018-ncaa-d0-natl,ncaa,245,263,164,255,222,298,302,222,339,245,114,342,330,321,296,317,142,111,266,104,152,204,166,340,335,331,243,307,23,45,32,97,195,62,71,293,199,302,285,318,210,215,38,20,,,201,215,,,243,225,211,271,317,325,220,259,89,329,318,130,97,94,192,110,24,50,14,307,302,209,28,,226,,,243,68,65,196,22,31,145,18,215,254,128,271,108,148,57,137,161,183,156,28,27,54,301,300,183,264,195,135,32,188,71,233,341,243,242,263,199,202,301,265,,,195,189,,,243,128,314,83,243,78,66,236,33,159,235,282,130,160,155,222,184,284,157,217,241,238,207,308,,170,,,b'\x11\xe8\xe1I\xca\xad3X\xaf\x82\x12\xdf\x17\xaeN\x1e'
11E8E149-CAAD-3358-AF82-12DF17AE4E1E,2018-ncaa-d1-conf-AAC,ncaa,10,10,9,10,11,12,12,11,12,12,7,12,10,10,10,9,7,5,11,5,4,10,9,12,12,12,6,9,1,3,3,4,5,3,4,12,7,12,11,12,9,8,2,2,,,8,7,,,8,10,8,9,12,12,11,11,5,10,10,4,2,2,8,3,1,4,3,11,12,7,2,,8,,,9,3,3,3,3,3,3,2,9,7,9,7,5,7,2,6,6,4,4,3,4,3,11,11,7,8,5,5,3,6,4,6,12,10,7,9,8,8,11,12,,,7,6,,,8,2,12,4,9,4,3,7,3,5,10,8,6,7,7,7,7,10,6,8,7,7,8,11,,5,,,b'\x11\xe8\xe1I\xca\xad3X\xaf\x82\x12\xdf\x17\xaeN\x1e'
11E8E149-CAAD-3358-AF82-12DF17AE4E1E,2018-ncaa-d1-natl,ncaa,262,263,213,263,291,322,326,266,339,274,149,343,331,327,300,315,160,139,267,138,149,252,217,344,336,335,237,304,22,57,38,117,207,73,81,322,204,284,292,324,234,219,39,21,,,176,219,,,256,288,220,270,325,331,232,267,99,329,319,131,100,98,202,117,30,55,14,315,304,216,28,,226,,,255,38,38,155,22,21,108,20,198,230,133,267,91,123,62,113,161,138,100,32,28,64,295,297,183,252,207,114,38,152,81,221,341,269,250,269,176,205,296,273,,,225,190,,,256,67,316,94,259,86,76,239,40,164,236,278,138,162,158,224,186,286,165,224,248,249,210,314,,172,,,b'\x11\xe8\xe1I\xca\xad3X\xaf\x82\x12\xdf\x17\xaeN\x1e'
11E8E149-CAAD-3358-AF82-12DF17AE4E1E,2019-ncaa-d0-natl,ncaa,236,245,173,242,182,301,281,216,318,191,83,318,338,321,336,321,243,176,327,173,246,209,131,335,341,343,324,331,124,25,14,125,131,71,31,206,81,342,336,309,132,106,72,45,,,161,178,,,220,202,196,44,325,302,209,176,57,338,325,253,160,157,202,67,10,78,24,205,339,116,63,,188,,,219,35,39,131,26,28,90,35,167,233,68,277,82,108,60,95,149,117,147,38,34,22,279,278,178,152,131,77,14,89,31,263,347,113,77,198,318,302,348,334,,,105,116,,,220,151,334,26,218,42,36,135,25,75,183,254,99,123,116,114,178,174,95,114,279,83,316,349,,69,,,b'\x11\xe8\xe1I\xca\xad3X\xaf\x82\x12\xdf\x17\xaeN\x1e'
11E8E149-CAAD-3358-AF82-12DF17AE4E1E,2019-ncaa-d1-conf-AAC,ncaa,10,9,8,10,8,11,11,10,8,6,6,8,11,11,5,11,12,11,12,11,11,10,7,8,10,12,11,8,11,3,2,3,4,3,3,8,6,12,12,11,4,4,7,5,,,3,8,,,7,9,5,1,11,8,7,5,3,9,11,12,11,11,9,2,3,2,2,6,12,4,5,,7,,,7,2,1,2,3,2,2,4,10,8,8,9,4,4,5,3,5,1,2,4,3,4,11,10,5,2,4,3,2,1,3,9,12,6,5,10,12,11,9,10,,,7,7,,,7,4,12,4,7,5,5,6,3,3,11,11,5,6,6,6,7,3,6,3,12,5,12,11,,4,,,b'\x11\xe8\xe1I\xca\xad3X\xaf\x82\x12\xdf\x17\xaeN\x1e'
11E8E149-CAAD-3358-AF82-12DF17AE4E1E,2019-ncaa-d1-natl,ncaa,252,245,233,254,240,323,305,263,322,231,112,322,342,330,337,318,269,214,327,214,244,257,189,337,341,345,324,331,116,37,14,162,139,92,36,241,84,333,337,316,164,117,84,46,,,134,182,,,232,257,206,37,328,307,219,189,62,339,326,257,166,165,210,76,13,88,25,220,338,128,65,,189,,,235,17,20,87,29,17,56,39,146,209,75,278,68,91,66,77,151,61,93,41,40,27,277,278,175,115,139,44,14,54,36,248,347,145,84,208,302,310,348,336,,,139,116,,,232,93,334,31,235,43,41,136,28,85,184,253,100,124,118,116,174,175,101,118,290,91,318,350,,72,,,b'\x11\xe8\xe1I\xca\xad3X\xaf\x82\x12\xdf\x17\xaeN\x1e'
11E8E149-CAAD-3358-AF82-12DF17AE4E1E,2020-ncaa-d0-natl,ncaa,197,195,191,205,243,266,209,134,286,82,13,313,343,340,324,342,281,246,301,240,331,157,103,331,334,334,346,342,226,15,16,201,195,61,68,134,79,290,259,224,76,73,108,85,,,117,100,,,194,193,97,273,274,202,80,65,9,343,341,280,230,224,92,43,8,170,28,118,300,66,103,,145,,,196,63,77,118,84,67,126,74,173,153,198,206,62,107,26,117,160,104,180,91,74,30,215,255,123,185,195,118,16,136,68,302,347,43,40,159,262,237,351,329,,,206,261,,,194,176,297,35,186,79,94,133,81,140,186,176,82,128,139,125,233,202,141,164,312,35,269,351,,178,,,b'\x11\xe8\xe1I\xca\xad3X\xaf\x82\x12\xdf\x17\xaeN\x1e'
11E8E149-CAAD-3358-AF82-12DF17AE4E1E,2020-ncaa-d1-conf-AAC,ncaa,8,6,9,8,11,10,7,4,7,5,2,10,10,11,6,10,12,12,10,12,12,5,7,10,10,10,12,10,11,1,3,9,5,5,4,5,6,7,6,4,6,5,7,5,,,3,6,,,5,11,5,6,9,5,3,4,1,10,11,12,12,12,4,1,1,6,4,4,8,4,7,,4,,,5,4,5,2,7,5,3,8,5,5,6,8,4,4,4,4,7,3,1,7,7,5,5,8,5,1,5,5,3,3,4,9,11,6,4,9,7,7,11,10,,,9,9,,,5,3,7,4,5,5,6,4,6,4,5,6,4,5,5,3,7,2,6,5,10,5,7,11,,6,,,b'\x11\xe8\xe1I\xca\xad3X\xaf\x82\x12\xdf\x17\xaeN\x1e'
11E8E149-CAAD-3358-AF82-12DF17AE4E1E,2020-ncaa-d1-natl,ncaa,214,195,257,214,302,302,242,168,296,103,19,322,343,340,325,342,295,263,304,259,330,197,142,336,336,335,346,343,220,16,16,233,200,83,72,156,81,276,266,232,94,77,122,89,,,96,104,,,209,252,102,273,283,212,83,68,10,343,341,281,229,224,103,47,9,180,30,128,302,78,108,,149,,,211,49,59,78,91,48,95,78,159,136,203,202,57,95,26,108,163,69,121,103,79,34,210,253,120,171,200,89,16,113,72,297,348,60,41,176,253,243,351,331,,,234,259,,,209,114,303,40,206,83,101,135,88,144,188,178,84,131,144,127,230,203,143,171,317,39,272,351,,179,,,b'\x11\xe8\xe1I\xca\xad3X\xaf\x82\x12\xdf\x17\xaeN\x1e'
11E8E149-CAAD-3358-AF82-12DF17AE4E1E,2021-ncaa-d0-natl,ncaa,337,43,337,337,337,338,338,337,330,338,338,335,336,336,222,223,337,337,328,337,335,337,337,329,337,337,220,128,309,333,105,338,112,337,145,338,233,9,322,330,336,115,337,225,,,7,321,,,238,337,20,13,309,288,50,262,49,213,199,332,305,312,98,13,40,174,69,280,341,82,212,,336,,,333,7,7,6,317,7,6,330,5,7,49,59,9,9,43,10,333,7,7,290,295,268,72,17,319,4,112,7,105,6,145,7,244,337,127,197,10,263,18,335,,,337,311,,,238,7,334,231,331,308,281,168,322,230,60,94,338,340,340,272,314,105,301,247,285,76,307,343,,219,,,b'\x11\xe8\xe1I\xca\xad3X\xaf\x82\x12\xdf\x17\xaeN\x1e'
11E8E149-CAAD-3358-AF82-12DF17AE4E1E,2021-ncaa-d1-conf-AAC,ncaa,11,1,11,11,11,11,11,11,11,11,11,11,11,11,11,5,11,11,11,11,10,11,11,11,11,11,4,4,8,11,2,11,10,11,7,11,8,1,10,11,11,4,11,11,,,1,10,,,6,11,2,5,11,11,2,9,2,6,5,11,9,9,3,1,1,10,3,11,10,3,11,,10,,,10,1,1,1,8,1,1,11,1,1,1,1,1,1,11,1,11,1,1,3,6,4,1,1,11,1,10,1,2,1,7,1,6,11,4,4,1,10,1,11,,,11,3,,,6,1,11,4,10,5,3,3,10,5,1,1,11,11,11,6,9,10,8,9,4,3,10,11,,2,,,b'\x11\xe8\xe1I\xca\xad3X\xaf\x82\x12\xdf\x17\xaeN\x1e'
11E8E149-CAAD-3358-AF82-12DF17AE4E1E,2021-ncaa-d1-natl,ncaa,338,43,337,338,337,338,338,337,333,338,338,337,336,336,223,223,337,337,328,337,333,337,337,331,338,338,215,127,309,333,112,338,121,337,151,338,236,9,323,330,336,120,337,227,,,7,321,,,248,337,22,12,313,297,53,269,49,216,203,332,308,313,102,15,44,181,75,286,341,86,216,,337,,,335,7,7,6,318,7,6,331,5,7,52,58,9,9,45,10,333,7,7,292,297,279,69,17,319,4,121,7,112,6,151,7,244,337,130,208,10,266,18,335,,,337,310,,,248,7,335,240,333,313,283,172,323,231,60,94,340,340,341,276,314,107,302,249,291,77,311,343,,219,,,b'\x11\xe8\xe1I\xca\xad3X\xaf\x82\x12\xdf\x17\xaeN\x1e'
11E8E149-CAAD-3358-AF82-12DF17AE4E1E,2022-ncaa-d0-natl,ncaa,174,180,163,185,173,212,174,147,224,89,42,284,331,337,254,345,221,188,286,190,320,152,179,287,304,250,346,342,194,155,208,115,127,128,157,95,32,82,87,64,201,205,70,61,,,81,79,,,193,184,180,104,237,171,116,53,17,339,343,229,190,193,126,172,148,79,89,58,86,203,55,,78,,,192,113,105,191,65,109,196,51,163,180,144,173,159,158,191,158,150,187,180,63,70,89,217,199,205,170,127,248,208,222,157,271,339,207,216,271,183,190,324,248,,,224,246,,,193,177,239,96,190,114,107,203,111,198,165,175,160,156,154,198,185,180,277,246,281,219,193,330,,235,,,b'\x11\xe8\xe1I\xca\xad3X\xaf\x82\x12\xdf\x17\xaeN\x1e'
11E8E149-CAAD-3358-AF82-12DF17AE4E1E,2022-ncaa-d1-conf-AAC,ncaa,5,4,8,4,8,10,9,9,4,7,5,8,9,11,6,10,10,10,8,10,11,9,10,9,10,8,10,8,9,9,9,7,2,8,7,5,2,2,4,3,10,8,8,5,,,1,3,,,5,10,9,2,10,6,6,4,2,8,10,10,10,10,8,11,9,2,6,2,3,9,5,,2,,,5,2,2,3,3,2,3,3,6,5,9,7,5,3,8,3,6,4,1,3,4,4,9,9,7,1,2,7,9,2,7,4,9,10,7,7,4,10,8,7,,,10,9,,,5,2,9,4,5,3,3,5,2,5,8,6,5,4,4,5,3,3,7,7,5,8,6,8,,11,,,b'\x11\xe8\xe1I\xca\xad3X\xaf\x82\x12\xdf\x17\xaeN\x1e'
11E8E149-CAAD-3358-AF82-12DF17AE4E1E,2022-ncaa-d1-natl,ncaa,199,180,213,200,226,248,210,187,242,112,53,294,341,341,261,345,249,218,287,218,319,193,231,299,307,260,348,342,189,185,220,146,134,164,171,114,38,56,91,69,232,220,77,65,,,57,81,,,214,238,185,101,251,190,129,62,18,340,344,231,192,194,139,178,164,86,98,63,92,214,59,,83,,,214,92,81,152,75,87,154,58,142,148,156,170,142,131,203,133,150,138,122,77,83,109,215,197,204,146,134,228,220,190,171,252,339,246,225,286,160,199,321,258,,,260,242,,,214,122,255,112,211,126,115,206,123,200,168,175,166,162,163,204,183,183,278,250,289,229,194,334,,234,,,b'\x11\xe8\xe1I\xca\xad3X\xaf\x82\x12\xdf\x17\xaeN\x1e'
11E8E149-CAAD-3358-AF82-12DF17AE4E1E,2023-ncaa-d0-natl,ncaa,135,117,164,132,185,200,161,171,146,87,71,174,335,334,302,334,240,232,201,231,336,183,182,212,223,215,354,340,231,134,107,116,93,121,69,97,45,175,196,107,114,82,88,66,,,55,57,,,99,208,210,118,211,137,149,45,37,338,340,237,234,231,177,170,126,68,68,65,198,95,71,,57,,,96,38,47,131,45,51,149,42,118,136,121,171,50,77,42,78,101,113,136,47,36,28,193,221,122,112,93,101,107,91,69,154,295,147,106,137,229,235,357,337,,,183,173,,,99,149,203,28,100,34,45,134,62,150,120,144,58,92,93,96,129,136,121,110,174,130,238,359,,163,,,b'\x11\xe8\xe1I\xca\xad3X\xaf\x82\x12\xdf\x17\xaeN\x1e'
11E8E149-CAAD-3358-AF82-12DF17AE4E1E,2023-ncaa-d1-conf-AAC,ncaa,7,5,11,6,11,9,9,11,5,3,5,4,11,11,11,9,11,11,8,10,11,11,11,6,7,8,11,10,9,10,9,10,4,9,5,6,3,3,7,3,5,4,10,8,,,2,3,,,5,11,7,3,8,4,5,1,2,11,10,11,8,8,7,8,9,4,5,3,6,3,8,,3,,,5,3,3,1,8,2,1,6,4,5,8,7,2,2,6,2,5,1,1,8,7,4,6,8,5,2,4,2,9,2,5,5,9,4,3,6,5,11,10,11,,,8,6,,,5,1,9,5,5,5,5,5,5,4,6,5,3,3,4,5,6,4,6,5,6,3,10,11,,5,,,b'\x11\xe8\xe1I\xca\xad3X\xaf\x82\x12\xdf\x17\xaeN\x1e'
11E8E149-CAAD-3358-AF82-12DF17AE4E1E,2023-ncaa-d1-natl,ncaa,151,117,219,139,244,239,199,222,155,101,83,183,342,344,305,334,255,260,197,258,334,239,246,218,231,228,354,339,221,161,113,149,99,147,76,115,46,146,205,113,146,93,94,67,,,35,56,,,122,269,220,103,227,150,167,50,40,340,342,238,234,234,194,182,135,74,74,70,201,110,73,,59,,,116,27,35,87,52,41,110,47,99,117,133,172,40,62,44,63,104,63,76,55,40,33,194,220,121,90,99,71,113,64,76,136,292,181,115,160,203,241,357,340,,,213,163,,,122,89,217,33,121,41,53,137,68,150,125,147,60,93,92,101,128,142,125,120,182,141,244,360,,159,,,b'\x11\xe8\xe1I\xca\xad3X\xaf\x82\x12\xdf\x17\xaeN\x1e'
11E8E149-CAAD-3358-AF82-12DF17AE4E1E,2024-ncaa-d0-natl,ncaa,189,176,196,193,200,134,119,171,64,60,66,103,308,332,187,343,88,70,238,72,153,154,173,118,113,95,333,339,90,230,223,145,189,177,192,110,127,79,94,78,133,141,131,142,,,183,158,,,142,162,105,29,87,69,125,24,25,313,335,59,39,40,88,120,215,96,148,69,111,115,125,,209,,,144,212,191,197,178,179,179,178,193,203,187,196,260,235,318,227,222,204,197,177,206,213,231,188,254,208,189,157,223,174,192,307,339,175,189,280,138,157,260,188,,,102,55,,,142,198,116,225,150,256,229,252,221,231,219,228,276,243,238,269,271,240,205,228,327,151,164,297,,50,,,b'\x11\xe8\xe1I\xca\xad3X\xaf\x82\x12\xdf\x17\xaeN\x1e'
11E8E149-CAAD-3358-AF82-12DF17AE4E1E,2024-ncaa-d1-conf-AAC,ncaa,11,11,8,11,11,8,8,9,4,4,6,5,14,14,14,14,5,4,8,5,8,7,10,7,8,4,14,14,3,10,10,11,6,12,10,9,8,3,3,2,6,6,7,7,,,8,9,,,10,10,7,6,5,3,5,2,2,14,13,4,3,5,4,8,8,9,11,6,3,6,7,,9,,,10,9,7,2,12,5,4,9,7,7,13,7,9,9,14,9,11,4,3,12,12,13,11,7,11,3,6,6,10,4,10,11,13,7,6,10,6,8,10,5,,,6,4,,,10,4,6,11,10,12,10,5,7,8,7,7,12,11,11,7,6,4,10,9,12,6,7,11,,4,,,b'\x11\xe8\xe1I\xca\xad3X\xaf\x82\x12\xdf\x17\xaeN\x1e'
11E8E149-CAAD-3358-AF82-12DF17AE4E1E,2024-ncaa-d1-natl,ncaa,218,177,254,213,263,156,141,224,66,70,88,109,326,342,196,343,107,85,240,87,154,201,243,126,123,100,333,342,83,262,235,189,210,225,207,134,130,60,97,85,160,151,147,149,,,146,166,,,170,220,112,28,96,79,137,24,31,318,340,57,42,44,100,136,230,107,163,78,113,127,126,,213,,,169,188,163,164,198,156,144,196,181,172,203,203,240,210,324,202,227,167,147,195,224,239,234,189,255,188,210,124,235,141,207,303,343,213,197,292,118,167,252,201,,,128,48,,,170,139,125,246,173,266,243,259,235,234,227,230,285,248,245,276,272,246,212,237,331,165,169,302,,49,,,b'\x11\xe8\xe1I\xca\xad3X\xaf\x82\x12\xdf\x17\xaeN\x1e'
11E8E149-CAAD-3358-AF82-12DF17AE4E1E,2025-ncaa-d0-natl,genius_ncaa,265,279,194,275,203,185,173,109,278,155,86,285,220,187,264,226,224,209,243,210,292,119,132,281,302,256,247,226,212,43,55,172,282,94,177,218,266,108,93,190,212,227,136,142,,,203,213,,120,220,185,158,98,167,144,34,131,60,215,173,222,196,198,49,58,25,132,35,212,144,203,129,,239,,134,221,215,193,208,169,180,185,183,234,238,181,227,248,234,249,223,235,219,201,184,204,228,246,217,233,292,282,245,55,275,177,254,282,234,248,278,127,116,335,291,,,183,240,,201,220,165,201,269,236,264,237,266,204,209,255,270,270,258,248,278,260,311,291,310,287,208,152,342,,167,,196,b'\x11\xe8\xe1I\xca\xad3X\xaf\x82\x12\xdf\x17\xaeN\x1e'
11E8E149-CAAD-3358-AF82-12DF17AE4E1E,2025-ncaa-d1-conf-ACC,genius_ncaa,17,17,16,17,16,17,16,13,17,17,10,17,15,12,14,10,17,16,18,16,15,14,16,17,18,18,9,5,13,9,8,17,17,15,17,18,16,6,11,15,13,11,13,11,,,11,16,,4,16,16,8,8,16,16,7,16,8,13,9,17,12,12,8,7,5,14,10,18,10,10,11,,18,,7,17,3,3,2,11,4,3,12,9,10,6,13,17,17,9,17,18,3,3,11,13,12,14,11,18,10,17,12,8,12,17,11,16,13,8,11,7,9,15,16,,,13,10,,9,16,3,17,15,18,13,9,6,10,6,12,13,18,18,18,8,12,17,17,17,14,8,12,17,,10,,6,b'\x11\xe8\xe1I\xca\xad3X\xaf\x82\x12\xdf\x17\xaeN\x1e'
11E8E149-CAAD-3358-AF82-12DF17AE4E1E,2025-ncaa-d1-natl,genius_ncaa,279,279,244,286,259,221,206,136,289,191,106,297,237,213,268,229,243,232,244,233,291,149,168,298,309,263,242,227,211,52,66,206,292,125,187,252,272,92,95,200,243,242,155,145,,,183,218,,108,250,228,167,81,187,160,38,145,63,215,179,222,195,196,51,62,27,139,38,229,145,215,136,,242,,137,252,192,175,175,187,157,148,195,223,222,196,227,231,218,254,209,236,183,150,197,212,246,245,221,233,278,292,223,66,252,187,240,284,268,262,295,107,123,330,298,,,215,241,,207,250,114,213,291,260,277,251,267,218,212,263,273,273,263,254,282,252,314,300,314,292,228,154,347,,169,,193,b'\x11\xe8\xe1I\xca\xad3X\xaf\x82\x12\xdf\x17\xaeN\x1e'
11E8E149-CAAD-3358-AF82-12DF17AE4E1E,2026-ncaa-d0-natl,genius_ncaa,123,250,9,196,20,54,58,25,174,52,23,188,100,74,183,230,44,39,195,32,167,22,18,189,193,170,219,217,148,17,84,89,316,49,221,110,303,318,132,204,19,45,18,47,,,347,160,,360,136,21,99,97,130,128,77,109,93,193,180,115,111,103,74,78,54,255,138,218,169,43,29,,214,,340,146,340,333,345,126,334,351,93,275,267,209,79,344,338,285,339,183,351,352,122,147,116,166,117,260,360,316,337,84,357,221,304,143,31,97,102,314,151,358,304,,,9,89,,205,136,344,145,159,151,196,180,233,206,294,122,98,249,235,239,252,303,324,201,288,151,76,178,333,,53,,282,b'\x11\xe8\xe1I\xca\xad3X\xaf\x82\x12\xdf\x17\xaeN\x1e'
11E8E149-CAAD-3358-AF82-12DF17AE4E1E,2026-ncaa-d1-conf-ACC,genius_ncaa,6,6,1,6,1,5,4,7,6,4,4,7,4,9,1,9,2,2,6,2,2,7,6,5,5,5,5,7,3,5,4,9,9,8,6,6,8,4,5,6,3,4,6,5,,,1,1,,1,6,5,5,1,5,4,7,4,4,4,9,2,2,2,7,6,5,9,8,6,4,3,6,,1,,1,6,8,8,6,7,3,3,7,10,9,8,9,3,3,4,3,4,5,7,8,8,8,9,10,4,9,9,5,4,7,6,10,10,5,7,9,6,8,8,9,,,1,2,,5,6,5,4,8,6,8,8,6,3,3,10,9,3,3,3,5,7,9,5,7,10,5,6,8,,1,,5,b'\x11\xe8\xe1I\xca\xad3X\xaf\x82\x12\xdf\x17\xaeN\x1e'
11E8E149-CAAD-3358-AF82-12DF17AE4E1E,2026-ncaa-d1-natl,genius_ncaa,163,249,13,212,35,73,80,37,204,75,36,215,128,108,201,231,66,59,188,49,161,35,33,218,221,203,201,212,125,33,105,130,336,66,264,162,320,290,148,239,30,58,21,50,,,330,187,,360,183,36,109,100,164,170,96,136,108,205,195,119,120,116,97,102,65,283,168,258,183,50,29,,226,,347,188,330,324,334,164,327,347,118,256,237,234,75,332,320,291,320,188,342,344,160,178,162,166,119,259,355,336,322,105,346,264,287,151,51,134,132,290,166,355,326,,,11,75,,227,183,329,181,205,190,232,216,244,244,307,146,104,264,243,252,268,305,331,220,299,183,109,187,347,,45,,280,b'\x11\xe8\xe1I\xca\xad3X\xaf\x82\x12\xdf\x17\xaeN\x1e'
11E8E149-CAB1-C652-AF82-12DF17AE4E1E,2010-ncaa-d0-natl,ncaa,178,145,241,177,246,50,79,23,256,172,122,265,14,9,115,32,55,74,74,75,96,26,32,197,181,120,22,26,169,47,170,87,242,53,237,43,34,132,31,34,62,115,284,315,,,129,17,,,236,36,2,43,6,19,2,126,54,6,6,17,32,34,2,1,13,12,6,11,199,29,279,,205,,,235,342,344,330,333,342,315,338,322,314,224,262,76,122,14,124,33,328,321,335,309,323,43,217,4,305,242,339,170,338,237,342,241,109,242,315,213,100,305,275,,,146,315,,,236,318,100,322,209,345,345,345,345,344,336,338,109,167,169,345,344,336,345,344,344,59,249,320,,67,,,b'\x11\xe8\xe1I\xca\xb1\xc6R\xaf\x82\x12\xdf\x17\xaeN\x1e'
11E8E149-CAB1-C652-AF82-12DF17AE4E1E,2010-ncaa-d1-conf-Big Sky,ncaa,4,2,3,3,6,2,3,1,9,4,2,9,1,1,4,2,1,1,3,1,2,1,2,6,6,4,1,2,4,1,3,2,4,2,6,1,1,4,1,1,1,2,9,9,,,3,1,,,5,2,1,5,1,1,1,3,1,1,1,1,2,2,1,1,1,2,1,1,3,1,9,,3,,,5,9,9,8,9,9,8,9,8,8,2,8,2,2,2,2,1,8,8,9,7,7,1,6,1,6,4,9,3,9,6,9,8,1,4,9,3,1,9,9,,,3,8,,,5,8,2,7,5,9,9,9,9,9,8,8,2,2,2,9,9,7,9,9,9,1,2,9,,2,,,b'\x11\xe8\xe1I\xca\xb1\xc6R\xaf\x82\x12\xdf\x17\xaeN\x1e'
11E8E149-CAB1-C652-AF82-12DF17AE4E1E,2010-ncaa-d1-natl,ncaa,166,145,191,167,197,37,56,17,253,152,107,260,11,8,116,31,54,73,64,73,111,18,21,190,173,111,22,26,191,36,175,57,255,38,245,26,29,147,31,27,46,123,277,312,,,132,14,,,226,22,2,47,6,15,2,120,53,6,6,24,42,41,2,1,13,10,6,9,192,30,268,,174,,,225,343,345,337,331,344,332,337,325,325,203,265,77,123,13,120,28,336,326,331,297,324,42,218,2,326,255,343,175,342,245,343,249,103,253,320,228,102,305,269,,,141,326,,,226,326,95,321,200,345,345,345,345,344,335,340,104,152,156,345,344,338,344,344,344,67,251,317,,85,,,b'\x11\xe8\xe1I\xca\xb1\xc6R\xaf\x82\x12\xdf\x17\xaeN\x1e'
11E8E149-CAB1-C652-AF82-12DF17AE4E1E,2011-ncaa-d0-natl,ncaa,323,325,242,326,278,121,89,41,235,135,139,160,45,7,276,20,313,299,278,298,329,63,48,205,250,246,142,41,340,145,285,122,338,125,333,47,33,298,206,116,141,246,132,223,,,64,1,,,332,39,1,257,48,26,2,93,87,16,6,317,293,294,6,1,104,35,36,10,313,97,105,,106,,,330,342,343,340,323,343,341,328,316,317,180,198,74,76,155,76,5,338,326,315,279,327,16,161,4,342,338,339,285,342,333,343,263,192,323,334,336,296,266,237,,,303,343,,,332,302,257,337,325,343,342,343,341,343,334,338,105,104,107,343,343,342,343,343,343,139,335,289,,291,,,b'\x11\xe8\xe1I\xca\xb1\xc6R\xaf\x82\x12\xdf\x17\xaeN\x1e'
11E8E149-CAB1-C652-AF82-12DF17AE4E1E,2011-ncaa-d1-conf-Big Sky,ncaa,9,9,7,9,8,7,7,3,9,8,7,6,4,1,9,1,9,9,8,9,9,5,4,9,9,9,5,1,9,6,9,8,9,6,9,3,1,8,7,6,5,7,7,8,,,2,1,,,9,3,1,5,6,4,1,7,4,2,1,9,9,9,1,1,5,5,4,2,8,3,7,,4,,,9,9,9,9,9,9,9,9,7,5,8,3,1,1,2,1,1,9,9,9,9,9,1,4,1,9,9,9,9,9,9,9,7,7,8,9,8,8,8,8,,,9,9,,,9,6,9,9,9,9,9,9,9,9,9,8,2,3,2,9,9,9,9,9,9,5,8,8,,9,,,b'\x11\xe8\xe1I\xca\xb1\xc6R\xaf\x82\x12\xdf\x17\xaeN\x1e'
11E8E149-CAB1-C652-AF82-12DF17AE4E1E,2011-ncaa-d1-natl,ncaa,328,325,279,329,310,138,100,47,239,156,157,167,51,8,274,20,319,310,280,309,331,73,57,210,253,246,141,42,340,161,285,147,340,144,335,52,34,288,207,118,153,248,137,228,,,50,1,,,332,45,1,260,51,28,2,100,91,17,6,316,295,296,6,2,107,37,37,10,313,101,107,,104,,,333,342,343,340,329,343,341,329,311,310,188,198,60,61,160,64,5,337,325,318,284,329,16,159,3,341,340,338,285,342,335,341,262,214,325,335,335,296,266,245,,,313,343,,,332,296,261,339,326,343,343,343,342,343,334,337,107,103,108,343,343,343,343,343,343,142,336,290,,292,,,b'\x11\xe8\xe1I\xca\xb1\xc6R\xaf\x82\x12\xdf\x17\xaeN\x1e'
11E8E149-CAB1-C652-AF82-12DF17AE4E1E,2012-ncaa-d0-natl,ncaa,221,228,163,229,177,86,64,21,225,106,115,144,27,7,259,23,286,262,262,260,306,38,26,185,241,219,109,38,337,116,280,127,315,118,328,16,15,293,150,66,14,34,62,125,,,115,6,,,281,17,1,99,35,22,1,78,87,16,7,290,272,271,1,1,96,79,67,7,303,3,50,,128,,,278,341,343,335,307,342,335,298,305,277,292,136,169,151,230,147,31,331,332,305,285,250,44,164,27,339,315,340,280,340,328,342,280,25,100,248,331,248,297,274,,,245,342,,,281,326,235,268,267,342,342,343,342,343,317,290,193,170,169,343,343,339,343,343,341,12,326,311,,248,,,b'\x11\xe8\xe1I\xca\xb1\xc6R\xaf\x82\x12\xdf\x17\xaeN\x1e'
11E8E149-CAB1-C652-AF82-12DF17AE4E1E,2012-ncaa-d1-conf-Big Sky,ncaa,6,7,1,6,1,1,1,1,7,1,2,3,1,1,9,1,7,4,7,4,8,1,1,7,7,8,5,1,9,3,9,4,9,3,9,1,1,9,4,3,1,2,1,5,,,6,1,,,8,1,1,2,1,1,1,4,4,1,1,9,9,9,1,1,6,4,3,1,9,1,2,,3,,,8,9,9,9,6,9,9,5,9,6,7,2,6,6,6,6,1,9,9,5,5,6,2,2,1,9,9,9,9,9,9,9,5,1,2,6,8,7,9,8,,,3,9,,,8,9,8,6,7,9,9,9,9,9,6,5,4,4,4,9,9,9,9,9,9,1,8,9,,5,,,b'\x11\xe8\xe1I\xca\xb1\xc6R\xaf\x82\x12\xdf\x17\xaeN\x1e'
11E8E149-CAB1-C652-AF82-12DF17AE4E1E,2012-ncaa-d1-natl,ncaa,208,227,137,224,153,65,46,14,223,88,91,141,21,9,252,25,268,238,272,233,292,24,14,183,236,212,103,41,337,94,282,102,317,80,329,13,12,309,147,56,14,35,44,110,,,141,7,,,284,9,1,109,28,18,1,76,86,16,8,263,241,237,1,1,91,68,60,5,302,6,42,,149,,,280,342,343,337,309,342,338,302,314,293,289,151,176,162,217,157,32,337,338,306,286,255,44,176,24,340,317,341,282,342,329,342,282,26,120,257,331,244,302,270,,,215,339,,,284,335,231,272,272,342,342,343,342,343,324,300,188,174,171,343,343,339,343,343,342,15,327,309,,223,,,b'\x11\xe8\xe1I\xca\xb1\xc6R\xaf\x82\x12\xdf\x17\xaeN\x1e'
11E8E149-CAB1-C652-AF82-12DF17AE4E1E,2013-ncaa-d0-natl,ncaa,96,86,120,97,138,48,36,15,143,51,53,125,48,32,178,79,185,176,217,167,297,23,33,131,161,111,172,101,315,104,268,68,304,72,306,22,61,125,35,27,20,49,8,30,,,45,3,,,132,22,3,75,17,13,1,39,37,43,25,206,199,196,2,4,108,39,47,10,116,12,5,,35,,,133,327,335,334,204,326,332,164,286,249,280,132,112,106,187,101,19,331,333,195,157,144,64,203,25,343,304,341,268,342,306,308,145,41,139,166,193,95,208,130,,,264,342,,,132,324,117,188,136,323,335,343,327,345,283,256,98,96,96,341,343,342,341,344,303,32,187,204,,290,,,b'\x11\xe8\xe1I\xca\xb1\xc6R\xaf\x82\x12\xdf\x17\xaeN\x1e'
11E8E149-CAB1-C652-AF82-12DF17AE4E1E,2013-ncaa-d1-conf-Big Sky,ncaa,4,4,2,4,4,1,1,1,3,1,1,3,1,1,5,1,9,8,7,8,10,1,1,2,2,2,6,1,11,5,9,2,9,3,10,1,3,5,2,2,1,3,1,3,,,1,1,,,5,1,1,10,1,1,1,1,2,1,1,11,11,11,1,2,5,3,5,1,3,1,1,,1,,,5,11,11,11,9,11,11,8,11,11,11,6,1,1,3,1,1,11,11,9,6,6,3,9,1,11,9,11,9,11,10,9,3,1,5,6,5,2,7,3,,,11,11,,,5,11,3,7,5,9,10,11,9,11,11,9,1,1,1,11,11,11,11,11,9,1,4,7,,11,,,b'\x11\xe8\xe1I\xca\xb1\xc6R\xaf\x82\x12\xdf\x17\xaeN\x1e'
11E8E149-CAB1-C652-AF82-12DF17AE4E1E,2013-ncaa-d1-natl,ncaa,107,86,136,102,158,55,41,16,149,57,59,130,51,36,181,78,198,190,217,183,295,24,37,131,165,112,173,98,314,117,274,76,307,84,308,25,63,108,36,27,24,51,9,30,,,33,3,,,142,23,3,72,17,13,1,40,40,42,25,208,199,195,2,5,113,40,46,10,117,14,5,,35,,,140,324,332,333,208,325,331,165,282,238,284,130,97,97,185,90,19,328,331,200,161,154,66,203,27,343,307,340,274,342,308,305,145,47,145,175,184,96,202,134,,,274,343,,,142,320,124,196,144,323,337,343,328,345,283,255,101,97,97,341,343,342,341,344,302,35,185,208,,289,,,b'\x11\xe8\xe1I\xca\xb1\xc6R\xaf\x82\x12\xdf\x17\xaeN\x1e'
11E8E149-CAB1-C652-AF82-12DF17AE4E1E,2014-ncaa-d0-natl,ncaa,116,88,180,108,236,33,72,21,290,305,317,168,1,1,155,1,131,109,250,97,9,24,40,119,157,65,1,1,287,30,151,334,327,233,330,51,82,22,4,22,4,2,332,343,,,218,132,,,164,56,5,265,6,28,2,311,315,1,1,97,59,56,2,5,9,348,206,17,41,1,332,,259,,,164,342,347,203,349,349,318,349,25,14,302,4,187,177,175,171,75,210,281,349,349,336,1,2,42,159,327,343,151,332,330,348,303,15,13,227,35,9,325,347,,,119,286,,,164,291,39,327,173,345,347,280,349,345,33,10,215,205,202,285,343,187,348,344,346,2,46,336,,66,,,b'\x11\xe8\xe1I\xca\xb1\xc6R\xaf\x82\x12\xdf\x17\xaeN\x1e'
11E8E149-CAB1-C652-AF82-12DF17AE4E1E,2014-ncaa-d1-conf-Big Sky,ncaa,6,6,5,6,7,1,4,1,11,11,11,6,1,1,8,1,5,3,9,3,1,1,1,10,10,4,1,1,10,1,5,11,11,6,11,6,9,1,1,2,1,1,11,11,,,7,4,,,8,1,1,8,1,3,1,11,11,1,1,5,4,4,1,1,1,11,8,4,1,1,11,,7,,,8,11,11,7,11,11,11,11,1,1,10,1,3,3,3,3,1,5,9,11,11,10,1,1,1,4,11,11,5,11,11,11,10,1,1,8,1,1,11,11,,,5,10,,,8,10,2,9,8,10,11,8,11,11,1,1,2,4,3,8,9,3,11,11,11,1,1,11,,4,,,b'\x11\xe8\xe1I\xca\xb1\xc6R\xaf\x82\x12\xdf\x17\xaeN\x1e'
11E8E149-CAB1-C652-AF82-12DF17AE4E1E,2014-ncaa-d1-natl,ncaa,123,88,211,112,285,36,85,22,294,318,326,169,1,1,156,1,143,114,249,103,9,26,49,126,165,68,1,1,288,37,158,343,330,254,335,58,83,15,5,24,4,2,335,344,,,203,132,,,180,61,5,267,7,30,2,314,316,1,1,95,64,57,2,5,10,348,214,17,41,1,334,,262,,,180,342,346,186,349,349,313,349,18,9,302,3,181,172,179,164,75,187,273,349,349,341,1,2,41,140,330,342,158,329,335,347,303,18,13,235,26,10,322,347,,,140,288,,,180,283,42,329,187,345,347,283,349,345,35,10,217,207,204,286,343,194,348,345,346,4,45,337,,67,,,b'\x11\xe8\xe1I\xca\xb1\xc6R\xaf\x82\x12\xdf\x17\xaeN\x1e'
11E8E149-CAB1-C652-AF82-12DF17AE4E1E,2015-ncaa-d0-natl,ncaa,116,189,26,160,40,5,9,1,256,98,108,147,1,1,153,1,65,39,288,39,56,1,1,121,163,72,2,2,332,1,63,310,344,42,326,18,204,146,5,23,1,1,318,340,,,340,149,,,76,1,1,252,3,4,1,194,220,1,1,116,74,73,1,1,1,349,118,22,57,1,334,,321,,,81,349,349,323,349,349,343,349,177,76,344,6,324,329,60,330,181,332,348,349,349,309,6,6,85,326,344,349,63,349,326,349,327,1,1,124,144,10,343,335,,,57,348,,,76,349,27,288,103,348,349,275,349,332,105,26,267,290,291,300,346,268,348,346,349,1,80,333,,152,,,b'\x11\xe8\xe1I\xca\xb1\xc6R\xaf\x82\x12\xdf\x17\xaeN\x1e'
11E8E149-CAB1-C652-AF82-12DF17AE4E1E,2015-ncaa-d1-conf-Big Sky,ncaa,2,2,1,2,2,1,1,1,8,3,3,5,1,1,5,1,4,2,12,2,3,1,1,3,4,2,1,1,11,1,1,10,11,2,11,2,9,4,1,2,1,1,9,10,,,12,6,,,1,1,1,8,1,1,1,7,8,1,1,7,5,5,1,1,1,12,6,2,3,1,10,,10,,,1,12,12,10,12,12,12,12,5,3,10,2,7,10,1,10,8,11,12,12,11,5,1,1,3,9,11,12,1,12,11,12,10,1,1,1,1,1,12,12,,,2,12,,,1,12,1,5,1,11,11,4,12,9,4,2,3,9,9,4,12,9,12,12,11,1,1,12,,7,,,b'\x11\xe8\xe1I\xca\xb1\xc6R\xaf\x82\x12\xdf\x17\xaeN\x1e'
11E8E149-CAB1-C652-AF82-12DF17AE4E1E,2015-ncaa-d1-natl,ncaa,129,189,30,173,46,5,9,1,263,119,122,158,1,1,154,1,78,43,287,44,56,1,1,126,169,76,2,2,331,1,66,328,345,52,329,20,213,114,5,25,1,1,324,341,,,339,151,,,91,1,1,250,3,4,1,206,224,1,1,117,76,72,1,1,1,349,130,22,59,1,334,,322,,,96,349,349,318,349,349,341,349,161,56,344,6,317,327,61,328,184,328,348,349,349,316,6,7,86,318,345,349,66,349,329,349,327,1,1,139,131,10,343,338,,,71,347,,,91,349,26,297,119,348,349,274,349,333,103,24,274,291,292,302,346,274,348,346,349,1,80,334,,151,,,b'\x11\xe8\xe1I\xca\xb1\xc6R\xaf\x82\x12\xdf\x17\xaeN\x1e'
11E8E149-CAB1-C652-AF82-12DF17AE4E1E,2016-ncaa-d0-natl,ncaa,177,204,114,198,148,10,13,2,279,127,173,93,1,1,250,2,83,60,227,63,49,2,2,151,181,84,3,3,312,2,68,281,340,51,312,35,205,85,3,30,2,2,261,317,,,317,112,,,136,4,1,212,2,6,1,132,196,1,1,72,41,45,1,1,1,319,25,17,71,1,269,,316,,,135,349,349,333,349,349,348,349,137,79,299,18,291,243,334,241,58,336,347,349,349,321,1,11,58,328,340,348,68,348,312,349,325,3,16,214,93,7,322,314,,,114,348,,,136,345,32,310,143,348,349,346,349,349,131,55,285,240,238,344,349,321,349,349,348,1,90,314,,100,,,b'\x11\xe8\xe1I\xca\xb1\xc6R\xaf\x82\x12\xdf\x17\xaeN\x1e'
11E8E149-CAB1-C652-AF82-12DF17AE4E1E,2016-ncaa-d1-conf-Big Sky,ncaa,7,7,5,7,6,1,1,1,9,7,10,5,1,1,8,1,8,5,12,6,6,1,1,7,8,6,2,1,11,1,1,11,12,3,9,1,8,4,1,2,1,1,8,8,,,11,5,,,5,1,1,7,1,1,1,6,9,1,1,8,5,5,1,1,1,11,1,2,4,1,8,,10,,,4,12,12,11,12,12,12,12,4,3,9,2,10,7,10,7,3,12,12,12,12,9,1,1,3,12,12,12,1,12,9,11,11,2,2,7,3,1,8,9,,,8,12,,,5,12,2,9,5,11,11,11,12,12,5,4,10,8,8,11,12,11,12,12,11,1,3,9,,7,,,b'\x11\xe8\xe1I\xca\xb1\xc6R\xaf\x82\x12\xdf\x17\xaeN\x1e'
11E8E149-CAB1-C652-AF82-12DF17AE4E1E,2016-ncaa-d1-natl,ncaa,191,204,142,205,179,10,15,2,287,155,205,100,1,1,253,2,96,73,225,76,46,2,2,162,188,91,3,3,310,2,73,312,342,61,323,38,212,54,4,32,2,2,270,324,,,306,115,,,156,7,1,199,2,6,1,148,204,1,1,72,40,45,1,1,1,327,27,19,72,1,269,,315,,,156,349,349,329,349,349,348,349,122,57,305,17,282,228,338,224,60,330,347,349,349,326,1,10,60,320,342,347,73,348,323,348,324,3,19,219,77,7,320,320,,,132,348,,,156,344,34,319,161,349,349,346,349,349,134,55,289,241,240,345,349,324,349,349,348,1,89,316,,102,,,b'\x11\xe8\xe1I\xca\xb1\xc6R\xaf\x82\x12\xdf\x17\xaeN\x1e'
11E8E149-CAB1-C652-AF82-12DF17AE4E1E,2017-ncaa-d0-natl,ncaa,267,265,234,273,263,45,42,15,254,128,154,105,8,2,285,7,197,184,238,183,204,22,25,180,223,126,26,12,337,21,132,311,256,147,303,114,280,62,11,76,17,18,338,345,,,257,153,,,260,32,1,178,7,9,1,86,105,3,1,166,137,138,1,2,5,311,67,63,116,3,339,,308,,,261,348,348,270,349,349,308,349,213,72,347,27,287,224,345,222,108,270,304,349,349,347,16,35,92,104,256,347,132,331,303,349,347,30,41,305,73,19,319,314,,,239,348,,,260,317,86,337,253,349,349,337,349,347,250,109,317,260,260,341,347,164,349,347,349,6,107,331,,208,,,b'\x11\xe8\xe1I\xca\xb1\xc6R\xaf\x82\x12\xdf\x17\xaeN\x1e'
11E8E149-CAB1-C652-AF82-12DF17AE4E1E,2017-ncaa-d1-conf-Big Sky,ncaa,9,8,7,9,10,3,2,1,11,6,8,5,2,1,10,2,7,7,8,8,6,1,2,10,10,8,2,2,11,1,2,12,10,8,10,7,12,1,1,3,1,1,11,12,,,10,9,,,8,2,1,6,1,1,1,5,5,2,1,5,4,4,1,1,1,12,5,7,1,1,11,,12,,,8,12,12,6,12,12,11,12,7,2,12,1,8,5,11,4,2,5,10,12,12,12,1,3,3,5,10,12,2,11,10,12,11,1,1,9,1,1,11,12,,,11,12,,,8,11,4,12,8,12,12,9,12,12,9,2,9,7,6,10,12,5,12,12,12,1,1,11,,10,,,b'\x11\xe8\xe1I\xca\xb1\xc6R\xaf\x82\x12\xdf\x17\xaeN\x1e'
11E8E149-CAB1-C652-AF82-12DF17AE4E1E,2017-ncaa-d1-natl,ncaa,269,265,217,271,266,33,34,6,266,138,171,113,6,1,277,7,194,184,218,178,189,11,16,181,221,124,22,8,334,14,123,315,260,141,295,98,274,66,10,71,14,22,337,343,,,266,148,,,254,24,2,178,8,9,1,103,127,1,1,163,147,146,1,2,5,310,61,54,114,3,337,,305,,,254,348,349,286,349,349,320,349,209,63,347,25,287,233,343,230,108,290,319,349,349,347,12,31,90,119,260,348,123,339,295,349,347,28,46,307,76,19,325,317,,,234,348,,,254,325,84,335,250,349,349,338,349,347,248,104,310,266,262,341,347,167,349,347,349,7,110,335,,207,,,b'\x11\xe8\xe1I\xca\xb1\xc6R\xaf\x82\x12\xdf\x17\xaeN\x1e'
11E8E149-CAB1-C652-AF82-12DF17AE4E1E,2018-ncaa-d0-natl,ncaa,310,308,242,316,267,122,134,60,278,222,197,231,38,19,217,24,266,275,184,261,252,75,117,222,257,150,45,31,310,114,239,270,302,211,326,216,315,22,21,111,130,138,204,215,,,272,240,,,315,125,18,185,59,63,7,188,157,21,6,251,254,231,7,21,70,242,152,203,49,100,192,,307,,,314,337,331,253,346,325,203,346,322,279,331,250,283,276,198,274,263,263,236,347,347,347,183,216,123,261,302,338,239,328,326,340,262,220,252,328,42,38,192,208,,,330,349,,,315,220,143,347,313,349,347,331,347,274,337,318,308,305,304,335,331,307,349,346,346,185,78,222,,332,,,b'\x11\xe8\xe1I\xca\xb1\xc6R\xaf\x82\x12\xdf\x17\xaeN\x1e'
11E8E149-CAB1-C652-AF82-12DF17AE4E1E,2018-ncaa-d1-conf-Big Sky,ncaa,9,9,7,9,9,8,8,2,9,7,8,9,5,4,8,4,11,11,8,11,10,2,4,8,9,8,5,4,11,2,6,10,12,9,12,10,12,1,1,5,5,5,5,4,,,10,9,,,10,6,2,3,5,4,1,5,8,4,4,11,11,11,1,1,2,9,6,10,1,4,4,,11,,,10,11,11,7,12,12,6,12,8,8,9,6,8,9,3,9,10,8,7,12,12,12,4,6,4,11,12,12,6,12,12,11,8,6,6,8,1,1,7,6,,,12,12,,,10,7,8,12,10,12,12,9,12,9,9,9,8,9,9,10,11,12,12,12,11,5,1,8,,12,,,b'\x11\xe8\xe1I\xca\xb1\xc6R\xaf\x82\x12\xdf\x17\xaeN\x1e'
11E8E149-CAB1-C652-AF82-12DF17AE4E1E,2018-ncaa-d1-natl,ncaa,305,307,213,310,272,111,118,46,277,212,212,216,36,13,217,23,263,272,176,261,253,65,96,216,254,146,45,32,313,101,231,272,310,208,324,212,312,20,23,110,126,135,211,227,,,283,247,,,313,105,21,187,55,54,7,186,158,21,6,247,253,231,7,20,71,240,148,189,52,98,202,,312,,,314,342,332,277,345,331,211,346,325,294,329,255,280,283,174,278,253,285,264,346,347,345,174,216,117,292,310,344,231,335,324,342,262,217,255,330,50,45,188,208,,,325,349,,,313,244,136,347,311,349,347,333,346,275,338,320,305,302,303,337,329,315,348,345,346,187,82,210,,328,,,b'\x11\xe8\xe1I\xca\xb1\xc6R\xaf\x82\x12\xdf\x17\xaeN\x1e'
11E8E149-CAB1-C652-AF82-12DF17AE4E1E,2019-ncaa-d0-natl,ncaa,266,245,292,266,292,198,191,109,292,263,271,193,72,20,302,21,284,250,302,247,174,122,144,247,278,229,62,34,301,143,240,231,328,190,323,239,273,96,89,192,110,118,50,72,,,239,214,,,283,156,10,35,98,97,5,215,210,38,6,256,197,192,9,5,74,127,75,182,192,58,24,,322,,,290,288,299,255,286,330,291,297,101,126,122,67,234,253,138,259,168,264,229,256,245,288,37,43,172,318,328,328,240,334,323,308,244,246,279,309,164,146,265,313,,,331,349,,,283,193,229,315,280,345,346,347,349,349,172,207,292,302,305,349,350,346,350,350,337,171,235,307,,318,,,b'\x11\xe8\xe1I\xca\xb1\xc6R\xaf\x82\x12\xdf\x17\xaeN\x1e'
11E8E149-CAB1-C652-AF82-12DF17AE4E1E,2019-ncaa-d1-conf-Big Sky,ncaa,9,9,7,9,7,10,8,7,9,9,8,9,4,4,9,4,11,10,11,10,4,7,7,9,9,9,5,4,9,6,10,10,10,7,10,9,9,9,9,10,2,2,2,3,,,10,10,,,9,7,2,1,9,7,2,9,7,4,3,11,10,10,4,2,6,9,6,9,10,2,2,,11,,,9,6,7,8,5,7,8,6,4,5,4,2,6,9,2,10,8,8,9,4,4,4,3,3,8,11,10,9,10,11,10,8,10,6,8,10,7,8,7,9,,,11,11,,,9,6,10,5,9,8,9,11,10,10,6,6,8,10,11,11,11,11,10,11,11,3,8,7,,11,,,b'\x11\xe8\xe1I\xca\xb1\xc6R\xaf\x82\x12\xdf\x17\xaeN\x1e'
11E8E149-CAB1-C652-AF82-12DF17AE4E1E,2019-ncaa-d1-natl,ncaa,266,245,314,264,314,197,192,98,298,267,274,193,74,19,311,20,270,248,295,247,166,109,134,262,287,244,59,37,287,124,231,216,326,174,320,248,282,113,97,204,109,126,46,66,,,245,207,,,294,148,11,34,98,100,6,220,207,42,4,230,180,178,10,6,60,106,58,197,204,60,23,,319,,,297,314,320,277,288,332,303,301,132,167,117,94,228,249,109,253,154,284,255,259,248,292,36,47,143,335,326,333,231,340,320,316,256,253,293,320,173,140,280,322,,,334,347,,,294,201,230,322,291,347,347,349,349,349,201,240,284,296,302,351,350,347,351,351,339,183,231,317,,310,,,b'\x11\xe8\xe1I\xca\xb1\xc6R\xaf\x82\x12\xdf\x17\xaeN\x1e'
11E8E149-CAB1-C652-AF82-12DF17AE4E1E,2020-ncaa-d0-natl,ncaa,315,306,260,316,265,162,189,44,326,284,256,274,44,8,292,24,197,173,231,167,112,51,95,289,292,228,30,30,204,103,226,315,337,254,337,229,254,57,32,142,141,167,257,273,,,243,182,,,321,109,17,22,88,129,4,258,211,26,5,144,119,116,6,10,63,307,211,197,104,120,244,,285,,,321,342,335,260,341,323,190,346,308,297,286,260,289,267,287,265,251,270,271,344,347,342,187,200,155,307,337,342,226,341,337,341,326,151,204,326,112,76,323,340,,,247,301,,,321,238,215,346,319,350,348,335,343,269,334,328,311,291,290,342,341,328,349,349,346,112,168,339,,183,,,b'\x11\xe8\xe1I\xca\xb1\xc6R\xaf\x82\x12\xdf\x17\xaeN\x1e'
11E8E149-CAB1-C652-AF82-12DF17AE4E1E,2020-ncaa-d1-conf-Big Sky,ncaa,9,9,8,9,9,8,9,2,11,10,8,10,3,1,9,2,8,6,11,6,4,3,4,10,11,9,3,3,7,3,5,11,11,8,11,10,8,3,3,8,4,6,7,7,,,6,3,,,9,4,1,6,6,6,1,9,8,3,1,6,6,6,1,1,1,10,6,9,5,3,7,,7,,,9,11,11,9,11,10,5,10,10,11,7,10,6,6,5,6,5,10,11,11,11,9,6,10,2,11,11,11,5,11,11,9,9,3,4,9,4,3,11,11,,,7,9,,,9,7,8,10,9,11,11,11,11,6,10,11,6,6,6,11,11,11,11,11,10,3,5,11,,7,,,b'\x11\xe8\xe1I\xca\xb1\xc6R\xaf\x82\x12\xdf\x17\xaeN\x1e'
11E8E149-CAB1-C652-AF82-12DF17AE4E1E,2020-ncaa-d1-natl,ncaa,303,305,128,307,141,88,114,10,331,223,189,263,32,5,306,24,165,118,257,114,121,11,13,290,298,232,44,40,223,31,180,296,335,172,333,174,249,94,31,135,64,114,247,273,,,290,184,,,293,21,17,28,70,101,3,229,190,26,5,147,116,115,3,5,29,303,158,172,107,59,249,,287,,,293,349,345,302,338,332,234,343,317,316,249,256,321,302,296,298,261,322,335,339,344,329,189,183,188,324,335,347,180,348,333,345,329,57,139,288,152,67,340,339,,,203,319,,,293,329,208,333,294,348,346,325,335,246,326,322,318,298,296,338,342,325,349,349,345,53,169,340,,190,,,b'\x11\xe8\xe1I\xca\xb1\xc6R\xaf\x82\x12\xdf\x17\xaeN\x1e'
11E8E149-CAB1-C652-AF82-12DF17AE4E1E,2021-ncaa-d0-natl,ncaa,307,341,59,321,64,107,115,42,301,188,158,238,31,8,262,11,137,135,187,140,115,48,47,252,257,219,30,19,214,94,282,103,274,102,319,172,303,234,81,225,82,173,152,250,,,214,52,,,317,45,51,89,148,187,38,298,290,30,4,212,212,214,49,65,175,217,210,277,129,137,226,,105,,,295,328,323,305,291,317,290,304,295,303,198,216,285,243,333,242,120,304,296,296,301,313,137,175,131,310,274,336,282,335,319,332,234,111,245,291,312,240,340,343,,,126,281,,,317,292,231,313,295,323,324,310,310,260,270,273,229,175,177,307,303,271,334,333,314,201,273,340,,228,,,b'\x11\xe8\xe1I\xca\xb1\xc6R\xaf\x82\x12\xdf\x17\xaeN\x1e'
11E8E149-CAB1-C652-AF82-12DF17AE4E1E,2021-ncaa-d1-conf-Big Sky,ncaa,10,11,1,10,1,4,4,2,11,6,5,9,1,1,10,1,5,4,11,3,3,1,1,10,11,10,1,1,9,2,11,4,10,2,11,5,11,9,4,7,4,6,5,7,,,11,3,,,10,1,2,4,8,6,3,11,11,2,1,9,7,7,2,1,5,8,7,9,6,6,6,,8,,,9,11,11,11,10,10,11,10,10,11,7,5,11,11,7,11,8,11,11,10,9,10,5,4,7,11,10,11,11,11,11,10,9,2,5,8,11,8,11,11,,,3,9,,,10,11,10,10,10,10,11,8,10,9,7,7,10,9,9,9,11,10,11,11,9,5,8,11,,7,,,b'\x11\xe8\xe1I\xca\xb1\xc6R\xaf\x82\x12\xdf\x17\xaeN\x1e'
11E8E149-CAB1-C652-AF82-12DF17AE4E1E,2021-ncaa-d1-natl,ncaa,312,341,70,326,74,115,128,53,305,203,173,247,34,9,263,11,150,145,188,149,111,57,62,256,263,222,28,19,213,106,286,119,279,117,320,189,304,221,83,232,93,177,164,254,,,205,52,,,320,52,52,86,155,190,42,302,292,35,4,216,211,215,56,69,181,222,220,284,128,140,229,,106,,,303,326,322,301,292,316,287,302,289,295,209,215,277,239,333,239,125,300,286,296,303,314,133,174,132,302,279,334,286,332,320,330,235,126,253,300,306,244,340,343,,,140,281,,,320,285,239,316,304,324,326,311,310,262,271,273,235,178,179,308,301,271,335,334,315,204,273,340,,229,,,b'\x11\xe8\xe1I\xca\xb1\xc6R\xaf\x82\x12\xdf\x17\xaeN\x1e'
11E8E149-CAB1-C652-AF82-12DF17AE4E1E,2022-ncaa-d0-natl,ncaa,199,210,163,214,189,167,151,245,49,194,279,40,86,116,63,71,267,272,158,271,191,250,280,37,49,43,117,79,293,288,243,190,125,245,144,163,186,33,94,85,326,322,222,249,,,84,180,,,202,268,344,210,156,138,296,202,313,82,107,278,285,284,299,350,309,191,282,158,42,336,218,,79,,,202,214,223,177,263,205,236,143,224,74,355,70,130,104,285,111,81,162,83,265,260,340,157,212,103,103,125,59,243,67,144,264,246,351,352,351,142,226,8,27,,,320,309,,,202,86,60,334,206,219,240,181,220,263,230,70,130,113,112,158,17,107,40,45,272,355,149,11,,343,,,b'\x11\xe8\xe1I\xca\xb1\xc6R\xaf\x82\x12\xdf\x17\xaeN\x1e'
11E8E149-CAB1-C652-AF82-12DF17AE4E1E,2022-ncaa-d1-conf-Big Sky,ncaa,7,6,5,7,6,7,4,9,1,6,10,1,5,6,3,3,8,8,9,8,7,10,10,1,1,2,6,4,9,9,7,8,9,9,5,3,4,4,6,4,9,9,3,4,,,3,6,,,7,9,10,5,6,3,8,5,9,5,5,8,8,8,9,10,9,8,9,3,3,10,3,,4,,,7,6,7,4,8,6,9,3,4,1,10,1,2,3,2,3,3,4,2,8,6,9,4,6,1,9,9,1,7,2,5,8,7,10,10,9,5,6,2,2,,,9,7,,,7,2,1,9,7,7,8,5,8,10,4,1,3,3,3,6,1,9,1,2,9,10,5,2,,9,,,b'\x11\xe8\xe1I\xca\xb1\xc6R\xaf\x82\x12\xdf\x17\xaeN\x1e'
11E8E149-CAB1-C652-AF82-12DF17AE4E1E,2022-ncaa-d1-natl,ncaa,199,209,146,210,178,178,165,250,49,201,291,41,88,117,67,70,262,277,138,277,180,255,294,37,46,45,114,84,282,301,257,194,120,250,148,167,186,32,98,90,326,313,228,259,,,83,170,,,217,276,344,210,163,151,304,208,316,82,113,269,278,278,308,352,311,199,293,165,38,334,228,,74,,,217,211,234,174,267,208,239,145,241,86,355,76,122,102,258,106,84,156,67,279,268,345,169,230,97,91,120,64,257,61,148,267,252,352,352,351,137,224,7,30,,,325,310,,,217,75,66,337,217,220,246,177,212,249,248,70,120,107,106,155,16,104,45,49,269,355,144,13,,340,,,b'\x11\xe8\xe1I\xca\xb1\xc6R\xaf\x82\x12\xdf\x17\xaeN\x1e'
11E8E149-CAB1-C652-AF82-12DF17AE4E1E,2023-ncaa-d0-natl,ncaa,33,34,46,35,56,75,82,185,10,190,326,11,9,33,5,21,200,204,127,207,64,197,185,5,7,12,20,9,317,212,113,65,38,106,18,120,224,191,219,132,321,331,93,109,,,230,272,,,53,178,357,148,102,110,341,276,356,11,58,255,282,285,343,354,278,96,189,165,112,348,113,,140,,,55,184,190,240,95,194,284,60,141,124,219,88,226,178,321,172,102,236,147,82,98,220,169,147,219,97,38,23,113,28,18,33,14,344,352,248,247,253,1,4,,,148,108,,,53,178,15,202,47,56,61,80,98,190,90,58,153,105,101,65,7,36,2,2,14,361,178,1,,252,,,b'\x11\xe8\xe1I\xca\xb1\xc6R\xaf\x82\x12\xdf\x17\xaeN\x1e'
11E8E149-CAB1-C652-AF82-12DF17AE4E1E,2023-ncaa-d1-conf-Big Sky,ncaa,1,1,1,1,2,2,2,5,1,4,9,1,1,3,1,2,8,7,7,7,3,5,4,1,1,1,2,1,9,4,1,2,2,2,1,3,7,8,8,5,8,8,1,3,,,8,9,,,1,4,10,6,3,3,8,6,10,1,3,8,9,9,9,9,4,5,5,4,7,8,3,,6,,,1,4,4,6,2,4,6,2,2,3,6,3,8,8,4,8,6,7,4,1,1,5,6,4,8,3,2,1,1,1,1,1,1,9,9,6,10,10,1,1,,,3,4,,,1,7,1,5,1,2,2,3,3,4,2,2,7,7,7,3,1,2,1,1,1,10,7,1,,7,,,b'\x11\xe8\xe1I\xca\xb1\xc6R\xaf\x82\x12\xdf\x17\xaeN\x1e'
11E8E149-CAB1-C652-AF82-12DF17AE4E1E,2023-ncaa-d1-natl,ncaa,37,34,56,36,69,87,99,241,10,224,340,11,10,42,4,21,219,227,132,227,59,254,250,5,7,12,19,9,318,248,124,77,39,131,20,143,232,161,224,140,337,337,99,113,,,203,279,,,57,244,357,142,115,125,344,287,356,12,63,260,285,288,346,354,293,103,210,175,112,350,115,,144,,,60,158,148,207,105,167,265,67,124,100,232,88,210,155,327,150,105,201,90,89,111,248,168,152,222,73,39,6,124,8,20,20,18,354,355,258,226,265,1,4,,,180,98,,,57,113,16,226,50,65,68,83,109,192,93,58,163,107,103,68,6,38,2,2,18,361,178,1,,253,,,b'\x11\xe8\xe1I\xca\xb1\xc6R\xaf\x82\x12\xdf\x17\xaeN\x1e'
11E8E149-CAB1-C652-AF82-12DF17AE4E1E,2023-ncaa-d1-ncaatournament,ncaa,36,2,36,36,38,64,62,65,52,60,58,56,50,60,34,44,58,49,65,49,26,63,67,52,60,58,35,27,45,64,64,41,54,50,57,47,13,7,26,25,67,67,45,44,,,2,3,,,51,65,66,7,64,62,65,57,52,44,52,58,36,34,63,67,62,24,41,40,10,67,35,,2,,,54,8,19,30,33,19,24,40,20,26,23,47,2,1,3,1,1,20,6,31,21,42,10,46,2,26,54,19,64,25,57,19,41,68,68,68,6,18,23,50,,,52,17,,,51,2,60,51,58,31,52,62,52,54,40,51,2,1,1,50,10,55,51,57,51,68,9,45,,37,,,b'\x11\xe8\xe1I\xca\xb1\xc6R\xaf\x82\x12\xdf\x17\xaeN\x1e'
11E8E149-CAB1-C652-AF82-12DF17AE4E1E,2024-ncaa-d0-natl,ncaa,319,338,143,333,181,266,264,249,270,312,282,287,133,150,122,88,302,292,270,285,213,267,235,226,245,281,65,54,261,237,235,231,304,240,289,210,107,290,323,264,231,243,194,163,,,135,138,,,316,230,283,261,318,320,315,337,311,140,158,321,302,300,326,300,260,270,294,225,281,248,200,,120,,,310,229,185,175,209,78,67,203,332,310,308,337,222,196,293,190,274,179,163,262,275,290,346,343,205,290,304,173,235,239,289,220,234,202,198,228,313,329,24,55,,,210,169,,,316,129,291,311,317,222,174,150,60,29,341,328,215,186,184,155,125,290,170,237,208,211,309,19,,242,,,b'\x11\xe8\xe1I\xca\xb1\xc6R\xaf\x82\x12\xdf\x17\xaeN\x1e'
11E8E149-CAB1-C652-AF82-12DF17AE4E1E,2024-ncaa-d1-conf-Big Sky,ncaa,8,8,3,8,4,4,4,4,8,6,6,8,4,5,6,3,8,6,10,6,7,4,3,6,8,7,5,3,8,5,8,6,9,5,9,5,4,7,6,5,7,7,5,4,,,9,9,,,8,3,2,5,6,6,5,7,6,4,4,8,7,7,5,3,5,7,7,4,6,8,5,,9,,,8,9,6,6,8,5,4,8,9,9,9,7,10,10,4,9,9,9,8,8,8,8,8,7,10,10,9,8,8,10,9,8,6,4,4,6,10,9,1,2,,,3,3,,,8,7,7,8,8,9,6,5,5,4,9,8,10,10,10,9,9,9,10,10,8,4,10,1,,3,,,b'\x11\xe8\xe1I\xca\xb1\xc6R\xaf\x82\x12\xdf\x17\xaeN\x1e'
11E8E149-CAB1-C652-AF82-12DF17AE4E1E,2024-ncaa-d1-natl,ncaa,334,339,194,341,237,306,309,302,290,337,320,308,153,174,123,86,319,308,271,302,213,315,290,237,261,298,62,54,262,274,251,270,313,289,302,252,114,275,328,279,268,257,213,167,,,104,143,,,327,286,293,262,329,331,323,344,319,146,162,325,305,303,333,308,268,282,307,243,284,261,205,,122,,,325,206,156,133,225,56,45,213,328,299,314,337,205,177,299,173,275,128,103,276,287,311,349,345,204,277,313,143,251,201,302,206,236,245,213,245,302,334,17,62,,,243,162,,,327,71,306,326,328,241,195,156,68,30,345,329,219,193,191,162,124,298,179,244,228,227,315,19,,247,,,b'\x11\xe8\xe1I\xca\xb1\xc6R\xaf\x82\x12\xdf\x17\xaeN\x1e'
11E8E149-CAB1-C652-AF82-12DF17AE4E1E,2025-ncaa-d0-natl,genius_ncaa,203,227,135,220,157,196,213,237,182,245,242,211,164,198,99,173,131,123,213,114,61,215,183,158,156,209,89,142,95,276,293,142,170,208,228,134,41,316,319,209,128,123,102,100,,,316,318,,264,195,146,143,208,231,254,305,272,272,171,205,135,124,114,287,227,295,141,237,129,304,124,103,,318,,269,196,176,96,173,60,82,186,55,166,183,156,155,336,310,355,307,287,208,224,59,130,114,314,167,346,200,170,205,293,202,228,120,199,119,130,98,315,315,62,110,,,74,31,,43,195,222,244,123,186,158,73,140,75,154,156,161,334,302,295,184,225,203,182,190,108,113,307,64,,49,,39,b'\x11\xe8\xe1I\xca\xb1\xc6R\xaf\x82\x12\xdf\x17\xaeN\x1e'
11E8E149-CAB1-C652-AF82-12DF17AE4E1E,2025-ncaa-d1-conf-Big Sky,genius_ncaa,7,7,3,7,4,6,7,7,5,8,7,7,5,5,6,6,5,4,7,4,4,7,6,6,5,7,5,5,5,10,10,4,6,6,9,4,1,10,9,6,5,7,3,3,,,10,10,,10,8,4,4,5,8,7,9,8,8,5,7,5,5,5,8,7,10,4,6,4,10,6,2,,10,,10,8,6,4,8,2,4,8,3,7,7,3,5,9,10,7,10,9,8,8,3,5,4,9,4,10,5,6,6,10,7,9,7,8,3,5,4,9,9,4,4,,,3,1,,1,8,8,9,4,8,5,4,5,4,5,6,7,9,10,10,9,9,5,6,7,5,4,9,4,,3,,1,b'\x11\xe8\xe1I\xca\xb1\xc6R\xaf\x82\x12\xdf\x17\xaeN\x1e'
11E8E149-CAB1-C652-AF82-12DF17AE4E1E,2025-ncaa-d1-natl,genius_ncaa,193,226,113,219,136,185,216,239,173,235,235,184,167,198,111,177,136,138,201,129,65,218,168,156,151,206,101,148,109,278,285,129,154,204,214,122,42,330,326,214,112,120,101,104,,,324,324,,288,196,137,142,212,223,252,308,265,267,177,203,139,137,126,292,230,291,135,237,121,318,122,105,,319,,284,195,181,104,187,63,92,198,50,172,179,180,137,338,311,356,306,286,214,232,70,140,126,311,164,347,195,154,199,285,196,214,126,194,107,131,99,325,320,59,101,,,73,33,,40,196,234,244,124,186,161,78,141,76,161,157,142,338,301,301,187,223,180,168,176,106,122,315,57,,53,,38,b'\x11\xe8\xe1I\xca\xb1\xc6R\xaf\x82\x12\xdf\x17\xaeN\x1e'
11E8E149-CAB1-C652-AF82-12DF17AE4E1E,2026-ncaa-d0-natl,genius_ncaa,163,198,116,199,120,175,158,164,180,149,183,138,151,114,262,103,285,288,176,277,315,180,167,181,211,225,238,142,320,150,166,121,236,128,174,204,292,276,261,258,201,236,70,66,,,203,192,,118,200,169,259,41,233,184,185,178,225,177,129,320,326,320,229,193,181,106,118,254,255,228,57,,184,,104,198,190,195,237,86,236,246,148,101,225,21,166,208,246,72,233,185,239,202,63,69,126,92,83,216,303,236,200,166,240,174,111,53,222,289,159,273,258,136,135,,,205,272,,87,200,183,225,168,208,140,156,247,215,246,68,199,193,229,207,257,185,295,160,227,69,277,265,120,,266,,99,b'\x11\xe8\xe1I\xca\xb1\xc6R\xaf\x82\x12\xdf\x17\xaeN\x1e'
11E8E149-CAB1-C652-AF82-12DF17AE4E1E,2026-ncaa-d1-natl,genius_ncaa,163,195,85,192,89,139,100,113,120,91,125,80,145,110,264,126,276,273,219,262,320,132,111,135,164,197,303,188,334,85,80,111,228,93,137,148,254,290,248,227,116,143,57,55,,,213,156,,108,142,124,226,47,179,108,132,97,167,186,134,318,321,314,182,142,97,132,116,178,259,140,60,,162,,96,147,198,202,238,107,214,221,165,163,260,54,212,187,222,67,202,177,238,243,99,101,112,140,150,166,288,228,177,80,228,137,114,67,128,175,107,286,241,108,81,,,199,296,,68,142,224,179,139,156,127,145,196,165,170,114,228,146,185,157,189,193,261,103,166,68,169,265,83,,262,,87,b'\x11\xe8\xe1I\xca\xb1\xc6R\xaf\x82\x12\xdf\x17\xaeN\x1e'
11E8E149-CAB6-4164-AF82-12DF17AE4E1E,2010-ncaa-d0-natl,ncaa,99,62,178,88,226,195,206,249,145,227,220,231,110,203,9,174,195,237,56,238,213,250,272,109,106,106,87,83,194,217,145,260,287,250,216,140,68,71,149,90,161,119,198,203,,,44,75,,,92,274,287,283,182,197,251,236,217,103,200,185,235,238,261,290,207,281,267,111,88,143,200,,57,,,93,41,80,105,133,157,156,158,34,73,36,107,53,40,253,42,49,82,93,101,86,65,40,78,106,206,287,64,145,98,216,26,37,170,115,49,34,82,271,297,,,256,187,,,92,79,102,100,86,57,91,110,177,180,36,74,64,52,53,71,87,241,66,128,38,146,51,284,,261,,,b'\x11\xe8\xe1I\xca\xb6Ad\xaf\x82\x12\xdf\x17\xaeN\x1e'
11E8E149-CAB6-4164-AF82-12DF17AE4E1E,2010-ncaa-d1-conf-NEC,ncaa,5,5,6,5,9,8,8,6,8,7,7,9,6,7,3,6,6,8,2,8,8,6,8,8,7,5,5,5,4,8,9,9,9,9,9,8,10,2,2,5,4,3,7,7,,,2,2,,,4,8,10,11,8,8,4,7,6,4,7,5,8,8,5,8,7,10,9,8,2,3,6,,2,,,4,1,2,4,4,6,7,4,2,2,2,2,2,3,5,2,4,2,5,2,2,2,2,2,5,6,9,4,9,7,9,1,1,4,3,1,2,3,5,5,,,9,9,,,4,4,5,2,4,2,3,3,5,9,2,2,4,4,4,2,5,7,8,9,1,3,3,5,,9,,,b'\x11\xe8\xe1I\xca\xb6Ad\xaf\x82\x12\xdf\x17\xaeN\x1e'
11E8E149-CAB6-4164-AF82-12DF17AE4E1E,2010-ncaa-d1-natl,ncaa,102,62,191,89,258,210,224,266,147,240,236,236,116,218,10,175,202,250,55,251,213,274,298,112,108,110,86,83,190,237,150,282,289,269,224,146,70,58,149,90,172,124,206,207,,,36,77,,,96,302,290,285,185,204,254,238,219,102,202,184,237,239,262,291,214,283,270,115,92,152,201,,58,,,95,32,66,87,138,142,137,165,30,61,39,106,46,36,254,39,51,54,67,107,91,73,40,76,105,186,289,43,150,78,224,22,37,190,120,55,30,82,267,300,,,279,187,,,96,50,105,105,89,57,94,112,182,182,36,74,68,53,54,74,85,243,66,129,39,154,52,288,,262,,,b'\x11\xe8\xe1I\xca\xb6Ad\xaf\x82\x12\xdf\x17\xaeN\x1e'
11E8E149-CAB6-4164-AF82-12DF17AE4E1E,2011-ncaa-d0-natl,ncaa,123,111,119,123,161,194,187,217,159,215,223,181,109,146,76,109,246,274,89,270,246,227,229,133,137,165,112,86,242,286,287,237,205,271,271,163,124,163,224,173,138,123,288,290,,,114,141,,,125,197,243,257,232,225,258,248,266,113,146,261,294,293,285,296,304,275,315,173,162,144,296,,101,,,124,57,94,80,178,141,121,191,74,82,92,125,77,113,27,114,148,76,144,158,123,58,68,108,126,141,205,167,287,164,271,38,39,57,31,23,118,173,228,267,,,231,203,,,125,154,193,56,117,59,86,47,127,94,69,72,75,102,104,37,87,129,148,142,33,54,121,215,,269,,,b'\x11\xe8\xe1I\xca\xb6Ad\xaf\x82\x12\xdf\x17\xaeN\x1e'
11E8E149-CAB6-4164-AF82-12DF17AE4E1E,2011-ncaa-d1-conf-NEC,ncaa,5,4,5,5,7,6,5,8,4,7,8,6,4,7,2,6,9,10,4,10,10,9,9,3,2,4,5,4,8,9,9,9,8,9,8,5,5,3,5,4,3,3,8,8,,,5,7,,,4,8,6,4,5,4,7,5,6,3,6,8,10,10,8,7,9,9,9,5,4,3,9,,7,,,4,1,2,1,6,2,1,7,2,2,3,4,6,7,3,7,8,1,3,6,6,1,4,2,7,2,8,4,9,3,8,1,1,2,1,1,3,6,11,10,,,9,8,,,4,4,5,2,4,3,2,1,2,2,2,2,6,7,7,2,5,5,6,6,2,1,6,11,,8,,,b'\x11\xe8\xe1I\xca\xb6Ad\xaf\x82\x12\xdf\x17\xaeN\x1e'
11E8E149-CAB6-4164-AF82-12DF17AE4E1E,2011-ncaa-d1-natl,ncaa,128,110,132,126,184,214,213,241,164,237,254,187,120,152,81,110,257,288,89,286,241,256,260,138,138,168,106,84,238,301,288,257,207,291,277,178,131,143,225,182,150,129,292,291,,,96,141,,,134,234,247,260,236,234,262,253,268,115,146,262,296,295,287,296,306,277,317,175,162,151,298,,100,,,131,40,79,59,184,125,103,199,63,75,94,120,65,97,31,99,144,54,107,163,128,61,66,108,121,122,207,145,288,136,277,27,37,69,33,25,105,175,220,271,,,255,203,,,134,119,199,61,125,61,89,49,133,98,69,71,73,102,104,40,86,136,149,143,37,60,124,221,,272,,,b'\x11\xe8\xe1I\xca\xb6Ad\xaf\x82\x12\xdf\x17\xaeN\x1e'
11E8E149-CAB6-4164-AF82-12DF17AE4E1E,2012-ncaa-d0-natl,ncaa,23,27,48,28,66,85,67,73,71,90,137,55,49,55,92,79,236,291,28,284,311,94,96,61,71,84,149,71,325,151,175,114,213,132,181,21,29,209,147,36,28,35,216,242,,,153,58,,,62,80,199,220,119,90,141,131,222,72,78,294,320,319,193,229,215,220,229,29,131,42,244,,61,,,62,173,170,229,95,150,213,85,218,222,197,201,129,123,162,134,111,214,268,109,95,48,197,239,122,258,213,223,175,244,181,72,47,29,40,22,160,119,158,131,,,268,329,,,62,266,96,51,60,72,87,98,70,98,165,164,77,76,85,78,153,187,110,133,45,50,103,104,,326,,,b'\x11\xe8\xe1I\xca\xb6Ad\xaf\x82\x12\xdf\x17\xaeN\x1e'
11E8E149-CAB6-4164-AF82-12DF17AE4E1E,2012-ncaa-d1-conf-NEC,ncaa,1,1,2,1,2,4,2,2,6,4,5,5,2,1,6,2,9,9,2,9,11,3,5,2,2,2,5,3,11,4,6,4,7,5,7,1,3,3,2,1,1,2,6,7,,,2,1,,,1,4,7,6,4,3,3,7,7,4,3,9,11,11,7,8,6,8,8,1,2,2,8,,2,,,3,5,5,8,2,4,8,3,9,10,6,10,2,2,4,2,2,8,9,4,1,1,6,9,2,10,7,9,6,10,7,2,1,1,1,1,3,1,9,8,,,7,11,,,1,8,3,1,1,1,2,5,2,2,7,8,2,2,2,4,5,6,8,8,1,2,1,9,,11,,,b'\x11\xe8\xe1I\xca\xb6Ad\xaf\x82\x12\xdf\x17\xaeN\x1e'
11E8E149-CAB6-4164-AF82-12DF17AE4E1E,2012-ncaa-d1-natl,ncaa,27,27,55,30,74,96,74,79,76,103,157,61,58,65,92,80,250,300,28,297,311,109,108,64,76,87,145,71,324,172,180,127,218,151,186,22,30,185,151,38,32,36,230,244,,,129,59,,,68,95,201,213,128,96,148,136,224,73,79,294,322,321,204,232,221,231,237,30,130,46,248,,63,,,67,151,158,208,103,139,193,91,209,210,200,201,118,112,167,121,113,190,252,114,101,58,198,238,124,241,218,201,180,227,186,66,46,32,42,22,140,122,152,140,,,285,328,,,68,252,99,61,65,77,93,101,76,102,169,163,78,77,83,83,151,188,114,136,48,55,103,104,,326,,,b'\x11\xe8\xe1I\xca\xb6Ad\xaf\x82\x12\xdf\x17\xaeN\x1e'
11E8E149-CAB6-4164-AF82-12DF17AE4E1E,2012-ncaa-d1-ncaatournament,ncaa,33,2,33,33,34,52,46,62,35,48,56,23,44,49,43,15,58,51,61,51,46,61,56,32,41,48,35,19,58,53,40,59,49,60,43,36,4,27,62,39,33,8,63,63,,,18,49,,,55,48,36,5,51,44,61,44,55,23,23,58,48,49,61,53,50,59,60,13,59,9,63,,42,,,57,22,19,7,61,11,8,41,29,8,64,25,18,18,36,14,44,4,14,62,61,58,52,54,26,9,49,3,40,4,43,11,19,34,3,13,30,60,12,41,,,52,43,,,55,17,53,57,57,53,48,8,26,17,56,14,38,38,35,5,19,16,9,6,28,6,57,24,,50,,,b'\x11\xe8\xe1I\xca\xb6Ad\xaf\x82\x12\xdf\x17\xaeN\x1e'
11E8E149-CAB6-4164-AF82-12DF17AE4E1E,2013-ncaa-d0-natl,ncaa,60,65,41,67,52,101,94,58,183,96,78,189,106,91,169,141,151,235,10,233,318,77,83,178,167,136,174,153,228,134,234,192,247,162,279,49,41,154,90,54,15,8,192,183,,,164,77,,,67,73,174,225,142,134,99,152,137,135,125,211,290,289,148,186,207,299,275,59,87,14,226,,79,,,68,144,115,157,120,84,127,98,234,208,236,231,168,193,90,186,214,164,272,153,141,31,275,270,195,240,247,313,234,302,279,158,214,10,3,14,145,92,80,44,,,260,334,,,67,270,145,34,74,53,49,34,38,34,185,163,111,135,130,36,161,157,254,229,97,7,99,50,,325,,,b'\x11\xe8\xe1I\xca\xb6Ad\xaf\x82\x12\xdf\x17\xaeN\x1e'
11E8E149-CAB6-4164-AF82-12DF17AE4E1E,2013-ncaa-d1-conf-NEC,ncaa,2,2,3,2,4,3,3,3,6,3,3,4,6,5,6,6,6,7,1,7,12,3,5,5,4,3,9,8,7,9,9,11,10,9,10,2,2,2,2,2,3,1,8,7,,,4,4,,,2,4,8,8,4,3,4,5,6,8,7,7,9,9,6,9,9,12,9,2,2,2,8,,3,,,2,2,1,1,5,2,2,4,8,2,11,8,6,6,3,6,8,3,7,4,6,2,10,9,7,6,10,10,9,8,10,2,5,2,1,2,1,2,3,2,,,8,12,,,2,9,2,2,2,2,1,1,1,2,6,2,6,6,6,1,4,2,7,5,2,2,1,2,,12,,,b'\x11\xe8\xe1I\xca\xb6Ad\xaf\x82\x12\xdf\x17\xaeN\x1e'
11E8E149-CAB6-4164-AF82-12DF17AE4E1E,2013-ncaa-d1-natl,ncaa,63,65,49,71,59,116,103,68,189,112,92,194,109,93,171,143,162,246,10,245,317,92,99,185,172,140,176,150,226,151,237,209,255,180,289,57,40,139,94,55,15,9,204,188,,,145,75,,,76,79,178,223,154,141,101,162,141,135,125,211,293,292,153,191,215,302,279,61,87,16,229,,81,,,73,126,101,136,131,76,99,106,226,200,240,231,159,179,93,174,215,137,262,154,146,37,274,268,197,231,255,309,237,296,289,152,217,11,3,17,138,94,75,45,,,271,334,,,76,257,149,40,82,54,54,35,39,34,186,163,113,136,130,34,160,157,258,231,106,8,99,54,,325,,,b'\x11\xe8\xe1I\xca\xb6Ad\xaf\x82\x12\xdf\x17\xaeN\x1e'
11E8E149-CAB6-4164-AF82-12DF17AE4E1E,2014-ncaa-d0-natl,ncaa,221,224,180,231,182,170,163,151,185,231,252,149,58,60,140,55,265,295,89,295,253,185,194,127,148,134,69,54,297,206,226,244,240,244,250,266,318,119,131,241,233,236,332,333,,,180,200,,,216,189,167,5,137,129,83,228,250,50,44,263,300,300,137,160,193,240,231,269,140,224,332,,214,,,218,230,210,145,273,198,150,245,220,158,304,170,227,203,260,210,234,163,168,280,289,275,218,196,212,175,240,205,226,206,250,108,45,158,162,120,89,111,302,331,,,277,294,,,216,164,146,274,214,278,260,196,227,200,244,178,255,238,241,218,225,206,247,255,143,142,115,327,,279,,,b'\x11\xe8\xe1I\xca\xb6Ad\xaf\x82\x12\xdf\x17\xaeN\x1e'
11E8E149-CAB6-4164-AF82-12DF17AE4E1E,2014-ncaa-d1-conf-NEC,ncaa,6,6,5,6,6,5,5,4,4,4,7,5,4,3,4,2,6,8,2,8,7,4,4,4,4,4,4,3,10,6,5,7,6,5,5,6,9,3,4,6,9,9,10,10,,,3,3,,,6,5,6,6,5,4,4,6,7,4,3,7,8,8,6,6,6,6,5,6,3,9,10,,5,,,6,8,8,6,8,9,6,8,4,4,5,4,6,4,7,5,4,6,5,8,8,9,2,4,4,6,6,4,5,6,5,5,3,9,9,9,1,1,9,10,,,8,8,,,6,5,5,9,6,8,8,6,9,8,4,4,6,5,6,7,6,7,5,6,6,9,1,9,,8,,,b'\x11\xe8\xe1I\xca\xb6Ad\xaf\x82\x12\xdf\x17\xaeN\x1e'
11E8E149-CAB6-4164-AF82-12DF17AE4E1E,2014-ncaa-d1-natl,ncaa,230,223,211,235,212,190,184,176,190,250,273,153,65,68,137,55,276,306,89,306,251,214,228,133,153,139,69,54,297,223,231,267,249,266,259,283,318,102,133,249,242,239,335,334,,,162,202,,,225,218,172,4,147,136,88,231,255,51,45,268,300,300,143,164,200,246,242,275,140,226,334,,213,,,228,208,193,119,283,185,131,258,212,144,305,169,210,191,268,197,234,131,136,286,294,285,219,198,213,155,249,188,231,180,259,101,48,175,168,126,77,108,299,331,,,303,296,,,225,130,151,283,223,284,266,196,234,203,244,177,256,240,244,221,223,206,248,258,146,146,112,327,,281,,,b'\x11\xe8\xe1I\xca\xb6Ad\xaf\x82\x12\xdf\x17\xaeN\x1e'
11E8E149-CAB6-4164-AF82-12DF17AE4E1E,2015-ncaa-d0-natl,ncaa,162,103,283,151,285,176,152,225,74,173,245,51,148,146,147,106,270,296,109,295,258,250,277,71,84,80,189,127,301,240,199,226,73,252,120,204,251,58,126,127,224,186,335,327,,,95,173,,,175,280,155,22,77,52,96,84,174,105,98,229,261,261,126,156,204,116,147,135,139,183,330,,194,,,175,137,130,76,266,80,30,288,284,268,259,323,119,107,218,111,239,66,58,300,295,297,296,307,128,32,73,63,199,43,120,120,114,239,207,203,40,82,52,90,,,302,270,,,175,74,88,266,170,282,264,210,177,66,319,320,188,175,180,218,187,81,173,133,188,202,93,77,,259,,,b'\x11\xe8\xe1I\xca\xb6Ad\xaf\x82\x12\xdf\x17\xaeN\x1e'
11E8E149-CAB6-4164-AF82-12DF17AE4E1E,2015-ncaa-d1-conf-NEC,ncaa,5,4,5,4,5,4,3,4,4,4,4,4,5,6,7,7,7,7,5,7,8,5,5,3,5,4,7,6,8,8,6,3,4,4,3,5,5,4,5,5,9,9,8,9,,,4,3,,,5,5,4,1,3,1,3,2,4,4,6,6,5,5,5,5,7,1,4,5,5,6,8,,5,,,5,7,8,8,4,5,4,7,10,10,6,10,5,5,3,5,6,8,6,6,5,7,6,10,3,5,4,6,6,7,3,4,4,9,10,6,2,2,7,6,,,9,9,,,5,6,6,7,5,6,8,9,5,6,10,10,5,6,6,9,7,5,7,8,5,6,2,8,,7,,,b'\x11\xe8\xe1I\xca\xb6Ad\xaf\x82\x12\xdf\x17\xaeN\x1e'
11E8E149-CAB6-4164-AF82-12DF17AE4E1E,2015-ncaa-d1-natl,ncaa,169,103,298,147,301,171,150,222,76,164,247,50,131,129,151,99,260,281,118,280,242,239,266,76,85,83,176,123,296,233,192,208,63,234,116,191,243,61,121,120,217,174,335,328,,,89,165,,,166,272,154,23,73,54,88,93,183,99,91,222,259,256,121,160,194,105,140,129,136,180,331,,174,,,164,140,137,81,260,77,30,282,289,279,232,324,118,110,235,114,231,70,61,287,280,285,293,302,129,29,63,84,192,41,116,113,112,242,206,196,40,77,51,92,,,305,269,,,166,87,83,257,156,267,255,205,166,66,320,318,182,163,168,207,183,74,175,127,183,196,84,76,,255,,,b'\x11\xe8\xe1I\xca\xb6Ad\xaf\x82\x12\xdf\x17\xaeN\x1e'
11E8E149-CAB6-4164-AF82-12DF17AE4E1E,2016-ncaa-d0-natl,ncaa,86,111,38,104,43,96,115,149,83,156,215,79,79,91,82,98,58,82,60,79,44,134,113,72,55,93,78,114,88,210,212,77,140,114,131,141,202,269,230,195,189,226,311,329,,,182,118,,,149,96,247,78,133,179,281,229,295,105,129,89,136,131,265,262,267,139,214,211,192,241,325,,102,,,150,279,282,293,161,201,272,80,325,269,338,228,128,95,322,93,56,272,259,204,198,211,266,314,69,242,140,188,212,212,131,262,196,158,212,220,219,186,161,191,,,30,22,,,149,259,113,213,145,183,193,199,122,174,293,220,74,49,50,156,117,150,74,85,189,236,159,113,,63,,,b'\x11\xe8\xe1I\xca\xb6Ad\xaf\x82\x12\xdf\x17\xaeN\x1e'
11E8E149-CAB6-4164-AF82-12DF17AE4E1E,2016-ncaa-d1-conf-NEC,ncaa,1,1,1,1,1,2,3,4,1,3,4,2,2,3,1,4,1,1,3,1,2,3,3,1,1,1,2,4,3,7,7,1,1,2,2,2,3,3,4,2,6,7,7,7,,,3,1,,,2,2,7,4,3,4,9,4,9,2,5,1,3,3,8,10,10,2,6,3,2,8,7,,1,,,2,7,9,9,3,4,9,1,10,9,10,7,3,1,10,1,1,9,9,4,3,6,9,10,1,4,1,5,7,4,2,4,2,5,7,6,3,3,5,7,,,1,1,,,2,9,2,3,2,3,4,6,1,5,9,7,1,1,1,4,2,2,2,2,4,7,2,5,,2,,,b'\x11\xe8\xe1I\xca\xb6Ad\xaf\x82\x12\xdf\x17\xaeN\x1e'
11E8E149-CAB6-4164-AF82-12DF17AE4E1E,2016-ncaa-d1-natl,ncaa,95,111,51,111,57,110,139,187,91,182,242,84,93,98,86,97,69,93,58,92,40,171,155,77,58,98,70,111,77,233,223,101,143,144,143,168,210,245,233,205,215,237,317,332,,,157,119,,,164,124,251,72,140,196,285,232,302,108,128,89,139,133,271,264,274,147,229,215,192,251,329,,104,,,166,263,261,275,171,183,252,90,318,253,340,223,118,81,324,79,57,245,235,209,205,222,263,313,69,221,143,157,223,181,143,254,201,187,223,230,202,188,150,200,,,42,20,,,164,234,122,221,164,192,205,203,133,176,292,216,81,50,51,160,115,153,78,89,196,246,158,113,,60,,,b'\x11\xe8\xe1I\xca\xb6Ad\xaf\x82\x12\xdf\x17\xaeN\x1e'
11E8E149-CAB6-4164-AF82-12DF17AE4E1E,2017-ncaa-d0-natl,ncaa,136,152,74,152,77,143,152,138,195,218,258,132,60,41,172,39,200,230,134,230,158,150,161,136,146,151,55,45,248,279,324,89,103,169,266,144,125,164,153,138,260,300,173,209,,,129,78,,,188,113,230,33,195,221,215,272,308,76,50,261,277,286,237,276,316,116,250,181,122,292,199,,76,,,186,213,225,246,151,219,267,107,196,147,266,103,172,174,204,186,115,242,234,149,143,161,135,169,148,184,103,325,324,297,266,153,98,156,196,155,234,229,250,294,,,158,168,,,188,239,195,149,182,143,163,176,183,234,156,105,125,120,128,164,137,130,297,236,110,203,195,227,,229,,,b'\x11\xe8\xe1I\xca\xb6Ad\xaf\x82\x12\xdf\x17\xaeN\x1e'
11E8E149-CAB6-4164-AF82-12DF17AE4E1E,2017-ncaa-d1-conf-NEC,ncaa,2,2,3,2,3,3,3,5,3,4,5,4,2,2,3,2,5,7,4,6,7,5,5,2,1,2,3,2,8,7,7,3,2,4,4,2,4,2,2,2,8,9,3,6,,,3,2,,,3,5,7,1,2,3,4,7,8,2,2,6,7,7,4,6,8,2,4,3,1,9,5,,1,,,3,7,7,7,4,9,10,2,2,1,8,1,4,4,6,4,1,7,6,4,4,5,1,1,3,3,2,8,7,7,4,3,3,6,7,6,4,3,7,8,,,5,7,,,3,6,1,4,3,3,5,6,7,9,2,2,2,2,3,6,4,3,8,6,3,7,3,6,,8,,,b'\x11\xe8\xe1I\xca\xb6Ad\xaf\x82\x12\xdf\x17\xaeN\x1e'
11E8E149-CAB6-4164-AF82-12DF17AE4E1E,2017-ncaa-d1-natl,ncaa,143,151,98,156,101,173,184,170,203,253,288,142,72,53,176,40,233,252,131,254,163,187,204,146,155,161,53,45,251,300,326,108,109,206,278,169,130,140,160,142,279,304,188,219,,,97,80,,,206,148,233,32,209,230,222,283,314,76,51,263,280,286,249,279,320,127,259,188,122,296,202,,78,,,204,185,195,216,161,198,252,115,179,119,278,102,152,151,211,166,115,210,200,159,155,172,134,168,145,156,109,313,326,278,278,131,100,184,201,165,213,234,242,299,,,189,166,,,206,204,205,161,196,148,171,178,187,237,160,102,132,121,129,167,136,133,299,242,115,214,201,230,,228,,,b'\x11\xe8\xe1I\xca\xb6Ad\xaf\x82\x12\xdf\x17\xaeN\x1e'
11E8E149-CAB6-4164-AF82-12DF17AE4E1E,2018-ncaa-d0-natl,ncaa,185,207,117,206,132,183,215,164,283,244,217,263,126,96,235,104,95,63,245,69,30,145,169,262,253,200,64,116,55,281,332,126,183,192,308,286,311,60,70,216,210,247,151,196,,,146,109,,,237,136,132,138,211,271,186,285,251,131,96,85,62,68,144,222,301,141,233,319,64,231,164,,136,,,236,239,270,259,218,263,261,203,224,204,225,171,81,84,109,80,56,241,226,212,185,200,100,206,53,220,183,333,332,315,308,220,126,172,201,208,70,75,295,308,,,67,39,,,237,222,235,198,233,210,257,265,255,258,220,198,72,90,86,226,223,208,330,308,194,189,71,282,,64,,,b'\x11\xe8\xe1I\xca\xb6Ad\xaf\x82\x12\xdf\x17\xaeN\x1e'
11E8E149-CAB6-4164-AF82-12DF17AE4E1E,2018-ncaa-d1-conf-NEC,ncaa,3,3,3,3,3,4,6,3,10,7,5,9,6,5,8,7,2,2,5,2,1,4,4,8,9,5,5,6,2,4,9,7,5,6,9,10,10,1,2,5,5,5,6,8,,,2,2,,,4,4,7,8,7,9,6,9,6,6,4,2,2,2,3,8,6,8,9,10,1,6,7,,2,,,4,7,9,7,10,9,7,9,4,4,8,3,2,2,8,2,1,4,6,9,8,6,1,4,2,4,5,9,9,8,9,8,5,4,4,4,1,1,9,8,,,2,2,,,4,7,5,3,4,3,6,4,8,6,4,1,2,1,2,2,2,2,10,7,3,4,1,7,,2,,,b'\x11\xe8\xe1I\xca\xb6Ad\xaf\x82\x12\xdf\x17\xaeN\x1e'
11E8E149-CAB6-4164-AF82-12DF17AE4E1E,2018-ncaa-d1-natl,ncaa,203,207,144,210,166,218,260,200,296,272,249,275,138,108,244,103,110,81,243,86,30,180,225,272,262,209,59,116,51,302,332,162,195,232,317,315,314,43,70,227,234,253,167,202,,,124,109,,,247,167,136,128,228,281,194,290,255,135,97,90,64,71,156,232,307,147,245,322,65,238,167,,138,,,247,210,261,237,232,254,238,210,212,181,236,173,64,72,115,67,56,215,196,226,192,214,95,204,53,195,195,326,332,306,317,210,129,199,208,219,55,80,286,312,,,92,38,,,247,192,241,218,243,222,266,266,266,259,220,194,78,95,88,229,221,209,333,311,203,198,73,294,,66,,,b'\x11\xe8\xe1I\xca\xb6Ad\xaf\x82\x12\xdf\x17\xaeN\x1e'
11E8E149-CAB6-4164-AF82-12DF17AE4E1E,2019-ncaa-d0-natl,ncaa,105,109,80,115,96,132,210,225,182,268,276,200,77,102,72,91,40,35,198,35,3,172,200,126,101,103,23,68,29,321,336,155,213,249,318,159,102,94,114,121,221,244,94,124,,,51,30,,,115,131,264,179,184,271,320,312,321,84,116,48,43,45,279,318,336,225,322,188,73,250,107,,27,,,115,143,215,236,146,232,258,141,125,153,133,142,37,35,192,35,27,202,222,124,93,81,53,148,38,246,213,304,336,294,318,135,79,108,121,90,23,38,186,252,,,27,5,,,115,210,148,95,117,79,146,154,184,219,94,107,25,26,26,86,106,185,259,243,96,141,27,162,,21,,,b'\x11\xe8\xe1I\xca\xb6Ad\xaf\x82\x12\xdf\x17\xaeN\x1e'
11E8E149-CAB6-4164-AF82-12DF17AE4E1E,2019-ncaa-d1-conf-NEC,ncaa,2,2,3,2,3,4,6,6,4,7,10,4,3,3,2,3,2,1,7,1,1,6,6,4,4,3,2,2,2,10,10,4,5,6,8,2,2,1,2,1,7,7,2,2,,,2,2,,,2,6,10,1,6,6,10,8,10,3,3,3,1,1,8,10,10,4,7,4,1,8,1,,1,,,2,2,2,8,2,4,9,2,2,4,1,5,2,2,9,2,2,4,6,2,2,2,2,4,2,7,5,9,10,8,8,2,2,4,2,2,1,1,5,7,,,1,1,,,2,5,4,2,2,2,2,4,3,6,2,2,2,2,2,2,3,4,8,6,2,4,1,5,,1,,,b'\x11\xe8\xe1I\xca\xb6Ad\xaf\x82\x12\xdf\x17\xaeN\x1e'
11E8E149-CAB6-4164-AF82-12DF17AE4E1E,2019-ncaa-d1-natl,ncaa,122,108,107,124,130,173,249,266,192,293,299,214,87,111,73,89,56,50,190,51,4,221,256,135,110,107,24,67,29,333,336,202,231,295,325,188,105,66,118,129,251,258,108,126,,,35,32,,,137,189,267,169,193,288,321,318,325,85,119,47,48,49,284,317,338,239,329,204,75,264,113,,28,,,136,102,184,203,161,210,231,150,99,121,145,134,32,26,197,27,27,155,162,140,106,97,52,141,38,223,231,280,336,267,325,109,81,139,130,101,15,45,176,257,,,40,4,,,137,153,157,114,138,89,160,159,200,222,97,108,25,25,26,92,103,192,263,247,97,155,27,165,,22,,,b'\x11\xe8\xe1I\xca\xb6Ad\xaf\x82\x12\xdf\x17\xaeN\x1e'
11E8E149-CAB6-4164-AF82-12DF17AE4E1E,2020-ncaa-d0-natl,ncaa,221,216,191,225,225,278,321,274,324,345,322,327,98,85,163,44,168,181,159,189,39,269,273,279,260,251,12,35,60,303,316,264,303,297,324,325,280,159,209,293,278,278,38,42,,,98,116,,,255,257,244,196,284,337,297,349,325,88,69,151,158,164,285,288,295,269,310,330,172,274,38,,122,,,258,133,163,160,169,174,200,137,139,102,231,120,88,97,133,100,97,132,131,169,145,150,123,164,109,279,303,280,316,291,324,178,185,180,161,177,147,203,208,312,,,108,33,,,255,87,276,200,258,147,189,182,196,218,158,123,110,121,120,159,160,290,297,305,198,170,171,219,,85,,,b'\x11\xe8\xe1I\xca\xb6Ad\xaf\x82\x12\xdf\x17\xaeN\x1e'
11E8E149-CAB6-4164-AF82-12DF17AE4E1E,2020-ncaa-d1-conf-NEC,ncaa,4,4,1,4,3,5,10,5,11,11,9,10,3,3,4,3,4,4,5,4,2,4,7,6,7,5,1,3,3,8,11,6,8,7,10,11,11,1,1,8,9,10,2,1,,,4,3,,,4,7,9,3,6,11,7,11,9,3,3,4,5,5,6,9,10,7,8,11,1,9,2,,4,,,4,6,8,7,6,8,10,5,6,5,6,4,4,5,3,6,4,7,7,5,3,4,2,6,5,10,8,11,11,11,10,6,3,6,7,6,1,3,10,10,,,2,2,,,4,5,5,7,4,6,6,7,7,8,5,5,4,5,6,6,5,10,11,10,5,8,1,10,,2,,,b'\x11\xe8\xe1I\xca\xb6Ad\xaf\x82\x12\xdf\x17\xaeN\x1e'
11E8E149-CAB6-4164-AF82-12DF17AE4E1E,2020-ncaa-d1-natl,ncaa,214,215,128,220,202,270,328,282,324,343,325,330,98,77,167,46,146,150,161,155,34,274,279,276,256,252,11,37,49,293,316,256,305,293,325,330,271,173,209,293,282,284,35,40,,,100,95,,,265,245,248,201,282,339,303,350,325,91,68,132,146,148,282,291,287,262,311,331,170,280,34,,109,,,264,144,197,184,176,201,220,139,164,113,258,114,93,103,126,102,89,158,149,177,150,160,118,168,91,296,305,288,316,301,325,183,167,187,174,187,161,206,197,301,,,70,21,,,265,97,278,221,269,157,199,194,205,232,163,123,96,111,115,165,168,292,300,306,189,183,173,201,,68,,,b'\x11\xe8\xe1I\xca\xb6Ad\xaf\x82\x12\xdf\x17\xaeN\x1e'
11E8E149-CAB6-4164-AF82-12DF17AE4E1E,2021-ncaa-d0-natl,ncaa,205,143,273,198,274,267,273,278,258,267,265,241,243,237,260,170,200,225,65,215,88,273,274,253,230,240,122,200,47,241,175,265,120,269,151,297,309,104,236,293,277,237,170,134,,,79,188,,,190,273,167,45,214,250,197,228,187,213,169,75,116,93,178,124,150,185,160,300,245,244,119,,188,,,193,77,76,62,182,89,94,120,59,54,248,48,138,121,283,123,224,66,69,152,182,155,150,81,279,56,120,80,175,72,151,60,92,228,110,85,63,125,214,312,,,216,36,,,190,70,241,130,201,155,133,102,169,211,90,54,266,240,242,121,158,110,208,156,98,107,139,313,,37,,,b'\x11\xe8\xe1I\xca\xb6Ad\xaf\x82\x12\xdf\x17\xaeN\x1e'
11E8E149-CAB6-4164-AF82-12DF17AE4E1E,2021-ncaa-d1-conf-NEC,ncaa,5,5,8,5,8,7,8,7,8,6,8,4,6,6,8,7,4,4,4,3,1,6,8,7,6,5,5,7,1,5,6,7,3,8,6,10,10,2,2,8,10,9,6,6,,,3,4,,,4,8,5,5,4,6,5,6,4,7,7,1,1,1,4,5,5,5,5,10,2,9,6,,6,,,4,2,1,3,5,3,4,3,1,1,7,1,7,7,7,7,7,3,3,5,5,5,3,3,7,2,3,5,6,4,6,2,3,7,5,3,1,1,7,8,,,3,1,,,4,3,5,5,5,6,5,4,6,9,4,1,8,8,8,5,5,4,7,5,2,5,1,9,,1,,,b'\x11\xe8\xe1I\xca\xb6Ad\xaf\x82\x12\xdf\x17\xaeN\x1e'
11E8E149-CAB6-4164-AF82-12DF17AE4E1E,2021-ncaa-d1-natl,ncaa,217,143,281,202,282,277,285,285,264,279,276,251,252,245,260,172,209,235,66,231,87,282,283,257,236,245,118,199,46,255,181,271,130,278,161,302,309,94,239,302,286,242,186,136,,,71,191,,,208,281,170,44,221,263,203,236,191,216,172,75,120,94,186,131,156,194,165,307,247,247,121,,190,,,206,72,71,56,189,83,83,127,55,51,250,47,128,110,287,112,226,61,59,157,194,163,146,80,282,53,130,74,181,63,161,58,92,243,111,89,56,130,206,316,,,227,38,,,208,62,248,138,215,161,139,104,176,217,90,53,274,242,244,126,154,112,208,162,102,111,141,312,,38,,,b'\x11\xe8\xe1I\xca\xb6Ad\xaf\x82\x12\xdf\x17\xaeN\x1e'
11E8E149-CAB6-4164-AF82-12DF17AE4E1E,2022-ncaa-d0-natl,ncaa,282,233,319,280,325,325,325,329,279,311,287,298,289,296,204,225,283,283,227,287,204,325,331,276,280,275,186,207,132,316,279,315,226,326,286,332,310,76,247,305,315,271,283,244,,,245,347,,,264,326,208,81,293,296,261,257,171,244,251,214,196,205,260,228,265,225,271,322,227,270,257,,339,,,270,34,28,25,184,45,37,213,41,51,93,149,183,211,80,213,321,29,27,171,186,181,200,105,307,74,226,76,279,66,286,20,78,276,149,92,20,97,26,80,,,285,107,,,264,28,294,180,274,172,134,104,165,124,105,137,293,310,310,159,178,204,278,256,97,150,85,74,,140,,,b'\x11\xe8\xe1I\xca\xb6Ad\xaf\x82\x12\xdf\x17\xaeN\x1e'
11E8E149-CAB6-4164-AF82-12DF17AE4E1E,2022-ncaa-d1-conf-NEC,ncaa,8,8,6,9,6,8,9,8,8,8,5,7,9,8,9,7,4,5,3,6,3,6,6,9,8,9,7,8,1,7,9,5,6,7,7,9,9,9,9,10,6,5,7,5,,,10,10,,,9,5,6,6,9,10,8,6,7,9,7,2,1,1,8,6,8,4,7,10,8,5,7,,10,,,9,8,6,5,4,4,4,5,7,6,7,5,9,9,6,9,10,6,6,4,5,7,9,6,9,6,6,7,9,7,7,6,5,6,7,6,8,8,2,3,,,6,5,,,9,6,10,7,9,8,5,4,5,2,7,6,10,10,10,8,6,6,8,8,4,6,8,2,,5,,,b'\x11\xe8\xe1I\xca\xb6Ad\xaf\x82\x12\xdf\x17\xaeN\x1e'
11E8E149-CAB6-4164-AF82-12DF17AE4E1E,2022-ncaa-d1-natl,ncaa,296,233,343,289,345,343,343,348,293,331,312,310,298,316,207,231,301,296,229,303,202,347,348,290,291,285,184,205,123,332,285,336,237,346,300,345,316,52,257,316,333,282,305,258,,,216,349,,,275,344,217,79,301,305,273,269,181,247,254,213,199,207,270,240,274,239,289,329,232,290,269,,342,,,282,21,18,12,196,39,20,225,29,35,100,146,163,193,87,197,322,15,12,184,202,201,197,103,307,55,237,45,285,35,300,11,80,304,164,109,15,104,20,88,,,311,97,,,275,12,303,207,287,187,145,106,173,126,111,139,300,311,311,160,174,206,279,261,104,173,88,83,,141,,,b'\x11\xe8\xe1I\xca\xb6Ad\xaf\x82\x12\xdf\x17\xaeN\x1e'
11E8E149-CAB6-4164-AF82-12DF17AE4E1E,2023-ncaa-d0-natl,ncaa,120,139,81,139,105,169,165,92,270,138,93,234,212,132,331,182,162,105,333,99,149,93,92,281,288,260,238,233,153,69,152,142,153,102,193,274,337,218,137,276,36,32,119,101,,,312,298,,,142,99,148,291,234,226,101,174,145,244,153,205,133,129,103,119,74,207,127,316,167,44,140,,277,,,145,137,109,158,115,98,146,109,182,190,175,189,192,250,15,251,272,173,254,124,106,36,255,220,217,160,153,330,152,301,193,190,242,23,28,34,90,49,228,166,,,91,161,,,142,264,250,32,141,54,47,53,55,65,141,139,148,213,213,59,169,115,291,245,134,29,62,203,,129,,,b'\x11\xe8\xe1I\xca\xb6Ad\xaf\x82\x12\xdf\x17\xaeN\x1e'
11E8E149-CAB6-4164-AF82-12DF17AE4E1E,2023-ncaa-d1-conf-NEC,ncaa,2,2,1,2,1,2,2,1,3,1,1,3,5,3,8,6,1,1,8,1,2,1,1,7,7,5,7,7,2,1,2,2,4,2,3,6,9,4,3,5,1,1,3,2,,,9,8,,,2,1,1,4,2,2,1,2,2,5,5,2,1,1,1,1,1,4,2,7,4,1,3,,8,,,2,5,3,5,2,2,2,2,8,9,3,9,9,9,2,9,8,6,9,2,3,2,9,9,8,6,4,9,2,8,3,7,8,1,2,3,2,1,9,6,,,2,2,,,2,9,3,2,2,2,2,2,1,1,5,8,6,7,7,3,7,4,8,6,2,2,1,6,,2,,,b'\x11\xe8\xe1I\xca\xb6Ad\xaf\x82\x12\xdf\x17\xaeN\x1e'
11E8E149-CAB6-4164-AF82-12DF17AE4E1E,2023-ncaa-d1-natl,ncaa,114,138,56,134,92,171,160,80,268,145,90,237,215,132,320,177,159,110,321,106,149,79,78,280,290,265,240,228,159,69,165,136,156,101,205,277,336,226,141,281,35,35,122,112,,,315,299,,,143,83,150,291,239,230,111,185,147,234,157,202,134,132,111,125,85,203,139,319,171,44,150,,281,,,144,140,103,167,112,97,146,105,186,188,167,187,203,260,10,264,277,192,273,118,99,37,251,211,227,173,156,339,165,308,205,192,246,24,31,40,106,58,220,160,,,93,159,,,143,279,251,31,144,54,47,53,57,68,134,137,159,223,227,60,168,117,288,246,137,38,71,192,,136,,,b'\x11\xe8\xe1I\xca\xb6Ad\xaf\x82\x12\xdf\x17\xaeN\x1e'
11E8E149-CAB6-4164-AF82-12DF17AE4E1E,2023-ncaa-d1-ncaatournament,ncaa,18,2,18,18,21,35,35,27,55,29,29,47,47,22,65,35,25,23,45,23,29,26,29,59,58,57,55,59,17,34,59,28,53,30,61,33,51,39,23,50,30,48,26,34,,,40,25,,,62,25,27,7,57,58,35,39,32,61,35,35,31,31,34,45,50,33,41,52,21,45,25,,24,,,51,44,49,48,45,53,49,47,24,41,15,16,29,39,3,38,14,48,47,38,27,30,7,13,15,51,53,55,59,51,61,41,19,27,40,26,45,38,47,42,,,31,44,,,62,43,57,34,53,34,50,52,57,59,13,21,13,24,22,49,48,51,62,61,29,36,34,41,,47,,,b'\x11\xe8\xe1I\xca\xb6Ad\xaf\x82\x12\xdf\x17\xaeN\x1e'
11E8E149-CAB6-4164-AF82-12DF17AE4E1E,2024-ncaa-d0-natl,ncaa,65,57,94,65,103,133,131,108,175,107,111,147,192,143,284,197,115,91,268,88,132,106,133,200,203,140,238,237,145,75,109,216,215,153,198,214,314,39,30,126,56,44,260,271,,,189,179,,,58,158,279,115,157,147,120,119,137,217,171,139,111,111,109,203,92,292,213,253,24,64,286,,138,,,59,65,94,116,138,146,168,154,50,79,49,101,103,113,120,123,136,109,184,107,97,25,66,74,165,174,215,255,109,227,198,89,156,38,23,25,8,4,334,310,,,120,126,,,58,189,120,30,59,25,49,34,101,99,27,47,83,91,101,27,78,136,211,177,66,46,3,328,,147,,,b'\x11\xe8\xe1I\xca\xb6Ad\xaf\x82\x12\xdf\x17\xaeN\x1e'
11E8E149-CAB6-4164-AF82-12DF17AE4E1E,2024-ncaa-d1-conf-NEC,ncaa,1,1,1,1,1,1,1,1,1,1,2,1,2,2,3,5,2,2,9,1,3,1,1,1,1,1,5,5,5,3,3,2,2,3,3,1,7,2,1,1,1,1,3,5,,,8,5,,,1,1,3,5,1,1,1,1,3,3,5,2,2,2,1,2,3,4,4,2,1,1,6,,5,,,1,2,4,5,2,4,7,2,2,4,3,4,2,3,2,3,3,5,9,2,2,1,2,4,4,6,2,8,3,7,3,4,6,1,1,1,1,1,8,8,,,2,2,,,1,9,1,1,1,2,2,1,2,3,1,3,2,2,2,1,4,2,4,2,2,1,1,8,,2,,,b'\x11\xe8\xe1I\xca\xb6Ad\xaf\x82\x12\xdf\x17\xaeN\x1e'
11E8E149-CAB6-4164-AF82-12DF17AE4E1E,2024-ncaa-d1-natl,ncaa,48,57,38,58,47,110,110,67,181,80,79,144,194,132,296,206,103,76,275,71,137,65,89,208,209,149,245,245,144,48,88,177,208,115,172,189,309,71,36,127,49,45,245,271,,,218,176,,,52,114,291,128,161,158,124,116,133,231,184,141,115,112,115,200,72,285,194,246,32,64,282,,130,,,59,93,119,158,125,191,202,165,49,101,30,105,124,140,100,143,135,144,239,86,87,27,58,66,173,198,208,280,88,259,172,112,159,33,28,30,23,8,345,301,,,78,123,,,52,241,117,31,58,23,49,27,94,94,21,46,84,92,100,24,66,130,186,150,66,55,12,331,,139,,,b'\x11\xe8\xe1I\xca\xb6Ad\xaf\x82\x12\xdf\x17\xaeN\x1e'
11E8E149-CAB6-4164-AF82-12DF17AE4E1E,2024-ncaa-d1-ncaatournament,ncaa,37,3,37,37,38,67,66,49,67,62,49,67,60,45,66,24,58,56,43,55,53,52,62,67,67,67,54,48,35,36,25,53,8,45,32,63,61,2,4,37,32,3,57,56,,,10,55,,,36,68,68,5,67,66,25,61,30,56,21,57,54,53,35,54,11,51,34,63,2,6,54,,30,,,39,1,1,1,21,4,4,45,1,5,1,12,19,15,61,14,55,1,1,8,29,6,13,1,68,2,8,23,25,14,32,3,40,39,2,5,3,3,14,36,,,60,53,,,36,2,64,2,38,1,1,1,10,7,1,6,51,40,38,1,1,2,59,31,7,11,3,38,,59,,,b'\x11\xe8\xe1I\xca\xb6Ad\xaf\x82\x12\xdf\x17\xaeN\x1e'
11E8E149-CAB6-4164-AF82-12DF17AE4E1E,2025-ncaa-d0-natl,genius_ncaa,296,279,301,297,319,314,291,279,283,216,176,261,336,322,352,311,265,180,353,180,171,263,283,319,331,316,336,328,139,181,165,317,177,278,233,313,304,91,191,275,89,34,295,275,,,60,157,,81,258,306,180,167,287,249,160,145,84,336,304,224,104,103,149,142,115,280,214,300,199,38,279,,142,,130,262,56,73,31,291,105,43,295,64,53,182,144,114,136,91,122,245,29,48,276,276,180,128,117,206,41,177,155,165,106,233,197,317,133,55,161,130,200,327,327,,,247,166,,321,258,57,308,160,261,178,183,72,212,109,123,101,189,221,211,86,154,115,295,233,287,67,207,354,,155,,307,b'\x11\xe8\xe1I\xca\xb6Ad\xaf\x82\x12\xdf\x17\xaeN\x1e'
11E8E149-CAB6-4164-AF82-12DF17AE4E1E,2025-ncaa-d1-conf-MAAC,genius_ncaa,11,11,11,11,11,9,8,10,8,5,3,7,12,12,11,12,8,2,13,2,7,9,10,12,12,10,12,12,6,3,5,12,6,11,9,11,12,4,5,9,4,3,9,8,,,3,7,,6,9,12,6,3,7,6,6,4,2,12,12,6,1,1,3,4,3,11,8,11,5,3,8,,7,,7,10,4,4,1,12,7,2,12,6,3,9,8,7,7,7,7,10,1,2,12,12,10,7,8,10,1,6,7,5,4,9,9,10,5,4,6,5,6,13,11,,,9,8,,13,9,2,10,10,9,11,9,3,8,3,7,6,10,10,10,4,8,4,11,11,11,4,6,13,,6,,13,b'\x11\xe8\xe1I\xca\xb6Ad\xaf\x82\x12\xdf\x17\xaeN\x1e'
11E8E149-CAB6-4164-AF82-12DF17AE4E1E,2025-ncaa-d1-natl,genius_ncaa,301,279,304,301,319,323,304,286,288,219,176,266,339,324,352,310,266,169,355,170,165,268,285,323,333,322,336,329,127,182,175,314,173,285,239,327,309,101,191,279,89,41,294,269,,,69,160,,90,264,309,189,169,301,267,187,156,88,337,308,224,99,97,164,152,126,275,217,314,193,44,279,,148,,135,269,61,69,31,285,102,40,300,73,58,178,161,124,130,94,128,250,29,41,271,270,178,133,124,199,47,173,167,175,117,239,216,329,127,59,166,139,206,330,328,,,238,163,,319,264,57,313,161,266,170,169,74,201,100,133,111,189,214,206,83,148,117,298,238,290,75,206,354,,161,,305,b'\x11\xe8\xe1I\xca\xb6Ad\xaf\x82\x12\xdf\x17\xaeN\x1e'
11E8E149-CAB6-4164-AF82-12DF17AE4E1E,2026-ncaa-d0-natl,genius_ncaa,295,250,279,302,291,328,338,323,331,317,291,309,341,325,343,273,222,219,218,208,85,318,317,338,328,325,198,314,23,208,122,304,215,284,185,335,217,116,283,314,304,254,330,317,,,97,293,,47,295,325,317,97,330,337,323,299,214,345,299,117,101,97,297,258,97,253,164,328,260,272,327,,241,,86,305,75,48,36,260,48,37,247,89,62,275,162,213,228,162,226,343,51,45,272,294,295,294,176,330,63,215,63,122,56,185,130,328,318,246,299,90,223,273,339,,,269,93,,205,295,41,306,294,308,235,168,58,144,74,207,140,316,329,333,136,71,182,199,183,274,273,205,335,,129,,165,b'\x11\xe8\xe1I\xca\xb6Ad\xaf\x82\x12\xdf\x17\xaeN\x1e'
11E8E149-CAB6-4164-AF82-12DF17AE4E1E,2026-ncaa-d1-natl,genius_ncaa,301,249,271,304,286,352,356,343,342,344,311,327,348,331,335,264,246,249,183,244,118,341,332,344,330,337,181,296,30,220,146,329,221,311,192,344,215,165,317,329,301,230,336,326,,,127,323,,108,313,342,323,100,349,353,338,319,230,340,300,155,161,163,328,280,122,289,224,338,289,247,330,,270,,160,320,73,50,17,275,63,24,273,65,36,241,139,246,251,186,250,345,29,22,279,301,301,263,128,330,59,221,67,146,58,192,135,316,312,211,273,129,263,298,342,,,267,101,,149,313,24,326,294,318,228,157,37,161,69,155,102,330,334,338,107,62,162,194,175,260,239,240,339,,149,,98,b'\x11\xe8\xe1I\xca\xb6Ad\xaf\x82\x12\xdf\x17\xaeN\x1e'
11E8E149-CABA-92AA-AF82-12DF17AE4E1E,2010-ncaa-d0-natl,ncaa,125,145,81,145,86,70,68,47,166,132,92,237,32,58,19,108,167,136,266,130,205,51,53,119,152,134,79,54,273,50,99,161,174,96,167,76,126,200,94,99,56,76,262,283,,,273,199,,,129,65,71,66,68,70,36,157,123,39,66,200,164,162,45,48,48,231,125,72,163,61,277,,237,,,128,302,311,230,314,296,229,310,246,220,261,191,184,183,158,194,170,231,271,312,299,214,127,183,98,180,174,300,99,267,167,305,224,33,43,137,56,29,333,312,,,80,210,,,129,287,110,180,121,259,286,166,269,163,219,182,144,150,160,166,257,132,259,229,268,37,47,326,,113,,,b'\x11\xe8\xe1I\xca\xba\x92\xaa\xaf\x82\x12\xdf\x17\xaeN\x1e'
11E8E149-CABA-92AA-AF82-12DF17AE4E1E,2010-ncaa-d1-conf-NEC,ncaa,2,3,1,3,1,1,2,1,3,3,1,3,1,1,1,5,1,2,8,2,2,1,1,2,2,2,4,3,7,1,3,2,5,1,4,1,8,11,3,3,1,2,6,9,,,11,6,,,2,1,2,1,2,2,2,3,5,1,3,3,3,3,1,1,2,5,4,3,5,2,9,,7,,,2,11,11,11,6,11,11,8,7,9,5,8,9,8,3,8,6,11,11,7,6,3,4,6,4,8,5,11,3,11,4,9,5,1,2,2,5,2,11,9,,,1,4,,,2,11,2,3,2,7,9,8,9,6,5,8,5,5,6,7,11,5,7,7,5,1,2,11,,2,,,b'\x11\xe8\xe1I\xca\xba\x92\xaa\xaf\x82\x12\xdf\x17\xaeN\x1e'
11E8E149-CABA-92AA-AF82-12DF17AE4E1E,2010-ncaa-d1-natl,ncaa,132,145,91,149,96,79,73,50,170,139,98,242,35,63,20,106,174,143,264,138,201,56,57,125,153,136,79,54,268,54,101,179,180,107,171,80,128,187,99,100,62,78,265,285,,,263,199,,,135,73,71,66,69,70,38,163,127,41,67,198,162,161,47,50,50,239,128,75,165,65,279,,236,,,134,298,305,219,317,293,221,311,239,211,265,189,175,172,157,184,169,220,262,313,303,220,127,184,96,163,180,291,101,253,171,300,223,34,47,146,48,30,331,314,,,90,207,,,135,279,112,191,129,266,292,167,273,163,219,183,145,153,163,168,256,137,261,228,272,38,48,325,,114,,,b'\x11\xe8\xe1I\xca\xba\x92\xaa\xaf\x82\x12\xdf\x17\xaeN\x1e'
11E8E149-CABA-92AA-AF82-12DF17AE4E1E,2010-ncaa-d1-ncaatournament,ncaa,33,2,33,33,34,45,52,36,58,47,47,56,34,28,41,11,38,36,34,36,18,37,34,55,55,54,13,17,26,37,36,49,58,41,54,48,41,21,27,49,31,14,29,31,,,1,1,,,59,35,3,9,38,46,5,45,36,16,6,25,22,20,7,2,12,45,26,45,45,6,11,,1,,,60,31,33,30,58,37,31,58,21,19,42,20,13,10,34,10,22,31,31,56,55,54,12,26,16,28,58,31,36,33,54,39,54,45,46,57,19,36,28,54,,,44,53,,,59,29,53,56,57,62,64,62,64,63,37,33,34,33,34,63,63,58,62,64,63,28,43,49,,39,,,b'\x11\xe8\xe1I\xca\xba\x92\xaa\xaf\x82\x12\xdf\x17\xaeN\x1e'
11E8E149-CABA-92AA-AF82-12DF17AE4E1E,2011-ncaa-d0-natl,ncaa,58,83,26,76,29,45,39,34,120,54,36,148,78,106,50,202,85,47,276,44,166,34,25,118,143,144,190,149,219,59,157,77,187,53,206,32,84,305,159,101,33,72,217,267,,,234,62,,,135,22,51,80,76,65,58,88,89,118,162,142,100,99,51,47,120,217,152,46,217,56,261,,108,,,141,329,337,310,282,334,316,270,282,248,277,169,165,178,146,179,77,307,322,276,249,164,84,183,57,270,187,334,157,326,206,310,132,19,44,99,274,154,303,191,,,31,154,,,135,324,143,149,140,232,283,228,276,241,210,159,99,97,98,196,286,163,245,226,219,31,191,252,,84,,,b'\x11\xe8\xe1I\xca\xba\x92\xaa\xaf\x82\x12\xdf\x17\xaeN\x1e'
11E8E149-CABA-92AA-AF82-12DF17AE4E1E,2011-ncaa-d1-conf-NEC,ncaa,1,1,1,1,1,1,1,1,3,1,1,3,3,2,3,8,1,1,10,1,5,1,1,2,4,3,7,8,5,1,1,2,3,1,3,1,6,11,4,2,1,1,5,6,,,8,2,,,1,1,2,1,1,1,1,3,2,5,8,2,2,2,1,1,1,7,3,2,5,1,6,,2,,,1,11,11,10,9,11,11,9,10,10,8,8,5,6,4,6,4,11,11,8,8,4,3,8,3,7,3,11,1,11,3,10,3,1,2,3,7,3,8,3,,,1,3,,,1,11,2,4,1,6,10,6,9,6,7,7,4,4,4,6,9,1,9,4,4,2,5,4,,3,,,b'\x11\xe8\xe1I\xca\xba\x92\xaa\xaf\x82\x12\xdf\x17\xaeN\x1e'
11E8E149-CABA-92AA-AF82-12DF17AE4E1E,2011-ncaa-d1-natl,ncaa,63,82,28,77,30,50,42,36,122,58,42,153,84,119,52,200,95,60,278,54,171,37,26,122,148,149,187,144,217,69,164,88,189,65,209,34,88,294,161,103,36,78,228,268,,,214,61,,,141,23,51,80,77,67,63,92,92,119,165,142,100,100,53,47,123,219,163,52,219,58,262,,108,,,146,325,334,306,284,332,310,274,274,237,277,163,158,167,149,167,79,301,321,281,258,175,83,182,56,260,189,333,164,322,209,302,133,22,48,102,265,154,299,198,,,34,154,,,141,323,150,155,146,240,285,230,279,245,213,161,100,99,96,201,286,165,251,229,224,37,196,253,,83,,,b'\x11\xe8\xe1I\xca\xba\x92\xaa\xaf\x82\x12\xdf\x17\xaeN\x1e'
11E8E149-CABA-92AA-AF82-12DF17AE4E1E,2011-ncaa-d1-ncaatournament,ncaa,33,2,33,33,34,53,56,55,57,55,50,59,48,56,43,39,42,39,43,35,16,51,42,57,54,60,18,37,12,47,44,54,63,53,54,46,14,30,60,54,35,15,48,49,,,24,43,,,55,38,12,3,52,55,52,54,46,43,42,28,21,14,48,20,40,50,49,44,61,10,46,,53,,,56,15,6,14,20,6,9,24,15,24,21,33,30,32,14,33,59,22,28,22,23,12,44,27,59,36,63,18,44,25,54,11,30,31,9,4,29,58,28,55,,,39,23,,,55,27,60,27,55,36,20,29,21,25,24,37,56,58,58,49,58,62,49,56,23,1,56,47,,19,,,b'\x11\xe8\xe1I\xca\xba\x92\xaa\xaf\x82\x12\xdf\x17\xaeN\x1e'
11E8E149-CABA-92AA-AF82-12DF17AE4E1E,2012-ncaa-d0-natl,ncaa,171,174,163,186,167,133,161,125,219,181,163,228,113,113,154,128,100,88,204,80,72,112,95,204,200,210,85,121,103,182,261,176,114,184,241,157,141,275,226,223,87,109,325,328,,,313,306,,,244,72,9,50,105,132,77,169,149,98,102,74,57,50,55,22,179,154,165,128,289,71,326,,329,,,240,289,267,168,312,274,174,309,212,151,291,131,305,313,88,313,306,206,246,309,314,266,187,135,257,108,114,300,261,238,241,295,260,55,67,165,312,279,300,295,,,74,121,,,244,272,234,231,232,306,293,200,291,212,221,174,312,314,313,260,314,125,321,281,301,31,312,315,,31,,,b'\x11\xe8\xe1I\xca\xba\x92\xaa\xaf\x82\x12\xdf\x17\xaeN\x1e'
11E8E149-CABA-92AA-AF82-12DF17AE4E1E,2012-ncaa-d1-conf-NEC,ncaa,5,4,7,5,7,5,6,6,8,8,8,9,4,4,3,4,3,3,7,2,1,6,6,5,5,4,3,4,2,7,9,7,2,7,9,5,7,3,5,6,5,6,9,10,,,11,8,,,6,5,2,2,3,5,2,8,6,3,4,1,2,1,2,2,7,4,7,5,5,4,9,,11,,,6,10,10,6,11,9,4,11,7,4,8,4,7,8,6,8,8,6,6,11,11,10,5,7,6,2,2,8,9,7,9,6,4,4,4,4,6,6,11,11,,,3,2,,,6,6,6,9,7,11,11,6,10,8,9,5,8,9,9,7,10,2,11,9,8,3,8,11,,2,,,b'\x11\xe8\xe1I\xca\xba\x92\xaa\xaf\x82\x12\xdf\x17\xaeN\x1e'
11E8E149-CABA-92AA-AF82-12DF17AE4E1E,2012-ncaa-d1-natl,ncaa,186,173,196,191,204,153,183,150,228,202,184,239,120,124,156,127,109,99,203,92,71,130,107,216,207,217,84,117,102,205,265,203,120,212,253,178,143,263,228,232,97,115,329,331,,,308,308,,,249,84,11,46,112,139,80,179,152,100,103,71,58,51,57,23,187,156,174,136,286,74,326,,330,,,249,278,253,139,316,258,149,313,203,135,299,130,299,308,93,307,309,178,227,312,319,271,185,135,258,92,120,295,265,217,253,289,263,66,70,173,304,284,294,299,,,87,115,,,249,257,244,238,243,309,295,200,293,214,224,173,312,315,314,262,314,132,321,284,303,32,312,316,,29,,,b'\x11\xe8\xe1I\xca\xba\x92\xaa\xaf\x82\x12\xdf\x17\xaeN\x1e'
11E8E149-CABA-92AA-AF82-12DF17AE4E1E,2013-ncaa-d0-natl,ncaa,128,166,41,155,66,79,84,38,219,131,115,186,52,31,214,65,115,63,294,67,96,42,15,189,212,226,85,79,208,68,224,95,187,74,260,58,67,340,234,169,18,34,248,289,,,338,279,,,231,13,8,267,114,122,47,191,195,68,41,161,95,108,46,18,115,178,138,65,296,21,282,,321,,,223,332,313,293,277,312,274,302,213,257,89,167,335,338,235,338,315,309,330,260,287,214,189,93,294,268,187,338,224,334,260,336,314,15,57,154,344,300,223,180,,,59,223,,,231,333,227,181,216,296,267,210,285,188,165,208,322,319,320,272,335,194,323,303,309,16,330,180,,96,,,b'\x11\xe8\xe1I\xca\xba\x92\xaa\xaf\x82\x12\xdf\x17\xaeN\x1e'
11E8E149-CABA-92AA-AF82-12DF17AE4E1E,2013-ncaa-d1-conf-NEC,ncaa,3,4,1,4,1,2,2,2,9,7,5,8,2,1,8,2,1,2,8,2,1,2,1,7,7,5,2,2,3,1,8,4,9,2,9,3,4,12,3,4,2,3,9,12,,,12,9,,,6,1,1,9,2,4,2,9,9,2,1,3,4,4,2,1,5,7,7,3,7,3,11,,12,,,6,12,12,12,10,12,12,11,5,8,2,2,12,12,11,12,12,12,12,8,11,7,6,1,12,9,9,12,8,12,9,12,9,2,3,4,12,11,8,7,,,2,5,,,6,12,5,6,6,10,9,8,11,8,3,4,11,11,11,8,12,7,12,11,9,3,12,7,,4,,,b'\x11\xe8\xe1I\xca\xba\x92\xaa\xaf\x82\x12\xdf\x17\xaeN\x1e'
11E8E149-CABA-92AA-AF82-12DF17AE4E1E,2013-ncaa-d1-natl,ncaa,135,165,49,158,74,89,92,43,225,141,129,190,55,34,214,65,127,72,292,79,94,46,17,197,220,228,82,77,206,76,225,106,190,86,264,64,69,338,238,177,21,36,255,290,,,336,279,,,240,15,8,267,119,127,50,195,197,67,42,159,97,109,48,20,121,186,144,67,297,23,283,,322,,,230,331,310,283,283,309,264,305,202,244,95,170,334,337,238,337,318,307,327,267,292,223,187,92,294,256,190,336,225,332,264,336,313,16,57,160,344,303,215,184,,,67,219,,,240,333,232,187,224,302,268,212,287,190,170,210,322,319,320,273,334,200,324,308,311,19,332,183,,97,,,b'\x11\xe8\xe1I\xca\xba\x92\xaa\xaf\x82\x12\xdf\x17\xaeN\x1e'
11E8E149-CABA-92AA-AF82-12DF17AE4E1E,2014-ncaa-d0-natl,ncaa,165,205,85,181,94,18,28,13,180,69,101,82,25,5,235,53,25,20,174,19,36,12,10,135,130,131,59,75,146,38,170,72,201,54,226,81,239,333,154,210,34,100,69,102,,,349,327,,,219,8,3,66,8,20,5,77,133,24,8,24,17,16,4,2,35,83,33,80,315,34,81,,349,,,215,348,344,319,321,344,304,333,289,292,203,168,349,349,306,349,336,341,342,320,337,312,244,112,314,285,201,344,170,343,226,327,133,10,69,97,337,214,269,214,,,31,258,,,219,341,129,281,204,347,340,332,337,300,280,290,349,347,347,346,346,263,342,339,311,6,323,253,,23,,,b'\x11\xe8\xe1I\xca\xba\x92\xaa\xaf\x82\x12\xdf\x17\xaeN\x1e'
11E8E149-CABA-92AA-AF82-12DF17AE4E1E,2014-ncaa-d1-conf-NEC,ncaa,3,3,1,3,1,1,1,1,3,1,1,1,1,1,5,5,1,1,5,1,1,1,1,2,2,2,3,4,3,4,7,2,4,3,6,1,5,9,1,3,1,4,2,3,,,10,8,,,3,1,1,3,1,1,1,1,4,1,1,1,1,1,1,1,4,2,3,1,6,1,2,,10,,,3,10,10,10,10,10,10,10,9,10,2,5,9,9,8,9,8,10,10,10,10,8,4,2,7,8,4,10,7,10,6,10,7,1,1,4,10,4,5,3,,,1,7,,,3,10,2,7,5,10,10,10,10,9,7,10,9,8,8,10,10,5,10,8,9,1,9,5,,1,,,b'\x11\xe8\xe1I\xca\xba\x92\xaa\xaf\x82\x12\xdf\x17\xaeN\x1e'
11E8E149-CABA-92AA-AF82-12DF17AE4E1E,2014-ncaa-d1-natl,ncaa,173,204,100,190,111,20,29,15,184,81,114,84,29,9,235,52,25,24,173,23,37,13,11,143,136,134,59,73,144,47,177,82,208,63,237,89,244,330,153,221,40,110,73,104,,,349,326,,,228,10,3,67,8,21,5,83,134,25,9,25,18,17,4,2,41,87,37,81,315,37,83,,349,,,226,348,344,314,325,344,299,333,285,286,204,167,349,349,308,349,337,337,340,321,341,315,237,112,313,279,208,343,177,341,237,324,131,12,71,101,335,217,263,219,,,38,258,,,228,339,133,292,218,347,342,332,340,301,284,285,349,347,347,346,346,271,342,339,314,6,327,253,,24,,,b'\x11\xe8\xe1I\xca\xba\x92\xaa\xaf\x82\x12\xdf\x17\xaeN\x1e'
11E8E149-CABA-92AA-AF82-12DF17AE4E1E,2015-ncaa-d0-natl,ncaa,306,307,243,311,258,140,164,55,319,219,192,257,69,15,307,37,154,137,206,135,113,65,58,290,291,281,54,70,182,120,269,211,312,166,330,218,257,280,188,272,82,122,204,244,,,346,337,,,324,45,2,151,68,95,5,199,147,47,9,110,90,88,7,4,76,148,91,172,321,56,197,,349,,,323,340,310,235,311,316,244,324,191,193,178,116,349,348,321,348,344,300,313,304,338,315,251,63,340,307,312,342,269,337,330,305,221,64,104,151,299,224,139,159,,,146,292,,,324,303,292,312,310,349,337,333,334,319,234,236,349,349,349,347,349,337,347,348,330,25,322,173,,65,,,b'\x11\xe8\xe1I\xca\xba\x92\xaa\xaf\x82\x12\xdf\x17\xaeN\x1e'
11E8E149-CABA-92AA-AF82-12DF17AE4E1E,2015-ncaa-d1-conf-NEC,ncaa,9,7,9,9,9,7,8,3,9,8,6,10,3,2,8,3,3,3,7,3,2,3,2,9,9,8,2,3,3,6,8,6,8,5,9,6,6,8,6,7,2,2,5,5,,,10,10,,,7,1,1,7,1,4,1,6,3,3,1,3,2,2,1,1,2,3,3,6,8,1,4,,10,,,7,10,6,3,6,8,6,8,2,5,2,3,10,10,9,10,10,9,10,4,7,6,5,1,10,8,8,10,8,10,9,10,10,1,1,4,8,6,7,8,,,5,8,,,7,10,7,5,7,10,9,10,9,10,3,8,10,10,10,10,10,10,10,10,10,1,10,9,,1,,,b'\x11\xe8\xe1I\xca\xba\x92\xaa\xaf\x82\x12\xdf\x17\xaeN\x1e'
11E8E149-CABA-92AA-AF82-12DF17AE4E1E,2015-ncaa-d1-natl,ncaa,312,305,298,313,313,172,194,62,325,251,220,261,83,20,310,38,175,159,207,159,108,71,67,297,297,287,53,66,178,140,276,241,317,201,335,241,262,264,189,276,97,130,226,250,,,345,340,,,325,49,2,150,75,110,5,213,153,49,9,112,90,88,7,4,79,156,103,178,322,57,202,,349,,,328,340,296,204,319,305,216,327,177,178,186,113,349,348,323,348,343,287,309,308,339,320,249,63,339,291,317,340,276,336,335,300,222,73,110,159,289,232,124,161,,,171,291,,,325,298,297,319,320,349,338,333,335,321,237,236,349,349,349,346,348,338,347,348,332,28,324,179,,65,,,b'\x11\xe8\xe1I\xca\xba\x92\xaa\xaf\x82\x12\xdf\x17\xaeN\x1e'
11E8E149-CABA-92AA-AF82-12DF17AE4E1E,2016-ncaa-d0-natl,ncaa,196,204,175,209,189,74,112,49,261,288,300,234,8,5,87,8,112,128,105,124,29,56,40,123,132,148,2,6,213,107,232,218,343,165,330,118,151,295,189,190,13,41,47,66,,,347,299,,,203,35,6,108,27,71,9,302,301,4,2,85,103,95,12,6,90,218,144,89,312,9,34,,349,,,203,333,316,285,280,328,296,295,147,181,96,78,343,343,139,343,303,306,333,257,275,190,113,45,293,342,343,337,232,343,330,294,175,14,47,86,332,273,31,88,,,55,152,,,203,321,158,229,191,338,331,329,336,331,173,207,344,345,344,343,346,345,343,348,305,5,329,39,,13,,,b'\x11\xe8\xe1I\xca\xba\x92\xaa\xaf\x82\x12\xdf\x17\xaeN\x1e'
11E8E149-CABA-92AA-AF82-12DF17AE4E1E,2016-ncaa-d1-conf-NEC,ncaa,4,4,3,4,3,1,1,1,6,7,9,3,1,1,2,1,2,2,5,2,1,1,1,3,3,3,1,1,9,4,8,4,10,4,10,3,6,10,2,5,1,1,1,1,,,9,6,,,4,1,1,3,1,1,1,10,10,1,1,2,2,1,1,1,4,8,4,4,6,1,1,,10,,,4,10,10,10,7,10,10,8,3,5,2,2,10,10,6,10,7,10,10,5,5,3,3,2,7,10,10,10,8,10,10,10,5,1,1,2,10,8,3,3,,,2,6,,,4,10,3,6,4,9,10,10,10,10,3,3,9,9,9,10,10,10,10,10,6,1,9,2,,1,,,b'\x11\xe8\xe1I\xca\xba\x92\xaa\xaf\x82\x12\xdf\x17\xaeN\x1e'
11E8E149-CABA-92AA-AF82-12DF17AE4E1E,2016-ncaa-d1-natl,ncaa,191,204,142,205,160,67,107,39,267,288,289,242,7,5,90,8,109,118,119,115,24,41,32,133,137,152,2,7,212,97,227,219,346,158,335,118,161,314,189,200,14,48,40,63,,,347,298,,,217,28,5,115,31,72,10,308,299,4,2,82,94,89,9,6,80,232,141,98,308,11,28,,349,,,216,338,327,299,284,332,307,303,167,212,86,89,345,345,154,344,302,327,338,261,278,198,114,50,291,348,346,336,227,345,335,309,193,15,53,95,340,270,49,121,,,44,156,,,217,329,163,240,200,341,333,332,337,333,181,222,346,345,344,343,346,346,343,348,316,7,328,59,,12,,,b'\x11\xe8\xe1I\xca\xba\x92\xaa\xaf\x82\x12\xdf\x17\xaeN\x1e'
11E8E149-CABA-92AA-AF82-12DF17AE4E1E,2017-ncaa-d0-natl,ncaa,136,152,74,152,115,38,48,25,163,183,287,41,2,1,174,2,179,200,115,195,88,33,26,77,93,92,9,2,333,189,315,83,336,112,338,99,261,303,152,188,10,36,5,9,,,344,225,,,133,17,3,341,22,35,9,233,329,1,2,221,254,250,12,7,231,107,168,120,267,7,2,,342,,,133,340,317,326,137,321,323,144,234,276,89,129,342,343,133,343,275,339,344,115,147,96,185,95,294,349,336,346,315,349,338,321,237,12,61,92,337,276,28,90,,,188,342,,,133,333,144,153,141,329,299,336,297,333,206,256,335,338,339,346,349,348,347,349,307,11,319,17,,265,,,b'\x11\xe8\xe1I\xca\xba\x92\xaa\xaf\x82\x12\xdf\x17\xaeN\x1e'
11E8E149-CABA-92AA-AF82-12DF17AE4E1E,2017-ncaa-d1-conf-NEC,ncaa,3,2,5,3,8,1,2,1,4,5,10,1,1,1,7,1,8,8,6,8,5,1,3,3,4,1,1,1,10,6,9,5,10,6,10,6,8,1,1,3,1,1,1,1,,,9,4,,,2,1,1,9,1,1,1,5,10,1,1,8,9,9,1,1,6,5,5,4,2,1,1,,10,,,2,9,8,9,3,7,8,3,8,8,5,5,7,9,1,9,7,10,10,3,3,2,7,6,6,10,10,10,9,10,10,10,10,1,2,3,6,4,2,2,,,9,10,,,2,10,3,3,2,9,10,10,8,10,9,8,8,9,9,10,10,10,10,10,10,1,7,2,,9,,,b'\x11\xe8\xe1I\xca\xba\x92\xaa\xaf\x82\x12\xdf\x17\xaeN\x1e'
11E8E149-CABA-92AA-AF82-12DF17AE4E1E,2017-ncaa-d1-natl,ncaa,143,151,98,156,142,43,54,26,174,212,312,46,4,2,179,1,204,232,114,230,88,39,28,81,95,98,9,2,332,211,318,102,337,149,341,117,261,285,159,195,14,40,5,11,,,344,229,,,151,17,3,341,23,39,11,240,331,2,2,227,259,258,14,8,237,114,180,134,266,7,2,,342,,,152,338,311,322,145,317,322,152,219,263,97,124,341,343,137,343,277,338,343,120,158,107,186,92,292,349,337,346,318,349,341,317,243,16,71,104,333,276,20,97,,,218,343,,,151,333,153,165,156,331,304,337,307,333,213,256,338,337,338,346,348,348,347,349,310,14,322,19,,264,,,b'\x11\xe8\xe1I\xca\xba\x92\xaa\xaf\x82\x12\xdf\x17\xaeN\x1e'
11E8E149-CABA-92AA-AF82-12DF17AE4E1E,2018-ncaa-d0-natl,ncaa,53,57,43,60,51,25,30,8,199,105,152,72,3,2,187,7,80,90,96,96,110,13,5,112,117,94,19,11,287,19,163,85,275,38,251,43,174,293,72,104,2,6,33,55,,,337,173,,,78,8,3,72,17,25,2,156,242,4,1,126,151,156,5,3,29,151,61,44,223,4,38,,300,,,79,338,333,323,280,328,310,271,315,307,246,195,285,308,50,304,195,328,344,282,257,133,156,205,124,331,275,348,163,348,251,340,256,5,24,85,311,126,95,83,,,39,283,,,78,338,82,141,99,319,314,315,304,278,279,272,221,262,258,326,345,301,343,337,323,10,259,55,,90,,,b'\x11\xe8\xe1I\xca\xba\x92\xaa\xaf\x82\x12\xdf\x17\xaeN\x1e'
11E8E149-CABA-92AA-AF82-12DF17AE4E1E,2018-ncaa-d1-conf-NEC,ncaa,1,1,1,1,1,1,1,1,1,1,3,1,1,1,4,1,3,4,1,4,5,1,1,1,1,1,1,1,9,1,3,1,8,1,5,1,4,6,1,1,1,1,1,1,,,9,4,,,1,1,1,6,1,1,1,2,5,1,1,4,4,4,1,1,1,3,2,1,2,1,1,,8,,,1,10,10,10,2,8,10,2,9,10,7,5,6,7,1,7,4,10,10,3,1,2,5,7,5,10,8,10,3,10,5,10,9,1,2,2,5,2,1,1,,,3,7,,,1,10,1,2,1,4,5,9,5,8,7,8,4,4,4,7,10,8,9,9,10,1,3,1,,3,,,b'\x11\xe8\xe1I\xca\xba\x92\xaa\xaf\x82\x12\xdf\x17\xaeN\x1e'
11E8E149-CABA-92AA-AF82-12DF17AE4E1E,2018-ncaa-d1-natl,ncaa,45,57,31,59,37,18,25,4,214,102,153,72,4,3,209,7,56,74,88,75,89,5,2,117,123,102,17,15,272,16,145,76,272,30,240,35,176,300,72,111,2,8,33,53,,,341,192,,,71,3,3,76,18,25,3,157,239,5,1,106,134,137,4,3,21,149,45,43,227,4,38,,308,,,73,345,335,331,284,333,318,277,320,320,259,199,301,319,57,317,212,339,348,290,268,151,177,210,135,333,272,348,145,349,240,342,259,3,28,95,314,127,84,80,,,28,282,,,71,347,87,149,100,323,314,313,305,272,282,281,229,272,267,325,344,293,341,335,326,13,262,52,,84,,,b'\x11\xe8\xe1I\xca\xba\x92\xaa\xaf\x82\x12\xdf\x17\xaeN\x1e'
11E8E149-CABA-92AA-AF82-12DF17AE4E1E,2018-ncaa-d1-ncaatournament,ncaa,33,2,33,33,34,56,57,33,64,63,64,56,29,12,58,1,55,57,28,56,44,33,33,63,63,63,1,2,52,45,59,47,53,48,62,52,39,31,39,59,44,47,35,49,,,10,7,,,64,33,1,7,56,57,1,63,64,7,1,55,57,56,1,1,34,40,42,52,58,31,19,,30,,,64,38,45,32,64,48,32,64,21,19,47,12,12,13,29,10,8,32,32,64,64,64,2,16,2,26,53,46,59,37,62,49,53,54,59,64,38,56,20,60,,,62,64,,,64,32,63,64,64,64,64,64,64,64,45,35,34,38,34,64,64,56,64,64,64,50,62,40,,62,,,b'\x11\xe8\xe1I\xca\xba\x92\xaa\xaf\x82\x12\xdf\x17\xaeN\x1e'
11E8E149-CABA-92AA-AF82-12DF17AE4E1E,2019-ncaa-d0-natl,ncaa,163,209,80,190,97,63,94,75,172,240,276,131,13,11,76,9,77,101,83,101,28,70,56,78,78,106,3,12,168,139,199,115,318,119,263,173,280,302,209,243,64,124,64,71,,,306,172,,,233,43,35,207,64,116,79,291,321,10,8,83,126,126,78,50,163,178,170,204,258,78,72,,273,,,230,342,335,319,243,290,235,277,344,342,256,313,305,308,173,306,267,332,323,283,285,297,305,306,175,343,318,289,199,331,263,350,340,108,219,322,310,243,251,307,,,138,259,,,233,311,117,314,221,338,319,331,252,191,345,344,279,281,282,339,331,333,233,312,343,141,275,232,,186,,,b'\x11\xe8\xe1I\xca\xba\x92\xaa\xaf\x82\x12\xdf\x17\xaeN\x1e'
11E8E149-CABA-92AA-AF82-12DF17AE4E1E,2019-ncaa-d1-conf-NEC,ncaa,3,4,1,4,1,1,1,1,3,3,5,1,1,1,6,2,1,2,4,2,2,1,1,3,3,2,3,3,6,4,5,1,7,3,5,6,10,3,1,4,2,2,1,1,,,7,4,,,4,1,2,4,2,2,2,4,8,1,2,2,3,3,2,4,5,3,5,7,2,2,1,,4,,,4,10,10,10,4,8,7,6,10,10,6,10,6,6,8,6,4,10,10,6,6,5,10,10,3,10,7,10,5,10,5,10,10,2,6,9,2,2,6,6,,,4,8,,,4,10,2,6,4,7,6,9,2,2,10,10,3,3,3,9,10,9,6,8,10,5,2,6,,8,,,b'\x11\xe8\xe1I\xca\xba\x92\xaa\xaf\x82\x12\xdf\x17\xaeN\x1e'
11E8E149-CABA-92AA-AF82-12DF17AE4E1E,2019-ncaa-d1-natl,ncaa,148,209,40,177,54,47,74,40,173,229,257,140,9,5,70,9,68,89,101,91,32,44,28,79,78,108,3,9,191,106,190,99,323,94,276,132,268,324,210,239,49,105,53,69,,,335,203,,,239,22,31,223,61,106,75,294,316,8,9,99,132,133,70,48,154,205,184,190,262,64,64,,289,,,232,350,343,334,263,319,293,281,349,344,277,302,332,328,203,329,282,341,342,288,299,298,306,291,203,347,323,326,190,346,276,351,339,71,210,312,312,227,269,305,,,109,275,,,239,332,119,323,227,342,321,330,262,203,344,336,301,298,297,342,332,335,245,319,343,118,265,230,,194,,,b'\x11\xe8\xe1I\xca\xba\x92\xaa\xaf\x82\x12\xdf\x17\xaeN\x1e'
11E8E149-CABA-92AA-AF82-12DF17AE4E1E,2020-ncaa-d0-natl,ncaa,239,258,87,256,102,286,266,302,181,293,317,127,139,123,204,53,326,335,69,335,290,323,288,143,155,248,113,71,306,303,262,87,99,185,122,237,158,287,338,280,351,350,223,242,,,38,54,,,311,274,336,70,323,307,343,316,333,154,132,329,339,339,348,339,315,94,224,263,274,351,228,,26,,,305,237,283,258,235,255,222,231,270,259,254,239,52,65,69,62,49,223,84,252,201,328,136,260,22,147,99,80,262,88,122,146,61,351,349,344,174,238,176,286,,,326,306,,,311,79,272,324,315,221,273,251,232,197,269,242,42,59,55,197,26,125,64,61,122,350,160,166,,337,,,b'\x11\xe8\xe1I\xca\xba\x92\xaa\xaf\x82\x12\xdf\x17\xaeN\x1e'
11E8E149-CABA-92AA-AF82-12DF17AE4E1E,2020-ncaa-d1-conf-NEC,ncaa,6,6,1,6,5,8,5,11,2,7,10,1,4,5,7,4,11,11,3,11,9,11,11,2,2,4,6,4,11,8,5,1,3,4,3,7,6,9,11,9,11,11,8,9,,,3,4,,,7,10,11,5,8,6,11,7,11,4,5,11,11,11,11,11,10,2,5,8,9,11,8,,3,,,7,9,9,9,5,6,9,4,9,6,8,6,5,6,2,5,3,9,2,6,4,10,6,9,4,5,3,1,5,3,3,2,1,11,11,11,7,10,3,8,,,11,8,,,7,1,4,10,7,8,7,9,6,7,9,6,5,6,5,8,2,4,1,3,2,11,7,3,,11,,,b'\x11\xe8\xe1I\xca\xba\x92\xaa\xaf\x82\x12\xdf\x17\xaeN\x1e'
11E8E149-CABA-92AA-AF82-12DF17AE4E1E,2020-ncaa-d1-natl,ncaa,257,278,45,274,65,278,258,299,174,292,315,117,146,116,220,57,318,332,54,332,295,325,293,144,156,246,130,82,305,286,249,71,102,177,111,234,158,296,340,284,351,350,225,251,,,55,63,,,320,266,333,75,319,304,342,309,331,162,138,324,339,340,347,334,305,94,224,260,280,351,233,,32,,,316,271,293,281,252,268,237,244,283,275,253,240,68,87,80,85,64,262,98,261,223,337,143,257,27,156,102,79,249,93,111,162,53,351,349,345,195,244,179,271,,,324,302,,,320,88,274,330,319,240,279,257,246,203,271,250,57,79,77,217,26,126,56,55,124,350,171,157,,335,,,b'\x11\xe8\xe1I\xca\xba\x92\xaa\xaf\x82\x12\xdf\x17\xaeN\x1e'
11E8E149-CABA-92AA-AF82-12DF17AE4E1E,2021-ncaa-d0-natl,ncaa,90,104,136,99,140,149,158,175,122,142,153,140,173,187,131,210,116,162,5,164,177,172,165,135,98,137,165,212,79,175,131,115,168,136,89,148,165,234,238,191,204,244,70,87,,,102,28,,,173,166,276,70,176,195,270,180,195,211,241,98,208,209,262,263,208,118,153,184,207,252,90,,30,,,169,194,226,231,162,202,220,128,260,234,257,231,81,69,228,67,20,203,183,171,144,193,159,268,19,221,168,129,131,155,89,197,126,208,252,240,244,246,221,213,,,120,63,,,173,184,148,215,163,162,207,231,164,204,260,229,23,20,19,171,107,204,40,78,174,265,224,202,,116,,,b'\x11\xe8\xe1I\xca\xba\x92\xaa\xaf\x82\x12\xdf\x17\xaeN\x1e'
11E8E149-CABA-92AA-AF82-12DF17AE4E1E,2021-ncaa-d1-conf-NEC,ncaa,3,2,6,3,7,4,4,8,3,4,5,3,6,7,4,8,2,5,1,5,6,8,7,3,2,2,8,8,2,5,3,3,5,5,2,6,7,4,6,5,9,8,3,4,,,2,2,,,3,7,9,6,5,4,9,3,5,8,8,2,5,5,9,9,7,2,4,8,3,8,2,,1,,,2,5,6,6,3,7,7,4,8,9,6,8,2,2,4,2,1,5,4,4,4,6,4,8,3,8,5,2,3,3,2,3,2,10,10,9,5,6,4,3,,,5,2,,,3,4,2,6,2,5,6,8,5,8,6,8,1,1,1,7,2,9,1,3,3,10,6,4,,4,,,b'\x11\xe8\xe1I\xca\xba\x92\xaa\xaf\x82\x12\xdf\x17\xaeN\x1e'
11E8E149-CABA-92AA-AF82-12DF17AE4E1E,2021-ncaa-d1-natl,ncaa,98,104,152,104,156,164,174,198,125,159,166,142,177,190,135,208,123,175,5,177,179,195,189,137,98,138,161,210,78,189,136,135,172,150,97,169,168,221,242,200,222,248,76,87,,,89,28,,,189,187,278,67,184,201,277,185,201,214,242,101,208,209,267,270,211,130,159,195,208,257,92,,29,,,186,174,212,210,174,192,207,136,251,224,259,228,75,61,232,59,20,185,165,184,152,206,153,267,19,210,172,115,136,140,97,186,129,225,260,248,235,249,213,219,,,134,66,,,189,162,150,229,176,168,219,232,173,208,259,228,22,19,18,175,105,208,42,81,179,272,230,203,,117,,,b'\x11\xe8\xe1I\xca\xba\x92\xaa\xaf\x82\x12\xdf\x17\xaeN\x1e'
11E8E149-CABA-92AA-AF82-12DF17AE4E1E,2022-ncaa-d0-natl,ncaa,282,316,112,295,116,271,247,247,240,210,173,270,271,278,214,260,285,291,216,285,305,257,212,255,270,313,270,240,241,134,77,165,82,154,60,219,140,319,336,298,346,346,333,345,,,97,143,,,330,233,347,57,332,324,338,264,216,286,309,315,310,306,344,310,158,198,183,256,299,354,342,,61,,,317,249,264,207,273,222,233,180,286,149,353,132,124,71,346,68,51,184,112,292,281,343,190,261,76,78,82,59,77,62,60,215,143,340,342,338,310,318,268,260,,,191,165,,,330,123,299,327,329,217,238,156,199,199,274,109,106,61,57,121,11,61,19,16,192,352,282,255,,237,,,b'\x11\xe8\xe1I\xca\xba\x92\xaa\xaf\x82\x12\xdf\x17\xaeN\x1e'
11E8E149-CABA-92AA-AF82-12DF17AE4E1E,2022-ncaa-d1-conf-NEC,ncaa,6,6,2,6,2,5,5,4,5,2,3,5,8,9,4,8,5,4,5,2,5,4,3,5,5,5,9,9,4,2,2,3,2,3,1,5,6,6,6,5,10,10,10,10,,,3,4,,,7,6,10,1,6,6,7,4,4,8,8,5,5,4,7,8,2,3,3,6,4,10,10,,2,,,7,9,9,8,5,7,7,3,9,9,10,8,8,5,10,5,4,9,5,8,10,10,10,10,5,2,2,1,2,1,1,8,3,10,10,10,9,9,10,10,,,2,3,,,7,5,4,10,7,7,6,6,3,5,10,8,6,4,4,5,1,1,1,1,5,10,9,10,,2,,,b'\x11\xe8\xe1I\xca\xba\x92\xaa\xaf\x82\x12\xdf\x17\xaeN\x1e'
11E8E149-CABA-92AA-AF82-12DF17AE4E1E,2022-ncaa-d1-natl,ncaa,296,316,146,305,155,304,286,285,256,246,204,281,283,293,217,260,302,302,215,301,306,298,260,273,285,318,269,239,236,166,84,205,90,190,69,256,151,311,338,310,352,349,341,348,,,67,151,,,335,275,348,49,335,331,345,276,225,288,308,317,311,306,346,321,169,208,201,270,303,354,344,,62,,,330,219,241,164,290,199,204,183,273,119,353,132,106,62,348,56,52,134,64,306,296,350,189,257,77,59,90,33,84,28,69,207,150,348,342,340,299,325,261,270,,,224,158,,,335,79,308,338,339,232,252,158,206,201,279,108,110,65,62,126,11,60,19,17,202,352,285,265,,235,,,b'\x11\xe8\xe1I\xca\xba\x92\xaa\xaf\x82\x12\xdf\x17\xaeN\x1e'
11E8E149-CABA-92AA-AF82-12DF17AE4E1E,2023-ncaa-d0-natl,ncaa,312,317,236,315,264,341,333,324,314,283,231,306,348,333,342,301,297,265,338,260,231,323,259,331,344,356,308,313,141,162,87,218,103,197,77,336,309,349,357,354,337,329,307,314,,,79,134,,,346,279,222,209,353,344,336,274,190,346,332,301,235,230,330,205,136,170,149,343,356,332,306,,110,,,344,152,190,126,251,185,140,241,155,140,216,178,86,102,139,99,128,115,81,249,230,294,121,189,91,51,103,39,87,28,77,197,189,321,307,314,349,354,153,177,,,266,233,,,346,88,353,262,342,227,250,206,245,210,208,185,132,136,136,191,102,77,68,54,236,314,353,187,,222,,,b'\x11\xe8\xe1I\xca\xba\x92\xaa\xaf\x82\x12\xdf\x17\xaeN\x1e'
11E8E149-CABA-92AA-AF82-12DF17AE4E1E,2023-ncaa-d1-conf-NEC,ncaa,6,6,5,6,5,9,9,5,9,5,3,9,8,8,9,8,7,6,9,6,6,6,5,9,9,9,8,8,5,5,4,5,1,5,2,9,8,9,8,9,8,8,8,8,,,3,5,,,9,6,5,2,9,8,6,4,3,8,8,7,5,5,5,2,5,3,3,9,9,8,8,,5,,,9,7,6,4,6,4,3,7,5,5,6,4,6,6,3,6,6,4,2,6,6,8,6,5,5,1,1,2,4,2,2,5,5,7,7,7,9,9,7,7,,,6,6,,,9,4,9,7,9,8,7,5,6,4,7,5,7,6,6,6,3,1,3,1,7,7,9,9,,4,,,b'\x11\xe8\xe1I\xca\xba\x92\xaa\xaf\x82\x12\xdf\x17\xaeN\x1e'
11E8E149-CABA-92AA-AF82-12DF17AE4E1E,2023-ncaa-d1-natl,ncaa,322,316,310,326,320,352,351,349,324,313,258,319,352,343,347,302,321,286,339,279,235,348,315,336,347,356,306,316,134,193,95,265,112,249,87,347,313,345,357,359,347,334,321,320,,,49,142,,,348,323,229,187,353,348,341,286,191,348,333,303,237,233,333,212,145,181,163,346,358,337,313,,113,,,348,108,148,81,263,153,103,251,142,121,230,180,71,86,147,83,128,65,33,264,240,305,120,187,91,36,112,16,95,8,87,174,190,347,316,324,345,354,136,190,,,293,226,,,348,39,354,289,348,237,264,209,251,207,217,185,141,142,143,198,98,81,69,57,248,323,354,199,,220,,,b'\x11\xe8\xe1I\xca\xba\x92\xaa\xaf\x82\x12\xdf\x17\xaeN\x1e'
11E8E149-CABA-92AA-AF82-12DF17AE4E1E,2024-ncaa-d0-natl,ncaa,334,338,196,337,241,339,324,259,345,296,206,341,306,270,336,221,337,326,306,322,327,287,271,347,354,346,275,239,250,216,228,278,305,269,307,312,257,224,288,318,295,291,354,357,,,171,236,,,352,283,296,263,354,350,289,316,197,311,267,340,330,325,312,294,195,300,290,336,245,299,355,,201,,,351,245,239,163,300,253,196,271,155,119,274,107,266,218,351,214,193,168,107,280,302,337,138,111,240,248,305,213,228,235,307,134,66,330,331,291,65,113,227,251,,,350,354,,,352,84,345,348,351,285,285,206,297,258,181,126,282,232,231,225,112,273,254,275,157,332,81,251,,356,,,b'\x11\xe8\xe1I\xca\xba\x92\xaa\xaf\x82\x12\xdf\x17\xaeN\x1e'
11E8E149-CABA-92AA-AF82-12DF17AE4E1E,2024-ncaa-d1-conf-NEC,ncaa,7,8,5,8,7,9,8,8,9,7,5,7,7,7,9,6,8,7,8,7,8,8,8,9,9,9,7,6,6,7,7,8,5,7,6,8,8,5,6,8,7,7,9,9,,,6,7,,,9,9,7,5,9,9,8,5,6,7,6,8,7,7,8,9,7,8,7,9,5,7,9,,7,,,9,9,7,2,9,8,6,7,4,1,8,2,7,7,7,7,6,2,1,8,9,9,3,2,7,1,5,4,7,2,6,3,2,9,9,8,2,3,7,7,,,9,9,,,9,1,8,9,9,9,7,4,8,7,4,2,8,7,6,5,2,4,8,4,5,9,3,7,,9,,,b'\x11\xe8\xe1I\xca\xba\x92\xaa\xaf\x82\x12\xdf\x17\xaeN\x1e'
11E8E149-CABA-92AA-AF82-12DF17AE4E1E,2024-ncaa-d1-natl,ncaa,345,339,254,345,304,355,349,317,352,331,248,347,324,290,340,227,349,341,310,337,330,332,323,353,355,352,275,238,247,248,244,314,314,310,318,341,271,195,301,330,323,306,357,359,,,137,245,,,356,335,304,264,357,356,299,327,203,315,274,345,334,330,318,302,214,312,300,345,252,313,357,,205,,,357,226,213,121,309,240,159,287,136,93,285,110,247,197,353,192,198,121,52,293,314,345,134,107,242,229,314,179,244,198,318,112,68,352,339,303,52,127,214,266,,,357,356,,,356,36,351,351,357,294,296,211,306,264,187,128,295,239,236,234,108,278,266,284,168,341,85,255,,358,,,b'\x11\xe8\xe1I\xca\xba\x92\xaa\xaf\x82\x12\xdf\x17\xaeN\x1e'
11E8E149-CABA-92AA-AF82-12DF17AE4E1E,2025-ncaa-d0-natl,genius_ncaa,246,249,194,261,198,316,285,318,213,293,276,260,234,282,102,203,347,340,313,338,321,332,300,206,236,303,204,134,317,314,294,155,183,236,199,264,177,305,348,309,347,349,338,345,,,78,121,,254,320,281,317,42,342,314,346,300,277,232,287,348,339,341,355,328,318,115,241,272,316,351,340,,101,,275,317,162,178,179,180,163,172,176,219,205,217,216,109,133,82,140,157,176,112,194,164,254,189,243,109,200,183,87,294,131,199,212,239,334,335,335,163,252,122,209,,,343,326,,313,320,96,318,271,319,202,214,222,189,197,241,227,134,152,161,213,102,233,107,146,242,346,184,138,,350,,309,b'\x11\xe8\xe1I\xca\xba\x92\xaa\xaf\x82\x12\xdf\x17\xaeN\x1e'
11E8E149-CABA-92AA-AF82-12DF17AE4E1E,2025-ncaa-d1-conf-NEC,genius_ncaa,4,4,5,4,6,7,5,8,2,5,6,4,5,9,1,6,8,8,8,8,8,8,8,3,4,5,8,5,8,8,8,3,3,5,3,5,6,7,8,5,8,7,7,7,,,3,4,,7,4,9,6,3,6,5,7,4,4,5,9,8,8,8,9,7,8,1,5,5,8,8,6,,4,,7,4,2,2,5,2,2,7,2,3,3,2,4,3,4,1,4,5,6,2,2,2,2,4,5,5,5,3,1,8,2,3,3,5,9,9,7,3,4,5,7,,,8,8,,9,4,2,5,2,4,2,2,7,5,7,4,4,4,5,5,7,4,6,2,3,4,9,4,5,,8,,9,b'\x11\xe8\xe1I\xca\xba\x92\xaa\xaf\x82\x12\xdf\x17\xaeN\x1e'
11E8E149-CABA-92AA-AF82-12DF17AE4E1E,2025-ncaa-d1-natl,genius_ncaa,262,249,244,265,250,332,321,339,222,314,302,274,251,293,105,205,349,343,316,341,323,349,333,215,245,312,205,133,315,326,303,190,193,280,215,294,182,286,348,317,354,351,341,348,,,61,128,,251,324,325,317,37,342,330,346,312,282,235,289,348,340,342,355,331,320,124,256,288,320,352,343,,100,,279,325,133,156,144,197,135,141,181,201,183,221,215,92,114,82,121,159,132,59,207,179,272,182,243,108,183,193,64,303,98,215,198,243,349,339,339,146,259,106,228,,,350,322,,316,324,47,326,295,325,211,231,229,202,203,244,226,139,154,166,220,96,238,112,155,253,347,186,143,,349,,307,b'\x11\xe8\xe1I\xca\xba\x92\xaa\xaf\x82\x12\xdf\x17\xaeN\x1e'
11E8E149-CABA-92AA-AF82-12DF17AE4E1E,2026-ncaa-d0-natl,genius_ncaa,332,295,279,332,326,325,324,313,303,328,301,310,266,286,187,157,337,320,340,323,264,320,316,304,311,316,136,98,258,317,299,277,178,306,250,242,21,124,301,219,345,348,295,277,,,52,143,,73,315,305,121,363,319,308,275,314,248,204,207,323,287,299,303,251,262,160,228,161,280,346,280,,143,,141,324,104,161,92,318,189,66,357,101,182,59,312,19,25,55,25,71,74,57,310,272,317,26,144,17,63,178,100,299,83,250,255,312,337,335,352,151,301,76,174,,,331,291,,344,315,55,322,311,324,291,339,306,338,201,225,329,54,76,70,274,160,182,276,254,353,338,285,138,,300,,331,b'\x11\xe8\xe1I\xca\xba\x92\xaa\xaf\x82\x12\xdf\x17\xaeN\x1e'
11E8E149-CABA-92AA-AF82-12DF17AE4E1E,2026-ncaa-d1-natl,genius_ncaa,354,327,271,354,344,351,343,324,328,340,299,328,303,296,269,208,348,339,330,341,315,335,328,325,334,338,203,155,254,315,311,299,197,324,294,294,76,151,302,259,341,329,310,299,,,56,157,,90,330,320,142,363,348,327,277,313,208,263,250,334,314,320,310,263,277,211,264,237,274,329,293,,147,,142,336,135,202,99,333,236,77,358,108,188,74,283,20,27,65,26,59,77,42,321,294,325,20,138,17,77,197,147,311,120,294,292,329,340,316,353,157,288,65,137,,,347,306,,321,330,44,342,320,339,301,340,297,346,219,216,307,55,69,68,266,147,185,308,280,357,312,271,126,,322,,301,b'\x11\xe8\xe1I\xca\xba\x92\xaa\xaf\x82\x12\xdf\x17\xaeN\x1e'
11E8E149-CABF-31FC-AF82-12DF17AE4E1E,2010-ncaa-d0-natl,ncaa,125,145,81,145,87,135,131,123,153,121,118,137,183,170,190,206,138,166,67,162,209,133,141,161,148,140,211,207,170,260,288,58,47,142,163,121,141,152,136,120,153,187,159,211,,,183,136,,,116,105,165,67,165,158,177,140,165,198,201,161,209,198,192,229,304,68,196,143,120,193,185,,126,,,115,165,219,265,107,277,295,120,57,101,46,63,128,143,103,145,64,247,231,75,60,92,34,58,116,134,47,244,288,200,163,231,204,181,222,225,238,220,116,99,,,89,76,,,116,242,182,73,113,107,158,215,229,290,37,69,98,110,108,199,165,77,200,147,186,234,203,95,,124,,,b'\x11\xe8\xe1I\xca\xbf1\xfc\xaf\x82\x12\xdf\x17\xaeN\x1e'
11E8E149-CABF-31FC-AF82-12DF17AE4E1E,2010-ncaa-d1-conf-Atlantic 10,ncaa,4,4,3,4,5,6,5,7,4,5,7,4,8,8,5,10,6,7,8,6,6,7,7,5,5,4,9,9,7,11,11,4,6,6,6,5,5,11,9,7,7,12,5,7,,,9,7,,,6,5,3,5,6,5,8,4,8,9,9,5,6,6,8,8,11,3,6,5,8,9,5,,10,,,6,9,14,13,6,14,14,6,1,2,1,1,8,10,4,10,2,13,11,2,3,4,1,1,7,12,6,9,11,11,6,8,5,7,11,9,13,10,3,2,,,2,2,,,6,10,7,5,6,6,9,14,14,14,1,2,6,8,8,14,12,9,6,7,9,9,13,3,,3,,,b'\x11\xe8\xe1I\xca\xbf1\xfc\xaf\x82\x12\xdf\x17\xaeN\x1e'
11E8E149-CABF-31FC-AF82-12DF17AE4E1E,2010-ncaa-d1-natl,ncaa,132,145,91,149,97,144,142,136,158,124,128,143,191,175,192,208,143,175,69,169,209,146,154,165,152,142,209,208,162,271,294,65,48,155,166,125,143,138,136,125,164,191,170,217,,,167,135,,,122,116,169,67,171,164,180,143,168,200,204,160,210,199,193,230,303,74,203,146,119,197,187,,128,,,123,152,210,256,113,270,292,125,47,94,48,61,119,133,105,135,67,235,213,78,63,103,33,58,116,119,48,234,294,191,166,224,205,202,234,229,230,223,112,102,,,100,77,,,122,231,185,85,119,111,168,217,235,291,37,68,103,112,110,201,165,82,205,148,192,239,206,98,,124,,,b'\x11\xe8\xe1I\xca\xbf1\xfc\xaf\x82\x12\xdf\x17\xaeN\x1e'
11E8E149-CABF-31FC-AF82-12DF17AE4E1E,2011-ncaa-d0-natl,ncaa,85,83,77,91,81,150,115,173,60,97,130,83,181,230,70,214,268,299,52,301,332,199,234,78,87,76,271,193,306,331,333,73,158,221,282,57,26,64,106,23,294,317,119,157,,,133,111,,,117,160,292,62,201,150,262,126,185,202,258,307,331,331,300,323,336,97,302,53,38,321,134,,89,,,119,117,157,256,58,221,300,48,53,79,55,45,119,148,61,147,71,241,207,35,25,70,42,57,147,253,158,238,333,261,282,128,129,229,261,192,55,84,60,55,,,258,241,,,117,193,154,83,109,69,106,193,173,284,38,45,96,114,109,163,100,211,164,189,94,279,46,47,,319,,,b'\x11\xe8\xe1I\xca\xbf1\xfc\xaf\x82\x12\xdf\x17\xaeN\x1e'
11E8E149-CABF-31FC-AF82-12DF17AE4E1E,2011-ncaa-d1-conf-Atlantic 10,ncaa,6,8,4,8,5,6,5,7,5,6,6,5,9,12,4,12,9,7,7,7,10,7,8,6,7,5,10,10,11,13,13,4,6,5,9,5,3,6,6,3,11,14,7,7,,,10,6,,,8,5,10,6,9,7,10,6,7,9,12,10,11,11,10,11,13,4,9,6,4,14,7,,7,,,8,9,8,11,4,10,12,6,3,4,5,3,7,8,2,8,3,11,11,4,3,6,1,3,7,11,6,13,13,13,9,4,1,10,11,6,4,5,2,3,,,6,4,,,8,10,7,6,7,4,7,9,9,14,2,3,6,6,6,7,7,9,9,11,2,11,4,2,,8,,,b'\x11\xe8\xe1I\xca\xbf1\xfc\xaf\x82\x12\xdf\x17\xaeN\x1e'
11E8E149-CABF-31FC-AF82-12DF17AE4E1E,2011-ncaa-d1-natl,ncaa,90,82,95,95,100,170,131,198,61,111,147,87,194,237,73,212,274,310,52,311,333,226,267,81,88,80,269,190,305,333,333,84,162,238,286,60,25,51,107,26,302,319,128,162,,,117,111,,,125,192,292,61,207,156,264,135,187,205,258,307,332,332,301,325,337,101,304,58,38,324,135,,87,,,127,97,140,238,60,207,293,52,47,72,58,45,108,141,66,141,69,222,180,37,28,77,39,56,149,241,162,220,333,245,286,113,130,252,265,200,42,85,57,55,,,275,239,,,125,163,156,92,116,73,109,194,176,287,38,45,96,115,111,167,97,212,167,190,100,284,47,48,,319,,,b'\x11\xe8\xe1I\xca\xbf1\xfc\xaf\x82\x12\xdf\x17\xaeN\x1e'
11E8E149-CABF-31FC-AF82-12DF17AE4E1E,2012-ncaa-d0-natl,ncaa,59,73,48,75,57,77,54,86,38,37,38,83,190,258,28,280,127,145,107,144,282,91,153,64,66,25,291,255,239,235,284,92,223,156,252,69,182,9,3,14,264,304,95,148,,,239,170,,,92,115,262,137,106,75,162,46,72,226,284,193,220,212,178,299,293,184,263,89,5,301,114,,146,,,96,227,261,291,153,312,329,124,34,50,57,20,205,218,123,211,66,289,258,91,83,144,13,18,165,282,223,275,284,295,252,172,65,204,274,195,32,28,8,1,,,55,21,,,92,246,41,168,76,139,186,206,276,311,18,23,143,150,145,193,129,228,164,196,102,280,15,3,,106,,,b'\x11\xe8\xe1I\xca\xbf1\xfc\xaf\x82\x12\xdf\x17\xaeN\x1e'
11E8E149-CABF-31FC-AF82-12DF17AE4E1E,2012-ncaa-d1-conf-Atlantic 10,ncaa,4,4,1,4,2,3,3,3,3,2,3,3,6,6,6,9,6,7,5,6,9,3,3,3,3,2,11,9,10,9,13,3,10,8,11,4,10,4,3,2,8,12,4,4,,,13,5,,,6,2,7,8,6,3,3,4,5,8,10,9,9,9,5,10,13,7,11,7,2,12,4,,9,,,6,14,14,14,7,14,14,8,4,4,2,3,13,13,2,13,8,14,13,5,5,5,2,2,9,14,10,13,13,14,11,10,1,5,9,4,5,4,1,1,,,3,2,,,6,13,4,6,6,8,9,11,14,13,3,4,8,13,13,11,11,13,12,13,5,6,2,1,,7,,,b'\x11\xe8\xe1I\xca\xbf1\xfc\xaf\x82\x12\xdf\x17\xaeN\x1e'
11E8E149-CABF-31FC-AF82-12DF17AE4E1E,2012-ncaa-d1-natl,ncaa,68,72,55,79,64,85,59,95,40,39,40,84,199,267,29,279,138,161,105,160,282,106,180,68,71,28,288,255,235,252,291,110,228,180,260,75,188,4,3,15,280,307,103,156,,,225,174,,,97,141,265,136,113,79,169,48,77,227,285,201,222,216,185,301,295,191,267,100,5,304,114,,153,,,101,212,248,279,157,306,327,132,27,39,59,20,194,204,128,194,67,280,239,94,86,151,14,18,161,274,228,264,291,280,260,160,67,230,278,211,25,31,3,1,,,60,18,,,97,223,45,181,77,146,190,206,278,311,18,22,148,155,146,193,127,231,171,201,103,280,15,4,,107,,,b'\x11\xe8\xe1I\xca\xbf1\xfc\xaf\x82\x12\xdf\x17\xaeN\x1e'
11E8E149-CABF-31FC-AF82-12DF17AE4E1E,2013-ncaa-d0-natl,ncaa,50,40,80,48,86,101,83,96,90,67,70,127,177,208,91,236,139,184,49,186,286,111,158,109,105,68,242,218,211,170,191,77,102,101,123,44,37,39,34,21,182,199,113,133,,,182,170,,,48,144,266,77,113,92,132,75,92,198,232,165,227,226,155,249,218,87,139,37,28,214,127,,139,,,43,67,76,203,32,145,254,34,35,85,24,61,164,206,57,206,137,208,193,16,18,37,77,50,239,193,102,208,191,210,123,36,45,189,209,70,78,73,257,185,,,124,122,,,48,191,69,42,43,37,45,111,93,221,24,55,141,163,161,114,96,135,147,133,21,227,66,235,,182,,,b'\x11\xe8\xe1I\xca\xbf1\xfc\xaf\x82\x12\xdf\x17\xaeN\x1e'
11E8E149-CABF-31FC-AF82-12DF17AE4E1E,2013-ncaa-d1-conf-Atlantic 10,ncaa,2,3,1,3,1,2,2,1,3,1,1,5,5,10,1,12,1,1,3,1,7,1,1,3,4,2,10,12,6,7,11,1,1,1,3,1,4,4,1,1,6,9,6,8,,,14,10,,,2,1,7,2,2,3,6,4,4,9,11,1,3,3,5,8,10,1,3,2,2,9,8,,10,,,2,10,10,16,1,11,16,3,4,11,2,5,11,13,4,13,8,16,16,1,1,3,5,5,10,10,1,13,11,14,3,1,2,7,12,3,7,6,5,3,,,1,2,,,2,16,3,3,2,4,2,13,7,15,4,5,9,10,10,12,8,4,9,5,1,11,5,3,,3,,,b'\x11\xe8\xe1I\xca\xbf1\xfc\xaf\x82\x12\xdf\x17\xaeN\x1e'
11E8E149-CABF-31FC-AF82-12DF17AE4E1E,2013-ncaa-d1-natl,ncaa,56,40,90,51,98,116,90,111,92,75,80,132,182,218,88,236,150,197,48,198,284,122,181,114,108,70,240,215,208,191,195,85,107,115,128,52,37,32,35,21,196,209,115,137,,,165,176,,,48,165,269,76,117,95,138,78,96,200,232,164,226,225,158,252,224,88,145,41,29,223,130,,141,,,44,53,64,190,34,131,241,35,28,71,25,59,157,192,61,190,138,191,173,19,19,41,76,50,240,183,107,190,195,195,128,29,45,204,215,73,67,73,251,188,,,140,120,,,48,173,71,50,44,41,49,117,97,220,22,54,141,165,162,117,96,135,150,137,23,235,67,238,,179,,,b'\x11\xe8\xe1I\xca\xbf1\xfc\xaf\x82\x12\xdf\x17\xaeN\x1e'
11E8E149-CABF-31FC-AF82-12DF17AE4E1E,2013-ncaa-d1-ncaatournament,ncaa,33,2,33,33,35,46,48,55,40,34,50,20,64,59,64,43,36,42,6,42,23,55,59,49,41,38,55,64,6,57,57,40,52,51,59,41,17,6,13,15,56,55,38,39,,,22,52,,,31,53,45,7,42,46,50,24,40,64,44,15,25,25,48,56,54,27,48,32,7,50,33,,50,,,34,3,4,17,18,12,16,27,2,12,3,16,20,25,7,20,46,20,19,8,9,13,14,7,50,30,52,13,57,24,59,4,40,46,30,24,4,7,1,3,,,38,3,,,31,8,44,19,32,11,13,27,36,41,2,14,38,49,43,37,35,54,44,54,24,27,5,3,,14,,,b'\x11\xe8\xe1I\xca\xbf1\xfc\xaf\x82\x12\xdf\x17\xaeN\x1e'
11E8E149-CABF-31FC-AF82-12DF17AE4E1E,2014-ncaa-d0-natl,ncaa,47,57,53,57,64,66,48,68,48,46,42,91,167,225,41,257,117,216,2,205,323,88,138,73,64,29,271,228,237,237,265,83,221,133,216,24,62,20,17,8,245,293,130,177,,,245,184,,,64,101,247,143,81,54,127,49,81,194,256,171,283,273,171,275,283,142,233,26,8,286,152,,160,,,65,204,200,280,77,243,303,60,109,140,99,80,234,258,109,249,143,282,263,52,55,99,105,92,231,298,221,242,265,275,216,163,128,167,245,168,50,42,215,108,,,140,159,,,64,248,43,121,62,104,107,193,172,256,69,83,187,194,188,197,150,249,153,190,99,248,34,174,,237,,,b'\x11\xe8\xe1I\xca\xbf1\xfc\xaf\x82\x12\xdf\x17\xaeN\x1e'
11E8E149-CABF-31FC-AF82-12DF17AE4E1E,2014-ncaa-d1-conf-Atlantic 10,ncaa,5,5,3,5,5,3,3,5,3,3,3,6,5,9,2,9,4,9,1,8,10,4,6,4,4,2,8,9,9,9,8,5,10,6,7,1,2,2,1,1,9,10,5,8,,,10,10,,,3,6,6,7,3,3,5,3,3,5,9,4,9,8,5,6,9,5,6,1,1,9,6,,11,,,3,8,8,9,5,8,9,2,4,4,9,3,11,11,3,11,11,9,8,4,4,6,9,4,11,10,10,7,8,9,7,8,2,7,8,5,4,5,9,6,,,7,6,,,3,8,2,7,3,7,6,9,6,9,4,4,11,11,11,9,8,10,6,9,5,9,4,9,,8,,,b'\x11\xe8\xe1I\xca\xbf1\xfc\xaf\x82\x12\xdf\x17\xaeN\x1e'
11E8E149-CABF-31FC-AF82-12DF17AE4E1E,2014-ncaa-d1-natl,ncaa,52,57,59,59,73,77,54,82,50,49,49,94,170,233,42,257,127,241,2,231,324,107,161,74,64,30,272,232,236,249,269,93,226,157,229,29,64,14,17,8,258,295,136,180,,,228,185,,,73,124,252,142,84,57,131,55,84,195,257,175,285,275,177,277,284,148,245,27,7,290,157,,161,,,72,187,179,264,82,227,298,67,103,125,100,78,219,243,111,232,147,271,253,55,64,110,103,86,230,288,226,224,269,260,229,146,125,184,248,176,44,45,205,120,,,160,158,,,73,227,46,131,67,108,111,193,177,263,70,78,190,196,193,201,149,247,154,195,103,254,34,180,,239,,,b'\x11\xe8\xe1I\xca\xbf1\xfc\xaf\x82\x12\xdf\x17\xaeN\x1e'
11E8E149-CABF-31FC-AF82-12DF17AE4E1E,2014-ncaa-d1-ncaatournament,ncaa,17,2,17,17,17,30,25,22,28,26,21,46,18,35,2,46,43,42,23,41,64,30,32,29,34,28,52,24,59,24,24,32,57,32,45,28,43,27,10,10,37,53,25,36,,,33,10,,,56,32,62,3,45,28,32,32,20,27,51,55,61,59,51,57,31,54,46,35,5,53,32,,8,,,45,45,48,46,40,42,41,32,52,42,57,39,22,24,41,26,8,42,37,41,40,49,39,57,10,49,57,40,24,45,45,47,32,36,57,57,35,35,32,25,,,33,43,,,56,33,17,56,46,43,47,46,35,36,55,41,9,7,9,30,15,58,22,38,42,58,22,26,,57,,,b'\x11\xe8\xe1I\xca\xbf1\xfc\xaf\x82\x12\xdf\x17\xaeN\x1e'
11E8E149-CABF-31FC-AF82-12DF17AE4E1E,2015-ncaa-d0-natl,ncaa,208,209,172,219,178,220,222,199,233,145,75,285,306,324,181,333,106,145,38,148,257,188,249,280,246,167,287,312,40,221,230,206,152,217,211,200,160,17,30,70,291,288,122,136,,,134,192,,,178,258,287,59,226,228,178,119,39,308,328,83,130,133,169,268,225,186,227,188,23,297,120,,141,,,179,90,118,132,164,199,199,167,40,73,39,92,141,115,277,105,94,118,93,112,122,156,62,53,190,125,152,170,230,152,211,129,139,244,236,217,15,26,86,45,,,138,43,,,178,98,169,154,175,120,138,148,223,236,41,75,154,127,119,129,81,134,206,181,128,255,19,83,,98,,,b'\x11\xe8\xe1I\xca\xbf1\xfc\xaf\x82\x12\xdf\x17\xaeN\x1e'
11E8E149-CABF-31FC-AF82-12DF17AE4E1E,2015-ncaa-d1-conf-Atlantic 10,ncaa,6,5,5,6,7,6,7,7,8,4,4,9,14,14,10,13,5,5,5,5,9,7,10,10,10,4,12,13,4,6,9,6,10,7,9,7,6,1,1,1,9,9,5,8,,,6,7,,,5,10,12,6,5,8,7,4,3,14,14,4,5,5,7,11,8,10,9,8,1,9,6,,6,,,5,2,4,7,3,7,8,6,2,4,1,3,6,6,9,6,5,7,6,3,5,6,3,2,9,11,10,8,9,9,9,4,6,8,8,6,1,2,1,1,,,5,3,,,5,6,5,6,5,4,3,5,9,9,3,3,7,6,6,6,4,11,6,8,4,8,1,1,,5,,,b'\x11\xe8\xe1I\xca\xbf1\xfc\xaf\x82\x12\xdf\x17\xaeN\x1e'
11E8E149-CABF-31FC-AF82-12DF17AE4E1E,2015-ncaa-d1-natl,ncaa,222,207,209,225,219,250,253,243,244,164,87,290,310,327,182,332,121,166,37,170,257,229,290,285,252,178,283,313,38,248,237,237,158,255,219,224,162,12,35,75,308,297,134,139,,,101,195,,,193,301,289,56,233,237,191,125,41,310,326,81,133,138,179,271,233,196,230,197,23,302,125,,142,,,194,62,91,92,176,176,169,184,33,54,44,87,122,97,283,90,99,74,51,117,134,176,60,52,187,102,158,142,237,119,219,106,139,267,243,223,11,28,78,48,,,161,40,,,193,53,185,175,190,124,145,150,238,239,44,75,160,127,121,132,81,135,212,184,131,261,21,87,,100,,,b'\x11\xe8\xe1I\xca\xbf1\xfc\xaf\x82\x12\xdf\x17\xaeN\x1e'
11E8E149-CABF-31FC-AF82-12DF17AE4E1E,2016-ncaa-d0-natl,ncaa,177,156,240,179,277,218,224,248,192,171,134,241,302,320,178,317,119,160,61,161,188,240,286,248,195,155,255,301,41,189,116,221,84,213,74,207,137,20,53,94,328,318,227,235,,,135,258,,,180,300,263,280,183,200,197,109,80,297,318,71,111,107,182,252,161,167,155,181,38,325,205,,199,,,180,91,120,86,215,151,189,134,98,38,331,39,76,118,13,114,120,85,41,203,170,255,87,141,113,36,84,42,116,29,74,67,56,338,319,261,7,27,161,124,,,219,126,,,180,51,139,230,183,167,198,152,226,261,138,44,109,173,170,153,52,72,79,63,93,334,20,194,,176,,,b'\x11\xe8\xe1I\xca\xbf1\xfc\xaf\x82\x12\xdf\x17\xaeN\x1e'
11E8E149-CABF-31FC-AF82-12DF17AE4E1E,2016-ncaa-d1-conf-Atlantic 10,ncaa,7,6,10,7,13,10,11,11,9,8,6,10,12,13,9,10,5,5,7,5,5,10,10,12,9,9,10,10,1,7,4,10,7,8,3,11,8,5,5,9,12,11,7,8,,,6,12,,,8,11,8,13,8,9,8,5,5,12,11,3,4,4,8,7,6,7,5,8,6,12,7,,9,,,8,4,6,3,12,7,8,7,5,3,13,4,4,5,1,4,5,2,3,10,8,10,4,6,3,5,7,1,4,1,3,2,1,13,13,6,3,4,6,7,,,8,5,,,8,3,8,9,8,8,10,8,12,11,5,4,6,6,6,6,5,7,1,1,2,13,4,7,,5,,,b'\x11\xe8\xe1I\xca\xbf1\xfc\xaf\x82\x12\xdf\x17\xaeN\x1e'
11E8E149-CABF-31FC-AF82-12DF17AE4E1E,2016-ncaa-d1-natl,ncaa,191,156,303,192,332,251,263,288,201,203,167,250,309,326,177,314,136,176,59,179,185,276,322,254,201,157,255,301,36,213,122,256,93,254,81,228,145,14,55,97,337,321,242,240,,,108,262,,,192,331,267,282,200,213,208,121,83,297,320,71,115,111,190,254,167,173,162,192,39,328,211,,201,,,192,67,96,53,224,137,153,149,87,24,332,39,60,101,14,95,121,42,12,208,180,269,87,138,112,22,93,24,122,12,81,48,57,343,325,268,4,26,150,136,,,243,126,,,192,16,150,244,194,176,208,156,234,264,143,47,116,177,173,157,54,72,85,64,103,335,23,205,,178,,,b'\x11\xe8\xe1I\xca\xbf1\xfc\xaf\x82\x12\xdf\x17\xaeN\x1e'
11E8E149-CABF-31FC-AF82-12DF17AE4E1E,2017-ncaa-d0-natl,ncaa,136,152,74,152,82,130,142,146,164,113,74,245,219,271,67,287,81,116,51,117,217,131,176,197,157,114,227,249,74,177,181,131,115,150,143,87,54,44,46,46,240,241,137,194,,,291,313,,,116,177,316,66,185,205,222,146,95,249,299,97,149,147,216,288,216,210,231,105,27,278,154,,249,,,116,129,120,186,89,232,299,63,11,12,58,5,300,294,215,292,189,211,172,36,65,134,41,7,322,130,115,179,181,166,143,4,1,261,267,55,34,39,317,268,,,159,152,,,116,177,119,126,110,66,65,74,192,286,7,8,269,257,257,99,46,91,106,92,2,310,27,304,,233,,,b'\x11\xe8\xe1I\xca\xbf1\xfc\xaf\x82\x12\xdf\x17\xaeN\x1e'
11E8E149-CABF-31FC-AF82-12DF17AE4E1E,2017-ncaa-d1-conf-Atlantic 10,ncaa,2,3,2,3,2,4,3,4,3,5,4,6,7,9,4,11,2,3,5,3,8,5,5,5,5,3,10,10,3,6,5,4,3,3,4,5,4,6,4,3,9,10,5,7,,,12,11,,,4,5,12,6,5,6,8,7,4,8,9,3,4,5,8,11,6,6,7,5,4,10,6,,11,,,4,7,5,11,3,11,13,3,1,3,1,2,11,11,11,11,4,11,11,2,3,3,2,1,13,7,3,7,5,4,4,1,1,9,10,1,5,5,11,9,,,3,5,,,4,11,4,3,4,4,3,6,10,12,1,3,9,7,8,5,2,3,3,2,1,12,4,11,,6,,,b'\x11\xe8\xe1I\xca\xbf1\xfc\xaf\x82\x12\xdf\x17\xaeN\x1e'
11E8E149-CABF-31FC-AF82-12DF17AE4E1E,2017-ncaa-d1-natl,ncaa,143,151,98,156,105,158,173,176,176,136,92,256,235,280,70,284,91,137,52,137,222,166,224,202,165,122,224,247,73,199,189,167,124,188,156,104,53,27,48,49,260,253,152,203,,,271,313,,,123,228,317,64,193,217,225,156,102,250,302,101,158,157,220,292,226,223,241,111,27,286,160,,251,,,122,101,94,141,93,214,288,65,8,9,62,5,283,278,220,276,188,167,118,43,69,146,39,7,321,106,124,141,189,124,156,3,1,285,273,63,24,42,313,273,,,191,149,,,123,123,124,138,119,72,70,74,198,288,7,8,275,262,261,103,45,95,110,93,3,313,27,305,,234,,,b'\x11\xe8\xe1I\xca\xbf1\xfc\xaf\x82\x12\xdf\x17\xaeN\x1e'
11E8E149-CABF-31FC-AF82-12DF17AE4E1E,2018-ncaa-d0-natl,ncaa,99,162,25,135,41,90,57,78,68,32,33,98,245,283,131,319,159,148,260,134,292,83,76,108,126,108,332,313,254,61,43,93,114,66,49,64,118,165,104,76,255,284,122,205,,,267,218,,,132,91,310,345,174,113,211,50,72,300,323,250,225,216,218,280,116,208,163,100,74,305,177,,146,,,134,269,245,275,108,290,315,83,78,80,141,28,316,244,349,242,117,286,249,77,129,218,84,36,285,184,114,114,43,137,49,34,4,245,290,118,95,63,173,57,,,110,185,,,132,261,90,202,131,110,105,106,188,252,42,24,242,153,154,93,35,88,28,27,10,315,48,107,,239,,,b'\x11\xe8\xe1I\xca\xbf1\xfc\xaf\x82\x12\xdf\x17\xaeN\x1e'
11E8E149-CABF-31FC-AF82-12DF17AE4E1E,2018-ncaa-d1-conf-Atlantic 10,ncaa,3,6,1,6,2,3,2,3,3,1,1,2,12,11,10,13,6,4,11,4,11,2,2,5,7,7,14,13,12,2,2,4,6,2,3,2,2,11,5,5,8,9,6,8,,,11,9,,,6,2,12,14,7,5,8,1,3,13,12,11,11,10,9,11,4,8,6,3,6,10,8,,8,,,6,11,10,12,3,11,13,3,6,5,5,3,12,10,14,10,8,13,13,2,4,8,5,4,12,8,6,5,2,5,3,1,1,7,8,3,9,7,9,2,,,3,9,,,6,13,5,7,6,3,3,4,5,9,4,4,9,7,7,4,3,5,1,2,1,12,6,5,,12,,,b'\x11\xe8\xe1I\xca\xbf1\xfc\xaf\x82\x12\xdf\x17\xaeN\x1e'
11E8E149-CABF-31FC-AF82-12DF17AE4E1E,2018-ncaa-d1-natl,ncaa,106,162,31,144,51,101,67,95,69,40,38,105,265,299,134,318,186,167,257,157,294,99,103,113,131,111,330,309,248,72,47,109,123,80,55,73,119,139,107,79,274,297,139,207,,,244,223,,,152,122,313,345,187,123,220,53,74,299,323,253,227,221,231,287,127,219,177,106,73,312,180,,150,,,152,253,232,264,124,280,313,92,65,63,147,24,309,225,348,226,119,267,216,86,146,234,79,33,281,159,123,91,47,106,55,20,4,271,299,129,80,65,164,61,,,146,185,,,152,233,96,222,151,119,117,110,197,256,39,22,246,158,157,100,32,87,28,29,11,322,51,116,,238,,,b'\x11\xe8\xe1I\xca\xbf1\xfc\xaf\x82\x12\xdf\x17\xaeN\x1e'
11E8E149-CABF-31FC-AF82-12DF17AE4E1E,2019-ncaa-d0-natl,ncaa,220,245,114,236,132,300,302,265,322,325,288,325,154,133,209,83,283,295,158,291,199,278,309,298,299,263,54,57,193,290,306,252,235,284,301,237,75,38,141,159,298,276,111,110,,,159,265,,,224,302,347,111,335,338,325,343,311,154,138,310,310,308,337,345,309,296,327,268,56,313,109,,143,,,217,37,51,81,89,129,189,89,15,22,32,19,167,183,104,194,182,87,61,52,59,82,48,16,261,165,235,224,306,209,301,44,100,272,217,145,29,86,118,203,,,225,95,,,224,51,276,111,224,23,28,34,112,175,8,10,151,176,184,35,10,153,200,190,39,287,37,111,,258,,,b'\x11\xe8\xe1I\xca\xbf1\xfc\xaf\x82\x12\xdf\x17\xaeN\x1e'
11E8E149-CABF-31FC-AF82-12DF17AE4E1E,2019-ncaa-d1-conf-Atlantic 10,ncaa,7,8,5,8,7,10,12,9,13,14,12,14,3,4,5,2,9,10,6,10,7,11,11,11,9,9,2,2,9,11,11,13,13,13,13,10,7,1,3,6,12,12,6,6,,,8,10,,,9,12,13,6,11,13,11,14,13,3,4,10,10,10,12,12,13,13,13,13,2,12,6,,7,,,9,4,5,5,9,14,11,9,1,1,3,1,11,11,11,11,10,6,5,6,7,10,2,1,11,11,13,7,11,9,13,6,4,11,11,7,3,3,7,9,,,10,5,,,9,3,9,10,9,5,5,3,13,12,1,2,11,11,11,3,4,10,7,10,4,12,3,7,,10,,,b'\x11\xe8\xe1I\xca\xbf1\xfc\xaf\x82\x12\xdf\x17\xaeN\x1e'
11E8E149-CABF-31FC-AF82-12DF17AE4E1E,2019-ncaa-d1-natl,ncaa,232,245,155,244,178,321,328,303,325,340,309,326,163,149,214,81,300,307,160,304,202,315,338,302,301,271,52,57,188,310,311,280,246,314,309,272,77,30,146,165,315,288,123,113,,,132,268,,,236,333,348,103,338,339,326,344,315,159,142,311,315,312,337,345,313,302,332,278,54,318,114,,142,,,233,18,29,40,95,102,155,95,10,12,35,15,143,158,110,171,185,37,23,57,62,98,42,16,264,133,246,184,311,164,309,28,101,292,226,162,23,90,99,212,,,258,92,,,236,19,280,131,241,27,30,34,119,181,9,11,159,181,189,37,10,156,200,195,43,291,39,116,,259,,,b'\x11\xe8\xe1I\xca\xbf1\xfc\xaf\x82\x12\xdf\x17\xaeN\x1e'
11E8E149-CABF-31FC-AF82-12DF17AE4E1E,2020-ncaa-d0-natl,ncaa,276,280,191,284,243,335,312,300,290,245,222,257,316,295,334,239,341,332,247,332,333,320,320,310,319,309,315,274,292,184,117,290,221,256,160,257,119,137,240,222,283,238,199,167,,,85,226,,,231,332,349,273,344,329,320,246,212,319,289,338,332,333,339,338,175,293,259,261,155,280,200,,103,,,232,23,19,33,71,28,64,75,52,61,106,117,104,152,30,142,241,30,28,68,69,67,177,131,252,135,221,53,117,64,160,35,134,247,158,100,159,251,225,233,,,321,245,,,231,23,298,89,238,20,19,19,40,51,60,56,128,176,164,21,9,149,69,74,41,238,185,229,,316,,,b'\x11\xe8\xe1I\xca\xbf1\xfc\xaf\x82\x12\xdf\x17\xaeN\x1e'
11E8E149-CABF-31FC-AF82-12DF17AE4E1E,2020-ncaa-d1-conf-Atlantic 10,ncaa,13,13,9,13,12,14,14,13,13,12,7,14,14,13,14,13,14,12,12,12,13,13,12,14,14,14,14,12,11,7,5,14,12,12,7,13,9,10,13,14,9,6,9,9,,,6,12,,,13,13,13,8,14,14,12,10,3,13,13,14,12,12,13,10,5,14,10,13,11,7,9,,7,,,13,2,1,1,8,2,4,7,3,1,12,3,10,12,4,12,12,2,2,9,8,5,6,3,12,7,12,2,5,3,7,1,4,6,5,3,13,14,10,9,,,12,11,,,13,2,14,6,13,5,4,1,5,7,4,3,12,12,12,4,4,10,4,6,3,5,13,12,,10,,,b'\x11\xe8\xe1I\xca\xbf1\xfc\xaf\x82\x12\xdf\x17\xaeN\x1e'
11E8E149-CABF-31FC-AF82-12DF17AE4E1E,2020-ncaa-d1-natl,ncaa,289,278,257,290,302,345,332,331,300,286,251,270,325,310,338,239,341,333,247,333,332,340,342,319,326,318,311,275,289,207,124,315,227,290,172,285,123,114,242,229,299,247,208,168,,,69,234,,,248,344,349,273,344,337,322,258,216,320,290,337,332,333,341,339,182,297,266,271,155,288,202,,107,,,251,15,12,15,78,23,40,79,44,45,110,112,96,139,31,127,244,10,11,72,74,78,175,126,253,114,227,36,124,46,172,24,138,274,165,109,139,259,210,244,,,328,240,,,248,9,304,98,251,21,21,21,41,55,59,56,132,179,174,19,9,154,69,78,42,252,187,236,,310,,,b'\x11\xe8\xe1I\xca\xbf1\xfc\xaf\x82\x12\xdf\x17\xaeN\x1e'
11E8E149-CABF-31FC-AF82-12DF17AE4E1E,2021-ncaa-d0-natl,ncaa,249,143,293,225,293,296,288,293,206,272,275,212,296,299,241,239,311,316,116,316,327,298,305,232,247,206,294,237,293,268,119,297,132,299,113,253,67,26,101,81,299,207,229,86,,,80,328,,,182,306,325,34,258,183,166,125,105,251,253,309,321,316,219,282,131,209,171,110,68,237,123,,300,,,189,38,30,35,111,35,33,171,46,57,53,195,111,127,79,126,331,39,36,104,134,168,252,132,323,32,132,40,119,36,113,25,74,310,233,131,32,119,76,150,,,318,298,,,182,40,192,159,177,102,51,57,72,46,105,154,296,310,314,91,46,108,126,95,49,266,89,185,,320,,,b'\x11\xe8\xe1I\xca\xbf1\xfc\xaf\x82\x12\xdf\x17\xaeN\x1e'
11E8E149-CABF-31FC-AF82-12DF17AE4E1E,2021-ncaa-d1-conf-Atlantic 10,ncaa,11,9,9,11,9,11,10,10,9,7,6,10,14,12,14,12,10,11,6,10,12,10,10,13,12,12,13,13,9,6,7,12,6,12,6,7,4,4,6,5,8,8,7,5,,,13,14,,,11,9,9,4,12,6,4,6,2,13,12,10,10,10,7,8,5,10,9,7,8,8,5,,14,,,11,7,5,3,7,8,4,12,3,5,5,5,13,13,2,13,14,5,6,6,9,10,8,4,14,5,6,6,7,6,6,4,3,9,8,3,5,7,7,5,,,12,10,,,11,6,10,8,10,8,5,3,7,3,4,4,14,14,14,7,7,6,8,6,5,9,7,7,,10,,,b'\x11\xe8\xe1I\xca\xbf1\xfc\xaf\x82\x12\xdf\x17\xaeN\x1e'
11E8E149-CABF-31FC-AF82-12DF17AE4E1E,2021-ncaa-d1-natl,ncaa,230,143,292,217,292,291,283,288,210,267,267,216,290,296,228,236,307,312,129,312,324,294,299,232,246,210,290,231,286,261,115,290,149,291,120,247,69,33,107,90,289,194,186,69,,,98,331,,,194,301,314,38,252,175,161,126,108,245,246,302,312,309,216,267,121,215,168,113,75,223,107,,309,,,196,45,33,41,113,38,38,149,54,59,84,185,128,151,55,152,334,47,46,106,130,169,274,145,324,43,149,47,115,43,120,28,70,310,235,124,39,115,66,124,,,312,289,,,194,46,188,167,187,110,50,57,63,51,125,154,307,315,318,101,56,118,139,103,43,260,93,155,,311,,,b'\x11\xe8\xe1I\xca\xbf1\xfc\xaf\x82\x12\xdf\x17\xaeN\x1e'
11E8E149-CABF-31FC-AF82-12DF17AE4E1E,2022-ncaa-d0-natl,ncaa,199,233,112,220,148,219,217,246,172,235,239,211,166,209,86,153,228,248,129,243,200,246,246,153,156,182,132,125,200,201,145,226,252,226,169,108,19,190,239,119,255,245,173,172,,,84,133,,,210,249,352,275,289,286,336,284,284,180,225,262,271,269,336,348,236,298,303,116,161,287,184,,56,,,206,125,171,167,189,176,162,204,155,177,143,193,50,58,89,54,71,141,108,184,149,216,97,178,57,209,252,67,145,104,169,141,125,302,292,264,244,279,125,169,,,192,126,,,210,96,184,245,225,78,136,99,155,120,136,133,41,46,44,58,9,182,22,54,113,326,220,100,,240,,,b'\x11\xe8\xe1I\xca\xbf1\xfc\xaf\x82\x12\xdf\x17\xaeN\x1e'
11E8E149-CABF-31FC-AF82-12DF17AE4E1E,2022-ncaa-d1-conf-Atlantic 10,ncaa,5,7,1,7,5,6,6,7,6,7,9,8,7,8,4,6,5,8,2,9,9,8,6,6,6,9,6,7,5,7,6,7,10,4,7,3,1,13,13,7,12,13,4,7,,,5,5,,,9,8,13,10,12,12,14,9,11,8,10,8,10,10,14,14,9,12,11,4,13,14,5,,3,,,9,8,12,12,5,13,13,9,3,8,3,5,4,5,6,5,3,11,8,4,5,8,2,3,4,12,10,2,6,7,7,6,2,13,12,10,14,14,7,8,,,5,5,,,9,6,10,10,10,5,8,9,9,11,2,4,4,3,3,8,3,10,1,3,5,14,14,7,,8,,,b'\x11\xe8\xe1I\xca\xbf1\xfc\xaf\x82\x12\xdf\x17\xaeN\x1e'
11E8E149-CABF-31FC-AF82-12DF17AE4E1E,2022-ncaa-d1-natl,ncaa,219,233,146,230,196,256,260,284,183,267,272,223,186,228,87,156,255,272,132,268,199,287,293,164,161,196,125,125,193,230,160,267,263,270,183,135,21,165,248,132,283,261,184,177,,,62,138,,,227,292,352,275,299,303,344,300,285,185,228,262,270,269,341,348,246,306,316,130,166,300,191,,58,,,228,102,144,128,202,162,130,215,136,143,154,191,41,46,95,45,74,108,59,197,168,235,95,177,57,180,263,37,160,72,183,127,126,324,300,276,214,286,113,180,,,226,114,,,227,53,200,262,245,86,149,100,162,122,140,137,46,49,48,63,9,184,23,58,128,329,224,106,,239,,,b'\x11\xe8\xe1I\xca\xbf1\xfc\xaf\x82\x12\xdf\x17\xaeN\x1e'
11E8E149-CABF-31FC-AF82-12DF17AE4E1E,2023-ncaa-d0-natl,ncaa,87,74,116,89,128,136,128,176,73,126,183,74,149,172,106,158,176,216,32,214,217,187,237,82,76,61,192,174,210,270,236,147,149,192,157,61,28,32,65,27,289,301,121,129,,,27,27,,,82,219,318,67,137,120,243,131,211,161,183,184,246,240,251,318,294,160,252,45,29,311,136,,15,,,80,107,132,205,86,109,209,62,206,179,233,192,51,23,358,26,27,157,140,93,88,113,195,261,65,147,149,102,236,107,157,42,35,241,231,114,90,132,42,48,,,167,80,,,82,146,70,123,74,70,104,167,96,180,191,157,43,18,24,91,59,139,73,79,34,259,86,29,,195,,,b'\x11\xe8\xe1I\xca\xbf1\xfc\xaf\x82\x12\xdf\x17\xaeN\x1e'
11E8E149-CABF-31FC-AF82-12DF17AE4E1E,2023-ncaa-d1-conf-Atlantic 10,ncaa,4,5,4,5,4,5,5,8,2,4,7,2,9,10,6,10,5,8,3,7,7,8,9,3,2,3,12,12,7,10,10,6,7,8,8,4,3,6,5,2,10,11,6,7,,,1,2,,,3,8,13,1,6,4,11,4,7,11,11,5,8,8,10,11,13,6,10,2,4,12,7,,1,,,3,4,5,8,4,5,13,2,6,6,5,4,8,6,15,6,3,8,8,3,3,3,6,7,9,6,7,3,10,3,8,1,1,9,9,3,10,10,2,1,,,6,4,,,3,8,2,4,3,2,4,9,4,11,5,5,7,4,4,7,6,6,2,3,1,9,9,1,,6,,,b'\x11\xe8\xe1I\xca\xbf1\xfc\xaf\x82\x12\xdf\x17\xaeN\x1e'
11E8E149-CABF-31FC-AF82-12DF17AE4E1E,2023-ncaa-d1-natl,ncaa,98,74,151,92,166,169,157,228,81,158,225,83,167,192,110,158,195,244,31,238,215,242,298,84,84,70,188,174,207,297,250,180,155,242,169,70,28,19,70,28,319,312,136,132,,,20,27,,,100,282,321,64,146,138,260,146,217,164,189,184,254,244,259,322,305,175,262,48,29,319,142,,16,,,95,72,92,166,96,89,173,69,191,150,249,192,41,19,360,20,27,114,83,110,100,135,195,258,61,116,155,74,250,77,169,24,37,276,242,132,74,136,33,54,,,198,77,,,100,86,78,145,88,77,111,170,107,182,202,159,44,21,25,94,59,145,77,84,37,277,87,31,,195,,,b'\x11\xe8\xe1I\xca\xbf1\xfc\xaf\x82\x12\xdf\x17\xaeN\x1e'
11E8E149-CABF-31FC-AF82-12DF17AE4E1E,2024-ncaa-d0-natl,ncaa,16,13,29,20,43,98,88,119,52,74,119,63,120,162,66,189,171,249,3,256,309,140,159,62,54,53,224,184,263,204,178,78,102,109,73,58,65,93,93,39,295,319,131,185,,,36,28,,,37,148,353,244,160,133,286,126,221,166,222,245,312,319,304,342,285,145,229,67,30,336,179,,7,,,41,75,174,256,54,213,281,60,126,173,72,159,4,5,17,5,5,203,196,49,16,27,17,192,5,195,102,102,178,128,73,28,9,177,190,55,102,103,214,180,,,90,56,,,37,202,55,33,33,5,52,98,71,157,58,83,3,4,4,30,10,92,13,23,9,274,55,143,,187,,,b'\x11\xe8\xe1I\xca\xbf1\xfc\xaf\x82\x12\xdf\x17\xaeN\x1e'
11E8E149-CABF-31FC-AF82-12DF17AE4E1E,2024-ncaa-d1-conf-Atlantic 10,ncaa,2,2,7,2,10,7,5,12,2,4,9,3,9,10,6,8,11,14,2,14,15,14,14,3,2,2,11,9,13,12,9,5,2,10,5,3,2,3,2,1,12,11,10,10,,,1,2,,,3,14,14,7,5,4,10,2,8,8,10,12,15,15,13,14,12,4,9,1,2,13,9,,1,,,2,2,4,3,4,5,7,4,2,2,4,4,1,1,1,1,1,2,2,5,1,2,1,5,1,3,2,3,9,3,5,2,1,13,9,3,4,7,6,8,,,11,5,,,3,2,2,3,2,1,4,2,6,9,2,2,1,1,1,1,1,2,3,2,2,13,4,8,,11,,,b'\x11\xe8\xe1I\xca\xbf1\xfc\xaf\x82\x12\xdf\x17\xaeN\x1e'
11E8E149-CABF-31FC-AF82-12DF17AE4E1E,2024-ncaa-d1-natl,ncaa,18,13,38,21,60,121,106,155,58,97,155,74,136,188,66,190,191,273,3,279,311,178,224,68,55,56,224,185,263,237,194,100,108,142,85,70,67,70,96,41,323,333,147,188,,,26,29,,,44,205,355,238,173,149,293,144,229,174,227,252,315,323,314,349,296,157,244,77,30,345,185,,7,,,45,49,147,228,67,186,261,72,106,147,79,157,3,5,19,5,5,166,144,57,21,35,15,192,5,168,108,70,194,92,85,23,10,216,198,77,83,111,200,191,,,115,49,,,44,148,59,41,40,5,61,103,87,166,62,84,3,4,4,31,11,100,14,26,10,289,56,150,,187,,,b'\x11\xe8\xe1I\xca\xbf1\xfc\xaf\x82\x12\xdf\x17\xaeN\x1e'
11E8E149-CABF-31FC-AF82-12DF17AE4E1E,2025-ncaa-d0-natl,genius_ncaa,61,65,54,67,64,84,81,113,68,88,137,70,96,120,71,142,141,201,34,194,226,120,135,65,62,66,168,146,243,98,65,70,12,72,19,29,13,94,84,24,271,274,142,165,,,83,88,,204,48,151,331,131,108,102,211,130,219,116,161,209,262,258,226,293,153,115,118,24,59,311,179,,39,,156,47,99,142,217,75,152,241,70,154,175,130,171,37,34,263,36,26,189,170,66,49,94,124,201,56,30,12,111,65,58,19,40,25,230,230,113,106,97,100,90,,,134,148,,121,48,207,54,65,43,26,55,89,73,131,94,92,26,21,23,40,15,11,27,8,19,301,72,70,,216,,155,b'\x11\xe8\xe1I\xca\xbf1\xfc\xaf\x82\x12\xdf\x17\xaeN\x1e'
11E8E149-CABF-31FC-AF82-12DF17AE4E1E,2025-ncaa-d1-conf-Atlantic 10,genius_ncaa,3,4,1,4,1,3,3,4,3,4,7,2,5,4,7,8,4,7,3,6,8,4,4,3,3,3,8,8,8,7,8,1,1,1,1,2,2,5,3,3,12,13,9,10,,,5,4,,8,3,4,11,3,4,3,7,4,9,5,6,5,8,7,6,9,11,4,6,2,4,13,10,,3,,5,4,7,10,8,11,12,12,9,5,5,6,4,4,4,14,4,4,9,9,8,7,9,5,6,4,1,1,10,8,5,1,3,3,11,11,5,5,4,3,3,,,4,7,,7,3,11,3,6,4,4,8,3,10,10,5,4,4,3,3,4,3,1,6,2,3,11,5,2,,9,,7,b'\x11\xe8\xe1I\xca\xbf1\xfc\xaf\x82\x12\xdf\x17\xaeN\x1e'
11E8E149-CABF-31FC-AF82-12DF17AE4E1E,2025-ncaa-d1-natl,genius_ncaa,65,65,72,68,81,103,93,140,73,110,164,74,106,135,77,144,168,221,35,215,222,150,172,67,67,70,159,144,238,126,69,87,13,95,21,36,14,83,89,26,294,285,161,173,,,64,93,,191,53,193,332,128,113,109,231,144,223,124,163,210,264,263,241,298,162,124,131,25,61,318,185,,43,,160,55,75,124,189,86,124,214,72,138,151,143,169,32,30,271,32,27,148,118,78,57,109,120,199,56,22,13,80,69,33,21,29,25,265,242,127,89,104,93,90,,,158,142,,131,53,163,59,78,51,31,60,89,80,132,96,93,27,23,24,42,13,11,28,8,21,311,75,71,,213,,154,b'\x11\xe8\xe1I\xca\xbf1\xfc\xaf\x82\x12\xdf\x17\xaeN\x1e'
11E8E149-CABF-31FC-AF82-12DF17AE4E1E,2026-ncaa-d0-natl,genius_ncaa,123,80,206,123,216,196,205,266,97,230,272,137,124,211,44,126,194,240,53,235,142,263,289,81,73,69,82,80,186,276,213,264,239,275,201,98,2,40,96,29,283,270,192,184,,,43,60,,6,132,281,348,97,159,174,295,216,284,89,174,159,218,222,299,347,280,262,297,39,53,298,169,,37,,9,131,95,104,110,165,79,130,64,214,96,346,141,83,70,213,78,90,95,84,194,178,226,247,295,108,149,239,63,213,87,201,167,283,300,291,297,81,166,119,190,,,275,177,,241,132,79,78,243,128,134,140,146,102,199,264,100,95,95,99,104,30,205,67,97,224,314,105,138,,279,,241,b'\x11\xe8\xe1I\xca\xbf1\xfc\xaf\x82\x12\xdf\x17\xaeN\x1e'
11E8E149-CABF-31FC-AF82-12DF17AE4E1E,2026-ncaa-d1-conf-Atlantic 10,genius_ncaa,8,8,1,8,1,12,11,14,8,8,11,8,10,10,11,8,5,4,5,4,3,12,13,9,10,10,10,9,4,11,11,12,10,13,10,7,6,8,11,8,9,8,7,8,,,7,8,,2,9,13,13,1,12,11,14,8,11,10,10,5,4,4,12,13,11,12,13,7,8,9,7,,7,,2,9,7,5,5,6,8,6,6,6,9,6,11,11,9,14,7,9,5,3,5,7,9,7,7,12,5,10,4,11,4,10,4,4,12,10,6,9,12,9,11,,,6,4,,8,9,1,10,9,10,7,5,5,8,6,6,9,11,9,7,5,3,5,4,4,4,12,9,9,,6,,8,b'\x11\xe8\xe1I\xca\xbf1\xfc\xaf\x82\x12\xdf\x17\xaeN\x1e'
11E8E149-CABF-31FC-AF82-12DF17AE4E1E,2026-ncaa-d1-natl,genius_ncaa,110,80,177,113,197,216,223,269,138,248,284,178,123,179,71,107,196,233,72,236,143,267,298,114,103,92,75,79,177,253,182,263,208,274,176,71,2,49,105,35,260,211,209,204,,,40,77,,17,160,291,349,100,192,201,285,255,285,92,158,174,227,227,293,345,248,268,280,34,59,254,207,,46,,18,159,112,117,108,186,81,134,73,238,96,353,152,84,79,173,97,115,98,75,212,196,237,268,302,109,122,208,75,182,92,176,206,300,301,261,294,76,124,120,193,,,271,194,,268,160,73,100,235,152,131,137,114,91,158,267,105,93,97,107,93,23,160,72,86,235,298,81,145,,272,,265,b'\x11\xe8\xe1I\xca\xbf1\xfc\xaf\x82\x12\xdf\x17\xaeN\x1e'
11E8E149-CAC3-670E-AF82-12DF17AE4E1E,2010-ncaa-d0-natl,ncaa,242,251,178,251,207,206,208,208,197,160,119,243,278,293,166,289,122,129,131,127,161,189,190,242,213,205,244,276,60,186,174,176,102,186,146,204,190,144,173,199,232,217,316,322,,,277,318,,,209,189,171,201,201,205,180,138,81,273,289,90,101,100,153,170,169,150,159,197,183,228,317,,301,,,208,155,142,106,231,202,163,240,51,61,131,58,275,291,88,292,287,142,122,191,211,240,122,54,284,86,102,145,174,119,146,218,264,250,226,274,154,178,139,116,,,110,56,,,209,132,209,220,226,194,171,111,225,194,64,58,289,306,307,173,136,116,197,158,244,242,176,155,,68,,,b'\x11\xe8\xe1I\xca\xc3g\x0e\xaf\x82\x12\xdf\x17\xaeN\x1e'
11E8E149-CAC3-670E-AF82-12DF17AE4E1E,2010-ncaa-d1-conf-Atlantic 10,ncaa,9,9,9,9,10,9,9,8,10,8,5,9,12,13,8,12,5,6,6,7,7,8,8,10,9,10,11,12,2,7,6,9,9,8,9,9,8,10,11,10,7,8,11,12,,,13,13,,,9,8,4,8,9,7,7,6,2,12,13,3,3,5,7,5,6,8,8,9,11,5,10,,14,,,9,14,10,6,10,13,8,12,3,5,3,3,13,14,6,14,14,8,7,8,9,9,3,3,12,11,9,6,6,9,9,9,8,6,7,8,10,9,7,7,,,7,3,,,9,7,9,9,9,14,12,8,13,11,4,4,14,14,14,11,11,11,8,12,11,5,11,9,,2,,,b'\x11\xe8\xe1I\xca\xc3g\x0e\xaf\x82\x12\xdf\x17\xaeN\x1e'
11E8E149-CAC3-670E-AF82-12DF17AE4E1E,2010-ncaa-d1-natl,ncaa,250,251,191,257,227,219,228,223,201,173,129,248,284,296,166,289,128,137,130,135,162,204,212,244,217,206,241,275,59,198,179,197,108,200,152,214,191,128,174,200,246,222,317,324,,,268,319,,,212,214,174,186,205,212,182,140,83,274,291,89,101,100,155,171,171,154,164,205,184,230,317,,303,,,213,139,124,88,239,193,146,243,42,47,135,59,266,285,90,285,287,123,104,197,215,251,121,54,285,74,108,135,179,97,152,214,265,268,236,283,145,179,134,121,,,120,56,,,212,109,211,231,230,202,179,113,231,196,65,58,291,308,308,176,134,114,203,162,248,249,176,157,,67,,,b'\x11\xe8\xe1I\xca\xc3g\x0e\xaf\x82\x12\xdf\x17\xaeN\x1e'
11E8E149-CAC3-670E-AF82-12DF17AE4E1E,2011-ncaa-d0-natl,ncaa,296,301,242,304,278,291,277,210,319,225,97,332,303,318,185,317,252,225,254,225,300,216,218,329,329,312,270,282,128,70,55,294,125,206,108,300,285,148,208,288,280,257,334,334,,,143,257,,,301,274,206,257,290,273,135,201,35,307,316,227,188,188,145,121,31,293,129,305,215,271,337,,214,,,301,148,186,47,329,240,106,329,68,49,205,86,135,125,196,132,185,51,55,319,315,302,46,63,139,24,125,136,55,66,108,198,213,243,170,255,78,105,334,320,,,205,169,,,301,72,286,273,301,225,258,96,296,188,91,65,168,167,178,112,82,43,226,139,254,211,120,341,,138,,,b'\x11\xe8\xe1I\xca\xc3g\x0e\xaf\x82\x12\xdf\x17\xaeN\x1e'
11E8E149-CAC3-670E-AF82-12DF17AE4E1E,2011-ncaa-d1-conf-Atlantic 10,ncaa,13,13,13,13,13,13,12,9,14,12,7,14,13,13,10,13,12,12,14,12,11,10,10,14,14,14,11,11,7,5,4,14,9,13,11,14,13,8,10,13,9,8,14,14,,,7,14,,,14,12,7,6,11,12,6,8,3,13,11,12,8,8,7,4,1,14,10,14,10,9,14,,13,,,14,10,8,1,14,11,5,14,2,1,13,1,12,10,14,11,12,1,1,14,14,14,4,2,12,1,9,7,4,1,11,8,8,9,3,9,6,10,13,14,,,10,7,,,14,3,13,13,14,12,12,3,14,9,3,2,14,12,13,4,5,1,14,9,12,6,11,14,,3,,,b'\x11\xe8\xe1I\xca\xc3g\x0e\xaf\x82\x12\xdf\x17\xaeN\x1e'
11E8E149-CAC3-670E-AF82-12DF17AE4E1E,2011-ncaa-d1-natl,ncaa,305,301,279,311,310,303,288,236,320,247,114,334,307,323,183,317,261,240,254,240,301,246,250,328,329,317,268,280,126,80,59,309,128,231,113,315,286,131,208,290,291,261,337,338,,,126,257,,,306,298,210,260,293,277,138,207,36,304,315,231,192,192,151,123,34,295,137,311,217,278,338,,216,,,309,130,170,31,331,228,85,330,57,41,208,82,125,112,200,123,186,33,34,323,319,311,43,63,139,11,128,112,59,44,113,192,211,265,177,261,70,108,333,323,,,229,169,,,306,49,289,281,309,229,265,98,302,191,92,65,174,167,179,115,82,44,229,141,260,219,123,342,,141,,,b'\x11\xe8\xe1I\xca\xc3g\x0e\xaf\x82\x12\xdf\x17\xaeN\x1e'
11E8E149-CAC3-670E-AF82-12DF17AE4E1E,2012-ncaa-d0-natl,ncaa,252,260,163,262,177,223,178,167,203,105,48,263,309,325,135,331,273,250,238,252,331,183,183,258,273,265,326,313,245,81,56,192,76,135,51,180,170,160,192,182,295,287,278,286,,,165,260,,,225,231,238,99,232,162,131,76,17,314,328,266,259,266,162,161,58,177,91,170,187,295,275,,191,,,225,154,210,146,269,249,169,288,100,111,115,143,55,63,137,57,58,114,75,252,221,257,31,92,51,65,76,94,56,59,51,147,104,283,270,260,162,175,294,224,,,231,241,,,225,104,224,236,231,191,242,174,282,207,119,130,64,62,60,135,76,68,122,88,174,290,175,309,,224,,,b'\x11\xe8\xe1I\xca\xc3g\x0e\xaf\x82\x12\xdf\x17\xaeN\x1e'
11E8E149-CAC3-670E-AF82-12DF17AE4E1E,2012-ncaa-d1-conf-Atlantic 10,ncaa,9,10,4,10,4,9,8,6,10,5,2,11,12,13,5,13,10,10,13,10,12,7,3,11,12,12,13,13,11,3,2,8,7,4,5,8,9,14,11,12,6,7,12,12,,,11,12,,,11,6,9,2,11,8,7,6,1,13,13,11,10,10,7,4,3,8,5,9,12,7,11,,12,,,11,13,13,10,11,12,10,11,10,7,9,7,7,5,9,4,2,10,9,9,9,11,6,8,3,6,7,8,2,9,5,6,3,7,7,7,13,12,14,12,,,10,11,,,11,9,11,9,11,11,13,9,11,9,9,6,6,5,3,8,5,6,6,7,8,7,12,14,,10,,,b'\x11\xe8\xe1I\xca\xc3g\x0e\xaf\x82\x12\xdf\x17\xaeN\x1e'
11E8E149-CAC3-670E-AF82-12DF17AE4E1E,2012-ncaa-d1-natl,ncaa,254,260,137,262,153,219,166,135,206,87,35,264,311,326,139,331,275,253,261,253,332,159,160,262,280,269,329,313,261,59,53,164,75,94,50,170,169,168,177,170,291,287,274,287,,,189,259,,,227,209,238,109,234,156,116,69,12,312,327,277,262,268,150,154,49,158,73,161,184,296,277,,195,,,226,179,227,167,263,261,192,288,109,137,103,143,63,63,131,63,59,145,103,239,215,249,31,96,51,66,75,119,53,79,50,179,116,276,272,263,170,171,304,230,,,222,254,,,227,125,218,231,232,186,236,175,273,208,119,144,65,63,60,142,79,65,127,91,188,290,177,314,,226,,,b'\x11\xe8\xe1I\xca\xc3g\x0e\xaf\x82\x12\xdf\x17\xaeN\x1e'
11E8E149-CAC3-670E-AF82-12DF17AE4E1E,2013-ncaa-d0-natl,ncaa,212,244,120,231,171,262,236,259,191,203,195,211,253,255,210,228,289,288,181,287,300,271,283,216,230,219,255,221,231,239,168,194,30,217,83,222,157,80,171,167,339,329,345,345,,,45,122,,,227,301,334,264,301,274,310,216,228,263,269,302,306,306,318,324,246,229,251,242,80,340,345,,35,,,224,88,172,103,256,159,59,298,203,224,118,294,10,10,170,10,35,58,31,267,230,276,88,260,13,15,30,79,168,25,83,239,280,329,301,337,78,148,316,325,,,308,275,,,227,45,214,238,232,76,155,64,146,41,196,228,9,11,12,26,5,13,60,24,238,333,79,310,,328,,,b'\x11\xe8\xe1I\xca\xc3g\x0e\xaf\x82\x12\xdf\x17\xaeN\x1e'
11E8E149-CAC3-670E-AF82-12DF17AE4E1E,2013-ncaa-d1-conf-Atlantic 10,ncaa,11,10,4,11,7,10,9,10,9,8,8,12,11,12,6,11,11,8,12,8,11,10,10,10,10,11,11,11,10,8,6,9,5,9,8,11,10,6,9,8,16,16,16,16,,,9,9,,,11,9,14,8,12,9,11,8,7,11,12,13,10,10,11,12,9,13,11,13,5,16,16,,6,,,11,10,15,10,16,16,8,16,8,11,5,12,3,5,1,6,5,7,6,15,12,13,2,7,3,2,5,11,6,6,8,15,9,13,14,15,8,8,16,15,,,12,11,,,11,7,10,12,11,7,14,2,14,5,7,9,4,5,5,3,1,1,8,4,13,14,7,16,,14,,,b'\x11\xe8\xe1I\xca\xc3g\x0e\xaf\x82\x12\xdf\x17\xaeN\x1e'
11E8E149-CAC3-670E-AF82-12DF17AE4E1E,2013-ncaa-d1-natl,ncaa,221,243,136,240,199,280,256,280,197,217,215,216,263,264,212,229,300,297,180,297,300,290,304,225,235,222,252,219,230,251,175,213,32,240,87,238,160,69,172,173,342,332,345,345,,,33,126,,,235,321,334,264,305,279,311,221,230,264,271,302,307,305,320,325,251,232,254,247,80,340,345,,35,,,231,68,152,74,262,140,46,299,195,217,123,291,9,10,171,10,35,42,14,271,232,280,86,258,14,11,32,60,175,14,87,230,281,336,304,338,67,151,315,327,,,322,272,,,235,25,220,244,241,84,159,65,150,43,199,228,10,11,12,27,5,14,61,24,240,333,79,314,,328,,,b'\x11\xe8\xe1I\xca\xc3g\x0e\xaf\x82\x12\xdf\x17\xaeN\x1e'
11E8E149-CAC3-670E-AF82-12DF17AE4E1E,2014-ncaa-d0-natl,ncaa,221,224,180,231,219,261,267,232,276,244,220,262,219,180,268,156,222,258,84,256,235,247,258,277,258,240,157,170,141,281,304,126,34,200,176,179,70,80,147,124,323,321,314,305,,,136,220,,,207,235,216,191,280,279,222,241,213,211,172,224,255,256,251,267,273,70,179,160,105,325,316,,160,,,206,82,75,125,104,70,75,165,179,246,56,295,117,84,322,87,156,105,92,110,125,155,246,237,181,42,34,239,304,151,176,141,238,250,221,223,97,165,257,289,,,221,128,,,207,119,264,118,202,110,102,150,102,73,197,279,139,100,101,128,92,53,276,192,176,247,134,277,,207,,,b'\x11\xe8\xe1I\xca\xc3g\x0e\xaf\x82\x12\xdf\x17\xaeN\x1e'
11E8E149-CAC3-670E-AF82-12DF17AE4E1E,2014-ncaa-d1-conf-Atlantic 10,ncaa,10,10,10,10,13,11,10,12,6,11,12,4,9,5,9,3,10,10,6,10,4,11,12,6,6,7,5,4,7,12,12,8,5,12,9,7,3,4,10,8,13,13,13,13,,,5,9,,,10,10,7,9,11,9,12,8,11,7,4,9,10,10,11,11,12,6,11,6,7,12,13,,6,,,10,7,6,5,8,4,3,8,6,6,6,10,5,5,10,5,7,4,4,8,8,11,8,8,5,4,5,6,12,6,9,6,5,11,9,11,10,11,11,13,,,10,4,,,10,4,9,11,10,8,9,8,8,6,6,8,5,5,5,7,7,6,8,6,8,11,11,11,,9,,,b'\x11\xe8\xe1I\xca\xc3g\x0e\xaf\x82\x12\xdf\x17\xaeN\x1e'
11E8E149-CAC3-670E-AF82-12DF17AE4E1E,2014-ncaa-d1-natl,ncaa,230,223,211,235,262,282,283,260,281,262,239,265,226,189,270,155,239,272,81,271,232,272,288,280,264,242,156,173,139,291,307,150,36,230,183,200,71,67,146,128,329,323,320,308,,,117,221,,,219,272,218,184,282,282,227,243,216,212,173,227,258,259,253,268,276,72,187,173,105,325,318,,161,,,219,64,64,96,108,54,52,171,165,236,59,295,107,72,328,76,159,75,58,118,130,164,240,236,182,33,36,220,307,133,183,129,239,269,229,232,89,162,251,294,,,243,128,,,219,84,272,125,214,112,106,155,106,74,196,279,139,99,102,128,89,54,279,197,178,252,133,279,,211,,,b'\x11\xe8\xe1I\xca\xc3g\x0e\xaf\x82\x12\xdf\x17\xaeN\x1e'
11E8E149-CAC3-670E-AF82-12DF17AE4E1E,2015-ncaa-d0-natl,ncaa,188,189,172,200,175,155,202,205,189,233,244,183,119,112,137,93,96,140,30,141,74,191,207,151,120,118,58,104,71,289,302,109,21,191,170,36,1,113,150,37,289,301,314,328,,,173,194,,,173,170,147,32,135,198,190,247,256,102,99,71,123,123,177,205,290,54,168,13,140,293,317,,193,,,173,172,185,184,196,205,220,162,171,146,255,140,159,112,325,118,93,172,141,186,189,217,132,174,147,27,21,248,302,147,170,173,150,236,246,247,173,197,344,349,,,119,57,,,173,184,157,170,172,201,229,234,233,257,193,162,164,123,128,220,150,37,271,177,189,249,194,347,,76,,,b'\x11\xe8\xe1I\xca\xc3g\x0e\xaf\x82\x12\xdf\x17\xaeN\x1e'
11E8E149-CAC3-670E-AF82-12DF17AE4E1E,2015-ncaa-d1-conf-Atlantic 10,ncaa,8,8,5,8,7,4,9,8,7,12,12,8,1,1,3,2,2,3,3,3,1,8,6,3,2,3,1,2,3,11,11,3,2,4,5,2,1,7,9,3,11,12,14,14,,,11,9,,,7,5,4,6,4,9,9,14,13,1,2,2,2,2,8,7,11,3,5,2,10,12,14,,9,,,7,11,11,10,8,8,9,8,10,8,13,8,9,6,10,7,6,12,10,9,8,9,9,9,7,4,2,11,11,8,5,6,4,10,13,10,11,11,13,14,,,3,5,,,7,10,4,8,6,11,12,12,10,10,9,8,8,6,7,12,11,4,9,6,8,10,10,14,,2,,,b'\x11\xe8\xe1I\xca\xc3g\x0e\xaf\x82\x12\xdf\x17\xaeN\x1e'
11E8E149-CAC3-670E-AF82-12DF17AE4E1E,2015-ncaa-d1-natl,ncaa,180,189,143,189,148,156,198,213,188,233,256,177,113,111,131,92,101,134,40,132,65,195,197,148,117,117,57,103,71,290,303,91,20,184,177,32,1,127,162,42,292,307,314,327,,,180,198,,,178,152,157,32,142,206,217,256,269,103,100,73,118,120,195,212,293,56,180,13,145,290,321,,185,,,178,191,205,197,199,220,224,166,166,136,251,129,163,119,325,120,95,186,154,188,189,223,122,155,145,26,20,258,303,158,177,183,163,242,247,248,188,204,344,349,,,98,46,,,178,200,165,167,174,200,231,223,240,259,180,146,169,120,128,204,141,32,262,168,201,248,199,346,,69,,,b'\x11\xe8\xe1I\xca\xc3g\x0e\xaf\x82\x12\xdf\x17\xaeN\x1e'
11E8E149-CAC3-670E-AF82-12DF17AE4E1E,2016-ncaa-d0-natl,ncaa,31,30,38,35,49,51,65,75,74,74,140,31,93,53,238,92,23,54,12,55,65,69,91,75,52,33,134,172,73,229,280,31,23,77,100,13,6,69,36,13,233,284,289,309,,,255,195,,,50,62,151,140,62,82,151,101,233,119,81,34,82,86,129,212,282,47,146,13,33,290,314,,182,,,52,236,199,265,90,203,245,126,164,247,41,196,295,281,279,283,232,276,268,71,103,142,206,131,281,87,23,295,280,241,100,212,207,142,203,184,146,110,291,283,,,44,53,,,50,291,51,93,52,131,103,144,125,138,115,190,245,222,223,167,141,37,200,107,139,213,95,259,,76,,,b'\x11\xe8\xe1I\xca\xc3g\x0e\xaf\x82\x12\xdf\x17\xaeN\x1e'
11E8E149-CAC3-670E-AF82-12DF17AE4E1E,2016-ncaa-d1-conf-Atlantic 10,ncaa,3,2,4,3,8,3,4,5,2,4,10,1,4,4,3,5,1,2,2,2,1,5,6,2,2,1,6,6,4,11,12,5,6,6,7,3,1,3,3,1,10,10,14,14,,,10,10,,,2,5,6,11,2,2,7,6,11,6,5,1,2,2,7,8,11,5,7,2,3,10,14,,10,,,2,6,2,8,5,3,5,6,9,11,5,12,11,10,11,10,10,7,8,6,7,7,11,9,11,6,6,10,12,5,7,5,7,4,3,3,7,5,14,14,,,1,1,,,2,10,1,5,2,7,3,5,3,3,10,11,11,11,10,5,7,4,8,6,6,2,6,14,,2,,,b'\x11\xe8\xe1I\xca\xc3g\x0e\xaf\x82\x12\xdf\x17\xaeN\x1e'
11E8E149-CAC3-670E-AF82-12DF17AE4E1E,2016-ncaa-d1-natl,ncaa,25,30,30,33,37,46,58,60,76,66,138,33,90,57,234,93,29,58,14,57,71,56,78,78,53,33,135,165,88,228,284,29,24,66,109,11,6,66,34,14,239,284,289,304,,,256,184,,,43,49,153,144,69,82,154,107,234,121,86,41,103,104,143,224,285,48,151,13,31,287,312,,163,,,50,234,209,278,78,204,247,121,179,263,30,204,289,267,280,271,220,288,280,62,87,118,199,142,270,99,24,307,284,264,109,217,216,135,204,186,149,110,291,280,,,40,58,,,43,301,57,89,48,115,97,145,118,131,113,200,231,205,210,156,136,39,202,113,139,220,90,257,,92,,,b'\x11\xe8\xe1I\xca\xc3g\x0e\xaf\x82\x12\xdf\x17\xaeN\x1e'
11E8E149-CAC3-670E-AF82-12DF17AE4E1E,2017-ncaa-d0-natl,ncaa,25,39,24,37,33,29,28,38,36,40,78,28,51,53,82,125,54,75,53,76,139,39,58,37,31,18,165,149,203,191,265,18,36,45,104,7,5,57,27,4,202,258,110,181,,,196,72,,,23,44,162,239,38,41,118,66,185,85,107,86,133,135,111,231,274,33,114,8,17,263,147,,74,,,23,244,244,305,54,259,318,40,182,196,149,79,242,236,162,232,103,308,301,48,49,94,124,117,193,181,36,302,265,281,104,272,247,163,246,235,122,62,275,208,,,76,142,,,23,308,28,71,23,91,104,208,142,268,94,92,142,148,142,190,130,71,159,117,172,256,58,215,,175,,,b'\x11\xe8\xe1I\xca\xc3g\x0e\xaf\x82\x12\xdf\x17\xaeN\x1e'
11E8E149-CAC3-670E-AF82-12DF17AE4E1E,2017-ncaa-d1-conf-Atlantic 10,ncaa,2,3,2,3,4,1,1,2,1,1,6,1,1,2,2,3,6,6,4,6,10,2,3,1,1,1,7,4,13,8,12,3,11,5,10,1,1,2,1,1,4,8,6,8,,,9,3,,,1,2,3,8,1,1,1,3,5,1,3,7,9,9,2,8,10,5,9,1,1,8,7,,4,,,2,13,13,13,7,14,14,10,5,7,2,4,12,12,10,12,6,13,13,5,6,5,4,4,9,11,11,13,12,13,10,10,5,4,6,5,6,4,12,11,,,9,12,,,1,13,1,7,2,9,11,10,11,13,4,5,11,11,11,10,12,11,10,9,7,5,5,12,,11,,,b'\x11\xe8\xe1I\xca\xc3g\x0e\xaf\x82\x12\xdf\x17\xaeN\x1e'
11E8E149-CAC3-670E-AF82-12DF17AE4E1E,2017-ncaa-d1-natl,ncaa,30,39,27,39,40,32,31,49,40,48,99,33,60,68,84,124,60,91,53,90,134,50,79,40,36,18,163,148,198,212,269,22,38,53,110,7,5,39,27,5,224,268,117,188,,,171,76,,,28,53,169,239,43,43,128,72,188,87,107,88,146,148,115,239,279,35,121,9,17,272,153,,77,,,27,222,221,302,62,240,316,44,160,170,156,74,229,228,171,221,105,302,288,53,52,106,121,118,194,153,38,285,269,261,110,265,251,187,252,247,103,63,265,217,,,90,137,,,28,297,29,81,28,97,111,208,153,267,95,92,144,148,142,189,127,75,162,122,181,258,60,216,,181,,,b'\x11\xe8\xe1I\xca\xc3g\x0e\xaf\x82\x12\xdf\x17\xaeN\x1e'
11E8E149-CAC3-670E-AF82-12DF17AE4E1E,2018-ncaa-d0-natl,ncaa,136,189,43,172,44,46,45,54,74,71,92,57,64,57,112,117,76,129,31,122,187,57,73,70,65,43,150,131,200,279,325,34,93,79,229,37,58,50,37,26,317,339,76,159,,,331,286,,,141,46,111,35,53,54,96,90,168,82,90,121,182,180,101,195,316,32,148,32,34,337,107,,289,,,143,328,311,312,134,297,324,66,268,205,317,67,335,334,231,337,230,327,307,141,169,276,228,168,268,264,93,330,325,326,229,259,118,274,332,305,75,50,282,228,,,162,248,,,141,305,70,272,145,279,240,296,234,317,221,129,311,302,305,321,245,194,282,263,180,326,44,236,,253,,,b'\x11\xe8\xe1I\xca\xc3g\x0e\xaf\x82\x12\xdf\x17\xaeN\x1e'
11E8E149-CAC3-670E-AF82-12DF17AE4E1E,2018-ncaa-d1-conf-Atlantic 10,ncaa,7,7,3,7,3,1,1,1,4,2,2,3,3,3,5,7,2,2,1,2,6,1,1,4,3,2,5,5,4,11,13,2,7,4,10,1,5,4,3,1,11,13,3,5,,,14,11,,,7,1,3,1,2,2,2,2,5,4,4,2,4,4,1,4,12,2,8,1,3,13,4,,12,,,7,14,14,14,8,14,14,5,9,9,12,5,14,14,5,14,12,14,14,9,9,10,9,5,13,13,7,13,13,14,10,12,4,8,12,10,7,5,13,13,,,5,10,,,7,14,2,10,7,12,11,14,11,13,8,7,14,14,14,14,13,10,13,14,7,11,5,12,,7,,,b'\x11\xe8\xe1I\xca\xc3g\x0e\xaf\x82\x12\xdf\x17\xaeN\x1e'
11E8E149-CAC3-670E-AF82-12DF17AE4E1E,2018-ncaa-d1-natl,ncaa,150,188,53,182,54,53,55,73,76,82,118,62,71,66,111,116,97,152,32,147,183,75,97,76,66,44,148,129,195,295,328,37,97,102,235,40,61,38,37,26,330,339,90,166,,,323,288,,,160,59,112,34,58,58,98,94,172,83,90,124,182,182,108,210,318,35,164,34,35,337,106,,289,,,162,326,309,309,151,292,323,71,254,183,326,65,333,327,233,328,230,322,295,153,177,291,226,167,268,252,97,323,328,317,235,248,120,297,333,312,62,51,274,236,,,201,246,,,160,292,76,282,163,287,253,298,245,317,226,128,314,305,307,322,246,195,285,268,183,328,47,238,,252,,,b'\x11\xe8\xe1I\xca\xc3g\x0e\xaf\x82\x12\xdf\x17\xaeN\x1e'
11E8E149-CAC3-670E-AF82-12DF17AE4E1E,2019-ncaa-d0-natl,ncaa,163,180,114,177,120,197,203,219,181,184,166,203,198,225,141,225,145,150,176,152,151,200,226,188,170,163,183,202,108,270,281,48,32,101,102,183,167,113,147,154,340,340,72,97,,,144,174,,,154,196,296,27,223,235,275,216,198,213,238,152,156,161,261,299,291,19,87,203,104,341,76,,128,,,154,109,128,221,52,114,242,23,179,147,237,117,101,179,7,189,138,224,138,54,41,127,190,231,132,104,32,223,281,178,102,160,192,331,339,313,82,132,272,262,,,163,98,,,154,155,193,121,156,89,104,204,90,254,161,138,100,171,178,212,78,90,196,156,138,342,100,255,,168,,,b'\x11\xe8\xe1I\xca\xc3g\x0e\xaf\x82\x12\xdf\x17\xaeN\x1e'
11E8E149-CAC3-670E-AF82-12DF17AE4E1E,2019-ncaa-d1-conf-Atlantic 10,ncaa,6,6,5,6,5,7,4,5,3,5,5,3,9,10,8,12,4,5,7,6,8,5,7,4,5,6,12,11,5,5,4,2,5,2,3,5,6,10,9,8,12,14,4,4,,,7,6,,,6,7,9,3,6,4,7,3,5,11,13,6,5,6,7,7,5,2,2,4,9,12,3,,5,,,6,6,6,13,3,6,14,1,7,3,9,3,6,9,1,9,5,11,9,3,2,4,5,7,7,8,5,3,4,5,3,7,5,13,14,13,12,11,13,11,,,5,4,,,6,8,6,6,6,6,6,12,7,14,6,4,7,8,9,12,7,7,3,3,6,14,10,13,,5,,,b'\x11\xe8\xe1I\xca\xc3g\x0e\xaf\x82\x12\xdf\x17\xaeN\x1e'
11E8E149-CAC3-670E-AF82-12DF17AE4E1E,2019-ncaa-d1-natl,ncaa,164,180,107,177,108,199,198,211,171,176,169,200,197,224,139,226,154,154,191,154,160,207,226,184,176,161,196,208,124,272,277,38,37,97,100,188,169,107,149,157,336,338,72,100,,,162,188,,,158,204,297,28,227,232,276,208,192,218,245,164,162,168,262,302,288,19,90,204,106,340,78,,143,,,159,93,109,234,47,102,251,23,177,148,239,115,110,193,8,200,139,232,133,48,35,122,198,230,149,102,37,213,277,179,100,153,192,330,338,305,92,128,261,251,,,161,101,,,158,148,188,107,154,85,98,199,89,254,159,131,103,182,187,201,77,97,187,157,134,339,95,252,,174,,,b'\x11\xe8\xe1I\xca\xc3g\x0e\xaf\x82\x12\xdf\x17\xaeN\x1e'
11E8E149-CAC3-670E-AF82-12DF17AE4E1E,2020-ncaa-d0-natl,ncaa,81,134,8,122,15,155,183,137,245,204,107,321,128,207,27,235,83,90,154,84,144,120,110,230,213,202,90,139,85,37,50,42,107,25,47,134,110,204,168,158,308,323,24,26,,,183,189,,,118,174,339,248,250,279,289,284,197,172,260,149,159,152,273,293,77,125,74,210,130,335,34,,93,,,123,123,133,257,42,121,254,33,187,194,144,180,107,82,298,73,47,226,180,45,39,85,196,224,140,208,107,148,50,170,47,233,286,258,273,277,141,102,307,272,,,65,102,,,118,169,158,94,123,34,36,111,44,151,120,126,63,41,34,57,16,116,56,53,152,317,77,273,,177,,,b'\x11\xe8\xe1I\xca\xc3g\x0e\xaf\x82\x12\xdf\x17\xaeN\x1e'
11E8E149-CAC3-670E-AF82-12DF17AE4E1E,2020-ncaa-d1-conf-Atlantic 10,ncaa,4,4,1,4,2,3,4,5,8,8,2,13,4,9,1,11,3,3,11,3,7,2,1,5,4,7,4,6,6,1,1,2,3,1,2,4,8,11,9,7,12,12,2,2,,,13,13,,,5,4,10,8,5,6,9,11,5,5,11,6,4,5,7,7,2,4,2,8,9,13,4,,8,,,5,8,9,12,5,9,10,5,11,12,7,8,8,6,11,5,4,11,8,6,6,8,9,10,7,5,3,5,1,4,2,12,12,11,11,12,9,6,11,7,,,3,3,,,5,9,3,7,5,6,6,8,4,6,7,6,6,5,5,7,3,4,1,1,8,11,7,9,,5,,,b'\x11\xe8\xe1I\xca\xc3g\x0e\xaf\x82\x12\xdf\x17\xaeN\x1e'
11E8E149-CAC3-670E-AF82-12DF17AE4E1E,2020-ncaa-d1-natl,ncaa,92,134,12,125,25,195,215,171,257,236,136,329,146,222,29,235,102,108,153,102,146,158,150,237,221,211,87,139,77,49,54,62,110,29,50,156,113,190,175,166,318,328,26,29,,,155,198,,,132,227,340,246,258,292,295,292,206,174,265,151,164,155,276,297,85,131,81,219,131,340,35,,96,,,136,99,109,232,45,105,230,34,170,181,150,179,99,73,302,65,48,186,121,48,44,94,193,222,142,191,110,124,54,147,50,226,290,278,286,290,116,105,305,279,,,94,101,,,132,108,174,103,134,34,42,110,48,152,121,125,63,42,36,63,15,121,59,54,163,320,80,280,,178,,,b'\x11\xe8\xe1I\xca\xc3g\x0e\xaf\x82\x12\xdf\x17\xaeN\x1e'
11E8E149-CAC3-670E-AF82-12DF17AE4E1E,2021-ncaa-d0-natl,ncaa,90,32,248,43,248,226,235,244,203,221,215,240,222,252,138,242,178,198,100,198,164,240,262,215,184,138,173,216,81,205,154,151,61,172,61,197,93,43,48,69,312,322,80,54,,,40,19,,,95,267,283,17,143,165,129,140,104,204,234,82,111,115,126,203,125,11,20,124,39,326,43,,17,,,87,76,81,126,21,78,118,23,144,178,100,264,33,34,159,34,17,96,75,30,21,83,221,294,30,99,61,104,154,94,61,79,136,313,334,296,39,42,251,287,,,244,155,,,95,75,127,101,95,74,113,287,76,225,230,287,17,16,17,234,97,187,216,205,112,336,33,314,,164,,,b'\x11\xe8\xe1I\xca\xc3g\x0e\xaf\x82\x12\xdf\x17\xaeN\x1e'
11E8E149-CAC3-670E-AF82-12DF17AE4E1E,2021-ncaa-d1-conf-Atlantic 10,ncaa,4,3,12,4,12,10,11,11,5,10,8,8,12,14,4,13,5,5,7,5,5,11,12,7,6,3,8,11,4,11,10,5,5,7,4,10,5,3,3,3,14,14,2,3,,,2,1,,,6,12,5,3,3,4,6,5,3,12,13,4,3,3,4,5,10,1,2,3,5,13,1,,1,,,6,4,4,7,2,4,8,1,6,6,8,7,3,3,5,3,1,7,3,4,1,5,6,9,2,6,5,5,10,5,4,3,4,13,14,13,2,4,11,11,,,8,5,,,6,3,6,7,6,7,8,14,5,13,11,12,4,4,4,14,10,10,10,9,6,14,4,14,,4,,,b'\x11\xe8\xe1I\xca\xc3g\x0e\xaf\x82\x12\xdf\x17\xaeN\x1e'
11E8E149-CAC3-670E-AF82-12DF17AE4E1E,2021-ncaa-d1-natl,ncaa,98,32,259,44,259,236,247,255,212,240,236,249,230,263,142,241,188,212,97,213,165,250,272,218,189,139,167,215,80,220,161,168,63,197,66,213,93,40,47,72,313,325,86,57,,,34,20,,,102,275,287,16,148,169,138,150,110,207,234,82,112,119,128,204,130,12,24,129,39,328,43,,16,,,94,71,77,113,21,74,109,24,137,159,99,265,31,32,160,32,17,92,66,30,22,92,221,291,28,90,63,98,161,88,66,76,138,316,334,304,35,43,245,289,,,256,150,,,102,67,132,108,102,76,117,290,80,228,237,283,17,16,17,237,95,191,216,209,115,336,33,313,,167,,,b'\x11\xe8\xe1I\xca\xc3g\x0e\xaf\x82\x12\xdf\x17\xaeN\x1e'
11E8E149-CAC3-670E-AF82-12DF17AE4E1E,2022-ncaa-d0-natl,ncaa,268,245,260,269,286,277,224,225,223,163,139,208,315,292,335,288,311,321,161,317,349,250,269,269,289,256,341,312,284,222,221,149,101,185,134,256,255,55,131,175,264,233,77,46,,,5,9,,,245,278,202,208,255,172,117,76,53,314,278,304,308,307,183,199,168,48,70,228,119,238,38,,11,,,247,82,129,147,131,103,137,107,214,189,270,248,17,11,223,11,24,115,76,153,125,201,174,297,27,109,101,158,221,123,134,171,221,322,309,314,71,135,49,26,,,344,349,,,245,75,246,193,246,176,225,285,176,235,287,266,35,27,28,231,156,179,268,240,253,309,131,72,,346,,,b'\x11\xe8\xe1I\xca\xc3g\x0e\xaf\x82\x12\xdf\x17\xaeN\x1e'
11E8E149-CAC3-670E-AF82-12DF17AE4E1E,2022-ncaa-d1-conf-Atlantic 10,ncaa,12,8,13,11,13,14,14,13,11,8,10,10,14,13,14,13,12,12,3,12,13,13,13,12,12,12,13,13,7,8,9,6,5,8,5,11,11,6,10,11,13,9,3,1,,,2,1,,,11,12,3,1,11,8,5,4,3,14,12,10,11,11,6,3,6,2,2,10,10,9,1,,2,,,12,4,6,6,4,4,4,3,8,5,8,10,2,2,7,2,1,5,2,5,4,9,5,11,2,4,5,2,9,3,5,9,12,14,14,14,9,12,2,2,,,14,14,,,11,2,12,6,11,9,12,13,12,12,12,13,2,2,2,13,11,7,12,11,14,13,12,5,,14,,,b'\x11\xe8\xe1I\xca\xc3g\x0e\xaf\x82\x12\xdf\x17\xaeN\x1e'
11E8E149-CAC3-670E-AF82-12DF17AE4E1E,2022-ncaa-d1-natl,ncaa,283,245,304,278,320,309,268,269,241,193,170,220,326,311,339,288,325,330,163,328,348,290,315,287,300,265,342,311,283,247,228,191,105,226,143,284,262,36,134,187,293,243,84,50,,,3,11,,,262,316,209,195,274,191,130,86,57,316,282,305,308,309,190,207,182,50,76,245,121,250,38,,11,,,264,65,102,115,143,83,109,120,198,160,278,244,10,6,228,6,25,72,39,168,137,222,174,293,28,80,105,115,228,87,143,160,225,339,317,320,56,142,41,31,,,347,347,,,262,40,261,219,263,191,239,290,185,237,290,265,35,28,28,234,153,182,271,243,254,315,136,79,,345,,,b'\x11\xe8\xe1I\xca\xc3g\x0e\xaf\x82\x12\xdf\x17\xaeN\x1e'
11E8E149-CAC3-670E-AF82-12DF17AE4E1E,2023-ncaa-d0-natl,ncaa,135,239,17,175,20,46,40,19,202,27,13,158,168,79,314,209,48,79,25,78,272,18,12,228,210,200,279,283,145,13,44,42,318,24,163,56,178,350,194,180,19,66,5,13,,,323,107,,,200,13,45,158,92,79,32,49,48,232,152,97,165,162,35,20,25,128,48,113,274,41,10,,203,,,194,356,357,354,171,335,341,127,359,348,313,265,290,302,114,302,167,356,355,214,188,188,284,310,110,361,318,341,44,359,163,328,136,32,177,165,345,219,289,129,,,60,311,,,200,347,163,250,204,300,295,336,213,277,337,316,202,212,211,336,339,348,200,304,232,109,280,222,,194,,,b'\x11\xe8\xe1I\xca\xc3g\x0e\xaf\x82\x12\xdf\x17\xaeN\x1e'
11E8E149-CAC3-670E-AF82-12DF17AE4E1E,2023-ncaa-d1-conf-Atlantic 10,ncaa,3,3,1,3,2,2,2,1,9,1,1,8,12,9,14,15,1,1,2,1,6,1,1,9,9,8,13,15,2,1,1,4,11,1,3,2,6,14,10,6,1,2,1,1,,,14,7,,,6,1,2,3,2,3,2,2,1,13,12,1,2,2,1,1,1,5,1,4,12,1,1,,11,,,6,15,15,15,7,15,15,7,11,12,8,11,15,15,9,15,11,15,15,7,7,8,11,9,10,14,11,9,1,14,3,10,6,2,6,7,15,9,12,7,,,3,10,,,6,15,6,8,6,13,12,12,10,13,10,11,14,13,13,13,15,13,5,9,9,3,14,9,,4,,,b'\x11\xe8\xe1I\xca\xc3g\x0e\xaf\x82\x12\xdf\x17\xaeN\x1e'
11E8E149-CAC3-670E-AF82-12DF17AE4E1E,2023-ncaa-d1-natl,ncaa,151,239,18,187,24,51,44,19,215,28,15,170,188,95,317,213,54,97,26,96,271,18,14,235,218,210,279,283,139,15,48,51,327,26,176,63,187,347,203,193,22,80,6,13,,,313,113,,,214,14,47,156,100,81,33,54,49,230,156,99,168,164,37,24,27,140,51,123,279,48,9,,213,,,211,354,356,354,184,335,340,142,358,345,319,263,283,293,120,291,170,355,354,231,205,215,288,311,107,361,327,330,48,359,176,321,138,49,186,189,339,225,284,138,,,74,306,,,214,347,176,277,227,313,308,336,229,278,338,316,206,219,215,339,336,349,204,307,243,118,286,229,,193,,,b'\x11\xe8\xe1I\xca\xc3g\x0e\xaf\x82\x12\xdf\x17\xaeN\x1e'
11E8E149-CAC3-670E-AF82-12DF17AE4E1E,2023-ncaa-d1-ncaatournament,ncaa,36,2,36,36,38,59,59,50,58,50,53,43,62,50,64,21,52,55,17,55,54,53,47,60,59,64,54,55,34,43,20,63,63,62,51,55,43,28,62,59,54,56,29,15,,,12,20,,,67,45,21,7,59,59,37,44,46,57,24,46,54,54,50,28,23,63,62,49,62,47,7,,24,,,67,30,30,30,62,33,29,62,20,20,36,26,23,19,48,18,27,30,29,56,56,63,14,20,25,26,63,6,20,14,51,18,15,60,61,58,37,66,1,1,,,64,65,,,67,21,63,66,66,65,65,62,65,62,40,36,49,43,42,63,61,55,20,44,48,58,65,1,,64,,,b'\x11\xe8\xe1I\xca\xc3g\x0e\xaf\x82\x12\xdf\x17\xaeN\x1e'
11E8E149-CAC3-670E-AF82-12DF17AE4E1E,2024-ncaa-d0-natl,ncaa,86,228,1,159,3,14,18,10,103,13,9,129,107,99,149,255,7,17,29,15,162,9,7,128,108,119,234,261,85,22,82,89,297,42,209,36,146,352,177,140,10,52,246,312,,,359,249,,,200,4,79,263,86,92,108,63,82,205,232,57,103,98,97,88,122,323,255,107,217,46,318,,277,,,192,359,359,347,333,357,335,337,354,346,295,243,348,350,122,350,291,353,357,339,339,299,234,231,198,350,297,344,82,351,209,355,228,7,73,164,347,205,220,48,,,9,146,,,200,357,113,293,190,301,299,167,268,113,288,232,260,271,272,202,266,239,91,137,294,58,240,83,,103,,,b'\x11\xe8\xe1I\xca\xc3g\x0e\xaf\x82\x12\xdf\x17\xaeN\x1e'
11E8E149-CAC3-670E-AF82-12DF17AE4E1E,2024-ncaa-d1-conf-Atlantic 10,ncaa,7,8,4,8,4,4,4,3,4,2,3,4,10,9,10,11,2,1,3,1,5,3,3,6,4,5,9,14,1,4,5,12,14,9,10,5,5,13,9,7,1,1,13,15,,,15,14,,,9,4,1,7,3,2,4,1,4,10,8,1,2,1,2,1,6,13,10,3,12,1,15,,15,,,9,15,15,12,13,14,11,15,10,11,8,7,14,14,4,14,14,12,13,13,13,11,9,6,12,13,14,7,5,9,10,11,10,1,2,6,13,10,7,5,,,4,8,,,9,12,6,11,9,15,12,10,12,6,10,8,14,14,14,11,15,14,4,11,11,1,13,6,,3,,,b'\x11\xe8\xe1I\xca\xc3g\x0e\xaf\x82\x12\xdf\x17\xaeN\x1e'
11E8E149-CAC3-670E-AF82-12DF17AE4E1E,2024-ncaa-d1-natl,ncaa,76,230,1,151,1,7,9,5,91,7,6,115,85,75,125,259,6,15,18,14,176,5,2,119,98,95,244,260,100,16,64,49,275,13,164,22,150,356,169,128,10,62,228,313,,,361,248,,,147,2,72,264,68,68,78,47,70,197,226,54,102,97,70,69,95,291,213,83,206,52,320,,277,,,160,362,362,358,322,361,351,334,357,354,272,234,355,356,119,356,292,361,362,333,325,292,218,209,202,355,275,347,64,354,164,361,218,7,90,172,357,211,217,35,,,5,171,,,147,362,92,287,169,298,298,185,269,130,278,233,262,276,275,219,274,227,80,127,282,74,248,75,,108,,,b'\x11\xe8\xe1I\xca\xc3g\x0e\xaf\x82\x12\xdf\x17\xaeN\x1e'
11E8E149-CAC3-670E-AF82-12DF17AE4E1E,2025-ncaa-d0-natl,genius_ncaa,171,249,29,206,38,82,96,48,239,65,56,184,223,117,343,214,25,45,12,43,133,40,28,267,227,235,234,297,36,42,105,90,321,55,226,191,323,346,228,298,25,48,155,210,,,349,262,,254,283,30,48,140,132,170,88,114,105,278,174,38,91,88,77,45,72,204,127,273,296,35,210,,320,,194,265,355,342,328,233,264,290,129,359,333,360,269,349,350,129,351,311,341,343,291,297,253,347,333,241,355,321,325,105,344,226,349,284,43,131,193,330,209,276,153,,,31,147,,39,283,332,215,283,264,325,275,268,134,167,353,307,308,316,320,307,330,327,226,294,307,76,267,200,,75,,58,b'\x11\xe8\xe1I\xca\xc3g\x0e\xaf\x82\x12\xdf\x17\xaeN\x1e'
11E8E149-CAC3-670E-AF82-12DF17AE4E1E,2025-ncaa-d1-conf-Atlantic 10,genius_ncaa,9,10,1,10,1,5,5,3,11,2,1,8,15,10,15,13,2,2,2,2,6,2,1,11,10,10,13,15,1,3,10,8,12,6,11,13,15,15,9,14,1,1,11,11,,,15,11,,1,11,1,2,3,8,9,5,3,3,15,12,2,2,2,4,2,8,11,11,13,12,1,11,,14,,1,11,15,13,13,12,9,9,8,15,11,15,8,15,15,12,15,14,15,15,13,13,11,13,11,13,14,12,13,10,14,11,13,13,1,2,9,15,10,8,4,,,1,4,,1,11,15,10,11,11,14,11,8,9,9,13,7,15,14,14,11,14,13,12,12,11,2,12,6,,1,,1,b'\x11\xe8\xe1I\xca\xc3g\x0e\xaf\x82\x12\xdf\x17\xaeN\x1e'
11E8E149-CAC3-670E-AF82-12DF17AE4E1E,2025-ncaa-d1-natl,genius_ncaa,184,249,43,218,53,102,116,62,256,78,67,191,240,131,344,213,32,57,9,52,129,53,35,282,234,246,227,299,35,50,116,115,325,74,240,219,330,340,238,307,34,56,180,223,,,345,267,,251,298,35,49,135,150,186,94,131,108,282,180,39,91,86,80,50,82,213,137,289,300,40,215,,320,,200,283,354,339,325,242,248,275,141,359,329,361,271,345,345,137,345,314,337,337,304,305,271,346,330,241,352,325,313,116,339,240,344,285,58,138,203,318,214,267,164,,,39,141,,45,298,325,229,302,281,328,284,268,142,171,352,307,315,318,325,311,331,330,232,300,318,86,269,208,,76,,56,b'\x11\xe8\xe1I\xca\xc3g\x0e\xaf\x82\x12\xdf\x17\xaeN\x1e'
11E8E149-CAC3-670E-AF82-12DF17AE4E1E,2026-ncaa-d0-natl,genius_ncaa,163,250,49,216,73,88,85,62,158,67,28,202,167,189,153,301,79,87,149,78,238,61,56,188,189,174,290,289,160,99,211,77,253,80,225,136,289,280,139,198,95,167,22,32,,,361,341,,345,206,47,48,97,132,115,76,72,32,236,276,126,138,124,77,76,175,113,119,198,181,124,23,,353,,324,203,328,302,319,115,296,310,115,268,287,147,131,359,358,257,360,318,337,324,116,162,193,274,126,344,342,253,324,211,333,225,259,117,114,252,164,263,146,273,132,,,87,225,,173,206,315,182,215,204,270,210,274,205,277,178,210,345,339,346,321,321,309,265,308,140,180,171,211,,173,,232,b'\x11\xe8\xe1I\xca\xc3g\x0e\xaf\x82\x12\xdf\x17\xaeN\x1e'
11E8E149-CAC3-670E-AF82-12DF17AE4E1E,2026-ncaa-d1-conf-Atlantic 10,genius_ncaa,1,1,1,1,1,1,1,2,5,1,1,6,14,12,14,14,3,3,4,3,4,1,1,7,6,5,12,14,5,3,7,5,6,4,8,6,10,4,2,4,4,7,7,11,,,4,3,,2,7,2,1,1,1,1,2,1,1,14,12,3,3,3,1,1,3,5,4,6,4,4,7,,4,,2,7,10,12,12,12,13,13,13,6,11,3,9,7,7,8,7,4,12,13,9,8,8,2,5,5,6,6,12,7,12,8,10,8,5,9,9,4,4,11,8,,,3,5,,8,7,14,4,8,7,10,12,12,13,13,6,11,7,7,7,12,13,6,12,12,10,5,4,11,,3,,8,b'\x11\xe8\xe1I\xca\xc3g\x0e\xaf\x82\x12\xdf\x17\xaeN\x1e'
11E8E149-CAC3-670E-AF82-12DF17AE4E1E,2026-ncaa-d1-natl,genius_ncaa,203,249,85,236,117,131,123,89,187,91,42,231,228,249,170,302,111,123,143,110,240,92,92,217,216,208,288,289,138,151,247,109,274,116,268,196,307,232,162,234,145,204,27,31,,,357,347,,338,251,81,54,100,168,152,95,97,42,253,286,131,145,132,101,100,202,129,147,239,193,162,22,,353,,330,249,315,267,297,146,262,286,135,249,255,175,123,354,351,266,353,324,324,298,151,198,243,273,127,342,335,274,306,247,319,268,228,116,173,284,215,220,161,256,156,,,121,216,,198,251,285,219,266,249,305,238,290,243,287,209,219,352,349,353,337,323,319,281,323,169,218,182,230,,172,,232,b'\x11\xe8\xe1I\xca\xc3g\x0e\xaf\x82\x12\xdf\x17\xaeN\x1e'
11E8E149-CAC7-9766-AF82-12DF17AE4E1E,2010-ncaa-d0-natl,ncaa,72,49,122,61,152,86,119,222,31,127,214,28,133,170,80,173,33,58,41,59,25,173,99,36,19,98,116,192,46,236,155,14,99,46,37,102,113,338,328,243,313,338,3,7,,,154,49,,,128,74,23,218,60,96,271,118,240,139,182,19,43,45,211,80,266,4,19,87,335,318,2,,133,,,127,274,282,329,35,253,321,36,281,295,124,232,133,133,183,142,38,326,291,42,21,121,179,249,74,315,99,47,155,159,37,196,74,278,339,282,342,333,305,316,,,49,36,,,128,276,134,145,126,268,290,343,242,338,285,302,131,122,131,340,327,313,36,151,189,307,338,299,,22,,,b'\x11\xe8\xe1I\xca\xc7\x97f\xaf\x82\x12\xdf\x17\xaeN\x1e'
11E8E149-CAC7-9766-AF82-12DF17AE4E1E,2010-ncaa-d1-conf-WCC,ncaa,2,2,5,2,6,4,7,8,2,7,8,3,6,6,3,4,1,1,6,1,1,6,4,3,2,4,1,5,1,7,3,1,2,1,2,5,3,7,7,5,7,7,1,1,,,1,2,,,2,4,2,3,2,6,7,5,6,5,5,1,1,1,4,2,5,1,1,4,7,7,1,,3,,,2,3,3,7,2,2,7,1,7,8,4,7,1,1,3,1,1,7,5,2,2,2,7,7,1,6,2,1,3,3,2,4,7,6,7,5,7,7,8,8,,,1,1,,,2,5,4,2,2,3,3,8,2,8,7,8,1,1,1,8,8,8,2,4,4,6,7,8,,1,,,b'\x11\xe8\xe1I\xca\xc7\x97f\xaf\x82\x12\xdf\x17\xaeN\x1e'
11E8E149-CAC7-9766-AF82-12DF17AE4E1E,2010-ncaa-d1-natl,ncaa,74,49,134,62,167,97,129,236,31,132,227,29,138,175,81,173,37,61,41,63,27,188,111,38,20,101,114,194,46,256,158,14,104,50,39,107,115,337,328,248,321,339,3,7,,,132,50,,,133,83,25,214,62,101,272,123,245,141,182,19,43,46,214,82,269,4,21,87,335,321,2,,137,,,132,266,278,328,37,247,318,37,276,291,129,234,125,124,187,132,39,324,288,44,24,129,178,248,75,314,104,31,158,141,39,189,76,294,339,290,341,334,302,319,,,57,35,,,133,268,139,150,135,277,299,343,248,338,287,301,132,124,133,340,326,315,36,154,194,307,339,304,,23,,,b'\x11\xe8\xe1I\xca\xc7\x97f\xaf\x82\x12\xdf\x17\xaeN\x1e'
11E8E149-CAC7-9766-AF82-12DF17AE4E1E,2011-ncaa-d0-natl,ncaa,99,111,77,114,111,86,129,198,52,129,177,102,125,207,16,217,17,23,62,20,6,144,93,52,35,85,79,183,15,189,131,14,83,42,31,153,201,325,297,258,339,343,3,4,,,117,45,,,173,69,85,249,86,168,288,176,245,146,236,15,21,17,232,146,248,5,33,183,293,342,2,,67,,,173,306,326,331,103,299,321,97,322,315,196,244,88,55,323,46,8,318,280,122,101,241,131,264,26,293,83,58,131,160,31,316,215,311,343,333,336,319,296,297,,,20,9,,,173,272,114,261,175,271,302,338,268,323,299,306,66,31,28,324,259,266,24,88,293,334,313,274,,12,,,b'\x11\xe8\xe1I\xca\xc7\x97f\xaf\x82\x12\xdf\x17\xaeN\x1e'
11E8E149-CAC7-9766-AF82-12DF17AE4E1E,2011-ncaa-d1-conf-WCC,ncaa,2,2,2,2,3,4,5,8,2,4,5,2,5,6,1,6,1,1,6,1,1,6,4,2,2,4,3,6,1,5,3,1,2,1,2,5,4,8,8,8,8,8,1,1,,,2,1,,,3,4,2,3,4,6,8,4,6,5,6,1,1,1,7,4,6,1,1,4,8,8,1,,1,,,3,4,6,8,2,6,8,1,6,7,2,7,1,1,6,1,1,8,7,2,2,3,3,7,1,6,2,2,3,2,2,8,7,8,8,8,8,8,6,7,,,1,1,,,3,5,6,3,3,5,6,8,6,8,7,7,1,1,1,8,7,6,2,3,8,8,8,6,,1,,,b'\x11\xe8\xe1I\xca\xc7\x97f\xaf\x82\x12\xdf\x17\xaeN\x1e'
11E8E149-CAC7-9766-AF82-12DF17AE4E1E,2011-ncaa-d1-natl,ncaa,112,110,95,120,126,95,148,224,54,148,199,106,133,214,16,215,18,26,60,22,6,166,111,52,35,91,78,179,12,209,137,14,86,50,31,170,205,319,299,263,340,343,3,4,,,99,45,,,182,84,87,251,91,172,292,181,248,147,235,15,20,17,238,153,250,5,33,186,294,342,2,,67,,,182,299,322,328,108,296,319,102,316,309,199,244,77,45,324,36,8,317,271,126,105,246,129,262,25,286,86,40,137,133,31,315,213,322,343,334,335,321,290,301,,,23,8,,,182,257,121,269,182,274,305,339,273,323,300,308,67,32,28,325,260,266,25,89,298,335,317,278,,13,,,b'\x11\xe8\xe1I\xca\xc7\x97f\xaf\x82\x12\xdf\x17\xaeN\x1e'
11E8E149-CAC7-9766-AF82-12DF17AE4E1E,2012-ncaa-d0-natl,ncaa,73,73,81,79,108,101,160,193,111,155,155,189,151,225,17,253,4,18,20,18,14,144,79,121,49,135,58,202,6,55,10,41,80,38,11,224,266,340,311,305,250,288,309,317,,,284,265,,,141,96,150,256,111,211,285,205,210,166,251,1,6,6,216,114,70,46,32,270,320,290,321,,259,,,142,249,224,281,92,161,200,116,308,317,131,305,245,204,290,199,191,278,244,132,151,217,298,290,195,206,80,16,10,47,11,323,332,225,283,314,338,320,187,172,,,17,11,,,141,254,100,209,144,209,183,251,120,133,283,315,210,171,168,243,182,168,10,17,296,274,325,154,,5,,,b'\x11\xe8\xe1I\xca\xc7\x97f\xaf\x82\x12\xdf\x17\xaeN\x1e'
11E8E149-CAC7-9766-AF82-12DF17AE4E1E,2012-ncaa-d1-conf-WCC,ncaa,4,4,1,4,4,3,5,9,4,4,4,5,6,8,1,7,1,1,3,1,1,6,3,4,2,4,4,7,1,2,1,2,3,1,1,5,5,9,9,9,7,7,9,9,,,7,6,,,4,5,5,5,3,6,9,4,4,6,8,1,1,1,7,3,2,2,1,5,9,7,9,,6,,,4,5,5,9,3,4,6,4,7,8,3,7,4,4,4,4,3,8,8,3,3,4,6,7,4,6,3,1,1,1,1,8,9,7,9,9,9,9,4,4,,,1,1,,,4,6,4,5,4,5,5,9,4,5,6,8,4,4,4,7,6,5,1,1,8,8,9,3,,1,,,b'\x11\xe8\xe1I\xca\xc7\x97f\xaf\x82\x12\xdf\x17\xaeN\x1e'
11E8E149-CAC7-9766-AF82-12DF17AE4E1E,2012-ncaa-d1-natl,ncaa,68,72,55,79,80,80,149,191,112,147,145,191,142,223,14,253,4,12,23,12,8,118,61,118,43,130,53,202,3,46,9,30,82,28,9,209,259,341,313,303,251,292,308,316,,,293,262,,,133,73,146,258,107,214,286,209,213,164,250,1,6,6,218,113,68,40,29,259,322,289,321,,254,,,135,265,233,302,82,181,218,114,309,323,126,304,247,212,291,211,183,300,268,122,140,204,298,290,190,215,82,21,9,54,9,325,332,210,274,307,339,323,207,185,,,8,11,,,133,275,96,193,133,200,172,248,115,129,281,314,201,162,160,238,181,167,10,15,293,272,326,163,,3,,,b'\x11\xe8\xe1I\xca\xc7\x97f\xaf\x82\x12\xdf\x17\xaeN\x1e'
11E8E149-CAC7-9766-AF82-12DF17AE4E1E,2013-ncaa-d0-natl,ncaa,50,65,24,65,32,60,129,116,155,109,80,205,184,223,79,266,2,4,51,4,5,65,48,166,84,112,77,242,4,46,42,10,34,16,13,162,225,289,189,236,269,314,171,191,,,260,171,,,115,59,200,235,118,230,272,197,183,220,265,2,5,5,176,177,101,19,27,245,199,310,222,,150,,,116,295,287,315,98,190,205,158,340,342,162,336,119,133,100,132,123,308,281,169,123,220,314,337,50,189,34,147,42,169,13,321,285,221,311,317,288,203,303,254,,,1,1,,,115,290,91,180,115,174,179,251,74,52,326,336,56,62,63,206,127,80,39,41,252,305,197,253,,1,,,b'\x11\xe8\xe1I\xca\xc7\x97f\xaf\x82\x12\xdf\x17\xaeN\x1e'
11E8E149-CAC7-9766-AF82-12DF17AE4E1E,2013-ncaa-d1-conf-WCC,ncaa,2,3,1,3,1,4,5,6,4,4,4,5,6,7,3,7,1,1,1,1,1,4,3,5,4,4,4,7,1,3,3,2,3,1,3,7,6,9,8,7,7,7,5,5,,,6,4,,,4,4,8,3,5,7,9,4,5,7,7,1,1,1,7,7,4,2,2,7,6,8,7,,3,,,4,5,8,8,3,3,3,6,8,9,3,9,2,2,2,2,4,7,8,5,3,4,8,8,2,5,3,3,3,3,3,9,9,6,6,8,5,4,9,8,,,1,1,,,4,7,4,4,4,4,3,6,3,1,8,9,1,1,1,3,3,4,2,3,8,8,4,8,,1,,,b'\x11\xe8\xe1I\xca\xc7\x97f\xaf\x82\x12\xdf\x17\xaeN\x1e'
11E8E149-CAC7-9766-AF82-12DF17AE4E1E,2013-ncaa-d1-natl,ncaa,56,65,27,69,36,64,138,128,162,124,97,210,190,228,79,266,2,4,49,4,4,78,58,171,86,113,75,241,4,53,46,12,38,16,14,175,229,279,191,242,285,315,185,193,,,250,177,,,124,65,201,233,120,235,276,199,187,220,267,2,5,5,185,182,106,19,28,250,200,310,224,,150,,,125,284,281,313,106,171,190,161,339,342,166,337,108,120,103,122,124,306,275,171,127,229,312,336,50,176,38,133,46,151,14,321,288,244,314,321,281,207,298,258,,,1,1,,,124,284,94,186,120,179,184,252,81,54,326,337,57,63,64,210,126,80,39,41,254,308,198,254,,1,,,b'\x11\xe8\xe1I\xca\xc7\x97f\xaf\x82\x12\xdf\x17\xaeN\x1e'
11E8E149-CAC7-9766-AF82-12DF17AE4E1E,2014-ncaa-d0-natl,ncaa,47,57,53,57,55,28,86,117,55,71,87,110,159,229,26,280,1,3,5,3,13,63,66,75,20,25,83,257,1,80,45,43,89,49,24,162,264,237,138,203,245,303,139,161,,,218,122,,,82,68,136,29,26,120,228,116,143,189,265,1,1,2,105,119,127,51,62,223,168,286,159,,140,,,85,326,320,314,164,236,249,140,342,331,306,311,195,175,233,183,139,309,288,218,207,265,310,330,94,230,89,72,45,124,24,310,247,207,302,302,285,206,280,215,,,3,2,,,82,288,22,254,79,267,263,302,162,173,332,325,142,126,136,281,216,152,16,30,273,284,229,246,,2,,,b'\x11\xe8\xe1I\xca\xc7\x97f\xaf\x82\x12\xdf\x17\xaeN\x1e'
11E8E149-CAC7-9766-AF82-12DF17AE4E1E,2014-ncaa-d1-conf-WCC,ncaa,4,4,3,4,3,4,7,5,9,7,6,9,6,6,3,8,1,1,1,1,2,3,4,8,2,3,2,8,1,5,3,2,4,3,3,7,8,6,4,8,9,9,6,6,,,2,3,,,5,4,5,2,4,7,6,6,6,6,6,1,1,1,4,4,5,2,3,8,4,9,7,,2,,,5,5,7,7,6,5,7,6,8,9,8,8,2,1,6,1,2,6,4,6,6,6,6,9,2,4,4,2,3,2,3,7,7,5,5,7,3,3,9,9,,,1,1,,,5,7,2,6,5,5,6,7,5,6,8,8,3,1,2,6,4,3,3,3,6,6,3,9,,1,,,b'\x11\xe8\xe1I\xca\xc7\x97f\xaf\x82\x12\xdf\x17\xaeN\x1e'
11E8E149-CAC7-9766-AF82-12DF17AE4E1E,2014-ncaa-d1-natl,ncaa,52,57,59,59,62,31,100,135,57,84,101,115,165,238,28,279,1,4,5,4,13,77,73,75,21,27,83,258,2,93,46,47,91,56,24,181,268,221,140,210,258,306,147,161,,,203,121,,,86,80,139,30,31,130,233,122,145,191,266,1,2,2,110,126,135,56,64,234,165,290,162,,142,,,90,322,311,309,171,223,233,149,339,329,308,311,186,169,237,177,140,305,280,230,215,276,309,330,95,205,91,50,46,99,24,305,247,230,302,306,265,207,278,220,,,3,2,,,86,279,23,269,84,274,268,302,167,175,333,325,142,130,137,282,218,153,18,32,274,283,230,248,,2,,,b'\x11\xe8\xe1I\xca\xc7\x97f\xaf\x82\x12\xdf\x17\xaeN\x1e'
11E8E149-CAC7-9766-AF82-12DF17AE4E1E,2015-ncaa-d0-natl,ncaa,43,67,26,66,28,51,104,180,51,53,106,53,270,276,213,305,1,2,60,2,2,87,57,96,36,100,174,319,1,73,21,16,11,26,5,191,284,345,316,313,157,207,196,199,,,187,86,,,141,52,217,40,111,224,337,123,219,303,314,1,4,4,257,184,142,28,48,273,313,225,253,,83,,,143,321,301,315,128,107,156,102,349,348,328,348,141,97,326,101,111,306,291,236,218,255,346,348,48,99,11,31,21,37,5,334,324,183,262,305,316,242,172,134,,,1,1,,,141,306,90,202,132,196,175,233,24,23,348,346,70,43,46,169,106,25,4,2,299,272,237,104,,1,,,b'\x11\xe8\xe1I\xca\xc7\x97f\xaf\x82\x12\xdf\x17\xaeN\x1e'
11E8E149-CAC7-9766-AF82-12DF17AE4E1E,2015-ncaa-d1-conf-WCC,ncaa,4,3,7,4,8,10,10,10,5,8,9,4,10,10,8,10,2,1,6,1,1,9,8,7,6,7,7,10,1,4,2,3,1,2,1,10,10,10,10,10,9,7,7,4,,,1,2,,,6,10,9,5,9,10,10,8,8,10,10,1,1,1,9,6,3,1,2,10,10,8,5,,1,,,6,2,2,4,3,1,1,3,9,9,8,10,1,1,7,1,2,1,1,5,4,3,10,10,1,1,1,1,2,1,1,4,10,9,7,8,4,7,3,5,,,1,1,,,6,1,6,3,6,3,4,5,1,1,10,10,1,1,1,2,1,1,1,1,6,8,7,4,,1,,,b'\x11\xe8\xe1I\xca\xc7\x97f\xaf\x82\x12\xdf\x17\xaeN\x1e'
11E8E149-CAC7-9766-AF82-12DF17AE4E1E,2015-ncaa-d1-natl,ncaa,47,67,30,68,32,61,132,227,54,68,120,59,285,287,211,304,1,2,57,2,1,112,66,101,38,104,173,318,1,86,23,21,10,28,5,212,285,343,321,317,172,221,218,207,,,164,87,,,156,56,222,40,119,232,338,129,223,303,315,1,4,4,263,189,153,31,55,290,316,237,254,,84,,,161,313,290,310,143,87,127,110,349,346,331,347,122,86,328,88,113,301,278,243,228,266,346,348,48,75,10,16,23,20,5,330,324,208,264,309,306,243,162,138,,,1,1,,,156,302,96,227,148,211,193,239,25,25,348,345,75,44,47,173,106,25,5,2,304,276,240,109,,1,,,b'\x11\xe8\xe1I\xca\xc7\x97f\xaf\x82\x12\xdf\x17\xaeN\x1e'
11E8E149-CAC7-9766-AF82-12DF17AE4E1E,2016-ncaa-d0-natl,ncaa,41,30,76,39,86,38,59,152,14,44,91,32,168,284,10,308,1,5,8,5,23,99,85,20,9,18,179,278,11,142,61,12,17,31,11,52,86,297,244,120,316,340,162,201,,,73,26,,,68,74,99,69,25,50,240,48,117,198,305,2,8,9,158,118,191,4,16,43,257,337,186,,38,,,68,298,296,319,86,162,238,77,345,346,255,337,123,102,265,93,67,311,267,140,124,248,326,339,55,132,17,26,61,45,11,324,307,307,340,341,316,276,244,175,,,5,1,,,68,281,22,206,65,250,243,327,120,179,343,343,95,72,63,307,228,88,12,26,307,337,285,218,,1,,,b'\x11\xe8\xe1I\xca\xc7\x97f\xaf\x82\x12\xdf\x17\xaeN\x1e'
11E8E149-CAC7-9766-AF82-12DF17AE4E1E,2016-ncaa-d1-conf-WCC,ncaa,2,2,3,2,5,2,1,8,1,1,4,1,5,9,1,8,2,4,1,4,3,7,7,1,1,1,7,7,3,7,4,1,1,1,1,2,3,6,8,4,9,9,8,9,,,1,1,,,1,7,5,7,1,1,9,2,4,7,10,1,4,4,9,6,6,1,1,2,7,9,7,,1,,,1,4,6,9,2,3,7,2,9,10,6,9,1,1,7,1,1,7,5,2,1,5,5,10,1,3,1,1,4,2,1,7,8,9,10,9,7,8,9,10,,,1,1,,,1,5,1,4,2,5,6,9,4,7,9,10,1,1,1,7,4,3,1,1,7,10,8,9,,1,,,b'\x11\xe8\xe1I\xca\xc7\x97f\xaf\x82\x12\xdf\x17\xaeN\x1e'
11E8E149-CAC7-9766-AF82-12DF17AE4E1E,2016-ncaa-d1-natl,ncaa,47,30,99,40,106,48,72,190,14,53,107,34,186,289,10,307,1,9,8,8,17,129,109,20,9,21,172,274,11,169,65,15,19,37,11,57,90,286,248,126,329,342,178,206,,,57,27,,,81,92,106,67,29,53,246,49,120,201,304,3,9,8,165,122,199,6,19,45,257,338,192,,41,,,78,281,273,315,94,149,214,84,343,344,256,338,113,85,273,79,71,302,245,157,138,256,325,339,58,108,19,11,65,27,11,321,307,321,340,341,301,279,237,179,,,5,1,,,81,267,23,217,74,256,250,329,131,184,343,343,99,77,65,312,224,91,13,26,308,337,286,226,,2,,,b'\x11\xe8\xe1I\xca\xc7\x97f\xaf\x82\x12\xdf\x17\xaeN\x1e'
11E8E149-CAC7-9766-AF82-12DF17AE4E1E,2017-ncaa-d0-natl,ncaa,93,111,45,111,58,53,61,91,43,39,54,64,214,249,113,298,11,15,85,15,48,71,35,72,51,98,251,303,35,41,11,32,24,25,4,54,107,342,304,213,220,275,137,145,,,216,113,,,102,40,75,230,67,79,210,45,90,256,288,14,22,22,149,52,65,31,21,76,321,271,167,,133,,,105,304,296,299,148,207,224,172,328,336,199,316,181,146,318,135,109,296,291,188,191,212,286,319,106,97,24,30,11,39,4,319,286,140,218,262,343,310,290,205,,,5,8,,,102,307,83,165,106,219,211,250,124,102,311,317,105,84,82,205,194,45,9,8,277,211,323,245,,4,,,b'\x11\xe8\xe1I\xca\xc7\x97f\xaf\x82\x12\xdf\x17\xaeN\x1e'
11E8E149-CAC7-9766-AF82-12DF17AE4E1E,2017-ncaa-d1-conf-WCC,ncaa,2,2,1,2,1,2,2,4,2,1,1,3,8,9,3,9,1,1,6,1,2,2,1,2,2,4,9,9,2,1,1,1,1,1,1,3,5,10,9,7,8,8,5,6,,,5,2,,,3,1,2,9,3,3,7,1,2,9,9,1,1,1,5,1,1,1,1,4,10,8,6,,2,,,3,8,9,10,6,7,9,5,9,9,8,8,1,1,6,1,1,10,10,6,5,4,5,8,1,3,1,1,1,1,1,9,7,5,6,7,10,10,9,7,,,1,1,,,3,10,4,4,3,4,5,8,5,6,9,9,1,1,1,5,7,1,1,1,8,5,10,9,,1,,,b'\x11\xe8\xe1I\xca\xc7\x97f\xaf\x82\x12\xdf\x17\xaeN\x1e'
11E8E149-CAC7-9766-AF82-12DF17AE4E1E,2017-ncaa-d1-natl,ncaa,104,111,56,111,79,62,74,115,48,47,62,68,229,259,115,294,14,22,85,21,52,90,42,77,52,104,248,302,32,53,12,39,26,31,4,63,113,340,308,224,242,282,152,153,,,198,119,,,110,48,80,228,72,92,215,48,97,256,288,14,23,23,160,57,73,33,24,81,320,280,171,,135,,,111,291,286,296,157,186,199,180,326,329,209,318,158,120,321,112,111,288,269,198,201,224,288,320,102,72,26,17,12,17,4,315,290,167,222,269,341,317,282,214,,,6,8,,,110,296,94,175,115,225,219,251,129,107,310,316,108,88,85,207,187,47,9,8,288,221,327,253,,4,,,b'\x11\xe8\xe1I\xca\xc7\x97f\xaf\x82\x12\xdf\x17\xaeN\x1e'
11E8E149-CAC7-9766-AF82-12DF17AE4E1E,2018-ncaa-d0-natl,ncaa,87,74,117,85,157,81,70,211,9,38,130,8,263,295,146,295,68,42,263,40,46,178,120,20,22,70,313,318,121,106,10,69,24,73,2,60,92,332,304,162,326,334,171,198,,,206,195,,,89,135,110,278,56,49,276,25,139,272,304,64,31,30,216,111,106,52,53,41,313,335,181,,194,,,87,215,207,251,101,165,221,93,249,254,202,233,198,177,286,175,142,247,187,122,126,217,247,238,177,60,24,2,10,3,2,220,200,267,296,278,309,285,166,134,,,4,2,,,89,222,59,178,85,191,185,245,150,203,245,245,190,157,156,234,156,56,1,1,194,296,292,158,,1,,,b'\x11\xe8\xe1I\xca\xc7\x97f\xaf\x82\x12\xdf\x17\xaeN\x1e'
11E8E149-CAC7-9766-AF82-12DF17AE4E1E,2018-ncaa-d1-conf-WCC,ncaa,2,2,6,2,7,4,4,9,1,4,8,1,8,9,6,8,5,5,7,5,1,9,8,1,1,3,9,8,6,5,1,3,1,3,1,3,4,10,10,7,10,10,5,5,,,4,5,,,2,9,7,5,3,3,9,2,8,8,9,5,2,2,9,6,4,2,1,1,10,10,5,,5,,,2,4,4,4,3,4,4,3,6,5,7,6,5,5,9,5,5,4,2,3,3,4,7,8,7,1,1,1,1,1,1,1,5,10,7,6,9,9,4,5,,,1,1,,,2,2,2,4,2,5,5,7,4,6,7,7,5,5,5,5,3,2,1,1,2,10,9,5,,1,,,b'\x11\xe8\xe1I\xca\xc7\x97f\xaf\x82\x12\xdf\x17\xaeN\x1e'
11E8E149-CAC7-9766-AF82-12DF17AE4E1E,2018-ncaa-d1-natl,ncaa,95,74,144,88,201,91,86,256,9,49,160,8,281,308,150,293,84,51,261,49,47,221,159,20,21,75,313,318,117,125,10,85,25,91,2,69,94,323,308,169,335,335,185,205,,,181,205,,,102,164,111,279,62,50,284,26,145,277,305,67,36,34,227,121,117,56,61,45,316,335,185,,195,,,98,189,180,226,113,144,188,109,234,230,216,228,184,158,289,154,142,223,140,132,143,233,247,237,178,40,25,1,10,1,2,210,205,292,304,285,298,289,159,148,,,4,2,,,102,192,61,197,94,200,192,246,161,211,247,241,194,160,160,238,149,56,1,1,203,299,297,169,,1,,,b'\x11\xe8\xe1I\xca\xc7\x97f\xaf\x82\x12\xdf\x17\xaeN\x1e'
11E8E149-CAC7-9766-AF82-12DF17AE4E1E,2019-ncaa-d0-natl,ncaa,78,93,47,93,51,28,25,86,8,39,155,6,33,59,16,88,150,152,182,143,152,86,57,5,8,27,157,86,320,153,93,15,38,32,12,23,115,334,262,117,314,338,50,119,,,127,46,,,62,42,96,66,23,20,164,47,252,41,88,213,212,207,184,124,219,7,37,26,272,332,66,,60,,,62,324,329,341,112,318,342,77,291,284,246,153,116,108,213,95,22,335,298,112,91,250,109,225,44,226,38,61,93,100,12,285,122,325,346,342,323,263,143,133,,,71,149,,,62,306,28,219,75,245,282,337,271,338,256,228,71,63,56,328,225,125,14,27,219,344,274,104,,127,,,b'\x11\xe8\xe1I\xca\xc7\x97f\xaf\x82\x12\xdf\x17\xaeN\x1e'
11E8E149-CAC7-9766-AF82-12DF17AE4E1E,2019-ncaa-d1-conf-WCC,ncaa,4,4,1,4,1,1,1,3,1,3,7,1,1,3,4,3,5,6,7,5,4,3,2,1,1,2,5,4,9,4,1,1,1,1,1,2,6,10,10,7,10,10,2,3,,,3,2,,,2,1,3,4,1,2,5,3,7,2,3,8,8,8,6,4,5,1,1,2,10,10,2,,2,,,2,7,8,10,3,8,10,3,3,6,3,2,3,4,3,4,1,10,10,2,2,4,2,2,2,5,1,1,1,3,1,5,2,10,10,7,9,8,5,7,,,1,4,,,2,10,2,4,3,4,6,9,6,10,3,4,2,2,2,9,6,4,1,2,5,10,9,4,,1,,,b'\x11\xe8\xe1I\xca\xc7\x97f\xaf\x82\x12\xdf\x17\xaeN\x1e'
11E8E149-CAC7-9766-AF82-12DF17AE4E1E,2019-ncaa-d1-natl,ncaa,93,92,62,99,68,37,33,117,9,50,194,7,41,79,16,84,178,175,178,168,154,117,77,6,8,29,151,88,319,190,105,23,40,43,18,33,117,320,271,121,326,339,60,121,,,106,44,,,75,58,105,60,33,23,176,57,257,45,91,215,219,215,196,130,227,7,40,30,275,332,69,,62,,,75,311,322,333,126,311,337,82,282,267,260,150,99,91,227,77,22,328,278,127,104,262,103,224,47,197,40,28,105,65,18,274,124,338,348,345,306,272,134,149,,,85,138,,,75,292,34,238,85,256,293,339,282,340,259,226,74,65,59,333,227,126,14,30,229,344,277,112,,130,,,b'\x11\xe8\xe1I\xca\xc7\x97f\xaf\x82\x12\xdf\x17\xaeN\x1e'
11E8E149-CAC7-9766-AF82-12DF17AE4E1E,2020-ncaa-d0-natl,ncaa,221,258,33,240,43,61,61,108,64,209,285,71,7,17,12,18,296,324,36,326,294,165,119,23,31,65,28,7,341,261,264,20,87,86,108,74,164,278,251,155,339,346,245,314,,,63,17,,,228,66,158,38,95,89,179,268,317,9,23,320,334,335,255,238,297,32,141,105,231,346,266,,25,,,226,337,347,349,241,343,349,192,302,282,295,139,73,49,295,47,9,348,296,233,192,329,59,193,10,224,87,157,264,186,108,243,46,347,351,345,335,333,158,228,,,288,326,,,228,308,89,314,217,311,335,349,331,345,277,234,48,30,29,335,217,173,83,116,208,349,318,132,,324,,,b'\x11\xe8\xe1I\xca\xc7\x97f\xaf\x82\x12\xdf\x17\xaeN\x1e'
11E8E149-CAC7-9766-AF82-12DF17AE4E1E,2020-ncaa-d1-conf-WCC,ncaa,7,7,3,7,4,4,5,6,3,10,10,2,1,1,2,1,8,9,1,9,5,6,6,1,1,1,1,1,8,10,10,1,5,2,6,6,7,9,10,8,10,10,7,8,,,2,1,,,8,5,4,2,3,6,9,10,10,1,1,8,9,9,9,8,10,2,4,6,9,10,7,,1,,,8,10,10,10,4,9,9,4,10,10,6,7,3,3,6,3,1,10,8,6,5,8,3,8,1,7,5,5,10,8,6,8,1,10,10,10,9,10,5,9,,,8,9,,,8,6,4,9,8,10,10,10,10,10,9,9,3,2,3,10,10,8,4,6,9,10,10,5,,9,,,b'\x11\xe8\xe1I\xca\xc7\x97f\xaf\x82\x12\xdf\x17\xaeN\x1e'
11E8E149-CAC7-9766-AF82-12DF17AE4E1E,2020-ncaa-d1-natl,ncaa,238,257,45,249,59,74,76,142,70,244,302,72,8,18,13,16,307,329,35,329,292,206,159,24,34,69,27,8,340,284,269,27,93,109,115,89,167,265,256,163,346,348,255,317,,,44,17,,,244,97,160,39,103,95,190,277,320,9,24,320,334,334,263,245,302,36,150,114,232,347,268,,24,,,242,332,347,348,254,342,347,202,293,266,298,135,64,44,299,42,8,344,267,244,205,332,55,194,10,203,93,140,269,163,115,235,48,348,351,346,331,336,147,237,,,303,323,,,244,283,96,321,229,314,337,350,333,346,281,231,47,31,30,336,215,176,84,119,214,349,319,135,,323,,,b'\x11\xe8\xe1I\xca\xc7\x97f\xaf\x82\x12\xdf\x17\xaeN\x1e'
11E8E149-CAC7-9766-AF82-12DF17AE4E1E,2021-ncaa-d0-natl,ncaa,225,329,43,280,51,108,77,78,123,105,122,101,45,47,109,55,223,228,181,233,297,100,49,98,125,218,120,51,321,78,114,68,113,69,84,88,187,341,321,279,105,194,130,259,,,205,51,,,311,51,130,192,204,155,217,226,270,81,83,319,324,324,268,162,182,180,190,179,324,192,207,,54,,,281,325,332,311,313,332,319,295,247,219,274,67,183,183,203,184,28,305,286,300,279,311,17,83,27,236,113,224,114,229,84,310,106,153,287,295,342,330,202,167,,,123,277,,,311,299,224,291,276,284,322,266,332,319,156,93,75,66,68,240,169,103,47,51,248,283,331,119,,263,,,b'\x11\xe8\xe1I\xca\xc7\x97f\xaf\x82\x12\xdf\x17\xaeN\x1e'
11E8E149-CAC7-9766-AF82-12DF17AE4E1E,2021-ncaa-d1-conf-WCC,ncaa,9,8,2,9,2,7,5,3,7,8,7,6,1,1,6,1,8,9,6,9,8,3,3,6,7,9,3,1,9,3,7,3,4,3,4,6,7,10,10,9,7,9,4,5,,,3,1,,,9,3,2,4,9,8,6,10,9,2,1,10,10,10,10,4,7,3,4,8,10,9,4,,1,,,9,10,10,10,9,10,10,9,6,5,8,2,2,2,3,2,1,9,9,8,8,9,2,3,1,8,4,8,7,7,4,7,2,8,9,8,10,10,7,8,,,7,9,,,9,9,9,9,9,10,10,10,9,10,5,4,2,1,1,10,8,5,7,6,7,9,10,5,,9,,,b'\x11\xe8\xe1I\xca\xc7\x97f\xaf\x82\x12\xdf\x17\xaeN\x1e'
11E8E149-CAC7-9766-AF82-12DF17AE4E1E,2021-ncaa-d1-natl,ncaa,230,329,50,285,56,116,90,91,126,116,138,108,50,55,109,56,235,238,183,244,299,114,64,101,127,221,117,51,322,87,120,83,122,79,88,97,192,341,322,287,118,204,139,262,,,194,51,,,316,58,135,184,214,159,222,232,274,81,84,319,323,324,273,167,188,188,195,188,325,200,211,,54,,,287,320,330,307,314,331,317,296,236,210,277,67,175,172,203,176,27,302,277,300,284,312,17,82,25,224,122,207,120,212,88,307,107,167,289,303,342,332,197,167,,,137,278,,,316,292,232,297,286,290,323,267,334,322,159,93,78,68,71,242,168,105,47,51,253,286,332,125,,265,,,b'\x11\xe8\xe1I\xca\xc7\x97f\xaf\x82\x12\xdf\x17\xaeN\x1e'
11E8E149-CAC7-9766-AF82-12DF17AE4E1E,2022-ncaa-d0-natl,ncaa,107,180,27,151,27,44,55,72,68,78,110,74,43,54,46,115,37,46,108,46,57,62,29,46,46,97,75,106,129,90,112,29,89,33,55,47,101,349,286,195,276,339,230,305,,,340,256,,,225,24,73,37,70,93,187,167,247,71,105,71,97,94,165,71,162,46,63,74,307,333,280,,283,,,219,352,350,343,215,336,333,193,345,336,296,210,332,328,187,326,208,346,332,230,241,322,248,247,184,276,89,234,112,261,55,315,108,253,344,328,356,344,263,205,,,37,158,,,225,332,106,310,213,319,305,323,268,286,319,293,273,279,271,337,269,163,56,88,233,333,346,176,,105,,,b'\x11\xe8\xe1I\xca\xc7\x97f\xaf\x82\x12\xdf\x17\xaeN\x1e'
11E8E149-CAC7-9766-AF82-12DF17AE4E1E,2022-ncaa-d1-conf-WCC,ncaa,5,5,4,6,4,5,5,4,4,5,7,5,3,4,1,4,4,5,5,5,6,5,2,3,3,6,3,3,7,5,4,2,4,3,3,6,8,9,9,8,10,10,6,8,,,7,5,,,6,3,2,1,3,4,6,5,6,3,4,5,6,6,6,3,4,1,3,6,9,10,7,,7,,,7,8,8,8,5,8,9,4,7,6,9,2,7,8,3,7,5,8,8,5,5,7,6,7,6,8,4,5,4,6,3,7,1,9,10,8,9,9,10,10,,,6,8,,,6,8,6,7,6,9,9,8,9,10,8,7,7,8,8,9,8,7,4,6,5,10,10,10,,5,,,b'\x11\xe8\xe1I\xca\xc7\x97f\xaf\x82\x12\xdf\x17\xaeN\x1e'
11E8E149-CAC7-9766-AF82-12DF17AE4E1E,2022-ncaa-d1-natl,ncaa,120,180,32,163,33,52,68,88,72,101,140,81,54,65,48,114,42,54,108,54,47,79,37,55,48,106,72,105,121,112,127,33,95,38,65,57,107,342,293,205,300,341,249,310,,,336,259,,,244,27,79,37,77,105,201,176,252,76,112,73,96,93,175,79,175,46,70,88,309,339,286,,286,,,239,351,349,342,233,328,329,203,344,328,304,209,321,323,199,319,215,343,329,249,253,334,245,245,181,261,95,214,127,232,65,308,109,290,343,333,356,344,254,217,,,48,149,,,244,330,120,322,232,330,319,329,277,289,320,294,278,281,276,339,265,164,59,93,239,335,347,180,,106,,,b'\x11\xe8\xe1I\xca\xc7\x97f\xaf\x82\x12\xdf\x17\xaeN\x1e'
11E8E149-CAC7-9766-AF82-12DF17AE4E1E,2023-ncaa-d0-natl,ncaa,195,239,116,226,127,174,161,149,168,190,214,186,105,115,97,105,266,275,185,280,281,174,137,147,160,190,123,87,305,204,216,119,190,137,185,107,62,293,276,173,263,308,133,157,,,196,154,,,246,126,169,66,194,178,203,227,239,98,119,292,296,303,240,186,235,110,169,107,273,285,139,,172,,,242,277,240,272,132,224,256,128,241,244,177,186,282,244,336,242,193,274,234,136,166,247,242,197,251,242,190,185,216,211,185,214,154,254,304,271,317,311,320,336,,,164,194,,,246,238,212,247,231,259,222,285,196,262,230,233,271,236,234,288,231,235,164,195,196,287,304,314,,187,,,b'\x11\xe8\xe1I\xca\xc7\x97f\xaf\x82\x12\xdf\x17\xaeN\x1e'
11E8E149-CAC7-9766-AF82-12DF17AE4E1E,2023-ncaa-d1-conf-WCC,ncaa,7,7,3,7,3,6,6,6,5,8,6,5,5,4,4,4,10,9,9,10,9,7,4,5,5,6,4,3,9,7,8,4,5,5,7,4,3,7,7,6,6,7,5,5,,,7,5,,,9,3,3,4,7,6,7,8,7,4,4,9,9,9,7,5,8,4,6,5,6,7,5,,6,,,9,9,6,8,3,5,7,2,8,6,6,6,10,9,9,9,8,9,9,4,4,7,9,7,9,7,5,8,8,7,7,6,5,6,9,7,8,9,10,10,,,9,9,,,9,9,7,7,8,6,5,7,5,8,8,6,10,9,9,10,7,7,7,8,5,7,8,10,,9,,,b'\x11\xe8\xe1I\xca\xc7\x97f\xaf\x82\x12\xdf\x17\xaeN\x1e'
11E8E149-CAC7-9766-AF82-12DF17AE4E1E,2023-ncaa-d1-natl,ncaa,219,239,151,238,165,208,199,196,179,224,245,194,115,136,102,109,285,298,182,303,281,229,196,155,164,201,123,89,302,242,225,152,196,176,195,127,66,275,284,186,293,317,148,162,,,167,160,,,271,176,175,62,214,201,219,242,246,105,123,296,304,308,252,198,240,119,190,118,277,301,146,,176,,,267,254,219,244,154,197,232,144,230,223,190,188,271,231,338,229,198,249,196,154,189,273,242,196,250,222,196,152,225,181,195,201,156,289,313,280,308,317,314,338,,,196,183,,,271,191,226,275,262,271,235,286,209,266,235,236,275,240,236,290,226,236,168,202,204,299,304,316,,187,,,b'\x11\xe8\xe1I\xca\xc7\x97f\xaf\x82\x12\xdf\x17\xaeN\x1e'
11E8E149-CAC7-9766-AF82-12DF17AE4E1E,2024-ncaa-d0-natl,ncaa,225,228,196,234,202,250,229,329,72,246,307,93,174,241,48,142,297,315,106,318,248,334,327,71,76,129,167,118,277,353,342,320,326,353,334,171,78,162,300,164,133,86,299,237,,,106,170,,,245,293,335,51,255,237,352,255,317,162,229,310,315,321,354,352,356,342,359,145,184,115,299,,132,,,247,152,109,91,236,28,13,267,329,310,296,356,128,103,305,104,275,81,83,303,296,285,350,354,149,229,326,45,342,92,334,295,354,195,132,275,239,318,63,164,,,329,268,,,245,66,185,307,251,189,139,83,36,6,345,341,156,129,130,65,66,258,54,123,314,172,263,73,,336,,,b'\x11\xe8\xe1I\xca\xc7\x97f\xaf\x82\x12\xdf\x17\xaeN\x1e'
11E8E149-CAC7-9766-AF82-12DF17AE4E1E,2024-ncaa-d1-conf-WCC,ncaa,6,6,6,6,6,7,7,9,4,8,8,5,5,6,3,5,8,9,4,9,6,9,9,4,4,4,4,4,6,9,9,7,8,9,9,7,4,4,8,7,3,2,9,8,,,4,3,,,7,8,7,1,7,7,9,8,8,3,6,7,8,9,9,9,9,7,9,7,6,2,9,,4,,,7,4,3,2,6,1,1,4,8,8,8,9,4,4,5,4,8,2,3,7,7,7,9,9,4,7,8,3,9,5,9,6,8,5,3,6,6,8,4,7,,,8,6,,,7,2,7,8,7,7,4,4,1,1,9,9,4,4,4,4,5,7,5,7,6,3,8,4,,8,,,b'\x11\xe8\xe1I\xca\xc7\x97f\xaf\x82\x12\xdf\x17\xaeN\x1e'
11E8E149-CAC7-9766-AF82-12DF17AE4E1E,2024-ncaa-d1-natl,ncaa,235,230,194,237,202,252,231,338,64,248,311,86,187,251,56,160,303,316,88,321,263,345,341,67,71,123,183,132,282,358,345,333,341,355,343,157,72,171,302,161,133,87,316,250,,,122,199,,,262,308,337,50,258,234,353,240,312,178,239,308,320,326,357,355,357,352,361,138,188,120,313,,144,,,262,170,130,83,251,33,13,286,332,314,300,355,157,118,320,120,283,74,75,308,305,305,352,351,156,257,341,35,345,100,343,304,357,196,137,283,238,322,68,162,,,336,270,,,262,49,184,322,266,200,160,88,40,9,347,342,167,141,140,75,73,280,56,134,321,180,258,82,,338,,,b'\x11\xe8\xe1I\xca\xc7\x97f\xaf\x82\x12\xdf\x17\xaeN\x1e'
11E8E149-CAC7-9766-AF82-12DF17AE4E1E,2025-ncaa-d0-natl,genius_ncaa,184,199,135,197,135,191,155,222,84,121,149,100,269,292,142,279,273,300,83,307,338,241,234,117,120,148,317,270,282,321,311,231,262,283,282,93,42,203,251,114,89,67,181,133,,,282,313,,76,193,198,291,8,227,160,287,105,154,274,314,299,325,329,315,306,333,273,329,72,195,80,195,,284,,74,192,173,132,139,170,72,58,233,266,289,162,324,234,213,273,209,288,148,188,214,230,177,317,292,251,214,262,133,311,172,282,308,358,107,88,216,315,336,91,89,,,303,302,,255,193,168,194,194,190,156,109,96,66,30,268,291,230,207,201,102,126,216,112,145,304,103,307,94,,324,,268,b'\x11\xe8\xe1I\xca\xc7\x97f\xaf\x82\x12\xdf\x17\xaeN\x1e'
11E8E149-CAC7-9766-AF82-12DF17AE4E1E,2025-ncaa-d1-conf-WCC,genius_ncaa,7,6,8,7,8,7,6,10,1,4,4,2,10,10,6,9,8,9,2,9,10,10,10,3,3,5,9,9,8,10,8,10,9,11,9,3,2,6,8,3,3,2,7,7,,,8,10,,4,7,9,6,3,7,5,9,3,4,9,10,6,8,9,10,10,10,9,10,3,8,3,7,,10,,5,7,2,2,1,8,3,1,9,8,10,5,10,6,5,8,5,9,1,4,9,9,7,9,8,5,6,9,2,8,4,9,11,11,4,3,7,9,10,4,3,,,10,8,,9,7,4,6,7,7,5,5,4,4,1,9,10,7,5,5,3,8,7,4,5,11,3,10,4,,9,,8,b'\x11\xe8\xe1I\xca\xc7\x97f\xaf\x82\x12\xdf\x17\xaeN\x1e'
11E8E149-CAC7-9766-AF82-12DF17AE4E1E,2025-ncaa-d1-natl,genius_ncaa,193,199,172,204,173,229,183,272,90,141,182,115,276,309,146,279,290,314,85,319,339,289,287,124,126,158,315,273,281,328,317,272,270,314,299,106,44,172,260,123,102,77,207,140,,,263,321,,67,217,250,295,8,243,175,298,117,161,280,316,300,326,330,318,308,332,282,335,76,196,90,201,,286,,73,218,148,111,100,188,55,35,248,254,269,177,323,221,198,281,195,289,98,137,225,244,198,315,289,255,202,270,101,317,138,299,296,358,127,99,225,299,339,86,89,,,321,302,,265,217,122,206,208,215,169,118,98,73,31,270,289,235,212,207,102,123,226,118,154,312,114,314,100,,326,,263,b'\x11\xe8\xe1I\xca\xc7\x97f\xaf\x82\x12\xdf\x17\xaeN\x1e'
11E8E149-CAC7-9766-AF82-12DF17AE4E1E,2026-ncaa-d0-natl,genius_ncaa,87,152,49,136,50,169,152,216,73,109,141,101,278,302,147,319,201,240,63,230,305,220,149,104,106,235,344,319,230,232,175,156,213,190,140,140,125,359,356,287,72,77,134,126,,,232,188,,141,210,131,350,15,298,257,361,170,253,339,353,300,322,322,362,345,323,299,336,199,338,105,188,,121,,89,205,208,187,206,145,186,160,225,196,267,66,274,252,235,296,241,252,202,238,146,171,107,210,162,258,239,213,83,175,134,140,300,350,60,60,157,359,352,150,123,,,179,252,,113,210,236,257,114,205,66,54,29,69,22,90,180,177,133,141,23,38,133,7,18,230,105,330,85,,314,,175,b'\x11\xe8\xe1I\xca\xc7\x97f\xaf\x82\x12\xdf\x17\xaeN\x1e'
11E8E149-CAC7-9766-AF82-12DF17AE4E1E,2026-ncaa-d1-natl,genius_ncaa,38,152,2,113,2,117,90,98,106,59,52,122,240,235,213,286,151,185,69,179,312,118,44,138,140,241,341,305,238,109,118,56,167,67,110,63,89,361,352,261,42,69,128,155,,,301,158,,108,181,36,354,19,295,256,354,181,235,327,344,302,333,329,357,338,271,273,297,180,327,113,227,,100,,55,185,285,259,306,116,229,230,182,285,326,88,300,279,260,262,261,231,303,325,132,145,104,249,232,223,273,167,191,118,228,110,338,358,28,77,187,361,353,173,96,,,115,271,,105,181,330,249,102,185,49,41,30,49,19,126,198,133,110,111,18,28,97,12,20,232,132,335,71,,324,,186,b'\x11\xe8\xe1I\xca\xc7\x97f\xaf\x82\x12\xdf\x17\xaeN\x1e'
11E8E149-CACC-7E52-AF82-12DF17AE4E1E,2010-ncaa-d0-natl,ncaa,242,251,178,251,226,295,290,275,289,206,105,315,336,342,168,343,189,216,101,216,291,275,237,310,297,305,307,331,45,92,15,231,134,181,31,318,307,272,306,329,156,98,63,29,,,244,327,,,238,275,289,283,318,309,298,208,67,336,343,178,212,212,292,243,62,240,144,330,281,140,48,,279,,,237,34,11,29,46,19,39,53,38,78,41,139,311,282,332,276,323,55,70,39,127,88,301,87,343,61,134,13,15,18,31,16,121,171,84,33,289,303,284,251,,,228,173,,,238,78,283,84,237,41,10,13,23,33,44,80,322,293,283,32,45,73,13,16,19,148,289,295,,217,,,b'\x11\xe8\xe1I\xca\xcc~R\xaf\x82\x12\xdf\x17\xaeN\x1e'
11E8E149-CACC-7E52-AF82-12DF17AE4E1E,2010-ncaa-d1-conf-MAAC,ncaa,8,8,7,8,9,9,9,9,8,5,3,8,10,10,6,10,5,5,5,5,8,9,7,9,9,9,10,10,4,3,1,8,4,5,1,10,10,10,10,10,5,3,4,3,,,8,10,,,9,10,6,8,9,8,8,5,1,10,10,5,5,5,8,3,3,8,3,10,10,4,3,,9,,,9,1,1,1,3,1,1,4,3,2,4,7,10,10,10,10,10,1,1,3,6,5,10,3,10,3,4,1,1,1,1,1,5,6,3,1,9,10,4,3,,,7,5,,,9,2,9,5,9,3,1,1,2,1,3,5,10,10,10,1,3,3,1,1,3,4,9,5,,5,,,b'\x11\xe8\xe1I\xca\xcc~R\xaf\x82\x12\xdf\x17\xaeN\x1e'
11E8E149-CACC-7E52-AF82-12DF17AE4E1E,2010-ncaa-d1-natl,ncaa,250,251,191,257,258,310,306,296,291,221,115,318,337,343,168,342,194,228,101,228,290,297,261,311,301,309,308,330,42,100,15,252,140,193,31,329,310,262,309,331,167,106,66,30,,,229,327,,,243,305,292,285,319,312,299,214,69,337,342,178,213,213,294,247,65,246,148,333,283,149,49,,280,,,243,23,5,13,48,10,27,55,33,67,44,139,308,274,334,266,324,30,39,41,130,98,301,87,343,52,140,8,15,11,31,11,122,191,91,35,279,305,281,256,,,243,171,,,243,47,291,95,241,46,10,14,24,32,44,78,321,296,286,33,43,75,13,17,19,156,288,301,,218,,,b'\x11\xe8\xe1I\xca\xcc~R\xaf\x82\x12\xdf\x17\xaeN\x1e'
11E8E149-CACC-7E52-AF82-12DF17AE4E1E,2011-ncaa-d0-natl,ncaa,309,325,119,318,142,289,286,165,339,234,76,341,313,311,289,313,170,199,114,202,304,171,152,339,335,331,249,303,42,113,179,286,284,227,286,316,312,239,242,321,138,133,156,112,,,322,338,,,324,166,226,192,325,323,200,266,67,326,323,193,222,228,220,191,125,321,278,335,228,144,163,,324,,,316,228,119,71,236,80,35,248,235,202,268,229,325,327,148,329,340,139,169,272,297,254,331,225,323,183,284,271,179,258,286,171,237,110,92,134,213,218,324,286,,,187,198,,,324,175,326,256,319,196,109,35,71,21,242,193,317,325,325,105,122,164,273,238,167,116,212,323,,205,,,b'\x11\xe8\xe1I\xca\xcc~R\xaf\x82\x12\xdf\x17\xaeN\x1e'
11E8E149-CACC-7E52-AF82-12DF17AE4E1E,2011-ncaa-d1-conf-MAAC,ncaa,8,8,3,8,4,9,7,4,10,3,1,10,9,9,8,9,3,4,5,4,10,4,2,9,9,9,9,9,3,2,3,7,8,6,8,9,10,8,7,8,5,5,5,5,,,10,8,,,8,3,2,7,9,8,3,2,1,9,9,4,3,3,4,3,3,8,6,9,8,5,5,,9,,,8,8,8,6,9,7,4,10,6,6,6,5,9,10,4,10,10,7,9,9,8,8,5,4,8,7,8,8,3,9,8,7,5,4,5,6,6,5,10,8,,,4,7,,,8,8,9,8,8,8,7,5,7,5,6,5,8,10,10,6,6,8,9,8,6,3,6,10,,3,,,b'\x11\xe8\xe1I\xca\xcc~R\xaf\x82\x12\xdf\x17\xaeN\x1e'
11E8E149-CACC-7E52-AF82-12DF17AE4E1E,2011-ncaa-d1-natl,ncaa,317,325,132,321,163,300,296,192,340,255,84,342,322,317,291,312,187,213,114,217,306,198,179,341,337,332,245,302,43,126,182,301,289,243,293,326,315,230,241,325,150,140,163,116,,,318,338,,,324,201,226,190,328,324,203,275,68,325,321,193,225,231,221,197,128,322,279,336,230,151,167,,327,,,321,212,105,53,240,70,25,250,225,188,272,228,322,324,151,326,341,112,139,276,300,262,332,222,324,166,289,256,182,243,293,160,238,126,98,141,200,221,320,291,,,204,196,,,324,142,327,264,322,202,111,36,74,22,242,195,320,325,327,112,124,167,276,243,168,119,213,325,,205,,,b'\x11\xe8\xe1I\xca\xcc~R\xaf\x82\x12\xdf\x17\xaeN\x1e'
11E8E149-CACC-7E52-AF82-12DF17AE4E1E,2012-ncaa-d0-natl,ncaa,316,334,120,326,145,277,246,106,335,181,65,331,306,244,338,264,256,226,263,227,310,123,100,334,336,333,296,293,157,48,86,210,194,120,160,290,284,280,242,311,158,163,109,86,,,296,309,,,309,136,156,209,309,293,95,200,55,315,250,265,246,250,132,86,45,261,118,315,268,166,109,,299,,,302,221,149,142,195,109,118,143,260,187,315,188,313,309,246,307,313,183,194,215,260,227,317,250,300,149,194,279,86,232,160,230,274,129,127,175,225,185,330,297,,,208,295,,,309,205,322,221,306,221,144,102,99,86,247,185,310,302,299,150,165,145,270,223,226,129,220,331,,246,,,b'\x11\xe8\xe1I\xca\xcc~R\xaf\x82\x12\xdf\x17\xaeN\x1e'
11E8E149-CACC-7E52-AF82-12DF17AE4E1E,2012-ncaa-d1-conf-MAAC,ncaa,9,9,3,9,5,8,5,1,9,2,1,9,10,9,10,10,6,3,8,3,9,2,1,10,10,10,10,10,6,1,1,4,2,1,1,10,10,9,5,10,7,7,3,3,,,10,10,,,9,3,1,6,9,7,1,1,1,10,10,7,5,5,2,1,1,6,1,10,9,7,3,,10,,,9,9,7,7,7,6,6,3,8,4,9,3,9,10,4,10,8,8,8,6,7,6,9,6,9,4,2,7,1,7,1,7,4,5,6,5,8,5,10,9,,,3,9,,,9,8,9,7,9,7,6,6,5,6,8,4,9,10,10,7,8,3,8,7,4,6,7,10,,4,,,b'\x11\xe8\xe1I\xca\xcc~R\xaf\x82\x12\xdf\x17\xaeN\x1e'
11E8E149-CACC-7E52-AF82-12DF17AE4E1E,2012-ncaa-d1-natl,ncaa,324,333,137,328,169,290,269,124,335,202,70,332,311,254,339,264,269,247,262,248,310,144,112,334,336,334,294,290,155,54,91,246,200,137,168,303,290,272,246,316,174,165,117,87,,,290,310,,,312,166,159,200,314,297,99,210,58,312,251,266,247,251,136,89,47,266,128,317,271,173,110,,300,,,307,206,131,111,202,87,95,148,251,170,319,187,311,303,248,302,315,151,162,219,265,236,315,249,301,138,200,270,91,209,168,218,275,147,132,182,213,189,330,303,,,233,292,,,312,172,325,228,308,224,149,102,106,89,247,185,309,303,301,154,165,147,275,229,228,138,218,332,,248,,,b'\x11\xe8\xe1I\xca\xcc~R\xaf\x82\x12\xdf\x17\xaeN\x1e'
11E8E149-CACC-7E52-AF82-12DF17AE4E1E,2013-ncaa-d0-natl,ncaa,339,342,183,341,218,300,304,192,339,319,241,339,183,115,293,91,273,265,199,266,225,209,180,334,335,332,70,97,150,228,286,265,301,260,322,319,287,260,268,324,123,122,146,117,,,219,220,,,338,166,99,179,318,322,162,323,238,174,93,269,262,262,193,152,222,274,262,327,279,105,140,,255,,,337,275,248,174,300,210,84,303,299,272,281,285,281,263,256,267,299,197,198,313,321,301,290,276,219,240,301,304,286,298,322,297,295,156,153,253,244,247,139,172,,,303,326,,,338,177,334,311,337,309,277,206,227,102,306,293,288,275,278,242,253,264,325,322,305,133,258,155,,304,,,b'\x11\xe8\xe1I\xca\xcc~R\xaf\x82\x12\xdf\x17\xaeN\x1e'
11E8E149-CACC-7E52-AF82-12DF17AE4E1E,2013-ncaa-d1-conf-MAAC,ncaa,10,10,7,10,9,7,8,3,10,10,4,10,5,5,7,5,8,8,7,8,8,6,4,10,10,10,5,4,7,5,7,10,9,8,9,10,10,6,5,9,5,4,6,4,,,8,9,,,10,4,1,6,6,7,1,8,3,5,4,8,8,7,2,2,4,9,7,10,6,2,5,,9,,,10,10,9,4,10,9,4,10,8,5,10,5,9,9,3,10,10,5,4,10,10,10,5,6,6,5,9,10,7,9,9,10,9,6,5,10,6,6,5,3,,,10,10,,,10,6,9,10,10,10,10,9,9,6,8,7,9,10,10,9,9,6,10,10,10,4,8,6,,10,,,b'\x11\xe8\xe1I\xca\xcc~R\xaf\x82\x12\xdf\x17\xaeN\x1e'
11E8E149-CACC-7E52-AF82-12DF17AE4E1E,2013-ncaa-d1-natl,ncaa,340,342,210,341,254,315,322,215,339,327,263,340,188,122,292,91,278,270,197,271,222,233,206,335,336,334,66,93,142,245,292,287,304,284,323,325,291,249,269,328,141,132,153,120,,,205,225,,,339,185,101,172,320,324,168,324,241,172,93,269,259,261,196,154,228,279,264,330,279,113,144,,256,,,338,268,240,157,302,191,68,306,296,266,286,284,276,254,260,256,300,175,178,316,324,305,289,273,220,231,304,299,292,291,323,292,295,170,161,259,228,247,136,179,,,317,326,,,339,157,337,317,337,312,281,208,232,106,305,292,293,278,281,244,252,266,326,324,307,137,257,160,,305,,,b'\x11\xe8\xe1I\xca\xcc~R\xaf\x82\x12\xdf\x17\xaeN\x1e'
11E8E149-CACC-7E52-AF82-12DF17AE4E1E,2014-ncaa-d0-natl,ncaa,342,345,180,345,234,343,342,340,324,337,325,323,273,257,273,145,329,314,322,313,169,339,332,318,326,341,142,141,178,323,307,249,53,306,192,337,272,266,345,340,349,349,279,258,,,76,242,,,339,331,343,213,348,347,347,345,323,269,252,331,313,314,346,343,330,247,319,342,286,349,278,,85,,,338,73,80,57,228,92,61,239,129,116,182,194,103,101,225,94,175,39,14,225,232,315,160,181,172,14,53,81,307,24,192,93,155,345,336,324,273,337,116,267,,,315,156,,,339,19,343,284,342,98,111,41,127,55,142,127,130,111,106,33,5,18,103,40,116,347,279,126,,321,,,b'\x11\xe8\xe1I\xca\xcc~R\xaf\x82\x12\xdf\x17\xaeN\x1e'
11E8E149-CACC-7E52-AF82-12DF17AE4E1E,2014-ncaa-d1-conf-MAAC,ncaa,11,11,7,11,11,11,11,11,11,11,11,11,10,7,10,6,10,11,10,10,7,11,10,11,11,11,6,5,5,8,7,9,1,10,5,11,9,9,11,11,11,11,11,11,,,5,8,,,11,10,10,11,11,11,11,11,10,10,6,10,10,9,11,10,8,9,10,11,10,11,11,,5,,,11,4,3,1,9,7,4,9,3,5,4,5,5,6,6,6,5,1,1,9,9,10,4,4,6,1,1,3,7,1,5,4,4,11,11,11,11,11,7,9,,,10,7,,,11,2,11,10,11,4,6,2,9,5,6,5,6,6,6,1,1,1,4,1,4,11,11,8,,9,,,b'\x11\xe8\xe1I\xca\xcc~R\xaf\x82\x12\xdf\x17\xaeN\x1e'
11E8E149-CACC-7E52-AF82-12DF17AE4E1E,2014-ncaa-d1-natl,ncaa,344,344,211,346,283,347,347,347,325,343,331,323,281,269,275,144,334,320,323,319,170,347,341,319,329,341,143,140,176,333,310,274,54,323,200,342,276,247,345,340,349,349,287,262,,,58,243,,,340,342,344,216,348,347,348,346,323,270,253,332,313,312,348,343,332,256,321,342,286,349,279,,86,,,339,61,67,33,233,76,41,248,117,102,189,194,98,89,228,83,177,21,6,235,241,317,159,179,169,10,54,58,310,14,200,83,155,347,337,325,253,337,110,273,,,326,155,,,340,9,343,296,342,103,116,40,133,55,141,125,132,113,108,33,4,17,102,40,123,347,279,131,,322,,,b'\x11\xe8\xe1I\xca\xcc~R\xaf\x82\x12\xdf\x17\xaeN\x1e'
11E8E149-CACC-7E52-AF82-12DF17AE4E1E,2015-ncaa-d0-natl,ncaa,320,338,113,330,159,322,310,268,326,264,168,326,306,296,308,276,300,297,233,295,304,277,248,333,333,339,289,270,169,232,237,145,141,186,195,289,176,252,305,307,322,329,200,218,,,187,252,,,335,251,318,270,347,342,323,292,193,314,306,320,315,316,333,318,260,160,229,319,240,336,217,,165,,,330,179,180,203,169,161,195,142,229,200,265,197,167,167,151,162,142,196,109,174,170,269,212,247,150,170,141,176,237,185,195,165,146,328,331,311,257,301,215,217,,,276,240,,,335,102,337,276,335,157,161,174,140,167,229,191,141,151,146,158,42,149,155,160,150,337,246,203,,314,,,b'\x11\xe8\xe1I\xca\xcc~R\xaf\x82\x12\xdf\x17\xaeN\x1e'
11E8E149-CACC-7E52-AF82-12DF17AE4E1E,2015-ncaa-d1-conf-MAAC,ncaa,10,10,3,10,7,9,9,8,8,8,2,9,11,11,8,11,4,4,6,4,5,8,6,9,9,9,10,10,3,7,9,6,4,7,6,11,11,8,9,10,11,10,9,11,,,9,11,,,10,7,8,10,10,10,9,9,3,11,11,5,5,5,10,9,8,6,6,11,8,11,10,,9,,,10,10,11,7,8,9,6,7,6,5,9,5,7,7,6,7,5,7,6,8,8,10,7,6,6,6,4,7,9,6,6,6,5,11,11,11,10,10,5,5,,,6,6,,,10,5,10,10,10,9,9,7,7,6,7,5,7,7,7,7,3,4,6,5,7,11,10,5,,7,,,b'\x11\xe8\xe1I\xca\xcc~R\xaf\x82\x12\xdf\x17\xaeN\x1e'
11E8E149-CACC-7E52-AF82-12DF17AE4E1E,2015-ncaa-d1-natl,ncaa,324,338,143,335,196,340,328,305,331,294,191,332,310,303,311,275,316,310,233,309,304,307,288,335,335,340,285,270,164,258,248,174,149,221,202,311,182,239,310,312,332,333,222,225,,,164,257,,,337,294,320,272,347,344,325,300,197,315,308,323,315,315,333,319,264,164,232,328,243,337,220,,168,,,333,149,161,173,182,137,165,147,218,186,271,195,148,144,153,141,143,162,68,187,177,282,212,247,147,153,149,148,248,152,202,148,148,340,333,316,244,303,201,223,,,301,239,,,337,59,339,286,337,164,175,177,148,172,231,191,143,154,150,159,42,148,158,161,154,339,247,208,,315,,,b'\x11\xe8\xe1I\xca\xcc~R\xaf\x82\x12\xdf\x17\xaeN\x1e'
11E8E149-CACC-7E52-AF82-12DF17AE4E1E,2016-ncaa-d0-natl,ncaa,325,338,175,335,209,332,308,259,308,228,155,299,332,308,343,281,334,331,249,332,344,283,261,331,338,341,335,315,262,251,264,154,101,190,170,259,139,240,297,281,306,296,153,157,,,89,148,,,320,265,279,198,343,322,273,230,137,334,315,337,333,333,312,293,248,110,179,270,249,312,148,,104,,,320,122,133,151,144,145,183,139,129,131,158,140,147,136,165,134,137,150,77,129,129,230,138,155,177,102,101,176,264,138,170,121,142,332,327,294,340,344,190,176,,,336,336,,,320,77,342,224,324,156,163,178,182,205,143,150,166,165,156,180,61,122,202,162,141,338,336,199,,338,,,b'\x11\xe8\xe1I\xca\xcc~R\xaf\x82\x12\xdf\x17\xaeN\x1e'
11E8E149-CACC-7E52-AF82-12DF17AE4E1E,2016-ncaa-d1-conf-MAAC,ncaa,11,11,8,11,9,11,11,10,9,7,6,9,11,11,11,11,11,11,9,11,11,11,10,10,11,11,11,11,8,8,8,6,3,8,6,9,5,6,10,9,9,7,6,6,,,4,5,,,11,10,9,3,11,10,8,4,2,11,11,11,11,11,10,9,8,5,7,9,8,8,6,,5,,,11,6,6,5,7,7,7,8,3,2,6,4,5,5,8,5,5,3,2,6,6,10,4,5,6,3,3,5,8,3,6,2,2,11,11,10,10,11,7,7,,,11,10,,,11,2,11,10,11,7,6,7,8,8,3,4,5,5,5,7,2,3,7,5,4,11,11,7,,11,,,b'\x11\xe8\xe1I\xca\xcc~R\xaf\x82\x12\xdf\x17\xaeN\x1e'
11E8E149-CACC-7E52-AF82-12DF17AE4E1E,2016-ncaa-d1-natl,ncaa,332,337,218,336,260,342,328,296,316,252,191,305,335,321,344,280,337,334,249,335,344,318,304,336,340,341,333,313,261,275,266,181,107,228,182,283,147,214,301,290,322,304,168,164,,,70,151,,,323,306,282,181,344,331,279,233,141,334,315,337,333,333,316,296,257,118,196,279,250,317,155,,109,,,324,102,108,115,157,131,148,153,112,105,166,137,129,118,174,117,142,119,39,145,144,242,138,150,176,84,107,146,266,100,182,110,144,340,330,302,338,344,179,181,,,342,334,,,323,41,343,234,327,169,174,182,185,207,147,149,172,168,162,182,61,122,206,166,148,339,340,213,,338,,,b'\x11\xe8\xe1I\xca\xcc~R\xaf\x82\x12\xdf\x17\xaeN\x1e'
11E8E149-CACC-7E52-AF82-12DF17AE4E1E,2017-ncaa-d0-natl,ncaa,337,344,168,342,212,312,315,285,309,314,272,313,208,214,199,144,303,313,148,315,287,301,269,299,300,311,112,118,197,279,285,241,175,269,255,294,204,279,320,309,294,291,190,171,,,149,208,,,332,261,278,228,334,329,316,332,282,198,204,311,319,323,333,299,285,253,297,310,283,300,194,,158,,,329,223,220,143,296,182,112,300,242,218,269,246,205,205,156,197,229,151,84,307,307,328,227,232,171,100,175,177,285,142,255,228,197,309,301,309,312,334,234,292,,,277,236,,,332,94,321,321,331,255,250,150,213,107,258,227,216,217,213,170,67,122,188,169,238,319,309,245,,300,,,b'\x11\xe8\xe1I\xca\xcc~R\xaf\x82\x12\xdf\x17\xaeN\x1e'
11E8E149-CACC-7E52-AF82-12DF17AE4E1E,2017-ncaa-d1-conf-MAAC,ncaa,11,11,8,11,11,11,11,11,10,10,8,10,9,10,7,7,10,10,3,10,10,10,10,11,10,11,5,6,6,7,8,9,10,10,10,11,9,7,9,11,9,9,5,2,,,4,6,,,11,10,8,11,11,11,9,10,8,9,8,8,10,10,9,7,7,9,9,11,9,9,5,,5,,,11,8,8,4,10,6,4,10,8,7,9,6,7,8,5,8,8,4,1,10,11,11,7,6,7,6,10,6,8,7,10,6,5,10,10,8,10,11,7,8,,,9,7,,,11,1,11,10,11,9,9,7,9,6,9,7,9,9,9,8,3,9,9,9,6,10,10,7,,9,,,b'\x11\xe8\xe1I\xca\xcc~R\xaf\x82\x12\xdf\x17\xaeN\x1e'
11E8E149-CACC-7E52-AF82-12DF17AE4E1E,2017-ncaa-d1-natl,ncaa,342,344,217,344,282,329,332,321,315,331,300,320,224,226,199,144,315,326,148,328,285,328,315,302,302,313,110,114,194,300,289,278,180,309,269,316,208,259,323,317,313,296,205,174,,,119,213,,,334,309,280,227,336,332,322,334,286,202,205,314,321,324,335,304,291,264,305,314,284,305,200,,161,,,334,196,189,96,307,167,76,310,227,190,282,246,179,190,165,185,231,100,33,319,318,332,221,230,169,73,180,139,289,103,269,210,199,328,306,312,302,335,227,294,,,309,236,,,334,45,323,326,334,262,261,154,228,110,262,224,218,222,216,174,65,122,196,174,248,321,312,253,,302,,,b'\x11\xe8\xe1I\xca\xcc~R\xaf\x82\x12\xdf\x17\xaeN\x1e'
11E8E149-CACC-7E52-AF82-12DF17AE4E1E,2018-ncaa-d0-natl,ncaa,329,336,164,330,172,328,320,272,338,294,209,335,298,275,297,235,290,277,269,276,266,281,212,335,337,345,219,227,128,133,99,243,304,190,206,252,65,341,340,328,229,242,127,137,,,231,242,,,335,232,257,54,342,338,303,306,203,310,278,295,277,277,309,199,107,239,176,269,333,224,115,,253,,,331,174,147,166,153,165,203,122,142,108,217,95,262,272,111,277,266,185,171,147,161,189,200,140,260,295,304,100,99,183,206,118,98,202,207,165,348,348,139,168,,,239,220,,,335,135,343,231,329,202,175,190,197,233,151,117,270,282,287,224,218,311,125,211,124,193,348,152,,227,,,b'\x11\xe8\xe1I\xca\xcc~R\xaf\x82\x12\xdf\x17\xaeN\x1e'
11E8E149-CACC-7E52-AF82-12DF17AE4E1E,2018-ncaa-d1-conf-MAAC,ncaa,11,11,8,11,9,11,11,11,11,10,7,11,11,11,11,8,8,7,9,7,8,10,8,11,11,11,9,9,5,4,3,10,11,8,7,11,7,10,10,11,9,9,6,4,,,7,8,,,11,9,8,9,11,11,11,10,6,11,10,8,7,7,9,5,3,9,5,11,10,9,4,,10,,,11,8,6,5,9,5,5,8,8,6,9,4,9,8,10,9,7,5,5,9,9,10,8,6,8,8,11,4,3,5,7,6,3,7,8,7,11,11,5,6,,,7,7,,,11,3,11,10,11,10,9,8,7,7,8,7,9,8,9,8,9,11,5,8,7,6,11,6,,7,,,b'\x11\xe8\xe1I\xca\xcc~R\xaf\x82\x12\xdf\x17\xaeN\x1e'
11E8E149-CACC-7E52-AF82-12DF17AE4E1E,2018-ncaa-d1-natl,ncaa,335,336,213,337,225,340,336,307,338,316,241,336,307,295,301,235,305,293,268,292,264,315,266,335,338,345,210,224,122,157,111,280,308,231,216,288,67,336,344,330,251,245,143,141,,,207,245,,,336,295,261,49,344,340,308,314,212,306,282,299,280,278,315,214,118,248,193,284,336,232,118,,254,,,336,145,122,117,169,144,166,133,125,81,229,93,248,259,117,262,263,140,116,159,171,204,194,137,263,288,308,71,111,146,216,90,101,227,215,177,348,348,129,175,,,263,213,,,336,73,345,246,334,213,185,192,207,237,155,115,277,289,292,227,215,311,127,218,131,204,348,164,,228,,,b'\x11\xe8\xe1I\xca\xcc~R\xaf\x82\x12\xdf\x17\xaeN\x1e'
11E8E149-CACC-7E52-AF82-12DF17AE4E1E,2019-ncaa-d0-natl,ncaa,310,324,173,320,222,291,294,194,335,285,128,349,231,255,128,252,237,256,140,254,307,213,189,333,328,324,135,157,132,210,273,327,351,309,347,296,237,257,246,307,100,108,226,257,,,111,67,,,327,166,106,246,316,316,169,299,107,221,253,248,262,261,203,156,209,344,329,311,261,87,227,,126,,,320,234,290,208,310,298,266,261,199,88,338,80,31,45,24,47,32,178,243,306,262,178,34,173,20,342,351,308,273,337,347,333,324,43,43,203,329,332,345,338,,,246,249,,,327,181,333,259,320,259,312,262,312,308,220,96,37,58,61,220,303,347,325,342,336,32,323,347,,235,,,b'\x11\xe8\xe1I\xca\xcc~R\xaf\x82\x12\xdf\x17\xaeN\x1e'
11E8E149-CACC-7E52-AF82-12DF17AE4E1E,2019-ncaa-d1-conf-MAAC,ncaa,11,11,8,11,11,10,10,7,11,10,3,11,11,11,10,11,6,7,6,7,8,7,8,11,11,10,8,10,2,7,9,11,11,11,11,11,9,3,3,9,7,7,8,8,,,2,2,,,11,9,3,7,10,10,4,10,2,11,11,5,6,6,4,4,6,11,11,11,5,5,8,,4,,,11,11,11,10,11,11,10,10,11,6,11,4,1,1,3,1,1,8,9,11,11,11,2,7,1,11,11,11,9,11,11,11,11,3,5,10,8,9,11,11,,,9,9,,,11,3,10,11,11,11,11,11,11,11,11,7,1,1,2,10,11,11,11,11,11,3,8,11,,7,,,b'\x11\xe8\xe1I\xca\xcc~R\xaf\x82\x12\xdf\x17\xaeN\x1e'
11E8E149-CACC-7E52-AF82-12DF17AE4E1E,2019-ncaa-d1-natl,ncaa,324,322,233,325,283,312,316,246,337,314,161,350,243,274,132,250,264,280,138,278,308,260,242,334,331,331,126,155,128,243,284,347,351,332,347,318,242,234,255,315,126,119,241,266,,,88,70,,,329,232,113,246,319,319,180,308,111,224,258,252,267,268,214,161,219,349,334,321,259,99,230,,128,,,328,202,274,172,319,286,240,277,182,59,340,74,22,39,29,40,33,127,191,315,279,200,31,172,17,341,351,293,284,330,347,327,324,68,53,214,314,334,344,341,,,268,249,,,329,117,333,275,327,268,317,268,320,315,221,95,36,61,64,225,300,346,328,344,336,39,326,347,,236,,,b'\x11\xe8\xe1I\xca\xcc~R\xaf\x82\x12\xdf\x17\xaeN\x1e'
11E8E149-CACC-7E52-AF82-12DF17AE4E1E,2020-ncaa-d0-natl,ncaa,276,289,87,286,136,87,106,56,203,158,141,197,83,65,141,101,90,209,5,218,228,74,76,176,141,139,85,108,151,263,319,282,349,290,348,171,258,199,140,186,99,166,255,305,,,287,148,,,266,24,22,213,90,114,49,176,168,81,70,101,220,233,71,77,279,315,330,192,179,109,264,,273,,,261,338,332,316,293,335,328,255,237,178,300,76,304,290,251,290,163,328,341,279,282,242,116,116,195,347,349,331,319,347,348,331,247,32,98,190,236,177,327,318,,,173,253,,,266,331,189,291,252,334,329,324,330,334,227,165,286,271,269,332,345,349,323,344,326,39,222,325,,195,,,b'\x11\xe8\xe1I\xca\xcc~R\xaf\x82\x12\xdf\x17\xaeN\x1e'
11E8E149-CACC-7E52-AF82-12DF17AE4E1E,2020-ncaa-d1-conf-MAAC,ncaa,9,9,4,9,4,4,5,3,8,9,5,10,3,2,4,3,2,4,1,4,4,3,4,8,5,4,2,2,2,11,11,9,11,11,11,7,8,6,6,6,5,8,7,9,,,9,7,,,10,2,1,3,5,6,5,8,5,3,2,2,3,3,3,3,11,9,11,7,6,6,7,,10,,,10,10,9,10,8,10,11,7,7,6,8,2,11,10,10,10,8,11,10,8,9,8,5,3,8,11,11,11,11,11,11,9,6,2,5,8,8,7,10,10,,,5,5,,,10,10,8,9,10,11,9,11,10,11,7,6,11,10,10,11,11,11,11,11,9,2,8,10,,3,,,b'\x11\xe8\xe1I\xca\xcc~R\xaf\x82\x12\xdf\x17\xaeN\x1e'
11E8E149-CACC-7E52-AF82-12DF17AE4E1E,2020-ncaa-d1-natl,ncaa,289,289,128,291,202,110,139,74,213,186,172,209,93,80,151,101,107,232,6,243,229,98,111,187,144,145,84,108,143,290,322,307,350,321,349,201,262,185,144,193,124,182,266,309,,,269,153,,,276,44,23,201,99,126,52,191,173,87,72,101,219,232,75,80,285,319,331,205,178,120,266,,275,,,275,333,323,304,302,329,322,262,227,162,302,72,293,278,258,279,166,317,336,289,296,260,112,109,193,347,350,320,322,343,349,328,245,44,110,204,222,184,324,322,,,209,251,,,276,310,200,302,272,337,334,327,332,337,228,164,293,273,274,333,345,349,326,346,329,40,223,325,,197,,,b'\x11\xe8\xe1I\xca\xcc~R\xaf\x82\x12\xdf\x17\xaeN\x1e'
11E8E149-CACC-7E52-AF82-12DF17AE4E1E,2021-ncaa-d0-natl,ncaa,110,276,14,187,20,93,83,13,328,68,14,330,131,73,280,249,85,48,275,49,266,14,13,332,329,310,202,211,155,5,35,59,144,13,108,74,128,307,87,169,41,126,152,253,,,337,296,,,237,25,149,199,267,262,29,221,35,242,203,217,177,176,39,41,5,259,47,198,150,126,258,,280,,,214,298,297,280,247,308,297,252,217,231,148,103,304,323,75,324,245,291,321,220,216,113,97,77,206,261,144,338,35,332,108,329,300,8,30,112,249,62,342,328,,,20,190,,,237,322,272,98,210,120,135,59,181,121,73,68,185,217,223,70,152,81,294,228,236,41,89,342,,114,,,b'\x11\xe8\xe1I\xca\xcc~R\xaf\x82\x12\xdf\x17\xaeN\x1e'
11E8E149-CACC-7E52-AF82-12DF17AE4E1E,2021-ncaa-d1-conf-MAAC,ncaa,2,9,1,5,1,1,1,1,9,1,1,9,1,1,7,8,1,1,9,1,8,1,1,9,9,7,6,6,5,1,2,1,3,1,4,2,8,10,1,4,1,8,6,10,,,11,11,,,6,1,2,6,4,5,1,4,1,7,6,3,3,3,1,2,2,6,2,6,4,7,10,,10,,,6,11,11,11,8,11,10,8,11,11,2,3,11,11,6,11,11,11,11,8,8,8,3,1,9,10,3,11,2,11,4,11,10,1,4,7,10,1,11,9,,,1,4,,,6,11,5,7,5,8,8,5,8,5,3,3,10,11,11,5,6,3,10,9,8,4,2,10,,2,,,b'\x11\xe8\xe1I\xca\xcc~R\xaf\x82\x12\xdf\x17\xaeN\x1e'
11E8E149-CACC-7E52-AF82-12DF17AE4E1E,2021-ncaa-d1-natl,ncaa,119,275,18,191,27,102,94,15,330,77,14,332,140,79,285,249,95,55,274,55,265,16,14,334,331,314,200,209,147,5,39,70,152,15,115,80,133,303,88,171,49,132,164,256,,,335,298,,,247,28,153,199,272,275,32,226,36,244,206,221,176,178,41,45,6,264,57,207,149,131,260,,281,,,226,295,295,276,254,306,291,256,209,219,154,102,297,314,75,316,247,287,317,230,225,117,94,76,209,255,152,335,39,329,115,327,300,11,30,117,240,62,342,330,,,22,187,,,247,317,278,105,221,127,141,58,188,124,73,65,187,220,223,70,148,85,295,228,242,44,90,342,,115,,,b'\x11\xe8\xe1I\xca\xcc~R\xaf\x82\x12\xdf\x17\xaeN\x1e'
11E8E149-CACC-7E52-AF82-12DF17AE4E1E,2022-ncaa-d0-natl,ncaa,199,245,79,227,95,186,198,127,319,176,110,296,249,174,326,218,70,66,167,61,84,111,63,326,309,323,174,262,32,36,45,96,206,63,94,201,180,346,321,319,65,85,251,287,,,323,285,,,213,84,104,236,272,303,216,244,161,279,219,91,91,87,188,65,38,130,55,254,334,83,282,,298,,,211,190,125,221,44,138,239,41,132,182,84,121,329,333,145,332,300,255,278,41,72,46,263,116,331,292,206,209,45,251,94,189,258,47,81,73,345,321,347,346,,,56,128,,,213,273,301,63,205,96,57,118,72,163,94,113,305,308,309,178,244,238,126,176,136,71,335,346,,79,,,b'\x11\xe8\xe1I\xca\xcc~R\xaf\x82\x12\xdf\x17\xaeN\x1e'
11E8E149-CACC-7E52-AF82-12DF17AE4E1E,2022-ncaa-d1-conf-MAAC,ncaa,5,6,3,6,6,7,9,5,10,7,6,11,8,9,10,9,3,3,5,3,3,5,3,10,10,10,4,8,2,3,2,3,5,2,2,9,7,10,9,11,7,8,10,10,,,9,10,,,7,4,6,8,8,10,7,8,6,9,9,3,3,3,5,3,3,3,2,10,9,7,10,,9,,,6,8,2,6,1,5,7,2,3,5,4,5,11,11,11,11,10,9,7,1,3,4,9,4,11,7,5,6,2,7,2,4,6,8,8,7,10,8,11,11,,,3,3,,,7,8,10,5,6,5,2,5,5,6,3,5,11,11,11,8,3,7,5,7,4,8,10,11,,3,,,b'\x11\xe8\xe1I\xca\xcc~R\xaf\x82\x12\xdf\x17\xaeN\x1e'
11E8E149-CACC-7E52-AF82-12DF17AE4E1E,2022-ncaa-d1-natl,ncaa,219,245,100,241,125,218,237,157,329,211,140,308,261,193,331,218,82,79,166,75,79,141,84,330,315,325,172,260,28,46,50,121,214,72,98,237,185,341,325,325,80,96,270,294,,,314,286,,,233,115,109,230,288,316,224,257,174,279,223,93,92,88,194,70,40,145,58,268,335,95,288,,299,,,232,155,99,180,54,116,211,45,122,149,94,120,320,325,153,325,304,219,256,46,85,55,265,116,331,279,214,187,50,220,98,176,263,66,91,86,343,329,347,347,,,76,115,,,233,242,311,79,225,110,59,124,80,174,95,115,308,309,309,179,242,239,132,182,147,82,338,346,,76,,,b'\x11\xe8\xe1I\xca\xcc~R\xaf\x82\x12\xdf\x17\xaeN\x1e'
11E8E149-CACC-7E52-AF82-12DF17AE4E1E,2023-ncaa-d0-natl,ncaa,360,361,164,360,175,342,346,326,346,348,283,359,236,268,150,198,291,270,330,269,175,327,210,329,338,357,83,111,130,304,305,257,353,297,340,322,217,361,361,359,195,225,326,333,,,170,128,,,356,169,162,58,357,358,353,358,301,242,283,315,277,274,354,225,314,289,323,340,361,193,333,,190,,,356,251,284,255,244,243,127,326,292,325,87,335,69,109,45,109,138,231,236,270,217,195,183,283,35,348,353,189,305,299,340,332,325,120,143,277,361,361,313,352,,,203,166,,,356,193,359,280,356,277,311,307,261,121,310,343,79,115,117,284,313,354,224,317,337,105,361,321,,188,,,b'\x11\xe8\xe1I\xca\xcc~R\xaf\x82\x12\xdf\x17\xaeN\x1e'
11E8E149-CACC-7E52-AF82-12DF17AE4E1E,2023-ncaa-d1-conf-MAAC,ncaa,11,11,7,11,8,11,11,11,8,11,8,11,7,10,3,6,8,7,10,7,4,11,9,7,8,11,3,3,6,9,8,9,11,11,11,11,10,11,11,11,10,10,9,9,,,6,4,,,11,8,4,3,11,11,11,10,7,7,9,8,7,7,10,7,9,8,10,11,11,10,9,,7,,,11,11,11,11,9,8,2,11,11,11,9,11,5,5,3,5,7,7,6,10,9,9,10,11,2,11,11,4,8,10,11,11,10,6,8,11,11,11,11,11,,,7,6,,,11,5,11,11,11,11,11,11,10,3,11,11,6,5,5,11,10,11,7,10,11,6,11,11,,6,,,b'\x11\xe8\xe1I\xca\xcc~R\xaf\x82\x12\xdf\x17\xaeN\x1e'
11E8E149-CACC-7E52-AF82-12DF17AE4E1E,2023-ncaa-d1-natl,ncaa,361,361,219,361,230,353,354,352,348,356,315,360,252,289,151,198,317,293,328,293,171,350,274,335,343,359,81,111,119,329,313,296,356,329,347,338,225,360,361,361,222,236,336,337,,,144,132,,,358,236,168,50,358,358,356,359,305,247,286,315,278,275,357,233,320,294,330,342,361,204,338,,194,,,357,223,265,222,259,219,91,333,279,318,93,333,58,90,46,88,144,196,202,282,233,226,188,284,33,346,356,156,313,276,347,324,327,150,154,289,361,361,308,353,,,236,156,,,358,128,359,303,358,290,319,308,273,122,315,343,82,117,117,287,312,356,224,321,340,114,361,323,,188,,,b'\x11\xe8\xe1I\xca\xcc~R\xaf\x82\x12\xdf\x17\xaeN\x1e'
11E8E149-CACC-7E52-AF82-12DF17AE4E1E,2024-ncaa-d0-natl,ncaa,307,323,196,314,206,342,356,347,347,358,353,322,232,169,322,57,231,218,257,216,16,342,264,325,313,355,24,78,31,277,216,272,241,291,226,285,44,357,359,352,77,42,289,261,,,168,237,,,332,251,253,95,356,359,359,360,357,222,149,223,207,201,358,275,275,295,312,303,358,54,292,,199,,,329,88,102,89,216,57,45,216,263,220,279,314,46,86,23,83,185,78,104,256,226,148,294,330,74,134,241,58,216,70,226,280,352,114,65,201,354,359,176,339,,,214,144,,,332,102,355,151,332,116,124,77,64,26,289,249,72,114,109,57,102,166,77,87,304,86,356,195,,200,,,b'\x11\xe8\xe1I\xca\xcc~R\xaf\x82\x12\xdf\x17\xaeN\x1e'
11E8E149-CACC-7E52-AF82-12DF17AE4E1E,2024-ncaa-d1-conf-MAAC,ncaa,10,10,8,10,9,11,11,11,10,11,11,10,10,8,11,3,5,4,6,4,1,11,9,10,9,11,1,5,1,9,7,10,5,11,5,11,4,11,11,11,5,4,9,7,,,6,8,,,10,9,9,4,11,11,11,11,11,9,6,2,2,2,11,8,8,10,10,11,11,4,9,,8,,,10,2,2,1,7,1,1,7,9,6,9,10,4,5,2,5,8,1,3,9,7,5,11,10,4,3,5,2,7,2,5,9,11,5,4,5,11,11,9,10,,,7,4,,,10,3,11,5,10,3,3,3,2,1,9,9,5,5,5,2,4,4,3,4,9,4,11,9,,6,,,b'\x11\xe8\xe1I\xca\xcc~R\xaf\x82\x12\xdf\x17\xaeN\x1e'
11E8E149-CACC-7E52-AF82-12DF17AE4E1E,2024-ncaa-d1-natl,ncaa,322,325,254,330,269,356,360,356,353,361,360,336,250,197,326,57,260,243,261,241,15,356,316,339,327,358,22,77,29,307,231,311,251,323,240,314,48,358,361,358,91,47,316,270,,,134,247,,,341,304,262,88,359,361,361,362,359,232,159,229,209,202,360,283,290,303,324,315,360,59,302,,204,,,341,58,75,50,235,39,23,228,250,202,290,313,38,68,23,63,189,35,48,268,242,171,293,331,75,117,251,29,231,41,240,270,353,147,75,220,353,361,164,345,,,248,144,,,341,52,359,178,342,127,139,80,73,26,301,251,80,119,114,60,103,176,80,96,307,94,359,207,,201,,,b'\x11\xe8\xe1I\xca\xcc~R\xaf\x82\x12\xdf\x17\xaeN\x1e'
11E8E149-CACC-7E52-AF82-12DF17AE4E1E,2025-ncaa-d0-natl,genius_ncaa,246,249,194,261,234,329,321,288,328,351,351,262,124,53,274,8,355,353,312,352,270,315,333,272,308,283,33,8,344,307,307,279,88,307,266,174,9,57,175,110,271,203,346,320,,,21,84,,37,255,331,354,269,346,344,320,358,356,95,38,355,354,354,344,354,304,298,323,154,74,270,350,,27,,44,254,41,43,53,158,11,4,245,289,299,204,360,13,14,191,12,132,26,21,235,207,190,329,357,34,21,88,195,307,106,266,109,269,257,146,207,16,72,17,134,,,350,316,,279,255,32,307,158,258,46,53,30,10,3,313,328,19,18,15,13,8,28,220,121,134,254,25,16,,356,,276,b'\x11\xe8\xe1I\xca\xcc~R\xaf\x82\x12\xdf\x17\xaeN\x1e'
11E8E149-CACC-7E52-AF82-12DF17AE4E1E,2025-ncaa-d1-conf-MAAC,genius_ncaa,8,6,7,8,9,11,10,9,12,13,13,8,4,3,8,1,12,12,12,12,9,10,13,9,11,8,3,1,11,11,12,8,4,10,10,6,1,2,3,3,11,8,12,9,,,1,1,,2,7,13,13,7,12,11,9,13,13,3,2,12,12,12,11,13,11,9,10,5,2,10,12,,1,,4,7,2,1,3,6,1,1,7,13,13,8,13,1,1,10,1,8,2,1,7,7,6,13,13,1,2,4,9,12,7,10,3,9,10,7,9,2,4,2,2,,,12,10,,7,7,1,8,6,7,3,3,2,1,1,13,13,1,1,1,2,1,2,10,9,5,9,2,2,,12,,7,b'\x11\xe8\xe1I\xca\xcc~R\xaf\x82\x12\xdf\x17\xaeN\x1e'
11E8E149-CACC-7E52-AF82-12DF17AE4E1E,2025-ncaa-d1-natl,genius_ncaa,262,249,244,265,289,343,338,318,338,357,356,275,135,68,280,9,355,354,314,354,267,337,349,286,316,294,30,8,342,319,311,307,98,328,276,195,9,43,180,116,294,213,350,321,,,12,87,,28,269,349,355,269,348,347,327,359,356,98,39,355,353,353,345,355,310,310,327,167,76,284,351,,27,,42,270,24,31,29,172,9,1,255,280,290,211,360,13,11,200,10,132,12,14,245,214,207,329,357,33,13,98,150,311,70,276,92,270,287,153,216,13,78,15,141,,,355,316,,283,269,16,315,179,275,49,59,30,12,3,319,329,22,19,17,15,7,29,225,123,148,264,25,18,,356,,271,b'\x11\xe8\xe1I\xca\xcc~R\xaf\x82\x12\xdf\x17\xaeN\x1e'
11E8E149-CACC-7E52-AF82-12DF17AE4E1E,2026-ncaa-d0-natl,genius_ncaa,332,329,206,332,216,345,345,288,362,343,288,351,320,221,360,114,323,273,359,275,146,290,284,362,362,361,167,186,125,202,223,295,343,273,332,348,320,138,260,348,259,221,306,305,,,89,134,,13,351,295,358,97,363,363,331,357,320,335,194,335,271,267,337,342,177,333,294,361,197,240,324,,96,,15,347,169,187,125,294,129,62,328,301,278,263,349,52,81,29,78,195,120,94,324,288,313,261,338,29,297,343,200,223,237,332,266,304,312,314,340,199,300,229,313,,,316,305,,286,351,67,360,345,353,247,267,197,185,38,344,344,61,100,99,163,61,334,289,331,309,326,262,276,,336,,276,b'\x11\xe8\xe1I\xca\xcc~R\xaf\x82\x12\xdf\x17\xaeN\x1e'
11E8E149-CACC-7E52-AF82-12DF17AE4E1E,2026-ncaa-d1-natl,genius_ncaa,332,327,177,340,197,356,354,287,360,350,300,354,303,199,358,103,328,256,359,256,135,286,295,359,361,358,132,146,136,180,230,286,335,263,327,351,271,133,220,327,251,213,326,318,,,59,94,,10,342,301,357,100,363,363,327,356,317,310,181,330,250,249,334,343,158,306,265,357,155,244,329,,69,,14,342,169,191,149,268,130,63,316,304,296,228,348,38,60,17,59,156,121,86,304,262,300,242,340,27,288,335,235,230,268,327,260,277,322,306,326,182,277,256,321,,,329,301,,284,342,57,352,331,348,218,259,186,162,39,331,332,43,74,76,141,46,325,296,329,288,324,221,281,,338,,285,b'\x11\xe8\xe1I\xca\xcc~R\xaf\x82\x12\xdf\x17\xaeN\x1e'
11E8E149-CAD0-E776-AF82-12DF17AE4E1E,2010-ncaa-d0-natl,ncaa,242,224,241,246,241,115,81,33,220,74,39,198,161,113,263,197,218,172,299,178,306,49,66,244,273,204,269,203,292,84,225,226,344,167,338,63,80,116,47,44,80,145,246,295,,,282,125,,,289,65,6,2,35,22,3,23,6,128,72,184,118,121,5,5,26,183,67,16,185,40,234,,321,,,289,337,335,301,306,340,334,293,95,91,145,21,334,339,89,339,255,322,322,258,265,284,44,15,271,345,344,338,225,344,338,339,300,88,203,298,236,158,139,63,,,204,325,,,289,283,199,330,277,343,342,344,342,345,119,124,337,340,339,344,345,345,344,345,342,40,269,177,,134,,,b'\x11\xe8\xe1I\xca\xd0\xe7v\xaf\x82\x12\xdf\x17\xaeN\x1e'
11E8E149-CAD0-E776-AF82-12DF17AE4E1E,2010-ncaa-d1-conf-Southland,ncaa,6,6,4,6,4,5,2,2,5,3,1,5,3,3,6,5,9,8,10,8,11,3,3,5,7,5,10,5,11,5,11,8,11,5,11,2,1,2,2,1,1,2,8,8,,,10,4,,,7,4,2,1,3,2,2,1,1,3,3,11,10,10,2,2,5,9,7,1,1,1,8,,9,,,7,11,11,8,9,11,10,9,6,6,7,2,11,11,4,11,8,10,10,8,8,8,3,2,8,11,11,11,11,11,11,11,11,2,6,10,6,3,5,2,,,7,11,,,7,8,6,10,7,11,11,11,11,11,4,5,10,11,11,11,11,11,11,11,11,2,5,3,,11,,,b'\x11\xe8\xe1I\xca\xd0\xe7v\xaf\x82\x12\xdf\x17\xaeN\x1e'
11E8E149-CAD0-E776-AF82-12DF17AE4E1E,2010-ncaa-d1-natl,ncaa,250,223,276,250,276,122,87,35,225,77,42,204,171,117,264,195,228,179,299,182,308,53,75,246,275,205,266,202,291,88,227,247,344,182,339,67,82,102,48,45,86,153,248,296,,,273,126,,,296,73,6,2,37,23,3,23,7,130,71,183,119,122,5,5,27,186,73,16,185,39,234,,322,,,297,336,333,296,306,340,334,296,84,84,148,20,332,337,91,336,256,320,320,260,270,287,44,16,270,345,344,336,227,344,339,339,298,103,213,301,228,160,134,65,,,215,324,,,296,275,202,332,283,343,343,344,342,345,119,125,337,341,340,344,345,345,345,345,342,43,270,178,,133,,,b'\x11\xe8\xe1I\xca\xd0\xe7v\xaf\x82\x12\xdf\x17\xaeN\x1e'
11E8E149-CAD0-E776-AF82-12DF17AE4E1E,2011-ncaa-d0-natl,ncaa,137,134,119,140,161,90,108,54,250,140,112,213,75,28,261,75,59,52,157,55,75,47,52,230,209,174,74,103,103,28,85,112,235,53,187,77,82,169,69,96,79,118,149,148,,,335,320,,,153,63,24,257,64,97,14,162,123,73,20,53,47,48,14,15,11,124,27,69,166,77,151,,339,,,152,286,197,213,167,177,172,183,220,240,162,201,339,340,124,340,336,276,284,184,220,189,307,171,325,274,235,321,85,318,187,272,290,63,113,156,141,68,176,137,,,56,153,,,153,281,136,192,154,281,183,202,163,145,226,240,331,337,338,279,309,273,320,316,263,63,141,171,,35,,,b'\x11\xe8\xe1I\xca\xd0\xe7v\xaf\x82\x12\xdf\x17\xaeN\x1e'
11E8E149-CAD0-E776-AF82-12DF17AE4E1E,2011-ncaa-d1-conf-Southland,ncaa,5,3,5,5,7,4,5,2,7,9,7,7,3,2,9,3,6,8,5,8,4,2,3,6,6,5,2,3,5,2,2,11,6,5,6,2,2,3,2,1,4,3,3,3,,,10,11,,,5,8,4,10,2,3,1,8,7,2,1,3,4,4,1,3,2,11,4,2,5,4,3,,10,,,4,5,2,3,6,2,3,3,9,4,10,6,12,11,11,11,12,4,5,6,9,7,12,9,12,6,6,8,2,8,6,8,12,2,3,6,4,5,4,4,,,7,8,,,5,4,4,8,4,7,2,3,2,3,8,4,12,10,10,5,7,6,9,6,9,3,6,5,,5,,,b'\x11\xe8\xe1I\xca\xd0\xe7v\xaf\x82\x12\xdf\x17\xaeN\x1e'
11E8E149-CAD0-E776-AF82-12DF17AE4E1E,2011-ncaa-d1-natl,ncaa,145,133,132,142,184,100,122,61,255,160,126,218,79,33,261,76,66,67,156,68,74,55,60,235,219,176,70,99,99,31,89,133,236,65,193,88,85,148,73,97,88,125,157,151,,,334,324,,,161,76,26,260,67,103,13,165,130,74,20,55,47,47,14,16,14,128,28,70,165,83,153,,339,,,160,278,181,189,174,166,148,193,210,228,163,200,337,340,126,340,336,264,274,189,223,194,305,166,325,264,236,316,89,314,193,265,291,76,118,165,128,69,162,143,,,67,153,,,161,267,142,205,162,283,188,202,170,151,228,240,333,337,337,284,309,274,322,318,266,67,142,177,,36,,,b'\x11\xe8\xe1I\xca\xd0\xe7v\xaf\x82\x12\xdf\x17\xaeN\x1e'
11E8E149-CAD0-E776-AF82-12DF17AE4E1E,2012-ncaa-d0-natl,ncaa,147,87,292,125,319,235,234,177,299,244,170,311,162,175,136,164,228,226,210,223,232,183,213,280,282,242,115,122,170,97,92,99,168,81,98,144,33,47,76,76,278,278,42,33,,,105,157,,,133,273,108,338,159,163,34,191,73,123,130,173,159,150,45,62,33,5,7,66,123,253,22,,219,,,128,29,21,147,7,32,144,13,63,160,10,182,162,142,221,145,167,143,95,9,9,41,210,122,286,232,168,159,92,199,98,119,313,305,301,265,45,73,181,176,,,224,191,,,133,64,187,65,135,118,94,302,109,283,110,236,244,236,233,303,262,307,300,318,223,269,116,236,,121,,,b'\x11\xe8\xe1I\xca\xd0\xe7v\xaf\x82\x12\xdf\x17\xaeN\x1e'
11E8E149-CAD0-E776-AF82-12DF17AE4E1E,2012-ncaa-d1-conf-Southland,ncaa,4,3,5,3,6,5,4,4,8,7,1,12,5,6,1,7,10,9,10,9,10,4,4,7,8,8,6,2,12,2,2,1,4,1,2,1,1,4,4,2,9,10,1,1,,,4,5,,,3,6,6,3,6,3,1,6,4,2,6,11,10,10,1,1,1,1,1,1,4,9,1,,5,,,3,2,1,9,1,1,11,1,1,6,1,5,6,4,11,4,5,10,7,1,1,1,7,5,10,10,4,6,2,7,2,3,12,12,11,8,7,7,4,4,,,6,10,,,3,6,5,1,3,3,2,10,3,10,1,5,6,5,5,9,7,9,6,8,4,12,7,5,,7,,,b'\x11\xe8\xe1I\xca\xd0\xe7v\xaf\x82\x12\xdf\x17\xaeN\x1e'
11E8E149-CAD0-E776-AF82-12DF17AE4E1E,2012-ncaa-d1-natl,ncaa,143,86,286,123,322,217,216,162,284,221,148,301,163,162,142,168,218,208,201,201,234,169,200,271,270,227,132,132,171,87,90,76,167,67,103,111,31,52,72,63,265,268,40,32,,,107,145,,,121,248,111,338,148,149,36,159,69,132,133,171,152,147,45,64,38,7,7,48,117,248,21,,201,,,115,35,28,169,8,51,166,16,64,181,8,191,157,136,226,133,145,161,114,9,10,47,190,124,273,247,167,169,90,206,103,165,323,295,299,276,43,66,176,159,,,205,188,,,121,84,179,69,127,115,107,301,119,280,113,239,218,210,207,297,258,308,286,310,237,271,99,229,,116,,,b'\x11\xe8\xe1I\xca\xd0\xe7v\xaf\x82\x12\xdf\x17\xaeN\x1e'
11E8E149-CAD0-E776-AF82-12DF17AE4E1E,2013-ncaa-d0-natl,ncaa,128,145,80,146,94,127,152,104,237,169,153,222,121,95,206,131,68,78,76,77,88,97,112,220,195,149,99,152,76,58,96,49,105,44,80,139,136,117,83,120,314,330,135,166,,,198,151,,,157,138,216,215,152,199,140,208,192,138,113,74,101,100,134,181,74,43,41,165,82,324,163,,149,,,157,245,236,275,110,235,250,148,203,248,77,213,236,239,144,233,174,279,224,111,108,219,175,168,188,231,105,239,96,243,80,262,252,287,329,318,129,106,183,158,,,90,110,,,157,211,119,218,149,186,185,246,187,210,178,227,205,206,202,241,144,175,182,186,230,317,106,162,,123,,,b'\x11\xe8\xe1I\xca\xd0\xe7v\xaf\x82\x12\xdf\x17\xaeN\x1e'
11E8E149-CAD0-E776-AF82-12DF17AE4E1E,2013-ncaa-d1-conf-Southland,ncaa,2,2,2,2,4,3,4,5,8,6,5,7,6,6,6,6,1,1,4,1,2,4,5,6,5,4,3,7,1,2,3,1,1,1,1,2,1,5,4,3,8,9,3,3,,,4,2,,,3,6,6,8,4,5,6,6,6,6,6,1,1,1,6,8,5,1,1,2,4,9,3,,2,,,3,6,6,9,1,6,9,3,2,6,1,6,7,8,5,9,4,9,5,1,1,4,5,2,7,4,1,6,3,5,1,9,10,9,10,10,5,5,6,6,,,4,3,,,3,6,3,4,3,3,4,8,6,8,1,6,5,6,7,8,3,3,4,3,8,10,5,5,,4,,,b'\x11\xe8\xe1I\xca\xd0\xe7v\xaf\x82\x12\xdf\x17\xaeN\x1e'
11E8E149-CAD0-E776-AF82-12DF17AE4E1E,2013-ncaa-d1-natl,ncaa,121,145,49,142,59,113,133,89,227,148,122,211,116,85,215,132,56,66,95,61,78,76,88,218,193,152,100,155,71,43,78,42,108,30,72,118,124,132,86,113,308,328,132,172,,,227,172,,,154,116,217,223,150,200,146,201,191,141,113,73,91,83,134,176,60,50,35,153,82,321,169,,157,,,156,259,253,290,117,243,267,145,217,259,97,213,246,254,111,251,185,293,250,123,112,210,189,182,192,243,108,258,78,270,72,276,266,271,324,313,143,107,184,154,,,66,83,,,154,238,117,220,146,185,179,228,174,201,182,222,199,214,210,233,141,181,174,180,234,312,109,156,,95,,,b'\x11\xe8\xe1I\xca\xd0\xe7v\xaf\x82\x12\xdf\x17\xaeN\x1e'
11E8E149-CAD0-E776-AF82-12DF17AE4E1E,2014-ncaa-d0-natl,ncaa,221,173,297,212,303,291,287,296,238,248,261,193,260,233,304,173,241,246,176,242,165,295,293,249,246,263,205,222,122,141,39,268,215,231,74,153,17,169,271,156,341,335,227,222,,,102,248,,,261,321,246,85,246,244,210,190,196,232,178,187,188,185,209,167,71,175,97,74,276,338,201,,215,,,268,90,120,71,250,113,114,185,171,87,337,130,75,99,59,94,130,59,31,257,232,283,148,214,109,110,215,13,39,18,74,295,345,324,291,343,140,231,63,112,,,280,194,,,261,27,227,293,268,243,259,214,226,244,242,142,138,168,167,211,141,212,51,95,334,289,227,102,,186,,,b'\x11\xe8\xe1I\xca\xd0\xe7v\xaf\x82\x12\xdf\x17\xaeN\x1e'
11E8E149-CAD0-E776-AF82-12DF17AE4E1E,2014-ncaa-d1-conf-Southland,ncaa,8,9,5,9,6,10,9,5,10,6,6,8,9,7,12,6,8,8,6,8,12,7,5,12,12,13,10,9,9,3,2,4,5,3,2,1,1,12,11,4,11,13,4,4,,,10,11,,,10,8,9,5,11,9,5,5,5,9,5,8,10,10,7,3,1,3,2,1,13,12,5,,11,,,10,6,7,7,6,8,9,4,8,7,13,6,10,10,3,10,10,7,6,7,6,11,11,8,11,7,5,5,2,5,2,14,14,9,12,13,12,12,5,5,,,9,13,,,10,5,11,9,10,7,8,7,7,7,8,6,11,11,11,9,6,5,2,3,13,12,12,5,,9,,,b'\x11\xe8\xe1I\xca\xd0\xe7v\xaf\x82\x12\xdf\x17\xaeN\x1e'
11E8E149-CAD0-E776-AF82-12DF17AE4E1E,2014-ncaa-d1-natl,ncaa,211,171,307,209,316,275,276,288,230,238,250,174,256,213,308,171,228,225,201,215,139,279,275,247,242,262,201,222,117,126,40,256,213,193,74,133,13,184,261,146,343,337,241,236,,,134,261,,,257,312,235,86,231,234,205,186,192,230,174,181,165,162,204,157,65,164,93,63,267,340,213,,230,,,260,111,140,90,252,146,134,182,171,89,335,116,88,114,40,110,136,80,43,256,228,280,143,203,113,131,213,16,40,26,74,312,345,324,290,345,139,201,57,99,,,258,179,,,257,35,214,291,262,239,258,216,236,251,228,128,144,182,179,218,147,214,59,108,335,288,216,90,,173,,,b'\x11\xe8\xe1I\xca\xd0\xe7v\xaf\x82\x12\xdf\x17\xaeN\x1e'
11E8E149-CAD0-E776-AF82-12DF17AE4E1E,2015-ncaa-d0-natl,ncaa,306,279,322,306,332,305,329,347,177,326,337,202,257,289,117,221,103,89,201,88,4,337,316,168,132,248,78,200,6,262,118,328,331,324,220,260,46,311,346,306,190,132,326,311,,,101,232,,,289,320,188,283,245,313,344,289,306,216,253,23,12,9,315,196,201,287,277,185,343,125,315,,239,,,293,89,91,46,251,51,38,216,254,170,333,266,114,101,212,97,222,41,35,283,280,277,297,293,153,206,331,6,118,25,220,274,342,257,192,298,320,343,32,147,,,184,22,,,289,24,259,313,295,279,260,215,173,132,316,275,208,205,205,229,219,319,33,143,334,172,342,69,,35,,,b'\x11\xe8\xe1I\xca\xd0\xe7v\xaf\x82\x12\xdf\x17\xaeN\x1e'
11E8E149-CAD0-E776-AF82-12DF17AE4E1E,2015-ncaa-d1-conf-Southland,ncaa,11,10,9,11,13,10,11,13,5,11,12,6,8,10,5,9,3,1,10,1,2,12,12,5,5,7,6,9,1,11,9,9,7,11,6,6,1,10,13,8,9,8,10,8,,,6,11,,,10,11,5,12,8,10,12,8,8,8,10,1,1,1,11,10,11,8,9,5,12,8,9,,9,,,10,8,7,5,8,5,4,7,11,11,11,10,9,8,13,8,11,6,3,9,11,11,11,10,11,6,7,2,9,4,6,12,13,12,12,13,7,10,4,6,,,7,5,,,10,2,9,12,10,10,10,10,7,6,11,12,10,9,9,11,6,7,4,7,13,12,9,5,,4,,,b'\x11\xe8\xe1I\xca\xd0\xe7v\xaf\x82\x12\xdf\x17\xaeN\x1e'
11E8E149-CAD0-E776-AF82-12DF17AE4E1E,2015-ncaa-d1-natl,ncaa,312,293,335,312,344,316,342,348,198,334,336,216,263,286,142,215,101,69,243,64,2,345,326,195,150,267,71,203,3,264,141,336,333,325,246,273,42,319,346,313,188,139,329,325,,,107,234,,,295,328,184,274,266,326,346,304,310,230,254,24,10,9,317,198,209,290,283,199,343,128,318,,238,,,298,99,101,48,263,65,44,220,254,174,336,249,120,116,199,116,219,44,34,285,281,280,287,290,151,226,333,4,141,29,246,292,341,248,195,298,326,345,44,171,,,158,14,,,295,16,279,315,302,283,269,224,194,154,310,261,213,208,207,238,228,324,51,171,336,172,342,79,,29,,,b'\x11\xe8\xe1I\xca\xd0\xe7v\xaf\x82\x12\xdf\x17\xaeN\x1e'
11E8E149-CAD0-E776-AF82-12DF17AE4E1E,2016-ncaa-d0-natl,ncaa,221,228,175,231,230,182,222,276,144,211,232,173,221,244,130,232,50,60,94,59,18,240,219,153,111,165,126,226,13,144,65,231,319,196,157,149,66,254,272,191,228,243,207,217,,,123,137,,,266,237,223,280,166,244,297,212,231,215,247,22,33,31,246,208,137,242,189,131,264,233,200,,143,,,262,262,257,216,250,201,180,226,281,243,310,232,190,239,15,238,233,228,166,273,245,299,240,262,135,316,319,28,65,124,157,337,346,301,315,344,292,304,93,119,,,173,133,,,266,114,153,328,260,281,276,262,232,202,299,265,207,259,256,276,204,327,39,147,343,307,298,104,,156,,,b'\x11\xe8\xe1I\xca\xd0\xe7v\xaf\x82\x12\xdf\x17\xaeN\x1e'
11E8E149-CAD0-E776-AF82-12DF17AE4E1E,2016-ncaa-d1-conf-Southland,ncaa,6,8,1,7,1,1,2,3,4,1,3,4,5,7,4,9,2,2,3,2,3,3,3,5,3,4,5,8,3,2,2,1,9,2,6,1,1,13,8,3,6,8,2,6,,,12,5,,,7,2,10,8,4,7,10,7,7,8,8,3,3,3,8,10,7,5,5,2,6,7,4,,5,,,7,13,13,13,6,12,12,4,13,13,11,7,8,11,2,11,6,13,12,7,4,13,9,10,3,13,9,8,2,12,6,13,13,9,13,13,12,8,7,6,,,2,7,,,7,11,4,13,7,10,10,10,8,11,11,10,5,6,6,10,7,10,3,7,13,13,8,4,,10,,,b'\x11\xe8\xe1I\xca\xd0\xe7v\xaf\x82\x12\xdf\x17\xaeN\x1e'
11E8E149-CAD0-E776-AF82-12DF17AE4E1E,2016-ncaa-d1-natl,ncaa,191,227,99,217,132,150,181,224,131,163,188,144,218,232,163,234,33,38,85,38,22,187,144,152,106,165,147,243,14,126,61,148,319,131,138,97,38,309,282,178,196,228,168,200,,,161,118,,,252,154,195,282,163,231,284,194,218,229,249,21,32,30,239,194,141,191,156,104,281,212,180,,141,,,252,293,282,283,202,236,231,196,310,295,268,254,218,279,17,272,236,292,248,227,209,284,258,274,144,336,319,44,61,193,138,345,346,275,318,343,325,311,94,108,,,134,139,,,252,193,159,309,250,272,264,283,212,201,298,293,208,259,256,293,230,330,40,156,342,304,305,88,,149,,,b'\x11\xe8\xe1I\xca\xd0\xe7v\xaf\x82\x12\xdf\x17\xaeN\x1e'
11E8E149-CAD0-E776-AF82-12DF17AE4E1E,2017-ncaa-d0-natl,ncaa,337,323,321,338,333,345,346,345,340,345,308,344,307,315,240,248,213,184,280,183,40,340,315,335,325,344,87,208,11,252,202,272,312,275,260,320,72,320,346,335,332,325,187,144,,,68,117,,,341,321,125,260,340,347,332,339,243,280,275,131,85,82,306,158,174,128,141,293,347,309,131,,177,,,342,171,196,136,274,155,68,304,259,256,205,303,70,125,7,135,208,133,61,298,251,314,208,281,66,280,312,61,202,141,260,320,340,334,325,348,339,346,163,273,,,281,182,,,341,31,345,330,343,325,326,326,290,215,321,327,145,229,235,326,300,336,218,308,347,290,348,245,,164,,,b'\x11\xe8\xe1I\xca\xd0\xe7v\xaf\x82\x12\xdf\x17\xaeN\x1e'
11E8E149-CAD0-E776-AF82-12DF17AE4E1E,2017-ncaa-d1-conf-Southland,ncaa,12,12,9,12,10,12,13,13,12,11,7,13,12,12,10,10,10,8,12,7,6,13,12,12,12,12,6,9,2,8,9,7,13,9,10,12,2,10,13,11,12,12,2,2,,,3,2,,,12,11,8,5,12,13,12,10,7,11,11,9,6,5,11,8,7,6,8,11,12,11,2,,5,,,12,5,7,9,7,4,2,8,13,13,6,13,2,7,1,7,7,8,5,9,7,10,12,13,2,13,13,5,9,11,10,13,13,11,11,13,12,13,8,10,,,12,11,,,12,3,12,12,12,10,11,12,6,5,13,13,4,8,8,12,11,13,9,12,13,11,13,9,,11,,,b'\x11\xe8\xe1I\xca\xd0\xe7v\xaf\x82\x12\xdf\x17\xaeN\x1e'
11E8E149-CAD0-E776-AF82-12DF17AE4E1E,2017-ncaa-d1-natl,ncaa,342,331,336,342,341,346,348,347,339,346,315,344,310,317,262,247,220,183,286,178,39,342,319,336,328,344,91,213,11,255,206,262,312,274,256,325,67,321,347,334,335,326,188,150,,,73,134,,,343,323,139,262,342,347,332,340,246,288,273,137,82,77,308,166,179,115,130,296,346,317,135,,186,,,344,179,205,148,275,163,79,306,256,258,207,296,72,145,5,157,213,137,56,295,251,316,203,275,68,288,312,69,206,154,256,325,339,339,330,349,342,347,156,262,,,271,160,,,343,28,345,332,344,326,327,325,293,228,316,321,148,236,243,326,293,334,220,306,347,307,348,241,,160,,,b'\x11\xe8\xe1I\xca\xd0\xe7v\xaf\x82\x12\xdf\x17\xaeN\x1e'
11E8E149-CAD0-E776-AF82-12DF17AE4E1E,2018-ncaa-d0-natl,ncaa,342,308,343,342,343,348,346,343,329,339,321,329,319,312,295,181,343,343,236,344,302,346,340,326,327,338,210,178,193,230,91,340,289,334,211,310,48,252,338,314,262,177,233,138,,,53,269,,,323,345,176,82,332,317,236,293,190,254,208,301,296,300,274,114,76,288,184,208,339,171,161,,265,,,333,29,17,7,263,9,7,205,153,68,338,239,148,144,232,132,312,7,7,300,309,275,324,277,264,55,289,9,91,13,211,156,342,267,139,241,323,347,123,260,,,345,301,,,323,8,335,291,331,271,206,128,121,87,303,232,301,293,293,180,214,254,170,209,320,123,346,254,,272,,,b'\x11\xe8\xe1I\xca\xd0\xe7v\xaf\x82\x12\xdf\x17\xaeN\x1e'
11E8E149-CAD0-E776-AF82-12DF17AE4E1E,2018-ncaa-d1-conf-Southland,ncaa,13,13,9,13,11,11,11,11,12,10,9,11,12,10,10,10,13,13,10,13,13,11,10,12,12,12,9,9,12,9,6,11,7,11,8,9,3,10,11,10,12,10,6,4,,,8,11,,,13,11,8,4,11,11,7,9,6,10,9,13,13,13,9,6,4,8,8,5,11,10,5,,11,,,13,10,6,5,13,4,4,8,12,8,13,10,9,9,9,9,11,6,2,13,13,13,12,12,9,4,7,6,6,2,8,13,13,12,10,13,9,10,6,8,,,13,13,,,13,3,11,12,13,13,11,6,5,5,13,11,11,10,10,9,5,5,8,6,13,9,10,7,,13,,,b'\x11\xe8\xe1I\xca\xd0\xe7v\xaf\x82\x12\xdf\x17\xaeN\x1e'
11E8E149-CAD0-E776-AF82-12DF17AE4E1E,2018-ncaa-d1-natl,ncaa,335,307,343,335,345,345,341,339,322,328,300,322,303,293,288,185,333,332,218,333,306,342,335,324,323,336,214,189,199,182,69,335,287,313,175,272,41,296,338,308,245,177,217,132,,,74,232,,,318,343,168,84,323,304,224,278,176,251,215,301,297,300,259,103,56,255,149,174,341,169,154,,247,,,325,39,29,8,225,17,10,177,190,104,317,253,174,171,221,165,300,9,9,265,284,250,321,274,254,113,287,15,69,22,175,213,344,247,146,241,336,347,171,264,,,339,300,,,318,8,330,268,325,255,194,151,118,95,294,249,288,282,279,191,225,272,150,204,318,129,347,267,,268,,,b'\x11\xe8\xe1I\xca\xd0\xe7v\xaf\x82\x12\xdf\x17\xaeN\x1e'
11E8E149-CAD0-E776-AF82-12DF17AE4E1E,2019-ncaa-d0-natl,ncaa,200,109,335,165,340,217,246,305,131,195,238,115,294,300,265,277,37,43,130,47,17,274,257,167,109,186,206,297,5,175,43,330,271,299,158,246,204,269,302,270,58,22,251,255,,,302,343,,,144,279,7,153,58,100,101,58,71,249,234,1,3,4,41,4,54,259,141,135,340,9,211,,349,,,139,63,56,15,292,172,125,249,4,2,194,6,289,281,199,288,301,22,72,240,272,126,43,7,335,72,271,10,43,17,158,81,181,48,12,30,277,301,279,300,,,84,19,,,144,68,157,123,141,274,251,137,321,325,13,6,343,336,335,256,338,260,122,176,235,3,336,336,,2,,,b'\x11\xe8\xe1I\xca\xd0\xe7v\xaf\x82\x12\xdf\x17\xaeN\x1e'
11E8E149-CAD0-E776-AF82-12DF17AE4E1E,2019-ncaa-d1-conf-Southland,ncaa,5,5,4,5,4,3,4,3,5,3,2,5,7,7,9,8,2,1,5,1,3,3,2,5,4,5,7,10,3,4,3,6,5,3,4,4,6,9,4,7,2,3,8,9,,,13,11,,,5,2,1,3,2,3,2,2,2,7,7,2,1,1,2,1,4,6,3,5,9,3,8,,12,,,5,9,10,8,11,13,12,9,1,1,8,1,11,11,8,11,7,10,12,10,11,5,1,1,10,4,5,7,3,5,4,9,8,2,2,3,7,5,13,10,,,1,2,,,5,12,5,5,5,10,9,9,13,12,1,1,10,11,11,10,13,5,7,5,9,2,9,13,,1,,,b'\x11\xe8\xe1I\xca\xd0\xe7v\xaf\x82\x12\xdf\x17\xaeN\x1e'
11E8E149-CAD0-E776-AF82-12DF17AE4E1E,2019-ncaa-d1-natl,ncaa,164,108,314,143,319,120,155,223,96,100,129,93,278,287,226,286,11,13,126,14,18,158,112,133,88,151,224,306,6,98,36,279,239,206,102,164,190,322,300,260,23,18,239,251,,,344,343,,,102,124,3,158,40,71,85,32,52,254,252,1,2,2,29,4,35,220,96,102,339,8,214,,349,,,90,138,93,38,262,199,183,210,11,5,192,7,329,324,224,324,316,83,208,200,251,93,78,10,341,112,239,26,36,37,102,143,204,18,11,25,322,309,298,265,,,29,17,,,102,224,134,81,104,261,214,123,293,304,21,9,345,338,341,244,337,225,114,153,212,4,340,325,,1,,,b'\x11\xe8\xe1I\xca\xd0\xe7v\xaf\x82\x12\xdf\x17\xaeN\x1e'
11E8E149-CAD0-E776-AF82-12DF17AE4E1E,2020-ncaa-d0-natl,ncaa,140,67,336,110,347,189,210,302,80,172,211,111,258,301,83,282,41,42,172,43,34,260,239,99,81,140,190,267,22,283,228,313,170,326,222,264,273,258,283,282,58,36,180,207,,,343,350,,,122,202,2,349,36,72,117,57,60,201,248,9,6,6,44,15,217,208,233,176,332,15,134,,350,,,114,86,50,23,238,201,261,89,1,1,350,1,348,333,284,331,288,42,105,126,237,109,39,1,351,43,170,56,228,39,222,25,51,42,25,14,174,201,225,231,,,76,36,,,122,141,174,77,124,269,203,139,318,348,1,1,350,349,349,266,335,147,224,198,82,8,268,295,,8,,,b'\x11\xe8\xe1I\xca\xd0\xe7v\xaf\x82\x12\xdf\x17\xaeN\x1e'
11E8E149-CAD0-E776-AF82-12DF17AE4E1E,2020-ncaa-d1-conf-Southland,ncaa,4,4,1,4,13,2,2,1,3,2,5,3,4,6,2,7,2,2,5,1,3,1,1,3,2,3,4,9,4,8,9,7,4,6,6,4,9,10,5,4,2,4,3,8,,,12,11,,,2,1,1,13,2,2,1,2,5,4,6,2,2,1,1,1,8,7,6,4,10,2,3,,12,,,2,8,7,8,8,11,13,3,1,1,13,1,13,12,12,12,6,9,13,3,6,4,1,1,12,4,4,7,9,7,6,5,4,1,2,2,4,2,13,12,,,1,5,,,2,13,3,3,3,8,7,8,11,13,1,1,13,12,12,9,13,4,7,7,5,1,4,13,,1,,,b'\x11\xe8\xe1I\xca\xd0\xe7v\xaf\x82\x12\xdf\x17\xaeN\x1e'
11E8E149-CAD0-E776-AF82-12DF17AE4E1E,2020-ncaa-d1-natl,ncaa,114,67,326,91,338,91,135,230,74,106,144,108,204,270,53,282,14,10,164,10,29,162,119,90,67,112,170,251,18,229,189,294,159,284,192,192,252,279,257,261,23,26,168,214,,,349,350,,,74,70,1,348,24,53,78,49,51,171,230,6,5,5,27,9,186,210,219,129,324,7,143,,350,,,64,127,78,37,208,243,304,84,1,1,340,1,350,345,213,344,305,101,217,110,206,77,42,1,351,53,159,87,189,63,192,30,49,19,22,7,212,174,250,220,,,20,30,,,74,274,142,54,81,257,168,123,313,347,1,1,351,351,351,259,335,130,198,173,71,6,261,290,,5,,,b'\x11\xe8\xe1I\xca\xd0\xe7v\xaf\x82\x12\xdf\x17\xaeN\x1e'
11E8E149-CAD0-E776-AF82-12DF17AE4E1E,2021-ncaa-d0-natl,ncaa,128,83,219,106,229,154,169,200,88,96,98,115,311,306,292,334,27,15,256,15,17,166,156,172,138,188,300,340,5,91,44,245,170,190,98,233,321,282,277,304,47,24,252,286,,,296,339,,,112,162,6,129,47,78,100,14,10,333,327,1,2,2,22,6,30,237,94,225,328,13,244,,343,,,107,135,134,95,306,240,202,278,16,22,35,1,296,293,200,290,287,113,168,211,270,104,8,1,340,95,170,113,44,103,98,115,83,37,9,12,278,275,267,215,,,30,3,,,112,182,160,80,117,246,225,90,329,326,1,1,339,338,335,189,331,126,170,140,148,3,323,312,,1,,,b'\x11\xe8\xe1I\xca\xd0\xe7v\xaf\x82\x12\xdf\x17\xaeN\x1e'
11E8E149-CAD0-E776-AF82-12DF17AE4E1E,2021-ncaa-d1-conf-Southland,ncaa,2,2,3,2,3,2,2,1,3,1,2,4,11,10,11,11,1,1,8,1,2,1,1,4,5,4,11,12,1,2,3,6,5,2,4,4,12,11,7,8,2,2,6,11,,,12,11,,,3,1,1,5,2,2,2,1,1,11,11,1,1,1,1,1,2,8,3,7,8,2,7,,13,,,3,12,13,12,12,13,13,13,1,3,3,1,11,12,9,12,4,12,12,10,11,5,1,1,8,6,5,13,3,10,4,11,5,1,2,3,12,8,11,11,,,1,1,,,3,13,4,4,3,12,11,8,13,12,1,1,11,11,11,9,13,4,7,6,7,2,9,12,,1,,,b'\x11\xe8\xe1I\xca\xd0\xe7v\xaf\x82\x12\xdf\x17\xaeN\x1e'
11E8E149-CAD0-E776-AF82-12DF17AE4E1E,2021-ncaa-d1-natl,ncaa,74,82,152,83,160,75,86,113,78,37,35,114,268,275,218,330,9,4,238,5,23,75,53,143,110,158,288,336,9,18,18,181,137,97,48,144,282,325,253,276,23,24,210,282,,,334,337,,,66,70,5,147,24,52,59,13,8,312,320,1,2,2,12,4,13,238,53,157,326,12,239,,343,,,66,215,203,151,290,293,264,267,25,38,46,1,340,333,248,333,299,190,256,203,269,101,15,1,343,141,137,162,18,151,48,169,102,10,8,12,322,257,321,220,,,7,6,,,66,273,122,69,71,243,206,83,316,305,2,1,342,338,336,183,331,97,128,95,152,5,324,317,,1,,,b'\x11\xe8\xe1I\xca\xd0\xe7v\xaf\x82\x12\xdf\x17\xaeN\x1e'
11E8E149-CAD0-E776-AF82-12DF17AE4E1E,2022-ncaa-d0-natl,ncaa,214,210,216,221,236,204,224,212,247,132,57,321,348,352,188,354,28,13,242,12,59,160,111,304,267,300,301,348,2,39,14,276,140,172,75,302,336,330,315,343,98,78,259,281,,,334,351,,,271,154,37,195,174,211,170,73,14,350,352,5,3,3,70,14,18,294,95,316,343,71,265,,350,,,271,236,217,78,351,289,162,341,31,12,238,13,318,331,77,330,327,116,170,337,342,282,61,12,309,46,140,89,14,61,75,229,205,68,42,131,334,316,324,270,,,23,6,,,271,199,253,248,270,298,277,72,327,212,44,16,334,338,337,154,254,67,113,71,276,36,344,341,,1,,,b'\x11\xe8\xe1I\xca\xd0\xe7v\xaf\x82\x12\xdf\x17\xaeN\x1e'
11E8E149-CAD0-E776-AF82-12DF17AE4E1E,2022-ncaa-d1-conf-WAC,ncaa,5,5,2,5,5,5,7,6,10,2,1,12,13,13,7,13,1,1,5,1,3,2,1,11,9,11,11,13,1,1,1,7,3,2,2,10,11,13,13,12,4,4,9,9,,,13,12,,,8,2,2,9,5,10,9,3,1,13,13,1,1,1,3,1,1,9,2,12,13,4,9,,12,,,8,11,11,6,12,13,12,12,1,1,2,1,12,12,3,12,10,8,10,12,12,10,1,1,10,3,3,6,1,5,2,9,6,3,3,4,13,13,11,5,,,1,2,,,8,12,10,6,8,9,11,4,13,10,1,1,11,12,12,7,8,2,3,4,8,3,13,11,,1,,,b'\x11\xe8\xe1I\xca\xd0\xe7v\xaf\x82\x12\xdf\x17\xaeN\x1e'
11E8E149-CAD0-E776-AF82-12DF17AE4E1E,2022-ncaa-d1-natl,ncaa,176,209,100,195,125,112,132,107,194,49,14,289,337,348,159,354,4,4,220,4,56,70,30,279,229,267,314,351,3,11,12,212,159,81,66,248,334,351,302,336,39,43,198,241,,,353,346,,,229,52,19,230,111,145,119,37,8,347,352,3,2,2,34,11,13,281,74,284,342,40,211,,349,,,229,314,296,163,347,332,273,329,57,25,263,9,345,347,97,347,316,215,283,325,337,259,59,12,315,116,159,168,12,131,66,300,227,22,32,103,347,299,341,244,,,3,10,,,229,297,221,209,226,301,280,97,330,252,43,10,333,338,338,174,297,96,101,85,286,22,342,338,,1,,,b'\x11\xe8\xe1I\xca\xd0\xe7v\xaf\x82\x12\xdf\x17\xaeN\x1e'
11E8E149-CAD0-E776-AF82-12DF17AE4E1E,2023-ncaa-d0-natl,ncaa,242,203,290,239,295,213,225,138,302,207,90,335,229,254,159,288,148,110,296,115,160,132,142,302,296,266,184,223,92,23,18,310,210,147,109,296,325,139,121,264,201,154,189,218,,,198,280,,,230,250,77,46,141,166,27,138,19,198,213,85,45,48,20,12,6,272,46,272,229,147,161,,294,,,231,172,222,75,344,292,232,269,42,4,357,4,160,173,151,172,136,83,96,316,316,293,22,26,173,80,210,159,18,110,109,210,179,172,109,204,144,137,310,271,,,123,118,,,230,105,193,268,233,292,323,184,351,349,76,9,240,249,253,217,263,165,273,251,284,98,223,343,,35,,,b'\x11\xe8\xe1I\xca\xd0\xe7v\xaf\x82\x12\xdf\x17\xaeN\x1e'
11E8E149-CAD0-E776-AF82-12DF17AE4E1E,2023-ncaa-d1-conf-WAC,ncaa,7,8,4,8,4,7,8,2,11,7,3,13,7,8,3,10,6,6,12,6,12,2,2,11,12,10,8,7,7,1,1,11,6,3,3,10,12,7,2,10,6,8,4,6,,,9,8,,,9,5,7,4,8,8,1,6,2,8,8,7,4,4,2,2,1,10,3,10,4,8,6,,9,,,9,10,12,7,13,13,12,10,1,1,12,1,8,9,7,9,4,7,6,12,12,10,1,1,5,5,6,12,1,11,3,8,7,5,5,6,6,4,13,9,,,5,8,,,9,7,8,8,9,9,11,4,13,12,1,1,6,7,7,5,5,4,10,8,9,5,5,13,,4,,,b'\x11\xe8\xe1I\xca\xd0\xe7v\xaf\x82\x12\xdf\x17\xaeN\x1e'
11E8E149-CAD0-E776-AF82-12DF17AE4E1E,2023-ncaa-d1-natl,ncaa,219,203,219,219,230,178,185,90,292,168,55,328,212,235,139,285,122,78,312,78,158,85,88,292,293,264,186,220,106,11,12,277,212,103,94,269,321,173,109,253,167,153,152,183,,,241,278,,,201,167,73,50,125,133,18,122,14,194,207,82,42,44,12,7,3,267,32,267,227,135,138,,291,,,201,211,257,121,333,327,289,254,45,4,355,2,203,204,149,204,131,126,157,304,303,269,19,19,183,110,212,203,12,170,94,240,185,116,90,186,183,130,318,250,,,83,113,,,201,181,180,247,207,285,313,184,350,350,58,4,238,246,246,215,268,172,264,243,273,73,220,338,,28,,,b'\x11\xe8\xe1I\xca\xd0\xe7v\xaf\x82\x12\xdf\x17\xaeN\x1e'
11E8E149-CAD0-E776-AF82-12DF17AE4E1E,2024-ncaa-d0-natl,ncaa,334,312,325,335,328,291,340,269,355,334,233,359,271,258,281,240,45,32,233,32,10,210,211,352,331,324,45,227,1,100,120,343,324,286,303,328,255,218,235,327,216,189,324,331,,,212,287,,,308,254,33,21,195,311,77,300,102,222,182,5,4,4,35,12,27,319,155,309,323,136,304,,327,,,315,187,227,76,353,273,161,338,76,29,335,37,136,152,103,156,174,78,99,347,341,304,32,61,129,161,324,213,120,196,303,271,274,128,71,206,78,97,240,285,,,85,24,,,308,93,305,303,316,341,349,263,352,334,169,74,238,256,265,283,330,286,346,342,343,36,184,322,,8,,,b'\x11\xe8\xe1I\xca\xd0\xe7v\xaf\x82\x12\xdf\x17\xaeN\x1e'
11E8E149-CAD0-E776-AF82-12DF17AE4E1E,2024-ncaa-d1-conf-CUSA,ncaa,9,9,6,9,6,6,8,4,8,8,4,9,5,5,6,6,1,1,3,1,1,3,2,8,7,7,2,6,1,2,5,8,8,7,8,5,4,8,7,7,5,6,8,8,,,6,5,,,9,2,2,1,5,8,2,8,3,4,5,1,1,1,1,1,2,7,6,5,9,3,8,,7,,,9,8,9,6,9,9,8,9,5,2,9,2,3,3,6,3,2,6,7,9,9,9,1,2,1,6,8,8,5,9,8,8,7,4,6,7,3,2,8,8,,,1,2,,,9,6,7,9,9,9,9,9,9,9,7,2,3,5,5,9,9,7,8,9,9,4,6,8,,1,,,b'\x11\xe8\xe1I\xca\xd0\xe7v\xaf\x82\x12\xdf\x17\xaeN\x1e'
11E8E149-CAD0-E776-AF82-12DF17AE4E1E,2024-ncaa-d1-natl,ncaa,322,314,320,326,323,239,305,203,344,279,164,348,279,256,294,267,33,20,236,20,17,152,130,345,322,308,91,262,3,46,73,326,318,223,266,300,249,252,220,309,163,161,283,303,,,258,283,,,288,189,31,21,156,265,56,222,58,249,204,4,4,3,21,11,12,305,112,277,320,111,261,,329,,,291,229,262,108,349,310,207,333,84,36,303,40,166,183,89,188,173,112,169,341,326,262,27,58,140,207,318,249,73,233,266,289,268,77,64,181,108,91,252,249,,,47,26,,,288,161,273,277,291,332,344,264,351,334,152,76,228,252,261,282,335,289,342,335,334,31,189,321,,6,,,b'\x11\xe8\xe1I\xca\xd0\xe7v\xaf\x82\x12\xdf\x17\xaeN\x1e'
11E8E149-CAD0-E776-AF82-12DF17AE4E1E,2025-ncaa-d0-natl,genius_ncaa,265,199,335,257,344,340,344,334,329,250,144,344,361,361,360,360,92,51,323,52,62,301,270,357,341,346,341,360,4,122,58,361,324,336,264,289,109,288,327,314,62,20,353,353,,,213,338,,346,264,309,73,163,303,325,245,155,28,360,358,26,6,5,136,54,39,361,284,231,342,20,351,,339,,361,273,32,62,5,357,182,62,350,4,2,138,13,74,84,113,79,179,7,40,334,327,108,6,7,186,56,324,45,58,38,264,63,135,41,4,21,45,100,349,336,,,65,5,,33,264,47,332,106,275,173,220,33,322,204,8,8,173,187,180,41,252,175,206,199,176,5,142,359,,2,,14,b'\x11\xe8\xe1I\xca\xd0\xe7v\xaf\x82\x12\xdf\x17\xaeN\x1e'
11E8E149-CAD0-E776-AF82-12DF17AE4E1E,2025-ncaa-d1-conf-CUSA,genius_ncaa,8,8,3,8,4,8,9,5,9,5,1,9,10,10,10,10,2,1,9,1,4,4,1,10,10,10,9,10,1,1,4,10,10,5,6,7,3,9,9,9,1,1,10,10,,,8,8,,9,9,1,1,5,9,9,6,7,1,10,10,2,1,1,3,1,1,10,6,8,9,1,10,,8,,9,9,7,10,3,10,10,9,8,3,2,10,1,5,5,5,4,3,3,9,10,10,6,1,2,3,5,10,8,4,8,6,6,5,1,1,3,7,5,10,9,,,1,1,,2,9,10,10,6,9,6,8,2,10,9,3,1,5,5,4,2,9,4,8,7,6,1,7,10,,1,,2,b'\x11\xe8\xe1I\xca\xd0\xe7v\xaf\x82\x12\xdf\x17\xaeN\x1e'
11E8E149-CAD0-E776-AF82-12DF17AE4E1E,2025-ncaa-d1-natl,genius_ncaa,246,199,304,241,319,310,315,280,313,185,75,332,361,360,361,361,67,31,343,30,68,217,173,354,342,343,351,362,4,57,41,357,322,284,231,262,132,313,313,309,46,19,354,353,,,279,337,,353,232,236,53,169,279,292,177,92,11,361,358,23,4,4,82,21,20,360,210,220,344,15,353,,341,,359,235,54,82,14,348,217,111,323,4,3,133,11,125,150,48,146,206,19,108,297,294,77,6,5,215,110,322,109,41,106,231,82,145,24,3,16,76,81,359,327,,,28,5,,32,232,117,329,76,241,144,200,34,314,224,6,6,190,229,227,49,288,198,231,227,168,4,143,360,,2,,19,b'\x11\xe8\xe1I\xca\xd0\xe7v\xaf\x82\x12\xdf\x17\xaeN\x1e'
11E8E149-CAD0-E776-AF82-12DF17AE4E1E,2026-ncaa-d0-natl,genius_ncaa,212,39,354,136,356,357,347,351,201,323,321,264,352,361,156,348,359,350,360,349,317,354,354,243,301,299,353,313,308,296,91,354,310,349,229,339,197,22,258,238,170,8,361,354,,,5,157,,153,123,357,90,97,224,149,88,81,15,306,338,311,190,187,106,43,39,264,130,164,307,9,352,,191,,352,109,2,2,3,94,2,7,80,1,1,139,71,3,5,7,5,162,2,5,79,53,15,88,111,140,30,310,7,91,8,229,6,295,245,7,21,20,201,119,263,,,355,193,,173,123,6,261,27,119,35,54,44,88,161,52,42,69,143,141,49,279,303,250,301,149,8,259,332,,132,,26,b'\x11\xe8\xe1I\xca\xd0\xe7v\xaf\x82\x12\xdf\x17\xaeN\x1e'
11E8E149-CAD0-E776-AF82-12DF17AE4E1E,2026-ncaa-d1-natl,genius_ncaa,163,39,345,95,350,327,305,312,245,259,204,305,343,359,147,350,346,303,362,299,310,318,324,289,320,311,351,311,285,142,51,347,258,315,180,304,204,104,243,252,78,13,355,340,,,49,251,,201,106,344,55,100,211,141,41,72,4,291,327,282,140,140,45,12,13,246,64,167,315,13,342,,275,,323,76,2,3,4,51,6,9,43,2,3,81,26,41,76,11,65,264,4,14,26,28,2,111,40,311,53,258,46,51,37,180,12,306,79,4,9,93,203,280,292,,,299,166,,58,106,15,265,5,93,10,12,11,54,125,8,11,161,253,244,26,276,250,290,294,86,5,280,355,,73,,8,b'\x11\xe8\xe1I\xca\xd0\xe7v\xaf\x82\x12\xdf\x17\xaeN\x1e'
11E8E149-CAD5-2F84-AF82-12DF17AE4E1E,2010-ncaa-d0-natl,ncaa,45,62,20,64,36,82,133,220,43,272,333,11,8,9,48,6,114,181,19,178,9,212,239,11,9,12,5,8,198,343,345,73,17,257,289,49,13,65,111,23,156,161,262,273,,,183,188,,,77,137,322,252,167,242,337,323,343,12,16,182,265,266,333,343,345,177,339,66,18,241,291,,70,,,79,192,170,185,137,151,166,128,218,220,207,216,220,201,255,204,210,186,176,155,175,183,237,219,222,42,17,280,345,184,289,102,82,186,197,144,70,120,56,226,,,80,16,,,77,214,66,132,71,49,39,22,42,34,150,125,138,113,115,21,7,10,147,38,35,292,35,35,,211,,,b'\x11\xe8\xe1I\xca\xd5/\x84\xaf\x82\x12\xdf\x17\xaeN\x1e'
11E8E149-CAD5-2F84-AF82-12DF17AE4E1E,2010-ncaa-d1-conf-SoCon,ncaa,2,2,1,2,1,3,3,8,1,10,11,1,1,1,2,1,6,10,1,10,3,9,11,1,1,1,1,1,9,11,11,5,3,11,11,2,1,1,2,1,7,6,8,9,,,3,2,,,1,7,11,7,4,5,10,11,11,1,1,8,11,11,11,11,11,7,11,2,1,7,8,,2,,,1,2,4,7,2,5,7,3,2,3,5,5,4,4,11,4,3,6,5,2,3,3,5,4,5,3,3,7,11,8,11,3,4,8,7,4,1,1,2,7,,,6,3,,,1,5,1,2,1,1,1,3,3,4,2,3,4,2,2,3,1,3,6,3,2,9,1,2,,7,,,b'\x11\xe8\xe1I\xca\xd5/\x84\xaf\x82\x12\xdf\x17\xaeN\x1e'
11E8E149-CAD5-2F84-AF82-12DF17AE4E1E,2010-ncaa-d1-natl,ncaa,46,62,22,65,37,93,143,234,44,292,337,11,9,10,48,6,121,187,19,182,10,225,263,11,9,12,4,7,196,343,345,81,19,277,292,50,13,52,113,23,167,169,265,273,,,167,187,,,80,148,322,251,173,246,338,328,343,12,16,182,268,270,336,343,345,179,339,69,18,243,294,,71,,,82,177,153,172,142,139,148,132,209,211,209,215,210,191,256,195,209,169,155,160,181,188,236,217,219,36,19,272,345,176,292,93,86,205,202,151,58,125,52,230,,,90,14,,,80,201,68,139,75,53,44,22,45,33,150,126,138,115,116,22,6,10,150,38,36,295,35,36,,212,,,b'\x11\xe8\xe1I\xca\xd5/\x84\xaf\x82\x12\xdf\x17\xaeN\x1e'
11E8E149-CAD5-2F84-AF82-12DF17AE4E1E,2011-ncaa-d0-natl,ncaa,30,24,77,28,78,133,170,296,27,291,335,31,5,36,4,7,179,274,5,270,39,300,313,5,4,10,4,5,234,342,343,127,39,320,307,91,32,35,143,33,244,232,314,317,,,60,78,,,70,253,333,16,178,234,342,325,340,7,38,232,309,307,340,342,343,206,340,106,21,279,320,,30,,,69,65,122,138,133,181,167,201,53,125,13,164,66,63,197,63,66,110,102,100,88,113,39,81,103,56,39,155,343,93,307,33,23,218,196,100,55,157,21,151,,,156,6,,,70,126,52,81,46,37,73,62,139,93,38,94,45,37,38,27,16,21,99,44,18,268,46,18,,211,,,b'\x11\xe8\xe1I\xca\xd5/\x84\xaf\x82\x12\xdf\x17\xaeN\x1e'
11E8E149-CAD5-2F84-AF82-12DF17AE4E1E,2011-ncaa-d1-conf-SoCon,ncaa,2,2,1,2,1,3,4,10,1,9,11,1,1,2,1,1,6,9,2,9,2,10,10,1,1,1,1,1,7,11,11,5,3,11,11,3,4,3,4,3,9,7,11,11,,,3,3,,,2,7,11,1,4,5,11,10,11,2,2,7,11,11,11,11,11,7,11,3,2,9,11,,2,,,2,3,5,5,3,6,5,8,2,6,1,7,5,4,9,5,5,5,6,3,4,4,3,3,5,4,3,5,11,4,11,2,1,7,7,4,3,4,3,7,,,2,1,,,2,8,2,2,2,1,4,3,4,3,2,4,5,3,3,2,1,4,2,1,1,10,2,2,,5,,,b'\x11\xe8\xe1I\xca\xd5/\x84\xaf\x82\x12\xdf\x17\xaeN\x1e'
11E8E149-CAD5-2F84-AF82-12DF17AE4E1E,2011-ncaa-d1-natl,ncaa,25,23,51,26,52,111,152,286,24,285,335,31,4,29,4,7,174,269,6,260,40,294,310,4,3,8,4,5,244,343,342,99,39,318,298,67,30,30,127,25,249,234,310,315,,,52,67,,,63,228,333,17,165,221,342,324,340,6,35,234,310,306,341,342,343,189,340,91,16,286,320,,22,,,65,87,137,168,125,184,178,192,76,162,21,191,71,60,220,61,64,132,118,102,92,120,57,110,101,57,39,175,342,109,298,35,22,220,206,104,58,143,19,136,,,149,11,,,63,155,43,89,40,41,72,66,118,77,58,118,47,37,36,29,17,21,91,34,18,281,39,15,,235,,,b'\x11\xe8\xe1I\xca\xd5/\x84\xaf\x82\x12\xdf\x17\xaeN\x1e'
11E8E149-CAD5-2F84-AF82-12DF17AE4E1E,2011-ncaa-d1-ncaatournament,ncaa,33,2,33,33,34,56,62,55,62,60,57,62,42,42,44,17,39,35,39,35,11,51,58,60,56,51,4,15,4,58,60,62,60,61,64,55,36,6,17,46,58,61,42,42,,,27,56,,,59,53,43,3,56,62,52,60,54,31,17,22,14,14,48,57,55,61,61,55,8,58,37,,58,,,59,20,16,6,53,15,14,36,15,6,63,11,30,29,19,28,52,16,20,50,50,51,37,23,53,24,60,29,60,30,64,18,40,41,29,40,1,6,1,1,,,36,1,,,59,14,58,56,59,49,41,17,40,37,24,7,56,56,56,36,42,47,61,62,41,28,3,1,,9,,,b'\x11\xe8\xe1I\xca\xd5/\x84\xaf\x82\x12\xdf\x17\xaeN\x1e'
11E8E149-CAD5-2F84-AF82-12DF17AE4E1E,2012-ncaa-d0-natl,ncaa,87,107,48,100,57,124,133,219,49,252,320,42,15,26,20,13,260,298,50,300,138,242,248,15,21,34,19,10,303,342,343,106,81,305,331,83,51,112,196,70,226,249,240,265,,,119,68,,,128,133,284,137,205,217,333,320,339,18,38,302,324,325,336,340,343,205,341,112,56,272,264,,41,,,132,172,157,213,93,183,233,103,126,163,82,147,205,135,337,147,114,204,220,92,112,105,150,116,229,133,81,309,343,263,331,90,67,128,145,84,123,178,123,265,,,131,34,,,128,232,146,91,117,70,68,82,100,123,88,97,143,88,95,70,62,58,230,153,53,197,79,80,,229,,,b'\x11\xe8\xe1I\xca\xd5/\x84\xaf\x82\x12\xdf\x17\xaeN\x1e'
11E8E149-CAD5-2F84-AF82-12DF17AE4E1E,2012-ncaa-d1-conf-SoCon,ncaa,4,4,1,4,1,2,2,7,1,7,11,1,1,1,1,1,7,9,1,9,6,9,10,1,1,1,1,1,11,11,11,4,3,10,11,2,1,3,4,2,6,6,9,9,,,5,4,,,4,4,8,3,6,4,11,8,11,1,2,9,11,11,11,11,11,6,11,2,2,8,10,,4,,,4,6,6,6,5,7,6,5,4,7,5,5,6,5,11,5,5,6,8,4,5,4,6,4,8,4,3,10,11,9,11,5,5,3,3,4,2,3,2,7,,,4,1,,,4,8,4,3,4,2,4,4,5,4,2,4,5,4,4,3,5,4,9,3,2,5,2,1,,7,,,b'\x11\xe8\xe1I\xca\xd5/\x84\xaf\x82\x12\xdf\x17\xaeN\x1e'
11E8E149-CAD5-2F84-AF82-12DF17AE4E1E,2012-ncaa-d1-natl,ncaa,90,107,55,101,64,145,163,245,51,275,329,45,15,28,18,13,271,305,50,308,137,272,280,17,22,34,18,10,303,343,343,120,87,319,331,94,52,98,198,74,242,256,251,266,,,94,73,,,137,161,285,136,209,226,337,321,339,19,40,305,326,327,340,340,343,214,342,118,55,278,267,,45,,,138,150,139,191,102,169,214,106,114,146,89,140,194,122,339,131,115,176,190,95,118,114,150,120,229,122,87,303,343,247,331,73,70,146,152,96,105,180,118,268,,,151,29,,,137,206,150,102,124,75,72,81,107,124,91,99,148,86,95,69,61,62,234,156,53,207,79,84,,229,,,b'\x11\xe8\xe1I\xca\xd5/\x84\xaf\x82\x12\xdf\x17\xaeN\x1e'
11E8E149-CAD5-2F84-AF82-12DF17AE4E1E,2012-ncaa-d1-ncaatournament,ncaa,33,2,33,33,34,56,58,57,51,61,62,49,34,35,41,3,54,61,8,61,56,61,61,49,47,51,6,2,50,62,63,58,40,63,63,49,36,22,58,56,53,49,40,32,,,12,32,,,61,46,31,5,55,58,55,61,62,10,4,53,61,61,61,60,62,57,63,44,51,47,23,,29,,,62,26,24,10,59,28,15,60,9,6,39,10,32,24,63,23,52,14,14,56,60,62,30,12,55,8,40,25,63,18,63,16,31,47,41,46,10,22,18,58,,,49,33,,,61,19,58,60,62,58,54,12,58,28,18,9,59,53,52,26,19,12,56,44,41,40,16,37,,41,,,b'\x11\xe8\xe1I\xca\xd5/\x84\xaf\x82\x12\xdf\x17\xaeN\x1e'
11E8E149-CAD5-2F84-AF82-12DF17AE4E1E,2013-ncaa-d0-natl,ncaa,177,166,183,180,236,292,312,331,201,341,341,227,40,60,37,13,315,336,17,335,119,335,332,95,87,148,7,7,254,345,345,120,23,325,317,215,27,114,287,172,321,311,241,232,,,67,144,,,184,288,287,267,308,327,342,344,342,28,46,310,338,336,343,341,345,60,338,216,142,315,238,,78,,,186,24,23,61,39,48,84,61,35,90,18,131,164,171,124,179,234,71,48,30,42,73,165,84,281,26,23,244,345,130,317,26,98,301,265,146,205,323,8,147,,,309,159,,,184,70,280,65,181,42,30,63,66,102,42,103,197,207,214,76,35,32,272,162,33,299,222,13,,311,,,b'\x11\xe8\xe1I\xca\xd5/\x84\xaf\x82\x12\xdf\x17\xaeN\x1e'
11E8E149-CAD5-2F84-AF82-12DF17AE4E1E,2013-ncaa-d1-conf-SoCon,ncaa,5,5,3,5,6,9,10,11,5,11,11,6,1,1,1,1,8,10,1,10,1,11,11,4,3,4,1,1,4,11,11,1,1,11,10,5,1,3,10,4,11,10,6,6,,,3,5,,,5,10,10,9,10,10,11,11,11,1,1,8,11,11,11,11,11,1,11,5,3,11,6,,3,,,5,1,1,4,1,1,2,1,3,8,2,9,6,7,4,7,7,4,2,1,2,4,9,6,9,1,1,8,11,4,10,1,5,11,11,8,4,11,2,4,,,10,3,,,5,2,7,4,5,2,1,3,1,2,3,9,6,6,6,3,1,2,8,3,2,11,4,2,,11,,,b'\x11\xe8\xe1I\xca\xd5/\x84\xaf\x82\x12\xdf\x17\xaeN\x1e'
11E8E149-CAD5-2F84-AF82-12DF17AE4E1E,2013-ncaa-d1-natl,ncaa,171,165,136,177,200,284,307,332,199,339,343,226,37,57,38,13,311,335,17,333,134,336,339,94,88,144,7,7,263,345,345,93,23,324,315,189,24,110,279,159,313,306,227,212,,,74,137,,,171,272,292,267,310,325,341,344,342,31,48,312,338,337,343,342,345,55,337,200,120,311,227,,73,,,171,24,19,69,31,52,95,52,34,107,10,136,164,190,87,196,232,82,58,23,27,64,156,80,279,34,23,271,345,169,315,26,98,294,266,134,209,319,8,137,,,314,187,,,171,85,283,53,167,34,27,61,56,97,37,102,175,199,206,74,36,35,273,173,29,297,208,11,,319,,,b'\x11\xe8\xe1I\xca\xd5/\x84\xaf\x82\x12\xdf\x17\xaeN\x1e'
11E8E149-CAD5-2F84-AF82-12DF17AE4E1E,2014-ncaa-d0-natl,ncaa,258,246,254,261,257,335,330,341,234,341,346,200,120,130,131,29,344,343,243,344,240,344,343,152,184,251,51,25,328,347,349,280,52,341,328,269,76,95,309,234,286,229,279,253,,,82,264,,,237,336,339,33,336,336,345,346,346,96,95,343,344,344,347,347,348,253,348,260,157,264,267,,138,,,242,10,10,10,118,13,49,39,43,11,342,33,110,108,197,110,208,8,10,109,136,90,216,133,284,5,52,149,349,50,328,9,71,205,79,39,100,292,285,349,,,318,74,,,237,18,313,61,226,31,21,8,29,80,59,13,165,161,161,9,14,16,235,122,20,161,164,325,,305,,,b'\x11\xe8\xe1I\xca\xd5/\x84\xaf\x82\x12\xdf\x17\xaeN\x1e'
11E8E149-CAD5-2F84-AF82-12DF17AE4E1E,2014-ncaa-d1-conf-SoCon,ncaa,7,6,6,7,6,10,10,10,6,10,10,5,2,2,4,1,10,10,6,10,4,10,10,3,4,6,1,1,9,10,10,8,2,10,10,7,1,5,10,5,8,8,8,7,,,2,7,,,7,10,10,2,10,10,10,10,10,1,1,10,10,10,10,10,10,7,10,4,6,8,7,,5,,,7,1,1,1,3,1,2,2,2,1,9,3,5,4,8,4,7,1,1,4,4,3,10,8,8,2,2,4,10,3,10,1,4,7,2,2,8,10,8,10,,,10,3,,,7,1,8,2,7,2,2,2,2,3,3,2,7,6,7,2,2,2,7,3,2,5,9,8,,6,,,b'\x11\xe8\xe1I\xca\xd5/\x84\xaf\x82\x12\xdf\x17\xaeN\x1e'
11E8E149-CAD5-2F84-AF82-12DF17AE4E1E,2014-ncaa-d1-natl,ncaa,270,262,211,273,217,336,331,341,250,344,347,214,124,118,145,30,344,343,240,343,229,346,344,167,201,263,51,26,326,348,349,275,55,343,331,270,77,115,312,246,276,224,276,259,,,89,262,,,248,334,338,34,337,339,345,347,346,99,96,343,344,344,347,346,348,258,348,269,158,262,270,,128,,,250,11,7,8,116,15,58,38,46,12,341,35,122,109,213,110,199,10,15,109,131,87,215,129,280,10,55,180,349,78,331,8,71,184,79,40,119,293,283,348,,,316,76,,,248,21,316,61,235,26,21,7,28,80,54,13,155,149,149,9,14,17,238,133,18,165,162,310,,305,,,b'\x11\xe8\xe1I\xca\xd5/\x84\xaf\x82\x12\xdf\x17\xaeN\x1e'
11E8E149-CAD5-2F84-AF82-12DF17AE4E1E,2015-ncaa-d0-natl,ncaa,188,161,243,190,261,279,278,343,30,315,345,41,108,167,16,58,321,330,141,329,134,343,346,13,17,64,55,37,304,349,348,235,7,338,215,174,44,75,277,119,334,315,291,280,,,58,228,,,151,327,333,174,272,269,348,310,340,78,135,314,326,326,348,348,349,183,344,132,127,330,292,,99,,,149,22,18,20,149,43,53,126,29,25,154,81,147,104,319,105,212,19,12,119,153,176,144,84,275,1,7,41,348,6,215,6,24,307,231,104,120,289,182,333,,,279,30,,,151,29,153,119,134,39,36,19,70,79,37,30,183,144,152,20,7,1,84,17,16,295,171,210,,254,,,b'\x11\xe8\xe1I\xca\xd5/\x84\xaf\x82\x12\xdf\x17\xaeN\x1e'
11E8E149-CAD5-2F84-AF82-12DF17AE4E1E,2015-ncaa-d1-conf-SoCon,ncaa,4,4,5,4,5,6,6,8,3,7,8,3,2,2,1,1,8,8,4,8,5,8,8,2,2,2,1,1,7,8,8,6,1,8,6,2,1,2,3,3,7,5,5,5,,,4,7,,,4,8,7,5,6,6,8,7,8,1,1,8,8,8,8,8,8,5,8,2,3,7,5,,5,,,4,2,1,1,5,1,1,5,2,1,5,5,6,7,6,7,7,1,1,4,5,4,8,5,7,1,1,3,8,1,6,2,4,6,4,2,2,2,4,8,,,8,2,,,4,1,4,3,4,2,2,1,1,1,2,2,6,7,7,2,1,1,5,2,2,5,2,6,,7,,,b'\x11\xe8\xe1I\xca\xd5/\x84\xaf\x82\x12\xdf\x17\xaeN\x1e'
11E8E149-CAD5-2F84-AF82-12DF17AE4E1E,2015-ncaa-d1-natl,ncaa,180,160,209,181,248,278,283,347,36,322,346,45,105,162,16,58,322,329,158,326,127,348,348,14,20,68,55,34,305,349,347,238,9,342,223,166,40,90,281,121,327,311,292,272,,,57,230,,,150,335,333,174,276,275,348,316,341,78,136,321,326,324,348,348,349,199,344,132,135,326,290,,101,,,147,21,19,15,142,47,55,113,26,18,165,75,152,114,311,118,211,13,7,114,150,169,142,84,277,1,9,39,347,7,223,6,25,293,208,93,131,289,178,334,,,266,27,,,150,20,163,112,135,37,29,16,63,70,34,28,180,146,151,18,7,1,85,18,14,277,172,207,,244,,,b'\x11\xe8\xe1I\xca\xd5/\x84\xaf\x82\x12\xdf\x17\xaeN\x1e'
11E8E149-CAD5-2F84-AF82-12DF17AE4E1E,2016-ncaa-d0-natl,ncaa,119,73,240,96,258,321,323,341,191,330,346,94,158,130,244,24,316,320,174,316,93,341,342,141,153,182,65,52,231,348,347,227,19,327,219,279,133,42,242,192,302,234,156,105,,,27,152,,,117,333,341,182,324,328,348,334,346,141,97,304,315,313,348,348,347,177,331,271,82,293,140,,43,,,115,2,2,14,26,7,29,39,8,24,11,87,55,35,319,37,124,7,7,21,25,23,100,53,267,2,19,78,347,19,219,2,29,250,100,31,28,148,171,330,,,288,60,,,117,18,253,17,108,4,4,9,20,46,15,26,88,57,58,8,2,6,135,45,4,218,52,202,,268,,,b'\x11\xe8\xe1I\xca\xd5/\x84\xaf\x82\x12\xdf\x17\xaeN\x1e'
11E8E149-CAD5-2F84-AF82-12DF17AE4E1E,2016-ncaa-d1-conf-SoCon,ncaa,3,3,3,3,4,7,7,8,4,7,8,3,2,2,5,2,7,6,4,6,3,8,8,3,3,4,2,2,4,8,8,4,1,8,7,3,1,4,5,3,6,5,2,2,,,2,4,,,3,7,7,6,8,7,8,8,8,2,4,6,5,5,8,8,8,3,8,3,4,7,2,,3,,,3,1,1,1,2,1,3,2,1,1,2,4,2,2,2,2,3,1,1,2,2,1,4,4,6,1,1,5,8,2,7,1,2,4,4,1,1,2,5,7,,,5,2,,,3,1,5,1,3,2,1,1,2,2,2,2,2,2,2,1,2,1,3,2,1,4,2,4,,4,,,b'\x11\xe8\xe1I\xca\xd5/\x84\xaf\x82\x12\xdf\x17\xaeN\x1e'
11E8E149-CAD5-2F84-AF82-12DF17AE4E1E,2016-ncaa-d1-natl,ncaa,95,73,142,89,179,301,305,339,177,334,346,95,118,93,207,22,308,314,186,307,101,338,343,124,141,169,46,36,252,348,347,184,14,321,205,245,106,54,235,169,283,217,151,106,,,35,141,,,101,328,342,199,324,326,348,338,347,115,91,316,321,317,349,349,348,183,336,258,72,291,154,,34,,,100,2,1,7,23,9,35,36,10,28,13,97,57,45,315,45,119,4,8,19,23,16,112,65,265,1,14,133,347,33,205,2,38,207,78,22,33,138,197,333,,,248,53,,,101,22,234,10,95,3,3,6,9,28,16,25,67,45,46,5,2,4,138,41,3,206,43,206,,270,,,b'\x11\xe8\xe1I\xca\xd5/\x84\xaf\x82\x12\xdf\x17\xaeN\x1e'
11E8E149-CAD5-2F84-AF82-12DF17AE4E1E,2017-ncaa-d0-natl,ncaa,237,247,168,250,215,307,310,338,173,337,347,113,125,118,155,18,323,332,170,332,119,341,343,106,120,162,27,24,267,349,348,290,46,345,322,187,15,54,236,119,307,247,254,241,,,100,275,,,236,323,345,268,326,324,348,344,348,106,95,336,335,335,349,349,349,315,347,186,65,310,262,,111,,,234,35,29,12,231,64,42,216,25,19,195,50,214,209,192,206,279,15,11,199,243,252,137,52,304,9,46,152,348,48,322,13,50,288,186,127,56,200,187,333,,,310,105,,,236,19,261,194,243,43,29,4,76,33,26,16,228,221,222,7,1,10,171,61,21,288,71,196,,322,,,b'\x11\xe8\xe1I\xca\xd5/\x84\xaf\x82\x12\xdf\x17\xaeN\x1e'
11E8E149-CAD5-2F84-AF82-12DF17AE4E1E,2017-ncaa-d1-conf-SoCon,ncaa,6,6,3,6,4,6,7,6,6,8,8,4,3,1,7,1,7,7,6,7,5,7,7,5,5,5,1,1,7,8,8,6,1,8,7,3,1,5,5,3,6,6,5,5,,,6,7,,,6,5,7,5,8,8,8,8,8,2,1,7,7,7,8,8,8,7,8,3,4,6,5,,5,,,6,4,1,1,6,3,1,3,1,1,7,1,8,8,8,8,8,1,2,6,8,6,6,1,8,1,1,8,8,3,7,1,1,4,3,1,2,3,5,6,,,3,2,,,6,3,7,6,6,3,1,1,4,2,1,1,8,8,8,1,1,1,7,3,1,5,3,5,,3,,,b'\x11\xe8\xe1I\xca\xd5/\x84\xaf\x82\x12\xdf\x17\xaeN\x1e'
11E8E149-CAD5-2F84-AF82-12DF17AE4E1E,2017-ncaa-d1-natl,ncaa,236,247,144,247,198,305,305,340,171,339,347,112,112,104,143,19,333,337,169,337,137,343,347,106,117,157,30,21,276,349,348,296,44,345,319,176,13,47,231,106,311,254,260,237,,,90,266,,,236,336,346,270,326,323,348,344,348,100,94,339,339,339,349,349,349,316,346,173,62,318,261,,96,,,234,31,27,10,239,70,45,226,28,20,196,58,202,205,183,198,275,11,9,208,250,254,135,58,295,9,44,156,348,38,319,16,53,296,200,143,51,192,191,335,,,320,129,,,236,12,246,202,244,43,31,4,73,31,29,19,208,212,205,7,1,10,163,59,21,301,64,200,,331,,,b'\x11\xe8\xe1I\xca\xd5/\x84\xaf\x82\x12\xdf\x17\xaeN\x1e'
11E8E149-CAD5-2F84-AF82-12DF17AE4E1E,2018-ncaa-d0-natl,ncaa,185,189,164,195,172,272,288,306,227,304,317,202,167,165,190,84,213,236,127,233,65,303,312,197,175,219,68,102,103,346,346,179,87,319,309,149,10,136,249,139,302,295,210,233,,,78,133,,,239,247,286,54,301,309,334,315,323,167,147,211,228,225,328,335,346,168,333,137,158,302,218,,98,,,240,94,123,116,202,230,219,198,28,30,96,33,131,119,220,125,107,98,88,143,134,174,28,25,188,57,87,244,346,173,309,49,37,247,215,144,169,263,204,311,,,245,115,,,239,105,279,156,241,112,155,109,241,249,34,33,156,141,143,94,67,76,262,203,70,241,183,213,,237,,,b'\x11\xe8\xe1I\xca\xd5/\x84\xaf\x82\x12\xdf\x17\xaeN\x1e'
11E8E149-CAD5-2F84-AF82-12DF17AE4E1E,2018-ncaa-d1-conf-SoCon,ncaa,4,5,3,5,4,4,6,6,5,7,7,5,1,2,4,2,5,4,5,4,2,5,5,4,4,5,1,2,3,8,8,3,1,5,7,2,1,5,6,3,6,6,7,7,,,6,4,,,6,4,5,4,7,7,7,7,8,2,3,4,5,5,7,8,8,3,8,3,5,6,7,,3,,,6,5,6,5,7,8,8,4,2,1,5,1,6,6,7,6,4,6,4,6,6,6,2,1,6,1,1,6,8,6,7,1,1,6,5,3,7,7,7,8,,,5,3,,,6,5,6,4,6,4,4,3,6,8,2,1,5,5,5,4,2,2,7,5,1,6,6,6,,4,,,b'\x11\xe8\xe1I\xca\xd5/\x84\xaf\x82\x12\xdf\x17\xaeN\x1e'
11E8E149-CAD5-2F84-AF82-12DF17AE4E1E,2018-ncaa-d1-natl,ncaa,186,188,144,196,153,281,293,314,230,311,324,211,158,155,167,82,229,252,131,250,78,313,320,189,173,221,64,89,118,346,346,179,83,318,312,140,6,139,257,140,316,304,226,243,,,69,128,,,247,261,294,59,305,311,339,325,327,156,150,232,240,239,332,337,345,175,337,130,160,316,228,,87,,,247,96,143,109,221,246,229,206,26,26,85,26,118,100,207,108,89,95,68,148,142,183,20,24,164,55,83,252,346,175,312,55,38,249,217,151,172,263,222,315,,,254,127,,,247,95,285,163,247,108,156,107,252,253,27,23,137,126,134,85,58,63,261,197,68,251,181,217,,251,,,b'\x11\xe8\xe1I\xca\xd5/\x84\xaf\x82\x12\xdf\x17\xaeN\x1e'
11E8E149-CAD5-2F84-AF82-12DF17AE4E1E,2019-ncaa-d0-natl,ncaa,277,269,292,282,297,314,319,347,166,348,351,124,111,126,105,19,322,333,122,334,87,348,349,90,94,138,22,20,240,351,350,312,132,347,334,282,119,36,235,191,345,334,312,313,,,87,283,,,280,337,331,91,300,313,348,344,348,71,78,307,315,317,349,350,351,281,350,253,114,339,306,,179,,,281,81,104,31,302,176,105,280,37,19,252,32,153,119,304,126,170,27,11,278,291,327,60,44,218,20,132,77,350,37,334,29,28,345,324,268,51,235,127,329,,,313,92,,,280,18,239,313,290,202,229,82,274,221,68,27,232,195,200,89,20,63,191,127,79,335,124,180,,279,,,b'\x11\xe8\xe1I\xca\xd5/\x84\xaf\x82\x12\xdf\x17\xaeN\x1e'
11E8E149-CAD5-2F84-AF82-12DF17AE4E1E,2019-ncaa-d1-conf-SoCon,ncaa,6,6,5,6,6,7,7,8,3,8,8,1,1,1,3,1,7,8,2,8,3,8,8,2,1,3,1,1,7,8,8,8,2,8,7,6,1,4,7,4,8,8,7,7,,,3,8,,,7,8,8,3,7,7,8,8,8,1,1,6,7,8,8,8,8,8,8,4,4,8,7,,4,,,7,1,1,1,8,2,2,7,4,1,7,2,2,3,2,3,5,1,1,7,7,7,4,4,4,1,2,2,8,2,7,3,6,8,5,7,4,7,1,5,,,7,3,,,7,1,7,5,6,4,3,1,4,3,4,1,4,4,4,1,1,1,4,2,4,8,5,2,,6,,,b'\x11\xe8\xe1I\xca\xd5/\x84\xaf\x82\x12\xdf\x17\xaeN\x1e'
11E8E149-CAD5-2F84-AF82-12DF17AE4E1E,2019-ncaa-d1-natl,ncaa,266,266,233,268,255,291,307,346,151,345,351,107,92,108,94,18,298,323,78,324,83,345,348,83,79,118,23,18,233,351,351,290,135,351,337,263,110,50,230,185,340,331,301,302,,,109,264,,,275,336,331,92,295,309,349,343,348,68,74,295,318,319,350,350,351,281,351,253,108,337,298,,166,,,277,111,131,50,293,197,146,272,39,20,243,36,172,136,305,137,153,45,14,263,282,320,64,41,214,37,135,111,351,61,337,32,19,336,311,244,55,224,134,325,,,299,97,,,275,21,227,303,276,190,212,78,261,216,67,32,223,185,190,83,22,61,189,128,64,330,103,171,,285,,,b'\x11\xe8\xe1I\xca\xd5/\x84\xaf\x82\x12\xdf\x17\xaeN\x1e'
11E8E149-CAD5-2F84-AF82-12DF17AE4E1E,2020-ncaa-d0-natl,ncaa,123,150,33,146,77,102,83,96,97,137,179,112,60,79,60,92,272,282,183,283,284,133,167,80,98,87,126,67,319,189,201,204,132,195,183,56,75,109,104,65,234,240,286,290,,,124,133,,,122,160,281,253,156,117,164,191,246,74,101,305,309,312,224,280,230,277,271,72,70,262,303,,80,,,125,201,185,146,214,134,110,196,265,223,301,249,182,163,217,164,218,144,165,255,248,232,270,272,173,90,132,217,201,162,183,224,233,143,135,183,56,54,123,122,,,245,272,,,122,181,93,199,132,114,115,49,79,41,234,178,147,133,131,45,39,51,135,88,184,189,38,100,,295,,,b'\x11\xe8\xe1I\xca\xd5/\x84\xaf\x82\x12\xdf\x17\xaeN\x1e'
11E8E149-CAD5-2F84-AF82-12DF17AE4E1E,2020-ncaa-d1-conf-SoCon,ncaa,1,1,1,1,2,1,1,2,1,3,4,3,1,1,1,2,4,5,5,5,5,2,1,1,1,1,1,2,7,4,4,3,2,3,4,1,3,3,3,3,3,3,5,5,,,3,2,,,1,1,5,5,1,1,3,4,5,1,2,6,7,7,4,6,5,5,6,1,3,4,5,,2,,,1,5,4,6,3,4,3,6,7,8,3,7,3,3,3,3,5,5,6,4,5,2,6,7,2,3,2,6,4,5,4,7,7,1,1,2,3,3,2,3,,,4,6,,,1,7,1,2,1,2,1,1,1,1,6,7,2,2,2,1,1,1,4,2,2,1,3,2,,6,,,b'\x11\xe8\xe1I\xca\xd5/\x84\xaf\x82\x12\xdf\x17\xaeN\x1e'
11E8E149-CAD5-2F84-AF82-12DF17AE4E1E,2020-ncaa-d1-natl,ncaa,133,150,45,151,111,126,97,128,100,165,215,122,67,91,64,92,292,293,184,297,282,171,218,89,104,96,123,64,318,213,209,238,135,240,196,64,80,91,104,70,253,248,298,293,,,104,138,,,136,204,285,253,163,133,174,206,252,80,103,306,310,312,235,287,237,283,278,78,75,270,304,,83,,,138,174,165,112,225,119,82,207,255,205,303,247,163,149,220,150,221,107,111,262,256,243,269,272,175,76,135,183,209,139,196,214,233,178,142,196,44,54,116,129,,,265,269,,,136,127,102,223,143,127,124,54,86,43,237,181,150,135,133,49,39,53,139,93,194,199,39,102,,296,,,b'\x11\xe8\xe1I\xca\xd5/\x84\xaf\x82\x12\xdf\x17\xaeN\x1e'
11E8E149-CAD5-2F84-AF82-12DF17AE4E1E,2021-ncaa-d0-natl,ncaa,128,165,136,152,152,138,129,159,95,130,154,105,119,143,82,140,200,220,92,223,264,164,160,93,94,125,175,126,260,119,85,151,268,146,131,139,206,229,222,180,135,150,201,207,,,96,24,,,143,169,257,224,154,130,211,153,197,121,172,250,274,279,238,239,151,200,179,167,197,158,236,,25,,,144,174,195,214,130,181,161,250,226,286,45,312,127,131,136,130,127,199,190,142,118,152,190,236,77,267,268,131,85,180,131,252,285,181,208,258,243,232,283,279,,,199,260,,,143,173,119,193,144,135,160,190,135,67,200,305,72,75,76,159,116,269,45,110,240,226,219,276,,275,,,b'\x11\xe8\xe1I\xca\xd5/\x84\xaf\x82\x12\xdf\x17\xaeN\x1e'
11E8E149-CAD5-2F84-AF82-12DF17AE4E1E,2021-ncaa-d1-conf-SoCon,ncaa,2,1,6,2,7,3,3,4,1,3,4,1,2,5,1,4,3,4,2,4,4,4,6,1,1,1,3,3,5,5,1,3,4,4,1,3,4,3,3,2,2,2,5,4,,,1,1,,,1,5,2,6,1,2,2,2,2,1,4,2,3,3,4,4,4,1,1,2,3,2,5,,1,,,1,1,2,4,1,2,3,3,6,8,1,8,2,1,5,1,3,4,3,2,2,2,6,7,3,4,4,1,1,2,1,7,8,7,6,8,4,5,8,8,,,6,6,,,1,4,1,2,1,3,4,8,4,4,7,8,2,2,2,8,7,7,2,3,8,4,6,8,,5,,,b'\x11\xe8\xe1I\xca\xd5/\x84\xaf\x82\x12\xdf\x17\xaeN\x1e'
11E8E149-CAD5-2F84-AF82-12DF17AE4E1E,2021-ncaa-d1-natl,ncaa,98,165,70,134,93,87,75,106,55,75,108,60,77,100,61,136,162,187,92,189,254,121,111,56,64,87,176,125,278,81,73,85,235,79,93,80,184,276,211,145,105,156,164,203,,,120,19,,,82,118,221,225,118,88,190,102,192,102,151,244,265,269,221,213,149,138,126,124,203,150,229,,22,,,90,216,240,261,107,218,202,227,268,322,32,325,131,147,72,145,117,255,249,113,82,114,192,254,55,300,235,159,73,217,93,290,285,134,212,254,274,229,278,236,,,168,270,,,82,225,81,146,90,125,160,220,133,72,221,318,47,65,63,187,152,268,36,98,239,213,223,231,,280,,,b'\x11\xe8\xe1I\xca\xd5/\x84\xaf\x82\x12\xdf\x17\xaeN\x1e'
11E8E149-CAD5-2F84-AF82-12DF17AE4E1E,2022-ncaa-d0-natl,ncaa,233,233,216,241,222,224,198,256,116,194,252,96,206,210,211,149,244,232,238,240,182,257,229,127,140,216,215,190,220,229,177,200,223,223,159,197,165,302,316,260,195,185,326,335,,,53,58,,,266,213,163,45,208,179,259,176,235,198,181,230,212,220,264,165,214,162,189,177,316,168,331,,66,,,263,200,216,186,233,197,167,228,224,212,236,226,97,86,219,88,111,173,142,231,224,260,151,226,81,199,223,69,177,100,159,298,310,267,268,319,279,288,125,175,,,276,282,,,266,129,225,269,268,255,276,269,250,215,265,257,128,119,119,251,220,239,87,151,316,260,290,137,,270,,,b'\x11\xe8\xe1I\xca\xd5/\x84\xaf\x82\x12\xdf\x17\xaeN\x1e'
11E8E149-CAD5-2F84-AF82-12DF17AE4E1E,2022-ncaa-d1-conf-SoCon,ncaa,4,4,3,4,3,4,4,4,2,2,4,1,5,5,4,5,2,2,5,2,3,4,4,2,2,4,5,6,2,3,3,3,3,3,2,2,3,7,7,6,3,3,8,8,,,5,4,,,4,4,2,2,4,3,4,2,3,5,5,2,2,2,4,2,3,2,3,1,7,3,8,,5,,,4,7,7,7,6,7,7,4,5,4,6,2,6,6,5,6,3,6,5,5,6,6,3,3,4,4,3,3,3,2,2,7,6,4,5,6,8,7,4,3,,,3,4,,,4,5,4,5,4,6,8,7,8,8,5,2,5,5,5,7,7,4,2,2,8,3,8,3,,3,,,b'\x11\xe8\xe1I\xca\xd5/\x84\xaf\x82\x12\xdf\x17\xaeN\x1e'
11E8E149-CAD5-2F84-AF82-12DF17AE4E1E,2022-ncaa-d1-natl,ncaa,219,233,146,230,155,194,180,213,111,175,208,91,186,182,192,152,212,208,211,214,185,214,161,118,128,206,204,184,216,204,170,168,234,184,155,159,144,319,318,249,165,192,308,327,,,85,63,,,255,151,156,49,198,174,251,167,230,185,178,218,207,215,248,153,214,169,185,156,318,171,313,,76,,,255,248,269,242,230,250,221,249,232,250,181,221,137,126,216,129,115,229,201,229,216,258,124,194,86,254,234,96,170,146,155,316,298,237,262,312,307,295,132,166,,,248,282,,,255,189,226,272,257,253,283,272,265,222,238,256,135,122,125,257,231,250,72,149,316,236,297,130,,267,,,b'\x11\xe8\xe1I\xca\xd5/\x84\xaf\x82\x12\xdf\x17\xaeN\x1e'
11E8E149-CAD5-2F84-AF82-12DF17AE4E1E,2023-ncaa-d0-natl,ncaa,266,203,326,256,333,288,267,344,85,259,323,89,218,258,117,153,329,297,319,302,180,342,343,93,124,165,203,158,291,337,279,295,300,326,274,237,166,139,291,221,263,220,267,267,,,38,97,,,261,334,223,99,214,179,304,180,256,176,196,284,232,237,300,268,316,183,277,171,262,210,236,,126,,,271,87,114,106,192,84,107,146,219,148,321,226,41,31,254,31,59,81,45,228,192,283,218,289,53,229,300,25,279,65,274,66,84,339,321,279,72,209,78,186,,,316,210,,,261,26,206,317,273,274,289,320,237,283,313,272,108,93,91,290,224,324,134,241,188,306,176,145,,237,,,b'\x11\xe8\xe1I\xca\xd5/\x84\xaf\x82\x12\xdf\x17\xaeN\x1e'
11E8E149-CAD5-2F84-AF82-12DF17AE4E1E,2023-ncaa-d1-conf-SoCon,ncaa,6,6,5,6,8,6,6,7,2,6,8,2,4,4,2,4,6,6,7,6,3,7,8,2,3,5,3,4,5,7,6,2,3,8,7,1,1,5,6,2,4,4,6,5,,,2,2,,,6,6,2,7,4,5,6,4,7,4,4,4,4,4,6,7,7,1,6,1,6,3,5,,3,,,6,5,4,7,3,3,5,4,7,7,7,7,2,1,8,1,2,6,3,5,4,6,6,7,3,4,3,4,6,5,7,7,8,7,7,7,6,6,2,4,,,5,3,,,6,4,4,7,6,7,6,8,5,7,7,7,4,3,3,8,7,7,7,7,8,7,6,2,,3,,,b'\x11\xe8\xe1I\xca\xd5/\x84\xaf\x82\x12\xdf\x17\xaeN\x1e'
11E8E149-CAD5-2F84-AF82-12DF17AE4E1E,2023-ncaa-d1-natl,ncaa,219,203,219,219,244,210,185,295,54,178,257,61,190,230,94,170,266,224,304,227,168,291,281,67,95,138,226,173,278,299,243,192,279,252,234,162,139,205,269,175,214,202,247,263,,,85,92,,,227,258,199,103,166,133,280,137,230,169,202,245,198,203,272,243,290,138,229,135,244,186,230,,123,,,228,191,223,235,175,153,202,115,285,233,329,233,63,58,220,58,59,199,134,213,183,257,235,305,46,289,279,63,243,144,234,129,80,303,311,264,136,199,113,164,,,265,221,,,227,98,161,299,234,267,281,323,211,282,320,278,93,89,90,291,235,319,111,224,175,292,174,141,,231,,,b'\x11\xe8\xe1I\xca\xd5/\x84\xaf\x82\x12\xdf\x17\xaeN\x1e'
11E8E149-CAD5-2F84-AF82-12DF17AE4E1E,2024-ncaa-d0-natl,ncaa,246,176,325,231,343,343,350,348,311,351,330,328,265,270,208,172,302,239,354,245,78,347,352,290,304,289,99,129,118,309,289,294,141,318,256,339,277,28,174,273,340,296,163,120,,,17,110,,,254,352,306,263,322,336,309,333,266,211,203,246,139,144,282,315,255,171,231,331,123,313,114,,74,,,263,13,32,31,170,69,57,182,29,39,86,129,25,18,244,19,72,18,11,138,138,173,61,102,119,49,141,101,289,64,256,40,128,344,260,226,34,155,130,272,,,300,92,,,254,10,292,185,265,107,146,151,209,205,70,105,103,86,87,113,55,147,296,253,125,293,101,226,,181,,,b'\x11\xe8\xe1I\xca\xd5/\x84\xaf\x82\x12\xdf\x17\xaeN\x1e'
11E8E149-CAD5-2F84-AF82-12DF17AE4E1E,2024-ncaa-d1-conf-SoCon,ncaa,6,6,5,6,5,7,8,5,8,8,5,8,5,6,5,5,5,4,8,4,3,5,6,8,8,7,5,4,4,4,6,7,4,6,8,8,6,4,5,7,6,6,3,3,,,2,2,,,7,6,5,1,7,8,4,7,4,5,4,5,2,2,4,5,4,7,5,8,5,6,3,,2,,,7,3,4,2,8,4,4,6,6,5,7,4,2,2,7,2,2,2,1,7,7,7,5,5,3,2,4,7,6,6,8,7,7,6,4,6,5,5,6,6,,,3,1,,,7,2,7,7,7,6,6,5,5,4,6,5,3,2,2,4,3,3,8,7,7,4,5,6,,1,,,b'\x11\xe8\xe1I\xca\xd5/\x84\xaf\x82\x12\xdf\x17\xaeN\x1e'
11E8E149-CAD5-2F84-AF82-12DF17AE4E1E,2024-ncaa-d1-natl,ncaa,218,177,254,213,304,310,327,327,288,324,293,288,244,249,215,192,255,164,356,172,64,311,331,270,280,261,134,170,105,299,296,209,149,260,245,318,256,58,171,256,311,278,98,94,,,32,85,,,242,334,301,264,309,325,315,314,259,226,220,219,117,126,282,320,277,134,217,319,112,294,84,,67,,,243,37,69,91,121,94,134,125,70,85,113,137,41,39,201,40,67,66,38,104,93,140,84,133,110,109,149,192,296,149,245,65,125,309,257,202,43,107,175,265,,,224,72,,,242,36,272,143,244,90,124,170,179,218,93,123,87,79,80,128,68,167,276,246,114,290,72,213,,170,,,b'\x11\xe8\xe1I\xca\xd5/\x84\xaf\x82\x12\xdf\x17\xaeN\x1e'
11E8E149-CAD5-2F84-AF82-12DF17AE4E1E,2025-ncaa-d0-natl,genius_ncaa,296,249,335,294,336,295,313,343,215,325,334,230,203,239,117,131,216,157,322,155,20,327,332,182,186,206,61,109,81,336,323,324,342,341,343,292,201,103,248,259,324,321,253,270,,,70,139,,278,309,318,146,12,208,250,271,290,281,134,149,105,53,51,221,189,301,246,300,238,251,284,200,,206,,336,316,172,198,127,303,226,195,250,154,65,324,90,107,113,130,104,108,108,75,289,281,313,108,149,100,274,342,109,323,181,343,172,141,305,282,293,163,271,217,338,,,208,50,,265,309,41,247,339,316,333,346,337,343,345,262,180,217,228,222,335,312,351,288,332,295,225,281,308,,57,,223,b'\x11\xe8\xe1I\xca\xd5/\x84\xaf\x82\x12\xdf\x17\xaeN\x1e'
11E8E149-CAD5-2F84-AF82-12DF17AE4E1E,2025-ncaa-d1-conf-SoCon,genius_ncaa,5,5,5,5,5,6,7,7,3,8,8,4,3,5,1,1,3,3,5,3,1,7,7,2,1,1,1,2,3,8,7,5,8,7,7,6,4,4,5,7,6,8,5,6,,,4,4,,8,5,6,4,2,4,7,7,8,8,1,3,3,3,3,6,6,8,4,7,5,6,5,5,,6,,8,5,5,7,6,5,8,7,6,4,3,5,2,1,2,1,1,1,4,4,5,5,5,1,3,1,8,8,2,7,7,7,7,6,5,5,7,5,5,6,7,,,3,1,,3,5,3,4,6,5,5,8,8,8,8,5,4,2,3,2,8,7,8,6,7,8,4,5,6,,2,,2,b'\x11\xe8\xe1I\xca\xd5/\x84\xaf\x82\x12\xdf\x17\xaeN\x1e'
11E8E149-CAD5-2F84-AF82-12DF17AE4E1E,2025-ncaa-d1-natl,genius_ncaa,262,249,244,265,249,202,252,275,197,292,295,224,125,169,85,124,94,63,297,61,11,235,239,159,160,170,43,92,53,270,275,249,335,272,323,212,140,179,228,220,284,295,214,255,,,151,142,,314,279,205,129,17,152,227,250,284,272,94,121,55,30,30,172,141,257,209,249,186,238,260,191,,209,,334,279,263,284,232,277,302,282,235,178,122,281,86,180,193,145,178,114,231,200,259,250,295,91,118,125,321,335,190,275,263,323,240,160,259,280,290,234,264,267,325,,,106,42,,245,279,152,197,327,279,324,338,333,340,344,224,163,223,235,224,337,312,345,268,319,292,214,280,300,,42,,237,b'\x11\xe8\xe1I\xca\xd5/\x84\xaf\x82\x12\xdf\x17\xaeN\x1e'
11E8E149-CAD5-2F84-AF82-12DF17AE4E1E,2026-ncaa-d0-natl,genius_ncaa,260,329,49,292,55,187,208,156,316,301,292,275,38,16,202,4,245,273,85,263,136,167,167,242,250,255,5,6,265,264,344,150,332,200,348,206,202,250,229,246,326,359,146,235,,,257,179,,293,334,134,347,62,315,331,324,361,360,51,19,327,344,338,341,355,346,293,349,307,140,362,209,,154,,253,315,330,345,323,288,348,307,305,287,295,150,195,204,220,153,233,96,316,272,270,247,311,64,140,66,351,332,332,344,347,348,316,144,272,349,345,141,119,245,327,,,209,277,,127,334,231,279,337,323,277,307,285,320,271,205,241,118,116,133,271,118,327,279,325,263,350,72,176,,335,,182,b'\x11\xe8\xe1I\xca\xd5/\x84\xaf\x82\x12\xdf\x17\xaeN\x1e'
11E8E149-CAD5-2F84-AF82-12DF17AE4E1E,2026-ncaa-d1-natl,genius_ncaa,203,327,2,275,4,115,133,47,308,284,263,271,3,2,158,4,212,237,108,226,158,61,45,215,233,238,6,4,308,137,305,59,320,80,334,132,167,326,222,241,226,336,112,226,,,352,239,,348,310,35,337,89,289,309,289,361,360,28,11,334,345,342,329,340,293,277,318,273,164,338,196,,201,,305,292,357,358,357,254,356,354,275,314,329,139,184,287,298,165,313,138,357,347,245,221,281,83,148,102,359,320,355,305,360,334,337,134,165,321,306,200,105,265,311,,,146,303,,112,310,333,250,316,296,247,276,255,285,249,175,215,136,134,148,239,114,314,262,306,227,326,70,155,,338,,201,b'\x11\xe8\xe1I\xca\xd5/\x84\xaf\x82\x12\xdf\x17\xaeN\x1e'
11E8E149-CAD9-FCC6-AF82-12DF17AE4E1E,2010-ncaa-d0-natl,ncaa,178,114,288,163,293,236,219,277,110,185,224,110,239,268,163,223,232,291,33,293,281,285,296,132,123,137,250,231,201,254,144,293,81,287,119,334,343,81,195,309,221,140,193,154,,,86,235,,,152,304,228,95,154,131,176,108,145,219,240,176,242,243,207,212,188,230,228,331,184,170,166,,180,,,150,50,36,26,213,59,56,173,70,34,277,97,188,126,337,124,215,27,25,206,261,241,194,132,276,16,81,23,144,8,119,21,51,267,153,89,99,205,56,90,,,288,205,,,152,36,137,199,165,167,121,76,152,138,124,69,268,205,203,92,80,38,90,52,61,194,193,97,,221,,,b'\x11\xe8\xe1I\xca\xd9\xfc\xc6\xaf\x82\x12\xdf\x17\xaeN\x1e'
11E8E149-CAD9-FCC6-AF82-12DF17AE4E1E,2010-ncaa-d1-conf-WCC,ncaa,4,4,5,4,5,7,6,6,5,3,3,5,8,7,8,6,6,6,5,6,5,7,7,6,5,6,7,7,3,5,4,5,3,5,3,7,8,6,5,7,5,5,5,4,,,5,8,,,4,7,6,1,6,5,5,2,3,8,7,5,5,5,6,5,3,5,3,7,6,5,5,,6,,,4,2,2,1,3,3,1,3,3,2,3,4,6,6,7,6,7,1,1,3,3,4,6,3,8,1,3,3,4,1,3,2,5,5,4,3,5,5,1,2,,,6,3,,,4,2,6,3,4,2,2,2,3,2,3,3,6,6,6,4,2,1,4,2,2,5,5,2,,4,,,b'\x11\xe8\xe1I\xca\xd9\xfc\xc6\xaf\x82\x12\xdf\x17\xaeN\x1e'
11E8E149-CAD9-FCC6-AF82-12DF17AE4E1E,2010-ncaa-d1-natl,ncaa,166,114,276,157,284,214,196,274,94,160,204,96,242,264,165,228,194,258,30,260,253,278,287,117,102,123,248,239,182,256,149,280,90,273,122,334,343,98,193,304,208,133,187,158,,,106,242,,,151,292,219,98,141,121,186,100,147,223,243,152,222,223,206,211,198,233,234,329,182,162,167,,195,,,150,72,47,32,216,81,73,174,96,43,279,105,211,151,333,148,227,36,28,206,263,250,206,135,281,25,90,25,149,13,122,24,49,246,160,91,124,204,59,84,,,268,175,,,151,47,127,210,160,172,127,83,149,136,135,81,277,213,211,99,89,47,80,53,60,193,196,87,,199,,,b'\x11\xe8\xe1I\xca\xd9\xfc\xc6\xaf\x82\x12\xdf\x17\xaeN\x1e'
11E8E149-CAD9-FCC6-AF82-12DF17AE4E1E,2011-ncaa-d0-natl,ncaa,153,134,170,148,189,148,116,175,59,65,73,87,301,316,177,325,146,209,35,209,307,177,184,119,107,122,330,322,174,125,47,140,152,128,51,222,310,144,175,214,291,300,233,257,,,157,190,,,174,213,195,93,116,73,150,26,36,309,324,126,204,199,159,164,115,99,81,211,182,295,242,,191,,,175,206,210,204,200,211,225,177,166,158,229,139,182,190,147,191,169,208,141,198,187,264,144,163,171,183,152,30,47,66,51,48,13,296,309,189,165,189,101,56,,,213,209,,,174,136,103,272,172,237,239,251,234,266,184,161,202,213,212,252,177,207,42,82,60,304,181,107,,203,,,b'\x11\xe8\xe1I\xca\xd9\xfc\xc6\xaf\x82\x12\xdf\x17\xaeN\x1e'
11E8E149-CAD9-FCC6-AF82-12DF17AE4E1E,2011-ncaa-d1-conf-WCC,ncaa,4,6,1,6,1,3,2,3,3,2,2,4,8,7,5,7,4,5,1,5,7,3,2,5,5,6,7,7,5,2,2,3,3,3,3,3,5,6,6,5,6,6,3,5,,,8,8,,,4,3,7,3,6,4,6,2,2,8,8,5,8,8,6,7,3,5,4,5,6,6,5,,7,,,4,7,5,6,5,5,5,3,7,6,8,5,5,7,2,8,6,6,6,6,5,5,6,6,5,4,3,4,2,4,3,4,1,5,4,4,7,5,3,2,,,4,5,,,4,6,5,4,4,4,3,3,4,4,6,4,5,5,5,4,2,3,3,2,2,5,5,2,,5,,,b'\x11\xe8\xe1I\xca\xd9\xfc\xc6\xaf\x82\x12\xdf\x17\xaeN\x1e'
11E8E149-CAD9-FCC6-AF82-12DF17AE4E1E,2011-ncaa-d1-natl,ncaa,145,133,132,142,147,129,98,146,56,47,61,81,303,318,198,325,126,183,28,178,300,155,155,120,104,124,329,326,160,107,40,122,149,109,41,200,298,179,185,210,285,298,231,252,,,182,193,,,175,178,186,94,113,68,147,25,35,312,322,116,191,186,154,146,101,110,79,194,198,291,236,,189,,,175,237,233,231,217,228,242,178,198,165,273,138,196,194,165,197,170,232,171,210,199,272,163,181,167,186,149,30,40,64,41,64,15,286,303,190,194,203,97,49,,,198,214,,,175,169,97,277,169,246,242,248,235,262,212,163,201,212,215,250,178,188,36,71,73,295,210,102,,198,,,b'\x11\xe8\xe1I\xca\xd9\xfc\xc6\xaf\x82\x12\xdf\x17\xaeN\x1e'
11E8E149-CAD9-FCC6-AF82-12DF17AE4E1E,2012-ncaa-d0-natl,ncaa,23,36,22,35,34,55,46,47,72,23,19,126,261,282,151,319,41,63,52,60,252,44,57,144,114,75,307,319,114,43,58,26,152,27,56,174,329,120,44,147,103,150,107,140,,,261,165,,,33,68,236,227,102,86,121,33,28,295,313,82,130,126,117,199,91,88,66,261,44,163,139,,138,,,37,181,166,299,23,168,292,26,167,253,49,176,208,197,192,195,116,296,290,15,21,37,186,160,218,291,152,220,58,268,56,53,26,96,167,43,145,67,273,117,,,77,187,,,33,282,56,45,33,48,40,154,62,169,104,166,123,112,111,134,126,212,72,119,14,193,72,218,,191,,,b'\x11\xe8\xe1I\xca\xd9\xfc\xc6\xaf\x82\x12\xdf\x17\xaeN\x1e'
11E8E149-CAD9-FCC6-AF82-12DF17AE4E1E,2012-ncaa-d1-conf-WCC,ncaa,3,3,1,3,4,5,3,5,3,2,2,3,9,9,9,9,3,5,1,5,7,5,6,6,5,3,8,9,4,3,3,4,5,4,4,6,7,3,3,3,4,4,6,5,,,5,5,,,3,8,8,5,5,3,6,2,2,9,9,3,5,5,6,7,3,4,4,6,2,5,6,,4,,,3,1,2,5,2,3,4,2,3,6,1,6,3,3,3,3,4,3,4,2,2,2,5,5,6,7,5,2,3,5,4,2,4,4,3,2,6,5,5,3,,,5,4,,,3,3,3,2,3,1,2,3,3,4,2,6,3,3,3,3,2,6,2,5,2,5,5,5,,5,,,b'\x11\xe8\xe1I\xca\xd9\xfc\xc6\xaf\x82\x12\xdf\x17\xaeN\x1e'
11E8E149-CAD9-FCC6-AF82-12DF17AE4E1E,2012-ncaa-d1-natl,ncaa,18,36,12,34,17,41,33,30,73,18,13,127,266,283,130,321,36,46,79,44,251,31,36,142,116,81,309,318,127,32,55,24,157,17,57,170,329,144,50,156,90,148,100,136,,,280,168,,,33,46,223,232,102,80,117,32,23,295,313,86,119,119,109,188,80,81,62,266,49,154,132,,152,,,40,199,185,316,19,184,304,18,192,272,67,169,230,224,185,223,119,313,313,16,22,36,207,179,230,309,157,254,55,301,57,59,25,81,166,41,160,72,279,107,,,57,185,,,33,303,54,45,38,51,43,165,56,180,117,165,130,126,125,152,143,224,79,129,14,188,82,215,,182,,,b'\x11\xe8\xe1I\xca\xd9\xfc\xc6\xaf\x82\x12\xdf\x17\xaeN\x1e'
11E8E149-CAD9-FCC6-AF82-12DF17AE4E1E,2013-ncaa-d0-natl,ncaa,88,54,183,67,200,131,75,178,16,22,30,45,340,344,152,344,181,105,329,101,262,164,164,68,94,110,344,344,234,114,43,146,81,130,31,68,99,171,161,75,132,107,42,51,,,71,73,,,78,181,135,84,89,26,143,7,5,342,343,169,76,73,125,116,90,92,68,30,198,118,29,,88,,,71,90,141,140,179,210,232,118,74,32,275,33,69,106,38,96,72,124,153,147,109,80,46,87,113,84,81,33,43,36,31,53,35,127,94,53,246,241,327,240,,,139,138,,,78,168,93,76,70,126,171,164,227,290,78,33,84,127,111,147,192,108,44,57,72,102,260,329,,115,,,b'\x11\xe8\xe1I\xca\xd9\xfc\xc6\xaf\x82\x12\xdf\x17\xaeN\x1e'
11E8E149-CAD9-FCC6-AF82-12DF17AE4E1E,2013-ncaa-d1-conf-WCC,ncaa,2,2,3,2,4,3,2,5,1,1,1,2,9,9,4,9,4,3,9,3,5,3,4,3,3,3,9,9,7,2,2,4,4,4,2,3,3,7,6,3,4,4,2,2,,,2,1,,,2,5,5,2,2,2,5,1,1,9,9,4,3,3,3,3,2,4,3,3,8,4,3,,1,,,2,3,3,5,4,6,7,3,3,2,7,2,3,5,1,4,3,4,4,3,4,2,2,3,4,3,4,1,2,2,2,1,1,3,3,2,9,8,8,5,,,3,4,,,2,5,3,2,2,3,4,3,5,6,3,2,2,4,3,2,4,3,1,2,1,3,9,9,,3,,,b'\x11\xe8\xe1I\xca\xd9\xfc\xc6\xaf\x82\x12\xdf\x17\xaeN\x1e'
11E8E149-CAD9-FCC6-AF82-12DF17AE4E1E,2013-ncaa-d1-natl,ncaa,63,54,90,61,101,89,44,106,18,15,14,47,340,343,190,344,141,77,323,72,271,98,94,74,98,107,344,344,232,59,35,85,82,64,30,38,98,213,150,66,89,98,27,48,,,126,77,,,63,110,140,85,82,26,129,6,4,342,343,156,76,75,109,111,70,88,58,27,183,105,30,,102,,,60,164,194,216,160,238,290,97,87,40,272,29,116,155,30,147,84,210,236,130,98,73,51,88,133,138,82,65,35,75,30,57,20,85,84,39,268,220,339,257,,,103,175,,,63,249,88,69,60,114,155,156,205,289,74,30,98,143,135,145,195,113,43,55,54,96,239,336,,132,,,b'\x11\xe8\xe1I\xca\xd9\xfc\xc6\xaf\x82\x12\xdf\x17\xaeN\x1e'
11E8E149-CAD9-FCC6-AF82-12DF17AE4E1E,2014-ncaa-d0-natl,ncaa,47,41,85,51,108,118,81,107,72,37,32,106,304,319,201,334,154,112,290,112,264,100,93,143,172,167,336,326,217,38,24,94,55,60,22,193,299,229,175,229,43,24,27,26,,,301,314,,,45,126,201,216,143,71,132,24,25,317,326,191,128,130,117,122,35,114,46,234,193,41,24,,283,,,41,61,34,114,29,79,198,24,21,39,39,41,303,267,328,268,252,142,202,17,48,24,189,36,337,89,55,92,24,76,22,5,4,68,52,3,273,218,335,257,,,126,203,,,45,225,111,20,41,36,16,29,46,152,16,24,278,237,234,47,114,57,42,31,2,78,233,333,,179,,,b'\x11\xe8\xe1I\xca\xd9\xfc\xc6\xaf\x82\x12\xdf\x17\xaeN\x1e'
11E8E149-CAD9-FCC6-AF82-12DF17AE4E1E,2014-ncaa-d1-conf-WCC,ncaa,5,4,7,5,9,7,5,7,6,3,3,7,10,10,10,10,8,6,10,6,7,8,8,9,9,8,10,10,7,3,2,6,5,5,4,9,9,4,6,7,3,2,2,2,,,5,7,,,4,9,8,7,6,4,4,3,2,10,10,8,5,5,5,5,3,3,4,7,5,3,2,,7,,,4,2,1,1,3,1,2,3,2,2,3,2,7,6,10,6,7,1,1,3,3,3,5,2,10,3,5,3,2,1,4,1,1,3,3,2,4,6,7,6,,,7,7,,,4,1,6,3,4,3,2,2,3,5,2,2,7,7,7,2,2,4,5,4,2,3,5,8,,6,,,b'\x11\xe8\xe1I\xca\xd9\xfc\xc6\xaf\x82\x12\xdf\x17\xaeN\x1e'
11E8E149-CAD9-FCC6-AF82-12DF17AE4E1E,2014-ncaa-d1-natl,ncaa,42,40,59,48,84,105,61,80,66,24,25,108,298,314,190,334,155,98,294,99,272,78,77,140,171,166,334,323,229,32,22,79,63,49,22,177,300,232,152,219,32,21,25,27,,,307,307,,,41,102,204,234,137,66,119,23,25,315,325,203,132,140,113,128,36,131,51,230,178,38,25,,268,,,41,82,49,135,38,99,222,29,29,40,70,40,297,266,327,265,228,168,219,26,57,29,178,40,333,107,63,93,22,95,22,3,3,64,52,5,265,210,340,264,,,114,213,,,41,243,107,21,40,38,16,30,56,158,18,24,259,217,216,47,113,64,40,29,2,78,230,332,,189,,,b'\x11\xe8\xe1I\xca\xd9\xfc\xc6\xaf\x82\x12\xdf\x17\xaeN\x1e'
11E8E149-CAD9-FCC6-AF82-12DF17AE4E1E,2015-ncaa-d0-natl,ncaa,33,22,113,26,161,122,117,88,205,99,57,262,200,248,65,279,102,102,144,98,217,84,101,215,204,176,215,218,115,12,2,168,156,46,16,142,195,136,94,141,147,133,4,3,,,213,247,,,55,200,257,283,125,126,72,99,37,195,257,104,111,101,67,93,2,192,16,156,132,152,2,,197,,,51,79,71,123,60,133,235,52,16,27,59,24,258,225,328,230,196,130,152,34,70,76,98,25,311,164,156,43,2,68,16,16,12,156,145,34,214,175,255,172,,,127,198,,,55,153,71,88,47,57,43,71,119,228,15,18,246,209,215,82,86,143,29,50,11,174,203,247,,134,,,b'\x11\xe8\xe1I\xca\xd9\xfc\xc6\xaf\x82\x12\xdf\x17\xaeN\x1e'
11E8E149-CAD9-FCC6-AF82-12DF17AE4E1E,2015-ncaa-d1-conf-WCC,ncaa,2,2,3,2,6,6,6,3,9,5,2,10,7,7,6,7,5,4,10,4,8,3,4,8,9,9,8,7,4,1,1,5,3,1,2,6,5,4,4,6,4,4,1,1,,,3,6,,,2,8,10,9,7,7,3,5,3,7,7,8,4,4,3,4,1,5,1,6,4,4,1,,4,,,2,1,1,5,1,4,7,1,2,2,1,2,5,3,8,3,3,4,3,1,1,2,2,2,7,5,3,3,1,4,2,1,1,7,5,1,6,5,5,3,,,7,6,,,2,3,5,1,2,1,1,3,4,7,2,2,5,5,5,1,2,5,3,3,1,6,6,5,,6,,,b'\x11\xe8\xe1I\xca\xd9\xfc\xc6\xaf\x82\x12\xdf\x17\xaeN\x1e'
11E8E149-CAD9-FCC6-AF82-12DF17AE4E1E,2015-ncaa-d1-natl,ncaa,33,22,97,26,135,111,101,64,202,82,37,257,209,254,83,286,106,101,152,95,226,66,85,223,214,177,231,238,115,5,1,157,174,37,18,147,227,124,85,138,124,120,4,3,,,213,227,,,47,182,257,285,122,119,62,84,32,215,263,106,108,102,60,91,2,195,15,163,120,142,2,,179,,,47,72,65,138,51,151,254,50,12,27,42,24,252,222,327,230,171,156,173,31,55,69,83,22,307,188,174,43,1,86,18,12,9,143,134,25,207,164,268,178,,,122,203,,,47,167,69,76,43,52,46,74,124,238,13,17,239,193,204,85,99,160,32,54,9,160,194,256,,140,,,b'\x11\xe8\xe1I\xca\xd9\xfc\xc6\xaf\x82\x12\xdf\x17\xaeN\x1e'
11E8E149-CAD9-FCC6-AF82-12DF17AE4E1E,2016-ncaa-d0-natl,ncaa,41,30,76,39,91,89,90,100,78,54,54,101,234,253,159,289,48,72,55,77,168,91,122,118,97,66,269,292,74,44,29,267,238,152,101,135,242,40,33,73,59,44,280,303,,,123,135,,,62,174,300,137,96,93,153,58,76,258,286,51,77,87,135,227,55,333,224,175,31,70,292,,88,,,62,147,203,138,277,305,277,245,13,8,114,7,168,128,276,130,82,127,172,212,214,155,9,7,179,151,238,102,29,106,101,79,23,79,66,54,93,79,296,230,,,68,54,,,62,174,29,150,56,90,147,41,271,240,8,5,126,107,107,32,49,103,54,53,52,116,70,287,,78,,,b'\x11\xe8\xe1I\xca\xd9\xfc\xc6\xaf\x82\x12\xdf\x17\xaeN\x1e'
11E8E149-CAD9-FCC6-AF82-12DF17AE4E1E,2016-ncaa-d1-conf-WCC,ncaa,4,3,7,4,8,8,5,7,3,2,2,3,10,10,10,9,6,6,5,7,9,8,9,5,5,4,10,10,6,3,3,10,8,9,6,8,9,1,1,2,5,3,10,10,,,2,2,,,3,10,10,4,6,2,3,1,1,10,8,5,6,6,3,9,3,10,8,8,1,5,10,,2,,,3,2,3,3,7,6,5,7,1,1,1,1,2,2,3,2,2,2,2,6,5,3,1,1,4,4,8,3,3,4,6,1,1,6,3,2,1,1,9,8,,,7,2,,,3,1,2,5,3,3,4,3,8,8,1,1,2,2,2,3,2,7,5,5,1,5,1,10,,3,,,b'\x11\xe8\xe1I\xca\xd9\xfc\xc6\xaf\x82\x12\xdf\x17\xaeN\x1e'
11E8E149-CAD9-FCC6-AF82-12DF17AE4E1E,2016-ncaa-d1-natl,ncaa,38,30,51,36,68,80,76,88,74,40,40,93,241,257,173,295,38,60,49,65,171,80,124,118,96,60,284,300,63,45,32,269,238,148,103,143,265,33,30,75,52,40,283,307,,,144,148,,,58,166,301,137,94,81,157,54,73,267,291,46,72,80,140,229,59,335,235,185,26,67,294,,98,,,57,163,217,126,283,306,282,245,13,7,144,6,177,162,252,163,97,133,178,215,221,161,9,7,188,143,238,110,32,104,103,68,20,74,66,50,91,73,301,234,,,58,46,,,58,187,27,151,49,94,143,37,266,238,8,5,142,120,125,31,49,95,52,48,49,113,67,293,,74,,,b'\x11\xe8\xe1I\xca\xd9\xfc\xc6\xaf\x82\x12\xdf\x17\xaeN\x1e'
11E8E149-CAD9-FCC6-AF82-12DF17AE4E1E,2017-ncaa-d0-natl,ncaa,184,184,168,190,197,170,179,217,120,78,83,119,341,333,335,336,54,67,79,68,117,192,208,211,152,149,328,347,17,171,129,242,113,215,135,178,175,127,143,149,157,131,300,304,,,180,227,,,143,205,199,176,156,164,224,49,43,340,335,19,40,39,180,198,156,256,227,171,138,149,304,,198,,,141,112,153,85,280,229,194,259,31,28,153,36,140,135,229,130,129,77,121,219,236,182,34,32,181,54,113,97,129,60,135,38,10,122,75,41,185,208,334,306,,,106,43,,,143,149,148,143,140,133,179,73,259,211,40,25,152,141,135,65,102,64,116,86,41,106,205,342,,56,,,b'\x11\xe8\xe1I\xca\xd9\xfc\xc6\xaf\x82\x12\xdf\x17\xaeN\x1e'
11E8E149-CAD9-FCC6-AF82-12DF17AE4E1E,2017-ncaa-d1-conf-WCC,ncaa,7,7,3,7,5,7,7,7,5,3,2,6,10,10,10,10,3,3,3,3,7,7,6,9,7,6,10,10,1,4,5,8,4,7,5,8,9,5,6,6,7,7,10,10,,,2,5,,,7,8,10,7,7,7,9,3,1,10,10,2,3,3,9,10,5,10,8,9,5,7,10,,3,,,7,4,7,4,10,8,7,9,2,1,6,2,2,2,4,2,2,2,3,9,8,7,1,2,2,1,4,4,5,3,5,1,1,6,5,4,6,6,10,10,,,4,3,,,7,4,6,6,7,5,6,3,8,8,2,1,3,2,3,2,1,2,4,3,2,7,5,10,,3,,,b'\x11\xe8\xe1I\xca\xd9\xfc\xc6\xaf\x82\x12\xdf\x17\xaeN\x1e'
11E8E149-CAD9-FCC6-AF82-12DF17AE4E1E,2017-ncaa-d1-natl,ncaa,194,181,217,195,263,202,206,272,128,97,105,125,343,338,334,336,60,79,80,81,118,234,257,220,161,159,327,347,17,196,141,281,120,261,146,201,175,94,151,157,182,144,310,309,,,154,232,,,160,266,207,161,164,176,227,53,47,343,336,20,42,41,187,205,164,265,236,178,146,161,306,,202,,,158,80,123,46,290,210,153,273,22,21,159,33,128,112,229,108,132,36,61,234,256,187,32,28,181,37,120,68,141,32,146,23,12,155,84,43,163,213,333,312,,,127,40,,,160,87,157,156,154,141,189,73,270,218,39,24,160,141,135,66,101,67,119,89,46,113,206,341,,58,,,b'\x11\xe8\xe1I\xca\xd9\xfc\xc6\xaf\x82\x12\xdf\x17\xaeN\x1e'
11E8E149-CAD9-FCC6-AF82-12DF17AE4E1E,2018-ncaa-d0-natl,ncaa,149,162,117,167,138,160,123,135,127,49,29,185,338,342,237,347,171,191,144,182,322,142,149,217,219,189,343,342,173,49,21,281,147,168,65,124,161,114,108,113,118,92,340,344,,,141,186,,,140,202,274,204,190,126,133,35,15,339,346,178,196,186,138,182,46,321,190,124,101,118,344,,135,,,139,127,209,116,316,280,215,308,38,34,145,46,45,39,219,38,41,80,124,275,254,176,5,34,61,45,147,69,21,46,65,111,56,107,69,77,230,219,332,222,,,191,196,,,140,158,131,142,134,98,193,61,279,192,40,22,41,35,35,40,56,40,49,30,100,102,212,329,,201,,,b'\x11\xe8\xe1I\xca\xd9\xfc\xc6\xaf\x82\x12\xdf\x17\xaeN\x1e'
11E8E149-CAD9-FCC6-AF82-12DF17AE4E1E,2018-ncaa-d1-conf-WCC,ncaa,6,6,1,6,1,7,5,4,7,2,1,9,10,10,7,10,6,6,6,6,10,4,3,9,7,8,10,10,5,1,2,7,2,4,3,7,8,6,5,6,6,6,10,10,,,5,4,,,7,6,9,4,8,8,7,4,2,10,10,7,7,7,7,9,2,8,7,8,4,6,10,,4,,,7,6,7,5,8,7,6,7,2,2,5,3,2,2,10,2,2,3,4,6,6,6,3,4,3,3,2,5,2,3,3,5,3,4,3,3,8,7,10,10,,,6,8,,,7,6,8,5,6,4,6,2,7,3,2,2,2,2,2,2,2,1,3,2,3,6,8,10,,8,,,b'\x11\xe8\xe1I\xca\xd9\xfc\xc6\xaf\x82\x12\xdf\x17\xaeN\x1e'
11E8E149-CAD9-FCC6-AF82-12DF17AE4E1E,2018-ncaa-d1-natl,ncaa,150,162,97,169,117,151,111,113,121,42,23,175,337,343,259,346,176,193,139,184,329,114,138,219,218,188,343,343,181,41,21,285,129,161,52,112,158,119,108,113,128,105,339,340,,,161,194,,,144,198,278,201,189,118,132,31,15,339,346,189,205,197,139,177,38,323,186,120,106,133,341,,129,,,144,135,227,109,320,285,219,310,45,34,185,48,40,36,209,36,38,74,113,286,260,193,8,42,57,33,129,57,21,32,52,104,52,110,77,87,251,231,338,225,,,206,218,,,144,166,125,145,130,103,191,60,275,193,43,21,36,32,32,39,46,28,43,24,98,119,223,331,,219,,,b'\x11\xe8\xe1I\xca\xd9\xfc\xc6\xaf\x82\x12\xdf\x17\xaeN\x1e'
11E8E149-CAD9-FCC6-AF82-12DF17AE4E1E,2019-ncaa-d0-natl,ncaa,277,283,249,285,281,256,224,245,189,100,54,252,349,350,298,349,170,145,250,143,252,232,218,280,268,266,345,349,68,83,30,314,169,232,89,106,24,223,230,142,244,206,257,262,,,151,258,,,311,279,171,272,239,182,188,44,15,349,348,125,100,99,160,120,47,317,188,76,254,215,249,,226,,,308,250,283,86,351,309,156,347,117,47,328,78,150,132,243,132,141,79,63,349,345,346,41,73,101,35,169,35,30,28,89,290,233,252,192,302,249,261,233,130,,,198,151,,,311,74,236,339,307,316,329,132,340,229,160,67,197,179,175,132,112,64,79,56,320,215,273,253,,129,,,b'\x11\xe8\xe1I\xca\xd9\xfc\xc6\xaf\x82\x12\xdf\x17\xaeN\x1e'
11E8E149-CAD9-FCC6-AF82-12DF17AE4E1E,2019-ncaa-d1-conf-WCC,ncaa,10,9,9,10,9,10,10,10,10,6,3,10,10,10,9,10,8,7,9,7,7,10,10,10,10,10,10,10,1,3,3,10,4,9,4,8,2,8,8,8,9,7,7,7,,,5,9,,,10,10,5,7,10,10,8,6,3,10,10,7,6,5,7,6,3,10,7,7,9,9,7,,7,,,10,4,6,1,10,6,1,10,3,2,9,5,3,3,10,2,6,1,1,10,10,10,3,4,3,1,4,3,3,2,4,8,8,8,4,8,8,9,7,5,,,5,3,,,10,1,10,10,10,9,9,2,9,4,6,3,4,4,4,2,1,1,5,3,8,5,8,8,,4,,,b'\x11\xe8\xe1I\xca\xd9\xfc\xc6\xaf\x82\x12\xdf\x17\xaeN\x1e'
11E8E149-CAD9-FCC6-AF82-12DF17AE4E1E,2019-ncaa-d1-natl,ncaa,282,282,233,284,292,258,236,246,197,89,45,263,349,349,310,350,159,136,249,135,247,225,214,288,274,270,347,349,59,84,32,321,175,233,99,104,24,217,227,143,232,204,263,273,,,169,265,,,315,260,159,272,240,192,180,40,14,349,350,113,91,92,155,118,47,318,191,76,251,206,255,,234,,,316,261,291,86,351,315,162,347,115,41,325,65,154,141,218,137,145,77,70,345,347,346,35,70,104,40,175,34,32,20,99,298,234,246,197,294,240,252,256,162,,,196,148,,,315,97,242,338,312,316,328,135,341,239,150,64,197,193,190,138,126,70,82,58,320,213,265,286,,124,,,b'\x11\xe8\xe1I\xca\xd9\xfc\xc6\xaf\x82\x12\xdf\x17\xaeN\x1e'
11E8E149-CAD9-FCC6-AF82-12DF17AE4E1E,2020-ncaa-d0-natl,ncaa,81,81,87,86,134,224,193,129,269,76,17,279,341,329,338,335,144,161,149,155,295,128,118,318,308,283,339,344,88,108,90,304,33,235,102,160,144,217,182,193,8,6,235,214,,,308,328,,,147,143,147,185,253,213,140,80,18,342,333,159,171,167,140,128,120,333,275,181,193,8,237,,290,,,147,66,68,34,254,145,76,271,35,42,80,75,179,202,92,200,259,32,137,214,221,55,85,48,259,3,33,109,90,29,102,146,242,10,7,28,227,195,267,144,,,227,276,,,147,209,277,21,140,47,45,6,120,45,28,31,166,187,187,7,77,2,81,18,122,14,215,250,,242,,,b'\x11\xe8\xe1I\xca\xd9\xfc\xc6\xaf\x82\x12\xdf\x17\xaeN\x1e'
11E8E149-CAD9-FCC6-AF82-12DF17AE4E1E,2020-ncaa-d1-conf-WCC,ncaa,2,2,3,2,6,7,7,5,10,3,2,9,10,10,10,10,6,6,6,6,9,5,5,10,10,10,10,10,5,4,4,10,3,9,4,7,6,5,4,6,1,1,6,5,,,9,10,,,4,6,6,7,9,9,4,2,2,10,10,6,6,6,4,6,4,10,9,7,5,1,6,,9,,,4,3,3,2,6,3,3,7,2,1,3,2,5,5,2,5,9,2,4,4,4,3,2,2,9,1,3,7,4,3,4,3,7,1,1,1,4,3,7,5,,,7,8,,,4,5,10,3,4,3,3,1,3,2,2,2,4,5,5,2,3,1,5,2,3,1,2,8,,8,,,b'\x11\xe8\xe1I\xca\xd9\xfc\xc6\xaf\x82\x12\xdf\x17\xaeN\x1e'
11E8E149-CAD9-FCC6-AF82-12DF17AE4E1E,2020-ncaa-d1-natl,ncaa,76,81,45,83,92,225,185,95,271,69,13,286,339,326,336,334,128,141,159,134,289,89,94,322,309,283,335,340,83,95,88,304,29,231,92,144,144,217,172,178,8,6,227,211,,,313,326,,,131,106,151,180,253,218,138,81,18,340,332,151,162,161,132,127,109,333,272,175,182,8,236,,284,,,132,61,70,25,230,140,75,260,33,44,75,79,171,192,101,186,249,34,143,194,199,44,86,50,257,3,29,131,88,30,92,149,244,12,7,22,235,189,262,138,,,209,267,,,131,258,277,16,129,38,41,4,105,38,27,33,156,175,170,5,75,2,83,18,117,17,213,248,,233,,,b'\x11\xe8\xe1I\xca\xd9\xfc\xc6\xaf\x82\x12\xdf\x17\xaeN\x1e'
11E8E149-CAD9-FCC6-AF82-12DF17AE4E1E,2021-ncaa-d0-natl,ncaa,151,60,273,97,287,260,252,262,193,228,202,272,255,294,51,301,270,244,315,246,259,264,270,216,241,230,268,230,236,192,74,302,188,285,194,207,86,81,179,139,29,1,305,277,,,119,301,,,109,274,122,340,180,141,104,103,40,227,284,240,165,166,118,97,64,329,262,100,213,1,305,,284,,,100,54,45,40,220,53,49,189,49,41,217,82,143,143,192,137,316,46,68,204,256,42,227,82,325,38,188,75,74,60,194,53,189,57,1,3,160,274,146,157,,,285,290,,,109,72,203,27,93,57,29,1,57,32,54,29,273,266,261,7,147,48,189,102,79,2,283,240,,259,,,b'\x11\xe8\xe1I\xca\xd9\xfc\xc6\xaf\x82\x12\xdf\x17\xaeN\x1e'
11E8E149-CAD9-FCC6-AF82-12DF17AE4E1E,2021-ncaa-d1-conf-WCC,ncaa,5,3,10,3,10,10,10,10,9,10,10,9,9,10,3,9,10,8,10,8,7,10,10,9,9,8,7,9,7,8,2,10,7,10,5,9,5,1,4,5,2,1,10,6,,,1,10,,,3,10,3,10,7,6,3,4,1,9,9,7,4,3,2,2,1,9,6,5,5,1,7,,9,,,3,1,1,1,5,1,1,3,1,1,6,3,4,3,4,3,10,1,1,4,7,3,8,4,10,1,7,2,2,2,5,1,4,3,1,1,1,6,5,6,,,10,8,,,3,1,6,2,3,3,3,1,3,1,2,2,10,10,10,2,6,2,9,7,2,1,7,9,,8,,,b'\x11\xe8\xe1I\xca\xd9\xfc\xc6\xaf\x82\x12\xdf\x17\xaeN\x1e'
11E8E149-CAD9-FCC6-AF82-12DF17AE4E1E,2021-ncaa-d1-natl,ncaa,139,60,259,91,280,237,226,235,200,208,171,263,246,289,89,297,246,222,290,225,247,239,251,226,239,223,268,252,202,139,60,297,171,267,156,196,102,99,165,143,19,1,297,276,,,149,309,,,91,263,90,340,149,121,76,89,33,232,273,192,132,138,76,59,42,325,230,101,216,1,301,,301,,,78,67,53,45,221,63,49,182,49,42,208,65,166,164,200,158,317,52,74,200,254,35,223,65,333,44,171,87,60,69,156,60,184,42,1,4,180,263,162,158,,,278,301,,,91,86,178,22,76,56,30,1,61,35,43,23,289,281,278,8,161,41,194,102,78,1,278,254,,249,,,b'\x11\xe8\xe1I\xca\xd9\xfc\xc6\xaf\x82\x12\xdf\x17\xaeN\x1e'
11E8E149-CAD9-FCC6-AF82-12DF17AE4E1E,2022-ncaa-d0-natl,ncaa,123,180,52,160,57,70,79,67,139,55,41,178,178,189,145,278,44,20,270,21,90,53,34,170,168,187,237,264,81,33,64,205,211,107,168,60,91,335,243,181,1,1,239,258,,,356,350,,,145,37,53,85,108,111,114,78,69,228,250,65,42,46,69,36,50,335,222,77,292,2,277,,349,,,148,306,262,170,313,288,193,325,120,130,135,92,350,350,233,350,343,232,312,296,325,162,179,47,339,176,211,285,64,262,168,252,188,4,9,16,333,242,293,172,,,29,114,,,145,319,172,128,146,215,149,26,201,67,63,59,340,334,332,63,262,100,177,141,157,7,284,248,,49,,,b'\x11\xe8\xe1I\xca\xd9\xfc\xc6\xaf\x82\x12\xdf\x17\xaeN\x1e'
11E8E149-CAD9-FCC6-AF82-12DF17AE4E1E,2022-ncaa-d1-conf-WCC,ncaa,7,5,6,7,6,6,6,7,8,6,2,9,7,7,6,10,3,2,7,2,5,7,6,7,7,7,6,8,1,2,3,10,5,7,5,7,4,7,6,6,1,1,8,5,,,10,10,,,5,6,3,5,7,7,3,3,1,8,8,2,1,1,3,2,2,10,5,5,7,1,6,,10,,,5,5,5,1,9,4,1,10,5,3,6,5,10,10,9,10,10,4,5,8,10,5,9,2,10,2,5,6,3,5,5,3,4,1,1,1,6,4,7,6,,,3,4,,,5,5,7,4,5,6,3,1,3,1,4,2,10,10,10,2,7,2,7,7,4,1,5,8,,4,,,b'\x11\xe8\xe1I\xca\xd9\xfc\xc6\xaf\x82\x12\xdf\x17\xaeN\x1e'
11E8E149-CAD9-FCC6-AF82-12DF17AE4E1E,2022-ncaa-d1-natl,ncaa,135,180,67,171,74,89,91,82,147,69,51,189,196,211,151,275,54,27,269,29,90,65,42,182,174,201,231,263,74,43,71,246,218,145,181,74,95,329,251,193,1,3,256,269,,,356,351,,,169,43,56,82,114,128,125,90,74,233,253,68,41,46,78,40,56,336,241,92,295,2,284,,352,,,173,296,238,130,329,274,152,336,110,100,146,90,349,349,239,349,342,192,305,308,338,179,178,47,339,157,218,271,71,234,181,235,190,5,11,23,326,246,287,185,,,36,101,,,169,313,182,142,173,226,161,26,208,74,66,59,342,335,333,68,260,105,185,144,170,9,287,256,,46,,,b'\x11\xe8\xe1I\xca\xd9\xfc\xc6\xaf\x82\x12\xdf\x17\xaeN\x1e'
11E8E149-CAD9-FCC6-AF82-12DF17AE4E1E,2023-ncaa-d0-natl,ncaa,120,139,81,139,85,164,154,108,239,69,29,262,350,348,322,356,63,67,176,67,219,102,114,287,267,220,346,357,41,37,38,171,128,91,74,155,187,94,71,123,86,79,104,100,,,300,319,,,176,160,296,137,224,221,155,74,18,355,356,81,75,79,130,203,38,250,103,195,66,113,118,,266,,,176,202,195,139,233,180,220,119,177,72,356,62,243,267,57,265,246,159,194,240,236,190,216,176,234,110,128,189,38,158,74,193,183,114,101,133,150,123,202,68,,,83,85,,,176,222,167,164,162,110,101,42,118,131,134,38,201,237,232,47,61,64,120,79,136,151,116,167,,119,,,b'\x11\xe8\xe1I\xca\xd9\xfc\xc6\xaf\x82\x12\xdf\x17\xaeN\x1e'
11E8E149-CAD9-FCC6-AF82-12DF17AE4E1E,2023-ncaa-d1-conf-WCC,ncaa,3,3,7,3,8,9,9,8,7,2,2,7,10,10,10,10,2,2,7,2,2,5,8,9,9,5,10,10,1,4,3,9,7,6,5,6,4,1,1,3,4,1,3,2,,,8,10,,,4,9,8,2,6,8,4,1,1,10,10,1,1,1,3,4,1,8,5,6,1,4,2,,9,,,4,2,1,1,7,2,2,4,2,2,8,2,8,8,4,8,10,1,1,5,6,5,6,2,10,2,7,5,3,3,5,2,6,4,2,2,1,1,4,2,,,4,3,,,4,2,4,5,4,4,3,1,3,2,3,2,9,10,10,2,3,4,6,4,3,4,1,5,,3,,,b'\x11\xe8\xe1I\xca\xd9\xfc\xc6\xaf\x82\x12\xdf\x17\xaeN\x1e'
11E8E149-CAD9-FCC6-AF82-12DF17AE4E1E,2023-ncaa-d1-natl,ncaa,114,138,56,134,69,166,155,96,245,60,21,270,351,349,327,356,66,57,179,62,220,87,106,295,273,231,349,358,41,28,32,169,123,73,59,158,179,103,73,121,102,92,103,104,,,298,319,,,181,160,303,142,235,226,165,74,20,357,356,81,73,81,133,196,29,259,97,199,71,134,126,,262,,,182,204,197,140,248,179,219,132,191,76,358,69,239,265,52,260,246,164,190,247,236,205,214,178,225,97,123,181,32,147,59,196,183,116,105,143,163,128,190,60,,,80,89,,,181,222,169,170,171,108,102,42,118,118,141,41,190,229,222,47,56,53,99,64,142,165,123,152,,119,,,b'\x11\xe8\xe1I\xca\xd9\xfc\xc6\xaf\x82\x12\xdf\x17\xaeN\x1e'
11E8E149-CAD9-FCC6-AF82-12DF17AE4E1E,2024-ncaa-d0-natl,ncaa,297,312,196,303,241,222,195,227,155,108,71,232,343,354,213,354,168,162,189,162,270,210,199,237,221,244,347,353,89,106,41,278,290,214,146,125,54,244,254,156,184,163,143,171,,,214,251,,,266,243,214,263,226,190,238,62,33,349,354,137,138,139,223,170,79,300,210,95,260,170,139,,234,,,264,207,220,142,297,248,224,215,132,51,340,47,194,187,177,190,157,149,127,273,270,292,98,106,181,208,290,41,41,75,146,289,301,226,211,301,262,273,246,171,,,196,174,,,266,120,209,297,262,245,268,186,288,292,153,56,210,210,211,193,168,240,41,95,311,212,275,274,,171,,,b'\x11\xe8\xe1I\xca\xd9\xfc\xc6\xaf\x82\x12\xdf\x17\xaeN\x1e'
11E8E149-CAD9-FCC6-AF82-12DF17AE4E1E,2024-ncaa-d1-conf-WCC,ncaa,8,8,3,8,3,6,5,4,6,3,2,7,8,9,7,9,1,2,6,2,5,4,4,8,7,7,8,9,1,2,2,5,6,4,4,4,3,6,4,5,5,6,5,6,,,7,9,,,6,3,4,4,6,6,5,3,1,8,9,1,1,1,5,5,2,6,3,4,5,5,5,,9,,,6,7,6,6,7,7,8,5,3,1,6,1,8,8,2,8,7,7,7,6,6,6,5,2,8,5,6,4,2,5,4,5,5,6,6,5,5,3,8,5,,,3,2,,,6,7,6,6,6,6,5,3,7,8,3,1,8,8,8,7,6,6,3,6,5,6,5,8,,3,,,b'\x11\xe8\xe1I\xca\xd9\xfc\xc6\xaf\x82\x12\xdf\x17\xaeN\x1e'
11E8E149-CAD9-FCC6-AF82-12DF17AE4E1E,2024-ncaa-d1-natl,ncaa,298,314,194,308,238,227,205,233,153,92,57,215,352,358,231,358,150,142,203,146,270,219,203,230,222,239,352,355,85,105,38,278,295,217,143,115,50,252,256,158,163,153,133,162,,,223,264,,,259,245,202,264,228,187,234,55,29,353,357,132,129,133,218,161,78,297,206,80,272,150,123,,244,,,259,206,223,157,276,261,248,207,112,52,322,43,197,202,176,202,167,161,136,259,254,267,94,95,191,226,295,24,38,67,143,292,303,222,207,285,264,269,244,155,,,185,152,,,259,118,212,288,258,241,258,190,292,294,139,59,210,216,220,200,188,248,36,89,306,202,276,265,,154,,,b'\x11\xe8\xe1I\xca\xd9\xfc\xc6\xaf\x82\x12\xdf\x17\xaeN\x1e'
11E8E149-CAD9-FCC6-AF82-12DF17AE4E1E,2025-ncaa-d0-natl,genius_ncaa,332,332,248,337,258,283,223,238,197,91,62,223,360,359,357,361,250,285,72,285,349,257,243,294,293,293,361,362,158,113,40,309,244,244,124,210,174,222,268,235,187,127,239,239,,,208,324,,161,289,286,270,88,278,191,180,41,13,361,360,232,265,269,213,168,62,309,204,189,273,150,215,,279,,200,291,137,125,66,301,214,159,280,23,21,168,24,299,281,293,279,279,74,63,256,295,298,84,19,329,114,244,21,40,29,124,172,241,272,218,255,264,294,347,279,,,330,335,,353,289,64,268,299,296,227,206,97,290,235,41,30,326,311,312,135,98,171,51,84,236,241,301,355,,317,,348,b'\x11\xe8\xe1I\xca\xd9\xfc\xc6\xaf\x82\x12\xdf\x17\xaeN\x1e'
11E8E149-CAD9-FCC6-AF82-12DF17AE4E1E,2025-ncaa-d1-conf-WCC,genius_ncaa,10,11,3,11,4,10,8,7,7,2,2,9,11,11,11,11,6,6,3,6,11,7,3,11,10,11,11,11,5,4,2,9,6,7,5,9,9,11,11,11,5,5,10,10,,,9,11,,6,10,6,5,8,10,9,8,2,1,11,11,7,6,6,8,4,4,10,8,9,11,5,10,,9,,7,10,10,7,3,10,11,7,10,1,1,4,1,10,11,3,11,11,5,7,8,10,10,3,1,11,5,6,3,2,2,5,5,5,6,6,8,11,11,10,8,,,7,10,,11,10,6,10,9,10,9,7,1,11,7,1,1,11,11,11,4,5,5,3,3,5,6,11,10,,8,,11,b'\x11\xe8\xe1I\xca\xd9\xfc\xc6\xaf\x82\x12\xdf\x17\xaeN\x1e'
11E8E149-CAD9-FCC6-AF82-12DF17AE4E1E,2025-ncaa-d1-natl,genius_ncaa,331,332,244,336,259,286,224,238,187,76,53,215,360,359,359,360,266,289,113,292,351,259,247,292,296,296,361,361,174,106,43,306,235,239,112,202,165,242,271,231,176,129,225,234,,,234,330,,147,282,280,266,81,284,186,183,38,12,360,359,249,270,275,215,160,63,305,197,174,279,152,208,,299,,179,281,145,124,54,295,214,167,268,23,17,174,17,313,296,255,293,288,75,60,240,286,287,84,17,337,116,235,25,43,30,112,170,234,263,201,231,273,300,344,270,,,327,332,,352,282,68,273,280,294,218,184,78,279,238,35,22,331,326,327,130,97,163,50,82,221,221,306,353,,313,,347,b'\x11\xe8\xe1I\xca\xd9\xfc\xc6\xaf\x82\x12\xdf\x17\xaeN\x1e'
11E8E149-CAD9-FCC6-AF82-12DF17AE4E1E,2026-ncaa-d0-natl,genius_ncaa,212,295,49,260,73,206,224,123,345,211,92,350,229,193,287,271,114,74,321,67,112,111,80,345,344,336,137,219,50,20,35,119,134,63,80,242,262,347,295,339,70,70,95,101,,,229,181,,281,299,112,306,97,334,337,269,326,168,298,281,176,119,104,234,166,23,224,92,336,301,99,129,,114,,226,275,276,277,253,226,219,228,168,326,287,318,272,175,145,278,137,84,242,238,251,249,235,269,323,81,189,134,250,35,234,80,329,339,126,159,269,344,295,310,248,,,118,241,,344,299,243,318,210,283,148,164,107,95,76,298,210,79,57,51,65,38,88,132,98,286,203,289,265,,229,,359,b'\x11\xe8\xe1I\xca\xd9\xfc\xc6\xaf\x82\x12\xdf\x17\xaeN\x1e'
11E8E149-CAD9-FCC6-AF82-12DF17AE4E1E,2026-ncaa-d1-natl,genius_ncaa,203,294,13,268,35,198,209,82,340,199,72,345,184,145,258,230,133,83,335,79,138,75,51,337,338,332,139,174,107,9,21,80,87,27,44,218,236,347,276,313,73,102,87,87,,,213,144,,265,270,94,330,100,327,331,250,317,181,257,246,241,163,159,229,192,24,202,65,325,273,144,128,,85,,190,263,271,267,261,205,195,213,133,337,302,326,276,147,122,263,118,86,242,247,249,235,228,294,334,80,148,87,258,21,225,44,334,342,117,171,277,333,266,306,242,,,140,295,,349,270,264,291,196,269,113,121,69,71,51,297,202,70,45,39,38,18,47,101,61,279,233,273,249,,283,,355,b'\x11\xe8\xe1I\xca\xd9\xfc\xc6\xaf\x82\x12\xdf\x17\xaeN\x1e'
11E8E149-CADE-7C56-AF82-12DF17AE4E1E,2010-ncaa-d0-natl,ncaa,45,62,20,64,31,61,39,75,22,27,39,29,177,228,70,261,237,254,137,253,339,95,64,38,45,101,318,249,333,78,22,150,301,103,100,19,52,321,260,86,42,71,14,23,,,201,82,,,51,68,250,153,119,54,186,33,107,225,276,309,321,321,249,211,140,299,241,25,245,85,17,,78,,,53,190,251,277,127,311,319,154,25,78,8,32,133,138,153,137,39,266,293,69,57,31,4,13,112,321,301,53,22,173,100,227,156,32,52,65,314,267,221,130,,,250,341,,,51,275,91,50,55,46,99,120,222,255,11,26,65,69,72,84,149,256,4,30,118,82,262,159,,338,,,b'\x11\xe8\xe1I\xca\xde|V\xaf\x82\x12\xdf\x17\xaeN\x1e'
11E8E149-CADE-7C56-AF82-12DF17AE4E1E,2010-ncaa-d1-conf-Mountain West,ncaa,1,2,2,2,2,1,1,1,1,1,1,1,7,7,4,8,7,7,6,7,9,1,1,1,2,4,9,8,9,1,1,7,8,5,2,1,3,8,6,5,1,1,1,1,,,8,8,,,2,1,4,6,2,1,3,1,1,7,8,8,7,7,4,4,2,8,6,1,8,1,1,,6,,,2,4,4,7,4,7,8,3,1,1,3,1,8,8,7,8,6,7,9,2,4,1,1,1,8,8,8,1,1,5,2,3,4,1,1,1,7,6,2,2,,,7,9,,,2,8,3,1,2,3,4,3,5,8,1,1,8,8,8,5,6,7,1,2,3,2,6,3,,9,,,b'\x11\xe8\xe1I\xca\xde|V\xaf\x82\x12\xdf\x17\xaeN\x1e'
11E8E149-CADE-7C56-AF82-12DF17AE4E1E,2010-ncaa-d1-natl,ncaa,46,62,22,65,31,66,40,78,22,27,42,30,186,238,69,260,249,264,135,266,340,104,72,40,48,106,318,248,333,81,22,166,306,115,107,20,52,314,258,86,44,73,14,25,,,186,83,,,55,76,250,154,122,56,190,34,110,228,276,310,323,323,253,214,140,300,246,26,245,90,18,,78,,,59,174,247,273,130,309,315,160,24,67,8,30,125,128,151,127,40,255,290,72,61,34,3,12,112,320,306,34,22,161,107,220,157,33,58,69,311,269,213,135,,,274,342,,,55,266,94,55,61,50,100,123,227,259,12,25,69,68,71,84,151,260,5,30,119,84,265,164,,338,,,b'\x11\xe8\xe1I\xca\xde|V\xaf\x82\x12\xdf\x17\xaeN\x1e'
11E8E149-CADE-7C56-AF82-12DF17AE4E1E,2010-ncaa-d1-ncaatournament,ncaa,9,2,9,9,11,14,14,15,21,18,16,39,5,10,7,29,11,10,34,10,5,15,13,13,15,24,12,20,14,16,35,11,35,11,31,16,27,58,59,45,11,32,13,20,,,56,39,,,16,11,15,9,25,37,55,40,48,15,34,15,11,11,45,28,48,21,34,27,58,24,18,,39,,,15,51,50,51,18,54,55,25,17,40,6,8,61,61,14,60,44,54,54,11,12,10,15,6,53,56,35,51,35,54,31,39,4,11,19,3,63,62,43,32,,,9,5,,,16,54,30,12,17,14,17,25,35,42,6,7,46,49,50,37,46,43,17,28,3,14,62,23,,5,,,b'\x11\xe8\xe1I\xca\xde|V\xaf\x82\x12\xdf\x17\xaeN\x1e'
11E8E149-CADE-7C56-AF82-12DF17AE4E1E,2011-ncaa-d0-natl,ncaa,208,207,242,215,256,262,228,292,102,183,239,79,269,265,243,216,293,260,315,256,211,292,286,126,166,209,293,244,272,240,117,200,252,225,121,138,45,176,276,154,310,304,6,5,,,76,146,,,191,289,278,100,246,192,276,142,212,258,253,291,238,237,284,264,215,118,163,93,242,303,5,,127,,,191,45,67,128,62,157,245,64,18,32,28,25,139,130,205,120,93,126,74,32,40,114,38,27,223,236,252,14,117,57,121,79,143,309,300,243,194,269,17,34,,,294,238,,,191,51,214,158,199,111,131,229,221,310,21,35,175,172,166,228,126,288,35,128,132,307,246,25,,271,,,b'\x11\xe8\xe1I\xca\xde|V\xaf\x82\x12\xdf\x17\xaeN\x1e'
11E8E149-CADE-7C56-AF82-12DF17AE4E1E,2011-ncaa-d1-conf-Mountain West,ncaa,7,6,5,7,5,9,8,9,5,7,8,4,8,7,8,6,8,7,9,7,6,8,7,5,5,7,9,8,7,5,3,6,6,6,4,6,4,8,9,7,8,8,1,1,,,4,5,,,5,7,6,2,9,5,9,4,7,8,7,8,6,6,8,6,5,3,4,4,8,7,1,,5,,,5,2,2,4,4,4,7,3,1,1,1,1,4,4,4,4,4,6,4,3,2,3,2,1,7,6,6,3,3,3,4,4,6,8,7,6,8,9,1,1,,,8,6,,,5,3,8,4,6,4,4,6,6,8,1,2,5,5,5,8,5,7,3,4,5,7,9,1,,7,,,b'\x11\xe8\xe1I\xca\xde|V\xaf\x82\x12\xdf\x17\xaeN\x1e'
11E8E149-CADE-7C56-AF82-12DF17AE4E1E,2011-ncaa-d1-natl,ncaa,226,202,279,226,291,273,242,311,105,194,268,82,272,274,241,214,304,273,315,269,211,310,306,130,170,214,291,242,270,260,123,224,255,241,123,156,45,156,277,161,319,311,7,5,,,61,146,,,201,311,279,98,252,196,280,148,214,256,252,290,239,239,286,266,218,123,171,100,240,307,5,,128,,,201,34,52,105,66,139,229,70,13,23,29,25,133,119,207,108,94,98,51,35,45,119,35,22,221,220,255,8,123,37,123,64,143,319,307,250,176,272,14,37,,,307,236,,,201,30,216,167,207,115,137,231,225,311,21,34,182,171,166,230,129,292,35,130,135,309,250,26,,274,,,b'\x11\xe8\xe1I\xca\xde|V\xaf\x82\x12\xdf\x17\xaeN\x1e'
11E8E149-CADE-7C56-AF82-12DF17AE4E1E,2012-ncaa-d0-natl,ncaa,23,17,81,22,103,97,87,81,103,64,60,105,188,179,204,237,114,116,158,118,233,81,109,141,142,89,266,246,197,33,19,162,88,68,28,179,296,58,31,116,106,82,33,28,,,298,326,,,24,167,279,222,104,87,92,60,79,207,210,154,156,159,99,183,29,239,97,228,38,128,36,,285,,,24,56,26,65,42,79,180,37,8,14,44,16,315,315,172,315,309,112,153,18,62,46,159,15,339,95,88,78,19,67,28,51,179,120,77,46,16,8,150,72,,,176,246,,,24,171,35,35,23,29,8,14,44,106,5,6,294,295,298,29,45,46,29,23,40,143,11,124,,242,,,b'\x11\xe8\xe1I\xca\xde|V\xaf\x82\x12\xdf\x17\xaeN\x1e'
11E8E149-CADE-7C56-AF82-12DF17AE4E1E,2012-ncaa-d1-conf-Mountain West,ncaa,1,1,1,1,1,1,1,1,4,1,1,2,4,4,7,5,1,1,4,1,5,1,1,6,4,3,6,7,2,1,2,3,1,1,1,4,8,2,1,2,1,2,3,3,,,7,7,,,1,2,6,4,1,2,2,2,2,6,4,1,3,3,1,4,2,7,2,7,1,3,3,,6,,,1,5,3,4,3,4,5,3,1,1,2,1,7,7,2,7,7,4,6,2,4,1,5,1,8,1,1,5,2,5,1,4,6,1,1,2,1,1,5,3,,,3,6,,,1,7,1,1,1,1,1,1,2,1,1,1,6,7,7,1,1,1,4,1,2,4,1,4,,4,,,b'\x11\xe8\xe1I\xca\xde|V\xaf\x82\x12\xdf\x17\xaeN\x1e'
11E8E149-CADE-7C56-AF82-12DF17AE4E1E,2012-ncaa-d1-natl,ncaa,27,17,90,23,115,111,93,88,110,69,66,109,195,186,203,235,125,132,159,134,235,95,127,147,145,92,263,246,190,36,19,183,95,81,29,203,297,43,31,119,122,89,37,31,,,295,326,,,28,201,283,215,111,92,96,63,84,207,213,153,155,158,103,191,31,247,106,234,38,137,41,,283,,,29,43,18,43,47,69,154,40,6,9,43,16,313,310,174,310,312,89,119,19,70,55,160,15,339,78,95,54,19,45,29,40,176,131,83,52,13,9,147,75,,,193,245,,,28,139,39,41,27,32,8,15,47,110,5,6,298,298,300,30,44,46,29,24,42,153,11,125,,245,,,b'\x11\xe8\xe1I\xca\xde|V\xaf\x82\x12\xdf\x17\xaeN\x1e'
11E8E149-CADE-7C56-AF82-12DF17AE4E1E,2012-ncaa-d1-ncaatournament,ncaa,33,2,33,33,34,45,42,54,32,42,51,26,44,50,36,25,52,37,63,34,10,45,61,31,42,37,38,24,54,51,51,49,34,55,52,49,51,3,3,19,45,28,40,22,,,35,64,,,36,62,63,5,43,37,51,36,47,23,27,50,14,11,37,60,42,45,50,44,3,32,23,,64,,,39,6,1,3,14,2,5,20,1,3,6,4,44,40,38,40,63,11,2,8,30,35,52,4,64,14,34,25,51,21,52,9,54,57,53,49,1,1,12,32,,,39,13,,,36,2,38,39,41,21,1,4,6,12,2,4,64,63,63,18,2,24,56,51,21,55,1,24,,24,,,b'\x11\xe8\xe1I\xca\xde|V\xaf\x82\x12\xdf\x17\xaeN\x1e'
11E8E149-CADE-7C56-AF82-12DF17AE4E1E,2013-ncaa-d0-natl,ncaa,30,20,80,24,104,66,33,64,33,29,46,34,156,175,113,213,261,274,136,268,339,82,130,54,70,41,308,214,333,51,30,110,173,71,49,138,312,28,19,51,142,142,10,13,,,148,135,,,25,168,272,267,59,22,54,22,62,178,192,291,307,303,106,212,64,146,80,161,16,172,8,,108,,,20,44,38,183,10,87,281,5,20,19,113,11,233,240,122,253,170,198,185,5,8,21,119,36,307,244,173,63,30,123,49,99,241,189,201,132,67,59,50,16,,,327,343,,,25,164,22,33,18,26,17,89,59,268,14,10,199,208,225,106,88,205,28,67,82,227,61,34,,344,,,b'\x11\xe8\xe1I\xca\xde|V\xaf\x82\x12\xdf\x17\xaeN\x1e'
11E8E149-CADE-7C56-AF82-12DF17AE4E1E,2013-ncaa-d1-conf-Mountain West,ncaa,1,1,1,1,1,1,1,1,2,1,1,2,5,4,6,6,5,5,6,5,8,1,1,3,3,3,9,8,8,1,1,2,3,1,2,4,9,3,1,3,2,2,1,1,,,6,6,,,1,4,7,1,2,1,1,1,2,6,6,6,7,7,1,5,1,4,1,7,2,3,1,,5,,,1,1,1,4,1,2,7,1,1,1,1,1,6,6,3,6,5,7,6,1,1,1,4,1,8,6,3,3,1,4,2,2,6,2,2,2,3,1,2,1,,,6,8,,,1,6,2,1,1,1,1,1,1,4,1,1,5,5,5,2,2,6,1,2,2,4,2,2,,8,,,b'\x11\xe8\xe1I\xca\xde|V\xaf\x82\x12\xdf\x17\xaeN\x1e'
11E8E149-CADE-7C56-AF82-12DF17AE4E1E,2013-ncaa-d1-natl,ncaa,19,20,27,22,44,36,15,26,29,19,27,33,134,157,112,221,223,240,145,232,338,42,70,50,70,36,308,222,332,37,32,54,143,33,46,93,300,35,16,40,127,145,5,12,,,202,136,,,13,96,271,267,53,20,51,18,53,182,202,287,300,294,91,212,73,112,74,144,12,176,9,,109,,,15,65,46,234,7,110,312,5,20,32,59,17,273,288,100,296,193,260,253,5,5,15,130,29,317,265,143,116,32,199,46,116,228,133,190,102,89,54,43,10,,,298,342,,,13,237,19,22,15,19,12,76,44,239,11,12,209,225,238,96,84,175,33,64,65,225,55,22,,341,,,b'\x11\xe8\xe1I\xca\xde|V\xaf\x82\x12\xdf\x17\xaeN\x1e'
11E8E149-CADE-7C56-AF82-12DF17AE4E1E,2014-ncaa-d0-natl,ncaa,197,205,180,207,236,240,181,245,90,91,110,120,330,332,279,331,246,188,306,189,259,243,190,186,212,272,340,333,219,76,4,218,130,139,18,225,233,305,317,284,190,154,156,77,,,51,81,,,222,237,232,265,244,171,240,58,71,333,333,243,186,185,242,152,44,208,98,229,317,178,141,,61,,,220,132,109,119,152,8,8,132,349,341,334,348,55,47,163,47,198,91,86,281,255,250,348,349,45,89,130,5,4,7,18,319,347,223,183,311,299,300,26,16,,,265,278,,,222,89,218,243,236,173,144,144,12,4,348,347,59,58,52,94,78,119,8,12,327,209,306,33,,253,,,b'\x11\xe8\xe1I\xca\xde|V\xaf\x82\x12\xdf\x17\xaeN\x1e'
11E8E149-CADE-7C56-AF82-12DF17AE4E1E,2014-ncaa-d1-conf-Mountain West,ncaa,6,6,3,6,5,9,7,9,5,2,2,5,11,11,10,11,7,5,11,5,7,8,6,7,8,9,11,11,5,2,1,6,4,2,1,9,10,10,10,9,9,7,5,3,,,3,8,,,6,8,11,8,10,9,10,2,2,11,11,6,5,5,8,5,2,7,2,10,9,9,6,,3,,,6,5,2,3,3,1,1,5,11,11,10,11,2,2,10,2,8,3,3,6,7,7,11,11,3,4,4,1,1,1,1,7,11,7,6,9,6,7,2,1,,,6,7,,,6,3,8,8,9,5,3,3,1,1,11,11,2,2,2,2,1,3,1,1,7,8,6,1,,6,,,b'\x11\xe8\xe1I\xca\xde|V\xaf\x82\x12\xdf\x17\xaeN\x1e'
11E8E149-CADE-7C56-AF82-12DF17AE4E1E,2014-ncaa-d1-natl,ncaa,211,204,211,214,285,260,206,268,96,107,128,129,333,335,282,329,258,214,311,212,258,269,221,190,217,276,339,331,218,88,4,246,135,167,19,245,239,295,320,289,203,161,164,80,,,39,85,,,230,274,237,267,254,179,243,62,76,332,332,243,189,188,246,156,45,216,101,238,318,181,142,,60,,,229,109,91,93,161,6,2,142,347,338,336,348,44,37,167,33,198,64,52,287,266,261,348,349,46,78,135,2,4,3,19,315,347,243,189,316,284,304,21,17,,,288,276,,,230,55,224,258,246,179,151,146,12,4,348,346,59,58,52,95,78,122,8,12,327,216,307,33,,255,,,b'\x11\xe8\xe1I\xca\xde|V\xaf\x82\x12\xdf\x17\xaeN\x1e'
11E8E149-CADE-7C56-AF82-12DF17AE4E1E,2015-ncaa-d0-natl,ncaa,232,256,113,244,161,260,211,239,154,93,91,174,342,337,335,337,221,183,292,187,276,232,187,251,258,290,337,340,149,114,43,211,206,161,66,248,267,305,310,296,158,136,242,209,,,109,127,,,248,223,289,283,307,254,301,89,82,343,341,249,213,224,296,256,124,248,190,272,284,169,251,,97,,,244,119,123,140,166,113,71,245,197,286,31,310,135,114,245,111,188,124,128,163,162,160,209,238,152,174,206,33,43,58,66,274,328,191,174,258,254,269,249,192,,,238,253,,,248,122,275,174,251,108,109,93,100,38,199,281,120,102,100,71,56,152,24,39,258,218,241,236,,283,,,b'\x11\xe8\xe1I\xca\xde|V\xaf\x82\x12\xdf\x17\xaeN\x1e'
11E8E149-CADE-7C56-AF82-12DF17AE4E1E,2015-ncaa-d1-conf-Mountain West,ncaa,7,7,4,7,5,9,7,8,5,2,2,4,11,11,11,11,8,8,10,8,10,8,8,8,9,8,11,11,5,7,4,10,5,9,3,8,7,6,6,7,6,4,10,7,,,4,7,,,6,9,11,6,9,9,11,1,2,11,11,8,8,8,11,9,5,10,8,9,5,5,10,,4,,,6,3,2,1,9,3,2,9,5,5,2,9,4,5,3,4,8,1,2,7,6,4,6,6,5,3,5,1,4,1,3,5,9,6,3,4,5,6,6,4,,,7,8,,,6,1,8,4,7,4,3,2,3,1,5,5,4,4,3,1,1,3,1,1,5,6,5,6,,6,,,b'\x11\xe8\xe1I\xca\xde|V\xaf\x82\x12\xdf\x17\xaeN\x1e'
11E8E149-CADE-7C56-AF82-12DF17AE4E1E,2015-ncaa-d1-natl,ncaa,243,255,143,253,198,283,240,274,164,113,104,187,344,341,337,338,240,209,291,214,279,270,236,255,260,293,336,340,142,136,49,241,213,196,77,278,271,290,315,301,173,145,252,215,,,79,133,,,262,267,290,285,311,261,303,99,89,343,341,252,216,225,302,257,134,257,202,289,287,177,251,,96,,,262,88,101,106,177,90,52,252,185,270,34,307,111,95,247,95,191,82,82,177,173,180,210,237,150,157,213,18,49,36,77,264,328,218,181,263,241,273,234,199,,,266,250,,,262,77,281,194,269,111,114,96,101,39,199,280,124,107,104,74,56,155,25,44,262,221,244,238,,284,,,b'\x11\xe8\xe1I\xca\xde|V\xaf\x82\x12\xdf\x17\xaeN\x1e'
11E8E149-CADE-7C56-AF82-12DF17AE4E1E,2016-ncaa-d0-natl,ncaa,239,249,175,248,185,259,233,249,219,215,219,209,239,225,257,194,268,242,290,240,211,254,273,244,253,219,229,206,214,259,256,322,245,315,294,266,252,81,159,218,163,114,319,310,,,52,87,,,252,273,302,56,285,259,263,221,207,241,220,271,243,244,272,304,259,343,335,276,100,157,320,,49,,,250,129,159,63,301,131,49,286,216,153,313,247,66,47,298,55,126,48,69,309,307,261,189,250,74,69,245,139,256,96,294,173,202,154,88,168,103,171,135,159,,,296,256,,,252,70,240,248,255,164,192,59,163,55,233,175,78,55,66,40,46,81,156,120,194,140,121,137,,302,,,b'\x11\xe8\xe1I\xca\xde|V\xaf\x82\x12\xdf\x17\xaeN\x1e'
11E8E149-CADE-7C56-AF82-12DF17AE4E1E,2016-ncaa-d1-conf-Mountain West,ncaa,8,8,4,8,4,8,7,9,6,6,8,7,7,7,7,5,9,10,8,9,9,9,9,7,7,7,8,6,9,9,9,10,6,11,10,7,8,6,7,7,5,3,11,10,,,4,6,,,9,8,10,3,9,7,9,8,8,6,7,11,9,9,9,8,9,11,11,7,4,4,11,,4,,,9,5,8,3,10,6,2,10,9,7,11,9,2,2,8,2,6,2,3,10,10,10,8,9,2,3,6,7,9,4,10,7,6,3,2,3,4,7,9,7,,,9,8,,,9,3,9,8,9,6,6,2,6,3,10,6,2,1,1,2,2,3,5,5,5,2,4,8,,9,,,b'\x11\xe8\xe1I\xca\xde|V\xaf\x82\x12\xdf\x17\xaeN\x1e'
11E8E149-CADE-7C56-AF82-12DF17AE4E1E,2016-ncaa-d1-natl,ncaa,234,249,142,247,152,267,248,254,225,227,220,220,238,225,251,191,268,240,308,240,202,255,280,239,256,224,216,199,216,257,252,319,231,314,282,264,245,86,168,217,174,131,317,311,,,45,90,,,250,271,311,58,295,267,274,230,223,235,219,274,244,244,281,309,262,336,327,280,102,175,323,,50,,,251,124,152,70,277,128,62,264,206,159,290,240,63,51,301,59,112,42,62,295,285,234,179,236,79,76,231,156,252,100,282,157,194,166,102,167,107,177,129,160,,,285,251,,,250,77,245,222,253,146,169,59,154,58,221,169,71,52,60,38,42,83,160,114,173,158,124,141,,304,,,b'\x11\xe8\xe1I\xca\xde|V\xaf\x82\x12\xdf\x17\xaeN\x1e'
11E8E149-CADE-7C56-AF82-12DF17AE4E1E,2017-ncaa-d0-natl,ncaa,267,247,291,270,303,254,267,284,222,309,319,201,133,129,164,60,252,270,155,266,108,285,319,179,176,152,52,63,186,300,287,323,112,329,271,271,232,16,94,165,323,290,347,344,,,48,163,,,287,314,226,169,192,236,207,275,291,83,68,201,222,218,218,269,276,308,318,242,62,296,345,,124,,,289,190,223,51,342,176,33,344,266,185,341,290,44,42,209,43,134,36,29,344,343,343,179,284,39,17,112,114,287,43,271,280,284,285,222,320,22,76,80,203,,,328,291,,,287,38,179,329,286,302,322,152,281,81,314,266,92,87,90,115,80,38,236,146,325,247,59,131,,310,,,b'\x11\xe8\xe1I\xca\xde|V\xaf\x82\x12\xdf\x17\xaeN\x1e'
11E8E149-CADE-7C56-AF82-12DF17AE4E1E,2017-ncaa-d1-conf-Mountain West,ncaa,9,9,7,9,7,7,8,7,7,10,9,7,2,4,3,3,7,7,9,7,6,7,8,5,5,4,1,2,6,8,6,10,6,10,8,8,8,4,5,6,10,10,11,11,,,6,9,,,10,10,6,4,5,6,5,9,9,2,3,6,6,6,5,6,7,10,10,6,4,10,11,,6,,,10,10,10,5,11,7,4,11,10,6,11,8,6,5,11,5,8,4,2,11,11,11,7,7,4,3,6,4,6,4,8,11,10,9,7,10,5,7,6,7,,,10,8,,,10,3,5,11,10,10,10,6,8,4,10,8,6,6,6,6,6,3,7,4,11,7,6,7,,10,,,b'\x11\xe8\xe1I\xca\xde|V\xaf\x82\x12\xdf\x17\xaeN\x1e'
11E8E149-CADE-7C56-AF82-12DF17AE4E1E,2017-ncaa-d1-natl,ncaa,258,247,217,260,266,227,235,262,196,273,306,168,114,99,159,61,243,257,153,251,130,267,299,149,153,139,67,67,221,291,285,312,108,324,265,246,230,31,101,149,313,297,344,341,,,70,147,,,286,290,237,178,193,222,217,261,291,85,72,213,240,234,224,283,284,305,322,225,63,305,344,,107,,,288,244,276,98,342,210,50,343,305,241,336,307,55,52,194,50,130,64,36,345,344,343,201,297,34,24,108,156,285,73,265,309,284,265,228,324,30,70,104,199,,,325,298,,,286,66,169,331,287,298,320,156,270,61,320,288,82,78,80,113,69,40,213,134,325,253,52,132,,318,,,b'\x11\xe8\xe1I\xca\xde|V\xaf\x82\x12\xdf\x17\xaeN\x1e'
11E8E149-CADE-7C56-AF82-12DF17AE4E1E,2018-ncaa-d0-natl,ncaa,245,244,242,249,250,213,207,197,217,230,191,254,142,173,109,144,253,268,141,270,268,213,240,202,205,186,132,112,231,240,238,203,135,224,200,222,242,85,137,183,293,283,310,315,,,103,151,,,241,231,151,53,176,175,118,202,145,109,135,231,239,246,133,155,212,139,166,210,131,278,310,,166,,,242,191,230,190,261,226,142,288,224,240,169,284,56,35,301,35,58,153,98,261,245,299,128,225,47,102,135,175,238,137,200,270,267,307,301,327,83,120,33,50,,,294,295,,,241,109,206,281,246,267,298,291,282,222,267,293,101,67,67,259,178,144,241,215,306,293,126,60,,282,,,b'\x11\xe8\xe1I\xca\xde|V\xaf\x82\x12\xdf\x17\xaeN\x1e'
11E8E149-CADE-7C56-AF82-12DF17AE4E1E,2018-ncaa-d1-conf-Mountain West,ncaa,9,8,8,9,9,8,7,7,7,7,5,10,7,7,6,7,5,5,8,5,5,6,6,9,7,8,7,7,4,7,7,8,7,6,7,8,9,7,7,9,10,9,11,11,,,8,7,,,9,6,3,3,7,7,4,5,3,7,7,4,5,5,4,4,7,4,4,8,9,9,11,,11,,,9,8,8,7,8,7,5,9,7,6,3,7,4,2,7,2,4,6,6,8,7,10,6,6,4,6,7,6,7,6,7,8,7,9,9,9,6,8,1,1,,,7,8,,,9,6,7,9,9,10,10,10,10,9,9,8,6,5,4,10,9,8,8,8,9,9,8,2,,5,,,b'\x11\xe8\xe1I\xca\xde|V\xaf\x82\x12\xdf\x17\xaeN\x1e'
11E8E149-CADE-7C56-AF82-12DF17AE4E1E,2018-ncaa-d1-natl,ncaa,247,243,213,248,234,212,197,186,209,219,205,245,117,151,95,131,264,283,132,285,288,214,239,178,187,170,131,102,264,253,248,186,126,223,199,218,231,93,144,171,283,283,309,309,,,96,143,,,244,225,143,58,168,158,112,198,149,98,118,249,268,271,137,154,228,134,175,194,137,274,307,,152,,,244,219,260,211,267,230,143,291,253,269,189,291,59,36,302,36,57,168,96,278,257,305,141,244,42,92,126,183,248,135,199,291,277,302,303,332,101,132,27,45,,,306,308,,,244,116,195,287,249,274,301,292,278,213,280,303,95,62,60,259,182,134,242,210,315,291,140,49,,297,,,b'\x11\xe8\xe1I\xca\xde|V\xaf\x82\x12\xdf\x17\xaeN\x1e'
11E8E149-CADE-7C56-AF82-12DF17AE4E1E,2019-ncaa-d0-natl,ncaa,185,224,80,211,90,115,126,120,150,103,58,230,206,269,59,289,82,74,188,73,166,106,99,176,162,172,226,250,91,131,134,99,160,98,123,153,203,235,178,186,185,211,126,152,,,201,141,,,208,99,174,124,152,156,196,126,84,233,291,90,97,96,165,163,150,139,133,177,189,212,150,,151,,,205,279,261,280,147,220,233,154,281,286,196,243,273,231,334,235,190,280,259,165,194,255,258,243,212,238,160,181,134,206,123,326,330,248,296,328,239,193,341,316,,,114,167,,,208,251,154,247,205,236,212,252,169,189,267,266,242,190,196,255,182,176,116,130,314,283,192,337,,158,,,b'\x11\xe8\xe1I\xca\xde|V\xaf\x82\x12\xdf\x17\xaeN\x1e'
11E8E149-CADE-7C56-AF82-12DF17AE4E1E,2019-ncaa-d1-conf-Mountain West,ncaa,7,7,1,7,1,5,6,2,8,3,1,10,6,8,4,8,2,1,7,1,7,2,2,9,8,8,8,8,4,3,4,1,7,1,6,7,7,11,7,7,6,11,7,9,,,11,5,,,8,2,5,5,7,8,6,6,3,8,8,5,5,5,5,6,6,2,3,7,7,9,8,,7,,,8,11,10,11,4,7,11,4,10,10,6,7,11,9,10,10,6,11,11,5,5,9,8,7,8,10,7,10,4,10,6,10,9,8,10,9,7,6,10,9,,,4,5,,,8,10,8,9,8,9,8,9,4,8,8,8,11,6,6,9,8,8,7,7,10,9,6,10,,6,,,b'\x11\xe8\xe1I\xca\xde|V\xaf\x82\x12\xdf\x17\xaeN\x1e'
11E8E149-CADE-7C56-AF82-12DF17AE4E1E,2019-ncaa-d1-natl,ncaa,201,224,107,221,118,153,158,162,162,127,82,251,224,286,63,289,98,105,183,101,167,145,142,189,174,181,221,248,82,159,147,131,167,132,139,180,210,205,182,193,213,220,149,160,,,169,143,,,224,150,181,116,166,178,206,141,92,232,293,92,100,100,179,173,162,148,152,187,194,219,151,,153,,,224,263,238,259,164,194,206,162,272,269,210,237,259,212,336,218,191,261,207,186,214,270,257,241,209,212,167,144,147,161,139,319,330,276,302,332,223,197,338,321,,,149,162,,,224,203,169,265,224,248,228,253,183,193,268,266,249,199,205,260,179,179,121,142,318,287,200,338,,163,,,b'\x11\xe8\xe1I\xca\xde|V\xaf\x82\x12\xdf\x17\xaeN\x1e'
11E8E149-CADE-7C56-AF82-12DF17AE4E1E,2020-ncaa-d0-natl,ncaa,197,216,87,212,88,181,171,239,89,146,151,169,219,292,32,277,149,191,99,180,186,233,262,104,99,95,218,210,133,335,334,40,122,180,218,222,259,73,126,145,337,343,208,254,,,53,33,,,216,209,294,8,205,198,299,165,175,218,300,166,196,189,291,327,338,37,215,245,65,341,213,,31,,,215,224,268,304,119,274,311,123,177,210,109,151,79,66,247,64,26,285,172,100,88,243,74,146,51,228,122,221,334,238,218,278,231,344,347,347,73,106,168,158,,,278,227,,,216,151,159,262,207,200,254,311,261,311,163,197,78,61,59,280,128,212,195,213,261,347,65,159,,300,,,b'\x11\xe8\xe1I\xca\xde|V\xaf\x82\x12\xdf\x17\xaeN\x1e'
11E8E149-CADE-7C56-AF82-12DF17AE4E1E,2020-ncaa-d1-conf-Mountain West,ncaa,5,5,8,5,8,7,8,11,4,9,9,5,7,10,1,9,2,2,7,2,1,10,10,3,3,4,6,7,1,10,10,5,7,9,6,9,10,4,8,8,10,11,11,10,,,4,6,,,5,9,8,1,7,7,9,7,8,7,10,2,1,1,8,9,10,2,7,8,6,10,11,,5,,,5,5,3,6,1,3,6,1,5,5,5,4,7,8,6,7,6,6,5,2,2,8,8,6,8,7,7,3,10,3,6,5,6,11,11,11,3,4,5,7,,,5,1,,,5,3,5,9,5,7,7,8,5,6,7,6,9,9,7,9,6,8,4,6,6,10,3,6,,3,,,b'\x11\xe8\xe1I\xca\xde|V\xaf\x82\x12\xdf\x17\xaeN\x1e'
11E8E149-CADE-7C56-AF82-12DF17AE4E1E,2020-ncaa-d1-natl,ncaa,199,215,45,208,49,171,167,236,91,133,139,178,200,289,28,277,151,193,103,182,194,230,264,105,99,99,216,207,146,332,335,23,122,161,212,201,236,76,119,138,343,344,199,246,,,46,24,,,215,189,289,12,209,200,301,164,172,216,297,174,203,197,291,326,337,28,207,241,67,344,208,,26,,,214,242,283,326,114,284,320,123,198,250,86,178,75,65,257,60,22,311,195,94,84,246,72,157,46,243,122,253,335,265,212,294,239,346,347,347,84,116,179,150,,,273,245,,,215,172,169,266,211,202,265,317,262,313,168,215,66,53,48,286,130,221,204,221,265,347,70,157,,303,,,b'\x11\xe8\xe1I\xca\xde|V\xaf\x82\x12\xdf\x17\xaeN\x1e'
11E8E149-CADE-7C56-AF82-12DF17AE4E1E,2021-ncaa-d0-natl,ncaa,225,310,89,269,104,160,154,122,245,132,68,297,176,210,86,278,166,159,222,156,262,131,141,249,254,227,223,208,190,209,309,69,107,113,249,189,257,177,128,196,214,283,236,284,,,157,56,,,292,124,203,85,260,232,198,202,101,238,280,237,229,230,212,251,288,69,171,264,97,280,279,,54,,,269,258,263,271,128,228,235,151,303,306,168,301,148,128,307,130,56,261,226,159,148,245,238,290,54,225,107,308,309,287,249,274,204,236,320,313,164,118,280,190,,,206,303,,,292,222,256,241,266,220,236,285,158,178,295,314,81,53,55,252,153,161,309,288,233,317,98,242,,315,,,b'\x11\xe8\xe1I\xca\xde|V\xaf\x82\x12\xdf\x17\xaeN\x1e'
11E8E149-CADE-7C56-AF82-12DF17AE4E1E,2021-ncaa-d1-conf-Mountain West,ncaa,8,9,7,9,7,9,9,8,8,8,5,9,8,10,4,11,6,5,10,5,6,8,7,7,8,8,9,9,4,8,8,7,6,8,10,9,8,6,7,8,10,10,9,9,,,8,9,,,10,7,9,2,10,10,10,7,5,9,11,5,4,4,9,10,7,8,8,10,6,11,10,,6,,,10,6,6,6,6,4,4,5,8,8,9,10,8,8,11,8,10,6,5,9,9,10,11,10,8,7,6,7,8,7,10,9,10,9,9,10,5,6,9,9,,,9,9,,,10,5,9,10,10,9,7,5,3,1,10,9,9,7,7,6,4,7,8,8,10,11,6,11,,9,,,b'\x11\xe8\xe1I\xca\xde|V\xaf\x82\x12\xdf\x17\xaeN\x1e'
11E8E149-CADE-7C56-AF82-12DF17AE4E1E,2021-ncaa-d1-natl,ncaa,230,310,105,276,122,174,167,135,250,146,80,301,179,217,84,276,175,168,220,166,262,146,154,252,260,234,218,207,187,223,312,84,114,127,260,206,258,166,130,204,229,287,243,289,,,145,56,,,295,137,207,82,266,241,204,208,106,239,281,240,229,229,217,256,294,71,178,271,99,283,284,,54,,,279,244,255,263,139,217,226,165,296,299,179,298,144,119,308,119,57,250,207,168,156,255,239,287,53,212,114,301,312,278,260,266,205,248,322,316,157,121,273,202,,,220,303,,,295,207,261,250,275,225,242,287,168,181,295,314,83,54,56,254,149,165,312,293,237,319,98,246,,317,,,b'\x11\xe8\xe1I\xca\xde|V\xaf\x82\x12\xdf\x17\xaeN\x1e'
11E8E149-CADE-7C56-AF82-12DF17AE4E1E,2022-ncaa-d0-natl,ncaa,174,210,112,200,148,165,144,110,222,146,80,286,151,197,75,226,273,251,285,246,321,119,161,221,256,177,233,148,304,175,257,91,23,106,142,212,298,35,32,116,188,184,278,283,,,253,268,,,206,161,218,275,206,151,88,166,76,164,216,299,280,271,129,219,201,77,101,248,27,211,299,,212,,,204,217,170,194,145,107,115,177,305,300,222,314,237,240,218,237,270,203,164,195,199,263,320,309,232,53,23,315,257,226,142,267,299,285,300,312,16,14,312,267,,,276,325,,,206,191,185,215,208,173,130,129,71,45,296,299,221,216,214,146,69,27,306,201,239,315,12,316,,322,,,b'\x11\xe8\xe1I\xca\xde|V\xaf\x82\x12\xdf\x17\xaeN\x1e'
11E8E149-CADE-7C56-AF82-12DF17AE4E1E,2022-ncaa-d1-conf-Mountain West,ncaa,7,7,3,7,5,5,5,6,9,7,3,10,7,8,5,8,11,7,9,7,10,5,5,8,8,7,8,6,11,6,7,5,4,4,5,7,11,6,5,7,4,3,10,10,,,10,10,,,8,5,8,8,7,7,4,9,3,7,7,11,10,10,5,5,7,7,6,10,5,4,11,,9,,,8,6,6,6,5,3,2,5,7,9,6,11,10,10,4,10,10,6,6,6,7,6,11,9,8,4,4,9,7,7,5,7,10,6,3,6,2,3,11,10,,,6,9,,,8,7,8,6,8,5,3,4,2,1,7,9,8,9,9,4,3,3,8,7,6,7,3,10,,9,,,b'\x11\xe8\xe1I\xca\xde|V\xaf\x82\x12\xdf\x17\xaeN\x1e'
11E8E149-CADE-7C56-AF82-12DF17AE4E1E,2022-ncaa-d1-natl,ncaa,176,209,100,195,137,179,145,104,228,152,77,297,129,186,52,221,285,268,288,259,325,122,158,215,258,177,209,129,309,183,264,88,37,109,158,214,281,35,39,117,197,198,294,289,,,251,267,,,220,156,228,275,215,167,104,183,91,146,212,311,290,280,153,238,218,85,118,243,30,223,304,,219,,,219,219,180,203,148,109,104,179,309,316,207,324,240,235,236,226,264,203,160,192,207,271,319,306,224,61,37,322,264,247,158,273,309,295,305,318,16,15,310,261,,,280,322,,,220,194,189,230,222,178,141,140,74,49,303,309,218,214,204,154,73,40,308,207,244,321,15,309,,323,,,b'\x11\xe8\xe1I\xca\xde|V\xaf\x82\x12\xdf\x17\xaeN\x1e'
11E8E149-CADE-7C56-AF82-12DF17AE4E1E,2023-ncaa-d0-natl,ncaa,73,74,81,78,105,139,100,153,54,93,89,132,181,273,16,289,251,252,198,248,326,167,201,77,97,87,284,211,314,329,332,181,52,261,233,77,67,79,96,52,61,36,160,128,,,227,265,,,88,147,284,291,181,124,279,106,137,203,303,295,300,298,289,333,344,275,339,85,47,76,180,,168,,,89,109,83,106,146,106,102,185,109,153,71,210,210,123,360,124,191,105,154,135,174,96,202,150,259,33,52,199,332,112,233,124,180,72,44,50,50,72,170,105,,,211,200,,,88,209,135,59,89,37,32,20,63,37,78,110,169,94,95,16,30,14,127,49,70,105,28,131,,281,,,b'\x11\xe8\xe1I\xca\xde|V\xaf\x82\x12\xdf\x17\xaeN\x1e'
11E8E149-CADE-7C56-AF82-12DF17AE4E1E,2023-ncaa-d1-conf-Mountain West,ncaa,3,3,3,3,5,5,4,5,4,2,2,5,7,10,2,10,11,10,9,10,11,6,8,4,5,5,11,11,11,10,9,7,5,8,7,3,2,4,4,3,3,3,5,5,,,7,7,,,4,7,9,6,5,3,7,2,1,8,10,11,10,10,8,9,10,7,10,4,3,3,5,,6,,,4,1,2,4,5,3,4,5,3,3,2,6,4,3,10,3,4,3,4,4,5,4,3,3,5,3,5,6,9,4,7,4,5,3,3,2,3,3,3,3,,,9,8,,,4,3,5,3,5,1,2,3,5,2,3,4,4,3,4,1,3,3,5,4,3,3,3,3,,9,,,b'\x11\xe8\xe1I\xca\xde|V\xaf\x82\x12\xdf\x17\xaeN\x1e'
11E8E149-CADE-7C56-AF82-12DF17AE4E1E,2023-ncaa-d1-natl,ncaa,52,74,33,75,54,96,76,101,62,57,66,140,171,249,28,283,190,177,203,179,299,117,123,90,102,94,277,226,282,285,306,128,41,187,209,57,71,121,99,55,32,20,142,126,,,282,273,,,61,86,253,291,169,116,255,98,131,206,300,249,252,253,257,309,333,247,320,77,63,53,176,,188,,,66,129,96,159,115,124,138,165,107,188,44,210,231,159,355,173,195,152,239,102,134,56,197,147,264,52,41,256,306,176,209,127,168,39,37,34,88,71,196,109,,,141,178,,,61,263,129,34,64,26,25,25,54,39,65,113,161,94,95,17,45,15,139,51,49,72,37,139,,243,,,b'\x11\xe8\xe1I\xca\xde|V\xaf\x82\x12\xdf\x17\xaeN\x1e'
11E8E149-CADE-7C56-AF82-12DF17AE4E1E,2024-ncaa-d0-natl,ncaa,86,111,52,105,55,105,106,105,133,89,81,171,165,191,111,243,88,113,54,112,194,105,123,149,133,100,215,226,125,289,334,65,31,135,199,118,160,81,60,82,105,139,109,113,,,146,71,,,147,82,184,63,146,146,189,124,123,201,237,115,167,165,181,257,325,81,226,142,39,142,143,,72,,,148,263,268,265,207,193,187,184,332,313,300,309,123,133,147,124,124,252,264,251,228,215,296,334,65,79,31,336,334,264,199,298,271,116,154,224,161,132,176,107,,,133,158,,,147,285,147,160,141,183,190,170,103,81,318,278,86,90,83,138,135,28,267,161,250,171,106,127,,207,,,b'\x11\xe8\xe1I\xca\xde|V\xaf\x82\x12\xdf\x17\xaeN\x1e'
11E8E149-CADE-7C56-AF82-12DF17AE4E1E,2024-ncaa-d1-conf-Mountain West,ncaa,2,4,1,3,1,2,2,2,5,2,1,6,8,8,8,11,1,1,6,1,4,2,1,7,6,5,9,11,2,6,7,2,3,3,7,3,4,9,4,5,2,4,4,4,,,10,5,,,6,1,2,1,2,5,5,2,2,11,11,2,4,2,3,3,8,5,4,5,6,4,4,,6,,,6,10,10,11,6,9,11,7,9,10,8,6,7,8,7,8,6,11,11,6,6,6,8,7,7,7,3,10,7,10,7,10,8,1,4,7,9,6,6,3,,,1,2,,,6,11,9,6,6,8,9,6,8,6,7,6,6,6,6,7,10,3,8,7,9,4,7,4,,2,,,b'\x11\xe8\xe1I\xca\xde|V\xaf\x82\x12\xdf\x17\xaeN\x1e'
11E8E149-CADE-7C56-AF82-12DF17AE4E1E,2024-ncaa-d1-natl,ncaa,76,112,16,100,16,85,93,62,149,72,48,187,166,183,140,245,68,92,54,91,189,64,78,164,149,112,220,237,110,274,332,44,36,105,202,104,176,112,64,88,91,137,104,130,,,159,58,,,155,42,194,40,154,166,190,133,122,218,243,110,160,161,185,258,323,85,220,161,48,142,148,,59,,,163,301,304,309,209,230,241,172,353,336,320,314,119,135,107,124,98,297,307,250,220,216,306,344,40,112,36,346,332,310,202,317,272,96,164,230,188,137,229,137,,,90,155,,,155,325,159,155,155,189,198,192,93,86,335,295,60,73,62,142,147,38,274,173,260,176,107,164,,204,,,b'\x11\xe8\xe1I\xca\xde|V\xaf\x82\x12\xdf\x17\xaeN\x1e'
11E8E149-CADE-7C56-AF82-12DF17AE4E1E,2025-ncaa-d0-natl,genius_ncaa,61,65,54,67,56,96,75,99,82,50,44,135,229,282,88,319,88,122,81,119,268,95,125,122,107,90,308,299,175,214,256,66,95,115,164,134,255,81,61,98,141,183,81,97,,,294,253,,235,104,100,266,4,118,93,163,56,71,266,324,133,181,176,174,259,271,104,195,173,49,181,102,,224,,191,106,217,194,266,83,182,244,87,234,272,122,215,265,275,167,279,239,276,263,89,98,118,251,211,249,185,95,262,256,241,164,143,96,150,199,131,64,49,146,51,,,86,78,,30,104,273,102,113,95,116,97,168,88,140,171,204,204,212,219,170,139,117,157,137,79,201,34,105,,130,,41,b'\x11\xe8\xe1I\xca\xde|V\xaf\x82\x12\xdf\x17\xaeN\x1e'
11E8E149-CADE-7C56-AF82-12DF17AE4E1E,2025-ncaa-d1-conf-Mountain West,genius_ncaa,3,4,1,4,2,2,3,4,2,1,1,2,10,11,5,11,4,3,6,3,9,4,3,4,4,4,11,11,7,9,10,2,4,3,3,4,8,6,4,6,2,4,4,4,,,9,8,,11,4,1,7,2,5,4,7,1,1,10,11,6,7,7,7,8,9,5,6,6,5,5,4,,8,,11,4,5,4,9,1,3,7,3,6,10,1,8,8,9,7,10,9,10,11,2,2,1,10,7,9,6,4,4,10,4,3,4,6,3,5,3,4,4,1,1,,,3,4,,1,4,11,4,1,4,3,1,5,3,5,3,7,6,6,6,7,6,3,2,3,3,4,4,1,,3,,1,b'\x11\xe8\xe1I\xca\xde|V\xaf\x82\x12\xdf\x17\xaeN\x1e'
11E8E149-CADE-7C56-AF82-12DF17AE4E1E,2025-ncaa-d1-natl,genius_ncaa,54,65,43,66,43,79,70,76,83,43,40,144,217,266,72,317,83,121,82,119,268,81,104,118,108,83,298,287,173,200,239,66,102,106,162,119,245,76,56,87,117,149,81,101,,,299,250,,228,93,89,262,4,101,89,153,52,70,251,318,133,175,170,158,250,262,121,199,166,46,160,112,,217,,172,94,223,192,272,85,182,251,94,240,274,122,219,257,267,169,277,235,281,280,91,100,117,247,214,247,188,102,270,239,251,162,150,111,116,170,118,63,41,171,62,,,78,75,,29,93,283,96,105,85,111,93,150,87,128,171,204,199,197,205,150,136,114,161,137,85,183,33,121,,122,,45,b'\x11\xe8\xe1I\xca\xde|V\xaf\x82\x12\xdf\x17\xaeN\x1e'
11E8E149-CADE-7C56-AF82-12DF17AE4E1E,2025-ncaa-d1-ncaatournament,genius_ncaa,37,2,37,37,38,62,60,60,58,51,57,35,63,49,66,21,49,44,59,43,19,58,49,59,58,62,55,59,19,61,64,44,52,52,62,59,57,23,56,62,54,51,52,58,,,34,64,,24,65,45,6,7,62,60,48,48,53,59,22,40,29,31,50,32,60,32,49,59,53,43,48,,67,,43,65,29,27,26,53,25,27,38,31,12,66,14,38,43,12,42,61,31,30,56,57,62,47,36,52,30,52,29,64,29,62,27,40,58,61,57,23,52,15,45,,,41,5,,32,65,31,63,63,64,65,63,62,60,60,60,28,66,68,67,67,66,60,65,65,60,50,49,30,,8,,15,b'\x11\xe8\xe1I\xca\xde|V\xaf\x82\x12\xdf\x17\xaeN\x1e'
11E8E149-CADE-7C56-AF82-12DF17AE4E1E,2026-ncaa-d0-natl,genius_ncaa,123,80,206,123,278,199,199,200,207,245,266,187,93,77,143,29,273,293,119,289,241,210,244,165,183,133,56,30,288,235,263,221,161,227,226,171,126,33,55,69,190,142,204,197,,,89,93,,73,155,250,199,357,161,161,91,248,276,47,24,267,295,295,137,233,227,161,189,130,42,146,200,,96,,95,153,106,117,119,184,101,120,133,181,131,275,188,88,96,103,94,123,112,112,196,175,170,197,257,107,110,161,198,263,165,226,229,329,215,155,246,75,101,229,300,,,172,84,,87,155,120,138,161,147,159,178,173,144,180,231,163,104,121,113,143,137,163,281,246,279,160,89,276,,109,,62,b'\x11\xe8\xe1I\xca\xde|V\xaf\x82\x12\xdf\x17\xaeN\x1e'
11E8E149-CADE-7C56-AF82-12DF17AE4E1E,2026-ncaa-d1-natl,genius_ncaa,110,80,177,113,270,188,185,185,193,245,288,162,67,53,138,27,249,278,117,279,198,209,248,142,155,105,45,30,279,245,264,217,146,234,215,170,141,31,51,62,169,119,252,246,,,96,116,,69,128,245,220,356,147,163,104,250,291,43,28,252,270,275,148,243,242,188,211,131,38,138,254,,110,,91,123,109,121,123,161,106,124,129,195,157,251,206,84,99,117,97,128,111,113,180,156,145,208,257,110,97,146,205,264,165,215,237,328,197,144,234,53,78,208,279,,,152,64,,86,128,117,119,142,121,126,146,144,116,138,224,166,93,111,107,115,109,122,262,211,266,166,65,234,,102,,75,b'\x11\xe8\xe1I\xca\xde|V\xaf\x82\x12\xdf\x17\xaeN\x1e'
11E8E149-CAE2-F326-AF82-12DF17AE4E1E,2010-ncaa-d0-natl,ncaa,321,335,122,328,167,292,286,183,331,276,151,340,217,209,234,211,293,287,248,278,309,205,187,327,332,327,167,150,213,172,259,193,158,192,262,300,280,196,223,302,321,324,306,321,,,119,145,,,335,194,246,283,324,320,210,307,168,233,233,311,307,306,253,247,179,234,227,325,192,328,313,,108,,,331,263,286,206,301,315,256,318,70,116,52,99,197,146,323,147,101,201,145,263,276,329,30,37,140,124,158,309,259,248,262,231,107,317,325,313,181,199,174,172,,,296,320,,,335,151,326,321,334,253,297,204,323,260,69,101,187,140,142,198,81,114,304,253,221,326,166,172,,326,,,b'\x11\xe8\xe1I\xca\xe2\xf3&\xaf\x82\x12\xdf\x17\xaeN\x1e'
11E8E149-CAE2-F326-AF82-12DF17AE4E1E,2010-ncaa-d1-conf-WCC,ncaa,8,7,5,8,8,8,8,7,8,8,5,8,7,8,7,5,8,8,8,7,6,8,8,8,8,8,5,4,4,5,7,6,4,6,6,8,7,4,6,8,6,6,6,6,,,5,7,,,8,8,7,5,8,8,6,8,4,7,8,7,7,7,7,7,3,6,5,8,4,6,6,,6,,,8,4,4,2,5,5,3,7,1,1,1,1,7,7,4,7,8,3,2,4,5,6,1,1,7,2,4,7,7,6,6,3,3,8,6,7,4,4,7,6,,,8,7,,,8,1,8,6,8,5,4,5,6,5,1,1,7,8,8,5,3,2,8,8,3,7,4,7,,8,,,b'\x11\xe8\xe1I\xca\xe2\xf3&\xaf\x82\x12\xdf\x17\xaeN\x1e'
11E8E149-CAE2-F326-AF82-12DF17AE4E1E,2010-ncaa-d1-natl,ncaa,327,339,91,331,132,288,279,154,334,276,135,340,209,194,235,205,281,270,256,260,301,175,164,330,333,326,152,134,214,153,257,188,154,181,260,299,275,221,227,303,315,325,303,323,,,150,155,,,337,172,242,285,326,323,208,310,177,227,226,311,306,301,251,242,174,247,230,323,193,326,313,,111,,,333,294,311,233,316,327,276,324,71,117,60,86,206,158,313,158,104,228,159,283,290,330,21,31,132,124,154,321,257,280,260,254,111,313,324,313,211,205,168,164,,,283,315,,,337,176,327,322,335,261,305,193,327,265,60,90,182,143,143,191,73,89,302,252,230,324,178,154,,323,,,b'\x11\xe8\xe1I\xca\xe2\xf3&\xaf\x82\x12\xdf\x17\xaeN\x1e'
11E8E149-CAE2-F326-AF82-12DF17AE4E1E,2011-ncaa-d0-natl,ncaa,330,325,288,331,303,284,259,185,309,262,217,277,181,116,296,81,327,330,221,327,328,225,271,292,318,265,169,97,311,265,308,277,292,288,322,272,254,33,82,197,282,273,205,196,,,84,123,,,334,268,94,160,249,213,41,226,148,134,59,318,318,315,90,126,214,208,224,246,92,262,176,,177,,,335,286,269,186,305,190,112,281,327,257,333,272,217,165,338,171,210,181,98,326,327,341,288,289,155,206,292,296,308,281,322,239,176,323,329,326,159,229,50,78,,,337,340,,,334,77,280,340,334,334,329,317,292,247,339,322,288,243,246,318,276,295,339,336,308,315,235,82,,339,,,b'\x11\xe8\xe1I\xca\xe2\xf3&\xaf\x82\x12\xdf\x17\xaeN\x1e'
11E8E149-CAE2-F326-AF82-12DF17AE4E1E,2011-ncaa-d1-conf-WCC,ncaa,8,8,6,8,7,8,8,6,8,8,4,8,6,5,7,5,8,8,7,7,5,7,7,8,8,8,5,5,3,7,8,6,8,6,8,7,6,4,4,7,5,5,3,2,,,4,6,,,8,7,3,3,8,8,5,7,4,6,5,8,6,5,5,5,7,4,5,7,4,5,3,,6,,,8,6,4,3,4,2,3,5,8,8,7,8,8,5,8,5,7,4,3,7,7,8,8,8,7,6,8,8,8,8,8,6,5,7,6,7,5,6,2,3,,,8,6,,,8,3,8,8,8,8,5,7,3,3,8,8,8,7,7,7,6,8,8,8,6,6,7,3,,8,,,b'\x11\xe8\xe1I\xca\xe2\xf3&\xaf\x82\x12\xdf\x17\xaeN\x1e'
11E8E149-CAE2-F326-AF82-12DF17AE4E1E,2011-ncaa-d1-natl,ncaa,328,325,279,329,299,269,244,152,302,254,210,279,166,103,287,82,322,324,243,321,329,198,250,285,312,257,164,95,313,242,303,260,296,263,323,253,225,25,69,160,274,273,173,173,,,91,119,,,331,250,94,162,239,199,41,216,147,124,54,319,311,307,86,123,196,194,206,223,80,252,155,,173,,,331,301,284,214,301,199,137,269,330,278,335,273,239,178,338,182,214,217,119,324,326,342,294,292,161,235,296,314,303,306,323,258,175,321,331,329,160,218,62,88,,,338,340,,,331,93,270,341,333,336,328,320,281,251,339,321,291,243,248,318,279,298,340,337,306,311,227,94,,337,,,b'\x11\xe8\xe1I\xca\xe2\xf3&\xaf\x82\x12\xdf\x17\xaeN\x1e'
11E8E149-CAE2-F326-AF82-12DF17AE4E1E,2012-ncaa-d0-natl,ncaa,316,325,163,322,221,188,189,138,260,241,223,256,71,66,158,61,239,232,192,234,199,156,178,222,237,190,62,47,244,296,336,183,259,248,332,286,325,88,99,259,226,254,91,110,,,134,72,,,300,130,44,262,171,177,87,248,217,63,42,242,234,232,113,151,302,162,257,296,114,224,72,,149,,,295,307,315,271,299,307,284,268,253,186,311,133,196,146,324,139,67,258,236,298,296,312,105,172,88,261,259,327,336,322,332,176,27,204,250,201,145,159,90,121,,,221,239,,,300,218,251,310,294,322,326,322,318,315,262,210,221,166,160,314,300,279,335,334,211,195,157,93,,214,,,b'\x11\xe8\xe1I\xca\xe2\xf3&\xaf\x82\x12\xdf\x17\xaeN\x1e'
11E8E149-CAE2-F326-AF82-12DF17AE4E1E,2012-ncaa-d1-conf-WCC,ncaa,9,8,8,9,9,8,9,6,8,8,8,8,4,4,7,3,8,7,8,7,5,8,8,8,8,7,3,3,6,9,9,8,7,9,9,9,9,2,2,8,5,5,3,3,,,4,4,,,9,6,1,5,6,7,3,8,6,4,3,7,7,7,2,5,9,7,9,9,3,4,3,,5,,,9,7,7,3,8,8,5,7,6,3,8,4,5,5,7,5,5,3,3,8,8,8,3,6,3,5,7,9,9,9,9,5,1,5,4,5,2,3,3,5,,,8,5,,,9,4,9,6,9,9,9,6,8,8,7,5,6,5,5,6,8,7,9,9,5,3,3,4,,6,,,b'\x11\xe8\xe1I\xca\xe2\xf3&\xaf\x82\x12\xdf\x17\xaeN\x1e'
11E8E149-CAE2-F326-AF82-12DF17AE4E1E,2012-ncaa-d1-natl,ncaa,324,325,196,325,263,208,211,169,268,263,249,261,80,74,160,59,255,257,193,253,200,185,213,231,242,197,60,47,241,311,336,213,262,276,332,298,325,76,103,264,242,262,96,113,,,109,78,,,302,158,44,262,179,185,92,258,219,65,45,243,236,233,118,158,307,168,263,301,115,229,71,,156,,,303,301,310,257,302,301,270,272,239,169,314,131,184,130,324,125,70,241,212,301,301,316,107,167,89,247,262,325,336,317,332,165,28,230,257,215,128,163,83,131,,,247,237,,,302,189,257,317,299,323,327,322,320,315,261,209,222,170,167,316,301,278,335,336,221,204,160,98,,212,,,b'\x11\xe8\xe1I\xca\xe2\xf3&\xaf\x82\x12\xdf\x17\xaeN\x1e'
11E8E149-CAE2-F326-AF82-12DF17AE4E1E,2013-ncaa-d0-natl,ncaa,235,244,183,248,217,180,199,226,160,199,220,165,177,186,148,171,117,80,245,87,50,199,179,157,147,178,128,168,86,297,319,85,117,177,256,304,332,238,248,314,182,213,269,298,,,214,174,,,243,134,41,160,159,193,219,195,216,171,174,84,58,64,178,147,297,29,152,314,261,180,266,,252,,,244,256,261,261,192,256,240,206,221,230,142,207,175,189,114,192,139,266,232,189,175,231,139,190,132,202,117,283,319,265,256,155,67,220,278,205,269,267,298,315,,,85,40,,,243,228,231,219,235,279,287,324,287,296,248,263,209,219,222,326,297,233,307,293,179,210,284,304,,37,,,b'\x11\xe8\xe1I\xca\xe2\xf3&\xaf\x82\x12\xdf\x17\xaeN\x1e'
11E8E149-CAE2-F326-AF82-12DF17AE4E1E,2013-ncaa-d1-conf-WCC,ncaa,8,8,3,8,5,7,7,8,5,6,6,4,4,4,5,4,2,2,5,2,2,7,7,4,5,5,3,6,2,9,9,3,7,7,8,8,9,5,7,9,6,8,8,9,,,3,2,,,8,1,1,5,7,6,7,5,6,4,4,2,2,2,6,6,9,3,8,9,5,7,8,,2,,,8,9,9,9,8,9,8,8,7,7,5,6,4,3,7,3,1,9,9,7,6,9,3,6,1,9,7,8,9,8,8,5,2,7,8,6,8,7,5,7,,,2,2,,,8,9,7,8,8,9,9,9,9,9,6,7,4,2,2,9,9,8,8,8,4,7,7,5,,2,,,b'\x11\xe8\xe1I\xca\xe2\xf3&\xaf\x82\x12\xdf\x17\xaeN\x1e'
11E8E149-CAE2-F326-AF82-12DF17AE4E1E,2013-ncaa-d1-natl,ncaa,221,243,136,240,175,154,168,192,141,172,200,154,166,178,134,169,106,74,257,81,54,171,149,147,141,172,138,169,94,279,305,64,110,146,229,297,333,241,226,312,162,197,265,298,,,223,150,,,226,105,46,169,138,170,200,181,200,155,172,89,59,66,167,141,284,32,133,309,240,160,265,,232,,,224,264,272,284,187,265,270,195,220,237,140,200,178,197,109,196,129,277,254,180,166,214,126,184,121,215,110,286,305,278,229,164,60,204,270,194,261,252,305,315,,,75,48,,,226,252,204,203,207,274,284,322,281,297,236,251,191,206,206,323,292,222,300,284,173,205,261,304,,44,,,b'\x11\xe8\xe1I\xca\xe2\xf3&\xaf\x82\x12\xdf\x17\xaeN\x1e'
11E8E149-CAE2-F326-AF82-12DF17AE4E1E,2014-ncaa-d0-natl,ncaa,221,246,131,240,136,135,133,141,139,93,95,175,236,253,171,275,88,104,139,100,164,129,141,189,167,146,250,272,90,147,146,215,304,185,237,285,338,151,117,272,219,244,202,220,,,261,245,,,277,143,150,55,134,135,141,89,88,246,264,84,90,85,113,144,150,249,209,306,137,227,217,,266,,,273,323,285,261,237,191,180,196,336,306,338,291,283,231,341,229,229,262,231,290,303,321,329,317,200,295,304,182,146,241,237,243,146,230,282,266,153,152,302,255,,,88,79,,,277,209,139,331,270,316,285,291,197,175,339,320,284,222,221,298,253,298,179,253,237,252,158,310,,67,,,b'\x11\xe8\xe1I\xca\xe2\xf3&\xaf\x82\x12\xdf\x17\xaeN\x1e'
11E8E149-CAE2-F326-AF82-12DF17AE4E1E,2014-ncaa-d1-conf-WCC,ncaa,6,7,3,7,6,6,6,6,7,6,5,8,9,8,7,9,4,4,8,4,4,6,6,7,8,7,7,9,3,6,7,9,9,8,7,10,10,8,7,9,6,7,8,8,,,7,6,,,8,5,4,9,7,6,7,5,5,9,9,4,4,4,6,6,6,10,8,10,6,7,8,,6,,,8,10,9,9,7,9,8,7,10,8,10,7,5,5,9,5,3,9,8,7,7,9,8,8,3,9,9,8,7,9,7,8,4,8,8,9,6,5,10,10,,,5,4,,,8,5,7,9,8,9,8,9,7,9,10,7,6,6,6,8,7,9,7,7,7,9,4,10,,5,,,b'\x11\xe8\xe1I\xca\xe2\xf3&\xaf\x82\x12\xdf\x17\xaeN\x1e'
11E8E149-CAE2-F326-AF82-12DF17AE4E1E,2014-ncaa-d1-natl,ncaa,230,244,145,247,150,156,155,166,146,110,109,180,244,264,177,276,103,109,141,106,166,152,164,192,173,156,249,270,85,164,151,243,308,213,244,299,341,129,120,276,227,247,215,224,,,246,248,,,283,169,150,51,144,139,145,94,90,251,265,84,91,89,117,147,151,257,217,309,137,229,219,,269,,,279,317,273,241,244,176,161,200,333,297,339,291,273,210,343,207,229,242,205,296,306,326,329,318,197,285,308,162,151,218,244,233,145,250,285,271,140,152,299,262,,,97,77,,,283,180,144,333,279,320,291,293,200,177,338,321,286,229,225,299,251,300,182,257,245,260,161,315,,69,,,b'\x11\xe8\xe1I\xca\xe2\xf3&\xaf\x82\x12\xdf\x17\xaeN\x1e'
11E8E149-CAE2-F326-AF82-12DF17AE4E1E,2015-ncaa-d0-natl,ncaa,133,131,113,138,115,90,120,195,68,110,152,76,186,219,105,232,21,48,14,47,40,151,160,83,42,53,150,233,25,226,201,122,174,164,145,140,180,133,141,128,165,181,228,223,,,201,162,,,114,144,212,12,74,130,247,113,177,184,232,11,30,30,181,216,253,127,193,153,130,179,239,,187,,,114,229,215,230,178,146,147,179,308,304,239,288,178,195,113,203,221,238,225,211,190,204,291,295,136,221,174,106,201,141,145,122,62,176,212,138,139,148,283,271,,,97,64,,,114,215,65,210,111,208,211,221,132,110,303,303,158,167,179,226,199,219,77,115,98,200,138,284,,89,,,b'\x11\xe8\xe1I\xca\xe2\xf3&\xaf\x82\x12\xdf\x17\xaeN\x1e'
11E8E149-CAE2-F326-AF82-12DF17AE4E1E,2015-ncaa-d1-conf-WCC,ncaa,6,6,1,6,1,1,3,6,3,1,4,3,6,6,5,6,1,2,3,2,3,2,2,3,3,4,6,6,2,6,6,2,6,5,5,4,4,6,5,5,5,8,5,6,,,5,3,,,5,1,7,3,3,4,7,4,4,6,6,2,2,2,7,7,7,3,5,5,5,7,7,,3,,,5,9,9,10,6,7,6,6,9,10,3,9,2,4,2,4,6,10,10,6,5,7,6,9,2,9,6,5,6,6,5,4,2,6,8,6,7,6,9,7,,,2,2,,,5,10,4,7,5,6,7,9,5,4,8,9,2,2,2,9,7,8,4,4,3,7,4,7,,4,,,b'\x11\xe8\xe1I\xca\xe2\xf3&\xaf\x82\x12\xdf\x17\xaeN\x1e'
11E8E149-CAE2-F326-AF82-12DF17AE4E1E,2015-ncaa-d1-natl,ncaa,106,130,55,120,55,55,74,124,63,63,104,67,184,197,136,239,10,23,20,23,37,88,93,88,44,49,164,249,23,192,178,60,155,106,120,112,194,152,115,113,133,170,226,240,,,256,170,,,89,80,210,15,60,120,232,90,166,204,232,7,21,21,162,206,235,108,164,141,110,170,250,,186,,,91,274,246,280,148,182,188,163,312,321,188,291,215,230,134,236,229,283,281,180,167,179,295,293,158,250,155,140,178,202,120,118,43,140,202,114,157,123,283,254,,,59,63,,,89,280,56,184,88,186,173,208,108,100,291,301,172,174,184,220,194,204,72,104,79,190,120,257,,84,,,b'\x11\xe8\xe1I\xca\xe2\xf3&\xaf\x82\x12\xdf\x17\xaeN\x1e'
11E8E149-CAE2-F326-AF82-12DF17AE4E1E,2016-ncaa-d0-natl,ncaa,100,87,114,97,119,76,108,161,63,154,185,111,69,137,18,159,18,33,43,35,21,131,118,52,28,51,53,122,34,229,203,129,102,167,124,77,70,227,192,112,134,158,201,204,,,303,287,,,132,98,91,30,52,99,191,165,207,69,147,12,24,27,143,125,239,129,194,62,214,142,213,,296,,,132,290,230,216,207,133,141,170,321,285,326,277,313,285,339,283,292,237,232,258,292,278,334,302,270,122,102,134,203,122,124,183,137,133,166,151,258,222,223,226,,,74,69,,,132,249,73,255,133,273,214,191,131,108,314,287,301,271,271,225,242,112,111,93,171,148,232,213,,58,,,b'\x11\xe8\xe1I\xca\xe2\xf3&\xaf\x82\x12\xdf\x17\xaeN\x1e'
11E8E149-CAE2-F326-AF82-12DF17AE4E1E,2016-ncaa-d1-conf-WCC,ncaa,5,5,1,5,1,3,3,3,4,6,6,6,3,4,3,6,1,1,3,1,1,2,2,3,3,3,2,5,2,8,6,2,3,3,5,4,5,7,6,7,6,7,4,7,,,8,7,,,6,1,4,3,3,6,7,8,8,4,5,2,2,2,6,5,8,2,6,5,6,6,6,,7,,,6,7,7,8,6,5,9,6,7,7,7,4,8,6,9,6,5,9,9,7,7,8,7,6,5,6,3,7,6,7,5,4,2,5,6,5,8,7,8,7,,,2,5,,,6,10,5,7,6,6,5,6,5,5,7,6,6,6,6,5,7,4,6,6,3,6,5,7,,4,,,b'\x11\xe8\xe1I\xca\xe2\xf3&\xaf\x82\x12\xdf\x17\xaeN\x1e'
11E8E149-CAE2-F326-AF82-12DF17AE4E1E,2016-ncaa-d1-natl,ncaa,85,87,51,92,53,53,80,113,51,108,148,86,71,121,24,167,14,27,40,30,32,87,72,45,29,53,76,135,41,197,199,87,90,123,106,45,68,280,206,113,85,112,186,194,,,322,286,,,110,48,94,35,53,87,197,137,206,85,155,15,31,33,155,127,241,125,194,52,228,101,211,,286,,,114,303,246,255,179,145,169,141,334,304,326,284,317,296,334,295,293,274,287,235,273,246,337,310,273,144,90,184,199,162,106,197,128,82,133,119,288,231,260,240,,,53,92,,,110,298,75,206,119,249,188,172,91,82,314,286,296,261,258,203,232,98,100,78,145,120,243,231,,72,,,b'\x11\xe8\xe1I\xca\xe2\xf3&\xaf\x82\x12\xdf\x17\xaeN\x1e'
11E8E149-CAE2-F326-AF82-12DF17AE4E1E,2016-ncaa-d1-ncaatournament,ncaa,33,2,33,33,33,44,48,46,53,37,40,44,61,58,61,54,38,35,45,35,13,43,49,56,51,39,49,62,8,56,62,63,61,62,64,53,41,4,7,20,48,46,41,33,,,29,62,,,54,40,15,1,40,45,31,28,17,60,50,8,5,7,20,34,54,63,62,52,6,42,31,,61,,,55,23,22,16,56,14,9,58,27,24,52,44,20,12,55,11,42,14,21,57,60,56,39,40,29,18,61,24,62,25,64,27,54,44,21,42,2,6,31,49,,,38,6,,,54,20,51,58,59,54,53,27,45,21,52,38,43,32,31,29,46,41,56,57,58,17,4,53,,7,,,b'\x11\xe8\xe1I\xca\xe2\xf3&\xaf\x82\x12\xdf\x17\xaeN\x1e'
11E8E149-CAE2-F326-AF82-12DF17AE4E1E,2017-ncaa-d0-natl,ncaa,120,111,116,122,145,98,120,108,159,168,146,209,75,104,51,123,90,154,11,154,170,107,111,124,97,102,67,96,126,182,218,111,104,131,165,154,203,182,145,169,211,233,218,255,,,204,160,,,180,101,79,209,90,125,101,192,174,76,100,76,175,171,103,115,196,103,137,165,179,222,235,,181,,,180,287,286,268,240,293,275,223,209,180,246,118,224,198,282,206,128,264,237,222,234,263,108,132,153,163,104,249,218,222,165,155,46,201,244,195,157,117,275,258,,,129,181,,,180,249,126,248,180,270,277,272,287,289,195,164,213,182,186,272,242,146,216,198,138,231,142,268,,140,,,b'\x11\xe8\xe1I\xca\xe2\xf3&\xaf\x82\x12\xdf\x17\xaeN\x1e'
11E8E149-CAE2-F326-AF82-12DF17AE4E1E,2017-ncaa-d1-conf-WCC,ncaa,4,4,3,4,6,3,4,3,4,6,5,7,1,2,1,3,4,5,1,5,4,3,4,4,4,3,2,3,6,3,4,6,6,3,4,5,7,2,2,4,10,10,8,9,,,4,3,,,5,4,6,8,2,4,2,6,7,1,3,5,5,5,3,5,3,6,3,5,2,10,8,,4,,,5,10,10,8,7,10,10,7,4,3,7,3,6,6,5,6,3,8,6,7,7,9,2,3,3,9,6,6,4,7,4,6,2,9,9,9,2,2,7,6,,,5,5,,,5,6,2,8,5,8,10,9,10,10,5,3,5,5,5,8,5,8,6,6,5,9,2,7,,4,,,b'\x11\xe8\xe1I\xca\xe2\xf3&\xaf\x82\x12\xdf\x17\xaeN\x1e'
11E8E149-CAE2-F326-AF82-12DF17AE4E1E,2017-ncaa-d1-natl,ncaa,130,111,144,123,180,121,151,137,172,192,181,217,89,121,54,121,103,186,12,183,173,140,146,131,101,110,66,96,125,202,230,138,112,166,176,176,206,162,154,169,235,243,232,258,,,185,162,,,196,130,82,197,99,134,105,198,174,76,100,81,182,178,110,121,205,111,148,173,183,230,235,,183,,,196,272,278,244,255,280,262,233,190,151,254,116,207,184,286,191,131,238,204,237,254,282,110,130,150,131,112,224,230,189,176,133,44,228,251,202,134,121,265,261,,,155,180,,,196,221,131,261,195,280,289,275,294,290,198,166,214,184,191,275,238,146,222,205,145,235,142,272,,140,,,b'\x11\xe8\xe1I\xca\xe2\xf3&\xaf\x82\x12\xdf\x17\xaeN\x1e'
11E8E149-CAE2-F326-AF82-12DF17AE4E1E,2018-ncaa-d0-natl,ncaa,149,162,117,167,124,104,98,95,115,114,145,109,83,83,135,107,224,223,208,219,247,103,99,107,125,120,170,109,294,145,196,54,126,68,129,74,69,198,158,102,298,322,283,324,,,133,72,,,182,90,92,31,93,75,71,115,161,85,82,245,234,232,98,88,157,25,42,55,189,308,297,,122,,,181,277,304,308,138,309,320,113,180,177,180,84,114,108,186,107,29,301,259,119,89,215,50,126,63,253,126,239,196,258,129,147,26,286,328,258,272,238,104,89,,,172,228,,,182,259,129,219,182,260,302,336,313,346,172,166,115,105,108,329,275,248,227,244,128,309,269,98,,183,,,b'\x11\xe8\xe1I\xca\xe2\xf3&\xaf\x82\x12\xdf\x17\xaeN\x1e'
11E8E149-CAE2-F326-AF82-12DF17AE4E1E,2018-ncaa-d1-conf-WCC,ncaa,3,5,4,5,4,3,3,3,3,6,6,3,2,1,5,2,7,8,5,8,8,5,4,3,4,5,5,2,10,6,6,1,3,2,4,2,5,7,6,4,7,7,8,9,,,2,1,,,5,3,4,1,4,4,3,6,7,1,1,8,8,8,4,3,7,1,2,4,7,7,9,,2,,,6,7,8,10,5,8,10,4,4,3,4,2,3,3,6,3,1,10,8,4,4,7,1,3,2,7,3,8,6,7,4,3,1,7,10,7,7,5,6,7,,,5,6,,,5,8,4,7,7,7,8,10,8,10,4,3,4,4,4,10,9,8,6,7,4,7,6,7,,5,,,b'\x11\xe8\xe1I\xca\xe2\xf3&\xaf\x82\x12\xdf\x17\xaeN\x1e'
11E8E149-CAE2-F326-AF82-12DF17AE4E1E,2018-ncaa-d1-natl,ncaa,169,162,144,175,152,122,115,116,124,138,179,116,89,96,138,106,244,245,206,240,249,132,136,112,130,129,166,112,292,176,200,64,139,84,137,84,71,176,162,107,311,328,294,326,,,108,74,,,200,121,93,29,99,82,78,127,164,86,84,246,233,233,103,91,166,25,52,60,193,314,299,,124,,,200,268,297,303,155,307,319,128,167,154,183,80,95,83,191,84,30,296,231,124,103,231,49,122,63,238,139,214,200,240,137,131,26,310,329,265,263,243,94,96,,,208,222,,,200,230,140,235,200,270,305,337,314,346,175,164,117,110,113,330,274,256,233,251,137,314,271,102,,185,,,b'\x11\xe8\xe1I\xca\xe2\xf3&\xaf\x82\x12\xdf\x17\xaeN\x1e'
11E8E149-CAE2-F326-AF82-12DF17AE4E1E,2019-ncaa-d0-natl,ncaa,297,324,114,307,123,154,111,162,62,53,81,52,298,285,311,282,192,225,112,229,306,176,136,120,122,173,335,325,223,197,157,213,258,206,195,186,295,286,259,248,140,177,325,337,,,314,297,,,274,124,117,49,154,99,197,33,85,317,292,215,239,245,214,164,221,263,257,209,263,156,334,,308,,,270,316,297,244,301,303,227,304,214,204,227,150,312,306,217,299,262,266,257,292,303,309,152,114,245,246,258,89,157,133,195,186,54,170,213,187,310,296,206,140,,,123,123,,,274,248,182,305,258,319,292,236,296,236,215,188,299,293,291,276,265,229,70,113,169,193,295,194,,128,,,b'\x11\xe8\xe1I\xca\xe2\xf3&\xaf\x82\x12\xdf\x17\xaeN\x1e'
11E8E149-CAE2-F326-AF82-12DF17AE4E1E,2019-ncaa-d1-conf-WCC,ncaa,9,9,3,9,6,9,8,8,5,4,5,6,9,8,10,7,10,10,6,9,10,9,7,8,9,9,9,8,8,6,7,8,6,7,6,9,9,9,9,10,8,8,7,8,,,9,10,,,9,8,6,5,9,8,9,4,5,9,8,10,10,9,10,8,6,8,9,10,8,8,8,,8,,,9,6,7,6,8,6,6,8,5,3,7,3,7,8,2,7,8,6,4,8,7,7,5,3,6,4,6,4,7,4,6,2,1,6,6,5,9,10,6,6,,,8,8,,,9,4,9,8,9,7,8,6,7,6,4,2,6,8,7,6,5,5,3,4,2,8,10,7,,8,,,b'\x11\xe8\xe1I\xca\xe2\xf3&\xaf\x82\x12\xdf\x17\xaeN\x1e'
11E8E149-CAE2-F326-AF82-12DF17AE4E1E,2019-ncaa-d1-natl,ncaa,308,322,155,321,166,194,134,207,73,73,109,56,316,302,317,283,218,250,108,254,307,225,197,128,127,183,335,324,220,236,164,257,268,255,214,222,296,265,268,257,174,186,332,338,,,295,298,,,287,181,124,44,169,107,207,37,93,318,294,218,240,247,221,174,230,271,271,221,263,168,336,,311,,,284,302,289,213,312,294,199,311,201,177,241,147,297,291,230,286,264,235,205,303,314,321,150,110,244,223,268,53,164,94,214,169,54,216,223,199,294,306,195,151,,,159,119,,,287,196,197,320,268,321,299,240,302,241,215,186,302,294,292,281,264,238,71,116,179,207,296,202,,131,,,b'\x11\xe8\xe1I\xca\xe2\xf3&\xaf\x82\x12\xdf\x17\xaeN\x1e'
11E8E149-CAE2-F326-AF82-12DF17AE4E1E,2020-ncaa-d0-natl,ncaa,221,258,33,240,65,123,112,80,179,85,45,230,206,229,128,265,103,127,121,124,231,82,73,212,196,193,247,244,134,25,33,123,163,46,62,266,338,232,167,270,251,276,310,333,,,102,62,,,254,132,239,163,184,171,144,124,79,233,263,147,178,173,150,148,43,190,85,304,178,282,323,,63,,,251,321,334,314,296,316,300,264,313,277,324,213,62,49,259,53,24,292,230,298,274,325,119,259,12,208,163,129,33,150,62,254,93,296,320,315,224,159,337,300,,,103,172,,,254,238,145,313,246,278,309,287,291,256,293,226,45,30,31,234,129,153,71,77,222,325,180,328,,170,,,b'\x11\xe8\xe1I\xca\xe2\xf3&\xaf\x82\x12\xdf\x17\xaeN\x1e'
11E8E149-CAE2-F326-AF82-12DF17AE4E1E,2020-ncaa-d1-conf-WCC,ncaa,9,8,7,9,7,9,8,7,7,7,6,7,8,9,6,8,5,5,7,5,3,8,8,8,7,8,8,6,3,2,2,8,6,5,2,10,10,6,8,10,9,9,10,10,,,4,7,,,9,8,8,3,8,7,5,6,4,7,9,5,4,4,6,7,1,6,2,10,7,9,10,,6,,,9,4,5,4,10,5,5,8,4,4,8,5,4,4,10,4,4,4,2,9,8,9,4,5,2,5,6,2,2,2,2,5,2,9,9,8,7,8,10,10,,,6,4,,,9,3,7,8,9,7,7,6,6,6,7,6,5,4,4,6,2,5,3,3,5,9,8,10,,5,,,b'\x11\xe8\xe1I\xca\xe2\xf3&\xaf\x82\x12\xdf\x17\xaeN\x1e'
11E8E149-CAE2-F326-AF82-12DF17AE4E1E,2020-ncaa-d1-natl,ncaa,238,257,45,249,89,158,147,109,191,109,62,240,220,244,135,266,125,155,119,149,231,110,109,222,207,204,241,241,130,35,37,154,172,66,64,294,339,210,174,276,271,282,319,332,,,82,61,,,270,170,250,163,192,180,154,132,79,236,268,149,179,177,160,155,48,193,94,311,177,290,325,,66,,,269,306,324,301,304,306,286,271,311,259,329,211,57,44,266,46,25,275,189,304,290,330,115,259,12,191,172,100,37,122,64,244,94,313,321,319,211,163,335,305,,,137,171,,,270,197,159,320,264,288,314,290,299,258,295,222,43,31,33,238,126,157,71,81,223,327,183,328,,168,,,b'\x11\xe8\xe1I\xca\xe2\xf3&\xaf\x82\x12\xdf\x17\xaeN\x1e'
11E8E149-CAE2-F326-AF82-12DF17AE4E1E,2021-ncaa-d0-natl,ncaa,71,165,43,125,44,42,47,63,57,74,102,57,27,32,40,69,82,85,133,89,126,61,59,44,42,45,72,56,231,187,289,80,157,110,258,23,32,251,111,50,66,132,212,290,,,316,256,,,137,41,114,95,62,75,146,154,247,42,63,156,182,187,157,188,294,214,281,25,105,124,281,,251,,,141,310,313,289,280,311,285,289,267,264,182,163,286,266,284,266,165,289,292,270,280,266,118,137,156,251,157,306,289,288,258,258,62,62,159,148,233,126,153,95,,,45,93,,,137,301,76,248,139,258,258,195,269,201,177,174,210,188,190,200,211,127,211,173,159,148,122,59,,103,,,b'\x11\xe8\xe1I\xca\xe2\xf3&\xaf\x82\x12\xdf\x17\xaeN\x1e'
11E8E149-CAE2-F326-AF82-12DF17AE4E1E,2021-ncaa-d1-conf-WCC,ncaa,3,4,3,4,5,4,5,6,4,7,9,3,2,2,5,2,5,5,8,5,2,4,7,3,2,3,2,2,5,10,10,6,6,8,9,4,4,3,2,4,7,8,9,10,,,7,7,,,4,4,5,5,5,5,7,8,10,1,2,5,5,5,5,10,10,5,9,4,2,8,10,,7,,,4,5,5,6,7,7,7,8,4,4,2,4,6,5,10,5,3,6,7,6,5,6,3,2,5,7,6,9,10,7,9,4,1,6,6,3,2,1,2,3,,,2,1,,,4,7,3,5,4,4,6,6,8,8,4,5,5,3,3,6,5,6,10,8,4,6,1,2,,1,,,b'\x11\xe8\xe1I\xca\xe2\xf3&\xaf\x82\x12\xdf\x17\xaeN\x1e'
11E8E149-CAE2-F326-AF82-12DF17AE4E1E,2021-ncaa-d1-natl,ncaa,62,165,30,114,33,34,38,43,53,65,93,49,24,32,45,66,74,79,135,86,127,48,49,40,40,39,80,61,239,179,290,68,144,101,251,21,36,254,105,45,49,110,186,280,,,319,262,,,119,31,126,100,61,72,144,143,248,45,58,161,192,198,154,193,297,219,286,25,96,110,264,,251,,,131,321,318,300,279,317,297,290,268,273,173,160,295,275,289,271,164,305,310,267,278,264,116,129,158,254,144,311,290,301,251,255,52,53,153,127,246,125,148,87,,,35,101,,,119,313,68,241,130,254,257,183,266,194,170,164,207,183,180,186,193,112,201,153,133,150,118,54,,114,,,b'\x11\xe8\xe1I\xca\xe2\xf3&\xaf\x82\x12\xdf\x17\xaeN\x1e'
11E8E149-CAE2-F326-AF82-12DF17AE4E1E,2022-ncaa-d0-natl,ncaa,123,210,27,169,30,51,60,67,79,110,164,51,26,25,72,42,109,130,104,129,127,69,76,48,51,55,59,46,258,330,351,40,218,135,328,60,135,177,85,77,150,263,278,328,,,304,129,,,176,32,92,142,98,102,179,203,293,41,49,196,231,233,198,253,351,95,294,108,66,240,320,,192,,,177,339,333,335,140,302,303,169,335,344,176,282,298,260,339,261,142,335,334,166,178,220,257,266,159,339,218,349,351,350,328,279,84,105,249,193,197,115,263,246,,,43,75,,,176,324,118,242,178,257,250,299,191,196,297,313,210,144,141,284,273,275,311,311,159,214,97,176,,128,,,b'\x11\xe8\xe1I\xca\xe2\xf3&\xaf\x82\x12\xdf\x17\xaeN\x1e'
11E8E149-CAE2-F326-AF82-12DF17AE4E1E,2022-ncaa-d1-conf-WCC,ncaa,3,4,2,3,2,2,2,2,5,2,8,3,2,1,4,1,6,8,3,8,7,2,4,4,5,2,2,1,8,10,10,1,9,5,10,3,6,2,2,2,8,9,9,9,,,5,2,,,4,2,4,6,4,3,4,7,10,1,1,7,8,8,7,10,10,2,9,4,1,9,9,,4,,,4,7,6,10,3,7,8,3,9,10,4,9,5,5,7,5,1,10,10,3,3,4,7,9,1,10,9,10,10,10,10,6,2,5,9,5,2,2,9,9,,,5,6,,,4,9,4,5,4,5,5,10,4,8,9,9,3,2,3,8,9,10,9,10,3,8,1,7,,8,,,b'\x11\xe8\xe1I\xca\xe2\xf3&\xaf\x82\x12\xdf\x17\xaeN\x1e'
11E8E149-CAE2-F326-AF82-12DF17AE4E1E,2022-ncaa-d1-natl,ncaa,135,209,32,184,38,61,71,82,86,139,193,63,30,35,71,40,128,155,103,154,129,89,100,57,58,59,59,48,252,342,352,47,228,170,334,74,143,148,87,81,181,279,301,332,,,290,132,,,203,37,94,137,109,119,191,218,301,45,51,200,235,238,206,266,352,101,310,123,66,252,329,,197,,,204,334,329,334,155,290,292,174,330,339,192,283,284,241,340,242,145,334,332,182,192,242,258,264,161,337,228,346,352,346,334,263,88,131,258,206,173,125,254,256,,,57,68,,,203,319,130,258,202,269,257,303,197,197,306,318,219,151,145,288,270,279,313,312,172,223,96,180,,131,,,b'\x11\xe8\xe1I\xca\xe2\xf3&\xaf\x82\x12\xdf\x17\xaeN\x1e'
11E8E149-CAE2-F326-AF82-12DF17AE4E1E,2023-ncaa-d0-natl,ncaa,135,117,164,132,183,160,161,106,251,215,177,253,80,74,140,86,233,222,210,216,237,118,137,208,225,170,84,66,282,168,231,168,136,157,225,127,94,65,62,84,177,167,296,313,,,201,202,,,161,140,93,105,136,137,42,221,167,66,60,229,223,214,61,99,160,141,140,100,81,163,305,,221,,,161,185,211,216,162,174,192,151,241,229,208,242,104,73,332,72,66,181,189,173,167,175,212,251,87,115,136,291,231,252,225,108,69,169,170,117,43,35,252,253,,,161,186,,,161,213,173,146,164,212,228,270,184,219,253,251,122,86,80,233,237,142,317,279,122,150,55,275,,136,,,b'\x11\xe8\xe1I\xca\xe2\xf3&\xaf\x82\x12\xdf\x17\xaeN\x1e'
11E8E149-CAE2-F326-AF82-12DF17AE4E1E,2023-ncaa-d1-conf-WCC,ncaa,6,4,7,6,7,8,8,2,9,9,7,9,3,1,5,3,8,6,10,6,7,3,6,7,8,7,1,1,8,8,9,6,6,8,8,9,7,3,3,5,3,4,9,9,,,4,4,,,7,5,2,1,5,7,2,9,4,2,1,8,4,4,2,3,6,6,7,7,3,3,9,,5,,,7,6,7,5,8,3,4,7,9,7,10,9,1,1,10,1,2,4,5,8,8,6,8,10,1,3,6,10,9,9,8,4,1,3,4,4,2,2,7,8,,,7,8,,,7,6,8,6,7,8,9,10,6,6,10,10,2,2,2,6,9,5,10,10,6,2,2,7,,6,,,b'\x11\xe8\xe1I\xca\xe2\xf3&\xaf\x82\x12\xdf\x17\xaeN\x1e'
11E8E149-CAE2-F326-AF82-12DF17AE4E1E,2023-ncaa-d1-natl,ncaa,114,117,103,122,117,115,121,67,241,188,144,251,61,63,127,93,181,177,163,173,205,77,96,197,211,157,76,68,239,129,217,120,139,118,214,85,70,97,65,74,146,173,264,297,,,241,190,,,149,89,78,117,119,123,42,218,169,63,64,200,194,193,56,96,157,112,114,86,88,160,279,,217,,,149,250,253,285,143,209,261,117,273,271,229,234,139,96,330,90,63,260,266,155,155,154,221,262,89,183,139,326,217,299,214,150,74,131,173,114,74,41,266,242,,,115,180,,,149,270,158,140,150,211,227,284,174,242,264,258,124,86,83,251,260,169,311,280,127,149,64,260,,129,,,b'\x11\xe8\xe1I\xca\xe2\xf3&\xaf\x82\x12\xdf\x17\xaeN\x1e'
11E8E149-CAE2-F326-AF82-12DF17AE4E1E,2024-ncaa-d0-natl,ncaa,206,176,258,207,274,199,196,182,236,219,214,200,152,125,205,119,216,195,283,204,159,175,206,215,217,190,133,122,197,152,127,219,40,198,92,133,64,90,121,99,268,245,284,273,,,47,77,,,190,231,100,171,148,150,69,192,166,126,85,178,143,146,80,100,107,155,127,81,153,242,271,,90,,,191,145,164,131,242,177,105,297,155,202,89,261,98,51,356,51,91,110,88,237,241,268,120,186,110,12,40,106,127,48,92,190,205,271,229,262,93,125,303,319,,,226,212,,,190,125,181,209,191,229,262,232,263,168,200,258,145,89,91,207,165,23,208,101,252,236,148,333,,167,,,b'\x11\xe8\xe1I\xca\xe2\xf3&\xaf\x82\x12\xdf\x17\xaeN\x1e'
11E8E149-CAE2-F326-AF82-12DF17AE4E1E,2024-ncaa-d1-conf-WCC,ncaa,4,4,6,4,7,5,5,4,6,5,4,6,5,5,5,6,5,3,8,3,2,5,5,6,6,5,5,5,4,4,3,4,2,5,2,6,8,2,2,3,8,8,8,9,,,2,2,,,4,5,3,2,4,4,2,5,3,3,4,4,3,3,2,3,3,2,2,6,3,8,7,,2,,,4,3,4,4,4,4,4,7,5,5,3,5,2,2,9,2,2,3,2,3,3,3,3,4,2,1,2,5,3,3,2,4,3,7,7,4,2,2,9,9,,,4,5,,,4,4,4,3,4,4,7,7,6,6,5,7,2,2,2,5,4,1,8,3,4,7,2,9,,4,,,b'\x11\xe8\xe1I\xca\xe2\xf3&\xaf\x82\x12\xdf\x17\xaeN\x1e'
11E8E149-CAE2-F326-AF82-12DF17AE4E1E,2024-ncaa-d1-natl,ncaa,218,177,254,213,283,208,214,183,238,227,214,203,157,139,217,122,191,171,264,178,131,184,212,214,216,195,131,136,160,168,137,222,43,202,94,137,61,102,138,106,279,258,283,284,,,57,90,,,205,220,90,171,146,163,77,193,170,132,96,142,120,128,79,92,130,145,128,82,169,256,273,,106,,,205,165,192,162,240,210,121,293,156,215,94,253,113,57,359,56,93,125,89,228,236,270,118,180,118,14,43,112,137,41,94,193,184,279,247,260,108,141,327,335,,,203,190,,,205,137,186,211,205,250,272,257,272,194,203,260,158,102,107,239,200,27,200,96,249,240,158,345,,140,,,b'\x11\xe8\xe1I\xca\xe2\xf3&\xaf\x82\x12\xdf\x17\xaeN\x1e'
11E8E149-CAE2-F326-AF82-12DF17AE4E1E,2025-ncaa-d0-natl,genius_ncaa,171,176,135,178,177,157,194,167,225,263,244,231,98,87,140,85,81,103,132,105,49,157,156,188,168,159,38,73,78,97,82,131,59,111,56,120,47,175,174,138,158,136,74,50,,,156,192,,309,136,185,222,269,158,222,190,289,279,83,76,78,100,104,168,172,91,125,92,115,174,162,69,,137,,316,135,139,144,183,127,91,135,117,270,260,237,293,102,56,351,58,92,163,152,160,154,172,277,310,102,66,59,149,82,110,56,129,144,201,184,169,209,201,360,358,,,108,75,,94,136,176,135,139,136,120,126,158,80,97,276,258,96,58,60,111,86,51,131,87,116,205,198,356,,89,,93,b'\x11\xe8\xe1I\xca\xe2\xf3&\xaf\x82\x12\xdf\x17\xaeN\x1e'
11E8E149-CAE2-F326-AF82-12DF17AE4E1E,2025-ncaa-d1-conf-WCC,genius_ncaa,5,5,3,5,6,5,7,5,8,9,10,8,1,1,3,1,4,4,4,4,2,4,5,6,6,6,1,1,3,5,6,5,2,6,3,5,4,7,6,6,4,4,5,2,,,5,5,,8,5,4,3,10,5,8,7,9,10,1,1,2,4,3,4,5,5,5,6,5,6,4,5,,4,,8,5,6,6,4,9,4,3,6,10,7,10,8,4,4,9,4,4,4,6,10,8,6,7,10,4,1,2,6,6,3,3,3,3,5,5,2,7,7,11,11,,,4,4,,2,5,7,5,5,5,4,4,2,3,3,10,7,4,4,4,2,3,1,6,4,3,5,7,11,,3,,2,b'\x11\xe8\xe1I\xca\xe2\xf3&\xaf\x82\x12\xdf\x17\xaeN\x1e'
11E8E149-CAE2-F326-AF82-12DF17AE4E1E,2025-ncaa-d1-natl,genius_ncaa,184,176,172,185,226,180,232,209,236,287,274,244,111,106,143,86,98,126,129,134,47,196,201,193,176,169,35,72,74,123,88,157,62,139,64,143,48,149,179,145,177,148,76,51,,,134,198,,304,149,228,232,269,174,239,212,303,284,87,77,80,102,106,181,185,103,133,101,130,176,175,69,,149,,319,146,111,129,150,137,71,101,131,260,240,245,294,83,49,352,50,95,113,103,173,173,190,275,310,102,45,62,116,88,77,64,110,142,243,195,184,192,207,358,359,,,125,72,,104,149,129,141,159,149,132,134,164,86,97,278,260,99,59,62,116,84,54,134,90,125,223,198,357,,89,,90,b'\x11\xe8\xe1I\xca\xe2\xf3&\xaf\x82\x12\xdf\x17\xaeN\x1e'
11E8E149-CAE2-F326-AF82-12DF17AE4E1E,2026-ncaa-d0-natl,genius_ncaa,123,80,206,123,216,177,154,200,100,127,205,60,212,175,285,137,285,253,310,263,271,206,193,114,141,200,315,220,316,187,150,146,109,164,104,115,80,295,307,188,135,120,216,240,,,184,203,,324,130,190,23,97,131,76,91,57,143,197,121,284,237,257,126,35,151,51,79,58,336,87,215,,263,,350,129,120,135,158,114,147,175,121,129,161,115,179,105,67,333,69,63,145,163,110,108,77,125,163,117,117,109,115,150,112,104,167,227,123,74,116,229,234,20,36,,,183,198,,66,130,173,207,74,134,179,214,276,217,285,156,208,133,88,95,255,318,171,159,157,224,53,281,36,,121,,50,b'\x11\xe8\xe1I\xca\xe2\xf3&\xaf\x82\x12\xdf\x17\xaeN\x1e'
11E8E149-CAE2-F326-AF82-12DF17AE4E1E,2026-ncaa-d1-natl,genius_ncaa,110,80,177,113,197,174,139,197,78,113,196,46,200,172,236,153,261,237,249,256,271,214,164,93,112,185,306,216,303,198,148,132,109,158,92,91,80,312,321,197,139,129,225,257,,,180,162,,321,138,162,31,100,126,74,130,59,156,184,152,260,230,249,159,57,184,54,84,52,337,95,225,,218,,342,136,145,153,189,102,149,197,99,163,183,165,176,126,76,346,85,68,176,198,107,113,100,165,197,135,128,109,105,148,111,92,191,223,111,104,135,274,268,21,33,,,183,213,,86,138,205,194,94,139,175,200,276,195,278,194,209,141,89,102,255,313,168,117,125,223,78,297,23,,144,,75,b'\x11\xe8\xe1I\xca\xe2\xf3&\xaf\x82\x12\xdf\x17\xaeN\x1e'
11E8E149-CAE7-6EC4-AF82-12DF17AE4E1E,2010-ncaa-d0-natl,ncaa,309,317,241,317,261,290,258,270,239,180,163,212,328,317,326,298,275,243,298,238,273,270,222,286,291,303,326,319,191,193,118,302,276,267,215,297,304,296,318,326,234,221,187,157,,,270,316,,,334,233,124,188,293,258,236,134,95,325,308,265,217,216,241,143,148,301,248,305,319,209,176,,319,,,334,261,145,95,271,122,74,260,229,177,296,197,338,331,309,332,340,147,121,295,325,335,315,192,333,138,276,69,118,74,215,130,135,261,251,222,277,285,238,235,,,223,177,,,334,116,312,334,332,323,227,142,180,107,271,225,341,333,334,254,230,219,118,156,191,229,293,273,,155,,,b'\x11\xe8\xe1I\xca\xe7n\xc4\xaf\x82\x12\xdf\x17\xaeN\x1e'
11E8E149-CAE7-6EC4-AF82-12DF17AE4E1E,2010-ncaa-d1-conf-WAC,ncaa,9,9,9,9,9,9,9,9,9,8,9,8,9,9,9,8,8,8,8,8,8,9,9,9,9,9,9,9,3,7,5,9,9,9,7,9,7,7,9,9,8,6,8,6,,,7,9,,,9,9,8,6,9,9,9,7,4,9,9,7,6,6,9,7,5,9,8,9,9,7,6,,9,,,9,5,2,1,8,2,1,8,5,4,8,4,9,9,7,9,9,1,1,8,9,9,8,7,9,2,9,2,5,2,7,4,7,9,9,7,7,9,6,8,,,6,1,,,9,1,9,9,9,9,5,1,4,2,7,4,9,9,9,6,3,6,4,4,7,9,9,7,,2,,,b'\x11\xe8\xe1I\xca\xe7n\xc4\xaf\x82\x12\xdf\x17\xaeN\x1e'
11E8E149-CAE7-6EC4-AF82-12DF17AE4E1E,2010-ncaa-d1-natl,ncaa,318,317,276,321,296,305,277,290,243,191,175,217,328,321,328,298,283,255,297,251,275,293,246,289,295,308,325,319,187,207,121,318,278,286,222,312,306,284,319,327,248,226,199,161,,,260,317,,,335,251,124,176,294,263,238,138,99,324,307,268,218,217,244,145,149,302,254,310,318,212,176,,320,,,335,250,130,66,277,107,56,265,221,168,298,197,336,328,309,329,340,128,103,299,327,335,316,192,334,123,278,46,121,54,222,117,136,278,254,227,264,286,233,243,,,237,177,,,335,96,313,335,334,326,234,143,186,108,271,227,342,335,336,254,230,219,120,161,196,235,295,276,,154,,,b'\x11\xe8\xe1I\xca\xe7n\xc4\xaf\x82\x12\xdf\x17\xaeN\x1e'
11E8E149-CAE7-6EC4-AF82-12DF17AE4E1E,2011-ncaa-d0-natl,ncaa,335,335,288,335,311,339,336,334,323,328,313,313,326,303,331,219,315,323,150,321,249,335,323,327,324,336,224,257,104,324,295,338,324,340,326,317,143,302,339,328,145,60,328,304,,,238,339,,,337,316,265,257,341,338,338,320,283,321,289,305,314,309,339,302,316,342,339,319,331,82,327,,315,,,337,110,50,15,306,19,3,326,269,225,291,325,241,254,135,248,341,19,27,333,333,317,338,312,284,83,324,35,295,36,326,256,340,234,110,274,178,290,73,193,,,318,235,,,337,23,338,320,339,242,147,29,63,5,323,300,299,303,302,69,76,170,123,144,314,146,252,129,,300,,,b'\x11\xe8\xe1I\xca\xe7n\xc4\xaf\x82\x12\xdf\x17\xaeN\x1e'
11E8E149-CAE7-6EC4-AF82-12DF17AE4E1E,2011-ncaa-d1-conf-WAC,ncaa,9,8,9,9,9,9,9,9,9,9,9,9,9,9,9,5,9,9,7,9,9,9,9,9,9,9,7,5,6,8,8,9,9,9,9,9,4,9,9,9,4,3,9,9,,,8,9,,,9,9,9,7,9,9,9,9,7,9,8,9,9,9,9,9,8,9,9,9,9,4,9,,9,,,9,1,1,1,8,1,1,9,5,6,5,9,8,8,3,8,9,1,1,8,8,7,9,7,8,4,9,1,8,2,9,5,8,5,3,5,5,7,6,9,,,9,8,,,9,1,9,7,9,5,2,1,1,1,7,6,8,9,9,1,2,7,4,6,7,4,6,9,,9,,,b'\x11\xe8\xe1I\xca\xe7n\xc4\xaf\x82\x12\xdf\x17\xaeN\x1e'
11E8E149-CAE7-6EC4-AF82-12DF17AE4E1E,2011-ncaa-d1-natl,ncaa,336,337,279,336,310,342,340,338,326,330,314,316,327,299,334,211,315,329,151,329,257,338,323,330,326,338,222,251,115,326,298,339,324,340,326,320,135,308,341,331,149,83,330,309,,,247,339,,,337,316,271,260,343,339,341,323,287,321,290,312,319,318,340,309,321,343,341,319,333,98,330,,312,,,337,131,62,12,290,17,1,315,283,249,270,324,247,261,136,255,340,20,28,331,330,316,338,312,280,104,324,40,298,48,326,265,340,236,135,282,190,297,78,190,,,321,249,,,337,26,340,318,338,230,141,35,60,5,319,303,295,296,293,73,67,179,114,145,313,178,257,129,,308,,,b'\x11\xe8\xe1I\xca\xe7n\xc4\xaf\x82\x12\xdf\x17\xaeN\x1e'
11E8E149-CAE7-6EC4-AF82-12DF17AE4E1E,2012-ncaa-d0-natl,ncaa,238,248,163,250,221,148,151,160,161,104,79,209,268,291,127,300,72,46,250,47,105,130,113,207,192,199,255,286,50,161,174,112,291,137,225,190,236,250,219,238,84,124,281,274,,,201,93,,,233,102,17,262,118,120,118,72,43,267,289,43,24,25,78,43,150,64,92,176,261,67,283,,236,,,231,275,227,296,82,98,101,156,338,340,141,340,217,188,261,188,249,289,280,170,167,191,339,340,139,322,291,197,174,292,225,337,343,125,191,297,141,113,143,78,,,128,176,,,233,257,208,224,217,295,265,335,122,121,340,342,238,220,221,331,336,329,238,313,340,96,154,159,,93,,,b'\x11\xe8\xe1I\xca\xe7n\xc4\xaf\x82\x12\xdf\x17\xaeN\x1e'
11E8E149-CAE7-6EC4-AF82-12DF17AE4E1E,2012-ncaa-d1-conf-WAC,ncaa,5,4,5,5,8,6,6,6,3,5,3,3,6,8,4,8,2,2,3,2,3,6,6,4,4,3,6,8,2,6,5,4,8,5,6,5,6,4,5,5,3,3,7,6,,,6,5,,,4,6,2,5,4,5,5,3,3,6,8,2,1,1,4,4,6,3,3,4,5,3,7,,8,,,4,4,2,5,1,1,1,2,8,8,5,8,5,5,1,5,7,6,4,2,2,2,8,8,5,7,8,3,5,5,6,7,8,4,5,6,2,2,4,3,,,7,6,,,4,3,4,3,4,6,4,7,1,1,8,8,5,5,6,7,8,8,3,7,7,4,2,6,,6,,,b'\x11\xe8\xe1I\xca\xe7n\xc4\xaf\x82\x12\xdf\x17\xaeN\x1e'
11E8E149-CAE7-6EC4-AF82-12DF17AE4E1E,2012-ncaa-d1-natl,ncaa,254,247,196,257,263,170,176,194,168,118,86,219,276,299,129,299,76,51,251,52,104,154,134,219,199,208,251,283,47,181,179,124,295,155,234,212,239,231,223,244,94,130,290,275,,,186,98,,,242,125,19,262,127,125,126,82,43,266,288,43,24,25,83,50,159,64,99,188,263,70,287,,239,,,242,261,217,286,88,76,76,163,338,340,147,338,202,173,263,176,248,280,266,179,176,202,338,338,137,317,295,175,179,274,234,336,343,141,199,302,125,119,140,83,,,150,173,,,242,239,216,232,230,298,268,336,126,123,340,341,247,225,224,332,334,330,241,317,340,101,157,159,,95,,,b'\x11\xe8\xe1I\xca\xe7n\xc4\xaf\x82\x12\xdf\x17\xaeN\x1e'
11E8E149-CAE7-6EC4-AF82-12DF17AE4E1E,2013-ncaa-d0-natl,ncaa,259,244,251,264,300,143,165,124,225,107,62,238,278,261,271,290,35,40,88,40,90,104,78,272,218,239,227,296,19,223,282,127,300,154,304,209,246,299,240,276,70,123,154,198,,,157,39,,,283,50,1,338,70,103,26,55,14,266,251,4,11,11,11,1,180,30,63,171,323,37,131,,229,,,287,321,317,317,200,264,263,201,333,331,265,306,134,124,197,132,86,309,309,238,213,206,262,312,44,326,300,306,282,323,304,339,330,75,161,282,223,167,267,194,,,65,102,,,283,301,262,234,257,342,340,344,311,333,341,342,191,177,187,344,345,343,338,342,344,26,268,299,,8,,,b'\x11\xe8\xe1I\xca\xe7n\xc4\xaf\x82\x12\xdf\x17\xaeN\x1e'
11E8E149-CAE7-6EC4-AF82-12DF17AE4E1E,2013-ncaa-d1-conf-WAC,ncaa,7,6,7,7,10,6,6,7,7,5,3,8,7,7,7,7,3,3,4,3,5,5,5,8,7,8,7,7,1,8,8,4,7,7,8,7,6,9,8,9,3,5,6,7,,,4,3,,,9,4,1,10,4,6,2,3,1,7,7,2,3,3,2,1,7,2,2,6,9,3,6,,6,,,9,9,10,9,5,6,8,4,9,10,5,8,2,3,1,3,3,8,9,6,3,4,6,9,2,9,7,9,8,9,8,10,10,5,4,9,6,6,8,7,,,3,3,,,9,8,9,5,9,10,10,10,9,10,9,10,3,6,6,10,10,10,9,10,10,4,6,9,,2,,,b'\x11\xe8\xe1I\xca\xe7n\xc4\xaf\x82\x12\xdf\x17\xaeN\x1e'
11E8E149-CAE7-6EC4-AF82-12DF17AE4E1E,2013-ncaa-d1-natl,ncaa,248,243,210,252,288,127,148,103,231,102,47,241,274,261,274,292,20,27,86,26,81,85,50,272,221,248,223,298,16,214,282,95,303,130,304,198,243,322,249,284,48,113,153,205,,,162,32,,,273,28,1,338,69,106,29,58,15,270,252,4,10,10,9,1,172,33,66,174,330,32,144,,217,,,273,327,325,332,190,281,291,194,335,336,235,303,131,130,163,139,74,327,329,230,203,190,247,307,40,339,303,321,282,336,304,343,330,50,148,275,245,168,275,192,,,40,89,,,273,325,269,218,254,340,340,344,312,333,342,342,172,167,176,344,345,343,338,341,344,23,271,297,,7,,,b'\x11\xe8\xe1I\xca\xe7n\xc4\xaf\x82\x12\xdf\x17\xaeN\x1e'
11E8E149-CAE7-6EC4-AF82-12DF17AE4E1E,2014-ncaa-d0-natl,ncaa,258,246,254,261,289,113,151,52,307,242,197,287,46,26,210,54,88,85,219,82,54,55,52,262,259,246,32,53,115,105,231,158,326,125,314,216,249,277,168,264,133,223,95,170,,,145,22,,,317,40,2,270,31,68,8,209,137,24,13,36,32,31,6,3,63,59,34,183,313,104,76,,217,,,316,344,345,335,302,345,342,281,273,240,274,104,195,196,144,195,50,331,320,291,265,300,42,132,43,344,326,337,231,344,314,347,315,142,274,338,235,148,107,128,,,162,321,,,317,310,250,313,302,348,348,349,348,349,311,294,250,261,262,349,348,348,346,347,347,92,274,152,,88,,,b'\x11\xe8\xe1I\xca\xe7n\xc4\xaf\x82\x12\xdf\x17\xaeN\x1e'
11E8E149-CAE7-6EC4-AF82-12DF17AE4E1E,2014-ncaa-d1-conf-Mountain West,ncaa,10,10,8,10,11,6,10,2,10,10,9,11,2,1,7,1,5,3,7,3,2,2,1,10,10,10,1,1,4,3,9,7,10,6,10,11,11,8,7,10,5,8,4,7,,,9,3,,,10,1,1,9,4,8,1,10,6,1,1,3,3,3,1,1,3,4,3,11,10,5,4,,9,,,10,11,11,11,10,11,11,10,8,7,9,6,6,7,2,7,4,11,11,10,9,10,3,6,2,11,10,11,9,11,10,11,8,6,9,10,7,6,7,7,,,4,9,,,10,11,10,10,10,11,11,11,11,11,9,8,6,8,8,11,11,11,11,11,11,3,7,7,,3,,,b'\x11\xe8\xe1I\xca\xe7n\xc4\xaf\x82\x12\xdf\x17\xaeN\x1e'
11E8E149-CAE7-6EC4-AF82-12DF17AE4E1E,2014-ncaa-d1-natl,ncaa,252,244,211,254,288,98,129,43,301,230,185,283,36,21,197,51,75,72,218,72,57,44,35,254,256,238,33,51,136,101,224,119,324,103,307,196,246,291,171,263,134,221,86,166,,,168,22,,,312,28,2,273,29,60,7,206,139,21,12,38,35,33,6,3,56,45,30,167,314,101,74,,221,,,312,346,347,342,300,345,346,286,283,249,277,105,198,214,134,210,47,341,331,291,264,303,43,133,42,344,324,338,224,344,307,348,315,138,277,337,256,153,110,122,,,148,321,,,312,325,248,317,297,348,348,349,348,349,314,296,249,262,261,349,348,347,346,347,347,97,283,131,,82,,,b'\x11\xe8\xe1I\xca\xe7n\xc4\xaf\x82\x12\xdf\x17\xaeN\x1e'
11E8E149-CAE7-6EC4-AF82-12DF17AE4E1E,2015-ncaa-d0-natl,ncaa,188,209,113,207,120,37,46,14,269,113,71,250,12,6,177,39,74,66,195,65,129,15,21,208,223,125,37,31,234,73,275,93,289,74,325,51,147,68,13,33,27,71,122,191,,,233,43,,,179,16,3,36,10,21,4,117,58,8,3,67,48,46,2,3,70,75,53,32,61,22,131,,219,,,180,343,340,331,273,334,316,268,313,311,234,216,304,281,287,285,161,331,333,273,274,227,162,209,148,330,289,348,275,347,325,347,299,31,111,213,116,34,335,307,,,166,344,,,179,334,127,238,183,344,342,345,333,333,310,315,295,281,282,346,348,332,349,349,345,30,120,337,,201,,,b'\x11\xe8\xe1I\xca\xe7n\xc4\xaf\x82\x12\xdf\x17\xaeN\x1e'
11E8E149-CAE7-6EC4-AF82-12DF17AE4E1E,2015-ncaa-d1-conf-Mountain West,ncaa,7,8,1,8,1,1,1,1,10,4,3,8,2,1,4,1,5,4,9,4,7,1,1,5,6,4,2,2,11,5,9,1,10,2,10,1,6,3,1,3,2,3,6,9,,,11,4,,,8,1,1,3,1,1,1,7,6,2,1,6,6,6,1,2,6,4,5,1,3,2,6,,8,,,8,11,11,11,10,11,11,10,11,11,9,6,10,10,10,10,5,11,11,10,10,9,5,7,4,11,10,11,9,11,10,11,8,2,5,8,4,2,11,11,,,6,11,,,8,11,6,9,8,10,10,11,10,10,9,9,9,8,9,11,11,9,11,11,11,2,4,11,,8,,,b'\x11\xe8\xe1I\xca\xe7n\xc4\xaf\x82\x12\xdf\x17\xaeN\x1e'
11E8E149-CAE7-6EC4-AF82-12DF17AE4E1E,2015-ncaa-d1-natl,ncaa,180,207,97,202,101,22,38,7,268,92,61,244,10,6,181,44,54,48,182,46,113,8,15,211,223,115,36,39,210,69,282,69,285,61,327,42,143,82,13,35,23,73,114,196,,,254,40,,,185,11,3,37,11,18,3,105,52,8,4,50,37,38,2,3,76,68,56,31,68,24,132,,225,,,185,347,346,336,279,339,328,273,317,315,245,203,315,297,303,295,160,340,341,277,281,241,153,193,149,333,285,348,282,348,327,347,308,31,114,225,138,36,340,303,,,148,345,,,185,339,132,253,192,347,344,345,334,337,310,311,299,283,282,348,349,333,349,349,346,30,124,338,,179,,,b'\x11\xe8\xe1I\xca\xe7n\xc4\xaf\x82\x12\xdf\x17\xaeN\x1e'
11E8E149-CAE7-6EC4-AF82-12DF17AE4E1E,2016-ncaa-d0-natl,ncaa,221,204,240,223,258,115,133,103,198,207,224,190,40,37,116,48,153,156,181,149,101,102,126,142,149,125,38,42,203,105,123,204,337,155,267,126,143,93,68,102,165,201,237,257,,,58,18,,,192,142,25,182,49,70,21,175,170,21,16,107,101,89,19,20,56,138,73,79,155,131,223,,90,,,195,279,294,291,191,278,278,183,258,250,241,195,151,144,168,148,94,278,251,199,183,231,144,212,82,341,337,218,123,305,267,316,292,218,273,309,205,182,115,143,,,216,276,,,192,202,109,282,195,321,326,344,306,336,292,296,199,193,200,342,338,347,282,337,333,184,246,147,,173,,,b'\x11\xe8\xe1I\xca\xe7n\xc4\xaf\x82\x12\xdf\x17\xaeN\x1e'
11E8E149-CAE7-6EC4-AF82-12DF17AE4E1E,2016-ncaa-d1-conf-Mountain West,ncaa,4,4,7,4,9,2,3,2,7,7,9,6,1,1,3,3,3,3,7,3,2,2,2,5,6,4,1,2,7,3,4,5,11,3,7,4,5,4,3,5,4,6,5,7,,,2,1,,,5,4,1,7,1,2,1,5,6,1,1,2,1,1,1,1,2,3,3,4,6,3,4,,3,,,5,11,10,11,4,8,11,5,7,8,6,6,8,6,10,7,3,11,11,5,5,5,4,7,5,11,11,6,4,11,7,10,9,7,9,10,7,6,7,6,,,4,6,,,5,8,3,9,6,11,10,11,8,11,7,9,8,8,8,11,11,11,9,11,11,5,9,9,,1,,,b'\x11\xe8\xe1I\xca\xe7n\xc4\xaf\x82\x12\xdf\x17\xaeN\x1e'
11E8E149-CAE7-6EC4-AF82-12DF17AE4E1E,2016-ncaa-d1-natl,ncaa,216,204,218,220,260,104,127,79,209,214,218,197,39,34,128,43,143,136,194,133,89,85,102,148,156,134,34,39,202,87,119,194,336,136,260,129,153,118,76,114,140,183,242,260,,,67,22,,,194,120,18,181,46,68,20,182,172,20,15,99,83,74,17,18,49,138,70,87,171,106,227,,99,,,194,293,298,296,204,282,275,183,281,263,267,199,191,178,225,183,110,294,273,211,207,238,183,223,107,341,336,239,119,313,260,326,294,191,250,300,227,183,107,130,,,205,271,,,194,224,118,287,199,328,325,344,303,332,300,302,228,218,219,342,338,345,290,339,334,153,254,142,,151,,,b'\x11\xe8\xe1I\xca\xe7n\xc4\xaf\x82\x12\xdf\x17\xaeN\x1e'
11E8E149-CAE7-6EC4-AF82-12DF17AE4E1E,2017-ncaa-d0-natl,ncaa,255,283,116,267,120,79,78,32,246,147,130,196,26,11,203,26,206,263,63,253,303,43,74,194,202,113,62,30,309,125,264,203,344,166,336,145,264,16,10,60,186,248,264,310,,,150,46,,,278,65,42,28,61,54,8,167,153,23,11,238,289,284,11,44,128,250,194,147,20,192,280,,137,,,273,343,346,324,309,343,319,298,304,283,284,175,222,205,244,197,80,322,311,308,303,323,87,185,68,344,344,340,264,346,336,331,171,198,295,316,17,12,191,162,,,305,346,,,278,289,117,334,264,345,346,346,342,340,302,291,207,188,182,344,340,344,346,348,326,227,24,177,,334,,,b'\x11\xe8\xe1I\xca\xe7n\xc4\xaf\x82\x12\xdf\x17\xaeN\x1e'
11E8E149-CAE7-6EC4-AF82-12DF17AE4E1E,2017-ncaa-d1-conf-Mountain West,ncaa,8,8,3,8,3,1,1,1,6,3,2,6,1,1,4,1,2,6,1,6,9,1,1,4,3,3,2,1,8,3,5,7,11,5,11,3,10,2,1,1,6,9,8,9,,,8,4,,,7,1,1,1,1,1,1,2,2,1,1,3,7,7,1,2,2,6,4,4,2,5,8,,8,,,7,11,11,11,9,11,11,9,8,7,10,4,11,10,7,10,7,11,11,9,9,10,5,5,7,11,11,11,5,11,11,10,5,5,9,9,3,1,5,5,,,7,11,,,7,11,2,10,7,11,11,11,11,11,8,7,10,10,10,11,11,11,11,11,10,5,2,5,,6,,,b'\x11\xe8\xe1I\xca\xe7n\xc4\xaf\x82\x12\xdf\x17\xaeN\x1e'
11E8E149-CAE7-6EC4-AF82-12DF17AE4E1E,2017-ncaa-d1-natl,ncaa,258,282,98,269,100,72,74,24,242,145,136,187,23,11,209,26,199,250,61,247,290,36,61,189,197,108,60,36,297,125,268,198,343,161,338,135,249,24,12,63,169,244,270,310,,,159,46,,,288,53,36,31,59,58,8,168,160,22,10,219,277,274,13,43,137,250,207,153,25,186,284,,134,,,284,346,347,333,318,347,328,308,310,291,289,170,244,221,260,212,80,336,323,316,310,325,82,175,70,344,343,344,268,347,338,337,169,199,302,314,26,15,191,161,,,305,346,,,288,301,119,334,275,345,347,346,345,341,299,290,225,196,190,345,340,343,346,348,327,229,28,179,,332,,,b'\x11\xe8\xe1I\xca\xe7n\xc4\xaf\x82\x12\xdf\x17\xaeN\x1e'
11E8E149-CAE7-6EC4-AF82-12DF17AE4E1E,2018-ncaa-d0-natl,ncaa,310,308,242,316,267,175,168,113,257,227,184,262,74,64,140,74,264,239,287,250,250,132,135,213,249,220,80,57,288,255,312,225,324,246,340,147,137,129,118,136,190,245,167,236,,,171,91,,,327,105,8,185,108,116,27,198,136,55,38,248,200,218,44,36,232,159,194,110,193,164,144,,234,,,322,331,335,301,332,344,318,327,169,156,197,65,247,255,139,257,129,302,280,322,307,334,22,48,98,327,324,326,312,336,340,346,308,239,305,341,268,256,198,205,,,293,335,,,327,255,244,333,317,347,348,347,349,347,214,212,282,287,292,348,344,338,347,348,347,208,299,232,,275,,,b'\x11\xe8\xe1I\xca\xe7n\xc4\xaf\x82\x12\xdf\x17\xaeN\x1e'
11E8E149-CAE7-6EC4-AF82-12DF17AE4E1E,2018-ncaa-d1-conf-Mountain West,ncaa,11,11,8,11,11,6,5,4,10,8,9,7,5,2,8,2,9,7,11,9,9,4,4,8,9,9,4,4,9,8,9,9,11,10,11,6,6,6,5,6,6,8,4,6,,,6,4,,,11,3,1,8,6,4,2,7,7,4,2,9,6,6,3,2,8,7,6,6,8,6,2,,9,,,11,10,10,10,10,10,10,11,5,4,4,3,9,11,1,11,6,10,10,9,8,11,1,2,6,11,11,10,9,11,11,11,10,7,8,11,10,10,6,8,,,10,11,,,11,9,9,11,11,11,11,11,11,11,6,6,10,11,11,11,11,11,11,11,11,7,11,8,,10,,,b'\x11\xe8\xe1I\xca\xe7n\xc4\xaf\x82\x12\xdf\x17\xaeN\x1e'
11E8E149-CAE7-6EC4-AF82-12DF17AE4E1E,2018-ncaa-d1-natl,ncaa,305,307,213,310,241,156,159,98,251,223,192,261,68,53,131,72,259,231,286,245,241,112,107,209,242,229,78,55,285,259,313,191,326,226,338,142,140,204,164,159,193,256,149,228,,,193,85,,,329,76,8,99,100,115,30,202,142,55,41,241,192,209,44,27,235,139,182,111,251,172,126,,238,,,328,335,340,318,332,348,326,330,185,203,150,77,265,267,157,268,131,319,306,317,305,335,26,48,103,336,326,337,313,344,338,345,289,237,311,338,298,270,209,213,,,282,333,,,329,279,257,337,318,348,349,349,349,347,223,244,292,294,296,348,345,339,347,348,347,213,309,227,,263,,,b'\x11\xe8\xe1I\xca\xe7n\xc4\xaf\x82\x12\xdf\x17\xaeN\x1e'
11E8E149-CAE7-6EC4-AF82-12DF17AE4E1E,2019-ncaa-d0-natl,ncaa,310,315,249,318,278,223,226,184,268,313,299,284,43,47,80,26,323,321,207,321,253,221,220,181,204,219,24,9,324,326,340,248,345,307,348,164,82,183,207,174,154,193,139,169,,,159,88,,,324,152,27,264,183,186,91,309,286,23,24,316,316,315,143,125,325,209,309,118,230,119,114,,231,,,322,309,321,289,264,315,253,305,248,288,95,242,182,204,119,201,139,283,266,254,233,285,98,160,94,347,345,323,340,345,348,349,338,235,293,343,257,271,81,178,,,348,351,,,324,196,265,337,319,342,345,349,343,330,289,325,236,254,251,347,341,350,343,348,350,198,280,114,,348,,,b'\x11\xe8\xe1I\xca\xe7n\xc4\xaf\x82\x12\xdf\x17\xaeN\x1e'
11E8E149-CAE7-6EC4-AF82-12DF17AE4E1E,2019-ncaa-d1-conf-Mountain West,ncaa,9,9,7,9,11,7,8,8,9,10,10,9,1,1,2,1,11,8,11,8,3,8,6,6,6,7,1,1,10,9,10,7,11,10,10,6,3,7,9,6,8,9,3,4,,,9,6,,,10,4,1,10,6,7,4,10,10,1,1,10,7,7,6,5,9,3,9,6,9,6,3,,11,,,10,10,11,10,7,9,7,8,9,11,5,10,7,10,2,9,7,10,9,7,7,10,7,8,5,11,11,11,10,11,10,11,11,9,11,11,9,9,2,3,,,11,11,,,10,9,9,11,10,11,11,11,10,10,10,11,9,11,11,11,11,11,11,11,11,7,9,2,,11,,,b'\x11\xe8\xe1I\xca\xe7n\xc4\xaf\x82\x12\xdf\x17\xaeN\x1e'
11E8E149-CAE7-6EC4-AF82-12DF17AE4E1E,2019-ncaa-d1-natl,ncaa,324,322,233,325,289,230,247,180,285,320,303,299,47,47,84,23,320,316,220,315,231,221,209,203,227,238,21,8,321,324,339,253,346,309,348,164,75,217,222,190,161,205,144,173,,,191,113,,,326,141,23,261,190,215,91,321,290,24,21,316,310,309,151,112,322,222,305,122,251,126,117,,260,,,325,326,325,302,267,325,276,309,252,290,99,230,205,225,114,220,141,303,285,257,241,284,96,150,98,349,346,331,339,348,348,348,337,227,283,340,272,283,84,184,,,347,351,,,326,210,275,334,325,344,346,348,344,335,288,323,250,261,259,347,340,351,344,350,350,184,293,113,,346,,,b'\x11\xe8\xe1I\xca\xe7n\xc4\xaf\x82\x12\xdf\x17\xaeN\x1e'
11E8E149-CAE7-6EC4-AF82-12DF17AE4E1E,2020-ncaa-d0-natl,ncaa,104,109,87,116,112,43,53,42,110,106,92,186,47,96,21,142,85,173,23,174,230,48,65,89,77,70,86,92,201,298,329,100,290,191,319,27,34,148,77,45,17,55,134,186,,,162,35,,,144,17,16,123,33,50,27,113,93,48,99,96,179,180,41,61,307,111,235,20,132,25,147,,156,,,144,317,319,341,163,307,297,237,280,330,73,271,165,164,167,159,87,338,339,170,147,162,139,205,76,334,290,330,329,341,319,342,339,89,191,294,224,157,64,40,,,194,284,,,144,336,113,207,152,305,314,345,306,296,274,331,158,154,145,339,338,329,320,337,342,96,209,56,,213,,,b'\x11\xe8\xe1I\xca\xe7n\xc4\xaf\x82\x12\xdf\x17\xaeN\x1e'
11E8E149-CAE7-6EC4-AF82-12DF17AE4E1E,2020-ncaa-d1-conf-Mountain West,ncaa,3,3,3,3,3,3,5,5,6,5,6,7,1,5,2,5,3,4,4,4,4,4,3,5,5,5,1,2,5,8,9,3,9,4,9,3,1,8,6,5,2,4,3,5,,,7,4,,,4,3,2,4,4,5,5,6,6,1,4,4,4,4,3,2,8,4,5,2,8,3,3,,7,,,4,7,8,10,3,9,8,7,6,11,1,8,9,10,2,10,5,10,11,3,1,1,4,4,5,11,9,10,9,11,9,11,11,3,5,8,8,8,2,1,,,3,6,,,4,9,6,4,4,9,9,11,10,10,5,11,6,10,10,11,10,10,9,10,11,3,7,2,,4,,,b'\x11\xe8\xe1I\xca\xe7n\xc4\xaf\x82\x12\xdf\x17\xaeN\x1e'
11E8E149-CAE7-6EC4-AF82-12DF17AE4E1E,2020-ncaa-d1-natl,ncaa,92,109,45,113,72,28,36,21,98,87,70,175,36,79,20,135,63,133,21,134,204,27,25,84,71,58,78,90,192,275,324,73,289,170,316,20,28,168,79,40,13,54,125,176,,,193,41,,,123,8,14,132,27,37,18,108,91,40,90,79,157,161,32,44,292,97,218,17,138,22,139,,170,,,123,321,324,347,156,311,313,228,289,334,63,269,183,181,174,174,88,348,346,154,135,146,142,206,79,340,289,336,324,341,316,343,337,64,175,286,231,148,64,40,,,164,278,,,123,342,101,196,131,304,314,346,310,305,276,332,164,163,151,342,343,332,322,338,342,82,207,56,,201,,,b'\x11\xe8\xe1I\xca\xe7n\xc4\xaf\x82\x12\xdf\x17\xaeN\x1e'
11E8E149-CAE7-6EC4-AF82-12DF17AE4E1E,2021-ncaa-d0-natl,ncaa,318,4,341,157,341,340,340,339,323,341,340,320,340,338,316,138,339,338,307,338,224,339,341,318,326,279,161,149,207,339,109,340,201,340,201,340,150,2,10,63,340,177,334,35,,,3,42,,,161,341,24,114,144,135,3,147,27,139,43,200,117,88,3,10,8,38,8,136,27,126,19,,123,,,177,3,3,2,69,2,2,89,3,3,59,102,3,3,194,3,99,3,3,59,55,67,77,78,168,3,201,4,109,3,201,3,124,341,187,138,1,1,3,171,,,341,322,,,161,3,244,95,171,202,222,317,256,330,112,164,192,195,201,318,325,291,342,341,178,120,2,269,,228,,,b'\x11\xe8\xe1I\xca\xe7n\xc4\xaf\x82\x12\xdf\x17\xaeN\x1e'
11E8E149-CAE7-6EC4-AF82-12DF17AE4E1E,2021-ncaa-d1-conf-Mountain West,ncaa,11,1,11,8,11,11,11,11,9,11,11,10,11,11,8,6,11,11,11,11,2,11,11,9,10,9,3,5,3,11,5,11,10,11,8,11,4,1,4,6,11,8,11,2,,,1,5,,,8,11,1,3,4,5,1,6,2,5,2,2,2,1,1,1,1,3,1,6,7,6,2,,10,,,8,1,1,1,8,1,1,9,1,1,2,4,1,1,6,1,8,1,1,5,5,7,2,3,9,1,10,1,5,1,8,1,6,11,7,7,1,1,1,4,,,11,2,,,8,1,8,9,8,10,10,11,11,11,4,7,10,10,10,11,11,11,10,11,8,4,1,6,,2,,,b'\x11\xe8\xe1I\xca\xe7n\xc4\xaf\x82\x12\xdf\x17\xaeN\x1e'
11E8E149-CAE7-6EC4-AF82-12DF17AE4E1E,2021-ncaa-d1-natl,ncaa,322,4,341,163,341,340,340,339,325,341,340,322,340,338,316,141,339,338,308,338,227,339,341,320,327,282,157,148,206,339,117,340,210,340,206,340,150,2,10,67,340,183,334,37,,,3,43,,,171,341,24,114,150,146,3,157,28,141,44,203,122,89,4,11,9,40,9,142,27,131,21,,122,,,192,3,3,2,78,2,2,93,3,3,63,101,3,3,192,3,102,3,3,65,60,76,74,77,167,3,210,4,117,3,206,3,127,341,196,140,1,1,3,171,,,341,322,,,171,3,250,102,189,214,230,318,259,330,111,163,196,195,201,317,326,293,342,341,184,126,2,274,,229,,,b'\x11\xe8\xe1I\xca\xe7n\xc4\xaf\x82\x12\xdf\x17\xaeN\x1e'
11E8E149-CAE7-6EC4-AF82-12DF17AE4E1E,2022-ncaa-d0-natl,ncaa,326,345,163,333,202,227,228,152,325,269,214,305,136,91,265,84,215,227,141,225,199,167,188,296,301,255,84,99,175,264,329,258,304,271,351,221,187,86,98,165,217,238,161,170,,,108,71,,,349,164,101,275,247,266,125,291,229,125,76,220,235,235,160,191,276,305,325,234,96,217,157,,112,,,349,347,344,256,353,320,212,347,346,293,352,264,233,182,342,174,149,250,210,356,356,355,238,294,75,264,304,339,329,332,351,354,345,282,316,352,124,137,42,56,,,260,297,,,349,195,276,354,348,354,352,304,331,220,348,307,233,183,175,301,253,264,349,342,355,296,137,34,,292,,,b'\x11\xe8\xe1I\xca\xe7n\xc4\xaf\x82\x12\xdf\x17\xaeN\x1e'
11E8E149-CAE7-6EC4-AF82-12DF17AE4E1E,2022-ncaa-d1-conf-Mountain West,ncaa,11,11,7,11,7,9,10,7,11,10,9,9,8,5,10,3,8,6,10,6,6,8,8,9,9,10,5,5,6,8,9,11,11,11,11,11,7,8,9,10,5,5,4,3,,,5,6,,,11,7,5,8,11,11,10,10,9,8,5,9,5,5,10,6,9,10,11,11,8,5,4,,7,,,11,9,9,7,11,10,7,11,10,6,11,8,7,6,11,7,6,7,7,11,11,11,9,7,5,8,11,7,9,8,11,11,11,7,6,11,9,8,3,3,,,8,6,,,11,5,11,11,11,11,11,7,10,7,11,7,9,6,6,7,9,9,11,9,11,6,8,2,,7,,,b'\x11\xe8\xe1I\xca\xe7n\xc4\xaf\x82\x12\xdf\x17\xaeN\x1e'
11E8E149-CAE7-6EC4-AF82-12DF17AE4E1E,2022-ncaa-d1-natl,ncaa,327,344,146,335,196,226,235,154,330,272,214,315,141,97,267,93,212,229,148,227,196,169,190,303,303,261,84,101,164,263,333,259,303,283,351,237,188,99,108,179,223,249,170,180,,,104,72,,,348,164,116,275,264,285,149,305,234,131,87,218,233,233,174,198,281,302,331,249,107,228,174,,104,,,347,347,348,275,353,324,215,350,346,302,350,266,230,175,337,163,142,263,209,355,356,355,217,284,68,273,303,338,333,339,351,355,343,292,318,352,133,148,81,106,,,270,288,,,348,199,283,354,347,353,351,305,338,214,349,308,229,174,158,298,241,267,348,342,355,297,139,79,,288,,,b'\x11\xe8\xe1I\xca\xe7n\xc4\xaf\x82\x12\xdf\x17\xaeN\x1e'
11E8E149-CAE7-6EC4-AF82-12DF17AE4E1E,2023-ncaa-d0-natl,ncaa,325,347,116,338,146,247,239,193,285,202,117,307,277,289,224,298,192,151,281,154,205,183,132,291,290,313,247,265,108,122,139,293,218,230,229,348,360,323,313,353,44,26,317,289,,,348,360,,,321,146,183,240,299,296,270,236,132,290,302,209,163,166,247,168,134,336,288,355,309,38,327,,356,,,316,274,180,62,323,92,14,354,296,291,230,331,333,340,125,339,360,123,195,344,352,301,343,276,334,104,218,192,139,158,229,260,306,53,34,110,315,304,232,195,,,123,131,,,321,225,308,269,310,257,133,14,74,3,294,288,334,340,340,50,140,86,170,127,244,43,301,234,,141,,,b'\x11\xe8\xe1I\xca\xe7n\xc4\xaf\x82\x12\xdf\x17\xaeN\x1e'
11E8E149-CAE7-6EC4-AF82-12DF17AE4E1E,2023-ncaa-d1-conf-Mountain West,ncaa,9,9,3,9,5,9,9,8,9,8,3,10,10,11,5,11,7,4,10,4,7,6,3,9,10,10,9,10,4,2,2,10,10,6,8,9,11,11,11,11,1,2,10,10,,,11,11,,,10,4,4,6,9,9,9,8,2,11,11,7,5,5,8,3,2,10,6,11,11,2,11,,11,,,10,9,6,3,8,2,1,11,10,10,6,11,10,11,4,11,11,4,9,9,10,8,11,10,11,9,10,3,2,8,8,10,11,1,2,4,10,10,7,5,,,4,7,,,10,9,10,8,10,9,6,1,2,1,10,10,10,11,11,5,9,9,4,6,10,2,10,7,,5,,,b'\x11\xe8\xe1I\xca\xe7n\xc4\xaf\x82\x12\xdf\x17\xaeN\x1e'
11E8E149-CAE7-6EC4-AF82-12DF17AE4E1E,2023-ncaa-d1-natl,ncaa,337,346,151,343,188,289,280,249,297,234,147,320,293,308,231,299,211,170,281,173,202,239,182,300,298,321,246,264,105,144,150,328,231,280,245,354,360,317,317,355,56,28,326,295,,,347,360,,,327,206,188,228,314,308,278,249,140,298,305,210,166,170,256,179,144,344,300,358,312,45,332,,356,,,323,253,133,32,328,71,6,355,282,277,243,330,328,336,130,335,361,75,139,349,355,311,344,275,334,77,231,160,150,114,245,247,307,68,39,128,304,313,225,204,,,156,120,,,327,166,317,296,318,268,146,16,84,3,299,290,337,342,342,53,140,88,178,136,256,49,301,239,,141,,,b'\x11\xe8\xe1I\xca\xe7n\xc4\xaf\x82\x12\xdf\x17\xaeN\x1e'
11E8E149-CAE7-6EC4-AF82-12DF17AE4E1E,2024-ncaa-d0-natl,ncaa,319,331,196,331,241,269,249,281,182,290,305,188,140,172,104,76,334,341,145,344,314,309,242,153,174,288,116,62,319,190,90,290,171,268,128,194,88,351,357,304,153,103,194,112,,,263,341,,,305,252,244,263,289,267,313,311,312,134,157,338,348,349,335,235,174,309,284,180,354,133,193,,296,,,303,197,105,72,262,17,19,169,349,261,358,341,266,184,360,183,314,75,76,333,347,329,359,359,278,68,171,32,90,26,128,220,307,192,127,220,330,343,194,294,,,326,342,,,305,89,283,314,312,236,130,51,16,11,355,298,282,209,203,55,57,71,29,35,249,168,335,209,,332,,,b'\x11\xe8\xe1I\xca\xe7n\xc4\xaf\x82\x12\xdf\x17\xaeN\x1e'
11E8E149-CAE7-6EC4-AF82-12DF17AE4E1E,2024-ncaa-d1-conf-Mountain West,ncaa,10,10,6,10,9,10,10,10,6,10,10,5,7,7,4,3,9,9,7,9,9,10,8,5,5,10,4,1,9,5,1,9,8,7,2,7,3,11,11,10,7,5,6,5,,,9,10,,,10,10,8,8,10,10,10,10,10,6,6,9,9,9,10,7,3,9,6,7,11,5,6,,10,,,10,9,7,5,7,1,1,6,11,6,11,10,10,7,11,7,10,5,2,11,11,10,11,11,9,3,8,1,1,2,2,9,10,6,5,10,11,11,5,7,,,11,11,,,10,2,10,10,10,10,10,5,1,1,11,8,10,8,8,5,4,5,1,3,10,5,11,6,,11,,,b'\x11\xe8\xe1I\xca\xe7n\xc4\xaf\x82\x12\xdf\x17\xaeN\x1e'
11E8E149-CAE7-6EC4-AF82-12DF17AE4E1E,2024-ncaa-d1-natl,ncaa,322,333,194,332,238,260,240,285,164,281,304,177,131,164,93,78,336,343,145,345,317,312,245,133,153,267,127,66,329,181,89,277,158,257,113,170,89,351,358,292,124,78,186,102,,,261,330,,,289,254,236,264,274,246,304,292,301,125,150,340,346,351,329,219,172,293,260,156,353,110,176,,285,,,289,190,92,62,238,15,12,160,351,293,360,349,247,169,362,168,309,64,72,315,343,322,361,362,264,70,158,17,89,22,113,221,304,183,123,206,334,343,194,282,,,333,347,,,289,91,263,299,294,226,117,59,14,8,357,315,271,183,185,59,62,83,28,34,243,161,339,211,,336,,,b'\x11\xe8\xe1I\xca\xe7n\xc4\xaf\x82\x12\xdf\x17\xaeN\x1e'
11E8E149-CAE7-6EC4-AF82-12DF17AE4E1E,2025-ncaa-d0-natl,genius_ncaa,296,313,194,308,216,205,216,185,249,260,233,255,152,144,184,118,186,157,276,151,89,181,170,231,232,248,85,115,148,126,124,155,68,140,96,230,218,275,246,268,319,329,332,338,,,341,356,,143,312,181,101,192,198,223,151,262,224,132,105,173,126,122,147,104,98,115,93,225,281,322,335,,353,,149,310,306,202,159,253,189,169,219,234,186,297,133,359,353,340,353,354,230,170,264,326,353,322,151,353,62,68,183,124,135,96,201,182,322,342,323,175,172,186,243,,,167,183,,201,312,197,231,331,305,331,245,193,221,189,255,199,361,354,355,294,202,73,203,149,231,334,196,207,,144,,196,b'\x11\xe8\xe1I\xca\xe7n\xc4\xaf\x82\x12\xdf\x17\xaeN\x1e'
11E8E149-CAE7-6EC4-AF82-12DF17AE4E1E,2025-ncaa-d1-conf-Mountain West,genius_ncaa,10,10,7,10,9,10,10,8,10,9,8,11,8,5,9,5,6,6,7,6,4,8,1,10,9,10,4,4,4,1,1,8,6,6,5,10,10,11,11,11,9,10,11,11,,,11,11,,4,11,3,1,8,9,9,4,9,7,6,4,5,3,3,4,1,1,7,3,10,11,7,11,,11,,5,11,11,9,5,10,11,8,9,3,3,10,2,11,11,11,11,11,9,7,9,10,11,7,2,11,5,6,5,1,4,5,7,4,7,9,9,10,10,10,9,,,9,9,,5,11,10,10,10,11,11,10,8,11,8,6,4,11,11,11,11,10,6,7,7,9,6,11,10,,8,,5,b'\x11\xe8\xe1I\xca\xe7n\xc4\xaf\x82\x12\xdf\x17\xaeN\x1e'
11E8E149-CAE7-6EC4-AF82-12DF17AE4E1E,2025-ncaa-d1-natl,genius_ncaa,279,312,113,297,136,146,163,128,226,200,170,220,135,115,200,130,150,123,283,113,107,119,96,219,222,234,112,132,161,83,112,123,85,98,102,184,205,295,232,250,279,300,330,340,,,346,355,,157,300,110,75,212,171,186,123,230,188,143,108,162,120,117,111,81,85,126,84,198,274,291,337,,351,,145,293,330,240,214,245,223,211,210,264,212,298,129,362,355,336,355,355,278,237,257,319,342,322,154,353,110,85,235,112,185,102,222,178,257,298,272,205,159,214,218,,,128,191,,171,300,263,214,319,280,325,236,190,204,183,252,190,361,354,354,290,235,94,214,164,216,281,192,201,,130,,171,b'\x11\xe8\xe1I\xca\xe7n\xc4\xaf\x82\x12\xdf\x17\xaeN\x1e'
11E8E149-CAE7-6EC4-AF82-12DF17AE4E1E,2026-ncaa-d0-natl,genius_ncaa,332,329,206,332,216,291,303,233,352,313,281,322,229,120,340,50,214,231,163,230,123,236,224,341,339,331,59,109,71,192,237,186,324,196,299,297,217,234,277,319,274,307,75,43,,,115,83,,118,326,226,135,97,317,333,194,342,297,213,59,197,209,210,196,140,161,115,116,320,290,280,43,,143,,143,327,221,210,220,147,157,132,198,301,319,145,343,180,131,335,123,150,192,159,181,199,259,297,314,124,327,324,227,237,282,299,282,302,289,329,334,299,321,339,356,,,260,264,,157,326,132,332,313,329,303,288,351,226,204,344,358,218,157,149,342,315,352,327,345,322,300,322,351,,241,,140,b'\x11\xe8\xe1I\xca\xe7n\xc4\xaf\x82\x12\xdf\x17\xaeN\x1e'
11E8E149-CAE7-6EC4-AF82-12DF17AE4E1E,2026-ncaa-d1-natl,genius_ncaa,332,327,177,340,197,293,300,235,349,312,292,297,223,103,340,54,232,249,148,244,139,241,214,338,331,329,82,115,110,193,244,147,315,173,286,280,175,241,281,295,320,340,51,41,,,139,107,,152,322,210,152,100,308,323,198,330,300,207,54,228,241,238,210,159,179,75,105,297,287,333,29,,168,,160,322,231,224,253,123,170,180,162,304,316,152,319,157,145,219,140,142,241,192,165,149,253,272,301,116,339,315,247,244,302,286,275,279,319,341,333,295,318,331,354,,,247,256,,162,322,133,328,307,324,294,291,353,224,252,331,352,186,161,154,343,306,352,308,345,309,317,314,343,,239,,155,b'\x11\xe8\xe1I\xca\xe7n\xc4\xaf\x82\x12\xdf\x17\xaeN\x1e'
11E8E149-CB02-35A6-AF82-12DF17AE4E1E,2010-ncaa-d0-natl,ncaa,329,340,122,336,167,223,215,201,223,256,245,255,78,96,81,62,304,310,174,311,287,227,183,182,206,247,72,43,298,234,248,126,146,174,185,261,285,288,288,296,342,344,326,332,,,140,133,,,328,168,177,283,260,256,243,294,272,74,94,315,322,322,282,232,264,121,197,288,271,344,331,,124,,,321,321,323,280,281,311,274,287,251,236,239,187,237,176,330,175,117,274,179,282,288,341,135,168,127,188,146,180,248,183,185,233,59,336,344,335,320,317,255,300,,,233,249,,,328,181,254,341,323,321,326,314,318,291,253,242,233,172,170,304,170,175,177,187,224,341,312,255,,267,,,b'\x11\xe8\xe1I\xcb\x025\xa6\xaf\x82\x12\xdf\x17\xaeN\x1e'
11E8E149-CB02-35A6-AF82-12DF17AE4E1E,2010-ncaa-d1-conf-WCC,ncaa,7,7,1,7,2,6,4,4,6,6,4,6,2,3,2,3,7,7,7,7,7,4,3,5,6,7,4,2,7,3,6,3,5,3,4,4,5,8,8,6,7,8,7,8,,,8,6,,,7,3,4,5,7,7,8,7,7,3,3,8,8,8,8,6,7,3,4,5,8,8,7,,8,,,7,8,8,8,4,8,8,4,4,5,5,2,8,8,6,8,6,8,7,5,6,7,3,2,6,7,5,6,6,7,4,7,4,7,8,8,8,8,4,5,,,5,4,,,7,7,7,7,7,8,7,6,7,7,4,5,8,7,7,7,4,5,3,3,6,8,8,4,,7,,,b'\x11\xe8\xe1I\xcb\x025\xa6\xaf\x82\x12\xdf\x17\xaeN\x1e'
11E8E149-CB02-35A6-AF82-12DF17AE4E1E,2010-ncaa-d1-natl,ncaa,327,339,91,331,130,203,198,171,216,246,239,249,73,86,90,64,277,294,176,294,267,200,156,176,200,243,74,45,288,227,256,95,134,149,178,257,286,299,290,301,342,344,327,333,,,157,124,,,324,134,167,280,257,250,245,290,275,78,93,307,315,314,281,233,268,104,197,291,272,343,332,,120,,,319,331,327,299,271,320,290,286,257,254,219,191,232,175,328,175,99,297,215,274,280,339,130,166,110,200,134,219,256,213,178,252,66,332,343,331,321,317,249,286,,,189,224,,,324,216,252,338,320,318,324,313,315,289,244,243,211,156,153,300,171,170,182,188,226,339,311,240,,249,,,b'\x11\xe8\xe1I\xcb\x025\xa6\xaf\x82\x12\xdf\x17\xaeN\x1e'
11E8E149-CB02-35A6-AF82-12DF17AE4E1E,2011-ncaa-d0-natl,ncaa,229,242,170,242,206,199,248,270,196,284,316,146,98,78,188,40,113,138,95,143,11,255,220,156,126,180,27,71,51,211,180,212,241,217,204,210,108,254,283,246,301,309,233,266,,,106,117,,,271,220,193,177,196,260,282,296,321,87,58,88,114,118,262,223,211,200,219,193,268,305,242,,123,,,267,243,285,239,283,311,269,289,113,127,133,105,139,128,220,127,86,219,145,252,232,304,32,80,94,210,241,95,180,135,204,184,65,308,325,308,231,257,81,207,,,132,53,,,271,124,188,311,265,276,305,281,318,305,117,141,150,139,145,265,182,241,112,163,211,320,243,91,,89,,,b'\x11\xe8\xe1I\xcb\x025\xa6\xaf\x82\x12\xdf\x17\xaeN\x1e'
11E8E149-CB02-35A6-AF82-12DF17AE4E1E,2011-ncaa-d1-conf-WCC,ncaa,4,4,2,4,3,5,6,7,4,6,8,3,2,3,2,3,2,2,4,2,2,8,5,3,3,2,1,2,2,8,6,5,7,5,5,4,3,6,7,6,7,7,6,6,,,5,3,,,7,5,6,3,5,7,7,8,8,2,3,2,2,2,8,8,8,6,8,3,7,7,6,,4,,,7,5,6,5,7,8,7,7,3,3,5,1,4,4,4,4,3,5,4,5,3,7,1,2,2,8,7,3,6,5,5,5,2,6,7,6,6,7,5,5,,,2,2,,,7,4,3,7,7,6,6,5,8,7,3,2,3,4,4,5,4,7,4,4,3,7,6,5,,3,,,b'\x11\xe8\xe1I\xcb\x025\xa6\xaf\x82\x12\xdf\x17\xaeN\x1e'
11E8E149-CB02-35A6-AF82-12DF17AE4E1E,2011-ncaa-d1-natl,ncaa,242,240,199,247,238,220,267,294,203,300,326,151,112,82,185,38,122,150,93,155,11,277,254,159,129,183,25,70,51,231,183,235,242,235,208,223,111,244,285,247,310,313,242,267,,,86,120,,,274,255,200,168,203,267,286,298,323,88,60,90,117,119,268,228,214,203,223,197,269,308,245,,123,,,271,230,273,219,285,307,257,290,101,112,133,106,133,116,218,117,86,196,109,257,238,312,30,79,92,199,242,72,183,109,208,179,70,317,326,313,219,259,74,215,,,147,49,,,274,92,192,316,270,280,308,283,323,309,118,141,153,142,146,264,179,244,113,166,213,321,247,95,,88,,,b'\x11\xe8\xe1I\xcb\x025\xa6\xaf\x82\x12\xdf\x17\xaeN\x1e'
11E8E149-CB02-35A6-AF82-12DF17AE4E1E,2012-ncaa-d0-natl,ncaa,221,228,163,229,218,122,121,170,77,223,281,97,16,31,19,22,286,289,191,296,216,194,204,34,51,55,30,15,329,237,247,261,306,262,305,129,166,105,141,113,296,310,273,294,,,226,247,,,235,188,148,252,88,90,137,234,288,9,24,290,289,299,176,212,235,272,273,97,140,298,269,,268,,,233,299,300,224,302,291,247,266,253,156,332,116,252,223,281,228,178,229,185,304,308,324,168,182,153,268,306,180,247,232,305,222,87,262,295,281,145,172,164,252,,,210,186,,,235,157,84,331,227,315,311,276,301,288,262,180,274,247,253,285,232,290,224,279,237,270,157,178,,193,,,b'\x11\xe8\xe1I\xcb\x025\xa6\xaf\x82\x12\xdf\x17\xaeN\x1e'
11E8E149-CB02-35A6-AF82-12DF17AE4E1E,2012-ncaa-d1-conf-WCC,ncaa,6,6,8,6,8,9,6,8,6,9,9,4,2,1,5,1,9,9,9,9,8,9,9,5,6,6,1,1,9,8,8,7,8,8,8,4,3,6,7,4,8,8,8,8,,,6,9,,,7,9,7,3,7,5,7,9,9,1,1,9,9,9,9,9,8,5,7,3,7,8,8,,8,,,7,6,6,4,5,7,7,5,2,1,5,1,8,7,8,7,7,6,2,5,5,6,2,1,8,8,8,7,8,8,8,4,3,8,8,6,4,6,5,9,,,9,6,,,7,1,7,7,7,6,6,7,7,9,3,2,9,9,9,9,7,8,7,8,4,7,6,8,,8,,,b'\x11\xe8\xe1I\xcb\x025\xa6\xaf\x82\x12\xdf\x17\xaeN\x1e'
11E8E149-CB02-35A6-AF82-12DF17AE4E1E,2012-ncaa-d1-natl,ncaa,234,227,196,238,260,141,140,204,80,253,299,101,16,38,17,20,297,299,192,305,215,221,245,34,52,59,27,15,329,253,252,284,308,289,310,147,170,92,143,116,313,317,285,297,,,213,251,,,244,224,152,251,98,96,142,243,291,9,25,292,292,299,183,214,237,277,278,106,140,300,275,,267,,,244,291,288,203,304,280,232,270,239,140,332,117,242,210,283,214,179,206,152,307,313,326,165,180,150,258,308,157,252,209,310,210,90,278,302,286,128,175,154,254,,,235,187,,,244,125,85,333,240,317,315,278,303,288,261,180,275,249,254,286,231,295,225,278,239,274,160,178,,193,,,b'\x11\xe8\xe1I\xcb\x025\xa6\xaf\x82\x12\xdf\x17\xaeN\x1e'
11E8E149-CB02-35A6-AF82-12DF17AE4E1E,2013-ncaa-d0-natl,ncaa,177,166,183,180,236,209,193,224,142,208,240,163,140,170,102,126,278,274,210,271,238,238,195,135,152,214,162,110,271,233,186,184,220,212,182,127,63,282,301,193,194,204,108,113,,,229,249,,,232,185,122,267,213,179,215,206,236,125,148,281,273,273,240,176,224,153,188,87,293,187,96,,262,,,231,198,206,192,203,214,219,153,188,128,301,111,152,185,65,179,154,193,175,201,186,198,148,183,151,222,220,102,186,141,182,165,126,193,202,181,269,278,139,171,,,266,280,,,232,165,222,209,225,229,237,237,235,280,204,153,184,216,214,239,220,241,130,181,191,172,284,155,,261,,,b'\x11\xe8\xe1I\xcb\x025\xa6\xaf\x82\x12\xdf\x17\xaeN\x1e'
11E8E149-CB02-35A6-AF82-12DF17AE4E1E,2013-ncaa-d1-conf-WCC,ncaa,6,5,8,6,8,8,8,9,7,8,9,6,5,5,6,3,8,8,6,8,4,9,9,7,7,8,6,3,6,8,5,8,8,8,6,6,2,8,9,6,8,6,3,3,,,4,7,,,7,9,7,5,8,8,8,8,8,5,5,7,8,8,9,8,7,7,7,5,9,6,2,,7,,,7,2,3,4,5,5,6,4,4,3,6,4,1,1,4,1,2,2,1,4,5,5,1,4,3,7,8,2,5,4,6,3,4,8,7,5,4,6,2,4,,,8,7,,,7,1,8,7,7,5,7,8,7,8,4,4,3,3,3,7,5,7,5,5,5,6,5,3,,8,,,b'\x11\xe8\xe1I\xcb\x025\xa6\xaf\x82\x12\xdf\x17\xaeN\x1e'
11E8E149-CB02-35A6-AF82-12DF17AE4E1E,2013-ncaa-d1-natl,ncaa,186,165,210,186,274,229,213,248,148,224,260,169,149,178,99,124,285,285,210,277,234,260,227,136,156,215,156,108,271,246,188,203,222,233,187,137,64,272,301,199,206,214,112,114,,,216,254,,,241,212,124,267,219,190,219,208,238,125,147,281,275,270,247,181,230,159,192,88,293,193,96,,263,,,240,180,189,176,207,198,205,157,177,117,304,108,144,171,70,168,156,172,150,205,193,205,149,180,147,210,222,77,188,113,187,157,128,206,204,186,257,279,136,178,,,276,278,,,241,140,228,221,238,235,241,238,243,281,206,150,188,217,217,242,219,243,132,185,195,179,284,160,,260,,,b'\x11\xe8\xe1I\xcb\x025\xa6\xaf\x82\x12\xdf\x17\xaeN\x1e'
11E8E149-CB02-35A6-AF82-12DF17AE4E1E,2014-ncaa-d0-natl,ncaa,273,263,254,275,255,226,246,298,100,197,245,81,255,255,244,203,138,202,16,195,122,290,244,132,88,194,202,255,60,310,266,201,285,267,243,193,103,310,336,269,286,305,245,269,,,297,319,,,293,199,92,15,178,205,281,147,211,247,228,78,161,160,266,158,295,110,228,142,335,264,231,,339,,,295,246,178,185,165,239,243,155,75,85,118,53,336,330,277,331,294,233,185,140,205,278,171,41,324,283,285,53,266,145,243,76,37,299,317,215,324,340,33,58,,,237,185,,,293,146,247,305,291,312,271,315,293,329,104,107,343,336,336,330,306,330,118,250,136,273,339,47,,182,,,b'\x11\xe8\xe1I\xcb\x025\xa6\xaf\x82\x12\xdf\x17\xaeN\x1e'
11E8E149-CB02-35A6-AF82-12DF17AE4E1E,2014-ncaa-d1-conf-WCC,ncaa,8,7,7,8,7,8,8,10,4,8,9,4,7,9,5,4,6,8,2,7,6,10,9,5,4,9,5,5,4,9,8,7,10,9,8,6,4,10,10,10,8,8,7,7,,,9,9,,,9,8,3,1,8,8,9,8,8,7,7,5,8,7,10,7,9,4,9,6,10,8,6,,9,,,9,6,5,6,5,7,9,5,3,4,4,3,9,10,2,9,8,8,5,5,5,7,3,3,8,10,10,1,8,7,8,3,2,10,10,4,9,10,2,2,,,9,8,,,9,3,9,7,9,7,7,10,9,10,3,4,9,10,9,10,10,10,4,8,4,8,10,2,,8,,,b'\x11\xe8\xe1I\xcb\x025\xa6\xaf\x82\x12\xdf\x17\xaeN\x1e'
11E8E149-CB02-35A6-AF82-12DF17AE4E1E,2014-ncaa-d1-natl,ncaa,270,262,211,273,214,215,236,296,109,191,235,88,246,249,228,203,125,193,19,192,128,281,226,141,94,195,192,244,64,312,273,178,274,255,241,183,100,317,335,270,283,307,248,274,,,303,315,,,295,179,91,17,186,205,279,156,213,239,223,83,168,166,266,161,297,95,221,145,334,266,237,,336,,,293,262,194,209,162,244,272,146,85,95,120,58,336,325,300,326,292,254,199,131,200,275,180,47,327,283,274,76,273,165,241,89,40,293,317,219,333,340,37,60,,,217,181,,,295,170,255,304,289,311,267,312,288,325,104,114,343,336,335,329,301,319,128,243,128,275,340,48,,181,,,b'\x11\xe8\xe1I\xcb\x025\xa6\xaf\x82\x12\xdf\x17\xaeN\x1e'
11E8E149-CB02-35A6-AF82-12DF17AE4E1E,2015-ncaa-d0-natl,ncaa,253,238,283,252,284,236,233,223,218,178,143,237,270,275,218,266,163,176,113,171,209,219,222,248,227,227,252,265,90,137,69,260,168,208,99,213,164,152,199,196,272,253,137,94,,,336,348,,,236,260,163,2,152,153,93,93,48,251,251,100,112,106,88,61,62,171,93,146,238,237,98,,348,,,241,143,37,35,160,33,55,80,142,68,330,100,344,345,265,343,348,91,78,165,262,273,336,141,348,89,168,50,69,51,99,124,277,234,217,199,64,98,164,160,,,156,97,,,236,83,203,264,244,285,108,92,92,133,212,123,347,347,347,260,247,174,146,166,192,189,134,222,,41,,,b'\x11\xe8\xe1I\xcb\x025\xa6\xaf\x82\x12\xdf\x17\xaeN\x1e'
11E8E149-CB02-35A6-AF82-12DF17AE4E1E,2015-ncaa-d1-conf-WCC,ncaa,7,7,3,7,3,7,7,1,10,2,1,9,8,8,10,8,7,7,8,6,10,1,1,10,10,10,10,8,7,2,4,6,5,4,4,7,8,8,6,8,7,5,3,3,,,10,10,,,7,3,5,2,10,8,2,2,1,8,8,9,9,8,2,1,2,6,4,8,7,6,3,,10,,,7,5,4,3,5,2,4,5,5,4,7,4,10,10,3,10,10,7,7,4,6,6,9,4,10,6,5,6,4,5,4,3,8,3,4,4,4,3,8,6,,,3,3,,,7,7,10,6,7,5,3,1,2,3,5,4,10,10,10,5,6,6,7,7,5,4,5,9,,2,,,b'\x11\xe8\xe1I\xcb\x025\xa6\xaf\x82\x12\xdf\x17\xaeN\x1e'
11E8E149-CB02-35A6-AF82-12DF17AE4E1E,2015-ncaa-d1-natl,ncaa,256,238,298,255,298,219,215,226,197,154,128,218,278,284,217,278,151,175,99,168,213,211,208,235,218,220,269,278,94,116,59,250,172,194,88,194,164,173,205,202,257,246,139,102,,,338,348,,,224,242,156,1,144,142,90,74,46,260,262,98,114,109,89,55,60,173,98,136,252,232,111,,348,,,227,148,39,31,147,37,58,87,133,74,304,105,345,345,270,345,348,90,85,156,261,249,336,134,348,98,172,39,59,44,88,118,272,223,190,179,78,100,162,145,,,148,107,,,224,97,200,250,232,276,100,83,86,123,196,127,348,347,347,248,247,178,125,140,189,161,142,210,,42,,,b'\x11\xe8\xe1I\xcb\x025\xa6\xaf\x82\x12\xdf\x17\xaeN\x1e'
11E8E149-CB02-35A6-AF82-12DF17AE4E1E,2016-ncaa-d0-natl,ncaa,78,43,175,60,221,184,214,229,199,144,124,215,323,315,284,324,25,17,194,18,28,171,112,257,204,263,238,326,4,60,16,234,111,139,42,186,110,345,331,295,6,1,131,50,,,322,341,,,104,138,73,269,168,233,236,114,97,323,323,7,5,6,155,40,30,249,109,177,344,3,130,,329,,,103,56,11,22,52,3,3,94,213,257,118,330,313,313,199,310,349,40,161,97,172,34,348,303,345,53,111,29,16,27,42,148,339,14,2,28,341,321,102,74,,,51,46,,,104,194,223,25,112,65,11,11,4,2,231,274,312,313,313,30,191,65,43,39,166,5,339,115,,12,,,b'\x11\xe8\xe1I\xcb\x025\xa6\xaf\x82\x12\xdf\x17\xaeN\x1e'
11E8E149-CB02-35A6-AF82-12DF17AE4E1E,2016-ncaa-d1-conf-WCC,ncaa,3,3,3,3,5,6,7,5,6,3,1,7,9,8,8,10,4,3,10,3,4,5,3,10,9,9,9,9,1,1,2,6,4,3,3,6,6,10,9,8,1,1,2,1,,,9,10,,,4,6,6,7,7,8,4,3,2,9,9,3,1,1,4,3,1,8,3,6,9,1,2,,9,,,4,3,1,2,1,1,1,3,5,9,2,10,6,7,6,6,10,3,4,1,4,1,10,8,10,2,4,4,2,3,3,3,10,1,1,1,6,6,4,2,,,3,4,,,4,4,7,1,5,1,1,1,1,1,5,8,7,7,7,1,3,2,3,3,4,1,7,5,,2,,,b'\x11\xe8\xe1I\xcb\x025\xa6\xaf\x82\x12\xdf\x17\xaeN\x1e'
11E8E149-CB02-35A6-AF82-12DF17AE4E1E,2016-ncaa-d1-natl,ncaa,62,43,99,54,131,134,155,159,168,94,66,195,303,297,274,318,16,10,182,10,39,112,52,238,180,241,246,324,6,28,8,173,88,75,29,134,109,345,322,274,4,1,123,47,,,334,339,,,78,79,76,280,139,185,200,98,84,312,311,11,10,10,129,33,17,223,74,139,344,2,131,,328,,,75,84,14,33,39,4,3,74,233,276,117,326,323,322,197,322,349,82,226,79,151,29,348,300,345,70,88,41,8,40,29,161,337,11,3,26,344,309,112,70,,,29,57,,,78,258,194,21,89,53,9,11,4,2,223,264,308,312,311,29,185,55,37,35,150,6,332,105,,17,,,b'\x11\xe8\xe1I\xcb\x025\xa6\xaf\x82\x12\xdf\x17\xaeN\x1e'
11E8E149-CB02-35A6-AF82-12DF17AE4E1E,2017-ncaa-d0-natl,ncaa,197,184,234,205,240,249,287,298,244,314,331,174,146,118,233,51,135,164,111,154,19,283,246,200,167,237,28,83,46,219,155,260,136,253,150,175,24,288,319,239,117,70,158,92,,,177,260,,,172,256,216,42,234,288,293,315,330,121,78,98,115,109,270,197,187,229,226,137,306,86,126,,236,,,173,47,24,38,87,18,29,110,136,174,118,278,211,128,348,130,250,42,69,100,161,98,305,236,297,57,136,59,155,48,150,149,321,114,45,118,267,296,50,177,,,135,50,,,172,89,236,83,174,88,51,55,41,39,180,215,254,169,175,59,120,103,118,99,194,61,287,71,,64,,,b'\x11\xe8\xe1I\xcb\x025\xa6\xaf\x82\x12\xdf\x17\xaeN\x1e'
11E8E149-CB02-35A6-AF82-12DF17AE4E1E,2017-ncaa-d1-conf-WCC,ncaa,5,5,7,5,7,9,10,10,7,10,10,5,5,3,9,1,7,7,9,7,1,10,9,6,6,9,1,2,4,5,3,9,7,9,6,7,4,9,10,9,3,2,6,4,,,3,6,,,4,10,9,2,9,10,10,10,10,3,2,7,6,6,10,7,4,7,7,7,9,2,5,,6,,,4,1,1,1,3,2,1,3,3,5,2,9,3,3,9,3,6,1,1,3,3,1,8,7,6,2,7,2,3,2,6,3,8,1,1,1,9,9,3,8,,,7,4,,,4,1,8,1,4,1,2,1,2,1,4,6,4,4,4,1,2,4,5,4,3,1,9,4,,5,,,b'\x11\xe8\xe1I\xcb\x025\xa6\xaf\x82\x12\xdf\x17\xaeN\x1e'
11E8E149-CB02-35A6-AF82-12DF17AE4E1E,2017-ncaa-d1-natl,ncaa,194,181,217,195,229,248,287,304,229,307,333,170,147,115,229,57,139,171,110,160,23,289,249,185,160,228,37,91,59,207,153,252,133,245,145,160,22,289,315,231,113,68,141,82,,,184,247,,,161,252,217,41,226,275,295,301,325,118,81,109,129,118,270,196,187,218,215,125,304,86,119,,227,,,161,41,21,32,68,21,21,101,142,190,85,286,214,127,348,131,247,29,69,90,143,83,305,240,296,58,133,60,153,40,145,139,316,107,51,118,268,296,49,165,,,138,62,,,161,88,229,71,165,79,42,57,35,35,179,224,245,163,170,62,120,109,113,97,184,69,285,69,,72,,,b'\x11\xe8\xe1I\xcb\x025\xa6\xaf\x82\x12\xdf\x17\xaeN\x1e'
11E8E149-CB02-35A6-AF82-12DF17AE4E1E,2018-ncaa-d0-natl,ncaa,277,280,242,281,267,341,341,335,334,338,321,319,293,240,323,124,302,296,259,293,147,334,327,329,329,332,138,159,99,284,211,334,272,335,259,278,24,220,317,277,102,39,192,104,,,43,182,,,277,327,336,185,348,348,342,340,319,279,213,296,284,281,345,334,273,341,341,270,268,66,174,,91,,,278,17,31,23,199,27,15,237,135,120,185,294,8,11,67,11,112,14,20,225,188,114,193,271,56,68,272,43,211,41,259,297,348,170,59,256,193,300,39,162,,,295,179,,,277,20,336,119,292,45,57,24,49,17,167,160,16,28,28,14,18,112,74,76,333,125,236,66,,284,,,b'\x11\xe8\xe1I\xcb\x025\xa6\xaf\x82\x12\xdf\x17\xaeN\x1e'
11E8E149-CB02-35A6-AF82-12DF17AE4E1E,2018-ncaa-d1-conf-WCC,ncaa,9,8,6,9,7,10,10,10,10,10,10,10,6,3,10,1,10,10,8,10,7,10,10,10,10,10,1,1,8,8,7,10,7,10,8,10,2,8,8,10,4,3,6,3,,,1,3,,,9,10,10,5,10,10,10,10,10,6,3,10,10,10,10,10,8,10,10,10,8,4,6,,1,,,9,1,2,1,7,2,1,8,9,4,8,10,1,1,3,1,4,1,1,8,7,5,6,10,1,2,7,2,7,2,8,9,10,6,2,8,6,8,3,8,,,10,10,,,9,1,10,6,9,2,3,1,2,1,9,6,1,1,1,1,1,3,4,4,10,5,7,3,,10,,,b'\x11\xe8\xe1I\xcb\x025\xa6\xaf\x82\x12\xdf\x17\xaeN\x1e'
11E8E149-CB02-35A6-AF82-12DF17AE4E1E,2018-ncaa-d1-natl,ncaa,276,278,213,279,272,341,342,336,327,335,320,311,288,235,317,126,292,285,265,277,136,338,336,322,319,324,151,164,102,279,197,333,254,334,237,258,25,226,311,264,104,48,194,118,,,42,179,,,273,338,332,187,345,346,342,336,314,272,210,290,270,262,339,328,262,337,334,259,263,81,177,,91,,,272,15,33,17,182,26,15,209,143,124,193,290,10,16,80,15,106,7,13,209,170,111,197,268,61,71,254,38,197,32,237,315,348,179,78,274,201,300,38,146,,,284,171,,,273,11,328,121,281,51,64,30,52,19,178,166,19,30,28,18,22,107,72,73,333,144,233,60,,266,,,b'\x11\xe8\xe1I\xcb\x025\xa6\xaf\x82\x12\xdf\x17\xaeN\x1e'
11E8E149-CB02-35A6-AF82-12DF17AE4E1E,2019-ncaa-d0-natl,ncaa,200,209,173,212,175,206,178,198,167,215,264,99,118,94,233,56,305,326,75,331,317,237,254,145,156,162,156,92,313,289,293,221,270,267,293,129,71,133,177,112,149,135,72,101,,,85,83,,,248,224,266,10,197,159,174,221,275,103,68,312,327,331,238,266,299,221,284,101,149,137,63,,93,,,245,216,239,198,245,254,258,169,167,79,329,61,123,115,204,117,74,185,155,242,225,260,93,147,98,256,270,199,293,227,293,351,351,249,247,347,148,197,122,191,,,319,315,,,248,130,201,278,245,244,269,249,278,302,183,85,141,128,129,230,194,268,221,258,351,239,165,131,,331,,,b'\x11\xe8\xe1I\xcb\x025\xa6\xaf\x82\x12\xdf\x17\xaeN\x1e'
11E8E149-CB02-35A6-AF82-12DF17AE4E1E,2019-ncaa-d1-conf-WCC,ncaa,7,7,3,7,4,7,6,7,4,9,9,5,3,2,6,2,9,9,4,9,6,8,8,4,5,7,2,1,10,9,9,5,9,8,9,6,4,7,7,6,4,4,3,2,,,6,5,,,7,6,10,2,7,7,7,10,10,3,2,9,9,9,9,9,9,6,10,5,6,4,3,,6,,,7,5,5,7,5,4,7,4,8,4,8,4,8,7,9,7,7,7,6,5,5,5,7,7,8,10,9,7,9,8,9,10,10,5,7,10,6,7,4,8,,,10,9,,,7,5,7,6,7,5,5,8,4,7,8,5,9,6,7,8,8,10,7,9,10,7,6,5,,9,,,b'\x11\xe8\xe1I\xcb\x025\xa6\xaf\x82\x12\xdf\x17\xaeN\x1e'
11E8E149-CB02-35A6-AF82-12DF17AE4E1E,2019-ncaa-d1-natl,ncaa,201,209,155,211,160,202,174,191,148,208,270,78,116,92,225,60,290,316,86,321,305,242,249,124,137,144,155,95,308,293,294,213,259,267,280,112,69,133,174,105,145,123,75,108,,,101,103,,,227,218,260,11,187,155,182,206,276,104,76,304,322,323,241,264,299,216,280,93,152,134,71,,108,,,226,209,229,206,237,248,261,168,155,77,311,62,140,126,239,126,89,193,148,229,223,243,95,128,124,252,259,190,294,216,280,350,351,250,238,347,147,186,120,191,,,306,309,,,227,130,182,266,229,228,254,236,268,299,167,87,156,140,139,226,185,270,205,242,351,236,163,133,,322,,,b'\x11\xe8\xe1I\xcb\x025\xa6\xaf\x82\x12\xdf\x17\xaeN\x1e'
11E8E149-CB02-35A6-AF82-12DF17AE4E1E,2020-ncaa-d0-natl,ncaa,239,258,87,256,88,112,104,90,146,161,169,153,73,80,98,98,229,270,76,264,264,121,177,120,133,99,116,88,283,234,273,108,84,164,192,88,122,52,46,62,266,281,165,199,,,150,142,,,214,147,201,8,122,111,94,178,193,77,86,243,289,285,124,213,257,124,198,93,40,276,175,,148,,,214,288,287,267,243,301,283,250,160,162,148,100,270,248,281,251,168,274,201,220,236,308,108,91,214,103,84,282,273,221,192,312,276,314,327,342,194,178,94,94,,,206,206,,,214,218,121,284,200,279,281,265,303,282,148,151,256,232,233,275,169,92,258,194,300,329,178,88,,221,,,b'\x11\xe8\xe1I\xcb\x025\xa6\xaf\x82\x12\xdf\x17\xaeN\x1e'
11E8E149-CB02-35A6-AF82-12DF17AE4E1E,2020-ncaa-d1-conf-WCC,ncaa,8,8,3,8,3,5,3,2,8,5,5,8,2,2,4,3,7,7,4,7,7,3,4,5,5,4,2,2,7,7,9,3,2,4,8,3,3,3,2,2,7,8,5,6,,,5,5,,,7,4,5,1,5,4,2,8,8,2,2,7,7,7,3,4,6,3,5,4,2,8,5,,5,,,7,9,9,7,9,8,7,9,6,6,7,4,9,8,7,8,8,7,6,8,9,10,5,3,8,4,2,9,9,9,8,10,9,8,8,9,5,2,3,3,,,4,7,,,7,7,5,7,7,8,8,8,8,8,5,5,9,9,9,8,5,3,10,7,10,8,3,3,,6,,,b'\x11\xe8\xe1I\xcb\x025\xa6\xaf\x82\x12\xdf\x17\xaeN\x1e'
11E8E149-CB02-35A6-AF82-12DF17AE4E1E,2020-ncaa-d1-natl,ncaa,257,257,128,265,130,141,135,122,155,188,203,164,81,92,104,99,244,285,76,279,261,159,225,127,139,103,112,89,279,261,280,140,89,212,202,106,125,39,46,68,285,287,179,204,,,130,145,,,226,186,206,8,131,122,103,193,201,84,86,245,289,287,133,220,265,129,210,100,40,284,175,,152,,,227,274,276,242,255,291,266,253,141,144,153,98,256,231,289,232,171,253,149,227,245,314,104,83,216,94,89,264,280,194,202,306,278,328,329,343,170,185,88,101,,,234,202,,,226,177,127,292,215,289,285,267,308,284,150,150,259,235,236,277,168,96,264,197,308,331,181,88,,218,,,b'\x11\xe8\xe1I\xcb\x025\xa6\xaf\x82\x12\xdf\x17\xaeN\x1e'
11E8E149-CB02-35A6-AF82-12DF17AE4E1E,2021-ncaa-d0-natl,ncaa,90,165,59,131,80,106,111,126,99,124,139,132,69,93,56,118,85,120,38,119,119,125,106,84,71,116,83,99,130,130,146,147,156,146,142,123,218,303,261,233,37,43,252,287,,,249,199,,,151,101,213,224,147,180,273,227,265,101,155,123,197,203,261,242,227,286,291,214,236,56,302,,166,,,151,264,269,234,279,248,210,287,275,257,249,254,174,148,293,145,105,220,234,295,289,234,188,235,83,186,156,188,146,188,142,333,333,52,76,248,308,281,251,233,,,64,71,,,151,245,131,199,151,165,187,86,157,64,219,191,86,62,58,60,91,67,46,39,317,96,262,183,,113,,,b'\x11\xe8\xe1I\xcb\x025\xa6\xaf\x82\x12\xdf\x17\xaeN\x1e'
11E8E149-CB02-35A6-AF82-12DF17AE4E1E,2021-ncaa-d1-conf-WCC,ncaa,4,5,3,5,5,5,8,7,5,9,8,5,3,3,2,4,3,3,3,3,1,6,5,4,3,4,1,3,3,9,8,8,5,7,6,8,9,6,8,8,5,5,6,7,,,8,8,,,7,5,6,5,6,7,9,9,8,3,4,2,2,2,8,8,8,7,7,9,7,5,6,,8,,,6,7,6,5,8,4,4,7,10,7,9,9,8,8,7,8,6,5,5,9,9,8,9,9,4,5,5,5,8,5,6,9,9,5,5,9,6,5,8,9,,,3,2,,,7,6,5,7,6,7,7,5,4,4,10,7,6,5,5,4,3,3,4,4,9,4,4,7,,2,,,b'\x11\xe8\xe1I\xcb\x025\xa6\xaf\x82\x12\xdf\x17\xaeN\x1e'
11E8E149-CB02-35A6-AF82-12DF17AE4E1E,2021-ncaa-d1-natl,ncaa,98,165,70,134,93,114,121,138,102,138,153,135,77,106,56,119,95,133,38,131,119,141,124,86,73,120,81,97,124,148,151,166,163,162,147,140,219,298,267,242,46,48,262,291,,,238,207,,,162,120,218,225,154,184,281,234,269,102,160,124,198,204,266,247,232,290,297,219,238,58,305,,164,,,162,249,265,214,282,242,198,293,270,247,251,254,166,138,296,135,106,199,218,295,292,243,184,232,79,173,163,173,151,172,147,331,334,62,81,256,298,283,245,237,,,74,73,,,162,230,136,216,160,176,196,86,166,65,226,191,89,61,59,61,90,71,45,40,318,101,263,186,,113,,,b'\x11\xe8\xe1I\xcb\x025\xa6\xaf\x82\x12\xdf\x17\xaeN\x1e'
11E8E149-CB02-35A6-AF82-12DF17AE4E1E,2022-ncaa-d0-natl,ncaa,174,180,163,185,173,115,152,169,133,213,244,152,68,93,57,96,52,99,12,101,40,163,168,101,62,76,35,88,60,184,167,176,11,192,78,131,112,168,156,130,272,270,265,288,,,259,295,,,202,168,127,104,80,142,177,234,262,60,80,35,79,85,149,149,183,182,180,125,172,282,283,,260,,,202,286,286,154,345,286,171,335,220,154,314,148,245,227,295,226,226,168,135,345,344,351,130,150,174,6,11,135,167,52,78,329,319,270,270,337,244,238,83,126,,,46,11,,,202,195,80,314,199,304,302,141,299,175,226,144,244,232,229,165,109,2,122,26,333,284,240,75,,18,,,b'\x11\xe8\xe1I\xcb\x025\xa6\xaf\x82\x12\xdf\x17\xaeN\x1e'
11E8E149-CB02-35A6-AF82-12DF17AE4E1E,2022-ncaa-d1-conf-WCC,ncaa,4,7,1,5,1,1,3,1,6,4,1,6,1,2,3,2,1,1,1,1,2,1,1,6,6,4,1,2,2,4,6,3,1,2,4,4,7,8,4,5,6,8,5,6,,,9,8,,,6,1,5,2,5,6,5,10,9,2,2,1,5,5,4,5,5,6,4,7,4,8,5,,6,,,6,10,10,9,10,10,9,8,8,7,10,3,9,9,8,9,7,9,9,10,9,10,3,5,4,1,1,8,6,7,4,10,7,8,8,10,8,5,4,3,,,1,1,,,6,10,3,9,7,8,8,5,10,6,7,3,6,6,6,6,2,1,6,3,8,9,4,2,,1,,,b'\x11\xe8\xe1I\xcb\x025\xa6\xaf\x82\x12\xdf\x17\xaeN\x1e'
11E8E149-CB02-35A6-AF82-12DF17AE4E1E,2022-ncaa-d1-natl,ncaa,157,180,100,179,114,83,119,131,107,178,198,117,62,71,59,91,42,85,12,88,54,120,122,83,53,64,45,96,72,144,144,154,14,150,70,91,94,191,142,109,240,246,253,272,,,275,277,,,170,122,139,122,72,124,166,202,256,63,80,44,102,104,147,156,171,190,179,87,158,259,276,,246,,,174,308,301,191,344,290,185,333,266,201,314,181,245,222,288,221,217,199,184,344,344,339,153,175,144,9,14,157,144,61,70,337,323,213,222,329,270,234,74,85,,,43,28,,,170,238,65,295,167,289,289,135,269,143,241,162,222,201,198,145,105,6,96,23,331,246,235,50,,38,,,b'\x11\xe8\xe1I\xcb\x025\xa6\xaf\x82\x12\xdf\x17\xaeN\x1e'
11E8E149-CB02-35A6-AF82-12DF17AE4E1E,2023-ncaa-d0-natl,ncaa,195,203,164,209,175,108,106,141,72,140,248,24,96,74,178,66,190,245,19,254,208,160,230,62,54,36,138,112,258,289,284,242,298,280,298,120,164,19,39,38,294,315,175,208,,,148,142,,,152,204,212,58,72,65,104,115,252,81,60,175,250,255,139,248,303,265,305,94,24,299,172,,157,,,152,251,261,223,250,275,247,210,177,140,257,121,215,159,343,161,117,207,177,242,256,296,118,151,175,279,298,169,284,219,298,289,264,258,274,315,15,25,101,142,,,170,89,,,152,155,57,311,155,277,280,273,290,291,193,148,229,177,180,263,211,291,202,253,302,249,18,108,,151,,,b'\x11\xe8\xe1I\xcb\x025\xa6\xaf\x82\x12\xdf\x17\xaeN\x1e'
11E8E149-CB02-35A6-AF82-12DF17AE4E1E,2023-ncaa-d1-conf-WCC,ncaa,8,7,7,8,8,5,5,7,4,6,8,2,6,2,9,1,4,7,1,7,3,8,9,4,3,3,7,6,5,10,10,8,8,9,10,5,5,2,2,2,9,9,6,6,,,2,3,,,6,7,5,2,4,4,3,3,8,6,2,4,6,5,5,7,10,7,9,4,2,8,6,,4,,,6,8,8,4,9,8,5,9,6,5,7,4,7,6,7,7,6,6,4,9,10,10,5,4,8,8,8,7,10,8,10,8,8,8,6,8,3,3,6,7,,,6,5,,,6,3,3,9,6,10,10,9,10,9,7,5,8,7,8,9,8,9,9,9,9,6,3,6,,5,,,b'\x11\xe8\xe1I\xcb\x025\xa6\xaf\x82\x12\xdf\x17\xaeN\x1e'
11E8E149-CB02-35A6-AF82-12DF17AE4E1E,2023-ncaa-d1-natl,ncaa,185,203,103,203,109,77,72,91,82,108,210,31,69,49,169,58,184,238,22,246,248,112,154,66,63,37,133,99,294,232,254,171,268,193,263,85,157,29,33,34,271,311,152,187,,,174,141,,,116,132,203,68,64,58,79,112,240,70,50,206,274,280,118,221,258,208,257,86,25,299,162,,153,,,117,277,280,275,193,290,293,178,177,174,183,125,236,182,339,186,110,268,246,182,197,245,109,133,188,289,268,224,254,265,263,295,257,216,265,297,23,26,121,137,,,145,134,,,116,226,55,272,120,243,258,272,267,292,158,154,218,164,167,260,209,276,200,236,278,240,20,111,,164,,,b'\x11\xe8\xe1I\xcb\x025\xa6\xaf\x82\x12\xdf\x17\xaeN\x1e'
11E8E149-CB02-35A6-AF82-12DF17AE4E1E,2024-ncaa-d0-natl,ncaa,51,49,94,50,126,107,114,145,96,185,227,130,38,66,23,60,183,262,2,271,253,162,189,66,57,54,44,41,259,138,107,151,108,150,90,92,86,73,96,64,233,235,149,158,,,75,75,,,71,213,323,263,119,128,209,238,279,39,75,210,294,302,251,306,177,220,207,91,54,275,172,,53,,,66,136,177,157,218,199,172,212,151,144,200,166,56,96,28,100,106,135,136,206,174,157,96,183,64,104,108,96,107,89,90,261,295,181,158,241,215,226,138,184,,,196,190,,,71,160,43,140,57,76,118,67,146,108,120,108,49,78,81,46,32,69,50,46,226,224,177,112,,261,,,b'\x11\xe8\xe1I\xcb\x025\xa6\xaf\x82\x12\xdf\x17\xaeN\x1e'
11E8E149-CB02-35A6-AF82-12DF17AE4E1E,2024-ncaa-d1-conf-WCC,ncaa,3,2,6,2,8,4,4,7,3,6,9,3,2,3,2,1,5,7,1,7,3,7,8,2,2,2,1,1,7,8,5,5,3,6,3,5,7,1,3,2,9,9,3,2,,,3,4,,,2,9,9,4,2,3,6,6,9,2,2,4,6,6,6,8,7,4,4,5,1,9,2,,3,,,2,2,2,1,5,3,2,6,4,3,5,4,5,5,3,5,6,1,1,5,4,5,6,6,6,2,3,2,5,2,3,2,4,8,8,7,3,4,1,4,,,7,4,,,2,1,2,5,2,3,3,2,4,3,4,3,5,6,6,3,1,3,2,2,3,8,3,1,,5,,,b'\x11\xe8\xe1I\xcb\x025\xa6\xaf\x82\x12\xdf\x17\xaeN\x1e'
11E8E149-CB02-35A6-AF82-12DF17AE4E1E,2024-ncaa-d1-natl,ncaa,39,49,38,49,68,77,84,94,88,146,189,113,31,49,27,62,149,249,2,257,271,119,129,57,48,46,52,45,271,108,94,110,92,104,67,58,83,89,77,46,221,239,130,153,,,95,70,,,46,153,315,264,100,105,185,213,266,36,71,204,298,304,228,290,158,176,165,65,49,267,161,,47,,,47,162,210,217,175,232,233,186,149,171,130,166,65,108,33,111,84,204,208,157,122,125,83,174,65,131,92,139,94,127,67,266,285,164,173,231,232,214,140,148,,,179,207,,,46,218,35,112,41,64,96,87,139,127,96,113,39,62,70,54,39,70,47,43,191,222,167,100,,271,,,b'\x11\xe8\xe1I\xcb\x025\xa6\xaf\x82\x12\xdf\x17\xaeN\x1e'
11E8E149-CB02-35A6-AF82-12DF17AE4E1E,2025-ncaa-d0-natl,genius_ncaa,220,199,248,221,250,254,235,258,196,233,241,189,229,233,222,172,305,312,155,308,293,276,305,195,212,185,216,178,267,309,300,172,210,241,239,185,93,62,141,120,357,357,188,180,,,97,180,,44,250,297,292,16,243,207,230,204,194,209,190,290,301,295,254,292,294,78,192,148,99,358,172,,153,,65,252,124,117,176,87,143,158,167,107,225,17,237,218,151,357,149,186,176,82,79,115,248,176,121,266,211,210,142,300,175,239,259,337,360,361,359,52,138,62,108,,,309,237,,245,250,59,216,278,260,212,193,289,214,232,151,279,272,208,205,286,133,271,222,262,317,360,93,98,,286,,233,b'\x11\xe8\xe1I\xcb\x025\xa6\xaf\x82\x12\xdf\x17\xaeN\x1e'
11E8E149-CB02-35A6-AF82-12DF17AE4E1E,2025-ncaa-d1-conf-WCC,genius_ncaa,8,8,8,8,8,9,9,9,9,8,9,7,8,7,9,5,10,11,8,11,9,9,9,7,8,7,8,6,10,9,10,4,4,8,8,8,5,2,4,4,11,11,8,8,,,4,4,,1,8,8,8,3,8,7,5,7,6,8,6,10,11,11,7,7,9,4,7,7,3,11,8,,5,,1,8,7,4,7,4,6,4,8,4,9,1,7,7,6,10,6,6,7,3,4,4,9,6,4,6,7,4,9,10,7,8,8,9,11,11,11,3,4,6,6,,,10,9,,7,8,2,8,10,9,10,9,9,7,8,4,9,8,6,6,10,7,8,10,9,10,11,4,6,,9,,7,b'\x11\xe8\xe1I\xcb\x025\xa6\xaf\x82\x12\xdf\x17\xaeN\x1e'
11E8E149-CB02-35A6-AF82-12DF17AE4E1E,2025-ncaa-d1-natl,genius_ncaa,193,199,172,204,175,228,198,193,198,190,191,181,228,206,257,186,283,292,186,292,303,216,255,208,223,192,253,204,267,256,266,106,180,164,211,158,104,73,123,112,352,354,142,147,,,123,154,,59,225,239,289,18,240,196,187,178,168,225,193,289,295,293,226,273,263,68,142,144,90,356,138,,134,,63,224,155,144,234,54,166,195,143,138,276,6,274,215,151,354,150,156,228,140,52,66,201,178,143,244,245,180,205,266,225,211,284,334,353,357,352,60,98,70,75,,,271,254,,235,225,115,212,232,230,181,158,291,175,211,143,294,230,167,169,280,131,264,230,257,301,356,81,75,,288,,241,b'\x11\xe8\xe1I\xcb\x025\xa6\xaf\x82\x12\xdf\x17\xaeN\x1e'
11E8E149-CB02-35A6-AF82-12DF17AE4E1E,2026-ncaa-d0-natl,genius_ncaa,87,80,116,95,142,101,94,74,184,119,124,162,58,36,142,61,172,185,141,186,272,85,133,150,176,84,122,65,294,106,217,77,31,81,132,102,175,21,4,22,166,176,12,16,,,210,216,,96,73,142,123,97,66,58,14,122,117,43,21,214,234,238,22,107,110,33,34,89,7,186,11,,188,,82,68,181,178,225,85,186,273,54,170,134,253,72,189,198,127,188,93,218,186,90,88,138,161,159,179,110,31,321,217,273,132,173,154,220,272,215,14,8,282,235,,,188,287,,223,73,210,79,111,79,129,134,224,155,299,131,82,160,165,152,211,139,68,346,283,131,270,9,279,,248,,252,b'\x11\xe8\xe1I\xcb\x025\xa6\xaf\x82\x12\xdf\x17\xaeN\x1e'
11E8E149-CB02-35A6-AF82-12DF17AE4E1E,2026-ncaa-d1-natl,genius_ncaa,38,80,13,79,35,13,15,4,163,47,39,130,8,3,154,49,73,72,151,73,186,5,16,134,144,62,84,57,273,10,103,12,24,5,65,22,102,35,4,12,69,148,4,15,,,305,182,,152,30,24,83,100,24,34,5,90,123,22,9,129,143,146,4,35,27,22,10,32,9,143,8,,180,,99,37,266,261,331,64,280,356,29,195,168,232,32,259,268,141,261,89,333,320,51,49,82,128,118,200,190,24,351,103,333,65,243,135,99,226,166,21,3,306,209,,,88,294,,184,30,336,36,71,39,110,114,234,154,336,81,51,164,159,159,223,205,77,328,249,112,206,5,249,,206,,241,b'\x11\xe8\xe1I\xcb\x025\xa6\xaf\x82\x12\xdf\x17\xaeN\x1e'
11E8E149-CB06-F5BE-AF82-12DF17AE4E1E,2010-ncaa-d0-natl,ncaa,309,269,337,308,338,345,345,345,335,340,328,339,323,324,287,246,343,341,323,341,300,345,343,338,339,345,233,209,206,320,223,337,313,339,278,343,166,247,341,337,280,165,86,31,,,5,72,,,316,343,301,161,345,341,339,328,269,310,298,336,328,328,338,299,261,279,290,333,336,192,39,,59,,,320,1,3,5,53,11,11,124,4,32,2,147,81,68,224,71,221,2,3,27,39,54,109,36,287,108,313,7,223,19,278,62,330,310,156,224,297,342,197,324,,,341,273,,,316,3,345,96,327,45,40,85,110,114,22,117,205,197,200,104,92,283,114,207,227,186,337,297,,314,,,b'\x11\xe8\xe1I\xcb\x06\xf5\xbe\xaf\x82\x12\xdf\x17\xaeN\x1e'
11E8E149-CB06-F5BE-AF82-12DF17AE4E1E,2010-ncaa-d1-natl,ncaa,281,289,191,287,227,338,329,320,321,306,233,324,322,315,310,279,337,321,335,320,310,322,272,329,338,341,297,271,235,227,170,250,290,247,235,298,111,328,341,333,140,102,33,20,,,34,62,,,286,285,274,186,341,334,327,306,215,323,314,336,318,316,331,261,201,244,242,302,336,121,26,,57,,,287,10,12,62,27,48,93,74,11,76,1,118,135,136,158,140,197,57,94,12,15,13,85,27,286,228,290,81,170,130,235,158,332,148,75,143,329,341,273,306,,,311,285,,,286,60,342,22,296,19,23,74,75,120,13,89,159,169,173,79,118,267,117,199,201,109,331,294,,311,,,b'\x11\xe8\xe1I\xcb\x06\xf5\xbe\xaf\x82\x12\xdf\x17\xaeN\x1e'
11E8E149-CB06-F5BE-AF82-12DF17AE4E1E,2011-ncaa-d0-natl,ncaa,248,47,342,165,342,342,342,342,173,342,342,202,332,338,132,224,340,333,343,334,20,342,342,188,235,313,179,181,149,338,214,342,213,342,175,342,222,37,341,329,271,38,226,50,,,7,327,,,144,342,199,257,313,306,341,281,293,250,277,264,90,95,332,238,266,134,221,298,337,46,70,,311,,,135,2,2,2,8,2,2,22,2,2,1,82,13,37,4,33,324,2,2,2,8,1,152,10,340,2,213,2,214,2,175,2,57,323,23,4,16,288,12,239,,,341,23,,,144,2,323,4,149,6,1,18,25,51,1,43,246,305,306,54,138,244,81,145,5,36,273,168,,53,,,b'\x11\xe8\xe1I\xcb\x06\xf5\xbe\xaf\x82\x12\xdf\x17\xaeN\x1e'
11E8E149-CB06-F5BE-AF82-12DF17AE4E1E,2011-ncaa-d1-natl,ncaa,174,57,340,130,340,336,323,341,110,296,331,118,307,324,177,247,330,257,343,260,69,340,340,134,189,272,272,240,220,313,160,316,206,330,138,312,196,204,334,304,121,24,141,42,,,93,316,,,99,342,231,154,282,254,332,196,255,275,288,281,120,124,315,237,237,159,214,247,326,36,65,,292,,,86,1,1,1,8,1,1,21,2,18,1,118,60,145,3,133,313,1,2,4,8,1,185,46,330,43,206,2,160,2,138,2,131,162,16,4,66,225,35,145,,,299,61,,,99,2,284,3,96,5,1,15,14,36,8,69,191,275,270,35,118,222,52,113,10,31,205,99,,105,,,b'\x11\xe8\xe1I\xcb\x06\xf5\xbe\xaf\x82\x12\xdf\x17\xaeN\x1e'
11E8E149-CB06-F5BE-AF82-12DF17AE4E1E,2012-ncaa-d0-natl,ncaa,297,260,318,296,296,340,338,330,331,322,268,327,333,316,340,275,310,300,304,305,240,330,328,332,334,336,289,300,90,234,165,335,337,325,315,340,328,158,306,337,146,65,95,29,,,211,329,,,286,334,328,1,336,334,294,289,174,330,294,273,227,239,292,245,151,316,278,339,286,73,47,,322,,,291,12,7,6,62,6,12,58,17,21,83,63,278,304,40,302,338,12,20,52,102,52,293,58,340,208,337,61,165,107,315,18,240,163,42,35,27,121,210,281,,,294,142,,,286,11,335,116,292,84,20,24,36,61,44,49,324,332,332,102,164,318,221,288,78,48,98,281,,185,,,b'\x11\xe8\xe1I\xcb\x06\xf5\xbe\xaf\x82\x12\xdf\x17\xaeN\x1e'
11E8E149-CB06-F5BE-AF82-12DF17AE4E1E,2012-ncaa-d1-conf-MEAC,ncaa,11,11,9,11,7,12,11,11,13,12,11,12,11,8,13,6,12,12,9,12,12,12,11,13,13,13,10,7,10,9,9,10,9,10,9,12,12,8,12,12,8,6,3,3,,,13,13,,,10,13,13,1,12,11,10,12,10,11,7,12,12,12,12,10,7,8,8,12,11,6,2,,13,,,10,4,3,2,5,3,1,4,6,5,12,6,13,13,8,13,13,4,3,6,7,7,13,9,13,7,9,5,9,5,9,4,12,7,5,7,3,3,11,12,,,12,10,,,10,1,12,7,10,6,4,4,4,3,8,7,13,13,13,5,6,9,11,11,6,7,3,11,,12,,,b'\x11\xe8\xe1I\xcb\x06\xf5\xbe\xaf\x82\x12\xdf\x17\xaeN\x1e'
11E8E149-CB06-F5BE-AF82-12DF17AE4E1E,2012-ncaa-d1-natl,ncaa,273,260,286,273,204,335,332,312,329,298,237,321,328,310,341,274,299,267,301,278,243,313,304,331,334,336,293,307,95,189,156,322,333,298,303,340,334,229,305,337,113,68,52,22,,,276,328,,,280,318,318,1,333,333,281,270,166,329,293,270,225,236,283,236,142,304,256,339,291,67,32,,323,,,283,19,6,9,46,10,32,48,24,30,51,65,301,322,34,320,338,32,66,38,78,40,284,55,340,263,333,102,156,178,303,28,237,104,41,29,49,129,236,267,,,262,156,,,280,27,333,84,284,73,16,31,38,72,41,52,319,333,332,107,177,319,203,289,70,45,107,278,,189,,,b'\x11\xe8\xe1I\xcb\x06\xf5\xbe\xaf\x82\x12\xdf\x17\xaeN\x1e'
11E8E149-CB06-F5BE-AF82-12DF17AE4E1E,2013-ncaa-d0-natl,ncaa,328,310,327,328,333,344,344,338,337,330,252,342,340,340,321,328,301,287,264,287,259,337,331,342,341,342,290,323,38,260,178,315,338,314,300,344,331,159,317,340,294,258,241,230,,,62,186,,,330,340,283,151,343,340,316,294,121,336,336,254,217,221,307,263,167,239,217,343,281,247,197,,188,,,333,27,40,44,134,80,73,160,30,54,48,101,101,139,25,140,206,45,23,97,85,175,87,76,210,275,338,43,178,127,300,75,190,333,298,269,170,303,33,62,,,333,246,,,330,5,340,268,336,178,186,228,236,274,85,146,220,254,256,249,180,340,204,307,194,290,280,86,,276,,,b'\x11\xe8\xe1I\xcb\x06\xf5\xbe\xaf\x82\x12\xdf\x17\xaeN\x1e'
11E8E149-CB06-F5BE-AF82-12DF17AE4E1E,2013-ncaa-d1-conf-MEAC,ncaa,12,12,9,12,10,12,12,10,11,9,6,11,12,10,12,10,11,12,5,12,12,10,12,12,12,12,10,10,5,10,11,5,10,8,11,12,13,8,8,11,13,13,6,6,,,5,5,,,12,12,9,5,12,12,9,9,3,12,10,11,12,12,10,9,9,3,5,12,8,13,4,,6,,,12,7,6,8,4,8,8,7,5,9,2,8,8,8,2,8,7,8,6,3,2,7,5,4,7,10,10,9,11,11,11,9,11,12,13,12,8,9,4,4,,,12,12,,,12,2,12,7,12,7,7,12,9,12,5,10,9,9,9,11,10,12,10,12,11,12,8,4,,12,,,b'\x11\xe8\xe1I\xcb\x06\xf5\xbe\xaf\x82\x12\xdf\x17\xaeN\x1e'
11E8E149-CB06-F5BE-AF82-12DF17AE4E1E,2013-ncaa-d1-natl,ncaa,310,310,210,314,253,332,327,299,321,251,134,334,336,339,297,332,274,252,266,251,297,294,274,336,335,336,313,325,85,218,190,249,328,242,288,339,331,250,307,337,198,195,215,221,,,135,159,,,320,285,259,156,338,330,291,238,95,336,338,266,234,236,294,255,182,223,212,340,280,189,197,,178,,,321,93,115,161,121,191,201,156,38,92,26,87,164,229,18,224,203,165,129,82,71,116,68,51,221,314,328,136,190,248,288,141,182,247,250,215,251,298,75,69,,,311,297,,,320,67,335,206,319,152,164,214,232,274,56,120,210,253,254,236,199,337,200,295,181,229,276,98,,299,,,b'\x11\xe8\xe1I\xcb\x06\xf5\xbe\xaf\x82\x12\xdf\x17\xaeN\x1e'
11E8E149-CB06-F5BE-AF82-12DF17AE4E1E,2014-ncaa-d0-natl,ncaa,129,125,131,135,164,199,171,152,201,83,72,190,323,298,343,306,178,91,343,89,166,131,128,274,287,281,330,330,142,109,133,193,300,141,221,251,293,219,192,267,51,43,189,206,,,335,338,,,187,139,118,270,235,189,155,73,62,327,301,197,72,65,116,115,112,212,154,268,221,42,205,,341,,,185,140,43,122,36,74,187,33,51,74,85,50,344,346,127,346,343,210,234,29,74,57,305,50,347,308,300,224,133,271,221,33,77,95,96,24,33,23,116,62,,,99,104,,,187,205,270,96,192,122,34,76,63,183,44,60,342,344,344,213,259,311,221,277,32,87,33,111,,84,,,b'\x11\xe8\xe1I\xcb\x06\xf5\xbe\xaf\x82\x12\xdf\x17\xaeN\x1e'
11E8E149-CB06-F5BE-AF82-12DF17AE4E1E,2014-ncaa-d1-conf-MEAC,ncaa,4,4,1,4,1,4,4,4,2,2,2,1,10,7,13,11,6,4,13,3,8,4,4,3,3,5,13,11,9,6,8,5,6,5,8,5,11,9,4,5,2,2,5,5,,,13,13,,,5,2,6,7,4,4,6,2,4,11,10,8,5,5,6,7,9,7,7,6,7,2,5,,12,,,5,8,4,6,4,3,5,3,11,9,10,7,13,13,11,13,13,10,11,5,5,5,13,9,13,7,6,9,8,6,8,3,4,4,6,3,4,2,5,4,,,3,5,,,5,11,5,4,5,6,3,2,3,1,8,8,13,13,12,5,5,3,4,4,3,6,3,5,,4,,,b'\x11\xe8\xe1I\xcb\x06\xf5\xbe\xaf\x82\x12\xdf\x17\xaeN\x1e'
11E8E149-CB06-F5BE-AF82-12DF17AE4E1E,2014-ncaa-d1-natl,ncaa,111,125,59,127,92,141,106,84,153,41,36,131,325,281,344,313,137,55,343,53,175,69,66,243,270,256,336,334,161,70,110,104,284,79,187,185,267,248,158,235,24,28,147,158,,,346,339,,,125,77,119,271,201,138,135,43,47,333,307,187,62,58,103,104,98,172,120,240,195,25,162,,341,,,127,164,56,176,24,86,231,20,54,92,61,47,348,348,68,348,343,273,290,17,46,33,303,46,348,330,284,262,110,311,187,36,77,61,85,20,36,17,138,53,,,63,117,,,125,268,235,57,134,86,22,64,43,169,41,58,341,344,344,202,256,308,207,266,23,71,26,106,,91,,,b'\x11\xe8\xe1I\xcb\x06\xf5\xbe\xaf\x82\x12\xdf\x17\xaeN\x1e'
11E8E149-CB06-F5BE-AF82-12DF17AE4E1E,2015-ncaa-d0-natl,ncaa,97,67,172,87,211,225,161,197,126,60,87,101,335,312,347,317,258,208,311,218,291,199,177,217,247,253,340,338,243,163,154,292,321,250,266,289,332,228,246,297,29,11,161,167,,,265,279,,,171,187,149,187,235,144,171,35,47,337,315,267,205,223,186,157,158,310,268,302,252,12,162,,289,,,171,78,88,78,177,165,167,177,19,34,43,39,206,230,75,233,235,101,183,117,124,51,68,27,263,259,321,136,154,197,266,69,103,52,32,23,77,91,238,178,,,198,216,,,171,166,254,75,173,100,102,70,186,189,18,31,211,240,244,92,241,284,152,219,81,33,100,246,,189,,,b'\x11\xe8\xe1I\xcb\x06\xf5\xbe\xaf\x82\x12\xdf\x17\xaeN\x1e'
11E8E149-CB06-F5BE-AF82-12DF17AE4E1E,2015-ncaa-d1-conf-MEAC,ncaa,1,1,2,1,3,3,3,4,1,1,3,1,12,10,13,11,4,5,5,5,10,5,4,3,3,4,13,13,7,5,7,4,5,3,5,7,12,10,10,8,2,2,2,4,,,13,11,,,3,4,6,9,3,3,8,2,4,12,11,5,7,8,8,7,11,3,6,8,7,2,5,,10,,,3,5,3,7,4,5,8,3,3,6,4,4,9,10,7,10,7,7,10,3,3,2,7,6,10,9,5,8,7,7,5,2,3,2,2,2,5,3,9,7,,,4,6,,,3,10,4,2,3,3,3,5,2,6,3,3,7,7,7,4,7,5,4,4,2,2,3,8,,6,,,b'\x11\xe8\xe1I\xcb\x06\xf5\xbe\xaf\x82\x12\xdf\x17\xaeN\x1e'
11E8E149-CB06-F5BE-AF82-12DF17AE4E1E,2015-ncaa-d1-natl,ncaa,80,67,97,78,118,160,88,114,89,38,45,80,328,305,339,321,221,161,312,170,297,121,94,184,209,229,342,337,255,106,129,260,324,191,252,245,331,277,232,285,6,4,134,152,,,299,272,,,130,107,125,217,186,100,149,23,37,335,316,255,192,211,157,126,128,312,251,274,248,4,153,,282,,,131,111,116,124,180,208,213,182,29,49,50,40,239,260,56,264,243,159,270,118,121,36,76,38,268,295,324,180,129,246,252,88,89,20,18,14,100,73,234,146,,,151,225,,,130,244,218,55,133,94,92,63,173,176,22,33,217,250,255,87,257,289,135,210,74,17,95,225,,187,,,b'\x11\xe8\xe1I\xcb\x06\xf5\xbe\xaf\x82\x12\xdf\x17\xaeN\x1e'
11E8E149-CB06-F5BE-AF82-12DF17AE4E1E,2015-ncaa-d1-ncaatournament,ncaa,33,2,33,33,33,59,60,60,52,50,42,51,61,63,55,61,43,39,53,39,28,56,58,55,55,53,48,59,8,35,8,63,63,61,52,64,64,18,51,64,40,15,50,50,,,10,38,,,57,63,62,4,59,60,57,46,28,60,62,32,22,24,53,55,12,63,61,64,40,19,46,,30,,,58,24,30,7,63,33,14,63,6,6,19,14,6,4,17,3,17,4,6,63,63,61,4,8,8,14,63,2,8,5,52,32,51,42,15,51,27,58,19,43,,,37,5,,,57,4,55,62,60,52,62,11,62,27,8,9,14,18,16,8,7,28,9,12,61,24,53,40,,10,,,b'\x11\xe8\xe1I\xcb\x06\xf5\xbe\xaf\x82\x12\xdf\x17\xaeN\x1e'
11E8E149-CB06-F5BE-AF82-12DF17AE4E1E,2016-ncaa-d0-natl,ncaa,280,228,340,274,340,348,345,345,312,337,317,325,314,326,216,238,349,343,349,343,313,347,341,309,339,345,261,174,326,270,153,319,321,317,237,346,309,265,347,345,255,174,127,86,,,49,177,,,297,344,288,18,344,339,318,305,215,274,289,347,326,325,329,241,170,207,187,341,343,169,76,,191,,,306,8,3,15,38,6,40,23,29,18,183,44,144,181,35,180,276,17,16,35,43,54,218,105,313,216,321,11,153,42,237,32,253,273,157,131,245,337,262,324,,,349,347,,,297,6,345,119,308,96,61,137,89,233,78,50,266,301,302,197,200,335,120,249,137,158,327,322,,341,,,b'\x11\xe8\xe1I\xcb\x06\xf5\xbe\xaf\x82\x12\xdf\x17\xaeN\x1e'
11E8E149-CB06-F5BE-AF82-12DF17AE4E1E,2016-ncaa-d1-conf-MEAC,ncaa,9,8,8,9,8,12,10,10,6,9,10,7,7,11,4,8,13,13,13,13,13,12,12,6,9,11,12,4,13,12,7,8,9,9,5,10,7,7,12,9,10,7,2,2,,,3,5,,,8,11,13,1,12,9,10,8,9,7,11,13,13,13,12,12,10,4,5,10,10,10,2,,4,,,8,2,1,2,2,1,3,1,4,3,10,3,5,6,2,5,8,2,3,2,2,3,9,8,10,9,9,2,7,2,5,4,8,9,10,7,8,12,9,12,,,13,13,,,8,3,12,4,7,3,3,6,2,7,5,3,6,9,8,6,4,10,2,4,5,9,11,11,,13,,,b'\x11\xe8\xe1I\xcb\x06\xf5\xbe\xaf\x82\x12\xdf\x17\xaeN\x1e'
11E8E149-CB06-F5BE-AF82-12DF17AE4E1E,2016-ncaa-d1-natl,ncaa,265,227,337,262,337,345,342,346,288,320,287,310,297,316,187,249,347,333,348,332,297,345,335,293,326,342,276,189,322,251,156,292,325,297,234,339,285,299,347,344,185,123,116,89,,,69,157,,,273,339,263,20,340,318,308,273,196,268,290,345,312,308,318,234,176,184,175,327,343,112,74,,181,,,279,8,3,24,24,11,85,14,30,31,116,53,160,200,31,198,252,29,33,22,28,27,209,109,309,282,325,15,156,78,234,49,268,209,123,99,273,336,260,305,,,346,343,,,273,11,340,72,275,70,52,150,71,235,71,65,248,288,289,200,236,339,115,254,132,108,324,307,,337,,,b'\x11\xe8\xe1I\xcb\x06\xf5\xbe\xaf\x82\x12\xdf\x17\xaeN\x1e'
11E8E149-CB06-F5BE-AF82-12DF17AE4E1E,2017-ncaa-d0-natl,ncaa,255,247,234,259,260,342,342,303,344,331,263,340,300,257,333,196,303,243,330,253,186,305,292,343,343,341,187,212,100,211,213,242,328,232,295,340,307,200,291,334,249,229,39,23,,,73,98,,,305,309,290,166,344,346,302,335,239,298,240,292,227,238,299,281,179,201,197,344,260,228,25,,108,,,305,42,30,110,23,40,153,19,75,87,97,112,192,237,22,231,248,137,101,22,24,52,239,157,279,325,328,163,213,257,295,29,85,245,227,111,234,298,275,304,,,330,318,,,305,46,340,134,308,77,62,180,65,219,114,126,231,281,271,214,185,340,230,317,52,228,274,291,,331,,,b'\x11\xe8\xe1I\xcb\x06\xf5\xbe\xaf\x82\x12\xdf\x17\xaeN\x1e'
11E8E149-CB06-F5BE-AF82-12DF17AE4E1E,2017-ncaa-d1-conf-MEAC,ncaa,7,6,5,7,5,10,10,9,9,10,9,9,12,7,12,5,12,11,7,11,9,11,12,10,9,8,9,9,7,12,11,7,12,9,12,10,11,2,4,9,10,10,3,3,,,2,4,,,9,10,13,4,12,11,12,10,11,12,10,13,13,13,13,13,12,8,10,11,3,10,3,,3,,,9,4,6,7,5,5,7,3,5,5,8,6,4,5,3,5,4,6,6,4,4,7,6,7,5,10,12,7,11,7,12,2,1,11,10,8,5,7,9,11,,,13,12,,,9,4,10,8,9,4,5,6,5,8,5,5,2,4,4,4,3,11,5,8,3,11,5,9,,13,,,b'\x11\xe8\xe1I\xcb\x06\xf5\xbe\xaf\x82\x12\xdf\x17\xaeN\x1e'
11E8E149-CB06-F5BE-AF82-12DF17AE4E1E,2017-ncaa-d1-natl,ncaa,236,247,144,247,172,327,329,267,340,305,211,333,283,230,335,195,272,195,330,203,161,261,236,342,341,334,201,219,93,164,197,184,322,181,281,330,283,235,275,324,183,189,27,18,,,121,118,,,297,258,277,170,343,341,285,324,222,295,229,278,196,201,276,256,154,182,170,337,249,178,22,,138,,,295,59,37,164,20,55,183,20,96,143,76,135,235,285,19,276,265,185,171,20,24,40,248,161,290,336,322,244,197,305,281,45,106,202,212,100,256,277,295,307,,,309,313,,,297,97,334,116,295,73,48,172,57,195,107,148,237,287,282,203,192,335,233,317,55,204,262,293,,320,,,b'\x11\xe8\xe1I\xcb\x06\xf5\xbe\xaf\x82\x12\xdf\x17\xaeN\x1e'
11E8E149-CB06-F5BE-AF82-12DF17AE4E1E,2018-ncaa-d0-natl,ncaa,332,333,295,334,309,336,344,293,349,337,226,349,315,299,311,264,166,124,295,122,63,277,215,349,347,348,96,229,10,86,92,298,345,216,289,349,347,336,334,349,177,180,104,105,,,246,252,,,346,250,70,180,336,347,217,333,140,306,266,106,46,47,177,53,33,232,110,349,344,132,66,,314,,,347,285,272,206,299,237,186,257,297,226,336,196,234,289,14,284,278,231,174,317,296,329,259,254,164,341,345,153,92,278,289,318,314,271,295,331,344,338,255,281,,,287,296,,,346,105,346,343,346,343,338,334,312,301,330,302,290,319,318,341,332,347,261,338,342,225,345,302,,222,,,b'\x11\xe8\xe1I\xcb\x06\xf5\xbe\xaf\x82\x12\xdf\x17\xaeN\x1e'
11E8E149-CB06-F5BE-AF82-12DF17AE4E1E,2018-ncaa-d1-conf-MEAC,ncaa,13,13,4,13,6,12,12,9,10,11,9,10,8,7,10,6,8,8,6,8,8,7,6,10,10,12,3,6,4,4,2,9,11,6,7,13,12,13,13,13,4,6,4,4,,,8,8,,,13,7,9,7,12,11,10,12,11,9,7,10,9,9,9,8,4,10,7,13,12,6,4,,8,,,13,13,13,11,13,12,9,13,13,13,13,11,8,9,1,8,8,12,9,13,13,13,8,11,2,11,11,5,2,6,7,13,13,12,13,13,13,13,8,8,,,12,12,,,13,6,12,13,13,13,13,11,12,9,13,12,8,9,9,11,9,10,4,7,13,13,13,7,,12,,,b'\x11\xe8\xe1I\xcb\x06\xf5\xbe\xaf\x82\x12\xdf\x17\xaeN\x1e'
11E8E149-CB06-F5BE-AF82-12DF17AE4E1E,2018-ncaa-d1-natl,ncaa,330,332,213,331,272,324,336,246,349,320,186,349,301,270,319,259,127,70,295,68,53,217,131,348,345,347,106,239,11,56,81,251,343,155,269,348,346,340,324,349,143,158,83,93,,,283,256,,,345,177,68,187,330,340,201,320,135,297,254,85,35,35,146,46,27,217,87,348,339,114,65,,312,,,345,311,300,270,278,266,234,239,303,255,324,190,254,300,15,301,271,282,254,298,269,297,245,240,169,346,343,207,81,312,269,324,306,225,265,313,344,331,259,259,,,246,277,,,345,183,344,335,345,339,331,328,302,293,322,294,284,317,317,336,328,346,260,333,341,200,342,285,,190,,,b'\x11\xe8\xe1I\xcb\x06\xf5\xbe\xaf\x82\x12\xdf\x17\xaeN\x1e'
11E8E149-CB06-F5BE-AF82-12DF17AE4E1E,2019-ncaa-d0-natl,ncaa,322,245,349,316,349,350,350,333,350,345,313,342,324,265,346,177,294,244,321,254,121,333,332,348,348,345,165,226,49,219,184,347,349,331,337,350,336,146,277,346,128,50,161,106,,,89,238,,,321,338,19,257,303,315,66,281,115,260,127,142,67,78,51,18,46,238,118,344,325,24,62,,329,,,333,26,18,14,178,30,53,75,56,16,336,33,178,238,26,237,297,17,26,170,178,143,243,145,300,294,349,102,184,189,337,60,238,216,89,120,155,272,58,166,,,343,314,,,321,11,343,241,330,309,265,313,256,333,232,120,326,338,337,341,348,351,346,351,274,38,317,195,,219,,,b'\x11\xe8\xe1I\xcb\x06\xf5\xbe\xaf\x82\x12\xdf\x17\xaeN\x1e'
11E8E149-CB06-F5BE-AF82-12DF17AE4E1E,2019-ncaa-d1-conf-MEAC,ncaa,9,8,9,9,11,11,11,7,11,8,7,10,8,4,12,5,9,8,11,8,7,8,8,11,11,11,7,7,7,7,9,10,12,10,12,9,9,9,10,11,1,1,7,7,,,8,8,,,11,6,2,4,11,9,3,6,5,7,3,7,5,6,3,2,5,9,8,9,11,1,7,,8,,,11,9,9,7,8,6,6,5,10,4,11,6,7,9,4,8,7,8,9,8,8,9,9,8,5,12,12,10,9,12,12,8,4,6,6,6,9,10,4,7,,,12,12,,,11,4,11,9,12,12,11,11,9,10,10,7,7,9,8,11,11,12,12,12,9,3,10,6,,12,,,b'\x11\xe8\xe1I\xcb\x06\xf5\xbe\xaf\x82\x12\xdf\x17\xaeN\x1e'
11E8E149-CB06-F5BE-AF82-12DF17AE4E1E,2019-ncaa-d1-natl,ncaa,308,245,349,297,349,331,330,298,334,310,269,312,296,224,340,182,254,202,316,215,124,288,288,333,334,332,200,237,70,138,126,344,345,303,315,346,332,184,245,336,44,13,122,88,,,132,225,,,265,325,10,257,215,236,32,187,76,231,110,112,51,57,23,5,18,228,74,322,324,6,48,,325,,,274,28,19,14,130,27,74,57,64,14,334,29,215,262,27,263,303,21,57,135,146,73,262,151,302,298,345,131,126,222,315,67,241,96,41,55,205,254,58,113,,,339,327,,,265,23,318,157,273,277,230,277,216,319,210,97,324,334,334,331,349,350,341,348,243,10,316,172,,205,,,b'\x11\xe8\xe1I\xcb\x06\xf5\xbe\xaf\x82\x12\xdf\x17\xaeN\x1e'
11E8E149-CB06-F5BE-AF82-12DF17AE4E1E,2020-ncaa-d2-conf-SIAC,ncaa,5,3,11,4,12,5,4,10,2,2,8,3,10,12,6,11,8,10,3,10,12,10,10,3,3,3,12,10,9,10,10,4,12,9,9,8,11,4,9,6,9,10,2,3,,,2,2,,,4,8,1,4,2,1,5,1,2,9,12,6,8,8,8,5,10,1,4,7,9,8,2,,5,,,4,6,6,12,2,5,7,5,12,13,2,13,3,2,11,3,4,11,10,3,1,4,9,12,3,13,12,4,10,9,9,13,13,10,11,12,6,7,7,9,,,13,13,,,4,6,4,7,4,11,10,13,8,11,13,13,5,5,5,13,13,13,5,12,13,9,7,10,,10,,,b'\x11\xe8\xe1I\xcb\x06\xf5\xbe\xaf\x82\x12\xdf\x17\xaeN\x1e'
11E8E149-CB06-F5BE-AF82-12DF17AE4E1E,2020-ncaa-d2-natl,ncaa,193,59,305,130,305,303,299,305,119,273,292,154,304,306,234,302,244,245,202,245,91,305,305,190,170,205,288,303,32,284,110,300,306,297,226,304,298,33,258,282,259,171,121,35,,,17,95,,,139,305,9,44,96,95,82,22,14,289,294,23,17,17,52,15,80,12,22,249,296,74,17,,269,,,132,7,7,8,8,8,9,23,10,31,2,184,33,54,34,55,198,7,8,6,7,13,181,99,259,261,306,7,110,17,226,16,262,263,139,103,22,198,111,230,,,305,197,,,139,7,206,51,118,194,155,308,164,300,132,296,265,286,287,310,310,311,190,306,232,40,251,289,,60,,,b'\x11\xe8\xe1I\xcb\x06\xf5\xbe\xaf\x82\x12\xdf\x17\xaeN\x1e'
11E8E149-CB06-F5BE-AF82-12DF17AE4E1E,2021-ncaa-d2-conf-SIAC,ncaa,4,1,7,2,7,6,6,6,4,6,6,6,6,7,1,8,7,7,5,7,6,7,7,4,4,4,4,3,7,6,2,7,4,7,2,6,5,3,6,4,7,3,5,4,,,3,2,,,3,7,1,4,2,2,1,3,1,2,5,3,1,1,1,1,2,2,2,3,7,2,3,,5,,,2,3,3,3,5,3,3,5,3,3,3,3,3,3,4,3,3,3,3,4,3,2,1,3,4,3,4,3,2,3,2,3,3,7,3,3,3,6,2,4,,,7,9,,,3,3,4,2,3,4,5,6,6,8,3,4,3,4,4,6,9,5,6,5,5,2,7,7,,7,,,b'\x11\xe8\xe1I\xcb\x06\xf5\xbe\xaf\x82\x12\xdf\x17\xaeN\x1e'
11E8E149-CB06-F5BE-AF82-12DF17AE4E1E,2021-ncaa-d2-natl,ncaa,140,4,213,18,215,210,209,210,125,209,208,194,202,212,3,208,203,204,200,204,97,210,211,123,136,145,108,115,83,198,8,212,159,208,35,206,91,19,164,136,200,33,198,105,,,12,58,,,59,211,6,121,28,34,14,52,10,64,164,27,7,7,11,4,9,22,5,46,211,17,73,,130,,,14,12,12,14,8,14,14,10,12,13,16,17,14,15,20,16,96,14,16,5,4,3,44,25,183,19,159,12,8,15,35,13,76,203,22,9,23,155,14,43,,,212,208,,,59,16,113,5,22,43,56,177,115,206,15,37,129,171,173,186,217,201,112,173,55,11,205,102,,106,,,b'\x11\xe8\xe1I\xcb\x06\xf5\xbe\xaf\x82\x12\xdf\x17\xaeN\x1e'
11E8E149-CB06-F5BE-AF82-12DF17AE4E1E,2022-ncaa-d2-conf-SIAC,ncaa,1,1,1,1,3,1,1,1,1,1,5,2,2,3,1,6,2,1,5,1,6,1,2,1,1,1,6,4,9,6,11,1,8,3,7,2,9,7,2,4,1,4,2,3,,,9,3,,,1,2,5,12,1,2,6,2,7,2,6,2,2,2,5,8,12,2,5,4,2,4,3,,5,,,2,11,12,13,2,13,14,4,8,13,1,9,7,8,1,8,3,13,13,2,1,1,3,7,4,13,8,11,11,13,7,10,5,2,6,4,5,1,10,10,,,2,6,,,1,13,3,2,2,4,8,12,9,11,6,10,4,4,4,10,11,11,6,10,5,6,1,8,,8,,,b'\x11\xe8\xe1I\xcb\x06\xf5\xbe\xaf\x82\x12\xdf\x17\xaeN\x1e'
11E8E149-CB06-F5BE-AF82-12DF17AE4E1E,2022-ncaa-d2-natl,ncaa,31,5,146,7,179,63,69,112,46,55,66,60,144,195,63,234,41,11,261,13,21,76,74,56,63,89,187,224,71,82,79,67,270,63,148,112,206,234,164,167,25,39,29,47,,,207,87,,,23,75,11,224,20,23,64,18,42,130,193,10,6,6,26,18,75,16,21,86,236,18,24,,215,,,15,90,116,228,12,192,270,16,19,61,2,23,159,247,3,244,136,241,260,2,1,1,13,10,219,299,270,137,79,244,148,76,84,21,40,13,151,93,121,80,,,81,138,,,23,228,84,6,24,85,110,275,216,294,8,56,168,248,245,281,295,295,150,275,83,18,160,121,,45,,,b'\x11\xe8\xe1I\xcb\x06\xf5\xbe\xaf\x82\x12\xdf\x17\xaeN\x1e'
11E8E149-CB06-F5BE-AF82-12DF17AE4E1E,2023-ncaa-d2-conf-SIAC,ncaa,3,2,5,3,5,5,6,8,3,5,6,4,14,13,13,12,1,1,5,1,2,6,7,6,2,2,11,14,1,6,5,4,6,5,5,7,6,4,6,4,6,6,3,3,,,4,5,,,3,7,8,2,4,7,7,4,6,14,13,1,1,1,5,8,6,3,6,7,5,6,3,,5,,,3,5,6,8,4,7,8,2,2,4,6,5,6,4,11,4,4,8,8,2,2,5,7,6,7,7,6,5,5,6,5,8,7,11,10,10,6,5,10,9,,,3,2,,,3,7,2,5,3,7,7,10,8,11,4,6,7,4,4,10,7,7,3,5,9,12,7,10,,2,,,b'\x11\xe8\xe1I\xcb\x06\xf5\xbe\xaf\x82\x12\xdf\x17\xaeN\x1e'
11E8E149-CB06-F5BE-AF82-12DF17AE4E1E,2023-ncaa-d2-natl,ncaa,102,46,255,64,258,210,236,256,155,141,113,182,292,291,281,294,22,10,231,10,9,212,208,238,191,200,259,296,2,85,34,197,239,159,102,259,251,163,207,253,80,50,63,58,,,108,138,,,92,234,38,27,103,174,152,40,19,293,291,1,1,1,40,25,34,65,25,231,251,33,29,,228,,,84,26,27,64,31,81,185,18,9,11,34,10,140,161,35,164,146,71,93,10,16,17,31,14,256,221,239,23,34,69,102,31,93,119,77,39,139,176,185,174,,,104,35,,,92,71,168,28,79,107,105,240,208,288,13,17,227,254,258,262,279,278,103,217,94,48,222,258,,8,,,b'\x11\xe8\xe1I\xcb\x06\xf5\xbe\xaf\x82\x12\xdf\x17\xaeN\x1e'
11E8E149-CB06-F5BE-AF82-12DF17AE4E1E,2024-ncaa-d2-conf-SIAC,ncaa,2,1,2,2,3,4,4,4,5,4,2,9,7,11,1,12,5,4,8,4,12,4,7,5,5,3,9,10,8,7,8,5,13,6,11,3,5,3,2,2,6,6,3,3,,,7,4,,,4,6,11,7,6,5,6,5,3,9,12,10,6,5,5,9,8,9,8,4,1,6,3,,3,,,4,9,5,9,3,5,10,1,10,7,10,5,9,8,11,8,4,9,10,2,4,4,11,12,9,12,13,11,8,12,11,4,2,6,5,4,4,2,10,6,,,8,10,,,4,9,4,5,4,3,3,7,2,7,8,3,7,5,5,7,7,12,9,12,2,6,1,10,,12,,,b'\x11\xe8\xe1I\xcb\x06\xf5\xbe\xaf\x82\x12\xdf\x17\xaeN\x1e'
11E8E149-CB06-F5BE-AF82-12DF17AE4E1E,2024-ncaa-d2-natl,ncaa,86,20,260,33,261,237,228,246,187,181,112,254,273,286,60,289,160,130,228,131,182,237,256,225,214,178,250,273,52,137,86,238,273,214,204,207,152,34,103,132,94,52,115,90,,,42,79,,,92,266,129,57,140,142,84,77,13,260,288,60,46,46,62,86,62,132,66,149,133,41,70,,137,,,82,13,13,33,13,21,90,7,21,22,69,34,121,154,37,148,187,37,46,10,14,15,150,58,273,232,273,59,86,125,204,9,41,125,54,15,40,109,81,63,,,263,238,,,92,32,155,30,86,49,29,167,65,236,36,38,206,235,233,187,231,288,210,271,23,45,127,155,,201,,,b'\x11\xe8\xe1I\xcb\x06\xf5\xbe\xaf\x82\x12\xdf\x17\xaeN\x1e'
11E8E149-CB06-F5BE-AF82-12DF17AE4E1E,2025-ncaa-d2-conf-SIAC,genius_ncaa,8,9,6,9,8,7,7,9,8,4,7,5,12,11,13,10,3,6,2,6,5,8,8,10,8,9,10,13,1,8,8,9,14,10,13,11,10,5,7,10,8,10,3,4,,,7,6,,14,9,8,7,8,7,8,9,6,7,13,10,4,5,5,8,8,10,12,11,11,6,7,2,,9,,14,9,9,10,9,7,8,8,6,12,10,13,7,7,8,7,8,6,10,9,8,9,9,10,12,5,14,14,5,8,12,13,9,6,8,11,9,11,11,10,11,,,7,6,,11,9,7,7,12,9,10,9,13,9,9,12,10,9,10,10,13,12,14,6,14,11,8,11,11,,5,,11,b'\x11\xe8\xe1I\xcb\x06\xf5\xbe\xaf\x82\x12\xdf\x17\xaeN\x1e'
11E8E149-CB06-F5BE-AF82-12DF17AE4E1E,2025-ncaa-d2-natl,genius_ncaa,174,159,207,177,212,224,244,247,220,164,135,219,289,284,297,284,57,44,149,47,41,207,194,265,226,236,258,298,5,137,79,246,294,214,235,270,262,201,246,278,131,131,100,94,,,156,163,,221,185,212,158,115,228,254,251,122,75,300,290,22,19,19,174,111,94,252,197,278,237,98,78,,207,,240,180,62,44,75,56,73,144,39,44,38,112,38,239,265,19,268,268,106,144,46,62,46,151,59,277,285,294,48,79,160,235,27,34,85,67,21,197,238,118,120,,,133,68,,180,185,85,225,106,184,107,69,121,109,209,57,45,253,279,279,188,239,296,92,231,23,52,230,163,,67,,174,b'\x11\xe8\xe1I\xcb\x06\xf5\xbe\xaf\x82\x12\xdf\x17\xaeN\x1e'
11E8E149-CB06-F5BE-AF82-12DF17AE4E1E,2026-ncaa-d2-conf-SIAC,genius_ncaa,4,5,3,5,3,6,9,10,7,7,6,8,14,13,14,13,1,2,3,2,2,8,6,9,5,8,7,14,1,10,9,9,14,9,13,8,10,11,10,12,5,7,2,2,,,7,4,,5,8,5,5,1,8,10,12,8,6,14,13,1,2,2,8,7,11,14,12,10,11,6,2,,6,,5,8,10,9,12,1,10,11,2,7,11,4,9,9,10,6,10,8,12,12,1,1,2,8,6,10,12,14,5,9,9,13,11,10,5,9,9,12,13,8,6,,,3,2,,10,8,11,9,5,8,9,7,13,10,12,7,10,9,10,10,14,14,14,2,9,9,4,13,7,,2,,11,b'\x11\xe8\xe1I\xcb\x06\xf5\xbe\xaf\x82\x12\xdf\x17\xaeN\x1e'
11E8E149-CB06-F5BE-AF82-12DF17AE4E1E,2026-ncaa-d2-natl,genius_ncaa,107,53,221,87,233,239,256,262,167,183,182,177,295,294,291,297,35,48,77,50,17,242,220,239,150,227,246,298,2,226,98,269,296,261,252,261,190,221,287,275,103,86,92,99,,,82,69,,42,158,212,16,88,157,231,265,72,47,297,297,3,4,4,148,33,165,264,242,220,291,37,50,,207,,75,158,60,61,93,30,114,161,41,15,31,12,22,163,198,55,191,196,106,128,17,16,19,45,10,262,268,296,23,98,95,252,74,159,94,66,51,262,289,82,84,,,164,61,,271,158,90,232,46,154,140,124,269,220,286,12,65,266,280,281,288,295,295,29,224,147,18,292,127,,25,,272,b'\x11\xe8\xe1I\xcb\x06\xf5\xbe\xaf\x82\x12\xdf\x17\xaeN\x1e'
11E8E149-CB0B-C3B4-AF82-12DF17AE4E1E,2010-ncaa-d0-natl,ncaa,329,317,322,329,325,323,320,328,264,343,343,202,86,63,183,7,343,344,249,344,197,339,340,179,220,256,17,6,332,336,333,324,216,342,310,233,17,95,296,198,324,285,343,335,,,7,59,,,309,335,293,94,314,308,310,340,339,36,19,340,340,338,329,318,333,270,326,153,231,291,341,,48,,,311,48,60,37,263,25,9,239,299,231,330,318,11,8,252,10,98,11,8,317,300,322,302,337,29,40,216,66,333,38,310,161,271,327,248,307,204,316,21,211,,,342,304,,,309,11,284,320,315,229,244,167,111,48,341,304,52,43,46,119,66,157,229,205,281,279,283,56,,334,,,b'\x11\xe8\xe1I\xcb\x0b\xc3\xb4\xaf\x82\x12\xdf\x17\xaeN\x1e'
11E8E149-CB0B-C3B4-AF82-12DF17AE4E1E,2010-ncaa-d1-natl,ncaa,318,324,191,324,207,294,295,304,263,336,339,213,54,35,156,8,331,330,246,331,145,315,317,170,209,248,15,8,315,332,332,241,195,312,306,163,14,184,286,182,268,240,331,328,,,22,46,,,290,287,280,106,302,306,307,338,339,37,24,331,331,330,325,315,330,232,316,134,221,252,330,,34,,,289,118,155,130,210,48,49,152,325,272,329,316,19,15,238,17,62,89,63,282,250,264,303,340,24,119,195,172,332,150,306,228,262,259,203,287,264,311,36,198,,,329,287,,,290,62,282,264,292,177,208,171,75,56,335,298,32,28,29,113,79,165,234,217,258,242,275,54,,328,,,b'\x11\xe8\xe1I\xcb\x0b\xc3\xb4\xaf\x82\x12\xdf\x17\xaeN\x1e'
11E8E149-CB0B-C3B4-AF82-12DF17AE4E1E,2011-ncaa-d0-natl,ncaa,282,301,170,288,222,188,186,150,230,184,150,216,179,154,237,158,198,151,287,148,164,145,116,231,243,254,178,160,189,87,110,265,254,177,226,208,207,281,254,256,36,22,336,333,,,180,165,,,244,134,56,243,182,178,105,173,138,169,140,192,134,134,95,51,60,274,160,192,288,21,340,,210,,,242,236,227,157,287,192,57,332,248,290,106,317,167,134,299,136,218,144,204,297,302,220,209,231,134,169,254,227,110,206,226,300,298,57,49,170,314,292,336,333,,,196,259,,,244,212,237,223,236,265,263,190,223,52,275,312,187,149,155,178,264,190,264,242,303,37,311,340,,175,,,b'\x11\xe8\xe1I\xcb\x0b\xc3\xb4\xaf\x82\x12\xdf\x17\xaeN\x1e'
11E8E149-CB0B-C3B4-AF82-12DF17AE4E1E,2011-ncaa-d1-natl,ncaa,289,301,199,297,258,210,210,172,236,196,164,223,192,165,235,155,214,163,289,161,167,167,136,236,244,253,178,156,187,97,114,285,257,209,231,221,210,272,255,257,39,25,340,337,,,163,167,,,250,160,57,245,189,183,108,178,144,171,139,192,132,135,101,53,61,275,170,195,287,22,340,,213,,,252,221,213,129,291,180,44,334,241,287,110,316,160,126,301,127,218,117,176,299,302,227,205,230,130,152,257,210,114,188,231,296,299,69,53,176,310,293,336,334,,,215,260,,,250,187,239,226,244,270,269,193,227,54,275,312,192,151,155,181,265,190,268,244,311,43,314,341,,173,,,b'\x11\xe8\xe1I\xcb\x0b\xc3\xb4\xaf\x82\x12\xdf\x17\xaeN\x1e'
11E8E149-CB0B-C3B4-AF82-12DF17AE4E1E,2012-ncaa-d0-natl,ncaa,87,87,81,86,103,40,39,69,26,45,120,15,73,70,148,110,74,73,171,78,101,66,51,26,29,48,183,150,221,76,64,60,28,53,29,17,53,299,214,77,29,40,327,331,,,194,90,,,58,51,35,222,27,29,82,42,169,85,85,90,89,95,72,42,93,76,65,16,258,33,332,,136,,,54,262,287,255,248,236,150,289,310,307,181,315,106,117,81,115,133,235,273,270,243,181,201,292,46,78,28,142,64,107,29,218,108,36,56,80,226,145,300,284,,,64,177,,,58,300,45,118,55,223,240,198,198,80,291,305,76,95,97,169,245,31,85,46,174,42,187,286,,90,,,b'\x11\xe8\xe1I\xcb\x0b\xc3\xb4\xaf\x82\x12\xdf\x17\xaeN\x1e'
11E8E149-CB0B-C3B4-AF82-12DF17AE4E1E,2012-ncaa-d1-natl,ncaa,90,86,90,88,115,44,42,76,28,49,136,17,82,79,151,111,80,84,169,89,102,71,59,26,29,51,177,147,216,85,67,72,28,60,30,18,54,292,217,80,33,42,330,332,,,175,95,,,63,58,35,215,30,31,86,45,174,87,86,90,90,97,74,48,96,78,70,17,260,33,332,,137,,,59,246,272,237,254,224,130,295,304,304,182,312,96,108,84,106,137,212,260,278,248,194,202,291,46,63,28,122,67,74,30,208,108,45,57,89,216,149,294,286,,,77,175,,,63,295,48,129,61,227,243,197,205,83,294,306,77,96,98,169,243,33,86,47,183,47,190,286,,92,,,b'\x11\xe8\xe1I\xcb\x0b\xc3\xb4\xaf\x82\x12\xdf\x17\xaeN\x1e'
11E8E149-CB0B-C3B4-AF82-12DF17AE4E1E,2013-ncaa-d0-natl,ncaa,88,65,120,81,124,93,97,142,57,41,67,50,293,287,282,305,27,17,215,15,46,109,72,106,85,141,297,325,40,180,187,63,16,98,59,70,81,336,277,175,12,5,317,318,,,237,159,,,101,46,13,30,67,70,152,25,58,298,298,15,10,10,85,27,194,38,76,51,319,3,320,,236,,,100,223,214,206,199,192,111,265,246,294,74,296,172,211,74,197,228,211,267,220,207,97,225,244,153,32,16,188,187,101,59,108,56,26,32,31,328,286,208,141,,,25,38,,,101,296,163,55,104,204,206,186,174,85,254,296,170,200,189,190,289,26,176,87,107,13,317,204,,10,,,b'\x11\xe8\xe1I\xcb\x0b\xc3\xb4\xaf\x82\x12\xdf\x17\xaeN\x1e'
11E8E149-CB0B-C3B4-AF82-12DF17AE4E1E,2013-ncaa-d1-conf-WAC,ncaa,1,1,1,1,1,2,2,6,1,1,1,1,9,10,4,10,2,1,7,1,3,3,1,3,2,5,10,10,3,6,4,2,1,2,1,1,1,10,10,7,1,1,10,10,,,7,5,,,2,1,4,5,3,2,10,1,4,10,10,3,2,2,8,4,8,3,4,1,10,1,10,,5,,,2,2,3,7,2,3,3,6,5,8,1,9,6,6,4,6,6,7,8,2,2,1,5,8,7,3,1,2,4,3,1,3,4,1,2,2,10,10,9,8,,,1,2,,,2,10,6,1,1,1,2,2,1,2,5,7,4,5,5,2,6,3,1,1,2,2,10,8,,3,,,b'\x11\xe8\xe1I\xcb\x0b\xc3\xb4\xaf\x82\x12\xdf\x17\xaeN\x1e'
11E8E149-CB0B-C3B4-AF82-12DF17AE4E1E,2013-ncaa-d1-natl,ncaa,94,65,136,82,140,101,105,162,59,44,77,53,294,293,285,305,31,20,215,18,47,121,84,109,87,146,293,324,36,205,191,72,18,110,59,75,80,331,280,183,12,5,319,319,,,227,164,,,111,53,13,26,68,75,161,26,59,300,298,16,12,12,87,30,200,39,78,56,321,4,323,,237,,,109,205,202,192,204,173,86,269,242,288,80,294,164,196,76,182,231,193,251,225,213,103,222,244,151,23,18,170,191,75,59,96,57,32,36,34,324,288,202,144,,,30,37,,,111,290,170,62,113,215,211,189,177,87,255,295,175,202,192,194,290,26,181,89,113,16,317,208,,10,,,b'\x11\xe8\xe1I\xcb\x0b\xc3\xb4\xaf\x82\x12\xdf\x17\xaeN\x1e'
11E8E149-CB0B-C3B4-AF82-12DF17AE4E1E,2014-ncaa-d0-natl,ncaa,148,173,85,164,98,81,56,126,16,28,58,33,255,290,133,309,110,85,269,76,171,109,73,48,66,122,324,309,208,180,152,56,42,91,59,46,95,336,300,176,94,137,270,292,,,286,213,,,128,52,36,133,70,37,174,19,69,278,308,126,88,77,147,73,213,43,112,40,320,109,292,,254,,,130,293,264,272,189,246,229,199,276,268,191,222,254,281,78,281,245,286,277,201,193,198,238,220,189,107,42,131,152,124,59,188,94,122,182,135,338,316,97,36,,,90,178,,,128,295,151,142,134,254,240,249,209,198,254,253,222,251,250,269,269,75,85,64,158,145,328,75,,113,,,b'\x11\xe8\xe1I\xcb\x0b\xc3\xb4\xaf\x82\x12\xdf\x17\xaeN\x1e'
11E8E149-CB0B-C3B4-AF82-12DF17AE4E1E,2014-ncaa-d1-conf-WAC,ncaa,3,4,1,4,1,3,2,4,1,1,1,1,6,8,3,9,1,1,7,1,3,4,1,2,2,5,9,9,2,5,2,2,1,2,1,2,3,9,9,6,2,3,9,9,,,9,8,,,4,1,2,2,4,3,7,1,2,9,9,2,1,1,6,3,6,2,4,3,9,2,9,,8,,,4,7,6,8,3,5,6,3,7,8,4,7,7,8,3,8,8,8,9,3,3,3,9,5,7,2,1,4,2,3,1,4,3,1,4,2,9,8,7,4,,,1,2,,,4,9,5,3,4,5,4,3,3,3,7,7,7,7,7,5,7,1,2,1,3,5,8,6,,1,,,b'\x11\xe8\xe1I\xcb\x0b\xc3\xb4\xaf\x82\x12\xdf\x17\xaeN\x1e'
11E8E149-CB0B-C3B4-AF82-12DF17AE4E1E,2014-ncaa-d1-natl,ncaa,161,171,100,166,114,95,63,145,17,32,66,33,268,295,133,308,119,94,269,86,173,132,88,48,66,127,323,309,205,195,160,64,44,105,60,51,97,335,304,179,102,141,276,295,,,270,212,,,143,58,41,131,75,40,179,20,74,282,308,131,90,82,150,78,221,48,118,44,320,117,295,,253,,,145,280,253,255,195,230,209,204,268,261,196,222,246,269,77,268,242,277,270,204,202,207,233,220,187,94,44,110,160,99,60,174,97,134,188,139,337,319,91,45,,,100,178,,,143,288,158,152,149,257,246,249,213,199,255,256,222,251,252,270,267,75,88,64,159,148,330,81,,114,,,b'\x11\xe8\xe1I\xcb\x0b\xc3\xb4\xaf\x82\x12\xdf\x17\xaeN\x1e'
11E8E149-CB0B-C3B4-AF82-12DF17AE4E1E,2015-ncaa-d0-natl,ncaa,253,279,113,268,131,202,196,92,309,153,65,310,242,213,292,249,169,155,192,158,270,95,79,320,316,308,247,253,132,70,121,107,163,85,125,141,94,292,224,220,136,157,193,208,,,203,139,,,272,91,68,123,241,232,76,165,52,261,225,183,182,183,94,48,69,97,71,154,273,140,208,,190,,,266,241,244,254,193,218,189,221,261,289,126,262,183,236,14,235,226,255,249,198,166,164,205,246,140,225,163,261,121,255,125,244,215,142,187,200,323,279,207,140,,,221,321,,,272,248,303,171,269,227,235,258,199,159,253,285,169,224,220,267,271,224,240,230,231,152,313,197,,266,,,b'\x11\xe8\xe1I\xcb\x0b\xc3\xb4\xaf\x82\x12\xdf\x17\xaeN\x1e'
11E8E149-CB0B-C3B4-AF82-12DF17AE4E1E,2015-ncaa-d1-conf-WAC,ncaa,4,5,2,5,3,4,4,4,7,2,2,6,5,5,8,5,4,4,5,4,7,4,3,7,8,8,7,8,4,2,2,1,1,2,2,2,2,7,5,5,4,6,2,2,,,6,7,,,6,3,2,5,5,4,4,2,1,7,5,4,4,4,4,3,2,1,1,2,6,6,2,,7,,,6,5,5,7,5,6,7,5,4,4,3,5,6,6,1,6,6,6,5,4,3,4,3,3,4,4,1,5,2,5,2,4,1,4,4,5,7,6,7,3,,,4,8,,,6,5,7,3,6,4,5,6,6,6,4,5,6,6,6,7,5,4,4,4,3,4,7,7,,7,,,b'\x11\xe8\xe1I\xcb\x0b\xc3\xb4\xaf\x82\x12\xdf\x17\xaeN\x1e'
11E8E149-CB0B-C3B4-AF82-12DF17AE4E1E,2015-ncaa-d1-natl,ncaa,266,279,143,277,162,233,226,113,316,176,82,318,255,227,297,249,188,176,194,181,269,122,98,325,320,310,244,246,118,82,128,135,171,102,138,163,96,274,228,228,156,167,214,214,,,183,139,,,284,121,74,112,256,241,79,173,56,264,226,182,183,185,97,52,71,107,73,157,276,151,213,,191,,,279,224,226,222,198,203,159,228,249,274,134,261,167,224,14,222,227,227,221,210,175,186,202,246,138,205,171,234,128,231,138,229,218,164,197,210,313,287,195,147,,,252,320,,,284,217,307,191,281,243,245,258,213,163,256,284,173,228,225,269,269,229,241,239,236,158,314,200,,265,,,b'\x11\xe8\xe1I\xcb\x0b\xc3\xb4\xaf\x82\x12\xdf\x17\xaeN\x1e'
11E8E149-CB0B-C3B4-AF82-12DF17AE4E1E,2016-ncaa-d0-natl,ncaa,280,281,240,288,277,267,299,242,311,317,281,320,124,114,187,80,217,212,225,206,108,245,234,288,281,284,36,61,133,149,163,283,304,241,260,191,41,207,255,208,192,173,240,207,,,90,116,,,298,255,145,280,256,288,178,320,259,97,84,200,191,185,188,143,116,258,188,154,260,164,226,,137,,,299,200,194,156,225,112,44,267,306,309,223,336,123,108,240,104,194,145,131,271,262,273,296,322,106,243,304,168,163,206,260,281,311,225,207,284,313,324,150,225,,,253,254,,,298,103,275,284,296,270,259,258,176,80,329,332,177,152,149,237,240,290,254,285,316,188,325,176,,231,,,b'\x11\xe8\xe1I\xcb\x0b\xc3\xb4\xaf\x82\x12\xdf\x17\xaeN\x1e'
11E8E149-CB0B-C3B4-AF82-12DF17AE4E1E,2016-ncaa-d1-conf-WAC,ncaa,7,7,5,7,7,6,7,4,7,8,8,6,4,4,7,1,7,7,6,7,6,4,4,6,8,7,3,3,6,3,3,7,5,6,7,4,1,5,5,5,6,6,5,3,,,2,4,,,7,6,4,7,7,7,4,8,8,4,3,7,7,7,4,2,2,6,5,4,6,6,5,,2,,,7,5,6,3,6,2,1,7,8,7,6,8,2,2,3,2,5,3,3,8,7,7,8,8,1,4,5,4,3,4,7,8,8,4,4,8,8,7,2,3,,,7,8,,,7,3,7,7,7,7,7,6,5,1,8,8,2,2,2,5,4,5,6,6,8,4,8,2,,7,,,b'\x11\xe8\xe1I\xcb\x0b\xc3\xb4\xaf\x82\x12\xdf\x17\xaeN\x1e'
11E8E149-CB0B-C3B4-AF82-12DF17AE4E1E,2016-ncaa-d1-natl,ncaa,280,280,218,283,286,264,283,230,304,316,278,313,121,108,182,77,218,221,199,213,116,226,212,276,275,276,41,63,139,154,166,277,302,235,262,177,36,223,258,197,158,145,237,204,,,95,117,,,290,240,144,282,255,278,182,316,260,100,81,201,198,192,193,147,125,264,200,140,259,136,222,,143,,,289,210,204,175,219,113,52,263,304,313,208,334,127,101,237,95,186,150,146,267,255,255,288,317,103,245,302,189,166,221,262,287,312,202,185,264,317,323,129,210,,,258,257,,,290,117,267,274,287,262,252,245,174,79,322,330,167,147,141,229,237,289,246,279,313,167,325,160,,246,,,b'\x11\xe8\xe1I\xcb\x0b\xc3\xb4\xaf\x82\x12\xdf\x17\xaeN\x1e'
11E8E149-CB0B-C3B4-AF82-12DF17AE4E1E,2017-ncaa-d0-natl,ncaa,169,229,45,203,54,108,101,72,201,120,119,165,113,82,216,120,151,170,140,173,242,79,77,189,183,176,164,140,234,113,183,108,120,97,168,164,255,207,137,194,47,60,194,234,,,304,253,,,165,76,208,139,180,180,152,189,202,154,119,219,247,249,182,205,160,199,188,223,133,71,232,,233,,,165,250,209,220,166,248,250,178,95,129,80,71,329,334,171,333,298,263,276,140,175,166,155,50,319,184,120,299,183,277,168,98,52,91,143,67,248,193,198,150,,,179,292,,,165,287,171,137,156,139,102,67,170,146,49,62,297,303,303,119,129,101,193,163,57,145,184,150,,292,,,b'\x11\xe8\xe1I\xcb\x0b\xc3\xb4\xaf\x82\x12\xdf\x17\xaeN\x1e'
11E8E149-CB0B-C3B4-AF82-12DF17AE4E1E,2017-ncaa-d1-conf-WAC,ncaa,2,2,1,2,1,1,1,1,2,1,2,2,3,2,4,4,1,1,2,1,4,1,1,2,2,2,4,4,3,3,5,1,3,1,3,1,3,4,2,2,1,2,3,4,,,8,6,,,2,1,3,5,2,2,4,2,4,3,4,1,3,2,2,4,6,3,3,3,1,2,4,,6,,,2,6,5,8,3,6,8,3,2,3,3,1,8,8,1,8,8,8,8,4,3,4,3,3,7,4,3,6,5,6,3,3,2,1,4,2,6,4,5,4,,,2,6,,,2,8,2,4,2,4,4,4,4,7,2,1,8,8,8,5,5,3,3,4,2,4,4,5,,4,,,b'\x11\xe8\xe1I\xcb\x0b\xc3\xb4\xaf\x82\x12\xdf\x17\xaeN\x1e'
11E8E149-CB0B-C3B4-AF82-12DF17AE4E1E,2017-ncaa-d1-natl,ncaa,175,229,56,208,69,136,127,88,208,147,143,179,125,90,218,115,179,203,139,207,245,98,104,197,189,191,162,141,234,135,193,135,129,127,185,189,256,183,143,199,61,64,207,234,,,287,256,,,178,94,214,136,186,189,159,197,206,154,119,223,252,257,190,215,172,214,205,229,135,80,232,,234,,,178,228,176,184,176,225,233,186,75,101,87,68,326,327,178,328,305,237,255,146,185,175,149,49,318,156,129,282,193,254,185,82,52,115,150,80,233,198,180,156,,,212,289,,,178,266,181,149,170,144,105,70,174,147,49,58,298,305,307,121,126,106,201,167,63,151,190,153,,292,,,b'\x11\xe8\xe1I\xcb\x0b\xc3\xb4\xaf\x82\x12\xdf\x17\xaeN\x1e'
11E8E149-CB0B-C3B4-AF82-12DF17AE4E1E,2018-ncaa-d0-natl,ncaa,118,162,43,145,53,71,55,31,160,58,36,175,116,112,164,193,152,193,101,192,315,43,50,166,177,114,249,188,271,81,214,38,98,39,155,93,218,96,48,79,170,233,220,268,,,268,155,,,176,50,114,151,100,74,48,70,58,159,163,223,251,251,64,109,135,44,64,132,56,218,249,,189,,,175,317,308,310,124,311,308,195,184,275,36,151,320,317,199,317,220,321,301,102,115,241,121,82,243,259,98,332,214,323,155,263,137,264,327,296,163,85,260,138,,,232,331,,,176,298,116,228,177,242,227,288,269,273,134,213,272,270,272,302,224,188,284,261,182,319,97,207,,313,,,b'\x11\xe8\xe1I\xcb\x0b\xc3\xb4\xaf\x82\x12\xdf\x17\xaeN\x1e'
11E8E149-CB0B-C3B4-AF82-12DF17AE4E1E,2018-ncaa-d1-conf-WAC,ncaa,1,2,1,2,2,1,1,1,5,1,1,6,5,5,5,8,1,3,1,3,6,1,1,5,5,5,7,7,4,3,3,1,1,1,1,1,6,4,2,2,6,6,3,3,,,7,6,,,2,1,2,7,1,3,1,1,1,6,7,3,4,4,1,2,3,1,1,2,2,6,4,,6,,,2,7,7,8,2,6,8,3,3,6,1,4,7,7,4,7,5,8,8,2,2,3,3,2,7,4,1,8,3,8,1,4,3,7,8,6,5,4,7,4,,,3,7,,,2,8,4,3,2,4,3,7,5,6,3,5,6,6,6,8,6,2,7,6,4,8,4,6,,6,,,b'\x11\xe8\xe1I\xcb\x0b\xc3\xb4\xaf\x82\x12\xdf\x17\xaeN\x1e'
11E8E149-CB0B-C3B4-AF82-12DF17AE4E1E,2018-ncaa-d1-natl,ncaa,134,162,53,158,67,84,65,38,170,66,42,182,128,123,166,190,179,215,95,215,318,54,64,180,186,122,245,187,266,105,220,43,105,47,166,109,224,81,49,84,192,237,232,277,,,245,160,,,197,65,117,147,106,81,51,79,60,166,164,226,255,253,68,114,148,48,68,139,58,223,252,,190,,,197,312,302,306,139,308,307,204,170,259,38,149,311,303,205,304,220,316,287,118,130,253,119,81,244,246,105,325,220,314,166,251,140,288,328,304,146,91,248,151,,,257,331,,,197,282,126,243,199,253,237,288,277,274,135,211,281,273,273,302,222,189,288,266,185,324,101,209,,317,,,b'\x11\xe8\xe1I\xcb\x0b\xc3\xb4\xaf\x82\x12\xdf\x17\xaeN\x1e'
11E8E149-CB0B-C3B4-AF82-12DF17AE4E1E,2018-ncaa-d1-ncaatournament,ncaa,33,2,33,33,34,61,52,44,56,41,40,41,64,49,64,30,59,62,1,62,62,53,52,58,59,59,64,63,56,58,58,51,48,58,54,54,57,10,34,53,60,58,61,61,,,3,12,,,61,48,30,7,61,51,27,28,24,63,32,59,62,62,46,45,57,46,57,54,28,58,61,,11,,,61,22,28,29,55,29,29,60,9,14,16,25,1,3,50,1,2,25,16,49,45,55,3,15,4,18,48,19,58,22,54,33,49,56,55,61,25,57,20,39,,,58,57,,,61,15,59,56,61,53,60,60,60,61,20,25,9,5,2,54,41,43,50,54,58,53,51,40,,58,,,b'\x11\xe8\xe1I\xcb\x0b\xc3\xb4\xaf\x82\x12\xdf\x17\xaeN\x1e'
11E8E149-CB0B-C3B4-AF82-12DF17AE4E1E,2019-ncaa-d0-natl,ncaa,342,348,173,346,177,225,228,237,214,228,218,224,180,191,164,181,204,191,231,193,157,228,210,212,205,230,159,169,152,286,287,254,239,280,277,223,196,241,245,249,298,311,320,336,,,230,249,,,302,163,147,22,234,241,238,243,215,180,195,194,174,175,231,198,295,264,308,235,244,299,323,,257,,,299,269,283,196,308,335,269,317,37,61,34,31,281,290,124,289,235,226,179,266,267,306,13,12,240,174,239,165,287,173,277,217,118,285,300,282,266,276,36,67,,,225,201,,,302,182,259,302,297,296,302,243,342,310,35,65,287,298,297,283,231,190,197,207,237,277,269,51,,206,,,b'\x11\xe8\xe1I\xcb\x0b\xc3\xb4\xaf\x82\x12\xdf\x17\xaeN\x1e'
11E8E149-CB0B-C3B4-AF82-12DF17AE4E1E,2019-ncaa-d1-conf-WAC,ncaa,8,8,5,8,5,6,6,6,5,8,7,7,4,6,2,5,6,7,7,7,6,6,7,5,5,5,3,4,7,8,8,7,6,9,8,5,3,2,4,2,8,9,9,9,,,9,9,,,7,7,6,1,4,5,5,7,5,4,5,6,7,7,6,7,8,6,9,3,2,8,9,,9,,,7,7,7,3,8,7,4,8,2,1,5,1,8,9,3,9,8,4,3,8,8,8,2,1,7,2,6,3,8,3,8,6,4,7,7,7,7,6,2,3,,,4,4,,,7,3,6,7,7,8,8,4,8,6,2,2,9,9,9,6,5,5,5,5,6,8,7,3,,3,,,b'\x11\xe8\xe1I\xcb\x0b\xc3\xb4\xaf\x82\x12\xdf\x17\xaeN\x1e'
11E8E149-CB0B-C3B4-AF82-12DF17AE4E1E,2019-ncaa-d1-natl,ncaa,341,348,155,347,162,236,246,228,228,240,216,234,186,191,186,180,210,195,240,198,161,232,216,220,224,240,164,170,156,293,296,246,243,289,284,233,202,226,235,244,308,320,319,334,,,229,253,,,310,176,158,24,248,248,239,244,216,186,191,208,179,180,229,208,299,255,304,242,229,306,321,,258,,,306,275,293,220,311,331,276,318,39,64,58,34,273,282,119,278,226,240,171,269,272,312,16,13,222,190,243,193,296,183,284,219,107,287,306,287,254,270,44,73,,,223,192,,,310,173,270,307,306,297,305,250,343,310,50,71,278,287,287,287,226,194,208,210,234,282,258,55,,200,,,b'\x11\xe8\xe1I\xcb\x0b\xc3\xb4\xaf\x82\x12\xdf\x17\xaeN\x1e'
11E8E149-CB0B-C3B4-AF82-12DF17AE4E1E,2020-ncaa-d0-natl,ncaa,259,195,336,246,336,250,277,248,276,281,249,282,190,182,197,160,149,109,261,114,82,233,291,263,256,188,94,148,67,259,265,288,297,290,299,289,235,19,39,134,198,170,316,304,,,180,255,,,198,289,49,17,118,164,36,188,104,126,104,54,29,30,21,56,195,133,149,204,77,129,287,,311,,,201,89,46,95,56,58,83,95,98,174,34,212,300,269,318,265,294,118,86,55,95,135,269,128,332,252,297,173,265,213,299,84,170,266,242,174,90,141,102,146,,,242,127,,,198,58,199,190,202,274,195,313,189,259,186,295,343,327,328,337,327,327,324,339,193,175,200,181,,78,,,b'\x11\xe8\xe1I\xcb\x0b\xc3\xb4\xaf\x82\x12\xdf\x17\xaeN\x1e'
11E8E149-CB0B-C3B4-AF82-12DF17AE4E1E,2020-ncaa-d1-conf-WAC,ncaa,7,6,4,7,4,5,5,4,7,6,3,7,4,4,3,4,3,3,8,3,4,4,4,7,7,6,3,4,4,5,7,6,8,5,7,5,8,3,2,5,4,5,4,5,,,9,8,,,5,3,3,2,3,5,1,5,3,4,4,3,3,3,1,1,5,5,5,5,3,3,4,,9,,,5,5,5,8,2,4,5,4,4,9,1,7,9,8,6,8,7,8,7,2,3,3,6,6,9,9,8,8,7,8,7,4,3,4,5,2,3,2,7,6,,,4,5,,,5,6,6,6,6,6,6,7,5,6,5,9,8,8,8,7,7,8,8,8,4,3,3,7,,4,,,b'\x11\xe8\xe1I\xcb\x0b\xc3\xb4\xaf\x82\x12\xdf\x17\xaeN\x1e'
11E8E149-CB0B-C3B4-AF82-12DF17AE4E1E,2020-ncaa-d1-natl,ncaa,238,195,326,233,327,208,230,179,266,244,205,268,152,144,182,154,107,80,235,86,86,160,245,250,243,171,90,144,76,247,265,246,282,263,287,243,204,30,34,113,154,146,314,313,,,210,231,,,187,217,50,18,107,154,33,189,112,116,98,61,32,35,25,63,204,139,165,170,69,112,298,,285,,,186,142,92,169,64,97,139,98,153,228,48,227,297,274,310,265,278,190,161,62,104,138,274,161,312,264,282,225,265,260,287,115,166,219,228,162,89,110,152,168,,,209,153,,,187,124,192,182,190,267,198,307,175,239,212,296,327,310,305,328,326,315,315,330,185,160,163,207,,107,,,b'\x11\xe8\xe1I\xcb\x0b\xc3\xb4\xaf\x82\x12\xdf\x17\xaeN\x1e'
11E8E149-CB0B-C3B4-AF82-12DF17AE4E1E,2021-ncaa-d0-natl,ncaa,205,250,157,230,165,166,166,121,284,161,122,250,173,115,301,155,146,115,272,111,125,119,131,272,285,257,167,194,114,160,263,142,136,151,252,195,244,186,122,221,53,53,82,69,,,260,261,,,261,129,18,74,159,169,44,162,110,191,94,121,74,67,37,28,156,116,119,224,190,31,91,,301,,,249,221,189,193,177,157,156,179,273,261,216,276,272,277,172,273,304,208,216,213,234,186,311,265,268,172,136,284,263,256,252,247,279,85,108,156,233,192,267,238,,,116,126,,,261,218,263,161,244,271,210,223,131,107,298,302,311,303,303,266,316,170,330,314,265,58,243,280,,62,,,b'\x11\xe8\xe1I\xcb\x0b\xc3\xb4\xaf\x82\x12\xdf\x17\xaeN\x1e'
11E8E149-CB0B-C3B4-AF82-12DF17AE4E1E,2021-ncaa-d1-conf-WAC,ncaa,5,5,3,5,4,4,4,2,5,5,3,5,5,2,7,5,4,3,6,2,5,2,2,6,7,6,5,4,4,4,7,3,4,3,6,4,5,3,2,4,2,2,2,2,,,5,5,,,5,2,2,4,3,4,2,4,4,4,3,4,2,2,1,2,4,4,4,4,2,2,2,,4,,,5,8,6,6,4,5,6,4,8,7,8,6,6,5,4,5,4,7,7,4,4,4,6,8,4,6,4,8,7,7,6,7,4,2,3,4,6,3,7,7,,,2,4,,,5,7,6,3,5,6,5,6,4,5,7,6,3,4,4,6,7,5,8,8,5,3,5,6,,2,,,b'\x11\xe8\xe1I\xcb\x0b\xc3\xb4\xaf\x82\x12\xdf\x17\xaeN\x1e'
11E8E149-CB0B-C3B4-AF82-12DF17AE4E1E,2021-ncaa-d1-natl,ncaa,164,250,70,204,83,94,83,50,227,76,58,201,107,68,250,153,118,73,265,70,159,53,52,230,240,201,181,177,192,80,238,66,135,71,218,109,228,250,99,155,26,47,57,68,,,301,225,,,196,44,19,99,126,112,38,107,95,145,94,151,108,104,35,31,142,85,95,169,166,29,83,,272,,,188,284,259,269,134,199,213,145,316,316,217,296,291,299,122,298,290,281,293,177,188,153,318,294,230,252,135,318,238,311,218,304,293,44,112,162,263,161,273,174,,,65,168,,,196,300,212,132,186,252,190,231,108,104,304,313,268,274,275,263,313,182,317,300,268,64,201,222,,99,,,b'\x11\xe8\xe1I\xcb\x0b\xc3\xb4\xaf\x82\x12\xdf\x17\xaeN\x1e'
11E8E149-CB0B-C3B4-AF82-12DF17AE4E1E,2022-ncaa-d0-natl,ncaa,268,266,216,278,226,230,232,210,263,257,253,224,156,121,232,100,225,202,261,207,131,211,233,239,242,223,105,110,188,235,266,208,307,230,303,204,128,128,167,167,112,104,173,118,,,200,202,,,274,220,147,49,217,225,164,260,245,123,92,205,176,179,177,174,223,174,210,186,171,92,159,,254,,,274,210,154,199,101,55,56,163,335,342,189,350,230,220,281,213,292,203,190,178,190,224,352,342,229,304,307,231,266,272,303,286,332,217,230,285,221,260,208,261,,,224,194,,,274,149,235,262,271,267,198,281,65,46,346,353,262,247,245,285,286,325,298,320,307,190,250,238,,193,,,b'\x11\xe8\xe1I\xcb\x0b\xc3\xb4\xaf\x82\x12\xdf\x17\xaeN\x1e'
11E8E149-CB0B-C3B4-AF82-12DF17AE4E1E,2022-ncaa-d1-conf-WAC,ncaa,10,11,8,11,9,10,8,7,9,7,8,7,7,6,11,5,9,9,12,9,8,7,7,8,10,8,8,6,10,9,11,5,11,8,12,7,7,2,3,5,7,8,4,3,,,7,8,,,9,6,7,3,8,7,4,6,5,6,5,11,7,7,5,7,7,5,8,7,4,6,4,,7,,,9,8,6,9,3,2,2,5,13,13,5,13,7,7,13,7,8,9,8,5,6,6,12,13,7,10,11,12,11,12,12,10,12,9,11,10,2,4,10,10,,,9,9,,,9,8,9,10,9,8,7,11,3,2,12,12,7,7,7,11,10,11,12,11,12,10,4,10,,9,,,b'\x11\xe8\xe1I\xcb\x0b\xc3\xb4\xaf\x82\x12\xdf\x17\xaeN\x1e'
11E8E149-CB0B-C3B4-AF82-12DF17AE4E1E,2022-ncaa-d1-natl,ncaa,247,266,146,260,164,200,197,156,254,216,211,195,139,100,247,103,225,191,278,189,160,164,167,229,251,229,126,118,213,196,252,149,293,171,284,158,103,173,167,158,90,100,159,120,,,249,212,,,252,160,148,58,216,212,154,234,232,127,92,227,191,195,164,162,207,135,157,155,168,89,159,,254,,,252,222,162,244,73,57,84,104,345,349,185,350,240,231,249,226,283,246,236,135,152,170,351,346,222,330,293,281,252,321,284,297,335,177,214,268,277,270,238,253,,,203,230,,,252,204,237,220,249,235,164,274,43,50,347,353,238,238,236,278,279,323,292,318,303,180,262,243,,212,,,b'\x11\xe8\xe1I\xcb\x0b\xc3\xb4\xaf\x82\x12\xdf\x17\xaeN\x1e'
11E8E149-CB0B-C3B4-AF82-12DF17AE4E1E,2023-ncaa-d0-natl,ncaa,325,339,164,335,185,245,267,225,282,311,292,274,123,99,189,71,226,212,225,216,112,233,154,243,240,292,50,61,157,182,191,238,281,221,258,220,123,346,344,316,270,296,201,192,,,287,312,,,324,150,134,118,274,289,265,331,310,102,90,225,205,214,260,126,178,255,242,225,344,273,197,,310,,,320,280,209,211,169,199,157,242,177,266,55,240,339,331,301,326,326,250,197,157,232,305,276,135,339,255,281,177,191,213,258,184,155,288,327,281,353,348,246,322,,,203,227,,,324,189,303,309,326,297,227,262,219,161,193,285,349,336,333,310,251,277,211,246,199,304,351,262,,188,,,b'\x11\xe8\xe1I\xcb\x0b\xc3\xb4\xaf\x82\x12\xdf\x17\xaeN\x1e'
11E8E149-CB0B-C3B4-AF82-12DF17AE4E1E,2023-ncaa-d1-conf-WAC,ncaa,10,11,4,11,7,10,10,10,10,11,10,9,5,5,7,5,10,10,7,10,9,10,8,8,8,12,6,5,9,10,9,5,9,10,10,9,8,13,13,13,11,12,7,7,,,10,9,,,11,6,5,12,11,11,12,11,11,5,5,10,11,11,12,7,9,6,9,9,13,12,7,,10,,,11,9,6,10,5,5,9,4,9,9,6,9,11,10,9,10,10,10,8,5,5,7,10,9,11,10,9,6,9,9,10,6,6,11,11,9,13,13,7,8,,,8,10,,,11,5,11,7,11,7,6,9,6,7,9,10,11,11,11,9,8,10,7,7,5,11,13,8,,11,,,b'\x11\xe8\xe1I\xcb\x0b\xc3\xb4\xaf\x82\x12\xdf\x17\xaeN\x1e'
11E8E149-CB0B-C3B4-AF82-12DF17AE4E1E,2023-ncaa-d1-natl,ncaa,337,339,219,340,244,287,299,292,294,333,320,280,136,122,188,74,246,233,224,242,110,290,215,251,246,304,46,62,158,218,197,280,292,271,267,253,131,342,346,323,298,306,212,197,,,272,313,,,332,212,138,103,283,300,271,337,314,111,92,227,209,216,269,132,191,268,254,241,346,287,199,,314,,,329,258,176,174,181,171,115,253,164,248,55,239,336,325,309,319,329,223,140,181,243,313,273,130,340,238,292,140,197,182,267,164,160,321,331,292,349,350,237,326,,,236,222,,,332,124,314,323,335,311,238,262,235,159,205,288,352,339,338,314,249,280,213,255,210,313,351,270,,188,,,b'\x11\xe8\xe1I\xcb\x0b\xc3\xb4\xaf\x82\x12\xdf\x17\xaeN\x1e'
11E8E149-CB0B-C3B4-AF82-12DF17AE4E1E,2024-ncaa-d0-natl,ncaa,319,323,258,327,264,230,233,199,271,266,266,221,142,102,247,70,243,243,188,242,163,205,192,240,240,260,92,90,190,127,124,297,322,242,265,209,145,261,258,249,129,128,194,161,,,256,296,,,327,221,97,55,190,200,105,252,230,120,63,204,213,209,122,75,83,284,195,176,302,96,174,,319,,,326,285,258,168,320,228,64,352,296,305,179,319,292,289,189,293,322,191,166,336,336,339,284,246,231,257,322,141,124,193,265,344,357,239,242,346,327,330,320,347,,,257,284,,,327,142,242,346,321,346,329,278,300,104,337,348,319,318,319,309,293,307,240,285,354,193,343,343,,217,,,b'\x11\xe8\xe1I\xcb\x0b\xc3\xb4\xaf\x82\x12\xdf\x17\xaeN\x1e'
11E8E149-CB0B-C3B4-AF82-12DF17AE4E1E,2024-ncaa-d1-conf-WAC,ncaa,8,7,9,8,10,9,8,9,8,9,8,8,5,6,8,5,8,9,3,9,8,10,8,8,8,8,5,5,6,6,4,10,11,10,9,10,10,9,10,11,6,5,7,6,,,6,9,,,8,9,4,7,8,8,4,7,6,5,5,7,8,8,5,3,3,10,10,10,10,5,7,,10,,,8,6,6,5,11,9,3,11,5,6,5,8,5,7,5,7,9,5,5,11,11,10,6,5,6,7,11,3,4,3,9,9,10,7,6,9,8,9,9,9,,,10,10,,,8,4,8,10,9,11,10,7,10,6,6,8,8,10,10,7,9,11,5,7,11,7,10,10,,10,,,b'\x11\xe8\xe1I\xcb\x0b\xc3\xb4\xaf\x82\x12\xdf\x17\xaeN\x1e'
11E8E149-CB0B-C3B4-AF82-12DF17AE4E1E,2024-ncaa-d1-natl,ncaa,334,325,320,335,326,274,283,253,292,311,303,240,169,124,256,71,267,263,187,264,161,268,255,253,257,272,88,88,193,164,135,324,333,290,284,249,152,226,264,261,156,135,213,166,,,240,302,,,336,276,100,48,212,227,113,273,234,124,65,206,217,213,134,82,97,295,218,192,305,108,179,,321,,,337,272,246,125,331,206,44,359,289,294,197,323,274,269,195,271,328,150,107,345,348,348,290,247,234,246,333,109,135,154,284,343,359,275,261,349,320,335,315,353,,,300,282,,,336,87,257,350,332,350,332,283,311,113,339,350,323,324,324,315,294,312,245,292,358,204,346,346,,222,,,b'\x11\xe8\xe1I\xcb\x0b\xc3\xb4\xaf\x82\x12\xdf\x17\xaeN\x1e'
11E8E149-CB0B-C3B4-AF82-12DF17AE4E1E,2025-ncaa-d0-natl,genius_ncaa,349,352,248,352,299,311,315,285,319,337,340,246,176,100,299,31,312,295,262,294,125,294,219,280,300,332,56,51,208,259,263,317,296,319,318,283,169,343,354,342,151,129,321,319,,,199,240,,235,353,203,53,358,319,324,260,337,334,143,50,298,280,282,283,116,241,317,311,276,354,119,314,,269,,279,354,292,282,153,355,213,83,351,330,274,355,311,168,173,137,173,252,160,159,360,357,352,286,319,86,161,296,170,263,170,318,350,353,181,160,331,346,352,165,318,,,237,225,,164,353,164,343,342,351,344,344,255,286,127,352,323,221,230,228,261,291,225,259,254,358,127,355,211,,191,,143,b'\x11\xe8\xe1I\xcb\x0b\xc3\xb4\xaf\x82\x12\xdf\x17\xaeN\x1e'
11E8E149-CB0B-C3B4-AF82-12DF17AE4E1E,2025-ncaa-d1-conf-WAC,genius_ncaa,9,8,6,9,7,8,9,7,8,8,7,8,5,3,9,3,8,8,6,8,6,8,6,9,9,9,3,3,4,6,7,8,8,9,8,9,7,9,9,9,6,6,9,9,,,6,6,,6,9,5,2,3,8,8,6,8,7,4,3,8,7,7,8,3,5,6,7,9,9,6,9,,8,,6,9,8,8,6,9,7,5,8,8,6,9,5,6,7,5,7,7,6,5,9,9,9,5,7,3,5,8,6,7,6,8,8,7,6,6,8,8,8,3,6,,,8,9,,3,9,5,9,8,9,9,9,7,9,6,9,7,8,8,8,8,8,5,7,7,9,5,9,5,,7,,2,b'\x11\xe8\xe1I\xcb\x0b\xc3\xb4\xaf\x82\x12\xdf\x17\xaeN\x1e'
11E8E149-CB0B-C3B4-AF82-12DF17AE4E1E,2025-ncaa-d1-natl,genius_ncaa,346,352,244,350,302,312,312,286,310,335,338,233,162,87,293,31,315,303,277,302,140,295,231,271,295,332,62,51,232,270,273,310,304,312,319,275,166,344,352,335,135,123,324,323,,,196,225,,228,349,189,54,357,317,319,263,334,335,135,49,304,289,290,285,129,257,312,310,266,353,108,322,,260,,263,349,298,296,172,353,223,97,346,331,281,354,309,161,167,149,162,234,172,183,360,356,344,280,317,77,183,304,181,273,179,319,353,353,175,159,329,346,352,162,316,,,242,242,,171,349,173,341,334,347,345,343,264,288,142,347,324,204,213,212,266,294,238,261,263,357,129,349,202,,206,,148,b'\x11\xe8\xe1I\xcb\x0b\xc3\xb4\xaf\x82\x12\xdf\x17\xaeN\x1e'
11E8E149-CB0B-C3B4-AF82-12DF17AE4E1E,2026-ncaa-d0-natl,genius_ncaa,260,198,279,265,291,311,303,316,221,287,306,189,290,283,292,152,256,300,20,306,201,318,312,235,206,249,178,214,85,349,343,296,226,325,306,308,254,138,310,292,328,324,216,246,,,72,125,,59,303,292,62,97,254,258,284,231,252,248,201,152,240,256,297,228,350,226,323,277,293,318,158,,179,,114,313,143,195,103,329,267,183,308,35,26,244,16,93,119,65,123,92,94,81,309,281,312,7,20,86,82,226,69,343,72,306,102,45,321,319,279,126,272,136,257,,,303,187,,286,303,84,286,303,300,326,349,332,353,355,83,50,199,237,241,322,298,216,222,218,235,289,272,237,,221,,248,b'\x11\xe8\xe1I\xcb\x0b\xc3\xb4\xaf\x82\x12\xdf\x17\xaeN\x1e'
11E8E149-CB0B-C3B4-AF82-12DF17AE4E1E,2026-ncaa-d1-natl,genius_ncaa,203,195,177,216,197,211,185,228,141,160,196,134,228,231,209,202,215,261,63,262,281,238,224,150,149,181,246,214,214,306,300,188,192,247,228,209,238,201,246,233,260,288,188,250,,,134,102,,108,249,193,64,100,184,163,184,124,156,214,212,207,255,259,202,183,308,127,238,188,248,254,174,,164,,127,251,227,279,223,273,317,280,262,108,114,167,61,99,153,27,161,87,214,189,250,200,257,15,63,64,190,192,157,300,165,228,141,36,271,300,236,200,247,192,202,,,271,285,,284,249,185,224,245,238,291,327,331,342,349,120,118,117,175,192,324,301,224,198,211,165,260,251,216,,272,,285,b'\x11\xe8\xe1I\xcb\x0b\xc3\xb4\xaf\x82\x12\xdf\x17\xaeN\x1e'
11E8E149-CB10-DDF4-AF82-12DF17AE4E1E,2010-ncaa-d0-natl,ncaa,274,290,178,282,226,314,303,247,333,296,200,334,267,249,294,213,316,313,271,315,320,264,267,333,338,330,214,186,221,190,226,263,135,238,230,288,185,135,221,268,299,273,184,192,,,37,91,,,319,280,300,283,334,327,248,306,190,268,249,318,317,317,283,288,170,285,256,308,166,300,182,,46,,,316,109,193,101,303,219,172,268,104,40,307,71,33,42,95,42,42,78,52,287,249,286,39,128,43,44,135,219,226,141,230,196,196,289,240,290,165,230,255,272,,,323,322,,,319,65,327,253,320,138,221,99,256,203,109,42,45,57,53,65,27,47,256,183,223,296,188,274,,332,,,b'\x11\xe8\xe1I\xcb\x10\xdd\xf4\xaf\x82\x12\xdf\x17\xaeN\x1e'
11E8E149-CB10-DDF4-AF82-12DF17AE4E1E,2010-ncaa-d1-conf-AAC,ncaa,16,16,10,16,12,16,16,15,16,15,14,16,15,9,15,4,15,15,16,14,14,15,15,16,16,16,8,3,12,13,13,15,13,15,14,16,9,10,15,15,14,13,9,9,,,4,4,,,16,15,14,10,16,16,14,15,13,15,7,15,15,14,14,14,13,15,14,16,11,13,9,,4,,,16,11,11,6,16,14,6,15,9,4,16,6,4,4,6,4,4,4,2,16,16,16,4,8,3,4,13,15,13,11,14,12,9,15,13,15,12,16,12,14,,,15,16,,,16,2,16,16,16,14,15,10,15,13,9,6,4,4,4,9,3,6,16,15,14,14,15,12,,15,,,b'\x11\xe8\xe1I\xcb\x10\xdd\xf4\xaf\x82\x12\xdf\x17\xaeN\x1e'
11E8E149-CB10-DDF4-AF82-12DF17AE4E1E,2010-ncaa-d1-natl,ncaa,281,289,191,287,258,325,317,263,335,310,209,335,274,257,295,213,319,320,269,322,321,291,293,335,339,330,214,187,221,201,228,286,142,259,239,303,187,120,223,273,310,278,194,195,,,30,91,,,322,310,302,285,334,327,250,309,191,269,250,318,317,319,286,289,172,287,261,311,167,306,183,,47,,,320,87,180,80,303,213,153,276,96,30,308,69,31,39,100,39,43,50,25,291,257,289,39,125,42,38,142,202,228,119,239,189,197,310,245,294,150,231,249,276,,,334,321,,,322,37,328,263,323,143,226,100,260,205,111,42,45,58,54,67,26,48,257,186,229,298,191,277,,333,,,b'\x11\xe8\xe1I\xcb\x10\xdd\xf4\xaf\x82\x12\xdf\x17\xaeN\x1e'
11E8E149-CB10-DDF4-AF82-12DF17AE4E1E,2011-ncaa-d0-natl,ncaa,282,301,170,288,179,290,300,207,335,306,186,339,216,203,227,193,216,178,255,172,165,197,187,330,331,326,94,124,82,104,104,315,310,256,266,312,284,204,233,312,244,243,286,269,,,281,318,,,319,240,247,51,309,319,197,314,176,207,194,208,168,159,195,168,81,331,270,326,227,252,285,,301,,,314,198,173,83,298,156,60,295,209,183,259,219,214,241,102,232,295,106,122,300,301,276,230,212,212,175,310,173,104,176,266,179,194,173,138,184,69,80,299,303,,,225,232,,,319,109,309,280,316,226,198,92,180,60,241,200,240,260,258,129,131,197,213,211,200,145,88,306,,231,,,b'\x11\xe8\xe1I\xcb\x10\xdd\xf4\xaf\x82\x12\xdf\x17\xaeN\x1e'
11E8E149-CB10-DDF4-AF82-12DF17AE4E1E,2011-ncaa-d1-conf-AAC,ncaa,16,16,13,16,14,14,15,13,16,14,12,16,10,10,8,8,10,11,11,11,11,13,12,16,15,15,4,6,6,8,8,16,16,14,15,16,13,7,12,16,12,13,15,15,,,11,12,,,15,12,9,8,13,15,7,14,7,9,10,10,9,9,12,9,6,16,14,16,11,12,15,,13,,,15,13,10,3,15,12,6,15,7,6,12,8,11,10,9,10,11,5,6,15,15,14,6,8,9,11,16,12,8,12,15,9,7,9,8,10,4,9,16,15,,,12,12,,,15,5,14,14,15,15,15,9,16,8,10,7,12,11,12,12,10,14,13,16,13,7,10,16,,11,,,b'\x11\xe8\xe1I\xcb\x10\xdd\xf4\xaf\x82\x12\xdf\x17\xaeN\x1e'
11E8E149-CB10-DDF4-AF82-12DF17AE4E1E,2011-ncaa-d1-natl,ncaa,289,301,199,297,211,301,312,233,336,312,208,341,225,210,226,189,232,194,255,186,169,224,219,332,332,328,90,120,76,116,106,326,311,273,272,325,285,182,235,314,258,246,289,270,,,265,322,,,320,267,251,49,312,320,201,316,177,208,193,211,176,164,198,172,84,333,269,330,229,256,289,,301,,,319,182,157,63,300,138,46,299,198,168,261,216,206,228,102,222,296,79,88,301,301,286,230,211,213,157,311,151,106,150,272,173,193,194,148,191,58,82,293,307,,,249,231,,,320,77,315,291,321,234,202,94,181,61,241,202,246,259,258,134,135,197,214,213,200,156,88,306,,230,,,b'\x11\xe8\xe1I\xcb\x10\xdd\xf4\xaf\x82\x12\xdf\x17\xaeN\x1e'
11E8E149-CB10-DDF4-AF82-12DF17AE4E1E,2012-ncaa-d0-natl,ncaa,279,309,120,297,145,264,259,217,288,255,221,288,184,169,208,142,260,259,143,266,246,235,252,270,265,252,129,130,173,159,124,257,207,216,160,313,319,87,151,281,312,308,163,114,,,292,337,,,272,285,333,209,302,303,273,295,251,183,177,270,286,290,287,317,172,290,261,323,76,324,171,,294,,,269,169,79,69,186,38,42,155,282,229,301,276,300,292,238,292,332,100,63,223,264,295,336,294,306,124,207,96,124,103,160,253,330,311,294,320,13,31,81,108,,,284,257,,,272,55,231,297,278,160,67,35,22,11,265,219,291,282,283,60,15,114,82,76,236,324,13,72,,315,,,b'\x11\xe8\xe1I\xcb\x10\xdd\xf4\xaf\x82\x12\xdf\x17\xaeN\x1e'
11E8E149-CB10-DDF4-AF82-12DF17AE4E1E,2012-ncaa-d1-conf-AAC,ncaa,15,15,12,15,14,16,16,13,15,15,12,15,10,9,11,8,13,14,12,14,14,14,14,14,15,13,10,8,11,7,8,15,11,13,10,16,15,4,7,15,14,14,13,13,,,14,16,,,15,16,15,10,16,16,11,15,8,9,8,12,14,14,12,14,5,15,13,16,4,14,13,,16,,,15,7,4,2,12,2,2,12,13,10,13,14,15,14,9,15,15,4,1,15,15,15,15,14,14,2,11,10,8,4,10,13,15,15,14,15,1,2,5,7,,,16,15,,,15,1,13,15,15,12,7,2,4,2,14,12,16,15,16,6,2,5,11,8,14,15,1,5,,15,,,b'\x11\xe8\xe1I\xcb\x10\xdd\xf4\xaf\x82\x12\xdf\x17\xaeN\x1e'
11E8E149-CB10-DDF4-AF82-12DF17AE4E1E,2012-ncaa-d1-natl,ncaa,286,306,137,299,169,281,280,243,292,279,247,292,191,179,209,142,271,282,143,285,244,264,284,276,271,254,125,128,170,180,131,279,213,247,168,320,321,75,152,285,321,310,173,117,,,285,336,,,277,314,334,200,305,306,274,302,256,187,177,269,289,293,289,317,180,290,266,325,76,325,173,,295,,,275,148,61,45,193,27,27,162,273,217,307,278,294,287,241,287,331,71,36,227,267,299,335,293,308,108,213,73,131,69,168,245,330,322,301,321,11,34,74,113,,,303,261,,,277,27,240,305,287,166,70,35,25,12,266,218,292,283,285,61,14,118,84,78,238,327,13,74,,315,,,b'\x11\xe8\xe1I\xcb\x10\xdd\xf4\xaf\x82\x12\xdf\x17\xaeN\x1e'
11E8E149-CB10-DDF4-AF82-12DF17AE4E1E,2013-ncaa-d0-natl,ncaa,235,265,120,258,173,273,254,197,300,275,201,312,160,165,156,128,320,325,202,326,330,228,223,286,301,298,143,90,294,177,190,283,207,251,241,221,121,200,239,225,155,124,256,227,,,301,334,,,297,230,278,267,314,291,232,297,237,159,166,330,330,330,280,266,192,318,290,239,191,170,260,,294,,,294,186,140,67,276,114,55,261,213,170,294,219,250,260,105,262,311,86,106,290,292,265,271,234,242,108,207,201,190,161,241,175,216,182,124,177,58,80,289,302,,,335,339,,,297,113,295,260,297,164,130,33,101,31,214,162,243,251,254,56,53,103,191,139,168,184,71,286,,343,,,b'\x11\xe8\xe1I\xcb\x10\xdd\xf4\xaf\x82\x12\xdf\x17\xaeN\x1e'
11E8E149-CB10-DDF4-AF82-12DF17AE4E1E,2013-ncaa-d1-conf-AAC,ncaa,11,11,4,11,9,13,14,13,13,15,13,15,7,8,4,4,14,13,13,13,14,13,11,12,13,13,3,2,13,11,13,13,9,12,11,12,7,9,12,12,9,9,12,12,,,14,14,,,13,11,11,12,14,14,13,15,14,6,8,14,14,14,13,12,12,13,13,12,10,9,13,,13,,,13,8,8,3,11,7,4,11,8,6,14,9,12,12,6,12,12,4,4,11,11,12,11,11,12,5,9,9,13,6,11,7,8,11,10,9,3,5,13,15,,,15,15,,,13,5,13,11,13,9,9,2,7,3,10,6,11,12,12,4,4,5,10,8,7,11,3,13,,15,,,b'\x11\xe8\xe1I\xcb\x10\xdd\xf4\xaf\x82\x12\xdf\x17\xaeN\x1e'
11E8E149-CB10-DDF4-AF82-12DF17AE4E1E,2013-ncaa-d1-natl,ncaa,248,265,136,262,200,294,273,220,306,289,222,317,169,171,158,126,323,328,201,330,330,250,251,287,305,299,139,89,294,200,194,304,212,278,246,236,123,184,243,229,168,133,265,232,,,295,335,,,305,260,280,267,315,296,236,300,240,159,166,332,331,330,284,269,196,321,295,244,192,175,265,,297,,,304,169,127,42,282,101,44,263,202,154,299,218,237,249,108,251,314,65,78,293,298,269,270,234,242,92,212,184,194,141,246,166,218,197,128,183,51,84,285,305,,,339,339,,,305,86,301,266,304,168,132,33,104,31,218,159,244,252,259,58,51,105,197,143,176,187,70,286,,344,,,b'\x11\xe8\xe1I\xcb\x10\xdd\xf4\xaf\x82\x12\xdf\x17\xaeN\x1e'
11E8E149-CB10-DDF4-AF82-12DF17AE4E1E,2014-ncaa-d0-natl,ncaa,89,125,28,112,28,51,34,16,204,18,6,259,260,270,220,329,53,36,262,35,270,15,16,266,269,206,323,319,153,14,71,67,101,28,105,145,305,178,35,155,14,23,98,88,,,314,197,,,113,26,73,75,85,56,21,23,3,299,311,104,64,57,20,29,19,173,50,232,80,20,130,,224,,,114,316,268,280,180,187,151,226,326,331,207,325,291,320,57,317,315,301,317,229,224,144,327,310,216,196,101,333,71,311,105,305,288,22,49,103,119,32,325,143,,,82,300,,,113,326,144,110,116,201,150,116,78,21,307,315,218,256,254,159,247,93,271,221,239,46,65,299,,191,,,b'\x11\xe8\xe1I\xcb\x10\xdd\xf4\xaf\x82\x12\xdf\x17\xaeN\x1e'
11E8E149-CB10-DDF4-AF82-12DF17AE4E1E,2014-ncaa-d1-conf-Big East,ncaa,7,7,3,7,6,5,2,2,9,1,1,10,9,8,10,9,5,4,6,4,9,2,2,10,10,8,9,9,5,1,4,8,7,5,6,8,10,2,2,4,2,2,6,6,,,9,8,,,6,2,3,5,4,2,1,1,1,9,8,5,5,5,2,2,1,10,4,7,2,2,6,,9,,,6,8,6,3,8,4,1,8,9,9,8,9,10,10,2,10,10,5,9,10,10,5,9,8,9,3,7,10,4,9,6,8,9,2,2,3,2,1,7,6,,,6,9,,,6,9,6,7,6,9,6,4,3,1,9,9,10,10,10,4,8,5,9,9,8,2,2,7,,6,,,b'\x11\xe8\xe1I\xcb\x10\xdd\xf4\xaf\x82\x12\xdf\x17\xaeN\x1e'
11E8E149-CB10-DDF4-AF82-12DF17AE4E1E,2014-ncaa-d1-natl,ncaa,93,125,33,117,34,57,36,18,206,19,6,261,270,277,221,328,60,42,263,38,268,17,18,271,274,209,322,315,151,16,73,76,103,32,109,163,307,160,35,160,16,25,105,90,,,303,200,,,120,29,74,76,88,59,23,25,3,299,310,105,70,61,21,32,19,180,55,241,83,23,133,,222,,,122,310,256,264,185,169,132,231,324,329,208,322,282,310,59,309,316,292,312,241,234,153,327,308,218,176,103,329,73,305,109,300,290,27,53,106,108,32,322,147,,,91,301,,,120,321,149,119,124,205,156,120,84,21,308,315,220,257,255,160,244,94,273,225,247,47,66,301,,196,,,b'\x11\xe8\xe1I\xcb\x10\xdd\xf4\xaf\x82\x12\xdf\x17\xaeN\x1e'
11E8E149-CB10-DDF4-AF82-12DF17AE4E1E,2015-ncaa-d0-natl,ncaa,17,19,26,21,40,16,13,17,70,27,23,64,37,41,97,138,80,52,254,58,215,16,23,70,90,26,192,135,293,68,225,24,187,30,218,91,327,37,7,49,8,37,88,137,,,285,93,,,30,19,23,252,21,15,11,27,50,69,84,134,103,115,13,45,135,45,66,158,15,23,119,,178,,,30,315,305,333,66,267,313,61,310,319,169,233,244,251,140,252,129,330,332,86,76,71,239,264,149,332,187,343,225,344,218,314,252,37,115,125,24,3,119,25,,,67,263,,,30,331,32,92,33,181,187,302,142,245,257,268,159,163,165,294,326,287,320,326,227,71,12,63,,170,,,b'\x11\xe8\xe1I\xcb\x10\xdd\xf4\xaf\x82\x12\xdf\x17\xaeN\x1e'
11E8E149-CB10-DDF4-AF82-12DF17AE4E1E,2015-ncaa-d1-conf-Big East,ncaa,2,2,1,2,2,2,2,2,3,2,2,2,3,3,5,4,3,1,9,1,4,2,2,3,5,3,6,4,7,3,8,1,7,1,7,4,10,4,3,4,2,2,5,5,,,8,6,,,2,2,3,5,2,2,2,2,4,4,4,3,2,3,2,3,4,1,2,4,3,2,5,,7,,,2,7,7,9,1,4,6,1,9,10,5,8,8,8,9,8,8,9,10,2,2,1,9,8,8,9,7,10,8,10,7,9,10,2,2,3,2,2,2,2,,,3,5,,,2,9,4,1,2,5,3,9,3,5,7,9,7,7,7,9,9,7,10,9,6,2,2,2,,5,,,b'\x11\xe8\xe1I\xcb\x10\xdd\xf4\xaf\x82\x12\xdf\x17\xaeN\x1e'
11E8E149-CB10-DDF4-AF82-12DF17AE4E1E,2015-ncaa-d1-natl,ncaa,18,19,30,21,46,18,13,19,72,28,25,71,49,52,101,139,97,59,254,64,212,18,28,75,98,29,188,138,294,81,227,29,197,33,227,107,329,25,7,53,11,40,92,140,,,273,94,,,31,22,24,250,22,15,11,29,51,69,84,135,104,114,13,48,147,46,70,162,16,27,124,,177,,,31,306,292,328,69,257,311,64,305,313,179,234,233,240,143,241,131,327,330,97,82,80,237,264,144,326,197,341,227,342,227,307,253,46,117,142,19,3,103,29,,,83,260,,,31,330,36,100,35,195,200,304,153,251,259,270,167,164,169,297,325,291,323,328,235,76,11,65,,170,,,b'\x11\xe8\xe1I\xcb\x10\xdd\xf4\xaf\x82\x12\xdf\x17\xaeN\x1e'
11E8E149-CB10-DDF4-AF82-12DF17AE4E1E,2015-ncaa-d1-ncaatournament,ncaa,33,2,33,33,33,42,44,43,49,50,45,50,33,42,27,24,43,35,63,34,11,38,39,43,49,47,13,13,34,35,37,52,45,47,51,38,10,18,30,26,40,28,41,38,,,30,57,,,48,40,12,4,33,36,19,46,33,11,17,32,10,10,13,9,12,51,43,17,40,19,32,,61,,,49,21,13,12,46,11,14,25,23,11,60,15,26,30,20,29,55,18,26,49,48,38,50,41,51,14,45,24,37,22,51,11,30,32,11,13,9,19,13,35,,,35,6,,,48,27,48,32,43,47,33,16,26,27,44,16,55,56,56,33,52,28,54,52,34,5,20,28,,4,,,b'\x11\xe8\xe1I\xcb\x10\xdd\xf4\xaf\x82\x12\xdf\x17\xaeN\x1e'
11E8E149-CB10-DDF4-AF82-12DF17AE4E1E,2016-ncaa-d0-natl,ncaa,53,43,76,52,107,46,45,53,53,65,108,54,50,58,71,109,88,96,127,92,130,54,77,55,56,35,139,119,221,109,146,66,109,75,91,187,337,74,32,129,109,141,24,22,,,283,218,,,73,73,72,280,35,35,50,75,144,60,69,101,121,109,48,97,145,79,92,222,45,129,22,,248,,,74,286,244,276,117,162,217,103,305,298,258,265,295,279,290,276,238,284,277,154,190,197,314,280,245,216,109,235,146,234,91,240,208,133,198,197,82,47,31,16,,,95,162,,,73,280,34,182,75,236,188,236,120,152,281,281,264,246,242,240,252,158,149,150,192,181,62,15,,128,,,b'\x11\xe8\xe1I\xcb\x10\xdd\xf4\xaf\x82\x12\xdf\x17\xaeN\x1e'
11E8E149-CB10-DDF4-AF82-12DF17AE4E1E,2016-ncaa-d1-conf-Big East,ncaa,3,2,3,3,3,2,3,3,3,4,4,2,4,4,4,5,2,4,5,3,2,3,2,2,2,2,5,5,4,4,4,2,5,2,3,7,10,5,3,7,5,6,2,3,,,9,8,,,4,2,2,5,3,3,3,4,4,4,5,3,3,3,3,2,4,2,2,8,4,6,2,,8,,,4,8,6,7,7,4,4,5,10,10,9,10,9,8,8,8,8,7,9,8,8,8,9,10,7,6,5,5,4,6,3,9,8,4,5,5,4,3,2,2,,,3,5,,,4,9,2,7,4,8,7,8,3,3,9,9,8,8,8,8,9,6,4,5,8,4,3,1,,4,,,b'\x11\xe8\xe1I\xcb\x10\xdd\xf4\xaf\x82\x12\xdf\x17\xaeN\x1e'
11E8E149-CB10-DDF4-AF82-12DF17AE4E1E,2016-ncaa-d1-natl,ncaa,62,43,99,54,132,58,55,63,61,83,131,56,59,73,77,108,101,110,125,105,131,64,96,61,59,37,137,119,219,132,159,82,114,92,100,209,338,49,32,138,130,161,29,24,,,270,218,,,88,91,77,282,36,37,54,82,148,60,69,101,123,113,48,102,153,82,102,234,49,140,23,,251,,,85,270,226,255,133,149,190,109,300,287,259,262,286,265,292,262,242,258,257,165,197,210,314,278,245,190,114,208,159,204,100,225,210,166,209,204,65,52,23,18,,,110,161,,,88,266,35,192,84,240,199,237,131,156,281,279,272,247,243,242,251,160,156,158,200,191,63,16,,129,,,b'\x11\xe8\xe1I\xcb\x10\xdd\xf4\xaf\x82\x12\xdf\x17\xaeN\x1e'
11E8E149-CB10-DDF4-AF82-12DF17AE4E1E,2016-ncaa-d1-ncaatournament,ncaa,33,2,33,33,33,33,33,36,28,37,46,26,22,25,24,3,54,57,3,54,57,39,35,19,21,26,13,4,59,43,31,44,45,46,42,39,53,23,44,44,34,19,23,17,,,16,19,,,49,33,1,1,10,6,4,28,38,1,2,54,57,54,10,3,24,39,34,26,53,8,6,,37,,,53,30,28,30,49,21,23,45,31,26,54,37,31,24,62,24,44,32,31,52,57,58,47,38,45,18,45,16,31,19,42,25,32,48,37,48,25,44,7,22,,,56,61,,,49,31,24,59,53,62,60,61,53,53,58,49,59,52,52,64,63,41,45,46,55,31,49,16,,56,,,b'\x11\xe8\xe1I\xcb\x10\xdd\xf4\xaf\x82\x12\xdf\x17\xaeN\x1e'
11E8E149-CB10-DDF4-AF82-12DF17AE4E1E,2017-ncaa-d0-natl,ncaa,217,247,116,237,130,150,165,171,154,192,214,144,118,122,139,112,155,133,242,133,84,174,134,128,138,196,103,116,176,247,283,242,341,258,335,212,253,288,269,264,78,106,46,37,,,199,101,,,303,106,95,119,167,193,214,217,257,117,121,172,140,142,211,159,271,298,310,229,270,76,41,,174,,,301,326,321,286,305,273,189,318,333,326,276,311,196,215,97,210,195,285,287,325,310,300,263,303,78,338,341,266,283,320,335,336,303,114,181,275,248,234,126,153,,,212,276,,,303,243,220,324,299,328,325,303,273,149,334,326,176,200,196,301,318,335,237,315,334,121,247,115,,253,,,b'\x11\xe8\xe1I\xcb\x10\xdd\xf4\xaf\x82\x12\xdf\x17\xaeN\x1e'
11E8E149-CB10-DDF4-AF82-12DF17AE4E1E,2017-ncaa-d1-conf-Big East,ncaa,7,7,3,7,5,6,5,6,5,7,7,5,5,6,3,5,8,7,9,6,3,6,5,5,5,8,3,5,5,7,7,10,10,9,10,8,9,10,10,10,3,4,6,4,,,6,6,,,10,4,4,7,6,5,8,7,7,6,6,8,7,6,8,5,7,10,10,10,10,3,6,,7,,,10,9,9,8,10,9,5,10,10,9,10,8,7,7,7,7,7,8,8,10,10,10,9,8,5,10,10,4,7,10,10,9,7,4,4,7,9,9,6,5,,,7,7,,,10,7,8,10,10,10,9,8,8,5,10,10,8,7,7,8,9,10,5,10,9,4,9,6,,7,,,b'\x11\xe8\xe1I\xcb\x10\xdd\xf4\xaf\x82\x12\xdf\x17\xaeN\x1e'
11E8E149-CB10-DDF4-AF82-12DF17AE4E1E,2017-ncaa-d1-natl,ncaa,236,247,144,247,161,184,196,210,164,224,247,156,129,136,142,110,185,159,243,160,84,211,170,136,145,206,100,111,172,268,286,281,344,298,337,236,255,274,273,270,93,111,48,37,,,177,100,,,307,134,100,118,175,203,221,228,264,119,121,182,151,155,216,163,276,303,315,239,272,83,41,,178,,,307,323,316,270,314,257,145,327,332,319,286,312,172,199,97,192,196,269,264,331,322,313,262,303,76,337,344,246,286,308,337,334,302,147,189,283,233,239,112,164,,,244,275,,,307,210,226,329,307,330,328,303,280,151,337,326,178,203,197,303,316,336,239,320,335,127,248,120,,255,,,b'\x11\xe8\xe1I\xcb\x10\xdd\xf4\xaf\x82\x12\xdf\x17\xaeN\x1e'
11E8E149-CB10-DDF4-AF82-12DF17AE4E1E,2018-ncaa-d0-natl,ncaa,149,189,73,174,102,107,99,109,97,94,94,131,135,176,81,198,187,215,121,219,285,120,99,106,110,129,231,172,256,159,195,163,203,160,202,127,212,272,218,186,25,22,108,88,,,294,274,,,148,86,136,247,136,119,160,107,132,163,202,234,255,260,188,167,203,244,239,151,224,26,132,,258,,,149,242,222,200,233,194,113,296,256,291,126,300,210,212,167,217,254,209,251,248,244,166,238,232,171,197,203,220,195,220,202,278,284,59,78,147,183,144,147,105,,,243,307,,,148,260,139,163,151,164,160,101,135,37,231,268,176,172,182,97,171,146,154,153,237,76,141,119,,298,,,b'\x11\xe8\xe1I\xcb\x10\xdd\xf4\xaf\x82\x12\xdf\x17\xaeN\x1e'
11E8E149-CB10-DDF4-AF82-12DF17AE4E1E,2018-ncaa-d1-conf-Big East,ncaa,7,7,3,7,4,7,5,4,7,6,3,8,6,7,4,7,8,8,5,8,9,4,4,8,8,8,7,6,7,6,6,6,10,6,8,7,6,10,8,8,3,3,2,2,,,10,10,,,8,3,3,5,8,7,5,5,4,6,7,8,8,8,5,4,6,8,7,7,9,3,2,,10,,,8,8,6,6,6,5,3,7,8,9,3,9,10,10,6,10,9,7,8,6,6,5,8,7,8,10,10,9,6,10,8,8,9,3,4,5,9,7,6,5,,,9,9,,,8,8,8,8,8,7,5,3,4,3,8,9,8,9,9,6,8,10,8,10,9,3,9,6,,9,,,b'\x11\xe8\xe1I\xcb\x10\xdd\xf4\xaf\x82\x12\xdf\x17\xaeN\x1e'
11E8E149-CB10-DDF4-AF82-12DF17AE4E1E,2018-ncaa-d1-natl,ncaa,169,188,97,185,130,126,116,134,104,113,121,137,150,191,82,196,217,236,120,240,283,151,136,110,118,138,224,173,250,192,199,205,214,208,213,144,216,241,225,194,37,29,127,89,,,277,278,,,169,114,141,244,146,127,168,120,137,171,202,235,257,258,195,174,216,256,256,159,222,31,134,,259,,,170,212,201,162,248,172,75,304,241,279,132,299,192,194,172,197,254,170,217,264,254,187,233,230,174,171,214,196,199,191,213,269,285,79,80,159,162,154,138,111,,,268,304,,,169,232,150,182,170,174,171,105,145,38,234,268,180,177,184,102,171,150,163,159,243,81,147,129,,299,,,b'\x11\xe8\xe1I\xcb\x10\xdd\xf4\xaf\x82\x12\xdf\x17\xaeN\x1e'
11E8E149-CB10-DDF4-AF82-12DF17AE4E1E,2019-ncaa-d0-natl,ncaa,163,180,114,177,158,60,58,60,71,94,153,48,39,34,104,57,182,165,224,166,179,69,73,58,76,70,100,64,307,163,232,155,147,157,223,33,48,193,109,58,53,66,276,267,,,243,158,,,133,55,21,205,36,32,30,88,178,34,31,198,179,182,35,41,168,180,175,19,173,48,290,,240,,,133,315,294,254,279,216,99,323,338,329,213,333,257,216,316,229,265,257,275,311,316,281,307,311,156,147,147,295,232,259,223,323,305,68,97,219,148,88,107,92,,,178,278,,,133,290,89,248,142,315,285,256,209,51,337,342,247,206,223,263,298,129,290,244,322,62,136,89,,193,,,b'\x11\xe8\xe1I\xcb\x10\xdd\xf4\xaf\x82\x12\xdf\x17\xaeN\x1e'
11E8E149-CB10-DDF4-AF82-12DF17AE4E1E,2019-ncaa-d1-conf-Big East,ncaa,9,7,7,9,10,3,4,4,7,4,5,6,6,6,8,5,5,4,7,4,5,4,5,7,7,6,5,5,6,5,5,7,4,6,5,4,5,6,6,6,6,4,9,9,,,8,10,,,8,4,1,8,3,3,3,3,4,6,5,4,4,4,3,3,5,4,4,3,8,4,9,,10,,,8,8,8,4,9,3,2,10,10,9,7,9,9,8,5,9,10,6,6,10,10,10,8,8,8,2,4,7,5,6,5,9,7,6,7,7,4,5,4,2,,,5,7,,,8,7,6,8,8,10,9,6,6,3,10,9,9,10,10,10,10,4,9,8,9,5,5,5,,4,,,b'\x11\xe8\xe1I\xcb\x10\xdd\xf4\xaf\x82\x12\xdf\x17\xaeN\x1e'
11E8E149-CB10-DDF4-AF82-12DF17AE4E1E,2019-ncaa-d1-natl,ncaa,182,180,155,191,209,77,72,82,80,117,191,50,49,48,106,56,204,203,219,205,178,94,103,59,77,74,97,64,303,194,241,202,152,194,236,45,52,156,114,62,71,72,291,277,,,211,165,,,154,77,26,198,43,38,31,101,180,36,33,200,184,187,40,45,181,194,188,21,175,53,295,,240,,,153,301,282,227,289,191,65,326,333,325,229,334,234,196,319,211,268,222,239,319,323,293,305,311,161,108,152,267,241,222,236,315,305,89,103,234,115,92,91,100,,,217,276,,,154,265,94,267,164,320,296,261,220,55,338,342,255,213,224,269,297,131,294,248,326,72,139,98,,194,,,b'\x11\xe8\xe1I\xcb\x10\xdd\xf4\xaf\x82\x12\xdf\x17\xaeN\x1e'
11E8E149-CB10-DDF4-AF82-12DF17AE4E1E,2020-ncaa-d0-natl,ncaa,81,109,33,111,81,35,32,22,72,64,120,55,47,43,96,89,167,193,135,195,221,36,48,61,69,59,146,102,297,77,104,158,108,105,113,29,88,151,71,50,43,46,210,197,,,174,121,,,50,55,115,273,47,37,50,87,179,61,64,209,238,239,74,106,103,233,167,32,105,52,227,,124,,,53,233,231,199,230,173,105,269,291,297,207,299,151,119,286,117,167,175,254,262,264,161,251,282,127,94,108,225,104,177,113,281,271,30,41,121,155,90,82,60,,,113,210,,,50,294,48,123,54,150,156,98,110,40,258,261,125,91,93,68,154,57,147,99,236,50,110,59,,178,,,b'\x11\xe8\xe1I\xcb\x10\xdd\xf4\xaf\x82\x12\xdf\x17\xaeN\x1e'
11E8E149-CB10-DDF4-AF82-12DF17AE4E1E,2020-ncaa-d1-conf-Big East,ncaa,3,3,3,3,5,3,3,2,2,3,3,2,4,4,3,4,5,6,5,6,8,2,3,4,4,4,5,5,8,3,3,7,4,3,2,3,5,6,4,4,3,3,7,7,,,6,4,,,3,3,2,6,2,2,2,2,5,4,4,6,6,6,2,2,3,9,4,3,5,3,8,,5,,,3,8,5,3,7,4,3,9,7,8,5,8,7,6,10,6,9,4,7,8,9,6,7,7,6,3,4,4,3,4,2,7,6,2,2,3,5,4,1,1,,,4,5,,,3,8,3,6,3,6,4,1,3,1,7,7,8,7,8,2,6,2,2,2,7,3,4,1,,3,,,b'\x11\xe8\xe1I\xcb\x10\xdd\xf4\xaf\x82\x12\xdf\x17\xaeN\x1e'
11E8E149-CB10-DDF4-AF82-12DF17AE4E1E,2020-ncaa-d1-natl,ncaa,92,109,45,113,117,46,39,37,77,76,149,58,55,57,103,89,190,218,134,220,222,55,78,63,74,63,146,102,294,94,112,186,111,134,120,36,90,126,75,52,56,57,219,202,,,149,129,,,60,86,120,273,49,44,54,94,186,61,65,212,236,237,80,113,106,238,181,38,105,63,231,,125,,,62,219,214,158,240,155,79,275,277,288,217,299,140,109,293,108,170,136,216,276,273,185,249,283,124,84,111,193,112,151,120,265,269,42,42,131,134,94,73,65,,,144,205,,,60,264,49,138,63,164,166,100,118,42,261,262,130,94,96,72,150,60,149,103,240,56,114,62,,179,,,b'\x11\xe8\xe1I\xcb\x10\xdd\xf4\xaf\x82\x12\xdf\x17\xaeN\x1e'
11E8E149-CB10-DDF4-AF82-12DF17AE4E1E,2021-ncaa-d0-natl,ncaa,90,60,191,72,196,111,106,144,58,117,165,59,69,91,57,97,141,174,46,175,172,151,173,52,45,30,105,94,215,201,235,196,114,198,204,111,196,64,29,43,113,93,135,152,,,89,33,,,44,171,48,62,21,31,28,68,137,41,53,82,138,139,32,72,195,170,189,67,40,78,133,,62,,,36,142,195,160,270,235,172,316,100,167,33,198,68,48,315,48,19,144,167,230,215,131,14,71,25,106,114,179,235,150,204,221,207,82,53,121,54,28,130,120,,,186,185,,,44,174,30,109,36,193,269,226,305,221,104,188,41,19,20,168,265,112,249,201,259,36,33,137,,132,,,b'\x11\xe8\xe1I\xcb\x10\xdd\xf4\xaf\x82\x12\xdf\x17\xaeN\x1e'
11E8E149-CB10-DDF4-AF82-12DF17AE4E1E,2021-ncaa-d1-conf-Big East,ncaa,3,3,4,3,4,3,4,4,5,4,4,5,4,4,3,5,2,2,3,2,2,4,4,4,4,2,4,5,3,5,8,3,6,3,7,6,9,3,1,5,5,6,7,8,,,7,4,,,3,4,3,3,3,4,2,4,5,4,4,1,1,1,2,3,7,5,6,7,1,5,7,,7,,,3,7,7,7,5,9,7,8,4,7,2,7,4,3,8,3,3,7,8,7,5,3,3,4,4,9,6,11,8,10,7,7,2,4,4,2,2,2,3,3,,,2,1,,,3,8,3,3,3,6,7,8,7,7,4,7,3,3,3,7,10,8,10,9,4,3,2,3,,1,,,b'\x11\xe8\xe1I\xcb\x10\xdd\xf4\xaf\x82\x12\xdf\x17\xaeN\x1e'
11E8E149-CB10-DDF4-AF82-12DF17AE4E1E,2021-ncaa-d1-natl,ncaa,98,60,206,72,212,121,115,158,62,129,181,64,77,103,57,96,153,185,46,185,173,164,196,55,48,31,102,91,214,217,241,218,123,217,210,123,200,58,29,44,128,96,147,153,,,80,32,,,49,189,49,60,22,33,31,69,142,44,53,82,139,142,36,76,201,175,194,70,40,82,134,,63,,,37,134,180,142,274,226,154,317,93,151,34,195,61,45,316,44,19,127,149,241,224,141,13,70,23,100,123,164,241,137,210,212,208,94,58,128,52,28,125,121,,,195,183,,,49,156,33,116,38,204,273,226,307,225,103,187,42,18,19,173,264,114,248,206,265,41,33,141,,134,,,b'\x11\xe8\xe1I\xcb\x10\xdd\xf4\xaf\x82\x12\xdf\x17\xaeN\x1e'
11E8E149-CB10-DDF4-AF82-12DF17AE4E1E,2022-ncaa-d0-natl,ncaa,43,134,3,90,4,20,16,8,80,28,19,117,27,33,42,131,100,160,11,171,331,11,16,66,72,46,163,104,300,212,340,17,209,46,297,17,83,192,34,24,57,192,70,157,,,159,6,,,170,3,122,78,78,62,71,98,132,75,117,244,301,305,132,219,329,105,250,45,28,164,139,,13,,,170,354,354,354,230,354,352,277,344,354,104,268,200,177,298,183,29,354,353,221,194,253,81,203,24,350,209,356,340,356,297,353,211,81,294,313,254,82,190,42,,,144,337,,,170,354,90,263,169,273,312,322,305,272,258,306,59,35,36,291,255,262,302,304,302,270,75,57,,337,,,b'\x11\xe8\xe1I\xcb\x10\xdd\xf4\xaf\x82\x12\xdf\x17\xaeN\x1e'
11E8E149-CB10-DDF4-AF82-12DF17AE4E1E,2022-ncaa-d1-conf-Big East,ncaa,6,6,1,6,1,4,4,2,6,4,4,6,6,5,6,8,7,8,2,8,9,2,3,6,6,6,7,6,7,8,11,3,5,6,10,5,5,2,2,4,5,6,6,5,,,5,3,,,6,2,3,5,5,5,2,4,4,6,6,8,9,9,2,6,10,4,8,5,1,5,7,,4,,,6,7,9,9,5,9,9,7,7,8,2,6,7,7,7,7,6,9,10,6,5,6,5,6,6,8,5,11,11,11,10,6,7,6,8,7,5,5,4,3,,,8,10,,,6,10,6,6,6,6,7,8,8,9,6,7,5,5,5,6,6,6,10,9,6,7,5,3,,9,,,b'\x11\xe8\xe1I\xcb\x10\xdd\xf4\xaf\x82\x12\xdf\x17\xaeN\x1e'
11E8E149-CB10-DDF4-AF82-12DF17AE4E1E,2022-ncaa-d1-natl,ncaa,48,134,3,95,4,23,17,11,87,31,21,126,31,43,44,131,118,189,13,195,331,16,21,78,80,52,156,103,298,239,343,18,216,55,311,19,85,167,37,24,75,205,77,165,,,126,6,,,195,6,130,77,90,67,83,111,138,77,122,247,302,305,146,232,336,112,263,51,29,180,140,,13,,,197,354,354,354,244,354,351,292,342,352,113,265,181,147,302,152,29,354,352,238,210,270,78,203,23,349,216,354,343,355,311,352,213,109,302,319,227,83,174,53,,,170,336,,,195,351,98,284,193,287,323,328,315,273,267,305,59,37,37,293,255,269,307,306,310,276,75,61,,335,,,b'\x11\xe8\xe1I\xcb\x10\xdd\xf4\xaf\x82\x12\xdf\x17\xaeN\x1e'
11E8E149-CB10-DDF4-AF82-12DF17AE4E1E,2023-ncaa-d0-natl,ncaa,102,160,29,142,41,44,33,37,45,23,41,40,134,122,176,206,96,163,15,161,313,47,55,71,62,51,291,242,268,136,212,87,238,100,227,47,172,145,53,46,58,115,143,213,,,164,39,,,132,43,146,272,63,39,73,27,88,189,189,172,253,248,110,180,222,197,230,70,54,103,191,,62,,,139,342,352,335,280,347,332,212,341,300,352,181,148,132,211,135,44,331,330,298,277,279,162,279,24,329,238,304,212,330,227,353,289,78,189,290,156,74,131,42,,,179,318,,,132,324,57,285,134,279,315,286,274,278,309,208,65,60,60,247,246,253,166,206,324,160,74,68,,315,,,b'\x11\xe8\xe1I\xcb\x10\xdd\xf4\xaf\x82\x12\xdf\x17\xaeN\x1e'
11E8E149-CB10-DDF4-AF82-12DF17AE4E1E,2023-ncaa-d1-conf-Big East,ncaa,6,6,3,6,3,4,4,4,3,2,5,3,6,5,8,6,2,3,2,3,4,4,3,3,3,4,7,7,3,5,6,8,9,6,7,6,7,3,3,5,3,4,9,9,,,7,7,,,7,3,3,1,3,3,3,2,5,7,5,2,3,3,2,3,5,8,7,6,3,3,9,,8,,,7,10,10,9,9,9,8,7,11,7,11,7,7,7,7,7,7,9,9,9,9,9,9,8,5,8,9,5,6,7,7,10,8,5,5,8,2,3,3,1,,,5,7,,,7,9,5,9,7,10,10,9,9,7,10,6,7,7,7,10,10,8,6,7,9,5,2,3,,6,,,b'\x11\xe8\xe1I\xcb\x10\xdd\xf4\xaf\x82\x12\xdf\x17\xaeN\x1e'
11E8E149-CB10-DDF4-AF82-12DF17AE4E1E,2023-ncaa-d1-natl,ncaa,114,160,33,148,48,49,36,48,45,24,49,41,148,140,175,210,117,182,15,179,319,57,72,78,64,56,290,239,264,164,219,116,247,126,243,53,181,111,56,50,74,131,159,219,,,138,37,,,156,51,151,270,66,43,83,29,95,196,192,176,259,253,116,192,229,210,244,74,56,121,194,,63,,,158,341,350,332,301,342,329,226,334,287,356,184,129,117,224,118,44,324,320,309,293,297,162,278,25,319,247,285,219,315,243,352,288,102,196,303,134,75,121,45,,,207,319,,,156,316,65,305,152,295,322,288,291,280,314,208,68,65,68,250,244,258,169,214,325,175,75,71,,315,,,b'\x11\xe8\xe1I\xcb\x10\xdd\xf4\xaf\x82\x12\xdf\x17\xaeN\x1e'
11E8E149-CB10-DDF4-AF82-12DF17AE4E1E,2024-ncaa-d0-natl,ncaa,142,148,94,154,99,143,134,135,134,115,116,156,178,190,163,208,192,234,66,234,291,151,171,148,150,127,242,214,231,176,200,195,111,188,184,133,163,81,91,93,78,49,232,191,,,164,191,,,96,171,314,60,177,151,196,135,147,198,214,222,265,265,227,282,210,267,267,150,61,87,254,,121,,,96,119,107,113,191,52,45,209,292,273,254,334,72,96,77,98,209,102,146,242,212,125,316,339,99,83,111,213,200,148,184,234,312,82,50,135,61,64,338,315,,,158,139,,,96,176,131,101,100,59,59,28,23,10,276,247,59,78,80,19,38,49,161,89,184,94,46,330,,199,,,b'\x11\xe8\xe1I\xcb\x10\xdd\xf4\xaf\x82\x12\xdf\x17\xaeN\x1e'
11E8E149-CB10-DDF4-AF82-12DF17AE4E1E,2024-ncaa-d1-conf-Big East,ncaa,7,7,3,7,3,6,7,6,9,8,6,9,8,7,8,7,4,3,5,3,5,5,5,10,7,7,5,8,3,6,6,6,8,7,8,8,8,4,4,6,3,3,8,7,,,7,9,,,7,7,7,4,6,6,5,8,6,8,7,4,4,4,5,5,5,9,8,8,4,3,9,,7,,,7,7,5,4,8,2,1,9,11,9,8,10,5,7,2,7,9,4,4,8,8,8,11,11,4,5,8,10,6,9,8,9,10,4,4,6,5,6,10,9,,,3,2,,,7,5,6,7,7,7,5,3,2,1,10,9,5,6,6,4,4,6,9,8,8,4,5,10,,2,,,b'\x11\xe8\xe1I\xcb\x10\xdd\xf4\xaf\x82\x12\xdf\x17\xaeN\x1e'
11E8E149-CB10-DDF4-AF82-12DF17AE4E1E,2024-ncaa-d1-natl,ncaa,155,150,130,163,137,174,157,173,148,145,152,170,203,218,163,212,213,254,63,254,294,194,236,158,157,136,238,216,223,211,217,242,123,237,203,158,174,62,94,102,93,61,245,194,,,132,201,,,121,236,319,56,190,171,210,152,155,204,222,228,270,270,239,288,226,279,281,171,67,98,258,,123,,,121,88,81,66,213,35,23,221,287,254,258,334,62,83,83,86,219,59,91,252,229,144,320,339,99,61,123,179,217,118,203,221,316,109,60,155,49,67,335,318,,,188,139,,,121,114,141,123,124,68,68,29,25,10,281,247,68,83,84,21,38,55,170,100,201,104,47,337,,199,,,b'\x11\xe8\xe1I\xcb\x10\xdd\xf4\xaf\x82\x12\xdf\x17\xaeN\x1e'
11E8E149-CB10-DDF4-AF82-12DF17AE4E1E,2025-ncaa-d0-natl,genius_ncaa,61,65,54,67,71,139,140,85,250,140,123,185,172,76,316,110,157,225,21,222,265,94,112,254,241,191,194,190,181,83,134,234,196,170,217,119,110,99,71,101,22,13,219,154,,,206,186,,314,121,132,290,232,221,209,130,205,202,210,103,223,278,279,169,244,126,336,276,155,60,22,255,,116,,290,122,133,135,112,211,46,34,216,315,293,302,341,70,82,110,87,216,91,221,274,247,79,328,345,75,145,196,282,134,243,217,274,336,21,11,64,70,51,47,39,,,149,223,,55,121,229,167,72,118,50,45,12,15,4,293,240,39,47,53,8,56,75,192,139,215,23,44,32,,247,,72,b'\x11\xe8\xe1I\xcb\x10\xdd\xf4\xaf\x82\x12\xdf\x17\xaeN\x1e'
11E8E149-CB10-DDF4-AF82-12DF17AE4E1E,2025-ncaa-d1-conf-Big East,genius_ncaa,3,3,3,3,4,7,6,3,11,5,3,9,8,7,11,9,2,2,5,2,4,3,2,11,11,9,8,9,3,3,5,7,8,5,8,7,9,5,4,7,2,2,6,5,,,10,10,,10,4,3,4,5,7,6,4,5,4,8,8,3,3,3,3,2,3,8,7,7,5,2,6,,9,,10,4,4,3,2,4,2,1,5,10,10,9,10,7,8,2,8,10,2,9,8,7,3,10,10,7,6,8,10,5,10,8,5,10,2,1,2,3,2,5,3,,,1,4,,3,4,9,8,2,4,2,2,2,2,1,10,8,7,8,8,2,7,5,10,10,5,1,4,5,,3,,3,b'\x11\xe8\xe1I\xcb\x10\xdd\xf4\xaf\x82\x12\xdf\x17\xaeN\x1e'
11E8E149-CB10-DDF4-AF82-12DF17AE4E1E,2025-ncaa-d1-natl,genius_ncaa,65,65,72,68,88,162,165,108,261,174,151,193,193,92,320,110,181,244,21,242,263,119,140,266,255,199,194,192,175,105,147,275,202,211,234,140,114,87,74,104,24,14,234,162,,,185,192,,309,133,168,294,228,236,226,145,224,208,211,106,223,282,281,183,258,138,339,288,169,62,26,261,,121,,292,134,107,116,78,219,39,22,233,305,276,313,341,58,67,115,68,218,61,187,285,263,92,328,345,71,123,202,261,147,213,234,261,338,28,14,75,63,53,44,44,,,183,217,,59,133,198,184,87,131,54,52,12,15,4,292,241,41,51,55,8,55,80,199,149,224,25,48,35,,248,,69,b'\x11\xe8\xe1I\xcb\x10\xdd\xf4\xaf\x82\x12\xdf\x17\xaeN\x1e'
11E8E149-CB10-DDF4-AF82-12DF17AE4E1E,2026-ncaa-d0-natl,genius_ncaa,123,80,206,123,206,145,142,158,149,130,151,141,151,156,184,174,156,169,144,166,212,155,204,148,152,108,213,185,204,91,72,186,135,143,116,177,267,49,40,89,101,53,248,210,,,97,82,,96,68,220,160,11,62,56,24,65,63,122,96,111,129,130,27,57,29,115,50,135,60,54,242,,107,,118,53,82,97,122,100,74,74,193,181,254,72,341,58,39,291,38,86,107,144,128,110,57,222,289,85,110,135,172,72,144,116,94,147,98,41,53,58,55,76,58,,,135,91,,21,68,153,77,56,54,105,126,189,88,51,231,325,66,40,40,126,252,163,243,207,123,38,69,93,,46,,11,b'\x11\xe8\xe1I\xcb\x10\xdd\xf4\xaf\x82\x12\xdf\x17\xaeN\x1e'
11E8E149-CB10-DDF4-AF82-12DF17AE4E1E,2026-ncaa-d1-conf-Big East,genius_ncaa,3,1,8,1,8,9,8,8,5,7,8,5,7,10,3,10,11,11,11,11,11,9,10,4,5,5,9,6,11,8,3,7,1,8,1,8,10,2,3,5,6,2,4,1,,,2,7,,1,3,10,4,1,4,3,2,2,1,4,9,11,10,10,3,4,3,1,1,3,4,2,1,,8,,1,3,1,1,2,2,1,1,3,3,4,3,11,2,1,11,1,4,2,2,3,3,2,8,7,6,1,1,2,3,1,1,3,4,9,2,3,2,4,4,5,,,10,7,,7,3,2,4,2,3,2,2,5,2,3,6,9,4,2,2,4,4,1,6,4,4,3,4,7,,4,,5,b'\x11\xe8\xe1I\xcb\x10\xdd\xf4\xaf\x82\x12\xdf\x17\xaeN\x1e'
11E8E149-CB10-DDF4-AF82-12DF17AE4E1E,2026-ncaa-d1-natl,genius_ncaa,163,80,271,145,271,219,213,235,177,192,214,174,213,209,203,172,212,229,137,226,208,238,280,185,187,127,194,180,188,137,95,270,154,222,143,252,284,18,47,113,154,68,289,230,,,40,90,,69,103,297,179,6,81,80,30,84,75,141,106,116,134,136,38,73,39,131,58,172,65,72,258,,119,,119,85,34,52,62,133,44,19,230,136,214,87,342,35,17,301,18,94,46,69,163,144,87,218,284,82,66,154,113,95,94,143,63,154,155,54,77,32,57,54,67,,,191,77,,31,103,70,98,89,83,135,167,196,116,58,248,327,77,47,51,140,252,170,259,231,149,51,70,106,,41,,9,b'\x11\xe8\xe1I\xcb\x10\xdd\xf4\xaf\x82\x12\xdf\x17\xaeN\x1e'
11E8E149-CB15-F082-AF82-12DF17AE4E1E,2010-ncaa-d0-natl,ncaa,242,224,241,246,243,296,306,306,290,318,317,295,177,176,167,87,224,274,53,278,121,306,312,258,228,252,54,78,82,268,179,203,197,241,156,212,21,133,266,196,336,328,216,205,,,50,158,,,239,312,324,20,302,315,312,318,306,150,139,196,251,261,311,310,262,140,210,174,202,334,208,,99,,,238,30,48,111,67,59,109,66,123,147,114,203,45,50,119,55,86,89,41,66,47,144,165,204,107,159,197,26,179,52,156,42,124,335,326,277,174,266,174,292,,,269,113,,,239,31,248,175,241,74,93,190,115,178,163,197,76,89,90,157,57,233,61,108,93,331,226,209,,235,,,b'\x11\xe8\xe1I\xcb\x15\xf0\x82\xaf\x82\x12\xdf\x17\xaeN\x1e'
11E8E149-CB15-F082-AF82-12DF17AE4E1E,2010-ncaa-d1-conf-MAAC,ncaa,6,7,3,7,4,8,8,8,7,8,9,7,5,5,5,3,3,3,3,3,3,8,8,8,5,8,2,2,2,5,4,5,8,6,4,5,1,8,8,8,9,9,6,7,,,6,6,,,6,8,10,3,8,9,9,8,10,5,6,3,3,3,10,8,5,5,5,5,8,9,6,,5,,,6,2,2,7,2,6,8,2,2,3,2,2,2,5,2,5,3,7,4,2,1,3,2,2,5,7,8,3,4,2,4,3,4,9,9,7,7,8,8,10,,,3,3,,,6,4,7,3,6,2,3,7,5,8,2,2,4,4,5,7,1,8,2,2,2,9,7,9,,3,,,b'\x11\xe8\xe1I\xcb\x15\xf0\x82\xaf\x82\x12\xdf\x17\xaeN\x1e'
11E8E149-CB15-F082-AF82-12DF17AE4E1E,2010-ncaa-d1-natl,ncaa,250,223,276,250,279,311,322,325,292,328,324,298,186,183,167,90,237,286,52,289,117,324,329,267,235,255,53,78,76,286,185,225,200,261,158,223,20,118,265,197,339,331,226,209,,,43,154,,,244,334,324,19,305,320,313,322,308,151,142,194,249,260,313,310,264,145,212,178,202,334,211,,98,,,245,20,34,97,68,48,95,71,114,133,118,205,39,44,120,49,87,64,17,67,51,149,162,203,106,144,200,16,185,34,158,36,124,340,330,288,161,268,168,296,,,286,110,,,244,11,253,183,249,76,96,190,117,181,165,196,77,88,89,159,56,236,61,111,97,332,228,211,,237,,,b'\x11\xe8\xe1I\xcb\x15\xf0\x82\xaf\x82\x12\xdf\x17\xaeN\x1e'
11E8E149-CB15-F082-AF82-12DF17AE4E1E,2011-ncaa-d0-natl,ncaa,181,175,170,184,187,306,305,289,301,278,202,324,287,307,137,280,272,265,212,268,270,295,296,303,301,295,212,225,124,214,186,246,63,248,128,273,154,123,246,255,249,185,223,163,,,107,256,,,186,302,332,59,329,324,312,292,191,292,312,264,273,274,317,318,217,248,258,286,154,257,223,,126,,,186,10,12,26,50,6,17,33,145,129,226,258,46,51,83,59,184,18,29,70,61,50,295,294,158,26,63,98,186,46,128,24,158,199,78,62,165,250,241,254,,,268,171,,,186,40,289,39,196,11,12,9,7,11,157,145,52,62,69,5,9,27,114,60,27,188,181,251,,276,,,b'\x11\xe8\xe1I\xcb\x15\xf0\x82\xaf\x82\x12\xdf\x17\xaeN\x1e'
11E8E149-CB15-F082-AF82-12DF17AE4E1E,2011-ncaa-d1-conf-MAAC,ncaa,4,4,3,4,3,6,7,6,5,4,3,6,8,8,4,8,6,6,3,6,8,7,7,7,6,6,8,8,4,5,2,6,7,7,5,6,4,4,6,7,7,6,8,7,,,6,6,,,5,7,8,5,8,8,8,5,3,8,8,5,7,7,8,7,5,7,7,6,5,7,8,,6,,,5,3,2,3,2,3,2,2,4,5,5,8,3,4,3,4,5,3,2,3,3,2,6,8,5,6,7,2,2,3,5,3,3,5,3,2,4,6,7,7,,,6,2,,,5,3,6,2,5,2,2,2,3,2,5,4,4,4,4,2,2,6,1,2,3,5,4,7,,5,,,b'\x11\xe8\xe1I\xcb\x15\xf0\x82\xaf\x82\x12\xdf\x17\xaeN\x1e'
11E8E149-CB15-F082-AF82-12DF17AE4E1E,2011-ncaa-d1-natl,ncaa,188,172,199,188,219,316,317,308,304,294,222,326,293,314,139,281,278,280,208,284,267,312,312,307,307,298,211,224,117,234,193,267,66,265,131,285,157,103,246,255,261,190,235,167,,,89,256,,,196,324,335,57,332,325,315,293,194,293,310,265,276,277,318,319,219,249,260,292,154,259,227,,127,,,196,6,6,11,53,4,9,34,132,113,228,257,39,41,86,47,185,7,13,74,65,53,293,291,160,13,66,75,193,25,131,17,159,224,84,66,146,254,232,258,,,284,172,,,196,19,291,45,204,11,12,9,7,12,160,145,52,64,70,5,9,27,116,61,29,198,184,252,,279,,,b'\x11\xe8\xe1I\xcb\x15\xf0\x82\xaf\x82\x12\xdf\x17\xaeN\x1e'
11E8E149-CB15-F082-AF82-12DF17AE4E1E,2012-ncaa-d0-natl,ncaa,221,202,240,221,278,273,292,305,220,265,281,194,257,239,273,174,121,134,113,140,36,291,299,234,183,215,120,225,20,216,108,325,184,310,151,261,148,133,250,249,161,79,302,282,,,134,290,,,199,299,289,262,256,292,309,254,267,240,219,75,86,89,278,259,183,327,303,254,201,122,305,,204,,,203,64,57,20,271,45,28,220,196,72,340,189,99,81,242,72,194,18,24,294,298,249,263,276,157,25,184,19,108,11,151,208,322,203,79,219,168,242,210,287,,,246,132,,,199,35,200,227,214,140,129,29,93,37,231,102,139,122,110,24,32,41,39,30,248,152,213,237,,192,,,b'\x11\xe8\xe1I\xcb\x15\xf0\x82\xaf\x82\x12\xdf\x17\xaeN\x1e'
11E8E149-CB15-F082-AF82-12DF17AE4E1E,2012-ncaa-d1-conf-MAAC,ncaa,3,4,3,4,5,5,7,7,7,5,5,6,8,7,7,7,2,1,4,1,1,6,6,8,7,8,6,8,1,4,2,9,5,7,2,8,8,8,9,8,5,5,10,10,,,7,9,,,7,5,7,6,5,8,8,7,5,8,7,2,1,1,7,5,4,9,7,8,7,5,10,,6,,,7,5,9,3,9,9,5,9,3,3,7,4,4,5,3,5,4,3,4,9,9,7,2,4,4,2,5,3,2,1,2,9,8,4,2,7,7,7,9,10,,,2,2,,,7,6,7,6,7,5,7,2,8,3,3,3,4,4,4,3,3,1,3,1,8,4,6,9,,3,,,b'\x11\xe8\xe1I\xcb\x15\xf0\x82\xaf\x82\x12\xdf\x17\xaeN\x1e'
11E8E149-CB15-F082-AF82-12DF17AE4E1E,2012-ncaa-d1-natl,ncaa,234,201,286,231,312,286,310,327,229,291,299,203,266,249,276,173,132,150,110,155,35,311,319,240,190,222,116,224,20,236,113,332,190,323,154,278,149,113,258,253,176,83,311,286,,,109,289,,,212,324,291,262,260,296,313,264,275,244,222,72,87,91,280,264,191,327,305,260,202,131,307,,207,,,216,50,45,8,274,36,16,224,182,64,340,188,87,66,245,59,199,5,9,297,302,252,261,275,154,17,190,12,113,2,154,196,322,226,84,227,147,245,197,290,,,268,128,,,212,17,209,235,227,147,135,29,97,38,232,103,143,123,114,23,33,40,38,31,255,160,210,242,,192,,,b'\x11\xe8\xe1I\xcb\x15\xf0\x82\xaf\x82\x12\xdf\x17\xaeN\x1e'
11E8E149-CB15-F082-AF82-12DF17AE4E1E,2013-ncaa-d0-natl,ncaa,196,216,120,211,152,231,304,231,333,305,209,337,213,212,199,208,14,35,40,31,16,186,148,322,274,289,37,185,3,100,82,228,127,163,109,279,176,302,288,316,80,61,256,222,,,157,156,,,217,166,189,195,265,334,277,324,245,217,220,6,22,20,221,165,99,269,191,303,287,73,260,,146,,,216,141,145,110,221,78,50,215,288,253,282,301,78,74,176,67,156,84,166,257,245,136,283,306,90,71,127,118,82,91,109,271,324,55,29,141,254,233,231,255,,,68,34,,,217,189,277,112,211,127,134,66,76,25,287,260,70,71,68,55,132,69,103,78,266,48,235,222,,40,,,b'\x11\xe8\xe1I\xcb\x15\xf0\x82\xaf\x82\x12\xdf\x17\xaeN\x1e'
11E8E149-CB15-F082-AF82-12DF17AE4E1E,2013-ncaa-d1-conf-MAAC,ncaa,6,6,3,6,4,4,9,7,9,6,4,9,9,9,6,9,1,1,3,1,1,5,2,9,4,6,3,9,1,2,1,5,4,3,2,8,7,10,9,10,4,5,7,7,,,5,5,,,6,2,4,4,4,10,8,9,5,9,9,1,1,1,5,3,2,8,4,9,10,6,7,,6,,,6,8,8,6,8,6,3,9,9,9,9,8,3,3,2,3,5,7,9,9,9,7,8,9,3,3,4,3,1,2,2,7,8,2,2,6,9,7,8,8,,,1,1,,,6,9,6,6,6,8,8,5,6,3,9,8,3,4,4,5,7,3,3,3,8,1,9,8,,1,,,b'\x11\xe8\xe1I\xcb\x15\xf0\x82\xaf\x82\x12\xdf\x17\xaeN\x1e'
11E8E149-CB15-F082-AF82-12DF17AE4E1E,2013-ncaa-d1-natl,ncaa,201,216,136,215,178,250,322,252,335,320,231,338,221,221,203,208,18,39,38,34,14,209,169,327,275,292,37,183,3,111,88,252,131,181,113,290,178,290,291,317,89,66,265,227,,,141,161,,,225,185,193,189,271,335,283,325,251,216,220,6,23,21,223,169,104,273,195,307,286,82,265,,148,,,223,124,130,82,228,69,38,221,285,241,288,298,67,66,177,59,158,63,136,262,251,146,281,306,92,58,131,95,88,67,113,263,324,66,33,149,239,234,224,259,,,74,34,,,225,168,288,118,217,128,137,68,83,26,286,259,73,71,68,57,130,70,105,81,267,51,235,226,,40,,,b'\x11\xe8\xe1I\xcb\x15\xf0\x82\xaf\x82\x12\xdf\x17\xaeN\x1e'
11E8E149-CB15-F082-AF82-12DF17AE4E1E,2014-ncaa-d0-natl,ncaa,273,298,131,286,155,243,267,143,332,259,198,319,180,102,317,104,174,167,169,160,143,149,117,325,319,314,98,136,88,72,97,311,145,225,190,284,269,300,274,315,39,13,195,136,,,250,298,,,286,146,139,206,290,299,142,287,219,179,101,189,191,183,149,97,57,338,244,301,290,27,212,,256,,,280,208,160,37,329,90,15,314,294,174,346,252,238,239,206,232,326,51,150,343,345,274,324,302,233,30,145,245,97,146,190,299,338,31,6,116,307,268,297,310,,,160,225,,,286,192,303,213,284,213,160,12,92,7,301,169,237,230,228,20,113,24,237,134,303,20,291,301,,184,,,b'\x11\xe8\xe1I\xcb\x15\xf0\x82\xaf\x82\x12\xdf\x17\xaeN\x1e'
11E8E149-CB15-F082-AF82-12DF17AE4E1E,2014-ncaa-d1-conf-MAAC,ncaa,10,10,4,10,4,5,7,3,10,6,4,10,5,4,11,5,4,4,3,4,5,3,2,10,9,9,5,7,2,2,1,10,6,7,9,10,11,8,6,10,2,2,8,7,,,11,11,,,10,3,3,5,6,8,3,8,3,7,4,2,4,4,3,2,1,10,5,10,7,2,8,,11,,,10,11,10,2,11,8,1,11,10,6,11,7,11,11,5,11,11,5,6,11,11,11,8,8,9,2,6,9,1,6,9,11,11,1,1,4,8,6,11,10,,,4,9,,,10,9,8,11,10,11,10,1,6,1,10,7,11,11,11,2,8,2,10,6,11,1,8,11,,3,,,b'\x11\xe8\xe1I\xcb\x15\xf0\x82\xaf\x82\x12\xdf\x17\xaeN\x1e'
11E8E149-CB15-F082-AF82-12DF17AE4E1E,2014-ncaa-d1-natl,ncaa,279,298,145,292,180,264,283,168,332,277,215,320,185,114,319,104,195,188,167,183,145,170,141,327,321,317,98,135,82,80,99,324,153,247,198,298,273,288,276,317,46,15,206,140,,,234,299,,,292,171,142,206,292,303,146,290,221,181,101,193,192,185,152,102,60,342,254,306,292,30,216,,256,,,289,189,145,22,331,73,10,317,288,163,346,253,225,217,209,210,327,33,115,344,346,284,324,298,232,23,153,226,99,126,198,295,338,37,8,122,293,270,295,310,,,182,226,,,292,163,308,226,292,221,167,13,97,7,303,168,239,235,232,20,112,24,236,135,307,23,292,303,,187,,,b'\x11\xe8\xe1I\xcb\x15\xf0\x82\xaf\x82\x12\xdf\x17\xaeN\x1e'
11E8E149-CB15-F082-AF82-12DF17AE4E1E,2015-ncaa-d0-natl,ncaa,57,103,13,90,22,83,106,102,152,71,67,155,235,232,245,271,16,16,106,16,46,73,46,192,146,203,208,292,18,48,25,72,28,50,22,89,101,344,294,242,59,64,281,277,,,187,98,,,121,49,271,259,224,266,308,176,196,291,289,34,38,40,271,220,101,247,172,170,280,87,314,,51,,,128,254,254,263,194,115,108,200,340,337,290,336,83,84,154,91,131,239,278,254,223,140,316,341,41,64,28,116,25,80,22,300,291,43,59,122,332,262,334,296,,,12,21,,,121,298,170,101,126,62,78,35,19,6,312,293,24,25,28,17,29,8,14,5,175,104,247,303,,39,,,b'\x11\xe8\xe1I\xcb\x15\xf0\x82\xaf\x82\x12\xdf\x17\xaeN\x1e'
11E8E149-CB15-F082-AF82-12DF17AE4E1E,2015-ncaa-d1-conf-MAAC,ncaa,4,5,3,5,5,7,8,9,7,5,6,6,10,9,11,10,3,2,5,3,3,6,4,7,6,7,7,11,1,3,1,7,1,6,1,8,9,11,11,11,2,1,11,10,,,3,2,,,7,5,7,6,7,8,10,6,6,10,9,3,2,2,6,5,3,7,5,9,11,2,11,,2,,,7,3,4,4,9,1,1,9,11,11,10,11,2,2,8,2,4,2,5,10,9,6,11,11,2,1,1,1,1,1,1,5,6,2,1,3,11,11,10,10,,,2,1,,,7,6,7,3,7,3,3,2,1,1,10,11,2,2,2,2,2,1,1,1,4,2,11,10,,2,,,b'\x11\xe8\xe1I\xcb\x15\xf0\x82\xaf\x82\x12\xdf\x17\xaeN\x1e'
11E8E149-CB15-F082-AF82-12DF17AE4E1E,2015-ncaa-d1-natl,ncaa,68,103,15,93,24,101,138,124,163,90,84,170,247,248,249,271,18,18,109,18,43,87,51,204,151,210,206,293,15,55,26,94,31,61,23,103,103,342,301,250,65,66,292,280,,,164,101,,,135,53,273,257,228,274,311,185,201,291,288,34,42,44,277,225,110,256,184,176,280,96,315,,51,,,142,233,239,233,202,92,84,211,338,334,296,336,73,73,155,81,132,210,260,261,232,150,315,340,42,47,31,87,26,52,23,295,291,52,63,137,326,267,334,302,,,14,18,,,135,293,187,108,142,65,82,37,19,6,315,291,24,26,29,18,28,8,14,5,188,106,250,308,,37,,,b'\x11\xe8\xe1I\xcb\x15\xf0\x82\xaf\x82\x12\xdf\x17\xaeN\x1e'
11E8E149-CB15-F082-AF82-12DF17AE4E1E,2016-ncaa-d0-natl,ncaa,177,228,76,207,86,216,262,154,332,243,136,326,248,192,309,222,63,41,201,40,50,125,95,333,315,323,128,237,7,76,122,160,226,109,176,291,278,316,270,330,34,34,111,111,,,317,304,,,240,110,220,69,299,331,245,289,184,272,224,70,44,41,200,149,91,234,155,330,279,36,126,,289,,,238,163,125,159,120,120,166,110,175,163,205,159,271,275,138,281,283,184,240,124,140,87,255,185,282,250,226,276,122,280,176,225,288,52,54,103,306,264,305,297,,,69,94,,,240,231,310,102,240,104,73,64,69,85,148,130,236,241,250,83,158,193,216,210,176,49,266,298,,83,,,b'\x11\xe8\xe1I\xcb\x15\xf0\x82\xaf\x82\x12\xdf\x17\xaeN\x1e'
11E8E149-CB15-F082-AF82-12DF17AE4E1E,2016-ncaa-d1-conf-MAAC,ncaa,6,7,3,7,3,7,9,5,11,11,4,11,7,6,9,6,2,2,7,2,2,5,5,11,10,10,5,7,1,3,3,9,5,5,5,10,9,10,9,11,4,3,4,3,,,11,10,,,8,5,5,2,9,11,6,11,6,7,6,2,2,2,6,3,2,10,4,11,10,3,4,,10,,,8,8,5,4,8,4,4,7,9,7,8,7,8,8,6,9,10,5,6,9,9,6,10,8,9,6,5,9,3,8,5,9,9,4,4,5,9,8,10,10,,,4,5,,,8,7,10,5,8,6,4,4,4,2,9,6,9,9,10,5,5,4,8,7,9,4,9,10,,4,,,b'\x11\xe8\xe1I\xcb\x15\xf0\x82\xaf\x82\x12\xdf\x17\xaeN\x1e'
11E8E149-CB15-F082-AF82-12DF17AE4E1E,2016-ncaa-d1-natl,ncaa,191,227,99,217,106,250,295,194,336,265,171,328,265,206,309,224,74,53,205,48,48,163,128,337,325,327,126,237,5,88,132,187,236,135,188,313,279,311,272,332,45,37,128,112,,,306,307,,,251,144,221,67,305,338,251,303,190,273,225,70,45,41,207,156,98,244,162,332,284,39,133,,288,,,248,142,98,118,136,102,131,118,162,147,218,160,258,261,141,266,284,154,206,140,157,98,252,183,282,229,236,259,132,261,188,207,290,61,59,110,290,269,301,298,,,86,91,,,251,195,315,122,251,111,83,66,80,91,150,130,242,243,250,86,157,201,221,212,186,55,273,301,,81,,,b'\x11\xe8\xe1I\xcb\x15\xf0\x82\xaf\x82\x12\xdf\x17\xaeN\x1e'
11E8E149-CB15-F082-AF82-12DF17AE4E1E,2017-ncaa-d0-natl,ncaa,184,184,168,190,177,157,185,187,183,177,218,114,187,136,292,133,88,75,208,68,25,168,157,186,169,184,147,192,59,140,120,231,177,198,155,233,273,205,200,247,44,35,184,150,,,248,265,,,187,164,136,56,138,181,166,171,221,180,114,59,43,39,121,103,123,237,185,239,233,33,179,,273,,,188,194,165,130,229,98,90,177,296,227,336,282,166,142,295,141,191,125,172,286,289,214,309,312,155,119,177,133,120,116,155,276,317,82,58,184,237,233,126,155,,,150,164,,,187,181,172,204,192,224,194,134,107,77,308,247,181,145,145,128,205,142,148,145,301,56,256,143,,117,,,b'\x11\xe8\xe1I\xcb\x15\xf0\x82\xaf\x82\x12\xdf\x17\xaeN\x1e'
11E8E149-CB15-F082-AF82-12DF17AE4E1E,2017-ncaa-d1-conf-MAAC,ncaa,4,3,8,4,8,4,3,4,4,4,5,3,10,6,11,8,3,3,10,2,3,4,4,7,7,6,10,10,3,3,2,10,9,5,4,10,11,3,2,6,2,2,7,7,,,6,7,,,3,4,4,2,2,2,3,1,1,10,5,3,1,1,3,3,3,10,4,9,4,2,7,,8,,,3,6,7,3,9,5,5,6,10,6,11,7,3,2,8,2,4,2,7,9,9,7,5,10,3,2,9,4,2,3,4,8,9,3,2,4,1,1,3,4,,,8,8,,,3,7,3,6,3,6,8,6,7,7,10,6,4,3,3,4,9,6,6,6,8,2,3,5,,5,,,b'\x11\xe8\xe1I\xcb\x15\xf0\x82\xaf\x82\x12\xdf\x17\xaeN\x1e'
11E8E149-CB15-F082-AF82-12DF17AE4E1E,2017-ncaa-d1-natl,ncaa,194,181,217,195,234,190,220,233,192,206,251,117,196,145,292,131,101,91,205,81,27,203,200,194,175,195,140,191,56,169,127,273,186,238,169,262,278,178,206,253,56,38,198,156,,,231,273,,,204,214,142,47,147,192,174,179,226,179,113,59,46,41,127,110,134,248,204,249,235,36,186,,278,,,205,156,135,83,247,74,61,185,291,208,341,277,147,117,299,117,193,74,118,293,293,227,304,313,153,91,186,109,127,83,169,269,319,103,66,191,217,238,112,167,,,182,158,,,204,128,182,217,210,229,202,135,112,79,306,248,184,145,144,128,202,142,153,149,305,62,255,149,,118,,,b'\x11\xe8\xe1I\xcb\x15\xf0\x82\xaf\x82\x12\xdf\x17\xaeN\x1e'
11E8E149-CB15-F082-AF82-12DF17AE4E1E,2018-ncaa-d0-natl,ncaa,136,129,117,142,118,203,220,189,260,183,161,222,267,201,319,211,79,56,215,65,52,166,138,279,258,260,196,264,26,164,198,246,233,212,236,254,269,252,234,269,37,30,246,242,,,230,222,,,168,146,210,25,245,276,231,213,180,274,219,73,56,63,191,166,177,290,262,298,240,35,252,,222,,,169,100,111,128,143,134,122,194,123,153,95,201,123,111,207,95,144,111,188,138,136,64,142,171,170,163,233,218,198,204,236,180,239,44,25,63,255,234,248,244,,,56,37,,,168,194,255,66,173,77,97,75,109,77,117,133,123,110,96,61,158,149,201,192,158,36,234,238,,42,,,b'\x11\xe8\xe1I\xcb\x15\xf0\x82\xaf\x82\x12\xdf\x17\xaeN\x1e'
11E8E149-CB15-F082-AF82-12DF17AE4E1E,2018-ncaa-d1-conf-MAAC,ncaa,3,3,3,3,3,5,7,6,7,6,5,7,9,9,8,10,2,2,4,2,2,5,5,9,7,6,7,10,1,6,8,9,9,7,10,10,11,8,7,9,2,2,8,9,,,8,5,,,4,4,6,1,5,7,6,6,4,10,9,2,1,1,5,4,7,10,11,10,8,2,8,,7,,,4,5,6,6,6,8,6,9,2,7,1,5,2,3,6,3,5,6,7,5,4,2,1,2,4,7,9,7,8,7,10,9,9,3,2,3,7,7,10,9,,,3,3,,,4,6,6,2,4,5,6,5,8,5,3,6,4,3,3,5,8,8,7,7,8,3,8,10,,2,,,b'\x11\xe8\xe1I\xcb\x15\xf0\x82\xaf\x82\x12\xdf\x17\xaeN\x1e'
11E8E149-CB15-F082-AF82-12DF17AE4E1E,2018-ncaa-d1-natl,ncaa,150,129,144,149,148,241,266,233,269,212,200,232,284,214,321,207,100,74,212,82,54,207,184,289,266,269,189,264,25,198,204,285,237,258,244,289,272,226,241,285,52,33,259,247,,,205,226,,,192,183,218,25,262,284,246,226,185,280,221,73,58,68,201,173,182,298,273,307,242,38,257,,223,,,192,67,94,82,158,109,86,203,104,129,93,195,105,85,210,79,144,67,141,151,154,74,135,171,172,139,237,193,204,167,244,162,241,62,29,71,233,236,237,250,,,69,36,,,192,152,267,73,196,83,105,74,120,81,117,134,126,113,100,63,153,154,205,194,168,43,238,243,,42,,,b'\x11\xe8\xe1I\xcb\x15\xf0\x82\xaf\x82\x12\xdf\x17\xaeN\x1e'
11E8E149-CB15-F082-AF82-12DF17AE4E1E,2019-ncaa-d0-natl,ncaa,220,224,173,227,174,267,290,294,260,265,261,214,276,240,308,215,122,37,339,34,6,254,246,268,271,273,172,246,25,279,288,242,262,272,290,277,206,228,247,275,163,151,148,127,,,179,226,,,251,214,269,9,291,312,328,275,272,271,237,102,17,14,277,250,288,248,296,287,234,157,142,,210,,,251,113,122,124,157,84,118,115,220,181,279,226,103,142,50,140,195,121,135,180,163,137,252,274,134,226,262,201,288,213,290,153,191,145,115,136,230,253,239,279,,,69,13,,,251,122,287,158,256,134,133,126,95,116,247,200,124,157,155,122,162,245,225,245,158,120,233,248,,23,,,b'\x11\xe8\xe1I\xcb\x15\xf0\x82\xaf\x82\x12\xdf\x17\xaeN\x1e'
11E8E149-CB15-F082-AF82-12DF17AE4E1E,2019-ncaa-d1-conf-MAAC,ncaa,7,7,8,7,8,7,9,11,6,8,10,6,9,8,9,8,2,2,11,2,1,9,9,7,7,7,6,9,1,11,11,7,10,10,10,7,7,8,8,7,3,3,5,4,,,8,8,,,9,7,4,1,6,9,10,8,8,9,8,2,1,1,8,6,10,6,9,7,8,2,5,,8,,,9,5,5,6,7,5,4,7,7,8,9,8,7,7,4,7,7,6,6,7,7,6,10,9,5,8,10,7,11,9,10,6,6,6,6,4,7,8,8,9,,,2,1,,,9,4,8,7,9,9,9,7,7,6,9,8,8,8,7,6,9,9,10,10,8,4,7,9,,1,,,b'\x11\xe8\xe1I\xcb\x15\xf0\x82\xaf\x82\x12\xdf\x17\xaeN\x1e'
11E8E149-CB15-F082-AF82-12DF17AE4E1E,2019-ncaa-d1-natl,ncaa,232,224,233,234,233,293,313,327,269,290,290,227,289,264,315,219,148,55,339,47,6,294,290,276,279,281,168,245,21,302,300,275,270,308,301,305,213,193,257,288,194,159,167,128,,,151,232,,,262,270,273,8,297,317,329,284,277,279,241,103,20,14,283,257,293,256,303,299,232,169,146,,216,,,262,77,88,82,175,68,82,125,208,156,289,222,90,120,56,117,194,67,84,199,170,156,250,274,133,197,270,163,300,168,301,133,193,186,127,147,210,259,224,286,,,83,11,,,262,67,294,179,267,148,147,133,106,120,251,196,133,165,163,124,159,251,232,249,168,132,236,253,,23,,,b'\x11\xe8\xe1I\xcb\x15\xf0\x82\xaf\x82\x12\xdf\x17\xaeN\x1e'
11E8E149-CB15-F082-AF82-12DF17AE4E1E,2020-ncaa-d0-natl,ncaa,239,280,33,269,80,254,243,184,296,227,165,300,206,184,239,180,269,234,296,235,224,194,125,291,303,315,189,165,220,242,303,177,266,214,315,291,281,321,309,319,66,90,73,74,,,290,239,,,299,76,145,267,322,313,283,287,230,233,215,303,270,274,292,244,276,254,290,317,297,91,90,,241,,,296,251,234,250,160,204,194,189,250,281,165,248,236,226,256,220,214,250,296,181,194,149,236,222,212,293,266,327,303,327,315,316,330,52,85,195,305,294,50,48,,,200,231,,,299,280,326,175,294,184,160,160,140,115,219,231,201,183,180,157,217,250,293,284,288,88,279,35,,249,,,b'\x11\xe8\xe1I\xcb\x15\xf0\x82\xaf\x82\x12\xdf\x17\xaeN\x1e'
11E8E149-CB15-F082-AF82-12DF17AE4E1E,2020-ncaa-d1-conf-MAAC,ncaa,6,6,1,6,2,8,8,8,7,8,6,8,6,8,3,7,6,5,10,5,5,7,3,6,8,9,3,5,5,7,9,4,8,7,8,8,9,10,9,9,2,4,1,1,,,10,10,,,7,3,5,7,9,9,10,9,9,7,9,6,5,6,10,8,9,7,9,10,9,3,2,,9,,,7,8,7,8,4,7,8,6,5,10,3,7,9,9,9,9,10,9,9,3,4,5,9,5,9,9,8,9,9,9,8,8,8,3,4,5,11,11,7,6,,,4,2,,,7,9,9,7,6,7,6,7,6,5,5,10,8,8,8,8,9,8,9,9,7,5,11,5,,5,,,b'\x11\xe8\xe1I\xcb\x15\xf0\x82\xaf\x82\x12\xdf\x17\xaeN\x1e'
11E8E149-CB15-F082-AF82-12DF17AE4E1E,2020-ncaa-d1-natl,ncaa,257,278,45,274,116,290,279,223,306,273,197,312,220,202,243,179,286,255,299,256,226,238,164,296,308,324,183,164,214,269,309,204,271,251,319,312,284,317,314,322,83,97,82,75,,,271,244,,,307,111,148,267,330,323,290,293,235,236,215,303,276,278,297,251,278,258,297,323,295,101,96,,246,,,301,235,218,221,170,183,171,201,240,264,170,246,222,205,263,202,217,214,267,190,209,170,236,220,211,278,271,316,309,312,319,311,331,72,100,212,299,296,40,51,,,230,227,,,307,248,332,195,302,194,170,163,144,122,223,227,211,185,185,162,215,254,295,286,296,97,283,37,,252,,,b'\x11\xe8\xe1I\xcb\x15\xf0\x82\xaf\x82\x12\xdf\x17\xaeN\x1e'
11E8E149-CB15-F082-AF82-12DF17AE4E1E,2021-ncaa-d0-natl,ncaa,290,104,323,260,324,324,321,323,254,323,325,234,301,303,242,109,325,321,292,319,225,324,324,241,261,267,155,118,255,299,61,328,323,325,235,331,343,18,233,334,305,144,256,114,,,16,96,,,233,326,293,224,285,271,226,260,236,179,136,287,265,263,243,244,78,313,244,342,208,151,102,,89,,,271,23,26,20,242,27,25,200,34,24,280,123,19,23,86,23,73,19,20,238,206,222,88,169,58,40,323,17,61,19,235,47,312,323,195,289,39,287,63,298,,,325,242,,,233,19,240,274,271,179,233,182,244,229,169,106,70,87,89,154,119,306,81,188,305,218,271,285,,260,,,b'\x11\xe8\xe1I\xcb\x15\xf0\x82\xaf\x82\x12\xdf\x17\xaeN\x1e'
11E8E149-CB15-F082-AF82-12DF17AE4E1E,2021-ncaa-d1-conf-MAAC,ncaa,8,8,8,9,8,7,7,7,6,8,8,6,6,6,6,5,7,7,10,7,2,6,7,4,7,4,5,5,9,6,3,8,10,8,7,10,11,3,7,11,9,7,8,7,,,5,5,,,10,8,6,6,6,6,6,6,6,4,3,6,6,6,6,5,3,10,8,11,6,6,6,,6,,,9,7,7,6,9,7,6,9,5,4,10,5,6,6,5,6,6,6,5,9,10,10,4,6,4,6,10,4,3,4,7,8,11,9,9,9,6,7,6,7,,,7,6,,,10,4,4,10,9,9,9,6,9,8,9,5,7,7,7,8,7,9,5,8,9,9,7,8,,5,,,b'\x11\xe8\xe1I\xcb\x15\xf0\x82\xaf\x82\x12\xdf\x17\xaeN\x1e'
11E8E149-CB15-F082-AF82-12DF17AE4E1E,2021-ncaa-d1-natl,ncaa,296,104,324,268,325,326,321,323,260,324,326,241,303,307,241,109,325,322,291,321,228,324,325,246,268,269,148,118,254,302,64,328,327,325,245,331,343,17,237,336,307,153,264,118,,,16,97,,,240,327,296,225,292,281,231,267,241,181,140,288,268,265,248,249,82,313,251,342,209,157,105,,87,,,281,23,24,19,250,27,24,204,31,21,283,120,18,22,90,23,73,19,20,246,214,234,86,166,59,36,327,17,64,19,245,46,312,323,205,297,35,291,55,301,,,326,242,,,240,18,247,285,280,186,241,182,249,230,174,106,72,89,92,158,118,308,82,193,306,226,270,286,,261,,,b'\x11\xe8\xe1I\xcb\x15\xf0\x82\xaf\x82\x12\xdf\x17\xaeN\x1e'
11E8E149-CB15-F082-AF82-12DF17AE4E1E,2022-ncaa-d0-natl,ncaa,254,266,163,265,201,246,221,168,293,186,121,302,269,259,275,261,264,217,324,212,266,182,147,301,321,324,273,254,217,74,67,223,184,160,128,287,326,308,289,328,80,63,195,162,,,304,321,,,216,177,126,269,294,255,175,191,102,278,261,275,217,213,193,98,58,259,131,314,303,66,199,,316,,,216,91,61,98,99,91,92,195,72,178,12,219,285,280,231,285,323,122,187,91,131,58,224,98,324,128,184,173,67,146,128,87,178,50,33,29,269,244,42,21,,,219,273,,,216,191,303,54,203,86,58,61,90,50,65,171,287,288,291,94,201,150,174,157,92,34,261,34,,230,,,b'\x11\xe8\xe1I\xcb\x15\xf0\x82\xaf\x82\x12\xdf\x17\xaeN\x1e'
11E8E149-CB15-F082-AF82-12DF17AE4E1E,2022-ncaa-d1-conf-MAAC,ncaa,5,5,8,5,10,6,7,8,7,5,5,8,8,11,4,10,6,4,7,4,5,6,7,7,8,7,8,10,5,5,4,7,6,4,4,9,8,5,6,8,4,4,9,8,,,10,11,,,4,8,4,10,5,6,5,5,4,8,11,5,4,4,4,6,5,6,4,9,8,4,8,,10,,,4,3,1,1,6,3,3,8,4,7,1,8,9,10,8,10,11,4,4,4,7,5,6,5,10,2,6,1,4,1,4,3,5,4,4,3,4,6,2,2,,,6,6,,,4,5,4,6,4,6,4,3,7,3,4,7,10,10,10,4,5,5,4,4,5,3,6,2,,5,,,b'\x11\xe8\xe1I\xcb\x15\xf0\x82\xaf\x82\x12\xdf\x17\xaeN\x1e'
11E8E149-CB15-F082-AF82-12DF17AE4E1E,2022-ncaa-d1-natl,ncaa,269,266,213,273,250,282,265,218,306,221,151,312,281,271,286,261,281,241,323,237,262,225,187,308,324,326,271,253,210,91,74,261,189,196,137,312,329,294,297,333,102,74,209,170,,,290,327,,,236,231,135,269,303,277,189,203,105,278,264,278,218,214,199,104,63,269,146,323,305,76,203,,317,,,237,71,50,61,111,75,63,205,57,147,12,215,270,265,235,271,325,82,127,100,143,73,225,96,322,103,189,135,74,110,137,66,180,71,37,35,241,249,35,22,,,258,269,,,236,140,316,69,224,96,60,62,100,53,71,172,292,290,293,97,197,147,182,164,97,40,263,38,,230,,,b'\x11\xe8\xe1I\xcb\x15\xf0\x82\xaf\x82\x12\xdf\x17\xaeN\x1e'
11E8E149-CB15-F082-AF82-12DF17AE4E1E,2023-ncaa-d0-natl,ncaa,102,117,81,114,85,92,84,73,154,91,78,159,123,112,164,166,172,152,219,160,253,81,52,159,171,192,212,173,259,32,31,91,187,51,60,99,175,342,264,219,36,52,189,232,,,300,216,,,102,64,61,137,119,90,60,102,110,144,133,210,187,193,83,42,30,101,46,120,315,44,215,,266,,,103,233,215,276,82,186,260,88,228,253,131,193,261,246,206,248,197,282,301,86,92,61,246,206,237,273,187,181,31,223,60,167,127,51,76,47,302,213,84,39,,,199,335,,,102,298,158,64,105,152,128,222,124,200,188,210,215,208,209,240,290,237,107,150,107,56,264,57,,271,,,b'\x11\xe8\xe1I\xcb\x15\xf0\x82\xaf\x82\x12\xdf\x17\xaeN\x1e'
11E8E149-CB15-F082-AF82-12DF17AE4E1E,2023-ncaa-d1-conf-MAAC,ncaa,4,4,3,4,4,2,1,3,2,2,3,2,3,5,2,7,5,5,5,5,6,3,3,2,2,2,9,7,7,3,3,5,6,2,3,3,6,8,6,5,3,4,8,8,,,8,8,,,4,3,2,5,2,1,3,2,3,3,6,5,5,5,3,3,3,6,3,3,9,3,8,,9,,,4,8,9,7,7,11,11,6,7,5,8,4,7,7,8,7,6,9,9,7,7,7,3,5,7,7,6,2,3,3,3,4,1,4,5,6,6,5,6,4,,,5,10,,,4,9,1,8,4,8,8,7,9,11,8,7,7,7,7,9,9,7,3,4,5,5,5,7,,8,,,b'\x11\xe8\xe1I\xcb\x15\xf0\x82\xaf\x82\x12\xdf\x17\xaeN\x1e'
11E8E149-CB15-F082-AF82-12DF17AE4E1E,2023-ncaa-d1-natl,ncaa,114,117,103,122,119,119,101,83,162,107,96,171,136,130,165,167,190,172,213,177,253,95,66,168,178,202,207,172,255,39,37,119,193,59,63,119,185,331,268,230,49,59,204,237,,,283,223,,,124,79,66,131,127,95,63,111,119,145,136,211,189,195,87,44,35,109,50,134,316,51,218,,268,,,124,199,186,249,87,157,236,95,217,235,140,193,246,233,216,234,203,255,285,95,104,74,245,203,237,252,193,147,37,189,63,149,130,67,88,56,283,223,69,43,,,232,336,,,124,283,171,77,126,166,140,222,132,200,201,210,226,216,214,241,290,239,116,153,125,67,268,63,,272,,,b'\x11\xe8\xe1I\xcb\x15\xf0\x82\xaf\x82\x12\xdf\x17\xaeN\x1e'
11E8E149-CB15-F082-AF82-12DF17AE4E1E,2024-ncaa-d0-natl,ncaa,127,82,196,111,218,148,126,142,112,142,183,105,104,105,128,105,293,288,243,276,300,159,145,108,134,157,196,102,338,119,91,249,319,196,228,163,233,255,218,204,17,14,185,180,,,192,141,,,102,155,70,187,109,75,62,108,158,80,80,302,283,275,101,72,95,251,172,136,270,9,174,,216,,,99,124,109,147,113,97,142,98,199,182,230,217,144,175,58,174,206,151,240,134,127,34,253,248,186,301,319,115,91,208,228,174,247,21,20,38,236,219,47,52,,,217,274,,,102,214,145,58,93,157,139,194,117,163,225,212,163,195,196,203,314,325,156,252,193,12,257,55,,205,,,b'\x11\xe8\xe1I\xcb\x15\xf0\x82\xaf\x82\x12\xdf\x17\xaeN\x1e'
11E8E149-CB15-F082-AF82-12DF17AE4E1E,2024-ncaa-d1-conf-MAAC,ncaa,3,3,3,3,5,3,3,2,2,2,2,2,2,2,1,5,6,6,4,6,10,2,2,2,2,2,8,6,11,2,2,7,11,4,4,3,11,5,3,4,2,2,5,5,,,8,5,,,3,3,2,8,3,2,2,2,2,2,2,8,7,6,2,2,2,9,3,4,4,2,5,,7,,,3,8,7,8,5,7,9,6,7,5,10,5,8,8,3,8,7,8,10,5,6,3,7,7,8,10,11,5,2,6,4,6,5,2,3,3,3,3,5,5,,,5,7,,,3,10,2,3,2,6,7,7,7,7,7,5,8,8,8,8,10,10,5,6,5,2,3,5,,7,,,b'\x11\xe8\xe1I\xcb\x15\xf0\x82\xaf\x82\x12\xdf\x17\xaeN\x1e'
11E8E149-CB15-F082-AF82-12DF17AE4E1E,2024-ncaa-d1-natl,ncaa,137,83,254,117,283,183,148,179,123,173,214,112,122,125,130,105,314,302,245,295,303,210,200,118,146,173,190,102,338,150,107,285,331,243,242,195,243,219,228,221,29,20,202,184,,,161,145,,,127,211,73,171,118,85,70,121,170,88,81,304,288,280,111,81,109,259,196,152,276,11,179,,222,,,123,93,83,109,130,65,100,112,186,156,238,218,130,162,58,158,216,106,200,152,149,45,254,248,186,286,331,86,107,171,242,162,252,37,25,56,214,229,44,54,,,253,271,,,127,164,161,82,120,177,161,199,132,170,233,213,168,202,203,209,313,330,164,263,212,14,262,56,,206,,,b'\x11\xe8\xe1I\xcb\x15\xf0\x82\xaf\x82\x12\xdf\x17\xaeN\x1e'
11E8E149-CB15-F082-AF82-12DF17AE4E1E,2025-ncaa-d0-natl,genius_ncaa,133,130,135,135,177,164,156,174,146,143,148,157,214,232,178,225,157,200,67,205,235,177,151,157,148,175,231,234,164,107,46,237,203,184,88,143,127,299,274,200,151,150,122,112,,,257,278,,171,181,173,192,269,166,163,214,144,151,226,244,165,212,221,216,165,109,282,211,136,283,151,124,,253,,163,181,200,178,147,245,171,167,197,195,133,299,137,264,260,225,258,264,168,196,248,265,214,236,184,263,150,203,41,46,62,88,218,249,119,104,158,309,293,31,23,,,149,171,,150,181,203,155,199,175,198,160,108,150,135,193,114,261,250,254,122,144,137,30,46,218,113,300,28,,169,,160,b'\x11\xe8\xe1I\xcb\x15\xf0\x82\xaf\x82\x12\xdf\x17\xaeN\x1e'
11E8E149-CB15-F082-AF82-12DF17AE4E1E,2025-ncaa-d1-conf-MAAC,genius_ncaa,3,3,7,3,9,4,4,7,3,4,5,3,8,9,6,10,1,3,2,3,6,7,7,3,3,3,8,9,5,2,1,9,8,8,1,5,6,8,7,7,6,5,3,3,,,11,13,,9,4,8,5,7,4,3,7,3,5,8,8,1,5,5,6,5,2,10,7,4,9,5,3,,11,,9,4,8,5,4,8,5,5,6,9,5,12,5,12,12,6,12,11,4,6,9,9,9,10,9,12,4,8,1,1,1,1,8,7,7,5,7,11,10,4,3,,,5,4,,5,4,7,3,9,4,10,7,4,7,6,8,4,11,11,11,6,9,5,1,1,8,5,10,4,,4,,6,b'\x11\xe8\xe1I\xcb\x15\xf0\x82\xaf\x82\x12\xdf\x17\xaeN\x1e'
11E8E149-CB15-F082-AF82-12DF17AE4E1E,2025-ncaa-d1-natl,genius_ncaa,145,130,172,139,226,192,185,217,160,176,179,167,232,245,178,227,181,219,66,227,233,220,196,168,157,189,222,235,151,139,54,278,212,225,100,162,129,276,284,217,170,163,137,117,,,234,280,,157,196,220,196,269,186,178,232,159,157,230,248,165,213,225,229,174,124,292,225,146,285,165,130,,257,,167,197,176,156,105,255,146,133,212,180,105,308,134,250,239,227,239,266,122,146,260,280,229,232,185,267,126,212,26,54,37,100,206,253,150,114,169,291,304,22,23,,,183,164,,162,196,157,175,217,190,208,170,109,166,136,198,113,264,257,260,124,142,140,32,48,226,128,305,30,,171,,158,b'\x11\xe8\xe1I\xcb\x15\xf0\x82\xaf\x82\x12\xdf\x17\xaeN\x1e'
11E8E149-CB15-F082-AF82-12DF17AE4E1E,2026-ncaa-d0-natl,genius_ncaa,295,295,206,310,216,262,261,249,282,250,262,213,266,199,333,116,237,236,206,235,151,254,234,296,291,303,189,204,127,163,98,284,317,254,224,290,282,234,297,312,190,148,216,191,,,251,348,,333,234,255,246,97,285,285,255,256,265,254,154,224,214,222,265,196,120,320,251,313,290,146,215,,330,,353,233,94,64,83,101,55,97,78,116,100,225,142,261,255,225,258,320,104,126,120,168,114,311,175,343,233,317,83,98,130,224,211,358,149,69,160,151,211,171,237,,,228,165,,37,234,108,281,154,235,131,66,60,63,99,139,104,307,301,305,114,187,292,101,180,257,77,208,207,,181,,19,b'\x11\xe8\xe1I\xcb\x15\xf0\x82\xaf\x82\x12\xdf\x17\xaeN\x1e'
11E8E149-CB15-F082-AF82-12DF17AE4E1E,2026-ncaa-d1-natl,genius_ncaa,332,294,271,333,286,329,336,329,314,327,331,240,308,258,341,113,293,299,199,299,151,330,320,317,312,322,174,200,111,234,116,343,337,331,267,344,302,183,318,336,260,192,265,210,,,207,353,,321,275,329,259,100,317,315,292,294,284,268,167,233,225,233,297,222,147,336,291,338,301,188,227,,336,,359,280,50,20,23,136,26,46,100,76,42,258,135,231,217,233,221,325,41,54,156,204,159,307,177,340,190,337,34,116,79,267,171,359,219,97,208,113,227,139,267,,,282,147,,45,275,36,311,201,284,165,87,70,82,110,162,112,323,313,316,132,183,301,120,202,289,111,217,226,,180,,15,b'\x11\xe8\xe1I\xcb\x15\xf0\x82\xaf\x82\x12\xdf\x17\xaeN\x1e'
11E8E149-CB1A-E7EA-AF82-12DF17AE4E1E,2010-ncaa-d0-natl,ncaa,178,174,178,185,226,185,195,131,260,245,234,261,57,46,140,39,240,285,69,292,264,163,251,218,217,113,52,36,256,247,309,234,249,249,320,266,306,1,4,85,329,332,282,301,,,54,64,,,195,243,218,283,162,180,79,265,233,45,31,246,291,297,122,261,253,249,266,276,5,333,285,,72,,,196,173,256,177,299,288,254,276,108,70,267,64,36,47,85,46,24,150,131,277,234,251,18,98,27,180,249,313,309,284,320,47,11,238,216,135,15,36,48,84,,,202,107,,,195,120,130,257,185,219,304,225,317,296,113,65,47,62,64,186,153,220,326,310,74,232,24,67,,182,,,b'\x11\xe8\xe1I\xcb\x1a\xe7\xea\xaf\x82\x12\xdf\x17\xaeN\x1e'
11E8E149-CB1A-E7EA-AF82-12DF17AE4E1E,2010-ncaa-d1-conf-Sun Belt,ncaa,5,6,4,6,6,6,7,5,10,12,9,9,2,2,6,2,6,5,3,6,3,6,9,8,7,6,2,2,7,11,13,8,10,10,12,9,10,2,2,3,11,11,8,9,,,5,3,,,8,7,8,9,7,8,6,13,10,3,2,6,7,8,7,10,10,9,11,8,2,11,7,,3,,,8,10,11,10,9,11,12,9,11,7,10,6,4,4,3,4,2,9,9,11,7,9,4,9,2,10,10,12,13,12,12,5,1,9,10,6,4,5,6,6,,,2,2,,,8,7,6,10,6,10,11,9,11,11,9,7,3,4,4,9,8,10,12,12,4,10,4,6,,2,,,b'\x11\xe8\xe1I\xcb\x1a\xe7\xea\xaf\x82\x12\xdf\x17\xaeN\x1e'
11E8E149-CB1A-E7EA-AF82-12DF17AE4E1E,2010-ncaa-d1-natl,ncaa,166,174,134,177,181,154,161,103,252,234,220,255,43,32,129,38,228,270,61,276,261,135,216,196,197,96,50,29,257,250,316,208,234,230,319,253,308,3,3,66,325,328,281,295,,,77,67,,,170,205,208,285,143,157,66,255,236,39,30,242,287,293,113,256,266,236,263,272,5,325,281,,73,,,171,202,273,208,284,302,273,263,107,78,242,64,52,59,98,59,27,174,157,253,206,223,18,93,33,192,234,329,316,312,319,49,10,207,205,111,20,29,67,94,,,181,127,,,170,155,115,237,161,201,296,227,313,298,108,65,50,62,65,189,166,210,328,311,57,219,22,72,,187,,,b'\x11\xe8\xe1I\xcb\x1a\xe7\xea\xaf\x82\x12\xdf\x17\xaeN\x1e'
11E8E149-CB1A-E7EA-AF82-12DF17AE4E1E,2011-ncaa-d0-natl,ncaa,168,111,288,147,311,264,264,240,263,298,276,287,109,130,112,76,283,267,238,270,200,260,305,223,238,171,56,45,220,226,238,200,64,217,169,308,317,4,19,169,327,314,328,335,,,16,52,,,132,317,248,257,198,223,121,274,217,67,64,239,216,222,143,249,167,57,89,300,15,319,327,,36,,,130,17,68,71,144,183,168,205,8,31,2,52,12,19,43,19,19,39,31,72,44,95,3,13,42,54,64,165,238,98,169,13,11,303,254,128,4,16,206,279,,,219,68,,,132,36,164,84,116,81,171,210,286,296,9,48,27,39,44,148,89,120,299,240,34,277,15,261,,113,,,b'\x11\xe8\xe1I\xcb\x1a\xe7\xea\xaf\x82\x12\xdf\x17\xaeN\x1e'
11E8E149-CB1A-E7EA-AF82-12DF17AE4E1E,2011-ncaa-d1-conf-Sun Belt,ncaa,8,8,4,8,5,8,9,4,12,11,7,12,2,2,7,2,6,5,8,5,4,4,6,12,12,6,1,2,5,5,10,3,1,4,8,9,9,2,2,6,11,11,12,12,,,4,4,,,8,7,9,7,10,12,4,12,9,2,2,8,5,5,5,9,7,4,5,10,2,11,12,,2,,,8,5,6,8,6,8,9,8,3,5,3,5,6,4,9,3,3,6,4,6,5,7,1,4,3,2,1,12,10,9,8,5,3,11,10,10,2,3,12,12,,,2,2,,,8,6,7,7,8,6,7,7,7,8,3,5,4,4,4,5,3,2,12,9,5,11,2,12,,3,,,b'\x11\xe8\xe1I\xcb\x1a\xe7\xea\xaf\x82\x12\xdf\x17\xaeN\x1e'
11E8E149-CB1A-E7EA-AF82-12DF17AE4E1E,2011-ncaa-d1-natl,ncaa,145,110,199,136,260,203,205,163,237,260,226,271,73,88,72,74,282,270,242,275,250,191,264,194,212,150,64,36,288,188,229,109,54,140,135,272,310,6,18,134,304,303,316,323,,,20,44,,,96,282,246,260,183,182,100,256,204,48,63,268,265,271,138,247,163,43,71,279,14,303,314,,34,,,95,27,108,143,104,221,237,172,10,45,2,60,14,24,34,27,16,97,67,48,20,63,3,13,38,81,54,238,229,170,135,16,11,282,250,110,11,17,245,276,,,208,115,,,96,70,141,56,86,62,149,207,258,289,9,56,21,30,33,147,91,114,295,235,28,272,18,262,,157,,,b'\x11\xe8\xe1I\xcb\x1a\xe7\xea\xaf\x82\x12\xdf\x17\xaeN\x1e'
11E8E149-CB1A-E7EA-AF82-12DF17AE4E1E,2012-ncaa-d0-natl,ncaa,161,107,292,145,292,291,299,225,326,330,303,318,90,59,230,33,296,273,294,266,136,243,280,296,308,273,28,22,233,146,148,233,22,194,100,335,342,31,84,296,305,274,328,314,,,75,256,,,104,309,269,16,255,273,101,323,272,54,27,262,225,219,125,172,85,118,80,334,87,293,323,,165,,,97,6,10,9,44,14,25,59,17,36,31,114,34,42,85,39,139,7,14,38,41,23,111,83,228,4,22,168,148,50,100,2,4,185,49,8,4,13,218,300,,,159,35,,,104,27,252,14,103,14,17,33,40,65,35,61,81,99,94,23,52,17,304,173,4,99,17,263,,44,,,b'\x11\xe8\xe1I\xcb\x1a\xe7\xea\xaf\x82\x12\xdf\x17\xaeN\x1e'
11E8E149-CB1A-E7EA-AF82-12DF17AE4E1E,2012-ncaa-d1-conf-Sun Belt,ncaa,6,6,4,6,5,5,8,5,10,11,11,10,2,2,4,1,7,6,11,6,3,5,7,8,8,8,1,1,7,7,7,2,1,4,4,12,12,4,5,11,10,8,10,11,,,7,9,,,3,7,6,6,7,9,3,12,12,2,2,7,7,7,3,5,6,1,5,12,6,10,10,,7,,,4,2,2,2,3,1,3,4,3,4,4,4,6,6,6,5,6,2,4,3,3,1,6,6,8,1,1,11,7,7,4,3,5,5,3,4,3,2,11,11,,,3,5,,,3,6,6,1,4,2,2,2,2,3,4,4,5,5,5,1,2,1,8,7,1,5,3,11,,4,,,b'\x11\xe8\xe1I\xcb\x1a\xe7\xea\xaf\x82\x12\xdf\x17\xaeN\x1e'
11E8E149-CB1A-E7EA-AF82-12DF17AE4E1E,2012-ncaa-d1-natl,ncaa,143,107,196,131,200,243,256,165,320,319,288,315,54,26,208,23,289,264,292,259,149,182,220,280,297,260,25,18,263,101,136,161,20,123,90,325,340,51,79,291,295,277,317,307,,,99,232,,,75,257,259,20,233,250,87,318,280,34,19,283,246,240,112,169,71,102,66,329,88,292,318,,140,,,72,5,11,31,42,23,61,45,35,51,39,123,35,53,78,47,94,22,39,29,27,19,106,101,176,7,20,251,136,107,90,3,4,156,62,8,10,15,246,306,,,115,55,,,75,68,227,12,80,12,21,46,42,87,42,66,55,69,58,26,56,18,300,167,4,112,23,265,,60,,,b'\x11\xe8\xe1I\xcb\x1a\xe7\xea\xaf\x82\x12\xdf\x17\xaeN\x1e'
11E8E149-CB1A-E7EA-AF82-12DF17AE4E1E,2013-ncaa-d0-natl,ncaa,149,105,251,134,294,282,278,266,279,324,324,228,84,56,213,30,325,312,317,307,168,275,291,214,262,254,46,29,302,211,189,236,21,230,105,311,300,93,188,288,284,249,322,321,,,9,52,,,152,309,273,267,271,265,218,315,312,61,38,321,298,294,248,253,162,185,175,315,160,278,319,,23,,,152,17,67,46,214,154,114,222,15,29,52,81,7,5,326,4,5,16,17,161,120,114,5,54,18,6,21,135,189,34,105,27,37,247,128,101,110,185,62,173,,,201,65,,,152,35,241,72,155,49,144,86,223,186,28,40,10,6,6,35,28,14,232,92,61,215,150,87,,131,,,b'\x11\xe8\xe1I\xcb\x1a\xe7\xea\xaf\x82\x12\xdf\x17\xaeN\x1e'
11E8E149-CB1A-E7EA-AF82-12DF17AE4E1E,2013-ncaa-d1-conf-Sun Belt,ncaa,6,6,8,6,9,11,11,10,10,11,11,10,3,1,7,1,11,10,11,10,6,10,10,10,10,10,1,1,10,6,7,9,1,9,4,10,9,4,7,10,10,10,10,9,,,1,1,,,8,11,9,8,10,10,9,11,11,2,1,11,10,10,10,10,5,8,7,10,6,10,10,,1,,,8,1,4,1,8,3,1,6,5,2,9,6,1,1,11,1,1,1,1,7,7,5,3,7,2,1,1,8,7,2,4,4,6,9,6,7,6,8,4,6,,,8,2,,,8,1,10,3,8,3,4,3,5,4,5,3,1,1,1,1,1,1,8,4,5,9,6,5,,5,,,b'\x11\xe8\xe1I\xcb\x1a\xe7\xea\xaf\x82\x12\xdf\x17\xaeN\x1e'
11E8E149-CB1A-E7EA-AF82-12DF17AE4E1E,2013-ncaa-d1-natl,ncaa,135,104,210,126,274,262,259,236,268,314,315,218,73,52,198,30,323,304,319,303,175,255,273,207,249,246,47,29,311,200,192,207,21,207,106,303,294,106,176,271,279,246,319,321,,,12,45,,,146,294,265,267,261,259,204,307,309,54,36,323,299,298,235,253,160,168,167,305,152,277,321,,25,,,145,19,92,61,212,194,141,225,15,29,38,79,6,4,317,4,5,20,26,156,116,106,5,46,17,6,21,179,192,51,106,34,32,236,132,94,124,178,79,193,,,191,82,,,146,50,223,74,141,49,147,91,236,197,24,41,8,7,7,36,34,16,238,97,61,216,146,106,,148,,,b'\x11\xe8\xe1I\xcb\x1a\xe7\xea\xaf\x82\x12\xdf\x17\xaeN\x1e'
11E8E149-CB1A-E7EA-AF82-12DF17AE4E1E,2014-ncaa-d0-natl,ncaa,303,263,334,300,336,324,340,345,266,347,340,314,143,204,28,88,250,251,187,250,26,342,337,191,166,271,14,50,61,344,332,288,183,330,276,339,308,234,342,341,332,310,318,313,,,56,171,,,297,333,205,30,298,328,340,342,325,84,133,168,162,159,330,276,331,159,288,336,327,303,300,,174,,,302,46,90,44,260,163,89,291,31,61,41,114,70,88,53,87,144,34,21,214,196,223,33,58,130,67,183,51,332,36,276,61,74,309,244,209,223,329,91,304,,,255,32,,,297,21,304,231,298,234,272,231,303,261,79,130,158,186,190,234,198,188,220,228,169,229,314,180,,95,,,b'\x11\xe8\xe1I\xcb\x1a\xe7\xea\xaf\x82\x12\xdf\x17\xaeN\x1e'
11E8E149-CB1A-E7EA-AF82-12DF17AE4E1E,2014-ncaa-d1-conf-Sun Belt,ncaa,9,7,9,9,9,10,10,10,7,10,10,7,2,4,1,1,7,8,5,8,2,10,10,4,3,8,1,1,3,10,10,7,5,9,8,9,8,8,9,10,8,8,9,9,,,1,2,,,9,10,7,1,9,10,10,10,10,2,2,6,6,6,10,9,10,4,8,9,8,7,9,,3,,,9,2,4,4,5,3,3,9,3,9,1,10,1,1,3,1,4,3,3,4,1,6,1,5,2,2,5,5,10,3,8,4,6,9,7,7,8,9,6,10,,,8,4,,,9,2,10,5,7,5,7,7,7,5,5,10,3,3,3,6,7,7,7,7,7,8,8,7,,7,,,b'\x11\xe8\xe1I\xcb\x1a\xe7\xea\xaf\x82\x12\xdf\x17\xaeN\x1e'
11E8E149-CB1A-E7EA-AF82-12DF17AE4E1E,2014-ncaa-d1-natl,ncaa,293,262,333,293,333,323,341,346,270,346,341,310,132,181,39,82,251,252,185,247,28,342,338,194,174,272,15,50,68,342,323,281,171,328,268,339,304,249,339,338,329,315,318,313,,,66,171,,,289,328,209,31,301,329,339,342,325,84,124,183,171,169,329,274,325,155,276,333,324,303,303,,171,,,297,57,97,47,253,173,90,298,33,76,27,119,72,97,44,96,151,43,28,205,181,218,32,58,130,72,171,65,323,44,268,60,62,301,240,193,230,328,102,304,,,243,38,,,289,26,303,215,288,217,259,218,296,247,74,135,147,183,189,223,188,184,216,211,150,225,311,186,,101,,,b'\x11\xe8\xe1I\xcb\x1a\xe7\xea\xaf\x82\x12\xdf\x17\xaeN\x1e'
11E8E149-CB1A-E7EA-AF82-12DF17AE4E1E,2015-ncaa-d0-natl,ncaa,339,316,322,340,332,339,343,345,282,345,344,284,191,198,164,75,303,283,291,286,55,345,328,243,250,317,41,69,116,330,288,328,326,339,319,334,220,310,347,337,244,205,140,127,,,85,195,,,301,318,146,283,323,332,337,342,328,142,129,256,218,229,332,249,297,287,315,325,342,193,89,,227,,,312,51,79,32,260,139,125,204,26,3,299,16,127,155,48,157,192,34,43,222,211,166,61,45,206,177,326,37,288,65,319,37,68,196,112,90,269,337,46,213,,,269,80,,,301,35,332,213,308,206,237,160,298,301,64,22,225,257,257,198,249,307,167,239,117,96,329,80,,126,,,b'\x11\xe8\xe1I\xcb\x1a\xe7\xea\xaf\x82\x12\xdf\x17\xaeN\x1e'
11E8E149-CB1A-E7EA-AF82-12DF17AE4E1E,2015-ncaa-d1-conf-Sun Belt,ncaa,10,10,9,10,11,11,11,11,9,11,11,10,2,3,5,1,9,10,7,10,2,11,11,8,7,11,1,1,4,10,10,10,10,11,10,11,4,11,11,11,9,9,3,3,,,3,5,,,10,11,5,9,11,11,11,11,11,1,1,9,9,9,11,10,10,6,11,11,11,9,3,,5,,,10,3,3,3,5,5,6,3,3,3,11,2,5,7,3,6,6,4,2,3,5,5,6,6,8,6,10,5,10,6,10,3,5,7,5,5,8,11,2,6,,,10,6,,,10,2,11,5,10,4,4,5,6,9,5,3,6,9,9,5,7,8,7,8,5,5,10,2,,8,,,b'\x11\xe8\xe1I\xcb\x1a\xe7\xea\xaf\x82\x12\xdf\x17\xaeN\x1e'
11E8E149-CB1A-E7EA-AF82-12DF17AE4E1E,2015-ncaa-d1-natl,ncaa,324,313,298,324,329,328,338,344,273,342,337,266,180,180,179,88,266,246,286,247,51,342,314,241,243,311,50,84,103,313,283,319,330,331,322,325,210,331,347,335,243,227,104,108,,,128,181,,,300,290,141,285,316,333,332,338,324,152,138,234,191,197,328,237,292,285,315,315,341,212,75,,220,,,300,77,101,60,235,186,183,178,36,10,294,20,171,203,71,201,192,67,90,198,194,155,70,51,220,249,330,77,283,140,322,43,51,146,100,72,282,324,51,190,,,190,50,,,300,60,331,207,297,201,225,167,280,296,70,26,227,255,257,197,253,316,164,250,99,91,319,76,,88,,,b'\x11\xe8\xe1I\xcb\x1a\xe7\xea\xaf\x82\x12\xdf\x17\xaeN\x1e'
11E8E149-CB1A-E7EA-AF82-12DF17AE4E1E,2016-ncaa-d0-natl,ncaa,196,156,287,192,315,329,326,336,230,315,321,235,245,270,176,169,290,269,288,267,116,336,317,226,233,289,147,150,159,336,309,187,237,285,255,313,238,269,344,331,260,233,33,17,,,101,184,,,217,302,188,280,312,312,335,296,292,212,226,260,223,224,330,280,329,72,216,306,326,221,11,,198,,,222,16,22,88,20,36,146,13,57,69,62,98,79,83,172,84,100,72,58,18,17,29,148,130,218,238,237,62,309,114,255,16,55,247,194,72,274,330,110,240,,,293,163,,,217,48,322,54,228,61,68,235,100,270,84,127,150,142,145,222,214,308,159,247,46,189,312,166,,233,,,b'\x11\xe8\xe1I\xcb\x1a\xe7\xea\xaf\x82\x12\xdf\x17\xaeN\x1e'
11E8E149-CB1A-E7EA-AF82-12DF17AE4E1E,2016-ncaa-d1-conf-Sun Belt,ncaa,5,5,5,5,7,8,8,8,8,7,7,7,6,6,5,6,9,10,5,10,7,8,8,5,5,8,6,6,8,11,10,2,8,4,8,6,6,10,11,8,7,10,1,1,,,5,3,,,6,5,6,6,9,8,7,7,8,6,6,10,10,10,9,6,11,1,4,6,10,8,1,,6,,,6,5,3,9,1,4,9,1,3,7,2,5,6,6,7,6,4,8,7,1,1,1,7,7,9,10,8,6,10,8,8,2,3,7,8,4,10,11,4,8,,,10,10,,,6,6,9,2,6,4,4,8,4,9,4,7,6,6,6,8,6,10,6,8,2,7,10,4,,10,,,b'\x11\xe8\xe1I\xcb\x1a\xe7\xea\xaf\x82\x12\xdf\x17\xaeN\x1e'
11E8E149-CB1A-E7EA-AF82-12DF17AE4E1E,2016-ncaa-d1-natl,ncaa,174,156,218,169,286,310,310,332,215,296,302,227,234,248,175,176,265,244,288,244,112,327,293,213,227,289,152,157,155,329,299,124,229,235,230,315,252,322,345,336,244,233,21,16,,,141,182,,,205,256,183,282,311,312,338,293,289,216,229,259,223,221,333,273,319,58,200,312,328,218,11,,197,,,207,19,24,160,9,46,203,8,60,80,51,95,110,98,168,101,98,139,127,12,13,17,158,136,234,277,229,92,299,166,230,19,40,209,196,59,295,333,160,261,,,251,175,,,205,95,319,40,210,46,54,226,78,271,76,120,151,143,145,219,212,307,143,230,36,180,311,190,,239,,,b'\x11\xe8\xe1I\xcb\x1a\xe7\xea\xaf\x82\x12\xdf\x17\xaeN\x1e'
11E8E149-CB1A-E7EA-AF82-12DF17AE4E1E,2017-ncaa-d0-natl,ncaa,267,265,234,273,280,339,338,306,338,339,302,335,236,195,291,115,315,310,234,310,228,316,286,326,330,330,85,109,159,207,185,279,321,262,277,295,99,284,329,317,217,187,26,16,,,64,99,,,273,307,281,268,343,342,307,342,296,212,173,314,302,302,322,271,177,258,234,295,303,193,14,,94,,,274,19,45,104,48,64,176,27,64,40,187,80,34,29,179,27,39,60,76,42,28,27,92,160,113,298,321,108,185,202,277,43,106,170,109,68,189,263,12,63,,,294,245,,,273,39,333,77,282,53,91,171,111,249,87,67,61,56,54,106,138,325,173,268,80,120,242,19,,282,,,b'\x11\xe8\xe1I\xcb\x1a\xe7\xea\xaf\x82\x12\xdf\x17\xaeN\x1e'
11E8E149-CB1A-E7EA-AF82-12DF17AE4E1E,2017-ncaa-d1-conf-Sun Belt,ncaa,10,10,3,10,5,11,11,9,12,10,9,11,7,5,10,5,10,9,11,9,9,9,7,12,12,12,5,3,9,5,6,5,10,4,8,10,4,9,9,10,8,7,1,1,,,4,3,,,9,7,11,4,12,12,10,12,9,9,6,10,10,10,10,9,4,6,4,10,8,7,1,,3,,,9,3,3,8,1,5,7,1,7,5,7,8,2,3,7,3,2,7,6,1,1,1,8,10,3,10,10,7,6,10,8,4,8,7,7,5,8,9,2,6,,,11,12,,,9,5,11,2,9,3,3,8,5,7,7,5,2,3,3,6,4,10,5,8,4,6,8,2,,11,,,b'\x11\xe8\xe1I\xcb\x1a\xe7\xea\xaf\x82\x12\xdf\x17\xaeN\x1e'
11E8E149-CB1A-E7EA-AF82-12DF17AE4E1E,2017-ncaa-d1-natl,ncaa,258,265,144,264,198,333,335,286,341,336,286,335,235,183,312,116,299,290,247,289,220,292,249,333,336,337,104,125,135,161,154,242,318,209,260,290,104,304,328,318,207,193,21,17,,,75,90,,,271,272,296,270,344,344,309,342,293,229,173,308,300,299,317,274,149,256,222,299,295,199,16,,82,,,268,25,55,152,34,90,225,22,62,55,161,76,35,30,193,30,33,108,132,30,25,19,86,157,109,316,318,165,154,254,260,48,99,141,101,58,209,253,17,72,,,259,237,,,271,65,335,61,279,29,63,151,86,244,67,56,55,45,45,88,118,324,169,258,60,123,226,23,,278,,,b'\x11\xe8\xe1I\xcb\x1a\xe7\xea\xaf\x82\x12\xdf\x17\xaeN\x1e'
11E8E149-CB1A-E7EA-AF82-12DF17AE4E1E,2018-ncaa-d0-natl,ncaa,87,112,43,106,52,91,79,61,142,153,190,118,28,23,93,29,299,254,331,259,253,75,61,93,137,133,60,25,342,150,251,25,200,37,190,29,11,247,160,60,229,285,1,3,,,178,43,,,98,55,128,78,128,115,107,245,289,31,24,334,302,306,142,152,219,19,56,25,162,266,1,,96,,,103,209,192,320,9,218,332,7,142,184,73,60,268,281,96,283,120,323,317,10,9,33,158,119,250,340,200,320,251,339,190,90,49,197,293,134,224,151,99,119,,,264,343,,,98,296,151,58,101,89,85,309,112,333,90,106,205,224,223,308,274,315,258,301,47,257,160,61,,335,,,b'\x11\xe8\xe1I\xcb\x1a\xe7\xea\xaf\x82\x12\xdf\x17\xaeN\x1e'
11E8E149-CB1A-E7EA-AF82-12DF17AE4E1E,2018-ncaa-d1-conf-Sun Belt,ncaa,4,5,4,5,4,3,4,3,6,8,10,2,2,2,7,1,12,8,12,10,9,3,3,3,6,3,4,2,12,6,8,2,6,4,6,1,1,3,3,2,10,10,1,1,,,6,1,,,4,2,3,5,4,3,2,6,10,2,1,12,9,9,2,4,8,2,4,1,4,10,1,,5,,,4,6,3,12,2,5,12,1,3,3,4,1,11,10,9,10,8,11,11,2,2,3,6,3,11,8,6,10,8,10,6,2,2,9,11,6,7,6,3,4,,,11,12,,,4,10,6,4,4,5,5,11,5,12,3,3,11,9,9,11,9,9,11,11,2,11,6,3,,12,,,b'\x11\xe8\xe1I\xcb\x1a\xe7\xea\xaf\x82\x12\xdf\x17\xaeN\x1e'
11E8E149-CB1A-E7EA-AF82-12DF17AE4E1E,2018-ncaa-d1-natl,ncaa,84,111,31,105,38,79,65,49,154,163,193,126,27,21,101,33,297,250,333,255,250,67,52,101,145,142,61,27,340,130,247,16,200,35,188,28,14,247,157,67,214,284,1,4,,,195,51,,,91,42,131,81,136,120,104,247,283,36,25,328,299,302,142,146,213,20,53,25,163,260,1,,104,,,97,215,192,327,7,225,337,4,132,181,69,54,269,288,111,288,113,332,325,7,9,35,151,104,253,341,200,330,247,342,188,81,48,187,284,124,221,146,94,108,,,263,343,,,91,309,159,58,98,87,79,305,115,333,77,100,205,224,223,306,271,316,259,299,44,256,154,54,,334,,,b'\x11\xe8\xe1I\xcb\x1a\xe7\xea\xaf\x82\x12\xdf\x17\xaeN\x1e'
11E8E149-CB1A-E7EA-AF82-12DF17AE4E1E,2019-ncaa-d0-natl,ncaa,54,73,26,70,27,67,56,52,95,66,76,101,63,80,79,150,190,62,347,62,123,49,28,80,140,174,188,117,309,106,217,18,224,27,181,71,156,335,215,181,240,320,47,108,,,304,123,,,114,22,79,72,120,95,129,129,179,96,128,273,125,125,131,86,184,27,52,104,260,285,73,,203,,,119,292,268,340,17,278,341,24,195,290,25,135,315,319,185,322,166,344,340,14,20,46,177,109,264,348,224,335,217,347,181,180,82,110,259,131,292,187,11,8,,,36,142,,,114,329,179,77,124,153,126,327,157,316,106,208,253,258,259,326,307,324,239,304,90,207,216,4,,100,,,b'\x11\xe8\xe1I\xcb\x1a\xe7\xea\xaf\x82\x12\xdf\x17\xaeN\x1e'
11E8E149-CB1A-E7EA-AF82-12DF17AE4E1E,2019-ncaa-d1-conf-Sun Belt,ncaa,3,6,1,6,1,2,2,2,8,3,2,6,2,2,9,4,8,3,12,3,5,2,1,7,11,11,8,5,12,3,8,1,7,2,7,2,4,12,9,6,5,11,1,2,,,10,3,,,6,1,2,5,7,6,3,8,8,5,3,10,6,6,3,4,4,3,4,4,10,9,1,,5,,,6,12,10,12,1,10,12,1,9,12,2,6,10,11,5,11,4,12,12,1,1,2,7,7,7,12,7,12,8,12,7,9,3,2,10,3,12,9,8,5,,,1,8,,,6,12,10,3,6,6,4,12,5,9,4,8,8,9,9,11,11,12,11,12,3,8,9,2,,8,,,b'\x11\xe8\xe1I\xcb\x1a\xe7\xea\xaf\x82\x12\xdf\x17\xaeN\x1e'
11E8E149-CB1A-E7EA-AF82-12DF17AE4E1E,2019-ncaa-d1-natl,ncaa,26,73,6,60,6,32,28,17,89,34,41,96,44,51,75,137,172,34,348,32,134,17,5,75,140,162,186,106,322,39,173,5,219,7,161,34,152,342,205,164,176,300,23,91,,,324,108,,,87,5,79,79,111,84,99,122,160,84,116,283,125,125,101,74,133,21,33,92,246,271,55,,185,,,96,328,309,347,13,305,347,19,237,318,22,144,322,322,158,323,146,350,348,11,11,31,176,115,255,351,219,349,173,350,161,219,84,63,231,100,306,157,36,13,,,16,171,,,87,347,153,53,106,127,115,325,139,306,99,212,237,238,241,323,306,322,233,304,73,187,197,10,,117,,,b'\x11\xe8\xe1I\xcb\x1a\xe7\xea\xaf\x82\x12\xdf\x17\xaeN\x1e'
11E8E149-CB1A-E7EA-AF82-12DF17AE4E1E,2020-ncaa-d0-natl,ncaa,182,195,87,189,93,98,148,103,219,275,253,256,17,28,51,56,94,12,345,13,10,60,58,129,173,171,16,26,139,58,129,116,273,63,212,217,271,229,158,230,193,239,48,65,,,243,166,,,173,78,122,15,104,174,107,294,278,25,34,103,15,16,57,53,56,132,56,241,202,210,45,,226,,,173,265,224,263,118,240,268,118,160,180,125,101,334,330,176,329,283,296,290,103,133,187,206,106,306,318,273,311,129,326,212,117,77,174,234,132,305,270,233,260,,,38,96,,,173,257,147,234,180,254,202,259,218,268,148,166,320,320,319,298,291,312,299,319,96,199,299,217,,48,,,b'\x11\xe8\xe1I\xcb\x1a\xe7\xea\xaf\x82\x12\xdf\x17\xaeN\x1e'
11E8E149-CB1A-E7EA-AF82-12DF17AE4E1E,2020-ncaa-d1-conf-Sun Belt,ncaa,5,5,1,5,1,3,3,2,5,8,8,7,1,1,1,2,5,3,12,3,1,2,2,2,4,4,1,1,9,2,4,4,9,3,6,4,5,11,8,7,5,8,1,1,,,7,5,,,4,1,5,3,3,5,4,11,10,1,1,5,3,3,3,4,3,5,3,5,10,8,1,,5,,,4,10,9,11,4,10,12,4,7,8,4,7,12,10,9,10,9,12,12,4,4,5,8,6,11,12,9,11,4,11,6,6,5,6,9,6,11,9,10,10,,,3,5,,,4,12,4,6,4,8,3,9,6,10,6,8,10,10,10,10,8,11,9,11,4,9,11,9,,4,,,b'\x11\xe8\xe1I\xcb\x1a\xe7\xea\xaf\x82\x12\xdf\x17\xaeN\x1e'
11E8E149-CB1A-E7EA-AF82-12DF17AE4E1E,2020-ncaa-d1-natl,ncaa,150,195,12,182,13,51,78,32,188,206,201,211,17,20,67,60,77,8,346,8,11,18,11,115,162,161,30,34,169,28,129,44,261,18,199,169,277,265,159,228,167,236,29,55,,,262,122,,,150,19,106,17,89,144,99,268,266,28,35,113,17,18,50,49,57,106,46,237,206,208,41,,190,,,153,307,276,324,101,270,324,87,213,214,162,90,334,333,166,332,256,343,339,92,118,166,206,116,290,334,261,332,129,339,199,175,83,138,239,136,321,272,252,255,,,15,97,,,150,330,135,218,168,250,201,278,209,286,160,160,308,306,304,305,291,312,292,315,112,198,301,216,,48,,,b'\x11\xe8\xe1I\xcb\x1a\xe7\xea\xaf\x82\x12\xdf\x17\xaeN\x1e'
11E8E149-CB1A-E7EA-AF82-12DF17AE4E1E,2021-ncaa-d0-natl,ncaa,151,227,89,192,125,143,155,132,235,200,201,186,59,48,194,43,158,104,318,106,37,126,109,186,217,239,54,43,200,124,234,90,246,103,245,155,188,299,257,259,72,114,24,23,,,200,72,,,218,105,106,224,222,235,210,291,302,77,49,221,128,130,202,139,191,120,143,225,266,100,22,,123,,,208,226,223,255,94,211,255,70,232,224,208,135,244,256,117,259,203,250,260,92,90,102,229,196,220,305,246,280,234,292,245,153,59,86,148,80,322,299,276,299,,,137,219,,,218,239,245,129,206,166,146,211,133,227,184,164,213,234,233,229,259,280,263,295,77,121,300,237,,203,,,b'\x11\xe8\xe1I\xcb\x1a\xe7\xea\xaf\x82\x12\xdf\x17\xaeN\x1e'
11E8E149-CB1A-E7EA-AF82-12DF17AE4E1E,2021-ncaa-d1-conf-Sun Belt,ncaa,6,8,2,7,3,3,3,3,10,8,5,7,2,2,11,1,5,3,11,3,2,3,3,9,11,9,2,2,10,4,9,2,10,3,11,5,5,12,8,8,3,8,1,1,,,8,1,,,10,3,6,8,8,9,6,12,12,2,1,11,9,8,6,6,6,4,5,8,8,7,1,,3,,,9,10,10,11,6,10,10,4,10,11,5,7,10,10,1,10,6,10,10,6,5,6,7,7,5,12,10,11,9,12,11,8,3,3,7,6,12,9,11,12,,,3,9,,,10,10,10,6,8,6,7,7,8,9,7,7,6,7,7,8,8,9,12,11,3,8,9,10,,11,,,b'\x11\xe8\xe1I\xcb\x1a\xe7\xea\xaf\x82\x12\xdf\x17\xaeN\x1e'
11E8E149-CB1A-E7EA-AF82-12DF17AE4E1E,2021-ncaa-d1-natl,ncaa,119,225,50,163,63,119,125,91,231,176,169,180,48,34,179,40,133,57,326,57,30,90,59,176,214,233,48,37,197,81,224,57,251,63,242,119,174,322,261,253,58,115,18,26,,,222,58,,,189,54,119,225,216,235,222,294,310,69,48,223,116,117,205,147,179,112,135,221,268,103,24,,87,,,184,257,246,288,69,241,296,49,232,238,185,123,262,277,121,271,167,293,300,71,65,67,207,173,214,325,251,310,224,321,242,176,63,49,135,66,332,304,296,293,,,82,188,,,189,287,245,100,180,133,125,208,131,240,155,136,195,215,210,221,258,287,243,296,70,108,301,226,,174,,,b'\x11\xe8\xe1I\xcb\x1a\xe7\xea\xaf\x82\x12\xdf\x17\xaeN\x1e'
11E8E149-CB1A-E7EA-AF82-12DF17AE4E1E,2022-ncaa-d0-natl,ncaa,317,245,347,313,348,342,344,334,339,348,345,292,225,164,308,50,336,303,354,305,106,336,343,313,329,316,75,69,243,326,324,351,354,350,355,335,262,29,196,275,219,134,342,342,,,40,161,,,310,339,46,74,272,276,99,308,271,109,40,285,166,174,110,80,241,274,283,283,231,84,324,,274,,,323,48,58,37,262,124,106,221,17,8,211,33,94,108,127,99,172,36,33,216,225,209,56,50,206,241,354,161,324,188,355,40,79,253,125,123,17,100,162,330,,,333,224,,,310,17,327,273,318,314,323,316,338,343,110,86,282,297,297,333,340,351,353,356,226,56,134,313,,174,,,b'\x11\xe8\xe1I\xcb\x1a\xe7\xea\xaf\x82\x12\xdf\x17\xaeN\x1e'
11E8E149-CB1A-E7EA-AF82-12DF17AE4E1E,2022-ncaa-d1-conf-Sun Belt,ncaa,11,11,11,11,11,12,12,11,12,12,11,11,5,5,6,2,12,12,12,12,7,11,12,8,11,11,1,1,10,12,12,12,12,12,12,10,5,4,8,9,10,10,11,11,,,3,5,,,11,12,6,4,11,11,6,12,11,3,2,11,11,11,7,7,10,8,10,9,6,7,11,,7,,,11,4,4,4,7,3,6,5,4,3,8,6,3,3,8,3,4,4,3,7,5,7,5,7,6,10,12,6,12,9,12,2,1,12,10,5,1,4,5,12,,,12,12,,,11,1,11,10,11,10,8,12,8,11,7,7,8,8,8,12,11,12,12,12,5,6,5,9,,12,,,b'\x11\xe8\xe1I\xcb\x1a\xe7\xea\xaf\x82\x12\xdf\x17\xaeN\x1e'
11E8E149-CB1A-E7EA-AF82-12DF17AE4E1E,2022-ncaa-d1-natl,ncaa,296,245,326,295,329,312,323,294,331,338,334,295,150,107,263,43,319,272,354,278,104,299,312,291,317,298,55,43,259,307,330,338,353,340,354,321,258,56,174,258,165,133,332,336,,,76,129,,,300,304,57,83,249,261,100,315,272,79,39,284,170,181,112,98,248,292,307,277,201,85,309,,248,,,309,103,126,70,257,187,144,230,39,23,177,40,158,175,124,170,185,75,89,217,221,178,61,55,218,303,353,267,330,304,354,81,77,159,105,92,29,76,208,322,,,306,231,,,300,58,309,255,303,303,305,289,331,332,102,87,277,291,289,307,335,350,353,356,201,46,100,298,,189,,,b'\x11\xe8\xe1I\xcb\x1a\xe7\xea\xaf\x82\x12\xdf\x17\xaeN\x1e'
11E8E149-CB1A-E7EA-AF82-12DF17AE4E1E,2023-ncaa-d0-natl,ncaa,325,328,236,331,251,331,341,243,356,350,314,351,177,93,312,56,295,237,349,234,109,254,246,350,356,349,45,57,168,204,274,213,246,213,305,311,197,208,259,312,263,263,327,350,,,140,183,,,336,258,191,106,342,348,220,355,307,159,66,296,208,206,226,175,175,159,172,314,254,245,330,,194,,,332,148,209,165,230,283,260,220,40,57,79,45,116,138,91,143,99,156,124,172,145,202,18,29,136,225,246,315,274,306,305,123,85,282,280,244,211,248,170,264,,,293,299,,,336,104,347,235,335,225,269,272,333,332,53,69,165,186,194,264,209,280,348,336,173,255,249,201,,283,,,b'\x11\xe8\xe1I\xcb\x1a\xe7\xea\xaf\x82\x12\xdf\x17\xaeN\x1e'
11E8E149-CB1A-E7EA-AF82-12DF17AE4E1E,2023-ncaa-d1-conf-Sun Belt,ncaa,13,13,9,13,10,14,14,11,14,14,14,14,9,4,13,1,14,14,13,14,11,14,14,14,14,14,3,2,13,13,13,13,9,14,12,13,4,9,11,13,11,11,14,14,,,1,7,,,14,12,9,3,14,14,9,14,14,8,2,14,14,14,12,11,12,11,11,13,11,11,14,,4,,,14,5,9,4,13,11,9,13,3,2,5,4,1,1,2,1,1,2,2,14,8,12,1,3,1,5,9,12,13,11,12,5,3,10,10,10,10,11,10,14,,,14,14,,,14,2,14,11,14,8,10,8,13,12,4,3,1,2,2,7,6,6,14,12,6,10,11,11,,14,,,b'\x11\xe8\xe1I\xcb\x1a\xe7\xea\xaf\x82\x12\xdf\x17\xaeN\x1e'
11E8E149-CB1A-E7EA-AF82-12DF17AE4E1E,2023-ncaa-d1-natl,ncaa,322,328,219,330,244,328,345,249,356,349,307,351,177,91,313,63,296,225,344,223,104,258,240,352,354,346,48,64,164,193,273,209,242,206,302,308,186,214,258,305,250,241,331,347,,,131,171,,,332,250,186,103,337,344,209,351,300,156,72,291,200,197,219,169,170,163,159,312,250,229,329,,180,,,329,155,214,179,229,294,272,221,38,57,69,47,110,134,88,136,93,165,126,173,151,197,14,27,120,238,242,329,273,317,302,122,79,275,262,225,218,254,185,271,,,293,295,,,332,107,347,235,331,220,274,270,331,334,47,72,151,184,187,263,217,280,349,339,170,235,254,215,,278,,,b'\x11\xe8\xe1I\xcb\x1a\xe7\xea\xaf\x82\x12\xdf\x17\xaeN\x1e'
11E8E149-CB1A-E7EA-AF82-12DF17AE4E1E,2024-ncaa-d0-natl,ncaa,307,323,196,314,241,258,287,220,326,297,214,338,206,196,218,182,162,165,169,159,114,206,161,308,293,321,77,144,55,152,181,206,325,184,275,294,269,326,325,337,270,307,313,342,,,300,313,,,337,171,81,263,276,314,227,317,207,190,183,132,140,135,211,104,133,186,156,318,333,267,319,,330,,,334,278,274,246,250,316,285,265,108,149,75,84,308,318,115,309,250,268,232,209,224,287,73,44,263,333,325,217,181,284,275,76,11,257,304,163,338,337,176,218,,,164,159,,,337,200,318,315,329,323,318,316,334,335,120,164,315,326,321,332,306,343,257,321,91,245,345,195,,128,,,b'\x11\xe8\xe1I\xcb\x1a\xe7\xea\xaf\x82\x12\xdf\x17\xaeN\x1e'
11E8E149-CB1A-E7EA-AF82-12DF17AE4E1E,2024-ncaa-d1-conf-Sun Belt,ncaa,14,14,11,14,13,14,14,12,14,14,12,14,8,6,13,5,13,13,7,12,8,12,11,13,13,14,5,5,3,10,12,13,13,12,13,13,11,8,13,14,13,13,14,14,,,6,11,,,14,12,10,8,14,14,11,14,10,6,5,12,12,12,11,10,10,11,12,12,13,13,14,,12,,,14,10,10,6,14,13,8,14,4,3,8,3,8,6,8,6,5,6,4,14,13,14,2,2,6,8,13,7,12,10,13,4,2,12,13,11,14,13,10,13,,,13,11,,,14,3,14,14,14,14,14,10,14,13,4,5,12,8,9,10,7,12,11,11,9,12,14,11,,13,,,b'\x11\xe8\xe1I\xcb\x1a\xe7\xea\xaf\x82\x12\xdf\x17\xaeN\x1e'
11E8E149-CB1A-E7EA-AF82-12DF17AE4E1E,2024-ncaa-d1-natl,ncaa,298,325,130,310,175,232,264,191,317,276,200,331,194,183,208,187,111,106,166,102,81,176,114,300,278,313,83,161,42,131,173,162,328,156,268,281,266,347,335,339,262,314,294,334,,,338,314,,,338,110,80,264,264,308,243,312,212,194,191,101,112,113,217,98,138,175,157,312,344,269,309,,332,,,330,316,305,296,241,332,311,252,129,189,65,90,324,331,138,330,252,317,291,198,216,279,87,50,275,350,328,252,173,322,268,86,13,227,304,163,349,341,217,240,,,96,132,,,338,260,316,315,325,324,314,318,330,337,123,179,321,327,323,336,311,346,241,317,93,242,347,216,,93,,,b'\x11\xe8\xe1I\xcb\x1a\xe7\xea\xaf\x82\x12\xdf\x17\xaeN\x1e'
11E8E149-CB1A-E7EA-AF82-12DF17AE4E1E,2025-ncaa-d0-natl,genius_ncaa,341,332,301,343,307,277,283,277,270,256,218,267,288,275,289,251,175,129,294,137,88,249,207,285,287,317,207,264,60,126,86,321,338,261,258,317,318,323,335,343,232,239,168,177,,,276,329,,220,329,235,50,76,232,239,156,200,129,267,234,88,56,59,123,39,53,294,178,307,348,178,135,,350,,281,333,249,205,107,329,256,193,288,103,47,307,42,340,333,278,334,329,161,151,314,337,325,167,47,339,257,338,102,86,165,258,48,13,201,183,101,330,341,244,278,,,142,83,,36,329,127,303,335,329,350,324,259,335,319,174,90,354,350,350,329,331,324,227,293,110,120,352,311,,38,,20,b'\x11\xe8\xe1I\xcb\x1a\xe7\xea\xaf\x82\x12\xdf\x17\xaeN\x1e'
11E8E149-CB1A-E7EA-AF82-12DF17AE4E1E,2025-ncaa-d1-conf-Sun Belt,genius_ncaa,14,14,8,14,8,12,12,10,13,9,8,12,12,9,14,9,11,9,11,9,8,10,9,14,14,14,9,9,5,6,7,14,11,9,10,12,11,14,14,13,7,6,6,6,,,10,12,,8,14,8,4,3,12,11,9,8,7,12,9,9,7,7,8,4,6,13,8,11,14,6,6,,14,,11,14,12,13,4,14,12,6,14,7,3,12,3,13,12,14,13,10,6,7,14,14,14,7,6,11,9,11,6,7,7,10,5,2,7,8,6,14,12,10,11,,,6,5,,2,14,7,13,14,14,14,14,7,13,9,7,5,14,14,14,9,10,10,9,9,6,6,14,12,,5,,2,b'\x11\xe8\xe1I\xcb\x1a\xe7\xea\xaf\x82\x12\xdf\x17\xaeN\x1e'
11E8E149-CB1A-E7EA-AF82-12DF17AE4E1E,2025-ncaa-d1-natl,genius_ncaa,341,332,304,341,311,280,294,276,270,262,226,268,281,257,287,228,186,138,305,142,85,258,207,284,284,317,196,244,67,133,94,311,329,259,247,317,304,327,333,341,231,232,173,181,,,292,326,,217,327,233,51,75,231,248,167,218,140,253,212,105,62,68,139,46,57,272,167,299,346,176,142,,346,,274,330,258,206,112,319,262,199,282,107,44,295,42,345,334,268,334,325,167,160,301,334,324,166,49,338,248,329,110,94,171,247,53,18,210,186,102,335,338,242,281,,,144,77,,32,327,134,302,331,326,348,317,256,332,316,167,89,354,349,349,325,326,313,235,289,111,134,350,304,,41,,19,b'\x11\xe8\xe1I\xcb\x1a\xe7\xea\xaf\x82\x12\xdf\x17\xaeN\x1e'
11E8E149-CB1A-E7EA-AF82-12DF17AE4E1E,2026-ncaa-d0-natl,genius_ncaa,87,80,116,95,202,90,80,112,56,91,92,119,74,168,15,234,165,134,312,133,223,115,96,55,75,103,195,121,299,59,24,135,188,104,66,75,152,295,223,147,105,111,101,104,,,299,296,,245,65,123,69,350,48,35,65,55,73,63,187,202,148,150,69,32,33,148,68,61,281,98,101,,310,,232,60,200,153,177,122,206,201,180,52,148,17,102,335,328,293,320,305,195,226,85,152,105,154,22,350,220,188,137,24,157,66,58,32,79,71,24,323,273,171,104,,,87,138,,21,65,230,72,110,76,161,92,118,180,173,32,94,322,322,319,175,259,199,72,101,38,65,303,138,,65,,30,b'\x11\xe8\xe1I\xcb\x1a\xe7\xea\xaf\x82\x12\xdf\x17\xaeN\x1e'
11E8E149-CB1A-E7EA-AF82-12DF17AE4E1E,2026-ncaa-d1-natl,genius_ncaa,110,80,177,113,269,134,116,176,66,129,141,145,101,225,12,234,221,174,314,171,216,175,152,59,82,119,176,116,295,85,32,210,202,158,81,106,163,251,242,168,159,141,128,120,,,263,303,,226,100,186,82,349,66,47,87,75,83,68,204,217,157,158,92,45,45,173,84,74,294,127,115,,318,,248,94,157,112,116,154,166,148,214,26,91,19,97,321,313,303,303,311,142,163,111,189,147,151,20,351,173,202,79,32,105,81,35,32,128,99,40,301,296,139,123,,,121,126,,31,100,168,92,154,110,192,123,129,217,187,34,99,339,332,328,192,258,209,76,119,42,94,318,156,,65,,26,b'\x11\xe8\xe1I\xcb\x1a\xe7\xea\xaf\x82\x12\xdf\x17\xaeN\x1e'
11E8E149-CB1F-A3D4-AF82-12DF17AE4E1E,2010-ncaa-d0-natl,ncaa,178,145,241,177,245,200,149,198,89,112,107,149,239,302,58,290,293,254,308,253,317,215,243,124,175,145,306,253,307,130,53,261,195,207,99,289,338,54,99,230,304,298,288,298,,,118,221,,,165,272,252,37,138,73,105,50,39,229,284,285,230,227,129,169,80,233,149,291,108,292,284,,189,,,166,112,157,109,246,232,210,236,32,29,156,31,138,128,228,127,118,104,71,194,202,257,35,33,173,93,195,42,53,44,99,54,40,303,284,216,25,51,325,298,,,246,216,,,165,72,117,251,170,202,239,187,301,295,47,36,186,175,172,195,120,158,79,90,107,287,48,332,,201,,,b'\x11\xe8\xe1I\xcb\x1f\xa3\xd4\xaf\x82\x12\xdf\x17\xaeN\x1e'
11E8E149-CB1F-A3D4-AF82-12DF17AE4E1E,2010-ncaa-d1-conf-SEC,ncaa,8,7,8,8,12,9,8,11,4,6,5,5,8,10,3,9,12,12,10,12,12,12,12,4,6,6,11,6,12,8,3,11,4,11,4,12,12,2,3,6,12,12,11,11,,,4,8,,,7,12,11,11,7,3,7,4,3,7,9,12,12,12,10,11,7,10,9,12,3,12,11,,5,,,7,3,4,2,10,6,5,6,2,1,11,2,7,5,10,6,6,2,1,9,10,11,3,3,9,2,4,1,3,1,4,2,3,12,9,8,3,4,11,11,,,12,9,,,7,1,5,10,7,6,7,2,8,7,4,2,8,6,6,2,1,2,4,3,5,12,3,11,,12,,,b'\x11\xe8\xe1I\xcb\x1f\xa3\xd4\xaf\x82\x12\xdf\x17\xaeN\x1e'
11E8E149-CB1F-A3D4-AF82-12DF17AE4E1E,2010-ncaa-d1-natl,ncaa,189,145,276,184,280,215,158,214,93,116,116,153,253,304,58,290,302,264,308,266,319,228,267,130,179,147,307,254,305,140,55,283,198,229,105,304,338,43,105,235,315,304,294,299,,,103,221,,,175,301,251,35,142,75,110,50,39,235,284,283,231,230,131,170,83,241,152,297,107,301,285,,187,,,176,92,144,94,255,227,196,239,28,24,158,28,130,119,230,115,115,84,42,200,204,270,34,34,173,81,198,27,55,24,105,43,40,321,288,222,23,52,324,301,,,271,213,,,175,42,119,260,179,210,246,186,307,297,47,37,189,180,177,197,119,160,83,93,109,291,49,332,,204,,,b'\x11\xe8\xe1I\xcb\x1f\xa3\xd4\xaf\x82\x12\xdf\x17\xaeN\x1e'
11E8E149-CB1F-A3D4-AF82-12DF17AE4E1E,2011-ncaa-d0-natl,ncaa,137,154,77,153,80,193,181,132,233,176,185,156,187,100,320,106,219,142,328,141,107,129,156,241,263,219,198,168,210,72,64,270,200,169,138,291,335,83,81,249,177,160,213,251,,,202,247,,,201,206,321,36,265,246,218,218,253,206,124,256,165,167,217,279,95,326,266,325,53,203,238,,153,,,199,155,235,138,303,303,281,259,32,14,286,6,82,92,81,94,52,127,127,254,219,204,9,20,80,105,200,151,64,126,138,51,8,183,155,93,28,29,246,247,,,54,19,,,201,143,187,189,197,97,174,62,277,250,15,4,63,74,76,38,25,62,94,65,31,233,22,213,,66,,,b'\x11\xe8\xe1I\xcb\x1f\xa3\xd4\xaf\x82\x12\xdf\x17\xaeN\x1e'
11E8E149-CB1F-A3D4-AF82-12DF17AE4E1E,2011-ncaa-d1-conf-SEC,ncaa,5,5,3,5,3,7,9,7,9,9,11,8,4,2,8,2,8,5,12,5,4,7,8,9,10,7,2,2,5,6,8,8,3,8,7,11,11,2,5,11,8,6,11,12,,,7,11,,,8,9,11,1,9,11,9,11,12,4,2,8,5,5,8,10,7,9,9,11,2,8,11,,7,,,8,6,7,5,9,12,10,8,1,1,6,1,6,7,5,7,3,5,4,8,7,8,1,1,4,3,3,8,8,4,7,4,4,7,6,5,2,4,9,10,,,4,3,,,8,4,8,7,6,5,8,2,12,11,1,1,4,6,6,3,3,3,8,4,5,7,2,9,,4,,,b'\x11\xe8\xe1I\xcb\x1f\xa3\xd4\xaf\x82\x12\xdf\x17\xaeN\x1e'
11E8E149-CB1F-A3D4-AF82-12DF17AE4E1E,2011-ncaa-d1-natl,ncaa,128,152,51,148,53,184,176,122,227,165,176,145,173,86,320,104,204,134,323,133,105,119,144,225,247,219,194,158,209,70,61,267,203,165,137,284,333,85,91,249,165,156,203,243,,,214,247,,,192,183,322,35,259,243,228,223,259,198,123,256,178,178,230,282,103,328,272,326,57,204,229,,147,,,192,166,245,158,304,313,291,256,30,12,280,6,83,97,61,101,48,138,150,251,213,197,9,16,73,112,203,162,61,137,137,54,10,162,153,88,29,32,236,235,,,44,20,,,192,164,185,184,185,92,166,58,265,247,15,4,53,71,72,34,25,63,79,54,33,231,23,202,,70,,,b'\x11\xe8\xe1I\xcb\x1f\xa3\xd4\xaf\x82\x12\xdf\x17\xaeN\x1e'
11E8E149-CB1F-A3D4-AF82-12DF17AE4E1E,2012-ncaa-d0-natl,ncaa,23,54,11,50,18,82,54,43,118,51,59,69,141,88,287,153,179,68,343,72,155,42,55,143,201,138,269,200,286,14,20,171,210,49,62,154,295,103,36,124,87,108,49,96,,,254,225,,,25,92,326,243,179,123,161,112,189,190,144,277,166,169,168,250,31,320,185,260,26,159,91,,100,,,28,93,142,188,102,298,318,107,1,4,2,2,202,188,211,190,68,195,244,25,42,21,2,1,270,203,210,200,20,205,62,9,1,40,45,5,78,38,337,320,,,45,99,,,25,255,67,23,25,4,18,13,161,206,1,1,99,90,91,8,17,68,30,32,2,118,24,326,,165,,,b'\x11\xe8\xe1I\xcb\x1f\xa3\xd4\xaf\x82\x12\xdf\x17\xaeN\x1e'
11E8E149-CB1F-A3D4-AF82-12DF17AE4E1E,2012-ncaa-d1-conf-SEC,ncaa,3,4,1,4,1,6,6,4,6,7,4,6,3,4,6,3,8,6,12,6,6,4,4,6,7,7,7,4,8,4,3,5,3,4,4,7,9,3,4,6,10,10,7,8,,,6,8,,,6,7,12,6,8,6,9,7,9,4,4,10,7,7,7,11,7,9,8,9,2,11,8,,3,,,6,3,6,5,7,11,12,8,1,2,1,2,8,4,12,4,2,5,6,2,4,5,1,1,8,2,3,8,3,7,4,1,1,4,5,2,5,5,12,12,,,5,6,,,6,6,7,4,4,1,3,3,8,7,1,2,5,3,3,2,1,1,4,3,1,7,4,10,,8,,,b'\x11\xe8\xe1I\xcb\x1f\xa3\xd4\xaf\x82\x12\xdf\x17\xaeN\x1e'
11E8E149-CB1F-A3D4-AF82-12DF17AE4E1E,2012-ncaa-d1-natl,ncaa,27,54,12,52,19,91,59,47,125,55,65,73,149,92,284,152,192,80,343,83,152,47,66,149,209,143,266,199,283,16,20,194,215,55,68,174,296,90,36,130,97,114,56,96,,,245,229,,,29,114,327,243,186,129,168,116,196,196,145,280,166,170,173,254,33,322,191,267,26,168,93,,104,,,35,74,123,161,111,291,316,112,1,3,2,2,191,173,215,178,71,163,226,25,47,23,2,1,271,185,215,181,20,183,68,7,1,49,47,6,67,39,337,324,,,50,93,,,29,232,73,27,30,4,20,13,163,210,1,1,101,88,92,8,17,71,30,32,2,125,25,327,,162,,,b'\x11\xe8\xe1I\xcb\x1f\xa3\xd4\xaf\x82\x12\xdf\x17\xaeN\x1e'
11E8E149-CB1F-A3D4-AF82-12DF17AE4E1E,2012-ncaa-d1-ncaatournament,ncaa,9,2,9,9,10,12,10,12,8,10,13,7,12,10,29,35,23,16,52,15,44,12,12,14,18,16,48,34,52,12,28,15,43,12,38,11,38,50,19,16,8,13,6,10,,,55,35,,,7,13,25,5,15,6,16,9,24,23,34,40,42,39,20,25,30,39,36,17,18,11,7,,40,,,7,49,49,51,17,52,56,9,15,16,38,2,59,60,39,59,31,51,52,11,16,13,9,1,52,51,43,50,28,52,38,54,47,10,19,23,45,16,60,50,,,15,39,,,7,51,14,13,9,15,12,23,39,59,1,2,47,47,46,28,40,37,25,31,35,17,15,54,,39,,,b'\x11\xe8\xe1I\xcb\x1f\xa3\xd4\xaf\x82\x12\xdf\x17\xaeN\x1e'
11E8E149-CB1F-A3D4-AF82-12DF17AE4E1E,2013-ncaa-d0-natl,ncaa,30,28,41,33,62,117,119,108,149,65,69,126,268,229,322,270,45,5,344,5,11,60,88,201,234,156,273,304,51,7,6,110,38,27,9,227,313,47,26,147,107,79,102,115,,,96,111,,,30,172,320,245,176,175,208,99,125,293,259,69,4,4,117,207,8,198,36,280,32,149,123,,45,,,30,23,38,126,30,102,246,18,9,14,88,12,101,99,149,107,68,112,140,13,16,17,41,28,221,37,38,113,6,61,9,7,13,136,95,20,10,5,319,264,,,7,2,,,30,174,72,12,29,5,10,20,45,147,5,2,58,54,55,13,17,19,36,12,4,197,7,295,,5,,,b'\x11\xe8\xe1I\xcb\x1f\xa3\xd4\xaf\x82\x12\xdf\x17\xaeN\x1e'
11E8E149-CB1F-A3D4-AF82-12DF17AE4E1E,2013-ncaa-d1-conf-SEC,ncaa,5,5,3,5,7,9,11,10,10,9,9,10,13,9,14,10,3,1,14,1,1,8,9,11,11,9,9,13,1,2,1,8,1,4,2,13,10,2,2,9,8,4,8,7,,,2,7,,,4,14,14,9,13,13,11,10,11,13,9,3,1,1,10,12,1,8,2,13,1,7,8,,3,,,4,1,1,3,1,4,6,1,1,1,6,2,5,6,5,6,7,1,1,1,1,1,5,6,7,1,1,4,1,2,2,1,1,8,5,2,1,1,12,12,,,1,1,,,4,2,7,1,4,1,1,1,2,4,1,1,5,5,5,1,1,1,4,2,1,8,1,12,,1,,,b'\x11\xe8\xe1I\xcb\x1f\xa3\xd4\xaf\x82\x12\xdf\x17\xaeN\x1e'
11E8E149-CB1F-A3D4-AF82-12DF17AE4E1E,2013-ncaa-d1-natl,ncaa,32,28,49,33,69,126,131,120,157,73,79,131,277,233,324,269,50,5,344,5,11,72,106,210,238,165,272,304,46,7,6,123,42,32,9,243,313,42,27,152,129,83,106,117,,,84,111,,,30,192,319,245,184,186,215,104,128,293,259,70,4,4,123,210,9,203,39,287,33,153,125,,44,,,31,14,30,95,32,90,233,22,9,11,94,14,88,89,153,96,68,81,107,14,17,18,42,26,223,31,42,88,6,46,9,4,15,146,98,24,8,6,317,271,,,7,2,,,30,154,78,12,30,5,10,21,47,151,5,2,59,57,58,13,17,19,37,12,4,202,7,296,,5,,,b'\x11\xe8\xe1I\xcb\x1f\xa3\xd4\xaf\x82\x12\xdf\x17\xaeN\x1e'
11E8E149-CB1F-A3D4-AF82-12DF17AE4E1E,2013-ncaa-d1-ncaatournament,ncaa,17,2,17,17,19,20,21,21,19,19,19,24,40,50,27,61,15,12,43,12,18,20,21,26,24,22,54,58,14,16,16,22,17,20,11,31,54,38,22,34,13,20,21,17,,,39,24,,,14,23,30,7,14,15,28,8,6,51,62,9,6,7,17,20,15,19,13,40,26,20,15,,21,,,8,41,41,38,30,45,43,22,28,31,36,17,44,43,31,43,42,38,39,24,25,21,27,21,44,36,17,42,16,39,11,26,5,20,25,10,42,39,43,25,,,17,9,,,14,42,10,16,7,23,20,21,33,39,17,14,36,32,33,25,26,16,25,16,5,25,41,37,,10,,,b'\x11\xe8\xe1I\xcb\x1f\xa3\xd4\xaf\x82\x12\xdf\x17\xaeN\x1e'
11E8E149-CB1F-A3D4-AF82-12DF17AE4E1E,2014-ncaa-d0-natl,ncaa,8,5,28,9,42,38,55,183,6,29,94,11,245,303,47,321,8,2,238,2,10,102,109,12,11,15,256,316,15,143,65,23,47,42,13,56,121,163,109,55,236,257,2,3,,,99,49,,,9,98,301,239,62,91,333,45,185,289,325,9,4,4,256,286,218,28,89,87,70,281,2,,27,,,8,55,109,308,4,187,339,5,34,56,62,18,63,74,61,79,9,283,243,5,2,11,20,56,106,222,47,23,65,56,13,42,29,252,309,126,92,74,177,114,,,9,3,,,9,245,13,10,8,8,24,198,78,319,15,20,23,31,32,120,45,109,3,6,11,324,47,106,,6,,,b'\x11\xe8\xe1I\xcb\x1f\xa3\xd4\xaf\x82\x12\xdf\x17\xaeN\x1e'
11E8E149-CB1F-A3D4-AF82-12DF17AE4E1E,2014-ncaa-d1-conf-SEC,ncaa,2,1,5,2,7,5,5,13,1,5,8,1,12,13,4,13,1,1,7,1,1,11,10,1,1,2,11,12,2,12,9,1,2,3,2,4,7,8,9,6,14,14,1,1,,,4,4,,,2,10,12,6,5,5,14,3,8,12,13,1,1,1,13,12,13,1,2,5,6,14,1,,2,,,2,2,3,11,1,5,14,1,3,2,9,2,4,4,5,4,1,10,6,1,1,2,4,5,5,9,2,1,9,2,2,1,3,14,14,12,4,5,4,4,,,2,1,,,2,5,2,2,2,1,2,13,4,14,2,2,3,3,3,12,4,9,1,3,1,14,4,4,,2,,,b'\x11\xe8\xe1I\xcb\x1f\xa3\xd4\xaf\x82\x12\xdf\x17\xaeN\x1e'
11E8E149-CB1F-A3D4-AF82-12DF17AE4E1E,2014-ncaa-d1-natl,ncaa,8,5,33,9,47,44,61,207,6,33,108,12,258,311,47,319,10,3,238,3,10,122,132,14,11,15,255,313,12,160,67,24,48,47,13,63,124,146,112,58,246,260,2,3,,,84,49,,,9,119,302,241,64,99,333,48,187,292,326,9,4,4,259,288,224,29,91,90,71,284,2,,26,,,8,42,91,301,5,169,339,5,29,47,65,16,51,65,64,70,9,273,220,5,2,11,20,55,104,196,48,13,67,37,13,35,28,274,311,132,79,74,165,124,,,9,3,,,9,223,14,10,8,8,25,198,84,320,15,20,23,31,33,121,45,111,3,7,12,326,46,114,,7,,,b'\x11\xe8\xe1I\xcb\x1f\xa3\xd4\xaf\x82\x12\xdf\x17\xaeN\x1e'
11E8E149-CB1F-A3D4-AF82-12DF17AE4E1E,2014-ncaa-d1-ncaatournament,ncaa,9,2,9,9,10,12,16,16,32,15,13,45,21,30,10,60,5,5,30,5,4,13,15,33,25,14,20,56,3,10,13,13,25,11,13,13,19,41,14,17,25,57,10,13,,,51,33,,,13,16,43,3,23,41,49,35,22,50,59,3,3,2,25,36,19,13,9,26,10,54,12,,31,,,15,50,50,52,15,49,52,8,57,54,34,41,44,46,12,48,25,51,50,19,13,20,47,52,23,54,25,52,13,51,13,49,22,20,54,40,40,18,56,39,,,7,4,,,13,50,11,21,10,17,22,45,11,32,47,48,17,24,28,43,28,33,16,21,14,56,11,46,,3,,,b'\x11\xe8\xe1I\xcb\x1f\xa3\xd4\xaf\x82\x12\xdf\x17\xaeN\x1e'
11E8E149-CB1F-A3D4-AF82-12DF17AE4E1E,2015-ncaa-d0-natl,ncaa,3,3,4,4,7,8,7,23,4,5,18,2,131,171,47,278,12,8,219,6,79,17,16,5,5,7,299,280,188,28,9,7,64,8,10,6,92,235,62,20,50,85,3,8,,,227,55,,,2,17,242,283,17,12,160,11,86,198,269,52,33,31,118,187,83,67,62,14,67,102,7,,37,,,3,201,227,332,6,255,340,3,119,173,44,56,179,198,117,198,45,329,328,3,5,5,75,94,155,300,64,91,9,196,10,84,28,55,131,31,211,76,215,67,,,4,13,,,2,330,4,5,3,10,19,116,42,242,21,41,50,56,57,70,78,102,3,10,12,160,76,86,,19,,,b'\x11\xe8\xe1I\xcb\x1f\xa3\xd4\xaf\x82\x12\xdf\x17\xaeN\x1e'
11E8E149-CB1F-A3D4-AF82-12DF17AE4E1E,2015-ncaa-d1-conf-SEC,ncaa,1,1,1,1,2,1,1,2,1,1,4,1,4,9,2,11,2,2,6,2,5,2,2,1,1,1,10,10,9,2,1,1,1,1,1,1,7,7,4,2,5,8,1,1,,,4,2,,,1,2,4,7,1,1,4,2,4,5,10,3,3,3,3,4,5,2,1,1,4,8,1,,2,,,1,2,6,12,1,6,12,1,6,7,3,6,2,4,3,4,2,13,13,1,1,1,3,7,2,10,1,2,1,2,1,3,1,9,10,2,6,4,1,1,,,1,4,,,1,13,1,1,1,1,1,11,1,11,5,6,2,2,2,12,8,8,1,1,1,9,5,1,,2,,,b'\x11\xe8\xe1I\xcb\x1f\xa3\xd4\xaf\x82\x12\xdf\x17\xaeN\x1e'
11E8E149-CB1F-A3D4-AF82-12DF17AE4E1E,2015-ncaa-d1-natl,ncaa,3,3,4,4,8,8,7,26,4,5,19,2,135,180,50,277,14,9,220,7,80,19,20,5,4,7,299,280,187,32,10,8,66,11,10,6,95,221,66,21,57,91,3,10,,,209,59,,,2,20,242,285,18,12,171,11,92,199,269,55,33,33,126,193,87,70,68,15,66,108,7,,39,,,3,177,200,327,10,243,337,6,101,161,47,57,162,175,118,177,46,325,325,4,5,5,74,92,157,286,66,66,10,165,10,69,31,66,137,35,195,80,201,71,,,4,11,,,2,329,4,6,3,12,20,118,49,247,23,40,51,59,58,73,79,105,4,11,13,171,77,92,,21,,,b'\x11\xe8\xe1I\xcb\x1f\xa3\xd4\xaf\x82\x12\xdf\x17\xaeN\x1e'
11E8E149-CB1F-A3D4-AF82-12DF17AE4E1E,2015-ncaa-d1-ncaatournament,ncaa,3,2,3,3,3,3,3,4,1,3,4,2,5,5,26,50,1,1,43,1,10,3,3,2,3,2,49,52,21,7,27,3,36,3,19,4,23,62,34,17,5,38,4,21,,,64,31,,,3,3,42,4,9,6,53,6,31,45,51,10,9,9,42,46,44,21,32,10,31,40,16,,35,,,4,62,60,62,10,60,62,9,60,58,34,17,64,63,36,63,26,62,62,11,13,18,39,29,44,62,36,60,27,62,19,58,9,5,43,21,59,25,59,23,,,1,3,,,3,62,4,19,5,19,15,37,20,45,23,23,36,33,33,36,27,45,7,12,4,47,20,22,,6,,,b'\x11\xe8\xe1I\xcb\x1f\xa3\xd4\xaf\x82\x12\xdf\x17\xaeN\x1e'
11E8E149-CB1F-A3D4-AF82-12DF17AE4E1E,2016-ncaa-d0-natl,ncaa,3,2,12,3,21,16,24,56,16,22,70,8,111,110,125,209,2,1,265,1,5,28,28,21,22,17,187,249,40,57,40,14,72,21,22,32,145,212,71,56,29,63,7,29,,,219,78,,,5,27,173,280,32,46,213,51,191,172,185,6,3,3,121,169,138,37,55,67,74,67,21,,76,,,6,158,184,318,9,213,337,7,116,177,44,70,151,146,162,151,43,320,320,11,10,10,94,119,155,291,72,111,40,179,22,87,45,69,160,50,161,65,223,129,,,3,4,,,5,320,15,15,7,25,37,184,62,263,44,66,58,58,60,144,143,144,14,35,28,182,68,130,,6,,,b'\x11\xe8\xe1I\xcb\x1f\xa3\xd4\xaf\x82\x12\xdf\x17\xaeN\x1e'
11E8E149-CB1F-A3D4-AF82-12DF17AE4E1E,2016-ncaa-d1-conf-SEC,ncaa,1,1,1,1,4,1,2,6,1,4,9,1,1,4,1,7,1,1,8,1,1,4,5,1,1,1,3,6,1,8,7,2,2,2,1,1,3,5,5,1,3,4,1,1,,,2,1,,,1,4,6,10,1,4,10,5,11,3,5,1,1,1,8,8,11,2,4,1,2,4,1,,1,,,1,4,6,12,2,6,12,2,9,10,3,9,1,1,10,1,1,12,11,2,1,1,5,10,2,7,2,5,7,5,1,5,6,5,8,6,3,3,5,7,,,1,2,,,1,11,1,1,1,1,5,9,4,10,8,9,1,1,1,8,5,4,2,2,5,9,2,5,,1,,,b'\x11\xe8\xe1I\xcb\x1f\xa3\xd4\xaf\x82\x12\xdf\x17\xaeN\x1e'
11E8E149-CB1F-A3D4-AF82-12DF17AE4E1E,2016-ncaa-d1-natl,ncaa,3,2,12,3,25,19,26,65,16,24,84,8,116,121,130,208,2,1,263,1,6,35,39,21,22,18,184,248,34,67,42,18,77,25,24,35,150,185,74,58,36,69,8,31,,,190,80,,,5,38,179,282,34,49,223,53,199,177,188,6,3,3,132,176,148,40,58,71,76,75,21,,79,,,6,135,164,312,11,192,333,7,102,160,49,69,138,130,170,135,43,311,309,10,10,12,94,116,156,276,77,78,42,147,24,68,48,93,173,60,137,66,215,140,,,3,4,,,5,309,16,17,7,25,41,186,71,266,44,63,60,60,62,147,141,147,14,36,31,193,71,137,,5,,,b'\x11\xe8\xe1I\xcb\x1f\xa3\xd4\xaf\x82\x12\xdf\x17\xaeN\x1e'
11E8E149-CB1F-A3D4-AF82-12DF17AE4E1E,2016-ncaa-d1-ncaatournament,ncaa,9,2,9,9,9,13,12,14,13,11,16,3,12,7,47,17,13,10,51,10,8,13,15,15,17,15,42,45,31,11,8,10,27,10,10,11,35,50,21,15,6,7,12,18,,,50,15,,,5,14,44,1,12,11,27,9,43,33,10,21,13,12,19,26,16,13,7,11,20,6,17,,14,,,4,48,48,51,6,49,52,5,46,49,19,27,49,46,41,44,12,51,51,6,6,4,35,31,38,55,27,51,8,52,10,30,4,11,26,2,42,13,42,28,,,13,15,,,5,50,8,4,4,4,6,29,10,33,17,28,21,18,14,22,29,38,15,23,1,27,14,28,,16,,,b'\x11\xe8\xe1I\xcb\x1f\xa3\xd4\xaf\x82\x12\xdf\x17\xaeN\x1e'
11E8E149-CB1F-A3D4-AF82-12DF17AE4E1E,2017-ncaa-d0-natl,ncaa,3,3,3,3,9,9,12,27,6,8,16,8,149,178,96,290,3,2,113,2,27,17,20,13,10,8,287,317,52,43,42,11,138,17,29,23,227,154,32,30,35,90,4,22,,,230,51,,,6,19,212,268,19,20,185,12,89,234,276,6,9,9,108,216,166,84,100,71,21,101,15,,44,,,6,257,292,341,17,313,345,22,112,240,5,75,158,154,216,161,20,340,335,7,8,7,36,59,122,336,138,126,42,253,29,147,37,62,204,64,99,26,163,42,,,7,25,,,6,331,7,17,5,22,59,222,128,292,25,76,52,41,41,166,134,205,4,28,23,208,22,60,,50,,,b'\x11\xe8\xe1I\xcb\x1f\xa3\xd4\xaf\x82\x12\xdf\x17\xaeN\x1e'
11E8E149-CB1F-A3D4-AF82-12DF17AE4E1E,2017-ncaa-d1-conf-SEC,ncaa,1,1,1,1,2,1,1,2,1,1,5,1,5,9,4,10,1,1,6,1,4,2,3,2,2,1,10,10,5,10,7,1,6,1,2,2,10,4,5,2,3,3,1,1,,,6,2,,,1,1,7,10,1,1,10,1,9,8,9,2,1,1,7,12,12,4,6,4,3,3,1,,4,,,1,6,8,14,1,9,14,1,4,12,1,8,5,6,5,6,3,14,14,1,1,1,6,6,4,13,6,5,7,8,2,4,4,4,6,4,3,1,3,3,,,3,5,,,1,14,1,1,1,1,2,9,4,10,3,8,2,3,3,7,7,7,2,3,2,5,1,2,,6,,,b'\x11\xe8\xe1I\xcb\x1f\xa3\xd4\xaf\x82\x12\xdf\x17\xaeN\x1e'
11E8E149-CB1F-A3D4-AF82-12DF17AE4E1E,2017-ncaa-d1-natl,ncaa,3,3,3,3,9,9,12,29,6,8,17,8,159,197,98,288,3,2,112,2,28,18,21,14,10,8,286,315,52,55,44,13,150,17,32,27,232,134,32,32,43,101,4,24,,,210,52,,,6,19,221,270,20,24,192,12,95,238,274,7,10,10,112,227,176,85,114,80,20,109,15,,47,,,6,233,283,341,19,306,345,23,91,228,5,72,143,131,221,134,21,339,334,8,10,10,33,57,119,333,150,97,44,227,32,122,37,79,209,77,76,26,147,44,,,9,26,,,6,330,9,20,5,24,64,225,133,293,25,72,54,41,43,169,131,209,5,28,24,218,23,62,,50,,,b'\x11\xe8\xe1I\xcb\x1f\xa3\xd4\xaf\x82\x12\xdf\x17\xaeN\x1e'
11E8E149-CB1F-A3D4-AF82-12DF17AE4E1E,2017-ncaa-d1-ncaatournament,ncaa,1,1,1,1,2,2,2,2,4,1,2,4,8,5,31,53,2,2,20,2,13,2,2,10,5,6,51,53,12,2,13,2,26,2,12,5,48,64,29,26,2,13,2,16,,,63,18,,,3,2,49,6,11,14,49,8,24,44,55,7,10,9,41,44,34,23,25,32,26,13,11,,14,,,4,63,63,63,5,63,64,6,57,61,21,17,63,62,35,62,11,63,63,5,5,3,19,20,37,64,26,62,13,63,12,62,23,2,25,17,63,34,55,9,,,2,14,,,3,63,7,4,4,4,7,26,17,40,10,16,20,14,11,21,22,35,4,7,13,29,34,9,,20,,,b'\x11\xe8\xe1I\xcb\x1f\xa3\xd4\xaf\x82\x12\xdf\x17\xaeN\x1e'
11E8E149-CB1F-A3D4-AF82-12DF17AE4E1E,2018-ncaa-d0-natl,ncaa,9,16,9,15,11,17,15,26,10,8,11,22,225,281,77,334,6,2,158,2,90,21,22,29,24,32,324,329,77,45,27,8,113,14,23,33,228,237,71,64,111,200,3,14,,,244,47,,,15,18,138,278,34,29,169,9,36,305,335,14,17,15,107,143,136,31,50,75,75,198,6,,59,,,15,296,307,341,26,305,348,11,195,160,240,19,226,238,122,241,34,341,334,20,19,52,82,117,138,328,113,112,27,233,23,217,74,157,291,196,141,47,233,56,,,5,49,,,15,330,25,65,16,75,114,279,158,338,78,50,93,102,105,255,184,217,11,34,76,282,45,134,,52,,,b'\x11\xe8\xe1I\xcb\x1f\xa3\xd4\xaf\x82\x12\xdf\x17\xaeN\x1e'
11E8E149-CB1F-A3D4-AF82-12DF17AE4E1E,2018-ncaa-d1-conf-SEC,ncaa,2,2,1,2,2,3,3,6,2,2,3,4,9,13,5,12,2,1,8,1,2,5,3,4,5,4,9,12,3,7,3,3,7,2,4,4,7,9,6,6,11,11,1,2,,,4,4,,,2,3,8,8,3,5,10,4,6,10,14,3,2,2,9,9,11,3,3,6,6,12,2,,3,,,2,9,10,13,3,10,14,3,4,7,4,2,4,5,1,5,3,13,12,2,2,3,3,4,4,14,7,2,3,11,4,8,4,12,12,7,5,4,7,5,,,1,4,,,2,10,3,4,3,3,6,10,8,14,4,5,4,5,5,10,7,12,2,4,4,12,4,7,,3,,,b'\x11\xe8\xe1I\xcb\x1f\xa3\xd4\xaf\x82\x12\xdf\x17\xaeN\x1e'
11E8E149-CB1F-A3D4-AF82-12DF17AE4E1E,2018-ncaa-d1-natl,ncaa,11,16,9,15,15,21,18,31,10,8,13,22,238,298,79,334,6,2,157,2,92,25,23,31,25,33,322,329,75,57,31,11,122,17,23,39,235,214,71,70,131,206,3,14,,,219,49,,,17,19,144,279,37,32,175,11,42,303,335,16,19,17,111,148,149,34,59,84,75,205,6,,61,,,21,288,300,341,27,302,348,12,178,137,251,17,210,218,127,223,33,341,333,21,22,62,77,109,138,321,122,88,31,210,23,206,75,180,301,209,122,46,225,60,,,7,49,,,17,326,25,71,20,81,128,279,169,339,80,50,99,107,110,259,186,226,11,35,80,288,48,139,,57,,,b'\x11\xe8\xe1I\xcb\x1f\xa3\xd4\xaf\x82\x12\xdf\x17\xaeN\x1e'
11E8E149-CB1F-A3D4-AF82-12DF17AE4E1E,2018-ncaa-d1-ncaatournament,ncaa,5,2,5,5,5,7,8,7,17,7,7,21,26,26,39,62,4,3,25,4,30,7,7,31,28,39,56,59,16,10,15,7,6,6,6,9,30,63,54,41,10,26,6,9,,,59,18,,,18,6,34,7,35,28,51,19,17,60,63,16,18,19,45,32,31,10,13,30,52,29,10,,13,,,21,58,56,58,13,53,58,4,62,57,43,41,55,58,27,57,18,58,58,19,13,16,50,55,19,54,6,57,15,55,6,59,50,9,42,43,63,52,56,29,,,6,28,,,18,58,39,14,21,15,16,40,6,29,47,43,13,13,13,24,16,14,4,5,31,45,51,28,,27,,,b'\x11\xe8\xe1I\xcb\x1f\xa3\xd4\xaf\x82\x12\xdf\x17\xaeN\x1e'
11E8E149-CB1F-A3D4-AF82-12DF17AE4E1E,2019-ncaa-d0-natl,ncaa,54,57,47,58,50,29,34,37,42,22,31,58,135,153,119,259,11,22,81,22,115,30,41,68,60,41,247,259,85,42,39,101,299,68,142,119,322,87,30,93,84,158,3,10,,,229,76,,,48,45,100,65,25,33,45,21,52,173,205,16,34,38,33,73,78,192,112,161,51,131,2,,131,,,49,302,308,320,134,338,346,99,60,68,115,10,292,253,336,246,61,324,318,79,102,141,17,15,224,339,299,159,39,288,142,110,12,106,209,72,117,52,239,111,,,32,100,,,48,308,25,176,52,215,246,306,302,347,28,24,243,188,186,305,286,312,69,180,51,176,67,192,,59,,,b'\x11\xe8\xe1I\xcb\x1f\xa3\xd4\xaf\x82\x12\xdf\x17\xaeN\x1e'
11E8E149-CB1F-A3D4-AF82-12DF17AE4E1E,2019-ncaa-d1-conf-SEC,ncaa,2,2,9,2,11,3,4,5,4,4,5,3,7,8,7,8,4,3,4,3,4,5,6,3,3,3,8,8,4,3,4,7,10,4,5,7,12,3,4,4,7,7,1,1,,,2,2,,,2,8,2,7,2,2,4,4,4,5,7,3,3,3,2,3,3,2,4,6,4,7,1,,3,,,2,5,5,9,3,10,11,3,3,4,3,3,7,4,14,4,4,9,7,3,3,6,5,3,9,12,10,4,4,7,5,1,1,8,9,6,4,4,7,6,,,7,6,,,2,5,2,7,2,9,9,14,10,14,3,4,8,6,6,13,13,13,5,10,3,8,6,9,,6,,,b'\x11\xe8\xe1I\xcb\x1f\xa3\xd4\xaf\x82\x12\xdf\x17\xaeN\x1e'
11E8E149-CB1F-A3D4-AF82-12DF17AE4E1E,2019-ncaa-d1-natl,ncaa,61,57,62,62,67,38,40,52,48,26,42,63,148,170,120,260,19,28,80,28,112,44,54,73,72,46,242,264,77,56,46,136,307,87,156,141,328,63,34,97,113,168,3,11,,,189,80,,,61,61,108,59,34,39,50,25,56,174,207,18,35,40,38,78,83,202,129,172,51,148,2,,132,,,61,286,301,316,147,333,342,106,45,45,127,10,278,233,339,229,64,318,307,89,112,162,14,12,220,337,307,125,46,258,156,83,13,135,221,83,92,56,224,122,,,48,98,,,61,295,27,201,64,227,251,306,312,347,28,22,251,196,193,308,284,317,70,186,60,191,68,201,,61,,,b'\x11\xe8\xe1I\xcb\x1f\xa3\xd4\xaf\x82\x12\xdf\x17\xaeN\x1e'
11E8E149-CB1F-A3D4-AF82-12DF17AE4E1E,2019-ncaa-d1-ncaatournament,ncaa,9,2,9,9,10,11,11,13,18,10,13,20,21,19,43,50,7,7,18,8,11,14,14,28,15,15,43,54,8,16,30,17,56,16,42,17,53,50,29,40,14,42,5,5,,,55,26,,,19,13,37,7,20,34,47,19,32,51,52,7,7,9,39,38,35,39,40,45,28,40,2,,34,,,20,55,55,54,22,58,57,29,32,41,11,9,52,53,29,51,16,53,55,17,19,17,7,6,34,59,56,49,30,57,42,53,13,7,23,17,43,22,57,48,,,9,5,,,19,53,16,31,20,30,36,47,50,57,5,13,31,31,25,48,48,59,15,37,23,19,17,47,,8,,,b'\x11\xe8\xe1I\xcb\x1f\xa3\xd4\xaf\x82\x12\xdf\x17\xaeN\x1e'
11E8E149-CB1F-A3D4-AF82-12DF17AE4E1E,2020-ncaa-d0-natl,ncaa,1,1,1,1,5,3,2,2,9,2,2,23,185,258,38,332,3,4,174,4,182,2,2,20,20,12,331,329,172,2,1,1,139,1,3,15,241,128,20,24,23,81,1,2,,,91,13,,,3,7,77,273,5,4,9,3,6,246,311,20,18,17,8,21,5,12,2,24,42,68,1,,23,,,3,132,194,350,4,259,351,3,81,76,127,9,60,53,244,53,3,349,347,2,3,5,19,75,73,339,139,66,1,216,3,36,6,84,209,22,85,12,305,95,,,13,182,,,3,345,3,8,4,19,45,314,117,350,32,28,25,18,17,271,275,289,10,51,6,174,29,253,,83,,,b'\x11\xe8\xe1I\xcb\x1f\xa3\xd4\xaf\x82\x12\xdf\x17\xaeN\x1e'
11E8E149-CB1F-A3D4-AF82-12DF17AE4E1E,2020-ncaa-d1-conf-SEC,ncaa,1,1,1,1,3,1,1,1,1,2,2,1,7,8,5,10,1,1,4,1,6,1,1,1,1,2,9,10,6,1,1,1,1,1,1,1,9,4,3,1,3,5,1,1,,,2,1,,,1,3,3,7,1,1,1,2,3,8,8,1,1,1,1,1,1,1,1,1,3,5,1,,1,,,1,2,5,13,1,5,14,1,4,4,7,3,2,2,14,2,1,13,13,1,1,1,2,7,3,12,1,1,1,5,1,1,1,7,9,2,4,4,8,3,,,2,8,,,1,12,1,1,1,1,1,13,3,14,3,3,2,2,2,10,12,9,1,1,1,8,4,6,,3,,,b'\x11\xe8\xe1I\xcb\x1f\xa3\xd4\xaf\x82\x12\xdf\x17\xaeN\x1e'
11E8E149-CB1F-A3D4-AF82-12DF17AE4E1E,2020-ncaa-d1-natl,ncaa,1,1,2,1,7,3,2,3,10,2,2,24,200,275,41,332,6,6,175,6,182,2,2,20,21,13,331,327,170,2,2,1,146,1,3,17,242,104,21,25,36,84,1,2,,,75,13,,,3,11,81,273,6,4,10,3,6,250,313,20,16,15,8,24,6,13,2,28,42,80,1,,23,,,3,105,174,349,4,242,351,3,62,54,131,9,56,47,247,46,3,347,344,2,4,6,20,75,76,333,146,51,2,189,3,25,5,104,217,29,67,14,303,102,,,17,182,,,3,340,3,9,5,20,51,315,123,350,34,26,25,18,17,271,272,291,11,51,6,186,31,259,,85,,,b'\x11\xe8\xe1I\xcb\x1f\xa3\xd4\xaf\x82\x12\xdf\x17\xaeN\x1e'
11E8E149-CB1F-A3D4-AF82-12DF17AE4E1E,2021-ncaa-d0-natl,ncaa,4,32,2,18,3,6,6,3,47,3,2,97,147,170,75,332,5,1,216,2,217,3,2,101,99,69,327,330,140,4,4,3,20,2,4,32,323,317,38,108,41,199,1,8,,,302,38,,,7,4,108,201,24,19,22,6,4,288,324,37,24,27,14,24,6,8,4,158,71,194,1,,44,,,8,305,328,342,30,339,343,25,139,215,39,8,177,219,35,216,5,341,340,17,8,16,2,22,32,311,20,305,4,313,4,215,14,40,247,72,249,22,343,277,,,2,124,,,7,340,23,15,8,38,120,268,242,341,11,19,12,24,25,221,178,87,22,23,16,242,42,337,,59,,,b'\x11\xe8\xe1I\xcb\x1f\xa3\xd4\xaf\x82\x12\xdf\x17\xaeN\x1e'
11E8E149-CB1F-A3D4-AF82-12DF17AE4E1E,2021-ncaa-d1-conf-SEC,ncaa,1,1,1,1,1,1,1,1,4,1,1,7,7,9,6,13,1,1,10,1,7,1,1,8,7,6,12,13,6,1,1,1,1,1,1,3,11,13,3,7,2,4,1,1,,,10,3,,,1,1,3,9,2,1,1,1,1,10,11,2,1,2,1,1,1,1,1,9,8,5,1,,3,,,1,8,9,14,1,10,14,1,5,7,3,2,4,6,3,6,1,14,14,1,1,1,1,4,4,9,1,9,1,8,1,5,2,3,6,3,8,4,14,10,,,1,5,,,1,14,3,1,1,1,3,9,4,13,2,2,2,2,2,6,8,2,2,1,2,7,4,13,,1,,,b'\x11\xe8\xe1I\xcb\x1f\xa3\xd4\xaf\x82\x12\xdf\x17\xaeN\x1e'
11E8E149-CB1F-A3D4-AF82-12DF17AE4E1E,2021-ncaa-d1-natl,ncaa,4,32,2,18,3,9,8,5,49,3,3,104,157,177,76,333,6,2,216,3,220,4,3,103,99,69,328,329,132,4,4,3,22,3,4,36,325,310,39,110,49,208,1,8,,,294,39,,,7,6,112,200,27,19,24,6,4,288,325,41,27,28,16,26,7,8,4,164,70,201,2,,46,,,9,302,325,342,30,337,343,26,133,204,37,7,171,211,36,209,5,339,338,17,9,16,2,20,31,305,22,295,4,307,4,205,16,46,255,77,240,22,343,280,,,2,122,,,7,338,24,17,8,38,126,270,247,341,11,19,11,23,24,224,175,90,23,23,16,249,41,337,,60,,,b'\x11\xe8\xe1I\xcb\x1f\xa3\xd4\xaf\x82\x12\xdf\x17\xaeN\x1e'
11E8E149-CB1F-A3D4-AF82-12DF17AE4E1E,2021-ncaa-d1-ncaatournament,ncaa,3,2,3,3,3,4,5,4,21,4,2,25,7,6,20,54,3,4,21,4,40,4,4,22,17,22,46,47,31,1,7,4,20,2,6,5,48,63,29,32,5,28,2,7,,,58,7,,,5,4,47,7,18,13,30,11,11,43,50,25,33,30,22,29,14,13,8,32,31,31,6,,7,,,5,61,61,62,7,63,62,10,54,53,24,15,44,46,24,45,1,61,61,4,4,4,7,23,6,62,20,58,7,59,6,61,30,5,33,25,63,29,63,40,,,5,30,,,5,61,13,2,4,1,14,35,24,52,10,12,1,1,2,18,17,30,7,8,16,38,24,46,,31,,,b'\x11\xe8\xe1I\xcb\x1f\xa3\xd4\xaf\x82\x12\xdf\x17\xaeN\x1e'
11E8E149-CB1F-A3D4-AF82-12DF17AE4E1E,2022-ncaa-d0-natl,ncaa,1,1,1,1,1,11,10,2,69,3,4,90,143,131,181,312,5,2,269,2,135,2,3,110,110,82,306,306,118,1,1,1,5,1,1,25,213,312,66,96,118,249,1,1,,,201,26,,,1,9,261,267,56,46,52,25,28,258,274,61,37,39,31,62,3,5,3,103,95,274,1,,16,,,1,181,252,349,2,303,356,2,54,126,16,9,68,104,23,99,1,349,346,1,1,2,7,36,53,272,5,199,1,230,1,91,12,97,274,52,197,24,354,255,,,3,163,,,1,347,23,2,1,3,11,202,73,335,5,7,5,9,11,130,68,66,5,5,3,300,38,326,,103,,,b'\x11\xe8\xe1I\xcb\x1f\xa3\xd4\xaf\x82\x12\xdf\x17\xaeN\x1e'
11E8E149-CB1F-A3D4-AF82-12DF17AE4E1E,2022-ncaa-d1-conf-SEC,ncaa,1,1,2,1,3,2,2,2,4,1,2,2,9,9,10,10,1,1,7,1,4,2,2,5,5,4,11,11,4,1,1,1,1,1,1,2,6,8,5,4,11,12,1,1,,,1,1,,,1,6,13,10,1,2,4,4,5,10,9,1,1,1,3,4,1,1,1,4,7,13,1,,1,,,1,1,1,12,1,4,13,1,3,5,2,3,1,1,4,1,1,9,9,1,1,1,1,3,2,6,1,1,1,2,1,1,2,11,12,4,6,2,11,9,,,3,7,,,1,9,1,1,1,1,1,7,1,13,3,3,1,1,1,5,1,4,1,1,1,12,4,10,,5,,,b'\x11\xe8\xe1I\xcb\x1f\xa3\xd4\xaf\x82\x12\xdf\x17\xaeN\x1e'
11E8E149-CB1F-A3D4-AF82-12DF17AE4E1E,2022-ncaa-d1-natl,ncaa,1,1,2,1,2,11,10,3,73,3,5,99,156,149,187,314,8,3,268,3,135,3,4,116,116,92,302,303,110,1,1,1,8,1,1,28,219,299,70,101,150,269,1,1,,,170,28,,,1,10,268,267,59,50,62,27,30,264,280,61,38,38,38,68,3,5,3,116,102,292,1,,16,,,1,150,227,347,2,293,356,2,43,97,18,8,55,86,23,80,1,346,344,1,1,3,6,34,52,254,8,171,1,197,1,72,12,125,281,60,173,26,353,265,,,5,154,,,1,346,25,2,1,3,12,204,82,338,6,6,5,10,11,136,67,67,5,5,4,308,37,327,,103,,,b'\x11\xe8\xe1I\xcb\x1f\xa3\xd4\xaf\x82\x12\xdf\x17\xaeN\x1e'
11E8E149-CB1F-A3D4-AF82-12DF17AE4E1E,2022-ncaa-d1-ncaatournament,ncaa,1,1,1,1,2,1,2,1,38,2,1,32,4,1,43,39,1,1,41,1,14,1,1,41,38,32,36,43,15,1,2,1,7,1,1,3,34,67,25,31,2,18,2,13,,,64,1,,,1,2,58,5,27,32,23,25,24,37,34,11,8,8,18,15,4,14,3,30,33,25,13,,1,,,1,63,67,67,10,67,67,13,60,65,16,28,46,55,7,55,1,67,67,8,2,2,11,30,3,61,7,67,2,66,1,66,20,3,6,8,68,24,62,22,,,1,25,,,1,67,13,1,1,1,5,9,12,33,10,12,1,1,1,3,4,10,7,2,9,15,28,22,,21,,,b'\x11\xe8\xe1I\xcb\x1f\xa3\xd4\xaf\x82\x12\xdf\x17\xaeN\x1e'
11E8E149-CB1F-A3D4-AF82-12DF17AE4E1E,2023-ncaa-d0-natl,ncaa,1,1,3,1,4,2,2,2,13,1,1,33,209,225,171,353,6,4,246,4,154,1,1,47,51,24,353,351,136,1,1,1,6,1,1,10,169,153,4,9,120,238,1,1,,,227,47,,,1,15,206,164,7,4,12,1,3,302,330,18,12,13,8,25,2,3,2,20,20,244,1,,42,,,1,138,163,352,2,206,361,2,78,187,17,35,164,168,180,161,16,348,342,1,1,2,67,74,194,255,6,79,1,139,1,20,9,112,263,20,120,6,358,164,,,3,61,,,1,345,1,2,1,4,4,225,20,326,11,44,35,38,38,156,91,62,1,1,3,291,13,319,,18,,,b'\x11\xe8\xe1I\xcb\x1f\xa3\xd4\xaf\x82\x12\xdf\x17\xaeN\x1e'
11E8E149-CB1F-A3D4-AF82-12DF17AE4E1E,2023-ncaa-d1-conf-SEC,ncaa,1,1,1,1,2,1,1,1,1,1,1,1,11,12,6,13,2,2,8,2,6,1,2,1,1,1,13,12,8,1,1,1,1,1,1,1,4,1,1,1,14,13,1,1,,,1,1,,,1,4,12,8,1,1,1,1,1,12,12,2,2,2,1,3,1,1,1,1,1,14,1,,1,,,1,1,3,13,1,4,13,1,2,5,2,4,1,1,5,1,1,11,9,1,1,1,2,7,3,1,1,1,1,1,1,1,1,14,14,1,2,1,11,4,,,1,5,,,1,11,1,1,1,1,1,11,2,12,2,2,1,1,1,6,2,1,1,1,1,14,1,11,,2,,,b'\x11\xe8\xe1I\xcb\x1f\xa3\xd4\xaf\x82\x12\xdf\x17\xaeN\x1e'
11E8E149-CB1F-A3D4-AF82-12DF17AE4E1E,2023-ncaa-d1-natl,ncaa,1,1,4,1,5,2,2,2,14,1,1,34,225,249,173,354,6,4,248,4,154,2,2,50,54,25,353,352,129,1,1,1,6,1,1,11,177,121,4,10,153,249,1,1,,,202,48,,,1,16,213,164,7,4,14,2,3,305,331,17,14,14,8,28,2,3,2,22,21,258,1,,42,,,1,93,119,351,2,179,361,2,63,159,16,35,149,144,179,136,17,348,342,1,1,2,64,77,198,238,6,56,1,98,1,16,10,146,279,28,103,6,358,177,,,3,56,,,1,345,1,2,1,4,4,226,26,331,12,42,39,39,39,163,91,64,1,1,3,301,15,321,,18,,,b'\x11\xe8\xe1I\xcb\x1f\xa3\xd4\xaf\x82\x12\xdf\x17\xaeN\x1e'
11E8E149-CB1F-A3D4-AF82-12DF17AE4E1E,2023-ncaa-d1-ncaatournament,ncaa,3,2,3,3,3,3,3,3,30,2,2,37,7,4,34,53,4,3,59,3,23,3,3,38,38,29,51,54,25,1,1,4,12,1,1,3,26,64,10,11,5,32,1,3,,,58,8,,,1,4,49,7,14,13,6,9,3,42,49,17,9,9,4,7,1,20,1,16,18,36,4,,8,,,3,63,64,65,17,63,66,7,64,65,40,34,62,60,41,59,10,65,65,14,13,10,43,49,22,62,12,64,1,64,1,64,24,5,25,19,65,19,67,25,,,3,23,,,1,65,7,5,3,3,7,21,12,30,35,26,12,12,12,10,9,14,8,9,16,35,25,38,,13,,,b'\x11\xe8\xe1I\xcb\x1f\xa3\xd4\xaf\x82\x12\xdf\x17\xaeN\x1e'
11E8E149-CB1F-A3D4-AF82-12DF17AE4E1E,2024-ncaa-d0-natl,ncaa,1,1,6,1,6,3,2,3,3,3,4,19,46,130,3,316,24,14,250,15,278,4,5,10,12,8,325,266,317,6,6,2,80,2,4,5,134,172,13,10,28,104,1,1,,,206,12,,,1,6,50,263,3,1,11,3,6,114,254,93,75,75,11,25,20,2,4,13,27,81,1,,35,,,1,232,244,357,1,215,356,1,268,341,13,191,157,187,52,190,24,357,356,1,1,1,213,251,117,356,80,213,6,326,4,124,51,41,214,39,205,31,300,49,,,34,305,,,1,354,3,1,1,11,23,331,25,329,124,246,41,57,59,306,300,288,9,74,16,159,69,187,,191,,,b'\x11\xe8\xe1I\xcb\x1f\xa3\xd4\xaf\x82\x12\xdf\x17\xaeN\x1e'
11E8E149-CB1F-A3D4-AF82-12DF17AE4E1E,2024-ncaa-d1-conf-SEC,ncaa,1,1,1,1,2,1,1,2,1,1,2,1,5,9,1,10,5,4,11,4,9,2,3,1,1,1,9,10,12,3,3,2,5,2,2,1,6,2,2,1,4,6,1,1,,,3,1,,,1,3,5,5,1,1,2,1,3,6,10,5,4,5,2,4,3,2,2,1,2,5,1,,1,,,1,3,2,12,1,1,11,1,9,13,2,11,6,6,7,6,4,11,12,1,1,1,13,11,10,13,5,3,3,8,2,2,5,5,8,3,3,2,6,1,,,6,11,,,1,11,1,1,1,1,2,10,1,7,8,10,2,3,3,7,10,12,1,2,2,7,2,4,,9,,,b'\x11\xe8\xe1I\xcb\x1f\xa3\xd4\xaf\x82\x12\xdf\x17\xaeN\x1e'
11E8E149-CB1F-A3D4-AF82-12DF17AE4E1E,2024-ncaa-d1-natl,ncaa,1,1,6,1,6,3,2,3,4,3,4,21,54,163,3,318,36,24,256,24,279,4,6,10,13,8,326,265,317,7,7,2,95,2,4,5,140,139,13,10,42,117,1,1,,,172,13,,,1,7,52,264,3,1,12,3,6,120,261,93,73,75,12,26,24,2,4,13,28,92,1,,37,,,1,210,220,359,1,190,358,1,254,339,16,194,144,171,51,173,23,358,358,1,1,1,212,251,117,356,95,179,7,308,4,107,55,59,230,57,182,32,296,51,,,50,307,,,1,355,3,1,1,17,32,334,27,331,129,246,47,66,67,311,300,295,9,82,22,175,71,200,,194,,,b'\x11\xe8\xe1I\xcb\x1f\xa3\xd4\xaf\x82\x12\xdf\x17\xaeN\x1e'
11E8E149-CB1F-A3D4-AF82-12DF17AE4E1E,2024-ncaa-d1-ncaatournament,ncaa,1,1,1,1,1,2,1,1,12,1,1,20,2,4,8,47,4,4,26,4,46,1,2,14,15,8,45,36,47,1,5,2,23,1,5,2,43,63,13,10,2,18,2,4,,,65,10,,,1,4,41,5,6,3,7,6,9,21,40,35,40,33,6,21,11,6,1,17,14,21,6,,9,,,1,64,64,65,3,63,65,1,65,65,15,54,62,62,17,62,19,65,65,3,3,1,50,61,24,65,23,63,5,64,5,64,23,2,25,15,63,15,62,16,,,6,57,,,1,65,1,1,1,2,6,35,6,27,33,50,10,14,14,23,30,34,10,13,9,31,18,27,,52,,,b'\x11\xe8\xe1I\xcb\x1f\xa3\xd4\xaf\x82\x12\xdf\x17\xaeN\x1e'
11E8E149-CB1F-A3D4-AF82-12DF17AE4E1E,2025-ncaa-d0-natl,genius_ncaa,2,4,2,4,3,3,3,4,13,3,3,43,94,121,62,317,13,22,50,20,302,4,5,38,37,15,340,309,240,6,17,4,151,4,20,9,184,146,9,13,23,82,2,15,,,199,6,,191,3,5,107,269,14,10,18,5,8,212,279,69,119,119,21,72,34,23,12,33,20,70,8,,13,,71,5,327,340,361,6,345,362,3,237,298,72,52,165,160,175,169,8,359,360,4,4,7,54,127,57,359,151,317,17,352,20,298,121,27,159,87,205,21,344,74,,,16,238,,286,3,359,5,13,3,36,75,304,118,347,62,79,27,28,31,244,271,281,32,111,73,139,44,221,,180,,332,b'\x11\xe8\xe1I\xcb\x1f\xa3\xd4\xaf\x82\x12\xdf\x17\xaeN\x1e'
11E8E149-CB1F-A3D4-AF82-12DF17AE4E1E,2025-ncaa-d1-conf-SEC,genius_ncaa,1,1,2,1,2,1,1,2,1,1,3,3,9,8,6,11,3,5,2,5,12,2,4,3,1,1,13,12,12,4,4,2,4,1,2,2,3,3,1,1,3,4,1,2,,,2,2,,5,1,3,9,7,2,1,5,1,3,10,10,6,8,8,5,8,7,2,3,2,1,5,2,,1,,5,1,3,4,15,1,10,16,1,5,7,1,5,1,1,1,2,1,15,15,1,1,1,1,5,3,15,4,9,4,13,2,3,3,5,8,2,3,1,11,4,,,3,10,,13,1,14,1,1,1,2,2,11,2,14,2,6,1,1,1,8,9,12,2,5,2,9,2,6,,9,,16,b'\x11\xe8\xe1I\xcb\x1f\xa3\xd4\xaf\x82\x12\xdf\x17\xaeN\x1e'
11E8E149-CB1F-A3D4-AF82-12DF17AE4E1E,2025-ncaa-d1-natl,genius_ncaa,2,4,2,4,3,3,3,4,14,3,3,46,104,137,65,322,16,28,49,24,301,4,5,41,38,18,340,309,235,7,17,4,159,4,22,9,190,124,9,13,25,92,2,15,,,178,6,,178,3,5,118,269,15,10,19,5,8,212,281,75,122,122,23,79,36,26,14,34,21,80,8,,14,,70,5,315,335,361,6,339,362,3,226,286,82,51,149,142,180,150,9,359,360,4,4,8,53,122,57,359,159,300,17,349,22,288,119,36,165,93,188,21,340,79,,,22,237,,295,3,359,5,19,3,40,85,307,127,347,67,79,28,29,32,250,266,281,36,113,79,151,48,224,,181,,330,b'\x11\xe8\xe1I\xcb\x1f\xa3\xd4\xaf\x82\x12\xdf\x17\xaeN\x1e'
11E8E149-CB1F-A3D4-AF82-12DF17AE4E1E,2025-ncaa-d1-ncaatournament,genius_ncaa,2,2,1,2,1,2,2,2,14,3,2,23,3,6,2,60,1,1,39,1,26,2,2,14,10,17,47,47,24,1,20,2,18,1,7,3,32,68,37,34,4,31,1,10,,,67,15,,67,4,2,46,7,17,19,46,18,19,39,61,22,23,21,39,43,25,15,18,22,33,33,11,,16,,42,10,68,68,67,18,68,68,19,64,66,19,25,67,67,38,67,17,67,67,17,15,13,24,27,34,66,18,67,20,67,7,68,38,2,24,22,68,34,68,23,,,1,15,,1,4,67,14,10,7,8,11,26,21,44,18,22,21,22,24,22,21,24,8,5,24,30,31,25,,18,,34,b'\x11\xe8\xe1I\xcb\x1f\xa3\xd4\xaf\x82\x12\xdf\x17\xaeN\x1e'
11E8E149-CB1F-A3D4-AF82-12DF17AE4E1E,2026-ncaa-d0-natl,genius_ncaa,17,13,49,19,73,11,8,47,4,5,11,12,122,264,4,355,21,23,98,22,188,38,63,7,6,6,347,331,205,42,7,24,121,25,7,16,116,82,15,11,120,187,4,4,,,78,3,,263,9,72,118,97,10,8,46,3,5,194,339,28,38,39,29,98,61,13,14,13,16,170,5,,7,,211,9,155,169,331,7,147,314,7,247,316,47,249,61,39,306,38,10,307,304,7,4,10,187,293,45,313,121,59,7,147,7,167,156,86,170,89,24,4,150,34,,,59,141,,241,9,295,6,16,8,23,43,313,42,283,151,272,17,10,10,245,253,243,2,23,65,139,6,85,,105,,294,b'\x11\xe8\xe1I\xcb\x1f\xa3\xd4\xaf\x82\x12\xdf\x17\xaeN\x1e'
11E8E149-CB1F-A3D4-AF82-12DF17AE4E1E,2026-ncaa-d1-conf-SEC,genius_ncaa,2,2,1,2,1,2,1,2,1,2,2,1,1,1,1,1,2,2,1,2,2,2,2,1,1,1,1,1,2,2,2,2,2,2,2,1,1,1,1,1,2,2,1,2,,,1,1,,1,2,2,1,1,2,1,2,2,2,1,1,2,2,2,2,2,2,2,2,1,1,2,1,,1,,1,2,2,1,2,1,2,2,1,1,1,1,1,2,2,1,2,2,2,2,1,1,1,1,1,2,2,2,2,2,2,2,1,1,1,1,1,2,2,1,2,,,1,1,,1,2,2,2,2,2,2,1,2,2,2,1,1,2,2,2,2,2,2,2,2,1,1,2,1,,1,,1,b'\x11\xe8\xe1I\xcb\x1f\xa3\xd4\xaf\x82\x12\xdf\x17\xaeN\x1e'
11E8E149-CB1F-A3D4-AF82-12DF17AE4E1E,2026-ncaa-d1-natl,genius_ncaa,18,13,85,20,117,12,9,69,4,5,17,14,163,305,3,355,27,36,94,37,184,58,102,7,6,6,347,332,189,67,9,28,136,34,7,17,128,42,16,11,175,230,5,4,,,26,4,,246,9,116,133,100,10,8,60,3,7,206,345,27,41,43,43,123,75,16,18,13,17,212,4,,7,,220,9,102,134,317,10,107,291,9,218,296,55,250,38,17,320,18,9,271,266,8,4,12,187,288,47,288,136,20,9,96,7,132,165,142,210,117,9,5,120,37,,,85,128,,268,9,255,6,18,8,29,56,322,56,292,170,280,20,9,9,260,253,261,3,23,75,182,7,100,,111,,289,b'\x11\xe8\xe1I\xcb\x1f\xa3\xd4\xaf\x82\x12\xdf\x17\xaeN\x1e'
11E8E149-CB24-1694-AF82-12DF17AE4E1E,2010-ncaa-d0-natl,ncaa,178,251,50,216,58,124,112,119,133,77,69,150,236,262,195,282,104,83,207,80,179,107,89,175,178,188,276,277,135,167,227,103,165,123,188,227,320,268,215,262,166,231,179,226,,,335,325,,,242,72,164,78,200,174,225,112,124,276,285,154,127,127,205,199,231,182,223,284,200,221,220,,320,,,241,317,300,261,250,292,282,223,190,156,275,79,309,329,41,331,289,288,277,244,235,246,168,114,257,238,165,257,227,258,188,239,113,122,196,187,216,153,152,95,,,77,126,,,242,281,206,237,234,242,215,143,224,215,150,90,276,309,311,208,196,163,162,162,157,191,146,118,,156,,,b'\x11\xe8\xe1I\xcb$\x16\x94\xaf\x82\x12\xdf\x17\xaeN\x1e'
11E8E149-CB24-1694-AF82-12DF17AE4E1E,2010-ncaa-d1-conf-MEAC,ncaa,8,8,1,8,1,2,1,1,2,1,1,3,5,6,1,6,3,2,9,2,6,1,1,2,2,3,9,6,7,4,6,3,7,3,7,5,9,10,4,5,6,8,7,8,,,11,11,,,9,1,6,2,4,2,7,3,6,5,6,6,4,4,7,6,7,10,9,7,3,8,8,,11,,,9,11,11,11,10,11,11,10,8,7,10,6,11,11,8,11,10,11,11,10,11,11,6,5,8,9,7,9,6,11,7,11,7,5,8,10,9,5,7,7,,,2,2,,,9,11,3,10,9,10,10,6,10,5,6,6,11,11,11,7,5,6,3,4,10,8,5,6,,3,,,b'\x11\xe8\xe1I\xcb$\x16\x94\xaf\x82\x12\xdf\x17\xaeN\x1e'
11E8E149-CB24-1694-AF82-12DF17AE4E1E,2010-ncaa-d1-natl,ncaa,189,251,53,222,62,134,121,129,136,80,78,154,251,266,195,282,113,90,210,87,180,119,101,182,181,188,274,277,130,180,229,113,169,138,193,240,320,255,215,264,180,235,187,228,,,333,326,,,249,81,168,77,204,178,226,115,128,277,285,152,129,128,207,201,235,185,226,293,200,224,222,,321,,,247,312,293,253,258,289,276,226,188,143,277,78,305,325,42,328,288,285,271,250,242,259,165,114,257,228,169,247,229,243,193,231,116,137,200,192,203,156,147,97,,,86,123,,,249,273,207,244,238,248,219,144,230,215,150,91,279,309,311,213,196,164,165,164,164,198,147,120,,155,,,b'\x11\xe8\xe1I\xcb$\x16\x94\xaf\x82\x12\xdf\x17\xaeN\x1e'
11E8E149-CB24-1694-AF82-12DF17AE4E1E,2011-ncaa-d0-natl,ncaa,248,175,329,236,330,332,325,332,279,309,278,309,320,330,184,301,295,221,340,235,132,326,326,295,311,314,238,266,115,290,251,334,313,331,315,324,247,116,291,308,190,95,230,150,,,72,244,,,282,330,157,156,302,293,264,239,133,303,311,222,94,110,245,178,196,307,292,297,283,89,179,,252,,,292,21,25,12,269,28,8,294,96,87,183,233,58,96,17,98,275,11,15,281,254,155,191,207,162,86,313,58,251,54,315,101,283,174,35,129,114,252,73,147,,,264,62,,,282,14,315,179,291,174,177,89,167,53,208,212,161,237,236,119,225,261,286,289,257,39,253,182,,85,,,b'\x11\xe8\xe1I\xcb$\x16\x94\xaf\x82\x12\xdf\x17\xaeN\x1e'
11E8E149-CB24-1694-AF82-12DF17AE4E1E,2011-ncaa-d1-conf-MEAC,ncaa,8,8,2,8,4,6,6,6,6,5,2,8,7,9,3,9,7,5,11,5,9,5,4,7,8,7,7,8,7,7,9,8,11,7,10,4,4,10,8,7,6,7,2,2,,,10,7,,,10,2,4,5,5,5,6,4,4,7,9,8,6,6,5,4,8,7,7,5,8,6,3,,7,,,10,11,11,9,10,11,5,11,11,11,7,10,5,7,3,6,7,10,10,10,10,10,7,11,2,8,11,9,9,9,10,11,11,6,8,11,10,10,10,9,,,5,7,,,10,9,7,10,10,10,11,8,11,3,11,11,5,5,5,9,8,7,9,9,11,6,10,10,,4,,,b'\x11\xe8\xe1I\xcb$\x16\x94\xaf\x82\x12\xdf\x17\xaeN\x1e'
11E8E149-CB24-1694-AF82-12DF17AE4E1E,2011-ncaa-d1-natl,ncaa,226,202,279,226,297,306,290,299,270,249,174,297,312,320,214,304,274,176,339,186,199,288,282,292,311,309,278,281,140,209,215,325,322,316,314,301,257,200,276,299,107,63,195,140,,,160,248,,,272,289,184,156,298,281,245,210,113,308,313,247,124,134,239,182,161,315,291,295,273,69,172,,248,,,273,53,80,27,266,89,22,298,120,141,137,231,84,148,15,148,259,28,71,269,230,139,154,187,136,191,322,151,215,168,314,173,274,95,34,116,164,234,118,133,,,208,105,,,272,56,313,162,276,150,165,82,171,49,165,194,132,201,207,99,202,269,265,284,243,42,231,171,,111,,,b'\x11\xe8\xe1I\xcb$\x16\x94\xaf\x82\x12\xdf\x17\xaeN\x1e'
11E8E149-CB24-1694-AF82-12DF17AE4E1E,2012-ncaa-d0-natl,ncaa,238,174,318,226,301,288,273,317,149,200,226,164,320,323,271,304,217,131,331,140,87,299,305,214,229,247,295,311,91,221,118,336,317,327,263,282,255,133,258,273,165,92,305,297,,,108,253,,,273,314,230,2,203,188,223,103,99,306,303,120,41,43,179,131,132,326,280,242,268,84,292,,266,,,280,114,149,27,331,183,65,321,105,40,324,89,89,81,182,83,163,27,39,327,320,288,74,125,102,115,317,22,118,34,263,102,99,189,78,136,93,190,35,64,,,265,136,,,273,30,239,292,281,280,299,166,303,229,190,90,192,182,190,166,218,251,136,189,230,74,204,93,,121,,,b'\x11\xe8\xe1I\xcb$\x16\x94\xaf\x82\x12\xdf\x17\xaeN\x1e'
11E8E149-CB24-1694-AF82-12DF17AE4E1E,2012-ncaa-d1-conf-MEAC,ncaa,7,7,4,7,1,6,5,8,3,4,3,4,8,11,8,11,6,3,11,3,6,7,6,4,5,6,12,11,9,9,10,9,10,9,10,7,9,7,5,7,5,5,10,10,,,11,10,,,8,3,8,2,6,5,6,3,2,10,11,5,4,4,7,6,11,9,10,8,6,3,9,,12,,,8,11,11,7,13,12,10,12,9,2,13,1,6,5,10,5,3,7,8,13,13,10,2,7,3,9,10,9,10,10,10,10,4,4,6,8,6,6,5,5,,,4,8,,,8,8,6,9,8,10,11,8,11,9,10,2,7,6,6,7,8,8,9,10,9,4,5,5,,5,,,b'\x11\xe8\xe1I\xcb$\x16\x94\xaf\x82\x12\xdf\x17\xaeN\x1e'
11E8E149-CB24-1694-AF82-12DF17AE4E1E,2012-ncaa-d1-natl,ncaa,208,173,286,208,238,240,224,272,133,134,158,145,318,315,299,305,181,103,331,104,109,243,239,203,223,247,306,323,108,163,95,327,320,294,247,258,255,198,257,267,135,96,290,291,,,175,242,,,263,255,212,2,187,160,204,72,79,316,302,127,41,43,161,112,110,310,241,227,271,85,273,,269,,,268,184,213,75,315,238,130,307,123,58,303,87,133,135,133,133,169,74,110,309,304,259,71,109,108,208,320,41,95,92,247,121,76,137,86,121,144,192,40,40,,,215,164,,,263,93,224,273,270,279,289,188,300,258,178,98,198,207,207,195,248,281,123,213,217,70,206,79,,128,,,b'\x11\xe8\xe1I\xcb$\x16\x94\xaf\x82\x12\xdf\x17\xaeN\x1e'
11E8E149-CB24-1694-AF82-12DF17AE4E1E,2013-ncaa-d0-natl,ncaa,113,40,327,67,333,280,277,299,199,232,232,233,262,289,150,250,244,252,168,251,209,300,322,224,223,181,226,228,139,186,71,295,302,266,164,275,243,21,105,162,160,68,108,64,,,68,221,,,97,336,262,151,200,186,155,147,97,233,249,156,165,155,160,197,73,166,99,229,94,76,55,,208,,,80,2,5,20,18,12,54,19,15,25,54,80,44,61,16,60,138,14,20,11,11,15,120,106,223,209,302,16,71,55,164,11,146,234,112,65,13,62,82,127,,,298,187,,,97,8,147,44,85,35,40,143,75,222,50,79,112,165,163,140,162,323,134,245,68,139,64,164,,200,,,b'\x11\xe8\xe1I\xcb$\x16\x94\xaf\x82\x12\xdf\x17\xaeN\x1e'
11E8E149-CB24-1694-AF82-12DF17AE4E1E,2013-ncaa-d1-conf-MEAC,ncaa,4,4,4,4,7,5,3,5,4,4,4,4,7,7,7,8,8,8,8,8,10,5,6,4,5,4,9,8,12,4,5,4,8,5,7,5,5,5,6,3,2,4,3,3,,,7,6,,,4,7,10,8,5,3,5,3,5,7,8,8,7,8,6,8,4,5,4,5,4,3,3,,5,,,4,6,5,7,3,6,9,2,6,4,8,4,4,4,12,4,4,7,8,4,4,4,7,7,5,8,8,6,5,8,7,4,5,7,7,6,6,5,6,5,,,5,8,,,4,7,4,5,4,4,4,8,5,9,6,4,6,5,5,7,4,8,6,7,4,7,6,5,,6,,,b'\x11\xe8\xe1I\xcb$\x16\x94\xaf\x82\x12\xdf\x17\xaeN\x1e'
11E8E149-CB24-1694-AF82-12DF17AE4E1E,2013-ncaa-d1-natl,ncaa,94,40,292,60,306,226,212,227,179,176,169,215,240,261,133,245,215,227,176,228,232,230,275,205,202,168,230,223,181,127,73,257,292,203,155,240,238,37,88,138,127,63,80,56,,,118,216,,,64,309,234,157,163,147,127,121,89,212,241,169,173,169,141,180,67,173,99,208,85,71,49,,210,,,57,6,11,37,22,25,89,23,23,37,62,77,49,98,6,98,137,38,59,15,11,9,113,110,207,243,292,54,73,112,155,23,136,158,74,41,18,50,106,111,,,262,217,,,64,27,129,31,59,32,37,111,70,200,49,72,92,152,156,109,166,311,149,239,64,92,52,155,,209,,,b'\x11\xe8\xe1I\xcb$\x16\x94\xaf\x82\x12\xdf\x17\xaeN\x1e'
11E8E149-CB24-1694-AF82-12DF17AE4E1E,2014-ncaa-d0-natl,ncaa,312,263,345,312,346,344,341,344,293,326,313,282,319,313,308,214,337,337,242,337,295,345,346,304,311,307,274,232,228,328,267,347,341,347,335,342,307,33,262,310,139,35,310,272,,,15,138,,,290,346,321,270,331,324,316,270,228,295,268,312,312,312,324,318,277,332,336,332,170,59,279,,100,,,300,8,11,4,205,15,10,168,56,29,263,145,32,37,81,38,173,5,5,200,183,158,152,188,149,151,341,17,267,33,335,54,261,283,106,166,4,52,78,206,,,348,336,,,290,4,320,233,313,109,129,69,138,126,150,102,121,140,146,73,84,315,180,260,194,152,24,181,,344,,,b'\x11\xe8\xe1I\xcb$\x16\x94\xaf\x82\x12\xdf\x17\xaeN\x1e'
11E8E149-CB24-1694-AF82-12DF17AE4E1E,2014-ncaa-d1-conf-MEAC,ncaa,10,10,9,10,11,13,10,12,8,9,10,6,8,8,10,5,13,13,7,13,12,12,13,9,10,8,11,7,13,12,12,13,12,13,11,11,9,1,5,7,5,4,9,8,,,3,3,,,8,13,13,7,13,8,11,9,10,8,7,13,13,13,12,13,12,13,13,11,2,5,9,,3,,,9,3,3,1,8,4,1,8,7,8,9,9,3,3,9,3,3,1,2,8,7,7,7,10,3,6,12,3,12,4,11,6,9,9,7,7,1,3,6,10,,,13,13,,,8,1,10,11,10,5,6,3,6,3,7,9,3,3,3,2,2,9,5,7,8,8,1,8,,13,,,b'\x11\xe8\xe1I\xcb$\x16\x94\xaf\x82\x12\xdf\x17\xaeN\x1e'
11E8E149-CB24-1694-AF82-12DF17AE4E1E,2014-ncaa-d1-natl,ncaa,310,262,347,307,349,345,340,343,278,322,307,275,309,310,277,213,334,333,224,334,286,345,348,293,296,295,263,227,225,326,271,348,340,347,336,337,298,30,242,297,139,35,308,271,,,14,129,,,281,349,311,273,325,313,307,258,226,277,258,308,307,305,312,313,273,334,338,322,157,59,276,,96,,,290,7,11,2,217,19,9,172,76,31,288,146,35,39,114,45,168,2,1,210,204,163,167,202,148,157,340,21,271,38,336,70,265,251,97,160,3,39,78,195,,,349,339,,,281,1,306,237,299,114,138,72,137,127,168,102,123,131,136,74,101,309,185,260,208,128,15,165,,344,,,b'\x11\xe8\xe1I\xcb$\x16\x94\xaf\x82\x12\xdf\x17\xaeN\x1e'
11E8E149-CB24-1694-AF82-12DF17AE4E1E,2015-ncaa-d0-natl,ncaa,188,86,338,150,339,333,328,320,316,323,263,333,260,280,160,228,306,329,70,329,295,330,338,310,302,286,168,175,151,212,139,345,317,333,275,337,318,32,168,288,96,17,156,57,,,32,216,,,199,344,286,92,289,283,153,259,118,207,224,234,275,278,193,214,94,331,263,331,151,34,96,,169,,,203,4,4,3,192,6,3,219,73,71,130,257,43,55,63,57,270,2,5,199,188,100,248,235,207,64,317,34,139,30,275,29,234,179,44,65,10,57,22,43,,,347,307,,,199,5,269,126,211,78,70,33,57,21,181,194,141,173,175,30,103,242,225,231,126,56,46,56,,310,,,b'\x11\xe8\xe1I\xcb$\x16\x94\xaf\x82\x12\xdf\x17\xaeN\x1e'
11E8E149-CB24-1694-AF82-12DF17AE4E1E,2015-ncaa-d1-conf-MEAC,ncaa,7,5,8,7,9,9,9,7,9,8,7,11,6,8,6,6,11,13,2,13,12,10,12,9,9,6,8,6,9,10,8,13,10,12,11,10,11,2,2,5,3,3,4,2,,,5,9,,,7,13,12,4,8,7,4,7,6,6,7,10,13,13,7,10,6,12,11,10,2,3,3,,8,,,7,6,6,3,11,3,2,11,11,11,12,13,3,3,8,3,9,2,1,11,11,10,12,13,5,4,10,5,8,4,11,10,13,10,5,11,2,2,4,3,,,12,11,,,7,1,6,9,8,8,9,3,6,2,13,13,6,5,5,3,2,7,9,7,12,9,2,4,,12,,,b'\x11\xe8\xe1I\xcb$\x16\x94\xaf\x82\x12\xdf\x17\xaeN\x1e'
11E8E149-CB24-1694-AF82-12DF17AE4E1E,2015-ncaa-d1-natl,ncaa,169,86,335,128,338,303,301,281,286,280,214,303,246,260,195,227,261,287,103,291,280,289,315,288,279,262,193,197,136,174,132,342,310,317,261,331,311,79,171,283,54,5,146,63,,,89,246,,,164,332,233,91,243,238,130,210,99,210,217,185,232,237,146,163,81,324,237,313,178,11,98,,224,,,162,12,7,5,186,9,3,200,81,78,152,237,96,131,35,127,296,5,17,189,180,70,263,221,246,109,310,73,132,68,261,46,247,95,19,41,14,50,21,26,,,328,287,,,164,12,237,88,170,77,62,30,51,25,160,170,183,227,230,32,143,239,224,233,120,32,49,42,,270,,,b'\x11\xe8\xe1I\xcb$\x16\x94\xaf\x82\x12\xdf\x17\xaeN\x1e'
11E8E149-CB24-1694-AF82-12DF17AE4E1E,2016-ncaa-d0-natl,ncaa,239,181,321,227,336,340,342,318,341,331,271,343,277,281,247,208,304,299,208,302,257,320,330,339,337,326,143,159,115,146,105,339,322,302,263,333,249,36,181,286,203,92,182,102,,,27,138,,,246,343,314,176,330,334,209,313,160,232,217,256,250,258,230,242,62,311,200,324,157,125,137,,101,,,252,13,13,10,160,8,8,173,87,73,197,227,58,99,18,93,265,9,11,182,162,113,242,221,207,160,322,72,105,84,263,34,194,214,67,89,23,105,89,160,,,330,245,,,246,7,303,167,261,81,71,42,58,39,178,163,147,201,195,49,72,286,249,279,106,102,79,167,,274,,,b'\x11\xe8\xe1I\xcb$\x16\x94\xaf\x82\x12\xdf\x17\xaeN\x1e'
11E8E149-CB24-1694-AF82-12DF17AE4E1E,2016-ncaa-d1-conf-MEAC,ncaa,8,8,2,8,2,6,6,5,11,8,6,11,2,4,3,5,10,10,7,10,11,6,6,11,11,9,4,2,12,3,3,7,7,4,7,6,4,4,7,6,4,4,6,5,,,6,7,,,9,6,11,8,11,10,9,12,8,3,7,12,12,12,9,10,5,12,12,9,3,6,6,,3,,,9,9,8,5,8,5,2,8,11,10,12,12,8,7,6,7,10,5,7,11,11,10,12,12,7,3,7,9,3,10,7,11,12,6,6,11,5,6,8,8,,,7,8,,,9,7,8,9,9,8,6,1,4,1,11,9,5,6,5,2,2,3,9,3,10,8,3,8,,11,,,b'\x11\xe8\xe1I\xcb$\x16\x94\xaf\x82\x12\xdf\x17\xaeN\x1e'
11E8E149-CB24-1694-AF82-12DF17AE4E1E,2016-ncaa-d1-natl,ncaa,216,179,303,214,329,330,336,281,334,318,223,342,255,256,222,215,265,262,241,265,233,289,299,332,333,322,145,166,108,104,89,325,317,256,229,328,250,96,194,287,158,90,147,79,,,45,131,,,228,334,299,197,314,320,196,301,147,223,217,234,221,223,206,213,47,299,167,318,186,110,124,,107,,,227,16,16,11,139,17,12,164,117,126,139,256,60,110,5,106,256,11,22,154,126,84,245,228,178,196,317,118,89,140,229,50,195,151,55,76,41,96,112,147,,,278,208,,,228,13,286,131,240,68,65,50,52,34,180,196,116,187,179,51,90,286,232,262,107,69,81,172,,229,,,b'\x11\xe8\xe1I\xcb$\x16\x94\xaf\x82\x12\xdf\x17\xaeN\x1e'
11E8E149-CB24-1694-AF82-12DF17AE4E1E,2017-ncaa-d0-natl,ncaa,337,313,340,337,341,346,345,333,347,343,259,348,325,326,271,283,220,167,310,170,86,321,316,347,342,343,136,234,12,99,39,308,323,220,172,349,348,195,303,349,312,276,145,97,,,25,94,,,303,337,177,153,321,337,203,317,97,293,280,107,41,45,160,62,12,143,29,348,319,249,81,,144,,,311,21,21,42,75,28,51,83,92,119,94,212,89,108,74,106,192,43,27,82,71,127,220,203,201,265,323,35,39,87,172,83,266,309,249,242,47,125,239,288,,,319,257,,,303,12,327,218,311,213,186,288,177,243,217,266,216,244,239,299,282,341,214,318,246,221,164,315,,189,,,b'\x11\xe8\xe1I\xcb$\x16\x94\xaf\x82\x12\xdf\x17\xaeN\x1e'
11E8E149-CB24-1694-AF82-12DF17AE4E1E,2017-ncaa-d1-conf-MEAC,ncaa,12,12,8,12,10,12,12,11,12,12,10,12,7,9,6,7,4,5,5,5,4,9,8,12,12,13,4,5,3,4,5,9,11,8,7,13,12,9,12,13,12,12,6,5,,,1,1,,,12,11,6,5,11,12,9,11,9,6,8,4,4,4,7,6,2,9,6,13,11,12,5,,2,,,12,10,11,5,11,11,5,12,13,10,11,13,2,2,10,2,3,5,4,13,11,12,5,13,1,6,11,3,5,5,7,13,12,12,11,12,4,5,10,12,,,10,9,,,12,3,11,12,12,12,12,10,11,7,13,13,3,3,3,11,8,10,8,10,13,10,6,11,,8,,,b'\x11\xe8\xe1I\xcb$\x16\x94\xaf\x82\x12\xdf\x17\xaeN\x1e'
11E8E149-CB24-1694-AF82-12DF17AE4E1E,2017-ncaa-d1-natl,ncaa,331,312,336,331,339,338,342,312,345,327,195,348,319,325,236,302,190,117,326,117,76,291,271,344,339,338,169,246,18,47,25,275,325,165,158,349,349,259,303,349,299,283,127,101,,,46,96,,,293,325,170,154,315,326,187,289,77,293,292,104,34,34,138,48,9,146,21,347,319,256,83,,154,,,298,32,34,91,51,46,96,67,100,151,69,208,105,164,22,160,202,91,55,58,45,86,207,194,196,312,325,46,25,165,158,86,219,268,238,207,61,97,272,280,,,276,245,,,293,19,322,172,296,178,164,291,164,253,189,258,193,252,248,301,292,341,191,310,191,207,148,316,,165,,,b'\x11\xe8\xe1I\xcb$\x16\x94\xaf\x82\x12\xdf\x17\xaeN\x1e'
11E8E149-CB24-1694-AF82-12DF17AE4E1E,2018-ncaa-d0-natl,ncaa,245,224,295,246,302,321,323,242,345,289,134,348,315,321,255,311,209,133,333,134,157,224,200,346,344,344,206,258,41,68,76,254,321,160,230,344,340,272,278,342,210,208,185,162,,,68,84,,,243,250,85,93,308,314,122,268,46,306,297,141,52,54,96,40,19,152,46,345,314,168,153,,158,,,250,31,37,98,39,31,101,42,114,140,107,204,73,115,31,101,164,84,136,49,41,21,229,220,187,317,321,178,76,246,230,63,177,77,49,44,151,173,255,218,,,142,104,,,243,90,334,53,251,107,109,238,86,208,185,229,153,203,190,238,313,336,285,324,125,30,220,302,,35,,,b'\x11\xe8\xe1I\xcb$\x16\x94\xaf\x82\x12\xdf\x17\xaeN\x1e'
11E8E149-CB24-1694-AF82-12DF17AE4E1E,2018-ncaa-d1-conf-MEAC,ncaa,8,9,4,9,4,10,11,6,11,8,3,12,10,11,7,13,5,3,12,3,7,5,4,11,12,10,8,10,2,6,10,7,7,7,8,12,13,9,7,12,12,12,8,7,,,4,4,,,9,4,4,2,10,10,7,9,4,10,12,5,4,3,7,5,7,7,8,12,7,12,8,,4,,,9,10,11,9,9,5,5,9,11,12,10,13,3,2,13,2,3,5,8,10,11,8,11,12,3,7,7,10,10,8,8,8,5,3,4,5,3,4,7,4,,,3,3,,,9,9,11,7,9,7,7,7,5,4,11,11,3,2,2,5,7,7,10,8,7,3,4,5,,2,,,b'\x11\xe8\xe1I\xcb$\x16\x94\xaf\x82\x12\xdf\x17\xaeN\x1e'
11E8E149-CB24-1694-AF82-12DF17AE4E1E,2018-ncaa-d1-natl,ncaa,231,223,213,233,241,293,292,180,340,242,69,346,308,316,267,317,191,110,329,109,187,164,112,341,341,337,251,281,60,44,68,218,321,127,221,339,335,302,274,339,136,134,158,157,,,76,53,,,222,163,74,99,294,295,102,228,33,308,301,152,67,65,80,29,19,169,57,339,313,104,139,,133,,,222,36,50,135,37,53,156,37,109,132,98,159,81,129,28,113,135,122,221,38,32,14,187,200,173,321,321,214,68,283,221,71,166,37,25,28,167,151,270,202,,,132,142,,,222,173,326,36,225,80,92,217,92,228,141,172,122,173,158,196,314,333,264,316,119,20,206,294,,63,,,b'\x11\xe8\xe1I\xcb$\x16\x94\xaf\x82\x12\xdf\x17\xaeN\x1e'
11E8E149-CB24-1694-AF82-12DF17AE4E1E,2019-ncaa-d0-natl,ncaa,185,180,173,191,229,293,305,263,326,296,201,338,256,265,208,250,170,96,319,93,69,239,213,326,319,317,116,201,37,134,130,188,297,162,218,344,344,248,256,343,308,314,60,99,,,93,98,,,219,251,261,272,321,329,289,305,186,257,264,146,73,70,241,205,106,175,127,349,249,307,49,,100,,,216,43,104,162,85,260,307,91,1,8,2,7,77,144,6,155,75,156,144,23,12,28,1,1,159,302,297,154,130,244,218,5,5,216,199,35,32,56,118,122,,,205,172,,,219,84,306,62,222,49,118,180,282,340,2,5,90,162,174,174,171,317,187,274,14,203,50,124,,185,,,b'\x11\xe8\xe1I\xcb$\x16\x94\xaf\x82\x12\xdf\x17\xaeN\x1e'
11E8E149-CB24-1694-AF82-12DF17AE4E1E,2019-ncaa-d1-conf-MEAC,ncaa,6,6,3,6,5,8,8,9,5,8,11,7,4,6,3,6,6,7,5,7,6,9,10,5,3,6,4,4,6,9,5,6,6,7,5,10,11,3,7,10,11,11,3,5,,,3,5,,,6,11,12,7,10,10,12,10,12,4,6,6,8,8,12,12,9,7,8,11,4,11,2,,4,,,6,5,7,6,7,11,10,8,1,2,3,1,3,4,3,4,2,5,3,5,5,6,1,1,4,6,6,1,5,3,5,2,1,12,11,5,1,1,2,3,,,9,7,,,6,3,6,6,6,5,6,6,10,9,1,1,3,5,5,6,1,7,2,3,2,12,1,2,,10,,,b'\x11\xe8\xe1I\xcb$\x16\x94\xaf\x82\x12\xdf\x17\xaeN\x1e'
11E8E149-CB24-1694-AF82-12DF17AE4E1E,2019-ncaa-d1-natl,ncaa,164,180,107,177,146,265,283,218,312,270,152,329,255,254,224,255,142,80,317,74,74,190,164,317,313,309,152,220,41,94,118,155,289,122,203,343,344,268,244,339,294,312,56,105,,,94,75,,,214,195,270,272,306,318,285,291,169,269,270,147,80,73,234,202,99,191,133,348,238,309,53,,78,,,214,69,147,223,97,286,327,88,1,10,12,6,74,139,7,148,56,205,194,42,26,40,1,5,121,303,289,205,118,272,203,9,3,194,202,40,41,49,120,111,,,181,183,,,214,137,287,74,219,47,133,169,277,337,2,6,66,130,137,159,151,306,175,253,14,215,43,117,,190,,,b'\x11\xe8\xe1I\xcb$\x16\x94\xaf\x82\x12\xdf\x17\xaeN\x1e'
11E8E149-CB24-1694-AF82-12DF17AE4E1E,2020-ncaa-d0-natl,ncaa,333,344,87,341,122,323,346,248,351,323,203,350,299,248,339,240,65,17,315,22,20,210,158,351,348,346,98,255,3,254,330,325,346,327,351,346,327,300,291,348,209,254,245,302,,,209,126,,,347,110,126,133,343,350,312,341,233,309,258,74,22,26,252,182,272,342,346,351,290,227,252,,186,,,345,319,339,236,348,351,335,347,17,20,63,4,204,274,17,269,142,254,288,329,317,292,2,2,104,334,346,349,330,348,351,193,22,78,115,108,119,95,283,283,,,57,64,,,347,230,349,312,346,307,336,219,350,340,8,14,190,256,249,245,288,329,347,347,175,83,94,272,,79,,,b'\x11\xe8\xe1I\xcb$\x16\x94\xaf\x82\x12\xdf\x17\xaeN\x1e'
11E8E149-CB24-1694-AF82-12DF17AE4E1E,2020-ncaa-d1-conf-MEAC,ncaa,11,11,3,11,6,10,11,10,11,11,8,11,5,8,6,6,4,7,2,7,7,10,11,11,11,9,1,4,1,11,11,11,11,11,11,11,5,5,8,9,10,10,7,9,,,2,2,,,11,8,9,5,10,11,10,11,9,5,8,4,7,7,10,11,11,11,11,11,6,10,7,,2,,,11,9,11,7,11,11,10,11,3,2,5,2,2,3,2,3,1,6,5,11,11,11,1,2,1,9,11,11,11,11,11,7,2,7,6,7,1,3,10,11,,,9,6,,,11,4,11,11,11,10,11,8,11,9,3,2,2,3,3,5,4,10,11,11,7,7,1,10,,9,,,b'\x11\xe8\xe1I\xcb$\x16\x94\xaf\x82\x12\xdf\x17\xaeN\x1e'
11E8E149-CB24-1694-AF82-12DF17AE4E1E,2020-ncaa-d1-natl,ncaa,341,344,128,344,184,341,350,296,351,336,241,350,306,260,342,240,81,25,317,32,19,252,207,351,348,347,93,253,3,280,332,338,347,345,351,351,329,290,294,349,232,261,255,304,,,176,134,,,347,146,129,126,343,350,316,342,239,310,262,76,20,25,258,190,276,344,346,351,292,233,256,,191,,,346,302,330,210,349,351,328,347,10,15,66,3,193,256,17,250,143,218,262,333,322,297,2,2,105,329,347,346,332,344,351,179,19,100,122,118,98,98,274,293,,,81,62,,,347,186,349,319,348,310,338,222,350,341,8,12,196,258,252,248,286,330,348,347,183,94,98,278,,81,,,b'\x11\xe8\xe1I\xcb$\x16\x94\xaf\x82\x12\xdf\x17\xaeN\x1e'
11E8E149-CB24-1694-AF82-12DF17AE4E1E,2021-ncaa-d0-natl,ncaa,329,104,332,327,332,335,335,334,339,337,335,340,332,330,269,161,335,335,319,335,251,334,332,340,341,343,100,95,202,333,326,333,340,334,342,332,94,35,343,340,335,321,247,58,,,11,36,,,325,332,84,224,342,342,335,339,286,263,250,327,303,299,340,206,324,310,335,321,342,303,26,,105,,,342,15,17,14,296,19,17,223,20,11,330,69,11,11,40,11,64,14,13,298,271,288,70,165,45,29,340,14,326,17,342,28,310,331,248,317,16,294,15,251,,,335,323,,,325,12,343,331,342,322,331,332,330,339,265,145,133,190,178,322,322,342,283,336,340,185,287,194,,321,,,b'\x11\xe8\xe1I\xcb$\x16\x94\xaf\x82\x12\xdf\x17\xaeN\x1e'
11E8E149-CB24-1694-AF82-12DF17AE4E1E,2021-ncaa-d1-conf-MEAC,ncaa,8,2,8,8,8,8,8,8,8,8,8,8,8,8,8,4,8,8,2,8,2,8,8,8,8,8,2,6,1,8,8,8,8,8,8,8,1,1,8,8,8,8,8,3,,,1,1,,,6,8,2,1,8,8,8,8,7,8,7,3,4,4,8,6,8,8,8,6,8,7,1,,2,,,8,1,1,1,8,1,1,8,1,1,8,1,1,1,8,1,1,1,1,8,8,8,2,8,1,1,8,1,8,1,8,1,8,8,8,8,1,7,1,1,,,8,7,,,6,1,8,8,8,8,8,8,8,8,8,5,7,3,3,8,8,8,1,8,8,8,7,1,,5,,,b'\x11\xe8\xe1I\xcb$\x16\x94\xaf\x82\x12\xdf\x17\xaeN\x1e'
11E8E149-CB24-1694-AF82-12DF17AE4E1E,2021-ncaa-d1-natl,ncaa,331,104,332,330,332,335,335,334,341,337,335,341,334,331,269,161,335,335,320,335,249,334,332,341,342,343,98,93,199,333,329,333,340,334,342,332,94,30,343,340,335,324,257,60,,,11,37,,,326,332,85,225,342,342,336,339,289,263,251,327,306,303,340,207,324,311,336,325,342,306,27,,106,,,342,15,15,14,298,18,16,229,18,11,333,69,11,11,42,11,65,14,13,298,275,296,68,161,43,27,340,13,329,17,342,23,310,331,257,320,16,298,15,257,,,335,323,,,326,12,343,332,342,323,332,332,332,339,268,144,140,190,180,326,322,342,284,337,340,189,289,196,,321,,,b'\x11\xe8\xe1I\xcb$\x16\x94\xaf\x82\x12\xdf\x17\xaeN\x1e'
11E8E149-CB24-1694-AF82-12DF17AE4E1E,2022-ncaa-d0-natl,ncaa,326,338,216,332,248,333,339,266,354,341,296,351,227,137,336,78,306,250,349,249,121,266,171,352,354,356,71,94,157,235,290,144,338,188,325,320,203,355,353,355,318,345,43,80,,,256,175,,,352,149,25,275,352,354,286,352,302,225,111,309,236,234,285,67,223,75,114,340,356,321,21,,293,,,351,262,269,281,144,311,313,144,67,100,55,30,285,313,49,310,199,299,256,101,102,182,47,18,250,350,338,289,290,340,325,189,88,253,318,253,351,354,202,290,,,229,253,,,352,214,355,259,350,313,315,349,340,353,78,121,308,326,325,352,346,355,335,353,230,239,354,230,,197,,,b'\x11\xe8\xe1I\xcb$\x16\x94\xaf\x82\x12\xdf\x17\xaeN\x1e'
11E8E149-CB24-1694-AF82-12DF17AE4E1E,2022-ncaa-d1-conf-MEAC,ncaa,6,6,5,6,6,7,7,7,7,8,8,7,2,2,5,1,8,8,6,8,7,7,7,7,8,7,1,1,8,7,6,4,4,6,5,5,1,8,7,6,7,7,1,2,,,3,4,,,7,6,3,3,7,7,7,8,8,1,1,8,8,8,7,7,7,2,4,5,8,7,1,,6,,,7,6,6,6,5,7,8,5,2,2,4,1,3,5,3,3,3,6,5,4,4,6,2,2,4,6,4,4,6,6,5,4,3,7,7,7,7,7,1,6,,,7,8,,,7,3,7,6,7,6,6,7,7,8,2,2,6,6,6,7,7,7,6,7,6,7,7,3,,7,,,b'\x11\xe8\xe1I\xcb$\x16\x94\xaf\x82\x12\xdf\x17\xaeN\x1e'
11E8E149-CB24-1694-AF82-12DF17AE4E1E,2022-ncaa-d1-natl,ncaa,336,336,270,340,296,348,349,311,355,352,320,352,245,155,340,80,314,277,348,273,118,309,224,352,354,356,69,95,151,263,297,186,341,229,330,336,210,354,353,355,335,347,48,83,,,230,183,,,353,197,28,275,353,354,296,353,310,228,116,309,241,239,295,75,235,78,130,347,356,325,21,,294,,,352,234,246,267,163,302,306,157,55,84,63,30,270,301,50,300,204,287,230,115,112,202,46,19,251,349,341,276,297,334,330,176,92,290,322,269,350,354,185,301,,,263,252,,,353,167,355,282,350,318,327,349,344,353,86,120,310,325,326,353,345,355,337,353,237,249,354,239,,194,,,b'\x11\xe8\xe1I\xcb$\x16\x94\xaf\x82\x12\xdf\x17\xaeN\x1e'
11E8E149-CB24-1694-AF82-12DF17AE4E1E,2023-ncaa-d0-natl,ncaa,352,356,164,353,222,357,354,325,358,338,309,342,335,233,358,143,303,225,354,234,120,321,255,360,360,360,217,246,86,267,287,283,361,294,358,343,236,353,358,358,242,267,336,348,,,46,28,,,360,245,247,291,359,359,352,352,318,338,230,324,225,238,351,276,272,313,321,351,352,237,344,,47,,,358,259,268,245,228,243,178,272,260,292,130,281,172,218,48,215,222,244,212,243,208,268,200,231,117,360,361,249,287,339,358,325,323,248,283,334,346,353,246,328,,,253,217,,,360,112,360,345,360,285,291,296,261,196,275,313,188,228,229,298,273,361,271,351,332,238,345,262,,254,,,b'\x11\xe8\xe1I\xcb$\x16\x94\xaf\x82\x12\xdf\x17\xaeN\x1e'
11E8E149-CB24-1694-AF82-12DF17AE4E1E,2023-ncaa-d1-conf-MEAC,ncaa,8,8,5,8,6,7,6,8,6,6,7,5,7,6,6,3,7,5,8,5,3,7,7,6,6,8,5,5,4,8,8,6,7,7,8,6,2,8,8,8,7,8,8,8,,,2,2,,,8,7,6,4,7,6,8,6,7,7,6,7,5,5,7,7,8,5,7,6,8,7,8,,2,,,8,6,7,5,7,7,5,7,5,3,7,4,4,3,4,3,3,4,4,7,7,8,3,4,2,5,7,4,8,5,8,6,6,8,8,7,8,8,7,8,,,5,2,,,8,3,8,8,8,7,8,7,7,6,6,3,5,4,4,7,4,7,5,6,7,8,8,7,,3,,,b'\x11\xe8\xe1I\xcb$\x16\x94\xaf\x82\x12\xdf\x17\xaeN\x1e'
11E8E149-CB24-1694-AF82-12DF17AE4E1E,2023-ncaa-d1-natl,ncaa,354,356,219,354,293,358,358,350,359,351,331,344,342,255,360,143,327,251,354,262,115,346,310,360,360,360,212,245,84,294,297,321,361,327,358,351,245,349,358,360,267,284,341,351,,,30,28,,,361,300,256,291,361,361,353,355,320,340,232,325,226,242,352,285,284,318,329,351,352,250,345,,48,,,359,233,247,211,247,219,135,286,247,279,139,282,157,195,48,192,224,215,157,256,223,290,200,232,116,360,361,219,297,330,358,318,324,285,293,339,342,353,237,331,,,278,209,,,361,54,360,347,361,300,301,299,273,197,281,313,198,230,233,303,268,361,275,354,333,252,346,270,,256,,,b'\x11\xe8\xe1I\xcb$\x16\x94\xaf\x82\x12\xdf\x17\xaeN\x1e'
11E8E149-CB24-1694-AF82-12DF17AE4E1E,2024-ncaa-d0-natl,ncaa,356,359,196,358,240,354,357,355,341,326,255,346,356,354,342,342,199,150,316,141,72,344,268,354,345,359,269,343,9,280,225,264,358,284,322,353,312,359,360,360,216,231,223,217,,,114,92,,,357,256,236,260,359,360,360,339,247,357,354,181,126,123,359,283,279,278,303,359,359,205,213,,139,,,355,229,220,223,193,138,154,175,309,291,278,298,168,176,117,169,191,216,185,227,215,260,303,318,132,355,358,61,225,249,322,287,298,239,258,304,351,358,176,237,,,202,113,,,357,103,359,329,357,269,268,288,177,174,336,323,186,198,192,281,258,358,84,284,307,226,353,195,,176,,,b'\x11\xe8\xe1I\xcb$\x16\x94\xaf\x82\x12\xdf\x17\xaeN\x1e'
11E8E149-CB24-1694-AF82-12DF17AE4E1E,2024-ncaa-d1-conf-MEAC,ncaa,8,8,5,8,6,8,8,8,8,8,7,8,8,8,8,8,5,5,6,5,3,8,6,8,8,8,6,8,1,8,8,5,8,7,8,8,7,8,8,8,8,7,6,5,,,2,2,,,8,6,2,5,8,8,8,8,7,8,8,5,3,3,8,6,8,6,8,8,8,7,6,,4,,,8,8,8,6,7,6,5,7,8,7,7,7,4,4,7,4,3,6,5,8,8,8,5,7,2,7,8,3,8,5,8,8,7,8,8,8,8,8,8,8,,,4,1,,,8,3,8,8,8,8,8,7,7,4,8,8,4,4,4,7,7,7,3,7,8,8,8,8,,2,,,b'\x11\xe8\xe1I\xcb$\x16\x94\xaf\x82\x12\xdf\x17\xaeN\x1e'
11E8E149-CB24-1694-AF82-12DF17AE4E1E,2024-ncaa-d1-natl,ncaa,360,361,254,360,303,359,361,359,349,347,289,352,358,359,347,342,218,182,318,172,71,357,319,357,352,361,267,345,7,308,236,303,361,321,333,362,319,360,362,362,252,246,241,228,,,87,101,,,359,310,241,261,362,362,362,345,254,359,356,183,132,126,361,289,291,290,319,362,361,226,220,,143,,,358,206,199,184,216,114,106,195,306,275,289,298,153,164,127,154,195,180,129,244,232,278,303,322,132,353,361,33,236,212,333,276,301,275,275,313,350,360,164,250,,,230,108,,,359,53,361,336,360,283,278,293,197,178,338,321,192,205,198,288,259,360,89,291,311,237,357,207,,175,,,b'\x11\xe8\xe1I\xcb$\x16\x94\xaf\x82\x12\xdf\x17\xaeN\x1e'
11E8E149-CB24-1694-AF82-12DF17AE4E1E,2025-ncaa-d0-natl,genius_ncaa,355,361,135,359,177,343,346,336,327,287,190,340,357,355,344,349,157,83,341,81,65,311,192,349,339,359,310,353,9,269,244,289,356,295,333,361,361,360,361,362,138,158,361,361,,,184,134,,204,361,162,182,269,359,360,361,309,206,358,356,165,74,73,357,245,287,334,339,362,358,138,362,,174,,202,359,307,282,235,289,264,191,299,284,274,246,248,278,292,138,285,268,251,243,300,300,284,234,229,209,348,356,123,244,252,333,274,203,133,170,214,361,360,209,230,,,121,55,,134,361,205,360,327,360,305,293,230,264,158,292,273,273,286,282,256,282,347,98,248,274,142,359,204,,99,,147,b'\x11\xe8\xe1I\xcb$\x16\x94\xaf\x82\x12\xdf\x17\xaeN\x1e'
11E8E149-CB24-1694-AF82-12DF17AE4E1E,2025-ncaa-d1-conf-MEAC,genius_ncaa,7,7,5,7,6,8,8,8,7,7,7,7,8,8,6,7,7,7,5,7,6,8,8,7,7,8,7,6,3,8,7,6,5,8,7,8,8,6,8,8,8,7,8,8,,,4,6,,7,8,8,7,3,8,8,8,7,6,8,8,7,6,6,8,8,8,6,8,8,7,8,8,,5,,7,8,7,7,3,7,5,2,8,7,7,5,7,5,5,7,5,6,5,2,7,7,7,6,5,4,5,5,2,7,3,7,7,8,8,8,8,7,8,5,6,,,5,3,,4,8,1,8,7,8,7,7,6,6,4,7,8,6,6,6,6,6,6,2,6,7,8,7,6,,5,,4,b'\x11\xe8\xe1I\xcb$\x16\x94\xaf\x82\x12\xdf\x17\xaeN\x1e'
11E8E149-CB24-1694-AF82-12DF17AE4E1E,2025-ncaa-d1-natl,genius_ncaa,359,361,172,361,226,349,355,351,337,306,220,347,358,357,345,349,181,103,339,98,60,334,248,352,344,361,309,353,7,296,257,314,357,318,340,362,361,360,361,362,159,175,361,361,,,162,139,,191,362,209,187,269,360,361,361,318,211,358,357,165,81,80,357,260,295,337,341,362,358,149,362,,180,,208,361,289,268,205,301,248,154,313,273,253,254,245,259,280,146,273,271,215,217,313,310,303,231,228,203,347,357,89,257,223,340,261,206,168,177,223,361,360,200,239,,,141,52,,141,362,161,361,335,362,310,299,233,270,162,290,276,275,290,284,258,280,352,100,254,280,155,359,211,,96,,142,b'\x11\xe8\xe1I\xcb$\x16\x94\xaf\x82\x12\xdf\x17\xaeN\x1e'
11E8E149-CB24-1694-AF82-12DF17AE4E1E,2026-ncaa-d0-natl,genius_ncaa,295,329,116,321,119,232,203,152,306,183,137,295,229,180,300,203,290,293,204,283,341,170,166,314,322,313,270,191,285,176,242,273,322,248,328,246,307,257,238,284,155,172,295,310,,,286,307,,245,317,158,228,32,301,262,161,227,137,254,211,331,330,327,208,188,215,351,338,308,233,168,322,,298,,232,303,276,230,165,297,228,129,324,242,242,182,224,332,344,133,344,357,195,205,294,306,281,260,152,320,255,322,260,242,264,328,196,116,136,146,142,165,139,38,27,,,248,318,,57,317,193,314,284,306,269,225,91,208,52,211,230,318,337,339,175,198,232,257,271,153,135,131,23,,309,,70,b'\x11\xe8\xe1I\xcb$\x16\x94\xaf\x82\x12\xdf\x17\xaeN\x1e'
11E8E149-CB24-1694-AF82-12DF17AE4E1E,2026-ncaa-d1-natl,genius_ncaa,256,327,13,300,17,112,78,25,235,81,40,206,110,52,274,136,266,216,326,212,340,40,30,242,284,260,274,154,340,53,163,230,323,148,299,101,231,320,189,215,23,39,314,333,,,349,271,,226,225,30,108,46,222,166,65,147,124,179,115,339,319,319,111,96,130,353,320,186,223,42,344,,285,,157,223,318,288,256,249,284,213,301,256,293,115,209,347,353,111,353,349,301,337,248,261,161,237,136,319,312,323,321,163,323,299,228,93,13,38,44,200,90,40,15,,,179,346,,45,225,334,254,168,222,211,155,63,160,51,146,192,307,327,333,130,265,227,213,225,100,36,109,19,,318,,95,b'\x11\xe8\xe1I\xcb$\x16\x94\xaf\x82\x12\xdf\x17\xaeN\x1e'
11E8E149-CB28-7964-AF82-12DF17AE4E1E,2010-ncaa-d0-natl,ncaa,242,174,322,229,328,309,312,343,139,336,344,92,86,104,90,9,327,327,262,326,41,344,345,59,81,109,15,13,275,342,342,264,27,338,235,282,134,9,207,163,344,334,292,220,,,83,329,,,179,342,338,164,277,288,336,332,341,36,38,310,305,304,336,341,339,128,316,241,62,341,267,,231,,,181,4,2,2,66,2,2,141,47,114,20,275,176,167,184,169,334,3,1,82,119,221,305,187,327,3,27,28,342,6,235,2,66,345,329,221,2,42,7,132,,,325,59,,,179,2,181,193,194,54,20,19,25,13,115,227,284,274,280,42,4,22,174,79,18,339,12,17,,265,,,b'\x11\xe8\xe1I\xcb(yd\xaf\x82\x12\xdf\x17\xaeN\x1e'
11E8E149-CB28-7964-AF82-12DF17AE4E1E,2010-ncaa-d1-natl,ncaa,166,174,134,177,167,241,242,316,78,318,341,40,40,49,76,9,315,313,265,312,60,318,332,35,47,83,24,15,316,338,341,148,13,290,208,185,99,51,207,117,334,318,248,205,,,180,320,,,144,312,339,214,270,270,336,321,341,35,39,319,320,317,337,341,339,137,320,185,55,335,252,,179,,,143,38,17,31,70,20,14,161,105,209,16,279,249,245,208,254,329,48,15,87,124,203,297,180,322,11,13,123,341,39,208,16,85,337,309,203,7,41,9,79,,,263,70,,,144,28,147,160,152,35,20,13,23,10,100,212,254,246,254,24,4,12,129,35,16,337,12,9,,284,,,b'\x11\xe8\xe1I\xcb(yd\xaf\x82\x12\xdf\x17\xaeN\x1e'
11E8E149-CB28-7964-AF82-12DF17AE4E1E,2011-ncaa-d0-natl,ncaa,137,83,242,121,264,236,251,294,164,289,318,155,105,123,107,56,183,188,179,186,33,285,312,124,124,105,42,57,131,290,273,137,41,221,122,157,25,16,92,55,325,306,25,9,,,30,98,,,101,308,309,166,197,243,278,282,311,78,77,144,147,143,268,313,275,46,154,114,40,325,12,,46,,,95,19,22,77,27,27,76,32,99,138,82,210,56,43,267,42,79,48,28,34,36,111,198,216,161,54,41,104,273,63,122,53,208,327,304,260,35,114,153,282,,,243,93,,,101,30,120,105,99,53,49,141,57,131,128,174,93,71,67,110,28,88,168,133,96,328,66,200,,198,,,b'\x11\xe8\xe1I\xcb(yd\xaf\x82\x12\xdf\x17\xaeN\x1e'
11E8E149-CB28-7964-AF82-12DF17AE4E1E,2011-ncaa-d1-natl,ncaa,90,82,95,95,113,144,171,185,144,223,273,126,63,63,104,50,149,150,203,147,49,179,226,105,111,76,48,55,177,239,270,42,27,103,91,74,26,29,54,32,294,295,12,6,,,51,72,,,68,218,307,188,170,205,253,263,303,65,69,174,168,160,250,311,271,29,114,77,29,306,7,,37,,,64,41,58,203,18,52,177,18,162,208,82,229,71,52,273,51,50,159,98,20,17,74,216,242,129,101,27,227,270,174,91,95,207,298,295,237,66,90,195,262,,,188,122,,,68,108,94,66,66,33,43,147,38,127,143,193,64,41,41,102,28,75,183,132,85,325,56,184,,229,,,b'\x11\xe8\xe1I\xcb(yd\xaf\x82\x12\xdf\x17\xaeN\x1e'
11E8E149-CB28-7964-AF82-12DF17AE4E1E,2012-ncaa-d0-natl,ncaa,73,27,240,44,251,220,261,295,159,300,329,79,83,72,180,20,161,246,10,243,40,295,331,104,65,31,25,44,101,340,341,136,69,293,297,177,48,2,13,17,328,311,2,2,,,9,29,,,71,316,315,91,185,239,290,303,327,62,35,122,223,223,286,334,341,44,285,131,3,322,2,,13,,,68,14,17,91,12,24,123,7,77,87,103,145,31,17,315,16,27,56,25,11,10,54,174,204,124,86,69,220,341,158,297,20,113,331,320,218,4,44,6,80,,,242,22,,,71,24,98,60,68,30,33,172,43,211,113,123,48,31,33,122,35,133,296,247,49,327,10,17,,187,,,b'\x11\xe8\xe1I\xcb(yd\xaf\x82\x12\xdf\x17\xaeN\x1e'
11E8E149-CB28-7964-AF82-12DF17AE4E1E,2012-ncaa-d1-natl,ncaa,50,27,137,36,153,160,191,241,111,257,314,50,64,49,167,24,147,240,11,241,68,244,322,70,50,26,38,49,145,339,341,86,59,262,278,108,44,1,4,9,288,275,2,2,,,8,19,,,41,280,314,109,158,198,267,275,325,59,36,145,245,245,273,333,340,55,284,95,1,295,2,,11,,,34,11,19,141,7,22,160,4,90,127,81,164,27,17,321,18,20,97,55,10,7,31,180,220,120,110,59,271,341,195,278,24,119,299,273,156,5,30,3,50,,,215,43,,,41,49,68,33,35,11,19,131,21,174,105,127,38,21,24,86,30,121,277,223,36,305,7,11,,223,,,b'\x11\xe8\xe1I\xcb(yd\xaf\x82\x12\xdf\x17\xaeN\x1e'
11E8E149-CB28-7964-AF82-12DF17AE4E1E,2013-ncaa-d0-natl,ncaa,128,166,41,155,76,110,97,97,102,87,112,95,153,130,202,159,148,165,106,163,217,110,124,123,123,99,217,188,218,134,142,30,20,46,32,53,47,108,86,44,245,273,154,178,,,203,182,,,106,127,249,332,155,136,191,131,193,187,173,207,235,236,205,262,207,37,82,61,58,290,189,,132,,,108,210,196,271,60,171,223,94,221,280,60,256,225,184,296,177,145,269,214,69,75,177,231,221,204,80,20,185,142,137,32,160,137,270,320,252,97,75,223,178,,,154,217,,,106,238,103,124,101,96,91,161,87,116,171,239,157,129,122,146,64,33,81,48,100,322,65,180,,251,,,b'\x11\xe8\xe1I\xcb(yd\xaf\x82\x12\xdf\x17\xaeN\x1e'
11E8E149-CB28-7964-AF82-12DF17AE4E1E,2013-ncaa-d1-conf-Summit League,ncaa,3,3,1,3,1,2,2,2,2,1,1,3,4,5,4,6,6,5,6,5,6,2,3,3,3,3,9,7,8,3,3,2,3,2,3,2,3,6,3,1,3,6,2,5,,,6,5,,,2,2,7,3,3,2,5,1,3,5,7,7,7,7,5,6,4,2,3,2,3,7,3,,5,,,2,4,5,9,1,5,9,1,2,7,2,4,7,6,8,6,5,9,8,1,1,4,5,2,8,8,3,5,3,6,3,4,4,4,7,3,3,2,8,3,,,4,6,,,2,8,3,4,2,3,3,6,4,6,2,4,5,5,5,6,5,5,2,3,3,7,2,6,,6,,,b'\x11\xe8\xe1I\xcb(yd\xaf\x82\x12\xdf\x17\xaeN\x1e'
11E8E149-CB28-7964-AF82-12DF17AE4E1E,2013-ncaa-d1-natl,ncaa,107,165,17,143,25,56,47,46,88,42,53,67,131,101,207,171,113,135,106,131,233,55,59,106,111,82,236,202,234,84,123,9,15,17,25,23,46,137,69,33,185,242,132,177,,,240,144,,,70,58,227,331,128,102,163,90,160,193,175,201,231,230,176,247,180,27,62,49,54,258,196,,114,,,74,245,226,310,43,213,283,66,242,299,54,251,228,210,250,204,130,305,284,49,54,113,223,227,183,127,15,256,123,209,25,190,140,213,294,220,126,67,275,199,,,120,236,,,70,298,82,85,66,77,78,161,82,119,165,229,121,104,102,141,70,31,81,45,92,303,65,212,,259,,,b'\x11\xe8\xe1I\xcb(yd\xaf\x82\x12\xdf\x17\xaeN\x1e'
11E8E149-CB28-7964-AF82-12DF17AE4E1E,2014-ncaa-d0-natl,ncaa,129,125,131,135,142,76,107,147,80,113,165,86,133,150,91,182,21,39,23,39,34,112,139,85,49,38,106,185,22,153,113,139,67,136,75,127,181,93,75,90,210,221,215,238,,,289,301,,,156,134,120,116,42,84,146,120,169,131,156,8,25,24,85,136,161,136,144,121,88,216,224,,294,,,156,314,304,245,280,282,207,289,280,255,242,229,270,213,335,205,194,250,194,294,302,332,206,206,187,79,67,96,113,72,75,153,28,311,330,286,78,78,315,308,,,97,89,,,156,223,36,317,152,308,302,275,275,220,278,264,267,211,207,282,184,73,87,63,153,323,86,322,,81,,,b'\x11\xe8\xe1I\xcb(yd\xaf\x82\x12\xdf\x17\xaeN\x1e'
11E8E149-CB28-7964-AF82-12DF17AE4E1E,2014-ncaa-d1-conf-Summit League,ncaa,3,3,1,3,1,1,1,1,4,1,1,6,3,5,3,7,1,1,3,1,3,1,1,5,4,2,4,5,2,1,2,2,3,1,3,2,4,3,2,2,4,6,7,8,,,8,7,,,3,1,4,4,1,2,2,2,3,4,6,1,2,1,1,1,1,3,2,2,2,6,7,,7,,,3,8,7,7,5,8,8,6,5,7,5,4,8,8,4,7,4,8,8,5,5,8,3,5,4,6,3,7,2,6,3,4,1,7,7,7,2,2,8,8,,,2,6,,,3,8,2,7,4,6,6,6,6,7,5,4,6,5,5,8,4,4,3,3,3,7,2,8,,6,,,b'\x11\xe8\xe1I\xcb(yd\xaf\x82\x12\xdf\x17\xaeN\x1e'
11E8E149-CB28-7964-AF82-12DF17AE4E1E,2014-ncaa-d1-natl,ncaa,111,125,59,127,72,41,77,89,86,82,115,85,114,123,116,177,14,21,22,21,35,59,79,91,53,39,107,185,26,131,130,71,53,87,71,102,186,129,67,92,168,208,199,240,,,308,285,,,133,73,116,138,42,89,139,120,168,131,148,8,26,25,83,132,165,107,136,124,81,205,229,,270,,,134,331,326,305,264,303,267,280,290,290,207,233,279,247,326,240,185,303,265,277,289,324,207,209,180,107,53,174,130,152,71,190,37,269,322,269,91,59,342,328,,,62,97,,,133,280,39,305,135,299,285,269,260,213,270,265,243,199,196,271,185,64,106,69,149,312,73,334,,88,,,b'\x11\xe8\xe1I\xcb(yd\xaf\x82\x12\xdf\x17\xaeN\x1e'
11E8E149-CB28-7964-AF82-12DF17AE4E1E,2014-ncaa-d1-ncaatournament,ncaa,33,2,33,33,34,41,39,53,21,42,49,18,42,48,20,24,52,56,29,56,57,56,56,17,21,19,35,21,55,53,50,42,44,47,43,35,26,16,38,25,54,50,47,47,,,11,27,,,50,53,53,3,35,28,49,36,42,23,29,50,55,55,54,55,53,37,47,17,24,49,43,,21,,,51,19,24,31,48,19,11,55,35,40,43,60,1,1,2,1,3,22,12,52,44,56,29,60,1,24,44,4,50,6,43,34,55,64,63,64,5,7,14,38,,,51,31,,,50,8,30,58,53,50,56,61,49,23,58,64,1,1,1,48,25,49,26,31,62,63,5,31,,45,,,b'\x11\xe8\xe1I\xcb(yd\xaf\x82\x12\xdf\x17\xaeN\x1e'
11E8E149-CB28-7964-AF82-12DF17AE4E1E,2015-ncaa-d0-natl,ncaa,32,27,48,31,73,19,34,45,33,37,58,43,89,111,61,188,10,26,19,25,67,39,50,40,20,16,149,192,66,85,120,46,18,56,37,36,142,129,41,45,109,145,288,315,,,318,271,,,48,39,44,283,15,26,69,37,97,112,142,10,28,26,39,79,140,76,94,38,76,139,312,,269,,,48,327,302,298,215,285,272,215,278,276,206,198,330,310,343,312,256,306,294,221,257,283,258,184,277,64,18,204,120,149,37,190,71,157,245,182,67,30,288,219,,,46,140,,,48,315,17,220,48,276,231,211,210,180,231,226,304,263,270,249,200,23,94,45,115,234,37,254,,79,,,b'\x11\xe8\xe1I\xcb(yd\xaf\x82\x12\xdf\x17\xaeN\x1e'
11E8E149-CB28-7964-AF82-12DF17AE4E1E,2015-ncaa-d1-conf-Summit League,ncaa,1,1,1,1,1,1,1,1,3,1,2,1,2,3,6,5,1,1,8,1,2,1,1,2,2,2,4,7,3,1,2,3,3,2,3,1,1,7,2,2,3,3,8,9,,,8,8,,,2,1,2,1,1,1,2,1,5,4,4,1,1,1,1,1,1,6,4,1,3,3,9,,8,,,2,9,9,8,8,8,7,8,7,8,6,3,8,8,7,8,8,9,9,7,7,7,7,4,8,3,3,7,2,6,3,8,2,3,4,2,1,1,7,5,,,1,4,,,2,9,2,6,2,6,6,4,8,4,5,6,8,8,8,4,6,2,4,3,3,3,1,6,,2,,,b'\x11\xe8\xe1I\xcb(yd\xaf\x82\x12\xdf\x17\xaeN\x1e'
11E8E149-CB28-7964-AF82-12DF17AE4E1E,2015-ncaa-d1-natl,ncaa,27,27,30,29,50,16,22,35,25,30,53,36,71,97,58,176,9,21,19,20,79,30,37,32,16,14,147,187,85,79,113,35,15,40,32,25,127,131,40,32,103,146,285,309,,,319,265,,,38,26,40,285,12,22,53,34,101,102,133,12,34,35,35,79,146,65,86,27,72,143,308,,264,,,40,333,308,309,206,286,276,215,295,300,189,221,329,312,340,312,255,320,314,214,250,273,267,198,275,67,15,214,113,156,32,195,74,147,241,183,66,26,297,216,,,39,154,,,38,325,13,219,40,275,234,217,200,174,239,239,300,260,264,256,213,21,90,42,116,231,35,252,,91,,,b'\x11\xe8\xe1I\xcb(yd\xaf\x82\x12\xdf\x17\xaeN\x1e'
11E8E149-CB28-7964-AF82-12DF17AE4E1E,2016-ncaa-d0-natl,ncaa,7,17,5,16,5,6,7,8,24,18,20,34,9,19,8,108,20,23,103,22,141,8,6,12,13,10,106,67,266,18,49,6,1,6,8,5,36,246,38,10,18,58,248,278,,,340,247,,,14,6,115,45,12,14,45,56,140,17,67,100,126,127,45,86,97,30,33,9,56,72,291,,220,,,19,343,331,334,193,302,294,197,341,336,261,287,319,300,314,300,220,341,340,235,239,228,291,287,194,6,1,286,49,144,8,223,36,48,151,91,170,31,348,327,,,22,241,,,14,347,7,113,17,190,155,115,99,61,270,260,197,156,156,116,102,1,51,8,64,185,44,336,,191,,,b'\x11\xe8\xe1I\xcb(yd\xaf\x82\x12\xdf\x17\xaeN\x1e'
11E8E149-CB28-7964-AF82-12DF17AE4E1E,2016-ncaa-d1-conf-Summit League,ncaa,1,1,1,1,1,1,1,2,1,1,1,1,2,3,1,5,1,1,5,1,3,1,1,1,1,1,5,5,6,1,1,2,1,1,1,1,1,6,3,1,1,1,8,7,,,8,8,,,1,1,3,4,1,1,3,1,3,3,3,3,2,2,2,1,1,3,1,1,3,1,8,,8,,,1,5,4,6,3,3,3,3,9,8,7,8,8,8,3,8,8,6,8,5,5,4,9,8,8,1,1,3,1,1,1,3,2,1,2,2,4,2,8,7,,,1,7,,,1,9,1,2,1,4,3,1,2,1,6,7,7,7,7,1,2,1,1,1,2,2,2,8,,5,,,b'\x11\xe8\xe1I\xcb(yd\xaf\x82\x12\xdf\x17\xaeN\x1e'
11E8E149-CB28-7964-AF82-12DF17AE4E1E,2016-ncaa-d1-natl,ncaa,6,17,2,16,2,2,5,6,23,12,16,31,9,17,8,107,21,23,105,20,142,4,4,10,12,10,106,73,269,17,52,6,1,5,8,4,39,245,36,11,11,52,253,277,,,342,253,,,12,3,104,46,12,14,43,57,140,18,68,100,130,130,44,87,105,34,37,9,55,63,293,,225,,,18,341,333,336,200,305,303,200,340,336,257,286,324,307,325,308,223,341,340,228,247,224,295,281,204,6,1,299,52,155,8,241,49,40,140,94,181,29,348,323,,,23,245,,,12,348,7,120,13,190,155,111,100,59,266,254,202,157,161,116,111,1,55,8,70,170,49,335,,197,,,b'\x11\xe8\xe1I\xcb(yd\xaf\x82\x12\xdf\x17\xaeN\x1e'
11E8E149-CB28-7964-AF82-12DF17AE4E1E,2017-ncaa-d0-natl,ncaa,79,39,168,57,199,88,106,271,10,188,329,7,31,82,10,35,118,226,1,214,41,271,290,5,4,6,32,37,210,322,206,157,9,260,31,120,173,72,158,82,258,213,245,202,,,184,299,,,54,264,293,193,42,68,301,184,335,20,65,105,236,223,296,320,326,143,276,103,84,259,244,,203,,,50,126,100,76,186,28,19,186,307,280,295,331,141,115,300,114,254,69,38,262,273,308,337,335,175,6,9,5,206,4,31,116,192,321,285,281,13,56,114,251,,,232,120,,,54,80,15,250,49,156,109,66,36,19,315,303,158,122,123,58,18,6,5,2,130,329,28,126,,242,,,b'\x11\xe8\xe1I\xcb(yd\xaf\x82\x12\xdf\x17\xaeN\x1e'
11E8E149-CB28-7964-AF82-12DF17AE4E1E,2017-ncaa-d1-conf-Summit League,ncaa,4,4,5,4,6,5,5,8,1,9,9,1,4,4,2,3,3,5,1,5,2,8,8,1,1,2,3,4,5,8,1,5,2,5,1,5,5,4,7,4,6,4,3,2,,,8,8,,,3,8,7,5,3,4,8,8,9,3,3,3,4,4,8,8,8,3,4,4,6,4,3,,8,,,3,1,1,3,2,1,1,3,5,5,3,9,2,4,4,3,7,3,2,3,3,4,7,7,8,2,2,1,1,1,1,2,2,8,6,5,1,2,5,5,,,5,4,,,3,2,2,4,3,3,3,4,1,1,6,7,5,4,4,4,3,3,1,1,2,7,1,5,,6,,,b'\x11\xe8\xe1I\xcb(yd\xaf\x82\x12\xdf\x17\xaeN\x1e'
11E8E149-CB28-7964-AF82-12DF17AE4E1E,2017-ncaa-d1-natl,ncaa,54,39,98,55,122,55,74,217,11,153,316,6,21,56,10,31,93,208,1,198,47,226,247,5,4,7,32,37,226,291,172,129,8,212,20,97,191,94,145,80,224,192,232,195,,,217,291,,,44,213,290,216,39,58,293,178,334,18,55,103,233,226,286,315,311,155,266,102,74,233,243,,186,,,42,183,141,129,188,41,24,188,322,309,299,333,167,145,280,145,255,124,67,272,278,310,339,336,163,10,8,3,172,3,20,170,208,302,268,277,18,41,156,266,,,200,134,,,44,132,10,246,42,146,108,60,29,17,317,305,142,118,121,56,17,6,4,2,146,324,24,155,,246,,,b'\x11\xe8\xe1I\xcb(yd\xaf\x82\x12\xdf\x17\xaeN\x1e'
11E8E149-CB28-7964-AF82-12DF17AE4E1E,2018-ncaa-d0-natl,ncaa,22,16,43,20,62,41,47,119,18,125,282,11,22,27,38,22,101,193,4,192,80,123,163,12,10,10,38,37,251,309,299,177,36,259,173,74,175,46,53,39,46,38,324,320,,,270,278,,,33,107,281,241,48,62,233,191,329,19,33,142,251,251,250,322,331,303,339,92,30,62,333,,192,,,34,195,175,126,251,112,53,272,280,263,252,304,198,204,168,198,277,131,186,291,287,194,296,290,200,16,36,149,299,78,173,119,88,65,51,58,34,45,135,202,,,104,79,,,33,241,21,123,30,81,67,13,39,8,230,195,143,138,137,16,24,7,56,19,65,104,22,84,,190,,,b'\x11\xe8\xe1I\xcb(yd\xaf\x82\x12\xdf\x17\xaeN\x1e'
11E8E149-CB28-7964-AF82-12DF17AE4E1E,2018-ncaa-d1-conf-Summit League,ncaa,1,1,1,1,1,2,2,3,2,3,5,1,2,2,3,2,3,4,1,4,4,4,4,1,1,2,4,2,6,6,4,4,3,5,3,2,5,2,3,3,2,2,8,8,,,7,6,,,2,3,7,2,3,3,6,3,7,2,2,4,4,4,6,8,7,6,7,3,1,2,8,,6,,,2,1,1,1,3,3,1,4,1,4,2,5,2,4,2,4,7,1,6,3,3,3,3,4,4,2,3,2,4,2,3,3,5,2,1,1,1,1,2,4,,,4,2,,,2,6,2,2,2,1,1,1,2,1,1,2,2,3,3,1,1,1,2,2,3,2,1,2,,4,,,b'\x11\xe8\xe1I\xcb(yd\xaf\x82\x12\xdf\x17\xaeN\x1e'
11E8E149-CB28-7964-AF82-12DF17AE4E1E,2018-ncaa-d1-natl,ncaa,11,16,9,15,13,24,26,51,17,81,227,9,8,11,23,21,73,170,4,169,117,55,68,7,5,7,37,31,278,271,282,99,22,179,145,38,177,73,47,31,20,22,309,301,,,298,253,,,12,40,283,256,43,48,216,176,329,14,27,165,274,274,248,321,329,285,336,81,25,49,328,,161,,,17,262,223,206,210,144,90,253,304,310,215,311,220,229,139,230,272,227,285,252,244,135,297,295,187,29,22,210,282,126,145,153,86,33,33,42,57,38,138,174,,,68,121,,,12,310,16,77,13,57,44,13,24,7,208,198,112,114,118,13,23,6,49,15,50,87,22,64,,218,,,b'\x11\xe8\xe1I\xcb(yd\xaf\x82\x12\xdf\x17\xaeN\x1e'
11E8E149-CB28-7964-AF82-12DF17AE4E1E,2019-ncaa-d0-natl,ncaa,18,13,80,17,83,38,49,102,22,76,172,24,44,67,54,93,25,78,3,78,67,91,115,24,18,14,81,116,109,183,135,101,5,123,27,81,197,58,54,54,85,79,101,48,,,288,306,,,15,103,194,60,22,43,136,89,241,55,80,22,102,111,123,202,224,142,179,83,48,111,119,,263,,,10,135,77,117,92,18,29,88,308,291,261,325,248,210,319,211,298,122,194,162,206,108,348,332,271,7,5,83,135,31,27,79,139,52,38,32,42,34,127,123,,,16,9,,,15,254,14,45,10,72,25,30,14,6,295,278,218,170,169,30,70,3,37,6,54,64,34,100,,15,,,b'\x11\xe8\xe1I\xcb(yd\xaf\x82\x12\xdf\x17\xaeN\x1e'
11E8E149-CB28-7964-AF82-12DF17AE4E1E,2019-ncaa-d1-conf-Summit League,ncaa,2,2,1,2,1,2,2,2,2,2,3,2,4,5,3,7,1,3,1,3,4,2,3,2,2,2,6,5,4,3,3,2,2,3,2,2,4,4,2,2,2,2,2,1,,,6,7,,,2,2,5,1,2,2,6,2,4,5,5,2,5,5,5,5,6,3,4,3,2,4,3,,6,,,2,3,1,5,2,1,1,2,6,7,3,7,6,6,8,6,6,4,6,2,2,2,9,7,6,1,2,5,3,1,2,2,6,1,1,1,1,1,1,2,,,1,1,,,2,9,2,2,2,2,1,1,1,1,5,6,6,5,5,1,2,1,2,1,2,1,1,1,,2,,,b'\x11\xe8\xe1I\xcb(yd\xaf\x82\x12\xdf\x17\xaeN\x1e'
11E8E149-CB28-7964-AF82-12DF17AE4E1E,2019-ncaa-d1-natl,ncaa,14,13,40,15,41,24,32,61,23,50,137,24,36,54,49,91,21,64,3,64,77,54,67,24,16,16,84,113,136,143,123,75,4,83,25,51,173,89,47,40,49,45,79,39,,,307,295,,,9,54,177,68,21,35,116,80,230,51,70,26,111,112,106,189,211,146,176,71,44,64,109,,254,,,9,174,93,150,90,21,36,89,318,311,252,327,268,232,320,236,301,164,248,163,207,95,348,331,270,6,4,106,123,33,25,104,149,34,29,28,52,35,125,105,,,7,14,,,9,300,13,40,9,62,23,24,8,4,291,275,208,163,171,23,75,3,36,6,55,54,36,86,,19,,,b'\x11\xe8\xe1I\xcb(yd\xaf\x82\x12\xdf\x17\xaeN\x1e'
11E8E149-CB28-7964-AF82-12DF17AE4E1E,2019-ncaa-d1-ncaatournament,ncaa,33,2,33,33,36,42,41,48,30,44,56,1,37,30,57,6,56,57,43,57,42,50,46,25,32,41,34,20,56,38,17,36,16,36,13,34,5,25,53,31,54,49,44,50,,,6,8,,,44,51,25,7,38,27,30,35,56,14,4,55,54,57,42,26,16,18,19,5,53,45,38,,9,,,47,17,19,23,43,16,21,38,23,22,49,41,6,8,15,8,15,22,14,45,38,49,32,48,11,8,16,4,17,4,13,3,2,56,41,23,24,54,2,6,,,48,46,,,44,19,37,43,41,47,49,44,40,40,50,41,12,16,16,40,29,12,17,12,6,41,52,2,,36,,,b'\x11\xe8\xe1I\xcb(yd\xaf\x82\x12\xdf\x17\xaeN\x1e'
11E8E149-CB28-7964-AF82-12DF17AE4E1E,2020-ncaa-d0-natl,ncaa,3,3,33,4,53,8,10,35,8,16,97,10,22,82,8,138,31,63,42,56,132,28,87,7,6,3,144,128,236,147,79,63,26,82,26,22,169,21,11,8,51,44,58,30,,,207,185,,,6,78,187,138,8,8,67,17,144,38,103,53,107,99,59,173,190,115,135,23,12,69,68,,152,,,6,58,44,146,28,27,67,62,184,293,28,315,143,116,269,112,204,130,209,39,40,21,291,266,241,40,26,41,79,29,26,54,123,36,38,18,68,44,72,43,,,7,9,,,6,263,2,12,5,21,16,49,12,18,145,257,114,87,89,37,94,21,17,9,32,60,46,48,,18,,,b'\x11\xe8\xe1I\xcb(yd\xaf\x82\x12\xdf\x17\xaeN\x1e'
11E8E149-CB28-7964-AF82-12DF17AE4E1E,2020-ncaa-d1-conf-Summit League,ncaa,1,1,1,1,1,1,1,1,1,1,1,1,1,2,1,7,4,4,4,4,5,1,2,1,1,1,7,6,7,2,1,2,2,1,1,2,2,1,1,1,1,1,2,2,,,4,3,,,1,2,6,6,1,1,3,1,2,3,5,6,6,6,3,5,3,3,3,2,1,1,2,,2,,,1,1,1,3,1,1,1,1,1,4,1,7,1,1,2,1,3,2,4,1,1,1,7,6,6,1,2,1,1,1,1,1,5,1,1,1,2,2,2,1,,,2,2,,,1,8,1,1,1,1,1,1,1,1,1,4,1,1,1,1,1,1,1,1,1,1,2,2,,2,,,b'\x11\xe8\xe1I\xcb(yd\xaf\x82\x12\xdf\x17\xaeN\x1e'
11E8E149-CB28-7964-AF82-12DF17AE4E1E,2020-ncaa-d1-natl,ncaa,3,3,12,4,19,7,8,27,6,12,75,7,22,77,7,139,29,63,39,58,141,22,66,7,5,2,148,127,253,146,85,62,20,76,24,17,155,26,11,7,28,36,51,24,,,203,178,,,6,47,178,150,8,8,70,14,146,36,104,59,111,103,61,180,200,131,156,20,12,45,63,,137,,,6,59,39,146,30,28,54,68,198,297,33,314,143,118,264,115,210,127,238,44,50,17,297,274,231,34,20,42,85,26,24,59,124,27,31,15,60,41,58,39,,,3,8,,,6,301,2,10,4,19,13,37,12,13,147,251,104,87,84,29,91,14,16,7,33,47,38,43,,17,,,b'\x11\xe8\xe1I\xcb(yd\xaf\x82\x12\xdf\x17\xaeN\x1e'
11E8E149-CB28-7964-AF82-12DF17AE4E1E,2021-ncaa-d0-natl,ncaa,36,43,89,35,125,58,65,97,45,59,91,46,87,100,89,172,53,63,90,59,100,88,132,53,44,18,164,185,147,119,149,96,22,106,58,82,223,54,12,21,101,101,94,75,,,255,285,,,15,133,216,224,37,49,106,65,146,107,135,54,75,65,86,224,184,138,152,114,7,138,127,,220,,,18,168,138,170,75,94,136,34,295,244,327,287,208,216,137,216,270,172,199,148,153,106,333,328,217,87,22,199,149,155,58,104,66,77,79,36,80,34,63,23,,,47,14,,,15,210,16,71,17,64,34,41,7,24,288,207,145,167,165,43,47,13,108,41,27,110,26,23,,34,,,b'\x11\xe8\xe1I\xcb(yd\xaf\x82\x12\xdf\x17\xaeN\x1e'
11E8E149-CB28-7964-AF82-12DF17AE4E1E,2021-ncaa-d1-conf-Summit League,ncaa,1,2,2,2,2,2,1,2,1,1,3,1,5,5,5,8,4,6,2,6,9,3,3,1,1,1,9,8,8,3,4,2,1,3,1,1,6,2,1,1,1,2,2,2,,,6,5,,,1,3,6,8,1,1,2,1,2,7,7,7,8,8,3,6,4,2,3,2,1,3,2,,4,,,1,2,2,5,1,1,5,1,5,5,8,6,4,5,4,5,4,4,6,1,1,1,7,8,6,3,1,4,4,4,1,1,3,1,1,1,5,2,1,1,,,2,4,,,1,7,1,1,1,1,1,2,1,2,4,4,3,3,3,2,2,1,2,1,1,1,3,1,,7,,,b'\x11\xe8\xe1I\xcb(yd\xaf\x82\x12\xdf\x17\xaeN\x1e'
11E8E149-CB28-7964-AF82-12DF17AE4E1E,2021-ncaa-d1-natl,ncaa,30,43,70,33,93,47,54,81,44,53,78,40,84,89,86,173,42,52,90,46,91,71,114,50,46,19,169,188,140,103,140,82,18,85,46,74,227,62,11,19,88,98,76,64,,,271,284,,,14,116,213,225,39,51,105,57,144,110,138,52,67,62,82,222,174,123,136,114,6,135,115,,217,,,15,166,137,183,65,89,142,30,302,258,311,292,218,229,130,227,272,187,202,124,128,91,334,330,229,90,18,210,140,166,46,109,67,65,77,33,102,36,66,24,,,35,18,,,14,227,16,50,14,53,28,37,6,18,284,220,147,167,165,42,48,12,95,34,25,109,30,24,,37,,,b'\x11\xe8\xe1I\xcb(yd\xaf\x82\x12\xdf\x17\xaeN\x1e'
11E8E149-CB28-7964-AF82-12DF17AE4E1E,2021-ncaa-d1-ncaatournament,ncaa,33,2,33,33,34,59,56,38,60,52,42,58,44,42,55,22,49,46,60,45,35,38,37,61,62,59,28,27,28,25,4,64,50,46,43,55,33,14,26,48,25,1,61,61,,,1,6,,,46,58,54,7,59,56,9,51,23,35,12,42,34,31,11,10,1,64,42,52,33,1,61,,2,,,49,7,15,2,64,18,3,63,13,4,60,25,4,1,63,1,4,1,4,63,64,49,19,31,9,3,50,17,4,8,43,16,42,27,1,7,29,55,26,47,,,40,26,,,46,6,56,42,51,31,41,2,43,5,29,6,10,2,1,1,5,3,47,27,43,1,55,48,,18,,,b'\x11\xe8\xe1I\xcb(yd\xaf\x82\x12\xdf\x17\xaeN\x1e'
11E8E149-CB28-7964-AF82-12DF17AE4E1E,2022-ncaa-d0-natl,ncaa,8,12,14,14,22,41,31,41,36,33,52,43,66,85,69,171,114,139,82,136,269,50,86,40,50,21,239,171,281,178,247,74,67,89,145,52,201,20,5,12,34,38,106,85,,,279,195,,,12,65,309,262,85,60,160,62,157,121,167,225,260,257,197,333,284,219,281,114,2,87,161,,110,,,15,143,113,227,38,81,144,66,252,310,58,313,200,168,307,155,182,221,278,50,66,17,301,285,230,142,67,292,247,256,145,168,220,18,22,26,32,13,125,35,,,18,19,,,12,291,28,13,11,7,7,20,8,13,135,193,87,57,52,10,22,30,95,47,49,57,8,39,,85,,,b'\x11\xe8\xe1I\xcb(yd\xaf\x82\x12\xdf\x17\xaeN\x1e'
11E8E149-CB28-7964-AF82-12DF17AE4E1E,2022-ncaa-d1-conf-Summit League,ncaa,1,1,1,1,1,2,2,1,2,1,2,2,4,6,2,7,5,5,4,5,6,1,4,2,2,2,8,7,8,5,4,3,4,4,4,2,3,1,1,2,1,1,4,2,,,10,6,,,2,3,10,8,2,2,3,1,2,6,6,6,7,7,4,10,5,6,5,2,1,1,4,,5,,,2,1,1,4,1,2,2,2,1,7,1,6,6,6,3,5,7,3,9,1,1,1,8,4,10,6,4,5,4,6,4,2,10,1,1,1,1,1,1,1,,,2,2,,,2,8,2,1,2,1,1,1,1,1,1,5,3,4,3,1,2,5,2,2,1,1,1,1,,3,,,b'\x11\xe8\xe1I\xcb(yd\xaf\x82\x12\xdf\x17\xaeN\x1e'
11E8E149-CB28-7964-AF82-12DF17AE4E1E,2022-ncaa-d1-natl,ncaa,6,12,9,12,12,32,26,31,36,27,49,44,66,79,75,162,115,142,81,137,267,39,72,43,51,22,228,162,279,174,248,58,67,87,138,45,201,22,7,12,32,41,105,88,,,282,194,,,11,54,312,263,91,58,167,69,169,118,159,226,262,259,196,333,289,209,282,111,2,93,169,,103,,,14,139,119,232,30,77,139,53,254,315,66,311,195,161,301,147,178,216,292,44,60,16,305,291,225,146,67,305,248,266,138,167,222,16,24,28,39,14,118,37,,,15,19,,,11,305,29,9,11,8,7,21,6,13,139,196,85,58,53,10,22,35,94,50,50,59,9,36,,89,,,b'\x11\xe8\xe1I\xcb(yd\xaf\x82\x12\xdf\x17\xaeN\x1e'
11E8E149-CB28-7964-AF82-12DF17AE4E1E,2022-ncaa-d1-ncaatournament,ncaa,9,2,9,9,9,16,16,15,15,17,18,22,13,15,12,32,18,17,37,17,31,15,16,13,15,14,29,21,40,28,60,15,32,18,44,13,12,52,31,17,11,13,40,53,,,58,45,,,12,16,66,5,42,42,62,42,55,27,43,36,41,45,62,67,60,35,56,22,23,19,54,,29,,,12,50,50,53,16,50,53,19,45,52,20,41,46,47,37,46,16,53,53,16,14,14,30,37,32,54,32,59,60,55,44,60,66,10,12,32,39,14,49,41,,,10,5,,,12,53,30,10,12,5,6,10,12,16,26,32,10,9,8,7,7,31,27,23,41,21,7,36,,10,,,b'\x11\xe8\xe1I\xcb(yd\xaf\x82\x12\xdf\x17\xaeN\x1e'
11E8E149-CB28-7964-AF82-12DF17AE4E1E,2023-ncaa-d0-natl,ncaa,223,188,290,221,303,199,256,310,171,325,339,182,80,104,58,46,115,172,24,179,25,293,325,116,78,77,12,38,71,320,278,251,106,303,201,168,49,29,105,91,309,292,292,280,,,130,239,,,228,310,189,192,126,216,254,313,325,40,59,60,119,125,227,271,304,166,263,115,80,287,279,,224,,,230,200,202,111,283,114,66,271,288,229,332,299,143,105,323,104,192,102,54,311,315,345,286,308,132,34,106,64,278,41,201,200,188,337,331,333,40,129,313,359,,,268,125,,,228,70,94,335,213,313,304,268,226,134,338,309,219,179,178,259,152,80,173,124,268,323,101,345,,193,,,b'\x11\xe8\xe1I\xcb(yd\xaf\x82\x12\xdf\x17\xaeN\x1e'
11E8E149-CB28-7964-AF82-12DF17AE4E1E,2023-ncaa-d1-conf-Summit League,ncaa,4,4,6,4,6,6,8,10,2,8,9,2,4,5,2,3,4,8,1,8,2,10,10,2,2,2,3,2,2,9,7,6,3,10,3,2,1,4,7,2,8,8,7,7,,,3,5,,,4,10,8,2,5,5,10,8,9,2,4,3,6,7,8,10,9,4,8,2,4,8,7,,5,,,4,3,5,5,4,4,3,4,5,5,7,5,2,3,3,3,6,4,2,4,3,8,5,7,4,3,3,1,7,3,3,4,4,10,10,8,2,5,10,10,,,8,6,,,4,2,2,7,4,4,7,7,5,6,6,5,4,5,5,6,4,4,2,3,4,10,2,10,,8,,,b'\x11\xe8\xe1I\xcb(yd\xaf\x82\x12\xdf\x17\xaeN\x1e'
11E8E149-CB28-7964-AF82-12DF17AE4E1E,2023-ncaa-d1-natl,ncaa,202,186,219,206,266,144,210,270,136,298,328,173,48,80,25,48,95,154,21,162,34,255,296,72,46,44,12,25,97,294,248,191,57,248,132,134,54,33,93,69,288,280,272,262,,,154,230,,,177,282,193,201,86,176,241,297,318,22,58,67,124,130,215,266,284,137,224,96,70,279,261,,206,,,177,224,217,158,260,141,86,248,293,260,306,296,180,124,331,125,190,137,81,292,295,334,286,296,147,33,57,76,248,33,132,201,158,328,320,316,48,105,324,357,,,254,174,,,177,112,61,313,161,292,278,246,191,120,329,302,215,170,171,236,134,47,130,80,236,320,78,340,,212,,,b'\x11\xe8\xe1I\xcb(yd\xaf\x82\x12\xdf\x17\xaeN\x1e'
11E8E149-CB28-7964-AF82-12DF17AE4E1E,2024-ncaa-d0-natl,ncaa,86,111,52,105,55,87,136,150,122,211,293,67,38,28,120,33,23,57,14,59,8,128,119,86,50,73,16,53,41,171,175,51,60,80,58,72,33,259,197,110,288,326,207,250,,,242,171,,,130,101,219,63,110,191,272,297,340,49,46,33,76,78,242,240,235,67,121,71,171,323,241,,161,,,132,292,309,314,179,292,267,250,288,336,52,308,121,125,171,113,69,303,266,182,164,263,132,236,46,161,60,155,175,146,58,271,158,290,338,329,219,181,310,350,,,73,80,,,130,273,81,237,121,211,261,289,238,177,242,317,82,83,72,252,147,90,59,62,200,342,155,285,,117,,,b'\x11\xe8\xe1I\xcb(yd\xaf\x82\x12\xdf\x17\xaeN\x1e'
11E8E149-CB28-7964-AF82-12DF17AE4E1E,2024-ncaa-d1-conf-Summit League,ncaa,4,4,3,4,4,5,6,6,7,8,8,5,4,1,5,2,5,6,1,6,2,6,7,5,5,5,1,2,3,6,6,3,2,4,3,3,1,3,4,4,9,9,4,4,,,4,6,,,4,7,9,2,6,8,7,9,8,3,2,6,6,6,8,8,7,2,5,4,4,9,4,,3,,,4,2,3,4,4,3,3,4,6,5,3,7,2,3,6,3,3,4,3,4,3,4,6,8,2,2,2,3,6,3,3,5,8,8,9,9,3,3,4,8,,,6,5,,,4,4,4,4,4,2,4,5,3,3,5,5,2,2,2,3,1,1,3,3,3,9,3,5,,8,,,b'\x11\xe8\xe1I\xcb(yd\xaf\x82\x12\xdf\x17\xaeN\x1e'
11E8E149-CB28-7964-AF82-12DF17AE4E1E,2024-ncaa-d1-natl,ncaa,57,112,9,91,9,34,66,57,92,141,230,42,22,14,105,35,13,37,14,39,12,47,39,62,39,58,21,53,67,125,158,19,46,27,47,29,30,290,167,80,242,319,178,231,,,270,136,,,89,33,203,74,84,146,242,256,337,42,36,41,88,88,209,216,222,61,109,49,154,319,228,,125,,,95,328,342,347,153,329,304,248,320,356,34,319,148,153,141,143,71,344,329,164,132,224,133,245,39,198,46,252,158,240,47,299,141,222,330,288,238,145,335,343,,,40,114,,,89,335,57,191,90,194,237,280,218,151,243,334,63,71,59,244,149,76,64,51,179,326,123,278,,142,,,b'\x11\xe8\xe1I\xcb(yd\xaf\x82\x12\xdf\x17\xaeN\x1e'
11E8E149-CB28-7964-AF82-12DF17AE4E1E,2025-ncaa-d0-natl,genius_ncaa,296,279,301,297,307,240,264,300,189,325,353,108,89,67,162,16,259,288,87,290,78,307,348,126,122,85,22,23,209,362,362,222,82,345,354,321,342,2,38,149,361,361,295,296,,,2,4,,22,304,308,197,76,164,205,234,313,346,36,18,213,253,255,245,333,362,101,336,314,14,360,279,,5,,36,307,226,282,195,336,239,120,336,315,281,325,323,23,7,360,8,18,134,52,347,338,360,180,320,8,37,82,297,362,215,354,223,114,362,362,357,13,77,91,300,,,300,115,,170,304,65,164,358,303,338,356,344,325,252,349,345,52,25,25,310,161,109,360,326,308,361,43,151,,228,,132,b'\x11\xe8\xe1I\xcb(yd\xaf\x82\x12\xdf\x17\xaeN\x1e'
11E8E149-CB28-7964-AF82-12DF17AE4E1E,2025-ncaa-d1-conf-Summit League,genius_ncaa,8,7,6,8,7,9,8,9,8,9,9,5,2,1,5,1,9,9,3,9,3,9,9,6,6,4,1,1,7,9,9,7,6,9,9,8,7,1,3,4,9,9,6,6,,,1,1,,1,7,9,8,6,9,8,9,9,9,2,1,9,9,9,9,9,9,5,9,8,1,9,5,,1,,2,7,3,6,5,7,5,3,6,8,5,8,9,1,1,8,1,1,4,1,7,4,8,4,8,1,5,6,8,9,7,9,6,5,9,9,9,3,5,3,8,,,9,5,,3,7,1,7,8,7,3,8,7,7,5,8,8,1,1,1,6,2,6,9,9,8,9,4,4,,9,,2,b'\x11\xe8\xe1I\xcb(yd\xaf\x82\x12\xdf\x17\xaeN\x1e'
11E8E149-CB28-7964-AF82-12DF17AE4E1E,2025-ncaa-d1-natl,genius_ncaa,279,279,244,286,259,209,243,263,192,325,347,97,63,37,179,13,233,265,70,267,62,268,332,130,124,78,16,21,207,362,362,168,67,331,354,306,334,2,29,119,360,360,305,308,,,4,3,,17,305,261,199,81,166,207,233,319,348,31,15,204,247,251,239,330,361,100,331,306,11,360,294,,4,,30,308,294,323,246,337,274,161,337,333,311,333,328,27,12,360,12,15,192,93,351,343,361,187,323,8,47,67,341,362,271,354,246,95,359,360,354,13,58,106,299,,,263,117,,141,305,116,156,353,300,340,356,343,322,233,351,346,41,22,21,293,145,87,361,326,298,360,25,143,,237,,122,b'\x11\xe8\xe1I\xcb(yd\xaf\x82\x12\xdf\x17\xaeN\x1e'
11E8E149-CB28-7964-AF82-12DF17AE4E1E,2026-ncaa-d0-natl,genius_ncaa,87,80,116,95,142,124,119,143,124,91,73,160,260,286,160,338,57,101,23,103,200,141,171,158,124,97,297,334,63,150,149,61,23,87,38,171,293,93,61,127,246,288,117,136,,,232,267,,25,61,172,178,97,104,119,137,55,35,295,323,45,90,92,116,195,181,22,42,199,58,290,124,,227,,19,54,111,48,157,13,74,228,10,31,87,26,26,352,355,105,355,346,207,179,8,17,47,288,26,363,100,23,175,149,144,38,30,55,228,277,72,81,67,219,129,,,79,44,,27,61,200,96,44,53,51,7,75,34,214,8,32,346,356,356,194,111,63,116,79,13,282,60,197,,58,,35,b'\x11\xe8\xe1I\xcb(yd\xaf\x82\x12\xdf\x17\xaeN\x1e'
11E8E149-CB28-7964-AF82-12DF17AE4E1E,2026-ncaa-d1-natl,genius_ncaa,38,80,13,79,35,30,32,24,100,15,10,120,184,172,200,304,18,48,16,49,233,23,41,137,106,67,310,322,93,49,94,6,17,10,19,63,240,133,35,59,154,237,32,46,,,303,203,,17,29,44,127,100,60,55,64,33,26,257,273,42,111,116,63,132,115,10,21,117,39,237,52,,173,,10,35,190,77,275,6,95,305,4,84,188,43,57,357,360,169,361,336,315,307,4,11,28,333,72,363,153,17,262,94,231,19,40,66,99,213,37,99,38,241,89,,,26,107,,26,29,326,56,23,34,35,5,94,13,189,27,60,338,344,347,177,143,52,107,67,13,206,42,156,,99,,58,b'\x11\xe8\xe1I\xcb(yd\xaf\x82\x12\xdf\x17\xaeN\x1e'
11E8E149-CB2C-CFF0-AF82-12DF17AE4E1E,2010-ncaa-d0-natl,ncaa,60,62,50,70,64,28,49,135,6,121,265,6,11,26,8,37,28,47,71,46,8,113,84,3,2,10,30,41,150,280,269,54,14,148,64,11,19,302,243,56,39,57,149,191,,,260,186,,,27,44,82,146,22,51,269,166,327,16,39,38,62,62,219,188,321,95,246,13,234,62,187,,169,,,27,252,242,236,182,283,276,196,95,133,76,86,270,231,304,232,167,247,269,139,170,120,84,59,239,47,14,119,269,76,64,133,52,50,74,45,325,287,95,158,,,26,32,,,27,302,24,56,28,131,137,117,204,198,50,66,206,169,168,118,176,13,38,12,65,89,287,68,,39,,,"b'\x11\xe8\xe1I\xcb,\xcf\xf0\xaf\x82\x12\xdf\x17\xaeN\x1e'"
11E8E149-CB2C-CFF0-AF82-12DF17AE4E1E,2010-ncaa-d1-conf-Summit League,ncaa,1,1,1,1,1,2,2,2,1,3,6,1,2,2,1,3,2,2,4,2,1,2,2,1,1,1,4,3,6,7,7,1,2,2,2,1,2,7,6,2,2,2,5,6,,,6,2,,,2,2,2,6,2,2,7,3,8,2,2,2,2,2,6,3,9,2,6,2,7,2,6,,2,,,2,5,6,9,2,7,10,1,2,4,4,2,4,4,5,4,2,9,9,1,2,1,2,2,3,2,2,6,7,4,2,3,1,2,2,1,7,7,3,2,,,2,1,,,2,9,2,1,1,2,3,4,5,7,2,1,2,2,2,4,7,2,1,1,1,2,7,2,,2,,,"b'\x11\xe8\xe1I\xcb,\xcf\xf0\xaf\x82\x12\xdf\x17\xaeN\x1e'"
11E8E149-CB2C-CFF0-AF82-12DF17AE4E1E,2010-ncaa-d1-natl,ncaa,64,62,53,71,70,29,52,150,6,124,285,7,14,29,9,36,32,52,72,51,8,127,97,3,2,10,28,40,147,294,271,60,17,164,66,13,19,290,244,58,41,62,156,194,,,248,185,,,27,46,82,146,24,54,271,173,328,16,40,38,64,63,222,189,322,99,252,13,233,66,189,,169,,,27,242,236,225,185,279,270,205,84,117,82,85,259,218,305,219,165,235,260,144,176,128,83,59,237,43,17,104,271,55,66,121,53,55,77,48,319,289,91,162,,,28,31,,,27,300,25,68,28,135,147,119,209,200,52,63,210,171,171,121,176,14,39,12,70,90,286,69,,40,,,"b'\x11\xe8\xe1I\xcb,\xcf\xf0\xaf\x82\x12\xdf\x17\xaeN\x1e'"
11E8E149-CB2C-CFF0-AF82-12DF17AE4E1E,2010-ncaa-d1-ncaatournament,ncaa,33,2,33,33,34,48,47,56,39,47,48,52,32,49,6,24,48,56,5,54,54,56,55,30,29,35,18,8,49,50,37,43,21,48,30,48,47,21,51,49,54,47,63,63,,,4,25,,,39,52,44,9,43,38,46,45,38,10,29,45,56,54,50,50,40,34,41,45,45,48,63,,14,,,42,10,17,19,47,19,19,52,11,16,17,30,5,3,62,3,6,10,6,38,39,44,9,21,18,7,21,3,37,4,30,11,21,53,45,44,19,51,19,40,,,51,43,,,39,12,40,40,45,30,43,39,46,38,18,30,20,7,6,25,13,16,24,20,34,48,43,37,,48,,,"b'\x11\xe8\xe1I\xcb,\xcf\xf0\xaf\x82\x12\xdf\x17\xaeN\x1e'"
11E8E149-CB2C-CFF0-AF82-12DF17AE4E1E,2011-ncaa-d0-natl,ncaa,99,134,43,128,56,67,85,182,24,132,255,22,39,72,19,70,68,74,134,68,9,150,136,14,15,34,55,74,144,314,319,44,7,144,86,52,48,249,231,89,160,197,138,154,,,252,231,,,66,73,191,141,91,138,309,203,315,50,111,94,109,106,287,293,330,63,274,65,171,214,164,,172,,,68,218,204,234,146,211,245,137,153,177,144,149,213,212,186,207,183,238,237,142,149,151,158,141,206,43,7,182,319,101,86,136,79,136,172,131,241,226,184,234,,,43,18,,,66,273,72,93,67,110,112,97,133,130,107,116,157,161,158,101,72,10,78,21,81,217,171,130,,78,,,"b'\x11\xe8\xe1I\xcb,\xcf\xf0\xaf\x82\x12\xdf\x17\xaeN\x1e'"
11E8E149-CB2C-CFF0-AF82-12DF17AE4E1E,2011-ncaa-d1-conf-Summit League,ncaa,2,2,1,2,2,2,4,5,3,6,6,3,1,3,1,2,3,1,8,1,1,3,2,3,3,3,1,1,4,5,5,1,1,2,2,2,2,6,7,4,2,4,4,5,,,6,6,,,2,2,7,3,3,5,9,9,10,1,3,4,3,2,7,7,8,1,4,2,4,4,6,,4,,,2,1,3,6,2,4,8,2,4,7,3,6,4,6,1,6,5,6,8,1,2,1,4,5,6,4,1,7,5,5,2,1,1,3,5,1,8,6,5,8,,,1,1,,,2,9,3,1,1,1,1,3,2,6,3,3,3,5,5,2,4,1,2,2,1,5,4,2,,1,,,"b'\x11\xe8\xe1I\xcb,\xcf\xf0\xaf\x82\x12\xdf\x17\xaeN\x1e'"
11E8E149-CB2C-CFF0-AF82-12DF17AE4E1E,2011-ncaa-d1-natl,ncaa,112,133,51,131,67,77,95,207,25,152,276,22,43,76,19,70,77,88,133,83,8,175,157,14,15,34,51,73,141,321,322,54,7,169,90,55,49,239,232,91,182,199,149,158,,,234,232,,,74,86,197,137,97,145,313,209,317,52,110,94,113,108,289,293,332,67,275,65,175,221,168,,174,,,75,199,188,212,149,199,229,145,142,162,144,150,204,202,191,197,184,219,215,144,151,159,155,139,206,34,7,162,322,75,90,121,80,157,179,139,229,229,173,242,,,47,16,,,74,260,76,102,74,114,116,100,138,134,108,118,160,160,159,107,71,11,79,21,83,225,174,137,,77,,,"b'\x11\xe8\xe1I\xcb,\xcf\xf0\xaf\x82\x12\xdf\x17\xaeN\x1e'"
11E8E149-CB2C-CFF0-AF82-12DF17AE4E1E,2011-ncaa-d1-ncaatournament,ncaa,33,2,33,33,34,47,51,57,44,52,57,39,42,47,41,20,33,39,6,35,11,54,59,41,36,29,10,30,8,63,63,47,48,59,58,40,7,2,9,11,56,57,42,44,,,17,35,,,48,48,33,3,44,50,56,50,54,31,24,14,21,14,53,58,63,36,59,27,3,56,37,,37,,,51,16,10,17,31,18,19,35,6,11,8,14,30,32,14,33,54,24,22,25,28,37,24,11,56,24,48,19,63,21,58,8,11,47,48,32,3,21,28,60,,,43,15,,,48,19,42,41,47,42,31,34,45,46,8,15,56,58,58,51,46,47,50,50,16,41,8,47,,33,,,"b'\x11\xe8\xe1I\xcb,\xcf\xf0\xaf\x82\x12\xdf\x17\xaeN\x1e'"
11E8E149-CB2C-CFF0-AF82-12DF17AE4E1E,2012-ncaa-d0-natl,ncaa,44,36,81,45,93,64,109,189,42,194,278,50,23,47,16,50,24,32,71,30,1,151,157,19,14,24,17,42,46,232,219,28,1,94,17,78,77,155,148,87,215,204,245,244,,,228,279,,,43,121,213,129,61,136,279,250,318,26,61,17,37,37,227,249,272,26,129,81,115,245,258,,182,,,41,166,137,170,134,134,121,168,174,231,86,241,225,208,244,204,244,179,149,138,160,210,236,188,258,3,1,140,219,33,17,53,43,247,248,143,238,228,85,164,,,23,4,,,43,220,30,108,39,105,93,78,84,51,151,196,197,173,170,84,40,1,84,8,44,293,203,63,,13,,,"b'\x11\xe8\xe1I\xcb,\xcf\xf0\xaf\x82\x12\xdf\x17\xaeN\x1e'"
11E8E149-CB2C-CFF0-AF82-12DF17AE4E1E,2012-ncaa-d1-conf-Summit League,ncaa,1,1,1,1,2,1,2,3,1,3,6,1,1,2,1,3,1,1,1,1,1,2,2,1,1,1,2,3,3,2,2,1,1,2,1,1,2,5,5,1,4,4,4,5,,,3,3,,,1,2,6,7,1,3,5,5,7,1,3,1,2,2,4,6,5,1,2,1,2,5,4,,2,,,1,5,6,6,1,6,7,2,4,5,2,6,2,2,1,2,2,6,6,1,1,2,2,5,2,1,1,2,2,2,1,1,1,5,6,2,6,5,3,3,,,1,1,,,1,7,1,1,1,1,2,3,3,5,2,3,2,2,2,2,1,1,1,1,1,6,5,1,,1,,,"b'\x11\xe8\xe1I\xcb,\xcf\xf0\xaf\x82\x12\xdf\x17\xaeN\x1e'"
11E8E149-CB2C-CFF0-AF82-12DF17AE4E1E,2012-ncaa-d1-natl,ncaa,35,36,55,40,64,53,109,188,37,196,286,52,17,48,11,52,21,28,82,27,1,130,132,16,13,24,15,40,43,233,222,23,1,69,15,67,80,177,165,92,199,203,232,236,,,239,265,,,38,98,214,136,63,140,282,262,322,24,65,18,30,31,235,253,279,23,125,86,125,242,252,,170,,,37,178,147,195,110,141,149,146,182,246,80,242,212,202,232,199,215,196,167,113,139,192,234,193,243,2,1,139,222,33,15,64,48,245,249,142,257,239,105,186,,,18,5,,,38,243,28,88,39,93,80,87,79,59,148,200,173,153,151,89,42,1,74,7,47,291,213,67,,14,,,"b'\x11\xe8\xe1I\xcb,\xcf\xf0\xaf\x82\x12\xdf\x17\xaeN\x1e'"
11E8E149-CB2C-CFF0-AF82-12DF17AE4E1E,2012-ncaa-d1-ncaatournament,ncaa,33,2,33,33,34,37,42,54,32,58,54,50,22,41,2,14,36,43,20,40,9,48,48,16,13,15,2,3,22,42,13,56,37,52,22,38,10,15,40,28,55,54,40,27,,,4,10,,,47,56,52,5,23,37,51,58,53,1,10,17,28,21,43,42,23,53,46,20,35,53,23,,6,,,49,27,29,24,57,18,13,44,43,31,57,60,4,4,33,1,8,19,5,60,59,64,51,62,5,9,37,2,13,3,22,35,60,63,63,64,33,62,47,64,,,39,22,,,47,8,12,64,49,59,61,52,43,23,63,60,7,6,2,40,5,16,6,4,63,63,61,61,,24,,,"b'\x11\xe8\xe1I\xcb,\xcf\xf0\xaf\x82\x12\xdf\x17\xaeN\x1e'"
11E8E149-CB2C-CFF0-AF82-12DF17AE4E1E,2013-ncaa-d0-natl,ncaa,30,28,41,33,48,53,84,139,48,134,238,32,51,59,65,74,30,39,81,39,14,118,96,32,26,48,51,99,83,212,205,48,8,95,40,46,36,266,207,96,98,100,192,186,,,257,238,,,56,74,178,136,76,122,263,194,297,66,81,39,54,57,224,221,267,84,179,55,197,136,226,,178,,,55,228,200,209,163,154,136,192,256,277,141,274,248,219,266,215,231,218,237,185,206,176,274,255,217,22,8,147,205,72,40,170,148,99,106,108,311,266,159,190,,,32,23,,,56,278,62,93,56,116,98,68,79,45,221,236,185,152,150,73,90,8,59,16,110,160,252,122,,48,,,"b'\x11\xe8\xe1I\xcb,\xcf\xf0\xaf\x82\x12\xdf\x17\xaeN\x1e'"
11E8E149-CB2C-CFF0-AF82-12DF17AE4E1E,2013-ncaa-d1-conf-Summit League,ncaa,1,1,1,1,1,1,1,1,1,2,2,1,3,3,1,3,2,1,5,2,3,1,1,1,1,1,3,4,4,2,2,1,1,1,1,1,1,7,4,2,1,2,2,2,,,8,7,,,1,1,1,3,1,1,4,2,6,3,3,2,3,3,1,2,2,1,2,1,7,1,3,,7,,,1,5,4,8,3,3,4,3,4,8,3,7,7,8,6,8,8,8,9,2,3,1,7,5,7,3,1,4,2,3,1,3,3,2,2,2,9,5,5,2,,,1,4,,,1,9,1,1,1,4,2,2,2,3,3,6,5,6,6,3,7,2,1,1,2,2,6,3,,2,,,"b'\x11\xe8\xe1I\xcb,\xcf\xf0\xaf\x82\x12\xdf\x17\xaeN\x1e'"
11E8E149-CB2C-CFF0-AF82-12DF17AE4E1E,2013-ncaa-d1-natl,ncaa,32,28,49,33,56,60,92,158,50,144,255,32,54,66,66,73,34,43,80,43,13,130,113,35,26,48,50,96,75,234,207,59,8,107,43,53,36,257,210,99,115,106,204,191,,,246,242,,,60,81,183,136,77,127,267,198,299,65,85,40,57,59,226,224,271,85,186,58,199,138,229,,180,,,62,213,181,198,168,137,109,197,252,272,149,271,236,210,273,204,233,203,213,189,212,183,273,253,218,16,8,133,207,54,43,161,149,115,109,118,304,268,155,196,,,36,24,,,60,271,62,99,62,120,101,69,85,45,225,236,189,156,153,75,91,8,60,17,115,164,253,126,,48,,,"b'\x11\xe8\xe1I\xcb,\xcf\xf0\xaf\x82\x12\xdf\x17\xaeN\x1e'"
11E8E149-CB2C-CFF0-AF82-12DF17AE4E1E,2013-ncaa-d1-ncaatournament,ncaa,33,2,33,33,35,50,54,61,46,47,53,42,56,60,53,45,36,41,14,39,12,56,55,48,42,46,27,48,5,62,63,44,8,58,55,63,62,18,44,62,33,13,43,46,,,27,62,,,54,41,24,7,47,54,58,44,48,51,46,15,22,19,51,50,62,33,57,63,40,14,42,,56,,,57,21,11,5,54,14,9,55,12,6,47,15,36,37,40,34,55,10,12,51,55,54,32,18,60,7,8,18,63,10,55,4,22,46,24,24,21,54,23,50,,,48,36,,,54,20,56,48,57,51,35,7,40,19,17,8,60,59,57,15,19,8,49,32,24,27,44,46,,41,,,"b'\x11\xe8\xe1I\xcb,\xcf\xf0\xaf\x82\x12\xdf\x17\xaeN\x1e'"
11E8E149-CB2C-CFF0-AF82-12DF17AE4E1E,2014-ncaa-d0-natl,ncaa,26,57,8,50,12,30,84,50,167,166,194,131,31,27,98,66,5,10,40,12,8,38,24,100,61,104,18,68,19,116,205,11,9,25,54,62,89,345,276,226,103,199,130,155,,,344,299,,,88,14,103,270,98,238,264,293,312,60,67,21,43,45,214,165,235,33,110,153,282,202,190,,274,,,94,327,300,318,110,282,267,214,257,333,12,287,329,325,248,325,279,326,327,103,132,141,249,168,271,120,9,319,205,273,54,289,224,81,187,176,346,298,343,338,,,11,40,,,88,336,126,83,99,125,92,132,113,49,148,283,232,209,213,151,140,19,145,59,159,197,300,318,,42,,,"b'\x11\xe8\xe1I\xcb,\xcf\xf0\xaf\x82\x12\xdf\x17\xaeN\x1e'"
11E8E149-CB2C-CFF0-AF82-12DF17AE4E1E,2014-ncaa-d1-conf-Summit League,ncaa,1,1,4,1,6,6,7,7,6,6,7,5,4,3,5,3,2,2,4,2,1,6,4,6,5,5,2,3,1,3,3,3,1,3,1,5,2,8,7,7,6,4,3,2,,,6,8,,,2,6,2,6,4,7,6,7,7,3,3,2,1,2,4,2,3,1,1,4,8,5,2,,8,,,2,2,1,3,1,2,2,3,3,4,1,6,4,4,2,4,8,3,2,1,1,2,7,4,7,1,1,3,3,1,1,2,5,3,4,2,7,7,6,6,,,4,3,,,2,3,6,1,2,2,2,2,2,2,3,5,5,6,6,2,2,1,4,2,2,4,7,6,,1,,,"b'\x11\xe8\xe1I\xcb,\xcf\xf0\xaf\x82\x12\xdf\x17\xaeN\x1e'"
11E8E149-CB2C-CFF0-AF82-12DF17AE4E1E,2014-ncaa-d1-natl,ncaa,28,57,9,52,13,33,96,63,172,187,211,141,32,30,101,65,5,12,39,15,8,47,28,106,60,108,18,68,18,137,212,14,9,28,56,70,88,344,278,233,116,202,136,155,,,342,300,,,93,14,105,273,107,242,267,297,312,62,66,22,43,46,217,170,241,34,115,159,280,206,199,,278,,,101,323,289,313,112,270,252,218,251,331,12,290,320,313,253,314,279,323,322,111,135,151,241,168,269,107,9,314,212,257,56,282,224,95,191,182,345,302,343,338,,,11,40,,,93,336,131,92,105,131,95,133,117,45,147,280,234,211,215,153,138,19,146,61,161,207,301,322,,40,,,"b'\x11\xe8\xe1I\xcb,\xcf\xf0\xaf\x82\x12\xdf\x17\xaeN\x1e'"
11E8E149-CB2C-CFF0-AF82-12DF17AE4E1E,2015-ncaa-d0-natl,ncaa,33,37,48,34,62,39,57,76,56,67,106,80,72,125,22,168,14,41,3,41,60,67,73,50,22,22,100,152,44,106,111,45,3,63,21,58,139,152,85,69,163,178,82,67,,,250,235,,,33,70,193,243,34,67,158,115,178,101,148,15,50,51,130,185,178,74,113,85,92,218,93,,159,,,33,236,185,200,183,173,189,152,229,201,260,190,273,256,288,256,246,224,231,188,213,196,275,219,257,14,3,148,111,63,21,201,209,129,149,165,263,202,330,309,,,48,71,,,33,277,24,116,34,125,92,54,83,67,184,145,228,200,204,63,52,3,57,14,127,204,202,324,,83,,,"b'\x11\xe8\xe1I\xcb,\xcf\xf0\xaf\x82\x12\xdf\x17\xaeN\x1e'"
11E8E149-CB2C-CFF0-AF82-12DF17AE4E1E,2015-ncaa-d1-conf-Summit League,ncaa,1,1,1,1,1,2,2,2,1,2,1,2,2,5,1,7,2,2,1,2,5,2,2,1,1,1,5,6,4,2,1,2,1,1,1,2,2,2,1,1,2,2,3,3,,,7,5,,,1,2,5,1,2,2,3,2,3,4,7,3,4,4,3,3,2,4,2,2,1,2,3,,3,,,1,2,2,3,3,4,4,4,3,6,2,6,6,5,3,6,6,5,8,3,3,1,5,5,7,1,1,4,1,1,1,6,8,1,1,1,7,3,9,8,,,2,2,,,1,8,1,1,1,1,1,1,1,2,1,2,5,5,5,1,1,1,3,1,1,2,4,9,,3,,,"b'\x11\xe8\xe1I\xcb,\xcf\xf0\xaf\x82\x12\xdf\x17\xaeN\x1e'"
11E8E149-CB2C-CFF0-AF82-12DF17AE4E1E,2015-ncaa-d1-natl,ncaa,36,37,55,39,77,43,65,91,58,87,120,86,85,132,24,167,16,45,3,46,61,74,88,53,23,23,98,155,42,127,120,52,3,74,22,66,139,120,89,74,182,188,83,69,,,237,241,,,34,87,199,241,36,73,166,123,181,105,149,15,52,51,137,191,181,80,122,91,91,230,93,,163,,,34,216,167,170,194,145,159,159,218,188,266,186,266,245,292,245,246,194,196,195,225,207,274,214,257,10,3,118,120,38,22,187,213,152,154,175,249,205,330,312,,,56,72,,,34,257,24,129,36,132,94,57,87,68,184,143,231,202,205,64,51,3,57,14,130,210,205,325,,81,,,"b'\x11\xe8\xe1I\xcb,\xcf\xf0\xaf\x82\x12\xdf\x17\xaeN\x1e'"
11E8E149-CB2C-CFF0-AF82-12DF17AE4E1E,2015-ncaa-d1-ncaatournament,ncaa,33,2,33,33,33,48,36,48,25,34,42,7,54,52,55,30,57,52,62,52,53,51,56,27,36,34,60,47,59,56,56,42,11,52,48,49,55,8,26,35,51,41,41,28,,,25,61,,,44,51,32,4,42,19,31,12,28,46,28,57,52,52,44,50,52,35,50,42,18,41,32,,54,,,46,12,6,10,36,5,6,36,23,28,38,54,22,23,28,19,56,12,12,39,45,42,52,47,52,8,11,18,56,13,48,13,48,54,40,44,23,55,43,60,,,47,33,,,44,16,41,39,44,34,18,14,13,8,44,45,53,51,47,22,18,10,45,31,37,44,49,62,,38,,,"b'\x11\xe8\xe1I\xcb,\xcf\xf0\xaf\x82\x12\xdf\x17\xaeN\x1e'"
11E8E149-CB2C-CFF0-AF82-12DF17AE4E1E,2016-ncaa-d0-natl,ncaa,17,23,25,22,25,40,38,27,88,86,111,90,19,19,42,49,168,174,184,161,209,35,55,58,76,44,75,33,319,78,156,28,25,35,62,43,131,64,25,28,102,123,44,42,,,184,122,,,30,55,255,40,68,60,68,163,226,19,38,254,259,251,94,198,140,73,82,69,22,163,63,,79,,,30,227,206,264,96,140,225,64,281,266,275,233,188,198,120,200,168,254,258,122,107,136,279,289,157,97,25,313,156,268,62,208,193,123,175,160,182,104,300,280,,,166,305,,,30,279,35,95,38,76,72,88,45,76,225,185,104,117,117,68,51,28,179,91,106,227,95,256,,297,,,"b'\x11\xe8\xe1I\xcb,\xcf\xf0\xaf\x82\x12\xdf\x17\xaeN\x1e'"
11E8E149-CB2C-CFF0-AF82-12DF17AE4E1E,2016-ncaa-d1-conf-Summit League,ncaa,2,2,1,2,1,2,2,1,2,2,2,4,1,2,2,2,7,8,4,8,8,2,2,2,3,2,3,1,9,2,3,1,3,2,2,2,2,2,2,2,2,2,2,1,,,7,4,,,2,2,5,4,3,2,1,3,5,1,2,7,8,8,3,4,2,2,2,2,2,2,2,,3,,,2,3,2,7,1,1,7,1,7,7,5,7,6,6,2,6,6,7,9,1,1,1,8,9,6,4,3,8,3,7,2,4,8,2,3,3,7,4,5,4,,,7,9,,,2,8,2,1,2,1,1,3,1,4,4,4,4,4,4,2,4,3,5,3,4,4,5,3,,8,,,"b'\x11\xe8\xe1I\xcb,\xcf\xf0\xaf\x82\x12\xdf\x17\xaeN\x1e'"
11E8E149-CB2C-CFF0-AF82-12DF17AE4E1E,2016-ncaa-d1-natl,ncaa,19,23,30,22,31,50,48,35,95,107,135,97,22,23,42,50,179,196,184,179,208,45,66,63,83,46,66,32,317,90,162,35,27,45,65,48,135,45,25,30,120,132,46,41,,,158,124,,,35,68,257,37,74,65,73,172,232,21,41,256,261,254,94,204,150,73,90,74,22,173,63,,84,,,36,207,190,244,106,122,201,70,270,247,281,229,173,180,122,183,168,231,234,138,120,149,277,287,158,80,27,298,162,246,65,193,198,156,188,179,164,109,296,282,,,199,305,,,35,264,36,116,43,83,82,92,49,78,224,183,106,118,117,70,52,31,188,95,115,236,96,260,,298,,,"b'\x11\xe8\xe1I\xcb,\xcf\xf0\xaf\x82\x12\xdf\x17\xaeN\x1e'"
11E8E149-CB2C-CFF0-AF82-12DF17AE4E1E,2016-ncaa-d1-ncaatournament,ncaa,17,2,17,17,17,21,24,23,22,25,23,32,16,23,9,40,25,20,53,20,18,21,22,18,23,24,24,23,37,21,22,19,33,18,17,28,51,36,29,35,27,34,23,41,,,37,28,,,20,22,26,1,19,23,34,24,26,16,36,31,16,18,28,28,29,11,12,39,29,31,31,,25,,,20,42,45,46,28,43,45,26,41,44,25,38,30,41,2,41,29,45,43,24,16,29,24,34,14,44,33,40,22,43,17,47,40,33,54,56,48,45,51,50,,,22,35,,,20,42,20,32,20,31,39,50,34,46,31,42,13,32,31,51,44,41,26,32,43,51,47,51,,32,,,"b'\x11\xe8\xe1I\xcb,\xcf\xf0\xaf\x82\x12\xdf\x17\xaeN\x1e'"
11E8E149-CB2C-CFF0-AF82-12DF17AE4E1E,2017-ncaa-d0-natl,ncaa,41,39,74,49,88,68,67,117,40,99,183,34,54,79,49,93,91,147,21,141,127,115,153,32,23,26,104,107,206,207,195,62,15,94,42,69,135,69,56,53,275,288,79,86,,,48,50,,,31,134,250,132,55,66,179,121,254,66,90,112,197,190,196,263,252,55,129,85,41,304,86,,29,,,30,148,204,240,132,203,237,133,187,214,120,201,51,46,187,46,37,201,179,121,96,154,84,196,49,36,15,128,195,66,42,202,183,227,236,233,122,107,105,116,,,212,261,,,31,211,30,103,30,79,137,163,159,169,142,171,44,37,32,92,51,24,70,36,144,269,87,85,,293,,,"b'\x11\xe8\xe1I\xcb,\xcf\xf0\xaf\x82\x12\xdf\x17\xaeN\x1e'"
11E8E149-CB2C-CFF0-AF82-12DF17AE4E1E,2017-ncaa-d1-conf-Summit League,ncaa,3,2,3,3,3,2,3,3,3,1,5,3,5,5,4,5,2,2,2,2,3,2,2,3,3,3,5,6,4,3,3,1,1,2,2,3,3,3,2,2,8,8,2,3,,,1,3,,,1,3,5,4,2,3,3,1,5,5,5,2,2,2,2,5,3,1,1,3,2,8,2,,2,,,1,2,2,6,1,3,7,2,3,4,2,4,4,6,1,6,4,5,5,1,1,2,4,3,7,4,1,4,3,3,2,4,7,4,5,4,5,4,4,3,,,4,6,,,1,7,3,1,1,2,2,5,3,5,2,4,3,5,5,5,4,2,4,2,4,6,5,3,,4,,,"b'\x11\xe8\xe1I\xcb,\xcf\xf0\xaf\x82\x12\xdf\x17\xaeN\x1e'"
11E8E149-CB2C-CFF0-AF82-12DF17AE4E1E,2017-ncaa-d1-natl,ncaa,54,39,98,55,112,77,84,147,45,121,217,38,66,86,53,89,107,177,21,170,127,148,195,35,27,27,101,105,201,233,203,68,17,122,45,83,146,47,57,55,296,295,86,88,,,31,50,,,39,179,257,127,62,76,186,132,260,69,93,116,206,201,204,270,259,58,136,91,41,311,87,,29,,,38,116,173,205,142,181,213,144,166,187,124,203,41,34,198,32,37,159,128,127,104,166,83,193,52,27,17,100,203,36,45,187,184,250,246,246,103,111,93,125,,,244,257,,,39,167,31,119,39,84,142,164,167,168,142,172,46,37,31,94,49,23,71,39,154,273,88,89,,293,,,"b'\x11\xe8\xe1I\xcb,\xcf\xf0\xaf\x82\x12\xdf\x17\xaeN\x1e'"
11E8E149-CB2C-CFF0-AF82-12DF17AE4E1E,2018-ncaa-d0-natl,ncaa,32,16,73,25,85,33,37,71,22,76,174,20,29,34,41,58,48,124,5,122,116,71,93,18,16,11,67,72,214,135,123,38,13,46,26,33,87,47,39,23,165,173,76,66,,,103,76,,,14,88,160,145,22,26,74,74,230,23,39,68,153,152,88,157,171,23,48,20,40,193,92,,58,,,11,165,147,254,50,68,134,52,312,325,166,326,123,129,150,129,160,239,213,81,72,117,320,327,121,55,13,116,123,86,26,119,104,201,221,166,151,107,139,137,,,88,128,,,14,257,12,79,12,96,87,180,27,51,288,313,92,96,95,146,104,27,62,39,88,240,105,108,,131,,,"b'\x11\xe8\xe1I\xcb,\xcf\xf0\xaf\x82\x12\xdf\x17\xaeN\x1e'"
11E8E149-CB2C-CFF0-AF82-12DF17AE4E1E,2018-ncaa-d1-conf-Summit League,ncaa,2,2,1,2,1,1,1,1,1,1,2,2,3,3,2,4,2,3,2,3,5,1,1,2,2,1,5,5,7,2,2,1,1,1,1,1,2,4,2,1,3,3,1,1,,,4,3,,,1,2,5,2,1,1,3,1,3,3,4,3,3,3,3,4,2,1,1,1,2,3,1,,2,,,1,2,2,7,1,1,5,1,6,7,1,7,3,3,3,3,3,7,7,1,1,1,8,6,5,3,1,1,2,1,1,1,1,3,5,2,5,4,3,2,,,2,3,,,1,7,1,1,1,2,2,3,1,2,3,6,3,2,2,3,4,3,1,1,1,5,4,3,,3,,,"b'\x11\xe8\xe1I\xcb,\xcf\xf0\xaf\x82\x12\xdf\x17\xaeN\x1e'"
11E8E149-CB2C-CFF0-AF82-12DF17AE4E1E,2018-ncaa-d1-natl,ncaa,24,16,53,22,71,30,35,66,23,72,185,18,25,34,38,50,49,126,6,124,109,68,84,17,14,11,65,66,210,138,139,32,11,45,28,30,88,47,39,23,180,187,75,69,,,100,75,,,13,80,173,153,22,28,86,86,241,24,41,71,159,160,94,166,185,26,63,21,42,206,89,,52,,,12,186,166,264,61,75,139,65,314,324,195,324,125,124,156,125,157,253,223,98,84,136,322,329,106,42,11,131,139,81,28,134,108,204,229,179,155,115,138,149,,,77,109,,,13,265,13,91,12,104,100,168,31,48,292,309,87,88,91,135,96,23,64,36,93,250,111,112,,118,,,"b'\x11\xe8\xe1I\xcb,\xcf\xf0\xaf\x82\x12\xdf\x17\xaeN\x1e'"
11E8E149-CB2C-CFF0-AF82-12DF17AE4E1E,2018-ncaa-d1-ncaatournament,ncaa,33,2,33,33,33,38,38,51,11,37,44,6,56,57,56,43,36,38,23,38,16,45,55,23,16,8,52,58,12,61,63,33,13,41,37,41,44,3,11,15,44,36,22,2,,,23,53,,,28,44,61,1,26,24,44,15,32,54,45,6,11,13,35,53,61,3,31,31,6,31,7,,52,,,32,14,6,20,18,1,1,5,49,44,47,64,14,24,3,24,63,19,13,38,34,43,64,64,34,10,13,18,63,14,37,16,58,56,53,55,1,3,13,33,,,39,8,,,28,15,27,40,33,43,20,36,1,1,64,64,40,51,52,46,32,24,49,43,46,53,1,28,,15,,,"b'\x11\xe8\xe1I\xcb,\xcf\xf0\xaf\x82\x12\xdf\x17\xaeN\x1e'"
11E8E149-CB2C-CFF0-AF82-12DF17AE4E1E,2019-ncaa-d0-natl,ncaa,13,18,14,19,17,9,9,27,9,16,56,11,29,48,18,129,19,33,30,32,95,25,35,9,7,7,149,136,213,107,140,11,4,22,19,8,38,77,21,8,77,132,124,129,,,262,152,,,8,28,204,83,12,11,99,25,171,54,102,53,110,106,90,194,214,30,62,9,20,170,176,,109,,,9,297,270,316,77,152,197,105,342,345,139,336,232,210,293,211,196,314,307,115,115,179,333,328,155,69,4,228,140,162,19,146,43,167,267,149,102,45,247,171,,,52,165,,,8,322,7,122,9,118,98,162,29,33,305,328,130,103,100,127,77,12,44,21,42,284,41,171,,172,,,"b'\x11\xe8\xe1I\xcb,\xcf\xf0\xaf\x82\x12\xdf\x17\xaeN\x1e'"
11E8E149-CB2C-CFF0-AF82-12DF17AE4E1E,2019-ncaa-d1-conf-Summit League,ncaa,1,1,1,1,2,1,1,1,1,1,2,1,2,3,4,5,1,1,3,1,2,1,1,1,1,1,7,7,7,2,2,1,1,1,1,1,1,2,1,1,1,1,5,5,,,5,2,,,1,1,4,2,1,1,3,1,3,4,4,2,2,2,3,4,3,1,1,1,1,3,5,,3,,,1,1,2,8,1,2,4,1,6,8,1,8,4,4,2,4,4,7,7,1,1,1,6,8,4,5,1,4,2,4,1,1,1,4,6,2,3,2,3,3,,,4,6,,,1,8,1,1,1,1,2,4,2,3,5,8,1,1,1,3,5,2,1,2,1,6,2,3,,5,,,"b'\x11\xe8\xe1I\xcb,\xcf\xf0\xaf\x82\x12\xdf\x17\xaeN\x1e'"
11E8E149-CB2C-CFF0-AF82-12DF17AE4E1E,2019-ncaa-d1-natl,ncaa,14,18,21,19,28,12,14,34,10,20,74,12,33,67,19,132,25,47,32,44,95,32,51,10,7,7,143,137,211,134,153,19,5,32,20,8,40,56,21,8,104,144,139,132,,,236,153,,,11,38,212,82,13,17,103,31,173,56,103,52,108,107,98,205,221,33,70,9,20,181,180,,112,,,10,279,248,310,84,128,164,112,339,341,151,336,216,185,292,188,197,307,289,130,131,201,334,325,160,52,5,190,153,117,20,124,46,214,273,163,83,51,234,175,,,67,160,,,11,311,7,138,11,130,108,165,33,33,307,329,138,105,104,131,73,13,48,21,44,288,44,178,,177,,,"b'\x11\xe8\xe1I\xcb,\xcf\xf0\xaf\x82\x12\xdf\x17\xaeN\x1e'"
11E8E149-CB2C-CFF0-AF82-12DF17AE4E1E,2019-ncaa-d1-ncaatournament,ncaa,9,2,9,9,10,12,13,11,43,16,12,49,7,7,24,32,9,12,15,13,26,11,12,43,38,31,18,30,14,10,20,11,10,9,12,9,12,45,14,14,21,48,24,48,,,47,22,,,11,14,45,7,28,40,23,41,31,24,29,13,19,21,24,31,13,7,7,24,13,51,38,,15,,,14,51,52,51,17,54,52,31,41,50,7,30,51,51,22,51,30,51,51,14,13,22,17,12,32,44,10,57,20,51,12,47,13,25,59,48,43,21,53,41,,,14,16,,,11,51,21,17,12,15,20,27,33,37,8,30,26,29,25,27,12,10,36,20,14,59,17,42,,19,,,"b'\x11\xe8\xe1I\xcb,\xcf\xf0\xaf\x82\x12\xdf\x17\xaeN\x1e'"
11E8E149-CB2C-CFF0-AF82-12DF17AE4E1E,2020-ncaa-d0-natl,ncaa,39,67,8,65,22,28,28,82,18,28,116,18,111,125,102,166,61,65,144,68,126,66,85,29,25,32,227,196,194,103,83,49,80,47,44,12,18,152,103,22,156,175,46,28,,,129,90,,,27,92,279,273,63,51,222,59,213,155,178,112,131,140,208,264,172,137,138,16,78,215,66,,59,,,35,183,159,245,67,73,94,111,308,339,101,341,165,125,310,117,178,228,222,97,108,127,329,325,170,163,80,96,83,105,44,172,178,157,189,152,203,146,52,39,,,44,83,,,27,241,26,114,35,70,52,94,22,16,272,317,111,81,80,59,43,76,24,27,86,231,124,29,,142,,,"b'\x11\xe8\xe1I\xcb,\xcf\xf0\xaf\x82\x12\xdf\x17\xaeN\x1e'"
11E8E149-CB2C-CFF0-AF82-12DF17AE4E1E,2020-ncaa-d1-conf-Summit League,ncaa,2,2,1,2,1,2,2,3,2,2,3,2,4,4,4,6,6,6,1,7,7,3,3,2,2,2,8,7,6,3,2,4,4,2,2,1,1,3,4,2,3,3,1,1,,,2,2,,,2,6,8,6,3,2,6,2,5,6,6,7,7,7,6,7,4,5,6,1,2,3,1,,1,,,2,2,2,5,2,2,3,2,6,8,2,9,2,2,6,2,1,4,5,2,2,2,8,8,4,6,4,2,2,2,2,4,7,3,3,2,6,4,1,2,,,4,4,,,2,3,2,2,2,2,2,2,2,2,5,6,2,2,2,2,2,3,2,2,2,4,3,1,,6,,,"b'\x11\xe8\xe1I\xcb,\xcf\xf0\xaf\x82\x12\xdf\x17\xaeN\x1e'"
11E8E149-CB2C-CFF0-AF82-12DF17AE4E1E,2020-ncaa-d1-natl,ncaa,36,67,2,66,7,21,23,59,21,23,109,20,109,112,112,165,51,51,162,56,113,48,59,29,28,35,219,195,181,90,80,41,78,36,42,13,17,168,105,23,135,155,49,30,,,131,84,,,32,61,283,273,61,58,229,61,219,156,176,108,120,129,211,261,156,150,137,16,81,194,73,,47,,,35,204,169,259,73,74,88,116,319,341,112,345,168,123,321,118,179,238,255,109,122,125,332,330,167,156,78,100,80,114,42,191,194,138,162,147,212,147,58,44,,,31,72,,,32,276,27,109,37,65,50,85,22,14,273,316,101,76,71,55,40,69,23,25,98,221,123,33,,126,,,"b'\x11\xe8\xe1I\xcb,\xcf\xf0\xaf\x82\x12\xdf\x17\xaeN\x1e'"
11E8E149-CB2C-CFF0-AF82-12DF17AE4E1E,2021-ncaa-d0-natl,ncaa,18,20,59,16,70,65,96,115,80,97,148,47,76,69,160,107,18,16,87,17,12,94,105,74,51,44,76,163,25,121,183,63,40,77,77,69,88,171,77,79,113,156,85,95,,,229,176,,,41,102,243,178,90,142,243,176,272,117,109,16,14,17,188,241,216,105,149,107,63,183,134,,135,,,42,203,189,226,89,174,191,129,237,271,87,261,230,221,260,220,217,226,224,102,110,117,250,221,215,154,40,234,183,205,77,215,205,100,139,146,217,157,283,271,,,39,25,,,41,235,47,93,46,77,58,77,54,49,160,215,154,132,132,72,52,39,107,61,119,187,131,226,,57,,,"b'\x11\xe8\xe1I\xcb,\xcf\xf0\xaf\x82\x12\xdf\x17\xaeN\x1e'"
11E8E149-CB2C-CFF0-AF82-12DF17AE4E1E,2021-ncaa-d1-conf-Summit League,ncaa,2,1,6,1,8,5,6,7,3,4,4,3,7,6,8,4,3,3,5,3,2,6,7,5,3,2,6,6,2,4,2,6,2,5,2,4,2,1,2,2,4,1,4,3,,,1,2,,,2,8,8,8,4,2,6,3,5,6,5,2,1,1,6,7,2,5,2,1,2,2,3,,1,,,2,1,1,1,2,3,3,3,1,1,1,2,1,1,3,1,2,1,2,2,2,2,1,3,3,1,2,2,2,1,2,2,6,4,2,3,3,4,8,7,,,5,2,,,2,2,2,2,2,2,2,1,4,4,1,2,1,1,1,1,1,2,4,2,3,3,4,7,,2,,,"b'\x11\xe8\xe1I\xcb,\xcf\xf0\xaf\x82\x12\xdf\x17\xaeN\x1e'"
11E8E149-CB2C-CFF0-AF82-12DF17AE4E1E,2021-ncaa-d1-natl,ncaa,21,20,70,17,84,74,103,127,85,108,161,50,88,75,161,106,20,17,83,18,13,106,123,77,53,47,73,161,25,139,190,76,43,91,83,72,89,160,79,79,128,163,92,99,,,220,182,,,46,121,247,174,92,150,247,182,276,119,112,17,16,20,195,245,223,110,157,111,63,192,135,,137,,,45,183,175,207,100,165,178,139,224,256,90,262,224,214,259,213,217,206,205,107,120,124,251,221,217,146,43,219,190,187,83,205,206,115,145,152,207,159,278,275,,,47,24,,,46,218,51,99,49,79,63,77,55,48,163,213,154,134,132,72,50,40,110,63,122,191,133,231,,58,,,"b'\x11\xe8\xe1I\xcb,\xcf\xf0\xaf\x82\x12\xdf\x17\xaeN\x1e'"
11E8E149-CB2C-CFF0-AF82-12DF17AE4E1E,2021-ncaa-d1-ncaatournament,ncaa,33,2,33,33,34,49,51,49,50,45,46,39,53,48,56,29,43,46,19,45,34,42,35,56,51,56,39,46,14,39,31,33,10,34,10,50,38,33,59,59,55,56,48,44,,,8,18,,,41,36,5,7,48,49,34,37,32,49,29,26,34,31,25,6,20,1,5,45,62,52,44,,21,,,45,14,9,28,14,2,9,4,41,34,41,61,8,12,12,10,40,25,22,28,21,29,63,62,24,13,10,11,31,10,10,16,52,53,50,52,35,59,54,64,,,56,59,,,41,28,58,24,45,40,32,57,4,15,63,63,25,31,28,55,51,24,36,32,43,48,61,64,,53,,,"b'\x11\xe8\xe1I\xcb,\xcf\xf0\xaf\x82\x12\xdf\x17\xaeN\x1e'"
11E8E149-CB2C-CFF0-AF82-12DF17AE4E1E,2022-ncaa-d0-natl,ncaa,8,49,1,34,2,4,4,13,2,14,38,8,8,26,3,104,70,83,95,85,229,12,11,2,3,2,143,82,325,75,111,7,13,10,14,3,45,251,68,9,92,206,17,57,,,249,40,,,5,10,263,275,21,18,176,48,230,34,109,223,256,263,206,275,246,60,111,13,44,241,63,,24,,,13,327,331,344,95,320,343,82,311,322,177,179,220,254,59,261,91,342,341,105,84,127,147,220,88,179,13,255,111,233,14,290,114,102,264,204,315,162,340,285,,,32,178,,,5,346,3,89,9,61,90,120,101,152,150,135,57,68,74,97,37,17,9,6,86,302,130,279,,231,,,"b'\x11\xe8\xe1I\xcb,\xcf\xf0\xaf\x82\x12\xdf\x17\xaeN\x1e'"
11E8E149-CB2C-CFF0-AF82-12DF17AE4E1E,2022-ncaa-d1-conf-Summit League,ncaa,2,2,1,2,1,1,1,2,1,2,3,1,1,3,1,4,7,8,5,8,7,2,2,1,1,1,5,3,10,2,1,1,1,1,1,1,1,2,2,1,3,3,1,3,,,2,3,,,1,2,8,8,1,1,4,2,6,1,4,8,8,8,6,6,4,2,2,1,2,3,3,,1,,,1,3,3,6,2,3,9,1,4,3,3,4,2,4,1,4,2,5,8,2,2,2,4,6,3,3,1,1,1,1,1,5,8,3,4,2,3,2,7,5,,,4,8,,,1,9,1,2,1,2,2,2,2,5,2,2,1,2,2,2,1,1,1,1,2,5,2,4,,9,,,"b'\x11\xe8\xe1I\xcb,\xcf\xf0\xaf\x82\x12\xdf\x17\xaeN\x1e'"
11E8E149-CB2C-CFF0-AF82-12DF17AE4E1E,2022-ncaa-d1-natl,ncaa,6,49,1,34,1,2,2,8,2,10,37,8,8,24,1,105,65,74,120,76,220,12,8,2,2,2,131,78,323,67,109,5,16,6,14,2,45,254,66,9,94,212,14,53,,,230,34,,,6,5,272,275,22,20,187,55,237,37,111,224,245,252,209,281,239,62,113,14,40,243,63,,23,,,11,331,336,345,102,325,348,92,305,320,161,172,199,236,68,242,72,348,349,107,81,126,120,201,73,186,16,262,109,238,14,294,120,102,269,211,313,160,339,285,,,26,176,,,6,352,3,91,9,63,98,130,114,169,136,129,48,57,59,102,36,20,9,6,93,305,130,275,,229,,,"b'\x11\xe8\xe1I\xcb,\xcf\xf0\xaf\x82\x12\xdf\x17\xaeN\x1e'"
11E8E149-CB2C-CFF0-AF82-12DF17AE4E1E,2023-ncaa-d0-natl,ncaa,11,13,17,14,27,11,15,39,8,16,66,9,56,76,40,190,7,5,149,6,17,30,35,11,8,7,166,207,88,91,108,7,1,17,7,14,56,161,46,16,86,157,37,57,,,185,55,,,6,26,126,284,12,24,139,28,172,95,147,10,15,15,78,146,180,13,30,18,44,184,64,,54,,,6,287,265,329,38,174,299,27,333,329,204,284,206,208,182,210,116,329,324,61,57,72,313,326,141,63,1,216,108,149,7,130,39,111,222,70,233,108,289,209,,,6,6,,,6,336,8,38,6,71,65,188,34,110,261,268,86,91,92,153,119,8,38,11,29,224,119,222,,8,,,"b'\x11\xe8\xe1I\xcb,\xcf\xf0\xaf\x82\x12\xdf\x17\xaeN\x1e'"
11E8E149-CB2C-CFF0-AF82-12DF17AE4E1E,2023-ncaa-d1-conf-Summit League,ncaa,1,1,1,1,3,1,1,2,1,1,4,1,1,4,1,6,1,1,7,1,4,2,3,1,1,1,4,6,8,3,2,1,1,1,1,1,2,1,1,1,2,2,1,1,,,1,1,,,1,2,5,9,1,1,5,1,5,3,5,1,1,1,3,6,4,1,1,1,1,3,2,,1,,,1,1,1,7,1,1,6,1,4,4,6,4,1,1,1,1,1,5,6,1,1,1,8,10,2,1,1,3,2,1,1,1,2,2,1,1,1,1,1,1,,,1,1,,,1,9,1,1,1,1,1,2,1,3,4,3,1,1,1,1,2,1,1,1,1,4,1,1,,1,,,"b'\x11\xe8\xe1I\xcb,\xcf\xf0\xaf\x82\x12\xdf\x17\xaeN\x1e'"
11E8E149-CB2C-CFF0-AF82-12DF17AE4E1E,2023-ncaa-d1-natl,ncaa,11,13,18,14,31,12,17,50,8,17,75,9,66,91,40,190,7,6,148,7,17,30,38,11,8,7,166,207,86,109,115,7,1,20,7,14,60,131,47,17,117,175,41,60,,,157,55,,,6,30,130,284,13,28,156,30,175,102,150,10,16,16,81,149,193,14,36,19,46,197,67,,55,,,6,267,243,325,45,146,285,32,327,323,222,284,189,187,182,189,117,321,313,68,63,90,313,326,135,45,1,181,115,106,7,109,44,144,233,81,210,113,284,218,,,6,5,,,6,332,8,46,6,79,77,192,40,112,269,270,91,92,91,159,114,7,39,10,32,234,118,229,,9,,,"b'\x11\xe8\xe1I\xcb,\xcf\xf0\xaf\x82\x12\xdf\x17\xaeN\x1e'"
11E8E149-CB2C-CFF0-AF82-12DF17AE4E1E,2023-ncaa-d1-ncaatournament,ncaa,18,2,18,18,18,31,33,30,47,26,24,44,50,40,62,61,15,16,30,15,11,23,24,51,47,49,45,63,3,25,37,20,36,20,30,37,61,47,38,58,21,18,27,29,,,40,22,,,35,22,38,3,43,52,47,32,21,62,58,7,8,6,26,27,23,9,11,60,46,16,31,,24,,,33,42,43,49,14,33,42,10,59,54,40,60,14,25,10,25,9,49,48,24,12,9,56,61,6,47,36,46,37,47,30,29,14,23,27,15,42,26,64,60,,,20,15,,,35,47,48,15,32,25,30,59,11,25,58,65,3,7,7,50,56,48,43,46,15,19,27,63,,10,,,"b'\x11\xe8\xe1I\xcb,\xcf\xf0\xaf\x82\x12\xdf\x17\xaeN\x1e'"
11E8E149-CB2C-CFF0-AF82-12DF17AE4E1E,2024-ncaa-d0-natl,ncaa,34,13,143,28,157,83,95,216,10,88,201,23,101,216,5,207,83,75,200,75,53,186,202,12,10,20,161,172,155,261,156,62,27,122,15,84,119,129,160,75,298,306,58,38,,,40,40,,,29,189,229,105,48,53,282,66,223,97,218,69,63,62,241,262,278,34,99,60,131,315,47,,34,,,27,88,106,214,34,110,165,101,142,259,12,278,88,96,130,93,105,192,138,39,31,87,160,201,131,78,27,21,156,24,15,99,145,300,314,233,180,206,278,302,,,82,25,,,29,168,25,71,25,73,86,220,99,141,141,268,92,98,97,187,92,60,7,11,98,327,176,293,,65,,,"b'\x11\xe8\xe1I\xcb,\xcf\xf0\xaf\x82\x12\xdf\x17\xaeN\x1e'"
11E8E149-CB2C-CFF0-AF82-12DF17AE4E1E,2024-ncaa-d1-conf-Summit League,ncaa,1,1,1,1,1,1,2,3,1,2,5,1,1,3,1,3,4,3,8,3,3,3,3,1,1,1,5,3,6,5,2,1,1,1,1,1,3,4,3,1,5,4,1,2,,,1,1,,,1,4,7,3,2,2,9,2,7,2,4,5,4,3,7,7,6,1,1,1,3,7,2,,1,,,1,1,2,8,1,2,5,1,4,8,1,8,1,1,3,1,1,5,5,1,1,1,4,6,3,3,1,1,2,1,1,1,4,4,6,3,4,4,5,6,,,3,3,,,1,6,1,1,1,1,1,4,1,2,2,6,1,1,1,1,3,3,1,1,1,7,4,4,,3,,,"b'\x11\xe8\xe1I\xcb,\xcf\xf0\xaf\x82\x12\xdf\x17\xaeN\x1e'"
11E8E149-CB2C-CFF0-AF82-12DF17AE4E1E,2024-ncaa-d1-natl,ncaa,25,13,78,24,89,62,63,181,11,66,178,24,93,205,8,217,65,57,200,59,53,149,162,12,12,20,166,177,152,239,153,37,27,80,15,65,123,150,152,76,302,328,37,27,,,53,41,,,29,133,229,119,48,50,278,70,217,105,224,68,60,60,237,268,281,32,89,57,119,331,40,,33,,,27,141,161,280,39,160,219,93,168,295,14,275,111,123,125,124,104,254,205,41,29,97,150,199,128,91,27,31,153,38,15,122,131,302,332,246,207,208,285,286,,,54,23,,,29,226,25,81,27,76,93,227,110,153,143,272,92,101,105,202,93,65,7,13,99,337,173,271,,60,,,"b'\x11\xe8\xe1I\xcb,\xcf\xf0\xaf\x82\x12\xdf\x17\xaeN\x1e'"
11E8E149-CB2C-CFF0-AF82-12DF17AE4E1E,2024-ncaa-d1-ncaatournament,ncaa,37,3,37,37,38,60,66,66,59,62,55,62,60,66,48,62,31,30,50,29,1,61,48,58,55,57,19,60,1,57,50,38,1,48,26,61,36,27,59,67,59,48,29,7,,,6,29,,,49,44,33,5,58,66,66,61,42,56,64,2,1,1,54,30,45,22,37,60,61,51,12,,14,,,50,7,12,13,46,12,7,65,21,29,21,65,3,3,40,3,11,6,3,47,46,51,29,60,5,1,1,20,50,7,26,22,61,58,42,62,27,57,14,41,,,37,1,,,49,13,60,37,53,27,43,22,32,10,48,60,3,3,3,8,5,1,53,16,56,48,56,38,,1,,,"b'\x11\xe8\xe1I\xcb,\xcf\xf0\xaf\x82\x12\xdf\x17\xaeN\x1e'"
11E8E149-CB2C-CFF0-AF82-12DF17AE4E1E,2025-ncaa-d0-natl,genius_ncaa,13,4,90,8,131,54,53,132,7,58,170,10,52,124,11,138,92,112,124,113,111,131,165,6,5,6,147,129,247,248,218,36,1,77,14,41,72,57,56,16,299,314,65,71,,,106,104,,59,41,138,221,354,32,34,181,54,221,50,143,114,140,142,176,272,286,14,80,28,42,327,67,,68,,45,38,198,211,251,126,219,257,127,190,225,143,178,147,150,128,149,110,250,184,120,112,222,143,185,126,16,1,111,218,44,14,34,6,330,351,212,73,78,146,144,,,163,178,,144,41,223,14,150,39,131,156,199,164,210,161,177,121,121,124,177,58,6,45,16,22,357,69,123,,225,,166,"b'\x11\xe8\xe1I\xcb,\xcf\xf0\xaf\x82\x12\xdf\x17\xaeN\x1e'"
11E8E149-CB2C-CFF0-AF82-12DF17AE4E1E,2025-ncaa-d1-conf-Summit League,genius_ncaa,1,1,1,1,2,2,2,2,1,2,5,1,1,2,1,3,4,5,8,5,5,3,3,1,1,1,4,2,9,4,3,1,1,1,1,1,1,3,2,1,3,4,1,1,,,2,4,,2,1,5,7,6,2,2,4,2,6,1,2,8,5,6,4,7,4,1,1,1,2,6,2,,2,,1,1,2,1,6,1,1,4,1,5,7,1,8,3,3,1,3,5,6,5,1,1,1,9,9,4,2,1,2,3,2,1,2,2,6,7,3,4,3,2,2,,,6,8,,8,1,5,1,1,1,1,1,3,1,2,3,4,2,3,3,1,1,1,2,2,1,8,3,1,,8,,8,"b'\x11\xe8\xe1I\xcb,\xcf\xf0\xaf\x82\x12\xdf\x17\xaeN\x1e'"
11E8E149-CB2C-CFF0-AF82-12DF17AE4E1E,2025-ncaa-d1-natl,genius_ncaa,10,4,43,8,70,41,39,87,7,39,130,11,40,97,14,141,80,80,172,81,114,83,113,8,10,7,158,130,264,223,222,20,1,39,12,29,71,70,53,16,294,315,51,67,,,126,88,,59,35,90,222,354,36,31,175,50,213,54,141,124,132,133,168,268,279,10,63,27,36,330,59,,59,,36,36,235,252,301,103,260,294,114,230,261,130,189,150,158,136,158,96,290,227,101,89,208,144,194,107,22,1,167,222,98,12,51,7,322,350,214,111,84,151,121,,,128,172,,141,35,271,14,142,31,120,141,212,158,213,161,187,100,105,103,183,59,6,58,17,23,358,73,104,,216,,176,"b'\x11\xe8\xe1I\xcb,\xcf\xf0\xaf\x82\x12\xdf\x17\xaeN\x1e'"
11E8E149-CB2C-CFF0-AF82-12DF17AE4E1E,2025-ncaa-d1-ncaatournament,genius_ncaa,17,2,17,17,20,27,26,26,24,25,24,30,28,33,20,51,23,27,29,27,33,26,23,27,26,37,46,43,29,22,18,20,5,20,2,28,41,57,60,51,44,57,24,33,,,35,18,,44,57,24,22,7,32,30,47,25,26,40,53,28,32,31,42,25,23,11,14,35,61,57,32,,17,,43,48,50,53,44,52,52,45,53,53,47,50,44,19,25,6,25,12,42,40,54,49,58,26,53,5,23,5,34,18,31,2,49,30,35,57,56,46,42,53,59,,,25,28,,16,57,44,34,50,46,51,58,42,46,40,51,51,5,10,11,38,22,7,9,2,44,58,43,60,,25,,15,"b'\x11\xe8\xe1I\xcb,\xcf\xf0\xaf\x82\x12\xdf\x17\xaeN\x1e'"
11E8E149-CB2C-CFF0-AF82-12DF17AE4E1E,2026-ncaa-d0-natl,genius_ncaa,17,39,9,38,20,22,32,54,25,36,55,37,50,79,42,219,16,13,116,14,58,40,50,26,21,24,169,187,124,183,291,3,4,22,47,40,155,171,47,34,233,329,42,69,,,127,9,,6,62,32,157,97,41,48,200,58,180,104,203,48,56,52,156,271,308,5,58,70,31,336,71,,8,,4,76,344,342,354,92,296,325,89,357,359,238,333,213,183,320,168,46,352,322,148,142,243,305,344,59,163,4,321,291,290,47,323,187,242,351,338,314,210,46,19,,,14,38,,324,62,337,33,193,66,207,226,313,105,175,336,342,78,46,37,269,103,25,156,76,211,355,178,14,,73,,350,"b'\x11\xe8\xe1I\xcb,\xcf\xf0\xaf\x82\x12\xdf\x17\xaeN\x1e'"
11E8E149-CB2C-CFF0-AF82-12DF17AE4E1E,2026-ncaa-d1-natl,genius_ncaa,18,39,13,39,35,26,38,77,27,42,84,44,67,118,44,219,20,19,116,18,55,60,83,30,23,27,150,184,108,258,316,4,5,31,60,48,164,127,54,40,301,350,51,77,,,68,9,,6,96,55,176,100,53,67,229,77,196,120,217,49,61,56,181,290,330,5,72,87,35,351,80,,8,,3,111,335,335,350,125,262,305,114,353,354,271,331,178,133,332,122,48,343,296,183,172,286,303,346,56,112,5,302,316,252,60,312,191,314,357,348,290,224,30,19,,,19,34,,337,96,314,40,242,100,246,256,322,128,189,346,344,90,53,45,285,101,28,174,90,240,359,187,12,,75,,351,"b'\x11\xe8\xe1I\xcb,\xcf\xf0\xaf\x82\x12\xdf\x17\xaeN\x1e'"
11E8E149-CB31-0FD4-AF82-12DF17AE4E1E,2010-ncaa-d0-natl,ncaa,159,174,122,172,140,170,156,152,159,144,152,144,177,168,189,183,218,184,279,180,196,160,147,160,193,212,226,181,240,98,82,97,56,85,49,152,168,239,230,201,172,180,165,160,,,258,275,,,145,162,191,124,191,156,166,147,172,176,178,240,193,193,179,155,104,66,59,159,233,189,177,,249,,,145,136,81,171,58,102,136,79,135,213,38,213,291,270,302,270,271,184,171,58,99,128,256,144,310,112,56,133,82,120,49,112,192,211,217,175,227,211,81,73,,,165,201,,,145,183,188,105,146,120,60,136,79,112,120,209,287,255,257,174,146,91,120,91,103,235,220,78,,180,,,b'\x11\xe8\xe1I\xcb1\x0f\xd4\xaf\x82\x12\xdf\x17\xaeN\x1e'
11E8E149-CB31-0FD4-AF82-12DF17AE4E1E,2010-ncaa-d1-conf-AAC,ncaa,11,10,10,11,12,14,14,14,8,13,13,10,9,10,5,7,13,13,13,13,11,14,12,8,12,14,7,5,11,12,11,8,3,11,5,11,8,11,14,12,12,12,11,11,,,6,13,,,10,14,10,10,12,11,12,11,12,6,8,13,11,11,13,11,12,3,7,11,13,12,11,,11,,,10,5,4,3,6,4,2,7,6,10,3,10,10,8,13,7,11,5,3,6,5,9,11,7,12,1,3,4,11,3,5,7,13,12,12,12,8,11,4,4,,,13,9,,,10,3,13,9,10,6,5,6,6,4,7,10,10,10,10,10,4,2,8,4,7,12,10,4,,11,,,b'\x11\xe8\xe1I\xcb1\x0f\xd4\xaf\x82\x12\xdf\x17\xaeN\x1e'
11E8E149-CB31-0FD4-AF82-12DF17AE4E1E,2010-ncaa-d1-natl,ncaa,166,174,134,177,155,185,167,168,161,155,165,150,186,174,191,183,228,189,279,185,196,174,161,164,195,213,225,184,238,106,83,105,58,93,50,163,171,232,234,202,188,179,173,163,,,245,279,,,156,182,193,125,197,162,169,150,173,179,179,242,192,193,181,156,106,72,64,163,232,194,177,,251,,,156,117,68,155,59,90,123,84,129,204,41,213,288,259,302,261,270,168,150,61,104,138,254,145,310,97,58,118,83,100,50,102,193,230,225,181,219,214,76,76,,,178,200,,,156,166,191,112,154,122,61,136,84,114,121,209,290,257,261,178,145,94,122,94,107,240,221,79,,178,,,b'\x11\xe8\xe1I\xcb1\x0f\xd4\xaf\x82\x12\xdf\x17\xaeN\x1e'
11E8E149-CB31-0FD4-AF82-12DF17AE4E1E,2011-ncaa-d0-natl,ncaa,208,242,119,231,142,189,166,85,277,132,60,297,228,230,209,263,224,167,304,167,292,93,132,288,308,245,256,227,215,41,57,239,161,113,134,192,200,49,30,112,122,96,111,74,,,321,341,,,209,192,257,192,228,191,54,151,40,234,242,246,184,180,69,138,20,277,102,194,42,121,117,,323,,,206,172,84,53,213,113,67,252,78,103,80,128,330,325,195,327,338,120,128,195,253,217,251,68,336,105,161,263,57,205,134,147,241,157,130,149,27,18,270,172,,,181,218,,,209,147,192,207,206,143,72,20,106,37,75,93,323,324,323,73,68,89,252,186,147,175,30,259,,196,,,b'\x11\xe8\xe1I\xcb1\x0f\xd4\xaf\x82\x12\xdf\x17\xaeN\x1e'
11E8E149-CB31-0FD4-AF82-12DF17AE4E1E,2011-ncaa-d1-conf-AAC,ncaa,14,13,13,14,14,12,12,5,12,12,4,14,12,11,10,12,12,12,14,11,13,6,11,14,13,13,13,10,10,4,7,14,10,10,12,13,14,2,2,8,10,8,10,8,,,15,16,,,14,12,10,8,12,11,2,8,3,12,11,11,10,9,3,4,2,14,8,12,2,8,9,,16,,,14,15,8,1,16,9,4,16,4,4,9,6,16,16,12,16,15,2,3,16,16,16,10,4,16,2,10,14,7,8,12,8,10,13,12,12,2,1,12,9,,,10,11,,,14,4,12,15,14,16,11,2,14,4,6,6,16,16,16,7,5,2,15,14,11,13,3,14,,9,,,b'\x11\xe8\xe1I\xcb1\x0f\xd4\xaf\x82\x12\xdf\x17\xaeN\x1e'
11E8E149-CB31-0FD4-AF82-12DF17AE4E1E,2011-ncaa-d1-natl,ncaa,226,240,132,237,163,211,189,98,283,152,66,301,235,237,210,263,242,181,303,178,294,109,153,291,310,245,254,226,214,46,60,260,166,129,139,206,203,33,30,111,136,103,119,78,,,317,341,,,214,229,259,190,232,195,58,155,41,236,241,246,187,186,74,143,22,280,105,200,41,130,118,,326,,,213,151,70,37,220,101,51,254,69,91,84,124,327,322,199,324,338,91,92,197,262,222,247,67,337,88,166,245,60,185,139,134,241,179,138,159,19,18,269,178,,,198,216,,,214,108,198,214,212,152,74,23,108,38,76,92,327,324,325,74,66,89,257,187,151,182,28,263,,198,,,b'\x11\xe8\xe1I\xcb1\x0f\xd4\xaf\x82\x12\xdf\x17\xaeN\x1e'
11E8E149-CB31-0FD4-AF82-12DF17AE4E1E,2012-ncaa-d0-natl,ncaa,106,174,11,142,11,53,70,15,279,75,32,262,83,43,258,137,42,40,175,40,160,15,14,266,258,197,125,149,122,55,241,39,247,36,289,82,180,220,52,122,19,53,52,85,,,341,299,,,116,11,74,35,135,145,41,155,107,141,101,107,107,111,41,71,130,179,146,169,86,34,96,,320,,,119,298,223,303,55,249,303,72,128,222,34,97,338,340,180,341,321,326,336,45,91,43,251,56,335,332,247,343,241,343,289,255,224,8,33,32,111,22,332,285,,,31,183,,,116,334,193,47,126,142,59,114,102,161,58,100,320,320,318,185,290,263,331,328,120,20,40,310,,121,,,b'\x11\xe8\xe1I\xcb1\x0f\xd4\xaf\x82\x12\xdf\x17\xaeN\x1e'
11E8E149-CB31-0FD4-AF82-12DF17AE4E1E,2012-ncaa-d1-conf-AAC,ncaa,9,9,4,9,5,7,7,4,12,10,8,11,5,4,7,6,6,6,9,6,3,4,7,10,11,7,3,6,5,9,14,9,13,9,14,11,11,2,1,5,4,5,10,10,,,14,11,,,9,6,8,2,6,7,4,11,9,5,4,5,5,5,4,9,10,10,9,11,2,4,10,,13,,,9,11,9,9,8,11,9,11,5,7,4,8,13,13,6,13,13,9,11,7,8,7,7,4,10,14,13,16,14,16,14,11,10,5,5,7,2,1,14,15,,,6,4,,,9,12,8,7,9,9,8,11,9,8,6,7,11,13,13,11,14,14,16,16,10,5,2,14,,6,,,b'\x11\xe8\xe1I\xcb1\x0f\xd4\xaf\x82\x12\xdf\x17\xaeN\x1e'
11E8E149-CB31-0FD4-AF82-12DF17AE4E1E,2012-ncaa-d1-natl,ncaa,112,173,12,148,12,62,77,16,286,83,32,267,92,53,262,134,47,42,172,42,158,15,15,274,264,205,121,146,118,61,246,47,251,42,296,93,184,200,54,127,21,55,58,85,,,339,302,,,125,12,78,37,141,158,42,163,113,143,102,108,109,110,42,75,137,184,150,179,85,34,96,,320,,,128,290,212,295,59,238,297,75,117,210,34,97,336,340,184,341,320,325,335,53,97,53,251,58,335,331,251,342,246,341,296,247,228,8,35,32,96,24,332,287,,,35,182,,,125,333,203,57,132,151,62,114,108,168,60,102,322,320,317,183,289,264,332,328,124,20,40,310,,119,,,b'\x11\xe8\xe1I\xcb1\x0f\xd4\xaf\x82\x12\xdf\x17\xaeN\x1e'
11E8E149-CB31-0FD4-AF82-12DF17AE4E1E,2013-ncaa-d0-natl,ncaa,60,65,41,67,45,34,51,13,211,90,40,247,31,40,72,104,54,44,179,44,135,13,13,171,182,126,63,72,179,10,56,26,76,14,66,79,196,203,49,106,29,56,23,22,,,329,280,,,43,27,42,79,32,59,6,134,78,40,51,75,71,66,6,12,12,32,3,93,129,43,32,,300,,,44,244,165,267,36,111,206,58,252,300,69,262,317,327,78,329,326,291,310,52,65,47,316,243,310,238,76,327,56,315,66,222,266,24,65,69,75,14,340,304,,,37,204,,,43,315,88,39,47,136,72,159,51,91,213,268,281,297,298,217,280,152,286,262,157,43,51,329,,57,,,b'\x11\xe8\xe1I\xcb1\x0f\xd4\xaf\x82\x12\xdf\x17\xaeN\x1e'
11E8E149-CB31-0FD4-AF82-12DF17AE4E1E,2013-ncaa-d1-conf-AAC,ncaa,6,6,4,6,6,6,6,3,12,11,6,12,3,5,5,7,5,5,4,4,4,4,4,11,10,8,2,4,4,4,7,3,2,4,6,9,13,5,6,8,6,7,4,4,,,15,13,,,6,4,3,8,6,6,2,12,5,3,5,3,4,3,3,4,3,2,4,10,6,6,4,,14,,,6,5,3,6,3,3,5,3,5,10,4,11,15,15,7,15,14,10,9,3,6,6,14,8,15,4,2,15,7,12,6,4,12,6,5,4,4,2,14,14,,,5,8,,,6,12,8,5,6,7,4,7,4,5,6,10,14,15,15,10,11,4,14,11,5,6,4,14,,3,,,b'\x11\xe8\xe1I\xcb1\x0f\xd4\xaf\x82\x12\xdf\x17\xaeN\x1e'
11E8E149-CB31-0FD4-AF82-12DF17AE4E1E,2013-ncaa-d1-natl,ncaa,63,65,49,71,54,40,59,14,214,102,44,255,33,44,70,104,58,47,177,47,136,14,13,179,189,129,60,71,179,10,57,32,78,14,67,83,202,187,52,111,33,60,24,23,,,325,280,,,44,30,42,79,37,63,6,143,79,39,51,75,72,67,6,12,13,35,4,97,127,43,33,,303,,,46,231,147,255,39,98,191,61,249,295,75,262,313,322,81,326,326,286,306,56,70,53,315,243,309,228,78,325,57,310,67,216,267,30,66,72,63,15,339,307,,,43,201,,,44,311,90,47,50,138,76,163,54,91,217,267,288,298,301,220,280,151,288,263,165,46,54,331,,60,,,b'\x11\xe8\xe1I\xcb1\x0f\xd4\xaf\x82\x12\xdf\x17\xaeN\x1e'
11E8E149-CB31-0FD4-AF82-12DF17AE4E1E,2013-ncaa-d1-ncaatournament,ncaa,17,2,17,17,18,19,23,19,31,26,24,30,15,14,31,25,12,13,27,12,7,17,18,28,23,21,17,28,13,21,28,18,35,18,21,18,23,40,21,19,22,38,22,28,,,54,61,,,25,18,23,3,9,21,16,24,33,17,16,5,8,7,8,12,25,3,7,11,31,33,16,,64,,,25,47,44,43,20,43,45,12,43,40,47,20,55,59,5,59,62,48,45,21,23,35,53,35,61,46,35,47,28,44,21,48,51,25,54,50,38,29,9,8,,,18,17,,,25,47,18,37,22,54,33,47,32,46,39,33,63,64,64,61,56,50,38,44,46,39,34,9,,12,,,b'\x11\xe8\xe1I\xcb1\x0f\xd4\xaf\x82\x12\xdf\x17\xaeN\x1e'
11E8E149-CB31-0FD4-AF82-12DF17AE4E1E,2014-ncaa-d0-natl,ncaa,47,105,8,85,12,52,37,17,207,34,13,239,180,156,204,260,68,75,184,76,279,21,17,239,245,204,278,252,202,18,68,8,35,6,31,53,146,271,92,112,210,274,10,20,,,277,133,,,45,27,211,270,175,149,86,101,57,242,248,200,193,196,100,145,50,23,15,132,104,285,13,,97,,,56,204,203,326,12,207,333,8,194,226,111,110,187,194,122,192,62,319,315,11,10,21,170,180,180,263,35,323,68,312,31,172,129,110,219,109,142,40,349,323,,,27,148,,,45,322,145,21,58,29,30,167,41,237,93,97,79,83,78,131,100,97,161,124,50,238,49,343,,143,,,b'\x11\xe8\xe1I\xcb1\x0f\xd4\xaf\x82\x12\xdf\x17\xaeN\x1e'
11E8E149-CB31-0FD4-AF82-12DF17AE4E1E,2014-ncaa-d1-conf-AAC,ncaa,3,3,1,3,2,4,4,4,4,4,2,6,5,7,3,9,2,2,2,2,3,3,2,5,4,4,7,8,3,2,3,2,1,1,2,4,5,2,3,4,10,10,3,3,,,7,7,,,3,4,9,4,4,4,7,4,2,6,8,2,2,2,4,7,5,2,1,5,2,10,3,,3,,,3,3,2,8,2,2,9,2,8,8,7,7,5,5,6,5,4,9,6,2,2,3,10,9,8,4,1,8,3,7,2,3,4,9,10,5,2,2,9,8,,,2,1,,,3,7,3,3,3,2,2,5,2,5,8,7,4,4,4,5,2,2,4,3,3,10,2,9,,2,,,b'\x11\xe8\xe1I\xcb1\x0f\xd4\xaf\x82\x12\xdf\x17\xaeN\x1e'
11E8E149-CB31-0FD4-AF82-12DF17AE4E1E,2014-ncaa-d1-natl,ncaa,52,105,9,88,13,58,40,19,209,37,14,246,185,162,205,260,79,85,181,86,278,24,19,246,247,206,277,254,198,19,69,9,37,7,32,60,152,254,93,114,222,276,10,23,,,262,133,,,48,31,214,273,181,153,90,105,62,245,249,202,194,197,106,148,49,24,16,141,102,289,14,,99,,,61,187,184,322,13,191,331,8,185,209,111,110,181,184,125,183,62,314,310,11,12,22,166,178,179,251,37,317,69,306,32,153,127,121,226,114,131,41,349,323,,,32,144,,,48,316,150,20,65,30,31,170,43,237,93,93,80,83,80,131,97,97,162,124,49,248,48,343,,145,,,b'\x11\xe8\xe1I\xcb1\x0f\xd4\xaf\x82\x12\xdf\x17\xaeN\x1e'
11E8E149-CB31-0FD4-AF82-12DF17AE4E1E,2015-ncaa-d0-natl,ncaa,20,27,13,27,22,21,30,30,72,36,40,78,72,87,88,173,26,41,58,39,135,28,27,76,70,55,166,178,139,34,36,4,63,7,23,95,297,212,67,129,171,258,24,53,,,156,15,,,25,29,169,259,41,46,87,65,122,131,141,65,98,96,82,124,65,7,6,180,96,260,29,,27,,,27,260,297,344,18,280,344,5,274,263,225,128,53,68,72,70,9,335,326,15,6,39,97,253,21,314,63,251,36,294,23,197,82,149,272,176,167,63,347,327,,,23,105,,,25,324,31,42,25,68,126,319,129,326,185,166,11,15,19,265,190,217,63,94,84,264,72,338,,73,,,b'\x11\xe8\xe1I\xcb1\x0f\xd4\xaf\x82\x12\xdf\x17\xaeN\x1e'
11E8E149-CB31-0FD4-AF82-12DF17AE4E1E,2015-ncaa-d1-conf-AAC,ncaa,2,2,1,2,1,2,2,2,2,2,2,2,3,3,4,8,1,1,2,1,2,2,1,2,2,2,8,9,6,2,2,2,2,1,2,3,11,3,3,3,8,8,3,3,,,2,2,,,2,2,6,5,2,2,3,2,5,3,5,1,2,2,4,4,3,2,1,6,3,8,3,,2,,,2,2,8,11,2,7,10,2,7,9,4,5,2,2,1,2,2,11,11,2,2,2,4,8,2,7,2,3,2,4,2,5,4,8,9,6,3,2,11,8,,,1,1,,,2,11,2,2,2,2,4,10,4,9,6,6,2,2,2,8,6,4,2,2,2,9,2,10,,2,,,b'\x11\xe8\xe1I\xcb1\x0f\xd4\xaf\x82\x12\xdf\x17\xaeN\x1e'
11E8E149-CB31-0FD4-AF82-12DF17AE4E1E,2015-ncaa-d1-natl,ncaa,21,27,15,27,24,24,34,33,73,40,48,82,85,96,90,174,28,45,56,44,131,32,31,82,76,61,163,175,133,39,39,4,65,8,24,111,298,195,69,139,188,264,24,55,,,121,16,,,26,34,173,257,46,50,93,68,131,131,142,68,100,96,86,135,68,8,7,187,94,264,28,,28,,,28,240,287,343,19,267,342,8,266,248,234,124,43,56,73,58,9,332,322,20,6,44,97,252,21,307,65,224,39,276,24,181,83,171,277,188,153,66,347,329,,,27,98,,,26,321,35,46,27,70,136,320,138,325,185,161,11,15,17,264,189,222,63,97,88,269,74,339,,72,,,b'\x11\xe8\xe1I\xcb1\x0f\xd4\xaf\x82\x12\xdf\x17\xaeN\x1e'
11E8E149-CB31-0FD4-AF82-12DF17AE4E1E,2015-ncaa-d1-ncaatournament,ncaa,17,2,17,17,17,27,30,30,47,28,26,47,29,23,39,32,17,23,23,22,14,27,27,47,40,42,21,34,7,24,29,22,49,21,40,27,39,43,39,44,23,34,10,10,,,35,11,,,21,27,40,4,41,52,48,45,38,34,34,9,17,16,36,35,25,25,21,42,39,26,2,,14,,,21,36,38,47,8,43,49,7,23,32,25,7,28,23,51,27,6,44,43,7,5,8,11,19,23,50,49,39,29,45,40,32,18,27,39,22,46,51,50,54,,,21,13,,,21,39,35,14,20,14,18,58,35,64,13,12,20,9,14,47,48,59,30,49,14,34,49,48,,16,,,b'\x11\xe8\xe1I\xcb1\x0f\xd4\xaf\x82\x12\xdf\x17\xaeN\x1e'
11E8E149-CB31-0FD4-AF82-12DF17AE4E1E,2016-ncaa-d0-natl,ncaa,41,58,25,58,30,24,34,22,101,41,27,155,63,88,43,190,13,42,5,45,183,23,34,105,74,34,137,163,98,65,141,7,4,13,32,93,279,50,14,50,245,313,140,220,,,78,17,,,29,33,127,249,40,51,42,79,79,95,146,29,94,101,40,122,123,10,17,157,17,314,188,,17,,,29,271,303,329,92,295,323,89,250,287,126,201,78,49,327,50,17,315,295,76,61,130,97,209,34,75,4,315,141,261,32,249,132,181,276,231,93,33,339,294,,,32,123,,,29,319,26,82,26,123,191,273,192,258,194,213,35,18,19,208,145,20,184,83,151,281,42,326,,97,,,b'\x11\xe8\xe1I\xcb1\x0f\xd4\xaf\x82\x12\xdf\x17\xaeN\x1e'
11E8E149-CB31-0FD4-AF82-12DF17AE4E1E,2016-ncaa-d1-conf-AAC,ncaa,2,2,1,2,1,2,2,3,3,4,4,5,2,4,2,5,1,1,2,1,1,3,2,3,2,2,2,2,3,6,7,1,1,1,2,4,9,2,2,2,10,10,6,6,,,3,2,,,2,2,5,7,2,3,5,5,7,2,4,1,1,2,3,6,6,1,3,6,2,11,6,,2,,,2,7,8,11,3,6,9,3,9,10,7,8,2,2,11,2,2,10,8,3,3,4,5,9,2,2,1,7,7,5,2,5,3,8,8,8,3,2,10,9,,,1,1,,,2,11,2,3,2,2,4,8,3,6,8,9,2,2,2,5,2,2,5,2,5,10,3,10,,2,,,b'\x11\xe8\xe1I\xcb1\x0f\xd4\xaf\x82\x12\xdf\x17\xaeN\x1e'
11E8E149-CB31-0FD4-AF82-12DF17AE4E1E,2016-ncaa-d1-natl,ncaa,47,58,30,60,42,29,41,29,109,50,34,162,72,93,43,190,19,54,4,57,182,29,46,111,80,35,134,161,92,76,153,10,4,15,35,108,283,31,15,54,270,317,157,222,,,61,18,,,32,45,130,245,40,55,45,87,82,101,148,28,96,104,42,126,129,10,20,168,17,319,195,,19,,,32,251,285,325,100,286,315,99,236,273,128,198,63,42,329,43,17,305,283,90,71,144,98,207,36,62,4,302,153,236,35,237,135,214,283,239,77,33,338,295,,,44,122,,,32,307,29,92,32,135,202,278,195,259,196,212,36,19,19,211,143,22,192,87,158,288,45,326,,98,,,b'\x11\xe8\xe1I\xcb1\x0f\xd4\xaf\x82\x12\xdf\x17\xaeN\x1e'
11E8E149-CB31-0FD4-AF82-12DF17AE4E1E,2016-ncaa-d1-ncaatournament,ncaa,17,2,17,17,17,30,28,18,55,29,20,49,30,20,46,37,23,27,15,27,42,19,24,54,50,41,32,42,18,17,27,23,37,20,35,34,59,26,10,40,32,39,50,60,,,33,10,,,22,31,58,1,44,43,20,41,20,43,32,27,38,38,22,37,17,23,15,57,10,40,58,,9,,,22,33,39,39,16,39,41,12,36,36,35,25,17,24,10,24,8,36,35,16,12,11,25,39,9,44,37,48,27,46,35,40,34,23,33,30,39,35,24,15,,,20,20,,,22,34,34,13,24,8,20,30,23,34,25,22,5,7,7,19,16,41,47,47,27,37,29,16,,26,,,b'\x11\xe8\xe1I\xcb1\x0f\xd4\xaf\x82\x12\xdf\x17\xaeN\x1e'
11E8E149-CB31-0FD4-AF82-12DF17AE4E1E,2017-ncaa-d0-natl,ncaa,31,39,45,42,67,52,46,59,57,58,101,50,63,74,90,116,113,154,54,156,234,66,85,53,54,37,178,135,259,75,77,24,13,30,12,77,221,81,44,61,332,341,199,247,,,11,5,,,34,105,251,267,63,52,115,89,181,90,105,168,238,240,138,228,115,22,30,118,33,342,239,,3,,,38,215,276,301,108,240,285,91,288,290,210,262,13,9,283,9,4,278,216,120,78,189,115,294,5,65,13,173,77,114,12,254,170,293,329,317,33,24,275,225,,,38,32,,,34,247,27,136,36,97,190,257,157,218,247,242,5,3,3,157,48,31,66,38,166,339,18,230,,58,,,b'\x11\xe8\xe1I\xcb1\x0f\xd4\xaf\x82\x12\xdf\x17\xaeN\x1e'
11E8E149-CB31-0FD4-AF82-12DF17AE4E1E,2017-ncaa-d1-conf-AAC,ncaa,3,3,1,3,1,2,2,3,2,3,4,2,3,5,5,6,5,6,3,6,8,3,2,2,2,2,6,6,7,3,4,2,2,2,3,3,10,3,3,3,11,11,6,6,,,2,2,,,4,4,10,7,3,3,5,3,7,5,5,7,7,7,6,9,3,3,4,5,3,11,6,,2,,,4,8,10,11,6,8,10,4,11,9,11,7,2,2,7,2,2,9,7,5,5,9,2,9,2,2,2,5,4,5,3,11,8,10,10,11,4,2,10,8,,,2,2,,,4,9,3,7,4,7,7,9,7,6,10,8,2,2,2,4,2,2,3,3,8,11,2,9,,2,,,b'\x11\xe8\xe1I\xcb1\x0f\xd4\xaf\x82\x12\xdf\x17\xaeN\x1e'
11E8E149-CB31-0FD4-AF82-12DF17AE4E1E,2017-ncaa-d1-natl,ncaa,43,39,56,49,89,60,52,76,58,67,131,53,75,83,93,114,130,186,55,186,240,85,111,56,56,43,180,136,256,95,84,30,14,35,15,93,227,61,44,64,338,344,211,249,,,7,5,,,47,132,259,269,68,55,125,97,184,92,104,176,238,241,148,236,126,21,35,128,32,345,237,,3,,,52,187,267,299,116,219,271,99,282,276,221,264,11,9,287,9,4,256,178,126,82,195,111,294,6,46,14,133,84,81,15,241,173,315,331,321,22,24,265,234,,,47,33,,,47,218,28,147,49,103,200,256,166,222,250,242,4,3,3,160,48,31,68,40,175,340,18,234,,61,,,b'\x11\xe8\xe1I\xcb1\x0f\xd4\xaf\x82\x12\xdf\x17\xaeN\x1e'
11E8E149-CB31-0FD4-AF82-12DF17AE4E1E,2017-ncaa-d1-ncaatournament,ncaa,33,2,33,33,33,40,54,60,39,56,54,54,35,53,3,33,32,30,39,31,6,55,61,33,25,21,5,16,9,41,16,49,48,43,33,45,27,9,25,29,51,38,40,34,,,14,44,,,21,63,61,6,34,52,58,56,49,14,35,9,6,9,50,59,15,49,36,39,16,41,38,,34,,,24,6,9,9,34,6,5,45,21,27,29,62,11,6,51,6,37,7,6,35,35,35,52,54,29,18,48,4,16,7,33,5,7,47,18,12,1,4,19,46,,,33,1,,,21,4,15,39,18,17,23,14,11,5,44,52,23,10,11,9,9,37,20,26,10,24,1,40,,5,,,b'\x11\xe8\xe1I\xcb1\x0f\xd4\xaf\x82\x12\xdf\x17\xaeN\x1e'
11E8E149-CB31-0FD4-AF82-12DF17AE4E1E,2018-ncaa-d0-natl,ncaa,22,31,25,32,30,28,36,30,54,79,140,40,20,18,62,43,36,71,19,73,89,35,44,39,30,24,43,56,196,43,56,9,7,15,10,42,138,75,33,32,278,307,167,248,,,71,22,,,26,58,240,161,33,46,76,133,263,25,26,80,148,150,89,165,89,8,10,59,35,321,216,,15,,,29,274,299,322,73,287,330,40,260,228,286,108,65,53,241,45,9,310,273,74,57,181,94,218,31,96,7,211,56,163,10,244,117,303,333,318,34,18,198,177,,,32,110,,,26,294,19,131,22,115,182,271,185,304,182,115,21,18,14,198,70,22,69,41,139,336,17,136,,114,,,b'\x11\xe8\xe1I\xcb1\x0f\xd4\xaf\x82\x12\xdf\x17\xaeN\x1e'
11E8E149-CB31-0FD4-AF82-12DF17AE4E1E,2018-ncaa-d1-conf-AAC,ncaa,2,2,1,2,1,2,2,3,6,6,8,3,2,1,4,2,1,2,3,2,3,3,3,3,2,2,3,3,2,2,4,2,1,1,2,2,5,2,2,2,11,11,6,7,,,3,3,,,2,4,11,8,3,4,4,7,11,2,3,1,3,3,4,7,3,2,1,3,2,11,6,,2,,,2,6,7,12,4,6,12,3,10,6,11,5,3,3,8,3,3,12,6,4,2,4,6,8,3,1,1,6,4,5,2,3,2,12,12,10,3,2,7,9,,,1,1,,,2,9,2,3,2,3,4,8,4,8,7,4,2,3,2,5,2,1,5,3,3,12,2,6,,2,,,b'\x11\xe8\xe1I\xcb1\x0f\xd4\xaf\x82\x12\xdf\x17\xaeN\x1e'
11E8E149-CB31-0FD4-AF82-12DF17AE4E1E,2018-ncaa-d1-natl,ncaa,24,31,31,34,40,33,42,37,57,93,176,41,21,23,63,43,46,92,20,94,91,44,56,41,31,24,42,54,193,53,64,12,8,18,10,46,141,50,34,35,292,316,181,250,,,42,23,,,32,73,245,162,36,47,82,146,266,28,26,83,153,158,91,172,93,9,10,64,36,325,221,,16,,,33,263,291,319,84,277,329,45,245,200,293,106,50,42,244,36,10,306,253,84,65,198,86,219,30,74,8,186,64,127,10,235,119,322,334,322,22,19,188,185,,,42,103,,,32,278,20,146,28,124,190,272,194,303,186,113,22,19,15,204,67,25,73,46,153,339,17,140,,113,,,b'\x11\xe8\xe1I\xcb1\x0f\xd4\xaf\x82\x12\xdf\x17\xaeN\x1e'
11E8E149-CB31-0FD4-AF82-12DF17AE4E1E,2018-ncaa-d1-ncaatournament,ncaa,33,2,33,33,34,34,35,42,6,33,47,2,39,41,38,17,51,56,4,56,59,45,42,7,6,15,49,34,54,45,30,51,40,50,34,46,61,17,46,49,53,54,61,61,,,23,50,,,52,40,12,7,14,8,22,11,36,24,19,50,56,56,35,25,34,46,46,44,44,49,61,,52,,,52,31,23,22,57,13,7,47,47,34,59,61,30,21,64,19,51,19,18,61,63,63,63,61,46,10,40,4,30,4,34,15,25,48,39,44,10,28,20,40,,,54,55,,,52,25,21,63,51,63,53,42,28,8,63,61,57,48,46,46,46,24,9,10,44,34,25,40,,53,,,b'\x11\xe8\xe1I\xcb1\x0f\xd4\xaf\x82\x12\xdf\x17\xaeN\x1e'
11E8E149-CB31-0FD4-AF82-12DF17AE4E1E,2019-ncaa-d0-natl,ncaa,105,180,14,146,24,89,103,48,261,111,56,272,111,104,185,184,50,64,90,57,146,45,34,245,226,211,123,181,83,8,10,20,28,7,5,116,175,291,166,194,314,336,23,52,,,99,39,,,70,67,305,335,205,238,183,242,171,176,176,117,152,143,169,183,15,50,10,218,162,340,43,,21,,,75,161,223,310,40,254,332,37,113,186,51,98,54,68,80,61,18,291,283,25,14,39,46,118,54,165,28,231,10,212,5,191,142,170,243,194,191,77,347,322,,,19,81,,,70,292,130,30,72,14,45,125,94,228,42,61,15,25,22,62,30,49,49,36,77,286,71,326,,94,,,b'\x11\xe8\xe1I\xcb1\x0f\xd4\xaf\x82\x12\xdf\x17\xaeN\x1e'
11E8E149-CB31-0FD4-AF82-12DF17AE4E1E,2019-ncaa-d1-conf-AAC,ncaa,4,5,1,5,3,7,9,3,11,10,7,11,5,4,10,6,2,2,6,2,3,3,3,11,9,9,3,5,1,1,1,2,2,1,2,10,9,10,7,9,12,12,1,2,,,2,2,,,4,6,12,11,10,12,10,12,8,6,5,2,2,2,8,9,1,4,1,11,7,12,1,,2,,,5,3,7,9,4,8,12,2,2,2,6,3,2,2,4,2,2,8,6,2,2,3,1,4,2,3,2,8,1,6,2,5,4,11,10,7,5,4,12,12,,,1,1,,,4,7,6,3,4,2,3,2,5,8,1,2,2,2,2,2,1,2,3,2,3,12,3,12,,1,,,b'\x11\xe8\xe1I\xcb1\x0f\xd4\xaf\x82\x12\xdf\x17\xaeN\x1e'
11E8E149-CB31-0FD4-AF82-12DF17AE4E1E,2019-ncaa-d1-natl,ncaa,122,180,21,153,38,110,126,65,273,141,74,282,125,114,192,183,65,89,90,78,149,60,49,256,236,219,118,175,74,10,12,25,32,13,6,137,175,270,170,199,326,336,27,52,,,78,38,,,82,95,306,335,219,252,191,252,173,177,178,120,156,146,182,192,16,51,13,231,161,341,44,,22,,,86,127,193,297,46,237,320,42,94,159,59,95,47,57,84,53,18,274,250,29,20,51,41,113,53,133,32,193,12,167,6,173,144,216,254,203,161,79,347,328,,,36,78,,,82,270,139,37,82,15,57,131,105,232,42,59,20,24,23,66,31,49,51,38,88,290,72,331,,97,,,b'\x11\xe8\xe1I\xcb1\x0f\xd4\xaf\x82\x12\xdf\x17\xaeN\x1e'
11E8E149-CB31-0FD4-AF82-12DF17AE4E1E,2020-ncaa-d0-natl,ncaa,81,134,8,122,32,98,112,66,211,189,186,198,57,43,120,70,144,155,156,155,149,66,35,160,159,200,63,64,207,8,6,22,55,5,7,79,106,307,245,201,228,257,69,99,,,278,250,,,68,105,276,327,199,203,194,267,276,81,80,215,231,231,208,157,18,60,18,141,250,270,104,,180,,,75,129,68,228,18,98,270,13,93,102,95,59,311,317,114,321,269,265,240,19,27,50,237,109,329,174,55,74,6,94,7,58,91,211,245,101,271,206,114,116,,,120,236,,,68,258,129,48,71,37,17,76,35,170,54,52,252,266,272,112,55,90,19,24,26,269,212,72,,226,,,b'\x11\xe8\xe1I\xcb1\x0f\xd4\xaf\x82\x12\xdf\x17\xaeN\x1e'
11E8E149-CB31-0FD4-AF82-12DF17AE4E1E,2020-ncaa-d1-conf-AAC,ncaa,4,4,3,4,6,5,5,8,6,10,11,6,2,4,3,4,3,6,1,6,2,9,10,4,4,5,1,3,3,4,2,2,2,2,2,5,7,9,8,6,11,11,5,8,,,7,8,,,4,9,12,6,5,7,8,11,11,2,4,2,7,6,9,11,5,2,2,6,6,11,5,,8,,,3,3,2,7,2,4,8,2,2,2,2,3,9,9,9,9,9,7,3,2,2,3,6,3,11,5,2,2,2,2,2,1,1,11,11,6,6,6,4,6,,,3,2,,,4,4,5,3,3,3,2,5,4,8,2,3,9,9,9,6,2,5,3,2,2,11,6,4,,3,,,b'\x11\xe8\xe1I\xcb1\x0f\xd4\xaf\x82\x12\xdf\x17\xaeN\x1e'
11E8E149-CB31-0FD4-AF82-12DF17AE4E1E,2020-ncaa-d1-natl,ncaa,92,134,12,125,43,119,147,88,217,216,219,210,62,57,128,70,171,185,156,182,150,92,54,174,170,208,63,62,199,8,6,31,60,5,7,94,108,296,252,208,248,265,78,102,,,260,255,,,83,140,280,327,206,214,204,276,279,87,80,219,230,230,217,163,20,67,19,149,256,279,109,,182,,,88,103,51,198,20,85,251,15,81,83,99,57,298,310,118,315,274,240,198,19,30,56,238,103,330,153,60,58,6,69,7,45,93,237,257,110,264,210,107,123,,,150,235,,,83,223,136,53,78,39,18,76,36,172,56,54,256,271,275,113,57,94,20,26,27,278,215,79,,224,,,b'\x11\xe8\xe1I\xcb1\x0f\xd4\xaf\x82\x12\xdf\x17\xaeN\x1e'
11E8E149-CB31-0FD4-AF82-12DF17AE4E1E,2021-ncaa-d0-natl,ncaa,30,20,136,19,140,134,173,135,282,228,212,256,57,44,199,40,70,75,121,70,19,123,150,233,212,150,19,45,49,17,12,83,72,49,22,71,10,104,50,36,215,249,76,113,,,187,206,,,37,188,317,70,146,234,140,303,286,58,29,50,62,56,107,180,14,51,10,51,42,267,97,,155,,,36,103,99,165,17,155,243,18,38,66,6,13,217,230,115,237,189,173,171,8,13,17,55,12,316,169,72,159,12,164,22,69,53,189,200,64,121,74,130,151,,,71,30,,,37,168,79,19,25,15,18,79,85,244,4,11,202,225,231,90,60,121,91,85,13,237,73,93,,40,,,b'\x11\xe8\xe1I\xcb1\x0f\xd4\xaf\x82\x12\xdf\x17\xaeN\x1e'
11E8E149-CB31-0FD4-AF82-12DF17AE4E1E,2021-ncaa-d1-conf-AAC,ncaa,1,1,6,1,6,5,8,7,8,10,9,8,1,2,2,1,3,3,2,3,1,7,7,5,4,2,1,1,1,1,3,5,1,3,1,4,2,4,2,1,8,9,5,5,,,5,7,,,1,8,11,2,3,9,8,11,11,1,1,1,1,1,5,9,2,1,1,4,2,9,5,,5,,,1,4,4,6,2,4,6,2,2,2,3,2,4,4,10,4,4,5,4,2,2,3,3,3,8,3,1,5,3,5,1,2,1,8,8,3,4,2,2,3,,,3,1,,,1,5,1,3,1,2,2,4,3,7,2,2,6,5,5,2,1,1,5,2,1,9,2,2,,1,,,b'\x11\xe8\xe1I\xcb1\x0f\xd4\xaf\x82\x12\xdf\x17\xaeN\x1e'
11E8E149-CB31-0FD4-AF82-12DF17AE4E1E,2021-ncaa-d1-natl,ncaa,30,20,152,20,156,152,185,148,286,247,233,266,67,52,198,39,80,87,121,81,19,140,163,238,215,153,19,44,49,23,12,97,75,55,22,76,10,94,50,39,230,252,82,117,,,175,213,,,42,209,319,67,152,245,143,307,289,59,31,54,63,60,112,185,16,57,12,53,42,272,99,,155,,,37,97,90,146,18,139,235,19,36,61,6,13,210,225,117,234,190,155,152,8,14,17,53,11,316,157,75,142,12,146,22,66,54,206,210,69,113,76,125,154,,,82,30,,,42,150,80,20,28,16,18,79,92,245,4,10,204,225,233,93,58,127,92,87,13,247,74,94,,41,,,b'\x11\xe8\xe1I\xcb1\x0f\xd4\xaf\x82\x12\xdf\x17\xaeN\x1e'
11E8E149-CB31-0FD4-AF82-12DF17AE4E1E,2021-ncaa-d1-ncaatournament,ncaa,17,2,17,17,18,25,25,21,39,27,26,38,17,18,34,17,27,25,33,23,30,22,26,36,39,26,25,22,35,25,36,21,14,24,25,30,56,22,4,27,42,57,24,26,,,43,50,,,34,26,44,7,32,34,24,41,36,22,18,34,34,31,20,42,30,24,24,55,3,60,31,,42,,,29,41,35,36,21,30,34,18,42,43,36,44,57,53,54,53,59,39,35,26,36,35,58,45,62,26,14,45,36,41,25,41,58,27,40,43,16,6,26,24,,,20,15,,,34,38,30,31,31,26,9,8,7,10,37,42,53,51,49,19,10,15,39,27,30,44,4,14,,18,,,b'\x11\xe8\xe1I\xcb1\x0f\xd4\xaf\x82\x12\xdf\x17\xaeN\x1e'
11E8E149-CB31-0FD4-AF82-12DF17AE4E1E,2022-ncaa-d0-natl,ncaa,34,49,27,45,39,114,128,82,255,132,83,267,133,108,206,183,80,93,121,93,171,78,74,245,234,195,149,181,103,15,12,54,77,28,18,53,21,233,126,94,157,198,106,148,,,224,165,,,68,112,346,253,234,248,218,239,189,201,191,152,179,182,217,249,25,122,44,91,104,244,150,,72,,,74,124,148,250,35,183,292,26,81,114,59,58,171,201,82,200,108,249,235,21,17,35,90,87,209,199,77,197,12,197,18,103,82,167,220,105,138,65,331,300,,,58,117,,,68,245,136,38,66,10,18,63,63,171,24,35,84,90,91,43,12,90,35,35,19,286,54,305,,161,,,b'\x11\xe8\xe1I\xcb1\x0f\xd4\xaf\x82\x12\xdf\x17\xaeN\x1e'
11E8E149-CB31-0FD4-AF82-12DF17AE4E1E,2022-ncaa-d1-conf-AAC,ncaa,2,2,2,2,2,4,4,3,7,5,7,4,7,4,9,5,3,2,7,2,2,3,2,8,7,5,6,7,4,1,2,1,1,1,1,2,3,6,5,5,9,10,4,7,,,5,5,,,2,5,11,7,8,8,10,8,10,7,4,4,3,3,7,8,1,3,1,6,4,11,6,,4,,,3,4,4,7,2,4,10,2,1,2,3,2,6,7,3,6,4,6,5,2,2,2,3,2,8,3,1,3,2,3,1,1,1,8,9,4,3,2,6,8,,,1,2,,,2,7,4,2,3,2,2,4,4,8,1,1,4,3,3,3,1,2,2,2,1,10,2,6,,3,,,b'\x11\xe8\xe1I\xcb1\x0f\xd4\xaf\x82\x12\xdf\x17\xaeN\x1e'
11E8E149-CB31-0FD4-AF82-12DF17AE4E1E,2022-ncaa-d1-natl,ncaa,35,49,32,47,50,140,158,100,269,166,97,279,150,131,208,183,95,112,121,113,172,99,99,261,247,211,143,179,97,20,17,67,86,33,20,63,22,206,130,99,188,213,116,152,,,196,173,,,84,146,346,251,248,268,226,252,195,205,193,155,181,183,229,259,29,138,50,105,108,254,153,,73,,,90,101,122,217,40,166,282,29,66,91,67,58,152,181,89,177,108,209,199,26,23,47,91,86,206,172,86,170,17,161,20,81,84,210,231,123,119,69,329,314,,,78,102,,,84,214,149,48,82,12,21,66,69,177,25,35,90,96,97,46,12,93,37,38,22,290,55,310,,157,,,b'\x11\xe8\xe1I\xcb1\x0f\xd4\xaf\x82\x12\xdf\x17\xaeN\x1e'
11E8E149-CB31-0FD4-AF82-12DF17AE4E1E,2022-ncaa-d1-ncaatournament,ncaa,37,2,37,37,38,49,48,54,29,54,57,45,30,42,8,17,56,61,12,61,56,57,60,20,19,23,8,6,55,51,37,61,7,62,25,45,46,13,34,41,34,2,65,65,,,2,31,,,45,63,50,5,36,34,40,49,47,5,19,49,59,59,46,52,37,61,60,38,27,5,65,,12,,,48,15,20,5,63,21,6,67,27,23,48,59,3,1,66,1,12,2,3,63,65,62,36,48,9,5,7,6,37,3,25,7,6,49,29,27,12,39,13,33,,,60,58,,,45,7,21,56,47,47,53,14,51,6,49,48,17,4,4,8,3,6,22,4,21,39,32,23,,60,,,b'\x11\xe8\xe1I\xcb1\x0f\xd4\xaf\x82\x12\xdf\x17\xaeN\x1e'
11E8E149-CB31-0FD4-AF82-12DF17AE4E1E,2023-ncaa-d0-natl,ncaa,22,20,29,24,32,50,53,79,40,57,83,58,76,112,35,171,60,81,96,81,132,75,64,41,42,58,159,161,181,45,25,19,43,25,9,41,72,254,153,83,303,346,84,140,,,130,43,,,37,80,282,81,74,81,212,105,195,114,176,119,149,149,197,211,89,28,28,58,142,346,117,,36,,,38,231,240,322,35,243,334,22,200,216,152,103,179,197,99,200,72,322,294,32,32,71,149,178,150,238,43,84,25,130,9,60,17,223,312,131,233,152,232,165,,,59,111,,,37,293,37,71,30,60,81,220,107,281,109,115,85,99,100,190,93,127,7,18,21,322,141,169,,145,,,b'\x11\xe8\xe1I\xcb1\x0f\xd4\xaf\x82\x12\xdf\x17\xaeN\x1e'
11E8E149-CB31-0FD4-AF82-12DF17AE4E1E,2023-ncaa-d1-conf-AAC,ncaa,1,1,5,1,9,1,2,9,1,4,10,1,2,4,1,3,4,4,4,4,3,7,9,1,1,1,3,2,6,8,2,1,1,5,1,1,2,2,3,1,11,11,9,10,,,1,1,,,1,9,8,8,1,1,9,4,9,2,3,4,4,3,8,9,8,1,3,1,2,11,9,,1,,,1,4,4,5,3,3,4,2,8,7,9,8,1,1,4,1,2,3,2,4,3,5,9,10,2,1,1,1,2,1,1,1,1,10,9,3,2,2,2,2,,,5,1,,,1,4,1,4,1,3,4,6,2,7,8,8,1,1,1,4,1,1,1,1,1,10,2,2,,4,,,b'\x11\xe8\xe1I\xcb1\x0f\xd4\xaf\x82\x12\xdf\x17\xaeN\x1e'
11E8E149-CB31-0FD4-AF82-12DF17AE4E1E,2023-ncaa-d1-natl,ncaa,22,20,33,24,35,56,60,91,40,71,106,60,91,130,35,171,74,98,95,99,126,89,82,44,41,65,159,161,177,56,31,21,47,28,9,46,76,230,157,90,330,349,92,143,,,107,44,,,39,97,284,82,80,83,229,115,200,119,180,119,147,148,213,220,96,31,33,60,147,348,121,,37,,,40,197,219,311,43,219,331,24,186,190,162,99,161,181,105,183,73,312,276,36,34,86,146,175,144,220,47,57,31,92,9,44,19,255,321,152,210,152,225,178,,,70,103,,,39,276,38,83,32,69,88,221,114,284,112,117,90,99,102,197,92,131,7,17,24,328,142,175,,146,,,b'\x11\xe8\xe1I\xcb1\x0f\xd4\xaf\x82\x12\xdf\x17\xaeN\x1e'
11E8E149-CB31-0FD4-AF82-12DF17AE4E1E,2023-ncaa-d1-ncaatournament,ncaa,18,2,18,18,18,34,34,25,54,30,26,53,33,27,46,45,23,27,8,27,44,27,25,56,52,53,33,41,19,26,40,24,60,24,48,43,65,40,32,62,35,59,19,31,,,40,19,,,59,26,61,3,53,53,32,44,25,44,44,31,38,40,39,38,31,21,27,62,27,57,14,,24,,,49,47,46,50,18,51,54,9,24,26,37,3,45,45,20,45,21,50,50,12,8,27,15,12,40,62,60,46,40,54,48,38,17,36,65,48,45,35,54,51,,,34,53,,,59,41,52,39,51,39,43,66,52,67,13,5,41,49,49,64,63,66,43,63,26,62,34,53,,53,,,b'\x11\xe8\xe1I\xcb1\x0f\xd4\xaf\x82\x12\xdf\x17\xaeN\x1e'
11E8E149-CB31-0FD4-AF82-12DF17AE4E1E,2024-ncaa-d0-natl,ncaa,106,127,52,123,60,123,124,82,219,129,101,202,127,100,196,156,153,202,62,188,259,98,115,211,205,151,177,157,213,48,76,58,127,40,79,68,41,85,55,47,338,349,48,75,,,232,201,,,104,143,316,127,180,173,121,189,159,160,142,211,254,248,151,234,64,76,45,70,42,350,57,,146,,,104,175,181,256,62,175,295,20,189,144,275,90,149,213,10,209,128,257,225,59,47,105,175,203,150,248,127,265,76,267,79,70,32,242,288,149,54,35,55,28,,,66,76,,,104,219,123,119,102,69,75,160,84,241,140,81,105,155,156,148,70,185,169,167,33,313,30,30,,114,,,b'\x11\xe8\xe1I\xcb1\x0f\xd4\xaf\x82\x12\xdf\x17\xaeN\x1e'
11E8E149-CB31-0FD4-AF82-12DF17AE4E1E,2024-ncaa-d1-conf-AAC,ncaa,6,4,4,5,6,12,10,7,9,10,9,9,6,6,8,5,11,12,3,12,12,7,12,9,10,5,6,5,11,5,5,9,3,6,5,2,2,1,1,1,14,14,5,6,,,6,10,,,5,13,14,9,12,11,8,9,9,6,5,11,12,12,12,13,5,8,6,2,1,14,6,,5,,,5,1,3,3,4,3,9,2,6,4,9,6,6,7,3,7,6,3,1,4,5,8,8,6,7,4,3,5,5,4,5,2,5,13,12,9,1,2,2,2,,,9,5,,,5,2,3,8,4,1,3,2,2,7,5,3,5,6,6,1,1,3,5,3,2,13,1,3,,8,,,b'\x11\xe8\xe1I\xcb1\x0f\xd4\xaf\x82\x12\xdf\x17\xaeN\x1e'
11E8E149-CB31-0FD4-AF82-12DF17AE4E1E,2024-ncaa-d1-natl,ncaa,123,129,78,133,89,144,147,106,235,159,130,219,144,120,202,158,172,228,62,218,259,126,147,218,214,169,172,155,208,64,86,85,138,56,90,82,44,64,62,51,352,352,55,77,,,206,210,,,129,195,320,119,197,193,132,202,172,164,152,214,259,252,166,244,76,86,56,79,43,353,60,,150,,,127,145,153,228,77,155,275,28,176,120,286,89,135,189,11,188,128,231,183,71,57,124,174,202,146,229,138,237,86,242,90,57,34,279,300,169,40,35,49,31,,,83,67,,,129,173,129,138,126,79,87,167,98,248,149,82,105,158,159,153,63,191,176,181,34,321,28,33,,113,,,b'\x11\xe8\xe1I\xcb1\x0f\xd4\xaf\x82\x12\xdf\x17\xaeN\x1e'
11E8E149-CB31-0FD4-AF82-12DF17AE4E1E,2025-ncaa-d0-natl,genius_ncaa,61,77,29,78,31,86,66,51,142,46,19,219,193,252,66,316,137,144,202,122,314,59,61,173,184,152,302,269,238,37,57,87,144,49,91,61,106,194,91,86,80,100,114,153,,,250,170,,288,105,74,277,29,134,108,105,64,41,246,312,231,224,212,110,163,58,197,110,86,94,121,163,,126,,239,107,239,268,274,182,284,288,180,195,216,161,141,128,170,20,163,105,267,279,171,132,117,97,159,78,230,144,272,57,268,91,197,87,84,127,111,79,31,156,33,,,68,145,,150,105,282,117,120,110,89,133,119,166,161,112,103,61,99,90,93,96,138,134,125,94,154,37,92,,148,,199,b'\x11\xe8\xe1I\xcb1\x0f\xd4\xaf\x82\x12\xdf\x17\xaeN\x1e'
11E8E149-CB31-0FD4-AF82-12DF17AE4E1E,2025-ncaa-d1-conf-AAC,genius_ncaa,2,2,3,2,3,4,3,5,1,2,2,2,8,11,4,11,3,4,5,2,8,5,6,3,2,1,11,11,4,6,5,8,2,6,5,2,4,1,1,1,7,4,12,12,,,5,6,,9,2,11,13,1,3,2,8,2,2,9,11,2,3,2,5,11,6,8,7,2,1,7,12,,3,,9,2,3,6,2,10,7,4,10,8,6,8,6,3,3,3,3,6,2,3,10,10,9,3,8,2,1,2,4,5,2,5,3,4,6,5,4,1,1,2,1,,,3,2,,8,2,3,1,8,3,2,6,1,5,3,6,4,3,3,2,1,1,1,4,2,3,8,1,2,,2,,8,b'\x11\xe8\xe1I\xcb1\x0f\xd4\xaf\x82\x12\xdf\x17\xaeN\x1e'
11E8E149-CB31-0FD4-AF82-12DF17AE4E1E,2025-ncaa-d1-natl,genius_ncaa,65,77,43,79,44,104,80,63,154,54,25,228,211,264,68,321,163,163,202,150,316,74,77,179,187,160,302,270,234,45,67,108,152,68,106,71,111,163,94,92,97,111,125,161,,,224,174,,280,113,94,281,27,153,119,111,75,46,247,315,233,225,213,129,173,67,206,124,94,99,131,168,,129,,244,116,212,252,256,198,274,273,186,180,194,176,136,111,155,24,146,109,246,261,186,146,138,97,155,74,210,152,249,67,240,106,182,86,98,135,123,72,32,140,40,,,86,139,,162,113,261,121,136,119,104,141,121,176,166,124,103,63,100,92,97,91,141,136,128,103,165,42,98,,148,,195,b'\x11\xe8\xe1I\xcb1\x0f\xd4\xaf\x82\x12\xdf\x17\xaeN\x1e'
11E8E149-CB31-0FD4-AF82-12DF17AE4E1E,2025-ncaa-d1-ncaatournament,genius_ncaa,37,2,37,37,38,43,42,45,37,42,41,47,47,64,21,50,45,48,10,47,55,46,37,39,39,50,42,39,41,35,3,39,41,37,9,46,46,29,61,54,62,63,66,66,,,6,6,,1,58,41,8,7,31,27,23,25,14,31,50,34,41,39,24,4,8,16,4,35,63,60,66,,7,,1,59,28,28,30,53,16,15,56,48,39,59,67,5,9,4,9,20,28,24,61,59,65,61,68,4,17,41,4,3,6,9,23,21,66,67,68,30,59,23,40,,,50,56,,62,58,25,45,64,60,64,64,66,46,34,68,68,6,14,14,64,55,43,11,22,52,66,61,50,,36,,62,b'\x11\xe8\xe1I\xcb1\x0f\xd4\xaf\x82\x12\xdf\x17\xaeN\x1e'
11E8E149-CB31-0FD4-AF82-12DF17AE4E1E,2026-ncaa-d0-natl,genius_ncaa,87,152,49,136,73,76,85,85,112,56,40,125,229,211,253,316,18,31,31,27,113,75,83,147,113,87,280,341,44,42,46,63,125,52,59,72,117,166,71,69,299,350,117,144,,,339,316,,281,126,98,227,97,94,115,149,53,64,298,302,21,51,49,106,173,61,86,63,95,70,351,164,,287,,226,136,314,297,296,157,236,242,159,339,331,228,304,304,312,149,320,291,308,281,200,202,250,324,308,218,255,125,212,46,232,59,316,308,203,313,309,81,34,260,138,,,45,81,,57,126,281,60,244,116,225,197,215,107,90,315,318,233,254,263,251,145,167,81,90,263,309,30,194,,81,,103,b'\x11\xe8\xe1I\xcb1\x0f\xd4\xaf\x82\x12\xdf\x17\xaeN\x1e'
11E8E149-CB31-0FD4-AF82-12DF17AE4E1E,2026-ncaa-d1-natl,genius_ncaa,110,152,85,156,117,109,123,132,136,79,62,151,275,271,266,321,23,48,26,43,110,112,132,183,132,99,278,344,34,67,61,93,142,71,71,101,129,119,77,85,347,357,150,156,,,315,322,,265,179,157,238,100,124,152,176,71,76,313,309,23,54,52,137,202,75,105,78,118,75,357,178,,297,,244,181,294,259,253,202,195,180,195,331,316,260,304,284,295,162,303,293,275,226,239,236,295,324,304,211,217,142,159,61,184,71,305,311,284,325,330,46,37,241,162,,,72,70,,76,179,226,82,291,168,266,228,227,130,94,327,322,250,264,276,267,136,173,85,104,292,327,32,211,,84,,98,b'\x11\xe8\xe1I\xcb1\x0f\xd4\xaf\x82\x12\xdf\x17\xaeN\x1e'
11E8E149-CB35-715A-AF82-12DF17AE4E1E,2010-ncaa-d0-natl,ncaa,321,290,337,321,342,343,342,326,340,341,331,331,239,182,314,54,324,327,214,326,173,333,338,332,329,329,63,76,132,322,307,328,185,330,305,331,149,52,249,291,335,308,296,216,,,41,258,,,323,340,224,283,328,331,261,330,298,176,81,287,278,277,275,254,268,229,261,306,218,311,266,,221,,,330,28,16,4,219,3,1,292,223,226,200,329,138,132,215,128,331,5,4,290,304,300,334,312,267,27,185,114,307,54,305,136,325,318,175,286,76,251,89,257,,,320,125,,,323,5,332,304,330,233,143,83,58,10,316,321,281,268,267,123,107,151,318,285,289,209,229,176,,191,,,b'\x11\xe8\xe1I\xcb5qZ\xaf\x82\x12\xdf\x17\xaeN\x1e'
11E8E149-CB35-715A-AF82-12DF17AE4E1E,2010-ncaa-d1-conf-OVC,ncaa,10,10,9,10,10,10,10,9,10,9,8,10,5,5,9,4,10,10,6,10,10,9,9,10,10,10,4,4,8,7,7,10,6,9,8,10,5,5,8,9,8,6,8,7,,,3,6,,,10,10,9,5,10,9,8,9,8,5,4,10,10,10,8,9,6,10,9,10,8,7,8,,5,,,10,1,2,1,8,1,1,9,7,7,7,9,5,4,7,4,7,1,1,9,10,7,10,8,6,2,6,6,7,4,8,6,10,6,1,7,6,8,7,8,,,9,7,,,10,1,10,6,10,5,3,2,2,1,10,9,5,6,6,1,2,4,8,7,8,4,9,9,,9,,,b'\x11\xe8\xe1I\xcb5qZ\xaf\x82\x12\xdf\x17\xaeN\x1e'
11E8E149-CB35-715A-AF82-12DF17AE4E1E,2010-ncaa-d1-natl,ncaa,308,289,323,310,339,333,334,321,336,337,328,326,222,151,314,63,299,311,165,310,157,321,328,328,322,321,67,86,107,310,306,300,156,321,297,318,161,123,266,295,311,270,294,220,,,104,275,,,319,328,207,285,322,331,261,326,287,186,92,260,264,261,271,249,270,228,262,303,236,280,277,,240,,,323,64,24,9,218,5,1,294,266,264,192,331,198,190,226,189,338,13,12,286,306,288,339,314,276,33,156,184,306,97,297,184,326,254,142,261,124,239,102,236,,,281,95,,,319,13,329,268,326,225,112,59,43,7,317,323,289,275,272,104,111,122,310,267,279,166,224,161,,163,,,b'\x11\xe8\xe1I\xcb5qZ\xaf\x82\x12\xdf\x17\xaeN\x1e'
11E8E149-CB35-715A-AF82-12DF17AE4E1E,2011-ncaa-d0-natl,ncaa,309,279,319,311,325,337,340,336,330,341,338,310,234,170,309,35,309,328,110,331,113,338,335,316,302,330,37,69,96,336,335,320,286,336,332,324,112,171,327,317,318,291,241,155,,,93,255,,,330,328,241,257,338,339,335,340,335,185,99,274,300,303,337,314,331,271,331,316,290,291,209,,238,,,332,61,29,25,184,14,6,257,228,247,164,328,206,176,294,167,320,25,22,233,285,280,336,295,282,112,286,98,335,85,332,225,341,295,208,306,262,334,134,328,,,292,55,,,330,15,333,299,332,233,148,129,74,18,311,328,296,270,265,166,136,249,277,280,320,218,319,217,,177,,,b'\x11\xe8\xe1I\xcb5qZ\xaf\x82\x12\xdf\x17\xaeN\x1e'
11E8E149-CB35-715A-AF82-12DF17AE4E1E,2011-ncaa-d1-conf-OVC,ncaa,9,7,9,9,10,10,10,10,10,10,10,10,8,9,9,4,10,10,7,10,5,10,10,10,10,10,4,5,4,10,8,10,10,10,10,10,4,8,10,10,10,10,7,2,,,2,5,,,10,10,10,7,10,10,10,10,10,8,7,10,10,10,10,10,10,10,10,10,10,10,6,,4,,,10,1,1,1,6,1,1,6,7,7,5,10,4,4,6,4,10,1,1,7,7,8,10,10,6,7,10,1,8,3,10,8,10,8,4,10,9,10,4,9,,,10,2,,,10,1,10,8,10,5,3,3,1,1,9,9,6,6,5,4,3,10,4,4,10,4,10,7,,7,,,b'\x11\xe8\xe1I\xcb5qZ\xaf\x82\x12\xdf\x17\xaeN\x1e'
11E8E149-CB35-715A-AF82-12DF17AE4E1E,2011-ncaa-d1-natl,ncaa,289,277,279,291,308,335,335,335,322,338,337,292,199,132,300,27,304,323,132,326,129,334,327,299,293,314,37,52,137,335,335,293,275,333,330,296,84,208,324,296,295,279,220,142,,,147,254,,,327,309,242,253,335,337,333,340,335,159,75,290,308,313,336,314,330,252,329,290,279,282,195,,236,,,326,107,48,43,157,18,7,240,254,284,138,328,233,209,264,194,319,57,53,217,254,255,335,290,277,163,275,180,335,169,330,272,341,260,195,300,285,332,145,322,,,261,83,,,327,35,333,280,327,203,133,124,63,16,301,324,287,264,257,154,134,246,283,285,316,206,312,208,,194,,,b'\x11\xe8\xe1I\xcb5qZ\xaf\x82\x12\xdf\x17\xaeN\x1e'
11E8E149-CB35-715A-AF82-12DF17AE4E1E,2012-ncaa-d0-natl,ncaa,305,288,292,306,301,326,328,319,325,312,295,290,306,236,341,160,255,234,225,236,109,315,315,327,323,316,193,252,38,288,291,247,103,278,236,296,101,130,275,280,338,331,305,292,,,92,248,,,320,313,226,163,324,331,287,299,256,290,197,199,181,181,277,253,257,134,211,279,235,331,302,,194,,,321,98,94,57,225,83,49,255,167,169,164,256,136,125,176,121,239,52,29,231,234,287,220,220,187,50,103,151,291,96,236,72,115,326,311,278,89,202,59,155,,,248,85,,,320,32,321,277,324,228,211,175,189,128,227,243,215,217,212,182,102,119,286,230,157,311,164,109,,153,,,b'\x11\xe8\xe1I\xcb5qZ\xaf\x82\x12\xdf\x17\xaeN\x1e'
11E8E149-CB35-715A-AF82-12DF17AE4E1E,2012-ncaa-d1-conf-OVC,ncaa,9,7,9,9,9,10,10,10,10,10,9,9,9,8,9,7,9,9,10,9,6,10,10,9,9,9,8,8,3,10,6,9,6,10,7,9,2,3,9,8,9,9,10,10,,,2,6,,,9,10,10,5,10,10,10,8,7,9,7,9,6,6,10,10,7,8,8,9,8,9,10,,3,,,9,1,1,1,4,3,2,4,2,2,6,5,3,3,5,3,6,1,1,4,5,5,4,5,7,2,6,3,6,3,7,1,7,9,5,4,5,9,3,5,,,9,3,,,9,1,9,5,9,3,3,1,4,3,4,3,3,4,4,1,1,3,5,5,4,6,8,4,,8,,,b'\x11\xe8\xe1I\xcb5qZ\xaf\x82\x12\xdf\x17\xaeN\x1e'
11E8E149-CB35-715A-AF82-12DF17AE4E1E,2012-ncaa-d1-natl,ncaa,301,288,286,301,300,325,331,317,328,314,292,294,304,232,340,161,231,222,205,223,98,307,313,327,323,317,179,253,28,286,290,236,100,269,231,289,100,138,266,280,335,331,304,290,,,99,250,,,317,313,231,166,322,332,284,304,260,290,197,182,167,165,272,256,247,135,208,281,228,328,296,,189,,,319,125,104,65,220,91,52,243,182,180,194,251,157,143,205,138,239,65,26,228,239,290,238,226,199,58,100,175,290,107,231,76,111,326,311,278,84,183,74,158,,,221,62,,,317,31,318,270,321,228,209,174,185,126,232,237,218,222,215,179,94,114,289,228,155,310,152,110,,130,,,b'\x11\xe8\xe1I\xcb5qZ\xaf\x82\x12\xdf\x17\xaeN\x1e'
11E8E149-CB35-715A-AF82-12DF17AE4E1E,2013-ncaa-d0-natl,ncaa,235,216,251,238,294,244,233,246,207,255,284,167,133,103,217,63,289,316,68,314,257,268,284,180,189,175,113,84,257,309,317,127,91,225,227,145,39,61,156,98,331,331,284,282,,,91,141,,,226,264,155,267,221,206,180,229,270,104,73,275,301,300,223,250,300,30,159,84,122,320,270,,153,,,227,123,120,168,111,120,150,139,159,195,104,220,152,148,189,136,158,152,92,116,116,222,200,196,186,112,91,219,317,177,227,84,97,318,325,255,75,145,133,210,,,293,241,,,226,95,216,213,222,210,204,283,192,237,206,243,221,212,198,266,182,169,290,272,137,303,122,167,,265,,,b'\x11\xe8\xe1I\xcb5qZ\xaf\x82\x12\xdf\x17\xaeN\x1e'
11E8E149-CB35-715A-AF82-12DF17AE4E1E,2013-ncaa-d1-conf-OVC,ncaa,9,9,9,9,10,9,10,10,7,10,11,5,7,4,10,4,11,11,4,12,11,11,11,6,6,7,7,5,11,11,9,8,6,10,8,3,1,6,10,3,11,11,10,11,,,5,6,,,9,11,8,10,9,7,8,9,9,7,4,11,11,12,9,9,8,5,8,2,9,11,9,,6,,,9,2,3,2,6,6,4,8,1,4,1,5,8,7,12,7,6,2,2,5,6,8,3,1,10,2,6,5,9,4,8,5,8,11,10,9,5,11,4,6,,,12,12,,,9,2,10,9,9,9,5,7,9,8,2,4,12,10,7,7,5,6,10,7,7,11,9,5,,12,,,b'\x11\xe8\xe1I\xcb5qZ\xaf\x82\x12\xdf\x17\xaeN\x1e'
11E8E149-CB35-715A-AF82-12DF17AE4E1E,2013-ncaa-d1-natl,ncaa,248,216,292,247,322,261,253,267,210,272,297,172,143,109,220,62,300,322,67,321,254,287,305,187,194,181,110,84,255,319,319,141,93,247,233,155,38,51,158,102,334,333,291,284,,,79,141,,,233,286,159,267,230,215,184,235,273,105,73,276,302,302,225,254,301,34,165,86,122,326,273,,153,,,237,106,106,147,122,106,123,144,147,187,110,219,144,136,188,127,161,124,63,127,122,231,196,194,188,96,93,204,319,161,233,76,99,329,327,261,63,148,130,212,,,305,238,,,233,65,221,226,235,218,209,285,196,241,207,242,222,212,200,268,181,171,294,276,139,305,122,173,,263,,,b'\x11\xe8\xe1I\xcb5qZ\xaf\x82\x12\xdf\x17\xaeN\x1e'
11E8E149-CB35-715A-AF82-12DF17AE4E1E,2014-ncaa-d0-natl,ncaa,273,246,297,274,323,298,300,289,289,269,239,271,271,242,296,197,210,191,233,193,126,284,296,294,282,274,179,226,74,238,230,249,30,256,154,290,240,71,172,253,326,306,314,299,,,221,341,,,274,303,144,270,265,271,184,218,164,245,194,141,118,122,172,186,176,139,160,269,167,306,303,,323,,,278,94,51,30,208,79,61,201,56,51,158,88,305,250,342,250,311,40,23,187,273,305,252,73,331,3,30,147,230,42,154,54,131,325,276,229,29,73,189,241,,,231,100,,,274,46,273,258,277,245,149,102,196,165,102,92,329,312,312,178,112,28,283,165,129,291,73,260,,112,,,b'\x11\xe8\xe1I\xcb5qZ\xaf\x82\x12\xdf\x17\xaeN\x1e'
11E8E149-CB35-715A-AF82-12DF17AE4E1E,2014-ncaa-d1-conf-OVC,ncaa,9,7,9,9,10,12,11,10,11,10,9,8,8,5,11,5,9,8,8,8,4,10,11,10,11,11,6,6,5,8,7,9,1,11,7,10,6,5,7,8,10,9,11,10,,,8,11,,,9,11,6,6,9,9,6,8,7,8,5,7,6,6,7,7,6,4,6,9,6,9,11,,9,,,9,2,2,2,4,2,1,5,5,4,6,6,9,7,12,7,10,2,1,5,8,10,10,6,10,1,1,6,7,3,7,2,8,10,6,5,3,4,6,10,,,10,7,,,9,2,12,6,9,6,2,4,3,5,6,5,9,8,8,6,4,1,10,7,3,8,3,10,,6,,,b'\x11\xe8\xe1I\xcb5qZ\xaf\x82\x12\xdf\x17\xaeN\x1e'
11E8E149-CB35-715A-AF82-12DF17AE4E1E,2014-ncaa-d1-natl,ncaa,270,244,307,269,326,292,296,282,282,263,240,270,246,230,273,189,219,198,230,202,136,274,286,287,277,268,164,206,87,230,230,237,28,253,150,279,209,91,180,245,321,309,315,303,,,232,338,,,273,297,159,273,265,264,196,222,174,222,187,165,140,145,186,195,186,132,161,264,167,305,304,,318,,,275,108,59,36,200,79,73,186,76,70,185,97,301,251,345,250,300,59,30,187,273,308,249,92,328,5,28,162,230,52,150,72,146,325,280,242,36,84,196,247,,,223,109,,,273,51,267,259,275,236,146,104,189,162,112,97,327,303,304,169,104,26,268,157,143,293,78,261,,133,,,b'\x11\xe8\xe1I\xcb5qZ\xaf\x82\x12\xdf\x17\xaeN\x1e'
11E8E149-CB35-715A-AF82-12DF17AE4E1E,2015-ncaa-d0-natl,ncaa,282,256,322,283,329,310,290,289,247,249,241,230,265,243,303,187,334,299,346,303,279,300,313,270,300,276,280,210,305,258,257,267,94,285,231,310,290,45,151,236,234,171,262,261,,,118,266,,,281,314,138,172,269,212,132,162,130,235,186,316,253,254,156,182,197,126,149,270,147,176,227,,258,,,283,67,107,46,285,202,113,285,23,32,68,60,76,97,51,105,144,42,30,239,217,237,22,37,133,26,94,157,257,86,231,54,57,296,244,207,27,95,60,99,,,314,243,,,281,39,290,223,278,237,287,215,316,288,57,76,170,203,211,233,180,110,317,268,139,238,98,113,,238,,,b'\x11\xe8\xe1I\xcb5qZ\xaf\x82\x12\xdf\x17\xaeN\x1e'
11E8E149-CB35-715A-AF82-12DF17AE4E1E,2015-ncaa-d1-conf-OVC,ncaa,10,10,9,10,11,12,11,10,9,11,9,8,11,8,11,6,12,11,12,11,11,11,11,11,12,12,12,8,10,10,11,10,4,10,11,11,11,6,9,11,5,4,8,6,,,10,11,,,12,11,6,5,12,11,8,9,8,11,7,12,9,9,10,8,9,8,9,11,9,5,8,,11,,,12,2,4,1,10,9,4,11,1,1,3,1,7,10,3,10,9,1,1,10,9,9,3,1,9,2,4,7,11,4,11,1,3,6,5,3,4,5,5,7,,,11,8,,,12,2,12,7,11,7,8,4,10,8,1,2,9,10,10,6,6,4,9,8,4,4,5,7,,8,,,b'\x11\xe8\xe1I\xcb5qZ\xaf\x82\x12\xdf\x17\xaeN\x1e'
11E8E149-CB35-715A-AF82-12DF17AE4E1E,2015-ncaa-d1-natl,ncaa,266,255,298,269,325,288,258,249,243,208,199,221,251,225,296,193,319,262,344,267,261,250,283,262,289,260,277,211,285,252,269,217,91,247,240,302,289,57,125,214,195,152,245,256,,,157,261,,,270,288,142,190,259,204,134,155,128,236,190,302,223,229,148,187,211,120,152,277,130,160,219,,241,,,270,85,152,83,267,241,179,263,23,36,71,51,95,121,50,135,125,73,55,224,186,217,19,39,126,47,91,251,269,171,240,87,66,259,238,195,27,62,67,83,,,289,224,,,270,70,273,202,267,213,270,214,313,294,46,67,143,184,195,231,177,111,320,274,132,232,59,92,,228,,,b'\x11\xe8\xe1I\xcb5qZ\xaf\x82\x12\xdf\x17\xaeN\x1e'
11E8E149-CB35-715A-AF82-12DF17AE4E1E,2016-ncaa-d0-natl,ncaa,196,156,287,192,294,162,152,188,105,97,131,87,283,248,304,259,140,134,169,125,153,170,186,165,154,157,291,302,112,118,86,143,56,124,56,176,194,136,152,149,208,191,222,215,,,156,198,,,183,218,32,93,74,63,46,33,43,260,203,60,46,42,32,26,54,29,20,97,227,159,184,,253,,,184,184,163,156,186,112,127,146,269,221,317,241,184,177,189,171,201,159,111,224,225,271,288,291,176,56,56,84,86,63,56,150,148,283,282,254,66,77,15,12,,,228,251,,,183,138,135,240,181,295,277,311,217,251,313,293,249,252,251,318,294,134,211,171,229,239,140,40,,148,,,b'\x11\xe8\xe1I\xcb5qZ\xaf\x82\x12\xdf\x17\xaeN\x1e'
11E8E149-CB35-715A-AF82-12DF17AE4E1E,2016-ncaa-d1-conf-OVC,ncaa,5,5,5,5,5,6,5,7,5,3,5,4,11,8,12,7,5,4,8,4,4,6,6,5,5,6,10,11,5,3,2,3,2,3,2,4,5,11,11,7,5,4,10,9,,,10,10,,,6,6,2,6,6,5,5,2,5,11,7,5,4,4,3,2,2,2,3,3,12,5,10,,10,,,6,6,6,7,7,5,7,5,9,8,10,9,6,8,1,8,8,7,7,7,7,7,11,10,6,4,2,3,2,3,2,7,7,8,10,6,8,7,2,1,,,5,7,,,6,7,5,7,5,7,7,10,5,7,10,8,7,8,8,9,9,4,4,3,7,8,9,2,,5,,,b'\x11\xe8\xe1I\xcb5qZ\xaf\x82\x12\xdf\x17\xaeN\x1e'
11E8E149-CB35-715A-AF82-12DF17AE4E1E,2016-ncaa-d1-natl,ncaa,174,156,218,169,238,123,115,113,123,78,79,115,241,219,266,257,108,101,162,95,159,108,119,168,163,146,279,279,122,75,71,91,61,68,56,136,180,156,120,134,170,182,205,218,,,192,185,,,172,141,32,101,61,50,32,35,35,227,196,60,47,42,28,22,36,24,13,93,202,145,188,,245,,,172,249,233,231,183,159,189,135,295,244,321,227,205,215,146,214,199,228,187,217,214,262,285,286,173,103,61,160,71,126,56,172,134,256,278,240,91,71,29,12,,,203,258,,,172,212,126,232,172,291,276,311,220,256,312,288,250,253,252,321,298,147,223,191,216,239,135,47,,147,,,b'\x11\xe8\xe1I\xcb5qZ\xaf\x82\x12\xdf\x17\xaeN\x1e'
11E8E149-CB35-715A-AF82-12DF17AE4E1E,2017-ncaa-d0-natl,ncaa,237,210,291,232,303,141,120,121,143,151,153,155,101,110,94,113,288,300,153,303,324,152,195,118,140,104,169,92,323,89,74,275,253,195,162,123,147,39,49,67,264,257,272,282,,,157,207,,,188,243,56,169,47,37,11,83,60,54,57,248,264,271,18,31,35,192,73,51,113,230,264,,257,,,193,215,217,149,287,207,154,281,204,164,265,183,201,170,285,169,176,148,112,289,300,312,164,181,172,156,253,122,74,130,162,221,188,264,248,268,69,83,126,120,,,313,332,,,188,103,73,313,193,323,319,297,298,271,262,239,262,238,236,303,294,256,240,257,290,215,132,184,,277,,,b'\x11\xe8\xe1I\xcb5qZ\xaf\x82\x12\xdf\x17\xaeN\x1e'
11E8E149-CB35-715A-AF82-12DF17AE4E1E,2017-ncaa-d1-conf-OVC,ncaa,7,7,5,8,8,6,5,3,11,8,5,8,3,3,7,3,8,8,7,8,7,4,6,7,8,5,4,4,10,2,3,7,10,4,7,6,5,1,1,3,9,9,11,11,,,10,10,,,6,7,4,11,4,4,1,8,6,4,1,7,7,7,1,3,2,8,3,4,2,8,11,,11,,,6,10,7,7,10,5,5,10,10,10,7,9,9,7,10,7,10,7,7,9,9,10,10,9,7,10,10,9,3,9,7,8,6,9,9,10,2,2,5,5,,,9,11,,,6,6,3,10,6,10,10,7,6,7,9,9,8,7,7,9,8,10,9,9,8,8,4,5,,10,,,b'\x11\xe8\xe1I\xcb5qZ\xaf\x82\x12\xdf\x17\xaeN\x1e'
11E8E149-CB35-715A-AF82-12DF17AE4E1E,2017-ncaa-d1-natl,ncaa,215,210,217,219,266,91,73,70,106,104,113,131,65,87,49,119,276,284,161,289,327,94,131,86,103,80,176,85,335,69,75,228,231,148,154,70,134,52,43,45,229,229,256,263,,,211,212,,,145,175,56,178,32,21,12,58,53,45,63,257,268,276,18,32,39,180,75,28,89,208,244,,257,,,146,272,262,198,282,243,202,265,227,197,276,184,230,208,267,209,181,203,179,285,285,307,178,186,171,185,231,178,75,183,154,250,188,221,232,255,76,69,127,108,,,304,335,,,145,169,54,304,149,318,308,288,291,263,262,231,263,238,237,296,291,235,230,238,285,198,110,167,,293,,,b'\x11\xe8\xe1I\xcb5qZ\xaf\x82\x12\xdf\x17\xaeN\x1e'
11E8E149-CB35-715A-AF82-12DF17AE4E1E,2018-ncaa-d0-natl,ncaa,222,207,242,224,256,237,237,293,120,152,175,151,325,331,213,321,146,114,273,114,108,274,248,170,165,241,299,319,62,198,114,253,223,237,139,250,248,282,302,286,90,59,151,82,,,311,341,,,191,252,175,104,223,208,286,110,124,321,325,111,65,65,246,163,155,207,183,248,303,57,129,,334,,,191,67,24,37,81,21,27,94,130,133,143,213,309,312,134,314,339,69,100,99,160,103,328,195,336,144,223,42,114,60,139,78,237,117,67,65,272,306,12,24,,,186,102,,,191,102,232,107,188,122,41,52,29,34,162,180,327,323,323,102,190,203,70,115,116,67,306,25,,107,,,b'\x11\xe8\xe1I\xcb5qZ\xaf\x82\x12\xdf\x17\xaeN\x1e'
11E8E149-CB35-715A-AF82-12DF17AE4E1E,2018-ncaa-d1-conf-OVC,ncaa,6,6,5,6,6,6,6,9,3,3,4,4,12,11,10,11,6,3,10,3,4,8,8,4,5,6,10,11,4,5,1,6,9,6,4,6,8,12,11,9,1,1,5,4,,,10,10,,,5,8,7,5,7,5,11,2,4,12,12,6,3,3,8,5,4,7,6,7,11,1,5,,10,,,5,3,1,4,4,1,1,6,6,7,7,9,10,10,7,10,11,3,5,4,5,4,12,9,11,7,9,1,1,3,4,4,7,3,1,2,12,11,1,1,,,7,5,,,5,5,5,4,4,3,2,2,1,1,6,8,9,10,9,1,6,7,2,1,3,2,11,1,,5,,,b'\x11\xe8\xe1I\xcb5qZ\xaf\x82\x12\xdf\x17\xaeN\x1e'
11E8E149-CB35-715A-AF82-12DF17AE4E1E,2018-ncaa-d1-natl,ncaa,203,207,144,210,166,218,201,256,115,120,126,146,322,328,229,322,133,92,272,91,122,240,179,175,171,243,310,323,74,152,93,218,211,201,132,235,262,309,303,291,68,53,143,84,,,327,341,,,185,191,188,128,228,199,284,97,115,326,330,122,85,82,245,157,138,226,188,253,305,59,137,,330,,,186,99,30,45,78,22,31,85,159,154,164,212,324,323,152,324,339,88,152,104,165,94,334,208,340,151,211,60,93,75,132,90,244,76,56,60,296,293,15,22,,,145,111,,,185,156,230,101,183,109,37,38,26,26,161,164,326,323,321,78,163,162,63,93,111,59,294,22,,116,,,b'\x11\xe8\xe1I\xcb5qZ\xaf\x82\x12\xdf\x17\xaeN\x1e'
11E8E149-CB35-715A-AF82-12DF17AE4E1E,2019-ncaa-d0-natl,ncaa,236,209,292,233,306,263,242,301,129,166,196,145,315,323,236,296,215,205,240,207,182,299,303,179,175,209,304,302,126,193,71,318,320,293,194,274,270,179,255,261,145,87,121,55,,,320,349,,,217,311,202,262,201,174,253,96,105,304,311,154,131,136,225,182,115,298,237,246,257,90,80,,344,,,221,78,20,20,135,23,26,110,92,58,249,132,340,331,239,331,347,47,50,153,234,197,335,144,349,219,320,14,71,42,194,28,120,181,92,53,122,210,95,104,,,236,122,,,217,42,197,238,217,200,72,51,61,63,153,125,347,345,345,140,202,291,54,141,72,96,205,150,,134,,,b'\x11\xe8\xe1I\xcb5qZ\xaf\x82\x12\xdf\x17\xaeN\x1e'
11E8E149-CB35-715A-AF82-12DF17AE4E1E,2019-ncaa-d1-conf-OVC,ncaa,8,9,5,9,7,7,5,10,2,3,5,2,10,11,7,11,9,10,7,10,8,10,10,4,6,8,10,9,8,10,5,7,12,8,8,7,9,9,9,8,7,7,6,4,,,12,12,,,7,9,11,7,7,5,11,2,5,10,12,10,10,10,10,11,10,9,8,8,9,7,6,,12,,,7,3,1,5,3,1,4,3,7,5,8,5,12,12,7,12,12,6,7,4,5,4,12,6,12,11,12,2,5,4,8,2,5,6,7,3,5,8,4,2,,,9,10,,,7,5,7,5,7,3,1,4,1,3,6,5,12,12,12,6,7,12,2,4,2,6,6,4,,11,,,b'\x11\xe8\xe1I\xcb5qZ\xaf\x82\x12\xdf\x17\xaeN\x1e'
11E8E149-CB35-715A-AF82-12DF17AE4E1E,2019-ncaa-d1-natl,ncaa,222,209,233,224,289,230,210,273,119,131,145,146,296,317,176,295,198,191,233,194,204,263,246,162,163,206,303,291,148,162,61,307,318,262,182,259,287,238,265,268,100,71,96,54,,,330,346,,,210,274,184,261,190,158,236,91,102,291,310,166,144,147,217,165,116,298,231,248,261,73,79,,343,,,210,119,31,24,143,38,44,110,106,70,262,120,342,333,240,335,347,73,105,162,238,196,333,138,348,254,318,13,61,61,182,41,112,122,79,45,185,220,106,96,,,219,156,,,210,79,184,225,213,201,77,52,67,66,148,113,346,340,344,131,206,290,45,128,71,78,219,140,,152,,,b'\x11\xe8\xe1I\xcb5qZ\xaf\x82\x12\xdf\x17\xaeN\x1e'
11E8E149-CB35-715A-AF82-12DF17AE4E1E,2020-ncaa-d0-natl,ncaa,30,30,87,31,136,40,30,32,62,18,16,91,185,239,78,294,75,77,153,73,226,30,53,88,92,69,284,270,197,13,13,81,83,22,25,56,181,103,43,61,60,57,134,86,,,299,296,,,42,129,127,213,28,21,20,12,17,198,244,85,95,93,19,49,9,84,17,51,88,61,147,,281,,,44,183,80,127,82,36,55,93,265,287,177,293,338,320,277,321,344,172,212,113,178,138,347,284,337,131,83,101,13,97,25,131,210,96,96,82,167,94,244,108,,,72,152,,,42,226,30,122,41,152,56,82,26,28,264,274,327,306,309,134,184,110,75,71,111,108,152,223,,95,,,b'\x11\xe8\xe1I\xcb5qZ\xaf\x82\x12\xdf\x17\xaeN\x1e'
11E8E149-CB35-715A-AF82-12DF17AE4E1E,2020-ncaa-d1-conf-OVC,ncaa,2,3,1,3,1,2,1,1,2,1,1,3,8,9,2,12,4,4,8,3,12,1,1,3,4,2,12,9,12,1,1,3,3,2,2,2,7,4,2,2,2,2,4,4,,,12,10,,,3,2,6,10,2,1,1,1,1,8,11,7,7,7,1,3,1,5,2,2,2,2,6,,8,,,3,10,7,8,5,4,7,5,9,11,7,9,12,12,12,12,10,10,11,6,8,6,12,9,11,6,3,6,1,5,2,7,8,4,4,3,9,6,11,2,,,2,6,,,3,11,2,4,3,4,3,3,2,1,8,8,9,8,8,4,4,2,3,2,4,5,7,9,,5,,,b'\x11\xe8\xe1I\xcb5qZ\xaf\x82\x12\xdf\x17\xaeN\x1e'
11E8E149-CB35-715A-AF82-12DF17AE4E1E,2020-ncaa-d1-natl,ncaa,26,30,45,31,96,29,19,22,54,15,12,82,168,228,68,296,67,69,143,69,230,19,27,83,82,59,285,272,195,9,9,62,74,14,22,47,177,107,44,61,56,63,130,86,,,304,285,,,38,76,113,230,28,17,19,11,15,187,246,83,92,95,20,45,10,78,15,48,91,63,144,,274,,,40,221,99,151,81,38,58,83,297,299,226,294,337,321,280,323,340,195,252,127,186,149,348,300,333,136,74,108,9,103,22,154,213,85,104,92,179,96,252,119,,,62,159,,,38,281,30,127,39,165,63,94,25,30,286,277,321,303,306,143,194,109,73,61,118,108,153,237,,97,,,b'\x11\xe8\xe1I\xcb5qZ\xaf\x82\x12\xdf\x17\xaeN\x1e'
11E8E149-CB35-715A-AF82-12DF17AE4E1E,2021-ncaa-d0-natl,ncaa,90,165,59,131,79,110,94,88,136,57,38,190,190,214,136,302,89,106,97,111,249,90,90,174,157,156,272,284,128,23,23,80,280,51,81,94,174,244,147,140,101,160,13,10,,,214,105,,,107,121,284,196,156,138,176,86,61,265,302,128,173,179,182,197,42,151,62,157,141,164,12,,105,,,118,216,210,260,49,216,251,86,180,253,34,190,272,250,298,246,179,261,257,43,58,87,205,127,270,327,280,183,23,256,81,260,283,126,202,214,274,217,251,133,,,120,213,,,107,225,111,133,113,96,84,172,112,159,99,183,218,186,178,173,141,299,38,136,193,214,203,183,,223,,,b'\x11\xe8\xe1I\xcb5qZ\xaf\x82\x12\xdf\x17\xaeN\x1e'
11E8E149-CB35-715A-AF82-12DF17AE4E1E,2021-ncaa-d1-conf-OVC,ncaa,3,3,4,3,4,5,4,1,4,2,1,7,9,10,5,12,5,3,7,3,11,2,2,5,7,6,12,11,7,1,1,4,9,1,1,5,9,7,4,5,4,5,1,2,,,6,3,,,5,4,8,2,5,3,1,1,1,9,11,5,7,7,1,2,1,4,1,5,6,4,2,,5,,,4,6,6,10,2,8,10,2,3,6,3,5,10,11,11,11,5,10,10,1,2,4,4,3,11,10,9,2,1,8,1,6,7,8,9,7,9,8,6,2,,,5,9,,,5,9,4,5,4,5,5,10,6,11,3,4,10,9,9,10,8,11,3,7,6,8,8,5,,7,,,b'\x11\xe8\xe1I\xcb5qZ\xaf\x82\x12\xdf\x17\xaeN\x1e'
11E8E149-CB35-715A-AF82-12DF17AE4E1E,2021-ncaa-d1-natl,ncaa,74,165,50,129,62,92,77,77,120,48,32,160,188,200,167,301,86,98,107,101,252,78,73,169,160,149,293,289,149,17,24,67,273,42,68,76,165,252,139,127,82,147,10,9,,,229,110,,,97,106,290,198,158,129,177,74,60,273,300,141,181,188,184,198,45,159,63,141,132,154,10,,98,,,109,226,212,266,43,215,258,81,200,260,43,194,280,251,313,247,178,272,268,42,61,85,216,142,270,325,273,190,24,256,68,269,282,101,194,209,280,213,258,127,,,114,217,,,97,242,108,127,100,87,69,155,94,142,107,177,213,174,168,155,122,287,37,114,186,209,198,176,,226,,,b'\x11\xe8\xe1I\xcb5qZ\xaf\x82\x12\xdf\x17\xaeN\x1e'
11E8E149-CB35-715A-AF82-12DF17AE4E1E,2022-ncaa-d0-natl,ncaa,326,328,260,330,287,278,260,265,216,191,177,220,309,301,300,291,274,251,291,249,255,265,243,261,281,307,320,291,198,222,175,318,332,299,289,241,181,296,317,289,183,159,251,266,,,201,250,,,340,240,72,275,264,219,212,126,100,304,288,251,209,204,217,99,168,331,298,208,324,132,232,,286,,,338,252,238,129,333,269,162,326,120,94,248,98,295,277,276,277,271,152,127,320,326,327,110,79,266,225,332,80,175,121,289,282,267,249,231,301,306,326,208,201,,,273,257,,,340,112,311,340,337,332,326,246,330,280,173,141,324,315,315,287,288,294,162,237,319,191,333,265,,217,,,b'\x11\xe8\xe1I\xcb5qZ\xaf\x82\x12\xdf\x17\xaeN\x1e'
11E8E149-CB35-715A-AF82-12DF17AE4E1E,2022-ncaa-d1-conf-OVC,ncaa,9,9,9,9,9,9,9,8,9,8,5,9,10,10,9,7,9,9,9,9,8,8,8,9,9,9,9,9,7,8,8,9,8,8,7,8,7,8,10,8,6,6,7,7,,,7,8,,,9,7,3,6,9,8,5,6,4,9,9,9,8,8,7,4,6,9,7,7,9,6,6,,9,,,9,7,5,3,7,6,4,8,3,4,4,5,8,8,7,8,7,4,4,7,7,9,5,2,8,6,8,3,8,5,7,7,5,7,7,7,8,9,4,5,,,9,7,,,9,3,9,9,9,8,8,7,8,6,4,6,9,9,9,8,8,8,7,7,7,6,9,7,,7,,,b'\x11\xe8\xe1I\xcb5qZ\xaf\x82\x12\xdf\x17\xaeN\x1e'
11E8E149-CB35-715A-AF82-12DF17AE4E1E,2022-ncaa-d1-natl,ncaa,316,327,213,323,251,247,217,223,201,155,142,187,302,282,303,282,254,231,275,224,249,229,184,249,267,294,320,293,200,196,179,302,326,282,286,209,160,304,309,272,141,144,231,250,,,264,256,,,328,184,77,275,250,203,202,106,99,302,283,235,205,200,202,102,174,321,291,190,316,128,221,,289,,,327,287,260,159,318,286,205,311,128,100,237,83,323,319,254,319,298,196,184,303,316,323,127,76,295,278,326,120,179,176,286,287,258,206,218,281,319,322,208,181,,,226,240,,,328,165,292,330,326,326,311,232,325,262,156,125,334,327,328,280,282,294,163,236,311,185,329,237,,197,,,b'\x11\xe8\xe1I\xcb5qZ\xaf\x82\x12\xdf\x17\xaeN\x1e'
11E8E149-CB35-715A-AF82-12DF17AE4E1E,2023-ncaa-d0-natl,ncaa,195,160,290,195,303,282,297,296,269,248,218,273,307,299,299,274,140,163,98,167,131,278,258,286,255,276,226,294,32,256,195,346,311,338,290,296,245,247,298,310,51,18,230,161,,,294,344,,,226,254,66,192,242,265,230,205,133,293,280,79,99,103,190,109,207,353,334,272,317,17,198,,344,,,225,58,22,17,177,33,30,167,62,47,182,104,324,336,83,335,357,42,100,175,240,98,315,94,359,112,311,53,195,60,290,108,309,62,21,35,138,197,101,123,,,279,265,,,226,100,293,97,230,172,57,32,81,57,100,84,353,355,354,98,271,211,151,178,193,15,219,146,,213,,,b'\x11\xe8\xe1I\xcb5qZ\xaf\x82\x12\xdf\x17\xaeN\x1e'
11E8E149-CB35-715A-AF82-12DF17AE4E1E,2023-ncaa-d1-conf-OVC,ncaa,4,4,2,4,2,3,3,3,8,5,2,9,5,5,7,8,2,2,4,2,6,3,2,8,8,6,7,6,2,4,6,7,7,7,8,5,9,7,4,6,1,2,1,3,,,10,10,,,4,2,2,5,6,5,2,5,3,6,6,3,3,3,2,3,5,10,8,7,5,2,2,,10,,,4,7,6,6,4,5,7,3,7,6,7,5,10,10,3,10,10,7,9,5,5,4,10,6,10,7,7,8,6,8,8,7,8,1,3,3,5,3,9,5,,,4,8,,,4,9,6,4,4,5,2,3,4,4,5,5,10,10,10,4,8,4,7,7,5,1,3,7,,6,,,b'\x11\xe8\xe1I\xcb5qZ\xaf\x82\x12\xdf\x17\xaeN\x1e'
11E8E149-CB35-715A-AF82-12DF17AE4E1E,2023-ncaa-d1-natl,ncaa,167,160,151,172,188,233,248,206,267,203,141,279,272,267,271,273,108,121,155,127,129,181,134,290,258,282,206,275,43,203,187,329,286,303,280,262,234,326,305,310,28,18,185,148,,,331,338,,,218,122,63,228,249,272,233,206,133,280,279,90,96,98,192,100,205,345,326,274,319,17,185,,341,,,218,144,43,43,149,55,75,119,85,71,210,89,351,352,94,352,356,114,225,142,209,82,323,94,359,159,286,140,187,144,280,158,298,23,21,32,231,218,99,80,,,229,279,,,218,233,298,73,229,147,38,28,65,66,96,70,354,356,356,94,266,183,158,158,169,15,239,108,,216,,,b'\x11\xe8\xe1I\xcb5qZ\xaf\x82\x12\xdf\x17\xaeN\x1e'
11E8E149-CB35-715A-AF82-12DF17AE4E1E,2024-ncaa-d0-natl,ncaa,307,276,325,306,342,317,317,310,307,274,233,294,326,306,330,263,209,208,230,210,157,294,308,317,307,296,250,291,48,276,222,349,238,343,283,318,288,95,199,283,162,82,289,220,,,242,350,,,278,307,90,257,252,261,158,194,102,303,252,106,98,102,129,112,187,331,309,296,229,86,257,,340,,,284,61,40,11,292,24,12,277,137,76,311,203,241,283,57,279,349,20,27,307,311,258,320,222,319,33,238,67,222,40,283,134,303,171,66,151,70,161,76,119,,,269,163,,,278,42,303,232,290,241,164,53,122,46,245,171,325,334,334,126,215,113,248,206,268,72,171,150,,136,,,b'\x11\xe8\xe1I\xcb5qZ\xaf\x82\x12\xdf\x17\xaeN\x1e'
11E8E149-CB35-715A-AF82-12DF17AE4E1E,2024-ncaa-d1-conf-OVC,ncaa,9,8,9,9,10,11,11,7,11,10,5,11,9,9,11,9,9,8,7,8,9,7,9,11,11,11,8,9,2,6,6,10,7,10,8,11,7,3,5,10,5,5,9,5,,,8,11,,,9,9,6,9,10,11,5,8,3,9,8,9,5,6,6,7,5,9,8,10,6,5,8,,11,,,9,2,2,3,7,2,1,7,5,6,8,8,7,7,4,7,11,3,2,7,7,8,11,9,9,2,7,4,6,1,8,3,9,6,4,5,3,4,7,8,,,11,10,,,9,3,11,6,9,4,3,3,3,2,8,7,8,10,10,3,3,3,7,5,3,5,4,8,,8,,,b'\x11\xe8\xe1I\xcb5qZ\xaf\x82\x12\xdf\x17\xaeN\x1e'
11E8E149-CB35-715A-AF82-12DF17AE4E1E,2024-ncaa-d1-natl,ncaa,298,278,320,298,340,299,298,279,296,248,193,287,316,301,323,278,164,169,204,172,158,269,273,305,291,283,254,294,45,266,225,346,241,341,288,302,265,142,211,278,113,64,278,220,,,281,350,,,264,270,84,258,244,251,167,181,98,299,269,94,87,93,136,114,207,337,322,279,243,63,257,,341,,,268,102,51,15,285,48,18,279,148,96,295,201,283,312,53,306,351,34,55,298,303,237,318,203,321,47,241,94,225,53,288,159,295,126,56,132,108,176,79,87,,,236,174,,,264,76,295,208,275,239,159,53,134,48,220,168,325,338,337,122,225,108,234,179,251,58,189,131,,138,,,b'\x11\xe8\xe1I\xcb5qZ\xaf\x82\x12\xdf\x17\xaeN\x1e'
11E8E149-CB35-715A-AF82-12DF17AE4E1E,2025-ncaa-d0-natl,genius_ncaa,332,323,301,334,328,302,296,229,326,304,238,342,203,190,208,137,316,314,195,312,300,255,240,311,320,321,112,99,236,293,297,353,318,350,347,288,232,231,269,295,197,187,122,84,,,326,354,,130,336,216,20,269,268,257,99,281,152,157,120,285,286,283,130,77,252,356,349,257,312,140,86,,360,,184,340,236,122,64,300,142,75,291,127,78,260,96,361,356,311,355,360,120,141,296,346,323,311,75,359,106,318,189,297,151,347,145,197,172,139,156,290,312,186,246,,,291,283,,39,336,153,330,310,335,341,255,163,265,174,203,153,362,362,362,293,321,202,317,281,247,89,332,270,,218,,24,b'\x11\xe8\xe1I\xcb5qZ\xaf\x82\x12\xdf\x17\xaeN\x1e'
11E8E149-CB35-715A-AF82-12DF17AE4E1E,2025-ncaa-d1-conf-OVC,genius_ncaa,10,10,9,10,11,11,11,10,11,10,10,11,6,4,6,3,10,10,6,10,9,11,11,11,10,10,3,3,9,10,8,11,10,11,10,8,7,4,9,9,9,9,3,1,,,9,11,,4,11,9,3,10,11,11,4,10,8,3,2,10,10,10,6,4,8,11,11,8,9,7,3,,11,,5,11,6,2,2,8,2,1,10,5,6,8,9,11,11,6,11,11,3,3,10,10,9,10,5,11,4,10,5,8,5,10,6,9,8,6,8,8,11,4,9,,,9,8,,3,11,3,11,9,11,9,7,2,5,3,8,7,11,11,11,7,8,6,8,8,8,5,10,8,,9,,2,b'\x11\xe8\xe1I\xcb5qZ\xaf\x82\x12\xdf\x17\xaeN\x1e'
11E8E149-CB35-715A-AF82-12DF17AE4E1E,2025-ncaa-d1-natl,genius_ncaa,331,323,304,333,333,296,288,220,320,308,235,331,183,169,197,115,324,324,191,319,314,249,243,299,313,315,105,83,271,288,296,355,315,346,344,278,223,223,258,280,173,166,116,83,,,330,354,,130,333,202,19,269,255,238,81,279,160,132,93,299,302,297,123,71,254,357,340,243,303,129,84,,359,,176,336,249,136,62,296,146,79,291,130,83,230,103,361,355,324,353,360,135,151,284,346,321,309,72,360,106,315,185,296,154,344,147,192,164,140,149,282,309,171,234,,,306,309,,42,333,168,325,303,328,343,252,167,263,175,195,158,362,362,362,294,321,196,312,276,238,92,327,245,,244,,26,b'\x11\xe8\xe1I\xcb5qZ\xaf\x82\x12\xdf\x17\xaeN\x1e'
11E8E149-CB35-715A-AF82-12DF17AE4E1E,2026-ncaa-d0-natl,genius_ncaa,260,198,279,265,291,276,299,304,258,301,281,300,252,297,98,244,148,144,179,150,47,292,296,247,216,212,64,164,29,337,335,260,300,302,322,274,144,93,214,223,320,334,134,167,,,109,133,,180,247,278,26,97,196,254,225,260,171,177,236,37,35,38,158,131,325,99,219,211,227,304,69,,265,,283,257,100,104,130,105,183,231,109,12,36,30,14,226,211,270,206,170,142,114,56,90,157,36,5,313,243,300,119,335,157,322,144,238,290,308,271,81,177,107,184,,,172,19,,53,247,96,250,196,239,288,280,353,334,359,29,72,325,324,325,358,353,342,308,339,292,203,184,190,,22,,12,b'\x11\xe8\xe1I\xcb5qZ\xaf\x82\x12\xdf\x17\xaeN\x1e'
11E8E149-CB35-715A-AF82-12DF17AE4E1E,2026-ncaa-d1-natl,genius_ncaa,256,195,271,252,286,244,271,292,201,277,260,264,228,282,90,236,121,121,194,124,46,275,285,198,180,179,91,175,44,326,318,251,285,301,310,252,165,104,184,202,271,271,128,172,,,130,140,,201,191,258,10,100,135,192,157,197,140,150,214,38,29,31,100,84,294,89,173,172,221,197,78,,274,,280,185,102,106,158,69,195,259,82,8,27,8,15,231,208,265,207,160,168,141,33,53,95,34,5,314,248,285,143,318,177,310,132,212,246,248,206,99,162,91,147,,,156,38,,45,191,117,225,127,176,264,257,354,325,361,15,76,323,305,305,358,355,335,297,335,257,140,191,156,,24,,15,b'\x11\xe8\xe1I\xcb5qZ\xaf\x82\x12\xdf\x17\xaeN\x1e'
11E8E149-CB39-9A50-AF82-12DF17AE4E1E,2010-ncaa-d0-natl,ncaa,274,224,322,270,328,304,305,298,296,302,308,221,253,169,331,91,247,249,188,248,97,301,311,295,290,279,140,185,94,199,119,296,110,265,133,320,286,92,226,292,340,326,316,308,,,101,276,,,290,322,188,164,263,271,175,249,244,215,92,167,163,164,181,157,96,190,123,302,223,331,306,,250,,,294,88,88,27,316,134,50,302,82,37,273,106,145,152,152,151,242,29,17,306,310,325,138,112,211,23,110,57,119,25,133,158,246,320,254,300,76,192,72,171,,,264,111,,,290,23,257,316,295,279,270,144,278,192,167,108,258,263,261,187,139,88,226,180,278,258,200,133,,118,,,b'\x11\xe8\xe1I\xcb9\x9aP\xaf\x82\x12\xdf\x17\xaeN\x1e'
11E8E149-CB39-9A50-AF82-12DF17AE4E1E,2010-ncaa-d1-conf-Southland,ncaa,8,8,7,8,8,9,10,10,9,10,10,7,10,6,11,6,8,9,4,9,6,10,10,10,9,9,7,7,2,6,4,10,3,10,3,9,7,3,7,7,11,10,9,9,,,1,8,,,10,9,11,8,10,10,10,10,9,9,6,6,7,7,10,11,4,10,10,8,6,11,9,,3,,,10,4,5,3,10,5,3,10,5,3,10,6,3,2,9,2,6,3,3,10,10,11,4,7,3,2,3,4,4,3,3,9,7,11,7,11,2,8,11,11,,,7,3,,,10,3,8,11,10,5,6,4,7,3,7,3,2,2,2,1,1,1,6,2,8,10,4,10,,5,,,b'\x11\xe8\xe1I\xcb9\x9aP\xaf\x82\x12\xdf\x17\xaeN\x1e'
11E8E149-CB39-9A50-AF82-12DF17AE4E1E,2010-ncaa-d1-natl,ncaa,228,223,191,233,227,210,211,183,228,217,245,161,152,93,282,72,213,210,207,205,131,184,192,218,228,222,130,122,200,106,87,217,82,180,99,229,238,163,190,225,296,294,292,291,,,193,266,,,238,220,154,186,185,189,123,209,230,132,62,192,184,179,138,133,72,194,119,217,207,291,288,,243,,,238,182,189,89,308,218,119,299,114,81,246,104,204,207,162,207,235,107,106,302,298,298,124,101,209,45,82,133,87,76,99,237,241,213,168,256,134,153,102,155,,,193,188,,,238,126,197,255,235,242,240,114,263,164,131,94,240,239,238,140,142,55,200,124,261,183,166,123,,155,,,b'\x11\xe8\xe1I\xcb9\x9aP\xaf\x82\x12\xdf\x17\xaeN\x1e'
11E8E149-CB39-9A50-AF82-12DF17AE4E1E,2011-ncaa-d0-natl,ncaa,248,175,329,236,333,296,268,330,58,205,297,47,313,313,282,252,320,316,258,314,253,331,329,106,129,193,325,292,271,304,148,294,117,315,81,294,288,116,300,278,335,318,336,339,,,39,193,,,254,332,162,257,200,140,252,70,162,294,273,264,251,245,266,209,229,136,189,235,283,317,326,,178,,,265,49,103,33,299,202,99,306,15,24,44,39,79,73,241,70,103,26,13,246,245,311,15,16,142,15,117,5,148,5,81,79,98,338,321,316,82,223,45,106,,,325,222,,,254,13,206,295,262,270,301,254,329,312,46,70,198,187,181,251,153,126,48,66,224,321,211,107,,246,,,b'\x11\xe8\xe1I\xcb9\x9aP\xaf\x82\x12\xdf\x17\xaeN\x1e'
11E8E149-CB39-9A50-AF82-12DF17AE4E1E,2011-ncaa-d1-conf-Southland,ncaa,8,9,5,9,7,10,8,12,2,4,10,2,10,10,6,9,11,10,11,10,10,12,12,2,3,6,12,10,11,12,9,7,5,11,4,7,6,9,11,9,12,12,10,10,,,2,6,,,9,10,10,10,11,7,12,3,11,10,10,11,10,10,12,12,11,6,11,8,9,12,10,,4,,,9,7,9,6,10,11,9,10,1,1,5,1,3,4,8,4,2,6,2,10,7,10,2,1,3,4,5,1,9,1,4,6,5,12,12,12,8,8,2,2,,,9,7,,,9,3,7,10,9,8,9,6,10,10,2,1,6,4,4,6,3,4,2,3,7,12,8,2,,10,,,b'\x11\xe8\xe1I\xcb9\x9aP\xaf\x82\x12\xdf\x17\xaeN\x1e'
11E8E149-CB39-9A50-AF82-12DF17AE4E1E,2011-ncaa-d1-natl,ncaa,206,172,279,206,310,228,180,272,47,106,194,39,296,285,284,253,296,292,248,286,291,287,266,99,128,184,332,298,295,245,133,231,64,239,68,236,280,239,288,259,276,251,324,328,,,106,205,,,225,270,109,260,168,89,211,44,127,290,271,273,267,260,237,164,199,135,169,198,286,254,318,,195,,,227,142,193,100,302,277,205,304,27,35,62,38,140,123,206,112,109,90,60,250,247,281,17,17,146,35,64,14,133,7,68,142,110,293,259,263,112,186,52,69,,,292,275,,,225,75,195,251,224,247,287,219,324,301,48,54,186,178,173,222,167,79,60,53,211,259,172,85,,258,,,b'\x11\xe8\xe1I\xcb9\x9aP\xaf\x82\x12\xdf\x17\xaeN\x1e'
11E8E149-CB39-9A50-AF82-12DF17AE4E1E,2012-ncaa-d0-natl,ncaa,279,228,337,273,338,295,283,301,205,234,259,165,293,268,317,213,273,236,279,236,152,301,320,239,252,236,267,257,148,221,139,321,304,307,253,309,283,42,166,252,276,233,302,288,,,63,219,,,253,326,124,158,176,153,115,111,114,256,194,168,116,110,105,103,105,228,152,262,195,209,271,,256,,,265,62,62,29,249,69,49,225,128,65,296,148,112,120,103,115,231,34,21,254,256,255,195,196,194,156,304,47,139,60,253,85,167,280,196,213,4,26,222,283,,,289,165,,,253,16,214,280,265,274,269,241,260,256,241,192,260,276,276,267,266,308,251,298,239,155,37,306,,128,,,b'\x11\xe8\xe1I\xcb9\x9aP\xaf\x82\x12\xdf\x17\xaeN\x1e'
11E8E149-CB39-9A50-AF82-12DF17AE4E1E,2012-ncaa-d1-conf-Southland,ncaa,8,8,5,8,6,7,5,6,5,2,4,4,8,8,9,9,8,5,11,5,8,6,5,6,7,7,9,10,9,4,5,11,12,6,8,8,9,5,7,7,4,4,7,8,,,6,7,,,7,7,8,3,8,4,4,2,5,8,9,10,5,5,4,6,3,11,9,7,7,3,7,,7,,,8,8,9,8,9,8,8,8,10,7,11,7,8,7,10,7,7,7,9,9,10,10,9,7,7,11,12,7,5,9,8,8,4,4,4,6,3,2,10,10,,,8,9,,,7,5,6,10,8,8,8,7,7,8,11,6,8,7,7,7,8,11,7,10,8,4,3,11,,9,,,b'\x11\xe8\xe1I\xcb9\x9aP\xaf\x82\x12\xdf\x17\xaeN\x1e'
11E8E149-CB39-9A50-AF82-12DF17AE4E1E,2012-ncaa-d1-natl,ncaa,234,227,196,238,238,188,151,159,164,97,114,106,276,218,328,238,210,167,267,167,226,158,167,221,234,204,300,275,197,122,129,236,277,186,220,256,294,124,136,236,181,176,274,280,,,204,221,,,204,190,107,180,146,104,84,55,71,266,205,195,135,138,86,84,95,204,133,248,183,155,266,,255,,,204,188,185,149,223,184,160,204,192,139,268,138,188,213,79,214,219,155,174,224,218,208,187,186,186,249,277,184,129,216,220,196,184,143,131,164,7,6,290,260,,,209,230,,,204,148,187,227,206,240,230,214,232,232,214,177,226,252,254,235,261,282,245,281,231,102,18,307,,168,,,b'\x11\xe8\xe1I\xcb9\x9aP\xaf\x82\x12\xdf\x17\xaeN\x1e'
11E8E149-CB39-9A50-AF82-12DF17AE4E1E,2013-ncaa-d0-natl,ncaa,273,216,327,267,331,258,235,302,104,151,216,85,328,302,333,274,208,215,186,219,181,299,276,169,162,224,317,321,123,228,99,330,264,316,174,263,260,231,303,289,314,310,338,339,,,151,258,,,301,289,52,90,149,119,163,52,89,312,276,108,108,113,153,61,120,286,219,211,321,286,334,,291,,,306,215,232,59,335,281,159,332,44,21,237,36,225,160,317,157,176,65,68,331,334,328,32,23,200,69,264,10,99,17,174,219,173,225,177,251,85,154,69,96,,,198,81,,,301,74,217,322,295,334,331,280,339,316,112,71,300,272,273,290,292,207,97,135,308,123,181,144,,38,,,b'\x11\xe8\xe1I\xcb9\x9aP\xaf\x82\x12\xdf\x17\xaeN\x1e'
11E8E149-CB39-9A50-AF82-12DF17AE4E1E,2013-ncaa-d1-conf-Southland,ncaa,9,9,9,9,9,8,7,7,6,2,3,4,9,8,9,8,7,7,8,6,7,8,7,8,8,9,10,9,6,7,4,9,6,8,5,8,6,9,8,9,7,7,9,9,,,6,6,,,9,7,1,3,5,4,4,1,1,9,7,6,6,5,3,1,2,8,5,5,10,6,9,,10,,,9,10,9,4,10,10,6,10,1,2,8,2,9,7,9,7,5,4,4,10,10,10,1,1,5,3,6,4,4,3,5,10,8,5,5,9,8,7,7,7,,,5,8,,,9,4,9,10,9,10,10,10,10,10,4,3,10,10,10,10,10,6,8,6,10,4,8,10,,2,,,b'\x11\xe8\xe1I\xcb9\x9aP\xaf\x82\x12\xdf\x17\xaeN\x1e'
11E8E149-CB39-9A50-AF82-12DF17AE4E1E,2013-ncaa-d1-natl,ncaa,248,216,292,247,301,201,173,231,103,106,146,80,309,285,327,272,159,159,198,163,177,222,188,163,154,209,310,314,124,132,60,307,247,251,137,229,259,276,287,274,296,310,335,339,,,189,223,,,288,195,41,88,123,99,130,39,68,296,261,97,85,90,124,40,75,260,170,185,316,283,332,,280,,,291,270,285,154,332,312,229,327,84,35,290,34,243,198,312,190,147,154,150,327,330,321,33,35,175,127,247,35,60,46,137,263,175,174,151,243,106,117,71,68,,,135,98,,,288,168,187,312,267,328,330,295,335,320,125,69,289,257,251,290,299,202,97,132,304,108,160,116,,37,,,b'\x11\xe8\xe1I\xcb9\x9aP\xaf\x82\x12\xdf\x17\xaeN\x1e'
11E8E149-CB39-9A50-AF82-12DF17AE4E1E,2014-ncaa-d0-natl,ncaa,303,298,254,306,259,213,223,283,102,166,209,90,278,273,250,243,145,154,131,155,113,263,221,153,124,218,254,284,79,209,125,247,314,248,199,259,277,302,325,305,332,337,323,332,,,29,11,,,322,209,85,39,168,174,239,117,161,263,251,91,106,106,213,108,173,191,188,257,333,324,321,,57,,,324,303,335,293,311,334,292,311,240,230,237,189,58,31,313,34,13,249,191,307,287,324,34,179,8,292,314,30,125,127,199,319,200,313,332,345,231,256,91,117,,,190,150,,,322,152,220,333,315,337,343,345,344,342,291,287,83,53,64,339,313,332,78,219,335,296,271,116,,119,,,b'\x11\xe8\xe1I\xcb9\x9aP\xaf\x82\x12\xdf\x17\xaeN\x1e'
11E8E149-CB39-9A50-AF82-12DF17AE4E1E,2014-ncaa-d1-conf-Southland,ncaa,12,10,11,12,11,6,7,10,4,4,5,4,10,11,7,12,1,1,3,1,3,9,8,4,3,3,11,12,2,7,6,8,7,8,6,8,11,9,8,11,14,14,13,13,,,3,2,,,12,7,3,1,3,4,7,2,3,11,12,1,1,1,4,2,7,2,5,6,11,14,13,,3,,,12,13,14,14,12,14,13,12,12,12,10,8,2,3,12,3,1,12,8,13,11,13,2,10,1,9,7,4,6,7,6,13,10,13,14,14,4,5,7,6,,,3,4,,,12,8,6,13,12,13,14,14,14,14,14,13,2,2,2,14,14,11,6,7,14,14,6,7,,2,,,b'\x11\xe8\xe1I\xcb9\x9aP\xaf\x82\x12\xdf\x17\xaeN\x1e'
11E8E149-CB39-9A50-AF82-12DF17AE4E1E,2014-ncaa-d1-natl,ncaa,293,298,211,299,218,209,202,260,106,152,205,82,265,253,271,227,147,152,137,152,115,246,182,150,126,223,253,275,84,193,113,223,317,213,188,263,279,320,328,309,329,342,322,335,,,36,9,,,323,185,79,39,173,170,227,116,164,261,230,100,111,110,211,100,160,167,165,255,337,325,322,,57,,,322,321,341,310,310,342,311,311,243,240,197,184,55,32,283,40,11,291,224,303,276,322,22,161,7,310,317,41,113,157,188,322,179,309,332,344,253,260,88,107,,,171,156,,,323,191,226,334,314,337,344,346,345,343,279,282,79,52,61,342,323,333,81,236,330,292,279,110,,120,,,b'\x11\xe8\xe1I\xcb9\x9aP\xaf\x82\x12\xdf\x17\xaeN\x1e'
11E8E149-CB39-9A50-AF82-12DF17AE4E1E,2015-ncaa-d0-natl,ncaa,320,296,322,321,323,282,267,241,262,292,273,268,125,125,139,70,337,337,224,337,308,268,271,218,257,259,110,50,329,273,282,282,309,292,318,223,133,159,235,206,301,310,281,301,,,121,152,,,323,263,24,46,176,165,52,236,172,63,56,318,313,313,99,54,210,144,167,125,279,268,246,,262,,,328,246,283,177,320,318,253,311,76,62,188,42,166,165,143,169,107,177,119,298,282,326,20,41,110,240,309,199,282,231,318,184,86,298,299,292,77,131,52,108,,,336,333,,,323,93,285,334,321,341,344,341,346,346,156,150,256,266,273,342,338,336,337,341,306,239,175,101,,294,,,b'\x11\xe8\xe1I\xcb9\x9aP\xaf\x82\x12\xdf\x17\xaeN\x1e'
11E8E149-CB39-9A50-AF82-12DF17AE4E1E,2015-ncaa-d1-conf-Southland,ncaa,12,12,9,12,11,7,8,5,11,12,8,12,4,4,4,4,12,12,8,12,11,7,7,10,11,8,5,2,13,10,12,7,12,9,12,5,4,5,5,5,11,12,6,10,,,10,10,,,12,6,1,6,5,5,2,10,5,3,3,11,12,12,2,2,10,3,7,4,6,11,6,,13,,,12,10,11,10,12,12,12,11,3,3,6,2,12,11,8,11,5,10,9,10,10,12,2,2,8,11,12,12,12,12,12,7,1,11,13,11,4,4,1,2,,,12,13,,,12,8,11,13,12,13,13,13,13,13,4,4,12,13,13,13,13,13,13,13,8,11,5,4,,12,,,b'\x11\xe8\xe1I\xcb9\x9aP\xaf\x82\x12\xdf\x17\xaeN\x1e'
11E8E149-CB39-9A50-AF82-12DF17AE4E1E,2015-ncaa-d1-natl,ncaa,303,293,298,303,306,250,226,202,245,261,243,246,122,112,158,80,330,324,230,325,305,231,223,210,247,252,128,69,328,256,280,227,292,253,306,182,129,196,229,201,291,312,276,306,,,157,147,,,311,203,34,50,179,154,60,227,176,85,72,316,310,307,112,75,216,125,160,123,268,274,261,,241,,,314,282,305,251,301,328,292,292,86,76,174,44,171,180,136,183,96,244,183,274,260,310,20,43,104,262,292,256,280,268,306,204,85,267,295,284,104,130,70,113,,,320,326,,,311,151,276,318,304,334,340,339,343,346,141,130,227,243,247,339,333,325,325,334,286,241,165,104,,291,,,b'\x11\xe8\xe1I\xcb9\x9aP\xaf\x82\x12\xdf\x17\xaeN\x1e'
11E8E149-CB39-9A50-AF82-12DF17AE4E1E,2016-ncaa-d0-natl,ncaa,325,327,240,329,285,220,219,172,277,234,246,201,158,93,303,70,230,228,222,223,171,184,139,260,271,290,144,127,207,163,195,216,347,195,315,202,142,322,310,277,275,321,278,288,,,323,289,,,339,129,12,346,185,183,88,209,203,141,56,215,213,209,102,30,133,158,140,168,336,260,273,,344,,,340,330,276,268,197,191,193,191,330,316,286,283,347,340,310,340,330,299,276,241,287,306,336,277,312,348,347,237,195,325,315,316,310,203,275,299,231,212,5,17,,,141,141,,,339,224,295,337,330,343,315,337,256,266,340,336,348,346,345,346,342,348,300,342,333,167,270,9,,57,,,b'\x11\xe8\xe1I\xcb9\x9aP\xaf\x82\x12\xdf\x17\xaeN\x1e'
11E8E149-CB39-9A50-AF82-12DF17AE4E1E,2016-ncaa-d1-conf-Southland,ncaa,12,12,9,12,11,10,10,5,11,8,9,6,7,3,12,3,13,12,9,12,13,9,7,11,12,12,8,5,13,7,8,5,11,7,10,8,8,8,9,9,11,11,10,9,,,7,8,,,12,7,3,8,10,6,3,8,8,6,2,13,12,12,4,3,5,3,3,8,9,9,10,,10,,,12,9,8,10,3,4,5,3,11,11,8,12,10,9,11,9,12,10,9,4,5,10,13,11,10,11,11,9,8,9,10,11,12,12,12,12,2,4,1,1,,,11,12,,,12,7,10,12,12,11,8,13,6,6,13,13,12,12,12,12,11,12,12,12,11,10,3,1,,9,,,b'\x11\xe8\xe1I\xcb9\x9aP\xaf\x82\x12\xdf\x17\xaeN\x1e'
11E8E149-CB39-9A50-AF82-12DF17AE4E1E,2016-ncaa-d1-natl,ncaa,332,327,303,333,335,252,255,210,284,255,269,213,176,100,305,70,256,255,221,252,173,220,178,269,272,296,141,127,206,191,209,248,348,233,325,222,148,317,315,284,293,322,286,289,,,312,293,,,341,169,11,346,203,199,90,214,212,145,58,218,216,215,103,30,142,165,147,179,339,265,272,,345,,,342,323,256,246,208,172,159,202,322,303,292,280,343,333,310,333,330,287,254,247,298,311,336,275,314,347,348,211,209,311,325,312,311,232,280,308,217,216,5,21,,,165,140,,,341,183,305,342,333,343,320,339,265,270,341,335,348,346,346,346,342,348,302,344,336,175,277,10,,54,,,b'\x11\xe8\xe1I\xcb9\x9aP\xaf\x82\x12\xdf\x17\xaeN\x1e'
11E8E149-CB39-9A50-AF82-12DF17AE4E1E,2017-ncaa-d0-natl,ncaa,328,323,291,330,309,245,295,281,286,341,337,302,72,79,105,30,145,151,175,150,14,263,190,212,184,287,6,17,63,326,332,327,339,338,345,271,188,340,342,326,91,109,344,346,,,348,349,,,342,128,5,187,178,264,198,338,321,34,31,77,77,76,177,24,307,321,337,242,348,53,342,,349,,,340,338,292,121,345,309,192,341,132,52,315,26,349,349,223,349,348,225,245,341,346,340,218,27,346,275,339,264,332,281,345,239,133,93,118,154,277,281,312,345,,,132,89,,,342,231,313,339,338,348,338,263,345,310,198,115,349,349,349,343,345,328,341,342,309,32,308,338,,30,,,b'\x11\xe8\xe1I\xcb9\x9aP\xaf\x82\x12\xdf\x17\xaeN\x1e'
11E8E149-CB39-9A50-AF82-12DF17AE4E1E,2017-ncaa-d1-conf-Southland,ncaa,12,12,9,12,9,10,11,8,11,13,11,11,3,3,2,3,8,7,9,8,2,9,6,9,8,11,1,1,7,11,12,12,10,12,12,11,4,13,12,12,4,4,12,12,,,13,13,,,11,5,1,2,7,10,5,13,11,2,3,5,5,6,5,2,11,11,11,9,13,3,12,,13,,,11,13,11,5,12,12,9,12,3,2,11,2,13,13,10,13,13,9,9,12,13,12,7,1,12,6,10,13,12,12,12,7,6,5,5,5,7,7,12,12,,,6,7,,,11,10,11,11,11,13,13,8,13,12,4,2,13,13,13,13,13,8,13,13,9,3,8,12,,4,,,b'\x11\xe8\xe1I\xcb9\x9aP\xaf\x82\x12\xdf\x17\xaeN\x1e'
11E8E149-CB39-9A50-AF82-12DF17AE4E1E,2017-ncaa-d1-natl,ncaa,331,322,310,332,321,257,292,290,288,342,340,297,75,75,118,37,155,149,198,147,15,276,178,214,191,290,8,18,75,329,331,332,340,339,345,272,180,341,343,327,90,109,342,345,,,347,349,,,342,101,6,192,183,267,200,338,321,39,35,95,81,78,181,29,306,319,335,237,347,52,341,,349,,,341,341,296,121,344,320,213,337,114,44,308,21,349,349,251,349,348,247,267,338,345,341,216,20,347,296,340,280,331,292,345,232,114,86,116,145,290,293,315,345,,,121,83,,,342,261,316,336,337,348,337,261,343,315,173,96,349,349,349,343,344,331,340,342,297,36,314,337,,27,,,b'\x11\xe8\xe1I\xcb9\x9aP\xaf\x82\x12\xdf\x17\xaeN\x1e'
11E8E149-CB39-9A50-AF82-12DF17AE4E1E,2018-ncaa-d0-natl,ncaa,277,280,242,281,246,234,260,165,333,320,254,337,79,59,168,57,234,223,231,219,141,169,155,308,305,290,23,38,168,155,241,270,232,234,299,282,258,216,211,281,102,93,324,308,,,333,338,,,296,162,47,46,217,263,64,319,216,65,36,196,181,174,76,52,101,242,177,278,264,66,322,,344,,,296,241,106,60,264,96,25,314,195,216,140,258,349,347,159,347,349,139,181,279,321,250,336,173,346,129,232,313,241,280,299,160,222,81,74,84,117,112,204,263,,,195,195,,,296,195,293,233,283,306,170,89,142,28,236,274,348,348,348,239,301,186,344,318,197,46,163,239,,119,,,b'\x11\xe8\xe1I\xcb9\x9aP\xaf\x82\x12\xdf\x17\xaeN\x1e'
11E8E149-CB39-9A50-AF82-12DF17AE4E1E,2018-ncaa-d1-conf-Southland,ncaa,9,8,9,9,9,9,9,5,11,9,8,10,3,4,5,3,10,11,7,11,9,7,9,9,9,8,4,3,11,7,11,8,2,9,10,11,11,2,2,5,5,5,12,10,,,12,12,,,9,9,5,1,6,4,2,8,5,3,3,9,9,9,2,4,3,5,5,10,3,5,12,,12,,,9,9,3,3,9,3,1,10,11,12,11,13,13,13,10,13,13,5,5,10,12,11,13,10,13,2,2,13,11,9,10,3,6,8,7,4,2,2,8,11,,,11,10,,,9,5,8,10,8,12,4,3,3,2,12,13,13,13,13,8,8,3,13,11,3,7,3,10,,9,,,b'\x11\xe8\xe1I\xcb9\x9aP\xaf\x82\x12\xdf\x17\xaeN\x1e'
11E8E149-CB39-9A50-AF82-12DF17AE4E1E,2018-ncaa-d1-natl,ncaa,289,278,315,290,317,273,293,202,335,337,279,338,86,71,172,58,251,245,226,240,139,211,203,311,309,293,23,36,160,186,255,309,236,275,306,312,259,199,219,290,118,104,329,312,,,324,340,,,305,207,48,43,234,278,69,326,223,69,39,198,181,177,77,52,110,254,194,290,266,75,324,,344,,,307,211,82,26,275,70,11,320,178,190,146,256,348,346,165,345,349,92,132,293,327,265,335,173,346,107,236,302,255,263,306,147,224,101,79,96,101,118,193,270,,,225,196,,,305,153,299,247,293,310,182,90,153,32,239,272,349,348,348,242,301,188,344,322,205,50,166,247,,123,,,b'\x11\xe8\xe1I\xcb9\x9aP\xaf\x82\x12\xdf\x17\xaeN\x1e'
11E8E149-CB39-9A50-AF82-12DF17AE4E1E,2019-ncaa-d0-natl,ncaa,277,245,321,276,322,326,338,332,306,342,337,298,217,184,267,82,272,256,270,248,59,331,330,290,292,289,53,91,101,329,329,313,252,337,333,333,218,146,275,303,215,155,341,331,,,298,348,,,278,321,170,33,309,321,297,328,301,151,112,217,172,166,286,246,316,233,310,306,252,147,336,,346,,,287,46,6,10,144,20,17,134,35,29,152,73,338,336,111,337,348,24,35,135,210,175,309,64,350,92,252,177,329,138,333,38,206,206,91,74,82,231,171,312,,,269,88,,,278,36,318,181,282,194,66,46,87,85,78,72,349,348,348,158,233,237,328,317,116,85,212,247,,133,,,b'\x11\xe8\xe1I\xcb9\x9aP\xaf\x82\x12\xdf\x17\xaeN\x1e'
11E8E149-CB39-9A50-AF82-12DF17AE4E1E,2019-ncaa-d1-conf-Southland,ncaa,12,12,9,12,9,13,12,12,12,12,12,10,6,5,10,5,12,12,10,12,7,13,13,10,9,8,4,5,8,13,13,7,3,12,12,13,12,2,7,11,11,10,13,13,,,10,12,,,11,13,10,1,13,12,10,12,11,6,5,12,11,11,11,10,13,5,11,12,4,11,13,,11,,,11,3,3,2,7,3,2,5,6,4,12,4,11,12,7,12,12,3,1,7,8,10,13,9,13,2,3,11,13,8,12,2,5,10,9,7,2,4,8,12,,,12,6,,,11,1,12,9,11,7,6,3,5,4,7,6,12,12,12,7,4,3,13,10,5,9,3,10,,11,,,b'\x11\xe8\xe1I\xcb9\x9aP\xaf\x82\x12\xdf\x17\xaeN\x1e'
11E8E149-CB39-9A50-AF82-12DF17AE4E1E,2019-ncaa-d1-natl,ncaa,282,266,314,283,315,326,335,322,321,338,325,310,205,168,275,100,259,236,282,228,68,319,319,305,305,302,61,99,91,324,332,282,220,325,329,329,232,176,264,311,191,143,331,315,,,317,349,,,293,298,155,35,311,326,290,331,291,170,123,216,169,159,271,235,310,227,301,319,241,139,324,,346,,,295,74,14,8,135,29,25,131,36,33,159,69,347,345,136,344,351,38,63,133,227,176,315,64,351,89,220,266,332,214,329,49,195,155,83,68,104,205,224,320,,,232,88,,,293,62,325,176,293,200,58,39,82,78,81,68,350,349,350,150,232,198,335,320,106,77,190,272,,127,,,b'\x11\xe8\xe1I\xcb9\x9aP\xaf\x82\x12\xdf\x17\xaeN\x1e'
11E8E149-CB39-9A50-AF82-12DF17AE4E1E,2020-ncaa-d0-natl,ncaa,239,216,260,236,302,271,266,300,183,278,286,185,185,196,151,126,277,309,87,310,225,309,320,173,164,177,143,133,213,321,301,306,149,333,278,273,220,93,190,203,177,121,204,170,,,284,343,,,184,308,254,273,239,239,273,243,261,161,165,257,294,292,290,306,313,290,326,248,141,152,194,,317,,,184,51,31,14,209,67,60,161,29,13,227,37,297,301,130,300,332,24,32,183,239,158,183,43,342,37,149,122,301,74,278,23,71,150,64,36,99,183,64,131,,,299,191,,,184,39,217,134,187,98,51,11,111,94,41,22,317,321,321,38,64,66,200,143,38,104,138,92,,260,,,b'\x11\xe8\xe1I\xcb9\x9aP\xaf\x82\x12\xdf\x17\xaeN\x1e'
11E8E149-CB39-9A50-AF82-12DF17AE4E1E,2020-ncaa-d1-conf-Southland,ncaa,8,8,1,8,8,6,6,6,6,10,10,6,2,3,4,3,13,13,2,13,12,11,12,4,6,4,5,2,13,13,13,10,2,13,7,6,6,1,1,3,10,9,8,5,,,9,10,,,5,11,10,8,6,6,6,10,10,2,3,13,13,13,11,12,13,10,13,6,1,10,8,,9,,,5,3,4,1,6,4,4,5,3,4,7,6,5,7,6,7,11,3,2,7,5,6,8,4,10,2,2,6,13,4,7,4,5,9,8,4,1,3,2,3,,,13,13,,,5,3,4,5,5,3,4,1,4,4,3,4,5,7,7,3,2,2,6,4,4,9,1,2,,13,,,b'\x11\xe8\xe1I\xcb9\x9aP\xaf\x82\x12\xdf\x17\xaeN\x1e'
11E8E149-CB39-9A50-AF82-12DF17AE4E1E,2020-ncaa-d1-natl,ncaa,238,215,257,240,302,260,254,298,163,270,277,179,168,194,125,130,270,304,80,304,235,309,313,151,149,175,145,133,221,322,296,298,127,325,253,269,235,114,202,218,187,136,203,170,,,302,343,,,189,302,243,273,231,227,271,238,259,158,175,257,295,293,288,296,307,273,324,254,155,168,194,,325,,,190,66,31,11,206,80,66,157,28,14,250,32,320,316,149,315,332,28,36,184,237,182,197,42,345,36,127,137,296,71,253,23,69,165,80,39,114,194,93,154,,,281,191,,,189,45,214,146,189,111,53,15,112,104,43,21,326,327,328,46,67,52,193,129,40,124,152,117,,248,,,b'\x11\xe8\xe1I\xcb9\x9aP\xaf\x82\x12\xdf\x17\xaeN\x1e'
11E8E149-CB39-9A50-AF82-12DF17AE4E1E,2021-ncaa-d0-natl,ncaa,151,83,248,122,267,206,191,266,34,190,235,69,199,272,13,261,213,189,298,187,105,261,258,42,58,85,213,197,204,299,304,231,37,263,167,225,253,115,225,189,153,65,205,183,,,150,297,,,74,242,81,216,107,85,229,80,148,153,262,148,77,75,205,178,314,112,243,169,222,66,167,,278,,,58,77,77,69,153,111,114,158,26,38,32,15,164,194,53,181,266,78,81,86,100,70,43,11,311,47,37,94,304,77,167,36,21,187,75,16,141,236,33,31,,,232,115,,,74,90,137,43,70,85,86,61,194,215,10,14,268,293,282,86,140,35,192,96,20,78,241,25,,124,,,b'\x11\xe8\xe1I\xcb9\x9aP\xaf\x82\x12\xdf\x17\xaeN\x1e'
11E8E149-CB39-9A50-AF82-12DF17AE4E1E,2021-ncaa-d1-conf-Southland,ncaa,4,2,4,3,5,4,3,7,2,5,6,3,3,4,2,6,9,7,10,6,9,6,6,2,3,2,8,5,12,11,13,4,1,6,6,2,8,7,5,3,5,5,3,4,,,7,7,,,2,5,5,8,3,3,5,3,8,3,7,10,9,9,6,10,13,2,10,2,5,7,4,,6,,,2,6,7,6,4,8,8,5,6,7,4,5,6,8,6,6,7,7,7,4,3,3,3,4,6,3,1,7,13,6,6,3,1,7,7,2,6,6,4,2,,,7,8,,,2,8,2,3,2,3,4,5,8,8,5,6,5,7,4,5,4,2,6,4,2,7,6,2,,9,,,b'\x11\xe8\xe1I\xcb9\x9aP\xaf\x82\x12\xdf\x17\xaeN\x1e'
11E8E149-CB39-9A50-AF82-12DF17AE4E1E,2021-ncaa-d1-natl,ncaa,164,82,259,127,274,220,213,271,35,207,247,72,206,277,14,259,223,200,297,197,102,268,266,45,58,88,209,196,201,302,307,241,39,273,178,234,255,103,229,199,168,67,215,184,,,138,299,,,77,251,81,216,109,89,235,82,149,154,261,147,79,76,210,184,314,118,250,178,223,68,168,,280,,,62,72,73,63,163,105,107,168,22,33,33,15,157,188,53,168,267,69,72,93,108,79,43,10,311,42,39,88,307,68,178,34,21,203,80,17,131,239,32,34,,,243,112,,,77,81,142,48,74,91,89,62,202,219,10,13,275,296,287,86,139,37,196,99,22,80,245,26,,123,,,b'\x11\xe8\xe1I\xcb9\x9aP\xaf\x82\x12\xdf\x17\xaeN\x1e'
11E8E149-CB39-9A50-AF82-12DF17AE4E1E,2022-ncaa-d0-natl,ncaa,174,87,319,143,322,298,273,323,109,188,238,115,342,340,319,322,285,259,322,254,216,318,328,183,214,193,340,336,192,254,120,287,8,285,44,249,151,35,179,147,169,37,289,182,,,38,249,,,96,336,281,38,222,159,239,55,79,329,327,217,145,140,222,224,151,153,138,156,161,81,263,,173,,,86,5,2,5,46,3,2,86,67,89,82,311,144,124,262,133,338,5,9,75,124,57,346,277,338,1,8,8,120,2,44,2,159,207,35,21,46,170,78,112,,,303,145,,,96,20,191,24,85,24,6,13,4,6,160,217,265,258,264,17,36,4,75,17,21,75,150,160,,180,,,b'\x11\xe8\xe1I\xcb9\x9aP\xaf\x82\x12\xdf\x17\xaeN\x1e'
11E8E149-CB39-9A50-AF82-12DF17AE4E1E,2022-ncaa-d1-conf-Southland,ncaa,2,3,3,3,3,3,2,3,1,1,3,2,6,7,5,6,7,3,8,3,6,3,3,2,2,2,8,7,8,3,2,3,1,3,1,2,5,2,1,1,1,1,5,4,,,4,6,,,1,3,6,1,2,1,4,1,2,6,6,7,5,5,2,7,4,5,4,3,2,1,5,,5,,,1,2,1,1,2,1,1,2,6,6,5,7,5,5,7,5,8,2,2,3,4,3,8,8,7,1,1,4,2,1,1,2,2,2,1,1,2,1,5,3,,,3,4,,,1,6,2,1,1,2,1,1,1,1,6,6,5,4,4,1,1,1,2,1,1,1,2,3,,4,,,b'\x11\xe8\xe1I\xcb9\x9aP\xaf\x82\x12\xdf\x17\xaeN\x1e'
11E8E149-CB39-9A50-AF82-12DF17AE4E1E,2022-ncaa-d1-natl,ncaa,157,87,304,126,306,284,256,316,114,180,191,125,332,330,299,317,264,215,323,214,198,307,321,190,216,197,336,327,176,226,126,254,5,257,42,232,148,47,168,142,128,35,273,156,,,52,250,,,85,330,286,39,225,171,244,64,84,328,325,200,131,132,222,231,146,141,126,158,146,69,247,,170,,,72,5,1,3,25,4,3,66,76,119,46,313,186,161,280,163,340,8,15,40,93,32,348,263,345,1,5,19,126,2,42,4,172,153,29,16,48,135,88,103,,,278,139,,,85,29,187,11,68,13,3,8,3,4,134,210,267,256,261,15,28,2,95,18,15,68,122,151,,174,,,b'\x11\xe8\xe1I\xcb9\x9aP\xaf\x82\x12\xdf\x17\xaeN\x1e'
11E8E149-CB39-9A50-AF82-12DF17AE4E1E,2023-ncaa-d0-natl,ncaa,102,39,290,65,299,282,234,285,183,166,140,217,331,345,246,326,291,283,265,282,322,287,332,232,248,189,345,320,247,272,253,272,45,285,202,289,299,11,66,146,177,65,127,59,,,14,67,,,116,331,299,103,242,183,192,92,57,321,336,270,242,239,211,284,230,198,232,263,36,109,91,,35,,,110,9,13,14,124,8,19,65,145,70,344,224,16,31,31,31,146,8,20,160,130,57,294,322,88,9,45,143,253,54,202,57,270,152,33,56,24,98,153,128,,,324,260,,,116,32,202,39,110,26,30,27,12,38,220,121,37,65,66,14,39,25,260,159,130,69,66,207,,302,,,b'\x11\xe8\xe1I\xcb9\x9aP\xaf\x82\x12\xdf\x17\xaeN\x1e'
11E8E149-CB39-9A50-AF82-12DF17AE4E1E,2023-ncaa-d1-conf-Southland,ncaa,1,1,3,1,4,5,3,2,5,2,2,5,9,9,9,9,7,5,7,5,10,4,5,6,6,5,10,9,9,6,6,4,1,4,4,8,10,3,1,4,4,4,2,2,,,3,4,,,2,5,8,3,6,2,3,2,1,9,9,9,8,8,5,7,6,3,6,9,2,5,2,,2,,,2,2,2,4,2,2,3,2,5,4,5,5,1,2,2,2,3,4,4,2,2,1,8,8,3,1,1,9,6,7,4,2,4,1,1,1,3,2,3,3,,,6,9,,,2,7,5,1,2,1,1,1,1,2,5,4,1,2,2,1,3,1,7,4,1,2,2,4,,9,,,b'\x11\xe8\xe1I\xcb9\x9aP\xaf\x82\x12\xdf\x17\xaeN\x1e'
11E8E149-CB39-9A50-AF82-12DF17AE4E1E,2023-ncaa-d1-natl,ncaa,81,39,219,53,244,248,207,224,177,136,100,210,317,327,250,322,277,249,298,242,321,235,305,220,244,180,345,318,254,244,256,232,40,254,203,257,287,15,48,116,96,33,114,57,,,22,57,,,90,308,294,103,237,173,172,77,56,314,320,268,223,216,189,279,217,198,230,247,29,69,95,,30,,,84,9,12,15,107,8,23,65,142,83,312,226,19,35,26,37,148,14,34,137,105,30,277,313,94,7,40,210,256,89,203,58,260,84,22,38,42,97,164,111,,,297,253,,,90,51,189,18,81,17,22,12,10,29,179,109,31,59,58,7,39,21,268,156,92,44,73,197,,283,,,b'\x11\xe8\xe1I\xcb9\x9aP\xaf\x82\x12\xdf\x17\xaeN\x1e'
11E8E149-CB39-9A50-AF82-12DF17AE4E1E,2023-ncaa-d1-ncaatournament,ncaa,36,2,36,36,38,65,62,39,67,60,40,65,50,48,57,24,64,65,13,62,65,43,43,67,67,65,42,23,58,37,39,63,44,52,54,39,3,17,33,38,50,45,59,61,,,22,44,,,68,46,15,7,65,62,6,57,14,44,20,64,65,62,19,18,14,63,46,26,39,38,59,,50,,,68,30,27,14,67,28,9,67,30,24,53,44,23,17,62,18,49,14,22,67,68,67,24,37,25,7,44,31,39,23,54,41,64,41,21,61,21,55,23,43,,,67,68,,,68,29,66,65,68,65,62,33,61,25,53,43,49,40,42,38,48,17,66,55,66,16,53,45,,67,,,b'\x11\xe8\xe1I\xcb9\x9aP\xaf\x82\x12\xdf\x17\xaeN\x1e'
11E8E149-CB39-9A50-AF82-12DF17AE4E1E,2024-ncaa-d0-natl,ncaa,154,82,298,130,298,271,256,276,223,164,116,259,348,351,291,347,176,159,225,165,214,266,309,277,262,203,335,349,53,308,315,178,61,243,217,282,267,17,71,157,216,154,264,214,,,185,315,,,137,295,223,6,218,197,176,73,27,344,348,90,80,87,143,207,277,65,143,247,66,162,243,,287,,,136,17,4,36,16,8,33,21,63,112,38,211,266,250,287,253,329,46,50,20,53,49,333,180,352,39,61,210,315,121,217,18,163,220,134,60,61,144,176,134,,,236,107,,,137,62,235,40,140,74,15,90,20,66,114,186,320,310,311,143,161,93,328,265,45,146,122,248,,138,,,b'\x11\xe8\xe1I\xcb9\x9aP\xaf\x82\x12\xdf\x17\xaeN\x1e'
11E8E149-CB39-9A50-AF82-12DF17AE4E1E,2024-ncaa-d1-conf-Southland,ncaa,3,3,2,3,2,4,4,4,3,2,1,4,10,10,6,10,3,2,9,2,5,3,4,6,5,4,10,10,5,6,7,2,2,4,5,3,2,2,2,2,4,5,6,5,,,9,9,,,3,4,8,1,5,4,5,2,2,10,10,4,3,3,4,4,7,2,4,3,2,4,6,,8,,,3,6,1,6,1,1,2,1,7,7,4,8,9,8,8,8,9,7,7,1,2,2,10,9,10,4,2,9,7,7,5,4,9,5,5,4,3,3,8,6,,,3,3,,,3,7,5,3,3,3,1,4,1,2,7,8,9,8,8,4,6,2,7,5,4,5,3,8,,4,,,b'\x11\xe8\xe1I\xcb9\x9aP\xaf\x82\x12\xdf\x17\xaeN\x1e'
11E8E149-CB39-9A50-AF82-12DF17AE4E1E,2024-ncaa-d1-natl,ncaa,123,83,194,112,196,223,195,191,189,94,51,239,346,350,297,350,134,110,259,118,234,177,243,268,254,197,348,352,74,277,310,110,53,170,210,238,257,23,55,126,147,131,228,196,,,242,300,,,114,210,233,10,213,179,170,56,24,350,351,111,86,95,138,218,271,55,129,231,42,136,224,,264,,,108,27,7,77,7,12,53,14,97,194,19,254,289,267,268,271,320,103,114,8,27,28,339,195,349,83,53,303,310,229,210,28,174,152,120,53,80,119,194,106,,,182,126,,,114,141,221,26,113,43,6,79,9,45,102,215,302,282,288,118,151,95,328,267,38,132,108,211,,153,,,b'\x11\xe8\xe1I\xcb9\x9aP\xaf\x82\x12\xdf\x17\xaeN\x1e'
11E8E149-CB39-9A50-AF82-12DF17AE4E1E,2025-ncaa-d0-natl,genius_ncaa,49,18,194,24,234,195,177,181,172,87,53,245,334,349,197,352,123,115,215,109,246,169,240,240,233,143,350,350,88,132,123,250,117,205,150,243,294,9,17,90,31,8,317,255,,,243,341,,143,58,277,304,269,178,150,142,51,16,340,353,93,93,82,112,257,108,247,182,235,13,19,321,,269,,149,54,10,2,9,19,1,2,24,133,143,135,313,206,234,92,237,356,16,60,38,68,17,358,312,350,49,117,170,123,120,150,16,247,60,15,9,6,12,250,130,,,149,68,,55,58,76,118,15,52,7,1,1,2,1,149,162,233,258,262,6,31,59,195,136,21,30,7,284,,117,,48,b'\x11\xe8\xe1I\xcb9\x9aP\xaf\x82\x12\xdf\x17\xaeN\x1e'
11E8E149-CB39-9A50-AF82-12DF17AE4E1E,2025-ncaa-d1-conf-Southland,genius_ncaa,1,1,2,1,3,2,2,2,3,1,1,6,11,12,2,12,2,2,8,2,9,2,4,5,4,3,12,12,4,1,2,8,4,4,4,5,12,1,1,2,1,1,11,10,,,10,11,,4,1,7,12,7,3,3,2,2,1,11,12,3,3,3,2,8,2,12,8,6,1,1,11,,9,,3,1,1,1,1,1,1,1,2,6,10,3,12,7,7,9,7,12,2,4,2,4,1,12,12,11,3,4,3,2,2,4,1,3,1,1,1,1,1,10,4,,,3,4,,3,1,5,3,1,1,1,1,1,1,1,5,7,5,5,5,1,1,2,4,2,1,1,1,9,,6,,5,b'\x11\xe8\xe1I\xcb9\x9aP\xaf\x82\x12\xdf\x17\xaeN\x1e'
11E8E149-CB39-9A50-AF82-12DF17AE4E1E,2025-ncaa-d1-natl,genius_ncaa,44,18,172,24,226,195,166,177,176,73,41,250,339,352,212,353,132,134,213,129,270,168,250,245,238,148,353,352,99,130,125,243,115,199,149,242,300,10,15,90,28,7,317,254,,,236,338,,147,55,278,308,269,191,142,142,47,17,345,353,112,107,102,126,265,111,246,187,241,15,18,321,,262,,155,52,6,2,5,15,1,2,24,138,175,111,324,204,227,103,227,356,14,53,32,54,14,359,318,351,47,115,179,125,123,149,14,254,57,15,8,4,10,282,147,,,174,86,,53,55,76,116,11,50,7,1,1,2,1,143,180,218,241,242,4,29,56,201,136,17,32,6,298,,148,,48,b'\x11\xe8\xe1I\xcb9\x9aP\xaf\x82\x12\xdf\x17\xaeN\x1e'
11E8E149-CB39-9A50-AF82-12DF17AE4E1E,2026-ncaa-d0-natl,genius_ncaa,295,198,327,297,334,355,352,340,329,346,310,344,338,344,221,274,350,356,107,356,350,345,349,331,333,324,239,199,237,340,307,348,355,351,353,358,358,28,247,345,349,339,330,333,,,7,36,,118,343,348,212,97,333,314,228,284,125,283,298,314,333,336,288,279,262,334,336,357,216,326,302,,76,,271,358,114,187,66,360,236,71,360,89,74,248,191,8,17,31,14,44,53,32,359,349,361,13,121,10,171,355,51,307,80,353,135,93,358,352,356,44,236,184,305,,,359,334,,337,343,21,330,361,358,359,362,356,362,347,307,290,77,114,113,355,309,351,314,344,348,347,217,328,,341,,286,b'\x11\xe8\xe1I\xcb9\x9aP\xaf\x82\x12\xdf\x17\xaeN\x1e'
11E8E149-CB39-9A50-AF82-12DF17AE4E1E,2026-ncaa-d1-conf-Southland,genius_ncaa,1,4,1,4,1,1,1,1,2,1,1,5,1,3,1,6,1,2,1,2,5,1,1,2,2,2,3,2,4,2,4,1,6,1,4,3,6,7,6,7,5,7,3,5,,,7,5,,7,6,1,6,2,6,6,6,5,4,2,7,4,6,6,7,7,6,1,3,7,4,7,5,,5,,7,5,7,7,7,4,7,7,6,6,7,1,6,6,7,1,7,3,7,7,2,2,5,1,1,3,7,6,7,4,7,4,6,2,2,7,6,5,3,7,5,,,1,6,,3,6,7,3,5,4,5,6,7,7,5,1,6,3,4,4,7,5,7,1,5,3,7,2,6,,6,,4,b'\x11\xe8\xe1I\xcb9\x9aP\xaf\x82\x12\xdf\x17\xaeN\x1e'
11E8E149-CB39-9A50-AF82-12DF17AE4E1E,2026-ncaa-d1-natl,genius_ncaa,301,195,345,296,350,358,355,350,305,341,317,317,343,354,235,288,306,332,65,332,283,352,357,316,297,266,221,272,77,335,282,357,354,359,349,361,355,18,174,315,341,301,331,325,,,4,25,,90,336,357,196,100,277,285,215,238,112,291,299,160,217,223,224,248,251,339,337,352,149,272,307,,49,,215,350,140,213,55,361,244,56,361,126,96,243,242,9,17,18,18,64,32,16,360,352,358,17,160,8,181,354,46,282,89,349,159,89,355,327,338,32,156,173,278,,,352,212,,305,336,10,272,360,347,356,362,350,360,317,319,311,65,114,117,335,291,346,290,338,335,297,134,314,,238,,249,b'\x11\xe8\xe1I\xcb9\x9aP\xaf\x82\x12\xdf\x17\xaeN\x1e'
11E8E149-CB3D-DCC8-AF82-12DF17AE4E1E,2010-ncaa-d0-natl,ncaa,99,86,122,97,140,145,159,100,244,197,130,281,75,100,68,123,153,194,65,202,242,117,163,217,201,132,74,71,192,204,274,157,253,182,287,115,86,30,28,40,243,265,136,167,,,85,40,,,148,152,150,124,137,159,81,228,149,69,96,159,204,215,100,186,222,179,214,104,27,253,139,,68,,,148,204,257,275,155,272,283,137,181,201,171,151,55,79,49,84,35,255,222,138,93,149,63,181,33,264,253,293,274,299,287,54,12,213,266,116,70,83,32,24,,,217,256,,,148,202,141,166,147,185,263,301,262,301,186,196,49,74,84,272,236,261,292,292,53,236,81,31,,246,,,b'\x11\xe8\xe1I\xcb=\xdc\xc8\xaf\x82\x12\xdf\x17\xaeN\x1e'
11E8E149-CB3D-DCC8-AF82-12DF17AE4E1E,2010-ncaa-d1-conf-Pac-12,ncaa,3,3,4,3,5,6,6,6,9,10,5,10,3,4,4,3,4,8,2,9,8,6,7,7,7,5,1,2,4,7,9,7,8,7,8,3,2,1,2,2,5,5,7,8,,,3,3,,,4,7,5,6,5,7,3,10,8,2,3,5,8,9,4,6,7,8,8,3,2,5,7,,3,,,4,6,6,6,5,4,5,5,8,5,9,7,3,3,3,4,3,5,5,5,5,6,6,8,3,7,8,8,9,8,8,4,3,5,5,4,3,4,2,2,,,9,8,,,4,4,5,6,4,6,6,6,5,6,8,6,3,4,4,6,7,7,8,8,4,6,3,2,,9,,,b'\x11\xe8\xe1I\xcb=\xdc\xc8\xaf\x82\x12\xdf\x17\xaeN\x1e'
11E8E149-CB3D-DCC8-AF82-12DF17AE4E1E,2010-ncaa-d1-natl,ncaa,102,86,134,99,155,152,170,110,249,206,143,284,81,106,67,122,161,200,66,210,241,131,178,217,203,135,72,71,188,217,276,174,258,196,291,119,91,20,29,41,255,269,140,169,,,69,42,,,159,166,151,125,140,165,83,231,149,70,98,158,206,216,106,186,226,182,215,105,28,256,139,,69,,,159,188,253,271,159,264,278,140,176,196,174,151,50,69,48,75,35,244,204,143,97,154,63,182,34,257,258,284,276,292,291,43,12,232,268,124,58,83,27,26,,,228,252,,,159,187,145,176,155,191,270,305,267,302,186,195,48,73,83,273,235,264,294,292,54,241,81,33,,247,,,b'\x11\xe8\xe1I\xcb=\xdc\xc8\xaf\x82\x12\xdf\x17\xaeN\x1e'
11E8E149-CB3D-DCC8-AF82-12DF17AE4E1E,2011-ncaa-d0-natl,ncaa,30,111,4,74,5,17,21,7,116,24,8,169,62,102,31,238,18,16,119,16,163,9,11,123,111,59,174,189,133,50,181,8,49,14,76,31,182,153,12,37,112,234,69,135,,,322,158,,,98,8,120,241,67,70,69,83,66,139,208,77,81,80,55,142,169,38,69,104,24,235,130,,161,,,108,341,341,339,154,328,330,121,340,335,285,266,264,277,153,280,121,342,335,202,173,235,256,300,89,292,49,341,181,337,76,323,118,118,296,261,222,72,122,22,,,40,251,,,98,336,56,214,105,223,224,263,157,200,308,281,115,122,126,249,185,105,194,150,181,290,80,36,,227,,,b'\x11\xe8\xe1I\xcb=\xdc\xc8\xaf\x82\x12\xdf\x17\xaeN\x1e'
11E8E149-CB3D-DCC8-AF82-12DF17AE4E1E,2011-ncaa-d1-conf-Pac-12,ncaa,5,4,3,5,3,3,4,3,5,5,3,5,6,6,6,7,2,2,3,2,4,3,4,6,4,4,5,6,2,5,5,2,3,2,4,5,5,2,2,2,7,6,1,2,,,6,7,,,3,3,4,3,4,5,3,4,2,6,6,2,2,2,2,4,6,2,3,4,2,8,2,,6,,,3,7,7,8,4,5,6,2,10,9,10,8,7,7,8,7,6,8,8,4,5,7,10,10,6,4,3,7,5,7,4,5,5,10,9,6,2,2,2,3,,,6,7,,,3,8,3,7,3,7,7,8,5,7,10,9,7,7,7,7,7,4,7,6,5,10,3,2,,6,,,b'\x11\xe8\xe1I\xcb=\xdc\xc8\xaf\x82\x12\xdf\x17\xaeN\x1e'
11E8E149-CB3D-DCC8-AF82-12DF17AE4E1E,2011-ncaa-d1-natl,ncaa,34,110,4,75,5,18,21,8,119,25,8,177,69,113,32,238,19,17,119,17,166,10,12,126,118,60,171,186,130,56,188,8,48,14,80,33,183,135,12,38,129,236,70,137,,,318,159,,,110,10,122,243,69,72,73,86,66,140,205,78,83,83,58,148,173,39,74,112,23,239,132,,162,,,114,341,341,339,159,323,329,124,340,334,290,265,254,261,158,265,118,342,333,202,178,241,252,299,86,284,48,340,188,337,80,322,119,138,302,266,210,75,112,23,,,43,250,,,110,335,58,218,113,227,228,264,164,204,308,279,115,124,129,252,183,107,197,153,184,293,82,38,,226,,,b'\x11\xe8\xe1I\xcb=\xdc\xc8\xaf\x82\x12\xdf\x17\xaeN\x1e'
11E8E149-CB3D-DCC8-AF82-12DF17AE4E1E,2012-ncaa-d0-natl,ncaa,123,87,163,107,167,156,185,147,242,200,138,293,130,167,56,181,84,81,186,83,90,126,179,231,213,140,77,131,69,168,213,60,10,99,77,194,177,27,26,90,299,301,99,87,,,148,191,,,119,178,164,50,127,173,96,197,119,116,159,53,50,51,76,154,160,17,49,180,39,300,84,,166,,,116,110,117,168,87,117,189,64,137,129,192,127,150,188,35,188,184,176,128,94,76,151,182,174,196,23,10,264,213,141,77,17,5,285,291,121,38,45,47,41,,,93,53,,,119,169,137,100,116,144,143,200,141,231,154,147,168,220,221,213,137,23,291,172,28,292,49,59,,51,,,b'\x11\xe8\xe1I\xcb=\xdc\xc8\xaf\x82\x12\xdf\x17\xaeN\x1e'
11E8E149-CB3D-DCC8-AF82-12DF17AE4E1E,2012-ncaa-d1-conf-Pac-12,ncaa,3,3,10,3,11,6,8,7,8,8,6,11,5,8,1,8,4,4,5,4,3,7,9,10,6,4,3,7,2,7,6,4,1,5,3,6,5,2,2,2,11,10,9,9,,,6,8,,,3,10,4,6,4,4,5,6,3,4,8,2,3,3,3,4,5,2,3,3,2,10,7,,8,,,3,4,3,2,5,3,4,4,6,4,8,5,6,7,3,7,9,2,2,6,6,7,7,7,10,1,1,7,6,1,3,3,3,10,6,3,2,4,4,4,,,3,2,,,3,5,3,3,3,6,5,5,6,9,6,5,11,11,11,7,5,2,9,4,4,7,2,4,,1,,,b'\x11\xe8\xe1I\xcb=\xdc\xc8\xaf\x82\x12\xdf\x17\xaeN\x1e'
11E8E149-CB3D-DCC8-AF82-12DF17AE4E1E,2012-ncaa-d1-natl,ncaa,128,86,196,109,204,178,208,176,254,224,161,297,136,176,58,181,92,92,185,94,88,148,215,236,215,145,75,129,62,186,221,72,11,115,83,218,182,19,26,91,314,304,105,88,,,123,194,,,130,213,168,46,133,180,100,204,124,114,160,58,50,52,79,162,168,20,55,194,39,302,86,,171,,,126,92,92,139,94,100,166,67,127,111,196,127,137,173,36,176,187,144,89,98,79,159,181,170,197,15,11,246,221,121,83,14,5,301,297,125,31,45,40,43,,,106,46,,,130,136,140,111,122,154,148,200,147,238,159,150,172,225,224,214,134,24,296,175,30,294,49,59,,49,,,b'\x11\xe8\xe1I\xcb=\xdc\xc8\xaf\x82\x12\xdf\x17\xaeN\x1e'
11E8E149-CB3D-DCC8-AF82-12DF17AE4E1E,2013-ncaa-d0-natl,ncaa,235,265,120,258,152,161,209,160,265,187,135,263,229,221,232,237,24,24,143,24,32,131,132,273,221,193,121,233,8,103,115,146,159,118,139,153,84,148,134,144,245,270,99,112,,,282,287,,,239,146,151,195,170,247,185,205,138,239,226,13,14,13,130,149,106,150,114,160,148,258,99,,282,,,237,267,253,234,220,253,242,187,208,177,248,122,285,288,139,298,238,263,207,218,227,280,193,149,232,196,159,198,115,205,139,133,53,272,319,239,180,164,195,166,,,36,18,,,239,206,169,276,237,266,250,243,251,267,203,174,272,276,284,270,196,181,187,194,126,297,167,194,,18,,,b'\x11\xe8\xe1I\xcb=\xdc\xc8\xaf\x82\x12\xdf\x17\xaeN\x1e'
11E8E149-CB3D-DCC8-AF82-12DF17AE4E1E,2013-ncaa-d1-conf-Pac-12,ncaa,7,7,3,7,3,5,8,8,8,6,6,10,9,8,8,9,1,1,3,1,1,6,5,9,6,6,3,9,1,6,6,5,7,6,6,3,2,7,6,5,8,8,5,5,,,11,8,,,7,6,6,4,5,10,10,8,7,9,8,1,1,1,5,6,7,5,5,3,6,8,5,,11,,,7,9,8,9,6,9,9,6,8,9,3,7,10,10,4,10,8,10,7,7,7,9,7,6,8,9,7,8,6,9,6,7,4,9,10,8,8,6,7,5,,,1,1,,,7,8,6,9,7,9,8,9,9,7,8,8,10,11,11,10,8,9,7,7,7,8,8,7,,1,,,b'\x11\xe8\xe1I\xcb=\xdc\xc8\xaf\x82\x12\xdf\x17\xaeN\x1e'
11E8E149-CB3D-DCC8-AF82-12DF17AE4E1E,2013-ncaa-d1-natl,ncaa,248,265,136,262,178,175,233,184,269,205,153,270,234,226,233,237,26,26,143,26,31,144,151,273,225,197,118,233,8,115,120,163,164,136,146,166,83,134,134,149,263,277,103,113,,,275,288,,,246,167,155,189,176,253,190,207,143,238,226,15,16,15,140,152,111,154,120,165,149,268,99,,284,,,245,260,247,223,227,243,228,191,198,166,249,119,279,279,143,288,239,248,188,223,229,285,191,149,234,187,164,182,120,191,146,126,53,296,322,244,171,164,187,174,,,42,18,,,246,186,173,282,245,269,253,245,259,269,205,176,273,279,286,272,192,189,192,199,126,299,169,195,,20,,,b'\x11\xe8\xe1I\xcb=\xdc\xc8\xaf\x82\x12\xdf\x17\xaeN\x1e'
11E8E149-CB3D-DCC8-AF82-12DF17AE4E1E,2014-ncaa-d0-natl,ncaa,61,105,15,93,20,70,64,48,119,60,38,191,157,188,63,255,62,51,249,49,158,47,42,142,154,153,212,215,154,105,171,54,142,65,153,42,80,281,160,111,39,64,147,198,,,327,237,,,116,34,170,246,174,167,211,138,136,213,261,157,126,125,195,204,199,181,197,94,143,77,199,,219,,,116,292,252,301,105,275,302,120,154,219,54,122,318,316,230,322,239,311,314,79,104,89,158,98,283,273,142,289,171,297,153,202,134,60,116,87,216,125,318,229,,,36,103,,,116,320,161,85,112,108,78,112,135,168,71,112,235,221,231,142,166,145,138,133,84,132,118,265,,138,,,b'\x11\xe8\xe1I\xcb=\xdc\xc8\xaf\x82\x12\xdf\x17\xaeN\x1e'
11E8E149-CB3D-DCC8-AF82-12DF17AE4E1E,2014-ncaa-d1-conf-Pac-12,ncaa,2,4,1,4,1,4,4,3,4,4,2,8,6,6,2,7,4,4,4,4,7,3,3,3,4,7,6,7,6,7,8,5,9,5,8,2,3,11,8,5,1,1,6,7,,,10,8,,,4,3,5,9,7,6,7,8,8,6,7,6,7,7,9,7,9,8,8,2,7,2,8,,9,,,4,9,9,9,3,9,10,5,4,9,1,8,10,10,10,10,10,9,11,3,3,1,5,4,9,12,9,9,8,10,8,7,7,1,3,2,10,7,12,11,,,1,5,,,4,10,7,2,3,4,4,5,6,5,4,6,9,10,10,6,9,10,6,8,6,1,6,12,,5,,,b'\x11\xe8\xe1I\xcb=\xdc\xc8\xaf\x82\x12\xdf\x17\xaeN\x1e'
11E8E149-CB3D-DCC8-AF82-12DF17AE4E1E,2014-ncaa-d1-natl,ncaa,67,105,16,94,22,81,75,61,127,67,45,196,163,198,64,256,72,61,248,60,159,54,51,152,160,160,210,214,153,126,179,61,149,77,158,47,80,264,162,112,46,68,157,210,,,325,239,,,123,42,177,248,180,177,218,142,138,215,262,162,127,126,206,206,207,188,202,98,144,81,207,,219,,,124,279,239,295,109,263,297,124,140,204,56,120,313,307,233,311,238,307,309,87,109,99,157,91,282,262,149,279,179,288,158,190,132,74,123,91,209,127,317,232,,,45,101,,,123,313,170,95,119,111,87,116,139,170,71,109,238,227,235,144,165,145,141,134,88,135,116,267,,138,,,b'\x11\xe8\xe1I\xcb=\xdc\xc8\xaf\x82\x12\xdf\x17\xaeN\x1e'
11E8E149-CB3D-DCC8-AF82-12DF17AE4E1E,2014-ncaa-d1-ncaatournament,ncaa,33,2,33,33,34,37,50,47,50,46,39,54,52,62,20,55,27,29,15,28,6,39,38,51,42,37,14,46,1,40,23,38,34,38,31,47,35,16,22,35,37,13,47,48,,,30,60,,,26,40,11,3,26,47,29,42,15,43,54,2,4,2,11,13,16,32,25,42,24,11,43,,62,,,27,12,4,4,22,9,18,15,3,2,15,2,38,35,58,35,60,13,26,14,35,27,45,5,63,11,34,9,23,6,31,4,16,36,7,4,10,9,14,30,,,32,2,,,26,27,31,22,22,35,8,7,25,37,4,2,63,62,62,30,53,26,38,31,7,5,11,31,,1,,,b'\x11\xe8\xe1I\xcb=\xdc\xc8\xaf\x82\x12\xdf\x17\xaeN\x1e'
11E8E149-CB3D-DCC8-AF82-12DF17AE4E1E,2015-ncaa-d0-natl,ncaa,162,161,172,169,175,125,87,98,107,44,46,144,276,291,192,313,174,118,308,113,260,92,131,173,200,143,320,304,228,73,67,261,115,170,106,125,209,53,40,74,82,59,260,276,,,152,169,,,117,171,172,32,87,41,42,18,17,281,292,159,95,94,36,71,47,272,143,102,80,63,263,,156,,,116,151,183,84,310,254,187,277,48,24,275,27,180,215,68,213,204,98,134,285,273,210,43,44,185,51,115,145,67,93,106,81,35,116,82,68,120,116,188,101,,,225,279,,,117,170,104,168,127,183,227,72,292,226,50,20,191,222,221,89,136,54,169,107,90,89,144,205,,228,,,b'\x11\xe8\xe1I\xcb=\xdc\xc8\xaf\x82\x12\xdf\x17\xaeN\x1e'
11E8E149-CB3D-DCC8-AF82-12DF17AE4E1E,2015-ncaa-d1-conf-Pac-12,ncaa,9,7,8,9,8,10,10,5,10,4,4,9,11,10,11,10,8,4,12,4,7,5,5,11,11,10,11,11,4,1,2,10,4,7,4,8,8,2,3,6,5,3,11,11,,,7,9,,,7,7,8,1,10,10,2,2,3,11,9,6,2,2,2,3,1,9,4,7,4,5,10,,8,,,7,4,4,3,10,8,3,9,3,4,6,3,8,8,2,8,8,3,4,10,10,6,3,3,10,4,4,8,2,4,4,5,7,5,3,4,6,6,10,7,,,10,9,,,7,5,10,6,8,6,7,3,9,4,3,4,9,10,10,3,4,4,10,7,7,4,7,10,,6,,,b'\x11\xe8\xe1I\xcb=\xdc\xc8\xaf\x82\x12\xdf\x17\xaeN\x1e'
11E8E149-CB3D-DCC8-AF82-12DF17AE4E1E,2015-ncaa-d1-natl,ncaa,180,160,209,181,212,154,106,120,117,52,56,156,286,298,194,311,191,139,309,132,260,117,164,179,208,152,321,303,224,86,69,296,123,204,117,147,216,39,42,77,97,63,269,278,,,116,172,,,133,215,178,29,100,44,44,21,17,282,291,158,97,92,39,81,51,278,150,113,79,66,268,,159,,,132,121,166,53,315,241,157,285,41,15,286,27,163,197,69,197,205,54,87,292,281,222,43,41,183,36,123,115,69,62,117,67,38,137,88,78,110,116,182,105,,,255,278,,,133,125,114,188,143,198,237,73,296,232,54,19,193,226,227,92,132,55,168,111,96,96,148,212,,227,,,b'\x11\xe8\xe1I\xcb=\xdc\xc8\xaf\x82\x12\xdf\x17\xaeN\x1e'
11E8E149-CB3D-DCC8-AF82-12DF17AE4E1E,2016-ncaa-d0-natl,ncaa,119,111,114,121,148,129,122,132,128,87,77,172,237,261,169,284,110,111,157,116,204,119,147,173,161,132,265,279,119,134,150,259,152,215,168,154,206,77,65,111,37,19,140,179,,,228,243,,,80,151,185,212,128,116,137,80,71,252,270,103,117,121,126,180,156,307,263,166,64,31,152,,216,,,76,87,122,70,247,259,256,181,5,2,220,1,165,165,137,171,118,76,164,166,165,71,11,5,221,62,152,172,150,118,168,72,63,42,21,24,91,87,273,200,,,155,174,,,80,195,127,49,76,62,107,34,239,257,5,2,154,154,165,33,103,54,140,87,59,30,83,264,,177,,,b'\x11\xe8\xe1I\xcb=\xdc\xc8\xaf\x82\x12\xdf\x17\xaeN\x1e'
11E8E149-CB3D-DCC8-AF82-12DF17AE4E1E,2016-ncaa-d1-conf-Pac-12,ncaa,8,8,5,8,7,8,8,5,10,3,2,9,11,11,10,10,6,6,7,6,9,5,5,10,10,8,10,10,5,6,10,9,8,8,10,11,10,4,3,9,3,3,8,9,,,9,9,,,7,5,6,6,10,9,5,2,3,11,10,5,6,6,4,6,7,12,9,10,4,3,8,,9,,,7,6,8,5,11,10,8,11,3,2,9,2,7,8,3,8,8,5,8,9,9,7,3,2,7,6,8,9,10,8,10,4,3,3,4,5,5,4,11,10,,,10,8,,,7,8,9,6,7,7,9,3,11,9,3,2,7,8,8,4,6,6,8,8,5,4,5,11,,9,,,b'\x11\xe8\xe1I\xcb=\xdc\xc8\xaf\x82\x12\xdf\x17\xaeN\x1e'
11E8E149-CB3D-DCC8-AF82-12DF17AE4E1E,2016-ncaa-d1-natl,ncaa,114,111,99,122,118,120,113,102,126,73,52,157,241,255,185,284,104,100,161,105,200,102,136,171,161,128,281,281,124,121,123,258,136,198,144,143,203,81,62,105,27,16,141,178,,,226,231,,,69,139,180,223,126,114,125,74,63,259,269,102,110,113,114,167,137,310,253,157,69,27,151,,205,,,64,93,138,78,249,265,269,173,6,1,250,1,155,152,140,159,101,82,170,168,167,68,12,6,206,59,136,173,123,102,144,62,60,35,18,21,91,78,272,194,,,150,172,,,69,206,121,45,67,61,110,33,241,258,5,1,131,137,144,29,102,49,124,76,59,27,79,259,,171,,,b'\x11\xe8\xe1I\xcb=\xdc\xc8\xaf\x82\x12\xdf\x17\xaeN\x1e'
11E8E149-CB3D-DCC8-AF82-12DF17AE4E1E,2017-ncaa-d0-natl,ncaa,184,184,168,190,215,135,120,183,69,104,112,120,202,271,29,273,161,179,146,173,249,189,177,85,90,115,254,227,209,207,147,294,306,269,244,111,120,211,217,140,49,44,50,55,,,274,287,,,130,168,105,268,106,89,165,74,77,193,268,153,169,164,172,144,204,320,297,92,237,37,42,,294,,,130,154,147,106,232,224,223,208,28,21,159,14,280,286,128,283,259,142,191,177,208,141,61,16,296,232,306,63,147,114,244,79,72,70,47,50,272,270,250,210,,,243,282,,,130,175,134,156,137,193,170,92,256,252,29,21,289,297,296,149,239,255,85,142,98,48,277,266,,254,,,b'\x11\xe8\xe1I\xcb=\xdc\xc8\xaf\x82\x12\xdf\x17\xaeN\x1e'
11E8E149-CB3D-DCC8-AF82-12DF17AE4E1E,2017-ncaa-d1-conf-Pac-12,ncaa,9,9,8,9,8,9,8,12,6,10,10,7,8,9,5,7,11,12,5,12,12,12,12,6,7,8,6,5,10,9,7,12,11,11,10,8,8,7,9,9,4,4,7,5,,,11,12,,,8,11,7,5,7,8,8,9,8,6,8,10,12,12,8,8,8,12,11,8,8,4,6,,11,,,8,4,2,1,11,6,4,10,2,1,3,2,11,11,4,11,12,2,2,10,11,5,3,1,12,5,11,7,7,4,10,3,3,4,2,1,8,9,8,9,,,11,10,,,8,1,8,6,8,4,5,2,10,5,2,2,11,12,12,2,7,6,7,7,4,3,9,8,,10,,,b'\x11\xe8\xe1I\xcb=\xdc\xc8\xaf\x82\x12\xdf\x17\xaeN\x1e'
11E8E149-CB3D-DCC8-AF82-12DF17AE4E1E,2017-ncaa-d1-natl,ncaa,194,181,217,195,288,161,151,227,74,123,138,126,214,280,31,268,190,210,144,207,252,231,227,89,92,125,253,226,204,233,162,327,313,309,253,135,123,186,223,144,64,49,57,57,,,258,294,,,144,219,109,270,115,101,173,81,84,192,269,160,175,170,180,148,213,326,305,98,239,44,43,,296,,,142,119,113,59,249,204,197,221,19,14,169,14,266,271,130,266,257,90,139,187,222,156,60,16,294,212,313,37,162,81,253,68,77,90,54,54,254,274,242,218,,,274,283,,,144,122,141,169,151,199,179,92,266,258,28,20,289,300,298,154,236,258,88,146,102,53,276,269,,256,,,b'\x11\xe8\xe1I\xcb=\xdc\xc8\xaf\x82\x12\xdf\x17\xaeN\x1e'
11E8E149-CB3D-DCC8-AF82-12DF17AE4E1E,2018-ncaa-d0-natl,ncaa,87,74,117,85,125,112,141,155,139,147,215,74,125,90,240,93,60,94,37,88,48,146,213,129,102,64,101,154,71,266,271,184,54,231,184,148,186,10,24,46,40,17,180,145,,,81,112,,,68,184,276,62,109,156,178,167,248,127,89,56,111,102,149,285,286,226,284,155,13,40,196,,69,,,66,91,104,95,168,72,65,172,215,190,232,281,70,79,81,79,168,78,114,203,184,121,252,279,106,22,54,193,271,108,184,151,209,119,79,107,15,26,156,186,,,207,158,,,68,159,75,86,67,67,74,47,53,27,203,182,60,81,82,38,46,18,175,95,132,120,20,150,,213,,,b'\x11\xe8\xe1I\xcb=\xdc\xc8\xaf\x82\x12\xdf\x17\xaeN\x1e'
11E8E149-CB3D-DCC8-AF82-12DF17AE4E1E,2018-ncaa-d1-conf-Pac-12,ncaa,7,7,3,7,3,7,9,6,9,8,5,7,8,5,12,6,1,3,2,2,1,4,6,11,8,7,4,8,1,9,9,9,4,9,9,10,9,2,2,7,1,1,8,6,,,8,8,,,6,4,8,3,7,10,6,9,7,8,6,2,3,3,4,7,10,9,9,10,2,1,8,,6,,,6,4,3,1,7,2,1,7,8,5,8,8,8,8,5,8,11,2,6,8,9,4,11,10,9,2,4,10,9,8,9,6,6,1,1,2,2,2,9,10,,,6,7,,,6,9,8,2,6,4,2,2,2,1,8,5,8,8,8,2,3,2,9,8,5,1,2,9,,7,,,b'\x11\xe8\xe1I\xcb=\xdc\xc8\xaf\x82\x12\xdf\x17\xaeN\x1e'
11E8E149-CB3D-DCC8-AF82-12DF17AE4E1E,2018-ncaa-d1-natl,ncaa,95,74,144,88,153,133,170,194,150,189,247,88,136,102,247,94,73,127,37,118,48,182,267,135,109,65,97,153,64,285,278,227,60,272,197,168,187,6,24,47,54,24,201,149,,,51,116,,,74,238,279,59,115,163,186,185,252,132,89,57,114,104,162,291,294,235,292,165,13,44,205,,72,,,71,58,76,59,183,50,37,183,198,168,243,275,54,65,90,65,168,37,54,215,191,133,253,276,100,14,60,162,278,78,197,134,213,140,81,118,10,26,152,197,,,234,161,,,74,104,84,98,71,71,85,51,58,31,209,183,65,83,83,40,44,21,179,99,139,127,19,162,,214,,,b'\x11\xe8\xe1I\xcb=\xdc\xc8\xaf\x82\x12\xdf\x17\xaeN\x1e'
11E8E149-CB3D-DCC8-AF82-12DF17AE4E1E,2019-ncaa-d0-natl,ncaa,136,109,173,131,208,113,134,164,120,133,187,82,151,135,191,161,64,55,177,55,39,134,202,114,100,65,143,195,61,252,258,255,70,260,219,111,107,13,25,42,85,59,216,187,,,204,272,,,121,172,125,181,80,102,121,117,170,138,123,32,35,37,80,174,244,267,275,90,27,77,218,,236,,,116,199,169,99,282,110,49,284,283,231,319,295,170,137,286,137,242,93,109,313,318,279,292,298,162,18,70,209,258,96,219,175,173,137,87,150,3,7,176,195,,,120,73,,,121,165,87,222,122,219,209,83,125,41,303,252,189,150,153,80,110,22,230,122,191,116,6,190,,84,,,b'\x11\xe8\xe1I\xcb=\xdc\xc8\xaf\x82\x12\xdf\x17\xaeN\x1e'
11E8E149-CB3D-DCC8-AF82-12DF17AE4E1E,2019-ncaa-d1-conf-Pac-12,ncaa,9,8,7,9,9,7,9,6,10,7,4,9,10,8,11,9,1,1,7,1,1,5,6,10,9,9,8,11,1,8,10,9,7,10,9,9,6,3,3,6,1,1,11,8,,,12,12,,,8,5,1,6,7,8,3,4,2,10,8,1,1,1,2,2,8,9,9,9,3,1,11,,12,,,9,8,7,2,9,4,1,11,11,8,11,11,12,11,10,11,12,2,7,11,11,8,12,10,10,3,7,12,10,8,9,8,9,3,1,3,2,2,6,7,,,1,1,,,8,7,8,8,9,11,8,2,6,2,11,11,12,12,12,4,10,3,12,10,9,1,2,7,,1,,,b'\x11\xe8\xe1I\xcb=\xdc\xc8\xaf\x82\x12\xdf\x17\xaeN\x1e'
11E8E149-CB3D-DCC8-AF82-12DF17AE4E1E,2019-ncaa-d1-natl,ncaa,148,108,233,138,272,146,170,209,131,163,226,87,160,152,198,162,80,73,175,74,39,182,260,123,109,71,134,194,57,273,265,285,73,300,235,132,109,6,30,44,115,66,231,188,,,173,274,,,139,236,131,171,85,112,135,130,172,138,126,33,36,39,87,184,251,275,289,96,27,84,219,,236,,,137,156,140,58,295,87,22,294,274,207,320,292,146,114,287,114,244,43,58,321,324,290,291,299,164,12,73,170,265,61,235,160,176,175,94,165,2,6,166,203,,,155,73,,,139,106,91,240,142,233,222,86,134,41,305,251,191,158,159,82,108,23,236,128,199,123,6,199,,87,,,b'\x11\xe8\xe1I\xcb=\xdc\xc8\xaf\x82\x12\xdf\x17\xaeN\x1e'
11E8E149-CB3D-DCC8-AF82-12DF17AE4E1E,2020-ncaa-d0-natl,ncaa,123,150,33,146,33,113,106,121,116,77,101,110,226,201,244,219,94,209,8,207,251,138,155,148,118,115,255,258,122,283,298,42,189,135,228,151,227,133,129,138,201,250,90,124,,,88,29,,,164,94,238,3,174,161,208,106,149,245,231,127,250,249,227,273,314,68,210,194,93,236,110,,49,,,165,239,265,332,66,248,296,96,246,319,50,265,90,74,279,70,33,319,296,67,58,121,150,233,63,300,189,267,298,292,228,281,240,239,296,293,208,186,298,251,,,227,251,,,164,276,161,148,155,154,205,312,183,242,214,298,73,51,48,279,217,262,184,230,236,273,166,278,,276,,,b'\x11\xe8\xe1I\xcb=\xdc\xc8\xaf\x82\x12\xdf\x17\xaeN\x1e'
11E8E149-CB3D-DCC8-AF82-12DF17AE4E1E,2020-ncaa-d1-conf-Pac-12,ncaa,7,7,3,7,3,6,5,5,6,3,4,7,8,9,8,10,5,6,2,7,9,5,5,7,7,6,10,12,5,9,10,4,8,8,9,10,12,8,7,8,6,7,8,7,,,6,3,,,7,4,5,1,6,6,5,4,4,10,9,5,6,7,6,5,9,4,8,11,8,6,8,,5,,,7,10,10,11,4,9,8,5,11,11,6,11,8,6,6,6,4,10,12,4,5,7,8,9,4,10,8,10,10,10,9,10,10,4,6,8,8,7,11,9,,,8,9,,,7,12,8,7,7,8,8,11,8,8,10,11,7,4,4,10,12,10,10,9,9,3,7,10,,8,,,b'\x11\xe8\xe1I\xcb=\xdc\xc8\xaf\x82\x12\xdf\x17\xaeN\x1e'
11E8E149-CB3D-DCC8-AF82-12DF17AE4E1E,2020-ncaa-d1-natl,ncaa,133,150,45,151,45,144,139,155,122,94,125,118,236,214,248,219,111,232,8,231,252,176,204,160,122,122,253,256,120,305,305,62,196,175,238,174,228,109,130,142,227,257,98,129,,,73,31,,,182,131,249,2,183,171,218,114,155,249,236,129,251,248,239,278,317,78,222,209,93,246,114,,51,,,182,223,250,322,72,232,279,102,236,310,53,265,84,65,287,60,32,306,267,71,62,133,151,231,62,291,196,239,305,274,238,265,241,266,303,302,190,191,295,261,,,252,248,,,182,241,176,164,171,167,215,313,194,248,218,297,74,53,48,282,215,266,190,237,240,283,167,284,,276,,,b'\x11\xe8\xe1I\xcb=\xdc\xc8\xaf\x82\x12\xdf\x17\xaeN\x1e'
11E8E149-CB3D-DCC8-AF82-12DF17AE4E1E,2021-ncaa-d0-natl,ncaa,151,202,136,183,144,153,143,170,94,148,162,137,121,161,47,162,203,226,67,223,254,179,198,85,90,84,152,117,249,319,341,162,237,242,328,115,117,93,82,74,185,217,50,33,,,93,21,,,253,153,234,156,182,163,261,190,215,123,213,253,282,279,281,333,343,225,334,131,38,219,53,,22,,,238,234,224,221,193,149,159,135,323,296,321,313,193,183,236,184,219,213,196,257,258,280,324,329,121,242,237,252,341,246,328,282,301,203,255,297,190,221,221,227,,,223,253,,,253,190,164,292,242,244,203,203,82,66,328,313,165,152,158,197,135,224,246,259,276,258,153,202,,313,,,b'\x11\xe8\xe1I\xcb=\xdc\xc8\xaf\x82\x12\xdf\x17\xaeN\x1e'
11E8E149-CB3D-DCC8-AF82-12DF17AE4E1E,2021-ncaa-d1-conf-Pac-12,ncaa,6,8,3,8,4,6,4,6,4,4,6,4,7,7,5,8,6,7,1,7,8,6,6,4,4,4,7,8,8,12,12,5,9,8,12,5,6,6,5,5,8,10,5,5,,,6,3,,,9,4,2,7,6,5,7,5,6,8,9,7,8,8,10,12,12,7,12,6,4,10,7,,4,,,9,11,11,10,8,9,8,7,12,11,10,10,9,9,6,10,11,10,10,9,8,10,12,12,5,10,9,10,12,11,12,12,12,8,10,10,6,5,5,5,,,6,7,,,9,9,8,10,9,10,9,10,7,4,12,12,10,11,12,10,11,9,11,12,11,10,5,4,,8,,,b'\x11\xe8\xe1I\xcb=\xdc\xc8\xaf\x82\x12\xdf\x17\xaeN\x1e'
11E8E149-CB3D-DCC8-AF82-12DF17AE4E1E,2021-ncaa-d1-natl,ncaa,164,201,152,188,160,169,157,194,98,165,178,140,131,168,45,162,211,237,68,235,253,202,215,87,92,86,145,116,248,323,341,178,245,253,330,128,122,85,84,76,201,225,54,36,,,83,22,,,260,176,238,147,193,167,265,196,222,126,213,253,285,281,285,334,343,231,335,135,38,225,52,,23,,,248,219,209,203,200,133,145,147,322,289,326,312,183,172,241,176,219,194,179,262,264,290,325,329,122,231,245,240,341,234,330,277,301,222,262,305,178,226,213,232,,,236,254,,,260,168,168,298,250,251,214,203,85,67,328,312,164,153,159,200,135,228,245,262,281,266,157,203,,314,,,b'\x11\xe8\xe1I\xcb=\xdc\xc8\xaf\x82\x12\xdf\x17\xaeN\x1e'
11E8E149-CB3D-DCC8-AF82-12DF17AE4E1E,2022-ncaa-d0-natl,ncaa,214,210,216,221,234,197,207,217,197,182,142,264,255,283,109,294,81,127,24,134,160,210,225,227,169,167,192,268,39,169,115,145,233,157,119,159,71,143,173,137,231,244,6,2,,,131,148,,,186,236,177,128,159,188,188,153,92,249,285,50,94,101,170,158,129,81,84,122,183,227,3,,188,,,187,135,96,200,49,78,153,49,209,246,124,250,227,201,309,200,215,202,154,58,88,158,293,252,267,267,233,83,115,138,119,171,266,304,312,288,224,258,223,186,,,196,167,,,186,123,164,186,187,191,147,282,112,202,248,291,253,236,239,283,235,296,105,206,208,298,256,253,,158,,,b'\x11\xe8\xe1I\xcb=\xdc\xc8\xaf\x82\x12\xdf\x17\xaeN\x1e'
11E8E149-CB3D-DCC8-AF82-12DF17AE4E1E,2022-ncaa-d1-conf-Pac-12,ncaa,9,11,6,10,7,6,8,6,9,5,4,10,9,9,9,12,3,3,4,3,7,6,6,10,8,8,10,12,3,6,8,6,11,7,9,8,7,10,8,10,9,11,2,2,,,7,5,,,11,6,1,9,7,7,8,5,2,12,11,4,5,6,8,7,8,4,6,10,9,10,1,,6,,,10,11,11,10,4,11,10,6,10,12,3,11,12,12,9,11,8,11,9,4,5,8,8,6,9,12,11,7,8,11,9,11,8,8,10,9,11,11,8,5,,,6,8,,,11,7,9,10,10,10,9,11,8,8,12,12,11,12,12,12,12,12,7,12,10,10,11,7,,7,,,b'\x11\xe8\xe1I\xcb=\xdc\xc8\xaf\x82\x12\xdf\x17\xaeN\x1e'
11E8E149-CB3D-DCC8-AF82-12DF17AE4E1E,2022-ncaa-d1-natl,ncaa,235,209,270,235,281,231,250,260,212,216,174,278,267,301,114,292,96,151,24,159,159,251,272,239,175,175,190,266,37,200,129,188,242,192,128,192,73,113,181,147,269,258,6,2,,,101,157,,,210,279,181,120,176,215,204,162,97,256,285,51,94,102,182,169,145,87,90,137,181,237,3,,190,,,210,112,74,157,57,65,124,57,193,223,133,246,208,181,313,177,219,152,103,70,97,173,295,251,265,245,242,49,129,103,128,160,268,325,319,298,197,263,208,198,,,234,159,,,210,79,178,214,209,200,159,286,124,203,255,292,261,241,244,287,234,296,111,210,222,304,257,262,,156,,,b'\x11\xe8\xe1I\xcb=\xdc\xc8\xaf\x82\x12\xdf\x17\xaeN\x1e'
11E8E149-CB3D-DCC8-AF82-12DF17AE4E1E,2023-ncaa-d0-natl,ncaa,73,52,116,66,105,162,190,119,264,220,135,302,138,158,109,188,85,102,115,99,113,120,119,248,231,205,81,137,72,52,53,135,239,86,107,114,35,171,140,120,71,62,10,6,,,102,70,,,54,164,297,2,178,233,131,257,158,150,166,88,109,105,121,130,47,138,60,117,166,71,5,,79,,,48,27,49,226,9,105,297,7,26,78,22,64,33,22,261,19,10,167,220,7,5,7,31,67,84,294,239,169,53,231,107,115,232,83,71,51,138,122,277,257,,,153,209,,,54,199,161,9,49,13,28,195,90,300,17,55,25,16,16,113,177,286,142,213,94,86,136,281,,175,,,b'\x11\xe8\xe1I\xcb=\xdc\xc8\xaf\x82\x12\xdf\x17\xaeN\x1e'
11E8E149-CB3D-DCC8-AF82-12DF17AE4E1E,2023-ncaa-d1-conf-Pac-12,ncaa,6,4,7,6,7,11,11,11,11,12,10,11,8,8,7,8,4,1,8,1,2,7,9,11,11,11,2,5,1,4,5,6,8,6,8,11,9,8,9,12,6,5,2,2,,,3,5,,,5,10,12,1,11,12,9,12,9,8,9,2,2,2,8,8,3,5,5,11,8,6,2,,5,,,5,1,1,5,2,3,6,2,1,2,1,3,2,1,10,1,2,3,4,2,2,1,2,2,7,7,8,5,5,5,8,2,8,5,3,2,5,6,6,7,,,7,4,,,5,3,11,1,4,1,2,6,5,8,1,2,3,3,2,4,5,8,8,8,6,4,6,5,,3,,,b'\x11\xe8\xe1I\xcb=\xdc\xc8\xaf\x82\x12\xdf\x17\xaeN\x1e'
11E8E149-CB3D-DCC8-AF82-12DF17AE4E1E,2023-ncaa-d1-natl,ncaa,81,52,151,70,142,195,229,158,277,256,171,315,156,176,115,187,102,129,114,129,112,151,160,258,235,214,79,140,66,60,55,167,249,114,120,138,39,144,143,125,90,74,10,6,,,76,71,,,58,223,302,1,199,243,148,266,163,150,170,87,106,103,131,141,53,151,66,128,166,86,5,,81,,,50,16,37,192,10,84,282,9,21,58,24,65,23,16,263,13,10,128,167,8,5,7,27,69,85,275,249,129,55,200,120,98,230,107,82,61,119,123,273,266,,,186,200,,,58,139,174,11,52,15,35,201,102,305,19,56,25,19,17,123,177,289,146,223,102,96,136,283,,176,,,b'\x11\xe8\xe1I\xcb=\xdc\xc8\xaf\x82\x12\xdf\x17\xaeN\x1e'
11E8E149-CB3D-DCC8-AF82-12DF17AE4E1E,2023-ncaa-d1-ncaatournament,ncaa,36,2,36,36,36,54,53,39,59,55,42,58,41,43,46,19,52,50,57,49,39,40,36,57,62,62,23,17,42,36,21,43,46,40,41,55,52,28,56,59,39,26,22,1,,,30,63,,,33,38,47,1,51,48,6,51,25,22,15,46,38,34,10,1,11,33,18,49,62,21,2,,64,,,36,3,1,4,5,7,17,8,2,1,7,4,39,36,57,35,62,9,26,3,20,7,46,6,68,20,46,23,21,23,41,2,2,34,4,1,28,54,12,31,,,45,43,,,33,24,61,6,39,15,2,8,17,41,3,2,65,64,64,27,54,44,55,55,2,2,59,27,,17,,,b'\x11\xe8\xe1I\xcb=\xdc\xc8\xaf\x82\x12\xdf\x17\xaeN\x1e'
11E8E149-CB3D-DCC8-AF82-12DF17AE4E1E,2024-ncaa-d0-natl,ncaa,12,13,13,16,13,17,26,16,99,58,40,150,27,41,28,139,17,24,70,23,95,14,24,87,74,34,67,92,133,49,118,40,79,31,86,42,139,55,11,22,73,132,2,4,,,276,132,,,25,23,164,40,31,49,39,109,120,46,84,45,70,70,39,113,114,88,80,61,12,124,2,,135,,,29,291,280,321,84,284,335,62,208,223,168,104,284,260,298,258,123,323,323,69,85,100,151,135,223,231,79,333,118,315,86,312,296,82,171,212,130,47,194,74,,,13,62,,,25,333,29,81,31,120,113,192,153,257,107,110,181,157,155,179,182,108,178,133,223,172,59,102,,57,,,b'\x11\xe8\xe1I\xcb=\xdc\xc8\xaf\x82\x12\xdf\x17\xaeN\x1e'
11E8E149-CB3D-DCC8-AF82-12DF17AE4E1E,2024-ncaa-d1-conf-Pac-12,ncaa,2,2,1,2,1,2,3,1,9,5,2,10,3,3,5,6,1,1,1,1,1,1,1,10,7,5,3,5,1,3,4,3,5,3,4,6,8,3,1,5,3,4,1,1,,,10,9,,,3,1,3,4,2,6,2,6,6,4,4,1,1,1,1,2,4,5,3,7,3,3,1,,8,,,4,10,8,9,4,8,9,5,7,9,3,7,11,10,9,10,10,11,12,4,4,4,8,6,10,5,5,11,4,10,4,10,10,2,5,6,6,4,6,4,,,1,1,,,3,12,2,5,4,5,4,7,4,4,4,8,9,9,9,8,10,4,8,7,9,4,5,5,,1,,,b'\x11\xe8\xe1I\xcb=\xdc\xc8\xaf\x82\x12\xdf\x17\xaeN\x1e'
11E8E149-CB3D-DCC8-AF82-12DF17AE4E1E,2024-ncaa-d1-natl,ncaa,12,13,16,16,16,22,33,22,107,64,54,162,31,47,29,144,26,36,69,35,98,20,35,92,80,36,65,91,131,65,130,55,94,41,102,49,143,39,10,22,89,142,3,4,,,258,140,,,30,36,176,40,35,57,46,122,126,50,87,50,71,70,45,123,123,99,94,69,11,139,3,,139,,,34,278,268,310,98,276,326,74,196,206,187,106,266,238,303,238,122,315,315,80,103,119,146,130,226,214,94,315,130,296,102,309,299,109,186,227,115,45,180,85,,,20,55,,,30,323,31,105,36,132,123,195,170,263,114,109,185,159,158,186,177,110,188,145,239,185,60,115,,57,,,b'\x11\xe8\xe1I\xcb=\xdc\xc8\xaf\x82\x12\xdf\x17\xaeN\x1e'
11E8E149-CB3D-DCC8-AF82-12DF17AE4E1E,2024-ncaa-d1-ncaatournament,ncaa,5,3,5,5,5,6,6,5,36,8,7,41,3,2,15,25,4,5,24,5,26,6,6,26,27,18,11,16,34,5,27,7,41,7,28,5,33,59,12,12,6,27,1,2,,,63,17,,,4,6,21,5,10,18,8,33,25,10,14,18,24,24,4,17,24,17,13,21,14,22,1,,21,,,6,63,63,62,15,65,63,10,59,60,30,14,67,68,7,68,37,62,63,13,9,10,24,18,39,64,41,65,27,65,28,66,40,9,33,29,60,30,57,30,,,5,26,,,4,63,10,14,6,18,23,41,31,54,16,21,34,39,38,47,49,47,46,52,31,29,31,31,,21,,,b'\x11\xe8\xe1I\xcb=\xdc\xc8\xaf\x82\x12\xdf\x17\xaeN\x1e'
11E8E149-CB3D-DCC8-AF82-12DF17AE4E1E,2025-ncaa-d0-natl,genius_ncaa,6,4,19,7,27,14,18,13,60,14,14,62,69,56,138,228,4,7,26,6,75,9,9,76,49,44,199,254,63,17,32,17,51,10,15,15,75,253,45,34,12,23,1,2,,,280,73,,191,5,10,13,269,9,20,14,17,39,121,127,7,14,14,10,12,32,21,10,22,102,18,2,,127,,120,4,221,198,334,8,233,346,6,138,199,77,51,314,287,318,285,107,334,350,5,9,8,174,97,299,248,51,287,32,287,15,244,272,17,50,41,283,89,270,83,,,18,172,,183,5,352,27,5,8,61,42,216,78,308,51,65,206,167,166,208,304,128,114,106,124,29,163,167,,50,,243,b'\x11\xe8\xe1I\xcb=\xdc\xc8\xaf\x82\x12\xdf\x17\xaeN\x1e'
11E8E149-CB3D-DCC8-AF82-12DF17AE4E1E,2025-ncaa-d1-conf-Big Ten,genius_ncaa,1,1,4,1,6,1,6,2,14,4,2,12,6,5,14,10,1,1,5,1,1,1,1,12,9,10,4,11,1,1,3,2,5,1,3,6,10,8,7,9,3,3,1,1,,,14,8,,12,1,2,1,12,1,3,1,5,5,6,3,1,1,1,1,1,1,1,1,7,9,3,1,,13,,11,1,5,2,14,1,6,18,1,3,4,2,2,17,16,17,16,12,15,16,1,2,1,10,3,18,15,5,13,3,15,3,2,4,3,4,1,11,5,9,4,,,5,12,,14,1,16,5,1,2,2,1,10,4,18,2,3,16,15,15,13,18,14,11,12,2,3,10,7,,3,,14,b'\x11\xe8\xe1I\xcb=\xdc\xc8\xaf\x82\x12\xdf\x17\xaeN\x1e'
11E8E149-CB3D-DCC8-AF82-12DF17AE4E1E,2025-ncaa-d1-natl,genius_ncaa,7,4,25,7,39,14,20,14,63,17,14,63,83,72,142,232,5,9,26,8,74,10,9,84,53,46,200,257,55,20,37,22,53,11,15,15,78,215,47,37,14,27,1,2,,,260,73,,178,5,11,14,269,10,21,15,18,43,133,134,7,15,15,11,12,33,24,12,22,103,22,2,,131,,123,4,200,180,331,8,206,342,6,124,174,87,50,300,275,322,273,110,327,345,5,9,10,173,97,301,229,53,269,37,268,15,232,276,23,55,56,264,97,258,86,,,23,165,,189,5,351,30,5,8,65,47,221,83,309,58,65,213,175,176,213,305,132,121,109,135,37,169,175,,52,,245,b'\x11\xe8\xe1I\xcb=\xdc\xc8\xaf\x82\x12\xdf\x17\xaeN\x1e'
11E8E149-CB3D-DCC8-AF82-12DF17AE4E1E,2025-ncaa-d1-ncaatournament,genius_ncaa,5,2,5,5,5,6,6,6,30,6,5,34,12,10,40,57,4,4,20,4,17,6,6,36,31,25,44,55,13,5,16,6,8,6,4,7,24,63,24,30,2,6,5,8,,,63,26,,52,3,6,16,7,14,20,19,14,11,44,49,5,5,5,14,12,14,6,3,18,31,5,10,,29,,32,4,61,59,62,4,57,63,1,62,60,38,27,63,62,47,62,33,62,63,6,5,4,51,37,55,60,8,64,16,63,4,59,34,5,16,9,65,36,64,24,,,5,18,,3,3,63,19,4,6,4,6,25,4,42,26,23,41,36,38,26,36,15,27,20,9,15,41,30,,13,,14,b'\x11\xe8\xe1I\xcb=\xdc\xc8\xaf\x82\x12\xdf\x17\xaeN\x1e'
11E8E149-CB3D-DCC8-AF82-12DF17AE4E1E,2026-ncaa-d0-natl,genius_ncaa,55,39,116,52,142,107,91,99,109,93,105,111,111,114,130,182,172,144,280,144,240,104,145,110,132,83,245,169,287,110,121,108,211,114,133,60,48,63,23,23,95,87,10,17,,,127,53,,73,39,158,162,97,79,51,50,60,89,120,129,214,175,172,61,143,114,69,80,33,25,79,8,,73,,63,35,66,100,220,18,162,289,24,28,102,6,47,43,76,20,78,22,186,219,10,8,7,16,43,84,291,211,200,121,234,133,118,198,82,73,59,171,132,321,281,,,142,176,,187,39,200,76,13,34,12,40,210,117,314,7,56,31,43,48,156,240,283,160,216,78,70,138,317,,175,,222,b'\x11\xe8\xe1I\xcb=\xdc\xc8\xaf\x82\x12\xdf\x17\xaeN\x1e'
11E8E149-CB3D-DCC8-AF82-12DF17AE4E1E,2026-ncaa-d1-conf-Big Ten,genius_ncaa,1,1,1,1,3,13,13,14,11,10,10,6,17,12,17,11,9,4,17,3,4,12,13,14,15,14,16,17,6,6,5,2,6,3,3,12,8,10,11,12,15,16,5,3,,,7,10,,9,7,15,13,3,13,13,14,10,10,17,12,9,4,3,12,13,6,2,3,12,10,15,5,,7,,9,7,2,2,11,2,1,7,2,8,15,5,15,4,4,6,4,6,10,3,2,2,2,13,14,8,9,6,9,5,9,3,3,8,15,15,6,11,15,10,12,,,4,3,,2,7,6,13,2,7,2,2,11,1,7,8,15,4,4,4,10,3,9,9,9,3,15,11,10,,4,,2,b'\x11\xe8\xe1I\xcb=\xdc\xc8\xaf\x82\x12\xdf\x17\xaeN\x1e'
11E8E149-CB3D-DCC8-AF82-12DF17AE4E1E,2026-ncaa-d1-natl,genius_ncaa,74,39,177,59,197,156,139,157,130,133,157,135,145,162,141,180,232,199,283,197,242,164,217,132,157,97,231,166,282,162,151,160,232,168,164,77,52,24,28,26,145,112,12,17,,,68,57,,55,48,227,181,100,105,74,63,79,103,137,137,228,186,183,80,171,138,86,99,38,25,105,9,,81,,65,42,21,59,164,19,121,244,28,14,44,6,43,27,40,20,41,24,130,147,12,8,9,10,36,78,255,232,146,151,189,164,88,202,138,100,83,129,149,314,301,,,205,165,,211,48,131,97,15,42,15,53,221,141,327,10,52,33,51,58,170,233,293,181,243,97,101,150,325,,174,,208,b'\x11\xe8\xe1I\xcb=\xdc\xc8\xaf\x82\x12\xdf\x17\xaeN\x1e'
11E8E149-CB42-44A2-AF82-12DF17AE4E1E,2010-ncaa-d0-natl,ncaa,321,326,241,324,258,241,249,214,265,265,226,297,119,139,103,113,255,246,230,252,221,226,211,241,247,251,81,69,227,277,320,183,149,231,293,212,138,184,228,220,256,255,211,225,,,304,330,,,296,184,60,169,224,222,122,255,191,92,106,238,219,224,143,120,270,105,193,174,248,238,202,,332,,,295,245,213,131,283,237,197,262,104,62,268,46,307,310,167,305,297,172,149,264,290,319,163,72,294,125,149,284,320,231,293,149,100,252,256,227,227,246,76,107,,,231,212,,,296,156,267,312,297,318,293,219,303,281,136,85,328,326,326,292,261,196,329,308,213,212,265,98,,166,,,b'\x11\xe8\xe1I\xcbBD\xa2\xaf\x82\x12\xdf\x17\xaeN\x1e'
11E8E149-CB42-44A2-AF82-12DF17AE4E1E,2010-ncaa-d1-conf-MVC,ncaa,9,9,7,9,9,9,8,4,9,8,5,9,6,4,5,4,8,9,8,9,9,7,7,9,9,9,5,3,7,7,8,7,7,7,9,8,5,6,7,6,6,6,8,8,,,8,7,,,9,6,2,5,9,7,2,7,4,4,4,7,7,7,2,2,4,6,4,6,7,6,8,,10,,,9,5,6,2,6,8,6,6,2,2,6,3,8,8,2,8,6,3,5,6,6,6,3,2,7,8,7,10,8,10,9,4,3,7,7,3,7,7,5,5,,,10,10,,,9,3,9,7,9,8,8,7,8,9,3,3,10,10,10,8,8,9,10,10,5,5,7,5,,8,,,b'\x11\xe8\xe1I\xcbBD\xa2\xaf\x82\x12\xdf\x17\xaeN\x1e'
11E8E149-CB42-44A2-AF82-12DF17AE4E1E,2010-ncaa-d1-natl,ncaa,327,324,276,327,293,255,261,228,272,285,245,300,124,147,105,111,269,257,231,264,221,241,237,243,254,254,81,69,226,291,320,204,152,254,298,223,140,172,231,222,268,259,221,227,,,300,331,,,305,207,61,165,229,226,126,261,193,93,107,240,221,226,147,124,272,109,202,178,248,240,206,,332,,,306,237,202,114,290,233,177,268,96,48,271,46,301,305,170,302,300,155,127,268,293,321,160,71,293,108,152,276,320,216,298,141,101,270,258,231,219,249,70,109,,,247,209,,,305,129,273,316,305,323,301,220,310,282,135,84,329,327,327,294,260,199,330,313,216,220,266,103,,165,,,b'\x11\xe8\xe1I\xcbBD\xa2\xaf\x82\x12\xdf\x17\xaeN\x1e'
11E8E149-CB42-44A2-AF82-12DF17AE4E1E,2011-ncaa-d0-natl,ncaa,335,341,170,339,224,313,314,297,320,324,315,296,201,141,298,54,307,293,281,295,176,308,223,302,316,334,85,78,197,279,288,179,277,235,291,277,113,342,340,326,323,336,28,35,,,315,323,,,339,193,131,257,336,332,319,336,318,188,122,319,303,302,326,226,279,147,239,290,336,332,14,,333,,,338,270,204,197,202,233,265,134,121,77,275,33,338,337,204,337,309,261,193,181,226,296,210,67,326,284,277,194,288,255,291,98,45,293,319,230,341,338,60,171,,,298,307,,,339,167,337,317,336,304,233,244,254,300,123,89,338,336,337,307,256,300,230,285,127,300,337,77,,313,,,b'\x11\xe8\xe1I\xcbBD\xa2\xaf\x82\x12\xdf\x17\xaeN\x1e'
11E8E149-CB42-44A2-AF82-12DF17AE4E1E,2011-ncaa-d1-conf-MVC,ncaa,10,10,6,10,9,10,10,10,9,10,10,9,5,4,10,2,10,10,10,10,8,10,8,9,10,10,4,4,9,10,10,9,10,9,10,10,5,10,10,10,10,10,1,3,,,10,9,,,10,6,3,6,10,10,10,10,10,5,4,10,10,10,10,5,9,8,8,10,10,10,1,,10,,,10,10,8,7,8,8,9,6,6,3,10,2,10,10,2,10,9,8,6,7,7,10,7,4,9,10,10,5,10,9,10,5,2,9,9,8,10,10,2,3,,,10,10,,,10,5,10,10,10,10,9,9,9,10,6,4,10,10,10,10,10,10,9,10,7,9,10,2,,10,,,b'\x11\xe8\xe1I\xcbBD\xa2\xaf\x82\x12\xdf\x17\xaeN\x1e'
11E8E149-CB42-44A2-AF82-12DF17AE4E1E,2011-ncaa-d1-natl,ncaa,336,341,199,340,260,326,327,315,321,332,325,300,210,148,297,56,315,306,283,307,180,320,257,306,316,335,84,77,198,290,290,202,280,250,297,289,119,340,342,329,332,340,32,36,,,312,326,,,339,231,135,260,337,335,320,337,320,189,124,320,305,304,328,231,284,153,243,298,339,333,14,,333,,,338,257,188,172,209,222,250,143,109,69,275,33,336,335,205,335,310,244,163,183,231,305,206,66,326,274,280,172,290,239,297,85,44,307,323,238,340,338,57,177,,,310,308,,,339,134,337,322,336,308,239,244,259,306,124,88,339,336,336,307,257,303,233,291,129,303,337,78,,313,,,b'\x11\xe8\xe1I\xcbBD\xa2\xaf\x82\x12\xdf\x17\xaeN\x1e'
11E8E149-CB42-44A2-AF82-12DF17AE4E1E,2012-ncaa-d0-natl,ncaa,279,288,163,287,198,173,203,186,217,258,256,231,67,78,85,67,144,114,255,118,44,171,140,164,164,216,32,45,136,211,263,117,175,162,231,276,307,294,280,309,293,319,49,80,,,335,339,,,273,111,36,189,149,190,159,275,264,49,57,133,92,102,145,77,203,67,127,293,304,294,43,,341,,,272,286,217,203,211,280,300,120,53,20,298,4,339,341,177,340,320,266,235,167,229,279,173,20,338,225,175,272,263,262,231,147,101,244,298,220,241,226,123,199,,,186,223,,,273,227,238,275,273,304,246,260,293,329,58,20,340,342,342,319,299,252,302,291,174,250,250,138,,162,,,b'\x11\xe8\xe1I\xcbBD\xa2\xaf\x82\x12\xdf\x17\xaeN\x1e'
11E8E149-CB42-44A2-AF82-12DF17AE4E1E,2012-ncaa-d1-conf-MVC,ncaa,9,9,6,9,8,9,7,6,8,7,7,10,5,4,4,5,7,6,9,6,4,7,4,8,9,9,3,4,6,3,5,4,9,5,8,10,9,9,9,10,10,10,3,5,,,10,10,,,9,4,1,5,8,7,4,7,6,5,4,7,5,6,5,2,3,1,3,10,10,9,2,,10,,,9,9,8,8,6,10,10,3,1,1,10,1,10,10,3,10,9,10,7,4,6,10,5,1,10,10,9,7,5,9,8,7,4,9,10,9,9,9,2,2,,,8,8,,,9,6,9,10,9,10,9,10,10,10,1,1,10,10,10,10,10,10,8,9,8,8,10,2,,6,,,b'\x11\xe8\xe1I\xcbBD\xa2\xaf\x82\x12\xdf\x17\xaeN\x1e'
11E8E149-CB42-44A2-AF82-12DF17AE4E1E,2012-ncaa-d1-natl,ncaa,286,288,196,289,238,196,224,215,226,282,285,242,74,84,84,67,158,127,257,134,40,205,164,171,173,223,29,45,136,233,268,130,181,188,240,292,310,285,281,312,309,322,56,79,,,335,339,,,278,134,36,180,156,200,167,282,272,55,57,131,92,103,153,80,211,69,138,297,301,297,48,,341,,,279,274,207,180,213,263,293,129,47,17,305,4,337,341,180,340,319,256,211,176,234,283,170,20,337,206,181,259,268,245,240,133,103,266,304,228,230,229,118,203,,,200,218,,,278,200,247,280,281,306,249,258,296,329,60,19,340,342,342,320,300,255,304,294,183,255,254,141,,159,,,b'\x11\xe8\xe1I\xcbBD\xa2\xaf\x82\x12\xdf\x17\xaeN\x1e'
11E8E149-CB42-44A2-AF82-12DF17AE4E1E,2013-ncaa-d0-natl,ncaa,322,332,120,326,152,172,152,118,206,174,148,237,113,133,98,148,265,220,298,214,249,137,114,193,229,241,165,104,284,202,271,204,281,214,305,243,294,252,211,280,245,290,171,224,,,320,310,,,334,90,66,195,195,158,113,192,147,111,132,283,238,231,139,106,216,244,243,266,241,258,184,,324,,,329,336,323,254,324,326,292,321,165,134,249,57,344,343,302,343,330,296,260,318,332,343,159,42,318,261,281,304,271,303,305,284,130,276,331,323,296,258,82,77,,,271,324,,,334,244,251,343,329,341,322,290,327,309,163,127,344,344,344,331,275,254,315,304,281,298,290,90,,294,,,b'\x11\xe8\xe1I\xcbBD\xa2\xaf\x82\x12\xdf\x17\xaeN\x1e'
11E8E149-CB42-44A2-AF82-12DF17AE4E1E,2013-ncaa-d1-conf-MVC,ncaa,10,10,3,10,4,8,8,4,10,7,5,10,5,5,3,5,9,8,9,8,7,5,4,8,10,10,5,4,9,5,7,10,10,9,10,10,10,9,8,10,7,7,6,8,,,10,9,,,10,3,4,4,9,8,4,7,6,5,5,9,9,8,4,4,5,10,8,10,8,7,6,,10,,,10,10,9,9,9,9,8,9,6,6,6,3,10,10,8,10,9,10,9,8,10,10,3,2,10,10,10,10,7,10,10,9,8,5,7,9,9,8,3,2,,,9,10,,,10,8,10,10,10,9,8,8,9,9,6,5,10,10,10,9,7,9,10,10,9,6,9,3,,9,,,b'\x11\xe8\xe1I\xcbBD\xa2\xaf\x82\x12\xdf\x17\xaeN\x1e'
11E8E149-CB42-44A2-AF82-12DF17AE4E1E,2013-ncaa-d1-natl,ncaa,326,331,136,328,178,191,164,131,209,195,164,243,116,143,95,150,272,233,296,229,247,150,133,201,234,244,159,103,283,222,275,224,283,235,307,261,301,241,214,283,263,293,185,229,,,316,311,,,334,112,69,189,203,165,118,196,152,113,130,284,236,231,147,113,223,249,249,272,240,268,187,,325,,,330,336,319,245,326,325,285,322,154,124,250,56,344,342,302,342,329,292,241,321,333,343,161,43,318,250,283,299,275,298,307,276,132,298,332,325,289,261,79,81,,,280,324,,,334,217,257,344,330,342,322,292,328,310,168,128,344,344,344,333,275,253,313,309,284,300,288,88,,294,,,b'\x11\xe8\xe1I\xcbBD\xa2\xaf\x82\x12\xdf\x17\xaeN\x1e'
11E8E149-CB42-44A2-AF82-12DF17AE4E1E,2014-ncaa-d0-natl,ncaa,325,332,180,332,197,316,295,266,309,215,177,265,333,284,347,259,283,279,251,280,298,271,218,331,330,339,329,322,160,173,154,204,189,190,169,320,311,319,337,337,296,302,108,113,,,191,251,,,340,221,219,57,327,313,260,202,153,337,281,290,276,280,280,194,152,178,164,325,331,294,97,,231,,,339,213,238,174,277,280,226,264,105,94,196,81,175,200,49,197,174,190,124,250,243,304,60,83,156,157,189,149,154,155,169,179,111,318,319,297,329,338,47,37,,,287,291,,,340,126,336,304,339,262,278,232,302,282,121,98,209,235,231,251,158,186,194,195,205,314,335,50,,288,,,b'\x11\xe8\xe1I\xcbBD\xa2\xaf\x82\x12\xdf\x17\xaeN\x1e'
11E8E149-CB42-44A2-AF82-12DF17AE4E1E,2014-ncaa-d1-conf-MVC,ncaa,10,10,7,10,7,10,10,8,10,8,6,10,10,9,10,9,9,9,7,9,9,10,6,10,10,10,9,9,4,4,4,7,8,4,6,10,7,10,10,10,9,9,3,4,,,7,8,,,10,8,5,1,10,10,6,7,4,10,9,8,8,8,9,3,3,4,3,9,10,9,3,,9,,,10,8,8,8,8,10,10,7,3,1,6,1,6,8,2,8,4,8,5,8,6,9,1,1,3,7,8,5,4,5,6,8,5,9,9,10,10,10,3,3,,,9,9,,,10,3,10,10,10,9,9,9,10,10,4,2,8,10,10,10,9,8,5,7,8,9,10,4,,9,,,b'\x11\xe8\xe1I\xcbBD\xa2\xaf\x82\x12\xdf\x17\xaeN\x1e'
11E8E149-CB42-44A2-AF82-12DF17AE4E1E,2014-ncaa-d1-natl,ncaa,332,331,211,335,230,325,310,287,310,232,192,271,337,289,347,259,294,290,250,292,298,294,250,332,333,340,329,321,159,186,161,231,196,218,174,326,311,314,337,337,305,304,116,114,,,171,256,,,341,258,221,52,330,315,263,208,155,337,282,291,282,284,283,196,154,184,167,328,332,295,98,,228,,,340,194,224,153,287,268,206,275,98,85,200,79,171,188,52,186,175,163,89,263,251,312,60,78,158,138,196,134,161,137,174,163,113,329,324,301,324,338,42,47,,,308,292,,,341,90,336,309,340,269,284,232,306,284,118,94,210,238,235,252,156,193,203,199,212,320,337,51,,290,,,b'\x11\xe8\xe1I\xcbBD\xa2\xaf\x82\x12\xdf\x17\xaeN\x1e'
11E8E149-CB42-44A2-AF82-12DF17AE4E1E,2015-ncaa-d0-natl,ncaa,133,103,172,122,220,148,112,150,94,137,155,118,135,156,81,151,279,289,175,290,307,181,204,99,128,110,207,128,319,131,85,182,53,150,51,160,228,87,114,113,295,291,137,171,,,21,41,,,186,238,245,212,127,77,109,111,146,124,139,285,292,295,155,201,106,162,125,144,111,301,127,,20,,,185,206,281,179,313,322,269,310,44,49,123,40,69,46,284,48,36,143,85,281,259,322,7,29,46,35,53,87,85,52,51,62,7,321,316,259,193,206,197,201,,,297,312,,,186,111,86,291,188,242,309,226,329,313,46,47,85,67,67,178,66,43,103,57,78,329,206,214,,315,,,b'\x11\xe8\xe1I\xcbBD\xa2\xaf\x82\x12\xdf\x17\xaeN\x1e'
11E8E149-CB42-44A2-AF82-12DF17AE4E1E,2015-ncaa-d1-conf-MVC,ncaa,5,5,6,5,7,6,4,7,4,5,5,3,5,5,4,4,8,8,6,8,8,7,8,5,5,5,6,5,8,3,2,7,1,5,2,6,4,4,4,5,9,9,8,8,,,2,4,,,5,10,7,3,5,4,4,5,5,5,5,6,7,7,4,6,3,6,3,4,4,9,8,,3,,,5,5,8,5,10,10,9,10,2,1,6,2,3,2,7,2,3,4,1,9,8,10,2,2,2,1,1,2,2,1,2,4,2,10,8,6,4,4,5,4,,,8,6,,,5,2,5,10,5,7,10,6,10,9,2,2,4,3,3,5,2,2,3,2,4,9,4,5,,7,,,b'\x11\xe8\xe1I\xcbBD\xa2\xaf\x82\x12\xdf\x17\xaeN\x1e'
11E8E149-CB42-44A2-AF82-12DF17AE4E1E,2015-ncaa-d1-natl,ncaa,142,103,209,131,264,180,145,188,106,157,182,123,141,167,85,150,291,302,174,304,309,219,251,106,132,112,204,127,319,148,92,208,55,182,54,184,236,74,118,122,311,299,146,171,,,12,43,,,200,282,246,206,133,88,115,115,152,125,141,285,296,297,163,207,117,167,135,152,114,306,131,,24,,,200,185,270,151,321,316,252,316,36,36,132,39,57,37,288,39,36,108,42,288,270,325,7,29,47,21,55,63,92,26,54,48,7,335,322,264,174,211,188,207,,,318,309,,,200,66,93,299,206,256,311,231,330,315,50,45,86,68,69,181,62,44,107,62,82,329,208,220,,316,,,b'\x11\xe8\xe1I\xcbBD\xa2\xaf\x82\x12\xdf\x17\xaeN\x1e'
11E8E149-CB42-44A2-AF82-12DF17AE4E1E,2016-ncaa-d0-natl,ncaa,86,111,38,104,43,62,48,31,116,66,60,134,50,56,74,121,171,161,233,166,266,43,53,109,133,95,163,108,297,14,22,56,209,26,59,83,229,113,37,71,251,312,76,149,,,96,29,,,119,87,229,78,80,57,35,98,115,71,88,237,226,235,61,112,15,88,27,123,50,301,104,,37,,,123,304,330,321,209,337,345,175,161,141,221,41,123,129,117,135,33,323,287,178,132,221,28,83,51,326,209,227,22,288,59,192,26,246,318,247,245,154,127,61,,,216,335,,,119,276,42,257,109,225,283,303,305,335,113,74,70,85,87,274,198,277,105,164,125,310,179,81,,313,,,b'\x11\xe8\xe1I\xcbBD\xa2\xaf\x82\x12\xdf\x17\xaeN\x1e'
11E8E149-CB42-44A2-AF82-12DF17AE4E1E,2016-ncaa-d1-conf-MVC,ncaa,4,4,4,4,4,4,3,3,4,4,4,5,3,3,2,5,7,7,5,7,9,4,3,3,5,4,6,4,10,2,1,5,6,3,3,3,5,2,2,3,10,9,7,8,,,2,1,,,4,6,7,5,3,2,1,4,3,3,4,7,7,7,3,4,1,5,2,3,2,9,7,,2,,,4,8,9,9,7,10,9,6,6,4,10,2,2,2,2,2,2,8,5,7,6,9,2,4,2,9,6,3,1,6,3,5,3,10,9,8,2,2,4,2,,,7,10,,,4,5,2,9,4,8,8,9,9,10,5,2,2,2,2,8,5,9,2,4,5,10,2,4,,8,,,b'\x11\xe8\xe1I\xcbBD\xa2\xaf\x82\x12\xdf\x17\xaeN\x1e'
11E8E149-CB42-44A2-AF82-12DF17AE4E1E,2016-ncaa-d1-natl,ncaa,95,111,51,111,57,75,60,40,127,85,72,141,59,71,79,120,188,178,232,188,265,53,64,115,136,104,157,106,296,16,26,65,216,32,62,100,232,81,38,76,274,316,85,156,,,76,29,,,134,111,231,72,83,62,37,105,118,70,88,241,228,238,63,115,16,94,30,130,50,310,111,,40,,,138,287,325,316,212,330,344,185,147,126,230,40,113,111,118,119,31,313,272,187,147,230,26,84,53,316,216,200,26,272,62,172,28,267,324,255,227,154,107,65,,,239,332,,,134,255,46,263,121,232,285,304,312,336,115,73,74,88,92,280,198,283,109,171,131,314,183,82,,314,,,b'\x11\xe8\xe1I\xcbBD\xa2\xaf\x82\x12\xdf\x17\xaeN\x1e'
11E8E149-CB42-44A2-AF82-12DF17AE4E1E,2017-ncaa-d0-natl,ncaa,169,152,168,170,215,203,171,197,131,218,247,152,90,124,50,82,336,338,188,335,336,235,262,97,131,134,132,42,344,252,239,186,200,220,214,114,63,74,142,79,264,254,194,235,,,28,52,,,221,263,277,268,196,156,186,220,253,72,97,342,342,341,251,290,257,169,235,93,88,270,201,,36,,,220,167,253,207,277,294,252,268,95,90,154,88,28,43,25,41,30,170,98,233,181,268,13,85,19,184,200,137,239,160,214,141,54,322,323,294,214,271,20,54,,,331,328,,,221,89,151,281,222,207,282,249,312,303,112,103,37,58,56,198,82,206,150,177,155,330,239,22,,343,,,b'\x11\xe8\xe1I\xcbBD\xa2\xaf\x82\x12\xdf\x17\xaeN\x1e'
11E8E149-CB42-44A2-AF82-12DF17AE4E1E,2017-ncaa-d1-conf-MVC,ncaa,4,4,7,4,9,5,5,7,3,6,7,4,3,5,2,3,10,10,6,10,10,8,9,2,2,3,3,1,10,8,8,7,7,8,7,4,4,2,5,3,10,9,9,9,,,1,1,,,5,8,7,6,5,5,5,6,5,3,4,10,10,10,6,8,8,5,8,3,3,9,8,,1,,,5,4,8,6,9,10,9,9,3,3,6,3,1,2,1,2,1,5,2,7,6,7,1,2,1,6,7,3,8,2,7,4,2,10,9,9,6,7,1,3,,,10,10,,,5,2,5,8,5,6,9,8,10,10,3,3,1,2,2,7,3,6,5,6,6,9,6,1,,10,,,b'\x11\xe8\xe1I\xcbBD\xa2\xaf\x82\x12\xdf\x17\xaeN\x1e'
11E8E149-CB42-44A2-AF82-12DF17AE4E1E,2017-ncaa-d1-natl,ncaa,157,151,144,166,198,187,155,184,126,212,231,160,78,113,38,82,339,338,175,337,333,234,269,91,119,112,123,44,343,245,233,171,189,212,210,90,57,64,117,67,256,239,200,229,,,25,48,,,195,262,273,270,178,144,178,217,242,67,97,341,340,339,243,286,246,165,229,74,70,259,204,,35,,,195,162,258,212,257,296,259,262,84,97,106,96,29,49,31,47,35,171,98,216,167,250,17,80,27,185,189,141,233,161,210,128,51,315,316,274,201,255,15,40,,,335,328,,,195,88,127,268,197,187,277,243,304,286,92,108,41,62,63,188,83,199,148,173,138,326,215,17,,342,,,b'\x11\xe8\xe1I\xcbBD\xa2\xaf\x82\x12\xdf\x17\xaeN\x1e'
11E8E149-CB42-44A2-AF82-12DF17AE4E1E,2018-ncaa-d0-natl,ncaa,149,129,164,149,165,194,188,205,146,153,165,166,206,228,145,224,179,156,270,150,139,201,198,156,167,183,217,206,162,153,117,294,277,250,205,149,125,170,200,156,155,131,89,67,,,153,191,,,161,213,265,12,180,176,200,137,147,200,227,165,138,128,183,174,126,310,259,137,201,143,77,,178,,,161,112,87,79,138,96,109,111,123,91,224,125,265,231,312,223,264,90,129,149,205,138,258,162,294,182,277,97,117,111,205,31,46,108,76,36,215,232,28,36,,,205,167,,,161,130,169,155,166,132,91,72,93,109,140,98,276,242,235,79,141,205,116,140,48,81,227,39,,177,,,b'\x11\xe8\xe1I\xcbBD\xa2\xaf\x82\x12\xdf\x17\xaeN\x1e'
11E8E149-CB42-44A2-AF82-12DF17AE4E1E,2018-ncaa-d1-conf-MVC,ncaa,4,4,3,4,3,5,5,6,4,4,3,5,7,7,4,9,7,5,10,5,7,5,5,5,5,5,8,7,7,4,4,9,9,7,8,4,3,4,4,5,3,3,1,1,,,7,7,,,5,6,8,1,5,4,5,4,3,7,7,7,4,4,4,3,3,10,7,4,5,3,2,,7,,,5,5,4,3,7,4,3,8,4,4,3,4,9,7,9,7,9,4,5,7,8,4,7,3,7,7,9,3,4,7,8,3,2,1,1,1,4,4,1,2,,,7,7,,,5,5,5,6,5,5,3,3,6,3,3,4,8,8,8,3,5,8,4,7,2,1,4,1,,6,,,b'\x11\xe8\xe1I\xcbBD\xa2\xaf\x82\x12\xdf\x17\xaeN\x1e'
11E8E149-CB42-44A2-AF82-12DF17AE4E1E,2018-ncaa-d1-natl,ncaa,150,129,144,149,145,194,188,213,152,166,172,168,215,231,161,229,178,144,278,136,123,198,198,165,178,191,216,218,146,157,134,292,282,246,214,154,127,171,200,158,166,152,90,74,,,148,162,,,176,210,269,14,196,185,214,149,154,215,232,167,129,119,192,196,143,310,262,146,185,164,83,,160,,,175,117,87,93,127,87,114,116,127,101,200,138,263,225,316,215,247,101,138,125,182,134,252,161,289,197,282,104,134,130,214,25,37,119,94,43,208,228,27,38,,,197,163,,,176,128,179,158,178,130,95,84,99,119,139,105,265,235,225,93,140,216,121,150,43,100,217,40,,176,,,b'\x11\xe8\xe1I\xcbBD\xa2\xaf\x82\x12\xdf\x17\xaeN\x1e'
11E8E149-CB42-44A2-AF82-12DF17AE4E1E,2019-ncaa-d0-natl,ncaa,163,152,173,165,195,168,152,178,133,152,195,121,151,158,149,159,206,163,289,163,149,185,200,124,147,141,192,158,226,113,78,199,41,160,62,88,39,130,148,83,207,178,161,120,,,251,316,,,136,234,244,99,135,132,150,142,180,138,140,203,148,151,149,167,90,196,125,65,145,204,154,,278,,,135,120,51,43,169,42,73,93,143,58,326,99,330,321,305,326,338,82,76,182,244,230,323,174,344,13,41,91,78,39,62,19,37,206,149,49,148,159,25,38,,,150,107,,,136,124,118,172,131,148,52,31,53,60,148,63,329,316,320,63,65,16,113,48,26,190,165,39,,118,,,b'\x11\xe8\xe1I\xcbBD\xa2\xaf\x82\x12\xdf\x17\xaeN\x1e'
11E8E149-CB42-44A2-AF82-12DF17AE4E1E,2019-ncaa-d1-conf-MVC,ncaa,6,6,7,6,8,7,5,6,6,4,7,5,5,5,9,5,9,8,10,8,7,6,8,7,8,7,7,6,9,2,2,7,5,3,4,2,2,2,4,2,6,5,3,2,,,6,9,,,4,10,10,2,6,3,5,4,4,5,5,9,6,6,5,5,2,7,3,2,3,6,3,,8,,,4,1,1,2,4,1,3,1,1,2,6,1,9,9,7,9,10,2,1,3,5,5,8,2,10,4,5,2,2,2,4,2,2,8,6,4,6,7,1,2,,,7,6,,,4,1,4,4,4,4,1,2,4,5,2,2,10,9,9,4,2,4,5,4,2,7,6,1,,6,,,b'\x11\xe8\xe1I\xcbBD\xa2\xaf\x82\x12\xdf\x17\xaeN\x1e'
11E8E149-CB42-44A2-AF82-12DF17AE4E1E,2019-ncaa-d1-natl,ncaa,182,152,233,177,255,206,194,228,140,187,231,132,160,174,154,159,229,199,289,201,152,233,256,134,153,148,188,156,222,140,87,240,43,198,65,101,41,96,150,85,235,188,180,122,,,226,321,,,160,286,252,92,141,142,163,154,181,138,144,205,153,155,165,178,97,207,144,72,148,210,156,,276,,,156,80,29,15,188,30,42,100,115,38,329,98,320,304,306,308,338,33,33,203,259,246,325,173,343,8,43,57,87,16,65,11,37,242,159,63,115,172,21,44,,,190,108,,,160,72,124,197,149,160,65,30,57,62,150,61,332,320,321,67,64,17,117,49,30,205,174,41,,118,,,b'\x11\xe8\xe1I\xcbBD\xa2\xaf\x82\x12\xdf\x17\xaeN\x1e'
11E8E149-CB42-44A2-AF82-12DF17AE4E1E,2020-ncaa-d0-natl,ncaa,140,134,191,142,225,119,109,202,57,107,196,47,149,175,105,173,165,67,329,70,73,183,223,60,85,76,206,181,208,178,156,292,78,260,159,47,40,74,86,42,60,30,154,125,,,292,335,,,88,223,192,196,86,79,168,88,186,146,168,145,60,66,132,188,170,302,264,30,86,43,150,,300,,,86,121,63,29,268,128,99,204,48,17,302,34,324,298,299,300,312,41,73,237,293,212,184,50,339,16,78,136,156,57,159,47,82,96,47,38,94,101,26,35,,,88,57,,,88,118,69,143,87,133,82,14,144,108,52,19,325,300,302,36,77,14,158,68,59,76,94,30,,73,,,b'\x11\xe8\xe1I\xcbBD\xa2\xaf\x82\x12\xdf\x17\xaeN\x1e'
11E8E149-CB42-44A2-AF82-12DF17AE4E1E,2020-ncaa-d1-conf-MVC,ncaa,7,7,1,7,4,7,6,4,6,6,5,6,7,5,7,6,7,3,10,3,3,3,6,7,7,7,7,7,7,2,4,9,5,7,7,2,2,2,2,2,1,1,5,3,,,8,9,,,5,10,9,4,7,6,4,6,5,7,5,7,3,3,3,6,2,9,7,2,2,1,5,,8,,,5,1,1,1,7,1,2,4,1,1,10,2,8,8,8,8,8,1,1,6,7,2,5,2,10,2,5,8,4,3,7,2,6,2,1,1,2,2,2,1,,,5,5,,,5,1,7,1,5,1,1,1,1,2,1,1,8,8,8,1,1,2,8,3,2,2,2,2,,5,,,b'\x11\xe8\xe1I\xcbBD\xa2\xaf\x82\x12\xdf\x17\xaeN\x1e'
11E8E149-CB42-44A2-AF82-12DF17AE4E1E,2020-ncaa-d1-natl,ncaa,150,134,257,148,283,153,142,246,62,129,235,48,160,191,111,172,188,85,330,91,73,222,272,62,89,78,202,182,201,202,166,317,83,295,171,57,41,52,90,48,77,37,163,130,,,272,334,,,99,278,199,183,97,84,178,95,193,150,167,146,62,67,141,193,180,307,271,35,89,51,151,,302,,,95,97,48,12,281,113,70,214,40,12,304,31,317,287,304,288,312,24,41,248,300,229,181,47,339,12,83,110,166,41,171,38,81,116,50,46,73,103,24,37,,,120,56,,,99,66,72,160,100,144,89,17,148,110,53,17,325,304,308,40,79,15,162,70,63,85,98,30,,75,,,b'\x11\xe8\xe1I\xcbBD\xa2\xaf\x82\x12\xdf\x17\xaeN\x1e'
11E8E149-CB42-44A2-AF82-12DF17AE4E1E,2021-ncaa-d0-natl,ncaa,191,296,59,235,64,133,117,118,143,115,131,129,111,93,188,112,223,193,306,191,237,133,142,141,182,164,197,122,295,99,166,174,34,151,129,62,27,165,112,60,120,110,279,314,,,226,275,,,239,142,336,89,254,208,255,216,252,160,155,311,281,282,278,327,190,316,300,77,52,188,323,,132,,,223,249,256,166,334,273,204,324,193,116,326,83,235,223,272,222,207,169,175,331,334,328,101,108,169,64,34,242,166,171,129,241,158,157,154,233,222,184,262,239,,,144,166,,,239,200,153,294,230,146,165,9,193,58,115,31,164,135,138,9,2,6,122,24,170,256,135,197,,258,,,b'\x11\xe8\xe1I\xcbBD\xa2\xaf\x82\x12\xdf\x17\xaeN\x1e'
11E8E149-CB42-44A2-AF82-12DF17AE4E1E,2021-ncaa-d1-conf-MVC,ncaa,8,9,2,8,2,5,4,4,6,4,4,7,5,5,5,5,10,8,10,8,9,4,4,7,7,7,6,5,10,3,3,8,3,6,5,4,2,6,5,4,4,4,10,10,,,9,10,,,8,5,10,3,7,6,7,6,6,5,5,10,9,9,8,9,3,10,9,4,4,7,10,,8,,,8,8,9,5,9,9,7,9,5,3,10,2,9,8,8,8,7,5,4,9,9,9,2,3,8,2,3,6,3,5,5,8,5,8,5,8,6,5,8,7,,,7,9,,,8,6,6,8,8,8,7,1,8,5,4,2,8,7,7,2,1,2,3,3,7,9,5,7,,9,,,b'\x11\xe8\xe1I\xcbBD\xa2\xaf\x82\x12\xdf\x17\xaeN\x1e'
11E8E149-CB42-44A2-AF82-12DF17AE4E1E,2021-ncaa-d1-natl,ncaa,202,294,70,242,74,151,129,130,148,126,146,131,121,106,187,112,235,204,306,202,236,147,155,145,188,168,193,122,295,113,171,191,36,173,137,65,27,154,115,63,134,116,286,315,,,217,278,,,249,161,336,86,260,216,261,224,253,160,160,312,283,283,282,329,194,316,306,80,52,196,324,,131,,,231,235,246,147,334,269,192,324,182,107,330,81,230,216,271,214,208,151,156,331,334,329,99,106,168,58,36,229,171,156,137,237,159,171,163,244,215,192,258,241,,,159,162,,,249,181,157,300,242,151,172,9,201,57,114,31,163,137,138,9,2,6,124,25,173,264,138,198,,259,,,b'\x11\xe8\xe1I\xcbBD\xa2\xaf\x82\x12\xdf\x17\xaeN\x1e'
11E8E149-CB42-44A2-AF82-12DF17AE4E1E,2022-ncaa-d0-natl,ncaa,79,67,112,75,148,160,146,174,91,96,112,106,275,275,235,292,140,134,183,136,196,178,220,140,136,114,305,296,139,106,59,231,48,191,65,104,81,48,75,58,129,75,265,277,,,81,173,,,81,246,348,275,195,162,265,87,122,292,301,153,153,156,246,320,111,308,243,112,39,146,290,,52,,,80,77,137,88,270,205,127,310,24,63,24,123,50,46,170,46,89,65,86,219,201,171,17,53,85,16,48,82,59,38,65,71,61,179,99,89,40,59,110,69,,,110,36,,,81,108,77,117,73,43,91,21,183,65,18,44,41,35,37,7,2,7,32,11,53,215,37,84,,110,,,b'\x11\xe8\xe1I\xcbBD\xa2\xaf\x82\x12\xdf\x17\xaeN\x1e'
11E8E149-CB42-44A2-AF82-12DF17AE4E1E,2022-ncaa-d1-conf-MVC,ncaa,1,1,4,1,4,6,5,5,4,4,3,5,9,9,5,8,6,4,10,5,7,7,7,6,5,4,9,9,4,2,2,7,4,5,2,3,3,2,2,1,3,3,9,8,,,1,3,,,1,9,10,5,6,4,7,3,3,9,8,4,4,4,6,7,2,9,5,3,2,3,9,,2,,,1,2,3,2,6,3,3,7,3,3,1,6,1,1,5,1,3,1,2,4,4,1,2,3,3,3,4,1,2,1,2,3,1,2,2,2,2,2,1,1,,,3,2,,,1,2,1,2,1,1,3,2,3,3,3,3,1,1,1,1,1,2,1,1,2,2,2,1,,3,,,b'\x11\xe8\xe1I\xcbBD\xa2\xaf\x82\x12\xdf\x17\xaeN\x1e'
11E8E149-CB42-44A2-AF82-12DF17AE4E1E,2022-ncaa-d1-natl,ncaa,74,67,100,76,137,168,148,181,98,83,99,116,277,277,234,296,136,137,182,137,203,176,221,145,146,117,305,299,140,98,60,239,48,185,68,109,82,45,75,58,124,75,278,283,,,80,164,,,94,254,347,275,212,172,269,88,121,295,305,162,161,164,247,324,112,312,252,119,35,150,298,,50,,,91,83,140,75,276,215,119,316,25,64,20,121,59,50,225,52,91,57,68,223,212,171,16,37,100,13,48,79,60,31,68,76,62,178,102,99,39,50,96,56,,,104,41,,,94,103,83,119,84,41,94,18,181,64,13,42,50,38,36,6,2,7,33,12,53,209,28,72,,128,,,b'\x11\xe8\xe1I\xcbBD\xa2\xaf\x82\x12\xdf\x17\xaeN\x1e'
11E8E149-CB42-44A2-AF82-12DF17AE4E1E,2023-ncaa-d0-natl,ncaa,223,257,116,243,156,72,54,62,67,31,34,121,181,224,82,304,145,127,241,126,295,65,79,109,127,95,315,268,278,111,182,201,237,162,256,63,167,121,58,58,32,39,25,21,,,344,340,,,202,72,20,291,43,29,24,12,12,193,240,161,134,135,32,43,130,259,202,46,106,24,21,,348,,,199,339,315,220,333,298,231,287,292,167,359,98,357,355,189,355,343,279,289,336,347,333,297,175,322,221,237,289,182,286,256,339,308,78,121,254,99,47,153,43,,,216,327,,,202,285,92,328,200,351,313,187,284,221,290,146,356,353,353,291,324,216,278,276,328,79,94,136,,241,,,b'\x11\xe8\xe1I\xcbBD\xa2\xaf\x82\x12\xdf\x17\xaeN\x1e'
11E8E149-CB42-44A2-AF82-12DF17AE4E1E,2023-ncaa-d1-conf-MVC,ncaa,7,7,3,7,6,4,2,2,4,2,2,4,8,8,8,11,10,8,10,8,11,3,3,7,7,6,11,11,12,4,6,8,11,7,9,6,10,5,4,7,1,1,2,2,,,12,11,,,7,2,2,5,4,1,2,2,2,8,9,11,9,8,2,3,5,10,8,6,5,1,2,,12,,,7,12,9,7,10,9,9,8,7,5,10,2,12,12,6,12,12,10,11,8,10,8,7,2,12,10,11,12,6,10,9,11,9,1,2,7,4,3,1,1,,,10,11,,,7,11,6,8,7,11,9,7,9,8,5,3,12,12,12,9,12,10,10,10,11,1,4,1,,10,,,b'\x11\xe8\xe1I\xcbBD\xa2\xaf\x82\x12\xdf\x17\xaeN\x1e'
11E8E149-CB42-44A2-AF82-12DF17AE4E1E,2023-ncaa-d1-natl,ncaa,243,257,151,255,205,80,61,72,72,34,39,129,202,248,86,304,170,146,243,144,296,78,98,117,131,101,315,268,272,135,190,244,245,206,265,72,175,89,61,66,42,45,27,20,,,341,341,,,217,90,21,291,45,31,27,12,12,198,245,162,133,136,33,45,139,272,221,49,104,27,21,,350,,,215,335,307,183,340,281,200,298,279,142,361,96,355,351,194,351,345,253,269,344,352,340,296,172,321,206,245,270,190,258,265,332,312,102,136,268,83,51,136,47,,,245,325,,,217,267,99,336,218,352,321,190,299,219,297,149,357,355,355,294,322,217,284,281,331,88,97,145,,238,,,b'\x11\xe8\xe1I\xcbBD\xa2\xaf\x82\x12\xdf\x17\xaeN\x1e'
11E8E149-CB42-44A2-AF82-12DF17AE4E1E,2024-ncaa-d0-natl,ncaa,246,276,143,263,148,151,160,124,227,105,52,262,280,294,214,321,78,63,237,60,144,112,104,259,239,219,273,308,54,89,142,264,247,193,243,130,114,226,161,155,12,10,149,169,,,336,328,,,218,114,85,31,153,157,88,84,37,289,304,62,46,43,67,61,84,314,233,124,205,10,152,,331,,,218,257,239,127,330,303,207,333,37,48,70,35,337,328,308,329,310,175,252,291,320,216,65,8,325,159,247,276,142,244,243,234,195,23,25,70,106,80,327,249,,,112,157,,,218,256,205,195,211,260,233,81,316,201,22,38,335,325,327,149,275,156,269,243,229,19,110,329,,96,,,b'\x11\xe8\xe1I\xcbBD\xa2\xaf\x82\x12\xdf\x17\xaeN\x1e'
11E8E149-CB42-44A2-AF82-12DF17AE4E1E,2024-ncaa-d1-conf-MVC,ncaa,9,8,9,9,9,9,9,6,11,7,2,12,11,11,10,11,5,5,9,5,8,5,7,11,11,11,10,10,3,3,4,11,12,9,9,8,3,5,6,7,1,1,8,8,,,9,9,,,8,10,6,1,8,8,4,6,2,11,10,4,3,3,3,3,2,11,9,7,5,1,7,,10,,,8,4,5,3,9,8,5,10,1,2,3,2,8,8,10,8,8,1,4,9,9,6,1,1,9,9,12,10,4,9,9,5,8,2,2,2,3,3,12,9,,,9,8,,,8,4,8,6,8,7,6,3,9,7,1,3,8,8,8,3,9,9,10,10,5,1,4,12,,8,,,b'\x11\xe8\xe1I\xcbBD\xa2\xaf\x82\x12\xdf\x17\xaeN\x1e'
11E8E149-CB42-44A2-AF82-12DF17AE4E1E,2024-ncaa-d1-natl,ncaa,266,278,194,279,199,191,194,160,243,136,71,279,294,311,221,322,91,72,237,70,144,141,132,273,255,232,273,308,46,119,149,303,260,241,264,155,119,197,170,175,21,12,169,173,,,324,333,,,244,151,91,30,169,177,99,97,44,295,310,59,47,47,71,70,98,321,246,134,209,12,158,,335,,,244,248,213,81,338,291,171,341,27,34,78,32,334,322,313,323,314,126,216,303,334,240,63,9,329,131,260,251,149,204,264,221,199,40,33,86,89,82,321,264,,,138,150,,,244,225,229,223,234,272,247,86,322,206,25,37,339,329,329,154,276,161,281,251,243,26,114,336,,95,,,b'\x11\xe8\xe1I\xcbBD\xa2\xaf\x82\x12\xdf\x17\xaeN\x1e'
11E8E149-CB42-44A2-AF82-12DF17AE4E1E,2025-ncaa-d0-natl,genius_ncaa,349,352,248,352,290,308,300,205,347,260,120,354,308,304,296,303,259,254,228,254,308,212,202,350,349,338,270,277,136,147,197,283,303,236,295,309,286,250,257,316,259,261,93,85,,,169,212,,264,359,221,85,269,315,298,122,240,69,306,296,238,228,230,137,95,110,255,188,315,290,229,70,,247,,305,358,325,310,191,356,271,183,322,317,205,362,195,274,267,227,267,262,205,148,359,360,361,261,274,176,217,303,257,197,258,295,346,326,305,319,352,271,278,206,161,,,295,313,,304,359,138,336,361,358,357,354,303,324,265,342,264,309,305,302,324,280,279,332,324,356,293,309,259,,268,,296,b'\x11\xe8\xe1I\xcbBD\xa2\xaf\x82\x12\xdf\x17\xaeN\x1e'
11E8E149-CB42-44A2-AF82-12DF17AE4E1E,2025-ncaa-d1-conf-MVC,genius_ncaa,11,11,9,11,9,12,11,9,11,9,4,11,12,12,12,12,11,9,7,9,12,9,7,12,12,12,10,12,3,5,7,10,10,8,10,12,11,9,9,11,8,8,2,1,,,8,9,,6,12,10,7,5,11,10,7,9,3,12,11,9,9,8,8,4,2,10,7,12,10,8,2,,9,,7,12,11,10,6,12,9,6,11,11,6,12,6,12,12,6,12,11,7,4,12,12,12,8,8,7,10,10,9,7,10,10,12,12,11,11,11,11,10,6,4,,,11,11,,12,12,3,12,12,12,11,11,9,9,8,12,7,12,12,12,10,9,10,10,10,12,9,11,7,,11,,12,b'\x11\xe8\xe1I\xcbBD\xa2\xaf\x82\x12\xdf\x17\xaeN\x1e'
11E8E149-CB42-44A2-AF82-12DF17AE4E1E,2025-ncaa-d1-natl,genius_ncaa,346,352,244,350,289,316,306,192,350,253,106,356,306,300,305,305,259,247,255,246,308,210,186,351,353,342,276,281,131,138,176,287,309,230,294,311,273,253,256,321,251,252,85,88,,,178,203,,280,358,211,83,269,320,302,116,242,63,309,297,240,216,215,134,84,91,256,181,312,293,223,70,,241,,315,357,328,313,201,356,281,186,320,317,212,359,200,259,257,238,251,252,208,165,359,359,360,251,273,161,229,309,270,176,269,294,349,327,288,303,348,279,280,209,155,,,279,313,,283,358,140,340,361,356,353,352,299,326,257,340,267,301,293,293,316,282,274,331,325,354,275,311,253,,254,,271,b'\x11\xe8\xe1I\xcbBD\xa2\xaf\x82\x12\xdf\x17\xaeN\x1e'
11E8E149-CB42-44A2-AF82-12DF17AE4E1E,2026-ncaa-d0-natl,genius_ncaa,295,250,279,302,291,311,295,280,304,254,221,301,329,311,309,294,266,281,121,283,288,281,303,321,312,281,287,307,106,243,243,315,61,310,232,303,255,48,127,218,264,157,318,268,,,97,294,,180,291,301,156,97,254,241,107,171,49,314,279,164,198,202,126,154,164,284,243,269,137,188,313,,241,,283,300,124,98,33,349,43,11,347,287,154,357,337,154,139,222,145,342,41,43,361,359,353,350,343,195,6,61,144,243,62,232,102,152,284,158,229,25,76,245,269,,,295,219,,187,291,55,270,324,309,312,267,45,138,7,358,304,275,270,274,90,68,14,331,196,235,191,78,324,,205,,134,b'\x11\xe8\xe1I\xcbBD\xa2\xaf\x82\x12\xdf\x17\xaeN\x1e'
11E8E149-CB42-44A2-AF82-12DF17AE4E1E,2026-ncaa-d1-natl,genius_ncaa,301,249,271,304,286,319,310,284,318,277,196,325,327,327,284,308,256,268,156,271,289,286,307,329,325,285,272,299,102,258,256,321,88,315,240,309,230,59,132,226,260,169,326,280,,,116,299,,201,303,307,167,100,267,264,127,197,48,313,297,169,183,190,143,164,175,262,234,262,147,188,318,,259,,280,312,152,121,26,346,65,9,343,280,168,348,315,178,181,177,179,337,34,27,357,356,350,338,322,207,14,88,175,256,94,240,92,102,301,203,228,42,87,241,248,,,288,200,,198,303,45,279,328,316,316,278,79,170,24,347,285,285,285,284,117,84,28,336,231,200,220,92,311,,186,,152,b'\x11\xe8\xe1I\xcbBD\xa2\xaf\x82\x12\xdf\x17\xaeN\x1e'
11E8E149-CB46-9E3A-AF82-12DF17AE4E1E,2010-ncaa-d0-natl,ncaa,290,290,241,294,261,220,198,254,111,151,168,146,258,291,120,276,226,227,180,229,258,252,206,148,150,221,277,258,209,216,151,240,281,237,212,180,146,285,300,235,199,203,306,306,,,255,283,,,281,199,79,188,176,141,189,99,103,248,278,199,195,205,202,110,173,204,201,134,310,175,304,,310,,,282,245,235,147,308,237,113,330,177,211,134,225,226,264,80,263,281,166,157,304,297,305,163,148,200,227,281,70,151,110,212,245,206,200,194,253,287,292,65,61,,,191,152,,,281,143,227,317,279,318,312,246,303,184,225,263,279,298,300,284,284,279,123,206,285,149,304,85,,117,,,b'\x11\xe8\xe1I\xcbF\x9e:\xaf\x82\x12\xdf\x17\xaeN\x1e'
11E8E149-CB46-9E3A-AF82-12DF17AE4E1E,2010-ncaa-d1-conf-C-USA,ncaa,12,12,7,12,10,9,7,9,3,7,7,5,10,10,4,10,10,12,6,12,11,9,7,6,6,7,10,10,9,11,9,9,10,11,10,4,5,11,11,9,5,6,10,9,,,7,8,,,11,6,2,6,7,4,7,3,5,10,10,8,11,11,8,4,9,8,10,2,11,5,9,,9,,,11,8,6,5,11,6,1,11,10,11,8,12,8,7,5,8,10,6,7,11,11,11,10,10,7,6,10,5,9,4,10,6,7,5,4,4,11,12,4,3,,,8,7,,,11,5,9,12,12,12,10,8,7,2,10,12,9,10,10,9,10,7,5,7,10,3,12,5,,7,,,b'\x11\xe8\xe1I\xcbF\x9e:\xaf\x82\x12\xdf\x17\xaeN\x1e'
11E8E149-CB46-9E3A-AF82-12DF17AE4E1E,2010-ncaa-d1-conf-CUSA,ncaa,12,12,7,12,10,9,7,9,3,7,7,5,10,10,4,10,10,12,6,12,11,9,7,6,6,7,10,10,9,11,9,9,10,11,10,4,5,11,11,9,5,6,10,9,,,7,8,,,11,6,2,6,7,4,7,3,5,10,10,8,11,11,8,4,9,8,10,2,11,5,9,,9,,,11,8,6,5,11,6,1,11,10,11,8,12,8,7,5,8,10,6,7,11,11,11,10,10,7,6,10,5,9,4,10,6,7,5,4,4,11,12,4,3,,,8,7,,,11,5,9,12,12,12,10,8,7,2,10,12,9,10,10,9,10,7,5,7,10,3,12,5,,7,,,b'\x11\xe8\xe1I\xcbF\x9e:\xaf\x82\x12\xdf\x17\xaeN\x1e'
11E8E149-CB46-9E3A-AF82-12DF17AE4E1E,2010-ncaa-d1-natl,ncaa,281,289,191,287,227,197,174,220,106,128,133,137,255,291,122,278,216,213,205,215,256,219,175,140,148,216,277,263,216,190,129,216,283,211,199,152,146,295,293,231,192,203,303,308,,,283,282,,,276,176,74,186,164,128,175,86,90,249,280,196,187,191,189,100,162,193,185,124,307,174,302,,310,,,278,279,258,177,294,260,138,321,195,227,138,231,247,279,67,276,284,201,187,297,289,296,167,153,202,255,283,79,129,141,199,263,212,186,189,251,286,277,76,58,,,167,159,,,276,173,219,315,272,315,310,249,295,185,227,264,280,303,304,286,289,287,115,212,285,150,296,90,,116,,,b'\x11\xe8\xe1I\xcbF\x9e:\xaf\x82\x12\xdf\x17\xaeN\x1e'
11E8E149-CB46-9E3A-AF82-12DF17AE4E1E,2011-ncaa-d0-natl,ncaa,248,264,170,260,179,208,137,134,150,46,33,145,340,336,339,339,279,257,253,263,339,158,102,246,262,287,343,341,275,113,103,186,291,144,200,226,295,331,306,298,152,192,260,264,,,294,279,,,302,107,46,51,212,101,88,21,4,340,339,278,263,270,125,36,99,167,99,216,329,143,271,,319,,,298,275,267,213,270,229,142,296,275,279,197,261,228,297,13,298,301,246,255,289,262,231,223,227,178,288,291,139,103,219,200,262,205,99,144,182,274,239,164,64,,,199,281,,,302,229,285,264,296,309,295,258,249,169,288,297,251,295,296,294,311,303,166,258,277,81,280,186,,182,,,b'\x11\xe8\xe1I\xcbF\x9e:\xaf\x82\x12\xdf\x17\xaeN\x1e'
11E8E149-CB46-9E3A-AF82-12DF17AE4E1E,2011-ncaa-d1-conf-C-USA,ncaa,10,10,8,10,8,10,7,5,7,2,2,6,12,12,12,12,12,12,9,12,12,8,7,10,10,10,12,12,12,5,5,8,10,8,8,9,9,10,10,10,9,9,9,8,,,8,8,,,10,7,4,2,9,4,3,2,1,12,12,12,12,12,6,4,5,8,5,9,11,8,9,,10,,,10,9,6,4,10,4,2,11,12,12,4,12,8,10,5,10,11,5,6,10,11,11,10,11,8,8,10,5,5,6,8,11,10,8,6,10,6,8,7,3,,,10,11,,,10,6,10,12,10,12,10,7,6,2,12,12,10,11,10,8,9,9,7,9,11,4,8,8,,10,,,b'\x11\xe8\xe1I\xcbF\x9e:\xaf\x82\x12\xdf\x17\xaeN\x1e'
11E8E149-CB46-9E3A-AF82-12DF17AE4E1E,2011-ncaa-d1-conf-CUSA,ncaa,10,10,8,10,8,10,7,5,7,2,2,6,12,12,12,12,12,12,9,12,12,8,7,10,10,10,12,12,12,5,5,8,10,8,8,9,9,10,10,10,9,9,9,8,,,8,8,,,10,7,4,2,9,4,3,2,1,12,12,12,12,12,6,4,5,8,5,9,11,8,9,,10,,,10,9,6,4,10,4,2,11,12,12,4,12,8,10,5,10,11,5,6,10,11,11,10,11,8,8,10,5,5,6,8,11,10,8,6,10,6,8,7,3,,,10,11,,,10,6,10,12,10,12,10,7,6,2,12,12,10,11,10,8,9,9,7,9,11,4,8,8,,10,,,b'\x11\xe8\xe1I\xcbF\x9e:\xaf\x82\x12\xdf\x17\xaeN\x1e'
11E8E149-CB46-9E3A-AF82-12DF17AE4E1E,2011-ncaa-d1-natl,ncaa,258,262,199,263,211,231,159,154,156,49,39,150,342,339,339,339,285,270,253,278,339,187,121,251,264,290,343,341,272,126,105,210,297,169,205,234,297,327,311,301,173,195,266,266,,,285,279,,,307,123,47,49,217,110,91,21,4,341,339,276,265,273,130,38,100,171,102,224,331,150,273,,320,,,306,264,251,189,275,215,123,300,268,271,200,259,217,289,13,290,300,226,235,291,268,236,222,226,177,280,297,115,105,204,205,252,202,116,152,188,265,245,152,65,,,218,280,,,307,209,288,272,306,312,300,258,255,170,291,296,252,298,301,296,312,307,169,264,279,87,280,190,,180,,,b'\x11\xe8\xe1I\xcbF\x9e:\xaf\x82\x12\xdf\x17\xaeN\x1e'
11E8E149-CB46-9E3A-AF82-12DF17AE4E1E,2012-ncaa-d0-natl,ncaa,221,228,163,229,221,194,146,200,87,120,161,95,219,225,179,219,276,241,286,238,262,207,162,125,151,226,281,222,281,216,192,239,338,237,304,133,122,309,304,236,150,183,163,174,,,237,174,,,257,140,56,262,177,118,180,98,145,214,225,271,243,241,202,117,208,244,241,101,314,136,152,,274,,,256,232,204,226,162,177,193,159,253,261,219,219,277,282,154,284,272,241,251,182,192,170,265,232,253,337,338,118,192,273,304,304,323,91,124,212,313,306,245,235,,,239,272,,,257,203,246,239,252,267,231,278,210,238,262,268,289,289,290,298,320,337,151,302,308,64,314,250,,233,,,b'\x11\xe8\xe1I\xcbF\x9e:\xaf\x82\x12\xdf\x17\xaeN\x1e'
11E8E149-CB46-9E3A-AF82-12DF17AE4E1E,2012-ncaa-d1-conf-C-USA,ncaa,7,9,3,9,5,4,5,7,4,6,7,4,6,6,5,5,10,10,9,10,9,5,5,3,3,7,9,7,10,11,11,10,12,10,11,6,5,12,11,8,9,11,5,5,,,12,9,,,11,2,2,7,4,5,8,6,8,7,6,10,10,10,7,5,11,11,11,6,12,9,5,,12,,,11,11,11,8,9,10,7,10,9,11,7,10,12,10,12,10,10,10,12,9,12,8,11,8,12,11,12,7,11,11,11,11,11,3,4,7,12,12,8,10,,,6,8,,,11,10,10,11,11,11,11,10,9,8,9,11,12,10,10,11,11,11,5,11,11,3,12,8,,6,,,b'\x11\xe8\xe1I\xcbF\x9e:\xaf\x82\x12\xdf\x17\xaeN\x1e'
11E8E149-CB46-9E3A-AF82-12DF17AE4E1E,2012-ncaa-d1-conf-CUSA,ncaa,7,9,3,9,5,4,5,7,4,6,7,4,6,6,5,5,10,10,9,10,9,5,5,3,3,7,9,7,10,11,11,10,12,10,11,6,5,12,11,8,9,11,5,5,,,12,9,,,11,2,2,7,4,5,8,6,8,7,6,10,10,10,7,5,11,11,11,6,12,9,5,,12,,,11,11,11,8,9,10,7,10,9,11,7,10,12,10,12,10,10,10,12,9,12,8,11,8,12,11,12,7,11,11,11,11,11,3,4,7,12,12,8,10,,,6,8,,,11,10,10,11,11,11,11,10,9,8,9,11,12,10,10,11,11,11,5,11,11,3,12,8,,6,,,b'\x11\xe8\xe1I\xcbF\x9e:\xaf\x82\x12\xdf\x17\xaeN\x1e'
11E8E149-CB46-9E3A-AF82-12DF17AE4E1E,2012-ncaa-d1-natl,ncaa,208,227,137,224,181,186,140,199,89,113,147,97,216,225,177,222,278,235,297,233,254,203,136,123,157,233,281,222,286,205,187,206,334,214,294,130,133,324,306,246,154,195,157,168,,,259,179,,,252,117,66,262,184,122,191,101,148,217,228,281,237,237,216,121,206,226,227,113,316,146,151,,273,,,252,247,217,252,147,192,203,151,275,282,208,240,280,290,119,290,271,270,275,178,177,161,271,251,237,337,334,130,187,288,294,308,324,83,133,224,326,313,246,237,,,229,273,,,252,227,251,230,247,259,223,277,197,221,269,284,276,286,287,293,319,336,148,293,306,73,315,251,,233,,,b'\x11\xe8\xe1I\xcbF\x9e:\xaf\x82\x12\xdf\x17\xaeN\x1e'
11E8E149-CB46-9E3A-AF82-12DF17AE4E1E,2013-ncaa-d0-natl,ncaa,196,166,251,196,263,203,164,206,107,112,120,142,266,286,179,279,259,211,310,208,261,206,198,155,190,196,304,265,253,217,204,242,324,236,280,187,208,183,202,189,199,210,214,218,,,135,114,,,219,194,92,50,146,99,123,57,55,260,273,232,167,164,131,99,171,194,180,146,239,171,192,,206,,,222,195,238,199,245,242,182,269,191,219,103,236,52,95,23,101,110,181,187,235,199,187,82,195,53,304,324,144,204,241,280,253,236,156,144,216,205,226,179,149,,,244,244,,,219,142,201,244,228,268,293,316,296,271,239,273,93,146,147,298,309,336,242,312,296,100,253,215,,199,,,b'\x11\xe8\xe1I\xcbF\x9e:\xaf\x82\x12\xdf\x17\xaeN\x1e'
11E8E149-CB46-9E3A-AF82-12DF17AE4E1E,2013-ncaa-d1-conf-C-USA,ncaa,9,10,4,10,4,6,4,6,1,1,3,1,9,10,4,11,9,9,12,9,11,7,5,2,4,5,12,10,10,10,11,8,12,10,12,4,5,10,9,5,9,9,7,7,,,6,2,,,11,4,4,8,7,2,8,1,2,9,11,10,9,9,8,7,10,10,10,4,9,9,7,,3,,,11,11,12,10,12,12,8,12,11,12,8,11,4,4,2,5,5,9,10,12,12,11,4,9,2,12,12,7,11,11,12,12,11,5,6,11,10,9,8,7,,,10,10,,,11,9,8,11,11,12,12,12,12,10,11,12,4,4,4,12,12,12,6,11,12,6,9,8,,10,,,b'\x11\xe8\xe1I\xcbF\x9e:\xaf\x82\x12\xdf\x17\xaeN\x1e'
11E8E149-CB46-9E3A-AF82-12DF17AE4E1E,2013-ncaa-d1-conf-CUSA,ncaa,9,10,4,10,4,6,4,6,1,1,3,1,9,10,4,11,9,9,12,9,11,7,5,2,4,5,12,10,10,10,11,8,12,10,12,4,5,10,9,5,9,9,7,7,,,6,2,,,11,4,4,8,7,2,8,1,2,9,11,10,9,9,8,7,10,10,10,4,9,9,7,,3,,,11,11,12,10,12,12,8,12,11,12,8,11,4,4,2,5,5,9,10,12,12,11,4,9,2,12,12,7,11,11,12,12,11,5,6,11,10,9,8,7,,,10,10,,,11,9,8,11,11,12,12,12,12,10,11,12,4,4,4,12,12,12,6,11,12,6,9,8,,10,,,b'\x11\xe8\xe1I\xcbF\x9e:\xaf\x82\x12\xdf\x17\xaeN\x1e'
11E8E149-CB46-9E3A-AF82-12DF17AE4E1E,2013-ncaa-d1-natl,ncaa,171,165,136,177,151,146,111,129,95,61,63,133,256,274,148,285,233,173,316,169,272,138,121,133,170,184,312,269,270,182,208,174,318,171,278,120,170,256,217,171,132,156,185,206,,,188,103,,,193,102,74,65,132,82,115,44,49,261,279,240,171,168,129,83,176,171,183,95,256,117,187,,197,,,194,254,276,266,230,271,222,264,226,269,96,250,88,129,26,134,114,258,271,227,182,148,92,200,56,328,318,227,208,295,278,287,243,85,105,189,275,241,194,131,,,204,253,,,193,232,193,202,199,259,290,311,289,252,242,275,94,142,146,293,318,335,234,305,293,70,273,200,,205,,,b'\x11\xe8\xe1I\xcbF\x9e:\xaf\x82\x12\xdf\x17\xaeN\x1e'
11E8E149-CB46-9E3A-AF82-12DF17AE4E1E,2014-ncaa-d0-natl,ncaa,33,17,85,24,86,41,25,72,10,13,27,23,271,302,135,325,59,58,216,65,223,64,63,34,41,51,333,323,207,161,166,94,198,113,156,11,43,273,178,37,29,39,147,141,,,340,310,,,56,41,39,8,24,15,72,5,16,290,314,74,56,58,61,50,191,114,155,7,236,23,154,,338,,,53,260,186,205,144,165,186,141,230,232,188,180,324,340,17,340,334,266,306,160,158,79,302,195,306,267,198,191,166,235,156,226,240,22,32,52,216,145,205,83,,,78,175,,,56,307,70,79,61,214,139,140,124,128,207,201,303,327,327,239,311,232,149,185,189,16,187,188,,97,,,b'\x11\xe8\xe1I\xcbF\x9e:\xaf\x82\x12\xdf\x17\xaeN\x1e'
11E8E149-CB46-9E3A-AF82-12DF17AE4E1E,2014-ncaa-d1-conf-C-USA,ncaa,2,2,2,2,2,1,1,2,1,1,1,1,14,14,5,16,1,2,6,2,10,2,2,1,1,1,14,15,7,9,12,5,10,8,11,1,2,13,5,1,1,1,11,11,,,15,14,,,2,1,1,3,1,1,5,1,1,14,15,2,3,3,3,3,15,8,13,1,8,1,11,,15,,,2,15,12,11,11,8,7,9,14,12,14,9,15,15,5,15,15,14,16,13,13,5,15,12,14,15,10,11,12,12,11,15,14,1,2,4,12,6,10,5,,,2,6,,,2,16,3,4,2,13,7,6,5,4,12,9,15,15,15,9,16,11,10,10,15,2,8,9,,3,,,b'\x11\xe8\xe1I\xcbF\x9e:\xaf\x82\x12\xdf\x17\xaeN\x1e'
11E8E149-CB46-9E3A-AF82-12DF17AE4E1E,2014-ncaa-d1-conf-CUSA,ncaa,2,2,2,2,2,1,1,2,1,1,1,1,14,14,5,16,1,2,6,2,10,2,2,1,1,1,14,15,7,9,12,5,10,8,11,1,2,13,5,1,1,1,11,11,,,15,14,,,2,1,1,3,1,1,5,1,1,14,15,2,3,3,3,3,15,8,13,1,8,1,11,,15,,,2,15,12,11,11,8,7,9,14,12,14,9,15,15,5,15,15,14,16,13,13,5,15,12,14,15,10,11,12,12,11,15,14,1,2,4,12,6,10,5,,,2,6,,,2,16,3,4,2,13,7,6,5,4,12,9,15,15,15,9,16,11,10,10,15,2,8,9,,3,,,b'\x11\xe8\xe1I\xcbF\x9e:\xaf\x82\x12\xdf\x17\xaeN\x1e'
11E8E149-CB46-9E3A-AF82-12DF17AE4E1E,2014-ncaa-d1-natl,ncaa,22,17,33,21,33,19,15,41,9,8,11,19,261,286,132,327,43,36,215,38,227,35,27,28,34,43,335,327,215,125,155,53,186,70,146,8,43,305,170,35,11,29,122,131,,,347,309,,,29,15,33,10,23,11,68,2,14,296,315,70,55,61,54,42,180,109,140,6,238,13,145,,338,,,31,296,224,269,130,191,224,120,265,257,198,186,326,345,11,345,334,307,330,146,142,52,304,205,303,296,186,245,155,278,146,258,252,7,22,34,238,115,231,68,,,41,160,,,29,334,61,54,38,186,112,125,104,112,208,197,293,325,325,215,313,218,138,168,185,7,171,177,,79,,,b'\x11\xe8\xe1I\xcbF\x9e:\xaf\x82\x12\xdf\x17\xaeN\x1e'
11E8E149-CB46-9E3A-AF82-12DF17AE4E1E,2015-ncaa-d0-natl,ncaa,33,67,13,61,13,44,25,47,17,25,36,29,150,173,79,247,163,101,309,104,265,48,36,34,65,92,302,228,317,165,235,31,78,57,131,17,58,337,237,89,31,67,171,159,,,324,205,,,81,22,121,23,95,38,178,34,113,193,246,270,231,233,198,175,275,93,186,25,235,59,241,,223,,,88,313,279,308,113,148,123,220,342,346,108,345,252,293,27,299,312,318,327,196,169,101,333,336,156,253,78,301,235,297,131,334,333,22,58,131,302,196,131,53,,,39,162,,,81,333,124,82,83,142,106,122,26,7,321,341,140,187,196,123,234,103,120,104,274,48,201,62,,151,,,b'\x11\xe8\xe1I\xcbF\x9e:\xaf\x82\x12\xdf\x17\xaeN\x1e'
11E8E149-CB46-9E3A-AF82-12DF17AE4E1E,2015-ncaa-d1-conf-C-USA,ncaa,2,3,1,3,1,4,3,6,2,3,5,3,7,9,2,10,7,6,11,6,10,6,5,4,3,4,8,8,11,11,11,2,2,3,7,2,1,13,9,5,4,4,11,9,,,9,6,,,4,1,11,1,5,5,13,5,8,9,10,9,8,8,12,11,11,2,9,4,9,4,11,,5,,,5,11,9,12,6,3,2,9,14,14,4,14,6,7,1,9,10,13,12,7,7,6,14,14,5,10,2,9,11,8,7,14,14,3,6,10,9,7,6,4,,,6,6,,,4,14,6,5,4,6,5,8,1,1,14,14,3,5,7,6,6,3,5,2,14,6,7,5,,8,,,b'\x11\xe8\xe1I\xcbF\x9e:\xaf\x82\x12\xdf\x17\xaeN\x1e'
11E8E149-CB46-9E3A-AF82-12DF17AE4E1E,2015-ncaa-d1-conf-CUSA,ncaa,2,3,1,3,1,4,3,6,2,3,5,3,7,9,2,10,7,6,11,6,10,6,5,4,3,4,8,8,11,11,11,2,2,3,7,2,1,13,9,5,4,4,11,9,,,9,6,,,4,1,11,1,5,5,13,5,8,9,10,9,8,8,12,11,11,2,9,4,9,4,11,,5,,,5,11,9,12,6,3,2,9,14,14,4,14,6,7,1,9,10,13,12,7,7,6,14,14,5,10,2,9,11,8,7,14,14,3,6,10,9,7,6,4,,,6,6,,,4,14,6,5,4,6,5,8,1,1,14,14,3,5,7,6,6,3,5,2,14,6,7,5,,8,,,b'\x11\xe8\xe1I\xcbF\x9e:\xaf\x82\x12\xdf\x17\xaeN\x1e'
11E8E149-CB46-9E3A-AF82-12DF17AE4E1E,2015-ncaa-d1-natl,ncaa,33,67,11,61,11,32,14,44,12,17,28,27,133,171,57,247,142,96,303,97,251,43,25,25,50,87,298,221,316,177,240,22,86,47,128,13,49,338,248,86,23,58,162,148,,,333,217,,,70,16,122,25,92,35,197,36,127,182,251,265,218,221,206,178,278,97,198,23,244,56,226,,233,,,83,317,286,313,112,160,131,222,341,347,93,343,260,300,25,305,315,323,334,186,160,91,330,335,173,272,86,298,240,306,128,337,331,15,58,129,309,197,124,45,,,34,149,,,70,334,119,81,79,142,105,117,26,9,318,340,143,198,208,126,237,115,105,93,259,47,204,58,,143,,,b'\x11\xe8\xe1I\xcbF\x9e:\xaf\x82\x12\xdf\x17\xaeN\x1e'
11E8E149-CB46-9E3A-AF82-12DF17AE4E1E,2016-ncaa-d0-natl,ncaa,196,181,240,202,258,283,229,270,168,187,158,232,285,312,129,286,327,314,284,316,333,285,266,220,250,266,311,255,300,171,113,296,278,266,190,183,91,227,291,203,85,37,182,125,,,160,241,,,185,291,258,182,275,214,229,138,107,280,309,321,308,313,269,230,141,288,233,142,273,46,161,,217,,,185,33,37,28,164,46,34,166,106,94,191,188,92,146,8,141,249,29,57,175,142,77,209,202,198,179,278,51,113,72,190,134,290,91,35,95,292,323,250,242,,,270,225,,,185,56,254,104,196,72,77,43,73,56,147,133,135,196,196,50,106,235,99,141,181,44,314,278,,249,,,b'\x11\xe8\xe1I\xcbF\x9e:\xaf\x82\x12\xdf\x17\xaeN\x1e'
11E8E149-CB46-9E3A-AF82-12DF17AE4E1E,2016-ncaa-d1-conf-C-USA,ncaa,10,8,9,10,13,14,14,14,9,12,8,11,11,13,3,11,14,13,12,13,14,14,14,11,12,13,12,7,13,8,8,13,12,12,10,7,3,12,13,10,3,2,5,4,,,5,7,,,10,14,12,11,14,13,12,10,6,10,13,14,13,13,14,11,8,12,8,5,13,2,5,,7,,,10,1,1,1,4,1,1,3,9,6,14,10,3,5,1,5,8,2,1,7,5,3,12,13,7,9,12,2,8,4,10,11,13,7,4,9,12,14,6,5,,,12,11,,,10,1,12,6,10,2,2,2,1,1,11,7,3,6,6,2,2,12,7,7,11,4,13,6,,11,,,b'\x11\xe8\xe1I\xcbF\x9e:\xaf\x82\x12\xdf\x17\xaeN\x1e'
11E8E149-CB46-9E3A-AF82-12DF17AE4E1E,2016-ncaa-d1-conf-CUSA,ncaa,10,8,9,10,13,14,14,14,9,12,8,11,11,13,3,11,14,13,12,13,14,14,14,11,12,13,12,7,13,8,8,13,12,12,10,7,3,12,13,10,3,2,5,4,,,5,7,,,10,14,12,11,14,13,12,10,6,10,13,14,13,13,14,11,8,12,8,5,13,2,5,,7,,,10,1,1,1,4,1,1,3,9,6,14,10,3,5,1,5,8,2,1,7,5,3,12,13,7,9,12,2,8,4,10,11,13,7,4,9,12,14,6,5,,,12,11,,,10,1,12,6,10,2,2,2,1,1,11,7,3,6,6,2,2,12,7,7,11,4,13,6,,11,,,b'\x11\xe8\xe1I\xcbF\x9e:\xaf\x82\x12\xdf\x17\xaeN\x1e'
11E8E149-CB46-9E3A-AF82-12DF17AE4E1E,2016-ncaa-d1-natl,ncaa,191,179,218,196,260,276,226,258,161,165,154,212,290,310,169,286,329,321,289,322,338,287,267,210,251,265,324,267,318,169,110,294,270,260,173,168,97,231,281,199,73,30,178,126,,,155,235,,,178,290,261,181,273,197,219,116,101,286,307,325,316,320,267,233,145,280,231,134,268,41,166,,206,,,178,25,32,21,164,39,29,166,106,80,193,183,93,159,7,153,258,22,58,164,145,73,207,197,196,165,270,44,110,66,173,143,300,88,33,93,297,324,248,232,,,276,246,,,178,49,250,93,184,63,64,36,67,51,140,120,128,196,198,42,100,215,97,129,183,46,314,266,,263,,,b'\x11\xe8\xe1I\xcbF\x9e:\xaf\x82\x12\xdf\x17\xaeN\x1e'
11E8E149-CB46-9E3A-AF82-12DF17AE4E1E,2017-ncaa-d0-natl,ncaa,57,75,45,75,66,57,45,77,30,26,36,44,230,254,141,301,75,79,135,81,219,74,60,63,64,75,317,308,172,87,65,210,193,148,120,50,140,281,195,117,22,20,313,307,,,310,262,,,73,57,138,259,78,51,163,22,58,266,295,106,113,117,159,147,134,323,266,65,211,25,326,,250,,,79,245,247,164,315,232,102,334,234,246,150,279,211,263,16,257,290,180,283,315,305,146,178,198,161,156,193,111,65,120,120,325,327,11,15,94,214,139,158,70,,,103,206,,,73,296,70,119,75,134,146,29,152,21,175,194,136,210,205,39,152,79,39,41,287,17,153,111,,184,,,b'\x11\xe8\xe1I\xcbF\x9e:\xaf\x82\x12\xdf\x17\xaeN\x1e'
11E8E149-CB46-9E3A-AF82-12DF17AE4E1E,2017-ncaa-d1-conf-C-USA,ncaa,3,3,1,3,2,4,3,3,2,1,1,2,11,11,8,13,5,4,4,4,10,3,2,4,3,4,14,13,8,7,7,10,7,8,9,3,7,11,7,5,1,2,11,11,,,13,11,,,4,1,8,10,6,5,8,1,4,11,13,7,6,6,9,8,10,13,13,5,7,1,13,,11,,,4,8,8,7,11,5,2,13,11,12,9,13,8,10,1,9,12,6,13,13,13,5,13,12,7,6,7,6,7,7,9,14,13,1,1,4,9,7,7,3,,,5,7,,,4,14,5,3,4,5,6,3,3,1,9,10,4,7,5,2,7,4,4,5,12,1,8,6,,9,,,b'\x11\xe8\xe1I\xcbF\x9e:\xaf\x82\x12\xdf\x17\xaeN\x1e'
11E8E149-CB46-9E3A-AF82-12DF17AE4E1E,2017-ncaa-d1-conf-CUSA,ncaa,3,3,1,3,2,4,3,3,2,1,1,2,11,11,8,13,5,4,4,4,10,3,2,4,3,4,14,13,8,7,7,10,7,8,9,3,7,11,7,5,1,2,11,11,,,13,11,,,4,1,8,10,6,5,8,1,4,11,13,7,6,6,9,8,10,13,13,5,7,1,13,,11,,,4,8,8,7,11,5,2,13,11,12,9,13,8,10,1,9,12,6,13,13,13,5,13,12,7,6,7,6,7,7,9,14,13,1,1,4,9,7,7,3,,,5,7,,,4,14,5,3,4,5,6,3,3,1,9,10,4,7,5,2,7,4,4,5,12,1,8,6,,9,,,b'\x11\xe8\xe1I\xcbF\x9e:\xaf\x82\x12\xdf\x17\xaeN\x1e'
11E8E149-CB46-9E3A-AF82-12DF17AE4E1E,2017-ncaa-d1-natl,ncaa,54,75,27,75,47,48,37,66,33,21,25,47,224,249,146,292,64,66,127,71,213,56,41,65,66,79,311,307,160,79,66,214,207,149,130,44,139,286,198,116,11,13,314,304,,,311,254,,,63,40,129,261,76,51,161,24,56,265,285,97,109,115,147,134,133,329,274,70,217,20,326,,245,,,65,260,254,162,316,225,93,334,240,254,157,282,202,259,14,254,294,175,297,324,303,122,188,211,151,169,207,126,66,139,130,326,327,5,7,79,250,164,156,73,,,88,199,,,63,310,74,99,66,131,133,25,134,20,183,194,123,195,192,34,158,86,43,46,289,11,176,111,,174,,,b'\x11\xe8\xe1I\xcbF\x9e:\xaf\x82\x12\xdf\x17\xaeN\x1e'
11E8E149-CB46-9E3A-AF82-12DF17AE4E1E,2018-ncaa-d0-natl,ncaa,208,162,295,201,307,231,198,311,35,126,185,64,308,337,73,318,266,292,99,297,305,321,312,71,70,126,322,305,232,236,59,308,269,296,117,145,83,223,303,182,171,114,214,144,,,252,332,,,192,320,263,102,165,117,273,53,107,296,328,227,259,263,287,231,174,267,238,84,291,120,194,,319,,,192,74,28,24,189,17,16,138,204,113,320,228,274,297,60,298,340,36,39,242,259,224,338,270,319,137,269,3,59,10,117,172,333,217,138,206,64,147,25,40,,,333,305,,,192,28,126,241,195,189,98,54,46,30,266,194,319,325,327,112,132,231,18,50,247,145,131,58,,313,,,b'\x11\xe8\xe1I\xcbF\x9e:\xaf\x82\x12\xdf\x17\xaeN\x1e'
11E8E149-CB46-9E3A-AF82-12DF17AE4E1E,2018-ncaa-d1-conf-C-USA,ncaa,9,7,7,9,8,7,3,6,2,4,5,6,10,12,3,11,11,12,9,12,13,8,7,3,6,6,12,10,13,4,2,12,11,11,8,5,7,12,13,7,3,4,8,8,,,13,12,,,10,7,6,2,4,3,6,3,4,8,12,12,12,12,7,5,3,11,9,3,12,3,10,,14,,,10,11,5,3,13,3,3,14,12,9,13,12,13,14,1,14,14,5,7,13,13,12,13,11,11,8,11,1,2,3,8,13,14,4,5,6,10,8,3,3,,,13,14,,,10,7,5,12,10,10,8,4,6,3,12,9,14,14,14,7,11,10,4,5,14,4,10,3,,13,,,b'\x11\xe8\xe1I\xcbF\x9e:\xaf\x82\x12\xdf\x17\xaeN\x1e'
11E8E149-CB46-9E3A-AF82-12DF17AE4E1E,2018-ncaa-d1-conf-CUSA,ncaa,9,7,7,9,8,7,3,6,2,4,5,6,10,12,3,11,11,12,9,12,13,8,7,3,6,6,12,10,13,4,2,12,11,11,8,5,7,12,13,7,3,4,8,8,,,13,12,,,10,7,6,2,4,3,6,3,4,8,12,12,12,12,7,5,3,11,9,3,12,3,10,,14,,,10,11,5,3,13,3,3,14,12,9,13,12,13,14,1,14,14,5,7,13,13,12,13,11,11,8,11,1,2,3,8,13,14,4,5,6,10,8,3,3,,,13,14,,,10,7,5,12,10,10,8,4,6,3,12,9,14,14,14,7,11,10,4,5,14,4,10,3,,13,,,b'\x11\xe8\xe1I\xcbF\x9e:\xaf\x82\x12\xdf\x17\xaeN\x1e'
11E8E149-CB46-9E3A-AF82-12DF17AE4E1E,2018-ncaa-d1-natl,ncaa,186,162,213,185,264,188,138,269,32,74,129,47,308,331,133,320,246,272,102,276,316,275,258,67,68,120,335,319,246,165,27,291,265,249,84,105,96,268,301,166,109,78,211,139,,,291,334,,,154,280,241,127,138,80,236,34,81,308,328,229,253,259,257,194,123,267,210,68,290,85,202,,320,,,154,105,36,25,163,15,22,119,228,154,319,243,295,308,81,312,340,51,74,223,249,188,342,286,318,167,265,3,27,12,84,193,332,137,89,155,78,119,25,30,,,314,316,,,154,67,110,207,155,169,75,47,30,24,267,199,315,320,324,90,139,221,13,40,221,94,113,46,,311,,,b'\x11\xe8\xe1I\xcbF\x9e:\xaf\x82\x12\xdf\x17\xaeN\x1e'
11E8E149-CB46-9E3A-AF82-12DF17AE4E1E,2019-ncaa-d0-natl,ncaa,146,138,173,150,208,219,195,283,63,123,165,74,302,316,211,287,192,225,112,223,211,282,252,111,106,189,312,304,149,206,101,213,57,213,52,143,89,288,318,210,104,53,221,164,,,291,344,,,136,265,280,181,217,176,315,97,151,309,319,179,210,210,308,264,204,217,220,122,282,89,220,,316,,,135,55,38,26,210,36,14,225,133,121,208,239,196,263,18,253,333,28,57,238,229,134,290,230,278,22,57,20,101,8,52,131,280,101,36,77,106,160,81,84,,,316,313,,,136,78,184,91,140,66,32,8,38,9,141,140,220,273,267,15,43,26,20,13,140,70,138,87,,326,,,b'\x11\xe8\xe1I\xcbF\x9e:\xaf\x82\x12\xdf\x17\xaeN\x1e'
11E8E149-CB46-9E3A-AF82-12DF17AE4E1E,2019-ncaa-d1-conf-C-USA,ncaa,8,7,9,8,12,10,10,12,6,7,6,6,13,13,8,13,9,8,7,9,10,12,13,7,7,8,13,13,6,8,7,8,1,8,4,3,4,11,11,8,3,3,10,6,,,13,13,,,6,12,5,9,8,8,11,4,5,13,13,7,8,8,10,7,7,7,6,3,11,2,10,,14,,,6,2,2,1,6,1,1,6,6,5,10,10,8,9,3,9,13,1,2,7,5,5,12,11,11,1,1,2,7,1,4,6,14,3,2,5,6,5,12,7,,,13,13,,,6,2,10,2,6,4,3,2,3,2,9,7,8,10,9,2,4,2,4,3,8,3,6,13,,14,,,b'\x11\xe8\xe1I\xcbF\x9e:\xaf\x82\x12\xdf\x17\xaeN\x1e'
11E8E149-CB46-9E3A-AF82-12DF17AE4E1E,2019-ncaa-d1-conf-CUSA,ncaa,8,7,9,8,12,10,10,12,6,7,6,6,13,13,8,13,9,8,7,9,10,12,13,7,7,8,13,13,6,8,7,8,1,8,4,3,4,11,11,8,3,3,10,6,,,13,13,,,6,12,5,9,8,8,11,4,5,13,13,7,8,8,10,7,7,7,6,3,11,2,10,,14,,,6,2,2,1,6,1,1,6,6,5,10,10,8,9,3,9,13,1,2,7,5,5,12,11,11,1,1,2,7,1,4,6,14,3,2,5,6,5,12,7,,,13,13,,,6,2,10,2,6,4,3,2,3,2,9,7,8,10,9,2,4,2,4,3,8,3,6,13,,14,,,b'\x11\xe8\xe1I\xcbF\x9e:\xaf\x82\x12\xdf\x17\xaeN\x1e'
11E8E149-CB46-9E3A-AF82-12DF17AE4E1E,2019-ncaa-d1-natl,ncaa,135,137,107,140,131,186,147,245,56,80,117,69,301,313,209,302,185,201,137,198,223,246,187,103,104,185,321,312,168,170,72,178,53,169,39,112,99,310,322,210,76,52,211,161,,,316,344,,,122,193,275,200,209,159,307,75,124,315,323,191,213,211,305,243,175,214,200,116,294,80,217,,317,,,122,72,45,22,187,31,14,188,177,160,221,255,224,275,22,271,334,42,106,221,220,103,310,256,288,36,53,17,72,14,39,157,300,69,31,72,161,166,91,72,,,297,316,,,122,140,179,76,128,50,25,5,20,7,159,143,221,272,268,15,45,26,18,10,137,65,141,82,,327,,,b'\x11\xe8\xe1I\xcbF\x9e:\xaf\x82\x12\xdf\x17\xaeN\x1e'
11E8E149-CB46-9E3A-AF82-12DF17AE4E1E,2020-ncaa-d0-natl,ncaa,197,170,260,194,293,247,204,286,86,90,115,122,334,339,226,333,231,239,184,235,270,284,248,150,150,227,335,330,161,147,54,291,192,240,85,188,171,275,307,249,107,66,170,89,,,261,320,,,234,282,177,186,211,154,249,51,45,332,335,183,183,182,243,147,105,266,194,147,313,77,149,,301,,,236,143,114,36,298,93,14,322,187,182,178,272,250,285,75,281,343,50,69,308,309,261,275,202,278,79,192,14,54,23,85,161,217,141,81,133,221,249,64,44,,,237,171,,,234,75,201,258,237,234,179,58,147,29,229,235,286,304,300,105,155,137,36,42,216,91,253,92,,169,,,b'\x11\xe8\xe1I\xcbF\x9e:\xaf\x82\x12\xdf\x17\xaeN\x1e'
11E8E149-CB46-9E3A-AF82-12DF17AE4E1E,2020-ncaa-d1-conf-C-USA,ncaa,9,9,1,9,6,9,5,8,5,2,2,6,13,14,7,14,11,13,6,13,14,9,4,6,6,10,14,14,12,7,3,11,7,7,5,4,5,13,12,11,2,2,4,2,,,12,13,,,12,5,5,11,10,6,10,3,2,13,14,11,13,13,10,7,7,12,9,5,13,2,4,,12,,,12,11,11,5,13,7,1,14,13,13,12,14,11,12,10,12,14,7,8,14,14,13,14,13,12,7,7,3,3,3,5,13,14,6,5,12,12,10,5,3,,,11,12,,,12,11,10,13,12,11,11,3,5,1,13,12,11,12,11,4,8,4,2,2,13,6,10,5,,12,,,b'\x11\xe8\xe1I\xcbF\x9e:\xaf\x82\x12\xdf\x17\xaeN\x1e'
11E8E149-CB46-9E3A-AF82-12DF17AE4E1E,2020-ncaa-d1-conf-CUSA,ncaa,9,9,1,9,6,9,5,8,5,2,2,6,13,14,7,14,11,13,6,13,14,9,4,6,6,10,14,14,12,7,3,11,7,7,5,4,5,13,12,11,2,2,4,2,,,12,13,,,12,5,5,11,10,6,10,3,2,13,14,11,13,13,10,7,7,12,9,5,13,2,4,,12,,,12,11,11,5,13,7,1,14,13,13,12,14,11,12,10,12,14,7,8,14,14,13,14,13,12,7,7,3,3,3,5,13,14,6,5,12,12,10,5,3,,,11,12,,,12,11,10,13,12,11,11,3,5,1,13,12,11,12,11,4,8,4,2,2,13,6,10,5,,12,,,b'\x11\xe8\xe1I\xcbF\x9e:\xaf\x82\x12\xdf\x17\xaeN\x1e'
11E8E149-CB46-9E3A-AF82-12DF17AE4E1E,2020-ncaa-d1-natl,ncaa,177,170,128,182,202,210,156,231,83,55,53,120,329,334,249,333,188,196,182,195,272,230,169,158,157,218,340,333,160,106,63,264,206,211,106,137,164,292,293,240,61,51,156,96,,,304,317,,,225,206,172,201,208,145,239,45,41,334,334,184,180,181,234,142,104,275,208,139,298,55,161,,297,,,226,214,161,64,294,130,30,322,233,242,182,287,267,294,77,288,337,100,144,302,308,247,288,229,266,139,206,47,63,57,106,208,222,75,59,120,244,240,64,33,,,176,170,,,225,152,203,249,223,218,161,56,127,23,238,247,265,295,289,91,157,148,49,53,215,65,245,70,,163,,,b'\x11\xe8\xe1I\xcbF\x9e:\xaf\x82\x12\xdf\x17\xaeN\x1e'
11E8E149-CB46-9E3A-AF82-12DF17AE4E1E,2021-ncaa-d0-natl,ncaa,249,202,273,243,275,249,203,258,62,121,166,65,319,312,328,324,298,279,312,268,310,262,258,139,192,213,342,336,304,185,47,276,227,256,104,233,263,132,248,226,226,159,283,218,,,145,307,,,229,268,92,115,139,56,82,11,13,333,320,282,243,232,108,50,52,245,125,149,286,141,265,,309,,,240,107,88,67,255,62,49,245,232,171,320,316,161,148,217,150,323,71,74,306,317,276,332,320,251,85,227,59,47,63,104,101,187,212,96,122,110,181,51,36,,,281,293,,,229,77,190,270,246,279,204,136,86,32,324,310,297,283,288,179,244,197,98,116,207,73,228,86,,244,,,b'\x11\xe8\xe1I\xcbF\x9e:\xaf\x82\x12\xdf\x17\xaeN\x1e'
11E8E149-CB46-9E3A-AF82-12DF17AE4E1E,2021-ncaa-d1-conf-C-USA,ncaa,12,12,7,12,9,9,6,7,3,2,2,5,14,14,14,14,14,12,12,11,14,7,7,7,9,12,14,14,14,5,2,12,7,12,5,8,9,12,11,12,6,3,11,7,,,11,12,,,13,7,3,8,11,3,9,1,2,14,14,14,13,13,10,6,4,12,11,8,12,3,10,,12,,,13,9,6,4,12,3,1,11,14,12,13,13,12,11,12,11,14,5,8,13,13,13,14,14,11,4,7,3,2,4,5,8,11,2,3,4,12,13,8,5,,,9,14,,,13,8,12,12,13,10,7,4,3,1,14,12,13,12,12,5,5,3,3,3,10,2,13,8,,11,,,b'\x11\xe8\xe1I\xcbF\x9e:\xaf\x82\x12\xdf\x17\xaeN\x1e'
11E8E149-CB46-9E3A-AF82-12DF17AE4E1E,2021-ncaa-d1-conf-CUSA,ncaa,12,12,7,12,9,9,6,7,3,2,2,5,14,14,14,14,14,12,12,11,14,7,7,7,9,12,14,14,14,5,2,12,7,12,5,8,9,12,11,12,6,3,11,7,,,11,12,,,13,7,3,8,11,3,9,1,2,14,14,14,13,13,10,6,4,12,11,8,12,3,10,,12,,,13,9,6,4,12,3,1,11,14,12,13,13,12,11,12,11,14,5,8,13,13,13,14,14,11,4,7,3,2,4,5,8,11,2,3,4,12,13,8,5,,,9,14,,,13,8,12,12,13,10,7,4,3,1,14,12,13,12,12,5,5,3,3,3,10,2,13,8,,11,,,b'\x11\xe8\xe1I\xcbF\x9e:\xaf\x82\x12\xdf\x17\xaeN\x1e'
11E8E149-CB46-9E3A-AF82-12DF17AE4E1E,2021-ncaa-d1-natl,ncaa,230,201,259,237,265,239,200,239,80,111,149,74,318,308,338,324,285,267,315,260,308,247,247,160,217,230,342,337,290,164,52,273,239,250,118,232,278,142,244,241,222,164,282,221,,,163,310,,,233,256,106,118,153,70,87,12,14,335,321,278,232,218,108,56,50,260,146,174,277,143,271,,310,,,238,110,92,70,256,68,48,235,236,176,322,311,177,181,184,176,329,79,86,303,314,269,332,318,260,93,239,69,52,73,118,114,201,192,86,116,119,178,60,40,,,268,276,,,233,84,201,267,245,267,185,112,75,30,322,305,299,291,294,160,228,195,116,127,210,66,216,93,,220,,,b'\x11\xe8\xe1I\xcbF\x9e:\xaf\x82\x12\xdf\x17\xaeN\x1e'
11E8E149-CB46-9E3A-AF82-12DF17AE4E1E,2022-ncaa-d0-natl,ncaa,139,106,216,132,227,171,142,207,54,48,52,120,347,353,138,352,151,123,246,127,259,197,195,130,135,154,352,350,140,107,41,180,276,151,98,126,144,195,210,143,146,138,192,167,,,276,300,,,163,229,155,98,121,72,158,14,12,347,353,111,93,95,139,103,70,124,77,86,235,125,181,,313,,,165,149,102,149,93,102,108,178,177,260,42,277,275,272,232,277,308,179,174,110,137,156,277,191,300,285,276,40,41,111,98,169,250,207,209,207,131,149,190,84,,,196,196,,,163,134,132,190,160,204,153,226,139,121,203,303,300,298,301,258,258,304,45,166,202,179,172,222,,158,,,b'\x11\xe8\xe1I\xcbF\x9e:\xaf\x82\x12\xdf\x17\xaeN\x1e'
11E8E149-CB46-9E3A-AF82-12DF17AE4E1E,2022-ncaa-d1-conf-C-USA,ncaa,7,7,7,7,11,9,4,8,2,2,2,6,14,14,2,14,8,9,9,9,14,10,9,5,6,6,14,14,8,7,4,7,12,8,7,2,1,8,7,2,7,7,5,5,,,10,9,,,8,10,5,6,6,2,5,1,1,14,14,8,6,7,5,5,6,6,6,1,8,6,5,,12,,,8,7,7,8,5,5,4,6,11,10,4,10,9,9,12,9,10,9,7,4,5,6,9,10,9,13,12,1,4,5,7,11,13,10,10,12,4,4,12,8,,,12,13,,,8,5,5,9,7,9,8,9,7,7,11,11,12,12,13,11,11,14,2,7,12,9,5,12,,12,,,b'\x11\xe8\xe1I\xcbF\x9e:\xaf\x82\x12\xdf\x17\xaeN\x1e'
11E8E149-CB46-9E3A-AF82-12DF17AE4E1E,2022-ncaa-d1-conf-CUSA,ncaa,7,7,7,7,11,9,4,8,2,2,2,6,14,14,2,14,8,9,9,9,14,10,9,5,6,6,14,14,8,7,4,7,12,8,7,2,1,8,7,2,7,7,5,5,,,10,9,,,8,10,5,6,6,2,5,1,1,14,14,8,6,7,5,5,6,6,6,1,8,6,5,,12,,,8,7,7,8,5,5,4,6,11,10,4,10,9,9,12,9,10,9,7,4,5,6,9,10,9,13,12,1,4,5,7,11,13,10,10,12,4,4,12,8,,,12,13,,,8,5,5,9,7,9,8,9,7,7,11,11,12,12,13,11,11,14,2,7,12,9,5,12,,12,,,b'\x11\xe8\xe1I\xcbF\x9e:\xaf\x82\x12\xdf\x17\xaeN\x1e'
11E8E149-CB46-9E3A-AF82-12DF17AE4E1E,2022-ncaa-d1-natl,ncaa,120,106,146,122,167,141,106,159,56,36,29,131,341,351,152,350,124,90,279,93,243,149,137,136,144,160,351,349,144,66,32,142,272,96,87,104,132,246,208,143,112,122,170,153,,,309,305,,,152,171,158,112,131,70,158,14,14,344,351,117,79,83,131,91,55,129,57,72,239,111,174,,315,,,152,181,137,195,84,115,128,149,204,289,49,280,299,288,251,294,303,214,219,95,125,137,286,202,302,307,272,64,32,152,87,194,247,156,193,182,163,137,185,62,,,161,214,,,152,191,132,175,147,190,131,208,112,112,200,300,297,292,296,243,253,301,45,157,188,161,170,184,,163,,,b'\x11\xe8\xe1I\xcbF\x9e:\xaf\x82\x12\xdf\x17\xaeN\x1e'
11E8E149-CB46-9E3A-AF82-12DF17AE4E1E,2023-ncaa-d0-natl,ncaa,102,52,236,83,248,214,193,248,121,110,93,184,342,353,214,352,184,172,182,175,258,239,215,191,183,214,349,343,121,88,14,191,180,132,36,220,240,247,278,250,102,59,329,319,,,230,313,,,151,277,251,56,187,156,225,54,43,340,353,141,139,141,204,134,48,133,58,199,294,73,335,,287,,,149,54,37,75,92,16,32,80,279,250,278,328,104,132,70,130,275,75,93,144,135,103,345,348,189,141,180,13,14,26,36,138,284,172,104,143,107,136,37,18,,,208,168,,,151,86,169,119,149,100,70,104,15,35,317,302,155,184,184,102,139,201,22,46,190,125,160,50,,150,,,b'\x11\xe8\xe1I\xcbF\x9e:\xaf\x82\x12\xdf\x17\xaeN\x1e'
11E8E149-CB46-9E3A-AF82-12DF17AE4E1E,2023-ncaa-d1-conf-Sun Belt,ncaa,3,2,5,3,5,8,7,10,1,2,5,1,12,13,6,13,9,9,6,11,13,10,7,4,3,8,12,11,7,6,3,7,4,7,2,6,8,14,14,10,2,2,13,11,,,12,14,,,4,9,8,2,8,4,11,3,3,12,13,8,9,10,11,6,6,5,5,6,13,2,13,,13,,,4,2,2,3,5,2,2,3,11,10,11,13,8,8,4,8,11,3,5,6,6,3,14,14,9,4,4,1,3,1,2,8,12,5,3,5,9,10,2,3,,,11,10,,,4,6,7,3,4,3,2,3,1,2,12,9,5,8,8,3,7,4,1,1,8,5,8,2,,11,,,b'\x11\xe8\xe1I\xcbF\x9e:\xaf\x82\x12\xdf\x17\xaeN\x1e'
11E8E149-CB46-9E3A-AF82-12DF17AE4E1E,2023-ncaa-d1-natl,ncaa,81,52,151,70,169,191,167,208,121,77,70,187,337,353,201,352,131,136,171,137,234,186,154,191,179,209,342,341,103,60,16,175,194,118,41,207,250,287,278,258,65,40,326,321,,,265,304,,,141,217,238,67,190,164,235,56,43,337,352,112,123,124,203,134,53,165,73,209,293,57,332,,278,,,140,83,62,115,92,25,43,86,297,282,278,324,123,159,64,164,263,112,145,156,144,94,341,344,181,197,194,14,16,41,41,192,300,107,75,129,145,141,33,10,,,156,158,,,141,143,170,106,142,97,71,96,18,34,312,296,135,176,178,90,150,207,22,50,201,96,161,31,,141,,,b'\x11\xe8\xe1I\xcbF\x9e:\xaf\x82\x12\xdf\x17\xaeN\x1e'
11E8E149-CB46-9E3A-AF82-12DF17AE4E1E,2024-ncaa-d0-natl,ncaa,106,127,52,123,60,100,77,75,104,29,19,136,304,306,278,339,96,119,75,116,306,77,59,174,163,179,348,345,158,51,66,58,216,43,97,130,259,301,195,211,105,166,178,199,,,248,136,,,123,69,129,127,136,87,95,27,21,331,336,134,176,170,110,94,72,76,47,169,241,142,206,,169,,,123,252,237,301,57,179,221,113,292,331,65,307,231,252,123,249,211,299,304,76,74,81,285,277,202,325,216,235,66,285,97,261,240,94,162,166,210,122,93,17,,,109,224,,,123,290,156,115,128,159,133,244,88,123,249,308,176,189,186,246,256,279,128,209,183,142,147,64,,177,,,b'\x11\xe8\xe1I\xcbF\x9e:\xaf\x82\x12\xdf\x17\xaeN\x1e'
11E8E149-CB46-9E3A-AF82-12DF17AE4E1E,2024-ncaa-d1-conf-Sun Belt,ncaa,7,6,2,7,4,6,5,8,4,3,4,6,13,14,11,13,6,9,2,9,12,8,8,8,5,7,12,14,5,7,7,5,5,6,3,5,3,9,11,5,4,4,7,4,,,7,7,,,6,7,11,6,9,7,9,3,4,13,14,7,11,11,10,9,9,8,9,6,7,6,9,,3,,,6,6,6,7,3,6,6,9,9,12,6,14,6,5,9,3,9,7,8,5,5,6,10,10,9,6,5,5,7,3,3,12,14,7,5,7,6,6,5,4,,,9,10,,,6,7,6,6,6,3,3,4,3,4,8,10,3,5,3,5,4,5,3,2,8,9,5,4,,11,,,b'\x11\xe8\xe1I\xcbF\x9e:\xaf\x82\x12\xdf\x17\xaeN\x1e'
11E8E149-CB46-9E3A-AF82-12DF17AE4E1E,2024-ncaa-d1-natl,ncaa,108,129,38,127,47,96,75,59,103,25,18,136,304,306,270,337,99,124,67,120,309,66,47,176,162,179,350,344,162,53,76,59,215,38,100,131,260,311,200,217,110,166,178,201,,,253,132,,,127,56,127,128,135,93,103,26,26,326,332,137,183,178,118,95,80,79,54,175,242,146,206,,170,,,128,260,245,305,64,191,236,117,302,336,68,307,227,246,111,241,214,312,319,79,86,91,283,277,189,323,215,237,76,294,100,270,249,87,168,176,207,123,103,20,,,110,240,,,127,302,157,119,133,164,138,241,94,128,254,310,170,184,182,246,257,276,130,198,194,145,143,70,,185,,,b'\x11\xe8\xe1I\xcbF\x9e:\xaf\x82\x12\xdf\x17\xaeN\x1e'
11E8E149-CB46-9E3A-AF82-12DF17AE4E1E,2025-ncaa-d0-natl,genius_ncaa,296,292,248,301,290,274,238,281,176,246,221,240,214,282,48,223,342,331,329,331,329,299,283,171,214,254,222,145,334,281,275,254,332,267,308,195,128,241,306,226,261,255,300,311,,,110,144,,278,293,266,205,269,271,212,253,225,167,196,270,338,323,324,290,239,263,206,254,168,286,235,296,,169,,321,295,166,208,178,240,221,162,282,177,218,108,241,70,101,35,95,121,168,136,226,195,230,109,181,60,309,332,134,275,216,308,238,255,269,264,298,269,314,62,98,,,314,281,,211,293,86,272,297,301,256,296,291,296,242,229,275,120,146,140,271,244,342,207,300,299,237,305,98,,296,,189,b'\x11\xe8\xe1I\xcbF\x9e:\xaf\x82\x12\xdf\x17\xaeN\x1e'
11E8E149-CB46-9E3A-AF82-12DF17AE4E1E,2025-ncaa-d1-conf-Sun Belt,genius_ncaa,13,13,8,13,11,14,13,13,7,14,11,13,8,10,1,7,14,14,14,14,14,14,14,7,11,12,6,4,14,14,13,10,13,14,13,11,5,9,13,11,14,14,11,13,,,2,6,,13,13,14,14,11,14,13,13,12,10,8,10,14,14,14,14,14,14,7,13,10,12,14,11,,4,,14,13,2,4,7,5,7,7,6,3,7,2,8,1,1,2,1,1,4,5,4,4,4,1,4,2,10,13,7,13,10,13,6,10,10,9,11,10,11,4,5,,,14,12,,10,13,1,14,6,13,3,6,9,10,10,3,8,1,2,1,7,7,14,10,11,8,9,11,5,,14,,10,b'\x11\xe8\xe1I\xcbF\x9e:\xaf\x82\x12\xdf\x17\xaeN\x1e'
11E8E149-CB46-9E3A-AF82-12DF17AE4E1E,2025-ncaa-d1-natl,genius_ncaa,279,292,172,290,226,247,206,229,175,212,174,243,202,260,50,235,336,308,330,308,330,256,232,171,207,252,233,152,332,245,243,177,319,219,285,170,118,276,297,227,239,259,294,312,,,151,147,,297,289,207,194,269,262,202,248,209,154,198,271,336,309,311,277,232,239,156,219,155,285,241,295,,171,,310,285,205,244,232,209,263,218,270,194,249,93,226,121,142,56,135,133,225,198,205,169,221,115,171,86,321,319,185,243,261,285,284,264,255,271,305,288,316,106,116,,,267,273,,207,289,148,267,279,289,243,279,289,287,248,210,272,137,162,154,274,239,333,204,293,301,244,301,127,,281,,208,b'\x11\xe8\xe1I\xcbF\x9e:\xaf\x82\x12\xdf\x17\xaeN\x1e'
11E8E149-CB46-9E3A-AF82-12DF17AE4E1E,2026-ncaa-d0-natl,genius_ncaa,123,80,206,123,216,144,135,155,126,157,170,174,79,114,52,113,266,261,220,263,309,163,212,102,123,78,128,60,331,144,170,191,96,179,157,206,332,40,35,112,170,133,262,256,,,113,124,,118,132,219,94,97,58,40,20,101,95,34,53,256,248,257,41,86,88,121,92,180,53,121,264,,139,,143,131,189,182,132,274,172,115,286,232,197,245,250,180,156,268,155,211,135,129,286,286,284,207,235,156,71,96,212,170,162,157,203,192,234,210,248,35,41,59,57,,,312,354,,355,132,144,69,256,140,273,263,209,249,147,282,264,218,195,195,217,196,95,314,243,254,199,50,69,,333,,355,b'\x11\xe8\xe1I\xcbF\x9e:\xaf\x82\x12\xdf\x17\xaeN\x1e'
11E8E149-CB46-9E3A-AF82-12DF17AE4E1E,2026-ncaa-d1-natl,genius_ncaa,74,80,85,97,117,44,41,45,74,62,56,127,34,76,25,159,171,171,191,171,308,56,89,62,74,48,158,84,327,85,170,84,91,71,142,132,337,75,22,72,123,157,209,251,,,168,87,,201,95,98,89,100,30,29,21,53,61,37,86,226,219,225,36,92,97,93,78,160,32,144,251,,109,,160,97,302,299,269,248,258,225,241,308,293,263,252,241,208,305,207,183,263,250,263,273,280,228,254,149,148,91,297,170,261,142,296,220,168,239,268,63,33,83,38,,,249,350,,354,95,267,39,247,103,276,272,251,230,177,299,277,214,158,162,242,215,106,269,206,276,216,44,54,,325,,357,b'\x11\xe8\xe1I\xcbF\x9e:\xaf\x82\x12\xdf\x17\xaeN\x1e'
11E8E149-CB4A-F2E6-AF82-12DF17AE4E1E,2010-ncaa-d0-natl,ncaa,60,36,122,45,166,230,223,125,307,165,82,306,286,259,307,272,180,121,315,118,202,127,91,315,319,314,263,275,119,45,84,193,144,114,145,247,258,310,264,300,12,7,140,100,,,334,341,,,97,122,101,279,271,265,120,182,68,292,267,197,116,114,119,55,31,234,105,273,295,6,150,,333,,,98,21,6,23,26,16,57,31,19,26,40,40,316,334,37,334,342,69,180,15,43,5,277,34,344,104,144,272,84,213,145,41,296,12,3,5,265,213,245,185,,,194,300,,,97,199,299,5,109,12,3,4,9,28,13,16,313,328,328,15,172,82,272,216,44,4,247,238,,229,,,b'\x11\xe8\xe1I\xcbJ\xf2\xe6\xaf\x82\x12\xdf\x17\xaeN\x1e'
11E8E149-CB4A-F2E6-AF82-12DF17AE4E1E,2010-ncaa-d1-conf-SWAC,ncaa,1,1,1,1,2,1,1,1,6,2,2,6,2,3,4,3,8,8,8,8,10,1,1,5,6,6,9,2,10,1,5,2,2,1,2,1,6,9,5,4,1,1,4,3,,,9,9,,,1,1,7,9,6,3,2,4,4,3,4,10,9,9,5,4,5,2,3,4,6,2,5,,7,,,2,2,1,6,1,3,7,2,2,4,3,3,5,7,3,7,6,6,8,1,1,1,7,4,9,5,2,9,5,9,2,4,7,2,2,1,7,4,7,4,,,10,10,,,1,9,4,1,2,1,1,3,2,3,2,2,5,5,5,1,4,3,6,5,2,3,4,3,,10,,,b'\x11\xe8\xe1I\xcbJ\xf2\xe6\xaf\x82\x12\xdf\x17\xaeN\x1e'
11E8E149-CB4A-F2E6-AF82-12DF17AE4E1E,2010-ncaa-d1-natl,ncaa,46,36,91,42,130,209,198,99,302,144,61,303,279,254,304,274,162,98,310,100,208,93,56,306,314,310,268,276,122,36,85,184,167,94,162,229,250,319,259,299,7,7,140,107,,,341,341,,,87,84,95,280,267,250,116,170,59,294,269,187,112,112,112,48,31,243,114,271,295,5,158,,333,,,92,21,4,25,28,18,74,32,20,28,31,43,320,334,40,333,342,77,226,16,42,3,276,36,344,149,167,301,85,254,162,56,295,7,3,4,266,207,241,171,,,167,298,,,87,237,298,4,100,12,3,4,9,28,14,20,312,326,326,16,179,119,269,230,45,4,242,222,,220,,,b'\x11\xe8\xe1I\xcbJ\xf2\xe6\xaf\x82\x12\xdf\x17\xaeN\x1e'
11E8E149-CB4A-F2E6-AF82-12DF17AE4E1E,2010-ncaa-d1-ncaatournament,ncaa,33,2,33,33,34,62,61,40,62,61,48,62,44,36,54,9,58,61,54,61,61,44,47,63,64,64,21,10,53,47,60,64,63,64,64,60,51,8,21,56,43,30,41,34,,,14,42,,,64,45,19,9,62,61,12,61,38,28,9,58,61,61,28,32,34,64,64,60,22,24,32,,39,,,64,33,29,6,64,19,7,64,34,16,63,36,35,26,57,24,56,6,19,64,64,64,50,46,49,12,63,33,60,30,64,42,64,35,5,48,19,47,34,58,,,62,63,,,64,22,64,64,64,64,60,8,46,11,57,30,58,53,51,16,40,27,64,62,64,5,43,55,,62,,,b'\x11\xe8\xe1I\xcbJ\xf2\xe6\xaf\x82\x12\xdf\x17\xaeN\x1e'
11E8E149-CB4A-F2E6-AF82-12DF17AE4E1E,2011-ncaa-d0-natl,ncaa,99,83,119,101,124,242,228,100,322,121,40,320,332,308,338,330,146,88,316,94,242,93,80,335,333,329,323,333,68,25,53,164,96,64,85,234,208,253,191,263,48,37,93,69,,,296,315,,,174,132,179,31,277,258,86,137,14,336,320,157,82,87,69,60,4,190,35,256,238,42,95,,299,,,174,56,20,42,48,25,100,19,86,46,287,61,304,318,112,313,317,93,181,47,103,31,312,139,338,101,96,296,53,240,85,66,238,39,19,22,207,166,101,36,,,124,202,,,174,203,298,29,183,58,15,17,24,64,84,29,294,302,299,48,139,84,296,224,56,30,200,92,,125,,,b'\x11\xe8\xe1I\xcbJ\xf2\xe6\xaf\x82\x12\xdf\x17\xaeN\x1e'
11E8E149-CB4A-F2E6-AF82-12DF17AE4E1E,2011-ncaa-d1-conf-SWAC,ncaa,1,1,1,1,1,2,1,1,4,1,1,5,8,8,8,9,4,1,8,2,9,1,1,6,6,5,9,9,9,1,2,3,2,1,1,1,4,4,2,1,1,2,1,2,,,7,5,,,2,2,8,3,4,1,2,1,1,8,8,7,6,6,2,4,1,5,1,2,2,3,2,,3,,,2,5,4,7,2,2,5,2,8,7,7,9,5,5,5,5,7,7,7,4,2,2,10,9,8,3,2,10,2,7,1,8,7,1,2,3,4,2,3,1,,,3,9,,,2,8,2,2,2,2,2,2,2,1,8,5,2,4,4,1,1,2,6,3,3,3,3,2,,7,,,b'\x11\xe8\xe1I\xcbJ\xf2\xe6\xaf\x82\x12\xdf\x17\xaeN\x1e'
11E8E149-CB4A-F2E6-AF82-12DF17AE4E1E,2011-ncaa-d1-natl,ncaa,90,82,95,95,99,222,205,79,315,106,28,314,332,306,338,327,144,91,310,94,251,78,65,333,334,326,327,332,90,18,47,129,116,46,84,217,195,276,197,252,44,38,89,74,,,321,320,,,171,103,169,33,274,249,80,127,14,336,317,167,93,102,66,46,6,180,29,243,244,45,96,,307,,,172,75,17,63,38,27,128,16,87,44,281,50,313,321,92,320,320,120,221,41,83,24,311,125,340,129,116,308,47,263,84,74,240,32,21,22,240,182,106,35,,,110,222,,,171,235,295,28,175,59,14,21,25,80,80,28,298,309,307,58,158,106,291,228,56,32,215,93,,137,,,b'\x11\xe8\xe1I\xcbJ\xf2\xe6\xaf\x82\x12\xdf\x17\xaeN\x1e'
11E8E149-CB4A-F2E6-AF82-12DF17AE4E1E,2012-ncaa-d0-natl,ncaa,221,107,340,185,341,333,335,337,277,303,274,305,331,335,215,324,228,230,182,227,126,333,338,305,279,281,257,318,18,313,207,318,119,328,165,338,320,50,255,314,269,160,147,63,,,56,294,,,185,338,159,341,276,291,256,192,91,323,326,79,62,60,219,192,202,137,176,322,244,168,68,,279,,,187,2,2,3,70,4,8,87,6,12,33,55,108,172,14,179,317,4,5,50,65,62,167,44,320,8,119,11,207,6,165,5,52,290,128,40,109,280,13,33,,,307,90,,,185,5,288,55,191,87,44,70,106,148,31,56,287,313,313,139,157,139,190,168,34,135,273,58,,115,,,b'\x11\xe8\xe1I\xcbJ\xf2\xe6\xaf\x82\x12\xdf\x17\xaeN\x1e'
11E8E149-CB4A-F2E6-AF82-12DF17AE4E1E,2012-ncaa-d1-conf-SWAC,ncaa,3,2,6,3,10,6,7,6,5,6,4,4,10,10,8,10,4,6,3,6,7,6,8,7,7,6,9,10,4,8,7,6,2,5,5,7,7,3,5,6,5,4,2,1,,,4,6,,,5,7,4,10,5,6,5,5,2,10,10,4,5,5,5,6,6,4,4,6,5,5,2,,5,,,4,1,2,1,4,3,2,6,4,4,2,6,5,6,1,6,7,1,4,5,5,4,5,4,6,1,2,5,7,5,5,5,7,7,4,3,4,6,1,1,,,6,5,,,5,4,7,3,5,3,3,3,4,4,4,7,6,7,7,3,6,3,8,7,6,6,5,1,,5,,,b'\x11\xe8\xe1I\xcbJ\xf2\xe6\xaf\x82\x12\xdf\x17\xaeN\x1e'
11E8E149-CB4A-F2E6-AF82-12DF17AE4E1E,2012-ncaa-d1-natl,ncaa,208,107,343,172,343,331,335,340,277,305,268,302,330,336,233,325,231,212,230,205,127,337,340,305,284,286,271,319,21,303,202,317,126,325,168,338,308,64,256,314,268,168,128,58,,,80,299,,,189,340,156,341,273,290,247,180,82,324,326,82,60,55,212,182,196,136,173,318,245,178,59,,284,,,192,3,2,1,55,5,7,64,5,10,27,53,148,213,16,219,326,2,1,39,56,60,182,37,323,12,126,16,202,3,168,2,51,286,134,40,128,277,8,29,,,298,80,,,189,1,294,55,198,84,39,73,92,150,28,53,294,319,320,145,157,143,199,177,23,145,266,47,,99,,,b'\x11\xe8\xe1I\xcbJ\xf2\xe6\xaf\x82\x12\xdf\x17\xaeN\x1e'
11E8E149-CB4A-F2E6-AF82-12DF17AE4E1E,2013-ncaa-d0-natl,ncaa,196,197,183,203,201,246,229,220,235,151,108,243,313,307,296,301,185,182,206,193,245,214,244,278,275,251,303,308,107,250,261,257,292,273,299,285,291,88,144,246,234,245,260,269,,,270,307,,,230,220,210,98,258,234,206,136,82,317,309,174,172,176,198,236,245,268,273,292,113,230,250,,295,,,228,121,99,87,201,215,171,234,9,38,14,37,290,321,7,323,325,138,148,140,149,135,63,11,314,234,292,201,261,219,299,35,23,172,133,54,170,212,19,15,,,191,126,,,230,127,258,164,230,158,138,88,238,192,13,38,293,327,327,170,184,257,241,264,46,150,190,26,,177,,,b'\x11\xe8\xe1I\xcbJ\xf2\xe6\xaf\x82\x12\xdf\x17\xaeN\x1e'
11E8E149-CB4A-F2E6-AF82-12DF17AE4E1E,2013-ncaa-d1-conf-SWAC,ncaa,4,2,6,4,7,6,6,7,3,3,4,3,9,8,8,8,7,7,3,7,7,6,8,5,5,3,8,9,6,9,9,7,7,9,8,6,8,1,1,4,8,8,7,7,,,3,3,,,3,8,8,4,5,5,3,1,2,9,8,5,4,4,2,7,9,5,8,4,1,8,6,,4,,,3,4,4,3,5,4,4,6,3,5,2,6,5,3,4,4,4,3,3,6,3,3,4,4,4,6,7,8,9,9,8,1,2,8,7,4,1,3,1,1,,,6,3,,,3,3,4,6,3,5,7,5,7,5,3,6,5,5,5,6,5,7,9,9,2,8,2,1,,3,,,b'\x11\xe8\xe1I\xcbJ\xf2\xe6\xaf\x82\x12\xdf\x17\xaeN\x1e'
11E8E149-CB4A-F2E6-AF82-12DF17AE4E1E,2013-ncaa-d1-natl,ncaa,201,196,210,206,229,262,249,242,242,167,123,249,317,313,296,301,198,195,205,204,241,238,267,278,276,256,301,309,103,262,266,279,295,293,302,294,296,76,145,252,251,255,271,272,,,263,307,,,238,250,209,94,261,238,213,145,86,318,311,176,170,177,205,238,250,272,275,297,115,235,256,,299,,,238,103,87,59,205,200,139,238,9,24,14,36,286,316,8,317,325,107,117,143,154,145,65,12,314,223,295,184,266,204,302,28,26,184,139,60,159,216,15,16,,,213,128,,,238,96,264,171,239,161,142,88,245,194,15,38,297,327,326,170,183,256,242,265,50,151,190,27,,174,,,b'\x11\xe8\xe1I\xcbJ\xf2\xe6\xaf\x82\x12\xdf\x17\xaeN\x1e'
11E8E149-CB4A-F2E6-AF82-12DF17AE4E1E,2014-ncaa-d0-natl,ncaa,116,27,345,62,345,260,277,306,177,202,192,224,321,328,230,322,105,83,257,86,61,277,273,238,206,225,260,317,16,223,148,303,292,288,229,287,258,145,222,273,160,119,301,287,,,211,315,,,142,282,14,82,77,114,79,53,22,296,303,11,5,5,33,17,108,131,106,218,299,72,263,,343,,,139,31,20,19,143,70,64,176,9,17,15,42,266,330,2,330,342,43,72,97,111,74,124,15,335,177,292,48,148,81,229,21,113,154,91,50,247,297,15,15,,,148,39,,,142,50,221,112,159,256,189,208,257,278,36,80,338,348,348,318,339,328,265,307,139,45,332,44,,4,,,b'\x11\xe8\xe1I\xcbJ\xf2\xe6\xaf\x82\x12\xdf\x17\xaeN\x1e'
11E8E149-CB4A-F2E6-AF82-12DF17AE4E1E,2014-ncaa-d1-conf-SWAC,ncaa,1,1,3,1,5,4,4,3,4,4,3,5,6,7,3,8,2,2,4,2,2,4,5,4,3,2,2,7,2,5,5,4,6,5,5,3,3,4,2,3,5,6,7,7,,,9,8,,,2,5,4,9,2,3,4,3,3,6,8,2,2,2,4,3,5,4,4,3,3,5,7,,9,,,2,4,4,6,6,6,6,6,3,6,2,5,6,9,1,9,9,7,5,6,3,6,4,3,5,6,6,7,5,7,5,6,7,5,6,6,7,6,2,2,,,3,1,,,2,5,1,7,3,6,5,6,6,5,4,6,5,9,9,8,6,6,7,7,6,7,7,3,,2,,,b'\x11\xe8\xe1I\xcbJ\xf2\xe6\xaf\x82\x12\xdf\x17\xaeN\x1e'
11E8E149-CB4A-F2E6-AF82-12DF17AE4E1E,2014-ncaa-d1-natl,ncaa,93,27,333,54,334,204,211,254,142,128,134,173,317,322,246,320,69,46,287,47,61,205,190,210,186,208,284,320,27,185,145,259,288,241,223,248,233,199,214,251,126,113,270,267,,,278,316,,,124,199,15,83,66,86,75,33,23,301,302,16,5,5,32,16,106,118,96,178,295,72,250,,343,,,121,72,36,41,126,95,96,156,13,39,16,51,308,339,2,337,344,106,143,82,95,64,160,23,337,240,288,98,145,161,223,39,116,116,88,41,284,294,16,11,,,78,30,,,124,117,205,96,144,241,158,199,230,261,42,88,340,348,348,318,339,328,262,308,120,41,329,34,,4,,,b'\x11\xe8\xe1I\xcbJ\xf2\xe6\xaf\x82\x12\xdf\x17\xaeN\x1e'
11E8E149-CB4A-F2E6-AF82-12DF17AE4E1E,2015-ncaa-d0-natl,ncaa,97,50,243,75,272,201,176,205,141,86,100,139,320,306,323,312,146,129,220,131,202,188,150,216,211,241,321,331,103,140,107,278,278,221,191,171,170,271,273,237,112,95,275,263,,,318,339,,,104,172,39,283,153,119,124,39,34,321,302,106,78,80,103,41,90,253,162,130,314,76,268,,342,,,99,44,22,25,139,57,72,124,16,18,102,31,281,334,1,334,342,57,159,98,108,20,199,39,338,193,278,94,107,119,191,40,159,29,9,13,233,230,28,15,,,87,61,,,104,161,230,28,117,92,40,30,97,112,22,27,310,342,342,98,292,255,159,202,77,9,265,39,,20,,,b'\x11\xe8\xe1I\xcbJ\xf2\xe6\xaf\x82\x12\xdf\x17\xaeN\x1e'
11E8E149-CB4A-F2E6-AF82-12DF17AE4E1E,2015-ncaa-d1-conf-SWAC,ncaa,1,2,2,2,3,1,1,3,2,1,1,2,7,9,4,10,5,5,3,5,9,4,4,2,2,2,10,8,8,4,4,2,3,4,3,1,4,4,2,1,3,4,6,5,,,8,9,,,2,4,6,7,2,1,3,1,1,7,10,5,5,5,3,3,4,3,5,2,3,4,6,,7,,,2,2,2,2,3,2,3,2,5,3,8,3,7,8,1,8,9,3,7,3,3,2,9,7,8,5,3,3,4,3,3,3,5,2,1,1,3,1,2,2,,,4,5,,,2,7,2,2,2,2,1,1,1,1,3,2,6,7,7,1,3,3,3,3,2,3,1,2,,5,,,b'\x11\xe8\xe1I\xcbJ\xf2\xe6\xaf\x82\x12\xdf\x17\xaeN\x1e'
11E8E149-CB4A-F2E6-AF82-12DF17AE4E1E,2015-ncaa-d1-natl,ncaa,92,50,209,72,275,187,167,188,152,80,80,153,317,309,315,313,125,114,209,111,193,174,128,224,216,242,314,332,82,114,94,278,289,206,197,167,173,291,269,245,110,102,271,269,,,321,338,,,98,146,37,285,147,124,115,44,34,313,302,88,62,63,96,35,80,249,153,133,313,78,272,,341,,,92,47,24,25,118,62,91,111,12,16,79,30,295,337,3,335,339,65,187,87,95,21,182,30,338,210,289,113,94,160,197,38,147,29,13,10,241,224,34,17,,,67,49,,,98,180,229,28,115,92,40,35,98,125,18,25,312,342,341,108,294,268,166,219,73,11,266,45,,14,,,b'\x11\xe8\xe1I\xcbJ\xf2\xe6\xaf\x82\x12\xdf\x17\xaeN\x1e'
11E8E149-CB4A-F2E6-AF82-12DF17AE4E1E,2016-ncaa-d0-natl,ncaa,136,87,240,117,272,232,165,169,161,77,55,180,339,334,332,338,294,238,339,240,320,181,163,254,280,277,345,339,279,185,190,251,120,238,187,201,228,249,248,238,45,20,233,203,,,296,328,,,155,160,40,209,201,103,80,30,10,336,330,282,220,221,98,52,158,219,181,164,291,15,216,,326,,,153,57,24,18,142,72,64,176,9,19,23,28,334,342,75,342,347,52,140,80,152,48,183,13,347,44,120,182,190,112,187,67,214,36,12,17,282,278,55,19,,,272,313,,,155,172,285,39,165,109,48,24,129,101,16,22,342,347,347,90,262,84,263,186,93,11,304,87,,252,,,b'\x11\xe8\xe1I\xcbJ\xf2\xe6\xaf\x82\x12\xdf\x17\xaeN\x1e'
11E8E149-CB4A-F2E6-AF82-12DF17AE4E1E,2016-ncaa-d1-conf-SWAC,ncaa,2,2,1,2,2,2,1,1,1,1,1,2,7,7,6,8,9,7,9,8,10,2,2,2,3,4,10,8,10,4,4,2,2,3,3,1,4,6,4,3,1,1,4,4,,,8,7,,,2,1,4,4,2,1,3,1,2,7,9,10,9,9,4,3,5,6,4,1,5,1,4,,6,,,2,3,2,2,3,2,2,3,4,5,4,7,8,8,4,8,10,4,10,3,3,2,10,7,9,1,2,8,4,3,3,4,6,1,1,1,8,6,5,1,,,8,10,,,2,10,3,2,3,2,2,1,2,1,4,5,7,7,7,2,3,1,3,3,3,2,7,2,,9,,,b'\x11\xe8\xe1I\xcbJ\xf2\xe6\xaf\x82\x12\xdf\x17\xaeN\x1e'
11E8E149-CB4A-F2E6-AF82-12DF17AE4E1E,2016-ncaa-d1-natl,ncaa,114,87,142,104,197,195,131,100,173,45,28,191,334,329,336,338,261,178,344,179,309,118,89,264,290,288,345,339,273,135,186,204,125,170,192,177,234,291,240,243,18,13,157,136,,,330,330,,,144,81,30,235,196,103,62,30,8,338,328,271,174,175,74,41,126,205,160,174,293,13,158,,331,,,143,91,28,29,118,97,105,146,9,20,22,26,341,347,43,348,348,110,224,63,122,35,181,11,348,88,125,274,186,215,192,79,219,16,10,10,312,278,71,15,,,212,291,,,144,250,288,25,156,101,34,22,113,110,15,21,340,348,348,97,270,100,285,218,90,8,307,77,,206,,,b'\x11\xe8\xe1I\xcbJ\xf2\xe6\xaf\x82\x12\xdf\x17\xaeN\x1e'
11E8E149-CB4A-F2E6-AF82-12DF17AE4E1E,2017-ncaa-d0-natl,ncaa,197,126,321,184,328,284,213,262,129,99,80,169,344,347,292,344,329,322,283,324,345,280,273,237,263,266,348,345,304,260,230,255,249,268,239,189,145,172,254,195,123,81,162,154,,,209,280,,,199,271,43,91,190,88,72,17,4,339,343,305,285,293,118,65,190,94,130,107,285,59,110,,324,,,199,32,14,29,91,77,161,59,5,8,105,6,287,328,10,328,326,59,80,46,62,50,98,10,343,175,249,88,230,109,239,66,236,153,92,85,189,257,68,41,,,313,297,,,199,74,276,66,202,173,107,165,216,318,15,13,333,344,344,276,321,299,259,289,160,51,279,148,,238,,,b'\x11\xe8\xe1I\xcbJ\xf2\xe6\xaf\x82\x12\xdf\x17\xaeN\x1e'
11E8E149-CB4A-F2E6-AF82-12DF17AE4E1E,2017-ncaa-d1-conf-SWAC,ncaa,4,4,3,4,4,3,2,2,1,1,1,1,9,10,9,10,9,9,3,9,10,3,3,2,3,3,10,10,10,8,8,2,4,4,4,2,3,6,5,2,3,3,2,2,,,6,4,,,4,2,2,3,2,1,4,1,1,9,10,9,9,9,5,5,8,1,4,1,5,4,3,,5,,,4,6,3,9,2,4,9,1,5,5,6,3,9,9,4,9,6,10,9,2,2,2,9,5,9,10,4,6,8,9,4,8,9,3,8,7,8,7,4,2,,,9,9,,,4,9,5,2,4,4,3,8,3,8,5,3,8,8,8,9,9,9,4,5,7,6,6,3,,9,,,b'\x11\xe8\xe1I\xcbJ\xf2\xe6\xaf\x82\x12\xdf\x17\xaeN\x1e'
11E8E149-CB4A-F2E6-AF82-12DF17AE4E1E,2017-ncaa-d1-natl,ncaa,194,126,336,175,338,290,210,265,134,88,69,180,346,347,302,343,334,323,275,324,344,286,282,246,266,267,348,345,302,257,226,260,259,274,238,191,152,178,256,200,118,80,165,152,,,231,292,,,204,276,53,94,200,97,73,21,4,342,341,306,290,296,116,66,183,112,130,110,283,62,112,,324,,,208,30,14,23,91,81,146,58,9,7,117,7,289,329,13,329,327,54,81,50,66,58,116,11,343,191,259,100,226,131,238,63,231,147,89,82,192,256,93,59,,,317,300,,,204,61,280,74,208,168,102,148,207,309,18,15,334,344,344,262,319,302,248,286,156,51,277,172,,241,,,b'\x11\xe8\xe1I\xcbJ\xf2\xe6\xaf\x82\x12\xdf\x17\xaeN\x1e'
11E8E149-CB4A-F2E6-AF82-12DF17AE4E1E,2018-ncaa-d0-natl,ncaa,149,129,164,149,241,155,151,108,228,102,73,221,255,215,293,263,122,90,249,100,200,100,119,265,264,222,272,283,106,76,137,298,310,202,272,170,209,102,75,138,52,55,242,249,,,322,321,,,146,147,63,347,129,131,55,71,45,255,214,104,79,87,51,61,53,315,192,157,120,42,245,,331,,,145,139,115,71,253,243,168,297,10,25,10,23,313,332,40,335,326,128,222,170,202,78,51,6,326,249,310,256,137,269,272,71,68,26,20,15,95,80,75,37,,,86,101,,,146,210,183,93,140,162,143,64,264,189,13,28,321,329,331,132,284,272,281,291,90,17,111,80,,51,,,b'\x11\xe8\xe1I\xcbJ\xf2\xe6\xaf\x82\x12\xdf\x17\xaeN\x1e'
11E8E149-CB4A-F2E6-AF82-12DF17AE4E1E,2018-ncaa-d1-conf-SWAC,ncaa,1,1,1,1,2,2,2,1,3,3,2,4,3,2,5,3,3,2,4,2,6,1,3,3,4,2,8,6,6,2,5,7,7,2,6,1,3,2,1,1,3,3,6,7,,,8,7,,,1,4,5,10,4,3,3,3,2,5,3,5,6,6,3,5,3,8,7,2,1,4,7,,7,,,1,6,7,6,8,7,8,8,1,4,1,4,3,5,1,5,5,6,7,7,5,2,2,3,5,8,7,8,5,8,6,3,1,1,2,1,3,2,3,1,,,2,5,,,1,7,1,2,2,2,5,2,6,3,1,4,3,4,4,2,5,4,4,5,1,3,2,2,,4,,,b'\x11\xe8\xe1I\xcbJ\xf2\xe6\xaf\x82\x12\xdf\x17\xaeN\x1e'
11E8E149-CB4A-F2E6-AF82-12DF17AE4E1E,2018-ncaa-d1-natl,ncaa,150,129,144,149,212,140,140,88,234,91,57,209,271,210,316,267,115,90,245,94,197,88,94,274,273,225,293,293,103,60,128,298,306,201,270,165,212,104,73,139,54,60,235,245,,,334,329,,,147,115,59,347,130,128,50,64,39,270,211,101,77,85,46,55,50,315,188,154,118,44,243,,337,,,146,151,122,70,263,250,169,293,11,27,11,21,323,335,34,336,328,128,245,173,209,79,56,4,330,260,306,274,128,280,270,65,65,28,18,18,94,69,64,34,,,69,88,,,147,238,188,90,144,170,143,61,260,186,13,26,325,334,337,130,287,271,284,290,84,17,101,73,,42,,,b'\x11\xe8\xe1I\xcbJ\xf2\xe6\xaf\x82\x12\xdf\x17\xaeN\x1e'
11E8E149-CB4A-F2E6-AF82-12DF17AE4E1E,2019-ncaa-d0-natl,ncaa,136,93,249,124,281,292,290,289,270,247,220,257,298,282,313,253,206,133,320,131,84,270,239,288,294,306,250,269,73,182,142,306,241,270,217,283,215,289,315,313,128,83,311,290,,,347,350,,,242,263,135,272,290,293,281,233,173,294,265,168,88,81,235,145,131,308,250,273,310,94,307,,348,,,243,66,31,11,270,124,46,307,2,12,10,12,333,350,4,350,351,43,86,204,222,102,97,5,348,95,241,91,142,79,217,39,121,67,22,21,237,258,127,160,,,127,47,,,242,84,297,107,244,124,62,5,188,59,4,11,342,349,349,55,173,154,157,157,66,39,264,166,,49,,,b'\x11\xe8\xe1I\xcbJ\xf2\xe6\xaf\x82\x12\xdf\x17\xaeN\x1e'
11E8E149-CB4A-F2E6-AF82-12DF17AE4E1E,2019-ncaa-d1-conf-SWAC,ncaa,1,1,1,1,2,4,4,2,6,4,3,6,5,3,7,6,4,3,6,2,7,2,3,6,6,4,6,7,7,2,4,4,1,2,3,4,4,4,3,4,4,4,8,7,,,10,10,,,3,4,9,9,4,5,6,4,6,6,5,5,8,7,6,8,3,8,5,5,3,5,8,,10,,,3,4,3,1,6,3,1,8,3,5,1,5,10,10,4,10,10,3,6,5,7,3,7,4,10,1,1,6,4,3,3,3,4,2,1,1,3,2,4,4,,,2,2,,,3,7,4,2,3,1,1,1,1,1,2,4,9,10,10,1,1,1,4,1,1,5,2,4,,3,,,b'\x11\xe8\xe1I\xcbJ\xf2\xe6\xaf\x82\x12\xdf\x17\xaeN\x1e'
11E8E149-CB4A-F2E6-AF82-12DF17AE4E1E,2019-ncaa-d1-natl,ncaa,106,108,62,112,100,204,195,139,262,157,119,256,232,192,281,227,170,95,324,91,106,128,68,268,284,293,227,238,134,65,98,209,230,132,172,197,196,338,314,295,60,61,257,259,,,350,350,,,213,77,118,272,270,262,230,221,162,258,227,205,116,113,204,115,90,287,201,247,311,67,275,,347,,,213,175,99,61,233,203,140,285,14,31,11,19,348,351,3,351,350,175,268,170,188,75,119,9,347,217,230,216,98,218,172,79,117,21,22,18,281,232,166,136,,,52,82,,,213,272,277,75,215,110,43,8,153,58,6,15,336,348,348,59,188,150,149,150,58,32,248,146,,67,,,b'\x11\xe8\xe1I\xcbJ\xf2\xe6\xaf\x82\x12\xdf\x17\xaeN\x1e'
11E8E149-CB4A-F2E6-AF82-12DF17AE4E1E,2019-ncaa-d1-ncaatournament,ncaa,33,2,33,33,36,60,61,58,59,56,50,61,55,58,31,43,39,46,2,45,33,56,41,62,56,62,12,29,4,60,60,48,55,54,59,61,59,42,64,64,50,47,44,54,,,33,61,,,63,33,1,7,60,61,56,56,42,44,47,23,37,36,54,13,59,45,53,61,64,35,38,,64,,,63,31,30,28,59,35,31,60,1,3,8,2,48,47,35,48,61,32,32,53,54,57,14,1,61,28,55,25,60,30,59,7,3,49,44,23,49,63,12,25,,,57,57,,,63,32,63,58,63,63,62,51,64,62,2,5,64,64,64,64,64,54,56,62,17,31,64,21,,55,,,b'\x11\xe8\xe1I\xcbJ\xf2\xe6\xaf\x82\x12\xdf\x17\xaeN\x1e'
11E8E149-CB4A-F2E6-AF82-12DF17AE4E1E,2020-ncaa-d0-natl,ncaa,182,150,260,174,309,289,298,310,238,249,209,275,281,309,160,288,171,97,304,100,90,283,274,262,262,264,214,257,47,193,81,348,256,342,195,323,306,195,247,304,99,45,329,313,,,312,346,,,170,292,214,340,258,276,292,217,160,274,298,116,61,62,241,206,152,348,337,319,237,75,326,,334,,,170,31,24,4,259,75,41,236,7,7,132,23,247,289,57,285,330,12,37,207,240,75,109,19,335,31,256,15,81,12,195,65,205,40,13,21,153,218,257,259,,,129,40,,,170,53,259,62,172,60,36,2,121,59,11,4,284,309,305,10,82,49,41,29,88,25,206,281,,60,,,b'\x11\xe8\xe1I\xcbJ\xf2\xe6\xaf\x82\x12\xdf\x17\xaeN\x1e'
11E8E149-CB4A-F2E6-AF82-12DF17AE4E1E,2020-ncaa-d1-conf-SWAC,ncaa,3,3,1,3,8,4,5,6,4,6,7,4,2,6,1,5,4,4,5,4,3,6,7,3,3,3,4,4,4,7,3,8,3,6,3,6,10,2,3,5,4,3,8,7,,,6,10,,,3,7,8,10,4,5,8,6,7,2,6,4,4,4,7,8,7,9,7,8,2,4,8,,6,,,3,1,1,1,3,2,1,3,1,1,1,7,3,4,3,4,8,1,1,3,3,2,6,3,9,1,3,2,3,1,3,1,6,3,1,2,2,4,5,5,,,4,2,,,3,3,4,1,2,1,1,1,2,1,1,1,3,4,4,1,1,1,2,1,1,3,2,4,,4,,,b'\x11\xe8\xe1I\xcbJ\xf2\xe6\xaf\x82\x12\xdf\x17\xaeN\x1e'
11E8E149-CB4A-F2E6-AF82-12DF17AE4E1E,2020-ncaa-d1-natl,ncaa,150,150,128,157,252,235,240,262,196,188,151,242,276,302,150,293,116,56,303,53,84,225,200,231,237,245,233,270,61,141,68,348,249,326,176,311,312,245,248,303,39,24,308,294,,,331,346,,,137,222,197,340,237,248,276,193,139,275,296,109,53,51,227,183,142,349,337,312,240,36,304,,333,,,135,55,32,5,266,103,51,239,18,8,168,29,267,307,39,304,331,13,83,219,243,61,120,29,332,38,249,24,68,18,176,85,197,17,6,16,215,221,252,233,,,57,41,,,137,114,235,45,138,56,35,2,102,47,17,5,265,302,301,7,85,37,26,19,87,15,217,256,,51,,,b'\x11\xe8\xe1I\xcbJ\xf2\xe6\xaf\x82\x12\xdf\x17\xaeN\x1e'
11E8E149-CB4A-F2E6-AF82-12DF17AE4E1E,2021-ncaa-d0-natl,ncaa,128,165,136,152,152,175,185,160,269,146,86,293,243,246,239,310,82,36,302,33,59,141,147,288,283,255,230,292,27,116,140,269,253,233,279,238,306,171,130,257,29,16,279,311,,,275,309,,,156,142,159,224,245,275,212,187,86,296,306,66,16,15,147,169,147,338,329,308,135,23,313,,283,,,159,142,166,114,316,266,194,325,26,47,13,6,216,250,34,251,255,133,186,252,248,71,3,2,262,111,253,189,140,166,279,174,155,20,6,20,84,41,238,170,,,61,19,,,156,201,250,52,155,78,118,7,270,144,2,3,199,246,248,15,111,52,155,87,126,10,37,215,,21,,,b'\x11\xe8\xe1I\xcbJ\xf2\xe6\xaf\x82\x12\xdf\x17\xaeN\x1e'
11E8E149-CB4A-F2E6-AF82-12DF17AE4E1E,2021-ncaa-d1-conf-SWAC,ncaa,3,3,3,3,3,3,3,3,6,3,3,8,3,5,3,8,3,3,6,3,2,3,3,7,6,5,3,7,2,3,3,8,4,4,5,4,6,4,1,5,1,1,7,7,,,8,7,,,3,3,7,7,4,6,3,6,3,6,8,3,2,2,2,6,4,9,9,7,1,2,8,,6,,,3,5,6,4,8,6,4,8,2,4,1,4,6,6,8,7,6,4,8,7,7,2,2,2,7,3,4,8,3,4,5,3,4,1,1,1,2,1,3,1,,,2,3,,,3,8,4,2,3,2,2,1,3,1,1,1,4,4,4,1,2,1,6,2,3,1,1,2,,2,,,b'\x11\xe8\xe1I\xcbJ\xf2\xe6\xaf\x82\x12\xdf\x17\xaeN\x1e'
11E8E149-CB4A-F2E6-AF82-12DF17AE4E1E,2021-ncaa-d1-natl,ncaa,139,165,152,157,173,190,203,178,274,163,100,298,252,256,239,309,92,42,302,40,56,152,159,291,288,261,230,292,26,136,146,275,262,246,285,251,308,160,133,263,39,16,286,312,,,266,311,,,167,161,164,225,254,284,216,193,88,296,307,68,19,17,152,175,153,338,329,313,135,28,315,,284,,,170,134,154,105,317,260,182,325,22,45,14,5,209,245,35,245,255,117,168,257,257,80,3,2,263,104,262,175,146,148,285,154,156,25,7,21,76,42,231,170,,,70,19,,,167,183,257,59,165,80,123,7,275,146,1,2,200,248,249,13,112,54,156,89,130,11,37,220,,22,,,b'\x11\xe8\xe1I\xcbJ\xf2\xe6\xaf\x82\x12\xdf\x17\xaeN\x1e'
11E8E149-CB4A-F2E6-AF82-12DF17AE4E1E,2022-ncaa-d0-natl,ncaa,214,233,163,231,167,235,196,123,320,147,68,311,299,258,343,287,246,152,350,158,267,125,125,336,342,318,325,304,207,78,129,338,294,262,302,314,349,165,125,308,13,8,308,298,,,350,356,,,260,159,129,51,272,221,56,124,41,308,256,256,146,155,68,73,60,356,320,344,168,8,316,,354,,,259,166,74,30,317,136,55,323,33,31,142,51,348,352,144,351,355,69,184,298,338,164,240,17,356,97,294,276,129,213,302,138,228,14,4,13,72,62,58,18,,,187,249,,,260,201,300,135,256,171,71,1,143,29,32,21,354,352,351,21,195,102,300,236,139,9,78,52,,194,,,b'\x11\xe8\xe1I\xcbJ\xf2\xe6\xaf\x82\x12\xdf\x17\xaeN\x1e'
11E8E149-CB4A-F2E6-AF82-12DF17AE4E1E,2022-ncaa-d1-conf-SWAC,ncaa,4,4,2,4,2,5,4,2,8,2,2,8,8,6,9,8,10,7,12,7,12,2,4,8,9,7,12,9,12,2,3,8,3,7,4,9,11,2,2,5,1,1,8,7,,,11,12,,,2,6,10,1,8,4,3,2,2,9,8,11,10,10,4,7,3,12,10,9,1,1,8,,11,,,2,3,2,2,8,2,2,8,1,2,3,4,11,11,8,11,12,2,6,8,8,2,8,3,12,1,3,11,3,6,4,3,5,1,1,1,1,1,4,1,,,7,9,,,2,7,7,2,2,1,1,1,2,1,1,1,9,9,9,1,1,1,8,2,2,1,1,1,,10,,,b'\x11\xe8\xe1I\xcbJ\xf2\xe6\xaf\x82\x12\xdf\x17\xaeN\x1e'
11E8E149-CB4A-F2E6-AF82-12DF17AE4E1E,2022-ncaa-d1-natl,ncaa,199,233,100,223,105,207,177,75,319,95,38,302,300,242,349,293,244,138,350,141,284,87,79,334,339,322,333,313,225,54,112,330,296,244,297,310,351,217,129,315,7,4,301,290,,,354,355,,,248,105,111,59,272,208,44,101,29,316,260,269,163,169,56,62,52,356,321,342,180,7,314,,354,,,246,199,108,36,307,168,82,319,40,40,121,51,354,355,148,355,355,105,240,281,328,138,238,17,356,122,296,309,112,261,297,147,204,7,4,9,114,62,55,14,,,153,259,,,248,251,305,110,248,163,63,1,143,29,29,21,352,352,350,20,211,100,285,221,120,6,87,32,,195,,,b'\x11\xe8\xe1I\xcbJ\xf2\xe6\xaf\x82\x12\xdf\x17\xaeN\x1e'
11E8E149-CB4A-F2E6-AF82-12DF17AE4E1E,2023-ncaa-d0-natl,ncaa,153,139,164,155,216,288,269,221,292,238,124,340,266,321,87,317,290,166,361,161,204,216,242,289,328,299,261,216,233,252,270,320,253,320,317,313,323,98,149,273,133,95,339,330,,,333,358,,,260,229,238,239,320,293,257,255,100,269,319,312,155,153,238,263,256,346,342,327,117,117,347,,346,,,258,86,40,30,241,68,26,304,62,100,51,166,300,349,2,349,359,71,118,232,218,120,254,75,350,97,253,227,270,180,317,111,239,86,38,52,20,33,328,317,,,216,153,,,260,122,314,110,260,92,41,4,84,14,61,108,304,352,352,43,94,109,253,210,124,62,23,337,,203,,,b'\x11\xe8\xe1I\xcbJ\xf2\xe6\xaf\x82\x12\xdf\x17\xaeN\x1e'
11E8E149-CB4A-F2E6-AF82-12DF17AE4E1E,2023-ncaa-d1-conf-SWAC,ncaa,2,2,2,2,2,4,3,3,4,3,3,7,3,11,1,9,10,7,12,7,10,3,5,4,5,3,9,5,11,4,6,7,4,5,6,5,9,2,3,3,6,4,11,10,,,11,12,,,2,6,11,9,8,5,7,5,5,6,10,10,9,8,8,11,7,12,10,7,2,5,12,,8,,,2,2,2,2,4,2,1,7,3,8,2,10,6,9,1,9,12,2,4,4,3,2,9,5,11,1,4,4,6,4,6,2,8,4,2,2,1,1,12,8,,,7,7,,,2,8,4,2,2,2,2,1,2,1,2,4,4,8,8,1,1,1,3,2,2,4,1,11,,8,,,b'\x11\xe8\xe1I\xcbJ\xf2\xe6\xaf\x82\x12\xdf\x17\xaeN\x1e'
11E8E149-CB4A-F2E6-AF82-12DF17AE4E1E,2023-ncaa-d1-natl,ncaa,136,138,103,144,138,254,229,160,270,207,89,330,223,289,63,307,297,156,361,154,226,161,173,270,314,290,248,190,275,224,266,315,243,300,315,300,325,156,159,277,72,56,338,329,,,345,357,,,249,156,216,253,312,278,245,247,109,238,304,324,173,171,234,249,246,349,341,325,137,83,348,,346,,,249,121,58,28,238,93,36,311,69,125,39,164,315,354,1,354,359,98,178,224,210,96,252,71,351,114,243,272,266,231,315,119,219,43,30,33,33,36,333,311,,,205,217,,,249,202,307,84,244,80,37,4,72,13,53,100,307,353,353,32,107,99,247,199,91,41,24,328,,233,,,b'\x11\xe8\xe1I\xcbJ\xf2\xe6\xaf\x82\x12\xdf\x17\xaeN\x1e'
11E8E149-CB4A-F2E6-AF82-12DF17AE4E1E,2023-ncaa-d1-ncaatournament,ncaa,36,2,36,36,38,63,55,59,46,43,40,42,66,67,66,65,60,58,55,58,60,61,52,53,57,63,67,66,55,59,57,38,4,40,22,63,65,28,64,66,47,31,51,49,,,25,62,,,38,46,23,7,63,53,55,26,14,66,67,60,58,58,59,46,55,4,18,62,62,32,47,,58,,,40,1,2,10,12,9,7,44,6,25,4,53,12,15,23,12,45,8,10,5,5,6,17,14,47,6,4,15,57,7,22,8,47,48,28,25,21,60,35,57,,,57,52,,,38,18,64,4,40,7,7,24,25,17,10,49,31,36,31,21,24,9,46,28,27,28,53,61,,53,,,b'\x11\xe8\xe1I\xcbJ\xf2\xe6\xaf\x82\x12\xdf\x17\xaeN\x1e'
11E8E149-CB4A-F2E6-AF82-12DF17AE4E1E,2024-ncaa-d0-natl,ncaa,189,148,258,187,271,285,287,274,277,221,144,315,328,342,212,335,173,103,326,104,123,252,261,298,297,291,274,313,43,293,295,338,227,338,328,287,237,144,211,265,51,22,310,279,,,301,354,,,233,241,118,93,275,281,248,193,72,321,341,111,54,58,205,181,276,350,347,278,204,28,310,,342,,,238,63,36,19,237,71,37,278,29,45,53,110,311,316,179,309,347,38,99,205,259,110,220,43,351,38,227,189,295,109,328,169,332,41,8,58,80,134,122,108,,,137,32,,,233,129,311,74,227,132,62,13,120,41,47,66,333,333,331,49,206,66,279,213,233,14,126,165,,46,,,b'\x11\xe8\xe1I\xcbJ\xf2\xe6\xaf\x82\x12\xdf\x17\xaeN\x1e'
11E8E149-CB4A-F2E6-AF82-12DF17AE4E1E,2024-ncaa-d1-conf-SWAC,ncaa,3,3,5,3,6,4,5,10,2,5,8,5,9,11,1,11,5,5,7,4,5,10,10,3,3,3,7,10,5,11,11,11,1,12,10,6,7,3,5,6,1,1,12,10,,,9,11,,,4,8,8,4,5,5,10,5,7,8,11,5,4,4,10,11,11,11,12,6,2,2,12,,9,,,4,1,1,1,8,2,1,10,2,3,4,6,10,7,12,6,11,1,2,8,11,5,8,4,12,1,1,5,11,1,10,3,9,1,1,1,1,1,2,2,,,4,1,,,4,6,3,3,4,3,2,1,4,1,2,3,10,7,6,1,2,1,6,1,4,1,1,3,,4,,,b'\x11\xe8\xe1I\xcbJ\xf2\xe6\xaf\x82\x12\xdf\x17\xaeN\x1e'
11E8E149-CB4A-F2E6-AF82-12DF17AE4E1E,2024-ncaa-d1-natl,ncaa,190,150,254,184,280,288,284,285,258,216,141,309,328,344,178,338,172,111,329,115,143,259,265,285,285,280,286,313,59,306,298,344,213,344,326,263,199,160,219,252,52,25,283,241,,,319,356,,,230,245,116,100,267,270,251,178,75,320,343,129,67,71,212,182,288,351,350,244,217,31,273,,344,,,231,60,34,13,239,62,33,270,28,43,57,109,317,321,174,316,350,26,93,205,260,99,224,46,354,33,213,185,298,96,326,177,333,41,8,64,73,134,109,93,,,133,37,,,230,124,299,71,227,129,64,12,118,41,47,64,335,336,335,46,209,63,271,192,229,17,122,148,,54,,,b'\x11\xe8\xe1I\xcbJ\xf2\xe6\xaf\x82\x12\xdf\x17\xaeN\x1e'
11E8E149-CB4A-F2E6-AF82-12DF17AE4E1E,2025-ncaa-d0-natl,genius_ncaa,109,147,29,132,45,183,203,96,335,203,78,349,206,183,233,247,111,65,326,62,131,84,89,329,328,298,138,204,89,107,215,258,279,199,317,161,95,178,122,165,21,16,155,150,,,360,361,,235,189,93,281,242,314,323,240,296,162,256,264,197,121,121,211,264,178,359,325,220,91,27,210,,352,,169,186,177,75,103,114,109,136,130,69,103,69,83,357,360,72,360,359,197,265,96,158,62,294,49,361,217,279,342,215,319,317,234,346,25,23,55,102,63,335,285,,,95,140,,76,189,268,297,54,184,43,8,3,28,18,21,35,342,347,347,22,72,130,273,221,136,37,54,302,,196,,112,b'\x11\xe8\xe1I\xcbJ\xf2\xe6\xaf\x82\x12\xdf\x17\xaeN\x1e'
11E8E149-CB4A-F2E6-AF82-12DF17AE4E1E,2025-ncaa-d1-conf-SWAC,genius_ncaa,1,1,1,1,2,2,3,3,6,5,4,6,3,3,3,4,7,7,10,7,7,3,4,6,6,4,4,3,10,5,6,6,2,7,6,1,2,2,1,1,1,1,6,3,,,10,12,,9,1,5,12,8,6,6,5,8,8,3,4,9,7,7,7,10,7,9,9,1,1,1,6,,10,,7,1,1,1,1,1,1,2,1,1,1,4,6,9,9,5,9,12,1,7,1,2,1,12,4,12,2,2,10,6,5,6,2,8,1,1,1,1,1,11,8,,,4,5,,1,1,8,5,1,1,1,1,1,1,1,1,1,7,7,7,1,1,1,6,2,2,2,1,8,,6,,2,b'\x11\xe8\xe1I\xcbJ\xf2\xe6\xaf\x82\x12\xdf\x17\xaeN\x1e'
11E8E149-CB4A-F2E6-AF82-12DF17AE4E1E,2025-ncaa-d1-natl,genius_ncaa,95,147,15,124,21,134,147,60,326,149,48,341,205,178,252,263,83,46,326,47,139,50,49,326,328,292,184,232,87,67,188,195,266,133,298,119,85,245,114,155,11,16,132,126,,,361,360,,304,162,52,261,247,303,308,209,273,130,267,268,190,112,113,186,237,158,353,307,204,96,24,198,,353,,236,165,198,82,155,79,112,183,87,89,126,75,83,358,361,76,361,359,241,313,69,133,41,308,58,361,255,266,354,188,333,298,253,345,14,21,40,128,59,344,259,,,67,158,,77,162,313,289,35,164,36,6,3,16,19,25,37,344,347,347,22,92,126,267,216,119,28,52,295,,193,,131,b'\x11\xe8\xe1I\xcbJ\xf2\xe6\xaf\x82\x12\xdf\x17\xaeN\x1e'
11E8E149-CB4A-F2E6-AF82-12DF17AE4E1E,2025-ncaa-d1-ncaatournament,genius_ncaa,17,2,17,17,20,34,31,27,32,29,23,42,35,43,33,62,32,29,51,29,44,31,33,41,42,44,59,54,39,36,53,31,24,35,46,28,29,41,38,38,20,22,33,35,,,48,60,,38,56,32,47,7,48,44,49,34,22,50,64,40,36,36,53,55,52,47,56,35,34,21,43,,54,,37,44,42,35,35,38,30,35,35,53,44,54,55,48,47,45,47,60,36,37,46,47,41,66,61,50,30,24,48,53,42,46,54,68,21,18,39,36,29,48,49,,,27,23,,10,56,39,48,35,45,33,16,9,5,3,51,46,49,46,46,13,15,14,39,28,52,19,26,56,,31,,11,b'\x11\xe8\xe1I\xcbJ\xf2\xe6\xaf\x82\x12\xdf\x17\xaeN\x1e'
11E8E149-CB4A-F2E6-AF82-12DF17AE4E1E,2026-ncaa-d0-natl,genius_ncaa,260,198,279,265,291,333,329,309,327,298,234,340,341,348,270,342,319,315,259,312,321,313,321,336,338,322,313,311,153,329,331,357,359,355,363,323,233,49,183,250,213,95,248,170,,,203,362,,180,331,316,275,97,338,320,251,251,88,345,347,291,273,266,276,309,298,362,362,315,145,107,204,,355,,283,342,139,130,44,357,172,41,361,59,66,153,172,236,211,302,199,333,54,54,352,356,350,116,54,297,140,359,153,331,143,363,243,336,266,147,301,35,114,219,261,,,322,222,,205,331,44,331,353,345,323,306,80,327,83,136,146,334,324,322,141,141,290,335,332,347,146,93,313,,266,,165,b'\x11\xe8\xe1I\xcbJ\xf2\xe6\xaf\x82\x12\xdf\x17\xaeN\x1e'
11E8E149-CB4A-F2E6-AF82-12DF17AE4E1E,2026-ncaa-d1-natl,genius_ncaa,256,195,271,252,286,349,348,325,337,325,242,352,336,351,223,326,318,294,329,295,277,327,330,342,344,333,256,268,129,315,315,361,356,360,358,333,193,98,237,276,185,97,198,139,,,257,362,,226,333,326,254,100,346,333,281,291,122,327,341,276,221,219,282,275,277,362,362,316,206,94,147,,354,,298,339,147,134,23,350,189,49,357,37,35,148,107,259,235,278,227,323,44,45,345,350,330,99,33,306,173,356,157,315,159,358,237,317,235,120,266,53,146,208,250,,,312,179,,198,333,34,338,340,344,313,293,70,321,125,91,92,332,325,320,137,163,291,323,328,327,131,119,288,,223,,152,b'\x11\xe8\xe1I\xcbJ\xf2\xe6\xaf\x82\x12\xdf\x17\xaeN\x1e'
11E8E149-CB4F-49E0-AF82-12DF17AE4E1E,2010-ncaa-d0-natl,ncaa,302,317,178,305,178,285,265,220,303,211,170,276,295,252,334,227,253,268,148,268,293,231,172,311,311,326,274,274,156,130,104,159,79,154,85,197,71,320,322,281,287,301,98,101,,,126,151,,,336,183,179,10,306,286,196,223,151,299,253,258,270,271,233,124,108,126,100,190,323,286,87,,146,,,335,286,289,208,296,226,202,233,311,228,342,226,130,101,291,95,83,188,149,314,316,336,224,294,64,70,79,132,104,103,85,278,210,295,310,322,337,334,311,305,,,227,259,,,336,167,321,326,333,312,321,282,261,242,324,254,147,114,109,249,178,84,175,134,296,304,334,317,,215,,,b'\x11\xe8\xe1I\xcbOI\xe0\xaf\x82\x12\xdf\x17\xaeN\x1e'
11E8E149-CB4F-49E0-AF82-12DF17AE4E1E,2010-ncaa-d1-conf-Summit League,ncaa,8,8,5,8,5,7,7,5,8,6,3,7,9,7,10,8,7,7,6,7,10,5,4,9,9,7,9,8,8,3,2,4,4,3,5,6,3,8,8,7,8,8,4,4,,,7,6,,,8,4,3,2,7,7,3,6,2,9,7,9,8,7,4,2,2,3,1,6,8,8,4,,8,,,8,9,8,8,8,6,8,6,7,7,10,6,7,7,8,7,5,8,7,9,8,9,7,8,4,4,4,7,2,6,5,7,5,9,10,8,8,8,9,9,,,8,10,,,8,7,7,9,8,9,9,10,8,8,10,7,6,7,7,9,8,5,7,6,7,9,8,9,,9,,,b'\x11\xe8\xe1I\xcbOI\xe0\xaf\x82\x12\xdf\x17\xaeN\x1e'
11E8E149-CB4F-49E0-AF82-12DF17AE4E1E,2010-ncaa-d1-natl,ncaa,308,317,191,314,191,299,282,234,308,227,180,280,302,260,335,226,265,279,149,279,292,249,190,312,311,328,272,274,151,140,105,176,79,170,92,206,75,312,322,283,298,307,103,101,,,114,149,,,336,206,180,11,309,292,199,227,151,300,254,262,275,274,235,128,111,128,105,197,323,293,89,,146,,,336,280,282,197,299,222,186,236,309,219,342,226,121,94,290,88,84,174,127,318,319,336,223,292,65,59,79,117,105,85,92,273,208,316,312,322,333,335,308,308,,,242,256,,,336,142,323,327,336,317,321,282,266,243,326,255,148,116,111,249,177,87,179,136,297,304,336,318,,217,,,b'\x11\xe8\xe1I\xcbOI\xe0\xaf\x82\x12\xdf\x17\xaeN\x1e'
11E8E149-CB4F-49E0-AF82-12DF17AE4E1E,2011-ncaa-d0-natl,ncaa,153,134,170,148,224,119,111,129,104,58,52,130,310,321,229,334,70,101,57,98,230,118,123,175,139,143,317,331,72,118,107,113,186,115,110,116,167,193,163,138,227,261,209,249,,,273,254,,,223,126,44,257,78,66,81,24,11,319,325,47,70,67,58,59,108,71,63,90,218,222,207,,295,,,225,298,298,278,244,300,285,249,183,179,199,126,259,226,264,224,162,279,228,226,242,298,111,119,186,228,186,133,107,178,110,224,95,269,310,286,146,127,285,178,,,150,186,,,223,219,138,300,220,320,314,316,312,316,200,194,279,257,253,316,294,260,159,213,242,265,167,292,,107,,,b'\x11\xe8\xe1I\xcbOI\xe0\xaf\x82\x12\xdf\x17\xaeN\x1e'
11E8E149-CB4F-49E0-AF82-12DF17AE4E1E,2011-ncaa-d1-conf-Summit League,ncaa,5,5,5,5,5,5,5,6,6,3,2,6,10,10,8,10,2,2,5,2,4,5,3,7,6,6,9,10,2,3,3,4,8,5,3,7,7,8,8,7,8,8,6,7,,,10,8,,,7,4,2,5,4,3,3,2,2,10,10,1,1,1,3,2,3,2,3,7,8,8,4,,10,,,7,8,8,8,3,9,10,5,3,5,1,3,9,9,8,9,7,9,9,3,4,6,5,2,8,8,8,4,3,6,3,4,2,8,8,8,4,5,10,9,,,3,6,,,7,7,7,9,7,8,8,9,9,9,4,6,9,9,9,9,8,9,4,7,4,8,6,10,,2,,,b'\x11\xe8\xe1I\xcbOI\xe0\xaf\x82\x12\xdf\x17\xaeN\x1e'
11E8E149-CB4F-49E0-AF82-12DF17AE4E1E,2011-ncaa-d1-natl,ncaa,159,133,199,153,260,136,126,148,107,62,58,135,319,324,228,333,81,114,56,112,231,136,143,177,140,148,317,331,69,135,109,137,188,132,114,133,170,171,166,142,244,265,220,250,,,257,255,,,228,148,45,260,80,69,86,24,11,319,324,50,72,70,60,61,114,71,64,98,220,231,210,,296,,,230,290,294,266,249,298,274,251,173,166,203,122,247,215,269,213,160,267,207,233,249,307,107,117,187,212,188,108,109,152,114,215,94,286,313,291,133,129,280,184,,,166,189,,,228,197,144,307,227,323,318,319,319,316,201,196,281,256,253,319,293,260,161,215,250,275,169,294,,110,,,b'\x11\xe8\xe1I\xcbOI\xe0\xaf\x82\x12\xdf\x17\xaeN\x1e'
11E8E149-CB4F-49E0-AF82-12DF17AE4E1E,2012-ncaa-d0-natl,ncaa,316,309,292,317,312,284,312,318,272,273,217,312,302,326,73,316,67,100,66,99,50,293,242,285,232,290,136,280,3,227,147,166,66,195,74,301,223,322,333,326,339,340,285,280,,,300,336,,,322,243,50,262,241,300,282,238,132,289,317,14,30,29,233,97,169,39,87,285,338,333,263,,337,,,322,223,158,109,235,150,109,229,191,154,250,156,319,312,274,312,319,164,71,240,281,329,287,155,315,63,66,43,147,30,74,227,267,331,332,332,281,309,342,343,,,140,48,,,322,97,298,313,319,318,274,270,265,257,250,230,334,329,331,315,235,131,135,128,289,321,317,343,,28,,,b'\x11\xe8\xe1I\xcbOI\xe0\xaf\x82\x12\xdf\x17\xaeN\x1e'
11E8E149-CB4F-49E0-AF82-12DF17AE4E1E,2012-ncaa-d1-conf-Summit League,ncaa,8,8,8,8,8,8,8,8,8,7,7,8,8,8,3,8,3,3,5,3,3,8,8,8,6,8,4,6,1,5,3,5,5,7,3,8,5,8,8,8,8,8,6,6,,,5,6,,,8,8,4,8,8,8,8,7,5,7,8,2,1,1,8,4,4,2,3,7,8,8,6,,7,,,8,3,2,3,4,3,4,6,2,3,1,4,6,6,3,6,7,4,1,2,3,6,5,3,6,5,5,1,3,1,3,2,5,8,8,8,8,8,8,8,,,5,3,,,8,1,8,6,8,6,6,6,6,7,4,6,7,7,7,8,5,7,2,2,5,8,8,8,,2,,,b'\x11\xe8\xe1I\xcbOI\xe0\xaf\x82\x12\xdf\x17\xaeN\x1e'
11E8E149-CB4F-49E0-AF82-12DF17AE4E1E,2012-ncaa-d1-natl,ncaa,311,306,286,315,312,279,315,320,274,273,217,313,304,325,88,312,62,90,61,89,45,294,233,288,232,289,140,279,5,220,152,142,48,194,72,306,242,326,335,328,336,339,268,267,,,313,338,,,323,220,59,262,250,302,288,245,141,290,315,14,31,30,241,102,179,42,93,295,338,334,256,,337,,,321,244,185,134,245,163,112,235,226,181,263,185,320,311,260,311,318,174,91,258,287,330,295,190,304,60,48,43,152,30,72,249,263,332,332,333,286,308,342,343,,,122,48,,,323,118,300,316,320,315,272,263,252,234,270,239,331,328,328,311,220,119,129,116,285,320,316,343,,30,,,b'\x11\xe8\xe1I\xcbOI\xe0\xaf\x82\x12\xdf\x17\xaeN\x1e'
11E8E149-CB4F-49E0-AF82-12DF17AE4E1E,2013-ncaa-d0-natl,ncaa,177,166,183,180,184,105,122,119,135,109,88,191,169,208,60,238,41,38,176,37,61,98,64,149,131,171,157,205,57,29,15,148,183,66,45,112,129,328,266,218,123,150,182,196,,,339,338,,,145,86,27,29,45,76,55,81,57,151,199,16,16,16,32,8,11,96,17,75,329,105,180,,343,,,145,265,166,192,141,145,179,141,203,204,171,179,339,332,339,332,335,242,252,148,242,227,313,148,338,217,183,87,15,130,45,239,287,105,129,172,314,248,307,263,,,70,140,,,145,249,124,212,150,292,191,237,176,201,230,229,342,339,338,316,324,240,109,162,260,84,309,312,,22,,,b'\x11\xe8\xe1I\xcbOI\xe0\xaf\x82\x12\xdf\x17\xaeN\x1e'
11E8E149-CB4F-49E0-AF82-12DF17AE4E1E,2013-ncaa-d1-conf-Big Sky,ncaa,7,7,5,7,5,4,5,4,5,4,5,5,5,5,6,6,1,1,6,1,2,3,2,6,5,7,5,7,2,1,1,6,7,2,3,5,9,10,9,9,5,5,9,9,,,11,11,,,7,2,2,1,2,2,3,5,4,5,6,1,1,1,2,1,1,7,1,6,9,4,10,,11,,,7,9,7,9,8,6,5,6,10,10,10,10,11,11,10,11,11,9,9,8,9,9,11,10,10,8,7,2,1,7,3,8,10,3,4,7,9,9,11,10,,,1,5,,,7,10,6,8,7,8,8,7,6,5,10,11,11,11,11,10,10,8,4,6,8,2,9,10,,1,,,b'\x11\xe8\xe1I\xcbOI\xe0\xaf\x82\x12\xdf\x17\xaeN\x1e'
11E8E149-CB4F-49E0-AF82-12DF17AE4E1E,2013-ncaa-d1-natl,ncaa,171,165,136,177,140,80,100,94,136,93,66,184,166,199,80,242,23,15,179,16,50,70,36,152,129,171,161,213,41,17,13,121,180,48,45,101,146,335,257,219,89,127,185,197,,,343,339,,,138,59,19,26,35,71,46,73,51,155,198,10,11,11,25,4,8,91,15,75,326,82,187,,344,,,138,289,190,220,145,173,202,137,214,214,180,169,343,339,341,339,337,271,281,147,244,226,314,147,338,237,180,99,13,166,45,251,283,93,123,162,319,245,308,251,,,40,124,,,138,282,122,215,149,298,194,241,177,209,232,223,343,340,339,319,331,241,115,168,260,75,312,306,,18,,,b'\x11\xe8\xe1I\xcbOI\xe0\xaf\x82\x12\xdf\x17\xaeN\x1e'
11E8E149-CB4F-49E0-AF82-12DF17AE4E1E,2014-ncaa-d0-natl,ncaa,78,57,131,70,179,90,124,201,50,96,175,52,207,210,173,221,14,29,21,26,25,150,129,74,37,64,144,261,9,145,70,220,246,187,110,113,123,273,247,182,76,72,111,78,,,329,333,,,87,122,95,342,52,116,238,96,182,214,211,4,15,15,153,118,149,252,211,102,270,75,108,,333,,,82,195,78,91,153,66,69,161,194,180,205,197,340,334,264,334,346,155,221,179,258,165,334,186,339,209,246,30,70,66,110,200,299,51,36,73,270,240,302,305,,,67,56,,,87,221,62,163,91,199,65,39,59,30,192,173,336,330,330,129,231,194,22,58,196,41,250,310,,39,,,b'\x11\xe8\xe1I\xcbOI\xe0\xaf\x82\x12\xdf\x17\xaeN\x1e'
11E8E149-CB4F-49E0-AF82-12DF17AE4E1E,2014-ncaa-d1-conf-Big Sky,ncaa,2,2,2,2,4,2,2,4,2,1,5,3,6,6,5,8,2,2,5,2,3,3,4,2,2,1,5,8,2,5,2,5,5,4,3,3,8,7,4,4,2,3,6,5,,,11,11,,,2,4,5,11,3,4,6,3,5,6,7,2,2,2,5,6,5,6,5,5,4,4,6,,11,,,2,5,2,4,6,2,3,5,9,6,6,5,10,10,1,10,11,6,8,6,6,3,11,9,10,8,5,6,2,5,3,4,6,2,3,1,4,2,10,10,,,2,2,,,2,7,1,3,2,5,1,1,2,1,7,4,9,10,10,1,7,6,3,3,4,3,3,10,,2,,,b'\x11\xe8\xe1I\xcbOI\xe0\xaf\x82\x12\xdf\x17\xaeN\x1e'
11E8E149-CB4F-49E0-AF82-12DF17AE4E1E,2014-ncaa-d1-natl,ncaa,52,57,59,59,99,49,91,125,55,73,118,56,175,174,155,219,9,17,28,17,27,83,68,77,42,63,141,250,9,82,42,166,221,110,77,81,129,285,210,161,65,80,93,78,,,341,335,,,74,75,112,342,51,106,215,96,171,196,206,5,15,14,123,108,117,242,173,96,246,83,108,,334,,,74,252,122,142,145,92,110,135,226,206,236,190,343,343,261,343,345,219,276,167,253,160,335,195,339,229,221,63,42,124,77,228,296,40,48,74,271,204,309,283,,,40,67,,,74,270,48,148,77,183,55,33,49,29,190,165,334,331,330,110,210,172,20,45,179,50,232,289,,42,,,b'\x11\xe8\xe1I\xcbOI\xe0\xaf\x82\x12\xdf\x17\xaeN\x1e'
11E8E149-CB4F-49E0-AF82-12DF17AE4E1E,2015-ncaa-d0-natl,ncaa,242,161,338,229,343,297,303,310,240,292,305,220,212,189,246,123,249,251,199,245,106,309,308,237,239,246,136,148,123,233,179,251,266,262,206,180,25,122,240,159,190,141,156,84,,,197,300,,,279,310,35,162,165,191,107,205,182,149,104,129,117,111,100,50,123,48,64,68,283,105,96,,333,,,285,93,47,44,144,12,12,132,295,254,298,317,246,288,22,281,338,69,49,213,222,240,345,328,293,199,266,56,179,95,206,149,306,277,239,257,189,274,78,175,,,316,267,,,279,40,244,280,280,317,238,292,96,105,344,338,329,340,339,332,330,330,268,320,300,165,303,174,,177,,,b'\x11\xe8\xe1I\xcbOI\xe0\xaf\x82\x12\xdf\x17\xaeN\x1e'
11E8E149-CB4F-49E0-AF82-12DF17AE4E1E,2015-ncaa-d1-conf-Big Sky,ncaa,10,10,9,10,10,10,10,8,11,9,10,10,5,5,8,5,11,10,10,9,8,10,8,10,11,11,6,5,7,5,4,8,10,8,9,7,2,11,11,10,5,5,5,4,,,11,11,,,11,9,2,5,10,10,3,9,7,5,5,10,8,7,3,2,4,5,3,3,12,4,4,,12,,,11,9,4,3,4,3,2,4,12,12,11,12,11,12,2,12,12,7,6,8,9,10,12,12,11,10,10,6,4,7,9,9,12,6,7,10,10,11,10,10,,,10,10,,,11,4,10,11,11,10,9,9,5,3,12,12,12,12,12,12,11,11,10,10,10,5,11,10,,8,,,b'\x11\xe8\xe1I\xcbOI\xe0\xaf\x82\x12\xdf\x17\xaeN\x1e'
11E8E149-CB4F-49E0-AF82-12DF17AE4E1E,2015-ncaa-d1-natl,ncaa,222,160,335,214,343,261,270,269,223,271,287,195,176,159,215,120,232,226,211,214,109,267,264,203,210,231,134,137,160,218,182,234,278,237,209,129,24,172,245,150,163,129,146,82,,,260,302,,,280,279,38,191,155,171,111,192,190,134,103,145,126,119,105,60,139,74,87,56,282,94,98,,332,,,282,177,79,74,189,31,20,173,314,292,306,316,273,306,38,302,337,117,103,242,251,260,345,325,284,223,278,97,182,147,209,183,293,236,221,244,212,263,78,149,,,305,270,,,280,75,231,285,279,317,248,279,103,92,341,335,327,336,334,326,326,322,254,311,298,146,294,132,,196,,,b'\x11\xe8\xe1I\xcbOI\xe0\xaf\x82\x12\xdf\x17\xaeN\x1e'
11E8E149-CB4F-49E0-AF82-12DF17AE4E1E,2016-ncaa-d0-natl,ncaa,325,327,240,329,277,280,288,208,326,255,166,322,261,224,298,221,191,197,197,195,201,216,162,326,318,329,186,222,78,117,139,166,183,140,151,202,65,300,302,267,255,268,311,302,,,212,220,,,333,186,49,280,271,279,135,238,112,250,196,171,167,161,136,51,75,86,59,168,328,242,311,,269,,,332,272,240,220,214,133,59,284,331,335,169,340,221,201,289,194,272,215,167,267,277,314,325,324,174,191,183,197,139,192,151,301,300,285,305,330,319,309,332,325,,,253,300,,,333,164,324,306,328,317,295,316,207,99,341,348,268,249,244,320,285,255,271,278,323,269,328,341,,231,,,b'\x11\xe8\xe1I\xcbOI\xe0\xaf\x82\x12\xdf\x17\xaeN\x1e'
11E8E149-CB4F-49E0-AF82-12DF17AE4E1E,2016-ncaa-d1-conf-Big Sky,ncaa,10,10,8,10,11,12,12,10,11,11,8,10,11,9,12,7,10,9,9,9,8,11,10,12,12,12,8,10,5,5,5,8,8,7,5,12,6,9,10,11,11,11,11,9,,,4,7,,,11,11,8,10,12,12,9,10,6,11,7,10,8,8,9,7,2,7,3,10,11,10,11,,5,,,11,7,6,6,7,5,2,9,11,11,3,12,3,5,9,3,7,4,3,8,7,10,11,12,4,5,8,4,5,4,5,10,10,12,12,11,9,11,12,12,,,11,11,,,11,2,11,10,11,9,9,9,8,2,11,11,5,5,5,9,5,7,6,5,10,10,11,12,,11,,,b'\x11\xe8\xe1I\xcbOI\xe0\xaf\x82\x12\xdf\x17\xaeN\x1e'
11E8E149-CB4F-49E0-AF82-12DF17AE4E1E,2016-ncaa-d1-natl,ncaa,332,327,303,333,332,305,314,243,329,277,202,324,275,244,302,220,213,221,196,214,197,242,201,329,328,332,183,220,68,144,151,199,193,173,165,222,67,291,306,273,278,279,317,302,,,183,220,,,334,233,52,282,278,288,142,242,116,252,199,168,166,158,145,55,78,90,63,179,329,253,313,,270,,,335,252,222,193,223,113,35,293,325,334,177,340,209,183,291,178,274,186,122,277,287,316,324,324,174,160,193,167,151,160,165,292,302,309,309,331,305,314,330,332,,,280,297,,,334,121,325,315,331,319,299,316,215,101,342,348,275,249,245,323,285,257,274,284,325,272,329,342,,234,,,b'\x11\xe8\xe1I\xcbOI\xe0\xaf\x82\x12\xdf\x17\xaeN\x1e'
11E8E149-CB4F-49E0-AF82-12DF17AE4E1E,2017-ncaa-d0-natl,ncaa,314,313,234,316,240,195,159,148,198,87,62,212,312,299,301,320,188,171,239,167,291,144,128,268,272,255,331,325,177,115,105,186,111,150,124,148,126,228,210,186,61,51,319,301,,,173,167,,,280,146,28,42,144,100,39,39,13,309,289,151,122,119,39,22,60,120,71,106,279,36,318,,231,,,279,272,232,174,281,74,31,274,347,331,337,340,172,128,331,122,240,160,182,327,331,310,345,344,128,75,111,160,105,120,124,323,333,127,123,259,253,236,285,206,,,264,325,,,280,197,239,283,276,326,295,265,122,43,348,347,222,169,171,260,306,140,228,207,336,76,281,307,,246,,,b'\x11\xe8\xe1I\xcbOI\xe0\xaf\x82\x12\xdf\x17\xaeN\x1e'
11E8E149-CB4F-49E0-AF82-12DF17AE4E1E,2017-ncaa-d1-conf-Big Sky,ncaa,12,12,7,12,7,11,7,5,7,2,1,10,11,11,11,12,8,6,11,6,12,5,4,11,11,11,12,12,7,3,1,7,4,6,4,5,6,10,10,9,3,3,9,9,,,7,8,,,11,7,2,1,7,4,2,1,1,11,10,8,3,3,2,2,2,6,3,5,11,2,9,,9,,,11,10,6,3,9,2,1,8,11,10,11,12,5,4,10,4,11,3,4,11,11,9,12,11,5,1,4,4,1,1,4,10,10,4,4,8,9,10,11,10,,,12,11,,,11,5,11,9,11,11,9,6,5,1,12,11,7,6,6,6,10,3,6,5,11,3,10,11,,12,,,b'\x11\xe8\xe1I\xcbOI\xe0\xaf\x82\x12\xdf\x17\xaeN\x1e'
11E8E149-CB4F-49E0-AF82-12DF17AE4E1E,2017-ncaa-d1-natl,ncaa,313,312,217,314,229,182,148,108,201,73,41,213,319,295,306,320,179,159,230,157,294,120,101,268,274,261,333,327,166,85,89,162,113,120,108,132,114,269,224,190,56,55,314,293,,,203,178,,,285,113,22,41,136,99,30,35,12,313,290,148,120,116,32,16,47,101,52,88,290,36,308,,247,,,287,295,237,192,259,60,18,266,348,342,334,344,221,172,330,175,274,184,205,330,330,314,347,344,141,103,113,175,89,144,108,327,336,131,135,261,273,240,288,195,,,253,325,,,285,232,240,294,288,329,293,279,98,30,349,349,250,200,202,282,313,152,228,215,337,87,287,299,,232,,,b'\x11\xe8\xe1I\xcbOI\xe0\xaf\x82\x12\xdf\x17\xaeN\x1e'
11E8E149-CB4F-49E0-AF82-12DF17AE4E1E,2018-ncaa-d0-natl,ncaa,332,343,164,341,172,260,251,141,336,238,112,334,239,193,288,213,241,184,317,173,229,147,153,332,339,311,204,198,154,145,259,265,184,225,300,260,232,118,114,233,51,37,286,272,,,153,167,,,316,162,119,54,290,286,93,249,87,232,184,240,165,159,97,99,123,282,222,277,139,37,295,,178,,,313,261,251,160,321,178,73,322,315,284,312,320,123,56,346,60,134,132,161,333,334,304,269,313,75,93,184,325,259,286,300,305,310,125,101,230,100,99,345,330,,,251,280,,,316,173,312,274,314,274,280,176,205,60,322,305,150,71,74,137,199,104,342,303,319,95,116,344,,247,,,b'\x11\xe8\xe1I\xcbOI\xe0\xaf\x82\x12\xdf\x17\xaeN\x1e'
11E8E149-CB4F-49E0-AF82-12DF17AE4E1E,2018-ncaa-d1-conf-Big Sky,ncaa,12,12,7,12,10,12,12,11,12,12,4,12,10,10,12,9,10,4,12,4,5,11,12,12,12,12,9,8,3,7,7,12,8,12,11,12,11,4,7,11,4,3,12,12,,,7,8,,,12,11,9,9,12,12,8,11,2,10,8,9,2,2,7,8,6,12,10,12,7,3,12,,8,,,12,3,5,1,11,6,1,11,6,5,6,9,2,1,11,1,3,1,2,11,11,8,5,7,3,3,8,10,7,8,11,10,11,4,2,5,2,3,12,12,,,9,7,,,12,1,12,8,12,8,8,3,7,3,6,6,3,2,2,2,3,4,10,9,10,3,2,12,,8,,,b'\x11\xe8\xe1I\xcbOI\xe0\xaf\x82\x12\xdf\x17\xaeN\x1e'
11E8E149-CB4F-49E0-AF82-12DF17AE4E1E,2018-ncaa-d1-natl,ncaa,341,342,213,342,225,293,287,175,336,264,147,335,257,209,291,209,259,207,317,200,229,183,199,332,340,317,199,194,145,176,265,303,196,265,307,294,237,97,121,238,63,39,297,281,,,133,173,,,320,207,123,49,294,291,95,255,96,233,186,241,169,166,97,105,133,293,236,287,143,40,298,,184,,,318,240,239,114,325,159,48,326,308,271,316,318,105,45,345,46,133,83,105,336,338,310,266,314,75,71,196,318,265,269,307,299,310,144,111,237,84,106,345,335,,,275,280,,,320,131,314,286,320,280,286,178,218,65,323,304,154,73,77,139,195,107,343,307,322,105,120,347,,245,,,b'\x11\xe8\xe1I\xcbOI\xe0\xaf\x82\x12\xdf\x17\xaeN\x1e'
11E8E149-CB4F-49E0-AF82-12DF17AE4E1E,2019-ncaa-d0-natl,ncaa,277,315,114,297,124,195,188,98,297,171,72,320,191,192,172,239,182,166,222,163,258,102,126,300,300,249,203,197,159,114,195,281,290,212,296,261,307,73,72,202,125,128,278,309,,,37,22,,,308,140,193,53,222,225,74,198,67,208,212,198,182,175,88,142,111,325,261,285,82,132,292,,28,,,302,312,338,266,339,344,287,345,157,163,161,134,74,43,312,41,26,233,208,333,330,330,6,66,25,234,290,311,195,296,296,317,175,215,225,304,164,135,350,332,,,177,212,,,308,202,238,336,302,306,340,271,346,296,129,153,64,44,42,218,189,211,306,287,318,226,149,348,,192,,,b'\x11\xe8\xe1I\xcbOI\xe0\xaf\x82\x12\xdf\x17\xaeN\x1e'
11E8E149-CB4F-49E0-AF82-12DF17AE4E1E,2019-ncaa-d1-conf-Big Sky,ncaa,10,10,3,10,3,8,9,5,11,8,4,11,8,7,7,7,5,2,8,2,5,5,5,11,11,10,6,6,2,2,7,11,11,11,11,10,10,5,4,8,3,4,11,11,,,3,2,,,11,5,6,3,10,11,6,8,3,8,7,4,2,3,5,5,3,11,11,10,4,3,11,,3,,,11,9,11,7,11,11,9,11,5,4,6,3,4,3,5,3,2,6,7,11,11,11,1,1,3,8,11,11,7,10,11,11,6,4,4,9,5,4,11,10,,,3,4,,,11,7,9,11,11,10,11,9,11,9,4,3,4,4,3,7,9,9,9,10,10,4,4,11,,2,,,b'\x11\xe8\xe1I\xcbOI\xe0\xaf\x82\x12\xdf\x17\xaeN\x1e'
11E8E149-CB4F-49E0-AF82-12DF17AE4E1E,2019-ncaa-d1-natl,ncaa,294,314,155,304,167,229,235,132,303,213,92,324,211,215,179,241,204,205,215,201,255,141,185,303,304,258,199,196,157,143,200,316,304,259,308,286,312,53,72,209,155,137,294,314,,,23,23,,,318,200,205,46,237,233,88,216,70,212,214,200,186,182,97,147,120,328,275,297,83,150,299,,29,,,315,295,333,237,343,342,260,349,132,136,173,125,62,36,316,32,25,189,145,336,334,336,6,61,26,206,304,297,200,271,308,311,178,250,236,313,133,143,350,333,,,215,213,,,318,139,247,341,318,314,344,276,346,298,134,149,68,43,41,224,183,220,309,293,321,236,155,348,,192,,,b'\x11\xe8\xe1I\xcbOI\xe0\xaf\x82\x12\xdf\x17\xaeN\x1e'
11E8E149-CB4F-49E0-AF82-12DF17AE4E1E,2020-ncaa-d0-natl,ncaa,104,134,33,129,42,45,67,39,133,79,56,184,105,127,87,203,20,17,169,14,88,22,25,135,123,109,130,178,74,132,167,266,162,217,215,122,245,186,89,144,40,53,231,264,,,188,97,,,162,15,67,34,66,95,73,112,96,130,162,35,32,31,43,62,178,323,298,166,138,51,243,,132,,,163,323,330,265,337,341,284,331,177,149,211,99,210,187,260,196,128,263,300,323,320,296,38,79,103,77,162,252,167,182,215,320,213,71,117,222,258,169,337,307,,,22,82,,,162,333,120,259,178,284,305,191,321,230,134,106,172,144,150,177,222,39,167,110,293,110,224,328,,44,,,b'\x11\xe8\xe1I\xcbOI\xe0\xaf\x82\x12\xdf\x17\xaeN\x1e'
11E8E149-CB4F-49E0-AF82-12DF17AE4E1E,2020-ncaa-d1-conf-Big Sky,ncaa,5,6,1,6,4,3,4,5,6,5,5,7,8,6,6,7,2,2,6,2,1,4,3,6,6,7,6,7,3,6,4,10,7,9,8,9,9,9,7,9,2,2,9,9,,,5,4,,,6,2,4,5,4,5,6,5,5,8,6,3,2,2,5,4,6,11,10,10,8,2,9,,3,,,6,7,9,4,10,11,7,11,3,4,4,4,4,5,7,5,3,5,8,8,8,8,1,1,5,1,7,5,4,3,8,8,8,2,2,7,9,8,9,9,,,1,2,,,6,9,6,7,7,7,9,3,10,5,3,4,3,4,4,3,7,1,5,1,8,2,9,9,,1,,,b'\x11\xe8\xe1I\xcbOI\xe0\xaf\x82\x12\xdf\x17\xaeN\x1e'
11E8E149-CB4F-49E0-AF82-12DF17AE4E1E,2020-ncaa-d1-natl,ncaa,114,134,45,134,58,59,81,53,140,97,72,195,121,140,90,201,26,25,173,24,83,37,40,145,132,117,129,179,67,158,177,300,169,256,227,143,248,168,94,150,53,64,241,267,,,159,102,,,180,28,72,34,67,101,77,119,100,135,164,34,31,30,46,71,187,326,304,171,138,60,248,,138,,,181,310,321,239,339,336,268,333,164,133,221,97,198,172,267,178,128,233,272,326,325,301,35,79,103,63,169,220,177,159,227,315,214,92,124,233,248,176,335,309,,,29,82,,,180,312,126,267,195,292,310,192,323,236,136,108,179,150,155,183,220,46,172,113,300,117,226,328,,45,,,b'\x11\xe8\xe1I\xcbOI\xe0\xaf\x82\x12\xdf\x17\xaeN\x1e'
11E8E149-CB4F-49E0-AF82-12DF17AE4E1E,2021-ncaa-d0-natl,ncaa,174,104,248,148,254,204,212,245,115,176,177,153,276,290,186,307,111,152,10,150,127,235,242,163,106,122,254,307,22,155,33,177,45,167,17,218,194,110,172,173,258,237,82,50,,,112,226,,,122,253,142,50,97,114,138,62,48,276,294,15,45,42,96,80,58,29,18,150,215,239,45,,225,,,115,98,90,105,68,86,102,81,144,146,159,230,148,133,289,126,209,98,89,87,106,180,278,230,253,78,45,59,33,59,17,71,78,281,272,188,119,161,283,291,,,154,16,,,122,92,99,152,114,185,144,232,118,180,230,257,247,223,215,239,196,111,43,49,100,263,191,324,,10,,,b'\x11\xe8\xe1I\xcbOI\xe0\xaf\x82\x12\xdf\x17\xaeN\x1e'
11E8E149-CB4F-49E0-AF82-12DF17AE4E1E,2021-ncaa-d1-conf-Big Sky,ncaa,8,4,11,5,11,11,11,11,5,11,11,4,11,11,9,11,11,11,3,11,9,11,11,7,7,7,10,11,3,11,1,11,2,11,1,11,9,1,8,8,11,9,6,2,,,1,9,,,6,11,6,1,5,5,6,2,1,11,10,1,2,2,5,2,2,1,1,5,9,9,2,,9,,,6,1,1,1,2,1,1,1,1,1,5,8,1,1,5,1,5,1,1,2,2,5,9,8,8,1,2,1,1,1,1,1,4,11,10,6,1,6,5,10,,,11,1,,,6,1,6,5,6,5,4,10,4,8,8,9,7,6,6,10,8,8,3,3,5,10,6,10,,1,,,b'\x11\xe8\xe1I\xcbOI\xe0\xaf\x82\x12\xdf\x17\xaeN\x1e'
11E8E149-CB4F-49E0-AF82-12DF17AE4E1E,2021-ncaa-d1-natl,ncaa,164,104,231,142,233,191,204,227,117,158,164,144,273,281,202,304,83,141,10,143,112,222,225,166,106,125,248,303,18,139,38,147,41,145,14,206,187,128,184,168,249,244,71,47,,,119,209,,,110,236,138,51,95,117,150,63,54,274,287,11,43,40,99,83,66,18,14,147,218,241,41,,213,,,102,102,99,119,58,91,113,71,156,171,113,235,157,136,261,132,192,123,104,72,83,152,265,225,246,81,41,64,38,70,14,77,72,275,281,179,131,173,289,285,,,130,10,,,110,114,103,128,97,175,138,243,113,191,216,263,231,216,201,249,198,119,46,56,84,273,199,320,,9,,,b'\x11\xe8\xe1I\xcbOI\xe0\xaf\x82\x12\xdf\x17\xaeN\x1e'
11E8E149-CB4F-49E0-AF82-12DF17AE4E1E,2022-ncaa-d0-natl,ncaa,139,106,216,132,222,146,168,200,119,160,152,164,202,253,95,252,69,78,114,80,73,180,204,142,106,109,168,235,55,161,114,126,63,138,63,183,192,97,114,134,295,301,53,25,,,43,48,,,155,212,141,45,94,126,149,102,109,192,233,36,48,49,104,120,123,50,53,153,143,296,26,,57,,,156,178,189,196,174,184,177,202,177,210,109,213,167,140,304,141,143,183,127,172,169,254,150,172,160,80,63,98,114,77,63,141,102,317,320,278,265,273,190,173,,,101,35,,,155,153,97,230,149,234,248,277,236,226,203,255,198,163,163,264,202,115,124,105,168,310,278,222,,38,,,b'\x11\xe8\xe1I\xcbOI\xe0\xaf\x82\x12\xdf\x17\xaeN\x1e'
11E8E149-CB4F-49E0-AF82-12DF17AE4E1E,2022-ncaa-d1-conf-Big Sky,ncaa,4,3,5,3,5,5,5,5,7,4,2,6,9,9,6,9,3,2,8,2,3,3,4,8,8,6,8,9,2,2,1,3,3,1,1,6,7,7,7,7,8,7,1,1,,,2,3,,,5,5,5,1,4,6,5,2,2,9,9,2,2,2,3,1,1,2,1,6,7,7,1,,3,,,5,5,4,6,4,5,5,4,4,8,2,7,4,4,7,4,5,6,6,3,3,5,5,7,6,5,3,3,1,3,1,3,4,6,6,6,7,5,6,4,,,1,1,,,5,7,6,5,5,6,6,8,5,7,4,9,5,4,4,8,9,7,5,5,5,6,7,6,,1,,,b'\x11\xe8\xe1I\xcbOI\xe0\xaf\x82\x12\xdf\x17\xaeN\x1e'
11E8E149-CB4F-49E0-AF82-12DF17AE4E1E,2022-ncaa-d1-natl,ncaa,120,106,146,122,155,98,108,126,101,86,94,129,183,207,113,244,58,67,109,70,110,113,130,121,101,86,202,237,75,84,61,69,43,63,24,132,200,125,93,120,266,285,33,24,,,50,37,,,106,145,126,49,63,74,86,63,79,181,209,46,57,57,59,81,75,39,26,129,126,282,25,,49,,,106,218,224,252,150,215,219,182,214,264,103,233,178,151,276,152,137,238,189,159,157,236,162,184,138,88,43,116,61,90,24,164,96,300,315,270,288,258,197,148,,,82,67,,,106,220,69,197,103,230,234,283,221,216,214,269,178,146,147,267,206,98,99,83,161,311,278,205,,47,,,b'\x11\xe8\xe1I\xcbOI\xe0\xaf\x82\x12\xdf\x17\xaeN\x1e'
11E8E149-CB4F-49E0-AF82-12DF17AE4E1E,2023-ncaa-d0-natl,ncaa,73,52,116,66,120,117,110,149,71,74,106,64,257,250,256,273,101,136,60,134,190,137,125,124,99,135,300,308,129,203,168,29,91,63,45,134,183,271,249,181,358,361,20,32,,,56,18,,,168,116,152,14,128,103,203,53,119,272,279,98,151,151,188,152,231,9,36,132,251,359,16,,34,,,168,266,296,328,74,292,327,96,236,293,73,184,114,164,34,172,65,325,256,73,43,189,91,191,62,262,91,83,168,148,45,246,145,355,361,356,344,335,65,38,,,50,27,,,168,249,150,204,167,252,277,356,275,350,224,291,103,144,162,349,276,252,55,114,231,359,335,53,,30,,,b'\x11\xe8\xe1I\xcbOI\xe0\xaf\x82\x12\xdf\x17\xaeN\x1e'
11E8E149-CB4F-49E0-AF82-12DF17AE4E1E,2023-ncaa-d1-conf-WAC,ncaa,1,1,2,1,2,3,2,5,2,2,4,4,9,11,6,11,3,5,1,5,10,5,5,4,4,4,11,10,6,9,8,1,1,2,1,5,10,10,7,8,13,13,1,1,,,2,2,,,2,2,8,9,6,5,10,2,5,9,11,4,5,5,9,8,10,1,1,7,7,13,1,,1,,,2,7,9,11,1,11,13,1,7,10,1,8,4,4,3,4,2,12,11,1,1,2,2,6,4,9,1,3,8,5,1,4,1,13,13,10,11,11,1,1,,,1,1,,,2,12,3,2,2,3,5,12,7,13,4,9,2,4,4,11,6,6,2,2,2,13,11,1,,3,,,b'\x11\xe8\xe1I\xcbOI\xe0\xaf\x82\x12\xdf\x17\xaeN\x1e'
11E8E149-CB4F-49E0-AF82-12DF17AE4E1E,2023-ncaa-d1-natl,ncaa,52,52,56,55,56,85,78,97,73,47,77,64,219,209,235,253,82,118,74,119,188,98,80,122,101,130,289,294,138,131,119,15,73,30,27,92,160,299,230,161,357,361,15,34,,,74,19,,,153,68,143,17,110,90,171,53,115,253,247,100,144,141,154,126,178,8,22,112,243,358,17,,36,,,154,301,317,349,61,309,345,79,263,313,73,197,150,204,29,219,79,344,309,59,39,184,117,204,66,281,73,118,119,189,27,255,129,353,361,349,353,335,69,33,,,24,29,,,153,297,136,184,155,236,269,356,250,343,229,298,104,156,175,347,272,242,50,109,208,359,337,48,,29,,,b'\x11\xe8\xe1I\xcbOI\xe0\xaf\x82\x12\xdf\x17\xaeN\x1e'
11E8E149-CB4F-49E0-AF82-12DF17AE4E1E,2023-ncaa-d1-ncaatournament,ncaa,36,2,36,36,38,55,55,55,49,50,42,53,50,61,29,55,48,41,63,38,16,48,59,48,54,47,33,41,19,59,63,62,65,65,66,51,38,5,9,25,60,64,35,32,,,2,2,,,57,53,36,7,53,53,50,44,25,44,56,31,14,10,34,54,55,62,65,45,6,58,14,,2,,,60,24,27,33,56,36,33,58,6,7,11,8,3,7,2,7,4,31,31,48,40,50,1,8,3,41,65,23,63,33,66,34,54,60,62,66,16,49,40,61,,,38,2,,,57,14,52,62,59,58,62,68,66,68,10,16,6,13,13,64,64,66,55,68,64,58,39,63,,5,,,b'\x11\xe8\xe1I\xcbOI\xe0\xaf\x82\x12\xdf\x17\xaeN\x1e'
11E8E149-CB4F-49E0-AF82-12DF17AE4E1E,2024-ncaa-d0-natl,ncaa,307,312,258,312,261,204,166,196,126,169,231,91,170,156,207,120,327,298,330,289,274,216,251,126,175,166,244,141,341,185,161,196,181,192,163,137,115,95,152,108,360,359,99,117,,,49,78,,,297,264,194,48,156,103,100,114,183,144,110,322,277,267,140,158,143,118,120,88,157,359,78,,101,,,298,268,287,215,312,287,225,301,214,166,289,152,182,147,319,148,119,207,103,308,300,354,110,164,114,155,181,106,161,113,163,268,181,358,357,356,290,316,145,190,,,239,198,,,297,96,163,351,297,339,342,323,336,326,275,223,224,191,195,321,213,219,208,217,313,357,322,188,,186,,,b'\x11\xe8\xe1I\xcbOI\xe0\xaf\x82\x12\xdf\x17\xaeN\x1e'
11E8E149-CB4F-49E0-AF82-12DF17AE4E1E,2024-ncaa-d1-conf-WAC,ncaa,8,9,5,9,5,7,6,4,7,5,4,6,7,7,5,7,11,10,10,10,11,5,7,7,7,7,9,7,11,5,3,6,8,4,3,7,8,4,6,6,11,11,3,5,,,3,2,,,7,7,10,3,7,6,5,4,3,7,7,11,10,10,7,9,4,6,3,7,5,11,3,,2,,,7,8,10,7,10,10,10,7,3,2,8,1,4,3,8,3,3,7,6,8,7,11,1,1,4,6,8,4,3,5,3,5,4,11,11,11,10,10,4,3,,,7,6,,,7,5,7,11,7,10,11,9,11,11,3,2,6,3,3,9,5,7,3,4,5,11,9,5,,6,,,b'\x11\xe8\xe1I\xcbOI\xe0\xaf\x82\x12\xdf\x17\xaeN\x1e'
11E8E149-CB4F-49E0-AF82-12DF17AE4E1E,2024-ncaa-d1-natl,ncaa,309,314,254,315,265,221,168,195,134,161,212,93,194,156,253,127,331,302,328,292,302,222,255,143,191,180,263,175,344,191,176,206,209,208,187,148,137,82,145,111,360,360,98,125,,,55,77,,,302,270,197,45,165,102,93,101,168,161,117,328,288,276,141,159,150,131,133,107,146,360,84,,97,,,304,284,298,224,317,303,243,308,225,172,287,153,183,144,328,149,115,220,98,311,302,358,113,165,115,171,209,135,176,138,187,285,194,359,357,357,296,321,164,204,,,253,213,,,302,95,172,353,304,344,347,327,338,324,280,230,222,186,192,321,217,232,222,235,322,357,323,207,,206,,,b'\x11\xe8\xe1I\xcbOI\xe0\xaf\x82\x12\xdf\x17\xaeN\x1e'
11E8E149-CB4F-49E0-AF82-12DF17AE4E1E,2025-ncaa-d0-natl,genius_ncaa,312,292,301,316,328,321,311,322,246,304,335,159,242,178,306,72,332,339,144,337,237,338,325,236,244,281,158,143,241,250,172,279,314,280,229,186,26,188,318,198,344,336,142,126,,,83,188,,76,310,332,260,269,298,281,280,281,304,207,109,308,321,320,311,267,197,203,217,125,288,336,99,,180,,120,314,114,117,105,193,139,152,170,116,79,225,112,173,164,200,156,198,100,56,193,201,276,161,145,225,240,314,29,172,97,229,97,123,345,321,296,290,347,170,314,,,233,81,,119,310,34,287,315,314,255,252,256,259,280,191,159,257,254,247,264,177,317,118,222,193,321,332,254,,138,,73,b'\x11\xe8\xe1I\xcbOI\xe0\xaf\x82\x12\xdf\x17\xaeN\x1e'
11E8E149-CB4F-49E0-AF82-12DF17AE4E1E,2025-ncaa-d1-conf-WAC,genius_ncaa,7,7,6,7,7,9,7,9,6,6,5,5,8,5,8,5,9,9,4,9,8,9,9,6,7,7,6,5,6,7,5,3,7,4,5,6,1,6,8,6,9,8,3,5,,,2,3,,3,7,9,8,3,9,7,9,6,5,7,5,9,9,9,9,9,6,2,2,5,8,9,3,,2,,4,7,2,4,5,1,5,8,1,1,2,1,2,3,2,3,2,2,5,3,1,1,3,1,1,5,7,7,2,5,5,5,1,1,9,8,6,7,9,2,4,,,6,4,,6,7,1,7,6,7,3,4,6,5,9,1,2,3,4,4,6,4,9,3,5,3,9,8,3,,5,,6,b'\x11\xe8\xe1I\xcbOI\xe0\xaf\x82\x12\xdf\x17\xaeN\x1e'
11E8E149-CB4F-49E0-AF82-12DF17AE4E1E,2025-ncaa-d1-natl,genius_ncaa,301,292,244,308,289,288,272,286,225,282,319,147,211,144,300,70,313,314,148,315,232,300,281,221,230,267,150,131,251,207,136,222,311,221,197,138,19,247,303,174,321,327,116,114,,,116,171,,67,291,296,256,269,285,264,263,268,302,190,95,298,307,307,295,246,174,152,166,87,284,315,94,,169,,88,292,156,141,168,138,138,187,126,161,151,193,146,215,217,191,209,211,175,111,138,149,233,202,172,242,284,311,63,136,145,197,115,132,321,319,278,311,345,197,301,,,210,106,,104,291,74,260,289,288,224,216,258,206,259,201,196,260,260,254,268,187,321,107,219,169,314,331,235,,160,,72,b'\x11\xe8\xe1I\xcbOI\xe0\xaf\x82\x12\xdf\x17\xaeN\x1e'
11E8E149-CB4F-49E0-AF82-12DF17AE4E1E,2026-ncaa-d0-natl,genius_ncaa,163,39,327,95,328,299,326,323,273,320,299,306,285,315,124,259,125,170,22,173,46,314,329,275,192,135,49,210,6,204,59,273,42,261,44,312,187,5,48,131,352,337,183,83,,,40,258,,96,165,340,177,21,101,199,81,200,85,163,198,6,13,14,45,79,20,27,8,191,66,333,67,,255,,232,163,22,16,26,102,18,35,68,59,38,257,160,113,76,313,69,238,28,20,126,170,239,299,224,302,14,42,32,59,16,44,9,24,349,325,185,5,25,59,148,,,260,20,,223,165,28,95,202,125,241,192,264,144,259,260,222,301,279,277,291,211,104,237,173,54,319,34,197,,12,,124,b'\x11\xe8\xe1I\xcbOI\xe0\xaf\x82\x12\xdf\x17\xaeN\x1e'
11E8E149-CB4F-49E0-AF82-12DF17AE4E1E,2026-ncaa-d1-natl,genius_ncaa,74,39,177,59,181,88,133,170,103,149,167,173,92,172,33,220,21,33,55,32,33,137,176,91,60,42,58,142,37,75,34,82,58,67,21,106,120,55,48,49,315,335,70,56,,,148,152,,226,65,208,125,31,25,69,78,114,120,62,152,8,11,10,41,75,37,21,11,74,64,322,50,,179,,248,59,157,121,196,56,85,184,33,238,222,222,200,217,185,309,179,182,195,159,65,93,149,309,268,256,112,58,93,34,98,21,23,10,276,293,91,32,29,65,59,,,69,30,,86,65,174,25,143,50,192,146,291,98,258,267,258,245,220,213,288,249,139,89,97,22,269,37,74,,19,,75,b'\x11\xe8\xe1I\xcbOI\xe0\xaf\x82\x12\xdf\x17\xaeN\x1e'
11E8E149-CB53-A562-AF82-12DF17AE4E1E,2010-ncaa-d0-natl,ncaa,45,49,50,47,76,87,109,250,18,121,210,24,125,231,6,214,49,141,3,141,86,227,280,13,8,6,130,179,77,335,332,172,5,291,134,225,318,11,48,93,234,189,328,329,,,170,282,,,31,222,343,256,134,167,335,166,292,161,270,77,193,195,330,344,341,290,341,280,6,276,334,,83,,,32,54,53,58,168,89,97,142,70,56,193,108,148,112,321,111,171,58,57,150,186,160,166,121,241,2,5,79,332,15,134,147,268,215,133,197,13,31,145,177,,,117,12,,,31,106,16,89,27,11,16,3,32,18,34,25,97,63,65,3,1,1,17,3,77,290,6,109,,213,,,b'\x11\xe8\xe1I\xcbS\xa5b\xaf\x82\x12\xdf\x17\xaeN\x1e'
11E8E149-CB53-A562-AF82-12DF17AE4E1E,2010-ncaa-d1-conf-Atlantic 10,ncaa,4,4,3,4,7,5,7,10,2,7,11,2,10,10,6,9,1,1,1,1,1,9,10,2,1,1,5,11,1,13,12,8,5,11,8,11,14,1,2,8,10,6,14,14,,,11,14,,,4,9,13,10,5,8,13,9,11,10,11,1,1,1,11,13,13,9,12,14,1,11,14,,12,,,4,2,3,5,7,8,6,7,4,4,6,4,10,6,9,5,7,4,5,7,8,8,5,4,10,1,5,3,12,1,8,6,9,10,8,10,1,1,2,4,,,1,1,,,4,6,2,8,3,3,3,2,5,1,3,3,8,6,4,1,1,2,3,2,4,10,1,2,,1,,,b'\x11\xe8\xe1I\xcbS\xa5b\xaf\x82\x12\xdf\x17\xaeN\x1e'
11E8E149-CB53-A562-AF82-12DF17AE4E1E,2010-ncaa-d1-natl,ncaa,46,49,53,49,84,98,118,269,18,124,222,24,128,241,6,214,53,148,3,149,85,244,306,14,8,6,126,182,73,337,334,193,5,309,141,237,318,8,49,95,248,194,332,330,,,152,283,,,32,244,343,256,137,174,337,173,293,163,272,78,192,196,330,344,341,292,341,287,6,283,335,,84,,,33,43,39,39,172,80,82,144,58,43,199,107,142,102,322,103,171,33,30,155,190,167,163,121,240,1,5,59,334,9,141,138,269,234,141,201,12,32,140,184,,,129,11,,,32,85,16,98,27,11,16,3,33,18,34,24,102,63,64,3,1,1,17,3,82,293,6,111,,215,,,b'\x11\xe8\xe1I\xcbS\xa5b\xaf\x82\x12\xdf\x17\xaeN\x1e'
11E8E149-CB53-A562-AF82-12DF17AE4E1E,2011-ncaa-d0-natl,ncaa,71,83,43,82,56,146,202,249,130,284,306,205,35,86,6,48,89,140,30,134,17,230,274,64,48,39,8,21,81,322,321,105,20,239,179,257,275,31,80,155,230,209,303,300,,,207,276,,,84,243,341,141,233,287,339,334,336,43,128,118,195,191,335,341,333,223,325,308,7,277,315,,114,,,87,75,75,111,92,55,87,78,191,184,207,222,132,127,181,132,200,105,87,116,117,141,262,251,187,33,20,169,321,87,179,167,285,244,219,232,10,26,202,295,,,120,17,,,84,118,75,107,72,22,26,13,21,17,138,126,84,83,88,8,3,6,70,16,109,309,3,150,,214,,,b'\x11\xe8\xe1I\xcbS\xa5b\xaf\x82\x12\xdf\x17\xaeN\x1e'
11E8E149-CB53-A562-AF82-12DF17AE4E1E,2011-ncaa-d1-conf-Atlantic 10,ncaa,5,3,4,5,4,7,8,13,6,11,13,6,1,4,1,2,5,5,10,5,1,9,11,3,3,3,1,2,4,14,14,6,4,10,8,11,14,2,4,10,8,4,12,12,,,8,11,,,6,10,13,4,10,10,13,13,13,1,5,6,5,5,13,14,14,9,14,12,2,7,13,,5,,,6,2,5,5,9,5,3,9,8,9,6,11,4,4,4,4,10,5,5,8,8,8,10,11,6,2,4,9,14,5,8,6,9,8,7,7,2,3,8,9,,,4,1,,,6,6,5,7,5,3,3,2,4,1,6,10,3,2,2,2,1,2,6,3,6,9,2,7,,6,,,b'\x11\xe8\xe1I\xcbS\xa5b\xaf\x82\x12\xdf\x17\xaeN\x1e'
11E8E149-CB53-A562-AF82-12DF17AE4E1E,2011-ncaa-d1-natl,ncaa,76,82,51,85,67,164,225,273,135,300,317,209,40,93,6,49,98,153,31,147,17,258,299,65,47,40,8,20,75,328,325,126,20,256,188,269,276,21,84,163,247,214,308,304,,,189,275,,,91,270,341,137,237,290,340,335,336,45,129,121,199,195,337,341,334,224,325,314,7,283,319,,113,,,96,56,58,90,93,43,67,85,183,169,210,219,121,115,186,123,200,78,65,121,124,150,262,249,188,20,20,147,325,66,188,157,286,267,224,240,8,27,195,298,,,136,15,,,91,87,78,112,79,23,27,13,23,18,136,126,85,80,86,8,3,6,72,17,111,312,3,159,,215,,,b'\x11\xe8\xe1I\xcbS\xa5b\xaf\x82\x12\xdf\x17\xaeN\x1e'
11E8E149-CB53-A562-AF82-12DF17AE4E1E,2012-ncaa-d0-natl,ncaa,5,6,11,7,18,50,95,127,60,148,203,99,31,76,10,93,16,39,24,38,20,103,159,36,19,11,26,61,43,284,324,19,7,85,97,229,326,17,14,103,286,305,302,318,,,176,148,,,28,106,332,243,130,205,323,277,315,67,134,41,105,108,298,337,335,70,254,307,2,327,325,,36,,,34,176,196,286,57,191,273,61,212,273,87,226,87,61,304,63,32,258,206,63,52,133,141,225,67,68,7,283,324,194,97,230,220,277,316,291,8,4,241,255,,,25,5,,,28,237,22,87,26,27,37,80,49,79,123,159,23,16,18,37,7,7,95,22,99,334,1,149,,98,,,b'\x11\xe8\xe1I\xcbS\xa5b\xaf\x82\x12\xdf\x17\xaeN\x1e'
11E8E149-CB53-A562-AF82-12DF17AE4E1E,2012-ncaa-d1-conf-Atlantic 10,ncaa,1,1,1,1,3,2,4,6,4,8,10,2,1,3,3,2,1,1,4,1,1,4,7,1,1,1,1,2,1,12,14,1,1,3,7,9,13,2,1,4,10,11,11,13,,,9,4,,,3,3,11,9,3,7,12,11,13,1,3,1,1,1,9,14,14,1,6,12,1,13,12,,2,,,3,5,5,12,1,6,12,1,6,11,3,8,5,4,8,5,1,12,12,2,1,3,9,9,8,4,1,12,14,10,7,7,9,9,12,11,1,1,5,8,,,1,1,,,3,12,1,3,3,1,2,7,3,6,5,7,2,2,2,6,2,3,10,6,3,13,1,4,,1,,,b'\x11\xe8\xe1I\xcbS\xa5b\xaf\x82\x12\xdf\x17\xaeN\x1e'
11E8E149-CB53-A562-AF82-12DF17AE4E1E,2012-ncaa-d1-natl,ncaa,5,6,12,7,19,58,107,152,60,165,230,102,36,82,10,93,19,41,22,40,19,117,188,36,20,11,26,61,39,304,327,21,8,103,107,248,327,12,13,107,302,308,311,320,,,153,149,,,34,130,332,243,137,215,323,285,315,70,134,41,107,108,300,337,336,72,260,312,3,330,325,,36,,,41,159,190,273,62,181,256,65,203,257,94,224,73,49,306,52,33,241,179,66,57,142,142,224,67,53,8,274,327,172,107,218,224,295,318,295,3,4,232,257,,,30,4,,,34,213,22,98,31,30,45,79,54,82,125,159,25,15,17,39,7,7,97,23,100,336,1,150,,101,,,b'\x11\xe8\xe1I\xcbS\xa5b\xaf\x82\x12\xdf\x17\xaeN\x1e'
11E8E149-CB53-A562-AF82-12DF17AE4E1E,2012-ncaa-d1-ncaatournament,ncaa,9,2,9,9,9,16,17,16,42,17,16,46,21,19,40,40,8,8,35,8,8,16,16,44,37,39,19,42,6,19,45,11,13,13,36,36,64,54,44,61,23,51,50,62,,,58,57,,,60,16,60,2,41,53,60,44,46,48,44,8,7,5,52,50,44,29,41,63,40,51,62,,49,,,43,54,52,50,37,49,49,39,59,57,32,54,55,54,50,53,45,50,50,38,46,47,50,48,42,47,13,55,45,51,36,50,26,17,42,38,52,39,55,46,,,9,7,,,60,49,41,40,43,34,21,20,19,9,47,53,43,36,32,21,14,13,36,27,24,45,34,37,,11,,,b'\x11\xe8\xe1I\xcbS\xa5b\xaf\x82\x12\xdf\x17\xaeN\x1e'
11E8E149-CB53-A562-AF82-12DF17AE4E1E,2013-ncaa-d0-natl,ncaa,259,244,251,264,265,302,316,315,278,316,304,275,213,208,204,136,200,220,147,225,78,312,328,259,235,194,76,137,61,323,309,277,119,317,272,325,292,14,94,233,304,266,241,204,,,47,169,,,189,324,327,99,291,311,315,305,286,195,184,167,189,192,302,327,311,237,310,325,43,296,229,,74,,,192,20,29,32,132,23,43,75,159,95,309,205,40,35,198,37,108,23,12,157,140,182,242,278,121,39,119,130,309,82,272,130,296,305,223,262,3,40,133,230,,,268,80,,,189,17,223,161,203,57,74,56,56,77,206,139,65,57,59,45,23,80,225,157,189,291,14,167,,233,,,b'\x11\xe8\xe1I\xcbS\xa5b\xaf\x82\x12\xdf\x17\xaeN\x1e'
11E8E149-CB53-A562-AF82-12DF17AE4E1E,2013-ncaa-d1-conf-Atlantic 10,ncaa,14,12,14,14,14,15,15,15,11,14,15,10,13,11,14,8,10,9,8,9,2,15,15,11,11,10,8,10,3,16,16,14,11,16,15,15,15,1,7,13,13,12,13,11,,,2,8,,,12,15,13,9,15,15,14,13,13,12,10,7,7,8,14,14,16,10,16,14,3,13,11,,7,,,12,2,1,1,7,1,1,2,14,8,16,14,6,6,13,7,9,1,2,10,11,10,16,15,7,3,11,8,16,5,15,5,13,14,10,13,1,5,4,12,,,14,4,,,12,2,12,11,13,8,6,3,1,4,15,14,8,8,8,6,4,8,14,13,10,12,3,7,,7,,,b'\x11\xe8\xe1I\xcbS\xa5b\xaf\x82\x12\xdf\x17\xaeN\x1e'
11E8E149-CB53-A562-AF82-12DF17AE4E1E,2013-ncaa-d1-natl,ncaa,270,243,292,269,303,317,329,331,283,325,312,281,221,218,206,134,212,233,148,239,75,327,344,262,239,198,74,134,56,329,312,300,123,327,280,330,297,7,100,238,311,272,248,209,,,37,175,,,192,338,329,95,293,316,317,308,286,199,183,166,188,191,304,327,314,242,314,328,44,297,232,,77,,,197,11,21,18,143,18,31,83,147,82,316,206,37,33,196,34,107,6,2,160,145,187,241,276,120,36,123,112,312,60,280,122,296,312,233,268,2,42,130,232,,,278,74,,,192,6,229,168,208,61,77,57,59,79,207,140,68,60,61,45,22,80,226,161,193,293,16,173,,230,,,b'\x11\xe8\xe1I\xcbS\xa5b\xaf\x82\x12\xdf\x17\xaeN\x1e'
11E8E149-CB53-A562-AF82-12DF17AE4E1E,2014-ncaa-d0-natl,ncaa,39,72,15,68,20,120,168,241,70,166,203,101,172,227,44,216,31,30,160,29,17,186,158,77,58,86,101,195,18,281,281,40,36,108,95,213,229,251,252,249,257,288,139,166,,,130,80,,,132,114,336,246,275,309,346,279,308,221,280,71,71,73,342,342,336,112,268,293,113,313,185,,24,,,135,215,212,296,57,127,265,25,315,281,317,246,125,73,344,74,38,268,227,95,93,173,303,321,98,140,36,176,281,161,95,207,190,260,308,270,177,180,133,174,,,19,5,,,132,244,135,141,126,48,49,103,21,86,260,195,50,23,22,44,12,38,28,22,91,335,88,64,,70,,,b'\x11\xe8\xe1I\xcbS\xa5b\xaf\x82\x12\xdf\x17\xaeN\x1e'
11E8E149-CB53-A562-AF82-12DF17AE4E1E,2014-ncaa-d1-conf-Atlantic 10,ncaa,3,3,3,3,7,8,12,13,2,13,13,3,4,10,1,6,2,1,7,1,1,13,13,3,1,4,1,3,1,13,13,7,4,11,5,12,12,7,11,12,10,8,9,6,,,1,2,,,7,11,12,9,10,12,13,13,13,4,10,2,1,1,13,13,13,8,13,12,6,11,9,,1,,,7,6,3,6,3,1,4,1,13,10,13,11,4,2,13,2,3,5,3,5,5,8,13,13,6,5,4,1,13,1,5,2,3,13,11,10,8,10,3,10,,,1,1,,,7,3,6,9,7,4,4,6,1,3,13,7,4,2,2,4,2,4,1,2,2,12,8,4,,1,,,b'\x11\xe8\xe1I\xcbS\xa5b\xaf\x82\x12\xdf\x17\xaeN\x1e'
11E8E149-CB53-A562-AF82-12DF17AE4E1E,2014-ncaa-d1-natl,ncaa,42,72,16,72,22,142,191,265,74,187,221,106,177,235,44,215,32,33,161,32,17,216,185,76,58,91,102,196,17,291,282,42,38,126,101,232,232,232,257,256,268,292,147,165,,,111,84,,,150,141,336,248,276,310,346,281,309,224,281,72,76,77,342,342,336,120,272,297,110,315,194,,23,,,153,195,195,285,64,116,249,25,311,275,321,245,115,63,347,63,38,248,200,105,99,179,299,321,97,124,38,154,282,140,101,200,191,281,310,275,167,181,127,175,,,23,5,,,150,222,141,151,138,50,50,102,21,85,260,193,52,23,21,44,12,39,28,22,96,337,87,69,,72,,,b'\x11\xe8\xe1I\xcbS\xa5b\xaf\x82\x12\xdf\x17\xaeN\x1e'
11E8E149-CB53-A562-AF82-12DF17AE4E1E,2015-ncaa-d0-natl,ncaa,162,161,172,169,211,250,289,307,217,263,256,218,242,253,214,215,77,97,67,102,37,279,294,223,160,170,127,222,12,338,336,140,69,263,246,281,230,97,197,240,250,239,118,119,,,146,221,,,176,248,263,187,263,306,331,271,273,244,248,44,72,78,310,320,340,89,281,292,123,261,115,,151,,,176,60,37,112,22,36,149,13,136,106,251,133,225,149,346,145,156,110,87,30,66,114,295,218,289,83,69,182,336,135,246,80,208,249,234,177,155,229,131,199,,,105,8,,,176,96,234,105,177,72,37,117,33,166,153,110,234,158,158,105,69,90,215,172,88,257,173,140,,62,,,b'\x11\xe8\xe1I\xcbS\xa5b\xaf\x82\x12\xdf\x17\xaeN\x1e'
11E8E149-CB53-A562-AF82-12DF17AE4E1E,2015-ncaa-d1-conf-Atlantic 10,ncaa,12,10,11,12,12,13,14,14,9,13,14,6,9,9,11,6,6,9,4,9,3,13,14,9,7,7,4,9,1,14,14,10,5,14,12,13,9,4,6,9,11,10,10,9,,,5,11,,,10,14,10,4,12,14,14,11,12,9,8,5,7,7,11,14,14,7,12,12,4,10,10,,8,,,10,4,1,1,7,2,4,3,6,3,14,5,12,10,14,10,11,1,1,6,10,10,12,7,14,2,5,7,14,4,12,2,9,12,11,9,2,7,5,9,,,8,1,,,10,2,10,10,10,9,5,3,3,7,7,4,12,11,11,7,2,5,10,9,7,12,5,6,,6,,,b'\x11\xe8\xe1I\xcbS\xa5b\xaf\x82\x12\xdf\x17\xaeN\x1e'
11E8E149-CB53-A562-AF82-12DF17AE4E1E,2015-ncaa-d1-natl,ncaa,180,160,209,181,248,275,310,333,225,293,292,224,255,263,213,213,94,121,66,127,36,311,327,230,166,180,120,222,10,344,339,170,70,297,256,309,238,85,200,249,276,245,129,124,,,113,221,,,191,292,267,174,274,315,331,276,277,246,250,47,74,80,315,321,341,99,293,304,128,265,117,,155,,,191,38,24,74,27,28,122,16,118,83,259,128,205,128,346,123,157,68,46,35,71,125,297,213,289,61,70,154,339,106,256,63,210,274,239,189,143,236,115,205,,,130,6,,,191,51,242,115,194,75,40,119,36,170,158,108,238,161,160,112,66,93,219,174,93,263,182,142,,62,,,b'\x11\xe8\xe1I\xcbS\xa5b\xaf\x82\x12\xdf\x17\xaeN\x1e'
11E8E149-CB53-A562-AF82-12DF17AE4E1E,2016-ncaa-d0-natl,ncaa,41,30,76,39,89,135,138,211,60,161,244,58,113,132,69,106,188,265,17,264,220,232,229,56,51,78,146,118,241,337,342,35,28,152,142,75,43,175,218,88,182,177,68,60,,,108,119,,,69,143,281,74,184,175,314,206,294,125,157,243,297,297,323,321,345,28,224,76,128,211,78,,74,,,69,59,52,210,13,46,193,8,169,206,94,210,118,105,215,109,107,184,170,19,20,33,267,243,200,93,28,221,342,160,142,39,84,217,221,97,154,197,135,173,,,231,219,,,69,191,155,30,72,28,21,114,16,116,140,178,90,78,80,83,48,60,133,82,32,268,131,101,,305,,,b'\x11\xe8\xe1I\xcbS\xa5b\xaf\x82\x12\xdf\x17\xaeN\x1e'
11E8E149-CB53-A562-AF82-12DF17AE4E1E,2016-ncaa-d1-conf-Atlantic 10,ncaa,4,4,10,4,12,9,7,14,1,10,12,2,5,6,1,4,11,13,1,13,8,14,14,1,1,2,5,4,11,14,14,7,2,13,8,5,5,6,13,4,5,2,5,3,,,1,3,,,4,13,12,8,6,6,14,10,12,3,6,10,13,13,13,12,14,4,12,5,9,2,5,,2,,,4,1,1,1,1,1,1,1,7,5,12,6,2,3,6,3,6,1,2,2,4,2,12,13,9,1,2,2,14,2,8,1,2,8,2,1,6,10,3,5,,,14,11,,,4,2,5,2,4,1,1,2,1,4,9,6,4,4,4,2,2,2,4,4,1,6,7,3,,13,,,b'\x11\xe8\xe1I\xcbS\xa5b\xaf\x82\x12\xdf\x17\xaeN\x1e'
11E8E149-CB53-A562-AF82-12DF17AE4E1E,2016-ncaa-d1-natl,ncaa,47,30,99,40,109,163,159,246,67,188,267,62,118,148,74,103,211,280,16,281,218,260,268,62,52,85,143,117,238,344,344,41,29,188,153,89,46,150,219,91,210,190,74,64,,,87,121,,,82,185,283,70,201,193,320,211,301,129,157,249,299,298,328,324,346,30,237,85,127,222,78,,78,,,80,31,38,181,15,32,159,9,157,190,99,207,105,88,221,89,108,154,125,20,20,40,266,241,198,78,29,192,344,128,153,30,87,244,227,103,131,201,112,176,,,258,216,,,82,146,162,33,81,28,24,115,19,119,145,175,92,84,85,86,48,63,140,86,34,271,133,105,,303,,,b'\x11\xe8\xe1I\xcbS\xa5b\xaf\x82\x12\xdf\x17\xaeN\x1e'
11E8E149-CB53-A562-AF82-12DF17AE4E1E,2016-ncaa-d1-ncaatournament,ncaa,17,2,17,17,17,31,32,31,38,32,31,46,25,30,23,38,28,31,19,28,29,32,32,36,34,31,21,31,20,37,53,25,22,28,41,30,29,34,38,36,27,25,23,27,,,42,57,,,47,32,62,1,52,55,59,53,51,38,49,35,42,40,59,63,51,29,45,50,24,31,31,,44,,,34,34,33,33,22,25,33,19,46,47,34,53,45,51,9,51,62,34,33,28,25,30,62,59,53,35,22,43,53,40,41,40,57,26,35,36,17,11,40,46,,,30,37,,,47,33,39,28,36,13,3,6,2,3,45,48,42,53,54,10,5,24,33,27,27,40,4,40,,49,,,b'\x11\xe8\xe1I\xcbS\xa5b\xaf\x82\x12\xdf\x17\xaeN\x1e'
11E8E149-CB53-A562-AF82-12DF17AE4E1E,2017-ncaa-d0-natl,ncaa,267,265,234,273,288,315,300,322,225,230,256,172,332,302,339,250,262,303,58,299,270,324,327,274,256,259,304,307,109,338,330,162,134,286,254,263,139,113,251,224,317,299,194,156,,,64,150,,,257,310,304,345,314,301,331,210,228,329,291,242,295,289,335,332,336,96,271,252,166,308,183,,94,,,258,47,42,85,62,39,58,99,136,207,63,280,121,119,180,119,206,76,40,79,76,160,261,236,208,125,134,129,330,116,254,47,137,326,299,226,101,218,31,74,,,296,169,,,257,34,296,181,267,88,89,143,61,80,180,250,156,165,168,144,54,182,194,202,89,322,145,56,,287,,,b'\x11\xe8\xe1I\xcbS\xa5b\xaf\x82\x12\xdf\x17\xaeN\x1e'
11E8E149-CB53-A562-AF82-12DF17AE4E1E,2017-ncaa-d1-conf-Atlantic 10,ncaa,11,11,8,11,13,10,10,13,7,9,9,4,12,10,13,9,11,12,1,12,11,13,13,7,7,8,12,12,6,14,14,11,9,12,11,11,10,8,12,11,10,6,9,6,,,4,8,,,10,12,11,13,10,10,12,8,8,12,10,9,11,11,12,12,14,8,12,9,9,6,9,,6,,,10,6,4,3,10,4,1,13,10,11,5,13,6,6,3,6,14,4,3,10,11,10,10,11,7,4,9,4,14,3,11,7,10,12,7,9,9,12,3,6,,,13,11,,,10,2,10,10,11,8,5,7,5,1,10,12,8,10,10,6,5,7,7,7,9,10,10,5,,13,,,b'\x11\xe8\xe1I\xcbS\xa5b\xaf\x82\x12\xdf\x17\xaeN\x1e'
11E8E149-CB53-A562-AF82-12DF17AE4E1E,2017-ncaa-d1-natl,ncaa,283,265,310,284,332,330,324,339,235,263,287,186,335,315,339,248,284,315,59,315,270,340,344,278,262,263,302,308,106,342,329,210,147,319,267,285,148,80,255,233,329,303,207,159,,,35,154,,,266,341,308,346,321,305,333,223,234,330,291,243,298,291,337,334,340,107,278,258,168,316,190,,95,,,272,24,23,46,74,28,35,106,124,183,65,275,108,101,185,100,205,35,14,87,80,171,260,236,213,97,147,104,329,83,267,37,136,339,305,242,81,224,23,84,,,320,167,,,266,8,301,195,285,93,92,146,69,85,185,252,165,166,171,145,59,187,202,209,91,325,145,55,,288,,,b'\x11\xe8\xe1I\xcbS\xa5b\xaf\x82\x12\xdf\x17\xaeN\x1e'
11E8E149-CB53-A562-AF82-12DF17AE4E1E,2018-ncaa-d0-natl,ncaa,277,295,164,288,180,207,231,250,196,317,326,205,51,48,71,23,238,277,61,276,109,256,273,114,108,124,17,19,213,339,337,136,239,277,314,205,171,137,212,200,284,290,329,325,,,118,117,,,258,205,206,111,204,249,268,332,333,40,43,237,277,277,286,297,335,117,295,217,159,283,327,,142,,,257,236,249,221,243,190,75,324,308,331,97,339,72,153,5,153,224,217,164,274,220,272,237,311,43,251,239,238,337,254,314,239,183,274,288,290,86,143,123,267,,,247,169,,,258,140,209,297,259,259,276,270,213,61,321,345,87,169,167,262,204,273,260,282,254,277,97,140,,242,,,b'\x11\xe8\xe1I\xcbS\xa5b\xaf\x82\x12\xdf\x17\xaeN\x1e'
11E8E149-CB53-A562-AF82-12DF17AE4E1E,2018-ncaa-d1-conf-Atlantic 10,ncaa,12,12,8,12,11,9,11,13,6,14,14,6,2,1,4,1,8,10,3,10,2,13,14,3,4,4,1,1,5,14,14,12,12,14,14,12,9,6,10,11,9,11,14,13,,,7,5,,,11,10,6,6,5,8,12,14,14,2,1,5,6,6,12,12,14,10,13,10,7,8,14,,7,,,11,12,13,8,14,12,2,14,14,12,11,12,6,7,1,8,9,8,5,14,13,14,8,11,2,10,12,10,14,10,14,9,5,10,9,11,6,9,4,12,,,9,4,,,11,4,8,14,11,13,14,10,13,4,14,12,6,8,9,10,10,11,11,11,10,8,8,7,,6,,,b'\x11\xe8\xe1I\xcbS\xa5b\xaf\x82\x12\xdf\x17\xaeN\x1e'
11E8E149-CB53-A562-AF82-12DF17AE4E1E,2018-ncaa-d1-natl,ncaa,289,295,213,296,236,245,272,290,215,334,339,213,61,57,73,24,255,293,60,292,108,297,311,119,116,133,15,19,206,341,338,176,244,310,320,237,174,111,220,212,299,299,332,327,,,89,121,,,271,263,213,94,221,266,277,335,335,42,46,238,280,278,293,299,336,122,301,230,163,289,329,,145,,,271,209,237,191,260,167,49,328,301,326,94,338,58,127,5,129,224,179,108,287,230,286,232,310,43,234,244,213,338,232,320,230,186,297,297,299,68,153,110,277,,,272,172,,,271,79,220,305,274,269,284,271,225,67,321,345,92,170,170,266,201,279,263,285,261,283,101,145,,240,,,b'\x11\xe8\xe1I\xcbS\xa5b\xaf\x82\x12\xdf\x17\xaeN\x1e'
11E8E149-CB53-A562-AF82-12DF17AE4E1E,2019-ncaa-d0-natl,ncaa,277,298,173,290,182,280,287,270,281,305,284,288,146,150,157,96,289,289,227,285,189,284,270,236,255,272,75,72,230,311,320,149,158,224,259,269,201,241,283,273,304,305,312,315,,,138,182,,,290,233,260,44,305,305,298,321,287,133,136,301,299,292,310,290,314,109,239,279,244,305,317,,170,,,286,172,165,177,170,140,142,178,220,234,174,252,162,155,186,150,179,174,121,187,183,238,224,245,167,170,158,239,320,223,259,160,144,283,278,251,255,283,285,328,,,288,266,,,290,120,294,242,291,199,202,206,163,157,247,258,177,174,169,209,140,187,267,252,168,275,257,295,,302,,,b'\x11\xe8\xe1I\xcbS\xa5b\xaf\x82\x12\xdf\x17\xaeN\x1e'
11E8E149-CB53-A562-AF82-12DF17AE4E1E,2019-ncaa-d1-conf-Atlantic 10,ncaa,12,12,9,12,11,12,11,12,10,11,11,11,6,7,9,3,14,14,13,14,13,13,12,9,12,11,6,3,14,13,13,11,11,11,12,12,12,7,12,12,10,10,13,13,,,6,7,,,11,11,6,10,12,10,8,11,11,5,3,14,13,13,11,9,12,9,9,11,11,10,13,,8,,,11,7,7,6,10,8,7,12,6,7,7,7,8,8,6,8,9,5,4,10,10,11,4,5,9,9,11,9,13,10,12,8,8,12,10,8,10,12,10,14,,,14,14,,,11,4,10,11,11,11,10,9,12,9,7,8,10,10,10,8,8,11,11,12,9,10,11,11,,14,,,b'\x11\xe8\xe1I\xcbS\xa5b\xaf\x82\x12\xdf\x17\xaeN\x1e'
11E8E149-CB53-A562-AF82-12DF17AE4E1E,2019-ncaa-d1-natl,ncaa,294,297,233,298,240,302,307,308,288,322,305,295,158,166,158,98,306,303,225,298,195,318,314,251,265,279,72,70,226,321,324,193,164,275,271,297,209,212,292,287,320,314,322,321,,,121,185,,,302,285,263,37,309,309,303,324,294,135,140,305,298,293,315,298,317,113,245,288,244,312,318,,176,,,304,136,134,125,191,115,110,195,208,212,187,252,138,133,193,130,183,123,75,207,196,252,223,244,169,140,164,205,324,181,271,140,147,304,284,264,236,291,274,331,,,306,265,,,302,66,303,262,308,211,215,208,176,161,251,255,181,180,179,211,138,200,279,262,177,278,259,300,,299,,,b'\x11\xe8\xe1I\xcbS\xa5b\xaf\x82\x12\xdf\x17\xaeN\x1e'
11E8E149-CB53-A562-AF82-12DF17AE4E1E,2020-ncaa-d0-natl,ncaa,308,314,87,310,132,254,215,224,193,213,240,163,182,152,240,115,331,344,21,345,342,275,299,186,204,178,219,136,320,338,341,212,187,298,314,309,323,54,132,214,302,301,297,312,,,132,191,,,290,268,323,162,291,249,282,241,268,185,173,333,344,344,329,341,340,241,334,320,43,313,303,,121,,,288,239,226,184,251,229,190,245,194,160,229,160,226,211,264,213,207,190,100,248,259,315,170,153,211,167,187,274,341,246,314,109,54,326,325,275,43,82,114,154,,,343,339,,,290,87,239,310,289,223,213,136,210,166,178,150,216,197,201,148,41,148,243,220,85,337,34,109,,349,,,b'\x11\xe8\xe1I\xcbS\xa5b\xaf\x82\x12\xdf\x17\xaeN\x1e'
11E8E149-CB53-A562-AF82-12DF17AE4E1E,2020-ncaa-d1-conf-Atlantic 10,ncaa,12,12,9,12,9,12,10,12,4,9,10,4,10,10,12,7,13,14,2,14,12,12,13,9,9,9,13,11,12,14,14,10,9,14,14,14,14,3,4,10,10,9,13,13,,,4,6,,,14,12,12,3,12,8,10,4,9,10,9,12,13,13,12,13,14,10,14,14,3,9,13,,6,,,14,10,12,5,13,11,5,13,8,6,8,9,7,7,5,7,11,5,4,13,13,13,5,9,4,9,9,6,14,6,14,7,6,13,12,13,4,7,5,6,,,14,14,,,14,3,11,14,14,12,13,9,12,8,10,10,9,11,11,9,8,11,11,13,9,12,4,5,,14,,,b'\x11\xe8\xe1I\xcbS\xa5b\xaf\x82\x12\xdf\x17\xaeN\x1e'
11E8E149-CB53-A562-AF82-12DF17AE4E1E,2020-ncaa-d1-natl,ncaa,313,314,128,314,194,290,249,272,206,249,266,172,194,167,244,115,337,344,20,345,343,313,329,201,214,188,217,135,319,342,342,246,195,324,318,324,328,41,135,222,312,306,308,316,,,112,201,,,296,311,325,162,302,262,288,251,269,190,173,333,343,343,330,341,342,248,334,325,43,317,304,,122,,,297,223,211,143,262,210,168,251,179,142,242,156,211,190,271,195,212,147,51,257,268,323,169,151,210,147,195,253,342,215,318,92,56,337,325,285,34,85,107,159,,,346,338,,,296,47,243,316,297,229,223,140,219,165,179,148,221,202,207,151,42,153,250,229,94,339,34,109,,349,,,b'\x11\xe8\xe1I\xcbS\xa5b\xaf\x82\x12\xdf\x17\xaeN\x1e'
11E8E149-CB53-A562-AF82-12DF17AE4E1E,2021-ncaa-d0-natl,ncaa,249,276,191,271,200,234,209,218,175,202,214,166,208,207,212,169,281,288,169,285,311,239,247,184,215,196,257,179,294,262,279,223,252,244,285,244,277,102,165,202,200,171,220,197,,,103,129,,,251,233,312,138,277,220,248,196,200,223,223,315,320,318,289,322,291,239,294,275,100,200,222,,90,,,247,127,136,141,146,109,110,160,244,234,211,309,88,87,107,88,126,136,117,188,158,218,267,313,62,187,252,135,279,145,285,159,193,255,267,266,73,102,238,276,,,282,318,,,251,109,226,247,255,147,161,178,93,68,287,295,62,70,75,142,74,229,169,195,189,284,69,273,,337,,,b'\x11\xe8\xe1I\xcbS\xa5b\xaf\x82\x12\xdf\x17\xaeN\x1e'
11E8E149-CB53-A562-AF82-12DF17AE4E1E,2021-ncaa-d1-conf-Atlantic 10,ncaa,11,13,3,13,3,4,5,3,4,4,3,5,7,6,7,8,7,8,4,8,11,3,3,6,8,10,11,8,12,10,12,6,11,5,12,9,13,13,12,13,4,5,8,10,,,12,7,,,13,3,7,12,11,7,13,8,7,11,10,11,11,11,13,12,13,12,12,12,12,7,12,,8,,,13,13,12,11,12,11,10,11,14,14,12,11,11,11,10,11,10,11,12,12,11,13,10,10,7,12,11,11,12,12,12,12,9,5,9,12,11,9,14,13,,,7,13,,,13,12,11,13,13,11,9,9,10,5,12,13,8,8,8,8,9,9,7,7,11,10,7,13,,13,,,b'\x11\xe8\xe1I\xcbS\xa5b\xaf\x82\x12\xdf\x17\xaeN\x1e'
11E8E149-CB53-A562-AF82-12DF17AE4E1E,2021-ncaa-d1-natl,ncaa,258,275,206,277,216,244,221,232,183,222,235,170,215,214,214,169,288,296,172,293,310,249,256,192,218,203,255,178,294,274,284,235,261,254,292,256,277,92,169,211,217,175,227,201,,,90,130,,,259,245,313,136,281,228,253,202,206,226,221,315,321,318,292,325,296,245,300,283,103,207,225,,89,,,257,119,123,128,155,103,103,170,232,224,219,308,80,79,109,82,128,121,104,202,168,230,266,313,64,174,261,121,284,132,292,142,194,267,270,274,65,104,231,278,,,289,318,,,259,98,235,256,262,152,169,179,100,69,288,293,63,75,80,144,72,234,172,202,193,287,68,278,,336,,,b'\x11\xe8\xe1I\xcbS\xa5b\xaf\x82\x12\xdf\x17\xaeN\x1e'
11E8E149-CB53-A562-AF82-12DF17AE4E1E,2022-ncaa-d0-natl,ncaa,233,210,260,232,277,292,291,307,202,253,263,189,298,292,269,243,254,251,198,254,187,306,317,238,227,232,258,270,120,339,328,240,232,302,287,345,352,70,211,323,321,310,143,84,,,37,94,,,262,297,283,185,299,293,317,216,218,285,278,215,209,211,306,337,339,173,305,353,148,316,116,,74,,,265,69,75,100,132,51,58,149,249,241,221,315,41,53,43,54,161,82,66,174,138,184,275,328,64,167,232,107,328,115,287,69,122,305,262,215,29,95,136,204,,,285,151,,,262,55,271,209,267,149,161,188,95,94,305,305,72,95,101,171,120,242,204,226,126,275,59,191,,242,,,b'\x11\xe8\xe1I\xcbS\xa5b\xaf\x82\x12\xdf\x17\xaeN\x1e'
11E8E149-CB53-A562-AF82-12DF17AE4E1E,2022-ncaa-d1-conf-Atlantic 10,ncaa,13,13,6,13,6,8,7,11,9,5,5,9,12,12,9,11,3,5,7,5,7,11,9,9,9,11,11,12,2,14,14,9,11,13,14,14,14,10,12,14,11,12,6,6,,,8,7,,,14,7,5,3,10,11,13,6,6,12,13,4,6,7,13,12,14,8,13,14,11,12,6,,7,,,14,13,13,11,13,10,8,10,13,13,13,11,10,11,9,11,10,12,10,13,12,14,13,10,6,11,11,10,14,11,14,14,9,8,11,12,8,7,9,10,,,6,3,,,14,8,11,14,14,13,13,12,10,7,14,12,10,11,11,12,13,13,10,12,13,11,6,11,,4,,,b'\x11\xe8\xe1I\xcbS\xa5b\xaf\x82\x12\xdf\x17\xaeN\x1e'
11E8E149-CB53-A562-AF82-12DF17AE4E1E,2022-ncaa-d1-natl,ncaa,235,209,270,235,285,303,300,320,217,263,270,207,286,278,265,228,259,255,202,255,182,314,325,242,237,233,242,247,128,338,327,241,225,312,289,346,352,63,199,321,328,315,138,80,,,43,93,,,259,309,281,184,297,296,311,230,223,270,266,215,208,211,305,334,334,178,301,354,133,318,110,,71,,,261,70,79,98,139,55,59,161,247,249,215,314,36,55,36,59,159,80,50,181,146,186,273,327,62,166,225,107,327,116,289,60,102,304,260,208,29,91,138,206,,,287,157,,,259,46,266,210,265,154,164,189,102,94,304,305,71,94,102,163,111,234,211,228,126,276,56,187,,245,,,b'\x11\xe8\xe1I\xcbS\xa5b\xaf\x82\x12\xdf\x17\xaeN\x1e'
11E8E149-CB53-A562-AF82-12DF17AE4E1E,2023-ncaa-d0-natl,ncaa,325,352,81,341,105,300,312,207,349,335,278,345,145,86,267,61,291,297,223,292,230,225,176,323,336,342,52,51,221,292,340,177,349,235,352,307,257,312,319,333,215,258,73,88,,,189,112,,,352,137,258,291,352,355,324,359,334,169,112,334,337,336,337,314,327,267,324,339,272,241,78,,130,,,347,301,306,303,180,276,285,150,301,285,271,223,179,168,208,180,105,303,270,200,175,250,217,269,83,355,349,336,340,352,352,289,199,223,297,294,262,263,325,354,,,249,277,,,352,226,350,315,348,254,261,288,214,254,284,258,133,123,132,277,210,350,302,333,247,282,222,310,,320,,,b'\x11\xe8\xe1I\xcbS\xa5b\xaf\x82\x12\xdf\x17\xaeN\x1e'
11E8E149-CB53-A562-AF82-12DF17AE4E1E,2023-ncaa-d1-conf-Atlantic 10,ncaa,14,14,9,14,11,15,15,14,14,15,14,14,8,8,10,2,13,13,5,12,8,14,14,13,12,15,2,3,4,14,14,12,15,14,15,15,14,12,15,15,11,12,8,8,,,4,3,,,15,12,10,10,15,15,15,15,14,8,6,13,14,14,15,15,14,13,15,15,11,11,8,,5,,,15,13,12,9,12,7,9,8,11,9,14,10,9,9,7,9,10,9,5,13,12,15,13,12,6,15,15,11,14,15,15,12,10,15,14,15,12,15,8,14,,,14,9,,,15,5,15,15,15,14,14,11,11,12,14,10,9,10,11,12,9,15,13,15,13,14,11,8,,14,,,b'\x11\xe8\xe1I\xcbS\xa5b\xaf\x82\x12\xdf\x17\xaeN\x1e'
11E8E149-CB53-A562-AF82-12DF17AE4E1E,2023-ncaa-d1-natl,ncaa,337,351,103,345,142,327,339,269,352,348,310,349,161,104,274,62,317,319,221,317,233,283,241,330,339,345,49,51,213,319,344,218,352,285,354,327,261,300,324,336,239,274,84,90,,,160,117,,,352,195,265,291,352,357,328,360,332,176,116,337,339,336,342,317,332,278,331,341,276,255,81,,135,,,349,288,296,289,194,256,267,169,293,274,284,223,161,144,218,157,107,283,244,220,199,275,217,267,83,353,352,323,344,349,354,279,197,255,307,309,242,271,318,355,,,274,275,,,352,172,351,326,351,262,272,292,230,259,291,263,143,125,135,277,207,350,308,335,258,296,227,312,,320,,,b'\x11\xe8\xe1I\xcbS\xa5b\xaf\x82\x12\xdf\x17\xaeN\x1e'
11E8E149-CB53-A562-AF82-12DF17AE4E1E,2024-ncaa-d0-natl,ncaa,341,348,196,346,241,314,321,281,329,332,314,295,213,158,308,72,267,287,123,295,177,295,290,305,299,309,83,112,126,309,311,275,211,306,301,337,325,194,283,335,292,280,346,345,,,52,96,,,331,275,263,263,338,346,313,348,321,205,134,267,282,287,325,320,312,297,330,351,221,293,348,,82,,,328,182,226,124,317,168,92,307,286,203,341,276,23,28,88,29,76,99,94,337,305,302,187,313,19,101,211,191,311,146,301,160,106,202,151,186,130,217,327,355,,,189,67,,,331,101,325,288,326,217,272,147,212,94,306,228,39,43,48,93,87,123,245,203,174,185,158,340,,162,,,b'\x11\xe8\xe1I\xcbS\xa5b\xaf\x82\x12\xdf\x17\xaeN\x1e'
11E8E149-CB53-A562-AF82-12DF17AE4E1E,2024-ncaa-d1-conf-Atlantic 10,ncaa,15,15,7,15,10,14,14,14,14,13,12,13,11,5,14,5,8,8,5,9,6,13,13,15,14,13,4,5,2,13,14,10,11,13,13,14,12,10,14,15,11,12,13,13,,,4,5,,,15,8,6,7,15,15,12,14,13,9,5,6,8,10,12,11,13,11,13,15,14,12,13,,5,,,15,10,12,7,15,12,7,14,11,6,14,9,4,5,8,4,5,7,8,15,14,14,5,11,2,7,11,13,14,12,13,9,8,9,8,10,9,13,15,15,,,6,3,,,15,8,15,12,15,11,14,11,13,9,12,7,6,7,6,10,10,10,14,14,8,8,11,15,,2,,,b'\x11\xe8\xe1I\xcbS\xa5b\xaf\x82\x12\xdf\x17\xaeN\x1e'
11E8E149-CB53-A562-AF82-12DF17AE4E1E,2024-ncaa-d1-natl,ncaa,352,350,254,353,304,341,346,333,340,350,339,311,231,181,316,72,290,301,115,309,175,339,334,324,315,323,82,114,117,324,319,313,222,338,315,353,328,173,295,343,318,294,352,347,,,38,106,,,340,323,271,264,345,353,321,351,325,213,137,274,287,293,331,326,314,308,338,355,229,307,351,,85,,,340,149,204,78,327,146,64,316,281,172,346,276,18,18,97,19,80,53,43,347,320,317,188,315,20,83,222,160,319,116,315,139,108,245,167,201,115,226,321,359,,,220,60,,,340,50,337,305,337,234,282,152,228,97,315,230,45,44,48,99,85,132,251,211,186,196,161,343,,166,,,b'\x11\xe8\xe1I\xcbS\xa5b\xaf\x82\x12\xdf\x17\xaeN\x1e'
11E8E149-CB53-A562-AF82-12DF17AE4E1E,2025-ncaa-d0-natl,genius_ncaa,325,332,194,329,234,331,337,316,336,349,328,347,191,184,186,88,301,314,114,320,203,325,320,304,299,315,45,52,167,357,360,284,295,347,359,335,301,173,299,327,312,310,334,344,,,13,15,,191,347,259,278,269,348,355,345,356,332,184,169,303,324,326,350,348,357,299,359,354,211,314,337,,14,,213,346,220,313,217,344,309,224,345,243,213,267,232,8,6,184,6,7,167,113,343,305,339,34,228,3,205,295,283,360,272,359,165,31,312,309,297,193,283,293,349,,,279,169,,279,347,95,342,340,348,276,341,282,334,259,273,238,10,5,5,196,105,241,328,308,192,323,209,313,,290,,276,b'\x11\xe8\xe1I\xcbS\xa5b\xaf\x82\x12\xdf\x17\xaeN\x1e'
11E8E149-CB53-A562-AF82-12DF17AE4E1E,2025-ncaa-d1-conf-Atlantic 10,genius_ncaa,15,15,11,15,12,15,14,15,14,15,12,15,8,8,8,5,14,15,8,15,13,15,15,12,12,12,4,4,9,15,15,14,11,15,15,15,11,7,11,13,14,14,15,14,,,2,2,,6,15,12,8,5,15,14,15,15,12,7,8,14,15,15,15,14,15,14,15,15,7,14,14,,2,,9,15,14,15,10,15,14,11,15,10,9,14,10,2,2,11,2,2,8,5,15,15,15,2,8,2,8,11,14,15,13,15,11,4,13,14,15,10,15,14,14,,,15,13,,14,15,3,15,15,15,15,15,15,15,14,12,11,2,2,2,13,8,8,15,14,12,13,13,15,,15,,14,b'\x11\xe8\xe1I\xcbS\xa5b\xaf\x82\x12\xdf\x17\xaeN\x1e'
11E8E149-CB53-A562-AF82-12DF17AE4E1E,2025-ncaa-d1-natl,genius_ncaa,331,332,244,336,289,345,349,338,343,354,339,352,207,211,187,90,315,329,110,332,201,345,344,314,308,321,45,52,154,359,360,308,308,355,359,346,307,146,305,336,330,320,336,347,,,9,15,,178,350,311,282,269,350,356,345,357,336,187,172,304,325,326,351,349,359,311,361,355,211,324,339,,16,,221,350,199,301,189,351,301,190,351,234,192,278,230,7,5,189,5,7,118,61,345,314,346,33,227,3,191,308,263,360,247,359,147,31,332,313,308,171,293,288,351,,,309,162,,283,350,46,345,346,351,290,347,283,338,261,276,238,11,5,5,200,99,247,329,312,202,328,207,314,,293,,271,b'\x11\xe8\xe1I\xcbS\xa5b\xaf\x82\x12\xdf\x17\xaeN\x1e'
11E8E149-CB53-A562-AF82-12DF17AE4E1E,2026-ncaa-d0-natl,genius_ncaa,55,80,49,81,73,95,77,95,77,56,71,70,186,171,241,251,134,154,80,144,275,98,103,99,108,105,337,296,255,161,209,82,55,107,107,124,280,214,129,146,114,138,134,182,,,257,208,,263,98,92,235,97,143,102,183,53,126,254,259,218,259,239,193,262,245,126,173,173,99,158,188,,154,,211,101,236,264,266,170,291,267,209,170,251,61,194,163,150,215,155,75,256,258,145,132,130,65,110,99,140,55,232,209,211,107,215,99,114,154,134,141,89,15,8,,,114,177,,241,98,273,121,101,103,96,137,136,190,149,74,142,72,61,61,92,72,43,96,62,100,180,72,6,,224,,294,b'\x11\xe8\xe1I\xcbS\xa5b\xaf\x82\x12\xdf\x17\xaeN\x1e'
11E8E149-CB53-A562-AF82-12DF17AE4E1E,2026-ncaa-d1-conf-Atlantic 10,genius_ncaa,8,8,1,8,1,4,1,3,3,2,2,2,7,4,12,6,8,7,7,5,10,2,2,6,7,7,13,10,10,7,8,1,8,1,7,5,7,10,6,6,9,11,3,7,,,11,10,,2,8,1,1,1,4,1,3,2,2,7,4,8,7,5,2,2,7,1,1,5,10,9,3,,11,,2,8,14,12,13,10,14,14,9,1,2,1,1,12,12,11,12,11,14,14,8,9,10,3,1,10,11,8,9,8,10,7,9,5,10,13,11,9,8,4,4,,,9,12,,8,8,13,7,11,8,14,12,13,14,14,1,2,12,12,12,14,14,11,9,10,9,10,9,4,,9,,8,b'\x11\xe8\xe1I\xcbS\xa5b\xaf\x82\x12\xdf\x17\xaeN\x1e'
11E8E149-CB53-A562-AF82-12DF17AE4E1E,2026-ncaa-d1-natl,genius_ncaa,38,80,13,79,35,69,56,61,88,36,44,83,171,146,233,240,121,143,112,138,274,65,66,120,123,120,326,286,240,121,186,42,44,56,83,111,285,228,129,157,128,186,112,157,,,294,221,,265,90,60,239,100,158,108,182,69,133,249,251,215,242,232,196,242,236,104,148,199,112,214,165,,160,,190,102,241,272,302,144,306,274,235,136,281,16,215,151,145,192,152,85,289,291,117,104,113,44,92,103,139,44,254,186,218,83,217,96,96,177,144,163,83,30,9,,,83,156,,198,90,298,127,97,101,84,123,136,191,132,55,164,75,66,69,99,69,42,97,55,87,204,76,12,,201,,254,b'\x11\xe8\xe1I\xcbS\xa5b\xaf\x82\x12\xdf\x17\xaeN\x1e'
11E8E149-CB58-2088-AF82-12DF17AE4E1E,2010-ncaa-d0-natl,ncaa,338,340,241,340,276,337,335,313,338,345,338,337,122,82,248,12,342,340,318,339,252,321,313,313,327,336,23,12,315,309,315,322,345,325,344,305,131,247,329,322,290,295,184,181,,,268,317,,,340,308,284,274,336,337,318,344,336,99,46,344,341,340,331,312,296,322,328,313,289,277,174,,316,,,340,180,198,128,273,199,139,261,157,116,271,122,171,276,1,276,277,157,113,275,230,289,158,160,168,336,345,187,315,299,344,332,341,287,289,337,191,274,6,49,,,323,276,,,340,40,336,336,340,277,277,208,265,234,206,161,222,312,312,268,217,344,279,336,336,264,234,9,,321,,,b'\x11\xe8\xe1I\xcbX \x88\xaf\x82\x12\xdf\x17\xaeN\x1e'
11E8E149-CB58-2088-AF82-12DF17AE4E1E,2010-ncaa-d1-conf-NEC,ncaa,11,11,10,11,10,11,11,11,11,11,11,11,3,2,9,1,11,11,9,11,9,11,11,11,11,11,1,1,11,11,11,11,11,11,11,10,6,5,11,11,9,7,5,5,,,9,11,,,11,11,8,8,11,11,11,11,11,2,1,11,11,11,11,11,11,11,11,10,10,7,5,,11,,,11,7,7,2,11,7,4,11,4,3,10,3,10,10,2,10,10,5,3,11,10,11,6,3,8,10,11,9,11,9,11,11,11,7,8,11,6,10,1,4,,,11,11,,,11,1,11,11,11,11,11,5,11,5,6,3,10,10,11,10,9,11,11,11,11,6,9,3,,11,,,b'\x11\xe8\xe1I\xcbX \x88\xaf\x82\x12\xdf\x17\xaeN\x1e'
11E8E149-CB58-2088-AF82-12DF17AE4E1E,2010-ncaa-d1-natl,ncaa,341,339,276,342,309,342,341,328,339,345,339,338,127,85,251,12,344,344,319,343,254,335,330,314,331,336,19,12,314,320,317,330,345,337,344,323,133,238,329,325,304,301,194,183,,,258,318,,,341,332,286,275,338,338,319,344,336,99,46,344,342,341,333,312,299,321,328,318,289,284,172,,316,,,341,166,185,111,279,189,126,266,153,103,274,121,163,266,1,266,278,137,94,280,234,293,154,160,168,333,345,169,317,292,344,328,341,307,293,337,178,276,6,52,,,334,273,,,341,18,338,339,341,286,287,212,269,236,207,162,224,312,312,269,218,344,281,336,336,265,235,10,,324,,,b'\x11\xe8\xe1I\xcbX \x88\xaf\x82\x12\xdf\x17\xaeN\x1e'
11E8E149-CB58-2088-AF82-12DF17AE4E1E,2011-ncaa-d0-natl,ncaa,335,339,242,337,278,333,334,341,241,339,340,198,192,170,216,26,329,322,285,322,55,341,330,192,207,317,41,32,204,337,334,315,336,338,339,310,127,313,342,327,277,258,270,275,,,165,271,,,333,314,310,257,339,340,343,341,341,162,145,329,325,325,343,336,338,315,341,318,327,268,268,,235,,,331,124,146,89,254,177,168,189,107,48,318,62,121,138,96,141,151,88,59,240,224,271,98,128,145,288,336,29,334,117,339,215,264,299,271,310,322,339,31,236,,,306,145,,,333,26,332,321,335,193,218,166,236,256,141,63,158,190,184,171,97,321,68,204,270,291,327,43,,303,,,b'\x11\xe8\xe1I\xcbX \x88\xaf\x82\x12\xdf\x17\xaeN\x1e'
11E8E149-CB58-2088-AF82-12DF17AE4E1E,2011-ncaa-d1-conf-NEC,ncaa,11,11,11,11,11,11,11,11,7,11,11,4,7,7,6,1,11,11,7,11,4,11,11,6,7,11,2,1,9,11,11,11,11,11,11,10,4,8,11,10,10,10,8,9,,,2,8,,,11,11,11,4,11,11,11,11,11,6,2,11,11,11,11,11,11,11,11,10,11,10,8,,6,,,11,7,6,2,11,5,4,10,7,4,11,5,6,5,10,5,6,2,1,11,11,11,6,7,6,11,11,1,11,2,11,9,10,11,11,11,11,11,4,11,,,11,4,,,11,1,11,11,11,11,11,8,11,8,8,6,7,6,6,7,4,11,1,10,11,11,11,7,,11,,,b'\x11\xe8\xe1I\xcbX \x88\xaf\x82\x12\xdf\x17\xaeN\x1e'
11E8E149-CB58-2088-AF82-12DF17AE4E1E,2011-ncaa-d1-natl,ncaa,336,337,279,336,310,340,341,342,246,341,342,202,204,184,215,24,335,332,287,331,54,342,339,197,215,320,39,31,204,339,334,326,336,341,339,322,136,303,343,330,289,262,275,280,,,147,272,,,333,330,310,260,340,340,343,342,341,166,144,330,325,327,343,336,339,316,342,320,329,275,270,,236,,,334,102,130,69,260,166,145,197,96,40,320,57,110,129,97,133,146,63,37,243,228,280,95,127,145,280,336,16,334,87,339,207,263,313,280,314,314,339,29,244,,,317,147,,,333,12,335,325,335,199,223,168,242,260,140,63,162,193,186,173,94,321,69,207,274,294,328,44,,303,,,b'\x11\xe8\xe1I\xcbX \x88\xaf\x82\x12\xdf\x17\xaeN\x1e'
11E8E149-CB58-2088-AF82-12DF17AE4E1E,2012-ncaa-d0-natl,ncaa,327,325,240,329,263,334,333,341,189,334,332,198,265,284,157,159,315,320,202,319,144,340,334,186,186,305,143,146,156,338,323,286,226,329,258,263,23,317,341,307,250,193,331,319,,,186,316,,,304,323,323,177,337,338,343,335,333,259,274,315,316,316,343,336,339,276,334,258,329,239,328,,260,,,304,41,29,26,158,39,28,197,81,104,84,198,186,192,149,199,307,38,22,159,180,212,242,142,292,110,226,10,323,18,258,107,276,293,225,247,309,340,114,293,,,323,195,,,304,20,326,225,313,94,62,44,76,37,117,151,243,251,263,69,29,169,19,43,162,284,323,148,,317,,,b'\x11\xe8\xe1I\xcbX \x88\xaf\x82\x12\xdf\x17\xaeN\x1e'
11E8E149-CB58-2088-AF82-12DF17AE4E1E,2012-ncaa-d1-conf-NEC,ncaa,10,10,7,10,9,10,11,11,7,11,11,8,7,9,5,5,10,10,6,10,5,11,11,6,7,10,4,5,7,11,11,10,10,11,10,8,2,10,10,9,9,8,11,9,,,4,11,,,10,11,11,11,11,11,11,11,11,7,8,10,10,10,11,11,11,10,11,10,10,8,11,,7,,,10,1,2,1,6,2,1,8,2,6,3,8,5,5,7,5,10,1,1,6,6,6,8,6,10,6,10,1,11,3,10,3,6,9,8,6,8,10,5,10,,,10,6,,,10,1,10,10,10,3,1,1,1,1,3,7,7,7,7,2,2,10,2,2,3,9,10,5,,10,,,b'\x11\xe8\xe1I\xcbX \x88\xaf\x82\x12\xdf\x17\xaeN\x1e'
11E8E149-CB58-2088-AF82-12DF17AE4E1E,2012-ncaa-d1-natl,ncaa,330,325,286,330,300,340,339,343,193,336,337,208,273,292,158,158,321,323,200,322,142,343,343,192,192,308,138,144,154,341,325,306,230,339,266,280,23,310,341,310,265,202,332,321,,,165,318,,,307,335,325,166,338,338,343,336,334,257,275,317,317,317,343,336,339,279,336,265,328,248,328,,260,,,308,31,22,15,166,31,16,202,70,88,92,199,176,179,153,185,310,18,8,168,187,217,241,143,291,96,230,3,325,7,266,89,277,309,231,251,301,340,105,297,,,327,194,,,307,7,328,233,317,101,65,42,82,38,118,153,254,251,265,68,31,173,19,44,166,285,324,149,,318,,,b'\x11\xe8\xe1I\xcbX \x88\xaf\x82\x12\xdf\x17\xaeN\x1e'
11E8E149-CB58-2088-AF82-12DF17AE4E1E,2013-ncaa-d0-natl,ncaa,235,244,183,248,185,260,263,304,161,303,319,183,96,136,58,57,301,322,100,323,211,315,303,111,122,183,54,42,267,297,231,231,178,287,179,155,28,212,305,176,255,232,317,306,,,39,72,,,209,299,317,51,274,273,325,308,320,77,114,304,318,320,331,314,297,225,289,135,230,251,318,,48,,,209,73,71,94,122,36,39,134,275,262,216,307,64,72,109,67,173,78,64,172,156,193,300,313,115,129,178,34,231,51,179,221,322,269,234,286,196,284,223,318,,,312,259,,,209,50,207,201,212,101,102,100,48,37,288,285,79,92,93,83,52,147,46,71,246,274,211,238,,312,,,b'\x11\xe8\xe1I\xcbX \x88\xaf\x82\x12\xdf\x17\xaeN\x1e'
11E8E149-CB58-2088-AF82-12DF17AE4E1E,2013-ncaa-d1-conf-NEC,ncaa,7,7,5,7,6,9,10,11,5,11,11,3,7,6,5,3,9,11,3,11,7,11,11,3,3,6,6,4,9,11,10,9,6,11,7,8,3,5,11,6,11,10,12,10,,,1,1,,,9,10,12,5,11,11,12,11,11,7,4,10,11,12,12,12,11,9,10,9,5,11,12,,1,,,9,4,5,4,9,5,4,9,9,10,6,11,2,2,4,2,2,4,3,10,8,8,5,10,2,3,6,3,10,3,7,7,8,9,7,9,8,10,8,11,,,10,9,,,9,3,9,8,9,3,6,2,5,3,7,10,2,2,2,2,1,3,2,2,7,11,7,9,,11,,,b'\x11\xe8\xe1I\xcbX \x88\xaf\x82\x12\xdf\x17\xaeN\x1e'
11E8E149-CB58-2088-AF82-12DF17AE4E1E,2013-ncaa-d1-natl,ncaa,248,243,210,252,214,277,283,322,166,318,329,188,101,146,55,56,311,326,99,326,208,329,317,117,126,186,51,42,266,304,233,256,184,302,183,168,28,196,305,185,271,239,319,308,,,30,72,,,215,318,316,48,280,278,327,310,321,79,114,305,320,321,331,315,299,229,294,142,229,260,321,,47,,,215,56,56,64,133,29,28,138,268,252,218,308,58,63,113,59,174,55,41,175,160,197,300,312,115,114,184,23,233,33,183,215,322,293,241,289,188,287,215,322,,,324,255,,,215,30,214,210,219,105,104,99,51,38,287,282,80,93,94,85,50,145,46,72,248,280,214,240,,312,,,b'\x11\xe8\xe1I\xcbX \x88\xaf\x82\x12\xdf\x17\xaeN\x1e'
11E8E149-CB58-2088-AF82-12DF17AE4E1E,2014-ncaa-d0-natl,ncaa,105,72,180,88,180,194,247,300,97,319,335,105,41,73,21,28,195,267,17,262,45,301,309,43,31,52,11,18,197,317,292,209,188,283,215,134,41,106,219,104,229,213,250,229,,,86,141,,,100,285,323,2,183,249,321,328,336,26,53,198,267,261,316,322,327,188,295,99,125,221,247,,106,,,96,40,39,85,64,39,72,85,129,166,79,230,135,119,231,116,200,74,89,67,80,72,256,205,241,151,188,66,292,81,215,28,73,178,133,62,177,277,19,118,,,182,38,,,100,77,93,94,80,53,46,83,54,70,142,190,159,149,147,78,83,176,88,108,41,169,214,23,,165,,,b'\x11\xe8\xe1I\xcbX \x88\xaf\x82\x12\xdf\x17\xaeN\x1e'
11E8E149-CB58-2088-AF82-12DF17AE4E1E,2014-ncaa-d1-conf-NEC,ncaa,5,5,5,5,5,6,7,9,5,10,10,6,3,2,3,1,5,9,1,9,4,9,10,3,3,3,1,1,7,10,9,6,5,10,8,5,1,2,6,4,8,7,5,5,,,2,4,,,5,8,10,1,6,7,8,10,10,3,2,6,9,9,9,10,10,5,9,5,2,8,5,,3,,,5,2,1,2,3,2,4,3,2,3,3,2,5,4,6,4,5,3,3,2,3,2,5,3,8,3,5,5,9,3,8,2,2,5,4,1,5,9,2,4,,,7,5,,,5,4,6,3,4,3,1,1,2,5,2,2,5,5,5,2,3,4,6,5,2,6,7,2,,7,,,b'\x11\xe8\xe1I\xcbX \x88\xaf\x82\x12\xdf\x17\xaeN\x1e'
11E8E149-CB58-2088-AF82-12DF17AE4E1E,2014-ncaa-d1-natl,ncaa,111,72,211,92,211,219,264,322,103,327,338,110,47,80,24,27,219,280,16,274,45,319,323,44,32,55,10,15,193,328,296,237,195,300,227,150,45,88,225,105,238,213,259,230,,,74,142,,,108,313,324,2,190,252,322,327,336,27,55,200,270,264,318,323,328,196,299,106,124,224,250,,105,,,104,27,26,57,73,28,50,89,117,153,85,228,125,109,234,105,200,53,55,73,85,81,251,204,239,133,195,46,296,62,227,18,74,201,141,68,167,284,16,127,,,208,37,,,108,44,96,104,85,56,47,82,57,72,141,188,163,149,146,79,81,182,90,110,44,179,213,24,,167,,,b'\x11\xe8\xe1I\xcbX \x88\xaf\x82\x12\xdf\x17\xaeN\x1e'
11E8E149-CB58-2088-AF82-12DF17AE4E1E,2015-ncaa-d0-natl,ncaa,162,256,26,217,29,136,157,165,156,243,288,112,47,40,131,32,169,256,5,252,140,184,180,103,87,98,38,39,212,292,305,175,106,238,263,106,63,164,178,106,171,180,343,343,,,45,20,,,196,139,336,82,264,286,330,327,335,79,82,264,321,318,337,338,330,318,339,168,75,236,344,,6,,,196,252,307,241,304,300,241,305,247,209,266,215,21,28,78,26,28,201,209,306,263,247,58,225,11,102,106,255,305,206,263,212,90,147,159,189,202,209,93,174,,,89,46,,,196,225,142,219,187,97,194,52,198,78,178,125,7,8,8,21,13,28,93,49,111,243,128,47,,229,,,b'\x11\xe8\xe1I\xcbX \x88\xaf\x82\x12\xdf\x17\xaeN\x1e'
11E8E149-CB58-2088-AF82-12DF17AE4E1E,2015-ncaa-d1-conf-NEC,ncaa,4,5,1,5,1,3,5,9,1,7,10,1,2,3,2,1,6,8,1,8,3,9,9,1,1,1,1,2,7,9,10,5,2,7,5,1,1,3,7,1,5,4,10,10,,,1,1,,,3,7,10,6,8,9,10,9,10,2,5,7,10,10,10,10,10,8,10,2,1,9,10,,1,,,4,3,5,7,5,5,5,6,5,7,5,8,1,1,2,2,2,3,3,5,3,3,2,6,2,2,2,4,10,2,5,2,2,7,7,3,6,9,1,4,,,6,1,,,3,4,2,3,3,2,3,1,3,1,4,2,1,1,1,1,1,1,2,1,2,10,5,1,,9,,,b'\x11\xe8\xe1I\xcbX \x88\xaf\x82\x12\xdf\x17\xaeN\x1e'
11E8E149-CB58-2088-AF82-12DF17AE4E1E,2015-ncaa-d1-natl,ncaa,180,255,30,223,33,167,187,212,166,273,315,116,58,51,129,31,188,272,5,267,141,220,229,108,91,103,34,38,207,307,308,203,111,280,274,119,67,136,180,110,188,190,343,343,,,29,23,,,213,175,336,81,275,295,330,332,337,80,82,264,322,320,336,339,334,320,340,174,75,246,345,,7,,,213,231,294,209,310,291,212,311,235,198,272,216,16,23,81,21,27,167,167,311,273,261,56,223,10,79,111,230,308,175,274,197,90,169,166,200,185,214,85,181,,,111,43,,,213,191,152,238,205,101,206,55,212,78,177,124,7,9,9,21,14,28,96,52,117,249,128,48,,229,,,b'\x11\xe8\xe1I\xcbX \x88\xaf\x82\x12\xdf\x17\xaeN\x1e'
11E8E149-CB58-2088-AF82-12DF17AE4E1E,2015-ncaa-d1-ncaatournament,ncaa,33,2,33,33,33,64,63,48,64,64,58,64,38,35,46,3,64,64,,64,64,56,59,64,64,64,5,1,64,51,51,63,62,63,62,61,37,14,44,57,51,33,56,58,,,4,12,,,64,60,58,4,64,63,31,64,56,16,8,64,64,64,53,57,41,63,63,61,33,41,55,,6,,,64,28,32,16,64,35,18,64,15,11,42,24,1,1,3,1,2,6,3,64,64,64,3,17,1,12,62,27,51,21,62,37,45,49,28,60,9,27,43,63,,,62,61,,,64,5,64,64,64,60,63,22,64,35,26,16,1,2,2,10,3,18,58,50,63,37,20,62,,62,,,b'\x11\xe8\xe1I\xcbX \x88\xaf\x82\x12\xdf\x17\xaeN\x1e'
11E8E149-CB58-2088-AF82-12DF17AE4E1E,2016-ncaa-d0-natl,ncaa,296,293,240,298,241,284,313,308,271,319,320,265,157,149,185,74,198,273,19,278,126,311,293,236,191,244,45,86,85,261,186,295,147,295,161,167,10,246,317,197,294,265,328,332,,,44,102,,,288,292,287,23,278,308,310,323,319,134,116,178,255,261,309,269,235,283,298,116,287,282,331,,70,,,290,149,218,81,334,203,66,336,208,169,277,262,21,39,29,35,90,56,47,336,315,316,93,226,20,32,147,47,186,29,161,259,260,275,217,303,332,345,294,344,,,281,207,,,288,58,255,291,293,232,284,139,272,105,251,228,41,61,55,99,60,66,88,63,296,257,342,313,,260,,,b'\x11\xe8\xe1I\xcbX \x88\xaf\x82\x12\xdf\x17\xaeN\x1e'
11E8E149-CB58-2088-AF82-12DF17AE4E1E,2016-ncaa-d1-conf-NEC,ncaa,9,9,9,9,9,9,10,10,5,10,10,4,6,7,7,3,4,10,2,10,4,10,10,6,4,6,3,5,1,10,5,9,2,10,4,5,2,5,10,4,10,10,9,9,,,1,2,,,9,10,8,2,8,8,10,9,8,6,6,3,8,7,10,9,9,7,10,2,9,10,9,,2,,,9,6,6,1,10,9,3,9,5,3,8,6,1,2,2,2,2,1,1,10,10,10,2,6,2,1,2,1,5,1,4,8,7,9,8,9,9,10,9,9,,,10,9,,,9,1,7,8,9,7,8,7,9,6,6,5,4,4,3,7,3,1,4,3,10,9,10,9,,10,,,b'\x11\xe8\xe1I\xcbX \x88\xaf\x82\x12\xdf\x17\xaeN\x1e'
11E8E149-CB58-2088-AF82-12DF17AE4E1E,2016-ncaa-d1-natl,ncaa,302,292,303,302,304,312,333,334,279,340,336,269,172,164,186,72,227,283,18,285,129,334,330,243,200,251,43,85,73,280,197,321,152,325,174,195,10,219,320,207,308,270,335,333,,,30,111,,,296,327,289,21,289,315,317,328,321,139,116,178,256,262,312,275,242,287,302,126,290,288,333,,72,,,299,127,204,44,336,186,41,337,199,151,284,260,17,30,34,26,92,27,13,337,317,318,93,224,18,20,152,30,197,12,174,250,262,301,225,311,327,345,289,344,,,306,203,,,296,21,260,302,302,236,286,141,279,109,251,223,41,62,58,108,59,68,91,64,300,261,343,315,,259,,,b'\x11\xe8\xe1I\xcbX \x88\xaf\x82\x12\xdf\x17\xaeN\x1e'
11E8E149-CB58-2088-AF82-12DF17AE4E1E,2017-ncaa-d0-natl,ncaa,284,300,168,296,192,258,275,280,245,278,303,188,187,150,263,85,208,260,73,253,124,282,238,227,195,268,90,124,121,257,223,156,157,212,156,147,10,305,327,228,229,216,313,302,,,58,63,,,284,224,239,117,292,298,313,294,313,180,134,209,262,261,317,261,263,140,220,127,302,224,317,,63,,,280,173,160,177,160,80,77,176,304,299,243,321,108,85,280,67,144,153,135,216,217,241,303,327,117,148,157,73,223,86,156,270,312,227,223,283,316,330,304,341,,,246,218,,,284,128,285,242,281,211,191,204,93,58,313,312,108,96,88,173,126,170,98,115,293,233,316,311,,262,,,b'\x11\xe8\xe1I\xcbX \x88\xaf\x82\x12\xdf\x17\xaeN\x1e'
11E8E149-CB58-2088-AF82-12DF17AE4E1E,2017-ncaa-d1-conf-NEC,ncaa,7,7,5,7,6,8,7,7,6,8,6,5,6,6,6,4,10,10,3,10,9,8,8,6,6,7,6,3,7,8,6,6,6,7,5,3,1,6,7,4,6,6,10,10,,,1,3,,,8,8,9,3,8,8,7,8,7,6,5,10,10,10,9,9,7,6,6,2,7,6,10,,3,,,8,4,6,6,5,2,5,4,10,9,9,9,1,1,10,1,3,4,3,9,8,7,10,10,2,6,6,3,6,2,5,9,9,7,6,8,6,8,10,10,,,10,9,,,8,3,7,8,8,5,6,4,2,4,10,9,3,3,2,4,3,7,3,3,9,6,7,10,,10,,,b'\x11\xe8\xe1I\xcbX \x88\xaf\x82\x12\xdf\x17\xaeN\x1e'
11E8E149-CB58-2088-AF82-12DF17AE4E1E,2017-ncaa-d1-natl,ncaa,300,299,217,303,258,296,298,317,249,308,330,197,196,165,271,84,241,280,72,277,123,318,291,237,210,275,88,122,121,283,232,203,166,258,170,170,11,288,331,238,251,224,321,306,,,33,68,,,295,281,242,115,298,300,316,304,318,179,136,211,264,264,320,268,270,154,234,140,303,232,317,,64,,,294,134,131,133,171,60,50,184,300,288,250,321,85,65,285,55,144,105,73,229,229,255,301,328,113,122,166,48,232,57,170,260,311,250,226,290,308,332,299,342,,,277,216,,,295,69,288,253,292,216,201,206,98,61,314,311,111,99,92,177,124,174,101,120,298,237,319,315,,261,,,b'\x11\xe8\xe1I\xcbX \x88\xaf\x82\x12\xdf\x17\xaeN\x1e'
11E8E149-CB58-2088-AF82-12DF17AE4E1E,2018-ncaa-d0-natl,ncaa,208,207,164,215,185,209,220,252,161,267,269,233,100,169,34,123,204,199,248,196,103,249,234,116,124,172,51,68,177,210,153,210,192,208,144,143,46,244,276,187,183,157,324,328,,,80,104,,,202,238,260,117,209,229,278,289,277,86,161,202,176,178,275,241,200,201,204,123,257,174,325,,100,,,202,127,146,136,191,87,119,96,291,184,345,246,29,62,39,57,92,107,120,245,203,180,275,326,48,149,192,78,153,85,144,192,227,166,142,189,299,316,347,349,,,195,126,,,202,126,179,185,192,154,173,140,88,128,299,210,45,78,69,106,120,170,75,105,200,156,304,347,,170,,,b'\x11\xe8\xe1I\xcbX \x88\xaf\x82\x12\xdf\x17\xaeN\x1e'
11E8E149-CB58-2088-AF82-12DF17AE4E1E,2018-ncaa-d1-conf-NEC,ncaa,4,3,5,4,6,5,5,9,3,8,9,4,5,7,1,5,4,3,4,3,2,8,8,2,2,2,4,5,3,7,6,6,4,7,3,3,1,3,7,2,7,7,10,10,,,1,1,,,3,8,9,3,3,7,9,6,9,5,7,3,3,3,9,9,7,6,7,2,5,8,10,,1,,,3,5,6,3,9,4,4,4,10,5,10,8,1,1,5,1,2,3,2,10,10,9,8,9,1,3,4,2,6,2,3,7,7,8,6,8,9,10,10,10,,,5,3,,,3,3,2,9,3,6,7,5,4,5,10,6,1,2,1,3,3,4,2,2,8,8,9,10,,5,,,b'\x11\xe8\xe1I\xcbX \x88\xaf\x82\x12\xdf\x17\xaeN\x1e'
11E8E149-CB58-2088-AF82-12DF17AE4E1E,2018-ncaa-d1-natl,ncaa,218,207,213,219,241,251,266,294,171,294,289,246,107,186,33,121,232,221,247,219,103,290,285,123,129,186,50,68,172,236,160,247,205,255,156,163,48,219,279,195,204,168,329,329,,,49,105,,,213,300,262,99,227,255,288,294,277,87,162,199,178,180,287,249,209,210,219,132,258,182,327,,103,,,213,101,121,94,206,65,81,111,282,163,344,239,19,49,42,45,93,64,63,260,219,197,273,324,47,127,205,42,160,54,156,181,228,192,145,202,290,318,347,349,,,225,122,,,213,63,191,202,206,163,184,144,101,133,303,210,45,81,73,108,120,175,79,109,209,159,305,349,,172,,,b'\x11\xe8\xe1I\xcbX \x88\xaf\x82\x12\xdf\x17\xaeN\x1e'
11E8E149-CB58-2088-AF82-12DF17AE4E1E,2019-ncaa-d0-natl,ncaa,136,109,173,131,177,75,90,165,33,84,114,78,135,241,7,264,38,74,32,76,108,140,117,45,32,63,179,213,79,172,106,86,120,103,61,45,42,278,227,105,244,267,251,292,,,31,12,,,121,109,62,22,34,52,123,50,87,120,238,18,53,52,94,51,147,41,57,22,274,236,260,,38,,,116,271,329,306,269,326,298,276,278,274,217,241,3,6,93,6,2,270,234,267,207,267,26,251,2,209,120,57,106,85,61,275,112,255,295,293,291,260,337,325,,,108,136,,,121,241,66,254,121,298,343,346,339,335,298,298,7,6,6,329,295,224,71,110,293,252,294,342,,73,,,b'\x11\xe8\xe1I\xcbX \x88\xaf\x82\x12\xdf\x17\xaeN\x1e'
11E8E149-CB58-2088-AF82-12DF17AE4E1E,2019-ncaa-d1-conf-NEC,ncaa,4,3,5,3,5,3,3,5,1,1,2,2,5,8,1,9,2,5,2,5,6,5,5,1,1,1,9,9,5,5,4,3,1,5,1,1,1,6,7,2,8,8,8,9,,,1,1,,,3,5,3,2,1,1,4,1,2,5,9,1,4,4,4,3,4,1,2,1,6,7,8,,2,,,3,7,9,9,8,10,10,8,7,8,4,6,1,1,5,1,1,8,5,7,5,6,1,2,1,2,1,1,4,1,1,5,1,8,9,6,7,7,10,9,,,6,5,,,3,6,1,5,3,6,10,10,10,10,5,8,1,1,1,8,6,3,1,1,4,9,8,10,,3,,,b'\x11\xe8\xe1I\xcbX \x88\xaf\x82\x12\xdf\x17\xaeN\x1e'
11E8E149-CB58-2088-AF82-12DF17AE4E1E,2019-ncaa-d1-natl,ncaa,135,108,155,130,162,71,87,147,32,80,102,84,119,230,4,258,44,81,35,83,121,136,109,44,33,60,170,197,96,154,94,76,119,94,54,42,39,277,220,98,244,270,269,309,,,29,15,,,120,102,61,24,36,50,106,50,82,106,231,22,59,59,85,52,128,39,50,20,274,240,272,,39,,,117,278,332,315,273,327,303,287,279,278,209,238,4,7,59,6,4,278,235,267,212,267,23,239,2,206,119,50,94,84,54,270,95,260,294,287,291,260,340,326,,,104,131,,,120,245,62,255,125,299,343,343,337,330,298,297,7,12,11,329,292,220,66,106,283,254,294,342,,74,,,b'\x11\xe8\xe1I\xcbX \x88\xaf\x82\x12\xdf\x17\xaeN\x1e'
11E8E149-CB58-2088-AF82-12DF17AE4E1E,2020-ncaa-d0-natl,ncaa,308,289,260,308,302,245,274,262,249,241,204,278,247,265,147,243,85,149,39,155,139,256,256,255,207,213,137,212,29,336,337,283,252,330,328,229,145,168,207,216,234,244,350,350,,,6,3,,,309,197,37,273,208,242,215,214,148,222,237,52,108,111,197,168,330,243,324,197,212,209,350,,11,,,315,280,326,266,330,306,190,334,318,305,282,306,8,5,267,5,4,193,180,336,316,312,90,293,1,198,252,242,337,229,328,325,238,190,203,305,221,253,342,344,,,189,109,,,309,173,268,303,302,330,346,340,334,269,337,334,11,9,9,301,307,248,304,296,338,152,253,346,,115,,,b'\x11\xe8\xe1I\xcbX \x88\xaf\x82\x12\xdf\x17\xaeN\x1e'
11E8E149-CB58-2088-AF82-12DF17AE4E1E,2020-ncaa-d1-conf-NEC,ncaa,10,10,9,10,9,6,7,8,6,4,5,7,9,9,5,9,2,2,2,3,4,7,6,7,5,6,7,8,2,10,9,8,5,9,8,8,7,3,4,6,7,7,11,11,,,2,2,,,11,6,1,5,4,5,6,3,5,9,9,1,2,1,3,4,8,6,7,7,6,7,11,,2,,,11,11,11,10,11,11,6,11,11,11,10,10,2,1,7,1,2,7,6,11,11,11,3,10,1,4,5,8,9,6,8,11,10,7,8,10,4,4,11,11,,,4,3,,,11,8,7,11,10,11,11,10,11,9,11,11,2,1,1,10,10,6,10,9,11,6,5,11,,3,,,b'\x11\xe8\xe1I\xcbX \x88\xaf\x82\x12\xdf\x17\xaeN\x1e'
11E8E149-CB58-2088-AF82-12DF17AE4E1E,2020-ncaa-d1-natl,ncaa,303,289,257,304,302,238,267,278,241,238,201,267,247,268,146,247,71,127,33,129,132,262,264,246,184,201,143,223,21,338,336,279,251,330,327,237,152,168,200,209,236,250,350,350,,,6,3,,,309,179,44,273,207,242,234,220,152,227,248,42,96,97,204,185,334,246,327,208,203,218,350,,10,,,311,296,336,284,331,314,202,336,324,318,289,308,8,5,277,4,4,202,191,340,321,319,78,294,1,196,251,256,336,233,327,332,235,199,210,311,215,249,340,340,,,164,94,,,309,199,263,309,298,331,348,337,336,267,337,333,8,6,5,294,298,235,301,284,338,162,243,344,,109,,,b'\x11\xe8\xe1I\xcbX \x88\xaf\x82\x12\xdf\x17\xaeN\x1e'
11E8E149-CB58-2088-AF82-12DF17AE4E1E,2021-ncaa-d0-natl,ncaa,290,143,317,271,317,307,307,316,197,304,310,219,282,298,132,176,303,308,231,308,185,316,316,188,204,198,151,146,198,296,164,318,214,317,227,296,121,32,195,161,262,61,332,328,,,24,102,,,197,318,177,22,163,157,130,178,149,141,164,196,177,166,135,111,114,261,211,129,217,59,326,,123,,,212,33,38,30,299,36,28,241,77,44,335,220,14,14,129,14,29,24,25,315,293,242,173,293,9,26,214,28,164,23,227,53,223,300,83,176,38,202,214,337,,,307,110,,,197,25,195,227,214,227,270,184,218,169,300,196,19,23,26,118,180,151,239,216,270,72,216,341,,97,,,b'\x11\xe8\xe1I\xcbX \x88\xaf\x82\x12\xdf\x17\xaeN\x1e'
11E8E149-CB58-2088-AF82-12DF17AE4E1E,2021-ncaa-d1-conf-NEC,ncaa,9,6,10,9,10,10,10,10,6,9,9,6,8,8,6,6,7,7,6,7,4,10,10,5,5,6,6,6,5,8,5,10,9,10,8,9,4,1,3,4,5,3,10,10,,,1,3,,,8,10,4,3,3,2,3,5,3,5,6,5,2,2,3,2,2,9,7,3,5,3,10,,4,,,8,1,3,1,10,1,1,9,6,2,10,6,1,1,2,1,3,1,1,10,10,10,5,9,1,1,9,1,5,1,8,5,7,9,3,7,2,5,10,10,,,9,3,,,8,1,6,9,8,9,9,6,9,6,9,7,2,2,2,6,7,5,9,9,10,3,5,10,,3,,,b'\x11\xe8\xe1I\xcbX \x88\xaf\x82\x12\xdf\x17\xaeN\x1e'
11E8E149-CB58-2088-AF82-12DF17AE4E1E,2021-ncaa-d1-natl,ncaa,296,143,320,277,320,310,311,317,205,307,310,225,287,302,136,178,305,308,227,308,187,317,318,196,209,206,144,143,196,300,169,321,220,320,235,301,125,27,199,164,270,65,332,328,,,24,104,,,211,321,181,20,171,161,139,184,150,142,167,198,176,170,142,114,118,266,221,134,218,61,327,,122,,,223,31,33,28,301,35,26,248,72,40,338,218,14,14,132,14,29,23,23,316,294,250,168,290,9,25,220,25,169,22,235,52,225,302,87,181,32,208,206,337,,,310,110,,,211,23,198,237,225,231,274,186,225,172,300,195,19,22,25,122,177,152,239,217,274,73,220,341,,98,,,b'\x11\xe8\xe1I\xcbX \x88\xaf\x82\x12\xdf\x17\xaeN\x1e'
11E8E149-CB58-2088-AF82-12DF17AE4E1E,2022-ncaa-d0-natl,ncaa,139,67,295,104,305,261,252,284,162,272,287,149,181,201,148,116,271,298,83,294,215,287,313,144,146,132,131,115,222,312,272,329,180,332,273,186,69,24,110,90,235,174,316,307,,,18,45,,,159,307,183,176,170,164,183,198,226,114,118,213,246,240,204,240,282,311,331,98,90,180,301,,41,,,159,43,77,38,299,118,64,296,72,45,229,145,15,26,29,28,96,24,37,283,245,178,62,144,47,30,180,63,272,45,273,110,175,174,57,115,43,130,121,212,,,219,46,,,159,50,166,149,159,148,211,98,238,150,136,98,47,72,79,74,133,98,206,150,197,73,114,195,,91,,,b'\x11\xe8\xe1I\xcbX \x88\xaf\x82\x12\xdf\x17\xaeN\x1e'
11E8E149-CB58-2088-AF82-12DF17AE4E1E,2022-ncaa-d1-conf-NEC,ncaa,3,1,7,2,7,6,6,9,1,6,7,2,6,5,3,5,6,7,1,7,4,9,9,2,2,1,4,4,5,10,10,9,5,10,8,4,3,1,1,1,5,4,8,8,,,1,1,,,3,7,3,4,1,2,5,3,5,4,5,1,3,3,5,5,9,8,10,1,2,4,8,,1,,,3,3,4,2,9,4,2,9,6,5,4,7,1,3,3,4,6,2,3,7,4,5,4,7,3,3,5,2,10,2,8,7,8,5,4,4,6,7,8,9,,,7,2,,,3,4,1,5,3,5,7,5,8,3,6,7,4,5,6,6,7,5,5,5,8,4,7,9,,1,,,b'\x11\xe8\xe1I\xcbX \x88\xaf\x82\x12\xdf\x17\xaeN\x1e'
11E8E149-CB58-2088-AF82-12DF17AE4E1E,2022-ncaa-d1-natl,ncaa,135,67,304,105,315,258,244,292,148,265,294,146,174,187,139,112,275,298,85,294,224,302,324,135,137,133,133,113,234,318,269,323,176,336,272,177,68,25,115,87,245,158,308,291,,,12,42,,,154,314,187,177,166,163,183,198,228,114,119,221,258,248,203,248,286,297,329,89,94,169,291,,37,,,148,40,73,32,287,109,62,286,80,52,211,156,15,27,28,28,98,24,35,272,229,156,64,158,46,36,176,59,269,38,272,116,183,172,59,118,50,146,118,210,,,226,58,,,154,45,160,137,146,142,204,99,226,140,137,109,44,70,76,72,128,107,194,148,197,78,127,188,,105,,,b'\x11\xe8\xe1I\xcbX \x88\xaf\x82\x12\xdf\x17\xaeN\x1e'
11E8E149-CB58-2088-AF82-12DF17AE4E1E,2023-ncaa-d0-natl,ncaa,266,257,236,273,261,313,316,319,271,306,286,266,236,233,245,157,262,230,283,225,128,311,290,258,265,284,143,166,139,239,193,218,214,239,194,300,231,228,311,306,336,324,298,299,,,42,82,,,286,297,304,155,319,323,322,310,273,225,206,241,201,199,315,279,213,170,200,305,275,331,302,,70,,,287,77,121,135,161,62,105,101,281,213,341,282,8,18,29,19,45,98,60,211,139,212,262,341,13,165,214,79,193,100,194,220,276,325,303,325,200,272,78,151,,,144,32,,,286,53,295,242,298,141,206,223,114,146,320,266,17,33,36,155,72,236,141,181,259,318,243,105,,89,,,b'\x11\xe8\xe1I\xcbX \x88\xaf\x82\x12\xdf\x17\xaeN\x1e'
11E8E149-CB58-2088-AF82-12DF17AE4E1E,2023-ncaa-d1-conf-NEC,ncaa,4,4,3,4,3,5,5,7,5,6,7,7,6,7,3,7,2,2,5,2,1,5,4,5,4,6,5,6,1,7,7,3,5,4,5,7,5,8,7,7,7,7,7,7,,,2,1,,,5,4,6,3,6,9,9,8,6,6,7,1,2,2,8,7,8,2,5,6,7,7,7,,1,,,5,8,9,9,4,7,9,3,9,6,5,6,1,1,5,1,1,9,5,4,4,6,4,8,1,7,5,4,7,5,5,8,6,8,8,9,8,8,3,2,,,1,1,,,5,6,6,5,5,3,8,8,5,8,9,6,1,1,1,8,5,7,2,4,8,8,8,3,,1,,,b'\x11\xe8\xe1I\xcbX \x88\xaf\x82\x12\xdf\x17\xaeN\x1e'
11E8E149-CB58-2088-AF82-12DF17AE4E1E,2023-ncaa-d1-natl,ncaa,265,257,219,273,257,311,311,318,275,306,286,265,231,224,253,147,268,233,288,235,140,313,304,263,268,291,148,162,149,221,175,222,211,236,183,293,213,230,303,297,330,316,301,298,,,39,80,,,275,311,304,161,319,321,314,309,271,218,198,250,209,209,307,275,194,181,199,290,271,322,300,,63,,,274,63,96,128,153,59,92,101,269,207,330,283,8,14,25,16,40,81,49,198,129,178,246,337,13,164,211,87,175,95,183,212,273,300,256,294,196,262,65,136,,,141,34,,,275,39,287,199,284,107,172,194,100,124,308,256,11,28,30,126,68,223,144,169,244,288,236,90,,91,,,b'\x11\xe8\xe1I\xcbX \x88\xaf\x82\x12\xdf\x17\xaeN\x1e'
11E8E149-CB5C-A4AA-AF82-12DF17AE4E1E,2010-ncaa-d0-natl,ncaa,30,19,81,25,106,56,43,52,50,22,14,112,280,318,43,338,94,36,327,38,212,41,71,107,142,84,333,321,210,57,103,88,77,61,95,87,254,51,16,39,52,63,140,183,,,61,19,,,23,80,87,229,48,26,41,9,3,296,329,111,31,32,29,74,60,103,66,97,33,55,160,,32,,,21,98,178,229,88,271,293,99,21,59,10,38,59,58,154,59,19,198,258,48,27,15,3,20,77,142,77,280,103,240,95,96,71,33,34,29,38,20,323,190,,,27,41,,,23,273,60,14,22,37,102,165,215,285,14,31,38,40,41,113,219,90,247,195,68,37,31,312,,23,,,b'\x11\xe8\xe1I\xcb\\\xa4\xaa\xaf\x82\x12\xdf\x17\xaeN\x1e'
11E8E149-CB5C-A4AA-AF82-12DF17AE4E1E,2010-ncaa-d1-conf-AAC,ncaa,5,4,10,5,12,5,5,8,5,5,3,13,14,16,1,16,10,2,15,3,8,6,11,6,8,3,13,14,8,10,10,10,4,10,10,7,11,1,1,3,5,3,12,13,,,2,2,,,3,10,5,10,4,5,4,3,1,13,16,7,2,2,3,6,4,5,4,5,1,3,12,,3,,,3,2,5,5,5,5,8,5,2,2,5,4,3,2,10,2,3,3,7,4,3,3,1,5,4,3,4,10,10,8,10,4,4,7,3,5,1,1,14,10,,,6,1,,,3,8,5,3,2,4,6,9,8,14,3,3,3,3,3,5,10,3,13,12,4,3,1,15,,1,,,b'\x11\xe8\xe1I\xcb\\\xa4\xaa\xaf\x82\x12\xdf\x17\xaeN\x1e'
11E8E149-CB5C-A4AA-AF82-12DF17AE4E1E,2010-ncaa-d1-natl,ncaa,32,19,91,26,115,59,44,55,51,23,14,112,286,324,43,338,103,42,327,44,212,43,81,110,145,88,332,320,209,61,104,96,77,69,102,92,257,41,16,40,56,67,145,185,,,50,19,,,23,91,88,228,51,26,43,10,3,298,328,111,31,33,31,77,63,107,71,97,34,60,163,,35,,,21,75,163,218,97,263,289,107,21,46,10,36,55,53,152,54,18,185,245,51,29,16,2,20,76,130,77,272,104,224,102,90,72,34,36,29,33,21,322,194,,,29,40,,,23,263,60,14,22,43,105,166,221,286,15,32,39,41,41,114,219,92,247,197,76,38,31,313,,24,,,b'\x11\xe8\xe1I\xcb\\\xa4\xaa\xaf\x82\x12\xdf\x17\xaeN\x1e'
11E8E149-CB5C-A4AA-AF82-12DF17AE4E1E,2010-ncaa-d1-ncaatournament,ncaa,17,2,17,17,17,24,20,23,19,15,16,19,61,56,64,64,20,17,44,17,27,21,21,35,32,29,62,64,22,16,7,29,45,25,22,32,60,35,16,41,21,21,41,53,,,35,16,,,12,27,60,2,26,18,30,6,8,64,61,19,15,13,21,26,12,38,24,49,11,17,51,,14,,,9,36,36,40,10,40,43,10,27,33,20,17,35,29,52,29,17,39,41,5,9,7,25,23,36,47,45,38,7,43,22,39,39,17,15,18,30,13,43,32,,,22,21,,,12,38,18,9,8,8,12,29,25,40,16,14,26,16,17,22,32,44,12,28,24,11,14,43,,17,,,b'\x11\xe8\xe1I\xcb\\\xa4\xaa\xaf\x82\x12\xdf\x17\xaeN\x1e'
11E8E149-CB5C-A4AA-AF82-12DF17AE4E1E,2011-ncaa-d0-natl,ncaa,58,60,43,61,62,111,81,97,91,35,22,153,318,335,68,341,114,79,268,79,254,87,101,162,171,146,337,334,157,89,88,130,216,105,127,188,304,120,90,161,56,58,156,162,,,53,18,,,81,116,280,223,176,129,205,38,21,332,340,159,119,121,186,246,143,245,210,242,65,81,183,,18,,,83,131,194,253,112,174,200,136,220,270,95,276,25,28,88,26,25,199,237,125,82,61,114,255,20,249,216,177,88,212,127,176,163,69,73,103,97,70,191,62,,,63,85,,,81,221,123,70,85,54,108,123,91,76,171,227,15,13,13,55,72,166,74,96,116,120,56,134,,128,,,b'\x11\xe8\xe1I\xcb\\\xa4\xaa\xaf\x82\x12\xdf\x17\xaeN\x1e'
11E8E149-CB5C-A4AA-AF82-12DF17AE4E1E,2011-ncaa-d1-conf-AAC,ncaa,7,7,4,7,6,10,6,7,6,3,3,9,16,16,5,15,7,7,9,7,12,9,10,7,9,7,16,15,7,12,14,10,14,11,13,10,16,5,5,10,7,6,8,12,,,2,3,,,9,10,8,5,10,5,9,3,2,16,15,7,7,7,9,13,12,10,12,10,6,6,10,,3,,,9,7,13,12,9,11,12,9,10,10,8,9,4,4,6,3,4,11,12,10,8,8,5,10,4,13,14,9,14,13,13,6,4,7,6,7,6,7,4,2,,,5,3,,,9,7,9,10,9,10,13,12,9,13,9,9,3,4,4,11,14,15,8,12,7,6,7,5,,4,,,b'\x11\xe8\xe1I\xcb\\\xa4\xaa\xaf\x82\x12\xdf\x17\xaeN\x1e'
11E8E149-CB5C-A4AA-AF82-12DF17AE4E1E,2011-ncaa-d1-natl,ncaa,63,57,51,63,75,127,92,115,92,39,23,159,325,337,71,341,124,92,265,92,254,101,120,167,173,152,337,333,156,100,91,154,218,119,129,201,308,100,90,170,66,64,163,166,,,37,17,,,89,136,280,218,185,136,209,39,22,332,340,159,119,120,192,250,146,246,215,249,64,86,184,,18,,,89,113,178,235,116,163,178,144,210,261,97,277,21,26,90,23,24,172,215,130,88,66,112,254,19,233,218,157,91,197,129,169,163,83,78,107,87,73,180,63,,,80,84,,,89,199,127,77,92,57,110,127,96,77,173,227,15,14,13,56,71,169,76,99,120,123,58,141,,129,,,b'\x11\xe8\xe1I\xcb\\\xa4\xaa\xaf\x82\x12\xdf\x17\xaeN\x1e'
11E8E149-CB5C-A4AA-AF82-12DF17AE4E1E,2011-ncaa-d1-ncaatournament,ncaa,17,2,17,17,18,31,30,23,42,19,16,48,55,62,53,64,33,32,57,32,52,27,27,52,53,50,63,63,48,22,33,26,38,25,35,24,30,40,27,32,20,19,32,43,,,34,5,,,54,29,45,3,47,41,24,18,2,64,63,48,43,44,30,36,22,40,32,33,26,17,37,,2,,,43,37,44,41,34,46,46,34,34,38,28,30,18,22,25,14,6,39,38,32,27,25,12,28,8,40,38,47,33,44,35,44,38,24,22,36,37,29,49,33,,,31,51,,,54,36,49,24,42,20,38,34,40,41,20,22,4,5,3,21,25,32,47,42,40,26,26,42,,50,,,b'\x11\xe8\xe1I\xcb\\\xa4\xaa\xaf\x82\x12\xdf\x17\xaeN\x1e'
11E8E149-CB5C-A4AA-AF82-12DF17AE4E1E,2012-ncaa-d0-natl,ncaa,34,54,22,54,37,95,77,94,64,24,24,104,328,333,270,341,52,44,176,41,211,76,103,162,145,94,337,341,89,128,149,109,161,108,146,135,269,70,38,92,95,116,62,64,,,153,67,,,81,95,293,237,173,129,230,36,35,339,341,98,101,92,208,288,201,251,244,227,21,146,93,,39,,,87,184,184,237,123,204,220,166,137,226,42,193,166,156,198,168,134,228,253,103,97,73,113,129,154,217,161,237,149,227,146,147,126,67,87,76,62,48,310,194,,,52,54,,,81,260,95,71,72,49,63,60,98,64,82,133,85,79,89,51,65,112,81,73,66,140,27,274,,142,,,b'\x11\xe8\xe1I\xcb\\\xa4\xaa\xaf\x82\x12\xdf\x17\xaeN\x1e'
11E8E149-CB5C-A4AA-AF82-12DF17AE4E1E,2012-ncaa-d1-conf-AAC,ncaa,3,2,4,3,6,8,6,9,4,3,2,8,16,16,12,16,4,3,11,3,8,8,10,8,8,6,16,16,3,11,10,7,10,8,9,10,12,3,2,6,7,7,6,7,,,4,2,,,3,9,12,7,7,6,10,3,1,16,16,4,3,3,7,12,12,8,8,10,3,8,6,,3,,,3,2,5,6,5,6,8,3,4,4,5,7,1,3,2,3,6,6,8,5,4,4,3,5,5,9,10,12,10,12,9,1,2,4,4,3,3,3,12,9,,,4,2,,,3,8,7,4,3,3,5,6,6,6,2,6,2,5,5,5,7,11,10,10,3,4,3,12,,2,,,b'\x11\xe8\xe1I\xcb\\\xa4\xaa\xaf\x82\x12\xdf\x17\xaeN\x1e'
11E8E149-CB5C-A4AA-AF82-12DF17AE4E1E,2012-ncaa-d1-natl,ncaa,35,54,23,56,42,109,84,105,63,26,25,108,330,334,275,341,60,49,173,44,212,89,115,166,149,99,337,341,85,139,157,122,164,123,149,153,272,57,38,94,108,125,67,65,,,129,71,,,87,118,295,235,182,135,239,38,35,339,341,100,104,95,220,290,210,257,249,233,21,153,94,,41,,,91,167,176,217,130,200,204,176,127,213,41,193,153,141,202,153,138,205,236,106,103,79,113,128,151,197,164,218,157,204,149,133,127,79,93,83,53,48,306,196,,,57,47,,,87,242,98,80,73,52,66,61,104,65,84,134,87,79,90,51,63,115,83,74,67,151,28,277,,143,,,b'\x11\xe8\xe1I\xcb\\\xa4\xaa\xaf\x82\x12\xdf\x17\xaeN\x1e'
11E8E149-CB5C-A4AA-AF82-12DF17AE4E1E,2012-ncaa-d1-ncaatournament,ncaa,9,2,9,9,10,15,15,14,24,12,10,32,30,30,33,61,13,14,18,14,40,15,15,33,29,29,50,58,20,19,44,16,6,16,29,14,35,53,34,29,15,22,19,48,,,49,31,,,50,14,25,5,36,31,44,18,12,57,63,26,32,33,37,41,44,44,50,34,32,29,46,,23,,,36,55,55,49,55,52,49,59,52,51,32,45,55,51,58,51,42,49,49,54,55,52,34,31,39,34,6,54,44,49,29,59,53,10,11,40,58,48,52,29,,,15,35,,,50,52,34,35,37,40,38,10,39,9,33,28,43,29,29,5,5,4,35,9,53,17,50,35,,39,,,b'\x11\xe8\xe1I\xcb\\\xa4\xaa\xaf\x82\x12\xdf\x17\xaeN\x1e'
11E8E149-CB5C-A4AA-AF82-12DF17AE4E1E,2013-ncaa-d0-natl,ncaa,113,105,120,113,122,159,145,173,109,75,60,155,313,323,231,327,90,83,156,87,186,158,214,181,157,113,312,326,79,162,139,137,167,139,133,198,245,29,40,86,201,193,10,8,,,84,97,,,95,223,307,11,167,149,205,61,51,321,325,79,80,80,174,261,176,125,144,217,30,212,7,,72,,,93,66,112,186,81,171,236,67,74,66,120,66,50,80,37,82,57,160,145,64,47,65,48,100,98,217,167,124,139,168,133,87,108,210,211,144,43,67,236,157,,,152,109,,,95,130,105,87,84,59,104,153,156,255,60,62,52,76,81,119,104,211,120,146,86,229,60,230,,183,,,b'\x11\xe8\xe1I\xcb\\\xa4\xaa\xaf\x82\x12\xdf\x17\xaeN\x1e'
11E8E149-CB5C-A4AA-AF82-12DF17AE4E1E,2013-ncaa-d1-conf-AAC,ncaa,3,3,4,3,6,8,9,12,5,4,5,9,12,14,6,15,6,4,6,4,5,11,12,9,6,5,13,14,2,12,10,6,6,9,7,8,10,2,2,4,11,10,2,3,,,4,6,,,4,12,12,8,8,10,12,3,4,13,14,4,3,3,11,13,13,6,9,9,2,11,2,,5,,,4,2,2,5,6,6,10,7,2,2,1,2,4,6,2,7,6,5,5,2,2,3,3,2,10,7,6,5,10,4,7,3,4,9,9,6,2,4,11,10,,,8,4,,,4,4,6,4,4,3,3,5,6,9,2,2,5,6,7,5,5,9,6,6,4,9,2,10,,10,,,b'\x11\xe8\xe1I\xcb\\\xa4\xaa\xaf\x82\x12\xdf\x17\xaeN\x1e'
11E8E149-CB5C-A4AA-AF82-12DF17AE4E1E,2013-ncaa-d1-natl,ncaa,121,104,136,117,138,172,157,199,114,83,70,161,317,325,232,327,98,95,156,100,186,181,241,188,162,114,309,326,72,182,145,150,172,157,139,210,245,22,42,89,209,202,11,9,,,76,98,,,105,253,307,11,174,153,212,63,54,321,325,79,80,81,182,263,176,127,149,224,31,218,7,,76,,,102,52,99,170,84,155,224,73,64,56,125,65,48,70,37,73,58,133,114,67,47,69,48,98,97,207,172,108,145,148,139,78,106,228,217,151,37,68,230,163,,,173,107,,,105,100,109,93,96,63,108,154,163,258,66,63,53,76,80,122,102,212,124,151,91,236,62,236,,181,,,b'\x11\xe8\xe1I\xcb\\\xa4\xaa\xaf\x82\x12\xdf\x17\xaeN\x1e'
11E8E149-CB5C-A4AA-AF82-12DF17AE4E1E,2013-ncaa-d1-ncaatournament,ncaa,33,2,33,33,33,33,33,36,8,30,31,19,47,64,1,63,30,36,5,32,36,35,35,11,6,5,48,52,18,53,52,33,11,42,24,35,37,20,27,21,42,41,27,13,,,19,21,,,31,33,25,1,1,2,4,1,1,36,60,3,15,13,3,3,45,3,22,7,44,29,4,,44,,,34,30,31,32,57,30,31,52,37,29,56,43,5,6,11,7,9,32,31,57,52,57,26,49,3,14,11,13,52,13,24,20,7,42,40,41,18,20,9,12,,,35,13,,,31,32,13,55,30,62,63,64,60,62,62,55,11,15,15,64,63,23,44,37,51,20,34,16,,3,,,b'\x11\xe8\xe1I\xcb\\\xa4\xaa\xaf\x82\x12\xdf\x17\xaeN\x1e'
11E8E149-CB5C-A4AA-AF82-12DF17AE4E1E,2014-ncaa-d0-natl,ncaa,47,72,28,72,28,98,82,113,54,46,34,115,273,315,65,333,80,41,307,44,153,93,83,105,129,139,312,311,133,134,149,80,104,91,114,170,281,254,189,222,193,224,116,142,,,301,277,,,99,77,283,75,193,156,278,71,98,308,334,150,76,83,246,253,201,189,204,251,146,240,144,,203,,,104,192,207,247,122,287,296,159,38,110,7,73,238,203,294,205,124,251,259,72,90,96,39,25,246,189,104,219,149,214,114,81,25,121,157,64,177,139,335,266,,,45,59,,,99,264,140,84,106,54,72,75,192,197,17,47,163,131,132,75,61,87,84,69,31,201,107,316,,107,,,b'\x11\xe8\xe1I\xcb\\\xa4\xaa\xaf\x82\x12\xdf\x17\xaeN\x1e'
11E8E149-CB5C-A4AA-AF82-12DF17AE4E1E,2014-ncaa-d1-conf-Big East,ncaa,2,2,1,2,1,3,3,4,2,4,2,6,8,9,2,10,3,3,10,3,4,4,5,4,6,5,8,8,3,5,5,3,3,4,4,7,9,7,5,6,4,5,3,4,,,7,7,,,2,4,8,4,5,6,8,4,3,8,10,4,3,3,6,6,5,6,5,8,5,6,5,,6,,,2,3,2,7,2,6,7,4,3,4,1,5,6,5,9,5,5,6,6,1,2,1,6,2,7,6,3,5,5,5,4,2,3,3,3,2,5,4,10,9,,,1,1,,,2,7,5,1,3,2,2,3,4,4,2,3,6,4,4,2,3,3,3,3,2,3,4,9,,2,,,b'\x11\xe8\xe1I\xcb\\\xa4\xaa\xaf\x82\x12\xdf\x17\xaeN\x1e'
11E8E149-CB5C-A4AA-AF82-12DF17AE4E1E,2014-ncaa-d1-natl,ncaa,52,72,33,74,34,115,94,130,56,49,42,124,281,318,66,331,93,50,312,55,152,111,102,112,135,146,311,311,129,151,153,89,107,105,117,190,282,236,191,227,206,227,122,145,,,288,277,,,106,90,284,76,198,166,281,79,98,306,335,157,80,88,250,255,210,199,211,259,146,246,145,,204,,,110,175,190,225,128,275,289,166,32,98,7,71,225,191,296,192,123,230,244,77,97,106,37,24,243,168,107,199,153,188,117,70,23,133,164,69,167,140,333,272,,,52,57,,,106,251,147,94,112,57,76,76,195,198,16,48,166,134,133,76,61,86,87,70,35,208,107,320,,107,,,b'\x11\xe8\xe1I\xcb\\\xa4\xaa\xaf\x82\x12\xdf\x17\xaeN\x1e'
11E8E149-CB5C-A4AA-AF82-12DF17AE4E1E,2014-ncaa-d1-ncaatournament,ncaa,17,2,17,17,17,28,30,30,40,28,23,48,48,48,40,58,18,17,39,17,9,25,23,45,41,44,33,59,6,22,25,26,33,27,30,24,12,45,53,46,27,47,27,44,,,49,61,,,41,23,28,3,37,47,53,38,26,58,59,8,7,7,38,22,25,29,30,26,59,45,37,,60,,,37,40,36,37,23,39,44,10,18,17,48,2,52,50,33,50,55,42,43,18,30,28,38,12,58,41,33,43,25,43,30,29,18,25,33,15,49,55,26,17,,,19,11,,,41,41,48,27,36,25,14,17,25,50,9,2,55,55,56,30,35,31,31,30,10,33,57,17,,11,,,b'\x11\xe8\xe1I\xcb\\\xa4\xaa\xaf\x82\x12\xdf\x17\xaeN\x1e'
11E8E149-CB5C-A4AA-AF82-12DF17AE4E1E,2015-ncaa-d0-natl,ncaa,43,67,26,66,29,88,47,67,42,11,7,79,349,346,327,348,141,82,326,80,299,66,74,143,184,144,348,349,241,76,104,38,37,40,40,127,300,139,77,123,183,214,38,49,,,95,44,,,78,84,306,82,191,70,200,13,11,349,348,238,154,151,188,262,149,92,109,221,50,255,59,,16,,,85,188,231,289,82,202,258,79,256,260,177,235,71,64,181,57,43,260,255,104,77,105,156,268,57,143,37,216,104,205,40,151,95,141,186,130,160,104,172,26,,,85,172,,,78,267,123,87,80,49,85,112,67,111,186,184,29,24,21,54,39,46,72,46,69,236,88,104,,224,,,b'\x11\xe8\xe1I\xcb\\\xa4\xaa\xaf\x82\x12\xdf\x17\xaeN\x1e'
11E8E149-CB5C-A4AA-AF82-12DF17AE4E1E,2015-ncaa-d1-conf-Big East,ncaa,4,4,1,4,2,5,3,5,2,1,1,4,10,10,10,10,4,3,10,3,5,5,5,6,7,6,10,10,5,4,4,2,2,4,3,5,9,6,5,5,4,4,1,1,,,5,5,,,5,4,8,5,8,4,7,1,1,10,10,6,4,4,6,8,6,4,6,9,5,4,2,,3,,,5,4,2,5,2,2,4,3,6,7,7,7,4,3,8,3,5,5,6,3,4,3,6,9,5,2,2,5,4,3,3,2,4,3,3,2,6,5,2,1,,,2,1,,,5,7,6,2,5,2,1,1,1,1,6,5,3,3,2,2,3,2,2,1,2,4,5,2,,2,,,b'\x11\xe8\xe1I\xcb\\\xa4\xaa\xaf\x82\x12\xdf\x17\xaeN\x1e'
11E8E149-CB5C-A4AA-AF82-12DF17AE4E1E,2015-ncaa-d1-natl,ncaa,47,67,30,68,33,110,55,75,49,12,8,85,349,347,326,347,160,93,327,91,301,72,89,152,191,153,348,349,234,88,112,45,39,49,44,152,300,107,79,131,206,231,45,51,,,69,44,,,93,107,306,81,203,81,212,13,11,349,347,243,151,150,199,266,161,102,121,232,52,261,60,,18,,,99,161,205,273,92,182,238,89,243,245,185,236,59,51,187,50,43,235,227,110,83,113,151,267,56,124,39,194,112,173,44,131,95,163,196,145,146,105,162,30,,,104,164,,,93,244,133,96,94,51,88,113,77,113,187,183,30,25,21,55,39,47,74,51,72,243,90,109,,223,,,b'\x11\xe8\xe1I\xcb\\\xa4\xaa\xaf\x82\x12\xdf\x17\xaeN\x1e'
11E8E149-CB5C-A4AA-AF82-12DF17AE4E1E,2016-ncaa-d0-natl,ncaa,53,58,38,61,62,77,48,115,20,19,22,29,328,338,197,342,111,67,292,67,219,96,107,51,62,68,343,343,196,238,241,84,122,132,140,109,274,160,113,115,110,135,111,127,,,224,161,,,73,79,202,240,114,57,235,14,38,338,343,164,105,102,214,254,288,164,246,157,81,158,141,,133,,,78,192,192,243,105,192,250,105,164,177,143,139,211,235,82,232,184,243,261,101,96,89,165,163,209,211,122,172,241,184,140,117,88,77,120,76,136,111,55,10,,,109,129,,,73,266,92,85,78,89,96,103,114,141,115,116,160,182,179,105,121,124,67,73,65,142,80,36,,185,,,b'\x11\xe8\xe1I\xcb\\\xa4\xaa\xaf\x82\x12\xdf\x17\xaeN\x1e'
11E8E149-CB5C-A4AA-AF82-12DF17AE4E1E,2016-ncaa-d1-conf-Big East,ncaa,2,2,2,2,2,5,4,6,2,1,1,4,9,10,7,10,3,1,9,1,6,4,4,5,5,6,10,10,2,5,5,3,6,5,4,4,7,8,7,5,3,4,4,4,,,6,6,,,2,4,7,4,4,4,7,3,3,10,10,4,4,4,5,7,5,8,7,5,7,4,4,,6,,,2,5,3,6,2,2,6,2,4,3,5,3,7,7,3,7,7,6,7,2,2,1,8,5,9,7,6,1,5,5,4,3,3,1,2,2,6,5,3,1,,,1,2,,,2,7,6,2,2,2,2,2,2,2,4,3,7,7,7,2,4,5,1,2,2,3,6,2,,3,,,b'\x11\xe8\xe1I\xcb\\\xa4\xaa\xaf\x82\x12\xdf\x17\xaeN\x1e'
11E8E149-CB5C-A4AA-AF82-12DF17AE4E1E,2016-ncaa-d1-natl,ncaa,62,58,51,64,81,93,60,147,20,20,30,32,329,340,202,342,128,80,292,80,217,126,144,59,67,72,343,343,195,255,246,107,127,166,152,131,276,131,119,122,133,150,128,134,,,200,166,,,88,101,206,238,124,62,240,15,42,339,343,162,107,106,221,255,294,170,260,168,83,168,146,,136,,,88,171,169,214,120,175,226,111,149,160,145,135,196,219,81,219,185,215,237,115,107,101,164,161,208,183,127,142,246,154,152,104,89,105,126,86,115,116,49,10,,,129,130,,,88,242,104,102,90,99,102,106,124,145,116,113,165,183,181,111,118,123,69,75,68,151,82,39,,185,,,b'\x11\xe8\xe1I\xcb\\\xa4\xaa\xaf\x82\x12\xdf\x17\xaeN\x1e'
11E8E149-CB5C-A4AA-AF82-12DF17AE4E1E,2016-ncaa-d1-ncaatournament,ncaa,33,2,33,33,33,48,41,63,4,43,54,19,48,63,1,55,51,48,50,48,40,63,55,6,10,30,43,35,47,56,46,50,54,58,46,46,41,32,63,57,53,56,63,63,,,16,32,,,36,48,41,1,46,34,63,37,51,38,60,51,45,45,63,53,54,47,58,40,62,51,63,,37,,,41,11,15,11,45,18,17,48,2,7,8,11,9,22,2,17,41,13,17,41,31,28,3,7,22,25,54,1,46,5,46,20,50,44,20,32,34,62,16,40,,,47,21,,,36,10,43,34,42,30,40,19,49,38,3,8,23,48,41,23,39,51,3,14,47,17,61,32,,36,,,b'\x11\xe8\xe1I\xcb\\\xa4\xaa\xaf\x82\x12\xdf\x17\xaeN\x1e'
11E8E149-CB5C-A4AA-AF82-12DF17AE4E1E,2017-ncaa-d0-natl,ncaa,57,97,24,88,39,117,112,146,94,67,65,136,260,288,130,314,82,95,138,87,174,121,119,139,129,141,295,304,98,215,238,98,117,133,169,164,244,200,170,191,186,201,43,39,,,238,198,,,79,98,317,268,238,231,315,134,149,304,330,147,165,156,298,319,288,232,286,248,99,242,53,,122,,,84,101,89,199,37,175,230,106,19,128,1,101,267,244,255,250,216,213,235,20,30,26,76,18,307,200,117,226,238,223,169,35,32,85,104,23,209,183,210,121,,,81,81,,,79,237,162,32,88,12,7,25,55,64,9,41,182,168,170,33,24,87,81,64,8,169,119,135,,197,,,b'\x11\xe8\xe1I\xcb\\\xa4\xaa\xaf\x82\x12\xdf\x17\xaeN\x1e'
11E8E149-CB5C-A4AA-AF82-12DF17AE4E1E,2017-ncaa-d1-conf-Big East,ncaa,4,4,3,4,6,5,6,9,4,4,4,4,10,10,6,10,2,1,5,1,1,7,6,6,4,5,9,10,1,5,3,7,7,7,4,6,7,7,7,7,5,5,4,2,,,6,8,,,4,7,7,10,5,6,10,4,4,10,10,1,1,1,9,7,5,9,8,7,7,6,4,,7,,,4,3,1,1,3,3,4,5,3,3,1,4,9,9,5,9,9,3,4,4,4,2,4,3,10,4,7,1,3,1,4,1,3,3,3,2,7,7,4,2,,,1,1,,,4,4,5,2,4,2,1,1,2,3,3,4,9,9,9,1,3,4,1,1,1,3,7,4,,1,,,b'\x11\xe8\xe1I\xcb\\\xa4\xaa\xaf\x82\x12\xdf\x17\xaeN\x1e'
11E8E149-CB5C-A4AA-AF82-12DF17AE4E1E,2017-ncaa-d1-natl,ncaa,69,97,27,92,48,146,137,176,104,82,79,146,271,296,136,313,93,110,136,100,181,155,155,147,136,148,291,303,97,241,253,118,127,171,186,189,247,176,173,197,207,211,45,40,,,222,202,,,92,126,318,270,250,239,319,145,153,308,329,153,171,165,307,323,292,242,294,254,100,252,53,,120,,,93,67,71,161,41,151,204,114,14,99,1,98,260,234,257,241,217,170,202,24,36,35,74,18,306,172,127,197,253,190,186,19,32,107,111,29,190,187,201,129,,,96,79,,,92,203,175,36,95,13,9,24,62,67,9,41,185,172,173,33,24,88,82,67,10,181,123,140,,203,,,b'\x11\xe8\xe1I\xcb\\\xa4\xaa\xaf\x82\x12\xdf\x17\xaeN\x1e'
11E8E149-CB5C-A4AA-AF82-12DF17AE4E1E,2018-ncaa-d0-natl,ncaa,99,162,25,135,25,74,67,74,89,74,63,140,106,161,52,217,132,142,181,138,241,77,75,98,98,87,213,163,238,169,226,103,76,109,159,116,250,152,93,126,145,169,39,45,,,262,200,,,87,65,297,16,147,132,204,123,149,158,230,219,220,223,211,278,262,225,266,185,70,208,51,,141,,,95,234,194,215,141,203,254,90,163,115,278,78,297,267,302,267,221,232,261,140,183,132,213,145,272,122,76,273,226,229,159,72,29,71,95,40,141,86,166,87,,,84,144,,,87,281,97,100,97,74,52,36,73,98,98,53,213,188,191,45,47,44,139,82,19,139,76,103,,196,,,b'\x11\xe8\xe1I\xcb\\\xa4\xaa\xaf\x82\x12\xdf\x17\xaeN\x1e'
11E8E149-CB5C-A4AA-AF82-12DF17AE4E1E,2018-ncaa-d1-conf-Big East,ncaa,6,5,7,6,8,8,8,7,5,5,5,6,9,8,6,9,6,5,7,5,7,7,7,5,5,5,8,9,4,5,4,8,3,7,4,8,10,4,6,6,6,5,1,1,,,5,8,,,4,8,7,3,6,6,4,3,3,9,8,4,4,4,4,6,4,7,5,8,5,6,1,,6,,,4,1,1,1,1,1,5,1,3,1,9,4,9,9,5,9,8,1,2,2,4,1,6,4,10,1,3,1,4,1,4,1,1,5,2,1,5,6,3,3,,,6,4,,,4,3,6,2,4,1,1,2,2,5,4,1,10,10,10,2,2,2,3,1,1,4,5,3,,3,,,b'\x11\xe8\xe1I\xcb\\\xa4\xaa\xaf\x82\x12\xdf\x17\xaeN\x1e'
11E8E149-CB5C-A4AA-AF82-12DF17AE4E1E,2018-ncaa-d1-natl,ncaa,106,162,31,144,32,85,81,91,94,89,72,145,112,178,54,214,149,159,185,158,245,94,101,102,104,94,206,161,234,201,236,125,82,150,172,134,254,127,99,135,166,182,40,45,,,239,210,,,100,83,303,17,154,142,212,134,151,165,231,220,224,224,220,285,266,234,277,199,70,214,53,,144,,,106,205,163,186,157,184,231,106,155,87,285,73,280,254,303,255,221,201,233,152,190,150,207,142,272,97,82,248,236,204,172,55,31,87,105,46,122,92,159,94,,,115,143,,,100,259,105,112,109,78,60,37,79,100,101,52,218,192,193,47,47,48,143,85,25,146,80,106,,197,,,b'\x11\xe8\xe1I\xcb\\\xa4\xaa\xaf\x82\x12\xdf\x17\xaeN\x1e'
11E8E149-CB5C-A4AA-AF82-12DF17AE4E1E,2019-ncaa-d0-natl,ncaa,163,180,114,177,132,155,116,155,82,79,109,77,236,234,193,240,236,285,57,285,327,187,246,112,121,86,305,256,282,233,201,226,127,232,171,177,268,18,50,84,255,237,143,133,,,97,146,,,130,243,316,111,161,107,185,68,113,243,250,268,307,305,223,315,247,276,288,187,22,266,152,,84,,,129,135,128,95,220,114,153,116,179,62,342,93,198,184,223,173,201,96,91,237,241,240,236,209,229,56,127,109,201,76,171,68,75,213,160,122,51,89,216,175,,,305,304,,,130,101,99,212,132,116,104,45,90,108,161,48,192,181,167,40,29,59,91,59,62,224,56,205,,336,,,b'\x11\xe8\xe1I\xcb\\\xa4\xaa\xaf\x82\x12\xdf\x17\xaeN\x1e'
11E8E149-CB5C-A4AA-AF82-12DF17AE4E1E,2019-ncaa-d1-conf-Big East,ncaa,8,7,5,8,6,4,3,5,3,2,2,5,10,10,6,10,7,7,5,7,9,6,6,5,5,4,10,10,8,6,6,9,8,8,6,7,8,3,5,4,8,8,4,6,,,6,7,,,4,6,7,6,4,4,4,2,2,10,10,7,7,7,6,8,6,10,8,7,3,8,4,,7,,,4,6,3,3,6,5,7,3,3,2,10,1,10,10,7,10,8,4,5,7,7,6,5,4,10,7,8,3,6,4,6,1,1,7,6,2,5,6,8,5,,,8,8,,,4,5,4,7,4,6,3,1,3,6,4,1,10,9,9,3,4,8,3,5,1,7,6,9,,8,,,b'\x11\xe8\xe1I\xcb\\\xa4\xaa\xaf\x82\x12\xdf\x17\xaeN\x1e'
11E8E149-CB5C-A4AA-AF82-12DF17AE4E1E,2019-ncaa-d1-natl,ncaa,182,180,155,191,178,196,142,195,90,102,134,83,251,258,199,243,263,300,51,298,328,234,290,121,126,93,304,258,281,265,212,266,136,283,182,211,271,9,52,87,276,254,161,137,,,74,146,,,150,295,317,103,173,116,194,77,120,243,254,271,308,305,232,314,257,286,299,202,21,275,154,,87,,,149,98,93,52,236,94,122,128,158,42,344,91,178,160,236,151,205,47,45,249,257,253,234,206,228,43,136,73,212,46,182,56,74,246,171,137,42,93,203,187,,,327,303,,,150,50,105,232,150,128,116,48,103,115,169,45,193,183,176,41,28,59,96,60,70,233,56,210,,338,,,b'\x11\xe8\xe1I\xcb\\\xa4\xaa\xaf\x82\x12\xdf\x17\xaeN\x1e'
11E8E149-CB5C-A4AA-AF82-12DF17AE4E1E,2020-ncaa-d0-natl,ncaa,81,109,33,111,35,30,44,82,54,78,139,63,63,97,41,133,35,93,15,80,118,70,143,47,36,18,103,131,125,254,276,172,271,219,280,76,198,33,27,40,131,164,131,183,,,148,78,,,76,88,228,13,42,62,146,108,207,76,121,57,135,125,131,255,292,247,301,108,21,167,160,,101,,,80,274,291,284,226,313,302,252,134,178,93,113,196,149,303,149,81,279,285,200,193,213,52,83,134,298,271,235,276,279,280,208,97,137,196,164,54,48,142,121,,,79,98,,,76,268,33,243,79,220,253,231,287,262,107,136,155,122,119,205,203,261,157,212,157,185,36,119,,147,,,b'\x11\xe8\xe1I\xcb\\\xa4\xaa\xaf\x82\x12\xdf\x17\xaeN\x1e'
11E8E149-CB5C-A4AA-AF82-12DF17AE4E1E,2020-ncaa-d1-conf-Big East,ncaa,3,3,3,3,3,4,4,4,4,4,5,4,5,5,4,5,3,4,3,4,2,4,4,5,5,3,4,6,3,7,6,5,10,7,10,6,9,1,2,3,5,5,5,6,,,4,2,,,4,5,8,1,4,4,3,4,7,5,5,3,5,4,3,7,7,6,9,6,1,5,5,,2,,,4,4,9,6,5,9,7,5,2,3,2,4,4,4,6,4,3,6,8,3,3,4,3,2,5,9,10,5,6,8,10,4,1,4,4,4,1,1,5,6,,,2,2,,,4,7,4,5,4,5,7,8,9,9,2,4,5,4,4,7,7,8,5,7,3,4,1,6,,1,,,b'\x11\xe8\xe1I\xcb\\\xa4\xaa\xaf\x82\x12\xdf\x17\xaeN\x1e'
11E8E149-CB5C-A4AA-AF82-12DF17AE4E1E,2020-ncaa-d1-natl,ncaa,92,109,45,113,48,42,58,110,58,95,170,66,71,108,43,129,43,111,16,98,118,94,186,50,40,19,102,129,123,280,283,198,275,260,286,91,202,27,27,45,160,181,141,185,,,127,79,,,90,125,236,11,45,67,156,116,211,83,126,60,138,127,139,260,298,252,310,119,22,180,159,,103,,,90,259,284,267,236,304,288,259,124,162,97,108,174,134,307,134,81,258,258,208,208,230,48,80,131,289,275,203,283,257,286,194,100,170,203,181,43,48,132,128,,,106,96,,,90,233,34,260,91,227,267,233,295,263,106,134,159,124,122,208,204,264,160,215,169,193,35,122,,144,,,b'\x11\xe8\xe1I\xcb\\\xa4\xaa\xaf\x82\x12\xdf\x17\xaeN\x1e'
11E8E149-CB5C-A4AA-AF82-12DF17AE4E1E,2021-ncaa-d0-natl,ncaa,205,276,136,241,140,156,123,161,72,94,117,67,188,192,192,213,245,266,113,268,325,174,160,105,114,169,303,236,308,196,188,189,316,188,267,72,50,270,273,132,193,243,18,22,,,66,3,,,239,149,232,70,193,117,215,84,153,237,247,307,319,323,265,239,244,275,287,54,246,238,10,,5,,,227,222,273,246,267,298,267,276,158,184,109,116,94,87,147,85,14,221,213,229,184,215,10,79,17,302,316,146,188,214,267,295,239,163,216,282,316,323,246,202,,,215,283,,,239,193,180,264,231,221,293,261,315,293,121,129,31,40,39,220,204,305,69,180,295,205,310,225,,296,,,b'\x11\xe8\xe1I\xcb\\\xa4\xaa\xaf\x82\x12\xdf\x17\xaeN\x1e'
11E8E149-CB5C-A4AA-AF82-12DF17AE4E1E,2021-ncaa-d1-conf-Big East,ncaa,7,9,4,8,4,7,5,6,3,5,5,4,7,7,9,8,7,7,8,7,10,6,6,7,7,7,9,8,7,7,7,8,10,8,9,5,5,8,8,7,7,8,2,2,,,2,2,,,8,6,10,3,7,6,9,5,6,7,8,10,9,9,9,9,8,9,9,5,8,8,2,,2,,,7,9,9,8,8,10,10,7,6,6,7,4,5,6,2,6,4,8,6,8,7,8,4,5,3,10,10,6,7,8,9,9,7,5,7,8,11,11,7,5,,,4,4,,,8,6,7,9,7,7,8,9,9,9,6,6,4,5,5,8,7,11,3,6,8,6,10,5,,7,,,b'\x11\xe8\xe1I\xcb\\\xa4\xaa\xaf\x82\x12\xdf\x17\xaeN\x1e'
11E8E149-CB5C-A4AA-AF82-12DF17AE4E1E,2021-ncaa-d1-natl,ncaa,217,275,152,249,156,171,136,180,76,104,134,71,193,196,191,212,260,274,113,276,326,197,181,106,116,174,302,235,308,208,193,212,317,211,274,78,47,259,280,135,207,246,21,22,,,58,3,,,249,172,235,67,203,120,220,87,155,238,249,310,320,323,270,244,248,279,293,56,248,242,11,,5,,,237,205,269,228,271,293,257,282,149,165,107,113,86,79,150,79,14,200,195,240,196,227,9,78,17,291,317,131,193,196,274,289,240,180,224,288,311,325,241,212,,,226,283,,,249,171,185,277,243,226,295,263,316,299,122,128,31,40,39,223,202,307,72,183,299,211,314,230,,298,,,b'\x11\xe8\xe1I\xcb\\\xa4\xaa\xaf\x82\x12\xdf\x17\xaeN\x1e'
11E8E149-CB5C-A4AA-AF82-12DF17AE4E1E,2022-ncaa-d0-natl,ncaa,214,266,79,244,95,55,53,79,58,96,154,44,30,34,52,54,151,200,43,197,217,86,94,35,36,36,86,57,289,268,312,110,236,175,284,68,173,168,90,79,295,341,86,159,,,43,7,,,211,64,56,236,37,38,65,116,231,31,44,195,252,246,94,134,313,163,268,64,105,332,113,,18,,,205,348,352,331,323,352,326,316,308,288,285,169,135,86,323,86,20,324,296,316,298,333,53,165,20,299,236,295,312,318,284,347,248,235,321,342,201,136,324,323,,,213,323,,,211,288,68,335,216,336,348,342,348,334,285,253,90,58,56,324,287,252,257,257,338,297,154,320,,300,,,b'\x11\xe8\xe1I\xcb\\\xa4\xaa\xaf\x82\x12\xdf\x17\xaeN\x1e'
11E8E149-CB5C-A4AA-AF82-12DF17AE4E1E,2022-ncaa-d1-conf-Big East,ncaa,7,7,4,7,8,4,6,6,4,6,6,5,4,4,4,5,5,4,4,4,3,5,5,4,4,4,3,3,5,10,10,6,8,10,9,7,8,7,7,7,10,10,3,6,,,3,1,,,7,3,2,7,4,4,5,6,7,3,4,5,4,4,3,3,11,5,10,7,7,10,3,,1,,,7,10,10,10,9,10,10,9,6,6,7,4,6,5,11,5,5,10,9,7,7,10,4,4,5,9,8,6,10,6,9,7,6,10,10,10,7,7,10,11,,,7,6,,,7,9,5,10,7,9,9,10,10,10,7,5,8,6,6,10,10,8,7,6,7,10,7,10,,7,,,b'\x11\xe8\xe1I\xcb\\\xa4\xaa\xaf\x82\x12\xdf\x17\xaeN\x1e'
11E8E149-CB5C-A4AA-AF82-12DF17AE4E1E,2022-ncaa-d1-natl,ncaa,235,266,100,250,125,63,64,96,60,119,181,46,37,44,55,55,173,229,40,227,214,103,121,38,38,41,82,57,291,290,319,139,246,214,296,79,176,137,95,83,321,344,99,167,,,30,8,,,228,82,58,230,43,45,73,126,239,35,45,199,254,248,108,141,315,181,284,71,109,338,115,,19,,,226,344,352,327,337,351,322,322,302,276,287,166,114,73,326,73,20,319,275,327,309,346,51,164,21,285,246,278,319,307,296,344,253,270,323,346,180,145,321,329,,,252,319,,,228,269,79,342,236,342,349,342,350,336,288,255,97,62,61,328,286,254,260,262,341,303,159,319,,304,,,b'\x11\xe8\xe1I\xcb\\\xa4\xaa\xaf\x82\x12\xdf\x17\xaeN\x1e'
11E8E149-CB5C-A4AA-AF82-12DF17AE4E1E,2023-ncaa-d0-natl,ncaa,47,39,81,44,105,116,126,191,56,147,179,112,115,199,19,186,152,198,42,188,188,194,209,50,46,63,145,135,192,175,110,165,242,160,120,140,182,102,138,111,324,336,46,61,,,18,16,,,83,225,350,291,155,163,314,186,242,139,229,193,245,235,311,344,223,244,256,166,71,344,46,,5,,,83,131,228,245,148,271,286,144,98,126,90,105,19,21,162,19,11,192,149,111,75,130,20,103,18,277,242,44,110,106,120,124,70,275,293,238,150,182,240,239,,,173,113,,,83,120,54,180,83,51,143,155,207,258,62,73,10,11,10,75,22,239,10,45,70,327,116,220,,233,,,b'\x11\xe8\xe1I\xcb\\\xa4\xaa\xaf\x82\x12\xdf\x17\xaeN\x1e'
11E8E149-CB5C-A4AA-AF82-12DF17AE4E1E,2023-ncaa-d1-conf-Big East,ncaa,5,4,8,5,8,7,8,10,5,9,9,6,7,7,3,5,5,7,3,7,2,9,10,5,5,6,4,5,2,9,5,9,10,9,6,8,9,4,7,7,11,11,3,4,,,2,3,,,6,11,11,3,7,7,10,8,9,5,6,4,7,6,9,10,8,9,9,8,5,11,2,,2,,,6,4,6,3,6,8,7,6,4,3,3,3,4,4,4,4,4,3,2,5,5,5,1,4,4,9,10,2,5,4,6,4,3,11,11,6,4,8,6,9,,,6,2,,,6,1,6,6,6,5,6,7,8,10,4,4,4,4,4,7,3,11,2,4,5,11,7,7,,3,,,b'\x11\xe8\xe1I\xcb\\\xa4\xaa\xaf\x82\x12\xdf\x17\xaeN\x1e'
11E8E149-CB5C-A4AA-AF82-12DF17AE4E1E,2023-ncaa-d1-natl,ncaa,52,39,103,48,142,145,154,246,56,176,222,118,130,215,20,184,175,219,40,208,184,252,273,55,49,71,141,138,193,208,117,199,252,203,135,162,191,72,142,114,340,339,50,63,,,15,16,,,101,288,352,291,173,185,319,195,252,139,231,193,251,240,315,346,230,255,268,176,74,346,49,,5,,,101,88,202,211,168,251,268,162,82,101,95,103,14,13,161,13,11,147,92,128,84,156,18,104,17,255,252,22,117,76,135,106,69,310,302,248,128,187,232,246,,,201,104,,,101,66,60,202,98,59,156,162,223,262,69,76,10,10,10,78,22,241,10,49,76,331,116,227,,229,,,b'\x11\xe8\xe1I\xcb\\\xa4\xaa\xaf\x82\x12\xdf\x17\xaeN\x1e'
11E8E149-CB5C-A4AA-AF82-12DF17AE4E1E,2023-ncaa-d1-ncaatournament,ncaa,18,2,18,18,21,30,31,35,29,33,33,55,14,25,3,27,23,24,25,26,21,34,33,16,12,18,7,9,24,26,17,35,42,32,29,24,17,45,51,38,29,35,27,28,,,48,58,,,23,35,64,7,40,48,63,59,56,9,39,31,32,34,59,62,31,59,51,26,39,38,31,,42,,,23,38,42,36,49,40,41,33,42,38,60,25,27,19,65,18,6,34,34,49,49,44,32,48,17,38,42,35,17,35,29,26,13,25,16,16,28,22,12,14,,,21,11,,,23,34,17,38,29,20,26,6,25,22,40,14,11,5,5,2,3,27,6,10,13,28,17,8,,17,,,b'\x11\xe8\xe1I\xcb\\\xa4\xaa\xaf\x82\x12\xdf\x17\xaeN\x1e'
11E8E149-CB5C-A4AA-AF82-12DF17AE4E1E,2024-ncaa-d0-natl,ncaa,127,148,52,142,55,169,158,207,87,116,161,96,251,263,195,250,168,200,83,194,199,200,240,120,112,108,279,270,154,285,269,228,187,265,235,184,227,85,140,135,180,165,246,284,,,29,32,,,129,217,357,63,254,231,341,171,237,280,303,221,251,250,335,355,323,326,349,238,42,226,280,,11,,,131,127,246,183,282,302,270,264,55,51,140,60,5,3,328,3,4,116,134,241,193,149,3,55,6,131,187,130,269,119,235,243,199,130,98,181,17,28,303,299,,,156,74,,,129,147,136,134,129,37,144,48,256,182,17,17,4,3,3,9,8,70,43,42,166,187,8,276,,240,,,b'\x11\xe8\xe1I\xcb\\\xa4\xaa\xaf\x82\x12\xdf\x17\xaeN\x1e'
11E8E149-CB5C-A4AA-AF82-12DF17AE4E1E,2024-ncaa-d1-conf-Big East,ncaa,5,3,7,4,7,10,10,10,5,7,8,3,11,11,11,11,5,5,6,4,3,9,10,6,6,6,11,11,2,10,10,8,4,9,7,10,11,5,7,8,6,5,9,9,,,2,2,,,5,10,11,1,9,8,9,5,7,11,11,5,3,3,9,10,10,7,9,10,5,6,8,,2,,,5,3,3,2,7,5,6,6,1,2,4,3,1,1,10,1,1,1,2,7,7,5,1,1,2,2,4,4,10,2,7,4,6,8,6,7,3,4,5,8,,,5,1,,,5,2,7,5,5,4,6,5,8,9,1,2,2,1,1,1,2,3,5,6,7,7,3,6,,1,,,b'\x11\xe8\xe1I\xcb\\\xa4\xaa\xaf\x82\x12\xdf\x17\xaeN\x1e'
11E8E149-CB5C-A4AA-AF82-12DF17AE4E1E,2024-ncaa-d1-natl,ncaa,137,150,78,156,82,215,192,266,95,146,194,103,270,282,201,252,188,227,84,223,202,260,295,130,122,119,277,270,150,313,281,267,206,307,250,222,237,64,144,149,216,179,259,293,,,21,33,,,154,274,359,61,272,255,346,190,241,284,309,224,256,254,342,357,327,334,353,256,43,248,290,,10,,,154,96,227,146,297,290,249,280,41,37,156,60,5,3,333,3,4,72,84,251,209,172,3,56,6,112,206,97,281,83,250,228,201,166,112,198,14,28,299,306,,,187,66,,,154,93,151,163,149,46,166,50,264,185,22,18,4,3,3,9,8,74,46,45,181,199,6,281,,245,,,b'\x11\xe8\xe1I\xcb\\\xa4\xaa\xaf\x82\x12\xdf\x17\xaeN\x1e'
11E8E149-CB5C-A4AA-AF82-12DF17AE4E1E,2025-ncaa-d0-natl,genius_ncaa,147,147,135,154,145,218,198,239,133,220,274,104,164,164,171,99,298,331,48,333,305,267,311,127,128,112,171,124,294,331,321,299,46,331,247,200,203,36,98,117,95,36,326,314,,,40,113,,130,116,287,356,108,260,227,308,248,298,171,165,320,338,339,330,355,342,348,357,216,36,94,333,,33,,128,115,37,80,33,305,139,47,335,33,51,66,176,19,16,235,16,54,17,33,272,251,137,27,85,43,6,46,126,321,32,247,109,208,121,36,96,20,75,201,271,,,320,261,,100,116,69,139,93,112,21,62,4,119,21,28,42,18,13,13,1,3,3,102,25,101,121,24,188,,341,,100,b'\x11\xe8\xe1I\xcb\\\xa4\xaa\xaf\x82\x12\xdf\x17\xaeN\x1e'
11E8E149-CB5C-A4AA-AF82-12DF17AE4E1E,2025-ncaa-d1-conf-Big East,genius_ncaa,7,8,3,8,3,8,8,7,7,8,8,7,4,4,8,4,8,8,8,8,7,7,8,7,6,5,5,4,7,8,8,10,3,10,9,8,10,4,6,6,3,3,11,10,,,5,8,,8,6,9,11,2,8,8,8,8,8,4,4,8,8,8,8,10,9,10,10,8,4,3,11,,5,,8,6,5,6,1,11,8,3,11,2,2,4,6,4,4,4,3,5,1,2,11,10,8,2,3,4,1,3,8,8,5,9,6,4,4,3,3,2,4,9,9,,,11,10,,4,6,3,7,6,6,3,6,1,8,3,3,3,4,3,3,1,1,1,7,3,6,4,2,8,,10,,4,b'\x11\xe8\xe1I\xcb\\\xa4\xaa\xaf\x82\x12\xdf\x17\xaeN\x1e'
11E8E149-CB5C-A4AA-AF82-12DF17AE4E1E,2025-ncaa-d1-natl,genius_ncaa,161,147,172,163,183,256,238,291,141,250,298,118,185,187,171,99,314,337,47,337,307,309,337,132,136,118,166,122,291,337,327,326,49,343,258,234,211,28,104,124,109,44,332,315,,,28,119,,121,129,331,356,93,273,246,321,255,305,175,168,321,339,340,331,356,344,349,358,234,35,103,336,,35,,130,128,23,55,13,312,115,30,342,28,39,76,173,15,14,242,14,56,7,18,283,267,153,27,81,45,4,49,92,327,19,258,92,211,152,39,104,17,82,187,278,,,335,257,,111,129,27,148,106,124,24,66,4,128,22,37,41,20,15,14,1,3,3,105,27,109,137,24,193,,340,,98,b'\x11\xe8\xe1I\xcb\\\xa4\xaa\xaf\x82\x12\xdf\x17\xaeN\x1e'
11E8E149-CB5C-A4AA-AF82-12DF17AE4E1E,2026-ncaa-d0-natl,genius_ncaa,17,39,9,38,20,49,51,103,16,38,99,7,130,134,168,232,49,20,301,20,43,85,64,23,31,63,303,291,174,163,177,46,50,78,54,31,53,329,236,96,145,231,18,30,,,266,141,,96,57,45,297,97,118,105,334,64,268,242,272,131,75,79,311,323,300,149,237,53,187,269,29,,89,,40,64,278,267,305,81,301,327,102,129,214,50,70,314,301,261,299,178,313,293,58,82,117,97,47,285,178,50,186,177,186,54,243,133,126,226,165,334,257,20,17,,,19,36,,95,57,308,85,93,75,63,57,64,121,182,23,52,197,168,165,76,24,33,13,8,68,285,229,5,,93,,182,b'\x11\xe8\xe1I\xcb\\\xa4\xaa\xaf\x82\x12\xdf\x17\xaeN\x1e'
11E8E149-CB5C-A4AA-AF82-12DF17AE4E1E,2026-ncaa-d1-conf-Big East,genius_ncaa,3,6,1,6,1,3,3,7,4,3,6,1,10,8,11,9,2,2,6,2,1,5,7,5,4,6,11,11,3,9,10,2,3,4,4,5,8,7,8,7,7,10,4,4,,,9,6,,7,6,6,9,1,7,6,11,6,9,11,11,4,4,4,9,10,10,4,7,8,4,9,6,,6,,6,6,7,6,7,4,6,6,5,8,10,7,10,8,9,3,9,9,7,5,6,5,6,10,8,5,4,3,7,10,7,4,8,10,6,9,8,8,8,2,2,,,4,6,,7,6,6,6,6,6,5,4,4,3,2,8,10,5,6,7,5,2,3,3,3,7,9,6,2,,7,,9,b'\x11\xe8\xe1I\xcb\\\xa4\xaa\xaf\x82\x12\xdf\x17\xaeN\x1e'
11E8E149-CB5C-A4AA-AF82-12DF17AE4E1E,2026-ncaa-d1-natl,genius_ncaa,18,39,13,39,35,65,66,161,16,44,147,8,184,185,185,232,77,34,304,32,37,130,106,26,36,74,300,294,150,234,211,63,57,115,67,38,56,303,257,117,213,272,21,29,,,225,163,,69,89,77,305,100,152,136,349,82,286,257,284,137,85,86,333,332,320,175,278,68,198,300,29,,99,,44,99,241,227,269,117,274,309,126,84,163,60,66,294,279,271,278,186,281,256,83,110,163,88,42,285,128,57,135,211,129,67,211,139,191,260,216,318,281,13,17,,,26,32,,112,89,270,106,133,107,84,75,78,146,196,27,47,210,181,178,85,21,37,13,10,81,301,236,5,,99,,169,b'\x11\xe8\xe1I\xcb\\\xa4\xaa\xaf\x82\x12\xdf\x17\xaeN\x1e'
11E8E149-CB61-0126-AF82-12DF17AE4E1E,2010-ncaa-d0-natl,ncaa,2,2,2,2,3,2,3,5,5,7,19,4,22,20,98,118,15,36,49,33,183,5,10,7,10,4,229,173,263,8,23,2,7,1,3,2,42,128,6,2,289,341,26,103,,,110,3,,,2,10,239,283,13,10,72,15,153,73,88,108,162,166,77,198,98,3,5,8,10,340,61,,5,,,2,250,319,345,3,326,345,10,153,307,3,163,19,58,2,57,2,343,337,2,2,10,7,115,6,305,7,255,23,299,3,76,5,240,342,173,56,9,130,34,,,17,167,,,2,335,2,9,2,10,56,316,129,318,31,178,2,5,5,229,78,97,14,18,7,340,11,46,,182,,,b'\x11\xe8\xe1I\xcba\x01&\xaf\x82\x12\xdf\x17\xaeN\x1e'
11E8E149-CB61-0126-AF82-12DF17AE4E1E,2010-ncaa-d1-conf-Pac-12,ncaa,1,1,1,1,2,1,1,3,1,2,4,1,2,3,2,4,1,3,1,3,5,3,5,1,1,1,5,4,8,4,4,1,1,1,1,1,1,2,1,1,10,10,1,2,,,1,1,,,1,4,6,8,2,1,5,2,7,3,4,3,7,7,5,7,5,1,1,1,1,10,1,,1,,,1,1,2,8,1,3,10,1,4,7,1,5,1,1,1,1,1,8,6,1,1,1,4,7,1,6,1,3,4,5,1,1,2,10,9,5,1,2,1,1,,,4,7,,,1,7,1,1,1,1,2,8,2,9,2,5,1,1,1,7,3,4,2,3,1,10,1,1,,8,,,b'\x11\xe8\xe1I\xcba\x01&\xaf\x82\x12\xdf\x17\xaeN\x1e'
11E8E149-CB61-0126-AF82-12DF17AE4E1E,2010-ncaa-d1-natl,ncaa,2,2,2,2,3,2,3,5,5,7,19,4,23,23,99,116,16,42,47,39,184,5,11,7,10,4,228,171,259,8,23,2,8,1,3,2,44,112,6,2,300,341,27,104,,,95,3,,,2,10,241,285,13,10,74,16,154,74,88,109,161,163,81,200,101,3,5,8,10,341,62,,6,,,2,240,315,345,3,322,345,11,149,303,3,160,11,53,2,52,2,343,337,2,2,10,6,115,6,304,8,244,23,292,3,67,5,254,342,179,48,9,127,34,,,17,166,,,2,335,2,9,2,10,57,317,129,319,31,178,2,5,5,232,77,100,14,18,7,341,11,47,,180,,,b'\x11\xe8\xe1I\xcba\x01&\xaf\x82\x12\xdf\x17\xaeN\x1e'
11E8E149-CB61-0126-AF82-12DF17AE4E1E,2010-ncaa-d1-ncaatournament,ncaa,2,2,1,2,1,2,2,1,23,2,1,26,2,1,20,33,3,3,24,3,30,1,1,25,21,13,30,32,31,1,16,2,3,1,7,2,24,60,6,5,9,53,9,41,,,64,15,,,2,2,46,9,17,16,16,21,20,24,28,23,24,24,14,31,19,4,2,16,6,55,43,,8,,,2,64,64,64,9,63,64,17,61,63,15,54,58,62,2,62,24,64,63,9,4,9,29,39,12,60,3,64,16,64,7,58,6,4,48,22,56,6,63,31,,,2,28,,,2,63,11,8,2,7,12,36,20,23,27,48,5,16,15,24,9,13,29,22,4,50,6,36,,30,,,b'\x11\xe8\xe1I\xcba\x01&\xaf\x82\x12\xdf\x17\xaeN\x1e'
11E8E149-CB61-0126-AF82-12DF17AE4E1E,2011-ncaa-d0-natl,ncaa,5,3,11,5,11,8,7,17,2,8,29,2,32,56,22,164,32,43,37,42,180,20,31,2,2,1,253,197,283,44,12,5,21,8,5,5,93,106,13,6,166,263,65,129,,,165,28,,,3,28,221,240,5,4,90,7,125,79,143,85,138,138,87,198,135,4,11,7,16,270,121,,27,,,3,207,229,336,5,185,325,4,275,324,39,247,88,117,41,106,24,333,317,5,3,15,189,273,61,298,21,46,12,149,5,73,16,164,298,102,128,39,12,2,,,46,196,,,3,316,1,17,3,28,44,262,40,216,155,260,21,27,25,202,111,138,2,7,12,308,40,2,,201,,,b'\x11\xe8\xe1I\xcba\x01&\xaf\x82\x12\xdf\x17\xaeN\x1e'
11E8E149-CB61-0126-AF82-12DF17AE4E1E,2011-ncaa-d1-conf-Pac-12,ncaa,1,1,3,1,5,1,1,5,1,1,5,1,4,5,4,5,1,1,2,1,1,4,5,1,1,1,8,7,4,3,1,1,1,1,1,1,2,1,1,1,8,8,4,4,,,2,3,,,1,5,5,5,1,1,4,1,5,5,5,1,1,1,3,5,4,1,1,1,1,9,4,,3,,,1,1,2,7,1,2,8,1,3,7,1,6,2,3,1,3,4,7,6,1,1,1,5,7,4,5,1,1,1,2,1,1,1,7,7,2,1,1,1,1,,,1,2,,,1,6,1,1,1,1,2,7,2,8,2,7,3,3,3,6,5,5,1,2,1,9,1,1,,1,,,b'\x11\xe8\xe1I\xcba\x01&\xaf\x82\x12\xdf\x17\xaeN\x1e'
11E8E149-CB61-0126-AF82-12DF17AE4E1E,2011-ncaa-d1-natl,ncaa,5,3,11,5,11,9,7,19,3,8,34,2,37,63,22,164,37,54,36,51,184,21,32,2,2,1,250,193,280,49,13,5,22,8,5,6,96,87,13,7,189,268,67,130,,,147,29,,,3,30,222,242,5,4,93,7,132,79,142,86,136,138,93,203,141,4,13,7,18,277,122,,29,,,3,191,215,335,5,173,322,4,268,321,41,247,77,101,41,92,23,331,315,5,3,15,189,271,60,291,22,34,13,123,5,56,17,184,305,106,116,40,10,2,,,53,194,,,3,314,2,19,3,29,48,262,43,217,158,258,23,28,25,208,110,143,2,7,12,310,41,3,,201,,,b'\x11\xe8\xe1I\xcba\x01&\xaf\x82\x12\xdf\x17\xaeN\x1e'
11E8E149-CB61-0126-AF82-12DF17AE4E1E,2011-ncaa-d1-ncaatournament,ncaa,3,2,3,3,3,3,3,4,3,3,5,5,1,2,11,34,6,5,36,5,30,4,4,3,3,3,34,27,43,6,10,3,13,4,5,4,17,61,23,7,13,51,3,19,,,61,9,,,3,3,41,3,8,6,32,12,34,10,29,34,30,32,32,39,34,5,11,6,22,55,15,,6,,,4,61,61,62,13,61,62,8,61,58,34,32,58,56,50,56,8,62,62,12,9,14,28,43,18,62,13,59,10,60,5,60,17,9,54,42,57,5,53,23,,,5,41,,,3,62,2,11,4,13,19,45,19,47,36,29,13,8,9,35,21,21,3,7,15,53,6,21,,42,,,b'\x11\xe8\xe1I\xcba\x01&\xaf\x82\x12\xdf\x17\xaeN\x1e'
11E8E149-CB61-0126-AF82-12DF17AE4E1E,2012-ncaa-d0-natl,ncaa,2,2,4,2,5,4,4,7,8,4,13,4,60,46,149,165,13,28,16,26,209,7,13,11,11,5,276,240,242,22,28,2,32,5,8,5,102,53,2,3,203,292,16,49,,,205,28,,,4,13,215,242,7,6,44,7,82,134,133,59,140,138,50,181,100,3,13,11,6,296,33,,28,,,4,258,281,340,8,302,339,20,144,305,3,172,193,214,97,219,47,338,331,8,4,30,60,82,125,309,32,213,28,285,8,64,2,183,322,99,101,15,85,12,,,35,230,,,4,332,3,29,4,35,54,259,108,263,48,190,57,54,59,218,113,151,13,29,5,319,21,23,,223,,,b'\x11\xe8\xe1I\xcba\x01&\xaf\x82\x12\xdf\x17\xaeN\x1e'
11E8E149-CB61-0126-AF82-12DF17AE4E1E,2012-ncaa-d1-conf-Pac-12,ncaa,1,1,2,1,4,1,1,3,1,2,4,1,7,6,10,7,2,3,1,3,5,2,4,1,1,1,9,10,5,2,2,1,4,2,2,1,4,1,1,1,9,9,2,3,,,5,4,,,1,4,7,11,1,1,4,2,5,8,7,1,5,4,4,8,3,1,2,1,1,9,3,,2,,,1,2,2,9,1,5,12,1,1,5,1,4,1,3,1,3,1,8,7,1,1,1,1,1,5,6,4,1,2,2,2,1,1,6,7,2,1,1,3,2,,,4,6,,,1,9,1,1,1,1,2,8,3,12,1,4,1,1,2,5,4,6,1,1,1,9,1,1,,6,,,b'\x11\xe8\xe1I\xcba\x01&\xaf\x82\x12\xdf\x17\xaeN\x1e'
11E8E149-CB61-0126-AF82-12DF17AE4E1E,2012-ncaa-d1-natl,ncaa,2,2,4,2,5,4,4,7,8,4,15,4,66,57,152,164,15,31,16,30,210,7,13,11,12,5,274,238,238,24,30,2,33,5,8,5,105,38,2,3,220,296,17,49,,,189,30,,,4,14,219,242,6,6,45,7,88,135,132,61,140,135,53,189,103,4,13,13,6,299,36,,27,,,5,242,266,339,9,296,339,22,133,302,3,167,182,197,100,205,48,338,331,7,4,32,58,81,127,301,33,194,30,266,8,54,2,210,323,107,87,16,81,12,,,41,227,,,4,331,3,31,5,38,59,257,112,265,49,190,57,57,63,220,112,156,13,30,6,321,24,24,,222,,,b'\x11\xe8\xe1I\xcba\x01&\xaf\x82\x12\xdf\x17\xaeN\x1e'
11E8E149-CB61-0126-AF82-12DF17AE4E1E,2012-ncaa-d1-ncaatournament,ncaa,3,2,3,3,4,4,4,4,7,4,3,6,7,5,31,48,4,3,32,3,19,4,4,13,11,5,43,49,25,6,41,4,24,5,28,4,16,58,11,3,9,43,2,6,,,61,23,,,5,4,50,5,18,14,50,11,35,47,51,17,21,20,42,56,47,14,31,11,8,45,4,,18,,,6,62,62,62,6,62,62,7,52,58,8,20,62,62,37,62,17,62,61,3,5,11,17,16,43,61,24,62,41,62,28,57,9,10,56,35,60,27,49,13,,,3,16,,,5,61,9,14,6,8,10,46,24,51,8,19,35,26,28,44,24,39,17,26,7,58,22,8,,24,,,b'\x11\xe8\xe1I\xcba\x01&\xaf\x82\x12\xdf\x17\xaeN\x1e'
11E8E149-CB61-0126-AF82-12DF17AE4E1E,2013-ncaa-d0-natl,ncaa,4,3,8,3,12,12,11,21,5,12,31,5,73,70,103,167,89,111,87,105,260,21,44,7,13,5,275,202,304,63,67,3,71,7,17,33,261,25,5,11,271,318,7,29,,,114,23,,,5,52,299,267,26,16,126,20,142,133,158,205,242,235,153,282,193,4,31,79,4,323,17,,20,,,6,150,182,338,1,215,335,4,120,300,1,194,119,113,226,111,21,338,303,2,1,10,94,131,135,326,71,151,67,273,17,23,3,295,341,124,29,9,9,2,,,110,250,,,5,292,4,19,6,11,21,287,43,275,45,203,39,32,32,212,67,219,17,52,2,342,5,3,,289,,,b'\x11\xe8\xe1I\xcba\x01&\xaf\x82\x12\xdf\x17\xaeN\x1e'
11E8E149-CB61-0126-AF82-12DF17AE4E1E,2013-ncaa-d1-conf-Pac-12,ncaa,1,1,1,1,2,1,1,4,1,2,5,1,2,3,6,6,3,4,1,3,5,3,6,1,1,1,7,6,8,8,5,1,5,2,4,2,4,2,2,1,9,9,1,1,,,5,4,,,1,5,9,10,1,1,6,2,8,4,6,5,6,6,8,10,8,2,4,2,2,9,1,,2,,,1,2,2,10,1,3,12,1,2,6,1,5,4,4,8,4,1,9,9,1,1,1,3,2,7,11,5,3,5,6,4,1,1,8,8,3,3,3,1,1,,,3,4,,,1,7,1,1,1,1,2,8,2,10,1,6,2,2,2,6,5,7,2,5,1,9,2,1,,7,,,b'\x11\xe8\xe1I\xcba\x01&\xaf\x82\x12\xdf\x17\xaeN\x1e'
11E8E149-CB61-0126-AF82-12DF17AE4E1E,2013-ncaa-d1-natl,ncaa,4,3,8,3,13,12,11,22,5,12,33,6,78,76,100,161,97,119,90,113,255,22,54,8,13,5,274,201,302,71,72,3,73,8,18,37,264,18,5,11,287,324,8,28,,,101,26,,,5,57,300,267,27,16,132,22,147,133,161,207,240,234,157,287,199,4,33,79,4,329,17,,20,,,6,131,159,338,1,200,334,4,117,295,1,192,108,104,228,100,21,337,298,2,1,10,91,128,135,322,73,137,72,263,18,16,3,307,342,131,25,9,9,2,,,125,245,,,5,287,4,21,6,11,23,289,46,276,45,205,39,33,33,214,67,221,16,52,2,343,5,3,,288,,,b'\x11\xe8\xe1I\xcba\x01&\xaf\x82\x12\xdf\x17\xaeN\x1e'
11E8E149-CB61-0126-AF82-12DF17AE4E1E,2013-ncaa-d1-ncaatournament,ncaa,9,2,9,9,9,14,11,14,5,13,14,5,6,11,8,26,31,28,42,27,51,16,16,4,7,4,39,23,58,18,30,12,16,13,7,14,52,42,15,15,42,62,15,29,,,48,25,,,4,16,59,7,22,8,45,18,42,15,30,53,55,54,50,58,43,10,27,32,7,62,28,,14,,,3,48,48,49,4,47,50,5,44,50,12,45,46,48,23,48,30,49,49,3,3,11,34,36,34,47,16,50,30,48,7,38,3,25,58,32,45,33,1,1,,,31,59,,,4,49,5,7,3,2,1,23,9,17,23,42,19,22,21,19,6,23,6,6,1,61,19,1,,60,,,b'\x11\xe8\xe1I\xcba\x01&\xaf\x82\x12\xdf\x17\xaeN\x1e'
11E8E149-CB61-0126-AF82-12DF17AE4E1E,2014-ncaa-d0-natl,ncaa,3,3,4,3,7,10,8,14,8,12,29,8,35,63,24,138,113,116,163,115,276,17,28,7,13,6,239,131,334,79,115,2,22,8,20,6,68,103,18,4,204,291,62,115,,,184,27,,,8,18,227,259,25,14,92,26,158,79,131,254,263,259,133,251,206,7,38,10,12,296,112,,22,,,9,271,294,345,13,246,341,11,307,324,119,228,97,132,27,129,24,343,329,18,7,35,196,292,44,273,22,259,115,273,20,118,16,180,320,151,97,31,68,14,,,39,165,,,8,332,6,34,9,41,57,260,48,228,203,232,20,35,34,193,89,88,32,33,19,326,22,18,,223,,,b'\x11\xe8\xe1I\xcba\x01&\xaf\x82\x12\xdf\x17\xaeN\x1e'
11E8E149-CB61-0126-AF82-12DF17AE4E1E,2014-ncaa-d1-conf-Pac-12,ncaa,1,1,4,1,8,2,2,5,1,1,7,1,5,5,1,4,8,9,1,9,9,6,8,1,1,1,7,6,11,9,4,1,2,3,1,1,2,2,4,1,10,10,8,6,,,2,3,,,1,7,7,10,2,2,5,1,9,4,5,8,9,9,5,8,8,1,3,1,3,10,6,,2,,,1,1,4,7,2,4,8,2,7,6,8,7,1,2,1,2,2,7,6,2,2,3,6,9,2,4,2,1,4,2,1,2,2,9,10,6,2,4,1,1,,,9,7,,,1,5,1,1,1,2,5,8,2,8,8,7,1,2,2,7,5,4,2,1,2,9,3,1,,8,,,b'\x11\xe8\xe1I\xcba\x01&\xaf\x82\x12\xdf\x17\xaeN\x1e'
11E8E149-CB61-0126-AF82-12DF17AE4E1E,2014-ncaa-d1-natl,ncaa,3,3,4,3,8,11,8,16,8,13,32,10,40,70,26,138,121,125,163,122,275,19,32,8,13,6,241,131,335,92,120,2,22,9,21,6,70,86,18,4,218,293,69,116,,,166,29,,,8,21,232,262,30,16,96,27,159,81,131,255,267,261,140,253,213,9,42,11,12,297,115,,22,,,9,256,284,344,14,230,341,12,301,321,124,227,94,127,28,123,25,340,325,19,8,39,196,291,45,262,22,240,120,257,21,110,16,204,325,158,89,31,61,16,,,47,167,,,8,329,6,38,9,43,59,264,51,231,203,233,20,37,35,197,86,87,34,34,21,328,23,22,,225,,,b'\x11\xe8\xe1I\xcba\x01&\xaf\x82\x12\xdf\x17\xaeN\x1e'
11E8E149-CB61-0126-AF82-12DF17AE4E1E,2014-ncaa-d1-ncaatournament,ncaa,3,2,3,3,3,4,3,4,11,5,6,3,2,2,32,14,13,12,26,12,46,4,4,9,10,6,31,20,54,8,39,3,9,4,19,3,17,59,21,9,5,34,16,40,,,57,11,,,4,4,49,3,20,13,33,19,45,10,13,45,52,49,43,52,49,22,34,7,10,44,41,,9,,,7,61,61,61,30,62,60,30,61,61,32,43,56,59,19,57,15,61,61,32,26,25,31,40,17,60,9,62,39,61,19,60,19,5,32,24,62,37,52,27,,,6,33,,,4,61,8,16,5,12,18,19,18,16,32,32,13,11,11,11,5,9,18,8,11,41,33,15,,44,,,b'\x11\xe8\xe1I\xcba\x01&\xaf\x82\x12\xdf\x17\xaeN\x1e'
11E8E149-CB61-0126-AF82-12DF17AE4E1E,2015-ncaa-d0-natl,ncaa,26,50,10,39,10,22,33,42,35,47,78,63,22,65,9,124,48,63,82,67,126,42,60,23,19,14,97,88,207,103,153,17,179,33,96,204,343,77,28,148,214,296,28,63,,,187,48,,,35,50,319,87,67,80,226,159,247,61,134,124,172,187,219,309,237,88,156,317,17,302,51,,33,,,40,303,320,343,42,302,341,23,295,296,209,165,119,137,109,137,18,338,321,45,28,123,117,250,43,336,179,241,153,307,96,181,37,226,321,245,33,17,86,48,,,52,128,,,35,311,13,140,31,85,130,278,133,278,193,177,36,36,32,216,80,247,33,79,59,333,6,31,,232,,,b'\x11\xe8\xe1I\xcba\x01&\xaf\x82\x12\xdf\x17\xaeN\x1e'
11E8E149-CB61-0126-AF82-12DF17AE4E1E,2015-ncaa-d1-conf-Pac-12,ncaa,1,3,1,3,1,3,3,6,2,6,8,3,3,4,4,3,7,7,4,8,5,7,6,2,3,3,3,3,10,8,8,3,11,4,6,9,12,4,4,7,7,7,3,3,,,9,7,,,3,6,10,7,4,5,11,9,9,3,4,8,9,9,11,11,9,5,6,10,2,7,3,,7,,,3,5,7,11,2,4,11,2,7,7,4,6,5,6,1,6,4,11,9,2,2,3,7,8,4,12,11,6,8,8,6,6,6,6,7,7,2,3,2,1,,,2,3,,,3,7,2,4,3,3,5,7,3,10,7,6,2,5,5,6,5,12,4,5,5,8,1,1,,8,,,b'\x11\xe8\xe1I\xcba\x01&\xaf\x82\x12\xdf\x17\xaeN\x1e'
11E8E149-CB61-0126-AF82-12DF17AE4E1E,2015-ncaa-d1-natl,ncaa,27,50,11,43,12,25,37,47,39,57,91,70,28,74,9,123,53,72,80,79,124,47,70,24,21,15,94,87,202,124,159,22,189,38,105,230,343,61,32,154,240,305,30,68,,,164,47,,,36,54,321,87,71,92,238,165,249,61,135,123,176,189,231,313,243,97,162,326,18,308,50,,33,,,43,291,312,342,43,293,338,27,289,284,215,159,105,116,113,114,18,336,318,49,34,134,112,249,43,331,189,214,159,296,105,166,40,252,325,253,29,17,78,49,,,63,123,,,36,306,15,151,32,93,137,280,141,282,194,178,38,38,34,222,80,254,35,79,62,333,6,31,,232,,,b'\x11\xe8\xe1I\xcba\x01&\xaf\x82\x12\xdf\x17\xaeN\x1e'
11E8E149-CB61-0126-AF82-12DF17AE4E1E,2015-ncaa-d1-ncaatournament,ncaa,9,2,9,9,10,12,14,14,18,14,14,26,12,14,14,42,6,6,25,7,5,14,13,18,10,15,23,35,6,15,34,9,33,13,21,20,54,54,49,51,20,53,7,19,,,44,7,,,19,11,25,4,18,32,54,30,40,32,46,5,5,4,43,34,45,14,23,50,45,52,12,,12,,,20,54,56,57,18,58,57,32,47,52,22,39,48,40,56,38,4,55,54,16,16,27,16,28,16,56,33,50,34,53,21,41,1,20,51,17,57,48,35,12,,,10,9,,,19,52,18,30,18,30,51,59,50,59,36,44,18,5,5,50,45,48,17,22,3,50,48,14,,14,,,b'\x11\xe8\xe1I\xcba\x01&\xaf\x82\x12\xdf\x17\xaeN\x1e'
11E8E149-CB61-0126-AF82-12DF17AE4E1E,2016-ncaa-d0-natl,ncaa,17,30,12,32,15,35,41,47,51,70,90,95,32,62,17,125,74,64,190,63,120,44,45,40,48,39,101,81,228,41,50,16,135,18,44,20,61,170,62,36,165,239,5,8,,,127,38,,,22,60,297,150,85,86,180,156,218,58,123,159,160,163,181,244,113,40,49,47,52,259,9,,28,,,21,165,163,328,6,133,332,3,222,260,136,141,161,162,145,160,51,325,308,9,7,21,230,232,156,332,135,203,50,289,44,59,20,206,301,104,141,73,223,155,,,75,179,,,22,290,23,41,19,29,27,209,24,244,137,150,60,64,62,177,82,253,41,81,16,312,59,130,,219,,,b'\x11\xe8\xe1I\xcba\x01&\xaf\x82\x12\xdf\x17\xaeN\x1e'
11E8E149-CB61-0126-AF82-12DF17AE4E1E,2016-ncaa-d1-conf-Pac-12,ncaa,4,3,5,4,5,7,6,8,6,9,9,7,4,4,2,5,7,7,5,7,6,6,9,4,4,4,3,4,8,3,2,6,5,5,3,3,4,2,4,1,8,5,2,1,,,3,4,,,3,11,12,4,5,6,6,9,9,4,4,8,7,8,8,8,3,4,4,4,3,7,1,,4,,,2,3,1,6,2,1,4,2,8,8,8,8,5,6,5,6,6,4,2,2,2,2,11,11,8,4,5,2,2,2,3,2,2,10,8,4,5,6,7,9,,,9,5,,,3,2,1,3,2,3,2,5,1,4,8,8,6,6,6,3,3,5,3,3,2,9,5,7,,8,,,b'\x11\xe8\xe1I\xcba\x01&\xaf\x82\x12\xdf\x17\xaeN\x1e'
11E8E149-CB61-0126-AF82-12DF17AE4E1E,2016-ncaa-d1-natl,ncaa,19,30,12,32,18,42,50,58,58,88,106,101,35,76,17,123,88,77,192,76,121,54,58,43,49,41,97,81,224,51,51,20,142,20,46,24,64,143,66,36,192,251,5,8,,,102,40,,,22,72,303,151,89,90,188,169,227,58,123,157,159,161,189,247,115,44,48,48,51,264,9,,28,,,22,144,145,324,6,113,326,3,209,239,140,138,148,145,151,144,51,317,295,8,8,24,227,229,157,327,142,177,51,275,46,41,21,235,305,111,120,76,215,159,,,96,174,,,22,277,25,44,19,29,32,211,24,248,140,149,61,65,64,180,78,256,42,84,18,316,62,137,,221,,,b'\x11\xe8\xe1I\xcba\x01&\xaf\x82\x12\xdf\x17\xaeN\x1e'
11E8E149-CB61-0126-AF82-12DF17AE4E1E,2016-ncaa-d1-ncaatournament,ncaa,5,2,5,5,5,5,7,7,10,9,9,17,4,5,7,16,6,5,38,6,21,7,8,5,6,5,12,10,42,8,19,8,12,8,11,4,10,54,15,4,18,52,7,28,,,62,27,,,10,7,44,1,6,9,28,23,41,4,14,25,26,27,27,36,33,26,29,5,15,51,22,,18,,,11,61,60,59,37,63,60,30,52,52,40,15,62,62,42,62,19,60,57,35,38,49,18,19,35,53,12,57,19,55,11,57,8,17,62,55,45,10,62,42,,,6,11,,,10,58,5,46,10,38,42,38,43,56,19,16,38,30,28,37,14,9,11,6,18,62,10,40,,15,,,b'\x11\xe8\xe1I\xcba\x01&\xaf\x82\x12\xdf\x17\xaeN\x1e'
11E8E149-CB61-0126-AF82-12DF17AE4E1E,2017-ncaa-d0-natl,ncaa,6,10,2,9,2,14,13,16,28,12,14,43,46,76,31,210,34,23,183,21,178,13,10,36,45,34,233,188,247,15,41,4,70,2,17,12,123,271,57,41,81,177,3,21,,,206,33,,,11,14,257,152,48,39,142,46,119,133,196,146,136,127,128,196,90,40,43,46,58,204,18,,22,,,12,284,296,344,9,276,348,4,259,270,164,93,155,177,122,186,27,344,338,8,7,13,139,215,101,326,70,281,41,313,17,140,29,103,256,97,207,57,227,73,,,38,253,,,11,336,25,24,11,21,35,215,48,274,102,93,40,40,43,153,81,128,31,44,16,278,54,90,,250,,,b'\x11\xe8\xe1I\xcba\x01&\xaf\x82\x12\xdf\x17\xaeN\x1e'
11E8E149-CB61-0126-AF82-12DF17AE4E1E,2017-ncaa-d1-conf-Pac-12,ncaa,1,1,1,1,1,2,2,3,2,3,5,4,3,5,2,5,4,4,3,4,3,3,3,3,2,2,3,4,4,1,1,3,5,2,2,3,5,5,4,4,6,7,1,1,,,5,4,,,2,3,10,3,3,3,6,5,9,3,6,4,4,4,5,7,3,3,3,4,5,8,1,,3,,,2,2,1,9,1,1,11,1,5,5,8,5,4,4,10,4,4,9,10,2,2,1,10,10,8,8,5,3,1,5,2,1,2,7,8,3,3,2,4,3,,,2,3,,,2,9,2,1,2,2,1,5,1,9,4,4,4,4,4,5,3,5,2,3,1,8,2,3,,3,,,b'\x11\xe8\xe1I\xcba\x01&\xaf\x82\x12\xdf\x17\xaeN\x1e'
11E8E149-CB61-0126-AF82-12DF17AE4E1E,2017-ncaa-d1-natl,ncaa,6,10,2,9,2,14,13,16,30,12,15,48,57,84,34,209,40,30,182,28,185,14,10,39,47,39,231,187,249,21,43,4,73,3,19,15,127,251,58,43,96,190,3,23,,,188,35,,,12,15,263,153,57,42,147,49,125,136,198,152,150,137,135,204,98,45,49,51,61,211,19,,22,,,14,269,286,344,9,260,348,4,248,254,172,90,140,154,125,166,28,343,337,9,8,18,137,215,100,319,73,259,43,294,19,118,29,131,262,110,188,57,223,83,,,47,250,,,12,335,25,28,14,22,41,214,51,275,102,93,39,40,44,158,78,132,32,45,17,281,56,97,,251,,,b'\x11\xe8\xe1I\xcba\x01&\xaf\x82\x12\xdf\x17\xaeN\x1e'
11E8E149-CB61-0126-AF82-12DF17AE4E1E,2017-ncaa-d1-ncaatournament,ncaa,3,2,3,3,4,5,6,3,24,8,5,29,2,3,20,25,7,6,35,6,30,4,3,21,21,24,23,23,41,3,19,5,17,4,15,3,4,63,37,13,6,18,2,9,,,62,33,,,11,4,42,6,25,22,36,35,39,18,23,31,33,38,39,34,19,24,23,6,40,15,8,,25,,,13,62,61,61,18,61,62,20,61,59,27,28,60,63,12,63,29,61,61,18,12,20,20,26,36,60,17,63,19,62,15,61,28,6,38,27,61,22,57,20,,,5,46,,,11,61,18,16,12,14,22,23,26,32,22,25,28,32,30,23,17,26,17,15,23,41,21,18,,48,,,b'\x11\xe8\xe1I\xcba\x01&\xaf\x82\x12\xdf\x17\xaeN\x1e'
11E8E149-CB61-0126-AF82-12DF17AE4E1E,2018-ncaa-d0-natl,ncaa,38,74,12,68,20,40,34,23,82,45,73,49,42,30,151,72,227,165,315,161,263,32,30,75,105,97,191,93,334,41,94,16,59,21,46,72,245,258,103,115,111,164,10,11,,,294,174,,,71,27,177,254,90,57,86,98,197,76,61,314,274,273,116,137,104,34,39,130,109,180,17,,157,,,78,290,255,324,28,207,285,47,297,340,42,295,306,289,266,294,218,328,319,36,43,111,292,244,244,272,59,282,94,295,46,131,42,199,302,171,268,149,135,71,,,142,309,,,71,320,81,101,81,109,73,225,54,121,198,297,207,193,200,219,130,136,121,116,39,302,161,58,,294,,,b'\x11\xe8\xe1I\xcba\x01&\xaf\x82\x12\xdf\x17\xaeN\x1e'
11E8E149-CB61-0126-AF82-12DF17AE4E1E,2018-ncaa-d1-conf-Pac-12,ncaa,2,2,3,2,5,3,4,4,4,5,8,3,4,3,8,4,9,6,11,6,5,5,4,3,4,5,7,7,10,3,2,4,7,4,7,6,8,8,6,8,3,3,2,1,,,11,11,,,3,6,6,8,4,4,5,5,8,4,3,10,5,5,5,6,3,4,4,8,7,3,2,,10,,,3,2,1,5,1,1,4,2,4,7,1,7,10,10,6,10,12,6,9,2,2,1,12,6,12,7,7,6,2,6,7,1,2,5,6,1,7,8,2,2,,,4,8,,,3,8,5,1,3,2,1,3,1,3,4,7,10,9,9,3,5,6,5,6,1,5,8,2,,5,,,b'\x11\xe8\xe1I\xcba\x01&\xaf\x82\x12\xdf\x17\xaeN\x1e'
11E8E149-CB61-0126-AF82-12DF17AE4E1E,2018-ncaa-d1-natl,ncaa,45,74,16,74,23,49,40,28,87,56,88,53,48,35,154,73,246,190,314,187,261,39,37,79,112,104,183,95,334,51,106,18,66,23,50,81,252,230,106,125,131,179,11,11,,,277,181,,,78,34,185,250,97,64,88,105,205,76,61,316,276,276,119,143,113,38,44,137,111,186,19,,164,,,87,283,245,320,29,185,278,52,287,336,45,294,295,278,269,284,218,324,311,40,47,123,287,242,246,258,66,268,106,275,50,110,44,224,307,182,257,160,123,74,,,181,309,,,78,313,92,113,90,118,84,225,59,126,204,295,211,195,200,222,128,136,125,120,42,304,163,63,,294,,,b'\x11\xe8\xe1I\xcba\x01&\xaf\x82\x12\xdf\x17\xaeN\x1e'
11E8E149-CB61-0126-AF82-12DF17AE4E1E,2018-ncaa-d1-ncaatournament,ncaa,9,2,9,9,9,14,12,14,9,11,14,17,9,13,4,35,14,11,44,11,19,13,12,8,8,23,25,25,40,11,4,13,9,11,2,12,31,57,55,40,11,20,5,3,,,54,32,,,20,12,28,7,20,17,42,25,39,17,37,32,21,21,39,17,12,22,9,25,60,19,3,,28,,,20,54,53,53,26,49,49,36,60,57,32,62,52,49,55,49,31,52,50,30,32,33,51,56,25,47,9,43,4,44,2,52,29,12,36,37,58,45,20,10,,,11,27,,,20,53,18,27,20,31,33,41,16,7,52,61,24,18,16,26,22,8,2,2,26,39,49,8,,22,,,b'\x11\xe8\xe1I\xcba\x01&\xaf\x82\x12\xdf\x17\xaeN\x1e'
11E8E149-CB61-0126-AF82-12DF17AE4E1E,2019-ncaa-d0-natl,ncaa,7,7,7,8,11,14,10,12,35,33,86,26,9,9,57,32,157,160,167,168,244,19,21,25,33,22,82,28,340,57,143,8,31,12,41,16,180,142,31,26,123,217,10,20,,,171,32,,,16,18,172,272,37,25,58,107,256,17,21,279,293,301,96,192,170,28,46,63,28,222,22,,39,,,21,297,281,342,12,182,330,7,340,336,224,273,204,180,265,177,63,342,332,33,32,78,319,322,121,262,31,313,143,305,41,139,38,170,303,146,219,84,143,90,,,114,295,,,16,336,20,64,20,84,77,258,23,182,285,280,83,67,64,215,124,80,96,71,33,304,80,59,,300,,,b'\x11\xe8\xe1I\xcba\x01&\xaf\x82\x12\xdf\x17\xaeN\x1e'
11E8E149-CB61-0126-AF82-12DF17AE4E1E,2019-ncaa-d1-conf-Pac-12,ncaa,1,1,1,1,2,2,3,3,5,3,7,3,2,1,8,1,8,9,1,9,7,3,2,5,4,4,3,2,9,4,6,1,6,1,5,4,7,9,6,9,6,7,1,1,,,5,4,,,2,2,4,9,5,3,4,8,12,2,1,9,10,10,5,5,5,2,2,5,7,7,1,,4,,,2,3,2,12,1,1,9,1,7,10,4,8,5,5,4,5,4,12,12,1,1,1,11,11,6,10,6,9,6,9,5,2,2,5,7,1,10,9,5,6,,,5,8,,,2,12,5,1,2,1,1,10,1,6,6,8,5,5,5,7,7,8,6,6,1,5,9,5,,8,,,b'\x11\xe8\xe1I\xcba\x01&\xaf\x82\x12\xdf\x17\xaeN\x1e'
11E8E149-CB61-0126-AF82-12DF17AE4E1E,2019-ncaa-d1-natl,ncaa,6,7,6,8,10,14,10,12,34,31,85,28,8,8,57,33,176,175,167,191,253,15,18,27,37,23,82,28,341,51,134,6,34,11,35,16,170,123,29,27,134,228,10,15,,,174,35,,,14,18,180,272,41,28,55,110,257,19,22,289,297,304,95,197,165,24,43,61,25,233,20,,36,,,21,298,276,343,12,155,332,5,341,339,216,290,198,168,278,166,60,342,334,22,28,74,326,329,116,260,34,320,134,316,35,129,33,194,309,149,217,77,148,93,,,120,299,,,14,335,20,60,19,77,75,266,21,174,296,294,76,57,53,219,119,86,99,75,29,315,66,60,,300,,,b'\x11\xe8\xe1I\xcba\x01&\xaf\x82\x12\xdf\x17\xaeN\x1e'
11E8E149-CB61-0126-AF82-12DF17AE4E1E,2019-ncaa-d1-ncaatournament,ncaa,5,2,5,5,5,6,8,5,39,8,8,32,3,3,29,14,14,9,52,10,27,6,6,35,37,32,20,19,41,7,28,5,22,5,19,8,44,59,19,26,8,33,8,31,,,60,35,,,7,6,38,7,25,33,16,40,44,12,13,36,27,32,22,28,15,9,8,36,18,34,27,,30,,,9,58,58,59,7,57,59,6,54,55,19,21,62,59,55,60,22,59,58,4,6,7,28,24,47,58,22,62,28,61,19,45,6,10,48,14,59,32,52,26,,,7,31,,,7,58,25,10,10,7,9,38,17,47,10,20,33,25,25,38,26,36,41,37,2,48,33,21,,28,,,b'\x11\xe8\xe1I\xcba\x01&\xaf\x82\x12\xdf\x17\xaeN\x1e'
11E8E149-CB61-0126-AF82-12DF17AE4E1E,2020-ncaa-d0-natl,ncaa,11,23,1,22,1,10,9,9,28,31,103,28,8,13,29,50,259,263,198,264,306,11,17,15,29,23,122,43,344,39,60,7,109,9,35,31,214,148,48,51,96,144,18,23,,,144,51,,,15,20,263,82,30,19,60,85,232,18,38,317,318,318,111,192,111,43,34,67,49,161,26,,41,,,20,233,215,338,20,130,302,15,308,326,174,261,192,141,311,142,78,337,327,31,32,70,303,311,156,288,109,157,60,230,35,76,35,202,277,117,216,108,110,76,,,268,342,,,15,327,17,79,21,72,60,229,34,168,243,260,103,78,81,187,121,193,38,56,27,288,106,54,,335,,,b'\x11\xe8\xe1I\xcba\x01&\xaf\x82\x12\xdf\x17\xaeN\x1e'
11E8E149-CB61-0126-AF82-12DF17AE4E1E,2020-ncaa-d1-conf-Pac-12,ncaa,2,2,1,2,1,2,2,3,3,3,7,2,2,1,2,1,11,11,12,11,11,3,2,2,4,4,3,1,11,3,4,3,3,2,3,4,11,7,4,4,4,5,1,2,,,7,6,,,2,5,10,5,3,2,3,7,10,2,1,11,11,11,4,6,4,3,3,5,5,5,2,,3,,,2,5,3,8,2,2,7,2,8,9,4,9,9,7,7,7,5,9,8,2,3,2,10,8,10,7,3,6,4,6,3,2,2,6,7,3,7,5,7,7,,,11,11,,,2,7,3,2,2,2,1,5,1,3,6,8,4,3,3,5,5,4,3,3,1,7,5,5,,11,,,b'\x11\xe8\xe1I\xcba\x01&\xaf\x82\x12\xdf\x17\xaeN\x1e'
11E8E149-CB61-0126-AF82-12DF17AE4E1E,2020-ncaa-d1-natl,ncaa,13,23,2,23,2,14,13,15,29,37,129,29,9,16,31,50,277,279,197,279,306,21,28,18,31,25,115,44,345,52,62,10,112,11,36,38,221,124,51,53,121,156,18,23,,,124,52,,,20,42,265,81,35,23,66,91,238,21,41,318,318,318,120,198,116,44,37,72,51,174,24,,41,,,25,219,194,334,22,115,288,17,307,323,179,262,171,124,315,127,76,327,309,35,33,79,304,310,157,273,112,140,62,200,36,66,36,225,289,129,202,114,105,79,,,290,342,,,20,305,18,89,25,76,66,231,35,168,246,261,108,78,80,192,119,192,38,59,29,296,110,55,,336,,,b'\x11\xe8\xe1I\xcba\x01&\xaf\x82\x12\xdf\x17\xaeN\x1e'
11E8E149-CB61-0126-AF82-12DF17AE4E1E,2021-ncaa-d0-natl,ncaa,1,4,1,2,1,3,2,1,14,5,7,23,2,7,6,91,94,93,142,92,320,2,3,10,16,10,166,53,340,7,27,2,38,3,11,6,152,301,28,13,11,87,2,6,,,311,31,,,3,2,228,206,14,8,33,37,130,19,61,294,304,303,69,152,72,16,15,17,30,109,7,,26,,,4,298,286,341,2,257,338,2,311,338,48,223,288,312,54,307,93,342,342,4,3,8,279,263,184,336,38,323,27,333,11,195,36,14,178,29,302,61,267,59,,,28,328,,,3,342,4,8,4,8,8,146,9,125,129,187,54,78,73,106,89,113,21,28,6,212,64,70,,316,,,b'\x11\xe8\xe1I\xcba\x01&\xaf\x82\x12\xdf\x17\xaeN\x1e'
11E8E149-CB61-0126-AF82-12DF17AE4E1E,2021-ncaa-d1-conf-Pac-12,ncaa,1,1,1,1,1,1,1,1,1,1,1,1,1,1,2,5,4,4,4,4,11,1,1,2,2,2,10,4,11,1,1,1,1,1,1,1,9,11,4,3,2,6,1,1,,,12,4,,,1,1,4,8,1,1,1,1,4,1,2,10,11,11,2,2,3,1,1,3,5,5,1,,3,,,1,9,9,12,1,10,12,1,10,12,1,9,10,12,4,12,5,12,12,1,1,1,8,6,10,12,1,10,1,12,1,2,1,2,6,1,9,4,4,1,,,1,11,,,1,12,1,1,1,1,1,6,1,6,1,7,4,3,3,6,4,3,1,1,1,6,4,1,,11,,,b'\x11\xe8\xe1I\xcba\x01&\xaf\x82\x12\xdf\x17\xaeN\x1e'
11E8E149-CB61-0126-AF82-12DF17AE4E1E,2021-ncaa-d1-natl,ncaa,1,4,1,2,1,3,2,2,14,6,7,23,3,8,7,90,106,107,143,105,319,3,4,10,17,11,163,53,340,7,31,2,40,4,11,7,152,295,28,14,15,89,2,6,,,304,31,,,3,3,229,206,15,8,36,41,133,18,62,296,307,306,73,160,75,17,17,20,30,112,7,,26,,,4,295,284,339,2,251,337,2,304,337,50,219,283,305,54,300,95,340,341,5,3,8,278,262,185,335,40,321,31,330,11,183,36,19,186,34,290,61,263,61,,,37,327,,,3,340,4,8,4,8,9,149,9,127,128,186,56,82,77,108,88,115,22,30,6,220,64,70,,318,,,b'\x11\xe8\xe1I\xcba\x01&\xaf\x82\x12\xdf\x17\xaeN\x1e'
11E8E149-CB61-0126-AF82-12DF17AE4E1E,2021-ncaa-d1-ncaatournament,ncaa,1,1,1,1,1,1,1,1,12,3,1,24,1,1,3,23,7,7,43,6,49,1,1,7,10,5,26,12,57,2,19,1,30,1,14,1,12,64,23,5,2,31,1,3,,,63,21,,,1,2,41,7,11,8,18,24,29,8,23,49,50,48,23,32,26,11,10,3,26,32,3,,20,,,4,64,64,64,3,62,64,1,64,64,44,33,63,64,11,63,32,64,64,6,5,11,53,54,34,64,30,63,19,63,14,62,17,3,45,24,64,22,58,12,,,2,37,,,1,63,4,13,5,11,6,36,5,37,41,37,25,33,33,35,27,37,18,21,6,44,21,12,,33,,,b'\x11\xe8\xe1I\xcba\x01&\xaf\x82\x12\xdf\x17\xaeN\x1e'
11E8E149-CB61-0126-AF82-12DF17AE4E1E,2022-ncaa-d0-natl,ncaa,2,3,3,3,7,10,5,7,22,16,19,32,23,31,33,135,55,42,236,44,188,9,9,25,28,24,177,122,287,11,25,5,54,4,12,16,160,239,44,27,27,79,2,3,,,327,169,,,4,15,195,275,27,22,67,41,132,66,110,178,155,156,75,148,62,29,16,38,49,99,4,,156,,,8,286,252,342,7,214,347,3,282,262,254,87,305,296,269,298,116,339,345,7,11,20,265,217,260,311,54,270,25,301,12,106,19,45,181,31,269,75,110,17,,,14,138,,,4,344,12,19,6,35,21,148,25,222,118,80,145,122,125,141,132,133,18,31,8,203,84,22,,129,,,b'\x11\xe8\xe1I\xcba\x01&\xaf\x82\x12\xdf\x17\xaeN\x1e'
11E8E149-CB61-0126-AF82-12DF17AE4E1E,2022-ncaa-d1-conf-Pac-12,ncaa,1,1,1,1,4,1,1,1,1,1,2,1,2,2,1,3,6,5,10,5,9,1,3,1,1,1,8,3,11,5,1,1,1,1,1,1,10,4,1,1,2,3,1,1,,,6,4,,,1,2,2,11,1,1,1,1,3,2,3,10,8,8,1,4,6,2,1,1,2,4,2,,4,,,1,5,5,8,1,4,9,1,8,7,7,8,4,5,3,5,3,8,8,1,1,1,9,12,3,5,1,4,1,5,1,3,1,3,4,1,6,3,2,1,,,4,9,,,1,11,1,1,1,1,1,6,1,6,6,7,2,1,1,5,6,3,1,1,1,5,3,1,,6,,,b'\x11\xe8\xe1I\xcba\x01&\xaf\x82\x12\xdf\x17\xaeN\x1e'
11E8E149-CB61-0126-AF82-12DF17AE4E1E,2022-ncaa-d1-natl,ncaa,2,3,3,3,7,10,6,10,22,17,21,36,28,40,34,135,65,51,237,53,187,11,11,27,30,25,174,122,288,15,28,7,57,4,12,18,166,211,45,28,33,87,2,3,,,320,177,,,7,16,200,275,31,25,78,50,138,67,115,183,162,160,86,158,69,32,19,45,48,108,4,,157,,,10,265,227,340,8,192,344,3,266,243,261,86,295,282,275,285,117,338,343,10,13,28,267,219,259,297,57,250,28,283,12,83,18,61,195,37,241,78,96,18,,,20,130,,,7,343,14,28,8,38,24,150,31,225,122,77,151,124,127,150,124,132,18,34,8,211,86,21,,133,,,b'\x11\xe8\xe1I\xcba\x01&\xaf\x82\x12\xdf\x17\xaeN\x1e'
11E8E149-CB61-0126-AF82-12DF17AE4E1E,2022-ncaa-d1-ncaatournament,ncaa,3,2,3,3,3,3,4,4,16,5,4,14,3,3,28,23,3,3,33,3,24,4,3,15,14,22,31,27,36,3,10,2,14,3,5,1,18,66,50,28,4,19,1,8,,,67,37,,,2,3,26,5,13,19,38,24,45,17,23,25,27,32,34,25,20,6,8,10,52,18,5,,39,,,5,65,63,66,9,63,66,9,61,62,24,27,66,66,36,66,22,66,66,7,9,6,33,31,43,65,14,65,10,65,5,64,18,5,22,11,65,32,51,19,,,3,14,,,2,66,14,4,3,8,8,25,15,44,24,25,20,26,27,25,34,23,12,11,13,20,30,18,,12,,,b'\x11\xe8\xe1I\xcba\x01&\xaf\x82\x12\xdf\x17\xaeN\x1e'
11E8E149-CB61-0126-AF82-12DF17AE4E1E,2023-ncaa-d0-natl,ncaa,11,13,17,14,19,14,13,25,20,14,35,26,49,72,45,179,46,48,105,44,166,26,31,28,28,23,215,179,239,16,9,4,35,3,3,19,96,157,35,21,238,321,2,2,,,210,71,,,5,38,252,87,24,20,53,26,97,89,134,94,127,124,55,120,28,2,4,25,40,317,2,,71,,,5,229,180,351,3,62,337,1,326,340,136,259,259,226,284,226,85,345,325,3,4,27,347,338,236,324,35,136,9,229,3,63,44,297,356,221,84,14,84,14,,,58,224,,,5,318,7,35,5,32,18,309,4,245,256,290,135,102,103,282,126,219,9,35,16,356,17,24,,184,,,b'\x11\xe8\xe1I\xcba\x01&\xaf\x82\x12\xdf\x17\xaeN\x1e'
11E8E149-CB61-0126-AF82-12DF17AE4E1E,2023-ncaa-d1-conf-Pac-12,ncaa,1,1,4,1,4,2,3,4,2,1,6,2,5,5,5,7,3,1,6,2,3,4,4,2,2,2,8,9,4,2,1,1,5,1,1,2,4,9,5,4,9,8,1,1,,,7,6,,,1,5,8,6,2,2,5,2,5,4,4,3,3,4,5,4,2,1,1,2,5,9,1,,6,,,1,3,2,9,1,1,8,1,10,10,4,10,8,8,6,8,7,10,9,1,1,2,12,12,11,11,5,3,1,4,1,1,3,11,12,7,7,3,2,1,,,5,7,,,1,8,2,2,1,2,1,10,1,6,10,11,8,7,7,12,7,12,2,4,1,11,3,2,,7,,,b'\x11\xe8\xe1I\xcba\x01&\xaf\x82\x12\xdf\x17\xaeN\x1e'
11E8E149-CB61-0126-AF82-12DF17AE4E1E,2023-ncaa-d1-natl,ncaa,11,13,18,14,22,15,15,26,21,15,40,27,59,84,46,178,51,57,103,56,163,26,34,29,29,23,209,179,231,19,9,4,37,3,3,20,98,128,38,21,263,329,2,2,,,180,74,,,5,45,259,87,26,24,54,27,106,96,137,97,127,125,60,127,32,2,5,27,40,325,2,,71,,,5,195,133,350,3,49,334,1,323,334,146,257,243,204,293,204,90,345,315,3,4,31,347,338,236,315,37,100,9,198,3,47,45,330,358,236,68,14,69,16,,,68,220,,,5,307,7,43,5,37,23,309,4,252,262,293,145,102,105,285,124,221,8,35,19,358,17,26,,185,,,b'\x11\xe8\xe1I\xcba\x01&\xaf\x82\x12\xdf\x17\xaeN\x1e'
11E8E149-CB61-0126-AF82-12DF17AE4E1E,2023-ncaa-d1-ncaatournament,ncaa,18,2,18,18,21,21,20,21,22,20,19,29,33,35,34,58,21,20,52,19,30,20,20,28,31,30,60,57,35,13,3,19,37,18,7,23,31,40,27,21,18,13,5,2,,,29,5,,,8,26,40,7,20,14,20,9,8,44,52,28,20,18,14,13,5,6,2,20,27,11,1,,4,,,2,33,30,45,1,30,48,1,24,32,25,11,39,38,38,38,15,42,44,1,1,1,28,25,49,48,37,36,3,43,7,6,3,25,33,3,21,9,35,20,,,22,35,,,8,41,14,2,2,1,1,41,8,58,13,11,27,23,22,35,35,49,11,28,3,28,9,24,,24,,,b'\x11\xe8\xe1I\xcba\x01&\xaf\x82\x12\xdf\x17\xaeN\x1e'
11E8E149-CB61-0126-AF82-12DF17AE4E1E,2024-ncaa-d0-natl,ncaa,8,13,8,14,8,10,9,12,19,8,24,24,31,38,47,146,75,108,19,102,286,12,21,20,22,16,227,153,313,16,14,4,26,5,2,7,40,102,16,9,290,346,7,16,,,220,55,,,8,28,239,75,21,17,35,22,106,62,101,169,240,235,56,148,45,7,7,15,17,347,12,,56,,,9,274,303,353,8,267,352,3,315,338,139,221,65,45,323,43,9,350,335,9,6,58,178,298,24,276,26,173,14,227,2,145,26,294,352,255,93,25,145,35,,,89,286,,,8,336,7,56,7,63,107,322,76,316,215,243,12,9,9,268,121,139,10,30,36,354,26,60,,266,,,b'\x11\xe8\xe1I\xcba\x01&\xaf\x82\x12\xdf\x17\xaeN\x1e'
11E8E149-CB61-0126-AF82-12DF17AE4E1E,2024-ncaa-d1-conf-Pac-12,ncaa,1,1,1,1,2,1,1,2,1,1,2,2,5,6,2,7,5,8,8,6,10,2,3,1,2,1,9,6,10,2,2,1,6,1,2,1,2,6,4,1,10,10,2,2,,,6,6,,,1,4,7,11,1,1,3,2,6,5,7,8,8,8,3,5,2,1,1,1,5,10,2,,6,,,1,5,4,12,1,2,10,1,11,11,4,10,6,6,8,5,3,12,10,2,2,1,12,12,6,10,6,1,2,4,2,4,4,10,10,8,4,2,2,2,,,3,9,,,1,10,1,2,1,1,2,10,1,7,11,11,3,3,2,9,7,8,1,2,3,10,3,2,,7,,,b'\x11\xe8\xe1I\xcba\x01&\xaf\x82\x12\xdf\x17\xaeN\x1e'
11E8E149-CB61-0126-AF82-12DF17AE4E1E,2024-ncaa-d1-natl,ncaa,9,13,9,14,9,12,9,16,20,10,29,25,38,45,52,151,87,133,19,126,286,18,28,22,24,16,226,152,310,19,15,5,31,6,2,8,43,72,17,9,316,349,7,17,,,185,59,,,9,40,245,74,21,17,42,22,108,63,102,176,245,238,59,153,50,7,7,15,17,350,12,,56,,,10,261,289,352,11,261,354,3,312,329,155,220,51,32,327,30,9,349,325,14,7,79,177,299,23,268,31,143,15,193,2,122,29,327,355,269,73,26,131,42,,,110,284,,,9,326,7,80,8,74,119,329,91,319,217,242,12,9,9,275,121,147,10,33,40,358,25,64,,266,,,b'\x11\xe8\xe1I\xcba\x01&\xaf\x82\x12\xdf\x17\xaeN\x1e'
11E8E149-CB61-0126-AF82-12DF17AE4E1E,2024-ncaa-d1-ncaatournament,ncaa,9,3,9,9,9,10,9,9,15,9,11,12,10,9,33,28,20,25,18,24,49,12,12,16,18,13,49,33,53,13,33,9,24,10,19,5,12,54,23,7,20,52,5,6,,,58,38,,,10,10,37,4,9,6,10,7,18,22,20,42,47,45,15,22,35,7,6,2,23,49,3,,41,,,10,58,59,59,17,58,62,5,58,50,59,11,55,56,33,56,17,60,59,19,17,26,34,40,31,56,24,59,33,59,19,42,2,18,55,16,51,35,49,20,,,12,34,,,10,58,11,25,13,31,32,55,32,62,34,15,31,31,31,54,45,35,40,36,5,52,35,29,,27,,,b'\x11\xe8\xe1I\xcba\x01&\xaf\x82\x12\xdf\x17\xaeN\x1e'
11E8E149-CB61-0126-AF82-12DF17AE4E1E,2025-ncaa-d0-natl,genius_ncaa,147,147,135,154,138,78,75,125,51,98,147,73,73,141,20,159,157,183,96,180,196,135,146,42,43,54,134,120,266,200,194,71,41,113,71,117,219,97,95,95,282,290,136,185,,,112,96,,288,124,138,169,20,54,56,106,81,147,56,131,165,198,191,106,153,204,45,95,105,101,287,144,,102,,294,121,276,314,285,250,288,298,153,298,222,351,162,42,38,264,36,15,256,209,258,225,308,131,278,19,92,41,164,194,140,71,80,4,310,341,238,111,114,209,189,,,168,206,,194,124,221,62,270,128,277,316,319,293,322,301,210,45,36,34,272,169,82,143,105,76,341,115,204,,190,,204,b'\x11\xe8\xe1I\xcba\x01&\xaf\x82\x12\xdf\x17\xaeN\x1e'
11E8E149-CB61-0126-AF82-12DF17AE4E1E,2025-ncaa-d1-conf-ACC,genius_ncaa,11,10,11,11,12,12,13,15,9,13,13,11,9,10,3,7,9,11,7,11,8,15,14,7,7,7,4,3,6,13,11,10,3,12,8,14,12,7,13,14,16,16,12,13,,,7,9,,13,12,15,12,2,10,12,13,14,12,5,8,8,8,8,13,14,12,7,11,11,11,16,13,,7,,15,12,11,13,9,13,10,7,10,15,13,17,14,1,1,10,1,3,7,4,14,12,15,12,15,1,4,3,7,11,6,8,4,2,17,18,9,8,10,11,12,,,9,7,,7,12,5,9,13,11,11,15,12,13,11,16,14,3,3,3,9,8,5,9,8,7,17,8,13,,8,,7,b'\x11\xe8\xe1I\xcba\x01&\xaf\x82\x12\xdf\x17\xaeN\x1e'
11E8E149-CB61-0126-AF82-12DF17AE4E1E,2025-ncaa-d1-natl,genius_ncaa,161,147,172,163,175,97,89,160,54,121,176,78,86,157,21,158,181,205,94,201,197,167,186,44,47,57,132,117,262,228,208,88,46,141,79,138,222,85,97,100,302,302,155,195,,,88,103,,280,135,176,177,18,57,59,112,89,156,61,136,165,197,190,121,162,216,52,103,116,102,300,151,,101,,295,133,253,302,266,261,278,285,164,292,200,351,159,38,33,272,32,16,227,159,269,235,318,128,277,19,74,46,132,208,104,79,68,4,331,345,254,94,118,200,208,,,201,202,,197,135,184,67,292,137,291,325,322,298,324,303,211,49,37,35,277,168,84,149,108,83,342,119,211,,195,,197,b'\x11\xe8\xe1I\xcba\x01&\xaf\x82\x12\xdf\x17\xaeN\x1e'
11E8E149-CB61-0126-AF82-12DF17AE4E1E,2026-ncaa-d0-natl,genius_ncaa,35,39,49,45,73,64,60,101,27,44,69,34,160,199,122,278,67,125,12,122,232,100,115,49,37,39,319,303,184,110,69,30,2,45,8,130,326,181,108,132,128,135,75,72,,,138,61,,281,35,117,305,97,69,53,211,36,122,229,286,100,197,187,203,285,191,19,41,179,82,185,91,,29,,226,33,130,153,268,26,135,238,39,222,295,45,292,65,59,207,55,26,240,220,23,15,39,181,273,60,69,2,137,69,105,8,26,3,177,223,37,199,130,38,16,,,142,238,,268,35,249,36,30,33,13,30,141,32,86,106,241,18,14,15,63,20,13,17,7,2,286,107,16,,274,,315,b'\x11\xe8\xe1I\xcba\x01&\xaf\x82\x12\xdf\x17\xaeN\x1e'
11E8E149-CB61-0126-AF82-12DF17AE4E1E,2026-ncaa-d1-natl,genius_ncaa,38,39,85,47,117,88,83,159,30,55,108,42,223,258,132,280,96,159,10,154,229,158,174,54,40,45,319,306,165,162,90,37,3,58,8,188,335,138,118,153,185,174,92,80,,,84,68,,265,39,177,311,100,89,77,239,44,138,248,293,105,211,196,239,303,220,23,48,220,83,231,102,,34,,244,40,74,112,210,30,95,177,47,182,270,52,296,41,32,214,30,27,183,152,27,18,57,181,272,57,31,3,79,90,49,8,12,3,251,258,58,157,145,21,16,,,205,229,,284,39,187,45,38,35,16,38,151,39,88,127,248,21,16,15,72,17,14,16,9,3,302,111,17,,271,,310,b'\x11\xe8\xe1I\xcba\x01&\xaf\x82\x12\xdf\x17\xaeN\x1e'
11E8E149-CB65-4C54-AF82-12DF17AE4E1E,2010-ncaa-d0-natl,ncaa,309,317,241,317,278,299,300,272,311,267,237,285,289,237,325,198,257,219,300,220,166,268,222,306,314,328,223,236,121,241,254,158,240,199,245,314,297,290,315,331,304,316,224,218,,,126,151,,,327,214,93,283,308,302,239,258,202,277,211,242,188,189,237,143,204,69,121,317,316,292,214,,203,,,325,192,173,200,115,97,127,91,301,274,265,285,156,157,172,159,196,198,149,166,154,249,300,309,149,253,240,184,254,220,245,303,326,303,317,332,281,296,214,267,,,256,250,,,327,114,330,290,328,286,257,319,156,218,326,313,210,208,212,314,261,302,275,299,325,287,298,259,,216,,,b'\x11\xe8\xe1I\xcbeLT\xaf\x82\x12\xdf\x17\xaeN\x1e'
11E8E149-CB65-4C54-AF82-12DF17AE4E1E,2010-ncaa-d1-conf-ASUN,ncaa,8,8,5,8,6,9,8,7,8,6,6,8,8,7,8,6,6,5,9,5,4,7,7,8,8,8,6,7,2,6,6,6,8,7,8,8,7,5,7,9,8,9,7,7,,,2,3,,,9,7,6,6,9,9,6,6,5,8,6,6,5,5,6,5,5,5,6,8,6,9,7,,2,,,9,5,5,6,5,3,6,4,8,7,8,8,2,2,9,2,2,5,5,5,5,6,8,9,2,8,8,6,6,7,8,9,9,9,8,9,9,9,8,6,,,6,4,,,9,3,9,8,9,7,7,9,3,6,9,8,3,2,2,9,6,9,6,8,9,8,9,8,,5,,,b'\x11\xe8\xe1I\xcbeLT\xaf\x82\x12\xdf\x17\xaeN\x1e'
11E8E149-CB65-4C54-AF82-12DF17AE4E1E,2010-ncaa-d1-natl,ncaa,318,324,191,324,258,303,299,249,315,260,218,292,291,223,332,200,245,200,301,205,163,244,194,317,320,329,230,242,112,212,249,131,239,173,242,317,298,303,314,334,305,319,206,213,,,162,160,,,328,187,94,285,313,307,233,260,197,284,215,236,176,179,231,137,182,68,112,322,315,302,201,,213,,,326,228,206,240,119,132,174,92,299,276,259,273,180,184,163,184,191,239,169,159,151,245,288,305,151,272,239,226,249,254,242,308,318,300,320,330,288,287,207,251,,,221,228,,,328,148,331,286,329,287,259,320,168,235,315,302,213,208,214,316,263,302,279,298,325,287,297,242,,188,,,b'\x11\xe8\xe1I\xcbeLT\xaf\x82\x12\xdf\x17\xaeN\x1e'
11E8E149-CB65-4C54-AF82-12DF17AE4E1E,2011-ncaa-d0-natl,ncaa,99,111,77,114,91,106,116,118,129,104,111,137,159,166,116,201,81,112,73,113,148,111,113,136,113,121,167,196,119,286,316,68,232,140,280,158,228,182,153,177,183,241,80,130,,,173,70,,,170,70,98,131,132,154,184,143,160,179,200,92,133,140,174,200,314,65,225,191,139,210,90,,120,,,170,263,269,307,79,254,313,68,228,235,183,158,211,181,297,181,84,302,288,82,97,143,170,185,160,316,232,291,316,313,280,268,218,157,252,239,235,206,272,228,,,146,192,,,170,275,171,173,173,206,213,303,206,303,200,202,183,144,142,290,274,293,238,286,227,212,197,248,,197,,,b'\x11\xe8\xe1I\xcbeLT\xaf\x82\x12\xdf\x17\xaeN\x1e'
11E8E149-CB65-4C54-AF82-12DF17AE4E1E,2011-ncaa-d1-conf-ASUN,ncaa,2,2,1,2,1,2,2,3,1,3,4,1,3,4,1,4,2,2,3,3,4,3,3,1,1,1,4,3,5,9,8,2,6,5,7,3,6,3,4,2,5,7,1,4,,,7,1,,,2,3,7,6,2,3,8,5,7,3,6,2,2,3,8,8,9,4,8,4,1,7,4,,1,,,2,8,6,9,3,6,9,1,7,7,5,4,6,6,7,6,3,9,8,3,3,3,8,7,5,9,6,7,8,9,7,8,7,4,7,8,3,3,7,5,,,3,3,,,2,7,2,4,2,3,3,6,3,7,7,5,4,3,3,6,4,7,4,6,5,8,1,5,,6,,,b'\x11\xe8\xe1I\xcbeLT\xaf\x82\x12\xdf\x17\xaeN\x1e'
11E8E149-CB65-4C54-AF82-12DF17AE4E1E,2011-ncaa-d1-natl,ncaa,90,110,51,112,67,98,100,102,129,101,105,144,136,165,108,197,80,111,70,109,156,93,92,133,115,120,158,181,121,279,317,57,224,127,280,138,219,185,144,162,170,230,78,132,,,175,65,,,157,60,102,137,134,152,181,149,165,165,196,98,139,141,172,208,312,69,227,181,130,207,95,,105,,,158,279,282,312,83,267,314,75,221,230,181,149,204,173,289,173,75,310,294,85,94,142,149,180,154,318,224,303,317,325,280,290,218,143,238,228,247,204,284,234,,,139,201,,,157,284,166,160,160,192,205,295,206,304,181,185,160,132,131,276,263,285,239,278,226,201,191,251,,218,,,b'\x11\xe8\xe1I\xcbeLT\xaf\x82\x12\xdf\x17\xaeN\x1e'
11E8E149-CB65-4C54-AF82-12DF17AE4E1E,2011-ncaa-d1-ncaatournament,ncaa,33,2,33,33,34,63,63,38,64,60,40,63,55,34,63,10,52,55,16,55,55,39,45,64,63,63,24,32,23,49,58,50,56,54,62,62,60,7,12,61,58,63,48,54,,,20,36,,,64,38,13,3,63,63,9,60,26,51,6,51,55,55,18,27,47,44,51,62,13,58,46,,43,,,64,32,34,31,62,33,23,62,29,27,51,37,11,27,5,25,42,29,25,62,61,63,21,35,13,29,56,37,58,36,62,25,24,63,64,62,7,20,46,62,,,56,58,,,64,22,63,64,64,64,64,61,62,53,55,52,31,54,50,60,49,54,64,64,56,63,17,63,,56,,,b'\x11\xe8\xe1I\xcbeLT\xaf\x82\x12\xdf\x17\xaeN\x1e'
11E8E149-CB65-4C54-AF82-12DF17AE4E1E,2012-ncaa-d0-natl,ncaa,59,73,48,75,50,59,81,58,132,102,123,119,52,45,121,88,44,97,21,95,125,60,65,114,83,64,75,98,125,164,246,74,225,106,245,168,286,145,73,159,62,105,123,160,,,126,24,,,113,52,142,31,80,102,108,144,204,75,72,69,146,145,110,163,232,147,201,233,82,85,148,,45,,,115,288,307,316,172,297,294,203,270,298,116,239,160,120,275,126,60,309,303,176,157,161,121,208,69,297,225,309,246,316,245,287,178,80,164,184,175,111,291,266,,,152,269,,,113,292,89,178,118,210,229,271,240,242,213,250,106,75,74,236,238,254,230,255,232,136,118,248,,259,,,b'\x11\xe8\xe1I\xcbeLT\xaf\x82\x12\xdf\x17\xaeN\x1e'
11E8E149-CB65-4C54-AF82-12DF17AE4E1E,2012-ncaa-d1-conf-ASUN,ncaa,2,2,1,2,1,2,2,3,3,2,5,2,2,2,3,3,4,5,3,5,6,3,3,2,2,2,3,3,6,6,9,1,7,5,7,3,6,6,4,2,3,3,4,5,,,3,1,,,2,1,6,3,2,3,4,6,7,3,2,6,7,7,5,7,8,5,7,3,3,4,6,,1,,,2,9,10,10,4,7,9,4,10,10,5,9,4,4,9,3,3,10,10,4,4,4,6,7,4,10,7,9,9,9,7,8,8,3,5,7,6,4,9,7,,,6,7,,,2,10,2,4,2,5,5,9,6,5,8,8,3,3,3,5,5,8,6,6,6,5,3,6,,9,,,b'\x11\xe8\xe1I\xcbeLT\xaf\x82\x12\xdf\x17\xaeN\x1e'
11E8E149-CB65-4C54-AF82-12DF17AE4E1E,2012-ncaa-d1-natl,ncaa,50,72,23,74,26,46,71,46,152,103,107,140,48,42,132,87,35,76,24,77,112,45,52,127,89,68,70,96,113,163,257,56,224,85,257,163,286,150,66,153,55,108,128,179,,,133,27,,,114,33,148,34,84,114,112,164,210,78,69,60,131,132,107,173,232,148,205,238,65,89,158,,46,,,121,304,314,324,175,298,303,201,278,301,124,246,164,126,292,130,56,319,316,181,165,163,136,219,66,304,224,322,257,332,257,299,190,71,163,190,178,105,297,271,,,126,260,,,114,311,93,175,123,205,229,270,227,230,216,254,99,60,64,228,232,245,253,259,235,136,114,255,,253,,,b'\x11\xe8\xe1I\xcbeLT\xaf\x82\x12\xdf\x17\xaeN\x1e'
11E8E149-CB65-4C54-AF82-12DF17AE4E1E,2013-ncaa-d0-natl,ncaa,50,40,80,48,103,54,45,105,21,60,167,12,56,68,64,88,181,226,72,225,234,123,171,16,24,11,177,108,303,247,242,141,217,180,215,118,277,32,28,46,112,125,83,76,,,106,58,,,47,140,209,259,43,32,142,69,229,65,82,224,261,264,171,264,281,192,256,137,20,134,82,,61,,,42,180,179,231,89,135,201,91,246,253,170,251,134,128,177,124,114,225,238,108,94,86,239,269,142,261,217,166,242,218,215,170,164,105,122,120,33,44,267,260,,,195,210,,,47,216,23,114,38,109,116,168,89,125,232,233,102,100,97,142,157,226,107,150,134,147,29,247,,248,,,b'\x11\xe8\xe1I\xcbeLT\xaf\x82\x12\xdf\x17\xaeN\x1e'
11E8E149-CB65-4C54-AF82-12DF17AE4E1E,2013-ncaa-d1-conf-ASUN,ncaa,2,2,1,2,1,2,1,3,2,2,3,2,2,3,3,6,3,2,7,2,7,1,2,2,2,2,7,6,7,6,8,1,6,3,6,3,7,4,3,3,2,2,2,2,,,6,3,,,2,1,5,6,2,1,3,3,5,4,4,5,5,5,3,6,7,4,6,4,3,3,2,,4,,,2,5,5,10,2,5,8,1,8,9,6,7,5,5,5,5,3,10,10,2,2,2,9,8,6,10,6,10,8,10,6,7,10,2,2,3,3,3,10,8,,,2,3,,,2,10,2,2,2,2,3,4,2,4,6,6,4,3,3,5,6,8,5,7,6,2,2,9,,4,,,b'\x11\xe8\xe1I\xcbeLT\xaf\x82\x12\xdf\x17\xaeN\x1e'
11E8E149-CB65-4C54-AF82-12DF17AE4E1E,2013-ncaa-d1-natl,ncaa,42,40,49,46,72,49,39,86,25,49,150,14,60,65,81,88,171,215,71,213,228,100,142,25,29,13,183,112,301,230,227,104,208,149,209,106,276,32,25,45,115,134,85,80,,,114,59,,,41,125,212,259,49,33,141,72,219,71,83,221,257,259,171,266,266,184,242,141,20,138,95,,58,,,41,199,199,262,79,149,215,91,268,279,164,260,131,127,176,122,111,254,257,110,93,84,242,274,126,274,208,200,227,246,209,190,168,108,133,130,27,35,279,265,,,178,215,,,41,241,24,114,36,109,116,174,90,121,237,245,88,90,86,144,156,227,114,154,135,153,28,251,,251,,,b'\x11\xe8\xe1I\xcbeLT\xaf\x82\x12\xdf\x17\xaeN\x1e'
11E8E149-CB65-4C54-AF82-12DF17AE4E1E,2013-ncaa-d1-ncaatournament,ncaa,33,2,33,33,34,56,45,38,55,41,44,51,47,31,55,14,59,56,59,55,59,43,45,55,59,56,44,26,59,40,36,37,33,37,37,48,44,7,7,32,60,60,43,52,,,1,3,,,47,51,40,6,56,42,6,37,30,36,9,58,56,55,17,27,15,22,15,45,9,57,42,,3,,,51,8,18,27,33,23,28,37,8,15,9,18,4,4,42,3,3,23,17,28,22,27,2,12,9,18,33,22,36,24,37,16,35,55,49,52,2,2,16,35,,,60,61,,,47,14,58,26,50,30,49,54,54,59,9,18,9,8,6,42,30,36,54,54,46,48,2,37,,59,,,b'\x11\xe8\xe1I\xcbeLT\xaf\x82\x12\xdf\x17\xaeN\x1e'
11E8E149-CB65-4C54-AF82-12DF17AE4E1E,2014-ncaa-d0-natl,ncaa,26,27,28,27,36,16,21,51,13,36,100,13,63,86,46,150,12,12,107,13,30,40,30,13,10,20,126,160,81,126,135,16,212,30,93,30,129,304,184,99,53,116,17,24,,,59,2,,,22,25,57,152,19,29,152,52,199,95,130,17,22,25,88,86,194,15,55,43,225,83,23,,10,,,24,300,312,344,23,186,277,55,348,349,73,347,67,58,193,59,28,337,333,49,29,43,313,345,16,345,212,194,135,305,93,341,329,86,213,262,324,249,318,281,,,36,133,,,22,325,27,75,29,163,203,337,77,155,338,349,29,24,25,315,307,324,66,189,309,148,276,280,,94,,,b'\x11\xe8\xe1I\xcbeLT\xaf\x82\x12\xdf\x17\xaeN\x1e'
11E8E149-CB65-4C54-AF82-12DF17AE4E1E,2014-ncaa-d1-conf-ASUN,ncaa,2,2,1,2,1,1,1,2,1,2,4,1,4,5,1,6,1,1,3,1,2,1,1,1,1,1,5,6,2,4,3,1,6,1,2,1,3,9,5,3,3,3,3,3,,,2,1,,,2,1,3,1,1,1,4,2,5,4,5,1,1,1,3,2,5,1,2,1,7,3,3,,1,,,2,7,7,10,1,6,7,2,10,10,1,10,2,2,6,2,2,10,10,1,1,2,9,9,1,10,6,4,3,6,2,9,10,3,5,6,10,7,8,5,,,1,3,,,2,10,1,2,2,3,5,10,3,6,8,10,2,2,2,8,9,10,1,4,9,4,9,8,,1,,,b'\x11\xe8\xe1I\xcbeLT\xaf\x82\x12\xdf\x17\xaeN\x1e'
11E8E149-CB65-4C54-AF82-12DF17AE4E1E,2014-ncaa-d1-natl,ncaa,22,27,16,27,19,15,19,46,13,25,84,15,54,82,45,140,13,11,106,11,31,34,23,13,10,19,123,152,88,104,112,11,203,25,82,18,127,306,168,90,54,120,14,22,,,62,2,,,16,15,69,156,19,31,143,58,198,85,119,18,24,30,88,88,178,14,45,42,216,88,21,,11,,,18,309,318,346,20,189,292,48,348,349,75,347,69,63,194,65,28,342,338,44,24,48,314,345,17,347,203,207,112,313,82,340,330,83,225,268,328,245,319,270,,,35,152,,,16,331,22,77,26,157,196,337,70,151,337,349,29,23,24,315,302,323,54,176,308,160,268,271,,105,,,b'\x11\xe8\xe1I\xcbeLT\xaf\x82\x12\xdf\x17\xaeN\x1e'
11E8E149-CB65-4C54-AF82-12DF17AE4E1E,2015-ncaa-d0-natl,ncaa,68,27,243,37,272,129,129,205,71,171,260,31,113,92,179,73,156,176,96,183,103,201,214,61,57,70,126,115,195,273,261,112,95,183,163,176,236,105,149,149,93,76,43,16,,,29,27,,,40,188,53,283,52,63,124,118,244,85,62,112,139,146,122,135,261,31,116,137,165,61,27,,59,,,34,42,49,157,16,10,54,16,312,314,216,335,18,24,73,23,78,116,146,51,33,27,330,344,58,147,95,141,261,135,163,158,311,123,94,119,44,64,172,245,,,214,195,,,40,152,91,30,37,87,86,272,18,83,328,335,41,54,51,214,273,212,222,221,201,78,74,204,,161,,,b'\x11\xe8\xe1I\xcbeLT\xaf\x82\x12\xdf\x17\xaeN\x1e'
11E8E149-CB65-4C54-AF82-12DF17AE4E1E,2015-ncaa-d1-conf-ASUN,ncaa,2,2,3,2,3,1,2,3,1,1,3,2,4,4,3,5,1,2,3,2,3,1,1,2,2,2,5,5,3,4,4,1,2,1,2,4,6,4,3,4,1,2,1,1,,,2,1,,,2,2,1,5,1,1,2,1,4,4,5,1,3,3,1,1,4,1,1,4,4,1,1,,1,,,2,2,3,8,2,2,5,1,7,8,5,8,1,1,1,1,1,7,7,2,2,2,7,8,1,5,2,3,4,5,2,7,8,2,3,4,4,2,5,5,,,2,4,,,2,7,2,2,2,2,2,8,2,5,7,8,1,1,1,6,7,5,4,5,5,2,3,5,,3,,,b'\x11\xe8\xe1I\xcbeLT\xaf\x82\x12\xdf\x17\xaeN\x1e'
11E8E149-CB65-4C54-AF82-12DF17AE4E1E,2015-ncaa-d1-natl,ncaa,47,27,143,33,198,75,86,157,52,122,246,19,91,76,160,72,94,105,112,104,47,143,146,45,35,50,113,120,148,248,243,53,82,121,124,134,229,148,150,137,77,69,39,19,,,43,15,,,28,123,56,285,43,56,148,109,260,79,65,70,82,82,122,140,252,26,101,127,159,60,30,,44,,,23,50,58,218,11,19,105,12,307,323,148,332,28,45,48,39,76,179,216,28,13,11,321,339,69,183,82,165,243,181,124,161,297,98,94,102,73,78,172,226,,,126,136,,,28,220,67,17,26,57,68,257,17,89,307,330,40,54,48,191,260,200,170,189,171,78,93,184,,103,,,b'\x11\xe8\xe1I\xcbeLT\xaf\x82\x12\xdf\x17\xaeN\x1e'
11E8E149-CB65-4C54-AF82-12DF17AE4E1E,2016-ncaa-d0-natl,ncaa,136,87,240,117,258,193,207,305,48,201,316,18,183,161,241,94,147,179,68,184,45,296,307,57,44,65,150,177,97,310,239,229,254,282,198,220,199,66,187,152,225,195,298,282,,,59,106,,,130,298,274,182,135,162,308,170,309,168,134,97,141,146,284,307,297,181,276,200,119,200,294,,95,,,128,77,76,106,124,49,35,162,250,269,172,326,45,58,93,69,156,81,58,174,135,171,282,321,75,216,254,22,239,58,198,204,306,262,218,264,93,195,145,258,,,264,159,,,130,50,89,210,129,146,152,177,80,63,284,309,69,87,96,151,108,276,46,110,252,242,147,169,,245,,,b'\x11\xe8\xe1I\xcbeLT\xaf\x82\x12\xdf\x17\xaeN\x1e'
11E8E149-CB65-4C54-AF82-12DF17AE4E1E,2016-ncaa-d1-conf-ASUN,ncaa,4,4,3,4,4,4,4,4,2,3,3,1,5,3,5,5,2,3,5,3,1,4,4,1,1,2,5,6,2,5,5,4,4,4,4,5,5,2,3,4,3,3,7,8,,,6,5,,,4,4,4,6,4,3,6,3,5,5,5,2,3,3,5,5,5,5,5,5,2,3,8,,5,,,4,6,4,5,4,3,4,5,5,7,6,6,6,6,2,6,7,5,6,5,5,4,6,6,5,5,4,3,5,3,4,5,6,4,4,4,4,3,8,8,,,4,3,,,4,6,3,4,4,4,4,3,4,2,5,5,4,6,7,4,4,5,2,2,5,4,2,8,,4,,,b'\x11\xe8\xe1I\xcbeLT\xaf\x82\x12\xdf\x17\xaeN\x1e'
11E8E149-CB65-4C54-AF82-12DF17AE4E1E,2016-ncaa-d1-natl,ncaa,95,87,99,97,118,117,123,212,37,114,261,12,147,118,245,99,114,144,61,144,66,208,218,40,34,42,177,184,143,265,205,132,207,195,148,143,188,102,146,117,151,146,279,266,,,85,87,,,92,199,272,223,121,126,277,118,288,170,129,111,160,165,268,301,289,152,244,157,85,171,289,,69,,,90,131,139,206,93,74,87,145,276,315,110,330,67,82,107,84,141,182,167,129,99,123,280,319,80,257,207,51,205,112,148,259,309,187,195,234,117,159,174,233,,,226,185,,,92,150,66,153,85,103,113,154,56,48,265,309,59,68,77,129,96,233,43,79,228,218,111,157,,267,,,b'\x11\xe8\xe1I\xcbeLT\xaf\x82\x12\xdf\x17\xaeN\x1e'
11E8E149-CB65-4C54-AF82-12DF17AE4E1E,2017-ncaa-d0-natl,ncaa,41,17,168,26,175,127,125,225,37,99,186,32,213,234,138,215,129,224,4,224,226,228,243,54,37,59,252,243,158,260,171,153,89,213,86,173,237,137,189,153,231,200,126,118,,,75,111,,,38,230,270,53,102,92,241,68,179,204,236,115,232,232,245,270,265,137,224,167,156,225,111,,81,,,36,38,59,119,70,110,198,54,49,47,139,70,56,53,174,56,73,87,83,59,45,60,77,108,139,69,89,21,171,25,86,65,142,203,169,126,101,142,97,111,,,205,130,,,38,102,68,52,43,49,80,109,118,216,56,47,76,70,75,77,64,94,36,39,85,199,114,108,,202,,,b'\x11\xe8\xe1I\xcbeLT\xaf\x82\x12\xdf\x17\xaeN\x1e'
11E8E149-CB65-4C54-AF82-12DF17AE4E1E,2017-ncaa-d1-conf-ASUN,ncaa,1,1,1,1,1,2,2,2,1,1,2,2,2,3,2,5,3,6,1,6,8,2,3,2,1,2,6,4,5,4,3,1,2,1,2,2,4,5,3,2,4,4,1,4,,,2,2,,,2,1,8,3,2,2,5,1,4,3,4,5,6,6,6,6,4,1,3,2,2,4,3,,1,,,2,1,4,7,1,4,8,1,2,2,3,2,2,2,5,2,1,7,7,1,1,1,3,4,4,2,2,4,3,3,2,3,2,5,6,4,3,3,2,2,,,4,7,,,2,7,2,2,2,1,2,4,2,6,2,2,1,1,1,2,2,2,2,2,2,6,3,2,,7,,,b'\x11\xe8\xe1I\xcbeLT\xaf\x82\x12\xdf\x17\xaeN\x1e'
11E8E149-CB65-4C54-AF82-12DF17AE4E1E,2017-ncaa-d1-natl,ncaa,23,17,56,22,62,64,66,130,25,53,127,22,159,189,125,196,64,135,4,137,184,129,125,44,24,42,233,230,129,201,135,80,85,122,63,88,199,205,177,117,161,179,74,94,,,139,106,,,23,100,254,67,77,73,229,60,181,188,211,77,184,187,223,251,250,132,203,118,152,194,83,,83,,,23,77,105,219,42,153,275,28,62,66,108,60,118,109,204,112,75,199,218,35,29,32,79,94,170,136,85,51,135,66,63,109,161,124,132,101,156,135,118,105,,,114,114,,,23,239,48,32,22,32,52,104,93,224,44,38,85,80,85,73,80,92,30,35,82,164,114,95,,177,,,b'\x11\xe8\xe1I\xcbeLT\xaf\x82\x12\xdf\x17\xaeN\x1e'
11E8E149-CB65-4C54-AF82-12DF17AE4E1E,2018-ncaa-d0-natl,ncaa,170,162,164,174,208,215,226,267,157,183,172,209,279,318,129,297,98,89,160,92,87,237,243,191,151,187,223,278,32,202,124,158,175,176,102,301,316,187,243,284,290,282,151,119,,,153,213,,,196,243,275,205,227,244,299,168,155,281,312,71,77,81,255,257,193,142,154,316,214,290,146,,178,,,197,106,99,147,79,48,98,68,249,242,221,290,138,164,108,161,215,140,102,114,107,175,309,305,185,172,175,50,124,73,102,111,163,271,259,220,129,178,144,143,,,181,97,,,196,97,185,193,202,127,114,153,55,85,269,263,165,175,175,155,92,196,54,87,119,270,146,159,,153,,,b'\x11\xe8\xe1I\xcbeLT\xaf\x82\x12\xdf\x17\xaeN\x1e'
11E8E149-CB65-4C54-AF82-12DF17AE4E1E,2018-ncaa-d1-conf-ASUN,ncaa,3,3,5,3,5,5,5,6,3,3,4,4,7,7,3,7,3,2,7,2,4,5,7,4,5,4,6,6,2,3,2,4,3,3,2,6,8,4,4,5,8,6,2,1,,,3,7,,,3,8,8,2,4,4,6,2,3,6,7,2,1,1,4,5,3,1,2,6,5,8,1,,6,,,3,1,1,1,2,1,1,2,7,7,5,7,4,3,4,3,7,1,1,2,3,3,8,7,7,2,3,1,2,1,2,4,7,8,7,4,3,4,4,2,,,4,3,,,3,1,3,3,3,3,3,4,1,1,7,7,4,5,5,4,3,4,2,3,4,8,4,4,,4,,,b'\x11\xe8\xe1I\xcbeLT\xaf\x82\x12\xdf\x17\xaeN\x1e'
11E8E149-CB65-4C54-AF82-12DF17AE4E1E,2018-ncaa-d1-natl,ncaa,150,162,97,169,117,177,197,237,135,144,138,190,270,307,118,295,61,64,143,63,80,202,177,168,135,176,218,276,29,176,121,119,185,138,103,258,305,244,253,272,257,266,130,119,,,198,204,,,158,175,272,201,215,241,302,160,152,279,315,64,70,73,262,247,194,137,160,302,226,270,140,,171,,,157,128,108,199,58,51,137,49,263,270,204,282,164,193,92,189,208,206,178,77,75,116,311,301,203,223,185,66,121,112,103,118,169,221,226,185,159,173,159,129,,,105,64,,,158,160,175,137,167,97,78,141,37,86,250,252,158,175,171,144,102,207,48,86,108,240,145,141,,110,,,b'\x11\xe8\xe1I\xcbeLT\xaf\x82\x12\xdf\x17\xaeN\x1e'
11E8E149-CB65-4C54-AF82-12DF17AE4E1E,2019-ncaa-d0-natl,ncaa,185,180,173,191,229,248,254,315,118,279,322,79,146,164,132,79,243,274,124,275,110,315,317,84,84,125,87,96,195,339,333,266,298,327,324,183,83,133,239,168,159,110,87,41,,,64,96,,,199,299,312,272,266,279,341,290,333,133,153,253,277,279,342,340,341,283,344,174,149,151,78,,75,,,200,74,56,106,78,17,38,70,272,269,216,319,141,97,311,92,212,87,83,120,135,136,339,324,205,256,298,95,333,145,324,153,279,200,146,176,82,219,76,207,,,276,144,,,199,58,205,179,202,93,61,94,18,27,294,291,150,117,114,75,79,268,119,184,158,182,130,80,,283,,,b'\x11\xe8\xe1I\xcbeLT\xaf\x82\x12\xdf\x17\xaeN\x1e'
11E8E149-CB65-4C54-AF82-12DF17AE4E1E,2019-ncaa-d1-conf-ASUN,ncaa,3,2,5,2,8,6,7,7,1,7,7,2,3,4,3,3,6,8,5,8,4,7,9,2,2,2,4,3,6,8,7,7,7,8,6,5,3,2,3,2,7,4,1,1,,,1,1,,,3,9,9,9,4,6,8,6,6,3,4,5,6,6,8,9,8,7,9,4,2,5,1,,1,,,3,2,2,3,3,1,3,3,6,5,5,6,1,1,9,2,3,2,1,3,2,3,7,8,5,7,7,1,7,2,6,3,4,7,5,4,2,3,1,2,,,8,5,,,3,1,2,4,3,2,3,5,3,4,7,6,2,2,2,2,2,7,2,4,4,6,3,1,,9,,,b'\x11\xe8\xe1I\xcbeLT\xaf\x82\x12\xdf\x17\xaeN\x1e'
11E8E149-CB65-4C54-AF82-12DF17AE4E1E,2019-ncaa-d1-natl,ncaa,164,180,107,177,146,215,230,287,115,270,314,81,109,120,97,70,236,260,123,258,120,291,296,78,84,120,71,73,221,336,330,227,293,309,319,137,60,161,233,144,120,102,66,35,,,88,95,,,191,243,308,272,259,263,335,291,333,110,131,262,282,282,339,335,340,279,343,144,146,136,68,,71,,,191,105,77,142,75,21,59,60,299,286,259,314,154,130,274,123,214,130,137,119,133,128,341,328,196,273,293,144,330,201,319,166,265,153,133,153,140,216,106,222,,,253,153,,,191,111,183,172,189,90,53,87,18,29,299,280,148,122,115,71,82,272,121,181,147,176,132,99,,282,,,b'\x11\xe8\xe1I\xcbeLT\xaf\x82\x12\xdf\x17\xaeN\x1e'
11E8E149-CB65-4C54-AF82-12DF17AE4E1E,2020-ncaa-d0-natl,ncaa,276,240,312,273,334,329,314,338,186,276,278,213,296,317,195,255,316,290,319,290,208,340,333,221,253,281,273,239,238,238,148,239,161,251,123,335,310,228,315,317,297,247,112,48,,,136,294,,,264,333,261,343,298,264,315,210,200,276,292,298,246,245,311,265,192,119,139,316,296,258,78,,257,,,270,50,22,40,54,15,12,76,200,232,112,309,228,191,321,196,306,45,22,81,117,203,343,291,315,103,161,30,148,37,123,112,288,326,289,279,112,225,208,262,,,341,323,,,264,20,282,219,274,146,66,141,31,46,268,310,294,261,264,181,107,202,97,134,195,299,196,264,,328,,,b'\x11\xe8\xe1I\xcbeLT\xaf\x82\x12\xdf\x17\xaeN\x1e'
11E8E149-CB65-4C54-AF82-12DF17AE4E1E,2020-ncaa-d1-conf-ASUN,ncaa,6,6,5,6,8,8,7,7,6,5,5,8,8,8,6,8,8,5,9,5,7,7,7,8,8,8,8,8,8,3,3,5,4,4,2,7,7,8,8,8,4,4,4,4,,,5,7,,,6,8,9,9,8,6,7,4,4,8,8,9,5,5,7,6,3,4,4,8,8,4,4,,5,,,6,2,1,2,1,1,1,2,4,5,3,8,6,6,6,6,7,3,2,2,4,4,8,7,7,6,4,4,3,4,2,4,8,7,6,6,5,6,5,4,,,9,9,,,6,2,8,4,7,3,1,3,1,2,4,5,6,6,6,3,1,6,3,3,4,6,6,6,,9,,,b'\x11\xe8\xe1I\xcbeLT\xaf\x82\x12\xdf\x17\xaeN\x1e'
11E8E149-CB65-4C54-AF82-12DF17AE4E1E,2020-ncaa-d1-natl,ncaa,257,240,257,258,324,285,248,311,123,197,221,157,280,309,152,263,301,268,315,268,223,317,294,164,199,258,282,247,263,194,119,146,148,173,87,307,298,273,318,308,266,245,87,45,,,198,281,,,212,302,239,343,261,217,299,161,178,269,289,291,237,234,295,237,163,83,102,290,299,252,74,,251,,,212,67,26,90,31,16,34,46,224,285,84,309,253,221,313,223,300,104,55,51,83,130,343,293,314,156,148,44,119,59,87,120,272,281,258,240,167,223,241,246,,,328,309,,,212,48,248,147,213,112,45,146,24,45,250,313,277,251,249,174,121,199,75,108,152,262,205,261,,310,,,b'\x11\xe8\xe1I\xcbeLT\xaf\x82\x12\xdf\x17\xaeN\x1e'
11E8E149-CB65-4C54-AF82-12DF17AE4E1E,2021-ncaa-d0-natl,ncaa,205,276,136,241,139,186,196,185,237,239,240,197,101,84,191,49,153,151,174,150,47,180,181,196,176,183,46,68,104,286,331,157,254,217,323,231,269,155,169,240,149,166,147,133,,,166,128,,,229,157,282,32,262,294,301,311,323,110,85,179,188,185,286,313,328,216,316,301,108,173,183,,122,,,221,178,164,179,133,109,113,147,306,301,246,331,158,171,111,161,247,177,192,208,196,157,327,330,132,253,254,267,331,265,323,230,280,100,105,160,122,116,146,196,,,173,130,,,229,180,243,188,225,139,115,115,35,22,311,317,115,134,124,95,121,247,271,282,209,114,75,107,,227,,,b'\x11\xe8\xe1I\xcbeLT\xaf\x82\x12\xdf\x17\xaeN\x1e'
11E8E149-CB65-4C54-AF82-12DF17AE4E1E,2021-ncaa-d1-conf-ASUN,ncaa,5,5,4,5,4,6,6,7,5,7,7,6,6,6,5,5,3,4,3,4,2,6,7,5,5,5,3,5,2,9,7,6,9,8,9,7,6,4,7,6,3,2,2,2,,,3,4,,,4,6,9,1,6,8,9,9,7,5,5,3,3,3,9,9,9,8,9,7,3,3,2,,2,,,4,4,4,3,5,3,3,5,6,6,8,6,2,2,4,2,5,3,5,6,5,3,7,7,4,8,9,4,7,5,9,7,8,3,2,3,3,3,4,6,,,5,2,,,4,3,5,5,4,3,4,3,3,3,7,6,2,2,1,2,3,8,4,5,5,2,3,5,,3,,,b'\x11\xe8\xe1I\xcbeLT\xaf\x82\x12\xdf\x17\xaeN\x1e'
11E8E149-CB65-4C54-AF82-12DF17AE4E1E,2021-ncaa-d1-natl,ncaa,184,275,70,220,72,139,148,131,206,194,198,166,67,61,159,50,149,147,179,146,88,138,139,152,159,159,55,63,175,258,326,104,227,165,312,195,276,206,162,230,96,138,105,115,,,205,118,,,191,114,262,36,232,251,264,291,307,93,81,212,213,213,260,302,325,186,299,291,111,144,153,,106,,,185,213,203,230,114,133,162,104,313,303,264,318,191,201,128,197,215,222,241,170,162,129,324,327,137,277,227,295,326,297,312,253,269,70,104,143,162,110,162,177,,,146,165,,,191,220,211,152,194,124,103,124,32,33,302,299,112,123,117,96,125,230,263,274,197,113,78,105,,243,,,b'\x11\xe8\xe1I\xcbeLT\xaf\x82\x12\xdf\x17\xaeN\x1e'
11E8E149-CB65-4C54-AF82-12DF17AE4E1E,2022-ncaa-d0-natl,ncaa,107,106,112,114,148,192,188,192,196,171,159,176,250,235,268,228,131,108,245,108,102,184,151,223,217,242,231,258,83,197,217,93,34,120,90,225,240,297,271,274,112,104,326,316,,,178,176,,,132,139,165,275,246,249,287,193,194,268,253,142,120,122,261,205,227,80,121,263,267,129,338,,138,,,133,84,72,146,58,46,50,159,252,323,29,342,118,164,44,155,265,146,190,89,81,48,313,315,181,63,34,197,217,128,90,184,311,92,68,112,240,223,272,257,,,81,48,,,132,215,249,30,133,47,37,75,15,14,225,327,100,131,124,65,103,37,159,83,153,97,213,260,,77,,,b'\x11\xe8\xe1I\xcbeLT\xaf\x82\x12\xdf\x17\xaeN\x1e'
11E8E149-CB65-4C54-AF82-12DF17AE4E1E,2022-ncaa-d1-conf-ASUN,ncaa,4,4,1,4,1,3,4,3,4,3,2,5,8,7,10,10,2,2,7,2,5,3,2,5,6,7,10,10,4,4,4,1,4,2,2,5,8,12,8,8,2,3,11,11,,,6,3,,,4,1,1,7,6,4,5,3,4,10,8,3,3,3,4,3,5,3,2,6,9,3,11,,4,,,4,7,5,10,3,2,1,6,11,12,1,12,3,4,1,3,7,10,12,4,3,2,11,12,4,6,4,9,4,6,2,11,12,2,3,5,11,9,10,7,,,2,4,,,4,12,6,2,4,3,2,7,1,1,10,12,2,2,2,6,8,6,4,3,9,2,9,10,,2,,,b'\x11\xe8\xe1I\xcbeLT\xaf\x82\x12\xdf\x17\xaeN\x1e'
11E8E149-CB65-4C54-AF82-12DF17AE4E1E,2022-ncaa-d1-natl,ncaa,93,106,67,108,94,134,136,140,126,97,125,114,219,198,264,229,96,80,223,80,105,131,104,160,155,195,253,267,107,162,190,54,18,78,61,162,205,312,264,240,53,44,330,321,,,203,140,,,82,91,141,275,210,198,267,134,185,260,245,133,116,117,241,185,217,68,110,217,262,68,343,,124,,,83,109,86,176,51,51,66,132,273,326,50,342,118,174,39,163,258,167,233,85,72,30,315,322,166,51,18,219,190,130,61,201,305,43,42,74,270,220,279,232,,,52,59,,,82,267,211,14,85,31,27,64,12,12,225,313,88,117,110,48,107,21,107,44,141,64,215,246,,80,,,b'\x11\xe8\xe1I\xcbeLT\xaf\x82\x12\xdf\x17\xaeN\x1e'
11E8E149-CB65-4C54-AF82-12DF17AE4E1E,2023-ncaa-d0-natl,ncaa,242,284,116,267,156,248,250,240,246,186,186,205,311,260,341,259,141,91,332,89,65,208,191,265,264,271,270,312,60,200,234,291,123,269,255,272,256,234,256,283,117,78,353,351,,,157,210,,,258,189,262,291,300,304,323,223,214,326,291,157,87,86,284,274,228,333,325,303,221,121,356,,138,,,253,164,157,61,315,84,24,333,279,247,285,329,114,120,126,114,269,61,121,331,328,234,292,312,121,28,123,239,234,130,255,176,190,68,31,60,238,245,240,240,,,73,24,,,258,164,280,178,256,120,116,12,68,6,272,234,103,109,104,11,43,18,223,107,159,61,221,237,,70,,,b'\x11\xe8\xe1I\xcbeLT\xaf\x82\x12\xdf\x17\xaeN\x1e'
11E8E149-CB65-4C54-AF82-12DF17AE4E1E,2023-ncaa-d1-conf-ASUN,ncaa,9,10,3,9,5,7,7,9,8,6,5,8,12,10,14,10,4,2,12,2,2,7,6,9,9,10,12,12,3,6,9,11,7,10,11,9,10,12,10,12,3,3,14,14,,,7,5,,,9,6,9,10,12,12,12,6,8,12,10,6,4,3,11,10,9,13,13,10,9,3,14,,4,,,9,9,10,7,12,5,3,12,13,12,12,14,5,5,5,5,9,6,7,13,13,10,11,14,4,3,7,10,9,9,11,11,10,3,2,5,11,10,7,6,,,1,1,,,9,9,11,8,10,6,6,2,3,2,12,9,4,4,4,2,3,3,9,5,9,4,9,5,,3,,,b'\x11\xe8\xe1I\xcbeLT\xaf\x82\x12\xdf\x17\xaeN\x1e'
11E8E149-CB65-4C54-AF82-12DF17AE4E1E,2023-ncaa-d1-natl,ncaa,219,284,56,253,92,213,217,178,229,159,149,193,276,233,331,242,128,70,331,66,60,154,131,252,253,261,262,298,76,185,237,250,78,239,238,222,228,255,238,252,87,72,341,338,,,183,195,,,223,124,247,291,291,283,310,208,211,310,275,164,90,87,273,268,231,332,322,277,202,117,354,,122,,,220,185,182,87,298,105,37,318,282,263,267,323,139,153,121,147,266,92,173,317,307,192,290,306,133,21,78,280,237,174,238,196,188,39,28,51,231,215,247,227,,,53,32,,,223,233,271,124,231,88,92,10,62,6,249,212,99,105,100,12,40,9,218,87,142,56,184,220,,80,,,b'\x11\xe8\xe1I\xcbeLT\xaf\x82\x12\xdf\x17\xaeN\x1e'
11E8E149-CB65-4C54-AF82-12DF17AE4E1E,2024-ncaa-d0-natl,ncaa,171,148,196,173,218,295,300,270,295,219,199,239,335,292,356,267,190,114,331,114,82,250,248,316,315,311,298,324,47,161,151,228,140,203,166,349,357,186,240,340,251,215,223,144,,,168,262,,,220,270,284,187,319,322,298,215,192,341,289,168,91,88,262,248,147,231,188,357,216,244,213,,199,,,219,46,16,49,52,10,15,78,210,233,157,320,219,248,80,244,337,62,78,93,131,79,352,322,313,92,140,138,151,103,166,30,139,161,92,44,78,116,210,231,,,92,13,,,220,86,304,82,229,54,14,30,5,8,237,264,234,260,253,44,60,111,182,134,38,133,96,227,,41,,,b'\x11\xe8\xe1I\xcbeLT\xaf\x82\x12\xdf\x17\xaeN\x1e'
11E8E149-CB65-4C54-AF82-12DF17AE4E1E,2024-ncaa-d1-conf-ASUN,ncaa,3,2,6,2,8,10,10,12,8,7,8,5,11,10,12,8,7,5,12,5,4,11,11,11,10,10,11,12,3,7,7,7,7,8,5,11,10,6,10,10,9,8,5,2,,,3,6,,,5,11,12,5,12,11,11,7,6,12,8,6,4,4,11,10,6,5,6,10,7,8,5,,4,,,5,1,1,2,1,1,2,1,4,6,5,9,6,4,8,4,9,1,2,1,3,2,11,12,11,6,7,4,7,3,5,2,5,8,3,2,3,6,6,7,,,5,2,,,5,2,10,2,5,2,1,2,1,2,6,7,7,5,5,3,3,6,5,5,2,7,4,7,,3,,,b'\x11\xe8\xe1I\xcbeLT\xaf\x82\x12\xdf\x17\xaeN\x1e'
11E8E149-CB65-4C54-AF82-12DF17AE4E1E,2024-ncaa-d1-natl,ncaa,155,150,130,163,153,271,265,216,301,185,177,210,333,253,362,246,157,96,327,95,89,201,184,326,326,316,303,328,53,133,156,174,119,163,158,342,352,222,225,336,218,207,205,140,,,196,240,,,218,204,259,206,315,309,270,207,190,341,263,172,96,91,246,224,140,196,169,354,204,233,208,,187,,,217,65,24,71,44,11,25,69,227,259,141,318,253,275,104,271,339,92,124,75,110,76,355,318,322,95,119,221,156,168,158,35,137,122,85,44,103,115,229,232,,,68,24,,,218,151,305,64,226,54,11,33,5,11,222,254,252,268,267,48,71,89,214,152,31,122,101,228,,48,,,b'\x11\xe8\xe1I\xcbeLT\xaf\x82\x12\xdf\x17\xaeN\x1e'
11E8E149-CB65-4C54-AF82-12DF17AE4E1E,2025-ncaa-d0-natl,genius_ncaa,184,147,248,182,287,197,198,221,164,186,204,160,214,221,191,193,183,229,66,228,192,220,229,170,155,160,192,208,154,266,250,193,311,228,274,204,207,148,208,202,245,264,142,148,,,49,35,,28,234,209,62,255,133,141,145,146,149,196,178,128,184,186,154,128,248,107,181,181,225,216,116,,93,,42,235,210,222,240,173,233,189,267,195,285,41,273,177,205,101,207,214,246,204,170,143,225,152,176,159,306,311,139,250,219,274,168,102,275,302,258,218,257,47,75,,,233,214,,220,234,162,186,268,226,304,308,343,301,271,248,332,234,255,264,346,325,339,217,301,233,248,278,83,,189,,201,b'\x11\xe8\xe1I\xcbeLT\xaf\x82\x12\xdf\x17\xaeN\x1e'
11E8E149-CB65-4C54-AF82-12DF17AE4E1E,2025-ncaa-d1-conf-ASUN,genius_ncaa,5,4,7,5,10,7,8,9,7,9,7,7,8,8,6,8,5,8,2,8,7,8,8,7,6,7,8,9,4,9,9,5,11,8,8,6,3,10,9,7,11,11,2,3,,,3,2,,1,6,7,3,10,7,8,9,8,6,9,8,3,7,7,8,6,9,4,8,4,10,9,2,,5,,1,7,6,6,9,3,7,8,5,6,11,2,10,6,6,6,6,5,9,8,3,3,4,5,5,6,11,11,3,9,10,8,6,6,10,10,9,10,9,2,2,,,9,6,,8,6,6,8,5,6,7,6,12,8,10,5,11,5,6,7,12,11,12,6,11,8,10,10,2,,5,,8,b'\x11\xe8\xe1I\xcbeLT\xaf\x82\x12\xdf\x17\xaeN\x1e'
11E8E149-CB65-4C54-AF82-12DF17AE4E1E,2025-ncaa-d1-natl,genius_ncaa,161,147,172,163,224,144,147,163,172,171,168,169,169,176,167,180,148,191,69,194,194,170,156,162,154,163,163,177,159,217,225,131,310,164,245,174,191,230,212,198,208,254,132,157,,,78,32,,24,207,138,56,255,122,130,120,152,150,160,152,128,177,181,132,108,209,86,142,164,239,200,125,,93,,29,206,247,246,280,135,256,248,208,216,294,46,249,218,239,98,243,204,287,259,131,125,180,160,173,180,330,310,199,225,276,245,191,106,226,276,213,275,261,93,91,,,192,219,,225,207,225,182,230,205,288,280,335,277,280,230,317,232,257,264,339,325,338,219,304,207,204,292,105,,183,,226,b'\x11\xe8\xe1I\xcbeLT\xaf\x82\x12\xdf\x17\xaeN\x1e'
11E8E149-CB65-4C54-AF82-12DF17AE4E1E,2026-ncaa-d0-natl,genius_ncaa,163,39,327,95,334,288,288,337,64,332,351,109,124,252,11,48,323,330,188,319,97,337,350,33,46,43,23,15,292,349,302,289,164,322,177,285,225,5,91,98,354,341,301,254,,,25,178,,2,132,345,212,97,81,96,208,219,308,11,54,222,218,187,199,290,308,42,135,136,66,339,242,,173,,2,124,17,17,31,83,18,28,111,69,80,137,260,70,53,249,55,229,31,18,111,123,231,281,252,239,44,164,19,302,19,177,23,130,357,347,303,20,160,38,210,,,352,228,,337,132,20,55,245,113,223,199,296,144,217,271,310,246,241,241,303,200,247,168,204,153,346,127,138,,266,,286,b'\x11\xe8\xe1I\xcbeLT\xaf\x82\x12\xdf\x17\xaeN\x1e'
11E8E149-CB65-4C54-AF82-12DF17AE4E1E,2026-ncaa-d1-natl,genius_ncaa,110,39,271,67,286,186,190,285,51,270,333,78,51,124,14,45,256,252,208,236,80,282,315,24,33,36,24,17,284,298,223,173,76,222,99,155,104,24,80,48,284,229,278,262,,,63,141,,1,71,305,120,100,41,53,129,193,292,8,35,169,167,149,134,195,240,25,58,53,81,218,246,,165,,1,53,28,24,73,42,30,88,39,97,111,148,187,91,118,87,118,194,76,62,48,46,89,264,242,216,66,76,55,223,50,99,40,153,309,254,175,53,118,40,134,,,333,278,,305,71,64,42,96,49,119,102,253,89,236,203,231,180,212,218,262,221,170,162,162,108,236,119,83,,276,,275,b'\x11\xe8\xe1I\xcbeLT\xaf\x82\x12\xdf\x17\xaeN\x1e'
11E8E149-CB69-4BCE-AF82-12DF17AE4E1E,2010-ncaa-d0-natl,ncaa,262,269,178,270,221,268,253,173,309,150,64,308,339,322,341,326,182,177,210,180,294,169,167,328,322,311,328,337,71,133,178,216,192,189,228,275,267,205,212,282,121,100,306,305,,,318,337,,,282,173,116,244,286,268,125,125,23,340,325,172,161,167,132,109,111,224,166,289,227,103,310,,330,,,280,152,99,77,230,131,109,186,123,65,295,73,294,314,54,312,322,119,160,230,244,171,230,122,307,134,192,260,178,213,228,79,111,94,60,52,64,78,255,182,,,173,189,,,282,170,309,159,280,191,117,55,144,123,130,59,306,321,321,131,209,164,297,260,102,69,90,274,,146,,,b'\x11\xe8\xe1I\xcbiK\xce\xaf\x82\x12\xdf\x17\xaeN\x1e'
11E8E149-CB69-4BCE-AF82-12DF17AE4E1E,2010-ncaa-d1-conf-America East,ncaa,4,4,3,4,4,6,5,2,7,2,1,6,8,8,9,9,5,6,6,5,9,3,1,7,8,7,9,9,5,3,5,5,5,4,4,5,7,8,6,7,1,1,9,9,,,9,9,,,5,1,2,3,6,6,2,2,1,9,8,6,6,6,3,2,2,9,5,7,8,1,9,,9,,,5,8,4,2,7,6,4,6,4,3,9,3,7,9,3,9,9,3,7,6,7,4,5,4,7,3,5,7,5,6,4,5,5,1,1,3,4,3,7,5,,,5,7,,,5,7,7,4,5,4,3,3,3,2,4,3,7,9,9,3,7,4,7,4,4,1,4,7,,5,,,b'\x11\xe8\xe1I\xcbiK\xce\xaf\x82\x12\xdf\x17\xaeN\x1e'
11E8E149-CB69-4BCE-AF82-12DF17AE4E1E,2010-ncaa-d1-natl,ncaa,268,269,191,274,252,284,266,185,312,163,70,311,341,327,341,326,188,183,214,185,293,181,182,332,324,315,328,337,69,143,184,239,194,202,236,293,276,193,212,284,131,108,309,307,,,316,337,,,285,195,117,242,289,272,128,130,23,339,325,172,159,164,134,113,116,229,171,296,227,108,310,,331,,,285,135,83,48,238,115,95,196,114,50,297,71,290,309,54,308,323,104,138,236,254,178,230,122,306,119,194,251,184,203,236,70,115,109,66,59,52,78,249,189,,,186,190,,,285,145,311,168,285,197,124,56,148,124,131,59,307,322,322,132,209,165,296,264,106,70,90,277,,146,,,b'\x11\xe8\xe1I\xcbiK\xce\xaf\x82\x12\xdf\x17\xaeN\x1e'
11E8E149-CB69-4BCE-AF82-12DF17AE4E1E,2011-ncaa-d0-natl,ncaa,296,314,170,307,240,220,190,104,283,110,51,285,313,294,323,311,185,186,197,182,314,113,118,314,315,279,319,321,145,72,116,268,209,167,222,254,283,180,154,252,82,74,326,327,,,320,335,,,268,142,69,333,225,184,42,90,10,322,301,176,172,169,54,54,48,279,143,263,211,67,334,,336,,,261,222,118,49,267,131,89,238,121,65,302,74,337,325,285,327,335,114,176,266,317,236,278,95,335,112,209,263,116,207,222,141,196,62,39,74,104,86,191,90,,,146,184,,,268,194,268,218,263,250,142,56,159,102,123,69,337,332,333,134,232,128,297,245,165,42,128,206,,105,,,b'\x11\xe8\xe1I\xcbiK\xce\xaf\x82\x12\xdf\x17\xaeN\x1e'
11E8E149-CB69-4BCE-AF82-12DF17AE4E1E,2011-ncaa-d1-conf-America East,ncaa,8,8,3,8,5,3,2,2,6,1,1,7,9,9,6,9,4,1,7,1,8,2,1,6,7,7,9,9,5,1,2,8,7,3,4,5,7,7,6,6,1,2,9,9,,,9,9,,,7,1,1,8,3,2,1,1,1,9,9,4,3,3,1,1,2,8,4,5,7,1,9,,9,,,7,9,8,2,9,7,2,9,8,5,9,5,9,9,7,9,9,6,8,9,9,9,8,3,9,4,7,7,2,7,4,8,7,1,2,5,6,4,8,7,,,2,6,,,7,9,7,8,7,8,8,3,8,2,8,5,9,9,9,5,8,4,7,8,8,1,6,8,,1,,,b'\x11\xe8\xe1I\xcbiK\xce\xaf\x82\x12\xdf\x17\xaeN\x1e'
11E8E149-CB69-4BCE-AF82-12DF17AE4E1E,2011-ncaa-d1-natl,ncaa,305,314,199,313,276,242,215,122,286,125,57,291,322,303,324,310,199,200,196,196,313,131,138,315,315,281,318,321,142,83,119,287,212,203,223,266,284,161,159,250,91,79,333,331,,,316,335,,,268,170,69,333,228,189,43,95,10,322,301,176,180,176,57,56,49,281,152,267,213,71,335,,336,,,267,204,104,33,274,120,70,242,109,56,304,73,335,322,290,324,335,84,148,270,321,242,277,95,336,96,212,245,119,189,223,126,196,75,44,78,90,86,180,96,,,164,187,,,268,166,271,223,268,254,146,57,167,106,124,68,338,332,334,139,235,135,300,246,166,46,129,213,,107,,,b'\x11\xe8\xe1I\xcbiK\xce\xaf\x82\x12\xdf\x17\xaeN\x1e'
11E8E149-CB69-4BCE-AF82-12DF17AE4E1E,2012-ncaa-d0-natl,ncaa,327,334,163,332,198,341,336,291,340,314,169,341,328,327,315,310,337,337,235,336,341,314,325,341,342,337,313,288,240,272,304,291,181,299,303,323,222,44,190,286,278,226,332,324,,,84,268,,,323,328,340,189,342,340,319,327,155,333,331,338,338,337,333,338,276,305,316,330,57,291,334,,94,,,319,29,39,23,210,45,23,226,110,100,170,218,41,87,12,86,213,23,16,208,182,209,172,214,111,68,181,251,304,165,303,125,284,302,214,266,81,208,136,135,,,339,336,,,323,15,338,213,326,40,47,17,57,15,130,116,55,105,105,12,3,77,277,198,154,303,107,150,,343,,,b'\x11\xe8\xe1I\xcbiK\xce\xaf\x82\x12\xdf\x17\xaeN\x1e'
11E8E149-CB69-4BCE-AF82-12DF17AE4E1E,2012-ncaa-d1-conf-America East,ncaa,9,9,6,9,8,9,9,8,9,9,3,9,8,9,5,9,9,9,8,9,9,9,9,9,9,9,9,8,9,9,9,8,8,9,9,9,8,2,5,7,8,7,9,9,,,1,3,,,9,9,9,4,9,9,8,9,2,8,9,9,9,9,9,9,9,8,9,9,3,8,9,,2,,,9,4,7,2,9,3,1,9,7,3,8,8,3,3,2,3,7,2,1,9,9,9,5,9,1,3,8,7,9,6,9,7,7,8,7,8,5,7,4,5,,,9,8,,,9,1,9,9,9,5,7,3,4,2,8,5,4,6,5,3,1,4,8,8,7,8,6,6,,9,,,b'\x11\xe8\xe1I\xcbiK\xce\xaf\x82\x12\xdf\x17\xaeN\x1e'
11E8E149-CB69-4BCE-AF82-12DF17AE4E1E,2012-ncaa-d1-natl,ncaa,330,333,196,334,238,342,340,313,340,328,193,341,330,330,314,310,339,339,236,338,341,330,334,341,343,338,312,285,236,295,307,308,187,315,309,330,228,32,194,289,295,235,333,327,,,67,271,,,324,338,340,180,343,340,319,328,159,332,331,338,338,337,335,338,281,306,318,331,57,292,334,,97,,,323,20,28,14,212,36,13,229,98,84,173,219,33,73,11,70,216,9,4,211,189,214,169,212,111,53,187,230,307,145,309,111,284,315,222,272,72,209,132,143,,,341,335,,,324,5,338,219,328,42,55,17,61,15,132,115,53,105,105,12,3,80,281,202,161,306,108,151,,343,,,b'\x11\xe8\xe1I\xcbiK\xce\xaf\x82\x12\xdf\x17\xaeN\x1e'
11E8E149-CB69-4BCE-AF82-12DF17AE4E1E,2013-ncaa-d0-natl,ncaa,177,166,183,180,218,298,287,301,229,224,212,233,307,306,276,282,242,156,335,156,112,291,276,271,284,290,276,278,113,154,84,260,49,225,62,285,233,191,274,292,189,110,344,342,,,130,284,,,195,308,321,179,317,299,322,221,205,311,307,249,134,139,304,289,131,270,210,292,215,186,344,,154,,,194,22,19,10,146,4,3,157,270,235,257,328,78,78,158,76,293,6,29,221,228,132,337,331,193,11,49,52,84,12,62,127,319,163,47,126,223,283,125,154,,,154,44,,,195,40,269,90,193,38,23,4,5,3,286,266,94,95,97,5,16,17,63,27,150,142,237,146,,134,,,b'\x11\xe8\xe1I\xcbiK\xce\xaf\x82\x12\xdf\x17\xaeN\x1e'
11E8E149-CB69-4BCE-AF82-12DF17AE4E1E,2013-ncaa-d1-conf-America East,ncaa,6,4,5,6,5,8,6,6,7,3,1,7,9,9,8,9,6,4,9,4,8,5,4,8,9,8,9,9,6,2,3,8,5,5,3,8,8,7,7,8,6,4,9,9,,,4,7,,,5,7,6,5,8,7,4,2,1,9,9,8,3,3,5,4,1,8,3,8,6,5,9,,6,,,5,4,3,2,7,3,2,7,8,6,6,8,5,3,9,3,6,2,3,7,8,5,9,8,5,3,5,5,3,4,3,6,9,3,3,5,7,7,8,8,,,6,4,,,5,3,7,4,5,4,5,3,3,2,8,7,5,4,4,3,4,2,6,5,6,3,8,8,,3,,,b'\x11\xe8\xe1I\xcbiK\xce\xaf\x82\x12\xdf\x17\xaeN\x1e'
11E8E149-CB69-4BCE-AF82-12DF17AE4E1E,2013-ncaa-d1-natl,ncaa,186,165,210,186,254,313,302,320,236,243,236,238,312,311,277,281,255,171,336,170,111,307,299,271,285,293,275,278,108,172,90,281,49,247,62,294,236,175,277,292,201,120,344,343,,,112,284,,,199,326,320,172,319,305,324,226,207,311,307,250,134,135,306,292,138,274,217,297,218,190,344,,154,,,199,13,13,3,151,4,2,159,263,227,258,327,67,68,160,67,292,2,11,226,230,142,338,332,196,8,49,39,90,8,62,116,319,176,47,133,209,286,120,155,,,176,41,,,199,21,277,96,197,42,25,5,5,3,285,266,99,96,98,5,16,17,63,28,152,144,237,150,,129,,,b'\x11\xe8\xe1I\xcbiK\xce\xaf\x82\x12\xdf\x17\xaeN\x1e'
11E8E149-CB69-4BCE-AF82-12DF17AE4E1E,2014-ncaa-d0-natl,ncaa,39,41,53,47,72,131,141,98,246,77,47,246,293,271,318,302,39,65,72,70,178,82,89,287,244,217,276,318,27,32,37,94,6,59,17,242,297,184,112,247,86,67,320,315,,,245,280,,,92,124,279,232,205,231,183,126,86,316,300,51,85,96,160,196,48,170,85,291,110,121,328,,160,,,92,115,96,117,134,74,72,170,215,242,125,278,168,148,241,150,241,118,177,158,164,100,280,253,211,10,6,173,37,61,17,192,283,76,56,98,87,51,252,141,,,49,63,,,92,234,149,46,85,43,33,18,23,8,165,180,117,98,100,13,25,3,76,18,132,112,54,206,,83,,,b'\x11\xe8\xe1I\xcbiK\xce\xaf\x82\x12\xdf\x17\xaeN\x1e'
11E8E149-CB69-4BCE-AF82-12DF17AE4E1E,2014-ncaa-d1-conf-America East,ncaa,2,2,1,2,1,2,2,2,5,2,2,6,6,6,6,7,1,2,3,2,6,2,2,6,6,5,8,8,2,2,2,1,1,2,2,5,9,5,1,6,3,3,7,7,,,7,6,,,2,2,4,6,3,4,4,2,2,6,7,1,2,2,3,4,2,1,2,7,3,3,8,,5,,,2,5,4,6,3,3,3,4,8,8,5,8,7,4,9,4,7,6,8,6,6,2,7,7,6,1,1,5,2,2,2,6,6,2,2,4,2,1,6,4,,,2,4,,,2,8,3,2,2,2,2,2,3,2,6,7,5,2,4,2,1,1,2,2,5,4,1,5,,2,,,b'\x11\xe8\xe1I\xcbiK\xce\xaf\x82\x12\xdf\x17\xaeN\x1e'
11E8E149-CB69-4BCE-AF82-12DF17AE4E1E,2014-ncaa-d1-natl,ncaa,42,40,59,48,84,153,164,115,251,92,54,252,299,278,320,301,45,72,73,77,181,101,111,292,246,221,275,314,28,39,38,107,6,68,18,260,301,167,117,254,94,69,322,318,,,228,279,,,97,154,279,234,213,239,186,133,87,318,300,52,89,97,165,198,47,177,89,293,109,130,329,,161,,,98,96,84,91,141,56,50,175,205,227,129,279,163,138,247,140,239,85,142,164,169,111,281,253,212,6,6,150,38,44,18,179,283,88,57,102,75,52,243,146,,,59,63,,,97,209,156,50,91,46,34,18,24,8,168,180,119,97,101,12,26,3,79,17,137,115,54,214,,84,,,b'\x11\xe8\xe1I\xcbiK\xce\xaf\x82\x12\xdf\x17\xaeN\x1e'
11E8E149-CB69-4BCE-AF82-12DF17AE4E1E,2015-ncaa-d0-natl,ncaa,133,131,113,138,160,211,198,264,84,153,231,47,248,221,288,181,181,216,89,218,173,261,277,123,110,122,256,254,145,164,49,196,27,180,25,169,150,97,180,140,305,277,262,253,,,131,273,,,115,299,341,279,248,234,322,165,269,265,234,206,250,250,325,331,189,223,219,183,101,318,276,,109,,,115,47,75,61,180,97,89,197,68,96,74,156,85,75,228,79,125,48,34,148,143,189,94,117,158,16,27,16,49,9,25,34,64,300,252,187,44,90,57,88,,,159,49,,,115,48,96,147,113,28,53,21,90,53,53,71,83,73,78,16,3,12,12,4,38,318,41,51,,183,,,b'\x11\xe8\xe1I\xcbiK\xce\xaf\x82\x12\xdf\x17\xaeN\x1e'
11E8E149-CB69-4BCE-AF82-12DF17AE4E1E,2015-ncaa-d1-conf-America East,ncaa,3,3,5,3,6,5,4,8,3,5,5,3,6,7,7,6,5,5,4,5,6,8,9,3,3,3,7,6,6,3,2,4,3,4,2,5,5,3,5,5,6,5,6,6,,,3,5,,,3,9,9,2,4,3,9,3,4,6,6,6,6,6,7,8,3,2,2,5,3,5,7,,4,,,3,1,2,2,3,3,3,4,1,1,2,2,3,3,3,3,4,2,1,1,1,3,2,1,6,2,3,1,2,1,2,1,2,8,7,4,1,3,4,4,,,5,3,,,3,1,3,3,3,3,3,3,3,5,1,1,4,3,4,3,2,3,2,2,1,8,3,4,,4,,,b'\x11\xe8\xe1I\xcbiK\xce\xaf\x82\x12\xdf\x17\xaeN\x1e'
11E8E149-CB69-4BCE-AF82-12DF17AE4E1E,2015-ncaa-d1-natl,ncaa,142,130,143,148,197,237,229,302,92,176,263,52,260,235,294,184,197,241,87,242,169,296,316,127,118,127,254,247,139,194,55,224,30,216,26,194,149,85,182,145,319,287,271,259,,,98,277,,,131,331,342,280,264,245,323,173,275,270,234,210,254,253,326,331,195,229,226,190,102,321,279,,112,,,130,32,53,34,192,77,65,207,59,71,77,153,76,62,226,66,126,26,10,160,157,202,95,113,162,12,30,6,55,1,26,29,65,314,258,198,33,92,48,94,,,184,45,,,131,17,102,165,128,33,57,24,94,52,58,72,84,77,81,16,3,11,12,4,38,319,41,52,,183,,,b'\x11\xe8\xe1I\xcbiK\xce\xaf\x82\x12\xdf\x17\xaeN\x1e'
11E8E149-CB69-4BCE-AF82-12DF17AE4E1E,2016-ncaa-d0-natl,ncaa,136,156,76,154,80,197,204,231,164,168,223,92,258,192,324,185,133,123,188,111,64,221,216,204,185,189,222,263,67,221,204,61,35,108,65,209,178,165,204,193,300,299,189,232,,,20,23,,,129,206,334,31,273,275,327,215,272,287,224,163,163,143,310,318,260,71,154,253,116,324,212,,9,,,129,63,156,222,94,228,273,117,46,94,20,78,15,16,52,16,13,167,110,51,29,82,10,60,21,72,35,149,204,102,65,39,15,298,302,181,170,204,55,83,,,90,30,,,129,132,198,71,131,30,101,134,190,231,25,48,7,10,10,62,21,47,81,48,32,333,142,49,,116,,,b'\x11\xe8\xe1I\xcbiK\xce\xaf\x82\x12\xdf\x17\xaeN\x1e'
11E8E149-CB69-4BCE-AF82-12DF17AE4E1E,2016-ncaa-d1-conf-America East,ncaa,3,3,3,3,3,3,4,7,4,5,6,4,3,3,6,3,4,4,8,4,1,5,6,4,4,3,5,5,4,8,9,2,3,3,4,3,3,4,4,3,7,6,3,4,,,2,3,,,3,6,7,4,4,6,9,6,8,4,3,4,4,4,7,8,9,2,5,3,4,8,4,,1,,,3,3,6,7,2,6,7,2,4,2,3,4,3,3,4,3,1,5,4,2,2,4,3,5,2,4,3,7,9,6,4,1,1,8,7,5,4,4,4,6,,,2,1,,,3,4,3,3,3,3,3,5,6,6,3,2,3,3,3,4,3,4,5,5,2,8,4,3,,2,,,b'\x11\xe8\xe1I\xcbiK\xce\xaf\x82\x12\xdf\x17\xaeN\x1e'
11E8E149-CB69-4BCE-AF82-12DF17AE4E1E,2016-ncaa-d1-natl,ncaa,153,156,99,158,102,226,237,272,171,198,250,99,273,206,326,184,150,145,189,131,60,248,254,208,192,198,218,264,58,245,214,75,36,134,69,230,183,138,205,202,316,307,205,236,,,13,24,,,147,249,336,30,281,285,330,219,276,288,225,161,163,147,313,320,270,72,161,262,119,327,218,,10,,,146,37,133,195,104,210,253,127,30,66,21,79,11,14,53,14,14,132,69,58,32,95,10,57,20,53,36,121,214,68,69,30,15,317,306,194,149,211,49,87,,,106,26,,,147,91,208,81,151,31,106,136,193,236,26,48,7,13,13,64,19,46,87,51,34,334,144,50,,119,,,b'\x11\xe8\xe1I\xcbiK\xce\xaf\x82\x12\xdf\x17\xaeN\x1e'
11E8E149-CB69-4BCE-AF82-12DF17AE4E1E,2017-ncaa-d0-natl,ncaa,237,229,234,243,240,306,305,315,252,322,337,195,177,139,247,46,310,301,261,304,137,320,324,216,233,240,72,68,236,274,254,292,43,308,180,318,274,109,238,276,146,63,277,281,,,33,147,,,198,326,335,42,308,308,320,331,333,146,96,303,292,296,327,330,264,289,304,314,165,120,272,,56,,,198,12,68,19,293,192,127,295,2,9,21,10,14,16,96,16,36,10,13,208,178,151,3,8,59,8,43,92,254,21,180,27,34,232,106,93,27,88,245,332,,,322,237,,,198,27,252,102,195,36,121,26,267,180,6,9,27,33,36,11,10,14,155,59,49,204,51,279,,317,,,b'\x11\xe8\xe1I\xcbiK\xce\xaf\x82\x12\xdf\x17\xaeN\x1e'
11E8E149-CB69-4BCE-AF82-12DF17AE4E1E,2017-ncaa-d1-conf-America East,ncaa,8,8,5,8,8,7,7,6,6,6,7,6,6,5,9,3,8,8,8,8,6,7,8,8,9,7,4,3,6,4,3,8,2,6,5,9,9,2,5,7,6,3,6,7,,,2,4,,,5,9,9,5,7,8,6,6,7,6,3,8,8,8,6,8,3,8,6,9,2,5,6,,2,,,5,1,3,1,8,8,4,7,1,1,2,1,2,1,7,1,1,1,1,7,7,8,1,1,4,1,2,5,3,3,5,2,3,6,3,5,1,1,8,9,,,8,7,,,5,1,6,5,5,3,5,1,8,5,1,1,2,1,1,1,1,1,6,3,3,6,1,8,,9,,,b'\x11\xe8\xe1I\xcbiK\xce\xaf\x82\x12\xdf\x17\xaeN\x1e'
11E8E149-CB69-4BCE-AF82-12DF17AE4E1E,2017-ncaa-d1-natl,ncaa,236,229,217,237,229,308,312,326,263,332,343,205,157,131,243,45,303,297,241,299,106,326,332,223,236,239,55,64,210,275,252,298,49,306,178,318,270,120,249,278,161,73,273,273,,,30,150,,,209,338,337,41,311,312,327,335,337,139,92,295,280,292,332,331,263,285,301,317,169,135,274,,58,,,209,11,76,17,296,200,118,293,3,8,18,15,19,18,114,19,43,8,10,206,175,158,3,8,66,10,49,100,252,20,178,26,35,236,118,105,26,90,242,332,,,315,214,,,209,15,252,115,204,39,116,27,264,173,6,9,35,33,36,12,9,15,147,60,49,219,48,269,,309,,,b'\x11\xe8\xe1I\xcbiK\xce\xaf\x82\x12\xdf\x17\xaeN\x1e'
11E8E149-CB69-4BCE-AF82-12DF17AE4E1E,2018-ncaa-d0-natl,ncaa,136,94,242,119,243,242,237,278,149,250,292,136,156,171,150,105,275,279,224,280,180,285,289,128,143,193,139,108,246,150,48,263,191,222,84,195,119,185,267,203,162,100,264,240,,,40,130,,,113,316,318,21,233,208,264,241,275,128,131,267,261,261,276,260,98,231,165,156,244,128,251,,87,,,111,22,31,49,88,54,49,171,49,101,19,222,36,29,258,38,126,32,40,76,74,68,101,137,146,102,191,22,48,34,84,55,169,192,114,93,193,264,69,154,,,300,261,,,113,33,156,71,107,49,57,71,90,68,64,143,69,56,71,53,60,144,50,65,96,155,236,97,,288,,,b'\x11\xe8\xe1I\xcbiK\xce\xaf\x82\x12\xdf\x17\xaeN\x1e'
11E8E149-CB69-4BCE-AF82-12DF17AE4E1E,2018-ncaa-d1-conf-America East,ncaa,4,3,6,3,7,4,4,6,4,6,7,6,2,5,2,4,5,5,5,5,3,6,6,2,2,2,2,2,5,5,2,7,6,5,3,6,7,3,5,5,5,5,8,8,,,5,5,,,5,8,5,4,4,4,5,6,6,2,3,4,4,4,4,4,2,5,3,5,4,5,7,,6,,,5,2,4,2,4,4,2,6,3,5,1,5,5,4,8,4,6,1,2,4,3,5,4,3,7,4,6,3,2,4,3,3,4,5,5,5,3,5,1,3,,,5,5,,,5,2,2,5,4,6,5,5,6,4,4,5,7,6,7,5,5,7,4,5,3,5,4,2,,4,,,b'\x11\xe8\xe1I\xcbiK\xce\xaf\x82\x12\xdf\x17\xaeN\x1e'
11E8E149-CB69-4BCE-AF82-12DF17AE4E1E,2018-ncaa-d1-natl,ncaa,134,94,213,112,221,254,233,283,148,254,288,130,150,156,147,97,284,282,229,277,190,284,287,125,144,199,138,108,259,134,50,260,184,217,87,179,111,199,267,203,150,99,263,236,,,36,111,,,110,324,319,24,233,208,263,243,274,123,123,279,267,262,277,254,98,222,161,151,248,126,253,,76,,,108,9,20,41,71,44,42,153,40,119,12,236,27,23,253,30,112,24,34,63,58,47,96,139,139,97,184,21,50,25,87,54,174,178,106,91,191,256,70,153,,,304,272,,,110,25,153,65,102,39,48,71,77,55,63,154,54,46,54,50,56,144,51,66,92,139,226,93,,293,,,b'\x11\xe8\xe1I\xcbiK\xce\xaf\x82\x12\xdf\x17\xaeN\x1e'
11E8E149-CB69-4BCE-AF82-12DF17AE4E1E,2019-ncaa-d0-natl,ncaa,63,34,173,48,227,190,145,194,108,209,260,92,77,95,75,55,337,341,223,342,332,246,264,73,108,110,129,39,346,56,13,242,112,157,25,50,9,96,160,44,145,75,109,64,,,23,63,,,72,312,335,266,171,124,169,209,270,63,71,343,343,343,250,278,38,248,119,23,120,134,95,,26,,,64,20,46,48,138,79,74,170,48,70,65,173,27,24,164,24,57,26,39,121,103,80,74,130,84,46,112,13,13,10,25,32,73,199,88,64,204,246,81,129,,,324,320,,,72,46,67,71,49,25,46,36,87,62,57,77,34,32,28,14,13,62,15,16,38,181,213,87,,339,,,b'\x11\xe8\xe1I\xcbiK\xce\xaf\x82\x12\xdf\x17\xaeN\x1e'
11E8E149-CB69-4BCE-AF82-12DF17AE4E1E,2019-ncaa-d1-conf-America East,ncaa,3,3,3,3,4,3,3,3,4,4,5,4,2,2,2,3,8,8,6,8,9,3,3,2,2,3,4,2,9,1,1,5,2,1,1,2,2,2,3,2,4,3,2,2,,,3,3,,,3,5,7,5,3,3,3,5,5,2,2,8,8,8,4,3,1,5,1,2,3,4,2,,2,,,3,5,7,4,6,7,4,6,5,5,5,6,4,3,5,3,5,4,4,6,6,6,4,6,5,1,2,2,1,1,1,4,3,6,6,4,5,3,4,4,,,6,9,,,3,5,2,3,3,3,4,4,5,3,4,5,4,4,4,4,1,2,1,1,4,7,3,3,,8,,,b'\x11\xe8\xe1I\xcbiK\xce\xaf\x82\x12\xdf\x17\xaeN\x1e'
11E8E149-CB69-4BCE-AF82-12DF17AE4E1E,2019-ncaa-d1-natl,ncaa,61,34,155,46,218,188,140,185,107,208,268,80,74,87,76,54,337,344,218,342,335,247,262,70,103,113,122,41,345,54,11,235,116,147,23,48,7,104,163,42,158,86,108,73,,,17,58,,,69,324,333,272,163,115,167,206,273,62,69,345,345,343,245,278,38,243,117,22,120,152,99,,25,,,64,16,56,43,136,92,79,185,39,74,39,180,27,22,182,21,53,17,28,118,103,85,60,117,84,46,116,7,11,7,23,27,71,203,92,74,217,246,80,134,,,325,319,,,69,32,68,79,49,23,59,40,100,67,50,80,31,29,28,16,15,60,15,17,41,193,218,87,,336,,,b'\x11\xe8\xe1I\xcbiK\xce\xaf\x82\x12\xdf\x17\xaeN\x1e'
11E8E149-CB69-4BCE-AF82-12DF17AE4E1E,2020-ncaa-d0-natl,ncaa,11,6,87,8,88,154,123,107,167,88,63,203,219,226,155,249,224,219,196,218,288,121,171,193,210,163,271,228,248,18,8,151,21,48,10,140,191,71,62,96,133,95,82,59,,,43,69,,,37,259,332,8,180,138,110,101,65,218,235,239,232,233,124,202,22,173,42,154,62,150,87,,28,,,40,24,25,68,30,22,83,26,104,105,128,202,83,49,340,47,92,48,56,37,46,31,250,228,223,19,21,48,8,22,10,43,159,154,86,60,159,147,89,46,,,201,208,,,37,93,81,18,33,11,11,26,15,49,98,94,84,44,44,14,12,11,32,10,39,177,148,80,,218,,,b'\x11\xe8\xe1I\xcbiK\xce\xaf\x82\x12\xdf\x17\xaeN\x1e'
11E8E149-CB69-4BCE-AF82-12DF17AE4E1E,2020-ncaa-d1-conf-America East,ncaa,1,1,1,1,1,2,2,1,2,1,1,3,5,5,5,7,3,2,5,2,5,1,2,2,3,2,7,7,6,1,1,3,1,1,1,2,6,3,2,2,4,3,2,1,,,3,3,,,1,4,6,1,2,2,1,1,3,5,6,3,3,3,1,3,1,5,1,3,2,4,2,,2,,,1,2,2,3,2,1,2,1,8,8,6,9,5,5,8,4,5,2,6,3,4,1,9,9,6,1,1,2,1,1,1,4,8,4,3,3,5,4,4,2,,,3,3,,,1,6,2,1,1,1,1,2,1,1,8,6,5,4,3,2,2,1,1,1,2,4,5,4,,4,,,b'\x11\xe8\xe1I\xcbiK\xce\xaf\x82\x12\xdf\x17\xaeN\x1e'
11E8E149-CB69-4BCE-AF82-12DF17AE4E1E,2020-ncaa-d1-natl,ncaa,6,6,45,8,49,150,117,78,178,97,63,219,191,205,142,237,217,219,183,220,284,94,142,200,216,167,250,203,243,16,14,136,27,43,12,131,184,71,66,97,138,101,82,64,,,52,73,,,40,252,331,12,188,156,121,119,80,211,222,238,240,237,139,214,24,172,53,158,63,156,96,,30,,,42,28,24,74,28,22,105,19,106,113,133,196,104,62,341,60,98,57,63,34,40,33,255,228,228,19,27,63,14,28,12,48,160,161,99,60,170,151,107,59,,,196,206,,,40,102,87,20,38,11,11,28,13,54,100,89,90,48,48,14,14,12,39,13,39,179,143,90,,223,,,b'\x11\xe8\xe1I\xcbiK\xce\xaf\x82\x12\xdf\x17\xaeN\x1e'
11E8E149-CB69-4BCE-AF82-12DF17AE4E1E,2021-ncaa-d0-natl,ncaa,71,43,191,51,206,223,215,238,140,176,195,112,288,268,311,269,197,194,198,192,170,237,233,201,191,210,299,305,111,144,48,201,29,179,25,181,105,161,246,182,143,63,113,67,,,85,131,,,64,247,324,224,268,233,305,130,177,315,295,187,187,182,288,291,105,182,133,172,202,111,110,,48,,,57,59,60,74,32,60,97,26,87,79,146,144,63,65,141,66,110,76,90,37,32,13,222,212,174,54,29,71,48,65,25,71,221,128,22,32,204,271,82,72,,,175,45,,,64,106,183,9,50,4,4,8,11,36,67,59,40,48,47,3,12,14,25,12,43,68,242,66,,115,,,b'\x11\xe8\xe1I\xcbiK\xce\xaf\x82\x12\xdf\x17\xaeN\x1e'
11E8E149-CB69-4BCE-AF82-12DF17AE4E1E,2021-ncaa-d1-conf-America East,ncaa,2,2,3,2,3,3,3,4,2,2,2,2,5,5,7,7,3,3,4,3,5,4,4,3,2,3,8,8,5,2,1,3,1,2,1,2,4,7,4,3,3,2,2,2,,,6,2,,,2,4,9,1,3,3,8,2,4,8,7,5,5,5,6,8,2,5,2,3,3,4,3,,1,,,2,5,5,6,2,4,4,3,8,7,7,8,4,5,9,5,4,5,6,5,6,3,10,10,4,3,1,5,1,5,1,6,6,3,1,3,7,7,7,3,,,2,1,,,2,7,2,1,2,1,1,1,1,1,7,5,1,1,1,1,2,1,1,1,2,3,5,2,,3,,,b'\x11\xe8\xe1I\xcbiK\xce\xaf\x82\x12\xdf\x17\xaeN\x1e'
11E8E149-CB69-4BCE-AF82-12DF17AE4E1E,2021-ncaa-d1-natl,ncaa,74,43,206,52,222,232,228,252,144,188,216,118,294,274,312,269,208,206,197,204,170,248,248,206,196,214,300,302,105,166,51,222,32,202,25,199,106,149,251,185,155,66,120,71,,,77,131,,,68,256,325,225,273,244,307,137,181,316,295,189,189,182,290,294,109,191,144,180,202,113,111,,50,,,61,55,56,67,32,52,84,27,83,72,151,141,58,58,145,58,112,66,80,38,32,14,222,209,173,50,32,66,51,58,25,70,222,143,22,37,196,274,73,75,,,187,46,,,68,96,189,9,54,4,4,8,11,37,67,57,40,49,48,3,12,14,26,11,47,69,247,66,,116,,,b'\x11\xe8\xe1I\xcbiK\xce\xaf\x82\x12\xdf\x17\xaeN\x1e'
11E8E149-CB69-4BCE-AF82-12DF17AE4E1E,2021-ncaa-d1-ncaatournament,ncaa,33,2,33,33,34,61,61,61,58,52,47,54,62,63,56,60,35,44,5,40,16,62,47,59,57,60,35,58,2,45,22,51,3,51,16,58,24,35,64,64,46,34,48,51,,,4,14,,,59,43,23,7,61,61,61,51,38,60,63,10,27,20,61,30,30,49,47,56,64,34,44,,8,,,60,17,26,7,62,25,20,53,21,4,64,12,1,5,1,5,8,6,7,62,59,58,16,40,1,2,3,3,22,3,16,28,38,45,23,47,45,64,26,49,,,35,8,,,59,13,61,50,59,47,57,16,53,45,44,6,2,9,10,12,14,2,9,3,57,26,64,48,,4,,,b'\x11\xe8\xe1I\xcbiK\xce\xaf\x82\x12\xdf\x17\xaeN\x1e'
11E8E149-CB69-4BCE-AF82-12DF17AE4E1E,2022-ncaa-d0-natl,ncaa,43,12,163,22,202,127,139,159,100,107,128,114,209,229,189,240,94,128,50,123,165,154,171,129,103,103,242,257,98,113,70,113,92,100,49,162,204,119,116,127,199,188,166,127,,,41,43,,,36,189,193,275,105,103,145,74,112,217,227,74,124,119,131,156,102,74,57,154,127,200,160,,37,,,30,47,58,154,29,59,102,88,148,274,15,326,34,31,125,26,63,127,142,32,20,19,194,267,71,124,92,103,70,95,49,80,173,147,109,78,90,84,202,163,,,104,61,,,36,150,83,22,36,27,54,141,44,66,155,296,32,29,29,101,118,144,66,87,88,134,95,207,,64,,,b'\x11\xe8\xe1I\xcbiK\xce\xaf\x82\x12\xdf\x17\xaeN\x1e'
11E8E149-CB69-4BCE-AF82-12DF17AE4E1E,2022-ncaa-d1-conf-America East,ncaa,3,1,7,2,7,3,3,4,3,3,3,2,6,5,7,8,1,1,1,1,1,3,4,4,2,2,7,9,2,1,2,5,3,2,2,4,6,1,1,3,4,6,4,4,,,2,1,,,1,7,1,5,1,1,1,1,1,5,3,1,1,1,1,1,1,2,1,3,3,6,4,,2,,,1,1,2,4,2,2,3,4,7,9,3,9,2,3,4,3,3,4,4,3,2,2,9,9,4,6,3,5,2,5,2,2,6,4,6,4,3,2,5,4,,,1,3,,,1,4,1,3,1,4,4,8,4,4,7,9,3,3,3,8,8,6,7,5,6,3,3,7,,1,,,b'\x11\xe8\xe1I\xcbiK\xce\xaf\x82\x12\xdf\x17\xaeN\x1e'
11E8E149-CB69-4BCE-AF82-12DF17AE4E1E,2022-ncaa-d1-natl,ncaa,48,12,213,22,251,169,174,202,109,134,157,122,226,248,194,242,111,154,49,147,166,196,224,139,108,110,238,256,91,136,76,142,98,138,58,194,211,93,123,140,226,200,177,133,,,28,48,,,45,243,197,275,112,122,157,84,114,224,232,79,125,118,145,164,105,77,64,168,130,210,168,,38,,,33,30,49,120,33,47,69,97,128,259,16,326,27,24,133,23,65,86,93,35,29,27,193,266,71,100,98,59,76,64,58,58,176,186,124,91,73,92,185,176,,,123,53,,,45,97,91,31,42,32,58,146,52,68,156,297,32,29,29,105,113,143,71,92,94,150,94,217,,60,,,b'\x11\xe8\xe1I\xcbiK\xce\xaf\x82\x12\xdf\x17\xaeN\x1e'
11E8E149-CB69-4BCE-AF82-12DF17AE4E1E,2023-ncaa-d0-natl,ncaa,120,117,116,120,156,111,109,97,176,127,130,176,112,93,168,124,184,191,107,188,243,107,117,165,169,139,163,134,244,81,84,194,220,130,173,211,327,102,83,174,164,168,238,269,,,18,7,,,139,135,166,291,121,102,59,133,148,112,101,198,207,207,88,122,66,252,152,246,96,176,252,,9,,,140,231,292,238,274,285,238,253,247,207,272,201,33,31,166,27,24,193,215,277,244,209,62,224,12,206,220,208,84,208,173,257,173,126,131,208,120,94,240,212,,,216,289,,,139,220,109,213,146,208,276,229,269,229,234,186,25,28,26,148,168,189,190,187,243,143,112,237,,241,,,b'\x11\xe8\xe1I\xcbiK\xce\xaf\x82\x12\xdf\x17\xaeN\x1e'
11E8E149-CB69-4BCE-AF82-12DF17AE4E1E,2023-ncaa-d1-conf-CAA,ncaa,6,6,4,6,7,4,3,3,5,6,6,5,3,3,7,3,4,7,3,7,6,3,5,4,4,3,5,4,8,4,9,7,4,6,7,8,11,4,4,3,5,6,9,10,,,1,1,,,4,6,5,9,2,3,3,5,9,3,4,4,6,6,4,6,5,8,7,7,4,7,10,,1,,,4,8,12,8,12,11,7,11,8,10,6,9,2,1,13,1,2,7,6,11,9,12,3,6,1,2,4,10,9,7,7,10,5,6,7,10,5,4,9,10,,,7,8,,,4,7,2,9,4,8,12,7,11,8,6,8,2,1,1,5,5,2,10,7,9,7,5,11,,8,,,b'\x11\xe8\xe1I\xcbiK\xce\xaf\x82\x12\xdf\x17\xaeN\x1e'
11E8E149-CB69-4BCE-AF82-12DF17AE4E1E,2023-ncaa-d1-natl,ncaa,136,117,151,130,205,137,135,117,190,159,163,184,127,113,168,125,203,210,107,208,245,134,152,172,176,146,162,136,236,96,90,235,232,168,181,246,330,72,86,187,197,185,254,278,,,15,7,,,161,190,171,291,128,110,62,148,151,118,106,197,212,212,93,129,73,265,170,263,98,190,256,,9,,,159,197,276,205,288,271,209,268,234,179,285,199,23,26,164,23,24,149,161,289,255,236,61,225,12,183,232,173,90,176,181,245,178,159,143,222,103,100,232,221,,,245,284,,,161,159,119,242,165,221,293,233,280,230,238,186,25,29,26,157,167,193,198,197,254,152,114,243,,238,,,b'\x11\xe8\xe1I\xcbiK\xce\xaf\x82\x12\xdf\x17\xaeN\x1e'
11E8E149-CB69-4BCE-AF82-12DF17AE4E1E,2024-ncaa-d0-natl,ncaa,16,7,52,9,60,52,60,62,76,69,104,77,59,65,85,123,58,83,45,85,138,63,53,75,65,74,130,131,168,89,111,14,64,18,34,72,147,277,158,115,110,177,85,150,,,114,27,,,14,53,72,127,51,58,74,85,163,72,92,81,128,130,81,84,134,10,14,71,189,149,111,,54,,,15,112,158,327,4,204,319,11,112,279,3,192,38,74,26,79,22,311,315,3,2,2,60,138,52,280,64,223,111,263,34,124,121,70,145,61,163,81,108,63,,,74,180,,,14,313,69,3,14,27,68,307,114,302,61,222,18,39,40,264,286,230,119,154,72,105,109,76,,125,,,b'\x11\xe8\xe1I\xcbiK\xce\xaf\x82\x12\xdf\x17\xaeN\x1e'
11E8E149-CB69-4BCE-AF82-12DF17AE4E1E,2024-ncaa-d1-conf-CAA,ncaa,1,1,3,1,5,1,2,4,1,2,9,3,2,2,3,4,2,3,2,3,2,3,3,1,1,2,3,5,6,6,3,1,3,1,1,2,5,13,8,5,7,8,4,8,,,5,2,,,1,1,5,4,2,2,4,3,10,2,2,4,4,4,5,4,6,1,1,2,11,7,5,,5,,,1,5,5,13,1,7,11,2,5,12,1,10,5,5,2,5,3,14,14,1,1,1,6,8,7,10,3,4,3,6,1,5,5,7,9,2,9,5,4,1,,,3,4,,,1,14,2,1,1,3,3,13,3,11,5,9,5,6,6,12,10,8,6,4,4,7,7,1,,3,,,b'\x11\xe8\xe1I\xcbiK\xce\xaf\x82\x12\xdf\x17\xaeN\x1e'
11E8E149-CB69-4BCE-AF82-12DF17AE4E1E,2024-ncaa-d1-natl,ncaa,18,7,78,10,89,66,78,79,84,87,133,87,70,75,88,123,72,101,46,102,140,80,71,83,69,83,126,130,163,119,124,14,70,21,39,86,153,248,165,122,138,196,95,152,,,87,28,,,17,69,74,119,57,65,82,99,175,80,97,81,137,139,89,89,146,11,15,86,195,162,114,,54,,,19,82,136,317,5,177,308,11,97,259,4,199,31,58,26,61,21,293,303,3,2,3,59,135,55,271,70,188,124,229,39,107,127,92,159,82,144,83,95,78,,,90,173,,,17,299,82,3,16,33,75,309,129,306,65,227,20,40,41,270,286,237,132,166,80,118,111,80,,124,,,b'\x11\xe8\xe1I\xcbiK\xce\xaf\x82\x12\xdf\x17\xaeN\x1e'
11E8E149-CB69-4BCE-AF82-12DF17AE4E1E,2025-ncaa-d0-natl,genius_ncaa,246,227,248,252,258,296,291,290,264,241,210,249,320,304,326,280,196,187,209,180,141,272,303,295,291,259,274,307,62,190,149,213,218,210,182,351,356,57,135,310,344,334,289,306,,,21,47,,93,217,324,328,88,290,287,270,217,156,318,296,147,137,126,250,286,157,136,140,357,96,344,283,,41,,124,216,54,144,142,189,251,208,265,21,71,5,105,11,29,5,27,30,92,46,127,82,183,2,29,21,193,218,116,149,143,182,109,116,354,343,326,39,113,53,84,,,252,135,,265,217,32,238,220,229,112,231,231,313,289,34,106,25,55,51,179,66,253,184,224,169,350,83,90,,209,,250,b'\x11\xe8\xe1I\xcbiK\xce\xaf\x82\x12\xdf\x17\xaeN\x1e'
11E8E149-CB69-4BCE-AF82-12DF17AE4E1E,2025-ncaa-d1-conf-CAA,genius_ncaa,12,12,9,12,10,10,11,13,9,11,11,9,12,13,9,13,2,2,3,2,2,12,13,9,9,8,4,12,1,11,9,9,4,10,7,14,14,2,3,10,12,12,13,13,,,5,8,,6,11,13,12,3,8,10,12,11,11,11,13,2,2,2,9,12,10,9,8,14,3,12,13,,8,,7,11,7,9,5,13,10,7,14,3,3,8,3,5,6,1,6,6,5,1,12,12,13,1,3,4,3,4,6,9,2,7,9,3,13,12,13,2,4,1,2,,,4,2,,10,11,2,6,12,10,9,11,7,13,11,4,5,5,7,7,7,2,5,9,5,11,12,3,1,,3,,9,b'\x11\xe8\xe1I\xcbiK\xce\xaf\x82\x12\xdf\x17\xaeN\x1e'
11E8E149-CB69-4BCE-AF82-12DF17AE4E1E,2025-ncaa-d1-natl,genius_ncaa,246,226,244,249,259,303,300,290,271,241,206,259,325,304,328,280,194,188,214,181,150,273,302,309,300,266,277,308,63,175,146,185,179,191,158,351,356,65,136,313,345,339,300,313,,,18,46,,108,228,332,330,81,302,297,270,220,152,322,299,154,150,136,253,288,146,119,117,357,98,345,289,,39,,137,228,55,146,136,190,255,205,261,19,76,3,106,12,24,6,24,26,90,34,123,74,170,2,32,21,172,179,114,146,135,158,102,104,352,335,318,48,113,82,99,,,242,135,,256,228,25,242,198,238,98,222,222,306,282,29,106,21,44,44,164,58,228,179,202,158,350,86,108,,206,,245,b'\x11\xe8\xe1I\xcbiK\xce\xaf\x82\x12\xdf\x17\xaeN\x1e'
11E8E149-CB69-4BCE-AF82-12DF17AE4E1E,2026-ncaa-d0-natl,genius_ncaa,295,329,116,321,142,269,279,211,348,264,183,345,274,227,318,227,194,183,219,179,196,203,193,347,343,334,155,213,67,131,163,212,169,182,199,265,181,283,296,315,240,258,216,240,,,160,177,,59,300,203,316,97,350,351,308,338,225,309,267,243,231,228,314,278,146,285,236,327,266,284,250,,110,,48,286,187,205,164,236,199,175,221,196,170,241,177,134,123,259,114,94,154,155,235,235,222,141,190,111,125,169,227,163,203,199,243,241,177,152,217,221,228,354,348,,,168,172,,87,300,162,333,200,291,137,169,90,171,122,156,111,99,82,73,58,36,85,208,155,213,202,198,352,,226,,99,b'\x11\xe8\xe1I\xcbiK\xce\xaf\x82\x12\xdf\x17\xaeN\x1e'
11E8E149-CB69-4BCE-AF82-12DF17AE4E1E,2026-ncaa-d1-natl,genius_ncaa,256,327,13,300,35,185,169,85,307,156,68,311,184,154,238,227,192,178,226,179,300,101,76,310,317,303,210,183,207,51,131,153,176,100,183,189,211,320,256,266,106,146,237,289,,,217,129,,69,262,91,320,100,313,299,256,275,177,257,262,296,288,292,288,265,118,313,245,287,223,180,303,,90,,44,254,275,303,249,267,304,270,253,249,222,239,167,151,133,252,130,72,236,268,266,254,207,97,176,84,201,176,306,131,282,183,298,228,68,93,181,253,181,358,349,,,130,244,,76,262,273,278,188,259,117,174,49,185,109,133,89,75,53,49,34,36,78,178,130,209,156,155,352,,267,,130,b'\x11\xe8\xe1I\xcbiK\xce\xaf\x82\x12\xdf\x17\xaeN\x1e'
11E8E149-CB6D-9210-AF82-12DF17AE4E1E,2010-ncaa-d0-natl,ncaa,30,62,6,52,7,15,19,13,79,20,17,74,114,100,187,244,7,4,191,4,48,9,4,105,98,99,216,260,62,1,2,7,123,3,7,26,167,331,142,128,49,148,40,50,,,210,20,,,22,12,109,90,38,56,66,40,65,192,197,15,13,13,36,26,5,24,4,75,212,127,67,,49,,,29,311,270,338,13,147,263,30,343,345,44,340,225,193,296,185,138,338,338,24,22,24,333,335,131,338,123,221,2,311,7,341,343,21,121,215,309,138,289,146,,,6,142,,,22,336,37,37,29,81,58,266,19,43,312,342,100,75,70,221,257,255,33,83,295,95,211,189,,54,,,b'\x11\xe8\xe1I\xcbm\x92\x10\xaf\x82\x12\xdf\x17\xaeN\x1e'
11E8E149-CB6D-9210-AF82-12DF17AE4E1E,2010-ncaa-d1-conf-AAC,ncaa,8,8,1,8,1,3,3,1,6,3,2,5,4,3,14,12,1,1,12,1,1,1,1,7,5,4,6,12,1,1,1,2,14,2,2,4,12,15,7,9,7,8,6,6,,,14,5,,,5,1,2,3,3,4,1,4,3,8,5,1,1,1,1,1,1,2,2,6,12,7,6,,10,,,5,16,10,16,4,8,13,4,16,16,6,15,16,14,16,14,13,16,16,5,6,6,15,16,13,16,14,9,1,16,2,16,16,3,8,11,15,10,11,7,,,1,6,,,5,16,3,8,6,12,9,16,5,5,16,16,15,13,13,16,16,16,6,13,15,5,14,9,,2,,,b'\x11\xe8\xe1I\xcbm\x92\x10\xaf\x82\x12\xdf\x17\xaeN\x1e'
11E8E149-CB6D-9210-AF82-12DF17AE4E1E,2010-ncaa-d1-natl,ncaa,32,62,6,55,7,15,20,14,83,21,17,81,120,106,189,245,7,4,189,4,47,10,5,107,100,103,216,260,61,1,2,7,126,3,7,31,169,325,141,131,52,158,41,51,,,195,20,,,22,12,110,91,39,58,68,41,67,194,199,15,13,13,36,28,6,25,4,78,215,131,68,,49,,,29,306,266,336,15,132,258,31,343,345,47,339,214,185,296,175,140,338,338,28,25,27,333,336,129,335,126,204,2,307,7,341,343,21,126,221,305,142,286,152,,,6,141,,,22,336,39,39,29,85,59,268,19,43,313,343,106,74,69,225,256,257,33,82,296,100,213,192,,55,,,b'\x11\xe8\xe1I\xcbm\x92\x10\xaf\x82\x12\xdf\x17\xaeN\x1e'
11E8E149-CB6D-9210-AF82-12DF17AE4E1E,2011-ncaa-d0-natl,ncaa,24,47,15,44,19,27,40,43,99,42,59,67,115,83,228,189,3,5,83,5,10,27,20,109,73,82,143,241,22,2,1,13,44,7,2,42,114,321,169,135,70,127,22,15,,,137,42,,,18,42,227,236,50,100,153,95,167,182,154,8,9,7,79,78,2,41,4,85,216,146,42,,31,,,20,204,180,305,16,45,168,16,339,338,170,338,103,102,167,109,123,296,297,42,32,37,340,341,84,232,44,40,1,93,2,338,343,56,126,254,304,182,122,57,,,13,82,,,18,300,29,34,19,45,37,145,4,19,324,333,39,33,35,92,95,97,4,5,286,155,210,62,,38,,,b'\x11\xe8\xe1I\xcbm\x92\x10\xaf\x82\x12\xdf\x17\xaeN\x1e'
11E8E149-CB6D-9210-AF82-12DF17AE4E1E,2011-ncaa-d1-conf-AAC,ncaa,7,7,4,7,9,6,11,7,10,8,10,11,9,9,14,10,2,2,7,2,1,5,4,11,8,9,5,12,1,1,1,4,5,3,2,10,11,15,15,14,10,12,6,5,,,7,5,,,8,7,5,8,5,12,9,9,10,10,8,2,2,2,5,2,1,4,1,10,16,11,6,,7,,,8,8,7,11,5,4,7,4,16,14,15,13,7,7,5,7,8,13,10,7,6,9,14,15,7,10,5,1,1,1,2,16,16,8,10,14,14,14,5,6,,,3,4,,,8,10,5,9,8,11,9,11,5,5,16,16,8,8,8,15,12,11,3,3,15,9,15,6,,2,,,b'\x11\xe8\xe1I\xcbm\x92\x10\xaf\x82\x12\xdf\x17\xaeN\x1e'
11E8E149-CB6D-9210-AF82-12DF17AE4E1E,2011-ncaa-d1-natl,ncaa,25,46,16,45,22,29,44,49,102,44,64,68,126,90,227,184,3,5,83,5,10,28,21,116,78,86,142,239,23,2,1,13,43,7,2,46,120,315,172,139,83,133,26,16,,,121,40,,,18,49,227,238,52,107,153,101,169,183,156,8,10,9,85,80,2,43,4,92,218,153,43,,31,,,20,188,164,300,17,33,145,17,338,338,175,338,95,86,171,93,121,290,290,46,36,39,340,341,82,216,43,24,1,69,2,336,343,68,133,260,298,188,112,56,,,13,77,,,18,293,29,35,19,48,39,146,4,19,324,333,39,34,39,98,93,98,4,5,290,165,212,64,,41,,,b'\x11\xe8\xe1I\xcbm\x92\x10\xaf\x82\x12\xdf\x17\xaeN\x1e'
11E8E149-CB6D-9210-AF82-12DF17AE4E1E,2012-ncaa-d0-natl,ncaa,59,153,4,113,6,11,19,4,206,18,8,185,151,91,302,246,3,3,27,3,93,3,2,241,169,156,198,272,19,1,3,11,244,2,14,44,221,339,124,180,42,145,17,38,,,302,64,,,54,6,129,247,52,93,26,59,39,233,176,6,17,20,17,13,1,90,1,141,221,128,35,,115,,,66,339,326,341,46,289,333,39,337,338,202,287,306,296,270,297,130,341,340,73,78,99,304,305,158,342,244,280,3,335,14,338,316,30,187,232,329,141,327,167,,,4,178,,,54,338,54,149,69,176,151,269,82,182,286,300,163,134,136,253,248,296,31,137,258,156,211,252,,56,,,b'\x11\xe8\xe1I\xcbm\x92\x10\xaf\x82\x12\xdf\x17\xaeN\x1e'
11E8E149-CB6D-9210-AF82-12DF17AE4E1E,2012-ncaa-d1-conf-AAC,ncaa,10,10,4,10,9,5,5,3,10,4,3,10,13,13,15,12,3,4,2,4,5,3,3,11,9,9,12,13,2,1,1,11,16,4,4,7,9,14,12,11,5,11,3,4,,,9,9,,,10,5,4,10,5,5,3,4,3,13,12,2,4,4,3,1,1,12,2,8,14,6,3,,9,,,10,14,14,13,9,10,11,8,16,14,12,13,10,12,13,12,9,13,13,10,11,11,14,13,9,16,16,1,1,11,4,14,12,7,11,12,14,14,13,10,,,5,9,,,10,11,5,13,10,14,14,15,8,13,15,14,10,10,10,15,15,16,3,9,13,8,15,13,,4,,,b'\x11\xe8\xe1I\xcbm\x92\x10\xaf\x82\x12\xdf\x17\xaeN\x1e'
11E8E149-CB6D-9210-AF82-12DF17AE4E1E,2012-ncaa-d1-natl,ncaa,68,153,4,115,6,12,20,4,214,19,8,189,159,95,304,246,3,3,27,3,92,4,3,244,177,160,192,270,17,1,3,12,246,2,14,49,226,338,125,188,46,150,18,39,,,297,68,,,59,6,131,247,59,100,28,62,39,234,176,5,17,20,17,14,1,91,2,153,222,137,40,,115,,,70,337,321,340,49,275,332,42,335,336,206,286,301,293,273,294,134,340,340,78,81,107,303,302,155,341,246,271,3,334,14,337,316,35,194,241,326,143,326,175,,,4,177,,,59,338,56,158,71,180,154,272,87,184,291,299,168,137,139,254,247,299,31,140,264,163,209,257,,53,,,b'\x11\xe8\xe1I\xcbm\x92\x10\xaf\x82\x12\xdf\x17\xaeN\x1e'
11E8E149-CB6D-9210-AF82-12DF17AE4E1E,2013-ncaa-d0-natl,ncaa,42,28,80,37,82,33,51,41,101,62,102,64,60,43,201,84,27,32,103,31,47,36,38,97,81,66,103,135,111,9,9,74,221,25,43,43,92,176,69,53,13,7,16,6,,,36,10,,,19,72,115,35,18,37,25,72,138,67,42,25,35,35,15,20,6,82,11,35,137,7,15,,22,,,15,121,123,282,15,59,134,39,304,336,41,334,52,34,332,35,49,246,289,33,26,14,301,320,78,306,221,145,9,246,43,288,340,21,41,110,192,102,159,121,,,77,219,,,19,273,29,22,19,69,81,256,33,67,289,335,44,27,27,182,277,287,92,189,261,24,156,136,,94,,,b'\x11\xe8\xe1I\xcbm\x92\x10\xaf\x82\x12\xdf\x17\xaeN\x1e'
11E8E149-CB6D-9210-AF82-12DF17AE4E1E,2013-ncaa-d1-conf-AAC,ncaa,3,3,4,3,5,4,5,4,9,5,8,7,5,4,9,6,2,2,9,2,1,3,3,7,7,6,4,6,3,2,4,4,8,3,5,6,8,4,4,6,2,1,3,2,,,2,3,,,3,6,5,4,3,4,5,4,7,5,4,2,2,2,2,2,1,4,3,5,5,1,3,,4,,,3,6,7,12,2,4,6,6,13,14,3,14,7,5,14,5,7,12,11,4,4,4,13,14,9,13,8,7,4,11,5,12,14,4,4,8,7,6,6,5,,,4,6,,,3,10,3,6,3,8,7,14,5,6,14,14,7,5,5,12,13,13,8,10,12,3,8,6,,2,,,b'\x11\xe8\xe1I\xcbm\x92\x10\xaf\x82\x12\xdf\x17\xaeN\x1e'
11E8E149-CB6D-9210-AF82-12DF17AE4E1E,2013-ncaa-d1-natl,ncaa,42,28,90,37,94,39,59,49,108,70,115,65,65,46,204,84,31,36,104,34,48,39,45,99,82,69,101,133,106,9,9,82,223,27,48,51,94,159,71,54,13,8,17,6,,,28,10,,,21,78,117,34,18,39,25,76,143,66,43,27,35,35,15,23,6,84,11,39,140,7,15,,23,,,17,103,109,270,18,50,107,41,300,334,41,334,52,32,333,33,50,232,281,34,28,16,301,319,78,299,223,130,9,229,48,280,339,28,43,120,182,103,155,127,,,84,213,,,21,264,29,25,19,74,82,256,35,69,288,335,45,27,27,184,278,289,94,194,263,28,158,141,,94,,,b'\x11\xe8\xe1I\xcbm\x92\x10\xaf\x82\x12\xdf\x17\xaeN\x1e'
11E8E149-CB6D-9210-AF82-12DF17AE4E1E,2013-ncaa-d1-ncaatournament,ncaa,33,2,33,33,35,42,50,52,51,41,51,39,56,50,61,30,32,32,21,32,8,48,51,54,44,44,26,53,3,41,24,55,56,49,47,41,10,7,14,21,28,3,43,13,,,7,19,,,28,58,53,7,38,49,41,37,42,51,27,7,10,13,33,41,20,55,43,32,9,6,42,,16,,,30,6,2,10,13,1,1,41,39,44,28,64,11,5,60,5,53,5,12,34,37,19,64,64,24,24,56,9,24,16,47,20,64,34,5,30,4,5,1,4,,,39,12,,,28,5,34,30,34,16,4,13,1,1,63,64,19,11,9,6,19,45,39,40,51,9,5,3,,16,,,b'\x11\xe8\xe1I\xcbm\x92\x10\xaf\x82\x12\xdf\x17\xaeN\x1e'
11E8E149-CB6D-9210-AF82-12DF17AE4E1E,2014-ncaa-d0-natl,ncaa,47,57,53,57,81,57,62,33,217,118,131,163,39,22,187,62,110,141,66,147,202,36,48,166,162,107,67,66,238,15,22,134,295,52,118,100,199,132,39,85,28,30,46,47,,,150,53,,,37,82,157,270,66,78,32,182,202,49,39,159,208,214,45,82,13,234,66,135,68,35,54,,81,,,40,179,198,263,102,163,197,114,257,285,110,274,113,130,62,129,121,247,293,111,82,39,221,261,107,326,295,228,22,287,118,299,324,26,34,106,203,117,196,169,,,182,333,,,37,272,49,60,39,78,104,159,91,95,212,251,74,93,87,127,228,294,134,215,262,40,150,148,,293,,,b'\x11\xe8\xe1I\xcbm\x92\x10\xaf\x82\x12\xdf\x17\xaeN\x1e'
11E8E149-CB6D-9210-AF82-12DF17AE4E1E,2014-ncaa-d1-conf-ACC,ncaa,6,5,4,6,8,9,9,8,14,12,12,13,1,1,9,2,11,12,6,13,7,8,9,11,10,10,2,2,10,5,9,11,12,8,10,7,7,5,4,5,3,1,3,2,,,2,3,,,7,9,11,9,10,10,6,13,13,2,1,12,13,13,8,10,5,11,9,9,5,2,3,,3,,,7,3,4,7,8,4,5,10,9,13,8,12,3,2,7,2,4,5,9,8,7,5,8,11,5,9,12,12,9,12,10,11,15,5,2,8,6,5,1,3,,,13,14,,,7,7,8,6,5,3,6,6,2,2,9,13,3,3,3,2,8,10,12,13,10,4,4,1,,14,,,b'\x11\xe8\xe1I\xcbm\x92\x10\xaf\x82\x12\xdf\x17\xaeN\x1e'
11E8E149-CB6D-9210-AF82-12DF17AE4E1E,2014-ncaa-d1-natl,ncaa,52,57,59,59,93,64,73,37,221,135,147,165,44,25,193,62,119,160,67,164,201,45,56,170,167,111,67,66,237,17,24,163,300,61,122,110,203,114,40,91,32,34,51,48,,,134,56,,,43,96,158,273,69,83,33,188,203,50,39,163,211,216,47,86,14,240,69,143,69,38,54,,82,,,44,160,177,243,104,150,179,121,251,280,110,273,104,125,66,123,120,226,284,119,87,43,221,263,105,321,300,207,24,274,122,295,325,30,41,111,195,121,186,170,,,208,332,,,43,259,54,66,42,82,108,162,96,94,216,254,76,92,87,127,225,296,137,221,267,44,151,153,,293,,,b'\x11\xe8\xe1I\xcbm\x92\x10\xaf\x82\x12\xdf\x17\xaeN\x1e'
11E8E149-CB6D-9210-AF82-12DF17AE4E1E,2014-ncaa-d1-ncaatournament,ncaa,17,2,17,17,17,31,32,24,53,29,26,39,42,15,62,27,20,19,21,18,7,21,20,55,47,51,25,53,5,15,2,23,35,18,6,47,61,39,42,62,41,59,27,38,,,41,51,,,21,28,48,3,46,52,38,42,39,51,22,11,11,9,25,19,4,15,4,62,41,59,37,,46,,,21,35,35,42,11,33,38,9,38,44,25,47,30,41,4,40,47,40,40,12,6,9,48,44,28,46,35,33,2,41,6,38,45,29,45,38,43,46,43,42,,,21,16,,,21,35,43,14,25,8,8,30,5,17,35,47,17,42,40,28,24,48,7,21,26,44,48,42,,15,,,b'\x11\xe8\xe1I\xcbm\x92\x10\xaf\x82\x12\xdf\x17\xaeN\x1e'
11E8E149-CB6D-9210-AF82-12DF17AE4E1E,2015-ncaa-d0-natl,ncaa,57,50,79,59,108,66,94,38,284,185,175,207,28,9,268,23,64,45,246,43,28,34,47,238,240,156,31,45,129,13,40,173,247,55,155,146,248,82,21,97,20,24,35,20,,,176,75,,,46,75,73,283,63,125,19,242,241,32,8,73,40,36,14,24,7,252,52,179,47,21,35,,113,,,44,175,153,196,123,90,131,115,295,284,256,282,175,163,196,167,201,193,284,172,165,60,303,300,160,245,247,319,40,314,155,314,345,18,19,89,24,8,288,288,,,58,180,,,46,280,84,60,45,116,97,97,43,57,273,252,128,120,123,83,258,204,293,282,293,15,21,276,,63,,,b'\x11\xe8\xe1I\xcbm\x92\x10\xaf\x82\x12\xdf\x17\xaeN\x1e'
11E8E149-CB6D-9210-AF82-12DF17AE4E1E,2015-ncaa-d1-conf-ACC,ncaa,5,4,10,5,15,9,10,6,13,11,12,11,3,1,13,2,6,7,10,7,1,5,7,12,12,10,3,3,4,3,5,14,12,10,8,12,12,3,2,7,1,1,8,6,,,3,4,,,6,11,4,12,7,10,2,11,11,3,1,4,4,2,2,3,3,14,6,10,4,1,8,,4,,,6,2,3,2,9,3,2,8,9,10,9,13,5,2,11,2,9,1,5,8,8,7,11,12,6,6,12,10,5,11,8,10,15,3,1,7,2,3,5,9,,,8,11,,,6,6,7,6,6,7,7,5,5,4,10,10,6,4,3,4,11,7,13,12,11,1,3,9,,7,,,b'\x11\xe8\xe1I\xcbm\x92\x10\xaf\x82\x12\xdf\x17\xaeN\x1e'
11E8E149-CB6D-9210-AF82-12DF17AE4E1E,2015-ncaa-d1-natl,ncaa,68,50,97,62,135,75,113,40,289,204,200,213,33,9,273,21,76,52,246,49,26,38,52,247,248,166,28,47,117,13,44,201,254,65,165,167,252,68,23,101,25,27,39,20,,,141,80,,,51,93,80,285,68,138,19,255,243,34,8,74,44,39,14,25,7,258,59,184,49,25,37,,114,,,50,144,126,166,141,71,106,125,289,268,263,279,157,141,201,144,201,156,266,184,174,66,302,300,164,226,254,314,44,306,165,307,345,23,21,100,19,8,283,297,,,72,174,,,51,261,90,68,52,119,106,98,50,56,273,255,133,122,124,85,251,211,295,284,296,18,22,275,,64,,,b'\x11\xe8\xe1I\xcbm\x92\x10\xaf\x82\x12\xdf\x17\xaeN\x1e'
11E8E149-CB6D-9210-AF82-12DF17AE4E1E,2015-ncaa-d1-ncaatournament,ncaa,17,2,17,17,17,24,26,21,43,27,24,42,18,12,37,23,24,21,52,20,16,21,23,41,43,35,22,25,23,19,30,27,29,21,33,27,51,32,9,24,25,43,22,22,,,46,49,,,54,24,18,4,23,29,14,38,26,16,16,20,15,15,11,17,10,34,21,42,10,35,21,,48,,,49,45,45,37,54,44,35,52,44,45,40,52,52,52,37,52,53,41,41,55,52,48,45,45,42,38,29,45,30,40,33,48,39,21,25,35,17,4,46,46,,,20,20,,,54,42,27,49,40,54,52,26,36,15,49,52,50,45,47,38,43,23,44,38,48,18,4,45,,15,,,b'\x11\xe8\xe1I\xcbm\x92\x10\xaf\x82\x12\xdf\x17\xaeN\x1e'
11E8E149-CB6D-9210-AF82-12DF17AE4E1E,2016-ncaa-d0-natl,ncaa,10,30,1,24,2,8,11,1,268,59,41,158,3,3,242,11,25,10,255,10,63,1,1,185,208,127,20,16,251,1,48,50,253,7,178,47,268,252,19,79,1,3,13,24,,,338,131,,,17,1,37,280,42,66,6,225,249,10,5,137,103,104,6,16,5,289,68,156,43,2,49,,185,,,23,332,323,323,170,313,292,227,288,327,78,260,295,320,64,321,242,338,349,181,159,19,201,197,191,338,253,349,48,349,178,345,335,1,1,30,258,30,318,256,,,6,230,,,17,349,67,19,23,84,91,53,89,36,152,198,134,166,169,53,286,185,324,301,260,2,74,222,,94,,,b'\x11\xe8\xe1I\xcbm\x92\x10\xaf\x82\x12\xdf\x17\xaeN\x1e'
11E8E149-CB6D-9210-AF82-12DF17AE4E1E,2016-ncaa-d1-conf-ACC,ncaa,3,3,1,3,2,2,2,1,11,6,8,9,1,1,12,1,6,3,11,3,3,1,1,9,10,6,1,1,11,1,5,11,11,2,11,7,14,2,1,4,1,1,3,2,,,14,5,,,4,1,2,7,3,4,1,8,10,1,1,8,7,7,1,1,1,12,5,9,2,1,3,,10,,,4,10,10,8,12,11,9,12,8,10,7,10,8,10,5,10,11,9,15,10,9,3,6,6,7,11,11,15,5,15,11,14,15,1,1,3,3,1,11,13,,,2,9,,,4,15,4,4,4,5,6,4,7,2,7,7,5,6,6,2,14,7,15,14,13,1,1,10,,4,,,b'\x11\xe8\xe1I\xcbm\x92\x10\xaf\x82\x12\xdf\x17\xaeN\x1e'
11E8E149-CB6D-9210-AF82-12DF17AE4E1E,2016-ncaa-d1-natl,ncaa,11,30,2,25,3,8,12,1,277,74,48,169,4,3,248,11,34,15,255,15,59,1,1,193,215,132,20,15,248,1,50,57,260,8,194,51,270,223,19,83,1,3,17,27,,,336,133,,,18,1,38,282,42,70,6,227,249,12,5,140,106,108,7,17,5,293,73,167,45,3,49,,187,,,24,328,316,318,178,301,278,232,276,321,82,255,286,312,67,312,246,332,349,191,173,21,197,194,187,337,260,349,50,349,194,342,335,1,1,37,235,31,313,266,,,6,227,,,18,349,71,22,25,92,96,54,99,38,152,195,140,170,171,51,286,189,327,306,266,2,74,229,,96,,,b'\x11\xe8\xe1I\xcbm\x92\x10\xaf\x82\x12\xdf\x17\xaeN\x1e'
11E8E149-CB6D-9210-AF82-12DF17AE4E1E,2016-ncaa-d1-ncaatournament,ncaa,2,2,1,2,1,2,2,1,29,2,2,24,2,1,36,10,2,1,42,1,14,1,1,28,28,17,16,16,30,1,15,4,47,1,27,6,57,62,14,25,1,14,5,24,,,64,22,,,5,1,25,1,11,14,12,26,37,12,5,20,19,19,9,17,8,43,20,48,16,11,28,,23,,,9,64,64,62,29,64,61,38,63,63,22,54,64,64,28,64,54,64,64,32,31,15,51,47,42,64,47,64,15,64,27,64,61,1,9,21,64,30,64,33,,,1,32,,,5,64,9,21,9,23,20,16,15,6,41,52,36,39,38,18,45,40,31,40,47,7,34,31,,23,,,b'\x11\xe8\xe1I\xcbm\x92\x10\xaf\x82\x12\xdf\x17\xaeN\x1e'
11E8E149-CB6D-9210-AF82-12DF17AE4E1E,2017-ncaa-d0-natl,ncaa,57,75,45,75,68,17,27,14,157,77,112,76,7,5,189,14,28,49,36,49,54,16,18,101,92,56,25,29,187,6,24,172,128,46,99,50,217,113,16,47,11,14,56,58,,,212,73,,,25,28,16,268,14,23,6,118,197,8,5,37,73,74,6,8,8,303,72,65,48,10,74,,126,,,25,315,303,226,324,254,200,291,315,240,344,228,243,222,254,224,213,231,313,331,328,186,257,274,144,110,128,318,24,272,99,345,343,3,9,112,157,41,250,210,,,27,183,,,25,322,21,131,27,239,227,78,180,63,283,185,179,159,162,71,272,49,234,160,329,5,92,209,,45,,,b'\x11\xe8\xe1I\xcbm\x92\x10\xaf\x82\x12\xdf\x17\xaeN\x1e'
11E8E149-CB6D-9210-AF82-12DF17AE4E1E,2017-ncaa-d1-conf-ACC,ncaa,5,6,5,6,7,3,6,1,12,10,10,10,1,1,12,1,1,2,1,2,2,1,2,9,8,6,1,2,2,2,4,8,3,2,4,6,8,3,1,4,2,1,4,3,,,4,4,,,5,5,2,6,3,6,1,12,11,1,1,1,2,2,1,2,2,9,3,7,2,1,4,,4,,,5,7,8,3,11,9,3,12,10,5,11,8,7,7,4,6,9,3,9,12,12,8,8,8,6,2,3,13,4,9,4,14,15,1,1,6,4,2,9,9,,,2,3,,,5,9,4,5,5,7,9,2,8,3,9,5,7,7,6,2,8,2,13,6,14,1,5,9,,2,,,b'\x11\xe8\xe1I\xcbm\x92\x10\xaf\x82\x12\xdf\x17\xaeN\x1e'
11E8E149-CB6D-9210-AF82-12DF17AE4E1E,2017-ncaa-d1-natl,ncaa,69,75,56,80,90,20,30,15,169,95,138,81,9,6,190,13,35,53,37,53,58,17,19,108,94,59,25,29,181,8,29,216,141,54,105,59,222,80,18,50,16,17,67,61,,,195,77,,,32,31,18,270,15,28,6,127,203,8,5,38,73,75,6,9,8,307,80,76,49,14,77,,123,,,31,310,291,191,329,237,158,300,308,228,346,224,230,209,256,212,211,197,305,334,335,191,257,273,143,82,141,304,29,250,105,343,344,4,10,128,134,44,242,218,,,35,181,,,32,320,22,140,34,245,237,79,184,66,286,182,181,158,161,72,265,52,235,162,330,6,91,210,,45,,,b'\x11\xe8\xe1I\xcbm\x92\x10\xaf\x82\x12\xdf\x17\xaeN\x1e'
11E8E149-CB6D-9210-AF82-12DF17AE4E1E,2017-ncaa-d1-ncaatournament,ncaa,17,2,17,17,18,21,20,19,25,31,27,42,11,13,4,12,29,29,22,28,46,23,27,15,15,9,8,5,55,19,32,29,28,28,32,24,44,32,17,18,13,8,35,42,,,38,29,,,35,28,36,6,15,17,24,46,40,1,11,39,50,50,28,38,23,39,36,29,13,9,46,,26,,,33,46,44,37,50,37,35,52,52,50,42,59,42,40,43,41,51,37,38,54,55,51,54,59,32,35,28,43,32,41,32,57,61,20,24,49,43,38,38,38,,,32,62,,,35,38,8,50,24,49,44,22,25,9,55,56,35,33,33,22,23,23,31,24,59,24,37,32,,61,,,b'\x11\xe8\xe1I\xcbm\x92\x10\xaf\x82\x12\xdf\x17\xaeN\x1e'
11E8E149-CB6D-9210-AF82-12DF17AE4E1E,2018-ncaa-d0-natl,ncaa,66,47,117,53,152,67,84,65,155,217,306,43,11,4,169,4,189,241,60,242,107,79,84,82,83,74,16,8,298,60,101,150,251,100,178,66,70,102,65,51,116,127,163,171,,,93,36,,,77,109,91,239,46,59,35,254,325,9,4,212,260,262,55,74,55,186,103,45,95,116,171,,80,,,69,225,236,226,211,221,194,224,245,252,196,242,116,182,26,182,163,225,252,222,186,139,175,228,83,264,251,239,101,263,178,282,272,77,109,179,163,116,39,130,,,190,256,,,77,242,52,162,72,195,222,218,202,161,242,242,118,168,164,196,261,260,227,251,273,80,155,41,,195,,,b'\x11\xe8\xe1I\xcbm\x92\x10\xaf\x82\x12\xdf\x17\xaeN\x1e'
11E8E149-CB6D-9210-AF82-12DF17AE4E1E,2018-ncaa-d1-conf-ACC,ncaa,8,6,11,8,15,6,8,10,6,14,14,3,1,1,7,1,9,11,1,11,2,10,10,5,5,4,1,1,12,8,8,11,12,12,11,5,4,2,7,3,7,8,14,13,,,5,7,,,6,11,6,15,4,5,5,14,14,1,1,8,9,10,5,6,6,10,12,3,7,6,13,,8,,,6,7,8,6,10,7,5,12,8,8,5,10,6,10,1,10,11,4,6,10,8,9,8,9,8,12,12,9,8,11,11,11,13,5,4,11,8,8,5,12,,,8,6,,,6,5,4,9,6,11,12,9,11,8,11,10,8,10,10,8,12,13,11,12,12,4,9,6,,5,,,b'\x11\xe8\xe1I\xcbm\x92\x10\xaf\x82\x12\xdf\x17\xaeN\x1e'
11E8E149-CB6D-9210-AF82-12DF17AE4E1E,2018-ncaa-d1-natl,ncaa,75,47,144,57,196,80,101,83,163,250,325,45,14,5,173,4,219,262,59,265,107,96,112,87,84,78,14,7,297,71,114,194,259,135,193,75,72,85,68,54,136,133,175,178,,,63,37,,,84,138,92,234,47,67,38,261,328,9,4,208,262,261,56,76,59,192,111,47,95,125,175,,80,,,77,197,219,197,227,195,156,237,228,229,207,234,99,163,30,164,165,189,218,234,193,158,171,227,83,252,259,214,114,246,193,272,274,99,117,192,146,122,30,142,,,219,256,,,84,210,52,181,76,205,234,219,214,168,242,239,119,169,168,202,258,265,233,258,280,86,159,42,,195,,,b'\x11\xe8\xe1I\xcbm\x92\x10\xaf\x82\x12\xdf\x17\xaeN\x1e'
11E8E149-CB6D-9210-AF82-12DF17AE4E1E,2018-ncaa-d1-ncaatournament,ncaa,33,2,33,33,34,53,47,42,53,62,60,57,25,27,30,2,61,60,62,60,57,49,42,45,52,54,3,1,61,39,37,47,46,45,47,46,31,24,52,51,53,54,35,26,,,6,21,,,54,47,25,7,52,46,22,62,59,2,2,61,60,60,41,25,22,40,36,44,52,49,19,,22,,,54,18,17,22,40,3,11,10,45,26,63,51,11,10,24,10,42,17,18,51,49,44,62,63,20,18,46,19,37,22,47,16,48,43,28,39,17,43,4,11,,,60,61,,,54,19,52,47,53,48,43,42,7,20,62,51,31,31,34,40,46,43,50,54,46,23,42,4,,60,,,b'\x11\xe8\xe1I\xcbm\x92\x10\xaf\x82\x12\xdf\x17\xaeN\x1e'
11E8E149-CB6D-9210-AF82-12DF17AE4E1E,2019-ncaa-d0-natl,ncaa,31,45,26,45,33,18,14,14,46,43,97,32,10,7,65,30,153,208,46,196,263,21,14,37,43,48,71,26,335,24,55,50,226,29,101,13,72,283,108,49,41,98,26,39,,,291,109,,,33,15,43,139,17,14,13,82,208,11,10,234,291,290,30,35,63,100,59,13,178,75,37,,194,,,36,333,316,331,108,281,301,144,319,328,123,281,285,267,283,271,178,333,342,130,134,107,262,267,181,334,226,281,55,321,101,325,277,21,102,155,191,53,251,210,,,138,324,,,33,337,34,132,41,228,216,292,162,188,277,306,213,182,189,287,315,284,128,203,264,60,94,189,,268,,,b'\x11\xe8\xe1I\xcbm\x92\x10\xaf\x82\x12\xdf\x17\xaeN\x1e'
11E8E149-CB6D-9210-AF82-12DF17AE4E1E,2019-ncaa-d1-conf-ACC,ncaa,3,5,1,5,1,2,3,2,5,5,6,4,1,1,6,2,8,7,7,6,5,2,2,5,5,4,2,2,12,2,3,6,12,2,7,3,3,9,5,4,8,9,2,4,,,14,11,,,5,2,4,7,2,3,2,8,13,2,1,8,9,8,2,5,2,7,5,3,7,8,2,,12,,,5,14,14,14,8,14,12,8,10,8,10,5,14,14,9,14,13,14,14,8,9,9,9,5,12,12,12,14,3,14,7,14,10,4,9,6,6,4,11,8,,,3,10,,,5,14,3,10,4,12,12,9,11,11,9,5,13,14,14,12,12,10,9,11,10,7,4,7,,5,,,b'\x11\xe8\xe1I\xcbm\x92\x10\xaf\x82\x12\xdf\x17\xaeN\x1e'
11E8E149-CB6D-9210-AF82-12DF17AE4E1E,2019-ncaa-d1-natl,ncaa,39,44,40,47,48,23,21,20,52,58,122,35,12,10,68,32,182,234,42,228,262,28,22,40,45,48,68,26,334,35,63,63,241,39,116,15,74,260,113,56,61,107,30,40,,,264,112,,,44,24,50,136,20,19,15,93,215,12,11,239,291,287,33,35,69,108,66,17,183,81,37,,197,,,46,323,305,326,121,257,282,153,311,324,134,279,272,248,284,250,182,327,332,146,150,132,260,268,181,328,241,253,63,312,116,316,283,44,112,172,161,58,240,216,,,175,325,,,44,329,39,145,50,243,233,294,174,192,280,304,213,186,197,293,314,288,131,206,275,70,99,198,,268,,,b'\x11\xe8\xe1I\xcbm\x92\x10\xaf\x82\x12\xdf\x17\xaeN\x1e'
11E8E149-CB6D-9210-AF82-12DF17AE4E1E,2019-ncaa-d1-ncaatournament,ncaa,17,2,17,17,19,27,27,25,28,27,23,33,19,28,4,44,28,30,24,29,52,28,30,26,28,20,37,31,48,37,56,22,16,27,39,25,41,32,18,20,11,9,22,12,,,44,46,,,14,26,40,7,31,27,36,28,26,25,42,39,48,42,42,50,57,18,36,31,13,9,24,,41,,,12,34,33,35,12,25,33,10,52,49,35,63,29,33,26,31,40,34,36,19,23,19,62,63,28,31,16,48,56,41,39,42,63,19,18,36,28,28,18,10,,,28,45,,,14,36,29,12,17,8,2,16,2,1,58,60,22,23,16,11,13,12,42,29,42,23,20,7,,47,,,b'\x11\xe8\xe1I\xcbm\x92\x10\xaf\x82\x12\xdf\x17\xaeN\x1e'
11E8E149-CB6D-9210-AF82-12DF17AE4E1E,2020-ncaa-d0-natl,ncaa,140,170,33,167,37,69,83,15,255,161,193,126,41,5,300,35,127,125,181,124,125,16,18,214,219,175,66,63,222,20,92,76,228,30,166,121,205,191,83,143,144,200,5,6,,,306,237,,,141,32,116,29,106,117,19,209,256,56,9,170,173,173,31,46,34,134,37,162,143,178,6,,266,,,141,275,241,277,132,201,254,94,270,246,279,178,295,304,111,305,258,297,326,142,156,136,272,229,251,307,228,323,92,329,166,288,266,65,136,167,216,110,283,278,,,108,252,,,141,318,136,169,147,222,175,210,138,188,238,195,257,270,267,240,281,271,284,291,246,102,172,254,,176,,,b'\x11\xe8\xe1I\xcbm\x92\x10\xaf\x82\x12\xdf\x17\xaeN\x1e'
11E8E149-CB6D-9210-AF82-12DF17AE4E1E,2020-ncaa-d1-conf-ACC,ncaa,8,8,5,8,6,5,6,1,13,12,11,9,3,1,14,2,7,7,10,7,5,2,2,10,11,10,3,4,10,4,11,8,10,6,12,8,10,7,4,8,5,7,1,1,,,12,9,,,8,2,3,4,8,8,2,12,11,4,1,8,8,7,2,1,2,7,4,10,6,4,1,,12,,,8,10,8,8,9,9,9,5,8,6,9,6,13,15,9,15,13,8,14,9,11,7,13,7,14,11,10,15,11,14,12,11,9,1,4,4,10,9,11,13,,,8,11,,,8,14,9,8,8,10,9,7,8,9,8,6,13,14,15,9,14,12,15,13,10,2,10,11,,11,,,b'\x11\xe8\xe1I\xcbm\x92\x10\xaf\x82\x12\xdf\x17\xaeN\x1e'
11E8E149-CB6D-9210-AF82-12DF17AE4E1E,2020-ncaa-d1-natl,ncaa,150,170,45,170,53,83,97,26,263,188,230,134,50,8,298,35,151,149,180,149,128,32,29,225,228,185,65,61,216,24,98,102,237,37,177,140,213,176,87,149,171,214,5,7,,,294,242,,,157,54,121,29,111,133,25,222,261,56,9,174,177,177,39,50,41,136,41,167,144,195,7,,269,,,157,260,225,256,141,181,230,101,257,219,291,175,280,294,115,296,260,279,308,157,167,151,271,227,252,301,237,311,98,318,177,273,265,87,143,185,202,117,274,286,,,141,249,,,157,294,148,186,162,228,183,214,141,194,240,193,260,272,272,244,278,277,285,296,252,111,175,260,,175,,,b'\x11\xe8\xe1I\xcbm\x92\x10\xaf\x82\x12\xdf\x17\xaeN\x1e'
11E8E149-CB6D-9210-AF82-12DF17AE4E1E,2021-ncaa-d0-natl,ncaa,90,104,136,99,144,104,101,108,129,106,143,75,87,63,214,89,93,67,203,75,65,102,100,118,117,120,114,135,146,61,67,115,247,86,124,78,114,237,152,123,159,221,7,2,,,173,67,,,132,114,66,156,66,82,67,110,181,89,54,72,55,60,52,39,61,118,55,73,211,187,2,,131,,,136,241,231,252,122,219,245,107,239,238,189,175,263,246,294,242,190,245,229,133,156,188,235,192,240,280,247,200,67,237,124,252,241,149,224,237,260,209,36,11,,,111,168,,,132,217,103,220,145,249,216,264,187,246,221,232,271,239,237,284,283,282,167,236,240,183,251,10,,98,,,b'\x11\xe8\xe1I\xcbm\x92\x10\xaf\x82\x12\xdf\x17\xaeN\x1e'
11E8E149-CB6D-9210-AF82-12DF17AE4E1E,2021-ncaa-d1-conf-ACC,ncaa,4,6,3,4,4,2,3,2,5,4,6,3,3,2,10,3,1,1,9,1,1,2,2,5,5,5,4,6,4,2,3,5,10,3,5,1,3,14,10,6,3,9,1,1,,,11,5,,,5,2,3,8,3,3,5,8,13,4,2,1,1,1,4,3,5,5,5,1,11,8,1,,7,,,5,14,11,14,5,10,12,4,12,11,10,7,15,15,13,15,12,15,15,4,8,6,11,8,12,15,10,9,3,13,5,14,12,4,10,11,15,15,3,1,,,2,8,,,5,14,5,10,5,11,7,12,7,11,9,10,12,12,12,14,13,12,4,9,12,9,15,1,,4,,,b'\x11\xe8\xe1I\xcbm\x92\x10\xaf\x82\x12\xdf\x17\xaeN\x1e'
11E8E149-CB6D-9210-AF82-12DF17AE4E1E,2021-ncaa-d1-natl,ncaa,74,104,105,93,125,81,81,82,127,94,126,77,65,50,195,82,92,67,226,73,76,80,76,113,115,124,106,111,180,43,69,96,257,69,130,68,100,257,149,115,125,195,6,2,,,192,69,,,105,89,55,158,62,78,55,106,183,70,42,90,64,71,42,30,48,102,48,61,214,160,1,,139,,,111,249,234,256,99,226,262,92,232,244,157,164,273,250,294,247,173,265,262,94,110,146,227,180,242,302,257,234,69,264,130,269,248,115,208,221,274,203,35,9,,,94,170,,,105,241,106,183,128,232,205,276,183,258,201,225,266,230,225,294,299,295,188,258,240,155,252,6,,96,,,b'\x11\xe8\xe1I\xcbm\x92\x10\xaf\x82\x12\xdf\x17\xaeN\x1e'
11E8E149-CB6D-9210-AF82-12DF17AE4E1E,2021-ncaa-d1-ncaatournament,ncaa,17,2,17,17,18,26,30,18,52,31,24,52,15,13,28,18,21,21,35,21,24,21,20,50,50,49,13,15,25,20,32,27,33,25,41,26,30,42,33,42,19,15,7,1,,,39,26,,,43,20,16,7,37,48,16,48,33,18,12,26,28,28,17,15,19,41,29,36,43,15,1,,26,,,39,44,41,38,39,42,37,44,28,39,10,34,59,55,47,55,58,42,45,35,42,30,37,17,60,33,33,48,32,45,41,41,41,16,9,17,40,32,22,8,,,25,39,,,43,45,46,28,37,34,25,12,31,15,16,31,55,54,54,24,39,24,45,41,30,7,35,10,,33,,,b'\x11\xe8\xe1I\xcbm\x92\x10\xaf\x82\x12\xdf\x17\xaeN\x1e'
11E8E149-CB6D-9210-AF82-12DF17AE4E1E,2022-ncaa-d0-natl,ncaa,233,245,163,245,202,97,89,56,205,126,107,187,55,45,152,72,220,295,5,298,339,81,101,171,173,126,121,77,302,134,254,254,350,216,348,144,256,97,56,108,40,50,299,333,,,94,24,,,242,90,15,275,53,44,6,96,84,44,34,224,300,301,17,27,123,299,252,137,106,24,306,,86,,,240,325,344,280,346,347,281,342,244,216,265,141,121,140,121,145,73,266,292,342,322,272,34,115,38,344,350,338,254,345,348,344,287,41,73,239,152,89,190,139,,,311,354,,,242,267,135,312,236,342,352,333,354,330,245,228,122,133,136,322,344,344,348,352,346,24,160,199,,332,,,b'\x11\xe8\xe1I\xcbm\x92\x10\xaf\x82\x12\xdf\x17\xaeN\x1e'
11E8E149-CB6D-9210-AF82-12DF17AE4E1E,2022-ncaa-d1-conf-ACC,ncaa,12,11,10,12,13,10,11,2,15,14,10,13,3,1,12,2,8,13,2,13,13,2,4,13,13,12,2,2,8,10,14,14,15,14,15,11,12,5,3,9,3,6,15,15,,,6,4,,,15,3,1,11,7,8,1,11,7,2,1,6,14,14,1,1,7,14,15,11,6,2,15,,6,,,15,15,15,12,15,15,13,14,7,7,10,4,7,8,6,8,7,13,13,14,14,14,1,2,3,15,15,15,14,15,15,15,10,3,5,15,12,9,7,7,,,13,14,,,15,13,13,15,15,15,15,15,15,15,10,8,9,9,9,15,15,15,15,15,15,3,12,8,,14,,,b'\x11\xe8\xe1I\xcbm\x92\x10\xaf\x82\x12\xdf\x17\xaeN\x1e'
11E8E149-CB6D-9210-AF82-12DF17AE4E1E,2022-ncaa-d1-natl,ncaa,247,245,213,253,251,121,112,68,224,158,134,204,66,59,156,71,248,307,5,308,340,102,127,185,180,139,116,77,299,166,262,292,352,263,350,171,264,73,57,118,52,62,315,339,,,64,26,,,257,120,16,275,57,49,7,109,88,47,36,228,301,301,17,28,131,307,265,149,110,29,315,,91,,,257,323,340,264,348,347,273,349,223,188,274,140,103,115,127,118,76,245,271,347,333,291,32,115,38,342,352,329,262,342,350,343,289,57,85,254,129,95,174,155,,,327,354,,,257,233,148,324,255,345,352,335,354,331,252,221,125,132,139,326,344,348,350,352,347,29,164,211,,330,,,b'\x11\xe8\xe1I\xcbm\x92\x10\xaf\x82\x12\xdf\x17\xaeN\x1e'
11E8E149-CB6D-9210-AF82-12DF17AE4E1E,2023-ncaa-d0-natl,ncaa,87,117,46,109,76,39,30,24,107,20,11,134,131,127,157,254,78,89,140,91,296,26,28,142,148,113,288,248,245,17,42,66,205,35,95,76,265,201,51,102,14,22,58,107,,,92,11,,,71,34,33,291,34,28,9,17,13,173,171,125,137,140,12,19,19,102,29,103,115,18,68,,32,,,73,323,348,332,260,357,346,288,151,240,52,123,90,90,201,86,19,327,333,218,173,153,6,59,20,319,205,310,42,331,95,346,260,46,114,234,162,39,142,20,,,93,308,,,71,329,67,154,84,262,327,326,350,340,99,160,51,45,42,286,321,262,231,258,323,74,100,92,,181,,,b'\x11\xe8\xe1I\xcbm\x92\x10\xaf\x82\x12\xdf\x17\xaeN\x1e'
11E8E149-CB6D-9210-AF82-12DF17AE4E1E,2023-ncaa-d1-conf-ACC,ncaa,9,8,11,9,14,5,7,2,8,5,5,10,3,5,5,6,7,9,1,10,12,3,6,7,6,6,5,4,11,2,3,13,12,9,6,7,11,4,3,6,1,1,7,10,,,1,1,,,9,11,3,12,2,3,1,5,1,3,3,3,5,6,2,2,1,12,3,6,7,1,5,,3,,,9,13,15,7,15,15,10,15,5,5,10,5,2,2,5,2,3,6,7,14,14,13,1,3,1,9,12,7,3,7,6,14,11,6,6,13,5,4,5,4,,,12,12,,,9,5,5,13,9,13,15,13,15,14,5,5,4,5,5,13,13,11,8,9,14,5,8,7,,10,,,b'\x11\xe8\xe1I\xcbm\x92\x10\xaf\x82\x12\xdf\x17\xaeN\x1e'
11E8E149-CB6D-9210-AF82-12DF17AE4E1E,2023-ncaa-d1-natl,ncaa,98,117,56,116,92,43,32,25,113,21,13,146,146,144,159,258,95,111,137,112,298,26,30,150,153,115,287,247,237,20,46,80,216,38,112,93,272,173,53,107,16,23,64,109,,,66,11,,,88,40,37,291,37,30,10,17,13,180,177,124,138,140,13,22,20,110,35,115,115,21,70,,32,,,88,317,346,329,272,356,344,301,139,219,53,122,73,74,209,68,19,318,325,234,198,173,7,58,19,307,216,297,46,317,112,343,263,63,127,245,139,42,130,23,,,118,304,,,88,322,72,177,99,272,334,329,352,340,103,160,52,47,44,289,320,270,234,266,324,84,103,98,,182,,,b'\x11\xe8\xe1I\xcbm\x92\x10\xaf\x82\x12\xdf\x17\xaeN\x1e'
11E8E149-CB6D-9210-AF82-12DF17AE4E1E,2024-ncaa-d0-natl,ncaa,41,40,94,45,114,59,56,37,125,63,51,140,74,70,106,167,99,112,124,112,231,40,48,122,127,92,186,148,245,8,5,131,283,35,60,158,330,144,54,145,49,59,37,44,,,55,17,,,56,94,107,219,37,36,16,49,58,77,83,116,141,136,19,29,5,162,19,182,117,55,36,,41,,,55,249,282,292,182,308,309,195,142,186,83,125,125,108,285,111,47,270,282,147,140,126,42,97,79,325,283,173,5,262,60,319,310,101,150,234,222,121,155,62,,,98,228,,,56,260,38,164,60,196,256,282,299,312,111,156,109,88,89,251,268,303,116,215,310,118,182,126,,121,,,b'\x11\xe8\xe1I\xcbm\x92\x10\xaf\x82\x12\xdf\x17\xaeN\x1e'
11E8E149-CB6D-9210-AF82-12DF17AE4E1E,2024-ncaa-d1-conf-ACC,ncaa,5,3,11,4,13,6,9,5,12,11,6,11,5,5,7,7,10,10,8,10,8,5,5,12,11,11,5,6,10,1,1,13,14,6,5,14,14,6,7,12,3,3,6,8,,,4,4,,,8,12,5,9,6,6,2,8,5,3,3,8,9,10,2,2,1,13,3,14,8,3,5,,5,,,8,5,8,7,10,12,10,11,1,2,2,3,7,6,12,6,6,6,8,8,8,7,3,2,8,11,14,5,1,9,5,12,13,6,6,10,6,5,6,4,,,6,4,,,8,5,4,9,7,8,11,11,12,14,2,3,8,7,7,12,12,15,6,11,13,4,10,6,,3,,,b'\x11\xe8\xe1I\xcbm\x92\x10\xaf\x82\x12\xdf\x17\xaeN\x1e'
11E8E149-CB6D-9210-AF82-12DF17AE4E1E,2024-ncaa-d1-natl,ncaa,48,40,130,45,153,76,71,46,135,76,69,149,89,84,112,171,121,135,116,134,232,50,66,132,138,97,179,147,239,11,6,165,292,51,74,187,334,112,61,160,66,71,40,46,,,41,19,,,70,122,114,206,45,39,16,57,61,85,86,119,147,144,22,30,6,179,20,201,118,60,36,,43,,,68,234,271,276,203,298,295,205,123,158,93,125,113,96,297,99,49,248,259,168,161,147,37,91,79,315,292,143,6,227,74,317,312,134,165,253,199,135,140,73,,,123,225,,,70,232,41,195,69,211,269,289,308,313,118,160,111,90,94,256,270,309,126,223,318,134,192,136,,121,,,b'\x11\xe8\xe1I\xcbm\x92\x10\xaf\x82\x12\xdf\x17\xaeN\x1e'
11E8E149-CB6D-9210-AF82-12DF17AE4E1E,2024-ncaa-d1-ncaatournament,ncaa,17,3,17,17,19,23,22,17,41,31,25,45,15,16,21,13,34,29,63,29,34,18,18,31,40,42,12,6,54,11,7,35,37,27,21,28,42,46,43,41,13,7,34,46,,,26,4,,,29,24,33,5,26,24,14,42,33,7,7,49,33,33,16,10,4,56,30,35,46,6,44,,2,,,27,45,48,36,52,46,37,51,44,41,43,32,31,29,47,29,30,35,41,50,52,39,22,33,23,37,37,42,7,37,21,47,32,13,7,18,57,59,44,46,,,27,30,,,29,41,28,38,31,38,43,16,46,28,32,26,22,18,20,12,31,21,31,21,38,6,63,45,,25,,,b'\x11\xe8\xe1I\xcbm\x92\x10\xaf\x82\x12\xdf\x17\xaeN\x1e'
11E8E149-CB6D-9210-AF82-12DF17AE4E1E,2025-ncaa-d0-natl,genius_ncaa,220,227,194,232,216,117,92,93,130,60,42,198,231,285,93,315,200,224,125,222,339,107,117,165,174,145,318,284,262,40,28,225,331,122,158,73,82,129,110,82,107,109,53,56,,,37,12,,18,176,155,67,192,77,54,23,28,9,230,289,187,208,207,33,36,23,223,65,47,172,88,31,,50,,21,175,272,291,255,260,271,263,199,284,216,338,182,118,73,345,70,43,241,232,271,267,244,158,260,54,323,331,127,28,221,158,337,324,136,164,283,227,188,62,14,,,211,297,,343,176,210,103,288,173,310,328,323,304,314,305,245,139,94,92,305,318,337,144,267,345,110,251,75,,198,,340,b'\x11\xe8\xe1I\xcbm\x92\x10\xaf\x82\x12\xdf\x17\xaeN\x1e'
11E8E149-CB6D-9210-AF82-12DF17AE4E1E,2025-ncaa-d1-conf-ACC,genius_ncaa,14,12,11,14,13,13,12,9,16,10,6,16,16,16,11,18,13,11,10,11,17,9,8,16,16,16,15,16,7,4,5,12,18,8,11,8,6,11,10,9,6,6,6,7,,,3,3,,1,13,11,4,10,11,10,4,8,1,15,16,9,8,8,5,4,4,11,4,6,13,5,6,,4,,1,13,12,11,12,9,14,11,8,9,9,10,6,9,7,18,7,8,12,11,9,9,5,5,10,8,18,18,11,5,14,11,15,14,6,7,10,17,16,1,1,,,8,9,,15,13,8,15,10,13,12,12,16,14,17,9,9,12,10,10,17,16,18,14,16,15,6,17,1,,7,,15,b'\x11\xe8\xe1I\xcbm\x92\x10\xaf\x82\x12\xdf\x17\xaeN\x1e'
11E8E149-CB6D-9210-AF82-12DF17AE4E1E,2025-ncaa-d1-natl,genius_ncaa,246,226,244,249,272,135,112,120,138,70,53,204,249,295,95,320,223,243,122,242,340,136,145,172,181,153,316,283,256,48,31,265,334,154,171,87,87,113,113,86,125,119,57,58,,,27,13,,13,191,198,71,181,84,58,24,33,12,234,291,191,209,208,36,41,25,231,74,49,175,97,34,,50,,20,191,250,277,221,274,261,249,215,273,194,338,177,102,60,346,61,43,204,202,282,281,260,155,261,53,309,334,94,31,188,171,333,323,170,169,300,205,193,53,14,,,236,295,,345,191,166,107,307,188,318,334,328,313,317,304,247,145,97,93,310,317,339,151,271,345,124,260,81,,198,,340,b'\x11\xe8\xe1I\xcbm\x92\x10\xaf\x82\x12\xdf\x17\xaeN\x1e'
11E8E149-CB6D-9210-AF82-12DF17AE4E1E,2026-ncaa-d0-natl,genius_ncaa,17,13,49,19,55,62,55,44,107,32,19,124,199,181,232,313,53,56,148,58,235,41,37,141,137,130,340,327,163,3,3,119,180,36,18,57,147,286,126,116,20,20,18,22,,,199,80,,293,38,75,190,62,63,43,35,27,12,267,270,82,86,89,33,24,2,224,26,66,196,19,20,,88,,253,38,168,182,231,80,219,291,58,101,111,171,44,163,139,248,145,56,216,282,61,67,30,77,96,153,243,180,166,3,194,18,229,248,15,14,40,278,134,171,46,,,91,270,,324,38,286,59,31,36,34,50,53,95,212,40,20,72,55,58,32,158,146,27,46,114,17,190,109,,179,,345,b'\x11\xe8\xe1I\xcbm\x92\x10\xaf\x82\x12\xdf\x17\xaeN\x1e'
11E8E149-CB6D-9210-AF82-12DF17AE4E1E,2026-ncaa-d1-conf-ACC,genius_ncaa,1,1,1,1,1,3,3,3,4,7,8,4,1,1,3,2,7,8,7,8,6,6,4,3,3,3,2,1,7,1,2,5,7,4,5,1,1,4,4,2,3,3,1,2,,,9,9,,5,5,5,5,1,3,3,3,7,8,1,1,7,8,8,6,4,1,5,4,1,4,3,1,,9,,5,5,6,6,3,5,5,7,4,5,2,10,2,9,9,5,9,9,4,5,6,6,6,6,4,8,6,7,2,2,3,5,3,2,5,6,4,6,7,5,6,,,9,10,,7,5,5,3,7,5,6,6,3,5,7,5,2,9,9,9,4,5,6,2,3,3,5,6,5,,9,,7,b'\x11\xe8\xe1I\xcbm\x92\x10\xaf\x82\x12\xdf\x17\xaeN\x1e'
11E8E149-CB6D-9210-AF82-12DF17AE4E1E,2026-ncaa-d1-natl,genius_ncaa,18,13,85,20,89,84,73,65,128,38,32,150,255,237,243,319,81,83,142,87,237,62,58,174,166,158,336,329,141,5,3,173,193,50,26,71,157,241,141,139,31,25,21,22,,,150,88,,279,45,121,210,47,82,61,50,31,19,278,282,86,100,101,48,34,2,249,36,81,205,27,19,,97,,263,49,121,143,176,114,181,253,75,65,47,198,40,120,104,257,104,55,160,229,89,96,39,66,90,146,205,193,101,3,136,26,201,256,27,20,60,231,151,139,51,,,128,262,,337,45,235,81,39,51,46,64,62,123,227,40,21,84,64,65,42,149,155,29,50,140,26,198,119,,177,,346,b'\x11\xe8\xe1I\xcbm\x92\x10\xaf\x82\x12\xdf\x17\xaeN\x1e'
11E8E149-CB71-CA7E-AF82-12DF17AE4E1E,2010-ncaa-d0-natl,ncaa,60,36,122,45,128,59,65,67,101,112,116,128,48,66,45,98,109,169,24,165,220,75,105,81,66,40,89,77,225,139,172,108,236,107,196,56,88,65,35,27,68,86,112,92,,,129,54,,,30,105,96,24,30,39,28,102,125,43,56,107,184,176,44,85,143,84,96,37,59,58,111,,113,,,26,110,131,238,37,84,125,78,261,318,32,316,67,83,82,80,114,211,257,57,30,20,239,305,80,293,236,239,172,281,196,250,291,48,56,101,185,136,255,224,,,199,291,,,30,234,42,36,31,93,104,255,67,98,263,323,62,84,82,214,289,290,239,273,233,42,173,255,,233,,,b'\x11\xe8\xe1I\xcbq\xca~\xaf\x82\x12\xdf\x17\xaeN\x1e'
11E8E149-CB71-CA7E-AF82-12DF17AE4E1E,2010-ncaa-d1-conf-Mountain West,ncaa,3,1,6,1,6,3,2,4,2,3,3,3,4,5,3,7,1,2,2,2,3,3,4,3,1,1,4,6,2,8,8,5,6,6,8,5,7,3,3,3,3,4,5,6,,,6,4,,,1,3,1,2,1,2,1,2,2,3,5,1,1,1,1,1,7,3,4,4,3,3,5,,7,,,1,2,3,5,2,2,5,5,3,7,1,7,6,6,6,6,7,5,6,4,3,2,6,6,6,7,6,6,8,8,8,7,5,2,2,2,5,5,5,4,,,6,6,,,1,6,2,2,1,6,5,7,4,6,6,8,7,7,7,7,9,9,8,9,7,1,5,5,,4,,,b'\x11\xe8\xe1I\xcbq\xca~\xaf\x82\x12\xdf\x17\xaeN\x1e'
11E8E149-CB71-CA7E-AF82-12DF17AE4E1E,2010-ncaa-d1-natl,ncaa,64,36,134,47,140,62,70,71,107,116,126,131,51,69,45,98,118,178,23,173,219,81,118,82,69,41,88,76,224,150,177,117,242,118,203,59,92,52,36,26,75,87,116,94,,,116,55,,,31,116,100,24,30,39,31,105,130,45,56,107,183,175,46,87,143,88,101,36,57,63,113,,114,,,26,89,115,228,39,75,111,83,253,312,32,317,62,75,84,71,112,199,244,60,32,22,240,306,79,290,242,228,177,270,203,240,291,52,62,110,170,141,249,228,,,210,290,,,31,221,44,38,31,97,106,256,68,100,264,322,65,83,81,219,290,293,240,277,240,44,173,259,,234,,,b'\x11\xe8\xe1I\xcbq\xca~\xaf\x82\x12\xdf\x17\xaeN\x1e'
11E8E149-CB71-CA7E-AF82-12DF17AE4E1E,2010-ncaa-d1-ncaatournament,ncaa,33,2,33,33,34,38,43,35,55,46,41,58,32,34,28,18,35,44,1,44,39,36,40,51,47,32,10,13,19,30,28,38,27,34,36,55,58,1,1,16,43,28,25,2,,,26,56,,,23,47,25,9,23,32,3,41,20,10,7,16,32,32,5,12,4,21,10,54,1,24,7,,58,,,23,9,9,15,21,4,3,21,34,33,41,62,9,12,15,10,47,16,15,31,30,30,58,62,31,14,27,28,28,19,36,8,24,45,30,26,1,2,47,63,,,44,46,,,23,17,19,29,23,27,23,29,8,6,57,61,29,36,34,35,32,33,60,50,24,28,1,62,,39,,,b'\x11\xe8\xe1I\xcbq\xca~\xaf\x82\x12\xdf\x17\xaeN\x1e'
11E8E149-CB71-CA7E-AF82-12DF17AE4E1E,2011-ncaa-d0-natl,ncaa,58,60,43,61,46,62,93,102,101,116,168,92,62,68,84,100,35,49,25,46,32,86,113,77,54,37,59,109,56,213,257,47,154,92,177,72,107,69,41,42,141,183,58,47,,,126,61,,,36,91,246,75,83,147,223,185,259,83,105,40,77,75,184,270,281,67,184,108,31,193,71,,55,,,37,168,165,287,23,68,127,52,330,337,60,339,76,78,139,80,105,269,268,50,35,52,316,335,72,288,154,243,257,278,177,282,314,103,158,202,90,67,308,307,,,37,20,,,36,260,47,67,33,72,76,211,27,31,301,337,41,40,42,151,147,228,129,165,210,171,53,275,,60,,,b'\x11\xe8\xe1I\xcbq\xca~\xaf\x82\x12\xdf\x17\xaeN\x1e'
11E8E149-CB71-CA7E-AF82-12DF17AE4E1E,2011-ncaa-d1-conf-Mountain West,ncaa,2,2,3,2,3,3,3,3,4,2,5,5,5,5,6,5,3,5,3,4,3,4,5,4,4,3,5,5,4,4,6,3,5,4,6,4,6,4,3,4,1,2,4,2,,,3,2,,,2,4,3,3,3,3,4,3,5,5,6,3,4,4,4,4,4,5,7,5,4,2,5,,3,,,2,3,2,5,3,2,3,4,6,9,2,8,2,3,8,3,3,4,6,4,4,1,8,7,3,6,5,5,6,5,6,5,8,1,1,2,5,4,7,6,,,3,3,,,2,6,3,1,2,3,3,3,1,2,6,8,2,3,3,2,6,4,5,6,4,1,4,7,,3,,,b'\x11\xe8\xe1I\xcbq\xca~\xaf\x82\x12\xdf\x17\xaeN\x1e'
11E8E149-CB71-CA7E-AF82-12DF17AE4E1E,2011-ncaa-d1-natl,ncaa,63,57,51,63,57,72,104,120,104,135,185,93,69,73,88,101,39,62,25,57,30,100,133,80,52,38,55,105,56,233,259,56,160,108,186,81,110,55,41,43,153,188,63,49,,,111,60,,,40,108,250,75,86,155,224,193,264,85,106,41,79,77,190,271,286,68,194,116,32,198,74,,54,,,40,145,148,278,24,57,110,55,325,337,63,339,63,65,142,66,105,255,258,54,38,55,314,335,69,280,160,223,259,261,186,275,315,119,165,212,82,68,304,311,,,40,19,,,40,246,50,74,35,76,78,210,28,31,303,336,41,42,44,153,147,233,130,170,212,180,53,279,,59,,,b'\x11\xe8\xe1I\xcbq\xca~\xaf\x82\x12\xdf\x17\xaeN\x1e'
11E8E149-CB71-CA7E-AF82-12DF17AE4E1E,2012-ncaa-d0-natl,ncaa,147,129,163,147,221,202,220,213,214,250,287,149,108,76,247,47,211,223,162,227,115,215,234,182,175,171,70,70,179,197,186,216,309,218,265,175,95,96,160,139,114,94,14,4,,,94,89,,,114,247,227,262,202,219,206,258,291,94,55,209,217,224,223,244,192,215,218,159,125,98,10,,108,,,112,38,33,140,16,25,93,16,179,235,90,269,89,87,145,88,136,117,154,21,22,26,286,283,180,297,309,127,186,220,265,159,319,121,84,124,176,219,114,209,,,257,218,,,114,103,169,49,110,50,36,165,21,101,199,244,105,105,107,140,185,321,158,264,187,91,194,126,,256,,,b'\x11\xe8\xe1I\xcbq\xca~\xaf\x82\x12\xdf\x17\xaeN\x1e'
11E8E149-CB71-CA7E-AF82-12DF17AE4E1E,2012-ncaa-d1-conf-Mountain West,ncaa,3,3,5,3,7,6,7,6,7,8,8,4,3,1,6,1,5,5,3,5,2,6,7,4,3,4,1,1,4,7,5,7,7,6,7,6,4,1,2,3,2,1,2,1,,,2,2,,,5,8,5,6,5,5,4,8,8,1,1,5,5,5,4,5,6,6,5,5,2,1,1,,2,,,5,1,2,3,2,2,2,2,6,8,6,8,2,2,8,2,3,2,2,3,3,2,6,7,2,5,7,4,5,4,7,6,8,4,3,4,3,5,2,6,,,8,7,,,5,1,5,3,5,3,3,4,3,3,6,8,2,2,2,3,5,7,6,7,6,2,4,3,,7,,,b'\x11\xe8\xe1I\xcbq\xca~\xaf\x82\x12\xdf\x17\xaeN\x1e'
11E8E149-CB71-CA7E-AF82-12DF17AE4E1E,2012-ncaa-d1-natl,ncaa,158,129,196,150,263,229,241,239,222,273,303,157,115,82,247,47,235,244,161,248,116,245,267,189,183,174,69,70,175,219,190,251,311,250,271,199,98,83,160,144,131,101,15,4,,,76,94,,,121,278,232,262,208,228,214,269,294,97,56,213,219,224,229,245,198,228,225,169,127,103,10,,110,,,119,26,26,110,18,14,69,17,162,221,98,270,74,73,148,73,140,94,121,23,24,27,287,281,182,290,311,109,190,197,271,145,319,133,89,129,157,220,105,213,,,274,212,,,121,71,176,58,114,53,41,164,24,106,201,245,105,105,108,143,182,321,162,269,192,96,195,128,,261,,,b'\x11\xe8\xe1I\xcbq\xca~\xaf\x82\x12\xdf\x17\xaeN\x1e'
11E8E149-CB71-CA7E-AF82-12DF17AE4E1E,2013-ncaa-d0-natl,ncaa,273,284,183,283,236,210,241,146,311,326,285,322,33,26,121,26,238,253,150,259,155,166,193,257,263,218,14,16,224,164,227,245,328,220,312,217,139,65,93,149,164,167,41,18,,,81,69,,,257,206,186,267,216,257,100,327,287,25,16,243,251,257,136,175,148,241,208,220,95,152,28,,105,,,255,233,225,227,180,116,65,235,325,329,183,330,108,92,243,89,155,211,173,236,224,252,304,322,77,318,328,283,227,310,312,326,338,227,255,326,163,186,336,343,,,273,292,,,257,125,205,295,267,262,255,302,148,86,331,338,124,105,103,260,219,333,307,329,330,220,181,340,,272,,,b'\x11\xe8\xe1I\xcbq\xca~\xaf\x82\x12\xdf\x17\xaeN\x1e'
11E8E149-CB71-CA7E-AF82-12DF17AE4E1E,2013-ncaa-d1-conf-Big 12,ncaa,10,10,7,10,10,10,10,7,10,9,8,10,4,3,9,3,10,9,9,9,9,9,8,10,10,9,3,2,9,6,8,9,10,9,10,9,5,3,6,8,5,5,5,2,,,3,3,,,10,8,5,8,10,10,4,9,8,4,2,10,9,9,7,7,6,8,9,9,5,4,3,,3,,,10,6,6,5,6,5,1,9,9,9,3,10,6,3,8,3,8,4,5,8,7,7,8,9,4,10,10,9,8,10,10,10,10,5,5,9,4,6,10,10,,,10,9,,,10,2,10,9,10,7,7,7,6,1,10,10,6,4,4,8,7,10,10,10,10,5,5,10,,8,,,b'\x11\xe8\xe1I\xcbq\xca~\xaf\x82\x12\xdf\x17\xaeN\x1e'
11E8E149-CB71-CA7E-AF82-12DF17AE4E1E,2013-ncaa-d1-natl,ncaa,281,282,210,287,274,230,262,167,318,333,298,327,36,30,121,26,250,262,152,266,151,193,226,260,265,220,13,16,219,186,230,269,331,243,314,233,140,55,99,155,175,171,44,19,,,69,69,,,263,238,190,267,222,263,102,330,287,24,16,243,252,256,144,179,150,247,214,229,94,156,28,,106,,,262,218,212,216,183,102,52,239,324,326,184,330,94,83,246,77,157,193,148,243,227,260,303,322,77,311,331,271,230,304,314,324,338,250,265,327,151,187,334,343,,,284,287,,,263,94,212,303,280,266,258,305,152,88,330,338,126,107,104,263,218,333,308,330,330,231,182,341,,271,,,b'\x11\xe8\xe1I\xcbq\xca~\xaf\x82\x12\xdf\x17\xaeN\x1e'
11E8E149-CB71-CA7E-AF82-12DF17AE4E1E,2014-ncaa-d0-natl,ncaa,116,150,53,141,72,157,177,155,225,195,187,227,151,137,185,142,117,124,153,126,100,146,150,213,187,171,116,144,94,188,219,150,286,157,253,240,265,144,124,224,24,12,8,2,,,88,40,,,95,151,304,232,263,282,285,259,260,176,171,171,179,187,273,299,248,245,261,288,73,26,7,,31,,,97,79,71,202,20,9,57,15,333,336,227,344,44,96,5,85,172,186,236,62,32,19,344,346,66,315,286,242,219,286,253,226,327,54,53,95,212,208,274,278,,,156,167,,,95,197,183,37,94,23,23,71,3,5,327,326,24,50,48,40,97,282,153,209,168,82,153,242,,259,,,b'\x11\xe8\xe1I\xcbq\xca~\xaf\x82\x12\xdf\x17\xaeN\x1e'
11E8E149-CB71-CA7E-AF82-12DF17AE4E1E,2014-ncaa-d1-conf-Big 12,ncaa,5,7,3,7,6,9,9,7,9,7,7,9,8,5,8,4,8,8,4,8,9,7,7,9,9,9,5,5,5,9,9,8,10,8,10,9,9,5,5,10,1,1,1,1,,,1,1,,,7,7,9,10,9,9,10,8,8,8,5,8,8,9,10,10,9,9,10,10,4,1,1,,1,,,7,1,3,4,4,1,1,4,10,9,8,10,1,1,2,1,2,2,4,6,4,3,8,10,1,9,10,10,9,10,10,8,10,1,1,5,7,8,7,8,,,9,9,,,7,4,9,4,7,2,4,2,1,1,10,9,1,1,1,1,3,9,9,10,7,2,7,8,,10,,,b'\x11\xe8\xe1I\xcbq\xca~\xaf\x82\x12\xdf\x17\xaeN\x1e'
11E8E149-CB71-CA7E-AF82-12DF17AE4E1E,2014-ncaa-d1-natl,ncaa,123,150,59,147,84,174,202,180,231,207,201,233,159,141,191,141,127,136,157,139,105,168,178,218,191,179,113,143,94,205,225,182,293,185,262,259,271,123,128,231,28,14,8,2,,,75,40,,,101,177,305,234,271,286,286,266,263,176,172,175,185,189,275,299,251,254,266,290,72,29,7,,31,,,105,63,58,184,22,7,34,16,330,334,229,344,35,84,5,73,173,160,209,67,32,20,343,346,65,308,293,224,225,271,262,216,327,67,55,99,203,209,270,285,,,175,170,,,101,168,189,42,100,23,24,73,3,5,327,327,24,49,48,40,94,286,154,217,170,87,155,241,,261,,,b'\x11\xe8\xe1I\xcbq\xca~\xaf\x82\x12\xdf\x17\xaeN\x1e'
11E8E149-CB71-CA7E-AF82-12DF17AE4E1E,2015-ncaa-d0-natl,ncaa,116,131,79,128,94,64,83,89,115,163,193,116,33,47,62,68,71,126,11,120,101,88,92,78,60,67,44,65,141,202,242,241,300,234,300,91,149,187,135,110,22,32,105,157,,,227,131,,,169,72,78,222,62,103,137,216,257,44,57,84,165,161,134,164,249,320,312,107,142,31,129,,171,,,170,320,332,270,339,336,297,325,161,104,302,54,193,187,192,181,89,260,289,328,324,263,31,71,88,264,300,269,242,271,300,338,282,64,80,216,269,225,265,270,,,111,183,,,169,283,82,265,166,289,317,203,326,290,130,64,141,142,139,186,268,228,188,208,328,64,230,238,,165,,,b'\x11\xe8\xe1I\xcbq\xca~\xaf\x82\x12\xdf\x17\xaeN\x1e'
11E8E149-CB71-CA7E-AF82-12DF17AE4E1E,2015-ncaa-d1-conf-Big 12,ncaa,5,3,7,5,9,4,4,6,2,6,6,3,2,2,1,3,8,10,2,10,8,7,7,2,4,3,6,2,9,9,9,10,10,10,10,7,10,2,2,4,2,2,8,9,,,3,3,,,9,6,1,8,3,2,2,4,5,2,2,8,10,10,5,5,9,9,10,7,3,1,7,,5,,,9,10,10,6,10,10,9,10,5,3,8,2,4,2,9,2,2,4,7,10,10,10,1,2,2,7,10,6,9,7,10,10,8,5,3,9,4,6,4,6,,,8,8,,,9,6,3,10,7,10,10,9,10,9,7,4,4,4,4,7,9,8,7,10,10,2,6,5,,8,,,b'\x11\xe8\xe1I\xcbq\xca~\xaf\x82\x12\xdf\x17\xaeN\x1e'
11E8E149-CB71-CA7E-AF82-12DF17AE4E1E,2015-ncaa-d1-natl,ncaa,129,130,97,140,118,73,100,107,122,187,221,120,41,59,65,68,87,149,11,141,96,113,118,84,65,70,43,62,134,228,255,280,306,276,307,107,148,159,142,116,31,36,114,161,,,209,135,,,187,90,84,217,67,118,143,225,263,45,58,85,167,162,140,168,255,322,316,118,141,33,132,,172,,,187,311,329,247,340,334,287,330,143,80,303,56,178,162,196,156,88,235,275,332,328,275,31,68,89,240,306,244,255,252,307,334,283,73,86,222,251,233,251,279,,,134,178,,,187,266,88,276,178,292,317,204,328,289,133,65,143,145,143,187,267,233,194,213,328,68,235,240,,166,,,b'\x11\xe8\xe1I\xcbq\xca~\xaf\x82\x12\xdf\x17\xaeN\x1e'
11E8E149-CB71-CA7E-AF82-12DF17AE4E1E,2016-ncaa-d0-natl,ncaa,119,156,38,149,70,39,47,61,49,85,94,126,34,96,6,151,53,74,69,71,122,59,53,34,35,43,77,79,181,181,252,107,251,132,252,49,106,254,147,84,51,97,29,39,,,323,225,,,95,30,46,280,44,56,119,117,154,43,132,81,119,117,109,112,246,211,246,54,177,81,28,,276,,,97,316,325,303,257,334,309,292,147,224,45,124,267,307,14,304,202,312,320,229,206,186,55,61,162,313,251,284,252,311,252,334,304,60,143,238,325,266,344,333,,,114,227,,,95,316,69,194,103,254,271,246,302,260,104,163,207,263,256,253,288,260,178,215,319,108,279,337,,192,,,b'\x11\xe8\xe1I\xcbq\xca~\xaf\x82\x12\xdf\x17\xaeN\x1e'
11E8E149-CB71-CA7E-AF82-12DF17AE4E1E,2016-ncaa-d1-conf-Big 12,ncaa,6,6,7,6,9,5,5,7,5,6,6,7,1,6,1,5,5,6,2,6,5,7,6,3,4,2,4,4,6,9,7,7,9,8,8,6,6,4,6,6,6,4,4,6,,,8,8,,,6,5,1,5,4,5,6,6,5,1,6,5,5,5,6,5,8,7,8,3,7,3,4,,10,,,6,8,7,5,8,8,3,10,3,7,1,7,6,9,1,9,10,7,5,8,7,7,2,4,3,9,9,7,7,7,8,10,9,6,7,9,7,7,8,8,,,6,7,,,6,5,5,7,6,9,8,9,9,6,6,9,7,10,10,10,10,10,8,8,10,4,7,9,,6,,,b'\x11\xe8\xe1I\xcbq\xca~\xaf\x82\x12\xdf\x17\xaeN\x1e'
11E8E149-CB71-CA7E-AF82-12DF17AE4E1E,2016-ncaa-d1-natl,ncaa,134,156,51,152,91,49,58,72,53,104,114,135,37,103,6,152,62,87,67,85,125,68,64,36,36,45,69,79,180,208,258,134,258,166,266,54,108,228,151,89,63,101,34,38,,,312,227,,,106,42,46,282,45,61,126,129,158,44,134,80,121,122,116,115,255,222,260,57,177,84,28,,278,,,109,308,319,293,264,327,301,298,134,208,50,116,253,300,15,295,201,304,309,236,213,197,50,58,160,303,258,273,258,298,266,334,305,76,154,244,317,271,344,336,,,132,224,,,106,305,72,204,115,259,280,249,308,262,106,160,210,269,258,261,288,263,185,220,320,117,281,339,,192,,,b'\x11\xe8\xe1I\xcbq\xca~\xaf\x82\x12\xdf\x17\xaeN\x1e'
11E8E149-CB71-CA7E-AF82-12DF17AE4E1E,2017-ncaa-d0-natl,ncaa,217,229,168,225,215,98,134,164,117,188,208,147,66,107,33,111,64,86,77,87,33,143,164,83,70,69,42,85,78,272,298,131,248,205,274,90,62,137,118,87,128,157,45,47,,,327,323,,,144,119,25,268,58,107,135,184,211,57,85,31,52,51,97,111,280,101,203,58,156,117,35,,341,,,144,243,217,227,170,229,248,149,149,147,188,92,305,319,77,320,271,255,249,155,168,191,176,102,270,286,248,238,298,262,274,276,287,149,203,223,263,254,347,348,,,144,145,,,144,235,102,214,142,275,249,278,259,298,169,167,313,326,327,312,324,295,255,284,301,128,269,348,,108,,,b'\x11\xe8\xe1I\xcbq\xca~\xaf\x82\x12\xdf\x17\xaeN\x1e'
11E8E149-CB71-CA7E-AF82-12DF17AE4E1E,2017-ncaa-d1-conf-Big 12,ncaa,9,9,7,9,8,7,9,9,9,9,9,9,4,4,8,3,2,4,3,4,1,8,8,8,7,7,2,4,1,9,9,9,9,9,9,7,5,6,6,7,6,6,7,6,,,10,10,,,8,6,1,4,7,8,5,9,9,4,3,1,3,3,5,5,9,8,8,7,7,4,6,,10,,,9,9,8,4,9,7,4,9,3,5,4,5,9,9,3,9,9,7,6,9,9,9,6,3,8,7,9,8,9,8,9,9,9,6,6,8,8,9,9,9,,,6,4,,,8,5,7,9,8,10,9,7,8,7,6,5,9,9,9,10,9,8,9,9,9,5,10,9,,6,,,b'\x11\xe8\xe1I\xcbq\xca~\xaf\x82\x12\xdf\x17\xaeN\x1e'
11E8E149-CB71-CA7E-AF82-12DF17AE4E1E,2017-ncaa-d1-natl,ncaa,236,229,217,237,288,121,162,204,125,221,241,162,80,125,36,108,71,99,78,100,36,179,206,87,75,74,39,84,77,294,302,167,257,251,283,108,63,108,121,91,151,170,47,49,,,320,325,,,162,156,27,270,64,114,141,194,220,57,87,31,54,54,103,117,286,109,223,66,159,122,36,,341,,,162,221,186,193,181,210,232,157,135,119,199,88,288,308,82,308,270,231,224,165,177,196,176,99,270,264,257,212,302,240,283,269,291,177,208,237,244,258,347,348,,,173,141,,,162,200,105,228,157,286,260,280,270,300,174,170,315,327,326,314,324,300,257,290,305,133,270,348,,108,,,b'\x11\xe8\xe1I\xcbq\xca~\xaf\x82\x12\xdf\x17\xaeN\x1e'
11E8E149-CB71-CA7E-AF82-12DF17AE4E1E,2018-ncaa-d0-natl,ncaa,53,112,9,88,10,20,22,25,28,26,43,36,36,62,28,159,10,15,58,13,70,23,20,26,23,36,134,143,137,179,260,30,142,46,163,15,52,308,135,53,94,193,16,31,,,345,262,,,102,14,68,257,38,44,150,66,170,79,146,42,82,73,121,124,300,119,212,24,143,173,31,,272,,,106,348,339,339,240,335,329,220,329,326,273,178,342,338,260,338,228,345,338,247,258,278,224,200,226,313,142,299,260,319,163,338,192,96,240,251,308,169,348,321,,,19,166,,,102,336,49,266,111,287,270,260,243,238,257,224,271,256,264,279,250,162,120,131,254,221,174,328,,159,,,b'\x11\xe8\xe1I\xcbq\xca~\xaf\x82\x12\xdf\x17\xaeN\x1e'
11E8E149-CB71-CA7E-AF82-12DF17AE4E1E,2018-ncaa-d1-conf-Big 12,ncaa,5,5,3,5,4,3,4,7,4,4,6,4,4,6,1,6,3,4,3,4,4,5,4,4,3,5,4,5,2,8,7,7,8,8,8,5,4,9,7,7,5,6,3,3,,,10,10,,,6,3,3,5,5,5,8,5,7,4,6,2,3,3,6,7,9,8,8,5,8,6,3,,10,,,6,9,9,8,8,8,8,8,9,8,9,4,8,7,6,7,7,8,9,9,9,8,6,4,7,8,8,5,7,6,8,9,7,5,7,8,8,7,10,9,,,4,6,,,6,7,5,8,7,9,8,8,8,8,7,6,8,7,7,9,9,8,5,5,9,5,7,10,,4,,,b'\x11\xe8\xe1I\xcbq\xca~\xaf\x82\x12\xdf\x17\xaeN\x1e'
11E8E149-CB71-CA7E-AF82-12DF17AE4E1E,2018-ncaa-d1-natl,ncaa,61,111,9,91,13,23,24,30,28,28,52,37,43,74,28,159,14,22,57,19,69,27,20,27,22,37,129,144,129,217,266,34,150,54,180,16,55,288,142,56,109,202,17,34,,,343,265,,,112,14,70,256,42,46,156,68,173,80,148,43,89,80,125,133,305,125,227,24,146,181,31,,274,,,119,348,337,338,256,334,328,232,326,321,280,174,336,330,262,333,229,343,338,263,272,292,223,197,224,304,150,291,266,311,180,336,195,117,249,256,296,176,348,322,,,25,170,,,112,336,51,279,126,296,275,262,251,240,261,221,279,259,266,281,249,169,124,139,261,227,175,332,,164,,,b'\x11\xe8\xe1I\xcbq\xca~\xaf\x82\x12\xdf\x17\xaeN\x1e'
11E8E149-CB71-CA7E-AF82-12DF17AE4E1E,2019-ncaa-d0-natl,ncaa,41,73,14,65,24,41,49,40,104,47,59,66,99,79,214,178,20,6,292,4,20,26,23,109,113,109,176,209,77,29,82,55,165,36,96,24,41,274,117,76,15,41,8,12,,,282,139,,,54,24,136,335,90,115,157,114,185,160,142,54,22,17,103,126,93,162,108,55,138,43,8,,147,,,60,270,277,308,103,287,328,76,190,191,184,86,222,244,96,246,118,308,325,87,80,58,114,126,169,296,165,297,82,312,96,297,254,24,74,112,298,178,323,259,,,9,52,,,54,326,97,56,63,85,106,121,134,220,82,66,117,130,132,110,177,167,113,123,176,78,195,259,,41,,,b'\x11\xe8\xe1I\xcbq\xca~\xaf\x82\x12\xdf\x17\xaeN\x1e'
11E8E149-CB71-CA7E-AF82-12DF17AE4E1E,2019-ncaa-d1-conf-Big 12,ncaa,6,6,7,6,7,7,7,9,5,6,9,3,8,6,7,7,5,1,10,1,2,8,8,6,6,5,7,8,3,6,5,9,6,10,7,7,5,4,4,4,1,1,2,2,,,4,6,,,5,8,4,3,6,6,8,5,7,8,6,3,1,1,5,6,5,9,8,6,5,1,2,,6,,,5,4,4,1,7,6,3,7,3,2,7,5,5,3,8,3,6,1,2,7,7,6,4,2,6,5,6,5,5,4,7,5,6,2,1,2,5,5,5,5,,,3,1,,,5,3,4,6,5,6,6,3,7,6,4,2,6,6,6,3,5,6,7,5,6,1,5,5,,1,,,b'\x11\xe8\xe1I\xcbq\xca~\xaf\x82\x12\xdf\x17\xaeN\x1e'
11E8E149-CB71-CA7E-AF82-12DF17AE4E1E,2019-ncaa-d1-natl,ncaa,51,73,21,72,38,58,66,55,113,65,83,72,115,91,217,175,26,9,291,7,19,37,34,115,117,115,171,210,71,42,92,69,172,47,107,34,43,250,120,78,28,51,9,13,,,258,142,,,66,36,142,335,104,124,168,129,188,164,146,53,23,20,112,131,104,173,125,66,139,50,8,,149,,,71,250,256,293,116,268,318,81,171,164,199,77,205,230,101,229,117,293,317,101,88,62,109,120,170,278,172,269,92,296,107,286,259,48,81,130,277,185,318,262,,,14,55,,,66,314,104,68,74,94,117,126,147,225,85,65,122,134,135,112,172,169,117,132,187,85,204,264,,43,,,b'\x11\xe8\xe1I\xcbq\xca~\xaf\x82\x12\xdf\x17\xaeN\x1e'
11E8E149-CB71-CA7E-AF82-12DF17AE4E1E,2020-ncaa-d0-natl,ncaa,39,30,191,36,242,86,121,103,165,156,117,239,102,146,49,193,38,23,237,19,48,63,99,145,143,112,83,143,72,91,138,181,215,135,191,99,121,96,58,85,63,72,125,103,,,299,287,,,72,122,38,271,53,91,44,133,87,91,139,29,14,14,17,39,76,153,95,79,114,48,125,,307,,,68,148,181,186,164,198,118,286,142,274,19,275,104,179,8,181,228,178,230,152,114,74,122,162,122,228,215,270,138,261,191,243,263,55,70,125,45,29,327,310,,,42,72,,,72,225,98,81,76,175,210,220,217,132,161,288,128,200,203,225,296,246,286,273,256,45,53,333,,28,,,b'\x11\xe8\xe1I\xcbq\xca~\xaf\x82\x12\xdf\x17\xaeN\x1e'
11E8E149-CB71-CA7E-AF82-12DF17AE4E1E,2020-ncaa-d1-conf-Big 12,ncaa,2,2,1,2,5,4,4,3,5,7,5,7,4,4,3,5,2,1,5,1,3,3,5,5,5,4,3,4,1,4,4,8,10,7,7,5,5,3,3,4,3,3,9,7,,,9,8,,,2,5,5,5,4,4,3,7,5,4,4,2,1,1,3,5,4,8,7,5,3,3,9,,9,,,2,6,5,5,6,4,2,7,7,10,2,9,3,4,4,4,7,5,7,6,6,4,7,8,3,10,10,7,4,8,7,5,8,1,2,3,1,1,8,8,,,3,2,,,2,6,2,5,2,6,5,5,4,2,7,10,3,4,4,5,7,10,7,8,5,1,1,8,,3,,,b'\x11\xe8\xe1I\xcbq\xca~\xaf\x82\x12\xdf\x17\xaeN\x1e'
11E8E149-CB71-CA7E-AF82-12DF17AE4E1E,2020-ncaa-d1-natl,ncaa,47,30,257,37,301,108,158,138,175,184,145,244,114,161,52,192,48,32,239,29,48,86,137,157,150,120,83,143,66,115,151,211,223,175,201,119,124,69,60,90,80,76,135,108,,,282,291,,,87,161,39,271,55,98,47,141,88,95,141,29,14,14,23,43,81,159,104,85,116,57,127,,308,,,81,118,158,145,173,176,86,293,128,256,21,274,96,167,9,167,231,139,189,168,126,83,117,158,119,207,223,244,151,230,201,235,262,75,73,134,36,32,324,314,,,59,70,,,87,182,106,91,88,184,221,223,225,136,162,290,132,207,209,230,296,249,286,280,261,48,51,333,,27,,,b'\x11\xe8\xe1I\xcbq\xca~\xaf\x82\x12\xdf\x17\xaeN\x1e'
11E8E149-CB71-CA7E-AF82-12DF17AE4E1E,2021-ncaa-d0-natl,ncaa,174,276,59,211,64,82,74,57,181,75,59,162,91,69,204,152,85,92,117,89,184,56,63,175,170,146,158,168,172,183,305,66,52,91,239,65,98,226,86,95,120,218,97,170,,,319,278,,,256,44,32,89,119,112,68,115,133,132,109,123,149,144,71,95,272,113,199,86,117,188,146,,292,,,236,319,306,283,272,305,275,283,269,276,166,178,325,281,337,281,202,288,284,260,290,296,164,138,226,166,52,326,305,296,239,336,306,94,214,289,211,95,335,311,,,113,251,,,256,304,173,255,218,298,289,250,286,233,201,227,295,233,236,268,271,55,321,253,319,178,123,321,,208,,,b'\x11\xe8\xe1I\xcbq\xca~\xaf\x82\x12\xdf\x17\xaeN\x1e'
11E8E149-CB71-CA7E-AF82-12DF17AE4E1E,2021-ncaa-d1-conf-Big 12,ncaa,7,8,3,8,3,6,7,5,10,6,6,8,3,2,9,3,7,5,8,6,5,5,3,9,9,9,3,3,4,6,9,6,3,6,8,7,6,7,4,7,7,8,9,9,,,10,8,,,10,3,1,4,8,9,4,8,7,3,3,7,6,7,5,4,8,5,8,8,4,7,9,,9,,,9,10,9,10,9,9,8,9,4,9,3,5,10,9,9,10,9,10,8,8,9,9,3,2,8,3,3,10,9,9,8,10,9,7,7,7,8,8,9,9,,,8,9,,,10,8,10,6,9,8,8,7,9,7,4,6,10,9,9,8,8,3,10,9,10,7,7,10,,7,,,b'\x11\xe8\xe1I\xcbq\xca~\xaf\x82\x12\xdf\x17\xaeN\x1e'
11E8E149-CB71-CA7E-AF82-12DF17AE4E1E,2021-ncaa-d1-natl,ncaa,184,275,70,220,74,91,86,68,190,82,71,167,99,75,204,150,95,105,117,101,186,66,74,184,174,147,152,168,169,197,308,79,55,109,247,69,98,212,87,97,134,226,102,171,,,310,281,,,264,51,35,86,124,115,71,119,136,135,112,124,154,149,75,97,277,119,207,92,114,196,149,,295,,,246,315,302,279,275,302,268,289,263,262,175,173,317,273,338,271,204,283,275,265,293,301,159,133,226,153,55,323,308,290,247,333,306,108,222,297,198,98,335,315,,,126,252,,,264,297,179,263,229,304,291,250,288,234,203,224,302,237,239,272,269,58,323,255,320,183,121,322,,210,,,b'\x11\xe8\xe1I\xcbq\xca~\xaf\x82\x12\xdf\x17\xaeN\x1e'
11E8E149-CB71-CA7E-AF82-12DF17AE4E1E,2022-ncaa-d0-natl,ncaa,305,316,216,314,227,244,261,221,295,251,232,273,219,181,287,150,178,150,222,152,97,214,209,286,283,273,141,191,77,301,333,180,113,249,282,175,49,219,233,190,255,275,255,286,,,268,272,,,337,167,47,98,241,272,193,253,201,209,149,135,119,121,180,130,312,124,242,145,250,249,254,,305,,,329,291,302,225,311,266,224,255,310,212,349,189,149,123,296,121,102,214,189,324,318,330,191,268,69,97,113,271,333,210,282,340,338,259,283,339,192,217,229,259,,,179,140,,,337,204,308,316,323,333,336,314,313,296,329,257,176,143,142,304,285,136,320,277,349,242,229,260,,127,,,b'\x11\xe8\xe1I\xcbq\xca~\xaf\x82\x12\xdf\x17\xaeN\x1e'
11E8E149-CB71-CA7E-AF82-12DF17AE4E1E,2022-ncaa-d1-conf-Big 12,ncaa,10,10,7,10,9,10,10,10,9,9,9,9,5,5,9,3,9,7,9,7,3,10,9,9,9,9,4,4,3,10,10,8,8,10,10,7,4,8,10,9,9,9,10,10,,,6,7,,,10,8,4,7,9,9,10,9,9,5,5,8,6,6,10,8,10,7,10,6,9,9,10,,6,,,10,9,9,6,10,8,6,10,10,8,10,9,2,2,9,2,2,5,3,10,9,9,5,9,2,5,8,8,10,7,10,10,10,8,9,10,7,9,5,7,,,7,6,,,10,3,10,10,10,9,9,7,9,8,10,8,2,2,2,8,7,7,9,7,10,8,8,5,,7,,,b'\x11\xe8\xe1I\xcbq\xca~\xaf\x82\x12\xdf\x17\xaeN\x1e'
11E8E149-CB71-CA7E-AF82-12DF17AE4E1E,2022-ncaa-d1-natl,ncaa,316,316,270,321,274,276,297,264,308,287,264,284,238,201,293,151,201,179,222,180,97,257,257,298,293,284,136,191,71,324,337,221,119,292,295,209,52,195,244,201,283,287,273,293,,,246,278,,,342,215,50,94,258,291,209,265,208,212,151,137,119,122,188,139,314,140,259,160,256,264,264,,307,,,339,271,284,184,323,242,186,270,304,183,349,184,128,96,300,97,102,165,129,335,326,341,191,269,69,66,119,251,337,179,295,340,338,292,287,343,168,225,220,267,,,212,132,,,342,155,320,326,336,340,340,318,322,297,329,257,189,149,146,308,283,135,325,283,349,251,230,267,,127,,,b'\x11\xe8\xe1I\xcbq\xca~\xaf\x82\x12\xdf\x17\xaeN\x1e'
11E8E149-CB71-CA7E-AF82-12DF17AE4E1E,2023-ncaa-d0-natl,ncaa,300,328,116,311,156,211,247,197,289,264,222,289,170,157,211,149,115,54,341,57,23,149,134,260,269,268,78,139,61,278,328,207,231,248,321,179,74,254,243,228,83,100,127,132,,,220,176,,,304,113,76,291,264,301,277,311,254,184,165,130,50,50,212,174,305,263,306,201,239,89,138,,199,,,301,286,286,230,279,264,205,267,272,229,290,219,186,173,221,171,155,215,240,292,287,252,196,229,113,212,231,326,328,307,321,323,313,87,95,241,90,86,179,198,,,74,51,,,304,244,299,237,301,268,270,198,243,169,262,214,174,159,155,193,248,199,323,296,317,92,86,157,,74,,,b'\x11\xe8\xe1I\xcbq\xca~\xaf\x82\x12\xdf\x17\xaeN\x1e'
11E8E149-CB71-CA7E-AF82-12DF17AE4E1E,2023-ncaa-d1-conf-Big 12,ncaa,10,10,3,10,6,10,10,9,10,10,6,10,7,7,7,7,5,3,9,3,3,8,6,10,10,10,3,6,3,8,9,8,7,7,10,8,4,10,10,10,3,4,6,6,,,5,4,,,10,5,4,8,10,10,10,10,8,9,8,5,3,3,10,9,9,8,8,8,10,4,6,,4,,,10,9,10,6,10,8,7,9,9,8,10,8,4,4,8,4,3,6,7,10,10,9,6,8,2,8,7,10,9,10,10,9,9,4,3,9,5,5,1,4,,,4,5,,,10,7,10,9,10,8,10,4,8,5,9,5,4,3,3,3,5,5,10,10,9,5,5,1,,5,,,b'\x11\xe8\xe1I\xcbq\xca~\xaf\x82\x12\xdf\x17\xaeN\x1e'
11E8E149-CB71-CA7E-AF82-12DF17AE4E1E,2023-ncaa-d1-natl,ncaa,312,328,151,321,205,251,285,256,299,293,253,299,192,175,213,152,141,67,342,69,23,203,187,271,281,273,75,141,53,303,333,250,240,294,331,211,78,230,254,239,112,111,142,135,,,189,183,,,312,144,85,291,274,311,287,317,258,191,168,130,51,50,228,189,311,274,316,217,240,102,144,,205,,,311,266,269,195,300,241,160,279,256,207,303,217,168,149,234,147,162,177,208,301,298,278,196,231,109,193,240,313,333,285,331,316,314,113,108,252,74,89,164,207,,,97,46,,,312,212,311,266,310,279,286,205,249,168,271,214,180,165,161,199,246,205,328,297,318,99,87,163,,71,,,b'\x11\xe8\xe1I\xcbq\xca~\xaf\x82\x12\xdf\x17\xaeN\x1e'
11E8E149-CB71-CA7E-AF82-12DF17AE4E1E,2024-ncaa-d0-natl,ncaa,86,82,94,90,126,99,112,161,73,251,323,69,10,23,15,13,203,223,137,225,69,165,181,25,32,44,6,4,297,204,179,52,119,97,74,39,11,127,147,34,328,343,27,24,,,118,84,,,63,180,273,263,100,124,244,313,347,8,19,238,255,258,258,296,240,43,100,29,99,345,22,,83,,,63,155,156,281,26,175,276,41,147,235,26,183,160,143,221,137,82,267,199,23,18,114,141,162,172,242,119,106,179,155,74,224,261,334,348,339,184,199,24,84,,,219,231,,,63,194,45,124,55,94,100,261,126,261,116,205,127,122,119,245,104,208,57,96,177,349,152,13,,286,,,b'\x11\xe8\xe1I\xcbq\xca~\xaf\x82\x12\xdf\x17\xaeN\x1e'
11E8E149-CB71-CA7E-AF82-12DF17AE4E1E,2024-ncaa-d1-conf-Big 12,ncaa,8,8,14,8,14,14,14,14,10,14,14,9,3,4,3,1,12,13,6,13,5,14,14,7,7,9,1,1,9,12,7,10,10,11,8,8,4,4,11,8,14,13,5,4,,,3,5,,,9,14,14,7,9,10,13,13,14,1,2,10,12,12,13,14,9,8,9,7,9,14,4,,4,,,9,2,3,3,7,1,3,3,6,4,11,7,5,4,12,4,6,2,1,8,9,8,9,9,7,5,10,1,7,1,8,9,12,14,13,13,9,12,1,7,,,14,9,,,9,1,8,11,9,7,6,11,7,11,9,7,8,8,8,10,1,9,4,5,11,13,10,2,,13,,,b'\x11\xe8\xe1I\xcbq\xca~\xaf\x82\x12\xdf\x17\xaeN\x1e'
11E8E149-CB71-CA7E-AF82-12DF17AE4E1E,2024-ncaa-d1-natl,ncaa,91,83,78,93,116,96,115,163,70,269,332,64,11,18,14,13,211,231,131,235,67,171,196,25,31,40,4,5,307,203,177,59,125,96,79,38,14,118,148,31,333,343,26,21,,,114,87,,,67,188,286,264,102,130,254,322,354,8,17,246,264,266,265,304,244,46,111,30,94,347,21,,80,,,67,160,170,292,27,180,278,50,156,251,28,206,156,142,222,138,83,276,212,31,25,116,147,184,161,249,125,105,177,154,79,241,281,341,350,342,182,199,17,82,,,229,241,,,67,190,39,134,57,93,104,263,130,253,130,219,122,118,115,243,98,209,55,87,192,351,146,12,,293,,,b'\x11\xe8\xe1I\xcbq\xca~\xaf\x82\x12\xdf\x17\xaeN\x1e'
11E8E149-CB71-CA7E-AF82-12DF17AE4E1E,2025-ncaa-d0-natl,genius_ncaa,4,4,5,6,5,7,11,21,10,30,96,7,1,7,8,34,53,81,42,81,139,23,23,4,3,2,60,28,316,74,100,9,28,14,11,5,23,114,32,6,212,313,3,10,,,255,68,,204,6,19,287,269,26,28,137,107,299,8,30,192,248,253,165,288,213,33,78,8,17,328,6,,48,,88,9,300,305,350,21,319,360,5,180,139,250,12,235,244,160,249,32,351,340,12,12,54,80,91,162,259,28,232,100,255,11,180,43,163,310,170,144,40,39,22,,,70,251,,340,6,345,2,44,5,33,48,174,96,331,40,17,69,73,75,130,50,62,11,12,24,340,21,7,,295,,355,b'\x11\xe8\xe1I\xcbq\xca~\xaf\x82\x12\xdf\x17\xaeN\x1e'
11E8E149-CB71-CA7E-AF82-12DF17AE4E1E,2025-ncaa-d1-conf-Big 12,genius_ncaa,1,1,1,1,4,3,3,6,2,8,12,2,1,2,2,2,9,10,2,10,7,7,9,1,2,1,3,2,11,7,1,3,3,3,1,3,4,2,3,2,15,15,1,2,,,5,6,,6,1,11,16,14,4,4,12,8,14,2,2,10,11,11,12,15,8,7,6,5,1,15,1,,4,,6,1,4,3,9,2,10,16,1,3,1,9,1,9,9,7,9,3,9,5,1,1,6,4,3,11,5,3,2,1,2,1,1,1,16,14,8,1,2,1,1,,,11,8,,16,1,6,1,6,1,2,2,3,4,15,3,1,8,8,9,3,1,4,1,1,1,16,1,1,,12,,16,b'\x11\xe8\xe1I\xcbq\xca~\xaf\x82\x12\xdf\x17\xaeN\x1e'
11E8E149-CB71-CA7E-AF82-12DF17AE4E1E,2025-ncaa-d1-natl,genius_ncaa,4,4,5,6,5,8,11,22,10,33,118,8,1,9,9,35,62,95,41,98,136,24,29,4,3,2,59,27,314,89,107,10,31,14,13,5,23,99,35,6,243,323,3,10,,,232,69,,191,6,25,291,269,28,30,152,122,307,11,34,193,250,258,179,294,221,34,88,8,19,335,6,,48,,91,10,281,296,347,25,315,360,5,163,111,258,14,222,225,166,227,32,348,332,13,12,66,79,90,156,244,31,207,107,225,13,163,46,199,315,185,126,45,36,22,,,88,246,,341,6,338,2,57,5,35,55,175,99,331,42,17,70,73,77,133,49,67,11,13,28,341,21,7,,297,,355,b'\x11\xe8\xe1I\xcbq\xca~\xaf\x82\x12\xdf\x17\xaeN\x1e'
11E8E149-CB71-CA7E-AF82-12DF17AE4E1E,2025-ncaa-d1-ncaatournament,genius_ncaa,5,2,5,5,5,7,9,15,7,10,14,10,5,9,13,32,5,6,7,6,3,13,9,5,1,5,11,29,11,19,36,8,35,9,13,9,17,66,52,37,39,65,4,15,,,59,13,,57,12,7,58,7,22,38,66,42,65,24,46,7,14,13,61,63,58,9,30,25,43,65,5,,13,,37,12,62,64,64,7,65,65,4,43,54,17,6,61,61,50,61,9,63,62,5,3,14,12,10,37,65,35,54,36,61,13,64,35,22,62,55,65,49,63,48,,,7,10,,32,12,62,13,17,11,10,15,43,34,59,7,9,32,21,25,45,25,49,3,7,26,63,41,29,,24,,59,b'\x11\xe8\xe1I\xcbq\xca~\xaf\x82\x12\xdf\x17\xaeN\x1e'
11E8E149-CB71-CA7E-AF82-12DF17AE4E1E,2026-ncaa-d0-natl,genius_ncaa,5,1,49,1,73,16,14,41,14,48,117,8,1,12,16,37,134,149,105,155,247,50,73,6,8,9,103,36,346,59,27,21,79,24,13,13,34,118,32,12,122,179,7,8,,,148,28,,118,5,78,166,97,13,12,31,41,208,3,15,218,253,262,58,129,81,8,11,10,33,174,7,,38,,70,6,76,85,303,1,91,314,2,89,238,11,143,83,105,64,94,19,282,288,1,1,1,144,174,133,289,79,158,27,210,13,123,243,71,125,54,115,50,15,13,,,122,261,,113,5,286,10,1,3,1,5,234,17,283,36,123,34,34,29,161,190,205,23,57,44,122,55,6,,238,,175,b'\x11\xe8\xe1I\xcbq\xca~\xaf\x82\x12\xdf\x17\xaeN\x1e'
11E8E149-CB71-CA7E-AF82-12DF17AE4E1E,2026-ncaa-d1-natl,genius_ncaa,5,1,85,1,117,20,16,63,14,59,173,10,4,18,15,36,174,206,98,212,249,76,118,6,8,9,92,29,346,85,37,24,93,33,15,13,35,83,40,13,179,219,9,7,,,93,29,,90,6,129,186,100,14,12,47,51,226,3,19,231,261,270,78,158,97,9,15,10,40,218,7,,44,,74,7,27,42,266,1,59,291,2,58,195,10,136,54,60,73,53,19,232,241,1,1,1,137,175,129,253,93,96,37,148,15,92,251,117,160,78,81,53,8,12,,,171,253,,131,6,235,10,1,4,1,8,245,21,292,38,124,34,38,33,175,186,217,24,66,53,158,54,6,,237,,163,b'\x11\xe8\xe1I\xcbq\xca~\xaf\x82\x12\xdf\x17\xaeN\x1e'
11E8E149-CB76-2F42-AF82-12DF17AE4E1E,2010-ncaa-d0-natl,ncaa,30,36,20,35,22,109,86,51,199,92,57,219,125,125,152,202,189,151,293,150,269,57,47,214,238,225,222,165,262,15,30,65,26,31,21,115,198,269,163,182,47,52,57,54,,,239,200,,,76,76,278,33,221,172,133,163,136,174,191,276,231,229,151,172,38,171,75,177,171,93,80,,117,,,76,130,88,194,40,80,217,23,164,156,223,132,260,213,313,217,194,202,247,45,67,42,273,194,285,72,26,234,30,167,21,80,134,54,55,34,255,163,271,195,,,133,285,,,76,270,173,20,76,19,17,23,21,56,100,71,163,126,127,23,44,15,82,29,26,119,163,207,,273,,,b'\x11\xe8\xe1I\xcbv/B\xaf\x82\x12\xdf\x17\xaeN\x1e'
11E8E149-CB76-2F42-AF82-12DF17AE4E1E,2010-ncaa-d1-conf-Atlantic 10,ncaa,2,2,1,2,1,3,3,2,7,4,2,7,2,5,3,8,8,5,12,5,9,2,1,7,8,8,7,5,10,1,2,2,2,2,2,4,11,14,10,9,4,5,3,2,,,12,10,,,3,2,8,3,4,4,5,5,3,4,8,9,7,7,4,3,1,4,2,8,13,7,3,,7,,,3,8,4,10,3,4,11,3,9,8,8,5,12,12,11,12,11,10,10,4,5,5,12,8,13,3,2,7,2,6,2,5,7,5,5,4,11,5,11,6,,,5,8,,,3,13,4,2,4,2,1,4,2,6,6,5,10,9,9,5,6,1,4,3,2,7,5,7,,7,,,b'\x11\xe8\xe1I\xcbv/B\xaf\x82\x12\xdf\x17\xaeN\x1e'
11E8E149-CB76-2F42-AF82-12DF17AE4E1E,2010-ncaa-d1-natl,ncaa,32,36,22,35,23,115,93,54,203,100,62,225,128,134,152,202,194,158,291,157,270,60,48,215,245,228,222,164,258,18,32,73,29,34,22,119,199,257,163,185,50,54,61,54,,,224,200,,,79,85,279,33,224,177,137,167,139,174,192,274,232,231,153,173,39,174,78,181,172,98,81,,118,,,80,109,73,182,42,71,207,24,159,143,226,133,249,202,314,207,194,187,235,48,70,45,273,194,287,60,29,221,32,155,22,72,135,60,61,36,248,164,267,200,,,147,286,,,79,260,176,21,79,21,18,23,21,58,99,69,167,129,129,25,42,16,87,29,26,125,165,210,,269,,,b'\x11\xe8\xe1I\xcbv/B\xaf\x82\x12\xdf\x17\xaeN\x1e'
11E8E149-CB76-2F42-AF82-12DF17AE4E1E,2010-ncaa-d1-ncaatournament,ncaa,17,2,17,17,20,31,29,25,51,31,27,49,20,17,36,20,35,31,57,31,37,25,28,48,52,51,25,22,41,27,48,32,52,31,55,30,34,40,38,39,13,7,21,30,,,35,20,,,63,27,43,9,53,48,41,43,41,25,23,45,43,43,43,44,34,57,55,44,28,10,29,,14,,,54,45,45,39,55,44,38,47,52,43,57,47,21,32,9,29,26,38,39,61,56,48,41,52,7,43,52,48,48,47,55,45,23,20,14,29,45,46,51,55,,,31,57,,,63,36,50,48,53,42,48,20,33,20,55,40,11,20,17,15,27,39,53,48,40,15,41,49,,55,,,b'\x11\xe8\xe1I\xcbv/B\xaf\x82\x12\xdf\x17\xaeN\x1e'
11E8E149-CB76-2F42-AF82-12DF17AE4E1E,2011-ncaa-d0-natl,ncaa,30,36,43,38,70,61,45,56,78,72,85,98,45,61,37,117,219,178,260,182,279,58,96,63,99,47,166,87,326,80,99,93,57,79,69,54,148,24,8,17,52,45,62,60,,,267,261,,,23,112,264,257,81,50,76,101,150,58,90,276,258,259,106,237,127,199,144,68,6,74,78,,192,,,24,102,68,136,59,96,218,30,83,58,218,54,259,232,252,240,223,157,210,46,79,55,201,103,298,108,57,226,99,176,69,165,287,72,58,97,45,31,206,140,,,140,205,,,23,227,34,37,23,34,24,23,45,101,55,24,200,181,187,29,43,38,111,67,106,123,27,158,,241,,,b'\x11\xe8\xe1I\xcbv/B\xaf\x82\x12\xdf\x17\xaeN\x1e'
11E8E149-CB76-2F42-AF82-12DF17AE4E1E,2011-ncaa-d1-conf-Atlantic 10,ncaa,2,2,4,2,5,4,4,4,3,4,4,2,5,3,8,6,10,8,11,7,12,4,4,4,5,2,9,6,14,4,2,5,3,4,4,4,9,1,1,2,1,1,1,1,,,9,9,,,2,4,8,6,2,2,1,3,6,5,4,11,12,11,3,8,4,5,4,5,1,1,1,,6,,,2,1,1,4,2,2,9,2,1,2,1,2,6,7,6,7,7,4,8,1,2,1,2,1,13,3,3,6,2,4,4,1,7,1,1,1,1,1,6,5,,,8,10,,,2,11,2,1,1,1,1,1,2,4,1,1,5,5,5,1,4,4,5,2,1,1,1,6,,9,,,b'\x11\xe8\xe1I\xcbv/B\xaf\x82\x12\xdf\x17\xaeN\x1e'
11E8E149-CB76-2F42-AF82-12DF17AE4E1E,2011-ncaa-d1-natl,ncaa,34,35,51,39,87,70,48,63,81,80,100,99,51,68,37,116,235,194,260,196,276,68,115,64,98,49,163,85,325,90,103,110,59,93,72,56,149,17,8,18,61,48,66,60,,,250,262,,,24,132,265,260,83,53,81,107,155,59,93,274,261,261,108,240,130,202,153,69,6,79,79,,190,,,25,80,54,112,61,84,202,32,74,50,219,53,247,220,255,228,223,131,184,52,85,58,198,103,298,89,59,209,103,150,72,153,288,86,66,100,35,29,200,147,,,158,205,,,24,207,35,43,24,36,26,24,48,105,55,23,199,183,191,28,41,39,112,67,109,126,26,168,,243,,,b'\x11\xe8\xe1I\xcbv/B\xaf\x82\x12\xdf\x17\xaeN\x1e'
11E8E149-CB76-2F42-AF82-12DF17AE4E1E,2011-ncaa-d1-ncaatournament,ncaa,17,2,17,17,18,27,26,23,30,24,23,40,25,29,1,53,31,25,59,25,42,24,29,30,35,27,38,23,53,23,32,29,42,27,36,29,50,32,11,24,15,7,29,37,,,39,41,,,17,29,40,3,35,28,24,24,15,22,53,46,34,34,26,39,25,44,39,41,9,8,34,,37,,,17,36,37,39,26,44,44,32,26,35,14,24,39,40,27,40,38,37,39,24,20,13,23,17,38,42,42,41,32,42,36,46,58,21,12,33,35,23,49,37,,,24,23,,,17,39,28,14,14,16,15,15,31,30,15,18,28,34,34,16,31,34,35,36,47,15,17,42,,27,,,b'\x11\xe8\xe1I\xcbv/B\xaf\x82\x12\xdf\x17\xaeN\x1e'
11E8E149-CB76-2F42-AF82-12DF17AE4E1E,2012-ncaa-d0-natl,ncaa,44,54,48,59,74,69,47,53,68,47,56,73,118,134,109,175,186,200,148,184,291,63,93,79,103,54,259,175,296,74,85,126,15,87,44,42,107,56,22,21,92,76,94,88,,,162,154,,,39,107,244,262,98,65,90,57,108,150,164,249,266,259,121,226,112,238,167,51,25,126,108,,71,,,40,151,161,145,204,193,212,157,105,62,260,61,160,118,280,126,104,136,181,187,197,136,103,98,173,9,15,207,85,94,44,208,230,84,71,130,72,49,123,48,,,195,278,,,39,234,37,68,36,55,73,26,115,94,71,31,106,72,74,18,27,3,101,19,135,144,42,80,,296,,,b'\x11\xe8\xe1I\xcbv/B\xaf\x82\x12\xdf\x17\xaeN\x1e'
11E8E149-CB76-2F42-AF82-12DF17AE4E1E,2012-ncaa-d1-conf-Atlantic 10,ncaa,3,2,4,3,6,3,2,2,5,3,4,4,4,5,7,7,9,6,9,8,10,2,2,5,5,3,8,6,12,2,3,6,2,2,1,2,5,3,2,1,2,2,3,1,,,8,6,,,2,4,4,9,2,1,2,1,3,5,5,8,7,8,2,3,2,6,3,2,4,2,2,,5,,,2,1,2,6,3,4,8,4,3,3,6,4,10,10,12,10,9,6,8,3,3,2,4,4,12,2,2,10,3,5,1,1,6,3,3,2,4,2,2,2,,,9,10,,,2,11,2,2,1,2,3,3,4,7,4,3,9,6,7,3,4,2,7,2,1,3,3,2,,9,,,b'\x11\xe8\xe1I\xcbv/B\xaf\x82\x12\xdf\x17\xaeN\x1e'
11E8E149-CB76-2F42-AF82-12DF17AE4E1E,2012-ncaa-d1-natl,ncaa,50,54,55,59,83,77,51,58,72,51,61,76,125,139,109,174,197,212,150,196,293,68,105,83,106,58,253,172,293,83,89,139,16,106,47,47,109,40,23,21,104,79,100,89,,,141,157,,,47,132,246,262,106,72,95,60,114,150,164,248,270,263,126,229,117,246,177,53,25,135,109,,73,,,46,135,143,119,207,184,191,164,94,51,264,60,146,110,281,114,106,110,146,187,199,143,105,100,173,5,16,190,89,62,47,196,232,96,74,135,61,49,118,53,,,213,278,,,47,209,42,76,42,59,77,25,117,98,72,32,106,74,76,20,27,3,103,19,139,154,43,84,,297,,,b'\x11\xe8\xe1I\xcbv/B\xaf\x82\x12\xdf\x17\xaeN\x1e'
11E8E149-CB76-2F42-AF82-12DF17AE4E1E,2013-ncaa-d0-natl,ncaa,177,216,80,202,94,237,206,150,273,211,164,268,177,157,223,147,298,302,182,298,325,179,148,268,285,294,194,140,281,74,64,110,150,81,84,110,24,293,279,185,201,206,50,49,,,84,78,,,198,175,286,215,296,267,229,256,225,198,177,318,323,321,274,237,87,146,101,119,260,227,49,,53,,,197,109,145,232,56,164,210,116,131,238,16,250,78,59,255,49,47,207,171,51,49,75,102,162,114,226,150,122,64,171,84,195,242,228,258,243,303,289,305,300,,,291,328,,,198,159,275,107,208,58,89,171,111,129,111,218,60,48,42,113,69,173,76,104,160,280,271,291,,329,,,b'\x11\xe8\xe1I\xcbv/B\xaf\x82\x12\xdf\x17\xaeN\x1e'
11E8E149-CB76-2F42-AF82-12DF17AE4E1E,2013-ncaa-d1-conf-Atlantic 10,ncaa,8,10,1,10,2,8,8,3,15,10,7,16,4,3,10,7,12,15,6,14,16,4,3,14,14,13,6,3,15,1,3,5,9,3,7,5,3,15,11,9,7,8,2,4,,,7,3,,,10,3,12,6,14,13,8,15,9,7,8,15,16,16,8,10,3,9,5,9,11,10,3,,2,,,10,14,16,15,9,12,14,9,11,14,9,13,7,8,9,5,3,14,13,9,6,7,8,11,5,15,9,12,3,15,7,14,8,4,8,11,14,13,11,10,,,10,16,,,10,12,13,9,10,6,8,9,9,7,9,11,5,4,3,5,5,7,7,9,9,9,12,9,,16,,,b'\x11\xe8\xe1I\xcbv/B\xaf\x82\x12\xdf\x17\xaeN\x1e'
11E8E149-CB76-2F42-AF82-12DF17AE4E1E,2013-ncaa-d1-natl,ncaa,186,216,90,205,111,254,230,172,277,228,186,277,182,164,224,149,308,310,181,308,325,204,169,269,288,297,192,137,280,82,67,123,153,94,88,118,26,282,282,192,209,215,54,50,,,76,76,,,203,197,288,210,298,271,234,261,228,200,176,320,324,322,279,239,95,149,106,124,261,231,51,,53,,,201,91,130,221,60,144,196,122,126,229,16,249,67,52,259,45,47,190,145,53,50,82,102,162,112,215,153,105,67,154,88,187,242,251,267,247,298,291,302,303,,,304,329,,,203,131,284,112,214,62,93,170,112,129,115,218,62,49,42,116,69,180,76,106,167,285,270,291,,329,,,b'\x11\xe8\xe1I\xcbv/B\xaf\x82\x12\xdf\x17\xaeN\x1e'
11E8E149-CB76-2F42-AF82-12DF17AE4E1E,2014-ncaa-d0-natl,ncaa,180,173,180,184,239,228,205,206,191,202,205,187,180,158,199,137,277,282,203,281,280,226,201,198,213,244,193,142,277,140,93,215,178,177,122,204,182,237,268,238,124,90,162,181,,,102,148,,,157,224,186,270,228,194,168,187,188,165,147,283,285,282,217,174,120,204,149,196,271,108,150,,128,,,158,78,127,125,175,234,219,187,14,30,32,38,91,106,121,104,80,112,114,120,116,106,8,23,143,125,178,87,93,93,122,188,244,162,137,183,123,155,348,348,,,315,334,,,157,129,224,106,157,106,172,150,259,276,18,33,118,121,121,138,146,156,115,119,221,153,151,349,,321,,,b'\x11\xe8\xe1I\xcbv/B\xaf\x82\x12\xdf\x17\xaeN\x1e'
11E8E149-CB76-2F42-AF82-12DF17AE4E1E,2014-ncaa-d1-conf-AAC,ncaa,5,5,7,5,9,6,6,8,5,7,9,4,3,4,6,4,8,9,5,9,5,8,9,4,5,5,3,4,7,7,6,6,4,6,5,6,8,8,8,7,4,5,8,9,,,5,8,,,5,9,3,4,6,6,8,7,9,3,4,6,7,7,8,6,6,6,6,6,8,4,8,,8,,,5,4,6,2,7,8,4,8,1,1,4,1,3,4,1,4,5,3,3,6,6,6,1,1,2,2,4,2,6,2,5,4,3,7,6,6,5,6,10,10,,,9,7,,,5,3,6,6,5,6,6,6,9,9,1,1,6,6,6,6,6,4,5,5,6,6,6,10,,7,,,b'\x11\xe8\xe1I\xcbv/B\xaf\x82\x12\xdf\x17\xaeN\x1e'
11E8E149-CB76-2F42-AF82-12DF17AE4E1E,2014-ncaa-d1-natl,ncaa,191,171,211,193,288,248,227,231,199,219,222,194,185,164,204,137,287,294,203,293,279,253,236,198,219,249,189,141,278,157,94,243,183,204,126,227,183,221,271,248,144,94,171,184,,,89,147,,,174,260,189,273,233,198,169,191,189,164,149,285,287,286,220,180,128,213,156,203,272,115,155,,128,,,174,62,112,96,181,220,200,192,10,21,33,37,86,95,124,93,79,82,85,126,120,115,8,22,145,114,183,69,94,70,126,174,243,181,145,190,111,155,348,349,,,326,333,,,174,92,229,112,174,109,178,155,266,279,19,33,120,123,123,138,145,156,118,121,224,154,153,349,,322,,,b'\x11\xe8\xe1I\xcbv/B\xaf\x82\x12\xdf\x17\xaeN\x1e'
11E8E149-CB76-2F42-AF82-12DF17AE4E1E,2015-ncaa-d0-natl,ncaa,84,209,4,149,4,29,40,5,293,69,19,315,20,18,104,109,38,59,61,54,231,8,9,259,254,191,59,74,175,10,109,33,225,13,185,62,202,254,46,117,41,96,131,251,,,332,159,,,143,12,139,86,123,158,26,231,112,66,80,137,196,194,32,67,44,201,96,171,85,88,215,,185,,,150,342,342,342,201,342,347,146,252,211,268,50,321,315,206,323,123,342,340,169,168,162,89,98,183,337,225,346,109,346,185,343,269,53,175,232,224,59,349,348,,,39,294,,,143,338,138,173,162,185,219,207,257,295,111,65,192,179,189,222,215,216,278,263,264,157,83,349,,239,,,b'\x11\xe8\xe1I\xcbv/B\xaf\x82\x12\xdf\x17\xaeN\x1e'
11E8E149-CB76-2F42-AF82-12DF17AE4E1E,2015-ncaa-d1-conf-AAC,ncaa,4,3,7,3,8,5,5,4,6,8,7,5,2,2,5,1,3,3,1,3,1,4,7,5,5,5,1,1,4,5,5,7,6,6,5,6,6,2,2,2,6,5,9,9,,,6,6,,,4,8,4,5,3,3,2,8,6,2,1,2,3,3,2,3,4,5,5,4,2,5,8,,6,,,4,3,6,4,7,9,9,7,1,1,5,1,6,6,4,6,6,3,3,4,4,6,2,1,6,3,6,7,5,6,5,6,6,7,7,7,1,3,8,9,,,5,8,,,4,3,3,5,4,5,8,6,9,10,1,2,6,6,6,7,8,5,8,8,6,7,3,9,,3,,,b'\x11\xe8\xe1I\xcbv/B\xaf\x82\x12\xdf\x17\xaeN\x1e'
11E8E149-CB76-2F42-AF82-12DF17AE4E1E,2015-ncaa-d1-natl,ncaa,92,207,4,160,4,33,43,6,296,89,21,323,25,23,105,109,42,66,60,60,232,11,10,264,257,196,58,71,170,11,117,38,231,15,195,73,211,242,46,126,47,103,139,255,,,328,160,,,161,14,147,86,129,166,29,245,115,66,80,137,199,194,36,72,49,210,107,177,85,97,216,,183,,,167,342,341,341,208,339,346,152,239,201,275,50,311,308,211,312,122,342,338,183,176,183,89,94,182,332,231,345,117,345,195,343,269,65,182,238,205,60,349,348,,,45,295,,,161,336,148,193,176,199,229,211,264,293,113,66,194,182,188,227,217,221,278,267,266,169,83,349,,240,,,b'\x11\xe8\xe1I\xcbv/B\xaf\x82\x12\xdf\x17\xaeN\x1e'
11E8E149-CB76-2F42-AF82-12DF17AE4E1E,2016-ncaa-d0-natl,ncaa,53,87,12,78,12,27,31,10,175,32,14,159,81,47,237,167,39,36,165,35,205,10,10,188,187,138,197,186,184,10,71,31,215,15,116,59,196,235,39,89,21,72,62,133,,,224,40,,,67,13,106,21,66,64,22,71,62,140,101,102,108,111,21,34,19,110,42,102,88,49,103,,85,,,75,315,328,339,118,330,346,104,192,213,131,65,211,181,301,185,40,342,341,85,81,80,60,94,107,336,215,340,71,343,116,328,250,35,121,167,251,78,342,285,,,34,240,,,67,337,94,97,83,169,210,272,247,313,98,92,105,77,81,234,275,266,253,265,239,85,134,321,,146,,,b'\x11\xe8\xe1I\xcbv/B\xaf\x82\x12\xdf\x17\xaeN\x1e'
11E8E149-CB76-2F42-AF82-12DF17AE4E1E,2016-ncaa-d1-conf-AAC,ncaa,3,3,3,3,3,3,4,2,7,5,1,7,3,2,5,6,2,2,6,2,3,1,1,7,6,5,4,7,4,1,3,5,6,4,6,5,6,4,3,3,2,2,3,3,,,4,4,,,3,1,2,2,3,4,1,4,1,4,3,2,2,1,1,1,1,5,5,4,3,2,3,,4,,,3,4,5,7,5,8,10,4,2,2,5,1,5,4,6,4,4,7,11,4,4,2,3,2,6,7,6,9,3,10,6,9,11,2,3,2,4,4,7,6,,,2,4,,,3,10,4,2,3,4,5,6,6,9,2,1,5,4,4,6,10,6,9,10,8,3,4,7,,1,,,b'\x11\xe8\xe1I\xcbv/B\xaf\x82\x12\xdf\x17\xaeN\x1e'
11E8E149-CB76-2F42-AF82-12DF17AE4E1E,2016-ncaa-d1-natl,ncaa,62,87,12,80,13,33,35,14,187,35,20,170,95,58,241,166,48,43,164,43,201,12,12,196,196,143,197,185,183,12,75,37,223,17,128,66,204,205,40,92,25,78,67,139,,,200,44,,,78,16,113,19,73,67,23,80,66,143,99,104,111,116,23,36,24,118,44,114,92,56,110,,86,,,86,305,322,334,134,325,346,110,185,196,134,62,196,168,304,170,40,335,337,97,89,94,56,92,105,334,223,334,75,341,128,325,251,43,128,184,233,83,341,287,,,46,235,,,78,334,106,118,96,177,216,277,256,313,100,91,110,83,86,237,275,272,257,276,246,95,137,323,,145,,,b'\x11\xe8\xe1I\xcbv/B\xaf\x82\x12\xdf\x17\xaeN\x1e'
11E8E149-CB76-2F42-AF82-12DF17AE4E1E,2017-ncaa-d0-natl,ncaa,31,28,74,32,99,71,74,42,180,105,76,191,69,69,125,131,96,108,123,106,191,45,68,161,155,93,117,120,195,24,44,93,202,43,92,77,131,58,31,54,170,197,177,232,,,176,104,,,34,107,175,220,74,77,30,129,107,80,80,120,129,127,32,86,23,119,36,94,35,202,202,,124,,,35,143,210,269,98,271,299,120,41,111,15,59,83,146,14,135,68,249,264,62,32,43,20,43,96,288,202,242,44,269,92,232,206,106,151,159,104,59,260,190,,,91,176,,,34,246,56,56,35,74,145,214,235,286,30,69,64,102,98,182,199,242,162,209,167,135,73,234,,114,,,b'\x11\xe8\xe1I\xcbv/B\xaf\x82\x12\xdf\x17\xaeN\x1e'
11E8E149-CB76-2F42-AF82-12DF17AE4E1E,2017-ncaa-d1-conf-AAC,ncaa,2,2,3,2,3,3,3,2,5,4,6,5,2,2,2,1,8,8,5,8,9,2,4,4,4,3,2,1,8,1,3,5,6,4,5,2,4,2,2,2,7,7,3,4,,,5,4,,,2,6,7,5,2,2,1,4,6,2,1,8,8,8,2,3,1,5,2,2,2,7,3,,4,,,2,6,6,6,3,6,8,3,1,2,2,3,4,6,1,6,4,6,8,3,3,3,1,3,4,9,6,8,3,8,5,3,2,4,4,3,6,3,4,3,,,5,7,,,2,6,2,4,2,4,4,5,6,9,1,2,4,5,5,6,6,9,7,7,2,6,5,3,,5,,,b'\x11\xe8\xe1I\xcbv/B\xaf\x82\x12\xdf\x17\xaeN\x1e'
11E8E149-CB76-2F42-AF82-12DF17AE4E1E,2017-ncaa-d1-natl,ncaa,43,28,98,35,122,85,93,54,190,125,96,199,83,79,132,130,111,126,120,124,197,58,89,168,163,99,113,118,191,32,48,112,213,51,98,93,141,40,30,56,193,207,191,231,,,147,103,,,47,136,181,216,81,91,31,142,112,82,79,120,142,137,35,96,24,133,42,99,35,209,206,,121,,,47,111,178,246,105,254,288,126,36,82,17,59,67,120,16,112,70,220,243,66,39,50,19,41,97,267,213,215,48,247,98,213,211,137,156,167,84,59,250,197,,,107,175,,,47,216,65,66,47,80,150,213,242,288,30,63,66,103,101,180,199,246,166,216,176,141,73,237,,116,,,b'\x11\xe8\xe1I\xcbv/B\xaf\x82\x12\xdf\x17\xaeN\x1e'
11E8E149-CB76-2F42-AF82-12DF17AE4E1E,2017-ncaa-d1-ncaatournament,ncaa,33,2,33,33,33,33,33,35,31,33,33,27,52,55,45,50,52,55,39,55,61,36,41,38,43,33,61,51,56,37,8,40,46,36,23,40,51,5,6,15,42,36,61,61,,,1,2,,,19,45,39,6,22,10,3,6,1,44,41,49,51,52,7,15,8,29,11,29,9,30,61,,2,,,20,11,19,24,37,23,26,42,7,13,12,24,3,8,4,6,6,23,18,28,19,29,6,16,4,25,46,7,8,12,23,14,30,56,53,48,10,25,30,45,,,63,64,,,19,11,20,38,27,31,49,51,54,56,10,27,4,17,11,47,36,53,25,40,36,52,24,51,,63,,,b'\x11\xe8\xe1I\xcbv/B\xaf\x82\x12\xdf\x17\xaeN\x1e'
11E8E149-CB76-2F42-AF82-12DF17AE4E1E,2018-ncaa-d0-natl,ncaa,222,244,117,233,139,129,151,103,241,188,181,213,90,56,215,78,138,116,247,120,105,95,86,211,220,211,82,96,159,63,121,175,249,119,199,156,192,204,154,191,300,321,318,335,,,279,237,,,266,110,94,217,139,168,90,224,202,90,59,137,126,125,87,76,62,215,124,166,201,311,321,,260,,,261,314,323,264,329,332,292,317,135,106,198,54,260,276,88,279,183,278,246,309,293,322,35,40,161,241,249,264,121,266,199,327,268,235,280,324,309,269,227,226,,,142,209,,,266,239,172,320,257,314,322,272,336,316,128,96,240,268,270,295,249,230,246,253,330,255,292,211,,160,,,b'\x11\xe8\xe1I\xcbv/B\xaf\x82\x12\xdf\x17\xaeN\x1e'
11E8E149-CB76-2F42-AF82-12DF17AE4E1E,2018-ncaa-d1-conf-AAC,ncaa,10,11,3,11,4,4,8,5,10,11,12,8,4,2,7,1,4,4,8,4,2,5,5,6,6,5,2,2,5,7,9,12,12,11,12,10,10,6,6,8,12,12,12,12,,,10,10,,,12,5,3,4,5,8,6,12,12,4,1,5,5,5,5,5,7,12,11,10,6,12,12,,9,,,12,12,12,10,12,12,11,11,7,3,12,3,10,9,9,9,7,11,9,12,12,12,3,5,8,9,12,11,9,11,12,12,8,8,9,12,10,9,5,10,,,4,3,,,12,8,5,12,12,12,12,9,12,10,8,3,9,9,9,11,10,8,10,10,12,9,9,5,,4,,,b'\x11\xe8\xe1I\xcbv/B\xaf\x82\x12\xdf\x17\xaeN\x1e'
11E8E149-CB76-2F42-AF82-12DF17AE4E1E,2018-ncaa-d1-natl,ncaa,231,243,144,242,178,159,183,126,252,219,221,220,98,65,218,79,153,143,246,145,104,119,116,223,229,220,82,97,149,77,129,220,255,158,212,179,193,187,158,197,316,327,323,336,,,252,241,,,277,140,94,203,149,176,92,235,210,92,59,141,127,128,89,79,66,228,133,177,204,316,323,,262,,,275,307,322,245,333,330,289,323,118,80,209,53,246,265,99,265,184,262,212,318,307,329,34,40,160,215,255,235,129,250,212,325,267,262,287,328,298,272,215,235,,,181,206,,,277,208,184,325,273,321,327,273,337,316,128,93,242,269,272,299,248,238,251,260,330,262,297,213,,166,,,b'\x11\xe8\xe1I\xcbv/B\xaf\x82\x12\xdf\x17\xaeN\x1e'
11E8E149-CB76-2F42-AF82-12DF17AE4E1E,2019-ncaa-d0-natl,ncaa,236,245,173,242,246,179,149,112,224,188,184,189,101,82,210,77,289,310,115,308,321,145,159,199,215,197,154,88,316,81,86,169,269,125,164,200,258,138,129,182,215,225,213,233,,,144,140,,,186,199,146,332,146,127,54,169,167,91,61,301,314,314,101,115,66,149,78,194,153,210,214,,174,,,186,164,159,203,115,129,194,80,236,202,274,191,137,198,19,201,188,210,186,138,110,160,239,268,138,290,269,148,86,225,164,294,331,233,244,289,155,145,216,224,,,295,330,,,186,151,150,201,185,192,197,257,149,235,268,219,148,221,225,267,243,306,181,257,310,223,172,228,,311,,,b'\x11\xe8\xe1I\xcbv/B\xaf\x82\x12\xdf\x17\xaeN\x1e'
11E8E149-CB76-2F42-AF82-12DF17AE4E1E,2019-ncaa-d1-conf-AAC,ncaa,6,5,8,6,12,3,4,7,4,9,10,4,2,2,3,1,10,12,3,11,7,8,9,3,3,3,2,1,12,8,9,7,8,8,7,5,7,3,4,3,11,11,8,10,,,9,7,,,4,8,2,10,3,3,2,7,10,1,1,9,12,11,3,4,6,3,4,5,4,11,8,,10,,,4,10,8,8,7,7,9,5,7,5,11,4,12,12,2,12,12,10,7,7,5,10,8,7,11,9,8,7,9,8,7,8,10,12,12,12,3,5,4,4,,,11,12,,,4,5,3,12,5,11,9,11,8,11,8,6,12,12,12,12,11,11,9,10,9,11,6,4,,11,,,b'\x11\xe8\xe1I\xcbv/B\xaf\x82\x12\xdf\x17\xaeN\x1e'
11E8E149-CB76-2F42-AF82-12DF17AE4E1E,2019-ncaa-d1-natl,ncaa,232,245,155,244,230,180,155,123,226,196,197,187,101,82,206,75,280,298,119,298,309,150,176,199,210,191,129,83,307,105,104,163,267,128,173,206,251,126,124,177,220,219,220,232,,,169,161,,,196,205,154,332,152,137,70,185,184,85,59,290,307,305,116,133,86,151,95,193,144,208,218,,192,,,196,178,166,225,123,119,179,83,268,237,285,216,146,212,24,216,206,220,184,152,121,182,268,281,145,282,267,166,104,224,173,301,335,245,251,297,125,129,209,226,,,292,314,,,196,145,151,218,196,207,195,257,140,211,284,241,164,223,227,266,238,300,184,254,312,232,149,219,,297,,,b'\x11\xe8\xe1I\xcbv/B\xaf\x82\x12\xdf\x17\xaeN\x1e'
11E8E149-CB76-2F42-AF82-12DF17AE4E1E,2020-ncaa-d0-natl,ncaa,140,170,33,167,66,67,71,35,148,102,124,117,73,51,182,96,120,169,86,162,185,42,50,131,136,117,127,117,219,22,47,48,147,20,58,69,140,174,102,99,347,351,154,191,,,283,254,,,207,96,209,174,98,99,67,141,189,92,72,164,202,201,82,109,41,82,29,94,126,349,184,,232,,,205,328,293,310,166,238,271,110,329,301,326,219,317,308,221,308,254,329,246,216,230,332,308,283,237,256,147,179,47,220,58,328,304,343,348,350,141,77,164,137,,,151,248,,,207,234,76,331,219,293,256,283,174,217,320,269,278,272,273,297,139,208,100,142,308,348,90,133,,216,,,b'\x11\xe8\xe1I\xcbv/B\xaf\x82\x12\xdf\x17\xaeN\x1e'
11E8E149-CB76-2F42-AF82-12DF17AE4E1E,2020-ncaa-d1-conf-AAC,ncaa,6,6,3,6,4,3,3,3,4,4,8,3,3,2,8,3,7,9,3,9,8,3,4,5,5,4,5,4,9,2,6,3,3,3,5,3,8,4,3,3,12,12,9,11,,,10,10,,,6,4,9,4,3,3,1,5,9,3,2,6,10,10,2,5,3,3,3,3,3,12,10,,9,,,6,12,10,9,8,9,10,6,12,10,12,7,11,10,11,10,10,11,6,8,9,12,11,9,9,4,3,7,6,7,5,11,8,12,12,12,1,2,6,4,,,8,7,,,6,8,4,12,7,12,10,11,9,9,12,10,11,10,10,12,3,4,8,7,9,12,2,5,,7,,,b'\x11\xe8\xe1I\xcbv/B\xaf\x82\x12\xdf\x17\xaeN\x1e'
11E8E149-CB76-2F42-AF82-12DF17AE4E1E,2020-ncaa-d1-natl,ncaa,150,170,45,170,90,82,84,50,156,125,153,125,81,68,189,97,142,193,87,187,186,63,80,139,141,124,125,117,210,31,50,69,153,24,61,81,147,147,103,107,350,351,163,195,,,265,260,,,219,133,216,171,106,108,74,152,196,96,73,164,203,202,90,115,46,90,32,101,126,349,183,,235,,,219,318,285,296,178,217,252,118,328,290,330,217,308,300,224,301,257,319,204,222,238,338,306,285,237,236,153,156,50,193,61,325,304,347,348,350,116,78,152,141,,,184,246,,,219,194,81,336,232,298,268,284,180,221,325,270,282,275,276,301,134,209,101,149,314,348,93,136,,214,,,b'\x11\xe8\xe1I\xcbv/B\xaf\x82\x12\xdf\x17\xaeN\x1e'
11E8E149-CB76-2F42-AF82-12DF17AE4E1E,2021-ncaa-d0-natl,ncaa,151,165,157,157,182,194,179,169,216,126,112,194,269,230,324,283,141,97,295,100,124,162,157,256,256,264,287,308,72,144,178,169,303,159,248,103,29,245,235,150,95,108,117,169,,,176,118,,,239,149,79,224,225,206,183,105,93,309,269,116,57,58,143,98,145,173,150,78,255,85,125,,181,,,230,176,202,212,148,232,248,138,124,145,113,81,168,207,26,208,136,211,207,118,92,114,61,80,141,293,303,190,178,239,248,251,273,141,172,228,274,273,267,232,,,167,200,,,239,191,259,160,235,200,232,257,262,297,112,116,169,220,219,273,290,315,221,297,273,129,280,280,,151,,,b'\x11\xe8\xe1I\xcbv/B\xaf\x82\x12\xdf\x17\xaeN\x1e'
11E8E149-CB76-2F42-AF82-12DF17AE4E1E,2021-ncaa-d1-conf-AAC,ncaa,5,6,3,5,3,4,4,4,4,3,2,3,7,6,8,7,4,2,7,2,3,3,4,6,6,5,7,8,3,6,10,4,8,5,9,3,3,9,6,4,5,6,4,8,,,8,3,,,5,4,3,5,4,4,7,3,5,8,7,3,2,2,6,5,9,6,8,2,6,6,6,,6,,,5,9,9,9,6,10,10,3,8,8,10,4,8,8,2,8,3,9,8,6,5,6,5,6,4,9,8,9,10,10,9,10,5,3,6,8,7,6,9,6,,,4,6,,,5,8,7,6,5,6,9,10,9,11,6,5,5,6,6,9,10,11,7,8,8,6,7,5,,6,,,b'\x11\xe8\xe1I\xcbv/B\xaf\x82\x12\xdf\x17\xaeN\x1e'
11E8E149-CB76-2F42-AF82-12DF17AE4E1E,2021-ncaa-d1-natl,ncaa,164,165,182,163,201,205,198,193,225,141,129,203,276,241,326,280,153,112,295,114,123,181,170,261,262,266,286,304,71,166,183,186,304,185,259,115,30,233,238,153,112,113,124,170,,,161,119,,,249,172,80,225,233,214,186,111,98,308,268,116,59,61,150,100,152,179,158,82,258,91,128,,182,,,241,161,184,197,157,223,238,153,116,132,111,79,161,199,28,201,137,192,188,125,100,120,60,79,145,284,304,177,183,225,259,246,274,159,180,238,266,277,263,235,,,180,194,,,249,169,266,175,247,212,240,257,270,301,111,113,167,222,220,277,289,318,223,303,275,136,283,284,,151,,,b'\x11\xe8\xe1I\xcbv/B\xaf\x82\x12\xdf\x17\xaeN\x1e'
11E8E149-CB76-2F42-AF82-12DF17AE4E1E,2022-ncaa-d0-natl,ncaa,199,180,216,205,227,252,253,236,268,179,150,234,325,291,350,299,124,130,142,129,145,224,201,302,285,293,293,330,38,111,65,192,286,159,137,191,75,268,278,233,195,189,106,123,,,259,288,,,205,232,185,98,258,260,224,140,104,331,291,89,101,97,196,115,74,141,86,167,289,168,81,,297,,,207,79,81,149,61,143,247,40,24,38,89,28,199,215,134,207,156,163,146,34,49,69,86,51,279,288,286,95,65,152,137,208,321,223,218,245,269,276,298,281,,,233,236,,,205,116,268,105,212,118,115,226,186,318,41,47,227,244,241,236,230,308,118,225,260,202,285,319,,201,,,b'\x11\xe8\xe1I\xcbv/B\xaf\x82\x12\xdf\x17\xaeN\x1e'
11E8E149-CB76-2F42-AF82-12DF17AE4E1E,2022-ncaa-d1-conf-AAC,ncaa,5,5,4,6,5,7,6,7,5,4,6,5,11,9,11,9,2,3,5,3,4,6,5,10,6,10,8,11,2,5,3,3,6,5,4,7,7,11,11,9,7,7,4,8,,,9,9,,,6,3,6,3,7,7,7,3,5,11,9,2,2,2,5,3,5,4,3,7,11,7,4,,9,,,6,6,7,10,4,9,11,4,2,1,10,1,7,8,4,8,3,9,9,4,3,5,2,1,5,9,6,3,3,6,4,8,6,6,8,10,8,8,5,4,,,6,5,,,6,9,8,6,6,6,6,10,8,11,2,2,6,7,6,9,7,8,4,6,8,7,9,5,,4,,,b'\x11\xe8\xe1I\xcbv/B\xaf\x82\x12\xdf\x17\xaeN\x1e'
11E8E149-CB76-2F42-AF82-12DF17AE4E1E,2022-ncaa-d1-natl,ncaa,219,180,270,214,274,286,292,278,281,212,177,252,335,308,350,298,145,155,143,154,142,263,253,310,295,307,294,331,36,132,72,231,290,193,147,225,76,244,290,245,223,201,116,129,,,233,289,,,223,274,189,94,277,282,232,152,106,333,292,92,99,96,201,124,78,157,93,179,290,183,91,,297,,,230,62,64,116,71,122,223,43,19,21,98,27,178,196,143,191,155,119,95,39,52,84,83,49,280,273,290,55,72,118,147,198,320,257,227,263,241,283,293,290,,,267,233,,,223,73,277,127,231,129,128,229,193,318,42,47,233,249,248,236,227,311,126,232,261,210,288,317,,201,,,b'\x11\xe8\xe1I\xcbv/B\xaf\x82\x12\xdf\x17\xaeN\x1e'
11E8E149-CB76-2F42-AF82-12DF17AE4E1E,2023-ncaa-d0-natl,ncaa,242,239,236,248,264,226,227,167,283,236,160,297,186,192,175,177,223,238,114,237,270,182,199,267,261,243,148,146,173,141,174,218,330,189,272,191,126,115,144,162,212,209,65,65,,,249,277,,,221,225,130,209,206,215,72,222,116,164,149,203,210,209,100,113,112,170,130,164,174,181,43,,305,,,221,139,80,150,89,139,228,76,60,68,105,51,299,305,148,306,282,183,174,70,96,114,185,54,335,327,330,216,174,286,272,225,312,206,211,245,84,112,277,277,,,301,329,,,221,122,237,192,222,219,156,248,203,311,81,87,324,328,328,292,295,345,284,331,262,170,134,306,,298,,,b'\x11\xe8\xe1I\xcbv/B\xaf\x82\x12\xdf\x17\xaeN\x1e'
11E8E149-CB76-2F42-AF82-12DF17AE4E1E,2023-ncaa-d1-conf-AAC,ncaa,9,8,5,9,8,7,6,5,8,8,7,8,3,3,5,4,7,9,2,9,8,5,6,7,5,5,4,3,7,7,10,9,10,8,10,8,7,4,4,5,6,7,2,4,,,8,8,,,8,4,3,7,6,6,4,7,7,3,2,6,9,9,4,5,7,7,7,5,3,6,2,,9,,,8,9,7,6,7,9,10,5,3,4,6,3,10,10,8,10,10,7,7,6,8,8,4,2,10,10,10,8,10,8,10,7,5,7,6,8,3,4,5,5,,,10,9,,,8,6,7,9,8,10,9,9,10,10,4,4,10,10,10,10,9,10,9,10,7,6,4,5,,9,,,b'\x11\xe8\xe1I\xcbv/B\xaf\x82\x12\xdf\x17\xaeN\x1e'
11E8E149-CB76-2F42-AF82-12DF17AE4E1E,2023-ncaa-d1-natl,ncaa,265,239,310,264,320,266,273,215,295,277,203,311,203,206,174,174,240,266,113,266,269,237,260,279,274,251,144,150,171,169,181,265,335,240,285,226,134,81,144,169,237,225,75,66,,,226,284,,,248,288,135,187,223,229,82,236,122,169,152,204,213,214,108,121,114,181,143,174,177,195,45,,308,,,250,95,60,113,98,111,196,84,48,50,114,50,292,297,153,300,285,139,118,72,108,136,189,54,335,317,335,181,181,258,285,209,313,242,221,256,68,115,273,284,,,323,327,,,248,68,249,214,252,232,165,251,221,313,84,87,329,333,333,297,294,347,289,331,270,182,133,309,,300,,,b'\x11\xe8\xe1I\xcbv/B\xaf\x82\x12\xdf\x17\xaeN\x1e'
11E8E149-CB76-2F42-AF82-12DF17AE4E1E,2024-ncaa-d0-natl,ncaa,86,82,94,90,94,92,68,25,213,50,16,248,170,172,178,269,181,173,196,162,334,30,42,231,248,187,297,246,279,9,17,152,244,47,106,105,223,123,37,86,43,56,109,137,,,348,337,,,75,84,133,13,83,51,10,39,11,186,193,206,211,202,14,22,6,226,28,115,96,50,127,,334,,,74,194,130,180,102,204,240,115,50,86,41,51,336,331,264,331,302,224,276,67,137,53,162,24,343,256,244,293,17,289,106,193,251,25,38,52,40,9,310,154,,,159,322,,,75,275,109,62,79,129,72,97,159,194,27,52,323,315,316,157,260,226,251,254,149,34,29,305,,212,,,b'\x11\xe8\xe1I\xcbv/B\xaf\x82\x12\xdf\x17\xaeN\x1e'
11E8E149-CB76-2F42-AF82-12DF17AE4E1E,2024-ncaa-d1-conf-AAC,ncaa,1,1,4,1,4,4,4,3,11,5,4,11,7,9,6,10,6,9,6,8,10,3,3,10,11,8,9,9,8,4,4,8,7,3,4,10,13,5,5,9,4,4,8,8,,,13,13,,,1,4,8,4,4,4,2,5,3,7,8,6,8,8,2,2,3,6,2,11,4,4,8,,13,,,2,2,2,4,2,4,8,5,2,6,1,5,14,14,11,14,14,6,10,2,4,1,7,3,14,5,7,10,4,9,4,6,8,3,3,2,3,3,13,9,,,10,11,,,1,11,5,1,2,2,2,3,4,6,3,5,13,13,13,4,7,5,8,8,4,4,3,13,,9,,,b'\x11\xe8\xe1I\xcbv/B\xaf\x82\x12\xdf\x17\xaeN\x1e'
11E8E149-CB76-2F42-AF82-12DF17AE4E1E,2024-ncaa-d1-natl,ncaa,108,83,130,103,131,114,88,35,227,59,20,264,194,200,182,272,200,202,196,194,337,41,60,244,263,196,294,242,280,12,17,200,255,62,123,129,234,95,38,94,60,68,122,142,,,344,342,,,89,110,140,13,91,58,11,43,11,194,200,208,215,205,16,24,7,236,37,126,97,56,130,,337,,,85,164,102,141,119,177,213,128,39,63,50,49,333,326,273,327,305,186,249,78,159,67,161,26,344,241,255,268,17,268,123,179,255,44,47,68,31,9,303,166,,,191,322,,,89,250,119,84,91,145,84,102,173,199,30,54,328,320,321,163,261,231,262,264,164,40,27,310,,215,,,b'\x11\xe8\xe1I\xcbv/B\xaf\x82\x12\xdf\x17\xaeN\x1e'
11E8E149-CB76-2F42-AF82-12DF17AE4E1E,2025-ncaa-d0-natl,genius_ncaa,96,77,135,92,157,132,122,74,243,123,57,301,178,193,134,260,190,212,105,220,328,83,90,250,252,212,223,205,223,47,70,147,216,90,154,159,208,148,100,156,56,47,122,149,,,165,114,,171,113,122,80,208,121,115,26,111,34,185,200,198,229,237,42,53,33,158,62,157,153,46,124,,156,,163,109,131,156,201,123,163,244,73,171,115,270,102,98,140,16,122,102,195,240,119,97,53,146,196,104,237,216,267,70,268,154,234,290,54,49,97,193,144,235,120,,,224,328,,82,113,238,170,59,111,111,139,182,146,247,159,98,90,135,125,159,275,237,275,272,239,42,186,244,,259,,77,b'\x11\xe8\xe1I\xcbv/B\xaf\x82\x12\xdf\x17\xaeN\x1e'
11E8E149-CB76-2F42-AF82-12DF17AE4E1E,2025-ncaa-d1-conf-AAC,genius_ncaa,4,4,3,4,6,2,4,2,8,5,5,8,7,5,6,9,2,5,1,5,10,3,4,7,5,3,6,7,5,5,6,5,6,3,6,6,9,9,4,4,1,2,9,9,,,9,7,,8,4,4,6,10,1,3,1,4,4,6,6,1,7,7,2,2,5,7,4,7,6,2,10,,9,,7,4,5,3,7,5,4,8,4,3,3,7,3,8,9,6,9,9,6,10,5,5,3,9,4,10,6,6,5,6,4,6,7,9,1,1,2,9,9,6,4,,,6,7,,6,4,10,3,3,4,4,2,4,3,6,2,3,7,9,8,3,7,5,7,5,6,1,11,6,,7,,7,b'\x11\xe8\xe1I\xcbv/B\xaf\x82\x12\xdf\x17\xaeN\x1e'
11E8E149-CB76-2F42-AF82-12DF17AE4E1E,2025-ncaa-d1-natl,genius_ncaa,107,77,172,97,206,156,141,89,258,146,68,314,195,218,137,260,214,235,103,239,329,104,120,264,268,219,216,202,221,56,72,178,228,117,168,179,217,127,105,163,73,55,137,152,,,141,121,,157,124,152,88,195,137,125,29,126,36,188,201,200,229,238,46,58,35,163,71,170,154,57,130,,161,,167,119,104,139,167,131,135,224,74,155,87,280,101,79,121,18,108,104,156,215,133,114,65,145,197,103,217,228,244,72,240,168,222,292,69,54,105,171,146,222,129,,,251,323,,91,124,204,187,71,120,123,149,185,161,252,163,101,95,139,128,168,273,243,281,275,248,47,187,251,,258,,75,b'\x11\xe8\xe1I\xcbv/B\xaf\x82\x12\xdf\x17\xaeN\x1e'
11E8E149-CB76-2F42-AF82-12DF17AE4E1E,2026-ncaa-d0-natl,genius_ncaa,163,198,116,199,120,133,128,117,170,115,111,180,151,156,184,216,118,144,51,155,254,129,127,183,162,161,210,209,157,82,67,121,99,111,75,115,121,240,166,153,201,235,284,318,,,178,122,,205,205,140,144,41,126,125,80,114,97,177,170,117,175,187,95,82,65,106,76,105,205,228,310,,130,,183,204,285,298,257,242,253,223,227,326,298,295,300,116,96,247,85,54,240,198,271,260,289,227,315,34,140,99,182,67,165,75,326,321,234,299,337,141,96,273,209,,,172,280,,205,205,221,140,267,206,275,289,291,238,202,331,316,80,62,55,259,178,110,134,109,331,290,122,263,,232,,234,b'\x11\xe8\xe1I\xcbv/B\xaf\x82\x12\xdf\x17\xaeN\x1e'
11E8E149-CB76-2F42-AF82-12DF17AE4E1E,2026-ncaa-d1-natl,genius_ncaa,203,195,177,216,181,196,190,181,199,170,164,208,213,209,203,216,151,199,49,212,258,190,190,210,199,199,190,204,133,121,88,183,112,164,96,170,131,188,189,176,276,276,314,330,,,122,135,,178,247,206,162,31,161,167,100,141,112,196,186,122,186,196,121,107,79,123,95,131,216,265,324,,139,,198,250,248,261,202,280,211,165,264,320,272,314,299,80,55,255,46,54,183,130,308,296,327,221,314,35,91,112,129,88,111,96,316,324,309,314,345,108,104,256,233,,,242,268,,227,247,150,174,312,254,310,321,305,270,217,343,319,91,71,63,274,173,115,153,125,346,307,127,281,,231,,234,b'\x11\xe8\xe1I\xcbv/B\xaf\x82\x12\xdf\x17\xaeN\x1e'
11E8E149-CB7A-4F64-AF82-12DF17AE4E1E,2010-ncaa-d0-natl,ncaa,3,4,12,4,19,13,6,14,9,8,10,16,95,165,15,274,149,113,241,127,328,19,25,15,24,13,314,237,336,9,9,10,41,10,5,9,204,98,12,13,199,277,2,5,,,168,42,,,5,38,213,283,18,7,35,6,18,152,256,245,221,233,57,148,36,17,13,24,19,283,4,,39,,,6,210,225,327,12,163,310,4,293,297,152,251,94,87,179,95,23,318,305,13,7,25,229,301,65,273,41,137,9,201,5,112,48,153,272,112,64,22,230,72,,,69,254,,,5,307,6,27,6,29,50,240,38,202,218,244,27,27,28,179,114,138,16,27,27,280,22,149,,225,,,b'\x11\xe8\xe1I\xcbzOd\xaf\x82\x12\xdf\x17\xaeN\x1e'
11E8E149-CB7A-4F64-AF82-12DF17AE4E1E,2010-ncaa-d1-conf-SEC,ncaa,1,1,1,1,3,1,1,2,1,1,1,1,5,8,2,10,4,2,8,3,8,2,2,2,2,1,9,9,9,1,1,1,2,1,1,1,5,5,5,2,8,9,1,1,,,6,4,,,1,2,5,11,1,1,5,1,2,6,10,6,5,5,4,6,2,1,1,1,4,9,1,,4,,,1,4,3,12,1,2,9,1,12,11,9,10,3,4,8,4,2,11,9,1,1,1,11,12,5,5,2,3,1,4,1,3,4,5,7,4,9,5,1,1,,,3,6,,,1,11,1,3,1,1,1,8,1,4,10,10,2,2,2,6,5,4,1,1,2,7,6,1,,5,,,b'\x11\xe8\xe1I\xcbzOd\xaf\x82\x12\xdf\x17\xaeN\x1e'
11E8E149-CB7A-4F64-AF82-12DF17AE4E1E,2010-ncaa-d1-natl,ncaa,3,4,12,4,21,13,6,15,9,8,10,16,98,170,14,270,157,125,241,135,328,21,27,16,24,13,314,234,336,9,9,11,41,10,5,11,207,83,12,13,221,283,2,5,,,150,44,,,5,41,216,285,20,7,37,6,18,153,256,249,223,235,57,152,36,19,14,25,19,290,4,,42,,,6,196,217,326,13,150,307,5,290,293,155,250,85,80,185,88,22,317,304,14,7,28,229,301,66,267,41,123,9,192,5,102,51,169,275,123,52,22,222,75,,,75,250,,,5,305,6,28,7,31,50,242,41,204,218,245,26,27,30,182,112,142,16,27,28,282,23,152,,226,,,b'\x11\xe8\xe1I\xcbzOd\xaf\x82\x12\xdf\x17\xaeN\x1e'
11E8E149-CB7A-4F64-AF82-12DF17AE4E1E,2010-ncaa-d1-ncaatournament,ncaa,9,2,9,9,11,11,7,9,11,8,9,18,13,13,15,50,29,20,60,19,53,9,9,16,25,12,59,40,59,6,5,12,11,9,11,9,39,38,3,1,17,35,6,10,,,54,35,,,4,12,28,9,8,1,3,4,2,27,39,51,42,42,6,11,3,24,8,9,3,37,7,,29,,,3,50,51,50,26,53,53,24,38,41,28,11,52,48,51,48,20,51,50,23,22,22,20,16,35,46,11,54,5,52,11,45,10,14,27,16,30,3,62,49,,,16,50,,,4,52,4,17,3,13,23,20,34,39,15,11,28,23,22,16,16,8,28,18,11,32,3,55,,47,,,b'\x11\xe8\xe1I\xcbzOd\xaf\x82\x12\xdf\x17\xaeN\x1e'
11E8E149-CB7A-4F64-AF82-12DF17AE4E1E,2011-ncaa-d0-natl,ncaa,2,3,4,3,10,4,4,4,6,6,6,8,15,42,8,200,37,15,233,14,177,4,5,6,11,8,241,166,297,5,4,4,25,2,4,23,319,226,15,49,105,233,4,16,,,242,35,,,4,6,96,343,6,3,25,11,49,60,141,105,76,73,25,58,14,3,2,83,52,227,13,,45,,,4,259,283,341,6,239,335,7,292,336,19,279,115,108,194,109,18,340,338,6,4,9,185,262,67,321,25,192,4,276,4,117,24,51,228,48,235,54,164,31,,,7,99,,,4,338,5,11,4,36,59,286,49,219,163,283,24,20,20,235,217,155,9,23,17,210,91,64,,41,,,b'\x11\xe8\xe1I\xcbzOd\xaf\x82\x12\xdf\x17\xaeN\x1e'
11E8E149-CB7A-4F64-AF82-12DF17AE4E1E,2011-ncaa-d1-conf-SEC,ncaa,1,1,1,1,2,1,1,2,1,1,2,1,1,4,1,7,2,2,3,2,5,2,2,1,1,1,6,5,7,2,1,1,2,1,1,2,8,8,2,2,9,9,1,1,,,5,1,,,1,2,3,12,1,1,3,1,4,1,4,3,3,3,2,3,3,1,1,2,5,9,1,,1,,,1,3,5,12,1,2,11,1,10,12,1,11,2,1,8,1,1,12,12,1,1,1,11,11,2,10,2,1,1,3,1,2,5,6,10,3,9,8,3,2,,,2,5,,,1,11,1,1,1,2,2,11,1,9,10,12,1,1,1,11,10,7,1,1,2,9,9,2,,3,,,b'\x11\xe8\xe1I\xcbzOd\xaf\x82\x12\xdf\x17\xaeN\x1e'
11E8E149-CB7A-4F64-AF82-12DF17AE4E1E,2011-ncaa-d1-natl,ncaa,2,3,4,3,10,4,4,5,6,6,6,9,16,50,8,199,41,16,230,15,181,5,6,6,11,9,236,165,296,5,4,4,29,2,4,27,319,211,17,50,120,235,5,17,,,227,33,,,4,7,95,342,6,3,25,11,51,61,141,107,78,75,25,60,16,3,2,86,51,234,13,,45,,,4,246,270,341,6,227,335,7,290,335,18,279,106,94,198,93,18,340,337,6,4,9,183,260,65,316,29,170,4,260,4,104,24,60,232,54,223,56,152,34,,,7,97,,,4,337,5,11,4,38,59,288,53,220,164,283,26,20,21,237,216,158,9,24,17,218,91,70,,44,,,b'\x11\xe8\xe1I\xcbzOd\xaf\x82\x12\xdf\x17\xaeN\x1e'
11E8E149-CB7A-4F64-AF82-12DF17AE4E1E,2011-ncaa-d1-ncaatournament,ncaa,5,2,5,5,5,5,5,5,7,4,4,9,8,8,27,54,8,6,50,6,40,5,5,9,18,7,55,51,44,3,5,5,6,5,4,6,41,52,5,2,11,37,5,12,,,56,10,,,4,6,15,3,3,1,7,1,3,31,49,28,14,14,5,11,7,3,2,12,7,36,10,,9,,,3,59,58,59,16,58,60,13,56,56,29,38,55,53,39,51,12,58,58,16,14,22,33,44,21,51,6,58,5,57,4,59,35,10,39,41,50,4,56,25,,,8,35,,,4,59,1,8,3,22,28,47,21,43,40,39,16,15,13,39,34,16,18,11,31,40,7,31,,19,,,b'\x11\xe8\xe1I\xcbzOd\xaf\x82\x12\xdf\x17\xaeN\x1e'
11E8E149-CB7A-4F64-AF82-12DF17AE4E1E,2012-ncaa-d0-natl,ncaa,15,36,7,30,8,6,7,12,17,12,17,25,60,89,50,208,8,10,117,10,92,9,11,22,26,19,212,209,158,9,8,8,96,9,12,15,200,204,30,30,107,206,23,52,,,218,33,,,14,14,173,154,15,16,58,23,74,116,162,27,43,38,38,84,25,36,15,43,53,212,41,,40,,,14,312,326,338,73,318,332,119,297,333,36,274,124,110,201,107,22,337,330,75,53,97,93,222,34,315,96,182,8,274,12,266,71,106,258,179,74,7,266,100,,,10,116,,,14,329,10,112,14,135,189,281,177,222,187,283,36,30,30,221,179,189,15,47,105,259,18,162,,70,,,b'\x11\xe8\xe1I\xcbzOd\xaf\x82\x12\xdf\x17\xaeN\x1e'
11E8E149-CB7A-4F64-AF82-12DF17AE4E1E,2012-ncaa-d1-conf-SEC,ncaa,1,1,1,1,1,1,1,2,1,1,1,1,6,5,7,10,2,1,3,1,2,2,2,2,2,1,9,10,3,3,1,1,1,1,1,1,4,4,2,1,6,8,2,3,,,2,2,,,1,1,3,6,1,1,4,1,4,8,6,2,1,1,2,4,6,1,1,1,3,8,3,,1,,,1,10,9,12,2,6,6,3,11,11,3,11,3,3,6,3,4,11,11,4,2,6,9,11,3,5,1,4,1,2,1,6,3,6,8,5,1,1,3,2,,,2,3,,,1,11,1,2,1,4,5,7,3,4,9,11,1,1,1,7,5,3,3,2,4,8,1,3,,2,,,b'\x11\xe8\xe1I\xcbzOd\xaf\x82\x12\xdf\x17\xaeN\x1e'
11E8E149-CB7A-4F64-AF82-12DF17AE4E1E,2012-ncaa-d1-natl,ncaa,15,36,7,32,9,6,7,12,17,12,19,25,66,93,51,208,8,13,114,12,91,9,11,24,26,18,211,208,156,11,8,8,102,9,12,17,204,183,30,31,123,214,23,52,,,200,35,,,14,15,176,154,16,16,62,23,78,114,162,26,39,36,40,87,27,39,15,46,53,218,47,,42,,,15,307,321,336,77,310,331,127,289,330,36,276,114,100,207,100,24,336,330,79,58,105,96,222,35,309,102,160,8,258,12,260,75,116,263,187,63,8,261,102,,,12,109,,,14,327,10,123,15,139,194,282,189,226,188,282,37,33,33,225,174,190,15,48,108,262,19,164,,66,,,b'\x11\xe8\xe1I\xcbzOd\xaf\x82\x12\xdf\x17\xaeN\x1e'
11E8E149-CB7A-4F64-AF82-12DF17AE4E1E,2012-ncaa-d1-ncaatournament,ncaa,5,2,5,5,5,6,6,5,39,7,6,38,4,1,44,23,8,9,19,9,41,5,6,39,38,30,32,28,35,3,11,5,14,4,8,8,41,56,8,18,9,32,5,18,,,54,10,,,6,8,32,5,20,20,4,23,16,21,14,30,36,37,6,11,5,3,2,35,11,32,15,,11,,,11,57,58,60,8,59,59,10,59,59,26,36,50,47,49,45,5,59,58,12,8,16,23,35,19,59,14,61,11,60,8,58,25,15,52,44,50,10,61,43,,,10,56,,,6,57,16,15,12,16,21,54,28,47,32,41,11,7,7,46,28,32,31,30,23,49,12,49,,46,,,b'\x11\xe8\xe1I\xcbzOd\xaf\x82\x12\xdf\x17\xaeN\x1e'
11E8E149-CB7A-4F64-AF82-12DF17AE4E1E,2013-ncaa-d0-natl,ncaa,19,28,16,27,18,5,5,8,10,6,9,19,91,168,21,272,4,19,22,16,197,10,8,20,12,10,266,251,172,27,34,5,135,9,36,26,276,237,50,61,64,173,44,119,,,210,25,,,17,7,36,143,4,4,17,8,16,150,231,17,55,54,16,29,65,17,19,58,100,135,74,,63,,,21,331,338,345,103,335,345,112,282,305,109,163,126,147,72,150,22,343,340,93,54,99,52,178,31,337,135,234,34,309,36,313,123,87,262,224,276,109,214,51,,,15,174,,,17,339,11,119,27,223,276,335,288,330,200,238,48,55,54,329,308,277,53,132,220,191,162,143,,66,,,b'\x11\xe8\xe1I\xcbzOd\xaf\x82\x12\xdf\x17\xaeN\x1e'
11E8E149-CB7A-4F64-AF82-12DF17AE4E1E,2013-ncaa-d1-conf-SEC,ncaa,1,1,3,1,4,2,3,4,1,2,4,1,4,7,1,9,1,3,1,3,6,4,4,1,1,1,7,7,6,10,3,1,4,2,1,3,11,8,7,2,10,11,6,8,,,1,1,,,2,3,4,5,1,1,4,2,4,4,7,1,3,3,4,4,11,1,1,3,7,11,7,,1,,,2,10,12,14,5,10,12,6,12,14,9,12,1,1,4,1,1,13,12,7,3,8,8,12,1,12,4,2,3,3,1,12,10,12,13,12,10,9,3,3,,,5,7,,,2,11,1,7,1,8,12,14,12,12,12,13,1,1,1,12,12,9,2,4,12,13,10,3,,6,,,b'\x11\xe8\xe1I\xcbzOd\xaf\x82\x12\xdf\x17\xaeN\x1e'
11E8E149-CB7A-4F64-AF82-12DF17AE4E1E,2013-ncaa-d1-natl,ncaa,19,28,17,27,19,5,5,8,10,6,9,21,95,175,20,271,5,22,21,19,195,10,8,19,12,11,263,251,170,31,37,5,138,10,41,29,278,228,53,61,72,178,49,122,,,197,27,,,19,7,37,142,4,4,20,8,17,149,231,18,58,56,16,31,72,17,19,60,100,137,74,,63,,,21,329,337,345,112,335,345,117,276,304,112,165,116,135,75,134,23,343,340,101,60,108,52,177,32,335,138,217,37,303,41,312,125,100,273,232,261,113,207,54,,,18,168,,,19,339,11,128,27,230,280,335,291,330,203,238,48,58,57,330,305,278,52,136,224,195,163,148,,67,,,b'\x11\xe8\xe1I\xcbzOd\xaf\x82\x12\xdf\x17\xaeN\x1e'
11E8E149-CB7A-4F64-AF82-12DF17AE4E1E,2013-ncaa-d1-ncaatournament,ncaa,5,2,5,5,6,5,5,8,11,5,6,8,8,8,25,44,5,5,29,5,15,5,6,12,11,11,38,40,17,7,21,6,43,6,24,6,42,58,32,26,5,15,4,11,,,59,27,,,5,6,10,7,7,9,30,12,27,35,40,10,14,12,23,22,32,18,26,22,35,11,14,,29,,,6,60,60,60,10,57,57,19,59,61,13,57,59,58,46,58,34,60,60,11,13,10,45,43,39,61,43,57,21,59,24,52,2,5,21,3,55,18,57,26,,,6,26,,,5,60,8,14,6,28,20,50,19,22,39,58,33,30,30,50,54,53,14,36,4,17,20,27,,24,,,b'\x11\xe8\xe1I\xcbzOd\xaf\x82\x12\xdf\x17\xaeN\x1e'
11E8E149-CB7A-4F64-AF82-12DF17AE4E1E,2014-ncaa-d0-natl,ncaa,8,14,15,14,25,15,13,25,14,10,9,39,185,245,27,315,23,23,114,23,215,20,14,33,32,39,308,300,168,10,2,9,83,6,4,25,202,317,156,113,77,157,55,103,,,194,33,,,12,23,91,270,22,18,69,8,20,232,304,46,57,60,57,54,20,17,8,54,223,147,85,,60,,,12,258,281,340,24,267,340,18,249,270,129,151,113,132,58,129,26,332,330,28,18,27,122,217,68,312,83,81,2,181,4,247,157,90,207,142,319,179,91,11,,,18,132,,,12,329,16,30,13,64,119,304,126,296,162,175,47,55,54,252,238,198,9,26,129,178,230,40,,62,,,b'\x11\xe8\xe1I\xcbzOd\xaf\x82\x12\xdf\x17\xaeN\x1e'
11E8E149-CB7A-4F64-AF82-12DF17AE4E1E,2014-ncaa-d1-conf-SEC,ncaa,1,1,1,1,4,1,1,2,2,2,2,2,7,10,3,11,3,4,5,4,9,2,4,2,2,1,12,11,8,1,1,2,3,1,1,3,12,12,5,7,5,5,8,8,,,2,1,,,1,4,4,9,1,1,4,2,2,9,11,3,4,4,3,4,1,2,1,6,5,8,8,,1,,,1,9,11,14,5,11,11,3,11,12,10,9,5,3,12,3,2,12,10,4,3,5,7,13,1,7,3,3,1,3,1,10,8,11,11,10,11,9,1,1,,,4,9,,,1,11,1,4,1,5,8,11,7,10,11,10,1,1,1,9,6,5,2,2,8,11,10,1,,7,,,b'\x11\xe8\xe1I\xcbzOd\xaf\x82\x12\xdf\x17\xaeN\x1e'
11E8E149-CB7A-4F64-AF82-12DF17AE4E1E,2014-ncaa-d1-natl,ncaa,8,14,16,14,29,16,14,27,14,11,10,40,191,257,29,314,24,27,112,27,215,23,15,36,33,40,307,299,165,12,2,13,84,7,4,30,207,311,156,115,88,165,59,105,,,174,35,,,12,26,94,273,24,19,74,9,22,237,304,48,61,64,61,59,20,17,8,59,221,151,88,,59,,,12,239,270,337,25,258,340,18,243,262,131,150,104,127,60,123,27,329,326,29,19,27,121,216,68,306,84,58,2,163,4,235,157,104,217,147,314,180,88,12,,,22,132,,,12,326,16,32,13,66,127,304,132,297,163,174,45,56,55,253,236,199,9,26,135,186,232,43,,64,,,b'\x11\xe8\xe1I\xcbzOd\xaf\x82\x12\xdf\x17\xaeN\x1e'
11E8E149-CB7A-4F64-AF82-12DF17AE4E1E,2014-ncaa-d1-ncaatournament,ncaa,9,2,9,9,10,16,15,15,27,13,12,40,24,35,16,59,8,8,16,7,16,15,13,32,28,32,39,57,9,11,11,14,22,13,11,15,40,54,44,44,12,18,14,21,,,45,12,,,10,13,33,3,30,36,48,25,17,51,61,11,12,11,36,28,20,15,15,40,48,20,24,,14,,,9,49,49,50,17,52,51,18,38,47,13,28,40,43,8,43,19,50,50,11,8,4,14,25,22,51,22,49,11,50,11,51,30,9,20,15,55,48,7,1,,,9,8,,,10,51,28,7,9,6,12,28,19,30,19,28,15,19,19,20,28,24,8,13,18,19,47,1,,6,,,b'\x11\xe8\xe1I\xcbzOd\xaf\x82\x12\xdf\x17\xaeN\x1e'
11E8E149-CB7A-4F64-AF82-12DF17AE4E1E,2015-ncaa-d0-natl,ncaa,9,19,10,19,12,17,17,19,65,17,16,93,145,167,76,273,15,31,22,30,205,19,19,90,73,47,250,260,110,7,11,23,89,11,18,23,136,201,44,50,46,73,59,121,,,127,11,,,10,26,244,262,42,37,82,32,45,199,255,42,99,99,80,138,30,113,34,60,53,79,99,,13,,,12,219,293,328,58,300,333,41,187,204,129,113,17,24,62,24,6,316,325,42,17,15,32,162,12,286,89,204,11,252,18,163,47,47,98,55,228,99,288,133,,,18,132,,,10,323,19,16,10,23,90,158,128,248,76,72,4,5,5,67,94,106,25,30,48,133,109,201,,103,,,b'\x11\xe8\xe1I\xcbzOd\xaf\x82\x12\xdf\x17\xaeN\x1e'
11E8E149-CB7A-4F64-AF82-12DF17AE4E1E,2015-ncaa-d1-conf-SEC,ncaa,2,2,1,2,2,3,3,3,3,5,5,3,2,7,1,8,4,5,1,5,7,3,3,2,2,2,6,5,6,6,2,2,4,3,2,2,1,5,6,1,9,11,5,6,,,1,1,,,2,3,10,7,3,4,8,5,6,3,9,4,7,6,7,8,6,3,3,2,3,11,5,,1,,,2,9,11,13,3,10,13,3,8,9,7,8,1,1,2,1,1,12,12,3,2,2,2,11,1,12,4,3,2,4,2,8,6,10,13,10,9,6,7,5,,,4,7,,,2,12,2,2,2,2,9,12,9,13,7,7,1,1,1,11,6,10,3,3,6,12,7,4,,9,,,b'\x11\xe8\xe1I\xcbzOd\xaf\x82\x12\xdf\x17\xaeN\x1e'
11E8E149-CB7A-4F64-AF82-12DF17AE4E1E,2015-ncaa-d1-natl,ncaa,10,19,11,19,14,19,19,21,67,19,17,103,152,178,78,272,17,35,22,35,204,21,23,96,78,53,245,258,105,8,11,28,92,13,20,28,136,178,45,54,52,76,66,126,,,95,12,,,10,30,245,262,47,39,86,37,47,200,258,46,101,100,83,151,34,122,40,65,56,85,100,,13,,,13,197,281,323,61,291,331,44,173,193,137,109,12,20,65,20,6,311,321,47,20,22,32,162,11,267,92,185,11,225,20,145,50,57,104,64,213,97,283,137,,,23,128,,,10,320,20,19,11,24,93,163,137,252,78,73,4,5,5,69,91,108,27,30,50,139,113,204,,106,,,b'\x11\xe8\xe1I\xcbzOd\xaf\x82\x12\xdf\x17\xaeN\x1e'
11E8E149-CB7A-4F64-AF82-12DF17AE4E1E,2015-ncaa-d1-ncaatournament,ncaa,5,2,5,5,5,8,8,5,45,8,5,48,7,4,36,40,11,10,18,12,43,5,5,49,46,40,39,39,23,2,3,7,22,6,9,7,43,54,18,22,8,30,13,33,,,58,25,,,12,7,53,2,29,29,10,25,11,34,35,26,34,37,15,18,3,31,7,35,18,35,31,,21,,,14,59,59,58,27,59,58,24,58,53,39,31,56,53,33,52,13,58,57,27,23,23,26,38,18,57,22,60,3,59,9,55,17,6,26,18,52,18,63,37,,,7,36,,,12,58,19,21,16,17,24,25,25,30,37,26,13,9,6,16,13,21,26,20,14,33,19,44,,33,,,b'\x11\xe8\xe1I\xcbzOd\xaf\x82\x12\xdf\x17\xaeN\x1e'
11E8E149-CB7A-4F64-AF82-12DF17AE4E1E,2016-ncaa-d0-natl,ncaa,65,137,8,102,8,42,32,19,107,14,9,89,264,183,336,290,56,57,131,55,270,19,14,190,182,178,333,328,178,9,27,24,132,12,49,56,187,328,153,139,41,96,44,84,,,298,140,,,62,17,203,151,131,85,100,36,46,316,279,153,176,182,108,104,37,101,50,124,186,106,83,,123,,,73,281,270,326,45,269,334,32,216,239,159,113,251,243,188,244,101,331,336,42,44,50,168,172,196,322,132,283,27,319,49,125,31,47,133,49,326,190,206,51,,,11,134,,,62,331,131,52,82,58,65,143,85,203,108,93,122,119,122,129,142,168,62,84,38,153,211,103,,98,,,b'\x11\xe8\xe1I\xcbzOd\xaf\x82\x12\xdf\x17\xaeN\x1e'
11E8E149-CB7A-4F64-AF82-12DF17AE4E1E,2016-ncaa-d1-conf-SEC,ncaa,5,7,1,7,1,3,3,1,8,3,2,8,7,6,9,8,5,5,5,4,11,2,3,8,8,6,10,10,9,1,1,1,4,1,2,2,9,7,2,3,9,9,2,3,,,4,2,,,2,3,7,3,5,5,3,3,4,8,7,6,7,8,3,3,2,1,1,6,5,9,2,,2,,,2,9,9,13,1,8,14,1,7,7,9,3,10,6,12,6,3,13,12,1,2,4,8,7,9,13,4,12,1,13,2,3,2,12,13,5,6,4,4,2,,,4,9,,,2,12,4,4,2,4,6,10,6,13,6,4,7,5,6,10,10,10,9,9,2,13,4,2,,6,,,b'\x11\xe8\xe1I\xcbzOd\xaf\x82\x12\xdf\x17\xaeN\x1e'
11E8E149-CB7A-4F64-AF82-12DF17AE4E1E,2016-ncaa-d1-natl,ncaa,73,137,8,110,8,54,37,23,118,16,11,92,277,200,335,289,65,69,132,71,268,24,16,198,189,183,330,328,176,11,28,28,139,13,51,63,193,322,156,148,51,100,46,91,,,281,143,,,74,21,207,152,136,89,103,38,50,318,279,153,175,181,111,109,42,107,50,131,184,115,86,,130,,,84,264,252,321,48,254,329,35,204,227,167,104,238,228,200,227,102,323,329,46,48,60,166,170,194,313,139,272,28,304,51,114,34,56,143,58,319,190,197,54,,,16,132,,,74,322,140,65,93,65,78,146,97,204,109,93,130,122,122,133,140,175,64,88,41,163,213,109,,99,,,b'\x11\xe8\xe1I\xcbzOd\xaf\x82\x12\xdf\x17\xaeN\x1e'
11E8E149-CB7A-4F64-AF82-12DF17AE4E1E,2016-ncaa-d1-ncaatournament,ncaa,5,2,5,5,5,8,8,8,12,4,5,9,20,14,45,58,4,4,17,4,32,8,7,21,16,18,58,59,19,5,3,5,23,6,5,8,26,61,34,22,14,43,19,42,,,58,18,,,16,8,53,1,18,19,40,6,16,52,58,18,21,20,36,33,17,15,10,11,34,42,41,,13,,,19,59,59,60,18,56,59,17,61,61,33,60,58,58,45,57,17,59,57,23,21,37,57,62,19,59,23,54,3,56,5,53,12,14,58,41,62,49,36,8,,,3,9,,,16,57,10,40,19,27,26,44,11,15,56,58,19,12,10,34,14,34,4,7,12,59,47,6,,11,,,b'\x11\xe8\xe1I\xcbzOd\xaf\x82\x12\xdf\x17\xaeN\x1e'
11E8E149-CB7A-4F64-AF82-12DF17AE4E1E,2017-ncaa-d0-natl,ncaa,93,97,74,102,88,47,55,65,59,32,22,96,225,274,75,327,14,25,43,23,133,49,72,91,68,51,281,314,45,141,177,30,99,46,95,69,195,66,33,49,251,311,79,174,,,44,11,,,59,58,86,132,37,42,69,19,23,254,302,13,28,23,44,102,183,14,42,85,38,286,86,,26,,,56,263,310,328,105,337,343,87,72,115,60,24,72,64,184,60,8,316,290,61,34,135,7,33,35,289,99,230,177,262,95,147,20,275,334,244,122,71,40,6,,,70,101,,,59,291,48,141,66,214,286,339,328,349,46,71,58,51,49,322,274,245,153,203,105,320,87,27,,84,,,b'\x11\xe8\xe1I\xcbzOd\xaf\x82\x12\xdf\x17\xaeN\x1e'
11E8E149-CB7A-4F64-AF82-12DF17AE4E1E,2017-ncaa-d1-conf-SEC,ncaa,6,5,9,5,9,5,6,10,6,7,7,6,11,12,5,12,2,5,3,4,7,8,11,6,5,4,8,12,2,12,12,4,4,8,8,5,6,3,3,1,12,11,7,10,,,1,1,,,5,10,4,2,2,5,6,4,3,11,11,1,3,3,1,6,11,1,4,2,4,10,7,,1,,,5,5,9,11,6,11,12,7,2,2,2,2,2,2,10,2,2,7,6,4,3,7,1,2,2,8,4,8,12,7,8,4,3,12,12,11,5,5,2,1,,,9,8,,,5,4,6,6,5,11,13,14,13,14,2,2,4,4,4,13,10,9,10,9,5,12,7,3,,8,,,b'\x11\xe8\xe1I\xcbzOd\xaf\x82\x12\xdf\x17\xaeN\x1e'
11E8E149-CB7A-4F64-AF82-12DF17AE4E1E,2017-ncaa-d1-natl,ncaa,104,97,98,106,112,55,63,81,60,35,26,100,242,283,79,326,17,32,45,30,131,64,99,97,73,53,280,313,47,170,185,38,103,54,100,83,197,44,33,52,271,312,86,179,,,29,12,,,74,76,88,127,39,44,75,23,25,254,303,12,30,24,46,109,194,14,47,91,38,291,87,,27,,,68,240,304,325,113,337,343,94,54,83,63,22,57,53,192,50,8,313,268,65,41,149,6,29,38,270,103,202,185,240,100,122,20,298,337,254,103,74,32,6,,,82,103,,,74,270,51,153,75,221,296,340,332,349,47,65,62,56,52,324,267,251,157,210,110,322,88,27,,83,,,b'\x11\xe8\xe1I\xcbzOd\xaf\x82\x12\xdf\x17\xaeN\x1e'
11E8E149-CB7A-4F64-AF82-12DF17AE4E1E,2017-ncaa-d1-ncaatournament,ncaa,17,2,17,17,18,27,30,27,41,23,22,40,47,43,53,57,10,9,49,9,1,19,25,48,42,36,38,61,3,27,48,16,6,17,20,29,45,36,18,36,29,43,19,25,,,37,24,,,21,23,21,6,31,46,50,27,23,60,56,2,1,1,23,31,39,2,8,48,16,41,16,,20,,,20,36,39,44,11,40,44,11,34,41,23,30,37,37,22,38,22,44,41,10,8,17,22,29,33,33,6,49,48,47,20,38,31,37,57,43,23,16,7,6,,,18,5,,,21,45,37,13,17,17,25,47,33,49,25,32,29,27,31,47,34,15,48,40,26,56,14,6,,3,,,b'\x11\xe8\xe1I\xcbzOd\xaf\x82\x12\xdf\x17\xaeN\x1e'
11E8E149-CB7A-4F64-AF82-12DF17AE4E1E,2018-ncaa-d0-natl,ncaa,32,31,43,36,57,27,28,35,31,15,20,30,223,218,204,313,7,4,180,4,60,24,23,63,56,63,309,324,59,24,23,20,56,17,19,38,168,298,129,101,65,121,60,135,,,129,19,,,20,22,31,156,25,22,53,8,20,259,276,6,3,5,27,18,37,9,5,36,226,89,68,,50,,,18,266,299,326,57,315,338,63,123,216,24,81,102,94,157,92,14,322,324,43,30,43,19,63,59,251,56,171,23,208,19,126,20,83,187,74,287,159,75,18,,,17,145,,,20,328,43,39,26,148,221,324,283,340,70,138,48,52,51,303,309,177,66,101,71,134,232,45,,44,,,b'\x11\xe8\xe1I\xcbzOd\xaf\x82\x12\xdf\x17\xaeN\x1e'
11E8E149-CB7A-4F64-AF82-12DF17AE4E1E,2018-ncaa-d1-conf-SEC,ncaa,5,4,4,5,6,4,4,5,8,4,2,7,11,10,9,11,4,4,10,4,5,4,2,7,7,8,11,11,4,2,2,5,2,3,3,3,5,13,9,9,5,6,3,7,,,3,3,,,4,2,3,7,4,4,5,3,3,9,11,4,4,4,2,1,1,6,2,3,12,6,3,,4,,,4,7,9,10,4,9,11,4,4,5,8,3,5,3,6,3,4,9,10,4,5,4,4,5,5,4,2,9,2,3,3,6,5,4,5,4,13,11,5,3,,,6,10,,,4,12,7,3,6,5,9,9,10,11,5,4,5,4,4,8,11,3,6,5,5,5,12,4,,5,,,b'\x11\xe8\xe1I\xcbzOd\xaf\x82\x12\xdf\x17\xaeN\x1e'
11E8E149-CB7A-4F64-AF82-12DF17AE4E1E,2018-ncaa-d1-natl,ncaa,35,31,53,38,71,32,31,46,31,15,25,32,235,240,207,312,7,5,184,5,60,30,26,62,58,63,306,324,56,33,24,21,62,20,19,41,170,275,136,106,81,128,63,140,,,101,19,,,27,26,30,153,26,24,58,9,22,264,279,6,5,6,29,19,44,11,6,38,225,100,74,,54,,,25,249,291,322,63,312,335,69,104,190,29,78,88,78,164,78,15,317,316,46,31,49,19,61,59,234,62,136,24,173,19,104,20,104,198,85,279,170,64,19,,,23,145,,,27,323,45,46,34,156,233,324,288,341,71,138,51,54,52,303,308,181,68,105,73,140,235,47,,47,,,b'\x11\xe8\xe1I\xcbzOd\xaf\x82\x12\xdf\x17\xaeN\x1e'
11E8E149-CB7A-4F64-AF82-12DF17AE4E1E,2018-ncaa-d1-ncaatournament,ncaa,17,2,17,17,18,20,18,19,14,16,19,11,31,28,46,46,20,18,58,18,23,17,18,23,30,28,53,51,34,19,16,19,5,18,8,16,20,42,25,19,13,8,22,31,,,42,36,,,8,17,9,7,13,12,16,7,9,44,38,21,7,6,6,7,13,12,5,9,28,7,40,,35,,,5,32,32,38,14,32,32,24,35,45,13,47,43,39,35,39,44,37,39,14,16,7,40,33,45,30,5,36,16,34,8,36,34,14,6,8,34,17,20,14,,,20,21,,,8,46,24,6,6,8,6,14,12,10,24,42,33,31,31,13,28,7,30,18,19,7,20,12,,11,,,b'\x11\xe8\xe1I\xcbzOd\xaf\x82\x12\xdf\x17\xaeN\x1e'
11E8E149-CB7A-4F64-AF82-12DF17AE4E1E,2019-ncaa-d0-natl,ncaa,105,109,80,115,97,43,33,32,52,16,13,86,206,235,121,304,73,63,189,64,256,33,31,98,102,96,318,295,205,10,7,73,88,27,15,89,285,235,96,126,119,173,181,239,,,314,267,,,90,50,47,207,33,19,20,6,11,233,268,76,80,80,15,19,9,70,12,97,189,150,196,,284,,,92,305,313,291,237,327,322,213,167,160,191,72,252,257,172,253,130,299,292,218,209,225,70,75,168,170,88,106,7,120,15,193,48,139,212,164,92,36,64,12,,,179,323,,,90,303,47,199,93,265,278,281,299,315,118,121,222,225,221,285,274,117,57,62,149,184,78,51,,240,,,b'\x11\xe8\xe1I\xcbzOd\xaf\x82\x12\xdf\x17\xaeN\x1e'
11E8E149-CB7A-4F64-AF82-12DF17AE4E1E,2019-ncaa-d1-conf-SEC,ncaa,9,8,4,9,7,5,3,3,6,2,2,6,10,9,8,10,6,7,7,6,13,3,3,7,8,7,12,11,10,2,2,3,2,2,2,4,5,8,6,8,10,11,9,11,,,12,11,,,9,3,3,8,4,4,3,3,2,11,10,5,7,7,4,2,2,3,1,4,7,11,9,,12,,,9,12,12,11,10,12,12,9,8,7,9,6,9,9,3,9,5,12,12,9,9,10,4,7,3,9,2,7,2,5,2,8,5,12,13,11,3,2,5,1,,,10,14,,,9,12,5,10,8,11,11,11,11,12,7,9,7,7,7,12,11,8,4,4,7,13,2,5,,11,,,b'\x11\xe8\xe1I\xcbzOd\xaf\x82\x12\xdf\x17\xaeN\x1e'
11E8E149-CB7A-4F64-AF82-12DF17AE4E1E,2019-ncaa-d1-natl,ncaa,106,108,62,112,84,34,27,27,46,13,11,71,205,230,141,305,63,47,212,47,243,26,22,89,98,86,322,301,209,8,8,60,76,19,8,82,284,237,89,116,104,161,180,229,,,315,272,,,74,40,43,210,24,16,11,5,9,233,265,70,67,65,11,10,6,64,8,90,182,137,195,,287,,,74,320,317,302,235,327,323,222,171,179,160,84,268,267,168,263,142,313,306,217,215,219,70,75,182,178,76,100,8,119,8,196,48,125,214,158,104,39,58,8,,,171,322,,,74,312,45,196,79,270,279,284,299,309,118,139,239,241,234,297,279,118,56,59,149,179,79,48,,224,,,b'\x11\xe8\xe1I\xcbzOd\xaf\x82\x12\xdf\x17\xaeN\x1e'
11E8E149-CB7A-4F64-AF82-12DF17AE4E1E,2019-ncaa-d1-ncaatournament,ncaa,33,2,33,33,36,35,35,43,11,34,35,11,58,61,49,56,36,26,59,26,6,40,36,17,28,28,56,59,24,35,12,39,54,38,31,40,32,21,40,35,59,59,37,38,,,29,58,,,42,37,4,7,12,8,19,6,8,53,53,16,2,2,11,5,10,30,22,13,47,55,28,,61,,,45,25,19,32,26,25,29,26,15,20,37,19,33,31,47,31,49,31,31,26,30,47,34,21,56,30,54,7,12,16,31,10,11,61,62,49,16,35,18,28,,,33,8,,,42,26,22,52,46,56,49,64,51,59,37,35,58,59,59,63,62,58,26,43,28,55,37,36,,4,,,b'\x11\xe8\xe1I\xcbzOd\xaf\x82\x12\xdf\x17\xaeN\x1e'
11E8E149-CB7A-4F64-AF82-12DF17AE4E1E,2020-ncaa-d0-natl,ncaa,52,67,33,69,84,46,21,37,36,9,11,49,253,277,132,316,200,142,280,144,307,41,21,74,93,121,338,315,302,16,12,5,93,3,8,19,66,293,203,94,308,335,2,3,,,213,118,,,34,47,108,329,67,24,69,10,22,270,304,241,186,188,81,55,24,3,3,22,253,329,2,,161,,,37,137,131,334,6,86,304,7,241,322,40,246,148,200,47,204,120,338,306,10,7,28,279,275,179,303,93,69,12,165,8,61,56,299,333,185,325,285,142,41,,,103,240,,,34,286,77,43,42,75,63,315,47,263,206,300,121,151,155,310,235,268,30,90,37,327,304,119,,170,,,b'\x11\xe8\xe1I\xcbzOd\xaf\x82\x12\xdf\x17\xaeN\x1e'
11E8E149-CB7A-4F64-AF82-12DF17AE4E1E,2020-ncaa-d1-conf-SEC,ncaa,4,3,4,4,9,5,4,5,3,3,6,3,9,10,8,9,10,9,10,9,10,5,5,6,7,8,10,9,11,3,2,2,4,2,2,3,3,11,8,6,14,14,2,2,,,8,6,,,6,6,9,13,6,4,6,4,6,9,10,10,9,9,6,5,3,2,2,2,11,14,2,,7,,,6,5,3,11,2,2,9,2,13,13,6,12,5,5,10,5,5,11,8,2,2,4,14,14,8,9,4,2,2,4,2,2,5,14,14,11,12,11,3,1,,,7,7,,,6,7,7,5,6,5,2,11,1,6,13,13,5,4,5,11,8,10,2,4,3,14,12,3,,7,,,b'\x11\xe8\xe1I\xcbzOd\xaf\x82\x12\xdf\x17\xaeN\x1e'
11E8E149-CB7A-4F64-AF82-12DF17AE4E1E,2020-ncaa-d1-natl,ncaa,60,67,45,70,124,60,27,51,38,11,17,51,264,293,138,316,224,166,280,170,308,61,35,80,98,129,338,313,299,19,13,5,99,3,9,25,70,283,212,99,318,338,2,3,,,180,125,,,41,73,112,329,71,28,75,10,27,278,302,242,188,190,88,62,25,3,3,25,260,332,2,,162,,,43,112,106,328,6,72,290,7,231,315,45,244,134,179,50,183,121,328,281,10,7,32,278,277,181,299,99,53,13,142,9,51,58,318,338,199,317,283,132,45,,,137,237,,,41,254,82,49,48,79,69,318,50,265,208,301,125,157,164,312,233,274,32,95,41,330,305,122,,168,,,b'\x11\xe8\xe1I\xcbzOd\xaf\x82\x12\xdf\x17\xaeN\x1e'
11E8E149-CB7A-4F64-AF82-12DF17AE4E1E,2021-ncaa-d0-natl,ncaa,44,83,59,64,70,51,35,49,43,19,20,60,209,218,189,320,114,113,147,115,299,50,42,92,96,106,336,326,242,11,6,26,32,12,5,55,207,294,161,126,169,248,14,12,,,218,87,,,34,67,115,178,56,29,48,8,7,286,307,165,186,190,56,36,16,13,6,69,224,247,13,,112,,,40,224,225,287,29,180,269,22,283,298,164,241,193,211,90,208,104,283,272,39,36,73,275,285,135,207,32,152,6,172,5,187,99,163,275,178,322,249,202,55,,,128,294,,,34,278,59,68,39,108,109,254,61,203,249,267,101,125,114,238,190,106,18,25,86,268,277,141,,233,,,b'\x11\xe8\xe1I\xcbzOd\xaf\x82\x12\xdf\x17\xaeN\x1e'
11E8E149-CB7A-4F64-AF82-12DF17AE4E1E,2021-ncaa-d1-conf-SEC,ncaa,4,4,11,3,11,9,7,11,3,4,6,2,11,11,8,9,10,9,9,9,11,11,11,5,5,7,14,11,10,4,2,5,4,3,2,6,4,10,11,8,13,13,3,3,,,4,6,,,4,11,7,9,5,2,6,2,3,11,10,9,9,9,6,3,2,2,2,3,12,13,3,,5,,,3,4,3,7,2,4,7,2,10,10,9,10,3,3,4,4,5,5,4,3,2,5,10,11,7,5,4,2,2,2,2,4,6,12,12,9,14,14,6,5,,,10,10,,,4,4,6,5,3,5,5,12,2,7,9,10,4,5,5,10,5,6,1,2,4,12,14,6,,8,,,b'\x11\xe8\xe1I\xcbzOd\xaf\x82\x12\xdf\x17\xaeN\x1e'
11E8E149-CB7A-4F64-AF82-12DF17AE4E1E,2021-ncaa-d1-natl,ncaa,46,82,70,65,84,59,42,59,46,20,20,65,216,224,188,319,121,125,147,125,300,59,54,95,97,111,335,324,240,12,6,28,34,13,5,59,211,287,167,130,182,251,15,12,,,209,87,,,40,82,119,174,63,32,50,9,10,286,308,165,188,191,60,41,18,14,6,72,226,250,14,,113,,,42,209,210,283,29,170,260,23,279,291,170,240,183,204,96,201,104,276,259,43,36,81,275,284,136,198,34,135,6,157,5,172,99,180,278,183,318,253,197,57,,,141,294,,,40,262,62,75,41,114,113,253,64,207,251,267,105,125,119,241,189,108,18,26,89,273,278,146,,233,,,b'\x11\xe8\xe1I\xcbzOd\xaf\x82\x12\xdf\x17\xaeN\x1e'
11E8E149-CB7A-4F64-AF82-12DF17AE4E1E,2021-ncaa-d1-ncaatournament,ncaa,17,2,17,17,18,21,18,18,20,16,17,13,53,37,62,58,16,16,18,16,30,19,18,28,20,34,58,64,11,12,2,18,24,17,3,29,58,50,48,56,21,26,10,2,,,41,32,,,14,18,13,7,16,11,16,5,5,60,53,5,11,11,13,5,4,5,1,45,55,23,4,,37,,,14,41,39,46,11,32,40,16,48,50,23,59,44,38,53,34,33,46,46,13,18,20,54,53,37,42,24,32,2,34,3,40,36,25,36,30,50,48,1,1,,,26,50,,,14,45,18,16,13,26,21,51,8,20,44,59,37,28,23,49,43,35,5,9,29,31,52,1,,40,,,b'\x11\xe8\xe1I\xcbzOd\xaf\x82\x12\xdf\x17\xaeN\x1e'
11E8E149-CB7A-4F64-AF82-12DF17AE4E1E,2022-ncaa-d0-natl,ncaa,23,49,14,40,17,31,27,11,103,11,5,146,227,237,217,334,30,6,327,6,183,8,5,173,200,179,332,328,153,3,4,3,70,2,4,35,161,339,154,142,201,315,4,7,,,279,61,,,40,12,64,150,66,40,20,15,9,295,313,83,33,32,18,12,4,2,2,61,261,292,7,,110,,,46,297,293,352,4,213,331,7,341,355,41,319,183,237,45,241,90,352,347,6,3,32,291,332,90,340,70,260,4,325,4,238,128,185,329,236,346,227,284,53,,,4,122,,,40,340,103,46,55,106,113,341,61,225,288,342,79,99,101,330,282,255,52,130,104,312,296,185,,31,,,b'\x11\xe8\xe1I\xcbzOd\xaf\x82\x12\xdf\x17\xaeN\x1e'
11E8E149-CB7A-4F64-AF82-12DF17AE4E1E,2022-ncaa-d1-conf-SEC,ncaa,3,3,4,3,6,6,3,4,6,5,5,9,10,10,7,11,4,3,11,2,5,4,3,9,10,10,10,9,8,2,2,2,4,2,2,3,2,13,13,10,12,13,3,2,,,6,4,,,2,4,3,8,6,5,5,5,4,9,11,4,3,2,4,1,2,2,2,2,13,11,2,,5,,,2,5,5,13,2,2,8,3,10,14,3,14,3,4,3,4,4,12,10,2,2,2,11,13,4,11,4,3,2,6,2,5,6,13,14,10,12,12,3,3,,,1,4,,,2,10,7,3,3,3,3,14,3,3,10,14,2,3,3,14,11,10,2,5,5,13,12,3,,2,,,b'\x11\xe8\xe1I\xcbzOd\xaf\x82\x12\xdf\x17\xaeN\x1e'
11E8E149-CB7A-4F64-AF82-12DF17AE4E1E,2022-ncaa-d1-natl,ncaa,25,49,16,43,19,36,31,14,113,13,6,162,245,254,220,334,37,7,326,7,181,9,5,188,210,193,332,329,149,3,4,3,76,3,4,39,168,334,169,157,232,320,4,8,,,261,64,,,48,13,69,147,73,46,22,16,10,298,316,88,32,33,18,15,6,2,2,68,265,304,7,,110,,,53,281,275,352,5,191,327,8,335,355,48,315,163,214,47,215,92,351,345,8,3,41,290,333,87,338,76,237,4,313,4,224,128,227,331,250,344,237,279,60,,,6,109,,,48,339,118,58,70,117,123,341,66,229,293,342,82,103,106,335,280,258,53,135,114,319,300,197,,28,,,b'\x11\xe8\xe1I\xcbzOd\xaf\x82\x12\xdf\x17\xaeN\x1e'
11E8E149-CB7A-4F64-AF82-12DF17AE4E1E,2022-ncaa-d1-ncaatournament,ncaa,9,2,9,9,9,11,11,9,32,10,8,28,25,17,54,54,10,10,49,8,29,9,9,38,40,39,55,61,26,4,1,8,45,7,7,10,32,60,30,32,19,48,28,48,,,56,15,,,20,11,13,5,14,16,13,9,7,54,48,16,10,9,10,6,1,13,2,18,49,45,43,,20,,,22,61,61,61,20,57,57,22,65,62,32,52,44,52,6,52,14,61,60,24,19,24,41,52,7,63,45,54,1,57,7,62,38,16,54,52,61,53,51,29,,,9,18,,,20,59,18,32,19,35,41,66,32,47,49,61,6,15,16,63,57,57,10,35,45,50,56,39,,7,,,b'\x11\xe8\xe1I\xcbzOd\xaf\x82\x12\xdf\x17\xaeN\x1e'
11E8E149-CB7A-4F64-AF82-12DF17AE4E1E,2023-ncaa-d0-natl,ncaa,33,91,3,71,6,5,6,4,31,3,5,41,128,120,153,307,9,8,167,8,151,4,2,63,59,56,311,311,146,5,8,8,67,4,8,17,163,327,79,65,83,240,59,153,,,344,188,,,24,6,55,166,16,14,30,5,14,216,237,33,37,40,22,26,16,42,12,32,156,217,119,,227,,,31,352,353,360,90,355,360,73,310,325,159,136,313,307,264,308,97,359,357,84,83,136,174,174,185,321,67,268,8,307,8,312,110,72,276,209,325,120,301,87,,,8,86,,,24,356,25,117,36,214,214,314,212,316,186,191,203,176,173,301,278,151,30,41,152,227,183,205,,32,,,b'\x11\xe8\xe1I\xcbzOd\xaf\x82\x12\xdf\x17\xaeN\x1e'
11E8E149-CB7A-4F64-AF82-12DF17AE4E1E,2023-ncaa-d1-conf-SEC,ncaa,3,3,1,3,1,2,2,2,2,2,2,2,10,8,10,9,3,3,4,3,8,2,1,4,2,3,10,11,9,3,3,2,3,2,3,2,5,11,4,2,13,14,8,11,,,8,3,,,3,2,6,3,3,2,2,2,3,10,8,4,4,4,3,2,3,3,3,2,8,13,9,,4,,,3,10,12,14,6,12,14,3,6,9,6,6,9,6,14,6,2,14,13,4,4,6,5,6,5,6,3,7,3,7,3,7,2,11,13,12,13,8,8,2,,,2,6,,,3,13,3,5,3,7,9,13,10,13,4,8,4,3,3,12,8,3,3,3,4,13,10,4,,3,,,b'\x11\xe8\xe1I\xcbzOd\xaf\x82\x12\xdf\x17\xaeN\x1e'
11E8E149-CB7A-4F64-AF82-12DF17AE4E1E,2023-ncaa-d1-natl,ncaa,37,91,4,78,7,7,7,5,31,3,5,44,140,138,155,308,9,10,166,9,150,4,3,68,62,63,309,314,140,5,8,8,76,4,8,17,172,320,82,71,112,251,68,158,,,341,193,,,25,6,59,166,19,15,31,5,16,221,242,32,37,40,23,29,16,43,12,35,158,226,122,,233,,,32,352,352,360,99,353,360,81,306,318,174,137,305,299,266,302,100,359,356,91,95,157,174,171,187,309,76,238,8,285,8,307,111,96,287,224,319,121,299,97,,,8,83,,,25,356,26,138,38,226,226,316,228,319,196,191,207,187,183,308,276,158,31,44,164,238,188,216,,31,,,b'\x11\xe8\xe1I\xcbzOd\xaf\x82\x12\xdf\x17\xaeN\x1e'
11E8E149-CB7A-4F64-AF82-12DF17AE4E1E,2023-ncaa-d1-ncaatournament,ncaa,9,2,9,9,10,8,8,9,11,9,9,13,8,11,16,42,11,13,43,12,35,9,9,10,11,8,47,38,46,6,5,12,20,8,4,14,46,56,16,17,7,6,35,55,,,53,23,,,3,9,11,7,2,1,3,2,6,19,28,22,22,22,3,3,8,12,5,18,26,6,56,,23,,,1,53,53,58,4,52,54,15,51,59,16,49,46,48,25,45,21,57,59,6,3,3,41,45,30,52,20,52,5,51,4,49,20,8,13,7,55,17,40,11,,,15,57,,,3,59,2,3,1,6,7,37,13,23,25,48,18,19,17,25,38,27,11,13,13,10,26,15,,43,,,b'\x11\xe8\xe1I\xcbzOd\xaf\x82\x12\xdf\x17\xaeN\x1e'
11E8E149-CB7A-4F64-AF82-12DF17AE4E1E,2024-ncaa-d0-natl,ncaa,86,111,52,105,69,33,35,36,66,37,50,59,78,70,125,180,31,47,79,49,121,29,32,79,68,59,192,202,144,40,53,16,133,14,36,51,153,201,69,72,343,354,118,260,,,114,18,,,76,37,48,230,24,30,32,36,83,100,104,41,61,62,27,40,55,11,10,51,134,351,151,,54,,,77,331,352,354,106,353,358,53,275,246,260,65,47,56,137,61,7,351,330,88,49,198,18,167,11,336,133,235,53,297,36,277,50,327,356,345,275,162,287,199,,,34,131,,,76,322,42,229,82,280,337,359,337,360,222,190,25,27,27,354,309,297,128,218,214,351,226,263,,58,,,b'\x11\xe8\xe1I\xcbzOd\xaf\x82\x12\xdf\x17\xaeN\x1e'
11E8E149-CB7A-4F64-AF82-12DF17AE4E1E,2024-ncaa-d1-conf-SEC,ncaa,4,4,1,4,2,3,3,4,4,4,6,2,5,5,7,5,3,5,2,4,4,4,4,3,2,2,6,6,4,4,5,1,3,3,4,3,5,6,4,2,14,14,8,11,,,4,2,,,3,4,6,5,3,4,6,5,10,6,6,3,6,5,7,7,8,1,3,4,3,14,10,,2,,,4,12,13,14,3,13,14,4,7,9,5,6,1,1,4,1,1,14,11,4,3,5,1,6,1,11,3,10,5,11,4,8,2,14,14,12,12,9,6,3,,,3,3,,,3,12,3,7,4,7,10,14,13,14,6,7,1,1,1,14,9,9,5,7,6,14,9,4,,3,,,b'\x11\xe8\xe1I\xcbzOd\xaf\x82\x12\xdf\x17\xaeN\x1e'
11E8E149-CB7A-4F64-AF82-12DF17AE4E1E,2024-ncaa-d1-natl,ncaa,108,112,78,114,100,44,44,45,68,43,67,67,93,84,126,181,42,61,79,62,122,39,44,85,74,63,187,203,140,55,62,17,140,16,40,62,160,177,72,79,353,358,135,267,,,87,20,,,93,50,50,225,25,30,35,40,88,105,107,44,62,64,36,45,61,12,10,54,132,354,154,,54,,,92,322,349,353,124,351,360,66,263,228,268,65,39,45,143,47,7,350,322,105,61,228,16,160,11,328,140,201,62,276,40,266,51,350,359,348,254,174,280,214,,,50,125,,,93,312,45,252,98,291,345,361,341,362,229,191,26,28,32,357,310,305,138,227,232,354,225,266,,58,,,b'\x11\xe8\xe1I\xcbzOd\xaf\x82\x12\xdf\x17\xaeN\x1e'
11E8E149-CB7A-4F64-AF82-12DF17AE4E1E,2024-ncaa-d1-ncaatournament,ncaa,17,3,17,17,19,18,18,24,2,16,21,4,23,27,16,49,24,24,39,24,22,22,27,5,4,2,51,44,36,39,48,16,3,17,6,27,58,37,19,19,63,67,34,52,,,42,36,,,14,20,19,5,3,4,38,3,22,30,45,18,20,20,28,39,52,1,6,30,18,67,44,,30,,,7,46,50,49,29,48,51,25,36,38,31,13,34,30,52,29,10,46,39,26,23,44,12,16,26,24,3,38,48,35,6,27,4,58,68,63,32,27,29,18,,,23,18,,,14,44,4,33,7,39,49,58,53,63,19,22,27,21,20,55,19,11,23,10,9,68,20,18,,15,,,b'\x11\xe8\xe1I\xcbzOd\xaf\x82\x12\xdf\x17\xaeN\x1e'
11E8E149-CB7A-4F64-AF82-12DF17AE4E1E,2025-ncaa-d0-natl,genius_ncaa,49,65,29,62,51,6,5,2,62,17,27,27,2,1,114,32,113,88,284,87,261,5,6,43,77,36,125,46,353,3,14,117,215,24,90,41,320,148,12,52,13,26,115,208,,,357,279,,235,13,9,2,269,3,1,1,13,63,2,3,204,159,158,1,2,3,249,22,52,73,15,168,,343,,169,13,347,350,319,320,361,340,315,95,135,68,26,334,331,196,333,200,327,354,265,272,115,18,11,231,263,215,344,14,327,90,312,104,3,22,33,116,11,257,105,,,84,353,,134,13,354,12,99,22,291,310,234,348,330,43,55,280,282,284,258,355,180,278,242,235,8,65,186,,179,,184,b'\x11\xe8\xe1I\xcbzOd\xaf\x82\x12\xdf\x17\xaeN\x1e'
11E8E149-CB7A-4F64-AF82-12DF17AE4E1E,2025-ncaa-d1-conf-SEC,genius_ncaa,8,9,3,9,4,3,2,1,11,4,4,6,1,1,10,4,10,9,13,9,16,1,2,7,9,6,7,3,16,3,7,7,5,5,8,6,12,7,2,8,5,5,12,14,,,15,13,,10,7,2,2,7,4,2,1,5,8,1,1,14,14,14,2,3,4,9,5,8,5,3,12,,15,,11,7,12,13,12,11,15,14,13,6,5,6,3,15,14,10,14,7,13,14,9,9,8,4,2,8,4,5,16,7,15,8,12,10,1,4,6,8,3,8,9,,,9,16,,4,7,15,7,7,7,9,13,6,14,12,6,4,10,11,12,7,12,3,15,13,10,2,4,8,,16,,4,b'\x11\xe8\xe1I\xcbzOd\xaf\x82\x12\xdf\x17\xaeN\x1e'
11E8E149-CB7A-4F64-AF82-12DF17AE4E1E,2025-ncaa-d1-natl,genius_ncaa,54,65,43,66,66,7,6,3,66,19,36,29,2,1,120,33,140,107,289,104,257,5,6,46,79,38,119,46,352,4,14,144,227,28,101,46,326,127,12,53,15,31,128,221,,,354,281,,228,17,9,2,269,3,1,1,13,67,2,3,208,162,160,1,3,3,259,24,55,75,17,172,,345,,172,16,346,349,309,326,361,339,322,79,108,78,27,329,327,205,326,198,321,352,277,287,136,20,10,230,251,227,336,14,319,101,306,105,5,24,41,99,12,242,113,,,100,353,,141,17,354,12,112,23,300,314,237,351,330,45,56,286,288,286,261,355,176,285,252,243,9,65,190,,180,,176,b'\x11\xe8\xe1I\xcbzOd\xaf\x82\x12\xdf\x17\xaeN\x1e'
11E8E149-CB7A-4F64-AF82-12DF17AE4E1E,2025-ncaa-d1-ncaatournament,genius_ncaa,9,2,9,9,11,10,7,9,19,9,14,9,4,2,35,7,31,23,63,21,47,11,11,12,21,15,30,13,62,10,15,15,39,14,29,12,47,52,18,19,7,13,12,25,,,58,44,,44,9,11,17,7,7,5,4,13,35,1,3,54,48,46,10,10,12,39,22,14,24,9,17,,46,,33,7,58,59,56,40,61,59,29,43,38,52,7,55,52,46,52,14,56,58,34,34,18,19,20,35,55,39,57,15,58,29,51,14,6,7,7,49,18,38,14,,,15,54,,32,9,58,11,16,10,26,32,26,39,51,18,5,35,29,29,25,43,29,30,37,19,3,24,12,,45,,56,b'\x11\xe8\xe1I\xcbzOd\xaf\x82\x12\xdf\x17\xaeN\x1e'
11E8E149-CB7A-4F64-AF82-12DF17AE4E1E,2026-ncaa-d0-natl,genius_ncaa,87,39,206,62,216,123,114,119,143,152,242,46,58,18,234,14,188,170,240,166,101,136,156,109,129,107,78,49,286,37,13,191,96,124,39,157,266,107,72,122,32,9,106,87,,,158,195,,153,42,203,39,97,32,33,8,95,227,17,2,154,136,130,8,6,3,121,18,103,151,12,73,,221,,193,36,74,91,98,156,109,156,88,69,38,275,40,79,91,68,94,89,89,148,141,117,44,95,128,128,71,96,128,13,103,39,70,106,58,16,21,52,33,20,52,,,253,330,,268,42,160,54,39,38,91,114,105,156,247,80,28,90,113,113,87,263,95,179,133,87,15,63,36,,234,,259,b'\x11\xe8\xe1I\xcbzOd\xaf\x82\x12\xdf\x17\xaeN\x1e'
11E8E149-CB7A-4F64-AF82-12DF17AE4E1E,2026-ncaa-d1-natl,genius_ncaa,110,39,271,67,286,181,174,186,171,228,317,54,77,26,244,15,249,230,242,226,97,202,227,131,154,125,71,42,281,58,19,271,110,188,53,223,283,67,78,143,50,15,138,104,,,105,217,,125,66,279,47,100,39,43,12,123,246,20,2,163,141,136,10,11,4,136,24,129,157,16,82,,239,,206,44,26,47,33,200,76,102,113,37,13,301,38,52,53,82,53,98,27,70,175,150,62,84,130,126,36,110,67,19,46,53,40,108,96,24,33,27,36,13,57,,,320,330,,284,66,85,72,53,55,111,151,117,189,260,91,30,103,127,128,101,260,104,194,150,108,18,62,39,,235,,256,b'\x11\xe8\xe1I\xcbzOd\xaf\x82\x12\xdf\x17\xaeN\x1e'
11E8E149-CB7E-98E4-AF82-12DF17AE4E1E,2010-ncaa-d0-natl,ncaa,274,224,322,270,324,273,264,241,288,222,166,302,280,283,227,273,222,138,336,138,118,221,249,296,301,273,234,246,115,123,123,300,229,231,221,275,246,59,115,218,212,169,312,297,,,273,335,,,265,278,57,93,181,178,46,133,33,239,245,129,34,33,33,30,23,193,73,214,198,129,297,,337,,,273,107,36,30,203,48,40,202,99,78,204,123,321,308,283,311,337,71,64,199,282,261,294,110,340,77,229,166,123,135,221,57,178,223,152,132,30,66,145,152,,,183,82,,,265,67,245,250,265,299,183,154,186,160,183,169,339,335,337,274,292,237,322,311,187,108,102,227,,31,,,b'\x11\xe8\xe1I\xcb~\x98\xe4\xaf\x82\x12\xdf\x17\xaeN\x1e'
11E8E149-CB7E-98E4-AF82-12DF17AE4E1E,2010-ncaa-d1-conf-OVC,ncaa,8,8,5,8,6,6,6,5,9,3,3,9,6,6,5,8,5,4,8,4,7,4,4,9,8,8,6,7,4,3,3,8,10,4,6,6,7,6,5,6,1,1,10,10,,,9,8,,,6,5,2,3,6,6,3,3,1,6,7,5,3,3,1,1,1,8,4,5,6,1,9,,9,,,6,8,5,4,4,6,8,4,2,2,2,2,10,9,10,9,8,6,6,4,5,4,6,2,10,10,10,8,3,9,6,3,3,3,4,2,5,4,6,5,,,4,5,,,6,6,6,4,6,7,7,6,6,7,2,2,10,9,9,8,9,10,6,9,5,1,5,7,,4,,,b'\x11\xe8\xe1I\xcb~\x98\xe4\xaf\x82\x12\xdf\x17\xaeN\x1e'
11E8E149-CB7E-98E4-AF82-12DF17AE4E1E,2010-ncaa-d1-natl,ncaa,268,223,323,265,327,268,263,209,290,213,134,306,274,278,236,273,208,114,336,111,122,185,212,300,307,278,238,251,118,98,122,285,223,215,220,266,233,83,117,212,218,181,314,304,,,297,335,,,261,253,56,93,188,185,45,134,30,242,251,139,34,34,33,31,23,188,72,210,203,148,306,,337,,,267,118,35,36,179,61,50,179,96,82,187,119,328,314,289,318,336,79,91,178,261,232,294,105,342,100,223,215,122,172,220,58,165,198,140,106,34,62,152,142,,,153,81,,,261,91,249,229,263,292,171,151,174,161,168,155,340,334,333,257,293,232,324,312,161,93,99,217,,29,,,b'\x11\xe8\xe1I\xcb~\x98\xe4\xaf\x82\x12\xdf\x17\xaeN\x1e'
11E8E149-CB7E-98E4-AF82-12DF17AE4E1E,2011-ncaa-d0-natl,ncaa,262,264,242,266,256,252,256,230,264,264,255,251,173,145,236,102,199,239,91,238,167,245,201,252,233,259,97,112,132,254,282,164,164,206,254,226,118,273,288,266,283,295,233,243,,,256,283,,,267,179,64,100,230,249,171,257,232,144,106,162,206,206,187,102,233,69,129,190,301,276,224,,307,,,264,171,130,158,132,160,179,135,107,140,98,133,267,274,187,263,257,184,159,120,157,187,186,111,281,175,164,236,282,210,254,101,112,216,229,160,114,144,138,200,,,181,143,,,267,164,277,184,260,248,201,256,225,264,141,178,300,293,288,281,283,238,304,296,156,173,163,183,,104,,,b'\x11\xe8\xe1I\xcb~\x98\xe4\xaf\x82\x12\xdf\x17\xaeN\x1e'
11E8E149-CB7E-98E4-AF82-12DF17AE4E1E,2011-ncaa-d1-conf-OVC,ncaa,7,7,6,7,6,8,8,8,8,8,7,8,4,4,5,5,7,8,8,8,7,8,6,7,7,9,6,4,5,6,7,6,5,6,5,6,1,9,9,8,5,8,6,7,,,10,10,,,6,5,4,2,8,8,6,8,6,4,4,6,7,7,7,2,5,5,3,4,9,5,7,,10,,,6,5,3,3,5,6,6,3,2,2,7,3,8,8,2,8,8,4,6,4,5,2,4,3,9,5,5,6,7,5,5,4,6,3,2,3,8,8,6,8,,,6,5,,,6,7,9,3,6,4,4,5,7,9,4,3,9,9,9,7,9,6,7,8,4,2,8,8,,4,,,b'\x11\xe8\xe1I\xcb~\x98\xe4\xaf\x82\x12\xdf\x17\xaeN\x1e'
11E8E149-CB7E-98E4-AF82-12DF17AE4E1E,2011-ncaa-d1-natl,ncaa,268,277,199,274,224,247,257,209,279,269,244,264,157,130,242,96,186,211,113,210,150,209,172,262,242,263,88,103,124,234,281,150,159,195,257,221,134,286,286,271,271,287,235,245,,,271,285,,,269,150,60,107,233,252,164,270,233,135,99,159,194,190,171,97,219,81,136,195,298,268,227,,308,,,269,203,157,173,152,180,193,165,118,147,111,131,283,289,170,278,265,208,194,139,177,191,184,111,282,178,159,271,281,253,257,106,99,187,210,150,116,127,162,220,,,154,140,,,269,192,283,191,266,253,202,246,227,254,139,171,301,298,291,277,283,224,312,304,155,152,153,196,,95,,,b'\x11\xe8\xe1I\xcb~\x98\xe4\xaf\x82\x12\xdf\x17\xaeN\x1e'
11E8E149-CB7E-98E4-AF82-12DF17AE4E1E,2012-ncaa-d0-natl,ncaa,279,260,292,280,301,168,158,87,283,159,130,241,145,86,294,111,199,158,276,168,212,92,108,272,281,244,163,137,212,65,129,189,183,119,199,218,262,118,82,188,248,280,197,206,,,298,310,,,285,137,3,163,68,71,2,86,36,97,32,131,78,94,2,2,11,63,12,149,221,220,162,,336,,,288,303,240,178,292,251,156,303,212,197,224,164,333,328,288,329,329,226,203,291,316,322,260,120,318,165,183,311,129,277,199,176,93,215,239,211,95,71,210,166,,,164,237,,,285,212,198,312,279,341,324,320,313,292,267,269,339,340,340,338,337,264,337,336,257,128,177,256,,45,,,b'\x11\xe8\xe1I\xcb~\x98\xe4\xaf\x82\x12\xdf\x17\xaeN\x1e'
11E8E149-CB7E-98E4-AF82-12DF17AE4E1E,2012-ncaa-d1-conf-OVC,ncaa,8,8,5,8,5,5,4,1,9,4,1,10,5,4,8,4,4,2,8,2,7,1,1,8,8,8,5,5,4,1,2,5,7,1,5,4,7,7,2,5,4,5,5,7,,,10,8,,,7,4,1,7,4,4,1,4,1,5,4,2,2,2,1,1,1,4,1,4,4,4,7,,9,,,7,8,7,7,7,6,8,6,5,5,7,4,10,10,8,10,10,8,8,6,7,7,6,3,9,8,7,9,2,9,5,7,4,4,6,6,6,4,7,6,,,4,8,,,7,7,7,7,7,10,8,10,8,9,6,5,10,10,10,10,10,9,10,10,7,3,5,10,,2,,,b'\x11\xe8\xe1I\xcb~\x98\xe4\xaf\x82\x12\xdf\x17\xaeN\x1e'
11E8E149-CB7E-98E4-AF82-12DF17AE4E1E,2012-ncaa-d1-natl,ncaa,273,260,286,273,300,146,138,62,271,142,111,235,129,76,286,108,207,159,283,169,230,71,80,258,273,236,164,131,233,59,139,171,175,98,195,201,261,119,81,173,244,274,195,209,,,311,311,,,281,109,3,166,65,66,2,85,40,96,34,157,103,111,3,3,14,59,14,142,210,212,166,,336,,,285,312,262,189,293,263,179,299,212,207,222,155,333,333,270,333,329,251,228,292,316,322,254,118,315,169,175,318,139,295,195,189,92,199,234,204,112,73,214,171,,,162,253,,,281,237,195,308,277,340,319,313,313,286,258,257,339,340,340,337,336,257,337,335,250,124,179,252,,64,,,b'\x11\xe8\xe1I\xcb~\x98\xe4\xaf\x82\x12\xdf\x17\xaeN\x1e'
11E8E149-CB7E-98E4-AF82-12DF17AE4E1E,2013-ncaa-d0-natl,ncaa,212,145,327,200,333,258,282,283,262,250,210,286,250,275,133,253,131,144,154,144,93,265,300,264,233,191,155,220,33,196,132,331,256,306,237,312,301,34,95,239,185,104,128,73,,,139,290,,,200,315,138,151,149,198,119,175,86,210,234,44,39,40,81,110,78,290,196,284,126,113,82,,283,,,207,63,50,13,268,51,24,248,120,71,284,171,220,178,293,174,297,17,28,275,307,263,264,182,277,53,256,83,132,59,237,87,203,214,96,145,58,136,190,213,,,206,59,,,200,27,165,265,218,250,198,99,185,111,223,172,299,280,280,150,193,182,264,253,210,104,147,265,,43,,,b'\x11\xe8\xe1I\xcb~\x98\xe4\xaf\x82\x12\xdf\x17\xaeN\x1e'
11E8E149-CB7E-98E4-AF82-12DF17AE4E1E,2013-ncaa-d1-conf-OVC,ncaa,7,6,6,7,6,5,5,5,8,4,2,10,9,10,4,10,2,2,9,2,4,4,4,7,7,6,9,10,2,2,2,10,11,7,7,8,12,9,7,8,3,2,5,5,,,11,12,,,6,4,4,5,4,4,5,3,2,9,10,2,2,2,2,2,2,11,6,11,7,2,5,,11,,,6,7,4,4,9,8,7,5,5,1,10,1,8,9,4,9,8,4,8,8,8,6,6,4,9,10,11,7,2,7,7,4,5,2,1,2,4,5,8,5,,,2,3,,,6,7,5,7,6,7,6,3,7,9,6,2,8,12,11,5,8,8,7,9,5,1,7,8,,2,,,b'\x11\xe8\xe1I\xcb~\x98\xe4\xaf\x82\x12\xdf\x17\xaeN\x1e'
11E8E149-CB7E-98E4-AF82-12DF17AE4E1E,2013-ncaa-d1-natl,ncaa,201,145,327,194,332,258,273,261,270,240,196,291,259,270,172,256,129,113,206,116,87,242,285,275,255,212,170,230,34,180,153,326,260,295,248,311,298,40,106,244,166,99,120,69,,,169,292,,,202,304,131,150,166,209,121,177,81,222,239,47,36,37,73,107,84,283,190,285,139,101,76,,291,,,207,77,49,15,253,63,31,229,131,76,282,162,237,203,293,200,295,24,39,256,291,245,261,173,285,84,260,125,153,94,248,93,196,185,86,127,76,135,219,225,,,159,49,,,202,37,183,248,218,245,190,102,182,123,210,160,300,283,280,154,203,201,278,268,200,89,153,278,,31,,,b'\x11\xe8\xe1I\xcb~\x98\xe4\xaf\x82\x12\xdf\x17\xaeN\x1e'
11E8E149-CB7E-98E4-AF82-12DF17AE4E1E,2014-ncaa-d0-natl,ncaa,239,224,254,244,267,199,189,144,268,146,121,243,252,207,319,224,166,97,327,104,130,130,146,286,289,262,257,263,113,72,91,312,226,234,209,289,330,130,105,275,114,81,256,259,,,266,324,,,244,188,67,95,146,133,38,91,51,240,176,107,42,46,28,26,22,316,161,287,191,82,251,,325,,,246,206,176,56,327,258,133,323,34,21,185,34,312,283,330,279,292,81,121,309,330,301,86,22,311,61,226,230,91,160,209,92,53,107,66,68,135,138,167,134,,,139,144,,,244,146,215,266,250,291,268,93,309,232,48,38,323,314,311,171,243,104,300,258,152,58,195,219,,48,,,b'\x11\xe8\xe1I\xcb~\x98\xe4\xaf\x82\x12\xdf\x17\xaeN\x1e'
11E8E149-CB7E-98E4-AF82-12DF17AE4E1E,2014-ncaa-d1-conf-OVC,ncaa,5,3,5,4,5,3,4,3,4,3,2,5,10,9,10,11,6,4,11,4,5,3,3,7,9,9,10,11,7,1,1,11,10,5,4,9,11,7,5,9,2,3,5,6,,,10,8,,,3,5,4,3,2,3,2,2,2,10,7,5,4,4,2,1,1,11,5,10,7,2,6,,8,,,3,8,5,3,12,9,6,11,2,2,5,2,11,10,10,10,8,4,7,11,12,9,3,1,9,3,10,5,1,5,4,3,4,2,3,2,6,6,9,8,,,8,10,,,3,8,3,7,3,10,7,2,9,7,2,2,10,9,9,5,8,5,6,5,2,2,7,9,,5,,,b'\x11\xe8\xe1I\xcb~\x98\xe4\xaf\x82\x12\xdf\x17\xaeN\x1e'
11E8E149-CB7E-98E4-AF82-12DF17AE4E1E,2014-ncaa-d1-natl,ncaa,230,223,211,235,236,176,179,123,267,128,103,240,256,193,323,228,135,76,318,81,124,108,120,288,288,261,256,272,98,56,89,313,253,202,221,300,335,141,99,279,94,75,255,256,,,299,329,,,232,157,61,94,129,128,38,85,52,250,176,90,36,39,27,24,22,316,155,300,190,76,246,,332,,,233,231,184,65,322,270,170,315,33,18,187,24,325,308,323,306,302,104,157,304,321,288,89,19,319,98,253,252,89,192,221,95,44,91,64,61,155,136,178,134,,,106,134,,,232,175,212,268,241,293,261,95,307,239,44,31,332,322,322,184,258,143,299,267,140,52,198,219,,41,,,b'\x11\xe8\xe1I\xcb~\x98\xe4\xaf\x82\x12\xdf\x17\xaeN\x1e'
11E8E149-CB7E-98E4-AF82-12DF17AE4E1E,2015-ncaa-d0-natl,ncaa,116,103,113,112,118,114,98,53,235,96,66,227,158,125,258,176,146,76,333,78,169,55,56,249,269,245,213,191,205,43,89,229,280,112,225,171,271,244,148,224,61,69,215,230,,,334,324,,,192,64,34,34,113,90,22,92,53,167,122,154,64,69,23,14,26,276,123,187,233,50,230,,337,,,190,274,158,128,227,226,192,234,60,80,82,47,348,346,331,346,336,219,278,193,281,167,233,24,347,235,280,305,89,297,225,173,188,28,41,49,151,80,149,86,,,89,226,,,192,278,212,164,201,262,139,74,218,163,44,61,346,343,344,203,313,236,297,295,159,26,141,137,,84,,,b'\x11\xe8\xe1I\xcb~\x98\xe4\xaf\x82\x12\xdf\x17\xaeN\x1e'
11E8E149-CB7E-98E4-AF82-12DF17AE4E1E,2015-ncaa-d1-conf-OVC,ncaa,2,2,1,2,1,2,2,1,8,2,1,7,5,2,9,5,5,3,11,3,6,1,1,8,9,8,6,6,8,1,3,7,10,1,7,4,9,5,2,4,2,2,3,4,,,12,9,,,3,1,5,3,5,2,1,4,2,6,4,7,7,7,1,2,1,11,4,6,3,2,7,,10,,,3,10,6,6,4,10,8,5,4,5,4,4,12,12,12,12,11,10,12,4,8,2,10,2,11,10,10,12,3,12,7,8,9,1,1,1,3,2,6,2,,,2,11,,,3,12,3,3,4,6,1,1,3,3,2,3,11,11,11,4,8,6,8,9,6,1,2,5,,7,,,b'\x11\xe8\xe1I\xcb~\x98\xe4\xaf\x82\x12\xdf\x17\xaeN\x1e'
11E8E149-CB7E-98E4-AF82-12DF17AE4E1E,2015-ncaa-d1-natl,ncaa,129,103,143,117,148,139,124,60,246,116,83,232,163,132,265,179,165,88,335,89,164,59,63,253,271,253,210,192,199,47,97,268,288,137,237,198,276,230,151,232,68,71,232,239,,,330,326,,,209,76,33,32,120,107,25,102,57,167,123,152,64,68,24,15,27,280,133,195,239,53,232,,337,,,209,255,132,90,236,211,162,245,55,59,85,47,347,344,332,344,336,186,260,200,290,187,232,23,347,218,288,297,97,280,237,156,186,39,45,53,138,83,140,91,,,111,227,,,209,259,221,186,215,271,147,78,234,166,48,63,346,343,343,204,312,242,300,301,166,29,144,140,,83,,,b'\x11\xe8\xe1I\xcb~\x98\xe4\xaf\x82\x12\xdf\x17\xaeN\x1e'
11E8E149-CB7E-98E4-AF82-12DF17AE4E1E,2015-ncaa-d1-ncaatournament,ncaa,33,2,33,33,33,56,58,35,62,58,40,63,38,40,40,19,50,50,40,50,50,38,34,60,60,63,7,10,39,34,40,52,59,45,56,46,9,37,59,61,38,21,56,56,,,34,60,,,62,33,4,4,55,57,5,58,21,16,14,48,47,47,13,2,10,51,39,37,61,13,55,,64,,,63,31,24,19,55,14,13,47,29,28,50,34,48,47,31,47,63,27,31,56,57,55,58,36,62,26,59,31,40,31,56,17,32,38,27,27,46,62,30,55,,,40,40,,,62,30,62,60,62,63,53,32,36,22,51,45,64,64,64,57,61,53,63,63,42,13,62,54,,16,,,b'\x11\xe8\xe1I\xcb~\x98\xe4\xaf\x82\x12\xdf\x17\xaeN\x1e'
11E8E149-CB7E-98E4-AF82-12DF17AE4E1E,2016-ncaa-d0-natl,ncaa,256,228,287,253,307,273,233,163,306,236,150,315,207,186,240,183,324,313,275,308,331,198,212,302,319,307,211,148,304,133,181,291,260,241,276,293,298,137,165,268,170,137,95,70,,,252,308,,,282,240,54,172,224,171,30,178,59,172,143,300,288,284,58,43,69,231,138,264,229,113,66,,323,,,287,153,74,51,204,101,104,172,101,62,264,72,329,314,316,315,328,101,98,195,261,241,270,102,339,155,260,250,181,221,276,56,73,175,134,87,60,82,157,132,,,334,345,,,282,103,290,245,286,274,197,169,212,216,170,112,346,335,335,244,284,259,331,324,106,96,132,220,,317,,,b'\x11\xe8\xe1I\xcb~\x98\xe4\xaf\x82\x12\xdf\x17\xaeN\x1e'
11E8E149-CB7E-98E4-AF82-12DF17AE4E1E,2016-ncaa-d1-conf-OVC,ncaa,8,7,5,8,6,9,9,6,10,8,6,10,6,6,7,6,11,9,11,9,12,7,7,11,11,10,7,6,10,6,5,10,11,7,9,11,12,5,7,11,3,3,3,3,,,11,12,,,8,8,8,10,10,10,4,8,6,6,6,11,10,10,7,6,5,11,8,11,6,4,3,,11,,,8,4,3,3,5,4,5,4,3,3,7,4,11,11,8,11,12,4,6,4,6,4,9,5,12,11,11,10,5,10,9,2,2,4,2,1,4,5,6,5,,,10,12,,,8,4,10,6,8,4,2,2,2,3,4,4,12,12,12,3,7,9,10,10,3,2,4,6,,11,,,b'\x11\xe8\xe1I\xcb~\x98\xe4\xaf\x82\x12\xdf\x17\xaeN\x1e'
11E8E149-CB7E-98E4-AF82-12DF17AE4E1E,2016-ncaa-d1-natl,ncaa,234,227,218,238,260,238,220,116,309,221,122,318,183,156,238,172,300,288,261,285,317,154,146,302,318,307,199,139,284,108,183,251,246,187,256,276,296,208,190,277,125,108,63,53,,,297,311,,,275,163,56,181,228,190,34,199,77,168,135,289,278,277,64,44,70,234,132,272,245,91,51,,324,,,275,196,98,94,181,116,140,140,122,64,283,65,337,328,299,329,329,151,173,180,240,199,281,108,343,173,246,293,183,279,256,56,71,112,109,64,113,114,164,127,,,323,345,,,275,175,294,198,274,251,164,140,177,200,161,89,344,334,336,230,279,227,329,314,88,65,162,197,,313,,,b'\x11\xe8\xe1I\xcb~\x98\xe4\xaf\x82\x12\xdf\x17\xaeN\x1e'
11E8E149-CB7E-98E4-AF82-12DF17AE4E1E,2017-ncaa-d0-natl,ncaa,267,184,347,253,347,321,297,332,174,245,269,161,319,312,287,253,312,279,322,282,209,331,323,220,252,284,302,272,217,255,149,343,246,336,229,307,259,207,313,296,102,39,224,132,,,140,304,,,261,327,20,88,179,141,119,95,71,261,238,206,120,123,109,29,116,285,216,206,332,26,151,,330,,,276,43,21,6,304,35,6,307,67,38,227,172,237,233,146,232,345,9,15,304,319,248,260,135,316,29,246,14,149,13,229,79,251,159,37,107,69,167,116,198,,,325,263,,,261,18,284,227,273,295,240,124,234,115,218,190,336,337,338,220,317,186,225,220,273,25,233,251,,155,,,b'\x11\xe8\xe1I\xcb~\x98\xe4\xaf\x82\x12\xdf\x17\xaeN\x1e'
11E8E149-CB7E-98E4-AF82-12DF17AE4E1E,2017-ncaa-d1-conf-OVC,ncaa,11,11,9,11,11,10,11,10,10,7,4,7,12,11,12,11,9,6,12,6,5,9,7,11,11,12,12,11,5,5,4,12,8,10,6,10,10,12,12,12,1,1,5,3,,,11,12,,,11,8,2,5,8,8,6,2,3,11,10,6,5,5,6,1,3,12,8,9,12,1,5,,12,,,11,2,2,2,6,1,1,9,6,8,6,8,11,11,8,11,12,2,5,8,10,4,12,8,12,3,8,4,4,3,6,4,9,1,1,1,8,8,5,4,,,8,9,,,11,5,12,4,11,8,2,3,1,1,7,8,12,12,12,3,11,6,5,6,6,1,10,7,,5,,,b'\x11\xe8\xe1I\xcb~\x98\xe4\xaf\x82\x12\xdf\x17\xaeN\x1e'
11E8E149-CB7E-98E4-AF82-12DF17AE4E1E,2017-ncaa-d1-natl,ncaa,269,181,349,257,349,314,291,332,157,241,266,153,310,308,281,258,297,258,310,257,199,332,323,205,231,282,294,275,192,249,129,339,202,335,191,293,235,246,320,296,88,31,215,130,,,159,300,,,251,327,15,91,159,131,123,85,73,260,235,188,104,106,106,23,101,245,184,193,340,22,146,,329,,,253,34,15,3,279,30,4,294,67,51,198,196,258,253,153,251,346,6,13,284,313,208,277,144,327,24,202,11,129,10,191,77,252,147,35,91,97,190,112,179,,,320,255,,,251,17,278,189,253,287,215,115,207,99,214,203,339,338,339,212,320,159,203,193,262,27,253,243,,139,,,b'\x11\xe8\xe1I\xcb~\x98\xe4\xaf\x82\x12\xdf\x17\xaeN\x1e'
11E8E149-CB7E-98E4-AF82-12DF17AE4E1E,2018-ncaa-d0-natl,ncaa,325,280,337,325,337,273,317,313,284,284,249,306,297,314,231,278,41,70,54,69,20,283,274,298,233,264,103,266,3,190,106,342,335,329,281,297,185,236,286,298,183,136,346,341,,,147,236,,,273,289,21,54,126,228,130,185,90,238,239,2,4,3,63,19,65,328,231,211,325,93,340,,311,,,289,149,156,31,337,197,55,334,95,54,297,107,201,196,224,202,279,37,66,336,339,277,119,97,229,159,335,39,106,61,281,206,242,103,43,137,121,195,327,338,,,115,27,,,273,60,250,290,281,338,330,242,330,263,222,154,313,306,312,290,337,308,210,268,328,21,262,348,,4,,,b'\x11\xe8\xe1I\xcb~\x98\xe4\xaf\x82\x12\xdf\x17\xaeN\x1e'
11E8E149-CB7E-98E4-AF82-12DF17AE4E1E,2018-ncaa-d1-conf-OVC,ncaa,10,10,9,10,10,8,8,7,11,9,7,12,8,8,4,8,3,4,1,4,5,7,6,12,7,9,6,8,1,6,6,12,11,10,11,7,5,10,8,8,3,3,12,12,,,9,6,,,10,7,1,4,6,7,3,7,3,8,8,2,2,2,3,1,3,12,8,4,12,2,12,,11,,,10,10,9,6,11,10,7,11,5,6,8,6,9,8,11,8,8,6,8,11,11,9,6,3,5,9,11,6,6,8,11,10,8,1,2,3,5,5,12,12,,,4,4,,,10,6,9,10,10,11,11,9,11,9,7,7,10,9,10,12,12,11,8,10,10,1,6,12,,1,,,b'\x11\xe8\xe1I\xcb~\x98\xe4\xaf\x82\x12\xdf\x17\xaeN\x1e'
11E8E149-CB7E-98E4-AF82-12DF17AE4E1E,2018-ncaa-d1-natl,ncaa,324,278,343,324,343,269,313,310,290,283,236,312,294,306,219,279,30,52,53,50,16,278,269,300,222,262,95,267,3,190,119,343,330,328,272,292,167,242,283,293,183,143,342,339,,,176,235,,,271,285,20,65,119,235,123,190,88,232,238,2,3,3,59,16,68,321,214,205,325,97,337,,310,,,279,155,157,29,337,195,65,329,104,54,292,107,205,204,179,210,279,33,75,333,334,258,126,105,227,175,330,43,119,70,272,221,245,91,51,131,134,192,326,334,,,96,20,,,271,65,249,274,272,332,326,256,324,266,222,159,311,308,314,297,340,307,224,272,324,24,263,346,,3,,,b'\x11\xe8\xe1I\xcb~\x98\xe4\xaf\x82\x12\xdf\x17\xaeN\x1e'
11E8E149-CB7E-98E4-AF82-12DF17AE4E1E,2019-ncaa-d0-natl,ncaa,322,335,173,331,206,259,276,138,337,176,67,326,340,285,351,297,74,68,174,76,162,121,114,346,338,323,284,338,8,62,137,315,302,219,284,316,325,239,190,319,112,104,328,325,,,323,327,,,338,142,73,149,274,295,89,160,41,340,278,43,43,52,66,46,48,335,232,338,242,95,332,,332,,,335,310,255,90,343,265,105,343,190,113,312,116,347,344,175,344,345,161,206,342,349,329,235,90,320,165,302,301,137,271,284,302,294,73,68,196,208,167,265,199,,,79,93,,,338,218,309,328,331,335,280,74,288,104,211,129,346,344,344,185,272,186,320,298,317,53,221,278,,33,,,b'\x11\xe8\xe1I\xcb~\x98\xe4\xaf\x82\x12\xdf\x17\xaeN\x1e'
11E8E149-CB7E-98E4-AF82-12DF17AE4E1E,2019-ncaa-d1-conf-OVC,ncaa,10,10,9,10,9,11,11,7,12,6,3,12,12,12,12,12,7,8,8,8,9,7,8,12,12,11,12,12,3,6,10,12,7,10,10,12,10,4,6,9,4,4,10,9,,,9,11,,,10,8,3,1,11,10,3,5,2,12,11,5,4,4,3,2,4,11,9,11,6,3,9,,11,,,10,4,4,1,11,6,3,11,3,2,11,3,10,9,11,9,10,1,3,11,11,10,7,4,11,1,7,10,10,5,10,3,8,3,1,2,3,4,5,6,,,8,5,,,10,4,11,9,11,9,7,1,8,5,4,2,11,11,11,2,8,1,12,10,7,1,5,8,,3,,,b'\x11\xe8\xe1I\xcb~\x98\xe4\xaf\x82\x12\xdf\x17\xaeN\x1e'
11E8E149-CB7E-98E4-AF82-12DF17AE4E1E,2019-ncaa-d1-natl,ncaa,333,334,233,336,267,288,299,184,338,220,90,328,344,302,350,296,91,96,172,104,164,168,170,347,339,330,283,336,7,88,149,338,309,269,294,335,329,207,192,324,141,115,335,326,,,302,326,,,338,202,76,149,287,300,96,168,43,341,282,45,48,56,73,59,52,336,237,339,241,108,334,,332,,,338,293,233,43,347,244,70,346,171,84,317,113,343,337,181,337,345,108,144,344,350,335,233,92,323,133,309,275,149,234,294,295,292,96,75,207,190,178,252,207,,,107,89,,,338,157,319,333,336,337,291,74,292,113,212,125,348,345,345,189,270,195,322,305,319,60,222,280,,34,,,b'\x11\xe8\xe1I\xcb~\x98\xe4\xaf\x82\x12\xdf\x17\xaeN\x1e'
11E8E149-CB7E-98E4-AF82-12DF17AE4E1E,2020-ncaa-d0-natl,ncaa,346,325,336,346,344,341,347,332,342,323,254,345,319,319,309,275,184,239,67,235,161,331,314,343,324,333,171,272,12,313,305,346,348,348,349,347,319,217,295,344,136,113,304,276,,,144,208,,,344,306,34,273,300,334,214,279,111,300,280,76,120,120,200,100,255,330,329,342,315,74,279,,288,,,347,256,197,61,328,152,33,335,256,229,277,281,320,295,305,294,339,94,101,337,346,334,300,230,291,310,348,182,305,262,349,219,214,162,131,196,122,217,152,195,,,300,204,,,344,55,339,345,347,347,325,281,299,153,333,326,349,337,337,323,334,345,335,345,315,58,236,232,,168,,,b'\x11\xe8\xe1I\xcb~\x98\xe4\xaf\x82\x12\xdf\x17\xaeN\x1e'
11E8E149-CB7E-98E4-AF82-12DF17AE4E1E,2020-ncaa-d1-conf-OVC,ncaa,11,11,9,11,12,10,11,12,10,8,5,12,10,12,8,10,8,9,1,9,10,11,10,10,9,10,8,8,2,12,12,11,12,12,12,12,11,10,11,12,5,6,9,9,,,6,6,,,12,7,1,12,9,11,10,6,4,10,12,5,8,8,11,6,11,11,12,12,11,5,9,,9,,,12,11,11,6,11,10,3,12,11,8,10,10,11,10,10,10,11,7,8,12,12,11,11,8,7,12,12,8,12,12,12,10,9,5,6,8,5,8,5,3,,,11,11,,,12,7,11,12,12,12,11,11,10,7,12,11,12,12,12,11,12,12,11,12,12,4,8,8,,11,,,b'\x11\xe8\xe1I\xcb~\x98\xe4\xaf\x82\x12\xdf\x17\xaeN\x1e'
11E8E149-CB7E-98E4-AF82-12DF17AE4E1E,2020-ncaa-d1-natl,ncaa,332,325,326,332,336,318,336,300,342,307,198,341,306,306,305,280,83,140,58,129,136,283,259,342,321,325,164,280,5,264,278,333,345,334,342,344,321,263,290,343,94,92,288,277,,,242,229,,,341,235,31,273,280,325,206,262,102,296,280,38,80,77,164,81,224,316,307,343,315,53,271,,299,,,342,299,251,125,321,220,66,332,252,252,222,260,341,328,283,327,342,178,208,325,340,317,285,177,305,319,345,256,278,298,342,239,191,108,114,164,175,208,165,180,,,238,178,,,341,136,325,339,338,344,318,269,303,161,307,315,349,338,338,322,334,341,325,343,297,51,240,219,,138,,,b'\x11\xe8\xe1I\xcb~\x98\xe4\xaf\x82\x12\xdf\x17\xaeN\x1e'
11E8E149-CB7E-98E4-AF82-12DF17AE4E1E,2021-ncaa-d0-natl,ncaa,337,341,157,337,166,274,258,197,318,235,196,291,269,184,341,153,295,293,214,294,324,219,197,323,328,332,284,238,278,253,312,269,338,273,340,244,168,287,312,311,180,184,240,203,,,136,84,,,342,183,231,128,333,319,275,289,219,309,217,334,331,332,317,273,301,335,341,296,301,185,259,,97,,,338,227,214,158,304,138,92,319,323,302,309,335,187,164,290,167,275,158,176,330,329,308,328,334,122,286,338,250,312,270,340,313,336,107,94,273,287,314,283,306,,,252,307,,,342,154,338,329,338,283,246,141,109,15,335,328,192,161,169,127,182,310,299,320,331,86,296,294,,322,,,b'\x11\xe8\xe1I\xcb~\x98\xe4\xaf\x82\x12\xdf\x17\xaeN\x1e'
11E8E149-CB7E-98E4-AF82-12DF17AE4E1E,2021-ncaa-d1-conf-OVC,ncaa,12,12,6,12,6,12,11,10,12,11,10,10,10,8,12,5,12,12,9,12,12,12,11,12,12,12,10,7,11,12,12,12,12,12,12,11,7,11,12,12,8,8,9,6,,,2,4,,,12,9,9,3,12,12,12,11,9,10,6,12,12,12,12,12,12,12,12,11,11,7,9,,6,,,12,11,8,6,12,4,1,12,12,12,11,12,9,6,10,6,11,6,5,12,12,12,12,12,4,12,12,12,12,12,12,12,12,5,5,11,11,12,8,10,,,12,11,,,12,4,12,12,12,12,9,8,5,1,12,12,9,8,8,8,9,12,12,12,12,4,11,9,,12,,,b'\x11\xe8\xe1I\xcb~\x98\xe4\xaf\x82\x12\xdf\x17\xaeN\x1e'
11E8E149-CB7E-98E4-AF82-12DF17AE4E1E,2021-ncaa-d1-natl,ncaa,338,341,182,338,191,285,270,218,320,252,218,295,276,188,341,151,300,299,214,300,325,234,214,325,330,333,282,236,272,267,316,275,338,281,340,256,171,274,316,313,195,192,247,208,,,117,84,,,342,203,234,128,336,323,283,293,228,308,218,334,331,332,321,276,303,335,341,301,298,194,261,,97,,,339,212,199,140,306,126,81,319,322,294,312,335,177,156,292,157,275,142,157,330,330,310,328,334,123,278,338,238,316,253,340,310,337,123,100,280,278,318,278,310,,,262,307,,,342,132,339,330,339,289,256,143,117,15,335,328,196,162,171,134,179,311,300,321,332,91,297,298,,322,,,b'\x11\xe8\xe1I\xcb~\x98\xe4\xaf\x82\x12\xdf\x17\xaeN\x1e'
11E8E149-CB7E-98E4-AF82-12DF17AE4E1E,2022-ncaa-d0-natl,ncaa,233,266,112,253,122,150,127,116,153,61,59,133,306,266,341,306,168,163,164,152,275,116,82,235,236,270,339,335,179,115,162,314,330,257,308,215,318,339,306,312,4,7,134,105,,,346,337,,,272,73,41,63,183,129,117,40,43,326,290,182,189,176,125,44,125,354,337,252,329,4,146,,343,,,269,294,211,99,338,202,123,314,199,104,339,101,354,353,215,353,351,173,271,338,350,230,296,119,346,230,330,229,162,236,308,335,348,6,7,75,334,295,178,85,,,170,298,,,272,278,274,218,269,282,180,29,178,61,179,74,350,348,348,104,303,208,210,213,321,5,323,152,,209,,,b'\x11\xe8\xe1I\xcb~\x98\xe4\xaf\x82\x12\xdf\x17\xaeN\x1e'
11E8E149-CB7E-98E4-AF82-12DF17AE4E1E,2022-ncaa-d1-conf-OVC,ncaa,8,8,1,8,2,7,4,2,7,2,2,7,9,9,8,10,8,8,4,7,10,2,2,8,8,8,10,10,8,3,6,10,10,7,8,7,10,9,9,10,1,2,3,3,,,10,9,,,8,2,2,3,7,5,3,2,2,10,10,8,9,9,3,2,4,10,9,9,8,1,4,,10,,,8,9,7,4,8,5,5,6,6,3,9,2,10,10,8,10,10,8,9,9,10,6,7,5,10,10,10,8,6,9,8,9,10,1,1,2,9,7,7,2,,,6,8,,,8,9,8,8,8,7,6,3,5,4,5,3,10,10,10,5,9,9,8,9,8,1,8,5,,6,,,b'\x11\xe8\xe1I\xcb~\x98\xe4\xaf\x82\x12\xdf\x17\xaeN\x1e'
11E8E149-CB7E-98E4-AF82-12DF17AE4E1E,2022-ncaa-d1-natl,ncaa,235,266,100,250,109,146,117,106,144,51,46,132,304,270,337,308,168,166,173,154,282,110,64,223,230,275,341,332,195,115,158,316,328,256,306,209,308,340,315,317,5,5,129,106,,,344,336,,,268,62,38,64,177,118,110,39,46,318,289,193,195,182,122,38,124,351,334,242,334,4,138,,340,,,263,303,220,106,338,211,122,309,214,114,339,108,353,350,204,350,349,171,298,336,350,219,291,130,343,249,328,244,158,250,306,333,348,4,9,75,337,293,208,97,,,175,303,,,268,289,269,203,262,282,188,35,179,70,190,81,349,346,346,111,308,214,206,215,323,5,322,183,,211,,,b'\x11\xe8\xe1I\xcb~\x98\xe4\xaf\x82\x12\xdf\x17\xaeN\x1e'
11E8E149-CB7E-98E4-AF82-12DF17AE4E1E,2023-ncaa-d0-natl,ncaa,300,239,345,292,349,308,299,341,167,202,221,185,355,354,325,344,197,146,303,148,107,330,319,235,226,258,337,349,56,242,141,356,337,348,278,349,352,208,315,343,102,34,214,147,,,104,233,,,298,318,57,178,198,191,229,69,59,348,345,80,43,42,149,72,135,340,292,331,331,27,149,,276,,,304,104,93,21,347,126,33,341,105,54,315,148,174,159,236,158,279,24,37,347,345,311,168,146,220,115,337,19,141,31,278,298,350,164,50,267,128,231,73,92,,,272,155,,,298,33,264,316,305,324,318,162,319,179,232,151,287,279,281,215,298,282,171,231,355,36,269,161,,108,,,b'\x11\xe8\xe1I\xcb~\x98\xe4\xaf\x82\x12\xdf\x17\xaeN\x1e'
11E8E149-CB7E-98E4-AF82-12DF17AE4E1E,2023-ncaa-d1-conf-OVC,ncaa,8,6,6,8,7,6,6,7,3,3,5,5,9,9,5,9,5,3,9,3,5,6,5,5,6,5,9,9,6,3,1,8,10,8,6,9,10,6,5,9,5,4,3,4,,,6,9,,,7,5,3,2,4,3,5,2,2,9,9,4,1,1,3,2,1,7,5,10,7,3,1,,8,,,8,6,7,5,7,6,5,7,10,7,10,7,6,5,6,6,7,6,6,8,8,8,8,9,5,8,10,4,1,5,6,9,10,8,5,8,3,4,4,3,,,6,6,,,7,5,5,9,8,9,8,7,7,5,10,8,8,7,8,9,9,9,5,8,9,5,4,4,,3,,,b'\x11\xe8\xe1I\xcb~\x98\xe4\xaf\x82\x12\xdf\x17\xaeN\x1e'
11E8E149-CB7E-98E4-AF82-12DF17AE4E1E,2023-ncaa-d1-natl,ncaa,265,239,310,264,331,226,220,273,157,124,110,177,349,345,315,340,114,74,301,75,95,220,177,222,219,248,335,346,50,164,138,343,337,314,282,332,352,295,298,340,57,36,188,168,,,218,249,,,282,190,31,199,151,146,151,47,41,339,339,60,27,27,98,41,105,336,275,326,332,22,158,,301,,,284,222,209,61,332,234,104,332,124,83,270,111,276,265,251,266,296,94,163,326,337,279,165,93,278,229,337,94,138,132,282,330,347,62,38,214,163,177,84,63,,,164,140,,,282,151,252,286,283,324,309,175,321,210,187,141,313,308,309,243,326,295,211,268,354,21,235,132,,68,,,b'\x11\xe8\xe1I\xcb~\x98\xe4\xaf\x82\x12\xdf\x17\xaeN\x1e'
11E8E149-CB7E-98E4-AF82-12DF17AE4E1E,2024-ncaa-d0-natl,ncaa,286,251,298,285,299,280,242,234,257,146,80,291,352,353,306,352,257,230,290,230,315,233,230,301,310,306,356,351,143,145,132,341,331,306,294,332,352,215,251,330,95,61,246,198,,,222,283,,,280,256,91,12,229,177,84,55,13,350,349,193,151,151,95,54,76,341,254,329,301,47,218,,318,,,280,124,71,38,260,61,36,256,147,114,262,202,305,269,338,269,333,50,115,270,309,172,313,189,334,180,331,127,132,132,294,149,268,44,14,49,197,231,115,56,,,191,138,,,280,107,294,202,276,261,176,102,160,77,223,191,338,321,322,162,297,267,265,281,240,9,272,180,,74,,,b'\x11\xe8\xe1I\xcb~\x98\xe4\xaf\x82\x12\xdf\x17\xaeN\x1e'
11E8E149-CB7E-98E4-AF82-12DF17AE4E1E,2024-ncaa-d1-conf-OVC,ncaa,8,8,2,8,2,5,2,1,7,1,1,9,10,10,8,11,6,3,8,3,11,1,1,10,10,10,11,11,8,1,2,8,9,5,9,8,11,9,3,11,2,2,6,6,,,11,5,,,8,1,3,2,5,2,1,1,1,10,10,8,3,3,1,1,1,10,5,11,7,2,5,,8,,,8,11,6,4,8,6,4,9,10,8,9,7,11,10,11,10,9,5,11,8,10,7,9,7,10,8,9,11,2,11,9,7,7,1,1,2,8,5,7,2,,,2,4,,,8,11,8,8,8,8,5,4,5,4,7,6,10,9,9,6,10,8,10,8,7,1,8,7,,2,,,b'\x11\xe8\xe1I\xcb~\x98\xe4\xaf\x82\x12\xdf\x17\xaeN\x1e'
11E8E149-CB7E-98E4-AF82-12DF17AE4E1E,2024-ncaa-d1-natl,ncaa,266,253,254,268,254,265,235,198,271,123,52,295,356,354,345,352,182,155,274,153,275,198,155,323,320,326,354,356,81,125,132,341,338,290,306,336,357,300,288,346,64,55,250,223,,,261,267,,,289,173,79,5,245,201,96,63,14,355,350,138,107,108,95,44,77,345,263,341,328,45,240,,313,,,290,184,111,56,268,97,55,277,160,130,249,195,321,297,335,299,336,81,198,275,318,168,302,161,334,229,338,190,132,207,306,193,270,20,6,43,245,241,151,67,,,123,115,,,289,183,323,186,288,262,194,101,181,83,206,174,340,326,326,167,312,278,275,289,249,5,288,194,,46,,,b'\x11\xe8\xe1I\xcb~\x98\xe4\xaf\x82\x12\xdf\x17\xaeN\x1e'
11E8E149-CB7E-98E4-AF82-12DF17AE4E1E,2025-ncaa-d0-natl,genius_ncaa,282,292,194,290,212,186,191,131,269,161,137,214,257,160,336,201,141,51,357,46,56,112,98,286,306,288,238,259,115,74,139,270,336,186,307,326,359,275,199,336,43,43,131,132,,,347,344,,358,297,117,31,107,172,176,64,143,107,247,137,116,29,26,38,19,48,285,156,344,281,29,122,,357,,358,298,300,215,170,264,226,186,262,190,172,229,128,355,351,328,351,349,234,257,262,319,247,280,112,351,309,336,305,139,318,307,223,200,70,83,108,238,183,244,225,,,126,170,,295,297,240,274,274,292,330,266,209,266,215,218,189,357,349,349,297,341,326,342,346,255,44,264,278,,64,,292,b'\x11\xe8\xe1I\xcb~\x98\xe4\xaf\x82\x12\xdf\x17\xaeN\x1e'
11E8E149-CB7E-98E4-AF82-12DF17AE4E1E,2025-ncaa-d1-conf-OVC,genius_ncaa,8,8,5,8,5,8,7,3,10,8,6,8,8,3,11,4,7,6,11,6,4,3,3,10,11,11,8,7,7,1,5,8,11,6,11,10,11,9,7,10,1,1,5,6,,,10,8,,11,8,3,1,3,8,8,1,7,4,8,4,8,5,4,1,1,1,9,7,11,10,1,6,,10,,11,8,7,6,6,7,7,5,6,4,5,5,5,10,10,11,10,10,8,9,5,7,5,8,4,10,11,11,11,5,11,11,7,8,1,1,4,4,2,9,6,,,7,7,,9,8,9,10,7,8,8,8,8,7,6,4,5,10,10,10,8,11,11,10,11,7,1,5,9,,7,,9,b'\x11\xe8\xe1I\xcb~\x98\xe4\xaf\x82\x12\xdf\x17\xaeN\x1e'
11E8E149-CB7E-98E4-AF82-12DF17AE4E1E,2025-ncaa-d1-natl,genius_ncaa,279,292,172,290,200,191,192,123,283,171,135,218,246,149,337,192,148,53,358,48,58,95,86,297,314,300,230,250,119,73,151,260,331,174,307,332,359,286,208,342,48,46,125,120,,,349,347,,360,306,97,26,110,184,184,57,152,109,245,127,128,32,28,39,19,50,267,155,346,289,29,118,,358,,361,306,309,229,187,266,234,194,256,216,187,250,126,356,351,334,351,350,246,277,264,321,250,292,119,352,306,331,323,151,324,307,225,202,65,89,106,229,169,229,212,,,110,177,,283,306,260,288,283,304,332,265,215,261,209,230,197,358,350,350,303,342,324,344,346,256,44,249,260,,73,,289,b'\x11\xe8\xe1I\xcb~\x98\xe4\xaf\x82\x12\xdf\x17\xaeN\x1e'
11E8E149-CB7E-98E4-AF82-12DF17AE4E1E,2026-ncaa-d0-natl,genius_ncaa,295,329,116,321,142,216,214,173,305,166,112,296,303,270,334,308,128,73,347,72,107,152,117,323,326,327,282,328,55,93,159,207,297,160,267,246,285,336,310,333,158,208,88,118,,,340,337,,324,347,128,65,97,281,282,208,198,100,341,309,137,58,57,159,63,92,280,189,308,328,174,85,,344,,324,337,336,335,244,346,340,277,327,287,189,338,95,314,320,158,312,249,263,248,346,346,340,140,135,191,291,297,278,159,285,267,308,132,164,237,275,341,308,360,353,,,112,160,,113,347,232,319,344,337,344,343,264,339,302,280,143,301,314,303,300,302,283,273,299,304,184,322,359,,108,,124,b'\x11\xe8\xe1I\xcb~\x98\xe4\xaf\x82\x12\xdf\x17\xaeN\x1e'
11E8E149-CB7E-98E4-AF82-12DF17AE4E1E,2026-ncaa-d1-natl,genius_ncaa,332,327,177,340,197,293,296,253,326,239,167,320,336,307,342,314,167,107,347,105,103,232,177,343,341,343,280,330,49,142,192,286,321,247,305,317,305,312,329,347,226,249,112,137,,,319,345,,310,353,189,77,100,308,314,238,243,120,350,318,144,62,63,185,79,109,306,238,337,337,218,94,,348,,330,352,325,327,191,356,333,225,346,270,133,350,91,294,307,172,292,258,209,190,356,357,355,132,140,180,255,321,231,192,246,305,292,138,238,268,304,326,321,358,360,,,160,143,,131,353,169,340,352,353,354,352,280,351,314,300,139,317,324,313,314,303,293,292,311,324,223,335,361,,114,,122,b'\x11\xe8\xe1I\xcb~\x98\xe4\xaf\x82\x12\xdf\x17\xaeN\x1e'
11E8E149-CB82-A6B4-AF82-12DF17AE4E1E,2010-ncaa-d0-natl,ncaa,197,174,241,199,278,189,203,202,193,222,250,172,110,96,185,79,179,126,309,123,50,183,215,174,197,159,82,84,174,176,198,163,65,174,153,244,270,57,84,189,318,315,271,276,,,324,344,,,206,229,106,283,126,152,107,209,218,81,55,140,68,70,89,126,131,81,87,227,117,307,256,,338,,,209,180,110,91,228,171,146,207,51,34,226,33,328,332,126,333,327,142,96,197,241,299,191,49,332,53,65,214,198,148,153,57,65,299,297,211,9,16,139,199,,,180,118,,,206,113,151,275,207,277,191,134,236,238,80,47,332,334,335,242,186,102,295,246,111,281,21,177,,105,,,b'\x11\xe8\xe1I\xcb\x82\xa6\xb4\xaf\x82\x12\xdf\x17\xaeN\x1e'
11E8E149-CB82-A6B4-AF82-12DF17AE4E1E,2010-ncaa-d1-conf-OVC,ncaa,5,4,5,5,7,5,5,6,3,4,6,2,3,3,3,5,7,5,7,5,5,6,6,1,5,4,5,5,6,5,4,6,5,5,3,4,9,4,6,5,6,7,7,8,,,10,10,,,5,7,6,5,5,5,6,5,6,3,3,6,5,5,7,6,5,6,5,4,4,6,7,,10,,,5,7,4,3,6,6,7,5,1,1,9,1,9,10,6,10,9,5,5,5,7,8,5,1,8,3,5,3,4,2,3,1,1,8,7,5,2,2,4,6,,,7,8,,,5,5,4,8,4,6,5,3,6,6,1,1,9,10,10,6,5,5,5,5,2,9,2,5,,7,,,b'\x11\xe8\xe1I\xcb\x82\xa6\xb4\xaf\x82\x12\xdf\x17\xaeN\x1e'
11E8E149-CB82-A6B4-AF82-12DF17AE4E1E,2010-ncaa-d1-natl,ncaa,189,174,191,191,258,165,182,160,191,208,229,170,102,81,163,85,155,88,302,87,42,153,177,166,187,149,80,85,156,136,171,142,64,141,133,226,267,79,85,180,300,309,260,275,,,329,343,,,193,193,99,285,108,140,100,201,209,77,52,117,56,54,73,102,109,83,75,215,126,297,256,,339,,,193,224,142,109,227,194,181,200,58,32,241,29,331,333,133,334,328,166,134,198,249,300,192,49,331,62,64,234,171,169,133,58,54,285,287,197,13,15,164,212,,,138,99,,,193,149,140,267,195,283,190,133,234,240,83,45,333,333,333,242,193,95,286,237,94,270,21,185,,82,,,b'\x11\xe8\xe1I\xcb\x82\xa6\xb4\xaf\x82\x12\xdf\x17\xaeN\x1e'
11E8E149-CB82-A6B4-AF82-12DF17AE4E1E,2011-ncaa-d0-natl,ncaa,58,24,170,36,224,128,158,183,125,140,183,111,177,163,186,168,75,102,74,107,78,165,170,128,103,111,152,202,65,155,113,78,24,101,33,175,191,137,157,160,291,297,213,214,,,249,292,,,104,181,133,257,96,135,157,128,174,164,153,56,72,77,135,131,140,28,46,153,172,295,211,,273,,,102,131,94,153,78,100,161,85,128,156,128,160,251,225,249,226,247,168,124,80,120,186,227,149,280,66,24,93,113,65,33,48,58,284,276,174,61,66,73,89,,,111,79,,,104,153,105,153,111,156,123,181,126,195,140,156,272,255,256,214,133,74,110,81,60,287,78,88,,74,,,b'\x11\xe8\xe1I\xcb\x82\xa6\xb4\xaf\x82\x12\xdf\x17\xaeN\x1e'
11E8E149-CB82-A6B4-AF82-12DF17AE4E1E,2011-ncaa-d1-conf-OVC,ncaa,1,1,2,1,5,4,5,5,3,4,4,4,6,6,6,8,3,2,4,2,4,5,5,4,4,4,7,8,3,2,1,2,2,1,1,4,7,7,7,4,5,7,3,5,,,7,9,,,4,6,8,7,4,4,7,3,3,6,6,3,3,3,6,5,2,2,1,5,7,9,3,,6,,,4,3,2,5,2,4,7,1,4,5,6,4,7,7,4,7,5,5,4,2,3,4,5,4,7,3,2,3,1,2,1,2,4,6,7,4,5,5,3,3,,,2,4,,,4,6,4,2,4,2,2,2,2,4,3,4,5,5,6,3,1,2,1,2,2,10,5,3,,2,,,b'\x11\xe8\xe1I\xcb\x82\xa6\xb4\xaf\x82\x12\xdf\x17\xaeN\x1e'
11E8E149-CB82-A6B4-AF82-12DF17AE4E1E,2011-ncaa-d1-natl,ncaa,54,23,132,33,184,121,140,150,130,128,160,115,166,155,189,160,73,97,75,101,81,134,146,135,110,111,149,194,74,132,110,72,21,81,33,166,206,135,136,157,293,302,211,215,,,247,283,,,99,157,137,260,95,133,149,132,170,162,147,61,74,79,120,129,133,25,41,158,148,296,214,,260,,,99,146,108,164,78,101,169,81,142,166,140,169,254,234,241,236,247,187,144,77,118,172,241,165,276,64,21,113,110,73,33,50,61,267,267,161,53,52,94,98,,,91,76,,,99,177,100,142,104,146,115,170,108,183,145,166,261,244,242,200,131,67,122,84,61,278,64,96,,73,,,b'\x11\xe8\xe1I\xcb\x82\xa6\xb4\xaf\x82\x12\xdf\x17\xaeN\x1e'
11E8E149-CB82-A6B4-AF82-12DF17AE4E1E,2012-ncaa-d0-natl,ncaa,147,202,48,168,53,72,72,68,88,53,61,70,190,151,262,217,56,68,100,72,153,63,62,133,107,101,249,256,123,139,204,72,107,92,163,151,278,202,114,168,219,268,140,168,,,339,335,,,163,53,154,81,100,94,135,63,121,226,198,86,111,118,121,155,194,142,173,217,128,266,164,,333,,,163,309,251,252,212,269,270,209,174,169,193,91,335,337,213,337,324,302,274,194,242,260,244,81,321,193,107,293,204,276,163,188,98,161,237,169,101,56,96,38,,,45,75,,,163,285,113,245,168,240,176,125,195,177,132,104,327,325,324,212,168,123,200,165,113,245,64,55,,79,,,b'\x11\xe8\xe1I\xcb\x82\xa6\xb4\xaf\x82\x12\xdf\x17\xaeN\x1e'
11E8E149-CB82-A6B4-AF82-12DF17AE4E1E,2012-ncaa-d1-conf-OVC,ncaa,2,3,1,3,2,4,3,5,3,1,2,3,6,7,2,8,7,6,7,6,9,5,5,2,4,3,9,7,9,5,5,3,4,2,3,3,8,6,4,2,7,7,4,5,,,8,9,,,3,5,9,4,6,3,7,1,3,7,8,8,8,8,7,9,6,4,4,5,3,7,5,,7,,,3,5,4,5,2,4,5,1,4,4,4,3,8,8,6,8,8,6,6,1,2,2,8,4,10,7,4,5,5,5,3,3,1,6,7,3,4,2,5,2,,,6,4,,,3,6,3,2,3,2,1,2,2,4,2,2,8,8,7,3,2,5,3,3,1,8,2,2,,7,,,b'\x11\xe8\xe1I\xcb\x82\xa6\xb4\xaf\x82\x12\xdf\x17\xaeN\x1e'
11E8E149-CB82-A6B4-AF82-12DF17AE4E1E,2012-ncaa-d1-natl,ncaa,143,201,23,172,29,60,53,57,87,41,50,66,187,149,253,217,47,56,101,62,146,53,50,125,102,102,245,256,120,135,205,60,113,79,167,136,278,225,126,174,217,278,128,159,,,340,335,,,161,37,161,82,109,101,149,68,128,228,212,84,111,112,139,168,203,155,188,218,135,271,158,,332,,,163,317,267,266,211,278,276,209,198,191,203,105,335,337,209,337,324,308,297,199,244,258,250,87,320,208,113,308,205,291,167,214,121,137,226,174,107,55,105,38,,,36,70,,,161,301,116,244,173,235,171,120,190,170,140,111,326,323,322,196,164,127,188,161,129,231,60,54,,78,,,b'\x11\xe8\xe1I\xcb\x82\xa6\xb4\xaf\x82\x12\xdf\x17\xaeN\x1e'
11E8E149-CB82-A6B4-AF82-12DF17AE4E1E,2013-ncaa-d0-natl,ncaa,113,86,183,105,198,130,127,208,53,175,235,106,56,142,5,109,219,240,130,244,201,218,279,36,41,27,89,57,276,317,316,177,46,270,204,170,242,9,33,50,262,254,269,259,,,111,181,,,117,244,241,66,85,86,184,165,232,45,121,217,236,243,202,292,322,148,270,153,19,267,266,,138,,,117,190,199,123,270,201,104,286,188,192,163,235,144,106,319,107,146,104,73,269,276,292,158,194,148,23,46,176,316,86,204,81,49,283,263,207,2,10,77,118,,,244,160,,,117,117,47,261,111,216,229,146,219,119,204,212,172,127,125,130,76,30,215,111,104,289,9,95,,240,,,b'\x11\xe8\xe1I\xcb\x82\xa6\xb4\xaf\x82\x12\xdf\x17\xaeN\x1e'
11E8E149-CB82-A6B4-AF82-12DF17AE4E1E,2013-ncaa-d1-conf-OVC,ncaa,2,1,2,2,3,2,2,7,1,4,8,4,3,7,1,5,8,7,7,7,6,7,7,2,2,2,4,4,10,10,7,5,3,8,5,4,8,4,5,4,8,8,8,9,,,7,4,,,4,5,10,2,3,3,10,6,8,3,8,8,6,6,10,10,11,8,11,4,3,8,10,,4,,,4,8,10,8,7,10,6,10,6,8,4,7,5,5,7,5,5,8,7,7,7,7,2,6,4,4,3,6,7,6,5,6,3,7,7,4,1,1,1,1,,,6,4,,,4,9,2,5,4,4,4,4,8,3,5,7,3,3,3,3,3,2,2,2,3,7,1,1,,6,,,b'\x11\xe8\xe1I\xcb\x82\xa6\xb4\xaf\x82\x12\xdf\x17\xaeN\x1e'
11E8E149-CB82-A6B4-AF82-12DF17AE4E1E,2013-ncaa-d1-natl,ncaa,107,86,136,102,160,114,105,176,43,157,215,98,48,126,3,106,212,239,130,243,209,196,267,30,35,20,89,51,286,309,311,161,47,255,199,162,257,9,30,52,251,245,265,262,,,126,186,,,114,221,245,74,79,75,181,164,230,37,118,224,241,251,204,291,318,152,269,161,19,256,265,,139,,,114,202,210,151,264,216,112,285,187,197,159,232,169,120,311,122,163,127,94,265,271,292,163,185,157,25,47,195,311,94,199,85,47,269,261,196,3,12,75,112,,,228,162,,,114,137,42,255,109,213,222,135,211,112,191,208,180,133,134,118,76,29,204,105,101,281,10,84,,240,,,b'\x11\xe8\xe1I\xcb\x82\xa6\xb4\xaf\x82\x12\xdf\x17\xaeN\x1e'
11E8E149-CB82-A6B4-AF82-12DF17AE4E1E,2014-ncaa-d0-natl,ncaa,239,224,254,244,267,215,223,296,74,177,203,135,244,308,33,286,170,153,205,150,112,283,283,95,94,127,225,236,98,215,123,305,229,289,161,326,344,145,228,312,294,267,68,32,,,185,304,,,270,288,251,95,169,174,276,133,152,226,296,115,102,97,249,229,182,301,263,327,214,272,50,,263,,,271,211,107,44,283,41,31,178,304,158,348,223,322,278,346,272,329,72,55,317,340,340,343,309,316,79,229,28,123,24,161,187,268,271,223,264,67,141,33,35,,,122,16,,,270,62,123,332,271,297,196,73,90,47,329,210,330,310,307,144,115,140,58,74,246,237,121,47,,37,,,b'\x11\xe8\xe1I\xcb\x82\xa6\xb4\xaf\x82\x12\xdf\x17\xaeN\x1e'
11E8E149-CB82-A6B4-AF82-12DF17AE4E1E,2014-ncaa-d1-conf-OVC,ncaa,5,3,5,4,6,5,6,9,3,7,6,4,7,11,2,10,7,7,9,7,7,9,8,3,2,2,9,7,9,4,2,10,8,8,1,11,12,8,8,12,7,5,1,1,,,4,6,,,5,9,8,6,6,4,9,5,5,7,11,8,7,7,8,8,3,9,7,11,8,7,1,,4,,,5,5,3,4,6,1,3,1,12,6,12,10,8,6,11,6,7,3,4,10,10,11,12,12,8,4,8,1,2,1,1,8,11,6,4,6,6,8,3,1,,,5,3,,,5,4,2,11,5,7,4,3,1,1,12,7,7,5,5,3,3,6,1,1,9,4,7,3,,3,,,b'\x11\xe8\xe1I\xcb\x82\xa6\xb4\xaf\x82\x12\xdf\x17\xaeN\x1e'
11E8E149-CB82-A6B4-AF82-12DF17AE4E1E,2014-ncaa-d1-natl,ncaa,230,223,211,235,236,199,198,292,60,169,192,132,229,300,20,282,161,143,202,143,114,266,269,81,84,113,206,228,113,213,128,301,209,277,156,322,343,153,222,307,273,250,71,40,,,197,301,,,245,273,240,94,161,163,266,132,155,216,289,117,106,102,240,232,189,301,267,321,211,256,58,,261,,,248,224,113,45,286,39,28,179,306,166,349,226,320,283,346,279,331,71,66,315,342,334,342,307,315,67,209,29,128,25,156,198,273,237,195,250,67,118,29,33,,,108,19,,,245,74,113,328,253,289,181,57,77,36,328,202,328,308,303,118,109,104,57,63,243,215,102,37,,43,,,b'\x11\xe8\xe1I\xcb\x82\xa6\xb4\xaf\x82\x12\xdf\x17\xaeN\x1e'
11E8E149-CB82-A6B4-AF82-12DF17AE4E1E,2015-ncaa-d0-natl,ncaa,306,307,243,311,249,214,216,251,147,156,127,231,283,319,70,318,110,114,152,120,168,227,210,191,171,196,253,288,45,207,173,321,254,298,248,316,335,206,245,315,199,188,145,111,,,199,254,,,290,212,111,54,160,178,202,102,59,277,313,64,67,74,162,125,188,325,296,321,263,180,122,,259,,,287,264,231,65,345,220,78,337,211,131,336,169,292,277,264,276,317,100,120,343,346,337,235,173,265,76,254,91,173,72,248,197,157,138,101,169,99,130,86,66,,,85,24,,,290,139,206,322,287,323,303,104,289,120,258,171,315,312,310,174,232,120,157,138,249,90,149,109,,18,,,b'\x11\xe8\xe1I\xcb\x82\xa6\xb4\xaf\x82\x12\xdf\x17\xaeN\x1e'
11E8E149-CB82-A6B4-AF82-12DF17AE4E1E,2015-ncaa-d1-conf-OVC,ncaa,10,10,9,10,9,9,10,11,7,6,4,10,12,12,1,12,6,7,5,7,7,10,10,7,7,10,8,12,3,6,4,12,12,12,8,12,12,9,11,12,6,5,5,3,,,5,8,,,9,10,7,2,7,8,9,6,1,12,12,5,3,5,9,6,4,12,11,12,11,6,3,,6,,,9,5,5,2,11,4,1,12,7,6,7,9,10,8,10,8,10,2,4,12,12,11,9,8,8,5,12,3,4,3,8,6,6,4,3,5,6,6,2,1,,,5,1,,,9,3,8,10,9,9,9,6,9,4,8,8,10,9,9,7,7,7,4,5,9,3,6,3,,2,,,b'\x11\xe8\xe1I\xcb\x82\xa6\xb4\xaf\x82\x12\xdf\x17\xaeN\x1e'
11E8E149-CB82-A6B4-AF82-12DF17AE4E1E,2015-ncaa-d1-natl,ncaa,312,305,298,313,305,242,245,283,158,178,145,238,293,321,73,317,129,136,144,141,163,261,256,200,175,204,250,288,43,232,182,338,261,322,258,329,336,186,250,322,224,198,153,114,,,178,259,,,291,256,116,48,165,189,214,107,62,279,314,67,67,75,171,136,191,328,301,329,265,190,126,,262,,,292,243,205,40,346,204,55,339,199,109,338,162,282,264,267,264,319,57,74,344,347,339,234,172,265,56,261,66,182,47,258,181,159,159,107,181,87,135,78,70,,,104,22,,,291,100,214,327,291,324,303,105,294,121,260,167,318,313,315,177,232,119,159,144,255,97,151,114,,20,,,b'\x11\xe8\xe1I\xcb\x82\xa6\xb4\xaf\x82\x12\xdf\x17\xaeN\x1e'
11E8E149-CB82-A6B4-AF82-12DF17AE4E1E,2016-ncaa-d0-natl,ncaa,256,249,240,258,241,240,247,267,232,177,127,266,331,336,264,335,74,85,110,84,109,239,230,282,239,239,280,332,8,244,237,190,250,216,235,273,247,202,251,280,308,325,80,75,,,205,215,,,273,214,128,23,216,246,225,116,69,330,337,26,34,35,176,139,215,113,162,265,258,298,58,,263,,,273,191,150,179,130,158,201,121,144,143,163,129,294,268,313,266,245,202,165,121,169,220,225,129,301,256,250,146,237,187,235,173,210,258,271,249,219,253,210,177,,,95,26,,,273,139,256,252,266,266,222,283,231,274,196,200,311,302,303,304,282,298,225,274,224,235,258,249,,27,,,b'\x11\xe8\xe1I\xcb\x82\xa6\xb4\xaf\x82\x12\xdf\x17\xaeN\x1e'
11E8E149-CB82-A6B4-AF82-12DF17AE4E1E,2016-ncaa-d1-conf-OVC,ncaa,9,7,9,9,9,10,10,10,7,7,4,8,12,12,11,12,7,7,2,7,8,10,10,9,8,9,12,12,1,10,9,5,8,9,8,10,9,3,8,8,12,11,1,1,,,8,8,,,7,10,9,1,9,9,9,6,2,12,12,4,5,5,9,8,10,4,5,10,7,11,1,,9,,,7,3,2,5,1,3,4,1,3,4,1,8,10,9,10,9,11,5,3,1,3,3,10,7,11,7,8,6,9,6,8,3,6,11,11,5,5,9,8,7,,,7,2,,,7,3,9,4,7,5,4,11,4,6,7,9,11,10,10,11,10,10,8,9,4,11,7,9,,3,,,b'\x11\xe8\xe1I\xcb\x82\xa6\xb4\xaf\x82\x12\xdf\x17\xaeN\x1e'
11E8E149-CB82-A6B4-AF82-12DF17AE4E1E,2016-ncaa-d1-natl,ncaa,265,249,303,268,304,270,286,301,238,207,157,270,332,336,265,336,88,97,108,101,106,275,269,288,247,246,274,331,7,264,243,230,257,257,247,298,253,175,254,289,323,327,91,80,,,178,215,,,280,256,133,21,223,258,230,126,74,330,336,26,33,34,184,141,219,122,171,274,258,308,60,,266,,,281,169,125,145,145,144,173,131,132,132,172,126,284,252,314,251,250,172,118,137,179,229,222,127,298,234,257,118,243,155,247,153,215,279,277,257,202,258,205,183,,,110,23,,,280,101,262,261,278,273,228,287,239,279,198,199,313,301,302,309,282,301,232,282,231,244,262,254,,27,,,b'\x11\xe8\xe1I\xcb\x82\xa6\xb4\xaf\x82\x12\xdf\x17\xaeN\x1e'
11E8E149-CB82-A6B4-AF82-12DF17AE4E1E,2017-ncaa-d0-natl,ncaa,267,265,234,273,251,238,223,247,169,168,150,200,272,288,180,271,220,243,125,243,282,250,235,210,196,228,280,267,166,182,108,289,190,257,153,121,29,214,266,155,298,294,168,148,,,217,295,,,265,257,200,101,214,190,198,126,98,263,274,196,227,224,215,174,139,282,230,74,265,288,138,,277,,,265,183,144,60,303,165,130,238,127,37,339,55,284,268,226,270,287,83,75,299,312,301,204,111,285,71,190,55,108,53,153,202,239,219,183,228,219,260,227,217,,,168,85,,,265,92,217,292,266,254,220,90,229,187,165,53,314,309,310,158,136,124,109,102,253,191,262,263,,93,,,b'\x11\xe8\xe1I\xcb\x82\xa6\xb4\xaf\x82\x12\xdf\x17\xaeN\x1e'
11E8E149-CB82-A6B4-AF82-12DF17AE4E1E,2017-ncaa-d1-conf-OVC,ncaa,7,7,5,8,6,9,9,11,5,10,6,9,10,10,3,10,10,9,6,9,9,10,9,6,7,9,8,9,7,8,5,8,5,7,5,3,1,11,11,6,11,11,10,10,,,9,11,,,10,9,11,6,11,11,12,9,7,10,11,9,10,10,12,12,9,9,10,3,11,11,10,,10,,,10,3,3,3,9,4,4,4,7,3,12,6,6,9,2,9,11,5,4,7,7,7,8,7,9,4,5,3,5,3,5,7,10,7,5,6,12,12,5,6,,,4,3,,,10,4,9,8,10,3,3,2,3,4,6,5,6,9,10,2,3,5,3,3,7,6,12,5,,4,,,b'\x11\xe8\xe1I\xcb\x82\xa6\xb4\xaf\x82\x12\xdf\x17\xaeN\x1e'
11E8E149-CB82-A6B4-AF82-12DF17AE4E1E,2017-ncaa-d1-natl,ncaa,269,265,217,271,244,253,227,247,186,166,149,212,279,289,201,273,238,252,137,251,292,259,241,232,224,238,288,271,179,173,111,302,215,266,171,126,36,225,267,164,291,278,165,143,,,225,290,,,266,258,204,101,233,202,195,128,93,275,279,209,236,234,219,175,141,291,240,82,265,282,139,,273,,,267,177,147,55,299,171,122,244,114,35,327,57,278,265,238,271,284,82,79,292,314,295,185,95,281,82,215,65,111,53,171,205,236,199,163,206,217,254,232,216,,,173,106,,,266,92,228,280,268,246,211,86,233,179,143,49,306,298,301,144,140,130,116,112,239,167,255,260,,108,,,b'\x11\xe8\xe1I\xcb\x82\xa6\xb4\xaf\x82\x12\xdf\x17\xaeN\x1e'
11E8E149-CB82-A6B4-AF82-12DF17AE4E1E,2018-ncaa-d0-natl,ncaa,325,295,323,326,332,325,332,344,218,320,329,206,281,290,234,173,213,239,119,237,45,339,336,221,185,263,123,199,36,305,181,330,217,336,189,307,150,204,320,300,310,267,220,200,,,166,327,,,265,337,269,269,294,305,333,287,294,236,232,128,143,137,322,281,260,302,309,262,304,273,183,,292,,,271,41,55,15,306,141,62,307,9,10,70,25,174,162,269,161,235,19,12,249,273,268,33,11,273,26,217,6,181,6,189,64,149,293,197,214,189,309,233,329,,,188,8,,,265,12,268,260,273,181,196,74,290,215,24,23,275,254,259,86,75,118,58,68,166,227,286,305,,33,,,b'\x11\xe8\xe1I\xcb\x82\xa6\xb4\xaf\x82\x12\xdf\x17\xaeN\x1e'
11E8E149-CB82-A6B4-AF82-12DF17AE4E1E,2018-ncaa-d1-conf-OVC,ncaa,10,10,9,10,12,10,11,12,7,11,11,7,6,6,5,4,9,10,6,10,6,12,12,6,6,7,5,4,6,10,5,10,6,10,6,10,7,8,12,10,9,8,8,7,,,5,9,,,9,11,10,12,9,10,12,10,9,5,5,8,9,8,12,11,9,9,8,9,9,8,6,,6,,,9,4,6,1,10,7,3,10,1,3,4,5,6,4,12,4,6,1,2,10,10,11,3,1,7,1,6,2,5,1,6,4,4,10,9,7,6,10,8,11,,,9,2,,,9,2,7,8,9,8,8,3,9,6,2,4,7,6,6,4,2,2,4,4,7,10,8,11,,4,,,b'\x11\xe8\xe1I\xcb\x82\xa6\xb4\xaf\x82\x12\xdf\x17\xaeN\x1e'
11E8E149-CB82-A6B4-AF82-12DF17AE4E1E,2018-ncaa-d1-natl,ncaa,305,295,315,307,326,301,315,340,206,308,322,194,238,253,181,157,170,183,167,180,31,330,326,194,166,252,94,169,38,293,203,327,209,328,202,296,173,247,317,296,265,221,232,224,,,198,315,,,253,328,249,263,272,299,329,288,294,207,213,115,119,117,312,269,265,304,312,269,303,246,217,,273,,,254,67,96,20,305,204,89,313,15,13,65,42,195,176,276,174,217,22,15,258,278,264,35,16,251,42,209,22,203,17,202,81,125,260,179,203,208,303,244,324,,,134,8,,,253,14,261,248,270,180,196,76,287,204,32,37,246,232,234,88,81,110,75,78,161,216,276,290,,32,,,b'\x11\xe8\xe1I\xcb\x82\xa6\xb4\xaf\x82\x12\xdf\x17\xaeN\x1e'
11E8E149-CB82-A6B4-AF82-12DF17AE4E1E,2019-ncaa-d0-natl,ncaa,95,73,114,92,165,108,165,191,145,224,244,168,82,114,68,115,28,67,10,67,25,161,180,110,72,69,34,104,23,153,122,155,223,155,153,118,73,121,127,100,292,307,60,80,,,138,137,,,111,194,252,268,103,186,242,265,276,83,114,15,62,64,194,237,157,180,169,114,108,306,57,,124,,,110,191,214,221,166,265,266,176,66,116,42,90,187,160,288,155,102,217,188,119,127,184,55,48,188,252,223,106,122,153,153,60,22,249,264,148,171,172,328,341,,,52,16,,,111,170,69,208,105,162,196,204,255,277,60,95,181,144,141,192,141,238,90,134,58,268,152,330,,27,,,b'\x11\xe8\xe1I\xcb\x82\xa6\xb4\xaf\x82\x12\xdf\x17\xaeN\x1e'
11E8E149-CB82-A6B4-AF82-12DF17AE4E1E,2019-ncaa-d1-conf-OVC,ncaa,4,4,3,4,3,4,4,4,5,7,7,7,2,3,2,4,4,6,1,6,4,4,4,2,2,3,3,2,5,7,7,5,4,6,6,3,2,7,5,3,12,12,3,6,,,6,6,,,4,4,6,8,4,4,8,9,7,2,3,4,9,9,8,8,9,5,7,3,5,11,5,,4,,,4,11,12,9,8,12,12,7,4,4,3,2,6,5,10,5,2,8,9,6,6,7,2,2,4,8,4,6,7,9,6,4,2,8,9,7,4,6,11,10,,,1,1,,,4,9,3,7,4,8,9,8,11,11,3,4,3,3,3,9,5,7,5,3,4,9,4,10,,1,,,b'\x11\xe8\xe1I\xcb\x82\xa6\xb4\xaf\x82\x12\xdf\x17\xaeN\x1e'
11E8E149-CB82-A6B4-AF82-12DF17AE4E1E,2019-ncaa-d1-natl,ncaa,73,73,62,79,97,78,121,136,141,192,207,176,61,89,56,112,14,43,9,44,27,106,123,97,66,63,28,94,25,128,125,116,215,110,153,87,67,138,107,84,261,280,48,68,,,191,144,,,97,133,235,267,89,172,226,260,271,72,106,14,61,62,178,225,153,185,171,99,100,280,54,,134,,,99,232,240,267,149,276,299,164,85,134,66,76,249,218,313,216,123,263,237,114,138,195,71,45,225,269,215,161,125,207,153,88,30,211,240,140,177,136,333,340,,,33,18,,,97,222,52,207,95,165,172,184,236,268,63,88,214,176,173,177,142,231,93,137,62,253,127,328,,25,,,b'\x11\xe8\xe1I\xcb\x82\xa6\xb4\xaf\x82\x12\xdf\x17\xaeN\x1e'
11E8E149-CB82-A6B4-AF82-12DF17AE4E1E,2020-ncaa-d0-natl,ncaa,163,134,260,152,271,175,231,275,132,312,324,159,56,85,42,52,81,101,129,95,14,252,288,82,68,67,14,37,70,231,169,243,254,247,194,118,42,51,113,79,328,325,82,114,,,33,49,,,134,294,250,51,102,194,240,298,309,33,55,48,63,58,194,247,208,180,207,78,90,317,63,,67,,,133,127,197,188,179,271,276,179,40,51,81,48,62,62,211,64,34,146,86,127,113,205,7,37,79,239,254,60,169,105,194,103,68,309,300,241,24,58,94,215,,,83,18,,,134,66,67,249,126,204,275,291,315,337,57,70,102,93,98,264,194,279,106,187,136,286,48,126,,36,,,b'\x11\xe8\xe1I\xcb\x82\xa6\xb4\xaf\x82\x12\xdf\x17\xaeN\x1e'
11E8E149-CB82-A6B4-AF82-12DF17AE4E1E,2020-ncaa-d1-conf-OVC,ncaa,5,5,5,5,5,5,6,8,5,10,12,5,1,3,1,2,4,5,7,4,1,8,9,4,3,3,1,2,4,9,8,9,11,10,9,4,1,2,4,3,9,10,3,3,,,1,1,,,5,9,11,1,4,6,12,11,12,1,2,4,3,3,8,11,8,10,9,3,3,9,3,,2,,,5,7,10,9,8,12,11,8,2,3,4,2,3,2,9,2,1,6,6,8,6,9,1,2,2,10,11,2,8,6,9,5,2,8,9,9,1,1,2,8,,,3,1,,,5,5,4,9,4,9,10,9,12,11,2,3,2,2,2,9,7,9,4,4,5,8,1,2,,3,,,b'\x11\xe8\xe1I\xcb\x82\xa6\xb4\xaf\x82\x12\xdf\x17\xaeN\x1e'
11E8E149-CB82-A6B4-AF82-12DF17AE4E1E,2020-ncaa-d1-natl,ncaa,133,134,128,139,159,94,173,214,112,279,305,121,33,51,46,48,61,64,146,61,12,186,224,65,62,54,22,39,95,186,139,174,231,188,167,60,29,76,100,65,303,314,55,83,,,53,36,,,105,235,244,68,76,161,214,282,309,27,49,57,64,59,177,219,184,169,186,51,86,300,46,,53,,,108,167,247,248,182,294,312,162,62,62,117,47,75,77,195,79,30,206,157,132,115,187,8,49,73,245,231,91,139,156,167,127,73,264,273,220,55,69,121,213,,,56,28,,,105,131,50,213,99,177,263,272,311,332,66,63,87,84,85,239,181,252,90,164,129,261,62,126,,47,,,b'\x11\xe8\xe1I\xcb\x82\xa6\xb4\xaf\x82\x12\xdf\x17\xaeN\x1e'
11E8E149-CB82-A6B4-AF82-12DF17AE4E1E,2021-ncaa-d0-natl,ncaa,71,143,59,106,80,90,88,117,61,119,204,26,42,36,120,29,128,159,35,156,108,126,121,46,38,61,69,52,225,96,78,132,78,124,59,64,72,245,184,100,135,163,99,149,,,196,150,,,79,132,309,224,124,129,253,222,324,55,48,197,246,250,264,294,179,267,254,79,145,213,152,,69,,,86,220,249,205,289,276,247,255,170,136,260,77,161,157,188,156,79,198,204,268,261,236,53,96,88,130,78,154,78,140,59,244,171,116,131,189,201,149,262,290,,,116,140,,,79,211,53,187,87,101,151,48,196,134,80,41,66,65,65,29,14,28,20,15,175,204,110,197,,213,,,b'\x11\xe8\xe1I\xcb\x82\xa6\xb4\xaf\x82\x12\xdf\x17\xaeN\x1e'
11E8E149-CB82-A6B4-AF82-12DF17AE4E1E,2021-ncaa-d1-conf-OVC,ncaa,3,5,1,5,1,3,2,3,3,4,9,2,2,3,3,3,7,10,6,10,9,4,3,3,3,3,3,3,10,4,4,5,3,5,3,3,5,9,7,3,7,7,4,5,,,6,6,,,3,3,11,3,4,4,7,6,10,3,3,9,10,10,10,9,8,7,9,3,7,10,5,,3,,,5,8,11,8,9,11,11,7,6,3,10,3,3,4,6,4,2,8,9,9,9,7,3,4,2,3,3,6,4,3,3,8,5,7,8,8,7,5,10,11,,,4,7,,,3,10,3,6,5,6,7,4,9,9,4,3,2,2,2,4,1,3,1,1,7,9,6,8,,9,,,b'\x11\xe8\xe1I\xcb\x82\xa6\xb4\xaf\x82\x12\xdf\x17\xaeN\x1e'
11E8E149-CB82-A6B4-AF82-12DF17AE4E1E,2021-ncaa-d1-natl,ncaa,74,143,70,110,93,99,99,129,64,131,225,26,46,43,122,29,138,168,35,166,104,142,134,48,43,62,69,52,223,108,79,150,83,138,64,67,73,233,192,100,147,167,105,150,,,182,149,,,84,145,311,225,129,136,259,227,326,56,50,199,247,252,269,296,185,271,264,83,145,219,153,,70,,,93,204,238,191,289,271,237,259,162,122,265,76,153,147,188,149,80,179,186,274,265,244,52,95,86,119,83,137,79,127,64,241,172,133,136,198,194,152,258,292,,,129,131,,,84,198,55,202,92,105,158,47,204,136,79,40,67,65,67,29,14,28,21,15,180,208,111,198,,214,,,b'\x11\xe8\xe1I\xcb\x82\xa6\xb4\xaf\x82\x12\xdf\x17\xaeN\x1e'
11E8E149-CB82-A6B4-AF82-12DF17AE4E1E,2022-ncaa-d0-natl,ncaa,95,87,112,94,133,136,181,251,77,183,259,52,175,179,161,158,33,25,202,22,2,200,201,79,57,85,92,202,15,133,61,195,82,176,54,111,52,189,203,122,231,231,116,141,,,76,111,,,137,221,327,220,152,229,344,220,308,190,201,27,17,16,286,296,153,261,226,123,159,267,124,,46,,,136,181,272,164,327,330,260,324,17,29,62,22,50,83,14,79,45,148,115,274,238,273,2,8,44,60,82,44,61,41,54,249,164,288,281,308,143,165,178,242,,,44,4,,,137,134,72,251,134,141,254,96,325,256,11,9,41,74,69,69,15,36,12,12,217,317,123,152,,34,,,b'\x11\xe8\xe1I\xcb\x82\xa6\xb4\xaf\x82\x12\xdf\x17\xaeN\x1e'
11E8E149-CB82-A6B4-AF82-12DF17AE4E1E,2022-ncaa-d1-conf-OVC,ncaa,2,2,1,2,4,4,7,6,6,7,6,5,4,3,5,4,2,1,6,1,1,4,4,5,5,4,3,5,1,2,1,3,2,2,2,5,3,3,3,4,8,8,2,2,,,3,3,,,3,8,10,5,5,7,8,8,6,4,3,2,1,1,5,6,2,3,2,5,3,9,2,,3,,,3,3,6,8,6,9,9,5,1,1,1,1,2,2,2,2,2,6,3,4,3,7,1,1,2,1,2,4,1,3,2,6,3,8,8,8,2,2,2,6,,,1,1,,,3,4,3,5,3,2,5,5,7,8,1,1,2,2,2,4,1,1,3,3,4,9,2,2,,1,,,b'\x11\xe8\xe1I\xcb\x82\xa6\xb4\xaf\x82\x12\xdf\x17\xaeN\x1e'
11E8E149-CB82-A6B4-AF82-12DF17AE4E1E,2022-ncaa-d1-natl,ncaa,74,87,67,86,83,108,154,205,76,166,231,58,136,145,136,150,23,12,175,12,2,155,145,74,54,79,85,190,17,98,52,142,61,118,35,82,47,219,194,119,206,214,99,141,,,104,106,,,105,169,327,240,149,225,338,219,304,169,189,26,23,22,279,287,131,227,191,108,157,257,125,,47,,,108,203,284,205,311,337,288,320,19,50,32,31,78,119,32,114,57,183,157,250,214,260,2,10,54,59,61,62,52,48,35,259,170,261,268,295,173,162,208,236,,,26,4,,,105,184,62,213,105,118,220,88,317,228,10,17,53,79,74,60,15,24,11,9,199,314,128,160,,32,,,b'\x11\xe8\xe1I\xcb\x82\xa6\xb4\xaf\x82\x12\xdf\x17\xaeN\x1e'
11E8E149-CB82-A6B4-AF82-12DF17AE4E1E,2023-ncaa-d0-natl,ncaa,73,52,116,66,156,105,121,145,96,140,183,94,122,141,98,138,109,155,49,154,138,139,183,92,81,69,137,152,150,156,142,234,171,200,162,71,42,55,75,35,149,134,238,257,,,244,281,,,99,202,255,291,110,113,199,145,211,122,138,116,169,166,196,266,174,294,268,54,49,165,252,,237,,,99,185,167,104,255,279,199,296,11,43,10,37,316,302,307,304,293,142,157,178,243,208,35,5,340,102,171,111,142,97,162,158,163,160,135,147,50,65,142,146,,,74,29,,,99,185,56,191,90,151,123,49,260,164,9,30,309,293,294,78,80,82,83,66,138,178,47,129,,74,,,b'\x11\xe8\xe1I\xcb\x82\xa6\xb4\xaf\x82\x12\xdf\x17\xaeN\x1e'
11E8E149-CB82-A6B4-AF82-12DF17AE4E1E,2023-ncaa-d1-conf-OVC,ncaa,2,2,1,2,1,1,1,1,1,2,3,2,1,2,1,4,3,4,3,4,7,2,3,1,1,1,5,4,8,2,3,2,4,2,3,1,2,3,2,1,3,5,7,7,,,8,7,,,1,3,9,7,1,1,3,4,6,1,5,6,7,7,4,8,4,5,4,1,2,4,8,,7,,,1,8,8,9,5,9,9,6,3,3,2,2,8,8,8,8,6,9,8,4,4,5,3,2,9,6,4,6,3,7,3,5,4,4,7,4,2,2,3,2,,,2,2,,,1,8,1,5,1,3,5,4,6,6,2,1,7,6,6,3,3,3,1,1,3,8,2,2,,4,,,b'\x11\xe8\xe1I\xcb\x82\xa6\xb4\xaf\x82\x12\xdf\x17\xaeN\x1e'
11E8E149-CB82-A6B4-AF82-12DF17AE4E1E,2023-ncaa-d1-natl,ncaa,52,52,56,55,92,84,95,119,93,124,161,104,96,115,73,137,91,137,49,136,135,118,136,83,71,67,118,134,156,129,134,204,197,168,164,49,30,72,77,35,130,141,199,234,,,291,288,,,98,146,267,291,109,117,214,165,220,108,139,114,171,167,208,273,174,297,273,46,53,169,229,,244,,,102,229,212,160,253,313,251,303,12,62,8,41,325,320,283,322,293,213,227,177,222,207,32,4,337,164,197,152,134,156,164,201,166,125,131,154,79,70,171,148,,,62,39,,,98,238,53,189,84,139,119,49,257,155,9,30,305,289,293,80,84,110,73,72,147,170,49,130,,99,,,b'\x11\xe8\xe1I\xcb\x82\xa6\xb4\xaf\x82\x12\xdf\x17\xaeN\x1e'
11E8E149-CB82-A6B4-AF82-12DF17AE4E1E,2023-ncaa-d1-ncaatournament,ncaa,18,2,18,18,21,29,29,24,48,34,34,59,8,16,10,8,28,32,21,30,31,27,31,37,35,24,5,4,41,29,47,30,8,31,35,28,32,32,11,19,39,57,29,30,,,38,27,,,50,31,51,7,36,46,30,62,59,5,7,40,47,43,39,54,40,45,46,38,9,58,35,,14,,,40,49,46,37,58,49,36,63,38,45,27,50,46,43,60,43,52,39,35,54,55,57,34,33,41,16,8,48,47,39,35,45,30,32,49,49,21,13,59,62,,,32,45,,,50,38,27,49,41,45,43,8,44,10,36,42,46,39,40,11,5,4,48,19,32,56,9,60,,51,,,b'\x11\xe8\xe1I\xcb\x82\xa6\xb4\xaf\x82\x12\xdf\x17\xaeN\x1e'
11E8E149-CB82-A6B4-AF82-12DF17AE4E1E,2024-ncaa-d0-natl,ncaa,189,148,258,187,272,175,203,230,168,271,282,190,85,114,60,77,121,186,24,194,81,221,243,123,105,117,32,59,99,176,125,311,128,280,161,78,3,134,188,73,75,38,122,103,,,280,346,,,169,258,146,104,112,160,160,259,253,58,71,77,134,138,153,143,137,307,252,32,190,42,104,,329,,,169,164,139,40,345,177,107,292,101,18,356,29,256,258,180,261,293,51,87,342,346,297,153,93,283,21,128,65,125,36,161,164,192,110,53,120,138,190,47,110,,,152,63,,,169,116,108,251,164,251,227,44,263,170,144,23,291,294,296,78,164,40,132,70,222,63,201,70,,67,,,b'\x11\xe8\xe1I\xcb\x82\xa6\xb4\xaf\x82\x12\xdf\x17\xaeN\x1e'
11E8E149-CB82-A6B4-AF82-12DF17AE4E1E,2024-ncaa-d1-conf-OVC,ncaa,4,5,2,5,4,2,3,2,4,5,4,5,1,1,3,2,2,7,1,7,7,2,3,3,3,3,3,2,7,4,4,6,4,6,5,1,1,4,1,1,1,1,2,3,,,10,8,,,3,3,4,7,2,3,2,7,7,2,2,2,7,8,4,6,4,7,6,1,3,1,2,,7,,,3,9,10,4,10,10,9,8,7,3,10,2,8,8,2,9,5,4,7,10,9,9,3,5,3,3,4,8,4,6,5,9,8,2,5,7,5,6,6,7,,,4,7,,,3,9,2,9,3,7,7,4,7,7,5,2,4,5,5,5,5,2,4,4,9,3,6,6,,5,,,b'\x11\xe8\xe1I\xcb\x82\xa6\xb4\xaf\x82\x12\xdf\x17\xaeN\x1e'
11E8E149-CB82-A6B4-AF82-12DF17AE4E1E,2024-ncaa-d1-natl,ncaa,172,150,194,170,218,130,164,184,141,235,257,169,69,95,58,80,101,145,32,153,78,180,191,113,89,92,40,68,107,142,100,299,132,254,148,47,5,163,175,61,58,37,107,96,,,297,346,,,144,206,154,127,92,136,155,227,248,55,74,72,133,138,145,146,126,316,256,26,183,46,106,,324,,,142,210,188,52,345,225,117,312,112,28,357,44,277,271,199,275,297,68,123,346,350,291,153,93,282,31,132,83,100,43,148,198,195,73,43,117,168,190,55,96,,,103,59,,,144,168,91,240,136,243,217,40,248,138,139,29,292,288,290,64,158,40,114,63,216,57,197,61,,66,,,b'\x11\xe8\xe1I\xcb\x82\xa6\xb4\xaf\x82\x12\xdf\x17\xaeN\x1e'
11E8E149-CB82-A6B4-AF82-12DF17AE4E1E,2025-ncaa-d0-natl,genius_ncaa,49,18,194,24,216,117,185,234,114,250,283,153,81,147,27,113,32,47,27,48,9,196,194,78,41,80,20,85,24,152,78,179,93,175,52,150,96,203,221,161,139,105,55,61,,,151,197,,309,83,204,185,192,77,161,251,255,287,51,111,12,27,29,182,159,141,139,134,119,229,122,33,,172,,325,80,117,161,140,230,268,272,169,18,15,164,9,153,148,163,146,98,133,138,155,150,163,14,13,194,76,93,37,78,35,52,58,34,199,169,115,271,275,335,354,,,79,26,,176,83,158,73,137,81,145,196,156,300,328,16,12,172,171,167,145,135,92,46,52,74,173,291,342,,32,,175,b'\x11\xe8\xe1I\xcb\x82\xa6\xb4\xaf\x82\x12\xdf\x17\xaeN\x1e'
11E8E149-CB82-A6B4-AF82-12DF17AE4E1E,2025-ncaa-d1-conf-OVC,genius_ncaa,1,1,3,1,3,3,4,4,5,9,9,6,2,2,1,2,1,1,2,1,1,4,4,2,1,1,1,2,3,4,4,3,1,3,1,4,4,6,5,4,5,6,1,3,,,3,2,,10,1,4,8,6,1,6,9,9,10,2,3,1,2,2,8,6,5,3,3,4,6,6,1,,2,,10,1,3,7,8,5,11,11,4,1,1,1,1,2,2,2,2,1,6,7,2,2,2,1,1,1,3,1,3,4,2,1,2,1,6,7,5,7,7,11,11,,,3,4,,6,1,8,1,2,1,2,5,6,10,11,1,1,2,2,2,3,3,1,3,1,1,8,8,10,,4,,7,b'\x11\xe8\xe1I\xcb\x82\xa6\xb4\xaf\x82\x12\xdf\x17\xaeN\x1e'
11E8E149-CB82-A6B4-AF82-12DF17AE4E1E,2025-ncaa-d1-natl,genius_ncaa,44,18,172,24,206,117,181,240,120,256,279,161,81,141,25,116,26,45,29,45,7,200,184,81,43,81,19,89,18,166,82,164,99,162,57,142,92,220,226,169,139,117,43,56,,,178,220,,320,94,193,180,195,83,172,259,264,290,55,118,13,24,24,187,155,149,140,136,129,233,132,29,,189,,331,91,135,176,144,227,284,288,173,18,15,151,10,168,192,112,188,119,150,143,159,155,169,14,15,204,84,99,43,82,41,57,67,39,209,176,119,268,268,342,353,,,62,21,,184,94,168,74,147,88,158,208,158,304,327,15,13,185,202,198,156,140,100,47,55,78,186,282,342,,28,,184,b'\x11\xe8\xe1I\xcb\x82\xa6\xb4\xaf\x82\x12\xdf\x17\xaeN\x1e'
11E8E149-CB82-A6B4-AF82-12DF17AE4E1E,2025-ncaa-d1-ncaatournament,genius_ncaa,37,2,37,37,38,62,56,56,57,51,47,55,57,57,53,31,57,63,5,63,64,60,53,56,57,60,55,44,51,57,60,68,68,68,68,59,61,22,55,61,28,7,47,42,,,17,36,,9,66,48,22,7,62,55,41,48,37,50,36,55,62,62,53,44,54,68,68,59,49,5,36,,37,,13,66,32,32,17,68,34,21,67,37,16,68,34,11,12,44,9,13,15,18,68,68,68,31,49,9,17,68,23,60,25,68,36,48,41,25,50,23,54,38,64,,,66,66,,32,66,17,62,68,66,68,67,40,66,46,65,33,25,23,14,35,44,43,59,60,65,19,49,63,,66,,15,b'\x11\xe8\xe1I\xcb\x82\xa6\xb4\xaf\x82\x12\xdf\x17\xaeN\x1e'
11E8E149-CB82-A6B4-AF82-12DF17AE4E1E,2026-ncaa-d0-natl,genius_ncaa,123,39,279,75,291,285,311,300,309,301,268,313,285,297,225,254,128,139,114,140,45,283,298,310,270,221,75,230,10,124,15,291,107,240,41,290,163,55,136,207,283,198,318,320,,,61,242,,118,144,319,291,97,212,279,191,260,146,231,236,23,31,30,132,148,15,213,78,244,153,225,313,,167,,201,137,28,39,41,211,88,68,248,5,20,15,49,43,76,20,78,182,40,41,151,115,125,12,11,160,29,107,34,15,21,41,14,30,293,171,97,31,82,282,329,,,199,33,,241,144,44,173,108,132,87,131,66,251,207,6,30,108,182,188,81,48,61,83,55,43,217,83,338,,35,,211,b'\x11\xe8\xe1I\xcb\x82\xa6\xb4\xaf\x82\x12\xdf\x17\xaeN\x1e'
11E8E149-CB82-A6B4-AF82-12DF17AE4E1E,2026-ncaa-d1-natl,genius_ncaa,110,39,271,67,286,276,317,306,299,318,280,319,260,289,148,250,90,97,136,92,19,282,305,291,234,216,52,197,9,142,38,307,137,268,79,309,202,55,126,220,320,273,336,336,,,139,330,,152,163,327,247,100,201,278,213,273,161,209,233,18,15,13,134,156,45,230,119,262,143,279,330,,287,,233,155,28,32,19,215,107,77,229,4,12,24,23,157,222,24,227,298,35,29,147,139,158,36,7,308,31,137,31,38,21,79,16,35,301,205,103,32,70,327,351,,,152,18,,211,163,38,166,146,153,119,116,53,250,219,7,23,257,314,320,120,89,91,106,82,42,220,70,356,,22,,169,b'\x11\xe8\xe1I\xcb\x82\xa6\xb4\xaf\x82\x12\xdf\x17\xaeN\x1e'
11E8E149-CB87-0B82-AF82-12DF17AE4E1E,2010-ncaa-d0-natl,ncaa,60,62,50,70,50,30,35,36,51,44,53,88,57,95,27,199,31,26,186,25,79,29,30,54,50,46,137,143,161,69,92,17,67,20,44,83,262,227,85,123,140,233,10,15,,,251,106,,,44,26,66,8,23,30,51,58,85,70,128,43,36,38,38,43,105,10,20,113,158,200,9,,161,,,45,290,304,326,65,299,329,71,193,262,62,154,205,181,254,175,50,325,317,59,46,96,105,139,123,269,67,248,92,270,44,133,25,134,265,108,257,135,250,167,,,25,77,,,44,319,43,91,48,193,226,328,240,319,155,219,141,123,117,312,295,211,144,180,65,207,198,202,,34,,,b'\x11\xe8\xe1I\xcb\x87\x0b\x82\xaf\x82\x12\xdf\x17\xaeN\x1e'
11E8E149-CB87-0B82-AF82-12DF17AE4E1E,2010-ncaa-d1-conf-Big 12,ncaa,4,5,4,5,4,5,5,4,4,7,5,6,6,6,1,7,3,2,10,2,2,5,4,2,2,4,5,4,3,4,6,3,5,3,4,5,7,12,10,10,5,6,2,2,,,7,5,,,3,3,3,1,2,5,5,7,7,5,7,3,2,2,4,1,5,2,1,5,10,6,2,,8,,,3,9,8,10,3,6,11,2,9,9,4,8,7,6,10,6,4,10,9,4,3,3,7,8,5,10,5,4,6,8,4,6,5,5,7,4,12,12,4,5,,,1,3,,,3,10,5,5,4,8,5,12,5,11,7,9,7,6,6,12,12,9,3,8,7,5,12,4,,1,,,b'\x11\xe8\xe1I\xcb\x87\x0b\x82\xaf\x82\x12\xdf\x17\xaeN\x1e'
11E8E149-CB87-0B82-AF82-12DF17AE4E1E,2010-ncaa-d1-natl,ncaa,64,62,53,71,53,32,37,38,54,49,57,92,61,103,26,196,35,29,186,28,76,30,32,56,52,48,132,145,155,73,93,17,70,20,46,89,266,217,86,127,153,239,10,16,,,238,106,,,48,28,66,9,25,30,51,58,86,71,127,43,35,37,38,44,107,12,22,116,159,205,9,,162,,,48,285,297,325,67,297,327,75,190,257,69,154,193,170,255,165,52,323,316,62,50,105,107,138,121,262,70,238,93,258,46,121,25,153,267,120,250,140,244,172,,,26,78,,,48,317,45,101,51,200,233,328,245,320,156,222,142,125,118,313,295,214,146,184,70,217,201,206,,36,,,b'\x11\xe8\xe1I\xcb\x87\x0b\x82\xaf\x82\x12\xdf\x17\xaeN\x1e'
11E8E149-CB87-0B82-AF82-12DF17AE4E1E,2010-ncaa-d1-ncaatournament,ncaa,33,2,33,33,34,40,43,39,47,39,38,41,61,59,63,54,30,27,52,26,8,34,37,54,53,48,50,63,5,45,47,36,15,37,41,45,41,5,8,32,31,9,33,15,,,28,58,,,39,35,4,9,29,32,11,16,9,61,51,4,1,1,2,5,25,14,16,38,11,6,20,,60,,,42,18,7,6,36,2,5,7,34,19,62,35,33,43,6,43,62,18,24,51,47,34,63,57,57,7,15,32,47,25,41,11,52,35,11,19,10,14,28,45,,,31,8,,,39,26,48,24,44,48,17,8,5,8,57,33,56,62,62,37,54,16,63,56,34,5,21,49,,3,,,b'\x11\xe8\xe1I\xcb\x87\x0b\x82\xaf\x82\x12\xdf\x17\xaeN\x1e'
11E8E149-CB87-0B82-AF82-12DF17AE4E1E,2011-ncaa-d0-natl,ncaa,99,134,43,128,46,20,27,25,69,46,46,117,23,55,15,155,26,17,170,17,67,22,24,51,59,41,101,107,146,18,33,35,163,20,52,74,278,210,49,110,97,184,8,33,,,176,40,,,53,32,40,75,14,21,17,55,72,33,79,27,24,26,15,18,21,49,15,116,134,140,9,,91,,,52,329,339,333,229,341,339,242,207,242,119,115,96,123,64,127,21,327,315,204,137,190,18,112,21,304,163,257,33,297,52,268,38,126,262,208,154,50,317,230,,,23,120,,,53,313,26,187,55,275,321,328,328,330,151,186,59,78,84,314,304,254,142,197,198,196,108,289,,28,,,b'\x11\xe8\xe1I\xcb\x87\x0b\x82\xaf\x82\x12\xdf\x17\xaeN\x1e'
11E8E149-CB87-0B82-AF82-12DF17AE4E1E,2011-ncaa-d1-conf-Big 12,ncaa,7,7,3,7,3,4,4,3,8,6,3,10,1,3,4,7,4,4,8,4,5,3,3,7,7,7,5,5,5,3,3,3,7,3,4,8,12,12,6,10,8,9,2,5,,,6,3,,,7,4,3,2,4,4,2,7,4,1,5,4,4,4,2,2,2,3,2,10,10,9,3,,4,,,7,12,12,11,11,12,12,12,1,5,4,2,5,6,1,6,4,11,9,7,6,10,2,1,5,6,7,9,3,9,4,11,4,8,9,10,10,8,10,10,,,5,6,,,7,9,6,7,7,12,12,12,12,12,2,5,5,5,5,12,11,7,8,8,9,8,10,11,,5,,,b'\x11\xe8\xe1I\xcb\x87\x0b\x82\xaf\x82\x12\xdf\x17\xaeN\x1e'
11E8E149-CB87-0B82-AF82-12DF17AE4E1E,2011-ncaa-d1-natl,ncaa,112,133,51,131,57,21,29,26,71,49,52,122,28,62,14,154,31,19,169,18,66,24,25,51,59,43,98,102,143,23,34,40,168,21,55,84,278,190,48,110,113,189,9,34,,,157,37,,,59,35,42,75,16,22,17,56,73,34,78,28,24,25,15,18,23,52,17,120,134,148,8,,90,,,57,325,338,330,233,341,339,243,196,230,122,113,87,110,70,117,20,325,312,204,139,195,19,112,20,297,168,239,34,283,55,262,36,148,266,219,139,50,312,233,,,26,119,,,59,310,26,201,61,279,324,333,331,331,152,185,61,77,83,315,305,254,143,198,198,205,108,290,,28,,,b'\x11\xe8\xe1I\xcb\x87\x0b\x82\xaf\x82\x12\xdf\x17\xaeN\x1e'
11E8E149-CB87-0B82-AF82-12DF17AE4E1E,2011-ncaa-d1-ncaatournament,ncaa,33,2,33,33,34,40,34,34,36,34,32,37,34,42,20,35,64,64,,64,64,36,42,36,44,34,58,16,64,33,13,42,7,35,14,38,47,2,4,8,38,14,24,5,,,7,32,,,24,48,36,3,30,5,2,9,1,10,17,64,64,64,8,20,4,26,9,24,3,17,6,,18,,,25,12,10,10,38,11,9,42,15,19,29,34,11,8,63,8,22,8,10,39,43,46,30,31,34,4,7,16,13,10,14,3,3,45,35,10,7,16,41,46,,,64,64,,,24,17,21,35,23,32,31,22,34,25,24,29,31,18,20,16,14,7,44,25,4,37,17,58,,64,,,b'\x11\xe8\xe1I\xcb\x87\x0b\x82\xaf\x82\x12\xdf\x17\xaeN\x1e'
11E8E149-CB87-0B82-AF82-12DF17AE4E1E,2012-ncaa-d0-natl,ncaa,123,129,81,130,112,76,67,55,107,65,40,163,128,169,44,244,107,109,163,105,237,57,60,129,133,109,219,191,215,83,102,66,191,60,124,78,176,160,79,94,84,127,5,11,,,288,233,,,97,65,72,262,74,66,53,61,46,148,200,144,139,134,56,78,102,91,76,81,117,103,9,,271,,,98,232,207,280,71,177,272,44,260,263,223,186,269,288,95,290,216,292,283,93,88,111,265,238,240,279,191,241,102,267,124,125,80,123,188,105,135,66,255,147,,,67,152,,,97,275,97,135,102,192,157,244,132,232,223,221,232,252,258,264,264,249,169,213,90,147,105,229,,94,,,b'\x11\xe8\xe1I\xcb\x87\x0b\x82\xaf\x82\x12\xdf\x17\xaeN\x1e'
11E8E149-CB87-0B82-AF82-12DF17AE4E1E,2012-ncaa-d1-conf-Big 12,ncaa,6,6,7,6,9,4,5,3,7,4,3,8,6,7,1,7,7,8,7,7,9,5,5,8,8,7,7,6,8,4,3,7,7,6,6,7,9,6,5,7,3,2,3,3,,,8,6,,,6,4,1,7,4,4,1,4,3,5,7,6,7,6,1,1,2,6,3,6,7,1,2,,9,,,6,8,5,7,5,5,5,6,5,5,6,5,9,9,2,9,10,7,7,5,5,7,7,4,9,6,7,8,3,7,6,2,3,5,4,3,7,6,7,4,,,7,8,,,6,7,6,7,5,8,8,7,7,7,7,5,9,10,10,9,9,7,8,9,4,2,8,7,,7,,,b'\x11\xe8\xe1I\xcb\x87\x0b\x82\xaf\x82\x12\xdf\x17\xaeN\x1e'
11E8E149-CB87-0B82-AF82-12DF17AE4E1E,2012-ncaa-d1-natl,ncaa,128,129,90,135,129,84,74,60,116,70,44,175,133,179,47,244,117,120,162,113,239,63,73,132,136,109,219,190,211,91,107,80,198,73,130,87,181,138,83,96,94,133,5,12,,,282,239,,,101,76,76,262,78,73,53,65,48,148,202,137,139,133,59,81,106,92,85,90,119,109,9,,272,,,102,218,197,268,75,163,255,49,251,243,225,182,264,282,98,285,221,283,269,96,93,120,264,236,242,271,198,221,107,254,130,111,81,135,197,112,116,69,246,151,,,80,147,,,101,262,102,145,107,196,163,249,135,239,227,220,236,253,259,266,262,252,175,218,93,157,105,231,,96,,,b'\x11\xe8\xe1I\xcb\x87\x0b\x82\xaf\x82\x12\xdf\x17\xaeN\x1e'
11E8E149-CB87-0B82-AF82-12DF17AE4E1E,2012-ncaa-d1-ncaatournament,ncaa,33,2,33,33,34,47,51,34,61,51,36,64,44,52,14,51,42,37,53,34,32,34,37,60,58,56,16,23,19,32,16,56,37,37,31,49,42,5,4,35,31,5,50,46,,,23,58,,,42,48,43,5,45,49,3,50,4,23,36,33,14,11,2,7,3,53,13,44,8,6,46,,50,,,45,9,6,5,52,8,3,44,19,16,49,37,18,14,47,14,46,3,11,55,54,42,49,47,38,9,37,25,16,20,31,23,58,37,6,36,6,9,18,27,,,35,15,,,42,10,45,38,47,29,21,6,20,6,40,25,38,32,35,4,15,16,56,49,54,10,9,37,,9,,,b'\x11\xe8\xe1I\xcb\x87\x0b\x82\xaf\x82\x12\xdf\x17\xaeN\x1e'
11E8E149-CB87-0B82-AF82-12DF17AE4E1E,2013-ncaa-d0-natl,ncaa,212,216,183,221,215,185,159,200,103,93,109,122,293,292,264,293,174,136,284,137,176,190,143,161,176,238,310,305,161,44,7,110,86,66,10,192,219,316,302,273,260,271,44,36,,,210,253,,,166,188,139,149,168,129,177,67,83,292,294,156,101,104,163,72,26,46,17,181,316,261,30,,249,,,165,148,141,195,102,83,136,82,279,244,254,264,115,148,36,142,171,183,150,149,111,181,282,296,128,122,86,8,7,21,10,133,144,244,260,210,219,204,112,82,,,191,235,,,166,158,175,155,166,181,171,239,104,153,291,274,138,167,166,228,188,141,16,34,155,247,231,131,,177,,,b'\x11\xe8\xe1I\xcb\x87\x0b\x82\xaf\x82\x12\xdf\x17\xaeN\x1e'
11E8E149-CB87-0B82-AF82-12DF17AE4E1E,2013-ncaa-d1-conf-Big 12,ncaa,9,8,7,9,7,9,7,10,6,4,5,6,10,9,10,8,7,7,8,7,8,10,7,8,8,10,9,9,5,4,1,6,3,5,3,8,6,10,10,10,9,8,6,4,,,5,8,,,8,8,6,4,9,7,9,4,4,10,9,7,7,7,9,5,2,5,2,7,10,8,6,,7,,,8,3,3,3,3,4,3,3,5,6,4,7,5,6,2,5,7,3,2,3,2,4,6,6,7,3,3,1,1,1,3,3,3,8,6,5,8,9,4,4,,,7,7,,,8,3,9,5,8,5,4,5,4,5,7,8,5,6,6,6,4,4,2,2,3,6,10,6,,7,,,b'\x11\xe8\xe1I\xcb\x87\x0b\x82\xaf\x82\x12\xdf\x17\xaeN\x1e'
11E8E149-CB87-0B82-AF82-12DF17AE4E1E,2013-ncaa-d1-natl,ncaa,221,216,210,228,251,204,173,222,109,110,124,129,294,297,266,291,187,148,285,149,176,213,164,167,183,242,306,305,158,51,7,123,89,78,10,204,222,305,302,277,275,279,49,37,,,197,256,,,172,215,142,147,175,135,183,70,87,292,294,155,103,105,168,74,26,48,18,186,318,272,31,,252,,,173,129,129,179,110,75,109,88,273,233,253,264,103,136,35,130,172,164,119,151,118,186,280,295,131,108,89,5,7,12,10,126,144,268,271,217,205,208,106,90,,,213,230,,,172,128,178,163,174,187,181,240,107,157,290,271,138,171,166,232,185,140,15,34,162,252,231,136,,174,,,b'\x11\xe8\xe1I\xcb\x87\x0b\x82\xaf\x82\x12\xdf\x17\xaeN\x1e'
11E8E149-CB87-0B82-AF82-12DF17AE4E1E,2014-ncaa-d0-natl,ncaa,61,88,28,80,36,63,50,77,42,57,64,87,111,171,19,218,127,124,181,119,225,77,47,57,71,126,208,167,247,47,21,12,18,15,3,50,112,342,293,194,240,280,52,56,,,338,330,,,33,61,209,152,108,85,209,109,157,149,226,216,206,200,218,147,93,12,16,83,297,290,64,,305,,,34,146,87,292,5,54,218,9,240,305,45,268,256,260,169,262,226,297,275,10,16,29,326,266,282,159,18,74,21,93,3,69,101,159,243,94,235,146,133,74,,,49,125,,,33,282,99,24,40,37,19,145,11,77,175,256,175,174,174,147,107,68,12,11,25,262,147,83,,121,,,b'\x11\xe8\xe1I\xcb\x87\x0b\x82\xaf\x82\x12\xdf\x17\xaeN\x1e'
11E8E149-CB87-0B82-AF82-12DF17AE4E1E,2014-ncaa-d1-conf-Big 12,ncaa,3,3,3,3,3,4,3,4,2,3,3,4,7,8,3,7,6,5,9,5,5,4,3,5,6,7,7,7,8,2,2,2,2,2,1,2,3,10,10,8,8,8,2,2,,,10,10,,,3,3,3,3,5,3,4,3,3,7,8,6,6,6,5,2,2,1,2,2,10,9,2,,9,,,3,4,1,8,1,3,7,1,8,7,3,6,9,10,5,10,8,8,6,2,3,4,9,8,10,4,2,1,2,1,1,2,3,7,9,6,8,7,1,1,,,4,5,,,3,7,5,3,4,4,2,8,3,7,6,7,8,8,9,9,7,5,1,1,2,7,8,1,,5,,,b'\x11\xe8\xe1I\xcb\x87\x0b\x82\xaf\x82\x12\xdf\x17\xaeN\x1e'
11E8E149-CB87-0B82-AF82-12DF17AE4E1E,2014-ncaa-d1-natl,ncaa,67,88,33,81,42,74,56,92,43,63,78,89,121,179,21,217,139,136,179,129,223,94,55,58,73,131,207,169,246,54,23,15,18,19,3,56,113,341,296,199,251,283,55,58,,,335,331,,,37,68,211,153,117,94,217,113,158,151,229,217,209,206,222,151,94,12,17,84,299,293,67,,306,,,36,123,76,281,6,39,199,10,234,296,45,268,247,246,172,250,227,286,265,10,18,31,326,267,281,140,18,51,23,70,3,62,104,177,247,98,218,147,127,76,,,59,125,,,37,272,103,24,44,39,19,148,11,78,180,258,179,174,175,150,107,69,13,11,27,267,149,88,,124,,,b'\x11\xe8\xe1I\xcb\x87\x0b\x82\xaf\x82\x12\xdf\x17\xaeN\x1e'
11E8E149-CB87-0B82-AF82-12DF17AE4E1E,2014-ncaa-d1-ncaatournament,ncaa,17,2,17,17,17,22,21,27,19,23,24,25,18,25,12,43,22,25,3,24,30,28,27,18,11,11,27,32,20,25,16,24,30,25,18,29,51,39,45,43,23,33,27,46,,,42,53,,,15,25,38,3,18,20,43,26,32,27,45,17,29,28,42,34,32,23,28,41,41,34,37,,49,,,13,39,41,45,27,45,45,25,28,34,31,15,33,34,30,32,11,40,42,27,19,22,10,20,24,43,30,32,16,40,18,43,39,27,40,41,28,17,26,20,,,25,26,,,15,39,13,26,14,21,31,37,41,53,17,14,23,20,20,28,30,35,5,16,37,37,11,17,,31,,,b'\x11\xe8\xe1I\xcb\x87\x0b\x82\xaf\x82\x12\xdf\x17\xaeN\x1e'
11E8E149-CB87-0B82-AF82-12DF17AE4E1E,2015-ncaa-d0-natl,ncaa,33,67,13,61,16,41,32,35,67,16,17,71,235,240,226,303,59,55,180,57,256,33,24,118,127,124,318,309,186,37,37,13,6,15,11,28,87,316,159,83,127,190,29,34,,,330,293,,,42,25,194,43,90,51,114,23,36,291,294,130,127,129,107,112,84,41,30,46,181,213,52,,247,,,46,271,205,309,29,152,263,34,295,318,112,265,297,275,293,276,231,314,307,44,71,107,309,274,264,95,6,199,37,153,11,66,21,118,213,62,225,103,288,142,,,38,197,,,42,322,97,59,53,77,46,124,27,71,216,238,202,169,170,116,92,15,36,15,19,231,127,217,,147,,,b'\x11\xe8\xe1I\xcb\x87\x0b\x82\xaf\x82\x12\xdf\x17\xaeN\x1e'
11E8E149-CB87-0B82-AF82-12DF17AE4E1E,2015-ncaa-d1-conf-Big 12,ncaa,3,3,1,3,1,3,2,2,5,2,3,6,7,8,7,8,3,3,5,3,7,2,2,6,6,6,8,8,4,2,2,2,1,2,2,2,4,10,9,5,8,8,3,3,,,10,9,,,3,2,4,2,4,4,5,3,3,8,8,4,4,4,4,2,3,2,2,2,9,8,3,,8,,,3,7,4,9,2,4,6,2,7,8,1,8,10,10,10,10,9,10,8,2,2,3,8,6,10,2,1,4,2,3,2,2,2,7,8,2,8,5,3,3,,,3,5,,,3,9,5,2,3,4,2,5,3,4,4,8,10,7,7,6,6,1,3,2,1,8,7,2,,4,,,b'\x11\xe8\xe1I\xcb\x87\x0b\x82\xaf\x82\x12\xdf\x17\xaeN\x1e'
11E8E149-CB87-0B82-AF82-12DF17AE4E1E,2015-ncaa-d1-natl,ncaa,36,67,15,64,18,45,36,37,69,17,18,76,247,255,225,302,70,62,179,63,256,37,29,121,130,129,319,307,185,44,40,17,6,17,11,31,92,299,161,87,145,200,32,35,,,325,293,,,46,28,200,42,103,58,122,26,40,291,295,129,129,133,114,120,88,44,35,55,183,224,51,,250,,,52,250,184,302,31,126,244,36,289,312,116,265,287,263,295,264,233,309,299,48,74,116,306,274,264,72,6,182,40,120,11,52,20,139,222,70,207,103,283,150,,,44,189,,,46,317,103,67,60,86,51,125,28,73,215,241,207,173,175,121,89,15,37,16,21,239,126,226,,147,,,b'\x11\xe8\xe1I\xcb\x87\x0b\x82\xaf\x82\x12\xdf\x17\xaeN\x1e'
11E8E149-CB87-0B82-AF82-12DF17AE4E1E,2015-ncaa-d1-ncaatournament,ncaa,9,2,9,9,10,15,12,11,27,9,11,12,48,23,62,59,18,20,38,20,49,12,11,36,39,45,63,63,42,9,14,13,25,9,16,12,34,56,52,38,25,57,17,23,,,52,21,,,63,12,27,4,38,19,30,7,14,63,54,42,39,39,30,22,12,24,16,25,50,54,28,,23,,,54,57,54,53,30,50,47,29,64,61,48,62,51,50,42,50,31,53,53,45,40,43,60,64,17,49,25,53,14,52,16,60,37,18,47,48,55,44,55,31,,,17,47,,,63,52,37,47,52,50,41,50,8,8,63,62,25,22,22,43,37,27,20,18,42,48,42,39,,43,,,b'\x11\xe8\xe1I\xcb\x87\x0b\x82\xaf\x82\x12\xdf\x17\xaeN\x1e'
11E8E149-CB87-0B82-AF82-12DF17AE4E1E,2016-ncaa-d0-natl,ncaa,7,10,8,9,10,17,14,20,38,10,8,61,163,196,80,307,15,9,180,7,157,16,11,70,69,72,295,295,152,21,37,10,13,10,14,35,201,316,125,117,53,118,9,12,,,343,281,,,10,11,100,263,54,40,107,23,44,240,290,69,51,50,78,82,88,42,38,91,170,130,25,,257,,,13,222,174,308,19,127,263,25,258,322,52,275,271,247,241,250,192,307,334,25,31,16,293,247,247,112,13,232,37,176,14,100,72,16,52,15,93,14,328,179,,,4,33,,,10,339,59,9,16,32,20,79,11,50,157,225,138,126,126,64,133,13,34,23,24,52,26,262,,15,,,b'\x11\xe8\xe1I\xcb\x87\x0b\x82\xaf\x82\x12\xdf\x17\xaeN\x1e'
11E8E149-CB87-0B82-AF82-12DF17AE4E1E,2016-ncaa-d1-conf-Big 12,ncaa,2,2,1,2,1,2,2,1,3,2,2,4,8,8,3,9,3,3,4,3,7,2,2,5,5,5,8,9,4,2,3,2,2,2,2,3,7,7,3,5,2,6,3,3,,,10,9,,,2,1,3,5,3,2,2,2,2,8,9,3,3,3,2,3,2,2,2,4,5,5,3,,8,,,2,4,5,8,2,3,4,4,8,9,4,9,7,6,5,6,5,8,10,3,3,2,8,7,9,3,2,4,3,4,2,3,2,1,1,1,2,1,4,4,,,1,1,,,2,10,3,2,2,2,2,3,2,2,5,8,5,5,4,2,5,1,3,2,2,2,1,4,,1,,,b'\x11\xe8\xe1I\xcb\x87\x0b\x82\xaf\x82\x12\xdf\x17\xaeN\x1e'
11E8E149-CB87-0B82-AF82-12DF17AE4E1E,2016-ncaa-d1-natl,ncaa,8,10,8,11,10,20,16,24,39,10,10,67,180,209,84,306,23,14,181,13,154,19,13,75,74,78,292,294,147,31,39,12,13,11,15,38,209,311,132,123,65,128,10,13,,,339,284,,,13,13,107,263,58,43,111,24,47,245,292,69,51,47,81,84,93,46,38,102,169,141,26,,257,,,14,200,152,297,20,108,240,27,245,310,57,273,258,235,242,238,190,297,325,28,35,18,292,244,247,89,13,204,39,144,15,92,76,21,54,20,77,15,326,186,,,4,30,,,13,336,65,11,17,33,22,80,12,53,157,220,146,131,131,66,130,13,35,23,26,58,27,266,,13,,,b'\x11\xe8\xe1I\xcb\x87\x0b\x82\xaf\x82\x12\xdf\x17\xaeN\x1e'
11E8E149-CB87-0B82-AF82-12DF17AE4E1E,2016-ncaa-d1-ncaatournament,ncaa,5,2,5,5,5,7,6,5,21,5,4,25,8,6,25,41,12,13,37,11,45,5,5,24,26,21,45,37,48,3,5,7,9,5,3,9,46,59,22,19,3,5,13,26,,,63,40,,,7,5,26,1,12,8,9,8,12,24,31,37,39,39,11,13,9,21,9,17,25,7,28,,36,,,7,58,53,57,10,52,56,3,59,58,37,52,63,63,57,63,53,57,59,14,19,14,63,57,57,54,9,59,5,57,3,60,58,4,22,20,56,14,60,24,,,7,42,,,7,60,11,10,8,14,2,14,1,8,45,46,47,40,39,17,23,10,16,9,27,28,16,30,,36,,,b'\x11\xe8\xe1I\xcb\x87\x0b\x82\xaf\x82\x12\xdf\x17\xaeN\x1e'
11E8E149-CB87-0B82-AF82-12DF17AE4E1E,2017-ncaa-d0-natl,ncaa,25,39,24,37,27,25,15,18,20,6,2,69,265,321,39,347,135,115,249,115,341,23,21,68,89,74,346,339,330,9,4,35,57,13,6,62,322,248,66,118,132,204,7,11,,,340,306,,,21,27,85,142,28,13,16,3,2,317,340,230,207,205,19,27,16,58,13,118,143,205,8,,300,,,21,267,192,296,26,196,315,15,167,162,189,52,335,328,325,330,226,313,315,26,55,63,255,103,334,208,57,86,4,125,6,18,4,64,156,14,86,20,281,61,,,29,179,,,21,321,42,44,24,105,63,169,82,251,81,64,300,267,269,200,221,98,16,27,6,129,40,221,,78,,,b'\x11\xe8\xe1I\xcb\x87\x0b\x82\xaf\x82\x12\xdf\x17\xaeN\x1e'
11E8E149-CB87-0B82-AF82-12DF17AE4E1E,2017-ncaa-d1-conf-Big 12,ncaa,2,2,3,2,4,3,2,2,2,2,2,2,10,10,5,10,8,7,9,7,10,2,3,3,6,5,10,10,10,2,2,3,4,2,2,4,9,5,3,4,5,3,4,3,,,8,8,,,2,4,5,4,3,2,2,2,1,10,10,8,7,7,2,2,2,4,2,6,4,5,3,,8,,,2,1,1,2,2,1,3,2,2,2,5,2,7,6,7,6,8,3,3,2,2,2,9,5,9,3,4,2,2,1,2,1,1,2,2,1,3,2,3,2,,,4,6,,,2,5,2,2,2,2,2,2,2,1,2,2,8,8,8,1,3,5,2,2,1,3,2,4,,5,,,b'\x11\xe8\xe1I\xcb\x87\x0b\x82\xaf\x82\x12\xdf\x17\xaeN\x1e'
11E8E149-CB87-0B82-AF82-12DF17AE4E1E,2017-ncaa-d1-natl,ncaa,30,39,27,39,33,28,16,18,21,6,2,72,275,330,41,347,157,133,249,133,342,23,22,71,91,78,346,339,327,10,5,41,62,13,6,72,324,230,67,122,156,212,7,12,,,337,306,,,25,30,87,143,29,14,17,3,2,315,340,234,214,212,21,30,18,61,14,128,150,212,11,,302,,,26,247,167,290,28,175,312,16,152,134,200,49,334,319,325,323,227,309,310,27,59,72,251,100,332,181,62,57,5,92,6,12,4,83,161,17,68,20,272,67,,,37,178,,,25,319,46,56,29,113,68,169,82,257,88,60,302,271,275,201,219,100,16,27,6,137,41,225,,76,,,b'\x11\xe8\xe1I\xcb\x87\x0b\x82\xaf\x82\x12\xdf\x17\xaeN\x1e'
11E8E149-CB87-0B82-AF82-12DF17AE4E1E,2017-ncaa-d1-ncaatournament,ncaa,9,2,9,9,9,12,13,13,13,10,10,22,16,23,20,59,10,10,36,10,31,11,9,24,20,26,55,52,23,9,6,9,11,8,3,14,42,57,43,37,26,50,5,3,,,61,56,,,12,10,12,6,13,10,23,7,7,43,58,19,18,16,15,9,11,7,6,21,50,52,1,,58,,,12,52,52,50,14,55,54,16,36,43,18,13,61,61,37,61,50,53,52,11,18,22,26,17,56,49,11,51,6,49,3,35,2,11,37,11,49,23,7,2,,,8,18,,,12,55,17,17,13,25,21,28,35,41,10,17,55,56,56,40,39,22,9,7,3,33,24,2,,12,,,b'\x11\xe8\xe1I\xcb\x87\x0b\x82\xaf\x82\x12\xdf\x17\xaeN\x1e'
11E8E149-CB87-0B82-AF82-12DF17AE4E1E,2018-ncaa-d0-natl,ncaa,13,16,12,16,21,9,8,7,12,4,3,21,129,172,79,310,108,102,163,92,340,9,5,27,37,38,341,312,333,10,15,18,6,7,3,17,263,265,57,47,58,120,87,173,,,334,223,,,8,13,28,278,12,5,9,4,6,196,262,204,210,202,13,17,28,40,12,22,116,112,142,,247,,,10,307,321,318,164,327,326,185,153,211,75,82,231,254,77,253,94,320,331,124,102,85,43,61,127,72,6,194,15,143,3,125,11,30,103,31,121,23,214,29,,,22,252,,,8,337,23,43,14,141,192,198,247,262,66,92,126,144,139,178,237,9,43,18,37,84,47,129,,133,,,b'\x11\xe8\xe1I\xcb\x87\x0b\x82\xaf\x82\x12\xdf\x17\xaeN\x1e'
11E8E149-CB87-0B82-AF82-12DF17AE4E1E,2018-ncaa-d1-conf-Big 12,ncaa,2,2,1,2,1,2,2,1,2,2,2,3,8,7,5,9,5,7,6,7,10,1,1,3,4,2,9,9,10,1,2,2,2,2,2,2,7,7,4,4,2,2,5,7,,,9,7,,,2,1,1,8,2,2,1,2,2,8,8,5,7,7,1,1,1,2,2,2,5,4,6,,6,,,2,5,6,6,2,7,9,3,1,3,2,3,4,4,3,4,2,6,10,2,2,2,2,1,3,1,2,4,2,3,2,2,2,1,2,1,4,3,4,2,,,2,9,,,2,10,2,2,2,2,2,2,4,6,1,1,3,3,3,1,4,1,2,2,2,2,4,4,,7,,,b'\x11\xe8\xe1I\xcb\x87\x0b\x82\xaf\x82\x12\xdf\x17\xaeN\x1e'
11E8E149-CB87-0B82-AF82-12DF17AE4E1E,2018-ncaa-d1-natl,ncaa,15,16,16,17,27,11,8,10,12,4,3,21,142,189,80,309,124,133,160,124,337,11,8,28,39,38,341,308,333,18,18,19,7,9,3,21,266,235,57,48,75,127,99,181,,,325,228,,,10,13,29,279,14,5,9,4,6,197,265,200,212,205,15,18,33,43,12,23,117,123,145,,249,,,11,299,320,316,178,325,324,195,143,188,82,79,215,241,85,240,95,315,329,135,117,96,44,60,125,49,7,165,18,109,3,100,11,44,113,37,108,23,200,32,,,31,249,,,10,337,23,54,15,147,200,199,255,263,68,91,130,148,145,178,239,9,45,19,37,90,50,135,,134,,,b'\x11\xe8\xe1I\xcb\x87\x0b\x82\xaf\x82\x12\xdf\x17\xaeN\x1e'
11E8E149-CB87-0B82-AF82-12DF17AE4E1E,2018-ncaa-d1-ncaatournament,ncaa,9,2,9,9,9,11,7,13,1,8,10,4,20,28,2,57,33,31,28,31,60,14,14,1,2,9,62,44,58,20,17,8,1,12,1,10,42,60,63,37,20,45,29,56,,,57,39,,,7,10,6,7,8,4,37,1,12,36,59,53,55,55,46,24,40,3,15,12,63,46,56,,37,,,7,52,52,51,23,54,55,34,31,47,5,19,53,56,16,57,29,54,53,17,11,15,9,9,31,35,1,36,17,37,1,45,9,12,37,19,59,48,20,7,,,18,51,,,7,55,17,9,7,17,25,36,45,46,7,18,30,31,34,34,31,1,1,1,10,39,50,8,,51,,,b'\x11\xe8\xe1I\xcb\x87\x0b\x82\xaf\x82\x12\xdf\x17\xaeN\x1e'
11E8E149-CB87-0B82-AF82-12DF17AE4E1E,2019-ncaa-d0-natl,ncaa,54,57,47,58,74,55,38,54,34,19,24,55,236,270,116,310,110,107,186,109,295,60,48,66,79,94,330,306,246,16,6,40,63,21,3,93,283,280,173,162,219,263,208,244,,,249,179,,,48,75,169,272,74,40,88,15,29,265,306,162,158,165,102,93,18,51,22,125,207,263,239,,167,,,49,223,223,300,53,162,255,52,291,310,160,271,116,104,220,104,65,284,271,69,63,99,257,294,92,205,63,30,6,61,3,134,70,203,265,162,98,51,68,14,,,120,256,,,48,276,51,92,51,104,117,239,72,169,256,279,71,62,60,183,131,112,7,12,65,270,59,47,,204,,,b'\x11\xe8\xe1I\xcb\x87\x0b\x82\xaf\x82\x12\xdf\x17\xaeN\x1e'
11E8E149-CB87-0B82-AF82-12DF17AE4E1E,2019-ncaa-d1-conf-Big 12,ncaa,3,3,3,3,5,4,3,6,3,2,2,4,9,9,5,9,7,6,6,6,7,5,6,3,5,4,9,9,5,3,2,3,3,3,2,8,9,8,7,7,10,10,9,9,,,8,8,,,3,7,10,3,5,3,7,2,2,9,9,7,6,6,8,7,3,3,2,9,7,10,9,,7,,,3,3,3,7,2,3,4,2,9,8,5,9,2,1,5,1,3,6,4,3,2,5,9,9,3,6,3,2,2,2,2,3,3,10,10,8,3,3,2,2,,,7,7,,,3,4,3,4,3,3,3,6,2,2,9,9,2,1,1,5,2,4,2,2,2,10,3,2,,7,,,b'\x11\xe8\xe1I\xcb\x87\x0b\x82\xaf\x82\x12\xdf\x17\xaeN\x1e'
11E8E149-CB87-0B82-AF82-12DF17AE4E1E,2019-ncaa-d1-natl,ncaa,61,57,62,62,100,72,47,72,35,21,29,60,251,287,116,311,131,136,180,141,292,79,62,71,80,99,330,303,239,22,6,50,64,31,3,109,285,258,173,172,247,272,223,248,,,224,183,,,61,103,175,272,82,47,95,18,32,273,307,163,165,172,110,100,23,52,22,134,208,273,246,,172,,,61,188,193,282,60,135,229,59,282,297,169,273,99,86,234,85,69,264,231,74,67,126,256,294,91,175,64,11,6,27,3,107,69,240,270,180,79,55,58,17,,,155,256,,,61,249,60,110,61,114,130,244,79,172,259,276,74,63,63,187,130,116,7,14,72,270,62,48,,209,,,b'\x11\xe8\xe1I\xcb\x87\x0b\x82\xaf\x82\x12\xdf\x17\xaeN\x1e'
11E8E149-CB87-0B82-AF82-12DF17AE4E1E,2019-ncaa-d1-ncaatournament,ncaa,33,2,33,33,36,43,41,48,30,38,43,29,55,57,39,48,46,41,58,40,34,46,36,36,40,49,53,46,45,30,2,36,1,33,1,49,55,34,62,61,62,63,44,45,,,12,38,,,27,40,14,7,40,27,30,19,21,44,44,39,28,26,27,5,6,18,5,46,63,62,38,,24,,,30,6,15,17,33,13,14,43,15,24,24,52,3,1,62,1,2,9,6,32,29,32,24,41,8,1,1,1,2,1,1,3,5,49,26,12,24,50,2,2,,,38,30,,,27,20,44,14,30,25,39,31,34,26,37,44,7,2,2,17,16,1,4,1,6,31,52,2,,14,,,b'\x11\xe8\xe1I\xcb\x87\x0b\x82\xaf\x82\x12\xdf\x17\xaeN\x1e'
11E8E149-CB87-0B82-AF82-12DF17AE4E1E,2020-ncaa-d0-natl,ncaa,81,81,87,86,188,82,63,31,141,35,15,177,242,233,236,293,97,87,195,91,245,28,30,198,202,176,291,290,168,25,41,33,37,17,28,125,249,217,130,159,99,123,73,87,,,274,229,,,93,48,35,342,74,57,18,30,16,248,239,105,105,108,18,26,27,27,13,136,193,109,80,,250,,,95,188,173,243,80,187,242,101,134,192,70,159,243,235,243,235,190,252,265,72,87,92,174,126,254,91,37,153,41,125,28,68,48,128,160,62,80,35,142,49,,,68,187,,,93,305,141,66,96,156,137,232,164,224,124,185,232,227,225,240,263,77,125,100,62,141,69,133,,93,,,b'\x11\xe8\xe1I\xcb\x87\x0b\x82\xaf\x82\x12\xdf\x17\xaeN\x1e'
11E8E149-CB87-0B82-AF82-12DF17AE4E1E,2020-ncaa-d1-conf-Big 12,ncaa,3,3,1,3,10,6,5,2,7,3,3,6,6,8,7,8,5,5,6,5,7,2,3,8,7,7,8,7,5,1,2,4,3,2,2,8,9,7,6,7,1,1,5,5,,,7,9,,,4,4,4,10,6,5,2,3,3,6,8,5,5,5,2,3,1,4,2,8,7,1,5,,7,,,4,3,3,2,4,6,4,5,1,1,3,2,6,6,6,6,6,2,5,4,5,2,2,1,7,2,3,3,2,2,2,2,1,2,1,2,4,3,2,2,,,4,6,,,4,7,6,2,4,3,3,2,6,4,1,1,6,6,6,2,5,2,3,2,2,2,4,2,,4,,,b'\x11\xe8\xe1I\xcb\x87\x0b\x82\xaf\x82\x12\xdf\x17\xaeN\x1e'
11E8E149-CB87-0B82-AF82-12DF17AE4E1E,2020-ncaa-d1-natl,ncaa,92,81,128,94,254,101,77,46,153,44,21,185,255,249,238,292,113,104,195,110,246,47,45,214,212,186,293,292,163,35,45,49,38,20,28,144,256,203,132,167,124,135,82,90,,,257,237,,,103,74,36,342,83,64,22,34,17,255,244,104,108,112,24,27,31,32,13,144,196,120,83,,256,,,106,155,149,216,88,167,215,107,124,179,71,155,227,217,246,218,194,216,228,77,97,104,172,121,256,78,38,133,45,95,28,60,52,157,168,65,60,37,132,52,,,98,187,,,103,274,151,73,111,168,151,234,168,229,126,185,236,227,227,244,263,82,129,104,65,145,67,136,,93,,,b'\x11\xe8\xe1I\xcb\x87\x0b\x82\xaf\x82\x12\xdf\x17\xaeN\x1e'
11E8E149-CB87-0B82-AF82-12DF17AE4E1E,2021-ncaa-d0-natl,ncaa,18,143,2,71,2,14,11,6,153,12,4,208,75,79,121,295,10,8,170,7,226,6,5,190,179,129,269,274,150,6,46,36,115,11,96,45,279,305,41,118,23,109,48,148,,,343,281,,,52,6,182,110,106,86,52,55,29,231,264,93,95,95,41,84,34,286,145,192,55,125,138,,242,,,73,334,329,321,260,337,333,226,177,195,135,18,342,341,251,341,191,328,337,201,236,123,41,20,265,283,115,340,46,334,96,262,34,2,26,18,246,33,334,140,,,3,92,,,52,338,90,96,69,111,124,42,227,184,22,8,221,208,202,50,108,43,165,91,42,47,41,230,,67,,,b'\x11\xe8\xe1I\xcb\x87\x0b\x82\xaf\x82\x12\xdf\x17\xaeN\x1e'
11E8E149-CB87-0B82-AF82-12DF17AE4E1E,2021-ncaa-d1-conf-Big 12,ncaa,4,5,3,5,3,9,6,4,9,4,3,10,8,9,7,9,8,5,9,4,8,4,4,10,10,10,8,8,7,2,2,9,4,4,3,9,9,4,3,9,4,4,8,7,,,8,10,,,5,7,10,4,9,8,3,5,3,9,9,9,6,6,3,5,2,10,4,9,3,5,8,,8,,,5,3,3,1,8,4,1,8,1,1,4,1,6,8,3,7,8,1,2,6,7,3,2,1,9,1,4,6,2,3,3,2,1,1,1,1,5,5,4,3,,,3,5,,,5,3,7,3,5,3,3,1,4,1,1,1,7,7,7,1,1,1,6,3,2,1,6,4,,4,,,b'\x11\xe8\xe1I\xcb\x87\x0b\x82\xaf\x82\x12\xdf\x17\xaeN\x1e'
11E8E149-CB87-0B82-AF82-12DF17AE4E1E,2021-ncaa-d1-natl,ncaa,21,143,2,71,2,15,12,7,158,13,5,215,87,86,123,294,12,10,173,9,229,7,6,197,185,132,267,272,141,6,50,41,124,11,105,49,281,301,41,120,29,114,52,149,,,342,285,,,56,7,186,111,108,90,56,59,29,231,262,97,93,96,46,88,38,290,154,203,55,129,139,,249,,,75,332,326,316,265,335,332,234,169,178,138,18,342,337,252,336,193,325,336,216,246,135,41,19,266,274,124,337,50,331,105,254,34,3,26,19,236,33,334,144,,,3,91,,,56,337,96,103,73,116,131,40,233,189,21,8,223,209,204,49,108,45,167,93,46,49,40,236,,71,,,b'\x11\xe8\xe1I\xcb\x87\x0b\x82\xaf\x82\x12\xdf\x17\xaeN\x1e'
11E8E149-CB87-0B82-AF82-12DF17AE4E1E,2021-ncaa-d1-ncaatournament,ncaa,5,2,5,5,6,9,10,7,34,10,7,39,10,7,26,41,6,6,31,6,29,6,6,37,37,29,34,36,18,6,27,8,42,8,38,12,49,56,15,37,13,45,20,49,,,60,37,,,21,8,49,7,30,34,36,30,22,33,42,20,24,26,25,34,23,37,32,51,11,43,44,,34,,,23,60,58,57,22,61,59,34,42,53,5,19,61,61,43,61,41,58,58,11,17,19,20,10,47,61,42,60,27,59,38,56,19,8,37,26,48,9,64,54,,,6,10,,,21,57,27,20,21,18,20,25,38,34,9,22,40,36,35,29,23,41,31,35,15,40,8,58,,11,,,b'\x11\xe8\xe1I\xcb\x87\x0b\x82\xaf\x82\x12\xdf\x17\xaeN\x1e'
11E8E149-CB87-0B82-AF82-12DF17AE4E1E,2022-ncaa-d0-natl,ncaa,5,19,3,18,4,12,11,9,43,5,3,118,169,261,14,342,4,4,221,4,174,6,6,77,73,64,315,317,101,7,27,81,124,31,74,60,324,295,63,121,6,21,65,83,,,355,320,,,10,6,171,78,40,33,72,17,15,269,337,47,34,36,43,78,41,313,166,183,85,30,128,,299,,,14,285,213,253,116,257,270,134,103,168,47,69,353,348,317,348,317,290,343,93,155,26,198,39,347,220,124,308,27,294,74,177,134,2,6,5,300,94,320,103,,,1,31,,,10,348,32,15,15,33,10,5,48,39,14,24,298,282,277,14,119,40,47,27,24,11,128,237,,23,,,b'\x11\xe8\xe1I\xcb\x87\x0b\x82\xaf\x82\x12\xdf\x17\xaeN\x1e'
11E8E149-CB87-0B82-AF82-12DF17AE4E1E,2022-ncaa-d1-conf-Big 12,ncaa,2,2,1,2,1,4,3,4,5,2,1,7,8,9,5,10,4,3,6,4,8,3,4,6,6,4,9,10,2,1,1,9,4,6,1,6,10,5,3,6,1,1,5,4,,,9,10,,,2,4,10,4,5,4,5,2,2,10,9,4,4,4,6,6,1,10,7,8,3,1,5,,8,,,2,1,1,1,5,3,2,5,1,1,2,2,8,8,7,8,9,1,5,3,6,1,4,1,10,1,4,2,1,2,1,1,1,1,1,1,5,4,2,1,,,2,3,,,2,7,3,1,2,1,1,1,1,1,1,1,8,8,8,1,1,1,2,1,1,1,4,2,,3,,,b'\x11\xe8\xe1I\xcb\x87\x0b\x82\xaf\x82\x12\xdf\x17\xaeN\x1e'
11E8E149-CB87-0B82-AF82-12DF17AE4E1E,2022-ncaa-d1-natl,ncaa,6,19,3,18,4,13,11,12,44,5,4,134,190,272,15,343,7,5,221,5,176,6,6,88,83,67,313,317,95,9,30,103,132,35,80,74,327,276,67,133,11,27,71,86,,,354,326,,,13,7,175,77,45,36,85,18,16,269,337,48,34,37,48,85,42,316,181,197,86,37,129,,301,,,15,264,188,220,129,235,258,148,90,134,56,66,351,346,319,346,319,276,341,104,169,33,196,39,348,191,132,297,30,274,80,164,138,3,8,6,288,101,317,109,,,1,27,,,13,347,34,19,15,36,11,5,54,41,14,24,303,283,282,14,114,43,50,29,26,13,134,251,,20,,,b'\x11\xe8\xe1I\xcb\x87\x0b\x82\xaf\x82\x12\xdf\x17\xaeN\x1e'
11E8E149-CB87-0B82-AF82-12DF17AE4E1E,2022-ncaa-d1-ncaatournament,ncaa,5,2,5,5,6,7,6,8,8,6,5,21,17,31,6,65,8,4,60,4,34,7,8,13,17,21,59,60,38,9,30,10,28,9,24,9,42,63,39,34,5,7,15,33,,,65,47,,,10,7,54,5,36,27,52,13,16,56,66,29,20,19,49,54,42,53,57,32,32,10,39,,36,,,11,62,62,59,33,62,60,41,50,56,26,32,64,64,63,62,30,60,62,33,40,20,28,23,51,54,28,62,30,62,24,63,42,4,1,7,61,45,65,43,,,4,11,,,10,62,21,12,11,10,10,2,19,10,16,17,34,18,13,1,9,13,11,7,24,2,42,51,,22,,,b'\x11\xe8\xe1I\xcb\x87\x0b\x82\xaf\x82\x12\xdf\x17\xaeN\x1e'
11E8E149-CB87-0B82-AF82-12DF17AE4E1E,2023-ncaa-d0-natl,ncaa,27,52,10,43,15,17,11,14,35,4,2,105,253,318,70,359,32,22,277,21,263,12,11,101,114,99,358,348,187,6,5,56,161,16,19,21,149,307,88,70,22,46,3,3,,,359,321,,,10,18,141,291,48,26,43,4,4,323,355,92,60,57,37,50,13,214,53,37,146,56,4,,300,,,12,248,174,268,49,165,312,15,151,105,292,33,346,351,98,350,301,306,340,42,72,17,285,114,349,292,161,221,5,264,19,94,82,7,11,5,326,166,262,36,,,7,39,,,10,342,48,16,15,25,9,13,13,101,52,16,274,288,288,30,153,125,28,28,18,17,210,172,,14,,,b'\x11\xe8\xe1I\xcb\x87\x0b\x82\xaf\x82\x12\xdf\x17\xaeN\x1e'
11E8E149-CB87-0B82-AF82-12DF17AE4E1E,2023-ncaa-d1-conf-Big 12,ncaa,1,1,1,1,2,3,2,2,3,1,1,6,10,10,3,10,7,5,10,5,10,2,2,5,7,5,10,10,9,1,1,5,5,3,2,2,5,7,3,2,2,1,1,1,,,9,8,,,1,4,10,8,5,2,3,1,1,10,10,10,5,5,2,3,1,6,4,3,4,3,1,,8,,,1,1,1,1,2,1,3,1,3,1,9,2,8,9,3,9,10,1,5,2,2,1,9,6,10,5,5,2,1,2,2,1,2,1,1,1,8,7,4,1,,,2,4,,,1,5,4,1,1,1,1,1,1,1,2,1,7,8,8,1,1,2,1,1,1,1,7,2,,3,,,b'\x11\xe8\xe1I\xcb\x87\x0b\x82\xaf\x82\x12\xdf\x17\xaeN\x1e'
11E8E149-CB87-0B82-AF82-12DF17AE4E1E,2023-ncaa-d1-natl,ncaa,28,52,11,47,16,18,12,14,37,4,3,112,266,327,72,359,37,23,278,22,262,13,13,108,118,105,356,348,188,6,5,66,166,19,23,23,152,290,94,77,27,53,3,3,,,356,327,,,10,19,146,291,48,29,43,4,4,327,355,92,62,59,39,54,13,227,57,43,150,68,3,,305,,,12,218,127,241,55,138,301,15,139,86,304,33,341,344,103,345,304,288,339,50,79,18,289,115,348,271,166,189,5,234,23,75,85,8,13,5,321,168,257,41,,,7,37,,,10,340,49,16,15,30,9,14,21,102,57,17,281,292,291,33,157,130,28,28,21,20,216,178,,15,,,b'\x11\xe8\xe1I\xcb\x87\x0b\x82\xaf\x82\x12\xdf\x17\xaeN\x1e'
11E8E149-CB87-0B82-AF82-12DF17AE4E1E,2023-ncaa-d1-ncaatournament,ncaa,18,2,18,18,21,26,27,33,17,22,27,26,41,50,32,66,17,14,58,14,8,29,25,24,21,28,48,60,10,18,7,26,56,23,22,26,30,45,41,40,23,19,8,8,,,45,36,,,18,33,57,7,29,34,59,19,28,57,64,10,5,3,45,38,16,26,18,32,39,21,3,,34,,,13,36,35,42,2,43,50,6,6,17,5,1,49,48,33,45,37,46,45,2,2,4,13,3,62,58,56,33,7,43,22,12,10,27,37,6,37,25,35,26,,,17,7,,,18,37,22,13,13,5,3,33,32,62,2,1,49,54,49,42,37,62,2,28,4,36,24,24,,7,,,b'\x11\xe8\xe1I\xcb\x87\x0b\x82\xaf\x82\x12\xdf\x17\xaeN\x1e'
11E8E149-CB87-0B82-AF82-12DF17AE4E1E,2024-ncaa-d0-natl,ncaa,3,7,1,7,3,4,3,7,5,1,2,28,265,334,13,360,3,2,191,2,181,5,6,19,19,18,359,356,132,4,2,19,62,8,5,14,209,265,31,26,17,64,16,15,,,353,229,,,2,8,115,263,11,5,49,1,4,330,359,22,18,18,29,60,21,122,34,37,59,77,33,,213,,,3,293,277,329,63,261,322,47,272,276,199,155,271,295,85,301,176,331,350,65,66,14,223,206,210,253,62,149,2,193,5,256,175,3,13,12,250,52,155,4,,,2,14,,,2,352,5,7,2,28,31,45,38,84,99,91,113,132,135,39,159,58,3,5,64,23,75,43,,11,,,b'\x11\xe8\xe1I\xcb\x87\x0b\x82\xaf\x82\x12\xdf\x17\xaeN\x1e'
11E8E149-CB87-0B82-AF82-12DF17AE4E1E,2024-ncaa-d1-conf-Big 12,ncaa,1,1,1,1,1,1,1,3,1,1,1,2,14,14,4,14,1,1,4,1,7,2,2,2,2,1,14,14,3,3,1,4,7,3,1,5,9,7,2,5,6,6,2,1,,,13,11,,,1,2,10,7,2,2,8,1,1,14,14,1,2,2,6,8,4,7,6,8,3,6,3,,10,,,1,6,4,9,2,2,7,4,10,10,7,11,6,7,2,7,9,9,13,3,3,3,11,12,5,11,7,2,1,3,1,4,7,2,3,2,8,6,3,1,,,1,1,,,1,12,1,4,1,1,2,3,1,2,8,10,4,4,4,2,4,7,1,1,2,4,6,3,,1,,,b'\x11\xe8\xe1I\xcb\x87\x0b\x82\xaf\x82\x12\xdf\x17\xaeN\x1e'
11E8E149-CB87-0B82-AF82-12DF17AE4E1E,2024-ncaa-d1-natl,ncaa,3,7,3,7,5,5,4,9,5,1,2,30,285,344,16,362,4,3,190,3,181,6,7,21,19,18,361,358,126,5,2,23,65,8,5,15,225,232,32,28,29,74,16,16,,,354,241,,,3,9,123,264,12,6,59,1,4,336,361,22,20,20,39,68,25,132,44,41,64,88,33,,220,,,4,281,265,321,80,247,312,57,259,257,211,152,252,275,95,283,179,323,350,76,80,20,223,206,211,238,65,118,2,154,5,242,181,4,16,15,224,53,140,5,,,2,12,,,3,353,5,12,2,35,40,48,38,85,108,91,113,135,137,39,159,62,3,5,75,32,79,47,,12,,,b'\x11\xe8\xe1I\xcb\x87\x0b\x82\xaf\x82\x12\xdf\x17\xaeN\x1e'
11E8E149-CB87-0B82-AF82-12DF17AE4E1E,2024-ncaa-d1-ncaatournament,ncaa,5,3,5,5,5,7,5,6,23,3,2,35,24,33,6,67,6,6,36,6,47,7,6,38,34,31,62,63,33,2,1,8,21,5,2,7,37,65,29,25,9,25,3,3,,,65,35,,,3,8,49,5,23,16,19,3,2,56,67,26,27,26,16,17,2,21,2,22,31,27,7,,24,,,3,61,58,61,6,56,60,3,59,61,19,33,66,64,46,64,38,61,61,4,5,5,46,38,48,61,21,58,1,61,2,60,34,5,15,10,56,19,57,12,,,7,45,,,3,61,13,4,3,3,5,14,8,22,16,26,32,29,30,8,11,28,4,4,14,21,20,31,,35,,,b'\x11\xe8\xe1I\xcb\x87\x0b\x82\xaf\x82\x12\xdf\x17\xaeN\x1e'
11E8E149-CB87-0B82-AF82-12DF17AE4E1E,2025-ncaa-d0-natl,genius_ncaa,2,4,2,4,2,4,4,6,24,1,1,69,324,339,224,362,1,1,60,1,230,2,3,95,75,39,360,361,59,2,4,25,120,6,10,10,170,231,14,20,8,27,8,12,,,359,264,,321,2,5,136,254,21,14,25,2,2,356,359,10,18,18,18,49,14,218,38,40,33,32,15,,246,,181,3,302,275,330,54,334,353,43,42,69,38,6,344,344,158,344,183,340,356,22,38,9,45,9,330,299,120,278,4,299,10,140,40,1,12,3,227,22,257,7,,,1,12,,1,2,356,13,6,2,15,18,25,90,213,2,4,197,201,190,32,156,88,14,20,11,18,59,96,,5,,12,b'\x11\xe8\xe1I\xcb\x87\x0b\x82\xaf\x82\x12\xdf\x17\xaeN\x1e'
11E8E149-CB87-0B82-AF82-12DF17AE4E1E,2025-ncaa-d1-conf-SEC,genius_ncaa,2,2,1,2,1,4,4,3,10,2,1,12,15,15,11,16,1,1,4,1,14,3,3,12,12,10,16,16,1,1,2,5,10,3,5,3,4,11,5,5,4,3,3,3,,,14,10,,11,2,4,16,7,11,11,10,3,2,16,16,4,5,5,8,12,2,11,8,6,2,8,3,,7,,6,2,5,6,11,3,11,15,3,1,3,3,2,6,12,2,11,5,11,13,3,3,2,2,1,13,13,10,10,2,12,5,2,1,2,3,1,10,7,8,1,,,1,1,,1,2,13,8,2,2,1,1,3,1,7,1,2,2,2,2,2,1,5,1,3,1,6,3,5,,1,,2,b'\x11\xe8\xe1I\xcb\x87\x0b\x82\xaf\x82\x12\xdf\x17\xaeN\x1e'
11E8E149-CB87-0B82-AF82-12DF17AE4E1E,2025-ncaa-d1-natl,genius_ncaa,2,4,2,4,2,4,4,6,26,1,1,72,335,347,225,362,1,1,57,1,230,3,3,103,77,40,360,360,51,3,4,29,124,6,11,10,176,190,14,20,10,32,8,12,,,357,269,,314,2,5,150,254,21,14,28,2,2,356,360,11,19,21,19,52,15,228,44,44,33,37,15,,248,,189,3,282,262,327,66,330,351,46,31,51,44,7,342,338,164,338,185,335,356,26,44,11,42,9,330,288,124,254,4,281,11,123,42,1,16,3,205,22,242,8,,,1,10,,1,2,356,13,6,2,18,22,25,95,214,2,4,206,206,193,33,154,92,14,19,12,20,57,101,,5,,12,b'\x11\xe8\xe1I\xcb\x87\x0b\x82\xaf\x82\x12\xdf\x17\xaeN\x1e'
11E8E149-CB87-0B82-AF82-12DF17AE4E1E,2025-ncaa-d1-ncaatournament,genius_ncaa,3,2,3,3,3,4,3,3,16,2,1,24,24,29,21,68,8,6,34,6,53,3,3,28,27,21,66,66,37,8,27,5,20,5,17,4,31,62,17,10,3,16,7,14,,,64,23,,57,7,3,45,7,21,14,28,4,3,65,68,27,29,29,28,42,32,29,28,15,16,20,22,,18,,31,9,65,65,65,21,64,64,20,64,64,32,36,64,64,39,64,34,65,65,21,23,10,40,35,36,64,20,66,27,66,17,65,32,2,11,10,55,10,64,10,,,4,24,,5,7,66,16,6,9,5,9,12,14,16,29,27,23,26,26,9,17,22,22,17,16,13,10,24,,30,,40,b'\x11\xe8\xe1I\xcb\x87\x0b\x82\xaf\x82\x12\xdf\x17\xaeN\x1e'
11E8E149-CB87-0B82-AF82-12DF17AE4E1E,2026-ncaa-d0-natl,genius_ncaa,2,1,9,1,20,5,2,5,5,2,1,14,220,291,62,363,7,6,171,6,244,5,8,15,15,7,362,361,212,9,14,39,43,20,16,6,201,45,1,4,3,15,12,18,,,320,140,,180,2,14,67,97,5,2,9,2,2,321,357,20,18,19,4,36,32,131,55,15,2,14,24,,148,,101,3,208,166,271,35,189,284,52,129,234,34,140,314,293,282,299,234,276,338,26,39,12,199,91,329,178,43,235,14,222,16,58,22,3,9,1,25,2,136,9,,,11,128,,21,2,347,5,8,4,16,10,22,28,58,23,62,197,156,165,21,184,33,32,25,7,12,3,49,,63,,79,b'\x11\xe8\xe1I\xcb\x87\x0b\x82\xaf\x82\x12\xdf\x17\xaeN\x1e'
11E8E149-CB87-0B82-AF82-12DF17AE4E1E,2026-ncaa-d1-conf-SEC,genius_ncaa,1,1,1,1,1,1,1,1,2,1,1,2,2,2,2,2,1,1,1,1,1,1,1,2,2,2,2,2,1,1,1,1,1,1,1,2,2,2,2,2,1,1,1,1,,,2,2,,1,1,1,1,1,1,1,1,1,1,2,2,1,1,1,1,1,1,1,1,2,2,1,1,,2,,1,1,1,1,1,2,1,1,2,2,2,2,2,1,1,1,1,1,1,1,2,2,2,2,2,1,1,1,1,1,1,1,2,2,2,2,2,1,1,1,1,,,2,2,,1,1,1,1,1,1,1,1,1,1,1,2,2,1,1,1,1,1,1,1,1,2,2,1,1,,2,,1,b'\x11\xe8\xe1I\xcb\x87\x0b\x82\xaf\x82\x12\xdf\x17\xaeN\x1e'
11E8E149-CB87-0B82-AF82-12DF17AE4E1E,2026-ncaa-d1-natl,genius_ncaa,2,1,13,1,35,6,2,8,5,2,1,16,267,327,67,363,8,6,171,6,245,6,19,15,15,7,362,362,194,17,20,51,51,29,22,7,221,15,1,4,8,21,14,19,,,294,160,,152,2,24,80,100,5,2,13,2,2,333,359,21,18,19,5,48,44,149,69,15,3,20,23,,160,,99,3,165,132,213,40,149,235,62,84,190,41,133,294,268,289,278,245,226,315,30,58,16,198,83,326,128,51,189,20,165,22,35,23,5,11,2,13,2,108,6,,,15,114,,31,2,337,5,10,5,20,13,26,33,65,27,64,210,159,178,27,181,37,34,24,11,14,3,51,,57,,69,b'\x11\xe8\xe1I\xcb\x87\x0b\x82\xaf\x82\x12\xdf\x17\xaeN\x1e'
11E8E149-CB8C-0EE8-AF82-12DF17AE4E1E,2010-ncaa-d0-natl,ncaa,23,28,20,30,41,16,9,18,11,4,4,20,207,277,41,325,78,64,177,64,312,20,23,25,32,20,339,315,285,52,76,49,125,40,73,9,177,128,23,16,23,47,18,22,,,343,321,,,12,22,64,280,15,6,21,3,4,258,310,136,122,122,30,66,114,129,104,15,40,42,30,,323,,,12,254,157,245,55,200,271,60,90,154,33,83,339,336,303,334,300,283,320,35,95,36,222,55,338,258,125,240,76,258,73,171,193,15,30,26,141,48,311,125,,,41,171,,,12,322,14,33,15,86,34,73,78,137,32,67,317,302,299,125,242,149,93,98,75,25,70,267,,106,,,b'\x11\xe8\xe1I\xcb\x8c\x0e\xe8\xaf\x82\x12\xdf\x17\xaeN\x1e'
11E8E149-CB8C-0EE8-AF82-12DF17AE4E1E,2010-ncaa-d1-conf-Big 12,ncaa,2,2,1,2,3,2,1,2,2,1,1,3,8,10,4,10,6,6,11,6,12,2,1,3,4,3,12,10,12,3,5,5,7,4,6,1,6,8,3,2,1,1,3,3,,,12,11,,,2,1,1,11,3,1,2,1,1,10,10,7,7,7,2,2,3,5,5,1,7,1,3,,12,,,2,6,2,7,4,4,8,3,2,6,2,3,11,11,6,11,11,9,12,2,4,1,9,2,12,9,7,10,5,11,6,10,12,1,1,1,9,4,9,4,,,5,9,,,2,12,3,1,2,3,2,4,4,5,2,3,11,11,11,5,11,6,8,7,9,1,7,8,,6,,,b'\x11\xe8\xe1I\xcb\x8c\x0e\xe8\xaf\x82\x12\xdf\x17\xaeN\x1e'
11E8E149-CB8C-0EE8-AF82-12DF17AE4E1E,2010-ncaa-d1-natl,ncaa,25,28,22,30,43,16,9,20,11,4,4,21,214,283,40,323,86,68,175,67,314,22,25,25,32,20,339,314,284,56,79,53,128,43,77,11,178,112,23,17,24,48,20,24,,,343,323,,,12,24,63,282,16,6,23,3,4,261,310,137,124,123,32,67,118,133,109,15,40,42,31,,323,,,12,244,144,235,56,190,266,60,77,140,33,82,337,331,304,330,302,279,319,38,100,41,222,55,337,250,128,230,79,243,77,163,194,15,30,26,132,49,308,131,,,49,169,,,12,320,14,35,15,90,38,77,82,140,32,66,317,305,301,127,241,152,95,100,80,29,71,267,,104,,,b'\x11\xe8\xe1I\xcb\x8c\x0e\xe8\xaf\x82\x12\xdf\x17\xaeN\x1e'
11E8E149-CB8C-0EE8-AF82-12DF17AE4E1E,2010-ncaa-d1-ncaatournament,ncaa,17,2,17,17,20,18,17,20,7,13,15,5,37,46,25,57,20,15,53,15,24,18,19,10,16,10,60,53,33,19,13,17,8,18,8,17,23,37,11,8,8,2,15,12,,,34,11,,,8,18,10,9,6,5,17,2,7,44,55,19,7,7,9,10,21,7,6,6,20,2,11,,11,,,4,38,42,43,19,38,41,11,50,47,50,51,17,17,36,18,13,40,44,26,19,13,47,55,10,33,8,41,13,38,8,32,12,17,16,11,47,43,51,43,,,26,36,,,8,47,10,11,5,16,28,39,17,29,54,47,8,7,10,31,40,14,18,13,16,11,43,49,,29,,,b'\x11\xe8\xe1I\xcb\x8c\x0e\xe8\xaf\x82\x12\xdf\x17\xaeN\x1e'
11E8E149-CB8C-0EE8-AF82-12DF17AE4E1E,2011-ncaa-d0-natl,ncaa,5,10,2,10,2,3,3,2,15,4,4,23,94,127,79,291,9,10,48,10,248,2,3,30,30,12,308,293,200,4,8,34,107,13,20,8,169,150,3,9,12,26,18,42,,,343,280,,,6,3,123,257,10,7,15,5,8,195,249,51,84,74,20,74,26,273,104,17,12,35,59,,253,,,8,304,261,291,111,280,305,109,153,187,118,92,335,331,214,332,269,312,337,93,139,28,196,86,304,253,107,279,8,289,20,143,49,3,5,5,73,2,341,198,,,3,96,,,6,341,6,23,8,49,29,12,54,41,52,36,229,224,226,26,121,42,27,15,15,10,8,311,,50,,,b'\x11\xe8\xe1I\xcb\x8c\x0e\xe8\xaf\x82\x12\xdf\x17\xaeN\x1e'
11E8E149-CB8C-0EE8-AF82-12DF17AE4E1E,2011-ncaa-d1-conf-Big 12,ncaa,2,2,1,2,1,1,1,1,4,1,1,4,7,8,9,9,2,2,2,2,6,1,1,6,4,3,10,11,3,1,1,3,7,2,3,2,6,7,1,1,1,1,4,3,,,12,9,,,2,1,2,11,1,1,1,1,1,8,8,2,2,2,1,1,1,11,3,2,3,1,5,,10,,,2,9,7,9,5,10,9,5,4,7,3,5,12,11,10,12,10,10,12,2,5,2,5,3,11,6,7,10,1,10,3,3,3,1,1,1,3,2,11,5,,,2,4,,,2,12,2,2,2,4,2,1,5,3,1,3,10,10,10,3,7,3,3,3,2,1,2,10,,3,,,b'\x11\xe8\xe1I\xcb\x8c\x0e\xe8\xaf\x82\x12\xdf\x17\xaeN\x1e'
11E8E149-CB8C-0EE8-AF82-12DF17AE4E1E,2011-ncaa-d1-natl,ncaa,5,10,2,10,2,3,3,3,15,4,4,23,106,137,83,291,9,10,48,10,244,2,3,30,30,12,309,293,200,4,8,39,108,13,21,8,171,134,3,9,15,28,21,43,,,343,280,,,7,4,125,260,10,7,15,5,8,196,247,53,84,76,20,74,29,273,106,19,12,39,59,,254,,,8,297,245,285,115,261,299,112,142,172,121,91,332,329,213,331,273,307,335,99,141,32,195,85,307,241,108,265,8,272,21,128,48,3,5,5,64,2,341,207,,,3,94,,,7,340,6,25,8,52,30,12,56,42,52,35,230,227,227,26,123,43,28,16,15,10,8,313,,49,,,b'\x11\xe8\xe1I\xcb\x8c\x0e\xe8\xaf\x82\x12\xdf\x17\xaeN\x1e'
11E8E149-CB8C-0EE8-AF82-12DF17AE4E1E,2011-ncaa-d1-ncaatournament,ncaa,1,1,1,1,1,2,1,1,13,1,1,18,2,1,26,48,2,3,15,3,35,1,2,15,13,8,42,45,30,1,21,2,27,1,18,3,29,63,14,10,2,21,2,11,,,64,37,,,1,2,43,3,15,13,24,10,17,30,42,22,29,27,24,35,26,22,22,20,14,22,11,,35,,,1,62,62,63,11,63,63,12,51,57,11,19,63,63,8,63,32,63,63,7,8,3,22,18,37,64,27,63,21,63,18,61,23,1,13,5,61,13,64,34,,,2,20,,,1,63,4,3,1,2,5,12,15,29,8,14,18,29,26,9,22,29,10,18,8,18,15,39,,25,,,b'\x11\xe8\xe1I\xcb\x8c\x0e\xe8\xaf\x82\x12\xdf\x17\xaeN\x1e'
11E8E149-CB8C-0EE8-AF82-12DF17AE4E1E,2012-ncaa-d0-natl,ncaa,34,73,11,69,17,24,17,18,37,9,4,72,271,293,147,333,57,33,254,28,268,17,21,94,115,68,335,330,219,18,26,132,211,43,73,24,174,151,28,29,51,93,28,40,,,325,287,,,45,32,194,235,64,32,64,9,5,308,324,139,96,91,58,116,48,301,168,54,47,109,51,,252,,,51,289,276,253,242,257,281,153,270,144,341,83,278,280,171,274,189,262,310,247,253,143,214,206,198,240,211,234,26,241,73,295,252,16,25,78,171,60,291,83,,,20,98,,,45,310,32,131,52,128,120,45,117,97,174,50,160,153,148,46,117,104,44,52,189,38,77,221,,80,,,b'\x11\xe8\xe1I\xcb\x8c\x0e\xe8\xaf\x82\x12\xdf\x17\xaeN\x1e'
11E8E149-CB8C-0EE8-AF82-12DF17AE4E1E,2012-ncaa-d1-conf-Big 12,ncaa,2,2,1,2,1,2,2,1,2,2,1,2,9,8,6,9,5,4,9,4,7,1,1,4,5,3,9,9,7,1,2,8,9,3,3,2,7,8,3,2,1,1,2,2,,,10,10,,,2,3,6,6,3,2,3,2,1,9,9,5,5,4,2,4,1,10,7,2,3,2,3,,8,,,2,6,4,3,7,4,6,4,7,2,10,2,6,7,7,7,7,4,8,7,8,2,6,6,7,7,9,4,2,4,3,8,10,1,1,1,6,4,2,2,,,3,6,,,2,8,2,2,2,2,2,1,3,1,5,2,6,6,6,1,4,5,2,3,6,1,5,2,,5,,,b'\x11\xe8\xe1I\xcb\x8c\x0e\xe8\xaf\x82\x12\xdf\x17\xaeN\x1e'
11E8E149-CB8C-0EE8-AF82-12DF17AE4E1E,2012-ncaa-d1-natl,ncaa,35,72,12,70,17,27,17,20,39,9,4,75,281,302,150,333,64,34,256,32,267,17,23,101,117,73,334,330,214,21,27,147,216,49,80,25,178,131,28,30,60,100,31,41,,,324,286,,,51,32,197,232,69,33,67,9,6,307,324,135,97,93,60,122,50,302,178,56,46,116,52,,252,,,54,278,260,236,248,243,266,161,263,129,341,83,272,272,172,264,194,250,305,251,256,149,214,204,200,222,216,213,27,221,80,289,251,21,27,86,151,59,287,87,,,25,92,,,51,309,36,142,57,133,128,43,120,101,176,48,166,158,152,46,118,107,45,52,195,39,76,228,,75,,,b'\x11\xe8\xe1I\xcb\x8c\x0e\xe8\xaf\x82\x12\xdf\x17\xaeN\x1e'
11E8E149-CB8C-0EE8-AF82-12DF17AE4E1E,2012-ncaa-d1-ncaatournament,ncaa,9,2,9,9,10,13,14,14,17,13,14,20,14,20,11,47,14,13,39,13,22,14,13,17,15,22,39,36,33,22,47,12,52,15,44,11,24,54,38,27,11,21,9,15,,,53,27,,,11,10,11,5,23,21,44,20,31,32,49,29,28,21,35,28,47,35,49,17,40,15,14,,34,,,13,50,50,53,15,51,54,12,37,41,30,8,52,56,24,57,27,53,54,17,14,8,18,18,40,55,52,53,47,54,44,48,17,8,10,10,56,46,37,22,,,13,28,,,11,54,28,12,13,17,15,38,30,52,15,8,36,38,35,38,56,49,32,44,16,9,45,21,,24,,,b'\x11\xe8\xe1I\xcb\x8c\x0e\xe8\xaf\x82\x12\xdf\x17\xaeN\x1e'
11E8E149-CB8C-0EE8-AF82-12DF17AE4E1E,2013-ncaa-d0-natl,ncaa,30,54,16,52,22,18,10,21,4,4,3,21,262,321,25,340,131,127,205,129,340,24,30,27,38,29,342,333,316,65,91,24,87,28,50,6,79,159,46,13,76,138,95,175,,,167,44,,,28,29,153,267,30,10,79,3,6,303,337,237,232,238,110,179,168,94,119,8,55,145,133,,46,,,28,261,305,324,119,321,338,110,104,142,75,48,61,85,66,82,15,312,315,75,50,58,10,60,37,252,87,207,91,236,50,204,61,71,162,107,101,38,183,28,,,59,192,,,28,319,28,56,28,74,167,214,244,305,41,47,26,30,31,151,148,112,40,54,92,172,46,115,,193,,,b'\x11\xe8\xe1I\xcb\x8c\x0e\xe8\xaf\x82\x12\xdf\x17\xaeN\x1e'
11E8E149-CB8C-0EE8-AF82-12DF17AE4E1E,2013-ncaa-d1-conf-SEC,ncaa,3,3,1,3,2,3,2,3,2,1,1,2,11,14,3,14,8,7,10,6,14,3,3,2,3,2,14,14,13,5,6,2,3,1,3,1,4,4,3,1,7,7,8,10,,,3,2,,,3,4,7,9,3,3,7,1,1,14,14,9,11,11,7,10,10,3,5,1,2,8,10,,2,,,3,5,10,12,3,10,14,3,7,7,7,4,3,3,2,3,2,12,11,2,2,3,2,7,2,9,3,6,6,7,3,5,3,7,9,7,2,3,5,2,,,7,8,,,3,12,3,3,3,3,7,10,9,11,5,4,2,2,2,8,4,6,3,3,3,12,2,4,,10,,,b'\x11\xe8\xe1I\xcb\x8c\x0e\xe8\xaf\x82\x12\xdf\x17\xaeN\x1e'
11E8E149-CB8C-0EE8-AF82-12DF17AE4E1E,2013-ncaa-d1-natl,ncaa,32,54,17,52,23,21,10,22,4,4,3,23,271,324,24,340,141,135,204,138,340,25,32,27,40,30,342,333,315,73,96,29,90,34,52,6,79,142,49,14,83,142,100,176,,,148,44,,,28,32,157,267,34,10,82,3,6,305,336,238,231,237,115,184,169,97,125,8,56,150,136,,45,,,28,250,300,320,130,318,337,115,94,133,81,47,56,74,71,73,15,309,311,81,51,65,10,61,36,240,90,188,96,220,52,198,62,88,169,113,93,40,180,28,,,67,186,,,28,314,28,63,29,81,176,215,251,306,42,47,25,30,32,152,147,115,40,54,98,179,45,116,,191,,,b'\x11\xe8\xe1I\xcb\x8c\x0e\xe8\xaf\x82\x12\xdf\x17\xaeN\x1e'
11E8E149-CB8C-0EE8-AF82-12DF17AE4E1E,2013-ncaa-d1-ncaatournament,ncaa,17,2,17,17,19,23,19,25,6,21,22,10,26,38,12,48,32,38,11,32,54,27,30,10,10,10,59,43,50,32,40,25,18,29,20,14,10,35,26,7,38,54,15,6,,,39,36,,,15,28,49,7,23,10,41,11,19,41,51,45,50,46,48,53,45,27,45,5,17,56,9,,21,,,9,33,37,35,26,38,36,29,39,44,28,47,36,30,58,30,19,35,35,29,28,31,37,42,26,33,18,36,40,34,20,39,34,28,35,38,30,19,35,24,,,27,34,,,15,36,11,22,10,9,13,18,16,13,36,42,19,12,12,10,7,13,11,7,20,47,15,27,,41,,,b'\x11\xe8\xe1I\xcb\x8c\x0e\xe8\xaf\x82\x12\xdf\x17\xaeN\x1e'
11E8E149-CB8C-0EE8-AF82-12DF17AE4E1E,2014-ncaa-d0-natl,ncaa,22,41,8,34,9,27,14,31,18,5,4,57,338,340,224,348,56,56,185,54,318,30,25,90,95,91,347,348,225,48,76,15,96,19,47,12,86,288,122,40,69,148,15,46,,,306,144,,,24,21,191,158,94,30,140,6,7,345,347,167,163,163,139,168,142,57,75,29,128,153,26,,133,,,28,221,248,327,27,306,346,34,43,125,5,39,199,200,135,201,42,325,328,12,15,16,18,26,185,310,96,245,76,284,47,139,50,54,138,54,153,50,308,93,,,24,124,,,24,327,86,16,30,34,51,185,164,291,11,37,84,89,86,141,155,165,40,73,39,150,58,234,,136,,,b'\x11\xe8\xe1I\xcb\x8c\x0e\xe8\xaf\x82\x12\xdf\x17\xaeN\x1e'
11E8E149-CB8C-0EE8-AF82-12DF17AE4E1E,2014-ncaa-d1-conf-SEC,ncaa,3,3,5,3,6,4,3,8,3,1,1,3,14,14,13,14,7,6,10,6,14,6,9,4,5,4,14,14,12,9,3,3,7,5,3,1,4,3,4,1,8,8,3,5,,,7,6,,,3,8,9,5,4,2,7,1,1,14,14,7,6,6,6,10,9,3,3,1,3,9,3,,7,,,3,3,6,8,2,8,10,2,1,5,1,3,6,6,2,6,3,7,7,2,2,1,2,1,7,10,7,4,3,7,3,1,1,8,10,2,2,3,2,2,,,7,4,,,3,7,3,1,3,2,5,8,8,12,1,3,4,5,5,8,9,11,4,5,1,10,3,2,,4,,,b'\x11\xe8\xe1I\xcb\x8c\x0e\xe8\xaf\x82\x12\xdf\x17\xaeN\x1e'
11E8E149-CB8C-0EE8-AF82-12DF17AE4E1E,2014-ncaa-d1-natl,ncaa,22,40,9,35,10,30,16,34,19,5,4,57,340,342,223,348,64,66,182,65,319,33,29,93,98,97,347,348,221,55,78,18,99,23,49,12,86,275,125,44,82,152,18,47,,,293,144,,,24,24,193,158,99,35,144,6,8,345,347,172,166,167,144,174,146,62,78,32,128,157,27,,134,,,29,200,234,325,28,301,345,35,41,108,5,38,188,188,137,188,40,321,324,12,16,16,17,25,185,305,99,226,78,268,49,128,53,67,147,60,140,51,304,94,,,30,124,,,24,323,92,16,32,34,52,184,168,290,11,36,86,89,86,143,153,166,41,74,41,152,58,235,,137,,,b'\x11\xe8\xe1I\xcb\x8c\x0e\xe8\xaf\x82\x12\xdf\x17\xaeN\x1e'
11E8E149-CB8C-0EE8-AF82-12DF17AE4E1E,2014-ncaa-d1-ncaatournament,ncaa,5,2,5,5,5,7,6,6,16,4,4,23,31,35,41,64,6,6,46,5,31,6,6,24,27,21,63,63,25,6,17,6,5,6,9,7,33,57,20,13,5,23,5,18,,,57,31,,,5,7,26,3,15,10,22,1,5,62,63,19,13,12,15,18,21,15,16,13,23,23,21,,29,,,10,59,58,59,24,58,59,28,55,58,18,36,60,58,54,59,27,59,58,25,24,26,33,33,37,51,5,59,17,57,9,59,40,8,35,35,52,19,64,41,,,5,18,,,5,58,16,15,11,20,21,30,24,26,25,31,32,24,27,24,20,10,26,11,29,36,21,53,,15,,,b'\x11\xe8\xe1I\xcb\x8c\x0e\xe8\xaf\x82\x12\xdf\x17\xaeN\x1e'
11E8E149-CB8C-0EE8-AF82-12DF17AE4E1E,2015-ncaa-d0-natl,ncaa,43,50,48,53,62,75,45,72,28,13,8,82,346,348,227,349,82,65,222,62,283,68,77,127,135,97,347,348,144,82,81,44,143,47,57,80,225,125,73,76,133,164,68,112,,,213,120,,,37,83,220,243,116,42,148,9,6,348,349,114,91,90,131,194,137,66,86,118,73,178,80,,116,,,38,117,158,296,19,261,319,45,13,117,1,45,170,152,234,149,50,287,276,5,7,16,16,9,195,290,143,155,81,223,57,108,83,138,203,100,94,60,112,16,,,53,82,,,37,265,87,27,35,31,69,206,175,299,7,54,106,93,93,170,140,226,60,95,54,212,55,68,,93,,,b'\x11\xe8\xe1I\xcb\x8c\x0e\xe8\xaf\x82\x12\xdf\x17\xaeN\x1e'
11E8E149-CB8C-0EE8-AF82-12DF17AE4E1E,2015-ncaa-d1-conf-SEC,ncaa,4,4,4,5,5,4,4,5,4,2,2,4,14,14,9,14,5,6,9,6,12,5,6,5,5,3,14,14,8,7,8,5,3,4,3,3,11,2,2,3,11,10,6,7,,,3,3,,,3,5,9,5,5,3,5,1,1,14,14,7,6,7,6,7,7,4,5,3,2,10,7,,3,,,3,8,10,11,6,13,11,7,2,3,1,2,4,2,11,2,3,10,10,5,5,8,1,2,5,4,3,6,8,5,3,7,7,12,11,11,1,2,5,2,,,8,8,,,3,10,3,6,3,6,11,10,13,12,2,2,4,3,3,10,5,4,5,4,8,11,2,6,,8,,,b'\x11\xe8\xe1I\xcb\x8c\x0e\xe8\xaf\x82\x12\xdf\x17\xaeN\x1e'
11E8E149-CB8C-0EE8-AF82-12DF17AE4E1E,2015-ncaa-d1-natl,ncaa,47,50,55,54,77,86,52,83,35,14,9,89,347,348,226,349,99,74,222,71,284,75,91,131,143,102,347,348,138,99,88,51,150,57,62,94,234,100,74,79,153,172,75,116,,,192,121,,,39,105,224,241,124,45,154,9,6,348,349,115,92,90,138,201,148,69,93,124,73,188,83,,119,,,39,85,132,282,21,250,316,48,10,94,1,45,152,131,236,127,53,268,253,7,7,23,15,10,192,272,150,124,88,198,62,94,84,159,214,109,78,63,98,16,,,64,79,,,39,242,94,34,37,39,74,210,185,300,9,55,108,94,94,174,136,231,61,99,57,214,55,70,,96,,,b'\x11\xe8\xe1I\xcb\x8c\x0e\xe8\xaf\x82\x12\xdf\x17\xaeN\x1e'
11E8E149-CB8C-0EE8-AF82-12DF17AE4E1E,2015-ncaa-d1-ncaatournament,ncaa,33,2,33,33,33,50,49,53,40,37,36,46,61,64,46,64,36,44,9,44,42,48,54,50,44,43,56,62,13,35,18,44,41,43,25,43,21,8,24,21,57,55,25,8,,,17,58,,,36,59,60,4,46,44,39,23,12,60,64,20,34,34,38,48,12,39,35,32,18,56,9,,39,,,38,6,8,12,39,11,14,25,20,11,57,18,11,11,15,11,38,10,3,38,35,41,38,39,28,14,41,7,18,8,25,25,62,58,55,62,9,26,2,4,,,50,44,,,36,2,31,48,48,23,27,16,26,27,38,16,28,34,34,19,3,28,24,22,56,58,20,3,,47,,,b'\x11\xe8\xe1I\xcb\x8c\x0e\xe8\xaf\x82\x12\xdf\x17\xaeN\x1e'
11E8E149-CB8C-0EE8-AF82-12DF17AE4E1E,2016-ncaa-d0-natl,ncaa,65,58,76,65,86,66,40,68,31,9,5,70,343,346,245,347,61,62,137,55,285,63,73,101,98,81,347,346,139,65,35,85,257,63,70,64,188,148,66,65,80,108,83,119,,,231,143,,,47,82,142,69,61,31,78,5,4,346,346,68,65,62,65,87,73,107,70,64,101,91,96,,186,,,44,174,216,288,79,272,312,79,82,136,42,64,133,151,91,160,68,276,282,47,37,40,49,68,126,329,257,77,35,207,70,196,166,72,128,112,82,45,177,23,,,71,128,,,47,264,65,69,49,110,159,252,227,300,57,89,99,122,128,229,272,306,42,131,157,100,62,142,,87,,,b'\x11\xe8\xe1I\xcb\x8c\x0e\xe8\xaf\x82\x12\xdf\x17\xaeN\x1e'
11E8E149-CB8C-0EE8-AF82-12DF17AE4E1E,2016-ncaa-d1-conf-SEC,ncaa,4,2,8,3,8,6,5,7,4,2,3,5,13,13,14,13,4,6,1,4,10,7,8,6,6,3,13,13,4,7,5,5,6,6,5,4,6,1,4,2,6,7,4,4,,,3,3,,,5,8,3,1,4,3,5,1,1,13,13,2,4,3,5,5,6,4,3,3,3,5,3,,4,,,5,5,7,10,6,10,8,7,6,8,4,7,2,2,6,2,2,8,7,6,5,6,3,5,3,10,6,3,5,4,5,6,7,11,9,9,1,5,8,3,,,11,10,,,5,7,3,6,4,10,10,13,12,12,7,8,3,2,2,13,13,12,6,7,7,7,5,9,,11,,,b'\x11\xe8\xe1I\xcb\x8c\x0e\xe8\xaf\x82\x12\xdf\x17\xaeN\x1e'
11E8E149-CB8C-0EE8-AF82-12DF17AE4E1E,2016-ncaa-d1-natl,ncaa,73,58,99,67,106,81,49,80,30,9,6,74,344,347,252,347,72,75,138,71,281,74,89,107,102,88,347,346,133,76,37,109,266,78,75,76,194,118,69,68,99,114,95,127,,,209,146,,,56,104,145,67,67,32,80,5,4,346,346,68,65,60,65,93,75,113,78,66,100,94,102,,188,,,51,148,202,266,87,259,304,89,70,112,46,61,120,135,92,144,73,249,269,54,42,48,44,66,125,322,266,51,37,176,75,179,165,99,136,121,65,47,164,25,,,89,129,,,56,239,70,79,55,119,168,256,235,303,60,86,103,124,132,234,270,311,43,137,163,106,63,149,,85,,,b'\x11\xe8\xe1I\xcb\x8c\x0e\xe8\xaf\x82\x12\xdf\x17\xaeN\x1e'
11E8E149-CB8C-0EE8-AF82-12DF17AE4E1E,2016-ncaa-d1-ncaatournament,ncaa,17,2,17,17,17,26,19,21,20,18,17,30,38,49,27,62,34,34,28,34,53,23,19,29,30,33,63,58,49,17,12,17,38,17,15,26,48,51,53,51,44,63,15,15,,,42,31,,,30,20,14,1,30,15,26,5,4,52,63,46,47,45,34,15,17,6,3,33,56,59,6,,44,,,28,43,42,47,14,42,47,13,41,44,25,33,43,41,34,42,30,47,47,13,14,16,38,33,39,48,38,36,12,44,15,32,14,25,42,22,54,53,21,10,,,27,46,,,30,45,30,25,28,33,28,56,30,52,31,42,38,32,39,58,54,57,17,36,15,39,54,13,,41,,,b'\x11\xe8\xe1I\xcb\x8c\x0e\xe8\xaf\x82\x12\xdf\x17\xaeN\x1e'
11E8E149-CB8C-0EE8-AF82-12DF17AE4E1E,2017-ncaa-d0-natl,ncaa,57,97,24,88,27,50,51,64,51,24,15,122,270,331,15,345,15,41,18,38,225,55,64,93,67,60,315,333,51,38,20,98,85,60,25,31,61,150,64,40,154,189,184,246,,,184,115,,,81,84,303,142,86,83,195,28,25,321,345,29,87,86,175,237,74,232,145,44,53,220,226,,67,,,88,284,317,293,275,331,312,250,167,150,206,82,61,47,271,50,16,275,250,237,207,250,21,92,28,135,85,65,20,73,25,310,200,192,238,284,94,53,307,156,,,50,77,,,81,274,36,219,82,129,231,149,277,245,81,57,29,17,19,76,38,46,13,13,227,280,44,265,,111,,,b'\x11\xe8\xe1I\xcb\x8c\x0e\xe8\xaf\x82\x12\xdf\x17\xaeN\x1e'
11E8E149-CB8C-0EE8-AF82-12DF17AE4E1E,2017-ncaa-d1-conf-SEC,ncaa,4,6,3,6,4,4,3,4,3,5,3,8,9,13,1,13,7,9,2,8,13,6,5,3,3,5,9,8,7,6,3,6,3,6,4,1,2,6,6,3,10,9,11,12,,,3,4,,,6,6,13,8,7,6,9,7,4,10,13,8,11,10,13,13,9,8,9,1,6,11,11,,3,,,6,11,14,12,9,14,10,11,6,9,7,6,1,1,12,1,1,9,9,8,8,10,2,5,1,4,3,3,3,3,4,14,8,11,11,13,7,6,9,7,,,8,10,,,6,9,5,11,6,6,12,8,12,11,5,6,1,1,1,5,2,3,3,2,9,11,5,9,,12,,,b'\x11\xe8\xe1I\xcb\x8c\x0e\xe8\xaf\x82\x12\xdf\x17\xaeN\x1e'
11E8E149-CB8C-0EE8-AF82-12DF17AE4E1E,2017-ncaa-d1-natl,ncaa,69,97,27,92,33,58,58,80,54,27,16,127,281,335,15,345,20,44,18,42,232,72,85,99,71,61,314,334,51,46,22,118,89,73,28,33,62,128,65,42,179,199,198,248,,,159,122,,,95,106,307,143,95,93,204,33,26,320,345,28,89,88,184,248,83,242,154,46,54,228,229,,72,,,96,269,311,284,285,329,308,260,152,123,215,77,49,35,275,39,15,253,225,257,219,263,20,88,25,110,89,41,22,45,28,299,204,217,247,291,73,55,301,169,,,60,76,,,95,253,39,231,88,138,242,153,286,249,88,52,31,18,21,77,37,48,13,15,238,283,45,268,,113,,,b'\x11\xe8\xe1I\xcb\x8c\x0e\xe8\xaf\x82\x12\xdf\x17\xaeN\x1e'
11E8E149-CB8C-0EE8-AF82-12DF17AE4E1E,2017-ncaa-d1-ncaatournament,ncaa,17,2,17,17,18,31,31,20,57,27,17,54,47,37,55,55,22,23,33,23,34,21,26,59,55,52,50,56,10,11,3,32,16,19,13,31,46,32,16,39,21,16,40,47,,,33,34,,,55,32,62,6,55,57,28,39,11,60,53,21,19,19,25,35,3,48,16,53,13,26,47,,12,,,48,39,41,35,51,36,33,57,49,46,40,61,16,17,27,17,16,33,33,55,52,52,40,57,3,25,16,43,3,37,13,53,58,29,34,57,28,24,48,37,,,29,49,,,55,33,43,46,51,23,34,7,19,5,53,47,3,3,4,3,1,6,31,15,49,50,22,40,,49,,,b'\x11\xe8\xe1I\xcb\x8c\x0e\xe8\xaf\x82\x12\xdf\x17\xaeN\x1e'
11E8E149-CB8C-0EE8-AF82-12DF17AE4E1E,2018-ncaa-d0-natl,ncaa,22,57,9,49,9,11,11,18,23,7,4,52,191,276,43,340,1,6,10,6,186,15,14,54,34,27,312,326,57,8,11,19,74,5,14,55,314,152,32,67,136,244,76,189,,,252,59,,,42,17,134,168,24,20,60,7,11,270,331,4,23,26,45,80,34,72,30,128,47,237,150,,71,,,50,342,348,345,223,343,341,209,337,333,249,231,118,115,182,125,20,343,333,229,182,262,96,243,13,282,74,175,11,228,14,349,280,191,315,334,58,12,276,51,,,13,153,,,42,334,16,240,46,240,299,311,281,278,275,258,26,29,29,267,182,127,23,32,315,308,16,177,,110,,,b'\x11\xe8\xe1I\xcb\x8c\x0e\xe8\xaf\x82\x12\xdf\x17\xaeN\x1e'
11E8E149-CB8C-0EE8-AF82-12DF17AE4E1E,2018-ncaa-d1-conf-SEC,ncaa,3,4,1,4,1,2,2,3,3,1,1,5,9,12,6,14,1,2,1,3,6,1,1,5,4,2,12,13,2,1,1,1,4,1,1,6,13,5,4,7,8,8,7,10,,,9,6,,,3,1,6,5,2,2,6,1,2,10,13,1,3,3,4,3,2,2,1,8,5,8,7,,5,,,3,12,12,14,5,12,13,6,12,14,6,12,3,4,2,4,5,14,14,6,6,8,7,13,2,9,4,3,1,4,1,11,10,10,11,12,3,2,12,6,,,4,8,,,3,14,2,8,2,8,11,11,11,9,11,14,3,3,3,11,10,6,3,2,10,11,3,10,,7,,,b'\x11\xe8\xe1I\xcb\x8c\x0e\xe8\xaf\x82\x12\xdf\x17\xaeN\x1e'
11E8E149-CB8C-0EE8-AF82-12DF17AE4E1E,2018-ncaa-d1-natl,ncaa,24,57,9,53,11,15,12,19,24,7,4,58,211,296,44,340,1,7,8,7,181,16,16,54,35,27,312,326,54,13,11,20,80,7,15,64,317,127,33,71,158,248,90,195,,,229,59,,,51,18,139,170,25,22,64,8,12,275,331,5,24,28,47,85,40,76,34,135,48,242,154,,74,,,58,337,346,343,238,341,336,219,333,328,260,224,102,88,187,100,20,342,332,244,189,274,89,241,12,273,80,141,11,202,15,347,279,219,320,336,45,13,267,57,,,17,156,,,51,333,17,256,55,251,302,312,285,280,276,258,27,28,29,268,184,128,23,33,318,313,16,186,,107,,,b'\x11\xe8\xe1I\xcb\x8c\x0e\xe8\xaf\x82\x12\xdf\x17\xaeN\x1e'
11E8E149-CB8C-0EE8-AF82-12DF17AE4E1E,2018-ncaa-d1-ncaatournament,ncaa,9,2,9,9,9,9,10,9,16,10,9,32,15,18,3,53,10,9,41,9,41,10,10,17,24,13,42,37,39,8,12,15,27,13,23,14,49,47,8,18,12,22,17,37,,,33,1,,,18,11,22,7,5,10,5,14,4,24,48,21,17,17,4,9,7,32,23,27,12,20,38,,1,,,19,56,57,55,48,56,52,50,61,55,44,60,14,14,35,10,1,53,51,53,46,47,29,54,1,52,27,56,12,53,23,63,63,14,41,58,38,6,42,16,,,10,31,,,18,52,5,44,22,44,55,55,49,30,54,56,1,1,1,33,24,17,29,26,62,44,6,22,,19,,,b'\x11\xe8\xe1I\xcb\x8c\x0e\xe8\xaf\x82\x12\xdf\x17\xaeN\x1e'
11E8E149-CB8C-0EE8-AF82-12DF17AE4E1E,2019-ncaa-d0-natl,ncaa,18,34,26,33,36,44,48,69,40,20,12,105,287,326,73,344,5,7,156,6,97,48,46,101,81,73,317,341,27,54,68,22,64,23,28,119,296,206,88,140,244,295,85,158,,,155,55,,,37,47,191,226,83,84,192,20,24,329,344,14,10,10,117,161,112,37,39,184,101,291,131,,54,,,42,225,266,327,44,265,334,48,214,279,71,186,64,50,212,47,13,311,303,41,27,62,92,206,42,267,64,192,68,228,28,214,127,183,271,210,186,85,176,45,,,11,30,,,37,304,62,57,43,67,124,275,138,276,123,191,25,23,24,199,138,136,54,67,111,272,90,117,,26,,,b'\x11\xe8\xe1I\xcb\x8c\x0e\xe8\xaf\x82\x12\xdf\x17\xaeN\x1e'
11E8E149-CB8C-0EE8-AF82-12DF17AE4E1E,2019-ncaa-d1-conf-SEC,ncaa,2,3,4,3,4,6,8,9,7,5,4,5,13,12,12,11,2,1,12,1,2,6,4,8,7,8,10,13,1,5,6,1,1,3,3,9,11,6,7,9,12,13,5,5,,,1,1,,,4,4,9,4,7,8,9,5,6,13,12,2,1,1,8,6,6,1,2,10,6,12,6,,1,,,4,3,6,12,2,3,9,2,12,14,5,13,1,1,7,1,1,11,10,2,2,1,10,13,2,10,1,9,6,11,3,10,11,9,12,10,8,8,7,5,,,2,4,,,4,11,7,1,4,3,6,13,3,8,13,14,1,1,1,10,9,9,9,8,8,11,9,6,,3,,,b'\x11\xe8\xe1I\xcb\x8c\x0e\xe8\xaf\x82\x12\xdf\x17\xaeN\x1e'
11E8E149-CB8C-0EE8-AF82-12DF17AE4E1E,2019-ncaa-d1-natl,ncaa,26,34,40,36,54,62,64,94,45,22,19,118,304,334,74,344,7,10,158,9,97,61,59,106,85,75,315,340,26,79,78,26,65,33,29,141,300,172,95,151,268,304,96,164,,,129,57,,,51,63,203,223,87,92,204,24,28,331,344,15,10,10,131,168,122,38,42,199,104,297,134,,53,,,51,191,244,321,50,244,322,54,201,263,79,181,54,42,226,40,14,299,284,46,34,66,90,202,45,238,65,159,78,184,29,196,130,222,279,221,156,89,166,51,,,18,27,,,51,287,73,70,53,82,140,279,152,280,125,187,25,22,24,199,137,139,56,69,122,272,93,124,,24,,,b'\x11\xe8\xe1I\xcb\x8c\x0e\xe8\xaf\x82\x12\xdf\x17\xaeN\x1e'
11E8E149-CB8C-0EE8-AF82-12DF17AE4E1E,2019-ncaa-d1-ncaatournament,ncaa,9,2,9,9,10,9,9,10,14,9,10,31,6,15,2,53,9,10,39,9,23,10,10,11,12,7,32,35,26,12,31,13,33,14,27,10,48,43,11,15,28,58,14,34,,,49,15,,,9,11,28,7,6,11,18,16,11,14,47,13,11,11,15,24,24,23,26,27,12,59,28,,16,,,10,56,56,56,27,56,55,32,54,52,26,33,44,39,49,39,11,55,53,27,25,37,22,30,15,53,33,55,31,54,27,59,39,16,52,52,43,19,36,15,,,11,10,,,9,54,7,41,13,39,46,57,44,49,34,40,14,11,9,50,36,42,32,32,46,50,17,18,,10,,,b'\x11\xe8\xe1I\xcb\x8c\x0e\xe8\xaf\x82\x12\xdf\x17\xaeN\x1e'
11E8E149-CB8C-0EE8-AF82-12DF17AE4E1E,2020-ncaa-d0-natl,ncaa,39,42,87,46,184,78,39,100,32,10,9,82,321,344,54,346,127,127,164,130,312,97,163,86,89,63,343,340,210,63,35,57,48,40,24,46,132,46,38,31,171,155,170,172,,,21,21,,,26,206,255,328,69,32,104,6,8,331,343,133,144,145,97,189,64,55,30,44,33,183,182,,14,,,29,60,141,208,79,143,187,104,160,216,72,253,6,7,149,7,5,130,121,80,50,57,81,240,8,91,48,55,35,55,24,161,186,198,171,181,24,26,203,63,,,191,203,,,26,140,37,51,29,43,113,179,118,164,148,202,5,4,4,84,66,77,42,35,141,219,25,191,,208,,,b'\x11\xe8\xe1I\xcb\x8c\x0e\xe8\xaf\x82\x12\xdf\x17\xaeN\x1e'
11E8E149-CB8C-0EE8-AF82-12DF17AE4E1E,2020-ncaa-d1-conf-SEC,ncaa,6,3,10,6,13,9,6,10,5,5,5,8,11,13,2,12,7,8,8,8,9,10,13,8,8,6,11,11,4,7,4,6,3,4,3,5,2,3,5,4,9,8,10,8,,,1,3,,,4,13,13,12,7,5,8,5,4,11,13,6,5,5,7,11,5,3,3,3,5,8,9,,2,,,3,1,1,3,3,1,1,4,9,11,1,14,1,1,8,1,2,1,1,3,3,3,12,13,1,3,3,2,4,1,3,7,12,9,7,8,3,3,4,2,,,9,5,,,4,1,5,3,3,2,4,6,2,2,11,14,1,1,1,5,2,6,4,5,9,9,3,4,,8,,,b'\x11\xe8\xe1I\xcb\x8c\x0e\xe8\xaf\x82\x12\xdf\x17\xaeN\x1e'
11E8E149-CB8C-0EE8-AF82-12DF17AE4E1E,2020-ncaa-d1-natl,ncaa,47,42,128,48,250,95,49,134,34,13,11,89,327,344,57,347,151,155,168,155,313,133,212,92,92,67,343,341,205,80,39,85,50,56,26,54,134,36,40,33,200,167,186,174,,,16,19,,,35,263,257,328,77,36,113,6,9,332,345,135,148,148,108,194,66,57,33,47,35,199,180,,14,,,34,46,115,171,85,128,164,113,141,197,74,253,6,7,153,7,5,98,71,81,52,64,76,240,8,78,50,39,39,40,26,146,189,222,183,195,21,27,192,67,,,222,200,,,35,84,39,58,36,50,122,184,124,163,150,200,6,4,4,89,65,82,42,38,145,227,26,191,,208,,,b'\x11\xe8\xe1I\xcb\x8c\x0e\xe8\xaf\x82\x12\xdf\x17\xaeN\x1e'
11E8E149-CB8C-0EE8-AF82-12DF17AE4E1E,2021-ncaa-d0-natl,ncaa,7,9,14,7,16,16,15,28,12,8,10,41,165,234,11,330,9,7,98,8,152,22,22,28,24,25,313,327,94,72,170,15,44,20,42,42,271,290,85,102,64,174,43,89,,,249,41,,,12,19,109,103,26,27,148,9,25,273,332,22,36,36,99,133,231,47,95,119,96,170,104,,48,,,21,291,298,322,77,261,304,59,333,328,260,289,154,160,152,161,38,316,322,117,80,79,261,318,26,263,44,278,170,280,42,285,138,29,125,109,257,92,177,30,,,6,34,,,12,324,27,66,23,109,138,214,72,137,284,271,20,25,27,160,186,86,61,54,127,118,102,59,,29,,,b'\x11\xe8\xe1I\xcb\x8c\x0e\xe8\xaf\x82\x12\xdf\x17\xaeN\x1e'
11E8E149-CB8C-0EE8-AF82-12DF17AE4E1E,2021-ncaa-d1-conf-SEC,ncaa,2,1,5,2,7,6,5,10,2,3,5,3,9,12,1,12,4,5,6,5,4,10,9,4,4,4,9,9,5,10,10,4,2,6,3,7,8,6,8,6,8,8,5,5,,,3,2,,,2,10,11,5,6,4,14,3,7,8,13,3,5,5,13,10,12,3,5,7,5,9,6,,1,,,2,3,4,8,3,3,4,3,12,14,7,14,2,2,6,2,2,4,5,4,3,3,12,14,1,3,2,5,10,5,3,7,11,6,4,4,5,5,4,3,,,3,1,,,2,5,7,2,2,2,2,5,1,1,12,12,1,1,1,2,1,1,4,3,6,6,5,3,,2,,,b'\x11\xe8\xe1I\xcb\x8c\x0e\xe8\xaf\x82\x12\xdf\x17\xaeN\x1e'
11E8E149-CB8C-0EE8-AF82-12DF17AE4E1E,2021-ncaa-d1-natl,ncaa,9,9,18,8,21,17,15,31,12,9,11,43,171,243,12,331,10,9,93,10,151,26,26,31,24,25,313,326,92,81,176,17,47,27,50,47,271,278,86,102,70,178,45,91,,,238,42,,,15,24,113,103,29,30,154,10,27,275,332,23,39,39,103,141,238,51,102,123,98,179,108,,50,,,24,291,296,317,87,255,299,63,331,323,265,285,148,151,154,152,37,311,318,123,89,87,258,319,24,258,47,265,176,271,50,280,139,34,128,113,250,92,171,33,,,9,33,,,15,319,29,73,25,115,145,216,77,138,285,271,20,24,27,163,184,89,60,55,134,124,103,63,,30,,,b'\x11\xe8\xe1I\xcb\x8c\x0e\xe8\xaf\x82\x12\xdf\x17\xaeN\x1e'
11E8E149-CB8C-0EE8-AF82-12DF17AE4E1E,2021-ncaa-d1-ncaatournament,ncaa,9,2,9,9,9,13,10,9,17,8,8,21,26,25,47,62,12,12,25,12,46,9,9,25,23,19,59,59,33,15,37,11,32,11,37,13,52,50,10,19,21,50,10,15,,,53,13,,,36,9,7,3,9,6,4,4,2,54,57,19,25,27,5,8,30,14,16,26,22,44,19,,24,,,26,57,57,55,35,51,52,30,62,61,50,57,55,55,23,55,34,55,56,42,41,33,57,60,18,54,32,56,37,56,37,58,43,8,25,34,53,20,41,5,,,10,28,,,36,56,23,34,25,45,47,56,25,27,61,61,31,29,28,54,57,36,47,49,49,12,25,12,,16,,,b'\x11\xe8\xe1I\xcb\x8c\x0e\xe8\xaf\x82\x12\xdf\x17\xaeN\x1e'
11E8E149-CB8C-0EE8-AF82-12DF17AE4E1E,2022-ncaa-d0-natl,ncaa,174,180,163,185,165,112,125,129,123,126,85,249,126,240,8,273,96,100,135,103,186,117,128,128,120,111,156,172,134,115,136,118,281,108,176,116,154,137,96,109,304,335,78,114,,,282,239,,,143,138,116,10,74,83,69,96,52,116,239,77,84,91,58,76,107,83,66,105,141,317,68,,290,,,139,238,207,258,100,216,275,69,172,164,214,81,292,306,69,304,230,272,243,98,110,166,183,128,274,331,281,199,136,269,176,196,169,230,295,241,75,63,344,326,,,117,121,,,143,219,95,212,139,250,221,308,230,326,172,151,290,309,308,329,310,329,225,294,200,244,80,351,,81,,,b'\x11\xe8\xe1I\xcb\x8c\x0e\xe8\xaf\x82\x12\xdf\x17\xaeN\x1e'
11E8E149-CB8C-0EE8-AF82-12DF17AE4E1E,2022-ncaa-d1-conf-SEC,ncaa,13,12,9,13,9,12,13,10,12,12,10,13,7,8,8,8,10,10,5,10,8,11,10,12,11,12,5,6,6,11,8,11,11,10,10,8,5,7,8,8,14,14,8,8,,,10,11,,,13,10,11,1,12,11,7,10,7,7,7,8,9,9,9,5,9,8,9,6,9,14,8,,12,,,13,12,9,8,9,5,6,8,13,10,12,10,10,11,5,11,12,8,8,9,9,11,13,11,9,12,11,9,8,11,10,11,13,11,11,14,3,6,13,12,,,10,8,,,13,5,12,12,13,14,11,13,8,9,13,12,12,12,12,13,13,14,12,13,13,11,5,13,,7,,,b'\x11\xe8\xe1I\xcb\x8c\x0e\xe8\xaf\x82\x12\xdf\x17\xaeN\x1e'
11E8E149-CB8C-0EE8-AF82-12DF17AE4E1E,2022-ncaa-d1-natl,ncaa,199,180,213,200,215,137,155,158,138,158,99,265,146,256,8,270,114,123,136,124,183,154,170,137,127,118,147,170,124,140,148,149,286,147,191,147,157,104,103,121,324,339,86,119,,,264,242,,,168,186,124,7,81,92,80,109,56,119,243,81,86,92,67,81,113,88,72,118,144,321,70,,289,,,164,205,184,225,112,194,268,79,151,132,228,77,276,298,74,294,235,256,208,110,123,182,184,130,275,324,286,171,148,243,191,184,171,267,303,258,63,64,343,331,,,135,108,,,168,173,107,235,164,263,236,313,242,329,175,150,298,310,308,333,310,333,233,299,214,253,81,351,,79,,,b'\x11\xe8\xe1I\xcb\x8c\x0e\xe8\xaf\x82\x12\xdf\x17\xaeN\x1e'
11E8E149-CB8C-0EE8-AF82-12DF17AE4E1E,2023-ncaa-d0-natl,ncaa,281,284,236,288,279,306,288,308,244,257,249,240,273,271,253,211,301,267,337,271,223,302,275,247,263,296,251,213,226,231,190,266,261,260,235,241,130,274,326,280,263,252,136,130,,,233,317,,,288,286,240,291,312,286,309,251,217,264,261,304,238,245,308,240,194,248,247,227,310,245,116,,289,,,288,87,72,79,185,155,176,158,29,34,129,30,247,259,96,261,264,99,91,137,154,179,77,30,297,189,261,93,190,116,235,99,157,249,201,193,257,309,131,180,,,197,78,,,288,74,305,205,291,155,139,108,220,263,36,39,273,287,289,160,132,248,162,204,146,210,291,163,,134,,,b'\x11\xe8\xe1I\xcb\x8c\x0e\xe8\xaf\x82\x12\xdf\x17\xaeN\x1e'
11E8E149-CB8C-0EE8-AF82-12DF17AE4E1E,2023-ncaa-d1-conf-SEC,ncaa,12,13,1,12,3,12,10,9,12,9,9,10,9,5,11,5,11,11,12,11,9,10,6,12,12,13,7,7,10,10,11,6,8,6,8,6,2,14,14,13,8,11,10,10,,,13,14,,,12,6,11,9,14,14,13,10,11,9,6,14,12,13,13,13,12,9,10,8,14,12,10,,11,,,12,12,10,8,10,10,8,10,6,7,8,7,14,14,6,14,13,10,11,10,10,12,10,4,13,10,8,10,11,10,8,9,5,7,10,8,14,14,4,9,,,7,9,,,12,9,13,12,12,9,8,3,8,4,4,5,12,12,12,4,3,6,9,9,5,10,14,2,,10,,,b'\x11\xe8\xe1I\xcb\x8c\x0e\xe8\xaf\x82\x12\xdf\x17\xaeN\x1e'
11E8E149-CB8C-0EE8-AF82-12DF17AE4E1E,2023-ncaa-d1-natl,ncaa,299,284,310,299,336,332,320,344,255,290,279,252,289,292,260,214,324,289,338,296,224,337,325,257,277,307,252,218,217,261,196,303,270,305,250,277,136,250,330,293,293,262,152,133,,,207,321,,,299,327,243,291,324,298,313,260,223,266,265,306,243,250,313,257,208,261,258,244,313,261,120,,294,,,301,61,56,42,200,124,132,172,23,22,138,30,229,243,101,247,268,51,41,158,175,198,74,31,299,164,270,67,196,82,250,83,161,287,211,207,236,316,121,192,,,231,74,,,299,30,316,231,303,172,153,110,237,267,38,38,278,291,292,168,133,253,166,210,157,219,295,168,,135,,,b'\x11\xe8\xe1I\xcb\x8c\x0e\xe8\xaf\x82\x12\xdf\x17\xaeN\x1e'
11E8E149-CB8C-0EE8-AF82-12DF17AE4E1E,2024-ncaa-d0-natl,ncaa,106,111,94,116,126,101,74,47,146,45,34,137,210,163,289,245,211,186,285,186,317,59,75,194,216,168,322,273,303,18,28,54,23,29,21,68,105,114,50,57,83,73,58,60,,,217,190,,,49,105,144,263,111,60,26,33,34,236,190,252,221,225,38,63,18,45,15,58,92,93,56,,165,,,49,94,80,190,28,106,247,15,63,91,87,63,244,245,226,240,182,192,208,19,35,33,177,81,306,79,23,243,28,166,21,156,263,126,131,127,54,24,220,95,,,155,269,,,49,239,115,22,54,41,32,112,63,203,46,54,216,208,198,107,119,43,195,111,120,152,38,193,,190,,,b'\x11\xe8\xe1I\xcb\x8c\x0e\xe8\xaf\x82\x12\xdf\x17\xaeN\x1e'
11E8E149-CB8C-0EE8-AF82-12DF17AE4E1E,2024-ncaa-d1-conf-SEC,ncaa,9,9,5,9,7,11,7,6,9,8,8,8,10,7,13,7,13,13,12,13,14,8,8,10,12,12,12,8,14,5,6,7,1,5,5,5,4,9,9,5,6,5,9,8,,,11,11,,,9,8,12,5,13,8,8,8,9,10,7,14,13,13,11,11,4,9,7,5,7,6,8,,11,,,9,5,5,3,6,6,6,5,3,3,10,4,12,12,13,12,11,5,4,6,9,7,9,5,12,1,1,9,6,6,5,10,12,7,6,7,2,3,4,4,,,11,12,,,9,7,11,6,9,5,4,2,5,5,3,3,12,12,12,2,1,1,10,4,8,8,3,6,,11,,,b'\x11\xe8\xe1I\xcb\x8c\x0e\xe8\xaf\x82\x12\xdf\x17\xaeN\x1e'
11E8E149-CB8C-0EE8-AF82-12DF17AE4E1E,2024-ncaa-d1-natl,ncaa,123,112,130,125,175,126,98,55,166,54,40,146,227,190,299,244,238,215,286,216,319,78,98,209,228,181,325,275,303,24,34,81,29,38,25,82,110,86,57,64,102,84,64,65,,,183,200,,,56,140,149,264,119,66,28,36,39,244,195,256,227,229,44,71,21,50,16,63,91,105,59,,168,,,55,64,48,149,36,78,223,19,49,66,100,63,228,224,231,217,184,157,163,28,43,44,176,80,307,54,29,209,34,131,25,132,273,162,144,148,40,25,209,109,,,182,264,,,56,196,124,32,63,52,41,114,71,209,48,55,220,215,204,114,117,47,201,120,125,167,37,204,,191,,,b'\x11\xe8\xe1I\xcb\x8c\x0e\xe8\xaf\x82\x12\xdf\x17\xaeN\x1e'
11E8E149-CB8C-0EE8-AF82-12DF17AE4E1E,2024-ncaa-d1-ncaatournament,ncaa,37,3,37,37,38,51,52,53,49,51,61,39,41,42,44,8,55,59,2,59,55,58,48,48,47,49,25,17,46,46,20,38,6,39,8,55,48,21,51,56,45,28,49,37,,,25,66,,,27,53,53,5,47,47,33,46,51,23,13,52,57,57,48,30,26,22,20,50,48,32,44,,59,,,30,3,2,4,9,2,2,17,7,19,16,55,28,21,63,18,58,4,2,12,34,36,62,44,63,5,6,6,20,4,8,7,58,58,36,33,10,23,1,1,,,47,39,,,27,4,47,23,37,9,3,5,3,3,25,38,59,52,46,5,2,8,15,6,21,48,20,1,,35,,,b'\x11\xe8\xe1I\xcb\x8c\x0e\xe8\xaf\x82\x12\xdf\x17\xaeN\x1e'
11E8E149-CB8C-0EE8-AF82-12DF17AE4E1E,2025-ncaa-d0-natl,genius_ncaa,265,249,248,267,290,251,234,248,204,159,164,169,332,309,347,305,205,176,273,175,177,235,218,258,258,272,335,331,107,120,54,190,233,162,101,204,148,257,275,244,335,339,58,44,,,128,176,,171,285,255,163,269,240,204,206,99,98,331,301,155,116,120,184,113,69,105,68,181,298,332,28,,189,,213,285,179,174,200,149,182,206,154,180,200,149,200,182,142,338,143,146,197,129,141,165,260,184,178,197,229,233,45,54,114,101,184,189,329,339,325,238,264,209,202,,,119,43,,183,285,106,249,280,280,269,267,314,257,287,233,256,241,193,199,312,234,286,108,183,248,326,289,263,,37,,169,b'\x11\xe8\xe1I\xcb\x8c\x0e\xe8\xaf\x82\x12\xdf\x17\xaeN\x1e'
11E8E149-CB8C-0EE8-AF82-12DF17AE4E1E,2025-ncaa-d1-conf-SEC,genius_ncaa,13,13,11,13,13,16,16,14,16,14,12,16,14,12,16,9,15,13,16,13,9,15,13,16,16,16,11,10,7,10,8,12,13,11,12,13,5,14,16,15,16,15,8,7,,,5,7,,7,15,15,14,7,16,16,14,14,11,14,11,15,11,11,15,11,8,10,10,13,15,16,7,,5,,10,15,7,7,5,7,2,4,8,10,11,9,14,8,6,15,6,11,5,3,7,7,13,13,11,10,9,13,5,8,6,12,9,13,16,14,15,12,16,6,12,,,8,2,,10,15,2,16,14,15,11,10,9,8,5,11,13,14,8,8,10,6,13,11,11,12,16,14,10,,5,,10,b'\x11\xe8\xe1I\xcb\x8c\x0e\xe8\xaf\x82\x12\xdf\x17\xaeN\x1e'
11E8E149-CB8C-0EE8-AF82-12DF17AE4E1E,2025-ncaa-d1-natl,genius_ncaa,279,249,304,273,333,296,273,301,212,193,195,182,337,324,347,304,225,197,271,194,175,284,274,269,271,285,333,332,101,150,65,230,242,204,117,237,157,220,285,257,345,342,63,45,,,101,182,,157,299,306,170,269,255,219,230,108,104,333,308,157,121,123,197,127,80,114,78,194,302,337,30,,191,,221,302,151,152,165,165,162,170,165,163,177,162,193,168,123,340,125,146,159,77,160,180,275,179,176,196,209,242,31,65,80,117,170,196,345,343,331,217,272,200,220,,,138,39,,189,299,56,264,299,297,285,274,315,268,292,237,258,246,199,202,313,231,288,113,190,259,329,294,269,,37,,166,b'\x11\xe8\xe1I\xcb\x8c\x0e\xe8\xaf\x82\x12\xdf\x17\xaeN\x1e'
11E8E149-CB8C-0EE8-AF82-12DF17AE4E1E,2026-ncaa-d0-natl,genius_ncaa,87,13,279,35,291,226,229,256,168,205,226,178,266,279,212,268,134,101,302,99,39,233,274,191,194,125,197,269,57,150,66,260,13,218,49,204,136,16,24,57,114,25,216,137,,,56,190,,59,74,298,103,97,76,110,57,84,60,204,189,28,10,7,24,59,28,99,45,98,48,29,158,,158,,114,52,19,20,34,103,22,45,74,69,48,246,175,61,65,117,55,192,33,48,129,129,69,256,249,213,6,13,69,66,33,49,39,201,203,49,66,44,86,197,233,,,209,80,,324,74,66,93,50,55,70,58,52,53,87,156,105,140,151,134,53,109,14,222,99,103,62,110,301,,41,,301,b'\x11\xe8\xe1I\xcb\x8c\x0e\xe8\xaf\x82\x12\xdf\x17\xaeN\x1e'
11E8E149-CB8C-0EE8-AF82-12DF17AE4E1E,2026-ncaa-d1-natl,genius_ncaa,110,13,345,38,350,304,305,333,198,287,298,205,308,317,227,271,174,138,305,138,34,312,345,221,223,150,178,269,51,215,87,325,19,307,62,278,145,5,29,68,169,34,265,152,,,19,212,,40,110,351,114,100,103,141,76,109,72,219,206,27,9,7,32,75,38,116,54,122,53,41,167,,171,,115,80,6,4,7,137,7,8,94,37,16,278,173,38,36,127,30,192,7,6,164,163,107,260,247,203,3,19,25,87,6,62,21,205,284,66,92,23,88,173,261,,,271,68,,337,110,13,115,70,84,94,76,61,74,90,175,113,151,154,139,64,106,15,237,118,126,86,113,314,,39,,298,b'\x11\xe8\xe1I\xcb\x8c\x0e\xe8\xaf\x82\x12\xdf\x17\xaeN\x1e'
11E8E149-CB91-60DC-AF82-12DF17AE4E1E,2010-ncaa-d0-natl,ncaa,197,224,122,217,138,218,208,204,202,95,45,250,342,343,308,345,83,25,332,28,91,154,100,289,288,291,334,344,23,110,135,79,284,80,183,181,128,324,290,269,170,226,105,156,,,178,81,,,252,111,81,122,252,244,247,83,28,344,344,78,17,17,160,81,120,52,55,188,312,182,106,,157,,,247,199,209,283,49,253,315,41,77,105,86,42,230,253,101,247,126,289,268,28,28,59,87,64,232,332,284,211,135,304,183,274,286,159,231,247,286,244,297,214,,,58,53,,,252,236,289,106,246,182,188,320,242,334,71,94,228,242,236,317,305,334,207,294,264,163,272,289,,29,,,b'\x11\xe8\xe1I\xcb\x91`\xdc\xaf\x82\x12\xdf\x17\xaeN\x1e'
11E8E149-CB91-60DC-AF82-12DF17AE4E1E,2010-ncaa-d1-conf-SWAC,ncaa,4,5,3,5,3,4,3,4,4,1,1,5,9,10,3,10,3,1,10,1,6,3,4,6,5,5,10,10,6,6,8,1,4,3,4,2,3,6,4,2,10,10,3,6,,,2,2,,,4,4,5,1,5,4,5,2,2,9,10,5,2,2,4,5,7,1,1,3,2,10,3,,2,,,4,7,10,10,3,9,10,3,8,9,5,8,2,2,8,2,1,10,9,3,2,4,2,8,2,9,4,8,8,10,4,10,8,10,10,10,3,3,8,3,,,1,2,,,4,8,6,5,5,5,10,10,8,10,8,9,2,2,2,10,6,8,8,8,8,10,3,8,,2,,,b'\x11\xe8\xe1I\xcb\x91`\xdc\xaf\x82\x12\xdf\x17\xaeN\x1e'
11E8E149-CB91-60DC-AF82-12DF17AE4E1E,2010-ncaa-d1-natl,ncaa,206,223,134,223,152,235,228,218,208,101,48,258,342,344,309,345,92,28,332,31,91,168,112,293,290,296,333,344,22,119,138,87,286,87,189,190,130,318,291,274,183,230,110,160,,,159,82,,,256,122,81,122,255,248,249,84,28,344,344,79,17,19,162,83,125,55,59,195,312,192,109,,158,,,252,184,198,277,52,247,312,43,66,97,91,41,218,245,104,238,127,286,259,30,30,63,87,65,229,330,286,196,138,297,189,270,286,178,238,253,277,246,295,218,,,65,53,,,256,223,295,113,253,186,194,321,248,334,71,93,232,246,241,320,305,335,211,295,268,173,271,294,,31,,,b'\x11\xe8\xe1I\xcb\x91`\xdc\xaf\x82\x12\xdf\x17\xaeN\x1e'
11E8E149-CB91-60DC-AF82-12DF17AE4E1E,2011-ncaa-d0-natl,ncaa,319,320,242,320,274,301,277,268,270,148,85,273,342,342,341,342,248,169,322,168,263,261,251,326,328,324,340,342,93,150,122,279,318,237,258,251,151,193,259,254,244,235,91,102,,,239,294,,,297,272,216,190,310,273,233,106,22,343,342,221,127,127,222,177,106,251,183,232,251,229,64,,291,,,299,101,119,96,196,203,224,165,28,25,145,14,182,203,90,203,192,111,105,143,144,152,48,29,236,256,318,121,122,187,258,194,268,212,192,226,165,220,81,50,,,218,163,,,297,72,312,213,300,168,188,177,266,299,37,23,230,254,257,210,213,306,204,272,251,168,216,107,,168,,,b'\x11\xe8\xe1I\xcb\x91`\xdc\xaf\x82\x12\xdf\x17\xaeN\x1e'
11E8E149-CB91-60DC-AF82-12DF17AE4E1E,2011-ncaa-d1-conf-SWAC,ncaa,9,9,9,9,9,10,8,10,5,5,5,4,10,10,10,10,9,10,9,10,10,10,10,9,9,8,10,10,8,6,3,8,9,9,7,5,1,2,4,2,10,10,1,1,,,3,7,,,8,10,9,9,10,6,7,2,3,10,10,9,8,8,7,9,4,8,7,3,4,10,1,,4,,,8,2,2,3,4,4,3,5,2,1,3,3,2,2,9,2,2,2,1,2,3,5,2,2,5,7,9,1,3,2,7,7,8,10,10,9,2,5,2,3,,,10,8,,,8,1,7,9,8,4,7,8,7,9,2,3,5,2,2,6,4,9,5,7,8,10,4,4,,8,,,b'\x11\xe8\xe1I\xcb\x91`\xdc\xaf\x82\x12\xdf\x17\xaeN\x1e'
11E8E149-CB91-60DC-AF82-12DF17AE4E1E,2011-ncaa-d1-natl,ncaa,321,320,279,322,304,313,288,292,277,169,100,281,343,343,342,342,258,183,321,181,262,280,282,326,328,327,340,342,91,168,128,293,320,254,264,263,153,171,258,254,258,237,98,102,,,223,295,,,301,295,218,186,313,277,236,114,23,343,342,227,127,126,223,182,113,252,193,238,251,236,67,,294,,,307,79,105,77,206,193,208,169,22,19,145,14,171,190,93,191,190,82,73,147,146,161,44,25,234,248,320,95,128,160,264,188,267,236,197,232,146,222,74,51,,,243,164,,,301,49,317,217,307,174,193,182,271,305,35,22,231,254,256,213,214,310,206,277,258,178,217,113,,165,,,b'\x11\xe8\xe1I\xcb\x91`\xdc\xaf\x82\x12\xdf\x17\xaeN\x1e'
11E8E149-CB91-60DC-AF82-12DF17AE4E1E,2012-ncaa-d0-natl,ncaa,316,334,120,326,154,323,326,244,339,311,215,337,297,222,336,189,272,207,329,200,156,238,152,339,340,340,191,241,70,122,158,215,311,172,272,328,292,341,337,340,224,250,72,74,,,292,295,,,334,165,181,262,340,339,301,333,242,301,238,286,222,215,294,179,121,267,194,340,337,237,71,,294,,,330,186,148,176,141,163,238,80,128,67,283,44,283,302,55,304,276,208,224,130,139,122,194,111,282,304,311,273,158,305,272,139,151,116,123,106,309,300,282,298,,,206,247,,,334,187,340,182,329,175,141,140,154,240,128,64,271,291,295,188,214,304,260,299,132,112,299,278,,238,,,b'\x11\xe8\xe1I\xcb\x91`\xdc\xaf\x82\x12\xdf\x17\xaeN\x1e'
11E8E149-CB91-60DC-AF82-12DF17AE4E1E,2012-ncaa-d1-conf-SWAC,ncaa,9,9,3,9,5,10,9,7,9,8,7,8,8,7,10,5,9,9,9,9,8,8,6,9,10,10,7,6,6,5,5,8,9,6,7,9,5,9,9,9,6,6,1,2,,,5,4,,,9,6,6,7,10,10,10,10,9,9,6,9,9,9,10,8,4,7,7,10,9,6,1,,4,,,9,7,6,8,7,5,8,4,8,5,10,5,4,4,2,5,5,7,5,7,7,8,8,9,2,10,9,8,5,9,7,7,8,5,6,8,9,8,10,9,,,9,10,,,9,5,10,9,9,8,8,6,6,6,8,5,3,4,5,4,7,10,7,8,7,7,9,9,,10,,,b'\x11\xe8\xe1I\xcb\x91`\xdc\xaf\x82\x12\xdf\x17\xaeN\x1e'
11E8E149-CB91-60DC-AF82-12DF17AE4E1E,2012-ncaa-d1-natl,ncaa,324,333,137,328,181,333,336,268,339,325,242,337,300,237,337,189,284,220,328,216,153,268,178,340,341,340,185,239,63,133,167,249,312,200,282,336,293,340,338,340,240,257,77,75,,,285,296,,,334,200,184,262,341,339,303,334,247,301,237,289,223,220,294,186,131,272,200,340,339,246,70,,295,,,331,169,130,149,145,151,218,85,117,59,288,46,276,298,56,300,276,180,198,137,148,131,194,115,282,296,312,260,167,298,282,121,151,128,128,113,301,302,274,304,,,231,247,,,334,155,341,192,330,179,146,146,157,244,130,62,273,293,298,186,213,309,264,303,136,117,297,280,,239,,,b'\x11\xe8\xe1I\xcb\x91`\xdc\xaf\x82\x12\xdf\x17\xaeN\x1e'
11E8E149-CB91-60DC-AF82-12DF17AE4E1E,2013-ncaa-d0-natl,ncaa,88,86,80,91,117,142,190,247,108,158,243,63,230,187,297,189,12,8,274,8,1,168,105,137,107,187,135,250,6,164,130,104,219,122,136,143,90,342,323,270,42,59,18,24,,,167,70,,,125,89,95,335,193,256,326,204,285,251,213,11,7,7,254,169,214,132,173,173,317,49,19,,128,,,128,177,192,267,59,154,256,37,241,220,228,195,104,124,55,124,81,260,278,70,53,41,213,264,100,285,219,115,130,201,136,261,292,43,70,118,254,209,69,111,,,9,3,,,125,271,195,51,117,108,132,227,99,225,228,197,69,97,97,199,259,256,57,123,228,56,207,49,,4,,,b'\x11\xe8\xe1I\xcb\x91`\xdc\xaf\x82\x12\xdf\x17\xaeN\x1e'
11E8E149-CB91-60DC-AF82-12DF17AE4E1E,2013-ncaa-d1-conf-SWAC,ncaa,1,1,4,1,5,2,3,6,1,2,8,1,3,4,7,4,2,2,7,2,2,4,5,1,1,1,5,5,4,5,5,1,4,2,1,1,1,6,7,2,1,1,1,1,,,1,1,,,1,5,2,10,1,1,9,3,8,3,4,2,2,2,4,5,6,1,2,1,7,1,1,,1,,,1,3,5,8,1,3,9,1,9,9,8,9,2,1,9,1,1,7,8,1,1,1,8,10,2,7,4,6,5,6,1,8,8,1,1,6,4,4,2,2,,,2,1,,,1,8,1,1,1,1,4,9,1,9,9,9,2,1,1,5,8,6,4,6,8,1,5,2,,1,,,b'\x11\xe8\xe1I\xcb\x91`\xdc\xaf\x82\x12\xdf\x17\xaeN\x1e'
11E8E149-CB91-60DC-AF82-12DF17AE4E1E,2013-ncaa-d1-natl,ncaa,94,86,90,94,134,153,211,269,113,176,265,64,236,195,298,187,16,9,272,10,1,194,125,138,110,191,130,250,6,186,135,115,221,139,143,153,91,341,326,272,44,62,20,24,,,148,70,,,134,110,97,336,200,262,328,206,285,255,214,13,7,7,261,173,222,134,181,178,319,49,20,,129,,,136,163,173,255,63,137,243,39,236,213,230,193,91,116,59,115,80,247,272,74,58,44,210,263,100,279,221,89,135,187,143,249,293,49,72,126,239,213,63,118,,,9,3,,,134,260,200,59,124,113,135,229,102,224,230,200,72,98,98,204,258,255,58,127,231,60,209,52,,4,,,b'\x11\xe8\xe1I\xcb\x91`\xdc\xaf\x82\x12\xdf\x17\xaeN\x1e'
11E8E149-CB91-60DC-AF82-12DF17AE4E1E,2014-ncaa-d0-natl,ncaa,89,105,53,105,54,73,61,105,39,49,74,51,193,207,147,249,80,78,210,72,132,87,39,67,77,179,275,259,170,134,120,50,261,69,133,71,140,349,335,260,58,117,87,145,,,250,83,,,126,28,49,28,93,74,199,56,135,224,249,121,108,100,169,59,180,73,118,89,344,79,111,,170,,,128,298,309,322,117,327,332,129,119,191,35,83,235,279,41,282,120,322,325,80,61,68,50,60,173,340,261,151,120,268,133,192,47,69,161,88,345,312,116,65,,,120,291,,,126,316,199,105,139,216,247,319,283,325,76,130,189,217,220,314,319,320,61,182,132,97,330,80,,214,,,b'\x11\xe8\xe1I\xcb\x91`\xdc\xaf\x82\x12\xdf\x17\xaeN\x1e'
11E8E149-CB91-60DC-AF82-12DF17AE4E1E,2014-ncaa-d1-conf-SWAC,ncaa,1,2,1,2,2,2,1,5,1,1,6,1,2,4,1,4,6,6,2,6,6,5,4,1,1,1,5,4,8,6,4,1,2,2,2,1,1,9,8,1,6,7,3,4,,,1,1,,,1,3,8,5,4,2,8,4,8,2,5,6,7,7,8,8,9,1,3,1,8,7,3,,1,,,1,4,8,10,2,8,10,5,4,9,1,8,1,1,3,1,1,10,8,2,1,1,1,4,2,9,2,2,4,5,2,4,3,8,9,7,8,8,3,3,,,7,10,,,1,7,2,4,1,3,7,9,7,10,3,9,1,1,1,9,4,9,1,2,4,9,6,2,,10,,,b'\x11\xe8\xe1I\xcb\x91`\xdc\xaf\x82\x12\xdf\x17\xaeN\x1e'
11E8E149-CB91-60DC-AF82-12DF17AE4E1E,2014-ncaa-d1-natl,ncaa,93,105,59,109,61,88,71,122,41,53,90,53,201,215,148,248,93,88,210,80,133,106,48,67,78,186,274,259,166,151,125,57,267,82,140,77,143,348,336,268,65,126,96,149,,,234,87,,,138,33,49,29,98,80,199,60,137,227,250,125,109,102,174,64,184,76,124,93,344,83,114,,172,,,140,286,298,316,125,324,330,140,110,179,38,81,222,267,43,270,119,317,319,88,70,74,47,60,170,339,267,135,125,254,140,179,50,80,167,92,344,316,110,67,,,142,292,,,138,308,204,111,155,223,250,319,287,327,77,129,192,221,224,316,320,322,63,187,137,104,331,84,,216,,,b'\x11\xe8\xe1I\xcb\x91`\xdc\xaf\x82\x12\xdf\x17\xaeN\x1e'
11E8E149-CB91-60DC-AF82-12DF17AE4E1E,2015-ncaa-d0-natl,ncaa,97,50,243,75,261,177,146,235,60,120,210,36,225,209,243,183,221,189,272,187,167,231,187,85,101,181,272,230,240,200,126,193,153,197,86,123,120,302,308,209,48,19,181,162,,,213,249,,,50,184,55,174,124,83,176,61,166,209,187,194,151,153,175,87,181,112,131,82,328,16,170,,271,,,42,23,23,65,37,43,98,46,52,90,55,135,100,149,15,145,202,64,147,33,29,7,148,128,226,140,153,32,126,48,86,105,274,58,26,40,241,256,32,54,,,278,296,,,50,155,182,9,49,46,49,104,70,154,75,116,132,189,184,110,274,192,69,89,135,20,277,48,,251,,,b'\x11\xe8\xe1I\xcb\x91`\xdc\xaf\x82\x12\xdf\x17\xaeN\x1e'
11E8E149-CB91-60DC-AF82-12DF17AE4E1E,2015-ncaa-d1-conf-SWAC,ncaa,2,1,10,1,10,5,5,10,1,4,10,1,2,3,3,2,7,9,5,9,5,10,10,1,1,1,5,3,9,6,3,5,2,6,1,3,2,2,6,2,4,3,5,2,,,1,4,,,1,10,7,6,1,2,5,2,9,2,1,7,7,7,5,6,6,1,2,1,5,3,2,,4,,,1,1,1,1,1,1,1,1,2,5,2,10,1,1,3,1,2,1,1,1,1,1,5,10,4,2,2,1,3,1,1,1,8,7,4,2,2,6,4,6,,,10,9,,,1,1,1,1,1,1,2,5,2,4,6,9,1,1,1,3,4,5,1,2,4,4,5,5,,9,,,b'\x11\xe8\xe1I\xcb\x91`\xdc\xaf\x82\x12\xdf\x17\xaeN\x1e'
11E8E149-CB91-60DC-AF82-12DF17AE4E1E,2015-ncaa-d1-natl,ncaa,106,50,298,81,317,206,179,270,61,141,237,38,232,220,246,186,240,214,274,214,160,268,236,90,108,185,272,227,233,227,134,220,159,238,93,146,123,286,313,215,54,21,198,165,,,192,253,,,59,231,58,163,131,96,189,64,172,208,184,196,150,152,185,98,183,121,141,88,329,20,174,,273,,,48,16,17,40,39,34,75,49,45,65,57,130,88,128,15,123,203,34,103,39,35,7,144,127,223,117,159,17,134,24,93,88,274,69,33,42,228,260,25,54,,,305,297,,,59,111,198,9,55,48,53,105,78,155,76,116,135,190,185,115,271,199,68,94,137,23,277,49,,255,,,b'\x11\xe8\xe1I\xcb\x91`\xdc\xaf\x82\x12\xdf\x17\xaeN\x1e'
11E8E149-CB91-60DC-AF82-12DF17AE4E1E,2016-ncaa-d0-natl,ncaa,100,73,175,87,209,243,249,314,119,234,301,86,239,223,261,172,147,136,198,134,33,293,256,139,125,212,165,217,48,283,220,148,175,209,134,191,77,305,334,261,158,128,69,90,,,72,95,,,81,237,246,198,258,272,340,240,305,241,217,122,118,112,324,270,279,102,201,190,317,150,57,,89,,,72,10,22,110,16,97,271,11,1,4,9,4,33,53,47,48,29,75,106,5,4,3,5,6,172,203,175,51,220,81,134,11,25,113,75,14,161,220,265,309,,,159,70,,,81,94,242,4,77,10,22,111,127,309,2,6,43,62,56,70,111,220,60,99,15,93,192,275,,139,,,b'\x11\xe8\xe1I\xcb\x91`\xdc\xaf\x82\x12\xdf\x17\xaeN\x1e'
11E8E149-CB91-60DC-AF82-12DF17AE4E1E,2016-ncaa-d1-conf-SWAC,ncaa,3,2,3,3,4,6,8,9,2,8,10,1,2,2,2,1,5,9,1,9,3,9,10,1,2,2,2,1,6,7,6,3,3,5,5,3,1,4,9,2,4,3,3,3,,,2,3,,,1,10,10,6,9,8,9,9,10,2,2,6,8,8,9,10,8,2,5,2,4,5,3,,2,,,1,1,1,1,1,1,4,1,1,1,1,4,1,2,2,2,2,1,1,1,1,1,2,3,4,4,3,1,6,1,5,1,3,4,3,2,3,4,9,10,,,5,1,,,1,1,4,1,1,1,1,2,1,3,1,1,1,1,1,1,1,4,1,1,1,6,3,8,,6,,,b'\x11\xe8\xe1I\xcb\x91`\xdc\xaf\x82\x12\xdf\x17\xaeN\x1e'
11E8E149-CB91-60DC-AF82-12DF17AE4E1E,2016-ncaa-d1-natl,ncaa,114,73,218,95,260,274,287,338,133,255,321,90,259,243,263,170,160,152,198,150,29,325,296,150,133,216,162,216,43,304,229,177,187,250,146,213,80,297,338,268,181,138,77,94,,,55,102,,,91,281,250,181,267,282,343,246,310,247,219,122,119,118,329,277,286,108,218,201,319,160,59,,89,,,83,3,13,70,17,81,250,12,1,2,9,4,26,46,50,41,28,35,67,5,4,3,4,5,169,173,187,32,229,50,146,5,27,143,79,19,137,225,257,314,,,191,66,,,91,56,248,6,87,10,25,112,138,310,2,6,44,63,59,72,113,227,61,102,17,99,191,280,,138,,,b'\x11\xe8\xe1I\xcb\x91`\xdc\xaf\x82\x12\xdf\x17\xaeN\x1e'
11E8E149-CB91-60DC-AF82-12DF17AE4E1E,2017-ncaa-d0-natl,ncaa,57,64,74,66,77,177,202,221,166,140,130,179,285,288,251,302,49,14,316,13,12,172,89,219,193,277,230,309,13,101,66,88,163,81,71,269,302,344,334,331,56,67,109,146,,,281,230,,,134,95,178,33,245,271,325,187,191,318,321,45,10,10,258,142,124,114,101,312,331,68,116,,242,,,135,104,126,243,32,200,295,42,28,62,11,35,196,195,160,203,107,237,270,18,20,9,47,28,233,249,163,88,66,156,71,155,209,64,86,73,253,205,341,338,,,40,33,,,134,267,267,22,132,52,69,167,156,278,18,34,143,149,157,161,213,200,48,84,111,82,216,339,,34,,,b'\x11\xe8\xe1I\xcb\x91`\xdc\xaf\x82\x12\xdf\x17\xaeN\x1e'
11E8E149-CB91-60DC-AF82-12DF17AE4E1E,2017-ncaa-d1-conf-SWAC,ncaa,1,1,1,1,1,2,3,5,2,3,4,4,6,7,1,8,3,3,4,2,3,4,2,3,2,4,6,8,3,5,5,1,1,1,1,4,6,10,7,6,5,6,1,1,,,3,3,,,2,3,9,4,5,6,10,5,8,7,8,3,3,3,9,8,6,2,3,7,8,6,2,,3,,,2,5,7,10,1,6,10,2,4,10,2,8,3,2,10,2,1,9,8,1,1,1,4,7,3,7,1,2,5,3,1,7,7,8,9,9,4,3,10,10,,,2,3,,,2,8,3,1,2,1,2,9,2,6,4,8,2,2,2,5,2,1,1,1,2,9,3,10,,6,,,b'\x11\xe8\xe1I\xcb\x91`\xdc\xaf\x82\x12\xdf\x17\xaeN\x1e'
11E8E149-CB91-60DC-AF82-12DF17AE4E1E,2017-ncaa-d1-natl,ncaa,54,64,56,65,59,174,216,245,167,145,143,176,293,291,276,305,30,11,316,11,10,163,78,222,193,286,228,316,7,101,64,76,176,75,74,286,307,347,336,338,60,76,103,145,,,290,228,,,149,75,182,35,259,289,336,193,206,324,322,29,8,7,273,146,132,122,112,324,336,78,116,,237,,,150,112,129,259,31,214,303,46,28,65,8,37,202,209,157,216,116,265,282,19,22,13,49,25,235,267,176,86,64,157,74,155,205,64,94,81,264,215,340,333,,,24,23,,,149,278,273,25,140,54,72,170,160,274,17,37,151,158,166,172,215,214,42,75,113,89,225,334,,20,,,b'\x11\xe8\xe1I\xcb\x91`\xdc\xaf\x82\x12\xdf\x17\xaeN\x1e'
11E8E149-CB91-60DC-AF82-12DF17AE4E1E,2017-ncaa-d1-ncaatournament,ncaa,33,2,33,33,33,64,64,54,64,64,52,64,52,47,55,24,44,40,50,40,26,53,41,64,63,63,1,10,1,59,61,63,63,64,64,63,16,32,63,64,56,61,40,45,,,14,15,,,64,35,3,6,64,64,41,64,44,44,24,33,26,27,47,15,58,63,64,63,61,54,38,,34,,,64,34,38,30,64,40,29,62,29,17,55,19,18,16,49,15,14,30,30,63,63,63,16,22,12,30,63,34,61,32,64,46,52,47,43,60,17,40,50,63,,,55,54,,,64,30,64,63,64,64,64,62,64,61,54,32,39,36,33,62,62,60,64,63,64,24,41,61,,49,,,b'\x11\xe8\xe1I\xcb\x91`\xdc\xaf\x82\x12\xdf\x17\xaeN\x1e'
11E8E149-CB91-60DC-AF82-12DF17AE4E1E,2018-ncaa-d0-natl,ncaa,136,112,164,128,221,211,229,290,125,191,220,148,255,294,142,270,88,66,210,61,27,253,206,142,123,228,185,256,27,196,83,127,218,155,80,308,324,323,318,333,136,126,112,114,,,250,264,,,107,200,150,267,215,247,319,189,214,255,291,59,39,38,280,187,186,98,123,322,318,124,103,,262,,,105,32,50,173,20,77,176,43,55,166,3,188,75,81,98,84,102,150,166,14,14,12,108,115,189,246,218,20,83,73,80,88,196,139,131,83,95,119,183,214,,,131,77,,,107,153,219,23,104,47,48,205,81,196,54,188,93,108,117,175,211,269,30,87,102,113,111,204,,102,,,b'\x11\xe8\xe1I\xcb\x91`\xdc\xaf\x82\x12\xdf\x17\xaeN\x1e'
11E8E149-CB91-60DC-AF82-12DF17AE4E1E,2018-ncaa-d1-conf-SWAC,ncaa,3,3,3,3,4,5,6,7,2,5,6,2,4,6,1,4,5,5,3,5,4,6,6,1,1,4,2,3,4,5,2,3,2,2,1,8,10,7,8,8,6,6,2,1,,,5,5,,,2,6,8,8,6,6,8,6,9,4,7,4,5,5,8,9,6,4,3,8,5,6,2,,4,,,2,2,2,8,1,2,4,2,8,10,2,10,2,2,4,2,2,5,4,1,1,1,6,9,2,3,2,1,2,1,1,4,7,7,7,7,2,1,9,8,,,6,6,,,2,5,3,1,1,1,1,6,1,2,6,10,1,1,1,4,2,2,1,1,3,7,1,7,,7,,,b'\x11\xe8\xe1I\xcb\x91`\xdc\xaf\x82\x12\xdf\x17\xaeN\x1e'
11E8E149-CB91-60DC-AF82-12DF17AE4E1E,2018-ncaa-d1-natl,ncaa,106,111,97,114,133,165,197,251,116,157,179,147,244,282,130,276,53,37,238,35,26,203,121,138,124,224,186,257,28,125,57,86,190,93,60,296,323,336,319,333,113,121,121,133,,,274,262,,,89,125,150,268,208,241,313,178,199,254,291,55,34,31,266,157,142,92,103,320,318,119,128,,255,,,89,39,65,229,18,97,214,39,59,199,3,182,110,129,96,132,116,220,235,14,13,15,116,118,206,269,190,31,57,97,60,110,196,98,123,81,131,114,254,254,,,73,67,,,89,227,212,21,85,42,41,181,73,188,52,179,102,119,123,157,202,251,26,71,99,110,112,234,,79,,,b'\x11\xe8\xe1I\xcb\x91`\xdc\xaf\x82\x12\xdf\x17\xaeN\x1e'
11E8E149-CB91-60DC-AF82-12DF17AE4E1E,2019-ncaa-d0-natl,ncaa,200,152,292,197,300,303,297,324,194,255,272,176,304,302,284,261,218,83,348,90,23,307,297,223,251,278,252,270,75,193,95,310,289,282,200,323,303,248,312,322,122,65,126,84,,,222,308,,,196,306,198,160,273,273,313,206,216,288,272,157,28,29,257,169,115,278,216,316,301,65,89,,298,,,198,18,14,19,111,39,59,106,20,23,106,47,196,250,32,246,302,25,50,86,100,43,160,60,309,170,289,27,95,52,200,63,253,101,33,46,234,281,201,257,,,133,27,,,196,47,266,65,194,83,51,49,103,136,41,41,271,300,299,81,202,264,98,169,135,43,283,249,,25,,,b'\x11\xe8\xe1I\xcb\x91`\xdc\xaf\x82\x12\xdf\x17\xaeN\x1e'
11E8E149-CB91-60DC-AF82-12DF17AE4E1E,2019-ncaa-d1-conf-SWAC,ncaa,5,5,5,5,6,8,7,8,5,7,10,5,8,7,8,5,7,6,7,6,2,8,9,5,5,7,4,6,5,5,5,7,6,7,4,8,9,3,7,8,6,6,1,1,,,2,3,,,5,9,10,6,8,8,9,8,10,8,6,6,5,5,9,10,5,7,7,8,4,7,2,,1,,,5,1,1,2,3,2,2,3,5,5,4,6,1,1,8,1,2,1,3,3,3,2,5,6,4,3,6,2,5,2,4,5,6,6,5,4,4,6,5,6,,,6,3,,,5,3,6,3,4,2,2,2,3,3,5,5,1,1,1,2,3,4,2,4,5,6,4,5,,6,,,b'\x11\xe8\xe1I\xcb\x91`\xdc\xaf\x82\x12\xdf\x17\xaeN\x1e'
11E8E149-CB91-60DC-AF82-12DF17AE4E1E,2019-ncaa-d1-natl,ncaa,182,152,233,177,272,271,270,312,174,226,241,172,291,295,260,266,198,66,346,70,31,276,239,209,240,277,251,267,95,154,82,277,277,236,169,299,280,287,319,318,90,58,114,90,,,248,307,,,181,266,188,171,265,259,312,178,197,284,275,166,30,33,248,156,111,259,195,291,308,59,88,,295,,,181,25,23,22,103,61,99,96,25,21,100,42,213,261,25,263,289,39,99,77,84,39,149,49,303,206,277,37,82,72,169,101,274,73,37,54,273,296,213,247,,,93,32,,,181,86,265,51,182,64,46,51,98,142,38,34,257,288,291,77,191,262,88,151,145,44,295,242,,27,,,b'\x11\xe8\xe1I\xcb\x91`\xdc\xaf\x82\x12\xdf\x17\xaeN\x1e'
11E8E149-CB91-60DC-AF82-12DF17AE4E1E,2020-ncaa-d0-natl,ncaa,66,67,87,70,161,48,47,54,79,50,99,53,133,109,220,169,79,22,328,19,58,33,13,94,114,161,225,199,176,99,135,243,318,180,263,95,229,319,239,225,3,4,288,322,,,350,323,,,77,11,6,254,45,40,45,48,101,147,117,90,28,23,25,9,115,284,215,103,317,3,299,,346,,,77,228,218,180,231,303,289,242,20,32,32,12,331,349,3,349,313,248,340,141,148,35,23,5,319,307,318,255,135,294,263,208,179,5,12,17,277,179,198,145,,,51,199,,,77,340,166,46,94,211,193,135,304,289,10,27,316,343,342,237,340,301,225,267,197,3,260,182,,68,,,b'\x11\xe8\xe1I\xcb\x91`\xdc\xaf\x82\x12\xdf\x17\xaeN\x1e'
11E8E149-CB91-60DC-AF82-12DF17AE4E1E,2020-ncaa-d1-conf-SWAC,ncaa,2,2,1,2,3,1,1,2,1,2,5,1,1,1,2,1,3,3,3,3,4,1,2,1,1,1,3,1,8,5,7,3,5,3,5,1,7,6,4,3,1,1,7,8,,,10,7,,,2,1,1,3,1,1,2,2,6,1,1,3,3,3,1,2,6,3,3,1,5,1,7,,10,,,2,5,5,6,4,5,9,5,2,3,2,1,8,8,2,8,5,6,10,4,4,3,2,1,7,7,5,8,7,7,5,4,2,1,2,1,3,2,3,3,,,5,9,,,2,10,2,3,3,5,5,5,5,9,2,3,8,8,8,5,9,6,7,7,4,1,3,3,,5,,,b'\x11\xe8\xe1I\xcb\x91`\xdc\xaf\x82\x12\xdf\x17\xaeN\x1e'
11E8E149-CB91-60DC-AF82-12DF17AE4E1E,2020-ncaa-d1-natl,ncaa,76,67,128,73,229,64,62,72,82,59,123,56,150,123,224,169,95,31,328,29,56,52,22,97,118,169,225,200,173,122,149,279,320,226,273,115,232,315,241,233,4,5,303,324,,,346,325,,,91,19,6,254,48,46,48,52,107,151,120,91,26,22,30,13,121,289,227,112,318,3,300,,346,,,89,213,200,139,241,292,272,248,12,22,32,11,324,343,3,341,314,210,333,156,156,39,24,5,317,301,320,223,149,276,273,194,182,5,15,20,268,186,189,149,,,70,195,,,91,332,179,51,107,216,203,137,309,290,10,25,320,342,341,241,339,300,231,271,203,3,262,185,,68,,,b'\x11\xe8\xe1I\xcb\x91`\xdc\xaf\x82\x12\xdf\x17\xaeN\x1e'
11E8E149-CB91-60DC-AF82-12DF17AE4E1E,2021-ncaa-d0-natl,ncaa,265,143,304,243,309,305,300,296,280,290,268,298,309,315,236,293,308,295,324,297,276,296,300,292,306,297,286,269,223,263,150,313,333,309,312,311,290,50,231,287,236,90,309,309,,,50,200,,,268,302,46,224,242,187,70,120,34,267,266,252,175,186,81,37,73,297,213,264,274,61,276,,262,,,287,48,58,41,298,97,65,285,16,17,71,7,77,101,39,102,237,42,47,234,233,165,9,5,250,95,333,54,150,61,312,40,69,255,84,83,36,115,69,134,,,306,256,,,268,42,292,230,289,263,278,197,335,333,18,16,287,312,313,253,318,330,304,323,181,44,164,209,,171,,,b'\x11\xe8\xe1I\xcb\x91`\xdc\xaf\x82\x12\xdf\x17\xaeN\x1e'
11E8E149-CB91-60DC-AF82-12DF17AE4E1E,2021-ncaa-d1-conf-SWAC,ncaa,7,6,9,7,10,9,9,9,10,9,9,9,9,8,9,5,9,9,8,9,9,9,9,10,10,10,8,4,8,8,8,10,10,10,9,10,10,2,6,9,6,3,8,8,,,3,4,,,8,9,3,7,7,7,1,7,2,7,4,8,8,8,1,2,2,7,6,9,7,3,7,,4,,,8,3,3,2,7,4,3,7,1,1,3,1,5,3,6,3,5,3,3,6,6,8,1,1,8,5,10,5,8,6,9,2,3,6,4,5,1,2,5,6,,,8,9,,,8,1,9,8,8,8,8,7,9,9,2,2,9,8,8,9,9,10,10,10,6,4,2,6,,7,,,b'\x11\xe8\xe1I\xcb\x91`\xdc\xaf\x82\x12\xdf\x17\xaeN\x1e'
11E8E149-CB91-60DC-AF82-12DF17AE4E1E,2021-ncaa-d1-natl,ncaa,277,143,307,251,312,308,304,302,284,291,279,303,312,316,237,292,309,301,324,302,276,300,304,295,307,301,285,267,220,276,156,317,333,312,317,314,292,46,235,297,244,93,311,310,,,46,208,,,274,306,47,225,249,190,73,124,35,268,265,252,174,186,86,42,76,301,223,271,276,63,279,,262,,,296,43,55,37,300,88,60,291,14,16,74,6,71,92,41,93,240,37,42,244,243,178,8,4,254,88,333,50,156,55,317,38,72,267,88,87,31,119,60,138,,,309,257,,,274,38,294,239,298,268,281,196,337,333,16,16,291,312,314,255,317,331,306,326,187,46,169,215,,172,,,b'\x11\xe8\xe1I\xcb\x91`\xdc\xaf\x82\x12\xdf\x17\xaeN\x1e'
11E8E149-CB91-60DC-AF82-12DF17AE4E1E,2022-ncaa-d0-natl,ncaa,233,180,295,226,313,206,236,257,184,224,228,209,215,249,149,220,86,75,205,77,33,229,167,186,161,247,129,214,36,229,227,266,346,267,320,283,311,332,339,340,115,146,86,129,,,139,76,,,276,146,4,207,88,133,103,130,114,168,179,22,10,11,45,9,156,172,160,250,354,55,48,,272,,,279,241,277,211,295,328,287,280,24,41,79,14,221,274,36,270,175,223,240,226,211,180,8,10,185,335,346,155,227,243,320,153,50,80,104,81,347,350,173,209,,,159,164,,,276,213,261,238,275,346,349,351,355,356,68,89,299,324,323,354,356,353,303,346,264,17,356,260,,35,,,b'\x11\xe8\xe1I\xcb\x91`\xdc\xaf\x82\x12\xdf\x17\xaeN\x1e'
11E8E149-CB91-60DC-AF82-12DF17AE4E1E,2022-ncaa-d1-conf-SWAC,ncaa,5,4,5,5,6,2,3,5,2,6,7,2,1,2,1,4,2,2,4,2,1,4,3,2,2,3,3,4,5,9,11,4,10,5,11,6,8,11,8,9,4,7,3,5,,,8,2,,,5,2,1,7,2,2,4,5,9,1,2,2,2,2,3,3,10,3,6,7,11,3,3,,4,,,4,12,12,11,6,12,12,7,4,8,1,3,7,7,2,8,3,12,12,4,4,4,1,2,4,12,10,9,11,12,11,6,1,2,4,2,11,10,1,4,,,3,6,,,5,11,3,5,4,10,10,12,12,12,3,8,4,7,6,12,12,12,9,11,5,2,11,2,,2,,,b'\x11\xe8\xe1I\xcb\x91`\xdc\xaf\x82\x12\xdf\x17\xaeN\x1e'
11E8E149-CB91-60DC-AF82-12DF17AE4E1E,2022-ncaa-d1-natl,ncaa,247,180,326,240,338,242,276,298,198,259,261,221,234,261,154,223,100,90,203,93,30,271,220,199,165,257,123,216,34,256,236,307,348,308,325,310,317,325,340,343,145,163,99,136,,,111,79,,,288,192,4,194,100,145,112,139,116,173,182,23,11,11,53,9,168,185,172,261,354,62,51,,278,,,293,209,256,167,304,318,279,293,19,25,89,12,200,257,38,251,175,180,203,244,230,198,8,9,182,331,348,113,236,210,325,140,51,106,113,97,345,353,158,219,,,190,155,,,288,166,275,253,288,347,350,351,355,356,74,88,304,324,324,354,356,354,309,346,269,20,356,267,,33,,,b'\x11\xe8\xe1I\xcb\x91`\xdc\xaf\x82\x12\xdf\x17\xaeN\x1e'
11E8E149-CB91-60DC-AF82-12DF17AE4E1E,2023-ncaa-d0-natl,ncaa,355,356,236,356,249,263,308,209,347,300,250,301,242,131,352,118,85,57,278,62,18,166,116,346,329,341,87,201,8,127,181,218,339,178,289,316,293,344,328,348,188,236,143,194,,,331,322,,,350,119,10,75,260,319,133,304,224,229,98,45,25,25,94,17,88,170,113,322,353,156,124,,355,,,349,318,304,248,297,344,310,281,62,68,113,14,350,357,36,357,325,298,279,250,264,295,58,10,324,339,339,276,181,319,289,257,151,181,246,253,328,317,305,339,,,139,196,,,350,250,339,320,341,354,350,337,357,360,86,87,358,360,360,357,358,351,330,347,298,136,339,327,,79,,,b'\x11\xe8\xe1I\xcb\x91`\xdc\xaf\x82\x12\xdf\x17\xaeN\x1e'
11E8E149-CB91-60DC-AF82-12DF17AE4E1E,2023-ncaa-d1-conf-SWAC,ncaa,11,11,9,11,9,9,11,10,12,10,12,4,4,2,11,2,6,6,3,6,3,10,8,11,9,10,2,3,3,5,7,5,7,4,7,10,8,9,11,11,10,9,6,7,,,8,8,,,11,8,4,3,6,9,4,10,11,2,2,4,6,6,4,2,4,4,4,9,11,8,6,,11,,,11,9,9,7,9,8,7,9,7,5,6,3,10,8,8,8,8,7,6,9,9,10,5,3,8,8,7,5,7,6,7,9,4,9,9,10,7,8,7,10,,,8,9,,,11,6,10,10,11,11,11,10,11,10,7,8,11,10,10,11,11,9,8,10,9,8,8,7,,7,,,b'\x11\xe8\xe1I\xcb\x91`\xdc\xaf\x82\x12\xdf\x17\xaeN\x1e'
11E8E149-CB91-60DC-AF82-12DF17AE4E1E,2023-ncaa-d1-natl,ncaa,355,356,310,358,315,302,337,273,350,327,281,314,256,151,352,118,102,71,280,75,18,220,150,348,335,343,83,203,5,153,189,265,341,230,303,334,297,336,331,349,216,247,159,199,,,327,328,,,350,156,13,74,271,330,151,313,231,229,101,47,26,27,98,20,95,181,129,328,353,168,127,,355,,,353,313,294,214,308,339,299,293,50,50,122,13,348,355,39,354,327,278,256,265,280,306,58,12,324,333,341,245,189,302,303,245,153,209,261,267,324,319,302,342,,,168,186,,,350,222,342,331,347,354,352,339,359,360,91,87,358,359,359,357,358,352,336,351,306,144,342,331,,74,,,b'\x11\xe8\xe1I\xcb\x91`\xdc\xaf\x82\x12\xdf\x17\xaeN\x1e'
11E8E149-CB91-60DC-AF82-12DF17AE4E1E,2024-ncaa-d0-natl,ncaa,319,312,298,324,324,323,330,277,346,323,284,321,276,185,344,127,231,226,236,228,118,275,220,343,338,344,139,200,65,164,162,272,342,243,290,318,251,330,343,346,251,263,94,143,,,201,206,,,340,237,34,352,306,323,180,306,214,246,126,169,147,145,173,49,98,199,143,320,353,190,65,,300,,,344,203,204,183,221,285,291,191,23,31,98,13,288,279,229,275,187,200,170,154,183,232,26,10,288,316,342,143,162,233,290,130,93,248,253,204,341,348,287,336,,,268,272,,,340,131,340,286,337,324,321,332,345,355,49,57,330,327,326,345,342,352,285,337,227,164,355,337,,180,,,b'\x11\xe8\xe1I\xcb\x91`\xdc\xaf\x82\x12\xdf\x17\xaeN\x1e'
11E8E149-CB91-60DC-AF82-12DF17AE4E1E,2024-ncaa-d1-conf-SWAC,ncaa,9,8,9,9,11,10,10,11,7,11,11,3,3,3,7,1,10,10,4,10,6,11,11,4,4,9,2,1,7,9,6,6,11,8,9,10,11,10,11,10,11,12,4,7,,,3,4,,,10,11,4,11,7,9,9,11,11,3,1,7,10,10,9,7,9,5,6,10,11,10,4,,5,,,10,11,12,9,9,12,12,8,4,5,5,3,4,2,11,2,1,9,6,7,7,11,1,3,2,11,11,1,6,5,9,7,2,11,12,11,10,12,9,10,,,10,9,,,10,3,8,12,9,12,12,12,12,12,4,5,6,5,5,12,11,11,4,9,9,9,12,10,,10,,,b'\x11\xe8\xe1I\xcb\x91`\xdc\xaf\x82\x12\xdf\x17\xaeN\x1e'
11E8E149-CB91-60DC-AF82-12DF17AE4E1E,2024-ncaa-d1-natl,ncaa,322,314,320,326,346,320,337,280,342,326,277,312,272,197,344,134,221,215,247,218,116,275,226,340,335,344,145,206,65,170,164,272,348,243,298,328,267,334,343,349,254,270,93,150,,,215,208,,,343,237,33,354,288,310,170,295,206,240,127,160,143,143,151,50,107,187,135,314,355,197,63,,308,,,342,226,225,203,220,305,306,191,24,30,75,13,303,288,241,286,183,234,195,142,183,230,30,8,296,335,348,156,164,257,298,122,75,249,267,195,343,348,285,330,,,261,261,,,343,134,341,293,340,331,325,344,349,359,49,66,334,331,330,353,346,356,290,343,209,170,356,335,,169,,,b'\x11\xe8\xe1I\xcb\x91`\xdc\xaf\x82\x12\xdf\x17\xaeN\x1e'
11E8E149-CB91-60DC-AF82-12DF17AE4E1E,2025-ncaa-d0-natl,genius_ncaa,147,176,90,167,114,135,147,63,302,79,45,236,301,175,362,278,49,17,339,17,76,47,35,336,329,313,305,332,39,14,36,97,323,35,172,228,319,316,160,285,89,137,28,66,,,297,162,,204,229,59,30,256,168,181,40,83,45,323,204,50,17,17,22,11,13,113,16,274,276,98,22,,260,,175,222,309,288,314,117,326,344,84,86,112,99,19,332,342,86,339,211,326,320,69,88,111,69,24,297,354,323,311,36,337,172,121,24,102,203,90,325,215,235,116,,,31,111,,134,229,303,266,168,221,267,257,325,315,356,68,69,317,330,327,344,348,350,292,334,88,125,297,216,,30,,158,b'\x11\xe8\xe1I\xcb\x91`\xdc\xaf\x82\x12\xdf\x17\xaeN\x1e'
11E8E149-CB91-60DC-AF82-12DF17AE4E1E,2025-ncaa-d1-conf-SWAC,genius_ncaa,2,2,3,2,6,1,1,3,2,1,3,1,7,4,12,6,2,2,8,2,3,1,1,4,3,3,9,10,4,3,4,1,5,1,2,3,8,7,4,3,8,11,1,1,,,5,2,,5,3,2,2,12,1,1,3,1,3,10,3,2,2,2,2,2,4,1,1,3,6,9,1,,3,,4,3,9,10,12,2,10,12,2,3,9,2,4,6,4,8,4,2,12,11,2,1,4,1,3,4,10,5,9,4,10,2,3,2,10,12,6,7,3,2,1,,,2,2,,6,3,11,2,5,3,7,9,12,10,12,3,7,5,3,3,12,10,9,5,7,3,11,4,2,,2,,6,b'\x11\xe8\xe1I\xcb\x91`\xdc\xaf\x82\x12\xdf\x17\xaeN\x1e'
11E8E149-CB91-60DC-AF82-12DF17AE4E1E,2025-ncaa-d1-natl,genius_ncaa,145,176,72,173,97,120,125,45,299,65,33,229,297,174,360,277,46,14,341,15,80,35,21,328,327,303,310,333,46,8,32,76,320,25,157,218,323,309,148,275,62,109,22,63,,,302,151,,191,208,50,24,256,147,152,26,68,35,321,194,48,14,18,16,7,8,102,13,270,264,69,22,,259,,160,203,303,287,329,93,326,345,78,84,137,59,24,331,337,89,336,205,336,331,59,73,91,72,24,299,356,320,324,32,349,157,118,26,78,171,73,320,199,242,111,,,31,121,,141,208,314,249,138,203,249,239,324,305,355,61,85,312,330,321,341,350,347,304,332,82,100,295,219,,31,,168,b'\x11\xe8\xe1I\xcb\x91`\xdc\xaf\x82\x12\xdf\x17\xaeN\x1e'
11E8E149-CB91-60DC-AF82-12DF17AE4E1E,2026-ncaa-d0-natl,genius_ncaa,332,198,354,332,355,361,361,358,338,362,361,338,320,326,263,78,353,330,361,328,34,357,355,322,337,349,32,55,129,352,298,351,360,357,352,358,268,87,354,356,362,361,306,295,,,44,299,,59,350,354,19,95,323,335,282,351,316,159,107,260,94,94,239,58,239,244,260,336,358,346,209,,358,,253,363,73,85,25,353,147,53,352,18,15,183,42,125,165,57,155,290,33,14,341,335,360,27,21,220,171,360,14,298,41,352,46,52,362,363,354,229,363,76,334,,,348,121,,173,350,9,352,362,363,363,363,363,363,362,229,247,357,361,360,363,363,363,329,362,340,348,363,309,,70,,26,b'\x11\xe8\xe1I\xcb\x91`\xdc\xaf\x82\x12\xdf\x17\xaeN\x1e'
11E8E149-CB91-60DC-AF82-12DF17AE4E1E,2026-ncaa-d1-natl,genius_ncaa,256,195,271,252,285,272,267,271,236,239,275,166,275,209,332,149,249,144,360,147,61,255,223,255,288,310,228,228,162,193,172,243,341,222,277,314,327,282,324,337,244,266,188,218,,,263,295,,125,307,220,5,99,195,186,91,149,158,229,106,163,47,46,69,6,82,81,58,275,352,166,129,,356,,206,317,225,207,170,257,280,204,300,37,107,32,62,315,342,43,339,318,204,181,206,218,258,62,14,313,331,341,145,172,234,277,83,25,246,272,164,328,340,120,186,,,212,168,,76,307,133,299,303,311,348,343,356,353,354,91,222,356,360,359,362,363,362,300,355,180,140,356,206,,62,,37,b'\x11\xe8\xe1I\xcb\x91`\xdc\xaf\x82\x12\xdf\x17\xaeN\x1e'
11E8E149-CB95-A002-AF82-12DF17AE4E1E,2010-ncaa-d0-natl,ncaa,336,269,345,335,345,334,334,341,267,322,326,272,304,309,233,222,301,293,237,298,117,340,342,278,271,278,176,212,81,316,187,332,309,331,253,339,271,54,276,308,343,339,284,268,,,116,322,,,291,345,27,19,208,220,118,186,118,218,203,110,84,86,105,39,134,58,70,266,313,317,216,,339,,,310,18,15,13,120,33,47,108,22,22,135,47,192,233,40,229,304,24,6,99,118,228,176,65,313,125,309,6,187,17,253,33,213,343,335,302,127,295,56,184,,,325,98,,,291,4,278,292,296,333,309,338,319,341,160,174,334,341,341,342,335,342,276,332,288,262,319,208,,48,,,b'\x11\xe8\xe1I\xcb\x95\xa0\x02\xaf\x82\x12\xdf\x17\xaeN\x1e'
11E8E149-CB95-A002-AF82-12DF17AE4E1E,2010-ncaa-d1-conf-Southland,ncaa,9,10,7,10,7,7,8,9,6,8,9,6,5,7,3,7,7,7,7,7,2,8,8,6,5,7,5,6,5,9,5,7,9,8,5,7,6,9,10,9,10,11,7,7,,,11,10,,,8,8,5,2,7,6,9,8,8,6,7,5,5,5,9,5,8,4,4,6,10,10,7,,11,,,8,6,4,6,2,4,6,2,3,6,6,4,9,10,2,10,9,6,5,2,2,5,10,4,9,7,9,2,5,4,5,5,6,10,11,9,8,10,8,10,,,6,4,,,8,5,7,7,8,10,5,10,5,9,5,6,9,9,9,10,9,10,2,8,7,9,10,9,,3,,,b'\x11\xe8\xe1I\xcb\x95\xa0\x02\xaf\x82\x12\xdf\x17\xaeN\x1e'
11E8E149-CB95-A002-AF82-12DF17AE4E1E,2010-ncaa-d1-natl,ncaa,308,269,342,308,342,270,271,288,222,244,241,243,232,260,174,218,202,179,250,182,112,283,251,232,231,256,171,199,109,222,159,208,247,224,174,294,273,225,277,296,327,327,265,279,,,255,307,,,261,253,20,7,138,151,92,146,93,175,179,97,67,72,68,24,114,37,36,228,319,285,229,,335,,,271,113,78,137,86,124,189,70,77,86,134,72,287,304,53,302,292,176,132,66,89,164,198,92,308,208,247,62,159,108,174,107,188,303,304,250,266,295,91,127,,,208,131,,,261,112,250,192,251,324,285,339,285,337,173,200,332,337,337,342,336,321,259,308,253,194,320,162,,46,,,b'\x11\xe8\xe1I\xcb\x95\xa0\x02\xaf\x82\x12\xdf\x17\xaeN\x1e'
11E8E149-CB95-A002-AF82-12DF17AE4E1E,2011-ncaa-d0-natl,ncaa,309,242,336,306,338,304,315,328,239,294,301,239,301,301,270,250,153,131,261,137,21,319,302,260,230,273,157,263,14,246,147,300,264,295,211,340,340,263,325,341,309,294,306,311,,,165,287,,,317,307,15,89,169,233,178,179,131,256,237,29,7,10,101,17,91,75,57,333,339,250,281,,337,,,324,150,162,74,297,216,148,279,63,42,206,63,195,174,266,164,187,78,40,267,287,320,69,58,213,122,264,23,147,37,211,147,155,316,301,305,201,286,60,150,,,174,24,,,317,42,281,322,318,336,336,334,338,337,173,158,316,306,304,340,329,313,271,307,318,219,321,185,,3,,,b'\x11\xe8\xe1I\xcb\x95\xa0\x02\xaf\x82\x12\xdf\x17\xaeN\x1e'
11E8E149-CB95-A002-AF82-12DF17AE4E1E,2011-ncaa-d1-conf-Southland,ncaa,10,9,9,10,11,8,10,10,8,10,8,8,9,9,8,10,7,2,12,3,2,9,6,9,9,11,8,9,2,4,5,5,9,6,5,12,12,12,12,12,10,11,8,9,,,12,12,,,11,6,1,6,8,10,7,7,4,9,9,2,2,2,5,1,3,2,1,12,12,9,8,,12,,,11,11,10,9,7,9,10,6,7,5,8,4,11,10,7,10,7,11,9,8,8,9,5,4,8,10,9,5,5,7,5,10,8,10,10,10,12,10,12,12,,,3,2,,,11,8,10,9,11,11,11,12,11,11,9,8,11,12,12,12,12,11,10,11,10,9,12,12,,1,,,b'\x11\xe8\xe1I\xcb\x95\xa0\x02\xaf\x82\x12\xdf\x17\xaeN\x1e'
11E8E149-CB95-A002-AF82-12DF17AE4E1E,2011-ncaa-d1-natl,ncaa,289,262,321,288,323,249,269,299,200,229,240,190,276,269,272,237,88,51,268,54,9,255,181,222,193,259,159,267,15,157,99,219,217,195,127,332,337,326,327,337,271,280,291,308,,,274,301,,,303,189,16,43,147,203,178,157,149,244,220,24,4,5,95,15,78,56,36,324,341,223,281,,338,,,310,246,243,185,270,281,252,266,93,87,189,66,266,241,270,228,201,204,155,239,267,298,85,62,231,181,217,67,99,92,127,201,139,269,275,268,261,268,78,131,,,63,21,,,303,155,258,303,301,332,331,330,333,336,156,153,315,306,302,338,330,290,222,268,295,181,313,152,,3,,,b'\x11\xe8\xe1I\xcb\x95\xa0\x02\xaf\x82\x12\xdf\x17\xaeN\x1e'
11E8E149-CB95-A002-AF82-12DF17AE4E1E,2012-ncaa-d0-natl,ncaa,198,129,318,182,336,222,268,261,246,278,292,190,158,123,268,84,104,122,112,118,24,240,277,229,187,152,54,119,33,288,312,224,242,270,299,280,263,32,85,196,296,293,317,330,,,86,115,,,224,267,21,342,103,167,89,206,212,96,47,22,32,31,60,79,230,53,132,240,126,256,309,,241,,,228,158,183,173,218,251,252,202,50,50,128,34,152,156,139,147,92,166,106,173,168,239,33,43,156,193,242,227,312,211,299,72,37,310,314,240,46,114,193,289,,,193,63,,,224,79,182,256,224,303,315,336,326,341,112,107,264,273,268,335,325,310,332,335,199,253,146,268,,32,,,b'\x11\xe8\xe1I\xcb\x95\xa0\x02\xaf\x82\x12\xdf\x17\xaeN\x1e'
11E8E149-CB95-A002-AF82-12DF17AE4E1E,2012-ncaa-d1-conf-Southland,ncaa,5,5,3,5,3,4,6,5,9,6,9,6,6,4,10,4,1,1,3,1,1,3,2,8,6,6,2,7,1,7,10,2,9,4,10,6,8,7,5,8,9,12,11,12,,,9,3,,,7,1,2,3,2,9,6,8,8,6,2,1,1,1,2,3,9,2,4,8,6,11,11,,6,,,7,12,12,12,7,12,12,6,4,5,5,1,7,8,4,8,2,12,12,6,4,9,1,1,4,12,9,12,10,12,10,9,1,8,12,9,8,6,11,11,,,1,1,,,7,12,8,9,7,11,11,12,12,12,3,2,5,6,6,12,12,12,11,12,7,10,6,9,,1,,,b'\x11\xe8\xe1I\xcb\x95\xa0\x02\xaf\x82\x12\xdf\x17\xaeN\x1e'
11E8E149-CB95-A002-AF82-12DF17AE4E1E,2012-ncaa-d1-natl,ncaa,143,129,137,146,195,105,130,91,208,169,213,142,74,34,243,55,50,55,125,52,25,78,81,176,151,124,52,88,76,171,262,60,203,93,251,190,251,136,91,167,214,267,274,314,,,215,106,,,160,70,15,342,66,108,54,170,212,69,30,29,38,38,36,47,172,30,72,183,154,220,277,,234,,,160,267,285,309,162,311,330,141,77,90,104,32,236,266,90,252,92,309,288,110,108,173,33,43,167,286,203,320,262,327,251,128,29,185,267,159,132,92,239,258,,,63,88,,,160,278,141,189,160,280,291,332,314,341,92,92,252,269,261,330,326,300,324,329,143,184,140,247,,36,,,b'\x11\xe8\xe1I\xcb\x95\xa0\x02\xaf\x82\x12\xdf\x17\xaeN\x1e'
11E8E149-CB95-A002-AF82-12DF17AE4E1E,2013-ncaa-d0-natl,ncaa,273,265,251,277,258,127,136,121,171,191,197,178,60,63,93,75,164,147,235,152,111,128,200,128,142,67,61,62,212,301,339,163,226,242,331,258,326,5,7,84,160,171,214,262,,,55,29,,,212,156,40,27,46,65,23,146,143,36,40,110,83,88,26,102,289,68,187,246,11,122,192,,89,,,214,284,313,286,290,316,286,295,208,213,155,181,99,48,341,49,30,262,213,273,254,298,39,137,41,246,226,334,339,322,331,286,156,259,300,312,20,23,208,224,,,216,215,,,212,198,111,303,204,330,338,341,334,341,257,267,146,90,90,339,334,304,344,340,314,222,43,245,,169,,,b'\x11\xe8\xe1I\xcb\x95\xa0\x02\xaf\x82\x12\xdf\x17\xaeN\x1e'
11E8E149-CB95-A002-AF82-12DF17AE4E1E,2013-ncaa-d1-conf-WAC,ncaa,9,9,7,9,7,8,6,8,6,8,7,6,4,5,3,5,10,9,10,9,9,8,10,5,5,3,4,3,9,10,10,9,8,10,10,10,10,1,1,5,6,4,9,9,,,1,2,,,8,9,7,3,7,6,3,7,7,4,5,9,8,8,5,10,10,9,10,10,1,5,9,,2,,,8,6,9,5,9,10,5,10,6,4,6,6,1,1,9,1,2,2,2,10,8,9,1,6,1,6,8,10,10,7,10,7,7,8,8,10,1,2,6,9,,,10,9,,,8,2,4,10,8,7,9,7,10,6,8,6,1,1,1,6,4,6,10,9,8,7,2,7,,10,,,b'\x11\xe8\xe1I\xcb\x95\xa0\x02\xaf\x82\x12\xdf\x17\xaeN\x1e'
11E8E149-CB95-A002-AF82-12DF17AE4E1E,2013-ncaa-d1-natl,ncaa,270,265,210,271,211,105,111,96,158,157,177,157,55,59,94,75,156,133,244,143,127,99,172,125,136,62,78,62,227,290,336,118,202,196,320,249,327,6,7,85,154,174,204,258,,,53,25,,,183,123,33,24,38,56,17,133,133,36,41,117,90,99,21,86,277,42,156,240,15,125,192,,75,,,185,301,322,305,270,319,307,278,212,230,128,183,97,52,330,54,31,283,248,248,240,279,36,134,39,261,202,335,336,333,320,287,150,240,301,303,22,28,215,206,,,217,231,,,183,223,100,288,182,324,338,341,334,341,250,268,134,85,87,339,336,301,344,340,305,222,46,240,,180,,,b'\x11\xe8\xe1I\xcb\x95\xa0\x02\xaf\x82\x12\xdf\x17\xaeN\x1e'
11E8E149-CB95-A002-AF82-12DF17AE4E1E,2014-ncaa-d0-natl,ncaa,180,173,180,184,215,249,291,234,313,264,220,299,237,183,307,185,74,42,298,43,21,189,203,308,295,277,108,213,10,227,279,249,271,252,310,296,268,108,127,270,196,202,245,263,,,228,258,,,246,189,124,179,270,304,227,266,213,235,175,44,19,18,145,175,220,247,248,307,129,189,243,,271,,,247,144,115,121,157,183,216,110,49,31,219,24,277,254,272,254,225,145,174,130,165,140,121,45,302,218,271,284,279,266,310,21,10,123,102,30,119,153,180,218,,,44,9,,,246,159,285,158,243,189,153,146,216,269,52,34,294,284,282,195,235,246,311,301,38,93,149,203,,7,,,b'\x11\xe8\xe1I\xcb\x95\xa0\x02\xaf\x82\x12\xdf\x17\xaeN\x1e'
11E8E149-CB95-A002-AF82-12DF17AE4E1E,2014-ncaa-d1-conf-Sun Belt,ncaa,3,3,3,3,3,5,7,7,9,7,6,9,7,7,9,7,2,1,9,1,1,4,6,9,9,6,2,8,1,7,8,5,7,7,7,8,7,5,5,6,5,6,7,7,,,3,3,,,5,5,4,6,6,9,7,9,8,8,7,1,1,1,7,6,8,6,6,8,5,5,7,,4,,,5,5,5,6,3,6,8,3,3,3,4,3,5,4,9,5,3,6,6,2,2,4,4,4,6,9,7,9,8,9,7,2,2,5,5,3,6,6,5,5,,,1,1,,,5,6,7,4,5,4,5,5,5,7,2,4,5,4,5,5,5,5,8,8,2,5,6,5,,1,,,b'\x11\xe8\xe1I\xcb\x95\xa0\x02\xaf\x82\x12\xdf\x17\xaeN\x1e'
11E8E149-CB95-A002-AF82-12DF17AE4E1E,2014-ncaa-d1-natl,ncaa,161,171,100,166,125,196,245,163,303,227,183,282,219,151,313,181,56,26,309,25,20,122,131,302,293,271,115,211,13,183,266,188,235,178,290,272,258,149,114,260,155,188,215,253,,,270,237,,,218,111,117,205,248,295,211,250,209,228,160,49,19,18,125,158,203,225,222,296,120,166,232,,253,,,216,185,156,186,138,220,280,98,64,57,195,34,288,278,266,279,206,210,251,108,139,108,123,52,294,237,235,322,266,310,290,31,9,81,92,26,162,148,178,189,,,20,10,,,218,241,278,110,213,159,132,141,203,266,52,38,276,259,261,183,231,211,309,290,32,85,146,168,,8,,,b'\x11\xe8\xe1I\xcb\x95\xa0\x02\xaf\x82\x12\xdf\x17\xaeN\x1e'
11E8E149-CB95-A002-AF82-12DF17AE4E1E,2015-ncaa-d0-natl,ncaa,162,161,172,169,173,224,240,152,307,282,184,334,102,128,68,120,252,223,283,213,208,159,174,268,281,254,56,58,230,152,220,152,188,141,229,289,296,117,134,259,214,226,165,215,,,85,76,,,223,190,210,11,234,249,112,293,175,87,111,258,227,216,129,154,134,106,111,302,143,220,171,,106,,,225,140,210,233,168,258,282,154,88,110,105,89,62,57,155,60,38,206,171,123,95,150,35,89,64,211,188,289,220,276,229,145,92,230,257,219,171,177,249,261,,,251,268,,,223,164,249,157,224,168,249,297,296,324,97,114,78,81,83,263,210,248,307,307,154,244,188,261,,252,,,b'\x11\xe8\xe1I\xcb\x95\xa0\x02\xaf\x82\x12\xdf\x17\xaeN\x1e'
11E8E149-CB95-A002-AF82-12DF17AE4E1E,2015-ncaa-d1-conf-Sun Belt,ncaa,4,4,3,4,4,5,6,4,10,8,6,11,1,1,3,3,7,5,8,5,6,4,4,9,10,6,2,2,6,5,9,1,6,2,7,8,9,3,5,7,8,7,6,6,,,4,4,,,7,3,8,3,6,7,4,10,7,2,3,7,6,6,5,5,5,1,3,10,4,7,7,,3,,,7,7,8,9,4,8,10,5,8,8,4,7,3,3,5,3,3,9,9,4,3,6,5,7,2,8,6,10,9,10,7,7,7,8,10,9,5,5,8,7,,,6,9,,,7,8,6,6,6,6,7,8,7,8,8,7,3,3,3,8,6,6,8,9,7,10,4,7,,10,,,b'\x11\xe8\xe1I\xcb\x95\xa0\x02\xaf\x82\x12\xdf\x17\xaeN\x1e'
11E8E149-CB95-A002-AF82-12DF17AE4E1E,2015-ncaa-d1-natl,ncaa,142,160,97,166,98,175,200,85,308,265,143,335,73,95,71,114,191,160,270,159,182,92,105,270,282,246,48,55,196,109,217,80,166,88,220,278,295,131,106,247,207,241,167,232,,,119,76,,,226,123,205,12,219,247,101,296,174,77,101,224,190,184,110,149,131,91,99,302,126,232,182,,105,,,222,227,281,298,181,299,315,155,133,148,140,94,82,84,141,83,37,277,244,139,104,166,36,102,54,245,166,326,217,321,220,183,94,230,262,232,181,159,273,265,,,173,241,,,226,232,235,174,223,182,266,306,299,323,119,123,69,75,76,275,212,237,315,314,165,255,170,266,,221,,,b'\x11\xe8\xe1I\xcb\x95\xa0\x02\xaf\x82\x12\xdf\x17\xaeN\x1e'
11E8E149-CB95-A002-AF82-12DF17AE4E1E,2016-ncaa-d0-natl,ncaa,256,249,240,258,277,244,280,265,280,333,327,302,53,67,56,25,235,260,133,267,99,274,284,195,188,192,13,15,186,330,340,335,332,343,349,289,244,108,199,251,235,231,288,287,,,188,236,,,315,251,148,280,230,268,221,337,325,35,44,218,242,249,244,250,326,346,346,280,165,222,284,,250,,,315,267,264,89,346,292,133,343,144,92,298,103,267,251,220,241,264,117,103,343,346,334,110,93,217,199,332,258,340,252,349,272,229,198,165,259,196,269,49,183,,,186,73,,,315,93,245,340,319,315,309,157,318,199,196,126,297,293,287,204,212,264,317,309,310,165,236,83,,126,,,b'\x11\xe8\xe1I\xcb\x95\xa0\x02\xaf\x82\x12\xdf\x17\xaeN\x1e'
11E8E149-CB95-A002-AF82-12DF17AE4E1E,2016-ncaa-d1-conf-Sun Belt,ncaa,7,7,5,7,7,6,7,5,9,9,9,10,3,2,2,2,7,7,4,7,2,6,7,6,6,6,1,1,7,10,11,11,11,11,11,7,7,3,4,6,8,11,7,8,,,9,6,,,10,4,5,6,4,7,4,9,10,3,2,8,7,7,5,5,10,11,11,8,4,9,7,,8,,,10,9,10,6,11,10,7,11,6,5,7,4,9,9,8,9,10,6,8,11,11,11,4,2,11,9,11,10,11,10,11,9,7,6,7,8,7,7,2,5,,,5,4,,,10,7,7,11,10,9,10,6,10,7,7,6,10,10,10,7,7,9,11,11,9,6,7,2,,5,,,b'\x11\xe8\xe1I\xcb\x95\xa0\x02\xaf\x82\x12\xdf\x17\xaeN\x1e'
11E8E149-CB95-A002-AF82-12DF17AE4E1E,2016-ncaa-d1-natl,ncaa,234,249,142,247,209,212,251,217,274,333,320,301,44,60,50,28,227,249,131,252,117,225,233,184,178,190,13,14,198,326,340,327,330,339,349,266,244,141,193,251,235,245,286,294,,,226,226,,,311,182,155,282,230,272,226,337,326,38,46,232,253,261,252,256,330,341,347,284,158,235,287,,247,,,310,298,305,173,341,316,191,342,149,118,245,99,275,276,161,266,245,187,180,336,343,328,84,80,197,263,330,299,340,303,349,284,199,177,179,246,211,246,71,174,,,147,60,,,311,160,235,333,310,305,311,170,318,211,168,126,281,283,274,207,206,276,317,310,286,178,216,77,,121,,,b'\x11\xe8\xe1I\xcb\x95\xa0\x02\xaf\x82\x12\xdf\x17\xaeN\x1e'
11E8E149-CB95-A002-AF82-12DF17AE4E1E,2017-ncaa-d0-natl,ncaa,150,126,168,147,199,252,211,260,127,223,276,115,149,165,135,94,346,345,301,345,337,291,295,105,162,192,211,82,347,317,314,218,254,286,290,178,116,127,222,149,135,105,245,236,,,154,211,,,158,273,306,193,283,220,283,227,284,144,148,347,346,346,324,327,320,220,309,171,138,124,244,,169,,,158,33,36,72,53,51,82,88,80,142,42,215,126,135,131,122,187,67,101,58,58,41,195,166,223,215,254,154,314,187,290,18,58,132,76,33,111,194,144,221,,,324,300,,,158,83,224,63,152,42,36,60,50,66,85,158,131,141,132,56,83,238,172,216,25,113,122,164,,335,,,b'\x11\xe8\xe1I\xcb\x95\xa0\x02\xaf\x82\x12\xdf\x17\xaeN\x1e'
11E8E149-CB95-A002-AF82-12DF17AE4E1E,2017-ncaa-d1-conf-Sun Belt,ncaa,5,4,8,5,9,9,6,11,2,9,10,3,3,7,1,3,12,12,12,12,12,11,12,2,3,4,6,2,12,12,12,6,5,11,9,6,5,1,4,4,5,4,6,3,,,3,6,,,4,12,12,4,8,6,11,8,10,3,5,12,12,12,11,12,12,3,10,4,2,5,5,,4,,,4,1,1,3,2,2,3,3,3,8,1,10,4,4,8,4,6,2,1,2,2,2,9,8,8,5,5,4,12,4,9,2,2,10,8,3,4,5,6,9,,,12,11,,,4,1,5,4,4,2,1,4,2,4,6,10,4,4,4,3,2,7,4,6,2,9,4,8,,12,,,b'\x11\xe8\xe1I\xcb\x95\xa0\x02\xaf\x82\x12\xdf\x17\xaeN\x1e'
11E8E149-CB95-A002-AF82-12DF17AE4E1E,2017-ncaa-d1-natl,ncaa,157,151,144,166,180,273,218,268,140,234,277,124,152,156,160,90,346,345,307,345,338,298,306,127,181,212,211,88,347,309,308,242,270,298,300,183,119,125,221,154,125,97,251,233,,,173,216,,,183,290,312,197,293,232,287,236,285,151,146,348,346,346,326,328,316,256,315,181,142,115,250,,171,,,183,39,34,67,77,44,71,103,108,161,66,225,128,137,138,131,198,62,96,81,76,61,223,192,221,228,270,181,308,207,300,21,56,126,75,32,103,181,127,212,,,328,297,,,183,72,233,84,177,50,43,52,48,53,117,174,128,134,128,51,77,240,181,223,27,111,108,147,,336,,,b'\x11\xe8\xe1I\xcb\x95\xa0\x02\xaf\x82\x12\xdf\x17\xaeN\x1e'
11E8E149-CB95-A002-AF82-12DF17AE4E1E,2018-ncaa-d0-natl,ncaa,53,57,43,60,60,53,59,48,110,157,192,123,13,13,47,21,201,255,62,250,239,66,106,64,73,40,30,14,318,153,237,108,210,109,235,45,56,19,16,13,61,75,195,235,,,141,77,,,29,97,262,202,64,77,78,248,290,12,19,273,303,301,124,270,221,193,209,48,6,87,229,,64,,,28,116,170,247,59,254,276,129,29,136,1,96,118,115,182,118,63,234,269,38,35,27,17,24,155,264,210,299,237,305,235,105,76,53,85,48,38,32,75,91,,,201,253,,,29,268,40,34,18,39,65,107,171,193,16,76,63,62,64,72,119,194,232,219,60,92,27,45,,278,,,b'\x11\xe8\xe1I\xcb\x95\xa0\x02\xaf\x82\x12\xdf\x17\xaeN\x1e'
11E8E149-CB95-A002-AF82-12DF17AE4E1E,2018-ncaa-d1-conf-Sun Belt,ncaa,2,2,1,2,3,2,2,2,4,7,8,4,1,1,1,2,8,11,2,11,10,2,5,2,2,1,2,1,11,10,10,7,9,6,10,2,2,1,1,1,2,2,5,6,,,7,4,,,2,4,10,10,2,2,3,8,11,1,2,10,12,12,5,10,10,8,9,2,1,3,6,,2,,,2,3,5,7,3,11,9,9,2,5,1,4,7,5,8,5,3,7,10,3,3,2,1,1,6,9,9,11,10,11,10,3,3,3,5,2,2,1,1,2,,,8,8,,,2,9,1,2,2,2,3,4,8,8,2,2,5,4,3,3,5,7,9,9,3,5,2,1,,9,,,b'\x11\xe8\xe1I\xcb\x95\xa0\x02\xaf\x82\x12\xdf\x17\xaeN\x1e'
11E8E149-CB95-A002-AF82-12DF17AE4E1E,2018-ncaa-d1-natl,ncaa,61,57,53,64,77,63,69,65,122,192,230,129,16,20,50,22,229,270,61,268,243,86,144,63,73,40,29,16,319,185,250,134,217,150,242,49,59,12,16,15,78,88,211,238,,,120,78,,,35,128,264,184,71,85,84,254,291,12,20,274,305,303,127,275,232,201,226,53,6,99,233,,68,,,32,86,139,223,67,244,265,140,23,106,1,94,102,88,187,94,62,204,242,41,38,34,17,23,154,252,217,291,250,286,242,79,77,75,87,53,26,32,64,97,,,229,251,,,35,241,41,40,22,47,73,111,186,199,15,74,73,66,69,76,119,195,239,227,63,101,28,47,,281,,,b'\x11\xe8\xe1I\xcb\x95\xa0\x02\xaf\x82\x12\xdf\x17\xaeN\x1e'
11E8E149-CB95-A002-AF82-12DF17AE4E1E,2019-ncaa-d0-natl,ncaa,220,209,249,222,263,263,258,257,251,284,266,278,137,163,108,111,298,318,103,317,291,282,308,211,212,201,88,75,267,197,150,318,288,296,240,237,169,49,152,166,167,96,351,349,,,118,246,,,225,316,310,166,255,248,219,280,247,106,129,290,308,312,258,297,156,323,289,222,107,133,351,,186,,,223,88,78,45,219,42,19,243,225,208,242,303,123,115,204,107,253,44,44,257,259,233,295,292,183,147,288,72,150,81,240,143,235,218,131,182,38,100,110,174,,,279,197,,,225,38,181,252,219,152,127,66,78,28,276,262,166,155,148,57,68,209,129,159,180,172,64,138,,260,,,b'\x11\xe8\xe1I\xcb\x95\xa0\x02\xaf\x82\x12\xdf\x17\xaeN\x1e'
11E8E149-CB95-A002-AF82-12DF17AE4E1E,2019-ncaa-d1-conf-Sun Belt,ncaa,7,6,5,7,7,10,10,8,9,10,9,11,5,6,2,6,10,10,6,10,12,9,10,8,8,7,3,2,10,5,4,8,10,6,6,8,6,3,5,4,4,2,12,12,,,6,8,,,7,11,10,6,11,10,8,10,9,3,6,11,11,11,9,10,5,8,5,7,3,4,12,,8,,,7,4,3,4,4,1,2,5,7,8,5,11,8,7,7,7,10,4,2,5,6,5,12,10,10,6,10,4,4,4,6,4,11,8,6,5,3,3,6,8,,,10,9,,,7,3,6,7,7,3,3,4,1,2,8,9,7,7,7,4,3,8,4,4,6,7,2,8,,10,,,b'\x11\xe8\xe1I\xcb\x95\xa0\x02\xaf\x82\x12\xdf\x17\xaeN\x1e'
11E8E149-CB95-A002-AF82-12DF17AE4E1E,2019-ncaa-d1-natl,ncaa,201,209,155,211,193,218,218,193,221,262,238,257,110,124,95,109,281,304,104,304,297,236,266,185,193,176,93,72,282,166,129,282,281,245,227,172,115,66,123,117,120,82,351,348,,,140,205,,,186,289,307,180,222,221,188,270,236,94,121,292,311,312,235,286,144,306,258,153,97,111,350,,155,,,186,82,85,79,172,55,27,205,239,252,184,306,122,112,206,108,227,60,87,218,219,178,292,292,177,203,281,89,129,119,227,151,233,165,96,148,44,83,125,167,,,261,212,,,186,67,144,202,183,114,105,69,58,24,258,265,142,126,121,56,74,215,119,155,157,145,58,141,,263,,,b'\x11\xe8\xe1I\xcb\x95\xa0\x02\xaf\x82\x12\xdf\x17\xaeN\x1e'
11E8E149-CB95-A002-AF82-12DF17AE4E1E,2020-ncaa-d0-natl,ncaa,239,216,260,236,263,278,265,253,254,226,199,253,262,257,249,218,253,267,173,273,251,264,298,267,264,223,234,216,164,267,278,319,283,325,317,163,52,43,101,88,159,124,345,344,,,183,277,,,242,299,273,20,246,235,196,200,136,243,224,225,233,241,210,268,251,311,317,120,74,137,344,,253,,,245,115,90,39,246,104,85,176,112,59,325,87,222,235,155,242,282,57,56,247,261,225,220,150,271,167,283,211,278,197,317,105,155,168,108,120,122,196,123,135,,,176,56,,,242,53,238,250,249,191,151,76,156,155,160,74,261,268,274,114,138,224,285,266,140,130,174,154,,107,,,b'\x11\xe8\xe1I\xcb\x95\xa0\x02\xaf\x82\x12\xdf\x17\xaeN\x1e'
11E8E149-CB95-A002-AF82-12DF17AE4E1E,2020-ncaa-d1-conf-Sun Belt,ncaa,10,10,5,10,6,9,9,8,9,7,6,11,6,9,2,8,9,8,6,10,10,9,9,9,9,8,8,6,8,7,8,11,12,8,11,2,2,1,3,2,5,5,12,12,,,7,8,,,9,10,11,2,9,9,7,7,4,8,10,8,8,9,8,9,7,11,9,3,2,5,12,,9,,,9,8,7,5,10,9,5,10,5,4,10,4,8,8,8,9,10,4,3,10,11,9,5,5,8,9,12,10,8,10,11,9,8,6,5,8,4,5,8,9,,,6,2,,,9,3,8,10,9,7,5,3,8,5,5,4,8,8,8,4,4,8,11,10,8,6,4,8,,6,,,b'\x11\xe8\xe1I\xcb\x95\xa0\x02\xaf\x82\x12\xdf\x17\xaeN\x1e'
11E8E149-CB95-A002-AF82-12DF17AE4E1E,2020-ncaa-d1-natl,ncaa,238,215,257,240,258,267,259,248,253,232,192,269,242,244,199,214,246,260,189,265,241,265,300,263,257,216,208,191,167,256,272,316,285,318,310,142,49,43,96,87,171,141,345,344,,,224,290,,,240,301,272,19,241,233,184,214,137,220,216,221,220,231,208,265,241,304,308,118,76,147,344,,266,,,241,115,94,44,229,119,95,195,106,63,288,92,233,254,130,260,287,64,66,228,246,213,208,132,277,189,285,229,272,217,310,103,151,175,115,117,127,193,121,125,,,152,53,,,240,51,227,242,242,176,139,72,153,144,138,79,264,279,286,114,140,227,278,266,132,133,177,147,,98,,,b'\x11\xe8\xe1I\xcb\x95\xa0\x02\xaf\x82\x12\xdf\x17\xaeN\x1e'
11E8E149-CB95-A002-AF82-12DF17AE4E1E,2021-ncaa-d0-natl,ncaa,151,165,157,157,160,183,200,202,187,185,187,170,222,215,252,234,67,88,72,92,44,187,184,210,155,177,154,271,16,201,205,230,135,223,203,139,52,192,224,158,108,76,317,333,,,190,255,,,122,186,238,64,202,259,288,203,201,257,254,27,50,50,236,238,230,288,296,135,198,101,333,,204,,,124,117,121,108,223,159,140,230,77,84,90,95,161,160,182,154,201,110,144,182,197,80,79,60,223,95,135,142,205,121,203,108,96,55,16,23,164,172,118,124,,,64,5,,,122,159,189,63,121,63,78,26,139,83,41,46,149,155,147,23,83,54,120,74,71,32,160,104,,12,,,b'\x11\xe8\xe1I\xcb\x95\xa0\x02\xaf\x82\x12\xdf\x17\xaeN\x1e'
11E8E149-CB95-A002-AF82-12DF17AE4E1E,2021-ncaa-d1-conf-Sun Belt,ncaa,8,6,5,8,5,7,8,8,3,7,8,2,8,7,8,7,3,5,1,5,5,8,7,2,1,3,6,8,1,9,8,11,8,11,10,3,2,3,6,3,6,3,12,11,,,5,9,,,5,7,8,2,6,6,10,6,7,9,8,2,5,5,8,8,10,12,12,3,4,6,11,,6,,,5,5,4,2,10,6,5,12,3,3,6,4,6,5,10,5,7,3,6,9,9,7,2,4,7,4,8,5,8,5,10,4,7,4,1,3,4,4,3,4,,,4,1,,,5,6,3,5,5,4,4,3,5,3,4,4,5,4,4,3,5,3,3,3,4,2,3,3,,3,,,b'\x11\xe8\xe1I\xcb\x95\xa0\x02\xaf\x82\x12\xdf\x17\xaeN\x1e'
11E8E149-CB95-A002-AF82-12DF17AE4E1E,2021-ncaa-d1-natl,ncaa,164,165,182,163,187,197,216,221,196,200,204,173,230,221,252,232,77,101,71,105,42,210,207,214,158,184,147,269,15,217,208,240,143,239,208,157,50,179,228,160,123,81,320,334,,,178,257,,,133,207,242,63,212,272,292,209,209,256,254,30,55,54,242,243,237,293,303,140,200,106,333,,205,,,135,105,114,100,230,144,126,238,72,79,94,92,153,151,182,145,203,102,129,194,205,88,76,58,222,88,143,126,208,110,208,101,97,65,16,23,157,177,115,129,,,74,4,,,133,138,194,71,132,66,81,24,145,84,39,46,151,156,149,21,82,57,123,78,73,36,164,107,,12,,,b'\x11\xe8\xe1I\xcb\x95\xa0\x02\xaf\x82\x12\xdf\x17\xaeN\x1e'
11E8E149-CB95-A002-AF82-12DF17AE4E1E,2022-ncaa-d0-natl,ncaa,214,157,295,208,296,242,242,292,110,224,269,105,227,253,183,188,225,211,247,200,100,279,278,121,132,174,204,201,168,273,209,279,123,286,166,153,42,185,264,151,245,210,320,323,,,113,236,,,238,272,111,17,140,139,207,130,183,184,184,145,123,110,190,110,204,195,217,54,285,197,304,,252,,,244,123,168,67,336,236,119,338,38,48,86,88,124,154,70,151,210,65,63,307,292,289,28,35,149,33,123,53,209,35,166,63,36,262,189,161,261,309,144,219,,,207,90,,,238,80,194,261,241,285,303,190,336,247,80,102,224,255,253,218,223,103,179,142,149,171,319,229,,73,,,b'\x11\xe8\xe1I\xcb\x95\xa0\x02\xaf\x82\x12\xdf\x17\xaeN\x1e'
11E8E149-CB95-A002-AF82-12DF17AE4E1E,2022-ncaa-d1-conf-Sun Belt,ncaa,3,6,3,6,3,4,3,4,2,4,7,3,3,6,2,4,6,8,5,8,10,4,4,2,4,5,6,4,9,7,8,4,1,5,4,2,1,10,11,4,6,9,6,10,,,8,6,,,8,4,10,1,7,7,11,8,10,5,6,8,9,8,10,9,8,7,6,1,10,10,10,,5,,,8,11,11,10,10,11,10,10,4,6,2,4,7,7,2,7,3,9,9,10,10,10,2,1,3,4,1,8,8,7,4,7,2,6,12,9,11,11,10,10,,,5,8,,,8,9,6,9,8,6,10,4,11,7,3,4,4,4,4,4,4,2,2,1,6,12,11,8,,9,,,b'\x11\xe8\xe1I\xcb\x95\xa0\x02\xaf\x82\x12\xdf\x17\xaeN\x1e'
11E8E149-CB95-A002-AF82-12DF17AE4E1E,2022-ncaa-d1-natl,ncaa,176,157,213,175,217,159,147,214,63,127,179,60,196,216,140,206,177,152,243,141,121,205,181,76,90,135,237,217,196,205,165,194,78,200,100,63,28,249,249,115,161,149,288,306,,,167,214,,,159,180,106,21,105,87,178,76,149,177,196,144,123,110,161,99,179,147,153,26,275,145,289,,216,,,157,166,203,136,289,264,175,313,57,89,60,103,157,190,76,187,176,128,142,246,244,230,35,51,156,55,78,89,165,59,100,83,31,184,157,101,301,300,185,192,,,145,120,,,159,171,145,186,165,224,262,182,305,223,71,105,188,222,222,186,212,76,123,87,111,147,308,217,,96,,,b'\x11\xe8\xe1I\xcb\x95\xa0\x02\xaf\x82\x12\xdf\x17\xaeN\x1e'
11E8E149-CB95-A002-AF82-12DF17AE4E1E,2023-ncaa-d0-natl,ncaa,87,52,164,72,185,175,180,246,99,176,212,151,193,248,57,224,117,149,75,154,122,235,268,115,92,96,162,195,104,309,300,182,293,250,282,123,51,76,139,88,164,151,226,247,,,198,208,,,107,245,245,118,153,179,292,172,205,186,248,96,138,142,265,297,318,168,275,98,91,155,220,,215,,,106,80,78,163,70,121,209,74,82,112,78,107,156,185,95,193,175,162,178,55,58,52,126,107,221,311,293,153,300,231,282,14,12,152,140,24,107,170,65,78,,,98,18,,,107,141,126,90,96,87,98,180,144,247,89,119,178,201,207,194,214,319,175,264,20,133,131,70,,72,,,b'\x11\xe8\xe1I\xcb\x95\xa0\x02\xaf\x82\x12\xdf\x17\xaeN\x1e'
11E8E149-CB95-A002-AF82-12DF17AE4E1E,2023-ncaa-d1-conf-Sun Belt,ncaa,2,2,1,2,4,6,6,8,2,7,10,2,7,9,3,6,6,8,3,8,5,8,9,2,2,1,7,8,8,11,11,6,10,9,10,1,1,6,8,1,6,6,7,9,,,9,8,,,3,6,11,12,7,8,12,8,10,7,9,9,11,11,13,13,13,10,13,1,3,7,7,,5,,,3,6,5,9,6,9,11,5,4,6,3,6,3,7,3,7,7,9,11,4,2,2,4,5,5,11,10,7,11,9,10,1,1,6,6,2,5,6,7,6,,,2,2,,,3,9,4,2,1,2,4,4,6,6,2,2,3,4,4,4,5,7,4,7,1,7,3,7,,7,,,b'\x11\xe8\xe1I\xcb\x95\xa0\x02\xaf\x82\x12\xdf\x17\xaeN\x1e'
11E8E149-CB95-A002-AF82-12DF17AE4E1E,2023-ncaa-d1-natl,ncaa,52,52,56,55,69,97,108,139,87,114,130,130,134,179,52,205,86,113,90,120,132,138,143,93,81,77,163,178,135,232,258,109,272,145,249,61,50,120,106,64,99,134,176,211,,,238,173,,,64,123,249,142,134,143,261,153,192,162,215,106,140,145,239,282,283,155,235,71,82,130,201,,172,,,63,134,140,257,47,163,275,57,107,171,63,133,176,204,66,212,147,255,281,37,36,27,132,145,204,338,272,232,258,301,249,19,16,79,100,16,147,138,69,58,,,59,28,,,64,252,91,50,54,52,64,158,108,206,81,129,126,156,169,152,201,303,154,235,17,113,112,48,,90,,,b'\x11\xe8\xe1I\xcb\x95\xa0\x02\xaf\x82\x12\xdf\x17\xaeN\x1e'
11E8E149-CB95-A002-AF82-12DF17AE4E1E,2024-ncaa-d0-natl,ncaa,225,228,196,234,237,201,224,250,172,221,209,226,206,258,87,228,112,129,100,129,89,231,204,172,151,195,136,201,56,181,117,325,327,294,255,257,261,281,304,292,117,99,270,268,,,256,308,,,193,221,190,229,191,224,267,219,200,190,242,86,106,108,249,174,167,345,314,264,298,105,268,,289,,,194,142,115,76,268,202,109,311,37,73,29,99,286,281,213,271,301,96,140,232,262,162,95,22,310,224,327,56,117,100,255,72,75,78,40,33,283,298,278,306,,,78,23,,,193,132,191,199,203,182,143,55,235,118,40,72,296,292,281,91,198,254,73,131,88,48,295,310,,32,,,b'\x11\xe8\xe1I\xcb\x95\xa0\x02\xaf\x82\x12\xdf\x17\xaeN\x1e'
11E8E149-CB95-A002-AF82-12DF17AE4E1E,2024-ncaa-d1-conf-Sun Belt,ncaa,13,12,11,13,13,13,12,14,5,12,13,4,8,8,7,6,14,14,4,14,9,14,13,4,4,11,7,7,10,13,11,14,14,14,12,10,5,12,14,11,8,6,11,8,,,3,13,,,12,13,12,8,12,11,13,11,13,6,8,13,13,13,13,12,12,14,13,10,14,7,10,,9,,,12,3,3,1,12,5,2,13,2,2,4,7,12,7,14,7,13,1,2,12,14,12,6,3,13,5,14,1,11,1,12,2,9,5,4,4,13,14,4,9,,,10,3,,,12,2,12,10,12,5,4,3,8,3,3,4,13,10,10,2,3,6,1,1,3,3,13,7,,6,,,b'\x11\xe8\xe1I\xcb\x95\xa0\x02\xaf\x82\x12\xdf\x17\xaeN\x1e'
11E8E149-CB95-A002-AF82-12DF17AE4E1E,2024-ncaa-d1-natl,ncaa,218,230,130,229,172,163,195,212,162,178,180,199,207,242,117,233,84,95,96,95,82,197,144,170,144,198,157,224,47,144,99,288,302,243,217,238,257,323,313,298,99,95,259,272,,,280,296,,,170,155,170,246,180,216,259,200,196,210,247,71,94,91,241,155,152,331,290,250,312,103,279,,277,,,171,174,158,101,257,246,151,309,33,85,24,91,296,294,171,291,296,135,213,212,243,138,72,23,305,243,302,79,99,131,217,72,52,49,42,28,311,299,285,289,,,46,18,,,170,195,188,151,183,163,140,60,238,129,23,70,284,286,282,87,206,233,65,120,73,44,304,296,,31,,,b'\x11\xe8\xe1I\xcb\x95\xa0\x02\xaf\x82\x12\xdf\x17\xaeN\x1e'
11E8E149-CB95-A002-AF82-12DF17AE4E1E,2025-ncaa-d0-natl,genius_ncaa,246,199,301,241,328,305,323,327,274,281,240,273,329,325,309,306,101,78,269,78,34,297,282,305,277,297,213,316,10,183,120,330,280,294,225,304,224,239,302,312,217,164,348,342,,,236,336,,227,274,302,153,269,273,305,286,234,155,320,310,40,24,24,217,138,122,303,231,292,315,154,347,,331,,291,276,92,74,36,278,121,54,312,43,56,80,123,273,283,136,285,339,51,65,251,277,219,154,52,331,130,280,60,120,67,225,30,50,178,96,69,299,335,156,219,,,88,11,,36,274,63,289,224,276,223,188,98,242,123,91,113,327,332,336,149,201,218,168,192,82,96,336,234,,15,,20,b'\x11\xe8\xe1I\xcb\x95\xa0\x02\xaf\x82\x12\xdf\x17\xaeN\x1e'
11E8E149-CB95-A002-AF82-12DF17AE4E1E,2025-ncaa-d1-conf-Sun Belt,genius_ncaa,11,9,8,11,11,13,14,13,12,10,10,11,13,12,13,11,7,5,8,5,2,12,11,13,13,13,7,10,1,10,10,13,8,13,9,13,7,12,12,12,11,11,13,14,,,9,14,,10,12,11,8,11,13,14,13,9,9,13,11,4,3,3,12,10,9,11,12,12,13,11,13,,13,,12,12,4,3,2,9,6,4,13,1,2,4,5,11,10,10,10,11,2,3,7,8,8,5,1,14,5,8,4,10,4,9,2,3,8,6,2,13,14,6,7,,,3,1,,3,12,4,12,7,12,5,3,3,9,5,1,3,13,11,11,4,5,7,5,5,2,7,13,7,,2,,3,b'\x11\xe8\xe1I\xcb\x95\xa0\x02\xaf\x82\x12\xdf\x17\xaeN\x1e'
11E8E149-CB95-A002-AF82-12DF17AE4E1E,2025-ncaa-d1-natl,genius_ncaa,222,199,244,224,289,263,283,296,232,218,193,236,325,320,309,313,69,54,247,55,38,249,230,274,243,277,234,321,13,162,113,299,246,256,200,280,230,271,291,299,173,151,350,352,,,283,331,,228,248,245,139,269,241,274,277,188,134,322,317,37,25,25,202,128,123,280,214,275,314,148,351,,328,,263,250,144,112,62,260,171,98,287,52,65,92,98,306,317,122,317,339,87,123,228,252,203,151,44,332,151,246,92,113,110,200,41,43,141,100,65,314,331,151,165,,,51,11,,26,248,122,262,201,249,217,167,100,236,144,83,90,328,337,340,155,209,212,150,169,67,95,334,187,,15,,22,b'\x11\xe8\xe1I\xcb\x95\xa0\x02\xaf\x82\x12\xdf\x17\xaeN\x1e'
11E8E149-CB95-A002-AF82-12DF17AE4E1E,2026-ncaa-d0-natl,genius_ncaa,260,250,206,273,216,247,225,225,232,174,149,261,308,310,269,322,232,256,118,255,318,232,227,276,271,273,329,317,165,196,174,285,238,267,241,270,311,200,253,277,140,84,127,48,,,203,325,,245,219,227,166,97,246,220,172,139,58,326,323,210,243,241,188,154,164,321,283,278,261,95,94,,302,,293,220,114,82,68,248,57,47,261,196,143,274,265,226,246,130,241,345,76,111,278,290,185,331,261,305,100,238,144,174,121,241,111,216,107,28,71,190,231,197,172,,,199,152,,19,219,118,260,177,233,172,99,21,67,18,249,192,284,288,285,42,130,154,200,166,140,42,255,243,,144,,9,b'\x11\xe8\xe1I\xcb\x95\xa0\x02\xaf\x82\x12\xdf\x17\xaeN\x1e'
11E8E149-CB95-A002-AF82-12DF17AE4E1E,2026-ncaa-d1-natl,genius_ncaa,256,249,177,275,197,260,234,223,260,167,115,279,331,322,311,331,249,256,179,256,324,237,208,304,303,300,348,337,178,184,203,276,218,258,233,275,288,232,271,288,139,95,128,61,,,235,325,,226,235,209,158,100,272,233,172,135,47,346,331,252,250,249,194,145,168,290,255,283,280,95,115,,294,,248,234,121,77,61,225,59,39,224,195,168,232,257,236,257,120,250,338,78,119,251,266,157,323,250,304,112,218,184,203,157,233,106,206,86,35,71,231,267,208,167,,,199,170,,12,235,122,289,155,251,143,82,28,69,20,224,187,267,287,283,52,127,139,228,196,130,51,281,234,,164,,10,b'\x11\xe8\xe1I\xcb\x95\xa0\x02\xaf\x82\x12\xdf\x17\xaeN\x1e'
11E8E149-CB99-D974-AF82-12DF17AE4E1E,2010-ncaa-d0-natl,ncaa,108,145,50,135,51,83,83,80,127,60,52,143,205,214,160,267,74,48,269,48,111,68,73,157,168,138,253,264,125,125,206,115,208,108,220,108,195,169,89,118,49,74,100,142,,,268,180,,,132,62,181,13,128,119,146,86,84,240,266,109,65,63,121,158,179,204,206,147,100,72,120,,183,,,133,284,310,279,237,322,294,275,123,182,58,111,149,164,124,169,87,273,279,196,171,153,32,74,89,261,208,302,206,302,220,256,106,75,136,150,45,26,284,205,,,23,33,,,132,279,143,151,141,174,236,194,285,245,74,109,99,107,113,176,200,186,225,222,175,131,28,247,,32,,,b'\x11\xe8\xe1I\xcb\x99\xd9t\xaf\x82\x12\xdf\x17\xaeN\x1e'
11E8E149-CB99-D974-AF82-12DF17AE4E1E,2010-ncaa-d1-conf-Big 12,ncaa,9,8,8,9,8,9,8,6,9,8,6,10,9,9,8,9,9,7,12,7,6,7,7,11,11,11,9,8,9,9,12,10,9,10,11,8,9,6,6,9,3,4,7,8,,,9,10,,,10,7,7,2,9,7,4,8,4,8,9,9,4,4,6,5,8,9,9,8,8,3,7,,10,,,10,8,6,5,10,7,5,9,5,4,8,4,8,8,3,9,9,5,6,10,10,8,6,6,8,8,9,11,12,10,11,9,9,4,4,7,1,2,7,6,,,7,4,,,10,6,11,8,10,10,10,7,10,8,6,5,9,9,10,6,10,11,12,12,10,4,3,7,,4,,,b'\x11\xe8\xe1I\xcb\x99\xd9t\xaf\x82\x12\xdf\x17\xaeN\x1e'
11E8E149-CB99-D974-AF82-12DF17AE4E1E,2010-ncaa-d1-natl,ncaa,114,145,53,142,54,94,89,84,131,63,56,149,210,229,160,267,82,53,268,53,109,73,85,162,174,140,252,264,124,134,211,123,210,121,229,113,196,158,90,122,52,76,104,144,,,258,180,,,139,69,185,14,131,126,149,89,85,240,266,110,66,64,123,159,182,207,208,150,101,79,124,,181,,,140,277,304,274,245,317,291,283,114,173,67,110,144,154,124,158,89,266,273,202,177,158,31,72,89,254,210,293,211,295,229,245,110,86,143,156,42,26,281,208,,,24,32,,,139,271,146,155,148,175,243,197,289,247,75,108,105,108,114,179,199,191,227,222,183,138,28,252,,34,,,b'\x11\xe8\xe1I\xcb\x99\xd9t\xaf\x82\x12\xdf\x17\xaeN\x1e'
11E8E149-CB99-D974-AF82-12DF17AE4E1E,2011-ncaa-d0-natl,ncaa,58,60,43,61,56,87,63,72,76,45,41,123,204,262,41,293,134,145,175,146,293,77,80,107,123,109,299,262,241,97,108,63,33,61,42,63,150,157,100,67,32,24,91,111,,,226,185,,,42,86,233,141,124,79,144,53,60,233,292,197,203,205,154,207,153,111,108,86,90,38,121,,135,,,42,118,143,213,80,174,251,84,107,135,109,120,112,113,169,117,88,197,233,67,64,51,94,133,138,108,33,198,108,159,42,120,134,74,81,73,45,22,327,255,,,129,207,,,42,251,100,35,42,43,64,78,91,136,77,81,69,72,74,52,67,38,88,52,69,125,27,309,,222,,,b'\x11\xe8\xe1I\xcb\x99\xd9t\xaf\x82\x12\xdf\x17\xaeN\x1e'
11E8E149-CB99-D974-AF82-12DF17AE4E1E,2011-ncaa-d1-conf-Big 12,ncaa,6,6,3,6,7,7,7,5,7,5,4,8,10,10,3,11,6,8,6,7,8,5,5,8,8,8,9,8,6,7,7,6,6,7,6,5,5,6,7,8,2,2,6,6,,,9,10,,,6,6,7,6,7,7,7,6,5,9,10,6,8,7,8,7,9,7,10,5,7,2,6,,9,,,6,3,4,5,6,7,7,4,1,3,5,3,8,9,5,9,9,6,7,4,4,3,3,4,9,4,6,5,7,3,6,4,8,3,3,4,2,4,12,12,,,8,8,,,6,7,8,4,6,5,5,4,6,6,2,4,8,7,8,4,5,5,5,5,4,4,4,12,,8,,,b'\x11\xe8\xe1I\xcb\x99\xd9t\xaf\x82\x12\xdf\x17\xaeN\x1e'
11E8E149-CB99-D974-AF82-12DF17AE4E1E,2011-ncaa-d1-natl,ncaa,63,57,51,63,67,96,69,81,80,48,47,128,213,267,41,293,147,156,172,156,295,87,93,112,125,114,296,264,234,109,111,74,37,73,45,69,152,141,101,69,35,26,98,114,,,208,189,,,46,103,237,137,132,81,148,54,63,235,293,199,206,206,158,210,154,114,110,93,91,40,122,,134,,,47,98,127,189,84,163,235,89,96,121,113,116,103,97,174,104,89,171,212,71,68,54,92,132,137,89,37,180,111,132,45,106,135,89,87,77,35,24,323,260,,,145,207,,,46,236,104,37,46,47,66,79,96,141,78,82,70,71,74,55,65,39,92,52,70,128,26,311,,223,,,b'\x11\xe8\xe1I\xcb\x99\xd9t\xaf\x82\x12\xdf\x17\xaeN\x1e'
11E8E149-CB99-D974-AF82-12DF17AE4E1E,2011-ncaa-d1-ncaatournament,ncaa,33,2,33,33,34,51,46,44,50,39,35,52,55,63,48,55,52,55,16,55,57,45,44,54,55,56,59,53,51,43,41,38,44,38,39,46,36,25,56,51,31,8,32,28,,,17,25,,,28,41,16,3,50,44,24,32,11,51,58,51,55,55,38,25,27,13,14,44,55,6,17,,37,,,34,2,3,19,7,9,28,5,4,1,29,1,7,18,6,14,20,18,27,1,2,1,11,6,36,30,44,19,41,23,39,11,39,35,10,7,27,53,11,22,,,56,59,,,28,25,57,1,32,6,11,39,31,59,4,1,22,40,35,41,54,57,50,53,23,4,54,22,,56,,,b'\x11\xe8\xe1I\xcb\x99\xd9t\xaf\x82\x12\xdf\x17\xaeN\x1e'
11E8E149-CB99-D974-AF82-12DF17AE4E1E,2012-ncaa-d0-natl,ncaa,73,129,11,107,21,34,44,19,172,52,29,192,86,93,122,195,14,9,237,9,60,16,17,179,160,113,131,181,74,11,47,28,31,14,35,76,233,211,47,111,21,38,67,91,,,315,258,,,52,25,141,262,79,100,73,113,94,146,154,35,20,21,42,76,22,141,47,155,74,49,106,,220,,,55,285,272,292,167,289,291,196,179,244,79,157,292,256,306,261,172,303,308,148,176,126,145,102,233,129,31,319,47,283,35,284,222,35,81,126,57,6,323,236,,,5,39,,,52,319,70,79,59,117,118,91,142,112,99,122,179,135,139,92,116,22,167,84,166,108,19,284,,18,,,b'\x11\xe8\xe1I\xcb\x99\xd9t\xaf\x82\x12\xdf\x17\xaeN\x1e'
11E8E149-CB99-D974-AF82-12DF17AE4E1E,2012-ncaa-d1-conf-Big 12,ncaa,9,9,3,9,6,6,7,4,9,6,5,10,7,5,8,5,3,3,10,3,4,3,4,9,9,9,5,5,3,3,4,6,3,4,5,10,10,5,4,9,4,3,7,7,,,7,8,,,7,5,4,7,7,8,4,6,5,7,5,4,3,3,5,3,4,7,5,10,5,4,7,,6,,,7,7,7,5,8,6,3,9,3,4,4,6,5,5,6,5,5,5,5,9,9,8,3,3,5,2,3,9,4,6,5,8,7,2,2,5,2,3,10,8,,,4,5,,,7,6,8,5,7,5,6,3,5,3,3,4,5,5,5,3,3,1,9,6,9,3,3,10,,4,,,b'\x11\xe8\xe1I\xcb\x99\xd9t\xaf\x82\x12\xdf\x17\xaeN\x1e'
11E8E149-CB99-D974-AF82-12DF17AE4E1E,2012-ncaa-d1-natl,ncaa,81,129,12,109,22,35,49,21,176,56,29,200,95,99,123,195,17,11,238,11,56,16,18,185,170,113,127,180,66,13,48,35,32,15,37,81,236,187,48,114,25,39,72,93,,,310,258,,,56,26,147,262,83,106,76,117,98,147,156,34,21,21,43,79,23,144,52,166,74,53,107,,223,,,60,273,257,280,176,275,280,200,162,229,85,152,286,244,308,249,172,292,303,158,182,134,144,105,234,116,32,314,48,265,37,281,226,41,87,132,49,7,321,243,,,5,35,,,56,318,76,89,64,122,125,92,148,113,103,125,185,138,141,97,117,23,174,86,172,114,20,284,,18,,,b'\x11\xe8\xe1I\xcb\x99\xd9t\xaf\x82\x12\xdf\x17\xaeN\x1e'
11E8E149-CB99-D974-AF82-12DF17AE4E1E,2013-ncaa-d0-natl,ncaa,72,65,80,76,89,94,132,126,140,148,156,180,105,136,77,168,24,27,114,29,34,99,135,136,101,69,66,157,32,78,87,264,190,177,153,248,324,44,37,158,44,29,301,304,,,207,226,,,65,161,267,132,101,160,181,190,198,118,155,22,28,30,138,225,100,326,253,286,40,53,315,,160,,,63,159,187,104,274,195,123,258,165,129,259,166,116,109,218,101,130,88,174,272,260,151,129,185,124,104,190,173,87,141,153,197,212,41,22,79,27,22,333,326,,,18,7,,,65,194,46,125,58,95,129,32,131,57,147,92,83,79,76,24,72,72,115,83,161,55,27,319,,16,,,b'\x11\xe8\xe1I\xcb\x99\xd9t\xaf\x82\x12\xdf\x17\xaeN\x1e'
11E8E149-CB99-D974-AF82-12DF17AE4E1E,2013-ncaa-d1-conf-Big 12,ncaa,4,3,7,4,7,7,9,8,8,8,7,8,7,7,6,5,4,5,4,5,3,8,9,9,7,7,5,6,1,5,5,10,9,8,7,10,10,2,3,9,4,2,9,9,,,4,9,,,6,10,9,4,6,8,8,7,6,7,7,3,3,3,6,8,4,10,8,10,2,3,9,,6,,,6,4,5,2,9,7,5,8,3,2,9,3,3,3,4,3,5,1,1,9,9,5,3,4,6,2,9,5,5,3,7,4,6,3,2,3,2,3,9,9,,,4,3,,,6,1,6,6,5,6,6,2,7,7,3,2,4,4,4,1,3,3,5,5,5,2,2,9,,3,,,b'\x11\xe8\xe1I\xcb\x99\xd9t\xaf\x82\x12\xdf\x17\xaeN\x1e'
11E8E149-CB99-D974-AF82-12DF17AE4E1E,2013-ncaa-d1-natl,ncaa,77,65,90,76,103,103,141,139,146,163,172,185,107,146,77,164,26,31,114,31,34,114,154,137,103,71,63,152,33,89,94,285,194,199,156,267,324,39,39,165,46,29,305,307,,,193,228,,,74,181,270,129,104,167,185,193,201,117,158,23,30,32,146,227,105,326,256,292,41,55,314,,162,,,70,142,169,75,280,177,93,261,154,119,261,168,105,98,219,90,132,66,149,277,267,161,127,186,124,90,194,157,94,113,156,190,214,47,25,80,21,23,331,328,,,21,8,,,74,175,49,135,65,100,131,32,137,59,147,90,84,80,76,24,73,73,117,85,168,59,27,320,,16,,,b'\x11\xe8\xe1I\xcb\x99\xd9t\xaf\x82\x12\xdf\x17\xaeN\x1e'
11E8E149-CB99-D974-AF82-12DF17AE4E1E,2013-ncaa-d1-ncaatournament,ncaa,33,2,33,33,35,37,40,49,41,47,47,53,36,47,19,32,27,26,34,26,1,39,43,39,29,26,7,27,4,49,48,36,15,44,39,36,5,12,11,14,42,29,57,58,,,24,53,,,22,38,6,7,16,36,30,44,37,17,24,2,1,1,11,18,36,16,28,11,17,29,55,,53,,,24,14,11,18,32,11,11,33,23,26,36,42,23,22,26,20,48,21,21,36,35,36,41,38,43,11,15,26,48,21,39,20,56,42,26,41,8,10,16,38,,,32,2,,,22,25,28,25,23,42,35,30,33,26,39,42,44,45,43,39,41,16,58,49,51,20,10,37,,1,,,b'\x11\xe8\xe1I\xcb\x99\xd9t\xaf\x82\x12\xdf\x17\xaeN\x1e'
11E8E149-CB99-D974-AF82-12DF17AE4E1E,2014-ncaa-d0-natl,ncaa,312,326,180,318,219,308,297,272,306,253,200,311,286,267,300,230,252,273,135,271,267,276,279,314,307,299,238,243,114,260,274,274,234,286,285,298,257,125,209,279,286,269,132,128,,,109,186,,,326,269,288,191,318,315,273,256,180,287,263,252,270,267,287,291,258,291,303,309,148,283,123,,133,,,323,172,203,125,297,216,176,238,179,87,339,97,117,98,296,94,96,107,82,295,293,314,111,173,113,121,234,198,274,176,285,197,167,283,255,277,108,185,145,176,,,272,195,,,326,77,306,309,324,230,256,150,244,227,197,91,139,109,106,133,72,154,239,229,227,283,140,168,,267,,,b'\x11\xe8\xe1I\xcb\x99\xd9t\xaf\x82\x12\xdf\x17\xaeN\x1e'
11E8E149-CB99-D974-AF82-12DF17AE4E1E,2014-ncaa-d1-conf-Big 12,ncaa,10,10,7,10,9,10,10,10,10,8,6,10,10,10,10,8,10,10,10,10,10,10,10,10,10,10,8,8,7,6,8,10,9,10,9,10,7,3,6,9,9,7,7,7,,,3,5,,,10,10,10,4,10,10,8,7,4,10,9,10,10,10,9,9,6,10,9,9,6,8,7,,4,,,10,10,10,2,10,9,5,10,7,3,10,2,4,3,10,3,4,3,2,10,10,10,3,3,3,7,9,9,8,8,9,10,7,10,7,10,6,6,3,2,,,10,8,,,10,1,10,10,10,10,10,5,10,8,8,3,7,6,6,5,2,8,10,9,10,9,6,3,,9,,,b'\x11\xe8\xe1I\xcb\x99\xd9t\xaf\x82\x12\xdf\x17\xaeN\x1e'
11E8E149-CB99-D974-AF82-12DF17AE4E1E,2014-ncaa-d1-natl,ncaa,319,325,211,323,262,315,311,295,308,268,217,314,290,275,303,232,266,282,136,282,265,297,309,316,310,303,239,245,112,277,278,294,240,303,294,309,263,108,208,281,298,269,140,134,,,95,188,,,327,300,289,184,321,317,275,262,182,290,264,254,273,270,289,292,260,292,306,311,148,287,126,,134,,,327,155,184,96,298,203,158,247,165,78,340,95,107,87,299,83,97,77,50,299,298,316,108,175,112,111,240,179,278,155,294,183,170,300,258,283,98,184,138,178,,,298,195,,,327,44,309,315,327,234,261,155,252,230,196,87,139,111,108,132,73,155,237,232,228,282,137,173,,272,,,b'\x11\xe8\xe1I\xcb\x99\xd9t\xaf\x82\x12\xdf\x17\xaeN\x1e'
11E8E149-CB99-D974-AF82-12DF17AE4E1E,2015-ncaa-d0-natl,ncaa,162,189,113,184,131,242,259,230,259,271,228,293,154,177,88,154,190,170,203,169,124,225,211,233,236,242,88,109,118,241,265,204,126,224,238,263,238,201,238,276,121,103,188,172,,,302,335,,,188,195,274,123,286,300,292,306,266,155,188,213,203,200,289,281,277,229,282,290,189,127,205,,306,,,187,81,53,70,88,50,93,63,136,112,242,143,248,259,93,260,297,102,141,107,129,91,292,195,306,108,126,220,265,183,238,58,126,112,75,53,214,241,112,156,,,72,16,,,188,158,270,86,186,59,28,31,32,58,127,89,240,258,259,37,74,77,203,155,55,113,203,93,,59,,,b'\x11\xe8\xe1I\xcb\x99\xd9t\xaf\x82\x12\xdf\x17\xaeN\x1e'
11E8E149-CB99-D974-AF82-12DF17AE4E1E,2015-ncaa-d1-conf-Big 12,ncaa,10,10,7,10,7,10,10,9,10,9,8,10,5,6,5,5,9,8,6,8,5,9,8,8,7,9,3,3,6,8,10,8,6,9,8,10,8,5,8,10,6,4,9,7,,,8,10,,,7,8,6,4,10,9,8,9,7,5,6,9,7,7,9,8,8,8,8,10,7,4,9,,10,,,7,1,1,1,7,2,2,7,2,2,5,4,7,7,3,7,10,1,2,8,8,2,7,5,9,3,6,8,10,6,8,3,5,3,1,1,7,8,2,4,,,5,3,,,7,3,10,4,8,3,3,1,4,2,3,2,8,10,10,2,5,4,10,9,3,1,8,3,,5,,,b'\x11\xe8\xe1I\xcb\x99\xd9t\xaf\x82\x12\xdf\x17\xaeN\x1e'
11E8E149-CB99-D974-AF82-12DF17AE4E1E,2015-ncaa-d1-natl,ncaa,180,189,143,189,162,270,288,266,267,302,256,300,156,190,90,153,205,196,204,194,120,258,259,243,242,251,82,109,110,265,273,234,132,264,250,292,244,178,242,279,135,109,207,173,,,291,334,,,204,237,275,112,294,309,296,314,269,156,189,216,207,204,293,284,276,237,294,303,191,137,209,,306,,,204,55,37,43,101,42,69,68,118,88,253,137,239,248,97,247,298,59,94,113,140,99,291,187,306,84,132,200,273,151,250,43,130,132,82,60,197,242,98,159,,,92,13,,,204,113,272,95,204,62,32,31,34,60,130,86,244,262,262,38,73,80,209,158,58,114,206,99,,58,,,b'\x11\xe8\xe1I\xcb\x99\xd9t\xaf\x82\x12\xdf\x17\xaeN\x1e'
11E8E149-CB99-D974-AF82-12DF17AE4E1E,2016-ncaa-d0-natl,ncaa,196,228,114,219,145,155,129,81,224,114,88,245,158,153,179,197,268,228,311,215,297,97,102,234,266,237,237,168,298,83,128,166,134,115,150,216,294,202,156,234,138,157,189,211,,,241,223,,,227,112,111,177,173,126,60,119,84,174,166,287,258,250,84,81,77,197,124,237,195,153,195,,242,,,223,248,253,210,251,272,214,256,152,163,147,145,233,212,266,213,180,207,222,238,244,237,118,111,203,132,134,270,128,228,150,192,130,129,145,156,205,162,68,40,,,186,268,,,227,231,210,204,227,234,232,179,254,196,154,158,231,207,204,192,205,117,259,202,176,144,198,68,,218,,,b'\x11\xe8\xe1I\xcb\x99\xd9t\xaf\x82\x12\xdf\x17\xaeN\x1e'
11E8E149-CB99-D974-AF82-12DF17AE4E1E,2016-ncaa-d1-conf-Big 12,ncaa,9,9,3,9,3,9,7,3,9,7,3,9,7,7,9,7,9,9,9,9,9,4,4,10,10,9,7,6,8,4,6,9,7,6,6,10,10,5,5,9,8,9,10,10,,,7,7,,,9,4,5,3,9,9,1,7,3,7,7,9,9,9,4,4,4,9,6,10,6,9,10,,7,,,9,10,10,9,9,10,8,9,6,5,8,3,9,7,10,7,4,9,7,10,10,10,3,3,4,7,7,10,6,10,6,7,7,7,9,7,5,5,3,2,,,8,8,,,9,7,9,10,9,10,10,7,10,8,7,4,9,7,7,8,8,6,9,9,7,9,6,2,,8,,,b'\x11\xe8\xe1I\xcb\x99\xd9t\xaf\x82\x12\xdf\x17\xaeN\x1e'
11E8E149-CB99-D974-AF82-12DF17AE4E1E,2016-ncaa-d1-natl,ncaa,216,227,142,227,176,187,153,104,234,143,104,253,176,171,178,196,283,255,311,245,294,128,138,242,268,243,232,167,297,99,140,199,141,145,164,239,297,175,161,242,162,171,205,216,,,224,224,,,239,148,117,162,185,138,65,133,89,178,169,287,260,252,87,83,82,204,129,247,194,162,204,,244,,,239,230,236,181,259,259,187,265,137,147,151,142,218,196,274,195,182,179,177,244,254,245,115,111,201,108,141,254,140,198,164,172,132,162,156,175,186,167,63,41,,,218,266,,,239,195,220,215,242,238,240,183,263,202,154,157,236,211,211,194,202,118,264,206,186,152,199,72,,219,,,b'\x11\xe8\xe1I\xcb\x99\xd9t\xaf\x82\x12\xdf\x17\xaeN\x1e'
11E8E149-CB99-D974-AF82-12DF17AE4E1E,2017-ncaa-d0-natl,ncaa,184,210,116,204,145,105,80,116,67,83,96,116,125,191,17,213,264,249,229,258,321,137,162,71,91,81,239,155,329,274,308,57,210,120,241,214,329,113,98,179,287,322,47,81,,,41,14,,,167,117,101,209,100,58,116,84,92,126,206,288,277,288,157,201,298,24,122,235,94,306,44,,35,,,167,256,313,322,135,329,317,205,178,280,9,200,28,38,51,33,9,309,272,98,53,176,14,115,8,322,210,280,308,311,241,245,84,305,342,318,37,43,133,99,,,225,273,,,167,240,125,221,161,245,320,345,330,339,159,289,23,36,33,333,299,319,245,297,231,326,41,125,,272,,,b'\x11\xe8\xe1I\xcb\x99\xd9t\xaf\x82\x12\xdf\x17\xaeN\x1e'
11E8E149-CB99-D974-AF82-12DF17AE4E1E,2017-ncaa-d1-conf-Big 12,ncaa,8,8,3,8,4,9,6,5,7,7,5,7,6,6,4,6,9,10,8,10,9,9,9,7,8,8,7,5,9,10,10,2,6,5,8,9,10,7,8,9,10,10,6,7,,,3,1,,,9,5,7,4,9,7,8,7,6,6,6,10,10,10,10,9,10,2,7,9,6,10,6,,2,,,8,7,10,10,7,10,10,8,6,9,2,9,1,1,1,1,1,9,7,5,3,6,1,4,1,9,6,9,10,9,8,8,5,9,10,10,4,4,2,3,,,9,10,,,9,7,9,7,9,8,10,10,10,10,5,9,1,1,1,9,7,7,8,8,8,10,4,2,,10,,,b'\x11\xe8\xe1I\xcb\x99\xd9t\xaf\x82\x12\xdf\x17\xaeN\x1e'
11E8E149-CB99-D974-AF82-12DF17AE4E1E,2017-ncaa-d1-natl,ncaa,194,210,144,209,180,132,99,146,71,107,121,120,139,213,16,212,286,274,227,281,319,171,205,76,93,86,234,151,326,297,314,64,219,156,248,240,331,80,103,187,306,325,50,86,,,26,15,,,180,154,105,197,110,67,126,93,99,128,206,292,280,289,167,209,301,23,128,245,96,312,46,,36,,,180,232,307,318,144,326,315,218,156,266,10,202,21,27,53,24,9,303,252,105,57,183,13,111,9,314,219,258,314,290,248,232,89,324,343,322,31,46,118,103,,,255,271,,,180,207,130,232,176,252,322,345,334,340,162,287,24,36,32,334,299,321,249,299,241,330,42,131,,274,,,b'\x11\xe8\xe1I\xcb\x99\xd9t\xaf\x82\x12\xdf\x17\xaeN\x1e'
11E8E149-CB99-D974-AF82-12DF17AE4E1E,2018-ncaa-d0-natl,ncaa,293,308,164,303,164,210,157,203,106,100,139,93,288,266,282,275,277,139,349,144,159,197,113,152,236,284,325,288,280,86,46,95,181,82,59,193,237,344,330,305,296,314,151,206,,,133,92,,,321,133,88,5,214,145,196,68,118,288,271,289,118,119,171,56,73,46,34,182,338,292,146,,156,,,317,316,325,306,259,303,281,270,304,305,214,259,123,111,207,118,60,299,241,263,239,325,133,235,40,253,181,75,46,127,59,259,83,327,335,333,334,312,19,26,,,162,202,,,321,227,275,325,315,335,341,343,325,323,317,325,150,140,141,336,303,277,72,154,276,328,328,33,,135,,,b'\x11\xe8\xe1I\xcb\x99\xd9t\xaf\x82\x12\xdf\x17\xaeN\x1e'
11E8E149-CB99-D974-AF82-12DF17AE4E1E,2018-ncaa-d1-conf-Big 12,ncaa,10,10,7,10,7,10,9,10,8,8,7,8,10,9,10,8,10,5,10,5,5,10,5,9,10,10,8,8,5,3,3,7,9,5,4,9,8,10,10,10,9,10,9,10,,,7,6,,,10,8,7,1,10,9,10,6,5,10,9,10,5,5,10,3,3,6,4,9,10,8,9,,9,,,10,10,10,9,9,10,6,10,10,9,4,9,6,6,7,6,6,10,5,10,8,10,4,6,2,9,9,2,3,4,4,8,5,10,10,10,10,10,2,3,,,7,7,,,10,6,10,10,10,10,10,10,10,9,10,10,7,6,6,10,10,9,3,4,8,10,10,2,,6,,,b'\x11\xe8\xe1I\xcb\x99\xd9t\xaf\x82\x12\xdf\x17\xaeN\x1e'
11E8E149-CB99-D974-AF82-12DF17AE4E1E,2018-ncaa-d1-natl,ncaa,305,307,213,310,213,252,194,246,113,123,170,102,299,289,284,271,294,157,349,164,156,244,153,160,246,290,323,286,277,109,54,113,194,105,71,219,243,341,332,311,310,321,167,208,,,108,93,,,326,161,89,6,231,154,201,76,122,292,274,291,120,122,184,57,77,52,39,195,340,301,149,,163,,,326,309,324,300,272,300,272,279,296,297,223,257,105,85,210,94,61,292,206,279,247,333,129,233,39,238,194,41,54,95,71,248,85,336,338,335,328,314,15,28,,,201,200,,,326,196,286,330,321,337,341,342,327,323,317,323,154,143,147,338,303,280,77,160,281,331,330,32,,139,,,b'\x11\xe8\xe1I\xcb\x99\xd9t\xaf\x82\x12\xdf\x17\xaeN\x1e'
11E8E149-CB99-D974-AF82-12DF17AE4E1E,2019-ncaa-d0-natl,ncaa,185,209,114,203,167,73,67,57,127,75,108,69,97,66,239,120,134,80,308,80,127,58,43,118,151,155,202,160,247,20,22,80,144,46,51,70,111,291,180,135,143,191,166,221,,,80,28,,,179,60,24,272,57,47,28,60,112,95,60,140,78,79,22,6,14,54,14,52,267,160,168,,62,,,180,320,336,317,266,332,324,208,301,255,325,160,48,54,109,59,21,302,282,272,223,276,76,250,12,249,144,185,22,220,51,345,307,228,297,336,273,175,247,214,,,132,273,,,179,280,116,269,191,320,339,339,324,341,302,241,49,50,53,334,304,233,164,197,340,251,254,242,,136,,,b'\x11\xe8\xe1I\xcb\x99\xd9t\xaf\x82\x12\xdf\x17\xaeN\x1e'
11E8E149-CB99-D974-AF82-12DF17AE4E1E,2019-ncaa-d1-conf-Big 12,ncaa,7,8,3,8,5,3,4,3,8,4,3,5,2,2,10,2,8,7,9,7,6,3,1,8,8,9,8,5,9,1,3,5,8,4,5,3,4,9,8,6,3,5,7,8,,,3,2,,,8,2,2,3,4,4,1,4,5,3,2,8,7,7,1,1,1,7,3,3,9,3,7,,4,,,8,10,10,10,9,10,10,8,8,5,10,2,1,2,3,2,1,9,9,9,9,9,1,5,1,8,8,7,3,8,5,10,10,7,8,10,9,6,7,7,,,6,9,,,8,9,8,9,8,9,10,9,10,10,8,5,1,2,2,9,9,7,8,7,10,8,9,7,,6,,,b'\x11\xe8\xe1I\xcb\x99\xd9t\xaf\x82\x12\xdf\x17\xaeN\x1e'
11E8E149-CB99-D974-AF82-12DF17AE4E1E,2019-ncaa-d1-natl,ncaa,201,209,155,211,218,95,91,75,137,95,131,73,112,83,244,119,164,108,310,107,126,76,57,126,156,166,197,157,240,27,27,96,149,55,57,84,114,270,183,145,176,206,183,227,,,56,29,,,198,86,30,272,64,55,29,69,118,97,63,142,84,87,24,11,15,58,14,60,266,171,176,,64,,,198,305,329,311,279,322,316,224,291,237,326,156,39,45,115,47,19,285,249,280,237,288,69,248,11,226,149,154,27,174,57,341,308,262,304,343,250,183,234,219,,,169,271,,,198,253,123,283,205,323,341,342,330,344,304,241,50,50,55,336,302,241,171,201,340,261,256,245,,138,,,b'\x11\xe8\xe1I\xcb\x99\xd9t\xaf\x82\x12\xdf\x17\xaeN\x1e'
11E8E149-CB99-D974-AF82-12DF17AE4E1E,2020-ncaa-d0-natl,ncaa,104,81,191,102,225,24,23,43,38,48,161,16,51,32,130,66,106,175,49,174,171,49,54,33,34,37,160,122,274,160,147,61,137,89,104,17,35,188,120,38,126,173,16,37,,,43,11,,,44,35,11,196,13,9,10,25,137,42,28,94,152,149,13,16,149,29,40,11,199,127,15,,42,,,43,245,299,321,158,310,343,105,187,134,265,70,43,34,197,34,10,297,307,134,100,123,27,140,18,224,137,153,147,182,104,278,184,134,197,223,276,226,189,175,,,146,237,,,44,318,43,112,47,275,319,347,320,347,200,159,47,43,42,336,333,240,183,215,287,118,283,202,,119,,,b'\x11\xe8\xe1I\xcb\x99\xd9t\xaf\x82\x12\xdf\x17\xaeN\x1e'
11E8E149-CB99-D974-AF82-12DF17AE4E1E,2020-ncaa-d1-conf-Big 12,ncaa,6,6,1,6,2,2,2,1,4,5,9,2,2,1,6,2,7,9,1,9,6,1,2,4,4,3,4,2,9,5,6,6,5,6,5,2,4,5,5,3,7,9,6,6,,,5,4,,,6,2,2,2,2,2,1,5,9,2,1,7,9,9,1,2,5,6,6,2,5,7,6,,5,,,6,9,9,10,9,9,10,9,10,5,9,3,8,7,10,7,4,10,9,9,9,10,5,6,5,5,5,7,6,6,5,10,6,8,8,8,8,6,5,6,,,7,10,,,6,9,3,10,6,9,9,10,9,10,10,5,8,7,7,10,9,5,7,6,10,8,8,5,,7,,,b'\x11\xe8\xe1I\xcb\x99\xd9t\xaf\x82\x12\xdf\x17\xaeN\x1e'
11E8E149-CB99-D974-AF82-12DF17AE4E1E,2020-ncaa-d1-natl,ncaa,114,81,257,107,283,34,29,58,40,58,194,17,57,40,136,65,128,202,49,201,171,71,86,33,38,38,157,123,270,186,159,91,144,112,112,21,36,173,121,41,157,185,17,39,,,28,11,,,49,57,10,183,14,10,11,29,142,42,28,97,156,152,13,17,154,33,42,13,205,133,15,,42,,,47,230,288,310,169,299,336,114,170,118,273,68,39,29,199,30,9,279,284,148,111,135,26,138,16,203,144,133,159,159,112,263,185,168,207,235,267,228,179,185,,,176,236,,,49,294,44,124,55,286,321,349,322,349,201,159,46,43,44,337,333,243,188,223,295,125,284,205,,124,,,b'\x11\xe8\xe1I\xcb\x99\xd9t\xaf\x82\x12\xdf\x17\xaeN\x1e'
11E8E149-CB99-D974-AF82-12DF17AE4E1E,2021-ncaa-d0-natl,ncaa,191,276,89,225,96,84,79,91,97,63,63,92,152,141,183,231,45,59,53,64,137,84,97,123,97,86,212,252,78,155,241,77,129,99,178,67,90,186,83,76,245,314,35,74,,,162,35,,,242,84,70,77,78,83,96,67,94,201,204,39,65,77,82,105,223,86,138,63,107,307,47,,65,,,225,307,303,286,250,289,293,145,310,250,337,137,277,230,334,232,111,285,263,273,287,323,237,241,143,238,129,269,241,262,178,305,199,218,319,321,171,87,262,173,,,55,61,,,242,262,108,315,219,321,313,315,273,300,304,218,254,194,196,316,261,182,223,213,293,302,104,218,,52,,,b'\x11\xe8\xe1I\xcb\x99\xd9t\xaf\x82\x12\xdf\x17\xaeN\x1e'
11E8E149-CB99-D974-AF82-12DF17AE4E1E,2021-ncaa-d1-conf-Big 12,ncaa,7,7,7,7,7,7,8,7,7,5,5,6,9,7,10,6,5,3,6,3,6,7,7,7,7,7,6,9,2,7,7,7,8,9,7,6,4,5,6,5,9,9,4,5,,,3,3,,,9,6,2,1,6,6,6,4,5,8,6,4,2,2,6,3,6,6,7,6,7,9,3,,4,,,10,9,8,9,7,6,10,5,9,4,10,3,8,6,10,8,6,9,5,9,8,10,8,8,6,8,8,7,7,7,7,8,6,9,9,8,3,4,6,5,,,2,2,,,9,6,8,10,10,10,9,10,7,10,10,7,8,8,8,10,9,9,8,8,8,8,5,6,,1,,,b'\x11\xe8\xe1I\xcb\x99\xd9t\xaf\x82\x12\xdf\x17\xaeN\x1e'
11E8E149-CB99-D974-AF82-12DF17AE4E1E,2021-ncaa-d1-natl,ncaa,184,275,70,220,74,64,70,79,94,59,58,95,138,135,156,230,35,50,50,55,134,72,84,115,88,76,205,241,83,148,246,63,129,86,170,51,82,177,67,60,236,310,35,76,,,172,34,,,222,69,82,86,73,81,101,67,95,188,205,35,66,74,83,120,232,81,140,48,77,302,49,,60,,,211,319,313,301,239,295,301,156,309,264,331,153,277,236,334,240,107,301,269,258,274,318,235,236,143,249,129,271,246,269,170,307,197,211,316,319,162,69,273,174,,,40,51,,,222,278,94,310,205,316,306,311,265,295,301,227,235,175,180,309,257,178,218,206,279,304,78,222,,48,,,b'\x11\xe8\xe1I\xcb\x99\xd9t\xaf\x82\x12\xdf\x17\xaeN\x1e'
11E8E149-CB99-D974-AF82-12DF17AE4E1E,2022-ncaa-d0-natl,ncaa,233,266,112,253,162,124,119,196,34,71,96,92,259,315,29,330,89,95,146,93,158,180,159,64,52,104,290,298,102,207,140,132,130,161,85,170,253,274,253,221,284,304,123,147,,,259,246,,,217,144,170,356,131,118,291,56,100,280,335,96,103,102,252,216,243,149,197,194,238,303,133,,226,,,217,284,269,247,222,227,246,154,290,204,337,154,265,207,351,200,146,243,204,233,263,312,249,239,200,154,130,55,140,83,85,287,234,282,308,323,143,133,303,254,,,51,22,,,217,209,119,304,219,264,246,231,201,221,282,176,238,177,170,223,145,138,16,30,271,313,123,302,,43,,,b'\x11\xe8\xe1I\xcb\x99\xd9t\xaf\x82\x12\xdf\x17\xaeN\x1e'
11E8E149-CB99-D974-AF82-12DF17AE4E1E,2022-ncaa-d1-conf-Big 12,ncaa,8,8,7,8,9,7,6,8,4,5,5,5,10,10,3,9,6,6,7,5,7,8,8,4,4,5,8,9,5,5,2,10,6,8,3,8,8,6,7,8,8,7,8,7,,,7,8,,,8,10,7,7,6,6,8,3,3,9,10,5,5,5,8,7,4,8,8,7,6,8,8,,7,,,8,7,6,2,9,5,1,8,8,6,9,8,7,6,10,6,8,3,1,9,10,10,8,8,7,2,6,1,2,1,3,5,6,9,8,8,4,5,6,6,,,4,2,,,8,1,5,9,8,8,7,4,6,2,8,7,7,7,7,4,3,3,1,2,7,9,5,7,,2,,,b'\x11\xe8\xe1I\xcb\x99\xd9t\xaf\x82\x12\xdf\x17\xaeN\x1e'
11E8E149-CB99-D974-AF82-12DF17AE4E1E,2022-ncaa-d1-natl,ncaa,247,266,146,260,212,158,152,246,37,88,121,101,272,326,32,331,105,114,152,113,158,223,210,69,62,112,290,295,96,233,152,167,138,198,91,203,261,254,263,232,309,312,141,151,,,233,248,,,237,189,174,355,148,132,302,65,104,280,335,98,103,103,262,227,248,167,211,211,244,309,134,,230,,,238,262,246,213,236,203,222,163,283,176,341,154,249,190,351,177,147,203,151,251,275,324,249,239,196,133,138,28,152,50,91,270,239,307,316,330,124,140,299,264,,,69,16,,,237,162,131,316,239,275,254,234,208,223,285,176,245,187,178,224,140,137,17,32,279,320,131,306,,40,,,b'\x11\xe8\xe1I\xcb\x99\xd9t\xaf\x82\x12\xdf\x17\xaeN\x1e'
11E8E149-CB99-D974-AF82-12DF17AE4E1E,2023-ncaa-d0-natl,ncaa,87,160,17,127,18,48,70,68,106,69,76,114,107,102,134,192,8,14,59,14,24,45,40,120,79,88,113,209,29,153,229,72,133,93,183,118,253,300,161,189,108,211,175,201,,,347,303,,,130,25,160,12,94,157,245,155,210,172,188,16,34,34,167,177,267,217,265,210,169,209,245,,297,,,137,341,323,317,195,300,232,289,307,343,75,308,353,342,266,347,329,334,336,220,259,218,299,207,304,229,133,306,229,299,183,284,150,37,112,107,271,155,310,255,,,13,15,,,130,339,111,182,124,230,165,121,135,50,231,297,300,291,291,176,213,87,125,99,156,113,161,253,,25,,,b'\x11\xe8\xe1I\xcb\x99\xd9t\xaf\x82\x12\xdf\x17\xaeN\x1e'
11E8E149-CB99-D974-AF82-12DF17AE4E1E,2023-ncaa-d1-conf-Big 12,ncaa,8,8,7,8,7,8,8,10,7,7,8,7,9,8,8,8,3,2,3,2,2,10,9,7,5,6,7,8,1,6,6,10,8,9,7,9,9,4,8,9,7,6,9,8,,,8,9,,,8,8,9,1,7,7,8,6,6,8,7,1,1,1,8,5,6,10,7,9,5,6,9,,9,,,8,6,5,3,9,7,2,10,5,7,4,7,9,8,9,8,8,3,3,9,9,10,4,3,8,3,8,4,6,5,7,6,4,6,6,4,5,6,9,9,,,5,2,,,8,3,6,10,8,9,8,3,9,3,6,8,9,9,9,4,7,6,5,6,8,6,6,9,,2,,,b'\x11\xe8\xe1I\xcb\x99\xd9t\xaf\x82\x12\xdf\x17\xaeN\x1e'
11E8E149-CB99-D974-AF82-12DF17AE4E1E,2023-ncaa-d1-natl,ncaa,98,160,18,137,20,53,81,78,112,82,94,121,117,125,134,193,8,16,57,17,24,56,47,127,85,95,109,209,24,182,240,91,140,120,192,140,257,282,167,204,138,227,192,206,,,345,307,,,152,29,164,12,102,175,262,173,216,179,191,15,34,35,183,190,272,229,276,225,174,218,249,,302,,,156,339,314,305,212,283,202,302,303,336,83,308,350,338,267,339,331,327,332,237,275,242,299,205,304,211,140,292,240,276,192,273,151,54,124,126,253,157,307,264,,,13,15,,,152,337,120,203,146,244,175,125,143,52,236,299,304,295,296,180,212,89,132,103,168,126,160,259,,23,,,b'\x11\xe8\xe1I\xcb\x99\xd9t\xaf\x82\x12\xdf\x17\xaeN\x1e'
11E8E149-CB99-D974-AF82-12DF17AE4E1E,2024-ncaa-d0-natl,ncaa,142,176,52,168,93,116,158,146,178,203,212,176,83,78,133,89,48,76,44,77,51,131,107,150,117,146,39,97,50,114,112,206,242,168,181,128,108,298,241,201,124,159,216,227,,,260,211,,,132,105,206,358,167,231,265,284,298,113,112,64,108,114,247,214,167,313,280,164,232,173,250,,187,,,133,232,246,196,264,259,179,299,175,195,144,194,188,206,98,202,197,197,265,258,245,145,115,143,154,208,242,163,112,187,181,169,103,32,37,47,275,233,310,320,,,22,15,,,132,257,143,130,130,128,144,58,176,72,125,134,134,151,149,52,137,148,68,77,112,53,226,285,,35,,,b'\x11\xe8\xe1I\xcb\x99\xd9t\xaf\x82\x12\xdf\x17\xaeN\x1e'
11E8E149-CB99-D974-AF82-12DF17AE4E1E,2024-ncaa-d1-conf-Big 12,ncaa,10,11,2,11,8,10,11,12,11,13,13,12,4,6,5,2,5,6,1,6,3,12,10,11,10,11,2,2,5,9,10,12,12,12,12,10,8,11,13,11,11,11,11,11,,,6,7,,,11,11,13,14,14,13,14,14,13,4,7,5,7,7,14,13,10,12,13,10,11,11,12,,5,,,11,11,13,7,12,13,11,12,7,7,10,6,6,6,3,6,5,6,7,13,12,9,2,6,4,13,12,5,10,9,12,10,5,5,5,7,13,13,13,14,,,6,2,,,11,6,11,12,11,9,11,4,11,7,6,5,5,6,5,4,3,13,5,7,9,6,13,13,,7,,,b'\x11\xe8\xe1I\xcb\x99\xd9t\xaf\x82\x12\xdf\x17\xaeN\x1e'
11E8E149-CB99-D974-AF82-12DF17AE4E1E,2024-ncaa-d1-natl,ncaa,155,177,78,177,129,136,192,182,198,251,254,191,98,94,136,87,60,92,45,93,48,166,135,159,127,161,38,97,43,144,126,252,252,215,199,152,115,283,248,219,153,174,233,236,,,242,219,,,160,140,213,360,179,255,279,303,305,118,115,63,114,119,257,232,177,320,292,184,234,184,255,,194,,,161,210,227,158,279,244,144,311,156,167,161,200,170,185,105,182,203,159,230,270,257,166,115,142,151,188,252,135,126,147,199,155,105,48,46,65,254,242,303,326,,,37,13,,,160,228,158,156,154,143,166,65,196,75,130,143,142,154,151,57,137,153,76,84,120,69,225,288,,36,,,b'\x11\xe8\xe1I\xcb\x99\xd9t\xaf\x82\x12\xdf\x17\xaeN\x1e'
11E8E149-CB99-D974-AF82-12DF17AE4E1E,2025-ncaa-d0-natl,genius_ncaa,109,227,6,165,8,63,84,60,170,124,127,148,50,35,159,98,31,20,238,23,22,46,21,145,136,180,62,113,79,36,53,120,292,68,173,123,223,358,300,276,28,68,19,22,,,362,357,,352,159,22,241,252,189,238,291,280,312,127,114,92,75,87,262,205,125,340,285,242,293,77,39,,347,,320,160,342,320,292,239,343,314,272,111,196,37,64,362,359,265,359,336,325,346,187,242,143,133,20,348,325,292,269,53,305,173,152,23,16,43,19,355,270,341,321,,,6,37,,76,159,344,159,143,158,128,83,28,173,99,18,41,330,318,318,62,131,185,34,69,26,55,274,258,,55,,149,b'\x11\xe8\xe1I\xcb\x99\xd9t\xaf\x82\x12\xdf\x17\xaeN\x1e'
11E8E149-CB99-D974-AF82-12DF17AE4E1E,2025-ncaa-d1-conf-Big 12,genius_ncaa,11,12,1,12,2,12,13,11,14,15,13,12,7,7,11,4,8,5,14,5,5,10,4,13,13,15,2,5,6,5,6,13,11,11,10,12,9,15,15,15,6,5,7,5,,,16,16,,13,10,7,14,12,15,15,15,16,15,9,9,8,6,6,14,11,6,15,13,13,14,6,7,,16,,13,10,10,12,5,11,15,10,14,1,2,2,3,15,15,9,15,14,7,12,11,11,8,1,1,16,10,11,6,6,7,10,5,2,2,2,2,15,14,14,16,,,4,5,,6,10,13,15,8,10,8,6,2,15,5,1,2,14,14,14,2,3,6,5,5,3,3,14,11,,5,,9,b'\x11\xe8\xe1I\xcb\x99\xd9t\xaf\x82\x12\xdf\x17\xaeN\x1e'
11E8E149-CB99-D974-AF82-12DF17AE4E1E,2025-ncaa-d1-natl,genius_ncaa,117,226,6,175,10,72,98,71,182,151,155,155,63,41,161,98,38,25,239,27,21,61,26,154,143,191,60,112,75,44,64,149,305,86,184,146,228,358,307,287,43,78,19,22,,,362,357,,347,175,29,246,252,205,260,305,292,314,136,120,96,82,85,273,218,137,343,296,260,296,87,39,,349,,323,176,336,306,278,250,337,308,279,97,172,43,63,357,357,273,357,336,315,340,201,259,160,130,19,349,314,305,247,64,291,184,135,23,22,50,23,352,278,337,324,,,8,37,,82,175,337,180,162,170,138,95,26,180,102,18,39,333,324,324,66,127,185,38,72,29,63,275,264,,55,,148,b'\x11\xe8\xe1I\xcb\x99\xd9t\xaf\x82\x12\xdf\x17\xaeN\x1e'
11E8E149-CB99-D974-AF82-12DF17AE4E1E,2026-ncaa-d0-natl,genius_ncaa,5,1,49,1,73,44,60,85,47,87,129,63,31,57,40,112,31,34,110,32,42,77,67,42,29,44,68,89,128,140,201,33,87,55,90,54,113,271,141,94,30,47,12,12,,,304,184,,352,21,54,55,97,37,53,149,116,228,40,86,42,53,52,108,112,223,29,74,62,167,48,14,,216,,342,20,114,76,275,2,69,253,6,138,284,10,223,265,260,231,265,213,274,307,3,6,4,307,182,334,266,87,255,201,264,90,30,29,23,32,3,141,69,321,295,,,11,16,,8,21,311,46,3,22,8,4,146,9,114,56,205,191,171,181,138,274,175,139,146,4,25,72,287,,17,,26,b'\x11\xe8\xe1I\xcb\x99\xd9t\xaf\x82\x12\xdf\x17\xaeN\x1e'
11E8E149-CB99-D974-AF82-12DF17AE4E1E,2026-ncaa-d1-natl,genius_ncaa,5,1,85,1,117,56,83,132,56,123,182,73,43,81,40,109,43,53,111,49,36,115,109,45,34,51,57,88,112,203,239,42,101,77,118,68,118,221,163,114,49,60,14,11,,,269,208,,348,21,89,67,100,45,77,176,145,247,48,94,45,58,56,140,134,257,33,91,77,181,58,15,,229,,349,21,65,32,218,2,37,193,7,97,251,9,225,236,222,238,227,217,221,271,3,6,5,305,182,331,234,101,209,239,218,118,15,31,38,43,4,108,69,314,314,,,15,13,,9,21,279,62,4,23,12,7,156,10,121,57,212,206,185,190,152,273,185,155,158,6,39,74,297,,16,,23,b'\x11\xe8\xe1I\xcb\x99\xd9t\xaf\x82\x12\xdf\x17\xaeN\x1e'
11E8E149-CB9E-7CFE-AF82-12DF17AE4E1E,2010-ncaa-d0-natl,ncaa,30,36,20,35,30,40,47,63,46,87,133,58,23,42,29,65,94,105,95,106,120,64,36,32,30,73,77,61,245,89,98,41,172,44,87,15,25,329,247,92,66,122,100,122,,,281,128,,,65,28,121,145,61,71,161,154,250,41,65,160,190,192,169,133,166,86,115,20,261,115,136,,153,,,68,298,258,310,63,213,260,107,291,326,54,289,289,282,197,281,222,314,318,84,87,101,271,245,217,308,172,201,98,270,87,273,225,71,176,172,331,281,124,109,,,39,114,,,65,314,75,115,75,150,114,222,94,110,235,292,199,195,196,226,234,244,60,113,168,154,291,77,,102,,,b'\x11\xe8\xe1I\xcb\x9e|\xfe\xaf\x82\x12\xdf\x17\xaeN\x1e'
11E8E149-CB9E-7CFE-AF82-12DF17AE4E1E,2010-ncaa-d1-conf-MAC,ncaa,2,2,1,2,1,3,2,2,4,2,3,3,2,4,3,5,5,5,5,5,5,3,1,3,3,3,4,4,8,2,4,1,5,1,3,1,1,12,8,2,6,8,3,4,,,3,1,,,2,2,5,4,4,4,6,6,7,4,4,6,6,6,6,4,6,1,1,1,7,7,5,,1,,,2,7,3,12,1,4,10,2,9,11,2,10,8,10,7,10,5,12,11,1,1,3,11,10,7,11,5,8,4,9,3,6,6,6,10,5,11,10,1,1,,,5,5,,,2,10,3,3,2,3,2,10,2,6,7,11,7,7,5,8,9,9,3,8,3,10,10,1,,5,,,b'\x11\xe8\xe1I\xcb\x9e|\xfe\xaf\x82\x12\xdf\x17\xaeN\x1e'
11E8E149-CB9E-7CFE-AF82-12DF17AE4E1E,2010-ncaa-d1-natl,ncaa,32,36,22,35,30,43,49,66,46,95,146,59,25,46,28,65,103,116,96,116,116,69,38,33,30,78,76,61,243,94,100,44,178,47,95,17,25,323,248,94,74,127,104,124,,,272,130,,,70,31,121,145,63,72,163,159,253,43,66,159,189,192,171,136,168,90,120,21,260,119,138,,154,,,71,294,254,309,65,206,252,113,288,324,61,286,284,274,202,272,222,312,317,89,92,110,272,243,213,307,178,186,100,258,95,269,226,82,181,178,328,283,119,112,,,47,111,,,70,312,79,121,78,156,118,224,99,112,236,293,204,194,196,229,233,246,60,115,178,163,291,78,,102,,,b'\x11\xe8\xe1I\xcb\x9e|\xfe\xaf\x82\x12\xdf\x17\xaeN\x1e'
11E8E149-CB9E-7CFE-AF82-12DF17AE4E1E,2011-ncaa-d0-natl,ncaa,11,24,4,21,4,26,24,22,80,40,73,35,26,11,200,62,69,41,240,46,100,24,17,68,84,83,144,104,246,32,95,42,198,27,125,22,103,313,151,87,41,105,119,188,,,291,100,,,49,15,210,149,104,92,161,140,258,90,57,188,156,170,160,189,133,247,203,74,142,104,184,,98,,,57,309,302,315,101,297,325,65,220,199,248,89,283,257,277,263,116,317,334,94,113,65,156,147,197,318,198,322,95,331,125,292,195,13,47,69,324,201,160,94,,,4,22,,,49,330,77,62,49,82,85,91,101,186,102,62,137,107,106,77,140,149,90,103,118,65,193,63,,31,,,b'\x11\xe8\xe1I\xcb\x9e|\xfe\xaf\x82\x12\xdf\x17\xaeN\x1e'
11E8E149-CB9E-7CFE-AF82-12DF17AE4E1E,2011-ncaa-d1-conf-MAC,ncaa,2,1,3,2,3,5,4,6,1,4,8,1,3,5,5,4,7,6,12,7,8,6,5,2,3,3,7,3,11,4,2,8,9,7,5,5,9,5,6,5,5,5,5,4,,,3,4,,,2,8,9,5,5,4,6,4,9,3,6,10,8,10,6,9,5,9,6,6,6,6,4,,4,,,2,1,2,4,2,2,6,1,2,2,6,3,6,5,6,5,5,4,6,1,1,1,5,4,8,8,9,3,2,4,5,1,2,2,2,1,8,9,2,2,,,4,2,,,2,5,4,1,2,1,1,1,3,6,2,2,5,5,5,1,4,8,2,2,1,3,8,2,,2,,,b'\x11\xe8\xe1I\xcb\x9e|\xfe\xaf\x82\x12\xdf\x17\xaeN\x1e'
11E8E149-CB9E-7CFE-AF82-12DF17AE4E1E,2011-ncaa-d1-natl,ncaa,11,23,4,22,4,28,25,24,83,43,81,34,31,14,199,62,79,51,236,57,100,25,18,71,86,89,143,100,241,37,95,51,200,29,128,25,105,303,156,89,44,112,128,195,,,281,100,,,53,16,213,149,108,96,162,146,262,91,59,189,161,177,163,192,140,248,210,76,141,113,187,,98,,,61,302,299,314,106,293,322,71,210,185,247,88,270,244,281,250,114,316,332,100,119,71,152,148,200,313,200,317,95,328,128,288,195,15,51,70,317,205,145,100,,,4,22,,,53,329,80,68,53,86,88,93,104,190,101,62,136,106,107,80,141,152,95,108,123,72,199,66,,32,,,b'\x11\xe8\xe1I\xcb\x9e|\xfe\xaf\x82\x12\xdf\x17\xaeN\x1e'
11E8E149-CB9E-7CFE-AF82-12DF17AE4E1E,2012-ncaa-d0-natl,ncaa,34,54,22,54,34,63,65,109,31,108,193,40,28,59,14,81,167,113,297,118,96,108,71,17,31,71,81,49,288,164,182,22,29,55,54,23,31,317,262,104,170,222,152,204,,,165,60,,,59,59,203,227,126,111,269,196,293,46,108,254,202,208,271,246,252,66,158,38,229,238,195,,50,,,61,197,195,287,52,198,297,30,191,175,220,112,177,139,305,126,55,272,277,53,64,68,175,183,160,148,29,192,182,179,54,112,61,84,148,72,277,227,28,34,,,36,50,,,59,291,93,42,53,60,70,133,80,197,124,87,102,56,52,108,104,44,55,38,52,180,201,15,,101,,,b'\x11\xe8\xe1I\xcb\x9e|\xfe\xaf\x82\x12\xdf\x17\xaeN\x1e'
11E8E149-CB9E-7CFE-AF82-12DF17AE4E1E,2012-ncaa-d1-conf-MAC,ncaa,2,3,3,3,5,5,5,11,1,5,9,1,4,6,5,5,11,10,10,10,5,11,10,1,1,4,8,4,10,11,6,2,3,4,3,3,2,10,10,6,10,10,3,4,,,1,1,,,3,9,10,10,8,6,11,6,11,5,7,11,10,10,11,10,10,1,6,3,9,10,2,,1,,,3,3,3,10,1,4,10,1,3,4,5,3,3,2,11,2,1,9,6,1,1,2,4,6,4,9,3,1,6,3,3,2,3,10,10,5,9,9,1,1,,,6,2,,,3,5,6,3,3,3,4,8,3,10,3,4,3,2,2,5,4,8,1,1,3,11,10,1,,7,,,b'\x11\xe8\xe1I\xcb\x9e|\xfe\xaf\x82\x12\xdf\x17\xaeN\x1e'
11E8E149-CB9E-7CFE-AF82-12DF17AE4E1E,2012-ncaa-d1-natl,ncaa,35,54,23,56,40,73,72,128,32,122,220,42,30,68,13,81,181,125,294,134,95,123,83,19,31,75,79,50,285,182,185,27,30,64,58,24,32,310,267,108,186,231,157,208,,,144,65,,,64,67,205,225,132,117,272,202,296,48,108,252,205,213,271,248,255,67,161,39,230,247,198,,53,,,65,183,185,276,56,192,289,33,178,160,221,114,166,125,307,114,55,262,263,61,72,76,172,182,157,137,30,169,185,161,58,97,63,96,156,77,268,230,25,35,,,42,42,,,64,283,97,51,59,66,73,135,85,201,126,87,102,59,54,110,104,44,52,39,52,191,202,15,,105,,,b'\x11\xe8\xe1I\xcb\x9e|\xfe\xaf\x82\x12\xdf\x17\xaeN\x1e'
11E8E149-CB9E-7CFE-AF82-12DF17AE4E1E,2013-ncaa-d0-natl,ncaa,10,8,41,11,76,71,42,48,80,43,66,58,93,79,165,140,236,194,301,176,287,54,65,86,129,103,246,161,326,78,146,28,4,35,30,36,101,162,81,47,38,32,232,231,,,270,255,,,21,65,131,332,97,49,64,60,121,122,109,290,253,246,97,144,128,33,51,46,89,55,263,,204,,,19,36,28,155,8,26,132,15,142,197,63,225,144,167,76,174,204,152,243,9,14,5,280,240,250,25,4,289,146,182,30,40,111,20,20,7,160,93,82,42,,,55,107,,,21,280,94,4,20,8,6,30,8,40,101,150,90,108,115,31,95,10,207,77,15,40,111,54,,91,,,b'\x11\xe8\xe1I\xcb\x9e|\xfe\xaf\x82\x12\xdf\x17\xaeN\x1e'
11E8E149-CB9E-7CFE-AF82-12DF17AE4E1E,2013-ncaa-d1-conf-MAC,ncaa,1,1,7,1,8,6,5,5,4,5,5,4,8,6,8,7,7,6,11,5,8,5,7,6,6,5,9,9,10,2,2,6,2,4,1,5,4,2,4,2,5,3,7,6,,,6,9,,,2,9,7,3,4,4,2,3,3,8,5,7,5,5,3,3,1,1,1,2,5,3,6,,8,,,1,1,1,2,2,2,5,1,1,1,3,2,2,1,3,1,7,1,2,1,1,1,6,1,11,2,2,3,2,2,1,1,3,2,1,1,2,3,4,3,,,4,4,,,2,4,4,1,1,1,1,2,2,6,1,2,4,4,4,1,3,2,6,4,1,1,4,4,,3,,,b'\x11\xe8\xe1I\xcb\x9e|\xfe\xaf\x82\x12\xdf\x17\xaeN\x1e'
11E8E149-CB9E-7CFE-AF82-12DF17AE4E1E,2013-ncaa-d1-natl,ncaa,10,8,49,11,86,78,50,55,81,46,74,60,97,84,167,142,248,208,301,191,285,63,77,88,131,105,244,158,327,89,152,33,4,42,38,43,102,144,82,49,40,33,240,235,,,263,258,,,23,71,137,333,99,53,68,62,126,121,109,292,254,245,99,149,135,37,52,49,89,57,270,,206,,,20,30,19,132,10,21,105,17,137,188,68,223,135,157,79,164,204,124,219,11,15,5,278,240,251,17,4,282,152,166,38,32,111,27,21,9,147,95,79,43,,,64,105,,,23,273,96,4,20,9,6,30,9,41,103,148,95,111,117,31,94,11,210,79,16,43,112,56,,92,,,b'\x11\xe8\xe1I\xcb\x9e|\xfe\xaf\x82\x12\xdf\x17\xaeN\x1e'
11E8E149-CB9E-7CFE-AF82-12DF17AE4E1E,2014-ncaa-d0-natl,ncaa,148,173,85,164,108,107,102,65,206,96,111,142,143,87,282,121,121,134,115,141,207,73,99,212,196,137,175,173,177,85,137,74,19,70,77,91,110,73,40,50,143,164,346,348,,,153,137,,,121,109,155,216,121,118,64,130,145,153,102,142,176,182,76,141,105,85,68,96,54,175,348,,112,,,121,232,239,217,220,191,123,267,289,302,169,318,122,109,228,106,133,202,208,246,238,224,239,285,85,42,19,279,137,203,77,250,208,151,175,217,25,15,9,6,,,104,153,,,121,241,112,174,120,178,202,160,152,57,280,300,94,85,82,119,119,23,243,137,218,196,17,8,,150,,,b'\x11\xe8\xe1I\xcb\x9e|\xfe\xaf\x82\x12\xdf\x17\xaeN\x1e'
11E8E149-CB9E-7CFE-AF82-12DF17AE4E1E,2014-ncaa-d1-conf-MAC,ncaa,5,5,2,6,2,4,3,4,8,4,3,9,6,7,6,8,5,5,4,5,9,3,4,8,7,6,6,7,8,2,3,3,1,2,3,3,4,6,5,3,8,7,12,12,,,4,6,,,5,4,8,9,7,6,5,7,5,8,8,6,8,8,4,6,4,2,3,4,3,7,12,,3,,,5,7,8,8,6,8,8,8,7,9,4,11,4,3,5,3,4,8,7,7,6,5,4,8,4,5,1,8,3,5,3,5,5,7,9,10,3,2,4,3,,,4,6,,,5,9,5,5,5,4,6,7,7,6,5,8,2,2,2,6,5,3,8,6,4,9,2,3,,6,,,b'\x11\xe8\xe1I\xcb\x9e|\xfe\xaf\x82\x12\xdf\x17\xaeN\x1e'
11E8E149-CB9E-7CFE-AF82-12DF17AE4E1E,2014-ncaa-d1-natl,ncaa,161,171,100,166,126,127,120,79,208,114,130,147,152,97,285,118,133,152,115,158,206,89,121,217,199,143,175,175,174,98,141,83,19,84,80,102,110,60,41,53,165,171,347,347,,,137,138,,,135,135,155,219,126,126,69,136,147,153,102,150,178,184,78,145,109,89,73,100,54,178,348,,112,,,133,210,227,196,224,176,99,277,285,294,176,316,112,98,231,96,132,179,173,257,246,234,234,285,87,33,19,265,141,176,80,237,213,167,180,223,22,15,8,6,,,117,151,,,135,220,118,183,132,187,207,163,155,56,284,301,97,84,81,120,119,23,244,138,221,204,16,8,,152,,,b'\x11\xe8\xe1I\xcb\x9e|\xfe\xaf\x82\x12\xdf\x17\xaeN\x1e'
11E8E149-CB9E-7CFE-AF82-12DF17AE4E1E,2015-ncaa-d0-natl,ncaa,116,131,79,128,91,102,127,109,193,181,204,133,96,62,212,72,77,108,42,112,76,107,127,157,134,104,74,108,93,89,113,79,86,82,67,137,165,103,84,105,329,340,345,345,,,152,119,,,145,149,261,186,137,186,167,230,271,107,79,93,136,142,165,229,119,111,105,165,77,342,345,,102,,,145,238,219,251,158,122,125,184,322,331,198,329,173,175,153,169,213,243,206,202,186,230,308,320,122,160,86,187,113,189,67,252,249,230,270,279,98,88,32,47,,,71,62,,,145,211,78,225,137,164,152,175,76,50,308,318,127,133,126,153,84,105,116,101,205,281,79,28,,96,,,b'\x11\xe8\xe1I\xcb\x9e|\xfe\xaf\x82\x12\xdf\x17\xaeN\x1e'
11E8E149-CB9E-7CFE-AF82-12DF17AE4E1E,2015-ncaa-d1-conf-MAC,ncaa,7,7,3,7,3,4,5,6,6,7,8,7,6,6,5,6,2,4,4,4,4,4,5,5,4,4,5,7,5,4,2,4,2,4,2,5,7,6,4,7,9,11,11,11,,,6,5,,,6,7,6,2,4,5,5,6,8,7,6,1,4,4,5,5,4,2,3,5,5,10,12,,6,,,6,9,8,8,7,8,8,10,8,10,5,8,5,6,2,6,8,8,7,6,6,7,7,9,4,5,2,4,2,3,2,10,9,7,8,10,6,5,5,6,,,1,3,,,6,6,3,7,5,7,9,10,9,8,8,10,6,6,6,10,7,4,3,2,9,8,5,4,,2,,,b'\x11\xe8\xe1I\xcb\x9e|\xfe\xaf\x82\x12\xdf\x17\xaeN\x1e'
11E8E149-CB9E-7CFE-AF82-12DF17AE4E1E,2015-ncaa-d1-natl,ncaa,106,130,55,120,70,100,134,95,201,178,196,151,88,62,201,73,65,107,36,108,76,90,110,163,138,105,65,106,84,82,115,70,88,71,75,136,167,102,91,109,325,336,347,345,,,147,116,,,145,134,265,192,143,199,179,247,271,106,83,86,136,139,173,231,122,124,116,169,78,339,347,,98,,,145,244,229,264,150,118,124,181,322,331,201,329,178,179,160,174,212,256,216,196,181,224,312,321,125,171,88,207,115,196,75,274,260,234,256,274,118,96,25,35,,,65,61,,,145,225,82,226,137,158,142,168,65,47,309,317,126,125,120,143,83,103,120,98,211,273,89,22,,98,,,b'\x11\xe8\xe1I\xcb\x9e|\xfe\xaf\x82\x12\xdf\x17\xaeN\x1e'
11E8E149-CB9E-7CFE-AF82-12DF17AE4E1E,2016-ncaa-d0-natl,ncaa,136,111,175,133,184,136,167,237,79,179,207,129,148,212,36,205,88,103,106,101,58,218,225,78,65,89,124,167,66,283,268,152,89,212,148,138,117,146,183,132,308,323,302,306,,,130,151,,,165,182,162,48,112,145,242,166,197,147,200,54,61,59,207,218,279,105,203,119,169,315,305,,147,,,166,206,222,208,212,184,135,248,247,272,153,290,110,92,270,91,109,180,156,234,221,253,192,237,88,88,89,121,268,87,148,208,179,244,244,253,141,183,115,128,,,59,12,,,165,170,121,225,162,237,246,247,218,150,264,294,129,108,106,220,181,107,131,108,222,250,175,126,,20,,,b'\x11\xe8\xe1I\xcb\x9e|\xfe\xaf\x82\x12\xdf\x17\xaeN\x1e'
11E8E149-CB9E-7CFE-AF82-12DF17AE4E1E,2016-ncaa-d1-conf-MAC,ncaa,5,4,6,4,6,7,8,9,2,6,7,3,10,11,2,12,2,2,5,2,4,8,9,3,3,3,8,10,4,11,11,8,7,10,5,7,2,5,8,7,10,10,9,9,,,4,5,,,7,8,6,2,4,7,9,5,6,10,11,2,1,1,8,9,11,5,10,4,8,9,9,,5,,,7,4,7,7,6,8,7,6,5,6,5,9,5,3,12,3,3,6,6,7,5,6,4,7,5,5,7,3,11,5,5,5,6,7,8,7,4,7,5,4,,,2,1,,,7,5,4,8,8,8,9,10,8,9,7,9,5,4,4,8,8,6,5,7,8,7,6,5,,2,,,b'\x11\xe8\xe1I\xcb\x9e|\xfe\xaf\x82\x12\xdf\x17\xaeN\x1e'
11E8E149-CB9E-7CFE-AF82-12DF17AE4E1E,2016-ncaa-d1-natl,ncaa,153,111,218,144,227,167,193,278,86,211,241,137,163,231,36,204,101,115,103,115,57,244,260,85,69,94,121,164,57,304,270,179,98,253,160,165,123,114,186,141,323,324,309,309,,,103,154,,,181,230,162,45,122,159,248,174,205,150,204,55,59,58,214,223,286,111,222,128,167,320,306,,151,,,182,182,207,179,218,166,103,256,233,256,160,289,97,78,276,78,113,144,109,240,231,264,187,237,87,72,98,88,270,56,160,193,180,264,251,260,120,187,99,138,,,74,10,,,181,128,131,235,178,241,254,251,226,154,262,296,133,110,109,225,180,109,134,112,229,254,178,133,,18,,,b'\x11\xe8\xe1I\xcb\x9e|\xfe\xaf\x82\x12\xdf\x17\xaeN\x1e'
11E8E149-CB9E-7CFE-AF82-12DF17AE4E1E,2017-ncaa-d0-natl,ncaa,31,39,45,42,57,56,61,46,116,43,34,100,205,172,279,258,25,12,282,12,45,37,32,156,153,147,257,295,67,80,151,39,79,38,106,33,45,271,123,81,49,101,218,249,,,334,267,,,59,29,21,162,77,79,73,49,56,245,214,34,13,13,37,41,122,46,54,29,196,75,247,,305,,,63,226,182,283,39,192,247,109,135,266,4,202,322,332,86,333,299,299,322,35,48,23,211,98,309,226,79,314,151,299,106,145,138,27,53,31,248,131,176,76,,,9,20,,,59,324,149,25,64,117,87,178,110,135,78,217,282,296,303,224,310,145,219,197,88,37,184,122,,8,,,b'\x11\xe8\xe1I\xcb\x9e|\xfe\xaf\x82\x12\xdf\x17\xaeN\x1e'
11E8E149-CB9E-7CFE-AF82-12DF17AE4E1E,2017-ncaa-d1-conf-MAC,ncaa,1,3,1,3,1,3,4,3,6,3,3,5,11,9,12,10,4,2,8,2,4,2,2,8,8,7,10,12,2,3,5,2,1,1,3,2,2,12,10,7,4,4,6,6,,,10,7,,,4,2,4,3,7,7,9,5,4,12,10,4,2,2,7,5,4,3,3,2,10,4,7,,7,,,4,9,5,11,1,8,11,4,4,11,1,8,10,10,3,10,8,11,11,1,1,1,6,3,10,10,1,11,5,11,3,3,3,1,2,2,12,6,6,3,,,2,3,,,4,11,8,1,4,1,2,4,4,4,2,6,7,8,8,4,9,5,5,5,2,1,6,4,,3,,,b'\x11\xe8\xe1I\xcb\x9e|\xfe\xaf\x82\x12\xdf\x17\xaeN\x1e'
11E8E149-CB9E-7CFE-AF82-12DF17AE4E1E,2017-ncaa-d1-natl,ncaa,30,39,27,39,39,46,49,39,108,37,27,101,187,168,232,256,21,10,291,9,43,28,25,133,141,135,244,277,72,75,152,29,82,30,102,25,43,277,119,79,51,108,222,252,,,336,265,,,52,22,23,159,73,78,77,51,60,220,209,33,13,13,40,40,121,48,56,25,196,82,249,,300,,,57,240,178,293,37,200,263,98,130,276,3,201,322,331,96,334,300,312,329,31,43,27,210,89,308,238,82,317,152,302,102,147,150,26,62,33,262,140,166,77,,,7,20,,,52,331,138,22,58,107,83,180,109,146,74,210,281,296,302,228,311,146,212,194,90,39,197,117,,7,,,b'\x11\xe8\xe1I\xcb\x9e|\xfe\xaf\x82\x12\xdf\x17\xaeN\x1e'
11E8E149-CB9E-7CFE-AF82-12DF17AE4E1E,2017-ncaa-d1-ncaatournament,ncaa,33,2,33,33,33,59,54,48,54,39,37,51,62,62,55,60,56,48,62,48,54,46,51,58,59,57,64,60,44,45,49,44,19,43,45,52,37,5,14,29,42,26,40,37,,,22,55,,,51,56,50,6,59,52,28,29,9,62,62,54,41,42,30,45,23,39,36,48,9,30,38,,47,,,54,18,10,9,45,6,6,38,30,25,47,55,18,21,30,17,58,12,6,53,53,56,58,61,43,4,19,22,49,18,45,11,37,54,41,42,16,39,25,41,,,37,11,,,51,9,56,51,57,44,28,14,11,7,55,50,39,44,41,16,9,7,54,49,33,45,37,49,,14,,,b'\x11\xe8\xe1I\xcb\x9e|\xfe\xaf\x82\x12\xdf\x17\xaeN\x1e'
11E8E149-CB9E-7CFE-AF82-12DF17AE4E1E,2018-ncaa-d0-natl,ncaa,118,162,43,145,47,76,60,87,64,49,91,32,164,122,266,178,141,77,306,75,133,79,55,87,104,117,281,243,242,246,303,68,63,119,209,18,3,290,205,57,183,249,252,291,,,325,284,,,179,31,76,68,113,82,172,61,167,207,172,195,131,133,152,127,304,120,219,13,220,236,283,,278,,,178,309,296,279,244,305,300,200,163,125,259,53,320,304,262,307,208,295,302,214,241,221,117,69,249,137,63,309,303,277,209,189,57,99,163,114,299,231,9,7,,,36,86,,,179,315,174,180,185,229,220,170,262,266,118,69,272,256,262,197,226,71,237,175,117,151,240,6,,83,,,b'\x11\xe8\xe1I\xcb\x9e|\xfe\xaf\x82\x12\xdf\x17\xaeN\x1e'
11E8E149-CB9E-7CFE-AF82-12DF17AE4E1E,2018-ncaa-d1-conf-MAC,ncaa,7,7,8,7,8,9,8,11,5,6,9,3,11,11,11,8,12,9,11,9,9,11,11,6,7,8,12,11,11,12,10,9,2,12,8,2,1,7,9,3,9,9,10,11,,,7,9,,,9,10,8,1,8,6,8,5,5,11,9,12,8,8,8,8,11,7,10,2,9,9,9,,8,,,9,3,5,1,11,7,7,7,2,1,11,1,7,6,11,6,5,1,1,10,10,9,4,2,8,1,2,4,10,2,8,2,4,8,7,6,6,8,1,1,,,7,3,,,9,3,8,6,9,8,8,5,10,10,3,2,8,7,7,4,4,2,6,5,4,7,8,1,,3,,,b'\x11\xe8\xe1I\xcb\x9e|\xfe\xaf\x82\x12\xdf\x17\xaeN\x1e'
11E8E149-CB9E-7CFE-AF82-12DF17AE4E1E,2018-ncaa-d1-natl,ncaa,134,162,53,158,59,87,72,104,65,57,116,34,189,134,271,176,158,99,305,98,133,96,75,93,111,125,280,238,240,271,306,84,72,158,220,22,3,268,212,61,204,255,270,295,,,315,286,,,199,43,78,69,120,91,179,63,169,210,172,197,137,136,167,137,308,126,233,14,218,241,286,,279,,,198,302,288,271,262,302,300,208,155,97,270,51,311,296,265,297,210,284,288,228,251,238,113,68,250,116,72,296,306,260,220,174,58,119,169,122,290,233,7,7,,,44,82,,,199,302,186,200,201,241,230,175,271,267,118,67,281,259,264,203,223,74,246,179,123,156,242,5,,86,,,b'\x11\xe8\xe1I\xcb\x9e|\xfe\xaf\x82\x12\xdf\x17\xaeN\x1e'
11E8E149-CB9E-7CFE-AF82-12DF17AE4E1E,2019-ncaa-d0-natl,ncaa,78,93,47,93,56,100,77,116,47,54,78,57,180,209,134,241,198,170,248,183,261,119,120,71,86,105,295,245,272,202,220,58,36,91,81,22,13,213,170,48,273,301,216,248,,,214,169,,,102,102,288,76,158,113,251,78,142,229,261,262,241,246,265,293,264,74,166,25,122,314,246,,114,,,102,188,192,253,101,212,250,109,152,193,98,152,171,172,156,189,134,250,233,90,86,119,126,141,174,95,36,195,220,150,81,110,64,189,214,138,130,105,27,19,,,112,139,,,102,258,120,89,100,71,93,107,120,161,89,123,115,115,124,90,62,43,87,52,51,260,76,15,,199,,,b'\x11\xe8\xe1I\xcb\x9e|\xfe\xaf\x82\x12\xdf\x17\xaeN\x1e'
11E8E149-CB9E-7CFE-AF82-12DF17AE4E1E,2019-ncaa-d1-conf-MAC,ncaa,5,5,3,5,4,7,6,8,2,5,5,5,10,11,5,12,9,10,9,10,11,8,10,5,6,7,11,9,8,8,5,5,2,7,3,2,1,7,10,3,9,9,7,8,,,6,7,,,5,10,12,2,9,6,10,5,5,10,12,9,10,10,11,11,8,4,6,2,8,12,7,,5,,,5,1,2,5,2,4,10,2,1,1,1,1,5,5,7,5,3,4,2,1,1,1,2,2,7,4,2,2,5,2,3,2,4,8,8,5,6,7,3,3,,,9,7,,,5,3,5,2,5,1,2,3,5,9,1,1,5,5,5,3,1,4,3,2,2,10,6,4,,9,,,b'\x11\xe8\xe1I\xcb\x9e|\xfe\xaf\x82\x12\xdf\x17\xaeN\x1e'
11E8E149-CB9E-7CFE-AF82-12DF17AE4E1E,2019-ncaa-d1-natl,ncaa,73,92,40,93,45,102,82,117,53,49,76,57,192,214,143,248,196,173,244,186,260,120,117,80,93,110,297,254,273,201,208,44,30,77,70,24,17,213,172,58,278,307,210,241,,,203,159,,,104,98,285,74,164,113,245,78,139,236,269,261,236,243,261,287,259,69,159,28,127,317,237,,107,,,109,181,201,256,104,214,266,105,143,183,103,141,158,160,161,177,119,254,230,90,83,119,115,134,167,70,30,198,208,147,70,101,57,188,216,135,140,110,32,18,,,117,135,,,104,263,125,91,102,70,96,109,122,167,84,110,106,106,117,90,61,38,87,46,51,259,82,16,,204,,,b'\x11\xe8\xe1I\xcb\x9e|\xfe\xaf\x82\x12\xdf\x17\xaeN\x1e'
11E8E149-CB9E-7CFE-AF82-12DF17AE4E1E,2020-ncaa-d0-natl,ncaa,182,216,33,200,53,85,98,129,103,137,235,50,89,58,210,75,90,93,168,91,60,114,97,93,91,111,106,123,155,178,190,123,86,144,137,71,102,237,191,133,249,268,304,319,,,287,280,,,193,78,193,138,127,153,216,191,286,109,81,125,135,134,204,196,223,190,222,98,188,278,317,,240,,,192,301,288,234,294,273,228,267,253,196,310,164,263,264,199,267,233,250,219,296,296,310,192,182,192,91,86,213,190,160,137,105,14,221,247,149,108,75,52,86,,,24,37,,,193,255,123,283,203,252,248,138,223,165,226,152,222,225,227,157,112,55,130,85,72,257,76,38,,49,,,b'\x11\xe8\xe1I\xcb\x9e|\xfe\xaf\x82\x12\xdf\x17\xaeN\x1e'
11E8E149-CB9E-7CFE-AF82-12DF17AE4E1E,2020-ncaa-d1-conf-MAC,ncaa,8,8,1,8,2,7,9,8,4,5,9,5,6,6,8,7,3,5,2,5,4,7,6,5,4,7,5,7,4,5,2,9,6,7,3,2,2,11,9,6,8,8,10,10,,,8,9,,,9,6,12,10,10,10,11,11,11,7,7,5,5,5,11,10,7,10,11,3,9,9,10,,8,,,9,10,9,5,10,10,7,8,6,3,10,5,7,7,10,7,7,3,2,10,10,10,4,6,6,3,6,1,2,1,3,7,4,9,9,7,6,7,6,8,,,3,3,,,9,3,5,10,10,7,7,2,9,5,6,3,7,6,6,2,1,3,1,1,7,10,6,6,,5,,,b'\x11\xe8\xe1I\xcb\x9e|\xfe\xaf\x82\x12\xdf\x17\xaeN\x1e'
11E8E149-CB9E-7CFE-AF82-12DF17AE4E1E,2020-ncaa-d1-natl,ncaa,199,215,45,208,72,107,125,163,106,165,263,52,103,75,216,74,107,111,172,110,57,150,135,96,95,119,104,124,149,202,200,154,92,182,150,84,102,219,193,137,268,278,314,320,,,269,282,,,208,115,200,132,138,163,227,206,287,109,81,126,138,137,212,202,231,193,232,105,190,286,320,,244,,,208,283,280,206,303,262,201,273,244,183,313,160,247,245,202,247,236,214,175,301,303,315,188,180,191,78,92,180,200,136,150,89,15,249,261,159,89,76,43,89,,,33,36,,,208,220,131,291,218,261,259,142,234,164,227,151,225,225,231,162,112,57,135,90,74,266,79,40,,49,,,b'\x11\xe8\xe1I\xcb\x9e|\xfe\xaf\x82\x12\xdf\x17\xaeN\x1e'
11E8E149-CB9E-7CFE-AF82-12DF17AE4E1E,2021-ncaa-d0-natl,ncaa,128,202,89,157,118,97,103,95,165,137,154,130,48,39,149,53,79,74,165,70,50,89,110,128,124,92,57,73,143,155,274,115,193,133,287,130,240,137,52,113,85,129,229,271,,,287,257,,,178,100,104,174,102,122,101,214,248,54,37,86,91,83,89,143,223,189,216,191,50,114,271,,260,,,173,278,265,240,253,253,224,256,265,246,227,192,293,297,165,299,279,246,248,261,274,264,232,184,239,242,193,312,274,288,287,230,111,107,176,169,188,107,82,52,,,64,66,,,178,247,112,261,168,267,240,184,218,152,229,212,280,276,283,223,231,188,312,292,183,156,120,27,,72,,,b'\x11\xe8\xe1I\xcb\x9e|\xfe\xaf\x82\x12\xdf\x17\xaeN\x1e'
11E8E149-CB9E-7CFE-AF82-12DF17AE4E1E,2021-ncaa-d1-conf-MAC,ncaa,8,9,4,9,4,7,8,5,11,8,6,9,5,3,8,3,5,5,9,5,4,6,7,9,8,7,3,4,6,9,10,7,10,8,11,6,5,3,2,4,4,5,8,9,,,9,9,,,9,6,9,8,8,9,5,11,10,6,3,7,6,6,5,11,9,11,11,7,1,5,9,,9,,,9,9,9,8,10,9,9,8,7,5,9,5,10,11,6,11,9,10,9,9,9,8,6,5,8,7,10,12,10,12,11,8,9,4,5,9,5,5,8,7,,,4,5,,,9,7,8,9,9,7,6,6,9,9,6,4,8,9,10,6,6,8,11,11,9,6,4,6,,7,,,b'\x11\xe8\xe1I\xcb\x9e|\xfe\xaf\x82\x12\xdf\x17\xaeN\x1e'
11E8E149-CB9E-7CFE-AF82-12DF17AE4E1E,2021-ncaa-d1-natl,ncaa,139,201,105,163,137,106,112,106,172,152,167,133,53,45,151,54,89,86,168,81,48,101,126,129,126,98,54,71,134,173,278,135,200,145,294,151,242,121,52,116,96,135,236,275,,,276,259,,,195,119,108,170,105,128,106,221,249,54,38,88,89,83,92,150,229,196,224,202,50,118,273,,260,,,189,273,259,221,261,247,212,260,259,238,232,189,288,289,167,293,279,235,235,268,277,277,231,186,243,231,200,304,278,282,294,221,112,123,185,174,176,111,73,54,,,74,69,,,195,232,116,273,183,272,246,186,225,156,235,209,284,283,289,225,231,192,315,297,189,168,119,28,,77,,,b'\x11\xe8\xe1I\xcb\x9e|\xfe\xaf\x82\x12\xdf\x17\xaeN\x1e'
11E8E149-CB9E-7CFE-AF82-12DF17AE4E1E,2022-ncaa-d0-natl,ncaa,5,12,8,12,9,15,19,24,33,27,55,22,39,38,89,124,15,18,88,16,68,19,24,34,27,20,140,146,156,68,166,4,10,6,25,32,171,162,30,29,201,297,102,188,,,312,152,,,24,21,210,153,33,48,130,70,199,86,102,66,87,89,114,201,185,10,28,67,25,305,170,,128,,,27,317,309,339,60,303,345,53,263,296,107,128,301,305,146,304,140,341,330,52,56,145,165,156,214,203,10,326,166,310,25,158,22,207,326,197,124,30,144,51,,,10,60,,,24,337,21,100,25,105,109,214,134,230,122,142,162,175,163,207,100,51,114,62,26,332,32,44,,84,,,b'\x11\xe8\xe1I\xcb\x9e|\xfe\xaf\x82\x12\xdf\x17\xaeN\x1e'
11E8E149-CB9E-7CFE-AF82-12DF17AE4E1E,2022-ncaa-d1-conf-MAC,ncaa,1,1,1,1,2,2,2,2,2,2,5,2,4,3,7,6,1,1,4,1,1,2,2,3,2,1,7,8,1,2,2,1,1,2,1,1,2,3,3,1,9,10,2,1,,,11,9,,,1,2,10,4,2,2,8,4,7,7,6,1,1,1,5,10,4,1,3,2,2,10,2,,7,,,1,4,3,11,1,6,10,1,5,8,2,4,9,11,2,11,9,11,10,1,1,2,7,5,11,4,1,5,2,4,1,1,1,9,10,2,2,2,3,2,,,1,1,,,1,11,1,2,1,1,1,6,2,9,1,4,5,8,8,5,1,2,1,1,1,11,1,3,,1,,,b'\x11\xe8\xe1I\xcb\x9e|\xfe\xaf\x82\x12\xdf\x17\xaeN\x1e'
11E8E149-CB9E-7CFE-AF82-12DF17AE4E1E,2022-ncaa-d1-natl,ncaa,6,12,9,12,11,17,21,28,35,30,70,27,49,48,90,124,23,25,91,23,65,22,32,36,29,23,134,144,150,84,177,6,12,8,29,35,175,130,32,31,232,310,114,191,,,299,161,,,26,23,220,152,39,53,146,80,207,88,106,69,88,90,123,213,198,12,33,78,27,313,178,,132,,,29,313,299,337,70,293,340,60,241,285,117,126,288,297,154,294,141,340,326,63,68,154,165,157,212,173,12,315,177,296,29,144,22,246,328,210,106,31,132,57,,,14,52,,,26,336,22,121,27,116,117,214,150,231,125,142,168,180,174,210,94,51,118,67,30,334,33,48,,85,,,b'\x11\xe8\xe1I\xcb\x9e|\xfe\xaf\x82\x12\xdf\x17\xaeN\x1e'
11E8E149-CB9E-7CFE-AF82-12DF17AE4E1E,2023-ncaa-d0-natl,ncaa,11,6,29,8,37,37,52,85,26,50,103,25,80,98,64,165,13,32,17,32,46,66,94,33,14,9,127,191,68,267,304,23,12,66,87,46,104,56,29,24,184,250,272,317,,,162,61,,,46,57,204,86,46,69,236,93,221,121,164,21,58,58,171,282,330,36,145,64,15,249,314,,60,,,46,303,308,327,118,271,308,99,307,310,236,236,172,127,302,124,58,318,302,133,123,181,227,281,76,115,12,285,304,240,87,138,24,177,266,151,114,70,65,37,,,31,31,,,46,315,28,129,38,147,175,235,131,198,251,228,81,59,58,184,115,33,132,73,41,283,46,21,,85,,,b'\x11\xe8\xe1I\xcb\x9e|\xfe\xaf\x82\x12\xdf\x17\xaeN\x1e'
11E8E149-CB9E-7CFE-AF82-12DF17AE4E1E,2023-ncaa-d1-conf-MAC,ncaa,1,1,1,1,1,1,3,2,2,2,2,2,6,7,5,9,1,1,2,1,1,2,2,2,2,2,7,11,2,7,7,1,1,1,1,2,3,4,3,2,6,8,6,8,,,6,3,,,2,2,9,5,2,3,10,3,7,7,9,1,1,1,7,11,8,1,3,3,1,8,7,,3,,,2,10,9,12,2,5,11,1,11,9,12,7,5,4,7,4,3,12,10,2,1,4,9,10,4,5,1,5,7,5,1,5,3,4,7,4,3,3,1,1,,,2,1,,,2,11,1,3,2,3,4,7,2,8,9,6,2,2,2,4,3,3,1,1,2,7,2,1,,3,,,b'\x11\xe8\xe1I\xcb\x9e|\xfe\xaf\x82\x12\xdf\x17\xaeN\x1e'
11E8E149-CB9E-7CFE-AF82-12DF17AE4E1E,2023-ncaa-d1-natl,ncaa,11,6,33,8,39,40,57,97,26,57,125,26,96,119,65,166,15,36,17,36,43,80,114,35,15,9,126,187,60,294,312,25,13,81,98,52,106,41,31,24,212,259,292,323,,,131,64,,,47,71,211,86,47,71,247,98,227,127,167,22,60,61,186,288,336,37,158,69,16,263,320,,61,,,47,294,298,320,132,251,297,102,303,299,255,235,157,112,310,111,60,309,286,150,146,202,228,281,77,93,13,260,312,209,98,115,25,206,281,174,96,73,56,42,,,35,25,,,47,304,28,154,40,164,188,239,138,198,257,229,85,63,61,187,110,34,143,78,43,297,45,24,,83,,,b'\x11\xe8\xe1I\xcb\x9e|\xfe\xaf\x82\x12\xdf\x17\xaeN\x1e'
11E8E149-CB9E-7CFE-AF82-12DF17AE4E1E,2023-ncaa-d1-ncaatournament,ncaa,18,2,18,18,21,28,25,23,40,26,21,45,24,22,27,40,28,29,40,27,48,22,25,41,44,37,36,30,43,41,65,24,49,29,59,33,59,35,12,44,30,51,42,54,,,45,26,,,64,19,10,7,35,27,22,32,17,30,35,40,42,40,24,38,62,21,36,52,10,45,47,,34,,,53,51,51,51,28,49,47,34,56,53,39,55,50,45,51,45,42,51,51,37,39,49,51,54,37,56,49,52,65,55,59,50,29,34,63,56,42,30,6,5,,,26,26,,,64,50,43,52,54,61,56,67,44,48,57,64,54,49,49,68,66,55,59,64,46,58,27,7,,30,,,b'\x11\xe8\xe1I\xcb\x9e|\xfe\xaf\x82\x12\xdf\x17\xaeN\x1e'
11E8E149-CB9E-7CFE-AF82-12DF17AE4E1E,2024-ncaa-d0-natl,ncaa,20,13,52,21,69,56,60,81,53,65,109,50,78,89,84,152,80,89,87,93,142,80,100,57,53,37,173,165,192,156,207,71,30,92,94,34,51,64,36,20,167,192,143,165,,,147,90,,,33,89,196,230,59,58,117,71,178,100,129,97,136,140,116,204,208,89,139,33,28,214,180,,75,,,32,178,185,221,125,154,208,103,220,209,237,197,125,137,151,137,127,210,231,139,128,93,200,241,126,73,30,276,207,200,94,141,120,98,112,96,67,45,10,5,,,28,28,,,33,262,40,60,34,71,80,94,69,109,174,143,88,92,99,62,80,26,188,82,82,145,41,3,,47,,,b'\x11\xe8\xe1I\xcb\x9e|\xfe\xaf\x82\x12\xdf\x17\xaeN\x1e'
11E8E149-CB9E-7CFE-AF82-12DF17AE4E1E,2024-ncaa-d1-conf-MAC,ncaa,1,1,2,1,3,1,1,3,1,2,3,3,3,4,1,7,1,1,3,2,5,3,3,1,1,1,5,5,4,4,5,4,1,2,2,1,1,1,1,1,6,5,4,4,,,3,2,,,1,4,6,7,1,1,2,2,4,3,5,1,1,2,2,5,5,4,4,1,1,6,5,,2,,,1,3,4,9,2,2,9,2,6,7,9,7,3,1,12,1,1,7,8,3,4,3,7,7,4,1,1,6,5,3,2,4,5,4,5,2,3,2,1,1,,,1,2,,,1,11,1,2,1,2,3,4,2,7,4,4,3,1,1,2,1,1,3,1,3,5,2,1,,1,,,b'\x11\xe8\xe1I\xcb\x9e|\xfe\xaf\x82\x12\xdf\x17\xaeN\x1e'
11E8E149-CB9E-7CFE-AF82-12DF17AE4E1E,2024-ncaa-d1-natl,ncaa,18,13,38,21,60,56,48,65,49,50,110,41,84,86,97,156,71,89,91,91,141,66,95,52,49,34,178,176,190,153,205,68,30,86,88,33,53,66,34,20,163,193,156,175,,,151,102,,,31,83,204,238,58,54,118,73,176,112,130,95,136,140,118,208,210,90,144,36,27,212,194,,83,,,32,182,192,226,123,156,210,95,243,220,241,211,144,140,175,143,127,221,244,146,138,103,226,252,133,70,30,270,205,189,88,136,114,102,119,104,64,46,9,7,,,33,28,,,31,272,37,68,32,75,85,99,70,101,189,157,94,92,100,69,77,25,174,80,82,152,40,6,,45,,,b'\x11\xe8\xe1I\xcb\x9e|\xfe\xaf\x82\x12\xdf\x17\xaeN\x1e'
11E8E149-CB9E-7CFE-AF82-12DF17AE4E1E,2025-ncaa-d0-natl,genius_ncaa,61,53,90,59,116,109,115,182,55,120,200,49,158,172,123,179,71,82,121,78,55,167,142,59,46,96,163,206,112,158,96,98,30,117,28,127,158,294,253,181,212,231,219,282,,,262,281,,340,125,143,219,269,115,127,284,142,250,179,195,77,103,99,258,233,185,118,148,143,235,249,237,,231,,342,128,212,262,226,268,322,310,210,47,30,185,14,161,144,219,140,61,219,208,209,202,224,11,22,127,41,30,52,96,34,28,124,37,216,232,177,147,142,53,77,,,60,35,,55,125,228,93,170,114,165,219,151,310,313,25,18,132,119,114,127,80,25,20,9,91,261,124,47,,56,,62,b'\x11\xe8\xe1I\xcb\x9e|\xfe\xaf\x82\x12\xdf\x17\xaeN\x1e'
11E8E149-CB9E-7CFE-AF82-12DF17AE4E1E,2025-ncaa-d1-conf-MAC,genius_ncaa,2,2,1,2,2,2,3,3,3,3,4,3,9,8,4,10,4,5,2,5,5,4,3,2,2,5,9,9,5,5,4,3,1,3,2,4,6,12,11,6,4,7,3,9,,,11,8,,10,3,2,8,7,5,4,10,4,6,9,10,6,7,7,10,9,6,5,5,5,10,7,5,,8,,10,4,9,11,10,6,12,12,4,2,1,3,1,7,7,9,7,3,11,10,5,5,4,2,1,7,2,1,4,4,4,2,6,2,4,6,4,9,4,4,2,,,2,5,,3,3,11,4,4,3,4,5,5,9,12,1,1,5,4,4,4,3,1,1,1,1,5,5,2,,6,,5,b'\x11\xe8\xe1I\xcb\x9e|\xfe\xaf\x82\x12\xdf\x17\xaeN\x1e'
11E8E149-CB9E-7CFE-AF82-12DF17AE4E1E,2025-ncaa-d1-natl,genius_ncaa,54,53,72,58,101,93,97,174,50,99,201,41,135,159,114,164,73,77,143,73,56,155,126,50,44,88,164,193,133,147,77,80,30,101,24,100,151,280,240,161,184,211,214,280,,,263,270,,340,99,130,220,269,97,117,278,129,249,159,183,87,106,101,247,233,182,113,139,121,225,230,231,,212,,344,101,205,264,224,251,322,320,189,41,30,187,13,163,142,231,135,57,220,210,188,184,204,11,21,136,47,30,61,77,36,24,111,32,203,214,157,139,130,46,61,,,50,36,,57,99,241,83,156,98,139,214,142,301,313,23,15,132,111,108,122,83,28,19,10,76,243,107,37,,58,,66,b'\x11\xe8\xe1I\xcb\x9e|\xfe\xaf\x82\x12\xdf\x17\xaeN\x1e'
11E8E149-CB9E-7CFE-AF82-12DF17AE4E1E,2026-ncaa-d0-natl,genius_ncaa,212,152,279,209,289,275,261,307,131,227,296,74,314,283,338,188,222,205,233,221,88,306,310,163,157,172,286,312,97,243,118,321,36,314,106,257,186,73,196,187,274,173,301,296,,,82,281,,153,211,315,250,90,194,182,247,121,223,292,201,117,91,104,212,224,164,305,271,176,181,205,297,,210,,261,216,70,82,28,344,122,81,292,35,7,360,12,113,89,261,85,179,32,39,334,336,306,62,58,201,4,36,37,118,12,106,80,134,269,109,184,17,61,150,262,,,253,73,,223,211,52,163,247,212,228,248,36,294,240,83,8,223,202,201,47,45,8,87,28,203,150,56,257,,95,,182,b'\x11\xe8\xe1I\xcb\x9e|\xfe\xaf\x82\x12\xdf\x17\xaeN\x1e'
11E8E149-CB9E-7CFE-AF82-12DF17AE4E1E,2026-ncaa-d1-natl,genius_ncaa,256,152,345,230,349,336,336,355,157,307,345,86,348,321,346,185,283,278,235,286,85,355,357,197,194,206,286,314,84,312,147,355,45,356,133,326,203,31,216,222,336,210,331,314,,,29,292,,125,255,360,266,92,232,217,283,152,242,307,215,122,108,118,249,248,192,326,305,219,193,243,307,,221,,269,264,22,39,6,355,85,24,320,15,2,362,13,76,50,271,46,187,6,3,351,351,338,56,54,189,1,45,6,147,3,133,50,141,330,148,229,6,62,120,288,,,320,63,,245,255,5,201,295,257,270,284,43,314,253,98,8,239,217,211,59,42,8,89,28,234,191,55,275,,102,,169,b'\x11\xe8\xe1I\xcb\x9e|\xfe\xaf\x82\x12\xdf\x17\xaeN\x1e'
11E8E149-CBB7-C114-AF82-12DF17AE4E1E,2010-ncaa-d0-natl,ncaa,159,174,122,172,140,259,247,166,300,176,111,284,304,262,333,265,216,136,335,130,182,158,125,314,321,320,281,287,134,34,27,187,231,97,102,233,200,291,262,285,135,131,171,174,,,201,219,,,225,175,236,124,300,279,185,200,119,312,269,236,126,123,173,123,18,227,81,260,277,141,183,,193,,,224,88,70,118,101,134,171,96,53,77,107,85,188,225,50,223,224,132,166,88,84,56,138,84,259,216,231,158,27,181,102,189,288,100,73,124,297,273,174,148,,,107,120,,,225,160,293,67,236,59,55,63,113,140,53,53,174,214,213,87,133,212,151,184,184,100,286,172,,103,,,b'\x11\xe8\xe1I\xcb\xb7\xc1\x14\xaf\x82\x12\xdf\x17\xaeN\x1e'
11E8E149-CBB7-C114-AF82-12DF17AE4E1E,2010-ncaa-d1-conf-CAA,ncaa,7,7,8,7,9,10,11,7,11,9,7,11,11,10,12,10,6,5,11,5,5,7,7,11,11,11,9,11,2,3,3,5,6,5,4,9,8,9,8,10,8,6,6,5,,,5,5,,,8,9,6,7,10,11,4,8,4,11,9,4,4,3,4,3,3,4,2,9,11,7,6,,6,,,8,2,2,3,3,2,5,3,3,4,2,6,6,6,3,6,7,5,4,4,5,3,4,4,9,4,6,3,3,3,4,4,12,7,7,5,9,10,8,7,,,5,3,,,8,4,11,2,8,4,3,6,5,6,4,4,8,8,8,8,8,6,7,8,5,7,10,10,,3,,,b'\x11\xe8\xe1I\xcb\xb7\xc1\x14\xaf\x82\x12\xdf\x17\xaeN\x1e'
11E8E149-CBB7-C114-AF82-12DF17AE4E1E,2010-ncaa-d1-natl,ncaa,166,174,134,177,155,275,260,179,304,188,123,287,308,266,334,263,226,143,333,138,182,172,137,315,323,323,280,286,129,36,29,207,237,108,109,250,201,278,261,287,147,137,178,177,,,186,219,,,230,197,238,125,303,286,188,205,123,310,271,238,128,124,175,127,19,234,83,269,276,150,185,,191,,,229,69,57,104,107,120,152,103,44,66,108,84,179,214,49,213,223,117,146,93,87,59,136,83,258,196,237,145,29,173,109,181,288,116,76,133,292,275,168,154,,,118,116,,,230,136,301,79,240,59,55,64,116,143,55,54,175,214,212,87,132,215,154,189,190,105,285,175,,103,,,b'\x11\xe8\xe1I\xcb\xb7\xc1\x14\xaf\x82\x12\xdf\x17\xaeN\x1e'
11E8E149-CBB7-C114-AF82-12DF17AE4E1E,2011-ncaa-d0-natl,ncaa,262,279,170,270,206,278,272,263,259,199,134,262,330,322,321,320,146,85,321,84,83,224,205,298,296,296,292,326,40,97,61,323,168,260,147,296,287,226,263,301,90,47,301,297,,,169,265,,,238,259,260,177,292,288,272,184,118,331,326,126,54,54,237,199,76,337,275,315,247,75,301,,200,,,237,93,134,29,331,229,87,330,26,21,143,29,121,113,202,116,178,27,70,312,308,197,22,24,177,24,168,104,61,46,147,98,104,80,22,60,118,158,16,18,,,87,30,,,238,90,271,154,237,119,158,15,249,99,22,14,140,131,133,17,49,23,125,60,127,53,147,22,,51,,,b'\x11\xe8\xe1I\xcb\xb7\xc1\x14\xaf\x82\x12\xdf\x17\xaeN\x1e'
11E8E149-CBB7-C114-AF82-12DF17AE4E1E,2011-ncaa-d1-conf-CAA,ncaa,10,10,8,10,9,12,12,10,12,10,9,12,12,11,12,9,8,6,12,6,5,10,9,12,12,12,9,11,4,7,5,12,6,9,9,12,10,5,8,12,7,5,8,5,,,5,12,,,9,12,11,3,12,12,8,10,8,12,10,8,6,6,9,7,5,12,8,11,7,7,8,,8,,,10,4,6,1,12,7,1,12,3,2,7,5,4,4,5,4,9,1,2,12,12,10,3,4,5,2,6,7,5,4,9,7,9,4,2,4,1,2,3,5,,,5,2,,,9,2,12,10,10,7,9,1,9,2,3,2,6,5,5,2,2,2,11,6,8,3,3,4,,5,,,b'\x11\xe8\xe1I\xcb\xb7\xc1\x14\xaf\x82\x12\xdf\x17\xaeN\x1e'
11E8E149-CBB7-C114-AF82-12DF17AE4E1E,2011-ncaa-d1-natl,ncaa,268,277,199,274,238,285,284,284,265,214,152,267,331,327,323,320,161,97,320,96,84,254,239,302,301,300,290,325,37,109,67,332,171,278,155,310,289,211,263,307,103,49,305,299,,,152,265,,,244,283,262,168,294,291,274,191,124,331,326,128,56,56,242,204,79,338,276,318,247,80,302,,201,,,245,71,120,16,332,215,67,332,20,15,143,30,110,97,203,101,178,17,47,316,313,202,23,20,176,11,171,81,67,25,155,85,102,97,25,64,105,158,13,17,,,105,29,,,244,63,274,161,245,124,162,16,255,104,22,14,139,131,135,17,50,24,126,61,129,58,147,21,,51,,,b'\x11\xe8\xe1I\xcb\xb7\xc1\x14\xaf\x82\x12\xdf\x17\xaeN\x1e'
11E8E149-CBB7-C114-AF82-12DF17AE4E1E,2012-ncaa-d0-natl,ncaa,147,129,163,147,177,246,248,239,244,137,75,283,339,341,295,342,72,36,296,36,80,194,198,306,283,267,309,340,16,75,33,266,258,175,102,297,294,123,168,279,193,157,206,223,,,53,77,,,257,266,286,99,261,264,246,115,40,340,342,43,12,14,176,194,53,285,147,309,154,181,213,,59,,,256,169,217,157,265,216,183,252,167,117,257,142,51,51,165,57,56,124,95,261,232,261,66,176,41,176,258,57,33,81,102,292,298,273,262,318,74,102,96,45,,,64,12,,,257,74,216,273,262,199,246,187,261,221,184,138,60,51,60,149,93,205,63,106,295,283,101,107,,26,,,b'\x11\xe8\xe1I\xcb\xb7\xc1\x14\xaf\x82\x12\xdf\x17\xaeN\x1e'
11E8E149-CBB7-C114-AF82-12DF17AE4E1E,2012-ncaa-d1-conf-CAA,ncaa,9,8,8,9,8,12,12,11,11,9,7,11,11,11,11,11,6,3,10,3,3,10,10,10,10,11,10,11,1,5,2,12,10,10,4,12,9,3,6,11,6,4,7,6,,,2,4,,,10,12,11,1,12,12,10,8,4,11,11,4,2,3,9,9,3,12,8,12,5,5,7,,3,,,10,4,7,2,11,8,3,11,4,3,7,5,2,2,4,2,3,1,1,11,11,10,2,5,2,3,10,2,2,3,4,10,11,10,7,11,2,2,5,4,,,4,1,,,10,1,11,10,10,7,9,3,8,4,4,5,2,2,2,2,3,5,4,4,10,9,2,6,,2,,,b'\x11\xe8\xe1I\xcb\xb7\xc1\x14\xaf\x82\x12\xdf\x17\xaeN\x1e'
11E8E149-CBB7-C114-AF82-12DF17AE4E1E,2012-ncaa-d1-natl,ncaa,158,129,196,150,217,266,271,263,255,152,82,285,340,342,295,342,76,37,293,38,78,221,241,308,286,272,307,340,12,84,36,290,261,203,111,310,295,106,169,284,209,161,219,228,,,40,84,,,261,295,287,90,266,276,252,119,41,340,342,43,11,14,183,202,54,286,151,314,157,186,220,,60,,,264,148,207,127,268,208,158,254,155,100,261,136,44,43,170,49,57,102,65,266,237,266,64,172,42,158,261,37,36,53,111,286,299,291,268,318,63,103,86,49,,,77,12,,,261,44,225,279,273,204,249,187,262,225,185,138,64,56,64,153,93,209,62,111,297,284,101,108,,26,,,b'\x11\xe8\xe1I\xcb\xb7\xc1\x14\xaf\x82\x12\xdf\x17\xaeN\x1e'
11E8E149-CBB7-C114-AF82-12DF17AE4E1E,2013-ncaa-d0-natl,ncaa,212,216,183,221,185,249,270,281,220,221,203,242,268,281,198,261,131,86,278,91,58,254,241,246,231,259,196,248,41,116,60,265,262,214,137,306,298,231,275,315,207,179,163,136,,,76,120,,,271,273,290,51,263,281,294,217,196,270,284,101,62,67,266,230,96,274,197,317,255,197,164,,100,,,270,188,192,133,249,124,83,221,282,221,316,267,104,59,312,63,116,109,91,277,267,281,258,291,94,186,262,52,60,85,137,275,311,247,232,301,226,261,33,46,,,154,87,,,271,76,224,293,278,215,222,157,153,100,294,250,117,84,88,134,99,215,63,109,293,250,240,41,,134,,,b'\x11\xe8\xe1I\xcb\xb7\xc1\x14\xaf\x82\x12\xdf\x17\xaeN\x1e'
11E8E149-CBB7-C114-AF82-12DF17AE4E1E,2013-ncaa-d1-conf-CAA,ncaa,7,7,6,7,8,9,9,10,8,8,6,7,10,10,7,8,4,4,9,4,2,10,7,9,9,10,6,7,2,4,4,9,9,6,5,11,10,10,10,11,8,7,3,2,,,3,4,,,10,10,7,4,9,9,10,8,6,10,9,5,3,3,9,8,5,10,6,11,10,6,3,,3,,,10,7,7,6,10,6,5,8,11,9,11,9,4,2,9,3,4,5,4,10,11,11,11,11,3,6,9,3,4,3,5,11,11,9,8,10,9,10,2,3,,,4,3,,,10,4,8,11,10,7,7,5,5,6,11,10,4,3,4,5,5,7,4,5,11,7,10,2,,5,,,b'\x11\xe8\xe1I\xcb\xb7\xc1\x14\xaf\x82\x12\xdf\x17\xaeN\x1e'
11E8E149-CBB7-C114-AF82-12DF17AE4E1E,2013-ncaa-d1-natl,ncaa,221,216,210,228,214,267,288,302,226,240,224,248,277,291,202,262,141,98,278,102,57,275,264,251,236,262,194,247,37,132,62,287,269,235,145,318,304,222,278,316,216,182,175,142,,,65,124,,,276,297,291,48,270,285,297,222,198,272,284,102,65,68,269,234,101,279,200,319,255,205,165,,99,,,278,171,173,104,252,110,67,226,276,214,321,266,91,52,314,56,118,77,62,281,277,286,259,290,95,171,269,39,62,61,145,268,311,271,237,306,212,263,26,47,,,176,80,,,276,48,230,300,286,220,228,159,159,104,293,250,119,85,89,135,98,215,63,110,295,256,240,41,,129,,,b'\x11\xe8\xe1I\xcb\xb7\xc1\x14\xaf\x82\x12\xdf\x17\xaeN\x1e'
11E8E149-CBB7-C114-AF82-12DF17AE4E1E,2014-ncaa-d0-natl,ncaa,197,205,180,207,239,292,262,196,300,207,149,297,286,243,325,236,313,259,345,256,297,212,228,317,333,311,306,256,268,57,46,260,114,148,85,309,320,101,136,281,182,131,289,284,,,61,142,,,248,290,306,270,312,273,154,191,109,287,237,311,257,256,190,213,26,262,111,315,123,170,293,,67,,,248,65,117,83,233,115,109,193,162,104,295,178,35,23,249,21,41,46,42,233,210,210,108,219,48,49,114,117,46,72,85,275,337,246,180,301,112,158,12,9,,,269,257,,,248,58,276,195,251,90,155,80,158,129,182,114,42,32,31,38,28,57,163,101,299,239,143,15,,262,,,b'\x11\xe8\xe1I\xcb\xb7\xc1\x14\xaf\x82\x12\xdf\x17\xaeN\x1e'
11E8E149-CBB7-C114-AF82-12DF17AE4E1E,2014-ncaa-d1-conf-CAA,ncaa,6,6,6,6,9,8,6,6,6,5,5,5,7,6,8,6,8,6,9,6,8,6,7,8,8,8,7,7,8,5,4,6,2,5,4,8,8,4,4,8,8,8,7,7,,,2,5,,,7,8,6,6,8,6,4,4,4,7,6,8,6,6,6,6,4,5,5,8,4,8,7,,5,,,7,4,6,4,7,6,5,6,8,2,9,3,1,1,4,1,2,3,1,6,6,8,4,8,2,1,2,4,4,2,4,9,9,9,9,9,4,4,3,4,,,7,7,,,7,2,8,6,7,5,6,6,6,7,8,2,1,2,2,5,3,3,6,5,9,9,5,4,,7,,,b'\x11\xe8\xe1I\xcb\xb7\xc1\x14\xaf\x82\x12\xdf\x17\xaeN\x1e'
11E8E149-CBB7-C114-AF82-12DF17AE4E1E,2014-ncaa-d1-natl,ncaa,211,204,211,214,288,306,280,221,304,224,167,299,290,255,326,237,320,274,346,271,296,238,261,318,334,312,304,257,265,63,48,282,116,174,88,316,320,83,138,284,197,138,299,287,,,42,143,,,256,320,308,273,313,278,156,198,107,290,237,312,261,259,197,217,26,269,117,317,121,173,297,,69,,,255,52,100,56,241,102,82,196,148,93,296,176,25,17,254,15,39,28,25,244,218,222,105,219,49,41,116,96,48,54,88,268,337,267,186,304,102,158,10,10,,,294,257,,,256,31,280,201,259,96,161,80,163,130,184,111,40,33,32,38,29,57,165,101,302,249,142,16,,265,,,b'\x11\xe8\xe1I\xcb\xb7\xc1\x14\xaf\x82\x12\xdf\x17\xaeN\x1e'
11E8E149-CBB7-C114-AF82-12DF17AE4E1E,2015-ncaa-d0-natl,ncaa,242,279,79,261,86,207,200,89,311,235,190,274,111,48,279,62,277,251,300,247,238,114,144,286,304,255,115,76,288,131,228,153,262,129,282,171,153,66,54,108,218,247,131,160,,,222,212,,,265,156,292,135,281,271,137,288,255,129,59,312,288,286,171,259,174,215,196,222,38,265,150,,162,,,256,232,240,255,182,257,261,186,147,170,104,131,229,235,133,229,157,252,214,149,151,215,109,103,194,286,262,324,228,321,282,306,315,249,291,308,112,111,52,61,,,270,315,,,265,181,248,253,268,160,172,183,217,223,112,139,185,194,181,181,97,253,296,300,279,296,95,35,,333,,,b'\x11\xe8\xe1I\xcb\xb7\xc1\x14\xaf\x82\x12\xdf\x17\xaeN\x1e'
11E8E149-CBB7-C114-AF82-12DF17AE4E1E,2015-ncaa-d1-conf-CAA,ncaa,8,8,4,8,4,6,6,3,10,9,9,9,2,1,8,1,7,6,9,6,5,3,6,8,9,6,2,1,10,5,7,5,5,4,7,6,4,3,2,3,9,8,5,5,,,7,9,,,8,7,8,5,7,7,3,10,10,2,1,10,8,8,4,7,6,5,5,6,2,9,5,,5,,,8,6,6,6,7,6,6,7,6,6,5,7,9,9,9,9,7,6,5,6,7,7,6,5,8,5,5,10,7,9,7,7,8,10,10,10,3,4,1,1,,,8,10,,,8,4,6,7,8,6,6,4,6,5,5,7,9,8,8,5,3,5,10,9,8,10,3,1,,10,,,b'\x11\xe8\xe1I\xcb\xb7\xc1\x14\xaf\x82\x12\xdf\x17\xaeN\x1e'
11E8E149-CBB7-C114-AF82-12DF17AE4E1E,2015-ncaa-d1-natl,ncaa,256,279,97,270,109,235,231,107,319,265,218,283,122,60,281,60,289,267,299,260,237,137,181,294,306,263,111,73,288,148,235,179,275,159,289,198,151,48,53,114,243,250,139,164,,,204,212,,,278,201,295,128,285,278,143,296,261,129,59,315,293,289,182,262,176,222,208,233,38,269,157,,164,,,273,213,221,224,193,245,242,194,127,159,112,126,210,223,138,217,159,224,171,162,164,229,104,103,191,267,275,318,235,317,289,301,315,274,293,311,104,112,44,65,,,296,312,,,278,139,255,264,280,168,190,183,232,227,114,138,189,197,183,184,97,257,298,305,282,300,97,35,,332,,,b'\x11\xe8\xe1I\xcb\xb7\xc1\x14\xaf\x82\x12\xdf\x17\xaeN\x1e'
11E8E149-CBB7-C114-AF82-12DF17AE4E1E,2016-ncaa-d0-natl,ncaa,296,318,114,307,133,185,171,128,252,144,103,252,221,196,255,225,196,187,246,187,251,133,140,265,274,233,240,224,195,156,236,171,298,165,289,275,329,146,121,254,105,116,248,247,,,329,329,,,304,134,166,126,221,194,133,154,106,230,202,225,214,212,148,168,179,203,193,307,134,101,254,,325,,,298,305,286,254,241,187,142,244,339,325,294,310,267,293,60,292,298,269,237,281,272,298,320,316,181,320,298,292,236,320,289,332,336,236,281,333,49,44,324,298,,,232,295,,,304,210,235,320,298,293,268,259,185,113,333,321,251,283,280,282,248,307,291,310,332,259,47,315,,280,,,b'\x11\xe8\xe1I\xcb\xb7\xc1\x14\xaf\x82\x12\xdf\x17\xaeN\x1e'
11E8E149-CBB7-C114-AF82-12DF17AE4E1E,2016-ncaa-d1-conf-CAA,ncaa,9,9,3,9,5,6,4,5,5,2,2,7,9,9,7,10,5,5,7,5,7,3,3,6,7,8,9,10,5,6,6,7,9,7,8,8,9,10,8,10,1,1,9,8,,,10,10,,,9,2,1,6,7,7,5,3,3,9,10,6,5,5,5,3,6,8,7,9,10,1,9,,10,,,9,10,10,6,8,8,1,9,10,9,10,8,9,10,2,10,10,9,10,10,10,9,10,8,7,9,9,7,6,9,8,10,10,4,4,9,7,5,10,9,,,6,7,,,9,9,8,10,9,10,9,5,7,2,10,9,9,9,9,10,10,8,7,7,10,3,5,10,,7,,,b'\x11\xe8\xe1I\xcb\xb7\xc1\x14\xaf\x82\x12\xdf\x17\xaeN\x1e'
11E8E149-CBB7-C114-AF82-12DF17AE4E1E,2016-ncaa-d1-natl,ncaa,302,317,142,313,162,213,198,158,259,172,125,259,234,209,258,226,222,209,246,209,252,170,179,272,277,239,237,221,194,183,241,209,306,201,299,300,332,114,129,262,125,125,260,252,,,320,328,,,307,175,167,117,231,207,139,167,107,234,205,228,217,217,157,175,188,214,207,315,132,109,258,,326,,,306,288,263,230,253,168,111,249,331,318,299,308,253,285,64,280,300,241,203,293,284,307,318,316,177,311,306,279,241,306,299,332,336,258,286,334,39,46,322,299,,,260,290,,,307,164,243,326,308,299,273,261,188,115,332,321,256,289,286,285,248,313,294,315,335,262,52,317,,284,,,b'\x11\xe8\xe1I\xcb\xb7\xc1\x14\xaf\x82\x12\xdf\x17\xaeN\x1e'
11E8E149-CBB7-C114-AF82-12DF17AE4E1E,2017-ncaa-d0-natl,ncaa,217,229,168,225,215,208,213,191,232,135,94,268,303,307,253,318,106,95,231,97,147,178,159,276,268,257,282,312,49,125,115,246,230,197,191,293,327,228,227,297,40,30,213,182,,,302,317,,,226,177,114,268,210,223,171,122,52,313,311,83,62,63,142,106,95,261,183,309,257,29,215,,314,,,226,162,103,66,202,47,49,130,273,203,340,252,265,282,91,282,329,108,177,260,276,173,333,302,271,166,230,171,115,174,191,287,345,61,32,157,244,240,298,248,,,156,167,,,226,174,242,170,226,200,112,56,49,40,294,211,281,295,295,96,210,185,182,189,308,37,260,305,,128,,,b'\x11\xe8\xe1I\xcb\xb7\xc1\x14\xaf\x82\x12\xdf\x17\xaeN\x1e'
11E8E149-CBB7-C114-AF82-12DF17AE4E1E,2017-ncaa-d1-conf-CAA,ncaa,10,8,7,10,10,7,7,6,8,5,3,8,10,9,8,10,4,3,8,3,7,5,5,9,8,9,8,10,2,4,3,8,7,6,5,10,10,10,8,10,3,3,5,5,,,9,10,,,8,6,2,8,6,6,5,5,3,10,9,4,2,2,5,4,4,7,5,10,10,3,5,,10,,,8,6,5,2,6,2,1,4,9,7,10,9,9,9,3,9,10,2,5,8,9,8,10,9,8,2,7,7,3,6,5,9,10,6,3,6,6,5,9,8,,,4,5,,,8,5,9,7,8,8,5,2,5,2,10,8,10,10,10,6,9,6,7,8,9,2,9,9,,3,,,b'\x11\xe8\xe1I\xcb\xb7\xc1\x14\xaf\x82\x12\xdf\x17\xaeN\x1e'
11E8E149-CBB7-C114-AF82-12DF17AE4E1E,2017-ncaa-d1-natl,ncaa,236,229,217,237,288,242,250,238,239,167,117,273,314,321,258,317,123,110,232,111,144,214,202,281,269,262,281,310,50,148,120,286,240,237,207,315,328,212,233,305,49,32,228,191,,,282,318,,,239,228,121,270,220,231,181,133,54,311,313,84,65,64,152,113,103,269,202,313,258,33,220,,316,,,239,126,79,29,216,32,24,139,264,178,343,252,256,266,90,265,328,58,125,273,283,180,336,302,271,133,240,131,120,133,207,279,346,78,39,166,226,246,293,254,,,188,163,,,239,119,253,182,238,207,118,56,52,38,296,209,282,299,297,100,208,189,188,196,311,40,260,308,,132,,,b'\x11\xe8\xe1I\xcb\xb7\xc1\x14\xaf\x82\x12\xdf\x17\xaeN\x1e'
11E8E149-CBB7-C114-AF82-12DF17AE4E1E,2018-ncaa-d0-natl,ncaa,266,280,164,272,224,208,199,121,299,102,41,297,335,317,344,329,94,49,278,53,178,96,63,328,322,313,319,335,34,12,14,207,234,72,72,338,349,327,268,344,75,74,20,15,,,334,331,,,250,121,39,278,207,193,61,71,17,335,311,67,29,31,49,13,4,198,25,344,319,58,13,,337,,,248,218,185,154,232,243,254,153,72,36,282,17,313,322,116,321,286,201,231,183,218,160,129,41,302,200,234,155,14,171,72,273,317,80,97,175,193,124,295,189,,,59,118,,,250,234,277,165,242,243,209,166,264,287,85,40,321,318,319,246,292,218,178,200,288,59,203,304,,20,,,b'\x11\xe8\xe1I\xcb\xb7\xc1\x14\xaf\x82\x12\xdf\x17\xaeN\x1e'
11E8E149-CBB7-C114-AF82-12DF17AE4E1E,2018-ncaa-d1-conf-CAA,ncaa,9,8,7,9,8,7,7,2,9,5,1,9,10,9,10,10,5,4,9,4,8,2,2,10,10,10,10,10,4,1,1,10,7,5,4,10,10,7,6,10,3,2,4,4,,,10,10,,,9,5,1,6,6,7,1,3,1,10,9,4,2,2,1,1,1,10,2,10,10,1,4,,10,,,9,9,8,3,9,8,3,9,6,2,10,2,10,9,9,9,9,4,4,9,10,9,7,4,10,3,7,5,1,4,4,9,10,4,4,8,4,3,5,4,,,4,5,,,9,7,9,9,9,9,9,5,9,6,8,3,10,10,10,6,8,5,8,7,9,2,5,7,,2,,,b'\x11\xe8\xe1I\xcb\xb7\xc1\x14\xaf\x82\x12\xdf\x17\xaeN\x1e'
11E8E149-CBB7-C114-AF82-12DF17AE4E1E,2018-ncaa-d1-natl,ncaa,276,278,213,279,294,249,233,147,306,125,49,306,338,326,344,329,109,66,276,71,176,122,81,330,325,320,319,336,30,19,15,243,238,90,83,344,349,317,272,345,89,85,22,15,,,325,333,,,263,150,40,279,226,208,65,81,17,336,313,69,32,36,53,15,4,206,30,346,320,64,13,,340,,,261,192,155,108,245,225,231,165,55,25,290,15,307,314,123,312,288,154,200,195,228,179,125,41,305,175,238,124,15,133,83,266,320,100,107,187,172,129,286,200,,,79,114,,,263,203,289,184,255,256,218,172,274,290,84,38,323,325,324,249,292,227,183,207,293,64,207,310,,22,,,b'\x11\xe8\xe1I\xcb\xb7\xc1\x14\xaf\x82\x12\xdf\x17\xaeN\x1e'
11E8E149-CBB7-C114-AF82-12DF17AE4E1E,2019-ncaa-d0-natl,ncaa,95,109,47,108,66,79,82,35,230,42,17,240,265,232,301,306,30,16,252,18,153,27,18,276,254,244,292,316,53,6,12,71,216,19,59,215,341,326,189,293,43,81,4,3,,,346,285,,,172,35,52,218,118,122,43,52,17,298,276,37,23,26,31,17,6,115,15,282,268,63,3,,306,,,172,311,250,300,87,260,319,68,195,199,179,79,348,333,337,334,263,320,324,74,130,131,248,95,324,308,216,249,12,300,59,231,168,56,147,109,286,140,312,186,,,32,178,,,172,321,175,145,164,229,149,239,170,283,120,129,327,306,308,292,302,264,140,202,155,93,226,286,,59,,,b'\x11\xe8\xe1I\xcb\xb7\xc1\x14\xaf\x82\x12\xdf\x17\xaeN\x1e'
11E8E149-CBB7-C114-AF82-12DF17AE4E1E,2019-ncaa-d1-conf-CAA,ncaa,3,3,1,3,2,2,1,1,6,1,1,6,8,7,9,9,1,1,4,1,6,1,1,7,6,6,9,9,2,1,2,1,4,1,2,6,10,8,5,7,1,3,1,2,,,9,6,,,3,1,1,6,3,3,1,1,2,9,8,2,2,2,1,1,1,3,3,7,5,2,2,,7,,,3,6,6,10,3,6,10,3,7,10,2,3,7,7,8,7,6,10,10,3,4,4,7,5,9,10,4,9,2,9,2,7,6,4,8,5,4,2,5,2,,,1,7,,,3,10,6,4,3,4,4,10,4,10,4,5,6,6,7,9,10,8,6,7,5,6,4,4,,3,,,b'\x11\xe8\xe1I\xcb\xb7\xc1\x14\xaf\x82\x12\xdf\x17\xaeN\x1e'
11E8E149-CBB7-C114-AF82-12DF17AE4E1E,2019-ncaa-d1-natl,ncaa,106,108,62,112,84,101,101,48,240,55,25,260,282,257,301,308,36,20,248,23,155,39,29,284,264,255,289,318,46,9,13,85,235,27,63,248,341,308,191,304,62,91,4,4,,,333,287,,,193,49,56,210,127,131,48,62,21,303,280,37,25,29,34,24,7,124,15,293,268,72,4,,308,,,193,294,224,282,92,240,309,74,177,171,195,71,344,326,341,328,265,311,315,81,147,152,246,93,329,295,235,214,13,277,63,216,169,78,157,127,267,150,310,198,,,48,174,,,193,310,187,162,187,244,163,244,184,285,123,125,331,309,309,296,299,274,147,205,165,95,226,293,,61,,,b'\x11\xe8\xe1I\xcb\xb7\xc1\x14\xaf\x82\x12\xdf\x17\xaeN\x1e'
11E8E149-CBB7-C114-AF82-12DF17AE4E1E,2019-ncaa-d1-ncaatournament,ncaa,33,2,33,33,36,47,45,37,54,48,46,53,37,38,47,15,50,47,47,47,51,38,34,53,53,57,22,11,51,26,9,50,40,36,25,44,33,25,41,49,38,20,29,10,,,21,50,,,62,40,7,7,46,42,6,46,28,14,10,47,41,42,8,2,3,49,19,33,53,13,8,,50,,,62,32,32,30,64,28,14,63,44,34,59,59,19,18,39,15,39,28,24,64,64,64,55,60,16,15,40,11,9,12,25,34,45,59,53,62,12,20,36,58,,,57,60,,,62,26,48,64,61,64,64,59,55,26,64,62,42,41,36,56,48,29,43,37,63,50,24,61,,55,,,b'\x11\xe8\xe1I\xcb\xb7\xc1\x14\xaf\x82\x12\xdf\x17\xaeN\x1e'
11E8E149-CBB7-C114-AF82-12DF17AE4E1E,2020-ncaa-d0-natl,ncaa,197,170,260,194,308,193,166,148,194,102,75,212,271,272,265,286,171,127,258,127,203,150,198,245,251,194,285,286,148,129,139,256,288,206,240,291,331,63,63,199,126,129,27,20,,,188,197,,,182,209,55,339,124,101,34,57,27,259,242,116,88,91,37,60,86,199,129,271,109,102,17,,256,,,183,157,120,161,106,126,173,92,142,133,180,128,276,285,156,285,273,187,177,101,124,139,239,154,293,265,288,190,139,237,240,180,229,181,195,182,32,39,132,83,,,252,269,,,182,143,180,178,179,244,191,261,179,247,192,190,304,304,305,293,305,305,271,299,228,142,56,162,,197,,,b'\x11\xe8\xe1I\xcb\xb7\xc1\x14\xaf\x82\x12\xdf\x17\xaeN\x1e'
11E8E149-CBB7-C114-AF82-12DF17AE4E1E,2020-ncaa-d1-conf-CAA,ncaa,4,4,5,4,10,4,2,2,4,1,1,5,8,9,7,9,7,7,5,7,8,2,4,7,7,5,8,8,9,5,6,2,5,3,6,6,8,3,2,3,4,6,2,2,,,4,3,,,5,3,1,10,3,2,1,1,1,7,9,7,7,7,1,3,4,2,3,5,3,3,2,,5,,,5,8,8,9,2,6,8,3,7,8,5,6,2,2,2,3,2,8,9,2,2,3,4,7,3,9,5,9,6,9,6,7,7,8,9,8,2,1,4,2,,,9,9,,,5,9,5,4,5,8,8,10,7,9,8,8,2,3,3,10,10,10,9,9,7,8,2,4,,9,,,b'\x11\xe8\xe1I\xcb\xb7\xc1\x14\xaf\x82\x12\xdf\x17\xaeN\x1e'
11E8E149-CBB7-C114-AF82-12DF17AE4E1E,2020-ncaa-d1-natl,ncaa,199,170,257,197,322,180,153,107,204,90,47,224,276,268,258,291,168,123,253,121,212,98,147,248,255,199,287,289,152,103,130,248,290,188,234,278,327,64,58,188,113,119,23,20,,,193,188,,,180,182,52,338,122,92,30,56,23,264,248,118,90,94,31,54,72,192,114,263,108,97,17,,247,,,179,166,136,181,104,147,197,99,141,149,143,128,273,283,157,282,262,200,204,98,119,132,220,138,284,278,290,214,130,260,234,193,220,172,176,177,38,39,157,94,,,256,280,,,180,167,181,172,177,239,193,264,196,256,171,187,297,300,300,290,305,304,271,299,228,130,60,187,,207,,,b'\x11\xe8\xe1I\xcb\xb7\xc1\x14\xaf\x82\x12\xdf\x17\xaeN\x1e'
11E8E149-CBB7-C114-AF82-12DF17AE4E1E,2021-ncaa-d0-natl,ncaa,128,104,191,127,198,105,90,114,75,68,71,119,147,179,60,262,114,83,227,82,154,109,117,95,102,100,234,224,177,55,21,179,261,133,82,142,287,203,126,166,222,282,152,209,,,219,189,,,116,135,7,119,12,16,7,15,9,116,176,41,26,23,5,4,21,133,37,113,248,235,154,,289,,,120,228,219,224,171,216,238,110,213,187,271,111,277,256,254,256,227,228,214,161,189,235,223,159,263,242,261,118,21,145,82,74,6,180,238,62,183,109,96,33,,,126,175,,,116,205,78,237,132,318,295,334,280,334,255,218,326,309,308,336,337,290,109,195,45,141,206,86,,33,,,b'\x11\xe8\xe1I\xcb\xb7\xc1\x14\xaf\x82\x12\xdf\x17\xaeN\x1e'
11E8E149-CBB7-C114-AF82-12DF17AE4E1E,2021-ncaa-d1-conf-CAA,ncaa,4,5,5,4,5,3,4,4,4,3,2,6,5,5,3,7,4,3,9,3,4,3,3,5,6,5,7,6,6,3,2,4,3,3,3,5,6,6,5,5,6,8,7,9,,,6,2,,,4,3,1,2,1,1,3,1,2,4,6,3,4,4,2,1,2,3,3,3,8,8,7,,7,,,4,7,8,7,7,8,8,6,4,4,7,3,7,7,7,7,5,8,6,7,7,8,2,4,7,4,3,5,2,5,3,4,1,5,7,4,6,5,5,2,,,4,6,,,4,8,4,6,4,10,10,9,10,10,6,7,9,8,8,10,10,5,7,5,1,7,6,2,,2,,,b'\x11\xe8\xe1I\xcb\xb7\xc1\x14\xaf\x82\x12\xdf\x17\xaeN\x1e'
11E8E149-CBB7-C114-AF82-12DF17AE4E1E,2021-ncaa-d1-natl,ncaa,119,104,182,117,192,72,66,87,65,54,48,103,147,170,59,270,84,57,233,57,148,84,85,85,94,100,251,239,177,37,20,153,237,97,57,147,319,233,125,183,217,281,139,206,,,237,169,,,92,104,6,129,12,11,5,11,9,121,180,33,18,19,5,3,20,97,26,130,258,228,145,,286,,,91,251,227,244,143,218,248,99,236,211,272,130,285,269,264,265,222,247,240,146,180,211,244,189,262,246,237,117,20,161,57,73,4,151,231,52,190,95,97,29,,,100,171,,,92,227,69,224,118,319,289,335,264,329,271,240,326,307,306,339,338,281,94,178,31,128,193,79,,20,,,b'\x11\xe8\xe1I\xcb\xb7\xc1\x14\xaf\x82\x12\xdf\x17\xaeN\x1e'
11E8E149-CBB7-C114-AF82-12DF17AE4E1E,2022-ncaa-d0-natl,ncaa,57,35,112,43,148,68,77,46,191,87,65,196,74,64,151,138,79,62,220,69,157,45,59,177,181,127,135,133,173,22,32,43,155,29,59,111,231,122,43,104,146,221,36,87,,,114,33,,,39,85,35,275,39,51,10,82,58,80,66,79,67,75,12,17,17,24,7,123,98,171,32,,73,,,36,164,198,312,20,240,344,5,94,91,136,20,135,133,184,136,28,302,284,12,8,25,63,83,127,299,155,254,32,285,59,95,46,152,237,83,90,33,20,7,,,104,227,,,39,277,75,33,40,128,163,334,215,351,67,64,111,109,109,315,315,276,244,265,72,178,71,15,,104,,,b'\x11\xe8\xe1I\xcb\xb7\xc1\x14\xaf\x82\x12\xdf\x17\xaeN\x1e'
11E8E149-CBB7-C114-AF82-12DF17AE4E1E,2022-ncaa-d1-conf-CAA,ncaa,3,3,3,3,4,2,3,3,6,4,3,7,1,2,3,4,2,2,9,2,3,3,3,4,5,2,2,2,4,2,2,1,2,2,3,2,3,4,4,2,5,7,1,1,,,2,1,,,1,3,2,7,1,2,3,4,2,1,2,3,2,2,3,3,2,1,2,2,3,5,1,,2,,,1,5,6,9,1,8,10,1,3,3,3,1,2,2,9,2,1,8,8,1,1,1,2,3,2,6,2,8,2,8,3,2,2,5,8,4,2,1,2,2,,,2,6,,,1,8,3,1,1,2,6,9,7,10,2,1,1,1,1,9,9,7,9,8,3,6,2,2,,4,,,b'\x11\xe8\xe1I\xcb\xb7\xc1\x14\xaf\x82\x12\xdf\x17\xaeN\x1e'
11E8E149-CBB7-C114-AF82-12DF17AE4E1E,2022-ncaa-d1-natl,ncaa,35,35,67,37,94,39,41,16,184,52,34,183,66,59,156,155,50,38,209,42,151,15,18,177,170,119,146,148,161,8,20,27,129,7,36,101,269,159,33,106,109,194,27,93,,,196,50,,,21,35,24,275,26,32,8,57,47,81,69,64,52,57,8,14,11,28,7,134,97,147,36,,117,,,22,203,215,331,15,246,352,4,119,104,170,23,204,206,230,206,36,330,327,7,8,18,88,90,191,306,129,281,20,315,36,107,38,96,213,61,94,25,16,5,,,53,223,,,21,322,63,26,25,118,139,325,184,351,76,62,150,135,134,314,317,249,210,237,54,151,62,11,,82,,,b'\x11\xe8\xe1I\xcb\xb7\xc1\x14\xaf\x82\x12\xdf\x17\xaeN\x1e'
11E8E149-CBB7-C114-AF82-12DF17AE4E1E,2023-ncaa-d0-natl,ncaa,73,91,46,92,76,82,86,65,172,66,48,200,174,175,181,256,72,75,186,67,170,62,57,193,189,161,239,241,133,72,100,73,179,57,108,186,328,230,116,223,125,187,116,195,,,268,169,,,119,59,115,291,134,123,90,100,79,213,226,113,117,113,96,108,105,117,85,261,154,185,150,,182,,,121,281,272,304,106,289,340,45,155,105,301,31,274,228,346,226,81,308,305,85,103,110,120,102,223,287,179,259,100,284,108,193,103,107,183,119,114,43,42,7,,,98,243,,,119,300,151,121,135,156,161,234,192,324,101,49,209,158,158,227,218,217,147,173,101,177,59,15,,192,,,b'\x11\xe8\xe1I\xcb\xb7\xc1\x14\xaf\x82\x12\xdf\x17\xaeN\x1e'
11E8E149-CBB7-C114-AF82-12DF17AE4E1E,2023-ncaa-d1-conf-CAA,ncaa,1,1,2,1,2,2,2,1,6,4,2,9,4,5,1,7,1,1,9,1,3,1,2,8,8,5,6,7,5,2,5,2,1,1,3,7,10,5,5,4,7,10,3,6,,,10,9,,,3,2,4,9,4,5,4,7,3,6,6,2,2,2,2,5,2,3,2,8,5,10,4,,9,,,3,9,10,12,3,9,12,2,4,3,12,2,9,8,12,8,3,12,10,3,3,3,5,4,7,4,1,9,5,9,3,7,4,7,9,6,4,2,6,5,,,3,7,,,3,12,5,2,3,3,5,8,6,11,4,2,7,6,6,9,7,4,8,4,5,10,2,5,,5,,,b'\x11\xe8\xe1I\xcb\xb7\xc1\x14\xaf\x82\x12\xdf\x17\xaeN\x1e'
11E8E149-CBB7-C114-AF82-12DF17AE4E1E,2023-ncaa-d1-natl,ncaa,81,91,56,95,92,105,104,74,188,77,56,211,197,195,177,259,87,91,183,86,167,74,74,200,200,165,242,238,123,85,107,94,182,69,121,219,331,208,122,236,158,206,128,201,,,251,175,,,145,73,121,291,142,141,102,108,82,220,230,111,117,109,101,117,107,127,94,275,156,198,154,,186,,,145,260,251,290,120,278,338,51,142,86,311,31,261,209,346,204,83,292,288,93,119,131,118,103,226,263,182,229,107,256,121,172,103,140,192,140,96,46,33,9,,,127,237,,,145,285,159,143,153,173,169,237,203,329,106,51,220,163,162,230,214,218,150,179,116,187,62,18,,191,,,b'\x11\xe8\xe1I\xcb\xb7\xc1\x14\xaf\x82\x12\xdf\x17\xaeN\x1e'
11E8E149-CBB7-C114-AF82-12DF17AE4E1E,2024-ncaa-d0-natl,ncaa,106,72,196,85,197,161,161,98,275,161,103,280,156,128,202,187,185,190,163,188,257,109,135,263,265,192,175,169,187,87,167,123,77,104,153,243,320,45,38,163,188,188,109,141,,,171,168,,,148,155,102,26,133,125,24,142,64,145,115,159,163,168,34,58,58,67,35,248,72,177,103,,201,,,147,162,177,182,187,238,252,149,89,78,182,59,182,182,166,183,145,182,171,150,157,156,75,70,203,113,77,310,167,259,153,64,29,186,191,106,33,27,130,79,,,255,325,,,148,193,173,132,161,199,217,231,269,308,90,82,196,204,203,243,244,133,335,293,78,166,42,147,,260,,,b'\x11\xe8\xe1I\xcb\xb7\xc1\x14\xaf\x82\x12\xdf\x17\xaeN\x1e'
11E8E149-CBB7-C114-AF82-12DF17AE4E1E,2024-ncaa-d1-conf-CAA,ncaa,6,6,3,7,3,3,4,1,10,5,4,9,3,1,8,5,7,6,10,5,10,1,2,9,10,6,7,6,9,4,8,3,5,3,7,7,11,2,2,3,9,11,2,3,,,12,11,,,5,2,7,1,4,4,2,6,4,4,1,8,7,7,2,3,4,4,3,10,2,11,2,,11,,,5,11,12,12,5,13,13,4,6,4,9,2,12,12,6,12,8,13,10,5,5,9,5,3,10,6,5,13,8,12,7,4,2,11,11,7,3,2,8,5,,,7,12,,,5,12,5,9,8,10,10,10,12,12,7,5,11,12,12,10,8,6,12,11,3,11,2,8,,9,,,b'\x11\xe8\xe1I\xcb\xb7\xc1\x14\xaf\x82\x12\xdf\x17\xaeN\x1e'
11E8E149-CBB7-C114-AF82-12DF17AE4E1E,2024-ncaa-d1-natl,ncaa,123,72,254,98,259,202,200,132,295,202,132,303,177,159,211,185,205,218,164,218,257,138,184,278,277,204,170,166,185,117,182,151,91,138,171,277,325,29,39,182,225,211,122,148,,,137,180,,,175,211,110,24,141,141,26,161,67,150,118,162,169,172,41,66,66,74,45,267,74,188,109,,205,,,175,128,150,145,208,216,227,171,70,57,199,59,167,167,179,168,144,138,113,172,174,183,74,72,203,89,91,285,182,224,171,52,32,227,199,128,25,27,115,97,,,297,327,,,175,133,181,160,180,214,235,235,281,310,93,83,204,213,212,249,245,144,343,301,88,181,41,157,,261,,,b'\x11\xe8\xe1I\xcb\xb7\xc1\x14\xaf\x82\x12\xdf\x17\xaeN\x1e'
11E8E149-CBB7-C114-AF82-12DF17AE4E1E,2025-ncaa-d0-natl,genius_ncaa,220,279,90,256,116,209,198,140,275,170,105,277,252,218,279,235,208,180,264,180,241,144,122,289,298,299,249,242,171,84,112,88,175,78,131,256,300,308,252,305,232,271,131,175,,,124,76,,235,207,136,212,269,281,265,204,223,140,274,253,243,219,220,206,169,100,97,81,302,260,273,159,,84,,213,204,170,202,269,84,239,278,100,138,211,53,148,107,119,100,122,76,257,235,60,47,91,91,138,101,261,175,230,112,255,131,197,175,192,235,200,218,178,53,36,,,227,310,,150,207,227,282,108,205,101,142,236,177,258,99,163,80,100,102,201,165,236,172,203,154,229,187,47,,301,,173,b'\x11\xe8\xe1I\xcb\xb7\xc1\x14\xaf\x82\x12\xdf\x17\xaeN\x1e'
11E8E149-CBB7-C114-AF82-12DF17AE4E1E,2025-ncaa-d1-conf-CAA,genius_ncaa,7,10,2,8,2,7,6,4,10,6,2,12,8,8,8,10,5,8,5,8,9,4,3,10,10,10,9,9,4,2,2,1,2,1,1,10,12,11,8,11,9,9,2,5,,,8,6,,13,4,3,8,12,10,9,7,9,5,10,10,6,8,8,5,6,3,2,1,11,8,9,2,,7,,12,4,6,6,12,2,7,12,4,4,9,2,9,7,7,10,7,5,12,10,2,2,3,5,5,7,6,2,10,2,7,1,6,6,9,10,9,7,7,3,1,,,8,13,,6,4,12,10,3,4,2,4,6,5,8,3,7,7,6,6,6,6,4,4,3,3,11,7,2,,11,,7,b'\x11\xe8\xe1I\xcb\xb7\xc1\x14\xaf\x82\x12\xdf\x17\xaeN\x1e'
11E8E149-CBB7-C114-AF82-12DF17AE4E1E,2025-ncaa-d1-natl,genius_ncaa,246,279,113,264,154,245,238,175,287,208,135,292,262,234,285,239,227,202,257,201,238,180,149,303,307,307,245,243,164,106,120,111,185,102,139,284,306,290,261,312,269,284,148,184,,,100,75,,228,232,175,217,269,297,280,228,239,145,280,258,244,223,221,225,181,116,104,91,321,261,286,164,,90,,221,231,146,183,249,91,214,264,113,124,190,60,142,90,105,105,108,74,228,208,74,55,105,89,133,101,245,185,205,120,225,139,182,179,228,249,206,202,185,46,43,,,254,310,,162,232,195,294,125,232,113,151,241,190,260,107,159,86,101,103,206,160,242,177,208,165,241,188,49,,302,,169,b'\x11\xe8\xe1I\xcb\xb7\xc1\x14\xaf\x82\x12\xdf\x17\xaeN\x1e'
11E8E149-CBB7-C114-AF82-12DF17AE4E1E,2026-ncaa-d0-natl,genius_ncaa,212,198,206,223,208,176,189,215,163,239,224,269,88,175,18,138,203,162,316,160,115,205,222,120,140,138,41,42,227,322,346,250,336,282,350,217,261,112,137,182,225,260,67,93,,,203,210,,312,241,202,56,33,129,144,130,235,182,42,121,173,118,119,122,134,332,232,307,195,156,195,29,,302,,347,243,236,235,210,231,288,305,107,89,32,350,3,265,255,246,258,141,214,184,195,215,238,72,44,254,323,336,240,346,287,350,156,66,215,254,191,171,212,136,163,,,228,192,,223,241,161,189,285,242,320,318,338,336,360,107,17,310,301,305,351,348,350,337,351,207,160,232,166,,181,,226,b'\x11\xe8\xe1I\xcb\xb7\xc1\x14\xaf\x82\x12\xdf\x17\xaeN\x1e'
11E8E149-CBB7-C114-AF82-12DF17AE4E1E,2026-ncaa-d1-natl,genius_ncaa,203,195,177,216,181,158,169,197,145,228,214,233,67,146,17,132,180,138,318,141,98,188,205,108,125,117,47,45,219,322,347,217,343,284,351,189,211,110,117,145,202,250,47,98,,,243,214,,301,208,165,53,31,109,131,130,222,186,43,112,156,106,106,114,139,330,188,299,161,139,183,27,,303,,327,208,248,231,235,179,284,344,63,84,17,351,2,292,291,221,292,146,250,241,144,156,198,77,39,275,344,343,272,347,316,351,171,84,178,241,173,175,202,120,155,,,199,171,,227,208,196,168,253,207,310,298,344,327,362,100,14,315,308,313,351,348,357,335,354,204,149,208,145,,164,,234,b'\x11\xe8\xe1I\xcb\xb7\xc1\x14\xaf\x82\x12\xdf\x17\xaeN\x1e'
11E8E149-CBBC-1EA8-AF82-12DF17AE4E1E,2010-ncaa-d0-natl,ncaa,242,202,288,239,320,253,247,305,80,240,302,89,183,214,95,140,265,239,274,238,99,304,301,80,99,161,146,122,228,296,212,222,138,269,143,329,339,169,282,320,283,248,280,260,,,110,248,,,195,295,167,343,184,173,276,189,260,130,161,222,185,183,264,218,269,117,199,322,263,250,253,,232,,,197,68,54,73,148,73,68,175,112,138,115,204,171,154,244,147,228,76,45,144,176,223,202,163,252,70,138,21,212,27,143,15,23,315,275,130,135,236,31,83,,,256,115,,,195,40,189,227,210,195,168,182,172,161,174,214,250,229,223,207,158,172,87,106,43,267,223,59,,161,,,b'\x11\xe8\xe1I\xcb\xbc\x1e\xa8\xaf\x82\x12\xdf\x17\xaeN\x1e'
11E8E149-CBBC-1EA8-AF82-12DF17AE4E1E,2010-ncaa-d1-conf-Sun Belt,ncaa,11,9,9,11,13,9,9,11,6,10,11,6,4,5,4,5,13,13,11,13,9,11,12,6,6,7,4,4,12,12,10,9,8,12,9,11,12,8,9,11,9,9,9,8,,,7,9,,,9,11,9,13,9,7,10,9,9,4,5,13,13,12,10,9,12,6,10,11,9,9,9,,10,,,9,5,3,3,6,2,2,7,12,8,11,11,10,10,10,10,11,5,2,7,10,11,12,11,11,5,8,3,10,5,9,2,4,11,11,9,6,9,5,5,,,13,11,,,9,2,8,11,9,8,6,6,4,4,13,8,11,11,11,8,6,7,7,7,2,11,6,5,,12,,,b'\x11\xe8\xe1I\xcb\xbc\x1e\xa8\xaf\x82\x12\xdf\x17\xaeN\x1e'
11E8E149-CBBC-1EA8-AF82-12DF17AE4E1E,2010-ncaa-d1-natl,ncaa,228,202,276,230,321,234,220,309,57,222,299,71,164,210,75,140,265,232,277,235,101,306,289,59,82,151,160,118,245,286,194,201,129,243,125,324,339,217,287,320,285,254,273,261,,,136,249,,,185,276,158,343,169,151,278,175,261,126,163,232,185,190,267,213,264,98,190,319,277,254,254,,232,,,186,83,73,100,135,92,85,157,135,156,120,211,185,167,229,155,221,100,56,135,161,216,207,167,247,91,129,19,194,22,125,14,22,312,277,128,166,238,27,71,,,233,100,,,185,57,175,215,197,194,167,192,164,162,181,219,248,228,221,215,162,173,69,89,37,272,230,52,,147,,,b'\x11\xe8\xe1I\xcb\xbc\x1e\xa8\xaf\x82\x12\xdf\x17\xaeN\x1e'
11E8E149-CBBC-1EA8-AF82-12DF17AE4E1E,2011-ncaa-d0-natl,ncaa,330,325,288,331,303,310,291,314,207,233,226,209,322,315,291,281,303,311,228,305,298,318,292,256,260,305,313,298,209,281,213,259,172,284,186,338,342,297,331,342,338,338,333,338,,,27,56,,,331,286,158,160,300,264,281,181,159,318,306,292,286,284,296,194,240,158,216,340,328,336,332,,63,,,329,207,264,147,325,268,150,323,196,161,279,194,54,69,108,75,87,121,57,324,300,336,66,186,34,98,172,36,213,41,186,234,174,333,330,331,263,317,108,153,,,292,213,,,331,55,314,334,331,316,327,294,323,280,266,235,108,126,132,274,189,184,131,151,304,325,303,168,,230,,,b'\x11\xe8\xe1I\xcb\xbc\x1e\xa8\xaf\x82\x12\xdf\x17\xaeN\x1e'
11E8E149-CBBC-1EA8-AF82-12DF17AE4E1E,2011-ncaa-d1-conf-Sun Belt,ncaa,11,11,7,11,7,12,12,11,6,10,9,6,11,11,6,9,9,10,4,10,7,11,10,6,6,9,8,10,3,10,8,8,7,8,7,12,11,10,12,12,12,12,11,11,,,2,1,,,12,8,4,2,12,11,11,9,8,11,11,7,9,9,10,8,10,5,7,12,11,12,11,,3,,,12,11,12,10,11,11,8,11,11,8,12,9,4,6,1,6,4,8,4,12,11,12,8,10,1,5,7,4,8,4,7,12,11,12,12,12,11,12,8,10,,,9,6,,,12,5,11,12,12,12,12,12,12,11,12,10,5,6,6,11,8,8,5,7,12,12,11,8,,8,,,b'\x11\xe8\xe1I\xcb\xbc\x1e\xa8\xaf\x82\x12\xdf\x17\xaeN\x1e'
11E8E149-CBBC-1EA8-AF82-12DF17AE4E1E,2011-ncaa-d1-natl,ncaa,321,325,199,323,238,286,263,283,201,194,182,204,306,304,285,276,297,289,258,286,296,296,238,247,256,303,311,288,224,252,221,176,151,218,172,339,342,314,328,339,332,333,327,335,,,38,54,,,325,226,163,168,295,259,272,175,160,309,302,296,285,284,290,200,239,119,182,340,320,333,326,,54,,,325,241,292,226,294,281,211,303,207,205,193,206,77,77,113,84,84,199,109,289,257,321,71,186,40,144,151,91,221,98,172,256,167,319,328,327,279,304,125,142,,,249,215,,,325,107,314,315,325,287,317,290,311,271,251,253,105,111,119,268,179,184,140,159,283,323,295,156,,230,,,b'\x11\xe8\xe1I\xcb\xbc\x1e\xa8\xaf\x82\x12\xdf\x17\xaeN\x1e'
11E8E149-CBBC-1EA8-AF82-12DF17AE4E1E,2012-ncaa-d0-natl,ncaa,336,325,318,337,327,338,332,331,303,329,310,298,279,277,254,163,341,341,230,341,336,338,336,293,311,324,245,152,319,334,330,322,310,337,329,328,280,145,318,318,323,297,310,305,,,21,76,,,328,333,282,88,333,324,311,300,254,250,239,337,337,338,329,310,329,280,323,321,279,299,304,,77,,,332,64,101,47,253,98,73,221,156,78,308,163,35,36,141,35,81,37,17,257,235,277,140,226,64,169,310,67,330,98,329,98,146,324,286,285,162,304,90,227,,,341,338,,,328,9,333,303,336,235,261,224,255,246,240,186,117,114,111,208,134,293,241,284,228,289,255,172,,338,,,b'\x11\xe8\xe1I\xcb\xbc\x1e\xa8\xaf\x82\x12\xdf\x17\xaeN\x1e'
11E8E149-CBBC-1EA8-AF82-12DF17AE4E1E,2012-ncaa-d1-conf-Sun Belt,ncaa,11,11,8,11,8,12,12,12,11,12,12,11,7,7,7,4,11,11,6,11,10,12,12,11,11,12,4,3,10,12,12,10,8,10,10,9,4,9,11,8,12,12,8,8,,,5,7,,,11,10,7,3,12,12,11,11,11,6,5,11,11,11,12,12,12,8,10,9,10,11,7,,8,,,11,11,9,6,10,9,7,9,9,6,12,7,10,9,8,9,8,6,3,10,10,12,8,8,6,9,8,9,12,10,10,11,11,12,12,12,11,12,5,7,,,11,11,,,11,3,12,11,12,11,10,10,10,9,11,9,10,10,10,10,7,10,10,10,11,12,12,5,,11,,,b'\x11\xe8\xe1I\xcb\xbc\x1e\xa8\xaf\x82\x12\xdf\x17\xaeN\x1e'
11E8E149-CBBC-1EA8-AF82-12DF17AE4E1E,2012-ncaa-d1-natl,ncaa,338,333,325,338,330,341,333,335,305,326,304,304,279,280,251,163,341,342,234,342,337,339,338,297,315,329,247,152,321,335,326,317,304,336,326,332,285,182,321,323,323,302,315,310,,,22,81,,,328,333,275,88,334,323,311,306,253,251,239,336,337,338,329,306,323,264,313,322,285,301,306,,76,,,332,83,117,61,237,113,78,215,162,96,300,173,44,46,156,41,78,42,21,242,221,274,148,231,64,179,304,76,326,113,326,92,128,324,296,284,200,314,105,221,,,343,340,,,328,10,334,303,335,233,259,241,246,251,243,196,114,113,110,217,137,290,237,282,219,293,278,174,,338,,,b'\x11\xe8\xe1I\xcb\xbc\x1e\xa8\xaf\x82\x12\xdf\x17\xaeN\x1e'
11E8E149-CBBC-1EA8-AF82-12DF17AE4E1E,2013-ncaa-d0-natl,ncaa,304,325,120,315,142,63,69,61,118,58,73,98,148,103,241,169,48,63,75,55,114,52,34,139,123,147,198,212,118,158,252,74,282,95,271,177,310,332,230,279,120,218,241,307,,,335,256,,,284,16,2,124,27,45,20,45,70,148,100,35,53,47,18,5,166,42,71,198,313,124,249,,338,,,278,344,339,326,301,340,322,306,270,281,163,154,335,339,221,338,275,336,334,288,301,304,150,108,243,332,282,315,252,330,271,271,52,93,238,180,232,129,277,212,,,91,247,,,284,331,171,313,262,345,343,342,337,340,273,279,336,338,339,343,344,337,319,336,266,92,215,274,,74,,,b'\x11\xe8\xe1I\xcb\xbc\x1e\xa8\xaf\x82\x12\xdf\x17\xaeN\x1e'
11E8E149-CBBC-1EA8-AF82-12DF17AE4E1E,2013-ncaa-d1-conf-Sun Belt,ncaa,10,10,3,10,4,3,5,2,9,6,5,8,5,4,9,6,3,4,4,2,4,1,1,8,8,8,5,6,3,8,10,3,10,5,9,5,7,10,8,8,3,5,9,10,,,11,8,,,10,1,1,4,5,4,2,7,6,5,4,3,3,3,2,1,9,3,5,7,10,4,9,,11,,,10,11,11,11,7,10,11,7,11,11,7,10,10,10,7,10,10,11,11,8,8,11,10,9,7,11,10,10,10,11,9,11,9,4,8,11,10,6,8,8,,,6,10,,,10,11,9,11,10,11,11,11,10,9,11,10,10,10,10,11,11,11,9,11,11,3,9,8,,8,,,b'\x11\xe8\xe1I\xcb\xbc\x1e\xa8\xaf\x82\x12\xdf\x17\xaeN\x1e'
11E8E149-CBBC-1EA8-AF82-12DF17AE4E1E,2013-ncaa-d1-natl,ncaa,310,325,136,319,164,70,79,71,120,68,86,102,155,109,242,166,53,72,74,61,113,61,38,141,127,155,196,209,112,176,256,82,284,107,279,191,311,326,231,282,139,227,248,309,,,333,259,,,291,18,2,119,28,47,22,49,72,144,101,35,56,46,18,6,167,44,75,204,314,128,255,,338,,,287,343,339,322,303,339,321,309,263,275,168,154,334,338,222,337,275,335,332,291,305,308,150,107,243,331,284,312,256,328,279,263,52,108,245,185,219,130,271,213,,,101,243,,,291,328,175,318,271,345,343,342,338,340,272,278,337,338,338,343,344,339,320,337,267,101,217,276,,74,,,b'\x11\xe8\xe1I\xcb\xbc\x1e\xa8\xaf\x82\x12\xdf\x17\xaeN\x1e'
11E8E149-CBBC-1EA8-AF82-12DF17AE4E1E,2014-ncaa-d0-natl,ncaa,239,224,254,244,267,88,80,36,240,75,37,258,120,113,169,187,123,142,104,137,282,41,54,236,238,174,184,165,221,100,223,156,335,118,322,233,332,145,53,217,60,114,84,134,,,293,147,,,200,48,4,95,17,19,3,27,4,96,87,60,85,80,3,4,46,54,28,212,214,29,65,,337,,,200,328,315,306,214,332,322,210,105,135,93,54,330,333,133,332,237,317,322,165,185,166,74,39,273,348,335,340,223,345,322,280,182,51,108,125,78,37,57,17,,,154,313,,,200,304,177,220,198,343,339,347,343,348,144,179,339,340,339,347,349,349,347,349,318,11,135,77,,74,,,b'\x11\xe8\xe1I\xcb\xbc\x1e\xa8\xaf\x82\x12\xdf\x17\xaeN\x1e'
11E8E149-CBBC-1EA8-AF82-12DF17AE4E1E,2014-ncaa-d1-conf-Sun Belt,ncaa,5,5,5,5,6,3,3,1,8,4,1,8,1,1,4,3,5,6,1,6,10,1,1,7,8,3,4,2,10,3,7,3,9,3,9,7,9,2,1,4,3,3,1,2,,,9,4,,,4,1,1,4,1,1,1,3,1,1,1,4,5,5,1,1,2,3,2,7,4,2,1,,9,,,4,10,10,10,8,10,10,7,5,7,2,6,9,10,5,9,6,10,10,6,8,5,2,1,5,10,9,10,7,10,9,9,7,3,6,6,3,1,4,3,,,9,10,,,4,10,3,7,4,10,10,10,10,10,7,7,8,9,9,10,10,10,10,10,9,2,3,3,,9,,,b'\x11\xe8\xe1I\xcb\xbc\x1e\xa8\xaf\x82\x12\xdf\x17\xaeN\x1e'
11E8E149-CBBC-1EA8-AF82-12DF17AE4E1E,2014-ncaa-d1-natl,ncaa,230,223,211,235,236,58,51,25,213,66,33,251,98,103,126,185,98,123,93,122,274,32,36,215,210,161,172,157,219,88,216,119,336,97,316,213,327,174,57,209,58,127,73,128,,,309,137,,,201,29,4,94,15,14,3,24,5,82,85,50,78,72,3,4,45,45,26,191,227,32,62,,339,,,205,337,330,317,198,331,332,189,165,191,118,76,337,336,168,336,253,331,334,162,193,172,122,62,283,349,336,339,216,346,316,302,195,51,128,141,111,42,52,13,,,134,310,,,201,322,160,244,201,344,340,347,342,348,196,230,344,342,343,347,349,349,347,349,320,15,153,64,,62,,,b'\x11\xe8\xe1I\xcb\xbc\x1e\xa8\xaf\x82\x12\xdf\x17\xaeN\x1e'
11E8E149-CBBC-1EA8-AF82-12DF17AE4E1E,2015-ncaa-d0-natl,ncaa,84,67,113,79,141,45,23,13,158,18,6,165,186,151,257,263,146,157,133,163,343,17,15,204,225,186,315,271,313,19,68,162,330,59,247,85,295,248,74,147,6,28,145,197,,,285,99,,,125,18,4,199,14,6,3,5,1,184,149,154,186,190,4,2,5,182,23,81,237,3,149,,282,,,124,330,331,311,268,325,303,259,261,244,222,157,253,269,81,263,158,319,330,260,244,135,111,147,132,341,330,330,68,336,247,332,259,13,40,96,290,137,197,40,,,159,345,,,125,328,130,148,143,331,329,336,325,327,253,240,244,270,264,337,347,344,338,344,333,4,267,191,,183,,,b'\x11\xe8\xe1I\xcb\xbc\x1e\xa8\xaf\x82\x12\xdf\x17\xaeN\x1e'
11E8E149-CBBC-1EA8-AF82-12DF17AE4E1E,2015-ncaa-d1-conf-Sun Belt,ncaa,3,3,5,3,6,2,1,1,4,1,1,4,4,5,6,7,5,7,4,7,11,1,1,4,4,3,10,7,10,1,4,5,11,1,8,4,11,6,2,3,1,2,4,5,,,11,3,,,3,1,1,6,1,1,1,1,1,5,5,4,7,7,1,1,1,5,1,3,5,1,4,,11,,,3,11,10,10,7,8,8,7,10,11,9,9,9,8,10,8,5,10,11,9,9,4,8,9,3,11,11,9,4,11,8,11,9,2,3,6,6,4,6,2,,,7,10,,,3,11,3,4,3,11,10,11,9,7,10,11,10,7,7,11,11,11,11,11,11,1,6,6,,6,,,b'\x11\xe8\xe1I\xcb\xbc\x1e\xa8\xaf\x82\x12\xdf\x17\xaeN\x1e'
11E8E149-CBBC-1EA8-AF82-12DF17AE4E1E,2015-ncaa-d1-natl,ncaa,92,67,143,84,178,49,29,15,167,20,7,179,201,163,262,263,165,179,131,184,343,19,18,216,233,189,316,271,312,22,70,187,332,70,257,101,297,233,75,153,7,31,153,206,,,273,103,,,140,21,4,194,16,6,4,5,1,186,150,152,185,191,4,2,5,193,26,87,241,3,156,,287,,,139,326,328,306,278,320,298,264,249,231,228,154,245,255,84,250,162,312,328,267,254,143,106,143,133,338,332,327,70,334,257,328,262,14,43,105,277,142,188,44,,,184,346,,,140,326,139,166,158,332,331,337,326,326,256,242,249,274,270,338,347,343,340,345,335,4,272,197,,183,,,b'\x11\xe8\xe1I\xcb\xbc\x1e\xa8\xaf\x82\x12\xdf\x17\xaeN\x1e'
11E8E149-CBBC-1EA8-AF82-12DF17AE4E1E,2016-ncaa-d0-natl,ncaa,119,111,114,121,161,32,44,23,154,68,58,146,39,33,142,105,16,31,38,31,98,21,15,128,109,120,92,121,99,33,102,122,144,67,147,120,295,331,169,233,34,80,117,148,,,341,283,,,138,15,4,238,10,21,5,57,55,42,30,10,21,21,4,3,16,123,41,117,320,24,122,,342,,,139,342,332,287,327,329,275,328,265,244,272,155,338,335,180,333,293,304,330,324,334,272,169,139,237,189,144,325,102,304,147,337,302,13,41,166,309,159,210,114,,,32,200,,,138,335,108,222,150,339,332,302,328,275,263,247,325,320,317,330,344,162,325,298,338,10,293,203,,14,,,b'\x11\xe8\xe1I\xcb\xbc\x1e\xa8\xaf\x82\x12\xdf\x17\xaeN\x1e'
11E8E149-CBBC-1EA8-AF82-12DF17AE4E1E,2016-ncaa-d1-conf-Sun Belt,ncaa,3,3,1,3,1,1,1,1,3,2,1,4,1,1,4,3,1,1,2,1,1,1,1,2,2,2,3,4,3,1,2,1,5,1,3,2,9,11,3,5,1,4,2,6,,,11,4,,,3,1,1,4,1,2,1,3,2,1,1,1,1,1,1,1,1,2,1,3,9,1,5,,11,,,3,11,11,11,10,11,11,10,10,10,9,7,11,11,5,11,6,11,11,10,10,8,3,5,3,7,5,11,2,11,3,11,11,1,4,6,11,4,11,6,,,1,7,,,3,11,2,8,4,11,11,11,11,11,9,9,9,9,9,11,11,5,10,10,11,1,9,9,,1,,,b'\x11\xe8\xe1I\xcb\xbc\x1e\xa8\xaf\x82\x12\xdf\x17\xaeN\x1e'
11E8E149-CBBC-1EA8-AF82-12DF17AE4E1E,2016-ncaa-d1-natl,ncaa,95,111,51,111,76,13,18,11,124,37,32,110,32,23,142,104,6,15,39,15,91,10,5,108,94,106,104,123,104,19,112,91,157,39,163,74,280,340,154,192,15,70,105,148,,,347,276,,,118,4,4,218,7,16,4,41,49,41,27,7,16,16,3,3,19,133,43,88,311,19,120,,341,,,118,345,341,317,331,343,311,333,284,269,271,140,340,340,184,339,287,336,346,328,332,263,150,123,236,240,157,337,112,328,163,344,285,6,36,147,327,157,225,107,,,9,193,,,118,347,88,213,134,340,334,306,331,289,252,234,322,322,320,331,344,174,328,303,338,5,292,188,,11,,,b'\x11\xe8\xe1I\xcb\xbc\x1e\xa8\xaf\x82\x12\xdf\x17\xaeN\x1e'
11E8E149-CBBC-1EA8-AF82-12DF17AE4E1E,2016-ncaa-d1-ncaatournament,ncaa,33,2,33,33,33,63,62,34,64,60,35,63,56,40,62,26,59,54,59,54,60,37,38,64,64,64,40,28,51,50,59,34,24,36,57,59,41,13,20,59,42,36,30,21,,,9,14,,,60,36,4,1,63,62,2,60,6,52,16,59,54,54,5,6,36,6,12,59,26,25,17,,25,,,61,13,18,27,31,18,17,48,13,30,6,50,6,8,13,8,23,27,30,30,20,17,12,19,13,18,24,41,59,32,57,35,62,40,24,52,27,50,36,52,,,64,64,,,60,29,64,19,61,38,48,57,49,38,19,55,14,21,21,57,61,41,64,64,61,12,54,57,,64,,,b'\x11\xe8\xe1I\xcb\xbc\x1e\xa8\xaf\x82\x12\xdf\x17\xaeN\x1e'
11E8E149-CBBC-1EA8-AF82-12DF17AE4E1E,2017-ncaa-d0-natl,ncaa,93,75,116,92,155,27,34,13,210,50,29,160,49,21,258,103,18,31,59,28,140,12,6,205,175,183,113,148,112,2,6,32,102,6,19,74,246,341,185,223,72,155,168,212,,,346,335,,,71,15,2,268,10,14,2,31,18,49,19,9,20,19,2,1,1,7,2,62,333,68,175,,348,,,70,328,296,303,136,282,280,184,240,300,59,197,345,347,52,347,333,326,331,130,154,115,252,120,313,292,102,298,6,306,19,284,208,25,85,91,325,170,116,39,,,18,235,,,71,334,101,100,96,331,288,331,284,302,235,299,346,345,345,347,348,282,289,294,278,19,313,109,,7,,,b'\x11\xe8\xe1I\xcb\xbc\x1e\xa8\xaf\x82\x12\xdf\x17\xaeN\x1e'
11E8E149-CBBC-1EA8-AF82-12DF17AE4E1E,2017-ncaa-d1-conf-Sun Belt,ncaa,2,3,2,3,2,1,1,1,7,2,1,6,1,1,9,4,1,1,3,1,2,1,1,7,6,6,2,5,3,1,1,1,2,1,1,2,10,12,5,7,2,6,5,7,,,12,11,,,2,1,1,4,1,1,1,2,1,2,1,1,1,1,1,1,1,1,1,3,11,3,6,,12,,,2,12,10,11,6,10,11,9,6,10,2,6,12,12,1,12,11,12,12,4,4,5,5,3,11,8,2,12,1,11,1,11,7,1,3,4,11,7,6,3,,,1,6,,,2,12,4,3,3,11,10,10,10,10,5,9,12,12,12,11,12,5,12,9,10,2,11,5,,1,,,b'\x11\xe8\xe1I\xcb\xbc\x1e\xa8\xaf\x82\x12\xdf\x17\xaeN\x1e'
11E8E149-CBBC-1EA8-AF82-12DF17AE4E1E,2017-ncaa-d1-natl,ncaa,69,75,56,80,90,15,19,2,198,26,13,145,38,14,260,113,9,16,65,16,140,2,1,193,164,170,139,162,116,1,7,11,126,2,23,49,264,345,163,221,35,114,158,220,,,349,332,,,46,1,1,270,7,13,2,19,9,54,20,8,15,15,2,1,1,6,2,57,331,38,179,,348,,,46,342,321,327,119,310,314,162,260,313,59,190,348,347,46,347,332,345,349,109,137,88,254,123,317,324,126,326,7,336,23,299,194,10,60,61,336,153,134,33,,,10,244,,,46,349,88,77,73,328,285,332,279,306,239,300,346,345,345,347,349,299,294,302,270,9,309,109,,6,,,b'\x11\xe8\xe1I\xcb\xbc\x1e\xa8\xaf\x82\x12\xdf\x17\xaeN\x1e'
11E8E149-CBBC-1EA8-AF82-12DF17AE4E1E,2017-ncaa-d1-ncaatournament,ncaa,33,2,33,33,33,35,35,33,56,36,38,41,47,28,62,19,35,33,46,31,18,33,33,56,53,61,40,41,15,23,10,37,59,33,44,33,12,39,60,54,51,53,40,46,,,35,49,,,59,33,1,6,26,25,1,20,13,37,5,17,13,9,1,1,1,26,2,15,64,41,38,,64,,,59,31,26,32,35,19,30,9,36,24,62,22,43,45,13,45,60,32,32,37,36,39,57,44,52,43,59,25,10,35,44,28,40,29,28,25,28,41,30,48,,,33,47,,,59,32,58,52,58,62,58,64,50,62,61,47,63,64,64,64,64,64,57,64,57,2,56,51,,5,,,b'\x11\xe8\xe1I\xcb\xbc\x1e\xa8\xaf\x82\x12\xdf\x17\xaeN\x1e'
11E8E149-CBBC-1EA8-AF82-12DF17AE4E1E,2018-ncaa-d0-natl,ncaa,149,112,242,139,252,54,46,19,239,46,18,241,120,94,220,212,93,117,71,114,309,20,19,248,255,212,240,210,195,1,3,125,165,27,43,114,287,265,79,170,39,67,144,182,,,347,326,,,129,38,1,91,14,14,1,17,2,95,62,39,71,65,1,1,1,54,2,70,292,19,123,,347,,,127,311,268,216,286,276,247,248,180,129,277,70,347,345,161,345,331,273,313,266,300,203,230,79,328,208,165,259,3,246,43,286,244,23,42,82,199,65,316,169,,,140,329,,,129,317,96,177,123,344,313,313,317,318,227,178,347,347,347,339,349,264,316,306,317,11,241,335,,71,,,b'\x11\xe8\xe1I\xcb\xbc\x1e\xa8\xaf\x82\x12\xdf\x17\xaeN\x1e'
11E8E149-CBBC-1EA8-AF82-12DF17AE4E1E,2018-ncaa-d1-conf-Sun Belt,ncaa,3,3,4,3,7,1,1,1,7,1,1,8,3,4,6,7,4,5,1,5,11,1,1,7,7,6,11,6,9,1,1,1,2,1,1,3,10,10,2,5,1,3,3,4,,,12,11,,,3,1,1,9,1,1,1,1,1,4,4,4,5,5,1,1,1,1,1,3,9,1,4,,12,,,3,12,10,11,8,10,10,7,8,10,8,6,12,12,5,12,11,12,12,9,9,7,10,6,12,4,2,8,1,7,1,10,9,1,3,5,11,4,11,6,,,4,11,,,3,12,2,5,3,11,9,10,9,10,8,9,12,12,12,12,12,3,10,8,9,1,10,10,,5,,,b'\x11\xe8\xe1I\xcb\xbc\x1e\xa8\xaf\x82\x12\xdf\x17\xaeN\x1e'
11E8E149-CBBC-1EA8-AF82-12DF17AE4E1E,2018-ncaa-d1-natl,ncaa,134,111,144,127,160,34,31,7,231,24,8,243,104,69,236,223,38,58,65,56,300,6,3,252,250,201,244,225,176,1,2,66,128,4,33,86,295,300,77,170,26,67,123,182,,,349,320,,,93,16,1,92,10,9,1,10,2,96,62,21,41,39,1,1,1,27,1,66,294,19,113,,347,,,92,328,303,285,255,302,298,217,190,151,252,58,349,348,168,349,326,314,335,232,274,168,216,64,327,219,128,298,2,286,33,305,243,15,43,79,260,75,316,132,,,69,322,,,93,335,94,130,103,342,308,315,313,329,198,156,347,345,346,341,349,242,315,303,309,10,266,323,,42,,,b'\x11\xe8\xe1I\xcb\xbc\x1e\xa8\xaf\x82\x12\xdf\x17\xaeN\x1e'
11E8E149-CBBC-1EA8-AF82-12DF17AE4E1E,2019-ncaa-d0-natl,ncaa,78,45,173,56,219,36,28,8,195,38,23,197,46,33,152,138,102,72,261,74,247,8,7,182,200,152,178,132,274,1,2,70,62,8,14,83,263,262,70,129,48,80,192,217,,,350,322,,,47,26,1,203,5,6,1,16,4,35,18,67,49,51,1,1,1,24,1,49,264,33,179,,347,,,41,291,252,252,204,289,283,204,101,135,103,53,342,341,81,340,311,281,314,167,196,130,141,40,312,130,62,300,2,257,14,228,160,28,62,65,148,31,45,10,,,90,317,,,47,325,61,87,54,322,279,311,300,321,112,156,339,343,341,342,351,151,319,286,247,18,165,56,,50,,,b'\x11\xe8\xe1I\xcb\xbc\x1e\xa8\xaf\x82\x12\xdf\x17\xaeN\x1e'
11E8E149-CBBC-1EA8-AF82-12DF17AE4E1E,2019-ncaa-d1-conf-Sun Belt,ncaa,3,3,5,3,6,1,1,1,10,2,1,7,1,1,10,3,6,6,8,6,10,1,2,10,10,6,5,3,11,1,1,4,2,1,2,4,7,9,1,3,1,4,3,4,,,12,12,,,3,2,1,4,1,1,1,1,1,1,1,4,4,4,1,1,1,1,1,2,11,1,3,,12,,,3,11,8,8,8,9,10,8,4,3,8,2,12,12,3,12,11,10,11,8,8,7,6,2,11,4,2,11,1,10,2,10,8,1,4,4,9,5,4,1,,,7,12,,,3,11,3,5,3,12,10,10,11,12,6,3,12,12,12,12,12,5,12,11,10,1,11,6,,5,,,b'\x11\xe8\xe1I\xcb\xbc\x1e\xa8\xaf\x82\x12\xdf\x17\xaeN\x1e'
11E8E149-CBBC-1EA8-AF82-12DF17AE4E1E,2019-ncaa-d1-natl,ncaa,73,44,155,55,210,30,28,6,207,30,16,209,51,31,164,143,113,87,270,88,272,7,4,201,218,175,193,134,286,1,2,66,62,5,15,75,261,275,70,132,51,79,188,222,,,349,317,,,53,21,1,207,6,6,1,14,4,38,20,84,63,63,1,1,1,26,1,41,273,31,181,,348,,,47,308,268,266,212,303,299,218,94,128,98,45,339,340,94,340,305,297,323,175,209,135,121,31,309,133,62,317,2,277,15,236,161,28,66,69,192,42,66,12,,,85,324,,,53,330,76,95,62,326,289,318,314,327,108,145,342,344,343,343,351,156,325,296,253,21,198,74,,49,,,b'\x11\xe8\xe1I\xcb\xbc\x1e\xa8\xaf\x82\x12\xdf\x17\xaeN\x1e'
11E8E149-CBBC-1EA8-AF82-12DF17AE4E1E,2020-ncaa-d0-natl,ncaa,30,10,312,18,332,50,67,13,218,41,11,224,235,190,280,289,10,5,275,5,106,9,15,256,250,165,257,296,44,1,2,19,23,2,2,197,316,81,24,136,260,275,191,193,,,269,257,,,46,122,1,333,9,12,1,7,1,182,140,3,3,2,1,1,1,1,1,121,161,220,158,,326,,,39,154,104,216,40,102,184,58,142,243,35,216,308,285,282,277,260,241,203,42,68,110,274,157,318,79,23,157,2,123,2,54,67,232,253,118,50,16,64,15,,,20,104,,,46,234,50,84,45,285,226,342,203,306,220,316,337,323,316,350,342,186,294,264,100,160,94,115,,3,,,b'\x11\xe8\xe1I\xcb\xbc\x1e\xa8\xaf\x82\x12\xdf\x17\xaeN\x1e'
11E8E149-CBBC-1EA8-AF82-12DF17AE4E1E,2020-ncaa-d1-conf-Sun Belt,ncaa,1,1,9,1,11,1,2,1,6,1,1,4,8,6,10,11,3,1,11,1,4,1,1,6,8,5,10,11,4,1,1,1,1,1,1,3,8,5,1,3,10,10,5,5,,,6,6,,,3,3,1,8,1,1,1,1,1,7,5,2,1,1,1,1,1,1,1,2,6,10,5,,10,,,3,6,2,10,3,2,10,2,9,9,2,9,9,8,11,8,7,11,8,3,3,4,9,8,10,2,1,3,1,3,1,3,3,9,10,3,5,1,9,5,,,1,6,,,3,10,2,2,3,10,4,11,4,12,9,9,12,9,9,12,12,4,8,7,3,7,6,10,,1,,,b'\x11\xe8\xe1I\xcb\xbc\x1e\xa8\xaf\x82\x12\xdf\x17\xaeN\x1e'
11E8E149-CBBC-1EA8-AF82-12DF17AE4E1E,2020-ncaa-d1-natl,ncaa,26,10,326,19,337,47,57,11,250,34,9,256,236,188,290,294,10,5,271,5,110,7,8,284,269,182,255,297,42,1,1,11,18,1,2,206,322,73,20,139,264,283,179,184,,,262,245,,,44,83,2,334,10,13,1,8,1,192,147,3,3,3,1,1,1,1,1,141,150,230,147,,317,,,39,157,106,243,33,110,194,54,164,266,36,224,300,280,286,269,255,266,231,38,61,101,272,165,307,96,18,186,1,151,2,61,75,231,263,123,57,18,73,13,,,14,109,,,44,272,51,75,44,276,213,342,188,302,221,319,330,317,311,350,337,173,297,263,106,171,113,116,,3,,,b'\x11\xe8\xe1I\xcb\xbc\x1e\xa8\xaf\x82\x12\xdf\x17\xaeN\x1e'
11E8E149-CBBC-1EA8-AF82-12DF17AE4E1E,2021-ncaa-d0-natl,ncaa,27,43,43,31,49,11,10,4,145,9,3,207,113,113,146,317,3,4,85,4,221,4,4,203,169,112,276,301,67,3,9,6,64,4,16,21,189,294,31,70,21,102,65,178,,,337,216,,,23,8,1,186,3,5,1,4,1,196,215,5,7,7,1,1,2,2,1,19,187,36,115,,322,,,31,330,322,336,96,318,330,98,290,315,106,142,325,334,78,333,167,337,336,84,76,96,156,151,183,318,64,331,9,331,16,270,51,23,160,88,298,69,210,17,,,12,259,,,23,337,42,87,38,301,297,343,290,338,227,280,270,291,287,343,342,263,311,312,177,51,210,127,,16,,,b'\x11\xe8\xe1I\xcb\xbc\x1e\xa8\xaf\x82\x12\xdf\x17\xaeN\x1e'
11E8E149-CBBC-1EA8-AF82-12DF17AE4E1E,2021-ncaa-d1-conf-Sun Belt,ncaa,1,1,2,1,2,1,1,1,4,1,1,5,3,3,5,11,1,1,2,1,8,1,1,6,4,1,10,12,3,1,1,1,2,1,1,1,4,8,1,1,1,2,2,5,,,12,5,,,1,1,1,5,1,1,1,1,1,6,6,1,1,1,1,1,1,1,1,1,5,1,4,,11,,,1,12,12,12,5,12,12,6,11,12,2,9,11,11,6,11,3,12,12,4,4,3,5,5,4,11,2,10,1,11,1,12,4,1,6,4,10,3,8,2,,,2,12,,,1,12,1,4,1,10,10,11,12,12,9,10,8,8,8,12,12,8,10,9,9,1,7,6,,1,,,b'\x11\xe8\xe1I\xcb\xbc\x1e\xa8\xaf\x82\x12\xdf\x17\xaeN\x1e'
11E8E149-CBBC-1EA8-AF82-12DF17AE4E1E,2021-ncaa-d1-natl,ncaa,15,43,18,27,26,6,7,1,110,5,2,178,88,96,102,320,1,1,87,1,215,1,1,156,140,97,284,300,84,2,9,4,57,2,15,13,193,325,35,70,5,74,47,165,,,343,185,,,13,1,1,192,3,5,1,2,1,184,228,4,6,6,1,1,2,2,1,14,211,26,110,,319,,,19,339,334,340,85,327,339,96,317,334,104,169,334,340,93,338,159,342,343,83,76,75,190,178,176,331,57,340,9,342,15,299,60,7,137,71,328,85,219,15,,,5,256,,,13,343,35,65,29,300,290,343,276,337,255,297,267,280,279,343,342,252,303,308,181,37,246,111,,16,,,b'\x11\xe8\xe1I\xcb\xbc\x1e\xa8\xaf\x82\x12\xdf\x17\xaeN\x1e'
11E8E149-CBBC-1EA8-AF82-12DF17AE4E1E,2021-ncaa-d1-ncaatournament,ncaa,33,2,33,33,34,33,33,33,25,30,33,10,53,42,59,35,39,40,37,40,42,33,33,33,35,36,57,57,40,28,15,35,31,33,16,42,57,22,35,46,50,51,38,41,,,33,61,,,27,33,2,7,6,3,1,2,3,49,12,20,19,20,1,1,4,5,1,28,51,44,22,,63,,,29,24,21,31,30,28,30,23,6,2,46,2,34,30,55,28,35,31,30,20,32,40,21,6,55,16,31,13,15,17,16,5,4,53,56,36,16,18,2,3,,,50,58,,,27,31,29,40,35,55,49,62,58,62,10,2,59,58,56,63,62,42,40,47,16,48,38,3,,43,,,b'\x11\xe8\xe1I\xcb\xbc\x1e\xa8\xaf\x82\x12\xdf\x17\xaeN\x1e'
11E8E149-CBBC-1EA8-AF82-12DF17AE4E1E,2022-ncaa-d0-natl,ncaa,57,49,79,59,105,28,40,3,281,24,7,269,186,95,323,280,2,3,101,3,118,3,4,300,266,200,250,307,22,2,16,9,78,3,29,79,242,304,60,148,21,66,25,62,,,344,203,,,52,5,1,275,9,21,2,12,2,224,128,2,2,2,1,1,1,1,1,82,253,19,30,,327,,,51,315,303,337,48,301,324,101,233,330,13,203,323,334,86,334,236,343,350,38,47,38,170,123,262,317,78,350,16,349,29,229,97,23,117,55,316,98,215,23,,,8,204,,,52,352,126,37,59,278,259,350,259,329,180,323,294,311,312,351,354,278,347,343,171,27,272,163,,9,,,b'\x11\xe8\xe1I\xcb\xbc\x1e\xa8\xaf\x82\x12\xdf\x17\xaeN\x1e'
11E8E149-CBBC-1EA8-AF82-12DF17AE4E1E,2022-ncaa-d1-conf-Sun Belt,ncaa,1,1,1,1,1,1,1,1,11,1,1,10,6,3,10,8,1,1,2,1,8,1,1,11,9,8,8,9,2,1,2,1,3,1,1,3,4,12,3,5,1,1,1,1,,,12,4,,,1,1,1,9,1,1,1,1,1,7,5,1,1,1,1,1,1,1,1,4,7,1,1,,8,,,1,12,10,12,1,9,11,1,10,12,3,9,10,10,9,10,5,12,12,1,1,1,9,8,8,11,3,12,2,12,1,9,6,1,2,2,10,5,8,2,,,1,5,,,1,12,4,1,1,4,3,11,4,9,8,10,5,5,5,10,12,7,10,10,4,1,9,6,,1,,,b'\x11\xe8\xe1I\xcb\xbc\x1e\xa8\xaf\x82\x12\xdf\x17\xaeN\x1e'
11E8E149-CBBC-1EA8-AF82-12DF17AE4E1E,2022-ncaa-d1-natl,ncaa,35,49,32,47,61,12,15,2,264,11,1,242,174,84,327,281,1,1,96,1,123,1,1,293,259,191,258,312,24,2,11,4,82,2,22,48,244,323,60,149,13,69,14,51,,,349,204,,,38,2,1,275,6,14,2,8,2,226,132,2,3,3,1,1,1,1,1,64,261,23,23,,328,,,44,342,333,351,61,327,345,113,262,338,17,189,327,338,82,339,231,353,355,52,54,49,152,121,253,336,82,351,11,353,22,289,131,14,126,73,325,81,226,20,,,4,215,,,38,355,109,45,56,294,274,350,276,334,186,316,293,307,310,351,354,276,341,335,210,27,267,151,,8,,,b'\x11\xe8\xe1I\xcb\xbc\x1e\xa8\xaf\x82\x12\xdf\x17\xaeN\x1e'
11E8E149-CBBC-1EA8-AF82-12DF17AE4E1E,2023-ncaa-d0-natl,ncaa,153,117,236,146,237,50,43,9,240,17,4,264,257,236,277,345,33,26,235,25,265,10,14,278,273,187,336,338,109,2,3,91,172,13,40,160,343,131,9,144,20,27,133,136,,,316,215,,,117,37,1,13,5,3,1,2,1,245,210,6,6,6,1,1,1,21,1,128,185,9,115,,343,,,114,335,313,293,232,251,201,246,339,330,244,309,320,315,204,315,303,310,323,273,284,246,324,292,253,255,172,334,3,322,40,329,294,46,98,194,162,26,131,3,,,78,316,,,117,325,82,223,123,358,354,358,305,286,356,355,342,339,337,359,361,297,355,354,345,19,204,163,,22,,,b'\x11\xe8\xe1I\xcb\xbc\x1e\xa8\xaf\x82\x12\xdf\x17\xaeN\x1e'
11E8E149-CBBC-1EA8-AF82-12DF17AE4E1E,2023-ncaa-d1-conf-Sun Belt,ncaa,5,4,9,5,10,1,1,1,4,1,1,6,10,10,10,12,2,1,7,1,14,1,1,9,7,5,13,12,10,1,1,3,6,1,1,2,13,3,1,3,1,1,3,3,,,11,11,,,1,2,1,3,1,1,1,1,1,10,10,1,1,1,1,1,1,3,1,2,6,1,3,,14,,,1,13,12,10,10,8,4,12,13,14,10,14,12,12,10,12,14,12,13,12,13,9,13,11,10,8,6,9,1,10,1,14,13,2,4,7,6,2,3,1,,,5,13,,,1,13,1,7,2,14,13,12,11,7,13,14,13,14,14,13,14,9,12,10,14,1,7,6,,2,,,b'\x11\xe8\xe1I\xcb\xbc\x1e\xa8\xaf\x82\x12\xdf\x17\xaeN\x1e'
11E8E149-CBBC-1EA8-AF82-12DF17AE4E1E,2023-ncaa-d1-natl,ncaa,151,117,219,139,221,38,26,3,235,10,2,262,259,238,288,345,29,22,244,23,275,5,7,283,282,186,344,338,118,2,4,66,177,5,38,158,343,125,9,135,14,22,94,96,,,317,201,,,104,25,1,15,3,2,1,1,1,254,209,7,6,7,1,1,1,16,1,129,181,8,73,,343,,,104,338,321,319,206,260,230,222,341,337,244,309,313,313,200,314,294,328,336,250,267,223,324,295,240,285,177,343,4,334,38,335,286,39,102,192,153,21,146,3,,,70,322,,,104,335,77,210,119,358,353,359,308,296,357,354,336,334,334,361,361,316,354,356,344,18,194,169,,21,,,b'\x11\xe8\xe1I\xcb\xbc\x1e\xa8\xaf\x82\x12\xdf\x17\xaeN\x1e'
11E8E149-CBBC-1EA8-AF82-12DF17AE4E1E,2024-ncaa-d0-natl,ncaa,65,82,29,78,41,12,7,1,111,4,3,151,213,185,254,337,32,25,194,26,326,2,4,179,192,106,355,340,238,2,18,9,67,3,27,40,286,172,12,49,31,110,118,226,,,332,98,,,81,7,1,139,9,3,1,4,1,263,250,61,50,53,1,1,2,8,1,50,85,49,167,,260,,,84,357,355,356,169,354,351,188,342,351,162,230,318,324,156,324,152,358,355,173,173,211,183,217,141,321,67,353,18,352,27,308,74,72,263,193,228,36,145,3,,,127,357,,,81,356,58,193,88,344,340,357,328,345,317,340,262,262,263,358,357,249,326,316,248,135,132,87,,239,,,b'\x11\xe8\xe1I\xcb\xbc\x1e\xa8\xaf\x82\x12\xdf\x17\xaeN\x1e'
11E8E149-CBBC-1EA8-AF82-12DF17AE4E1E,2024-ncaa-d1-conf-Sun Belt,ncaa,2,2,6,2,6,2,2,1,3,1,1,5,11,10,6,14,4,4,9,4,14,1,2,5,6,3,14,13,13,1,1,2,1,1,1,2,10,3,1,3,3,5,7,10,,,5,2,,,2,3,1,1,2,1,1,1,1,11,10,2,3,3,1,1,1,1,1,2,2,3,7,,6,,,2,9,9,12,2,9,9,2,13,13,9,12,2,2,12,2,2,12,11,2,2,5,9,12,2,4,1,10,1,8,1,9,5,9,10,8,3,3,5,1,,,11,14,,,2,12,2,4,2,11,11,14,9,11,12,14,4,3,2,14,12,4,9,8,10,8,4,5,,12,,,b'\x11\xe8\xe1I\xcb\xbc\x1e\xa8\xaf\x82\x12\xdf\x17\xaeN\x1e'
11E8E149-CBBC-1EA8-AF82-12DF17AE4E1E,2024-ncaa-d1-natl,ncaa,76,83,38,82,58,14,7,1,122,5,3,163,231,217,264,340,43,37,194,41,329,2,5,195,201,116,357,343,231,3,20,9,77,4,34,46,295,139,12,55,47,122,135,235,,,320,107,,,100,8,2,140,10,3,1,4,1,270,257,58,53,54,1,2,2,8,1,53,86,55,172,,269,,,100,359,357,357,191,352,353,202,339,349,179,229,310,314,164,314,152,359,356,191,187,236,181,218,142,309,77,352,20,352,34,305,76,94,279,210,204,37,131,3,,,153,360,,,100,357,63,220,106,348,348,360,331,347,320,344,270,270,273,361,358,258,335,325,265,148,141,91,,244,,,b'\x11\xe8\xe1I\xcb\xbc\x1e\xa8\xaf\x82\x12\xdf\x17\xaeN\x1e'
11E8E149-CBBC-1EA8-AF82-12DF17AE4E1E,2025-ncaa-d0-natl,genius_ncaa,71,130,12,108,13,12,10,2,111,6,4,101,76,42,213,254,27,25,175,17,259,3,2,141,146,116,297,267,229,4,24,1,27,1,7,31,249,342,69,111,79,237,13,28,,,361,243,,278,86,1,3,67,12,12,3,8,4,150,113,61,65,57,4,3,8,2,1,57,223,145,18,,335,,180,99,362,360,362,64,339,354,53,360,362,236,272,360,362,45,362,295,362,361,99,105,211,331,311,275,335,27,356,24,357,7,356,222,136,350,317,335,91,79,3,,,35,347,,343,86,362,80,193,107,337,304,360,203,326,344,355,335,346,346,360,361,230,270,264,292,282,214,21,,166,,353,b'\x11\xe8\xe1I\xcb\xbc\x1e\xa8\xaf\x82\x12\xdf\x17\xaeN\x1e'
11E8E149-CBBC-1EA8-AF82-12DF17AE4E1E,2025-ncaa-d1-conf-Sun Belt,genius_ncaa,3,3,4,3,5,1,1,1,2,1,2,3,4,5,7,8,3,6,3,5,11,1,2,3,3,2,10,8,9,2,2,1,1,1,1,1,6,10,6,1,6,9,2,2,,,10,7,,3,2,2,1,8,1,1,1,1,3,4,5,5,6,6,1,1,2,1,1,1,11,7,1,,11,,3,2,10,7,14,2,4,12,1,13,13,8,10,10,12,3,12,7,14,12,2,2,6,12,13,10,7,1,9,2,8,1,7,6,9,14,12,8,3,1,1,,,9,14,,13,2,13,2,3,2,11,9,14,4,12,13,14,11,10,10,14,14,4,6,7,7,12,8,1,,10,,13,b'\x11\xe8\xe1I\xcb\xbc\x1e\xa8\xaf\x82\x12\xdf\x17\xaeN\x1e'
11E8E149-CBBC-1EA8-AF82-12DF17AE4E1E,2025-ncaa-d1-natl,genius_ncaa,65,130,6,109,6,5,5,1,108,5,4,106,79,36,218,252,23,18,163,15,256,2,1,145,148,114,293,271,226,2,18,1,28,1,4,27,257,344,68,118,58,203,14,28,,,360,244,,288,88,1,3,67,12,12,3,6,4,150,110,57,63,57,4,2,5,2,1,58,230,124,18,,336,,188,93,362,360,362,65,340,358,48,360,362,242,267,358,362,38,362,295,362,362,100,108,206,331,311,277,339,28,358,18,359,4,356,232,106,336,309,338,92,75,2,,,36,349,,341,88,362,78,181,101,339,302,360,203,326,344,353,335,346,346,360,360,232,269,260,295,254,210,21,,167,,352,b'\x11\xe8\xe1I\xcb\xbc\x1e\xa8\xaf\x82\x12\xdf\x17\xaeN\x1e'
11E8E149-CBBC-1EA8-AF82-12DF17AE4E1E,2026-ncaa-d0-natl,genius_ncaa,35,13,116,26,204,55,57,41,115,59,31,158,79,102,70,246,57,59,145,60,207,41,45,115,116,98,199,183,192,26,56,56,34,39,43,97,268,226,75,124,43,50,56,42,,,275,193,,245,43,60,1,355,15,24,3,25,6,69,104,45,44,45,3,2,11,18,5,78,199,30,46,,283,,232,41,234,187,262,47,145,204,69,287,315,108,299,289,260,309,258,241,267,286,60,99,72,327,277,284,140,34,289,56,240,43,150,107,52,81,52,199,83,46,11,,,118,304,,324,43,302,67,54,52,210,149,300,88,177,280,330,281,249,241,305,347,110,290,227,110,44,168,34,,120,,331,b'\x11\xe8\xe1I\xcb\xbc\x1e\xa8\xaf\x82\x12\xdf\x17\xaeN\x1e'
11E8E149-CBBC-1EA8-AF82-12DF17AE4E1E,2026-ncaa-d1-natl,genius_ncaa,18,13,85,20,174,15,16,12,89,28,18,168,27,70,21,224,49,42,169,43,202,12,15,86,86,69,146,127,224,14,35,26,37,12,31,43,226,237,70,85,39,59,44,44,,,305,177,,226,34,19,1,354,11,12,3,23,8,32,76,53,48,52,3,2,12,13,6,37,199,38,49,,278,,194,34,278,227,313,61,166,235,76,314,330,129,307,303,284,287,278,245,311,322,79,107,91,326,285,266,153,37,287,35,248,31,217,152,54,114,86,200,76,54,8,,,98,307,,337,34,343,48,72,45,240,182,319,109,193,306,337,275,251,248,322,347,111,247,192,155,57,168,35,,132,,346,b'\x11\xe8\xe1I\xcb\xbc\x1e\xa8\xaf\x82\x12\xdf\x17\xaeN\x1e'
11E8E149-CBC0-9992-AF82-12DF17AE4E1E,2010-ncaa-d0-natl,ncaa,23,19,50,23,64,47,60,86,56,85,129,57,67,71,100,122,38,28,204,26,28,67,64,55,51,60,98,126,111,151,228,140,294,151,271,29,31,217,131,50,9,12,149,202,,,251,111,,,41,48,88,146,57,80,160,124,219,87,101,50,39,40,117,139,211,243,250,33,150,9,187,,161,,,42,207,225,258,126,275,291,129,82,118,67,69,196,209,105,210,132,256,312,94,85,18,59,66,182,319,294,278,228,319,271,203,158,8,15,23,245,168,124,108,,,7,5,,,41,303,73,28,41,87,111,137,187,230,42,57,134,148,148,134,288,276,201,250,127,9,183,84,,10,,,b'\x11\xe8\xe1I\xcb\xc0\x99\x92\xaf\x82\x12\xdf\x17\xaeN\x1e'
11E8E149-CBC0-9992-AF82-12DF17AE4E1E,2010-ncaa-d1-conf-C-USA,ncaa,1,1,2,1,3,2,4,3,6,8,10,3,3,1,8,2,1,1,5,1,1,2,2,4,4,3,2,5,2,7,10,4,8,5,11,2,7,10,7,4,1,2,5,7,,,9,3,,,1,1,1,9,3,6,8,7,10,2,1,1,1,1,7,7,10,9,11,5,6,2,7,,3,,,1,9,10,10,8,9,11,9,4,5,3,4,6,5,6,5,5,9,12,5,4,1,3,4,4,11,8,10,10,11,11,9,6,1,1,1,10,8,8,9,,,1,1,,,1,12,4,1,1,3,6,6,8,8,4,4,3,3,3,4,11,6,7,8,7,1,8,8,,1,,,b'\x11\xe8\xe1I\xcb\xc0\x99\x92\xaf\x82\x12\xdf\x17\xaeN\x1e'
11E8E149-CBC0-9992-AF82-12DF17AE4E1E,2010-ncaa-d1-conf-CUSA,ncaa,1,1,2,1,3,2,4,3,6,8,10,3,3,1,8,2,1,1,5,1,1,2,2,4,4,3,2,5,2,7,10,4,8,5,11,2,7,10,7,4,1,2,5,7,,,9,3,,,1,1,1,9,3,6,8,7,10,2,1,1,1,1,7,7,10,9,11,5,6,2,7,,3,,,1,9,10,10,8,9,11,9,4,5,3,4,6,5,6,5,5,9,12,5,4,1,3,4,4,11,8,10,10,11,11,9,6,1,1,1,10,8,8,9,,,1,1,,,1,12,4,1,1,3,6,6,8,8,4,4,3,3,3,4,11,6,7,8,7,1,8,8,,1,,,b'\x11\xe8\xe1I\xcb\xc0\x99\x92\xaf\x82\x12\xdf\x17\xaeN\x1e'
11E8E149-CBC0-9992-AF82-12DF17AE4E1E,2010-ncaa-d1-natl,ncaa,25,19,53,23,70,50,65,92,59,93,142,58,69,75,102,120,42,31,206,29,28,72,72,57,53,63,98,125,110,164,232,154,298,167,277,34,33,206,131,51,10,12,156,204,,,238,112,,,46,51,89,146,58,85,162,128,220,88,102,50,38,39,119,142,217,249,257,32,150,10,189,,162,,,46,191,217,250,129,268,287,133,71,104,74,67,185,198,107,200,134,245,312,100,90,20,58,66,181,318,298,270,232,316,277,197,159,9,15,23,235,170,119,111,,,7,6,,,46,301,77,29,43,91,114,138,193,231,41,57,134,151,152,135,287,280,206,253,129,9,185,86,,9,,,b'\x11\xe8\xe1I\xcb\xc0\x99\x92\xaf\x82\x12\xdf\x17\xaeN\x1e'
11E8E149-CBC0-9992-AF82-12DF17AE4E1E,2010-ncaa-d1-ncaatournament,ncaa,33,2,33,33,34,45,39,37,47,47,54,46,23,21,31,4,60,56,62,54,51,39,45,38,49,40,13,6,63,32,26,60,60,51,53,45,46,3,7,20,35,11,41,33,,,20,48,,,27,52,44,9,38,27,6,45,51,4,2,60,56,54,12,23,6,60,45,38,7,10,32,,48,,,31,5,5,5,32,6,5,22,21,13,52,34,17,23,24,18,54,3,15,39,43,21,53,45,51,25,60,20,26,19,53,11,56,33,2,15,10,22,34,60,,,53,54,,,27,12,32,28,29,22,12,6,12,8,37,25,47,47,45,7,32,49,51,50,34,2,21,55,,50,,,b'\x11\xe8\xe1I\xcb\xc0\x99\x92\xaf\x82\x12\xdf\x17\xaeN\x1e'
11E8E149-CBC0-9992-AF82-12DF17AE4E1E,2011-ncaa-d0-natl,ncaa,49,60,26,58,27,25,22,33,28,14,21,32,187,184,174,277,30,20,183,20,131,27,33,50,60,44,302,300,148,88,166,45,301,44,233,18,109,210,56,31,37,89,14,54,,,239,49,,,55,23,62,39,32,22,57,17,39,231,250,55,43,44,39,73,161,117,119,27,97,62,21,,116,,,58,323,324,328,102,317,336,60,253,231,265,100,253,235,223,228,75,331,332,99,105,101,134,174,141,339,301,307,166,336,233,266,102,35,137,108,215,102,138,38,,,11,35,,,55,321,46,145,66,218,227,304,228,317,188,147,165,160,153,295,313,326,165,279,170,78,137,83,,20,,,b'\x11\xe8\xe1I\xcb\xc0\x99\x92\xaf\x82\x12\xdf\x17\xaeN\x1e'
11E8E149-CBC0-9992-AF82-12DF17AE4E1E,2011-ncaa-d1-conf-C-USA,ncaa,3,4,1,4,1,1,1,1,1,1,1,1,9,7,9,9,2,3,7,3,10,1,2,3,3,1,11,11,10,6,10,2,7,4,9,1,3,6,4,1,1,2,2,2,,,7,4,,,3,1,3,1,2,1,2,1,3,9,7,2,3,3,2,3,10,4,7,1,4,2,2,,5,,,3,12,12,11,7,12,11,7,8,9,9,5,11,7,12,6,5,11,12,7,8,7,7,6,5,10,7,12,10,11,9,7,3,1,4,3,5,3,7,2,,,1,2,,,3,12,3,7,3,11,12,11,9,10,7,6,8,6,5,10,10,8,9,10,6,2,3,6,,2,,,b'\x11\xe8\xe1I\xcb\xc0\x99\x92\xaf\x82\x12\xdf\x17\xaeN\x1e'
11E8E149-CBC0-9992-AF82-12DF17AE4E1E,2011-ncaa-d1-conf-CUSA,ncaa,3,4,1,4,1,1,1,1,1,1,1,1,9,7,9,9,2,3,7,3,10,1,2,3,3,1,11,11,10,6,10,2,7,4,9,1,3,6,4,1,1,2,2,2,,,7,4,,,3,1,3,1,2,1,2,1,3,9,7,2,3,3,2,3,10,4,7,1,4,2,2,,5,,,3,12,12,11,7,12,11,7,8,9,9,5,11,7,12,6,5,11,12,7,8,7,7,6,5,10,7,12,10,11,9,7,3,1,4,3,5,3,7,2,,,1,2,,,3,12,3,7,3,11,12,11,9,10,7,6,8,6,5,10,10,8,9,10,6,2,3,6,,2,,,b'\x11\xe8\xe1I\xcb\xc0\x99\x92\xaf\x82\x12\xdf\x17\xaeN\x1e'
11E8E149-CBC0-9992-AF82-12DF17AE4E1E,2011-ncaa-d1-natl,ncaa,54,57,28,59,29,26,22,35,28,14,21,33,199,196,174,280,36,22,179,22,130,28,35,50,60,46,299,299,145,98,172,55,303,54,238,20,113,190,57,35,40,97,15,54,,,223,50,,,60,24,62,39,33,23,60,17,38,234,248,57,43,45,40,72,165,122,125,27,95,68,20,,116,,,62,320,320,325,107,312,336,64,247,219,267,98,241,224,223,218,77,329,330,105,109,109,134,168,141,339,303,294,172,336,238,258,100,40,147,113,202,105,130,40,,,11,34,,,60,319,48,152,73,222,231,306,232,317,187,149,171,159,153,297,314,326,168,287,171,84,138,84,,19,,,b'\x11\xe8\xe1I\xcb\xc0\x99\x92\xaf\x82\x12\xdf\x17\xaeN\x1e'
11E8E149-CBC0-9992-AF82-12DF17AE4E1E,2012-ncaa-d0-natl,ncaa,73,73,81,79,84,137,143,172,128,135,201,74,178,138,275,134,104,103,199,99,65,155,135,147,138,168,170,197,112,122,87,87,133,90,72,52,10,264,241,110,100,100,38,42,,,119,69,,,72,141,247,70,188,193,254,175,253,188,152,140,127,125,238,228,147,117,123,49,218,112,44,,63,,,73,69,80,200,26,108,222,28,100,147,73,134,101,103,110,107,85,189,219,22,20,28,142,144,161,215,133,102,87,152,72,125,208,98,98,89,324,308,143,161,,,97,117,,,72,210,156,28,71,34,35,117,65,168,85,99,72,85,92,105,119,175,53,87,90,123,297,111,,150,,,b'\x11\xe8\xe1I\xcb\xc0\x99\x92\xaf\x82\x12\xdf\x17\xaeN\x1e'
11E8E149-CBC0-9992-AF82-12DF17AE4E1E,2012-ncaa-d1-conf-C-USA,ncaa,3,3,1,3,1,2,3,4,1,3,9,1,4,4,7,3,3,3,2,3,4,4,3,1,2,2,6,5,8,6,6,2,5,4,3,2,2,9,7,2,3,6,2,3,,,4,1,,,3,4,9,2,3,3,10,5,11,5,4,3,6,6,10,10,10,7,7,3,5,6,2,,1,,,3,9,9,10,3,9,9,3,8,10,5,8,7,6,11,6,3,9,8,3,4,7,5,7,5,8,5,5,6,6,3,9,5,6,8,9,11,11,2,5,,,3,3,,,3,9,2,7,3,5,4,6,3,4,6,7,6,2,3,4,4,5,1,2,5,8,10,2,,4,,,b'\x11\xe8\xe1I\xcb\xc0\x99\x92\xaf\x82\x12\xdf\x17\xaeN\x1e'
11E8E149-CBC0-9992-AF82-12DF17AE4E1E,2012-ncaa-d1-conf-CUSA,ncaa,3,3,1,3,1,2,3,4,1,3,9,1,4,4,7,3,3,3,2,3,4,4,3,1,2,2,6,5,8,6,6,2,5,4,3,2,2,9,7,2,3,6,2,3,,,4,1,,,3,4,9,2,3,3,10,5,11,5,4,3,6,6,10,10,10,7,7,3,5,6,2,,1,,,3,9,9,10,3,9,9,3,8,10,5,8,7,6,11,6,3,9,8,3,4,7,5,7,5,8,5,5,6,6,3,9,5,6,8,9,11,11,2,5,,,3,3,,,3,9,2,7,3,5,4,6,3,4,6,7,6,2,3,4,4,5,1,2,5,8,10,2,,4,,,b'\x11\xe8\xe1I\xcb\xc0\x99\x92\xaf\x82\x12\xdf\x17\xaeN\x1e'
11E8E149-CBC0-9992-AF82-12DF17AE4E1E,2012-ncaa-d1-natl,ncaa,50,72,23,74,28,104,103,96,129,95,130,80,142,115,250,138,80,72,207,71,79,87,67,141,138,165,174,185,135,70,73,35,122,40,56,27,14,301,227,101,58,81,27,36,,,165,66,,,57,69,235,81,173,174,224,150,229,174,146,147,128,123,214,201,128,100,103,42,214,97,37,,61,,,58,120,119,265,22,132,268,21,140,205,65,150,137,143,117,148,88,255,279,15,17,16,164,164,169,252,122,175,73,217,56,165,221,56,90,78,336,310,187,161,,,65,140,,,57,277,142,22,55,33,34,116,47,155,95,124,72,83,85,105,122,174,53,87,90,113,301,133,,157,,,b'\x11\xe8\xe1I\xcb\xc0\x99\x92\xaf\x82\x12\xdf\x17\xaeN\x1e'
11E8E149-CBC0-9992-AF82-12DF17AE4E1E,2013-ncaa-d0-natl,ncaa,50,40,80,48,84,88,82,86,100,86,84,131,124,153,94,196,108,91,204,87,163,83,91,110,118,104,190,174,191,57,74,58,125,45,71,31,21,148,96,38,130,152,64,72,,,162,99,,,85,111,205,37,95,91,112,95,112,141,176,126,113,115,108,139,72,61,46,23,110,151,65,,123,,,90,210,205,259,77,182,233,85,227,240,137,222,180,197,120,197,149,266,249,90,81,119,219,232,167,242,125,196,74,225,71,233,244,182,231,225,264,208,112,69,,,88,131,,,85,235,83,129,90,145,146,218,126,182,202,222,154,155,156,211,179,200,137,156,198,215,214,98,,119,,,b'\x11\xe8\xe1I\xcb\xc0\x99\x92\xaf\x82\x12\xdf\x17\xaeN\x1e'
11E8E149-CBC0-9992-AF82-12DF17AE4E1E,2013-ncaa-d1-conf-C-USA,ncaa,4,2,6,3,8,7,8,9,3,8,8,8,7,8,2,7,7,7,6,7,8,9,9,3,3,2,7,5,9,7,3,6,7,8,5,2,1,1,3,1,8,6,3,1,,,2,4,,,3,9,10,3,2,5,6,5,4,5,7,7,7,7,6,8,6,5,5,2,1,8,2,,2,,,3,3,3,4,4,2,1,4,7,8,9,12,6,6,8,6,8,4,2,5,4,5,11,11,8,5,7,4,3,3,5,6,10,9,9,9,3,6,3,2,,,7,7,,,3,3,2,7,3,5,4,6,3,1,9,11,8,8,8,6,4,7,4,6,7,9,4,3,,7,,,b'\x11\xe8\xe1I\xcb\xc0\x99\x92\xaf\x82\x12\xdf\x17\xaeN\x1e'
11E8E149-CBC0-9992-AF82-12DF17AE4E1E,2013-ncaa-d1-conf-CUSA,ncaa,4,2,6,3,8,7,8,9,3,8,8,8,7,8,2,7,7,7,6,7,8,9,9,3,3,2,7,5,9,7,3,6,7,8,5,2,1,1,3,1,8,6,3,1,,,2,4,,,3,9,10,3,2,5,6,5,4,5,7,7,7,7,6,8,6,5,5,2,1,8,2,,2,,,3,3,3,4,4,2,1,4,7,8,9,12,6,6,8,6,8,4,2,5,4,5,11,11,8,5,7,4,3,3,5,6,10,9,9,9,3,6,3,2,,,7,7,,,3,3,2,7,3,5,4,6,3,1,9,11,8,8,8,6,4,7,4,6,7,9,4,3,,7,,,b'\x11\xe8\xe1I\xcb\xc0\x99\x92\xaf\x82\x12\xdf\x17\xaeN\x1e'
11E8E149-CBC0-9992-AF82-12DF17AE4E1E,2013-ncaa-d1-natl,ncaa,42,40,49,46,51,66,68,70,99,60,65,123,121,148,97,199,94,86,185,83,165,65,70,110,117,97,199,182,192,47,68,52,132,40,71,20,17,164,93,35,93,116,47,61,,,175,100,,,80,83,204,38,88,84,109,84,115,147,178,122,116,115,102,142,68,72,47,18,107,124,55,,122,,,79,222,219,280,78,204,251,87,230,252,133,220,192,203,123,202,146,275,265,92,85,105,212,232,167,253,132,212,68,240,71,247,255,143,210,213,261,203,120,67,,,79,145,,,80,260,74,121,79,132,138,202,123,182,190,214,143,151,152,198,176,198,126,147,203,198,210,90,,129,,,b'\x11\xe8\xe1I\xcb\xc0\x99\x92\xaf\x82\x12\xdf\x17\xaeN\x1e'
11E8E149-CBC0-9992-AF82-12DF17AE4E1E,2014-ncaa-d0-natl,ncaa,105,72,180,88,186,180,175,219,116,156,174,147,215,239,122,228,142,127,211,129,119,205,205,138,139,147,199,220,110,93,42,188,211,129,73,69,13,156,188,65,126,102,67,51,,,86,106,,,102,244,262,44,156,155,201,135,147,208,222,111,97,100,174,179,65,145,79,32,179,119,57,,106,,,98,59,72,131,81,74,106,111,154,213,64,247,89,112,68,113,169,119,123,82,68,70,197,213,162,198,211,47,42,92,73,157,269,173,155,170,194,222,128,136,,,177,140,,,102,111,102,99,89,82,94,167,105,118,168,242,116,136,135,148,154,224,64,114,183,164,222,151,,158,,,b'\x11\xe8\xe1I\xcb\xc0\x99\x92\xaf\x82\x12\xdf\x17\xaeN\x1e'
11E8E149-CBC0-9992-AF82-12DF17AE4E1E,2014-ncaa-d1-conf-C-USA,ncaa,4,4,10,4,11,11,10,15,5,6,12,3,12,12,9,9,8,8,10,8,8,13,14,4,6,7,12,13,6,7,6,13,7,11,5,2,1,5,9,3,8,4,4,2,,,6,8,,,5,14,13,4,6,7,12,3,9,12,10,6,7,7,10,11,6,10,7,2,7,4,3,,8,,,5,4,4,3,8,2,2,11,8,9,6,12,8,7,11,7,9,2,1,8,9,8,11,11,11,3,7,2,6,2,5,10,15,9,6,10,8,11,7,8,,,11,10,,,5,3,6,6,6,4,4,5,3,2,10,12,8,8,8,3,3,5,2,2,14,9,10,10,,10,,,b'\x11\xe8\xe1I\xcb\xc0\x99\x92\xaf\x82\x12\xdf\x17\xaeN\x1e'
11E8E149-CBC0-9992-AF82-12DF17AE4E1E,2014-ncaa-d1-conf-CUSA,ncaa,4,4,10,4,11,11,10,15,5,6,12,3,12,12,9,9,8,8,10,8,8,13,14,4,6,7,12,13,6,7,6,13,7,11,5,2,1,5,9,3,8,4,4,2,,,6,8,,,5,14,13,4,6,7,12,3,9,12,10,6,7,7,10,11,6,10,7,2,7,4,3,,8,,,5,4,4,3,8,2,2,11,8,9,6,12,8,7,11,7,9,2,1,8,9,8,11,11,11,3,7,2,6,2,5,10,15,9,6,10,8,11,7,8,,,11,10,,,5,3,6,6,6,4,4,5,3,2,10,12,8,8,8,3,3,5,2,2,14,9,10,10,,10,,,b'\x11\xe8\xe1I\xcb\xc0\x99\x92\xaf\x82\x12\xdf\x17\xaeN\x1e'
11E8E149-CBC0-9992-AF82-12DF17AE4E1E,2014-ncaa-d1-natl,ncaa,93,72,145,83,151,162,162,202,112,137,166,139,208,235,123,229,127,118,204,117,118,185,175,134,131,148,199,223,111,86,47,171,212,117,76,56,14,188,197,69,120,111,69,53,,,86,96,,,100,226,251,53,152,155,200,130,148,211,224,111,97,99,174,171,74,146,87,33,202,122,59,,93,,,97,82,97,162,91,84,119,113,182,232,88,252,94,112,69,107,149,144,152,101,81,75,199,234,136,213,212,61,47,112,76,186,276,157,151,174,235,241,127,128,,,163,141,,,100,131,101,101,89,89,103,177,111,126,187,246,101,121,118,151,159,224,60,114,194,155,242,131,,158,,,b'\x11\xe8\xe1I\xcb\xc0\x99\x92\xaf\x82\x12\xdf\x17\xaeN\x1e'
11E8E149-CBC0-9992-AF82-12DF17AE4E1E,2015-ncaa-d0-natl,ncaa,57,67,48,71,73,98,87,112,85,97,138,83,131,132,135,153,151,121,258,113,138,111,89,98,115,141,184,163,233,131,148,128,264,117,178,76,102,264,216,144,38,40,122,129,,,121,49,,,71,89,226,283,167,159,243,161,233,157,164,219,194,186,231,232,194,233,234,105,194,48,163,,49,,,73,129,164,241,79,125,167,127,256,301,76,296,57,78,59,75,86,217,274,105,73,31,204,288,63,297,264,182,148,248,178,214,253,31,46,67,326,298,172,162,,,115,193,,,71,262,135,43,71,42,71,99,45,55,211,255,32,39,41,57,137,239,80,124,145,49,278,124,,223,,,b'\x11\xe8\xe1I\xcb\xc0\x99\x92\xaf\x82\x12\xdf\x17\xaeN\x1e'
11E8E149-CBC0-9992-AF82-12DF17AE4E1E,2015-ncaa-d1-conf-AAC,ncaa,3,5,1,5,1,3,3,4,4,3,6,4,4,4,2,5,5,4,8,4,5,5,4,4,4,3,6,4,8,8,8,4,8,5,6,2,4,4,4,4,2,2,6,6,,,5,3,,,3,4,10,5,6,6,8,7,8,4,6,7,5,5,9,10,8,8,8,3,4,2,7,,3,,,3,4,7,8,3,5,4,6,10,10,3,10,4,4,5,5,4,7,9,3,3,3,7,9,4,10,8,5,8,7,6,10,11,3,4,5,10,8,4,4,,,3,6,,,3,8,4,3,3,3,3,4,2,1,7,10,3,3,3,1,1,9,3,5,8,5,7,3,,8,,,b'\x11\xe8\xe1I\xcb\xc0\x99\x92\xaf\x82\x12\xdf\x17\xaeN\x1e'
11E8E149-CBC0-9992-AF82-12DF17AE4E1E,2015-ncaa-d1-natl,ncaa,68,67,55,72,91,123,106,135,95,118,162,90,135,141,133,152,171,143,259,132,136,134,113,105,125,148,181,162,227,148,155,156,277,143,188,88,104,250,219,149,44,43,134,133,,,91,50,,,83,115,230,285,175,167,252,167,236,157,163,223,197,188,241,235,200,241,239,117,196,51,166,,49,,,85,97,142,209,86,100,139,135,243,294,80,293,47,64,60,61,84,182,251,111,76,33,201,285,63,283,277,154,155,222,188,200,255,43,50,77,319,301,162,164,,,136,188,,,83,239,143,48,82,46,76,99,54,55,212,257,34,42,43,58,133,246,83,131,149,52,279,124,,222,,,b'\x11\xe8\xe1I\xcb\xc0\x99\x92\xaf\x82\x12\xdf\x17\xaeN\x1e'
11E8E149-CBC0-9992-AF82-12DF17AE4E1E,2015-ncaa-d1-ncaatournament,ncaa,33,2,33,33,33,60,63,64,60,62,62,62,48,52,42,25,33,32,51,32,2,61,51,57,56,58,3,18,1,43,31,47,53,45,49,53,4,31,58,57,35,6,33,25,,,17,46,,,38,55,48,4,60,63,63,62,62,34,28,10,6,4,58,41,25,44,39,51,60,5,21,,39,,,40,3,2,15,7,9,20,12,3,6,4,8,13,14,23,11,35,12,15,3,6,4,17,7,56,26,53,12,31,20,49,3,28,41,17,8,17,46,35,62,,,36,2,,,38,8,57,7,42,6,3,19,21,39,3,9,37,37,34,22,31,53,35,47,10,16,39,60,,5,,,b'\x11\xe8\xe1I\xcb\xc0\x99\x92\xaf\x82\x12\xdf\x17\xaeN\x1e'
11E8E149-CBC0-9992-AF82-12DF17AE4E1E,2016-ncaa-d0-natl,ncaa,53,87,12,78,21,66,70,81,72,70,92,88,119,145,70,206,46,42,138,45,95,79,59,76,72,108,177,197,107,205,263,43,193,83,182,74,126,309,229,153,74,138,136,176,,,294,157,,,135,31,187,280,149,166,282,156,228,191,232,114,132,138,268,265,295,151,248,145,189,146,198,,149,,,137,307,293,312,100,231,261,136,310,330,127,291,277,296,65,300,246,325,326,125,105,129,280,274,186,327,193,278,263,311,182,203,94,66,164,106,332,283,110,64,,,24,61,,,135,323,143,136,130,147,126,162,83,77,244,285,172,195,206,177,173,209,83,124,85,174,247,51,,122,,,b'\x11\xe8\xe1I\xcb\xc0\x99\x92\xaf\x82\x12\xdf\x17\xaeN\x1e'
11E8E149-CBC0-9992-AF82-12DF17AE4E1E,2016-ncaa-d1-conf-AAC,ncaa,4,5,3,5,7,6,6,10,4,7,9,3,5,8,3,7,4,4,4,4,4,9,10,4,4,4,5,6,5,9,9,6,8,7,7,6,4,6,7,5,5,6,4,4,,,5,5,,,5,9,11,8,6,7,11,7,10,5,10,4,5,5,11,11,9,6,9,5,6,6,5,,5,,,5,3,2,4,4,2,1,5,10,11,6,11,7,7,3,7,11,5,4,5,5,5,11,10,7,9,8,3,9,3,7,4,5,6,6,5,10,11,3,3,,,5,2,,,5,3,5,6,4,3,2,3,2,1,9,11,6,7,7,4,5,8,2,3,3,7,9,3,,6,,,b'\x11\xe8\xe1I\xcb\xc0\x99\x92\xaf\x82\x12\xdf\x17\xaeN\x1e'
11E8E149-CBC0-9992-AF82-12DF17AE4E1E,2016-ncaa-d1-natl,ncaa,62,87,12,80,25,81,87,104,75,88,109,91,129,162,75,206,55,54,139,57,94,96,72,83,78,116,169,195,98,231,265,50,201,101,198,88,132,303,232,160,94,156,151,183,,,278,162,,,155,43,191,282,160,179,286,169,235,194,232,113,134,143,275,270,301,155,262,155,188,155,207,,152,,,158,291,271,304,111,214,239,150,307,327,130,292,265,287,68,292,251,317,316,141,118,143,278,271,182,318,201,262,265,298,198,188,96,86,175,113,327,285,94,71,,,34,55,,,155,310,154,156,148,157,131,165,94,80,243,283,176,201,212,180,172,219,88,126,92,185,250,52,,123,,,b'\x11\xe8\xe1I\xcb\xc0\x99\x92\xaf\x82\x12\xdf\x17\xaeN\x1e'
11E8E149-CBC0-9992-AF82-12DF17AE4E1E,2017-ncaa-d0-natl,ncaa,120,152,45,144,58,109,87,141,64,96,151,60,128,141,119,143,213,230,165,233,272,152,111,67,76,130,224,158,285,239,256,105,269,156,231,90,127,309,283,190,161,211,121,143,,,152,61,,,141,79,224,230,181,145,271,148,256,166,183,286,298,300,287,275,294,195,275,132,252,215,143,,69,,,143,222,244,287,115,217,260,113,248,256,177,213,115,162,42,162,99,282,288,118,86,93,160,241,81,319,269,194,256,267,231,208,144,93,152,133,346,341,40,48,,,111,124,,,141,268,165,132,146,109,144,190,135,171,200,201,71,97,97,165,168,275,86,153,122,148,334,21,,196,,,b'\x11\xe8\xe1I\xcb\xc0\x99\x92\xaf\x82\x12\xdf\x17\xaeN\x1e'
11E8E149-CBC0-9992-AF82-12DF17AE4E1E,2017-ncaa-d1-conf-AAC,ncaa,6,5,8,6,9,8,6,10,4,9,11,3,6,6,3,5,10,11,6,11,10,10,10,3,3,4,4,2,11,11,11,7,7,9,7,5,3,7,8,4,9,9,4,3,,,3,3,,,6,10,8,2,7,5,9,8,10,3,6,10,11,11,10,10,11,6,9,3,7,9,4,,3,,,6,5,5,4,4,5,3,5,3,8,3,8,5,5,3,5,6,3,2,4,4,5,7,6,5,5,7,4,11,4,7,2,3,9,7,5,11,11,1,1,,,9,5,,,6,2,5,5,6,6,6,4,5,4,4,9,5,6,6,5,4,7,5,6,4,9,11,1,,8,,,b'\x11\xe8\xe1I\xcb\xc0\x99\x92\xaf\x82\x12\xdf\x17\xaeN\x1e'
11E8E149-CBC0-9992-AF82-12DF17AE4E1E,2017-ncaa-d1-natl,ncaa,130,151,56,150,79,138,107,173,67,116,187,65,143,153,126,143,244,252,164,257,273,191,146,70,79,138,220,155,283,266,262,132,275,189,241,108,131,294,288,196,187,219,127,151,,,123,65,,,158,102,231,228,188,158,284,159,263,168,185,290,301,303,301,278,299,209,286,145,255,222,149,,74,,,160,195,221,272,124,195,243,120,235,244,186,212,94,137,42,137,100,264,265,125,91,105,156,242,79,311,275,156,262,245,241,194,142,118,157,142,345,341,32,51,,,130,118,,,158,247,177,141,159,117,149,194,144,170,203,201,72,100,100,168,165,282,90,157,127,156,335,21,,202,,,b'\x11\xe8\xe1I\xcb\xc0\x99\x92\xaf\x82\x12\xdf\x17\xaeN\x1e'
11E8E149-CBC0-9992-AF82-12DF17AE4E1E,2018-ncaa-d0-natl,ncaa,185,207,117,206,139,183,178,181,167,209,213,198,102,124,89,116,246,233,257,226,196,195,172,132,152,198,104,84,262,236,255,198,295,219,284,100,39,248,248,145,189,216,195,214,,,105,69,,,232,154,165,217,211,195,216,250,247,100,128,274,250,242,241,225,266,237,275,103,239,203,207,,99,,,227,229,247,228,221,257,223,262,172,216,106,193,138,173,70,178,145,227,230,205,179,172,93,158,100,299,295,214,255,266,284,252,206,139,162,204,318,307,156,185,,,181,162,,,232,197,215,211,225,198,229,223,249,204,164,205,136,155,163,201,231,296,199,253,235,147,295,150,,189,,,b'\x11\xe8\xe1I\xcb\xc0\x99\x92\xaf\x82\x12\xdf\x17\xaeN\x1e'
11E8E149-CBC0-9992-AF82-12DF17AE4E1E,2018-ncaa-d1-conf-AAC,ncaa,8,8,3,8,4,9,10,9,9,8,9,9,5,5,5,4,8,8,6,8,5,8,7,7,9,10,4,4,7,9,8,11,9,9,7,7,4,10,9,9,6,6,11,10,,,5,5,,,11,8,7,4,9,11,10,10,9,5,5,9,8,8,10,9,9,11,10,9,8,6,11,,5,,,11,10,11,6,11,8,4,12,12,11,7,9,6,6,6,6,5,6,7,11,11,11,7,6,4,7,9,8,8,8,7,10,7,5,5,7,12,11,7,11,,,5,5,,,11,5,9,11,11,9,9,5,8,4,11,10,5,6,6,4,8,6,8,7,8,5,11,8,,6,,,b'\x11\xe8\xe1I\xcb\xc0\x99\x92\xaf\x82\x12\xdf\x17\xaeN\x1e'
11E8E149-CBC0-9992-AF82-12DF17AE4E1E,2018-ncaa-d1-natl,ncaa,203,207,144,210,178,218,207,223,174,244,246,206,109,136,91,115,268,259,255,252,192,242,227,141,168,208,99,84,257,266,263,240,298,262,294,120,43,221,252,152,210,220,211,221,,,76,73,,,239,194,174,203,228,211,230,257,251,104,130,275,251,243,253,235,269,247,284,107,239,209,213,,101,,,235,200,234,199,236,249,189,270,163,190,110,185,125,155,75,160,145,193,199,218,187,194,84,156,96,292,298,190,263,250,294,242,211,160,168,216,305,309,152,196,,,214,164,,,239,157,225,228,236,209,239,222,258,212,170,203,143,159,164,205,228,296,200,260,240,154,299,162,,189,,,b'\x11\xe8\xe1I\xcb\xc0\x99\x92\xaf\x82\x12\xdf\x17\xaeN\x1e'
11E8E149-CBC0-9992-AF82-12DF17AE4E1E,2019-ncaa-d0-natl,ncaa,163,152,173,165,182,226,199,223,169,182,177,188,191,209,145,190,300,299,234,298,312,244,214,173,196,227,241,178,296,212,183,202,331,205,261,91,21,253,261,136,138,141,72,59,,,164,151,,,145,217,242,44,236,181,215,165,163,186,207,311,305,306,248,208,210,204,207,69,251,126,63,,192,,,145,50,68,174,33,84,149,81,81,223,7,244,97,132,70,136,147,165,195,22,25,20,147,149,185,336,331,109,183,246,261,159,270,110,100,108,266,279,186,198,,,250,241,,,145,122,237,55,155,59,77,200,95,163,87,238,120,142,149,187,252,341,132,277,165,82,269,196,,250,,,b'\x11\xe8\xe1I\xcb\xc0\x99\x92\xaf\x82\x12\xdf\x17\xaeN\x1e'
11E8E149-CBC0-9992-AF82-12DF17AE4E1E,2019-ncaa-d1-conf-AAC,ncaa,10,9,8,10,8,10,7,11,6,8,9,6,6,5,8,4,11,10,7,10,8,11,11,6,6,6,7,4,7,11,10,10,12,11,11,4,2,8,10,6,9,9,4,3,,,11,11,,,8,11,8,1,7,7,9,6,7,5,4,10,10,10,10,7,7,8,10,4,9,8,3,,12,,,9,6,6,4,6,5,4,7,5,7,4,7,10,11,3,11,11,5,4,6,6,6,7,6,12,12,12,6,10,9,11,6,7,9,9,8,10,12,7,7,,,9,6,,,8,2,7,9,9,8,7,9,7,7,6,7,11,11,11,9,9,12,8,11,7,6,11,7,,6,,,b'\x11\xe8\xe1I\xcb\xc0\x99\x92\xaf\x82\x12\xdf\x17\xaeN\x1e'
11E8E149-CBC0-9992-AF82-12DF17AE4E1E,2019-ncaa-d1-natl,ncaa,182,152,233,177,240,262,245,265,181,224,219,201,211,234,145,190,316,311,231,310,318,283,271,186,206,241,238,172,294,247,188,242,332,254,272,104,21,223,269,146,172,154,84,60,,,137,151,,,168,273,249,37,252,202,223,177,165,190,209,312,305,307,258,215,220,212,221,76,255,140,65,,194,,,167,27,41,119,36,68,115,86,62,196,7,239,87,108,74,112,149,113,128,27,31,25,144,142,184,333,332,73,188,205,272,138,276,142,110,125,245,287,176,206,,,272,237,,,168,67,245,67,180,68,84,202,106,166,89,237,127,151,155,191,250,342,137,285,175,89,274,203,,252,,,b'\x11\xe8\xe1I\xcb\xc0\x99\x92\xaf\x82\x12\xdf\x17\xaeN\x1e'
11E8E149-CBC0-9992-AF82-12DF17AE4E1E,2020-ncaa-d0-natl,ncaa,182,216,33,200,53,214,226,175,279,266,249,248,121,84,246,85,214,90,336,91,52,160,81,253,275,293,76,93,169,87,127,84,264,66,181,108,28,327,301,232,163,201,43,61,,,197,115,,,209,96,211,138,278,295,271,310,297,149,105,251,132,134,249,164,129,143,112,139,301,200,48,,141,,,206,153,181,282,59,206,277,73,126,203,41,146,129,200,20,204,139,281,291,51,36,42,113,134,143,329,264,249,127,307,181,238,255,129,176,180,334,324,94,139,,,103,160,,,209,248,284,70,211,84,111,215,142,223,102,162,96,151,155,207,211,308,166,252,201,169,316,70,,170,,,b'\x11\xe8\xe1I\xcb\xc0\x99\x92\xaf\x82\x12\xdf\x17\xaeN\x1e'
11E8E149-CBC0-9992-AF82-12DF17AE4E1E,2020-ncaa-d1-conf-AAC,ncaa,5,5,3,5,3,8,10,9,11,12,12,8,4,3,9,2,7,5,9,4,1,9,5,8,8,8,2,2,5,6,7,4,7,4,7,7,4,11,11,10,9,9,3,2,,,5,4,,,7,6,10,3,10,11,9,12,12,4,3,6,5,4,9,8,6,4,5,8,11,9,3,,3,,,7,7,7,8,3,6,6,3,9,11,4,9,5,5,7,5,6,8,7,3,3,4,8,10,6,9,7,7,7,8,7,5,6,9,9,10,11,10,3,7,,,7,5,,,7,9,9,5,6,4,5,7,5,5,7,11,5,4,4,7,4,8,8,8,5,9,10,3,,5,,,b'\x11\xe8\xe1I\xcb\xc0\x99\x92\xaf\x82\x12\xdf\x17\xaeN\x1e'
11E8E149-CBC0-9992-AF82-12DF17AE4E1E,2020-ncaa-d1-natl,ncaa,199,215,45,208,72,245,259,213,288,297,274,257,134,96,251,86,233,108,336,110,52,200,120,262,281,299,75,94,164,106,133,111,269,89,194,125,30,323,305,248,190,215,51,63,,,163,121,,,220,133,218,132,287,306,277,313,299,152,107,254,135,137,256,172,138,149,126,147,303,210,49,,145,,,220,125,158,262,62,189,258,77,116,190,47,145,117,179,20,183,140,260,263,54,37,49,110,131,146,317,269,216,133,285,194,229,254,161,187,194,330,326,88,143,,,137,158,,,220,210,291,81,224,90,118,219,146,228,102,163,99,157,164,210,210,306,169,253,206,179,318,77,,168,,,b'\x11\xe8\xe1I\xcb\xc0\x99\x92\xaf\x82\x12\xdf\x17\xaeN\x1e'
11E8E149-CBC0-9992-AF82-12DF17AE4E1E,2021-ncaa-d0-natl,ncaa,36,104,26,72,35,41,44,51,63,32,48,44,113,81,226,196,29,22,213,22,70,40,30,87,84,97,235,251,107,44,89,36,241,32,107,46,131,301,160,120,29,80,34,72,,,231,43,,,44,36,161,224,109,100,193,75,167,212,192,77,56,55,155,151,130,109,101,99,166,73,75,,58,,,54,267,265,314,35,264,297,79,247,315,26,244,229,225,235,222,80,311,318,35,33,38,162,178,144,336,241,270,89,306,107,277,200,43,147,124,333,261,192,88,,,37,136,,,44,307,92,64,58,79,96,225,107,173,137,255,96,85,80,199,218,283,67,149,145,137,264,86,,130,,,b'\x11\xe8\xe1I\xcb\xc0\x99\x92\xaf\x82\x12\xdf\x17\xaeN\x1e'
11E8E149-CBC0-9992-AF82-12DF17AE4E1E,2021-ncaa-d1-conf-AAC,ncaa,3,5,1,4,2,1,1,2,1,1,3,1,3,4,3,4,1,1,5,1,2,2,2,1,1,1,5,6,5,4,6,1,7,1,4,2,5,8,4,3,4,7,3,4,,,7,2,,,2,2,6,5,1,1,9,1,10,4,6,2,3,3,8,7,8,5,6,3,4,7,4,,2,,,3,10,10,11,3,8,8,5,11,11,4,11,6,5,9,4,2,10,11,5,3,5,8,9,2,10,7,7,6,9,4,8,4,4,7,7,8,7,4,1,,,2,4,,,2,10,2,5,3,4,6,9,4,4,8,11,1,1,1,7,6,7,4,5,5,7,6,1,,5,,,b'\x11\xe8\xe1I\xcb\xc0\x99\x92\xaf\x82\x12\xdf\x17\xaeN\x1e'
11E8E149-CBC0-9992-AF82-12DF17AE4E1E,2021-ncaa-d1-natl,ncaa,40,104,30,72,43,45,51,62,67,36,57,46,123,89,226,194,33,23,213,23,66,50,37,90,86,103,234,254,100,52,92,41,249,40,114,50,137,295,161,122,39,84,35,73,,,222,44,,,49,41,166,225,111,106,198,76,170,215,196,77,58,59,159,159,136,115,108,103,170,77,76,,58,,,59,254,259,310,34,258,291,87,236,310,27,243,223,218,239,214,82,307,315,36,33,43,157,179,147,335,249,258,92,301,114,269,202,50,155,130,329,264,188,92,,,44,128,,,49,300,98,72,63,82,102,224,116,175,136,254,100,86,84,202,217,285,69,153,151,145,265,89,,131,,,b'\x11\xe8\xe1I\xcb\xc0\x99\x92\xaf\x82\x12\xdf\x17\xaeN\x1e'
11E8E149-CBC0-9992-AF82-12DF17AE4E1E,2022-ncaa-d0-natl,ncaa,79,67,112,75,113,72,102,99,128,113,123,134,91,97,128,148,22,34,61,30,37,82,92,126,93,75,90,165,47,46,31,50,154,39,38,48,35,149,77,51,241,295,70,103,,,70,29,,,76,110,125,31,45,85,63,113,135,98,104,14,31,27,33,58,34,33,13,25,116,275,64,,42,,,76,243,247,304,74,247,298,71,203,251,101,161,200,189,253,183,86,301,255,65,68,151,136,171,142,293,154,152,31,203,38,204,140,275,325,280,205,140,190,151,,,67,99,,,76,249,43,171,74,208,214,325,218,316,184,244,172,151,143,314,266,270,85,170,177,308,190,165,,57,,,b'\x11\xe8\xe1I\xcb\xc0\x99\x92\xaf\x82\x12\xdf\x17\xaeN\x1e'
11E8E149-CBC0-9992-AF82-12DF17AE4E1E,2022-ncaa-d1-conf-AAC,ncaa,3,3,4,3,5,1,3,4,2,3,8,1,4,3,7,2,1,1,2,1,1,2,4,3,1,1,4,5,1,7,5,2,4,3,3,3,6,3,1,2,8,9,10,10,,,2,1,,,3,2,3,3,1,2,4,2,7,3,2,1,1,1,1,2,6,1,2,3,2,8,10,,3,,,2,9,11,11,6,11,9,6,9,9,5,8,3,4,6,4,1,11,8,5,5,9,4,7,3,4,4,2,5,4,3,5,2,9,10,9,5,4,4,3,,,2,3,,,3,10,1,7,2,8,10,11,10,9,7,8,3,2,2,10,6,5,3,3,4,9,5,3,,1,,,b'\x11\xe8\xe1I\xcb\xc0\x99\x92\xaf\x82\x12\xdf\x17\xaeN\x1e'
11E8E149-CBC0-9992-AF82-12DF17AE4E1E,2022-ncaa-d1-natl,ncaa,74,67,100,76,104,60,86,80,133,97,116,124,94,88,166,145,21,30,69,26,37,63,74,130,100,81,100,175,49,33,26,39,147,27,32,37,31,156,80,49,250,297,56,91,,,57,25,,,71,104,119,33,38,80,49,102,133,105,96,13,30,28,27,51,27,25,11,24,120,277,58,,39,,,70,243,249,318,60,241,307,56,207,270,95,157,200,187,266,187,81,318,272,54,55,140,140,169,157,297,147,145,26,210,32,228,163,282,325,288,219,144,197,160,,,63,112,,,71,259,41,151,74,203,212,334,210,321,184,244,172,145,142,323,274,273,81,173,193,313,196,172,,56,,,b'\x11\xe8\xe1I\xcb\xc0\x99\x92\xaf\x82\x12\xdf\x17\xaeN\x1e'
11E8E149-CBC0-9992-AF82-12DF17AE4E1E,2023-ncaa-d0-natl,ncaa,135,139,116,147,135,143,128,137,110,148,208,85,120,110,156,107,226,238,130,240,242,151,141,110,120,143,176,123,288,132,97,99,244,106,113,95,68,240,234,128,174,190,226,255,,,46,21,,,99,156,211,115,145,120,174,153,234,118,116,245,274,276,216,190,148,80,84,83,225,187,237,,31,,,99,132,186,286,37,161,243,81,188,298,28,278,48,51,171,63,43,257,233,34,27,46,132,227,51,324,244,93,97,200,113,190,186,208,251,219,275,260,269,290,,,162,188,,,99,212,134,82,95,86,141,308,142,239,175,296,41,42,49,265,230,311,67,180,172,225,258,272,,185,,,b'\x11\xe8\xe1I\xcb\xc0\x99\x92\xaf\x82\x12\xdf\x17\xaeN\x1e'
11E8E149-CBC0-9992-AF82-12DF17AE4E1E,2023-ncaa-d1-conf-AAC,ncaa,5,6,3,5,4,6,5,6,3,7,9,3,5,2,7,2,6,7,5,7,5,8,8,3,3,4,5,5,8,9,8,4,6,7,6,5,5,7,9,7,7,9,11,11,,,3,2,,,7,5,10,8,9,9,11,8,10,5,4,9,10,10,11,11,10,8,9,6,9,9,11,,2,,,7,6,9,9,5,7,6,8,10,10,3,10,3,3,10,3,3,8,6,7,5,7,7,9,3,7,6,3,8,6,6,8,7,9,10,9,6,8,3,7,,,6,5,,,7,7,5,7,7,6,7,8,6,5,9,10,2,2,2,8,5,8,2,4,8,9,5,4,,7,,,b'\x11\xe8\xe1I\xcb\xc0\x99\x92\xaf\x82\x12\xdf\x17\xaeN\x1e'
11E8E149-CBC0-9992-AF82-12DF17AE4E1E,2023-ncaa-d1-natl,ncaa,136,138,103,144,116,129,125,139,126,159,224,87,111,89,172,92,211,223,127,223,201,153,130,123,125,149,147,114,265,114,82,73,241,84,107,81,62,255,237,131,174,201,204,244,,,47,22,,,97,150,212,116,147,140,183,184,256,110,94,230,255,255,217,183,129,69,67,83,232,187,218,,31,,,97,115,168,297,25,149,252,68,195,309,20,291,50,54,140,58,46,275,255,27,20,39,143,237,55,335,241,100,82,221,107,189,189,207,258,217,292,279,268,293,,,145,170,,,97,220,134,68,91,78,126,312,124,222,173,309,37,43,50,269,232,321,67,186,165,228,277,262,,164,,,b'\x11\xe8\xe1I\xcb\xc0\x99\x92\xaf\x82\x12\xdf\x17\xaeN\x1e'
11E8E149-CBC0-9992-AF82-12DF17AE4E1E,2024-ncaa-d0-natl,ncaa,225,276,94,250,95,143,148,169,113,200,276,72,65,55,138,42,239,280,37,289,220,188,160,91,87,135,74,51,288,176,148,149,240,163,162,51,15,286,277,104,171,179,174,192,,,90,56,,,195,162,309,17,177,174,258,258,328,69,61,273,309,316,286,266,210,214,234,42,247,189,195,,56,,,195,246,257,263,190,170,200,134,329,298,327,297,78,63,273,70,64,241,204,231,200,257,282,338,37,255,240,96,148,155,162,296,282,242,274,313,293,289,122,214,,,174,195,,,195,198,137,277,193,195,216,228,122,142,332,280,64,44,50,185,111,222,50,96,277,280,269,100,,236,,,b'\x11\xe8\xe1I\xcb\xc0\x99\x92\xaf\x82\x12\xdf\x17\xaeN\x1e'
11E8E149-CBC0-9992-AF82-12DF17AE4E1E,2024-ncaa-d1-conf-AAC,ncaa,14,14,3,14,3,7,5,8,3,9,11,2,3,2,7,2,14,14,1,14,13,10,7,4,4,7,5,4,14,9,8,7,11,9,9,1,1,13,14,4,7,8,10,10,,,4,3,,,12,5,13,3,13,10,13,11,12,4,3,14,14,14,14,14,11,12,12,1,11,9,11,,1,,,12,11,11,13,8,7,10,7,14,11,14,11,5,4,10,5,5,11,11,9,10,12,12,14,4,13,11,4,8,7,9,12,10,11,13,14,13,12,7,11,,,13,13,,,12,10,8,12,12,8,9,9,5,4,14,11,3,3,3,5,2,6,2,2,9,12,11,5,,14,,,b'\x11\xe8\xe1I\xcb\xc0\x99\x92\xaf\x82\x12\xdf\x17\xaeN\x1e'
11E8E149-CBC0-9992-AF82-12DF17AE4E1E,2024-ncaa-d1-natl,ncaa,243,278,130,262,132,174,175,216,124,246,313,81,75,63,144,42,263,296,38,306,221,241,228,98,96,144,72,52,287,211,157,199,248,211,178,62,15,267,290,110,206,198,193,198,,,63,60,,,222,220,314,18,190,194,270,276,332,73,63,282,311,320,294,277,226,231,247,44,255,206,196,,56,,,221,229,243,235,212,151,165,151,327,286,333,296,65,51,279,53,69,208,158,247,219,275,286,337,37,240,248,65,157,125,178,288,288,279,290,321,282,297,109,227,,,210,186,,,222,139,152,294,222,207,234,234,140,149,334,284,72,45,54,195,107,228,58,107,282,299,271,111,,239,,,b'\x11\xe8\xe1I\xcb\xc0\x99\x92\xaf\x82\x12\xdf\x17\xaeN\x1e'
11E8E149-CBC0-9992-AF82-12DF17AE4E1E,2025-ncaa-d0-natl,genius_ncaa,133,113,194,128,233,142,139,159,129,144,157,151,163,186,107,210,181,111,335,112,120,153,116,136,154,193,189,177,204,174,179,64,268,93,180,142,151,327,284,220,144,199,88,128,,,83,23,,254,129,104,15,262,102,95,111,109,125,148,171,163,86,89,88,34,161,16,31,111,337,130,79,,104,,275,126,144,178,299,20,198,301,31,151,257,25,180,93,104,87,102,40,289,273,15,13,29,118,165,96,343,268,200,179,282,180,208,231,144,204,171,341,313,334,323,,,192,278,,144,129,249,205,60,131,182,214,354,237,349,163,287,114,129,126,353,353,353,233,317,237,115,342,339,,180,,135,b'\x11\xe8\xe1I\xcb\xc0\x99\x92\xaf\x82\x12\xdf\x17\xaeN\x1e'
11E8E149-CBC0-9992-AF82-12DF17AE4E1E,2025-ncaa-d1-conf-AAC,genius_ncaa,6,6,7,6,11,6,6,13,2,8,10,1,6,7,3,4,8,7,10,6,1,11,7,1,1,6,5,5,7,11,9,3,10,8,7,7,7,11,13,12,6,6,10,10,,,2,2,,7,7,6,1,11,5,4,12,7,10,5,5,7,6,5,10,4,11,3,5,5,13,4,9,,2,,8,7,6,7,11,3,3,6,6,10,12,2,13,4,4,7,4,3,9,9,4,3,4,10,11,5,12,10,3,9,5,7,8,7,8,9,9,12,12,9,10,,,9,9,,9,7,7,8,6,7,8,10,12,8,9,10,13,5,4,4,12,13,13,5,8,9,6,12,10,,8,,9,b'\x11\xe8\xe1I\xcb\xc0\x99\x92\xaf\x82\x12\xdf\x17\xaeN\x1e'
11E8E149-CBC0-9992-AF82-12DF17AE4E1E,2025-ncaa-d1-natl,genius_ncaa,145,113,244,132,287,164,163,193,136,179,187,160,184,212,113,209,203,138,335,141,121,190,144,143,166,201,189,175,204,204,191,79,277,124,190,161,158,311,292,239,165,210,93,134,,,64,26,,251,138,134,15,262,106,105,118,124,128,151,175,163,87,87,93,39,171,18,35,121,339,140,79,,104,,279,137,118,156,286,24,175,290,35,135,239,28,175,73,91,92,86,40,272,252,18,13,36,117,162,96,340,277,158,191,265,190,195,231,175,218,187,333,321,327,326,,,219,272,,154,138,218,219,72,141,192,231,354,247,349,168,286,117,133,129,353,353,354,239,320,244,129,343,343,,181,,132,b'\x11\xe8\xe1I\xcb\xc0\x99\x92\xaf\x82\x12\xdf\x17\xaeN\x1e'
11E8E149-CBC0-9992-AF82-12DF17AE4E1E,2026-ncaa-d0-natl,genius_ncaa,212,198,206,223,216,158,137,150,135,122,147,127,142,145,182,148,302,285,303,289,338,167,183,138,182,175,284,149,344,93,60,221,248,166,143,124,128,166,154,123,177,178,204,221,,,199,226,,59,206,205,31,97,91,43,18,52,55,111,84,307,285,295,43,21,33,161,82,64,227,127,200,,292,,70,208,230,199,192,187,179,161,197,242,246,175,231,273,273,185,269,288,189,168,198,216,253,258,208,269,210,248,137,60,154,143,221,207,245,293,267,184,175,245,217,,,273,333,,286,206,166,143,255,202,310,277,329,256,258,290,315,313,321,321,338,329,272,190,234,271,226,240,287,,266,,276,b'\x11\xe8\xe1I\xcb\xc0\x99\x92\xaf\x82\x12\xdf\x17\xaeN\x1e'
11E8E149-CBC0-9992-AF82-12DF17AE4E1E,2026-ncaa-d1-natl,genius_ncaa,256,195,271,252,286,237,206,227,160,179,212,157,200,199,199,146,339,332,306,332,344,248,259,170,214,209,282,147,344,142,74,293,267,253,172,183,137,119,175,144,244,218,252,240,,,150,241,,40,251,280,35,100,121,61,25,70,67,128,90,319,299,308,56,30,45,195,102,79,239,166,214,,300,,74,255,185,153,130,232,137,107,242,210,204,203,231,241,244,196,238,286,135,99,236,254,298,262,208,264,164,267,79,74,102,172,187,213,319,311,299,141,190,227,243,,,330,333,,305,251,92,180,301,247,331,311,335,283,268,308,317,327,329,329,348,329,284,207,255,300,255,251,297,,262,,275,b'\x11\xe8\xe1I\xcb\xc0\x99\x92\xaf\x82\x12\xdf\x17\xaeN\x1e'
11E8E149-CBC4-BAEA-AF82-12DF17AE4E1E,2010-ncaa-d0-natl,ncaa,219,174,288,212,303,231,203,168,245,165,124,253,230,241,236,239,269,212,326,212,262,172,203,260,289,245,265,225,248,54,37,207,275,134,128,220,222,68,90,165,172,138,40,17,,,214,291,,,146,268,108,172,147,100,25,92,30,203,189,232,137,135,34,36,11,93,16,162,167,117,18,,311,,,146,51,21,67,44,12,59,27,171,147,253,195,253,295,10,295,325,101,100,62,70,78,328,254,316,246,275,117,37,169,128,86,284,207,159,149,89,121,24,15,,,271,284,,,146,75,191,125,155,168,69,173,45,144,247,226,308,327,327,261,275,318,255,301,190,117,182,47,,182,,,b'\x11\xe8\xe1I\xcb\xc4\xba\xea\xaf\x82\x12\xdf\x17\xaeN\x1e'
11E8E149-CBC4-BAEA-AF82-12DF17AE4E1E,2010-ncaa-d1-conf-C-USA,ncaa,10,9,7,10,11,11,11,6,11,10,6,11,8,9,11,8,9,9,8,9,10,8,9,11,12,11,8,8,6,4,4,11,12,7,8,9,8,2,4,5,6,5,1,1,,,6,9,,,7,11,8,10,11,11,3,8,4,8,7,7,8,8,5,6,3,10,4,9,4,6,1,,8,,,7,1,1,1,2,2,3,2,6,3,7,6,7,11,1,11,11,3,2,3,2,2,9,7,11,10,12,6,4,8,8,5,10,8,5,5,3,4,5,5,,,11,11,,,7,2,8,6,8,1,2,4,2,5,7,5,8,11,11,6,5,12,10,11,8,5,4,6,,10,,,b'\x11\xe8\xe1I\xcb\xc4\xba\xea\xaf\x82\x12\xdf\x17\xaeN\x1e'
11E8E149-CBC4-BAEA-AF82-12DF17AE4E1E,2010-ncaa-d1-conf-CUSA,ncaa,10,9,7,10,11,11,11,6,11,10,6,11,8,9,11,8,9,9,8,9,10,8,9,11,12,11,8,8,6,4,4,11,12,7,8,9,8,2,4,5,6,5,1,1,,,6,9,,,7,11,8,10,11,11,3,8,4,8,7,7,8,8,5,6,3,10,4,9,4,6,1,,8,,,7,1,1,1,2,2,3,2,6,3,7,6,7,11,1,11,11,3,2,3,2,2,9,7,11,10,12,6,4,8,8,5,10,8,5,5,3,4,5,5,,,11,11,,,7,2,8,6,8,1,2,4,2,5,7,5,8,11,11,6,5,12,10,11,8,5,4,6,,10,,,b'\x11\xe8\xe1I\xcb\xc4\xba\xea\xaf\x82\x12\xdf\x17\xaeN\x1e'
11E8E149-CBC4-BAEA-AF82-12DF17AE4E1E,2010-ncaa-d1-natl,ncaa,228,174,323,220,333,247,221,181,250,179,135,261,244,247,238,240,277,222,326,222,264,186,226,268,291,249,261,223,248,57,38,232,277,147,137,232,226,55,92,168,188,146,41,18,,,199,291,,,158,295,109,168,155,105,26,95,31,206,189,231,138,136,34,39,11,95,19,164,168,120,20,,311,,,157,39,16,45,46,6,40,27,165,133,257,194,239,290,11,289,325,81,80,64,76,88,326,254,315,239,277,102,38,157,137,79,284,226,165,155,83,127,22,16,,,288,284,,,158,44,193,134,168,168,71,173,48,147,251,228,309,328,328,262,275,319,256,301,195,123,184,49,,180,,,b'\x11\xe8\xe1I\xcb\xc4\xba\xea\xaf\x82\x12\xdf\x17\xaeN\x1e'
11E8E149-CBC4-BAEA-AF82-12DF17AE4E1E,2011-ncaa-d0-natl,ncaa,323,242,341,319,341,335,327,331,298,310,291,299,323,319,292,261,322,326,199,323,294,332,338,309,314,293,263,264,153,208,56,340,317,334,245,332,267,18,207,273,154,31,341,322,,,91,329,,,288,340,89,26,214,194,40,139,30,272,232,179,176,174,48,31,13,310,127,253,263,22,323,,338,,,309,15,10,3,327,16,4,310,43,18,317,99,187,184,185,181,333,3,4,327,332,300,237,118,314,18,317,6,56,6,245,94,325,279,60,206,35,192,153,242,,,340,295,,,288,4,262,307,305,318,268,121,258,161,199,118,335,335,335,230,291,268,275,289,323,45,238,315,,195,,,b'\x11\xe8\xe1I\xcb\xc4\xba\xea\xaf\x82\x12\xdf\x17\xaeN\x1e'
11E8E149-CBC4-BAEA-AF82-12DF17AE4E1E,2011-ncaa-d1-conf-C-USA,ncaa,12,12,8,12,9,11,11,7,12,9,6,12,10,10,11,10,9,11,4,11,11,9,8,12,12,11,10,9,8,4,3,12,12,9,12,11,10,7,9,11,2,1,12,11,,,9,11,,,12,9,8,3,11,10,6,9,4,10,10,9,11,11,7,5,3,12,9,11,9,1,11,,11,,,12,7,5,2,12,8,4,12,4,2,11,4,9,9,7,9,9,3,4,12,12,12,4,3,10,6,12,7,3,8,12,12,12,3,1,8,8,9,10,11,,,12,12,,,12,5,11,11,11,10,9,2,10,6,5,4,11,9,9,4,7,7,11,11,12,1,9,11,,12,,,b'\x11\xe8\xe1I\xcb\xc4\xba\xea\xaf\x82\x12\xdf\x17\xaeN\x1e'
11E8E149-CBC4-BAEA-AF82-12DF17AE4E1E,2011-ncaa-d1-conf-CUSA,ncaa,12,12,8,12,9,11,11,7,12,9,6,12,10,10,11,10,9,11,4,11,11,9,8,12,12,11,10,9,8,4,3,12,12,9,12,11,10,7,9,11,2,1,12,11,,,9,11,,,12,9,8,3,11,10,6,9,4,10,10,9,11,11,7,5,3,12,9,11,9,1,11,,11,,,12,7,5,2,12,8,4,12,4,2,11,4,9,9,7,9,9,3,4,12,12,12,4,3,10,6,12,7,3,8,12,12,12,3,1,8,8,9,10,11,,,12,12,,,12,5,11,11,11,10,9,2,10,6,5,4,11,9,9,4,7,7,11,11,12,1,9,11,,12,,,b'\x11\xe8\xe1I\xcb\xc4\xba\xea\xaf\x82\x12\xdf\x17\xaeN\x1e'
11E8E149-CBC4-BAEA-AF82-12DF17AE4E1E,2011-ncaa-d1-natl,ncaa,321,262,341,319,341,319,310,307,301,278,225,303,307,299,292,261,308,304,244,304,298,310,322,310,317,294,270,263,174,128,45,341,319,326,237,320,274,42,176,267,111,29,337,321,,,140,321,,,283,338,73,34,198,175,26,124,19,255,218,191,159,155,32,23,4,307,98,248,259,21,324,,337,,,296,35,15,3,323,27,4,296,69,21,328,102,225,237,137,236,334,4,4,326,333,279,256,128,314,49,319,20,45,17,237,153,331,199,43,185,53,163,214,240,,,335,298,,,283,6,255,286,290,315,246,107,239,147,207,117,332,335,335,218,299,276,298,305,326,27,225,322,,186,,,b'\x11\xe8\xe1I\xcb\xc4\xba\xea\xaf\x82\x12\xdf\x17\xaeN\x1e'
11E8E149-CBC4-BAEA-AF82-12DF17AE4E1E,2012-ncaa-d0-natl,ncaa,198,153,292,191,312,273,257,256,239,198,176,237,297,286,288,269,208,172,274,163,157,244,247,267,268,266,273,273,106,146,107,222,56,190,85,301,297,125,209,285,135,71,267,238,,,110,245,,,157,282,133,262,209,198,147,128,80,279,264,150,99,86,128,103,85,106,69,285,230,79,243,,225,,,157,26,19,30,103,21,36,78,128,96,231,197,103,97,147,93,219,31,44,124,136,92,273,245,239,27,56,86,107,41,85,114,303,173,73,137,127,180,173,170,,,217,147,,,157,55,250,69,161,106,91,96,66,89,190,171,183,189,180,111,152,84,212,152,217,90,205,231,,113,,,b'\x11\xe8\xe1I\xcb\xc4\xba\xea\xaf\x82\x12\xdf\x17\xaeN\x1e'
11E8E149-CBC4-BAEA-AF82-12DF17AE4E1E,2012-ncaa-d1-conf-C-USA,ncaa,6,6,9,6,11,8,8,10,6,7,8,6,9,8,9,9,9,9,8,9,6,10,9,7,8,5,8,9,9,10,8,5,3,6,4,9,11,8,8,10,5,3,11,11,,,2,5,,,6,9,6,7,5,6,6,7,7,9,7,9,8,8,5,6,7,2,5,9,10,3,11,,5,,,6,3,3,3,4,2,3,5,6,7,6,11,4,2,9,2,4,3,4,5,5,6,6,9,4,3,3,4,8,4,4,6,10,8,6,8,6,7,5,8,,,9,7,,,6,4,6,5,6,6,6,7,4,3,8,10,5,4,4,6,8,4,8,6,8,7,8,7,,7,,,b'\x11\xe8\xe1I\xcb\xc4\xba\xea\xaf\x82\x12\xdf\x17\xaeN\x1e'
11E8E149-CBC4-BAEA-AF82-12DF17AE4E1E,2012-ncaa-d1-conf-CUSA,ncaa,6,6,9,6,11,8,8,10,6,7,8,6,9,8,9,9,9,9,8,9,6,10,9,7,8,5,8,9,9,10,8,5,3,6,4,9,11,8,8,10,5,3,11,11,,,2,5,,,6,9,6,7,5,6,6,7,7,9,7,9,8,8,5,6,7,2,5,9,10,3,11,,5,,,6,3,3,3,4,2,3,5,6,7,6,11,4,2,9,2,4,3,4,5,5,6,6,9,4,3,3,4,8,4,4,6,10,8,6,8,6,7,5,8,,,9,7,,,6,4,6,5,6,6,6,7,4,3,8,10,5,4,4,6,8,4,8,6,8,7,8,7,,7,,,b'\x11\xe8\xe1I\xcb\xc4\xba\xea\xaf\x82\x12\xdf\x17\xaeN\x1e'
11E8E149-CBC4-BAEA-AF82-12DF17AE4E1E,2012-ncaa-d1-natl,ncaa,208,153,325,198,337,286,278,282,250,221,200,248,300,294,287,269,231,186,274,176,154,275,279,275,274,271,270,271,105,168,112,253,61,220,93,313,298,107,212,288,154,74,274,240,,,88,249,,,169,311,136,262,212,206,155,132,85,277,265,149,101,89,132,106,89,109,76,291,231,86,247,,227,,,168,17,15,18,114,11,23,83,117,79,235,198,93,93,150,89,225,13,23,129,144,100,270,244,241,19,61,65,112,25,93,101,305,199,76,144,107,182,165,177,,,243,144,,,169,27,256,78,171,111,97,98,69,92,192,171,187,195,187,113,150,85,219,155,223,95,203,233,,113,,,b'\x11\xe8\xe1I\xcb\xc4\xba\xea\xaf\x82\x12\xdf\x17\xaeN\x1e'
11E8E149-CBC4-BAEA-AF82-12DF17AE4E1E,2013-ncaa-d0-natl,ncaa,149,197,41,170,52,106,122,89,184,121,87,207,148,155,137,203,51,29,266,27,51,73,73,188,188,161,144,186,75,180,289,55,73,89,216,166,244,197,120,179,90,132,276,309,,,282,204,,,163,55,101,225,147,185,172,180,157,184,193,72,41,41,140,166,247,90,168,231,120,128,303,,218,,,162,277,292,286,236,285,269,246,227,236,147,190,164,225,17,224,153,285,286,225,197,186,98,167,95,175,73,333,289,314,216,275,183,93,145,186,156,101,277,226,,,63,96,,,163,293,177,141,160,196,230,193,240,181,182,195,109,158,160,186,201,100,312,254,214,152,107,243,,99,,,b'\x11\xe8\xe1I\xcb\xc4\xba\xea\xaf\x82\x12\xdf\x17\xaeN\x1e'
11E8E149-CBC4-BAEA-AF82-12DF17AE4E1E,2013-ncaa-d1-conf-C-USA,ncaa,1,4,1,4,2,2,2,4,4,3,2,6,5,6,3,8,1,1,9,1,1,3,3,4,2,3,3,6,1,9,12,2,4,3,8,6,7,9,7,6,4,5,7,10,,,11,7,,,6,2,7,11,8,9,11,11,11,6,9,1,1,1,9,10,12,3,9,7,3,7,9,,6,,,6,10,11,12,5,11,12,6,9,9,7,7,7,7,5,7,4,11,11,6,5,7,5,7,4,8,4,12,12,12,8,11,8,3,8,8,8,3,12,12,,,2,2,,,6,11,6,5,5,4,7,4,6,7,5,7,2,2,2,4,3,3,10,5,8,8,2,11,,5,,,b'\x11\xe8\xe1I\xcb\xc4\xba\xea\xaf\x82\x12\xdf\x17\xaeN\x1e'
11E8E149-CBC4-BAEA-AF82-12DF17AE4E1E,2013-ncaa-d1-conf-CUSA,ncaa,1,4,1,4,2,2,2,4,4,3,2,6,5,6,3,8,1,1,9,1,1,3,3,4,2,3,3,6,1,9,12,2,4,3,8,6,7,9,7,6,4,5,7,10,,,11,7,,,6,2,7,11,8,9,11,11,11,6,9,1,1,1,9,10,12,3,9,7,3,7,9,,6,,,6,10,11,12,5,11,12,6,9,9,7,7,7,7,5,7,4,11,11,6,5,7,5,7,4,8,4,12,12,12,8,11,8,3,8,8,8,3,12,12,,,2,2,,,6,11,6,5,5,4,7,4,6,7,5,7,2,2,2,4,3,3,10,5,8,8,2,11,,5,,,b'\x11\xe8\xe1I\xcb\xc4\xba\xea\xaf\x82\x12\xdf\x17\xaeN\x1e'
11E8E149-CBC4-BAEA-AF82-12DF17AE4E1E,2013-ncaa-d1-natl,ncaa,135,196,27,162,36,83,90,63,180,98,62,201,134,139,147,203,44,22,267,21,56,51,46,182,182,150,152,190,80,149,285,38,65,61,212,141,235,199,98,157,54,97,284,315,,,288,185,,,140,35,90,233,133,161,152,167,142,182,191,74,42,41,119,155,234,81,148,221,105,99,310,,198,,,141,286,303,299,225,295,287,233,242,256,151,203,161,226,17,224,139,298,302,219,180,153,104,183,88,178,65,337,285,320,212,276,174,64,115,155,162,88,289,215,,,48,126,,,140,315,166,120,138,184,225,187,222,180,183,198,93,147,148,176,200,88,317,256,210,121,102,246,,110,,,b'\x11\xe8\xe1I\xcb\xc4\xba\xea\xaf\x82\x12\xdf\x17\xaeN\x1e'
11E8E149-CBC4-BAEA-AF82-12DF17AE4E1E,2013-ncaa-d1-ncaatournament,ncaa,33,2,33,33,35,42,40,45,44,36,38,41,53,54,48,41,45,45,36,45,41,47,55,46,46,39,43,39,32,52,49,55,19,53,49,63,64,1,2,29,33,11,63,63,,,5,16,,,43,56,48,7,38,36,21,30,19,45,37,39,37,36,28,50,41,55,50,63,1,14,63,,8,,,47,16,24,10,61,22,11,60,17,15,52,21,7,13,8,13,23,7,4,58,56,59,14,24,13,7,19,18,49,10,49,10,17,55,39,47,2,3,23,43,,,57,55,,,43,8,38,57,49,45,55,13,53,26,29,18,15,21,21,11,7,8,49,32,32,48,2,46,,56,,,b'\x11\xe8\xe1I\xcb\xc4\xba\xea\xaf\x82\x12\xdf\x17\xaeN\x1e'
11E8E149-CBC4-BAEA-AF82-12DF17AE4E1E,2014-ncaa-d0-natl,ncaa,221,173,297,212,316,222,205,268,98,187,206,145,202,245,61,212,256,234,261,226,218,260,275,107,140,140,214,176,243,244,193,264,151,269,177,204,182,83,171,145,233,207,342,338,,,102,196,,,193,273,98,174,120,89,120,108,113,156,199,214,170,165,121,131,186,162,175,124,184,193,341,,215,,,198,118,115,73,244,81,35,268,240,231,234,300,117,118,159,116,242,68,73,279,268,255,275,278,143,74,151,85,193,57,177,110,144,219,165,174,177,248,101,133,,,225,118,,,193,76,154,242,195,268,255,217,198,100,308,305,207,197,196,225,234,162,211,198,207,146,263,172,,105,,,b'\x11\xe8\xe1I\xcb\xc4\xba\xea\xaf\x82\x12\xdf\x17\xaeN\x1e'
11E8E149-CBC4-BAEA-AF82-12DF17AE4E1E,2014-ncaa-d1-conf-C-USA,ncaa,11,9,10,11,12,9,5,12,3,7,9,7,7,13,1,11,13,11,14,11,11,12,12,3,5,5,11,8,15,14,11,14,11,15,12,8,9,4,6,6,14,13,15,15,,,8,12,,,11,12,6,6,4,3,7,5,6,7,12,12,9,9,8,7,11,11,14,6,6,13,15,,9,,,11,9,7,5,13,5,3,13,13,11,10,13,11,10,13,10,13,7,5,14,14,16,13,13,13,6,11,5,11,4,12,8,9,14,11,11,11,14,4,6,,,8,4,,,11,5,7,16,11,14,13,9,7,3,14,13,13,11,12,11,10,10,9,8,11,10,14,6,,4,,,b'\x11\xe8\xe1I\xcb\xc4\xba\xea\xaf\x82\x12\xdf\x17\xaeN\x1e'
11E8E149-CBC4-BAEA-AF82-12DF17AE4E1E,2014-ncaa-d1-conf-CUSA,ncaa,11,9,10,11,12,9,5,12,3,7,9,7,7,13,1,11,13,11,14,11,11,12,12,3,5,5,11,8,15,14,11,14,11,15,12,8,9,4,6,6,14,13,15,15,,,8,12,,,11,12,6,6,4,3,7,5,6,7,12,12,9,9,8,7,11,11,14,6,6,13,15,,9,,,11,9,7,5,13,5,3,13,13,11,10,13,11,10,13,10,13,7,5,14,14,16,13,13,13,6,11,5,11,4,12,8,9,14,11,11,11,14,4,6,,,8,4,,,11,5,7,16,11,14,13,9,7,3,14,13,13,11,12,11,10,10,9,8,11,10,14,6,,4,,,b'\x11\xe8\xe1I\xcb\xc4\xba\xea\xaf\x82\x12\xdf\x17\xaeN\x1e'
11E8E149-CBC4-BAEA-AF82-12DF17AE4E1E,2014-ncaa-d1-natl,ncaa,230,171,333,220,337,243,227,290,104,201,223,151,208,257,62,211,268,253,262,247,218,285,303,113,146,149,212,176,241,259,197,285,159,286,184,227,183,71,174,151,242,210,344,339,,,89,199,,,204,303,99,172,125,96,125,112,113,156,199,216,172,169,128,137,193,169,182,132,186,193,342,,215,,,209,100,97,48,250,59,19,278,234,214,241,300,107,106,161,105,240,48,40,284,278,266,274,280,145,58,159,65,197,38,184,103,142,241,170,180,167,250,96,140,,,249,119,,,204,43,162,257,206,275,259,220,201,99,309,305,208,200,201,230,230,162,216,202,213,150,264,176,,106,,,b'\x11\xe8\xe1I\xcb\xc4\xba\xea\xaf\x82\x12\xdf\x17\xaeN\x1e'
11E8E149-CBC4-BAEA-AF82-12DF17AE4E1E,2015-ncaa-d0-natl,ncaa,116,131,79,128,94,96,85,138,64,111,170,62,103,131,64,132,163,173,122,175,197,144,124,60,63,93,153,125,247,289,304,165,113,229,262,66,72,270,244,126,54,52,344,344,,,149,81,,,184,79,109,222,126,109,227,148,237,115,143,209,244,245,235,218,311,237,309,74,222,58,343,,100,,,184,294,317,246,316,313,227,331,247,231,201,230,95,85,208,88,74,226,252,321,304,244,72,193,33,121,113,252,304,211,262,212,79,88,91,117,306,290,286,282,,,155,212,,,184,272,150,212,185,241,297,171,300,151,223,210,72,68,70,121,178,66,179,121,173,97,273,275,,234,,,b'\x11\xe8\xe1I\xcb\xc4\xba\xea\xaf\x82\x12\xdf\x17\xaeN\x1e'
11E8E149-CBC4-BAEA-AF82-12DF17AE4E1E,2015-ncaa-d1-conf-AAC,ncaa,4,3,7,3,8,6,6,10,3,7,10,3,5,9,3,6,4,5,4,5,4,10,10,3,3,4,3,5,7,11,10,10,3,10,7,4,3,6,8,5,4,4,11,11,,,3,5,,,6,7,1,5,4,4,9,5,9,5,7,4,4,4,8,8,11,7,10,2,8,4,11,,5,,,6,5,9,3,10,8,1,10,6,5,7,9,5,3,11,3,5,1,2,10,10,8,5,5,5,1,3,4,10,2,7,3,2,5,3,3,8,9,7,7,,,6,4,,,6,5,5,7,6,7,9,5,8,4,8,7,5,4,5,4,4,1,6,3,5,3,10,7,,4,,,b'\x11\xe8\xe1I\xcb\xc4\xba\xea\xaf\x82\x12\xdf\x17\xaeN\x1e'
11E8E149-CBC4-BAEA-AF82-12DF17AE4E1E,2015-ncaa-d1-natl,ncaa,129,130,97,140,118,119,103,172,66,132,194,69,114,140,69,131,186,204,123,204,196,184,153,66,67,99,150,122,242,304,306,190,122,272,272,77,74,255,249,136,60,56,344,344,,,115,81,,,199,99,115,217,132,125,239,156,241,117,143,213,246,247,245,222,314,248,313,76,226,59,343,,102,,,199,279,307,213,324,300,195,333,235,218,209,229,84,74,213,76,74,197,224,326,308,259,72,185,33,98,122,225,306,179,272,197,79,103,96,132,299,295,280,292,,,180,209,,,199,252,159,235,203,255,299,174,302,151,223,210,76,69,72,127,175,68,183,128,186,100,274,274,,234,,,b'\x11\xe8\xe1I\xcb\xc4\xba\xea\xaf\x82\x12\xdf\x17\xaeN\x1e'
11E8E149-CBC4-BAEA-AF82-12DF17AE4E1E,2016-ncaa-d0-natl,ncaa,221,249,114,242,148,177,136,114,186,136,138,165,142,121,225,132,320,301,309,298,323,149,161,187,244,196,239,137,335,293,337,110,55,188,278,198,263,104,100,150,150,161,340,344,,,226,214,,,246,116,125,212,208,136,110,145,151,160,128,329,319,319,166,214,311,103,232,215,89,165,341,,209,,,243,250,278,234,265,300,231,287,147,181,96,156,168,167,149,171,133,224,203,253,232,266,71,104,110,74,55,330,337,284,278,192,101,235,247,232,115,117,318,301,,,253,301,,,246,224,244,227,246,238,264,214,284,221,141,179,161,157,165,214,161,64,330,266,176,256,108,312,,300,,,b'\x11\xe8\xe1I\xcb\xc4\xba\xea\xaf\x82\x12\xdf\x17\xaeN\x1e'
11E8E149-CBC4-BAEA-AF82-12DF17AE4E1E,2016-ncaa-d1-conf-AAC,ncaa,6,6,3,6,6,7,7,7,6,8,8,6,5,5,8,3,11,10,10,10,10,7,8,6,7,7,6,4,10,10,11,7,4,8,10,8,7,5,4,7,4,5,11,11,,,7,8,,,6,6,7,6,8,8,8,8,8,5,5,11,10,10,8,9,11,7,10,9,4,5,11,,6,,,6,6,7,5,6,10,6,10,1,3,1,2,4,6,2,5,5,4,3,6,6,6,2,1,4,5,4,11,11,8,10,2,1,5,5,3,5,7,9,8,,,8,8,,,6,5,7,5,7,6,7,4,10,7,1,3,4,5,5,3,4,3,10,8,2,6,5,8,,9,,,b'\x11\xe8\xe1I\xcb\xc4\xba\xea\xaf\x82\x12\xdf\x17\xaeN\x1e'
11E8E149-CBC4-BAEA-AF82-12DF17AE4E1E,2016-ncaa-d1-natl,ncaa,234,249,142,247,179,207,157,144,197,163,173,180,154,132,229,130,327,312,307,311,322,184,200,194,250,201,236,136,333,313,338,136,58,226,285,219,266,77,104,157,174,174,342,344,,,202,214,,,259,156,127,199,219,151,116,158,155,162,127,329,319,319,173,221,313,109,243,224,93,175,341,,211,,,257,232,258,203,275,292,209,296,134,166,101,158,155,149,153,153,133,195,157,260,238,279,68,101,110,56,58,320,338,267,285,172,102,256,257,240,96,124,313,303,,,280,299,,,259,183,249,238,261,242,270,215,294,225,146,176,166,159,168,218,160,67,331,277,186,260,109,312,,300,,,b'\x11\xe8\xe1I\xcb\xc4\xba\xea\xaf\x82\x12\xdf\x17\xaeN\x1e'
11E8E149-CBC4-BAEA-AF82-12DF17AE4E1E,2017-ncaa-d0-natl,ncaa,255,283,116,267,145,159,140,95,224,173,141,237,103,93,147,105,285,306,99,304,331,133,157,202,220,185,152,84,307,259,322,117,156,181,292,195,260,109,92,159,324,337,308,330,,,259,234,,,294,120,113,209,184,158,82,197,163,97,93,304,324,322,147,193,281,117,218,216,87,331,315,,253,,,288,316,307,273,291,331,304,280,95,84,156,32,315,309,210,310,211,288,228,252,270,321,50,25,239,204,156,329,322,315,292,233,77,308,336,312,189,182,216,201,,,237,293,,,294,227,218,316,290,312,312,281,333,323,79,75,307,300,305,305,223,189,335,301,209,328,171,207,,288,,,b'\x11\xe8\xe1I\xcb\xc4\xba\xea\xaf\x82\x12\xdf\x17\xaeN\x1e'
11E8E149-CBC4-BAEA-AF82-12DF17AE4E1E,2017-ncaa-d1-conf-AAC,ncaa,9,9,3,9,3,4,5,4,8,7,8,7,4,3,9,3,6,7,4,7,6,4,5,7,8,7,3,4,5,8,9,4,5,5,6,7,9,6,4,6,10,10,11,11,,,9,9,,,9,3,5,5,5,6,3,9,8,4,3,5,6,6,3,5,7,4,5,10,4,10,11,,9,,,9,11,11,9,10,11,11,8,6,4,9,2,10,10,8,10,9,11,9,10,10,11,4,2,9,6,5,11,9,10,6,9,4,11,11,10,7,7,8,10,,,8,10,,,9,8,6,10,9,10,10,11,10,11,3,3,10,10,10,11,7,3,10,9,7,10,7,8,,9,,,b'\x11\xe8\xe1I\xcb\xc4\xba\xea\xaf\x82\x12\xdf\x17\xaeN\x1e'
11E8E149-CBC4-BAEA-AF82-12DF17AE4E1E,2017-ncaa-d1-natl,ncaa,269,282,144,279,180,191,170,123,234,204,178,244,114,104,149,103,299,319,99,318,330,167,200,209,232,196,147,83,307,286,323,143,165,219,296,218,260,78,96,166,334,338,318,332,,,245,239,,,301,157,120,197,190,168,91,207,166,101,94,308,325,323,158,201,289,128,233,222,90,333,316,,253,,,300,311,300,250,304,329,299,288,75,59,166,30,306,294,215,299,209,275,192,264,280,326,46,21,238,179,165,321,323,297,296,216,81,327,338,315,167,186,209,208,,,269,290,,,301,188,224,322,299,319,318,281,338,327,86,70,307,302,310,309,220,192,335,305,216,332,174,209,,289,,,b'\x11\xe8\xe1I\xcb\xc4\xba\xea\xaf\x82\x12\xdf\x17\xaeN\x1e'
11E8E149-CBC4-BAEA-AF82-12DF17AE4E1E,2018-ncaa-d0-natl,ncaa,245,263,164,255,224,216,204,159,269,180,107,298,227,235,181,247,204,246,95,248,304,175,208,277,274,234,232,219,165,223,272,153,224,182,257,318,339,60,80,250,235,240,237,261,,,254,279,,,227,198,158,278,230,201,119,164,79,222,233,202,235,240,132,190,216,136,167,328,78,233,240,,266,,,226,157,128,148,155,215,238,132,47,44,131,26,292,327,16,326,298,194,157,104,111,184,99,32,298,228,224,279,272,273,257,100,92,256,263,201,104,127,233,191,,,270,281,,,227,138,239,204,236,182,159,156,231,271,48,55,296,322,321,240,187,253,300,295,113,254,124,246,,274,,,b'\x11\xe8\xe1I\xcb\xc4\xba\xea\xaf\x82\x12\xdf\x17\xaeN\x1e'
11E8E149-CBC4-BAEA-AF82-12DF17AE4E1E,2018-ncaa-d1-conf-AAC,ncaa,10,11,3,11,8,7,8,7,8,7,6,10,6,7,6,8,5,7,5,7,6,7,8,10,8,7,5,7,3,11,12,5,8,7,10,11,12,4,4,11,7,10,8,8,,,11,11,,,7,6,4,10,8,8,7,6,7,6,7,6,6,6,7,10,11,5,9,12,4,9,9,,10,,,7,8,6,7,6,7,10,5,3,1,8,1,11,11,1,11,11,10,8,6,6,8,4,2,11,10,8,10,12,10,10,4,3,9,10,6,7,7,9,5,,,10,8,,,7,5,8,8,7,8,6,6,7,9,2,1,11,11,11,10,9,9,9,9,4,10,6,9,,9,,,b'\x11\xe8\xe1I\xcb\xc4\xba\xea\xaf\x82\x12\xdf\x17\xaeN\x1e'
11E8E149-CBC4-BAEA-AF82-12DF17AE4E1E,2018-ncaa-d1-natl,ncaa,262,278,144,273,201,231,218,154,276,183,101,297,238,240,214,252,221,257,82,260,310,180,212,288,284,244,240,226,163,240,287,162,235,204,275,326,339,73,88,253,237,249,235,265,,,252,273,,,240,188,166,279,249,223,127,170,90,236,240,212,247,255,156,221,237,147,192,329,86,243,243,,262,,,238,173,149,164,145,221,245,134,50,56,111,36,299,324,24,325,297,226,173,107,113,189,109,38,299,249,235,284,287,282,275,118,117,257,266,219,128,152,237,190,,,270,266,,,240,146,251,215,246,189,166,170,234,269,55,62,300,324,323,246,191,263,298,295,129,261,139,243,,271,,,b'\x11\xe8\xe1I\xcb\xc4\xba\xea\xaf\x82\x12\xdf\x17\xaeN\x1e'
11E8E149-CBC4-BAEA-AF82-12DF17AE4E1E,2019-ncaa-d0-natl,ncaa,200,224,114,217,160,247,228,124,312,204,78,330,245,228,250,255,256,211,315,207,285,138,146,316,325,301,249,219,219,150,245,173,134,162,234,191,133,152,135,180,167,168,312,329,,,174,186,,,256,153,192,223,294,276,127,238,83,254,246,285,226,223,152,179,154,207,182,221,127,182,322,,165,,,253,159,212,170,235,263,225,220,70,69,154,59,107,153,33,150,119,165,175,205,174,171,36,69,112,111,134,323,245,278,234,74,33,152,150,86,191,166,305,255,,,172,185,,,256,192,292,147,255,135,190,117,249,232,66,53,104,139,139,109,117,99,315,266,69,169,168,303,,184,,,b'\x11\xe8\xe1I\xcb\xc4\xba\xea\xaf\x82\x12\xdf\x17\xaeN\x1e'
11E8E149-CBC4-BAEA-AF82-12DF17AE4E1E,2019-ncaa-d1-conf-AAC,ncaa,6,7,4,7,6,9,8,6,9,7,5,10,7,6,6,7,6,4,10,4,6,5,6,9,11,8,6,7,4,9,12,4,3,6,9,6,5,5,5,5,5,5,12,12,,,7,6,,,9,5,6,7,9,9,5,9,6,7,7,7,5,5,5,8,8,5,7,7,5,7,12,,4,,,8,9,10,6,10,10,6,12,4,4,5,6,3,5,1,5,4,4,4,10,10,8,2,5,3,1,3,11,12,10,9,2,1,7,7,2,6,7,11,11,,,3,3,,,9,8,9,6,8,6,8,5,9,6,4,4,3,4,4,4,2,1,11,8,2,9,7,10,,5,,,b'\x11\xe8\xe1I\xcb\xc4\xba\xea\xaf\x82\x12\xdf\x17\xaeN\x1e'
11E8E149-CBC4-BAEA-AF82-12DF17AE4E1E,2019-ncaa-d1-natl,ncaa,222,224,155,227,213,279,265,168,317,245,107,333,264,254,253,256,279,236,319,234,282,187,204,322,329,305,246,218,215,185,251,215,143,200,245,226,134,114,140,189,201,177,322,330,,,144,190,,,267,215,204,220,301,290,142,247,89,265,251,287,231,229,167,191,164,217,198,232,129,191,327,,169,,,266,125,182,115,253,242,193,235,54,47,163,54,92,132,36,130,118,113,113,224,187,189,33,65,111,74,143,309,251,245,245,59,36,198,160,99,161,176,298,259,,,209,180,,,267,128,302,166,266,149,209,122,257,235,66,51,108,149,146,111,114,104,318,272,74,182,175,307,,185,,,b'\x11\xe8\xe1I\xcb\xc4\xba\xea\xaf\x82\x12\xdf\x17\xaeN\x1e'
11E8E149-CBC4-BAEA-AF82-12DF17AE4E1E,2020-ncaa-d0-natl,ncaa,276,289,87,286,124,276,255,202,293,206,153,283,268,241,307,223,267,251,270,254,260,221,193,303,311,307,262,238,188,289,325,207,279,251,322,137,37,266,262,204,58,74,158,185,,,269,225,,,302,135,142,135,312,294,251,237,176,281,249,284,264,268,267,242,298,237,296,149,242,58,170,,244,,,300,230,232,209,204,244,239,175,177,127,248,98,210,264,36,267,226,229,258,209,182,155,146,141,190,284,279,325,325,322,322,164,109,91,123,99,291,297,331,326,,,251,270,,,302,234,322,183,296,213,217,185,221,220,163,120,197,245,247,209,257,269,316,315,142,99,288,327,,272,,,b'\x11\xe8\xe1I\xcb\xc4\xba\xea\xaf\x82\x12\xdf\x17\xaeN\x1e'
11E8E149-CBC4-BAEA-AF82-12DF17AE4E1E,2020-ncaa-d1-conf-AAC,ncaa,12,11,9,12,10,12,12,12,10,11,10,11,9,9,11,7,9,11,8,11,9,12,12,11,11,11,8,8,6,12,12,8,8,11,11,8,2,6,9,7,3,3,9,10,,,8,9,,,12,12,7,2,12,12,11,10,6,9,9,9,11,11,12,12,12,5,11,7,7,2,9,,10,,,12,6,6,5,5,7,5,5,7,6,10,6,7,7,1,7,8,4,5,6,6,8,7,7,7,8,8,11,12,9,11,3,3,8,8,4,8,9,12,12,,,11,6,,,12,1,11,9,12,7,7,6,7,6,10,8,7,8,8,8,10,10,11,10,3,7,9,12,,10,,,b'\x11\xe8\xe1I\xcb\xc4\xba\xea\xaf\x82\x12\xdf\x17\xaeN\x1e'
11E8E149-CBC4-BAEA-AF82-12DF17AE4E1E,2020-ncaa-d1-natl,ncaa,289,289,128,291,186,307,293,246,305,239,183,291,282,254,308,224,284,268,273,270,258,264,245,311,318,311,261,236,184,307,328,242,284,287,330,162,38,248,270,212,74,78,168,187,,,252,233,,,310,175,146,128,322,305,258,244,180,283,251,288,265,271,269,249,303,243,302,161,243,70,169,,253,,,308,216,216,175,217,227,211,192,164,110,259,95,198,245,42,247,229,190,219,216,193,177,146,140,189,268,284,312,328,310,330,149,112,114,130,108,287,302,328,326,,,271,266,,,310,194,329,206,304,220,228,187,230,224,163,118,206,249,250,214,257,275,319,318,148,109,289,327,,272,,,b'\x11\xe8\xe1I\xcb\xc4\xba\xea\xaf\x82\x12\xdf\x17\xaeN\x1e'
11E8E149-CBC4-BAEA-AF82-12DF17AE4E1E,2021-ncaa-d0-natl,ncaa,265,250,248,283,260,282,281,229,329,289,234,333,206,199,228,144,288,270,305,268,273,245,267,320,327,296,103,86,235,244,300,261,250,266,324,251,106,37,37,107,105,27,275,282,,,71,89,,,281,266,212,121,305,306,95,306,144,160,129,289,260,257,133,231,204,248,249,229,28,29,270,,110,,,282,91,106,87,235,122,111,196,90,65,239,88,81,95,74,99,137,82,84,217,188,146,85,121,119,118,250,231,300,191,324,121,190,197,95,136,44,55,167,220,,,278,272,,,281,83,299,158,275,160,192,138,226,210,132,80,118,150,159,123,166,223,338,334,204,90,47,241,,289,,,b'\x11\xe8\xe1I\xcb\xc4\xba\xea\xaf\x82\x12\xdf\x17\xaeN\x1e'
11E8E149-CBC4-BAEA-AF82-12DF17AE4E1E,2021-ncaa-d1-conf-AAC,ncaa,8,11,5,9,5,7,6,3,10,8,6,10,4,3,5,3,8,8,10,8,9,5,6,10,10,9,2,2,11,9,11,6,6,7,11,7,6,3,1,2,3,5,9,10,,,6,5,,,10,5,8,3,10,10,4,10,7,3,3,10,10,10,4,10,10,9,10,10,1,4,10,,3,,,9,8,8,7,11,7,7,8,10,7,11,7,5,7,3,7,5,7,7,11,10,9,7,8,3,6,6,11,11,11,11,6,2,6,5,6,3,1,8,7,,,8,9,,,10,7,10,9,9,9,10,5,8,6,9,7,4,4,4,4,3,4,11,11,6,5,1,7,,9,,,b'\x11\xe8\xe1I\xcb\xc4\xba\xea\xaf\x82\x12\xdf\x17\xaeN\x1e'
11E8E149-CBC4-BAEA-AF82-12DF17AE4E1E,2021-ncaa-d1-natl,ncaa,277,250,259,288,265,289,289,244,332,290,245,335,213,205,229,143,294,279,305,276,272,254,277,322,329,300,101,86,235,259,303,267,256,275,325,264,107,34,38,109,118,31,282,286,,,63,90,,,286,274,216,118,309,308,102,311,145,160,132,289,262,260,137,235,208,250,259,237,29,33,271,,111,,,288,85,98,80,242,114,105,201,86,60,244,84,75,87,73,90,138,73,76,226,200,157,81,117,120,110,256,214,303,174,325,114,191,216,101,137,41,55,159,224,,,286,272,,,286,72,306,173,285,166,201,138,232,216,130,77,122,151,160,128,164,225,339,335,210,96,46,245,,291,,,b'\x11\xe8\xe1I\xcb\xc4\xba\xea\xaf\x82\x12\xdf\x17\xaeN\x1e'
11E8E149-CBC4-BAEA-AF82-12DF17AE4E1E,2022-ncaa-d0-natl,ncaa,139,87,260,117,262,169,164,214,93,253,281,127,50,84,18,40,287,319,33,316,282,244,289,47,54,35,44,22,320,301,301,276,303,301,323,120,82,9,27,22,146,106,157,154,,,132,218,,,112,281,245,24,81,79,101,216,263,20,43,269,305,304,164,258,289,254,302,53,16,106,125,,234,,,105,100,110,107,191,158,177,161,58,41,212,48,171,173,185,164,170,108,100,164,172,185,92,80,235,230,303,161,301,180,323,128,167,229,183,185,10,29,208,288,,,312,260,,,112,83,51,226,99,200,208,198,249,289,95,66,230,239,235,215,225,297,271,297,186,165,22,265,,295,,,b'\x11\xe8\xe1I\xcb\xc4\xba\xea\xaf\x82\x12\xdf\x17\xaeN\x1e'
11E8E149-CBC4-BAEA-AF82-12DF17AE4E1E,2022-ncaa-d1-conf-AAC,ncaa,8,5,11,8,11,8,8,11,3,11,11,3,1,1,3,1,11,11,3,11,8,11,11,1,2,2,1,1,11,11,11,11,10,11,11,8,4,1,2,1,6,5,11,11,,,4,6,,,7,11,5,5,2,3,3,10,11,1,1,11,11,11,6,10,11,10,11,4,1,5,11,,7,,,9,5,6,2,11,7,5,11,3,3,7,4,3,2,10,2,5,2,2,11,11,11,1,3,4,7,10,8,11,7,11,3,3,7,4,5,1,1,2,5,,,11,6,,,7,1,3,11,7,11,11,9,11,10,5,5,7,6,6,8,10,10,11,11,7,5,1,4,,10,,,b'\x11\xe8\xe1I\xcb\xc4\xba\xea\xaf\x82\x12\xdf\x17\xaeN\x1e'
11E8E149-CBC4-BAEA-AF82-12DF17AE4E1E,2022-ncaa-d1-natl,ncaa,135,87,270,117,270,177,172,212,96,248,288,128,50,82,23,45,292,320,33,318,283,239,300,53,61,31,46,24,322,303,288,287,295,313,315,116,74,5,17,13,150,109,163,160,,,123,211,,,113,290,260,22,80,73,91,211,261,22,43,273,305,299,154,263,284,265,304,46,12,110,130,,212,,,109,114,131,95,221,172,164,180,71,43,236,55,158,156,187,147,163,93,86,191,199,208,90,83,207,207,295,161,288,173,315,134,160,239,185,191,8,27,226,295,,,316,267,,,113,69,45,237,102,204,214,184,255,276,100,67,221,227,225,192,199,275,268,278,192,182,20,277,,297,,,b'\x11\xe8\xe1I\xcb\xc4\xba\xea\xaf\x82\x12\xdf\x17\xaeN\x1e'
11E8E149-CBC4-BAEA-AF82-12DF17AE4E1E,2023-ncaa-d0-natl,ncaa,135,117,164,132,222,120,146,159,136,302,348,44,7,7,83,2,251,261,179,254,49,176,194,46,63,76,4,3,322,300,321,83,240,149,266,67,21,109,133,56,301,328,49,71,,,169,132,,,108,157,96,291,87,116,128,319,357,3,2,250,261,255,164,196,311,38,124,34,129,307,31,,185,,,107,177,206,295,39,221,311,44,127,194,59,116,165,196,85,184,84,291,228,30,33,97,100,132,176,334,240,265,321,315,266,108,75,314,345,268,132,164,2,46,,,236,244,,,108,201,102,152,109,200,219,345,240,354,129,206,183,211,197,342,301,337,289,325,122,324,162,2,,230,,,b'\x11\xe8\xe1I\xcb\xc4\xba\xea\xaf\x82\x12\xdf\x17\xaeN\x1e'
11E8E149-CBC4-BAEA-AF82-12DF17AE4E1E,2023-ncaa-d1-conf-AAC,ncaa,7,6,5,8,9,5,8,10,4,11,11,2,1,1,2,1,9,10,1,10,1,10,10,2,2,2,1,1,10,11,11,7,11,11,11,3,1,5,8,2,10,10,7,7,,,4,4,,,9,7,4,8,2,8,10,11,11,1,1,7,11,11,10,10,11,6,11,2,7,10,7,,4,,,9,10,10,10,9,11,11,7,9,8,10,5,5,4,7,4,1,10,8,9,9,9,2,7,1,11,11,8,11,9,11,9,4,11,11,11,4,7,1,3,,,9,7,,,9,5,3,11,9,11,11,11,11,11,10,9,6,5,5,11,10,11,9,11,11,11,6,1,,8,,,b'\x11\xe8\xe1I\xcb\xc4\xba\xea\xaf\x82\x12\xdf\x17\xaeN\x1e'
11E8E149-CBC4-BAEA-AF82-12DF17AE4E1E,2023-ncaa-d1-natl,ncaa,151,117,219,139,293,148,181,210,141,329,357,47,8,8,87,2,270,280,178,274,48,230,255,48,65,79,2,3,322,325,328,109,251,187,278,76,21,77,136,62,326,333,55,72,,,142,137,,,134,218,100,291,94,131,142,328,358,4,2,254,264,259,181,204,316,38,140,37,129,317,32,,191,,,131,152,168,280,46,194,300,50,107,164,65,112,150,179,93,164,88,266,183,33,35,118,100,128,176,328,251,236,328,297,278,93,76,341,347,276,116,167,2,51,,,261,238,,,134,141,113,174,134,212,233,347,246,355,137,206,194,217,207,344,300,339,293,327,136,329,162,2,,226,,,b'\x11\xe8\xe1I\xcb\xc4\xba\xea\xaf\x82\x12\xdf\x17\xaeN\x1e'
11E8E149-CBC4-BAEA-AF82-12DF17AE4E1E,2024-ncaa-d0-natl,ncaa,34,57,13,53,22,42,58,43,105,152,224,71,7,5,61,15,78,56,267,57,23,38,28,54,70,80,11,9,234,225,325,12,188,34,238,62,124,308,163,121,164,295,21,54,,,342,167,,,101,14,59,249,72,108,145,278,336,12,12,148,118,122,124,133,308,26,105,102,180,251,25,,245,,,106,340,338,351,45,344,355,49,204,283,44,83,315,304,297,303,85,354,349,36,42,117,91,75,221,353,188,351,325,356,238,114,7,148,316,113,243,111,73,103,,,12,54,,,101,347,119,146,112,223,234,343,276,347,100,165,228,207,198,335,305,311,294,319,34,266,127,25,,54,,,b'\x11\xe8\xe1I\xcb\xc4\xba\xea\xaf\x82\x12\xdf\x17\xaeN\x1e'
11E8E149-CBC4-BAEA-AF82-12DF17AE4E1E,2024-ncaa-d1-conf-AAC,ncaa,2,1,8,2,13,6,12,12,5,13,14,3,1,1,2,1,8,8,10,7,1,12,11,3,3,3,1,1,9,14,14,5,9,11,12,7,4,6,9,6,8,7,2,3,,,6,5,,,3,8,1,13,3,8,11,13,14,1,1,5,6,6,10,9,14,3,9,5,7,7,2,,7,,,3,5,6,8,3,9,12,3,4,4,3,4,8,6,13,6,4,7,7,3,2,4,4,5,9,11,9,8,14,11,12,1,1,8,8,3,7,9,1,10,,,5,2,,,3,5,4,6,3,6,8,12,12,13,4,6,9,7,7,12,13,12,11,13,1,8,9,2,,3,,,b'\x11\xe8\xe1I\xcb\xc4\xba\xea\xaf\x82\x12\xdf\x17\xaeN\x1e'
11E8E149-CBC4-BAEA-AF82-12DF17AE4E1E,2024-ncaa-d1-natl,ncaa,39,57,16,55,28,54,74,52,116,185,260,80,10,8,61,15,91,66,269,67,23,49,40,58,76,86,11,10,227,254,331,12,207,49,254,73,126,293,176,133,201,309,22,59,,,330,179,,,126,20,66,247,85,119,157,293,340,13,14,153,123,125,140,142,312,27,120,117,186,263,26,,253,,,130,335,334,350,56,342,357,59,194,265,51,81,308,291,301,288,89,354,348,44,52,134,89,74,225,351,207,351,331,356,254,90,9,180,324,134,221,124,63,116,,,19,47,,,126,341,127,171,137,244,251,346,295,349,109,173,237,214,204,340,308,316,301,327,37,279,132,27,,53,,,b'\x11\xe8\xe1I\xcb\xc4\xba\xea\xaf\x82\x12\xdf\x17\xaeN\x1e'
11E8E149-CBC4-BAEA-AF82-12DF17AE4E1E,2025-ncaa-d0-natl,genius_ncaa,133,147,90,143,95,110,119,76,230,212,213,192,28,16,177,28,177,164,239,162,117,78,69,175,187,182,39,29,248,152,268,60,190,82,250,87,60,289,181,144,40,60,77,116,,,323,227,,120,137,57,29,120,117,136,61,260,270,31,14,218,195,194,76,60,180,59,88,83,232,39,85,,300,,98,137,235,232,294,74,226,317,29,231,196,273,87,221,267,43,256,139,297,310,71,65,58,192,194,193,299,190,347,268,333,250,176,101,48,89,65,205,141,44,70,,,99,188,,64,137,309,203,67,135,189,183,293,172,321,196,135,186,229,220,292,334,272,340,327,128,54,172,39,,112,,68,b'\x11\xe8\xe1I\xcb\xc4\xba\xea\xaf\x82\x12\xdf\x17\xaeN\x1e'
11E8E149-CBC4-BAEA-AF82-12DF17AE4E1E,2025-ncaa-d1-conf-AAC,genius_ncaa,5,5,7,5,8,5,8,9,6,11,12,7,1,1,2,1,11,11,8,11,4,10,9,2,3,2,1,1,13,12,11,6,4,10,8,3,1,8,8,2,2,1,8,7,,,8,8,,2,6,7,2,7,4,6,5,11,12,1,1,11,10,10,7,6,12,5,9,1,9,1,8,,11,,4,5,2,4,4,7,4,7,5,5,2,10,4,5,5,11,5,4,4,5,6,6,5,4,6,7,2,4,10,11,7,8,6,6,3,2,3,5,6,1,2,,,8,6,,6,6,8,7,4,5,6,8,8,10,10,8,5,6,5,5,8,9,4,10,9,7,2,5,1,,6,,5,b'\x11\xe8\xe1I\xcb\xc4\xba\xea\xaf\x82\x12\xdf\x17\xaeN\x1e'
11E8E149-CBC4-BAEA-AF82-12DF17AE4E1E,2025-ncaa-d1-natl,genius_ncaa,145,147,113,151,118,127,136,91,240,244,243,199,33,22,177,29,200,180,241,178,118,95,87,184,193,193,37,28,242,182,276,75,198,108,261,99,63,262,189,151,54,70,80,123,,,307,238,,108,150,78,35,113,127,150,66,276,277,33,16,219,193,193,78,63,197,63,98,90,236,46,90,,304,,104,150,209,206,280,83,199,310,32,216,172,282,90,206,249,43,236,141,285,292,81,79,68,191,195,190,288,198,342,276,329,261,160,103,64,101,78,188,144,39,74,,,117,179,,65,150,291,217,80,146,197,198,295,179,323,203,134,195,233,223,300,334,275,341,329,143,60,173,41,,106,,63,b'\x11\xe8\xe1I\xcb\xc4\xba\xea\xaf\x82\x12\xdf\x17\xaeN\x1e'
11E8E149-CBC4-BAEA-AF82-12DF17AE4E1E,2026-ncaa-d0-natl,genius_ncaa,87,80,116,95,120,97,128,152,119,157,203,122,67,79,82,95,28,36,63,37,15,129,105,95,67,106,30,105,41,93,61,111,67,104,40,100,92,305,249,181,108,123,61,53,,,304,287,,305,71,112,43,41,55,125,161,190,254,57,72,15,21,21,95,42,92,74,68,87,300,103,50,,315,,303,65,194,159,208,79,147,234,56,214,180,243,127,277,255,283,258,224,211,244,97,126,83,272,194,298,117,67,140,61,123,40,47,14,60,63,15,190,115,197,212,,,33,23,,27,71,262,98,68,65,151,104,178,99,224,171,125,264,244,241,198,290,79,74,56,24,49,160,181,,9,,35,b'\x11\xe8\xe1I\xcb\xc4\xba\xea\xaf\x82\x12\xdf\x17\xaeN\x1e'
11E8E149-CBC4-BAEA-AF82-12DF17AE4E1E,2026-ncaa-d1-natl,genius_ncaa,110,80,177,113,181,142,190,231,144,231,271,147,92,118,90,96,40,57,60,59,11,190,162,115,73,124,25,103,31,142,76,163,72,158,55,148,93,270,273,214,161,161,76,57,,,269,298,,292,108,171,51,31,75,167,189,232,272,62,77,14,21,22,121,55,109,91,84,106,307,132,54,,323,,313,100,152,117,149,111,107,173,70,163,124,275,119,246,217,290,221,233,157,181,125,160,124,271,193,294,70,72,83,76,69,55,28,14,99,85,21,147,126,173,235,,,51,20,,38,108,207,118,99,99,185,137,186,125,239,194,127,280,254,255,211,287,85,78,64,32,68,169,202,,10,,29,b'\x11\xe8\xe1I\xcb\xc4\xba\xea\xaf\x82\x12\xdf\x17\xaeN\x1e'
11E8E149-CBC9-0866-AF82-12DF17AE4E1E,2010-ncaa-d0-natl,ncaa,125,145,81,145,83,154,135,79,246,153,97,270,107,116,116,159,234,188,312,190,271,87,115,230,266,210,166,102,280,89,195,146,139,113,217,256,327,94,59,213,199,235,274,286,,,336,340,,,191,127,230,27,210,166,84,192,126,119,133,284,223,223,111,179,121,203,153,299,60,244,288,,329,,,191,237,142,141,188,197,187,194,63,87,108,51,340,344,113,344,338,209,218,153,212,195,215,40,342,167,139,325,195,295,217,186,233,137,155,156,81,72,124,86,,,61,51,,,191,223,194,179,191,173,73,39,141,109,43,46,331,332,332,135,141,122,301,255,138,168,73,101,,63,,,b'\x11\xe8\xe1I\xcb\xc9\x08f\xaf\x82\x12\xdf\x17\xaeN\x1e'
11E8E149-CBC9-0866-AF82-12DF17AE4E1E,2010-ncaa-d1-conf-C-USA,ncaa,2,6,1,6,1,4,2,1,10,4,1,10,2,2,3,4,7,7,10,6,9,1,1,9,8,6,7,2,11,2,7,2,3,1,4,11,12,7,3,10,9,10,8,8,,,12,12,,,5,3,11,4,8,8,6,9,8,5,4,11,10,10,6,11,5,5,8,12,1,10,8,,12,,,5,11,6,9,4,7,8,7,5,7,2,3,12,12,7,12,12,11,10,4,6,6,8,3,12,5,3,12,7,12,4,10,11,3,6,7,2,1,9,8,,,2,3,,,5,11,7,4,5,2,1,2,3,1,1,2,12,12,12,2,2,2,9,5,5,9,1,9,,4,,,b'\x11\xe8\xe1I\xcb\xc9\x08f\xaf\x82\x12\xdf\x17\xaeN\x1e'
11E8E149-CBC9-0866-AF82-12DF17AE4E1E,2010-ncaa-d1-conf-CUSA,ncaa,2,6,1,6,1,4,2,1,10,4,1,10,2,2,3,4,7,7,10,6,9,1,1,9,8,6,7,2,11,2,7,2,3,1,4,11,12,7,3,10,9,10,8,8,,,12,12,,,5,3,11,4,8,8,6,9,8,5,4,11,10,10,6,11,5,5,8,12,1,10,8,,12,,,5,11,6,9,4,7,8,7,5,7,2,3,12,12,7,12,12,11,10,4,6,6,8,3,12,5,3,12,7,12,4,10,11,3,6,7,2,1,9,8,,,2,3,,,5,11,7,4,5,2,1,2,3,1,1,2,12,12,12,2,2,2,9,5,5,9,1,9,,4,,,b'\x11\xe8\xe1I\xcb\xc9\x08f\xaf\x82\x12\xdf\x17\xaeN\x1e'
11E8E149-CBC9-0866-AF82-12DF17AE4E1E,2010-ncaa-d1-natl,ncaa,132,145,91,149,93,166,144,83,251,166,104,274,112,122,119,158,246,193,313,194,273,95,127,234,272,211,165,104,279,94,203,159,144,127,226,276,327,79,59,215,221,242,281,288,,,334,340,,,199,138,229,26,212,173,88,198,132,121,132,282,226,225,114,179,126,206,157,307,58,245,291,,329,,,198,230,124,124,193,186,166,203,51,76,110,52,338,343,115,343,339,195,199,157,218,205,215,40,341,149,144,321,203,288,226,178,233,155,161,161,73,72,119,88,,,68,51,,,199,211,196,190,194,174,76,41,145,111,42,48,331,332,332,136,138,119,302,259,142,177,73,105,,62,,,b'\x11\xe8\xe1I\xcb\xc9\x08f\xaf\x82\x12\xdf\x17\xaeN\x1e'
11E8E149-CBC9-0866-AF82-12DF17AE4E1E,2011-ncaa-d0-natl,ncaa,85,154,15,132,19,110,105,63,220,169,119,240,45,38,102,82,207,106,339,107,127,62,68,186,225,187,81,47,289,34,83,183,220,84,194,245,332,144,74,236,53,54,111,90,,,317,312,,,92,99,328,236,248,241,230,278,268,86,94,308,210,210,237,297,88,327,263,322,41,102,157,,216,,,100,164,93,115,122,88,123,101,153,136,238,134,297,321,34,321,321,174,244,136,160,87,286,172,307,210,220,315,83,301,194,107,171,40,34,36,48,20,138,112,,,48,81,,,92,240,147,80,102,24,10,1,15,8,83,41,206,247,248,4,14,77,147,109,28,118,14,73,,164,,,b'\x11\xe8\xe1I\xcb\xc9\x08f\xaf\x82\x12\xdf\x17\xaeN\x1e'
11E8E149-CBC9-0866-AF82-12DF17AE4E1E,2011-ncaa-d1-conf-C-USA,ncaa,7,7,4,7,7,9,10,10,10,11,11,10,2,2,7,1,10,9,10,9,6,11,11,9,9,8,1,1,11,7,8,11,6,10,10,12,12,2,5,9,7,4,3,1,,,6,12,,,4,11,12,9,10,11,11,12,12,3,2,10,10,10,11,12,6,11,12,12,3,7,3,,7,,,4,1,1,1,3,1,1,3,5,3,10,7,6,8,3,8,12,1,2,5,5,2,11,8,11,2,6,6,8,3,10,1,8,7,2,1,1,2,2,7,,,9,4,,,4,2,9,2,5,1,1,1,1,1,4,3,6,8,8,1,1,2,7,4,1,7,2,2,,9,,,b'\x11\xe8\xe1I\xcb\xc9\x08f\xaf\x82\x12\xdf\x17\xaeN\x1e'
11E8E149-CBC9-0866-AF82-12DF17AE4E1E,2011-ncaa-d1-conf-CUSA,ncaa,7,7,4,7,7,9,10,10,10,11,11,10,2,2,7,1,10,9,10,9,6,11,11,9,9,8,1,1,11,7,8,11,6,10,10,12,12,2,5,9,7,4,3,1,,,6,12,,,4,11,12,9,10,11,11,12,12,3,2,10,10,10,11,12,6,11,12,12,3,7,3,,7,,,4,1,1,1,3,1,1,3,5,3,10,7,6,8,3,8,12,1,2,5,5,2,11,8,11,2,6,6,8,3,10,1,8,7,2,1,1,2,2,7,,,9,4,,,4,2,9,2,5,1,1,1,1,1,4,3,6,8,8,1,1,2,7,4,1,7,2,2,,9,,,b'\x11\xe8\xe1I\xcb\xc9\x08f\xaf\x82\x12\xdf\x17\xaeN\x1e'
11E8E149-CBC9-0866-AF82-12DF17AE4E1E,2011-ncaa-d1-natl,ncaa,90,152,16,134,22,126,119,71,225,184,134,243,51,46,103,81,221,119,338,121,125,72,82,189,233,190,80,47,285,39,87,207,222,99,199,258,332,127,80,238,62,58,119,93,,,314,314,,,103,113,328,238,254,245,233,283,270,86,98,308,214,213,242,297,94,327,265,325,40,111,161,,219,,,108,141,78,93,131,76,106,105,142,123,240,132,292,317,37,318,323,147,222,140,164,98,285,167,311,199,222,307,87,287,199,91,171,46,38,39,38,22,130,119,,,55,75,,,103,222,152,87,110,25,10,1,17,9,87,41,204,247,249,4,14,77,147,114,30,121,14,75,,164,,,b'\x11\xe8\xe1I\xcb\xc9\x08f\xaf\x82\x12\xdf\x17\xaeN\x1e'
11E8E149-CBC9-0866-AF82-12DF17AE4E1E,2012-ncaa-d0-natl,ncaa,106,73,163,84,198,278,302,252,319,324,294,308,141,98,266,64,203,139,313,133,25,229,274,299,300,262,34,62,88,128,123,293,144,229,175,290,225,29,72,203,76,21,47,17,,,144,293,,,78,309,331,189,297,320,260,331,306,129,76,200,121,116,244,295,108,307,231,300,40,57,37,,161,,,71,3,6,7,47,8,17,35,12,13,104,41,81,134,11,134,284,5,26,37,38,8,164,68,293,40,144,161,123,100,175,16,225,78,10,13,22,57,30,109,,,181,57,,,78,33,217,9,70,3,4,1,7,13,12,11,95,154,155,2,9,38,194,124,23,52,30,41,,156,,,b'\x11\xe8\xe1I\xcb\xc9\x08f\xaf\x82\x12\xdf\x17\xaeN\x1e'
11E8E149-CBC9-0866-AF82-12DF17AE4E1E,2012-ncaa-d1-conf-C-USA,ncaa,4,3,3,4,5,10,11,9,10,12,12,9,5,3,11,2,6,6,6,6,3,9,10,9,9,9,1,2,4,7,9,12,10,12,10,11,9,1,3,7,2,2,3,2,,,6,10,,,4,11,12,7,11,11,12,12,12,4,3,7,9,9,12,12,8,12,12,11,1,2,3,,7,,,4,1,1,1,7,1,1,6,2,2,4,2,5,5,8,5,7,1,3,4,6,1,3,2,9,4,10,9,9,7,10,3,8,1,1,1,1,1,1,2,,,7,5,,,4,2,7,2,4,1,1,1,1,1,2,2,4,5,5,1,1,3,9,7,3,1,1,1,,10,,,b'\x11\xe8\xe1I\xcb\xc9\x08f\xaf\x82\x12\xdf\x17\xaeN\x1e'
11E8E149-CBC9-0866-AF82-12DF17AE4E1E,2012-ncaa-d1-conf-CUSA,ncaa,4,3,3,4,5,10,11,9,10,12,12,9,5,3,11,2,6,6,6,6,3,9,10,9,9,9,1,2,4,7,9,12,10,12,10,11,9,1,3,7,2,2,3,2,,,6,10,,,4,11,12,7,11,11,12,12,12,4,3,7,9,9,12,12,8,12,12,11,1,2,3,,7,,,4,1,1,1,7,1,1,6,2,2,4,2,5,5,8,5,7,1,3,4,6,1,3,2,9,4,10,9,9,7,10,3,8,1,1,1,1,1,1,2,,,7,5,,,4,2,7,2,4,1,1,1,1,1,2,2,4,5,5,1,1,3,9,7,3,1,1,1,,10,,,b'\x11\xe8\xe1I\xcb\xc9\x08f\xaf\x82\x12\xdf\x17\xaeN\x1e'
11E8E149-CBC9-0866-AF82-12DF17AE4E1E,2012-ncaa-d1-natl,ncaa,112,72,196,86,238,295,317,278,323,331,306,311,149,106,271,63,224,155,312,146,23,257,306,301,302,267,33,62,84,139,130,309,149,260,183,303,230,21,76,211,83,23,54,17,,,118,295,,,84,328,331,180,302,322,263,333,306,128,76,207,120,114,248,296,113,307,239,304,40,62,43,,165,,,76,1,3,2,50,3,9,38,9,7,115,44,70,121,10,121,284,1,10,41,44,8,161,67,292,29,149,134,130,65,183,13,229,91,11,15,16,56,27,114,,,197,52,,,84,15,226,9,72,3,4,1,7,13,12,11,97,159,161,2,9,37,195,126,23,58,31,41,,155,,,b'\x11\xe8\xe1I\xcb\xc9\x08f\xaf\x82\x12\xdf\x17\xaeN\x1e'
11E8E149-CBC9-0866-AF82-12DF17AE4E1E,2013-ncaa-d0-natl,ncaa,113,105,120,113,131,167,161,164,153,131,147,146,230,219,244,225,128,99,249,94,109,154,172,175,187,162,233,236,124,176,196,218,299,210,267,192,218,116,126,152,25,15,106,96,,,219,215,,,83,170,219,68,180,170,193,132,145,241,223,131,93,87,170,210,188,257,237,213,106,17,103,,220,,,77,47,48,114,44,90,184,55,30,68,29,77,198,221,95,224,218,135,205,31,40,18,121,58,278,275,299,211,196,254,267,19,28,48,35,6,136,150,104,94,,,93,54,,,83,172,155,31,83,45,39,74,84,146,30,63,201,218,229,88,189,272,199,250,16,38,133,109,,77,,,b'\x11\xe8\xe1I\xcb\xc9\x08f\xaf\x82\x12\xdf\x17\xaeN\x1e'
11E8E149-CBC9-0866-AF82-12DF17AE4E1E,2013-ncaa-d1-conf-C-USA,ncaa,7,4,6,5,7,10,9,10,6,9,11,3,11,11,9,9,8,8,11,7,5,10,11,8,9,9,9,9,8,11,9,12,11,11,11,9,8,2,8,7,3,2,3,2,,,4,8,,,4,11,11,2,10,8,9,6,8,11,10,8,8,7,10,11,9,12,11,9,4,3,2,,7,,,4,1,1,1,1,1,2,2,2,2,3,2,8,8,9,8,9,1,4,1,1,1,9,3,10,10,11,6,9,7,11,1,3,4,2,1,2,7,5,6,,,5,1,,,4,2,9,1,4,1,1,2,2,5,2,2,9,9,9,2,7,10,8,10,1,1,3,5,,4,,,b'\x11\xe8\xe1I\xcb\xc9\x08f\xaf\x82\x12\xdf\x17\xaeN\x1e'
11E8E149-CBC9-0866-AF82-12DF17AE4E1E,2013-ncaa-d1-conf-CUSA,ncaa,7,4,6,5,7,10,9,10,6,9,11,3,11,11,9,9,8,8,11,7,5,10,11,8,9,9,9,9,8,11,9,12,11,11,11,9,8,2,8,7,3,2,3,2,,,4,8,,,4,11,11,2,10,8,9,6,8,11,10,8,8,7,10,11,9,12,11,9,4,3,2,,7,,,4,1,1,1,1,1,2,2,2,2,3,2,8,8,9,8,9,1,4,1,1,1,9,3,10,10,11,6,9,7,11,1,3,4,2,1,2,7,5,6,,,5,1,,,4,2,9,1,4,1,1,2,2,5,2,2,9,9,9,2,7,10,8,10,1,1,3,5,,4,,,b'\x11\xe8\xe1I\xcb\xc9\x08f\xaf\x82\x12\xdf\x17\xaeN\x1e'
11E8E149-CBC9-0866-AF82-12DF17AE4E1E,2013-ncaa-d1-natl,ncaa,121,104,136,117,151,183,176,188,161,141,163,153,236,225,244,225,138,109,251,106,109,178,198,181,192,169,228,235,117,198,200,240,302,231,273,204,221,100,129,160,30,17,109,97,,,205,219,,,95,189,220,65,190,179,194,140,150,242,223,129,95,89,174,214,193,264,244,219,109,18,105,,220,,,89,36,36,86,46,81,156,58,25,57,30,75,192,213,99,216,218,104,185,32,41,20,119,58,282,263,302,192,200,236,273,14,30,55,39,8,130,153,98,98,,,102,50,,,95,149,157,38,93,48,42,75,87,150,30,64,203,219,229,91,187,274,203,253,17,38,135,109,,79,,,b'\x11\xe8\xe1I\xcb\xc9\x08f\xaf\x82\x12\xdf\x17\xaeN\x1e'
11E8E149-CBC9-0866-AF82-12DF17AE4E1E,2014-ncaa-d0-natl,ncaa,148,150,131,158,145,151,117,163,78,123,169,89,139,162,79,161,265,278,171,274,300,191,177,83,102,130,219,140,304,224,203,88,123,134,131,153,201,205,212,174,239,245,46,58,,,113,97,,,112,164,196,122,166,98,172,129,175,135,169,284,299,296,223,215,245,61,138,158,202,238,39,,103,,,110,118,139,223,71,153,243,52,162,156,176,138,91,105,137,100,64,207,187,64,51,88,133,191,121,215,123,131,203,166,131,93,92,215,241,158,206,225,240,227,,,296,329,,,112,173,152,101,114,107,140,244,153,259,155,148,91,95,92,209,167,199,126,153,88,235,209,240,,320,,,b'\x11\xe8\xe1I\xcb\xc9\x08f\xaf\x82\x12\xdf\x17\xaeN\x1e'
11E8E149-CBC9-0866-AF82-12DF17AE4E1E,2014-ncaa-d1-conf-C-USA,ncaa,9,8,5,9,6,7,4,9,4,7,11,5,5,6,2,6,14,15,4,15,13,11,11,2,2,4,7,6,16,16,14,7,9,10,8,4,7,11,13,7,13,14,2,4,,,5,3,,,8,6,11,5,8,6,10,9,12,4,6,14,16,16,15,13,16,4,12,4,12,14,2,,4,,,8,8,10,13,7,10,14,3,11,8,12,8,4,4,15,4,3,11,11,6,5,9,9,10,4,13,9,6,14,8,8,7,3,12,13,8,13,15,11,12,,,16,16,,,8,8,9,9,9,8,9,14,9,12,11,8,4,4,4,12,9,12,3,7,5,12,11,12,,16,,,b'\x11\xe8\xe1I\xcb\xc9\x08f\xaf\x82\x12\xdf\x17\xaeN\x1e'
11E8E149-CBC9-0866-AF82-12DF17AE4E1E,2014-ncaa-d1-conf-CUSA,ncaa,9,8,5,9,6,7,4,9,4,7,11,5,5,6,2,6,14,15,4,15,13,11,11,2,2,4,7,6,16,16,14,7,9,10,8,4,7,11,13,7,13,14,2,4,,,5,3,,,8,6,11,5,8,6,10,9,12,4,6,14,16,16,15,13,16,4,12,4,12,14,2,,4,,,8,8,10,13,7,10,14,3,11,8,12,8,4,4,15,4,3,11,11,6,5,9,9,10,4,13,9,6,14,8,8,7,3,12,13,8,13,15,11,12,,,16,16,,,8,8,9,9,9,8,9,14,9,12,11,8,4,4,4,12,9,12,3,7,5,12,11,12,,16,,,b'\x11\xe8\xe1I\xcb\xc9\x08f\xaf\x82\x12\xdf\x17\xaeN\x1e'
11E8E149-CBC9-0866-AF82-12DF17AE4E1E,2014-ncaa-d1-natl,ncaa,161,150,145,162,163,171,138,187,82,140,187,93,145,169,84,160,276,289,170,285,299,219,208,84,104,132,217,139,303,239,210,98,126,159,139,172,206,193,212,178,248,248,51,60,,,99,101,,,119,193,197,114,174,112,175,135,176,135,170,286,298,297,227,219,247,65,145,171,207,245,42,,102,,,117,100,127,205,78,138,229,55,148,141,183,137,86,94,139,90,64,183,156,70,56,98,131,191,121,191,126,110,210,146,139,83,94,237,245,165,198,225,231,230,,,314,327,,,119,143,159,108,121,110,145,245,156,265,153,146,94,95,92,210,166,200,130,156,93,244,210,240,,321,,,b'\x11\xe8\xe1I\xcb\xc9\x08f\xaf\x82\x12\xdf\x17\xaeN\x1e'
11E8E149-CBC9-0866-AF82-12DF17AE4E1E,2015-ncaa-d0-natl,ncaa,116,103,113,112,140,189,215,286,83,269,311,113,81,132,24,71,201,264,23,262,119,293,288,58,46,86,47,55,190,307,266,82,48,189,87,169,123,166,255,172,316,320,161,180,,,61,90,,,111,265,329,134,231,258,336,300,327,84,132,222,289,285,338,332,316,68,233,183,150,328,180,,42,,,111,66,101,166,74,125,214,64,92,112,113,121,48,61,76,69,59,129,88,66,42,122,78,139,97,89,48,58,266,55,87,73,94,303,295,240,139,210,119,234,,,228,127,,,111,95,120,111,104,41,83,126,113,195,80,89,48,65,68,78,22,63,40,36,65,320,138,107,,272,,,b'\x11\xe8\xe1I\xcb\xc9\x08f\xaf\x82\x12\xdf\x17\xaeN\x1e'
11E8E149-CBC9-0866-AF82-12DF17AE4E1E,2015-ncaa-d1-conf-C-USA,ncaa,5,4,4,5,7,8,9,14,3,13,14,6,2,4,1,3,11,12,1,11,6,14,14,1,1,3,1,1,10,13,12,3,3,10,4,6,4,7,13,6,13,13,7,6,,,4,7,,,3,12,14,13,11,11,14,14,14,3,4,11,14,14,14,14,14,3,13,6,4,13,7,,3,,,3,2,3,5,2,2,5,2,7,9,2,10,5,5,6,5,8,4,3,2,2,5,9,9,8,7,3,1,12,1,4,3,8,13,13,11,5,9,3,7,,,11,7,,,3,3,4,6,3,1,2,3,2,3,6,8,5,4,4,2,1,4,1,1,3,13,4,3,,11,,,b'\x11\xe8\xe1I\xcb\xc9\x08f\xaf\x82\x12\xdf\x17\xaeN\x1e'
11E8E149-CBC9-0866-AF82-12DF17AE4E1E,2015-ncaa-d1-conf-CUSA,ncaa,5,4,4,5,7,8,9,14,3,13,14,6,2,4,1,3,11,12,1,11,6,14,14,1,1,3,1,1,10,13,12,3,3,10,4,6,4,7,13,6,13,13,7,6,,,4,7,,,3,12,14,13,11,11,14,14,14,3,4,11,14,14,14,14,14,3,13,6,4,13,7,,3,,,3,2,3,5,2,2,5,2,7,9,2,10,5,5,6,5,8,4,3,2,2,5,9,9,8,7,3,1,12,1,4,3,8,13,13,11,5,9,3,7,,,11,7,,,3,3,4,6,3,1,2,3,2,3,6,8,5,4,4,2,1,4,1,1,3,13,4,3,,11,,,b'\x11\xe8\xe1I\xcb\xc9\x08f\xaf\x82\x12\xdf\x17\xaeN\x1e'
11E8E149-CBC9-0866-AF82-12DF17AE4E1E,2015-ncaa-d1-natl,ncaa,129,103,143,117,174,223,244,318,88,300,329,117,98,141,28,70,221,283,23,278,115,321,322,64,52,91,46,54,190,318,274,106,48,226,95,194,128,138,261,180,326,323,177,183,,,43,92,,,127,305,329,127,240,265,337,309,329,86,132,228,294,286,338,333,321,73,238,190,149,332,181,,44,,,128,43,72,130,78,100,185,70,74,88,118,119,37,50,77,57,60,91,47,69,47,131,78,138,97,67,48,37,274,33,95,57,92,318,299,245,126,216,103,242,,,259,121,,,127,50,129,121,121,45,86,127,120,201,84,86,50,66,70,81,22,66,45,40,68,323,140,112,,271,,,b'\x11\xe8\xe1I\xcb\xc9\x08f\xaf\x82\x12\xdf\x17\xaeN\x1e'
11E8E149-CBC9-0866-AF82-12DF17AE4E1E,2016-ncaa-d0-natl,ncaa,164,181,114,173,141,181,157,192,110,171,202,123,139,150,111,140,284,256,307,256,244,212,214,110,146,164,193,130,305,114,64,90,15,91,23,145,144,160,193,145,302,290,76,53,,,40,68,,,100,253,322,136,219,170,237,190,236,154,162,297,274,277,262,275,125,78,74,161,150,321,80,,26,,,98,51,87,148,93,77,106,114,182,223,100,281,16,20,52,22,50,103,71,98,57,109,149,264,33,15,15,64,64,31,23,90,128,287,252,212,63,89,197,217,,,221,208,,,100,98,137,79,95,35,76,98,59,71,179,217,13,20,20,51,22,12,48,30,81,311,65,183,,265,,,b'\x11\xe8\xe1I\xcb\xc9\x08f\xaf\x82\x12\xdf\x17\xaeN\x1e'
11E8E149-CBC9-0866-AF82-12DF17AE4E1E,2016-ncaa-d1-conf-C-USA,ncaa,8,8,4,8,7,11,10,10,10,11,9,10,5,7,6,5,11,11,11,11,11,12,11,8,10,11,7,5,12,5,4,5,1,3,2,10,5,10,11,8,14,13,1,1,,,1,2,,,7,12,14,7,12,12,9,11,9,5,7,12,11,11,12,13,6,3,6,10,7,14,1,,1,,,7,2,3,6,3,3,4,4,10,11,3,13,1,1,13,1,2,3,3,4,2,6,8,12,3,1,1,4,4,2,2,8,10,13,11,11,2,4,8,8,,,11,12,,,7,3,10,4,7,1,4,5,3,2,8,10,1,1,1,3,1,1,4,2,6,13,3,8,,12,,,b'\x11\xe8\xe1I\xcb\xc9\x08f\xaf\x82\x12\xdf\x17\xaeN\x1e'
11E8E149-CBC9-0866-AF82-12DF17AE4E1E,2016-ncaa-d1-conf-CUSA,ncaa,8,8,4,8,7,11,10,10,10,11,9,10,5,7,6,5,11,11,11,11,11,12,11,8,10,11,7,5,12,5,4,5,1,3,2,10,5,10,11,8,14,13,1,1,,,1,2,,,7,12,14,7,12,12,9,11,9,5,7,12,11,11,12,13,6,3,6,10,7,14,1,,1,,,7,2,3,6,3,3,4,4,10,11,3,13,1,1,13,1,2,3,3,4,2,6,8,12,3,1,1,4,4,2,2,8,10,13,11,11,2,4,8,8,,,11,12,,,7,3,10,4,7,1,4,5,3,2,8,10,1,1,1,3,1,1,4,2,6,13,3,8,,12,,,b'\x11\xe8\xe1I\xcb\xc9\x08f\xaf\x82\x12\xdf\x17\xaeN\x1e'
11E8E149-CBC9-0866-AF82-12DF17AE4E1E,2016-ncaa-d1-natl,ncaa,174,179,142,184,170,210,180,228,120,203,237,133,149,165,116,137,297,275,305,275,246,241,250,119,154,168,196,129,302,139,69,117,17,108,26,173,149,131,195,152,319,298,85,57,,,27,69,,,110,292,324,128,226,183,242,201,244,154,163,298,275,280,269,283,132,81,83,173,148,324,81,,26,,,110,27,69,106,102,62,76,123,167,207,105,277,14,15,53,17,50,61,30,113,63,125,146,259,33,11,17,37,69,14,26,73,130,311,264,218,46,90,188,227,,,246,204,,,110,60,144,90,108,39,86,99,68,69,181,214,15,21,21,50,20,12,50,31,82,315,65,193,,266,,,b'\x11\xe8\xe1I\xcb\xc9\x08f\xaf\x82\x12\xdf\x17\xaeN\x1e'
11E8E149-CBC9-0866-AF82-12DF17AE4E1E,2017-ncaa-d0-natl,ncaa,184,152,234,181,237,199,196,304,44,248,321,65,97,169,13,89,292,237,321,235,75,306,311,23,49,70,78,50,287,322,281,235,93,294,176,155,89,117,225,122,211,162,282,272,,,60,122,,,169,291,284,21,151,150,305,225,312,61,130,276,217,216,300,303,315,182,281,114,168,180,277,,91,,,169,101,141,77,257,145,84,275,167,155,202,230,61,62,151,67,140,60,50,272,239,255,133,211,94,41,93,49,281,32,176,163,202,257,213,241,69,150,187,291,,,229,83,,,169,71,103,233,153,186,213,139,204,117,207,199,93,99,108,106,79,75,96,73,215,239,101,219,,190,,,b'\x11\xe8\xe1I\xcb\xc9\x08f\xaf\x82\x12\xdf\x17\xaeN\x1e'
11E8E149-CBC9-0866-AF82-12DF17AE4E1E,2017-ncaa-d1-conf-C-USA,ncaa,10,8,9,10,9,11,11,13,4,12,14,8,4,7,2,4,12,12,13,12,4,13,13,2,4,7,3,1,12,13,12,7,2,12,6,9,4,7,11,9,8,6,9,9,,,1,6,,,9,14,13,2,11,11,14,13,14,3,6,13,13,12,14,14,13,7,12,9,9,7,8,,2,,,9,1,4,3,9,3,6,8,6,4,12,6,1,2,4,2,6,2,1,9,8,10,4,8,4,1,2,4,12,1,6,7,10,11,8,10,3,8,8,13,,,12,6,,,9,1,10,8,9,6,7,6,8,6,7,6,2,2,2,5,2,2,7,4,8,12,5,10,,12,,,b'\x11\xe8\xe1I\xcb\xc9\x08f\xaf\x82\x12\xdf\x17\xaeN\x1e'
11E8E149-CBC9-0866-AF82-12DF17AE4E1E,2017-ncaa-d1-conf-CUSA,ncaa,10,8,9,10,9,11,11,13,4,12,14,8,4,7,2,4,12,12,13,12,4,13,13,2,4,7,3,1,12,13,12,7,2,12,6,9,4,7,11,9,8,6,9,9,,,1,6,,,9,14,13,2,11,11,14,13,14,3,6,13,13,12,14,14,13,7,12,9,9,7,8,,2,,,9,1,4,3,9,3,6,8,6,4,12,6,1,2,4,2,6,2,1,9,8,10,4,8,4,1,2,4,12,1,6,7,10,11,8,10,3,8,8,13,,,12,6,,,9,1,10,8,9,6,7,6,8,6,7,6,2,2,2,5,2,2,7,4,8,12,5,10,,12,,,b'\x11\xe8\xe1I\xcb\xc9\x08f\xaf\x82\x12\xdf\x17\xaeN\x1e'
11E8E149-CBC9-0866-AF82-12DF17AE4E1E,2017-ncaa-d1-natl,ncaa,175,151,217,175,224,183,177,309,37,237,319,54,85,160,13,88,282,232,312,234,81,304,313,19,39,62,84,58,284,320,278,221,99,293,175,140,89,104,213,112,207,165,286,282,,,54,115,,,150,301,282,23,137,132,302,211,306,60,131,272,211,213,295,301,313,172,279,101,155,177,286,,89,,,148,108,139,89,242,143,94,252,166,148,201,215,72,66,165,79,139,70,44,242,224,237,128,202,108,53,99,41,278,27,175,158,202,250,217,233,64,141,191,288,,,231,90,,,150,59,86,222,130,177,205,145,204,131,196,190,98,102,113,120,84,97,92,73,201,237,92,219,,195,,,b'\x11\xe8\xe1I\xcb\xc9\x08f\xaf\x82\x12\xdf\x17\xaeN\x1e'
11E8E149-CBC9-0866-AF82-12DF17AE4E1E,2018-ncaa-d0-natl,ncaa,32,16,73,25,114,73,74,106,55,119,168,79,39,70,19,85,197,257,44,248,262,117,176,41,49,37,92,59,302,206,213,89,68,114,118,35,22,23,35,12,262,279,122,133,,,158,159,,,60,171,287,338,70,67,144,144,224,46,87,244,289,284,185,296,245,108,168,21,18,291,145,,108,,,61,173,183,207,127,183,212,137,172,186,151,173,169,192,95,191,168,210,168,130,114,188,164,187,169,126,68,184,213,156,118,83,44,247,255,181,29,37,313,307,,,183,160,,,60,175,34,176,60,99,119,111,118,135,143,140,140,149,149,98,49,89,129,97,62,288,26,286,,230,,,b'\x11\xe8\xe1I\xcb\xc9\x08f\xaf\x82\x12\xdf\x17\xaeN\x1e'
11E8E149-CBC9-0866-AF82-12DF17AE4E1E,2018-ncaa-d1-conf-C-USA,ncaa,1,1,1,1,4,2,2,2,4,4,6,4,2,2,1,4,8,10,1,10,12,2,3,2,2,2,5,4,14,7,12,1,3,2,4,1,1,2,2,1,11,11,3,4,,,9,7,,,2,1,7,12,2,2,4,7,10,2,4,11,13,13,5,9,10,4,6,1,2,12,4,,6,,,2,12,11,14,3,12,14,2,8,8,5,5,10,10,6,10,7,14,13,3,3,5,7,5,9,9,3,12,12,13,4,6,1,5,9,5,4,2,14,13,,,5,9,,,2,14,2,6,2,7,7,8,9,11,6,4,6,7,7,10,6,6,8,10,5,9,2,14,,10,,,b'\x11\xe8\xe1I\xcb\xc9\x08f\xaf\x82\x12\xdf\x17\xaeN\x1e'
11E8E149-CBC9-0866-AF82-12DF17AE4E1E,2018-ncaa-d1-conf-CUSA,ncaa,1,1,1,1,4,2,2,2,4,4,6,4,2,2,1,4,8,10,1,10,12,2,3,2,2,2,5,4,14,7,12,1,3,2,4,1,1,2,2,1,11,11,3,4,,,9,7,,,2,1,7,12,2,2,4,7,10,2,4,11,13,13,5,9,10,4,6,1,2,12,4,,6,,,2,12,11,14,3,12,14,2,8,8,5,5,10,10,6,10,7,14,13,3,3,5,7,5,9,9,3,12,12,13,4,6,1,5,9,5,4,2,14,13,,,5,9,,,2,14,2,6,2,7,7,8,9,11,6,4,6,7,7,10,6,6,8,10,5,9,2,14,,10,,,b'\x11\xe8\xe1I\xcb\xc9\x08f\xaf\x82\x12\xdf\x17\xaeN\x1e'
11E8E149-CBC9-0866-AF82-12DF17AE4E1E,2018-ncaa-d1-natl,ncaa,19,16,31,21,50,48,45,67,45,90,131,68,34,53,14,93,147,207,51,197,236,78,109,35,36,28,91,67,291,182,205,48,75,70,111,18,13,30,30,9,242,271,87,114,,,189,136,,,47,98,281,338,63,56,148,135,220,47,93,215,272,260,180,296,247,103,163,15,17,284,117,,94,,,49,223,219,273,99,215,265,99,205,217,162,171,186,204,108,203,150,272,244,103,97,157,176,193,166,183,75,222,205,218,111,100,53,209,238,158,27,30,321,300,,,124,140,,,47,254,28,144,47,90,106,120,106,146,144,136,126,138,140,103,57,100,111,98,61,271,20,283,,205,,,b'\x11\xe8\xe1I\xcb\xc9\x08f\xaf\x82\x12\xdf\x17\xaeN\x1e'
11E8E149-CBC9-0866-AF82-12DF17AE4E1E,2019-ncaa-d0-natl,ncaa,31,18,80,26,88,53,57,105,27,120,247,25,25,28,40,33,164,194,95,203,141,107,184,22,23,13,55,29,299,298,316,40,94,108,182,17,26,3,9,6,292,323,133,186,,,144,106,,,28,133,262,110,48,51,143,150,294,20,35,205,237,242,167,310,321,32,151,16,5,319,156,,96,,,26,142,181,278,54,246,308,73,56,150,14,83,116,180,17,183,92,274,237,32,24,68,38,53,133,252,94,265,316,271,182,16,2,273,310,89,7,16,127,177,,,148,117,,,28,232,18,78,24,77,119,246,201,293,36,101,93,141,142,234,136,193,203,208,10,312,7,100,,198,,,b'\x11\xe8\xe1I\xcb\xc9\x08f\xaf\x82\x12\xdf\x17\xaeN\x1e'
11E8E149-CBC9-0866-AF82-12DF17AE4E1E,2019-ncaa-d1-conf-C-USA,ncaa,2,2,3,2,4,3,3,4,3,9,11,2,1,2,2,2,10,11,2,11,8,6,12,2,2,1,2,2,13,13,13,2,10,7,9,2,1,1,1,1,12,12,2,3,,,6,6,,,3,6,10,5,2,3,6,9,12,2,2,9,13,13,8,12,13,2,10,1,1,12,2,,5,,,3,6,7,12,2,10,14,2,1,4,2,2,6,5,4,5,3,13,12,2,2,3,2,2,7,13,10,10,13,12,9,3,1,11,11,6,2,4,11,11,,,9,8,,,3,10,4,5,3,6,7,11,9,12,3,3,5,5,5,10,9,11,8,10,4,12,3,6,,8,,,b'\x11\xe8\xe1I\xcb\xc9\x08f\xaf\x82\x12\xdf\x17\xaeN\x1e'
11E8E149-CBC9-0866-AF82-12DF17AE4E1E,2019-ncaa-d1-conf-CUSA,ncaa,2,2,3,2,4,3,3,4,3,9,11,2,1,2,2,2,10,11,2,11,8,6,12,2,2,1,2,2,13,13,13,2,10,7,9,2,1,1,1,1,12,12,2,3,,,6,6,,,3,6,10,5,2,3,6,9,12,2,2,9,13,13,8,12,13,2,10,1,1,12,2,,5,,,3,6,7,12,2,10,14,2,1,4,2,2,6,5,4,5,3,13,12,2,2,3,2,2,7,13,10,10,13,12,9,3,1,11,11,6,2,4,11,11,,,9,8,,,3,10,4,5,3,6,7,11,9,12,3,3,5,5,5,10,9,11,8,10,4,12,3,6,,8,,,b'\x11\xe8\xe1I\xcb\xc9\x08f\xaf\x82\x12\xdf\x17\xaeN\x1e'
11E8E149-CBC9-0866-AF82-12DF17AE4E1E,2019-ncaa-d1-natl,ncaa,26,18,62,23,75,53,57,98,29,119,250,26,22,27,34,34,185,218,106,220,157,104,191,22,23,15,53,27,310,300,318,34,97,107,199,20,28,3,9,5,296,326,144,186,,,144,106,,,27,135,264,115,50,53,144,157,295,21,37,223,247,255,174,311,328,35,166,16,6,322,161,,97,,,27,149,193,282,60,253,310,79,60,162,16,90,122,185,20,188,96,282,233,37,32,77,38,55,132,257,97,279,318,288,199,15,2,276,310,98,6,16,125,176,,,155,124,,,27,224,21,96,25,86,130,244,207,288,40,117,96,148,148,233,136,203,213,219,12,311,7,101,,209,,,b'\x11\xe8\xe1I\xcb\xc9\x08f\xaf\x82\x12\xdf\x17\xaeN\x1e'
11E8E149-CBC9-0866-AF82-12DF17AE4E1E,2020-ncaa-d0-natl,ncaa,104,81,191,102,221,74,116,261,22,220,320,27,22,71,10,43,71,123,44,114,18,244,287,11,8,11,27,41,135,334,312,72,130,214,168,66,49,40,74,35,346,345,149,179,,,91,117,,,64,254,240,120,40,86,280,221,324,20,60,63,113,104,250,308,334,39,209,43,44,345,144,,116,,,62,162,192,225,128,244,251,152,88,134,42,110,145,171,86,169,133,221,118,94,90,221,73,84,161,205,130,88,312,118,168,26,1,336,339,217,145,212,74,193,,,49,6,,,64,100,22,242,59,193,225,275,256,291,99,159,168,195,195,274,144,219,98,147,31,339,164,83,,35,,,b'\x11\xe8\xe1I\xcb\xc9\x08f\xaf\x82\x12\xdf\x17\xaeN\x1e'
11E8E149-CBC9-0866-AF82-12DF17AE4E1E,2020-ncaa-d1-conf-C-USA,ncaa,5,5,1,5,6,3,6,12,2,9,13,3,1,4,1,3,5,10,1,9,5,12,12,2,2,1,2,2,7,13,12,1,3,8,7,2,2,3,6,1,14,14,5,6,,,3,4,,,2,9,12,11,5,8,12,10,13,1,4,7,10,9,12,14,13,3,10,3,2,14,5,,2,,,2,5,5,12,3,10,14,4,3,5,3,3,3,3,6,3,2,11,6,3,3,5,1,3,4,9,3,5,12,6,7,2,1,14,14,10,6,9,6,10,,,4,2,,,2,6,2,6,3,4,5,11,9,12,3,4,3,3,3,10,3,9,5,5,2,14,5,6,,6,,,b'\x11\xe8\xe1I\xcb\xc9\x08f\xaf\x82\x12\xdf\x17\xaeN\x1e'
11E8E149-CBC9-0866-AF82-12DF17AE4E1E,2020-ncaa-d1-conf-CUSA,ncaa,5,5,1,5,6,3,6,12,2,9,13,3,1,4,1,3,5,10,1,9,5,12,12,2,2,1,2,2,7,13,12,1,3,8,7,2,2,3,6,1,14,14,5,6,,,3,4,,,2,9,12,11,5,8,12,10,13,1,4,7,10,9,12,14,13,3,10,3,2,14,5,,2,,,2,5,5,12,3,10,14,4,3,5,3,3,3,3,6,3,2,11,6,3,3,5,1,3,4,9,3,5,12,6,7,2,1,14,14,10,6,9,6,10,,,4,2,,,2,6,2,6,3,4,5,11,9,12,3,4,3,3,3,10,3,9,5,5,2,14,5,6,,6,,,b'\x11\xe8\xe1I\xcb\xc9\x08f\xaf\x82\x12\xdf\x17\xaeN\x1e'
11E8E149-CBC9-0866-AF82-12DF17AE4E1E,2020-ncaa-d1-natl,ncaa,76,81,45,83,71,35,68,217,18,202,309,27,13,47,8,41,36,69,48,65,14,190,244,10,9,11,25,32,122,326,311,23,133,152,159,35,46,56,80,29,345,345,119,164,,,124,92,,,52,158,238,108,34,82,282,231,324,15,57,48,92,91,249,308,335,28,196,36,45,345,130,,99,,,55,234,254,299,108,276,308,134,120,205,40,123,190,208,107,210,123,307,220,82,78,209,79,88,165,255,133,144,311,194,159,43,2,332,343,225,170,190,82,178,,,19,6,,,52,202,21,236,51,187,218,287,251,293,105,181,170,188,189,283,154,234,89,152,35,338,143,68,,30,,,b'\x11\xe8\xe1I\xcb\xc9\x08f\xaf\x82\x12\xdf\x17\xaeN\x1e'
11E8E149-CBC9-0866-AF82-12DF17AE4E1E,2021-ncaa-d0-natl,ncaa,205,227,191,222,192,162,181,173,217,225,229,213,81,82,122,56,137,166,45,170,97,171,193,161,141,105,41,54,101,152,156,96,223,115,136,132,77,80,62,75,327,342,147,232,,,154,140,,,202,202,205,23,114,146,93,246,228,53,39,74,124,134,95,143,110,17,23,100,65,342,150,,192,,,198,187,200,236,85,238,275,71,104,116,105,40,217,216,208,220,103,233,164,63,62,251,60,51,208,277,223,172,156,217,136,66,4,320,343,311,63,44,276,313,,,183,131,,,202,143,98,296,188,274,275,338,309,343,108,117,267,258,261,340,263,323,238,309,32,343,51,301,,125,,,b'\x11\xe8\xe1I\xcb\xc9\x08f\xaf\x82\x12\xdf\x17\xaeN\x1e'
11E8E149-CBC9-0866-AF82-12DF17AE4E1E,2021-ncaa-d1-conf-C-USA,ncaa,13,12,11,13,11,11,11,9,12,14,14,12,4,4,6,2,9,12,3,13,6,10,10,9,7,7,2,2,7,9,11,5,9,7,10,9,4,4,5,5,14,14,8,9,,,4,7,,,12,12,10,7,7,11,7,13,10,4,2,5,12,12,8,10,9,2,2,5,6,14,6,,7,,,12,7,7,10,7,10,13,2,3,2,11,1,9,8,11,8,4,10,5,6,5,12,3,3,9,10,9,7,11,9,10,2,1,14,14,14,2,3,9,14,,,11,9,,,12,3,6,13,12,12,12,13,11,14,5,4,11,11,11,13,9,14,10,13,3,14,3,13,,10,,,b'\x11\xe8\xe1I\xcb\xc9\x08f\xaf\x82\x12\xdf\x17\xaeN\x1e'
11E8E149-CBC9-0866-AF82-12DF17AE4E1E,2021-ncaa-d1-conf-CUSA,ncaa,13,12,11,13,11,11,11,9,12,14,14,12,4,4,6,2,9,12,3,13,6,10,10,9,7,7,2,2,7,9,11,5,9,7,10,9,4,4,5,5,14,14,8,9,,,4,7,,,12,12,10,7,7,11,7,13,10,4,2,5,12,12,8,10,9,2,2,5,6,14,6,,7,,,12,7,7,10,7,10,13,2,3,2,11,1,9,8,11,8,4,10,5,6,5,12,3,3,9,10,9,7,11,9,10,2,1,14,14,14,2,3,9,14,,,11,9,,,12,3,6,13,12,12,12,13,11,14,5,4,11,11,11,13,9,14,10,13,3,14,3,13,,10,,,b'\x11\xe8\xe1I\xcb\xc9\x08f\xaf\x82\x12\xdf\x17\xaeN\x1e'
11E8E149-CBC9-0866-AF82-12DF17AE4E1E,2021-ncaa-d1-natl,ncaa,184,225,152,207,154,129,142,128,204,190,191,174,64,64,145,59,88,126,39,127,78,134,149,150,122,108,47,73,94,106,143,50,206,61,109,93,70,137,78,86,320,343,139,250,,,204,136,,,160,155,171,28,104,139,100,231,236,55,41,66,114,122,94,125,110,10,18,85,94,343,165,,199,,,160,223,234,285,56,277,311,57,116,169,51,40,249,255,157,256,119,284,211,35,39,194,59,44,227,311,206,210,143,255,109,72,2,312,343,278,119,73,296,307,,,141,140,,,160,195,99,246,155,255,255,339,295,343,83,131,269,271,272,341,283,320,211,301,19,342,82,293,,125,,,b'\x11\xe8\xe1I\xcb\xc9\x08f\xaf\x82\x12\xdf\x17\xaeN\x1e'
11E8E149-CBC9-0866-AF82-12DF17AE4E1E,2022-ncaa-d0-natl,ncaa,174,180,163,185,173,136,153,211,88,165,230,60,175,163,198,147,73,100,55,101,51,194,184,97,67,98,144,202,66,121,58,86,114,86,33,156,146,219,217,169,344,351,125,192,,,215,244,,,133,205,242,104,116,148,248,147,244,169,154,52,84,85,212,180,112,43,41,146,215,349,126,,228,,,132,176,190,223,123,260,307,67,41,25,207,5,237,256,137,248,127,233,159,83,94,222,48,19,251,199,114,47,58,87,33,9,1,341,349,166,171,185,202,226,,,121,71,,,133,145,84,232,135,184,199,260,274,344,35,18,239,266,254,271,151,205,28,68,4,347,185,207,,90,,,b'\x11\xe8\xe1I\xcb\xc9\x08f\xaf\x82\x12\xdf\x17\xaeN\x1e'
11E8E149-CBC9-0866-AF82-12DF17AE4E1E,2022-ncaa-d1-conf-C-USA,ncaa,9,10,3,10,3,5,7,10,3,5,8,4,6,9,5,8,2,2,3,2,5,8,8,4,3,3,9,8,3,11,7,2,3,3,1,3,2,11,10,7,14,14,4,6,,,8,7,,,9,5,8,9,5,6,13,5,8,6,8,3,5,5,13,9,11,2,3,4,10,14,4,,6,,,9,14,13,13,7,14,14,2,6,3,13,1,12,13,4,13,3,13,10,5,4,13,4,4,7,7,3,2,7,3,1,2,1,14,14,11,9,10,11,11,,,7,8,,,9,10,4,13,9,11,11,13,12,14,6,2,10,13,11,13,8,7,1,1,1,14,10,11,,7,,,b'\x11\xe8\xe1I\xcb\xc9\x08f\xaf\x82\x12\xdf\x17\xaeN\x1e'
11E8E149-CBC9-0866-AF82-12DF17AE4E1E,2022-ncaa-d1-conf-CUSA,ncaa,9,10,3,10,3,5,7,10,3,5,8,4,6,9,5,8,2,2,3,2,5,8,8,4,3,3,9,8,3,11,7,2,3,3,1,3,2,11,10,7,14,14,4,6,,,8,7,,,9,5,8,9,5,6,13,5,8,6,8,3,5,5,13,9,11,2,3,4,10,14,4,,6,,,9,14,13,13,7,14,14,2,6,3,13,1,12,13,4,13,3,13,10,5,4,13,4,4,7,7,3,2,7,3,1,2,1,14,14,11,9,10,11,11,,,7,8,,,9,10,4,13,9,11,11,13,12,14,6,2,10,13,11,13,8,7,1,1,1,14,10,11,,7,,,b'\x11\xe8\xe1I\xcb\xc9\x08f\xaf\x82\x12\xdf\x17\xaeN\x1e'
11E8E149-CBC9-0866-AF82-12DF17AE4E1E,2022-ncaa-d1-natl,ncaa,157,180,100,179,114,113,139,170,92,123,179,53,178,147,232,158,42,68,41,66,43,150,134,101,75,103,159,228,53,111,63,44,107,50,33,141,177,260,214,184,335,345,120,199,,,257,236,,,124,144,233,122,118,155,249,133,238,199,162,44,77,78,205,179,118,38,38,163,219,345,128,,222,,,125,210,224,285,101,290,341,48,43,30,175,5,263,275,144,264,105,291,211,61,73,195,41,16,252,241,107,76,63,123,33,7,1,334,350,150,194,174,246,240,,,76,61,,,124,206,88,202,129,173,190,267,269,349,31,13,234,250,245,277,156,205,30,72,3,345,175,224,,76,,,b'\x11\xe8\xe1I\xcb\xc9\x08f\xaf\x82\x12\xdf\x17\xaeN\x1e'
11E8E149-CBC9-0866-AF82-12DF17AE4E1E,2023-ncaa-d0-natl,ncaa,223,203,236,228,276,152,186,240,116,260,334,51,68,64,132,30,93,134,54,134,16,222,246,74,50,73,27,59,99,332,335,147,142,240,248,165,143,118,170,142,350,355,288,318,,,244,289,,,188,192,70,223,78,145,213,254,332,46,35,58,92,92,170,175,328,66,201,133,177,353,288,,301,,,189,245,237,198,240,271,275,166,127,81,302,46,271,270,164,272,219,217,143,221,223,313,111,86,247,141,142,199,335,180,248,45,11,329,341,235,178,229,73,203,,,98,25,,,188,160,115,301,195,308,306,304,322,348,163,102,292,296,301,331,266,201,270,266,68,325,228,99,,43,,,b'\x11\xe8\xe1I\xcb\xc9\x08f\xaf\x82\x12\xdf\x17\xaeN\x1e'
11E8E149-CBC9-0866-AF82-12DF17AE4E1E,2023-ncaa-d1-conf-C-USA,ncaa,10,10,4,10,6,4,7,5,7,11,11,2,3,3,8,3,6,8,1,7,3,5,6,5,4,6,3,3,6,10,10,3,5,5,8,3,1,7,8,4,10,11,8,9,,,8,6,,,9,3,2,11,5,7,7,10,11,3,3,7,10,9,8,7,10,2,7,2,7,11,7,,7,,,9,10,11,11,6,11,11,4,7,4,11,2,6,7,3,8,4,11,8,6,6,11,5,3,5,7,5,10,10,10,8,6,1,11,11,11,11,11,7,9,,,5,6,,,9,9,7,11,9,11,11,11,10,11,6,3,7,8,8,11,9,5,10,10,4,11,10,7,,5,,,b'\x11\xe8\xe1I\xcb\xc9\x08f\xaf\x82\x12\xdf\x17\xaeN\x1e'
11E8E149-CBC9-0866-AF82-12DF17AE4E1E,2023-ncaa-d1-conf-CUSA,ncaa,10,10,4,10,6,4,7,5,7,11,11,2,3,3,8,3,6,8,1,7,3,5,6,5,4,6,3,3,6,10,10,3,5,5,8,3,1,7,8,4,10,11,8,9,,,8,6,,,9,3,2,11,5,7,7,10,11,3,3,7,10,9,8,7,10,2,7,2,7,11,7,,7,,,9,10,11,11,6,11,11,4,7,4,11,2,6,7,3,8,4,11,8,6,6,11,5,3,5,7,5,10,10,10,8,6,1,11,11,11,11,11,7,9,,,5,6,,,9,9,7,11,9,11,11,11,10,11,6,3,7,8,8,11,9,5,10,10,4,11,10,7,,5,,,b'\x11\xe8\xe1I\xcb\xc9\x08f\xaf\x82\x12\xdf\x17\xaeN\x1e'
11E8E149-CBC9-0866-AF82-12DF17AE4E1E,2023-ncaa-d1-natl,ncaa,202,203,151,212,204,107,157,190,108,253,327,52,43,39,103,27,71,113,48,115,16,177,182,62,43,69,18,47,100,331,340,97,154,185,255,135,128,150,161,124,350,356,276,319,,,288,283,,,170,126,67,244,69,138,216,264,333,31,33,53,88,91,174,179,334,58,196,125,170,354,282,,300,,,171,292,280,272,198,306,321,149,136,107,248,52,287,287,170,287,204,289,232,175,186,291,102,78,251,222,154,258,340,258,255,44,9,314,340,208,224,235,93,209,,,70,27,,,170,232,104,288,176,305,294,317,320,351,144,105,294,293,295,335,279,236,271,281,48,319,233,99,,44,,,b'\x11\xe8\xe1I\xcb\xc9\x08f\xaf\x82\x12\xdf\x17\xaeN\x1e'
11E8E149-CBC9-0866-AF82-12DF17AE4E1E,2024-ncaa-d0-natl,ncaa,142,127,143,140,157,91,108,129,101,204,249,135,28,48,22,53,99,146,46,154,85,132,155,63,55,47,20,30,183,233,267,138,279,170,268,125,173,73,70,84,264,305,194,275,,,75,34,,,136,138,121,105,57,90,103,226,270,17,40,92,148,157,112,167,251,127,186,121,80,283,200,,68,,,137,287,340,304,306,356,346,275,67,74,128,17,59,107,13,104,17,287,255,249,187,272,2,17,18,319,279,250,267,291,268,153,14,266,323,230,112,110,115,175,,,205,233,,,136,229,57,296,136,297,345,335,357,356,57,60,62,110,108,322,279,316,247,295,141,282,113,109,,230,,,b'\x11\xe8\xe1I\xcb\xc9\x08f\xaf\x82\x12\xdf\x17\xaeN\x1e'
11E8E149-CBC9-0866-AF82-12DF17AE4E1E,2024-ncaa-d1-conf-AAC,ncaa,8,7,8,8,12,5,7,10,2,11,12,4,2,3,1,3,10,11,7,11,5,11,13,2,2,1,2,2,12,13,13,12,12,14,14,11,10,2,2,3,13,13,12,14,,,3,2,,,11,12,4,11,2,2,6,10,11,2,2,10,11,11,8,11,13,10,14,8,2,13,12,,4,,,11,13,14,10,14,14,13,13,5,3,11,3,3,3,9,3,1,9,5,14,13,14,1,4,1,8,12,9,13,10,14,7,2,14,14,13,4,5,3,6,,,14,12,,,11,3,2,14,11,14,14,14,14,14,6,4,4,4,3,14,9,11,12,12,8,14,4,4,,13,,,b'\x11\xe8\xe1I\xcb\xc9\x08f\xaf\x82\x12\xdf\x17\xaeN\x1e'
11E8E149-CBC9-0866-AF82-12DF17AE4E1E,2024-ncaa-d1-natl,ncaa,137,129,130,141,144,94,119,137,114,216,249,143,31,47,29,58,101,140,42,146,84,134,159,72,60,55,24,35,172,239,271,136,289,184,281,129,170,80,81,89,279,321,205,288,,,69,34,,,159,130,131,112,71,100,117,236,270,21,46,90,151,155,122,177,258,135,205,126,83,291,208,,70,,,157,293,345,317,308,359,352,290,59,73,120,21,54,108,17,108,17,300,267,249,194,276,2,17,18,328,289,260,271,305,281,167,17,271,326,244,127,130,131,193,,,199,216,,,159,235,65,304,158,292,351,338,359,358,53,60,58,104,104,322,278,321,251,299,153,296,121,129,,220,,,b'\x11\xe8\xe1I\xcb\xc9\x08f\xaf\x82\x12\xdf\x17\xaeN\x1e'
11E8E149-CBC9-0866-AF82-12DF17AE4E1E,2025-ncaa-d0-natl,genius_ncaa,171,176,135,178,141,133,151,160,148,255,306,107,28,33,89,20,240,263,110,259,142,175,173,92,99,125,26,16,290,321,344,54,257,149,291,109,66,241,225,142,249,297,49,78,,,154,66,,204,186,120,87,51,122,143,168,285,328,24,22,261,284,281,204,197,333,27,158,94,220,265,35,,136,,202,185,250,268,313,89,291,322,86,185,236,96,119,173,195,99,194,83,305,278,73,61,136,101,137,121,342,257,288,344,323,291,172,69,241,312,225,243,246,179,288,,,252,299,,113,186,252,175,192,181,246,279,351,295,350,177,231,165,184,185,348,327,341,307,330,165,257,231,168,,291,,116,b'\x11\xe8\xe1I\xcb\xc9\x08f\xaf\x82\x12\xdf\x17\xaeN\x1e'
11E8E149-CBC9-0866-AF82-12DF17AE4E1E,2025-ncaa-d1-conf-AAC,genius_ncaa,9,8,7,9,7,11,11,12,9,12,13,4,2,2,5,2,10,13,2,13,3,13,12,4,4,4,2,3,9,13,13,4,9,13,13,9,5,6,9,6,13,13,7,8,,,4,4,,5,9,9,7,3,9,10,11,12,13,2,2,9,13,13,13,12,13,4,12,8,8,13,7,,6,,5,9,10,9,12,8,11,11,9,9,11,5,7,9,8,13,8,7,11,7,7,7,10,7,5,8,11,9,12,13,12,13,5,2,13,13,10,7,11,8,11,,,12,10,,5,9,6,9,10,9,12,11,13,12,12,9,12,10,8,9,13,12,12,12,12,5,12,9,9,,12,,4,b'\x11\xe8\xe1I\xcb\xc9\x08f\xaf\x82\x12\xdf\x17\xaeN\x1e'
11E8E149-CBC9-0866-AF82-12DF17AE4E1E,2025-ncaa-d1-natl,genius_ncaa,184,176,172,185,179,157,178,195,161,285,330,126,33,39,94,20,263,284,108,279,138,214,220,101,107,131,25,17,288,328,345,71,265,187,304,128,68,203,231,148,282,307,55,80,,,133,67,,191,208,150,96,49,138,159,190,296,330,25,24,263,290,283,224,211,332,29,174,101,220,280,36,,145,,208,209,226,252,304,97,281,315,95,172,217,106,112,158,178,104,178,84,297,258,83,69,152,101,132,120,338,265,270,345,315,304,153,69,276,316,234,219,253,162,293,,,276,297,,120,208,222,190,206,198,264,292,351,300,350,184,229,173,187,190,351,324,343,311,333,173,272,236,177,,294,,111,b'\x11\xe8\xe1I\xcb\xc9\x08f\xaf\x82\x12\xdf\x17\xaeN\x1e'
11E8E149-CBC9-0866-AF82-12DF17AE4E1E,2026-ncaa-d0-natl,genius_ncaa,163,152,206,171,216,143,144,210,71,199,262,94,50,94,25,41,222,278,30,277,218,217,239,45,45,40,45,24,296,282,277,241,233,258,248,115,97,63,86,49,280,302,330,346,,,160,212,,96,170,227,125,97,56,59,109,172,265,13,32,207,278,277,146,212,284,199,266,58,78,287,342,,230,,118,170,217,212,148,286,194,156,255,242,170,307,173,198,202,169,199,221,158,140,290,287,296,202,215,168,178,233,135,277,144,248,80,20,255,270,167,75,98,150,224,,,248,197,,140,170,137,52,298,164,301,291,257,274,247,290,222,243,255,255,275,243,235,183,207,106,249,89,186,,219,,120,b'\x11\xe8\xe1I\xcb\xc9\x08f\xaf\x82\x12\xdf\x17\xaeN\x1e'
11E8E149-CBC9-0866-AF82-12DF17AE4E1E,2026-ncaa-d1-natl,genius_ncaa,203,195,177,216,197,149,165,219,112,239,280,158,48,93,30,52,185,273,8,271,193,236,252,71,59,61,28,24,236,320,325,239,272,294,315,123,95,83,106,76,290,299,331,344,,,188,224,,108,208,214,143,100,88,122,162,243,280,24,49,166,267,268,191,252,327,226,317,85,86,279,336,,242,,127,208,256,253,183,302,244,195,258,256,168,327,143,217,235,132,238,225,192,159,305,298,315,185,201,157,245,272,177,325,204,315,114,34,265,281,212,93,121,139,211,,,228,164,,131,208,147,90,323,205,319,313,264,296,274,288,187,245,268,272,286,249,276,224,267,140,251,108,156,,206,,122,b'\x11\xe8\xe1I\xcb\xc9\x08f\xaf\x82\x12\xdf\x17\xaeN\x1e'
11E8E149-CBCD-806C-AF82-12DF17AE4E1E,2010-ncaa-d0-natl,ncaa,72,62,81,75,95,105,145,202,72,199,256,80,57,84,46,67,71,108,36,101,32,175,178,46,34,55,46,67,100,302,308,268,302,298,324,138,152,177,193,152,16,9,234,172,,,176,137,,,80,137,238,77,117,184,290,247,309,61,95,87,136,124,268,285,325,332,338,163,138,16,248,,119,,,84,155,183,155,208,31,16,230,344,337,305,344,19,9,288,7,74,103,218,305,283,95,338,344,13,233,302,190,308,208,324,323,339,14,6,106,196,202,174,246,,,84,47,,,80,207,96,103,84,94,105,58,16,4,343,332,12,8,7,18,141,188,132,155,308,12,153,153,,122,,,b'\x11\xe8\xe1I\xcb\xcd\x80l\xaf\x82\x12\xdf\x17\xaeN\x1e'
11E8E149-CBCD-806C-AF82-12DF17AE4E1E,2010-ncaa-d1-conf-Big West,ncaa,2,1,3,2,4,4,5,8,4,7,7,4,4,3,3,3,2,2,4,2,1,6,6,4,3,2,3,3,2,6,5,8,7,9,8,8,9,5,5,8,1,1,6,6,,,3,2,,,1,5,7,7,3,7,8,7,9,4,3,2,2,2,7,8,7,9,9,9,4,1,6,,2,,,1,1,3,2,4,2,1,4,8,8,7,9,1,1,9,1,1,1,5,8,7,1,6,8,1,6,7,5,5,6,8,9,9,1,1,1,6,5,6,6,,,1,1,,,1,5,2,1,1,3,3,3,3,1,8,7,1,1,1,1,3,3,4,4,7,1,5,5,,2,,,b'\x11\xe8\xe1I\xcb\xcd\x80l\xaf\x82\x12\xdf\x17\xaeN\x1e'
11E8E149-CBCD-806C-AF82-12DF17AE4E1E,2010-ncaa-d1-natl,ncaa,74,62,91,77,104,112,153,217,72,208,274,85,61,90,46,66,78,119,35,111,31,190,199,49,34,57,45,66,95,316,311,290,307,318,325,143,155,163,195,157,16,9,241,175,,,157,137,,,84,148,240,76,120,191,293,252,310,60,96,85,137,125,273,288,326,334,338,166,138,17,249,,120,,,87,139,167,137,213,27,6,234,344,337,305,344,11,7,287,6,75,83,199,308,288,104,337,344,13,222,307,172,311,200,325,319,339,14,5,118,184,202,168,252,,,94,46,,,84,193,98,111,86,98,107,58,16,4,344,333,12,8,7,18,138,192,134,159,311,13,155,154,,121,,,b'\x11\xe8\xe1I\xcb\xcd\x80l\xaf\x82\x12\xdf\x17\xaeN\x1e'
11E8E149-CBCD-806C-AF82-12DF17AE4E1E,2011-ncaa-d0-natl,ncaa,30,36,43,38,69,55,69,89,71,140,237,37,11,14,94,21,82,81,162,87,25,85,92,34,40,40,38,34,190,145,183,253,261,209,261,40,46,153,103,47,24,18,201,158,,,261,225,,,48,81,212,244,71,104,187,210,309,17,17,113,122,129,178,231,212,329,318,45,86,28,235,,189,,,47,198,197,172,231,125,40,302,294,319,116,334,119,80,313,80,175,143,255,268,266,118,264,301,98,195,261,234,183,223,261,316,334,20,11,113,274,232,191,231,,,64,105,,,48,256,42,109,44,96,111,43,62,7,263,291,77,44,42,23,102,115,113,111,272,20,222,134,,134,,,b'\x11\xe8\xe1I\xcb\xcd\x80l\xaf\x82\x12\xdf\x17\xaeN\x1e'
11E8E149-CBCD-806C-AF82-12DF17AE4E1E,2011-ncaa-d1-conf-Big West,ncaa,2,3,1,3,1,2,2,2,5,3,5,3,1,1,4,1,1,1,4,2,2,2,3,5,5,3,1,1,5,3,4,5,5,4,4,2,1,3,3,2,2,2,5,5,,,5,6,,,2,2,8,5,2,3,5,8,8,1,1,2,4,4,4,7,6,8,6,2,2,2,5,,2,,,3,4,4,7,4,4,4,7,6,9,2,9,2,2,7,2,4,5,8,6,4,3,4,7,2,7,5,9,4,7,4,8,8,1,2,2,7,7,8,8,,,1,4,,,2,8,2,3,3,3,3,2,3,1,4,7,2,1,1,1,2,4,5,5,6,2,6,6,,6,,,b'\x11\xe8\xe1I\xcb\xcd\x80l\xaf\x82\x12\xdf\x17\xaeN\x1e'
11E8E149-CBCD-806C-AF82-12DF17AE4E1E,2011-ncaa-d1-natl,ncaa,34,35,51,39,85,64,80,110,73,160,267,36,13,17,97,21,90,94,162,101,25,99,110,35,40,42,34,34,189,161,189,276,264,232,267,44,47,135,104,48,28,20,211,164,,,242,228,,,52,98,215,246,74,114,193,218,315,18,17,114,123,128,185,238,215,330,320,47,87,29,239,,188,,,52,182,181,144,234,112,32,305,292,311,120,334,108,68,317,66,175,116,235,273,274,125,264,301,97,181,264,217,189,208,267,315,334,23,12,120,265,236,180,237,,,81,103,,,52,242,44,114,48,102,113,43,66,7,265,291,76,45,44,23,99,120,115,116,275,21,222,141,,135,,,b'\x11\xe8\xe1I\xcb\xcd\x80l\xaf\x82\x12\xdf\x17\xaeN\x1e'
11E8E149-CBCD-806C-AF82-12DF17AE4E1E,2011-ncaa-d1-ncaatournament,ncaa,33,2,33,33,34,45,43,60,6,44,57,19,38,60,7,31,49,48,24,47,34,60,63,7,8,11,26,18,40,64,64,61,20,63,59,38,22,11,47,21,58,60,56,56,,,4,26,,,58,53,49,3,42,39,60,38,54,22,50,43,46,44,60,62,64,60,63,24,26,58,56,,11,,,58,27,26,10,61,6,5,54,44,32,64,61,7,5,62,5,25,6,5,63,63,64,62,64,11,4,20,11,64,6,59,43,64,53,38,61,11,47,2,8,,,54,49,,,58,9,37,63,58,59,58,22,21,7,64,59,22,12,13,13,5,7,31,15,64,47,30,4,,54,,,b'\x11\xe8\xe1I\xcb\xcd\x80l\xaf\x82\x12\xdf\x17\xaeN\x1e'
11E8E149-CBCD-806C-AF82-12DF17AE4E1E,2012-ncaa-d0-natl,ncaa,139,107,163,128,221,197,222,226,200,309,324,150,29,23,120,11,224,236,139,227,34,233,253,118,122,123,13,13,220,303,315,315,323,321,335,144,44,83,143,102,62,36,330,315,,,228,286,,,169,220,207,262,182,225,225,324,331,17,17,232,239,224,247,258,308,328,333,114,104,41,331,,269,,,169,135,111,63,232,71,23,274,239,263,178,308,158,172,86,172,299,67,140,263,259,163,289,281,188,240,323,207,315,225,335,247,318,67,32,132,127,186,164,306,,,217,140,,,169,112,164,204,177,167,136,62,95,15,252,272,174,203,200,76,158,266,245,271,253,40,148,178,,207,,,b'\x11\xe8\xe1I\xcb\xcd\x80l\xaf\x82\x12\xdf\x17\xaeN\x1e'
11E8E149-CBCD-806C-AF82-12DF17AE4E1E,2012-ncaa-d1-conf-Big West,ncaa,5,3,5,5,8,7,7,8,6,9,9,5,2,2,4,1,6,7,4,7,2,8,8,4,2,4,1,1,5,8,7,8,9,9,9,5,1,5,6,3,1,1,8,8,,,7,7,,,5,8,7,8,5,7,7,9,9,1,1,6,6,6,6,8,6,8,9,3,6,1,8,,8,,,5,2,2,2,5,3,1,8,6,5,4,9,3,3,2,3,9,2,4,8,8,3,7,7,5,7,9,3,7,5,9,5,9,3,1,3,7,8,9,9,,,8,6,,,5,2,4,5,5,3,2,3,3,2,8,8,4,4,4,3,3,7,5,5,7,2,8,9,,8,,,b'\x11\xe8\xe1I\xcb\xcd\x80l\xaf\x82\x12\xdf\x17\xaeN\x1e'
11E8E149-CBCD-806C-AF82-12DF17AE4E1E,2012-ncaa-d1-natl,ncaa,143,107,196,131,263,217,245,254,210,324,332,158,34,23,122,11,243,260,139,248,33,261,286,122,123,126,11,13,215,319,318,328,325,331,336,163,45,71,145,106,72,37,331,319,,,215,285,,,181,254,210,262,190,233,236,324,331,18,17,233,242,224,251,263,315,329,335,120,104,45,331,,270,,,181,114,85,40,240,61,13,281,228,243,180,306,145,158,91,157,300,43,103,268,264,175,289,280,192,222,325,190,318,201,336,236,318,79,34,136,107,190,154,309,,,243,137,,,181,79,168,213,193,172,141,63,99,15,253,270,180,205,202,79,155,265,251,273,260,42,149,178,,205,,,b'\x11\xe8\xe1I\xcb\xcd\x80l\xaf\x82\x12\xdf\x17\xaeN\x1e'
11E8E149-CBCD-806C-AF82-12DF17AE4E1E,2013-ncaa-d0-natl,ncaa,212,216,183,221,202,196,259,275,214,328,336,169,49,46,135,21,108,156,43,158,10,261,217,138,98,174,10,27,59,322,318,274,335,314,334,209,97,291,318,271,43,36,163,147,,,270,267,,,210,157,100,109,196,268,281,332,330,35,26,78,134,143,271,198,324,284,325,205,303,27,164,,295,,,211,193,168,171,171,141,121,193,213,224,148,244,216,227,110,233,252,180,229,188,193,111,244,230,212,314,335,191,318,273,334,251,298,63,63,129,334,339,169,314,,,209,178,,,210,182,236,169,213,219,194,202,169,136,241,255,242,250,252,227,294,332,230,298,273,33,336,189,,196,,,b'\x11\xe8\xe1I\xcb\xcd\x80l\xaf\x82\x12\xdf\x17\xaeN\x1e'
11E8E149-CBCD-806C-AF82-12DF17AE4E1E,2013-ncaa-d1-conf-Big West,ncaa,7,7,6,7,7,5,7,6,6,9,10,5,2,1,4,1,5,6,1,7,2,7,7,3,3,5,1,1,5,10,10,7,10,10,10,5,3,7,10,6,3,2,5,5,,,7,7,,,7,5,3,5,4,8,8,10,10,1,1,4,6,6,9,9,10,8,10,4,8,2,5,,8,,,7,5,5,7,6,6,6,6,5,8,4,7,6,5,4,5,4,6,6,6,5,4,5,5,5,9,10,7,10,7,10,8,9,4,4,7,10,10,4,8,,,9,8,,,7,6,6,6,7,9,7,7,6,7,6,7,7,6,6,8,9,9,6,10,10,3,10,5,,8,,,b'\x11\xe8\xe1I\xcb\xcd\x80l\xaf\x82\x12\xdf\x17\xaeN\x1e'
11E8E149-CBCD-806C-AF82-12DF17AE4E1E,2013-ncaa-d1-natl,ncaa,221,216,210,228,230,219,279,294,219,335,338,177,52,49,132,21,119,171,41,176,9,283,244,139,99,180,10,26,54,328,320,297,338,326,335,227,99,280,318,275,45,38,175,151,,,263,269,,,216,177,104,98,206,274,287,333,330,35,26,78,134,142,276,199,324,291,327,215,302,29,165,,299,,,217,176,149,152,176,126,92,198,202,217,155,243,208,219,115,224,255,161,208,192,200,124,244,231,213,307,338,174,320,263,335,238,298,78,64,139,332,339,165,317,,,224,174,,,216,162,240,175,220,226,195,203,171,137,243,254,243,251,254,230,294,332,232,302,277,36,336,190,,194,,,b'\x11\xe8\xe1I\xcb\xcd\x80l\xaf\x82\x12\xdf\x17\xaeN\x1e'
11E8E149-CBCD-806C-AF82-12DF17AE4E1E,2014-ncaa-d0-natl,ncaa,180,173,180,184,183,195,255,310,95,318,344,27,49,45,136,9,176,251,11,262,22,310,274,45,27,101,12,27,147,333,309,181,216,274,223,120,22,295,334,214,280,281,270,276,,,162,211,,,189,223,233,18,188,256,328,327,347,33,35,158,252,261,325,284,335,135,277,90,309,273,268,,200,,,189,150,141,181,132,133,168,119,206,197,204,203,146,126,224,125,142,173,132,143,140,205,217,222,169,215,216,66,309,111,223,213,265,279,283,290,302,328,23,189,,,240,146,,,189,124,170,226,196,198,194,243,179,216,225,221,172,165,165,231,171,240,88,144,244,278,308,28,,232,,,b'\x11\xe8\xe1I\xcb\xcd\x80l\xaf\x82\x12\xdf\x17\xaeN\x1e'
11E8E149-CBCD-806C-AF82-12DF17AE4E1E,2014-ncaa-d1-conf-Big West,ncaa,4,4,1,4,2,5,7,9,1,8,9,1,2,2,5,1,5,6,1,6,2,9,6,1,1,1,2,3,5,8,8,5,6,6,4,3,1,8,9,6,7,7,5,5,,,4,3,,,4,6,9,2,6,8,9,8,9,3,2,6,7,7,9,9,9,5,7,3,8,7,5,,3,,,4,4,5,6,2,5,7,3,3,5,4,4,3,3,6,3,3,6,5,3,3,4,4,5,4,7,6,1,8,2,4,4,6,8,8,7,8,9,2,8,,,6,4,,,4,4,4,4,4,3,3,5,3,6,3,4,3,3,3,5,3,7,1,2,3,8,8,2,,7,,,b'\x11\xe8\xe1I\xcb\xcd\x80l\xaf\x82\x12\xdf\x17\xaeN\x1e'
11E8E149-CBCD-806C-AF82-12DF17AE4E1E,2014-ncaa-d1-natl,ncaa,173,171,145,178,147,185,239,308,90,310,343,22,50,41,143,12,170,250,9,255,25,303,264,43,26,96,14,31,147,326,299,153,220,262,217,110,22,300,334,207,265,267,265,281,,,195,225,,,183,206,241,21,183,250,329,321,347,38,36,161,254,263,326,283,330,126,269,85,304,265,272,,208,,,184,158,161,204,118,149,185,108,212,209,181,205,164,148,202,147,144,197,157,125,126,188,216,217,171,237,220,69,299,129,217,232,270,269,281,289,307,330,21,191,,,231,150,,,183,132,166,214,191,182,187,244,170,218,218,225,174,167,162,237,172,251,71,140,242,277,310,29,,241,,,b'\x11\xe8\xe1I\xcb\xcd\x80l\xaf\x82\x12\xdf\x17\xaeN\x1e'
11E8E149-CBCD-806C-AF82-12DF17AE4E1E,2015-ncaa-d0-natl,ncaa,188,189,172,200,193,171,195,322,11,299,346,15,23,81,4,17,278,275,210,273,35,320,307,4,4,42,20,10,312,347,341,134,142,291,239,77,15,247,334,137,269,263,253,257,,,80,105,,,196,246,265,107,157,188,345,314,347,16,67,282,280,280,345,330,347,85,307,47,266,275,254,,101,,,198,181,198,220,173,109,148,125,320,292,322,291,59,57,138,65,84,187,114,217,175,266,288,330,44,177,142,51,341,81,239,256,265,316,318,328,313,340,4,46,,,244,112,,,196,105,112,275,196,212,240,282,135,161,324,308,75,81,85,241,115,198,66,91,277,321,317,6,,246,,,b'\x11\xe8\xe1I\xcb\xcd\x80l\xaf\x82\x12\xdf\x17\xaeN\x1e'
11E8E149-CBCD-806C-AF82-12DF17AE4E1E,2015-ncaa-d1-conf-Big West,ncaa,3,5,1,5,1,1,2,8,1,7,9,1,1,2,1,1,7,7,5,6,2,8,5,1,1,1,2,1,8,9,9,1,5,5,5,1,1,9,9,5,3,4,3,4,,,8,3,,,5,1,7,1,6,6,9,8,9,1,3,8,8,8,9,9,9,3,6,2,9,4,4,,4,,,5,9,9,9,4,8,9,2,9,8,8,6,5,4,4,4,2,9,9,4,3,5,7,9,1,8,5,3,9,6,5,9,8,9,9,9,9,9,2,3,,,4,5,,,5,9,4,5,5,5,7,8,5,6,8,6,3,4,4,7,5,6,1,3,6,9,9,1,,7,,,b'\x11\xe8\xe1I\xcb\xcd\x80l\xaf\x82\x12\xdf\x17\xaeN\x1e'
11E8E149-CBCD-806C-AF82-12DF17AE4E1E,2015-ncaa-d1-natl,ncaa,180,189,143,189,162,169,180,324,14,305,347,18,17,71,4,15,283,280,224,280,46,328,308,4,6,45,17,10,318,347,341,113,115,290,225,61,14,255,329,124,270,261,252,258,,,79,106,,,202,233,264,112,158,188,341,317,346,16,53,294,286,291,341,329,346,79,305,42,261,276,251,,96,,,202,204,219,238,178,104,151,122,321,303,325,298,70,67,165,72,89,212,127,226,182,269,298,331,53,168,115,69,341,92,225,272,264,314,317,326,310,339,4,31,,,238,113,,,202,123,115,275,199,219,238,276,125,150,327,310,80,80,85,237,111,174,75,92,269,319,312,6,,250,,,b'\x11\xe8\xe1I\xcb\xcd\x80l\xaf\x82\x12\xdf\x17\xaeN\x1e'
11E8E149-CBCD-806C-AF82-12DF17AE4E1E,2016-ncaa-d0-natl,ncaa,119,111,114,121,145,110,116,214,36,133,253,24,104,120,84,104,115,143,74,137,62,198,189,31,27,50,129,135,168,289,251,81,130,162,111,37,9,186,211,51,289,306,101,116,,,118,99,,,144,155,181,177,98,108,264,140,274,104,125,113,155,149,249,253,301,65,183,18,180,299,109,,107,,,145,239,231,273,112,168,228,96,281,283,240,256,178,136,296,141,112,255,212,137,136,238,259,281,132,227,130,71,251,117,111,238,211,301,326,312,265,270,44,84,,,170,147,,,144,200,82,242,135,221,215,293,165,220,277,283,171,132,135,263,180,202,59,86,220,322,238,46,,199,,,b'\x11\xe8\xe1I\xcb\xcd\x80l\xaf\x82\x12\xdf\x17\xaeN\x1e'
11E8E149-CBCD-806C-AF82-12DF17AE4E1E,2016-ncaa-d1-conf-Big West,ncaa,4,4,1,4,1,2,2,3,2,2,5,2,2,2,4,3,1,2,3,2,3,2,1,2,2,2,3,3,3,6,4,1,2,2,3,2,2,8,5,2,6,7,1,2,,,4,3,,,3,1,6,4,2,2,8,4,7,3,3,2,3,4,8,8,8,2,4,2,4,6,2,,2,,,3,9,9,9,3,7,9,2,8,7,8,6,7,7,7,7,4,9,9,3,3,7,7,8,3,7,2,3,4,5,3,6,5,6,8,7,8,7,3,3,,,2,3,,,3,9,3,6,3,5,5,8,5,5,8,6,5,4,4,7,4,4,2,2,5,7,7,2,,5,,,b'\x11\xe8\xe1I\xcb\xcd\x80l\xaf\x82\x12\xdf\x17\xaeN\x1e'
11E8E149-CBCD-806C-AF82-12DF17AE4E1E,2016-ncaa-d1-natl,ncaa,114,111,99,122,115,95,110,203,34,126,253,19,99,113,72,102,104,129,87,121,49,194,182,27,25,43,123,133,158,285,254,68,120,155,113,30,9,187,207,51,288,310,103,114,,,116,99,,,128,140,178,178,95,105,264,145,281,98,120,102,144,135,249,252,304,62,186,16,174,307,113,,105,,,130,241,239,285,107,172,236,92,289,289,239,261,166,133,287,141,104,268,217,135,125,219,256,283,124,222,120,79,254,123,113,246,218,295,323,306,255,259,37,79,,,152,123,,,128,207,79,224,128,214,210,285,161,213,275,282,159,121,130,252,172,194,59,82,221,318,229,37,,174,,,b'\x11\xe8\xe1I\xcb\xcd\x80l\xaf\x82\x12\xdf\x17\xaeN\x1e'
11E8E149-CBCD-806C-AF82-12DF17AE4E1E,2017-ncaa-d0-natl,ncaa,31,28,74,32,110,83,71,115,52,120,194,61,36,67,24,69,262,304,46,299,304,147,177,34,43,38,108,47,338,303,320,43,180,118,221,39,47,69,68,25,269,313,90,130,,,42,15,,,65,126,196,268,95,71,173,160,268,41,79,301,332,328,232,292,328,28,172,25,41,297,103,,23,,,68,160,225,307,27,236,305,49,157,253,17,185,40,67,21,70,32,297,270,25,14,48,56,167,40,320,180,257,320,301,221,151,93,245,308,219,200,206,5,7,,,264,311,,,65,237,67,79,56,86,163,314,196,308,124,225,36,57,58,285,213,298,176,241,108,294,158,5,,329,,,b'\x11\xe8\xe1I\xcb\xcd\x80l\xaf\x82\x12\xdf\x17\xaeN\x1e'
11E8E149-CBCD-806C-AF82-12DF17AE4E1E,2017-ncaa-d1-conf-Big West,ncaa,1,1,6,1,8,6,5,7,1,6,7,2,2,3,2,2,9,9,2,9,9,7,8,1,1,1,6,2,9,8,8,2,4,6,5,3,2,1,2,1,6,6,3,3,,,2,2,,,1,8,6,6,3,3,5,4,6,1,2,9,9,9,6,7,8,2,3,1,1,6,3,,2,,,1,1,1,5,1,4,6,1,2,3,2,3,2,2,3,2,1,4,2,1,1,1,3,3,2,5,4,4,8,5,5,1,2,6,6,3,5,6,3,4,,,9,9,,,1,2,1,1,1,1,2,6,4,9,3,4,2,2,2,6,5,6,7,6,1,6,6,3,,9,,,b'\x11\xe8\xe1I\xcb\xcd\x80l\xaf\x82\x12\xdf\x17\xaeN\x1e'
11E8E149-CBCD-806C-AF82-12DF17AE4E1E,2017-ncaa-d1-natl,ncaa,30,28,56,30,90,76,66,99,47,113,189,58,32,62,22,71,262,305,47,297,305,137,164,27,38,36,107,51,336,307,320,34,209,114,234,31,49,78,74,25,261,308,83,132,,,38,14,,,62,99,191,270,92,73,179,156,269,43,79,299,332,326,235,291,330,25,176,26,47,293,98,,23,,,64,168,232,323,25,240,317,40,183,280,19,198,35,64,23,67,26,314,291,21,12,41,61,183,35,335,209,263,320,317,234,153,92,243,311,221,213,217,5,5,,,269,310,,,62,265,70,78,55,86,163,320,191,313,136,243,29,54,55,292,226,313,173,252,108,288,169,4,,330,,,b'\x11\xe8\xe1I\xcb\xcd\x80l\xaf\x82\x12\xdf\x17\xaeN\x1e'
11E8E149-CBCD-806C-AF82-12DF17AE4E1E,2018-ncaa-d0-natl,ncaa,13,16,12,16,19,31,24,63,13,54,136,18,21,40,5,67,201,261,43,257,297,78,72,6,12,17,102,49,336,335,341,21,197,92,246,12,27,208,136,30,114,194,45,99,,,191,29,,,43,28,170,240,55,43,214,113,284,37,94,299,329,326,272,307,345,47,273,14,78,182,66,,45,,,49,288,292,335,33,280,333,28,260,292,133,144,203,200,202,212,52,334,329,32,28,65,154,207,120,341,197,291,341,330,246,151,34,139,261,126,226,167,1,1,,,183,267,,,43,321,46,92,48,103,132,285,130,284,155,179,97,86,101,260,215,287,137,201,54,243,104,1,,318,,,b'\x11\xe8\xe1I\xcb\xcd\x80l\xaf\x82\x12\xdf\x17\xaeN\x1e'
11E8E149-CBCD-806C-AF82-12DF17AE4E1E,2018-ncaa-d1-conf-Big West,ncaa,1,1,3,1,3,3,2,7,1,4,7,1,2,3,1,2,7,8,2,8,5,8,8,1,1,1,5,2,7,9,9,3,7,8,7,3,3,1,4,1,5,5,3,3,,,3,2,,,1,6,7,4,3,2,8,4,9,2,3,7,9,9,9,9,9,2,9,2,1,5,3,,2,,,1,2,2,8,2,1,7,2,5,6,4,5,2,3,3,3,2,7,4,2,2,1,5,6,2,8,7,4,9,5,7,2,2,5,5,3,3,5,1,1,,,7,6,,,1,4,1,1,1,2,2,7,2,5,5,6,2,2,2,7,5,8,3,6,2,5,2,1,,8,,,b'\x11\xe8\xe1I\xcb\xcd\x80l\xaf\x82\x12\xdf\x17\xaeN\x1e'
11E8E149-CBCD-806C-AF82-12DF17AE4E1E,2018-ncaa-d1-natl,ncaa,15,16,16,17,22,37,28,82,13,61,166,19,22,45,5,69,229,276,45,274,299,95,92,6,12,18,98,49,336,338,342,22,208,122,258,12,27,190,143,32,134,203,45,102,,,169,31,,,54,35,178,235,61,45,228,124,284,37,95,304,330,328,284,311,346,53,282,16,79,188,72,,48,,,57,282,281,332,35,273,331,30,245,280,137,141,186,187,208,195,53,331,326,35,29,75,153,205,120,337,208,279,342,324,258,134,34,160,263,137,204,175,1,1,,,215,267,,,54,317,48,106,57,113,143,285,143,286,160,181,101,91,104,263,213,288,139,209,59,253,110,1,,321,,,b'\x11\xe8\xe1I\xcb\xcd\x80l\xaf\x82\x12\xdf\x17\xaeN\x1e'
11E8E149-CBCD-806C-AF82-12DF17AE4E1E,2019-ncaa-d0-natl,ncaa,41,18,114,28,163,91,100,178,38,166,273,35,42,71,39,58,122,164,53,159,75,184,229,32,26,25,49,51,208,309,292,54,90,129,131,72,57,34,73,32,207,213,126,136,,,92,73,,,25,171,220,255,75,89,229,191,298,42,65,130,178,173,220,303,320,23,131,54,41,219,136,,77,,,22,47,45,238,7,45,212,6,117,241,21,230,106,83,270,81,77,216,185,6,8,18,229,224,199,231,90,124,292,158,131,24,52,249,262,88,69,112,5,22,,,195,143,,,25,178,43,24,21,31,24,231,31,201,107,227,102,82,82,188,137,203,108,138,24,268,83,6,,211,,,b'\x11\xe8\xe1I\xcb\xcd\x80l\xaf\x82\x12\xdf\x17\xaeN\x1e'
11E8E149-CBCD-806C-AF82-12DF17AE4E1E,2019-ncaa-d1-conf-Big West,ncaa,1,1,2,1,4,1,1,4,1,2,6,1,1,2,1,4,2,2,1,2,1,3,5,1,1,1,2,2,5,9,9,1,3,2,2,2,4,1,2,1,4,7,3,3,,,3,3,,,1,3,5,5,1,1,7,5,7,1,3,2,2,2,6,8,9,1,3,2,1,6,3,,3,,,1,1,1,9,1,1,9,1,4,6,1,6,3,4,7,4,3,8,7,1,1,1,8,7,7,7,3,3,9,5,2,1,1,5,7,1,1,2,2,2,,,4,4,,,1,6,1,1,1,1,1,7,1,7,3,6,3,3,3,6,6,7,2,3,1,7,2,2,,5,,,b'\x11\xe8\xe1I\xcb\xcd\x80l\xaf\x82\x12\xdf\x17\xaeN\x1e'
11E8E149-CBCD-806C-AF82-12DF17AE4E1E,2019-ncaa-d1-natl,ncaa,39,18,107,29,144,84,95,179,36,173,280,40,43,76,28,55,128,175,56,168,76,180,227,28,26,26,44,44,219,308,292,36,74,112,104,58,47,40,76,32,225,242,129,142,,,94,78,,,23,179,223,255,72,91,229,202,302,35,65,132,188,182,224,303,320,18,118,43,46,242,136,,78,,,20,39,41,254,5,48,224,6,106,250,17,226,109,83,270,85,71,230,181,5,7,19,224,217,201,223,74,117,292,152,104,20,55,266,280,102,86,123,5,21,,,203,139,,,23,173,41,25,18,28,24,247,28,210,102,229,101,85,83,197,132,192,105,126,25,273,92,4,,217,,,b'\x11\xe8\xe1I\xcb\xcd\x80l\xaf\x82\x12\xdf\x17\xaeN\x1e'
11E8E149-CBCD-806C-AF82-12DF17AE4E1E,2019-ncaa-d1-ncaatournament,ncaa,33,2,33,33,36,51,58,58,57,57,57,54,46,42,53,11,30,39,1,37,2,53,55,54,49,48,5,14,1,58,55,39,24,49,44,61,60,16,44,62,54,45,44,47,,,10,18,,,55,54,34,7,51,58,56,57,57,25,14,9,21,17,48,50,55,30,46,61,38,45,38,,16,,,56,17,23,22,51,16,20,46,30,25,50,52,1,3,4,2,7,13,12,54,49,52,32,58,1,10,24,15,55,12,44,17,13,53,37,39,28,60,12,45,,,33,3,,,55,13,52,48,55,47,53,40,40,33,59,48,2,5,4,24,23,20,47,37,39,37,57,21,,4,,,b'\x11\xe8\xe1I\xcb\xcd\x80l\xaf\x82\x12\xdf\x17\xaeN\x1e'
11E8E149-CBCD-806C-AF82-12DF17AE4E1E,2020-ncaa-d0-natl,ncaa,140,109,260,131,274,205,217,292,101,320,336,109,26,53,30,20,288,292,199,287,105,295,329,49,62,53,18,11,295,316,283,167,92,247,163,102,30,29,92,48,304,273,199,171,,,38,94,,,132,316,298,97,148,180,256,312,334,12,31,271,277,269,274,317,296,83,207,61,47,289,190,,72,,,130,75,48,72,72,36,71,70,177,170,181,238,204,121,349,133,219,81,31,85,127,231,298,251,275,69,92,88,283,70,163,16,24,331,310,169,99,194,23,119,,,278,136,,,132,37,75,229,128,137,98,150,68,121,218,221,248,172,190,155,62,124,156,139,30,324,138,31,,234,,,b'\x11\xe8\xe1I\xcb\xcd\x80l\xaf\x82\x12\xdf\x17\xaeN\x1e'
11E8E149-CBCD-806C-AF82-12DF17AE4E1E,2020-ncaa-d1-conf-Big West,ncaa,1,1,7,1,9,5,7,9,2,8,8,3,2,3,1,2,8,8,6,8,2,9,9,1,2,2,2,2,8,8,5,4,4,6,4,3,2,2,4,2,8,7,1,1,,,2,2,,,1,8,7,6,4,4,8,8,8,2,3,8,7,7,8,7,7,1,3,2,4,7,1,,2,,,1,1,1,2,1,1,4,1,2,3,1,3,7,4,9,4,5,3,2,1,1,1,4,3,9,5,4,2,5,2,4,1,1,8,8,2,2,3,1,6,,,7,2,,,1,2,1,2,1,2,1,4,3,4,3,3,9,8,8,6,3,6,3,3,1,8,2,2,,3,,,b'\x11\xe8\xe1I\xcb\xcd\x80l\xaf\x82\x12\xdf\x17\xaeN\x1e'
11E8E149-CBCD-806C-AF82-12DF17AE4E1E,2020-ncaa-d1-natl,ncaa,133,109,257,128,270,191,200,290,86,318,337,103,21,47,17,22,297,298,200,295,115,297,325,34,48,44,15,9,310,324,295,132,76,244,161,80,34,31,92,43,295,269,199,169,,,44,94,,,113,320,291,97,132,160,254,306,334,12,32,285,291,286,270,320,316,65,211,57,44,278,186,,72,,,113,74,40,96,59,36,77,55,179,185,157,233,205,128,345,143,216,93,35,76,108,199,301,247,272,76,76,100,295,76,161,13,23,329,306,148,98,192,24,120,,,288,168,,,113,36,66,197,110,119,79,151,61,125,205,214,235,173,188,155,62,114,152,134,28,316,138,30,,259,,,b'\x11\xe8\xe1I\xcb\xcd\x80l\xaf\x82\x12\xdf\x17\xaeN\x1e'
11E8E149-CBCD-806C-AF82-12DF17AE4E1E,2021-ncaa-d0-natl,ncaa,110,9,293,22,298,286,290,313,73,307,317,96,165,231,14,39,298,309,32,309,128,313,315,40,36,43,34,20,237,331,330,242,89,290,143,230,16,21,138,54,320,304,157,82,,,19,11,,,79,306,300,222,166,194,316,299,333,33,82,234,278,274,322,340,336,9,126,62,50,316,71,,9,,,55,27,27,60,3,27,57,5,44,71,8,217,30,29,255,29,45,53,38,2,2,25,189,193,154,64,89,44,330,46,143,12,12,327,339,149,39,208,8,22,,,310,129,,,79,38,95,38,48,23,32,260,44,234,96,239,63,52,60,226,85,246,143,176,4,338,127,3,,262,,,b'\x11\xe8\xe1I\xcb\xcd\x80l\xaf\x82\x12\xdf\x17\xaeN\x1e'
11E8E149-CBCD-806C-AF82-12DF17AE4E1E,2021-ncaa-d1-conf-Big West,ncaa,2,1,10,1,10,9,10,10,1,9,10,1,5,8,2,4,7,8,3,8,3,10,10,1,1,1,4,3,6,10,10,7,4,8,3,7,1,1,4,1,9,7,2,1,,,1,1,,,1,10,9,7,3,5,10,7,10,3,4,5,6,6,10,10,10,1,3,1,2,7,1,,1,,,1,1,1,2,1,2,2,1,1,3,1,6,1,1,9,1,2,2,1,1,1,1,5,4,8,4,4,1,10,1,3,1,1,10,9,1,1,5,1,1,,,10,3,,,1,1,2,1,1,1,1,9,3,8,2,9,1,1,1,9,8,10,2,7,1,9,2,1,,7,,,b'\x11\xe8\xe1I\xcb\xcd\x80l\xaf\x82\x12\xdf\x17\xaeN\x1e'
11E8E149-CBCD-806C-AF82-12DF17AE4E1E,2021-ncaa-d1-natl,ncaa,119,9,299,23,303,292,293,315,77,310,321,102,171,242,15,38,302,309,31,309,125,314,317,43,39,45,32,20,236,331,332,249,91,296,148,242,16,21,141,54,323,306,173,80,,,18,10,,,84,310,304,221,174,200,322,303,333,39,83,237,280,277,329,340,336,9,137,66,50,317,71,,9,,,60,25,26,54,3,27,49,6,41,66,10,217,29,29,254,29,43,47,34,3,2,25,185,195,155,58,91,38,332,41,148,12,12,328,339,154,35,212,8,25,,,314,125,,,84,35,104,39,51,24,34,262,46,235,95,241,64,53,60,229,84,249,144,179,4,338,129,3,,264,,,b'\x11\xe8\xe1I\xcb\xcd\x80l\xaf\x82\x12\xdf\x17\xaeN\x1e'
11E8E149-CBCD-806C-AF82-12DF17AE4E1E,2021-ncaa-d1-ncaatournament,ncaa,33,2,33,33,34,56,54,50,54,64,61,64,21,31,7,2,62,62,44,62,62,59,57,38,48,50,1,1,62,59,61,42,55,51,59,35,3,21,52,33,46,45,29,17,,,16,36,,,43,50,32,7,56,54,40,64,61,1,4,62,62,62,57,52,55,29,47,15,46,34,8,,43,,,47,11,9,27,16,10,28,8,13,11,46,13,18,25,12,22,42,27,25,10,13,17,39,28,45,33,55,27,61,30,59,4,8,48,46,18,35,63,22,58,,,56,52,,,43,13,55,34,47,37,32,55,31,59,29,15,45,52,49,58,55,60,59,62,7,34,61,44,,53,,,b'\x11\xe8\xe1I\xcb\xcd\x80l\xaf\x82\x12\xdf\x17\xaeN\x1e'
11E8E149-CBCD-806C-AF82-12DF17AE4E1E,2022-ncaa-d0-natl,ncaa,199,134,295,170,305,286,301,333,148,340,354,76,78,89,107,12,310,310,237,309,48,335,336,72,94,146,15,14,272,322,255,154,52,240,82,173,11,97,268,126,342,314,199,152,,,21,99,,,153,329,310,176,235,264,327,343,352,38,36,287,274,272,325,331,296,30,97,76,208,328,163,,50,,,151,21,20,63,15,10,54,4,177,158,237,265,68,58,204,54,169,51,21,28,38,130,334,333,212,46,52,23,255,22,82,7,49,351,339,233,212,335,5,141,,,266,66,,,153,24,178,124,151,69,51,187,13,128,270,262,136,127,129,173,45,126,94,93,18,345,298,16,,157,,,b'\x11\xe8\xe1I\xcb\xcd\x80l\xaf\x82\x12\xdf\x17\xaeN\x1e'
11E8E149-CBCD-806C-AF82-12DF17AE4E1E,2022-ncaa-d1-conf-Big West,ncaa,6,6,5,6,6,5,5,7,2,8,11,1,4,3,4,1,9,9,10,9,4,7,5,1,2,3,3,2,9,4,2,1,1,3,1,1,1,8,9,3,8,8,2,2,,,4,5,,,3,7,7,5,3,2,7,7,11,2,2,9,9,9,9,5,4,1,1,1,9,9,1,,5,,,3,3,3,7,1,2,5,1,8,6,8,6,5,5,5,5,4,7,5,1,2,7,10,10,6,4,1,1,2,1,1,1,2,11,11,7,10,11,2,7,,,6,6,,,3,4,3,5,3,6,4,10,3,8,8,7,5,6,6,8,4,3,2,1,2,11,11,4,,6,,,b'\x11\xe8\xe1I\xcb\xcd\x80l\xaf\x82\x12\xdf\x17\xaeN\x1e'
11E8E149-CBCD-806C-AF82-12DF17AE4E1E,2022-ncaa-d1-natl,ncaa,176,134,270,166,285,265,280,324,127,330,353,65,73,74,98,19,299,298,217,297,57,325,328,67,85,138,21,18,273,319,263,105,51,197,83,137,11,133,270,124,342,322,174,139,,,22,78,,,148,315,308,184,231,247,324,335,352,44,40,288,277,273,328,336,304,21,96,67,211,333,149,,44,,,144,35,31,114,11,12,96,5,198,200,205,261,80,72,178,73,142,96,38,25,25,118,326,325,193,69,51,40,263,43,83,10,48,351,346,253,260,335,5,105,,,249,72,,,148,40,169,120,143,70,55,217,18,156,260,266,121,119,118,193,57,141,88,99,21,350,296,15,,180,,,b'\x11\xe8\xe1I\xcb\xcd\x80l\xaf\x82\x12\xdf\x17\xaeN\x1e'
11E8E149-CBCD-806C-AF82-12DF17AE4E1E,2023-ncaa-d0-natl,ncaa,181,139,290,169,320,266,259,312,173,326,350,101,78,71,142,14,342,342,256,344,209,325,338,117,142,153,40,12,347,319,283,216,34,278,164,204,110,65,207,147,313,269,160,106,,,118,288,,,181,327,268,291,220,220,258,315,345,39,30,340,335,340,290,306,296,105,215,157,149,290,128,,206,,,181,45,18,31,105,21,57,43,105,40,342,90,281,243,327,245,302,38,26,112,185,238,329,194,348,11,34,86,283,36,164,11,45,329,265,132,132,255,10,120,,,299,182,,,181,38,170,195,181,127,43,56,48,118,162,71,314,294,296,93,51,32,214,116,26,309,214,20,,240,,,b'\x11\xe8\xe1I\xcb\xcd\x80l\xaf\x82\x12\xdf\x17\xaeN\x1e'
11E8E149-CBCD-806C-AF82-12DF17AE4E1E,2023-ncaa-d1-conf-Big West,ncaa,5,4,8,5,8,5,4,8,3,9,10,3,1,2,3,1,11,11,10,11,8,9,9,1,3,3,3,1,11,9,8,5,2,7,5,4,3,3,5,2,10,9,2,3,,,6,7,,,5,8,1,8,2,2,3,6,9,1,1,11,11,11,3,6,8,2,2,1,5,9,2,,7,,,5,5,2,3,4,3,6,2,4,3,10,2,9,8,7,8,9,4,4,4,6,6,9,3,10,2,2,4,8,3,5,1,1,10,9,3,3,7,2,3,,,8,6,,,5,4,4,6,4,8,4,7,6,10,4,3,9,9,9,7,4,2,8,7,1,9,7,2,,5,,,b'\x11\xe8\xe1I\xcb\xcd\x80l\xaf\x82\x12\xdf\x17\xaeN\x1e'
11E8E149-CBCD-806C-AF82-12DF17AE4E1E,2023-ncaa-d1-natl,ncaa,167,138,219,159,293,234,223,279,160,310,349,82,59,50,142,14,340,336,262,337,206,299,318,99,133,145,43,14,348,303,284,142,19,218,125,182,103,97,202,132,304,273,136,102,,,128,256,,,153,305,262,291,212,206,250,312,344,38,25,339,335,341,285,299,296,70,174,143,146,294,123,,173,,,150,48,19,49,53,18,84,21,115,70,288,108,283,248,333,250,289,61,39,64,122,174,328,197,346,18,19,140,284,62,125,9,35,317,269,86,139,231,6,90,,,283,204,,,153,58,168,126,151,86,34,65,34,117,146,91,302,276,275,98,52,28,213,119,20,306,180,12,,261,,,b'\x11\xe8\xe1I\xcb\xcd\x80l\xaf\x82\x12\xdf\x17\xaeN\x1e'
11E8E149-CBCD-806C-AF82-12DF17AE4E1E,2024-ncaa-d0-natl,ncaa,127,127,94,133,114,193,179,193,157,297,337,102,35,26,105,7,346,351,195,351,287,240,213,97,125,180,26,5,358,328,344,79,85,166,231,121,59,273,295,165,180,190,92,111,,,185,161,,,185,170,265,219,258,242,304,342,354,32,22,356,356,356,333,327,343,69,237,125,223,206,110,,136,,,183,146,107,221,35,70,234,7,263,164,346,143,182,158,254,167,139,215,197,56,64,98,317,307,212,180,85,280,344,258,231,89,132,202,221,145,312,323,18,85,,,287,296,,,185,206,228,100,179,84,59,159,31,187,234,129,152,137,141,140,97,142,241,208,66,244,284,10,,330,,,b'\x11\xe8\xe1I\xcb\xcd\x80l\xaf\x82\x12\xdf\x17\xaeN\x1e'
11E8E149-CBCD-806C-AF82-12DF17AE4E1E,2024-ncaa-d1-conf-Big West,ncaa,3,4,1,3,1,2,2,2,3,6,8,2,1,1,2,1,9,9,6,9,7,3,2,1,2,4,2,1,11,9,10,1,5,1,6,1,1,10,9,2,5,8,1,2,,,10,8,,,3,2,7,9,6,6,10,9,11,1,1,11,11,11,11,9,10,1,7,1,6,8,1,,6,,,4,9,8,10,2,8,11,1,9,7,10,3,9,9,10,9,2,10,10,2,1,4,9,8,9,10,5,11,10,10,6,6,3,5,9,5,10,7,1,3,,,5,6,,,3,10,5,4,4,5,4,8,4,9,7,5,6,6,6,8,8,8,6,7,3,9,7,1,,9,,,b'\x11\xe8\xe1I\xcb\xcd\x80l\xaf\x82\x12\xdf\x17\xaeN\x1e'
11E8E149-CBCD-806C-AF82-12DF17AE4E1E,2024-ncaa-d1-natl,ncaa,108,129,38,127,60,149,141,151,144,282,335,91,20,15,86,7,346,348,206,346,295,207,167,81,109,160,23,4,362,318,340,43,67,127,204,79,46,297,294,147,163,202,93,131,,,221,163,,,160,108,252,238,247,223,289,340,356,22,21,359,358,358,332,327,342,54,210,100,227,212,120,,133,,,164,180,150,271,35,81,280,4,285,200,336,146,191,194,202,195,133,263,254,52,55,89,316,302,208,194,67,313,340,287,204,102,99,180,224,145,330,325,11,61,,,265,305,,,160,264,208,87,153,73,62,165,32,189,219,134,145,138,139,143,99,119,232,189,58,248,292,8,,332,,,b'\x11\xe8\xe1I\xcb\xcd\x80l\xaf\x82\x12\xdf\x17\xaeN\x1e'
11E8E149-CBCD-806C-AF82-12DF17AE4E1E,2025-ncaa-d0-natl,genius_ncaa,109,91,135,102,156,171,198,206,184,278,316,131,79,59,160,40,148,170,142,170,43,202,200,139,123,139,35,50,149,298,317,29,63,86,128,136,54,178,212,152,207,233,58,67,,,165,154,,81,79,162,207,119,177,227,265,301,333,64,55,154,170,173,260,261,309,5,56,131,178,224,48,,156,,80,79,46,39,252,3,51,274,2,62,166,8,115,149,126,248,119,74,247,215,1,2,13,185,134,260,214,63,232,317,234,128,6,7,252,276,42,275,280,25,91,,,138,86,,131,79,206,178,18,77,28,26,275,52,300,54,144,144,124,122,245,184,216,228,229,3,274,268,18,,139,,137,b'\x11\xe8\xe1I\xcb\xcd\x80l\xaf\x82\x12\xdf\x17\xaeN\x1e'
11E8E149-CBCD-806C-AF82-12DF17AE4E1E,2025-ncaa-d1-conf-Big West,genius_ncaa,3,4,1,4,2,2,2,4,1,4,7,1,1,1,2,3,4,5,5,5,4,3,3,1,1,2,3,3,6,8,9,1,2,2,2,1,1,8,7,2,6,8,1,4,,,9,7,,6,1,2,4,10,3,3,7,6,10,1,3,5,6,6,8,8,10,1,3,1,6,7,2,,6,,3,1,5,5,11,1,6,11,1,6,7,3,3,6,6,5,6,2,11,10,1,2,3,5,4,7,8,2,9,9,8,2,2,1,7,9,4,9,7,2,1,,,4,4,,5,1,10,2,3,1,3,3,9,4,11,4,6,5,6,6,8,6,5,4,5,1,9,7,1,,5,,6,b'\x11\xe8\xe1I\xcb\xcd\x80l\xaf\x82\x12\xdf\x17\xaeN\x1e'
11E8E149-CBCD-806C-AF82-12DF17AE4E1E,2025-ncaa-d1-natl,genius_ncaa,107,91,113,103,131,141,175,196,157,260,308,107,63,53,121,40,163,180,133,181,57,202,194,112,104,123,40,45,181,288,308,25,57,72,99,113,53,196,219,138,198,227,59,70,,,154,131,,90,67,155,205,126,161,201,261,294,332,52,52,178,193,198,267,264,304,4,43,110,179,220,48,,132,,85,69,37,35,265,3,49,280,2,68,203,4,150,138,110,253,105,64,251,218,1,1,7,184,146,251,215,57,226,308,225,99,6,10,246,274,47,275,279,20,69,,,157,116,,131,67,215,149,13,65,19,24,271,46,287,62,181,126,106,98,243,183,214,200,208,3,265,263,14,,179,,146,b'\x11\xe8\xe1I\xcb\xcd\x80l\xaf\x82\x12\xdf\x17\xaeN\x1e'
11E8E149-CBCD-806C-AF82-12DF17AE4E1E,2026-ncaa-d0-natl,genius_ncaa,87,80,116,95,120,109,123,161,104,211,256,120,19,37,38,16,145,205,11,208,133,162,195,58,51,50,9,12,247,303,338,127,155,193,256,130,162,112,98,90,114,108,232,267,,,68,14,,205,152,164,202,41,83,121,179,264,335,9,22,161,262,269,195,283,344,123,258,120,77,108,269,,19,,183,155,262,269,244,220,199,201,171,332,294,314,298,146,91,348,103,73,229,204,250,251,261,284,331,70,194,155,250,338,237,256,186,67,196,239,198,119,113,150,218,,,253,311,,223,152,207,81,254,146,254,256,264,171,173,338,303,110,59,66,234,191,178,247,220,144,239,98,133,,321,,252,b'\x11\xe8\xe1I\xcb\xcd\x80l\xaf\x82\x12\xdf\x17\xaeN\x1e'
11E8E149-CBCD-806C-AF82-12DF17AE4E1E,2026-ncaa-d1-conf-Big West,genius_ncaa,4,1,10,1,10,11,11,11,5,11,10,5,10,11,5,8,8,9,1,9,7,10,11,6,6,6,7,7,5,11,10,11,1,11,7,10,7,1,3,4,6,3,11,11,,,2,2,,1,5,10,4,1,5,4,3,3,3,6,7,4,6,6,3,7,8,8,11,5,3,3,11,,2,,1,5,2,2,2,10,2,2,11,5,1,8,10,2,2,10,2,3,2,1,11,9,7,7,9,3,1,1,2,10,2,7,1,4,11,3,4,1,1,4,7,,,10,9,,11,5,2,5,4,5,5,7,3,4,2,10,10,2,2,2,2,3,1,9,3,4,3,1,7,,9,,11,b'\x11\xe8\xe1I\xcb\xcd\x80l\xaf\x82\x12\xdf\x17\xaeN\x1e'
11E8E149-CBCD-806C-AF82-12DF17AE4E1E,2026-ncaa-d1-natl,genius_ncaa,74,80,85,97,89,100,121,132,132,227,273,131,13,20,54,16,159,237,13,244,165,146,169,73,61,59,14,13,261,306,337,75,128,158,230,116,168,110,91,93,128,156,174,215,,,63,19,,178,153,134,226,47,111,148,176,290,339,11,22,206,297,298,211,296,342,70,208,137,67,151,199,,21,,151,159,275,267,287,159,199,240,112,334,307,307,270,168,127,322,140,91,270,236,204,201,254,292,327,100,225,128,289,337,275,230,180,69,232,296,226,147,129,139,207,,,260,316,,245,153,240,95,243,154,239,238,273,137,201,329,289,131,92,99,254,166,179,251,233,125,289,104,119,,333,,269,b'\x11\xe8\xe1I\xcb\xcd\x80l\xaf\x82\x12\xdf\x17\xaeN\x1e'
11E8E149-CBD1-C3B6-AF82-12DF17AE4E1E,2010-ncaa-d0-natl,ncaa,274,290,178,282,203,182,219,184,253,153,101,263,304,300,277,307,32,40,125,42,58,145,133,287,240,239,224,313,7,105,108,275,288,206,233,197,163,229,214,229,266,288,224,227,,,341,343,,,269,148,67,184,156,224,148,128,55,305,291,13,16,16,85,56,85,302,203,190,254,261,225,,343,,,269,284,200,101,313,249,151,308,65,65,167,49,341,338,274,338,335,169,185,291,324,309,189,27,337,191,288,187,108,189,233,86,49,108,111,66,54,56,329,307,,,32,17,,,269,191,225,310,270,308,232,99,279,175,77,59,340,337,333,216,259,229,232,245,116,86,83,333,,9,,,b'\x11\xe8\xe1I\xcb\xd1\xc3\xb6\xaf\x82\x12\xdf\x17\xaeN\x1e'
11E8E149-CBD1-C3B6-AF82-12DF17AE4E1E,2010-ncaa-d1-conf-Big West,ncaa,7,7,5,7,8,7,7,5,7,5,3,8,9,7,9,8,1,1,2,1,3,3,4,9,7,7,5,9,1,2,2,9,8,5,5,7,5,4,3,6,5,4,5,4,,,9,9,,,7,8,3,9,5,8,4,4,3,8,8,1,1,1,2,3,2,8,5,6,6,4,5,,9,,,7,6,2,1,8,6,4,7,3,1,9,3,9,9,7,9,8,2,2,9,9,8,4,3,9,2,8,3,2,3,5,1,1,3,2,2,1,1,7,7,,,2,2,,,7,1,7,8,7,7,4,2,5,5,3,1,9,8,8,4,5,5,5,5,2,3,1,7,,1,,,b'\x11\xe8\xe1I\xcb\xd1\xc3\xb6\xaf\x82\x12\xdf\x17\xaeN\x1e'
11E8E149-CBD1-C3B6-AF82-12DF17AE4E1E,2010-ncaa-d1-natl,ncaa,281,289,191,287,223,196,237,198,260,166,110,271,308,302,280,307,36,46,124,48,57,160,145,291,247,242,223,312,6,114,112,293,291,228,244,206,165,221,214,234,278,292,231,229,,,340,344,,,274,162,67,172,162,227,150,133,56,305,293,13,16,16,91,56,88,303,206,197,254,268,225,,343,,,276,277,187,80,314,245,133,309,54,50,169,48,341,336,275,335,334,151,166,294,326,313,188,28,336,170,291,169,112,180,244,79,52,124,117,70,47,57,328,310,,,39,15,,,274,173,228,314,276,314,239,100,283,178,79,59,341,338,335,222,258,228,233,247,118,88,83,334,,8,,,b'\x11\xe8\xe1I\xcb\xd1\xc3\xb6\xaf\x82\x12\xdf\x17\xaeN\x1e'
11E8E149-CBD1-C3B6-AF82-12DF17AE4E1E,2011-ncaa-d0-natl,ncaa,168,154,170,165,240,127,175,260,73,187,232,96,156,207,46,184,48,60,61,60,13,218,229,70,46,60,91,171,27,218,143,290,288,287,228,200,194,116,179,175,160,151,193,156,,,119,153,,,168,228,184,333,95,165,269,177,248,140,196,23,38,36,221,235,221,308,303,180,149,161,187,,149,,,168,224,216,147,284,160,47,314,289,292,195,322,144,77,341,78,161,123,136,306,314,283,252,283,107,180,288,39,143,75,228,311,317,145,122,264,74,107,217,259,,,106,28,,,168,127,66,286,155,254,250,172,182,40,305,313,152,91,92,141,165,200,49,92,319,128,93,226,,68,,,b'\x11\xe8\xe1I\xcb\xd1\xc3\xb6\xaf\x82\x12\xdf\x17\xaeN\x1e'
11E8E149-CBD1-C3B6-AF82-12DF17AE4E1E,2011-ncaa-d1-conf-Big West,ncaa,5,5,5,5,8,4,7,7,4,6,8,4,5,6,3,5,2,2,5,1,1,7,7,3,3,4,3,4,1,8,5,9,6,9,5,6,7,4,4,5,5,3,6,6,,,3,4,,,5,7,6,9,3,6,7,5,7,4,6,1,1,1,7,6,8,9,8,6,5,4,7,,4,,,5,6,7,4,9,5,2,9,9,8,6,8,3,3,9,3,5,3,3,9,9,9,5,8,3,2,6,2,5,2,5,9,9,6,3,8,4,5,6,9,,,3,1,,,5,4,5,9,5,8,8,6,6,2,9,8,4,4,4,5,5,6,3,4,9,4,5,8,,1,,,b'\x11\xe8\xe1I\xcb\xd1\xc3\xb6\xaf\x82\x12\xdf\x17\xaeN\x1e'
11E8E149-CBD1-C3B6-AF82-12DF17AE4E1E,2011-ncaa-d1-natl,ncaa,174,152,199,172,276,147,197,280,79,200,262,98,163,214,48,181,53,75,59,76,13,248,260,72,45,61,87,168,27,239,148,305,294,305,232,212,197,97,183,183,182,157,203,160,,,102,152,,,174,260,189,333,99,168,271,183,251,141,194,23,39,38,222,239,227,311,306,184,149,166,190,,150,,,174,206,199,120,286,143,38,318,286,288,198,321,138,64,341,65,159,94,101,308,318,288,248,283,106,162,294,23,148,54,232,305,317,166,128,270,66,110,209,266,,,121,28,,,174,94,70,295,163,258,254,177,186,41,305,313,155,90,91,146,164,201,47,93,322,131,93,229,,66,,,b'\x11\xe8\xe1I\xcb\xd1\xc3\xb6\xaf\x82\x12\xdf\x17\xaeN\x1e'
11E8E149-CBD1-C3B6-AF82-12DF17AE4E1E,2012-ncaa-d0-natl,ncaa,198,202,163,207,177,145,131,176,96,124,179,86,175,157,196,162,161,145,227,140,133,167,139,116,126,172,208,186,191,133,89,250,237,193,147,116,119,285,270,205,168,170,173,188,,,165,139,,,221,139,76,99,117,101,146,105,164,161,149,157,131,124,136,74,114,260,182,87,298,150,165,,191,,,222,264,298,200,313,298,206,317,221,179,262,180,118,92,250,93,82,186,198,310,305,284,77,173,57,168,237,82,89,110,147,312,265,133,135,256,264,247,150,152,,,237,294,,,221,203,162,271,223,288,309,253,308,258,234,205,134,116,121,228,258,195,108,136,316,104,277,165,,228,,,b'\x11\xe8\xe1I\xcb\xd1\xc3\xb6\xaf\x82\x12\xdf\x17\xaeN\x1e'
11E8E149-CBD1-C3B6-AF82-12DF17AE4E1E,2012-ncaa-d1-conf-Big West,ncaa,5,3,5,5,6,4,5,7,3,6,6,4,5,5,2,5,4,3,7,3,3,6,5,5,3,5,5,5,4,4,2,6,7,5,5,4,2,8,7,7,6,7,4,4,,,4,4,,,7,5,3,2,3,3,5,5,5,5,5,5,3,3,5,3,3,5,4,2,8,6,4,,5,,,7,7,7,7,6,7,7,7,4,4,1,3,2,2,6,2,2,6,6,5,4,6,2,3,1,8,7,1,2,3,5,8,5,6,6,8,6,6,5,6,,,6,8,,,7,5,5,7,6,8,9,9,9,9,4,5,2,2,2,8,9,9,3,4,9,6,7,7,,4,,,b'\x11\xe8\xe1I\xcb\xd1\xc3\xb6\xaf\x82\x12\xdf\x17\xaeN\x1e'
11E8E149-CBD1-C3B6-AF82-12DF17AE4E1E,2012-ncaa-d1-natl,ncaa,208,201,196,213,217,168,160,208,102,140,205,87,179,163,195,162,172,161,226,155,132,200,163,120,128,175,207,187,188,149,94,274,239,223,150,134,119,278,275,213,183,178,181,194,,,144,138,,,233,169,79,90,124,107,152,107,169,159,149,159,129,122,141,78,120,263,190,99,297,158,168,,192,,,234,247,285,177,319,291,185,320,212,163,266,176,106,84,252,89,82,154,170,313,310,288,75,168,58,152,239,61,94,81,150,303,268,152,142,259,252,249,147,156,,,258,290,,,233,171,166,276,236,291,312,253,309,260,236,204,138,119,124,232,257,196,111,139,319,108,273,169,,228,,,b'\x11\xe8\xe1I\xcb\xd1\xc3\xb6\xaf\x82\x12\xdf\x17\xaeN\x1e'
11E8E149-CBD1-C3B6-AF82-12DF17AE4E1E,2013-ncaa-d0-natl,ncaa,273,284,183,283,218,286,297,250,320,308,258,317,200,172,249,132,212,181,276,167,89,239,246,311,312,302,79,120,92,184,216,277,130,247,234,302,252,170,217,300,223,189,334,328,,,20,41,,,285,251,259,179,305,316,250,313,259,189,153,210,169,155,242,238,164,288,245,313,196,218,336,,28,,,282,123,159,83,271,84,28,288,288,262,262,318,44,29,290,30,109,54,69,299,289,258,260,309,48,45,130,239,216,152,234,214,262,195,109,221,156,201,257,298,,,134,55,,,285,80,299,235,293,159,186,83,108,20,300,285,50,41,41,57,61,67,269,193,239,175,176,269,,99,,,b'\x11\xe8\xe1I\xcb\xd1\xc3\xb6\xaf\x82\x12\xdf\x17\xaeN\x1e'
11E8E149-CBD1-C3B6-AF82-12DF17AE4E1E,2013-ncaa-d1-conf-Big West,ncaa,9,8,9,9,9,10,10,9,9,10,9,9,6,6,6,5,8,5,8,5,4,8,9,9,9,9,2,3,4,6,6,10,4,8,6,10,8,2,6,9,8,6,10,10,,,1,1,,,8,10,9,6,9,9,6,9,8,5,5,7,5,4,7,8,4,9,6,9,5,8,10,,1,,,8,2,4,1,9,2,1,9,10,9,10,10,1,1,10,1,2,1,1,10,9,9,9,10,1,1,4,6,6,3,6,7,8,7,5,10,4,6,9,10,,,6,2,,,8,1,9,9,8,8,9,4,5,2,10,10,1,1,1,3,2,2,9,4,9,6,5,9,,4,,,b'\x11\xe8\xe1I\xcb\xd1\xc3\xb6\xaf\x82\x12\xdf\x17\xaeN\x1e'
11E8E149-CBD1-C3B6-AF82-12DF17AE4E1E,2013-ncaa-d1-natl,ncaa,281,282,210,287,254,305,318,273,323,321,274,323,206,182,249,129,227,194,273,183,89,261,269,315,315,303,76,120,86,209,217,300,135,276,240,313,250,151,220,303,236,196,337,329,,,15,41,,,292,276,263,172,309,320,257,315,263,194,154,210,166,156,249,240,165,293,250,316,197,226,336,,29,,,292,106,143,55,277,76,18,292,285,252,263,317,42,25,296,27,109,36,46,303,294,265,262,309,48,42,135,224,217,127,240,208,261,208,113,226,143,205,251,301,,,150,51,,,292,53,303,241,302,163,189,84,109,22,299,282,51,41,41,59,59,66,272,198,241,182,178,270,,100,,,b'\x11\xe8\xe1I\xcb\xd1\xc3\xb6\xaf\x82\x12\xdf\x17\xaeN\x1e'
11E8E149-CBD1-C3B6-AF82-12DF17AE4E1E,2014-ncaa-d0-natl,ncaa,148,150,131,158,132,104,123,47,282,158,79,301,92,98,123,154,68,99,111,104,179,57,86,261,240,160,90,121,96,62,121,168,204,103,182,118,143,54,23,54,146,184,314,316,,,54,18,,,175,104,104,20,74,109,23,160,72,99,99,55,81,88,22,45,40,182,84,113,52,160,320,,44,,,175,285,308,267,266,197,118,296,344,342,285,343,49,46,185,40,68,225,234,308,288,267,291,343,11,209,204,300,121,283,182,343,340,129,149,300,123,83,215,146,,,126,210,,,175,239,115,264,183,284,308,306,203,79,345,343,45,41,37,241,259,194,303,282,340,125,127,222,,126,,,b'\x11\xe8\xe1I\xcb\xd1\xc3\xb6\xaf\x82\x12\xdf\x17\xaeN\x1e'
11E8E149-CBD1-C3B6-AF82-12DF17AE4E1E,2014-ncaa-d1-conf-Big West,ncaa,4,4,1,4,1,2,3,2,8,4,4,9,5,5,6,5,1,1,7,1,4,1,1,9,8,4,4,5,1,1,4,6,5,4,5,4,4,4,1,3,2,3,8,8,,,2,1,,,5,2,4,1,2,3,2,5,5,5,5,1,1,1,1,1,1,6,4,4,2,2,8,,1,,,5,8,9,8,8,9,4,9,9,9,5,9,2,2,4,2,2,7,7,8,7,7,3,9,2,5,5,9,4,8,5,9,9,2,2,8,6,5,9,7,,,1,5,,,5,7,3,6,5,7,9,8,9,3,9,9,2,2,2,6,7,4,8,7,9,2,6,9,,1,,,b'\x11\xe8\xe1I\xcb\xd1\xc3\xb6\xaf\x82\x12\xdf\x17\xaeN\x1e'
11E8E149-CBD1-C3B6-AF82-12DF17AE4E1E,2014-ncaa-d1-natl,ncaa,143,150,100,155,101,91,112,42,288,133,59,302,95,89,149,158,57,82,108,86,182,40,61,270,249,164,97,130,96,38,108,155,218,79,178,105,133,57,23,51,118,159,308,309,,,62,16,,,164,82,93,24,72,105,22,154,64,103,95,51,75,82,19,38,31,189,70,103,50,142,316,,46,,,165,301,318,286,262,214,124,294,346,342,285,342,57,52,176,49,72,244,267,310,286,251,291,343,12,227,218,319,108,302,178,344,340,101,117,290,127,77,243,156,,,108,228,,,164,265,115,251,173,285,306,298,197,77,344,343,47,44,42,242,263,202,307,284,339,101,121,233,,131,,,b'\x11\xe8\xe1I\xcb\xd1\xc3\xb6\xaf\x82\x12\xdf\x17\xaeN\x1e'
11E8E149-CBD1-C3B6-AF82-12DF17AE4E1E,2015-ncaa-d0-natl,ncaa,294,316,113,304,130,248,219,132,296,111,49,292,333,316,342,332,187,135,302,135,272,136,127,326,327,313,328,337,107,183,271,165,304,174,310,197,158,203,181,214,296,324,156,184,,,273,229,,,336,114,113,119,297,260,147,116,31,336,323,211,144,143,143,147,209,189,208,220,190,305,174,,267,,,332,314,295,277,249,273,239,254,274,276,196,225,286,288,216,299,259,291,266,252,256,287,217,210,218,313,304,318,271,326,310,306,248,192,253,282,189,168,10,3,,,110,139,,,336,240,321,310,330,308,300,291,280,232,272,272,286,284,289,312,293,317,321,332,302,220,184,9,,112,,,b'\x11\xe8\xe1I\xcb\xd1\xc3\xb6\xaf\x82\x12\xdf\x17\xaeN\x1e'
11E8E149-CBD1-C3B6-AF82-12DF17AE4E1E,2015-ncaa-d1-conf-Big West,ncaa,8,7,5,8,5,8,7,6,7,2,1,7,9,8,9,9,7,4,8,4,8,6,6,8,8,8,8,9,3,5,5,6,8,6,7,6,5,2,5,4,9,9,2,3,,,5,6,,,8,7,3,3,7,7,5,1,1,9,9,6,4,4,5,4,5,5,5,5,3,9,2,,7,,,8,7,8,7,7,9,6,6,4,5,7,3,3,5,1,5,4,8,6,7,7,8,3,3,2,9,8,8,5,9,7,6,2,6,6,7,6,5,3,2,,,5,4,,,8,3,8,9,8,8,9,9,9,9,4,5,5,5,5,9,9,9,8,9,7,5,6,3,,3,,,b'\x11\xe8\xe1I\xcb\xd1\xc3\xb6\xaf\x82\x12\xdf\x17\xaeN\x1e'
11E8E149-CBD1-C3B6-AF82-12DF17AE4E1E,2015-ncaa-d1-natl,ncaa,291,313,97,302,108,240,218,107,310,105,32,312,337,320,344,333,140,109,290,104,253,107,99,332,332,315,325,336,67,166,265,152,307,145,312,205,170,206,168,221,307,334,169,198,,,301,251,,,336,89,109,125,293,267,143,120,26,338,327,155,112,113,130,133,193,188,188,239,186,316,185,,283,,,329,324,305,286,257,286,247,256,282,283,208,223,310,312,180,317,277,306,283,255,265,296,233,204,234,321,307,328,265,332,312,309,235,188,255,280,178,150,9,3,,,81,105,,,336,258,319,314,330,311,296,291,283,235,271,272,297,295,304,313,296,318,330,333,299,219,166,9,,79,,,b'\x11\xe8\xe1I\xcb\xd1\xc3\xb6\xaf\x82\x12\xdf\x17\xaeN\x1e'
11E8E149-CBD1-C3B6-AF82-12DF17AE4E1E,2016-ncaa-d0-natl,ncaa,338,344,175,342,240,295,259,123,344,175,43,337,338,305,349,320,230,232,212,235,328,140,123,345,345,344,330,334,122,163,287,246,327,221,344,237,154,227,202,256,280,314,153,171,,,239,190,,,344,118,36,342,315,285,63,159,16,339,310,244,239,240,85,64,164,262,219,245,245,278,148,,268,,,344,312,301,231,304,305,212,318,199,206,155,165,325,318,278,315,295,250,253,296,314,301,160,103,268,322,327,338,287,338,344,296,230,133,184,234,251,224,177,79,,,175,223,,,344,226,343,321,344,326,308,278,310,250,219,239,326,315,314,309,323,331,346,346,309,119,256,187,,160,,,b'\x11\xe8\xe1I\xcb\xd1\xc3\xb6\xaf\x82\x12\xdf\x17\xaeN\x1e'
11E8E149-CBD1-C3B6-AF82-12DF17AE4E1E,2016-ncaa-d1-conf-Big West,ncaa,8,9,6,9,7,8,8,4,9,7,2,9,9,9,9,9,6,6,5,6,8,6,5,9,9,9,9,9,1,5,8,7,9,6,9,8,6,5,4,7,5,5,2,1,,,8,7,,,9,5,2,6,8,8,2,7,2,9,9,5,7,7,2,1,3,7,6,7,8,4,1,,8,,,9,8,7,7,5,5,5,6,5,5,5,5,9,8,9,8,8,6,7,6,8,6,5,5,9,9,9,9,8,9,9,5,6,3,4,6,4,4,8,7,,,5,7,,,9,5,9,7,8,9,7,7,7,6,6,5,9,9,9,8,9,9,9,9,6,3,4,8,,6,,,b'\x11\xe8\xe1I\xcb\xd1\xc3\xb6\xaf\x82\x12\xdf\x17\xaeN\x1e'
11E8E149-CBD1-C3B6-AF82-12DF17AE4E1E,2016-ncaa-d1-natl,ncaa,332,344,142,341,216,284,258,100,340,152,35,333,338,304,349,321,243,237,236,240,330,124,118,344,345,344,332,335,140,159,283,238,323,211,338,233,163,239,201,258,274,314,165,190,,,267,203,,,344,100,37,341,312,274,62,143,16,340,309,250,239,244,84,65,163,259,225,242,244,279,162,,277,,,343,322,301,233,306,306,224,318,197,216,148,162,329,319,275,318,299,259,264,296,314,301,162,98,279,319,323,340,283,342,338,295,222,131,189,229,256,220,188,83,,,173,222,,,344,237,344,317,345,325,306,271,311,246,212,226,330,317,315,305,318,322,346,345,299,129,255,193,,152,,,b'\x11\xe8\xe1I\xcb\xd1\xc3\xb6\xaf\x82\x12\xdf\x17\xaeN\x1e'
11E8E149-CBD1-C3B6-AF82-12DF17AE4E1E,2017-ncaa-d0-natl,ncaa,328,342,168,335,199,250,254,229,266,281,250,301,137,167,86,119,278,283,179,278,232,243,240,239,249,247,73,70,238,283,309,313,340,321,342,242,198,176,233,244,179,176,326,328,,,82,64,,,333,210,205,193,278,268,244,298,259,122,149,283,288,282,264,265,289,330,338,254,205,164,325,,89,,,332,313,311,227,333,266,154,330,324,292,328,299,139,111,302,104,124,209,187,337,339,337,235,296,61,312,340,255,309,292,342,342,328,219,234,332,145,188,151,209,,,298,299,,,333,145,274,344,330,332,329,278,291,159,332,309,147,118,115,254,230,322,269,310,344,224,158,171,,314,,,b'\x11\xe8\xe1I\xcb\xd1\xc3\xb6\xaf\x82\x12\xdf\x17\xaeN\x1e'
11E8E149-CBD1-C3B6-AF82-12DF17AE4E1E,2017-ncaa-d1-conf-Big West,ncaa,8,8,6,8,6,8,8,8,8,8,8,8,4,4,1,4,7,8,4,8,3,8,7,7,6,6,1,1,4,9,9,9,9,9,9,7,5,5,6,7,5,5,8,8,,,3,3,,,8,7,3,1,7,8,7,8,7,2,4,6,7,6,7,6,9,9,9,7,6,5,8,,4,,,8,9,9,7,9,7,5,9,8,8,8,7,5,4,9,4,5,6,5,9,9,9,4,6,3,9,9,8,9,9,9,9,8,5,5,8,3,5,4,5,,,8,5,,,8,3,8,9,8,9,9,8,9,6,8,8,7,5,5,9,9,8,9,9,9,5,5,4,,8,,,b'\x11\xe8\xe1I\xcb\xd1\xc3\xb6\xaf\x82\x12\xdf\x17\xaeN\x1e'
11E8E149-CBD1-C3B6-AF82-12DF17AE4E1E,2017-ncaa-d1-natl,ncaa,331,341,144,335,180,244,264,221,272,281,235,299,135,151,107,120,248,237,219,234,182,236,228,247,255,241,74,74,199,270,301,315,342,318,342,251,209,193,229,249,149,166,321,323,,,115,87,,,332,198,180,197,271,269,237,294,249,125,143,252,242,239,244,245,277,332,333,255,212,144,323,,130,,,329,325,319,251,332,263,143,330,332,303,329,306,177,145,304,134,156,235,210,335,338,337,259,301,81,321,342,277,301,310,342,345,328,205,229,330,151,179,156,213,,,271,278,,,332,154,275,344,329,332,329,283,284,150,337,312,187,144,133,267,245,327,285,321,344,206,161,174,,293,,,b'\x11\xe8\xe1I\xcb\xd1\xc3\xb6\xaf\x82\x12\xdf\x17\xaeN\x1e'
11E8E149-CBD1-C3B6-AF82-12DF17AE4E1E,2018-ncaa-d0-natl,ncaa,136,129,117,142,139,84,99,64,190,112,103,173,90,68,182,122,70,75,118,79,131,60,51,172,156,142,114,135,123,86,192,217,301,158,285,201,320,223,124,234,16,27,131,155,,,340,306,,,159,51,19,217,57,76,34,111,112,90,66,66,83,91,34,23,93,259,178,232,212,13,136,,333,,,159,291,268,221,273,275,236,265,184,171,200,119,326,330,106,330,304,260,303,255,266,158,187,111,280,305,301,304,192,316,285,310,309,24,39,112,183,102,123,82,,,94,199,,,159,295,141,183,164,288,253,209,272,229,174,153,317,317,317,266,328,298,307,310,304,22,171,113,,97,,,b'\x11\xe8\xe1I\xcb\xd1\xc3\xb6\xaf\x82\x12\xdf\x17\xaeN\x1e'
11E8E149-CBD1-C3B6-AF82-12DF17AE4E1E,2018-ncaa-d1-conf-Big West,ncaa,4,3,4,4,7,4,4,4,4,5,4,4,3,1,5,3,5,5,3,5,4,4,4,4,3,3,4,4,6,4,6,5,8,4,8,6,9,4,3,7,1,1,4,5,,,7,8,,,2,3,1,7,1,1,2,3,3,3,1,4,3,4,2,2,4,6,4,6,5,1,4,,8,,,2,5,7,5,6,6,4,6,4,4,6,4,7,7,1,7,7,5,7,7,6,3,4,4,5,7,8,9,6,8,8,8,8,2,2,2,4,2,2,2,,,5,5,,,2,7,3,3,2,7,9,6,6,6,4,4,7,7,7,8,9,7,9,8,9,2,4,2,,3,,,b'\x11\xe8\xe1I\xcb\xd1\xc3\xb6\xaf\x82\x12\xdf\x17\xaeN\x1e'
11E8E149-CBD1-C3B6-AF82-12DF17AE4E1E,2018-ncaa-d1-natl,ncaa,134,129,97,139,119,69,84,54,182,99,83,158,92,66,204,124,56,65,127,65,124,47,44,172,157,145,141,152,116,91,192,194,304,149,290,201,324,253,145,241,16,32,127,158,,,341,299,,,155,33,19,223,56,74,36,99,109,101,74,60,72,78,32,21,97,240,174,233,233,13,134,,336,,,155,305,275,250,258,277,255,248,198,179,224,114,326,333,101,331,304,285,315,245,258,155,196,124,277,315,304,313,192,327,290,319,316,26,40,115,196,109,123,72,,,66,177,,,155,315,144,175,168,285,252,221,264,241,188,154,319,321,319,280,331,305,307,313,311,22,177,111,,72,,,b'\x11\xe8\xe1I\xcb\xd1\xc3\xb6\xaf\x82\x12\xdf\x17\xaeN\x1e'
11E8E149-CBD1-C3B6-AF82-12DF17AE4E1E,2019-ncaa-d0-natl,ncaa,105,73,173,98,229,172,206,131,282,152,88,286,253,228,276,268,44,74,43,65,120,113,173,292,248,178,198,272,21,83,125,334,340,269,314,206,211,16,26,97,37,21,235,225,,,185,212,,,191,217,165,272,137,193,77,142,62,249,230,21,53,42,54,132,68,349,291,205,34,26,236,,222,,,189,186,176,78,312,201,92,316,133,119,212,179,204,158,326,159,228,76,166,310,324,200,142,123,208,262,340,247,125,261,314,244,271,32,15,83,32,44,159,101,,,166,155,,,191,143,133,235,187,212,219,63,229,80,141,136,229,180,179,60,211,273,280,290,263,24,50,173,,137,,,b'\x11\xe8\xe1I\xcb\xd1\xc3\xb6\xaf\x82\x12\xdf\x17\xaeN\x1e'
11E8E149-CBD1-C3B6-AF82-12DF17AE4E1E,2019-ncaa-d1-conf-Big West,ncaa,4,5,1,5,1,2,3,1,7,3,1,8,5,5,7,6,1,1,2,1,3,1,1,8,7,6,4,6,1,1,3,9,9,4,9,7,9,2,1,6,1,1,4,4,,,9,7,,,5,2,3,6,4,6,1,6,2,6,5,1,1,1,1,3,2,9,8,9,2,1,5,,7,,,5,9,9,5,9,9,6,9,2,3,5,3,8,8,8,8,6,7,9,9,9,6,2,1,5,8,9,9,3,9,9,9,6,1,1,4,2,1,7,3,,,1,6,,,5,9,4,6,5,7,7,2,8,3,2,3,7,6,6,3,7,8,9,9,7,1,1,6,,4,,,b'\x11\xe8\xe1I\xcb\xd1\xc3\xb6\xaf\x82\x12\xdf\x17\xaeN\x1e'
11E8E149-CBD1-C3B6-AF82-12DF17AE4E1E,2019-ncaa-d1-natl,ncaa,106,73,155,96,218,156,186,126,271,138,78,274,258,226,279,268,44,76,40,67,132,99,167,286,244,165,208,271,22,77,119,340,337,268,307,203,215,15,25,93,30,16,231,214,,,179,179,,,169,210,156,272,131,171,72,128,59,256,224,22,58,47,49,121,62,350,283,188,33,24,233,,203,,,169,170,176,71,308,193,86,316,132,117,205,188,195,141,330,141,215,59,166,302,315,193,142,126,198,252,337,253,119,260,307,238,277,33,14,76,31,38,148,92,,,169,163,,,169,145,127,211,163,202,203,61,221,74,134,133,210,159,160,54,212,270,278,284,259,23,47,159,,138,,,b'\x11\xe8\xe1I\xcb\xd1\xc3\xb6\xaf\x82\x12\xdf\x17\xaeN\x1e'
11E8E149-CBD1-C3B6-AF82-12DF17AE4E1E,2020-ncaa-d0-natl,ncaa,221,240,87,232,164,139,118,51,230,177,144,234,70,56,133,88,272,247,291,246,254,70,122,191,237,167,114,68,311,166,266,231,316,208,320,76,96,56,37,58,177,210,112,144,,,216,158,,,242,117,103,263,155,127,40,201,171,73,62,288,261,258,67,129,188,273,252,83,45,192,127,,194,,,240,299,298,272,273,285,263,249,253,210,296,163,208,218,153,218,155,272,270,275,266,277,156,185,135,313,316,338,266,339,320,332,307,164,216,300,167,133,257,224,,,182,221,,,242,226,178,290,245,288,294,271,279,255,250,197,195,204,207,270,271,305,336,333,327,186,152,238,,202,,,b'\x11\xe8\xe1I\xcb\xd1\xc3\xb6\xaf\x82\x12\xdf\x17\xaeN\x1e'
11E8E149-CBD1-C3B6-AF82-12DF17AE4E1E,2020-ncaa-d1-conf-Big West,ncaa,3,4,3,4,5,3,2,2,6,4,6,5,3,2,4,3,7,4,8,5,4,2,2,4,6,4,3,3,7,4,6,8,9,7,8,1,3,3,3,1,3,3,3,3,,,6,6,,,6,2,1,6,2,2,1,4,6,3,2,7,6,6,1,2,4,8,7,1,3,3,3,,7,,,6,7,8,8,7,8,7,5,5,6,6,4,4,5,3,5,3,8,8,7,7,7,3,4,3,9,9,8,6,9,8,8,7,3,3,7,8,8,9,7,,,2,5,,,6,8,3,8,6,8,8,7,8,7,5,6,4,4,4,7,9,9,9,9,8,3,8,9,,2,,,b'\x11\xe8\xe1I\xcb\xd1\xc3\xb6\xaf\x82\x12\xdf\x17\xaeN\x1e'
11E8E149-CBD1-C3B6-AF82-12DF17AE4E1E,2020-ncaa-d1-natl,ncaa,214,240,45,236,114,109,88,30,223,151,131,227,62,55,130,94,275,239,293,241,259,45,90,188,230,166,118,68,313,145,255,204,315,188,317,65,96,60,39,59,166,204,110,139,,,231,147,,,232,68,100,263,143,116,34,195,162,72,64,294,259,259,62,123,170,258,234,79,49,187,122,,193,,,232,302,301,291,246,286,281,226,264,238,274,176,211,226,162,225,157,300,305,250,239,261,167,189,138,318,315,342,255,338,317,331,300,161,213,291,175,129,259,224,,,191,250,,,232,276,175,284,233,284,286,274,269,249,244,206,198,205,205,272,274,309,329,334,324,179,147,240,,216,,,b'\x11\xe8\xe1I\xcb\xd1\xc3\xb6\xaf\x82\x12\xdf\x17\xaeN\x1e'
11E8E149-CBD1-C3B6-AF82-12DF17AE4E1E,2021-ncaa-d0-natl,ncaa,90,104,136,99,144,137,164,163,198,169,150,210,152,149,148,189,56,40,202,39,26,145,143,192,165,170,92,184,35,152,207,191,167,175,229,162,178,215,171,193,55,44,232,213,,,193,151,,,147,138,141,156,153,214,220,220,191,170,188,31,22,21,169,157,188,277,265,212,181,47,262,,163,,,148,183,171,163,205,138,119,229,269,259,209,311,193,182,241,183,261,165,201,245,252,136,303,289,172,154,167,230,207,200,229,277,323,46,28,129,271,259,118,100,,,106,84,,,147,206,169,116,148,144,125,75,68,30,270,270,165,149,153,73,157,99,210,148,267,39,259,84,,89,,,b'\x11\xe8\xe1I\xcb\xd1\xc3\xb6\xaf\x82\x12\xdf\x17\xaeN\x1e'
11E8E149-CBD1-C3B6-AF82-12DF17AE4E1E,2021-ncaa-d1-conf-Big West,ncaa,1,2,2,2,4,2,3,3,3,3,3,5,4,6,4,10,1,1,7,1,2,2,2,3,3,3,5,7,2,3,4,5,6,4,5,4,8,8,6,6,2,2,3,5,,,7,3,,,3,2,1,5,2,3,4,3,2,5,7,1,1,1,2,1,4,7,7,6,8,2,5,,5,,,3,10,8,7,7,8,7,9,8,8,5,8,8,7,8,7,7,7,9,9,10,5,8,7,5,8,6,9,4,9,5,8,9,2,2,5,9,8,9,7,,,1,1,,,3,9,3,3,3,8,6,5,5,4,8,8,6,4,4,5,9,4,8,4,9,1,9,8,,1,,,b'\x11\xe8\xe1I\xcb\xd1\xc3\xb6\xaf\x82\x12\xdf\x17\xaeN\x1e'
11E8E149-CBD1-C3B6-AF82-12DF17AE4E1E,2021-ncaa-d1-natl,ncaa,74,104,105,93,113,130,152,150,177,152,141,193,140,146,139,188,35,26,205,26,16,128,129,167,143,151,85,183,24,152,218,168,189,168,238,144,159,242,183,188,53,58,227,218,,,220,161,,,148,124,147,72,139,209,231,221,208,160,191,24,13,13,171,154,198,258,261,194,193,51,265,,183,,,149,205,194,189,193,147,132,233,285,289,195,315,220,221,199,222,274,191,214,237,244,147,305,295,182,188,189,247,218,225,238,291,322,45,46,146,290,270,125,99,,,69,51,,,148,221,163,129,149,169,134,90,69,29,280,289,184,184,188,94,188,132,203,171,272,48,272,78,,64,,,b'\x11\xe8\xe1I\xcb\xd1\xc3\xb6\xaf\x82\x12\xdf\x17\xaeN\x1e'
11E8E149-CBD1-C3B6-AF82-12DF17AE4E1E,2022-ncaa-d0-natl,ncaa,79,106,52,97,61,92,120,66,272,168,119,252,68,47,205,93,49,86,21,93,123,67,72,242,201,151,60,107,76,47,96,122,165,76,138,168,250,162,74,156,34,33,161,173,,,312,260,,,96,87,235,122,144,196,109,252,215,97,70,82,140,154,112,164,76,231,135,242,72,49,190,,240,,,103,236,190,233,113,195,216,158,155,237,54,183,321,293,338,290,257,247,264,108,154,124,223,112,313,215,165,291,96,281,138,279,307,58,98,151,212,128,317,301,,,44,80,,,96,272,124,111,100,107,72,80,105,97,93,140,277,233,227,96,122,134,201,166,189,117,138,300,,94,,,b'\x11\xe8\xe1I\xcb\xd1\xc3\xb6\xaf\x82\x12\xdf\x17\xaeN\x1e'
11E8E149-CBD1-C3B6-AF82-12DF17AE4E1E,2022-ncaa-d1-conf-Big West,ncaa,2,2,1,2,1,1,1,1,6,1,1,7,3,1,6,4,2,2,1,2,7,1,1,5,5,2,4,4,6,1,1,4,5,1,2,3,9,6,1,4,2,3,2,5,,,11,8,,,1,1,4,8,2,1,1,4,5,4,3,5,6,7,1,1,1,8,3,7,1,3,5,,7,,,1,11,10,10,7,11,11,7,3,4,1,2,11,11,11,11,8,11,11,5,6,4,3,1,11,8,5,11,1,11,2,10,8,2,3,4,5,1,10,9,,,1,7,,,1,11,2,3,2,3,2,3,6,5,1,1,9,8,8,3,6,1,5,4,6,3,2,9,,4,,,b'\x11\xe8\xe1I\xcb\xd1\xc3\xb6\xaf\x82\x12\xdf\x17\xaeN\x1e'
11E8E149-CBD1-C3B6-AF82-12DF17AE4E1E,2022-ncaa-d1-natl,ncaa,74,106,32,96,36,75,100,50,258,150,109,246,65,50,173,99,50,74,32,80,115,47,57,218,178,144,62,102,83,41,86,110,170,62,126,145,231,159,69,139,36,40,141,161,,,311,253,,,96,76,230,121,136,184,98,241,205,93,73,84,135,140,100,154,74,213,123,227,71,55,180,,236,,,98,241,198,255,108,213,242,152,151,229,55,174,317,287,343,283,239,269,281,103,153,123,204,108,305,232,170,302,86,301,126,269,285,64,109,157,224,133,318,300,,,41,85,,,96,281,106,118,95,109,79,96,119,116,89,136,265,224,221,110,132,148,184,168,178,128,147,297,,94,,,b'\x11\xe8\xe1I\xcb\xd1\xc3\xb6\xaf\x82\x12\xdf\x17\xaeN\x1e'
11E8E149-CBD1-C3B6-AF82-12DF17AE4E1E,2023-ncaa-d0-natl,ncaa,47,20,164,34,156,232,260,189,309,263,192,313,199,188,227,169,148,189,55,190,186,193,192,293,270,256,107,167,74,61,37,245,215,150,104,217,132,161,190,216,50,19,155,96,,,62,73,,,84,268,336,1,258,277,183,279,180,194,172,135,181,183,193,188,43,271,126,222,187,32,148,,62,,,77,11,25,64,42,31,56,83,87,147,40,272,13,16,110,17,61,44,108,43,34,9,154,230,67,145,215,93,37,103,104,79,257,44,16,23,132,162,322,335,,,111,60,,,84,107,211,11,71,11,16,45,26,49,92,156,16,20,25,18,84,168,109,119,86,28,162,333,,90,,,b'\x11\xe8\xe1I\xcb\xd1\xc3\xb6\xaf\x82\x12\xdf\x17\xaeN\x1e'
11E8E149-CBD1-C3B6-AF82-12DF17AE4E1E,2023-ncaa-d1-conf-Big West,ncaa,2,1,11,1,11,8,10,9,8,8,7,8,9,9,9,8,3,4,4,4,4,8,8,8,8,7,5,8,2,1,1,10,9,6,1,9,7,1,2,6,3,2,7,5,,,1,2,,,2,11,11,1,5,7,1,5,3,6,5,2,2,2,1,1,1,8,1,7,4,2,6,,3,,,1,1,1,1,2,1,1,4,2,4,1,6,1,1,3,1,4,1,1,2,1,1,4,5,6,4,9,1,1,1,1,2,8,4,2,1,1,1,10,10,,,4,2,,,2,1,5,1,2,1,3,4,3,4,3,5,2,2,3,4,10,8,2,3,6,2,3,11,,2,,,b'\x11\xe8\xe1I\xcb\xd1\xc3\xb6\xaf\x82\x12\xdf\x17\xaeN\x1e'
11E8E149-CBD1-C3B6-AF82-12DF17AE4E1E,2023-ncaa-d1-natl,ncaa,37,20,103,32,92,193,215,130,291,217,139,303,167,149,204,162,143,182,53,183,223,138,128,274,255,243,116,158,112,38,33,192,175,107,80,170,108,173,148,162,31,15,118,80,,,71,68,,,54,206,336,3,236,254,144,258,166,185,155,159,201,207,163,176,31,248,92,182,159,23,131,,52,,,49,14,24,94,31,33,74,58,91,174,34,272,18,23,138,25,61,54,155,30,25,8,181,243,74,145,175,136,33,134,80,101,267,26,12,22,157,143,336,334,,,108,99,,,54,162,184,5,45,7,10,39,13,43,88,154,15,14,21,15,76,135,101,105,70,32,149,334,,120,,,b'\x11\xe8\xe1I\xcb\xd1\xc3\xb6\xaf\x82\x12\xdf\x17\xaeN\x1e'
11E8E149-CBD1-C3B6-AF82-12DF17AE4E1E,2024-ncaa-d0-natl,ncaa,51,49,94,50,103,158,151,120,208,95,89,164,282,222,334,251,120,128,149,122,204,122,131,248,234,198,304,307,114,42,33,216,89,130,66,191,244,142,120,179,22,7,216,176,,,223,255,,,72,173,303,115,207,183,161,101,111,302,243,145,156,151,158,193,47,292,162,220,113,25,234,,171,,,68,45,47,76,94,22,48,91,176,173,208,273,81,89,138,100,207,64,142,126,123,23,297,296,176,55,89,141,33,88,66,99,243,26,9,23,67,56,42,16,,,76,64,,,72,180,161,14,70,10,10,7,8,13,157,137,69,75,81,5,35,25,87,45,74,35,52,24,,88,,,b'\x11\xe8\xe1I\xcb\xd1\xc3\xb6\xaf\x82\x12\xdf\x17\xaeN\x1e'
11E8E149-CBD1-C3B6-AF82-12DF17AE4E1E,2024-ncaa-d1-conf-Big West,ncaa,1,1,3,1,3,3,3,3,4,1,1,3,10,9,9,10,3,2,9,2,6,2,3,6,6,2,11,11,7,1,1,7,3,4,1,4,5,2,1,1,3,2,8,7,,,7,9,,,1,7,10,4,2,1,2,1,1,10,9,2,2,2,2,3,1,8,4,4,2,3,8,,5,,,1,2,3,2,5,3,3,4,5,2,9,5,1,3,1,3,7,2,5,6,4,2,6,7,3,2,3,2,1,2,1,4,8,3,2,2,1,1,4,1,,,2,4,,,1,5,1,1,1,1,2,1,3,1,5,2,1,3,3,1,2,1,2,2,5,3,1,4,,4,,,b'\x11\xe8\xe1I\xcb\xd1\xc3\xb6\xaf\x82\x12\xdf\x17\xaeN\x1e'
11E8E149-CBD1-C3B6-AF82-12DF17AE4E1E,2024-ncaa-d1-natl,ncaa,57,49,130,51,144,200,183,156,222,122,120,180,298,245,339,254,142,155,147,146,207,155,176,261,249,208,301,307,103,59,41,261,99,172,82,229,253,110,124,191,34,9,233,181,,,191,269,,,87,237,310,112,224,202,180,115,113,308,251,148,161,155,172,204,53,302,182,240,114,32,241,,177,,,80,21,25,37,108,18,30,107,160,147,220,272,72,74,145,88,218,28,89,143,143,32,295,298,178,33,99,109,41,57,82,80,247,45,11,29,53,58,38,19,,,94,57,,,87,120,174,25,79,14,14,7,11,12,161,144,78,79,86,6,33,26,93,49,83,42,51,26,,88,,,b'\x11\xe8\xe1I\xcb\xd1\xc3\xb6\xaf\x82\x12\xdf\x17\xaeN\x1e'
11E8E149-CBD1-C3B6-AF82-12DF17AE4E1E,2024-ncaa-d1-ncaatournament,ncaa,37,3,37,37,38,54,59,55,60,51,51,52,57,48,59,32,40,44,4,43,24,54,47,59,56,54,34,48,5,32,10,59,61,48,41,63,64,17,44,68,42,23,62,62,,,10,36,,,53,61,57,5,51,58,42,46,33,54,29,17,30,26,39,28,7,58,37,63,42,24,62,,30,,,54,16,22,23,53,24,22,59,12,22,24,50,3,2,62,1,1,11,10,49,50,54,10,34,3,24,61,9,10,15,41,12,22,53,40,41,32,61,12,22,,,42,22,,,53,6,49,58,56,50,57,43,58,38,35,45,3,2,1,24,19,47,26,41,46,37,61,18,,15,,,b'\x11\xe8\xe1I\xcb\xd1\xc3\xb6\xaf\x82\x12\xdf\x17\xaeN\x1e'
11E8E149-CBD1-C3B6-AF82-12DF17AE4E1E,2025-ncaa-d0-natl,genius_ncaa,84,65,135,75,157,220,252,135,345,298,215,337,141,70,276,76,173,212,71,216,169,145,199,324,311,237,53,76,113,87,142,144,142,117,178,210,146,18,36,104,114,80,122,74,,,118,171,,130,88,244,320,208,267,297,121,325,231,139,59,184,229,232,139,260,80,147,99,227,25,114,124,,107,,128,86,15,9,89,5,4,56,4,185,222,126,304,87,73,218,79,188,73,126,10,15,14,336,324,235,161,142,285,142,255,178,107,344,106,64,89,23,37,122,158,,,260,272,,201,88,122,200,16,84,8,5,39,4,27,177,210,79,75,77,30,51,157,300,253,100,101,26,121,,297,,211,b'\x11\xe8\xe1I\xcb\xd1\xc3\xb6\xaf\x82\x12\xdf\x17\xaeN\x1e'
11E8E149-CBD1-C3B6-AF82-12DF17AE4E1E,2025-ncaa-d1-conf-Big West,genius_ncaa,3,2,5,2,7,6,6,3,9,7,6,8,4,3,10,4,7,9,4,9,7,4,7,8,8,6,5,4,8,3,2,7,5,5,4,6,7,1,1,1,3,3,4,3,,,2,3,,3,3,9,9,7,5,5,3,5,5,3,2,6,8,8,3,4,2,7,5,5,1,3,5,,3,,4,2,1,1,2,3,1,2,2,8,3,10,8,2,2,8,2,4,1,2,3,3,2,11,10,5,4,5,6,2,5,4,6,11,2,2,5,1,2,7,6,,,8,8,,7,3,4,4,2,2,1,1,3,1,3,7,4,2,2,2,2,3,6,6,6,6,2,1,7,,9,,7,b'\x11\xe8\xe1I\xcb\xd1\xc3\xb6\xaf\x82\x12\xdf\x17\xaeN\x1e'
11E8E149-CBD1-C3B6-AF82-12DF17AE4E1E,2025-ncaa-d1-natl,genius_ncaa,95,65,172,78,206,265,291,170,351,321,246,344,154,87,283,77,193,235,68,237,169,182,253,331,318,250,54,80,107,111,155,171,147,147,188,246,150,15,37,110,130,90,137,75,,,96,175,,121,102,291,322,195,283,311,132,330,238,145,62,186,229,234,154,270,92,151,109,247,26,126,130,,107,,130,99,10,3,59,5,3,31,4,172,200,139,304,70,60,221,64,191,49,72,10,17,16,338,324,236,140,147,266,155,225,188,88,344,126,75,96,18,40,106,173,,,281,267,,207,102,74,211,21,97,10,5,42,5,28,184,211,84,75,80,32,51,160,307,257,107,111,27,127,,298,,208,b'\x11\xe8\xe1I\xcb\xd1\xc3\xb6\xaf\x82\x12\xdf\x17\xaeN\x1e'
11E8E149-CBD1-C3B6-AF82-12DF17AE4E1E,2026-ncaa-d0-natl,genius_ncaa,35,39,49,45,73,78,123,110,183,169,193,175,50,46,106,65,11,26,7,32,16,94,115,134,82,65,11,79,17,113,156,48,69,63,76,94,79,131,65,69,55,58,204,224,,,174,76,,96,46,116,295,97,103,210,236,283,316,66,65,14,47,52,174,285,195,51,92,127,50,77,277,,54,,53,49,163,144,257,24,88,172,45,275,330,58,340,185,156,290,145,142,249,253,30,31,43,326,318,190,199,69,235,156,231,76,229,311,107,145,141,229,169,150,158,,,45,40,,205,46,256,56,46,43,31,22,121,14,30,197,307,86,62,58,80,64,104,101,87,114,174,134,85,,81,,259,b'\x11\xe8\xe1I\xcb\xd1\xc3\xb6\xaf\x82\x12\xdf\x17\xaeN\x1e'
11E8E149-CBD1-C3B6-AF82-12DF17AE4E1E,2026-ncaa-d1-conf-Big West,genius_ncaa,1,1,1,1,1,2,3,2,5,2,3,3,3,1,9,6,1,1,4,1,1,2,3,5,5,4,3,8,2,3,4,1,3,1,1,6,9,3,1,5,2,4,4,3,,,5,5,,2,1,4,5,1,3,4,3,4,4,4,2,1,1,1,2,3,3,1,1,8,1,4,4,,5,,1,1,3,3,6,1,3,4,2,2,9,1,8,5,4,4,3,4,4,6,1,1,1,3,6,5,4,3,8,4,7,1,5,3,2,4,1,3,3,7,5,,,2,3,,3,1,8,3,1,1,1,1,6,2,4,2,7,5,4,3,4,6,3,7,7,3,4,2,5,,2,,3,b'\x11\xe8\xe1I\xcb\xd1\xc3\xb6\xaf\x82\x12\xdf\x17\xaeN\x1e'
11E8E149-CBD1-C3B6-AF82-12DF17AE4E1E,2026-ncaa-d1-natl,genius_ncaa,38,39,85,47,117,118,185,174,211,245,257,204,67,65,115,66,12,44,6,49,12,144,174,164,92,79,8,80,12,168,189,66,77,96,97,137,79,92,69,85,82,79,252,242,,,116,81,,69,69,176,302,100,136,241,270,314,328,71,69,13,51,56,205,303,227,61,119,164,54,103,285,,60,,60,73,114,102,202,27,56,117,53,256,315,72,341,137,115,300,104,147,191,197,37,42,61,325,317,178,153,77,189,189,177,97,201,314,165,180,185,182,183,120,183,,,72,36,,227,69,196,77,62,62,42,30,132,17,34,222,312,96,71,65,92,62,111,120,97,140,213,140,100,,84,,256,b'\x11\xe8\xe1I\xcb\xd1\xc3\xb6\xaf\x82\x12\xdf\x17\xaeN\x1e'
11E8E149-CBD6-4DF0-AF82-12DF17AE4E1E,2010-ncaa-d0-natl,ncaa,125,174,50,159,77,117,101,140,71,127,205,38,107,86,196,83,167,179,135,180,148,151,137,70,76,110,165,128,232,283,312,99,122,179,232,59,38,233,218,97,132,166,52,53,,,282,245,,,176,95,223,261,178,161,275,177,279,138,119,225,239,241,281,282,323,169,289,68,164,191,59,,202,,,176,283,225,224,174,180,224,106,273,215,317,175,296,290,233,287,252,252,243,193,226,226,283,235,262,199,122,251,312,237,232,213,177,150,184,192,245,224,46,53,,,99,95,,,176,245,159,214,184,171,111,96,91,108,231,152,246,226,226,122,97,124,150,129,135,221,183,32,,188,,,b'\x11\xe8\xe1I\xcb\xd6M\xf0\xaf\x82\x12\xdf\x17\xaeN\x1e'
11E8E149-CBD6-4DF0-AF82-12DF17AE4E1E,2010-ncaa-d1-conf-Big West,ncaa,1,1,1,1,2,2,3,4,3,3,6,1,5,4,4,4,4,5,5,5,5,4,5,2,2,3,6,5,7,7,6,2,3,4,4,2,3,6,6,2,2,2,2,2,,,6,6,,,3,3,8,8,6,6,9,6,7,6,5,6,9,9,9,9,9,4,7,3,2,3,2,,4,,,3,2,1,5,2,3,6,2,5,4,6,4,6,5,5,5,7,5,6,2,2,3,8,7,7,3,3,6,6,5,4,2,3,4,4,3,7,7,2,3,,,4,3,,,3,6,3,3,3,1,1,1,2,2,4,4,5,4,5,2,1,1,3,2,1,5,6,1,,7,,,b'\x11\xe8\xe1I\xcb\xd6M\xf0\xaf\x82\x12\xdf\x17\xaeN\x1e'
11E8E149-CBD6-4DF0-AF82-12DF17AE4E1E,2010-ncaa-d1-natl,ncaa,132,174,53,162,86,124,112,156,71,132,215,38,112,93,197,87,174,185,133,185,149,166,149,73,80,113,164,129,231,298,314,108,125,192,243,63,39,228,220,98,143,173,56,53,,,273,244,,,184,106,226,262,182,167,277,184,280,140,120,224,240,243,283,285,325,173,292,71,166,196,58,,203,,,184,276,217,214,174,167,217,112,268,206,318,175,292,283,237,279,253,240,230,199,232,235,283,235,261,179,125,241,314,222,243,209,179,165,190,196,235,226,45,55,,,111,91,,,184,234,163,223,188,171,114,98,96,110,232,147,249,231,227,124,98,124,153,131,138,228,185,34,,185,,,b'\x11\xe8\xe1I\xcb\xd6M\xf0\xaf\x82\x12\xdf\x17\xaeN\x1e'
11E8E149-CBD6-4DF0-AF82-12DF17AE4E1E,2010-ncaa-d1-ncaatournament,ncaa,33,2,33,33,34,55,53,63,33,47,60,20,37,41,35,7,60,52,64,49,31,64,64,29,43,47,27,11,61,63,63,46,51,58,58,51,48,8,45,46,64,64,53,49,,,9,36,,,57,61,61,9,55,48,60,45,60,20,14,60,51,48,64,64,63,38,58,49,22,64,47,,30,,,58,22,17,19,47,15,15,48,21,24,36,40,26,24,44,24,48,21,10,45,50,60,43,31,50,25,51,10,63,16,58,4,5,63,63,51,6,25,1,7,,,58,48,,,57,3,52,63,59,52,43,39,38,30,37,43,53,49,51,46,23,49,38,43,14,63,14,1,,55,,,b'\x11\xe8\xe1I\xcb\xd6M\xf0\xaf\x82\x12\xdf\x17\xaeN\x1e'
11E8E149-CBD6-4DF0-AF82-12DF17AE4E1E,2011-ncaa-d0-natl,ncaa,99,111,77,114,110,114,127,188,66,149,234,44,91,96,117,80,120,171,40,182,110,181,174,53,50,70,110,108,168,310,315,154,190,253,269,82,62,204,222,113,48,44,42,26,,,299,296,,,110,125,192,235,150,167,277,190,291,109,122,149,224,234,283,294,325,230,320,95,160,59,40,,279,,,110,174,77,119,89,69,131,50,163,129,263,121,324,335,67,336,334,192,230,101,150,109,319,177,332,199,190,169,315,191,269,75,124,69,71,39,194,216,43,72,,,106,64,,,110,231,127,106,104,113,41,39,41,56,133,97,304,319,321,109,142,151,106,123,45,95,164,28,,149,,,b'\x11\xe8\xe1I\xcb\xd6M\xf0\xaf\x82\x12\xdf\x17\xaeN\x1e'
11E8E149-CBD6-4DF0-AF82-12DF17AE4E1E,2011-ncaa-d1-conf-Big West,ncaa,3,3,3,4,3,3,3,6,2,2,9,1,3,4,7,4,3,6,3,6,3,6,5,1,1,2,6,5,4,9,9,4,4,7,6,3,5,6,5,4,1,1,1,1,,,8,8,,,1,5,7,3,4,2,8,3,9,5,4,3,6,6,8,9,9,6,9,3,4,1,1,,7,,,1,2,2,1,2,2,5,2,2,2,5,3,8,8,2,8,9,2,5,2,2,1,7,3,9,3,4,4,9,3,6,2,3,2,1,1,3,4,1,2,,,2,2,,,1,6,4,1,1,2,1,1,2,3,2,1,8,8,8,2,3,2,2,2,1,1,4,1,,3,,,b'\x11\xe8\xe1I\xcb\xd6M\xf0\xaf\x82\x12\xdf\x17\xaeN\x1e'
11E8E149-CBD6-4DF0-AF82-12DF17AE4E1E,2011-ncaa-d1-natl,ncaa,112,110,95,120,125,132,146,214,68,170,265,45,98,109,119,80,132,187,38,196,110,208,204,53,49,71,104,104,167,317,316,182,192,269,275,94,62,182,223,113,56,47,45,30,,,292,297,,,117,146,199,237,152,170,282,199,294,112,124,149,226,237,285,294,325,232,322,103,161,61,41,,279,,,116,153,63,95,91,60,113,53,156,113,265,117,321,334,72,334,333,165,208,107,153,115,318,173,333,186,192,147,316,165,275,59,127,83,75,43,176,217,40,75,,,121,57,,,117,211,132,111,112,118,45,40,44,56,132,97,306,322,320,114,142,156,107,125,48,99,165,30,,150,,,b'\x11\xe8\xe1I\xcb\xd6M\xf0\xaf\x82\x12\xdf\x17\xaeN\x1e'
11E8E149-CBD6-4DF0-AF82-12DF17AE4E1E,2012-ncaa-d0-natl,ncaa,316,320,240,320,260,293,275,289,228,202,153,278,321,330,202,322,251,255,127,256,284,290,264,278,262,297,304,315,110,332,334,178,142,276,273,275,240,271,308,299,255,255,163,154,,,63,70,,,315,208,96,160,295,277,278,158,97,325,330,225,237,237,276,219,332,99,253,277,306,242,144,,112,,,316,195,174,159,216,177,136,223,179,182,184,190,229,227,189,226,248,174,132,207,220,264,202,171,235,133,142,172,334,160,273,141,130,270,275,246,319,330,19,19,,,248,180,,,315,136,316,254,315,266,250,262,250,234,219,231,280,278,277,275,227,196,266,250,210,257,328,27,,195,,,b'\x11\xe8\xe1I\xcb\xd6M\xf0\xaf\x82\x12\xdf\x17\xaeN\x1e'
11E8E149-CBD6-4DF0-AF82-12DF17AE4E1E,2012-ncaa-d1-conf-Big West,ncaa,9,8,9,9,9,9,9,9,8,7,5,8,9,9,9,9,5,6,3,5,6,9,9,9,9,9,8,9,1,9,9,7,5,8,6,9,9,7,9,9,8,8,3,3,,,1,2,,,9,9,2,4,9,9,8,6,3,9,9,4,4,4,7,4,9,2,6,9,9,8,3,,3,,,9,6,5,3,4,4,4,4,3,3,3,4,8,6,9,6,6,4,3,4,6,9,6,4,8,3,5,5,9,2,6,4,4,8,8,9,9,9,2,2,,,5,1,,,9,1,9,9,9,9,7,8,7,7,5,6,9,9,9,9,7,6,8,9,6,8,9,2,,2,,,b'\x11\xe8\xe1I\xcb\xd6M\xf0\xaf\x82\x12\xdf\x17\xaeN\x1e'
11E8E149-CBD6-4DF0-AF82-12DF17AE4E1E,2012-ncaa-d1-natl,ncaa,324,319,286,324,298,308,296,310,239,227,177,281,323,333,201,322,265,280,129,282,283,310,295,283,268,298,301,312,110,336,334,206,147,302,283,289,241,258,315,302,268,263,173,161,,,48,77,,,318,240,99,158,299,287,279,168,103,325,330,226,240,242,279,220,332,104,258,281,306,251,145,,113,,,320,181,164,129,217,163,121,227,162,166,185,189,212,213,195,211,247,142,96,210,226,270,203,166,236,122,147,148,334,140,283,124,132,288,280,250,315,331,15,18,,,270,180,,,318,102,320,260,318,275,255,261,252,241,221,231,281,278,277,276,224,198,271,253,220,260,329,27,,197,,,b'\x11\xe8\xe1I\xcb\xd6M\xf0\xaf\x82\x12\xdf\x17\xaeN\x1e'
11E8E149-CBD6-4DF0-AF82-12DF17AE4E1E,2013-ncaa-d0-natl,ncaa,235,216,251,238,277,234,223,270,139,172,199,140,283,270,277,244,164,222,39,228,205,270,264,186,148,189,256,270,93,300,280,197,222,270,251,237,222,203,263,251,201,192,151,141,,,101,116,,,237,218,107,161,201,190,227,126,144,275,254,110,191,199,229,190,288,119,226,224,257,173,129,,165,,,238,165,145,157,158,138,152,162,183,184,175,196,216,215,165,215,224,170,140,160,170,210,223,197,227,204,222,106,280,140,251,72,63,238,245,155,311,328,6,13,,,232,168,,,237,129,232,226,239,246,226,274,206,239,231,231,260,260,264,279,250,265,189,234,123,203,322,18,,187,,,b'\x11\xe8\xe1I\xcb\xd6M\xf0\xaf\x82\x12\xdf\x17\xaeN\x1e'
11E8E149-CBD6-4DF0-AF82-12DF17AE4E1E,2013-ncaa-d1-conf-Big West,ncaa,10,9,9,10,9,9,8,8,7,6,7,7,8,8,10,8,7,10,2,10,8,9,8,7,7,7,9,8,6,8,9,8,7,9,9,8,6,4,8,5,7,8,4,4,,,2,2,,,10,8,4,6,7,5,5,4,3,8,8,6,7,7,8,7,8,6,8,6,7,7,4,,3,,,10,9,8,4,8,7,4,8,8,5,8,6,4,4,7,4,3,4,4,8,8,10,6,8,3,8,7,5,9,5,9,3,2,9,9,8,9,9,1,1,,,10,6,,,10,3,8,10,10,10,10,10,10,8,9,8,8,7,8,10,7,8,7,9,6,8,9,1,,7,,,b'\x11\xe8\xe1I\xcb\xd6M\xf0\xaf\x82\x12\xdf\x17\xaeN\x1e'
11E8E149-CBD6-4DF0-AF82-12DF17AE4E1E,2013-ncaa-d1-natl,ncaa,248,216,292,247,306,251,245,290,144,191,219,148,287,281,278,244,177,235,37,240,205,289,287,194,150,193,253,270,87,307,286,215,224,292,258,252,225,187,265,255,209,201,160,146,,,90,121,,,245,249,109,157,208,201,231,136,149,276,256,110,191,199,230,192,292,121,235,230,257,178,132,,166,,,247,151,130,136,162,123,125,164,172,175,175,195,208,203,165,204,224,146,107,164,176,217,220,195,229,196,224,80,286,111,258,64,65,259,251,163,304,330,5,15,,,244,164,,,245,98,234,233,247,251,233,278,214,243,234,231,265,265,270,283,249,267,194,235,123,210,322,18,,185,,,b'\x11\xe8\xe1I\xcb\xd6M\xf0\xaf\x82\x12\xdf\x17\xaeN\x1e'
11E8E149-CBD6-4DF0-AF82-12DF17AE4E1E,2014-ncaa-d0-natl,ncaa,312,298,297,314,303,253,216,248,152,170,163,215,260,300,114,276,283,307,92,307,330,268,289,195,194,185,295,238,263,320,329,249,99,305,267,151,85,69,152,95,252,235,124,104,,,113,191,,,284,241,62,85,172,107,93,78,56,232,271,248,278,272,142,155,312,139,252,72,164,219,92,,223,,,287,183,141,100,258,150,142,181,174,83,340,92,273,179,349,171,206,102,82,265,305,317,251,161,277,45,99,170,329,108,267,147,159,272,246,250,100,183,2,2,,,294,219,,,284,105,249,298,282,310,276,261,262,280,245,135,317,273,271,286,257,111,293,256,240,208,194,3,,213,,,b'\x11\xe8\xe1I\xcb\xd6M\xf0\xaf\x82\x12\xdf\x17\xaeN\x1e'
11E8E149-CBD6-4DF0-AF82-12DF17AE4E1E,2014-ncaa-d1-conf-Big West,ncaa,9,8,9,9,9,8,8,7,6,5,5,6,7,7,4,7,8,8,3,7,8,8,9,5,6,6,7,7,6,9,9,8,8,9,9,7,5,2,5,4,5,4,3,2,,,3,5,,,8,7,2,8,5,5,4,3,3,7,7,7,6,6,4,4,8,7,9,5,6,4,2,,5,,,9,6,4,1,7,4,3,6,4,2,9,3,8,4,9,4,7,2,2,7,9,9,8,4,7,3,8,5,9,4,9,3,3,5,4,5,3,6,1,1,,,7,3,,,8,3,8,9,8,9,7,6,7,8,6,3,9,9,9,7,6,5,9,9,7,4,5,1,,5,,,b'\x11\xe8\xe1I\xcb\xd6M\xf0\xaf\x82\x12\xdf\x17\xaeN\x1e'
11E8E149-CBD6-4DF0-AF82-12DF17AE4E1E,2014-ncaa-d1-natl,ncaa,319,310,307,320,308,237,198,217,166,141,128,220,270,286,169,283,275,303,94,298,333,243,256,211,218,213,306,262,263,318,328,218,101,277,269,136,81,112,172,106,248,241,86,87,,,144,192,,,294,205,58,14,176,107,80,75,41,252,271,244,278,271,119,127,301,100,227,68,193,214,64,,244,,,296,228,174,140,239,176,179,165,194,100,338,92,296,223,349,219,224,156,124,243,296,313,253,162,286,64,101,214,328,155,269,171,164,260,255,253,156,206,3,2,,,284,240,,,294,143,265,294,290,319,282,289,266,293,252,154,320,293,289,307,279,142,302,270,250,212,227,4,,210,,,b'\x11\xe8\xe1I\xcb\xd6M\xf0\xaf\x82\x12\xdf\x17\xaeN\x1e'
11E8E149-CBD6-4DF0-AF82-12DF17AE4E1E,2015-ncaa-d0-natl,ncaa,133,131,113,138,141,81,76,82,93,83,120,97,115,115,126,147,112,132,99,132,186,85,155,101,95,34,165,154,198,269,311,233,210,265,320,43,45,9,8,6,67,54,171,156,,,142,97,,,102,124,112,199,51,53,66,78,127,113,116,113,141,137,69,211,286,278,308,26,8,57,192,,117,,,100,239,223,164,263,173,110,256,287,248,292,270,212,185,280,192,230,162,229,290,294,207,282,278,166,148,210,309,311,278,320,242,228,71,65,111,35,44,2,1,,,93,60,,,102,238,60,192,90,225,214,123,150,68,285,246,195,164,167,112,214,123,305,264,224,52,35,3,,86,,,b'\x11\xe8\xe1I\xcb\xd6M\xf0\xaf\x82\x12\xdf\x17\xaeN\x1e'
11E8E149-CBD6-4DF0-AF82-12DF17AE4E1E,2015-ncaa-d1-conf-Big West,ncaa,6,5,5,6,5,3,4,4,3,4,5,3,5,5,5,5,3,3,1,3,5,4,7,3,3,2,5,5,4,7,8,8,6,8,8,2,2,1,1,1,2,2,5,5,,,3,4,,,6,5,2,3,1,1,3,4,5,5,5,2,3,3,2,5,7,8,8,1,1,2,5,,6,,,6,8,6,2,9,7,4,9,7,4,9,5,8,6,9,7,7,3,5,9,9,9,6,6,6,2,6,9,8,8,8,7,6,2,2,4,2,2,1,1,,,3,1,,,6,6,2,7,6,9,8,4,8,5,9,4,7,7,7,6,8,4,9,8,9,2,2,2,,1,,,b'\x11\xe8\xe1I\xcb\xd6M\xf0\xaf\x82\x12\xdf\x17\xaeN\x1e'
11E8E149-CBD6-4DF0-AF82-12DF17AE4E1E,2015-ncaa-d1-natl,ncaa,142,130,143,148,178,96,88,101,105,105,138,105,126,122,124,143,130,155,97,154,187,110,201,107,102,37,162,156,193,287,316,273,216,301,325,48,48,5,8,6,75,57,190,159,,,109,100,,,119,158,117,194,56,59,71,87,135,116,117,114,142,140,74,215,290,284,312,28,8,58,196,,120,,,115,220,197,127,273,145,87,262,278,235,298,268,194,161,286,170,232,125,191,298,301,219,280,277,168,132,216,302,316,260,325,224,229,80,68,123,30,46,2,1,,,115,59,,,119,210,64,212,101,239,226,124,157,69,284,247,197,166,171,118,215,124,308,268,232,57,34,3,,87,,,b'\x11\xe8\xe1I\xcb\xd6M\xf0\xaf\x82\x12\xdf\x17\xaeN\x1e'
11E8E149-CBD6-4DF0-AF82-12DF17AE4E1E,2016-ncaa-d0-natl,ncaa,53,43,76,52,115,20,15,44,11,15,21,23,128,209,22,279,76,138,11,134,293,48,82,18,18,8,296,256,256,275,297,145,231,201,290,7,19,25,15,4,25,43,182,214,,,196,83,,,58,42,27,349,11,10,31,6,17,158,242,88,179,179,35,107,303,212,299,4,21,23,205,,139,,,59,321,308,283,261,302,232,296,261,292,133,249,304,275,328,266,226,287,301,263,288,249,197,182,222,273,231,281,297,290,290,245,119,54,102,113,30,13,2,1,,,150,249,,,58,300,20,237,71,284,273,242,262,171,233,272,283,241,235,243,303,215,224,230,199,57,21,2,,208,,,b'\x11\xe8\xe1I\xcb\xd6M\xf0\xaf\x82\x12\xdf\x17\xaeN\x1e'
11E8E149-CBD6-4DF0-AF82-12DF17AE4E1E,2016-ncaa-d1-conf-Big West,ncaa,1,1,6,1,8,1,1,1,1,1,1,1,6,8,1,8,2,4,1,4,7,1,8,1,1,1,8,8,7,9,7,6,6,7,7,1,1,1,1,1,2,1,5,4,,,2,2,,,1,4,1,9,1,1,1,1,1,5,8,1,4,3,1,3,9,5,8,1,1,1,4,,3,,,1,5,6,4,7,5,3,7,4,6,2,7,6,4,8,4,6,3,5,7,7,5,4,4,6,4,6,4,7,4,7,4,3,2,2,1,1,1,1,1,,,6,6,,,1,6,1,5,1,6,6,5,7,4,4,7,7,6,6,6,8,7,5,5,4,2,1,1,,7,,,b'\x11\xe8\xe1I\xcb\xd6M\xf0\xaf\x82\x12\xdf\x17\xaeN\x1e'
11E8E149-CBD6-4DF0-AF82-12DF17AE4E1E,2016-ncaa-d1-natl,ncaa,62,43,99,54,144,24,17,55,11,17,29,25,135,229,22,278,91,154,10,150,291,59,102,18,18,8,293,257,253,294,308,173,241,242,300,8,19,20,16,4,31,44,201,220,,,171,89,,,70,54,27,349,13,10,33,6,18,160,245,88,181,177,39,111,308,223,303,4,20,29,211,,145,,,65,313,298,262,268,296,210,304,247,280,136,245,296,261,330,251,231,263,288,273,299,258,191,179,221,249,241,269,308,277,300,231,119,63,113,123,21,14,2,1,,,179,244,,,70,290,19,252,80,290,281,246,271,174,235,271,286,243,235,246,301,223,229,235,205,61,24,2,,207,,,b'\x11\xe8\xe1I\xcb\xd6M\xf0\xaf\x82\x12\xdf\x17\xaeN\x1e'
11E8E149-CBD6-4DF0-AF82-12DF17AE4E1E,2017-ncaa-d0-natl,ncaa,150,152,116,162,130,125,103,141,90,83,91,125,198,237,89,256,188,206,128,205,297,149,185,107,114,89,271,226,245,227,260,166,188,202,240,41,18,50,53,22,146,152,77,45,,,132,123,,,126,171,238,119,134,104,156,84,83,200,246,208,243,241,183,251,255,211,255,19,44,161,73,,107,,,128,166,114,152,116,42,68,90,301,272,292,304,226,226,161,224,281,163,180,176,192,175,338,326,231,190,188,223,260,217,240,250,316,140,133,196,31,38,2,1,,,200,199,,,126,173,110,176,130,140,93,86,25,31,299,282,215,216,220,101,115,166,189,191,236,144,31,1,,239,,,b'\x11\xe8\xe1I\xcb\xd6M\xf0\xaf\x82\x12\xdf\x17\xaeN\x1e'
11E8E149-CBD6-4DF0-AF82-12DF17AE4E1E,2017-ncaa-d1-conf-Big West,ncaa,5,4,2,5,2,1,1,1,4,1,1,5,7,7,7,8,1,4,3,4,7,1,2,5,5,3,8,8,5,4,5,4,5,2,6,2,4,2,1,2,2,2,1,1,,,5,5,,,3,1,2,3,2,2,1,2,2,7,7,3,4,4,1,3,4,4,4,2,2,2,1,,6,,,3,4,3,4,3,2,4,3,7,7,5,6,8,8,6,8,7,7,9,3,3,3,9,8,8,5,5,9,5,7,6,7,7,2,2,2,2,1,2,1,,,4,6,,,3,8,4,3,3,4,3,4,1,3,7,7,8,8,8,3,8,5,8,5,7,2,2,2,,5,,,b'\x11\xe8\xe1I\xcb\xd6M\xf0\xaf\x82\x12\xdf\x17\xaeN\x1e'
11E8E149-CBD6-4DF0-AF82-12DF17AE4E1E,2017-ncaa-d1-natl,ncaa,157,151,144,166,161,153,130,173,96,107,114,132,208,252,92,254,217,237,124,238,299,184,237,113,120,92,269,225,247,258,266,212,198,249,247,48,18,30,56,23,169,162,84,47,,,103,126,,,139,225,241,118,144,110,164,93,88,204,246,210,242,242,191,259,260,224,264,20,44,171,76,,111,,,140,131,86,104,125,31,45,97,297,258,298,303,210,213,170,212,283,115,129,185,202,182,338,326,232,161,198,195,266,184,247,239,318,167,141,203,20,40,2,1,,,231,191,,,139,116,117,190,144,145,97,88,30,31,298,281,216,220,223,105,112,169,197,198,245,150,32,2,,239,,,b'\x11\xe8\xe1I\xcb\xd6M\xf0\xaf\x82\x12\xdf\x17\xaeN\x1e'
11E8E149-CBD6-4DF0-AF82-12DF17AE4E1E,2018-ncaa-d0-natl,ncaa,236,295,43,255,62,94,64,34,175,27,16,179,320,278,333,327,101,99,153,96,311,37,38,261,260,232,339,334,161,48,138,63,153,43,143,38,32,258,119,78,139,203,52,51,,,341,305,,,242,31,64,241,140,94,51,29,12,333,313,142,158,156,56,58,81,101,75,36,173,184,58,,313,,,238,329,287,283,197,232,227,177,324,306,298,235,346,348,38,348,338,312,314,240,256,264,331,255,309,270,153,307,138,309,143,300,255,132,217,231,327,237,104,21,,,115,275,,,242,314,211,255,239,282,200,185,125,108,292,264,332,340,340,276,264,198,236,226,241,187,277,65,,204,,,b'\x11\xe8\xe1I\xcb\xd6M\xf0\xaf\x82\x12\xdf\x17\xaeN\x1e'
11E8E149-CBD6-4DF0-AF82-12DF17AE4E1E,2018-ncaa-d1-conf-Big West,ncaa,6,6,2,6,2,1,1,1,5,1,1,6,9,9,8,9,1,2,1,2,9,1,1,7,6,4,9,9,4,2,3,2,3,2,2,2,4,7,1,2,4,4,1,1,,,9,7,,,5,1,4,5,4,4,3,1,1,9,9,3,4,3,3,3,2,3,2,3,2,4,1,,7,,,5,9,8,7,4,5,5,3,8,7,9,6,8,9,2,9,8,8,9,6,7,5,9,7,8,5,3,7,3,7,2,6,4,3,4,4,7,6,5,3,,,3,7,,,5,9,5,4,5,6,3,3,3,2,8,5,8,8,8,5,6,3,6,5,4,4,6,4,,6,,,b'\x11\xe8\xe1I\xcb\xd6M\xf0\xaf\x82\x12\xdf\x17\xaeN\x1e'
11E8E149-CBD6-4DF0-AF82-12DF17AE4E1E,2018-ncaa-d1-natl,ncaa,247,295,53,263,78,105,79,44,189,29,18,187,325,297,335,328,120,130,153,130,311,49,47,271,270,236,339,335,152,59,146,79,159,49,155,41,34,230,125,82,161,208,56,51,,,336,304,,,254,43,64,236,151,105,55,32,13,334,316,146,164,165,58,62,87,113,81,38,175,190,63,,314,,,249,327,274,273,215,208,196,186,317,298,302,230,343,347,41,347,338,308,302,257,270,277,330,252,311,257,159,295,146,296,155,295,253,152,225,238,316,242,94,23,,,149,275,,,254,301,221,267,252,291,210,188,138,111,295,266,332,339,339,277,261,198,245,229,248,195,281,71,,206,,,b'\x11\xe8\xe1I\xcb\xd6M\xf0\xaf\x82\x12\xdf\x17\xaeN\x1e'
11E8E149-CBD6-4DF0-AF82-12DF17AE4E1E,2019-ncaa-d0-natl,ncaa,136,180,47,164,51,129,75,59,139,29,27,126,289,249,329,284,293,294,225,302,350,84,79,214,240,224,349,321,330,190,262,77,256,106,249,44,51,235,162,88,61,91,23,30,,,234,116,,,185,61,186,66,221,109,102,34,42,325,289,332,331,334,180,197,250,135,194,68,156,91,30,,140,,,184,232,187,281,56,148,262,39,253,262,188,188,263,297,34,298,251,295,299,65,62,67,278,249,243,330,256,316,262,330,249,164,133,96,167,94,302,251,8,1,,,291,345,,,185,279,242,106,193,110,88,169,67,174,196,197,203,255,257,210,226,296,223,276,97,156,245,2,,345,,,b'\x11\xe8\xe1I\xcb\xd6M\xf0\xaf\x82\x12\xdf\x17\xaeN\x1e'
11E8E149-CBD6-4DF0-AF82-12DF17AE4E1E,2019-ncaa-d1-conf-Big West,ncaa,2,2,2,2,2,3,2,2,2,1,2,2,9,7,8,9,7,9,3,9,9,2,2,4,4,4,9,9,9,5,5,3,8,3,7,1,2,9,7,2,2,3,1,2,,,8,6,,,4,1,1,2,2,2,2,1,1,9,8,8,9,9,2,2,5,3,5,1,8,2,1,,8,,,4,8,7,8,3,5,8,3,6,5,2,5,9,9,1,9,8,9,8,3,3,3,5,4,9,9,8,6,5,7,7,3,3,3,3,2,9,6,1,1,,,7,9,,,4,8,5,5,4,5,5,6,4,6,5,5,8,9,9,9,9,9,5,7,3,3,8,1,,8,,,b'\x11\xe8\xe1I\xcb\xd6M\xf0\xaf\x82\x12\xdf\x17\xaeN\x1e'
11E8E149-CBD6-4DF0-AF82-12DF17AE4E1E,2019-ncaa-d1-natl,ncaa,148,180,62,174,68,171,95,81,147,42,38,138,309,270,332,285,312,306,221,313,349,116,116,221,248,233,349,322,329,223,268,93,266,143,264,64,54,205,167,90,78,101,27,32,,,195,121,,,203,89,194,60,236,118,111,38,45,327,291,333,331,336,192,207,260,143,209,75,159,103,30,,140,,,203,198,157,260,63,124,235,46,239,245,202,182,243,280,37,283,253,277,279,70,66,81,276,246,241,318,266,299,268,323,264,147,135,119,179,112,281,257,5,1,,,311,344,,,203,252,252,126,208,123,101,173,75,179,195,193,205,256,257,213,228,298,231,283,102,172,248,3,,345,,,b'\x11\xe8\xe1I\xcb\xd6M\xf0\xaf\x82\x12\xdf\x17\xaeN\x1e'
11E8E149-CBD6-4DF0-AF82-12DF17AE4E1E,2020-ncaa-d0-natl,ncaa,295,306,87,304,109,251,206,163,260,118,71,244,308,283,333,283,282,300,140,295,330,193,128,294,297,308,324,306,256,74,74,72,186,51,82,160,127,314,302,265,323,334,108,111,,,129,96,,,316,166,213,84,287,230,180,128,74,317,293,297,310,306,230,132,74,72,44,181,310,332,122,,117,,,314,283,266,295,136,174,204,132,329,331,237,305,208,187,252,181,166,293,214,184,181,295,306,313,144,273,186,126,74,190,82,197,120,321,340,317,337,337,40,20,,,273,314,,,316,188,294,297,317,271,252,303,152,174,328,332,195,177,171,294,188,256,94,162,180,335,333,36,,296,,,b'\x11\xe8\xe1I\xcb\xd6M\xf0\xaf\x82\x12\xdf\x17\xaeN\x1e'
11E8E149-CBD6-4DF0-AF82-12DF17AE4E1E,2020-ncaa-d1-conf-Big West,ncaa,9,9,7,9,7,8,6,5,7,3,2,7,9,9,8,9,6,6,5,5,8,5,6,7,7,7,9,9,5,1,1,6,6,3,3,8,8,8,8,8,9,9,1,2,,,3,5,,,9,7,4,1,5,3,2,2,1,9,8,4,2,2,2,1,1,6,1,6,9,9,1,,5,,,9,8,7,6,8,5,5,8,9,7,9,7,5,3,6,3,4,6,3,8,8,9,6,8,4,6,6,2,1,3,3,5,4,9,9,9,9,9,4,2,,,8,8,,,9,3,7,9,9,9,9,9,6,6,9,8,6,5,5,9,7,7,3,4,6,9,9,7,,8,,,b'\x11\xe8\xe1I\xcb\xd6M\xf0\xaf\x82\x12\xdf\x17\xaeN\x1e'
11E8E149-CBD6-4DF0-AF82-12DF17AE4E1E,2020-ncaa-d1-natl,ncaa,303,305,128,307,164,285,238,199,268,143,89,250,315,297,333,285,296,308,140,307,329,237,167,300,303,317,324,307,249,90,79,100,193,70,91,190,130,307,306,272,333,337,122,117,,,109,101,,,322,216,219,84,296,245,191,136,74,316,292,300,311,308,243,138,78,81,47,193,313,335,125,,120,,,322,266,251,279,144,157,178,141,328,327,248,304,196,172,260,167,169,276,164,191,192,300,305,313,147,250,193,96,79,167,91,183,121,336,344,321,333,338,34,21,,,296,307,,,322,135,300,304,323,279,266,303,156,176,330,329,203,181,179,296,189,261,97,169,189,337,334,38,,297,,,b'\x11\xe8\xe1I\xcb\xd6M\xf0\xaf\x82\x12\xdf\x17\xaeN\x1e'
11E8E149-CBD6-4DF0-AF82-12DF17AE4E1E,2021-ncaa-d0-natl,ncaa,249,202,273,243,286,285,277,279,233,265,271,187,272,258,287,165,296,299,190,297,271,282,288,242,253,238,255,209,238,285,266,291,172,296,276,293,278,49,164,232,165,31,283,268,,,54,168,,,190,285,289,330,288,265,246,217,205,247,212,278,288,291,276,308,255,301,312,292,110,52,265,,117,,,193,57,68,53,234,89,69,197,41,33,183,42,56,56,213,56,113,50,57,190,190,118,48,53,158,49,172,79,266,68,276,81,220,223,55,108,52,150,55,116,,,310,312,,,190,60,248,108,195,67,103,36,169,144,39,20,102,95,97,25,37,70,202,135,169,94,106,99,,330,,,b'\x11\xe8\xe1I\xcb\xd6M\xf0\xaf\x82\x12\xdf\x17\xaeN\x1e'
11E8E149-CBD6-4DF0-AF82-12DF17AE4E1E,2021-ncaa-d1-conf-Big West,ncaa,9,8,6,9,8,8,6,8,5,5,5,3,9,9,9,7,9,7,9,7,9,8,8,5,5,6,9,8,7,9,7,9,9,9,10,9,9,4,7,9,4,3,7,6,,,4,7,,,8,8,8,10,9,6,8,4,5,10,8,7,7,8,8,9,8,10,10,10,4,3,6,,7,,,8,3,3,3,10,5,4,7,2,1,9,2,2,3,3,3,4,3,3,8,7,4,2,2,4,2,9,4,7,4,10,4,5,5,3,4,2,1,3,4,,,9,9,,,8,3,9,5,6,3,7,4,8,6,1,1,3,3,3,2,2,5,7,5,6,3,1,4,,9,,,b'\x11\xe8\xe1I\xcb\xd6M\xf0\xaf\x82\x12\xdf\x17\xaeN\x1e'
11E8E149-CBD6-4DF0-AF82-12DF17AE4E1E,2021-ncaa-d1-natl,ncaa,230,201,259,237,279,280,272,272,233,258,258,199,263,248,287,177,282,290,177,289,274,280,286,244,251,238,253,212,229,281,266,284,170,288,269,288,275,64,171,235,145,37,275,257,,,66,165,,,185,282,272,330,286,258,236,212,194,246,214,275,284,285,262,298,254,288,307,290,125,54,254,,122,,,187,68,75,58,217,94,88,193,41,42,116,43,67,59,206,61,121,58,61,162,166,100,40,43,165,56,170,95,266,76,269,80,180,207,56,91,56,139,66,114,,,302,314,,,185,63,252,93,185,59,97,41,172,152,33,23,106,105,104,31,49,84,202,140,132,87,101,102,,328,,,b'\x11\xe8\xe1I\xcb\xd6M\xf0\xaf\x82\x12\xdf\x17\xaeN\x1e'
11E8E149-CBD6-4DF0-AF82-12DF17AE4E1E,2022-ncaa-d0-natl,ncaa,214,87,347,163,351,344,348,347,332,345,325,340,289,299,200,197,277,308,48,308,179,348,353,318,297,243,94,157,58,343,322,331,59,347,256,354,347,2,83,277,304,162,338,310,,,16,214,,,189,352,222,275,277,314,213,304,170,204,203,127,185,178,213,267,293,136,234,351,63,196,306,,163,,,191,2,3,4,117,11,11,152,11,15,57,174,35,36,75,30,219,1,3,111,117,99,148,126,240,2,59,52,322,13,256,22,278,323,136,175,8,105,26,133,,,329,89,,,189,3,266,88,197,70,73,73,108,105,86,123,155,191,173,84,76,58,322,245,162,186,82,125,,148,,,b'\x11\xe8\xe1I\xcb\xd6M\xf0\xaf\x82\x12\xdf\x17\xaeN\x1e'
11E8E149-CBD6-4DF0-AF82-12DF17AE4E1E,2022-ncaa-d1-conf-Big West,ncaa,4,3,5,4,9,8,7,6,11,6,4,11,5,8,5,8,7,7,3,7,8,5,7,10,10,9,7,7,5,11,11,7,2,7,9,11,11,1,3,10,5,4,8,10,,,3,4,,,5,5,3,10,8,9,5,6,2,6,8,6,7,6,5,8,11,4,9,11,2,4,9,,3,,,5,2,2,5,5,5,5,5,1,1,3,1,3,3,2,3,3,5,4,4,4,1,2,2,5,2,2,10,11,8,9,4,6,5,4,5,3,4,6,6,,,6,5,,,5,5,9,1,5,2,3,4,5,8,2,2,3,3,3,4,2,2,11,9,4,4,4,7,,6,,,b'\x11\xe8\xe1I\xcb\xd6M\xf0\xaf\x82\x12\xdf\x17\xaeN\x1e'
11E8E149-CBD6-4DF0-AF82-12DF17AE4E1E,2022-ncaa-d1-natl,ncaa,199,87,343,151,349,329,341,339,312,335,308,323,274,279,211,197,247,280,74,278,150,338,349,302,278,228,112,182,61,339,325,296,69,328,252,351,347,8,83,278,255,120,337,318,,,21,200,,,153,343,183,275,252,295,206,277,173,209,203,106,153,148,195,251,294,104,203,349,67,143,315,,163,,,143,3,4,10,69,11,17,99,10,30,29,176,37,52,58,41,208,6,5,56,59,51,145,125,239,7,69,94,325,31,252,24,279,299,118,139,18,119,29,107,,,303,76,,,153,10,252,42,152,50,54,91,84,113,69,131,141,184,164,94,101,88,319,256,149,149,99,106,,130,,,b'\x11\xe8\xe1I\xcb\xd6M\xf0\xaf\x82\x12\xdf\x17\xaeN\x1e'
11E8E149-CBD6-4DF0-AF82-12DF17AE4E1E,2023-ncaa-d0-natl,ncaa,339,347,164,344,175,336,337,222,357,314,195,356,300,240,349,203,287,302,168,302,317,251,266,359,359,351,225,227,132,242,293,316,188,311,322,316,229,134,206,292,188,125,238,240,,,66,114,,,311,269,322,58,356,353,262,333,188,314,232,306,315,312,280,294,245,345,336,332,157,177,239,,65,,,310,60,93,47,294,188,149,238,29,12,277,21,74,59,278,54,77,35,71,261,263,159,27,46,147,47,188,305,293,219,322,147,195,109,37,82,192,243,289,310,,,249,203,,,311,84,352,126,317,68,114,24,202,150,29,8,87,66,61,12,32,42,329,253,161,89,208,301,,250,,,b'\x11\xe8\xe1I\xcb\xd6M\xf0\xaf\x82\x12\xdf\x17\xaeN\x1e'
11E8E149-CBD6-4DF0-AF82-12DF17AE4E1E,2023-ncaa-d1-conf-Big West,ncaa,11,10,4,11,4,10,8,1,11,6,1,11,11,5,11,7,9,7,7,7,10,3,4,11,11,10,8,7,7,2,6,8,4,5,9,8,9,4,3,8,4,5,4,6,,,4,4,,,10,4,9,5,10,9,2,8,4,11,6,10,8,8,2,2,2,9,9,10,2,5,5,,4,,,10,6,9,7,11,10,10,9,3,1,11,1,5,5,6,5,2,6,7,11,9,5,1,2,5,5,4,10,6,10,9,9,5,3,3,6,6,4,11,9,,,6,7,,,10,7,10,5,10,3,8,3,10,9,2,1,4,4,4,2,3,2,11,10,7,3,6,10,,7,,,b'\x11\xe8\xe1I\xcb\xd6M\xf0\xaf\x82\x12\xdf\x17\xaeN\x1e'
11E8E149-CBD6-4DF0-AF82-12DF17AE4E1E,2023-ncaa-d1-natl,ncaa,337,351,103,345,105,337,336,190,357,303,169,355,305,224,353,201,269,289,147,283,312,219,224,359,359,353,227,233,111,240,308,296,207,296,334,320,235,188,225,306,174,143,212,236,,,92,116,,,322,208,324,36,357,355,277,333,196,321,236,300,315,312,296,301,263,343,338,334,169,187,224,,73,,,314,104,164,76,285,241,218,219,46,19,283,23,92,79,274,75,69,59,114,248,246,150,25,48,134,86,207,341,308,292,334,220,235,84,44,120,239,263,295,294,,,206,179,,,322,139,353,133,320,73,122,31,212,170,30,7,83,68,67,19,41,69,332,274,197,93,225,289,,236,,,b'\x11\xe8\xe1I\xcb\xd6M\xf0\xaf\x82\x12\xdf\x17\xaeN\x1e'
11E8E149-CBD6-4DF0-AF82-12DF17AE4E1E,2024-ncaa-d0-natl,ncaa,154,127,196,151,217,286,283,192,335,277,191,336,243,197,295,185,259,273,115,273,293,207,254,331,330,295,178,185,149,190,245,313,237,285,315,274,204,59,114,213,26,5,324,292,,,79,143,,,205,267,285,134,311,310,179,290,167,239,187,258,272,272,216,258,174,334,304,278,90,14,330,,94,,,205,38,68,37,249,66,31,289,117,132,153,268,36,47,133,51,173,26,84,254,235,61,164,224,104,88,237,288,245,217,315,214,333,37,5,83,88,138,324,322,,,319,320,,,205,91,289,61,207,44,66,12,66,16,139,147,57,62,70,8,68,103,316,261,243,21,108,336,,320,,,b'\x11\xe8\xe1I\xcb\xd6M\xf0\xaf\x82\x12\xdf\x17\xaeN\x1e'
11E8E149-CBD6-4DF0-AF82-12DF17AE4E1E,2024-ncaa-d1-conf-Big West,ncaa,4,4,3,5,4,8,7,4,9,5,3,10,7,7,8,7,6,6,4,7,10,4,4,9,9,9,7,7,4,4,7,10,8,8,9,7,7,4,2,6,2,1,11,10,,,6,7,,,5,4,4,5,8,8,3,5,3,7,7,6,7,8,3,4,4,11,9,7,4,1,11,,4,,,5,5,5,3,7,7,4,9,2,3,4,6,3,2,4,2,5,3,7,8,7,1,2,3,4,4,8,8,7,7,9,7,10,2,1,3,3,2,9,7,,,7,8,,,5,7,8,2,5,4,6,3,5,2,2,3,3,2,2,2,6,4,9,8,7,1,3,9,,7,,,b'\x11\xe8\xe1I\xcb\xd6M\xf0\xaf\x82\x12\xdf\x17\xaeN\x1e'
11E8E149-CBD6-4DF0-AF82-12DF17AE4E1E,2024-ncaa-d1-natl,ncaa,137,129,130,141,150,261,260,156,335,252,152,334,236,195,311,199,230,249,122,249,289,173,211,333,331,295,201,212,147,171,254,291,246,262,317,249,188,80,105,190,15,6,335,315,,,110,126,,,196,213,279,145,306,301,180,280,155,252,197,250,268,267,213,259,184,333,312,268,83,15,340,,94,,,196,53,80,56,237,78,41,292,136,163,116,279,46,52,135,56,164,39,131,234,215,51,157,223,97,128,246,331,254,283,317,234,326,24,5,71,98,125,332,316,,,295,310,,,196,146,287,52,200,48,67,16,71,16,134,162,54,53,61,10,78,119,324,272,224,22,100,333,,313,,,b'\x11\xe8\xe1I\xcb\xd6M\xf0\xaf\x82\x12\xdf\x17\xaeN\x1e'
11E8E149-CBD6-4DF0-AF82-12DF17AE4E1E,2025-ncaa-d0-natl,genius_ncaa,171,147,194,167,213,279,264,215,297,260,191,310,242,237,247,208,294,269,298,271,278,223,268,296,309,271,206,181,225,175,192,277,64,243,192,252,199,57,109,175,93,38,336,327,,,49,132,,227,169,288,319,138,305,280,219,262,166,241,220,300,267,270,234,291,163,293,250,256,74,69,338,,66,,254,170,36,49,37,219,70,46,255,56,58,103,179,54,60,162,60,168,27,53,204,189,104,117,128,154,11,64,216,192,109,192,85,212,125,47,84,37,74,325,332,,,295,266,,245,169,82,257,76,169,40,59,16,91,42,72,68,71,79,79,14,22,14,251,126,103,99,60,333,,304,,243,b'\x11\xe8\xe1I\xcb\xd6M\xf0\xaf\x82\x12\xdf\x17\xaeN\x1e'
11E8E149-CBD6-4DF0-AF82-12DF17AE4E1E,2025-ncaa-d1-conf-Big West,genius_ncaa,5,5,3,5,3,4,4,5,4,3,3,4,9,9,5,9,9,8,9,8,10,5,5,6,7,7,10,9,9,4,4,10,3,8,5,5,4,4,3,3,2,2,11,11,,,3,4,,9,6,6,10,6,7,4,5,4,4,9,10,10,9,9,6,9,5,10,9,4,3,2,11,,2,,8,6,4,7,3,10,9,5,9,2,1,5,2,3,4,4,4,5,2,5,9,9,6,1,2,2,1,3,5,4,3,5,8,8,3,3,6,3,3,10,10,,,9,9,,7,6,6,6,5,6,5,6,1,8,5,2,1,4,3,3,1,2,1,5,1,7,3,4,10,,10,,8,b'\x11\xe8\xe1I\xcb\xd6M\xf0\xaf\x82\x12\xdf\x17\xaeN\x1e'
11E8E149-CBD6-4DF0-AF82-12DF17AE4E1E,2025-ncaa-d1-natl,genius_ncaa,161,147,172,163,203,279,262,209,300,260,195,313,228,219,237,193,293,275,294,276,280,226,267,293,311,274,198,163,236,175,195,285,64,253,201,255,200,65,111,176,89,42,336,327,,,58,141,,217,174,282,319,140,307,286,212,272,172,225,204,302,278,277,237,290,169,300,261,261,74,72,341,,71,,237,174,34,44,33,208,69,42,244,58,67,115,184,66,63,198,64,172,24,43,200,195,107,126,138,162,10,64,220,195,111,201,79,208,111,45,81,44,79,327,332,,,300,277,,256,174,83,259,77,174,39,53,15,85,39,73,69,78,79,80,14,22,14,250,118,101,96,62,331,,310,,257,b'\x11\xe8\xe1I\xcb\xd6M\xf0\xaf\x82\x12\xdf\x17\xaeN\x1e'
11E8E149-CBD6-4DF0-AF82-12DF17AE4E1E,2026-ncaa-d0-natl,genius_ncaa,295,250,279,302,291,320,316,312,286,339,341,234,207,181,254,25,344,346,296,335,210,320,313,250,293,305,69,35,311,324,315,279,163,312,276,329,301,144,316,323,252,163,284,230,,,34,75,,245,241,302,149,97,303,292,264,334,340,115,50,340,328,317,303,233,289,178,248,321,297,162,256,,85,,324,250,45,28,54,119,23,39,97,138,109,250,267,105,73,311,69,230,47,58,157,181,143,330,301,247,50,163,115,315,89,276,58,249,232,83,124,131,283,197,342,,,309,216,,173,241,61,315,130,249,143,101,133,59,79,271,246,215,171,176,124,174,158,304,262,167,95,276,301,,239,,113,b'\x11\xe8\xe1I\xcb\xd6M\xf0\xaf\x82\x12\xdf\x17\xaeN\x1e'
11E8E149-CBD6-4DF0-AF82-12DF17AE4E1E,2026-ncaa-d1-conf-Big West,genius_ncaa,4,6,1,6,1,8,7,4,10,5,5,8,6,3,10,4,7,8,6,7,9,5,6,10,10,8,8,6,7,6,9,5,5,7,10,9,10,7,7,9,5,6,8,9,,,7,8,,11,7,5,7,1,10,9,6,7,7,8,4,8,9,8,7,8,7,6,8,10,6,6,9,,7,,11,7,5,4,5,5,3,3,4,9,10,6,7,8,7,8,7,11,5,6,5,6,5,10,8,9,5,5,11,9,10,10,6,8,3,5,7,7,7,10,11,,,8,8,,3,7,7,9,5,7,4,3,5,2,3,7,8,8,7,7,5,6,5,11,10,5,5,6,10,,8,,3,b'\x11\xe8\xe1I\xcb\xd6M\xf0\xaf\x82\x12\xdf\x17\xaeN\x1e'
11E8E149-CBD6-4DF0-AF82-12DF17AE4E1E,2026-ncaa-d1-natl,genius_ncaa,301,249,271,304,286,333,335,327,311,347,348,221,249,162,317,33,337,329,301,325,130,333,327,298,314,315,99,76,243,322,319,305,211,328,309,351,331,145,297,332,213,126,314,290,,,22,67,,246,265,317,196,100,319,313,284,329,342,176,58,316,291,273,303,255,287,224,282,343,270,130,310,,79,,309,272,38,24,41,112,19,33,85,150,114,269,258,109,71,321,65,205,33,45,159,177,135,322,294,233,81,211,147,319,123,309,83,275,215,86,129,129,255,241,345,,,288,141,,184,265,48,324,144,268,139,102,130,65,83,264,238,204,144,142,116,163,189,308,284,180,105,240,311,,186,,135,b'\x11\xe8\xe1I\xcb\xd6M\xf0\xaf\x82\x12\xdf\x17\xaeN\x1e'
11E8E149-CBDA-DB9A-AF82-12DF17AE4E1E,2010-ncaa-d0-natl,ncaa,159,202,81,181,94,167,128,207,47,72,128,32,291,276,290,271,204,166,277,170,208,200,143,94,119,197,320,302,230,106,28,46,105,58,16,123,147,323,314,225,287,314,9,2,,,98,58,,,160,161,276,75,229,155,295,77,184,306,290,247,209,211,289,231,141,39,54,145,290,314,6,,55,,,160,159,145,269,28,36,133,20,336,327,248,325,96,95,166,104,130,242,197,71,51,118,335,342,88,249,105,25,28,83,16,152,181,254,294,233,121,113,56,45,,,125,134,,,160,188,183,133,158,95,74,227,20,68,330,325,72,71,80,194,110,225,9,28,114,302,95,51,,178,,,b'\x11\xe8\xe1I\xcb\xda\xdb\x9a\xaf\x82\x12\xdf\x17\xaeN\x1e'
11E8E149-CBDA-DB9A-AF82-12DF17AE4E1E,2010-ncaa-d1-conf-Big West,ncaa,3,4,1,4,1,3,2,2,2,1,2,2,7,8,6,9,5,3,8,3,6,2,2,3,5,5,9,8,8,3,1,1,2,1,1,3,4,8,8,7,4,5,1,1,,,2,1,,,4,2,9,4,8,2,7,2,5,9,9,8,6,6,8,7,3,3,1,4,7,7,1,,1,,,4,3,4,9,1,1,7,1,9,9,8,8,2,3,3,3,3,8,8,1,1,2,9,9,2,7,2,1,1,2,1,5,7,6,7,6,4,3,4,2,,,5,6,,,4,8,5,2,4,2,2,4,1,3,9,9,2,2,2,3,2,4,1,1,3,9,3,3,,8,,,b'\x11\xe8\xe1I\xcb\xda\xdb\x9a\xaf\x82\x12\xdf\x17\xaeN\x1e'
11E8E149-CBDA-DB9A-AF82-12DF17AE4E1E,2010-ncaa-d1-natl,ncaa,166,202,91,187,103,180,139,222,47,75,141,32,295,282,291,269,213,175,276,177,207,213,158,94,122,198,320,301,228,115,30,50,109,65,16,127,150,316,316,232,298,317,9,2,,,80,59,,,169,180,277,74,233,161,295,78,185,306,292,251,210,212,291,235,142,41,58,148,290,316,6,,55,,,169,144,130,260,31,30,118,21,332,326,252,324,87,87,169,95,133,231,181,74,55,125,334,342,88,241,109,14,30,61,16,145,182,272,296,236,113,116,52,46,,,138,135,,,169,170,186,140,171,99,78,229,20,68,331,326,74,70,79,196,109,223,9,28,115,302,96,54,,176,,,b'\x11\xe8\xe1I\xcb\xda\xdb\x9a\xaf\x82\x12\xdf\x17\xaeN\x1e'
11E8E149-CBDA-DB9A-AF82-12DF17AE4E1E,2011-ncaa-d0-natl,ncaa,99,83,119,101,124,144,119,214,35,106,191,43,166,206,80,187,210,188,231,190,189,209,200,42,61,88,226,179,252,163,65,69,127,91,37,146,205,190,229,168,312,325,31,22,,,97,101,,,81,219,304,31,149,117,257,113,221,170,215,233,212,215,265,268,177,34,71,149,188,328,19,,79,,,80,73,82,227,17,45,189,11,239,240,198,243,90,96,111,91,95,201,147,29,19,80,285,296,128,242,127,25,65,82,37,66,105,282,286,186,48,64,138,157,,,171,119,,,81,118,87,104,78,71,66,217,39,170,248,240,90,94,91,177,94,235,17,63,56,303,50,131,,186,,,b'\x11\xe8\xe1I\xcb\xda\xdb\x9a\xaf\x82\x12\xdf\x17\xaeN\x1e'
11E8E149-CBDA-DB9A-AF82-12DF17AE4E1E,2011-ncaa-d1-conf-Big West,ncaa,3,1,5,2,6,7,6,9,1,4,6,2,8,8,1,7,7,4,9,4,4,8,9,2,2,5,7,7,6,5,1,1,1,2,1,7,8,5,7,6,9,9,3,2,,,1,1,,,3,9,9,6,6,5,9,2,5,7,7,6,3,3,9,8,5,1,1,7,6,9,2,,1,,,2,1,1,2,1,1,3,1,4,4,4,6,1,1,1,1,1,1,1,1,1,2,9,9,4,1,1,1,1,1,1,1,2,8,7,3,2,2,4,4,,,5,3,,,3,1,3,2,2,1,2,4,1,4,5,5,1,2,2,3,1,5,1,1,2,9,2,4,,2,,,b'\x11\xe8\xe1I\xcb\xda\xdb\x9a\xaf\x82\x12\xdf\x17\xaeN\x1e'
11E8E149-CBDA-DB9A-AF82-12DF17AE4E1E,2011-ncaa-d1-natl,ncaa,112,82,132,106,137,160,137,239,35,123,212,44,173,213,84,183,224,202,227,205,193,237,234,44,62,94,223,176,252,179,68,79,131,107,37,162,207,168,228,178,320,327,35,23,,,77,101,,,89,253,304,29,151,128,261,120,222,172,212,236,215,219,269,269,179,36,76,155,188,328,19,,78,,,87,54,67,206,19,33,162,12,229,228,201,242,81,82,112,78,96,173,112,33,22,87,283,293,123,227,131,12,68,62,37,48,103,297,292,193,38,66,130,161,,,190,118,,,89,87,88,110,84,75,68,217,42,171,247,240,90,94,90,180,92,240,17,65,60,306,51,138,,187,,,b'\x11\xe8\xe1I\xcb\xda\xdb\x9a\xaf\x82\x12\xdf\x17\xaeN\x1e'
11E8E149-CBDA-DB9A-AF82-12DF17AE4E1E,2012-ncaa-d0-natl,ncaa,139,174,48,161,57,227,162,177,154,135,146,155,208,200,206,170,335,338,125,339,342,224,243,174,222,203,301,177,340,229,225,81,18,151,80,151,128,92,164,117,337,337,305,299,,,198,291,,,151,249,341,137,315,251,306,204,237,242,245,341,342,343,331,339,288,161,247,217,49,342,320,,104,,,152,52,39,90,51,31,72,60,163,207,97,252,140,204,13,199,286,105,66,70,59,115,277,254,247,35,18,152,225,86,80,59,161,294,276,206,4,10,13,11,,,301,300,,,151,91,212,90,154,9,7,12,9,8,118,140,86,140,141,10,1,10,58,18,33,330,3,6,,334,,,b'\x11\xe8\xe1I\xcb\xda\xdb\x9a\xaf\x82\x12\xdf\x17\xaeN\x1e'
11E8E149-CBDA-DB9A-AF82-12DF17AE4E1E,2012-ncaa-d1-conf-Big West,ncaa,2,3,1,3,1,6,3,5,2,2,3,2,7,7,6,6,9,9,5,9,9,7,7,2,5,3,9,6,9,6,5,1,1,3,1,2,3,3,5,2,9,9,7,6,,,6,9,,,3,6,9,3,8,5,9,3,7,7,7,9,9,9,9,9,7,3,5,4,2,9,7,,2,,,3,1,1,4,1,1,2,2,5,9,2,8,7,7,3,7,8,5,2,1,2,4,9,6,9,1,1,2,5,1,1,2,3,9,9,7,2,2,1,1,,,9,9,,,3,4,3,3,3,1,1,1,1,1,3,4,3,3,3,1,1,1,1,1,1,9,1,1,,9,,,b'\x11\xe8\xe1I\xcb\xda\xdb\x9a\xaf\x82\x12\xdf\x17\xaeN\x1e'
11E8E149-CBDA-DB9A-AF82-12DF17AE4E1E,2012-ncaa-d1-natl,ncaa,143,173,55,170,64,250,184,209,159,151,169,166,216,213,206,169,338,340,124,341,342,253,275,181,226,211,299,175,339,246,229,98,19,169,88,170,130,80,166,120,341,337,313,301,,,181,291,,,161,280,341,136,317,259,310,213,240,246,246,341,342,343,333,339,289,167,252,224,48,341,323,,107,,,162,40,28,65,54,23,50,63,152,191,105,252,128,189,13,185,286,78,42,75,67,126,275,253,249,28,19,128,229,57,88,49,160,310,282,218,2,11,7,11,,,316,298,,,161,61,219,101,163,9,7,12,9,8,120,142,88,143,143,10,1,10,56,18,35,330,2,6,,334,,,b'\x11\xe8\xe1I\xcb\xda\xdb\x9a\xaf\x82\x12\xdf\x17\xaeN\x1e'
11E8E149-CBDA-DB9A-AF82-12DF17AE4E1E,2012-ncaa-d1-ncaatournament,ncaa,33,2,33,33,34,64,60,44,62,51,41,60,59,52,62,36,54,61,8,61,63,54,48,62,64,64,58,54,43,38,31,61,57,56,50,49,27,18,49,54,55,54,59,58,,,31,63,,,63,61,60,5,64,60,23,50,24,58,36,53,61,61,51,42,17,61,54,44,43,53,57,,62,,,64,25,19,1,64,24,5,62,9,2,57,3,35,42,13,40,63,9,5,63,63,63,36,13,60,14,57,21,31,15,50,16,35,47,34,46,10,19,28,48,,,59,57,,,63,3,63,63,64,57,48,2,53,12,18,3,61,64,63,14,5,24,49,40,41,40,16,51,,58,,,b'\x11\xe8\xe1I\xcb\xda\xdb\x9a\xaf\x82\x12\xdf\x17\xaeN\x1e'
11E8E149-CBDA-DB9A-AF82-12DF17AE4E1E,2013-ncaa-d0-natl,ncaa,149,197,41,170,66,253,212,280,105,101,90,168,340,342,248,343,229,284,29,287,335,286,288,202,179,198,341,340,153,317,296,137,51,232,134,175,117,129,228,151,344,343,214,193,,,167,259,,,183,264,342,267,329,294,343,158,160,343,344,286,321,323,342,344,334,232,326,237,69,345,244,,80,,,182,57,40,95,50,45,67,68,127,189,61,232,206,171,278,179,241,97,77,55,71,115,270,199,273,44,51,93,296,53,134,77,200,267,250,191,22,56,40,21,,,198,64,,,183,102,244,98,176,19,11,11,15,13,87,134,147,112,127,7,4,21,26,10,40,321,12,24,,284,,,b'\x11\xe8\xe1I\xcb\xda\xdb\x9a\xaf\x82\x12\xdf\x17\xaeN\x1e'
11E8E149-CBDA-DB9A-AF82-12DF17AE4E1E,2013-ncaa-d1-conf-Big West,ncaa,4,4,2,4,5,8,5,10,4,4,3,6,10,10,3,10,6,9,3,9,9,10,10,5,5,4,10,10,7,9,8,3,2,7,3,4,4,1,3,3,10,10,8,7,,,3,6,,,4,9,10,6,8,7,10,5,4,10,10,8,10,10,10,10,9,4,9,5,1,10,8,,2,,,4,1,1,3,1,1,2,2,3,7,2,8,3,3,3,3,5,2,2,1,1,3,8,6,8,3,2,2,8,2,3,2,6,10,10,9,1,3,2,2,,,7,5,,,4,2,4,4,4,1,1,1,1,1,3,6,3,3,3,1,1,1,2,2,2,10,1,2,,9,,,b'\x11\xe8\xe1I\xcb\xda\xdb\x9a\xaf\x82\x12\xdf\x17\xaeN\x1e'
11E8E149-CBDA-DB9A-AF82-12DF17AE4E1E,2013-ncaa-d1-natl,ncaa,155,196,49,176,74,271,236,300,110,115,104,175,343,344,248,343,243,293,29,297,335,304,308,211,185,202,341,340,149,326,299,150,52,263,141,187,119,114,230,158,344,343,227,195,,,148,261,,,188,286,342,267,329,300,343,169,166,343,344,286,322,325,342,344,335,236,328,243,69,345,247,,82,,,187,44,31,66,52,35,54,74,123,181,61,233,199,162,280,168,242,70,55,60,78,126,269,196,275,41,52,71,299,40,141,69,202,291,258,199,16,58,33,21,,,217,59,,,188,74,247,106,183,20,11,12,16,13,87,135,146,114,127,7,4,21,28,10,42,324,12,25,,284,,,b'\x11\xe8\xe1I\xcb\xda\xdb\x9a\xaf\x82\x12\xdf\x17\xaeN\x1e'
11E8E149-CBDA-DB9A-AF82-12DF17AE4E1E,2014-ncaa-d0-natl,ncaa,303,298,254,306,288,269,189,227,142,120,91,244,306,335,50,330,326,336,71,336,347,269,306,210,227,180,339,299,326,260,236,327,265,323,284,274,302,14,69,147,280,248,332,324,,,197,323,,,276,311,269,264,248,133,139,63,21,300,332,322,333,333,224,277,243,330,324,262,47,255,330,,277,,,276,153,132,29,328,165,25,343,119,113,173,198,212,187,285,186,303,33,39,329,335,322,161,120,250,64,265,107,236,76,284,207,270,210,128,238,3,5,101,60,,,329,297,,,276,44,190,315,276,253,235,40,237,39,158,154,272,249,251,72,70,117,200,157,271,168,4,140,,325,,,b'\x11\xe8\xe1I\xcb\xda\xdb\x9a\xaf\x82\x12\xdf\x17\xaeN\x1e'
11E8E149-CBDA-DB9A-AF82-12DF17AE4E1E,2014-ncaa-d1-conf-Big West,ncaa,8,8,7,8,8,9,5,6,5,2,2,8,9,9,1,9,9,9,8,9,9,7,7,7,9,9,9,8,9,7,7,7,7,7,7,9,9,3,6,7,6,6,7,7,,,5,8,,,9,8,5,8,9,4,5,2,1,9,9,9,9,9,7,7,7,8,6,9,5,6,7,,8,,,8,5,3,2,6,2,1,8,5,6,3,8,7,5,7,5,9,3,3,6,6,8,9,6,6,4,7,4,7,5,7,5,8,6,6,6,1,1,4,3,,,9,9,,,9,2,9,8,9,6,4,2,4,1,5,7,8,8,8,3,4,3,6,5,6,6,1,4,,9,,,b'\x11\xe8\xe1I\xcb\xda\xdb\x9a\xaf\x82\x12\xdf\x17\xaeN\x1e'
11E8E149-CBDA-DB9A-AF82-12DF17AE4E1E,2014-ncaa-d1-natl,ncaa,293,298,211,299,285,255,179,211,133,98,69,228,313,335,83,333,324,336,71,337,349,258,294,204,221,178,342,308,321,257,236,325,248,322,280,268,303,21,74,149,263,234,333,326,,,211,321,,,272,299,267,267,242,128,142,53,24,307,332,320,333,332,225,278,244,328,320,263,48,248,332,,272,,,272,164,151,31,328,173,25,343,131,129,178,206,235,195,304,197,303,44,49,325,338,320,176,124,252,63,248,128,236,87,280,216,266,189,115,230,2,4,96,51,,,323,297,,,272,53,190,316,271,249,221,35,227,34,158,161,273,243,244,65,69,101,196,148,263,166,4,117,,318,,,b'\x11\xe8\xe1I\xcb\xda\xdb\x9a\xaf\x82\x12\xdf\x17\xaeN\x1e'
11E8E149-CBDA-DB9A-AF82-12DF17AE4E1E,2015-ncaa-d0-natl,ncaa,344,344,243,346,261,346,338,325,331,291,214,328,338,331,339,307,343,339,301,338,337,333,329,341,345,343,327,311,238,328,326,342,335,346,345,301,111,136,287,279,226,173,250,190,,,197,318,,,346,320,328,174,349,346,333,286,171,338,331,344,342,340,342,333,320,346,348,298,193,214,237,,256,,,345,124,110,28,321,86,33,296,207,115,343,206,191,170,239,181,281,31,39,336,334,312,273,252,213,157,335,169,326,173,345,224,318,201,122,246,35,129,68,95,,,334,262,,,346,31,347,327,346,204,178,36,141,41,249,157,231,214,223,40,46,225,252,244,284,165,65,81,,338,,,b'\x11\xe8\xe1I\xcb\xda\xdb\x9a\xaf\x82\x12\xdf\x17\xaeN\x1e'
11E8E149-CBDA-DB9A-AF82-12DF17AE4E1E,2015-ncaa-d1-conf-Big West,ncaa,9,9,9,9,9,9,9,9,8,8,6,9,8,9,7,8,9,9,9,9,9,9,9,9,9,9,9,8,9,8,7,9,9,9,9,9,4,6,8,8,4,3,3,2,,,7,8,,,9,9,8,2,9,8,8,7,4,8,8,9,9,9,8,8,8,9,9,8,8,3,3,,8,,,9,3,2,1,8,2,1,8,3,3,6,4,6,6,8,6,8,1,1,8,8,7,8,4,7,6,9,1,7,2,9,5,9,4,3,5,3,6,5,5,,,9,8,,,9,1,9,8,9,7,5,1,6,2,3,3,8,8,8,2,3,8,5,7,8,3,4,6,,9,,,b'\x11\xe8\xe1I\xcb\xda\xdb\x9a\xaf\x82\x12\xdf\x17\xaeN\x1e'
11E8E149-CBDA-DB9A-AF82-12DF17AE4E1E,2015-ncaa-d1-natl,ncaa,347,344,298,347,317,349,348,345,334,321,243,333,340,336,338,306,346,343,300,343,337,347,347,344,347,344,327,312,230,337,329,348,336,349,345,322,113,104,289,286,252,184,261,199,,,174,320,,,346,346,328,163,349,346,334,294,176,339,332,345,343,341,343,334,323,347,349,308,195,226,238,,259,,,346,92,79,12,326,68,16,303,194,93,342,207,176,148,242,156,283,15,14,338,336,318,271,251,210,139,336,138,329,137,345,213,317,235,124,254,30,133,60,102,,,344,259,,,346,5,347,331,347,221,196,38,150,42,251,152,236,212,229,41,46,230,257,249,288,176,66,86,,338,,,b'\x11\xe8\xe1I\xcb\xda\xdb\x9a\xaf\x82\x12\xdf\x17\xaeN\x1e'
11E8E149-CBDA-DB9A-AF82-12DF17AE4E1E,2016-ncaa-d0-natl,ncaa,239,271,114,255,165,194,197,239,133,187,243,96,200,171,249,152,172,131,293,131,68,228,166,144,156,216,184,191,148,173,154,259,291,239,223,141,88,318,318,242,75,70,248,262,,,270,280,,,211,163,192,280,234,239,296,210,266,207,183,193,145,141,278,220,204,307,294,157,309,74,254,,264,,,209,172,188,134,252,265,235,225,48,32,179,24,233,270,59,276,228,158,205,211,208,158,58,30,244,243,291,102,154,147,223,125,106,79,80,84,136,143,235,278,,,151,140,,,211,187,218,171,212,161,173,82,244,227,34,20,231,261,263,119,163,226,75,126,116,77,135,232,,167,,,b'\x11\xe8\xe1I\xcb\xda\xdb\x9a\xaf\x82\x12\xdf\x17\xaeN\x1e'
11E8E149-CBDA-DB9A-AF82-12DF17AE4E1E,2016-ncaa-d1-conf-Big West,ncaa,5,5,2,5,4,4,4,6,4,5,7,3,5,4,6,5,5,5,6,5,5,7,6,4,4,4,5,6,6,3,3,5,7,5,4,3,3,7,7,3,3,3,7,8,,,6,8,,,4,6,7,6,4,5,6,6,6,6,5,6,6,6,7,7,4,8,7,3,6,3,7,,5,,,4,2,5,3,6,8,7,4,2,1,4,1,3,6,1,6,5,4,4,4,2,3,1,1,5,6,7,5,3,6,4,2,2,4,3,2,2,2,6,8,,,7,8,,,4,4,4,3,4,2,4,2,6,8,2,1,3,5,5,2,3,6,3,3,2,4,2,6,,9,,,b'\x11\xe8\xe1I\xcb\xda\xdb\x9a\xaf\x82\x12\xdf\x17\xaeN\x1e'
11E8E149-CBDA-DB9A-AF82-12DF17AE4E1E,2016-ncaa-d1-natl,ncaa,234,270,99,255,132,177,176,227,114,172,236,85,197,165,240,155,169,136,284,136,77,210,160,127,142,210,193,191,169,174,148,241,278,221,210,129,78,333,321,237,77,77,229,254,,,283,279,,,195,147,190,282,225,220,297,202,264,207,184,199,152,153,279,218,207,298,284,133,309,79,238,,263,,,195,183,197,144,237,272,256,209,39,28,163,24,242,279,63,283,230,178,215,193,189,150,53,29,248,255,278,96,148,151,210,131,106,86,90,87,125,140,229,268,,,152,151,,,195,194,213,167,198,158,163,88,245,240,32,20,232,259,266,123,166,226,63,110,112,83,129,219,,174,,,b'\x11\xe8\xe1I\xcb\xda\xdb\x9a\xaf\x82\x12\xdf\x17\xaeN\x1e'
11E8E149-CBDA-DB9A-AF82-12DF17AE4E1E,2017-ncaa-d0-natl,ncaa,150,184,74,170,109,145,139,179,99,210,276,93,51,64,64,42,285,281,214,283,212,204,188,70,85,121,68,31,319,202,182,186,143,201,151,52,13,225,239,94,142,135,339,342,,,245,269,,,157,184,305,266,203,198,285,262,326,60,77,318,314,315,309,301,247,279,284,48,187,171,343,,197,,,157,184,220,161,284,277,234,277,44,51,111,45,155,195,61,194,158,161,161,228,214,209,31,37,151,112,143,114,182,100,151,163,118,181,176,180,94,99,210,272,,,170,154,,,157,171,135,205,159,104,160,50,243,164,36,26,110,149,149,50,32,72,61,54,118,230,69,175,,244,,,b'\x11\xe8\xe1I\xcb\xda\xdb\x9a\xaf\x82\x12\xdf\x17\xaeN\x1e'
11E8E149-CBDA-DB9A-AF82-12DF17AE4E1E,2017-ncaa-d1-conf-Big West,ncaa,3,4,1,4,1,2,2,4,2,4,6,1,1,1,3,1,6,7,5,7,5,4,3,2,2,2,2,3,7,6,7,3,3,5,4,1,1,8,7,3,3,3,9,9,,,6,6,,,4,2,7,6,6,6,8,6,9,4,3,8,8,8,8,8,7,7,7,3,5,3,9,,5,,,4,7,8,6,7,7,8,7,3,1,4,1,4,5,2,5,4,5,8,6,6,4,2,2,5,3,3,6,7,4,4,6,5,3,3,5,4,3,8,8,,,2,3,,,4,8,5,4,4,3,4,2,7,5,2,1,3,4,4,2,1,2,2,1,5,4,3,8,,4,,,b'\x11\xe8\xe1I\xcb\xda\xdb\x9a\xaf\x82\x12\xdf\x17\xaeN\x1e'
11E8E149-CBDA-DB9A-AF82-12DF17AE4E1E,2017-ncaa-d1-natl,ncaa,157,181,98,175,135,174,168,221,111,246,302,97,60,77,68,43,299,300,213,299,212,254,239,74,89,129,68,31,317,225,190,232,155,243,164,60,14,209,245,99,166,147,341,342,,,228,275,,,172,237,309,267,214,210,294,275,327,63,78,320,315,317,312,308,253,284,293,56,188,180,343,,200,,,172,145,189,112,295,263,207,286,38,34,115,43,140,180,64,181,159,113,103,245,226,221,29,33,149,86,155,87,190,75,164,139,122,207,183,186,73,102,201,274,,,200,150,,,172,114,142,218,173,112,166,51,254,165,35,28,113,149,151,50,33,76,63,57,121,234,69,185,,246,,,b'\x11\xe8\xe1I\xcb\xda\xdb\x9a\xaf\x82\x12\xdf\x17\xaeN\x1e'
11E8E149-CBDA-DB9A-AF82-12DF17AE4E1E,2018-ncaa-d0-natl,ncaa,222,207,242,224,285,197,194,241,121,276,316,128,48,59,58,32,302,304,193,304,204,257,271,74,85,109,37,24,315,214,145,278,225,265,167,77,8,143,230,90,310,302,338,340,,,189,273,,,205,277,215,278,138,148,188,275,309,29,36,296,301,299,224,220,166,252,224,31,215,301,337,,245,,,206,153,204,106,315,293,241,300,20,16,122,9,177,189,159,195,150,110,70,256,253,281,8,8,205,118,225,64,145,65,167,160,114,285,268,264,89,146,147,275,,,288,258,,,205,74,105,284,204,233,273,168,328,310,28,19,218,226,231,188,124,171,107,125,197,267,135,192,,262,,,b'\x11\xe8\xe1I\xcb\xda\xdb\x9a\xaf\x82\x12\xdf\x17\xaeN\x1e'
11E8E149-CBDA-DB9A-AF82-12DF17AE4E1E,2018-ncaa-d1-conf-Big West,ncaa,5,4,4,5,7,6,6,6,2,7,8,2,1,1,2,1,8,9,7,9,6,6,6,2,2,2,2,1,8,4,4,5,6,4,3,4,2,4,7,3,7,6,7,8,,,5,5,,,4,8,6,7,5,5,5,7,8,1,1,8,8,8,6,6,4,6,4,1,5,6,7,,5,,,4,3,3,4,5,8,6,5,3,3,2,2,4,5,4,5,5,3,3,3,3,6,3,3,7,4,6,1,4,3,3,3,3,6,7,7,1,1,4,8,,,8,8,,,4,3,2,7,3,3,4,4,7,7,2,2,4,5,5,3,4,6,2,3,3,6,1,6,,7,,,b'\x11\xe8\xe1I\xcb\xda\xdb\x9a\xaf\x82\x12\xdf\x17\xaeN\x1e'
11E8E149-CBDA-DB9A-AF82-12DF17AE4E1E,2018-ncaa-d1-natl,ncaa,231,207,315,231,329,230,227,283,127,305,331,133,55,71,59,32,318,316,196,318,199,298,309,78,88,113,35,24,316,240,153,312,230,296,184,88,9,121,235,96,326,310,341,342,,,167,277,,,216,326,223,279,148,159,195,284,317,30,39,300,303,301,234,229,176,261,238,32,214,310,338,,246,,,217,124,177,67,322,283,211,308,13,8,128,9,161,173,165,180,154,66,27,270,264,296,7,9,202,94,230,35,153,38,184,147,114,309,273,270,70,159,138,284,,,309,258,,,216,24,114,295,214,247,280,173,330,311,28,17,222,229,237,192,123,176,110,129,205,277,137,193,,267,,,b'\x11\xe8\xe1I\xcb\xda\xdb\x9a\xaf\x82\x12\xdf\x17\xaeN\x1e'
11E8E149-CBDA-DB9A-AF82-12DF17AE4E1E,2019-ncaa-d0-natl,ncaa,277,298,173,290,223,295,311,249,338,323,312,287,202,90,342,45,186,212,120,212,66,250,268,330,315,295,58,122,48,166,172,279,238,238,236,252,77,128,183,213,312,293,316,317,,,120,229,,,299,295,315,248,323,335,272,336,319,195,63,167,192,196,272,288,139,297,252,264,142,312,319,,141,,,292,145,153,94,277,179,129,256,148,90,290,141,142,148,130,144,194,89,52,276,265,293,140,162,154,134,238,185,172,165,236,230,267,298,253,299,68,128,212,298,,,172,74,,,299,50,281,294,306,175,189,79,202,129,155,99,153,165,164,78,39,158,216,204,250,290,105,221,,140,,,b'\x11\xe8\xe1I\xcb\xda\xdb\x9a\xaf\x82\x12\xdf\x17\xaeN\x1e'
11E8E149-CBDA-DB9A-AF82-12DF17AE4E1E,2019-ncaa-d1-conf-Big West,ncaa,8,7,6,8,7,9,9,5,9,8,7,7,6,3,9,2,4,6,4,6,4,4,6,9,9,9,5,5,2,3,4,7,5,5,5,7,7,3,3,7,6,5,8,9,,,6,8,,,8,8,7,6,8,8,4,7,6,5,2,3,6,6,4,5,4,7,4,7,4,5,8,,6,,,8,5,5,2,6,7,4,5,2,1,9,1,5,6,2,5,5,2,1,6,7,7,4,3,4,3,5,7,4,6,5,7,7,7,6,7,3,3,9,9,,,5,5,,,8,1,8,7,8,6,6,4,7,8,4,1,6,7,7,4,2,3,7,6,8,5,3,8,,3,,,b'\x11\xe8\xe1I\xcb\xda\xdb\x9a\xaf\x82\x12\xdf\x17\xaeN\x1e'
11E8E149-CBDA-DB9A-AF82-12DF17AE4E1E,2019-ncaa-d1-natl,ncaa,294,297,233,298,284,316,336,294,339,337,332,294,220,101,342,44,207,238,116,237,66,289,312,332,320,301,54,123,42,196,182,312,249,287,250,281,81,94,186,221,323,301,326,322,,,96,234,,,308,328,316,248,324,336,283,337,322,199,64,174,200,200,279,296,152,304,262,276,145,316,323,,141,,,308,107,126,49,286,143,95,273,122,62,295,133,115,127,134,126,192,40,20,283,283,303,136,159,159,96,249,154,182,122,250,215,269,314,262,309,56,138,202,307,,,209,74,,,308,18,286,306,319,186,207,77,217,134,165,101,163,175,175,78,36,160,225,207,257,295,109,229,,140,,,b'\x11\xe8\xe1I\xcb\xda\xdb\x9a\xaf\x82\x12\xdf\x17\xaeN\x1e'
11E8E149-CBDA-DB9A-AF82-12DF17AE4E1E,2020-ncaa-d0-natl,ncaa,197,170,260,194,266,278,280,287,234,301,307,188,154,131,230,67,282,307,125,308,188,296,317,202,206,196,91,91,218,226,180,119,16,166,60,122,19,78,166,90,308,270,288,299,,,23,84,,,168,321,317,41,246,251,250,280,291,129,96,265,291,291,276,299,201,42,78,80,124,296,288,,40,,,168,36,82,81,134,131,142,146,69,88,74,137,13,26,22,25,37,56,18,105,75,154,33,124,28,16,16,94,180,39,60,47,73,338,312,248,103,187,94,194,,,295,197,,,168,32,193,118,161,73,138,162,190,203,88,114,20,42,41,111,24,26,159,80,79,333,146,126,,258,,,b'\x11\xe8\xe1I\xcb\xda\xdb\x9a\xaf\x82\x12\xdf\x17\xaeN\x1e'
11E8E149-CBDA-DB9A-AF82-12DF17AE4E1E,2020-ncaa-d1-conf-Big West,ncaa,3,2,7,3,8,9,9,8,5,7,7,4,5,5,6,4,4,7,2,7,3,8,8,6,5,5,4,5,2,3,2,5,3,5,1,4,1,5,7,5,6,4,8,8,,,1,3,,,3,9,8,4,6,7,6,6,7,4,4,2,5,5,7,6,3,5,2,3,7,4,8,,1,,,3,2,5,2,6,9,6,6,1,1,2,1,1,1,2,1,1,2,1,4,2,5,1,1,1,2,3,1,2,1,1,2,3,7,5,6,3,7,8,8,,,5,3,,,3,1,5,6,3,3,7,4,9,9,1,1,1,1,1,4,2,2,2,2,3,7,7,8,,1,,,b'\x11\xe8\xe1I\xcb\xda\xdb\x9a\xaf\x82\x12\xdf\x17\xaeN\x1e'
11E8E149-CBDA-DB9A-AF82-12DF17AE4E1E,2020-ncaa-d1-natl,ncaa,199,170,257,197,261,273,279,292,233,304,305,180,152,120,234,69,278,295,121,301,183,301,315,194,200,193,99,96,212,227,188,98,19,158,62,108,16,76,171,88,310,281,290,301,,,33,99,,,175,323,319,41,249,254,257,283,294,136,101,261,290,289,278,304,207,41,82,80,121,305,288,,55,,,174,42,94,107,127,143,164,140,68,81,72,132,19,34,32,30,36,67,20,100,71,159,38,119,38,22,19,100,188,49,62,63,82,340,315,268,116,201,93,191,,,285,190,,,175,30,191,122,165,74,139,171,189,216,92,115,27,47,44,121,25,34,152,87,85,335,157,117,,252,,,b'\x11\xe8\xe1I\xcb\xda\xdb\x9a\xaf\x82\x12\xdf\x17\xaeN\x1e'
11E8E149-CBDA-DB9A-AF82-12DF17AE4E1E,2021-ncaa-d0-natl,ncaa,225,250,191,243,206,179,202,218,147,266,272,201,49,89,21,31,171,214,22,209,72,220,229,77,67,90,6,13,166,283,303,198,238,238,283,135,43,135,198,119,312,339,272,313,,,75,26,,,233,205,196,224,136,207,248,312,326,23,45,147,226,218,249,274,317,179,280,106,164,339,289,,36,,,228,186,228,183,275,251,227,240,135,113,220,79,124,110,256,109,39,168,138,246,240,305,40,90,69,201,238,138,303,162,283,279,292,288,325,336,128,166,76,143,,,211,150,,,233,133,139,312,245,272,307,282,319,324,155,110,122,103,93,263,159,256,173,220,320,326,146,57,,205,,,b'\x11\xe8\xe1I\xcb\xda\xdb\x9a\xaf\x82\x12\xdf\x17\xaeN\x1e'
11E8E149-CBDA-DB9A-AF82-12DF17AE4E1E,2021-ncaa-d1-conf-Big West,ncaa,6,8,5,7,5,3,4,5,2,6,5,6,1,2,1,3,3,4,1,4,4,5,5,2,2,2,2,2,4,7,9,2,8,6,6,2,3,6,3,2,8,10,4,8,,,6,2,,,4,5,2,8,1,2,6,8,7,2,3,3,4,4,6,7,9,3,5,3,5,10,4,,2,,,4,9,10,10,8,10,10,6,4,2,3,1,6,6,4,5,1,10,6,5,3,9,1,1,2,10,8,7,9,8,6,8,7,7,8,10,5,6,6,8,,,4,4,,,4,6,1,10,5,10,10,10,10,10,3,2,5,6,5,10,10,9,4,9,10,8,5,6,,4,,,b'\x11\xe8\xe1I\xcb\xda\xdb\x9a\xaf\x82\x12\xdf\x17\xaeN\x1e'
11E8E149-CBDA-DB9A-AF82-12DF17AE4E1E,2021-ncaa-d1-natl,ncaa,230,250,206,251,222,194,218,232,153,278,281,210,55,98,23,31,180,228,22,225,69,235,243,80,70,94,6,13,163,294,306,220,246,249,291,153,41,120,202,121,313,341,278,314,,,66,26,,,240,219,199,225,142,215,253,317,327,23,46,146,226,220,253,277,318,185,287,110,163,341,291,,36,,,239,169,214,167,277,245,218,246,127,105,224,77,113,101,255,99,39,150,121,252,247,308,39,89,69,188,246,123,306,144,291,274,292,292,327,336,119,171,66,146,,,224,144,,,240,122,144,315,252,276,310,284,320,325,157,110,126,108,99,267,158,258,180,222,322,329,148,62,,208,,,b'\x11\xe8\xe1I\xcb\xda\xdb\x9a\xaf\x82\x12\xdf\x17\xaeN\x1e'
11E8E149-CBDA-DB9A-AF82-12DF17AE4E1E,2022-ncaa-d0-natl,ncaa,174,106,295,154,305,298,326,341,228,325,339,165,250,243,253,119,151,166,124,162,10,329,328,211,165,193,66,161,18,306,242,231,97,277,129,258,59,97,260,210,320,274,295,282,,,26,128,,,169,328,307,176,270,329,347,316,328,205,163,69,76,76,313,317,275,104,182,207,208,298,279,,75,,,166,14,31,50,90,53,72,122,38,69,37,182,12,10,161,10,42,35,22,77,58,87,77,140,73,50,97,30,242,26,129,46,185,320,236,222,138,283,7,82,,,199,13,,,169,25,220,95,170,52,95,136,141,167,80,143,45,37,34,98,47,130,117,111,128,283,235,19,,66,,,b'\x11\xe8\xe1I\xcb\xda\xdb\x9a\xaf\x82\x12\xdf\x17\xaeN\x1e'
11E8E149-CBDA-DB9A-AF82-12DF17AE4E1E,2022-ncaa-d1-conf-Big West,ncaa,6,6,5,6,6,9,10,11,5,10,10,5,6,7,7,5,5,4,6,4,2,10,9,7,4,8,5,6,1,8,6,5,4,6,4,7,4,8,10,9,10,10,9,11,,,1,2,,,6,9,11,5,9,11,11,10,9,7,7,4,3,2,11,11,7,3,5,8,9,10,10,,1,,,6,1,4,6,4,8,8,4,1,2,2,3,1,1,1,1,1,6,3,2,1,2,1,3,1,6,4,2,6,3,4,3,3,7,6,6,7,8,2,3,,,5,2,,,6,3,8,2,6,1,7,6,8,11,2,3,1,1,1,5,1,7,4,3,3,8,8,4,,4,,,b'\x11\xe8\xe1I\xcb\xda\xdb\x9a\xaf\x82\x12\xdf\x17\xaeN\x1e'
11E8E149-CBDA-DB9A-AF82-12DF17AE4E1E,2022-ncaa-d1-natl,ncaa,176,106,304,152,315,295,321,340,199,314,339,133,242,234,256,122,150,170,119,171,20,334,334,186,145,173,89,178,32,299,226,232,87,278,116,241,51,84,241,174,304,234,283,266,,,25,126,,,128,334,298,177,239,301,336,291,315,204,157,71,84,86,300,304,260,102,166,167,190,258,267,,78,,,118,12,29,41,82,48,68,105,36,68,39,179,10,11,164,11,39,28,19,68,50,74,79,146,75,40,87,24,226,19,116,43,195,303,198,187,119,253,6,68,,,213,25,,,128,20,194,77,122,44,82,129,128,167,78,130,35,30,31,88,58,117,119,104,131,238,213,18,,83,,,b'\x11\xe8\xe1I\xcb\xda\xdb\x9a\xaf\x82\x12\xdf\x17\xaeN\x1e'
11E8E149-CBDA-DB9A-AF82-12DF17AE4E1E,2023-ncaa-d0-natl,ncaa,102,91,116,104,120,150,184,268,89,157,219,83,236,253,194,240,25,54,12,53,22,218,200,121,56,105,156,285,7,229,148,123,175,151,86,153,122,222,250,184,274,283,307,332,,,164,192,,,115,195,325,14,151,228,339,171,250,253,284,14,50,44,291,283,249,121,184,175,208,293,319,,146,,,116,150,195,234,110,176,247,84,188,166,229,156,67,48,300,47,35,193,145,103,99,171,142,217,69,218,175,36,148,70,86,106,80,286,299,236,187,217,78,98,,,52,9,,,115,138,110,190,133,103,155,210,153,248,175,145,61,40,39,148,69,208,19,46,82,317,177,66,,38,,,b'\x11\xe8\xe1I\xcb\xda\xdb\x9a\xaf\x82\x12\xdf\x17\xaeN\x1e'
11E8E149-CBDA-DB9A-AF82-12DF17AE4E1E,2023-ncaa-d1-conf-Big West,ncaa,4,5,1,4,3,1,2,5,2,1,4,4,6,8,6,9,1,1,3,1,2,2,2,3,1,2,7,11,1,5,3,1,8,1,2,3,5,10,7,7,9,11,10,11,,,8,6,,,4,2,4,7,1,4,10,2,6,10,9,1,1,1,5,5,6,3,3,5,7,11,11,,6,,,4,11,11,11,6,11,11,3,7,6,8,4,6,6,8,6,1,11,9,5,4,7,3,4,1,10,8,4,3,8,2,6,2,9,11,9,9,5,5,4,,,1,1,,,4,9,2,10,5,9,10,11,11,11,5,4,3,3,2,11,5,10,1,1,4,11,5,4,,1,,,b'\x11\xe8\xe1I\xcb\xda\xdb\x9a\xaf\x82\x12\xdf\x17\xaeN\x1e'
11E8E149-CBDA-DB9A-AF82-12DF17AE4E1E,2023-ncaa-d1-natl,ncaa,81,91,56,95,56,106,138,203,80,114,176,69,216,228,186,233,19,42,23,40,31,155,129,111,55,100,173,273,16,168,114,82,163,112,75,102,79,272,253,154,239,267,267,306,,,203,188,,,96,127,310,17,143,209,325,153,237,245,266,19,54,52,276,264,214,113,164,136,218,277,294,,144,,,99,180,223,281,100,212,289,80,201,196,188,155,79,64,285,61,35,251,223,97,82,133,122,200,71,246,163,58,114,111,75,143,93,238,273,212,226,214,107,104,,,28,13,,,96,207,101,156,108,84,134,200,145,241,149,143,56,41,40,148,78,194,20,48,82,300,178,74,,40,,,b'\x11\xe8\xe1I\xcb\xda\xdb\x9a\xaf\x82\x12\xdf\x17\xaeN\x1e'
11E8E149-CBDA-DB9A-AF82-12DF17AE4E1E,2024-ncaa-d0-natl,ncaa,189,148,258,187,266,246,255,287,186,309,304,237,127,177,54,106,226,264,65,261,143,292,302,145,140,173,50,61,166,265,205,161,106,206,123,205,101,138,236,188,357,355,307,326,,,51,142,,,186,297,277,87,214,241,274,303,283,92,138,194,241,238,274,273,231,78,140,168,195,357,307,,106,,,187,70,112,132,153,163,194,137,63,74,119,96,52,33,316,35,38,106,62,119,113,201,49,100,97,92,106,65,205,59,123,64,56,347,329,256,104,201,130,239,,,263,167,,,186,60,178,210,187,147,198,233,253,297,88,104,104,72,78,200,91,150,132,127,104,337,162,173,,225,,,b'\x11\xe8\xe1I\xcb\xda\xdb\x9a\xaf\x82\x12\xdf\x17\xaeN\x1e'
11E8E149-CBDA-DB9A-AF82-12DF17AE4E1E,2024-ncaa-d1-conf-Big West,ncaa,6,6,3,6,5,5,6,6,7,9,7,7,3,5,1,4,5,7,1,6,3,6,7,4,4,3,4,4,6,5,5,4,1,3,3,4,4,5,5,4,11,11,10,11,,,4,4,,,7,6,8,7,4,7,8,8,8,4,5,5,8,7,7,8,6,5,2,4,5,11,10,,3,,,7,7,9,8,9,10,9,8,2,4,3,2,4,4,11,4,1,8,6,7,6,10,1,1,2,3,1,5,5,3,3,5,1,11,11,11,5,4,7,9,,,8,7,,,7,6,3,9,8,7,9,9,11,11,2,4,4,4,4,9,3,3,4,3,6,11,5,7,,8,,,b'\x11\xe8\xe1I\xcb\xda\xdb\x9a\xaf\x82\x12\xdf\x17\xaeN\x1e'
11E8E149-CBDA-DB9A-AF82-12DF17AE4E1E,2024-ncaa-d1-natl,ncaa,172,150,194,170,209,202,214,260,132,268,281,186,97,153,38,101,227,262,71,257,169,269,268,108,103,131,59,61,222,250,208,127,75,178,96,158,103,177,234,168,358,355,321,331,,,79,135,,,155,264,277,101,178,198,264,277,278,79,135,222,262,257,279,274,248,76,138,139,191,357,316,,98,,,153,106,163,185,149,217,240,148,90,110,107,121,59,43,296,46,39,152,81,124,106,198,51,106,80,95,75,79,208,66,96,73,53,338,328,250,108,172,140,230,,,265,214,,,155,97,147,194,162,138,197,228,244,289,92,127,86,60,69,191,82,115,107,88,105,339,130,159,,265,,,b'\x11\xe8\xe1I\xcb\xda\xdb\x9a\xaf\x82\x12\xdf\x17\xaeN\x1e'
11E8E149-CBDA-DB9A-AF82-12DF17AE4E1E,2025-ncaa-d0-natl,genius_ncaa,147,113,248,133,258,247,318,324,268,347,349,253,141,130,176,45,68,151,2,155,8,308,333,217,144,131,5,56,11,310,290,229,115,272,204,351,350,38,134,296,351,340,277,237,,,194,343,,161,140,330,338,88,237,330,332,351,349,95,72,33,99,105,308,336,296,168,255,357,72,350,269,,262,,200,140,27,15,40,69,23,36,81,77,95,101,202,190,246,27,240,328,48,25,70,89,138,288,182,325,65,115,105,290,68,204,18,84,318,260,149,10,41,73,266,,,133,8,,25,140,30,147,135,144,62,31,45,38,55,107,131,250,292,290,76,24,108,170,138,33,311,15,106,,48,,16,b'\x11\xe8\xe1I\xcb\xda\xdb\x9a\xaf\x82\x12\xdf\x17\xaeN\x1e'
11E8E149-CBDA-DB9A-AF82-12DF17AE4E1E,2025-ncaa-d1-conf-Big West,genius_ncaa,6,5,5,6,7,5,8,10,2,9,11,3,2,5,1,2,1,4,1,4,1,10,10,2,2,1,1,1,2,9,8,8,4,9,7,9,10,2,6,8,11,11,7,7,,,7,10,,3,5,11,11,7,4,9,10,10,11,2,4,1,4,4,9,11,9,8,10,11,4,11,7,,9,,4,5,3,3,1,7,3,1,7,5,4,7,7,8,9,2,9,11,3,1,7,7,9,6,6,9,2,4,2,8,1,7,4,5,10,7,9,1,4,3,9,,,3,1,,2,5,1,1,8,5,6,5,2,5,2,5,5,8,9,9,3,1,2,3,2,4,11,1,3,,2,,1,b'\x11\xe8\xe1I\xcb\xda\xdb\x9a\xaf\x82\x12\xdf\x17\xaeN\x1e'
11E8E149-CBDA-DB9A-AF82-12DF17AE4E1E,2025-ncaa-d1-natl,genius_ncaa,161,113,304,138,311,292,337,344,284,352,353,269,154,147,176,45,76,169,2,174,8,331,349,226,152,140,5,55,8,323,298,269,121,309,219,358,352,31,140,305,355,343,288,247,,,171,344,,147,155,347,342,75,250,339,338,354,350,98,75,35,99,107,313,338,302,179,270,359,73,351,271,,270,,205,153,19,10,17,77,14,25,90,67,72,113,196,180,227,30,221,328,26,15,80,103,155,291,183,325,44,121,78,298,43,219,11,85,338,273,163,7,46,59,274,,,153,8,,25,155,14,162,155,158,68,35,49,44,56,119,132,256,296,295,81,23,113,176,147,34,316,14,106,,49,,16,b'\x11\xe8\xe1I\xcb\xda\xdb\x9a\xaf\x82\x12\xdf\x17\xaeN\x1e'
11E8E149-CBDA-DB9A-AF82-12DF17AE4E1E,2026-ncaa-d0-natl,genius_ncaa,55,13,206,32,216,165,168,231,85,264,292,154,31,98,7,20,309,325,95,323,274,250,276,41,48,42,12,4,347,348,351,181,141,264,252,151,122,33,77,54,328,338,232,213,,,72,78,,118,82,256,248,97,102,111,192,281,324,5,36,314,336,333,256,336,355,102,279,96,42,342,227,,76,,143,67,68,85,125,71,119,101,226,48,214,2,293,79,62,267,62,97,116,105,53,51,74,63,92,136,125,141,158,351,140,252,47,59,242,200,114,31,71,20,87,,,285,237,,95,82,108,80,86,64,82,105,197,169,112,55,275,90,71,71,152,112,175,210,192,57,215,45,36,,296,,72,b'\x11\xe8\xe1I\xcb\xda\xdb\x9a\xaf\x82\x12\xdf\x17\xaeN\x1e'
11E8E149-CBDA-DB9A-AF82-12DF17AE4E1E,2026-ncaa-d1-conf-Big West,genius_ncaa,1,1,1,1,1,4,4,5,4,6,4,9,1,6,1,7,5,5,7,5,3,4,9,3,3,1,1,1,6,7,8,3,6,4,6,3,1,4,4,1,10,10,6,7,,,3,3,,6,2,9,11,1,6,6,7,8,6,1,8,6,5,5,6,11,9,3,5,4,2,10,7,,2,,5,3,4,5,7,4,7,8,6,1,7,2,6,3,3,3,3,2,5,4,2,2,3,1,3,4,6,6,5,8,6,6,3,2,5,7,2,5,5,1,1,,,6,4,,3,2,3,4,3,3,3,4,7,7,8,1,5,3,3,3,5,2,6,4,6,2,7,4,1,,6,,3,b'\x11\xe8\xe1I\xcb\xda\xdb\x9a\xaf\x82\x12\xdf\x17\xaeN\x1e'
11E8E149-CBDA-DB9A-AF82-12DF17AE4E1E,2026-ncaa-d1-natl,genius_ncaa,38,13,177,28,197,172,162,245,77,282,313,163,18,84,4,25,328,336,157,332,285,259,290,32,45,47,15,8,349,351,349,193,185,289,283,143,126,49,99,65,331,337,188,159,,,75,85,,125,85,254,260,100,122,117,214,289,326,5,44,330,336,335,274,336,355,139,305,103,59,338,174,,86,,147,79,66,93,144,75,128,107,220,47,227,2,274,88,79,199,85,137,121,115,56,52,68,69,91,151,173,185,163,349,165,283,40,55,219,186,97,46,91,40,108,,,299,249,,112,85,109,86,95,77,75,98,177,156,104,52,260,100,97,102,141,118,209,208,211,51,191,58,47,,305,,109,b'\x11\xe8\xe1I\xcb\xda\xdb\x9a\xaf\x82\x12\xdf\x17\xaeN\x1e'
11E8E149-CBDF-1282-AF82-12DF17AE4E1E,2010-ncaa-d0-natl,ncaa,242,174,322,229,328,257,233,259,176,176,173,197,287,299,205,278,251,218,280,219,241,256,275,222,234,214,280,269,202,44,3,336,150,228,17,290,315,74,157,242,137,46,337,334,,,107,296,,,159,323,185,164,140,101,71,71,36,249,264,170,114,113,67,60,2,311,71,254,207,57,335,,264,,,159,32,70,8,337,180,70,323,16,5,284,14,53,91,8,90,172,6,15,324,308,242,12,19,113,5,150,5,3,3,17,96,186,215,66,169,34,85,238,240,,,228,105,,,159,25,127,191,148,189,258,56,313,233,28,12,136,196,191,70,118,35,45,24,235,96,116,306,,66,,,b'\x11\xe8\xe1I\xcb\xdf\x12\x82\xaf\x82\x12\xdf\x17\xaeN\x1e'
11E8E149-CBDF-1282-AF82-12DF17AE4E1E,2010-ncaa-d1-conf-C-USA,ncaa,7,7,4,7,4,5,5,2,9,2,3,9,9,8,12,9,6,8,9,8,8,4,4,10,7,8,9,9,7,1,1,9,1,3,1,9,10,8,6,11,3,3,11,11,,,10,11,,,6,7,9,7,5,5,2,4,3,9,9,6,7,7,4,2,1,12,1,11,7,3,11,,10,,,6,6,8,2,12,9,7,12,2,1,11,1,5,8,2,7,7,2,3,12,12,12,2,2,5,1,1,2,1,1,1,12,9,4,3,10,1,2,12,12,,,6,8,,,6,7,5,9,6,6,9,1,11,7,2,1,4,6,6,1,1,1,2,1,12,4,2,12,,7,,,b'\x11\xe8\xe1I\xcb\xdf\x12\x82\xaf\x82\x12\xdf\x17\xaeN\x1e'
11E8E149-CBDF-1282-AF82-12DF17AE4E1E,2010-ncaa-d1-conf-CUSA,ncaa,7,7,4,7,4,5,5,2,9,2,3,9,9,8,12,9,6,8,9,8,8,4,4,10,7,8,9,9,7,1,1,9,1,3,1,9,10,8,6,11,3,3,11,11,,,10,11,,,6,7,9,7,5,5,2,4,3,9,9,6,7,7,4,2,1,12,1,11,7,3,11,,10,,,6,6,8,2,12,9,7,12,2,1,11,1,5,8,2,7,7,2,3,12,12,12,2,2,5,1,1,2,1,1,1,12,9,4,3,10,1,2,12,12,,,6,8,,,6,7,5,9,6,6,9,1,11,7,2,1,4,6,6,1,1,1,2,1,12,4,2,12,,7,,,b'\x11\xe8\xe1I\xcb\xdf\x12\x82\xaf\x82\x12\xdf\x17\xaeN\x1e'
11E8E149-CBDF-1282-AF82-12DF17AE4E1E,2010-ncaa-d1-natl,ncaa,250,174,342,232,344,274,248,282,182,188,185,203,292,301,206,276,262,230,280,233,240,281,302,224,241,220,278,270,199,49,3,342,155,251,17,305,316,61,159,245,149,47,338,335,,,90,297,,,168,336,189,164,145,106,73,73,36,250,263,169,113,114,67,60,3,312,76,260,209,62,336,,264,,,168,21,57,2,338,167,54,323,14,4,287,14,46,83,9,81,172,1,5,326,310,252,11,19,113,4,155,4,3,3,17,90,189,234,70,175,30,85,233,246,,,243,103,,,168,10,132,204,156,195,265,57,318,234,28,12,135,196,192,73,116,36,44,24,243,101,117,309,,65,,,b'\x11\xe8\xe1I\xcb\xdf\x12\x82\xaf\x82\x12\xdf\x17\xaeN\x1e'
11E8E149-CBDF-1282-AF82-12DF17AE4E1E,2011-ncaa-d0-natl,ncaa,71,60,77,67,91,76,89,64,172,106,72,223,83,120,47,188,61,56,145,49,106,57,73,168,157,101,107,126,122,22,28,113,142,47,54,194,303,73,25,129,105,126,312,328,,,176,140,,,73,121,203,131,74,105,56,145,99,96,144,71,61,58,45,101,15,188,48,227,46,125,319,,124,,,72,202,239,243,201,292,298,176,63,61,134,27,161,186,85,184,98,237,233,153,134,142,28,47,143,187,142,198,28,196,54,217,179,142,185,191,54,27,330,299,,,85,167,,,73,237,49,140,68,135,182,168,252,282,47,33,132,146,143,159,144,138,131,129,183,191,41,325,,127,,,b'\x11\xe8\xe1I\xcb\xdf\x12\x82\xaf\x82\x12\xdf\x17\xaeN\x1e'
11E8E149-CBDF-1282-AF82-12DF17AE4E1E,2011-ncaa-d1-conf-C-USA,ncaa,2,2,1,2,2,3,4,2,8,6,5,9,1,1,1,4,3,4,6,4,9,4,4,7,6,4,3,2,6,1,1,5,3,2,1,6,8,3,1,3,5,3,11,12,,,4,5,,,2,5,10,7,4,7,4,8,6,1,3,6,5,5,4,7,1,7,2,7,2,5,12,,3,,,2,4,9,8,5,9,9,6,3,4,3,2,4,3,6,3,4,7,8,4,3,3,3,4,4,5,3,8,1,7,1,5,5,5,5,6,2,1,11,12,,,4,9,,,2,8,1,3,2,2,2,4,7,7,2,2,3,3,3,3,3,3,3,3,4,9,1,10,,8,,,b'\x11\xe8\xe1I\xcb\xdf\x12\x82\xaf\x82\x12\xdf\x17\xaeN\x1e'
11E8E149-CBDF-1282-AF82-12DF17AE4E1E,2011-ncaa-d1-conf-CUSA,ncaa,2,2,1,2,2,3,4,2,8,6,5,9,1,1,1,4,3,4,6,4,9,4,4,7,6,4,3,2,6,1,1,5,3,2,1,6,8,3,1,3,5,3,11,12,,,4,5,,,2,5,10,7,4,7,4,8,6,1,3,6,5,5,4,7,1,7,2,7,2,5,12,,3,,,2,4,9,8,5,9,9,6,3,4,3,2,4,3,6,3,4,7,8,4,3,3,3,4,4,5,3,8,1,7,1,5,5,5,5,6,2,1,11,12,,,4,9,,,2,8,1,3,2,2,2,4,7,7,2,2,3,3,3,3,3,3,3,3,4,9,1,10,,8,,,b'\x11\xe8\xe1I\xcb\xdf\x12\x82\xaf\x82\x12\xdf\x17\xaeN\x1e'
11E8E149-CBDF-1282-AF82-12DF17AE4E1E,2011-ncaa-d1-natl,ncaa,63,57,51,63,67,65,77,53,173,96,62,221,83,117,51,186,58,55,146,48,113,46,63,168,158,100,114,128,122,20,29,95,130,40,48,177,303,75,23,129,97,122,316,332,,,189,129,,,72,92,212,137,75,98,56,142,101,106,143,79,70,64,47,103,18,182,48,225,42,132,325,,113,,,74,222,254,266,194,298,307,164,82,81,151,40,153,176,73,173,91,253,255,154,131,146,32,60,118,194,130,225,29,221,48,244,188,133,176,196,58,25,333,297,,,76,168,,,72,257,49,132,65,131,176,169,240,275,62,36,112,134,131,150,139,132,134,128,185,188,39,324,,127,,,b'\x11\xe8\xe1I\xcb\xdf\x12\x82\xaf\x82\x12\xdf\x17\xaeN\x1e'
11E8E149-CBDF-1282-AF82-12DF17AE4E1E,2011-ncaa-d1-ncaatournament,ncaa,33,2,33,33,34,36,37,40,33,39,39,43,30,42,9,26,45,48,1,47,48,41,38,29,28,28,16,9,39,38,22,42,10,40,15,46,55,19,40,48,45,39,56,56,,,22,51,,,41,40,13,3,20,22,18,32,21,7,17,35,46,44,21,14,17,26,19,44,46,38,56,,47,,,44,23,28,21,58,30,23,60,6,6,15,8,11,14,29,14,26,19,16,57,57,57,5,7,23,8,10,8,22,6,15,34,60,56,56,60,11,28,28,48,,,52,56,,,41,25,25,55,43,55,60,42,60,53,8,7,31,35,35,42,27,12,26,15,61,53,30,47,,51,,,b'\x11\xe8\xe1I\xcb\xdf\x12\x82\xaf\x82\x12\xdf\x17\xaeN\x1e'
11E8E149-CBDF-1282-AF82-12DF17AE4E1E,2012-ncaa-d0-natl,ncaa,221,202,240,221,243,297,271,239,293,141,80,282,342,337,343,339,228,169,311,171,267,229,207,326,328,326,342,342,82,106,68,127,38,111,42,267,212,230,264,287,180,134,319,321,,,50,94,,,242,258,208,18,301,263,182,96,22,342,338,204,124,132,175,124,61,41,26,266,277,143,318,,90,,,244,45,117,121,148,124,127,137,128,126,163,179,11,29,5,28,43,88,68,143,81,102,61,210,25,60,38,92,68,57,42,133,187,241,195,209,240,264,143,79,,,239,226,,,242,89,310,83,240,113,193,212,187,227,166,179,19,46,45,161,144,98,171,130,197,213,276,185,,182,,,b'\x11\xe8\xe1I\xcb\xdf\x12\x82\xaf\x82\x12\xdf\x17\xaeN\x1e'
11E8E149-CBDF-1282-AF82-12DF17AE4E1E,2012-ncaa-d1-conf-C-USA,ncaa,7,7,9,7,9,11,9,8,9,4,1,10,12,12,12,12,4,4,7,5,10,6,7,11,11,11,12,12,3,3,2,5,2,5,2,10,10,6,6,11,10,7,12,12,,,1,4,,,9,10,7,3,10,8,3,2,1,12,12,4,3,3,4,2,1,2,2,10,8,7,12,,3,,,9,5,6,4,11,3,4,7,10,6,12,9,1,1,1,1,2,3,2,12,10,9,7,11,1,1,2,2,2,1,2,8,9,11,9,11,2,4,9,4,,,9,10,,,9,3,11,8,9,9,9,9,6,5,11,9,1,3,1,6,5,2,6,3,10,9,4,10,,7,,,b'\x11\xe8\xe1I\xcb\xdf\x12\x82\xaf\x82\x12\xdf\x17\xaeN\x1e'
11E8E149-CBDF-1282-AF82-12DF17AE4E1E,2012-ncaa-d1-conf-CUSA,ncaa,7,7,9,7,9,11,9,8,9,4,1,10,12,12,12,12,4,4,7,5,10,6,7,11,11,11,12,12,3,3,2,5,2,5,2,10,10,6,6,11,10,7,12,12,,,1,4,,,9,10,7,3,10,8,3,2,1,12,12,4,3,3,4,2,1,2,2,10,8,7,12,,3,,,9,5,6,4,11,3,4,7,10,6,12,9,1,1,1,1,2,3,2,12,10,9,7,11,1,1,2,2,2,1,2,8,9,11,9,11,2,4,9,4,,,9,10,,,9,3,11,8,9,9,9,9,6,5,11,9,1,3,1,6,5,2,6,3,10,9,4,10,,7,,,b'\x11\xe8\xe1I\xcb\xdf\x12\x82\xaf\x82\x12\xdf\x17\xaeN\x1e'
11E8E149-CBDF-1282-AF82-12DF17AE4E1E,2012-ncaa-d1-natl,ncaa,234,201,286,231,291,313,291,263,296,156,88,284,342,339,343,338,246,181,311,185,266,257,247,328,329,328,342,342,75,116,74,142,39,127,44,282,219,208,269,290,193,138,326,322,,,38,99,,,247,289,211,16,304,275,188,102,22,342,338,210,124,131,181,130,62,42,27,271,278,149,322,,93,,,256,36,92,93,153,108,110,142,117,108,168,174,9,23,5,22,43,60,44,153,83,111,60,207,25,47,39,69,74,40,44,117,184,263,203,221,229,266,140,84,,,259,222,,,247,59,312,94,250,119,198,213,201,231,170,179,20,47,45,164,141,101,178,133,207,223,272,188,,185,,,b'\x11\xe8\xe1I\xcb\xdf\x12\x82\xaf\x82\x12\xdf\x17\xaeN\x1e'
11E8E149-CBDF-1282-AF82-12DF17AE4E1E,2013-ncaa-d0-natl,ncaa,149,216,24,179,32,95,103,39,246,91,44,235,143,102,240,185,74,60,214,55,162,40,23,251,248,230,179,190,131,63,217,71,156,61,226,175,279,284,152,242,16,21,102,132,,,294,146,,,158,23,71,235,172,177,104,170,117,192,157,138,115,117,96,90,137,188,157,255,192,23,134,,190,,,158,289,297,297,216,300,289,253,195,250,64,193,208,222,111,230,141,293,321,197,182,90,83,128,126,266,156,336,217,330,226,170,43,18,49,34,301,191,214,128,,,19,82,,,158,328,221,91,156,168,197,163,225,159,130,184,119,138,144,156,238,154,296,271,85,36,210,158,,49,,,b'\x11\xe8\xe1I\xcb\xdf\x12\x82\xaf\x82\x12\xdf\x17\xaeN\x1e'
11E8E149-CBDF-1282-AF82-12DF17AE4E1E,2013-ncaa-d1-conf-C-USA,ncaa,5,8,1,7,1,1,1,1,5,2,1,4,5,4,6,5,2,2,3,2,4,1,1,6,5,7,6,7,3,2,7,3,3,2,4,7,9,12,10,11,1,3,1,3,,,9,6,,,7,1,2,10,6,7,7,7,9,6,6,4,5,5,7,5,8,4,7,8,11,2,5,,5,,,7,12,10,11,7,10,11,9,10,11,5,9,9,9,6,10,7,11,12,7,8,4,8,6,7,6,3,11,7,10,4,6,1,1,3,3,12,10,9,8,,,1,5,,,7,12,7,3,6,6,6,3,5,2,6,8,7,6,7,4,8,2,5,3,2,3,11,7,,3,,,b'\x11\xe8\xe1I\xcb\xdf\x12\x82\xaf\x82\x12\xdf\x17\xaeN\x1e'
11E8E149-CBDF-1282-AF82-12DF17AE4E1E,2013-ncaa-d1-conf-CUSA,ncaa,5,8,1,7,1,1,1,1,5,2,1,4,5,4,6,5,2,2,3,2,4,1,1,6,5,7,6,7,3,2,7,3,3,2,4,7,9,12,10,11,1,3,1,3,,,9,6,,,7,1,2,10,6,7,7,7,9,6,6,4,5,5,7,5,8,4,7,8,11,2,5,,5,,,7,12,10,11,7,10,11,9,10,11,5,9,9,9,6,10,7,11,12,7,8,4,8,6,7,6,3,11,7,10,4,6,1,1,3,3,12,10,9,8,,,1,5,,,7,12,7,3,6,6,6,3,5,2,6,8,7,6,7,4,8,2,5,3,2,3,11,7,,3,,,b'\x11\xe8\xe1I\xcb\xdf\x12\x82\xaf\x82\x12\xdf\x17\xaeN\x1e'
11E8E149-CBDF-1282-AF82-12DF17AE4E1E,2013-ncaa-d1-natl,ncaa,155,216,27,185,36,104,110,44,255,107,50,240,152,107,241,183,84,66,214,61,157,44,25,256,254,232,179,189,126,71,218,79,160,72,232,187,280,275,154,249,17,22,106,133,,,285,148,,,166,24,75,233,178,188,105,179,120,196,160,136,113,114,98,97,142,193,163,264,193,25,137,,192,,,166,279,292,291,221,298,281,256,187,239,69,190,202,214,116,221,142,289,318,203,189,97,82,124,127,253,160,334,218,328,232,161,43,19,49,37,297,193,207,132,,,23,76,,,166,324,227,97,164,173,200,165,230,166,131,185,120,139,145,158,238,153,302,275,90,37,213,163,,49,,,b'\x11\xe8\xe1I\xcb\xdf\x12\x82\xaf\x82\x12\xdf\x17\xaeN\x1e'
11E8E149-CBDF-1282-AF82-12DF17AE4E1E,2014-ncaa-d0-natl,ncaa,273,263,254,275,267,323,324,252,342,285,157,342,321,306,331,291,264,270,182,267,299,261,229,345,345,344,269,295,75,184,210,162,174,163,203,332,312,278,306,338,210,200,178,202,,,59,63,,,307,233,128,95,328,326,180,263,91,320,295,241,241,239,208,124,143,66,87,337,314,181,155,,101,,,310,63,120,159,120,177,194,136,62,108,36,121,61,80,33,79,73,130,117,90,57,81,41,100,95,182,174,234,210,219,203,141,193,219,209,203,311,321,167,158,,,255,227,,,307,113,341,100,310,140,206,278,247,289,91,147,86,116,114,254,240,253,304,295,209,180,324,219,,203,,,b'\x11\xe8\xe1I\xcb\xdf\x12\x82\xaf\x82\x12\xdf\x17\xaeN\x1e'
11E8E149-CBDF-1282-AF82-12DF17AE4E1E,2014-ncaa-d1-conf-AAC,ncaa,9,9,7,9,9,9,10,9,9,8,7,9,9,9,10,8,5,6,4,6,6,9,6,9,9,9,8,9,1,5,8,5,5,5,6,9,9,10,9,10,9,9,7,7,,,4,5,,,9,6,1,4,8,8,9,8,4,9,9,4,5,5,9,2,4,4,4,9,10,9,7,,6,,,9,7,8,5,8,9,7,7,3,2,6,2,9,8,5,8,7,5,4,7,7,8,2,2,9,3,5,9,8,8,6,7,6,10,9,10,9,9,2,3,,,5,5,,,9,4,9,7,9,7,8,8,10,10,5,2,9,8,8,10,8,5,9,9,7,9,9,4,,4,,,b'\x11\xe8\xe1I\xcb\xdf\x12\x82\xaf\x82\x12\xdf\x17\xaeN\x1e'
11E8E149-CBDF-1282-AF82-12DF17AE4E1E,2014-ncaa-d1-natl,ncaa,270,262,211,273,236,319,316,231,341,266,134,342,317,307,322,291,254,247,229,243,283,238,192,344,345,344,270,292,77,167,202,150,190,150,210,335,324,288,302,339,206,204,171,197,,,82,77,,,306,208,122,94,327,324,169,256,82,316,295,239,224,218,197,116,140,72,81,339,313,187,155,,113,,,306,96,140,181,124,199,217,139,69,111,58,113,84,104,62,103,86,168,154,96,73,97,52,95,120,205,190,255,202,245,210,158,190,199,209,189,314,315,154,137,,,217,207,,,306,133,341,116,309,160,209,278,247,288,95,141,118,142,142,259,245,265,303,301,199,178,323,196,,181,,,b'\x11\xe8\xe1I\xcb\xdf\x12\x82\xaf\x82\x12\xdf\x17\xaeN\x1e'
11E8E149-CBDF-1282-AF82-12DF17AE4E1E,2015-ncaa-d0-natl,ncaa,267,279,172,277,229,197,147,112,226,118,77,246,230,234,215,251,281,264,263,269,327,140,104,255,274,283,292,227,303,63,58,150,160,95,81,185,215,298,257,253,214,244,88,75,,,235,224,,,269,138,46,283,198,132,55,88,40,233,227,287,272,277,95,35,42,103,43,163,306,220,70,,257,,,268,247,198,199,198,182,175,191,242,218,228,203,273,295,110,297,283,235,219,207,215,223,272,222,254,195,160,151,58,173,81,186,169,189,222,208,280,243,188,138,,,221,303,,,269,218,260,228,262,281,240,253,205,200,260,241,291,303,305,295,289,220,176,198,206,182,283,205,,225,,,b'\x11\xe8\xe1I\xcb\xdf\x12\x82\xaf\x82\x12\xdf\x17\xaeN\x1e'
11E8E149-CBDF-1282-AF82-12DF17AE4E1E,2015-ncaa-d1-conf-AAC,ncaa,8,8,7,8,8,7,7,7,5,5,5,6,8,10,8,10,9,11,7,11,10,7,6,7,7,7,10,10,9,3,4,5,4,4,3,7,7,8,7,7,10,10,5,5,,,9,8,,,8,9,3,5,7,5,5,3,1,8,10,9,10,10,5,2,2,3,3,7,10,10,5,,9,,,8,10,4,7,4,4,7,5,8,7,8,6,10,10,7,10,10,9,4,5,6,9,10,6,10,5,4,2,4,3,3,2,5,10,10,9,7,6,3,3,,,11,10,,,8,4,7,8,8,10,6,9,7,8,10,8,10,10,10,10,10,8,4,6,4,10,7,4,,10,,,b'\x11\xe8\xe1I\xcb\xdf\x12\x82\xaf\x82\x12\xdf\x17\xaeN\x1e'
11E8E149-CBDF-1282-AF82-12DF17AE4E1E,2015-ncaa-d1-natl,ncaa,277,279,209,279,275,229,180,135,236,138,90,253,239,250,214,252,292,283,265,287,330,179,132,258,276,288,291,226,301,75,62,176,168,116,90,207,224,281,264,263,240,248,92,77,,,215,224,,,281,174,48,285,206,144,55,96,43,233,227,286,275,278,99,38,48,113,49,168,308,231,72,,260,,,280,226,176,169,207,159,145,199,230,207,240,204,266,282,114,286,286,208,178,218,226,240,270,218,254,171,168,121,62,137,90,171,171,216,233,213,266,244,182,143,,,252,304,,,281,182,265,245,276,286,249,253,218,207,262,243,293,307,308,298,289,225,181,203,217,192,284,212,,224,,,b'\x11\xe8\xe1I\xcb\xdf\x12\x82\xaf\x82\x12\xdf\x17\xaeN\x1e'
11E8E149-CBDF-1282-AF82-12DF17AE4E1E,2016-ncaa-d0-natl,ncaa,296,307,175,302,209,192,145,84,257,104,75,237,230,178,299,217,302,284,271,285,336,109,87,275,296,305,305,232,315,67,80,90,69,68,61,190,235,320,266,270,203,229,167,173,,,153,105,,,310,101,21,198,180,110,29,84,40,228,177,298,284,287,56,19,35,43,18,186,327,188,163,,174,,,303,309,298,270,239,236,171,275,318,326,202,319,253,209,329,212,210,268,234,268,280,307,281,284,170,119,69,223,80,173,61,306,263,237,286,307,306,256,150,75,,,264,341,,,310,253,281,273,297,323,304,323,258,185,326,335,273,229,227,325,314,137,247,201,320,234,305,155,,285,,,b'\x11\xe8\xe1I\xcb\xdf\x12\x82\xaf\x82\x12\xdf\x17\xaeN\x1e'
11E8E149-CBDF-1282-AF82-12DF17AE4E1E,2016-ncaa-d1-conf-AAC,ncaa,9,9,8,9,9,8,8,6,8,6,6,8,9,9,7,9,9,8,11,9,9,6,6,8,8,9,10,8,9,5,4,4,3,5,3,9,8,10,11,9,8,8,5,5,,,6,7,,,10,7,1,5,7,6,3,6,2,8,8,9,8,8,5,2,3,4,2,8,11,8,4,,8,,,10,10,9,7,7,7,5,8,11,9,10,9,10,9,9,9,9,8,5,10,10,11,10,8,9,3,3,5,4,4,3,11,9,10,9,11,9,9,5,5,,,10,10,,,10,6,8,10,10,11,10,11,8,5,11,10,11,11,11,11,9,4,6,6,11,8,10,5,,8,,,b'\x11\xe8\xe1I\xcb\xdf\x12\x82\xaf\x82\x12\xdf\x17\xaeN\x1e'
11E8E149-CBDF-1282-AF82-12DF17AE4E1E,2016-ncaa-d1-natl,ncaa,302,305,218,307,260,219,168,108,265,130,89,245,247,197,303,216,311,295,270,295,334,147,112,280,299,308,302,233,314,79,86,117,73,81,64,212,239,314,269,275,225,240,186,181,,,120,113,,,314,133,24,181,193,124,31,93,44,231,177,299,286,288,58,21,39,47,21,197,326,202,170,,176,,,313,295,276,248,252,216,135,284,312,320,214,316,240,193,331,192,212,240,200,278,291,312,279,280,168,96,73,194,86,140,64,300,266,260,291,314,290,262,129,81,,,292,341,,,314,226,289,289,307,329,313,324,267,191,327,334,277,230,227,326,310,136,250,205,321,243,306,160,,287,,,b'\x11\xe8\xe1I\xcb\xdf\x12\x82\xaf\x82\x12\xdf\x17\xaeN\x1e'
11E8E149-CBDF-1282-AF82-12DF17AE4E1E,2017-ncaa-d0-natl,ncaa,79,97,45,98,68,109,76,81,91,27,17,128,336,334,289,343,117,52,333,56,240,73,51,188,215,225,344,346,171,15,9,127,11,52,7,208,328,311,228,278,15,8,326,319,,,310,314,,,58,84,206,268,181,115,169,24,19,341,344,178,76,85,152,116,21,242,82,273,256,17,334,,250,,,62,83,68,83,121,62,68,143,149,185,122,235,207,225,87,226,284,103,206,137,146,33,266,213,256,11,11,77,9,24,7,176,297,20,14,32,204,114,250,106,,,71,157,,,58,278,161,7,57,20,11,7,16,12,97,110,130,164,167,9,44,2,29,3,104,28,139,209,,120,,,b'\x11\xe8\xe1I\xcb\xdf\x12\x82\xaf\x82\x12\xdf\x17\xaeN\x1e'
11E8E149-CBDF-1282-AF82-12DF17AE4E1E,2017-ncaa-d1-conf-AAC,ncaa,4,4,3,4,5,5,4,6,3,2,1,4,11,11,6,11,4,1,10,1,4,6,7,5,5,5,11,11,3,2,1,8,1,6,2,11,11,8,6,10,2,2,10,8,,,10,11,,,3,8,9,7,6,4,8,2,1,11,11,4,1,1,8,8,2,9,6,11,8,3,10,,10,,,3,3,1,1,5,1,1,7,7,7,6,9,8,8,5,8,11,2,2,6,7,4,11,8,10,1,1,2,1,1,2,4,10,2,2,2,5,4,6,4,,,3,4,,,3,5,4,3,3,3,2,1,2,1,7,6,8,8,8,1,1,1,2,1,3,2,4,5,,4,,,b'\x11\xe8\xe1I\xcb\xdf\x12\x82\xaf\x82\x12\xdf\x17\xaeN\x1e'
11E8E149-CBDF-1282-AF82-12DF17AE4E1E,2017-ncaa-d1-natl,ncaa,92,97,56,101,90,138,94,99,102,31,19,137,339,339,290,344,138,57,333,64,244,93,68,196,227,227,344,346,165,21,9,156,12,62,7,231,330,296,234,281,21,8,329,321,,,295,315,,,72,106,211,270,188,124,179,30,21,344,344,192,76,86,162,123,21,251,90,282,257,19,335,,252,,,74,56,46,44,128,44,45,151,135,161,128,233,186,212,87,216,288,52,169,145,157,39,266,212,257,7,12,51,9,12,7,153,299,30,16,34,184,118,242,112,,,84,151,,,72,257,174,14,64,21,11,7,18,14,99,107,136,164,166,9,43,2,30,3,108,33,139,210,,123,,,b'\x11\xe8\xe1I\xcb\xdf\x12\x82\xaf\x82\x12\xdf\x17\xaeN\x1e'
11E8E149-CBDF-1282-AF82-12DF17AE4E1E,2018-ncaa-d0-natl,ncaa,66,74,43,76,48,164,91,94,109,21,7,204,349,349,325,349,224,196,284,192,347,96,85,253,277,256,349,349,243,83,118,108,118,90,105,140,246,223,167,172,21,13,246,245,,,279,244,,,108,95,279,70,265,144,190,19,5,349,349,286,256,251,208,233,138,193,170,189,140,29,273,,201,,,108,82,65,164,34,61,124,54,123,214,25,244,210,184,294,178,200,158,241,35,48,19,251,186,266,167,118,197,118,186,105,156,283,32,23,46,141,97,123,16,,,155,218,,,108,253,245,18,106,19,15,31,17,23,70,136,154,118,109,30,77,96,90,83,93,55,86,79,,244,,,b'\x11\xe8\xe1I\xcb\xdf\x12\x82\xaf\x82\x12\xdf\x17\xaeN\x1e'
11E8E149-CBDF-1282-AF82-12DF17AE4E1E,2018-ncaa-d1-conf-AAC,ncaa,3,3,3,3,4,10,4,8,3,2,2,7,12,12,11,12,11,10,7,10,12,9,10,9,10,8,12,12,10,5,5,6,4,6,5,6,9,3,7,4,3,2,7,4,,,6,6,,,3,9,12,4,10,6,9,2,2,12,12,11,10,10,11,11,5,7,6,8,3,3,7,,6,,,3,2,2,1,2,2,1,4,5,9,4,11,8,5,11,5,8,1,2,2,3,2,12,9,10,4,4,4,5,3,5,2,11,3,3,2,4,5,4,2,,,8,4,,,3,4,7,2,3,2,2,1,2,1,6,7,7,5,5,1,1,4,3,4,2,4,4,4,,7,,,b'\x11\xe8\xe1I\xcb\xdf\x12\x82\xaf\x82\x12\xdf\x17\xaeN\x1e'
11E8E149-CBDF-1282-AF82-12DF17AE4E1E,2018-ncaa-d1-natl,ncaa,75,74,53,78,61,202,109,114,120,21,7,212,349,349,326,349,244,217,282,215,347,122,115,265,285,266,349,349,241,106,127,134,127,117,120,159,253,206,172,178,29,14,259,249,,,252,248,,,123,125,285,72,276,153,198,20,5,349,349,288,258,253,214,241,151,201,180,207,144,34,278,,203,,,124,46,38,116,36,42,88,59,104,189,31,237,192,165,295,160,201,110,206,39,53,25,250,182,267,141,127,168,127,150,120,144,282,47,27,51,122,104,110,17,,,190,212,,,123,221,253,25,118,20,16,31,18,30,71,137,156,120,114,32,76,98,98,87,97,56,86,87,,242,,,b'\x11\xe8\xe1I\xcb\xdf\x12\x82\xaf\x82\x12\xdf\x17\xaeN\x1e'
11E8E149-CBDF-1282-AF82-12DF17AE4E1E,2019-ncaa-d0-natl,ncaa,18,18,47,20,73,148,106,113,113,39,26,177,329,337,179,343,176,140,279,139,310,111,100,196,203,210,344,342,207,99,100,142,178,112,126,200,314,254,196,235,17,15,177,143,,,300,286,,,88,109,279,234,246,154,245,47,33,341,346,239,198,200,240,254,142,250,212,270,172,29,205,,239,,,94,71,60,150,36,30,88,38,228,262,135,296,150,152,152,155,227,143,257,55,60,14,320,301,222,226,178,153,100,184,126,244,342,10,11,48,155,110,312,205,,,107,154,,,88,254,203,15,83,13,12,23,11,14,169,197,95,99,99,17,91,125,61,68,174,31,92,286,,193,,,b'\x11\xe8\xe1I\xcb\xdf\x12\x82\xaf\x82\x12\xdf\x17\xaeN\x1e'
11E8E149-CBDF-1282-AF82-12DF17AE4E1E,2019-ncaa-d1-conf-AAC,ncaa,2,2,1,2,1,4,3,4,3,2,2,3,12,12,7,12,7,7,9,6,10,4,5,5,5,5,12,12,9,7,8,8,6,7,6,7,12,7,6,8,3,3,9,7,,,12,12,,,3,3,11,6,6,4,11,3,2,12,12,11,9,9,11,11,11,10,11,8,6,3,11,,11,,,3,7,3,7,2,3,3,3,12,11,9,11,9,7,12,7,10,6,10,5,7,2,12,11,10,6,6,9,8,7,6,9,11,1,1,3,6,6,5,3,,,4,5,,,3,10,5,2,3,3,2,1,2,1,12,8,6,5,5,1,3,5,4,5,6,1,5,5,,8,,,b'\x11\xe8\xe1I\xcb\xdf\x12\x82\xaf\x82\x12\xdf\x17\xaeN\x1e'
11E8E149-CBDF-1282-AF82-12DF17AE4E1E,2019-ncaa-d1-natl,ncaa,26,18,62,23,95,189,129,150,125,50,34,190,336,343,185,343,201,164,279,161,312,156,144,208,217,218,344,342,203,129,112,186,185,152,146,237,321,227,200,248,34,24,192,149,,,272,289,,,100,163,282,230,258,176,254,57,38,342,346,247,202,201,253,261,156,257,224,282,174,36,203,,238,,,103,45,31,99,41,19,52,45,217,245,147,293,126,131,160,133,232,94,205,60,64,17,317,303,218,197,185,117,112,141,146,225,342,22,15,61,121,115,310,213,,,142,146,,,100,206,215,18,93,14,13,27,12,14,174,193,98,101,102,17,89,126,62,72,184,36,97,293,,194,,,b'\x11\xe8\xe1I\xcb\xdf\x12\x82\xaf\x82\x12\xdf\x17\xaeN\x1e'
11E8E149-CBDF-1282-AF82-12DF17AE4E1E,2019-ncaa-d1-ncaatournament,ncaa,33,2,33,33,36,61,56,56,50,45,43,50,64,64,61,61,50,53,40,47,54,56,60,59,59,58,60,62,30,51,46,56,48,57,51,61,64,9,28,59,34,8,63,63,,,16,48,,,45,63,60,7,61,56,52,42,21,64,63,47,49,42,54,60,44,56,56,61,18,9,63,,41,,,49,2,1,2,29,2,7,15,11,3,53,17,11,8,52,8,26,2,3,31,31,19,37,38,38,15,48,11,46,12,51,6,26,35,4,4,2,5,12,21,,,53,34,,,45,3,58,21,49,5,6,2,8,13,23,5,24,16,16,2,4,29,43,37,10,8,2,21,,47,,,b'\x11\xe8\xe1I\xcb\xdf\x12\x82\xaf\x82\x12\xdf\x17\xaeN\x1e'
11E8E149-CBDF-1282-AF82-12DF17AE4E1E,2020-ncaa-d0-natl,ncaa,66,67,87,70,169,169,162,227,95,80,57,183,308,335,77,334,53,77,70,68,164,206,199,156,121,157,289,328,40,91,38,268,169,195,73,226,270,217,214,236,51,28,261,224,,,136,193,,,58,227,277,273,196,192,286,86,58,317,338,62,95,88,247,248,106,305,239,254,193,49,274,,131,,,58,41,47,52,115,16,28,53,304,217,340,316,13,16,115,17,67,29,108,202,152,33,338,349,27,85,169,27,38,32,73,197,323,16,9,49,122,119,64,32,,,56,43,,,58,122,124,31,53,24,31,22,8,10,296,203,9,10,11,4,47,73,18,19,180,21,104,56,,77,,,b'\x11\xe8\xe1I\xcb\xdf\x12\x82\xaf\x82\x12\xdf\x17\xaeN\x1e'
11E8E149-CBDF-1282-AF82-12DF17AE4E1E,2020-ncaa-d1-conf-AAC,ncaa,3,2,3,3,6,4,4,10,3,3,3,4,11,12,2,12,1,1,2,1,3,4,9,3,3,3,9,12,1,3,1,6,4,7,3,8,11,5,5,5,5,4,12,12,,,6,7,,,2,9,11,6,4,4,10,3,3,12,12,1,1,1,7,10,4,7,6,9,5,6,12,,5,,,2,2,4,3,4,2,2,4,8,8,7,12,2,2,10,2,3,2,2,4,4,2,10,12,3,2,4,1,1,1,3,4,10,3,2,3,4,5,2,1,,,1,1,,,2,5,3,2,2,2,3,2,2,2,6,7,2,2,2,1,1,1,1,1,4,3,4,2,,1,,,b'\x11\xe8\xe1I\xcb\xdf\x12\x82\xaf\x82\x12\xdf\x17\xaeN\x1e'
11E8E149-CBDF-1282-AF82-12DF17AE4E1E,2020-ncaa-d1-natl,ncaa,76,67,128,73,234,207,198,275,99,99,73,191,315,337,82,335,67,96,73,89,163,249,253,170,127,163,290,326,36,115,43,302,177,240,78,262,275,203,220,252,63,34,270,229,,,117,202,,,71,281,281,273,204,203,292,93,62,316,338,65,99,93,254,254,111,310,247,265,196,58,274,,134,,,69,29,32,29,124,12,14,59,297,199,342,313,12,13,119,13,67,9,58,209,161,37,338,349,26,71,177,15,43,19,78,183,322,24,13,55,102,125,52,35,,,80,42,,,71,71,132,36,62,25,35,23,9,10,299,201,10,11,11,4,48,78,18,21,189,26,106,60,,80,,,b'\x11\xe8\xe1I\xcb\xdf\x12\x82\xaf\x82\x12\xdf\x17\xaeN\x1e'
11E8E149-CBDF-1282-AF82-12DF17AE4E1E,2021-ncaa-d0-natl,ncaa,60,32,191,32,206,241,234,263,116,181,159,216,303,323,65,336,188,155,296,156,150,255,235,185,186,250,310,328,74,165,36,211,162,193,39,181,74,255,313,242,90,29,170,123,,,114,177,,,68,245,321,224,290,283,337,142,128,332,340,177,113,117,325,293,123,221,174,172,292,54,174,,119,,,61,50,43,80,7,32,68,4,104,129,91,252,75,86,82,83,188,80,102,15,15,4,317,287,242,120,162,64,36,76,39,97,328,82,13,34,175,233,118,105,,,157,26,,,68,104,234,5,55,1,1,10,2,17,108,128,51,68,67,6,29,130,10,19,81,36,197,130,,80,,,b'\x11\xe8\xe1I\xcb\xdf\x12\x82\xaf\x82\x12\xdf\x17\xaeN\x1e'
11E8E149-CBDF-1282-AF82-12DF17AE4E1E,2021-ncaa-d1-conf-AAC,ncaa,2,3,6,2,7,8,7,8,2,6,7,6,8,10,1,11,6,6,8,6,4,8,8,3,3,7,10,11,2,7,4,6,3,6,3,8,7,6,9,8,6,3,7,6,,,4,6,,,3,7,10,5,9,8,11,8,6,11,11,6,4,4,11,11,7,7,7,9,7,5,8,,4,,,2,2,2,3,1,2,3,1,7,9,5,10,3,3,7,3,7,3,5,1,1,1,11,11,6,5,3,4,4,4,3,4,9,5,3,2,5,5,3,2,,,5,2,,,3,4,3,1,2,1,1,1,1,1,7,8,2,2,2,1,2,2,1,1,2,4,4,3,,3,,,b'\x11\xe8\xe1I\xcb\xdf\x12\x82\xaf\x82\x12\xdf\x17\xaeN\x1e'
11E8E149-CBDF-1282-AF82-12DF17AE4E1E,2021-ncaa-d1-natl,ncaa,62,32,206,32,222,256,246,268,118,196,174,221,306,324,67,335,197,163,296,166,149,264,250,193,191,256,310,327,73,179,40,230,167,213,43,199,76,240,317,248,108,34,186,125,,,103,183,,,73,254,323,225,296,289,337,152,129,333,340,179,115,123,331,295,127,226,183,180,294,57,177,,119,,,65,45,40,75,8,30,63,4,97,116,95,251,69,78,83,77,189,71,92,16,15,4,317,285,245,113,167,59,40,67,43,92,328,94,13,39,167,237,115,112,,,170,25,,,73,93,241,5,59,1,1,10,2,17,108,127,53,72,69,6,28,135,10,20,83,41,200,134,,86,,,b'\x11\xe8\xe1I\xcb\xdf\x12\x82\xaf\x82\x12\xdf\x17\xaeN\x1e'
11E8E149-CBDF-1282-AF82-12DF17AE4E1E,2021-ncaa-d1-ncaatournament,ncaa,33,2,33,33,34,56,48,51,40,40,40,35,59,59,53,55,55,49,62,49,45,52,43,48,54,57,60,53,51,30,6,46,1,37,2,50,43,28,58,57,50,38,48,43,,,32,64,,,38,53,48,7,56,43,43,25,19,55,53,55,41,39,45,20,8,37,16,45,57,44,44,,62,,,41,3,3,1,53,10,3,56,3,2,21,11,21,25,26,22,62,2,1,51,52,47,22,7,56,1,1,3,6,2,2,29,64,45,7,51,16,42,35,50,,,45,38,,,38,7,53,26,44,19,17,1,31,5,3,2,47,52,49,2,1,1,9,2,59,26,38,54,,33,,,b'\x11\xe8\xe1I\xcb\xdf\x12\x82\xaf\x82\x12\xdf\x17\xaeN\x1e'
11E8E149-CBDF-1282-AF82-12DF17AE4E1E,2022-ncaa-d0-natl,ncaa,16,3,112,5,148,187,155,188,114,82,60,215,320,345,112,346,165,154,185,147,271,191,182,194,191,192,338,340,131,54,9,190,214,125,42,102,65,209,212,124,19,6,106,29,,,65,75,,,26,238,342,275,240,187,281,71,48,338,347,181,181,172,272,262,55,251,125,110,182,10,115,,36,,,21,6,5,72,1,5,39,1,191,234,111,331,20,31,34,28,136,50,122,2,2,1,349,350,129,203,214,27,9,68,42,120,353,28,11,23,163,177,190,97,,,140,100,,,26,115,148,1,19,1,1,12,1,7,170,204,11,22,21,3,23,177,8,21,94,21,145,165,,162,,,b'\x11\xe8\xe1I\xcb\xdf\x12\x82\xaf\x82\x12\xdf\x17\xaeN\x1e'
11E8E149-CBDF-1282-AF82-12DF17AE4E1E,2022-ncaa-d1-conf-AAC,ncaa,1,1,2,1,3,3,1,2,1,1,1,2,8,10,2,11,5,6,9,6,9,4,3,2,3,3,11,10,8,2,1,5,7,4,2,1,5,7,7,4,1,1,6,4,,,2,2,,,1,6,10,9,3,1,8,1,3,10,11,6,6,6,10,9,3,7,5,1,6,1,9,,1,,,1,1,1,4,1,1,2,1,11,10,8,11,1,1,1,1,2,3,7,1,1,1,11,11,1,8,7,1,1,1,2,2,10,1,1,1,7,5,3,2,,,4,4,,,1,6,2,1,1,1,1,1,1,1,10,10,1,1,1,1,2,4,1,1,2,2,4,2,,5,,,b'\x11\xe8\xe1I\xcb\xdf\x12\x82\xaf\x82\x12\xdf\x17\xaeN\x1e'
11E8E149-CBDF-1282-AF82-12DF17AE4E1E,2022-ncaa-d1-natl,ncaa,18,3,146,5,196,220,198,240,123,105,74,226,329,347,118,346,185,183,179,176,270,233,234,208,202,210,339,340,122,68,13,228,220,160,52,128,65,187,212,137,24,8,116,31,,,47,77,,,28,282,343,275,256,214,289,81,52,339,348,186,183,175,280,273,61,263,140,125,178,16,117,,36,,,23,2,2,39,1,2,22,1,174,208,123,332,13,24,37,25,136,29,82,2,2,1,349,350,126,173,220,9,13,41,52,105,352,35,13,27,144,182,174,101,,,160,94,,,28,72,159,1,20,1,1,13,1,7,173,203,12,23,22,2,23,179,8,24,101,26,150,174,,159,,,b'\x11\xe8\xe1I\xcb\xdf\x12\x82\xaf\x82\x12\xdf\x17\xaeN\x1e'
11E8E149-CBDF-1282-AF82-12DF17AE4E1E,2022-ncaa-d1-ncaatournament,ncaa,17,2,17,17,18,31,29,32,28,24,22,38,39,51,14,64,27,20,66,19,26,32,32,35,41,42,53,53,31,26,36,26,40,28,30,24,6,39,36,21,30,43,13,7,,,53,63,,,18,32,59,5,47,44,54,30,23,56,63,35,15,15,50,55,44,29,39,20,27,42,8,,60,,,17,33,25,35,3,21,34,3,34,42,19,42,54,52,41,52,63,36,36,4,5,3,63,44,66,43,40,35,36,38,30,19,45,21,16,9,25,16,56,58,,,17,3,,,18,34,42,6,18,4,2,7,2,8,27,37,50,52,48,14,20,40,15,22,5,18,11,59,,3,,,b'\x11\xe8\xe1I\xcb\xdf\x12\x82\xaf\x82\x12\xdf\x17\xaeN\x1e'
11E8E149-CBDF-1282-AF82-12DF17AE4E1E,2023-ncaa-d0-natl,ncaa,181,160,236,183,238,259,302,181,351,287,136,357,249,245,257,260,89,68,271,72,70,144,129,349,341,330,103,218,14,25,22,127,209,65,80,303,259,263,247,323,192,192,100,114,,,127,119,,,199,213,128,28,255,309,88,280,84,238,220,52,31,32,60,36,9,49,8,307,305,162,73,,170,,,200,54,53,199,15,76,268,9,75,94,97,75,182,142,287,154,104,189,183,15,21,29,181,117,263,264,209,183,22,222,80,42,104,194,200,71,211,194,313,311,,,153,195,,,199,167,289,43,184,100,95,305,131,341,97,125,225,190,201,299,305,302,257,297,66,149,249,335,,92,,,b'\x11\xe8\xe1I\xcb\xdf\x12\x82\xaf\x82\x12\xdf\x17\xaeN\x1e'
11E8E149-CBDF-1282-AF82-12DF17AE4E1E,2023-ncaa-d1-conf-AAC,ncaa,10,10,5,10,5,10,11,8,11,10,8,11,6,7,6,6,3,2,10,2,2,6,4,11,11,11,2,4,1,3,3,3,5,3,4,10,9,11,11,11,8,8,5,6,,,6,7,,,10,6,5,4,10,11,8,10,8,6,7,2,2,2,6,3,2,2,2,10,11,7,5,,8,,,10,5,6,7,4,6,9,4,7,6,7,6,7,6,11,6,4,6,5,3,4,6,8,6,7,6,5,6,3,7,4,6,3,8,7,7,10,10,7,9,,,2,3,,,10,8,10,6,10,7,8,10,9,9,7,7,9,8,8,9,7,6,8,7,5,7,11,7,,2,,,b'\x11\xe8\xe1I\xcb\xdf\x12\x82\xaf\x82\x12\xdf\x17\xaeN\x1e'
11E8E149-CBDF-1282-AF82-12DF17AE4E1E,2023-ncaa-d1-natl,ncaa,202,160,310,199,311,298,330,233,353,316,173,358,262,262,262,264,109,82,275,89,67,192,175,355,346,337,102,222,8,32,28,161,222,80,90,325,263,240,256,327,218,211,108,117,,,103,121,,,213,277,132,25,267,319,100,290,87,240,222,55,32,33,65,39,11,57,8,316,307,177,77,,175,,,216,38,39,161,17,61,241,10,61,71,105,73,166,124,296,131,106,144,127,15,23,34,183,117,267,244,222,149,28,187,90,24,104,230,209,82,190,198,308,316,,,186,185,,,213,104,297,54,202,115,103,307,138,341,100,128,234,198,210,305,305,305,260,298,72,166,257,339,,95,,,b'\x11\xe8\xe1I\xcb\xdf\x12\x82\xaf\x82\x12\xdf\x17\xaeN\x1e'
11E8E149-CBDF-1282-AF82-12DF17AE4E1E,2024-ncaa-d0-natl,ncaa,246,209,298,242,309,262,290,325,190,249,249,225,296,320,183,287,109,134,89,139,73,303,286,221,168,220,198,277,22,199,64,280,100,264,61,301,285,255,316,314,258,193,260,233,,,143,288,,,194,301,169,164,206,246,281,196,155,271,293,44,60,62,239,151,127,212,166,285,316,200,233,,250,,,199,52,66,41,229,81,57,228,60,62,159,131,144,157,99,152,249,42,41,211,217,192,136,110,239,21,100,6,64,6,61,33,59,239,144,107,163,237,173,229,,,186,69,,,194,56,215,161,200,170,156,114,189,143,107,114,218,236,233,121,131,62,42,41,86,158,253,241,,71,,,b'\x11\xe8\xe1I\xcb\xdf\x12\x82\xaf\x82\x12\xdf\x17\xaeN\x1e'
11E8E149-CBDF-1282-AF82-12DF17AE4E1E,2024-ncaa-d1-conf-Big 12,ncaa,14,14,9,14,10,12,12,12,12,9,6,11,13,13,14,12,3,3,3,3,1,10,7,12,12,12,10,13,2,5,5,11,9,9,7,11,11,14,14,13,9,7,12,13,,,11,13,,,11,8,5,3,11,12,11,9,4,13,12,3,3,3,8,4,5,11,8,11,14,7,11,,14,,,13,9,10,4,13,11,6,13,4,5,5,3,12,12,7,12,12,5,4,12,13,13,3,2,11,1,9,3,5,2,7,5,1,8,7,8,11,10,10,10,,,7,4,,,11,5,12,10,12,13,12,6,13,8,4,6,13,14,13,7,8,3,3,3,7,8,11,11,,3,,,b'\x11\xe8\xe1I\xcb\xdf\x12\x82\xaf\x82\x12\xdf\x17\xaeN\x1e'
11E8E149-CBDF-1282-AF82-12DF17AE4E1E,2024-ncaa-d1-natl,ncaa,243,211,320,242,331,266,293,330,195,256,232,226,304,325,190,297,97,118,75,123,74,307,282,224,171,225,206,288,19,176,57,278,109,255,62,314,305,267,324,322,254,203,272,260,,,161,294,,,207,305,150,161,203,244,265,187,138,280,302,35,52,55,225,130,111,205,156,297,325,197,254,,263,,,208,58,63,40,231,94,76,231,53,58,134,124,175,183,139,179,250,40,35,208,222,210,129,89,259,25,109,7,57,5,62,33,59,241,156,120,192,248,194,239,,,182,70,,,207,53,216,175,210,192,178,129,222,175,101,117,243,252,247,152,161,77,44,44,98,163,268,259,,69,,,b'\x11\xe8\xe1I\xcb\xdf\x12\x82\xaf\x82\x12\xdf\x17\xaeN\x1e'
11E8E149-CBDF-1282-AF82-12DF17AE4E1E,2025-ncaa-d0-natl,genius_ncaa,220,227,194,232,234,153,146,156,137,68,58,191,323,337,242,344,74,69,192,68,179,143,149,210,185,163,339,342,67,107,89,197,123,156,99,259,345,124,129,243,162,155,195,120,,,113,120,,278,241,164,79,269,114,107,104,39,19,327,343,49,43,43,75,79,82,171,109,265,168,144,192,,132,,303,238,292,253,172,309,97,27,331,357,339,347,359,198,183,252,182,296,183,174,355,352,345,355,358,125,94,123,136,89,117,99,339,347,201,193,330,91,87,306,205,,,143,154,,286,241,189,141,326,242,327,297,213,115,20,360,360,227,205,209,218,210,114,155,132,348,177,117,324,,100,,285,b'\x11\xe8\xe1I\xcb\xdf\x12\x82\xaf\x82\x12\xdf\x17\xaeN\x1e'
11E8E149-CBDF-1282-AF82-12DF17AE4E1E,2025-ncaa-d1-conf-Big 12,genius_ncaa,13,12,5,13,9,10,10,5,13,4,1,14,16,16,14,16,5,6,7,4,9,4,3,14,14,13,16,16,4,5,9,10,13,9,11,16,16,12,10,16,9,10,14,12,,,10,7,,11,15,6,4,14,11,12,6,3,1,16,16,5,5,5,5,4,5,12,11,16,11,8,14,,7,,11,15,15,15,10,15,10,3,16,16,16,12,16,12,12,14,12,15,11,11,16,16,15,16,14,9,13,13,12,9,13,11,15,16,9,11,15,9,5,16,7,,,9,12,,12,15,10,13,15,15,15,14,10,11,3,16,16,13,12,12,13,12,11,12,11,15,9,8,16,,9,,13,b'\x11\xe8\xe1I\xcb\xdf\x12\x82\xaf\x82\x12\xdf\x17\xaeN\x1e'
11E8E149-CBDF-1282-AF82-12DF17AE4E1E,2025-ncaa-d1-natl,genius_ncaa,246,226,244,249,289,173,170,189,147,82,70,198,333,346,240,345,87,80,194,81,179,176,192,218,188,172,338,340,60,139,97,237,126,195,114,288,347,110,134,256,184,167,216,125,,,90,127,,273,262,213,87,269,119,114,110,42,21,330,343,47,45,46,77,87,93,182,123,280,169,159,196,,140,,305,263,276,229,134,318,75,15,339,354,335,347,359,189,165,259,162,303,140,121,357,357,351,355,358,124,76,126,103,97,85,114,337,346,243,209,333,82,95,297,224,,,175,145,,295,262,139,150,333,262,331,303,219,125,20,360,360,231,210,212,225,208,116,163,143,349,189,120,326,,98,,284,b'\x11\xe8\xe1I\xcb\xdf\x12\x82\xaf\x82\x12\xdf\x17\xaeN\x1e'
11E8E149-CBDF-1282-AF82-12DF17AE4E1E,2026-ncaa-d0-natl,genius_ncaa,55,80,49,81,55,69,71,104,50,47,50,66,242,252,196,340,21,18,123,18,82,87,72,88,70,95,320,351,54,46,20,55,201,48,45,69,148,307,206,151,184,277,88,153,,,239,111,,281,41,81,225,62,82,87,222,39,83,312,330,28,34,35,150,125,68,64,52,92,227,264,115,,131,,226,44,185,169,287,28,215,310,26,80,186,28,69,242,265,127,258,130,289,290,15,16,28,106,60,271,323,201,149,20,226,45,80,38,70,122,32,241,140,38,10,,,19,32,,11,41,281,71,40,45,41,43,186,88,277,27,69,167,176,169,175,211,269,21,82,20,115,148,16,,28,,34,b'\x11\xe8\xe1I\xcb\xdf\x12\x82\xaf\x82\x12\xdf\x17\xaeN\x1e'
11E8E149-CBDF-1282-AF82-12DF17AE4E1E,2026-ncaa-d1-natl,genius_ncaa,74,80,85,97,89,97,101,165,60,58,76,76,287,297,215,342,27,29,119,26,78,131,115,100,78,108,320,352,48,72,29,80,220,63,57,97,158,275,229,174,251,306,112,165,,,196,121,,265,62,132,236,47,107,114,251,49,95,322,339,27,36,37,176,150,84,81,62,114,239,295,129,,140,,244,65,135,134,235,33,176,286,35,54,131,35,64,208,228,138,221,134,240,247,16,19,37,100,56,268,307,220,89,29,172,57,50,37,111,158,47,192,154,21,10,,,26,25,,12,62,226,90,54,67,61,56,193,116,287,31,73,178,190,182,192,210,282,20,94,27,152,159,17,,27,,28,b'\x11\xe8\xe1I\xcb\xdf\x12\x82\xaf\x82\x12\xdf\x17\xaeN\x1e'
11E8E149-CBE3-4154-AF82-12DF17AE4E1E,2010-ncaa-d0-natl,ncaa,30,36,20,35,47,46,27,46,27,12,15,56,253,303,72,327,122,77,265,75,290,46,40,63,82,95,335,316,255,13,7,110,85,43,12,51,188,275,156,104,17,13,133,113,,,337,331,,,34,57,205,336,78,35,117,12,21,297,324,191,156,155,126,137,34,232,109,70,178,27,173,,307,,,34,171,70,164,54,49,107,61,213,258,113,263,323,308,287,304,319,204,267,68,132,50,325,222,330,144,85,89,7,98,12,168,269,19,20,32,146,68,190,57,,,66,203,,,34,283,52,35,33,33,14,14,8,14,149,175,275,244,238,24,83,41,11,10,73,46,76,134,,171,,,b'\x11\xe8\xe1I\xcb\xe3AT\xaf\x82\x12\xdf\x17\xaeN\x1e'
11E8E149-CBE3-4154-AF82-12DF17AE4E1E,2010-ncaa-d1-conf-Pac-12,ncaa,2,2,1,2,3,3,3,5,2,1,1,2,8,9,5,10,2,1,9,1,6,4,2,2,3,3,10,9,7,2,3,4,3,3,3,2,5,10,5,4,1,1,5,1,,,10,9,,,2,2,4,10,3,3,6,1,1,8,9,4,1,1,6,3,2,6,4,2,7,1,6,,8,,,2,4,1,4,2,1,2,2,7,8,6,9,9,9,10,9,9,4,7,2,4,2,10,9,10,3,3,5,3,4,3,5,10,1,1,2,5,5,4,3,,,2,5,,,2,9,3,2,2,2,1,1,1,1,6,7,9,8,8,2,6,1,4,2,3,1,5,4,,2,,,b'\x11\xe8\xe1I\xcb\xe3AT\xaf\x82\x12\xdf\x17\xaeN\x1e'
11E8E149-CBE3-4154-AF82-12DF17AE4E1E,2010-ncaa-d1-natl,ncaa,32,36,22,35,50,48,28,49,27,12,15,57,262,305,71,327,128,82,263,82,289,49,42,64,85,97,335,316,253,14,7,118,87,46,12,52,190,265,158,106,17,14,138,116,,,335,332,,,35,63,206,336,79,35,120,13,21,299,324,189,154,153,128,140,34,240,115,73,177,28,171,,307,,,36,158,57,147,55,39,91,63,205,249,115,262,318,303,286,300,320,189,258,71,135,52,324,222,330,132,87,71,7,78,12,160,270,19,20,34,139,68,184,60,,,73,202,,,35,275,54,37,35,39,14,15,11,14,149,174,278,249,243,26,81,40,11,10,79,51,76,134,,170,,,b'\x11\xe8\xe1I\xcb\xe3AT\xaf\x82\x12\xdf\x17\xaeN\x1e'
11E8E149-CBE3-4154-AF82-12DF17AE4E1E,2010-ncaa-d1-ncaatournament,ncaa,17,2,17,17,20,20,18,25,4,16,21,10,28,43,9,53,24,31,2,31,50,25,24,7,7,8,47,43,37,23,4,28,14,27,4,20,31,43,46,25,21,17,25,24,,,52,60,,,17,26,36,9,14,11,41,10,17,38,54,32,43,43,43,36,27,34,31,14,45,17,32,,56,,,16,41,37,33,41,31,33,36,43,45,51,50,56,55,31,55,60,37,35,49,53,50,57,48,56,28,14,30,4,32,4,44,50,24,26,32,32,18,14,4,,,27,29,,,17,36,8,43,20,33,16,5,11,3,43,42,52,56,56,10,7,7,2,2,33,33,19,6,,31,,,b'\x11\xe8\xe1I\xcb\xe3AT\xaf\x82\x12\xdf\x17\xaeN\x1e'
11E8E149-CBE3-4154-AF82-12DF17AE4E1E,2011-ncaa-d0-natl,ncaa,14,10,43,12,53,80,47,95,22,12,16,38,338,341,315,343,90,60,251,59,252,82,79,88,102,104,342,343,165,45,10,210,54,106,15,50,132,214,145,66,7,1,246,201,,,169,160,,,30,110,269,130,121,51,203,8,9,341,343,124,96,90,170,203,68,303,212,60,136,5,280,,87,,,29,78,53,64,114,30,23,175,213,253,113,315,179,148,298,136,265,63,198,165,189,38,315,276,245,34,54,31,10,17,15,120,255,15,3,15,191,146,60,15,,,125,206,,,30,242,67,24,27,26,16,3,9,3,162,196,126,93,89,2,37,7,7,2,69,13,138,37,,220,,,b'\x11\xe8\xe1I\xcb\xe3AT\xaf\x82\x12\xdf\x17\xaeN\x1e'
11E8E149-CBE3-4154-AF82-12DF17AE4E1E,2011-ncaa-d1-conf-Pac-12,ncaa,2,2,3,2,4,5,3,7,2,2,1,2,10,10,9,10,5,3,5,3,10,6,7,3,3,3,10,10,3,2,2,7,2,6,2,3,6,3,6,3,1,1,9,7,,,4,6,,,2,7,8,4,5,3,7,2,1,10,10,4,3,3,7,7,2,8,5,3,4,1,10,,4,,,2,2,1,1,3,1,1,5,4,4,3,10,5,4,7,4,8,1,3,3,3,2,9,8,8,1,2,2,2,1,2,4,7,1,1,1,4,6,3,2,,,7,5,,,2,4,2,2,2,2,1,1,1,1,4,2,5,5,5,1,2,1,2,1,4,1,4,3,,8,,,b'\x11\xe8\xe1I\xcb\xe3AT\xaf\x82\x12\xdf\x17\xaeN\x1e'
11E8E149-CBE3-4154-AF82-12DF17AE4E1E,2011-ncaa-d1-natl,ncaa,14,10,51,12,63,90,50,114,22,12,16,37,340,342,319,343,103,75,251,74,247,94,91,90,103,109,342,343,165,51,10,231,55,120,16,54,137,194,150,67,8,1,255,207,,,152,161,,,32,128,269,129,129,54,206,8,9,342,343,127,95,89,176,206,70,304,217,62,136,6,283,,84,,,31,58,37,47,120,21,12,185,205,243,117,314,169,141,300,127,267,46,169,170,193,41,313,275,243,23,55,17,10,7,16,106,256,17,3,16,169,149,57,14,,,143,206,,,32,227,71,27,28,26,17,4,9,3,163,197,127,92,89,2,37,7,7,2,70,13,139,39,,221,,,b'\x11\xe8\xe1I\xcb\xe3AT\xaf\x82\x12\xdf\x17\xaeN\x1e'
11E8E149-CBE3-4154-AF82-12DF17AE4E1E,2011-ncaa-d1-ncaatournament,ncaa,17,2,17,17,18,25,28,31,21,19,25,21,42,39,50,61,15,13,46,11,6,28,25,31,28,30,48,59,7,26,31,31,24,30,30,24,34,44,44,41,8,1,24,23,,,41,47,,,29,23,20,3,30,37,52,18,30,58,61,7,5,3,35,29,35,50,48,33,44,1,27,,46,,,25,42,37,35,37,37,35,41,40,39,36,40,48,47,45,47,57,35,41,43,48,34,50,36,55,34,24,39,31,37,30,46,58,16,6,25,44,46,7,4,,,22,23,,,29,44,32,26,24,32,15,7,16,10,38,33,51,50,50,12,34,17,25,19,47,6,45,4,,23,,,b'\x11\xe8\xe1I\xcb\xe3AT\xaf\x82\x12\xdf\x17\xaeN\x1e'
11E8E149-CBE3-4154-AF82-12DF17AE4E1E,2012-ncaa-d0-natl,ncaa,171,174,163,186,177,184,133,147,146,86,74,170,279,280,235,284,228,220,221,219,299,158,176,203,225,185,314,289,237,126,105,255,272,192,197,190,253,101,116,154,151,146,154,145,,,218,250,,,172,194,179,99,164,104,96,53,38,281,279,236,213,206,115,141,106,265,181,176,135,140,146,,250,,,172,156,171,161,205,199,146,248,121,173,63,192,140,133,174,130,154,151,158,188,185,173,96,117,145,209,272,131,105,175,197,197,203,155,141,171,44,59,42,22,,,221,242,,,172,149,165,193,173,193,207,190,236,183,144,198,158,152,150,180,198,241,162,209,221,126,66,51,,214,,,b'\x11\xe8\xe1I\xcb\xe3AT\xaf\x82\x12\xdf\x17\xaeN\x1e'
11E8E149-CBE3-4154-AF82-12DF17AE4E1E,2012-ncaa-d1-conf-Pac-12,ncaa,6,5,10,6,11,9,4,8,4,3,5,4,12,11,8,11,8,9,7,9,11,8,8,6,7,8,11,11,9,6,3,12,12,10,6,7,6,8,7,6,4,3,6,6,,,7,10,,,6,9,6,6,6,3,6,3,2,11,11,7,8,8,6,3,2,11,7,4,10,4,6,,12,,,7,5,5,4,8,6,3,10,7,6,4,9,5,5,9,5,7,3,5,7,7,5,5,6,8,9,12,2,3,6,6,7,10,3,3,7,5,5,1,1,,,8,9,,,6,3,7,7,7,10,10,7,10,6,7,8,9,7,8,8,11,11,7,9,10,3,8,3,,8,,,b'\x11\xe8\xe1I\xcb\xe3AT\xaf\x82\x12\xdf\x17\xaeN\x1e'
11E8E149-CBE3-4154-AF82-12DF17AE4E1E,2012-ncaa-d1-natl,ncaa,186,173,196,191,217,205,163,176,156,98,81,180,286,288,236,284,246,240,218,233,301,187,208,214,229,192,314,286,232,137,110,277,274,221,204,212,256,88,119,159,169,151,162,149,,,200,253,,,188,229,181,90,170,110,100,56,38,280,279,236,216,210,120,146,111,270,189,188,133,147,146,,250,,,188,138,159,131,208,194,126,249,109,156,68,192,128,120,178,117,156,121,128,191,190,184,99,121,144,191,274,112,110,157,204,185,204,174,148,180,38,58,35,23,,,247,240,,,188,114,171,202,187,197,212,191,240,185,142,197,165,157,154,180,196,241,168,212,226,134,67,51,,212,,,b'\x11\xe8\xe1I\xcb\xe3AT\xaf\x82\x12\xdf\x17\xaeN\x1e'
11E8E149-CBE3-4154-AF82-12DF17AE4E1E,2013-ncaa-d0-natl,ncaa,23,28,24,29,31,36,21,32,49,13,6,86,296,317,163,339,61,47,173,49,290,28,14,108,113,119,336,336,186,21,20,18,89,15,21,12,44,317,163,68,37,73,151,202,,,320,246,,,55,28,81,224,66,30,67,10,8,325,332,98,96,98,59,49,36,49,21,16,227,65,206,,264,,,56,268,234,301,57,225,287,70,224,269,83,198,307,309,129,309,244,307,316,60,74,69,248,171,268,258,89,181,20,227,21,150,86,48,113,58,288,162,208,45,,,59,227,,,55,321,89,67,61,137,100,176,95,155,160,204,255,257,251,204,222,143,49,74,79,106,197,151,,150,,,b'\x11\xe8\xe1I\xcb\xe3AT\xaf\x82\x12\xdf\x17\xaeN\x1e'
11E8E149-CBE3-4154-AF82-12DF17AE4E1E,2013-ncaa-d1-conf-Pac-12,ncaa,3,3,1,3,1,2,2,5,2,1,1,2,12,12,3,12,6,6,6,6,10,4,1,2,2,5,12,12,9,3,3,2,4,4,3,1,1,12,10,3,1,2,6,6,,,12,9,,,4,1,5,9,4,2,8,1,1,12,12,8,8,8,9,5,6,7,6,1,11,1,7,,10,,,4,7,7,6,4,5,4,5,7,8,4,8,11,11,6,11,11,8,11,4,6,3,9,8,11,5,4,2,3,5,3,6,5,1,1,2,11,11,4,2,,,5,9,,,4,12,3,4,4,5,3,5,3,2,7,7,11,10,10,5,6,4,1,2,5,2,11,3,,8,,,b'\x11\xe8\xe1I\xcb\xe3AT\xaf\x82\x12\xdf\x17\xaeN\x1e'
11E8E149-CBE3-4154-AF82-12DF17AE4E1E,2013-ncaa-d1-natl,ncaa,26,28,27,29,35,42,23,34,51,13,6,90,297,319,166,339,66,51,173,54,288,29,16,113,116,121,336,336,186,22,21,23,92,15,22,13,43,307,165,68,39,77,160,202,,,316,251,,,58,31,83,222,67,30,72,10,8,325,332,99,98,100,63,52,37,52,22,16,228,72,210,,264,,,63,261,223,296,61,218,279,76,214,261,88,198,300,307,132,306,246,304,312,63,81,75,249,170,269,247,92,163,21,210,22,146,87,55,117,63,281,162,202,46,,,67,223,,,58,317,91,77,68,139,103,177,99,159,162,206,258,262,253,206,221,142,49,75,80,111,198,154,,146,,,b'\x11\xe8\xe1I\xcb\xe3AT\xaf\x82\x12\xdf\x17\xaeN\x1e'
11E8E149-CBE3-4154-AF82-12DF17AE4E1E,2013-ncaa-d1-ncaatournament,ncaa,17,2,17,17,19,22,19,17,23,17,18,21,47,36,54,53,23,22,30,23,46,18,20,35,37,28,62,61,30,14,11,19,28,17,13,16,19,35,10,11,56,63,26,20,,,42,37,,,20,23,33,7,19,10,10,6,4,57,50,27,25,25,10,17,10,7,2,7,17,63,26,,30,,,20,46,37,43,7,27,35,7,50,49,26,58,46,49,11,49,56,45,40,16,16,26,60,56,48,44,28,43,11,43,13,26,11,34,61,40,13,4,35,18,,,24,35,,,20,40,19,29,20,33,13,47,5,11,53,61,44,53,53,52,38,42,27,32,5,57,4,27,,28,,,b'\x11\xe8\xe1I\xcb\xe3AT\xaf\x82\x12\xdf\x17\xaeN\x1e'
11E8E149-CBE3-4154-AF82-12DF17AE4E1E,2014-ncaa-d0-natl,ncaa,197,224,131,219,164,205,189,150,262,134,69,288,282,293,213,303,174,144,247,142,247,146,178,290,284,238,287,292,121,153,201,240,284,209,273,180,151,57,60,105,122,124,87,82,,,123,100,,,249,194,203,270,251,225,150,141,60,291,299,189,157,156,148,216,161,277,234,198,53,131,93,,110,,,249,203,226,189,223,195,155,231,240,237,222,238,135,121,199,120,135,182,197,236,221,208,185,243,117,254,284,267,201,264,273,294,308,135,136,243,129,151,97,48,,,156,136,,,249,171,234,228,232,208,225,191,202,146,250,238,134,122,122,168,187,250,266,274,292,137,136,92,,176,,,b'\x11\xe8\xe1I\xcb\xe3AT\xaf\x82\x12\xdf\x17\xaeN\x1e'
11E8E149-CBE3-4154-AF82-12DF17AE4E1E,2014-ncaa-d1-conf-Pac-12,ncaa,8,8,9,8,12,10,9,9,8,7,6,9,10,11,9,10,10,10,11,10,11,10,10,9,10,9,11,8,7,8,7,10,12,11,9,4,4,3,5,3,5,4,2,2,,,3,6,,,9,11,8,10,10,7,6,6,3,10,11,9,8,8,8,9,6,10,10,3,4,4,2,,5,,,9,3,3,5,7,3,2,8,7,8,5,10,5,4,5,4,8,3,4,7,7,4,9,8,7,7,12,6,7,8,9,8,10,6,5,5,6,9,3,2,,,10,8,,,9,2,9,7,9,6,6,6,5,3,9,10,7,5,5,5,7,12,8,9,9,4,7,3,,10,,,b'\x11\xe8\xe1I\xcb\xe3AT\xaf\x82\x12\xdf\x17\xaeN\x1e'
11E8E149-CBE3-4154-AF82-12DF17AE4E1E,2014-ncaa-d1-natl,ncaa,211,223,145,224,193,229,215,175,268,156,85,292,287,300,213,302,195,161,246,159,244,168,209,295,289,240,287,290,120,173,208,263,287,237,286,202,156,43,60,107,141,133,96,83,,,107,104,,,257,221,205,273,258,233,154,146,66,293,298,193,161,159,151,220,163,282,247,204,53,136,94,,110,,,256,186,208,170,228,183,139,239,234,221,225,237,125,114,204,110,134,154,166,246,231,217,184,242,117,233,287,248,208,248,286,290,308,151,144,248,119,151,91,54,,,175,136,,,257,141,239,242,243,214,234,191,205,148,249,238,135,124,124,166,186,249,267,275,295,141,134,96,,179,,,b'\x11\xe8\xe1I\xcb\xe3AT\xaf\x82\x12\xdf\x17\xaeN\x1e'
11E8E149-CBE3-4154-AF82-12DF17AE4E1E,2015-ncaa-d0-natl,ncaa,97,238,4,168,5,31,25,16,150,21,5,226,162,200,87,302,38,21,270,20,226,14,12,190,207,188,285,266,172,27,112,14,186,12,121,77,283,330,116,184,46,105,19,21,,,337,175,,,180,10,105,263,128,93,77,60,27,243,286,137,97,97,71,83,80,118,82,211,149,96,34,,209,,,178,346,334,345,97,283,305,110,347,345,215,320,333,326,317,325,248,347,342,152,182,191,327,315,236,341,186,338,112,341,121,341,280,60,201,224,236,70,223,51,,,48,305,,,180,340,152,201,182,226,158,236,66,86,318,324,249,219,214,246,243,235,191,216,233,173,97,102,,253,,,b'\x11\xe8\xe1I\xcb\xe3AT\xaf\x82\x12\xdf\x17\xaeN\x1e'
11E8E149-CBE3-4154-AF82-12DF17AE4E1E,2015-ncaa-d1-conf-Pac-12,ncaa,6,6,4,6,6,8,6,2,8,3,1,11,9,11,7,11,3,3,8,3,9,2,3,9,9,9,10,10,5,3,5,6,8,3,8,5,6,9,5,8,3,4,2,1,,,10,8,,,6,4,1,9,8,7,3,3,2,10,11,4,3,3,3,2,3,6,2,6,9,3,2,,10,,,6,7,6,7,4,2,1,5,12,12,5,12,9,8,7,8,10,7,10,6,5,5,12,12,9,9,8,11,5,11,8,10,12,4,5,6,5,4,5,3,,,6,10,,,6,10,9,5,6,7,6,6,1,1,12,12,8,8,8,9,12,10,9,10,9,5,4,6,,7,,,b'\x11\xe8\xe1I\xcb\xe3AT\xaf\x82\x12\xdf\x17\xaeN\x1e'
11E8E149-CBE3-4154-AF82-12DF17AE4E1E,2015-ncaa-d1-natl,ncaa,106,238,4,180,6,35,31,18,161,24,5,231,170,211,89,301,42,24,272,23,228,17,13,199,217,192,282,266,167,31,121,18,196,14,134,89,284,318,120,190,52,111,21,22,,,335,175,,,196,12,112,263,135,108,80,62,30,245,286,137,99,98,77,94,83,127,88,221,147,101,36,,211,,,193,345,333,344,108,270,301,120,345,345,223,320,331,322,321,322,248,347,340,166,195,204,329,314,235,338,196,336,121,339,134,340,282,71,212,229,220,72,213,53,,,56,305,,,196,338,166,225,200,241,171,242,76,85,321,322,254,220,215,250,240,241,196,221,240,184,101,107,,258,,,b'\x11\xe8\xe1I\xcb\xe3AT\xaf\x82\x12\xdf\x17\xaeN\x1e'
11E8E149-CBE3-4154-AF82-12DF17AE4E1E,2016-ncaa-d0-natl,ncaa,23,43,12,44,13,14,12,7,100,6,2,177,214,248,98,339,8,3,183,3,228,6,4,168,158,107,319,323,116,6,41,22,220,9,79,69,302,218,29,103,9,55,27,55,,,335,165,,,31,10,34,43,30,23,14,9,3,278,316,32,25,22,8,14,14,62,12,133,78,28,46,,247,,,33,317,307,341,47,315,336,108,192,321,7,194,320,317,236,310,175,343,344,36,45,41,131,92,251,343,220,332,41,342,79,271,151,21,114,82,161,26,89,5,,,44,289,,,31,340,71,59,47,177,158,295,202,259,98,249,242,227,219,296,327,297,205,258,148,47,68,35,,156,,,b'\x11\xe8\xe1I\xcb\xe3AT\xaf\x82\x12\xdf\x17\xaeN\x1e'
11E8E149-CBE3-4154-AF82-12DF17AE4E1E,2016-ncaa-d1-conf-Pac-12,ncaa,2,3,1,3,2,1,1,1,8,1,1,10,8,9,5,12,1,1,6,1,8,1,1,9,9,6,9,11,3,1,3,4,11,1,5,5,12,5,1,4,1,4,3,2,,,12,8,,,2,1,1,2,1,1,1,1,1,10,11,1,1,1,1,1,1,5,3,8,2,2,3,,10,,,3,9,9,10,4,9,9,6,6,11,1,10,11,11,9,11,9,10,12,3,4,4,7,5,11,12,11,12,3,12,5,8,6,1,3,2,4,1,4,1,,,1,10,,,2,12,4,4,4,4,4,9,7,6,4,11,9,10,9,9,12,12,10,12,4,2,2,3,,4,,,b'\x11\xe8\xe1I\xcb\xe3AT\xaf\x82\x12\xdf\x17\xaeN\x1e'
11E8E149-CBE3-4154-AF82-12DF17AE4E1E,2016-ncaa-d1-natl,ncaa,25,43,12,44,14,17,14,9,105,6,2,186,227,268,103,339,11,6,183,6,228,8,7,177,164,115,317,323,107,6,44,26,227,10,88,82,307,193,29,106,12,62,32,58,,,331,171,,,36,12,35,42,33,26,14,10,3,276,316,30,24,24,8,16,15,65,16,143,80,33,46,,250,,,40,309,296,339,50,309,332,114,185,309,7,193,312,310,238,304,173,342,343,38,50,51,128,89,249,342,227,325,44,340,88,263,151,25,120,90,137,25,79,6,,,53,284,,,36,338,76,69,52,186,167,297,209,261,100,248,247,229,222,295,328,299,209,267,155,53,71,38,,157,,,b'\x11\xe8\xe1I\xcb\xe3AT\xaf\x82\x12\xdf\x17\xaeN\x1e'
11E8E149-CBE3-4154-AF82-12DF17AE4E1E,2016-ncaa-d1-ncaatournament,ncaa,9,2,9,9,9,15,15,11,35,12,10,42,25,21,41,60,8,8,36,8,24,11,9,41,36,29,47,57,10,9,20,11,43,10,24,14,36,55,28,29,10,20,10,19,,,60,44,,,14,11,12,1,25,28,19,13,6,50,57,8,9,7,13,10,10,14,7,26,35,17,15,,55,,,16,51,49,53,2,51,55,2,44,50,13,21,61,61,51,61,46,55,55,2,8,6,45,21,61,58,43,56,20,58,24,44,11,10,32,7,49,21,31,9,,,9,16,,,14,55,29,8,15,18,9,47,14,49,16,30,57,51,51,51,55,59,40,51,6,23,28,12,,9,,,b'\x11\xe8\xe1I\xcb\xe3AT\xaf\x82\x12\xdf\x17\xaeN\x1e'
11E8E149-CBE3-4154-AF82-12DF17AE4E1E,2017-ncaa-d0-natl,ncaa,25,39,24,37,39,24,24,20,107,29,24,86,78,43,217,158,25,26,127,26,144,19,27,110,100,54,200,196,147,31,94,52,124,33,116,37,163,30,6,15,21,31,21,28,,,281,151,,,27,31,84,268,26,33,18,43,62,119,84,54,57,64,13,63,58,115,69,54,9,30,31,,168,,,28,294,267,297,111,227,283,79,280,265,249,191,266,276,109,283,200,305,317,128,120,101,256,242,196,275,124,326,94,320,116,250,176,39,94,95,107,33,97,27,,,117,309,,,27,318,31,92,31,147,130,174,108,160,221,188,180,198,207,180,232,161,208,200,137,87,49,55,,247,,,b'\x11\xe8\xe1I\xcb\xe3AT\xaf\x82\x12\xdf\x17\xaeN\x1e'
11E8E149-CBE3-4154-AF82-12DF17AE4E1E,2017-ncaa-d1-conf-Pac-12,ncaa,4,4,4,4,6,3,3,1,7,2,2,5,4,2,9,4,1,2,4,2,4,1,2,7,6,4,5,7,2,3,4,6,4,3,5,4,9,2,1,1,1,1,3,2,,,7,8,,,4,2,3,5,2,2,1,1,1,5,2,2,3,3,1,2,2,6,4,3,2,2,3,,8,,,4,8,5,4,8,2,2,8,10,8,10,11,10,8,9,9,8,4,9,8,9,7,12,11,10,2,4,11,4,8,5,9,10,3,4,6,4,3,2,1,,,3,8,,,4,10,3,5,4,5,4,3,2,2,9,6,9,8,8,3,6,2,9,8,8,4,4,2,,4,,,b'\x11\xe8\xe1I\xcb\xe3AT\xaf\x82\x12\xdf\x17\xaeN\x1e'
11E8E149-CBE3-4154-AF82-12DF17AE4E1E,2017-ncaa-d1-natl,ncaa,30,39,27,39,48,27,26,20,116,33,31,89,92,55,219,159,33,33,123,33,142,20,29,116,106,57,198,195,149,37,102,59,135,39,126,41,166,21,6,16,25,35,26,30,,,264,156,,,33,35,86,270,28,37,20,46,66,122,85,54,60,65,16,68,68,126,77,64,9,34,33,,174,,,34,282,254,292,120,207,269,89,273,252,257,192,258,261,113,266,200,299,313,135,133,112,253,244,198,251,135,318,102,308,126,239,179,49,103,108,89,34,87,29,,,136,304,,,33,315,33,108,40,153,133,174,113,162,224,188,182,198,209,179,228,163,215,207,144,94,50,54,,248,,,b'\x11\xe8\xe1I\xcb\xe3AT\xaf\x82\x12\xdf\x17\xaeN\x1e'
11E8E149-CBE3-4154-AF82-12DF17AE4E1E,2017-ncaa-d1-ncaatournament,ncaa,9,2,9,9,9,11,12,14,5,14,16,5,5,7,13,17,25,19,58,19,25,14,16,3,4,4,25,14,59,15,27,14,50,15,35,9,8,39,12,1,8,9,13,12,,,50,32,,,9,15,55,6,12,9,40,23,49,9,17,49,40,39,46,58,43,32,34,4,7,10,11,,30,,,6,50,50,52,10,49,49,17,50,54,15,46,46,46,20,46,26,50,50,12,9,8,33,35,31,59,50,49,27,53,35,41,18,9,22,14,26,8,19,10,,,22,51,,,9,50,4,19,6,11,16,31,13,21,27,41,22,22,22,28,29,59,8,30,14,21,4,7,,57,,,b'\x11\xe8\xe1I\xcb\xe3AT\xaf\x82\x12\xdf\x17\xaeN\x1e'
11E8E149-CBE3-4154-AF82-12DF17AE4E1E,2018-ncaa-d0-natl,ncaa,18,31,12,28,16,23,17,13,71,14,8,97,87,107,87,265,41,46,129,44,283,14,16,91,90,54,282,240,248,2,13,53,120,16,37,19,133,76,14,19,24,44,48,58,,,318,220,,,25,25,182,76,32,21,17,22,18,147,188,122,133,131,20,59,9,156,31,27,25,52,69,,212,,,31,300,280,303,106,245,282,92,299,293,229,210,294,287,211,285,211,306,320,135,145,131,271,237,227,249,120,272,13,278,37,297,261,52,133,167,139,36,47,4,,,115,324,,,25,322,24,118,33,123,113,114,77,104,204,185,192,188,185,111,134,114,93,96,181,140,55,13,,268,,,b'\x11\xe8\xe1I\xcb\xe3AT\xaf\x82\x12\xdf\x17\xaeN\x1e'
11E8E149-CBE3-4154-AF82-12DF17AE4E1E,2018-ncaa-d1-conf-Pac-12,ncaa,3,3,3,3,3,2,2,1,7,2,1,8,6,7,3,10,4,1,6,1,7,1,1,7,7,3,9,9,4,1,1,6,6,1,4,2,5,1,1,1,2,2,5,4,,,12,12,,,2,2,5,3,2,2,1,1,1,7,8,3,2,2,1,1,1,6,1,3,1,2,4,,11,,,2,7,4,6,4,3,6,5,6,6,6,5,9,12,1,11,10,8,10,3,5,3,9,5,10,4,6,7,1,7,4,7,10,3,3,4,1,1,3,1,,,6,10,,,2,11,2,3,2,5,3,4,3,6,5,6,9,11,10,4,8,4,7,7,7,4,1,3,,7,,,b'\x11\xe8\xe1I\xcb\xe3AT\xaf\x82\x12\xdf\x17\xaeN\x1e'
11E8E149-CBE3-4154-AF82-12DF17AE4E1E,2018-ncaa-d1-natl,ncaa,19,31,16,30,18,27,20,14,73,14,10,104,95,120,88,265,53,59,126,55,281,15,17,98,95,54,281,236,244,3,14,61,131,19,40,23,134,52,13,21,32,49,49,64,,,305,225,,,31,31,192,77,33,23,17,24,18,155,188,126,140,133,24,63,11,163,36,29,28,60,75,,217,,,35,294,266,296,122,229,274,108,288,281,241,205,277,276,214,270,213,300,312,149,157,149,267,235,225,231,131,246,14,262,40,292,260,71,140,178,120,37,38,4,,,149,326,,,31,318,24,129,40,133,124,116,87,108,210,185,195,192,188,116,131,121,100,101,184,147,55,15,,273,,,b'\x11\xe8\xe1I\xcb\xe3AT\xaf\x82\x12\xdf\x17\xaeN\x1e'
11E8E149-CBE3-4154-AF82-12DF17AE4E1E,2018-ncaa-d1-ncaatournament,ncaa,5,2,5,5,5,6,6,6,22,6,5,30,9,9,18,48,5,5,35,3,32,5,5,26,27,19,39,38,31,6,23,9,21,9,27,8,38,56,17,21,2,4,9,25,,,61,38,,,12,5,27,7,16,14,19,18,9,30,45,20,20,18,13,20,16,33,30,24,17,6,19,,34,,,14,60,60,57,38,57,57,32,63,56,52,46,57,58,34,57,23,57,59,40,36,27,46,52,16,54,21,61,23,59,27,62,55,4,9,29,51,12,54,22,,,7,38,,,12,60,13,24,17,25,30,17,18,15,48,41,17,13,13,10,18,14,34,25,45,13,13,26,,30,,,b'\x11\xe8\xe1I\xcb\xe3AT\xaf\x82\x12\xdf\x17\xaeN\x1e'
11E8E149-CBE3-4154-AF82-12DF17AE4E1E,2019-ncaa-d0-natl,ncaa,63,109,14,102,14,20,17,7,112,8,4,141,177,175,196,302,14,23,64,25,260,6,8,164,142,79,311,308,127,3,3,75,250,13,39,59,271,130,14,61,97,195,41,67,,,308,149,,,92,24,208,8,40,31,10,14,9,249,259,38,75,75,10,37,2,224,30,110,37,190,61,,173,,,97,342,342,330,252,342,329,271,283,297,175,169,307,294,259,295,174,336,334,246,250,271,127,139,177,322,250,242,3,303,39,339,232,89,208,264,117,30,285,80,,,52,265,,,92,328,27,273,97,260,264,224,270,222,193,196,224,203,206,238,223,241,58,106,268,204,44,210,,172,,,b'\x11\xe8\xe1I\xcb\xe3AT\xaf\x82\x12\xdf\x17\xaeN\x1e'
11E8E149-CBE3-4154-AF82-12DF17AE4E1E,2019-ncaa-d1-conf-Pac-12,ncaa,4,4,3,4,4,3,2,2,8,1,1,10,11,12,4,12,2,2,4,2,8,1,1,8,8,6,12,12,2,1,1,6,8,2,6,6,10,5,2,7,3,3,2,2,,,10,9,,,4,3,3,2,2,2,1,1,1,12,12,2,2,2,1,1,1,6,1,8,4,3,2,,10,,,4,10,9,9,7,9,7,9,6,7,6,7,9,10,9,10,9,11,11,7,7,6,6,5,8,9,8,6,1,7,6,11,11,2,3,6,5,3,6,1,,,2,7,,,4,11,3,7,4,7,7,8,7,7,8,6,9,9,9,10,12,10,7,7,11,3,4,6,,2,,,b'\x11\xe8\xe1I\xcb\xe3AT\xaf\x82\x12\xdf\x17\xaeN\x1e'
11E8E149-CBE3-4154-AF82-12DF17AE4E1E,2019-ncaa-d1-natl,ncaa,73,108,21,103,21,27,24,13,124,11,5,151,196,196,202,303,23,30,67,30,258,12,15,178,150,84,309,305,123,3,3,91,257,18,45,76,274,96,14,66,123,209,43,72,,,284,149,,,103,36,214,7,46,36,12,16,10,258,264,38,77,83,12,40,2,238,30,119,38,195,63,,179,,,110,340,338,325,269,336,319,284,274,284,188,169,294,278,259,278,175,329,323,260,266,281,122,135,174,310,257,208,3,280,45,333,238,113,220,271,92,30,274,87,,,67,264,,,103,318,32,286,111,269,275,229,281,228,190,191,232,209,214,242,221,248,59,109,279,218,49,216,,177,,,b'\x11\xe8\xe1I\xcb\xe3AT\xaf\x82\x12\xdf\x17\xaeN\x1e'
11E8E149-CBE3-4154-AF82-12DF17AE4E1E,2019-ncaa-d1-ncaatournament,ncaa,9,2,9,9,10,10,10,8,42,11,9,42,8,6,35,41,5,7,8,7,19,8,9,44,39,27,27,42,9,4,3,17,51,11,18,13,52,46,9,25,11,39,9,23,,,56,32,,,15,10,19,7,8,21,5,24,6,31,26,4,7,4,3,4,2,39,11,37,16,35,14,,40,,,16,57,56,52,41,59,56,49,23,41,3,8,59,61,7,61,46,54,56,30,27,25,3,2,40,57,51,52,3,54,18,56,10,9,28,23,49,17,60,50,,,8,15,,,15,56,8,37,16,40,46,36,58,52,2,13,42,54,54,49,53,51,22,32,26,22,23,56,,7,,,b'\x11\xe8\xe1I\xcb\xe3AT\xaf\x82\x12\xdf\x17\xaeN\x1e'
11E8E149-CBE3-4154-AF82-12DF17AE4E1E,2020-ncaa-d0-natl,ncaa,15,20,33,21,36,29,30,6,199,27,10,173,136,81,291,188,40,60,74,65,237,7,10,228,211,103,240,230,144,3,21,143,198,17,90,25,59,23,5,9,30,41,149,163,,,302,263,,,30,51,182,18,35,36,5,38,21,162,102,67,103,107,5,28,3,207,27,26,15,44,178,,259,,,33,179,163,196,126,168,200,129,160,174,133,165,231,239,202,239,227,205,278,116,130,72,194,148,249,233,198,295,21,286,90,156,163,30,48,54,15,4,82,18,,,36,148,,,30,278,40,72,37,102,97,92,107,123,118,131,198,194,197,98,186,188,232,221,105,50,10,59,,72,,,b'\x11\xe8\xe1I\xcb\xe3AT\xaf\x82\x12\xdf\x17\xaeN\x1e'
11E8E149-CBE3-4154-AF82-12DF17AE4E1E,2020-ncaa-d1-conf-Pac-12,ncaa,3,2,3,3,4,3,3,1,10,2,1,10,6,4,11,8,1,1,9,1,6,1,1,10,10,8,9,11,3,1,1,6,11,1,6,2,4,2,2,2,3,3,6,6,,,12,10,,,4,1,3,2,2,3,1,2,1,6,4,1,1,1,1,1,1,6,1,2,2,2,7,,12,,,4,7,7,6,5,8,6,7,5,6,3,4,7,9,3,9,8,7,11,5,4,3,3,4,7,11,11,11,1,12,6,5,4,1,1,1,2,1,4,4,,,1,3,,,4,10,4,3,4,6,6,6,7,7,5,5,6,9,9,6,11,11,11,12,4,1,2,4,,1,,,b'\x11\xe8\xe1I\xcb\xe3AT\xaf\x82\x12\xdf\x17\xaeN\x1e'
11E8E149-CBE3-4154-AF82-12DF17AE4E1E,2020-ncaa-d1-natl,ncaa,15,20,45,21,51,39,38,9,210,35,15,182,152,93,294,189,50,80,75,84,237,10,18,235,219,110,235,227,138,4,22,172,204,20,97,31,62,18,5,10,45,52,156,165,,,286,270,,,36,79,186,15,39,43,5,41,25,166,105,68,106,110,6,29,3,213,29,30,15,52,178,,261,,,38,147,140,154,136,150,175,136,141,158,136,162,218,221,204,223,230,167,247,128,144,81,190,150,251,211,204,277,22,269,97,143,165,42,52,58,14,4,73,18,,,51,148,,,36,246,41,82,42,110,103,95,115,129,118,130,207,200,201,102,187,185,238,231,113,56,11,62,,74,,,b'\x11\xe8\xe1I\xcb\xe3AT\xaf\x82\x12\xdf\x17\xaeN\x1e'
11E8E149-CBE3-4154-AF82-12DF17AE4E1E,2021-ncaa-d0-natl,ncaa,44,43,136,42,144,103,107,98,162,101,75,221,101,132,74,212,60,70,94,67,130,90,134,153,140,77,117,166,88,20,17,166,56,87,29,80,115,57,15,23,58,30,162,164,,,168,170,,,17,158,252,156,60,88,46,99,64,110,152,38,58,52,34,112,19,234,61,76,13,51,199,,123,,,19,122,118,134,114,126,135,130,144,170,111,202,158,169,123,169,225,142,164,113,105,62,215,185,202,90,56,155,17,124,29,104,93,82,50,41,67,21,267,185,,,144,186,,,17,180,25,39,19,39,40,31,49,40,110,113,115,130,134,27,42,27,83,38,44,85,25,256,,153,,,b'\x11\xe8\xe1I\xcb\xe3AT\xaf\x82\x12\xdf\x17\xaeN\x1e'
11E8E149-CBE3-4154-AF82-12DF17AE4E1E,2021-ncaa-d1-conf-Pac-12,ncaa,2,2,6,2,6,3,4,3,7,5,3,10,4,4,4,9,1,2,6,2,5,3,4,6,6,5,5,9,4,2,3,8,3,3,2,4,4,3,1,2,3,2,10,10,,,8,6,,,2,6,3,6,4,4,3,3,1,5,7,1,1,1,1,1,2,5,2,4,2,3,10,,7,,,2,7,6,5,5,6,5,6,2,4,2,4,8,8,5,8,9,5,7,5,5,3,3,2,9,4,3,7,3,7,2,2,3,3,3,3,3,2,8,6,,,4,6,,,2,7,4,3,2,3,3,2,4,5,3,4,6,8,8,4,3,1,8,3,3,3,3,9,,3,,,b'\x11\xe8\xe1I\xcb\xe3AT\xaf\x82\x12\xdf\x17\xaeN\x1e'
11E8E149-CBE3-4154-AF82-12DF17AE4E1E,2021-ncaa-d1-natl,ncaa,46,43,152,43,160,112,117,109,168,113,85,228,111,144,74,211,67,81,86,79,129,103,146,157,145,78,115,165,88,28,21,181,59,106,32,90,120,52,15,23,66,35,181,166,,,155,173,,,21,180,259,147,69,93,49,104,67,113,157,42,60,56,37,115,22,238,69,78,13,55,201,,122,,,20,113,111,118,126,117,122,142,137,154,109,198,151,159,125,158,227,126,147,119,115,70,214,187,204,77,59,138,21,112,32,97,93,94,57,44,60,21,263,194,,,159,184,,,21,160,26,44,21,39,39,30,50,41,109,111,119,132,133,26,39,27,85,39,48,90,25,260,,154,,,b'\x11\xe8\xe1I\xcb\xe3AT\xaf\x82\x12\xdf\x17\xaeN\x1e'
11E8E149-CBE3-4154-AF82-12DF17AE4E1E,2021-ncaa-d1-ncaatournament,ncaa,17,2,17,17,18,23,24,20,35,19,20,19,44,26,63,41,14,14,24,13,12,18,23,47,40,28,49,62,6,12,3,25,13,20,5,33,62,26,3,41,33,41,24,20,,,51,62,,,12,32,59,7,22,31,19,12,19,58,34,4,5,4,11,28,4,37,11,59,4,44,31,,52,,,11,37,34,34,34,32,30,37,39,39,26,45,48,48,31,48,57,33,33,39,38,34,47,34,53,22,13,34,3,31,5,10,1,27,32,4,4,1,2,2,,,18,13,,,12,33,12,30,17,14,6,4,8,2,28,31,41,42,42,3,3,6,6,3,1,44,1,2,,13,,,b'\x11\xe8\xe1I\xcb\xe3AT\xaf\x82\x12\xdf\x17\xaeN\x1e'
11E8E149-CBE3-4154-AF82-12DF17AE4E1E,2022-ncaa-d0-natl,ncaa,107,134,79,127,84,95,93,84,152,89,64,212,123,151,88,216,117,176,22,162,276,91,109,160,151,95,195,185,196,96,122,123,69,96,100,98,156,55,31,55,190,208,118,113,,,276,275,,,83,122,272,65,118,107,80,108,89,151,195,156,228,219,109,195,120,184,140,126,32,234,143,,217,,,84,206,142,177,120,77,169,38,294,184,350,167,295,291,206,290,281,201,206,161,189,192,340,305,293,97,69,228,122,175,100,184,235,152,165,169,75,51,49,14,,,129,179,,,83,223,82,155,91,119,61,60,28,87,263,117,246,248,250,83,62,55,149,86,133,217,46,24,,191,,,b'\x11\xe8\xe1I\xcb\xe3AT\xaf\x82\x12\xdf\x17\xaeN\x1e'
11E8E149-CBE3-4154-AF82-12DF17AE4E1E,2022-ncaa-d1-conf-Pac-12,ncaa,6,7,1,7,4,4,4,3,8,3,1,8,5,6,8,9,4,6,3,6,11,3,5,8,9,5,11,10,8,2,4,5,4,3,3,3,6,6,4,3,6,8,8,11,,,9,8,,,5,5,6,11,5,5,3,4,1,7,7,7,9,9,3,8,3,7,3,4,4,8,11,,5,,,5,10,6,6,6,6,7,2,12,6,11,6,10,11,8,11,10,7,7,6,8,6,12,11,11,6,4,11,4,6,3,10,11,4,7,6,7,4,4,2,,,3,6,,,5,8,5,5,5,5,3,3,2,4,11,5,8,8,8,4,4,4,6,4,7,7,4,2,,5,,,b'\x11\xe8\xe1I\xcb\xe3AT\xaf\x82\x12\xdf\x17\xaeN\x1e'
11E8E149-CBE3-4154-AF82-12DF17AE4E1E,2022-ncaa-d1-natl,ncaa,120,134,100,137,106,119,120,101,164,112,78,224,141,172,88,216,134,203,21,189,275,108,144,173,158,104,192,183,191,116,137,157,74,132,108,120,159,36,34,61,217,222,132,118,,,257,279,,,102,160,278,60,134,125,93,121,95,157,198,157,230,220,120,203,127,192,158,139,33,247,144,,222,,,103,168,116,137,131,64,133,39,290,152,351,164,281,278,217,277,282,151,154,178,204,210,338,302,292,66,74,205,137,136,108,173,240,193,180,185,63,53,41,16,,,147,173,,,102,179,90,166,110,130,67,61,32,91,272,117,254,254,254,81,63,54,157,91,143,225,48,24,,192,,,b'\x11\xe8\xe1I\xcb\xe3AT\xaf\x82\x12\xdf\x17\xaeN\x1e'
11E8E149-CBE3-4154-AF82-12DF17AE4E1E,2023-ncaa-d0-natl,ncaa,22,52,3,41,3,29,24,3,219,32,16,202,43,20,217,122,30,63,20,57,241,6,8,203,190,126,147,148,170,7,19,25,66,7,34,26,95,201,24,36,38,101,17,48,,,360,339,,,50,17,220,40,81,89,29,119,99,105,81,115,183,177,36,85,20,143,42,73,34,119,44,,318,,,59,334,303,331,77,312,351,40,228,194,253,49,356,350,291,351,262,342,343,72,108,109,249,100,333,246,66,342,19,331,34,271,171,56,176,123,50,4,361,320,,,27,236,,,50,346,69,86,61,90,46,76,85,215,85,46,289,268,275,118,109,55,112,72,77,199,6,340,,167,,,b'\x11\xe8\xe1I\xcb\xe3AT\xaf\x82\x12\xdf\x17\xaeN\x1e'
11E8E149-CBE3-4154-AF82-12DF17AE4E1E,2023-ncaa-d1-conf-Pac-12,ncaa,2,4,1,4,1,1,1,1,10,4,1,9,1,1,9,2,1,3,1,3,5,1,1,10,10,5,3,2,5,1,3,5,2,2,3,1,7,6,3,2,2,3,4,4,,,12,12,,,3,1,7,4,4,4,2,10,7,2,2,4,8,7,2,2,1,7,4,4,3,3,4,,11,,,3,12,9,8,6,9,10,4,6,5,11,1,12,12,11,12,12,9,10,6,8,7,10,4,12,4,2,11,3,9,3,7,5,1,4,3,1,1,10,8,,,2,8,,,3,12,3,5,3,6,3,1,4,4,2,1,11,11,11,3,3,1,7,5,3,5,1,8,,5,,,b'\x11\xe8\xe1I\xcb\xe3AT\xaf\x82\x12\xdf\x17\xaeN\x1e'
11E8E149-CBE3-4154-AF82-12DF17AE4E1E,2023-ncaa-d1-natl,ncaa,22,52,4,41,4,31,27,4,228,35,18,214,55,27,223,123,35,79,18,69,243,7,9,212,201,131,143,152,168,7,21,28,75,8,36,27,97,173,24,39,51,113,18,51,,,360,340,,,52,17,226,42,87,94,30,129,110,113,84,115,184,178,38,91,21,156,45,76,34,137,47,,320,,,68,327,293,328,82,295,347,45,217,164,268,48,354,342,299,347,267,340,343,74,125,130,249,100,333,230,75,332,21,317,36,261,175,71,185,145,37,4,361,325,,,31,228,,,52,346,74,103,69,103,54,79,93,212,90,48,297,274,278,125,104,58,119,77,85,208,6,342,,164,,,b'\x11\xe8\xe1I\xcb\xe3AT\xaf\x82\x12\xdf\x17\xaeN\x1e'
11E8E149-CBE3-4154-AF82-12DF17AE4E1E,2023-ncaa-d1-ncaatournament,ncaa,9,2,9,9,10,16,15,13,37,15,14,28,20,10,49,26,12,17,14,17,34,15,17,42,36,33,37,40,21,15,26,14,16,16,17,14,15,54,24,14,26,52,10,18,,,61,61,,,19,16,41,7,33,33,29,30,36,41,26,27,35,34,31,41,23,15,22,18,22,55,21,,54,,,18,55,57,54,21,53,57,14,51,48,38,27,50,58,8,55,40,54,52,17,16,13,40,40,35,48,16,57,26,56,17,62,61,15,31,38,28,4,54,36,,,14,38,,,19,53,33,12,17,11,16,21,16,32,25,24,26,36,31,19,14,23,29,19,45,38,3,27,,42,,,b'\x11\xe8\xe1I\xcb\xe3AT\xaf\x82\x12\xdf\x17\xaeN\x1e'
11E8E149-CBE3-4154-AF82-12DF17AE4E1E,2024-ncaa-d0-natl,ncaa,20,30,29,32,32,16,15,18,37,17,36,31,52,50,126,150,65,78,78,77,211,19,20,46,48,46,225,187,258,10,3,21,2,9,1,17,55,247,74,27,94,138,26,19,,,313,282,,,11,32,120,59,22,19,23,23,80,80,81,96,137,137,26,39,12,29,8,19,139,145,28,,238,,,11,235,147,277,23,104,276,8,255,223,258,145,334,311,344,314,254,289,288,31,67,92,335,233,332,30,2,93,3,54,1,102,102,132,204,102,239,94,240,127,,,71,260,,,11,317,19,38,13,89,37,130,24,151,180,133,286,241,242,153,118,7,11,4,41,222,150,175,,157,,,b'\x11\xe8\xe1I\xcb\xe3AT\xaf\x82\x12\xdf\x17\xaeN\x1e'
11E8E149-CBE3-4154-AF82-12DF17AE4E1E,2024-ncaa-d1-conf-Pac-12,ncaa,3,3,3,3,5,4,4,3,7,4,6,6,6,5,11,5,2,4,3,4,5,3,2,7,8,8,5,7,5,1,1,4,1,2,1,5,5,11,8,8,4,3,4,5,,,12,12,,,2,2,2,5,4,3,1,4,5,7,6,2,4,4,2,1,1,3,2,5,11,4,5,,12,,,2,1,1,1,3,1,6,3,1,2,2,2,12,12,11,12,11,4,8,3,3,2,9,1,12,1,1,2,1,1,1,1,3,4,3,1,10,9,7,6,,,2,6,,,2,8,6,1,2,2,1,1,2,3,1,2,12,12,12,2,6,1,2,1,1,3,10,7,,2,,,b'\x11\xe8\xe1I\xcb\xe3AT\xaf\x82\x12\xdf\x17\xaeN\x1e'
11E8E149-CBE3-4154-AF82-12DF17AE4E1E,2024-ncaa-d1-natl,ncaa,25,30,38,32,42,20,18,25,42,21,42,32,63,55,127,153,77,94,78,93,211,27,27,47,53,48,225,187,253,13,4,25,2,11,1,18,55,213,78,30,118,147,29,19,,,302,291,,,13,46,125,54,23,19,25,23,85,88,83,98,144,145,35,43,15,31,8,18,139,158,28,,246,,,12,214,116,253,24,74,256,9,234,206,264,144,331,302,348,305,263,270,265,42,82,114,338,232,335,19,2,63,4,32,1,82,103,169,218,124,218,94,229,134,,,87,251,,,13,304,21,51,15,100,46,133,26,156,184,142,299,247,251,160,116,7,11,4,45,235,155,190,,161,,,b'\x11\xe8\xe1I\xcb\xe3AT\xaf\x82\x12\xdf\x17\xaeN\x1e'
11E8E149-CBE3-4154-AF82-12DF17AE4E1E,2024-ncaa-d1-ncaatournament,ncaa,9,3,9,9,10,12,14,13,35,14,15,15,12,7,47,16,7,7,26,7,15,10,9,35,31,28,26,31,18,6,14,9,2,9,3,13,20,60,35,28,22,50,16,31,,,60,50,,,12,11,18,5,14,23,24,28,47,23,6,12,17,14,10,9,14,7,3,18,40,50,29,,43,,,11,56,54,56,20,57,59,16,44,44,26,10,65,62,51,62,41,57,54,17,25,28,26,9,53,34,2,56,14,54,3,53,14,20,52,34,65,51,40,19,,,10,25,,,12,55,20,15,14,19,15,25,30,50,8,8,47,44,44,28,14,7,22,6,17,54,52,17,,15,,,b'\x11\xe8\xe1I\xcb\xe3AT\xaf\x82\x12\xdf\x17\xaeN\x1e'
11E8E149-CBE3-4154-AF82-12DF17AE4E1E,2025-ncaa-d0-natl,genius_ncaa,4,1,6,2,10,8,7,16,8,7,22,5,31,36,79,165,51,53,133,52,223,16,12,13,16,17,277,211,304,11,9,8,55,5,1,4,8,318,97,12,108,222,9,13,,,305,91,,343,8,13,157,266,20,13,63,15,115,94,118,158,179,180,73,98,41,13,8,4,130,219,12,,100,,311,8,289,291,352,7,276,351,8,270,319,79,146,187,190,203,194,34,353,352,8,7,23,168,215,117,313,55,138,9,223,1,232,125,89,247,141,283,102,257,99,,,22,181,,211,8,350,8,27,7,42,61,262,69,286,117,169,58,60,62,217,171,158,3,13,57,243,130,128,,133,,286,b'\x11\xe8\xe1I\xcb\xe3AT\xaf\x82\x12\xdf\x17\xaeN\x1e'
11E8E149-CBE3-4154-AF82-12DF17AE4E1E,2025-ncaa-d1-conf-Big Ten,genius_ncaa,1,1,4,1,5,4,1,7,2,1,9,1,7,7,11,6,9,9,8,9,11,7,7,2,3,3,14,10,15,2,1,3,7,2,1,1,1,8,10,1,8,9,2,2,,,7,3,,14,2,8,12,11,3,1,9,2,12,8,8,11,12,11,10,10,3,2,2,1,9,8,2,,4,,13,2,2,5,15,2,5,15,2,4,9,1,7,5,6,8,6,2,13,11,2,1,2,5,7,10,16,7,2,1,4,1,1,1,10,12,5,10,10,8,7,,,7,13,,16,2,11,1,2,1,1,2,12,3,15,4,6,2,5,5,10,8,15,2,2,1,12,9,5,,9,,17,b'\x11\xe8\xe1I\xcb\xe3AT\xaf\x82\x12\xdf\x17\xaeN\x1e'
11E8E149-CBE3-4154-AF82-12DF17AE4E1E,2025-ncaa-d1-natl,genius_ncaa,4,1,6,2,12,9,8,16,8,7,29,5,38,44,87,166,58,65,130,64,218,16,13,14,16,19,274,207,299,13,10,8,56,5,1,4,8,302,103,12,127,237,9,13,,,289,98,,340,8,15,165,266,20,13,68,15,120,97,125,159,179,179,75,101,45,14,9,4,134,234,12,,99,,314,9,271,277,349,7,265,350,9,260,309,89,139,174,172,211,178,34,352,348,8,7,29,167,215,118,298,56,106,10,189,1,221,122,104,261,156,264,109,242,103,,,29,173,,217,8,348,8,32,7,46,65,266,75,291,127,164,60,62,65,224,170,162,3,14,66,251,130,135,,128,,285,b'\x11\xe8\xe1I\xcb\xe3AT\xaf\x82\x12\xdf\x17\xaeN\x1e'
11E8E149-CBE3-4154-AF82-12DF17AE4E1E,2025-ncaa-d1-ncaatournament,genius_ncaa,3,2,3,3,3,3,5,5,10,5,6,16,2,3,10,37,2,2,37,2,8,5,4,8,6,7,18,27,18,6,19,3,33,4,12,2,7,67,39,23,11,49,3,18,,,65,28,,67,9,4,56,7,15,25,53,33,49,22,40,12,12,12,42,47,26,20,21,11,36,51,12,,25,,56,13,67,67,66,28,67,67,26,63,62,31,17,64,65,19,65,19,66,66,24,21,26,20,23,29,67,33,65,19,65,12,65,13,9,50,32,67,32,59,22,,,2,4,,10,9,65,10,27,12,18,31,34,38,50,20,14,23,34,31,30,20,38,5,10,16,50,30,13,,11,,41,b'\x11\xe8\xe1I\xcb\xe3AT\xaf\x82\x12\xdf\x17\xaeN\x1e'
11E8E149-CBE3-4154-AF82-12DF17AE4E1E,2026-ncaa-d0-natl,genius_ncaa,17,13,49,19,113,27,18,58,11,22,67,10,36,75,26,159,110,154,21,150,291,71,85,10,10,10,247,146,321,59,11,24,51,27,6,9,16,98,30,10,170,227,32,57,,,138,41,,305,27,106,283,349,17,16,64,20,113,49,126,171,259,254,93,199,81,13,16,7,22,240,37,,29,,271,26,214,257,333,33,240,325,29,268,305,96,234,52,25,337,18,3,306,260,32,22,87,124,267,20,243,51,81,11,134,6,270,219,272,345,318,58,15,171,86,,,153,300,,361,27,256,11,89,24,68,125,322,112,297,178,253,15,6,5,238,76,146,5,18,165,350,17,109,,289,,363,b'\x11\xe8\xe1I\xcb\xe3AT\xaf\x82\x12\xdf\x17\xaeN\x1e'
11E8E149-CBE3-4154-AF82-12DF17AE4E1E,2026-ncaa-d1-conf-Big Ten,genius_ncaa,1,1,1,1,3,6,7,4,9,8,8,9,6,7,11,8,6,4,14,3,7,3,3,9,11,7,8,9,10,5,1,1,2,2,1,5,4,5,5,5,10,10,3,4,,,12,13,,1,3,8,9,3,6,7,4,8,8,6,7,6,4,3,3,3,5,1,2,5,5,10,3,,12,,1,3,5,5,10,4,7,14,5,3,4,6,5,7,6,13,4,4,8,3,3,3,4,6,6,12,5,2,5,1,2,1,3,3,10,11,4,1,1,6,6,,,10,12,,15,3,9,6,5,3,5,5,10,7,14,3,4,7,6,4,8,3,5,5,2,3,10,1,6,,10,,15,b'\x11\xe8\xe1I\xcb\xe3AT\xaf\x82\x12\xdf\x17\xaeN\x1e'
11E8E149-CBE3-4154-AF82-12DF17AE4E1E,2026-ncaa-d1-natl,genius_ncaa,18,13,85,20,173,35,23,83,11,25,103,12,52,110,27,157,144,212,19,206,298,106,136,10,10,10,235,141,320,85,17,28,59,38,6,9,21,59,37,10,239,267,40,64,,,84,41,,292,27,164,294,348,18,18,83,21,131,55,134,183,268,263,118,225,97,16,22,7,22,279,40,,34,,280,27,169,213,319,39,199,305,38,249,281,116,234,32,10,345,7,3,268,203,39,25,127,117,267,19,205,59,33,17,84,6,249,221,331,355,335,32,19,139,99,,,222,290,,363,27,196,11,129,25,88,164,327,137,310,209,259,17,5,4,251,77,155,5,18,198,356,17,119,,292,,363,b'\x11\xe8\xe1I\xcb\xe3AT\xaf\x82\x12\xdf\x17\xaeN\x1e'
11E8E149-CBE7-6342-AF82-12DF17AE4E1E,2010-ncaa-d0-natl,ncaa,1,1,1,1,1,1,1,2,1,1,8,1,27,32,61,172,18,31,70,33,243,2,3,1,1,1,301,230,321,28,26,1,4,2,2,1,27,211,18,1,18,79,3,13,,,61,1,,,1,2,152,283,3,2,73,2,109,101,135,131,175,186,83,184,178,2,9,1,20,97,10,,1,,,1,62,149,342,1,140,341,1,190,335,1,272,3,13,5,13,1,340,342,1,1,1,98,266,7,301,4,166,26,243,2,57,46,10,79,6,220,43,76,7,,,10,199,,,1,344,1,1,1,1,2,212,3,170,49,241,1,1,1,85,131,52,3,6,4,106,41,15,,199,,,b'\x11\xe8\xe1I\xcb\xe7cB\xaf\x82\x12\xdf\x17\xaeN\x1e'
11E8E149-CBE7-6342-AF82-12DF17AE4E1E,2010-ncaa-d1-conf-AAC,ncaa,1,1,1,1,4,1,1,3,1,1,4,1,3,3,2,8,3,4,6,4,6,3,3,1,1,1,14,11,14,4,3,1,1,1,1,1,3,6,2,1,7,7,1,1,,,1,1,,,1,3,7,10,1,1,6,1,5,3,5,3,4,4,5,9,8,1,1,1,3,7,1,,1,,,1,1,1,15,1,3,15,1,5,15,1,13,1,1,4,1,1,15,14,1,1,1,7,13,2,15,1,1,3,4,1,1,2,5,7,1,10,4,2,1,,,2,4,,,1,14,1,1,1,1,1,15,2,10,4,13,1,1,1,11,12,14,1,1,1,7,6,1,,4,,,b'\x11\xe8\xe1I\xcb\xe7cB\xaf\x82\x12\xdf\x17\xaeN\x1e'
11E8E149-CBE7-6342-AF82-12DF17AE4E1E,2010-ncaa-d1-natl,ncaa,1,1,1,1,1,1,1,2,1,1,8,1,29,35,60,171,19,35,71,39,242,2,4,1,1,1,301,228,321,30,27,1,4,2,2,1,28,198,20,1,19,81,3,13,,,50,1,,,1,3,153,285,3,2,75,2,112,100,134,132,175,185,89,184,181,2,10,1,20,101,10,,1,,,1,53,133,342,1,128,341,1,188,334,2,272,3,9,6,9,1,339,341,1,1,1,101,262,7,298,4,154,27,227,2,46,45,11,82,6,208,44,70,7,,,10,199,,,1,343,1,1,1,1,2,214,3,173,51,242,1,1,1,85,130,54,3,6,4,111,41,16,,202,,,b'\x11\xe8\xe1I\xcb\xe7cB\xaf\x82\x12\xdf\x17\xaeN\x1e'
11E8E149-CBE7-6342-AF82-12DF17AE4E1E,2010-ncaa-d1-ncaatournament,ncaa,1,1,1,1,1,1,1,2,6,1,2,7,1,2,8,30,1,1,31,1,19,2,2,4,2,2,23,26,32,2,14,1,6,2,2,1,3,63,12,2,3,34,2,3,,,59,3,,,1,1,35,9,4,9,36,18,32,13,29,18,19,19,26,39,30,1,3,2,9,36,4,,2,,,1,59,59,63,1,58,61,1,63,63,16,57,52,57,18,57,5,63,64,2,1,1,45,53,15,63,6,63,14,62,2,62,37,1,23,9,61,9,53,12,,,1,25,,,1,64,1,1,1,1,3,29,2,19,30,48,2,3,3,13,17,23,4,6,8,27,10,17,,25,,,b'\x11\xe8\xe1I\xcb\xe7cB\xaf\x82\x12\xdf\x17\xaeN\x1e'
11E8E149-CBE7-6342-AF82-12DF17AE4E1E,2011-ncaa-d0-natl,ncaa,1,1,2,1,2,6,5,14,1,5,25,1,32,52,26,165,24,47,11,44,204,16,16,1,1,3,262,207,279,48,19,1,3,5,1,1,12,254,62,4,33,78,17,49,,,79,5,,,1,13,251,257,13,9,167,14,172,107,168,104,193,193,173,251,192,7,24,3,48,103,52,,3,,,1,137,191,337,2,131,322,2,287,332,23,296,22,20,133,24,3,328,325,3,1,2,184,313,14,217,3,78,19,122,1,147,114,49,173,65,180,49,198,71,,,24,164,,,1,331,4,1,1,2,8,171,8,112,132,255,2,2,3,66,46,22,1,1,16,229,45,72,,210,,,b'\x11\xe8\xe1I\xcb\xe7cB\xaf\x82\x12\xdf\x17\xaeN\x1e'
11E8E149-CBE7-6342-AF82-12DF17AE4E1E,2011-ncaa-d1-conf-AAC,ncaa,1,1,1,1,1,1,1,1,1,2,2,1,4,6,1,9,3,3,3,3,6,2,2,1,1,1,10,9,9,6,5,1,1,1,1,1,3,14,4,1,5,9,1,4,,,4,1,,,1,1,6,8,1,1,8,2,8,6,9,5,6,6,6,11,14,1,2,1,4,7,4,,1,,,1,8,10,16,1,6,16,1,15,16,5,12,1,3,4,4,1,16,16,1,1,1,12,14,2,13,1,6,5,11,1,5,3,6,13,6,13,5,6,4,,,2,5,,,1,16,1,1,1,1,4,15,3,12,11,13,1,1,1,14,9,5,1,1,2,11,5,4,,6,,,b'\x11\xe8\xe1I\xcb\xe7cB\xaf\x82\x12\xdf\x17\xaeN\x1e'
11E8E149-CBE7-6342-AF82-12DF17AE4E1E,2011-ncaa-d1-natl,ncaa,1,1,2,1,2,6,5,15,1,5,26,1,37,57,28,165,29,60,11,54,204,17,17,1,1,3,260,204,276,53,20,1,3,5,1,1,12,244,64,5,36,85,19,51,,,64,4,,,1,14,254,260,13,9,170,14,173,110,171,106,197,197,179,254,195,7,25,3,48,112,53,,3,,,1,121,174,337,2,120,320,2,281,331,24,293,16,16,132,21,3,326,324,2,1,2,182,313,13,202,3,57,20,92,1,134,115,57,180,67,162,49,187,73,,,27,165,,,1,330,4,1,1,2,8,175,8,114,131,254,2,3,3,67,44,23,1,1,16,235,46,74,,210,,,b'\x11\xe8\xe1I\xcb\xe7cB\xaf\x82\x12\xdf\x17\xaeN\x1e'
11E8E149-CBE7-6342-AF82-12DF17AE4E1E,2011-ncaa-d1-ncaatournament,ncaa,3,2,3,3,3,4,4,3,16,5,3,16,4,3,28,37,7,9,32,9,44,3,3,14,20,18,45,40,46,2,8,4,12,3,6,2,3,62,25,6,5,22,8,22,,,62,17,,,2,4,52,3,20,15,29,17,23,28,35,40,38,39,29,36,21,7,8,3,25,25,26,,10,,,2,60,60,61,6,58,61,9,60,63,19,49,48,57,11,56,13,61,61,6,5,4,36,47,16,60,12,61,8,61,6,55,18,4,26,9,63,34,61,26,,,4,30,,,2,61,9,2,2,1,7,26,8,18,24,40,4,9,9,11,13,18,9,10,7,36,29,22,,31,,,b'\x11\xe8\xe1I\xcb\xe7cB\xaf\x82\x12\xdf\x17\xaeN\x1e'
11E8E149-CBE7-6342-AF82-12DF17AE4E1E,2012-ncaa-d0-natl,ncaa,4,9,3,9,3,3,3,9,2,7,41,1,5,13,26,54,29,64,17,68,187,12,10,1,1,3,148,81,315,34,25,4,24,8,6,2,14,263,61,4,4,14,5,15,,,228,31,,,1,8,221,156,5,7,113,26,243,22,41,149,229,240,143,218,153,19,46,2,51,25,27,,27,,,1,82,69,331,1,58,312,1,191,319,5,271,146,101,282,99,41,325,335,1,2,1,269,262,209,276,24,115,25,198,6,42,76,10,34,4,238,74,143,53,,,24,201,,,1,337,2,1,1,1,2,79,2,49,63,202,22,17,16,35,92,68,3,1,3,56,73,34,,217,,,b'\x11\xe8\xe1I\xcb\xe7cB\xaf\x82\x12\xdf\x17\xaeN\x1e'
11E8E149-CBE7-6342-AF82-12DF17AE4E1E,2012-ncaa-d1-conf-AAC,ncaa,2,2,1,2,1,2,2,2,1,2,5,1,2,2,3,4,5,5,3,5,7,2,2,1,1,1,6,4,13,5,4,1,1,2,2,1,4,11,6,1,2,3,1,1,,,8,3,,,1,2,7,3,2,2,6,2,10,3,3,7,8,8,5,7,8,1,4,1,6,3,1,,5,,,1,4,2,15,1,3,12,1,9,13,3,11,8,7,11,7,5,15,15,1,1,1,13,11,11,13,1,2,4,5,2,2,6,2,3,1,9,6,2,2,,,3,8,,,1,15,1,1,1,1,2,8,2,4,7,10,3,2,2,7,8,6,1,2,1,3,6,2,,7,,,b'\x11\xe8\xe1I\xcb\xe7cB\xaf\x82\x12\xdf\x17\xaeN\x1e'
11E8E149-CBE7-6342-AF82-12DF17AE4E1E,2012-ncaa-d1-natl,ncaa,4,9,3,9,3,3,3,9,2,7,45,1,7,14,27,54,31,74,18,81,187,12,10,1,1,4,144,79,316,37,26,4,23,8,6,2,15,247,61,4,5,14,5,15,,,215,33,,,1,8,225,156,5,7,122,28,248,22,44,146,231,243,149,219,160,21,51,2,51,25,27,,26,,,1,63,56,331,1,49,310,1,178,313,5,272,133,96,284,93,41,324,334,1,2,1,266,262,212,267,23,95,26,177,6,34,77,10,36,4,228,74,140,57,,,29,198,,,1,337,2,1,1,1,2,78,2,51,65,202,24,17,16,37,92,71,3,1,3,62,73,35,,216,,,b'\x11\xe8\xe1I\xcb\xe7cB\xaf\x82\x12\xdf\x17\xaeN\x1e'
11E8E149-CBE7-6342-AF82-12DF17AE4E1E,2012-ncaa-d1-ncaatournament,ncaa,3,2,3,3,3,3,3,3,4,3,4,4,2,2,34,31,3,4,10,4,20,3,3,7,6,7,37,40,24,4,4,2,21,3,3,3,21,64,47,19,2,15,3,4,,,62,19,,,2,3,30,3,4,5,37,8,37,23,30,10,27,29,28,19,27,2,7,8,47,13,6,,21,,,1,61,60,61,1,57,61,5,62,63,11,50,61,61,41,61,20,61,62,2,3,2,43,38,41,62,21,57,4,61,3,55,11,3,24,6,63,45,59,24,,,5,36,,,2,62,4,2,2,3,3,42,3,27,31,52,26,22,21,39,48,40,2,5,5,20,49,24,,33,,,b'\x11\xe8\xe1I\xcb\xe7cB\xaf\x82\x12\xdf\x17\xaeN\x1e'
11E8E149-CBE7-6342-AF82-12DF17AE4E1E,2013-ncaa-d0-natl,ncaa,1,8,1,8,1,1,1,1,2,3,23,1,1,4,4,43,41,80,18,82,272,2,3,1,1,1,149,48,340,17,16,1,28,1,3,1,22,239,25,3,5,27,1,3,,,182,11,,,1,2,152,91,1,2,36,9,200,6,27,194,272,275,52,142,126,8,23,2,45,38,3,,15,,,1,209,223,343,2,164,343,1,293,324,71,229,88,86,146,82,14,342,344,3,2,2,240,293,70,307,28,147,16,250,3,214,179,7,56,22,119,12,50,9,,,35,298,,,1,344,1,2,1,4,8,173,6,158,142,191,11,13,13,89,163,95,3,4,31,65,22,6,,261,,,b'\x11\xe8\xe1I\xcb\xe7cB\xaf\x82\x12\xdf\x17\xaeN\x1e'
11E8E149-CBE7-6342-AF82-12DF17AE4E1E,2013-ncaa-d1-conf-AAC,ncaa,2,2,1,2,1,1,1,1,1,2,2,1,1,1,1,3,4,6,3,6,10,1,1,1,1,1,5,3,14,3,2,1,1,1,1,1,2,11,5,2,1,3,1,1,,,7,1,,,1,1,6,5,1,1,3,2,9,2,2,6,10,11,4,5,7,1,1,1,3,4,1,,1,,,1,7,9,15,1,8,15,1,12,13,2,12,3,3,10,3,1,15,15,1,1,1,9,12,4,12,1,6,2,7,1,6,6,3,7,2,9,3,2,1,,,2,13,,,1,15,1,1,1,1,2,12,3,10,4,13,1,1,1,9,8,3,2,2,3,8,5,2,,11,,,b'\x11\xe8\xe1I\xcb\xe7cB\xaf\x82\x12\xdf\x17\xaeN\x1e'
11E8E149-CBE7-6342-AF82-12DF17AE4E1E,2013-ncaa-d1-natl,ncaa,1,8,1,8,1,1,1,1,2,3,25,1,1,4,5,43,47,93,18,95,267,2,3,1,1,1,143,47,340,17,16,1,28,1,3,1,25,230,26,3,6,27,1,3,,,165,11,,,1,2,156,86,1,2,36,9,203,6,27,193,274,274,56,148,131,9,24,2,46,40,3,,16,,,1,191,210,343,2,144,343,1,290,321,77,229,76,76,152,73,14,342,344,3,2,2,240,292,67,301,28,133,16,233,3,208,185,7,56,27,113,11,43,9,,,39,295,,,1,344,1,2,1,4,8,172,6,164,142,192,11,13,13,92,161,97,3,4,32,69,22,6,,260,,,b'\x11\xe8\xe1I\xcb\xe7cB\xaf\x82\x12\xdf\x17\xaeN\x1e'
11E8E149-CBE7-6342-AF82-12DF17AE4E1E,2013-ncaa-d1-ncaatournament,ncaa,1,1,1,1,1,1,1,1,1,1,1,1,2,2,5,40,3,4,13,4,39,1,1,2,2,1,41,34,44,3,15,1,23,1,6,1,29,63,23,8,1,8,1,2,,,61,9,,,1,2,22,7,2,1,20,4,23,16,34,26,32,35,27,33,39,12,22,4,25,9,2,,12,,,1,61,61,63,2,61,64,2,62,62,20,41,60,60,37,60,14,63,63,2,2,1,35,40,27,63,23,61,15,62,6,62,32,1,6,5,63,21,62,28,,,3,37,,,1,63,1,1,1,1,1,29,7,29,27,34,14,14,14,21,39,30,2,4,9,6,21,33,,35,,,b'\x11\xe8\xe1I\xcb\xe7cB\xaf\x82\x12\xdf\x17\xaeN\x1e'
11E8E149-CBE7-6342-AF82-12DF17AE4E1E,2014-ncaa-d0-natl,ncaa,1,1,1,1,1,1,1,3,2,2,14,1,5,18,15,90,76,131,27,128,317,4,8,1,1,1,247,101,344,52,89,1,24,2,11,1,9,139,9,2,6,26,1,1,,,17,1,,,1,6,258,270,10,3,74,10,183,44,81,272,314,315,136,262,227,3,30,1,2,47,1,,1,,,1,62,194,349,1,177,348,1,226,326,6,225,2,2,31,2,1,344,345,1,1,1,38,297,1,335,24,266,89,309,11,118,82,11,83,14,119,17,116,21,,,80,339,,,1,343,1,1,1,1,1,223,6,238,58,167,1,1,1,45,66,122,11,20,4,119,12,25,,336,,,b'\x11\xe8\xe1I\xcb\xe7cB\xaf\x82\x12\xdf\x17\xaeN\x1e'
11E8E149-CBE7-6342-AF82-12DF17AE4E1E,2014-ncaa-d1-conf-AAC,ncaa,1,1,1,1,2,1,1,1,1,2,6,1,1,1,1,1,3,7,1,7,7,2,4,1,1,1,5,1,10,9,4,1,2,2,1,1,1,1,1,1,1,1,1,1,,,1,1,,,1,3,8,4,1,1,1,2,8,1,1,3,9,9,3,9,9,1,2,1,1,1,1,,1,,,1,1,1,10,1,1,10,1,5,9,1,9,1,1,3,1,1,7,8,1,1,1,5,10,1,8,2,1,4,1,1,1,1,2,2,1,1,1,1,1,,,7,8,,,1,8,1,1,1,1,1,10,1,8,4,8,1,1,1,3,3,6,1,1,1,2,1,1,,8,,,b'\x11\xe8\xe1I\xcb\xe7cB\xaf\x82\x12\xdf\x17\xaeN\x1e'
11E8E149-CBE7-6342-AF82-12DF17AE4E1E,2014-ncaa-d1-natl,ncaa,1,1,1,1,1,1,1,3,2,2,15,1,5,20,17,91,87,143,26,142,318,6,10,1,1,1,246,100,344,58,91,1,24,2,11,1,9,119,10,2,6,27,1,1,,,13,1,,,1,7,261,273,10,3,78,11,185,45,81,275,314,314,142,263,232,4,33,1,2,53,1,,1,,,1,49,172,349,1,160,347,1,216,323,6,224,1,1,32,1,1,343,344,1,1,1,34,294,1,332,24,246,91,302,11,110,82,13,87,16,108,18,110,22,,,88,338,,,1,341,1,1,1,1,1,222,7,238,59,166,1,1,1,45,68,125,12,20,5,122,12,26,,336,,,b'\x11\xe8\xe1I\xcb\xe7cB\xaf\x82\x12\xdf\x17\xaeN\x1e'
11E8E149-CBE7-6342-AF82-12DF17AE4E1E,2014-ncaa-d1-ncaatournament,ncaa,1,1,1,1,1,2,2,2,3,2,2,4,1,1,17,29,4,3,42,3,37,2,2,4,6,3,42,30,45,2,9,1,10,1,2,1,13,62,18,4,4,19,1,4,,,59,6,,,1,2,52,3,7,4,24,6,31,19,28,36,33,36,28,36,22,6,6,4,17,24,5,,4,,,1,62,63,63,8,63,63,6,63,64,23,52,42,46,7,45,4,63,63,7,2,3,26,53,6,63,10,63,9,63,2,63,35,4,43,34,57,10,61,22,,,3,53,,,1,63,2,5,1,1,8,36,6,25,33,46,5,4,4,14,7,18,4,7,17,47,10,24,,54,,,b'\x11\xe8\xe1I\xcb\xe7cB\xaf\x82\x12\xdf\x17\xaeN\x1e'
11E8E149-CBE7-6342-AF82-12DF17AE4E1E,2015-ncaa-d0-natl,ncaa,1,1,1,1,1,1,1,3,1,1,15,1,4,10,1,85,74,95,66,96,310,3,5,1,1,1,240,95,348,30,7,1,41,1,2,1,56,125,12,2,3,35,1,1,,,20,1,,,1,4,174,265,1,1,23,2,125,9,54,254,287,290,47,159,132,4,11,1,13,42,1,,2,,,1,114,223,348,1,154,346,1,306,341,9,292,1,1,159,1,1,345,346,1,1,1,124,329,1,343,41,76,7,240,2,66,19,10,71,5,144,22,63,7,,,75,338,,,1,345,1,1,1,1,6,277,6,204,147,271,1,1,1,96,165,166,1,7,3,75,24,16,,337,,,b'\x11\xe8\xe1I\xcb\xe7cB\xaf\x82\x12\xdf\x17\xaeN\x1e'
11E8E149-CBE7-6342-AF82-12DF17AE4E1E,2015-ncaa-d1-conf-AAC,ncaa,1,1,1,1,1,1,1,1,1,1,1,1,1,1,1,3,6,6,3,6,9,1,3,1,1,1,9,3,11,4,1,1,1,2,1,1,1,1,1,1,1,1,1,1,,,1,1,,,1,1,6,5,1,1,1,1,3,1,2,8,9,9,1,6,6,1,2,1,1,1,1,,1,,,1,1,1,9,1,1,8,1,4,11,1,11,1,1,9,1,1,8,10,1,1,1,6,11,1,6,1,1,1,1,1,1,1,2,2,1,2,1,1,1,,,10,11,,,1,10,1,1,1,1,1,7,1,5,3,11,1,1,1,2,3,3,1,1,1,2,1,1,,11,,,b'\x11\xe8\xe1I\xcb\xe7cB\xaf\x82\x12\xdf\x17\xaeN\x1e'
11E8E149-CBE7-6342-AF82-12DF17AE4E1E,2015-ncaa-d1-natl,ncaa,1,1,1,1,1,1,1,3,1,1,16,1,4,10,1,85,93,120,65,120,312,3,5,1,1,1,234,94,348,35,8,1,43,1,2,1,59,100,12,2,3,39,1,1,,,11,1,,,1,4,180,266,1,1,26,2,133,9,56,257,292,293,49,165,144,4,11,1,14,44,1,,2,,,1,82,197,348,1,129,345,1,302,340,9,287,1,1,162,1,1,345,346,1,1,1,124,329,1,340,43,51,8,213,2,52,17,12,78,6,131,24,57,8,,,95,337,,,1,345,1,1,1,1,6,278,7,210,149,275,1,1,1,100,162,171,1,7,3,86,24,16,,337,,,b'\x11\xe8\xe1I\xcb\xe7cB\xaf\x82\x12\xdf\x17\xaeN\x1e'
11E8E149-CBE7-6342-AF82-12DF17AE4E1E,2015-ncaa-d1-ncaatournament,ncaa,1,1,1,1,1,1,1,1,2,2,2,1,1,1,11,20,3,4,24,4,39,1,2,1,1,1,35,21,50,1,5,2,28,2,7,1,28,60,16,4,1,17,1,4,,,60,1,,,1,2,43,4,4,2,25,8,35,7,20,39,42,39,25,38,24,10,12,2,12,18,3,,1,,,1,63,63,63,6,63,64,5,62,63,26,36,39,38,49,38,1,63,63,6,3,1,14,44,2,63,28,63,5,63,7,63,15,1,19,7,57,10,61,16,,,3,45,,,1,63,1,1,1,2,14,49,17,50,25,35,2,1,1,25,30,44,3,9,6,23,8,15,,46,,,b'\x11\xe8\xe1I\xcb\xe7cB\xaf\x82\x12\xdf\x17\xaeN\x1e'
11E8E149-CBE7-6342-AF82-12DF17AE4E1E,2016-ncaa-d0-natl,ncaa,1,1,1,1,2,1,1,3,1,1,11,1,10,18,11,117,37,114,1,108,306,5,5,1,1,1,276,151,344,35,19,4,18,5,7,1,33,89,7,1,3,4,1,1,,,13,1,,,1,3,138,280,1,1,28,1,99,22,77,175,276,273,46,153,167,27,56,1,8,5,2,,1,,,1,86,197,342,3,116,326,2,306,331,101,304,1,1,83,1,1,318,342,6,2,1,139,340,1,238,18,84,19,133,7,123,92,2,7,2,150,24,93,9,,,102,330,,,1,346,1,1,1,1,9,129,5,100,183,221,1,1,1,21,120,36,3,4,22,12,29,12,,321,,,b'\x11\xe8\xe1I\xcb\xe7cB\xaf\x82\x12\xdf\x17\xaeN\x1e'
11E8E149-CBE7-6342-AF82-12DF17AE4E1E,2016-ncaa-d1-conf-AAC,ncaa,1,1,1,1,2,1,1,1,1,1,2,1,1,1,1,2,5,9,1,8,11,2,3,1,1,1,7,3,11,3,1,2,2,2,1,1,1,1,1,1,1,1,1,1,,,1,1,,,1,3,9,8,1,1,2,1,6,1,1,7,9,9,2,7,5,3,4,1,1,1,1,,1,,,1,1,1,3,1,1,3,1,5,8,2,10,1,1,4,1,1,1,7,1,1,1,8,11,1,1,2,1,1,1,1,1,7,1,1,1,1,1,1,1,,,9,11,,,1,9,1,1,1,1,1,1,1,2,4,5,1,1,1,1,1,1,1,1,1,1,1,1,,11,,,b'\x11\xe8\xe1I\xcb\xe7cB\xaf\x82\x12\xdf\x17\xaeN\x1e'
11E8E149-CBE7-6342-AF82-12DF17AE4E1E,2016-ncaa-d1-natl,ncaa,1,1,2,1,3,1,1,3,1,1,13,1,11,22,11,116,46,134,1,129,307,7,8,1,1,1,270,150,345,47,23,5,20,7,7,1,35,62,7,1,3,4,1,1,,,8,1,,,1,5,142,282,1,1,29,1,100,26,76,175,279,274,47,160,174,29,59,1,8,5,3,,1,,,1,58,176,340,4,97,319,2,301,328,106,302,1,1,82,1,1,307,341,6,2,1,139,340,1,216,20,62,23,96,7,112,92,2,7,2,125,24,84,9,,,118,329,,,1,345,1,1,1,1,11,129,5,104,187,217,1,1,1,21,117,35,3,4,23,14,30,12,,320,,,b'\x11\xe8\xe1I\xcb\xe7cB\xaf\x82\x12\xdf\x17\xaeN\x1e'
11E8E149-CBE7-6342-AF82-12DF17AE4E1E,2016-ncaa-d1-ncaatournament,ncaa,1,1,1,1,1,1,1,2,1,1,1,1,1,3,3,33,1,2,10,2,22,2,2,1,1,1,28,27,34,4,13,1,19,2,4,1,13,63,19,2,2,10,1,6,,,56,2,,,1,2,47,1,1,2,38,4,30,10,30,14,21,25,32,41,41,17,22,1,17,13,13,,2,,,1,62,62,64,8,62,63,9,62,62,16,56,45,48,15,49,4,63,63,8,2,1,30,54,4,63,19,61,13,62,4,61,13,2,13,4,61,26,51,11,,,2,23,,,1,63,1,1,1,2,5,26,4,9,30,51,1,1,1,8,20,29,1,2,5,16,24,11,,31,,,b'\x11\xe8\xe1I\xcb\xe7cB\xaf\x82\x12\xdf\x17\xaeN\x1e'
11E8E149-CBE7-6342-AF82-12DF17AE4E1E,2017-ncaa-d0-natl,ncaa,1,1,3,1,6,2,2,11,1,4,20,1,6,27,1,141,12,39,9,32,173,11,17,1,1,1,220,145,306,87,49,6,146,18,22,1,1,96,12,1,8,32,13,32,,,22,2,,,2,13,155,248,3,3,60,5,137,22,104,67,155,139,70,187,228,48,109,1,11,31,30,,2,,,2,210,301,345,10,271,334,18,276,339,12,292,3,3,92,3,1,337,342,11,4,2,54,285,2,340,146,65,49,235,22,138,25,10,51,15,169,42,176,60,,,42,225,,,2,338,1,2,1,5,74,271,60,210,149,277,1,1,1,130,211,236,1,21,22,53,43,64,,226,,,b'\x11\xe8\xe1I\xcb\xe7cB\xaf\x82\x12\xdf\x17\xaeN\x1e'
11E8E149-CBE7-6342-AF82-12DF17AE4E1E,2017-ncaa-d1-conf-AAC,ncaa,1,1,1,1,1,1,1,1,1,1,2,1,1,1,1,4,1,2,1,2,3,1,1,1,1,1,7,5,10,5,2,1,4,1,1,1,1,1,1,1,1,1,1,1,,,1,1,,,1,1,4,7,1,1,2,1,5,1,2,1,3,3,1,4,8,1,3,1,1,1,1,,1,,,1,1,2,10,1,3,7,1,8,11,1,10,1,1,6,1,1,8,11,1,1,1,6,10,1,10,4,1,2,2,1,1,1,1,1,1,1,1,2,2,,,4,9,,,1,11,1,1,1,1,1,7,1,5,6,10,1,1,1,3,8,8,1,2,1,1,1,2,,7,,,b'\x11\xe8\xe1I\xcb\xe7cB\xaf\x82\x12\xdf\x17\xaeN\x1e'
11E8E149-CBE7-6342-AF82-12DF17AE4E1E,2017-ncaa-d1-natl,ncaa,1,1,3,1,6,2,2,13,1,4,23,1,8,33,1,141,15,43,10,37,178,13,18,1,1,1,216,145,305,107,54,6,158,18,25,1,1,71,11,1,11,36,13,33,,,16,2,,,2,14,158,249,3,3,63,5,146,23,103,69,164,151,78,197,235,51,119,1,11,35,32,,2,,,2,179,290,345,10,254,333,21,269,336,12,289,2,2,91,2,1,335,341,13,4,2,53,283,2,339,158,41,54,209,25,116,25,15,59,18,145,45,156,66,,,50,227,,,2,337,1,2,1,9,79,272,68,217,152,276,1,1,1,129,210,241,1,22,22,59,43,65,,225,,,b'\x11\xe8\xe1I\xcb\xe7cB\xaf\x82\x12\xdf\x17\xaeN\x1e'
11E8E149-CBE7-6342-AF82-12DF17AE4E1E,2017-ncaa-d1-ncaatournament,ncaa,3,2,3,3,3,3,3,4,1,4,7,1,1,2,5,26,3,3,32,3,7,3,4,1,1,1,20,26,25,6,25,4,18,5,11,1,5,60,23,2,3,10,4,10,,,56,5,,,2,3,41,5,2,3,46,10,46,10,22,14,9,8,35,40,49,15,30,2,20,11,10,,4,,,2,61,62,62,13,60,61,14,62,63,25,42,50,50,32,50,4,62,62,15,10,11,25,39,9,61,18,60,25,60,11,59,15,4,26,20,60,20,43,11,,,3,16,,,2,62,1,8,2,10,23,40,18,27,33,40,6,5,5,25,26,30,5,4,16,24,20,8,,19,,,b'\x11\xe8\xe1I\xcb\xe7cB\xaf\x82\x12\xdf\x17\xaeN\x1e'
11E8E149-CBE7-6342-AF82-12DF17AE4E1E,2018-ncaa-d0-natl,ncaa,2,1,5,1,7,1,1,4,1,3,9,1,12,33,4,155,66,126,16,114,328,4,8,1,1,1,298,157,345,62,44,2,20,3,4,1,17,112,18,1,6,33,9,16,,,31,1,,,1,4,74,259,1,1,20,3,49,38,105,193,272,268,42,94,202,5,24,1,23,32,24,,1,,,1,152,236,343,4,202,330,5,268,343,7,301,2,3,179,3,1,332,343,3,1,1,114,302,4,295,20,118,44,202,4,126,52,11,56,13,136,25,85,11,,,84,322,,,1,345,1,1,1,4,26,263,19,191,136,283,1,1,1,120,219,115,6,15,14,56,35,15,,292,,,b'\x11\xe8\xe1I\xcb\xe7cB\xaf\x82\x12\xdf\x17\xaeN\x1e'
11E8E149-CBE7-6342-AF82-12DF17AE4E1E,2018-ncaa-d1-conf-AAC,ncaa,1,1,1,1,2,1,1,1,1,1,3,1,2,4,1,6,2,6,2,6,9,1,2,1,1,1,9,6,12,4,1,1,2,2,1,1,1,1,1,1,1,1,1,1,,,1,1,,,1,2,6,10,1,1,2,1,4,2,4,3,7,7,2,4,6,1,2,1,1,1,1,,1,,,1,1,1,9,1,1,5,1,6,12,1,12,1,1,7,1,1,3,11,1,1,1,9,12,1,3,2,1,1,1,1,1,1,1,1,1,1,1,1,1,,,6,11,,,1,11,1,1,1,1,1,2,1,2,5,12,1,1,1,2,3,2,1,1,1,2,1,1,,10,,,b'\x11\xe8\xe1I\xcb\xe7cB\xaf\x82\x12\xdf\x17\xaeN\x1e'
11E8E149-CBE7-6342-AF82-12DF17AE4E1E,2018-ncaa-d1-natl,ncaa,2,1,5,1,7,1,1,5,1,3,11,1,15,37,4,152,81,149,15,144,328,7,10,1,1,1,298,157,344,73,51,2,21,3,4,1,18,92,18,1,8,36,9,16,,,20,1,,,1,6,76,258,1,1,21,3,49,38,104,196,273,270,45,100,215,6,29,2,23,36,23,,1,,,1,123,219,342,4,180,329,5,254,340,8,300,2,3,185,3,1,329,342,3,1,1,110,300,4,288,21,95,51,165,4,104,55,19,68,19,116,25,70,12,,,115,323,,,1,343,1,1,1,5,28,265,25,197,136,283,1,1,1,123,217,122,6,16,20,60,35,18,,292,,,b'\x11\xe8\xe1I\xcb\xe7cB\xaf\x82\x12\xdf\x17\xaeN\x1e'
11E8E149-CBE7-6342-AF82-12DF17AE4E1E,2018-ncaa-d1-ncaatournament,ncaa,3,2,3,3,3,2,2,3,2,2,3,5,1,1,8,39,7,8,32,6,51,3,3,2,1,1,45,33,55,3,13,3,8,3,4,1,13,61,23,4,3,25,2,5,,,60,3,,,1,3,24,3,1,1,8,1,11,16,31,48,49,48,16,16,25,1,4,3,23,20,6,,5,,,1,62,62,62,4,62,62,28,58,64,4,59,61,61,38,60,15,62,62,4,3,5,24,30,24,60,8,60,13,61,4,58,12,5,33,14,63,34,50,15,,,5,54,,,1,62,1,5,1,7,15,50,27,23,23,57,12,11,10,39,38,22,7,6,11,32,39,12,,52,,,b'\x11\xe8\xe1I\xcb\xe7cB\xaf\x82\x12\xdf\x17\xaeN\x1e'
11E8E149-CBE7-6342-AF82-12DF17AE4E1E,2019-ncaa-d0-natl,ncaa,2,2,2,2,2,2,3,4,6,5,16,2,11,16,25,124,15,25,70,23,171,5,5,3,4,2,213,144,297,37,88,3,122,3,34,4,33,85,7,3,37,144,14,54,,,46,1,,,2,4,142,272,4,5,39,5,123,45,83,89,136,135,44,157,169,10,34,5,10,137,45,,1,,,2,277,310,350,5,273,347,5,323,347,24,291,33,36,129,35,3,349,349,7,4,4,157,304,13,349,122,289,88,340,34,241,108,43,207,96,72,13,176,53,,,17,207,,,2,348,4,9,2,20,58,319,45,246,186,294,3,2,2,225,210,271,26,81,59,205,17,58,,196,,,b'\x11\xe8\xe1I\xcb\xe7cB\xaf\x82\x12\xdf\x17\xaeN\x1e'
11E8E149-CBE7-6342-AF82-12DF17AE4E1E,2019-ncaa-d1-conf-AAC,ncaa,1,1,1,1,2,1,1,2,1,1,7,1,1,1,1,3,1,1,1,1,1,1,2,1,1,1,4,3,6,6,3,1,1,2,1,1,1,1,1,1,1,1,2,1,,,1,1,,,1,1,3,7,1,1,3,1,8,2,3,1,1,1,2,6,10,1,3,1,1,1,2,,1,,,1,1,2,11,1,1,8,1,11,12,7,10,1,1,10,1,1,9,11,1,1,1,10,12,1,5,1,2,3,2,1,1,3,2,2,1,2,1,2,2,,,2,2,,,1,12,1,1,1,1,1,8,1,4,9,9,1,1,1,3,5,4,1,1,1,2,2,2,,2,,,b'\x11\xe8\xe1I\xcb\xe7cB\xaf\x82\x12\xdf\x17\xaeN\x1e'
11E8E149-CBE7-6342-AF82-12DF17AE4E1E,2019-ncaa-d1-natl,ncaa,2,2,1,2,3,3,4,3,6,5,15,3,14,14,27,125,15,26,65,22,173,3,3,4,4,2,217,146,297,38,91,2,123,3,31,4,35,86,5,3,43,139,14,51,,,40,1,,,1,2,146,272,4,5,43,8,122,47,83,93,145,140,47,157,180,9,36,5,9,143,43,,1,,,2,281,316,350,7,263,346,7,327,348,31,296,30,29,145,29,2,349,349,6,3,5,172,313,9,348,123,293,91,339,31,250,118,54,212,107,62,11,166,42,,,25,225,,,1,349,4,9,2,17,63,313,45,230,196,301,2,2,2,222,201,273,24,76,67,214,11,54,,208,,,b'\x11\xe8\xe1I\xcb\xe7cB\xaf\x82\x12\xdf\x17\xaeN\x1e'
11E8E149-CBE7-6342-AF82-12DF17AE4E1E,2019-ncaa-d1-ncaatournament,ncaa,3,2,3,3,3,3,3,3,6,4,3,10,2,2,7,21,4,4,41,4,13,3,3,2,5,4,23,26,29,4,23,3,50,3,32,3,16,61,23,8,7,54,2,6,,,63,13,,,4,3,24,7,5,7,26,18,40,8,20,15,11,12,20,23,23,16,21,5,23,44,3,,24,,,5,62,62,62,9,62,62,10,62,62,12,42,63,63,42,63,28,62,62,6,9,8,29,25,43,64,50,63,23,64,32,63,42,5,49,44,62,37,60,33,,,3,14,,,4,62,6,26,7,29,26,63,30,49,23,54,38,32,34,59,60,61,21,47,36,41,36,34,,13,,,b'\x11\xe8\xe1I\xcb\xe7cB\xaf\x82\x12\xdf\x17\xaeN\x1e'
11E8E149-CBE7-6342-AF82-12DF17AE4E1E,2020-ncaa-d0-natl,ncaa,3,6,8,6,22,7,7,11,5,14,70,9,8,39,1,97,260,271,178,269,316,21,37,5,7,5,168,57,346,74,62,2,75,4,21,6,39,117,47,7,37,61,18,33,,,3,1,,,4,37,173,273,12,7,47,20,162,11,76,307,314,313,91,163,126,6,12,7,58,70,21,,1,,,4,37,119,345,3,128,332,6,132,278,10,208,1,3,18,4,2,305,322,3,1,3,45,244,2,298,75,97,62,182,21,117,156,114,178,86,119,59,123,73,,,260,332,,,4,315,4,3,3,6,32,294,51,284,85,200,1,1,1,179,176,229,26,60,69,184,61,77,,327,,,b'\x11\xe8\xe1I\xcb\xe7cB\xaf\x82\x12\xdf\x17\xaeN\x1e'
11E8E149-CBE7-6342-AF82-12DF17AE4E1E,2020-ncaa-d1-conf-AAC,ncaa,1,1,1,1,1,1,1,2,1,2,5,1,1,1,1,1,6,7,4,7,7,2,2,1,1,1,3,1,12,9,5,1,1,1,1,1,1,1,2,1,2,2,1,1,,,1,1,,,1,2,6,6,1,1,4,2,10,1,1,8,9,9,3,7,10,1,1,1,1,3,1,,1,,,1,1,1,12,1,3,11,1,1,9,1,5,1,1,2,1,1,10,11,1,1,1,2,4,1,7,1,4,5,4,1,2,2,7,6,1,2,1,1,2,,,4,8,,,1,11,1,1,1,1,1,10,1,10,1,5,1,1,1,5,6,6,2,3,1,8,1,1,,9,,,b'\x11\xe8\xe1I\xcb\xe7cB\xaf\x82\x12\xdf\x17\xaeN\x1e'
11E8E149-CBE7-6342-AF82-12DF17AE4E1E,2020-ncaa-d1-natl,ncaa,5,6,12,7,35,9,7,18,8,18,88,10,9,52,1,98,278,287,177,285,316,36,57,5,8,6,169,58,347,90,64,2,81,4,21,6,40,96,47,8,51,69,18,35,,,3,1,,,4,60,175,273,13,7,50,25,167,13,78,308,315,314,101,168,137,7,12,8,60,82,21,,1,,,4,27,92,338,3,113,324,6,120,262,14,204,1,1,18,3,2,288,301,3,1,3,41,244,2,289,81,71,64,159,21,107,158,132,190,95,98,60,116,76,,,281,332,,,4,291,4,5,3,7,37,295,54,286,86,196,1,1,1,185,176,233,28,64,70,192,61,84,,327,,,b'\x11\xe8\xe1I\xcb\xe7cB\xaf\x82\x12\xdf\x17\xaeN\x1e'
11E8E149-CBE7-6342-AF82-12DF17AE4E1E,2021-ncaa-d0-natl,ncaa,2,4,5,3,6,5,4,9,2,2,10,3,33,48,33,219,51,51,141,54,289,8,9,2,3,4,315,241,326,20,44,4,11,6,6,2,24,299,63,4,4,35,5,7,,,211,6,,,1,7,117,202,6,3,58,2,59,105,182,216,233,236,76,118,159,15,27,2,72,40,9,,8,,,1,229,262,331,5,224,315,9,301,337,31,304,81,109,25,106,8,326,331,9,1,3,208,307,12,258,11,242,44,249,6,244,157,5,64,31,181,15,170,26,,,35,282,,,1,336,3,2,1,6,19,170,14,94,151,266,3,3,3,79,131,37,6,7,46,67,15,35,,257,,,b'\x11\xe8\xe1I\xcb\xe7cB\xaf\x82\x12\xdf\x17\xaeN\x1e'
11E8E149-CBE7-6342-AF82-12DF17AE4E1E,2021-ncaa-d1-conf-Big East,ncaa,1,1,1,1,1,1,1,1,1,1,2,1,1,5,1,7,1,1,6,1,4,1,1,1,1,1,8,6,9,2,1,1,1,1,1,1,3,7,3,1,1,2,1,1,,,5,1,,,1,1,4,8,1,1,3,1,4,6,6,3,2,2,3,4,4,1,1,1,3,2,1,,1,,,1,2,4,10,1,4,9,1,10,10,1,10,1,1,1,1,1,9,11,1,1,1,8,10,1,7,1,2,1,4,1,3,5,1,1,1,5,1,1,1,,,1,3,,,1,11,1,1,1,1,1,4,1,2,5,10,1,1,1,1,5,3,1,1,1,2,1,1,,2,,,b'\x11\xe8\xe1I\xcb\xe7cB\xaf\x82\x12\xdf\x17\xaeN\x1e'
11E8E149-CBE7-6342-AF82-12DF17AE4E1E,2021-ncaa-d1-natl,ncaa,2,4,6,3,7,5,4,9,2,2,11,3,36,56,34,218,58,61,141,62,289,8,9,2,3,4,315,238,326,28,48,6,12,6,6,3,24,292,63,4,7,40,5,7,,,200,6,,,1,9,123,202,6,3,64,3,62,108,188,220,235,235,79,121,164,16,30,3,71,49,9,,8,,,1,214,253,330,5,210,309,9,294,336,31,302,75,99,27,95,8,323,330,9,1,3,203,308,12,249,12,229,48,237,6,241,158,8,66,36,171,16,162,27,,,42,282,,,1,336,3,3,1,6,19,174,17,95,151,266,3,3,3,79,133,38,6,7,49,68,16,38,,258,,,b'\x11\xe8\xe1I\xcb\xe7cB\xaf\x82\x12\xdf\x17\xaeN\x1e'
11E8E149-CBE7-6342-AF82-12DF17AE4E1E,2021-ncaa-d1-ncaatournament,ncaa,3,2,3,3,3,2,2,3,4,1,2,5,3,4,11,50,1,2,32,2,27,3,3,6,6,4,44,43,36,5,26,3,15,4,9,2,23,62,14,3,4,30,4,9,,,62,33,,,3,3,14,7,4,4,23,6,11,29,44,16,17,16,16,23,37,10,15,2,12,30,12,,33,,,3,62,61,61,13,60,61,15,62,63,25,50,64,63,26,63,51,62,62,16,16,13,50,44,48,59,15,62,26,61,9,63,32,2,27,22,60,14,56,9,,,3,25,,,3,62,2,12,3,20,14,26,8,22,36,50,41,47,44,33,38,23,13,10,21,25,16,14,,18,,,b'\x11\xe8\xe1I\xcb\xe7cB\xaf\x82\x12\xdf\x17\xaeN\x1e'
11E8E149-CBE7-6342-AF82-12DF17AE4E1E,2022-ncaa-d0-natl,ncaa,4,12,3,9,6,9,3,12,3,7,31,4,32,35,54,129,171,144,226,143,310,15,11,4,7,13,278,156,351,58,95,11,51,14,26,2,43,279,81,10,21,45,11,16,,,264,56,,,2,12,232,156,24,9,107,18,156,83,119,298,293,290,162,204,194,56,87,10,72,75,34,,40,,,2,250,271,338,14,227,314,22,292,337,51,266,99,86,228,92,30,333,340,19,10,11,186,276,59,276,51,262,95,279,26,193,90,32,111,46,131,26,154,34,,,83,305,,,2,342,13,8,3,12,27,137,33,115,141,221,16,12,14,86,94,88,15,18,33,145,22,40,,301,,,b'\x11\xe8\xe1I\xcb\xe7cB\xaf\x82\x12\xdf\x17\xaeN\x1e'
11E8E149-CBE7-6342-AF82-12DF17AE4E1E,2022-ncaa-d1-conf-Big East,ncaa,1,1,10,1,10,3,2,9,1,3,8,1,5,6,5,4,9,9,10,9,8,9,10,1,1,1,9,7,10,7,1,4,2,3,1,2,3,4,5,2,1,1,2,2,,,2,4,,,1,10,7,10,2,2,4,2,6,5,5,9,8,8,6,7,5,1,1,2,5,1,2,,2,,,1,1,1,1,1,1,1,1,2,5,1,9,1,1,10,1,1,1,2,1,1,1,8,8,3,2,2,1,1,1,1,1,3,2,1,1,1,1,1,1,,,10,7,,,1,2,1,1,1,1,1,2,1,1,4,6,1,1,1,1,4,4,1,1,1,2,1,1,,8,,,b'\x11\xe8\xe1I\xcb\xe7cB\xaf\x82\x12\xdf\x17\xaeN\x1e'
11E8E149-CBE7-6342-AF82-12DF17AE4E1E,2022-ncaa-d1-natl,ncaa,4,12,3,10,6,9,4,15,3,7,36,4,41,45,57,127,191,170,228,169,311,18,15,4,8,13,274,153,351,73,105,14,53,17,30,3,44,258,86,10,27,56,12,16,,,238,60,,,2,13,240,155,28,10,117,19,165,85,123,300,293,292,171,216,206,57,95,10,72,86,33,,42,,,4,221,248,336,18,203,307,27,285,329,58,262,85,73,233,77,30,331,337,23,12,15,186,276,58,261,53,241,105,254,30,181,95,39,127,56,114,28,145,41,,,99,301,,,2,341,15,13,3,14,35,144,37,117,143,215,17,13,14,88,89,91,16,19,37,162,24,45,,306,,,b'\x11\xe8\xe1I\xcb\xe7cB\xaf\x82\x12\xdf\x17\xaeN\x1e'
11E8E149-CBE7-6342-AF82-12DF17AE4E1E,2022-ncaa-d1-ncaatournament,ncaa,2,2,1,2,1,1,1,2,23,1,2,23,1,2,29,36,2,2,50,2,30,2,2,25,27,26,42,33,41,2,21,3,29,2,21,1,36,67,29,30,3,28,3,23,,,68,49,,,3,1,48,4,27,26,31,22,31,29,36,29,28,24,27,26,28,29,25,23,33,26,24,,45,,,10,68,68,68,21,68,68,20,67,67,23,24,68,68,19,68,38,68,68,17,20,16,25,25,44,67,29,68,21,68,21,66,16,2,8,6,67,23,68,38,,,2,26,,,3,68,29,8,10,12,15,19,25,36,22,22,32,38,39,17,30,28,27,21,9,13,26,39,,24,,,b'\x11\xe8\xe1I\xcb\xe7cB\xaf\x82\x12\xdf\x17\xaeN\x1e'
11E8E149-CBE7-6342-AF82-12DF17AE4E1E,2023-ncaa-d0-natl,ncaa,3,13,3,13,8,7,4,26,3,5,20,6,74,122,27,242,49,58,76,61,233,29,16,7,6,14,302,245,295,69,55,3,28,5,4,2,16,352,220,30,100,239,22,46,,,192,20,,,4,9,121,291,25,11,164,7,124,162,242,150,179,182,175,160,186,8,27,5,227,231,54,,26,,,7,307,308,359,7,204,335,11,351,359,49,342,126,127,137,135,41,357,351,14,7,24,309,347,43,313,28,133,55,221,4,273,169,98,286,192,332,202,325,204,,,20,136,,,4,353,14,21,7,40,52,311,18,122,283,344,23,29,31,260,199,138,3,5,83,269,197,244,,132,,,b'\x11\xe8\xe1I\xcb\xe7cB\xaf\x82\x12\xdf\x17\xaeN\x1e'
11E8E149-CBE7-6342-AF82-12DF17AE4E1E,2023-ncaa-d1-conf-Big East,ncaa,1,1,1,1,1,1,1,5,1,1,4,1,5,6,4,7,1,1,6,1,1,3,2,2,1,3,8,9,1,2,1,1,1,1,1,1,3,10,9,6,7,8,2,2,,,4,1,,,1,2,2,3,2,2,7,1,6,6,7,1,1,1,5,2,3,1,1,1,10,7,3,,3,,,1,1,1,11,1,1,5,1,6,11,1,11,3,3,1,3,3,10,10,1,1,1,10,11,3,6,1,1,1,2,1,3,4,7,7,3,11,10,7,6,,,1,1,,,1,11,3,1,1,1,1,10,1,3,6,11,2,3,3,9,9,5,1,1,2,7,10,6,,1,,,b'\x11\xe8\xe1I\xcb\xe7cB\xaf\x82\x12\xdf\x17\xaeN\x1e'
11E8E149-CBE7-6342-AF82-12DF17AE4E1E,2023-ncaa-d1-natl,ncaa,4,13,4,13,9,8,5,27,3,5,23,7,89,140,26,243,55,73,75,74,237,29,17,7,6,14,301,244,291,84,59,3,30,6,4,2,16,348,227,31,130,250,23,49,,,164,20,,,4,10,124,291,27,11,185,7,128,166,246,153,179,184,193,165,199,9,31,5,228,242,57,,26,,,7,299,298,359,7,176,332,12,349,358,51,343,104,112,145,118,42,357,350,14,8,24,310,347,39,301,30,98,59,186,4,264,173,127,296,206,327,208,318,212,,,22,124,,,4,352,15,23,7,47,59,311,24,125,289,344,23,31,34,261,198,144,3,5,89,284,203,253,,133,,,b'\x11\xe8\xe1I\xcb\xe7cB\xaf\x82\x12\xdf\x17\xaeN\x1e'
11E8E149-CBE7-6342-AF82-12DF17AE4E1E,2023-ncaa-d1-ncaatournament,ncaa,9,2,9,9,10,10,9,14,1,10,16,1,8,7,28,18,25,19,62,19,40,17,15,3,4,6,57,31,64,18,25,7,4,12,3,5,7,59,55,12,9,8,14,22,,,49,11,,,6,12,20,7,7,2,31,4,46,19,22,57,46,43,41,31,43,4,10,1,52,10,28,,11,,,4,57,54,58,7,40,51,4,65,63,48,61,44,45,15,45,34,57,56,21,18,14,64,64,19,45,4,50,25,49,3,60,55,13,32,32,58,45,12,6,,,17,55,,,6,57,9,8,5,14,12,37,2,9,60,61,13,18,17,25,27,9,6,3,36,34,46,5,,53,,,b'\x11\xe8\xe1I\xcb\xe7cB\xaf\x82\x12\xdf\x17\xaeN\x1e'
11E8E149-CBE7-6342-AF82-12DF17AE4E1E,2024-ncaa-d0-natl,ncaa,4,13,1,11,3,5,4,9,4,5,12,7,28,46,24,186,71,83,72,82,299,10,9,8,8,5,281,193,339,107,182,8,59,11,42,2,30,194,32,7,9,28,36,41,,,256,41,,,4,9,138,263,17,7,67,7,114,74,156,201,247,247,98,189,269,35,95,5,26,35,71,,52,,,4,294,294,348,9,233,317,23,342,357,39,339,139,133,200,128,51,347,351,21,14,13,291,336,56,319,59,304,182,326,42,284,194,16,110,88,74,8,130,23,,,24,211,,,4,351,9,13,5,30,48,201,22,68,233,322,21,22,20,134,177,135,32,51,94,111,11,33,,215,,,b'\x11\xe8\xe1I\xcb\xe7cB\xaf\x82\x12\xdf\x17\xaeN\x1e'
11E8E149-CBE7-6342-AF82-12DF17AE4E1E,2024-ncaa-d1-conf-Big East,ncaa,1,1,2,1,2,1,1,1,1,1,2,1,2,3,2,6,1,2,2,2,4,1,1,1,1,1,8,7,7,5,3,1,2,1,1,1,2,3,2,1,1,1,3,3,,,4,3,,,1,1,2,7,1,1,3,1,3,3,4,1,2,2,2,2,6,1,1,1,3,1,4,,3,,,1,1,1,8,1,1,2,1,6,11,1,11,3,3,1,3,3,8,11,1,1,1,10,10,3,4,2,3,3,3,1,2,8,1,1,1,1,1,1,1,,,1,3,,,1,11,1,1,1,1,1,6,1,2,6,10,1,3,3,5,8,2,1,1,2,1,1,1,,3,,,b'\x11\xe8\xe1I\xcb\xe7cB\xaf\x82\x12\xdf\x17\xaeN\x1e'
11E8E149-CBE7-6342-AF82-12DF17AE4E1E,2024-ncaa-d1-natl,ncaa,3,13,2,12,2,4,3,7,3,4,11,7,26,42,21,189,62,79,82,78,284,9,10,7,9,5,279,197,337,117,191,6,68,10,42,2,29,199,31,5,6,29,34,42,,,253,36,,,2,5,134,264,14,7,73,8,110,76,161,196,239,238,103,190,276,33,92,4,26,37,73,,50,,,3,292,295,354,9,223,323,18,349,359,38,344,135,125,196,117,46,352,357,18,12,13,301,340,51,334,68,305,191,334,42,292,207,16,109,91,79,11,140,28,,,26,201,,,2,358,9,10,3,30,51,213,19,67,250,336,17,18,18,141,191,159,31,55,106,109,18,40,,210,,,b'\x11\xe8\xe1I\xcb\xe7cB\xaf\x82\x12\xdf\x17\xaeN\x1e'
11E8E149-CBE7-6342-AF82-12DF17AE4E1E,2024-ncaa-d1-ncaatournament,ncaa,3,3,1,3,1,3,2,3,10,2,3,14,4,5,17,38,9,9,44,7,48,4,3,12,13,15,50,30,56,6,41,4,49,3,35,1,16,66,36,15,1,12,6,17,,,68,15,,,5,2,31,5,18,10,37,12,29,23,41,51,49,49,43,44,44,16,31,6,29,9,19,,20,,,9,66,66,66,7,64,64,6,67,67,20,60,68,67,48,67,31,67,67,9,7,7,56,62,34,68,49,67,41,67,35,65,16,1,22,13,66,33,63,29,,,4,33,,,5,66,16,10,9,13,13,45,9,26,47,59,29,24,23,42,51,59,21,44,16,16,30,30,,35,,,b'\x11\xe8\xe1I\xcb\xe7cB\xaf\x82\x12\xdf\x17\xaeN\x1e'
11E8E149-CBE7-6342-AF82-12DF17AE4E1E,2025-ncaa-d0-natl,genius_ncaa,1,1,1,1,1,1,1,5,1,4,8,2,2,11,6,104,151,206,37,216,359,6,11,2,2,1,262,107,360,77,152,5,26,9,30,1,25,49,4,1,1,7,17,18,,,187,9,,100,1,8,231,269,8,3,42,7,124,20,71,326,346,347,90,271,254,52,128,3,3,13,52,,8,,24,1,230,247,351,4,125,306,7,345,361,48,354,37,32,304,32,11,348,355,7,5,1,321,354,20,274,26,326,152,319,30,244,220,5,28,20,73,6,109,12,,,193,362,,321,1,357,1,1,1,1,6,94,3,19,223,303,2,2,2,27,84,41,23,21,37,47,4,12,,361,,350,b'\x11\xe8\xe1I\xcb\xe7cB\xaf\x82\x12\xdf\x17\xaeN\x1e'
11E8E149-CBE7-6342-AF82-12DF17AE4E1E,2025-ncaa-d1-conf-Big East,genius_ncaa,1,1,1,1,1,1,1,1,1,1,2,1,2,2,1,6,6,7,2,7,10,1,1,1,1,1,9,6,10,4,4,1,1,1,1,1,2,1,1,1,1,1,1,1,,,3,1,,5,1,1,3,7,1,1,1,1,3,2,2,7,7,7,2,5,5,1,2,1,1,1,1,,1,,3,1,1,1,10,1,1,2,1,9,11,2,11,1,1,8,1,2,6,11,1,1,1,11,11,2,4,1,4,4,4,1,1,5,1,2,1,1,1,1,1,,,10,11,,11,1,11,1,1,1,1,1,4,1,2,8,11,1,1,1,3,8,3,2,2,1,2,1,1,,11,,11,b'\x11\xe8\xe1I\xcb\xe7cB\xaf\x82\x12\xdf\x17\xaeN\x1e'
11E8E149-CBE7-6342-AF82-12DF17AE4E1E,2025-ncaa-d1-natl,genius_ncaa,1,1,1,1,1,1,1,5,1,4,9,2,2,12,6,104,178,228,36,237,358,6,11,2,2,1,258,108,360,93,170,5,29,10,32,1,25,38,4,1,3,8,17,19,,,165,9,,90,1,8,238,269,9,3,44,8,127,22,74,327,345,347,95,279,267,60,140,3,3,16,51,,8,,23,1,204,224,348,4,104,296,7,342,359,54,354,32,27,308,27,12,345,355,7,5,1,320,354,22,264,29,315,170,310,32,232,221,10,31,25,67,6,97,11,,,222,362,,323,1,357,1,1,1,1,7,96,4,18,227,304,2,2,2,27,81,44,24,21,38,52,4,12,,362,,350,b'\x11\xe8\xe1I\xcb\xe7cB\xaf\x82\x12\xdf\x17\xaeN\x1e'
11E8E149-CBE7-6342-AF82-12DF17AE4E1E,2025-ncaa-d1-ncaatournament,genius_ncaa,1,1,1,1,1,1,1,1,2,1,3,6,1,1,6,41,3,3,27,3,36,1,1,2,2,1,39,31,49,4,32,1,27,2,23,1,12,63,10,1,1,5,2,9,,,68,27,,52,1,1,27,7,3,3,22,5,20,11,30,25,29,30,18,36,39,11,20,2,9,4,13,,30,,12,1,66,66,68,2,66,66,3,68,68,13,46,68,66,53,66,31,68,68,4,4,3,46,42,44,68,27,68,32,68,23,67,24,1,12,5,64,16,59,7,,,3,42,,10,1,68,1,3,1,3,5,28,3,17,26,42,31,18,14,23,37,37,21,23,6,12,17,9,,43,,55,b'\x11\xe8\xe1I\xcb\xe7cB\xaf\x82\x12\xdf\x17\xaeN\x1e'
11E8E149-CBE7-6342-AF82-12DF17AE4E1E,2026-ncaa-d0-natl,genius_ncaa,17,1,116,1,142,32,16,55,9,25,62,15,26,76,9,151,203,249,56,255,353,80,119,9,9,8,261,107,356,82,39,98,86,91,32,5,11,31,8,3,7,6,61,19,,,85,25,,205,11,132,89,97,8,3,5,7,25,14,60,255,298,306,12,65,65,61,47,1,15,6,50,,32,,183,5,57,48,162,11,11,71,8,301,316,152,360,33,13,347,14,44,133,207,24,19,6,360,362,72,154,86,119,39,126,32,74,220,23,10,10,17,7,119,50,,,248,349,,355,11,224,8,5,6,7,7,85,2,6,306,332,18,8,8,26,204,124,56,60,45,11,10,102,,309,,360,b'\x11\xe8\xe1I\xcb\xe7cB\xaf\x82\x12\xdf\x17\xaeN\x1e'
11E8E149-CBE7-6342-AF82-12DF17AE4E1E,2026-ncaa-d1-conf-Big East,genius_ncaa,1,1,1,1,1,1,1,1,1,1,1,2,1,2,1,4,1,1,9,1,4,1,1,1,1,1,3,2,9,1,1,1,4,1,1,1,4,4,2,2,1,1,8,6,,,4,1,,7,1,1,3,1,1,1,1,1,3,1,3,2,2,2,2,3,2,3,2,1,2,1,9,,1,,6,1,4,3,5,1,1,5,1,7,9,5,9,6,5,8,5,5,5,10,1,1,1,11,11,9,7,4,6,1,6,1,5,11,1,1,2,5,2,5,3,,,1,3,,7,1,10,1,1,1,1,1,1,1,1,5,7,3,2,3,1,8,5,2,2,2,1,2,3,,3,,9,b'\x11\xe8\xe1I\xcb\xe7cB\xaf\x82\x12\xdf\x17\xaeN\x1e'
11E8E149-CBE7-6342-AF82-12DF17AE4E1E,2026-ncaa-d1-natl,genius_ncaa,18,1,177,1,197,40,19,79,9,28,94,17,38,113,9,150,266,306,56,313,355,120,180,9,9,8,245,104,354,121,46,147,100,133,46,6,11,12,11,3,13,7,76,20,,,33,28,,178,11,197,102,100,8,3,7,7,31,15,65,266,306,317,18,82,79,75,56,1,15,7,54,,38,,198,6,18,16,96,13,4,18,10,285,296,179,360,19,6,352,6,46,64,137,28,21,8,360,362,68,102,100,64,46,74,46,46,224,38,12,16,6,10,91,56,,,309,347,,360,11,158,8,7,7,11,11,97,2,7,320,332,21,8,8,32,197,129,60,69,54,12,11,115,,313,,359,b'\x11\xe8\xe1I\xcb\xe7cB\xaf\x82\x12\xdf\x17\xaeN\x1e'
11E8E149-CBEB-76E4-AF82-12DF17AE4E1E,2010-ncaa-d0-natl,ncaa,219,224,178,231,226,194,149,181,115,125,137,116,214,233,179,219,293,308,146,305,332,209,236,139,169,143,286,222,310,226,220,204,130,211,182,167,213,59,103,109,153,118,55,42,,,73,115,,,205,235,215,283,180,102,136,89,113,215,230,299,313,310,191,239,215,199,226,149,76,137,43,,86,,,205,168,153,138,207,134,120,163,223,171,300,202,202,136,338,132,179,124,102,229,259,292,240,229,208,78,130,136,220,109,182,275,311,266,237,306,141,189,16,8,,,282,279,,,205,110,155,265,203,215,180,151,147,142,244,191,223,161,154,143,98,103,181,148,294,260,162,18,,291,,,b'\x11\xe8\xe1I\xcb\xebv\xe4\xaf\x82\x12\xdf\x17\xaeN\x1e'
11E8E149-CBEB-76E4-AF82-12DF17AE4E1E,2010-ncaa-d1-conf-Horizon,ncaa,5,5,7,5,9,5,4,6,3,4,2,5,8,9,4,9,6,8,3,8,9,6,8,6,5,5,9,7,8,6,5,6,5,6,4,7,10,2,2,6,5,5,1,1,,,3,6,,,5,9,4,8,4,2,1,1,1,6,8,6,8,8,3,5,5,5,5,7,4,5,1,,6,,,5,7,5,5,3,4,5,4,7,6,9,4,9,7,10,7,7,5,3,4,6,8,8,6,8,4,5,3,5,3,4,5,6,8,7,7,2,2,2,1,,,8,9,,,5,3,4,8,5,9,7,6,5,7,9,7,9,9,7,7,6,6,5,5,6,6,4,2,,8,,,b'\x11\xe8\xe1I\xcb\xebv\xe4\xaf\x82\x12\xdf\x17\xaeN\x1e'
11E8E149-CBEB-76E4-AF82-12DF17AE4E1E,2010-ncaa-d1-natl,ncaa,228,223,191,233,258,208,158,196,117,130,150,116,221,242,183,221,302,317,144,315,332,221,260,143,176,145,285,220,308,244,222,227,136,234,188,177,214,47,108,111,164,122,59,42,,,60,115,,,210,253,218,285,184,107,140,92,118,218,231,299,312,309,192,243,221,202,227,152,77,144,43,,85,,,211,155,138,121,212,120,107,169,215,162,301,204,191,126,339,120,181,108,81,235,265,297,241,231,207,67,136,122,222,89,188,271,310,282,242,310,132,192,16,8,,,297,276,,,210,90,157,277,213,223,187,155,151,145,247,190,227,164,156,145,99,104,185,149,295,264,164,19,,292,,,b'\x11\xe8\xe1I\xcb\xebv\xe4\xaf\x82\x12\xdf\x17\xaeN\x1e'
11E8E149-CBEB-76E4-AF82-12DF17AE4E1E,2011-ncaa-d0-natl,ncaa,181,175,170,184,194,172,137,106,174,86,71,177,273,258,284,271,219,231,143,228,319,127,163,217,224,178,315,290,230,157,204,145,62,141,152,179,226,55,51,104,96,76,195,178,,,118,155,,,196,170,148,113,153,101,51,54,33,280,252,210,229,226,74,122,144,107,96,158,69,78,191,,144,,,198,191,200,162,242,160,93,267,261,252,232,285,103,108,142,103,159,140,130,270,246,251,213,270,93,79,62,250,204,178,152,280,297,204,200,275,55,61,45,21,,,264,299,,,196,161,179,228,202,216,230,198,182,105,282,275,118,129,123,173,155,93,285,213,291,198,70,49,,270,,,b'\x11\xe8\xe1I\xcb\xebv\xe4\xaf\x82\x12\xdf\x17\xaeN\x1e'
11E8E149-CBEB-76E4-AF82-12DF17AE4E1E,2011-ncaa-d1-conf-Horizon,ncaa,5,5,7,5,7,7,5,4,6,2,1,7,10,10,7,10,8,8,7,8,10,5,6,7,8,7,10,10,8,3,6,7,6,4,6,6,7,2,2,4,4,4,4,3,,,1,5,,,4,8,6,1,6,4,2,1,1,10,10,8,8,8,2,2,2,4,3,6,2,3,4,,3,,,4,2,2,5,5,2,4,5,6,5,9,7,1,1,8,1,2,4,3,6,5,4,7,8,2,6,6,6,6,6,6,5,8,6,6,6,2,1,6,3,,,8,9,,,4,3,6,5,5,5,5,6,4,7,6,6,2,2,2,5,6,6,7,7,6,6,3,7,,8,,,b'\x11\xe8\xe1I\xcb\xebv\xe4\xaf\x82\x12\xdf\x17\xaeN\x1e'
11E8E149-CBEB-76E4-AF82-12DF17AE4E1E,2011-ncaa-d1-natl,ncaa,188,172,199,188,224,191,159,125,181,96,80,183,276,264,283,271,235,245,142,243,320,147,192,224,232,181,314,291,225,174,214,172,65,166,161,194,231,39,50,106,111,82,207,182,,,101,153,,,205,206,152,107,157,110,54,55,32,278,250,213,229,229,79,125,148,111,99,162,69,84,195,,142,,,206,170,185,135,247,143,73,271,254,242,232,283,95,94,145,89,155,113,94,274,253,259,212,268,90,64,65,231,214,152,161,272,298,229,204,279,42,62,42,22,,,283,299,,,205,126,182,232,210,220,233,199,186,109,284,274,117,130,125,176,153,93,288,215,296,207,70,50,,273,,,b'\x11\xe8\xe1I\xcb\xebv\xe4\xaf\x82\x12\xdf\x17\xaeN\x1e'
11E8E149-CBEB-76E4-AF82-12DF17AE4E1E,2012-ncaa-d0-natl,ncaa,147,107,240,139,257,200,203,275,73,212,285,67,137,152,95,107,239,236,179,238,134,279,302,66,75,86,118,102,223,170,61,263,73,232,47,195,159,62,157,125,122,45,256,170,,,71,232,,,128,317,313,97,158,147,247,185,270,106,129,213,208,210,252,275,133,236,183,152,107,81,246,,119,,,125,48,48,34,207,18,3,291,293,303,138,339,43,42,168,46,264,26,19,260,244,242,325,333,91,18,73,11,61,8,47,259,339,280,186,303,29,78,8,31,,,254,131,,,128,25,66,223,123,116,111,54,26,4,321,332,73,70,78,40,21,32,22,14,284,267,58,19,,201,,,b'\x11\xe8\xe1I\xcb\xebv\xe4\xaf\x82\x12\xdf\x17\xaeN\x1e'
11E8E149-CBEB-76E4-AF82-12DF17AE4E1E,2012-ncaa-d1-conf-Horizon,ncaa,4,4,3,4,3,4,4,3,4,4,4,3,4,7,3,8,7,8,8,8,10,5,5,5,5,6,8,4,9,1,1,3,4,3,1,4,9,8,7,6,2,2,5,4,,,6,7,,,3,6,9,2,6,4,4,5,3,4,6,9,9,9,7,6,1,4,2,5,7,2,5,,6,,,3,4,3,5,6,5,1,9,7,8,2,9,3,4,1,4,9,5,5,6,5,4,8,8,4,5,4,1,1,1,1,9,10,5,4,6,4,5,6,6,,,7,8,,,3,4,4,4,3,4,4,3,4,1,6,8,3,4,4,3,3,5,2,1,9,5,5,6,,7,,,b'\x11\xe8\xe1I\xcb\xebv\xe4\xaf\x82\x12\xdf\x17\xaeN\x1e'
11E8E149-CBEB-76E4-AF82-12DF17AE4E1E,2012-ncaa-d1-natl,ncaa,128,107,137,125,163,154,150,220,69,157,250,55,128,139,121,112,204,196,186,201,136,218,240,66,75,88,148,122,226,127,51,203,50,172,32,147,154,104,161,124,83,34,247,172,,,92,205,,,113,275,307,119,150,136,235,148,258,121,131,212,207,208,246,260,124,224,158,140,116,81,246,,95,,,111,99,95,68,199,27,5,275,311,319,149,339,58,54,186,56,236,48,46,256,235,232,323,334,79,29,50,22,51,10,32,292,339,251,174,296,72,116,15,30,,,197,134,,,113,71,66,209,109,105,116,56,25,4,323,331,59,52,55,36,22,26,20,11,284,257,85,17,,195,,,b'\x11\xe8\xe1I\xcb\xebv\xe4\xaf\x82\x12\xdf\x17\xaeN\x1e'
11E8E149-CBEB-76E4-AF82-12DF17AE4E1E,2013-ncaa-d0-natl,ncaa,290,265,302,290,304,232,210,221,190,200,207,184,207,187,224,160,265,245,248,244,219,226,266,199,216,173,206,170,232,194,161,335,296,308,275,181,126,40,87,99,182,134,143,70,,,243,322,,,299,286,180,46,140,124,78,130,114,163,134,214,192,189,86,131,111,319,249,98,100,132,109,,319,,,301,253,179,49,321,93,11,330,307,267,311,315,305,263,342,259,341,70,52,335,344,342,333,292,280,104,296,120,161,109,275,274,316,272,237,319,44,94,30,43,,,242,172,,,299,45,154,342,302,327,285,162,198,42,330,321,333,308,304,225,195,210,263,258,324,215,117,62,,149,,,b'\x11\xe8\xe1I\xcb\xebv\xe4\xaf\x82\x12\xdf\x17\xaeN\x1e'
11E8E149-CBEB-76E4-AF82-12DF17AE4E1E,2013-ncaa-d1-conf-Horizon,ncaa,7,6,6,7,6,7,5,2,5,4,2,6,8,9,6,8,7,7,6,7,8,3,4,7,8,6,8,7,6,3,3,9,9,9,7,5,7,5,4,4,3,3,2,2,,,9,9,,,9,6,4,1,6,2,1,2,1,7,7,7,6,6,1,2,2,9,6,3,6,2,2,,9,,,9,9,4,3,9,2,2,9,6,4,9,5,9,9,8,9,9,3,2,9,9,9,9,5,9,5,9,5,3,5,7,8,9,4,4,4,6,6,6,4,,,6,7,,,9,2,6,8,9,9,6,3,6,2,7,5,9,9,9,5,6,5,6,6,8,4,6,7,,6,,,b'\x11\xe8\xe1I\xcb\xebv\xe4\xaf\x82\x12\xdf\x17\xaeN\x1e'
11E8E149-CBEB-76E4-AF82-12DF17AE4E1E,2013-ncaa-d1-natl,ncaa,281,282,210,287,214,186,156,140,184,146,143,176,190,178,219,175,238,224,242,221,240,158,191,195,216,174,222,181,244,127,138,315,281,255,256,130,113,65,89,86,165,144,115,65,,,293,320,,,304,210,179,48,137,113,70,113,102,176,147,220,201,200,84,123,93,309,229,81,106,142,102,,312,,,303,307,240,104,321,131,29,323,328,299,333,313,323,297,340,296,341,154,124,335,344,341,333,303,277,153,281,191,138,179,256,308,315,240,238,314,90,98,45,37,,,199,191,,,304,122,150,342,303,327,281,159,180,39,335,320,329,307,307,224,190,193,247,240,321,222,123,59,,156,,,b'\x11\xe8\xe1I\xcb\xebv\xe4\xaf\x82\x12\xdf\x17\xaeN\x1e'
11E8E149-CBEB-76E4-AF82-12DF17AE4E1E,2014-ncaa-d0-natl,ncaa,33,27,53,30,80,47,42,46,62,31,35,69,205,197,198,266,44,25,278,25,104,44,45,99,109,96,279,289,124,15,12,76,59,32,19,75,189,222,98,107,46,38,139,130,,,257,209,,,78,78,141,269,54,46,82,31,64,231,231,58,36,38,58,75,13,132,29,92,145,57,159,,176,,,79,276,268,242,236,236,163,277,289,301,171,294,179,183,139,183,202,246,255,255,247,218,235,260,122,110,59,151,12,138,19,281,241,110,140,204,206,118,180,80,,,42,110,,,78,278,42,185,78,185,198,136,162,56,261,278,132,135,136,121,134,55,61,41,233,159,152,126,,57,,,b'\x11\xe8\xe1I\xcb\xebv\xe4\xaf\x82\x12\xdf\x17\xaeN\x1e'
11E8E149-CBEB-76E4-AF82-12DF17AE4E1E,2014-ncaa-d1-conf-Horizon,ncaa,3,3,3,3,3,5,2,2,5,2,2,5,9,9,9,9,4,2,9,2,8,2,2,7,7,8,9,9,5,1,1,8,3,1,1,3,5,5,4,6,2,1,2,2,,,6,7,,,3,3,6,3,5,2,3,1,1,9,9,6,3,3,3,2,1,8,2,4,5,2,2,,5,,,3,3,3,1,7,3,4,5,3,2,8,2,2,3,4,3,4,1,3,6,6,5,6,5,3,1,3,4,1,2,1,4,4,3,3,3,4,4,7,3,,,4,7,,,3,6,5,3,3,2,2,2,3,3,3,2,3,4,4,2,2,1,3,3,3,2,4,7,,5,,,b'\x11\xe8\xe1I\xcb\xebv\xe4\xaf\x82\x12\xdf\x17\xaeN\x1e'
11E8E149-CBEB-76E4-AF82-12DF17AE4E1E,2014-ncaa-d1-natl,ncaa,28,40,16,40,28,23,24,32,52,15,22,58,185,170,196,268,26,14,285,16,103,21,16,94,101,86,283,285,132,5,17,47,56,18,20,37,166,255,90,81,32,45,116,121,,,301,211,,,76,35,135,272,53,39,81,29,60,232,235,56,34,35,53,74,15,145,32,74,134,63,150,,184,,,79,326,320,303,235,280,224,273,311,314,193,284,254,235,235,235,202,302,301,262,261,233,244,256,142,146,56,218,17,191,20,320,261,83,149,213,241,109,205,72,,,17,98,,,76,318,37,196,78,201,200,139,159,65,260,264,159,147,146,129,134,52,66,41,246,160,140,130,,50,,,b'\x11\xe8\xe1I\xcb\xebv\xe4\xaf\x82\x12\xdf\x17\xaeN\x1e'
11E8E149-CBEB-76E4-AF82-12DF17AE4E1E,2015-ncaa-d0-natl,ncaa,188,131,283,169,292,270,220,219,215,129,115,192,323,300,337,299,279,214,338,218,277,215,222,271,289,277,330,322,236,46,10,253,31,128,20,238,226,142,187,213,93,38,204,107,,,207,334,,,152,301,237,52,212,134,73,48,25,319,288,246,135,148,84,61,4,164,17,175,228,52,183,,304,,,153,29,8,14,104,2,4,117,197,180,229,305,218,193,291,187,330,17,29,170,221,147,341,297,315,6,31,37,10,18,20,139,343,161,67,145,144,179,95,68,,,302,310,,,152,45,205,106,156,105,32,27,13,10,266,253,279,254,253,34,75,24,113,54,212,92,218,143,,259,,,b'\x11\xe8\xe1I\xcb\xebv\xe4\xaf\x82\x12\xdf\x17\xaeN\x1e'
11E8E149-CBEB-76E4-AF82-12DF17AE4E1E,2015-ncaa-d1-conf-Horizon,ncaa,6,6,6,6,6,8,7,3,7,2,1,8,9,9,9,9,7,5,9,5,8,5,4,9,9,9,9,9,6,1,1,7,1,3,1,8,7,6,5,8,3,2,5,3,,,9,9,,,6,8,6,1,8,5,3,1,1,9,9,7,4,4,3,1,1,6,1,8,8,1,3,,9,,,6,2,2,1,4,2,2,5,3,1,6,6,8,7,8,7,9,1,1,6,8,5,8,6,9,1,1,2,1,1,1,4,9,4,2,2,6,5,4,1,,,7,8,,,6,2,8,3,6,2,2,2,2,2,4,3,9,8,7,2,2,1,3,2,5,2,8,4,,7,,,b'\x11\xe8\xe1I\xcb\xebv\xe4\xaf\x82\x12\xdf\x17\xaeN\x1e'
11E8E149-CBEB-76E4-AF82-12DF17AE4E1E,2015-ncaa-d1-natl,ncaa,169,130,209,162,219,217,156,143,177,66,69,162,320,301,333,309,268,181,343,188,288,156,156,250,278,259,334,331,269,34,7,199,21,81,13,174,203,165,165,175,65,24,184,95,,,239,330,,,114,252,237,56,183,103,65,30,21,322,296,261,147,155,73,66,4,155,16,137,207,41,176,,281,,,107,34,12,18,81,3,4,97,223,216,205,311,218,190,309,190,325,22,44,140,193,117,341,306,311,7,21,51,7,13,13,156,343,121,55,125,181,179,115,63,,,288,315,,,114,85,176,70,117,67,22,21,11,7,252,256,252,221,216,27,64,16,95,37,203,83,217,142,,266,,,b'\x11\xe8\xe1I\xcb\xebv\xe4\xaf\x82\x12\xdf\x17\xaeN\x1e'
11E8E149-CBEB-76E4-AF82-12DF17AE4E1E,2016-ncaa-d0-natl,ncaa,221,228,175,231,209,205,158,124,234,99,83,199,291,235,330,260,278,259,287,256,315,147,130,272,290,272,326,294,280,25,12,182,68,87,34,88,47,215,197,124,172,140,101,49,,,320,346,,,197,211,189,198,215,130,66,77,49,296,237,285,263,264,97,74,11,168,37,59,238,166,102,,328,,,197,127,57,64,133,36,20,202,216,262,110,309,303,294,238,298,340,106,98,177,215,196,335,251,327,40,68,84,12,55,34,235,334,178,139,218,167,155,102,58,,,251,312,,,197,136,204,165,199,162,75,61,39,12,233,282,304,304,308,108,101,57,107,65,248,172,196,115,,263,,,b'\x11\xe8\xe1I\xcb\xebv\xe4\xaf\x82\x12\xdf\x17\xaeN\x1e'
11E8E149-CBEB-76E4-AF82-12DF17AE4E1E,2016-ncaa-d1-conf-Horizon,ncaa,10,10,7,10,10,10,9,7,9,5,2,9,10,10,10,10,9,10,8,10,10,9,6,9,9,10,10,10,7,1,1,8,3,2,2,7,3,9,9,8,8,5,5,3,,,10,10,,,8,9,6,9,10,7,3,3,2,10,10,9,8,9,5,4,1,6,2,6,10,7,4,,10,,,8,2,2,2,4,2,2,7,2,2,3,6,10,10,8,10,10,2,2,4,8,7,9,2,10,2,3,1,1,2,2,5,10,8,7,8,8,8,3,2,,,9,9,,,8,2,9,6,8,5,2,2,4,3,2,2,10,10,10,3,2,2,3,2,8,8,8,3,,8,,,b'\x11\xe8\xe1I\xcb\xebv\xe4\xaf\x82\x12\xdf\x17\xaeN\x1e'
11E8E149-CBEB-76E4-AF82-12DF17AE4E1E,2016-ncaa-d1-natl,ncaa,234,227,218,238,260,235,183,154,239,119,95,210,301,254,331,260,293,277,287,275,316,181,172,275,292,281,325,293,279,35,14,221,72,105,38,103,52,190,199,132,199,159,116,51,,,308,347,,,211,253,194,181,222,146,71,83,52,296,237,285,264,264,97,78,12,174,36,63,240,177,109,,330,,,211,108,40,33,147,23,9,211,204,242,119,307,295,286,239,289,343,64,59,186,225,207,335,249,327,24,72,62,14,36,38,219,334,212,148,226,145,155,85,62,,,276,312,,,211,99,215,179,214,173,85,61,43,12,235,280,306,303,307,114,101,59,111,68,255,184,194,115,,263,,,b'\x11\xe8\xe1I\xcb\xebv\xe4\xaf\x82\x12\xdf\x17\xaeN\x1e'
11E8E149-CBEB-76E4-AF82-12DF17AE4E1E,2017-ncaa-d0-natl,ncaa,328,332,234,333,260,311,263,237,282,199,178,225,312,245,343,218,344,275,349,273,289,246,180,307,327,335,330,278,321,118,100,313,309,244,246,233,157,332,337,312,65,49,291,280,,,307,334,,,334,200,94,166,312,252,181,169,134,309,227,340,251,254,213,59,64,316,211,217,342,38,287,,334,,,335,235,186,98,306,154,59,311,244,222,274,266,299,266,305,264,319,125,152,320,332,302,287,230,267,204,309,142,100,177,246,284,311,127,99,215,287,291,114,123,,,288,321,,,334,140,332,310,333,310,263,157,210,82,286,275,328,307,302,203,261,267,209,239,318,76,300,155,,274,,,b'\x11\xe8\xe1I\xcb\xebv\xe4\xaf\x82\x12\xdf\x17\xaeN\x1e'
11E8E149-CBEB-76E4-AF82-12DF17AE4E1E,2017-ncaa-d1-conf-Horizon,ncaa,10,10,3,10,3,9,6,7,7,4,2,6,10,9,10,10,10,7,10,8,10,7,1,9,10,10,10,9,9,3,4,8,9,7,7,5,5,10,10,9,2,4,8,6,,,10,10,,,10,2,3,3,9,8,8,4,2,10,9,10,6,7,8,2,3,10,8,6,10,3,8,,10,,,10,10,8,6,7,6,6,7,7,6,9,6,10,10,9,10,10,7,9,8,9,7,8,6,10,8,9,6,4,7,7,10,9,3,3,5,9,7,7,4,,,8,9,,,10,9,10,8,10,9,7,5,7,4,6,6,10,10,10,5,8,7,5,7,9,4,9,6,,10,,,b'\x11\xe8\xe1I\xcb\xebv\xe4\xaf\x82\x12\xdf\x17\xaeN\x1e'
11E8E149-CBEB-76E4-AF82-12DF17AE4E1E,2017-ncaa-d1-natl,ncaa,318,331,144,328,172,276,210,160,255,130,115,193,314,242,345,245,320,215,348,216,276,172,103,293,320,327,338,304,291,73,88,281,310,183,229,191,152,336,329,292,39,33,262,257,,,320,321,,,325,122,77,170,294,224,150,114,90,322,239,334,215,214,170,46,53,303,181,195,334,27,265,,331,,,323,287,226,163,288,183,103,298,264,248,256,260,317,289,303,287,312,188,238,307,323,278,283,228,266,260,310,207,88,238,229,314,317,82,87,204,297,270,134,114,,,241,318,,,325,216,320,291,322,297,249,171,207,96,277,273,319,295,295,206,277,277,208,244,319,60,294,156,,252,,,b'\x11\xe8\xe1I\xcb\xebv\xe4\xaf\x82\x12\xdf\x17\xaeN\x1e'
11E8E149-CBEB-76E4-AF82-12DF17AE4E1E,2018-ncaa-d0-natl,ncaa,310,295,295,314,309,324,304,260,321,256,185,315,311,284,320,244,319,298,312,298,312,280,256,327,332,333,294,252,233,109,67,331,283,284,203,246,107,288,309,288,145,94,167,100,,,268,333,,,302,289,141,180,312,291,159,223,107,297,250,307,271,273,190,87,48,326,207,209,321,94,125,,326,,,307,90,45,20,252,63,32,249,66,52,193,109,311,298,255,297,335,33,50,239,294,220,263,85,335,102,283,82,67,69,203,183,329,152,75,162,311,320,295,299,,,264,229,,,302,50,322,218,309,207,129,49,153,73,120,94,334,326,325,103,181,182,176,185,257,72,329,330,,185,,,b'\x11\xe8\xe1I\xcb\xebv\xe4\xaf\x82\x12\xdf\x17\xaeN\x1e'
11E8E149-CBEB-76E4-AF82-12DF17AE4E1E,2018-ncaa-d1-conf-Horizon,ncaa,10,10,7,10,7,10,8,4,10,6,2,10,10,10,10,10,10,10,10,10,10,5,3,10,10,10,10,9,10,4,6,10,8,7,7,8,5,10,9,10,5,5,2,2,,,9,10,,,9,5,4,3,10,8,3,5,2,10,10,10,10,10,4,3,2,10,6,6,10,5,1,,10,,,9,8,6,2,10,6,5,9,4,2,7,2,9,8,8,8,9,4,4,9,10,9,4,1,10,6,8,7,6,6,7,7,9,5,6,7,10,9,10,7,,,10,10,,,9,6,10,9,9,9,8,5,8,8,4,3,10,9,9,6,7,8,8,7,8,5,10,10,,10,,,b'\x11\xe8\xe1I\xcb\xebv\xe4\xaf\x82\x12\xdf\x17\xaeN\x1e'
11E8E149-CBEB-76E4-AF82-12DF17AE4E1E,2018-ncaa-d1-natl,ncaa,289,295,213,296,272,313,281,209,319,216,139,318,308,279,328,260,311,276,313,282,317,238,174,329,333,333,304,271,231,65,52,329,269,232,181,223,106,313,305,284,108,79,143,90,,,294,331,,,298,235,132,187,312,283,138,195,89,308,262,306,260,268,178,78,36,327,195,200,319,83,118,,322,,,295,125,61,24,252,84,53,236,82,59,230,105,326,317,268,319,336,48,92,240,297,206,271,95,337,102,269,123,52,102,181,224,331,93,61,135,318,311,316,299,,,236,232,,,298,110,321,199,301,190,113,42,125,69,119,83,333,328,328,84,178,148,177,169,253,58,325,329,,181,,,b'\x11\xe8\xe1I\xcb\xebv\xe4\xaf\x82\x12\xdf\x17\xaeN\x1e'
11E8E149-CBEB-76E4-AF82-12DF17AE4E1E,2019-ncaa-d0-natl,ncaa,342,344,249,345,263,347,347,316,344,318,225,346,336,322,333,283,308,252,325,254,222,316,280,347,347,349,270,280,90,314,323,277,339,310,343,320,136,327,347,342,173,172,124,92,,,130,135,,,350,248,123,166,350,349,326,319,176,335,320,303,233,234,327,225,308,257,312,324,336,137,97,,202,,,349,207,205,201,189,155,87,293,269,318,58,326,137,144,125,144,218,197,175,220,198,222,241,276,116,322,339,255,323,310,343,342,349,230,233,333,343,344,285,303,,,281,244,,,350,102,350,289,349,270,275,317,221,126,307,343,179,197,198,314,290,342,317,338,345,194,343,309,,264,,,b'\x11\xe8\xe1I\xcb\xebv\xe4\xaf\x82\x12\xdf\x17\xaeN\x1e'
11E8E149-CBEB-76E4-AF82-12DF17AE4E1E,2019-ncaa-d1-conf-Horizon,ncaa,10,10,9,10,9,10,10,9,10,10,5,10,10,10,8,10,9,9,9,9,8,10,9,10,10,10,9,9,6,9,9,9,9,9,9,9,7,10,10,10,7,5,2,3,,,1,1,,,10,10,5,3,10,10,9,9,4,10,10,9,9,9,10,5,9,9,9,9,10,6,2,,3,,,10,6,8,7,6,5,3,10,10,10,7,9,1,2,3,2,4,7,5,8,7,8,6,9,1,9,9,6,9,8,9,10,10,8,7,10,10,10,8,8,,,8,7,,,10,1,10,10,10,8,10,10,7,5,10,10,4,2,3,9,8,9,7,9,10,6,10,9,,8,,,b'\x11\xe8\xe1I\xcb\xebv\xe4\xaf\x82\x12\xdf\x17\xaeN\x1e'
11E8E149-CBEB-76E4-AF82-12DF17AE4E1E,2019-ncaa-d1-natl,ncaa,348,343,314,348,319,350,350,341,346,334,262,347,340,331,334,284,322,277,325,278,218,339,321,349,349,349,271,278,81,324,328,309,342,333,344,336,138,310,347,344,204,182,139,96,,,109,138,,,350,300,130,158,350,350,327,323,178,336,321,308,235,236,329,242,310,265,314,327,336,156,98,,211,,,350,165,176,162,203,132,50,298,260,307,65,325,113,124,130,126,221,151,113,236,218,239,239,276,114,310,342,224,328,294,344,336,349,264,244,339,339,345,274,311,,,302,242,,,350,52,350,298,350,282,283,317,233,127,312,344,183,205,207,315,288,344,319,340,346,208,344,314,,264,,,b'\x11\xe8\xe1I\xcb\xebv\xe4\xaf\x82\x12\xdf\x17\xaeN\x1e'
11E8E149-CBEB-76E4-AF82-12DF17AE4E1E,2020-ncaa-d0-natl,ncaa,333,344,87,341,133,342,339,256,347,245,97,348,346,333,348,330,286,196,341,195,243,249,129,350,351,351,329,332,101,298,331,165,341,232,342,321,228,348,348,349,181,253,101,101,,,315,227,,,351,59,52,165,350,349,319,276,97,346,337,301,201,206,308,137,307,189,272,336,348,195,107,,298,,,350,336,322,332,197,281,202,311,331,349,64,339,281,297,98,296,276,343,336,234,227,269,258,268,160,348,341,334,331,349,342,344,341,168,261,332,351,351,332,315,,,176,215,,,351,296,351,316,351,331,317,338,275,171,330,349,260,281,282,344,332,350,325,348,343,194,351,331,,200,,,b'\x11\xe8\xe1I\xcb\xebv\xe4\xaf\x82\x12\xdf\x17\xaeN\x1e'
11E8E149-CBEB-76E4-AF82-12DF17AE4E1E,2020-ncaa-d1-conf-Horizon,ncaa,10,10,7,10,8,10,10,10,10,7,3,10,10,10,10,10,10,6,10,7,9,10,6,10,10,10,10,10,3,9,9,9,10,9,10,10,5,10,10,10,6,8,4,3,,,10,8,,,10,3,1,3,10,10,9,7,2,10,10,10,6,7,9,4,9,9,9,10,10,5,3,,10,,,10,10,9,9,8,8,3,10,9,9,4,9,9,9,6,9,9,9,9,8,8,8,7,8,7,10,10,8,9,9,10,10,10,3,6,8,10,10,9,9,,,9,9,,,10,8,10,9,10,10,9,10,9,4,9,9,9,9,9,10,10,10,8,10,10,3,10,9,,7,,,b'\x11\xe8\xe1I\xcb\xebv\xe4\xaf\x82\x12\xdf\x17\xaeN\x1e'
11E8E149-CBEB-76E4-AF82-12DF17AE4E1E,2020-ncaa-d1-natl,ncaa,341,344,128,344,195,349,346,302,347,286,122,348,346,336,348,330,300,219,342,220,245,293,169,350,351,351,329,332,91,316,334,192,342,274,344,336,230,347,349,350,207,260,117,105,,,308,235,,,351,91,55,166,350,349,321,287,105,347,337,302,202,208,314,142,312,190,280,341,348,206,111,,301,,,350,331,313,322,209,270,176,313,330,349,67,339,263,285,100,285,280,335,324,246,233,285,259,267,161,348,342,325,334,345,344,342,340,202,275,334,351,351,330,319,,,215,212,,,351,267,351,323,351,335,320,340,286,173,332,349,262,283,283,346,332,350,332,348,343,203,351,331,,203,,,b'\x11\xe8\xe1I\xcb\xebv\xe4\xaf\x82\x12\xdf\x17\xaeN\x1e'
11E8E149-CBEB-76E4-AF82-12DF17AE4E1E,2021-ncaa-d0-natl,ncaa,318,296,273,323,275,280,277,283,204,269,279,195,249,263,210,191,252,188,342,188,35,280,272,208,245,281,169,190,141,296,298,308,319,306,334,267,141,196,315,290,155,69,220,162,,,135,280,,,316,259,53,115,263,265,282,232,222,221,225,207,48,48,229,110,287,332,336,213,323,48,160,,299,,,315,116,112,67,327,119,70,318,121,76,312,139,173,167,239,161,293,73,80,326,331,295,214,158,257,106,319,96,298,92,334,200,319,177,57,209,233,327,55,128,,,202,28,,,316,79,303,299,320,303,281,136,264,147,237,149,314,301,300,183,276,257,270,288,324,38,327,99,,19,,,b'\x11\xe8\xe1I\xcb\xebv\xe4\xaf\x82\x12\xdf\x17\xaeN\x1e'
11E8E149-CBEB-76E4-AF82-12DF17AE4E1E,2021-ncaa-d1-conf-Horizon,ncaa,10,11,10,11,10,11,11,10,9,11,10,9,11,11,8,10,9,6,12,6,2,10,10,9,9,10,10,9,6,11,11,11,10,11,11,9,5,7,12,10,7,3,4,4,,,4,6,,,11,10,2,5,9,10,11,10,7,11,10,9,5,5,7,3,9,11,11,6,12,2,4,,8,,,10,4,6,3,11,6,4,10,5,2,12,4,7,7,12,7,9,3,3,11,12,11,8,8,7,6,10,4,11,4,11,9,11,9,2,9,10,12,3,7,,,9,4,,,11,3,10,11,11,12,11,7,10,10,11,5,10,9,9,11,11,9,10,10,12,2,12,7,,3,,,b'\x11\xe8\xe1I\xcb\xebv\xe4\xaf\x82\x12\xdf\x17\xaeN\x1e'
11E8E149-CBEB-76E4-AF82-12DF17AE4E1E,2021-ncaa-d1-natl,ncaa,312,294,259,320,265,269,271,282,192,261,268,164,246,254,235,197,244,168,340,166,37,271,257,199,234,275,190,208,128,290,292,298,319,299,329,237,125,214,314,281,121,49,210,158,,,141,268,,,300,244,56,118,251,243,278,216,219,232,224,185,51,51,226,108,286,327,333,190,318,38,162,,285,,,304,117,110,78,311,123,79,304,120,85,291,146,187,184,213,176,293,82,94,314,325,258,212,151,257,124,319,111,292,107,329,200,317,145,41,171,254,327,73,137,,,190,34,,,300,95,298,271,308,281,253,119,251,128,202,150,306,294,294,169,274,251,257,282,316,26,328,112,,21,,,b'\x11\xe8\xe1I\xcb\xebv\xe4\xaf\x82\x12\xdf\x17\xaeN\x1e'
11E8E149-CBEB-76E4-AF82-12DF17AE4E1E,2022-ncaa-d0-natl,ncaa,345,345,260,349,277,327,343,340,326,320,302,315,328,313,328,272,157,97,320,96,13,319,305,333,316,330,169,287,5,332,334,350,353,353,354,328,198,236,325,334,134,89,224,178,,,209,293,,,341,287,226,185,342,352,353,327,277,327,312,93,46,44,335,304,332,353,354,328,288,97,203,,295,,,339,143,125,61,301,111,53,307,194,158,287,249,210,199,244,200,291,68,95,312,320,262,258,225,244,252,353,140,334,175,354,294,343,132,63,231,240,319,223,308,,,170,25,,,341,71,341,300,340,254,220,105,185,78,262,227,268,267,267,135,215,310,253,292,329,60,286,278,,76,,,b'\x11\xe8\xe1I\xcb\xebv\xe4\xaf\x82\x12\xdf\x17\xaeN\x1e'
11E8E149-CBEB-76E4-AF82-12DF17AE4E1E,2022-ncaa-d1-conf-Horizon,ncaa,11,12,5,12,6,11,12,12,12,8,8,11,11,11,12,11,2,2,11,2,3,9,8,12,10,11,8,11,1,11,11,11,12,10,12,11,7,11,11,12,1,3,6,7,,,12,12,,,12,3,4,5,12,12,12,10,8,11,11,2,2,2,11,7,12,12,12,12,11,2,6,,12,,,11,11,10,9,10,8,5,10,11,9,12,7,12,12,4,12,12,10,12,11,11,8,11,9,11,12,12,9,11,12,12,12,12,1,2,9,11,11,10,11,,,2,2,,,12,10,12,9,12,10,9,8,7,4,10,8,11,12,12,9,9,11,11,11,12,1,11,10,,2,,,b'\x11\xe8\xe1I\xcb\xebv\xe4\xaf\x82\x12\xdf\x17\xaeN\x1e'
11E8E149-CBEB-76E4-AF82-12DF17AE4E1E,2022-ncaa-d1-natl,ncaa,350,344,304,351,315,346,350,352,334,338,324,320,337,325,334,269,177,116,322,115,14,342,335,335,320,331,164,286,4,347,338,354,354,354,355,343,204,208,331,338,163,101,243,181,,,179,295,,,344,324,232,177,344,352,353,332,279,331,315,94,47,44,340,315,340,355,354,338,288,106,206,,295,,,345,121,99,34,310,90,35,318,177,128,290,245,193,175,252,177,294,41,49,322,327,277,259,225,237,227,354,99,338,136,355,275,342,159,74,244,210,326,208,317,,,201,18,,,344,36,344,312,344,266,233,107,192,83,271,220,273,271,271,144,214,312,256,297,334,70,292,285,,74,,,b'\x11\xe8\xe1I\xcb\xebv\xe4\xaf\x82\x12\xdf\x17\xaeN\x1e'
11E8E149-CBEB-76E4-AF82-12DF17AE4E1E,2023-ncaa-d0-natl,ncaa,102,203,10,161,11,125,171,128,229,158,120,228,200,196,231,237,22,10,302,11,11,100,79,236,216,216,126,244,9,75,81,127,117,96,91,90,22,300,230,159,149,188,189,224,,,337,336,,,184,88,359,163,304,338,356,305,299,278,294,78,40,41,334,347,171,325,297,187,135,261,263,,219,,,182,279,281,258,236,299,245,261,161,213,94,162,239,261,64,251,213,255,266,224,200,186,90,109,182,130,117,215,81,190,91,275,218,102,141,200,178,115,283,252,,,4,1,,,184,276,195,148,179,35,48,6,101,36,56,68,89,120,112,7,3,20,23,9,109,244,54,198,,11,,,b'\x11\xe8\xe1I\xcb\xebv\xe4\xaf\x82\x12\xdf\x17\xaeN\x1e'
11E8E149-CBEB-76E4-AF82-12DF17AE4E1E,2023-ncaa-d1-conf-MVC,ncaa,6,6,3,6,5,10,11,11,12,11,11,12,10,9,12,8,2,2,11,2,3,9,10,12,12,11,6,10,1,3,3,11,6,9,5,8,2,6,7,8,5,5,9,7,,,9,10,,,8,12,12,4,12,12,11,11,9,11,10,3,1,2,10,11,2,12,10,8,6,6,9,,9,,,8,1,2,1,6,4,2,6,2,2,3,7,3,4,1,4,7,1,1,6,6,5,5,4,5,3,6,3,3,2,5,4,7,7,1,4,4,6,11,10,,,2,1,,,8,1,9,5,8,1,2,1,4,1,2,2,3,4,4,1,1,3,2,3,5,6,4,11,,2,,,b'\x11\xe8\xe1I\xcb\xebv\xe4\xaf\x82\x12\xdf\x17\xaeN\x1e'
11E8E149-CBEB-76E4-AF82-12DF17AE4E1E,2023-ncaa-d1-natl,ncaa,114,203,11,169,12,155,213,167,240,189,151,243,219,209,235,241,25,13,303,14,11,122,98,244,222,229,125,242,6,90,86,161,125,122,108,104,24,282,235,165,185,208,204,228,,,334,337,,,203,108,359,163,316,341,359,315,302,287,298,79,39,41,336,348,185,335,307,202,142,274,271,,227,,,203,256,264,223,254,282,223,277,151,186,101,163,222,245,71,238,218,227,241,238,218,213,90,109,184,103,125,180,86,153,108,268,220,131,151,211,157,117,280,262,,,4,1,,,203,255,213,171,199,42,55,7,112,37,63,68,95,122,112,8,3,23,25,8,127,258,56,208,,12,,,b'\x11\xe8\xe1I\xcb\xebv\xe4\xaf\x82\x12\xdf\x17\xaeN\x1e'
11E8E149-CBEB-76E4-AF82-12DF17AE4E1E,2024-ncaa-d0-natl,ncaa,127,176,29,157,33,62,73,87,80,36,45,64,260,222,303,300,9,4,287,4,22,52,30,129,115,141,283,331,28,68,88,71,115,56,82,56,75,343,224,146,43,83,274,328,,,346,278,,,118,25,78,68,96,115,206,48,110,301,279,15,11,10,103,71,124,136,119,64,274,76,317,,292,,,120,314,314,308,215,309,327,139,272,198,324,100,246,230,304,235,104,307,327,212,214,154,150,185,155,217,115,243,88,247,82,316,262,30,84,154,287,172,318,227,,,4,5,,,118,338,139,125,123,208,220,212,227,275,190,111,166,147,152,201,259,122,94,84,270,77,212,267,,5,,,b'\x11\xe8\xe1I\xcb\xebv\xe4\xaf\x82\x12\xdf\x17\xaeN\x1e'
11E8E149-CBEB-76E4-AF82-12DF17AE4E1E,2024-ncaa-d1-conf-MVC,ncaa,7,7,3,7,3,7,7,10,7,5,6,6,12,10,11,10,2,1,12,1,2,8,6,8,8,7,11,12,1,6,6,6,7,6,5,7,5,8,7,8,7,7,11,11,,,7,8,,,7,8,9,2,7,7,10,5,6,12,11,2,1,1,9,8,6,6,5,8,8,8,11,,6,,,7,3,6,6,5,5,9,4,7,4,12,4,3,3,1,3,3,5,7,4,4,5,5,8,3,5,7,3,6,3,5,6,10,3,3,5,6,7,6,6,,,1,1,,,7,5,7,4,7,3,4,6,5,8,6,4,3,3,3,5,5,5,3,3,6,3,6,7,,1,,,b'\x11\xe8\xe1I\xcb\xebv\xe4\xaf\x82\x12\xdf\x17\xaeN\x1e'
11E8E149-CBEB-76E4-AF82-12DF17AE4E1E,2024-ncaa-d1-natl,ncaa,137,177,38,166,43,79,97,113,90,42,59,76,282,245,313,303,11,5,291,5,22,63,41,137,125,152,282,334,25,94,104,94,128,76,95,68,82,329,235,164,60,94,294,335,,,339,285,,,141,38,83,67,106,126,220,54,112,307,283,17,11,11,113,78,135,147,132,74,279,86,326,,299,,,143,301,302,294,234,299,315,155,259,169,329,98,232,207,309,212,109,287,320,227,231,180,145,187,152,198,128,209,104,207,95,312,269,47,100,174,275,185,311,236,,,4,3,,,141,327,154,146,145,227,238,217,239,280,196,110,176,149,154,206,260,130,101,91,276,82,218,274,,5,,,b'\x11\xe8\xe1I\xcb\xebv\xe4\xaf\x82\x12\xdf\x17\xaeN\x1e'
11E8E149-CBEB-76E4-AF82-12DF17AE4E1E,2025-ncaa-d0-natl,genius_ncaa,184,227,90,208,132,129,121,140,122,98,87,168,211,260,103,286,167,153,227,151,227,140,147,146,153,136,267,246,197,135,119,223,45,193,100,104,104,122,127,103,119,92,205,206,,,230,275,,288,152,154,269,355,161,139,204,110,111,238,292,202,186,181,198,241,167,301,264,114,104,134,226,,178,,273,153,201,221,127,328,262,179,309,138,84,274,101,177,179,172,177,197,128,148,318,316,272,102,110,166,16,45,155,119,68,100,293,298,155,122,237,62,58,53,29,,,101,73,,134,152,199,120,203,159,143,168,34,210,100,99,53,151,144,143,34,28,6,90,28,264,178,48,47,,119,,158,b'\x11\xe8\xe1I\xcb\xebv\xe4\xaf\x82\x12\xdf\x17\xaeN\x1e'
11E8E149-CBEB-76E4-AF82-12DF17AE4E1E,2025-ncaa-d1-conf-MVC,genius_ncaa,7,7,3,7,8,7,7,8,7,6,4,8,11,11,8,9,9,8,10,8,11,8,8,8,8,7,11,10,8,4,2,11,7,8,6,6,6,5,7,7,6,4,5,6,,,6,11,,8,7,12,12,12,8,8,9,6,5,11,12,10,8,9,9,9,4,12,9,6,6,4,6,,7,,8,7,3,4,1,8,7,3,7,2,1,7,1,2,3,2,3,4,1,1,8,6,5,4,4,5,3,7,2,2,2,6,6,8,5,2,6,2,5,1,2,,,5,5,,5,7,1,7,4,7,3,4,1,7,3,2,1,2,4,4,1,1,3,2,2,6,5,4,2,,5,,4,b'\x11\xe8\xe1I\xcb\xebv\xe4\xaf\x82\x12\xdf\x17\xaeN\x1e'
11E8E149-CBEB-76E4-AF82-12DF17AE4E1E,2025-ncaa-d1-natl,genius_ncaa,193,226,113,219,170,152,138,175,131,121,108,179,228,272,107,285,188,173,228,170,226,175,189,155,165,143,262,246,196,168,131,263,48,230,116,124,109,108,130,108,135,103,222,218,,,203,278,,280,167,197,273,355,180,155,228,125,115,242,293,206,183,180,213,255,176,313,276,128,105,145,233,,182,,277,168,180,196,90,336,246,145,317,124,65,283,100,165,161,176,158,196,83,101,328,326,293,102,112,164,9,48,124,131,43,116,283,300,184,132,252,51,62,46,30,,,118,71,,141,167,153,126,221,175,160,178,35,226,103,107,55,153,146,144,37,27,7,89,31,272,190,51,49,,114,,157,b'\x11\xe8\xe1I\xcb\xebv\xe4\xaf\x82\x12\xdf\x17\xaeN\x1e'
11E8E149-CBEB-76E4-AF82-12DF17AE4E1E,2026-ncaa-d0-natl,genius_ncaa,123,198,49,171,73,133,111,112,138,83,57,173,242,252,196,324,143,106,313,99,214,105,123,178,208,171,341,315,202,134,182,94,227,114,180,124,185,171,106,126,217,294,154,200,,,239,161,,245,174,120,314,97,223,180,239,105,97,312,330,232,167,156,219,308,219,159,186,173,73,303,220,,131,,181,174,246,277,291,137,240,248,154,317,324,178,309,70,174,1,168,104,279,267,170,98,133,192,316,22,313,227,242,182,279,180,300,272,154,241,258,199,138,94,35,,,87,109,,37,174,245,176,166,174,108,164,200,112,99,271,283,26,85,77,158,95,243,118,164,230,262,107,46,,173,,65,b'\x11\xe8\xe1I\xcb\xebv\xe4\xaf\x82\x12\xdf\x17\xaeN\x1e'
11E8E149-CBEB-76E4-AF82-12DF17AE4E1E,2026-ncaa-d1-conf-MVC,genius_ncaa,1,1,1,1,1,2,1,1,2,1,1,2,4,3,4,4,2,1,2,1,3,1,1,2,2,2,4,4,1,1,1,1,2,1,1,1,2,1,1,1,2,2,4,4,,,4,4,,4,1,4,1,1,2,1,1,1,1,4,3,2,1,1,1,1,1,1,1,1,1,2,4,,4,,4,1,1,1,2,1,1,2,2,2,3,2,3,1,2,1,1,3,2,3,1,1,1,2,3,1,2,2,2,1,1,1,1,4,1,1,1,1,1,3,2,,,4,4,,2,1,4,2,1,1,1,1,2,1,2,2,3,1,2,1,2,3,2,2,1,1,1,1,3,,4,,2,b'\x11\xe8\xe1I\xcb\xebv\xe4\xaf\x82\x12\xdf\x17\xaeN\x1e'
11E8E149-CBEB-76E4-AF82-12DF17AE4E1E,2026-ncaa-d1-natl,genius_ncaa,163,195,85,192,117,196,165,176,162,113,87,202,287,297,215,328,185,144,315,138,210,165,186,206,232,205,338,318,186,198,216,138,247,168,205,183,201,127,114,147,290,322,198,221,,,196,189,,226,212,181,322,100,257,215,275,133,112,322,339,244,180,171,255,320,251,191,231,216,79,325,234,,140,,194,212,206,239,243,178,199,187,188,304,307,204,309,47,127,1,122,109,230,211,203,126,180,193,315,21,288,247,196,216,242,205,282,280,229,273,290,157,153,65,39,,,121,91,,45,212,185,212,209,212,140,204,207,137,110,288,289,28,92,84,172,92,261,138,185,258,286,111,44,,172,,60,b'\x11\xe8\xe1I\xcb\xebv\xe4\xaf\x82\x12\xdf\x17\xaeN\x1e'
11E8E149-CBEF-715E-AF82-12DF17AE4E1E,2010-ncaa-d0-natl,ncaa,197,202,178,205,226,249,249,255,212,278,310,152,104,69,224,28,303,319,90,320,236,275,285,173,187,187,76,47,274,332,337,153,255,261,317,231,179,87,187,188,337,340,202,182,,,73,87,,,268,243,244,283,262,260,266,292,320,85,49,303,323,322,292,309,335,110,284,225,118,337,206,,86,,,266,161,178,210,103,94,99,150,307,322,144,326,84,106,60,104,163,192,134,157,123,230,287,320,70,269,255,234,337,261,317,270,290,323,331,330,99,190,101,213,,,295,242,,,268,92,239,288,271,203,209,285,111,101,318,331,96,117,116,258,161,295,273,295,282,324,130,114,,307,,,b'\x11\xe8\xe1I\xcb\xefq^\xaf\x82\x12\xdf\x17\xaeN\x1e'
11E8E149-CBEF-715E-AF82-12DF17AE4E1E,2010-ncaa-d1-conf-America East,ncaa,5,4,6,5,7,7,7,9,5,9,9,4,6,3,7,1,9,9,1,9,6,9,9,5,4,6,2,3,7,9,9,9,9,9,9,7,4,4,8,6,9,8,4,4,,,5,7,,,6,9,8,4,7,7,9,9,9,4,2,8,9,9,9,9,9,8,9,6,6,8,4,,7,,,6,3,4,3,5,3,2,5,7,6,5,8,4,4,1,4,7,5,1,5,5,8,8,7,4,8,9,3,9,5,9,7,9,8,8,8,3,7,4,4,,,9,8,,,6,1,6,8,7,5,6,5,5,5,7,7,4,6,6,6,3,9,5,7,8,8,5,4,,8,,,b'\x11\xe8\xe1I\xcb\xefq^\xaf\x82\x12\xdf\x17\xaeN\x1e'
11E8E149-CBEF-715E-AF82-12DF17AE4E1E,2010-ncaa-d1-natl,ncaa,206,202,191,208,258,264,261,276,217,299,322,157,107,73,228,27,310,324,89,325,234,297,310,181,190,187,75,47,269,335,337,170,259,282,320,243,180,73,189,190,340,340,213,184,,,60,88,,,273,265,245,285,271,265,268,296,320,86,49,303,324,324,294,309,335,115,288,235,116,338,209,,85,,,273,148,163,199,109,85,83,151,304,316,147,325,74,97,63,95,160,180,116,162,127,238,287,320,70,262,259,221,337,246,320,264,290,329,333,332,93,193,97,217,,,309,241,,,273,67,242,300,277,211,212,285,115,102,322,331,100,119,117,259,160,295,276,296,288,324,127,116,,308,,,b'\x11\xe8\xe1I\xcb\xefq^\xaf\x82\x12\xdf\x17\xaeN\x1e'
11E8E149-CBEF-715E-AF82-12DF17AE4E1E,2011-ncaa-d0-natl,ncaa,85,83,77,91,90,212,238,240,201,223,224,197,201,188,207,151,139,193,47,194,140,246,245,201,169,184,130,165,90,300,306,152,258,244,289,190,92,138,214,178,190,200,87,66,,,107,93,,,149,209,317,125,282,290,327,277,287,219,218,175,247,251,322,327,324,227,312,218,100,224,103,,58,,,149,59,38,168,15,20,114,9,220,231,177,251,153,148,203,152,196,155,172,24,27,36,324,291,229,278,258,190,306,243,289,75,193,139,135,86,154,212,38,60,,,168,77,,,149,139,221,68,147,32,20,76,10,42,197,197,122,114,114,65,57,246,119,170,45,183,129,24,,226,,,b'\x11\xe8\xe1I\xcb\xefq^\xaf\x82\x12\xdf\x17\xaeN\x1e'
11E8E149-CBEF-715E-AF82-12DF17AE4E1E,2011-ncaa-d1-conf-America East,ncaa,1,1,3,1,3,4,5,7,3,5,7,3,4,7,4,6,1,3,2,4,3,6,8,4,3,3,3,4,3,8,6,6,6,7,6,3,3,4,5,3,5,5,1,1,,,4,4,,,3,6,8,3,4,6,9,4,6,4,7,2,4,4,8,8,8,5,8,3,4,5,1,,4,,,3,3,1,5,1,1,4,1,6,6,4,6,6,6,9,6,6,4,5,2,2,2,9,8,8,7,6,3,6,4,6,3,6,5,5,3,5,6,2,4,,,3,2,,,3,4,3,3,3,3,1,5,1,3,4,6,7,4,4,3,4,8,1,3,2,5,5,1,,2,,,b'\x11\xe8\xe1I\xcb\xefq^\xaf\x82\x12\xdf\x17\xaeN\x1e'
11E8E149-CBEF-715E-AF82-12DF17AE4E1E,2011-ncaa-d1-natl,ncaa,90,82,95,95,109,238,253,263,209,245,256,201,210,199,208,149,154,205,47,210,138,269,276,206,172,186,127,164,88,308,308,180,261,260,295,203,95,120,218,187,207,204,93,68,,,89,95,,,156,246,317,121,285,294,329,282,290,218,214,175,247,251,324,327,324,230,313,228,98,232,103,,58,,,156,41,26,140,16,12,93,9,210,219,184,252,147,141,204,146,195,130,142,29,31,38,322,288,228,268,261,168,308,226,295,59,192,160,143,89,139,213,35,61,,,187,72,,,156,102,223,75,155,33,22,78,11,43,199,198,122,115,115,66,57,247,118,173,48,192,130,25,,225,,,b'\x11\xe8\xe1I\xcb\xefq^\xaf\x82\x12\xdf\x17\xaeN\x1e'
11E8E149-CBEF-715E-AF82-12DF17AE4E1E,2012-ncaa-d0-natl,ncaa,139,153,81,152,112,150,131,144,148,126,150,129,171,147,226,158,183,169,212,168,191,150,186,163,163,119,210,179,206,204,250,184,208,195,254,140,152,36,46,63,129,125,228,234,,,100,81,,,145,175,287,262,198,178,213,154,205,181,168,230,215,211,225,296,249,271,283,172,24,152,245,,48,,,145,161,149,153,178,134,146,133,217,163,271,181,163,171,116,170,187,155,163,191,189,167,231,237,169,182,208,264,250,237,254,238,285,141,126,189,105,135,59,51,,,176,153,,,145,165,130,170,146,95,109,65,84,73,185,125,125,137,133,62,66,149,189,173,201,186,86,45,,242,,,b'\x11\xe8\xe1I\xcb\xefq^\xaf\x82\x12\xdf\x17\xaeN\x1e'
11E8E149-CBEF-715E-AF82-12DF17AE4E1E,2012-ncaa-d1-conf-America East,ncaa,3,4,1,4,1,1,1,1,1,1,1,1,6,5,7,6,3,2,7,2,5,1,1,1,2,2,8,7,5,3,5,4,4,4,7,1,7,4,2,2,2,3,2,3,,,5,2,,,4,1,2,4,1,1,2,1,1,7,5,5,3,3,2,2,3,6,7,2,2,4,2,,4,,,4,9,9,8,8,8,7,7,9,8,9,4,6,6,9,6,5,8,9,8,8,7,7,8,4,5,4,9,5,8,7,9,9,2,3,5,6,4,6,3,,,2,5,,,4,9,2,7,4,6,8,4,6,4,9,4,6,5,6,4,6,3,6,5,8,2,4,4,,4,,,b'\x11\xe8\xe1I\xcb\xefq^\xaf\x82\x12\xdf\x17\xaeN\x1e'
11E8E149-CBEF-715E-AF82-12DF17AE4E1E,2012-ncaa-d1-natl,ncaa,143,153,90,158,129,172,160,173,157,141,173,135,175,151,227,157,194,181,210,180,191,176,227,167,172,119,208,177,200,224,255,214,214,227,261,159,158,28,47,67,149,131,240,238,,,82,87,,,151,209,288,262,204,186,217,162,211,185,168,231,218,215,231,297,251,276,288,182,24,161,249,,51,,,152,142,131,124,188,117,126,140,208,146,277,177,150,157,120,155,190,124,133,194,194,180,232,235,171,166,214,246,255,215,261,226,285,161,130,200,90,135,50,55,,,193,148,,,151,133,134,183,153,102,115,66,89,75,186,127,131,140,136,63,64,154,189,176,210,196,86,43,,245,,,b'\x11\xe8\xe1I\xcb\xefq^\xaf\x82\x12\xdf\x17\xaeN\x1e'
11E8E149-CBEF-715E-AF82-12DF17AE4E1E,2013-ncaa-d0-natl,ncaa,273,265,251,277,277,307,322,296,316,325,292,305,212,183,253,116,223,186,280,186,59,283,313,304,303,271,68,122,74,330,336,286,311,320,340,330,309,36,122,285,245,231,260,246,,,24,37,,,322,292,231,161,303,321,271,316,276,190,147,190,139,137,258,293,323,254,318,332,68,226,239,,42,,,323,195,223,150,281,195,97,290,256,234,234,270,56,76,70,79,127,127,87,292,259,289,177,274,56,246,311,286,336,282,340,235,229,294,283,306,117,214,52,125,,,216,63,,,322,53,302,321,325,268,286,255,259,160,293,284,95,123,129,229,172,304,326,330,287,271,161,74,,169,,,b'\x11\xe8\xe1I\xcb\xefq^\xaf\x82\x12\xdf\x17\xaeN\x1e'
11E8E149-CBEF-715E-AF82-12DF17AE4E1E,2013-ncaa-d1-conf-America East,ncaa,6,4,5,6,5,4,6,4,8,6,6,8,6,5,6,5,3,2,6,2,2,4,7,7,6,6,1,4,1,6,8,5,9,7,9,9,9,2,2,6,4,6,2,2,,,3,3,,,7,5,4,5,5,7,3,8,4,5,5,2,2,2,2,6,8,7,8,9,2,4,2,,3,,,7,9,9,9,8,9,7,8,7,7,3,6,5,6,7,6,4,6,6,8,7,8,3,4,3,9,9,9,8,9,9,8,5,5,6,6,3,5,5,4,,,4,1,,,7,5,6,8,7,8,8,8,8,7,7,8,5,6,6,7,8,9,9,9,8,6,3,4,,2,,,b'\x11\xe8\xe1I\xcb\xefq^\xaf\x82\x12\xdf\x17\xaeN\x1e'
11E8E149-CBEF-715E-AF82-12DF17AE4E1E,2013-ncaa-d1-natl,ncaa,270,265,210,271,254,295,309,271,311,312,279,299,204,166,261,116,223,182,284,180,74,258,296,301,302,270,87,126,92,310,333,267,299,313,336,328,314,36,103,273,228,220,255,251,,,27,38,,,318,271,231,172,295,312,251,305,269,190,141,204,150,150,242,283,306,244,306,331,62,219,246,,41,,,319,204,234,176,274,191,91,272,287,258,264,285,56,81,48,81,126,147,102,294,258,284,205,287,47,243,299,303,333,296,336,246,231,277,274,299,119,192,48,114,,,211,71,,,318,74,299,310,318,256,273,238,232,133,300,287,78,105,107,218,158,282,327,328,282,262,144,71,,173,,,b'\x11\xe8\xe1I\xcb\xefq^\xaf\x82\x12\xdf\x17\xaeN\x1e'
11E8E149-CBEF-715E-AF82-12DF17AE4E1E,2014-ncaa-d0-natl,ncaa,342,332,297,343,303,347,344,348,199,333,345,76,309,269,340,97,344,345,218,345,246,348,347,218,241,316,251,184,266,349,348,266,263,339,324,286,47,237,348,299,315,273,245,150,,,14,72,,,330,344,342,85,345,344,349,325,342,294,220,342,341,341,349,346,349,168,340,261,311,297,216,,41,,,330,19,17,50,49,2,6,21,322,294,331,345,14,33,18,34,193,28,8,141,91,187,347,348,59,175,263,23,348,42,324,234,348,342,323,347,223,343,2,18,,,338,141,,,330,6,342,255,336,83,69,163,7,13,344,337,46,79,81,126,35,285,96,165,308,338,294,3,,332,,,b'\x11\xe8\xe1I\xcb\xefq^\xaf\x82\x12\xdf\x17\xaeN\x1e'
11E8E149-CBEF-715E-AF82-12DF17AE4E1E,2014-ncaa-d1-conf-America East,ncaa,8,8,5,8,5,8,8,9,4,8,9,4,7,7,9,5,7,6,5,6,1,9,9,5,4,7,7,6,3,9,8,5,8,8,7,8,3,7,9,7,8,7,2,1,,,2,4,,,6,9,9,2,8,8,9,8,9,7,6,7,7,7,9,9,9,3,9,8,8,7,1,,2,,,6,3,2,5,2,2,1,2,9,9,9,9,2,2,1,2,5,4,1,3,2,5,9,9,2,9,8,2,8,5,7,8,9,9,9,9,4,7,1,1,,,6,3,,,6,1,8,6,8,4,3,7,2,3,9,9,2,3,3,6,2,8,3,6,8,9,6,1,,7,,,b'\x11\xe8\xe1I\xcb\xefq^\xaf\x82\x12\xdf\x17\xaeN\x1e'
11E8E149-CBEF-715E-AF82-12DF17AE4E1E,2014-ncaa-d1-natl,ncaa,341,331,307,341,316,348,345,349,203,336,348,72,294,248,337,86,346,345,205,345,241,349,349,214,230,316,230,167,275,349,348,258,257,342,325,278,28,249,348,296,313,277,234,138,,,12,70,,,329,344,342,86,346,344,349,329,344,280,207,342,343,343,349,347,349,175,343,260,309,300,208,,40,,,329,19,18,52,52,2,3,23,329,304,326,345,15,32,19,37,196,32,13,145,94,185,347,348,59,176,257,30,348,68,325,251,348,343,316,346,222,343,2,18,,,338,131,,,329,6,342,249,335,73,62,149,6,12,345,340,42,79,78,106,32,276,108,170,310,334,278,2,,329,,,b'\x11\xe8\xe1I\xcb\xefq^\xaf\x82\x12\xdf\x17\xaeN\x1e'
11E8E149-CBEF-715E-AF82-12DF17AE4E1E,2015-ncaa-d0-natl,ncaa,242,256,172,251,229,246,254,222,246,190,149,252,285,273,289,264,132,102,256,106,117,202,219,279,268,244,241,278,48,301,330,273,311,300,340,308,315,101,143,273,119,119,256,249,,,320,333,,,274,180,104,283,255,267,230,182,137,287,272,115,80,83,196,227,300,290,317,327,129,104,258,,335,,,270,184,80,94,115,75,106,103,150,141,210,137,341,336,273,337,339,162,210,126,214,155,321,136,344,249,311,295,330,292,340,214,329,99,90,140,64,96,119,111,,,111,40,,,274,190,289,185,260,214,88,80,88,108,169,155,341,339,340,208,277,280,314,322,238,73,85,129,,70,,,b'\x11\xe8\xe1I\xcb\xefq^\xaf\x82\x12\xdf\x17\xaeN\x1e'
11E8E149-CBEF-715E-AF82-12DF17AE4E1E,2015-ncaa-d1-conf-America East,ncaa,6,7,3,7,3,4,6,3,7,3,2,6,7,6,8,7,3,2,9,2,2,2,3,7,8,7,6,7,3,9,9,7,8,7,8,9,9,4,3,7,3,4,3,5,,,9,9,,,7,2,1,4,7,7,4,4,3,7,7,3,2,2,3,4,9,8,9,9,5,4,3,,9,,,7,7,5,7,6,5,5,5,6,6,4,6,9,9,6,9,9,7,9,6,7,5,8,4,9,7,8,9,9,8,8,6,7,2,3,3,4,4,5,5,,,2,4,,,7,8,8,5,7,6,4,4,4,4,3,5,8,9,9,6,8,6,9,8,6,2,4,5,,3,,,b'\x11\xe8\xe1I\xcb\xefq^\xaf\x82\x12\xdf\x17\xaeN\x1e'
11E8E149-CBEF-715E-AF82-12DF17AE4E1E,2015-ncaa-d1-natl,ncaa,243,255,143,253,198,227,233,218,234,164,133,234,286,276,283,269,132,101,260,104,126,194,195,268,259,238,259,286,57,304,330,258,303,303,337,300,301,124,159,265,101,104,248,242,,,323,331,,,273,143,75,285,248,248,224,160,123,288,278,116,80,82,192,210,306,273,317,309,143,83,247,,335,,,272,216,79,103,130,73,119,104,177,153,239,144,343,339,265,339,338,197,235,141,221,162,322,150,343,250,303,304,330,305,337,259,332,84,84,144,85,101,133,114,,,99,48,,,273,218,285,177,266,228,96,90,89,110,186,160,341,339,340,217,291,279,312,319,255,62,103,134,,71,,,b'\x11\xe8\xe1I\xcb\xefq^\xaf\x82\x12\xdf\x17\xaeN\x1e'
11E8E149-CBEF-715E-AF82-12DF17AE4E1E,2016-ncaa-d0-natl,ncaa,119,137,76,138,77,206,211,153,284,161,111,268,285,233,326,253,128,148,95,143,193,154,177,299,282,238,248,288,55,267,302,125,83,186,251,231,220,89,93,177,56,49,321,315,,,44,28,,,193,137,282,9,290,284,243,206,149,306,262,156,196,191,238,292,299,185,279,274,57,66,333,,18,,,191,125,125,168,111,64,73,138,291,300,196,332,74,65,244,55,110,140,199,162,145,88,300,328,81,101,83,309,302,264,251,312,345,61,53,200,35,39,190,137,,,166,160,,,193,216,271,77,187,63,73,72,29,18,269,289,49,40,37,44,72,62,269,180,286,69,27,157,,235,,,b'\x11\xe8\xe1I\xcb\xefq^\xaf\x82\x12\xdf\x17\xaeN\x1e'
11E8E149-CBEF-715E-AF82-12DF17AE4E1E,2016-ncaa-d1-conf-America East,ncaa,5,3,5,5,5,4,3,4,6,3,3,6,8,5,9,7,3,3,4,3,3,4,5,6,5,4,7,8,2,7,7,6,6,7,6,6,7,2,3,4,4,4,8,7,,,3,2,,,4,5,4,2,3,4,2,2,3,8,6,3,3,3,2,4,7,5,7,7,3,2,7,,4,,,4,6,4,4,6,2,2,4,9,8,8,8,6,5,8,5,5,3,6,7,7,5,8,8,5,7,6,8,7,7,6,9,9,5,4,8,1,2,6,5,,,4,2,,,4,5,4,5,4,6,5,6,3,4,9,9,6,6,6,5,6,6,8,7,9,4,3,7,,3,,,b'\x11\xe8\xe1I\xcb\xefq^\xaf\x82\x12\xdf\x17\xaeN\x1e'
11E8E149-CBEF-715E-AF82-12DF17AE4E1E,2016-ncaa-d1-natl,ncaa,134,137,99,146,99,236,244,192,291,188,135,272,294,253,328,254,145,165,92,159,189,190,210,303,286,245,245,286,51,285,312,150,92,223,265,253,225,62,97,183,69,51,329,322,,,30,28,,,206,180,287,7,297,293,250,211,154,306,263,154,196,188,246,295,304,194,287,285,60,73,335,,20,,,204,104,98,126,129,47,47,152,281,290,207,331,55,55,247,49,114,102,153,176,161,99,301,328,81,83,92,294,312,241,265,307,345,77,56,206,25,40,179,146,,,199,157,,,206,172,277,86,201,71,83,74,33,19,270,285,51,42,36,43,70,65,273,188,290,76,28,168,,237,,,b'\x11\xe8\xe1I\xcb\xefq^\xaf\x82\x12\xdf\x17\xaeN\x1e'
11E8E149-CBEF-715E-AF82-12DF17AE4E1E,2017-ncaa-d0-natl,ncaa,184,184,168,190,195,248,273,254,278,288,262,293,169,172,153,129,175,202,108,195,114,246,272,259,241,210,64,112,90,330,341,212,214,300,329,233,132,52,116,163,132,103,328,312,,,6,6,,,241,234,252,164,275,296,270,304,273,159,160,160,205,199,267,305,335,215,319,239,61,121,329,,8,,,241,115,123,147,138,11,17,115,343,332,321,347,22,15,221,16,93,95,109,248,210,192,347,348,24,170,214,292,341,253,329,298,344,174,135,263,161,227,176,236,,,209,100,,,241,97,262,208,248,136,138,160,11,18,345,341,28,20,23,85,92,191,313,277,314,157,168,187,,212,,,b'\x11\xe8\xe1I\xcb\xefq^\xaf\x82\x12\xdf\x17\xaeN\x1e'
11E8E149-CBEF-715E-AF82-12DF17AE4E1E,2017-ncaa-d1-conf-America East,ncaa,4,3,5,3,7,5,5,4,9,6,5,9,5,5,6,5,2,2,4,2,2,4,6,9,8,5,3,4,1,8,8,5,6,7,8,6,6,1,1,3,4,4,8,8,,,1,1,,,7,6,5,4,5,6,3,6,5,3,3,1,1,1,3,5,8,5,7,6,1,3,8,,1,,,7,5,4,4,5,1,2,5,9,9,8,9,1,2,5,2,4,2,5,6,5,7,9,9,1,6,6,9,8,8,8,7,9,5,6,7,2,4,7,5,,,4,2,,,7,4,5,8,7,7,7,6,1,2,9,9,1,2,2,6,5,6,9,8,8,4,4,7,,2,,,b'\x11\xe8\xe1I\xcb\xefq^\xaf\x82\x12\xdf\x17\xaeN\x1e'
11E8E149-CBEF-715E-AF82-12DF17AE4E1E,2017-ncaa-d1-natl,ncaa,175,181,144,184,171,260,278,247,282,286,241,300,165,178,150,142,189,225,108,220,148,253,284,260,252,213,77,113,105,332,338,200,187,296,324,242,162,44,107,162,140,112,329,311,,,6,6,,,244,234,256,160,278,294,260,297,257,164,169,195,225,218,266,306,336,199,314,246,59,131,329,,7,,,244,120,127,157,132,13,14,108,346,334,328,346,22,16,186,18,92,102,105,255,207,186,346,348,21,161,187,301,338,275,324,306,345,176,146,266,147,210,156,215,,,223,124,,,244,104,264,200,248,137,136,162,12,19,345,342,25,20,24,82,89,169,318,278,314,166,157,174,,230,,,b'\x11\xe8\xe1I\xcb\xefq^\xaf\x82\x12\xdf\x17\xaeN\x1e'
11E8E149-CBEF-715E-AF82-12DF17AE4E1E,2018-ncaa-d0-natl,ncaa,329,336,164,330,224,331,320,302,320,329,319,288,201,143,287,62,342,339,255,341,307,324,315,304,311,317,109,79,292,324,327,220,213,289,297,212,25,220,306,247,312,301,273,265,,,7,15,,,329,298,323,278,344,338,327,338,326,195,129,344,341,342,344,339,328,209,314,229,245,319,277,,9,,,324,132,158,148,187,116,92,217,249,252,209,305,65,28,339,24,67,104,51,224,228,286,235,293,74,163,213,209,327,195,297,259,313,326,310,332,220,302,39,155,,,336,312,,,329,43,333,303,333,159,183,156,127,78,269,280,78,37,34,101,32,183,235,220,276,327,230,49,,341,,,b'\x11\xe8\xe1I\xcb\xefq^\xaf\x82\x12\xdf\x17\xaeN\x1e'
11E8E149-CBEF-715E-AF82-12DF17AE4E1E,2018-ncaa-d1-conf-America East,ncaa,8,8,3,8,4,7,7,7,8,8,8,8,5,4,5,3,8,6,9,6,6,7,6,6,7,8,5,4,7,8,9,3,3,5,8,4,1,5,7,6,8,9,3,3,,,2,2,,,8,5,6,7,8,8,7,8,8,6,5,9,7,7,7,8,8,3,7,4,5,9,3,,2,,,8,8,8,9,6,7,7,4,9,8,8,8,8,6,9,6,5,9,4,7,7,8,9,8,6,5,3,8,9,8,8,7,6,8,8,9,5,6,3,5,,,8,6,,,8,4,8,8,8,8,7,6,5,5,9,8,8,7,6,7,3,4,8,8,7,8,5,3,,8,,,b'\x11\xe8\xe1I\xcb\xefq^\xaf\x82\x12\xdf\x17\xaeN\x1e'
11E8E149-CBEF-715E-AF82-12DF17AE4E1E,2018-ncaa-d1-natl,ncaa,330,336,144,334,201,333,326,299,325,332,315,299,205,141,293,66,341,335,242,338,304,318,318,308,316,321,113,85,281,324,326,211,232,290,309,227,31,224,302,247,308,293,270,258,,,5,17,,,327,302,322,279,343,338,325,340,324,199,132,341,338,340,340,335,325,218,315,237,240,308,266,,10,,,322,139,159,154,174,116,86,211,245,261,180,305,70,32,339,28,70,112,52,206,213,269,228,279,79,195,232,232,326,230,309,264,313,315,298,326,226,304,30,128,,,334,307,,,327,35,335,292,331,155,175,160,125,81,262,280,83,38,37,106,39,209,249,242,268,320,229,42,,340,,,b'\x11\xe8\xe1I\xcb\xefq^\xaf\x82\x12\xdf\x17\xaeN\x1e'
11E8E149-CBEF-715E-AF82-12DF17AE4E1E,2019-ncaa-d0-natl,ncaa,297,269,321,295,328,346,340,349,280,345,345,294,231,246,144,92,349,349,88,349,335,350,345,237,249,307,97,59,305,336,319,231,145,312,224,305,96,235,345,308,338,324,286,251,,,4,36,,,307,339,292,155,337,328,335,335,315,166,189,346,349,349,347,326,329,69,239,262,316,324,265,,35,,,311,28,39,45,113,15,21,104,232,204,260,305,25,47,10,47,171,35,15,173,119,205,302,329,73,66,145,31,319,36,224,139,298,340,314,323,321,347,45,212,,,349,341,,,307,14,328,229,314,154,162,209,75,91,316,308,70,131,128,190,95,204,158,183,252,319,342,113,,346,,,b'\x11\xe8\xe1I\xcb\xefq^\xaf\x82\x12\xdf\x17\xaeN\x1e'
11E8E149-CBEF-715E-AF82-12DF17AE4E1E,2019-ncaa-d1-conf-America East,ncaa,7,8,5,8,7,8,7,8,8,7,8,8,6,7,4,6,5,6,3,6,2,8,7,7,7,8,5,4,3,8,8,4,3,5,5,7,5,9,9,8,8,8,6,6,,,4,2,,,9,6,3,6,9,8,9,7,8,6,7,5,7,7,9,7,8,3,5,7,9,8,6,,3,,,9,9,8,8,7,4,3,5,9,8,9,7,5,6,2,6,7,8,5,7,7,8,9,9,3,4,3,5,8,5,5,6,6,8,8,9,9,9,6,8,,,9,7,,,9,4,9,8,9,9,8,8,4,6,9,9,5,6,6,8,7,4,6,5,7,8,9,6,,9,,,b'\x11\xe8\xe1I\xcb\xefq^\xaf\x82\x12\xdf\x17\xaeN\x1e'
11E8E149-CBEF-715E-AF82-12DF17AE4E1E,2019-ncaa-d1-natl,ncaa,266,266,233,268,272,322,309,328,252,320,323,266,166,195,134,85,343,348,79,348,339,341,334,211,221,284,105,61,317,328,310,145,95,249,179,252,92,278,341,282,312,291,263,231,,,9,30,,,277,321,294,171,327,313,330,321,307,144,168,344,349,349,345,324,329,65,216,240,300,298,255,,23,,,279,61,75,102,91,21,32,93,285,278,240,322,40,78,10,74,176,83,44,154,108,188,316,336,79,86,95,79,310,70,179,181,299,315,287,296,332,344,49,154,,,348,341,,,277,37,311,185,281,124,129,170,47,49,318,316,61,115,111,148,83,149,145,147,230,297,335,70,,347,,,b'\x11\xe8\xe1I\xcb\xefq^\xaf\x82\x12\xdf\x17\xaeN\x1e'
11E8E149-CBEF-715E-AF82-12DF17AE4E1E,2020-ncaa-d0-natl,ncaa,276,240,312,273,319,332,325,342,198,216,169,273,345,349,144,343,265,292,95,293,301,343,338,277,255,276,330,334,89,272,170,229,190,263,130,341,342,179,294,329,327,303,337,332,,,16,59,,,244,338,293,176,309,283,322,142,61,341,348,206,249,251,319,298,233,105,157,340,254,305,330,,48,,,250,32,63,90,101,79,95,122,112,142,105,241,7,8,72,8,19,43,20,98,72,131,103,241,13,153,190,17,170,34,130,137,225,328,290,298,122,245,286,273,,,318,193,,,244,13,283,170,251,101,181,255,173,204,193,233,14,22,19,176,101,242,73,127,227,301,205,323,,249,,,b'\x11\xe8\xe1I\xcb\xefq^\xaf\x82\x12\xdf\x17\xaeN\x1e'
11E8E149-CBEF-715E-AF82-12DF17AE4E1E,2020-ncaa-d1-conf-America East,ncaa,6,6,5,6,7,5,5,6,3,2,3,6,9,9,4,9,4,5,4,5,8,6,5,7,6,6,9,9,3,4,3,1,3,4,2,9,9,6,7,9,7,8,8,8,,,4,5,,,5,5,5,6,6,5,7,2,2,9,9,5,5,5,7,5,5,1,3,9,6,7,8,,5,,,5,4,4,7,3,5,6,5,4,7,2,7,1,1,1,1,4,7,5,2,2,4,3,5,1,7,3,3,3,4,2,6,7,7,8,7,6,6,8,6,,,7,6,,,5,5,6,6,5,5,5,9,5,6,4,7,1,2,1,8,6,8,3,4,8,7,6,8,,6,,,b'\x11\xe8\xe1I\xcb\xefq^\xaf\x82\x12\xdf\x17\xaeN\x1e'
11E8E149-CBEF-715E-AF82-12DF17AE4E1E,2020-ncaa-d1-natl,ncaa,289,240,341,280,345,344,340,349,208,259,203,283,345,350,153,344,282,305,95,305,298,349,348,282,259,284,330,335,81,297,179,264,197,299,141,349,342,156,298,333,336,309,339,331,,,12,58,,,261,346,294,172,316,297,323,153,64,342,348,210,250,251,324,303,244,115,172,345,263,309,331,,47,,,268,21,48,61,112,63,65,129,102,124,109,236,7,8,72,8,18,25,7,107,76,143,96,241,13,131,197,9,179,21,141,124,228,338,295,305,102,253,278,280,,,327,192,,,261,4,289,188,271,109,190,256,178,213,195,230,14,22,19,182,99,246,76,133,230,305,210,324,,252,,,b'\x11\xe8\xe1I\xcb\xefq^\xaf\x82\x12\xdf\x17\xaeN\x1e'
11E8E149-CBEF-715E-AF82-12DF17AE4E1E,2021-ncaa-d0-natl,ncaa,318,43,335,286,335,335,336,336,315,334,333,325,341,341,320,342,329,328,253,328,158,336,336,333,320,309,311,341,7,330,22,336,118,335,60,337,340,9,182,326,330,67,340,337,,,8,208,,,203,336,207,224,293,305,186,147,12,340,339,48,23,28,129,105,26,291,138,340,212,87,337,,164,,,259,8,8,8,309,10,9,323,8,8,55,76,7,7,52,7,156,8,8,269,254,206,12,30,129,8,118,8,22,8,60,9,206,335,104,180,9,87,26,281,,,334,99,,,203,8,289,163,262,142,199,70,277,157,38,57,117,156,154,68,75,40,87,50,217,132,104,331,,78,,,b'\x11\xe8\xe1I\xcb\xefq^\xaf\x82\x12\xdf\x17\xaeN\x1e'
11E8E149-CBEF-715E-AF82-12DF17AE4E1E,2021-ncaa-d1-conf-America East,ncaa,9,4,9,7,9,10,10,10,8,10,9,9,10,10,6,10,9,9,8,9,3,9,9,10,9,8,7,10,1,9,2,10,3,9,2,10,10,2,3,9,9,4,10,10,,,2,10,,,5,9,3,1,5,6,3,6,1,10,10,1,1,1,1,1,1,8,1,10,5,3,10,,10,,,7,2,2,1,9,2,1,9,1,1,5,3,2,2,3,2,9,1,1,9,9,8,2,2,7,1,3,1,2,1,2,2,9,9,6,7,2,2,3,10,,,9,3,,,5,2,5,8,8,7,8,5,10,7,2,3,9,10,10,6,5,3,4,3,8,5,3,10,,1,,,b'\x11\xe8\xe1I\xcb\xefq^\xaf\x82\x12\xdf\x17\xaeN\x1e'
11E8E149-CBEF-715E-AF82-12DF17AE4E1E,2021-ncaa-d1-natl,ncaa,322,43,335,294,335,335,336,336,318,334,333,327,341,341,321,342,329,328,253,328,157,336,336,335,322,313,311,341,7,330,27,336,127,335,65,337,340,9,189,328,330,69,340,337,,,8,215,,,217,336,210,225,298,307,189,157,13,340,339,53,26,30,133,109,29,297,150,340,212,92,337,,163,,,268,8,8,8,309,10,9,323,8,8,58,75,7,7,52,7,156,8,8,276,262,221,11,29,131,8,127,8,27,8,65,9,207,335,108,187,9,89,25,282,,,334,97,,,217,8,290,177,270,146,209,71,280,160,37,56,120,157,155,67,73,42,88,49,220,139,106,331,,85,,,b'\x11\xe8\xe1I\xcb\xefq^\xaf\x82\x12\xdf\x17\xaeN\x1e'
11E8E149-CBEF-715E-AF82-12DF17AE4E1E,2022-ncaa-d0-natl,ncaa,345,328,319,347,336,347,341,345,302,321,287,329,315,336,187,285,330,345,119,343,332,350,347,306,310,319,262,238,212,293,223,354,291,351,293,343,316,97,304,330,238,112,356,356,,,17,123,,,328,346,326,353,341,335,325,285,171,296,322,312,324,323,340,332,237,350,347,341,249,153,355,,62,,,336,56,129,27,352,126,24,356,169,104,300,304,2,1,142,1,15,13,8,354,348,336,72,270,1,30,291,20,223,17,293,238,315,314,162,325,22,142,302,343,,,355,352,,,328,11,319,333,339,228,308,115,289,82,290,246,4,2,2,51,29,140,151,139,334,222,89,343,,355,,,b'\x11\xe8\xe1I\xcb\xefq^\xaf\x82\x12\xdf\x17\xaeN\x1e'
11E8E149-CBEF-715E-AF82-12DF17AE4E1E,2022-ncaa-d1-conf-America East,ncaa,10,8,10,10,10,10,10,10,10,10,8,10,9,9,5,9,7,7,2,7,7,10,10,10,10,8,5,8,3,8,5,10,8,10,9,10,9,2,5,9,7,4,10,10,,,1,7,,,9,10,7,5,9,9,5,7,2,9,9,4,6,6,3,3,3,10,10,10,5,3,10,,5,,,9,4,9,2,10,8,2,10,8,4,9,8,1,1,3,1,1,1,1,10,10,10,2,8,1,1,8,2,5,1,9,9,9,10,7,10,1,3,10,10,,,10,9,,,9,1,8,10,10,9,10,7,10,6,9,7,1,1,1,6,5,5,9,7,10,8,2,10,,9,,,b'\x11\xe8\xe1I\xcb\xefq^\xaf\x82\x12\xdf\x17\xaeN\x1e'
11E8E149-CBEF-715E-AF82-12DF17AE4E1E,2022-ncaa-d1-natl,ncaa,345,327,326,346,342,349,348,348,316,324,286,339,321,338,167,300,311,332,73,328,313,350,347,320,314,317,251,255,129,292,203,353,278,350,288,348,314,97,294,328,260,129,356,355,,,14,123,,,323,348,326,352,336,338,326,297,156,301,329,269,294,293,332,327,220,347,343,344,242,172,355,,63,,,329,52,126,22,351,122,19,353,158,100,281,302,2,1,116,1,16,10,7,351,346,332,70,261,1,32,278,15,203,11,288,239,313,309,156,315,22,132,304,342,,,354,339,,,323,9,319,325,335,213,305,114,283,76,277,238,4,3,3,47,29,126,155,133,329,220,84,343,,355,,,b'\x11\xe8\xe1I\xcb\xefq^\xaf\x82\x12\xdf\x17\xaeN\x1e'
11E8E149-CBEF-715E-AF82-12DF17AE4E1E,2023-ncaa-d0-natl,ncaa,195,160,290,195,303,255,207,275,131,144,150,154,319,331,249,314,297,309,203,306,340,286,296,179,201,199,350,314,287,210,129,289,257,271,191,306,339,109,214,267,238,196,209,188,,,58,99,,,218,307,203,192,209,134,167,61,64,308,309,277,283,273,208,198,153,234,204,291,206,202,176,,116,,,219,75,102,86,223,117,111,191,139,97,251,163,56,52,209,51,86,69,63,230,201,196,127,200,82,156,257,37,129,57,191,215,290,241,166,265,37,99,28,27,,,311,280,,,218,61,192,225,217,205,240,208,230,228,209,163,114,98,99,179,178,254,114,168,288,174,96,56,,276,,,b'\x11\xe8\xe1I\xcb\xefq^\xaf\x82\x12\xdf\x17\xaeN\x1e'
11E8E149-CBEF-715E-AF82-12DF17AE4E1E,2023-ncaa-d1-conf-America East,ncaa,4,4,3,4,3,1,1,1,1,1,1,1,7,9,7,9,1,1,6,1,5,1,1,2,1,1,9,9,7,1,1,4,5,3,4,5,9,8,4,5,2,3,5,7,,,8,5,,,4,1,2,5,1,1,2,1,1,9,9,2,2,1,2,1,2,6,3,5,5,3,6,,6,,,4,9,9,8,9,8,5,7,8,6,8,6,6,7,2,6,6,9,9,9,9,7,7,8,3,4,5,2,1,2,4,9,8,2,2,8,4,1,1,1,,,1,3,,,4,9,1,6,4,9,8,6,6,6,8,7,5,6,6,6,8,5,3,4,9,2,3,1,,1,,,b'\x11\xe8\xe1I\xcb\xefq^\xaf\x82\x12\xdf\x17\xaeN\x1e'
11E8E149-CBEF-715E-AF82-12DF17AE4E1E,2023-ncaa-d1-natl,ncaa,202,160,310,199,320,259,211,277,127,130,135,153,328,332,273,320,310,316,195,313,347,289,307,184,212,203,352,325,295,199,130,292,265,277,186,315,345,113,210,279,250,215,212,196,,,55,107,,,244,320,200,187,213,122,158,52,55,317,315,289,294,282,207,191,150,245,208,304,202,212,187,,120,,,246,95,133,87,249,129,114,199,164,111,298,166,63,58,220,58,95,62,59,251,230,232,154,209,84,164,265,39,130,59,186,232,285,238,177,274,37,94,48,34,,,317,299,,,244,48,199,259,237,232,259,213,241,231,231,165,122,106,110,193,192,253,120,168,298,174,95,76,,290,,,b'\x11\xe8\xe1I\xcb\xefq^\xaf\x82\x12\xdf\x17\xaeN\x1e'
11E8E149-CBEF-715E-AF82-12DF17AE4E1E,2024-ncaa-d0-natl,ncaa,297,251,325,298,336,344,339,353,247,305,295,254,328,336,260,273,324,310,288,304,234,354,353,264,273,287,284,269,176,326,273,342,256,351,291,351,338,79,272,321,351,329,345,338,,,38,192,,,264,350,305,157,323,309,320,235,198,309,313,285,259,252,320,319,295,317,332,342,211,333,337,,140,,,274,16,53,17,289,127,77,279,8,9,96,32,21,47,20,39,96,11,13,233,198,178,7,20,102,63,256,35,273,28,291,48,109,287,148,161,93,260,202,291,,,312,106,,,264,13,300,200,280,121,194,95,295,247,16,25,97,134,132,75,69,166,172,159,135,188,220,296,,197,,,b'\x11\xe8\xe1I\xcb\xefq^\xaf\x82\x12\xdf\x17\xaeN\x1e'
11E8E149-CBEF-715E-AF82-12DF17AE4E1E,2024-ncaa-d1-conf-America East,ncaa,6,6,5,6,5,6,6,5,6,6,5,5,6,5,9,5,4,5,4,4,4,5,7,6,6,6,6,7,3,7,6,7,6,7,8,8,8,3,3,7,8,8,9,9,,,7,7,,,6,7,4,1,6,6,4,6,4,6,5,3,3,3,3,6,6,7,7,8,3,8,9,,7,,,6,7,8,3,8,7,5,8,6,4,7,5,5,6,5,6,6,4,4,8,8,7,3,4,5,6,6,6,6,5,8,5,4,4,3,6,5,6,9,9,,,3,3,,,6,4,6,7,6,7,8,6,7,6,6,5,5,7,7,5,6,6,7,6,5,3,5,9,,2,,,b'\x11\xe8\xe1I\xcb\xefq^\xaf\x82\x12\xdf\x17\xaeN\x1e'
11E8E149-CBEF-715E-AF82-12DF17AE4E1E,2024-ncaa-d1-natl,ncaa,289,253,320,286,322,332,315,341,233,269,246,256,316,330,234,283,306,286,297,279,244,340,340,257,271,284,293,269,188,297,230,326,270,335,274,348,344,142,271,325,333,308,343,340,,,56,160,,,263,344,306,12,305,282,295,209,154,299,311,273,243,237,287,273,245,305,310,344,243,312,333,,141,,,266,39,88,44,274,212,141,260,10,13,98,29,44,74,32,76,99,33,27,221,190,174,7,20,114,112,270,50,230,58,274,64,93,237,141,149,168,277,227,274,,,288,143,,,263,21,291,192,264,146,218,136,312,286,20,24,106,146,144,120,128,205,173,188,139,160,256,295,,193,,,b'\x11\xe8\xe1I\xcb\xefq^\xaf\x82\x12\xdf\x17\xaeN\x1e'
11E8E149-CBEF-715E-AF82-12DF17AE4E1E,2025-ncaa-d0-natl,genius_ncaa,220,147,335,203,353,351,357,359,308,355,348,328,276,296,189,162,247,279,86,282,83,358,359,287,253,269,58,141,35,349,320,337,206,352,288,347,239,53,260,303,346,301,358,357,,,32,200,,120,252,354,336,348,341,353,357,348,319,235,246,169,204,211,349,351,325,277,327,338,160,324,355,,110,,196,258,12,26,14,238,62,38,268,16,25,59,116,12,22,17,19,88,10,5,199,142,170,28,70,61,37,206,29,320,19,288,19,57,320,191,155,45,224,229,347,,,275,32,,144,252,9,300,178,266,75,138,78,215,148,50,70,44,78,72,55,25,144,167,155,68,256,142,319,,143,,86,b'\x11\xe8\xe1I\xcb\xefq^\xaf\x82\x12\xdf\x17\xaeN\x1e'
11E8E149-CBEF-715E-AF82-12DF17AE4E1E,2025-ncaa-d1-conf-America East,genius_ncaa,6,6,5,6,8,7,7,8,7,9,8,7,4,3,5,3,1,1,1,2,1,8,7,7,7,7,1,3,1,7,7,7,5,8,7,7,5,6,7,7,8,8,8,8,,,6,6,,7,7,5,2,9,7,7,9,9,8,3,3,1,1,1,5,5,8,4,6,7,6,8,8,,7,,8,7,7,8,6,7,6,5,7,5,6,6,6,5,6,3,5,5,6,4,7,7,8,5,5,4,5,5,7,7,7,7,5,3,8,8,7,4,4,8,9,,,2,1,,3,7,4,7,7,7,7,8,8,7,7,7,6,5,7,5,8,7,6,6,6,6,7,4,8,,1,,3,b'\x11\xe8\xe1I\xcb\xefq^\xaf\x82\x12\xdf\x17\xaeN\x1e'
11E8E149-CBEF-715E-AF82-12DF17AE4E1E,2025-ncaa-d1-natl,genius_ncaa,246,147,355,216,360,356,362,362,316,361,352,333,287,315,191,163,271,301,88,302,79,360,360,300,269,282,58,139,34,352,326,350,218,358,303,356,246,40,268,310,352,310,359,357,,,22,206,,108,268,360,340,348,341,354,357,351,321,240,250,169,202,212,349,351,327,288,333,342,165,332,356,,111,,202,277,4,17,2,248,50,27,275,10,20,67,110,11,20,22,18,89,3,3,211,165,189,28,71,61,30,218,19,326,10,303,12,61,340,204,168,38,233,217,349,,,304,28,,154,268,3,307,194,282,86,147,82,227,150,57,68,47,81,72,59,25,149,174,160,74,268,148,322,,144,,80,b'\x11\xe8\xe1I\xcb\xefq^\xaf\x82\x12\xdf\x17\xaeN\x1e'
11E8E149-CBEF-715E-AF82-12DF17AE4E1E,2026-ncaa-d0-natl,genius_ncaa,212,250,116,241,142,171,214,182,292,216,147,312,199,214,150,256,53,67,93,72,68,156,141,297,235,260,73,201,16,73,53,198,206,138,124,226,236,291,256,286,114,98,117,117,,,340,357,,153,201,172,186,97,225,282,233,273,162,221,256,36,53,57,176,126,50,264,141,282,275,108,124,,344,,148,201,196,135,125,194,179,182,156,59,66,153,28,350,353,143,354,349,174,189,161,214,164,205,32,356,178,206,172,53,176,124,89,79,98,77,51,299,266,229,203,,,87,83,,66,201,197,215,153,195,158,76,30,139,137,38,21,342,351,351,101,150,162,109,121,54,89,282,217,,65,,85,b'\x11\xe8\xe1I\xcb\xefq^\xaf\x82\x12\xdf\x17\xaeN\x1e'
11E8E149-CBEF-715E-AF82-12DF17AE4E1E,2026-ncaa-d1-natl,genius_ncaa,203,249,85,236,117,164,213,153,293,192,121,308,213,216,192,258,34,42,88,43,65,128,97,297,236,254,105,231,18,42,41,213,214,123,136,236,250,326,282,304,64,83,100,100,,,356,357,,178,194,123,150,100,223,280,223,256,153,242,261,35,48,52,170,106,45,294,159,295,300,84,113,,347,,151,196,221,153,137,230,211,195,194,47,44,136,21,353,356,145,356,357,192,238,184,238,155,189,18,358,190,214,184,41,186,136,88,70,63,53,33,313,264,241,197,,,54,79,,45,194,248,231,150,195,159,76,20,158,125,23,17,348,354,354,95,171,135,114,111,50,66,290,211,,51,,60,b'\x11\xe8\xe1I\xcb\xefq^\xaf\x82\x12\xdf\x17\xaeN\x1e'
11E8E149-CBF3-9112-AF82-12DF17AE4E1E,2010-ncaa-d0-natl,ncaa,219,174,288,212,303,288,278,291,230,235,262,165,293,257,320,205,245,212,287,212,106,292,284,251,264,271,251,261,130,213,159,234,100,234,132,295,278,173,268,294,271,225,159,143,,,100,224,,,225,296,174,172,259,254,238,180,200,273,213,194,137,135,220,167,144,139,131,283,264,232,132,,212,,,232,34,19,34,92,42,96,52,34,22,245,37,257,229,265,234,279,51,44,83,131,139,217,79,326,41,100,82,159,48,132,8,29,261,174,48,143,228,10,17,,,273,196,,,225,47,263,119,233,128,65,93,119,213,72,33,311,299,302,148,148,123,212,175,22,184,228,16,,186,,,b'\x11\xe8\xe1I\xcb\xf3\x91\x12\xaf\x82\x12\xdf\x17\xaeN\x1e'
11E8E149-CBF3-9112-AF82-12DF17AE4E1E,2010-ncaa-d1-conf-MEAC,ncaa,6,7,4,7,4,6,6,6,4,6,8,4,6,5,7,5,8,6,10,6,5,6,5,6,7,7,8,5,10,6,5,4,5,4,4,6,7,8,7,7,10,10,3,3,,,7,7,,,6,5,7,5,7,7,8,7,9,6,5,10,5,5,9,7,5,4,4,6,7,10,3,,7,,,7,8,6,7,3,6,7,2,5,5,9,5,10,9,11,9,7,7,5,3,4,8,9,6,10,6,5,6,5,5,4,2,4,9,9,5,8,9,2,2,,,5,5,,,6,7,6,9,6,4,4,4,4,6,5,5,10,9,9,4,4,5,6,5,2,9,9,2,,4,,,b'\x11\xe8\xe1I\xcb\xf3\x91\x12\xaf\x82\x12\xdf\x17\xaeN\x1e'
11E8E149-CBF3-9112-AF82-12DF17AE4E1E,2010-ncaa-d1-natl,ncaa,228,174,323,220,333,304,295,314,235,251,281,168,297,263,324,207,258,222,287,222,104,310,309,261,270,275,251,261,127,231,162,256,105,255,140,311,284,161,270,297,282,229,170,145,,,82,226,,,230,320,177,168,269,261,240,188,203,274,216,193,138,136,223,169,144,144,133,291,264,234,134,,209,,,237,23,14,17,100,33,78,54,30,17,249,35,242,217,266,222,281,28,19,86,134,146,218,77,326,33,105,60,162,30,140,6,29,278,180,54,134,229,9,18,,,290,195,,,230,21,267,129,237,133,65,95,121,214,72,34,311,301,306,151,150,122,214,178,22,195,229,17,,184,,,b'\x11\xe8\xe1I\xcb\xf3\x91\x12\xaf\x82\x12\xdf\x17\xaeN\x1e'
11E8E149-CBF3-9112-AF82-12DF17AE4E1E,2011-ncaa-d0-natl,ncaa,208,242,119,231,124,276,297,260,316,289,228,315,240,213,283,190,106,69,279,68,16,221,150,313,298,319,80,188,10,189,252,154,145,166,237,329,328,329,321,337,112,115,213,206,,,302,314,,,231,136,187,31,306,330,310,318,269,249,221,102,56,55,273,186,218,180,214,339,308,109,222,,306,,,228,81,59,79,106,131,118,187,24,83,3,96,278,313,29,313,314,130,192,59,89,48,109,22,319,161,145,263,252,236,237,25,37,59,43,11,246,233,31,53,,,65,46,,,231,201,322,46,229,77,48,45,120,85,14,74,274,296,299,91,166,147,252,222,21,55,229,26,,63,,,b'\x11\xe8\xe1I\xcb\xf3\x91\x12\xaf\x82\x12\xdf\x17\xaeN\x1e'
11E8E149-CBF3-9112-AF82-12DF17AE4E1E,2011-ncaa-d1-conf-MEAC,ncaa,6,7,2,7,2,7,8,8,10,8,7,10,5,7,6,6,4,3,5,3,2,7,5,8,6,8,4,5,1,9,10,1,2,4,5,9,11,11,10,11,8,10,1,1,,,9,8,,,6,5,6,1,7,8,9,9,8,5,6,4,4,4,8,6,10,2,5,10,9,10,1,,6,,,6,5,5,6,3,6,7,4,4,5,3,5,6,5,4,5,4,6,6,3,3,4,5,4,7,6,2,8,10,8,5,2,2,5,6,2,8,7,2,2,,,4,2,,,6,7,8,2,6,4,4,6,4,6,4,4,6,4,4,5,6,5,7,6,2,5,7,2,,3,,,b'\x11\xe8\xe1I\xcb\xf3\x91\x12\xaf\x82\x12\xdf\x17\xaeN\x1e'
11E8E149-CBF3-9112-AF82-12DF17AE4E1E,2011-ncaa-d1-natl,ncaa,226,240,132,237,137,284,308,280,317,304,259,317,245,218,281,185,115,83,281,83,16,251,176,314,302,321,79,185,9,209,255,182,152,201,242,338,328,322,325,341,129,119,226,211,,,295,317,,,238,162,192,29,309,332,314,319,272,248,219,104,59,58,275,190,222,185,220,341,308,120,226,,304,,,234,62,45,57,110,120,98,196,18,76,3,94,267,306,32,306,315,104,162,63,93,51,105,18,320,144,152,245,255,219,242,19,35,71,46,13,233,238,29,53,,,83,43,,,238,174,322,49,236,80,53,46,126,91,14,73,278,300,303,97,165,150,257,224,21,61,232,27,,62,,,b'\x11\xe8\xe1I\xcb\xf3\x91\x12\xaf\x82\x12\xdf\x17\xaeN\x1e'
11E8E149-CBF3-9112-AF82-12DF17AE4E1E,2012-ncaa-d0-natl,ncaa,238,202,292,239,300,328,329,305,334,310,230,335,315,307,311,277,247,184,312,179,129,295,280,331,333,334,213,268,29,161,113,154,116,158,88,317,197,223,300,315,260,224,52,26,,,89,211,,,194,303,216,89,327,333,262,296,153,308,286,190,113,107,242,172,99,27,31,313,299,229,30,,189,,,194,8,9,46,5,8,59,6,39,96,9,177,76,101,28,97,196,41,46,7,5,7,213,138,277,129,116,75,113,86,88,32,282,232,151,102,206,267,35,68,,,248,150,,,194,38,328,13,194,19,14,145,20,158,66,171,138,192,186,154,160,231,195,222,89,150,263,82,,153,,,b'\x11\xe8\xe1I\xcb\xf3\x91\x12\xaf\x82\x12\xdf\x17\xaeN\x1e'
11E8E149-CBF3-9112-AF82-12DF17AE4E1E,2012-ncaa-d1-conf-MEAC,ncaa,6,6,4,6,7,9,9,9,10,9,8,13,7,9,6,10,10,7,10,6,7,9,8,10,12,11,8,5,6,7,7,1,2,5,2,9,5,10,11,9,10,9,1,1,,,3,5,,,6,9,7,8,11,10,11,10,8,7,10,10,8,8,11,9,8,1,4,9,9,10,1,,4,,,6,2,2,6,2,2,6,1,8,9,5,11,2,3,4,3,4,6,5,2,2,2,11,12,8,3,2,7,7,4,2,3,8,10,8,6,10,12,1,2,,,7,6,,,6,5,11,2,6,3,2,5,2,6,7,9,2,3,2,4,3,3,4,3,3,10,9,2,,6,,,b'\x11\xe8\xe1I\xcb\xf3\x91\x12\xaf\x82\x12\xdf\x17\xaeN\x1e'
11E8E149-CBF3-9112-AF82-12DF17AE4E1E,2012-ncaa-d1-natl,ncaa,234,227,196,238,217,315,325,282,334,302,190,334,317,303,317,278,172,116,302,116,99,256,226,332,331,332,210,281,18,135,126,95,99,104,94,309,186,286,302,319,222,197,42,26,,,150,224,,,205,244,207,90,327,334,270,301,156,318,292,159,83,79,245,175,107,31,39,312,303,202,30,,203,,,205,8,10,84,6,15,99,9,52,115,18,156,96,150,20,141,196,92,103,8,6,7,195,139,266,153,99,139,126,158,94,54,260,174,123,91,252,281,66,74,,,180,138,,,205,100,329,13,203,21,17,129,27,152,67,154,127,194,185,139,155,201,205,216,84,134,273,87,,139,,,b'\x11\xe8\xe1I\xcb\xf3\x91\x12\xaf\x82\x12\xdf\x17\xaeN\x1e'
11E8E149-CBF3-9112-AF82-12DF17AE4E1E,2013-ncaa-d0-natl,ncaa,304,265,327,301,330,336,343,316,344,343,308,344,222,201,243,129,209,162,290,160,39,309,297,341,340,338,27,88,17,99,58,294,142,220,110,334,253,211,298,332,240,174,127,63,,,148,306,,,268,324,201,82,322,339,215,339,251,176,127,112,64,61,173,97,20,161,44,331,306,183,79,,290,,,283,14,8,5,74,7,17,49,81,45,219,135,225,227,130,215,323,10,19,80,129,94,303,179,327,42,142,71,58,45,110,6,90,219,91,42,153,235,27,103,,,188,51,,,268,21,330,101,275,118,55,67,53,97,158,126,300,302,300,121,159,150,256,226,50,109,261,73,,31,,,b'\x11\xe8\xe1I\xcb\xf3\x91\x12\xaf\x82\x12\xdf\x17\xaeN\x1e'
11E8E149-CBF3-9112-AF82-12DF17AE4E1E,2013-ncaa-d1-conf-MEAC,ncaa,11,10,9,11,9,10,11,8,12,12,13,12,5,2,10,2,5,6,9,6,4,8,5,11,10,10,2,2,4,3,2,8,2,4,2,10,4,9,9,10,10,9,2,1,,,8,10,,,10,9,5,2,10,11,6,12,12,3,2,4,4,4,5,2,1,4,1,9,9,10,1,,9,,,11,9,7,5,9,3,5,8,12,10,13,10,10,10,7,10,12,6,5,10,12,10,12,11,11,4,2,8,2,5,2,6,8,10,8,8,9,8,5,7,,,4,5,,,10,6,10,8,11,11,8,9,6,7,12,11,11,11,11,9,8,5,9,8,8,9,9,7,,4,,,b'\x11\xe8\xe1I\xcb\xf3\x91\x12\xaf\x82\x12\xdf\x17\xaeN\x1e'
11E8E149-CBF3-9112-AF82-12DF17AE4E1E,2013-ncaa-d1-natl,ncaa,298,265,327,298,328,336,343,316,344,343,301,344,219,197,240,136,188,143,291,138,35,297,275,340,337,339,30,95,13,91,63,281,159,199,120,335,255,252,310,335,228,173,124,68,,,183,305,,,269,322,189,82,324,341,224,340,254,178,132,100,51,47,179,91,24,165,54,332,320,177,80,,295,,,284,18,9,7,74,10,25,56,82,50,208,129,247,254,125,246,327,17,32,83,126,88,297,165,327,60,159,91,63,65,120,8,88,190,83,40,209,266,26,103,,,151,47,,,269,27,332,100,278,127,60,73,62,103,146,127,306,310,308,134,184,165,254,230,53,100,296,73,,30,,,b'\x11\xe8\xe1I\xcb\xf3\x91\x12\xaf\x82\x12\xdf\x17\xaeN\x1e'
11E8E149-CBF3-9112-AF82-12DF17AE4E1E,2014-ncaa-d0-natl,ncaa,288,282,254,291,259,277,315,174,347,335,273,344,104,58,298,63,123,53,334,54,14,140,102,342,341,340,10,59,20,22,43,168,222,71,116,302,221,312,284,330,257,272,154,157,,,213,216,,,315,170,38,39,258,321,61,339,247,80,38,60,14,14,31,10,3,72,7,299,339,233,127,,300,,,314,219,232,210,212,262,204,271,115,195,26,175,203,230,99,229,205,222,204,181,172,211,85,91,190,230,222,253,43,248,116,175,114,212,248,212,257,205,205,288,,,95,123,,,315,186,319,225,308,298,305,325,312,299,152,248,261,286,290,329,322,291,314,314,230,171,293,258,,20,,,b'\x11\xe8\xe1I\xcb\xf3\x91\x12\xaf\x82\x12\xdf\x17\xaeN\x1e'
11E8E149-CBF3-9112-AF82-12DF17AE4E1E,2014-ncaa-d1-conf-MEAC,ncaa,10,11,4,11,5,6,8,4,13,13,10,13,3,1,6,1,4,3,10,4,2,5,3,11,12,13,1,1,5,1,1,4,3,3,3,7,3,13,10,9,10,12,3,3,,,10,10,,,10,5,4,4,6,9,3,13,12,2,1,4,4,4,4,1,1,4,1,7,13,11,3,,10,,,10,13,12,12,9,11,9,11,10,11,2,11,8,10,4,10,9,13,8,9,8,10,4,8,5,8,3,10,1,8,3,8,5,7,10,9,8,7,11,12,,,4,6,,,10,9,9,9,9,11,11,12,9,9,10,12,7,7,7,11,10,7,10,9,9,9,8,10,,3,,,b'\x11\xe8\xe1I\xcb\xf3\x91\x12\xaf\x82\x12\xdf\x17\xaeN\x1e'
11E8E149-CBF3-9112-AF82-12DF17AE4E1E,2014-ncaa-d1-natl,ncaa,279,282,211,282,218,265,314,140,347,335,261,345,103,55,307,67,115,40,340,44,14,116,75,343,343,342,12,61,21,15,36,126,222,48,106,300,218,331,288,331,251,272,136,150,,,251,226,,,318,128,30,39,262,320,56,335,245,87,38,63,11,12,31,9,2,54,4,300,340,235,122,,308,,,317,244,245,247,175,279,227,269,127,228,21,187,225,258,81,261,221,260,244,156,150,196,91,88,200,255,222,269,36,276,106,171,103,189,246,199,274,219,219,287,,,66,113,,,318,233,322,210,307,303,305,327,311,298,150,269,267,289,292,331,332,298,314,317,219,166,301,254,,14,,,b'\x11\xe8\xe1I\xcb\xf3\x91\x12\xaf\x82\x12\xdf\x17\xaeN\x1e'
11E8E149-CBF3-9112-AF82-12DF17AE4E1E,2015-ncaa-d0-natl,ncaa,208,209,172,219,193,225,250,202,273,267,239,259,148,117,216,103,184,108,327,106,49,183,136,254,264,291,90,106,130,64,44,171,165,105,74,278,279,319,297,322,211,216,140,135,,,137,129,,,220,180,140,107,235,261,184,275,249,136,102,170,84,83,158,75,43,147,68,288,323,215,130,,143,,,220,135,146,148,191,165,153,198,155,167,132,189,159,187,65,192,206,147,171,175,157,144,145,169,167,170,165,123,44,128,74,132,118,144,135,115,221,200,32,59,,,111,131,,,220,174,264,137,219,163,176,178,186,172,175,189,164,195,198,182,210,190,138,168,134,127,232,36,,70,,,b'\x11\xe8\xe1I\xcb\xf3\x91\x12\xaf\x82\x12\xdf\x17\xaeN\x1e'
11E8E149-CBF3-9112-AF82-12DF17AE4E1E,2015-ncaa-d1-conf-MEAC,ncaa,5,7,1,6,1,2,4,2,7,5,6,6,1,1,5,1,5,4,11,4,5,1,1,4,5,7,3,2,10,1,1,3,6,2,3,4,10,12,7,9,5,8,5,6,,,12,7,,,6,1,8,2,5,6,5,9,8,1,1,8,6,6,5,4,2,5,3,7,9,9,8,,8,,,6,11,11,11,8,11,10,9,12,13,6,11,11,11,10,11,8,12,13,8,8,8,6,9,8,10,6,9,1,11,3,12,9,4,8,8,11,7,2,1,,,1,4,,,6,13,5,7,6,7,8,6,7,5,10,9,9,9,9,6,6,4,2,3,7,7,8,2,,2,,,b'\x11\xe8\xe1I\xcb\xf3\x91\x12\xaf\x82\x12\xdf\x17\xaeN\x1e'
11E8E149-CBF3-9112-AF82-12DF17AE4E1E,2015-ncaa-d1-natl,ncaa,206,207,143,217,162,226,253,184,288,275,232,272,150,115,232,106,159,99,324,97,48,170,108,271,275,299,83,113,101,53,36,157,165,86,66,285,274,323,296,326,195,207,129,136,,,136,119,,,219,163,146,112,245,276,183,279,245,143,102,150,79,78,147,70,31,139,52,298,324,201,134,,137,,,219,137,161,173,182,180,162,197,153,187,104,193,146,177,62,177,180,170,190,164,145,132,135,168,156,179,165,126,36,153,66,128,113,135,122,111,224,194,38,62,,,97,127,,,219,188,268,128,219,155,175,177,187,166,164,193,140,174,176,176,211,196,140,164,122,116,231,38,,61,,,b'\x11\xe8\xe1I\xcb\xf3\x91\x12\xaf\x82\x12\xdf\x17\xaeN\x1e'
11E8E149-CBF3-9112-AF82-12DF17AE4E1E,2016-ncaa-d0-natl,ncaa,239,204,287,238,289,320,327,304,320,313,298,286,281,209,335,163,200,111,344,111,17,280,261,322,323,327,153,209,39,145,124,194,224,174,149,332,307,218,281,338,330,328,120,113,,,43,75,,,270,293,212,21,305,316,247,279,246,257,160,147,36,36,195,131,87,81,58,335,297,320,91,,99,,,271,55,63,130,64,79,150,63,101,124,108,160,86,73,269,61,73,101,69,56,60,119,150,181,158,208,224,111,124,136,149,45,74,288,258,164,112,174,47,112,,,186,91,,,270,53,316,155,273,163,176,281,180,272,170,203,159,129,119,244,224,291,234,277,95,245,195,94,,77,,,b'\x11\xe8\xe1I\xcb\xf3\x91\x12\xaf\x82\x12\xdf\x17\xaeN\x1e'
11E8E149-CBF3-9112-AF82-12DF17AE4E1E,2016-ncaa-d1-conf-MEAC,ncaa,6,4,8,6,9,11,12,12,8,12,12,6,8,8,10,4,5,3,12,3,1,10,10,8,7,8,3,8,2,9,5,3,3,5,2,12,12,9,10,12,13,13,4,4,,,4,4,,,6,10,9,3,9,11,12,10,12,8,6,3,2,2,10,8,8,1,1,11,11,13,4,,5,,,6,3,5,8,3,3,4,3,10,11,3,13,3,3,10,3,3,6,4,3,3,6,8,11,5,6,3,3,5,3,2,3,4,12,12,10,2,5,5,10,,,4,1,,,6,4,9,7,6,5,7,11,7,8,10,13,4,3,3,10,7,8,3,5,4,12,4,6,,2,,,b'\x11\xe8\xe1I\xcb\xf3\x91\x12\xaf\x82\x12\xdf\x17\xaeN\x1e'
11E8E149-CBF3-9112-AF82-12DF17AE4E1E,2016-ncaa-d1-natl,ncaa,234,204,303,232,304,323,333,307,314,314,286,292,270,203,320,163,205,115,343,115,27,283,266,314,320,325,144,197,47,149,128,199,239,176,162,338,308,223,275,335,331,329,121,108,,,41,81,,,265,300,220,21,303,315,245,286,245,243,162,158,38,37,200,137,91,90,68,334,295,322,94,,101,,,267,54,65,123,72,79,142,69,112,141,109,174,86,75,264,68,83,110,70,61,68,111,159,185,159,222,239,116,128,147,162,38,65,268,238,138,104,163,42,114,,,184,88,,,265,47,313,155,269,161,166,269,172,255,175,206,156,132,116,238,216,293,228,275,86,228,182,84,,73,,,b'\x11\xe8\xe1I\xcb\xf3\x91\x12\xaf\x82\x12\xdf\x17\xaeN\x1e'
11E8E149-CBF3-9112-AF82-12DF17AE4E1E,2017-ncaa-d0-natl,ncaa,217,184,291,216,314,289,303,270,310,325,286,325,155,170,129,117,239,204,287,195,90,260,293,286,296,254,40,67,127,193,186,162,147,189,157,330,321,39,110,270,328,315,334,337,,,116,213,,,242,314,204,261,254,282,168,313,226,111,112,190,131,124,167,202,126,56,63,325,113,314,328,,217,,,244,60,89,113,131,149,169,139,41,69,61,98,94,116,70,116,133,100,44,96,84,181,60,77,156,130,147,147,186,136,157,72,119,328,310,264,27,67,86,163,,,243,133,,,242,43,235,198,234,184,205,256,254,288,88,132,148,189,190,257,170,233,266,264,145,305,64,147,,156,,,b'\x11\xe8\xe1I\xcb\xf3\x91\x12\xaf\x82\x12\xdf\x17\xaeN\x1e'
11E8E149-CBF3-9112-AF82-12DF17AE4E1E,2017-ncaa-d1-conf-MEAC,ncaa,9,11,5,11,6,7,9,7,11,11,13,10,1,1,3,1,9,9,2,9,5,7,9,7,7,6,1,1,8,7,7,5,1,4,4,9,10,1,2,7,13,13,13,13,,,8,10,,,10,8,12,5,9,10,8,12,12,1,1,9,11,11,10,12,8,6,5,9,1,13,13,,7,,,10,12,13,9,10,13,8,11,6,7,10,7,6,3,13,3,2,8,3,10,10,13,3,5,3,2,1,8,7,2,4,11,9,13,13,13,3,4,4,5,,,6,4,,,10,6,6,11,10,11,11,8,12,10,7,7,5,2,2,5,1,1,7,2,11,13,2,3,,9,,,b'\x11\xe8\xe1I\xcb\xf3\x91\x12\xaf\x82\x12\xdf\x17\xaeN\x1e'
11E8E149-CBF3-9112-AF82-12DF17AE4E1E,2017-ncaa-d1-natl,ncaa,215,181,310,214,325,292,300,277,313,325,282,323,157,163,154,117,229,198,283,189,83,267,293,290,299,258,45,75,117,186,181,143,131,161,152,330,317,56,125,276,322,307,329,334,,,131,218,,,234,316,189,263,257,279,167,313,224,117,111,185,128,121,165,191,122,40,54,326,131,297,327,,224,,,237,53,86,118,104,146,186,123,38,59,46,85,108,140,57,137,141,111,43,78,61,155,59,69,173,145,131,165,181,152,152,71,118,320,307,251,38,81,93,168,,,237,136,,,234,43,243,167,230,162,194,255,246,298,67,123,165,205,204,261,179,234,264,267,132,295,77,151,,153,,,b'\x11\xe8\xe1I\xcb\xf3\x91\x12\xaf\x82\x12\xdf\x17\xaeN\x1e'
11E8E149-CBF3-9112-AF82-12DF17AE4E1E,2018-ncaa-d0-natl,ncaa,266,224,323,255,333,305,297,219,335,273,201,328,267,196,324,176,246,168,336,176,146,214,232,330,336,315,183,201,114,56,52,296,274,180,186,270,170,112,165,238,153,113,292,271,,,224,299,,,238,298,50,278,241,233,47,217,80,217,113,162,69,80,43,24,7,168,33,207,249,81,263,,325,,,241,54,34,36,117,51,55,136,58,65,116,111,239,284,27,279,320,55,81,107,119,88,219,105,311,172,274,170,52,166,186,119,282,145,86,100,83,115,334,331,,,257,233,,,238,69,289,111,235,204,150,171,182,205,132,139,316,328,326,257,310,295,314,313,228,47,180,345,,120,,,b'\x11\xe8\xe1I\xcb\xf3\x91\x12\xaf\x82\x12\xdf\x17\xaeN\x1e'
11E8E149-CBF3-9112-AF82-12DF17AE4E1E,2018-ncaa-d1-conf-MEAC,ncaa,6,7,4,7,8,3,3,4,9,6,8,6,3,2,11,2,6,6,11,4,3,4,5,9,7,5,4,4,8,3,4,5,5,3,4,5,5,1,1,3,8,8,13,13,,,10,10,,,6,8,6,12,5,6,3,7,8,3,1,8,5,5,2,6,2,6,4,5,2,7,13,,10,,,6,9,9,6,11,9,8,10,9,4,9,5,10,10,6,10,11,8,6,9,9,10,7,6,9,6,5,9,4,4,4,11,11,6,7,11,1,1,10,9,,,6,9,,,6,8,3,8,7,6,6,5,8,7,8,5,10,10,10,8,5,6,9,6,11,9,1,11,,8,,,b'\x11\xe8\xe1I\xcb\xf3\x91\x12\xaf\x82\x12\xdf\x17\xaeN\x1e'
11E8E149-CBF3-9112-AF82-12DF17AE4E1E,2018-ncaa-d1-natl,ncaa,247,243,213,248,294,235,222,106,318,187,95,307,250,175,325,199,209,117,336,124,169,103,103,325,330,302,238,228,144,24,46,222,258,98,165,208,190,172,140,214,63,63,263,260,,,287,293,,,206,168,49,279,207,188,37,144,50,223,140,170,79,84,35,25,8,172,35,185,223,40,253,,319,,,205,103,67,81,105,84,99,117,93,99,130,120,274,311,27,308,316,122,205,99,114,65,242,134,307,219,258,252,46,261,165,198,315,60,44,84,131,102,343,325,,,205,247,,,206,197,264,75,197,166,120,129,125,153,134,135,297,322,320,196,300,273,301,302,226,34,167,344,,145,,,b'\x11\xe8\xe1I\xcb\xf3\x91\x12\xaf\x82\x12\xdf\x17\xaeN\x1e'
11E8E149-CBF3-9112-AF82-12DF17AE4E1E,2019-ncaa-d0-natl,ncaa,163,138,249,153,263,222,257,175,309,301,257,312,101,86,207,72,156,118,280,123,48,167,206,286,284,228,30,56,96,67,99,167,173,117,154,222,144,53,85,158,173,149,242,230,,,207,273,,,148,270,152,166,180,244,76,296,232,76,53,109,71,74,63,98,29,81,35,190,112,137,233,,268,,,146,59,56,101,80,57,76,114,107,184,40,236,161,234,13,223,278,107,113,75,71,70,225,190,244,190,173,224,99,216,154,85,196,181,142,119,42,57,165,226,,,152,105,,,148,95,190,82,137,111,101,156,93,115,140,230,209,271,264,186,227,253,297,291,136,124,69,199,,76,,,b'\x11\xe8\xe1I\xcb\xf3\x91\x12\xaf\x82\x12\xdf\x17\xaeN\x1e'
11E8E149-CBF3-9112-AF82-12DF17AE4E1E,2019-ncaa-d1-conf-MEAC,ncaa,3,2,3,3,5,2,4,2,8,7,9,6,1,1,4,1,7,6,10,6,5,2,6,4,6,2,1,1,11,3,6,5,2,4,4,3,2,1,1,1,2,2,8,8,,,5,6,,,2,8,7,7,2,3,2,9,10,1,1,8,7,7,2,6,3,4,3,3,1,2,8,,6,,,2,2,4,4,4,5,5,6,4,7,2,8,1,2,1,2,4,4,4,4,4,3,3,5,2,3,2,12,6,7,4,4,6,5,3,3,2,2,8,8,,,4,4,,,2,7,1,2,2,3,3,5,4,5,3,6,1,2,2,4,4,2,10,7,5,5,2,8,,3,,,b'\x11\xe8\xe1I\xcb\xf3\x91\x12\xaf\x82\x12\xdf\x17\xaeN\x1e'
11E8E149-CBF3-9112-AF82-12DF17AE4E1E,2019-ncaa-d1-natl,ncaa,148,137,155,146,193,192,221,122,302,276,211,302,89,74,212,77,159,119,287,119,80,109,137,274,275,228,46,66,139,30,55,112,153,65,97,180,126,91,81,134,150,138,231,216,,,231,263,,,114,212,171,180,167,225,68,281,208,78,53,138,99,103,57,83,17,73,24,163,112,144,233,,262,,,111,59,50,113,51,57,93,92,99,223,26,242,180,255,11,248,283,142,154,49,50,49,245,190,257,212,153,251,55,234,97,97,209,125,115,84,44,47,183,208,,,149,165,,,114,150,159,50,107,78,54,120,64,84,112,227,198,269,264,149,194,226,275,265,113,108,58,191,,123,,,b'\x11\xe8\xe1I\xcb\xf3\x91\x12\xaf\x82\x12\xdf\x17\xaeN\x1e'
11E8E149-CBF3-9112-AF82-12DF17AE4E1E,2020-ncaa-d0-natl,ncaa,295,289,191,299,243,312,301,237,319,301,249,311,198,159,263,127,335,277,349,280,220,250,234,304,326,330,165,111,301,202,245,235,313,225,303,298,225,254,274,296,219,223,321,295,,,275,284,,,310,237,183,273,331,314,243,304,247,188,156,327,280,284,258,214,196,228,229,299,263,213,316,,282,,,310,173,115,127,122,54,38,180,286,311,146,322,269,296,71,298,338,162,179,176,177,168,340,303,277,303,313,282,245,308,303,249,324,144,143,211,239,258,176,216,,,306,300,,,310,123,325,233,310,205,123,142,60,32,296,324,273,298,299,202,230,314,298,320,263,131,246,193,,299,,,b'\x11\xe8\xe1I\xcb\xf3\x91\x12\xaf\x82\x12\xdf\x17\xaeN\x1e'
11E8E149-CBF3-9112-AF82-12DF17AE4E1E,2020-ncaa-d1-conf-MEAC,ncaa,8,8,1,8,2,6,5,2,5,6,6,6,1,2,1,2,11,11,10,11,11,3,3,4,7,7,6,1,11,5,9,5,7,6,9,6,9,6,5,6,9,9,8,7,,,10,7,,,8,2,8,10,8,7,6,7,7,1,2,11,11,11,9,9,8,7,8,7,4,9,9,,8,,,8,10,8,10,6,4,3,6,11,11,10,11,11,9,6,9,11,10,10,8,8,9,11,11,6,10,7,10,9,10,9,10,11,6,8,9,6,6,5,3,,,9,11,,,8,10,7,9,8,7,5,5,2,1,11,11,9,8,9,7,5,8,9,10,9,9,6,3,,11,,,b'\x11\xe8\xe1I\xcb\xf3\x91\x12\xaf\x82\x12\xdf\x17\xaeN\x1e'
11E8E149-CBF3-9112-AF82-12DF17AE4E1E,2020-ncaa-d1-natl,ncaa,289,289,128,291,234,316,306,227,329,309,244,324,184,147,269,122,326,278,349,278,219,245,221,316,332,331,156,106,297,191,248,218,314,221,301,298,220,253,267,295,227,241,314,292,,,292,294,,,311,222,183,273,334,319,233,311,248,182,145,325,283,284,251,209,190,214,223,302,250,226,315,,289,,,309,192,112,146,105,46,40,159,289,322,138,320,286,309,74,311,341,185,199,155,164,155,342,304,286,313,314,301,248,321,301,255,323,134,149,209,235,248,165,204,,,293,294,,,311,139,328,229,310,201,117,143,52,32,296,326,284,308,313,206,232,319,311,327,259,131,236,175,,294,,,b'\x11\xe8\xe1I\xcb\xf3\x91\x12\xaf\x82\x12\xdf\x17\xaeN\x1e'
11E8E149-CBF3-9112-AF82-12DF17AE4E1E,2022-ncaa-d0-natl,ncaa,268,210,319,259,332,296,292,272,298,230,187,279,331,302,346,297,234,163,340,161,143,262,281,325,324,301,309,315,89,52,8,289,265,199,81,297,248,62,147,229,252,193,296,238,,,268,349,,,231,325,138,275,221,193,62,95,42,312,257,133,56,55,41,46,8,156,24,239,207,171,274,,345,,,238,42,12,26,47,6,15,33,187,160,258,280,316,316,210,311,353,42,36,97,161,176,355,301,354,145,265,22,8,47,81,26,239,276,178,128,62,125,147,167,,,248,162,,,231,33,223,201,235,202,55,110,11,37,304,298,352,349,349,226,238,288,156,228,124,150,187,268,,86,,,b'\x11\xe8\xe1I\xcb\xf3\x91\x12\xaf\x82\x12\xdf\x17\xaeN\x1e'
11E8E149-CBF3-9112-AF82-12DF17AE4E1E,2022-ncaa-d1-conf-MEAC,ncaa,5,5,3,5,4,5,4,4,6,3,2,6,7,5,7,7,5,5,7,5,6,3,3,6,6,5,6,8,4,2,2,3,2,2,1,3,4,3,3,3,6,6,7,7,,,8,8,,,5,4,6,3,5,5,2,3,2,7,6,4,4,4,2,2,2,4,1,3,3,6,7,,7,,,5,5,2,3,3,2,3,2,7,5,6,5,8,7,8,7,7,5,4,3,5,5,8,7,8,1,2,3,2,2,1,3,4,5,5,4,3,4,6,4,,,3,4,,,5,5,5,5,5,5,2,3,2,2,6,5,8,7,7,3,2,1,5,3,2,6,4,6,,4,,,b'\x11\xe8\xe1I\xcb\xf3\x91\x12\xaf\x82\x12\xdf\x17\xaeN\x1e'
11E8E149-CBF3-9112-AF82-12DF17AE4E1E,2022-ncaa-d1-natl,ncaa,235,209,270,235,296,245,226,198,271,166,122,255,313,282,342,301,166,88,334,88,124,180,187,304,312,283,307,320,77,27,9,218,267,107,79,248,216,155,165,213,185,159,262,206,,,310,343,,,195,266,132,275,204,181,74,83,43,307,271,107,46,45,44,44,9,139,17,215,223,144,243,,341,,,195,78,18,58,22,6,37,11,223,216,218,276,330,330,223,329,352,108,112,48,116,105,355,300,354,243,267,62,9,113,79,38,221,179,133,72,129,136,185,148,,,153,127,,,195,84,214,139,194,159,27,109,8,43,283,287,347,343,344,210,249,295,142,222,95,115,192,239,,63,,,b'\x11\xe8\xe1I\xcb\xf3\x91\x12\xaf\x82\x12\xdf\x17\xaeN\x1e'
11E8E149-CBF3-9112-AF82-12DF17AE4E1E,2023-ncaa-d0-natl,ncaa,312,284,326,310,344,329,339,328,310,261,235,272,357,340,359,319,134,113,249,115,61,307,280,340,318,333,295,354,4,170,68,319,316,285,195,339,317,254,320,344,198,129,303,253,,,174,296,,,279,303,87,291,291,315,252,182,109,356,310,48,32,33,172,77,77,256,166,330,334,110,283,,309,,,286,43,21,36,98,5,10,111,237,227,213,324,202,267,7,261,349,48,59,150,149,111,350,332,299,212,316,18,68,50,195,138,327,186,91,156,225,282,28,51,,,254,181,,,279,47,325,158,293,194,96,139,31,33,323,325,285,325,325,228,279,313,99,215,251,71,308,75,,117,,,b'\x11\xe8\xe1I\xcb\xf3\x91\x12\xaf\x82\x12\xdf\x17\xaeN\x1e'
11E8E149-CBF3-9112-AF82-12DF17AE4E1E,2023-ncaa-d1-conf-MEAC,ncaa,5,5,3,5,4,4,5,4,4,3,3,3,8,7,8,8,2,2,2,2,4,4,3,5,4,5,7,8,1,4,3,5,4,5,3,4,6,6,5,5,3,3,5,5,,,6,8,,,5,4,2,4,4,4,4,3,2,8,7,2,2,2,4,3,4,7,5,5,6,3,5,,7,,,5,7,6,6,3,2,4,4,8,7,8,6,7,7,6,7,8,6,5,5,6,7,7,6,8,4,4,2,3,2,3,5,7,5,3,5,7,6,5,4,,,3,5,,,5,5,5,6,5,6,3,3,2,2,8,6,7,7,7,5,6,3,1,2,5,4,7,5,,2,,,b'\x11\xe8\xe1I\xcb\xf3\x91\x12\xaf\x82\x12\xdf\x17\xaeN\x1e'
11E8E149-CBF3-9112-AF82-12DF17AE4E1E,2023-ncaa-d1-natl,ncaa,288,284,219,291,293,267,278,244,284,178,140,242,354,310,358,313,90,68,253,66,68,195,158,324,301,316,311,350,12,112,64,260,305,193,173,322,326,303,294,333,117,101,319,291,,,226,254,,,242,186,74,291,258,273,204,137,90,352,301,56,35,34,134,70,71,241,146,324,320,93,316,,274,,,242,83,42,91,63,10,20,99,279,304,152,334,248,295,11,287,347,124,169,116,116,72,351,335,296,263,305,63,64,125,173,196,325,94,73,111,262,255,42,32,,,194,216,,,242,147,306,101,256,156,68,138,17,27,315,331,271,313,310,210,280,302,111,208,234,61,292,56,,139,,,b'\x11\xe8\xe1I\xcb\xf3\x91\x12\xaf\x82\x12\xdf\x17\xaeN\x1e'
11E8E149-CBF3-9112-AF82-12DF17AE4E1E,2024-ncaa-d0-natl,ncaa,225,127,347,202,358,334,330,336,291,290,259,290,333,328,313,284,264,241,302,234,160,332,338,304,306,297,265,288,82,176,59,339,193,316,134,334,300,62,204,286,228,123,310,258,,,75,300,,,172,346,178,350,259,256,172,181,93,300,274,154,110,100,139,124,56,271,159,297,233,122,272,,257,,,172,4,2,2,88,4,8,75,29,22,178,132,141,179,38,177,327,6,7,89,122,54,292,154,329,24,193,10,59,9,134,7,105,202,54,22,61,176,42,68,,,328,232,,,172,12,274,47,180,68,33,35,42,62,94,90,274,308,305,63,146,128,145,126,39,74,187,111,,204,,,b'\x11\xe8\xe1I\xcb\xf3\x91\x12\xaf\x82\x12\xdf\x17\xaeN\x1e'
11E8E149-CBF3-9112-AF82-12DF17AE4E1E,2024-ncaa-d1-conf-MEAC,ncaa,5,4,7,5,8,5,5,6,2,4,5,2,6,6,6,6,7,7,3,7,6,6,8,2,3,2,7,6,6,6,3,8,2,8,2,6,8,1,2,2,6,4,8,7,,,4,7,,,3,8,6,5,4,2,3,2,2,6,6,6,6,5,4,5,5,7,6,5,2,4,7,,6,,,3,1,1,1,6,2,1,6,3,2,6,4,5,5,4,5,8,1,1,6,6,5,6,4,8,1,2,1,3,1,2,1,2,6,3,3,2,2,1,1,,,7,6,,,3,1,2,5,3,4,3,2,3,3,4,3,6,6,6,2,3,1,2,1,1,4,2,1,,6,,,b'\x11\xe8\xe1I\xcb\xf3\x91\x12\xaf\x82\x12\xdf\x17\xaeN\x1e'
11E8E149-CBF3-9112-AF82-12DF17AE4E1E,2024-ncaa-d1-natl,ncaa,218,129,348,184,355,307,300,308,262,252,211,254,316,313,303,275,258,236,292,228,180,303,317,281,284,275,283,285,120,137,47,331,186,288,109,311,287,99,199,272,179,92,302,238,,,92,252,,,149,345,156,352,232,213,145,141,84,283,263,171,135,120,127,108,49,264,151,266,238,104,265,,226,,,145,6,2,6,96,7,14,88,48,44,171,160,152,189,35,184,317,8,14,99,125,48,288,186,312,37,186,11,47,10,109,12,117,149,44,23,98,196,49,58,,,324,280,,,149,16,243,45,152,70,44,43,42,63,114,120,247,285,283,67,160,125,115,103,48,61,217,102,,237,,,b'\x11\xe8\xe1I\xcb\xf3\x91\x12\xaf\x82\x12\xdf\x17\xaeN\x1e'
11E8E149-CBF3-9112-AF82-12DF17AE4E1E,2025-ncaa-d0-natl,genius_ncaa,265,199,335,257,341,317,331,325,298,263,174,327,349,350,305,347,89,67,280,68,63,291,246,334,307,330,282,345,6,43,6,296,169,180,25,306,214,318,343,338,133,64,321,257,,,346,362,,330,197,321,109,74,254,285,227,169,57,346,347,24,13,13,120,29,6,183,20,270,353,58,300,,362,,352,200,23,3,2,42,3,1,66,92,93,144,245,346,352,90,350,362,20,41,82,163,87,361,220,362,62,169,7,6,8,25,25,281,122,40,34,185,245,314,309,,,109,27,,89,197,47,292,86,193,135,14,26,8,10,192,217,360,361,361,128,254,178,58,88,89,34,296,352,,10,,44,b'\x11\xe8\xe1I\xcb\xf3\x91\x12\xaf\x82\x12\xdf\x17\xaeN\x1e'
11E8E149-CBF3-9112-AF82-12DF17AE4E1E,2025-ncaa-d1-conf-MEAC,genius_ncaa,3,3,3,3,3,3,4,4,4,2,3,5,6,7,5,8,1,1,3,1,3,3,3,5,4,4,6,8,1,1,1,4,1,2,1,4,3,7,5,4,3,2,7,6,,,8,8,,8,3,4,5,2,4,5,4,2,1,6,7,1,2,2,4,2,1,3,1,4,6,3,7,,8,,8,3,2,1,1,4,1,1,3,6,6,6,8,8,8,4,8,8,2,5,4,5,4,8,8,8,1,1,1,1,1,1,1,1,2,2,2,2,2,6,3,,,1,1,,1,3,5,4,3,3,3,1,1,1,1,6,7,8,8,8,2,2,1,1,1,1,3,2,5,,1,,1,b'\x11\xe8\xe1I\xcb\xf3\x91\x12\xaf\x82\x12\xdf\x17\xaeN\x1e'
11E8E149-CBF3-9112-AF82-12DF17AE4E1E,2025-ncaa-d1-natl,genius_ncaa,193,199,172,204,183,239,270,225,297,180,86,317,343,345,331,344,42,27,265,29,52,174,98,333,310,331,287,351,5,18,7,164,151,60,18,292,270,354,344,346,66,49,281,231,,,358,362,,347,176,170,111,93,258,293,239,162,65,350,346,20,12,12,141,33,12,140,18,305,355,49,285,,362,,351,175,71,8,51,18,7,20,33,147,209,64,259,354,358,79,357,362,117,201,29,93,42,361,220,362,156,151,40,7,68,18,38,244,55,35,21,257,210,330,280,,,33,27,,65,176,208,292,36,168,87,8,29,7,11,156,225,356,359,358,120,246,172,46,83,48,31,272,334,,12,,55,b'\x11\xe8\xe1I\xcb\xf3\x91\x12\xaf\x82\x12\xdf\x17\xaeN\x1e'
11E8E149-CBF3-9112-AF82-12DF17AE4E1E,2026-ncaa-d0-natl,genius_ncaa,123,250,9,196,20,120,132,90,243,97,25,297,260,291,135,356,34,13,269,13,93,72,34,289,263,287,258,338,34,69,164,90,290,75,238,145,189,359,309,291,49,114,154,237,,,363,351,,349,294,33,187,97,272,289,317,201,105,344,357,85,56,51,261,180,174,260,230,271,303,111,248,,340,,309,264,350,329,319,210,320,301,199,312,312,205,176,358,361,96,361,335,338,343,210,230,207,278,165,322,351,290,327,164,346,238,354,343,39,139,230,329,207,360,323,,,14,64,,66,294,331,278,239,264,222,159,116,144,102,190,179,312,332,328,191,220,287,168,229,297,126,216,347,,73,,154,b'\x11\xe8\xe1I\xcb\xf3\x91\x12\xaf\x82\x12\xdf\x17\xaeN\x1e'
11E8E149-CBF3-9112-AF82-12DF17AE4E1E,2026-ncaa-d1-natl,genius_ncaa,110,249,2,192,6,92,101,53,231,62,11,288,267,284,202,353,23,7,300,6,96,33,9,274,269,287,293,346,42,27,127,63,306,39,225,123,219,360,311,296,34,91,128,210,,,363,352,,357,279,10,181,100,266,281,305,190,100,349,355,94,57,48,237,159,120,279,203,267,309,81,227,,340,,322,265,351,335,336,220,333,324,213,298,307,182,155,358,362,98,362,335,351,359,208,237,201,252,135,325,351,306,341,127,352,225,350,336,16,107,203,333,201,361,320,,,4,73,,68,279,354,274,221,267,215,154,103,156,110,155,134,317,338,335,166,227,284,171,229,282,110,198,339,,72,,151,b'\x11\xe8\xe1I\xcb\xf3\x91\x12\xaf\x82\x12\xdf\x17\xaeN\x1e'
11E8E149-CBF7-B92C-AF82-12DF17AE4E1E,2010-ncaa-d0-natl,ncaa,149,174,81,163,106,108,90,122,63,98,146,64,116,129,120,146,183,164,242,174,199,137,124,72,91,115,201,154,258,161,162,140,117,154,136,86,124,224,199,126,180,212,262,258,,,316,315,,,189,116,161,229,125,91,172,117,196,135,147,229,203,217,198,196,193,197,212,94,191,213,277,,304,,,188,296,225,196,211,165,117,243,291,280,222,279,324,302,326,293,305,227,226,248,298,296,310,248,289,139,117,166,162,157,136,253,229,154,179,212,174,144,182,176,,,138,183,,,189,234,122,271,183,251,167,121,120,51,279,277,310,272,263,159,152,87,111,85,212,197,139,164,,193,,,"b'\x11\xe8\xe1I\xcb\xf7\xb9,\xaf\x82\x12\xdf\x17\xaeN\x1e'"
11E8E149-CBF7-B92C-AF82-12DF17AE4E1E,2010-ncaa-d1-conf-Summit League,ncaa,4,4,3,4,4,3,3,3,4,4,4,3,4,4,4,7,5,3,8,3,6,3,3,3,5,5,6,6,10,2,1,5,5,3,3,4,4,4,5,4,3,5,9,9,,,9,9,,,6,3,7,5,4,4,5,4,5,4,4,5,4,4,3,4,3,7,4,4,4,5,9,,6,,,6,7,6,7,7,4,3,7,8,8,5,8,9,8,9,8,8,7,8,7,7,7,9,9,10,6,5,5,1,5,3,5,6,4,6,5,4,2,7,7,,,3,6,,,6,8,4,6,6,6,5,3,2,2,8,8,8,6,6,5,4,4,2,3,5,4,3,5,,3,,,"b'\x11\xe8\xe1I\xcb\xf7\xb9,\xaf\x82\x12\xdf\x17\xaeN\x1e'"
11E8E149-CBF7-B92C-AF82-12DF17AE4E1E,2010-ncaa-d1-natl,ncaa,156,174,91,167,115,114,97,135,66,105,159,67,121,138,123,143,189,172,242,180,198,150,136,75,93,118,200,154,255,174,166,154,121,170,142,91,127,213,200,129,199,217,265,262,,,314,316,,,196,128,163,228,129,97,176,120,200,137,147,228,205,218,200,197,195,200,214,94,190,214,279,,305,,,196,291,217,185,217,152,105,246,288,274,225,280,319,296,327,287,306,215,208,254,301,303,309,246,290,124,121,154,166,139,142,243,230,171,183,218,161,147,177,183,,,151,184,,,196,221,125,282,187,259,176,124,122,49,280,279,310,273,265,161,155,89,113,85,215,204,141,168,,192,,,"b'\x11\xe8\xe1I\xcb\xf7\xb9,\xaf\x82\x12\xdf\x17\xaeN\x1e'"
11E8E149-CBF7-B92C-AF82-12DF17AE4E1E,2011-ncaa-d0-natl,ncaa,192,175,242,195,278,196,218,201,224,193,149,236,234,249,206,234,99,137,72,137,134,181,207,240,190,182,168,239,45,141,118,200,28,165,67,212,165,97,131,174,234,206,62,36,,,273,332,,,183,242,121,257,148,182,125,153,103,217,219,61,87,82,97,105,100,118,82,171,163,207,36,,317,,,184,130,91,54,224,75,71,153,183,106,325,150,228,241,130,238,289,80,72,235,255,263,279,215,256,15,28,123,118,53,67,104,169,254,205,193,124,162,122,115,,,212,188,,,183,97,170,212,193,200,154,106,134,125,237,140,278,278,279,155,123,31,210,116,160,220,168,157,,150,,,"b'\x11\xe8\xe1I\xcb\xf7\xb9,\xaf\x82\x12\xdf\x17\xaeN\x1e'"
11E8E149-CBF7-B92C-AF82-12DF17AE4E1E,2011-ncaa-d1-conf-Summit League,ncaa,6,6,5,6,5,6,6,3,8,5,4,8,6,6,6,9,4,4,2,4,8,4,5,8,7,7,5,8,3,2,1,6,3,4,1,5,3,5,5,5,7,7,2,1,,,8,9,,,5,6,4,5,5,6,2,5,3,6,5,3,5,5,2,3,1,6,2,4,6,6,1,,8,,,5,6,2,2,4,1,3,3,7,4,10,7,8,8,5,8,9,4,4,6,6,5,9,8,9,3,3,5,1,4,1,6,9,7,7,7,7,7,3,2,,,7,8,,,5,4,6,5,6,5,3,4,3,5,7,5,8,8,8,6,7,3,5,4,6,7,8,5,,7,,,"b'\x11\xe8\xe1I\xcb\xf7\xb9,\xaf\x82\x12\xdf\x17\xaeN\x1e'"
11E8E149-CBF7-B92C-AF82-12DF17AE4E1E,2011-ncaa-d1-natl,ncaa,188,172,199,188,260,183,199,182,204,173,137,224,222,232,166,230,101,134,74,136,145,172,184,220,181,174,166,223,62,134,120,173,31,146,67,183,150,106,135,152,218,187,49,29,,,279,332,,,166,211,128,260,143,171,129,152,107,206,213,72,94,95,104,117,111,113,85,148,159,201,31,,315,,,166,142,110,74,218,87,91,134,186,105,321,145,222,244,109,241,275,99,80,230,234,239,266,213,251,16,31,130,120,58,67,101,158,242,208,186,139,177,118,109,,,198,185,,,166,124,160,199,172,189,153,107,130,130,219,136,259,270,269,149,117,32,194,109,153,222,176,146,,151,,,"b'\x11\xe8\xe1I\xcb\xf7\xb9,\xaf\x82\x12\xdf\x17\xaeN\x1e'"
11E8E149-CBF7-B92C-AF82-12DF17AE4E1E,2012-ncaa-d0-natl,ncaa,73,87,48,83,49,31,34,29,83,59,45,141,37,74,22,149,46,61,85,65,176,31,36,71,63,44,100,101,193,85,146,51,44,54,105,41,145,174,58,45,75,122,113,126,,,338,330,,,87,31,62,21,30,37,27,75,88,52,105,72,102,106,32,57,125,109,107,45,97,106,137,,332,,,88,318,249,249,209,224,234,200,264,250,238,169,337,336,316,336,330,299,303,210,275,236,306,161,323,137,44,304,146,255,105,236,159,50,109,109,171,68,297,221,,,26,81,,,87,313,50,199,94,257,170,124,149,127,209,188,330,322,323,210,238,62,220,147,160,93,115,261,,36,,,"b'\x11\xe8\xe1I\xcb\xf7\xb9,\xaf\x82\x12\xdf\x17\xaeN\x1e'"
11E8E149-CBF7-B92C-AF82-12DF17AE4E1E,2012-ncaa-d1-conf-Summit League,ncaa,3,3,1,3,1,2,1,1,4,1,1,6,4,4,5,4,2,2,6,2,6,1,1,5,5,5,5,4,6,1,1,2,2,1,2,3,6,7,1,5,2,3,2,3,,,8,7,,,3,1,2,1,3,2,1,2,1,4,4,4,3,3,1,1,1,3,1,5,6,2,3,,8,,,3,7,7,7,3,7,6,3,6,7,5,5,7,8,4,8,6,8,8,4,5,4,7,6,7,6,2,7,1,7,2,6,6,2,3,3,5,2,6,4,,,2,5,,,3,8,3,4,3,5,4,4,4,4,6,5,6,6,6,6,6,3,5,5,3,3,4,5,,3,,,"b'\x11\xe8\xe1I\xcb\xf7\xb9,\xaf\x82\x12\xdf\x17\xaeN\x1e'"
11E8E149-CBF7-B92C-AF82-12DF17AE4E1E,2012-ncaa-d1-natl,ncaa,68,86,23,82,25,17,22,18,83,42,34,132,31,59,26,141,38,45,87,49,169,18,20,72,65,46,99,100,189,62,149,33,38,38,101,27,135,191,59,45,60,121,108,123,,,341,330,,,74,15,48,25,23,34,24,74,90,51,95,63,94,104,27,45,119,98,95,42,108,99,133,,333,,,79,333,277,275,210,248,256,195,278,264,252,163,340,338,303,339,332,317,322,213,277,239,308,171,321,145,38,319,149,283,101,260,155,43,116,114,207,83,294,208,,,22,89,,,74,329,46,201,88,266,184,132,155,132,216,187,330,324,326,222,256,53,232,153,167,91,135,254,,35,,,"b'\x11\xe8\xe1I\xcb\xf7\xb9,\xaf\x82\x12\xdf\x17\xaeN\x1e'"
11E8E149-CBF7-B92C-AF82-12DF17AE4E1E,2013-ncaa-d0-natl,ncaa,273,265,251,277,294,313,316,337,165,298,308,206,253,292,88,215,265,312,26,310,200,338,341,163,139,179,168,184,112,342,342,323,293,341,332,308,258,68,271,275,326,312,171,105,,,63,201,,,309,327,325,267,313,311,341,285,291,243,282,241,298,296,341,339,342,323,343,309,135,316,155,,118,,,309,126,123,54,278,69,23,271,290,240,304,311,76,71,185,63,199,46,22,308,306,326,293,311,96,129,293,52,342,63,332,269,328,335,309,340,72,218,73,168,,,229,16,,,309,16,259,333,320,212,210,103,119,35,310,290,118,111,105,92,34,187,105,131,304,328,118,107,,179,,,"b'\x11\xe8\xe1I\xcb\xf7\xb9,\xaf\x82\x12\xdf\x17\xaeN\x1e'"
11E8E149-CBF7-B92C-AF82-12DF17AE4E1E,2013-ncaa-d1-conf-Summit League,ncaa,8,8,5,8,6,9,9,9,7,9,8,8,9,9,3,9,4,6,2,6,5,9,9,7,5,9,4,8,2,9,8,8,9,8,8,9,9,8,9,9,9,9,5,3,,,5,6,,,9,8,9,3,9,9,9,8,8,9,9,4,5,5,9,9,9,8,8,9,8,9,5,,6,,,9,2,3,3,4,2,2,5,6,9,4,9,4,4,1,4,6,3,2,5,4,5,9,8,5,9,9,1,8,4,8,5,8,9,9,8,6,9,5,7,,,5,2,,,9,2,9,6,9,5,5,5,3,2,7,9,4,4,4,5,1,9,4,4,4,9,8,7,,4,,,"b'\x11\xe8\xe1I\xcb\xf7\xb9,\xaf\x82\x12\xdf\x17\xaeN\x1e'"
11E8E149-CBF7-B92C-AF82-12DF17AE4E1E,2013-ncaa-d1-natl,ncaa,281,282,210,287,274,309,313,339,169,295,302,209,252,289,92,212,250,296,42,293,191,339,345,173,148,188,168,185,107,343,342,322,294,341,334,313,262,83,267,278,326,307,153,93,,,74,199,,,317,327,327,267,316,317,342,292,291,249,283,243,290,289,341,339,343,325,343,316,129,313,144,,120,,,317,174,155,64,286,72,22,273,311,269,324,314,94,84,233,77,205,59,27,313,311,331,304,317,99,146,294,73,342,82,334,297,334,332,308,341,84,222,79,175,,,195,13,,,317,15,267,334,323,222,212,99,105,27,317,296,126,110,104,93,35,186,122,139,310,325,115,106,,154,,,"b'\x11\xe8\xe1I\xcb\xf7\xb9,\xaf\x82\x12\xdf\x17\xaeN\x1e'"
11E8E149-CBF7-B92C-AF82-12DF17AE4E1E,2014-ncaa-d0-natl,ncaa,258,246,254,261,259,141,138,193,84,110,142,119,215,251,88,250,113,179,12,175,230,191,210,106,80,82,226,234,107,198,109,147,202,160,102,274,331,95,115,237,329,333,308,319,,,145,166,,,191,203,86,39,53,57,76,51,67,192,219,50,142,136,80,99,157,48,83,262,157,318,304,,217,,,194,247,275,259,226,291,190,317,184,296,11,285,126,117,205,114,108,241,164,207,189,299,70,146,80,224,202,39,109,91,102,175,54,337,342,318,63,89,85,69,,,205,180,,,191,146,84,307,190,314,327,338,325,286,224,330,182,169,168,333,294,289,92,167,230,328,114,113,,141,,,"b'\x11\xe8\xe1I\xcb\xf7\xb9,\xaf\x82\x12\xdf\x17\xaeN\x1e'"
11E8E149-CBF7-B92C-AF82-12DF17AE4E1E,2014-ncaa-d1-conf-WAC,ncaa,7,6,5,7,6,5,5,6,2,3,2,4,7,9,4,8,3,4,2,3,8,6,5,5,4,4,8,8,1,4,1,5,4,5,2,8,9,6,5,7,9,9,7,8,,,6,6,,,5,5,5,3,5,4,5,2,1,6,8,1,3,3,5,4,4,4,3,8,5,9,7,,6,,,5,5,7,5,7,7,5,8,3,6,3,6,5,5,5,5,5,5,5,7,5,8,2,4,5,4,4,1,1,1,2,6,5,8,9,7,5,5,6,3,,,6,4,,,5,5,3,8,5,7,8,8,8,7,5,8,5,5,5,8,6,5,1,2,6,8,5,7,,5,,,"b'\x11\xe8\xe1I\xcb\xf7\xb9,\xaf\x82\x12\xdf\x17\xaeN\x1e'"
11E8E149-CBF7-B92C-AF82-12DF17AE4E1E,2014-ncaa-d1-natl,ncaa,252,244,211,254,218,133,125,171,80,100,123,119,195,245,73,244,105,182,11,181,238,173,183,102,76,72,215,231,124,199,126,124,193,155,105,267,329,120,126,240,326,334,308,320,,,162,156,,,199,186,86,39,54,53,84,56,73,179,214,58,156,152,87,103,168,53,92,262,162,323,305,,213,,,199,280,305,282,242,304,200,321,205,308,11,294,137,124,224,123,112,266,186,226,211,309,73,154,79,229,193,48,126,108,105,186,51,333,340,314,67,85,118,91,,,190,182,,,199,176,84,310,197,318,330,338,326,279,235,329,182,169,166,333,293,284,92,163,231,325,102,144,,143,,,"b'\x11\xe8\xe1I\xcb\xf7\xb9,\xaf\x82\x12\xdf\x17\xaeN\x1e'"
11E8E149-CBF7-B92C-AF82-12DF17AE4E1E,2015-ncaa-d0-natl,ncaa,306,296,283,308,286,312,306,341,95,271,300,158,265,315,48,257,306,323,138,324,262,341,332,122,129,229,236,209,210,286,83,299,265,305,94,283,190,219,339,293,345,337,330,324,,,14,74,,,295,338,335,23,305,279,342,233,259,248,300,279,299,301,344,324,255,242,279,254,303,341,322,,45,,,296,85,158,108,257,143,59,303,214,238,131,311,6,6,150,5,27,53,20,270,228,320,99,281,9,131,265,1,83,1,94,171,177,345,339,343,257,338,50,122,,,270,59,,,295,14,231,331,298,206,294,273,261,144,281,312,15,14,11,180,43,233,6,20,262,343,315,74,,176,,,"b'\x11\xe8\xe1I\xcb\xf7\xb9,\xaf\x82\x12\xdf\x17\xaeN\x1e'"
11E8E149-CBF7-B92C-AF82-12DF17AE4E1E,2015-ncaa-d1-conf-WAC,ncaa,7,7,5,7,5,5,5,7,1,5,5,2,6,6,2,6,7,8,2,8,8,7,5,2,2,5,8,6,7,5,1,6,2,5,1,5,5,6,7,7,8,8,7,7,,,4,5,,,7,7,8,1,6,5,7,3,5,5,6,8,8,8,7,6,6,5,6,4,7,8,7,,3,,,7,3,3,2,6,2,1,7,5,7,4,7,4,3,6,3,3,3,2,6,6,7,5,7,3,1,2,1,1,1,1,5,5,8,8,7,6,7,3,2,,,5,2,,,7,2,5,7,7,5,7,4,4,1,7,7,3,3,3,4,1,1,1,1,7,8,6,3,,5,,,"b'\x11\xe8\xe1I\xcb\xf7\xb9,\xaf\x82\x12\xdf\x17\xaeN\x1e'"
11E8E149-CBF7-B92C-AF82-12DF17AE4E1E,2015-ncaa-d1-natl,ncaa,312,313,209,315,212,305,292,341,110,246,272,169,267,309,62,260,297,311,159,313,277,344,330,130,142,239,252,215,223,265,84,275,279,295,98,278,200,277,340,298,342,337,320,322,,,40,98,,,301,330,334,29,312,284,342,241,257,256,302,296,305,308,346,324,256,245,286,260,306,342,319,,68,,,299,141,224,181,251,191,98,293,262,290,122,317,14,13,202,11,39,109,34,259,227,313,120,283,16,183,279,1,84,8,98,204,181,345,339,343,296,340,60,116,,,233,67,,,301,23,246,331,301,217,278,265,251,129,285,314,35,26,22,185,47,245,6,23,246,342,315,71,,189,,,"b'\x11\xe8\xe1I\xcb\xf7\xb9,\xaf\x82\x12\xdf\x17\xaeN\x1e'"
11E8E149-CBF7-B92C-AF82-12DF17AE4E1E,2016-ncaa-d0-natl,ncaa,280,228,340,274,341,336,328,346,132,268,302,175,335,341,222,313,300,320,64,325,269,346,343,200,171,246,307,310,132,253,23,334,79,326,30,283,114,151,330,262,344,319,336,323,,,14,179,,,244,347,329,42,292,262,326,162,162,322,331,220,266,268,327,290,144,263,210,205,304,334,324,,94,,,255,15,36,8,290,55,14,288,62,40,235,170,20,19,150,18,108,4,1,291,271,305,88,166,80,1,79,1,23,1,30,22,43,346,297,252,154,316,10,53,,,287,49,,,244,2,216,274,267,165,205,84,224,117,162,125,87,90,84,60,20,31,6,7,90,329,294,52,,119,,,"b'\x11\xe8\xe1I\xcb\xf7\xb9,\xaf\x82\x12\xdf\x17\xaeN\x1e'"
11E8E149-CBF7-B92C-AF82-12DF17AE4E1E,2016-ncaa-d1-conf-WAC,ncaa,6,6,5,6,5,5,5,6,2,2,2,3,8,8,5,8,3,6,2,6,7,7,6,3,3,5,8,8,3,5,1,6,2,5,1,3,3,8,8,7,7,8,8,8,,,6,7,,,6,7,8,1,5,5,6,1,1,8,8,2,4,4,7,5,3,5,4,3,8,8,7,,7,,,6,4,4,2,8,7,3,8,2,2,4,2,4,5,4,5,6,2,2,6,6,6,1,1,5,1,2,1,1,1,1,3,2,6,5,5,6,6,3,2,,,2,1,,,6,2,4,6,6,5,6,3,7,4,3,2,4,7,7,2,2,1,1,1,3,6,6,5,,1,,,"b'\x11\xe8\xe1I\xcb\xf7\xb9,\xaf\x82\x12\xdf\x17\xaeN\x1e'"
11E8E149-CBF7-B92C-AF82-12DF17AE4E1E,2016-ncaa-d1-natl,ncaa,265,227,337,262,339,328,308,347,128,233,258,163,332,338,249,316,273,305,44,305,274,346,340,197,170,233,316,320,132,200,12,331,62,310,21,253,114,175,324,252,342,309,331,318,,,19,172,,,240,349,331,44,279,256,322,136,145,326,331,215,266,268,321,287,119,269,204,196,294,329,326,,80,,,245,22,56,6,296,92,26,292,63,36,221,146,23,20,158,19,96,2,1,286,270,299,69,137,77,2,62,1,12,1,21,27,42,344,287,242,195,310,17,51,,,254,70,,,240,1,207,271,255,152,203,71,229,126,128,88,69,70,70,49,13,19,5,5,89,328,283,56,,146,,,"b'\x11\xe8\xe1I\xcb\xf7\xb9,\xaf\x82\x12\xdf\x17\xaeN\x1e'"
11E8E149-CBF7-B92C-AF82-12DF17AE4E1E,2017-ncaa-d0-natl,ncaa,284,247,321,283,330,310,259,326,108,194,220,142,319,330,154,294,340,340,190,339,339,333,339,151,181,215,334,283,314,227,78,341,107,331,110,274,252,82,246,222,307,221,317,291,,,24,184,,,266,341,311,159,251,167,239,98,91,291,317,329,328,326,277,273,146,333,296,218,215,262,301,,93,,,272,60,95,11,337,82,16,325,182,49,346,207,38,18,341,16,96,7,4,339,341,336,168,261,73,4,107,4,78,3,110,41,45,318,207,199,116,252,116,151,,,342,302,,,266,6,189,320,279,235,259,57,222,75,266,135,99,64,64,46,22,22,42,24,119,257,226,204,,320,,,"b'\x11\xe8\xe1I\xcb\xf7\xb9,\xaf\x82\x12\xdf\x17\xaeN\x1e'"
11E8E149-CBF7-B92C-AF82-12DF17AE4E1E,2017-ncaa-d1-conf-WAC,ncaa,6,6,2,6,4,4,3,4,3,2,1,3,8,8,7,8,6,5,4,5,8,4,3,6,5,5,8,8,6,5,2,6,1,6,2,4,6,7,5,5,8,8,5,5,,,3,3,,,7,3,7,6,6,5,6,1,1,8,8,6,7,7,6,6,5,6,6,5,6,8,5,,3,,,7,7,7,3,7,7,4,5,7,5,8,4,3,2,8,2,3,2,2,7,8,8,4,5,3,2,1,3,2,2,2,6,3,8,7,6,5,6,6,5,,,5,5,,,7,6,5,7,7,7,7,2,7,3,7,4,2,2,2,2,1,1,2,1,4,8,6,6,,6,,,"b'\x11\xe8\xe1I\xcb\xf7\xb9,\xaf\x82\x12\xdf\x17\xaeN\x1e'"
11E8E149-CBF7-B92C-AF82-12DF17AE4E1E,2017-ncaa-d1-natl,ncaa,269,247,310,268,316,280,212,289,98,136,159,129,306,326,164,298,338,339,168,337,341,314,318,145,171,200,336,290,320,183,55,337,86,315,80,246,259,114,222,214,252,172,305,285,,,40,192,,,240,339,299,164,222,136,198,69,69,292,314,323,328,325,251,254,115,333,275,205,197,219,297,,104,,,243,81,117,13,336,111,18,322,203,75,345,227,43,23,333,23,94,7,6,337,340,330,181,268,71,3,86,2,55,2,80,54,48,268,170,179,114,199,166,154,,,339,316,,,240,11,168,310,246,211,235,50,199,56,261,145,89,61,61,40,19,16,35,16,112,232,173,223,,323,,,"b'\x11\xe8\xe1I\xcb\xf7\xb9,\xaf\x82\x12\xdf\x17\xaeN\x1e'"
11E8E149-CBF7-B92C-AF82-12DF17AE4E1E,2018-ncaa-d0-natl,ncaa,277,244,323,276,329,274,255,287,183,259,301,135,187,165,245,83,306,313,146,316,259,304,326,168,184,157,168,123,268,278,212,339,256,338,271,298,292,27,125,193,167,79,342,336,,,21,145,,,217,328,245,88,185,162,134,178,218,122,85,264,276,282,171,212,197,334,316,250,105,98,339,,124,,,224,62,95,17,334,104,19,335,114,76,261,237,45,31,259,34,172,11,16,334,332,293,131,193,94,26,256,66,212,37,271,215,321,212,94,232,14,62,99,196,,,307,216,,,217,19,168,275,234,222,246,80,238,64,211,172,141,121,129,65,99,118,204,170,308,107,61,187,,226,,,"b'\x11\xe8\xe1I\xcb\xf7\xb9,\xaf\x82\x12\xdf\x17\xaeN\x1e'"
11E8E149-CBF7-B92C-AF82-12DF17AE4E1E,2018-ncaa-d1-conf-WAC,ncaa,5,5,5,5,6,5,5,4,4,4,4,3,3,3,4,2,5,5,3,5,7,5,5,3,4,4,4,2,6,4,4,6,2,5,4,4,5,3,4,4,3,1,8,8,,,3,2,,,5,4,1,4,2,2,2,3,4,2,1,5,5,5,4,4,4,6,4,1,5,1,8,,4,,,5,2,4,1,6,5,3,6,5,4,6,6,2,2,6,2,4,2,2,6,6,5,4,5,3,1,2,4,4,1,4,7,7,3,3,4,2,3,4,5,,,6,4,,,5,5,5,4,5,5,6,2,6,4,6,4,3,3,3,3,4,1,6,1,7,1,3,4,,3,,,"b'\x11\xe8\xe1I\xcb\xf7\xb9,\xaf\x82\x12\xdf\x17\xaeN\x1e'"
11E8E149-CBF7-B92C-AF82-12DF17AE4E1E,2018-ncaa-d1-natl,ncaa,247,243,213,248,241,167,146,183,118,179,239,78,109,100,178,78,277,292,149,294,266,214,250,107,121,106,168,111,296,189,150,323,219,291,206,178,236,56,96,124,98,65,325,315,,,48,118,,,129,270,236,99,114,98,109,133,207,90,72,267,279,282,137,182,141,324,281,150,96,73,322,,100,,,128,100,130,39,310,135,47,315,143,106,226,220,73,52,274,54,146,26,48,316,306,221,131,191,99,59,219,93,150,62,206,242,311,126,66,183,35,62,110,164,,,266,230,,,129,59,98,204,132,162,188,69,198,64,178,143,116,89,92,54,94,99,149,122,277,83,66,145,,232,,,"b'\x11\xe8\xe1I\xcb\xf7\xb9,\xaf\x82\x12\xdf\x17\xaeN\x1e'"
11E8E149-CBF7-B92C-AF82-12DF17AE4E1E,2019-ncaa-d0-natl,ncaa,185,152,249,185,253,95,120,135,110,162,220,89,68,80,90,87,75,98,86,105,61,124,133,77,73,74,65,93,114,74,31,228,183,160,78,169,241,169,145,164,85,77,266,283,,,196,205,,,105,160,48,41,32,61,38,123,173,50,52,31,56,58,34,31,35,189,77,119,214,59,264,,267,,,103,221,225,137,295,281,213,292,66,48,195,36,245,268,108,270,245,159,186,269,268,234,63,34,233,125,183,52,31,57,78,214,174,120,111,163,138,113,293,306,,,181,214,,,105,197,53,214,101,288,284,222,318,297,91,71,280,292,296,271,301,182,94,117,261,68,186,313,,113,,,"b'\x11\xe8\xe1I\xcb\xf7\xb9,\xaf\x82\x12\xdf\x17\xaeN\x1e'"
11E8E149-CBF7-B92C-AF82-12DF17AE4E1E,2019-ncaa-d1-conf-WAC,ncaa,4,4,3,4,3,2,2,2,3,2,4,2,2,1,4,2,1,1,2,1,2,2,2,2,2,2,2,3,3,1,1,4,4,3,1,3,6,8,5,5,3,3,7,8,,,8,6,,,3,2,4,2,2,3,3,3,7,2,2,1,1,1,3,1,1,4,2,2,8,3,6,,8,,,3,8,8,7,7,8,8,7,4,5,4,4,6,8,2,8,7,8,8,6,6,5,3,3,5,4,4,2,1,2,1,7,6,3,3,4,5,2,8,9,,,2,5,,,3,8,1,5,3,7,7,6,7,7,3,3,6,8,8,7,6,2,2,1,7,3,4,8,,2,,,"b'\x11\xe8\xe1I\xcb\xf7\xb9,\xaf\x82\x12\xdf\x17\xaeN\x1e'"
11E8E149-CBF7-B92C-AF82-12DF17AE4E1E,2019-ncaa-d1-natl,ncaa,164,152,155,167,167,65,83,92,83,112,179,55,61,68,111,90,65,73,122,83,67,82,80,67,69,69,86,111,146,48,25,199,225,114,82,118,240,202,139,150,74,80,226,265,,,233,181,,,96,103,47,46,27,44,36,88,159,55,51,36,56,59,30,31,32,190,75,100,217,55,227,,267,,,92,268,268,220,282,305,279,269,85,63,206,31,275,285,107,288,239,244,262,255,253,215,62,37,231,220,225,67,25,100,82,238,167,88,113,155,177,108,280,270,,,139,224,,,96,263,48,212,92,286,289,250,315,311,92,69,280,291,295,291,313,235,90,138,259,71,180,290,,113,,,"b'\x11\xe8\xe1I\xcb\xf7\xb9,\xaf\x82\x12\xdf\x17\xaeN\x1e'"
11E8E149-CBF7-B92C-AF82-12DF17AE4E1E,2020-ncaa-d0-natl,ncaa,81,67,191,78,210,175,155,145,182,207,240,155,86,67,142,63,272,295,131,295,261,183,220,139,158,142,102,65,299,139,136,139,206,135,155,140,150,81,94,101,185,172,51,52,,,60,42,,,126,243,230,89,152,137,92,208,235,68,56,276,296,298,132,185,128,107,95,122,95,175,43,,58,,,126,115,104,206,47,66,194,28,229,199,238,214,139,82,345,73,70,171,140,59,78,114,286,277,189,249,206,167,136,205,155,246,329,247,243,278,134,138,158,191,,,313,315,,,126,107,122,147,127,124,116,253,78,210,240,218,162,95,87,216,173,259,192,238,260,238,144,173,,305,,,"b'\x11\xe8\xe1I\xcb\xf7\xb9,\xaf\x82\x12\xdf\x17\xaeN\x1e'"
11E8E149-CBF7-B92C-AF82-12DF17AE4E1E,2020-ncaa-d1-conf-WAC,ncaa,1,1,1,1,3,2,2,3,4,2,5,3,3,3,5,3,5,4,7,4,6,2,3,3,5,4,4,3,8,1,1,2,4,1,2,4,7,4,3,3,3,2,1,1,,,4,2,,,1,5,6,7,4,3,5,3,6,3,3,7,7,7,4,6,1,3,1,4,4,4,1,,1,,,1,4,3,6,1,2,6,1,7,5,6,6,4,2,9,2,4,6,6,1,1,2,9,8,5,6,4,4,1,5,2,5,7,3,3,5,5,5,5,5,,,6,8,,,1,5,1,2,1,2,2,4,1,4,6,5,3,2,2,4,5,5,2,3,5,5,4,5,,8,,,"b'\x11\xe8\xe1I\xcb\xf7\xb9,\xaf\x82\x12\xdf\x17\xaeN\x1e'"
11E8E149-CBF7-B92C-AF82-12DF17AE4E1E,2020-ncaa-d1-natl,ncaa,60,67,45,70,70,112,92,59,172,158,190,146,64,50,149,64,258,283,129,282,273,86,116,136,158,141,111,73,303,95,127,82,187,61,135,99,157,135,109,111,135,145,45,52,,,73,40,,,116,143,224,90,150,125,86,199,226,77,59,279,298,300,130,171,109,108,83,124,113,150,45,,51,,,117,160,149,271,46,105,234,32,252,261,207,226,174,101,347,92,71,249,234,57,75,105,283,275,190,261,187,225,127,257,135,279,325,201,227,266,182,150,165,176,,,296,324,,,116,210,116,125,118,118,111,242,79,198,233,223,159,90,83,200,171,240,177,215,255,229,158,151,,313,,,"b'\x11\xe8\xe1I\xcb\xf7\xb9,\xaf\x82\x12\xdf\x17\xaeN\x1e'"
11E8E149-CBF7-B92C-AF82-12DF17AE4E1E,2021-ncaa-d0-natl,ncaa,205,202,219,211,220,195,196,238,90,260,293,79,54,84,42,20,239,256,135,256,110,250,250,48,56,78,31,12,277,279,286,249,229,270,284,175,126,109,190,129,236,227,283,276,,,273,342,,,229,237,242,21,123,135,222,280,330,18,26,243,257,257,240,264,297,262,307,125,161,231,296,,340,,,229,166,121,96,274,114,83,284,186,156,243,219,314,301,243,299,342,118,105,291,320,326,315,187,335,120,229,112,286,107,284,134,164,265,263,252,52,68,45,117,,,227,123,,,229,108,109,327,237,291,187,92,144,57,253,231,341,339,339,203,131,177,166,160,190,268,52,35,,177,,,"b'\x11\xe8\xe1I\xcb\xf7\xb9,\xaf\x82\x12\xdf\x17\xaeN\x1e'"
11E8E149-CBF7-B92C-AF82-12DF17AE4E1E,2021-ncaa-d1-conf-Summit League,ncaa,4,4,3,4,4,6,4,5,4,6,7,4,2,3,4,2,9,9,4,9,8,7,5,3,4,6,4,1,9,6,5,7,7,6,6,3,4,7,8,5,5,4,6,6,,,7,9,,,4,6,7,2,7,4,8,7,8,3,3,9,9,9,8,8,7,9,9,5,7,5,6,,8,,,4,5,5,4,6,6,6,6,2,3,3,3,7,7,6,7,8,5,4,5,6,5,6,2,8,5,7,5,5,5,6,3,4,5,6,5,2,3,4,5,,,8,9,,,4,5,7,5,5,5,4,4,5,5,3,3,8,8,8,5,4,4,5,5,4,6,2,4,,9,,,"b'\x11\xe8\xe1I\xcb\xf7\xb9,\xaf\x82\x12\xdf\x17\xaeN\x1e'"
11E8E149-CBF7-B92C-AF82-12DF17AE4E1E,2021-ncaa-d1-natl,ncaa,184,225,152,207,154,134,139,163,101,217,248,85,36,46,49,25,197,217,125,213,128,174,178,59,67,82,34,17,275,211,244,195,199,205,236,106,109,171,164,114,185,201,239,241,,,312,341,,,219,169,233,28,121,125,197,270,314,21,27,243,258,257,219,238,253,256,284,109,148,214,263,,330,,,207,241,192,154,266,184,146,276,222,206,237,188,337,327,242,327,339,187,176,280,307,317,298,164,329,172,199,176,244,174,236,183,152,211,249,231,94,68,73,108,,,176,164,,,219,175,97,311,209,271,181,89,158,70,213,180,339,332,332,180,121,137,157,132,176,252,55,39,,205,,,"b'\x11\xe8\xe1I\xcb\xf7\xb9,\xaf\x82\x12\xdf\x17\xaeN\x1e'"
11E8E149-CBF7-B92C-AF82-12DF17AE4E1E,2022-ncaa-d0-natl,ncaa,67,49,112,64,125,87,96,134,64,117,149,94,74,127,28,142,85,137,20,136,155,129,141,51,43,41,111,121,167,152,148,131,12,138,57,101,178,128,100,99,259,268,235,256,,,182,204,,,124,144,205,123,65,77,152,119,177,80,139,92,157,156,159,185,171,145,148,106,103,290,254,,144,,,122,274,278,189,316,269,204,290,238,164,318,135,214,238,117,236,213,197,163,319,309,329,137,174,138,15,12,159,148,71,57,215,127,281,296,294,110,92,178,166,,,74,55,,,124,208,38,286,128,246,261,125,248,166,214,119,185,213,212,136,67,6,96,24,192,311,91,152,,70,,,"b'\x11\xe8\xe1I\xcb\xf7\xb9,\xaf\x82\x12\xdf\x17\xaeN\x1e'"
11E8E149-CBF7-B92C-AF82-12DF17AE4E1E,2022-ncaa-d1-conf-Summit League,ncaa,3,3,3,3,4,3,3,3,3,4,5,3,3,4,3,5,2,3,2,3,5,3,1,3,3,3,4,5,5,1,2,4,3,3,2,3,2,7,3,3,7,8,6,8,,,8,7,,,3,4,5,5,3,3,2,4,5,4,5,3,5,5,2,3,2,5,3,3,4,9,7,,6,,,3,10,10,5,10,9,8,6,8,3,10,3,9,10,2,10,8,8,5,10,10,10,5,5,6,2,3,7,2,5,2,9,6,6,7,8,5,4,6,6,,,1,1,,,3,7,3,9,3,8,7,5,7,6,7,3,8,10,10,6,5,2,4,3,9,7,4,7,,1,,,"b'\x11\xe8\xe1I\xcb\xf7\xb9,\xaf\x82\x12\xdf\x17\xaeN\x1e'"
11E8E149-CBF7-B92C-AF82-12DF17AE4E1E,2022-ncaa-d1-natl,ncaa,48,49,67,57,78,54,58,80,64,78,106,92,59,92,26,137,67,119,20,119,174,86,94,47,40,39,106,111,180,105,122,81,4,77,37,65,147,149,84,77,226,250,209,243,,,216,184,,,95,96,186,130,49,61,123,111,164,70,126,95,164,163,125,165,138,120,107,72,86,273,240,,133,,,95,296,297,225,303,293,245,279,232,179,299,134,235,256,102,251,207,240,205,300,283,313,125,162,143,14,4,207,122,91,37,251,140,246,279,282,148,88,226,175,,,55,71,,,95,257,31,256,96,226,240,123,239,173,185,114,181,209,205,138,71,4,99,22,189,301,91,171,,87,,,"b'\x11\xe8\xe1I\xcb\xf7\xb9,\xaf\x82\x12\xdf\x17\xaeN\x1e'"
11E8E149-CBF7-B92C-AF82-12DF17AE4E1E,2023-ncaa-d0-natl,ncaa,312,328,164,321,185,210,187,143,234,121,60,285,311,338,173,346,211,212,137,212,333,151,131,269,260,273,332,323,158,97,79,191,216,137,142,257,312,289,267,295,188,194,56,38,,,210,203,,,331,155,114,118,225,189,110,97,21,319,344,204,205,205,135,84,68,188,106,268,299,177,36,,234,,,327,311,321,257,318,312,178,348,285,302,173,294,224,203,245,205,210,249,202,319,318,342,177,213,112,206,216,151,79,171,142,352,340,281,315,358,290,269,202,99,,,273,332,,,331,207,260,346,325,340,341,309,326,196,304,322,233,216,215,307,257,230,169,200,357,295,298,211,,296,,,"b'\x11\xe8\xe1I\xcb\xf7\xb9,\xaf\x82\x12\xdf\x17\xaeN\x1e'"
11E8E149-CBF7-B92C-AF82-12DF17AE4E1E,2023-ncaa-d1-conf-Summit League,ncaa,9,10,1,10,2,7,6,3,8,4,1,9,10,10,8,10,8,9,6,9,10,3,2,9,10,10,10,10,7,1,3,4,9,2,4,10,10,10,9,10,4,6,3,3,,,6,3,,,10,3,6,6,10,8,6,5,1,10,10,9,9,9,6,5,2,8,4,10,9,6,3,,3,,,10,9,9,9,9,10,9,10,7,10,1,9,4,4,2,4,3,9,9,9,6,7,2,4,1,10,9,7,3,8,4,10,10,7,9,10,9,8,5,2,,,9,10,,,10,8,10,10,10,7,9,9,9,5,5,7,2,3,3,7,6,7,5,7,10,7,7,5,,10,,,"b'\x11\xe8\xe1I\xcb\xf7\xb9,\xaf\x82\x12\xdf\x17\xaeN\x1e'"
11E8E149-CBF7-B92C-AF82-12DF17AE4E1E,2023-ncaa-d1-natl,ncaa,299,328,103,314,119,184,157,99,238,77,31,283,314,331,220,349,146,159,129,158,322,108,85,273,265,270,334,332,132,60,77,159,201,109,136,253,327,318,259,303,141,165,30,29,,,280,241,,,321,96,93,131,217,192,99,79,15,329,345,163,174,173,110,75,62,186,96,287,292,155,30,,266,,,313,333,334,287,313,324,208,340,306,315,187,292,264,251,228,251,241,295,266,319,316,337,208,223,143,227,201,214,77,230,136,356,340,213,278,347,297,247,203,78,,,213,314,,,321,262,259,332,312,337,331,289,312,159,306,318,246,238,239,292,260,204,188,196,356,237,283,195,,248,,,"b'\x11\xe8\xe1I\xcb\xf7\xb9,\xaf\x82\x12\xdf\x17\xaeN\x1e'"
11E8E149-CBF7-B92C-AF82-12DF17AE4E1E,2024-ncaa-d0-natl,ncaa,264,276,196,276,241,220,176,180,177,96,70,199,337,334,321,340,245,171,345,176,281,173,175,253,272,264,354,342,208,134,131,231,195,197,171,235,298,181,189,244,226,226,94,86,,,355,359,,,268,193,123,263,225,159,142,53,28,342,339,235,146,148,131,126,125,232,173,235,201,215,89,,358,,,265,210,88,88,199,125,143,155,76,57,236,44,357,356,237,355,355,159,150,172,264,271,306,49,359,137,195,135,131,125,171,109,173,197,185,152,224,230,6,2,,,142,103,,,268,161,250,266,268,249,105,74,164,165,78,61,357,356,356,211,211,175,179,166,131,178,248,6,,90,,,"b'\x11\xe8\xe1I\xcb\xf7\xb9,\xaf\x82\x12\xdf\x17\xaeN\x1e'"
11E8E149-CBF7-B92C-AF82-12DF17AE4E1E,2024-ncaa-d1-conf-Summit League,ncaa,9,8,6,9,6,9,8,5,9,5,2,8,9,9,8,9,9,9,9,9,9,8,8,9,9,9,9,9,9,4,3,8,8,6,6,8,6,5,7,8,7,5,2,1,,,9,9,,,7,8,6,3,9,6,3,4,2,9,9,9,9,9,6,6,4,7,6,7,7,5,1,,9,,,8,3,1,1,3,1,1,3,2,3,4,3,9,9,7,9,9,2,2,3,4,5,8,3,9,5,8,4,3,6,6,3,9,7,5,4,8,8,1,1,,,9,9,,,7,2,9,5,8,4,2,1,2,1,3,3,9,9,9,4,4,6,4,6,4,6,8,1,,9,,,"b'\x11\xe8\xe1I\xcb\xf7\xb9,\xaf\x82\x12\xdf\x17\xaeN\x1e'"
11E8E149-CBF7-B92C-AF82-12DF17AE4E1E,2024-ncaa-d1-natl,ncaa,243,278,130,262,175,173,129,131,147,48,28,183,337,340,314,347,214,126,349,131,296,128,116,225,256,236,360,348,226,98,92,184,185,146,141,206,298,216,174,230,188,209,75,73,,,359,362,,,226,128,105,264,187,115,102,33,20,348,345,232,138,142,107,100,94,217,147,220,196,193,76,,360,,,226,238,89,111,147,124,164,121,90,77,200,52,362,358,217,358,357,212,223,133,230,217,317,57,361,171,185,162,92,163,141,109,172,138,146,115,247,221,6,2,,,89,109,,,226,226,223,205,230,218,73,68,116,147,74,63,358,357,357,198,224,169,145,147,110,141,245,7,,78,,,"b'\x11\xe8\xe1I\xcb\xf7\xb9,\xaf\x82\x12\xdf\x17\xaeN\x1e'"
11E8E149-CBF7-B92C-AF82-12DF17AE4E1E,2025-ncaa-d0-natl,genius_ncaa,282,292,194,290,216,208,178,153,218,101,47,279,328,340,238,348,200,137,333,143,282,150,154,275,296,266,349,337,166,91,103,258,90,186,142,300,354,148,146,283,204,202,300,286,,,330,355,,323,308,177,115,192,203,151,95,62,15,331,345,187,109,112,85,84,59,256,156,322,190,192,302,,346,,335,304,292,219,101,350,194,67,352,264,207,315,233,346,339,267,339,355,156,143,353,358,356,307,198,335,25,90,211,103,135,142,244,254,223,202,270,163,154,23,4,,,161,184,,164,308,175,237,333,307,327,270,107,231,65,291,229,349,344,344,181,150,37,245,149,282,198,184,25,,128,,161,"b'\x11\xe8\xe1I\xcb\xf7\xb9,\xaf\x82\x12\xdf\x17\xaeN\x1e'"
11E8E149-CBF7-B92C-AF82-12DF17AE4E1E,2025-ncaa-d1-conf-Summit League,genius_ncaa,4,5,3,5,4,4,3,3,6,3,2,9,8,9,2,9,5,3,9,3,7,2,2,7,9,8,8,8,5,1,2,5,5,3,3,6,8,6,4,6,2,3,5,5,,,9,9,,7,6,4,4,4,6,4,2,3,2,8,9,5,3,3,2,2,1,8,3,6,5,2,6,,9,,7,6,6,5,4,5,3,2,8,5,6,6,6,9,9,6,9,9,5,6,6,7,6,8,4,8,4,5,5,2,4,3,7,8,2,3,4,6,4,4,1,,,4,4,,2,6,5,6,6,6,6,3,4,2,1,6,6,8,8,8,4,6,4,5,4,6,3,5,3,,4,,4,"b'\x11\xe8\xe1I\xcb\xf7\xb9,\xaf\x82\x12\xdf\x17\xaeN\x1e'"
11E8E149-CBF7-B92C-AF82-12DF17AE4E1E,2025-ncaa-d1-natl,genius_ncaa,262,292,113,280,136,159,129,112,199,61,21,264,332,343,247,350,156,97,323,103,278,95,95,267,282,258,354,343,156,67,90,220,101,144,137,281,353,220,150,283,144,142,266,258,,,343,356,,330,292,116,106,212,190,133,88,46,10,338,348,172,103,108,78,77,60,258,161,316,200,152,280,,347,,334,288,317,258,141,342,237,112,343,268,214,311,208,349,346,256,345,354,203,211,348,358,345,297,180,335,57,101,237,90,170,137,288,258,153,154,227,192,149,33,5,,,122,180,,125,292,239,227,318,287,308,250,91,217,76,261,194,348,343,343,166,165,41,216,139,279,163,176,32,,120,,134,"b'\x11\xe8\xe1I\xcb\xf7\xb9,\xaf\x82\x12\xdf\x17\xaeN\x1e'"
11E8E149-CBF7-B92C-AF82-12DF17AE4E1E,2026-ncaa-d0-natl,genius_ncaa,332,295,279,332,284,279,278,303,187,281,252,302,220,321,8,288,273,222,338,230,158,302,309,172,196,181,120,119,180,276,235,343,338,333,336,277,227,49,153,192,233,136,248,187,,,160,347,,245,272,308,277,27,199,205,218,219,117,132,292,185,108,122,186,220,211,356,350,219,145,132,204,,329,,324,289,143,121,46,355,139,54,346,116,48,331,115,234,232,216,226,332,61,58,351,354,346,196,127,289,133,338,79,235,98,336,150,210,269,160,251,35,99,76,125,,,253,74,,173,272,49,188,348,296,326,303,96,309,134,247,105,330,333,333,169,174,276,241,277,298,150,93,138,,95,,113,"b'\x11\xe8\xe1I\xcb\xf7\xb9,\xaf\x82\x12\xdf\x17\xaeN\x1e'"
11E8E149-CBF7-B92C-AF82-12DF17AE4E1E,2026-ncaa-d1-natl,genius_ncaa,301,294,177,317,181,153,145,189,99,140,103,235,145,301,2,327,174,123,343,124,177,175,198,107,131,113,199,171,222,157,156,310,316,276,274,165,225,101,102,128,78,61,150,129,,,257,300,,265,169,203,153,31,96,87,109,91,37,137,306,153,80,84,92,126,133,334,284,124,124,64,140,,315,,288,169,206,178,89,316,181,115,299,163,101,298,122,284,298,149,300,327,121,161,317,323,250,215,146,292,225,316,153,156,177,274,201,196,86,56,116,87,85,192,143,,,140,106,,105,169,158,112,255,172,272,230,83,238,120,194,109,309,317,319,141,255,256,193,227,230,51,99,216,,89,,93,"b'\x11\xe8\xe1I\xcb\xf7\xb9,\xaf\x82\x12\xdf\x17\xaeN\x1e'"
11E8E149-CBFB-FAC8-AF82-12DF17AE4E1E,2014-ncaa-d0-natl,ncaa,337,311,334,338,342,303,296,194,334,314,303,254,151,37,345,20,313,325,99,325,262,234,251,328,329,305,84,72,260,299,337,336,346,335,349,252,135,77,132,202,86,66,222,236,,,49,34,,,342,218,9,270,213,216,19,258,240,86,9,264,297,299,35,31,234,314,310,185,222,25,174,,160,,,344,263,306,147,340,308,167,344,184,143,265,157,97,114,100,110,112,134,172,338,329,309,49,135,51,285,346,326,337,327,349,346,349,107,89,316,216,267,74,184,,,332,343,,,342,138,325,324,338,344,344,336,346,331,276,249,212,224,217,335,344,343,349,348,349,27,309,145,,275,,,b'\x11\xe8\xe1I\xcb\xfb\xfa\xc8\xaf\x82\x12\xdf\x17\xaeN\x1e'
11E8E149-CBFB-FAC8-AF82-12DF17AE4E1E,2014-ncaa-d1-conf-America East,ncaa,6,6,9,6,9,6,6,5,7,4,6,5,4,4,8,4,6,7,2,7,7,4,5,7,7,6,4,4,6,8,9,9,9,9,9,5,6,2,3,5,2,2,4,5,,,3,1,,,7,4,1,7,2,3,1,3,3,4,2,5,5,6,1,2,7,8,8,4,5,2,3,,6,,,7,8,9,7,8,8,7,8,6,3,8,3,5,5,4,4,3,7,7,9,8,7,3,3,3,8,9,9,9,9,9,9,8,3,3,7,6,5,5,6,,,8,8,,,7,5,6,9,6,9,9,9,9,9,8,6,7,8,7,9,9,9,9,9,9,2,7,6,,6,,,b'\x11\xe8\xe1I\xcb\xfb\xfa\xc8\xaf\x82\x12\xdf\x17\xaeN\x1e'
11E8E149-CBFB-FAC8-AF82-12DF17AE4E1E,2014-ncaa-d1-natl,ncaa,332,310,333,333,342,299,289,158,336,301,300,253,134,33,346,18,316,326,114,327,276,211,224,328,332,308,91,70,277,270,330,335,345,332,349,239,118,104,137,192,65,60,228,238,,,50,26,,,337,199,10,273,212,209,18,254,236,89,9,279,303,306,34,28,203,310,290,166,229,18,178,,145,,,341,270,315,170,339,321,186,342,182,138,259,152,101,108,101,101,99,152,187,337,322,300,39,125,44,290,345,333,330,332,349,346,349,91,76,312,222,249,80,188,,,334,344,,,337,158,324,318,332,341,343,335,346,330,265,240,195,203,195,330,344,343,349,348,349,25,305,147,,298,,,b'\x11\xe8\xe1I\xcb\xfb\xfa\xc8\xaf\x82\x12\xdf\x17\xaeN\x1e'
11E8E149-CBFB-FAC8-AF82-12DF17AE4E1E,2015-ncaa-d0-natl,ncaa,208,161,283,205,316,263,262,298,149,292,325,132,115,121,123,55,306,328,78,328,230,310,305,114,125,180,79,53,292,279,207,313,324,313,279,262,229,178,281,258,166,127,286,297,,,31,64,,,283,301,180,283,202,199,232,268,307,70,78,279,312,314,269,231,242,273,289,225,262,115,269,,95,,,284,169,254,126,324,297,201,330,63,67,124,90,59,53,172,53,55,104,74,302,279,306,11,51,53,223,324,35,207,81,279,288,260,277,254,310,248,319,119,251,,,327,284,,,283,52,197,326,284,298,326,296,336,321,110,121,117,111,113,277,235,313,110,209,331,237,311,176,,303,,,b'\x11\xe8\xe1I\xcb\xfb\xfa\xc8\xaf\x82\x12\xdf\x17\xaeN\x1e'
11E8E149-CBFB-FAC8-AF82-12DF17AE4E1E,2015-ncaa-d1-conf-America East,ncaa,6,5,9,6,9,7,7,9,6,7,7,7,3,5,1,5,6,7,6,7,3,9,8,6,6,6,2,4,7,5,4,9,6,8,5,8,8,5,8,8,4,3,6,7,,,1,1,,,6,8,2,4,3,6,3,7,5,2,4,5,5,5,4,3,4,5,4,8,8,3,6,,3,,,6,5,7,3,9,7,4,9,4,4,8,4,1,2,4,2,2,3,3,9,8,8,3,5,1,6,6,3,4,4,5,7,5,6,4,7,7,8,6,7,,,7,7,,,6,2,6,7,6,7,8,8,8,8,8,6,5,5,5,8,7,7,4,5,8,4,8,7,,6,,,b'\x11\xe8\xe1I\xcb\xfb\xfa\xc8\xaf\x82\x12\xdf\x17\xaeN\x1e'
11E8E149-CBFB-FAC8-AF82-12DF17AE4E1E,2015-ncaa-d1-natl,ncaa,206,160,298,199,329,250,241,294,136,298,328,114,98,104,95,50,313,334,78,332,238,309,302,94,106,163,68,43,311,275,207,308,312,314,265,251,220,192,283,251,165,127,276,294,,,27,58,,,272,303,171,285,179,185,225,267,311,59,61,288,317,316,265,224,245,263,287,208,266,116,261,,86,,,274,184,261,140,322,303,214,329,65,69,107,91,51,49,157,51,50,103,72,300,272,293,11,50,40,215,312,30,207,83,265,292,256,256,242,304,254,313,103,241,,,329,301,,,272,53,181,311,274,291,325,294,333,320,100,121,103,100,102,263,229,296,106,194,326,226,303,156,,309,,,b'\x11\xe8\xe1I\xcb\xfb\xfa\xc8\xaf\x82\x12\xdf\x17\xaeN\x1e'
11E8E149-CBFB-FAC8-AF82-12DF17AE4E1E,2016-ncaa-d0-natl,ncaa,325,318,287,327,294,307,277,325,123,261,296,167,221,271,73,175,345,344,119,344,339,334,304,131,160,269,226,138,328,278,158,269,180,285,117,262,197,329,348,319,341,337,311,320,,,82,167,,,324,303,201,93,283,232,294,222,241,190,227,336,337,338,328,233,231,186,216,229,345,336,299,,163,,,326,192,250,130,319,299,206,315,74,52,198,55,118,98,273,100,93,114,50,299,299,331,29,52,103,83,180,12,158,16,117,220,169,339,333,337,316,341,34,93,,,346,344,,,324,53,284,329,326,298,321,281,333,318,127,94,195,169,175,265,168,168,49,72,288,330,340,69,,339,,,b'\x11\xe8\xe1I\xcb\xfb\xfa\xc8\xaf\x82\x12\xdf\x17\xaeN\x1e'
11E8E149-CBFB-FAC8-AF82-12DF17AE4E1E,2016-ncaa-d1-conf-America East,ncaa,9,9,9,9,9,8,6,9,3,6,8,3,4,6,2,5,9,9,9,9,9,9,8,3,3,6,6,4,9,9,6,7,4,8,3,7,6,9,9,8,9,9,6,6,,,6,7,,,9,8,2,1,6,3,8,5,5,3,5,9,9,9,9,3,8,3,3,5,9,9,6,,7,,,9,9,9,6,8,9,6,8,5,3,4,3,7,7,6,7,6,7,2,8,8,9,4,4,7,5,4,1,6,2,3,7,5,9,9,9,9,9,1,3,,,9,9,,,9,2,6,9,9,9,9,9,9,8,5,7,7,7,7,9,7,7,2,3,8,9,9,2,,9,,,b'\x11\xe8\xe1I\xcb\xfb\xfa\xc8\xaf\x82\x12\xdf\x17\xaeN\x1e'
11E8E149-CBFB-FAC8-AF82-12DF17AE4E1E,2016-ncaa-d1-natl,ncaa,332,317,337,332,340,331,304,344,142,284,317,182,234,280,78,175,346,345,118,345,339,348,336,140,166,278,222,138,326,296,165,299,192,317,129,289,205,324,348,327,347,338,317,329,,,64,175,,,327,333,205,87,294,241,303,224,247,193,227,336,337,337,331,238,235,197,232,240,345,337,297,,167,,,329,171,233,93,323,291,179,321,63,38,209,52,105,82,278,82,94,73,18,306,308,338,27,52,102,68,192,5,165,7,129,204,169,346,333,338,301,342,29,96,,,348,346,,,327,19,293,332,329,304,327,284,335,320,128,94,196,173,176,270,168,175,51,72,293,332,341,73,,339,,,b'\x11\xe8\xe1I\xcb\xfb\xfa\xc8\xaf\x82\x12\xdf\x17\xaeN\x1e'
11E8E149-CBFB-FAC8-AF82-12DF17AE4E1E,2017-ncaa-d0-natl,ncaa,344,342,291,345,303,332,321,341,196,279,306,175,295,295,268,202,334,325,305,328,274,344,276,223,254,328,266,221,254,319,262,239,228,297,200,289,176,349,349,342,343,343,339,340,,,64,83,,,340,254,68,169,325,299,341,248,276,278,267,332,306,310,342,169,295,134,245,271,349,339,338,,141,,,339,228,283,201,320,309,230,328,109,133,99,138,98,88,195,88,78,175,107,300,284,324,25,67,67,163,228,23,262,47,200,318,294,322,326,344,349,349,191,285,,,271,215,,,340,97,341,322,340,330,337,329,345,328,171,209,154,156,151,321,291,262,94,152,338,297,349,242,,207,,,b'\x11\xe8\xe1I\xcb\xfb\xfa\xc8\xaf\x82\x12\xdf\x17\xaeN\x1e'
11E8E149-CBFB-FAC8-AF82-12DF17AE4E1E,2017-ncaa-d1-conf-America East,ncaa,9,9,9,9,9,9,8,9,5,5,6,5,8,8,7,7,9,9,9,9,9,9,9,5,7,9,9,7,9,6,4,7,5,8,6,8,8,9,9,9,9,9,9,9,,,3,3,,,9,8,2,7,9,5,7,5,4,8,8,9,9,9,8,3,5,3,5,8,9,9,9,,4,,,9,9,9,9,9,9,9,9,4,5,4,5,5,4,8,4,3,7,2,8,9,9,2,3,3,4,5,1,4,2,6,9,6,9,9,9,9,9,9,8,,,9,8,,,9,2,9,9,9,9,9,9,9,9,4,6,8,5,5,9,8,8,3,5,9,9,9,9,,8,,,b'\x11\xe8\xe1I\xcb\xfb\xfa\xc8\xaf\x82\x12\xdf\x17\xaeN\x1e'
11E8E149-CBFB-FAC8-AF82-12DF17AE4E1E,2017-ncaa-d1-natl,ncaa,342,341,310,343,316,334,321,343,194,289,314,172,291,287,278,197,334,317,300,319,253,344,290,217,248,328,259,221,244,318,261,225,225,294,206,290,168,349,349,342,347,346,335,340,,,50,75,,,337,253,81,164,323,301,340,252,280,280,264,321,299,301,343,182,295,125,239,263,349,341,332,,124,,,338,246,293,217,315,316,235,329,121,165,83,153,89,82,195,81,76,188,109,290,273,322,27,75,64,177,225,22,261,42,206,321,289,330,328,347,349,349,201,290,,,264,194,,,337,103,339,320,339,327,335,329,341,326,178,223,141,137,134,323,281,265,93,155,339,306,349,248,,198,,,b'\x11\xe8\xe1I\xcb\xfb\xfa\xc8\xaf\x82\x12\xdf\x17\xaeN\x1e'
11E8E149-CBFB-FAC8-AF82-12DF17AE4E1E,2018-ncaa-d0-natl,ncaa,332,336,242,337,251,309,260,301,171,234,258,162,271,267,239,194,336,319,311,316,306,317,262,199,247,303,289,207,308,223,144,285,278,275,198,333,337,338,343,341,290,281,341,343,,,123,176,,,330,267,218,83,307,263,301,214,223,249,254,333,318,315,314,205,187,263,240,333,336,274,342,,188,,,329,225,275,156,333,280,168,329,195,148,264,183,42,71,47,67,82,133,101,331,316,323,59,179,30,194,278,46,144,81,198,273,215,257,234,300,339,341,63,116,,,270,235,,,330,87,306,327,326,293,324,252,320,245,236,202,74,117,113,220,193,251,78,144,310,232,339,86,,246,,,b'\x11\xe8\xe1I\xcb\xfb\xfa\xc8\xaf\x82\x12\xdf\x17\xaeN\x1e'
11E8E149-CBFB-FAC8-AF82-12DF17AE4E1E,2018-ncaa-d1-conf-America East,ncaa,9,9,6,9,8,9,8,8,5,5,5,5,8,8,8,7,9,9,8,9,7,8,8,8,9,9,9,7,6,7,6,8,7,8,7,9,9,9,9,9,7,7,9,9,,,6,8,,,9,7,3,6,9,7,8,5,4,8,8,8,8,8,8,5,7,6,6,9,9,7,9,,8,,,9,9,9,8,9,9,9,8,6,3,9,3,4,5,1,5,4,8,6,9,9,9,2,4,2,5,7,2,6,3,7,8,7,7,7,8,9,9,6,8,,,9,8,,,9,5,9,9,9,9,9,9,9,9,7,4,5,8,8,9,7,8,3,4,9,6,9,6,,7,,,b'\x11\xe8\xe1I\xcb\xfb\xfa\xc8\xaf\x82\x12\xdf\x17\xaeN\x1e'
11E8E149-CBFB-FAC8-AF82-12DF17AE4E1E,2018-ncaa-d1-natl,ncaa,335,336,213,337,235,295,260,293,159,215,240,149,265,262,232,193,334,316,306,314,305,310,250,181,232,296,295,204,309,207,123,272,266,252,171,333,340,338,342,342,277,276,342,344,,,117,158,,,322,263,206,83,296,244,287,192,210,245,245,330,315,313,309,182,160,240,217,332,337,264,343,,169,,,320,242,280,170,334,284,158,333,205,174,235,202,40,64,53,63,79,135,103,330,313,314,63,186,29,187,266,39,123,71,171,281,212,250,232,291,342,342,52,91,,,274,238,,,322,92,301,318,322,282,315,251,315,231,240,221,72,104,101,218,190,235,74,138,307,228,339,74,,243,,,b'\x11\xe8\xe1I\xcb\xfb\xfa\xc8\xaf\x82\x12\xdf\x17\xaeN\x1e'
11E8E149-CBFB-FAC8-AF82-12DF17AE4E1E,2019-ncaa-d0-natl,ncaa,310,298,292,311,300,341,334,337,287,300,280,282,333,325,318,269,324,330,169,329,297,340,336,303,305,316,288,276,161,313,250,345,301,344,299,302,121,198,327,286,250,163,336,303,,,43,175,,,310,334,328,160,343,330,337,278,231,330,315,309,309,311,344,328,293,346,346,277,265,207,331,,99,,,313,44,91,22,313,38,6,324,267,210,309,338,2,5,76,5,76,8,14,335,320,263,251,335,10,56,301,23,250,30,299,266,341,202,59,258,335,346,81,155,,,305,161,,,310,16,325,266,321,136,201,52,99,10,324,287,10,18,17,20,32,146,92,96,323,115,341,129,,269,,,b'\x11\xe8\xe1I\xcb\xfb\xfa\xc8\xaf\x82\x12\xdf\x17\xaeN\x1e'
11E8E149-CBFB-FAC8-AF82-12DF17AE4E1E,2019-ncaa-d1-conf-America East,ncaa,7,7,9,7,9,9,8,9,7,6,7,7,9,9,9,8,6,7,4,7,6,9,9,8,8,7,7,8,2,7,5,9,8,9,7,8,7,4,8,7,7,5,9,9,,,2,6,,,7,9,9,1,7,7,7,6,4,9,8,4,4,4,7,8,7,8,9,8,7,6,9,,5,,,7,1,4,1,8,2,1,9,8,7,7,8,1,1,3,1,1,1,1,9,8,7,5,8,1,3,8,1,5,2,7,8,9,4,3,6,8,8,3,3,,,6,2,,,7,1,7,7,7,6,7,5,7,2,8,8,2,2,2,3,3,6,4,4,9,3,8,5,,4,,,b'\x11\xe8\xe1I\xcb\xfb\xfa\xc8\xaf\x82\x12\xdf\x17\xaeN\x1e'
11E8E149-CBFB-FAC8-AF82-12DF17AE4E1E,2019-ncaa-d1-natl,ncaa,308,297,314,312,319,345,337,345,280,302,286,280,329,327,304,264,329,328,187,328,300,346,340,298,297,314,285,269,182,313,256,349,284,349,289,290,95,207,328,279,256,170,335,305,,,47,178,,,311,344,324,158,342,331,336,278,233,322,311,313,312,311,343,326,291,340,346,267,269,213,328,,104,,,314,36,79,12,303,38,5,320,268,223,306,335,3,3,96,3,76,6,6,333,310,256,251,333,13,53,284,20,256,18,289,254,338,211,69,256,335,348,72,142,,,304,167,,,311,7,324,261,320,134,188,55,95,10,317,289,12,19,18,22,33,125,97,91,317,124,343,120,,271,,,b'\x11\xe8\xe1I\xcb\xfb\xfa\xc8\xaf\x82\x12\xdf\x17\xaeN\x1e'
11E8E149-CBFB-FAC8-AF82-12DF17AE4E1E,2020-ncaa-d0-natl,ncaa,140,170,33,167,71,229,219,136,305,188,99,305,249,218,279,244,188,142,263,140,194,133,70,308,309,311,231,232,120,46,80,185,265,100,176,235,212,322,289,298,94,122,281,300,,,122,60,,,262,111,202,240,292,291,228,239,147,267,251,231,186,185,224,140,65,264,154,282,298,126,301,,78,,,257,217,239,248,167,191,182,186,277,288,204,276,83,74,240,73,76,216,276,205,172,116,208,279,65,284,265,231,80,270,176,281,260,41,66,136,309,277,189,138,,,92,165,,,262,258,295,136,250,131,168,158,134,105,249,249,62,51,51,113,183,245,153,196,236,67,284,149,,161,,,b'\x11\xe8\xe1I\xcb\xfb\xfa\xc8\xaf\x82\x12\xdf\x17\xaeN\x1e'
11E8E149-CBFB-FAC8-AF82-12DF17AE4E1E,2020-ncaa-d1-conf-America East,ncaa,3,3,1,3,4,4,4,4,5,5,5,5,3,4,3,5,1,1,8,1,1,3,1,4,5,5,3,4,1,2,2,5,5,2,3,3,4,9,6,7,3,4,6,7,,,7,6,,,4,1,2,6,4,4,4,5,5,3,5,1,1,1,3,1,2,7,2,4,7,3,7,,6,,,4,9,8,9,6,7,4,7,7,9,4,8,7,6,9,6,7,9,9,6,7,6,6,7,5,5,5,7,2,7,3,8,5,1,2,4,8,7,5,5,,,1,2,,,4,9,4,4,4,8,6,6,4,3,7,9,7,6,6,6,8,4,4,6,7,1,8,5,,1,,,b'\x11\xe8\xe1I\xcb\xfb\xfa\xc8\xaf\x82\x12\xdf\x17\xaeN\x1e'
11E8E149-CBFB-FAC8-AF82-12DF17AE4E1E,2020-ncaa-d1-natl,ncaa,150,170,45,170,96,259,256,170,313,215,123,315,260,235,281,243,212,166,267,164,192,171,105,315,316,319,230,229,114,62,87,215,270,127,184,267,219,318,292,305,117,131,295,302,,,101,59,,,273,148,207,230,304,303,238,248,151,273,253,231,188,187,235,146,68,268,166,289,296,132,302,,80,,,273,196,222,219,179,173,161,198,267,272,212,275,73,65,244,65,75,176,245,213,187,126,202,280,63,268,270,199,87,245,184,265,259,56,69,143,302,279,179,142,,,125,165,,,273,223,301,153,268,143,178,160,136,106,252,245,62,53,53,115,183,247,156,200,240,77,285,157,,159,,,b'\x11\xe8\xe1I\xcb\xfb\xfa\xc8\xaf\x82\x12\xdf\x17\xaeN\x1e'
11E8E149-CBFB-FAC8-AF82-12DF17AE4E1E,2021-ncaa-d0-natl,ncaa,128,104,191,127,206,243,244,229,256,216,193,235,276,254,315,257,188,182,237,188,157,228,215,269,266,283,260,285,71,165,98,229,267,205,177,263,250,240,294,307,113,72,140,136,,,109,113,,,150,223,240,224,294,295,284,217,174,304,274,177,147,166,266,220,123,249,204,295,280,78,141,,100,,,150,83,104,123,78,143,130,202,53,135,2,196,53,51,230,48,34,98,127,54,44,19,15,46,79,192,267,113,98,127,177,108,159,90,33,52,232,280,214,244,,,196,139,,,150,119,275,28,152,27,72,97,150,121,27,135,25,22,20,55,120,237,104,143,102,48,266,247,,161,,,b'\x11\xe8\xe1I\xcb\xfb\xfa\xc8\xaf\x82\x12\xdf\x17\xaeN\x1e'
11E8E149-CBFB-FAC8-AF82-12DF17AE4E1E,2021-ncaa-d1-conf-America East,ncaa,3,5,1,4,1,2,2,2,4,1,1,4,3,3,4,6,1,1,5,1,2,1,1,4,4,4,5,7,4,1,3,1,10,1,4,3,7,10,6,5,2,3,1,3,,,10,4,,,3,1,6,1,4,4,7,5,6,5,5,3,2,2,5,3,3,7,5,5,6,2,4,,5,,,3,9,9,10,3,10,10,7,8,10,1,10,8,6,6,6,2,10,10,2,2,1,3,6,1,10,10,9,3,10,4,9,7,1,2,4,10,5,10,6,,,1,5,,,3,10,4,3,3,3,4,6,4,4,5,9,2,2,2,4,6,7,3,5,6,1,6,7,,4,,,b'\x11\xe8\xe1I\xcb\xfb\xfa\xc8\xaf\x82\x12\xdf\x17\xaeN\x1e'
11E8E149-CBFB-FAC8-AF82-12DF17AE4E1E,2021-ncaa-d1-natl,ncaa,139,104,206,131,222,259,257,244,261,234,214,244,283,266,315,254,197,194,232,199,156,243,232,278,273,287,259,285,70,179,101,239,271,225,186,276,250,228,297,308,128,75,153,139,,,97,114,,,159,231,245,225,299,301,289,225,179,302,275,179,152,170,271,227,127,252,210,300,282,82,144,,101,,,159,80,94,110,88,129,117,206,50,120,2,192,50,48,234,44,34,93,112,60,47,19,14,47,76,180,271,106,101,114,186,101,160,104,33,58,224,282,206,248,,,208,130,,,159,108,282,30,161,28,76,97,157,124,25,132,24,21,19,56,119,242,107,146,105,50,267,250,,163,,,b'\x11\xe8\xe1I\xcb\xfb\xfa\xc8\xaf\x82\x12\xdf\x17\xaeN\x1e'
11E8E149-CBFB-FAC8-AF82-12DF17AE4E1E,2022-ncaa-d0-natl,ncaa,233,210,260,232,287,307,311,318,250,305,272,319,234,287,53,219,306,299,260,299,240,316,299,240,249,295,148,128,215,248,172,323,221,312,214,310,259,243,331,326,231,179,244,219,,,123,277,,,258,308,288,275,318,323,330,307,240,206,271,290,274,274,330,288,206,332,318,310,298,204,216,,220,,,261,50,55,39,240,86,97,182,63,21,308,63,76,77,124,76,160,37,43,220,217,168,111,127,166,63,221,37,172,36,214,24,47,189,74,50,163,271,136,217,,,284,184,,,258,52,295,160,262,98,121,49,161,151,98,37,120,128,132,40,61,119,79,79,52,122,230,191,,241,,,b'\x11\xe8\xe1I\xcb\xfb\xfa\xc8\xaf\x82\x12\xdf\x17\xaeN\x1e'
11E8E149-CBFB-FAC8-AF82-12DF17AE4E1E,2022-ncaa-d1-conf-America East,ncaa,6,6,7,6,7,8,8,8,7,9,10,9,3,7,1,4,5,5,6,5,2,8,8,6,5,5,1,1,4,6,4,8,5,8,4,7,7,7,9,6,6,7,8,7,,,6,9,,,7,8,6,5,4,8,7,10,8,2,5,5,3,3,8,5,4,8,9,7,9,7,8,,9,,,7,8,6,3,9,7,4,8,3,1,10,3,5,4,5,4,9,3,3,8,8,8,3,4,6,3,5,3,4,3,4,4,3,5,5,5,6,8,3,6,,,6,5,,,7,3,5,7,7,7,8,4,7,7,6,3,6,7,7,4,4,3,2,3,7,5,9,3,,5,,,b'\x11\xe8\xe1I\xcb\xfb\xfa\xc8\xaf\x82\x12\xdf\x17\xaeN\x1e'
11E8E149-CBFB-FAC8-AF82-12DF17AE4E1E,2022-ncaa-d1-natl,ncaa,247,209,304,244,322,333,334,342,265,326,301,324,249,304,56,220,314,311,257,311,238,340,332,248,265,308,142,128,207,275,186,342,231,336,228,330,266,221,335,329,269,189,262,229,,,92,281,,,273,336,290,275,322,330,340,318,248,211,274,294,274,276,337,299,222,334,329,322,302,217,227,,225,,,276,34,48,19,253,72,65,188,53,12,317,62,65,65,132,66,158,21,21,237,237,184,107,129,164,43,231,14,186,14,228,15,47,234,86,59,144,278,123,226,,,309,180,,,273,21,304,178,278,111,136,51,169,155,101,37,123,128,131,43,61,123,83,86,60,134,233,202,,240,,,b'\x11\xe8\xe1I\xcb\xfb\xfa\xc8\xaf\x82\x12\xdf\x17\xaeN\x1e'
11E8E149-CBFB-FAC8-AF82-12DF17AE4E1E,2023-ncaa-d0-natl,ncaa,339,317,326,342,343,353,356,355,335,350,331,330,311,299,304,189,262,289,85,289,142,355,347,328,308,334,119,204,38,289,222,343,323,340,297,347,248,196,338,339,285,218,155,115,,,56,182,,,317,349,303,221,345,354,344,339,284,279,251,196,221,223,340,302,233,321,318,337,308,230,103,,150,,,326,34,40,21,269,130,83,249,7,6,95,18,146,123,243,118,194,19,19,217,242,210,30,16,262,147,323,41,222,59,297,63,165,260,136,171,231,332,162,286,,,336,245,,,317,13,335,255,327,167,193,75,286,261,18,22,252,240,236,95,104,279,187,232,182,161,310,240,,294,,,b'\x11\xe8\xe1I\xcb\xfb\xfa\xc8\xaf\x82\x12\xdf\x17\xaeN\x1e'
11E8E149-CBFB-FAC8-AF82-12DF17AE4E1E,2023-ncaa-d1-conf-America East,ncaa,7,7,5,7,8,8,8,8,7,8,8,7,8,5,9,3,2,3,1,3,1,8,8,8,7,7,3,7,1,8,7,8,8,8,8,8,5,9,9,8,8,8,4,3,,,9,9,,,7,8,5,7,8,8,9,8,9,8,3,1,1,2,7,6,8,8,9,8,9,7,3,,9,,,7,4,3,1,4,3,3,5,4,4,4,4,9,9,5,9,9,3,2,3,4,4,6,4,9,8,8,6,7,6,8,6,7,6,3,4,8,9,2,4,,,3,2,,,7,2,8,5,7,4,3,3,4,4,4,4,9,9,9,5,4,7,6,6,6,4,8,3,,2,,,b'\x11\xe8\xe1I\xcb\xfb\xfa\xc8\xaf\x82\x12\xdf\x17\xaeN\x1e'
11E8E149-CBFB-FAC8-AF82-12DF17AE4E1E,2023-ncaa-d1-natl,ncaa,347,316,354,347,356,357,359,358,341,357,346,336,326,315,306,189,279,314,81,316,143,358,358,334,317,339,119,205,33,317,232,355,330,357,312,353,253,166,340,345,316,231,170,118,,,36,189,,,325,358,307,198,348,356,347,345,289,288,256,195,223,225,345,306,238,331,325,339,309,241,105,,155,,,337,22,30,9,281,103,53,263,7,2,102,18,126,109,249,104,200,7,6,232,251,238,26,15,266,116,330,20,232,27,312,47,169,294,147,194,208,338,146,295,,,347,239,,,325,4,340,284,338,184,206,78,300,265,20,24,256,245,240,99,101,283,196,237,189,176,312,245,,298,,,b'\x11\xe8\xe1I\xcb\xfb\xfa\xc8\xaf\x82\x12\xdf\x17\xaeN\x1e'
11E8E149-CBFB-FAC8-AF82-12DF17AE4E1E,2024-ncaa-d0-natl,ncaa,341,338,258,344,274,345,316,309,306,255,184,316,338,337,319,308,358,345,356,348,357,323,320,322,346,339,345,294,330,320,324,310,225,329,325,294,206,149,270,276,179,107,169,188,,,29,74,,,328,308,301,171,353,324,293,231,119,340,333,358,343,344,322,322,307,305,339,298,208,137,147,,58,,,327,70,133,83,279,246,196,246,10,12,124,15,68,37,337,43,50,56,48,219,222,243,5,14,120,83,225,190,324,134,325,177,224,277,201,260,170,275,260,275,,,345,328,,,328,49,344,236,330,147,218,131,315,301,12,14,117,82,85,92,59,129,283,241,242,243,232,315,,338,,,b'\x11\xe8\xe1I\xcb\xfb\xfa\xc8\xaf\x82\x12\xdf\x17\xaeN\x1e'
11E8E149-CBFB-FAC8-AF82-12DF17AE4E1E,2024-ncaa-d1-conf-America East,ncaa,7,7,5,7,7,8,5,4,7,5,1,7,8,6,8,7,9,7,8,7,9,4,5,8,9,7,9,9,8,8,9,7,5,8,9,6,6,5,5,6,3,3,4,4,,,4,2,,,8,5,1,3,8,5,2,2,1,9,6,8,8,7,2,4,7,7,8,6,6,3,2,,5,,,8,7,7,5,7,8,6,7,3,2,5,3,8,5,9,5,3,5,5,6,7,6,2,3,7,4,5,9,9,7,9,7,7,5,5,7,6,5,6,4,,,7,6,,,8,6,9,6,7,7,7,7,8,8,4,3,8,6,6,6,7,5,9,8,7,5,6,7,,7,,,b'\x11\xe8\xe1I\xcb\xfb\xfa\xc8\xaf\x82\x12\xdf\x17\xaeN\x1e'
11E8E149-CBFB-FAC8-AF82-12DF17AE4E1E,2024-ncaa-d1-natl,ncaa,352,339,320,352,331,357,342,350,321,299,216,333,346,346,325,312,360,357,358,358,358,350,354,338,353,346,349,296,328,333,330,336,235,351,334,325,221,115,279,289,214,120,190,191,,,21,82,,,337,350,308,161,356,337,308,251,125,343,337,360,347,346,328,328,311,314,343,311,212,152,147,,58,,,338,45,105,42,294,232,159,264,7,8,137,15,54,25,341,30,51,22,13,238,239,257,5,12,121,61,235,159,330,98,334,164,230,309,215,272,153,287,252,285,,,352,329,,,337,12,350,260,341,168,236,134,320,305,16,16,120,88,88,95,57,138,292,248,258,261,233,321,,341,,,b'\x11\xe8\xe1I\xcb\xfb\xfa\xc8\xaf\x82\x12\xdf\x17\xaeN\x1e'
11E8E149-CBFB-FAC8-AF82-12DF17AE4E1E,2025-ncaa-d0-natl,genius_ncaa,349,344,301,349,319,359,350,352,312,270,178,334,362,362,359,358,360,345,362,346,356,353,352,351,361,356,362,359,308,343,331,335,260,349,326,346,281,138,328,332,187,97,253,174,,,194,351,,143,339,349,335,167,362,350,351,220,89,362,362,356,335,334,356,346,328,311,346,346,256,133,217,,311,,198,341,32,25,17,203,37,17,252,59,59,116,201,156,195,38,205,327,22,15,207,205,202,205,146,287,94,260,111,331,97,326,49,188,296,176,182,151,301,306,305,,,353,289,,340,339,13,357,219,344,107,86,38,107,47,109,125,236,277,286,65,41,185,238,222,114,235,230,340,,337,,327,b'\x11\xe8\xe1I\xcb\xfb\xfa\xc8\xaf\x82\x12\xdf\x17\xaeN\x1e'
11E8E149-CBFB-FAC8-AF82-12DF17AE4E1E,2025-ncaa-d1-conf-America East,genius_ncaa,9,9,9,9,9,9,9,9,8,5,3,9,9,9,9,9,7,6,9,6,7,9,9,9,9,9,9,9,4,8,9,9,7,9,9,9,9,7,9,9,5,4,6,5,,,9,9,,8,9,9,3,1,9,8,8,3,1,9,9,6,4,5,8,4,7,9,9,9,9,2,6,,9,,9,9,5,3,1,8,3,1,9,7,6,7,7,7,8,5,9,9,1,1,8,9,9,9,7,8,3,7,6,9,6,9,4,7,6,3,4,6,8,9,8,,,8,5,,8,9,1,9,9,9,8,6,5,5,2,8,8,9,9,9,5,6,7,9,8,7,3,8,9,,6,,7,b'\x11\xe8\xe1I\xcb\xfb\xfa\xc8\xaf\x82\x12\xdf\x17\xaeN\x1e'
11E8E149-CBFB-FAC8-AF82-12DF17AE4E1E,2025-ncaa-d1-natl,genius_ncaa,354,344,341,354,348,362,357,358,321,289,210,339,362,362,358,359,360,346,362,347,354,358,359,355,361,359,362,359,306,347,339,348,269,357,334,354,289,118,334,339,222,107,266,182,,,171,353,,130,342,354,335,163,362,351,352,235,91,362,362,356,335,335,356,347,329,320,351,349,258,143,222,,313,,203,346,20,16,3,215,30,8,263,47,46,129,195,143,178,40,188,327,10,8,217,213,218,205,142,285,76,269,80,339,62,334,40,195,316,188,195,131,312,297,315,,,356,284,,341,342,8,359,239,348,116,99,37,113,49,121,124,241,280,292,72,41,185,247,232,122,248,235,344,,334,,327,b'\x11\xe8\xe1I\xcb\xfb\xfa\xc8\xaf\x82\x12\xdf\x17\xaeN\x1e'
11E8E149-CBFB-FAC8-AF82-12DF17AE4E1E,2026-ncaa-d0-natl,genius_ncaa,260,250,206,273,216,297,295,296,270,323,329,232,160,150,215,28,315,300,307,298,120,301,278,226,257,292,43,32,259,282,264,285,334,298,323,277,179,207,322,289,326,335,146,133,,,85,96,,263,261,274,334,97,322,326,340,348,353,128,92,328,306,302,350,339,284,321,331,293,266,338,115,,90,,302,267,98,121,123,173,139,144,155,116,123,162,169,79,46,342,45,49,111,103,164,165,172,113,169,101,273,334,113,264,170,323,270,355,234,184,289,184,282,119,278,,,299,266,,344,261,87,297,229,273,139,186,193,201,227,139,144,90,51,51,140,107,318,155,249,311,199,240,138,,317,,347,b'\x11\xe8\xe1I\xcb\xfb\xfa\xc8\xaf\x82\x12\xdf\x17\xaeN\x1e'
11E8E149-CBFB-FAC8-AF82-12DF17AE4E1E,2026-ncaa-d1-natl,genius_ncaa,203,249,85,236,117,245,237,221,266,270,284,212,137,98,253,55,291,252,317,244,159,233,184,240,267,292,102,72,269,162,193,176,322,182,260,260,247,306,322,309,298,331,105,135,,,106,59,,321,256,189,334,100,325,312,335,332,345,174,117,326,305,298,344,317,220,254,250,319,282,336,121,,52,,316,253,177,207,256,90,221,247,139,182,262,67,235,76,40,326,41,22,225,214,88,76,114,85,181,62,336,322,202,193,278,260,312,350,191,231,297,265,272,173,247,,,242,273,,349,256,173,286,179,261,101,157,231,175,210,127,231,50,25,27,157,105,323,146,239,307,239,233,152,,313,,352,b'\x11\xe8\xe1I\xcb\xfb\xfa\xc8\xaf\x82\x12\xdf\x17\xaeN\x1e'
11E8E149-CC00-34F8-AF82-12DF17AE4E1E,2010-ncaa-d0-natl,ncaa,309,290,322,312,328,311,331,324,316,326,315,311,271,265,264,187,153,169,115,166,29,314,306,304,283,299,67,196,6,204,81,279,246,254,135,298,107,249,325,317,234,171,253,232,,,64,192,,,298,318,148,164,283,324,288,311,254,230,205,52,63,61,251,136,101,145,108,271,328,152,224,,213,,,305,75,96,67,239,67,55,191,235,152,320,242,41,87,4,80,178,63,36,276,229,264,223,289,69,132,246,15,81,33,135,281,334,303,250,327,236,297,238,321,,,264,135,,,298,30,295,291,309,270,284,258,206,207,304,264,123,190,182,251,231,267,116,200,334,224,300,306,,118,,,b'\x11\xe8\xe1I\xcc\x004\xf8\xaf\x82\x12\xdf\x17\xaeN\x1e'
11E8E149-CC00-34F8-AF82-12DF17AE4E1E,2010-ncaa-d1-conf-Big South,ncaa,8,8,5,8,7,7,8,7,8,7,6,8,5,4,6,2,4,4,1,4,4,6,4,8,6,8,2,4,1,3,2,5,5,4,3,6,2,8,8,7,6,5,6,7,,,4,6,,,8,4,2,4,6,7,5,6,5,4,3,3,3,3,5,1,2,4,3,5,8,6,6,,7,,,8,8,8,6,8,5,3,7,8,7,8,6,4,6,1,5,6,6,4,8,8,8,7,7,1,4,5,3,2,2,3,8,8,8,8,8,7,7,7,7,,,7,6,,,8,4,7,8,8,8,8,7,6,5,8,8,6,7,7,7,6,5,4,4,8,8,7,7,,5,,,b'\x11\xe8\xe1I\xcc\x004\xf8\xaf\x82\x12\xdf\x17\xaeN\x1e'
11E8E149-CC00-34F8-AF82-12DF17AE4E1E,2010-ncaa-d1-natl,ncaa,298,302,191,303,227,258,300,289,293,293,267,278,232,212,272,176,78,84,102,84,26,259,193,290,246,286,77,204,8,122,60,174,215,158,91,237,80,314,323,298,199,190,206,211,,,142,167,,,294,211,142,186,259,308,284,288,257,230,198,41,51,51,242,135,95,122,94,223,325,184,201,,190,,,294,206,238,187,248,190,166,214,272,221,310,230,73,143,3,135,151,176,145,271,211,260,186,274,50,208,215,49,60,91,91,328,331,253,260,328,294,297,249,304,,,163,121,,,294,132,269,270,289,263,294,263,228,222,300,256,96,178,167,252,225,252,74,150,333,238,303,277,,111,,,b'\x11\xe8\xe1I\xcc\x004\xf8\xaf\x82\x12\xdf\x17\xaeN\x1e'
11E8E149-CC00-34F8-AF82-12DF17AE4E1E,2011-ncaa-d0-natl,ncaa,229,154,329,210,335,237,273,318,149,270,319,105,201,181,215,105,101,126,111,129,7,304,317,131,96,92,72,148,26,275,177,313,304,313,255,284,260,25,129,208,298,274,324,320,,,13,38,,,240,324,76,339,75,151,164,175,242,116,81,22,19,20,98,109,164,185,176,213,161,256,312,,70,,,252,159,229,122,316,172,80,293,294,210,336,281,7,11,42,12,34,71,33,329,298,335,159,319,6,161,304,19,177,43,255,322,329,333,324,340,78,191,290,338,,,254,95,,,240,22,104,336,245,330,340,333,316,301,340,326,46,69,72,320,292,311,195,273,340,295,208,334,,76,,,b'\x11\xe8\xe1I\xcc\x004\xf8\xaf\x82\x12\xdf\x17\xaeN\x1e'
11E8E149-CC00-34F8-AF82-12DF17AE4E1E,2011-ncaa-d1-conf-Big South,ncaa,6,6,5,6,8,4,6,6,5,5,7,5,3,4,4,4,1,2,2,2,1,5,5,5,4,4,2,4,1,5,4,5,5,5,4,7,7,4,3,6,8,8,7,7,,,3,3,,,8,5,1,8,2,6,5,5,7,3,3,1,1,1,3,2,5,3,4,6,4,8,7,,5,,,8,8,8,7,7,6,6,7,8,7,7,7,2,2,4,3,2,6,5,7,7,8,5,7,1,5,5,4,4,3,4,8,8,8,8,8,3,4,8,8,,,2,2,,,8,5,4,8,6,8,8,8,6,7,8,7,4,2,3,8,7,7,5,5,8,8,4,8,,1,,,b'\x11\xe8\xe1I\xcc\x004\xf8\xaf\x82\x12\xdf\x17\xaeN\x1e'
11E8E149-CC00-34F8-AF82-12DF17AE4E1E,2011-ncaa-d1-natl,ncaa,226,223,199,229,276,139,184,211,140,188,254,77,151,121,245,107,59,63,131,66,12,175,186,131,102,108,95,162,39,195,198,191,284,202,244,241,281,111,148,222,255,271,324,326,,,94,75,,,252,179,77,333,87,151,168,167,245,129,86,26,31,34,112,119,177,142,149,236,169,246,323,,137,,,254,305,324,282,303,261,191,295,337,322,314,317,42,69,18,69,74,266,202,329,288,328,211,331,10,286,284,137,198,221,244,339,330,293,320,338,139,179,293,326,,,139,100,,,252,169,116,330,241,327,337,334,301,252,341,338,62,97,96,317,290,311,203,274,338,286,176,306,,84,,,b'\x11\xe8\xe1I\xcc\x004\xf8\xaf\x82\x12\xdf\x17\xaeN\x1e'
11E8E149-CC00-34F8-AF82-12DF17AE4E1E,2012-ncaa-d0-natl,ncaa,327,309,318,328,332,267,253,281,184,261,279,188,161,169,128,112,279,289,170,291,205,288,294,166,170,201,114,99,229,192,121,305,330,282,262,271,259,128,248,263,305,307,325,329,,,134,221,,,321,305,82,262,157,143,129,187,195,100,111,219,221,217,150,103,108,223,155,222,264,280,315,,282,,,324,256,272,180,308,274,178,308,221,166,285,175,174,155,243,151,153,177,75,308,310,337,129,178,104,268,330,47,121,121,262,277,213,335,336,339,215,285,286,322,,,301,252,,,321,46,185,342,318,339,341,337,333,324,305,276,286,271,273,337,310,334,188,303,331,316,294,329,,201,,,b'\x11\xe8\xe1I\xcc\x004\xf8\xaf\x82\x12\xdf\x17\xaeN\x1e'
11E8E149-CC00-34F8-AF82-12DF17AE4E1E,2012-ncaa-d1-conf-Big South,ncaa,8,9,5,9,7,7,7,6,6,5,8,6,3,3,8,3,7,8,3,8,6,6,6,7,6,7,4,3,6,6,7,5,6,6,8,5,2,5,6,6,9,9,8,8,,,6,6,,,9,5,2,8,7,6,4,5,8,3,3,6,8,8,7,6,6,5,5,5,6,9,8,,6,,,9,9,9,7,8,7,7,9,7,6,8,6,6,5,9,5,5,6,5,9,9,9,6,6,5,7,6,6,7,6,8,9,8,9,9,9,6,8,7,7,,,8,7,,,9,5,7,9,9,9,9,9,9,8,7,6,7,5,5,9,8,7,8,7,9,9,7,7,,8,,,b'\x11\xe8\xe1I\xcc\x004\xf8\xaf\x82\x12\xdf\x17\xaeN\x1e'
11E8E149-CC00-34F8-AF82-12DF17AE4E1E,2012-ncaa-d1-natl,ncaa,301,306,196,304,263,179,184,190,180,209,229,192,109,124,118,109,185,212,106,216,176,194,169,165,155,180,92,93,183,139,135,208,314,182,248,224,243,235,240,251,262,291,308,323,,,225,189,,,313,185,64,262,135,142,121,192,198,94,103,166,192,195,134,90,113,164,129,206,267,257,311,,276,,,311,326,330,302,299,319,286,297,278,264,252,184,253,228,243,223,143,301,230,298,296,331,132,178,103,321,314,139,135,260,248,319,199,315,333,339,266,262,315,326,,,225,246,,,313,180,169,339,301,336,340,338,330,324,296,290,280,268,268,339,318,331,205,304,330,306,285,329,,184,,,b'\x11\xe8\xe1I\xcc\x004\xf8\xaf\x82\x12\xdf\x17\xaeN\x1e'
11E8E149-CC00-34F8-AF82-12DF17AE4E1E,2013-ncaa-d0-natl,ncaa,344,342,302,344,321,338,340,334,334,337,328,331,259,229,303,114,296,310,140,306,151,334,314,331,324,337,83,134,72,273,206,339,320,326,294,319,128,304,343,330,300,275,291,278,,,33,86,,,339,318,232,267,339,342,329,337,301,236,185,266,277,270,325,251,224,324,307,310,339,280,265,,76,,,343,169,232,70,331,242,82,328,174,113,313,178,35,40,73,39,77,49,35,333,327,330,58,188,33,156,320,52,206,74,294,222,185,297,251,303,324,343,283,338,,,286,179,,,339,23,338,335,342,287,316,208,312,217,252,179,71,94,91,175,138,248,162,210,295,254,341,317,,222,,,b'\x11\xe8\xe1I\xcc\x004\xf8\xaf\x82\x12\xdf\x17\xaeN\x1e'
11E8E149-CC00-34F8-AF82-12DF17AE4E1E,2013-ncaa-d1-conf-Big South,ncaa,11,11,6,11,10,11,11,10,11,10,9,10,9,6,9,3,11,11,4,11,6,10,10,10,9,11,3,5,1,9,7,11,11,11,9,10,3,10,11,10,9,9,9,9,,,2,1,,,11,10,10,8,11,11,10,10,9,8,5,11,11,11,10,10,8,11,11,9,10,9,9,,2,,,11,7,10,4,11,9,5,11,7,7,10,8,1,1,1,1,1,2,2,11,10,11,1,8,1,9,11,4,7,5,9,10,9,9,9,11,9,11,7,10,,,9,5,,,11,2,11,11,11,9,11,8,10,8,10,8,1,1,1,5,4,10,4,7,11,9,10,8,,9,,,b'\x11\xe8\xe1I\xcc\x004\xf8\xaf\x82\x12\xdf\x17\xaeN\x1e'
11E8E149-CC00-34F8-AF82-12DF17AE4E1E,2013-ncaa-d1-natl,ncaa,340,342,210,341,274,329,332,315,325,331,302,308,240,193,311,108,278,289,146,277,164,315,263,321,316,335,112,147,96,230,173,319,312,298,274,287,105,334,343,323,268,260,248,263,,,56,80,,,338,265,219,267,334,338,318,327,291,232,173,269,280,270,319,233,197,315,290,286,340,254,241,,78,,,337,227,276,153,329,281,181,330,182,130,297,153,45,62,25,54,67,112,90,332,314,313,39,160,25,213,312,84,173,130,274,260,191,247,231,290,340,343,298,337,,,253,211,,,338,72,336,324,339,273,312,205,312,235,222,164,61,92,87,175,143,246,145,200,290,229,344,310,,231,,,b'\x11\xe8\xe1I\xcc\x004\xf8\xaf\x82\x12\xdf\x17\xaeN\x1e'
11E8E149-CC00-34F8-AF82-12DF17AE4E1E,2014-ncaa-d0-natl,ncaa,258,263,180,267,210,282,302,204,339,313,249,330,177,103,310,89,184,216,75,217,147,209,222,332,320,302,63,103,65,122,141,196,210,152,180,311,279,134,170,294,249,242,104,106,,,191,255,,,252,247,234,162,299,320,165,317,246,160,89,176,213,212,186,198,101,157,117,316,160,242,95,,231,,,251,100,98,123,131,181,213,112,27,37,81,37,203,222,115,215,196,138,114,91,103,133,71,37,272,186,210,227,141,216,180,88,127,238,233,169,135,171,264,309,,,218,181,,,252,108,289,160,246,126,131,149,213,264,37,42,234,250,245,184,146,214,263,262,111,230,168,284,,202,,,b'\x11\xe8\xe1I\xcc\x004\xf8\xaf\x82\x12\xdf\x17\xaeN\x1e'
11E8E149-CC00-34F8-AF82-12DF17AE4E1E,2014-ncaa-d1-conf-Big South,ncaa,8,8,3,8,5,6,7,3,9,8,5,9,4,3,9,2,6,5,3,5,5,3,5,9,9,8,2,3,2,5,8,4,4,5,8,10,10,3,2,9,7,9,5,5,,,9,10,,,8,3,5,8,7,8,4,8,6,6,2,6,6,6,5,6,5,4,4,10,2,8,5,,9,,,8,8,8,7,7,8,9,5,1,1,6,1,9,9,3,9,6,8,7,5,7,8,3,1,8,6,4,9,8,9,8,5,3,8,9,9,1,2,7,6,,,4,6,,,8,7,8,7,8,7,6,4,8,9,1,1,8,9,8,7,4,7,9,9,5,9,2,6,,4,,,b'\x11\xe8\xe1I\xcc\x004\xf8\xaf\x82\x12\xdf\x17\xaeN\x1e'
11E8E149-CC00-34F8-AF82-12DF17AE4E1E,2014-ncaa-d1-natl,ncaa,252,262,145,262,176,271,302,188,337,303,249,327,170,94,321,89,162,190,88,190,110,193,189,331,316,304,64,112,53,123,156,189,215,148,196,306,278,155,179,294,242,243,105,110,,,219,265,,,259,227,225,164,300,321,177,317,260,165,88,156,195,192,190,197,118,166,134,316,166,242,101,,245,,,257,122,117,144,137,201,226,130,33,48,80,42,236,252,132,250,208,171,144,102,116,145,78,35,278,197,215,246,156,233,196,106,126,217,224,168,148,169,278,309,,,184,164,,,259,129,288,166,255,136,139,147,218,262,38,47,247,261,260,191,151,212,266,264,116,220,165,282,,188,,,b'\x11\xe8\xe1I\xcc\x004\xf8\xaf\x82\x12\xdf\x17\xaeN\x1e'
11E8E149-CC00-34F8-AF82-12DF17AE4E1E,2015-ncaa-d0-natl,ncaa,282,296,172,290,190,252,262,220,279,247,201,282,205,189,219,175,190,125,318,125,93,199,200,274,280,265,148,172,108,70,53,292,238,191,148,313,321,158,186,294,219,195,228,214,,,295,344,,,243,264,297,101,264,276,217,257,194,189,184,178,106,104,186,198,46,310,168,329,178,226,221,,322,,,239,125,90,51,235,161,128,230,27,28,94,35,319,304,296,294,306,81,79,191,253,236,135,23,334,121,238,129,53,113,148,77,111,209,173,139,94,119,309,319,,,144,103,,,243,77,223,245,253,155,104,38,183,130,22,28,318,306,303,69,55,127,144,135,86,215,122,327,,111,,,b'\x11\xe8\xe1I\xcc\x004\xf8\xaf\x82\x12\xdf\x17\xaeN\x1e'
11E8E149-CC00-34F8-AF82-12DF17AE4E1E,2015-ncaa-d1-conf-Big South,ncaa,8,8,4,8,5,6,6,5,8,6,5,8,3,5,2,5,5,4,11,4,6,4,5,8,8,8,4,3,7,3,3,9,4,5,4,9,10,3,3,9,6,6,8,8,,,9,11,,,6,6,9,4,6,6,5,6,4,3,5,6,5,5,4,6,3,9,5,10,4,6,8,,10,,,6,6,4,3,8,5,6,8,1,1,3,2,11,9,7,8,8,4,4,7,8,8,4,2,10,3,4,6,3,5,4,4,5,8,7,6,2,2,10,9,,,5,6,,,6,6,5,7,6,5,4,3,5,4,2,1,10,10,10,3,2,3,7,5,5,8,2,10,,5,,,b'\x11\xe8\xe1I\xcc\x004\xf8\xaf\x82\x12\xdf\x17\xaeN\x1e'
11E8E149-CC00-34F8-AF82-12DF17AE4E1E,2015-ncaa-d1-natl,ncaa,277,293,143,289,161,247,261,216,283,241,191,281,212,185,224,182,165,116,308,116,84,195,190,278,281,268,146,179,86,66,63,281,225,174,144,320,313,165,186,295,217,192,222,219,,,307,343,,,243,249,292,101,268,280,222,262,197,197,186,152,91,94,195,200,53,294,168,331,179,228,220,,323,,,242,135,79,58,215,176,143,221,20,31,65,35,322,304,317,299,300,86,85,165,238,231,133,20,334,132,225,137,63,129,144,72,103,217,180,135,110,127,326,330,,,124,86,,,243,90,227,241,248,154,96,43,181,138,20,27,322,308,300,78,63,124,149,138,81,218,125,330,,99,,,b'\x11\xe8\xe1I\xcc\x004\xf8\xaf\x82\x12\xdf\x17\xaeN\x1e'
11E8E149-CC00-34F8-AF82-12DF17AE4E1E,2016-ncaa-d0-natl,ncaa,41,23,114,31,127,124,163,179,140,185,206,133,137,138,152,150,34,28,186,28,13,145,170,132,112,98,96,164,28,69,46,118,230,87,86,309,347,77,78,264,260,270,253,268,,,74,66,,,73,222,294,67,117,177,220,198,240,151,149,24,17,17,161,221,58,117,67,334,64,280,260,,60,,,71,93,150,228,83,177,250,86,101,146,63,143,26,33,106,37,26,183,180,57,42,67,64,148,44,290,230,124,46,187,86,18,2,183,188,43,23,25,115,126,,,34,10,,,73,141,57,101,59,69,130,203,172,245,95,144,28,33,34,152,134,280,97,160,17,203,24,104,,16,,,b'\x11\xe8\xe1I\xcc\x004\xf8\xaf\x82\x12\xdf\x17\xaeN\x1e'
11E8E149-CC00-34F8-AF82-12DF17AE4E1E,2016-ncaa-d1-conf-Big South,ncaa,1,1,1,1,2,1,2,5,2,5,8,1,2,4,2,4,1,1,5,1,1,1,2,2,2,2,4,4,1,2,3,3,6,3,4,7,10,5,4,6,10,10,7,7,,,4,2,,,1,3,9,4,2,2,8,7,10,3,4,1,1,1,7,10,4,4,4,10,4,10,7,,2,,,1,7,9,10,6,9,11,7,5,8,4,6,1,2,8,2,1,9,11,5,4,5,2,4,1,9,6,5,3,7,4,3,1,4,6,5,3,1,1,3,,,1,1,,,1,9,1,5,1,5,7,6,8,9,4,6,1,1,1,5,5,8,3,4,3,5,2,1,,1,,,b'\x11\xe8\xe1I\xcc\x004\xf8\xaf\x82\x12\xdf\x17\xaeN\x1e'
11E8E149-CC00-34F8-AF82-12DF17AE4E1E,2016-ncaa-d1-natl,ncaa,25,23,51,26,62,85,107,106,112,116,154,104,110,108,151,153,30,18,193,18,11,81,102,113,98,77,113,170,40,44,43,74,209,50,72,270,343,88,56,228,230,261,218,255,,,95,60,,,41,146,279,78,98,137,185,162,213,140,142,29,22,19,141,203,53,106,57,320,56,267,244,,53,,,43,127,190,271,68,209,273,80,122,190,47,156,40,55,109,57,29,233,242,51,37,50,67,145,55,307,209,177,43,252,72,22,2,138,170,39,25,16,112,105,,,20,12,,,41,212,39,77,36,57,115,195,162,224,86,152,28,30,31,143,133,269,94,155,16,195,16,89,,23,,,b'\x11\xe8\xe1I\xcc\x004\xf8\xaf\x82\x12\xdf\x17\xaeN\x1e'
11E8E149-CC00-34F8-AF82-12DF17AE4E1E,2016-ncaa-d1-ncaatournament,ncaa,33,2,33,33,33,63,61,45,62,58,48,60,56,34,63,6,61,61,61,61,62,50,50,63,63,63,55,28,61,43,41,58,59,53,59,64,61,15,36,63,53,55,41,44,,,5,23,,,64,59,55,1,63,61,21,58,44,52,8,61,61,61,43,43,24,58,53,64,33,51,31,,19,,,64,23,25,24,52,21,25,43,27,16,58,19,9,4,53,4,9,21,15,53,52,60,27,40,12,25,59,24,41,26,59,20,24,57,57,60,17,43,31,55,,,58,58,,,64,6,63,62,64,54,56,50,53,57,52,22,23,13,16,44,29,51,56,58,47,52,37,53,,58,,,b'\x11\xe8\xe1I\xcc\x004\xf8\xaf\x82\x12\xdf\x17\xaeN\x1e'
11E8E149-CC00-34F8-AF82-12DF17AE4E1E,2017-ncaa-d0-natl,ncaa,120,152,45,144,47,122,125,131,133,118,103,185,169,211,65,240,118,80,302,78,113,111,137,135,156,132,203,194,154,62,59,125,60,88,54,276,341,104,78,235,315,316,182,210,,,100,114,,,152,181,340,73,205,214,261,181,183,196,247,180,114,114,239,296,99,239,170,326,45,337,212,,40,,,153,214,263,215,285,282,248,253,149,123,248,107,76,73,141,70,57,189,143,270,230,285,44,121,47,59,60,150,59,95,54,123,35,279,278,232,36,35,325,298,,,26,9,,,152,169,90,253,157,96,175,59,208,145,97,52,47,46,46,43,8,29,59,33,74,331,23,296,,43,,,b'\x11\xe8\xe1I\xcc\x004\xf8\xaf\x82\x12\xdf\x17\xaeN\x1e'
11E8E149-CC00-34F8-AF82-12DF17AE4E1E,2017-ncaa-d1-conf-Big South,ncaa,2,6,1,6,1,1,1,1,3,2,2,4,3,5,2,7,1,1,9,1,4,1,1,5,5,2,7,7,4,2,2,2,1,1,2,6,10,6,4,6,9,9,4,5,,,5,4,,,5,1,9,2,3,3,6,5,5,7,8,4,2,2,6,6,3,5,3,9,3,10,4,,1,,,5,8,8,9,9,10,10,7,7,5,9,2,2,3,4,3,1,9,7,8,8,8,1,4,2,2,1,5,2,4,2,8,3,9,9,8,1,1,10,10,,,1,2,,,5,10,2,8,5,5,7,4,7,9,5,3,1,1,1,3,2,1,3,2,6,10,1,10,,2,,,b'\x11\xe8\xe1I\xcc\x004\xf8\xaf\x82\x12\xdf\x17\xaeN\x1e'
11E8E149-CC00-34F8-AF82-12DF17AE4E1E,2017-ncaa-d1-natl,ncaa,121,151,27,139,29,106,101,102,115,88,86,152,168,211,76,243,117,72,299,73,125,95,115,120,138,109,222,208,167,51,53,100,50,63,41,259,341,102,66,216,311,317,179,213,,,86,92,,,131,167,336,76,181,182,251,152,162,201,248,184,116,117,229,290,87,213,140,315,42,335,213,,38,,,139,219,284,241,266,293,260,253,176,151,218,134,71,66,148,68,56,210,151,248,214,276,48,137,46,55,50,147,53,98,41,128,41,268,279,236,34,31,328,292,,,21,10,,,131,182,82,239,132,94,174,77,213,139,109,73,46,43,42,48,11,29,54,30,77,329,19,296,,38,,,b'\x11\xe8\xe1I\xcc\x004\xf8\xaf\x82\x12\xdf\x17\xaeN\x1e'
11E8E149-CC00-34F8-AF82-12DF17AE4E1E,2017-ncaa-d1-ncaatournament,ncaa,33,2,33,33,33,62,61,54,61,60,43,62,47,58,31,40,61,59,56,58,60,58,58,61,62,62,17,16,52,44,36,60,62,57,59,61,59,18,44,60,62,64,48,54,,,8,23,,,61,60,60,6,62,61,41,60,27,37,47,61,59,58,53,54,19,60,56,61,34,62,47,,15,,,61,26,29,22,58,33,20,64,7,17,4,30,13,15,32,15,27,23,12,57,57,61,5,8,18,27,62,14,36,23,59,21,32,63,62,63,26,57,7,22,,,48,29,,,61,3,62,62,63,58,61,44,61,43,10,32,32,33,33,47,17,56,44,54,49,63,50,20,,37,,,b'\x11\xe8\xe1I\xcc\x004\xf8\xaf\x82\x12\xdf\x17\xaeN\x1e'
11E8E149-CC00-34F8-AF82-12DF17AE4E1E,2018-ncaa-d0-natl,ncaa,149,189,73,174,83,199,189,207,145,139,124,199,250,295,128,293,159,80,328,76,112,189,197,174,202,199,258,259,124,114,119,150,78,139,96,310,341,132,161,268,269,264,256,270,,,184,241,,,168,223,338,77,266,253,309,174,171,282,313,201,117,115,291,313,146,232,201,336,94,294,275,,129,,,168,113,175,134,238,245,220,230,55,57,118,59,79,91,79,95,87,118,102,179,155,186,27,54,102,73,78,149,119,106,96,34,15,233,213,113,50,64,313,284,,,55,12,,,168,124,165,169,171,57,108,42,196,146,41,27,50,69,73,36,13,43,86,54,20,276,39,286,,73,,,b'\x11\xe8\xe1I\xcc\x004\xf8\xaf\x82\x12\xdf\x17\xaeN\x1e'
11E8E149-CC00-34F8-AF82-12DF17AE4E1E,2018-ncaa-d1-conf-Big South,ncaa,3,3,1,3,1,2,3,4,3,3,3,3,5,8,4,9,2,1,8,1,2,2,2,4,4,4,5,7,4,2,2,2,3,2,3,6,8,6,4,7,8,8,6,7,,,6,5,,,3,3,8,5,6,5,8,5,4,6,10,3,1,1,4,6,2,2,3,8,4,8,7,,4,,,3,5,5,9,4,8,10,4,4,5,4,3,5,3,6,4,3,8,8,4,4,5,2,3,5,7,3,4,2,4,3,5,4,8,8,7,3,3,9,8,,,1,1,,,3,8,3,5,3,4,5,7,6,9,3,4,2,2,2,5,4,5,3,3,4,9,3,9,,1,,,b'\x11\xe8\xe1I\xcc\x004\xf8\xaf\x82\x12\xdf\x17\xaeN\x1e'
11E8E149-CC00-34F8-AF82-12DF17AE4E1E,2018-ncaa-d1-natl,ncaa,150,188,53,182,64,183,173,207,134,125,107,189,261,301,116,297,136,59,322,56,96,176,175,167,192,184,256,269,105,100,104,142,65,111,77,315,342,153,168,275,272,272,263,280,,,195,239,,,158,209,336,80,263,251,311,168,162,285,318,169,93,94,285,310,136,212,179,335,101,299,280,,132,,,159,121,166,137,224,240,217,215,55,65,123,67,99,118,107,119,105,125,104,170,149,185,42,59,124,64,65,148,104,102,77,35,17,231,210,113,55,64,308,272,,,25,7,,,158,131,154,161,160,61,100,48,181,141,45,39,70,84,85,38,14,34,79,51,24,273,41,282,,55,,,b'\x11\xe8\xe1I\xcc\x004\xf8\xaf\x82\x12\xdf\x17\xaeN\x1e'
11E8E149-CC00-34F8-AF82-12DF17AE4E1E,2019-ncaa-d0-natl,ncaa,146,152,114,157,130,229,217,228,199,160,133,234,265,290,167,280,210,135,323,136,169,206,206,225,244,241,267,255,160,64,23,150,232,102,75,299,335,198,205,284,248,236,226,256,,,148,196,,,131,272,332,107,272,253,285,178,138,275,296,228,143,140,271,271,70,168,89,327,180,256,235,,132,,,131,42,86,157,63,155,253,50,20,35,54,23,68,88,55,85,56,130,118,36,28,40,21,33,140,276,232,53,23,111,75,23,26,220,187,63,92,119,272,240,,,84,36,,,131,77,202,67,130,27,54,103,136,267,17,21,60,85,84,70,55,261,33,85,23,235,106,255,,82,,,b'\x11\xe8\xe1I\xcc\x004\xf8\xaf\x82\x12\xdf\x17\xaeN\x1e'
11E8E149-CC00-34F8-AF82-12DF17AE4E1E,2019-ncaa-d1-conf-Big South,ncaa,4,4,4,4,4,7,6,9,5,5,7,5,7,7,1,7,8,5,11,5,5,7,9,3,4,5,6,6,7,3,1,3,4,3,2,10,9,4,4,6,11,9,6,7,,,3,6,,,3,11,11,3,6,6,9,8,8,7,8,7,4,4,8,10,4,3,2,10,3,9,7,,4,,,3,2,2,7,3,7,9,3,3,3,3,3,2,2,4,2,2,5,1,3,3,2,2,3,3,8,4,1,1,3,2,2,2,11,9,7,2,3,8,8,,,4,2,,,3,1,5,3,3,3,3,7,7,9,3,3,2,2,2,4,2,8,1,1,3,9,1,8,,3,,,b'\x11\xe8\xe1I\xcc\x004\xf8\xaf\x82\x12\xdf\x17\xaeN\x1e'
11E8E149-CC00-34F8-AF82-12DF17AE4E1E,2019-ncaa-d1-natl,ncaa,148,152,107,159,116,225,218,220,202,160,125,243,272,292,166,280,187,111,320,111,142,195,193,228,243,243,259,261,132,51,20,139,232,83,62,308,340,200,203,293,240,231,226,262,,,159,196,,,124,252,326,112,267,253,287,172,134,278,299,202,117,117,252,255,61,157,79,328,185,256,240,,138,,,124,31,73,156,54,143,262,44,22,26,44,24,62,94,31,88,57,136,121,23,21,30,18,38,131,269,232,43,20,109,62,17,25,209,181,57,115,135,264,237,,,62,30,,,124,97,190,52,119,20,48,102,128,265,19,19,56,87,85,74,62,266,33,87,20,224,112,257,,55,,,b'\x11\xe8\xe1I\xcc\x004\xf8\xaf\x82\x12\xdf\x17\xaeN\x1e'
11E8E149-CC00-34F8-AF82-12DF17AE4E1E,2020-ncaa-d0-natl,ncaa,182,150,260,174,302,298,285,307,222,199,167,250,328,325,273,320,206,142,290,140,150,289,301,272,268,250,290,319,73,74,24,182,18,121,13,349,351,94,173,321,349,337,343,341,,,38,184,,,169,336,335,273,271,261,281,159,100,325,323,161,101,97,248,272,38,99,32,349,146,344,343,,72,,,169,26,33,38,93,39,68,79,101,87,195,183,45,30,289,28,66,27,11,93,97,184,179,216,131,10,18,21,24,10,13,12,23,340,303,178,59,115,189,177,,,206,77,,,169,12,190,141,171,49,62,75,71,109,130,113,69,46,46,43,5,16,51,23,25,334,89,222,,131,,,b'\x11\xe8\xe1I\xcc\x004\xf8\xaf\x82\x12\xdf\x17\xaeN\x1e'
11E8E149-CC00-34F8-AF82-12DF17AE4E1E,2020-ncaa-d1-conf-Big South,ncaa,6,6,1,6,5,5,3,5,5,3,4,6,9,11,7,11,4,3,11,3,7,4,5,7,8,7,10,9,5,1,1,4,2,2,1,11,11,5,4,10,10,10,11,11,,,3,4,,,6,9,10,7,6,4,7,3,4,9,11,4,4,4,6,7,1,4,3,11,3,11,11,,1,,,6,5,6,7,6,6,8,4,7,5,10,5,3,3,8,2,1,6,3,5,5,9,5,8,2,3,2,2,1,2,1,3,2,11,11,9,4,4,7,4,,,5,5,,,6,3,5,6,6,3,6,5,5,7,7,4,3,2,2,5,2,1,2,1,3,11,4,7,,6,,,b'\x11\xe8\xe1I\xcc\x004\xf8\xaf\x82\x12\xdf\x17\xaeN\x1e'
11E8E149-CC00-34F8-AF82-12DF17AE4E1E,2020-ncaa-d1-natl,ncaa,150,150,128,157,234,251,243,252,219,146,112,239,319,319,292,317,136,80,286,80,143,228,256,270,263,241,292,320,60,38,25,115,23,53,16,346,351,114,153,314,336,321,341,339,,,60,168,,,147,318,329,273,259,253,268,142,96,324,323,123,82,83,232,258,33,103,31,349,128,337,341,,67,,,146,40,54,82,84,57,114,67,127,108,186,192,52,35,285,34,54,53,21,90,90,148,177,224,108,19,23,54,25,24,16,21,39,323,277,152,67,92,205,163,,,115,67,,,147,31,180,113,147,44,54,74,70,109,132,113,48,34,31,41,6,21,60,28,26,322,75,208,,117,,,b'\x11\xe8\xe1I\xcc\x004\xf8\xaf\x82\x12\xdf\x17\xaeN\x1e'
11E8E149-CC00-34F8-AF82-12DF17AE4E1E,2021-ncaa-d0-natl,ncaa,174,276,59,211,80,130,145,82,293,151,89,294,121,86,233,147,122,110,191,108,156,84,93,271,277,243,108,141,116,124,262,107,217,114,273,211,316,214,110,249,195,278,315,341,,,275,204,,,256,82,154,224,248,270,165,261,179,174,136,181,180,177,171,204,221,223,242,311,99,275,341,,209,,,236,266,269,266,152,287,288,149,186,214,104,105,241,235,238,232,114,269,271,127,133,159,86,84,170,263,217,308,262,297,273,224,89,118,210,165,156,73,228,163,,,90,143,,,256,265,252,156,226,168,187,208,239,256,106,108,178,168,166,210,184,191,272,256,129,207,70,159,,155,,,b'\x11\xe8\xe1I\xcc\x004\xf8\xaf\x82\x12\xdf\x17\xaeN\x1e'
11E8E149-CC00-34F8-AF82-12DF17AE4E1E,2021-ncaa-d1-conf-Big South,ncaa,6,8,3,7,3,4,4,4,9,7,4,9,3,3,4,5,4,4,7,4,4,4,5,9,8,7,2,4,5,5,7,6,9,4,9,7,6,3,4,6,6,7,10,11,,,8,8,,,8,3,4,9,6,6,4,10,6,4,4,5,6,6,4,4,7,8,6,9,4,6,11,,8,,,8,8,9,9,7,10,10,6,6,6,4,3,8,8,10,8,7,9,9,6,7,9,3,3,7,8,9,10,7,10,9,8,5,6,7,7,5,5,10,9,,,4,5,,,8,9,6,9,7,8,9,7,10,9,4,5,8,7,7,7,9,8,9,10,7,6,3,10,,6,,,b'\x11\xe8\xe1I\xcc\x004\xf8\xaf\x82\x12\xdf\x17\xaeN\x1e'
11E8E149-CC00-34F8-AF82-12DF17AE4E1E,2021-ncaa-d1-natl,ncaa,184,275,70,220,93,148,159,96,295,167,102,299,131,93,236,145,128,120,190,119,154,98,108,279,284,249,105,136,109,143,269,123,222,128,281,223,316,200,114,254,208,283,317,341,,,266,211,,,264,100,158,225,256,280,171,268,184,176,140,181,180,179,177,205,227,228,248,315,101,279,341,,209,,,246,253,265,256,162,283,285,163,175,201,103,105,236,231,244,227,120,258,257,130,140,168,82,83,169,258,222,301,269,292,281,215,90,134,219,172,148,72,219,163,,,106,135,,,264,250,258,172,238,178,196,211,245,256,104,108,177,168,165,210,182,194,276,257,135,213,70,164,,156,,,b'\x11\xe8\xe1I\xcc\x004\xf8\xaf\x82\x12\xdf\x17\xaeN\x1e'
11E8E149-CC00-34F8-AF82-12DF17AE4E1E,2022-ncaa-d0-natl,ncaa,282,316,112,295,133,199,168,128,259,144,123,194,241,160,330,187,237,211,292,207,258,136,144,272,296,258,276,247,237,194,271,214,136,209,280,272,340,154,124,250,195,216,352,354,,,263,245,,,298,133,142,220,252,202,139,162,135,259,178,268,237,237,172,188,219,287,286,311,121,218,353,,233,,,291,289,297,186,340,313,224,332,163,120,268,108,248,246,220,237,200,197,208,330,328,313,78,89,172,83,136,319,271,258,280,184,56,137,139,153,197,184,16,11,,,161,195,,,298,229,262,280,287,271,287,124,307,187,142,90,225,225,214,136,155,68,312,233,153,149,182,13,,204,,,b'\x11\xe8\xe1I\xcc\x004\xf8\xaf\x82\x12\xdf\x17\xaeN\x1e'
11E8E149-CC00-34F8-AF82-12DF17AE4E1E,2022-ncaa-d1-conf-Big South,ncaa,9,10,1,9,3,5,5,3,10,5,2,9,7,6,12,8,6,6,5,6,9,3,3,10,9,7,8,9,6,4,9,8,4,5,10,8,11,5,3,7,7,8,12,12,,,10,9,,,9,3,6,8,8,7,4,6,4,10,7,7,8,8,5,6,5,11,10,10,3,9,12,,8,,,9,12,12,10,12,12,11,11,7,4,10,2,11,10,11,10,7,11,10,11,12,11,3,2,7,7,4,11,9,12,10,9,1,7,7,7,5,5,2,1,,,6,10,,,9,11,7,11,9,10,11,6,12,10,6,3,10,8,8,6,6,3,11,10,5,7,5,1,,8,,,b'\x11\xe8\xe1I\xcc\x004\xf8\xaf\x82\x12\xdf\x17\xaeN\x1e'
11E8E149-CC00-34F8-AF82-12DF17AE4E1E,2022-ncaa-d1-natl,ncaa,269,316,67,291,83,162,131,92,239,94,80,171,214,139,324,191,214,181,289,180,259,98,94,259,280,250,283,249,243,151,253,149,99,150,235,252,339,221,148,260,152,199,351,352,,,300,251,,,278,84,127,240,236,192,134,129,128,257,180,265,234,237,158,165,209,236,243,303,160,199,353,,244,,,273,307,309,235,317,319,258,312,177,157,233,112,256,270,140,259,197,250,259,305,292,276,81,95,167,97,99,329,253,291,235,205,56,93,136,132,249,194,17,11,,,127,212,,,278,278,254,240,268,240,261,133,289,190,133,95,204,225,213,148,167,58,295,204,145,145,193,12,,196,,,b'\x11\xe8\xe1I\xcc\x004\xf8\xaf\x82\x12\xdf\x17\xaeN\x1e'
11E8E149-CC00-34F8-AF82-12DF17AE4E1E,2023-ncaa-d0-natl,ncaa,266,257,236,273,288,322,324,274,339,319,299,287,236,144,345,92,271,245,272,240,133,272,252,325,333,337,128,155,138,215,248,249,255,247,285,318,266,253,297,327,242,228,358,359,,,176,243,,,308,261,176,359,330,335,259,321,287,225,109,254,220,211,254,187,185,227,223,323,297,221,357,,246,,,311,110,141,100,239,180,80,314,103,181,39,245,81,138,23,143,225,103,112,229,183,164,72,140,118,196,255,258,248,250,285,90,90,178,127,109,196,240,57,132,,,249,215,,,308,99,338,189,311,180,216,159,242,108,123,229,128,186,194,163,189,255,324,310,133,132,239,73,,207,,,b'\x11\xe8\xe1I\xcc\x004\xf8\xaf\x82\x12\xdf\x17\xaeN\x1e'
11E8E149-CC00-34F8-AF82-12DF17AE4E1E,2023-ncaa-d1-conf-Big South,ncaa,6,7,3,7,6,8,8,3,10,9,7,10,6,5,9,4,5,5,8,4,5,4,2,9,9,9,5,5,3,4,7,7,7,6,9,6,4,6,4,7,7,7,10,10,,,8,8,,,9,5,6,10,9,9,4,9,7,6,5,5,5,4,4,4,5,6,7,6,6,7,10,,7,,,9,7,8,5,8,8,6,9,6,6,5,6,7,7,2,7,9,6,6,8,8,7,4,6,5,8,7,10,7,10,9,5,4,4,4,5,6,5,5,7,,,5,5,,,9,6,9,7,9,7,7,5,8,3,5,5,6,7,7,5,6,6,10,8,5,3,5,5,,5,,,b'\x11\xe8\xe1I\xcc\x004\xf8\xaf\x82\x12\xdf\x17\xaeN\x1e'
11E8E149-CC00-34F8-AF82-12DF17AE4E1E,2023-ncaa-d1-natl,ncaa,243,257,151,255,217,292,285,203,326,282,263,260,216,110,344,89,270,240,276,240,172,214,179,314,321,328,156,156,187,161,220,200,230,182,264,306,281,279,283,325,203,192,356,357,,,209,228,,,288,196,177,359,320,311,228,302,272,213,102,285,249,245,242,175,163,199,193,320,284,200,356,,222,,,286,122,161,142,197,183,108,280,115,214,30,246,92,164,20,173,219,135,166,187,147,116,85,154,124,216,230,292,220,279,264,94,86,131,106,68,203,216,69,127,,,236,252,,,288,154,326,129,285,130,170,140,192,101,116,219,107,177,184,146,176,231,306,294,98,120,212,75,,223,,,b'\x11\xe8\xe1I\xcc\x004\xf8\xaf\x82\x12\xdf\x17\xaeN\x1e'
11E8E149-CC00-34F8-AF82-12DF17AE4E1E,2024-ncaa-d0-natl,ncaa,286,276,258,291,261,300,283,213,324,215,150,302,331,285,355,270,245,238,229,237,267,216,238,339,339,323,308,311,109,120,93,236,210,187,155,340,350,134,184,319,347,338,324,327,,,204,294,,,241,274,222,48,293,275,137,183,78,327,261,209,200,199,140,140,71,173,111,345,190,339,322,,268,,,243,54,69,89,111,89,123,123,60,83,91,117,155,224,7,217,253,100,88,91,80,109,135,105,242,144,210,115,93,115,155,12,13,236,188,46,100,148,47,36,,,202,143,,,241,79,309,116,245,114,104,149,161,189,81,120,195,261,259,178,165,210,214,219,15,191,154,70,,132,,,b'\x11\xe8\xe1I\xcc\x004\xf8\xaf\x82\x12\xdf\x17\xaeN\x1e'
11E8E149-CC00-34F8-AF82-12DF17AE4E1E,2024-ncaa-d1-conf-Big South,ncaa,8,9,3,9,3,7,6,2,9,1,1,7,8,8,9,8,4,6,1,6,9,2,2,9,9,9,8,8,3,1,3,2,6,1,5,7,8,3,1,7,9,9,5,7,,,8,8,,,9,3,5,2,7,5,2,3,2,8,8,4,6,6,2,3,2,2,2,9,2,9,6,,8,,,9,8,8,9,6,8,8,5,5,6,8,4,8,8,3,8,8,9,7,6,6,8,6,4,6,8,6,8,3,7,5,2,1,8,9,7,3,2,5,3,,,5,6,,,9,7,8,8,9,8,8,8,8,7,6,5,8,8,8,8,5,7,7,7,2,9,2,6,,6,,,b'\x11\xe8\xe1I\xcc\x004\xf8\xaf\x82\x12\xdf\x17\xaeN\x1e'
11E8E149-CC00-34F8-AF82-12DF17AE4E1E,2024-ncaa-d1-natl,ncaa,266,278,194,279,202,273,251,163,327,178,116,302,324,257,356,260,220,224,223,223,280,167,179,342,344,321,311,311,127,90,85,196,193,146,145,325,342,158,162,303,323,329,327,326,,,230,273,,,215,230,218,50,283,269,104,173,77,323,244,213,205,206,124,132,59,169,93,339,182,324,323,,251,,,216,62,66,117,87,87,152,84,74,103,85,118,165,238,3,238,254,131,130,68,60,60,140,114,240,168,193,175,85,172,145,14,15,179,153,33,108,116,49,30,,,176,163,,,215,129,296,72,218,85,82,137,123,179,78,114,175,258,252,166,173,196,217,217,19,155,130,51,,145,,,b'\x11\xe8\xe1I\xcc\x004\xf8\xaf\x82\x12\xdf\x17\xaeN\x1e'
11E8E149-CC00-34F8-AF82-12DF17AE4E1E,2025-ncaa-d0-natl,genius_ncaa,355,356,248,356,270,318,325,252,354,308,272,318,275,177,349,119,253,276,112,276,212,264,224,343,335,340,145,200,101,155,148,337,305,291,286,311,244,308,322,334,261,246,341,346,,,250,328,,130,331,250,164,176,329,335,216,308,229,263,139,233,258,260,228,122,115,341,281,317,338,235,341,,319,,162,332,191,194,72,354,297,120,359,16,47,13,70,282,303,106,300,310,86,109,329,335,297,24,6,291,145,305,181,148,165,286,188,171,174,125,185,301,320,138,229,,,279,284,,71,331,111,335,293,334,284,289,114,344,191,20,67,318,329,328,163,192,206,266,247,251,124,327,181,,245,,51,b'\x11\xe8\xe1I\xcc\x004\xf8\xaf\x82\x12\xdf\x17\xaeN\x1e'
11E8E149-CC00-34F8-AF82-12DF17AE4E1E,2025-ncaa-d1-conf-Big South,genius_ncaa,9,9,3,9,5,8,8,3,9,8,5,9,5,5,9,4,5,5,3,5,6,3,2,9,9,9,3,4,3,1,4,8,4,4,7,6,4,8,8,8,4,6,8,8,,,9,9,,3,9,3,2,6,8,8,4,9,4,5,4,5,5,6,4,2,2,9,5,8,8,6,8,,9,,2,9,9,9,4,9,9,4,9,3,4,1,3,9,9,7,9,9,8,7,9,9,9,3,2,8,3,4,9,4,6,7,9,8,4,4,8,9,8,9,9,,,4,7,,2,9,7,9,8,9,9,8,4,9,4,3,3,8,8,8,7,7,2,8,8,9,4,9,9,,5,,1,b'\x11\xe8\xe1I\xcc\x004\xf8\xaf\x82\x12\xdf\x17\xaeN\x1e'
11E8E149-CC00-34F8-AF82-12DF17AE4E1E,2025-ncaa-d1-natl,genius_ncaa,354,356,244,358,272,319,319,251,346,297,257,296,283,187,350,129,237,256,117,260,191,262,226,339,331,335,176,224,91,147,141,326,297,278,269,311,240,307,329,332,243,228,336,342,,,252,320,,147,320,241,160,181,324,327,208,291,226,272,146,211,233,240,222,122,106,330,254,312,335,215,339,,314,,179,322,176,188,72,347,297,136,359,17,43,9,70,266,289,96,290,301,90,120,302,308,258,23,8,286,151,297,170,141,165,269,188,177,156,112,167,305,322,128,204,,,257,266,,71,320,118,333,260,323,259,269,114,336,201,19,67,307,319,319,164,201,212,251,241,240,107,328,161,,225,,52,b'\x11\xe8\xe1I\xcc\x004\xf8\xaf\x82\x12\xdf\x17\xaeN\x1e'
11E8E149-CC00-34F8-AF82-12DF17AE4E1E,2026-ncaa-d0-natl,genius_ncaa,260,295,116,284,120,233,267,243,301,277,226,335,212,252,109,258,75,36,324,36,9,208,152,298,274,321,35,162,9,176,193,181,330,183,280,213,72,357,352,332,177,226,88,94,,,332,331,,356,257,144,174,41,302,345,351,345,295,235,295,63,21,20,318,162,215,246,238,265,354,198,85,,335,,358,253,194,121,199,49,147,238,55,89,138,83,68,352,352,219,349,327,233,242,43,95,85,272,64,357,338,330,192,193,270,280,179,271,95,116,106,311,294,197,233,,,91,72,,127,257,203,321,144,257,151,62,151,99,232,59,87,346,343,343,246,288,339,145,280,138,87,290,181,,71,,146,b'\x11\xe8\xe1I\xcc\x004\xf8\xaf\x82\x12\xdf\x17\xaeN\x1e'
11E8E149-CC00-34F8-AF82-12DF17AE4E1E,2026-ncaa-d1-natl,genius_ncaa,256,294,85,287,89,208,252,228,292,262,187,322,197,249,102,267,47,16,310,16,10,170,102,272,250,304,46,176,11,126,168,153,313,138,229,170,42,357,342,301,116,167,92,113,,,341,317,,353,237,100,138,47,268,326,340,326,257,233,286,47,16,16,263,123,173,219,180,205,349,140,102,,330,,355,231,212,147,213,63,170,252,68,97,163,84,80,345,347,202,346,313,250,276,47,100,80,244,61,355,336,313,215,168,284,229,191,239,68,105,98,328,294,241,237,,,62,81,,131,237,254,301,124,240,144,70,154,112,224,57,96,333,337,336,220,282,323,158,250,139,87,298,211,,70,,163,b'\x11\xe8\xe1I\xcc\x004\xf8\xaf\x82\x12\xdf\x17\xaeN\x1e'
11E8E149-CC04-7E50-AF82-12DF17AE4E1E,2010-ncaa-d0-natl,ncaa,262,269,178,270,222,254,251,156,310,245,201,303,161,111,270,94,271,262,236,260,260,177,193,298,303,277,126,97,234,172,246,267,204,236,286,251,228,113,138,221,61,25,187,141,,,154,211,,,271,199,160,271,267,266,110,265,192,153,90,281,264,263,142,176,156,293,247,259,140,37,189,,177,,,272,160,141,88,277,90,31,299,269,251,256,300,179,162,227,166,283,86,122,308,311,244,289,283,189,80,204,286,246,218,286,161,203,115,61,117,251,256,160,186,,,307,327,,,271,133,273,223,275,199,169,66,107,23,292,276,195,184,195,80,136,110,308,262,192,91,259,175,,319,,,b'\x11\xe8\xe1I\xcc\x04~P\xaf\x82\x12\xdf\x17\xaeN\x1e'
11E8E149-CC04-7E50-AF82-12DF17AE4E1E,2010-ncaa-d1-conf-SoCon,ncaa,7,7,4,7,8,10,8,2,11,7,4,11,6,4,10,4,10,9,9,9,10,4,5,11,11,9,8,6,8,3,7,10,10,8,10,8,9,3,1,7,2,2,4,4,,,4,5,,,9,5,5,11,11,9,2,7,4,6,4,10,9,9,3,5,3,10,8,9,2,2,4,,4,,,9,9,7,5,10,7,2,9,9,10,8,10,5,5,7,5,6,5,7,10,10,9,7,8,4,6,10,10,7,10,10,8,9,3,4,6,6,6,5,4,,,11,10,,,9,7,9,10,9,8,7,6,6,2,9,9,5,5,5,5,7,6,10,10,9,3,5,5,,11,,,b'\x11\xe8\xe1I\xcc\x04~P\xaf\x82\x12\xdf\x17\xaeN\x1e'
11E8E149-CC04-7E50-AF82-12DF17AE4E1E,2010-ncaa-d1-natl,ncaa,268,269,191,274,254,272,264,173,313,265,210,307,171,114,273,94,279,276,237,273,262,193,216,301,305,280,124,97,233,187,252,289,206,256,290,269,232,98,138,223,67,27,199,143,,,132,210,,,276,224,162,272,275,268,115,268,195,154,90,279,267,267,146,176,159,296,253,267,140,38,191,,174,,,278,145,123,58,283,81,21,301,263,242,260,298,168,151,228,155,283,61,104,309,312,256,290,282,188,69,206,278,252,205,290,155,202,128,67,125,244,259,152,191,,,318,328,,,276,110,278,234,281,206,177,68,112,23,293,277,200,188,195,82,134,109,311,266,197,92,262,177,,320,,,b'\x11\xe8\xe1I\xcc\x04~P\xaf\x82\x12\xdf\x17\xaeN\x1e'
11E8E149-CC04-7E50-AF82-12DF17AE4E1E,2011-ncaa-d0-natl,ncaa,192,175,242,195,264,240,195,153,238,164,123,225,230,197,278,197,307,280,317,279,322,174,220,258,285,238,282,203,313,125,149,283,247,235,248,263,311,40,67,203,118,79,240,252,,,34,48,,,208,262,170,166,206,153,50,122,76,212,169,312,267,268,84,123,85,268,180,270,79,79,229,,53,,,210,96,171,96,273,200,191,207,107,40,329,64,27,36,52,36,36,64,84,261,208,163,40,146,31,133,247,203,149,171,248,115,96,145,87,127,64,88,206,173,,,305,317,,,208,81,217,168,208,160,245,177,260,271,141,55,42,59,58,131,175,193,283,261,178,99,104,242,,295,,,b'\x11\xe8\xe1I\xcc\x04~P\xaf\x82\x12\xdf\x17\xaeN\x1e'
11E8E149-CC04-7E50-AF82-12DF17AE4E1E,2011-ncaa-d1-conf-SoCon,ncaa,5,5,8,5,11,8,5,3,9,4,3,7,6,5,10,6,11,11,11,11,11,4,6,9,9,8,9,7,10,3,5,11,9,9,10,8,8,2,2,6,2,2,8,7,,,2,2,,,8,9,5,8,7,4,2,3,3,6,5,11,9,9,2,4,2,11,8,8,3,2,8,,3,,,8,4,7,3,11,9,8,11,4,1,11,2,1,1,5,1,1,2,3,11,10,7,2,5,1,5,9,10,5,8,10,6,5,2,2,2,2,2,8,6,,,11,10,,,8,3,8,7,8,7,9,4,9,8,4,1,1,2,2,4,6,6,11,8,6,2,3,8,,11,,,b'\x11\xe8\xe1I\xcc\x04~P\xaf\x82\x12\xdf\x17\xaeN\x1e'
11E8E149-CC04-7E50-AF82-12DF17AE4E1E,2011-ncaa-d1-natl,ncaa,206,172,279,206,299,260,218,176,244,180,140,231,237,208,276,194,315,295,316,295,323,202,254,259,287,238,282,198,312,143,155,297,252,250,252,278,313,25,71,207,133,86,248,253,,,24,49,,,212,286,171,162,212,157,53,129,77,212,172,312,271,272,89,126,89,269,190,273,80,85,233,,51,,,214,76,155,77,277,192,165,217,96,34,331,58,23,32,56,32,34,47,64,265,216,174,37,147,30,115,252,186,155,146,252,101,95,166,94,137,50,88,200,179,,,315,316,,,212,59,221,179,214,167,248,182,265,277,140,52,42,60,60,136,175,193,287,266,180,103,104,245,,296,,,b'\x11\xe8\xe1I\xcc\x04~P\xaf\x82\x12\xdf\x17\xaeN\x1e'
11E8E149-CC04-7E50-AF82-12DF17AE4E1E,2012-ncaa-d0-natl,ncaa,327,325,240,329,278,330,305,216,332,238,107,334,321,311,319,297,340,336,324,337,343,268,286,333,339,335,332,287,330,204,242,322,203,305,298,325,321,66,159,292,197,128,220,182,,,42,131,,,327,296,263,262,334,311,150,211,45,325,306,339,336,336,232,251,174,325,296,327,116,162,214,,76,,,327,130,158,36,328,143,49,316,212,92,338,194,53,50,183,52,131,31,33,332,322,300,155,259,61,32,203,251,242,136,298,230,269,221,112,252,116,199,266,228,,,340,343,,,327,44,334,281,331,207,228,59,220,63,245,135,89,84,87,50,53,51,312,225,269,179,162,294,,341,,,b'\x11\xe8\xe1I\xcc\x04~P\xaf\x82\x12\xdf\x17\xaeN\x1e'
11E8E149-CC04-7E50-AF82-12DF17AE4E1E,2012-ncaa-d1-conf-SoCon,ncaa,11,11,8,11,9,10,8,5,10,8,2,9,9,10,10,10,11,11,10,11,11,5,9,10,10,10,10,10,9,5,8,11,5,9,9,9,10,2,3,7,8,5,8,6,,,4,6,,,11,9,6,6,10,8,2,5,2,9,10,11,10,10,4,7,5,11,8,9,3,6,8,,5,,,11,9,9,2,11,9,2,11,10,6,10,10,5,4,10,4,6,1,1,11,11,11,5,8,3,2,5,11,8,5,9,11,11,8,4,10,3,5,6,4,,,11,11,,,11,2,10,11,11,10,10,2,9,3,11,8,7,5,5,2,3,2,11,8,11,8,4,7,,11,,,b'\x11\xe8\xe1I\xcc\x04~P\xaf\x82\x12\xdf\x17\xaeN\x1e'
11E8E149-CC04-7E50-AF82-12DF17AE4E1E,2012-ncaa-d1-natl,ncaa,330,325,286,330,312,337,320,242,333,260,121,336,323,317,318,296,341,338,325,339,343,292,313,333,339,335,332,284,330,224,247,331,209,319,304,332,322,52,158,296,214,134,232,186,,,30,132,,,327,320,268,262,335,312,156,221,44,325,306,339,336,336,237,256,182,326,300,328,117,171,221,,80,,,327,111,140,21,332,129,31,319,203,75,338,195,47,41,189,43,135,13,16,334,324,306,157,258,61,24,209,230,247,116,304,218,270,248,118,256,99,202,261,232,,,342,343,,,327,20,335,287,332,214,235,60,221,63,245,136,91,84,87,50,53,54,313,230,273,189,165,296,,341,,,b'\x11\xe8\xe1I\xcc\x04~P\xaf\x82\x12\xdf\x17\xaeN\x1e'
11E8E149-CC04-7E50-AF82-12DF17AE4E1E,2013-ncaa-d0-natl,ncaa,290,310,120,303,169,221,188,82,306,131,36,309,291,260,318,294,226,155,328,158,303,89,79,326,333,322,305,284,194,41,111,295,325,166,282,292,328,267,184,313,80,96,287,319,,,93,47,,,321,96,65,223,259,214,48,132,24,296,275,252,166,179,54,37,35,328,195,311,258,73,293,,80,,,320,306,329,254,334,342,306,331,110,85,217,51,89,80,194,63,31,234,264,329,316,274,6,38,30,268,325,302,111,304,282,334,250,67,84,240,331,296,320,238,,,162,273,,,321,251,309,281,315,300,332,290,340,318,106,75,77,76,65,233,282,262,310,306,329,64,320,313,,194,,,b'\x11\xe8\xe1I\xcc\x04~P\xaf\x82\x12\xdf\x17\xaeN\x1e'
11E8E149-CC04-7E50-AF82-12DF17AE4E1E,2013-ncaa-d1-conf-SoCon,ncaa,9,10,3,10,4,7,6,3,10,6,1,10,8,9,10,9,9,7,10,7,11,3,3,10,11,10,10,9,9,2,5,11,11,6,11,8,9,3,3,8,6,7,11,11,,,3,3,,,11,5,5,5,7,6,2,7,2,9,8,10,7,7,2,3,2,11,7,8,3,7,11,,3,,,11,11,11,9,11,11,9,11,10,6,9,5,2,4,5,3,2,6,7,11,11,11,1,4,1,7,11,10,5,11,11,11,9,6,5,11,10,6,11,7,,,6,9,,,11,6,9,11,11,11,11,8,11,7,9,6,3,4,3,5,5,6,10,10,11,5,9,10,,5,,,b'\x11\xe8\xe1I\xcc\x04~P\xaf\x82\x12\xdf\x17\xaeN\x1e'
11E8E149-CC04-7E50-AF82-12DF17AE4E1E,2013-ncaa-d1-natl,ncaa,298,310,136,306,196,242,209,97,314,141,38,314,292,269,321,293,240,169,329,176,304,105,92,330,333,325,303,283,191,47,114,314,326,184,292,303,329,258,187,315,89,101,293,320,,,81,47,,,323,120,68,220,263,223,52,140,24,297,274,252,164,179,58,37,34,330,199,314,258,82,295,,82,,,322,298,328,245,335,341,302,334,103,71,219,50,77,70,194,56,32,220,246,331,320,276,6,39,31,256,326,297,114,299,292,333,251,82,92,245,327,300,318,240,,,185,270,,,323,223,311,285,317,305,332,292,340,317,109,76,79,76,65,235,282,262,309,310,329,68,320,316,,192,,,b'\x11\xe8\xe1I\xcc\x04~P\xaf\x82\x12\xdf\x17\xaeN\x1e'
11E8E149-CC04-7E50-AF82-12DF17AE4E1E,2014-ncaa-d0-natl,ncaa,303,311,180,308,201,245,252,158,315,191,77,328,283,286,230,301,158,109,301,112,193,143,106,323,322,324,243,282,69,69,80,274,206,173,168,244,196,316,289,302,98,89,185,226,,,207,214,,,309,129,53,110,254,253,89,176,40,280,283,129,59,67,78,27,33,291,145,247,328,86,176,,248,,,308,256,300,150,338,325,251,319,89,31,328,25,146,136,181,129,97,144,188,325,317,287,16,47,104,89,206,219,80,169,168,268,188,94,73,165,341,331,298,245,,,145,214,,,309,212,312,252,311,289,322,199,332,303,95,34,172,170,166,194,261,119,256,216,289,61,343,324,,103,,,b'\x11\xe8\xe1I\xcc\x04~P\xaf\x82\x12\xdf\x17\xaeN\x1e'
11E8E149-CC04-7E50-AF82-12DF17AE4E1E,2014-ncaa-d1-conf-SoCon,ncaa,10,10,6,10,6,8,8,4,9,6,3,10,9,8,8,8,5,2,10,2,5,4,1,10,10,10,7,9,4,1,2,9,7,8,4,8,5,10,7,9,4,3,5,5,,,6,5,,,9,6,1,2,8,8,1,5,2,9,8,4,2,2,1,1,1,9,3,5,10,1,5,,8,,,9,8,10,5,10,10,4,10,8,5,10,5,3,3,9,2,3,5,6,10,10,10,2,6,2,4,7,6,2,5,4,10,9,4,3,9,10,9,9,6,,,4,5,,,9,5,9,9,10,10,10,6,10,9,8,5,5,3,3,6,8,4,8,6,10,1,10,9,,3,,,b'\x11\xe8\xe1I\xcc\x04~P\xaf\x82\x12\xdf\x17\xaeN\x1e'
11E8E149-CC04-7E50-AF82-12DF17AE4E1E,2014-ncaa-d1-natl,ncaa,310,310,211,312,236,266,269,183,319,206,94,332,288,291,230,300,173,114,302,117,193,164,130,325,326,326,244,281,69,76,82,294,211,199,173,261,201,310,290,304,110,93,194,227,,,191,213,,,313,157,57,94,263,256,94,179,42,284,284,133,64,68,81,31,35,292,150,253,328,91,180,,249,,,313,236,289,124,338,323,235,320,76,22,330,27,134,130,188,123,98,112,159,328,318,294,16,44,102,78,211,199,82,149,173,260,189,109,75,171,340,333,296,251,,,164,217,,,313,182,313,266,316,298,323,200,334,304,96,34,177,171,166,198,259,122,257,222,293,63,343,325,,103,,,b'\x11\xe8\xe1I\xcc\x04~P\xaf\x82\x12\xdf\x17\xaeN\x1e'
11E8E149-CC04-7E50-AF82-12DF17AE4E1E,2015-ncaa-d0-natl,ncaa,320,316,243,322,272,232,208,81,323,155,51,329,260,250,274,272,241,223,241,218,323,96,86,329,332,323,283,257,202,42,60,344,322,259,277,281,313,237,190,298,38,20,311,317,,,309,329,,,313,131,12,283,196,164,13,101,9,253,225,215,192,192,17,10,12,347,224,274,287,11,307,,338,,,315,298,262,43,348,312,134,348,44,12,326,17,331,322,329,321,324,79,180,348,348,328,76,13,312,98,322,269,60,208,277,190,112,35,18,59,244,199,269,180,,,251,327,,,313,205,302,305,311,333,315,61,332,211,68,16,340,333,333,139,309,139,312,279,243,12,280,302,,204,,,b'\x11\xe8\xe1I\xcc\x04~P\xaf\x82\x12\xdf\x17\xaeN\x1e'
11E8E149-CC04-7E50-AF82-12DF17AE4E1E,2015-ncaa-d1-conf-SoCon,ncaa,8,8,5,8,5,5,5,2,8,4,2,8,6,6,8,6,5,5,6,5,7,2,1,8,8,8,7,7,5,1,2,8,5,5,7,6,7,6,4,6,2,2,8,8,,,8,8,,,8,2,1,5,5,5,1,3,2,6,5,4,3,3,1,1,1,8,4,6,7,1,8,,8,,,8,8,8,2,8,8,2,8,6,3,8,2,8,8,7,8,8,4,7,8,8,8,5,2,8,2,5,8,2,8,7,8,8,1,1,5,6,5,7,2,,,6,8,,,8,7,7,8,8,8,8,3,8,2,6,3,8,8,8,4,8,2,8,8,8,1,7,7,,2,,,b'\x11\xe8\xe1I\xcc\x04~P\xaf\x82\x12\xdf\x17\xaeN\x1e'
11E8E149-CC04-7E50-AF82-12DF17AE4E1E,2015-ncaa-d1-natl,ncaa,312,313,209,315,248,219,196,67,323,141,47,328,263,245,286,267,218,204,229,195,315,81,75,329,331,321,281,260,189,43,71,345,326,253,290,291,320,273,202,304,29,18,308,317,,,316,329,,,318,103,11,174,187,159,14,98,12,254,225,198,180,171,19,10,14,345,227,284,301,9,305,,338,,,319,310,288,55,348,321,171,348,45,8,321,9,333,325,322,324,321,97,214,348,348,323,67,9,310,126,326,280,71,233,290,200,106,31,22,61,277,215,273,185,,,227,323,,,318,237,305,302,314,335,319,77,336,240,61,15,340,331,331,168,321,164,313,291,244,12,297,301,,180,,,b'\x11\xe8\xe1I\xcc\x04~P\xaf\x82\x12\xdf\x17\xaeN\x1e'
11E8E149-CC04-7E50-AF82-12DF17AE4E1E,2016-ncaa-d0-natl,ncaa,308,281,321,310,323,253,262,229,285,179,109,284,337,330,338,328,103,72,256,73,112,203,193,317,304,292,297,338,14,114,91,327,272,272,213,326,339,183,210,327,106,73,253,252,,,148,200,,,302,229,15,49,140,164,44,73,11,331,308,18,9,11,22,10,27,276,135,314,301,34,217,,283,,,305,221,233,79,337,304,186,335,37,30,140,31,271,215,340,216,209,97,94,316,333,312,34,16,249,102,272,107,91,87,213,173,125,175,131,186,251,267,197,146,,,175,153,,,302,110,272,296,301,334,334,290,342,330,71,64,323,305,306,306,331,248,280,280,283,59,319,273,,37,,,b'\x11\xe8\xe1I\xcc\x04~P\xaf\x82\x12\xdf\x17\xaeN\x1e'
11E8E149-CC04-7E50-AF82-12DF17AE4E1E,2016-ncaa-d1-conf-SoCon,ncaa,8,8,5,8,5,4,5,2,8,3,2,8,8,6,8,7,2,1,7,1,5,2,1,8,8,8,7,8,2,1,2,8,8,4,8,5,5,6,6,6,1,1,7,7,,,7,6,,,8,1,1,1,3,5,1,2,1,8,5,2,1,1,1,1,1,8,1,4,6,1,7,,7,,,8,8,8,7,8,8,7,8,3,2,7,1,8,7,8,7,5,7,8,8,8,8,2,1,7,5,8,8,2,8,8,8,7,2,2,6,7,7,7,3,,,3,5,,,8,8,7,8,8,8,8,8,8,8,3,3,8,7,7,8,8,7,8,8,8,1,7,7,,3,,,b'\x11\xe8\xe1I\xcc\x04~P\xaf\x82\x12\xdf\x17\xaeN\x1e'
11E8E149-CC04-7E50-AF82-12DF17AE4E1E,2016-ncaa-d1-natl,ncaa,293,292,218,294,233,183,193,134,276,106,39,275,331,322,337,332,53,29,264,31,109,102,84,308,294,285,303,338,17,55,67,292,280,183,197,308,336,279,215,321,48,54,191,227,,,260,219,,,295,102,15,65,137,159,48,64,10,332,317,17,7,9,24,10,21,278,126,306,305,24,173,,297,,,292,296,294,186,329,324,266,325,54,45,156,30,314,290,337,289,228,210,240,305,323,292,45,18,271,196,280,200,67,194,197,214,107,88,108,130,297,260,220,115,,,89,137,,,295,240,259,278,288,330,321,262,339,323,72,50,327,307,307,296,331,252,254,256,253,46,314,245,,31,,,b'\x11\xe8\xe1I\xcc\x04~P\xaf\x82\x12\xdf\x17\xaeN\x1e'
11E8E149-CC04-7E50-AF82-12DF17AE4E1E,2017-ncaa-d0-natl,ncaa,150,152,116,162,130,189,167,164,182,118,107,176,263,248,275,262,161,135,261,135,206,162,138,229,231,234,286,280,145,85,56,150,185,114,97,310,342,249,230,310,102,102,121,82,,,283,303,,,172,173,234,119,222,199,191,124,110,277,260,183,144,144,197,164,73,178,113,326,243,110,118,,281,,,172,134,89,139,96,74,80,156,196,248,57,288,254,246,185,250,300,161,189,109,140,116,291,220,278,204,185,99,56,134,97,102,172,118,108,87,118,96,210,154,,,219,279,,,172,177,204,129,173,107,77,81,53,38,178,251,243,245,245,97,128,189,84,107,96,123,104,198,,264,,,b'\x11\xe8\xe1I\xcc\x04~P\xaf\x82\x12\xdf\x17\xaeN\x1e'
11E8E149-CC04-7E50-AF82-12DF17AE4E1E,2017-ncaa-d1-conf-SoCon,ncaa,3,4,3,4,3,3,3,2,4,3,2,5,6,6,4,7,5,3,8,4,6,2,1,6,6,7,7,6,4,1,1,3,5,2,2,5,7,8,6,8,2,3,2,2,,,8,8,,,4,2,2,3,4,3,2,3,2,6,6,5,4,4,3,1,1,5,1,6,8,3,2,,8,,,4,7,2,4,3,2,3,2,7,6,5,6,7,7,6,7,7,6,7,3,4,3,8,7,7,5,5,2,1,5,2,3,6,1,1,2,7,5,4,3,,,6,7,,,4,7,4,3,4,4,3,3,2,3,6,4,7,7,7,4,7,4,2,4,4,1,6,4,,5,,,b'\x11\xe8\xe1I\xcc\x04~P\xaf\x82\x12\xdf\x17\xaeN\x1e'
11E8E149-CC04-7E50-AF82-12DF17AE4E1E,2017-ncaa-d1-natl,ncaa,104,151,16,129,18,88,79,46,162,54,32,165,208,195,257,259,104,49,306,48,186,43,26,201,223,229,285,267,173,25,46,45,107,24,51,218,334,327,236,300,47,78,95,96,,,333,289,,,116,35,213,81,191,169,171,109,104,264,247,196,119,124,168,125,55,123,62,298,263,94,130,,267,,,119,233,176,277,59,155,210,113,225,301,38,271,294,296,176,299,272,297,311,70,77,65,276,203,272,254,107,248,46,265,51,141,141,45,91,57,226,109,262,140,,,98,279,,,116,314,198,63,125,71,47,80,47,45,139,220,217,219,226,90,135,129,79,91,67,107,133,193,,241,,,b'\x11\xe8\xe1I\xcc\x04~P\xaf\x82\x12\xdf\x17\xaeN\x1e'
11E8E149-CC04-7E50-AF82-12DF17AE4E1E,2018-ncaa-d0-natl,ncaa,245,207,323,240,323,314,307,322,226,251,228,261,327,333,197,305,224,230,179,237,195,323,331,264,252,246,259,291,66,255,150,310,57,308,98,338,333,51,196,292,341,328,259,224,,,38,249,,,216,336,313,6,258,257,244,162,110,311,316,134,137,137,231,240,165,214,200,331,165,332,234,,165,,,219,24,42,16,272,73,27,284,38,37,123,137,49,50,128,48,171,12,5,243,236,254,80,103,153,4,57,17,150,5,98,42,116,329,239,235,28,101,233,274,,,285,136,,,216,10,231,217,237,133,164,77,212,122,100,99,145,146,146,66,29,24,114,57,127,286,85,305,,176,,,b'\x11\xe8\xe1I\xcc\x04~P\xaf\x82\x12\xdf\x17\xaeN\x1e'
11E8E149-CC04-7E50-AF82-12DF17AE4E1E,2018-ncaa-d1-conf-SoCon,ncaa,4,5,3,5,3,3,3,3,6,3,3,8,6,7,2,7,1,2,6,2,5,3,2,6,6,6,6,6,2,2,2,1,4,2,1,7,8,7,5,7,7,8,5,5,,,7,8,,,4,3,4,1,3,4,3,3,2,5,7,2,1,1,3,2,2,2,1,8,6,8,5,,8,,,4,7,7,8,4,6,3,7,7,8,2,8,7,7,3,7,8,8,6,5,4,5,8,6,7,4,4,4,2,4,1,7,6,4,6,6,3,3,8,5,,,2,2,,,4,6,4,6,4,6,5,5,4,3,5,8,8,8,8,5,6,4,3,4,5,5,3,8,,1,,,b'\x11\xe8\xe1I\xcc\x04~P\xaf\x82\x12\xdf\x17\xaeN\x1e'
11E8E149-CC04-7E50-AF82-12DF17AE4E1E,2018-ncaa-d1-natl,ncaa,218,223,144,222,145,213,203,210,185,129,102,204,304,311,265,305,124,123,192,124,162,195,196,235,219,223,296,314,69,131,98,169,33,162,54,320,336,163,188,283,298,287,194,185,,,176,254,,,167,221,284,14,217,200,210,110,95,315,308,113,111,112,188,192,121,158,135,325,179,300,200,,187,,,168,89,114,84,209,155,112,235,82,95,114,147,110,147,66,147,180,82,53,182,163,195,90,126,159,14,33,79,98,35,54,98,118,244,206,197,57,73,286,246,,,147,106,,,167,102,200,143,190,101,137,77,178,116,100,98,132,152,152,70,43,21,89,49,118,246,78,294,,125,,,b'\x11\xe8\xe1I\xcc\x04~P\xaf\x82\x12\xdf\x17\xaeN\x1e'
11E8E149-CC04-7E50-AF82-12DF17AE4E1E,2019-ncaa-d0-natl,ncaa,297,245,335,289,338,318,300,323,229,233,212,247,338,334,300,308,269,299,121,302,305,324,340,278,260,223,319,318,130,248,127,328,79,314,124,338,332,9,106,221,322,253,231,168,,,18,170,,,229,349,285,147,243,206,158,99,55,325,316,174,203,214,178,222,119,239,184,303,96,268,180,,108,,,238,19,22,8,246,33,12,244,63,41,248,175,110,66,339,72,241,5,2,248,282,295,209,168,248,4,79,17,127,2,124,25,109,332,231,217,4,49,186,216,,,327,221,,,229,4,207,261,237,189,163,78,166,99,172,145,251,193,208,82,51,35,159,82,121,271,40,284,,242,,,b'\x11\xe8\xe1I\xcc\x04~P\xaf\x82\x12\xdf\x17\xaeN\x1e'
11E8E149-CC04-7E50-AF82-12DF17AE4E1E,2019-ncaa-d1-conf-SoCon,ncaa,6,6,5,6,8,6,6,6,6,4,4,5,8,8,7,7,3,4,3,4,6,6,6,7,7,7,7,8,3,3,2,7,1,6,2,7,8,5,4,7,4,2,4,3,,,2,4,,,6,7,5,6,6,5,5,4,4,8,7,3,3,4,3,3,3,6,5,7,5,3,4,,2,,,6,2,2,2,6,1,1,6,7,5,8,7,4,4,6,4,7,2,2,8,8,8,8,8,5,2,1,1,2,1,2,6,7,5,2,6,1,2,5,4,,,4,5,,,6,2,6,6,7,5,5,2,3,1,7,6,5,5,5,2,2,2,3,1,6,4,2,6,,3,,,b'\x11\xe8\xe1I\xcc\x04~P\xaf\x82\x12\xdf\x17\xaeN\x1e'
11E8E149-CC04-7E50-AF82-12DF17AE4E1E,2019-ncaa-d1-natl,ncaa,252,245,233,254,267,234,223,214,206,131,102,222,316,307,294,294,181,198,133,205,246,218,263,255,239,197,305,307,108,137,99,257,59,211,90,290,323,38,92,197,221,164,204,165,,,47,116,,,142,299,265,149,197,174,141,91,58,309,292,131,151,160,144,193,92,228,157,283,89,198,185,,80,,,140,41,41,26,166,64,43,194,68,86,104,193,140,95,335,104,202,21,29,156,184,161,182,139,242,15,59,80,99,22,90,47,119,211,106,87,9,34,213,174,,,240,177,,,142,47,156,108,136,93,84,54,101,64,95,130,184,132,138,48,54,27,148,71,83,170,35,242,,184,,,b'\x11\xe8\xe1I\xcc\x04~P\xaf\x82\x12\xdf\x17\xaeN\x1e'
11E8E149-CC04-7E50-AF82-12DF17AE4E1E,2020-ncaa-d0-natl,ncaa,66,55,191,64,225,240,234,316,88,176,220,115,278,314,134,279,158,250,22,246,191,309,309,119,94,137,263,278,91,259,160,209,191,239,121,278,265,155,238,240,266,237,242,241,,,17,32,,,94,312,328,196,234,228,331,162,210,285,315,136,236,232,331,329,265,182,247,277,166,260,239,,18,,,90,20,35,87,46,58,110,67,67,106,29,196,23,37,27,38,64,64,51,41,23,29,96,152,77,174,191,19,160,42,121,10,18,227,166,48,90,158,74,98,,,245,116,,,94,39,152,45,82,17,36,99,71,128,69,134,26,47,47,54,40,196,23,47,11,224,91,83,,225,,,b'\x11\xe8\xe1I\xcc\x04~P\xaf\x82\x12\xdf\x17\xaeN\x1e'
11E8E149-CC04-7E50-AF82-12DF17AE4E1E,2020-ncaa-d1-conf-SoCon,ncaa,2,2,1,2,1,3,2,3,5,2,2,5,7,6,6,7,2,2,1,2,3,3,2,6,6,5,7,7,3,2,3,1,6,1,3,5,7,6,4,6,1,1,3,4,,,2,1,,,2,2,6,4,5,6,5,2,3,7,7,3,4,4,5,7,4,2,4,6,4,2,4,,1,,,3,3,4,8,1,6,8,2,3,6,1,6,1,1,1,1,1,8,8,1,1,1,2,3,1,8,6,5,3,7,3,1,1,2,4,1,6,4,3,2,,,3,3,,,2,8,4,1,3,1,1,5,4,5,2,5,1,1,1,3,5,6,2,4,1,3,4,3,,4,,,b'\x11\xe8\xe1I\xcc\x04~P\xaf\x82\x12\xdf\x17\xaeN\x1e'
11E8E149-CC04-7E50-AF82-12DF17AE4E1E,2020-ncaa-d1-natl,ncaa,36,55,12,55,25,118,109,211,64,80,129,77,234,271,96,265,95,196,18,194,206,212,207,88,65,92,260,263,119,217,140,92,162,144,98,192,268,212,213,207,192,197,227,239,,,48,29,,,48,185,320,246,203,189,318,123,199,262,298,140,242,236,318,322,260,174,240,253,149,232,245,,17,,,52,56,94,207,48,115,189,64,120,199,43,213,34,56,23,58,56,164,178,45,25,26,113,191,58,227,162,57,140,95,98,27,27,134,136,40,127,138,82,62,,,173,143,,,48,162,100,32,46,16,38,89,56,101,86,143,16,28,29,47,41,159,19,34,15,195,88,52,,242,,,b'\x11\xe8\xe1I\xcc\x04~P\xaf\x82\x12\xdf\x17\xaeN\x1e'
11E8E149-CC04-7E50-AF82-12DF17AE4E1E,2021-ncaa-d0-natl,ncaa,225,250,191,243,206,284,287,256,327,287,249,323,245,205,322,133,261,248,278,247,194,260,248,325,324,324,134,160,134,160,92,256,324,231,266,315,334,158,272,335,255,247,179,171,,,112,182,,,287,262,343,224,337,337,328,330,289,272,220,288,272,270,331,331,115,312,270,343,199,276,181,,115,,,277,86,99,114,86,127,124,162,68,115,11,173,77,72,190,71,74,98,100,66,56,72,52,70,130,260,324,110,92,152,266,134,243,230,180,204,141,224,202,286,,,248,203,,,287,80,317,151,292,34,62,81,126,113,40,114,52,55,53,55,21,309,93,208,146,239,169,233,,291,,,b'\x11\xe8\xe1I\xcc\x04~P\xaf\x82\x12\xdf\x17\xaeN\x1e'
11E8E149-CC04-7E50-AF82-12DF17AE4E1E,2021-ncaa-d1-conf-SoCon,ncaa,6,5,4,6,4,6,6,6,7,7,3,8,7,6,5,6,5,3,8,3,3,5,4,8,8,7,5,6,3,3,2,6,8,5,6,8,8,4,5,8,7,6,2,2,,,4,6,,,6,6,8,6,7,8,6,8,5,7,6,6,5,5,5,5,3,7,4,8,4,6,3,,6,,,6,3,3,3,3,3,4,2,1,5,2,7,4,3,7,3,5,3,4,3,3,3,5,2,5,8,8,3,2,6,6,6,7,6,5,7,4,4,6,6,,,3,1,,,6,3,7,4,6,2,1,4,1,3,2,5,5,5,5,2,2,8,3,6,6,6,2,7,,3,,,b'\x11\xe8\xe1I\xcc\x04~P\xaf\x82\x12\xdf\x17\xaeN\x1e'
11E8E149-CC04-7E50-AF82-12DF17AE4E1E,2021-ncaa-d1-natl,ncaa,217,294,105,251,144,258,257,186,331,254,187,320,219,153,333,137,233,212,281,209,208,192,185,329,328,328,156,176,150,78,97,215,330,170,286,303,336,224,240,332,204,230,164,191,,,163,145,,,283,206,341,225,334,335,314,328,271,277,208,290,276,274,320,327,105,310,265,343,170,256,209,,80,,,266,124,141,185,71,174,186,159,97,201,7,209,109,104,192,104,68,165,168,54,48,53,56,93,113,321,330,204,97,258,286,180,237,157,156,167,190,191,284,294,,,195,211,,,283,135,319,125,282,26,51,84,110,96,44,149,44,47,45,54,29,316,144,244,128,216,140,261,,290,,,b'\x11\xe8\xe1I\xcc\x04~P\xaf\x82\x12\xdf\x17\xaeN\x1e'
11E8E149-CC04-7E50-AF82-12DF17AE4E1E,2022-ncaa-d0-natl,ncaa,282,266,260,287,275,324,309,298,288,266,242,271,320,303,333,267,319,279,347,277,251,302,293,308,325,327,317,282,224,155,73,243,198,216,107,333,339,174,280,332,295,248,195,151,,,41,146,,,223,318,339,159,337,321,300,228,168,323,293,313,249,246,296,274,101,179,120,346,243,278,174,,82,,,225,18,27,55,51,28,60,63,98,112,98,232,31,28,118,32,110,43,38,56,50,59,196,241,111,116,198,33,73,57,107,69,256,276,179,180,66,158,36,59,,,328,308,,,223,35,310,85,230,32,50,95,47,99,140,170,54,54,65,66,41,197,68,119,126,234,126,59,,320,,,b'\x11\xe8\xe1I\xcc\x04~P\xaf\x82\x12\xdf\x17\xaeN\x1e'
11E8E149-CC04-7E50-AF82-12DF17AE4E1E,2022-ncaa-d1-conf-SoCon,ncaa,5,5,5,5,6,7,6,5,6,5,3,6,8,7,8,7,6,6,8,5,7,6,5,7,7,7,7,8,4,2,2,6,6,5,3,8,8,6,6,7,7,6,4,3,,,2,5,,,6,7,7,3,7,6,5,3,2,8,7,6,4,4,6,4,2,6,2,8,6,6,4,,3,,,6,1,1,2,2,1,3,2,2,3,3,4,4,3,7,3,4,2,2,2,2,3,6,4,6,5,6,2,2,3,3,4,8,5,4,3,7,8,2,2,,,6,7,,,6,2,7,3,6,2,2,3,2,5,2,4,4,3,3,4,3,6,5,5,4,4,7,2,,6,,,b'\x11\xe8\xe1I\xcc\x04~P\xaf\x82\x12\xdf\x17\xaeN\x1e'
11E8E149-CC04-7E50-AF82-12DF17AE4E1E,2022-ncaa-d1-natl,ncaa,283,266,270,285,283,326,315,313,297,261,226,283,322,308,335,272,322,283,349,282,251,311,302,313,328,329,319,279,235,137,62,255,196,224,105,336,338,185,283,330,304,251,190,143,,,44,136,,,231,327,338,161,333,320,299,227,158,322,292,315,244,244,298,270,83,202,124,347,245,287,171,,80,,,234,17,25,50,59,28,56,64,104,108,115,238,34,29,156,31,116,36,33,67,57,60,213,250,118,122,196,31,62,50,105,60,250,263,160,170,81,172,50,71,,,330,311,,,231,28,314,85,234,28,42,87,44,92,145,164,60,55,66,58,40,189,73,118,126,215,142,71,,319,,,b'\x11\xe8\xe1I\xcc\x04~P\xaf\x82\x12\xdf\x17\xaeN\x1e'
11E8E149-CC04-7E50-AF82-12DF17AE4E1E,2023-ncaa-d0-natl,ncaa,195,139,326,188,332,301,286,293,255,240,236,227,295,265,321,217,274,257,267,254,218,292,326,272,278,241,272,264,166,133,72,344,322,310,245,327,336,23,94,239,316,270,153,102,,,67,193,,,224,346,289,94,237,222,123,150,117,268,205,211,171,169,132,178,55,323,214,312,97,276,98,,165,,,226,40,39,26,256,94,69,226,23,19,171,56,155,167,153,167,250,27,24,222,234,228,73,50,271,141,322,53,72,67,245,19,42,282,178,106,8,37,65,95,,,314,248,,,224,15,197,265,232,185,190,97,246,223,58,51,263,264,263,126,117,271,217,250,65,197,43,132,,227,,,b'\x11\xe8\xe1I\xcc\x04~P\xaf\x82\x12\xdf\x17\xaeN\x1e'
11E8E149-CC04-7E50-AF82-12DF17AE4E1E,2023-ncaa-d1-conf-SoCon,ncaa,4,4,3,4,4,5,4,2,6,1,1,6,7,6,8,7,1,1,5,1,6,2,2,6,6,6,8,8,3,2,4,5,6,2,6,5,5,4,3,5,5,5,1,2,,,7,6,,,5,3,5,6,5,4,2,2,2,7,6,2,2,2,2,2,2,5,2,5,3,5,1,,6,,,5,6,4,6,5,8,7,5,3,4,1,3,7,6,6,6,5,7,7,4,5,4,3,2,6,8,6,6,4,7,6,5,6,5,5,5,3,3,4,3,,,3,7,,,5,6,6,5,5,4,4,5,6,6,3,3,7,6,6,4,4,6,6,6,4,5,3,5,,5,,,b'\x11\xe8\xe1I\xcc\x04~P\xaf\x82\x12\xdf\x17\xaeN\x1e'
11E8E149-CC04-7E50-AF82-12DF17AE4E1E,2023-ncaa-d1-natl,ncaa,167,138,219,159,243,212,176,153,202,136,127,166,256,220,308,218,237,207,261,208,266,165,215,219,236,190,298,271,233,71,57,310,293,212,193,257,312,55,83,170,226,199,122,116,,,109,153,,,169,284,251,97,171,120,73,77,80,251,195,219,181,183,97,132,40,308,165,247,94,207,107,,146,,,169,99,107,64,252,200,165,225,33,32,130,43,210,219,133,219,225,82,86,211,207,188,50,33,253,205,293,112,57,138,193,30,33,187,129,62,17,32,84,70,,,278,292,,,169,73,145,212,172,174,184,101,255,247,41,44,241,253,254,129,144,251,184,220,51,146,44,113,,256,,,b'\x11\xe8\xe1I\xcc\x04~P\xaf\x82\x12\xdf\x17\xaeN\x1e'
11E8E149-CC04-7E50-AF82-12DF17AE4E1E,2024-ncaa-d0-natl,ncaa,142,82,258,119,289,260,220,236,198,164,157,194,299,300,285,281,299,246,347,245,280,242,301,238,267,205,323,286,264,71,20,263,196,177,68,282,309,17,61,157,309,258,87,76,,,73,220,,,137,333,345,263,239,184,173,111,86,292,282,290,217,217,185,263,34,237,98,271,40,298,67,,133,,,139,26,30,43,104,89,140,90,6,13,37,20,165,153,202,152,179,45,26,55,75,138,52,15,297,109,196,36,20,41,68,13,30,328,266,139,3,7,8,10,,,284,209,,,137,24,151,159,145,49,58,57,161,222,10,15,207,203,205,60,24,166,71,81,21,316,6,11,,254,,,b'\x11\xe8\xe1I\xcc\x04~P\xaf\x82\x12\xdf\x17\xaeN\x1e'
11E8E149-CC04-7E50-AF82-12DF17AE4E1E,2024-ncaa-d1-conf-SoCon,ncaa,2,2,1,2,1,4,2,2,4,1,2,3,7,5,7,6,4,1,7,1,6,1,1,5,7,5,7,7,6,2,2,3,5,1,2,3,7,6,4,4,3,4,2,2,,,4,4,,,5,1,6,1,4,3,3,2,2,7,7,4,3,3,3,3,2,6,2,6,4,4,2,,3,,,5,7,8,8,4,8,8,3,3,3,5,3,5,5,5,5,3,8,7,4,5,5,2,3,5,6,5,6,2,7,2,5,4,3,5,5,3,3,1,1,,,1,3,,,5,6,5,5,5,3,4,3,6,8,3,3,5,4,4,3,2,5,3,2,4,5,3,1,,2,,,b'\x11\xe8\xe1I\xcc\x04~P\xaf\x82\x12\xdf\x17\xaeN\x1e'
11E8E149-CC04-7E50-AF82-12DF17AE4E1E,2024-ncaa-d1-natl,ncaa,91,83,78,93,116,158,130,116,172,83,69,175,253,233,276,265,239,182,334,178,273,122,148,213,239,185,317,278,272,25,21,138,146,70,52,220,314,55,49,137,199,172,50,57,,,142,178,,,80,232,335,264,216,162,148,90,91,274,255,279,218,214,162,247,34,195,74,251,34,228,51,,96,,,82,51,55,131,49,146,266,33,8,17,37,12,214,210,221,214,158,139,121,24,37,50,52,15,304,166,146,139,21,141,52,20,33,219,190,74,11,4,27,11,,,207,245,,,80,117,120,61,81,19,18,44,92,225,5,5,182,179,179,42,25,127,79,78,13,266,4,14,,275,,,b'\x11\xe8\xe1I\xcc\x04~P\xaf\x82\x12\xdf\x17\xaeN\x1e'
11E8E149-CC04-7E50-AF82-12DF17AE4E1E,2025-ncaa-d0-natl,genius_ncaa,84,26,301,47,317,303,314,330,240,319,314,272,225,262,143,174,225,223,226,216,79,323,345,230,223,188,86,139,91,187,67,304,104,267,70,343,343,22,124,264,237,114,161,117,,,12,112,,69,105,353,355,87,269,294,293,298,258,189,202,161,144,134,279,314,128,256,202,341,69,185,127,,45,,105,95,1,6,8,63,19,71,23,8,4,230,18,26,25,178,23,68,6,7,41,42,50,82,71,199,14,104,9,67,5,70,9,95,288,129,78,15,81,109,237,,,275,90,,230,105,10,152,40,92,9,15,21,56,165,15,6,62,65,64,16,11,42,47,35,24,217,53,173,,192,,202,b'\x11\xe8\xe1I\xcc\x04~P\xaf\x82\x12\xdf\x17\xaeN\x1e'
11E8E149-CC04-7E50-AF82-12DF17AE4E1E,2025-ncaa-d1-conf-SoCon,genius_ncaa,1,1,1,1,2,1,3,2,5,4,4,5,2,3,2,5,1,1,6,1,2,1,3,4,4,3,2,4,1,1,1,2,1,1,1,5,8,3,1,3,3,3,1,1,,,3,2,,5,1,4,8,6,5,6,5,6,6,4,5,1,2,2,4,5,3,2,2,7,1,4,1,,1,,5,1,2,2,4,1,3,8,1,2,1,4,1,2,3,4,3,2,5,5,1,1,1,2,1,2,1,1,4,1,2,1,3,3,4,4,3,2,1,4,4,,,2,2,,2,1,5,1,1,1,1,1,2,1,7,1,1,1,1,1,2,1,1,1,1,2,6,1,2,,4,,5,b'\x11\xe8\xe1I\xcc\x04~P\xaf\x82\x12\xdf\x17\xaeN\x1e'
11E8E149-CC04-7E50-AF82-12DF17AE4E1E,2025-ncaa-d1-natl,genius_ncaa,54,26,172,39,202,215,246,233,230,253,229,254,198,201,180,183,129,115,242,109,64,212,258,227,216,171,103,161,79,96,52,237,71,172,53,311,338,51,84,233,105,48,155,138,,,30,77,,85,66,302,343,112,221,258,251,260,225,191,186,109,93,90,210,277,77,236,153,327,63,93,151,,37,,92,61,5,8,33,35,25,136,11,19,7,248,23,43,53,142,50,75,22,31,24,27,20,122,109,210,28,71,68,52,27,53,14,98,144,60,35,18,43,140,196,,,185,97,,225,66,51,123,18,59,5,8,15,28,140,17,7,55,64,62,12,15,33,69,44,17,127,27,155,,174,,226,b'\x11\xe8\xe1I\xcc\x04~P\xaf\x82\x12\xdf\x17\xaeN\x1e'
11E8E149-CC04-7E50-AF82-12DF17AE4E1E,2025-ncaa-d1-ncaatournament,genius_ncaa,37,2,37,37,38,67,68,61,68,68,53,68,57,63,52,37,53,48,62,47,34,61,48,68,68,68,1,3,4,43,45,47,66,46,64,59,1,28,64,64,44,39,33,31,,,22,24,,9,63,49,22,7,67,68,56,68,47,50,46,50,41,39,57,30,26,39,39,59,62,25,13,,47,,13,63,10,10,26,14,21,32,15,3,7,7,5,22,22,34,20,26,27,30,8,9,8,8,3,49,44,66,29,45,33,64,9,28,40,33,21,42,68,45,65,,,45,25,,22,63,22,68,28,62,35,37,62,53,67,3,11,49,50,48,61,66,68,65,67,32,17,67,66,,25,,3,b'\x11\xe8\xe1I\xcc\x04~P\xaf\x82\x12\xdf\x17\xaeN\x1e'
11E8E149-CC04-7E50-AF82-12DF17AE4E1E,2026-ncaa-d0-natl,genius_ncaa,163,198,116,199,142,243,265,197,344,315,278,331,118,66,287,24,172,176,167,173,67,193,211,325,317,293,10,34,81,187,251,272,223,250,304,242,153,138,155,228,199,174,232,239,,,134,151,,305,258,209,341,97,320,341,287,358,348,126,43,214,224,216,291,330,224,350,343,301,100,222,269,,84,,303,255,178,178,121,298,172,137,231,222,118,335,154,163,91,357,114,135,118,143,301,307,244,195,226,142,110,223,260,251,216,304,135,98,130,66,107,171,198,219,297,,,167,139,,21,258,151,288,225,265,127,134,23,130,60,182,63,119,59,73,10,18,68,257,179,98,132,138,197,,218,,30,b'\x11\xe8\xe1I\xcc\x04~P\xaf\x82\x12\xdf\x17\xaeN\x1e'
11E8E149-CC04-7E50-AF82-12DF17AE4E1E,2026-ncaa-d1-natl,genius_ncaa,163,195,85,192,117,231,249,169,333,305,275,296,106,42,280,31,185,190,170,187,105,173,182,308,302,269,27,43,131,184,263,239,174,217,276,209,108,165,156,200,179,171,198,213,,,116,99,,321,228,180,324,100,297,323,262,351,340,125,48,244,248,243,272,311,243,324,326,259,109,218,234,,60,,316,228,173,178,153,236,170,180,162,195,119,309,141,137,67,361,85,80,126,161,233,249,183,169,205,136,109,174,292,263,237,276,132,97,99,79,96,182,188,241,296,,,197,209,,31,228,176,267,165,232,93,110,34,112,94,141,60,96,42,54,16,22,71,258,180,75,138,140,211,,260,,43,b'\x11\xe8\xe1I\xcc\x04~P\xaf\x82\x12\xdf\x17\xaeN\x1e'
11E8E149-CC09-3D0A-AF82-12DF17AE4E1E,2010-ncaa-d0-natl,ncaa,219,251,122,243,162,201,186,257,81,143,157,134,251,304,59,288,183,178,217,180,192,244,209,112,126,182,266,262,173,227,165,222,215,229,176,190,203,249,280,232,106,85,288,292,,,205,250,,,182,199,264,241,243,209,305,145,179,266,309,203,189,193,299,270,256,276,286,201,239,108,295,,199,,,182,126,172,131,234,185,131,252,146,145,179,178,96,108,118,107,141,117,148,231,206,158,116,166,104,159,215,74,165,87,176,151,143,130,94,120,324,326,238,231,,,204,168,,,182,143,201,160,180,115,150,82,169,104,139,127,90,97,96,65,85,144,53,63,136,137,313,233,,237,,,b'\x11\xe8\xe1I\xcc\t=\n\xaf\x82\x12\xdf\x17\xaeN\x1e'
11E8E149-CC09-3D0A-AF82-12DF17AE4E1E,2010-ncaa-d1-conf-CAA,ncaa,9,9,6,9,7,8,8,11,4,8,10,7,7,9,2,9,8,8,7,8,9,10,9,6,6,7,6,5,6,10,10,7,3,9,8,5,3,10,11,7,5,3,11,11,,,7,9,,,10,7,7,8,9,10,12,9,9,7,10,9,9,9,12,11,10,8,11,7,9,3,11,,7,,,10,7,7,4,10,5,3,11,10,8,11,8,3,4,9,4,4,4,5,11,11,11,8,9,4,1,3,4,10,1,8,9,7,4,3,7,11,11,12,12,,,8,10,,,10,6,8,8,9,9,9,3,7,3,9,9,3,4,3,3,2,2,4,1,8,6,11,11,,11,,,b'\x11\xe8\xe1I\xcc\t=\n\xaf\x82\x12\xdf\x17\xaeN\x1e'
11E8E149-CC09-3D0A-AF82-12DF17AE4E1E,2010-ncaa-d1-natl,ncaa,228,251,134,245,179,216,198,280,86,152,171,138,259,306,59,288,189,184,217,185,193,266,234,119,127,181,262,262,168,246,168,244,222,253,181,201,206,239,279,237,121,86,294,293,,,189,250,,,188,224,264,241,246,217,305,148,180,266,309,201,188,193,299,271,260,278,290,212,239,113,297,,199,,,188,107,155,114,243,174,115,255,142,129,184,178,87,99,119,98,143,100,126,238,210,165,115,163,102,144,222,53,168,69,181,143,145,148,104,129,317,326,233,237,,,215,167,,,188,118,203,169,186,118,157,86,175,104,139,128,93,97,97,67,83,147,54,66,139,143,314,236,,239,,,b'\x11\xe8\xe1I\xcc\t=\n\xaf\x82\x12\xdf\x17\xaeN\x1e'
11E8E149-CC09-3D0A-AF82-12DF17AE4E1E,2011-ncaa-d0-natl,ncaa,30,36,43,38,62,60,38,99,13,29,66,19,197,248,74,272,130,117,232,113,218,100,64,28,39,77,309,272,269,136,91,149,177,136,88,28,80,322,270,117,10,9,51,62,,,143,58,,,52,55,111,223,79,43,210,25,117,227,276,194,164,163,207,145,203,265,264,33,276,9,56,,64,,,51,196,212,220,187,260,278,141,92,77,192,60,188,144,319,127,76,205,282,157,177,67,64,73,185,195,177,85,91,117,88,198,181,16,16,37,328,283,280,192,,,192,306,,,52,288,96,54,56,95,121,81,178,199,61,32,135,89,84,63,188,115,21,28,140,16,285,233,,284,,,b'\x11\xe8\xe1I\xcc\t=\n\xaf\x82\x12\xdf\x17\xaeN\x1e'
11E8E149-CC09-3D0A-AF82-12DF17AE4E1E,2011-ncaa-d1-conf-CAA,ncaa,2,2,3,2,5,5,1,7,1,2,6,1,5,8,2,8,9,8,9,7,7,7,6,1,1,1,12,6,10,9,7,6,4,7,5,1,1,11,11,1,1,1,4,3,,,2,2,,,2,6,6,5,4,1,9,2,10,5,8,9,8,7,10,9,10,6,9,1,10,1,3,,2,,,2,1,2,5,4,3,6,3,5,4,5,6,3,2,12,2,3,4,7,2,3,1,9,7,8,5,4,1,7,2,5,2,4,1,1,1,9,9,10,9,,,10,10,,,2,7,3,1,2,1,1,4,3,6,4,4,3,3,2,3,7,4,1,2,1,1,9,10,,10,,,b'\x11\xe8\xe1I\xcc\t=\n\xaf\x82\x12\xdf\x17\xaeN\x1e'
11E8E149-CC09-3D0A-AF82-12DF17AE4E1E,2011-ncaa-d1-natl,ncaa,34,35,51,39,75,69,41,116,13,31,72,19,208,253,79,272,142,128,228,126,219,113,77,28,39,82,310,272,266,149,92,178,180,159,93,30,81,316,271,120,13,10,53,62,,,126,56,,,58,63,113,218,81,43,214,26,122,229,276,194,171,169,209,152,207,266,266,33,277,10,56,,64,,,56,180,195,198,193,243,270,148,82,69,195,56,175,136,321,117,78,179,272,162,182,73,63,71,185,181,180,63,92,87,93,192,176,19,17,40,325,287,276,199,,,211,307,,,58,276,96,58,62,100,128,84,180,203,62,30,134,88,83,63,185,120,21,27,143,17,285,238,,287,,,b'\x11\xe8\xe1I\xcc\t=\n\xaf\x82\x12\xdf\x17\xaeN\x1e'
11E8E149-CC09-3D0A-AF82-12DF17AE4E1E,2012-ncaa-d0-natl,ncaa,87,107,48,100,74,96,83,67,117,97,103,140,68,85,69,120,221,190,257,184,251,79,59,105,140,158,157,87,310,158,236,164,268,164,277,61,105,280,205,136,32,62,255,304,,,273,155,,,199,45,81,262,139,103,123,137,187,87,121,276,262,259,159,147,218,278,271,77,210,50,283,,201,,,196,315,332,284,315,340,334,301,39,23,180,6,250,277,91,280,101,294,302,278,269,226,6,7,127,276,268,311,236,308,277,315,172,48,103,181,315,263,273,234,,,116,245,,,199,297,179,235,198,251,292,193,327,320,20,8,194,212,217,202,236,217,233,239,263,87,268,233,,221,,,b'\x11\xe8\xe1I\xcc\t=\n\xaf\x82\x12\xdf\x17\xaeN\x1e'
11E8E149-CC09-3D0A-AF82-12DF17AE4E1E,2012-ncaa-d1-conf-CAA,ncaa,4,4,1,4,2,3,4,3,9,10,10,9,2,2,6,2,10,9,8,9,7,4,3,7,9,9,2,2,11,7,11,8,7,8,11,5,5,10,8,8,2,2,11,11,,,9,5,,,7,2,5,8,8,8,8,10,10,2,2,11,10,10,10,7,9,10,9,7,7,2,12,,6,,,7,8,9,7,9,12,11,9,1,1,4,1,7,7,2,7,4,8,10,6,6,4,1,1,5,7,7,12,11,11,11,7,7,1,1,4,9,8,10,12,,,7,9,,,7,11,9,4,7,4,6,2,10,8,1,1,4,7,7,5,7,4,9,8,6,3,6,8,,10,,,b'\x11\xe8\xe1I\xcc\t=\n\xaf\x82\x12\xdf\x17\xaeN\x1e'
11E8E149-CC09-3D0A-AF82-12DF17AE4E1E,2012-ncaa-d1-natl,ncaa,90,107,55,101,83,110,89,75,124,110,118,151,76,91,69,118,242,201,258,196,250,93,72,110,143,161,151,86,311,179,241,185,270,190,286,69,107,272,210,140,37,67,262,308,,,263,158,,,212,52,85,262,144,109,130,143,193,89,121,279,266,263,164,153,224,282,275,87,213,54,287,,203,,,209,311,329,271,320,340,334,305,31,20,181,6,240,269,95,272,104,285,296,287,274,235,6,7,128,267,270,304,241,304,286,307,169,59,109,191,308,264,270,241,,,139,244,,,212,291,185,242,209,254,294,193,327,320,19,8,196,218,222,207,237,222,236,243,267,93,263,236,,220,,,b'\x11\xe8\xe1I\xcc\t=\n\xaf\x82\x12\xdf\x17\xaeN\x1e'
11E8E149-CC09-3D0A-AF82-12DF17AE4E1E,2013-ncaa-d0-natl,ncaa,322,332,120,326,152,267,250,239,263,296,297,230,93,75,171,42,331,324,311,324,267,269,267,205,252,256,73,39,321,307,328,181,295,266,320,261,224,143,223,249,264,280,256,292,,,80,80,,,319,232,291,195,310,289,287,317,315,95,79,339,329,329,317,311,325,207,303,282,143,284,260,,62,,,314,241,266,244,222,266,260,208,183,174,202,134,131,122,181,124,78,237,156,211,196,283,81,144,91,294,295,277,328,291,320,235,167,329,335,335,244,294,125,219,,,303,284,,,319,110,287,315,319,230,263,268,268,286,176,171,123,120,118,236,123,299,261,289,235,333,226,127,,323,,,b'\x11\xe8\xe1I\xcc\t=\n\xaf\x82\x12\xdf\x17\xaeN\x1e'
11E8E149-CC09-3D0A-AF82-12DF17AE4E1E,2013-ncaa-d1-conf-CAA,ncaa,10,11,3,11,3,8,8,7,9,11,11,9,3,3,4,2,11,9,10,9,6,8,8,6,7,7,2,1,11,11,11,4,11,8,11,9,9,6,8,10,11,11,8,10,,,7,3,,,11,5,8,6,10,10,11,11,11,3,2,11,10,10,11,10,11,5,10,10,4,10,8,,4,,,11,10,11,10,5,11,10,6,4,2,7,1,6,7,8,6,2,10,9,5,5,9,1,2,4,11,11,11,11,11,11,9,4,11,11,11,10,11,5,10,,,9,8,,,11,7,10,10,11,6,9,10,11,10,4,1,5,5,5,10,6,11,11,11,6,11,9,3,,9,,,b'\x11\xe8\xe1I\xcc\t=\n\xaf\x82\x12\xdf\x17\xaeN\x1e'
11E8E149-CC09-3D0A-AF82-12DF17AE4E1E,2013-ncaa-d1-natl,ncaa,326,331,136,328,178,287,269,261,266,313,307,235,97,81,173,42,334,327,311,327,262,288,290,212,259,259,70,39,319,317,330,200,297,289,321,277,228,128,225,254,279,284,265,293,,,67,79,,,321,262,294,189,313,292,292,318,315,94,79,339,329,329,317,312,325,210,305,288,144,289,265,,62,,,320,228,258,234,229,259,249,212,172,161,203,132,121,114,180,115,77,224,126,213,205,288,81,144,93,288,297,264,330,285,321,227,166,336,335,336,228,297,120,221,,,317,282,,,321,83,294,319,322,237,265,273,271,286,178,173,125,123,120,240,122,302,265,292,237,333,225,131,,323,,,b'\x11\xe8\xe1I\xcc\t=\n\xaf\x82\x12\xdf\x17\xaeN\x1e'
11E8E149-CC09-3D0A-AF82-12DF17AE4E1E,2014-ncaa-d0-natl,ncaa,325,345,85,337,123,312,287,210,325,187,132,289,341,281,349,283,294,255,310,252,303,220,212,340,342,337,338,334,188,184,240,300,287,273,316,331,337,202,233,327,102,79,340,342,,,76,71,,,345,212,313,270,340,330,297,231,165,343,305,315,294,293,305,305,217,341,328,343,161,131,343,,43,,,343,278,316,162,343,329,200,345,154,106,276,103,126,144,74,141,128,156,147,339,332,330,31,102,63,171,287,281,240,254,316,317,264,201,203,304,172,199,189,160,,,264,262,,,345,144,337,330,345,244,289,67,306,156,127,71,99,117,116,62,37,137,245,210,297,251,145,164,,315,,,b'\x11\xe8\xe1I\xcc\t=\n\xaf\x82\x12\xdf\x17\xaeN\x1e'
11E8E149-CC09-3D0A-AF82-12DF17AE4E1E,2014-ncaa-d1-conf-CAA,ncaa,9,9,3,9,4,9,9,8,9,4,4,9,9,8,9,8,5,5,7,4,6,7,6,9,9,9,9,9,2,6,7,7,7,6,8,9,9,6,7,9,5,3,9,9,,,3,4,,,9,6,8,6,9,9,8,5,3,9,8,7,5,5,7,7,6,9,7,9,5,6,9,,2,,,9,8,8,5,9,8,4,9,5,4,7,5,5,6,3,6,5,5,4,9,9,9,3,4,3,3,7,7,7,6,8,6,4,8,8,7,5,5,6,6,,,5,2,,,9,4,9,9,9,7,8,3,8,3,6,3,5,6,6,3,2,4,7,7,6,8,4,6,,6,,,b'\x11\xe8\xe1I\xcc\t=\n\xaf\x82\x12\xdf\x17\xaeN\x1e'
11E8E149-CC09-3D0A-AF82-12DF17AE4E1E,2014-ncaa-d1-natl,ncaa,332,344,100,340,139,321,305,236,326,201,148,293,342,288,349,281,302,268,314,267,304,248,245,341,344,339,338,333,186,202,247,317,294,291,318,336,339,188,241,328,114,87,341,343,,,58,73,,,345,247,314,273,341,331,298,234,166,344,305,316,296,294,307,306,223,345,330,343,159,136,344,,44,,,345,264,306,135,345,325,182,346,140,95,279,103,117,136,74,135,129,123,112,341,335,332,29,97,62,154,294,267,247,230,318,312,267,222,211,308,162,200,178,161,,,287,261,,,345,108,337,332,346,247,294,68,309,155,125,70,102,120,119,62,37,138,246,218,301,258,146,168,,315,,,b'\x11\xe8\xe1I\xcc\t=\n\xaf\x82\x12\xdf\x17\xaeN\x1e'
11E8E149-CC09-3D0A-AF82-12DF17AE4E1E,2015-ncaa-d0-natl,ncaa,208,189,243,212,254,196,155,141,185,90,60,241,291,310,152,324,219,201,252,200,301,152,161,240,255,225,314,297,216,95,99,228,34,168,72,283,331,125,137,260,141,106,302,313,,,141,203,,,231,201,81,102,144,87,50,44,15,285,304,189,161,166,59,53,55,178,95,275,186,109,303,,201,,,233,196,203,87,317,245,163,292,99,48,310,58,223,203,262,198,205,99,96,307,313,304,81,75,204,10,34,151,99,60,72,124,74,200,162,161,125,134,188,116,,,293,323,,,231,150,199,244,229,280,290,149,308,246,133,62,253,236,237,173,176,20,234,116,161,159,180,230,,276,,,b'\x11\xe8\xe1I\xcc\t=\n\xaf\x82\x12\xdf\x17\xaeN\x1e'
11E8E149-CC09-3D0A-AF82-12DF17AE4E1E,2015-ncaa-d1-conf-CAA,ncaa,5,5,6,5,9,5,3,4,4,3,2,5,9,9,6,10,5,5,4,5,8,4,4,7,6,5,9,9,6,3,4,6,2,6,3,9,10,5,4,7,5,4,9,10,,,6,5,,,7,5,2,4,3,2,2,2,1,8,8,5,5,5,2,2,3,3,3,8,5,4,9,,8,,,7,8,9,3,9,10,5,8,5,1,9,3,6,6,3,6,6,5,3,8,8,8,2,3,5,1,2,5,4,3,3,4,3,7,6,6,3,3,7,6,,,6,7,,,7,6,4,8,7,8,9,7,10,9,8,3,8,9,9,9,7,2,8,5,5,6,6,8,,6,,,b'\x11\xe8\xe1I\xcc\t=\n\xaf\x82\x12\xdf\x17\xaeN\x1e'
11E8E149-CC09-3D0A-AF82-12DF17AE4E1E,2015-ncaa-d1-natl,ncaa,206,189,209,209,232,187,151,126,190,84,54,237,290,304,174,315,214,196,231,195,307,141,151,237,250,222,313,298,216,95,98,208,32,147,72,288,332,131,137,257,130,106,302,307,,,147,205,,,220,190,89,102,147,94,48,46,16,284,299,188,170,171,61,58,59,167,91,279,185,109,302,,202,,,220,201,212,92,304,245,171,276,107,52,297,76,212,200,257,197,197,97,110,295,304,289,92,88,203,17,32,173,98,71,72,124,80,193,160,157,131,129,215,135,,,293,324,,,220,155,201,236,222,264,272,150,300,240,143,74,245,230,227,168,173,24,231,117,156,164,172,244,,274,,,b'\x11\xe8\xe1I\xcc\t=\n\xaf\x82\x12\xdf\x17\xaeN\x1e'
11E8E149-CC09-3D0A-AF82-12DF17AE4E1E,2016-ncaa-d0-natl,ncaa,308,307,240,312,277,335,322,243,342,302,152,346,280,294,203,268,338,327,319,330,343,269,297,342,343,335,236,184,265,205,258,292,181,278,287,320,289,46,133,271,313,288,176,158,,,18,46,,,313,307,283,280,340,327,185,288,100,267,283,332,318,321,240,274,171,281,250,332,92,307,157,,29,,,313,91,122,58,269,173,106,278,67,65,121,125,95,53,347,61,98,43,41,244,246,255,67,86,139,60,181,270,258,184,287,74,66,264,191,173,130,216,210,199,,,303,250,,,313,49,332,249,314,167,201,104,242,162,86,80,136,81,88,77,52,105,322,270,102,243,185,249,,290,,,b'\x11\xe8\xe1I\xcc\t=\n\xaf\x82\x12\xdf\x17\xaeN\x1e'
11E8E149-CC09-3D0A-AF82-12DF17AE4E1E,2016-ncaa-d1-conf-CAA,ncaa,10,9,7,10,9,10,10,9,10,10,6,10,6,10,1,8,9,6,10,8,8,10,10,10,10,9,7,5,7,8,10,9,5,9,9,9,6,3,6,8,10,10,6,6,,,1,1,,,10,10,7,8,10,10,7,9,4,6,8,8,6,7,8,9,8,7,8,8,4,10,6,,1,,,10,7,8,4,10,10,6,10,4,4,6,5,6,6,10,6,6,2,1,8,9,10,2,4,6,3,5,9,10,6,9,5,3,9,8,7,5,8,7,5,,,7,5,,,10,1,9,9,10,8,10,6,10,7,5,5,6,6,6,3,3,4,10,8,6,8,6,7,,6,,,b'\x11\xe8\xe1I\xcc\t=\n\xaf\x82\x12\xdf\x17\xaeN\x1e'
11E8E149-CC09-3D0A-AF82-12DF17AE4E1E,2016-ncaa-d1-natl,ncaa,302,305,218,307,286,336,326,237,341,293,153,346,282,293,217,269,332,317,321,322,340,266,297,343,344,334,239,196,258,204,262,302,187,284,296,332,293,40,124,270,308,283,191,173,,,21,57,,,310,315,284,282,339,329,191,289,99,270,284,327,313,320,241,281,182,289,268,335,80,303,173,,30,,,311,98,128,51,269,177,96,277,70,59,137,124,98,61,348,63,100,32,32,246,252,247,72,93,142,59,187,283,262,211,296,59,61,244,167,145,125,218,220,199,,,286,230,,,310,38,333,233,312,162,196,93,236,146,92,81,137,79,87,65,51,99,324,271,96,223,185,245,,282,,,b'\x11\xe8\xe1I\xcc\t=\n\xaf\x82\x12\xdf\x17\xaeN\x1e'
11E8E149-CC09-3D0A-AF82-12DF17AE4E1E,2017-ncaa-d0-natl,ncaa,255,265,168,262,199,320,306,265,319,281,243,308,260,214,318,163,314,284,320,273,239,269,279,319,324,315,212,183,230,267,301,186,168,231,275,312,245,109,193,265,330,328,254,273,,,25,54,,,313,273,313,193,338,322,287,298,247,262,204,320,290,279,295,312,278,169,251,318,128,332,262,,34,,,310,129,204,165,248,192,204,190,196,110,320,143,26,40,30,39,44,125,72,251,195,257,75,222,23,140,168,268,301,228,275,159,135,295,277,273,174,243,138,191,,,321,304,,,313,74,319,263,314,159,233,181,228,230,207,122,34,52,51,128,56,162,291,245,169,308,177,158,,332,,,b'\x11\xe8\xe1I\xcc\t=\n\xaf\x82\x12\xdf\x17\xaeN\x1e'
11E8E149-CC09-3D0A-AF82-12DF17AE4E1E,2017-ncaa-d1-conf-CAA,ncaa,7,8,3,8,4,10,10,8,10,8,6,10,8,7,9,5,10,8,9,8,8,8,8,10,10,10,5,5,8,9,10,4,4,8,10,9,7,2,6,9,9,9,7,8,,,2,2,,,10,7,9,5,10,10,9,8,7,8,6,10,8,8,9,9,10,6,8,9,2,10,8,,1,,,10,8,9,8,8,7,5,6,10,9,9,8,1,1,6,1,1,5,4,9,7,10,5,10,1,4,4,9,10,9,10,7,3,8,9,9,5,7,5,7,,,10,10,,,10,4,10,10,10,7,8,7,6,4,9,7,1,1,1,2,2,3,8,7,6,9,3,5,,10,,,b'\x11\xe8\xe1I\xcc\t=\n\xaf\x82\x12\xdf\x17\xaeN\x1e'
11E8E149-CC09-3D0A-AF82-12DF17AE4E1E,2017-ncaa-d1-natl,ncaa,258,265,144,264,180,315,296,264,316,294,234,308,235,201,295,157,315,287,318,277,254,275,289,315,322,307,191,157,242,263,295,178,161,232,266,298,226,108,187,250,331,323,262,275,,,24,56,,,310,282,311,197,333,321,282,302,248,229,193,325,297,284,293,310,268,174,246,303,120,331,265,,34,,,310,148,217,171,261,207,207,194,213,119,333,150,24,31,33,32,39,130,73,271,209,270,81,243,19,133,161,274,295,230,266,158,113,302,272,273,156,226,122,176,,,325,311,,,310,63,314,271,315,170,243,184,232,225,231,124,30,46,46,125,60,150,280,236,161,309,167,136,,333,,,b'\x11\xe8\xe1I\xcc\t=\n\xaf\x82\x12\xdf\x17\xaeN\x1e'
11E8E149-CC09-3D0A-AF82-12DF17AE4E1E,2018-ncaa-d0-natl,ncaa,245,244,242,249,285,284,302,268,315,316,267,332,177,191,148,140,204,214,195,211,122,265,259,296,289,287,63,101,84,179,177,170,131,176,149,280,176,213,270,273,262,257,321,331,,,27,66,,,252,275,190,278,288,303,240,313,237,153,167,169,168,164,234,194,128,106,108,273,261,253,318,,67,,,253,91,165,160,178,218,186,233,78,124,51,158,19,21,84,18,32,114,85,151,108,167,31,114,38,112,131,153,177,129,149,136,119,269,247,234,207,252,271,312,,,259,214,,,252,87,280,173,245,156,230,253,275,264,116,168,39,49,43,193,149,155,223,208,175,249,250,296,,217,,,b'\x11\xe8\xe1I\xcc\t=\n\xaf\x82\x12\xdf\x17\xaeN\x1e'
11E8E149-CC09-3D0A-AF82-12DF17AE4E1E,2018-ncaa-d1-conf-CAA,ncaa,7,8,3,8,6,10,10,7,10,9,8,10,2,3,5,3,6,6,2,6,3,7,7,9,9,9,2,2,3,5,7,4,4,4,6,9,7,7,10,9,10,10,9,10,,,2,2,,,8,7,7,6,10,10,9,10,8,2,4,6,6,6,9,7,4,4,5,9,8,10,10,,3,,,8,8,9,9,8,9,8,7,8,7,4,7,2,1,6,1,1,7,5,8,7,8,1,7,1,4,4,9,7,8,6,7,2,10,10,9,7,7,7,6,,,7,9,,,8,5,10,7,8,7,8,9,8,7,7,7,1,2,1,7,3,3,7,6,7,10,7,5,,9,,,b'\x11\xe8\xe1I\xcc\t=\n\xaf\x82\x12\xdf\x17\xaeN\x1e'
11E8E149-CC09-3D0A-AF82-12DF17AE4E1E,2018-ncaa-d1-natl,ncaa,231,243,144,242,201,264,286,238,307,303,242,328,155,159,153,129,153,159,194,158,87,231,200,290,280,284,54,104,62,162,187,133,137,140,159,260,186,247,261,276,245,252,317,325,,,64,79,,,250,219,183,279,280,303,251,312,249,154,157,141,148,143,236,202,147,109,114,282,256,251,316,,83,,,251,147,218,228,175,257,236,226,109,163,58,161,42,54,87,47,40,188,146,145,111,170,41,119,50,147,137,214,187,200,159,153,90,244,241,223,233,247,286,311,,,208,173,,,250,153,277,173,245,165,231,250,269,258,123,174,47,68,56,198,158,160,233,215,159,246,238,294,,185,,,b'\x11\xe8\xe1I\xcc\t=\n\xaf\x82\x12\xdf\x17\xaeN\x1e'
11E8E149-CC09-3D0A-AF82-12DF17AE4E1E,2019-ncaa-d0-natl,ncaa,146,93,292,130,308,234,240,291,137,210,232,158,256,280,163,243,153,157,157,153,100,285,307,158,145,145,210,244,71,216,119,323,286,306,226,244,212,67,171,183,97,42,329,322,,,87,188,,,162,309,213,272,149,165,224,135,140,226,245,78,87,81,187,199,145,312,264,185,161,51,324,,179,,,161,58,78,32,261,93,66,219,92,42,302,129,86,69,244,70,142,23,42,260,260,186,145,167,161,130,286,28,119,43,226,53,90,147,57,66,38,95,276,291,,,192,57,,,162,37,134,207,172,170,177,85,191,152,153,87,152,134,134,76,146,234,102,149,122,65,95,314,,81,,,b'\x11\xe8\xe1I\xcc\t=\n\xaf\x82\x12\xdf\x17\xaeN\x1e'
11E8E149-CC09-3D0A-AF82-12DF17AE4E1E,2019-ncaa-d1-conf-CAA,ncaa,4,4,6,4,9,6,7,8,4,5,6,5,6,8,3,7,3,3,8,2,3,7,8,4,4,5,5,7,1,6,5,9,8,6,5,4,4,4,4,5,2,1,10,10,,,3,4,,,6,9,7,8,4,4,6,3,4,6,7,3,1,1,5,6,6,6,6,4,4,1,9,,3,,,5,4,4,4,6,4,4,5,6,6,6,9,4,3,5,3,4,4,4,6,5,5,3,6,3,6,8,2,5,3,5,2,1,6,3,3,2,3,4,5,,,3,1,,,6,2,4,5,6,5,5,6,5,5,7,9,4,3,3,5,4,7,4,4,3,4,3,6,,2,,,b'\x11\xe8\xe1I\xcc\t=\n\xaf\x82\x12\xdf\x17\xaeN\x1e'
11E8E149-CC09-3D0A-AF82-12DF17AE4E1E,2019-ncaa-d1-natl,ncaa,122,92,155,109,218,167,179,226,127,131,157,133,251,262,193,257,90,99,152,97,86,196,203,150,130,142,229,265,54,166,113,285,303,247,218,214,241,168,181,200,63,41,327,325,,,182,214,,,148,222,201,272,137,163,228,120,135,243,257,63,72,70,186,183,144,310,259,207,188,47,329,,207,,,147,133,147,94,256,165,135,223,141,90,275,138,131,120,210,117,143,81,134,253,246,166,137,161,158,231,303,63,113,110,218,92,83,75,52,51,67,101,292,272,,,89,42,,,148,122,133,188,157,157,170,88,191,143,145,102,150,135,132,76,163,254,86,144,108,59,104,301,,52,,,b'\x11\xe8\xe1I\xcc\t=\n\xaf\x82\x12\xdf\x17\xaeN\x1e'
11E8E149-CC09-3D0A-AF82-12DF17AE4E1E,2020-ncaa-d0-natl,ncaa,276,258,260,279,267,302,308,335,185,276,292,156,284,285,281,214,193,139,274,147,54,329,323,215,203,236,204,252,46,263,213,307,309,317,276,328,302,168,267,299,167,125,265,258,,,162,275,,,239,318,313,47,283,299,337,242,273,277,268,134,98,105,317,309,249,298,304,323,212,141,258,,237,,,241,70,59,42,175,116,88,200,56,63,107,97,196,183,202,181,243,47,41,150,173,164,133,82,267,233,309,58,213,102,276,26,43,208,142,63,134,233,176,252,,,194,41,,,239,32,247,220,244,120,120,83,172,161,81,80,230,231,230,100,113,272,104,184,46,166,184,216,,121,,,b'\x11\xe8\xe1I\xcc\t=\n\xaf\x82\x12\xdf\x17\xaeN\x1e'
11E8E149-CC09-3D0A-AF82-12DF17AE4E1E,2020-ncaa-d1-conf-CAA,ncaa,8,8,1,8,1,7,7,7,6,5,6,4,7,7,8,7,5,2,8,2,3,6,7,6,6,7,7,7,3,8,8,4,7,7,8,9,7,7,8,8,2,3,7,7,,,8,7,,,8,5,9,2,9,9,8,6,7,8,8,6,3,4,8,9,9,5,7,9,5,4,7,,6,,,8,6,7,7,4,7,5,4,5,7,1,7,6,6,5,6,5,7,7,4,3,5,3,4,5,8,7,8,8,8,8,4,2,5,6,3,4,5,6,6,,,3,3,,,8,6,8,5,8,4,4,3,4,4,4,6,6,6,5,3,4,8,7,8,4,7,4,6,,4,,,b'\x11\xe8\xe1I\xcc\t=\n\xaf\x82\x12\xdf\x17\xaeN\x1e'
11E8E149-CC09-3D0A-AF82-12DF17AE4E1E,2020-ncaa-d1-natl,ncaa,276,278,128,280,134,265,277,316,165,219,262,138,282,267,289,221,136,100,246,107,58,294,288,202,186,229,218,265,50,255,223,279,319,284,281,318,299,231,279,301,140,126,244,258,,,201,241,,,256,274,301,21,277,288,334,226,265,283,278,123,103,106,315,299,259,289,299,320,229,137,242,,214,,,256,141,154,129,190,205,182,213,76,83,91,96,210,198,221,201,203,131,128,159,174,178,107,77,247,297,319,110,223,194,281,51,33,175,151,66,195,242,179,219,,,120,46,,,256,81,241,240,252,151,155,124,209,185,80,88,218,214,215,134,138,295,103,197,54,165,198,181,,120,,,b'\x11\xe8\xe1I\xcc\t=\n\xaf\x82\x12\xdf\x17\xaeN\x1e'
11E8E149-CC09-3D0A-AF82-12DF17AE4E1E,2021-ncaa-d0-natl,ncaa,225,250,191,243,203,225,250,217,290,223,191,278,255,227,305,248,125,76,284,75,27,197,177,299,287,286,159,273,17,96,72,170,263,149,139,285,318,262,282,322,197,213,179,195,,,89,40,,,278,199,153,214,270,300,241,244,173,282,248,57,19,18,189,101,60,103,49,325,298,190,181,,62,,,268,145,175,185,137,171,169,193,200,241,79,279,81,83,113,80,57,167,154,139,99,156,133,228,40,249,263,141,72,183,139,200,212,223,246,259,254,277,238,258,,,113,31,,,278,141,274,210,265,196,242,289,217,207,237,300,57,67,63,258,243,298,183,263,242,223,281,273,,20,,,b'\x11\xe8\xe1I\xcc\t=\n\xaf\x82\x12\xdf\x17\xaeN\x1e'
11E8E149-CC09-3D0A-AF82-12DF17AE4E1E,2021-ncaa-d1-conf-CAA,ncaa,7,9,5,9,6,6,6,6,8,7,6,8,6,6,9,9,3,2,8,2,1,6,6,9,9,9,8,9,1,4,5,3,6,4,4,7,9,7,8,10,5,7,2,3,,,4,1,,,10,6,3,7,10,10,8,6,6,9,9,2,1,1,5,5,4,2,4,9,9,5,3,,1,,,10,6,6,8,3,7,6,7,6,10,2,10,4,4,6,4,2,6,5,5,2,4,6,7,1,9,6,6,5,7,4,8,8,6,8,10,10,10,10,9,,,2,1,,,10,5,8,8,10,8,9,10,7,6,7,10,3,3,3,9,8,10,8,9,9,8,10,9,,1,,,b'\x11\xe8\xe1I\xcc\t=\n\xaf\x82\x12\xdf\x17\xaeN\x1e'
11E8E149-CC09-3D0A-AF82-12DF17AE4E1E,2021-ncaa-d1-natl,ncaa,230,250,206,251,221,235,264,230,293,242,213,283,263,236,307,248,131,88,283,86,26,216,202,304,294,293,154,271,16,108,74,187,269,167,144,291,318,246,286,326,212,221,193,199,,,80,41,,,282,217,157,214,274,304,245,253,178,282,250,58,22,21,196,103,64,108,59,328,296,198,184,,63,,,278,139,158,170,145,161,152,198,192,231,81,278,75,77,116,74,58,148,138,145,106,165,131,228,39,242,269,124,74,168,144,190,215,237,254,267,246,279,231,265,,,126,31,,,282,126,280,225,274,209,248,292,224,211,241,301,59,70,65,261,244,301,189,266,245,231,284,278,,19,,,b'\x11\xe8\xe1I\xcc\t=\n\xaf\x82\x12\xdf\x17\xaeN\x1e'
11E8E149-CC09-3D0A-AF82-12DF17AE4E1E,2022-ncaa-d0-natl,ncaa,345,351,216,350,236,307,304,275,311,277,201,335,287,297,186,269,300,314,115,315,329,286,279,315,314,320,243,220,197,214,188,342,351,316,330,316,299,222,295,325,243,230,296,300,,,195,283,,,344,291,321,195,339,332,303,290,162,282,306,297,312,315,315,306,196,355,348,330,254,242,298,,249,,,340,220,217,85,348,209,104,336,203,102,344,160,187,182,211,183,244,84,89,349,349,337,166,183,145,246,351,121,188,157,330,264,252,205,141,261,131,216,284,294,,,307,269,,,344,66,317,351,343,279,277,87,262,109,243,125,219,217,222,100,97,282,161,230,296,177,172,307,,311,,,b'\x11\xe8\xe1I\xcc\t=\n\xaf\x82\x12\xdf\x17\xaeN\x1e'
11E8E149-CC09-3D0A-AF82-12DF17AE4E1E,2022-ncaa-d1-conf-CAA,ncaa,10,10,6,10,8,10,10,8,10,7,7,10,9,9,8,8,8,9,8,9,10,9,8,9,9,9,8,8,7,7,8,10,8,9,8,9,7,7,8,9,9,8,7,7,,,8,9,,,10,9,9,5,9,9,8,7,6,9,9,8,9,9,8,7,7,10,9,10,7,9,8,,9,,,10,9,8,1,10,5,1,9,9,2,10,5,8,9,3,9,10,2,2,10,10,10,8,6,9,4,8,4,8,3,8,9,9,8,7,9,6,6,8,7,,,9,10,,,10,2,9,10,10,10,9,1,6,2,9,4,9,9,9,2,3,6,5,5,10,8,6,8,,9,,,b'\x11\xe8\xe1I\xcc\t=\n\xaf\x82\x12\xdf\x17\xaeN\x1e'
11E8E149-CC09-3D0A-AF82-12DF17AE4E1E,2022-ncaa-d1-natl,ncaa,345,351,213,349,237,312,308,291,311,282,194,335,288,308,188,273,289,306,106,308,320,306,287,311,311,320,244,233,172,218,185,349,351,325,328,326,303,249,313,331,269,248,311,312,,,213,282,,,345,293,320,198,331,337,310,293,167,285,313,287,300,301,325,302,195,354,348,336,275,262,305,,252,,,343,233,238,83,349,228,105,339,223,96,348,148,186,183,222,177,234,89,87,350,351,340,166,188,140,270,351,104,185,158,328,265,232,206,146,266,153,229,282,289,,,297,251,,,345,60,321,350,345,292,290,93,266,129,252,118,216,217,218,108,102,287,146,218,296,185,185,302,,298,,,b'\x11\xe8\xe1I\xcc\t=\n\xaf\x82\x12\xdf\x17\xaeN\x1e'
11E8E149-CC09-3D0A-AF82-12DF17AE4E1E,2023-ncaa-d0-natl,ncaa,345,339,290,347,303,348,341,338,297,261,182,315,358,358,313,354,291,332,46,333,349,345,313,326,315,350,351,347,112,187,78,281,266,256,139,353,341,327,356,356,297,268,179,166,,,36,81,,,329,328,278,192,347,339,330,225,92,358,358,270,322,322,344,241,137,219,177,349,348,267,152,,84,,,328,57,80,82,186,165,131,223,33,75,36,112,88,82,242,78,110,73,48,141,140,192,36,53,172,171,266,15,78,39,139,38,50,304,257,196,320,350,65,71,,,305,250,,,329,43,344,228,330,170,212,204,270,269,60,127,170,144,144,198,133,270,48,122,90,267,341,110,,263,,,b'\x11\xe8\xe1I\xcc\t=\n\xaf\x82\x12\xdf\x17\xaeN\x1e'
11E8E149-CC09-3D0A-AF82-12DF17AE4E1E,2023-ncaa-d1-conf-CAA,ncaa,13,13,8,13,10,13,13,13,12,12,4,12,13,13,13,12,10,12,2,12,12,13,11,13,12,13,12,12,2,9,8,6,9,8,6,13,12,11,13,13,13,12,7,9,,,2,4,,,13,11,10,4,13,13,13,10,2,13,13,9,10,10,12,10,9,5,6,13,13,12,6,,3,,,13,4,7,7,6,10,9,8,1,4,2,3,5,5,5,5,4,6,3,4,5,10,2,3,5,6,9,5,8,5,6,1,2,13,12,9,10,12,5,6,,,11,9,,,13,3,13,12,13,9,11,12,12,10,3,5,6,7,7,11,6,9,7,9,2,12,12,6,,10,,,b'\x11\xe8\xe1I\xcc\t=\n\xaf\x82\x12\xdf\x17\xaeN\x1e'
11E8E149-CC09-3D0A-AF82-12DF17AE4E1E,2023-ncaa-d1-natl,ncaa,347,346,219,349,266,342,333,331,307,234,142,323,358,358,342,355,255,307,54,307,340,328,280,333,320,348,350,354,80,148,73,263,269,229,139,348,342,341,355,358,274,264,176,174,,,56,91,,,331,314,280,201,345,338,327,220,94,358,359,238,297,298,331,241,119,244,191,350,345,264,159,,90,,,328,101,148,122,209,227,185,233,46,79,46,93,123,106,245,104,108,108,73,165,169,211,31,49,169,214,269,27,73,66,139,62,55,283,245,190,332,346,84,74,,,278,245,,,331,55,341,246,328,177,217,186,279,268,60,102,169,143,139,174,121,260,51,121,97,249,339,113,,256,,,b'\x11\xe8\xe1I\xcc\t=\n\xaf\x82\x12\xdf\x17\xaeN\x1e'
11E8E149-CC09-3D0A-AF82-12DF17AE4E1E,2024-ncaa-d0-natl,ncaa,341,338,258,344,274,337,343,243,359,284,145,356,350,313,359,304,199,220,122,224,250,244,198,360,357,357,291,338,21,209,270,300,352,280,347,342,311,306,324,353,229,254,228,267,,,20,10,,,353,201,75,171,346,352,192,277,75,353,306,150,172,172,189,88,170,288,252,349,336,197,205,,42,,,354,264,330,256,335,337,263,341,224,214,241,204,8,6,184,6,8,206,195,332,292,311,9,181,3,338,352,297,270,332,347,338,283,186,202,321,326,331,346,331,,,280,299,,,353,143,356,333,356,337,356,349,355,339,282,271,14,14,15,318,321,353,345,354,352,141,341,355,,251,,,b'\x11\xe8\xe1I\xcc\t=\n\xaf\x82\x12\xdf\x17\xaeN\x1e'
11E8E149-CC09-3D0A-AF82-12DF17AE4E1E,2024-ncaa-d1-conf-CAA,ncaa,13,12,7,13,9,12,13,10,14,10,6,14,13,13,14,13,4,8,1,8,9,9,9,14,13,13,12,13,2,12,13,11,14,12,13,14,12,11,10,14,9,10,11,14,,,2,1,,,14,8,3,9,13,14,8,10,3,13,13,5,6,6,8,7,12,9,11,14,12,8,11,,1,,,14,14,14,14,14,14,12,14,14,13,14,11,1,1,11,1,1,12,9,14,14,14,2,12,1,14,14,12,13,13,13,14,13,10,10,14,13,13,13,13,,,9,9,,,14,6,14,14,14,14,14,14,14,13,14,13,1,1,1,14,13,14,13,13,14,10,13,14,,8,,,b'\x11\xe8\xe1I\xcc\t=\n\xaf\x82\x12\xdf\x17\xaeN\x1e'
11E8E149-CC09-3D0A-AF82-12DF17AE4E1E,2024-ncaa-d1-natl,ncaa,345,339,254,345,283,343,347,264,360,302,161,359,352,317,361,305,172,208,112,209,223,254,217,361,358,357,274,335,18,217,275,298,355,285,349,350,306,319,330,355,234,252,224,269,,,29,17,,,355,203,77,171,346,354,212,289,90,351,305,129,156,155,203,94,180,281,257,350,340,196,201,,53,,,356,274,336,278,335,341,281,332,220,200,240,173,12,13,134,12,13,224,215,323,276,302,11,169,4,347,355,300,275,340,349,338,277,193,209,317,328,336,346,336,,,277,283,,,355,148,358,331,356,336,357,352,357,343,271,247,15,21,21,325,324,355,347,356,350,144,345,354,,235,,,b'\x11\xe8\xe1I\xcc\t=\n\xaf\x82\x12\xdf\x17\xaeN\x1e'
11E8E149-CC09-3D0A-AF82-12DF17AE4E1E,2025-ncaa-d0-natl,genius_ncaa,220,227,194,232,196,219,208,188,221,186,154,250,236,252,192,236,222,243,128,243,269,199,192,233,230,238,230,228,179,272,306,139,201,206,267,214,210,222,227,239,271,286,126,183,,,17,7,,191,269,160,116,18,220,199,155,183,121,236,247,214,240,235,187,158,273,94,186,210,239,270,113,,21,,213,266,212,310,280,257,336,312,259,116,131,119,89,15,13,234,12,3,241,214,216,160,209,5,79,6,222,201,252,306,253,267,293,193,244,267,305,321,323,138,125,,,252,273,,255,269,199,270,223,265,262,340,346,349,354,130,144,20,16,15,305,289,255,306,292,312,228,323,151,,249,,254,b'\x11\xe8\xe1I\xcc\t=\n\xaf\x82\x12\xdf\x17\xaeN\x1e'
11E8E149-CC09-3D0A-AF82-12DF17AE4E1E,2025-ncaa-d1-conf-CAA,genius_ncaa,11,10,9,11,10,9,9,10,6,10,9,8,6,10,2,6,10,13,1,13,14,12,11,6,6,7,5,6,11,12,14,8,7,13,12,8,8,7,9,8,10,10,6,7,,,2,3,,11,12,8,3,3,7,6,8,7,7,4,9,8,12,12,9,8,12,5,10,7,9,10,5,,3,,12,12,10,11,10,11,11,10,10,9,7,9,8,2,2,14,2,2,8,7,11,11,11,3,8,2,7,7,9,14,9,12,11,9,11,11,11,12,13,8,8,,,12,11,,10,12,7,9,11,12,12,14,13,14,13,11,9,2,2,2,13,10,9,13,12,12,10,13,9,,11,,9,b'\x11\xe8\xe1I\xcc\t=\n\xaf\x82\x12\xdf\x17\xaeN\x1e'
11E8E149-CC09-3D0A-AF82-12DF17AE4E1E,2025-ncaa-d1-natl,genius_ncaa,193,226,113,219,113,163,143,136,195,138,115,206,211,204,210,219,220,228,137,227,281,148,130,210,211,212,243,223,216,246,304,91,181,152,254,164,173,251,217,199,189,247,108,190,,,33,7,,228,224,105,114,22,194,169,137,154,121,217,213,235,255,255,167,141,269,80,179,177,227,210,113,,21,,221,221,238,326,312,223,345,334,223,119,149,100,80,16,16,184,16,3,276,269,182,128,158,4,67,6,256,181,297,304,297,254,298,183,170,220,258,329,314,140,105,,,232,303,,245,224,258,247,165,220,222,323,339,347,354,101,121,14,11,9,286,286,249,306,296,286,175,319,138,,273,,260,b'\x11\xe8\xe1I\xcc\t=\n\xaf\x82\x12\xdf\x17\xaeN\x1e'
11E8E149-CC09-3D0A-AF82-12DF17AE4E1E,2026-ncaa-d0-natl,genius_ncaa,212,198,206,223,216,199,214,247,145,205,237,139,220,229,174,213,122,101,243,103,33,230,218,145,139,187,142,211,60,163,98,232,273,204,168,219,214,240,274,252,145,127,232,264,,,145,128,,36,219,222,92,97,161,192,252,177,220,202,210,64,39,40,181,116,120,187,135,199,295,100,227,,187,,36,220,186,195,151,246,183,188,151,222,111,341,87,141,225,9,226,214,163,156,255,219,210,173,220,115,243,273,83,98,137,168,94,40,193,179,119,254,291,197,251,,,141,68,,286,219,149,181,238,213,268,273,259,260,305,271,125,181,274,277,285,307,301,101,188,123,131,294,243,,53,,276,b'\x11\xe8\xe1I\xcc\t=\n\xaf\x82\x12\xdf\x17\xaeN\x1e'
11E8E149-CC09-3D0A-AF82-12DF17AE4E1E,2026-ncaa-d1-natl,genius_ncaa,256,195,271,252,286,280,296,328,175,287,315,170,267,285,191,212,159,138,249,141,29,309,303,181,167,221,129,206,56,234,116,302,300,296,191,297,234,188,300,279,213,163,278,283,,,92,147,,28,262,302,103,100,204,230,290,215,240,217,222,69,43,44,211,138,147,216,167,241,305,130,246,,202,,41,268,140,150,85,284,143,134,185,182,47,352,85,99,178,10,179,218,94,82,292,260,263,171,225,115,205,300,34,116,86,191,63,40,271,218,158,211,312,173,277,,,199,60,,305,262,69,214,287,258,304,308,271,291,316,288,127,192,282,284,298,309,310,120,214,149,168,310,262,,45,,275,b'\x11\xe8\xe1I\xcc\t=\n\xaf\x82\x12\xdf\x17\xaeN\x1e'
11E8E149-CC0D-D7DE-AF82-12DF17AE4E1E,2010-ncaa-d0-natl,ncaa,125,174,50,159,79,63,92,98,122,151,208,81,45,33,130,43,45,118,5,130,84,99,106,83,43,48,51,70,99,212,256,101,6,143,86,111,169,158,110,112,264,290,216,233,,,302,298,,,141,84,169,283,87,147,184,226,283,53,48,64,179,187,195,240,280,174,244,152,81,305,238,,239,,,141,318,276,193,312,253,207,263,273,176,338,140,314,297,300,300,276,222,214,320,329,330,254,202,266,8,6,244,256,110,86,130,30,168,195,141,117,97,221,253,,,32,31,,,141,268,70,266,138,245,194,52,167,92,231,103,282,247,249,89,60,4,141,23,63,245,77,182,,61,,,b'\x11\xe8\xe1I\xcc\r\xd7\xde\xaf\x82\x12\xdf\x17\xaeN\x1e'
11E8E149-CC0D-D7DE-AF82-12DF17AE4E1E,2010-ncaa-d1-conf-MVC,ncaa,3,5,1,5,1,1,2,1,5,5,6,4,1,1,4,2,2,5,1,5,4,1,1,3,3,3,3,1,5,4,6,3,1,4,4,1,1,4,3,2,9,9,4,5,,,9,9,,,3,1,7,7,3,4,4,6,9,1,1,3,6,6,3,8,7,4,5,3,3,9,4,,7,,,3,6,5,5,5,6,8,5,4,2,8,2,10,10,3,10,8,9,10,4,5,4,5,3,10,1,1,6,6,3,4,1,1,4,4,1,2,1,8,8,,,1,1,,,3,10,3,4,3,4,5,1,5,5,2,2,8,8,8,2,2,1,6,1,1,8,1,7,,2,,,b'\x11\xe8\xe1I\xcc\r\xd7\xde\xaf\x82\x12\xdf\x17\xaeN\x1e'
11E8E149-CC0D-D7DE-AF82-12DF17AE4E1E,2010-ncaa-d1-natl,ncaa,132,174,53,162,88,68,99,108,124,165,218,86,49,38,135,43,50,129,5,138,82,108,119,83,44,50,51,70,94,227,260,110,6,159,94,116,172,144,112,114,276,296,226,234,,,296,298,,,150,96,172,285,87,149,187,229,283,54,48,66,179,186,197,244,282,177,250,156,81,310,238,,238,,,151,313,271,181,313,247,193,270,268,167,339,140,311,292,301,294,276,210,195,323,331,331,253,202,265,6,6,234,260,91,94,117,30,189,199,150,110,97,213,258,,,39,29,,,150,258,73,278,145,251,196,54,172,91,232,102,284,253,253,89,59,4,144,23,68,251,77,181,,59,,,b'\x11\xe8\xe1I\xcc\r\xd7\xde\xaf\x82\x12\xdf\x17\xaeN\x1e'
11E8E149-CC0D-D7DE-AF82-12DF17AE4E1E,2010-ncaa-d1-ncaatournament,ncaa,33,2,33,33,34,57,56,55,57,45,53,33,56,39,62,15,47,49,25,49,43,54,52,58,59,59,55,50,30,56,57,43,33,51,50,55,50,18,44,55,59,60,41,38,,,24,50,,,62,47,25,9,57,56,44,38,49,54,11,43,48,48,45,46,49,34,45,54,41,59,32,,53,,,63,25,14,19,38,7,12,12,38,27,59,45,33,24,55,24,52,21,15,50,58,62,60,56,52,14,33,22,57,17,50,27,62,57,57,60,19,48,14,34,,,44,35,,,62,17,59,60,61,57,36,39,17,26,63,50,56,49,51,46,32,33,53,45,56,55,43,23,,39,,,b'\x11\xe8\xe1I\xcc\r\xd7\xde\xaf\x82\x12\xdf\x17\xaeN\x1e'
11E8E149-CC0D-D7DE-AF82-12DF17AE4E1E,2011-ncaa-d0-natl,ncaa,19,16,43,16,76,49,74,90,79,145,211,61,19,22,48,38,41,70,13,68,23,82,127,40,29,16,26,48,102,265,311,54,11,118,137,57,73,31,14,19,84,85,171,180,,,202,181,,,15,90,219,329,57,114,195,212,298,23,29,49,105,106,170,286,311,85,234,71,7,118,203,,110,,,15,68,50,162,24,92,184,46,47,140,6,143,244,192,333,189,197,159,215,15,38,23,165,64,301,40,11,304,311,204,137,25,46,67,57,16,35,33,293,311,,,38,16,,,15,251,30,14,15,19,14,36,43,61,24,86,187,135,129,31,47,9,223,87,11,117,21,256,,62,,,b'\x11\xe8\xe1I\xcc\r\xd7\xde\xaf\x82\x12\xdf\x17\xaeN\x1e'
11E8E149-CC0D-D7DE-AF82-12DF17AE4E1E,2011-ncaa-d1-conf-MVC,ncaa,1,1,1,1,3,2,2,2,1,5,6,1,1,1,2,3,4,4,1,4,2,2,4,1,1,1,2,3,5,9,9,2,3,4,5,1,4,3,2,1,1,1,7,8,,,4,2,,,1,4,8,10,2,3,7,6,7,1,2,4,5,5,4,9,10,2,4,1,1,3,8,,2,,,1,1,1,8,1,1,8,1,1,6,1,5,4,4,6,4,2,6,8,1,1,1,3,2,8,6,3,9,9,6,5,1,1,1,2,1,4,2,4,6,,,2,1,,,1,7,1,1,1,1,1,4,1,6,1,3,2,3,2,3,2,4,5,5,1,2,1,4,,3,,,b'\x11\xe8\xe1I\xcc\r\xd7\xde\xaf\x82\x12\xdf\x17\xaeN\x1e'
11E8E149-CC0D-D7DE-AF82-12DF17AE4E1E,2011-ncaa-d1-natl,ncaa,19,16,51,16,93,53,86,111,82,163,236,63,21,26,49,37,46,84,13,83,23,94,149,41,29,16,24,48,98,279,312,65,11,137,143,60,74,21,15,19,95,91,179,183,,,183,185,,,15,107,221,329,59,124,199,221,300,24,32,51,108,108,176,287,312,88,235,74,7,128,207,,109,,,15,48,36,135,25,81,157,49,42,126,6,143,234,181,332,173,196,135,190,15,43,26,164,64,303,32,11,291,312,184,143,19,45,80,64,17,28,31,287,313,,,41,14,,,15,236,30,14,15,20,16,37,46,62,24,86,192,137,131,32,47,10,225,88,11,120,22,260,,61,,,b'\x11\xe8\xe1I\xcc\r\xd7\xde\xaf\x82\x12\xdf\x17\xaeN\x1e'
11E8E149-CC0D-D7DE-AF82-12DF17AE4E1E,2011-ncaa-d1-ncaatournament,ncaa,33,2,33,33,34,38,39,54,11,35,46,7,48,60,38,45,36,35,29,35,24,48,54,17,12,14,43,52,21,58,56,34,4,47,27,40,36,11,32,30,42,28,48,47,,,12,39,,,24,43,25,3,28,30,51,18,41,43,50,16,14,14,45,51,55,7,37,27,26,32,46,,28,,,25,13,22,19,50,11,8,43,29,27,51,54,2,3,2,3,10,11,10,56,41,49,32,55,2,3,4,16,56,8,27,22,47,53,44,54,11,38,28,53,,,41,16,,,24,19,29,36,29,34,50,39,34,20,55,52,2,5,6,25,14,5,44,20,53,47,30,47,,27,,,b'\x11\xe8\xe1I\xcc\r\xd7\xde\xaf\x82\x12\xdf\x17\xaeN\x1e'
11E8E149-CC0D-D7DE-AF82-12DF17AE4E1E,2012-ncaa-d0-natl,ncaa,106,153,22,134,34,53,89,64,137,162,237,60,12,8,146,16,57,51,164,53,18,59,73,74,73,45,21,27,151,237,331,87,118,155,296,78,133,88,37,48,109,165,103,133,,,251,132,,,155,44,168,227,101,144,174,268,320,23,18,111,115,115,167,247,311,224,291,133,30,173,129,,126,,,155,323,329,294,301,328,296,296,232,207,246,118,248,253,158,253,151,304,298,297,284,267,81,119,106,186,118,333,331,325,296,284,116,71,149,173,101,63,323,335,,,29,25,,,155,303,88,241,151,232,257,144,280,194,158,114,162,158,157,147,154,87,306,232,204,153,48,296,,75,,,b'\x11\xe8\xe1I\xcc\r\xd7\xde\xaf\x82\x12\xdf\x17\xaeN\x1e'
11E8E149-CC0D-D7DE-AF82-12DF17AE4E1E,2012-ncaa-d1-conf-MVC,ncaa,6,5,6,6,7,8,9,6,9,9,10,7,3,1,9,1,5,4,8,3,1,6,8,9,8,7,2,2,3,9,10,7,4,9,10,8,6,1,2,4,7,7,6,6,,,1,1,,,8,8,5,3,6,9,4,9,10,2,1,4,2,2,4,5,9,6,9,8,1,6,5,,2,,,8,6,9,5,10,8,7,9,4,4,7,4,3,3,9,3,3,5,3,10,9,7,1,4,3,3,4,10,10,10,10,6,3,6,6,5,2,2,8,10,,,3,1,,,8,4,7,7,8,8,10,9,9,9,4,4,4,4,4,7,6,3,10,10,7,5,3,9,,2,,,b'\x11\xe8\xe1I\xcc\r\xd7\xde\xaf\x82\x12\xdf\x17\xaeN\x1e'
11E8E149-CC0D-D7DE-AF82-12DF17AE4E1E,2012-ncaa-d1-natl,ncaa,112,153,23,140,40,62,96,71,141,180,262,65,13,10,149,15,64,60,163,62,17,65,87,76,77,49,20,26,150,253,331,105,124,177,302,87,137,76,37,52,125,167,108,137,,,242,133,,,166,50,172,225,110,157,182,278,320,23,18,111,114,112,171,250,317,233,295,145,30,179,133,,129,,,166,319,324,283,303,324,288,301,224,191,250,120,237,241,159,240,154,293,292,300,289,272,79,123,105,171,124,332,331,322,302,281,115,85,157,181,87,65,321,337,,,33,23,,,166,300,91,246,157,237,261,150,284,196,162,111,167,163,164,149,153,89,309,237,212,161,48,298,,73,,,b'\x11\xe8\xe1I\xcc\r\xd7\xde\xaf\x82\x12\xdf\x17\xaeN\x1e'
11E8E149-CC0D-D7DE-AF82-12DF17AE4E1E,2013-ncaa-d0-natl,ncaa,128,197,24,160,32,75,117,102,152,270,301,148,6,9,39,11,100,136,67,142,31,108,136,64,52,44,4,8,197,269,314,68,68,141,232,114,143,50,48,70,314,335,230,271,,,288,269,,,144,93,285,235,131,209,252,329,331,9,13,171,218,224,260,309,319,177,283,185,22,338,277,,176,,,144,304,287,271,248,288,267,259,193,208,133,150,298,296,242,296,223,284,244,231,247,293,138,115,229,147,68,315,314,282,232,147,32,259,316,232,62,60,133,228,,,16,6,,,144,257,66,274,138,187,179,98,203,127,125,137,237,221,220,112,46,53,219,130,75,327,30,79,,47,,,b'\x11\xe8\xe1I\xcc\r\xd7\xde\xaf\x82\x12\xdf\x17\xaeN\x1e'
11E8E149-CC0D-D7DE-AF82-12DF17AE4E1E,2013-ncaa-d1-conf-MVC,ncaa,4,4,3,4,4,7,7,8,7,9,8,7,2,2,2,2,4,4,5,4,2,7,8,4,3,3,2,2,4,9,9,2,4,3,7,6,5,2,3,3,10,10,7,5,,,6,7,,,4,7,8,4,6,7,8,9,8,2,2,4,4,4,8,7,9,2,5,6,2,10,7,,6,,,4,5,5,5,4,5,7,4,5,4,8,5,7,7,5,7,7,6,4,4,4,6,7,5,8,4,4,7,9,5,7,2,3,9,10,7,3,6,3,7,,,1,1,,,4,4,3,6,4,5,4,4,5,5,5,4,7,7,7,4,4,4,6,6,2,10,2,3,,2,,,b'\x11\xe8\xe1I\xcc\r\xd7\xde\xaf\x82\x12\xdf\x17\xaeN\x1e'
11E8E149-CC0D-D7DE-AF82-12DF17AE4E1E,2013-ncaa-d1-natl,ncaa,135,196,27,162,36,84,129,117,160,285,309,155,6,9,39,11,108,148,66,154,30,120,155,65,52,46,3,8,196,281,316,76,71,159,238,122,145,44,51,70,323,337,239,274,,,279,271,,,152,116,287,233,136,217,259,331,332,9,14,171,217,223,265,310,322,185,289,190,22,338,278,,177,,,153,296,281,258,251,285,255,262,182,200,140,149,294,285,245,286,223,273,220,237,254,301,137,115,231,131,71,312,316,275,238,141,35,282,320,238,53,61,130,230,,,19,7,,,152,235,66,280,147,192,184,98,207,126,126,138,239,221,223,115,42,53,221,134,77,328,32,80,,47,,,b'\x11\xe8\xe1I\xcc\r\xd7\xde\xaf\x82\x12\xdf\x17\xaeN\x1e'
11E8E149-CC0D-D7DE-AF82-12DF17AE4E1E,2014-ncaa-d0-natl,ncaa,129,105,180,123,219,178,228,224,212,295,334,48,51,23,261,12,149,195,44,195,24,223,266,123,98,69,28,41,126,292,298,166,109,241,224,162,84,14,45,44,334,331,108,119,,,82,126,,,147,243,240,191,152,221,207,305,333,42,17,119,190,193,211,278,289,120,219,129,33,333,97,,99,,,147,143,179,179,181,246,243,167,64,77,113,70,130,102,311,100,64,161,100,144,146,244,44,63,138,107,109,205,298,169,224,33,7,331,326,214,44,91,78,249,,,134,30,,,147,103,101,236,144,187,232,239,268,298,71,76,145,113,115,215,110,141,247,216,47,332,63,89,,91,,,b'\x11\xe8\xe1I\xcc\r\xd7\xde\xaf\x82\x12\xdf\x17\xaeN\x1e'
11E8E149-CC0D-D7DE-AF82-12DF17AE4E1E,2014-ncaa-d1-conf-MVC,ncaa,3,3,7,3,9,3,5,9,3,10,10,3,2,2,3,2,3,5,1,5,1,8,10,2,1,1,1,2,3,9,7,1,2,6,4,3,2,1,2,1,10,10,5,5,,,1,2,,,3,10,10,3,2,5,7,10,9,2,2,2,4,5,6,9,8,1,5,1,1,10,5,,1,,,3,4,5,6,4,6,9,2,2,2,3,2,3,2,10,2,1,5,1,3,2,5,2,2,4,4,2,1,7,2,4,1,1,10,10,7,2,3,1,4,,,5,1,,,3,1,2,6,3,5,6,8,7,9,2,3,4,3,3,8,4,6,4,4,2,10,2,1,,4,,,b'\x11\xe8\xe1I\xcc\r\xd7\xde\xaf\x82\x12\xdf\x17\xaeN\x1e'
11E8E149-CC0D-D7DE-AF82-12DF17AE4E1E,2014-ncaa-d1-natl,ncaa,143,105,211,131,262,197,245,251,214,309,337,51,56,28,262,11,166,218,43,219,23,251,299,130,102,70,27,41,126,303,302,194,112,262,235,181,85,10,46,47,339,331,116,122,,,70,126,,,166,279,245,184,158,227,213,307,334,42,17,122,190,194,216,282,292,125,232,139,35,336,98,,101,,,166,120,162,158,186,230,229,173,54,68,116,68,120,91,315,90,64,128,67,148,151,252,42,64,138,94,112,188,302,149,235,22,7,340,329,221,39,93,73,256,,,154,28,,,166,68,106,253,163,192,240,240,273,300,71,74,148,115,117,216,110,140,248,222,47,332,64,92,,92,,,b'\x11\xe8\xe1I\xcc\r\xd7\xde\xaf\x82\x12\xdf\x17\xaeN\x1e'
11E8E149-CC0D-D7DE-AF82-12DF17AE4E1E,2015-ncaa-d0-natl,ncaa,133,161,79,157,94,127,190,142,237,323,329,221,11,11,92,7,137,168,87,163,23,147,212,125,126,71,3,6,179,286,332,84,128,172,285,114,55,16,19,32,293,316,63,100,,,56,35,,,126,180,302,222,170,265,238,345,341,13,12,176,230,220,238,323,310,120,262,141,12,313,63,,18,,,127,161,238,278,121,293,312,111,48,70,67,34,87,81,200,79,30,248,190,83,65,151,14,43,89,206,128,315,332,303,285,52,11,290,310,196,64,94,188,312,,,141,81,,,126,179,99,158,119,103,166,223,265,317,28,42,64,62,62,167,64,157,287,251,35,325,45,172,,210,,,b'\x11\xe8\xe1I\xcc\r\xd7\xde\xaf\x82\x12\xdf\x17\xaeN\x1e'
11E8E149-CC0D-D7DE-AF82-12DF17AE4E1E,2015-ncaa-d1-conf-MVC,ncaa,4,4,4,4,5,4,6,5,5,10,10,5,1,1,3,1,2,3,4,3,1,5,9,3,3,3,1,1,5,8,8,4,8,3,7,3,2,1,1,1,10,10,2,3,,,1,2,,,4,7,8,9,4,5,6,10,10,1,1,4,6,5,5,9,8,3,5,2,1,10,2,,1,,,4,3,6,8,4,9,10,3,1,2,1,1,2,3,2,3,1,7,6,1,1,2,1,1,3,10,8,8,8,8,7,3,1,9,9,4,2,2,4,9,,,4,1,,,4,4,3,4,3,2,4,9,9,10,1,1,2,2,2,8,5,9,6,9,2,10,2,3,,3,,,b'\x11\xe8\xe1I\xcc\r\xd7\xde\xaf\x82\x12\xdf\x17\xaeN\x1e'
11E8E149-CC0D-D7DE-AF82-12DF17AE4E1E,2015-ncaa-d1-natl,ncaa,142,160,97,166,118,157,222,179,248,337,338,226,14,11,94,7,157,189,86,184,22,187,260,128,128,75,3,6,175,303,333,108,134,206,294,129,56,11,21,34,309,319,69,103,,,39,36,,,141,227,302,217,184,273,247,345,342,12,12,178,230,222,248,325,313,129,271,149,13,319,66,,19,,,141,130,215,257,139,281,310,121,41,51,72,34,78,69,205,66,29,219,147,89,70,168,13,40,90,188,134,311,333,285,294,37,12,308,314,207,52,95,182,316,,,166,77,,,141,135,105,179,134,107,181,227,272,319,28,41,67,64,62,171,61,160,291,255,36,327,47,178,,209,,,b'\x11\xe8\xe1I\xcc\r\xd7\xde\xaf\x82\x12\xdf\x17\xaeN\x1e'
11E8E149-CC0D-D7DE-AF82-12DF17AE4E1E,2016-ncaa-d0-natl,ncaa,53,73,25,74,28,90,105,64,220,218,248,156,22,12,161,16,142,204,14,202,135,80,129,136,127,62,21,19,222,298,345,54,81,136,291,55,28,11,9,9,240,282,52,80,,,144,90,,,77,84,306,84,163,215,182,310,331,33,15,213,280,283,220,322,340,126,297,75,4,304,74,,48,,,82,171,177,260,61,231,312,44,71,77,109,32,225,234,141,232,127,262,249,39,47,83,82,58,239,202,81,343,345,333,291,23,3,178,233,52,77,70,68,107,,,57,38,,,77,250,111,83,84,42,58,85,117,219,29,24,152,150,146,76,41,88,301,233,6,278,32,34,,153,,,b'\x11\xe8\xe1I\xcc\r\xd7\xde\xaf\x82\x12\xdf\x17\xaeN\x1e'
11E8E149-CC0D-D7DE-AF82-12DF17AE4E1E,2016-ncaa-d1-conf-MVC,ncaa,1,1,1,1,1,3,4,4,5,5,7,3,1,1,3,1,4,6,1,6,5,3,4,2,2,2,1,1,5,9,10,2,3,5,8,2,2,1,1,1,9,10,2,4,,,4,2,,,3,3,10,7,5,5,5,7,10,1,1,5,8,8,7,10,10,4,8,2,1,10,2,,1,,,3,4,5,8,3,7,10,3,1,1,2,1,5,6,3,6,4,9,8,1,1,1,3,1,6,8,3,10,10,10,8,1,1,6,7,2,1,1,1,1,,,2,1,,,3,8,4,1,3,1,2,3,4,9,1,1,4,5,5,2,1,2,8,5,1,7,1,1,,4,,,b'\x11\xe8\xe1I\xcc\r\xd7\xde\xaf\x82\x12\xdf\x17\xaeN\x1e'
11E8E149-CC0D-D7DE-AF82-12DF17AE4E1E,2016-ncaa-d1-natl,ncaa,47,73,12,71,16,90,111,59,230,222,249,159,24,12,174,16,138,205,21,206,138,66,134,145,139,71,22,20,226,311,346,38,78,128,294,43,32,10,11,9,235,274,52,90,,,138,83,,,80,70,307,84,177,221,190,315,331,37,16,227,283,286,226,323,341,124,295,90,4,299,79,,47,,,87,181,190,272,65,242,314,47,74,74,110,35,215,225,131,224,118,275,262,40,45,83,83,60,230,196,78,341,346,330,294,22,2,172,220,48,77,67,63,104,,,50,36,,,80,272,127,74,88,40,55,85,114,214,33,26,133,140,138,71,41,78,303,229,6,269,31,25,,156,,,b'\x11\xe8\xe1I\xcc\r\xd7\xde\xaf\x82\x12\xdf\x17\xaeN\x1e'
11E8E149-CC0D-D7DE-AF82-12DF17AE4E1E,2017-ncaa-d0-natl,ncaa,41,39,74,49,77,96,113,71,214,187,241,107,39,12,257,17,141,153,154,145,83,76,122,160,165,91,41,41,237,66,117,180,50,121,131,84,79,14,17,24,102,93,129,127,,,94,91,,,44,158,294,33,122,146,78,241,301,43,17,187,207,195,100,224,76,271,177,102,13,128,140,,53,,,45,87,111,100,191,187,200,191,23,30,69,37,188,132,333,141,135,87,164,143,166,79,45,24,236,31,50,290,117,185,131,61,61,57,27,24,56,48,312,327,,,57,38,,,44,200,69,45,37,41,56,21,144,112,16,17,137,98,101,16,35,16,215,103,34,64,42,297,,60,,,b'\x11\xe8\xe1I\xcc\r\xd7\xde\xaf\x82\x12\xdf\x17\xaeN\x1e'
11E8E149-CC0D-D7DE-AF82-12DF17AE4E1E,2017-ncaa-d1-conf-MVC,ncaa,2,2,1,2,1,2,2,2,5,3,4,2,2,1,5,1,2,3,2,3,1,2,2,4,4,2,2,3,5,1,3,4,1,2,4,2,3,1,1,2,3,3,6,6,,,6,6,,,2,2,10,1,2,4,2,5,6,2,1,2,3,3,2,5,2,7,4,2,1,4,7,,3,,,2,2,3,2,5,5,8,4,1,1,2,1,6,6,9,6,4,2,8,2,4,1,2,1,9,1,1,10,3,7,4,2,1,1,1,1,1,1,8,6,,,1,1,,,2,9,2,1,2,1,2,1,5,6,1,1,4,4,4,1,1,1,6,3,1,1,1,7,,1,,,b'\x11\xe8\xe1I\xcc\r\xd7\xde\xaf\x82\x12\xdf\x17\xaeN\x1e'
11E8E149-CC0D-D7DE-AF82-12DF17AE4E1E,2017-ncaa-d1-natl,ncaa,43,39,56,49,59,95,110,61,226,192,236,110,35,12,264,17,132,138,163,133,61,60,107,171,174,97,33,39,223,63,119,174,46,117,135,75,79,18,17,26,104,94,135,135,,,90,88,,,53,139,289,35,129,162,82,250,302,48,16,181,194,181,96,226,82,273,189,106,13,126,157,,51,,,55,99,117,98,199,200,204,195,25,29,88,38,179,127,336,131,124,89,163,154,176,91,44,26,226,29,46,297,119,192,135,58,57,49,31,25,48,35,323,338,,,43,31,,,53,225,76,51,48,45,61,20,149,113,16,17,129,93,97,15,39,17,227,102,36,67,34,304,,54,,,b'\x11\xe8\xe1I\xcc\r\xd7\xde\xaf\x82\x12\xdf\x17\xaeN\x1e'
11E8E149-CC0D-D7DE-AF82-12DF17AE4E1E,2017-ncaa-d1-ncaatournament,ncaa,33,2,33,33,33,36,44,58,34,39,49,25,52,55,45,39,28,28,18,28,4,52,51,39,27,23,32,50,5,52,41,49,52,50,52,55,57,11,27,47,51,44,31,22,,,1,1,,,49,49,27,6,28,41,54,29,40,44,41,4,3,4,42,45,45,49,49,53,22,41,16,,2,,,52,25,26,26,57,21,19,54,34,27,51,52,2,1,8,1,2,22,24,58,56,52,27,57,2,21,52,9,41,12,52,24,38,44,21,40,4,10,7,25,,,33,4,,,49,23,25,57,46,57,58,55,52,35,60,52,2,1,1,43,52,46,31,40,53,15,8,20,,5,,,b'\x11\xe8\xe1I\xcc\r\xd7\xde\xaf\x82\x12\xdf\x17\xaeN\x1e'
11E8E149-CC0D-D7DE-AF82-12DF17AE4E1E,2018-ncaa-d0-natl,ncaa,118,129,73,131,79,152,174,125,254,256,268,216,51,31,174,27,227,259,94,259,176,149,144,186,187,168,36,33,253,114,169,66,11,71,54,83,20,143,143,96,254,258,256,275,,,223,261,,,99,167,308,43,219,230,187,302,314,62,33,270,294,294,220,266,146,77,90,93,102,282,275,,171,,,102,75,85,135,60,163,234,71,16,37,14,31,239,233,216,233,193,150,137,39,51,74,63,18,293,20,11,237,169,144,54,58,90,203,189,109,237,226,305,328,,,237,263,,,99,182,160,45,95,36,33,43,101,169,11,18,202,203,202,52,25,10,181,81,38,244,196,280,,291,,,b'\x11\xe8\xe1I\xcc\r\xd7\xde\xaf\x82\x12\xdf\x17\xaeN\x1e'
11E8E149-CC0D-D7DE-AF82-12DF17AE4E1E,2018-ncaa-d1-conf-MVC,ncaa,3,3,1,3,1,3,4,3,5,6,8,4,2,2,5,2,4,6,4,6,3,4,3,4,4,4,2,3,6,2,3,2,2,1,2,2,2,5,5,4,7,8,7,8,,,8,8,,,3,3,9,4,4,5,7,8,9,2,2,5,7,8,7,7,4,2,2,2,4,8,9,,6,,,3,2,2,5,1,5,9,1,1,2,1,2,6,8,4,8,6,6,7,1,1,1,2,2,8,3,2,5,3,4,2,1,3,5,4,3,6,5,5,7,,,4,6,,,3,8,4,1,3,1,1,2,3,7,1,2,6,6,6,2,2,3,3,3,1,5,5,5,,7,,,b'\x11\xe8\xe1I\xcc\r\xd7\xde\xaf\x82\x12\xdf\x17\xaeN\x1e'
11E8E149-CC0D-D7DE-AF82-12DF17AE4E1E,2018-ncaa-d1-natl,ncaa,106,129,53,130,58,135,163,108,244,260,268,207,44,30,159,29,219,244,111,245,157,124,134,174,175,159,33,34,245,106,170,55,12,52,62,83,23,153,146,99,240,246,263,283,,,235,261,,,93,138,305,46,213,239,189,305,319,58,34,260,283,283,217,261,151,78,91,101,101,268,280,,177,,,95,83,87,141,68,180,245,75,18,42,20,29,249,242,232,241,191,161,149,44,59,83,61,19,291,24,12,252,170,147,62,61,89,196,188,111,251,230,301,329,,,231,257,,,93,210,147,57,92,45,38,49,111,175,12,19,206,200,198,57,28,10,182,82,38,242,202,270,,285,,,b'\x11\xe8\xe1I\xcc\r\xd7\xde\xaf\x82\x12\xdf\x17\xaeN\x1e'
11E8E149-CC0D-D7DE-AF82-12DF17AE4E1E,2019-ncaa-d0-natl,ncaa,105,109,80,115,97,103,126,151,117,211,296,44,44,32,153,23,127,219,7,220,88,159,139,67,61,90,37,40,190,216,206,109,99,148,128,137,166,244,212,179,232,255,156,184,,,165,136,,,128,119,232,207,128,156,246,270,334,55,39,158,250,253,264,262,257,157,211,157,198,259,172,,107,,,128,231,232,233,187,252,263,165,143,139,173,106,224,193,298,183,123,239,216,157,180,202,116,102,198,134,99,139,206,135,128,39,8,211,223,79,242,227,216,284,,,108,106,,,128,233,108,188,127,156,166,149,210,225,101,92,191,151,142,136,97,87,86,70,27,255,196,186,,149,,,b'\x11\xe8\xe1I\xcc\r\xd7\xde\xaf\x82\x12\xdf\x17\xaeN\x1e'
11E8E149-CC0D-D7DE-AF82-12DF17AE4E1E,2019-ncaa-d1-conf-MVC,ncaa,3,3,3,3,3,3,3,7,3,8,9,2,3,3,6,2,6,7,2,7,4,8,7,2,2,3,2,2,7,7,6,6,7,6,5,4,4,6,7,5,7,8,5,5,,,2,3,,,3,7,9,4,4,4,8,8,9,3,3,7,8,8,9,8,7,6,6,4,5,7,4,,3,,,3,2,3,6,3,7,9,3,2,3,3,3,3,3,9,3,3,4,5,2,3,3,2,1,5,8,7,1,6,5,5,1,1,6,7,2,8,8,5,7,,,5,3,,,3,5,3,3,3,2,5,5,5,8,1,3,4,4,3,5,4,8,2,5,1,6,8,5,,5,,,b'\x11\xe8\xe1I\xcc\r\xd7\xde\xaf\x82\x12\xdf\x17\xaeN\x1e'
11E8E149-CC0D-D7DE-AF82-12DF17AE4E1E,2019-ncaa-d1-natl,ncaa,106,108,62,112,84,107,121,147,123,216,296,45,53,33,165,27,124,218,10,215,85,160,145,72,73,96,41,49,181,217,201,110,117,150,145,130,166,243,214,183,223,250,152,182,,,156,127,,,140,127,236,210,133,172,247,274,332,58,42,158,247,246,263,263,255,174,222,166,197,259,173,,102,,,143,233,240,241,200,257,271,169,143,128,200,97,218,196,293,184,121,242,212,172,190,216,108,99,194,142,117,154,201,141,145,42,7,206,219,79,243,230,218,288,,,107,105,,,140,232,111,203,137,166,172,143,219,229,103,84,187,153,144,130,98,93,85,72,28,247,206,195,,151,,,b'\x11\xe8\xe1I\xcc\r\xd7\xde\xaf\x82\x12\xdf\x17\xaeN\x1e'
11E8E149-CC0D-D7DE-AF82-12DF17AE4E1E,2020-ncaa-d0-natl,ncaa,123,81,260,114,274,161,214,260,129,305,337,58,51,30,149,17,92,194,14,192,21,254,269,81,57,73,20,39,92,237,191,165,74,204,106,207,182,112,172,161,295,271,115,108,,,129,224,,,101,272,175,97,87,173,205,284,335,28,14,60,143,141,195,197,218,80,125,167,165,266,93,,202,,,100,91,110,93,153,149,169,126,81,68,162,71,153,164,126,164,172,99,64,122,125,176,114,100,226,54,74,82,191,57,106,80,101,270,235,173,147,200,248,338,,,126,44,,,101,81,78,153,97,159,169,181,212,243,101,83,204,224,224,196,149,101,143,121,107,236,197,271,,59,,,b'\x11\xe8\xe1I\xcc\r\xd7\xde\xaf\x82\x12\xdf\x17\xaeN\x1e'
11E8E149-CC0D-D7DE-AF82-12DF17AE4E1E,2020-ncaa-d1-conf-MVC,ncaa,5,5,1,5,3,6,5,2,8,8,8,3,2,1,6,1,6,8,4,8,6,4,3,6,6,6,2,2,8,3,3,3,4,2,5,6,5,6,6,5,9,10,4,5,,,2,2,,,5,6,5,3,6,5,2,8,8,2,1,6,8,8,4,3,3,3,2,6,6,9,4,,2,,,5,4,5,7,3,7,10,2,2,2,6,1,3,2,4,2,1,8,7,2,2,4,1,1,5,5,4,6,3,7,5,4,3,9,9,6,7,6,8,8,,,7,7,,,5,5,6,5,6,4,5,7,7,10,2,2,3,2,2,8,7,5,6,7,4,9,7,8,,7,,,b'\x11\xe8\xe1I\xcc\r\xd7\xde\xaf\x82\x12\xdf\x17\xaeN\x1e'
11E8E149-CC0D-D7DE-AF82-12DF17AE4E1E,2020-ncaa-d1-natl,ncaa,114,81,257,107,270,148,206,260,132,306,336,64,44,27,143,18,83,177,17,173,20,254,276,86,59,73,21,38,93,232,193,149,64,205,108,211,196,124,173,164,285,271,98,94,,,131,210,,,105,269,177,97,90,172,208,290,333,32,16,63,140,139,199,199,215,87,131,181,161,267,85,,189,,,101,106,115,109,160,152,183,125,92,68,208,76,153,170,138,167,164,107,69,137,141,189,129,111,212,47,64,89,193,62,108,83,96,257,229,160,161,205,268,343,,,94,37,,,105,87,75,151,101,158,163,172,199,237,110,84,191,210,209,179,143,81,143,117,103,235,201,291,,52,,,b'\x11\xe8\xe1I\xcc\r\xd7\xde\xaf\x82\x12\xdf\x17\xaeN\x1e'
11E8E149-CC0D-D7DE-AF82-12DF17AE4E1E,2021-ncaa-d0-natl,ncaa,44,227,5,130,5,19,30,17,148,75,85,89,8,3,106,22,12,20,41,19,28,17,12,89,75,76,17,28,117,56,256,12,97,16,169,21,70,320,105,92,53,190,27,118,,,323,115,,,77,11,175,61,103,145,173,276,319,24,22,78,129,130,165,199,245,106,169,91,95,191,71,,123,,,95,335,333,334,178,340,342,112,186,194,167,9,339,326,300,324,77,334,333,110,138,154,27,24,213,313,97,341,256,341,169,287,45,33,184,115,334,218,333,318,,,10,119,,,77,334,89,131,92,159,178,183,267,322,34,15,206,171,173,180,161,117,215,170,83,188,205,245,,135,,,b'\x11\xe8\xe1I\xcc\r\xd7\xde\xaf\x82\x12\xdf\x17\xaeN\x1e'
11E8E149-CC0D-D7DE-AF82-12DF17AE4E1E,2021-ncaa-d1-conf-MVC,ncaa,4,4,5,5,5,3,3,3,5,7,9,2,1,2,4,2,1,4,1,4,2,3,3,3,3,4,2,2,5,6,6,3,7,3,4,3,3,7,6,5,6,8,3,4,,,5,4,,,3,3,2,6,2,4,4,7,9,2,2,2,4,5,4,4,5,3,4,3,8,6,3,,6,,,3,6,6,7,5,10,10,3,1,1,5,1,7,7,7,7,1,7,8,2,2,3,1,1,7,6,7,5,6,7,4,2,1,4,6,3,7,7,5,8,,,4,4,,,3,8,4,4,3,4,8,8,9,10,1,1,6,6,6,7,6,6,6,6,3,4,8,5,,3,,,b'\x11\xe8\xe1I\xcc\r\xd7\xde\xaf\x82\x12\xdf\x17\xaeN\x1e'
11E8E149-CC0D-D7DE-AF82-12DF17AE4E1E,2021-ncaa-d1-natl,ncaa,46,225,6,133,6,23,35,18,154,82,99,97,9,3,106,20,14,21,43,20,27,18,13,92,77,77,17,28,110,65,262,14,99,18,179,24,71,313,108,93,63,200,27,121,,,315,116,,,81,12,179,59,106,152,179,284,322,24,22,78,134,136,170,200,249,111,175,96,97,199,71,,122,,,102,333,331,333,184,340,342,119,175,175,176,9,334,317,301,316,76,333,333,117,144,162,27,23,215,309,99,338,262,338,179,282,44,38,192,123,331,222,332,321,,,14,116,,,81,333,95,139,99,165,186,185,273,324,34,15,209,173,175,184,160,121,214,174,87,192,207,248,,136,,,b'\x11\xe8\xe1I\xcc\r\xd7\xde\xaf\x82\x12\xdf\x17\xaeN\x1e'
11E8E149-CC0D-D7DE-AF82-12DF17AE4E1E,2022-ncaa-d0-natl,ncaa,57,87,27,75,51,53,61,60,102,93,144,49,45,28,167,61,67,107,25,105,115,65,80,87,71,52,85,97,187,139,234,36,26,57,97,65,126,97,42,47,222,288,31,78,,,182,74,,,49,69,230,354,100,113,157,185,275,74,56,132,197,199,176,259,242,67,119,111,23,300,51,,45,,,50,235,278,299,127,318,337,98,72,87,95,24,149,168,109,178,41,297,276,85,64,94,16,31,105,116,26,317,234,266,97,175,62,158,248,168,75,35,320,316,,,109,192,,,49,292,55,73,45,68,126,147,219,300,20,19,70,78,80,125,78,35,188,97,76,279,27,293,,232,,,b'\x11\xe8\xe1I\xcc\r\xd7\xde\xaf\x82\x12\xdf\x17\xaeN\x1e'
11E8E149-CC0D-D7DE-AF82-12DF17AE4E1E,2022-ncaa-d1-conf-MVC,ncaa,2,4,1,4,1,2,2,1,6,5,5,2,3,2,8,4,4,6,1,6,6,2,2,5,4,3,4,4,7,5,5,2,3,3,4,2,4,6,3,3,7,8,1,3,,,3,1,,,2,2,5,10,2,3,5,6,7,4,3,6,6,6,5,5,5,3,3,2,3,8,2,,1,,,3,4,8,9,4,9,10,4,1,1,3,1,2,2,1,2,1,9,9,2,1,2,1,1,2,5,3,9,5,7,4,4,2,5,6,5,6,3,8,7,,,4,5,,,2,9,3,4,2,4,4,5,9,10,1,1,2,2,2,5,4,4,6,5,4,6,3,5,,6,,,b'\x11\xe8\xe1I\xcc\r\xd7\xde\xaf\x82\x12\xdf\x17\xaeN\x1e'
11E8E149-CC0D-D7DE-AF82-12DF17AE4E1E,2022-ncaa-d1-natl,ncaa,48,87,16,81,31,44,50,45,99,83,149,49,39,23,150,52,61,99,23,101,109,45,70,73,63,40,71,85,187,147,246,30,26,44,101,46,111,81,31,27,197,266,27,82,,,172,70,,,32,56,218,353,86,104,155,190,278,62,50,126,194,199,167,260,248,65,127,91,18,285,54,,43,,,38,227,275,310,120,319,343,95,57,76,86,15,149,166,114,177,41,308,290,80,64,92,14,24,110,120,26,324,246,287,101,176,63,137,224,153,67,29,327,325,,,99,209,,,32,311,43,64,33,66,123,142,217,302,15,14,73,75,83,117,79,33,203,106,73,259,22,296,,238,,,b'\x11\xe8\xe1I\xcc\r\xd7\xde\xaf\x82\x12\xdf\x17\xaeN\x1e'
11E8E149-CC0D-D7DE-AF82-12DF17AE4E1E,2023-ncaa-d0-natl,ncaa,47,52,46,53,75,38,45,63,42,94,172,35,16,23,34,54,78,64,244,64,53,56,90,24,29,16,56,49,248,200,276,51,31,86,145,96,264,37,12,41,161,206,80,69,,,265,196,,,47,62,135,287,31,42,86,136,264,16,40,125,102,107,89,194,274,65,151,131,12,215,96,,173,,,50,302,284,297,145,206,195,194,322,336,141,326,251,226,271,234,228,300,278,186,182,230,301,302,174,111,31,323,276,280,145,308,296,187,255,291,129,83,170,155,,,64,99,,,47,292,29,186,53,197,181,196,111,68,295,321,180,153,167,196,136,45,244,160,256,258,79,113,,120,,,b'\x11\xe8\xe1I\xcc\r\xd7\xde\xaf\x82\x12\xdf\x17\xaeN\x1e'
11E8E149-CC0D-D7DE-AF82-12DF17AE4E1E,2023-ncaa-d1-conf-MVC,ncaa,3,3,3,3,6,3,5,5,3,5,5,3,2,3,2,3,5,6,3,6,7,5,5,3,3,1,3,2,8,6,7,3,3,4,3,5,8,1,1,1,4,4,5,5,,,4,4,,,2,5,6,5,2,4,3,4,6,1,2,5,6,6,3,5,6,2,3,5,1,4,5,,4,,,2,2,3,5,4,2,4,4,5,7,2,11,5,3,8,3,5,4,7,4,4,3,9,8,6,4,3,8,7,7,3,5,8,4,4,3,3,5,2,3,,,5,6,,,2,8,1,2,2,2,3,4,2,3,4,8,4,3,3,3,4,4,9,6,6,4,3,2,,6,,,b'\x11\xe8\xe1I\xcc\r\xd7\xde\xaf\x82\x12\xdf\x17\xaeN\x1e'
11E8E149-CC0D-D7DE-AF82-12DF17AE4E1E,2023-ncaa-d1-natl,ncaa,52,52,56,55,91,41,49,73,42,112,214,36,19,30,33,54,95,80,246,80,54,69,110,26,31,16,54,49,242,237,290,59,34,114,158,114,271,25,13,44,191,222,89,70,,,241,205,,,49,76,140,287,35,47,97,151,273,17,39,124,99,105,95,203,287,71,169,142,12,224,98,,177,,,52,289,265,282,166,179,150,207,319,330,151,327,236,204,272,219,228,279,254,208,203,256,300,302,174,86,34,310,290,252,158,304,293,213,272,306,112,83,156,166,,,83,88,,,49,274,29,207,59,210,194,202,118,71,300,325,189,156,175,202,138,45,250,163,264,276,80,119,,121,,,b'\x11\xe8\xe1I\xcc\r\xd7\xde\xaf\x82\x12\xdf\x17\xaeN\x1e'
11E8E149-CC0D-D7DE-AF82-12DF17AE4E1E,2024-ncaa-d0-natl,ncaa,154,176,94,173,114,64,59,77,57,71,133,45,47,56,77,90,165,167,161,165,195,86,120,48,63,36,156,94,299,208,266,101,114,130,196,122,292,37,19,59,152,180,157,172,,,239,173,,,122,97,106,219,44,37,53,67,174,56,62,190,204,207,72,159,247,101,162,130,21,176,182,,196,,,121,316,304,282,251,225,189,220,352,329,338,315,210,203,223,209,196,277,261,296,283,323,324,341,105,185,114,296,266,266,196,329,304,214,277,332,47,34,340,318,,,159,219,,,122,264,46,299,120,298,291,266,172,131,350,333,174,172,177,258,229,145,252,221,322,262,36,331,,212,,,b'\x11\xe8\xe1I\xcc\r\xd7\xde\xaf\x82\x12\xdf\x17\xaeN\x1e'
11E8E149-CC0D-D7DE-AF82-12DF17AE4E1E,2024-ncaa-d1-conf-MVC,ncaa,4,4,3,4,5,3,2,4,2,4,5,2,3,5,2,6,10,11,4,11,11,4,5,2,2,1,9,4,12,7,7,3,6,3,4,5,12,1,1,3,5,6,6,6,,,5,4,,,2,5,5,5,3,1,2,3,5,4,5,11,11,11,2,7,7,3,3,5,1,5,6,,5,,,2,4,4,8,1,1,3,2,12,12,5,12,5,5,3,4,7,7,8,2,3,4,12,12,6,8,6,4,7,4,4,8,12,9,8,9,1,1,11,10,,,11,11,,,2,7,1,5,2,4,3,7,2,2,12,12,5,5,4,6,6,8,4,4,9,9,1,10,,11,,,b'\x11\xe8\xe1I\xcc\r\xd7\xde\xaf\x82\x12\xdf\x17\xaeN\x1e'
11E8E149-CC0D-D7DE-AF82-12DF17AE4E1E,2024-ncaa-d1-natl,ncaa,172,177,130,184,153,81,75,99,62,92,171,51,57,64,79,88,184,197,160,196,197,112,154,51,67,39,150,94,300,239,280,128,127,172,213,145,296,16,20,66,179,201,178,176,,,215,183,,,144,125,113,206,52,40,60,82,186,57,64,193,208,209,77,169,258,115,182,143,21,187,188,,200,,,144,304,290,261,261,201,154,230,350,322,344,315,187,182,230,188,202,254,226,306,295,330,327,343,103,154,127,270,280,236,213,327,306,257,292,339,39,34,339,322,,,191,210,,,144,237,49,316,144,307,300,271,193,135,352,337,180,176,181,268,228,152,264,230,327,275,36,338,,215,,,b'\x11\xe8\xe1I\xcc\r\xd7\xde\xaf\x82\x12\xdf\x17\xaeN\x1e'
11E8E149-CC0D-D7DE-AF82-12DF17AE4E1E,2025-ncaa-d0-natl,genius_ncaa,147,199,54,177,71,52,46,55,57,53,72,83,53,107,30,181,119,119,196,114,222,61,80,51,68,45,180,135,276,231,314,93,107,136,254,101,275,57,31,60,68,89,70,60,,,208,102,,204,118,56,77,232,47,47,62,60,108,67,133,179,171,171,72,160,285,154,236,130,31,90,81,,118,,156,120,335,320,283,261,233,203,251,348,328,331,320,295,236,358,245,238,288,290,312,323,294,327,321,182,165,107,337,314,304,254,346,315,88,143,245,33,14,122,56,,,115,195,,176,118,305,65,260,127,288,254,196,138,82,339,317,239,169,175,194,222,99,305,228,323,136,16,85,,184,,218,b'\x11\xe8\xe1I\xcc\r\xd7\xde\xaf\x82\x12\xdf\x17\xaeN\x1e'
11E8E149-CC0D-D7DE-AF82-12DF17AE4E1E,2025-ncaa-d1-conf-MVC,genius_ncaa,6,6,3,6,5,5,6,4,6,4,3,6,5,6,5,7,6,7,6,7,9,4,6,5,5,5,7,7,10,8,9,8,8,7,8,7,10,2,3,5,2,2,3,2,,,5,4,,5,6,4,6,3,5,5,4,4,4,5,7,7,6,6,4,6,8,8,8,7,3,2,3,,5,,5,6,7,6,5,7,3,2,6,9,8,8,10,9,6,12,7,10,5,9,7,7,6,11,10,8,7,8,11,9,8,8,8,6,3,3,4,1,1,2,1,,,6,7,,9,6,9,6,7,6,6,6,5,4,2,9,9,9,6,7,4,7,7,8,8,8,2,1,3,,7,,9,b'\x11\xe8\xe1I\xcc\r\xd7\xde\xaf\x82\x12\xdf\x17\xaeN\x1e'
11E8E149-CC0D-D7DE-AF82-12DF17AE4E1E,2025-ncaa-d1-natl,genius_ncaa,161,199,72,184,88,60,53,68,60,63,86,87,69,121,31,181,144,148,197,144,217,76,105,55,73,47,177,134,276,257,319,119,114,175,266,117,280,43,34,63,83,98,71,61,,,186,107,,191,131,77,84,228,52,51,67,65,112,72,140,183,173,172,74,169,292,157,253,138,31,99,83,,123,,160,132,329,306,263,275,206,167,262,345,324,336,319,278,219,359,224,243,271,273,324,333,310,327,322,182,143,114,328,319,290,266,342,319,101,152,266,27,14,106,60,,,132,185,,184,131,282,69,278,136,294,264,200,145,81,339,319,244,177,180,199,220,105,310,239,328,149,16,86,,185,,212,b'\x11\xe8\xe1I\xcc\r\xd7\xde\xaf\x82\x12\xdf\x17\xaeN\x1e'
11E8E149-CC0D-D7DE-AF82-12DF17AE4E1E,2026-ncaa-d0-natl,genius_ncaa,163,198,116,199,142,202,193,184,233,211,211,228,130,120,194,93,256,231,268,221,214,190,199,212,237,222,131,87,264,296,347,72,113,133,230,200,205,184,194,208,201,228,52,33,,,184,146,,205,185,169,205,97,262,245,242,264,269,148,137,301,282,277,271,297,339,28,131,240,159,228,40,,143,,183,185,136,132,231,32,91,183,38,247,284,103,284,125,139,112,145,125,216,190,39,29,59,282,304,135,233,113,303,347,287,230,150,197,203,243,175,105,97,260,282,,,190,210,,113,185,185,263,77,186,77,71,242,50,141,219,283,87,103,103,208,154,214,324,301,110,252,80,248,,254,,124,b'\x11\xe8\xe1I\xcc\r\xd7\xde\xaf\x82\x12\xdf\x17\xaeN\x1e'
11E8E149-CC0D-D7DE-AF82-12DF17AE4E1E,2026-ncaa-d1-conf-MVC,genius_ncaa,1,1,1,1,1,1,1,4,1,2,4,1,1,1,2,1,1,1,1,1,1,4,4,1,1,1,1,1,2,4,4,2,3,2,2,3,4,1,2,2,1,1,1,2,,,2,2,,2,2,2,3,1,1,1,4,2,4,1,1,1,1,1,4,4,4,2,2,3,1,1,1,,2,,2,2,2,2,3,2,2,3,1,3,1,4,2,2,1,2,1,1,3,2,2,2,2,3,2,2,3,3,1,4,1,2,3,2,2,2,2,2,2,2,4,,,2,2,,4,2,2,1,2,2,2,2,3,2,3,3,1,2,1,1,3,2,3,1,1,3,2,2,2,,2,,4,b'\x11\xe8\xe1I\xcc\r\xd7\xde\xaf\x82\x12\xdf\x17\xaeN\x1e'
11E8E149-CC0D-D7DE-AF82-12DF17AE4E1E,2026-ncaa-d1-natl,genius_ncaa,203,195,177,216,197,281,271,265,269,292,287,261,184,169,211,94,306,294,269,286,210,273,276,248,272,255,116,87,253,346,358,103,127,206,271,272,223,141,211,244,276,269,63,35,,,130,166,,178,225,240,221,100,293,287,279,302,287,171,145,307,294,283,302,309,349,32,162,277,170,265,42,,156,,198,225,85,89,176,38,59,131,45,218,251,125,287,88,104,124,104,130,160,122,52,40,90,280,298,133,190,127,273,358,248,271,111,201,284,275,223,70,106,241,302,,,254,203,,131,225,113,292,108,227,100,92,255,69,150,242,289,100,117,119,220,145,224,337,314,137,273,77,267,,252,,122,b'\x11\xe8\xe1I\xcc\r\xd7\xde\xaf\x82\x12\xdf\x17\xaeN\x1e'
11E8E149-CC12-47F6-AF82-12DF17AE4E1E,2010-ncaa-d0-natl,ncaa,197,224,122,217,140,174,219,127,301,258,221,293,81,49,223,53,107,104,153,98,52,123,128,277,259,231,38,65,72,83,112,140,273,99,204,197,163,168,143,206,127,144,193,178,,,148,109,,,259,157,178,124,205,261,121,298,253,77,44,103,108,102,113,130,61,143,88,213,168,128,209,,129,,,254,274,278,273,202,172,112,264,340,339,198,336,67,87,65,84,128,245,222,267,220,255,284,332,25,302,273,260,112,297,204,339,340,198,249,331,56,57,301,317,,,141,182,,,259,190,207,303,253,268,288,296,160,80,342,341,62,85,84,263,236,301,257,290,338,223,66,293,,150,,,b'\x11\xe8\xe1I\xcc\x12G\xf6\xaf\x82\x12\xdf\x17\xaeN\x1e'
11E8E149-CC12-47F6-AF82-12DF17AE4E1E,2010-ncaa-d1-conf-Mountain West,ncaa,7,7,6,7,7,7,8,7,9,9,7,8,5,3,9,3,2,3,3,2,1,6,5,9,8,8,3,4,1,2,2,6,4,4,4,8,8,5,4,7,5,6,8,8,,,3,3,,,7,7,3,3,5,8,2,7,3,5,3,2,2,1,2,2,1,4,1,8,5,4,8,,5,,,7,7,7,6,7,4,3,8,8,9,7,9,1,1,1,1,3,6,3,7,7,8,7,9,2,6,4,5,2,7,4,8,8,7,7,8,2,2,7,7,,,3,5,,,7,3,7,8,8,8,8,8,7,4,8,9,1,3,3,8,7,6,7,8,8,5,3,7,,1,,,b'\x11\xe8\xe1I\xcc\x12G\xf6\xaf\x82\x12\xdf\x17\xaeN\x1e'
11E8E149-CC12-47F6-AF82-12DF17AE4E1E,2010-ncaa-d1-natl,ncaa,206,223,134,223,155,189,237,142,305,279,237,296,87,52,226,53,116,114,154,106,50,137,140,281,266,236,39,64,70,87,115,154,276,110,213,206,165,157,144,209,136,152,204,182,,,128,110,,,266,174,179,125,209,266,125,302,255,79,44,102,107,102,116,131,64,148,89,222,169,133,214,,135,,,260,266,273,267,207,160,99,271,338,338,204,335,62,80,66,75,131,233,204,272,224,267,284,333,26,299,276,251,115,290,213,339,340,220,252,333,48,58,299,320,,,156,183,,,266,172,208,309,264,277,296,299,162,81,342,342,65,85,83,264,235,305,258,291,338,230,66,299,,150,,,b'\x11\xe8\xe1I\xcc\x12G\xf6\xaf\x82\x12\xdf\x17\xaeN\x1e'
11E8E149-CC12-47F6-AF82-12DF17AE4E1E,2011-ncaa-d0-natl,ncaa,229,264,119,252,142,179,253,140,327,257,172,322,181,127,287,149,27,32,70,32,14,105,106,322,275,247,40,173,6,27,26,137,115,56,40,229,142,176,140,230,141,132,160,137,,,252,281,,,185,168,222,192,204,292,156,289,196,188,132,16,22,22,93,103,8,150,29,247,175,149,166,,250,,,182,158,111,136,120,96,89,168,177,218,89,242,256,258,176,257,288,162,157,139,169,173,267,195,274,127,115,173,26,153,40,295,337,190,186,269,39,30,330,330,,,96,135,,,185,178,190,157,181,136,101,100,84,55,167,228,251,249,249,132,108,113,152,136,279,207,42,327,,96,,,b'\x11\xe8\xe1I\xcc\x12G\xf6\xaf\x82\x12\xdf\x17\xaeN\x1e'
11E8E149-CC12-47F6-AF82-12DF17AE4E1E,2011-ncaa-d1-conf-Mountain West,ncaa,8,8,5,8,6,7,9,5,9,9,4,9,6,6,9,7,1,1,5,1,1,3,3,9,9,9,1,7,1,1,1,8,8,3,5,9,9,6,5,9,2,1,8,8,,,6,6,,,8,5,2,6,5,9,2,9,2,6,5,1,1,1,1,1,1,8,1,9,7,1,8,,7,,,8,7,7,3,7,5,2,7,7,6,6,7,6,6,7,6,8,5,5,7,7,7,6,6,5,5,8,6,1,6,5,8,9,3,2,8,2,1,9,9,,,1,2,,,8,5,7,7,8,8,8,5,7,3,7,7,7,7,7,7,8,6,9,8,8,2,2,9,,1,,,b'\x11\xe8\xe1I\xcc\x12G\xf6\xaf\x82\x12\xdf\x17\xaeN\x1e'
11E8E149-CC12-47F6-AF82-12DF17AE4E1E,2011-ncaa-d1-natl,ncaa,242,262,132,255,163,198,273,160,330,278,190,323,194,137,289,146,33,36,68,36,14,124,127,322,277,247,38,170,5,29,27,164,115,68,42,236,145,156,145,233,153,139,166,139,,,234,281,,,195,204,223,190,210,297,158,290,198,189,131,16,22,22,99,105,10,156,30,254,177,155,169,,251,,,193,137,98,112,126,84,70,173,166,206,91,241,245,246,182,243,290,137,127,142,171,184,267,195,274,110,115,151,27,128,42,290,337,212,192,276,30,28,329,332,,,113,133,,,195,147,196,166,188,142,104,102,88,55,168,229,252,249,250,137,105,118,154,139,281,215,43,331,,97,,,b'\x11\xe8\xe1I\xcc\x12G\xf6\xaf\x82\x12\xdf\x17\xaeN\x1e'
11E8E149-CC12-47F6-AF82-12DF17AE4E1E,2012-ncaa-d0-natl,ncaa,59,54,81,64,93,114,149,121,204,133,127,186,190,154,257,184,33,28,152,28,33,96,92,223,179,174,132,227,25,34,22,143,154,62,43,166,164,223,169,194,103,103,52,41,,,168,150,,,88,138,249,129,156,202,186,171,177,210,179,28,35,34,141,144,37,209,78,196,179,124,60,,114,,,86,126,109,166,83,77,120,76,221,222,211,244,156,131,236,121,162,154,190,111,122,84,271,271,192,178,154,98,22,128,43,259,328,84,75,162,57,40,234,207,,,42,41,,,88,190,116,84,98,69,55,71,38,50,190,189,121,104,100,58,87,135,48,63,220,116,46,201,,39,,,b'\x11\xe8\xe1I\xcc\x12G\xf6\xaf\x82\x12\xdf\x17\xaeN\x1e'
11E8E149-CC12-47F6-AF82-12DF17AE4E1E,2012-ncaa-d1-conf-Mountain West,ncaa,2,2,5,2,5,5,4,4,3,3,5,5,7,6,4,7,4,3,7,3,3,3,4,3,6,5,4,6,5,2,1,6,4,5,2,4,5,4,3,6,4,4,4,4,,,3,3,,,2,5,4,1,3,3,3,3,3,5,5,3,2,2,2,2,1,4,1,3,4,4,4,,3,,,2,2,4,1,6,3,3,6,3,3,4,6,3,3,6,3,4,1,1,6,6,3,4,5,3,2,4,2,1,2,2,3,5,3,2,3,2,2,6,5,,,2,2,,,2,2,4,2,4,4,4,2,4,4,5,5,3,3,3,2,4,3,3,4,5,1,2,6,,2,,,b'\x11\xe8\xe1I\xcc\x12G\xf6\xaf\x82\x12\xdf\x17\xaeN\x1e'
11E8E149-CC12-47F6-AF82-12DF17AE4E1E,2012-ncaa-d1-natl,ncaa,68,54,90,65,102,136,175,145,213,147,143,194,199,159,260,184,38,31,152,32,30,111,104,232,186,177,128,226,24,37,23,159,158,75,45,187,168,201,170,201,118,110,58,42,,,147,152,,,92,167,251,125,164,210,192,182,182,210,179,27,34,33,147,149,36,219,87,209,182,132,60,,114,,,90,106,83,136,90,68,101,79,212,210,215,244,144,119,239,110,162,123,158,117,130,92,268,270,195,161,158,77,23,105,45,253,328,96,79,169,49,41,225,211,,,48,37,,,92,157,120,95,102,74,60,76,43,52,192,187,125,104,101,59,87,140,48,64,225,119,46,209,,40,,,b'\x11\xe8\xe1I\xcc\x12G\xf6\xaf\x82\x12\xdf\x17\xaeN\x1e'
11E8E149-CC12-47F6-AF82-12DF17AE4E1E,2013-ncaa-d0-natl,ncaa,212,244,120,231,152,143,186,158,216,159,150,218,226,204,242,226,18,25,99,25,30,129,92,239,174,207,132,238,10,144,169,125,243,125,199,151,110,299,251,231,90,121,138,162,,,106,40,,,245,83,43,195,132,212,182,179,150,231,216,8,15,15,125,63,155,103,120,156,283,85,148,,93,,,241,298,312,298,252,279,229,280,318,319,193,300,72,112,40,115,88,286,274,274,236,241,166,287,24,288,243,222,169,272,199,338,326,135,207,304,281,225,241,216,,,70,88,,,245,264,209,251,241,293,314,328,289,233,311,325,67,99,102,321,311,292,212,265,338,143,267,239,,46,,,b'\x11\xe8\xe1I\xcc\x12G\xf6\xaf\x82\x12\xdf\x17\xaeN\x1e'
11E8E149-CC12-47F6-AF82-12DF17AE4E1E,2013-ncaa-d1-conf-Mountain West,ncaa,5,4,6,5,6,4,8,8,5,8,7,7,6,7,4,7,1,1,3,1,1,6,5,6,5,5,3,5,1,8,6,4,6,4,5,7,5,6,7,7,3,3,5,5,,,4,5,,,6,5,2,1,4,7,7,7,6,5,7,1,1,1,4,2,5,3,3,6,8,2,5,,6,,,6,5,6,7,4,5,3,5,8,8,2,8,5,5,4,5,6,8,7,5,4,4,5,8,5,7,6,4,6,7,5,7,8,6,5,7,5,6,4,5,,,1,2,,,6,5,4,6,4,7,7,9,6,6,8,8,6,6,6,9,9,8,5,7,7,3,7,5,,1,,,b'\x11\xe8\xe1I\xcc\x12G\xf6\xaf\x82\x12\xdf\x17\xaeN\x1e'
11E8E149-CC12-47F6-AF82-12DF17AE4E1E,2013-ncaa-d1-natl,ncaa,221,243,136,240,178,154,207,182,221,179,166,221,229,215,243,227,21,27,98,28,29,142,109,245,180,210,127,237,9,161,176,139,251,142,207,164,111,289,253,236,109,131,145,163,,,94,40,,,249,99,43,189,138,221,186,187,155,234,216,9,17,17,134,66,156,105,126,163,283,93,152,,92,,,249,288,309,293,256,274,217,284,315,316,194,297,64,103,40,104,87,274,264,278,238,248,166,283,26,281,251,206,176,261,207,337,326,144,213,310,268,228,234,218,,,76,85,,,249,248,216,259,249,297,316,328,292,236,311,326,70,101,103,321,307,295,215,266,338,145,267,242,,46,,,b'\x11\xe8\xe1I\xcc\x12G\xf6\xaf\x82\x12\xdf\x17\xaeN\x1e'
11E8E149-CC12-47F6-AF82-12DF17AE4E1E,2014-ncaa-d0-natl,ncaa,197,246,85,228,123,138,159,131,216,130,69,280,212,266,49,290,59,90,97,90,170,114,94,234,192,224,174,231,54,153,186,140,194,137,195,89,59,291,245,168,48,45,160,162,,,177,104,,,198,81,88,270,184,213,181,164,96,225,282,74,99,99,159,123,185,192,195,93,264,47,171,,131,,,196,254,266,246,227,225,184,242,304,294,243,293,93,94,208,94,95,223,261,254,227,169,209,295,50,224,194,245,186,242,195,337,328,63,71,208,296,246,298,236,,,105,164,,,198,262,236,164,201,207,241,206,193,122,297,292,76,70,71,165,233,177,197,194,317,66,257,290,,152,,,b'\x11\xe8\xe1I\xcc\x12G\xf6\xaf\x82\x12\xdf\x17\xaeN\x1e'
11E8E149-CC12-47F6-AF82-12DF17AE4E1E,2014-ncaa-d1-conf-Mountain West,ncaa,6,6,3,6,6,7,8,6,8,7,4,9,7,10,2,9,3,4,4,4,5,7,4,8,6,7,6,8,3,5,5,7,7,8,6,3,3,9,9,7,1,1,8,6,,,7,7,,,8,4,3,9,8,10,6,6,4,7,10,4,4,4,6,4,5,8,7,3,8,1,7,,6,,,8,8,8,4,8,5,5,8,9,8,8,8,4,4,7,4,5,4,7,7,6,6,7,8,4,6,7,5,5,4,6,8,9,1,2,6,10,10,10,10,,,5,5,,,8,7,9,6,8,8,8,4,5,5,8,7,5,5,4,5,8,7,5,5,8,2,10,10,,4,,,b'\x11\xe8\xe1I\xcc\x12G\xf6\xaf\x82\x12\xdf\x17\xaeN\x1e'
11E8E149-CC12-47F6-AF82-12DF17AE4E1E,2014-ncaa-d1-natl,ncaa,211,244,100,232,139,159,181,151,220,147,85,285,221,274,49,290,70,97,101,95,172,138,116,240,196,227,174,235,54,173,193,169,202,163,204,100,62,279,249,174,56,52,169,162,,,159,110,,,210,95,90,273,191,217,185,167,96,229,283,74,101,101,164,130,192,203,200,97,266,53,174,,132,,,207,233,255,224,232,211,166,254,299,288,246,293,88,82,211,83,95,202,250,268,236,173,210,293,52,200,202,226,193,219,204,332,328,76,73,215,280,246,296,241,,,118,166,,,210,248,242,174,212,213,247,208,196,123,296,287,77,70,70,163,229,185,204,198,319,69,258,293,,153,,,b'\x11\xe8\xe1I\xcc\x12G\xf6\xaf\x82\x12\xdf\x17\xaeN\x1e'
11E8E149-CC12-47F6-AF82-12DF17AE4E1E,2015-ncaa-d0-natl,ncaa,208,209,172,219,207,99,152,93,257,135,80,261,209,191,235,254,11,7,208,6,16,62,62,272,233,205,135,255,7,35,29,156,227,69,91,163,179,225,140,204,99,114,221,236,,,261,208,,,192,82,11,132,49,136,34,109,43,202,185,2,2,2,10,8,10,124,14,154,251,74,219,,285,,,192,299,268,246,234,235,189,250,274,285,181,253,270,252,304,247,240,257,272,241,258,220,249,230,221,235,227,202,29,228,91,313,304,97,127,212,183,112,273,216,,,42,91,,,192,268,149,227,192,315,304,309,274,229,289,297,289,273,266,319,333,269,238,252,324,69,198,287,,10,,,b'\x11\xe8\xe1I\xcc\x12G\xf6\xaf\x82\x12\xdf\x17\xaeN\x1e'
11E8E149-CC12-47F6-AF82-12DF17AE4E1E,2015-ncaa-d1-conf-Mountain West,ncaa,6,5,7,6,7,4,6,3,8,6,4,10,6,7,6,7,1,1,8,1,1,3,3,9,7,7,6,6,1,1,3,6,9,3,7,9,8,8,5,8,4,5,9,8,,,9,8,,,7,3,2,2,3,4,2,5,1,6,7,1,1,1,2,1,1,3,1,7,8,3,9,,10,,,7,8,8,9,8,5,4,8,9,9,8,10,7,6,8,6,7,8,9,9,8,8,9,9,8,9,9,8,3,9,7,9,10,4,4,6,5,5,7,7,,,2,2,,,7,9,5,8,6,9,9,10,7,7,10,10,8,9,7,9,10,10,8,9,9,3,6,8,,1,,,b'\x11\xe8\xe1I\xcc\x12G\xf6\xaf\x82\x12\xdf\x17\xaeN\x1e'
11E8E149-CC12-47F6-AF82-12DF17AE4E1E,2015-ncaa-d1-natl,ncaa,222,207,209,225,240,124,185,115,264,156,92,267,219,200,238,254,13,8,212,7,15,68,72,276,240,212,132,252,6,40,32,183,233,83,97,188,186,211,147,211,112,123,236,241,,,249,208,,,209,103,12,124,53,147,37,113,44,203,182,2,2,2,10,8,11,132,18,157,251,80,224,,290,,,210,283,249,213,244,223,159,257,266,269,190,254,264,241,305,236,238,230,248,248,269,237,247,228,218,218,233,183,32,206,97,306,306,113,131,218,168,113,265,222,,,47,88,,,209,247,158,244,209,318,304,310,282,234,289,296,291,277,272,317,334,275,239,256,324,73,200,291,,10,,,b'\x11\xe8\xe1I\xcc\x12G\xf6\xaf\x82\x12\xdf\x17\xaeN\x1e'
11E8E149-CC12-47F6-AF82-12DF17AE4E1E,2016-ncaa-d0-natl,ncaa,136,137,114,147,165,187,197,89,315,190,75,329,191,187,209,237,153,130,245,125,218,90,98,308,312,285,172,194,117,12,20,104,47,41,38,296,331,183,123,289,88,68,176,153,,,118,139,,,141,167,196,280,226,239,73,213,70,204,197,170,143,139,74,75,7,97,11,321,175,86,185,,107,,,142,96,91,140,98,67,93,98,222,224,211,276,92,97,155,93,143,123,154,126,112,90,268,290,133,62,47,226,20,143,38,220,314,107,91,158,70,48,228,147,,,194,277,,,141,179,209,72,139,71,81,89,47,57,223,224,83,86,82,63,85,54,188,119,206,124,67,221,,225,,,b'\x11\xe8\xe1I\xcc\x12G\xf6\xaf\x82\x12\xdf\x17\xaeN\x1e'
11E8E149-CC12-47F6-AF82-12DF17AE4E1E,2016-ncaa-d1-conf-Mountain West,ncaa,4,5,1,5,2,6,6,1,10,5,1,10,5,4,6,6,4,4,5,4,8,1,1,8,8,9,4,5,4,1,1,3,1,1,1,9,11,11,6,9,2,2,4,4,,,9,8,,,7,1,4,7,7,9,2,9,2,5,4,5,5,5,2,2,1,4,1,11,8,2,6,,8,,,7,8,5,6,6,5,3,8,10,10,5,10,4,7,5,6,8,6,9,8,8,4,10,10,4,2,1,10,1,7,1,11,11,2,3,8,5,2,8,3,,,5,11,,,7,11,7,4,7,4,5,3,5,1,9,10,3,4,4,3,4,2,4,2,10,3,3,4,,7,,,b'\x11\xe8\xe1I\xcc\x12G\xf6\xaf\x82\x12\xdf\x17\xaeN\x1e'
11E8E149-CC12-47F6-AF82-12DF17AE4E1E,2016-ncaa-d1-natl,ncaa,134,137,99,146,132,190,195,77,319,188,55,331,201,193,197,247,154,127,252,125,215,82,80,317,316,292,171,192,109,9,19,98,41,34,36,308,335,211,143,301,77,63,178,152,,,123,140,,,151,154,199,282,235,247,77,211,68,209,207,167,143,139,76,76,7,93,12,330,191,79,192,,110,,,152,101,92,141,103,54,86,94,247,245,229,291,88,87,147,85,147,128,162,136,117,91,286,305,126,56,41,236,19,151,36,233,318,104,81,163,71,48,225,132,,,187,275,,,151,191,221,68,152,69,75,86,37,46,235,241,75,80,79,59,79,48,190,110,209,116,68,215,,221,,,b'\x11\xe8\xe1I\xcc\x12G\xf6\xaf\x82\x12\xdf\x17\xaeN\x1e'
11E8E149-CC12-47F6-AF82-12DF17AE4E1E,2017-ncaa-d0-natl,ncaa,79,75,74,83,99,199,222,136,305,226,160,295,169,125,276,135,144,133,216,126,125,129,118,297,297,281,109,144,108,86,124,81,6,70,50,239,240,234,202,263,67,52,158,99,,,140,149,,,122,139,244,220,281,291,212,280,233,186,144,191,175,168,214,212,103,95,81,289,195,79,177,,88,,,122,53,53,113,66,25,40,92,242,266,130,318,44,53,88,56,157,82,164,101,79,24,295,325,110,15,6,271,124,128,50,95,205,52,25,36,76,60,68,77,,,126,170,,,122,217,263,9,112,16,20,27,8,8,219,244,41,44,47,13,35,7,190,65,71,55,55,57,,191,,,b'\x11\xe8\xe1I\xcc\x12G\xf6\xaf\x82\x12\xdf\x17\xaeN\x1e'
11E8E149-CC12-47F6-AF82-12DF17AE4E1E,2017-ncaa-d1-conf-Mountain West,ncaa,3,4,3,4,5,9,10,6,10,9,6,9,9,6,11,7,3,3,8,3,3,6,5,10,10,10,7,7,3,4,4,4,2,4,1,10,11,7,8,9,2,1,7,6,,,5,6,,,5,6,7,5,9,10,6,10,8,8,7,4,4,4,6,5,4,4,3,10,8,1,7,,5,,,5,3,2,2,3,2,2,3,5,4,4,7,4,4,4,4,5,2,5,4,4,2,8,8,6,2,2,5,4,3,1,3,6,2,1,1,6,5,2,3,,,4,2,,,5,6,10,1,4,2,2,1,2,2,4,5,4,5,5,1,3,1,5,3,3,1,5,3,,3,,,b'\x11\xe8\xe1I\xcc\x12G\xf6\xaf\x82\x12\xdf\x17\xaeN\x1e'
11E8E149-CC12-47F6-AF82-12DF17AE4E1E,2017-ncaa-d1-natl,ncaa,69,75,56,80,79,185,202,105,297,210,150,290,159,130,263,152,134,122,229,113,120,104,93,288,292,276,127,152,108,73,113,64,5,47,43,227,238,259,209,256,49,45,162,100,,,185,170,,,104,108,225,228,270,274,191,263,212,188,152,186,160,153,200,188,88,88,68,281,209,66,185,,112,,,106,45,48,110,56,23,36,85,244,285,109,319,64,87,56,93,191,93,183,94,67,21,302,323,133,17,5,279,113,141,43,96,218,42,23,31,84,61,77,78,,,114,173,,,104,258,255,8,102,15,14,26,6,6,214,247,57,67,67,17,51,9,192,65,71,46,61,57,,177,,,b'\x11\xe8\xe1I\xcc\x12G\xf6\xaf\x82\x12\xdf\x17\xaeN\x1e'
11E8E149-CC12-47F6-AF82-12DF17AE4E1E,2018-ncaa-d0-natl,ncaa,99,94,117,104,119,111,144,147,158,99,107,134,250,215,286,260,20,23,104,21,31,106,94,201,144,146,218,302,19,69,49,105,48,76,44,187,252,232,183,224,131,135,259,243,,,258,246,,,143,117,129,26,105,157,162,95,120,267,237,8,15,13,100,83,66,92,58,205,219,141,267,,244,,,144,225,158,187,118,65,70,143,319,313,234,327,268,230,317,226,288,197,207,195,234,204,340,324,245,78,48,120,49,94,44,294,336,135,146,222,64,51,135,92,,,60,72,,,143,240,121,167,138,195,137,138,48,32,312,316,246,219,216,162,189,67,104,73,282,138,68,121,,53,,,b'\x11\xe8\xe1I\xcc\x12G\xf6\xaf\x82\x12\xdf\x17\xaeN\x1e'
11E8E149-CC12-47F6-AF82-12DF17AE4E1E,2018-ncaa-d1-conf-Mountain West,ncaa,2,2,8,2,8,5,6,9,3,3,7,1,9,8,9,8,2,2,6,2,1,7,7,5,3,6,8,8,1,4,1,7,3,4,1,7,7,8,9,7,3,2,8,5,,,7,9,,,3,9,5,2,3,6,8,2,5,8,8,1,1,1,5,5,2,3,2,7,10,2,7,,10,,,3,4,2,3,2,1,2,2,9,10,8,11,5,4,5,4,11,4,4,5,5,3,10,10,7,3,3,1,1,1,1,6,11,3,2,4,5,5,4,4,,,2,1,,,3,4,5,3,2,5,4,5,1,2,10,11,7,9,9,6,6,4,2,3,7,2,6,5,,2,,,b'\x11\xe8\xe1I\xcc\x12G\xf6\xaf\x82\x12\xdf\x17\xaeN\x1e'
11E8E149-CC12-47F6-AF82-12DF17AE4E1E,2018-ncaa-d1-natl,ncaa,106,94,144,106,149,130,173,181,166,122,135,141,271,237,290,262,23,28,100,28,32,135,125,211,151,152,209,299,16,83,59,128,50,97,45,215,256,212,185,232,153,147,276,248,,,237,249,,,163,146,133,26,111,166,170,101,124,270,236,9,16,15,107,86,73,101,64,224,217,153,275,,244,,,163,197,131,144,135,44,45,149,311,303,245,325,254,210,321,207,290,152,170,208,243,218,338,323,247,59,50,97,59,64,45,284,336,155,149,231,50,53,123,98,,,82,72,,,163,209,132,185,156,205,150,142,54,36,313,316,250,222,216,164,188,68,108,79,287,145,71,131,,58,,,b'\x11\xe8\xe1I\xcc\x12G\xf6\xaf\x82\x12\xdf\x17\xaeN\x1e'
11E8E149-CC12-47F6-AF82-12DF17AE4E1E,2019-ncaa-d0-natl,ncaa,220,224,173,227,192,254,246,254,236,201,150,263,289,303,228,286,159,110,297,109,116,237,212,259,259,267,259,278,62,91,44,226,56,168,54,329,343,248,254,325,189,145,246,222,,,170,268,,,203,274,277,94,269,267,282,188,127,297,307,139,89,90,238,201,76,230,142,341,249,178,247,,200,,,203,77,68,47,192,59,48,181,148,119,229,209,180,208,102,198,277,56,73,210,217,168,263,215,254,16,56,67,44,34,54,153,265,142,75,135,171,192,171,164,,,190,148,,,203,106,240,112,195,95,77,35,65,39,155,136,205,230,218,39,57,19,81,40,158,119,185,181,,162,,,b'\x11\xe8\xe1I\xcc\x12G\xf6\xaf\x82\x12\xdf\x17\xaeN\x1e'
11E8E149-CC12-47F6-AF82-12DF17AE4E1E,2019-ncaa-d1-conf-Mountain West,ncaa,6,5,7,6,9,9,9,10,7,9,6,8,9,11,5,9,5,2,10,2,2,10,9,8,7,10,7,9,2,2,1,8,2,4,1,11,11,9,11,11,9,7,9,6,,,5,10,,,6,10,8,7,8,9,9,9,5,9,10,3,1,1,9,7,1,5,2,11,10,8,9,,9,,,6,1,1,1,2,2,1,5,5,6,3,9,6,5,8,5,11,1,2,2,3,2,10,6,9,2,2,1,1,1,1,3,7,5,3,4,6,8,6,7,,,5,3,,,6,2,7,3,5,3,2,3,2,1,6,7,6,7,7,3,4,3,2,3,4,5,7,7,,2,,,b'\x11\xe8\xe1I\xcc\x12G\xf6\xaf\x82\x12\xdf\x17\xaeN\x1e'
11E8E149-CC12-47F6-AF82-12DF17AE4E1E,2019-ncaa-d1-natl,ncaa,232,224,233,234,250,285,284,299,245,240,186,275,309,313,237,288,187,139,299,141,113,279,268,270,267,275,257,277,58,123,50,266,57,209,60,342,343,217,267,329,219,156,263,228,,,142,270,,,218,314,281,86,283,283,294,209,131,302,308,141,95,97,251,212,81,242,156,346,251,188,255,,205,,,219,50,41,16,205,43,21,198,122,89,244,204,162,183,106,174,276,16,31,227,233,186,261,212,249,10,57,34,50,13,60,133,268,185,82,145,140,195,160,169,,,231,137,,,218,58,249,132,209,109,84,35,73,40,165,132,207,228,222,39,58,20,82,42,168,129,188,192,,168,,,b'\x11\xe8\xe1I\xcc\x12G\xf6\xaf\x82\x12\xdf\x17\xaeN\x1e'
11E8E149-CC12-47F6-AF82-12DF17AE4E1E,2020-ncaa-d0-natl,ncaa,197,216,87,212,112,226,207,114,298,120,39,292,307,280,330,301,168,182,158,186,282,123,91,321,313,299,299,316,114,14,18,184,128,55,51,284,298,271,224,292,78,71,278,283,,,286,305,,,194,178,226,123,256,237,124,132,40,316,290,181,190,192,127,90,12,204,48,300,251,88,291,,271,,,194,128,112,102,145,156,124,220,78,127,27,169,257,248,231,251,268,121,165,111,149,108,148,74,290,100,128,139,18,116,51,223,297,107,83,146,242,197,314,238,,,258,316,,,194,179,254,91,193,95,77,59,136,80,64,120,246,232,233,75,118,88,106,89,215,116,229,313,,285,,,b'\x11\xe8\xe1I\xcc\x12G\xf6\xaf\x82\x12\xdf\x17\xaeN\x1e'
11E8E149-CC12-47F6-AF82-12DF17AE4E1E,2020-ncaa-d1-conf-Mountain West,ncaa,5,5,8,5,11,9,9,7,8,6,4,10,11,11,11,11,4,3,8,3,5,7,7,11,10,10,10,11,2,1,1,8,4,3,1,11,11,10,10,11,5,2,8,7,,,8,11,,,7,10,7,10,8,9,7,5,2,11,11,3,2,2,6,4,1,8,2,11,11,5,7,,10,,,7,2,2,2,7,2,2,8,4,4,3,9,5,6,5,7,9,2,3,6,7,3,7,5,10,3,4,1,1,1,1,7,10,5,3,6,9,9,9,9,,,9,9,,,7,2,8,1,7,2,2,3,2,4,4,5,8,6,7,4,5,3,1,2,8,4,10,10,,5,,,b'\x11\xe8\xe1I\xcc\x12G\xf6\xaf\x82\x12\xdf\x17\xaeN\x1e'
11E8E149-CC12-47F6-AF82-12DF17AE4E1E,2020-ncaa-d1-natl,ncaa,214,215,128,220,168,256,240,148,308,145,56,303,314,294,331,300,194,213,158,213,279,161,129,328,320,307,297,314,108,14,19,214,131,76,53,305,304,258,228,300,99,75,290,287,,,268,307,,,209,238,232,110,270,248,131,140,44,315,291,188,193,193,136,97,13,209,52,306,257,99,295,,272,,,209,102,87,68,155,136,92,233,57,110,29,164,239,231,236,232,273,85,111,120,157,119,149,73,291,89,131,115,19,84,53,213,298,125,92,156,228,202,312,250,,,279,310,,,209,121,268,99,210,103,86,62,138,83,61,118,250,235,236,75,115,90,108,94,219,122,230,315,,284,,,b'\x11\xe8\xe1I\xcc\x12G\xf6\xaf\x82\x12\xdf\x17\xaeN\x1e'
11E8E149-CC12-47F6-AF82-12DF17AE4E1E,2021-ncaa-d0-natl,ncaa,71,104,89,89,96,89,122,102,210,153,131,222,57,64,114,111,21,12,180,12,10,78,85,167,136,111,39,105,18,65,145,39,31,45,53,135,220,188,73,153,159,228,157,222,,,114,14,,,127,94,102,77,84,160,120,230,207,74,76,10,8,9,57,76,93,18,19,199,109,216,212,,23,,,129,261,278,281,151,248,254,166,305,305,191,295,100,92,194,85,21,267,238,174,139,223,182,292,13,177,31,275,145,248,53,282,194,203,298,297,223,142,314,292,,,22,15,,,127,250,104,182,127,225,264,313,205,224,299,311,23,25,23,267,209,94,254,192,246,285,170,290,,9,,,b'\x11\xe8\xe1I\xcc\x12G\xf6\xaf\x82\x12\xdf\x17\xaeN\x1e'
11E8E149-CC12-47F6-AF82-12DF17AE4E1E,2021-ncaa-d1-conf-Mountain West,ncaa,2,3,5,2,5,3,6,6,6,4,8,6,5,5,7,4,1,1,7,1,1,4,5,5,5,5,1,8,1,3,4,3,3,3,2,7,7,8,6,7,5,4,6,6,,,4,3,,,5,5,7,7,5,6,9,8,9,6,6,1,1,2,7,4,5,2,2,7,5,5,7,,3,,,5,7,7,8,5,7,5,4,9,9,6,11,3,2,7,2,2,8,7,7,7,8,9,11,2,6,3,4,4,6,2,8,8,6,8,9,8,8,7,10,,,1,1,,,5,7,4,7,5,4,5,6,2,2,9,10,2,2,2,4,5,3,6,3,6,8,8,8,,1,,,b'\x11\xe8\xe1I\xcc\x12G\xf6\xaf\x82\x12\xdf\x17\xaeN\x1e'
11E8E149-CC12-47F6-AF82-12DF17AE4E1E,2021-ncaa-d1-natl,ncaa,74,104,105,93,113,98,135,114,216,168,146,229,67,70,115,111,23,14,182,14,12,92,101,175,141,115,39,104,17,72,149,44,33,51,62,153,221,175,75,154,174,234,173,225,,,103,14,,,137,111,105,72,87,164,128,238,213,74,77,10,7,8,62,82,96,19,23,209,110,221,216,,24,,,139,246,275,277,160,242,243,175,299,298,197,293,92,83,192,79,21,257,224,186,146,235,178,289,13,166,33,263,149,236,62,277,195,222,301,305,216,143,313,295,,,27,15,,,137,234,112,197,138,229,270,314,214,227,299,310,22,24,22,271,209,98,253,197,251,289,174,294,,10,,,b'\x11\xe8\xe1I\xcc\x12G\xf6\xaf\x82\x12\xdf\x17\xaeN\x1e'
11E8E149-CC12-47F6-AF82-12DF17AE4E1E,2022-ncaa-d0-natl,ncaa,16,19,27,23,50,19,24,42,13,23,40,38,61,119,17,230,18,23,85,25,103,36,42,24,20,17,200,208,143,81,121,17,16,25,22,37,188,200,69,54,157,246,265,327,,,134,30,,,31,35,84,352,20,23,100,33,96,104,202,46,61,62,71,114,152,27,38,49,82,244,306,,31,,,32,316,327,332,156,324,322,172,286,309,128,199,171,137,318,126,32,330,310,152,141,206,103,179,63,133,16,258,121,216,22,318,202,167,291,291,131,44,215,88,,,28,88,,,31,322,16,152,35,192,233,278,233,253,189,232,84,52,47,232,183,42,83,48,240,286,51,123,,75,,,b'\x11\xe8\xe1I\xcc\x12G\xf6\xaf\x82\x12\xdf\x17\xaeN\x1e'
11E8E149-CC12-47F6-AF82-12DF17AE4E1E,2022-ncaa-d1-conf-Mountain West,ncaa,1,1,2,1,2,1,1,3,1,1,2,2,3,6,1,9,1,1,3,1,1,2,2,2,1,2,7,8,2,3,3,2,5,1,2,2,6,10,7,5,7,7,7,11,,,8,5,,,1,3,3,8,2,2,8,1,4,5,8,1,2,2,4,4,5,2,3,3,9,8,8,,4,,,1,7,7,8,1,8,8,4,6,7,1,6,6,5,10,5,5,8,8,1,1,2,3,4,6,7,5,5,3,5,2,6,5,3,4,4,7,5,8,8,,,1,1,,,1,10,1,2,1,4,5,8,7,9,3,5,4,4,4,5,8,7,1,2,5,5,6,9,,1,,,b'\x11\xe8\xe1I\xcc\x12G\xf6\xaf\x82\x12\xdf\x17\xaeN\x1e'
11E8E149-CC12-47F6-AF82-12DF17AE4E1E,2022-ncaa-d1-natl,ncaa,18,19,32,23,66,22,28,56,15,25,48,42,81,140,18,234,26,34,88,34,100,44,50,26,22,18,196,206,134,98,136,18,20,31,27,41,191,180,74,60,188,264,288,329,,,104,32,,,35,41,87,351,20,26,111,35,101,109,206,43,62,63,80,123,165,30,46,55,84,254,315,,32,,,36,312,323,329,169,315,317,176,273,300,137,196,152,112,320,101,32,325,302,167,160,225,99,178,63,110,20,235,136,185,27,314,202,210,298,301,114,44,197,93,,,34,80,,,35,316,17,164,41,201,248,280,244,257,197,225,90,56,52,235,181,45,85,53,243,290,53,137,,72,,,b'\x11\xe8\xe1I\xcc\x12G\xf6\xaf\x82\x12\xdf\x17\xaeN\x1e'
11E8E149-CC12-47F6-AF82-12DF17AE4E1E,2022-ncaa-d1-ncaatournament,ncaa,37,2,37,37,38,47,44,66,2,42,60,3,49,62,11,49,49,47,57,44,16,66,62,3,3,13,50,45,44,67,55,40,2,48,2,45,54,30,64,56,67,68,56,59,,,13,50,,,31,50,19,5,33,20,66,15,51,38,56,36,29,25,65,55,65,7,34,38,62,67,55,,40,,,35,9,5,5,44,13,12,50,8,12,16,21,30,36,12,34,66,11,5,40,43,50,26,13,62,2,2,1,55,1,2,6,11,64,64,54,31,65,13,35,,,38,3,,,31,21,33,38,27,39,29,14,41,29,16,23,60,66,66,32,10,2,1,1,14,64,61,23,,3,,,b'\x11\xe8\xe1I\xcc\x12G\xf6\xaf\x82\x12\xdf\x17\xaeN\x1e'
11E8E149-CC12-47F6-AF82-12DF17AE4E1E,2023-ncaa-d0-natl,ncaa,7,3,46,3,64,31,26,54,16,25,67,19,89,102,71,185,52,81,36,85,171,50,75,22,16,8,230,203,191,96,97,35,7,45,16,41,165,53,19,20,215,256,234,278,,,114,54,,,16,76,173,261,20,17,69,21,108,108,140,74,128,130,70,162,144,43,55,38,21,263,268,,45,,,16,242,259,295,109,228,288,92,256,256,200,199,143,87,352,92,50,277,264,105,113,142,194,238,90,55,7,185,97,119,16,176,101,170,228,177,18,7,142,64,,,85,179,,,16,285,9,88,13,106,137,192,128,203,193,182,76,43,43,141,98,17,71,21,92,239,7,92,,162,,,b'\x11\xe8\xe1I\xcc\x12G\xf6\xaf\x82\x12\xdf\x17\xaeN\x1e'
11E8E149-CC12-47F6-AF82-12DF17AE4E1E,2023-ncaa-d1-conf-Mountain West,ncaa,1,1,1,1,2,1,1,1,1,1,1,2,2,4,1,5,1,1,4,1,5,1,1,1,1,1,7,5,8,3,4,1,3,2,3,1,4,5,2,2,6,9,7,9,,,2,2,,,1,1,6,5,1,1,2,1,5,3,4,2,3,3,2,6,4,2,2,1,2,8,9,,2,,,1,6,8,11,3,6,10,3,9,9,4,9,2,2,5,2,2,11,11,3,2,1,6,9,2,8,3,3,4,5,3,8,9,5,7,8,2,2,2,2,,,2,6,,,1,11,1,2,1,2,5,9,4,9,9,8,2,2,2,7,6,6,2,2,6,7,2,2,,7,,,b'\x11\xe8\xe1I\xcc\x12G\xf6\xaf\x82\x12\xdf\x17\xaeN\x1e'
11E8E149-CC12-47F6-AF82-12DF17AE4E1E,2023-ncaa-d1-natl,ncaa,4,3,33,3,48,25,18,38,16,18,53,18,91,102,75,188,43,71,46,78,161,41,67,24,17,8,233,210,191,101,105,29,7,40,22,32,174,52,18,19,222,272,232,284,,,123,59,,,18,62,179,270,22,20,75,22,118,119,144,75,122,128,74,172,153,47,61,44,19,280,267,,50,,,17,273,288,309,135,261,304,104,266,257,236,190,143,86,353,87,41,293,278,139,143,181,186,241,79,57,7,194,105,119,22,218,120,178,240,210,11,5,130,56,,,80,162,,,18,304,9,112,16,128,167,203,149,208,211,174,78,40,41,151,96,18,71,23,127,256,7,79,,156,,,b'\x11\xe8\xe1I\xcc\x12G\xf6\xaf\x82\x12\xdf\x17\xaeN\x1e'
11E8E149-CC12-47F6-AF82-12DF17AE4E1E,2023-ncaa-d1-ncaatournament,ncaa,36,2,36,36,38,52,45,47,41,50,59,32,37,40,38,9,60,62,8,62,61,53,55,39,41,41,25,12,61,55,54,46,43,52,50,47,42,12,35,43,60,60,51,53,,,8,15,,,41,53,42,7,49,34,26,44,53,14,13,60,62,62,50,50,50,39,46,40,27,58,47,,14,,,44,11,13,12,44,14,17,32,20,12,53,22,14,12,54,12,32,9,10,44,45,48,42,38,36,17,43,17,54,16,50,12,37,51,38,39,14,31,6,27,,,61,56,,,41,10,44,44,45,40,40,27,38,41,40,21,35,29,31,27,24,39,49,46,39,41,27,17,,60,,,b'\x11\xe8\xe1I\xcc\x12G\xf6\xaf\x82\x12\xdf\x17\xaeN\x1e'
11E8E149-CC12-47F6-AF82-12DF17AE4E1E,2024-ncaa-d0-natl,ncaa,8,3,52,3,69,18,13,29,15,22,53,26,37,57,31,130,132,194,33,204,310,41,89,18,18,6,218,125,332,114,147,17,1,27,8,43,220,3,1,6,171,187,241,282,,,52,36,,,7,87,181,230,16,9,25,15,89,43,76,185,250,259,43,172,167,13,21,45,2,215,273,,24,,,5,148,220,296,53,223,276,72,204,265,59,246,13,11,211,11,11,251,220,53,30,68,76,242,12,4,1,234,147,98,8,130,83,236,280,200,3,1,165,67,,,209,316,,,7,274,4,27,6,46,119,226,125,202,158,214,7,7,7,137,61,2,123,28,77,308,1,113,,298,,,b'\x11\xe8\xe1I\xcc\x12G\xf6\xaf\x82\x12\xdf\x17\xaeN\x1e'
11E8E149-CC12-47F6-AF82-12DF17AE4E1E,2024-ncaa-d1-conf-Mountain West,ncaa,1,1,2,1,2,1,1,1,1,1,2,2,1,1,1,7,3,4,3,4,6,1,3,1,1,1,10,10,7,2,2,1,1,1,1,1,8,2,1,1,6,6,8,10,,,4,3,,,1,2,7,5,1,1,1,1,1,1,3,4,5,5,1,5,4,1,1,1,2,8,9,,3,,,1,3,6,8,1,5,9,2,6,5,3,5,2,3,2,2,1,8,8,2,1,1,2,6,2,1,1,3,2,3,1,4,4,8,9,6,1,1,3,2,,,3,7,,,1,9,1,1,1,1,2,7,3,8,4,5,2,2,2,6,3,1,3,1,3,9,1,2,,6,,,b'\x11\xe8\xe1I\xcc\x12G\xf6\xaf\x82\x12\xdf\x17\xaeN\x1e'
11E8E149-CC12-47F6-AF82-12DF17AE4E1E,2024-ncaa-d1-natl,ncaa,9,3,78,3,100,23,15,38,16,27,72,27,44,65,33,131,155,224,34,231,312,51,118,18,18,7,216,126,331,144,155,21,1,35,9,51,232,2,2,7,206,210,252,290,,,38,40,,,8,115,188,225,17,12,27,17,97,47,77,186,254,264,48,185,177,13,24,47,2,236,284,,27,,,5,111,199,283,66,197,256,83,194,247,69,242,9,7,219,7,10,222,177,63,41,90,75,238,12,4,1,200,155,64,9,110,84,273,294,218,1,1,151,80,,,238,315,,,8,249,4,35,6,63,129,231,143,207,164,214,7,7,7,140,58,2,136,32,86,316,1,120,,301,,,b'\x11\xe8\xe1I\xcc\x12G\xf6\xaf\x82\x12\xdf\x17\xaeN\x1e'
11E8E149-CC12-47F6-AF82-12DF17AE4E1E,2024-ncaa-d1-ncaatournament,ncaa,37,3,37,37,38,39,37,49,4,36,44,3,52,52,48,36,63,59,67,59,62,54,62,9,14,7,66,53,66,63,60,45,22,57,47,40,48,5,8,4,42,26,57,57,,,6,18,,,49,53,38,5,15,1,25,1,18,44,37,63,57,57,39,54,60,37,53,19,6,24,54,,14,,,50,27,22,25,51,6,7,47,49,38,64,67,10,6,67,6,24,19,13,63,65,66,66,68,10,9,22,14,60,11,47,29,62,63,56,66,16,43,5,7,,,60,53,,,49,17,9,65,47,63,57,47,12,10,68,68,22,8,8,35,25,15,41,24,61,54,35,6,,59,,,b'\x11\xe8\xe1I\xcc\x12G\xf6\xaf\x82\x12\xdf\x17\xaeN\x1e'
11E8E149-CC12-47F6-AF82-12DF17AE4E1E,2025-ncaa-d0-natl,genius_ncaa,29,37,29,41,44,33,34,29,72,34,43,81,48,60,60,178,56,77,70,75,206,31,66,67,74,19,179,158,226,82,158,34,9,34,53,57,200,6,3,8,146,196,153,205,,,128,49,,59,34,67,223,146,38,37,37,48,93,78,106,96,146,144,40,188,147,44,59,75,2,215,205,,47,,30,34,257,271,294,135,233,294,75,301,266,318,192,109,119,109,134,70,286,266,161,127,162,208,293,55,74,9,324,158,262,53,304,267,161,228,257,31,13,270,133,,,55,99,,286,34,300,16,115,31,108,137,170,109,180,244,160,53,63,68,125,76,18,219,113,222,258,10,192,,110,,313,b'\x11\xe8\xe1I\xcc\x12G\xf6\xaf\x82\x12\xdf\x17\xaeN\x1e'
11E8E149-CC12-47F6-AF82-12DF17AE4E1E,2025-ncaa-d1-conf-Mountain West,genius_ncaa,1,1,4,1,5,1,1,1,3,3,2,3,3,4,3,6,1,1,5,1,3,1,5,2,3,2,6,7,6,2,4,4,1,1,2,3,7,2,2,2,5,3,6,5,,,2,2,,2,1,8,6,6,1,1,2,2,2,5,6,1,1,1,2,5,2,3,2,4,2,6,6,,2,,2,1,2,3,4,4,2,2,4,8,6,9,9,1,1,4,1,2,3,3,4,4,3,9,10,1,1,1,5,4,3,2,5,9,4,3,5,2,2,8,6,,,2,3,,10,1,3,1,2,1,2,3,3,2,3,8,6,2,2,1,1,2,1,6,2,5,5,2,7,,1,,10,b'\x11\xe8\xe1I\xcc\x12G\xf6\xaf\x82\x12\xdf\x17\xaeN\x1e'
11E8E149-CC12-47F6-AF82-12DF17AE4E1E,2025-ncaa-d1-natl,genius_ncaa,34,37,43,44,58,43,44,35,77,41,55,85,61,76,64,179,65,91,67,87,203,41,82,68,76,20,175,156,223,104,174,37,10,43,60,65,208,3,3,8,167,208,173,217,,,101,51,,50,39,87,235,141,40,39,40,51,95,81,111,99,146,144,44,204,157,50,69,81,2,231,212,,47,,34,38,232,258,280,150,206,278,80,294,245,327,186,92,105,113,116,70,269,242,174,142,179,206,291,54,57,10,311,174,232,60,294,268,197,240,275,26,13,258,140,,,72,90,,295,39,278,17,130,34,119,146,173,114,182,248,157,53,67,70,128,75,20,224,115,229,274,10,198,,105,,309,b'\x11\xe8\xe1I\xcc\x12G\xf6\xaf\x82\x12\xdf\x17\xaeN\x1e'
11E8E149-CC12-47F6-AF82-12DF17AE4E1E,2026-ncaa-d0-natl,genius_ncaa,123,152,116,159,142,145,142,132,190,134,124,209,142,159,159,202,158,191,69,191,282,147,172,194,191,144,206,176,216,113,138,90,83,95,96,171,262,102,73,134,201,212,101,134,,,37,6,,341,152,187,267,97,168,149,108,148,117,170,175,193,246,246,138,208,116,46,54,199,66,228,101,,5,,344,155,192,252,256,154,199,263,77,306,242,329,217,8,7,161,7,4,207,174,184,125,191,158,333,3,163,83,217,138,211,96,296,293,259,311,326,52,39,342,308,,,190,247,,241,152,178,128,187,155,149,241,288,171,286,311,230,4,5,6,194,92,133,195,162,288,318,26,331,,254,,266,b'\x11\xe8\xe1I\xcc\x12G\xf6\xaf\x82\x12\xdf\x17\xaeN\x1e'
11E8E149-CC12-47F6-AF82-12DF17AE4E1E,2026-ncaa-d1-natl,genius_ncaa,163,152,177,171,197,219,213,199,218,199,178,237,200,216,176,198,215,261,63,262,294,218,244,225,219,176,187,172,196,168,172,132,97,142,123,249,276,62,81,156,276,256,128,149,,,9,7,,331,197,258,277,100,206,192,133,182,135,184,189,207,255,259,163,233,142,54,68,241,72,265,115,,6,,352,197,150,207,201,198,160,204,97,290,200,341,213,3,4,176,4,4,154,104,223,159,240,155,336,3,112,97,166,172,150,123,277,299,327,323,337,27,44,331,331,,,254,238,,268,197,103,160,233,196,182,273,302,209,295,324,237,3,4,5,209,88,139,214,183,314,336,28,343,,252,,265,b'\x11\xe8\xe1I\xcc\x12G\xf6\xaf\x82\x12\xdf\x17\xaeN\x1e'
11E8E149-CC16-84C4-AF82-12DF17AE4E1E,2010-ncaa-d0-natl,ncaa,99,36,288,60,320,131,149,156,140,156,184,117,137,129,169,141,84,92,99,94,70,149,154,131,116,125,122,164,90,162,146,219,248,203,206,99,75,173,164,114,32,20,171,180,,,186,182,,,91,151,7,343,27,46,20,72,83,92,69,22,29,29,12,9,88,114,77,31,264,7,148,,293,,,85,129,157,126,225,210,193,221,57,56,161,61,163,206,44,204,200,132,183,189,181,94,73,73,194,193,248,141,146,161,206,173,202,60,38,68,213,195,221,239,,,133,137,,,91,186,125,99,92,281,296,284,308,316,106,103,245,277,277,301,333,284,284,296,260,13,270,282,,27,,,b'\x11\xe8\xe1I\xcc\x16\x84\xc4\xaf\x82\x12\xdf\x17\xaeN\x1e'
11E8E149-CC16-84C4-AF82-12DF17AE4E1E,2010-ncaa-d1-natl,ncaa,89,36,276,56,321,107,125,131,143,134,155,118,132,125,180,146,62,71,109,69,68,116,106,136,124,133,127,177,82,130,141,182,217,169,177,87,85,206,167,123,28,19,161,174,,,213,184,,,83,110,7,343,27,45,19,66,76,103,79,17,28,28,13,10,69,85,53,34,273,7,141,,297,,,76,151,177,158,202,218,225,184,84,73,179,63,182,222,41,222,200,163,233,170,153,78,96,79,199,203,217,188,141,199,177,201,220,38,35,67,224,186,222,220,,,94,128,,,83,228,129,84,87,275,277,284,297,317,119,111,245,278,279,305,333,277,288,294,263,11,268,272,,19,,,b'\x11\xe8\xe1I\xcc\x16\x84\xc4\xaf\x82\x12\xdf\x17\xaeN\x1e'
11E8E149-CC16-84C4-AF82-12DF17AE4E1E,2011-ncaa-d0-natl,ncaa,153,111,242,139,278,122,169,93,262,153,100,259,192,155,267,203,32,43,37,43,74,79,58,271,212,229,113,224,11,102,174,101,80,94,141,163,156,305,236,248,73,106,145,179,,,219,138,,,227,56,3,257,49,112,13,111,38,162,126,3,13,12,12,4,53,24,17,126,320,48,125,,274,,,231,303,308,267,295,319,284,288,166,162,211,112,231,217,210,212,152,267,271,274,276,250,75,102,150,127,80,295,174,252,141,268,149,90,146,181,323,264,206,155,,,98,217,,,227,286,226,209,226,331,331,330,335,327,215,207,281,263,262,334,336,183,333,314,307,48,328,242,,29,,,b'\x11\xe8\xe1I\xcc\x16\x84\xc4\xaf\x82\x12\xdf\x17\xaeN\x1e'
11E8E149-CC16-84C4-AF82-12DF17AE4E1E,2011-ncaa-d1-natl,ncaa,145,110,199,136,238,108,162,82,258,141,92,248,184,150,256,201,23,34,42,35,60,67,50,265,203,225,110,221,10,92,176,90,89,85,148,162,174,324,247,260,65,101,141,181,,,242,154,,,232,42,3,168,49,116,14,117,44,164,127,3,11,11,12,4,56,31,19,135,328,43,126,,285,,,233,321,321,278,298,329,297,287,179,161,227,97,264,253,225,253,168,289,288,279,285,252,78,97,171,148,89,304,176,265,148,293,147,73,137,178,328,266,209,149,,,77,204,,,232,299,225,213,231,333,334,332,334,328,209,190,288,277,277,335,338,186,330,311,307,44,329,229,,25,,,b'\x11\xe8\xe1I\xcc\x16\x84\xc4\xaf\x82\x12\xdf\x17\xaeN\x1e'
11E8E149-CC16-84C4-AF82-12DF17AE4E1E,2012-ncaa-d0-natl,ncaa,266,260,240,268,244,231,253,257,231,227,248,184,237,187,303,152,114,196,15,200,127,255,225,244,182,227,139,216,36,275,271,266,255,287,276,251,178,228,277,270,209,200,305,313,,,173,192,,,306,198,104,22,196,233,211,201,214,218,158,67,154,157,204,158,262,245,270,232,276,175,308,,245,,,308,273,264,159,316,295,203,315,128,88,242,71,292,298,140,300,287,192,156,306,309,319,95,66,243,169,255,127,271,143,276,197,102,247,257,253,267,294,187,238,,,282,276,,,306,155,256,315,299,319,312,262,317,287,166,125,313,311,312,293,275,235,213,235,243,218,295,224,,270,,,b'\x11\xe8\xe1I\xcc\x16\x84\xc4\xaf\x82\x12\xdf\x17\xaeN\x1e'
11E8E149-CC16-84C4-AF82-12DF17AE4E1E,2012-ncaa-d1-conf-ASUN,ncaa,7,5,5,7,5,6,6,7,4,6,6,4,9,7,9,5,3,6,1,6,5,7,7,4,4,4,6,9,1,8,7,6,1,7,6,5,4,7,7,7,7,7,9,9,,,7,7,,,8,6,4,2,5,6,7,4,5,8,8,1,4,4,7,6,7,3,5,4,7,7,9,,6,,,8,6,6,6,7,8,7,8,3,3,3,3,7,9,2,9,7,8,5,5,5,7,4,3,7,2,1,3,7,3,6,4,2,7,7,5,8,8,4,6,,,9,6,,,8,5,5,7,7,7,7,7,8,8,3,3,9,9,9,9,6,3,4,4,5,7,8,5,,8,,,b'\x11\xe8\xe1I\xcc\x16\x84\xc4\xaf\x82\x12\xdf\x17\xaeN\x1e'
11E8E149-CC16-84C4-AF82-12DF17AE4E1E,2012-ncaa-d1-natl,ncaa,273,277,196,278,201,228,253,238,253,240,246,202,229,163,306,147,104,183,12,185,131,236,206,253,204,248,129,212,33,273,279,271,259,287,293,257,197,267,292,282,176,181,302,313,,,205,209,,,315,171,92,24,206,244,212,215,216,215,149,66,159,163,211,145,265,254,277,249,289,151,301,,257,,,313,297,289,179,321,304,240,316,123,75,245,57,309,307,169,309,288,217,190,308,315,323,91,57,260,188,259,163,279,179,293,215,104,234,247,248,290,306,197,242,,,285,291,,,315,184,269,318,306,320,316,254,323,296,154,101,316,314,316,295,282,237,230,247,244,206,305,226,,274,,,b'\x11\xe8\xe1I\xcc\x16\x84\xc4\xaf\x82\x12\xdf\x17\xaeN\x1e'
11E8E149-CC16-84C4-AF82-12DF17AE4E1E,2013-ncaa-d0-natl,ncaa,235,216,251,238,274,254,246,327,67,196,270,71,287,308,153,264,195,240,66,241,161,324,294,91,75,197,257,266,106,337,306,208,288,312,269,234,168,317,342,302,240,251,271,273,,,171,190,,,295,240,136,110,248,227,335,159,246,277,302,156,211,212,326,256,333,144,300,222,331,224,254,,242,,,296,206,179,162,198,182,130,240,165,206,92,224,264,279,89,276,291,187,150,198,208,247,215,153,246,266,288,23,306,89,269,91,69,253,273,188,316,338,195,258,,,268,190,,,295,117,264,277,292,277,252,277,252,213,219,262,289,301,302,306,262,314,54,174,147,221,325,236,,233,,,b'\x11\xe8\xe1I\xcc\x16\x84\xc4\xaf\x82\x12\xdf\x17\xaeN\x1e'
11E8E149-CC16-84C4-AF82-12DF17AE4E1E,2013-ncaa-d1-conf-ASUN,ncaa,5,5,5,5,8,6,5,8,3,4,5,3,9,9,4,8,4,4,4,4,6,8,6,3,3,4,8,9,3,9,9,5,5,9,8,4,3,10,9,5,4,4,8,7,,,8,8,,,5,5,2,10,7,6,7,4,4,9,9,3,3,3,7,4,9,5,7,3,9,4,8,,9,,,5,7,6,5,5,7,5,7,5,5,4,5,8,8,1,8,9,7,6,6,7,4,5,5,8,6,5,1,9,1,8,5,5,3,4,5,10,9,7,5,,,5,7,,,5,6,7,6,5,7,6,5,7,5,5,5,8,8,9,7,8,6,2,4,7,3,10,7,,6,,,b'\x11\xe8\xe1I\xcc\x16\x84\xc4\xaf\x82\x12\xdf\x17\xaeN\x1e'
11E8E149-CC16-84C4-AF82-12DF17AE4E1E,2013-ncaa-d1-natl,ncaa,221,216,210,228,249,242,229,324,56,170,263,62,284,302,150,264,191,231,73,234,163,321,277,87,71,182,266,268,121,335,306,173,271,294,259,223,172,322,341,294,208,225,265,268,,,186,189,,,266,204,132,117,235,214,330,147,241,277,300,163,211,211,325,256,333,106,282,212,330,196,251,,238,,,264,208,178,192,167,185,141,215,172,226,64,228,265,291,72,288,291,218,187,162,172,213,214,153,253,274,271,29,306,104,259,89,69,228,255,161,316,336,187,234,,,254,195,,,266,151,256,252,261,260,232,272,225,197,201,262,285,301,298,299,264,312,54,169,126,202,321,215,,234,,,b'\x11\xe8\xe1I\xcc\x16\x84\xc4\xaf\x82\x12\xdf\x17\xaeN\x1e'
11E8E149-CC16-84C4-AF82-12DF17AE4E1E,2014-ncaa-d0-natl,ncaa,148,150,131,158,164,171,139,78,272,96,57,264,237,206,284,244,189,171,222,168,288,91,91,289,290,276,289,258,216,134,220,104,274,109,258,206,247,214,145,230,105,161,222,255,,,222,128,,,262,84,28,270,186,148,42,96,38,251,207,219,194,190,55,57,134,88,93,227,216,112,236,,226,,,259,277,239,277,133,238,243,151,222,252,109,196,297,308,124,307,260,296,290,136,144,151,233,166,259,319,274,320,220,330,258,250,208,102,171,164,277,220,150,76,,,198,306,,,262,271,274,190,245,279,251,314,225,259,215,263,293,304,304,323,329,326,321,332,245,100,259,150,,227,,,b'\x11\xe8\xe1I\xcc\x16\x84\xc4\xaf\x82\x12\xdf\x17\xaeN\x1e'
11E8E149-CC16-84C4-AF82-12DF17AE4E1E,2014-ncaa-d1-conf-ASUN,ncaa,4,4,3,4,3,3,4,1,5,3,2,5,7,6,8,8,2,3,8,2,8,2,2,7,7,6,8,8,4,2,5,2,9,2,8,4,5,7,4,5,4,4,6,7,,,10,4,,,6,2,1,4,4,3,1,3,3,7,8,4,3,3,1,1,3,2,1,4,5,4,6,,7,,,6,9,8,9,4,8,10,4,6,8,2,6,9,10,3,10,6,9,9,3,3,4,4,4,8,9,9,10,5,10,8,7,7,4,4,4,9,4,7,2,,,3,7,,,6,9,6,5,5,7,7,9,8,8,6,8,7,8,8,10,10,9,9,10,7,3,6,6,,3,,,b'\x11\xe8\xe1I\xcc\x16\x84\xc4\xaf\x82\x12\xdf\x17\xaeN\x1e'
11E8E149-CC16-84C4-AF82-12DF17AE4E1E,2014-ncaa-d1-natl,ncaa,143,150,100,155,139,156,127,57,271,88,41,269,236,192,278,245,200,173,223,171,297,72,70,290,292,277,290,253,224,115,205,81,275,87,249,199,251,224,141,230,99,158,234,260,,,246,134,,,248,66,31,273,184,140,40,98,34,248,208,223,203,201,55,53,133,84,84,227,214,110,242,,226,,,244,288,242,291,114,234,274,128,220,256,106,185,304,314,106,313,269,304,303,116,128,130,238,163,270,326,275,326,205,335,249,247,208,96,166,149,284,222,165,75,,,182,305,,,248,290,273,170,234,264,230,305,214,259,209,250,294,305,306,320,328,325,320,330,230,98,262,154,,228,,,b'\x11\xe8\xe1I\xcc\x16\x84\xc4\xaf\x82\x12\xdf\x17\xaeN\x1e'
11E8E149-CC16-84C4-AF82-12DF17AE4E1E,2015-ncaa-d0-natl,ncaa,232,189,283,227,301,258,242,182,281,202,144,283,232,221,254,220,256,240,260,239,267,192,245,289,297,239,230,208,197,212,258,243,80,247,252,305,317,28,45,194,272,251,196,166,,,156,250,,,255,253,64,154,185,172,40,138,51,204,177,208,169,170,50,97,168,154,141,281,72,237,176,,251,,,259,133,93,50,250,109,61,264,107,115,144,171,289,262,313,257,313,71,69,238,287,275,238,105,317,27,80,278,258,177,252,104,128,217,172,162,15,24,95,87,,,258,222,,,255,91,241,241,258,278,217,141,228,145,171,181,327,316,316,223,223,76,340,304,168,154,33,143,,158,,,b'\x11\xe8\xe1I\xcc\x16\x84\xc4\xaf\x82\x12\xdf\x17\xaeN\x1e'
11E8E149-CC16-84C4-AF82-12DF17AE4E1E,2015-ncaa-d1-conf-ASUN,ncaa,5,4,5,5,6,7,4,4,5,2,1,6,7,6,7,6,7,6,7,6,7,5,5,6,7,6,7,7,7,7,7,5,7,7,7,5,8,2,2,5,6,7,3,3,,,6,5,,,6,5,2,3,6,3,1,2,1,6,6,7,5,4,2,3,5,3,5,5,2,6,2,,6,,,6,5,6,5,7,7,8,7,3,3,3,2,5,6,2,6,5,6,5,5,5,6,3,3,5,8,7,7,7,8,7,5,5,5,6,6,2,3,3,2,,,8,8,,,6,4,7,6,6,7,7,6,7,8,3,3,6,8,8,8,8,8,8,8,6,5,2,3,,8,,,b'\x11\xe8\xe1I\xcc\x16\x84\xc4\xaf\x82\x12\xdf\x17\xaeN\x1e'
11E8E149-CC16-84C4-AF82-12DF17AE4E1E,2015-ncaa-d1-natl,ncaa,206,189,209,209,242,208,194,110,277,167,89,291,216,203,219,231,231,190,276,191,273,123,161,287,296,245,229,204,208,154,228,190,104,177,235,281,302,57,56,191,212,206,177,156,,,200,232,,,239,172,60,154,173,157,33,128,42,194,185,211,162,165,42,76,124,142,129,265,98,192,164,,244,,,241,191,121,89,219,151,118,232,112,127,135,145,311,293,301,291,305,137,148,209,258,226,229,100,318,77,104,308,228,249,235,113,125,154,138,127,24,33,140,99,,,207,230,,,239,173,240,209,240,260,192,145,209,158,152,165,324,315,310,223,243,110,338,306,143,122,42,167,,158,,,b'\x11\xe8\xe1I\xcc\x16\x84\xc4\xaf\x82\x12\xdf\x17\xaeN\x1e'
11E8E149-CC16-84C4-AF82-12DF17AE4E1E,2016-ncaa-d0-natl,ncaa,100,87,114,97,148,128,128,77,253,81,32,261,273,242,290,297,70,86,93,84,220,73,88,285,262,205,282,305,60,39,87,81,77,52,78,171,225,123,58,141,203,221,156,190,,,87,54,,,154,111,114,212,126,124,40,76,20,289,259,62,70,71,33,53,22,65,26,192,103,210,165,,69,,,154,212,214,245,147,183,240,99,236,197,291,175,161,105,332,104,78,226,220,155,161,175,207,228,130,138,77,289,87,259,78,147,102,171,192,150,176,125,115,39,,,131,195,,,154,230,165,160,158,199,204,238,177,236,233,196,148,103,100,215,201,123,288,235,133,190,171,104,,131,,,b'\x11\xe8\xe1I\xcc\x16\x84\xc4\xaf\x82\x12\xdf\x17\xaeN\x1e'
11E8E149-CC16-84C4-AF82-12DF17AE4E1E,2016-ncaa-d1-conf-ASUN,ncaa,3,3,3,3,3,3,3,3,6,2,2,6,7,6,8,7,1,2,3,2,5,3,2,7,7,6,7,8,1,2,2,3,2,2,2,4,6,4,2,3,4,4,3,3,,,2,1,,,3,2,2,4,2,2,1,2,1,8,7,1,1,1,1,1,1,1,1,4,3,4,3,,2,,,3,3,3,7,3,2,5,3,4,4,3,4,3,1,8,1,1,6,7,3,3,3,4,4,4,3,2,6,2,5,2,3,2,3,3,3,6,2,2,1,,,2,5,,,3,7,4,3,3,3,3,6,3,6,4,4,2,1,2,5,6,3,5,4,3,3,3,2,,3,,,b'\x11\xe8\xe1I\xcc\x16\x84\xc4\xaf\x82\x12\xdf\x17\xaeN\x1e'
11E8E149-CC16-84C4-AF82-12DF17AE4E1E,2016-ncaa-d1-natl,ncaa,73,87,30,86,42,68,68,25,243,36,12,247,250,204,298,300,25,32,81,33,207,21,21,279,253,196,286,310,45,8,58,27,70,12,63,98,207,196,53,131,113,181,108,154,,,138,43,,,119,33,86,245,103,107,30,61,15,289,257,37,46,48,25,34,13,43,9,159,114,167,137,,64,,,123,283,284,314,113,263,309,79,270,266,252,178,200,164,321,159,75,314,312,125,124,140,200,221,135,240,70,332,58,321,63,163,66,77,163,98,244,118,179,43,,,56,212,,,119,316,145,130,123,188,198,253,170,246,224,202,145,99,98,223,240,139,284,241,100,146,170,118,,117,,,b'\x11\xe8\xe1I\xcc\x16\x84\xc4\xaf\x82\x12\xdf\x17\xaeN\x1e'
11E8E149-CC16-84C4-AF82-12DF17AE4E1E,2017-ncaa-d0-natl,ncaa,314,283,321,313,324,323,323,297,315,306,269,299,272,230,317,175,278,226,308,220,130,295,305,317,319,305,191,204,111,297,312,346,295,342,341,342,347,82,197,324,139,75,254,253,,,15,40,,,306,301,141,7,287,281,160,244,162,233,172,203,126,118,155,139,248,334,333,342,215,73,236,,58,,,314,99,177,32,340,236,106,335,49,24,281,65,43,34,270,33,75,22,39,333,329,280,24,61,65,59,295,223,312,162,341,113,94,148,46,123,177,262,144,218,,,260,146,,,306,42,314,270,313,276,323,183,334,267,127,65,104,95,96,155,241,181,342,319,242,46,268,232,,131,,,b'\x11\xe8\xe1I\xcc\x16\x84\xc4\xaf\x82\x12\xdf\x17\xaeN\x1e'
11E8E149-CC16-84C4-AF82-12DF17AE4E1E,2017-ncaa-d1-conf-ASUN,ncaa,8,8,5,8,5,6,6,5,6,6,5,6,4,4,6,4,6,3,8,3,4,5,5,6,7,6,3,3,4,5,7,8,8,8,8,8,8,3,4,8,3,3,5,5,,,1,1,,,7,5,2,1,5,5,2,4,5,4,3,4,3,3,2,2,5,8,8,8,5,2,5,,2,,,7,7,7,5,8,8,5,8,4,3,5,5,4,1,8,1,2,5,4,8,8,7,1,3,2,6,8,7,7,8,8,7,7,3,4,5,5,6,5,6,,,5,6,,,7,4,6,7,7,7,7,7,8,7,5,5,5,2,2,7,7,6,8,8,7,3,6,6,,3,,,b'\x11\xe8\xe1I\xcc\x16\x84\xc4\xaf\x82\x12\xdf\x17\xaeN\x1e'
11E8E149-CC16-84C4-AF82-12DF17AE4E1E,2017-ncaa-d1-natl,ncaa,283,282,217,287,221,251,257,186,294,230,183,281,221,180,300,172,209,141,309,140,124,176,192,296,305,285,189,192,131,226,292,320,264,303,329,327,339,148,157,295,63,52,232,242,,,21,24,,,261,176,98,10,229,240,114,203,145,199,149,179,100,99,100,100,210,318,295,327,198,42,224,,42,,,263,174,241,115,331,267,172,320,127,69,272,121,48,41,216,42,61,81,156,326,307,197,38,117,45,116,264,315,292,271,329,162,95,59,32,76,233,248,172,181,,,170,152,,,261,166,291,188,263,244,297,185,308,238,165,112,78,69,69,142,258,165,342,313,203,30,264,208,,105,,,b'\x11\xe8\xe1I\xcc\x16\x84\xc4\xaf\x82\x12\xdf\x17\xaeN\x1e'
11E8E149-CC16-84C4-AF82-12DF17AE4E1E,2018-ncaa-d0-natl,ncaa,277,244,323,276,333,294,312,332,215,320,335,133,186,143,267,56,199,220,154,226,22,325,318,183,153,245,59,105,68,326,304,311,306,331,318,265,132,237,313,275,220,192,270,259,,,50,102,,,299,300,57,278,216,272,270,287,318,116,70,115,124,130,247,147,306,221,298,199,315,157,243,,177,,,309,155,174,90,297,125,97,229,256,142,344,212,100,100,114,95,166,79,72,315,301,282,250,286,95,220,306,84,304,110,318,220,245,225,177,239,327,340,59,217,,,247,107,,,299,50,271,314,305,320,311,297,271,255,323,261,203,218,211,300,304,318,226,285,313,129,341,128,,103,,,b'\x11\xe8\xe1I\xcc\x16\x84\xc4\xaf\x82\x12\xdf\x17\xaeN\x1e'
11E8E149-CC16-84C4-AF82-12DF17AE4E1E,2018-ncaa-d1-conf-ASUN,ncaa,5,5,5,5,6,6,6,8,6,7,7,3,3,3,8,2,2,4,1,4,1,7,6,5,4,5,3,4,1,8,7,5,5,7,6,4,2,6,7,4,6,7,5,6,,,1,1,,,6,5,1,4,5,6,8,6,7,3,2,1,2,3,7,4,7,2,5,3,7,6,5,,3,,,6,6,7,7,5,7,7,5,6,6,8,3,2,2,5,2,1,7,4,5,4,6,4,6,2,6,5,4,7,6,6,6,6,7,8,8,8,8,3,7,,,3,1,,,6,4,6,6,6,7,7,8,7,8,6,6,3,3,2,8,8,6,6,6,6,7,8,3,,1,,,b'\x11\xe8\xe1I\xcc\x16\x84\xc4\xaf\x82\x12\xdf\x17\xaeN\x1e'
11E8E149-CC16-84C4-AF82-12DF17AE4E1E,2018-ncaa-d1-natl,ncaa,247,243,213,248,294,218,250,275,184,277,322,106,117,89,231,57,137,148,162,153,22,262,219,144,127,216,55,98,81,295,285,220,290,277,282,188,103,302,307,255,147,146,255,264,,,101,91,,,259,161,54,279,178,232,250,272,316,98,65,104,109,115,219,119,290,170,250,160,313,122,249,,159,,,258,243,241,203,244,175,158,201,293,241,322,249,130,152,106,138,156,196,208,273,248,226,256,290,87,282,290,145,285,212,282,260,238,143,153,210,339,335,70,186,,,155,96,,,259,184,244,251,260,283,288,290,232,231,314,287,175,190,180,288,304,306,203,265,290,102,335,93,,93,,,b'\x11\xe8\xe1I\xcc\x16\x84\xc4\xaf\x82\x12\xdf\x17\xaeN\x1e'
11E8E149-CC16-84C4-AF82-12DF17AE4E1E,2019-ncaa-d0-natl,ncaa,336,315,321,337,324,309,288,272,277,293,305,204,174,124,293,51,348,348,206,348,342,304,292,249,286,302,175,77,341,286,289,330,337,332,340,277,223,263,320,297,56,25,301,298,,,20,26,,,312,288,40,85,256,205,92,249,234,112,56,345,344,345,171,72,235,304,298,226,326,14,279,,85,,,318,147,220,105,320,236,113,329,133,128,186,212,42,37,167,39,68,66,108,316,295,217,54,152,40,256,337,189,289,224,340,275,286,96,54,191,323,339,216,295,,,346,347,,,312,70,313,257,311,317,336,314,331,282,246,243,109,106,110,293,330,327,333,337,334,26,344,288,,340,,,b'\x11\xe8\xe1I\xcc\x16\x84\xc4\xaf\x82\x12\xdf\x17\xaeN\x1e'
11E8E149-CC16-84C4-AF82-12DF17AE4E1E,2019-ncaa-d1-conf-Big South,ncaa,10,10,6,10,8,10,8,7,8,9,10,7,3,2,9,1,11,11,4,11,11,9,7,8,9,10,4,2,11,10,11,10,10,11,11,6,6,10,10,8,2,3,10,10,,,2,2,,,10,5,1,6,8,7,5,9,9,1,1,11,11,11,7,4,10,10,11,4,10,2,10,,2,,,10,10,11,8,11,11,7,11,6,7,6,8,3,3,5,3,3,7,8,10,9,10,1,5,1,9,10,9,11,10,11,11,10,4,4,10,11,11,6,9,,,11,11,,,10,7,10,10,10,10,11,11,11,8,7,8,3,3,3,10,10,10,11,11,11,4,11,9,,11,,,b'\x11\xe8\xe1I\xcc\x16\x84\xc4\xaf\x82\x12\xdf\x17\xaeN\x1e'
11E8E149-CC16-84C4-AF82-12DF17AE4E1E,2019-ncaa-d1-natl,ncaa,308,314,233,317,250,251,217,158,268,245,248,186,136,84,298,57,338,339,255,339,337,211,167,242,277,287,191,90,340,219,271,291,333,283,334,229,233,301,304,285,25,26,257,270,,,47,24,,,291,145,37,86,225,167,69,216,209,113,54,339,335,333,134,58,184,282,256,200,323,16,248,,80,,,291,230,282,217,298,283,184,313,194,203,180,213,66,78,90,77,81,183,244,290,263,177,63,170,44,300,333,301,271,320,334,303,275,50,45,150,340,336,240,267,,,330,346,,,291,212,296,214,284,293,320,305,318,275,237,249,97,115,118,286,331,325,332,337,328,24,341,268,,325,,,b'\x11\xe8\xe1I\xcc\x16\x84\xc4\xaf\x82\x12\xdf\x17\xaeN\x1e'
11E8E149-CC16-84C4-AF82-12DF17AE4E1E,2020-ncaa-d0-natl,ncaa,295,280,260,297,274,334,330,243,345,266,177,323,335,267,351,238,277,287,161,287,292,262,225,348,346,345,292,314,104,139,172,136,203,132,186,296,147,295,313,307,314,317,115,123,,,53,44,,,323,249,129,97,336,328,165,235,109,333,238,257,269,269,206,95,99,52,38,275,324,301,93,,84,,,324,143,154,196,109,136,210,78,200,149,249,155,141,139,175,135,132,178,127,109,112,182,207,217,168,249,203,255,172,257,186,176,188,281,269,255,321,335,46,47,,,268,268,,,323,97,343,217,326,234,230,297,200,286,235,207,189,196,192,289,264,284,313,314,226,242,335,63,,220,,,b'\x11\xe8\xe1I\xcc\x16\x84\xc4\xaf\x82\x12\xdf\x17\xaeN\x1e'
11E8E149-CC16-84C4-AF82-12DF17AE4E1E,2020-ncaa-d1-conf-Big South,ncaa,10,10,1,10,1,10,9,2,11,4,3,10,11,7,11,9,6,9,3,9,9,3,2,11,11,11,9,11,4,4,5,3,6,1,5,7,6,11,9,8,8,9,2,2,,,4,1,,,10,2,4,2,10,10,3,6,3,11,9,7,9,9,4,3,4,3,2,7,11,9,2,,3,,,10,9,10,11,4,9,10,3,8,8,8,4,8,6,11,6,5,9,10,3,3,6,7,7,4,9,6,10,5,10,5,9,7,7,9,10,11,10,4,2,,,8,8,,,10,10,10,9,10,9,9,11,8,10,8,7,7,5,5,9,10,9,9,10,8,8,11,4,,8,,,b'\x11\xe8\xe1I\xcc\x16\x84\xc4\xaf\x82\x12\xdf\x17\xaeN\x1e'
11E8E149-CC16-84C4-AF82-12DF17AE4E1E,2020-ncaa-d1-natl,ncaa,276,278,128,280,168,310,304,176,343,219,140,313,315,223,351,215,252,274,153,270,287,206,132,344,341,339,286,295,115,109,182,79,179,67,187,234,106,311,296,289,279,299,74,95,,,67,38,,,301,156,132,110,329,316,162,226,120,316,217,255,273,271,203,102,107,52,44,240,316,275,75,,76,,,303,188,200,256,99,183,264,70,204,175,238,130,158,162,173,150,109,245,212,101,99,144,178,190,159,255,179,301,182,297,187,202,190,215,244,231,331,330,40,38,,,244,274,,,301,193,337,174,305,198,203,280,183,280,198,179,172,170,160,269,245,265,311,304,210,222,333,45,,225,,,b'\x11\xe8\xe1I\xcc\x16\x84\xc4\xaf\x82\x12\xdf\x17\xaeN\x1e'
11E8E149-CC16-84C4-AF82-12DF17AE4E1E,2021-ncaa-d0-natl,ncaa,249,276,191,271,204,251,238,220,263,213,169,275,272,268,263,279,239,221,289,217,243,226,216,275,295,299,275,277,183,221,261,144,86,174,155,202,91,226,285,244,292,309,279,296,,,94,82,,,297,205,192,219,303,291,257,215,141,297,295,265,234,229,259,223,233,61,116,202,271,315,299,,71,,,291,134,153,158,163,134,132,186,232,232,177,298,74,73,125,67,62,146,124,187,160,212,220,284,39,127,86,175,261,158,155,186,201,245,258,275,211,260,118,112,,,203,158,,,297,134,305,207,294,171,202,224,142,123,280,293,46,56,50,182,113,135,242,215,219,267,250,130,,179,,,b'\x11\xe8\xe1I\xcc\x16\x84\xc4\xaf\x82\x12\xdf\x17\xaeN\x1e'
11E8E149-CC16-84C4-AF82-12DF17AE4E1E,2021-ncaa-d1-conf-Big South,ncaa,8,9,8,8,10,10,10,8,7,6,5,6,9,10,9,10,6,6,10,6,7,7,7,8,9,9,10,10,6,7,6,5,2,7,3,5,2,8,9,7,10,8,9,10,,,3,4,,,9,9,6,8,8,8,6,2,4,10,10,7,5,5,5,5,8,3,3,4,11,8,8,,4,,,9,4,5,5,6,4,5,7,8,8,7,10,1,1,3,1,2,5,3,7,6,8,7,10,1,4,2,4,6,4,3,6,7,8,6,10,8,9,6,5,,,5,3,,,9,3,10,6,9,6,8,6,4,7,10,10,1,2,2,6,5,5,6,4,10,7,10,6,,2,,,b'\x11\xe8\xe1I\xcc\x16\x84\xc4\xaf\x82\x12\xdf\x17\xaeN\x1e'
11E8E149-CC16-84C4-AF82-12DF17AE4E1E,2021-ncaa-d1-natl,ncaa,217,275,152,249,172,219,204,191,249,161,123,259,257,245,280,283,211,172,304,165,216,187,170,268,289,289,291,284,178,213,277,90,64,128,158,171,95,265,279,240,253,294,278,302,,,131,85,,,277,160,177,219,301,285,256,190,141,299,296,253,205,197,246,223,256,48,111,198,261,294,310,,73,,,262,158,171,202,117,141,156,138,263,268,162,304,100,110,92,102,81,181,174,144,107,149,248,299,54,153,64,248,277,212,158,215,233,193,216,241,240,240,143,106,,,153,120,,,277,176,303,134,267,136,154,198,102,98,271,291,49,64,55,164,115,122,267,220,205,234,238,124,,146,,,b'\x11\xe8\xe1I\xcc\x16\x84\xc4\xaf\x82\x12\xdf\x17\xaeN\x1e'
11E8E149-CC16-84C4-AF82-12DF17AE4E1E,2022-ncaa-d0-natl,ncaa,95,35,260,62,276,219,184,302,17,174,269,25,209,277,48,208,281,294,178,294,234,308,320,29,32,62,257,196,280,347,326,276,99,327,231,241,276,58,198,161,222,151,289,269,,,60,177,,,104,295,269,171,147,106,307,93,233,182,255,264,267,266,307,340,347,254,345,208,126,187,284,,125,,,97,45,61,46,224,96,47,287,63,102,49,230,50,46,170,44,152,39,46,209,195,157,93,131,117,22,99,35,326,23,231,58,131,198,92,102,84,211,110,183,,,252,76,,,104,64,105,125,94,91,130,66,170,68,98,156,93,86,88,50,66,57,71,51,116,132,148,148,,190,,,b'\x11\xe8\xe1I\xcc\x16\x84\xc4\xaf\x82\x12\xdf\x17\xaeN\x1e'
11E8E149-CC16-84C4-AF82-12DF17AE4E1E,2022-ncaa-d1-conf-Big South,ncaa,3,3,7,3,9,7,4,9,1,4,6,1,6,9,1,9,10,10,4,10,10,9,11,1,1,1,10,7,10,11,11,9,3,12,7,6,10,2,4,3,8,7,8,6,,,3,8,,,6,11,11,6,4,4,8,3,6,6,9,9,10,10,7,12,11,8,12,6,2,7,7,,4,,,6,3,4,2,6,4,2,8,6,9,4,10,4,3,8,3,4,2,2,6,7,6,6,7,4,2,3,3,11,2,7,3,5,8,8,8,3,4,7,7,,,10,6,,,6,2,2,6,6,4,6,4,5,2,7,10,4,4,4,4,2,2,5,4,4,8,3,8,,10,,,b'\x11\xe8\xe1I\xcc\x16\x84\xc4\xaf\x82\x12\xdf\x17\xaeN\x1e'
11E8E149-CC16-84C4-AF82-12DF17AE4E1E,2022-ncaa-d1-natl,ncaa,65,35,146,46,177,135,96,243,6,78,200,13,168,240,41,201,275,282,200,278,271,251,267,15,24,36,276,199,320,334,307,228,73,298,179,139,225,130,197,125,116,79,273,248,,,128,189,,,62,219,257,182,116,64,295,56,219,168,243,289,285,281,303,330,346,263,341,138,135,116,280,,135,,,58,75,91,78,200,116,69,268,110,169,57,260,78,70,174,68,160,63,111,190,175,106,118,163,121,34,73,67,307,41,179,83,121,82,39,45,148,207,123,153,,,213,123,,,62,136,75,78,51,65,88,45,116,33,103,158,85,77,77,23,66,31,49,24,86,77,152,122,,216,,,b'\x11\xe8\xe1I\xcc\x16\x84\xc4\xaf\x82\x12\xdf\x17\xaeN\x1e'
11E8E149-CC16-84C4-AF82-12DF17AE4E1E,2023-ncaa-d0-natl,ncaa,281,284,236,288,279,340,348,347,316,330,302,311,316,310,300,229,244,225,226,225,116,340,270,316,305,354,173,235,46,320,298,143,79,222,167,323,218,359,360,357,280,277,329,324,,,96,129,,,337,236,117,291,351,357,355,337,291,315,298,218,195,199,353,223,317,64,182,333,360,269,335,,136,,,335,104,127,138,165,66,46,245,281,314,115,349,30,56,19,54,156,115,117,215,150,157,273,335,32,83,79,107,298,82,167,71,77,202,172,126,357,359,179,261,,,176,64,,,337,128,356,134,333,174,210,232,119,53,320,341,45,88,88,191,200,126,184,153,109,163,359,206,,110,,,b'\x11\xe8\xe1I\xcc\x16\x84\xc4\xaf\x82\x12\xdf\x17\xaeN\x1e'
11E8E149-CC16-84C4-AF82-12DF17AE4E1E,2023-ncaa-d1-conf-Big South,ncaa,6,7,3,7,4,7,9,8,8,8,5,9,8,8,6,8,3,3,4,3,3,7,3,7,7,7,6,8,2,7,8,1,2,3,4,7,5,10,10,9,9,9,7,7,,,6,5,,,8,3,4,5,8,10,8,8,6,8,8,3,3,3,8,5,8,1,2,7,10,9,8,,6,,,8,6,6,10,3,2,2,2,10,10,7,10,3,3,6,3,6,10,7,4,4,6,10,10,3,3,2,6,8,5,4,7,8,6,9,8,9,9,10,10,,,2,3,,,8,8,10,5,8,6,6,10,1,2,10,10,3,3,3,8,7,3,6,6,6,7,9,10,,2,,,b'\x11\xe8\xe1I\xcc\x16\x84\xc4\xaf\x82\x12\xdf\x17\xaeN\x1e'
11E8E149-CC16-84C4-AF82-12DF17AE4E1E,2023-ncaa-d1-natl,ncaa,265,284,151,285,205,339,345,342,315,315,279,294,310,291,310,219,235,215,229,217,136,329,211,311,297,354,194,243,65,305,288,94,55,163,133,321,222,361,360,357,261,279,326,326,,,130,140,,,337,166,122,291,349,352,355,329,292,316,299,234,217,220,351,219,312,53,156,329,360,267,332,,143,,,332,151,173,203,144,79,52,227,306,331,112,349,34,74,13,75,166,167,169,196,137,134,284,339,32,93,55,147,288,113,133,115,105,178,171,138,359,360,176,241,,,136,71,,,337,196,357,110,326,155,186,220,95,51,321,345,41,85,88,182,183,104,161,132,127,171,358,181,,115,,,b'\x11\xe8\xe1I\xcc\x16\x84\xc4\xaf\x82\x12\xdf\x17\xaeN\x1e'
11E8E149-CC16-84C4-AF82-12DF17AE4E1E,2024-ncaa-d0-natl,ncaa,171,176,143,182,170,249,264,259,258,268,227,289,213,245,136,215,144,153,153,154,98,251,187,245,218,282,114,183,58,237,213,191,239,211,206,245,183,340,340,316,192,199,299,288,,,198,183,,,231,175,193,208,287,320,328,308,250,227,257,148,158,157,311,236,260,223,251,274,331,192,312,,185,,,229,128,117,166,108,78,100,138,255,255,184,301,113,147,43,137,201,151,192,151,132,73,287,306,138,217,239,115,213,148,206,59,46,89,77,34,299,304,320,332,,,133,83,,,231,188,296,94,230,108,99,136,60,60,257,261,112,144,139,118,190,216,106,136,49,84,291,325,,118,,,b'\x11\xe8\xe1I\xcc\x16\x84\xc4\xaf\x82\x12\xdf\x17\xaeN\x1e'
11E8E149-CC16-84C4-AF82-12DF17AE4E1E,2024-ncaa-d1-conf-Big South,ncaa,2,2,3,2,5,5,7,6,6,8,5,8,4,5,1,6,1,1,2,2,3,5,4,5,4,4,2,4,2,7,4,6,5,5,4,4,2,7,8,5,2,3,6,5,,,4,5,,,2,5,6,6,4,8,7,8,5,4,5,1,3,4,7,7,7,6,6,3,7,3,7,,4,,,2,1,1,4,2,1,3,3,9,9,7,9,2,4,1,4,4,3,5,2,2,2,9,9,3,5,5,3,4,4,4,1,2,2,3,1,6,6,9,9,,,2,2,,,2,5,3,1,2,1,1,3,1,1,7,8,2,2,2,4,3,5,1,3,1,3,6,9,,3,,,b'\x11\xe8\xe1I\xcc\x16\x84\xc4\xaf\x82\x12\xdf\x17\xaeN\x1e'
11E8E149-CC16-84C4-AF82-12DF17AE4E1E,2024-ncaa-d1-natl,ncaa,172,177,130,184,153,254,284,283,259,284,241,294,215,251,128,215,142,155,147,153,96,271,201,239,213,289,111,181,51,254,223,197,234,226,209,258,193,346,348,327,214,224,324,309,,,201,193,,,242,175,201,206,299,328,340,319,260,228,262,148,161,162,322,246,274,228,266,293,336,221,327,,191,,,240,120,122,170,115,72,97,144,254,267,182,302,102,153,20,149,204,161,193,151,129,87,275,307,125,220,234,105,223,144,209,55,43,99,91,42,303,314,319,338,,,131,75,,,242,183,303,102,243,107,101,138,64,65,253,261,102,147,143,121,176,215,91,128,46,96,299,327,,128,,,b'\x11\xe8\xe1I\xcc\x16\x84\xc4\xaf\x82\x12\xdf\x17\xaeN\x1e'
11E8E149-CC16-84C4-AF82-12DF17AE4E1E,2025-ncaa-d0-natl,genius_ncaa,312,292,301,316,306,352,352,352,322,340,312,339,311,324,246,246,318,308,234,305,210,350,314,321,324,353,186,223,122,254,160,184,186,221,125,314,143,353,358,355,358,358,267,233,,,246,337,,288,344,315,217,65,352,352,351,333,254,298,309,286,277,272,347,219,201,63,104,304,357,355,242,,333,,333,345,113,82,111,115,39,47,143,247,269,166,316,204,244,62,245,317,132,70,144,140,243,326,300,258,180,186,21,160,51,125,105,194,349,336,303,335,354,116,244,,,314,241,,164,344,54,353,266,343,251,196,272,111,119,316,336,282,308,309,304,223,267,93,166,199,325,354,184,,253,,123,b'\x11\xe8\xe1I\xcc\x16\x84\xc4\xaf\x82\x12\xdf\x17\xaeN\x1e'
11E8E149-CC16-84C4-AF82-12DF17AE4E1E,2025-ncaa-d1-conf-Big South,genius_ncaa,7,7,6,7,6,9,9,9,8,9,6,8,7,7,4,6,6,6,4,6,5,9,8,8,7,8,6,6,2,5,2,1,1,2,1,8,3,9,9,9,9,9,3,2,,,6,7,,8,8,8,9,1,9,9,9,8,5,7,7,6,6,5,9,5,5,1,1,7,9,9,3,,7,,8,8,3,1,2,3,1,1,3,7,7,7,8,5,6,3,6,7,3,1,3,3,6,9,8,6,2,1,1,2,1,1,5,7,8,8,7,8,9,6,7,,,8,6,,4,8,3,8,6,8,5,3,6,2,2,8,9,7,7,7,8,1,3,1,1,6,8,8,6,,7,,4,b'\x11\xe8\xe1I\xcc\x16\x84\xc4\xaf\x82\x12\xdf\x17\xaeN\x1e'
11E8E149-CC16-84C4-AF82-12DF17AE4E1E,2025-ncaa-d1-natl,genius_ncaa,312,292,304,313,309,350,354,352,333,340,308,348,304,323,243,240,300,299,240,296,184,351,303,327,322,353,154,211,95,244,144,171,177,216,108,325,136,355,358,355,358,358,261,226,,,253,340,,297,344,316,216,66,351,352,348,335,257,295,306,270,262,260,344,214,188,69,97,311,357,357,234,,333,,333,344,122,85,113,121,46,52,150,251,260,183,308,209,245,59,247,311,138,69,154,151,244,326,299,259,182,177,24,144,51,108,102,186,337,326,296,341,355,106,236,,,295,222,,141,344,58,352,261,343,253,204,262,117,123,305,333,277,304,304,296,221,262,84,157,197,315,355,174,,225,,109,b'\x11\xe8\xe1I\xcc\x16\x84\xc4\xaf\x82\x12\xdf\x17\xaeN\x1e'
11E8E149-CC16-84C4-AF82-12DF17AE4E1E,2026-ncaa-d0-natl,genius_ncaa,260,295,116,284,142,281,272,255,295,290,237,327,199,239,101,176,295,300,189,298,278,263,203,285,297,337,101,76,238,187,153,207,260,202,192,246,149,358,362,347,328,351,248,222,,,247,289,,293,342,199,312,97,352,346,355,349,318,221,282,334,339,332,359,305,224,280,282,308,356,356,285,,245,,295,334,283,235,213,219,122,89,273,351,337,255,358,265,216,349,213,297,211,171,280,300,322,357,351,206,243,260,119,153,157,192,282,269,269,318,323,351,355,350,357,,,190,201,,27,342,163,339,323,339,274,227,195,78,16,354,356,251,186,191,198,84,224,56,101,256,328,345,348,,254,,35,b'\x11\xe8\xe1I\xcc\x16\x84\xc4\xaf\x82\x12\xdf\x17\xaeN\x1e'
11E8E149-CC16-84C4-AF82-12DF17AE4E1E,2026-ncaa-d1-natl,genius_ncaa,203,294,13,268,35,198,208,144,285,243,144,335,92,152,53,175,207,199,205,187,241,152,56,250,261,328,60,56,212,67,100,40,153,41,87,155,88,362,361,334,326,355,112,106,,,332,274,,331,322,63,246,100,327,325,343,343,282,155,259,306,306,297,346,218,154,95,111,247,357,355,165,,236,,302,307,332,307,335,115,166,173,170,361,361,209,359,294,292,224,300,294,338,302,197,203,279,358,355,169,288,153,228,100,265,87,316,283,238,335,321,360,348,350,340,,,76,157,,9,322,297,321,279,312,242,182,254,51,25,354,360,210,200,208,255,115,193,70,97,249,341,345,327,,190,,41,b'\x11\xe8\xe1I\xcc\x16\x84\xc4\xaf\x82\x12\xdf\x17\xaeN\x1e'
11E8E149-CC1A-BEE0-AF82-12DF17AE4E1E,2010-ncaa-d0-natl,ncaa,159,174,122,172,132,113,120,93,179,98,68,205,203,209,151,256,68,66,149,69,158,83,72,208,188,194,213,242,87,143,234,51,159,73,180,204,300,286,213,255,137,213,176,234,,,287,177,,,232,51,17,60,91,97,61,90,44,206,233,56,58,65,53,28,150,31,47,220,269,147,189,,278,,,228,314,315,302,193,306,302,204,223,238,160,149,242,269,97,268,166,306,296,180,164,198,124,145,142,279,159,302,234,309,180,173,35,140,236,151,181,110,116,59,,,105,221,,,232,295,212,202,221,313,320,332,312,325,221,245,237,254,252,333,328,278,299,303,159,144,166,115,,101,,,b'\x11\xe8\xe1I\xcc\x1a\xbe\xe0\xaf\x82\x12\xdf\x17\xaeN\x1e'
11E8E149-CC1A-BEE0-AF82-12DF17AE4E1E,2010-ncaa-d1-conf-Southland,ncaa,4,4,3,4,3,3,4,5,2,2,3,4,8,10,1,11,2,2,3,2,5,5,3,4,3,4,8,9,3,8,9,2,5,3,6,5,5,10,8,5,4,7,2,3,,,9,5,,,5,3,3,4,4,4,5,4,4,7,11,2,2,2,6,7,10,1,5,5,8,5,4,,6,,,5,9,9,10,5,9,8,7,10,10,5,8,6,8,3,8,5,9,9,6,4,4,5,8,5,8,5,8,9,9,6,6,3,5,8,5,5,2,6,6,,,3,7,,,5,9,5,5,6,7,7,8,8,7,8,10,4,4,7,9,8,7,4,6,4,7,3,7,,4,,,b'\x11\xe8\xe1I\xcc\x1a\xbe\xe0\xaf\x82\x12\xdf\x17\xaeN\x1e'
11E8E149-CC1A-BEE0-AF82-12DF17AE4E1E,2010-ncaa-d1-natl,ncaa,166,174,134,177,143,120,130,102,184,105,76,209,206,225,151,255,75,70,150,76,159,91,82,210,191,194,213,243,83,155,238,56,163,81,186,214,301,274,213,257,149,218,182,235,,,277,176,,,236,56,17,58,95,102,62,93,44,209,234,58,59,68,53,30,150,31,48,232,268,156,191,,279,,,234,309,310,297,201,304,299,211,215,229,162,149,228,258,101,258,164,304,293,189,172,208,123,146,141,277,163,293,238,304,186,165,36,158,241,157,166,112,112,61,,,116,221,,,236,291,214,212,225,319,320,332,317,325,221,246,237,256,255,334,328,282,298,304,166,152,168,118,,100,,,b'\x11\xe8\xe1I\xcc\x1a\xbe\xe0\xaf\x82\x12\xdf\x17\xaeN\x1e'
11E8E149-CC1A-BEE0-AF82-12DF17AE4E1E,2011-ncaa-d0-natl,ncaa,282,264,288,282,300,284,286,282,275,259,205,298,279,283,190,262,178,173,194,169,139,274,256,283,269,280,176,236,53,249,260,227,309,248,301,311,302,234,284,318,277,282,149,145,,,187,221,,,307,249,63,152,249,261,193,221,122,255,267,114,108,105,168,95,191,101,125,307,299,253,116,,281,,,308,177,128,168,113,119,165,114,153,168,163,175,283,248,295,238,251,185,141,118,172,214,247,165,287,295,309,177,260,253,301,88,77,266,269,190,267,304,31,43,,,205,138,,,307,92,296,274,306,298,247,312,230,295,234,249,315,298,295,321,312,333,301,332,173,205,308,57,,93,,,b'\x11\xe8\xe1I\xcc\x1a\xbe\xe0\xaf\x82\x12\xdf\x17\xaeN\x1e'
11E8E149-CC1A-BEE0-AF82-12DF17AE4E1E,2011-ncaa-d1-conf-Southland,ncaa,8,8,9,8,12,12,12,11,10,11,9,11,11,11,7,11,10,9,9,9,9,11,10,10,10,10,9,11,8,9,7,9,12,10,9,10,7,8,10,10,11,9,5,4,,,4,7,,,8,12,7,10,12,12,10,9,5,11,11,9,9,9,10,7,5,4,5,10,10,10,5,,7,,,8,1,1,4,1,1,2,1,4,9,3,9,7,7,9,6,9,3,3,1,2,2,11,10,11,11,12,3,7,6,9,1,6,9,8,5,10,12,1,1,,,10,9,,,8,1,11,7,8,4,3,9,3,6,6,11,7,7,7,9,8,12,4,9,2,7,10,1,,9,,,b'\x11\xe8\xe1I\xcc\x1a\xbe\xe0\xaf\x82\x12\xdf\x17\xaeN\x1e'
11E8E149-CC1A-BEE0-AF82-12DF17AE4E1E,2011-ncaa-d1-natl,ncaa,289,262,321,288,331,295,296,306,281,280,228,302,283,289,188,262,195,189,195,183,137,299,287,286,271,282,175,237,53,267,262,248,310,265,306,324,307,222,287,321,289,290,157,150,,,170,222,,,313,277,63,152,255,268,198,228,126,251,266,115,112,107,174,96,194,103,133,313,300,257,117,,283,,,316,157,116,140,117,108,142,116,142,154,164,172,270,233,296,227,249,156,105,123,174,219,243,161,287,289,310,157,262,237,306,75,79,284,278,199,257,306,29,44,,,229,139,,,313,65,300,285,314,301,251,312,236,296,234,249,318,302,300,322,313,336,303,333,175,214,309,58,,93,,,b'\x11\xe8\xe1I\xcc\x1a\xbe\xe0\xaf\x82\x12\xdf\x17\xaeN\x1e'
11E8E149-CC1A-BEE0-AF82-12DF17AE4E1E,2012-ncaa-d0-natl,ncaa,316,288,318,316,328,317,315,312,291,247,204,295,331,328,322,314,266,276,132,274,278,313,284,314,303,325,305,325,81,213,127,282,282,272,200,319,279,286,329,331,290,275,281,252,,,205,301,,,309,293,78,173,289,280,208,147,68,329,315,189,201,201,215,87,123,158,133,302,336,246,251,,319,,,317,109,105,57,239,92,40,281,171,200,123,268,148,195,27,190,300,66,64,246,231,228,223,219,190,182,282,35,127,67,200,135,199,239,179,208,299,327,35,52,,,291,243,,,309,46,317,255,317,273,264,252,249,164,259,297,258,296,296,278,285,303,174,256,254,125,331,93,,179,,,b'\x11\xe8\xe1I\xcc\x1a\xbe\xe0\xaf\x82\x12\xdf\x17\xaeN\x1e'
11E8E149-CC1A-BEE0-AF82-12DF17AE4E1E,2012-ncaa-d1-conf-Southland,ncaa,10,10,9,10,12,12,11,11,11,9,6,11,12,12,12,12,11,12,4,12,12,12,9,12,12,12,12,12,4,6,6,7,7,7,5,12,10,12,12,12,8,7,9,6,,,8,11,,,12,10,4,12,12,10,9,5,1,12,12,9,11,11,10,4,5,4,3,10,12,6,8,,11,,,12,6,5,2,8,5,1,9,9,8,4,9,5,6,1,6,10,4,3,8,7,7,8,8,5,5,7,1,6,3,5,7,10,7,5,7,12,12,3,2,,,11,11,,,12,3,12,8,12,7,7,8,6,5,10,11,7,9,9,8,9,7,4,6,10,3,12,4,,11,,,b'\x11\xe8\xe1I\xcc\x1a\xbe\xe0\xaf\x82\x12\xdf\x17\xaeN\x1e'
11E8E149-CC1A-BEE0-AF82-12DF17AE4E1E,2012-ncaa-d1-natl,ncaa,311,288,325,312,334,320,318,316,288,249,198,291,334,328,322,317,251,267,133,267,263,314,275,312,301,323,305,326,64,216,138,278,276,266,197,319,271,306,332,330,276,265,278,249,,,225,300,,,309,291,90,177,298,291,233,156,80,331,318,185,198,200,236,103,141,154,144,300,336,236,251,,319,,,314,125,108,63,226,87,34,269,198,229,132,283,146,197,28,194,298,74,72,236,220,223,240,240,184,196,276,38,138,74,197,136,189,226,170,192,306,328,60,69,,,283,219,,,309,51,319,247,312,268,248,242,225,139,265,302,251,291,289,272,281,302,160,250,241,122,332,121,,174,,,b'\x11\xe8\xe1I\xcc\x1a\xbe\xe0\xaf\x82\x12\xdf\x17\xaeN\x1e'
11E8E149-CC1A-BEE0-AF82-12DF17AE4E1E,2013-ncaa-d0-natl,ncaa,304,310,183,310,218,227,182,137,249,130,71,254,284,269,286,277,263,271,148,272,334,163,119,283,292,299,311,276,235,170,225,151,269,150,262,237,267,313,282,303,255,297,182,199,,,285,257,,,331,107,31,179,235,166,82,97,33,283,271,264,271,276,124,47,154,98,113,240,312,251,180,,306,,,326,314,302,257,291,261,196,294,320,302,283,275,250,299,8,299,284,278,253,306,288,309,263,282,137,288,269,273,225,290,262,306,239,206,272,296,314,287,208,142,,,201,258,,,331,225,304,320,327,328,320,322,292,229,322,318,262,300,299,334,325,315,295,318,313,190,309,219,,188,,,b'\x11\xe8\xe1I\xcc\x1a\xbe\xe0\xaf\x82\x12\xdf\x17\xaeN\x1e'
11E8E149-CC1A-BEE0-AF82-12DF17AE4E1E,2013-ncaa-d1-conf-WAC,ncaa,9,9,7,9,8,10,9,10,8,6,4,10,10,9,9,8,8,10,5,10,10,10,8,10,9,10,9,8,7,7,7,8,9,8,7,9,9,7,9,10,8,8,5,3,,,6,8,,,10,7,5,6,10,8,9,6,3,9,9,7,9,9,9,5,5,7,8,9,8,7,4,,7,,,10,7,4,3,7,2,2,7,10,9,7,10,7,7,2,7,7,4,5,7,7,8,10,10,6,7,9,3,7,5,7,7,9,6,7,8,7,9,5,2,,,9,8,,,10,4,10,9,10,8,7,6,3,3,10,9,7,7,7,8,7,8,4,7,8,6,9,5,,7,,,b'\x11\xe8\xe1I\xcc\x1a\xbe\xe0\xaf\x82\x12\xdf\x17\xaeN\x1e'
11E8E149-CC1A-BEE0-AF82-12DF17AE4E1E,2013-ncaa-d1-natl,ncaa,310,310,210,314,254,247,200,155,258,138,82,261,288,280,289,278,270,281,149,280,334,188,138,284,296,300,307,276,233,191,226,168,276,169,267,252,270,303,284,305,271,299,196,199,,,276,260,,,331,135,31,172,242,175,86,100,35,283,272,263,272,275,132,50,155,101,119,245,313,260,184,,306,,,327,313,298,249,294,253,174,296,318,297,291,272,237,293,9,291,284,267,231,309,293,312,263,278,137,281,276,260,226,284,267,302,239,225,282,302,307,289,202,145,,,221,254,,,331,203,306,322,328,332,321,323,296,228,323,317,267,304,302,335,324,320,298,320,315,194,310,224,,186,,,b'\x11\xe8\xe1I\xcc\x1a\xbe\xe0\xaf\x82\x12\xdf\x17\xaeN\x1e'
11E8E149-CC1A-BEE0-AF82-12DF17AE4E1E,2014-ncaa-d0-natl,ncaa,337,332,254,341,257,293,307,320,257,280,253,267,280,290,207,241,170,169,151,170,89,308,215,263,226,318,156,235,37,160,62,206,230,180,80,280,170,347,349,336,321,328,259,250,,,332,346,,,311,226,130,33,294,307,317,254,226,268,272,115,127,129,295,100,121,118,104,264,348,311,257,,346,,,313,167,80,104,136,82,93,147,168,172,142,184,322,332,70,333,340,165,128,148,184,231,312,164,327,203,230,14,62,36,80,108,184,268,272,218,349,348,57,104,,,148,91,,,311,119,314,257,317,264,167,194,150,157,209,227,330,339,340,293,252,274,31,99,171,234,349,77,,60,,,b'\x11\xe8\xe1I\xcc\x1a\xbe\xe0\xaf\x82\x12\xdf\x17\xaeN\x1e'
11E8E149-CC1A-BEE0-AF82-12DF17AE4E1E,2014-ncaa-d1-conf-Sun Belt,ncaa,10,10,9,10,10,9,9,9,4,9,9,4,8,8,5,6,9,10,6,10,6,9,8,5,5,10,7,6,5,6,1,5,6,6,1,6,1,10,10,9,10,10,5,3,,,10,10,,,10,9,5,2,8,8,8,7,9,7,8,8,9,9,8,4,3,2,3,3,10,10,3,,10,,,10,3,2,3,1,1,1,4,7,8,3,9,7,9,2,9,10,4,2,3,4,8,10,9,9,6,6,1,1,2,1,5,10,10,10,9,10,10,3,4,,,7,7,,,10,1,9,8,10,7,3,6,2,4,9,8,10,10,10,7,6,8,2,4,8,10,10,4,,6,,,b'\x11\xe8\xe1I\xcc\x1a\xbe\xe0\xaf\x82\x12\xdf\x17\xaeN\x1e'
11E8E149-CC1A-BEE0-AF82-12DF17AE4E1E,2014-ncaa-d1-natl,ncaa,341,331,307,341,311,307,319,333,258,292,274,273,286,295,207,241,191,190,154,192,89,323,247,267,228,319,155,238,37,177,64,234,233,207,81,294,177,347,349,336,326,329,265,252,,,331,346,,,316,262,132,33,298,308,319,259,229,269,272,118,128,131,298,105,129,124,109,272,349,313,258,,346,,,320,149,67,77,143,60,66,154,152,159,145,182,316,324,73,325,340,133,93,150,191,240,311,166,329,184,233,8,64,24,81,101,183,289,274,224,349,348,52,110,,,168,89,,,316,84,315,270,320,270,172,194,152,156,211,229,333,340,340,295,250,280,32,99,174,243,349,82,,61,,,b'\x11\xe8\xe1I\xcc\x1a\xbe\xe0\xaf\x82\x12\xdf\x17\xaeN\x1e'
11E8E149-CC1A-BEE0-AF82-12DF17AE4E1E,2015-ncaa-d0-natl,ncaa,162,103,283,151,294,313,300,323,191,259,295,128,285,257,314,180,316,264,341,262,150,319,315,212,256,282,270,229,235,187,56,314,159,286,75,213,47,176,292,208,143,68,104,45,,,193,340,,,134,329,321,95,306,273,304,218,254,269,219,296,223,214,300,266,125,275,222,146,261,91,73,,290,,,131,3,2,6,38,2,15,26,19,14,150,88,155,185,53,181,311,8,15,38,61,28,278,119,329,32,159,11,56,6,75,6,127,163,51,26,214,305,215,290,,,251,89,,,134,17,265,29,139,15,5,8,13,35,35,29,218,250,249,15,26,81,31,33,27,93,276,270,,150,,,b'\x11\xe8\xe1I\xcc\x1a\xbe\xe0\xaf\x82\x12\xdf\x17\xaeN\x1e'
11E8E149-CC1A-BEE0-AF82-12DF17AE4E1E,2015-ncaa-d1-conf-Sun Belt,ncaa,5,4,5,5,5,10,9,9,6,7,9,5,9,7,10,5,10,8,11,8,7,8,9,7,9,10,7,6,9,6,1,8,3,8,2,5,1,7,9,6,4,3,1,1,,,9,11,,,4,10,10,5,10,9,9,9,10,9,7,10,8,8,10,9,4,9,5,5,7,3,1,,9,,,4,2,1,1,2,1,1,1,4,4,6,6,8,9,6,9,11,1,1,2,2,2,11,8,11,2,3,3,1,1,2,2,6,4,4,3,9,10,11,11,,,7,5,,,4,1,8,2,4,2,2,2,1,1,4,4,9,8,8,3,2,3,4,2,2,4,7,11,,6,,,b'\x11\xe8\xe1I\xcc\x1a\xbe\xe0\xaf\x82\x12\xdf\x17\xaeN\x1e'
11E8E149-CC1A-BEE0-AF82-12DF17AE4E1E,2015-ncaa-d1-natl,ncaa,142,103,209,131,229,282,260,291,179,218,259,136,243,223,269,177,293,237,341,229,154,285,278,193,237,254,248,202,251,140,48,282,144,229,60,147,36,181,262,162,107,52,87,40,,,234,335,,,87,314,322,98,280,248,283,204,238,237,208,289,212,207,278,261,106,260,181,113,221,75,67,,278,,,80,2,1,8,20,2,26,18,26,23,136,97,152,194,37,192,290,8,19,18,33,8,286,135,321,51,144,14,48,12,60,15,151,123,44,21,217,281,242,291,,,201,100,,,87,26,225,14,86,8,2,8,9,31,34,31,180,224,222,15,25,79,34,35,25,87,248,271,,152,,,b'\x11\xe8\xe1I\xcc\x1a\xbe\xe0\xaf\x82\x12\xdf\x17\xaeN\x1e'
11E8E149-CC1A-BEE0-AF82-12DF17AE4E1E,2016-ncaa-d0-natl,ncaa,177,181,175,187,209,259,285,313,195,289,299,239,182,227,63,162,175,228,36,223,118,305,273,172,138,219,90,132,72,235,108,231,50,244,54,132,8,293,337,217,219,169,172,114,,,196,300,,,155,284,303,198,285,307,339,303,299,182,223,173,236,235,331,304,226,242,252,111,310,215,167,,219,,,155,29,29,24,123,20,27,106,129,100,243,199,138,164,69,156,279,23,48,141,146,95,283,225,250,12,50,16,108,9,54,39,143,146,62,62,281,314,190,275,,,207,107,,,155,68,221,70,154,38,25,15,22,19,143,100,158,184,181,15,29,18,25,16,53,128,283,199,,201,,,b'\x11\xe8\xe1I\xcc\x1a\xbe\xe0\xaf\x82\x12\xdf\x17\xaeN\x1e'
11E8E149-CC1A-BEE0-AF82-12DF17AE4E1E,2016-ncaa-d1-conf-Sun Belt,ncaa,6,6,5,6,5,7,8,9,7,8,8,8,4,5,3,4,6,9,1,9,5,9,9,4,4,4,4,5,4,7,3,4,2,6,2,2,1,6,7,2,10,9,6,3,,,3,9,,,4,9,9,2,8,8,9,8,9,5,5,4,9,9,10,9,7,3,6,2,5,11,6,,5,,,4,2,1,2,2,1,2,2,5,4,5,9,4,5,2,5,8,3,3,3,4,4,9,8,7,3,2,1,3,2,2,3,5,8,5,5,6,9,6,9,,,8,6,,,4,3,5,4,3,2,2,3,1,2,5,5,4,5,5,3,3,3,2,2,3,9,6,7,,9,,,b'\x11\xe8\xe1I\xcc\x1a\xbe\xe0\xaf\x82\x12\xdf\x17\xaeN\x1e'
11E8E149-CC1A-BEE0-AF82-12DF17AE4E1E,2016-ncaa-d1-natl,ncaa,174,179,142,184,179,243,271,314,179,280,287,226,172,215,59,157,163,228,34,219,110,306,270,160,128,207,90,130,69,224,114,221,50,225,55,124,7,299,331,193,207,147,172,117,,,207,299,,,139,274,302,199,270,295,336,299,298,175,211,160,226,224,332,297,224,236,242,105,297,200,171,,216,,,136,20,15,17,99,13,22,85,122,96,217,201,162,180,74,178,289,21,42,122,119,81,289,218,274,15,50,9,114,6,55,34,141,129,57,47,268,306,188,269,,,203,108,,,139,73,210,56,131,34,19,13,14,17,134,106,173,195,195,15,29,20,26,16,46,126,265,193,,196,,,b'\x11\xe8\xe1I\xcc\x1a\xbe\xe0\xaf\x82\x12\xdf\x17\xaeN\x1e'
11E8E149-CC1A-BEE0-AF82-12DF17AE4E1E,2017-ncaa-d0-natl,ncaa,93,39,234,63,288,157,175,225,92,180,256,73,155,152,170,121,127,138,151,145,62,218,222,92,84,109,140,163,118,169,86,318,205,283,149,95,34,175,215,109,37,13,300,266,,,308,345,,,85,238,127,345,97,118,170,140,228,128,115,82,93,102,161,135,129,327,267,42,239,19,295,,338,,,78,54,15,10,209,22,18,159,87,35,299,114,290,299,115,301,347,21,88,215,266,85,299,159,339,48,205,33,86,23,149,18,92,35,8,6,185,216,223,274,,,101,23,,,85,115,98,62,74,100,37,11,44,26,120,48,319,324,326,35,161,84,71,60,42,10,236,260,,24,,,b'\x11\xe8\xe1I\xcc\x1a\xbe\xe0\xaf\x82\x12\xdf\x17\xaeN\x1e'
11E8E149-CC1A-BEE0-AF82-12DF17AE4E1E,2017-ncaa-d1-conf-Sun Belt,ncaa,2,2,3,2,7,3,4,4,3,5,8,2,4,3,7,6,2,3,2,3,1,4,5,3,2,3,3,6,2,7,5,10,6,9,7,1,1,5,7,2,1,1,10,10,,,11,12,,,3,5,3,12,2,4,6,6,8,4,4,2,2,2,5,6,6,11,9,1,5,1,10,,11,,,3,5,2,2,8,4,4,4,8,4,12,7,11,11,4,11,12,4,9,9,9,4,11,9,12,3,6,3,5,3,7,3,5,2,1,2,7,8,10,11,,,3,1,,,3,9,3,5,2,4,2,2,3,2,8,4,11,11,11,2,8,3,3,2,3,1,7,9,,2,,,b'\x11\xe8\xe1I\xcc\x1a\xbe\xe0\xaf\x82\x12\xdf\x17\xaeN\x1e'
11E8E149-CC1A-BEE0-AF82-12DF17AE4E1E,2017-ncaa-d1-natl,ncaa,69,39,144,61,215,127,147,180,120,156,208,94,147,136,175,132,82,82,171,93,44,156,146,110,97,119,131,167,94,141,98,298,179,240,155,69,38,216,208,113,26,12,273,251,,,330,345,,,77,166,113,343,103,130,167,149,218,140,121,60,61,68,143,121,124,320,256,45,234,17,281,,338,,,69,74,25,12,185,35,34,131,114,48,302,109,311,324,86,325,347,29,157,195,244,69,308,164,340,58,179,87,98,55,155,29,91,20,6,5,213,207,265,279,,,52,22,,,77,186,109,50,69,86,29,11,42,26,121,46,311,326,329,35,167,78,99,72,35,8,232,272,,18,,,b'\x11\xe8\xe1I\xcc\x1a\xbe\xe0\xaf\x82\x12\xdf\x17\xaeN\x1e'
11E8E149-CC1A-BEE0-AF82-12DF17AE4E1E,2018-ncaa-d0-natl,ncaa,118,94,164,107,172,212,209,235,168,180,194,146,239,218,253,203,165,122,294,122,84,217,214,190,198,225,224,230,113,202,184,208,222,206,196,175,124,195,232,199,234,229,135,112,,,294,322,,,178,210,236,54,218,210,241,164,188,232,217,150,107,106,215,202,193,199,202,160,225,229,127,,310,,,179,96,78,88,102,100,110,134,78,105,72,131,260,284,65,291,310,125,133,91,105,110,212,113,299,184,222,133,184,147,196,126,225,163,143,133,199,221,123,147,,,67,21,,,178,131,218,121,186,114,77,83,103,112,95,114,269,291,301,128,151,209,153,182,137,150,207,140,,30,,,b'\x11\xe8\xe1I\xcc\x1a\xbe\xe0\xaf\x82\x12\xdf\x17\xaeN\x1e'
11E8E149-CC1A-BEE0-AF82-12DF17AE4E1E,2018-ncaa-d1-conf-Sun Belt,ncaa,4,3,8,4,9,8,8,10,5,6,7,3,7,7,9,6,7,7,9,7,6,10,10,6,5,5,8,7,6,4,5,9,7,8,5,5,4,4,8,4,9,8,2,2,,,11,12,,,7,11,9,3,6,7,6,5,6,7,7,6,7,7,7,7,4,9,5,5,6,8,2,,11,,,7,2,2,1,7,2,1,5,5,6,7,7,9,11,3,11,12,2,1,6,7,6,11,7,10,2,7,4,5,3,5,4,11,7,6,7,5,8,5,5,,,3,2,,,7,1,7,8,7,4,2,2,2,2,6,6,9,11,11,4,3,5,5,4,5,7,7,5,,3,,,b'\x11\xe8\xe1I\xcc\x1a\xbe\xe0\xaf\x82\x12\xdf\x17\xaeN\x1e'
11E8E149-CC1A-BEE0-AF82-12DF17AE4E1E,2018-ncaa-d1-natl,ncaa,134,94,213,112,225,256,249,277,176,209,231,156,257,240,255,202,191,145,292,147,85,263,268,204,206,233,213,227,110,231,190,245,228,251,208,197,125,172,238,209,253,232,153,117,,,277,325,,,198,268,239,49,236,228,252,183,192,233,219,152,106,109,225,219,200,209,215,169,223,236,132,,309,,,199,61,48,53,114,75,73,146,65,79,78,128,246,270,70,278,312,74,79,102,118,121,206,103,300,159,228,111,190,119,208,104,226,189,147,143,176,226,110,157,,,92,19,,,198,70,227,134,202,122,87,86,114,114,98,111,276,296,303,129,144,211,162,184,150,155,210,145,,36,,,b'\x11\xe8\xe1I\xcc\x1a\xbe\xe0\xaf\x82\x12\xdf\x17\xaeN\x1e'
11E8E149-CC1A-BEE0-AF82-12DF17AE4E1E,2019-ncaa-d0-natl,ncaa,41,34,80,41,81,70,70,118,36,62,94,64,133,203,37,244,61,70,108,67,119,105,122,53,47,50,208,220,128,261,256,168,162,199,214,21,15,133,97,27,23,24,101,74,,,335,326,,,29,91,177,30,73,73,193,70,124,150,241,64,91,88,161,214,292,243,294,18,93,30,119,,320,,,30,115,63,115,74,77,110,107,81,158,27,170,321,321,218,323,329,156,251,64,104,38,274,92,339,158,162,177,256,169,214,65,138,19,19,12,162,123,22,18,,,22,12,,,29,259,71,31,32,58,21,28,43,37,55,118,296,290,292,48,165,110,115,94,44,34,120,17,,20,,,b'\x11\xe8\xe1I\xcc\x1a\xbe\xe0\xaf\x82\x12\xdf\x17\xaeN\x1e'
11E8E149-CC1A-BEE0-AF82-12DF17AE4E1E,2019-ncaa-d1-conf-Sun Belt,ncaa,2,2,5,2,5,4,6,7,2,6,8,3,7,8,1,8,3,4,5,4,2,6,7,1,1,1,6,8,2,10,9,6,5,7,5,1,1,2,3,1,2,1,2,1,,,9,11,,,2,7,9,1,2,2,7,4,7,7,8,2,3,3,6,8,10,5,6,1,2,2,2,,11,,,1,2,1,2,2,2,1,7,3,6,1,9,11,10,11,10,12,3,5,2,4,3,10,4,12,1,5,3,9,2,5,2,5,3,1,2,5,6,1,2,,,4,1,,,2,5,1,2,2,2,1,2,2,1,2,7,11,11,11,2,4,2,3,2,2,2,5,1,,2,,,b'\x11\xe8\xe1I\xcc\x1a\xbe\xe0\xaf\x82\x12\xdf\x17\xaeN\x1e'
11E8E149-CC1A-BEE0-AF82-12DF17AE4E1E,2019-ncaa-d1-natl,ncaa,39,34,62,38,65,68,72,124,40,67,89,67,134,203,44,245,52,70,103,67,116,97,120,58,52,50,204,221,122,253,257,183,166,216,223,22,13,120,96,28,30,33,100,76,,,338,332,,,33,84,182,30,77,83,193,74,123,156,239,64,94,91,165,218,286,253,300,19,90,33,120,,321,,,31,107,50,96,71,74,106,108,68,154,29,159,325,320,208,322,333,159,251,59,109,37,273,86,342,155,166,184,257,170,223,59,138,22,20,10,161,124,21,16,,,23,12,,,33,267,74,30,34,48,16,23,34,35,48,107,305,299,300,47,160,99,115,90,39,36,118,17,,21,,,b'\x11\xe8\xe1I\xcc\x1a\xbe\xe0\xaf\x82\x12\xdf\x17\xaeN\x1e'
11E8E149-CC1A-BEE0-AF82-12DF17AE4E1E,2020-ncaa-d0-natl,ncaa,52,81,8,75,22,56,34,74,39,23,66,29,185,175,214,216,197,132,282,134,217,77,62,57,82,100,305,259,294,186,208,23,88,54,109,10,11,249,185,43,40,58,93,97,,,334,307,,,51,32,161,273,125,70,207,47,152,229,225,264,215,217,215,224,246,65,146,14,170,73,131,,284,,,55,165,107,228,35,78,214,23,211,215,166,173,308,327,48,326,303,269,309,44,54,40,314,218,313,217,88,240,208,241,109,121,172,59,97,58,203,132,102,55,,,84,166,,,51,322,115,40,56,59,26,76,24,89,146,144,249,284,281,116,146,129,105,114,70,122,124,62,,197,,,b'\x11\xe8\xe1I\xcc\x1a\xbe\xe0\xaf\x82\x12\xdf\x17\xaeN\x1e'
11E8E149-CC1A-BEE0-AF82-12DF17AE4E1E,2020-ncaa-d1-conf-Sun Belt,ncaa,2,3,1,3,2,4,1,3,1,2,4,1,4,4,6,6,10,10,9,8,11,3,4,1,2,2,11,7,12,6,6,3,2,4,3,1,1,9,7,1,1,1,2,2,,,12,12,,,1,4,6,8,4,3,5,3,6,5,6,11,11,11,6,5,6,3,5,1,5,1,3,,11,,,1,1,1,4,1,1,1,1,5,7,3,8,10,10,1,10,12,5,6,1,2,1,12,9,12,1,2,5,6,2,3,1,6,1,2,1,7,6,2,2,,,8,10,,,1,9,3,1,1,1,1,2,1,1,4,6,7,10,10,2,2,1,1,1,1,1,5,2,,10,,,b'\x11\xe8\xe1I\xcc\x1a\xbe\xe0\xaf\x82\x12\xdf\x17\xaeN\x1e'
11E8E149-CC1A-BEE0-AF82-12DF17AE4E1E,2020-ncaa-d1-natl,ncaa,60,81,12,76,35,70,44,102,41,29,84,30,200,191,219,216,221,159,282,160,215,102,95,60,86,104,302,257,290,209,216,32,94,74,116,14,12,233,188,49,53,67,102,100,,,324,311,,,62,54,164,273,136,76,215,51,160,233,226,265,214,217,222,231,251,74,155,15,173,85,132,,286,,,66,135,82,198,39,60,187,25,198,196,172,169,295,320,51,320,303,244,286,47,57,45,311,215,311,199,94,208,216,209,116,111,176,80,109,62,182,140,93,60,,,111,166,,,62,300,120,46,65,62,29,76,27,94,147,140,252,285,282,117,147,136,107,116,72,126,129,66,,199,,,b'\x11\xe8\xe1I\xcc\x1a\xbe\xe0\xaf\x82\x12\xdf\x17\xaeN\x1e'
11E8E149-CC1A-BEE0-AF82-12DF17AE4E1E,2021-ncaa-d0-natl,ncaa,151,60,273,97,281,281,284,286,220,284,282,249,231,261,117,167,262,272,158,275,198,284,286,209,209,203,118,132,163,294,283,265,165,284,242,206,12,64,206,112,189,60,185,125,,,59,172,,,94,282,260,224,269,279,285,265,230,182,219,224,236,242,285,304,282,185,258,97,161,77,127,,147,,,83,35,32,54,18,41,64,33,28,52,10,84,81,83,113,88,226,57,62,16,19,10,123,50,304,74,165,83,283,78,242,36,174,203,42,24,59,167,39,79,,,268,103,,,94,63,235,11,78,10,9,39,36,103,15,52,157,181,192,47,82,154,212,189,37,64,133,51,,181,,,b'\x11\xe8\xe1I\xcc\x1a\xbe\xe0\xaf\x82\x12\xdf\x17\xaeN\x1e'
11E8E149-CC1A-BEE0-AF82-12DF17AE4E1E,2021-ncaa-d1-conf-Sun Belt,ncaa,4,3,9,3,9,9,9,9,8,11,11,8,5,6,4,3,10,10,7,10,7,9,10,7,7,5,4,3,9,11,10,10,4,9,9,5,1,2,5,2,4,1,5,4,,,3,3,,,3,10,9,8,9,8,8,8,9,4,5,10,11,11,10,10,11,8,9,2,2,3,5,,4,,,3,1,1,1,1,1,2,1,1,1,1,3,4,4,7,4,8,1,2,1,1,1,6,1,12,2,4,6,10,7,9,1,8,6,2,1,3,5,5,7,,,9,5,,,3,3,7,1,3,1,1,2,1,2,1,3,4,5,5,2,4,5,8,5,2,3,4,5,,8,,,b'\x11\xe8\xe1I\xcc\x1a\xbe\xe0\xaf\x82\x12\xdf\x17\xaeN\x1e'
11E8E149-CC1A-BEE0-AF82-12DF17AE4E1E,2021-ncaa-d1-natl,ncaa,119,60,231,84,248,254,251,264,193,256,253,213,205,228,119,175,233,248,139,252,194,266,263,181,169,191,132,145,157,265,254,228,142,247,189,147,11,106,226,104,163,76,173,134,,,98,206,,,79,264,258,225,248,247,279,247,226,180,216,214,228,232,278,286,258,147,216,62,184,96,143,,162,,,68,51,47,71,13,53,92,17,44,62,23,100,125,128,140,132,239,74,85,10,18,10,201,69,317,98,142,105,254,95,189,53,173,171,63,29,85,162,46,73,,,233,104,,,79,81,206,10,64,10,6,43,23,109,26,60,185,198,201,52,87,151,168,148,32,83,124,48,,160,,,b'\x11\xe8\xe1I\xcc\x1a\xbe\xe0\xaf\x82\x12\xdf\x17\xaeN\x1e'
11E8E149-CC1A-BEE0-AF82-12DF17AE4E1E,2022-ncaa-d0-natl,ncaa,79,35,216,55,227,126,128,171,65,64,87,75,306,307,267,329,58,50,217,48,82,149,189,123,105,79,324,339,59,235,249,141,246,183,235,85,64,44,58,33,169,191,125,171,,,143,114,,,111,173,66,98,67,61,112,19,31,307,316,28,16,14,49,96,223,65,108,28,72,145,114,,198,,,108,171,224,237,172,289,278,190,46,92,23,50,110,148,52,151,77,226,207,121,99,144,13,24,104,290,246,194,249,233,235,95,26,226,260,154,66,72,42,16,,,168,150,,,111,180,100,170,115,225,286,321,327,342,51,108,137,176,188,312,308,313,264,301,121,208,94,50,,117,,,b'\x11\xe8\xe1I\xcc\x1a\xbe\xe0\xaf\x82\x12\xdf\x17\xaeN\x1e'
11E8E149-CC1A-BEE0-AF82-12DF17AE4E1E,2022-ncaa-d1-conf-Sun Belt,ncaa,2,2,1,2,1,2,2,2,3,2,2,4,7,8,4,10,2,2,7,2,5,2,2,5,5,3,9,10,3,4,6,2,7,3,7,1,3,7,2,1,2,4,2,3,,,7,2,,,2,2,8,9,4,3,5,3,4,8,9,5,3,3,5,6,6,5,4,2,2,6,2,,2,,,2,10,12,11,8,12,12,9,6,9,1,2,4,4,5,5,2,11,11,3,2,4,1,2,2,12,7,11,6,11,7,8,4,2,9,6,7,1,7,4,,,4,7,,,2,11,2,4,3,3,7,8,9,10,1,3,1,1,1,6,6,8,6,7,3,9,2,4,,6,,,b'\x11\xe8\xe1I\xcc\x1a\xbe\xe0\xaf\x82\x12\xdf\x17\xaeN\x1e'
11E8E149-CC1A-BEE0-AF82-12DF17AE4E1E,2022-ncaa-d1-natl,ncaa,93,35,270,62,274,166,158,221,69,75,101,82,315,320,279,330,71,57,216,57,78,188,237,132,112,85,324,339,56,263,258,181,255,224,245,103,63,28,59,39,201,204,144,176,,,112,113,,,136,226,73,94,74,66,122,21,34,310,319,27,17,15,57,103,235,70,124,34,72,163,116,,204,,,130,141,198,199,186,276,270,199,31,72,30,50,94,123,53,125,82,183,155,131,107,153,12,26,105,276,255,163,258,201,245,77,28,263,273,173,51,75,35,17,,,198,145,,,136,128,112,193,140,242,298,323,336,343,52,107,143,186,194,321,306,316,269,304,135,215,93,52,,115,,,b'\x11\xe8\xe1I\xcc\x1a\xbe\xe0\xaf\x82\x12\xdf\x17\xaeN\x1e'
11E8E149-CC1A-BEE0-AF82-12DF17AE4E1E,2022-ncaa-d1-ncaatournament,ncaa,37,2,37,37,38,42,43,50,17,44,46,33,39,56,4,48,49,47,57,44,37,49,57,17,21,12,39,22,50,57,46,45,46,48,51,45,58,3,10,14,48,42,35,18,,,23,56,,,34,53,36,5,15,16,29,18,18,17,45,36,29,25,24,41,45,24,34,38,4,36,14,,56,,,40,15,13,23,40,13,20,36,20,20,46,33,22,32,4,29,60,28,19,41,37,48,42,38,38,27,46,12,46,24,51,1,1,64,65,24,1,2,32,56,,,53,41,,,34,10,15,53,42,47,43,51,41,48,42,41,50,63,60,60,43,53,39,53,1,64,1,57,,42,,,b'\x11\xe8\xe1I\xcc\x1a\xbe\xe0\xaf\x82\x12\xdf\x17\xaeN\x1e'
11E8E149-CC1A-BEE0-AF82-12DF17AE4E1E,2023-ncaa-d0-natl,ncaa,195,203,164,209,168,87,98,111,100,38,28,163,339,349,248,358,16,12,237,16,75,85,81,185,153,148,338,359,19,108,146,178,222,144,197,99,144,232,145,134,46,57,170,185,,,318,282,,,205,73,12,33,49,56,44,8,7,344,352,3,2,4,24,10,95,162,112,71,243,30,167,,335,,,205,323,306,215,325,296,224,290,270,177,348,122,323,342,28,342,327,264,281,326,326,304,241,173,280,221,222,226,146,237,197,321,288,70,100,213,280,212,269,136,,,24,26,,,205,278,144,287,209,349,332,269,315,272,287,190,333,349,348,328,348,246,252,268,329,46,287,286,,3,,,b'\x11\xe8\xe1I\xcc\x1a\xbe\xe0\xaf\x82\x12\xdf\x17\xaeN\x1e'
11E8E149-CC1A-BEE0-AF82-12DF17AE4E1E,2023-ncaa-d1-conf-WAC,ncaa,9,8,9,9,10,4,4,4,5,1,2,7,13,13,9,13,1,1,6,1,7,3,3,7,7,6,12,13,1,7,7,6,7,8,9,4,6,5,3,2,3,3,6,5,,,11,11,,,8,3,1,3,1,1,3,1,1,12,13,1,1,1,1,1,3,4,5,3,6,2,5,,12,,,8,12,10,8,9,10,7,8,10,7,13,6,10,12,2,12,11,9,9,11,11,12,11,11,9,6,7,6,7,7,9,11,10,6,7,8,5,5,10,5,,,3,3,,,8,11,5,11,8,13,13,10,10,11,11,8,12,13,13,10,13,8,8,9,11,6,6,9,,1,,,b'\x11\xe8\xe1I\xcc\x1a\xbe\xe0\xaf\x82\x12\xdf\x17\xaeN\x1e'
11E8E149-CC1A-BEE0-AF82-12DF17AE4E1E,2023-ncaa-d1-natl,ncaa,202,203,151,212,159,88,98,115,102,30,23,168,341,355,241,358,12,8,242,10,61,76,69,183,154,155,336,359,11,123,162,176,223,149,210,104,156,262,168,152,46,62,176,200,,,323,285,,,219,53,11,31,49,60,58,10,7,346,354,3,2,2,29,13,111,170,125,92,269,29,173,,333,,,219,334,322,238,330,319,249,312,263,179,345,116,321,341,30,341,321,283,304,331,329,309,220,165,263,230,223,233,162,249,210,327,271,71,111,223,308,242,273,140,,,20,21,,,219,297,156,301,230,351,338,274,330,279,274,186,330,348,348,329,346,246,252,267,329,53,304,283,,3,,,b'\x11\xe8\xe1I\xcc\x1a\xbe\xe0\xaf\x82\x12\xdf\x17\xaeN\x1e'
11E8E149-CC1A-BEE0-AF82-12DF17AE4E1E,2024-ncaa-d0-natl,ncaa,142,176,52,168,85,74,70,69,102,49,37,138,182,205,142,282,53,43,222,46,139,55,62,133,131,112,257,271,116,130,229,76,275,89,248,43,56,186,97,62,117,207,46,64,,,322,215,,,207,49,54,263,85,82,83,50,59,220,248,74,58,59,68,99,190,94,137,45,124,163,52,,282,,,206,345,316,324,177,267,298,133,339,322,302,231,339,335,165,335,298,336,333,210,223,259,322,286,268,347,275,336,229,346,248,351,341,119,240,315,215,126,194,70,,,78,184,,,207,317,130,285,194,315,278,302,197,244,330,295,314,317,324,326,317,328,267,311,339,175,151,140,,139,,,b'\x11\xe8\xe1I\xcc\x1a\xbe\xe0\xaf\x82\x12\xdf\x17\xaeN\x1e'
11E8E149-CC1A-BEE0-AF82-12DF17AE4E1E,2024-ncaa-d1-conf-WAC,ncaa,4,5,1,5,2,3,3,3,4,1,1,7,9,10,3,11,3,3,9,3,10,3,3,6,6,6,10,10,4,1,5,4,9,3,6,2,4,5,3,2,5,6,1,1,,,11,7,,,6,3,3,9,4,4,3,2,1,10,11,3,3,3,3,4,5,5,5,2,4,6,1,,8,,,6,9,8,8,4,6,9,1,10,9,10,6,11,11,6,11,7,9,9,5,5,4,9,8,9,11,9,8,5,9,6,10,8,4,5,5,6,4,6,2,,,3,5,,,6,9,6,5,6,5,4,5,5,7,8,7,10,11,11,6,8,10,4,5,7,5,4,3,,4,,,b'\x11\xe8\xe1I\xcc\x1a\xbe\xe0\xaf\x82\x12\xdf\x17\xaeN\x1e'
11E8E149-CC1A-BEE0-AF82-12DF17AE4E1E,2024-ncaa-d1-natl,ncaa,155,177,78,177,116,92,92,88,112,58,45,147,207,233,147,284,69,57,225,59,142,74,80,144,142,122,256,271,108,171,245,98,284,124,269,51,57,163,98,68,145,228,51,68,,,312,225,,,231,66,60,264,95,95,92,58,62,229,255,75,60,60,72,102,206,105,154,47,126,179,53,,291,,,230,339,305,313,196,261,277,150,334,312,308,231,336,333,178,334,303,328,324,226,240,277,325,286,271,346,284,320,245,345,269,351,344,152,258,323,192,142,180,83,,,96,178,,,231,304,138,300,223,325,288,305,212,251,332,298,320,322,327,329,319,333,280,321,343,187,156,149,,135,,,b'\x11\xe8\xe1I\xcc\x1a\xbe\xe0\xaf\x82\x12\xdf\x17\xaeN\x1e'
11E8E149-CC1A-BEE0-AF82-12DF17AE4E1E,2025-ncaa-d0-natl,genius_ncaa,147,130,194,140,234,125,140,147,152,66,67,154,324,315,317,338,32,28,190,31,80,115,119,218,178,158,316,348,21,165,202,196,300,184,272,118,103,175,137,133,84,93,58,53,,,288,254,,288,158,106,18,269,90,99,84,37,24,329,323,12,9,10,43,37,154,167,153,82,214,58,37,,321,,312,159,218,188,203,166,223,236,174,127,148,118,99,322,325,146,320,285,244,255,137,183,134,186,80,319,295,300,248,202,276,272,282,307,77,92,159,209,170,276,171,,,29,18,,100,158,246,165,162,163,273,229,258,261,278,143,167,331,338,334,308,340,315,293,314,302,53,227,297,,6,,85,b'\x11\xe8\xe1I\xcc\x1a\xbe\xe0\xaf\x82\x12\xdf\x17\xaeN\x1e'
11E8E149-CC1A-BEE0-AF82-12DF17AE4E1E,2025-ncaa-d1-conf-WAC,genius_ncaa,2,2,1,2,1,2,2,1,3,1,1,4,9,9,7,9,1,1,2,1,5,1,1,5,4,3,9,9,2,3,6,2,6,1,6,2,6,5,1,2,3,4,1,3,,,8,4,,9,3,1,1,3,2,2,1,1,1,9,9,1,2,2,1,1,4,3,3,3,3,3,2,,7,,8,3,7,7,9,6,9,9,5,4,4,3,3,9,9,2,9,6,9,9,5,5,4,3,3,6,9,6,8,6,8,6,9,8,3,4,5,3,3,5,1,,,1,1,,2,3,9,3,5,3,6,5,5,7,7,4,3,7,9,9,5,9,7,6,6,7,4,3,4,,1,,4,b'\x11\xe8\xe1I\xcc\x1a\xbe\xe0\xaf\x82\x12\xdf\x17\xaeN\x1e'
11E8E149-CC1A-BEE0-AF82-12DF17AE4E1E,2025-ncaa-d1-natl,genius_ncaa,130,130,113,135,154,85,86,92,115,35,34,129,313,306,313,337,17,13,183,18,82,71,71,181,150,136,323,347,25,124,163,126,273,122,224,69,79,240,132,107,55,79,39,41,,,311,231,,304,112,60,13,269,64,74,70,23,23,327,323,12,8,10,32,31,135,128,115,57,212,51,31,,308,,302,112,260,215,260,134,248,275,141,163,200,119,108,327,329,143,327,273,284,298,118,145,106,192,107,312,309,273,266,163,303,224,300,307,51,85,135,246,162,278,135,,,19,20,,99,112,294,128,128,125,245,213,255,229,272,145,175,321,329,323,299,341,309,259,299,289,42,220,278,,8,,101,b'\x11\xe8\xe1I\xcc\x1a\xbe\xe0\xaf\x82\x12\xdf\x17\xaeN\x1e'
11E8E149-CC1A-BEE0-AF82-12DF17AE4E1E,2026-ncaa-d0-natl,genius_ncaa,123,152,116,159,142,172,193,246,98,140,163,147,297,332,113,349,67,87,84,89,72,225,188,132,97,197,257,341,27,276,250,130,168,183,141,155,94,340,341,261,108,100,37,35,,,280,300,,205,150,157,143,97,227,245,352,160,193,334,356,55,73,78,334,260,327,127,238,170,330,103,26,,293,,183,149,139,100,162,51,199,257,90,4,44,1,10,341,349,121,344,308,189,207,20,44,50,59,1,359,210,168,104,250,140,141,135,235,126,133,100,360,357,20,26,,,79,27,,95,150,207,231,59,152,83,40,85,171,269,1,12,329,341,339,168,204,191,39,70,98,125,353,20,,58,,110,b'\x11\xe8\xe1I\xcc\x1a\xbe\xe0\xaf\x82\x12\xdf\x17\xaeN\x1e'
11E8E149-CC1A-BEE0-AF82-12DF17AE4E1E,2026-ncaa-d1-natl,genius_ncaa,163,152,177,171,197,253,271,325,118,214,230,183,331,357,121,351,96,123,84,124,68,301,265,162,117,230,242,344,19,334,281,196,181,276,171,218,97,320,354,291,161,133,44,37,,,243,305,,178,194,225,160,100,261,287,358,201,209,346,358,58,80,84,350,281,343,143,284,208,341,132,26,,303,,198,191,89,59,96,70,160,197,115,1,14,1,10,326,339,133,333,316,135,137,23,66,75,51,1,361,164,181,50,281,89,171,100,243,191,165,130,356,360,13,29,,,110,22,,112,194,138,264,93,192,103,53,97,209,278,1,12,344,350,348,184,197,204,41,79,124,161,357,21,,52,,109,b'\x11\xe8\xe1I\xcc\x1a\xbe\xe0\xaf\x82\x12\xdf\x17\xaeN\x1e'
11E8E149-CC1F-1210-AF82-12DF17AE4E1E,2010-ncaa-d0-natl,ncaa,242,251,178,251,240,300,329,338,248,342,342,223,119,120,142,26,159,132,261,130,1,330,326,171,143,234,6,33,14,338,339,240,279,326,323,256,24,207,324,264,304,292,274,252,,,19,34,,,297,304,323,345,322,340,345,345,342,108,99,145,104,103,343,339,340,257,337,269,229,309,274,,19,,,293,104,164,157,180,108,63,253,285,290,141,327,9,18,91,18,47,115,64,221,165,252,206,315,16,226,279,82,339,124,323,294,321,325,313,338,238,312,311,344,,,189,11,,,297,38,280,306,302,129,199,192,125,53,301,316,20,25,25,121,40,250,92,167,312,328,252,317,,163,,,b'\x11\xe8\xe1I\xcc\x1f\x12\x10\xaf\x82\x12\xdf\x17\xaeN\x1e'
11E8E149-CC1F-1210-AF82-12DF17AE4E1E,2010-ncaa-d1-conf-OVC,ncaa,4,4,3,4,4,7,9,10,5,10,10,5,4,4,4,2,3,3,5,3,1,10,10,2,1,6,2,3,1,10,10,7,9,10,10,7,1,7,9,7,9,9,6,6,,,2,2,,,8,8,10,10,9,10,10,10,10,4,5,4,4,4,10,10,10,9,10,8,7,10,6,,2,,,8,4,7,6,5,4,2,8,10,10,3,10,2,2,5,2,2,4,4,7,4,5,7,9,2,9,9,2,10,5,10,10,9,9,10,10,8,10,9,10,,,5,1,,,8,3,7,7,8,3,6,5,4,2,9,10,1,1,1,2,1,8,2,4,9,10,8,8,,5,,,b'\x11\xe8\xe1I\xcc\x1f\x12\x10\xaf\x82\x12\xdf\x17\xaeN\x1e'
11E8E149-CC1F-1210-AF82-12DF17AE4E1E,2010-ncaa-d1-natl,ncaa,250,251,191,257,275,314,338,345,256,343,344,228,124,128,144,26,167,141,258,138,1,341,341,179,146,238,5,32,14,340,339,264,281,338,324,276,23,195,325,266,315,298,281,257,,,10,35,,,306,327,323,345,324,342,345,345,342,107,100,143,105,104,344,339,340,262,337,277,229,313,275,,18,,,305,84,147,140,183,97,45,256,281,285,145,326,8,11,93,11,49,98,35,230,173,263,203,315,16,208,281,60,339,105,324,291,322,330,316,338,230,315,308,345,,,202,10,,,306,15,287,311,311,134,201,193,126,51,301,315,20,25,25,123,38,252,94,171,314,327,255,318,,161,,,b'\x11\xe8\xe1I\xcc\x1f\x12\x10\xaf\x82\x12\xdf\x17\xaeN\x1e'
11E8E149-CC1F-1210-AF82-12DF17AE4E1E,2011-ncaa-d0-natl,ncaa,71,60,77,67,99,46,71,69,121,201,264,80,3,4,59,8,63,81,78,82,15,67,77,46,47,36,5,8,170,160,244,29,84,55,140,87,172,98,47,64,209,265,183,198,,,197,90,,,100,64,67,213,34,72,71,247,307,3,7,74,97,101,60,110,200,17,58,98,70,243,204,,146,,,101,311,316,311,186,268,198,290,334,338,64,336,144,168,62,175,168,307,285,222,182,244,229,307,52,249,84,304,244,302,140,315,230,203,291,303,95,57,320,335,,,111,194,,,100,285,37,245,97,277,293,315,218,123,327,342,109,134,138,304,267,206,267,252,288,258,71,305,,153,,,b'\x11\xe8\xe1I\xcc\x1f\x12\x10\xaf\x82\x12\xdf\x17\xaeN\x1e'
11E8E149-CC1F-1210-AF82-12DF17AE4E1E,2011-ncaa-d1-conf-OVC,ncaa,1,1,2,1,2,1,1,2,2,6,8,1,1,2,1,1,1,1,2,1,1,2,3,1,1,1,1,1,7,5,5,1,4,2,4,1,2,3,2,1,2,3,2,3,,,3,1,,,1,3,2,4,1,1,2,6,9,1,2,2,2,2,2,3,6,1,2,1,2,2,2,,2,,,1,8,10,10,4,9,8,7,9,10,1,7,2,2,1,2,1,10,10,5,1,3,2,7,1,10,4,8,5,10,4,10,8,4,8,8,4,2,10,10,,,4,6,,,1,10,1,5,1,6,10,10,9,7,8,10,1,2,2,10,10,9,6,7,9,5,3,10,,5,,,b'\x11\xe8\xe1I\xcc\x1f\x12\x10\xaf\x82\x12\xdf\x17\xaeN\x1e'
11E8E149-CC1F-1210-AF82-12DF17AE4E1E,2011-ncaa-d1-natl,ncaa,76,57,95,72,115,51,83,77,123,216,284,83,3,4,63,8,69,94,77,94,15,76,89,46,46,36,5,8,168,176,247,33,87,67,149,100,173,78,46,65,222,270,195,204,,,178,92,,,111,77,67,208,35,76,76,252,312,3,8,77,96,102,62,113,204,18,59,106,70,248,208,,145,,,110,305,312,307,192,252,175,291,333,338,67,335,138,161,67,165,169,301,277,230,186,250,229,307,52,233,87,291,247,288,149,313,232,228,297,311,85,58,316,338,,,126,192,,,111,275,39,250,105,281,297,317,222,125,327,341,111,136,140,304,269,207,271,252,292,264,72,305,,152,,,b'\x11\xe8\xe1I\xcc\x1f\x12\x10\xaf\x82\x12\xdf\x17\xaeN\x1e'
11E8E149-CC1F-1210-AF82-12DF17AE4E1E,2011-ncaa-d1-ncaatournament,ncaa,33,2,33,33,34,57,61,61,46,59,61,32,48,52,51,11,45,42,47,42,7,62,56,44,43,55,14,31,14,57,51,47,41,56,46,54,31,30,62,60,58,61,56,56,,,7,18,,,63,48,33,3,57,61,61,59,61,43,29,35,27,27,62,54,54,36,54,53,61,58,56,,18,,,63,30,29,29,60,32,20,61,26,27,35,42,5,8,13,8,15,26,20,60,58,62,13,34,5,18,41,8,51,14,46,37,55,60,62,64,41,63,2,12,,,43,23,,,63,19,59,61,63,62,61,57,61,49,49,52,14,18,20,56,42,35,26,31,62,60,63,4,,33,,,b'\x11\xe8\xe1I\xcc\x1f\x12\x10\xaf\x82\x12\xdf\x17\xaeN\x1e'
11E8E149-CC1F-1210-AF82-12DF17AE4E1E,2012-ncaa-d0-natl,ncaa,44,36,81,45,93,8,18,29,20,112,213,26,2,3,3,10,78,142,12,144,107,39,77,4,7,1,7,7,305,209,295,59,58,117,203,10,38,4,1,1,158,201,179,217,,,126,41,,,23,54,54,129,1,8,13,132,273,2,4,94,191,190,20,113,254,73,163,5,4,192,204,,68,,,23,324,341,314,309,328,276,325,317,311,232,291,47,68,80,69,37,301,270,315,289,302,83,278,6,144,58,318,295,288,203,328,210,180,255,306,15,5,322,326,,,190,290,,,23,287,4,278,29,296,327,306,309,244,316,309,35,40,42,271,230,101,298,228,315,237,8,320,,255,,,b'\x11\xe8\xe1I\xcc\x1f\x12\x10\xaf\x82\x12\xdf\x17\xaeN\x1e'
11E8E149-CC1F-1210-AF82-12DF17AE4E1E,2012-ncaa-d1-conf-OVC,ncaa,1,1,1,1,3,1,1,2,1,3,8,1,1,1,1,1,2,4,2,4,3,2,4,1,1,1,1,1,10,7,8,1,2,3,4,1,1,1,1,1,1,1,2,4,,,4,2,,,1,3,3,9,1,1,2,6,9,1,1,4,5,5,2,7,9,3,6,1,1,1,4,,2,,,1,7,8,9,5,7,9,7,7,9,5,8,2,3,3,4,1,7,7,5,4,4,2,7,1,5,2,7,8,5,4,8,5,2,4,7,1,1,9,9,,,7,9,,,1,9,1,4,1,5,6,8,6,6,5,7,2,2,2,6,6,2,4,3,6,4,1,8,,9,,,b'\x11\xe8\xe1I\xcc\x1f\x12\x10\xaf\x82\x12\xdf\x17\xaeN\x1e'
11E8E149-CC1F-1210-AF82-12DF17AE4E1E,2012-ncaa-d1-natl,ncaa,50,36,90,47,102,8,18,33,23,126,240,26,3,4,3,10,84,159,13,160,106,42,91,4,7,1,6,7,306,232,301,70,63,133,209,10,39,2,1,1,174,211,186,222,,,99,43,,,26,61,57,125,1,8,13,137,278,2,5,93,197,194,20,118,257,75,171,6,4,197,206,,70,,,26,320,339,312,312,324,259,326,317,308,236,290,40,54,83,54,38,291,257,318,295,307,81,277,6,135,63,313,301,269,209,327,213,207,261,309,12,5,318,328,,,205,287,,,26,278,5,282,36,299,328,307,311,247,316,309,36,41,42,274,229,104,301,233,317,244,9,322,,260,,,b'\x11\xe8\xe1I\xcc\x1f\x12\x10\xaf\x82\x12\xdf\x17\xaeN\x1e'
11E8E149-CC1F-1210-AF82-12DF17AE4E1E,2012-ncaa-d1-ncaatournament,ncaa,33,2,33,33,34,53,51,37,59,48,41,56,49,45,56,21,52,58,6,57,61,39,51,59,59,53,40,29,46,45,49,41,51,42,50,45,11,2,2,1,62,62,36,19,,,4,7,,,54,56,52,5,52,49,7,44,24,38,17,50,58,57,15,47,30,20,23,36,2,62,17,,6,,,56,16,24,31,22,8,15,18,37,34,41,61,2,1,9,1,7,25,21,32,23,38,52,63,3,27,51,29,49,31,50,16,31,60,60,60,17,41,49,63,,,61,62,,,54,8,52,55,56,45,54,63,20,28,61,62,3,2,2,56,42,57,61,63,41,60,35,63,,61,,,b'\x11\xe8\xe1I\xcc\x1f\x12\x10\xaf\x82\x12\xdf\x17\xaeN\x1e'
11E8E149-CC1F-1210-AF82-12DF17AE4E1E,2013-ncaa-d0-natl,ncaa,96,145,24,131,25,13,23,26,56,116,227,26,4,3,41,9,72,146,16,144,81,35,59,15,17,7,18,15,277,263,325,115,268,167,323,40,171,34,9,17,98,169,38,45,,,210,60,,,94,31,129,42,15,31,56,202,309,3,3,134,228,228,79,204,310,246,315,63,10,156,54,,97,,,99,341,337,317,304,312,244,322,335,336,224,310,277,271,208,271,213,321,319,317,312,305,250,288,105,309,268,335,325,338,323,345,337,84,194,321,62,33,281,306,,,85,191,,,94,314,17,306,102,305,297,252,257,105,315,320,204,189,186,245,234,238,288,286,339,165,30,223,,205,,,b'\x11\xe8\xe1I\xcc\x1f\x12\x10\xaf\x82\x12\xdf\x17\xaeN\x1e'
11E8E149-CC1F-1210-AF82-12DF17AE4E1E,2013-ncaa-d1-conf-OVC,ncaa,1,1,1,1,1,1,1,1,2,3,9,1,1,1,2,2,3,3,1,3,5,1,2,1,1,1,2,2,8,7,10,3,10,4,10,1,5,3,1,1,1,4,1,1,,,3,1,,,1,1,5,3,1,1,3,7,11,1,1,3,8,8,4,8,9,7,9,3,1,4,1,,1,,,1,12,12,12,5,12,11,7,12,12,6,11,2,3,1,4,3,12,12,6,5,4,7,11,2,12,10,12,10,12,10,12,12,1,4,10,7,3,7,8,,,5,7,,,1,12,1,4,1,6,9,10,6,4,10,11,2,2,2,10,12,11,8,10,12,3,2,6,,8,,,b'\x11\xe8\xe1I\xcc\x1f\x12\x10\xaf\x82\x12\xdf\x17\xaeN\x1e'
11E8E149-CC1F-1210-AF82-12DF17AE4E1E,2013-ncaa-d1-natl,ncaa,107,145,27,135,28,14,25,29,58,129,249,26,4,3,41,9,80,158,16,157,79,38,69,16,17,8,17,14,275,273,327,127,275,186,324,48,171,24,9,17,115,175,41,45,,,197,61,,,104,36,134,41,15,31,60,204,310,3,3,132,227,227,81,206,313,250,316,64,9,159,57,,96,,,107,341,336,314,307,309,231,324,332,334,225,309,271,263,206,263,213,317,315,320,316,309,252,284,104,303,275,333,327,337,324,344,337,98,198,323,53,34,275,310,,,93,185,,,104,309,18,313,111,308,299,253,263,108,315,319,206,191,190,246,235,238,291,290,339,169,32,229,,202,,,b'\x11\xe8\xe1I\xcc\x1f\x12\x10\xaf\x82\x12\xdf\x17\xaeN\x1e'
11E8E149-CC1F-1210-AF82-12DF17AE4E1E,2013-ncaa-d1-ncaatournament,ncaa,33,2,33,33,35,38,37,55,14,38,58,13,28,44,10,17,48,47,56,47,31,56,57,9,13,13,19,14,51,62,62,64,64,64,64,51,61,14,39,45,52,50,38,45,,,7,10,,,61,46,38,7,30,25,50,32,54,6,22,46,41,41,51,54,62,64,64,50,26,41,33,,16,,,61,31,30,27,63,42,29,62,2,6,6,7,33,20,62,20,32,28,24,61,62,63,4,2,36,33,64,13,62,28,64,41,57,60,60,63,21,56,31,58,,,46,27,,,61,13,30,63,62,63,62,54,64,60,2,8,57,41,43,55,47,59,44,59,63,56,44,51,,36,,,b'\x11\xe8\xe1I\xcc\x1f\x12\x10\xaf\x82\x12\xdf\x17\xaeN\x1e'
11E8E149-CC1F-1210-AF82-12DF17AE4E1E,2014-ncaa-d0-natl,ncaa,39,27,85,34,108,16,30,60,22,106,235,12,8,17,29,34,18,33,32,31,11,48,88,8,6,4,29,45,112,253,301,197,93,236,259,40,144,14,7,12,21,17,202,207,,,220,150,,,25,58,35,216,3,22,58,140,283,6,18,10,29,29,37,114,284,265,301,36,10,12,228,,179,,,21,304,309,192,325,285,139,334,286,260,259,267,185,153,289,154,189,198,271,334,325,242,175,236,108,72,93,292,301,224,259,340,321,20,14,146,21,6,229,273,,,35,33,,,25,293,5,183,26,270,275,123,243,71,272,245,157,125,126,106,250,45,262,164,323,12,11,208,,28,,,b'\x11\xe8\xe1I\xcc\x1f\x12\x10\xaf\x82\x12\xdf\x17\xaeN\x1e'
11E8E149-CC1F-1210-AF82-12DF17AE4E1E,2014-ncaa-d1-conf-OVC,ncaa,1,1,3,1,4,1,1,1,1,1,7,1,1,1,1,3,1,1,2,1,2,1,2,1,1,1,3,3,8,7,8,8,7,10,9,1,4,1,1,1,1,1,7,7,,,7,2,,,1,1,2,6,1,1,1,3,8,1,3,1,1,1,1,3,10,10,11,1,1,1,8,,3,,,1,10,11,7,11,11,5,12,8,10,4,11,4,3,8,3,5,7,12,12,9,1,4,8,4,6,7,9,8,8,9,12,12,1,1,3,1,1,5,5,,,1,2,,,1,12,1,1,1,5,9,7,8,4,7,10,4,3,3,4,10,4,8,6,12,1,1,4,,2,,,b'\x11\xe8\xe1I\xcc\x1f\x12\x10\xaf\x82\x12\xdf\x17\xaeN\x1e'
11E8E149-CC1F-1210-AF82-12DF17AE4E1E,2014-ncaa-d1-natl,ncaa,42,27,100,35,126,18,32,71,23,122,256,14,9,19,30,33,20,37,33,34,11,55,109,9,6,4,28,44,110,270,306,223,95,256,270,44,149,10,7,12,26,18,215,214,,,207,150,,,25,64,40,219,3,25,61,145,287,7,18,10,31,31,38,122,285,271,304,37,10,16,232,,183,,,22,292,298,174,327,273,119,334,281,252,262,267,178,143,293,143,188,174,261,334,330,250,171,235,107,56,95,282,306,198,270,336,320,23,15,152,14,6,219,278,,,44,31,,,25,285,5,192,28,276,280,127,251,73,274,249,162,129,131,107,247,43,264,171,324,16,11,216,,28,,,b'\x11\xe8\xe1I\xcc\x1f\x12\x10\xaf\x82\x12\xdf\x17\xaeN\x1e'
11E8E149-CC1F-1210-AF82-12DF17AE4E1E,2014-ncaa-d1-ncaatournament,ncaa,33,2,33,33,34,48,56,63,34,58,62,30,31,40,29,9,35,36,35,36,2,59,64,28,22,15,5,11,11,60,59,37,39,47,43,43,9,7,29,23,57,54,54,56,,,7,19,,,25,59,57,3,47,56,63,58,62,10,14,19,18,18,59,64,60,29,47,35,10,54,53,,16,,,25,4,3,11,9,4,9,23,6,20,4,37,19,22,38,22,54,10,7,6,11,14,37,16,57,17,39,6,59,6,43,2,12,54,48,22,5,13,23,60,,,39,5,,,25,7,32,18,21,11,7,24,11,17,9,36,42,47,47,25,16,41,31,31,5,48,5,46,,18,,,b'\x11\xe8\xe1I\xcc\x1f\x12\x10\xaf\x82\x12\xdf\x17\xaeN\x1e'
11E8E149-CC1F-1210-AF82-12DF17AE4E1E,2015-ncaa-d0-natl,ncaa,57,67,48,71,62,38,42,78,19,60,147,22,33,69,26,99,56,64,148,62,52,70,78,11,14,18,104,96,191,152,166,107,170,114,143,41,117,159,93,61,57,65,281,286,,,261,179,,,43,68,173,243,32,35,162,106,245,55,94,87,89,90,142,200,216,204,231,51,97,64,302,,181,,,45,295,285,275,237,210,165,236,334,326,286,318,151,176,67,175,173,267,287,276,247,190,290,321,81,233,170,179,166,216,143,317,284,75,92,181,116,77,131,124,,,50,69,,,43,284,22,191,44,179,201,143,108,54,313,299,94,109,109,114,164,148,78,85,266,102,75,78,,88,,,b'\x11\xe8\xe1I\xcc\x1f\x12\x10\xaf\x82\x12\xdf\x17\xaeN\x1e'
11E8E149-CC1F-1210-AF82-12DF17AE4E1E,2015-ncaa-d1-conf-OVC,ncaa,1,1,1,1,2,1,1,2,1,1,3,1,1,5,2,4,3,2,3,2,2,2,2,1,1,1,4,4,6,3,2,4,9,3,3,1,4,4,3,1,1,1,11,11,,,8,5,,,1,2,9,10,1,1,6,1,9,2,5,4,5,3,6,9,5,7,8,1,2,1,12,,5,,,1,7,7,9,2,2,6,3,12,12,5,11,5,5,2,5,6,9,11,3,3,1,11,12,4,12,9,4,2,7,3,10,11,2,2,2,5,3,6,6,,,1,2,,,1,11,1,1,1,2,2,5,1,1,10,10,4,4,5,3,5,8,2,3,7,2,3,5,,3,,,b'\x11\xe8\xe1I\xcc\x1f\x12\x10\xaf\x82\x12\xdf\x17\xaeN\x1e'
11E8E149-CC1F-1210-AF82-12DF17AE4E1E,2015-ncaa-d1-natl,ncaa,68,67,55,72,77,42,49,93,19,77,172,26,41,79,30,98,67,73,138,71,54,81,92,12,14,18,102,95,191,177,174,135,179,140,151,45,119,127,97,62,63,67,292,289,,,249,180,,,48,84,179,241,34,36,172,112,247,55,97,89,89,90,149,205,226,212,234,60,95,67,304,,181,,,51,280,274,254,247,191,135,247,329,320,293,314,133,154,68,149,177,243,270,281,257,203,290,318,81,215,179,152,174,188,151,309,285,86,98,192,108,81,115,126,,,61,70,,,48,270,23,208,51,193,217,146,114,53,317,297,93,113,111,119,161,147,81,88,268,104,76,84,,90,,,b'\x11\xe8\xe1I\xcc\x1f\x12\x10\xaf\x82\x12\xdf\x17\xaeN\x1e'
11E8E149-CC1F-1210-AF82-12DF17AE4E1E,2016-ncaa-d0-natl,ncaa,65,58,76,65,107,48,53,130,19,205,329,9,4,10,7,6,252,312,10,308,182,165,209,4,4,4,9,4,343,347,348,148,158,285,318,26,46,31,47,12,48,51,289,281,,,93,58,,,33,112,178,280,37,42,192,257,343,2,11,289,331,330,251,317,348,216,338,16,24,53,309,,54,,,32,214,250,233,216,151,79,281,328,333,167,342,31,33,146,39,88,186,229,265,227,164,258,334,19,184,158,263,348,244,318,281,272,63,72,159,31,46,76,218,,,234,239,,,33,238,16,153,32,155,194,146,106,21,307,325,23,21,23,86,147,127,189,159,246,71,22,58,,308,,,b'\x11\xe8\xe1I\xcc\x1f\x12\x10\xaf\x82\x12\xdf\x17\xaeN\x1e'
11E8E149-CC1F-1210-AF82-12DF17AE4E1E,2016-ncaa-d1-conf-OVC,ncaa,2,1,5,2,6,4,4,8,1,9,12,1,1,2,1,1,9,12,1,12,7,9,9,1,1,1,1,1,12,12,12,8,7,11,11,2,2,1,1,1,1,1,12,8,,,2,3,,,1,9,7,10,1,1,8,9,12,1,1,9,12,12,10,11,12,7,11,2,1,1,12,,3,,,1,2,4,4,4,1,1,7,11,12,4,12,1,1,2,1,5,2,5,6,4,1,12,12,1,6,7,7,12,6,11,6,10,1,1,2,2,2,1,3,,,11,9,,,1,5,2,1,1,2,3,3,1,1,11,12,1,1,1,2,5,6,5,6,6,1,2,1,,12,,,b'\x11\xe8\xe1I\xcc\x1f\x12\x10\xaf\x82\x12\xdf\x17\xaeN\x1e'
11E8E149-CC1F-1210-AF82-12DF17AE4E1E,2016-ncaa-d1-natl,ncaa,73,58,99,67,132,60,65,163,19,239,340,9,5,11,7,6,271,325,9,320,181,203,248,4,4,4,9,4,343,349,349,177,165,317,327,31,51,23,48,13,60,55,295,285,,,74,61,,,41,148,185,282,38,44,203,264,343,2,11,291,332,330,259,319,349,229,341,18,24,60,310,,57,,,39,192,233,202,225,137,51,288,321,331,175,341,24,24,152,30,90,156,189,275,233,179,255,333,17,151,165,244,349,219,327,272,271,80,75,178,23,51,68,228,,,261,234,,,41,201,17,170,38,168,206,148,116,22,309,325,23,22,24,92,145,126,198,163,254,78,25,62,,306,,,b'\x11\xe8\xe1I\xcc\x1f\x12\x10\xaf\x82\x12\xdf\x17\xaeN\x1e'
11E8E149-CC1F-1210-AF82-12DF17AE4E1E,2017-ncaa-d0-natl,ncaa,217,247,116,237,126,82,79,93,77,146,205,75,28,38,46,41,223,289,31,288,286,124,141,55,61,61,69,34,316,308,331,226,227,279,325,102,183,144,112,97,146,182,300,299,,,217,164,,,271,86,62,63,69,56,80,165,248,24,36,253,307,304,135,166,321,278,327,100,129,161,309,,206,,,264,342,345,275,344,311,142,348,346,334,324,333,141,130,263,116,152,255,259,346,345,345,247,324,32,174,227,309,331,287,325,345,289,132,180,307,86,78,331,335,,,196,240,,,271,270,100,335,259,342,342,287,311,94,344,333,127,114,107,262,277,158,310,262,341,138,79,326,,234,,,b'\x11\xe8\xe1I\xcc\x1f\x12\x10\xaf\x82\x12\xdf\x17\xaeN\x1e'
11E8E149-CC1F-1210-AF82-12DF17AE4E1E,2017-ncaa-d1-conf-OVC,ncaa,4,4,3,4,3,2,2,2,3,5,7,3,2,1,2,2,6,10,1,10,10,6,5,2,2,2,2,1,11,12,12,6,9,11,12,4,7,3,2,2,4,5,12,12,,,5,3,,,7,3,6,2,3,3,3,10,10,1,3,8,11,11,4,9,12,11,12,6,1,4,12,,3,,,7,12,12,10,12,10,6,12,12,12,10,12,5,3,6,3,4,10,11,12,12,11,9,12,1,11,9,12,12,11,12,12,8,3,4,7,3,3,11,12,,,6,7,,,7,10,2,11,7,12,11,10,8,2,12,12,3,1,1,5,9,7,12,12,12,3,1,11,,9,,,b'\x11\xe8\xe1I\xcc\x1f\x12\x10\xaf\x82\x12\xdf\x17\xaeN\x1e'
11E8E149-CC1F-1210-AF82-12DF17AE4E1E,2017-ncaa-d1-natl,ncaa,236,247,144,247,152,105,98,120,85,177,236,80,34,49,51,42,255,308,30,306,284,157,182,57,63,64,69,33,314,324,332,267,233,315,332,120,185,119,118,102,169,197,310,301,,,199,165,,,283,108,65,55,75,64,87,174,252,25,36,256,310,308,144,170,324,283,331,105,129,171,311,,209,,,280,340,344,254,345,304,105,348,345,328,331,332,132,108,266,97,152,231,234,346,346,346,242,324,33,147,233,294,332,267,332,343,295,161,188,309,68,80,328,341,,,225,240,,,283,250,104,339,274,344,343,289,315,102,343,336,133,115,108,264,271,160,312,268,343,144,79,327,,235,,,b'\x11\xe8\xe1I\xcc\x1f\x12\x10\xaf\x82\x12\xdf\x17\xaeN\x1e'
11E8E149-CC1F-1210-AF82-12DF17AE4E1E,2018-ncaa-d0-natl,ncaa,136,162,73,157,77,70,93,137,69,145,202,90,45,72,25,81,80,139,24,147,104,133,131,48,35,46,46,69,155,273,278,205,248,241,270,77,98,159,148,97,99,107,192,199,,,227,178,,,112,91,207,33,65,110,206,201,269,52,91,97,163,171,202,235,303,287,320,87,119,111,217,,175,,,114,280,277,214,303,263,150,325,245,272,155,270,206,232,73,242,253,226,250,306,288,239,165,202,136,226,248,209,278,225,270,336,340,92,119,244,154,132,311,315,,,142,161,,,112,249,67,230,116,212,225,117,220,66,218,236,172,199,207,125,167,178,147,159,327,111,109,282,,193,,,b'\x11\xe8\xe1I\xcc\x1f\x12\x10\xaf\x82\x12\xdf\x17\xaeN\x1e'
11E8E149-CC1F-1210-AF82-12DF17AE4E1E,2018-ncaa-d1-conf-OVC,ncaa,2,2,1,2,1,2,2,2,2,6,8,2,2,2,2,3,2,2,2,2,2,1,1,2,2,2,2,3,5,11,11,4,10,5,9,2,3,7,5,2,2,2,4,8,,,8,3,,,2,1,5,1,2,4,6,8,10,2,3,3,4,4,5,7,12,5,10,2,5,3,8,,4,,,2,11,11,11,6,9,9,8,12,12,5,11,3,6,1,6,4,11,12,7,4,5,7,11,4,11,10,10,11,12,9,12,12,2,3,9,6,6,10,8,,,2,7,,,2,12,2,5,2,5,7,7,7,5,10,10,2,4,4,6,9,9,6,7,11,3,5,3,,7,,,b'\x11\xe8\xe1I\xcc\x1f\x12\x10\xaf\x82\x12\xdf\x17\xaeN\x1e'
11E8E149-CC1F-1210-AF82-12DF17AE4E1E,2018-ncaa-d1-natl,ncaa,106,162,31,144,34,45,54,74,70,114,159,87,33,42,38,76,53,106,25,109,115,73,60,50,41,48,52,69,170,239,286,147,241,192,273,57,123,195,114,87,63,92,158,169,,,277,185,,,96,41,148,38,57,83,155,179,248,45,73,102,166,172,158,200,297,272,309,89,105,89,206,,202,,,102,316,310,276,293,285,199,318,285,300,174,269,252,273,78,284,270,285,307,303,283,217,195,214,157,269,241,286,286,292,273,340,339,53,93,226,151,94,309,301,,,106,187,,,96,305,67,214,113,216,219,121,209,70,232,237,191,210,219,134,203,180,189,192,321,84,92,268,,193,,,b'\x11\xe8\xe1I\xcc\x1f\x12\x10\xaf\x82\x12\xdf\x17\xaeN\x1e'
11E8E149-CC1F-1210-AF82-12DF17AE4E1E,2019-ncaa-d0-natl,ncaa,78,45,173,56,195,62,82,92,93,91,102,112,105,131,74,194,27,47,37,51,89,77,96,86,69,52,125,189,58,137,163,216,171,179,202,78,109,87,66,63,21,16,50,23,,,341,333,,,84,94,33,99,21,42,32,54,69,93,121,11,27,32,20,34,109,219,163,44,118,15,40,,340,,,79,251,157,110,260,133,71,279,228,211,243,229,340,335,151,334,344,170,230,279,302,220,311,198,322,120,171,233,163,189,202,300,336,45,42,147,77,69,165,116,,,124,187,,,84,249,48,194,94,272,194,100,152,58,255,229,337,333,333,200,293,138,261,222,315,33,123,177,,90,,,b'\x11\xe8\xe1I\xcc\x1f\x12\x10\xaf\x82\x12\xdf\x17\xaeN\x1e'
11E8E149-CC1F-1210-AF82-12DF17AE4E1E,2019-ncaa-d1-conf-OVC,ncaa,2,2,1,2,1,2,3,2,4,2,2,5,4,4,4,8,1,1,3,1,5,1,1,5,3,2,6,7,4,4,9,3,2,3,7,2,4,6,4,2,1,1,2,2,,,11,9,,,2,1,2,5,2,3,2,3,4,6,8,2,2,2,2,3,6,7,6,2,3,1,2,,10,,,2,12,10,8,7,7,6,5,12,11,10,11,10,11,2,11,9,10,12,8,8,5,11,11,7,7,2,12,9,11,7,12,12,1,3,6,6,3,9,7,,,2,8,,,2,12,2,4,2,7,5,5,2,1,10,9,7,9,8,5,10,3,8,5,10,2,3,7,,5,,,b'\x11\xe8\xe1I\xcc\x1f\x12\x10\xaf\x82\x12\xdf\x17\xaeN\x1e'
11E8E149-CC1F-1210-AF82-12DF17AE4E1E,2019-ncaa-d1-natl,ncaa,61,44,107,53,118,36,53,47,81,53,60,86,95,111,84,196,11,29,25,30,87,43,50,85,68,52,145,201,55,92,152,193,173,138,192,58,135,146,63,70,11,14,48,28,,,347,330,,,75,43,22,116,17,31,26,36,61,92,119,8,24,27,16,26,94,228,158,43,128,11,42,,340,,,73,313,233,156,283,195,115,303,260,250,235,223,346,344,138,342,344,237,296,297,316,230,300,185,325,164,173,272,152,241,192,316,331,31,39,144,151,73,203,125,,,80,191,,,75,305,47,208,89,292,226,102,186,61,251,229,341,337,333,209,305,128,250,219,316,30,136,196,,83,,,b'\x11\xe8\xe1I\xcc\x1f\x12\x10\xaf\x82\x12\xdf\x17\xaeN\x1e'
11E8E149-CC1F-1210-AF82-12DF17AE4E1E,2020-ncaa-d0-natl,ncaa,39,67,8,65,10,26,34,77,34,21,57,31,192,193,180,251,8,8,109,8,67,45,34,55,45,54,254,284,51,189,212,55,71,97,124,26,56,262,176,84,16,39,22,15,,,323,276,,,55,14,125,80,61,70,217,46,139,239,245,26,34,37,167,155,247,150,212,40,184,41,27,,265,,,59,263,212,222,154,121,122,156,318,315,245,295,294,313,60,316,323,262,322,212,202,130,336,301,255,138,71,246,212,205,124,322,338,26,58,154,271,205,316,263,,,9,35,,,55,338,70,95,65,144,99,70,44,25,279,264,226,260,265,101,176,62,111,76,274,62,212,291,,38,,,b'\x11\xe8\xe1I\xcc\x1f\x12\x10\xaf\x82\x12\xdf\x17\xaeN\x1e'
11E8E149-CC1F-1210-AF82-12DF17AE4E1E,2020-ncaa-d1-conf-OVC,ncaa,1,1,1,1,2,1,2,2,1,2,2,1,7,8,3,8,1,1,2,1,3,2,2,1,1,1,10,10,3,8,9,2,2,3,3,1,2,8,5,1,3,3,2,2,,,10,8,,,1,1,3,11,1,2,8,2,5,7,8,1,1,1,5,7,10,2,7,1,5,4,2,,6,,,1,9,8,10,4,7,8,4,9,10,8,7,4,7,1,7,7,9,12,5,4,3,10,11,5,3,2,5,9,3,3,12,12,2,3,6,8,7,9,4,,,1,2,,,1,12,1,2,1,3,4,4,3,3,8,7,3,4,5,3,5,1,2,1,9,3,6,7,,1,,,b'\x11\xe8\xe1I\xcc\x1f\x12\x10\xaf\x82\x12\xdf\x17\xaeN\x1e'
11E8E149-CC1F-1210-AF82-12DF17AE4E1E,2020-ncaa-d1-natl,ncaa,47,67,12,68,16,37,44,104,37,27,73,32,207,210,186,251,11,17,109,17,63,67,52,57,46,57,248,286,51,213,219,82,75,122,131,32,56,243,183,89,30,49,22,14,,,318,278,,,66,27,128,79,63,76,228,50,144,242,250,27,35,37,178,160,255,156,225,44,184,48,27,,268,,,71,250,192,192,165,105,88,173,315,305,257,292,279,306,62,308,326,232,301,220,217,142,335,303,258,117,75,214,219,180,131,317,339,37,62,170,264,209,314,269,,,11,32,,,66,325,73,104,73,154,106,69,48,26,283,265,229,263,270,105,176,65,112,80,277,70,215,294,,35,,,b'\x11\xe8\xe1I\xcc\x1f\x12\x10\xaf\x82\x12\xdf\x17\xaeN\x1e'
11E8E149-CC1F-1210-AF82-12DF17AE4E1E,2021-ncaa-d0-natl,ncaa,13,43,14,27,23,33,38,77,15,38,63,30,50,102,10,194,25,37,40,35,86,67,62,17,13,22,143,170,132,220,296,33,131,72,171,14,13,276,158,33,72,168,28,31,,,264,97,,,42,39,277,224,108,111,319,116,253,122,244,84,144,141,299,330,326,144,289,22,85,195,56,,66,,,52,282,272,303,65,231,262,93,309,324,138,293,255,248,246,246,163,300,306,93,94,107,287,279,162,299,131,272,296,284,171,264,175,53,152,139,269,170,170,93,,,35,69,,,42,305,40,112,52,75,62,98,41,51,211,251,110,92,88,80,64,139,39,60,110,197,119,53,,176,,,b'\x11\xe8\xe1I\xcc\x1f\x12\x10\xaf\x82\x12\xdf\x17\xaeN\x1e'
11E8E149-CC1F-1210-AF82-12DF17AE4E1E,2021-ncaa-d1-conf-OVC,ncaa,1,1,1,1,1,1,1,4,1,1,3,3,4,7,1,8,2,2,4,2,3,3,4,2,1,1,8,6,5,11,11,1,4,4,5,1,1,6,5,2,3,4,3,3,,,8,5,,,2,2,5,3,2,2,11,2,5,5,9,3,3,3,9,11,11,2,8,1,4,5,3,,4,,,2,5,5,11,1,3,8,1,10,10,6,9,7,7,2,6,6,11,11,2,1,1,10,10,8,9,4,7,11,8,5,5,6,3,4,3,6,6,2,1,,,2,2,,,2,11,2,1,2,2,3,6,1,4,8,10,4,5,5,6,6,5,4,3,3,5,5,1,,4,,,b'\x11\xe8\xe1I\xcc\x1f\x12\x10\xaf\x82\x12\xdf\x17\xaeN\x1e'
11E8E149-CC1F-1210-AF82-12DF17AE4E1E,2021-ncaa-d1-natl,ncaa,15,43,18,27,28,37,44,89,15,46,76,31,57,115,11,193,29,44,42,42,85,79,72,18,13,23,138,169,125,232,301,37,139,83,180,17,13,267,158,36,77,172,29,33,,,253,98,,,47,45,279,225,110,114,325,120,254,125,247,86,148,144,301,331,327,153,295,23,83,203,56,,67,,,57,277,268,298,74,221,253,98,303,319,142,290,248,243,249,240,165,296,299,97,102,113,285,278,159,289,139,260,301,275,180,257,175,63,161,141,262,175,162,98,,,42,72,,,47,298,45,119,57,77,67,99,43,50,216,250,115,94,90,80,62,141,41,62,112,201,117,58,,175,,,b'\x11\xe8\xe1I\xcc\x1f\x12\x10\xaf\x82\x12\xdf\x17\xaeN\x1e'
11E8E149-CC1F-1210-AF82-12DF17AE4E1E,2022-ncaa-d0-natl,ncaa,214,245,112,236,148,256,288,310,188,311,314,229,163,216,58,123,143,196,29,190,41,300,296,148,104,155,39,101,51,352,349,274,212,334,336,261,167,157,261,241,62,23,323,306,,,152,241,,,222,257,354,275,320,344,356,346,346,178,236,159,223,217,356,356,354,343,356,303,123,57,336,,118,,,221,88,77,65,209,34,31,179,308,235,342,328,73,116,28,121,268,60,91,277,253,179,341,343,107,108,212,170,349,129,336,219,329,113,48,163,156,264,307,352,,,224,73,,,222,98,236,166,227,48,44,9,10,4,303,206,65,89,95,5,5,87,115,85,195,129,139,309,,281,,,b'\x11\xe8\xe1I\xcc\x1f\x12\x10\xaf\x82\x12\xdf\x17\xaeN\x1e'
11E8E149-CC1F-1210-AF82-12DF17AE4E1E,2022-ncaa-d1-conf-OVC,ncaa,6,6,7,6,8,8,8,10,5,9,10,6,3,4,3,3,5,6,2,5,3,10,10,4,4,5,1,3,3,10,10,7,6,10,9,9,8,4,5,6,4,1,9,8,,,4,6,,,6,9,8,6,8,9,10,9,10,2,4,5,5,5,10,10,10,8,10,8,4,4,9,,4,,,6,2,2,1,5,1,1,3,10,6,10,9,3,4,1,4,6,1,1,6,6,2,10,10,3,3,6,7,10,6,9,4,8,4,3,3,5,5,9,10,,,7,5,,,6,2,6,3,6,3,3,1,2,1,10,9,4,4,4,1,3,4,6,6,5,3,5,10,,8,,,b'\x11\xe8\xe1I\xcc\x1f\x12\x10\xaf\x82\x12\xdf\x17\xaeN\x1e'
11E8E149-CC1F-1210-AF82-12DF17AE4E1E,2022-ncaa-d1-natl,ncaa,235,245,146,246,196,290,321,338,203,331,337,243,183,236,58,123,163,224,26,218,39,335,330,154,109,163,36,98,46,355,350,310,219,349,342,286,171,125,278,252,78,29,334,313,,,119,245,,,242,302,354,275,324,347,356,350,347,181,240,160,224,219,356,356,355,344,356,311,126,70,342,,121,,,241,69,62,35,228,22,18,181,302,209,344,328,61,95,30,97,268,33,46,292,266,193,340,343,107,77,219,128,350,95,342,211,330,143,54,181,137,273,304,352,,,260,66,,,242,56,248,190,247,55,50,12,11,5,311,205,68,95,100,5,6,87,120,90,205,144,144,312,,281,,,b'\x11\xe8\xe1I\xcc\x1f\x12\x10\xaf\x82\x12\xdf\x17\xaeN\x1e'
11E8E149-CC1F-1210-AF82-12DF17AE4E1E,2023-ncaa-d0-natl,ncaa,195,203,164,209,203,182,208,267,144,243,299,113,135,137,149,91,129,198,9,190,76,258,237,128,96,145,75,114,102,309,288,322,224,329,295,199,174,243,285,233,41,17,205,124,,,174,231,,,169,200,195,226,177,229,305,260,313,123,120,114,190,183,287,257,318,348,355,200,254,26,201,,195,,,169,152,109,40,322,94,24,339,194,161,243,275,230,229,163,234,323,51,122,329,334,206,272,222,250,71,224,126,288,86,295,271,335,42,17,103,300,322,186,263,,,226,178,,,169,146,176,187,180,165,129,10,116,13,213,169,236,243,250,24,103,75,145,105,285,27,303,194,,209,,,b'\x11\xe8\xe1I\xcc\x1f\x12\x10\xaf\x82\x12\xdf\x17\xaeN\x1e'
11E8E149-CC1F-1210-AF82-12DF17AE4E1E,2023-ncaa-d1-conf-OVC,ncaa,5,5,6,5,7,7,8,8,4,9,9,3,4,4,3,3,5,7,1,7,3,9,9,3,2,3,1,3,5,9,9,9,3,9,7,6,4,4,6,4,2,1,4,1,,,3,4,,,5,9,7,2,5,6,7,8,9,2,2,4,6,6,8,7,9,9,9,5,4,1,3,,4,,,5,5,5,2,9,4,1,10,5,4,8,9,4,4,1,4,8,2,2,10,10,6,6,7,3,1,3,5,9,2,7,6,9,3,1,5,7,7,8,10,,,8,7,,,5,2,3,6,5,6,6,2,5,1,7,7,3,4,4,2,2,1,8,2,8,2,7,10,,8,,,b'\x11\xe8\xe1I\xcc\x1f\x12\x10\xaf\x82\x12\xdf\x17\xaeN\x1e'
11E8E149-CC1F-1210-AF82-12DF17AE4E1E,2023-ncaa-d1-natl,ncaa,219,203,219,219,266,224,250,316,151,281,323,120,151,158,150,94,152,219,9,211,75,306,298,135,98,152,73,115,99,334,298,345,235,350,311,230,182,223,290,243,54,19,219,128,,,150,242,,,192,261,201,201,198,237,309,270,315,133,124,113,192,185,299,269,324,351,357,215,257,28,202,,203,,,192,108,80,15,327,72,11,347,177,138,260,275,215,211,162,219,326,19,65,337,341,234,271,221,248,56,235,92,298,56,311,261,336,60,19,124,281,328,171,274,,,253,171,,,192,86,190,208,200,181,142,12,121,14,220,170,243,248,254,24,99,80,148,114,292,34,303,206,,208,,,b'\x11\xe8\xe1I\xcc\x1f\x12\x10\xaf\x82\x12\xdf\x17\xaeN\x1e'
11E8E149-CC1F-1210-AF82-12DF17AE4E1E,2024-ncaa-d0-natl,ncaa,171,209,94,190,114,157,170,264,70,186,244,112,147,231,26,202,109,167,21,162,96,255,224,70,49,103,120,160,97,321,293,149,223,232,214,198,216,283,310,254,112,109,163,148,,,28,23,,,187,181,304,219,205,228,350,240,293,168,259,127,204,202,341,332,338,214,320,231,243,135,185,,16,,,186,211,229,232,180,121,115,205,332,328,257,347,48,37,270,39,79,198,181,240,205,234,308,347,30,238,223,83,293,131,214,325,348,210,217,320,272,292,350,356,,,217,196,,,187,168,155,254,192,156,175,179,68,44,334,332,43,25,26,114,75,203,39,72,316,254,242,348,,285,,,b'\x11\xe8\xe1I\xcc\x1f\x12\x10\xaf\x82\x12\xdf\x17\xaeN\x1e'
11E8E149-CC1F-1210-AF82-12DF17AE4E1E,2024-ncaa-d1-conf-OVC,ncaa,2,2,1,2,1,4,5,8,2,6,9,3,4,8,1,8,3,6,2,6,5,8,7,2,2,2,4,4,4,11,11,4,8,7,6,5,9,10,11,9,7,7,4,8,,,1,1,,,2,7,11,9,8,8,11,10,11,6,9,7,11,11,11,11,11,5,9,8,5,8,7,,1,,,2,5,8,10,2,4,7,5,11,11,3,11,1,1,6,1,2,8,5,6,2,3,6,11,1,11,8,1,11,5,6,11,11,9,7,10,7,8,11,11,,,7,6,,,2,5,3,5,2,3,4,6,4,3,11,9,1,1,1,4,2,7,1,1,10,10,5,11,,11,,,b'\x11\xe8\xe1I\xcc\x1f\x12\x10\xaf\x82\x12\xdf\x17\xaeN\x1e'
11E8E149-CC1F-1210-AF82-12DF17AE4E1E,2024-ncaa-d1-natl,ncaa,172,211,78,195,100,161,190,287,73,207,255,118,153,240,32,200,103,158,20,153,80,272,241,74,52,109,108,159,75,324,300,160,224,253,221,211,215,291,318,262,111,100,162,143,,,31,27,,,197,183,311,225,220,250,356,260,306,176,265,114,193,194,348,334,343,232,327,241,251,129,186,,19,,,197,218,230,232,185,108,99,203,334,334,254,347,58,40,295,43,85,201,183,237,213,234,313,349,34,241,224,86,300,134,221,335,354,205,211,324,285,304,351,358,,,207,166,,,197,167,166,257,206,153,170,168,66,36,332,332,49,25,27,107,63,201,39,74,320,249,252,347,,275,,,b'\x11\xe8\xe1I\xcc\x1f\x12\x10\xaf\x82\x12\xdf\x17\xaeN\x1e'
11E8E149-CC1F-1210-AF82-12DF17AE4E1E,2024-ncaa-d1-ncaatournament,ncaa,37,3,37,37,38,65,66,53,66,51,47,60,66,55,68,46,45,44,26,43,29,47,60,68,66,64,59,66,3,52,43,45,43,48,55,68,66,2,3,57,59,53,62,62,,,2,6,,,59,63,59,5,64,66,33,46,22,66,42,27,30,26,28,52,31,37,37,68,2,51,62,,2,,,61,11,16,19,44,6,4,49,41,35,44,68,1,1,11,1,5,7,7,52,47,52,58,67,2,18,43,26,43,24,55,22,57,53,37,56,5,14,21,49,,,66,65,,,59,6,65,50,65,41,50,37,12,7,67,67,1,1,1,17,12,36,62,60,56,37,9,48,,66,,,b'\x11\xe8\xe1I\xcc\x1f\x12\x10\xaf\x82\x12\xdf\x17\xaeN\x1e'
11E8E149-CC1F-1210-AF82-12DF17AE4E1E,2025-ncaa-d0-natl,genius_ncaa,220,249,135,247,157,131,172,196,135,154,189,122,220,220,223,221,37,47,41,48,35,171,181,151,101,119,140,261,22,317,338,218,263,267,321,224,279,163,184,225,77,73,115,95,,,314,298,,161,201,128,91,208,120,188,254,164,203,233,224,22,34,36,197,214,332,254,321,248,163,63,115,,315,,152,199,281,239,184,288,223,127,317,263,267,199,268,309,308,199,307,316,215,235,298,314,250,256,206,267,230,263,239,338,248,321,317,321,84,90,206,222,233,229,248,,,110,62,,183,201,236,156,258,199,283,242,161,213,89,258,266,297,296,295,198,264,234,237,240,322,78,211,236,,91,,194,b'\x11\xe8\xe1I\xcc\x1f\x12\x10\xaf\x82\x12\xdf\x17\xaeN\x1e'
11E8E149-CC1F-1210-AF82-12DF17AE4E1E,2025-ncaa-d1-conf-OVC,genius_ncaa,6,6,5,6,8,5,6,9,6,6,7,3,7,8,8,7,3,4,3,4,3,6,8,6,5,4,6,8,2,11,11,6,3,9,8,7,8,2,2,6,3,3,7,4,,,6,6,,7,5,6,4,10,5,5,7,5,7,7,7,2,3,3,5,9,11,7,9,7,2,3,7,,6,,7,5,4,4,4,6,3,3,7,6,8,4,10,4,4,8,4,6,4,6,6,6,6,7,9,8,2,3,8,11,7,8,10,10,4,3,7,3,4,4,5,,,6,5,,7,5,6,5,5,5,6,6,4,4,4,7,8,5,5,5,4,6,3,9,6,9,3,2,6,,6,,6,b'\x11\xe8\xe1I\xcc\x1f\x12\x10\xaf\x82\x12\xdf\x17\xaeN\x1e'
11E8E149-CC1F-1210-AF82-12DF17AE4E1E,2025-ncaa-d1-natl,genius_ncaa,222,249,113,244,136,129,161,200,127,141,186,109,225,221,219,223,36,49,44,53,41,172,162,148,100,116,157,266,26,316,334,206,243,275,313,221,285,196,200,240,63,61,120,103,,,312,290,,173,196,112,93,212,129,179,265,157,199,235,229,25,43,49,208,216,326,247,318,250,179,60,127,,311,,159,195,284,244,198,280,228,136,312,264,261,205,258,306,303,190,301,309,218,250,289,304,237,255,210,264,229,243,237,334,240,313,323,315,77,93,194,250,246,229,246,,,114,78,,189,196,250,164,241,200,270,237,154,208,89,252,257,294,295,296,189,260,223,216,233,315,80,227,231,,104,,204,b'\x11\xe8\xe1I\xcc\x1f\x12\x10\xaf\x82\x12\xdf\x17\xaeN\x1e'
11E8E149-CC1F-1210-AF82-12DF17AE4E1E,2026-ncaa-d0-natl,genius_ncaa,295,198,327,297,328,340,333,345,194,313,322,217,341,351,228,292,323,343,60,343,270,349,350,220,215,238,293,294,143,359,358,330,328,350,345,319,159,40,275,231,240,89,248,73,,,20,104,,36,238,336,218,21,268,245,299,183,153,309,321,222,274,265,314,290,357,199,329,212,239,73,136,,161,,104,260,16,18,28,111,6,6,276,170,233,82,362,19,19,116,20,279,24,28,176,155,158,347,355,96,149,328,45,358,59,345,30,163,312,168,153,25,187,107,242,,,351,217,,223,238,21,290,219,266,218,218,283,71,14,351,362,119,138,145,272,296,344,278,336,191,129,148,270,,261,,124,b'\x11\xe8\xe1I\xcc\x1f\x12\x10\xaf\x82\x12\xdf\x17\xaeN\x1e'
11E8E149-CC1F-1210-AF82-12DF17AE4E1E,2026-ncaa-d1-natl,genius_ncaa,256,195,271,252,276,304,288,314,183,248,273,192,312,317,252,261,256,285,106,286,223,318,316,209,206,234,271,283,123,355,345,265,281,325,325,230,81,157,290,216,139,65,150,52,,,75,120,,40,202,286,113,24,237,220,252,164,153,280,280,169,209,212,250,205,344,119,268,137,284,58,96,,182,,74,201,43,32,70,62,15,13,174,210,283,57,356,84,92,129,97,274,70,83,90,91,67,335,329,172,234,281,135,345,157,325,50,157,185,92,81,163,279,158,225,,,312,223,,149,202,67,273,110,211,150,116,245,60,30,308,357,166,172,189,243,312,326,282,326,128,72,277,242,,223,,98,b'\x11\xe8\xe1I\xcc\x1f\x12\x10\xaf\x82\x12\xdf\x17\xaeN\x1e'
11E8E149-CC23-56A4-AF82-12DF17AE4E1E,2010-ncaa-d0-natl,ncaa,159,174,122,172,167,164,138,209,52,172,253,55,72,100,65,66,301,266,301,260,204,224,230,43,72,94,133,63,327,311,314,147,221,221,269,74,32,121,171,55,187,192,105,94,,,170,184,,,153,186,235,283,172,130,255,195,278,65,96,314,294,289,273,294,319,156,278,50,116,203,106,,151,,,153,161,104,174,81,67,144,45,251,210,287,210,260,262,187,263,266,184,167,112,136,169,309,265,275,246,221,175,314,211,269,269,323,221,228,280,127,176,2,6,,,234,191,,,153,153,135,198,159,146,76,138,54,117,253,202,252,250,250,174,138,248,173,213,256,244,125,2,,271,,,b'\x11\xe8\xe1I\xcc#V\xa4\xaf\x82\x12\xdf\x17\xaeN\x1e'
11E8E149-CC23-56A4-AF82-12DF17AE4E1E,2010-ncaa-d1-conf-C-USA,ncaa,8,9,4,9,6,7,8,10,2,9,11,2,4,3,6,1,8,10,7,10,5,11,12,2,3,5,5,1,8,12,12,6,7,12,12,3,4,4,8,3,8,7,4,4,,,4,5,,,9,8,10,10,10,10,12,11,12,4,2,10,12,12,12,12,12,7,12,4,5,7,4,,4,,,9,7,5,6,9,5,5,6,9,8,10,8,11,10,9,10,9,7,6,10,10,10,11,9,10,4,7,8,12,6,12,11,12,10,9,12,4,7,1,4,,,10,9,,,9,4,6,11,9,7,5,3,4,3,9,6,10,8,9,5,4,4,6,4,11,11,3,1,,11,,,b'\x11\xe8\xe1I\xcc#V\xa4\xaf\x82\x12\xdf\x17\xaeN\x1e'
11E8E149-CC23-56A4-AF82-12DF17AE4E1E,2010-ncaa-d1-conf-CUSA,ncaa,8,9,4,9,6,7,8,10,2,9,11,2,4,3,6,1,8,10,7,10,5,11,12,2,3,5,5,1,8,12,12,6,7,12,12,3,4,4,8,3,8,7,4,4,,,4,5,,,9,8,10,10,10,10,12,11,12,4,2,10,12,12,12,12,12,7,12,4,5,7,4,,4,,,9,7,5,6,9,5,5,6,9,8,10,8,11,10,9,10,9,7,6,10,10,10,11,9,10,4,7,8,12,6,12,11,12,10,9,12,4,7,1,4,,,10,9,,,9,4,6,11,9,7,5,3,4,3,9,6,10,8,9,5,4,4,6,4,11,11,3,1,,11,,,b'\x11\xe8\xe1I\xcc#V\xa4\xaf\x82\x12\xdf\x17\xaeN\x1e'
11E8E149-CC23-56A4-AF82-12DF17AE4E1E,2010-ncaa-d1-natl,ncaa,156,174,91,167,132,142,109,174,52,156,242,44,71,90,78,66,287,256,290,251,210,190,207,43,71,93,144,67,328,305,309,119,218,207,263,59,32,134,169,50,167,185,93,82,,,189,179,,,154,165,236,285,168,127,252,186,278,76,96,312,296,291,273,295,321,146,268,47,111,199,102,,148,,,155,199,124,196,73,75,165,41,272,232,290,221,279,272,201,272,268,224,196,112,133,168,314,277,274,266,218,204,309,232,263,277,319,207,235,286,157,185,2,5,,,215,211,,,154,177,137,201,159,147,76,139,50,109,262,221,255,252,252,175,136,250,167,209,254,248,138,2,,273,,,b'\x11\xe8\xe1I\xcc#V\xa4\xaf\x82\x12\xdf\x17\xaeN\x1e'
11E8E149-CC23-56A4-AF82-12DF17AE4E1E,2011-ncaa-d0-natl,ncaa,168,134,242,159,262,128,131,219,45,121,197,64,149,197,49,181,139,156,139,161,135,201,217,48,58,68,180,163,180,171,89,194,112,180,66,99,85,123,173,85,239,227,124,76,,,273,319,,,111,238,122,110,65,61,143,78,149,120,169,99,112,120,129,119,134,113,95,43,198,218,96,,317,,,105,142,61,65,131,52,49,127,166,168,189,205,313,308,226,310,330,117,107,160,207,209,321,193,327,86,112,36,89,39,66,59,117,216,198,126,97,129,73,95,,,178,121,,,111,116,59,194,103,219,122,130,93,89,215,220,326,322,324,215,218,136,85,91,101,173,149,100,,100,,,b'\x11\xe8\xe1I\xcc#V\xa4\xaf\x82\x12\xdf\x17\xaeN\x1e'
11E8E149-CC23-56A4-AF82-12DF17AE4E1E,2011-ncaa-d1-conf-C-USA,ncaa,7,7,4,7,5,5,5,6,2,5,7,3,7,6,5,6,6,5,3,6,7,5,6,2,2,3,7,7,7,8,6,7,4,6,3,4,7,8,8,8,8,10,3,4,,,10,10,,,7,6,6,6,3,3,9,4,7,6,6,4,7,8,9,8,7,5,8,6,7,10,3,,9,,,7,8,2,5,4,3,5,5,7,8,6,9,12,12,11,11,10,7,7,6,9,8,12,7,12,4,4,2,6,2,3,3,4,9,7,4,4,6,2,4,,,5,5,,,7,7,4,8,6,7,3,5,2,4,8,10,12,11,11,6,5,6,1,2,3,8,4,2,,4,,,b'\x11\xe8\xe1I\xcc#V\xa4\xaf\x82\x12\xdf\x17\xaeN\x1e'
11E8E149-CC23-56A4-AF82-12DF17AE4E1E,2011-ncaa-d1-conf-CUSA,ncaa,7,7,4,7,5,5,5,6,2,5,7,3,7,6,5,6,6,5,3,6,7,5,6,2,2,3,7,7,7,8,6,7,4,6,3,4,7,8,8,8,8,10,3,4,,,10,10,,,7,6,6,6,3,3,9,4,7,6,6,4,7,8,9,8,7,5,8,6,7,10,3,,9,,,7,8,2,5,4,3,5,5,7,8,6,9,12,12,11,11,10,7,7,6,9,8,12,7,12,4,4,2,6,2,3,3,4,9,7,4,4,6,2,4,,,5,5,,,7,7,4,8,6,7,3,5,2,4,8,10,12,11,11,6,5,6,1,2,3,8,4,2,,4,,,b'\x11\xe8\xe1I\xcc#V\xa4\xaf\x82\x12\xdf\x17\xaeN\x1e'
11E8E149-CC23-56A4-AF82-12DF17AE4E1E,2011-ncaa-d1-natl,ncaa,159,133,199,153,224,116,111,193,41,119,172,62,136,187,47,178,128,147,140,153,131,185,187,47,55,65,174,160,175,157,84,168,96,156,60,84,93,135,170,83,233,225,111,72,,,281,318,,,104,201,126,107,61,60,142,75,151,117,170,97,106,116,128,120,131,109,95,45,196,211,93,,317,,,102,157,68,84,118,57,56,126,179,183,167,207,317,314,240,317,331,132,125,145,201,204,323,193,329,93,96,44,84,42,60,62,122,206,188,126,102,125,85,101,,,163,127,,,104,151,56,192,99,205,112,125,84,75,209,228,329,321,324,206,211,130,78,83,97,174,145,106,,102,,,b'\x11\xe8\xe1I\xcc#V\xa4\xaf\x82\x12\xdf\x17\xaeN\x1e'
11E8E149-CC23-56A4-AF82-12DF17AE4E1E,2012-ncaa-d0-natl,ncaa,9,6,48,8,57,51,56,56,76,56,71,54,128,113,198,166,49,46,145,46,111,50,56,89,88,74,199,208,135,44,63,14,5,15,9,35,66,184,85,41,84,104,3,5,,,244,213,,,15,66,175,137,71,76,103,65,133,160,143,78,72,74,87,121,73,4,10,39,111,120,8,,158,,,15,83,46,221,6,89,255,12,42,135,4,90,299,299,186,297,259,247,243,6,8,17,190,47,322,60,5,223,63,136,9,23,48,136,172,33,152,69,136,70,,,97,235,,,15,281,53,10,15,25,10,92,27,151,21,76,248,243,246,121,107,16,110,40,8,207,97,91,,184,,,b'\x11\xe8\xe1I\xcc#V\xa4\xaf\x82\x12\xdf\x17\xaeN\x1e'
11E8E149-CC23-56A4-AF82-12DF17AE4E1E,2012-ncaa-d1-conf-C-USA,ncaa,1,1,1,1,2,1,1,1,2,2,3,2,3,5,2,6,1,2,1,2,1,1,1,2,1,1,5,8,2,1,1,1,1,1,1,1,3,9,4,1,6,9,1,1,,,9,7,,,1,1,5,6,1,2,4,3,5,3,5,1,2,2,3,3,4,1,1,1,5,10,1,,4,,,1,6,5,11,1,5,11,1,4,9,2,6,9,9,10,9,8,11,9,1,1,4,9,5,11,2,1,6,1,3,1,2,2,9,11,4,8,5,4,1,,,2,4,,,1,12,1,1,1,3,2,8,2,7,4,6,9,8,8,8,6,1,2,1,2,12,6,3,,3,,,b'\x11\xe8\xe1I\xcc#V\xa4\xaf\x82\x12\xdf\x17\xaeN\x1e'
11E8E149-CC23-56A4-AF82-12DF17AE4E1E,2012-ncaa-d1-conf-CUSA,ncaa,1,1,1,1,2,1,1,1,2,2,3,2,3,5,2,6,1,2,1,2,1,1,1,2,1,1,5,8,2,1,1,1,1,1,1,1,3,9,4,1,6,9,1,1,,,9,7,,,1,1,5,6,1,2,4,3,5,3,5,1,2,2,3,3,4,1,1,1,5,10,1,,4,,,1,6,5,11,1,5,11,1,4,9,2,6,9,9,10,9,8,11,9,1,1,4,9,5,11,2,1,6,1,3,1,2,2,9,11,4,8,5,4,1,,,2,4,,,1,12,1,1,1,3,2,8,2,7,4,6,9,8,8,8,6,1,2,1,2,12,6,3,,3,,,b'\x11\xe8\xe1I\xcc#V\xa4\xaf\x82\x12\xdf\x17\xaeN\x1e'
11E8E149-CC23-56A4-AF82-12DF17AE4E1E,2012-ncaa-d1-natl,ncaa,9,6,55,8,64,59,62,63,79,60,78,60,133,124,197,165,55,51,147,51,110,56,68,96,88,77,195,207,134,48,63,15,5,16,10,38,70,159,88,43,94,111,3,5,,,234,216,,,16,77,177,136,75,82,109,75,136,158,144,74,76,78,95,127,75,5,10,40,111,129,7,,162,,,16,64,35,200,5,72,240,12,35,119,4,90,293,295,192,294,258,228,224,6,9,19,188,47,322,47,5,201,63,116,10,18,47,155,181,35,132,70,132,72,,,111,232,,,16,269,55,10,16,28,10,93,34,156,21,75,257,245,249,123,106,17,114,41,8,220,95,96,,187,,,b'\x11\xe8\xe1I\xcc#V\xa4\xaf\x82\x12\xdf\x17\xaeN\x1e'
11E8E149-CC23-56A4-AF82-12DF17AE4E1E,2012-ncaa-d1-ncaatournament,ncaa,33,2,33,33,34,33,34,35,23,34,34,37,49,61,6,62,31,36,15,34,36,35,34,30,23,24,42,50,15,38,18,33,11,34,9,38,39,19,35,34,37,27,26,11,,,25,42,,,36,33,1,5,5,8,5,5,2,38,59,7,12,11,4,2,17,1,4,20,48,15,8,,56,,,39,30,19,25,28,18,26,19,19,19,46,22,39,35,54,34,56,30,30,29,43,50,55,30,63,14,11,10,18,10,9,6,7,47,50,19,10,12,28,38,,,44,53,,,36,32,24,47,33,62,48,55,43,56,40,28,62,61,61,62,61,24,27,21,10,40,16,51,,34,,,b'\x11\xe8\xe1I\xcc#V\xa4\xaf\x82\x12\xdf\x17\xaeN\x1e'
11E8E149-CC23-56A4-AF82-12DF17AE4E1E,2013-ncaa-d0-natl,ncaa,72,54,120,62,152,108,121,84,186,116,105,172,143,115,219,165,63,41,232,41,57,75,94,190,186,124,150,180,88,76,126,27,13,33,41,120,152,74,44,83,254,272,317,320,,,201,188,,,73,104,86,195,82,108,53,117,107,143,111,46,30,31,36,67,69,5,7,105,76,269,320,,194,,,65,144,65,212,19,21,136,7,299,281,261,272,262,252,225,253,260,229,202,46,55,89,340,316,270,64,13,280,126,203,41,62,106,210,243,116,41,28,121,86,,,58,61,,,73,228,114,69,80,129,62,197,22,108,295,279,253,245,246,221,185,64,270,192,64,229,52,123,,30,,,b'\x11\xe8\xe1I\xcc#V\xa4\xaf\x82\x12\xdf\x17\xaeN\x1e'
11E8E149-CC23-56A4-AF82-12DF17AE4E1E,2013-ncaa-d1-conf-C-USA,ncaa,5,6,3,6,3,3,2,2,9,5,5,7,2,1,8,3,3,3,4,3,3,2,2,9,6,4,4,4,4,1,6,1,2,1,1,5,6,7,1,4,10,10,12,12,,,12,10,,,5,3,6,9,4,6,4,8,10,4,3,5,4,4,3,4,5,1,1,5,5,10,12,,10,,,5,9,6,9,2,3,10,1,12,10,11,8,12,12,10,12,11,10,9,2,3,8,12,12,11,4,2,10,6,9,1,5,6,10,11,10,1,1,11,11,,,3,4,,,5,10,4,6,7,7,3,7,1,4,12,9,11,11,11,9,5,4,11,8,5,11,1,10,,2,,,b'\x11\xe8\xe1I\xcc#V\xa4\xaf\x82\x12\xdf\x17\xaeN\x1e'
11E8E149-CC23-56A4-AF82-12DF17AE4E1E,2013-ncaa-d1-conf-CUSA,ncaa,5,6,3,6,3,3,2,2,9,5,5,7,2,1,8,3,3,3,4,3,3,2,2,9,6,4,4,4,4,1,6,1,2,1,1,5,6,7,1,4,10,10,12,12,,,12,10,,,5,3,6,9,4,6,4,8,10,4,3,5,4,4,3,4,5,1,1,5,5,10,12,,10,,,5,9,6,9,2,3,10,1,12,10,11,8,12,12,10,12,11,10,9,2,3,8,12,12,11,4,2,10,6,9,1,5,6,10,11,10,1,1,11,11,,,3,4,,,5,10,4,6,7,7,3,7,1,4,12,9,11,11,11,9,5,4,11,8,5,11,1,10,,2,,,b'\x11\xe8\xe1I\xcc#V\xa4\xaf\x82\x12\xdf\x17\xaeN\x1e'
11E8E149-CC23-56A4-AF82-12DF17AE4E1E,2013-ncaa-d1-natl,ncaa,63,54,90,61,111,89,100,72,178,104,93,167,131,100,210,162,62,41,234,39,68,58,81,177,175,124,155,177,100,57,116,20,12,20,33,101,146,93,47,76,243,274,305,312,,,217,192,,,62,83,103,210,82,101,56,114,110,139,117,64,38,38,39,71,61,5,7,93,76,263,314,,184,,,58,161,72,230,17,22,152,7,306,290,255,275,262,253,212,256,262,249,220,39,53,80,341,315,271,75,12,281,116,217,33,62,108,202,243,106,46,29,120,76,,,48,69,,,62,247,108,67,72,111,56,185,17,99,295,277,245,240,242,207,169,60,256,172,63,232,53,112,,39,,,b'\x11\xe8\xe1I\xcc#V\xa4\xaf\x82\x12\xdf\x17\xaeN\x1e'
11E8E149-CC23-56A4-AF82-12DF17AE4E1E,2014-ncaa-d0-natl,ncaa,15,27,8,25,10,14,20,11,155,32,24,136,64,55,182,165,3,4,78,4,39,10,8,154,105,74,107,178,34,12,73,17,103,10,78,29,134,269,48,67,11,40,34,59,,,313,101,,,31,10,52,253,27,62,40,93,108,114,107,6,12,12,24,33,37,63,26,79,100,37,62,,149,,,37,332,331,333,130,287,306,121,336,336,241,277,216,292,11,291,185,336,340,163,126,77,274,306,102,310,103,339,73,337,78,243,63,13,75,46,290,110,177,53,,,4,72,,,31,339,48,68,44,166,178,218,115,138,295,291,105,164,162,212,274,165,219,204,96,59,160,76,,25,,,b'\x11\xe8\xe1I\xcc#V\xa4\xaf\x82\x12\xdf\x17\xaeN\x1e'
11E8E149-CC23-56A4-AF82-12DF17AE4E1E,2014-ncaa-d1-conf-C-USA,ncaa,3,3,5,3,7,2,3,3,7,5,6,8,2,4,4,4,3,5,2,5,5,3,4,5,3,3,3,3,5,3,4,2,3,2,3,3,3,7,4,4,6,7,6,5,,,12,9,,,3,4,3,10,2,2,2,8,8,2,4,1,5,5,2,2,3,2,1,3,4,5,5,,11,,,3,11,11,10,9,6,5,10,15,15,11,14,10,12,4,11,12,13,13,12,10,11,14,14,7,7,3,9,4,9,3,9,8,6,7,6,13,9,3,3,,,5,8,,,3,13,1,8,3,12,11,12,6,5,15,14,9,12,11,14,14,6,11,9,9,5,11,3,,5,,,b'\x11\xe8\xe1I\xcc#V\xa4\xaf\x82\x12\xdf\x17\xaeN\x1e'
11E8E149-CC23-56A4-AF82-12DF17AE4E1E,2014-ncaa-d1-conf-CUSA,ncaa,3,3,5,3,7,2,3,3,7,5,6,8,2,4,4,4,3,5,2,5,5,3,4,5,3,3,3,3,5,3,4,2,3,2,3,3,3,7,4,4,6,7,6,5,,,12,9,,,3,4,3,10,2,2,2,8,8,2,4,1,5,5,2,2,3,2,1,3,4,5,5,,11,,,3,11,11,10,9,6,5,10,15,15,11,14,10,12,4,11,12,13,13,12,10,11,14,14,7,7,3,9,4,9,3,9,8,6,7,6,13,9,3,3,,,5,8,,,3,13,1,8,3,12,11,12,6,5,15,14,9,12,11,14,14,6,11,9,9,5,11,3,,5,,,b'\x11\xe8\xe1I\xcc#V\xa4\xaf\x82\x12\xdf\x17\xaeN\x1e'
11E8E149-CC23-56A4-AF82-12DF17AE4E1E,2014-ncaa-d1-natl,ncaa,8,27,4,25,6,12,21,10,162,27,19,149,63,57,186,166,3,2,86,2,33,5,6,160,105,77,96,178,23,6,72,12,105,6,73,27,147,277,53,78,10,49,35,61,,,327,109,,,32,8,56,257,33,74,48,109,112,121,108,6,8,9,26,36,37,59,25,87,103,45,63,,151,,,37,338,334,340,120,288,314,110,339,341,230,289,243,300,17,300,190,343,346,154,122,76,287,312,106,317,105,339,72,342,73,251,68,11,82,50,307,117,172,55,,,3,61,,,32,344,53,76,45,164,174,223,110,128,300,299,109,166,161,213,270,177,214,206,95,60,175,72,,17,,,b'\x11\xe8\xe1I\xcc#V\xa4\xaf\x82\x12\xdf\x17\xaeN\x1e'
11E8E149-CC23-56A4-AF82-12DF17AE4E1E,2015-ncaa-d0-natl,ncaa,242,189,322,237,332,263,288,279,260,292,271,276,167,183,140,139,174,164,202,168,73,262,297,235,222,193,79,117,75,229,224,307,131,294,237,264,186,33,102,165,195,130,221,154,,,238,338,,,209,305,85,283,149,203,110,236,169,117,114,82,61,62,93,113,155,213,176,203,133,129,179,,331,,,214,75,64,18,294,79,23,304,84,64,205,149,229,257,30,257,334,24,33,293,300,254,206,118,285,25,131,142,224,71,237,73,132,204,118,128,62,133,108,182,,,261,154,,,209,44,187,231,217,254,215,75,227,100,167,153,305,325,326,156,191,97,303,250,169,117,157,183,,106,,,b'\x11\xe8\xe1I\xcc#V\xa4\xaf\x82\x12\xdf\x17\xaeN\x1e'
11E8E149-CC23-56A4-AF82-12DF17AE4E1E,2015-ncaa-d1-conf-C-USA,ncaa,10,10,8,10,10,9,11,8,11,12,9,12,5,7,5,6,6,7,4,7,3,8,9,10,10,9,4,4,2,8,9,11,11,9,11,10,9,5,5,10,8,8,8,8,,,14,14,,,10,8,3,8,7,10,6,12,9,4,5,3,5,5,6,6,9,11,8,9,6,7,9,,14,,,10,10,6,3,11,7,3,12,8,7,11,7,13,14,3,14,14,4,6,11,12,11,10,7,12,6,11,13,9,10,11,7,10,8,9,8,5,4,10,11,,,8,9,,,10,6,10,12,10,11,10,5,10,5,9,7,13,14,14,10,9,9,12,11,9,9,6,10,,7,,,b'\x11\xe8\xe1I\xcc#V\xa4\xaf\x82\x12\xdf\x17\xaeN\x1e'
11E8E149-CC23-56A4-AF82-12DF17AE4E1E,2015-ncaa-d1-conf-CUSA,ncaa,10,10,8,10,10,9,11,8,11,12,9,12,5,7,5,6,6,7,4,7,3,8,9,10,10,9,4,4,2,8,9,11,11,9,11,10,9,5,5,10,8,8,8,8,,,14,14,,,10,8,3,8,7,10,6,12,9,4,5,3,5,5,6,6,9,11,8,9,6,7,9,,14,,,10,10,6,3,11,7,3,12,8,7,11,7,13,14,3,14,14,4,6,11,12,11,10,7,12,6,11,13,9,10,11,7,10,8,9,8,5,4,10,11,,,8,9,,,10,6,10,12,10,11,10,5,10,5,9,7,13,14,14,10,9,9,12,11,9,9,6,10,,7,,,b'\x11\xe8\xe1I\xcc#V\xa4\xaf\x82\x12\xdf\x17\xaeN\x1e'
11E8E149-CC23-56A4-AF82-12DF17AE4E1E,2015-ncaa-d1-natl,ncaa,243,189,335,236,345,255,283,260,251,291,260,265,163,180,140,149,169,161,192,162,87,250,288,233,225,191,100,128,80,224,223,298,96,292,214,271,205,36,100,167,188,128,226,158,,,249,337,,,208,306,79,285,145,191,102,225,161,130,122,84,70,70,85,111,150,187,156,193,133,128,186,,329,,,208,72,60,16,287,77,22,304,81,80,146,175,230,257,49,259,330,25,25,276,284,244,203,115,286,20,96,159,223,78,214,74,127,209,121,133,66,134,110,176,,,255,158,,,208,40,184,224,211,256,208,82,225,96,160,172,302,322,323,158,191,77,301,240,164,120,155,186,,114,,,b'\x11\xe8\xe1I\xcc#V\xa4\xaf\x82\x12\xdf\x17\xaeN\x1e'
11E8E149-CC23-56A4-AF82-12DF17AE4E1E,2016-ncaa-d0-natl,ncaa,12,10,38,11,43,50,50,34,115,28,28,77,209,129,319,235,22,8,236,8,78,26,25,169,157,133,275,296,71,22,69,95,182,48,109,95,239,239,76,134,5,7,115,124,,,348,332,,,60,28,53,78,59,61,41,38,57,245,176,31,15,13,24,28,33,184,79,131,158,6,144,,334,,,63,255,180,214,141,221,220,184,96,157,40,95,346,348,101,348,336,266,319,112,156,66,213,54,341,264,182,303,69,301,109,104,75,8,18,7,138,51,210,91,,,19,119,,,60,322,101,57,64,157,90,66,145,118,55,84,321,328,329,147,281,174,219,200,56,15,85,161,,44,,,b'\x11\xe8\xe1I\xcc#V\xa4\xaf\x82\x12\xdf\x17\xaeN\x1e'
11E8E149-CC23-56A4-AF82-12DF17AE4E1E,2016-ncaa-d1-conf-C-USA,ncaa,2,1,4,2,6,3,3,1,11,1,1,8,10,6,14,8,3,2,7,2,6,1,2,12,11,8,10,13,3,1,3,6,5,2,6,3,6,4,2,3,1,1,7,7,,,14,14,,,3,2,1,3,3,3,1,3,1,11,5,2,2,2,1,1,2,7,1,4,5,1,7,,14,,,3,7,5,5,6,8,5,10,1,4,1,4,14,14,8,14,14,8,13,3,8,1,7,1,14,7,5,12,3,11,6,3,6,1,1,1,4,2,14,10,,,5,8,,,3,13,5,1,3,7,5,4,9,7,1,4,14,14,14,7,14,6,12,12,4,1,4,14,,5,,,b'\x11\xe8\xe1I\xcc#V\xa4\xaf\x82\x12\xdf\x17\xaeN\x1e'
11E8E149-CC23-56A4-AF82-12DF17AE4E1E,2016-ncaa-d1-conf-CUSA,ncaa,2,1,4,2,6,3,3,1,11,1,1,8,10,6,14,8,3,2,7,2,6,1,2,12,11,8,10,13,3,1,3,6,5,2,6,3,6,4,2,3,1,1,7,7,,,14,14,,,3,2,1,3,3,3,1,3,1,11,5,2,2,2,1,1,2,7,1,4,5,1,7,,14,,,3,7,5,5,6,8,5,10,1,4,1,4,14,14,8,14,14,8,13,3,8,1,7,1,14,7,5,12,3,11,6,3,6,1,1,1,4,2,14,10,,,5,8,,,3,13,5,1,3,7,5,4,9,7,1,4,14,14,14,7,14,6,12,12,4,1,4,14,,5,,,b'\x11\xe8\xe1I\xcc#V\xa4\xaf\x82\x12\xdf\x17\xaeN\x1e'
11E8E149-CC23-56A4-AF82-12DF17AE4E1E,2016-ncaa-d1-natl,ncaa,12,10,30,12,35,40,41,29,109,23,27,72,212,127,319,236,16,5,238,5,73,22,19,164,151,131,278,298,61,23,72,83,179,41,112,91,242,241,81,140,5,6,108,119,,,349,332,,,52,25,54,79,59,55,45,33,58,251,181,27,14,14,29,28,42,181,79,137,155,6,137,,338,,,55,260,175,223,121,204,224,168,106,181,38,110,347,347,90,347,336,281,331,94,148,52,231,63,342,269,179,309,72,309,112,100,80,8,17,6,137,53,205,84,,,14,106,,,52,328,100,48,57,145,72,65,118,99,64,107,321,327,328,141,284,168,214,199,52,13,83,147,,38,,,b'\x11\xe8\xe1I\xcc#V\xa4\xaf\x82\x12\xdf\x17\xaeN\x1e'
11E8E149-CC23-56A4-AF82-12DF17AE4E1E,2017-ncaa-d0-natl,ncaa,302,313,168,311,173,173,155,150,188,92,83,153,298,259,330,278,124,117,193,116,198,136,131,251,248,223,310,320,105,108,104,206,300,153,211,171,194,185,172,189,236,262,76,83,,,300,279,,,286,154,122,26,159,138,95,63,43,303,250,108,97,93,88,70,72,198,123,164,220,232,61,,311,,,281,298,271,235,259,282,242,269,187,192,161,140,310,295,279,296,256,255,224,240,274,298,151,97,255,303,300,186,104,242,211,239,154,219,257,249,214,198,105,67,,,156,190,,,286,196,200,314,278,320,301,290,302,284,194,202,322,306,309,312,304,312,201,272,258,224,239,115,,128,,,b'\x11\xe8\xe1I\xcc#V\xa4\xaf\x82\x12\xdf\x17\xaeN\x1e'
11E8E149-CC23-56A4-AF82-12DF17AE4E1E,2017-ncaa-d1-conf-C-USA,ncaa,11,11,9,11,9,10,7,5,11,5,3,11,12,12,13,12,7,6,11,6,9,6,6,11,11,11,13,12,3,5,6,8,14,6,11,10,9,5,4,6,9,11,4,5,,,12,13,,,11,5,6,2,8,7,3,3,1,12,12,6,3,4,3,2,5,8,5,10,6,9,4,,14,,,11,13,7,9,3,9,10,6,6,8,3,5,14,13,14,13,13,12,11,4,9,11,11,3,13,13,14,9,6,11,11,8,6,10,11,8,7,4,6,4,,,10,11,,,11,10,11,11,11,11,9,9,9,11,7,8,14,13,14,13,13,13,10,11,9,8,7,7,,8,,,b'\x11\xe8\xe1I\xcc#V\xa4\xaf\x82\x12\xdf\x17\xaeN\x1e'
11E8E149-CC23-56A4-AF82-12DF17AE4E1E,2017-ncaa-d1-conf-CUSA,ncaa,11,11,9,11,9,10,7,5,11,5,3,11,12,12,13,12,7,6,11,6,9,6,6,11,11,11,13,12,3,5,6,8,14,6,11,10,9,5,4,6,9,11,4,5,,,12,13,,,11,5,6,2,8,7,3,3,1,12,12,6,3,4,3,2,5,8,5,10,6,9,4,,14,,,11,13,7,9,3,9,10,6,6,8,3,5,14,13,14,13,13,12,11,4,9,11,11,3,13,13,14,9,6,11,11,8,6,10,11,8,7,4,6,4,,,10,11,,,11,10,11,11,11,11,9,9,9,11,7,8,14,13,14,13,13,13,10,11,9,8,7,7,,8,,,b'\x11\xe8\xe1I\xcc#V\xa4\xaf\x82\x12\xdf\x17\xaeN\x1e'
11E8E149-CC23-56A4-AF82-12DF17AE4E1E,2017-ncaa-d1-natl,ncaa,300,312,144,310,147,156,139,127,158,74,72,136,291,255,321,276,134,125,207,123,221,123,116,229,226,219,316,317,132,101,99,161,283,129,183,158,184,210,180,177,252,281,69,83,,,302,283,,,274,137,123,26,150,119,95,54,42,305,253,127,107,102,89,70,76,157,95,150,226,253,63,,313,,,273,308,285,261,234,281,249,255,197,213,153,154,311,298,232,304,260,286,254,221,257,299,162,112,252,301,283,178,99,249,183,241,159,237,271,262,217,194,93,60,,,150,195,,,274,218,194,314,264,317,295,295,296,277,210,217,311,308,312,318,302,310,179,253,252,244,233,104,,137,,,b'\x11\xe8\xe1I\xcc#V\xa4\xaf\x82\x12\xdf\x17\xaeN\x1e'
11E8E149-CC23-56A4-AF82-12DF17AE4E1E,2018-ncaa-d0-natl,ncaa,136,129,117,142,122,148,178,274,49,141,211,65,225,273,91,256,54,77,67,76,37,240,198,73,53,110,188,251,35,214,82,61,22,96,17,130,79,317,314,226,333,337,333,332,,,40,53,,,153,193,285,29,168,195,329,147,245,234,290,47,88,89,308,269,228,37,92,131,298,340,336,,34,,,155,164,201,232,113,79,75,164,333,339,210,344,10,17,54,18,64,193,131,200,122,219,313,346,9,73,22,14,82,18,17,211,194,294,306,295,237,249,192,216,,,27,4,,,153,161,119,191,149,144,179,228,59,35,332,343,10,15,21,156,69,58,14,14,188,314,216,194,,15,,,b'\x11\xe8\xe1I\xcc#V\xa4\xaf\x82\x12\xdf\x17\xaeN\x1e'
11E8E149-CC23-56A4-AF82-12DF17AE4E1E,2018-ncaa-d1-conf-C-USA,ncaa,7,7,5,7,5,5,6,8,3,6,8,1,12,11,13,10,4,5,5,5,6,7,6,4,3,7,10,11,5,11,7,2,1,5,1,4,4,14,14,11,13,12,13,13,,,2,1,,,8,6,8,4,8,9,11,5,9,12,11,3,6,6,11,7,11,3,4,4,14,14,14,,2,,,8,10,12,11,7,4,5,5,14,14,11,14,1,1,4,1,2,9,9,10,7,9,12,14,1,5,1,5,7,3,1,12,11,11,12,12,13,12,8,8,,,4,4,,,8,9,7,7,8,9,10,11,3,5,14,14,2,1,2,9,5,4,2,3,9,11,11,8,,5,,,b'\x11\xe8\xe1I\xcc#V\xa4\xaf\x82\x12\xdf\x17\xaeN\x1e'
11E8E149-CC23-56A4-AF82-12DF17AE4E1E,2018-ncaa-d1-conf-CUSA,ncaa,7,7,5,7,5,5,6,8,3,6,8,1,12,11,13,10,4,5,5,5,6,7,6,4,3,7,10,11,5,11,7,2,1,5,1,4,4,14,14,11,13,12,13,13,,,2,1,,,8,6,8,4,8,9,11,5,9,12,11,3,6,6,11,7,11,3,4,4,14,14,14,,2,,,8,10,12,11,7,4,5,5,14,14,11,14,1,1,4,1,2,9,9,10,7,9,12,14,1,5,1,5,7,3,1,12,11,11,12,12,13,12,8,8,,,4,4,,,8,9,7,7,8,9,10,11,3,5,14,14,2,1,2,9,5,4,2,3,9,11,11,8,,5,,,b'\x11\xe8\xe1I\xcc#V\xa4\xaf\x82\x12\xdf\x17\xaeN\x1e'
11E8E149-CC23-56A4-AF82-12DF17AE4E1E,2018-ncaa-d1-natl,ncaa,150,129,144,149,151,185,207,309,52,176,242,69,238,293,93,257,68,99,64,100,40,283,249,77,54,114,180,249,31,240,91,78,24,128,18,148,80,302,316,233,339,337,336,333,,,27,55,,,178,245,290,28,179,211,334,162,249,236,290,48,91,92,313,274,237,41,101,138,297,341,336,,37,,,178,135,172,204,128,55,49,178,332,335,219,344,7,14,58,17,63,149,75,211,138,237,312,346,9,52,24,5,91,5,18,201,197,316,310,303,212,259,183,227,,,34,4,,,178,107,129,208,169,150,189,231,64,37,334,341,10,16,22,160,66,58,15,14,194,321,218,194,,15,,,b'\x11\xe8\xe1I\xcc#V\xa4\xaf\x82\x12\xdf\x17\xaeN\x1e'
11E8E149-CC23-56A4-AF82-12DF17AE4E1E,2019-ncaa-d0-natl,ncaa,266,298,114,279,132,238,267,298,178,266,292,162,198,198,180,154,130,122,214,119,27,287,271,165,149,204,94,176,52,273,244,120,67,185,107,134,18,239,282,177,350,350,260,234,,,39,59,,,267,266,325,111,285,308,344,294,314,213,219,134,124,122,338,327,294,120,224,128,215,351,277,,31,,,265,212,199,187,205,81,29,291,338,335,193,350,82,58,292,59,162,154,81,271,254,313,327,344,65,65,67,90,244,68,107,268,292,327,327,338,171,225,110,200,,,71,8,,,267,88,223,298,268,185,182,147,62,11,337,345,73,55,53,102,23,66,75,53,256,338,152,98,,51,,,b'\x11\xe8\xe1I\xcc#V\xa4\xaf\x82\x12\xdf\x17\xaeN\x1e'
11E8E149-CC23-56A4-AF82-12DF17AE4E1E,2019-ncaa-d1-conf-C-USA,ncaa,10,11,3,11,3,11,11,13,10,12,12,9,8,7,9,7,2,2,9,2,1,13,9,10,8,10,3,7,1,10,9,4,9,6,7,9,3,14,14,12,14,14,6,5,,,3,3,,,11,8,12,3,11,13,14,13,14,9,8,3,3,2,13,11,9,4,8,9,12,14,7,,2,,,11,11,11,11,7,5,2,8,14,14,7,14,5,4,12,4,8,12,9,8,8,12,14,14,3,9,9,4,9,7,7,12,12,13,14,14,10,12,7,12,,,1,1,,,11,6,11,12,11,8,9,10,5,3,13,14,4,4,4,8,6,10,3,6,9,13,10,4,,1,,,b'\x11\xe8\xe1I\xcc#V\xa4\xaf\x82\x12\xdf\x17\xaeN\x1e'
11E8E149-CC23-56A4-AF82-12DF17AE4E1E,2019-ncaa-d1-conf-CUSA,ncaa,10,11,3,11,3,11,11,13,10,12,12,9,8,7,9,7,2,2,9,2,1,13,9,10,8,10,3,7,1,10,9,4,9,6,7,9,3,14,14,12,14,14,6,5,,,3,3,,,11,8,12,3,11,13,14,13,14,9,8,3,3,2,13,11,9,4,8,9,12,14,7,,2,,,11,11,11,11,7,5,2,8,14,14,7,14,5,4,12,4,8,12,9,8,8,12,14,14,3,9,9,4,9,7,7,12,12,13,14,14,10,12,7,12,,,1,1,,,11,6,11,12,11,8,9,10,5,3,13,14,4,4,4,8,6,10,3,6,9,13,10,4,,1,,,b'\x11\xe8\xe1I\xcc#V\xa4\xaf\x82\x12\xdf\x17\xaeN\x1e'
11E8E149-CC23-56A4-AF82-12DF17AE4E1E,2019-ncaa-d1-natl,ncaa,282,297,155,291,178,272,294,332,190,292,313,172,218,221,187,154,154,147,209,147,26,321,315,180,155,210,92,171,44,292,250,158,69,230,124,157,15,207,291,184,351,350,276,236,,,26,61,,,280,311,327,103,294,314,345,301,318,217,221,135,128,124,338,328,298,134,234,139,219,351,279,,31,,,278,172,166,142,216,64,10,296,333,330,207,349,68,48,291,47,163,105,40,279,268,324,328,343,65,51,69,56,250,35,124,252,291,341,331,344,140,228,94,208,,,85,7,,,280,43,234,311,286,203,195,149,69,11,338,345,77,55,55,104,24,68,76,54,267,340,158,108,,49,,,b'\x11\xe8\xe1I\xcc#V\xa4\xaf\x82\x12\xdf\x17\xaeN\x1e'
11E8E149-CC23-56A4-AF82-12DF17AE4E1E,2020-ncaa-d0-natl,ncaa,140,150,87,155,136,61,72,89,84,52,61,89,198,210,157,260,31,15,233,14,84,55,36,106,105,136,243,266,80,39,64,151,156,74,92,54,93,285,202,139,91,119,334,328,,,331,313,,,84,48,42,213,58,65,93,50,64,212,219,37,21,20,49,29,45,173,75,50,272,100,336,,323,,,84,215,174,140,201,184,131,260,152,188,97,201,302,310,123,307,307,178,280,210,229,106,218,129,287,173,156,164,64,162,92,142,139,17,27,33,303,252,339,311,,,1,14,,,84,301,106,92,92,192,142,96,160,86,141,177,282,293,291,139,282,150,138,140,119,22,297,335,,6,,,b'\x11\xe8\xe1I\xcc#V\xa4\xaf\x82\x12\xdf\x17\xaeN\x1e'
11E8E149-CC23-56A4-AF82-12DF17AE4E1E,2020-ncaa-d1-conf-C-USA,ncaa,7,7,1,7,6,1,1,1,4,1,3,5,6,9,3,10,2,1,7,1,8,1,1,4,3,5,9,10,5,2,5,8,6,2,6,1,3,12,9,2,3,4,14,14,,,13,12,,,6,1,1,11,1,2,2,2,4,8,9,2,1,1,2,1,2,8,3,1,10,4,14,,13,,,6,12,12,8,11,8,4,10,12,10,14,11,12,13,9,13,12,10,13,12,12,10,13,11,11,8,6,7,5,7,6,12,11,1,2,2,11,7,14,12,,,1,3,,,6,14,4,7,6,12,12,6,7,3,12,10,12,13,13,9,11,6,6,6,12,1,9,14,,1,,,b'\x11\xe8\xe1I\xcc#V\xa4\xaf\x82\x12\xdf\x17\xaeN\x1e'
11E8E149-CC23-56A4-AF82-12DF17AE4E1E,2020-ncaa-d1-conf-CUSA,ncaa,7,7,1,7,6,1,1,1,4,1,3,5,6,9,3,10,2,1,7,1,8,1,1,4,3,5,9,10,5,2,5,8,6,2,6,1,3,12,9,2,3,4,14,14,,,13,12,,,6,1,1,11,1,2,2,2,4,8,9,2,1,1,2,1,2,8,3,1,10,4,14,,13,,,6,12,12,8,11,8,4,10,12,10,14,11,12,13,9,13,12,10,13,12,12,10,13,11,11,8,6,7,5,7,6,12,11,1,2,2,11,7,14,12,,,1,3,,,6,14,4,7,6,12,12,6,7,3,12,10,12,13,13,9,11,6,6,6,12,1,9,14,,1,,,b'\x11\xe8\xe1I\xcc#V\xa4\xaf\x82\x12\xdf\x17\xaeN\x1e'
11E8E149-CC23-56A4-AF82-12DF17AE4E1E,2020-ncaa-d1-natl,ncaa,150,150,128,157,202,74,85,120,88,63,79,97,214,225,163,261,41,23,236,24,81,76,56,111,110,143,237,269,73,52,66,182,164,98,100,61,93,271,210,144,113,129,336,328,,,323,315,,,95,74,46,201,59,71,101,55,68,213,220,36,19,17,54,30,50,182,85,53,274,113,336,,327,,,93,193,151,105,214,162,99,268,134,175,101,198,288,303,125,298,307,139,251,218,235,118,212,123,288,151,164,144,66,139,100,127,141,25,33,37,297,260,338,315,,,3,11,,,95,271,113,100,106,203,153,99,163,90,142,179,287,299,296,144,279,155,141,147,129,27,297,337,,6,,,b'\x11\xe8\xe1I\xcc#V\xa4\xaf\x82\x12\xdf\x17\xaeN\x1e'
11E8E149-CC23-56A4-AF82-12DF17AE4E1E,2021-ncaa-d0-natl,ncaa,44,83,59,64,63,66,53,73,56,44,58,54,101,104,126,198,128,64,310,62,142,68,69,72,100,96,252,203,244,66,86,136,92,107,87,49,108,245,120,87,113,170,317,340,,,275,247,,,78,68,178,39,92,66,111,60,129,152,177,197,112,108,102,115,127,274,231,53,145,183,342,,209,,,85,253,252,219,278,266,243,244,200,167,276,97,248,261,112,259,229,222,243,264,267,187,121,120,196,141,92,207,86,185,87,195,71,44,69,67,223,122,300,210,,,41,65,,,78,264,93,135,100,153,157,62,182,127,125,66,189,211,206,69,104,34,68,35,99,81,141,245,,61,,,b'\x11\xe8\xe1I\xcc#V\xa4\xaf\x82\x12\xdf\x17\xaeN\x1e'
11E8E149-CC23-56A4-AF82-12DF17AE4E1E,2021-ncaa-d1-conf-C-USA,ncaa,2,4,1,3,2,3,2,3,2,3,3,3,5,6,3,7,5,5,10,4,7,3,2,2,4,4,8,7,10,4,4,8,2,4,3,1,3,10,8,4,3,4,14,14,,,12,10,,,2,2,11,11,6,4,11,4,8,6,8,11,10,10,11,11,11,13,14,2,7,7,14,,8,,,2,10,11,7,10,12,9,9,6,5,10,6,11,13,7,12,11,9,10,11,10,8,8,5,8,3,2,10,4,6,3,6,5,1,1,3,10,6,14,12,,,1,2,,,2,13,4,5,2,5,5,1,5,4,2,1,5,6,6,1,2,1,2,1,4,4,7,12,,3,,,b'\x11\xe8\xe1I\xcc#V\xa4\xaf\x82\x12\xdf\x17\xaeN\x1e'
11E8E149-CC23-56A4-AF82-12DF17AE4E1E,2021-ncaa-d1-conf-CUSA,ncaa,2,4,1,3,2,3,2,3,2,3,3,3,5,6,3,7,5,5,10,4,7,3,2,2,4,4,8,7,10,4,4,8,2,4,3,1,3,10,8,4,3,4,14,14,,,12,10,,,2,2,11,11,6,4,11,4,8,6,8,11,10,10,11,11,11,13,14,2,7,7,14,,8,,,2,10,11,7,10,12,9,9,6,5,10,6,11,13,7,12,11,9,10,11,10,8,8,5,8,3,2,10,4,6,3,6,5,1,1,3,10,6,14,12,,,1,2,,,2,13,4,5,2,5,5,1,5,4,2,1,5,6,6,1,2,1,2,1,4,4,7,12,,3,,,b'\x11\xe8\xe1I\xcc#V\xa4\xaf\x82\x12\xdf\x17\xaeN\x1e'
11E8E149-CC23-56A4-AF82-12DF17AE4E1E,2021-ncaa-d1-natl,ncaa,46,82,70,65,72,75,59,84,60,56,70,58,111,117,129,195,138,76,312,73,141,81,82,75,100,102,250,202,243,73,88,157,94,122,95,53,110,233,124,89,128,174,320,340,,,266,248,,,83,83,182,36,94,68,116,62,130,153,176,199,113,109,106,117,132,278,238,55,145,192,342,,209,,,92,239,242,200,281,260,235,251,192,151,279,94,242,254,114,253,231,202,230,270,271,199,122,116,198,132,94,195,88,171,95,183,74,51,71,72,216,127,296,217,,,49,68,,,83,248,100,147,107,159,164,63,189,130,126,64,192,212,209,68,102,36,70,37,103,85,144,248,,63,,,b'\x11\xe8\xe1I\xcc#V\xa4\xaf\x82\x12\xdf\x17\xaeN\x1e'
11E8E149-CC23-56A4-AF82-12DF17AE4E1E,2022-ncaa-d0-natl,ncaa,174,180,163,185,163,158,193,199,203,200,202,181,189,176,220,186,36,31,145,30,12,162,149,207,157,175,95,212,10,68,37,263,171,192,99,221,219,246,220,251,172,160,312,319,,,274,306,,,183,181,251,3,139,216,230,206,214,195,168,18,14,12,146,102,49,322,180,234,251,173,321,,280,,,183,201,193,96,319,199,130,291,148,73,317,103,225,253,104,248,264,113,153,317,317,251,146,133,226,76,171,100,37,76,99,144,101,86,52,77,269,245,66,77,,,24,3,,,183,176,144,220,183,205,200,55,211,119,155,69,229,256,254,76,139,83,65,58,142,72,261,58,,6,,,b'\x11\xe8\xe1I\xcc#V\xa4\xaf\x82\x12\xdf\x17\xaeN\x1e'
11E8E149-CC23-56A4-AF82-12DF17AE4E1E,2022-ncaa-d1-conf-C-USA,ncaa,12,11,7,12,10,11,11,13,11,12,9,12,8,7,11,7,5,5,7,5,4,12,9,12,10,12,5,7,2,3,2,13,9,10,4,11,3,9,11,12,10,10,14,14,,,5,8,,,12,11,11,5,11,11,10,11,9,7,7,4,4,4,10,5,2,13,9,10,11,10,14,,7,,,12,6,8,4,14,7,6,10,6,2,14,3,4,4,10,4,7,3,4,14,13,11,6,7,6,3,9,3,2,1,4,7,7,6,6,7,9,12,2,2,,,4,3,,,12,4,12,11,12,7,10,5,8,8,8,3,5,5,5,6,7,5,3,4,7,5,11,2,,1,,,b'\x11\xe8\xe1I\xcc#V\xa4\xaf\x82\x12\xdf\x17\xaeN\x1e'
11E8E149-CC23-56A4-AF82-12DF17AE4E1E,2022-ncaa-d1-conf-CUSA,ncaa,12,11,7,12,10,11,11,13,11,12,9,12,8,7,11,7,5,5,7,5,4,12,9,12,10,12,5,7,2,3,2,13,9,10,4,11,3,9,11,12,10,10,14,14,,,5,8,,,12,11,11,5,11,11,10,11,9,7,7,4,4,4,10,5,2,13,9,10,11,10,14,,7,,,12,6,8,4,14,7,6,10,6,2,14,3,4,4,10,4,7,3,4,14,13,11,6,7,6,3,9,3,2,1,4,7,7,6,6,7,9,12,2,2,,,4,3,,,12,4,12,11,12,7,10,5,8,8,8,3,5,5,5,6,7,5,3,4,7,5,11,2,,1,,,b'\x11\xe8\xe1I\xcc#V\xa4\xaf\x82\x12\xdf\x17\xaeN\x1e'
11E8E149-CC23-56A4-AF82-12DF17AE4E1E,2022-ncaa-d1-natl,ncaa,199,180,213,200,213,197,232,249,218,238,242,194,207,194,225,186,41,43,149,42,12,204,192,217,162,187,94,212,9,84,39,304,175,231,106,258,227,225,225,266,203,174,326,326,,,251,313,,,207,236,258,2,157,237,241,223,222,201,173,18,15,12,159,110,53,324,200,253,257,186,330,,284,,,207,164,166,58,334,180,103,300,128,56,325,100,204,231,111,226,265,68,101,328,325,269,146,136,227,58,175,58,39,46,106,130,105,115,63,90,241,254,55,83,,,31,3,,,207,121,155,242,207,214,209,57,224,121,156,69,235,262,258,77,133,82,70,62,153,83,263,62,,6,,,b'\x11\xe8\xe1I\xcc#V\xa4\xaf\x82\x12\xdf\x17\xaeN\x1e'
11E8E149-CC23-56A4-AF82-12DF17AE4E1E,2023-ncaa-d0-natl,ncaa,87,91,81,100,81,86,107,113,125,96,112,118,190,168,220,220,30,29,204,28,32,96,106,150,130,108,182,253,44,81,89,194,134,130,131,125,168,102,72,103,195,205,320,325,,,277,291,,,97,121,260,73,105,142,188,113,160,207,201,26,26,24,112,171,92,295,208,143,71,229,340,,238,,,101,238,236,142,306,191,86,318,272,247,254,289,174,185,134,172,242,140,202,312,307,243,240,262,142,89,134,216,89,168,131,172,112,69,49,59,35,18,232,189,,,17,2,,,97,231,72,203,106,158,166,45,130,27,241,203,131,140,128,33,66,44,145,89,118,93,19,210,,5,,,b'\x11\xe8\xe1I\xcc#V\xa4\xaf\x82\x12\xdf\x17\xaeN\x1e'
11E8E149-CC23-56A4-AF82-12DF17AE4E1E,2023-ncaa-d1-conf-C-USA,ncaa,3,4,4,4,4,3,3,4,5,2,3,5,5,5,5,6,2,3,9,2,7,4,5,6,5,4,7,7,7,4,3,7,2,4,5,2,3,2,3,2,7,7,11,11,,,5,8,,,2,7,8,2,3,2,3,3,4,5,5,4,2,2,2,6,4,8,6,1,3,7,11,,4,,,2,5,5,3,8,3,1,9,10,9,10,10,2,4,1,4,8,1,4,10,9,6,10,10,3,1,2,8,3,5,5,7,8,3,2,4,1,1,5,4,,,1,2,,,2,4,3,5,2,3,3,1,3,1,10,9,3,4,3,2,2,1,9,2,5,2,1,4,,2,,,b'\x11\xe8\xe1I\xcc#V\xa4\xaf\x82\x12\xdf\x17\xaeN\x1e'
11E8E149-CC23-56A4-AF82-12DF17AE4E1E,2023-ncaa-d1-conf-CUSA,ncaa,3,4,4,4,4,3,3,4,5,2,3,5,5,5,5,6,2,3,9,2,7,4,5,6,5,4,7,7,7,4,3,7,2,4,5,2,3,2,3,2,7,7,11,11,,,5,8,,,2,7,8,2,3,2,3,3,4,5,5,4,2,2,2,6,4,8,6,1,3,7,11,,4,,,2,5,5,3,8,3,1,9,10,9,10,10,2,4,1,4,8,1,4,10,9,6,10,10,3,1,2,8,3,5,5,7,8,3,2,4,1,1,5,4,,,1,2,,,2,4,3,5,2,3,3,1,3,1,10,9,3,4,3,2,2,1,9,2,5,2,1,4,,2,,,b'\x11\xe8\xe1I\xcc#V\xa4\xaf\x82\x12\xdf\x17\xaeN\x1e'
11E8E149-CC23-56A4-AF82-12DF17AE4E1E,2023-ncaa-d1-natl,ncaa,98,91,103,103,109,110,133,147,132,116,138,124,210,188,226,222,35,33,200,31,30,114,131,160,138,109,180,251,39,96,97,235,141,168,144,145,176,72,75,108,222,221,333,330,,,259,296,,,118,162,269,68,116,159,203,121,165,214,206,28,28,26,120,184,99,298,225,150,74,240,343,,241,,,121,208,214,103,312,163,56,327,256,228,271,287,159,167,137,150,244,101,146,324,319,270,241,259,136,69,141,181,97,119,144,156,113,90,58,71,22,19,225,197,,,17,2,,,118,185,81,227,128,176,176,45,137,30,246,203,139,146,129,37,65,44,148,93,133,100,18,221,,5,,,b'\x11\xe8\xe1I\xcc#V\xa4\xaf\x82\x12\xdf\x17\xaeN\x1e'
11E8E149-CC23-56A4-AF82-12DF17AE4E1E,2024-ncaa-d0-natl,ncaa,264,251,258,268,266,189,178,266,77,129,163,111,292,325,143,315,125,99,277,98,99,236,248,115,114,138,293,306,87,255,208,231,138,248,175,272,324,159,213,261,261,244,299,244,,,176,241,,,257,239,131,87,135,121,237,61,95,279,317,82,51,51,182,157,216,162,203,255,224,231,290,,239,,,260,250,194,117,302,61,18,322,351,333,332,358,223,205,283,214,323,123,104,344,344,345,357,355,192,86,138,84,208,70,175,302,328,263,227,327,65,96,76,65,,,126,33,,,257,119,157,331,258,325,288,211,109,18,360,356,269,245,257,238,217,132,173,139,331,217,104,106,,38,,,b'\x11\xe8\xe1I\xcc#V\xa4\xaf\x82\x12\xdf\x17\xaeN\x1e'
11E8E149-CC23-56A4-AF82-12DF17AE4E1E,2024-ncaa-d1-conf-CUSA,ncaa,5,6,3,6,5,3,3,9,2,1,2,2,8,8,4,8,4,2,8,2,4,7,6,3,3,3,9,8,5,8,8,3,6,4,5,7,9,7,8,6,6,7,7,6,,,4,3,,,6,1,3,7,4,3,9,1,2,8,8,4,3,3,8,6,8,3,5,7,6,7,7,,3,,,6,9,8,8,6,3,2,7,9,9,8,9,6,4,8,5,6,8,8,8,8,8,9,9,3,5,6,5,8,6,5,9,9,8,8,9,7,7,2,2,,,2,1,,,6,8,3,8,6,8,8,8,3,2,9,9,5,2,3,8,6,6,4,5,8,7,5,2,,3,,,b'\x11\xe8\xe1I\xcc#V\xa4\xaf\x82\x12\xdf\x17\xaeN\x1e'
11E8E149-CC23-56A4-AF82-12DF17AE4E1E,2024-ncaa-d1-natl,ncaa,243,253,194,253,209,162,154,231,79,97,124,122,294,327,153,327,118,83,301,80,111,207,202,125,131,148,304,318,93,211,198,214,151,221,179,263,332,198,204,268,243,241,307,266,,,206,232,,,269,193,145,101,142,128,231,60,83,295,330,89,56,52,183,158,199,201,216,273,216,236,307,,227,,,263,288,253,167,311,87,31,325,356,338,342,354,228,222,244,226,318,175,155,352,351,342,354,356,165,112,151,131,198,110,179,313,323,218,208,310,67,84,122,92,,,80,30,,,269,170,164,334,263,323,291,196,123,18,362,355,251,236,240,221,211,137,165,140,329,201,91,144,,37,,,b'\x11\xe8\xe1I\xcc#V\xa4\xaf\x82\x12\xdf\x17\xaeN\x1e'
11E8E149-CC23-56A4-AF82-12DF17AE4E1E,2025-ncaa-d0-natl,genius_ncaa,282,249,301,281,319,301,273,316,177,240,237,205,288,312,185,266,318,327,145,329,319,328,321,200,206,245,287,247,242,261,187,273,230,278,195,227,138,165,297,227,328,311,346,334,,,124,260,,171,273,326,251,167,265,219,261,174,148,267,293,286,300,301,292,250,215,188,214,178,277,310,343,,238,,248,275,95,114,79,236,82,18,343,206,278,58,345,74,93,73,102,256,70,43,253,223,267,223,277,107,152,230,31,187,52,195,210,296,310,266,314,120,232,122,178,,,321,245,,220,273,37,250,276,277,225,238,206,188,54,286,342,147,165,178,205,140,245,122,170,296,273,198,190,,270,,183,b'\x11\xe8\xe1I\xcc#V\xa4\xaf\x82\x12\xdf\x17\xaeN\x1e'
11E8E149-CC23-56A4-AF82-12DF17AE4E1E,2025-ncaa-d1-conf-CUSA,genius_ncaa,9,9,7,9,8,9,7,8,7,7,3,7,8,9,7,8,10,10,4,10,10,8,9,7,7,8,10,7,8,7,5,5,7,5,5,5,5,6,8,6,10,10,8,8,,,5,5,,6,10,10,8,3,8,6,5,4,3,7,9,10,9,9,8,8,5,4,4,3,7,10,8,,6,,7,10,8,9,6,8,7,4,9,10,10,2,10,2,3,2,3,6,7,3,8,6,10,4,9,1,9,7,4,5,5,5,10,9,10,10,10,5,8,7,6,,,10,10,,9,10,1,8,10,10,10,10,10,8,5,10,10,2,4,5,10,5,10,6,8,10,10,6,7,,10,,9,b'\x11\xe8\xe1I\xcc#V\xa4\xaf\x82\x12\xdf\x17\xaeN\x1e'
11E8E149-CC23-56A4-AF82-12DF17AE4E1E,2025-ncaa-d1-natl,genius_ncaa,279,249,304,273,319,303,276,319,170,240,239,189,289,319,185,265,297,311,144,311,297,324,320,188,186,239,280,251,220,278,202,272,229,289,198,227,141,192,308,243,321,303,348,336,,,126,253,,173,272,328,244,169,264,225,280,179,162,271,298,268,284,284,301,257,231,184,222,187,283,303,346,,225,,242,276,98,130,87,232,87,23,338,230,292,74,344,61,79,73,86,237,70,38,261,224,255,226,285,84,148,229,33,202,55,198,220,291,302,256,310,147,252,128,190,,,311,224,,217,272,36,251,277,277,225,246,213,183,54,295,344,128,143,149,204,143,241,119,158,296,256,211,188,,251,,190,b'\x11\xe8\xe1I\xcc#V\xa4\xaf\x82\x12\xdf\x17\xaeN\x1e'
11E8E149-CC23-56A4-AF82-12DF17AE4E1E,2026-ncaa-d0-natl,genius_ncaa,87,13,279,35,284,253,248,243,254,230,219,259,274,274,264,244,203,203,184,202,184,245,270,271,262,211,217,242,105,142,94,219,17,190,64,253,217,55,97,168,199,92,330,327,,,55,136,,20,118,291,102,27,149,149,44,128,47,214,173,95,89,90,42,41,22,38,15,171,153,92,327,,152,,28,115,35,35,62,90,32,54,100,89,102,165,242,52,49,171,50,155,57,62,118,105,90,237,259,150,20,17,115,94,62,64,74,274,232,91,137,90,153,119,145,,,269,194,,157,118,78,178,62,110,110,117,181,88,134,207,235,119,119,124,153,208,36,304,196,196,95,205,214,,129,,95,b'\x11\xe8\xe1I\xcc#V\xa4\xaf\x82\x12\xdf\x17\xaeN\x1e'
11E8E149-CC23-56A4-AF82-12DF17AE4E1E,2026-ncaa-d1-natl,genius_ncaa,74,13,271,34,276,254,240,216,296,214,162,293,275,263,288,252,227,223,217,219,268,218,244,307,305,247,248,242,161,64,49,200,18,133,50,260,241,62,81,170,208,128,350,345,,,47,110,,17,145,286,93,24,155,144,20,105,22,229,171,141,127,128,16,20,7,39,8,184,148,123,346,,132,,29,131,32,39,59,108,37,56,109,117,114,193,237,64,55,159,59,171,51,62,133,119,105,239,258,144,14,18,150,49,79,50,100,284,219,108,156,93,116,192,181,,,260,245,,184,145,84,195,74,128,132,130,184,108,141,230,238,126,131,132,161,221,28,315,202,219,111,178,276,,142,,135,b'\x11\xe8\xe1I\xcc#V\xa4\xaf\x82\x12\xdf\x17\xaeN\x1e'
11E8E149-CC27-FAA6-AF82-12DF17AE4E1E,2010-ncaa-d0-natl,ncaa,242,202,288,239,303,272,261,266,249,237,244,201,243,201,302,160,240,236,208,228,170,265,253,259,268,269,202,206,162,304,318,273,300,300,329,256,208,191,253,254,151,141,193,159,,,108,122,,,314,225,30,172,235,223,154,184,173,221,151,190,180,170,148,100,276,201,257,211,278,95,166,,228,,,314,214,193,116,280,143,67,294,271,240,272,273,218,240,100,234,301,135,155,307,307,279,278,269,204,229,300,214,318,223,329,245,249,143,118,199,81,146,101,156,,,264,227,,,314,139,285,297,306,325,310,273,247,153,315,298,293,308,302,302,323,308,317,328,314,57,172,149,,173,,,"b""\x11\xe8\xe1I\xcc'\xfa\xa6\xaf\x82\x12\xdf\x17\xaeN\x1e"""
11E8E149-CC27-FAA6-AF82-12DF17AE4E1E,2010-ncaa-d1-conf-GWC,ncaa,1,1,2,1,2,3,1,1,3,1,1,1,3,1,3,1,4,4,1,4,4,2,3,3,3,2,4,3,4,4,4,3,4,3,4,2,2,2,2,1,1,2,1,3,,,2,1,,,2,2,1,1,2,1,1,1,2,3,1,4,4,4,2,3,4,2,3,2,2,1,1,,1,,,2,3,3,3,1,3,3,1,2,3,2,2,4,4,3,4,2,3,3,1,1,1,2,2,4,4,4,4,4,4,4,1,2,1,2,1,1,1,2,2,,,3,4,,,2,3,3,2,2,3,2,4,3,3,2,2,4,4,4,4,4,4,4,4,1,1,1,2,,4,,,"b""\x11\xe8\xe1I\xcc'\xfa\xa6\xaf\x82\x12\xdf\x17\xaeN\x1e"""
11E8E149-CC27-FAA6-AF82-12DF17AE4E1E,2010-ncaa-d1-natl,ncaa,206,202,191,208,227,230,219,186,240,181,184,195,225,175,299,174,220,216,203,212,206,187,169,255,260,264,232,211,193,255,283,225,297,237,311,221,217,254,249,251,111,120,173,154,,,162,122,,,297,139,39,186,227,201,131,161,155,224,154,204,194,186,141,89,231,198,231,208,278,85,166,,213,,,295,263,225,174,254,167,103,278,285,264,250,274,249,269,96,269,298,195,230,281,281,225,281,257,208,270,297,260,283,284,311,268,250,74,89,169,113,120,119,130,,,225,257,,,297,210,283,250,286,310,283,244,207,134,304,292,282,288,291,278,313,301,307,317,291,49,150,139,,194,,,"b""\x11\xe8\xe1I\xcc'\xfa\xa6\xaf\x82\x12\xdf\x17\xaeN\x1e"""
11E8E149-CC27-FAA6-AF82-12DF17AE4E1E,2011-ncaa-d0-natl,ncaa,262,242,288,263,316,203,221,216,208,248,241,243,98,133,78,96,228,237,161,239,190,222,252,181,176,169,69,66,201,288,310,298,328,306,335,210,160,81,132,151,295,307,257,265,,,211,232,,,320,224,30,335,122,145,75,209,170,54,68,160,170,176,82,89,255,255,284,139,176,281,246,,298,,,318,311,283,166,328,277,164,316,235,168,314,167,319,290,331,285,278,200,161,330,337,338,220,162,255,261,328,252,310,272,335,304,242,244,257,307,139,195,153,204,,,248,214,,,320,127,198,339,315,340,333,311,325,292,298,249,336,323,318,325,320,324,331,334,329,170,219,213,,166,,,"b""\x11\xe8\xe1I\xcc'\xfa\xa6\xaf\x82\x12\xdf\x17\xaeN\x1e"""
11E8E149-CC27-FAA6-AF82-12DF17AE4E1E,2011-ncaa-d1-conf-GWC,ncaa,4,4,2,4,3,3,3,3,3,3,3,3,3,2,3,3,2,2,2,2,2,3,3,3,3,2,2,2,2,3,3,3,4,3,4,3,3,1,2,2,2,2,4,3,,,4,2,,,3,2,1,4,2,2,2,2,2,3,2,2,2,2,2,2,2,4,4,3,1,2,3,,3,,,3,3,3,3,4,3,3,4,4,3,4,4,4,4,3,4,4,3,3,4,4,4,4,4,2,3,4,4,3,4,4,3,4,2,2,2,3,2,2,2,,,3,3,,,3,3,2,4,3,4,4,3,2,2,4,4,4,3,3,3,4,4,4,4,4,2,2,2,,2,,,"b""\x11\xe8\xe1I\xcc'\xfa\xa6\xaf\x82\x12\xdf\x17\xaeN\x1e"""
11E8E149-CC27-FAA6-AF82-12DF17AE4E1E,2011-ncaa-d1-natl,ncaa,226,240,132,237,184,115,135,99,194,215,162,254,34,66,21,83,154,161,163,161,174,105,116,142,150,138,40,30,213,254,309,241,330,253,331,120,118,148,118,114,251,301,242,272,,,297,239,,,309,79,24,260,92,126,59,227,174,21,52,152,157,162,70,88,265,254,288,101,165,265,251,,305,,,303,339,328,281,308,318,275,297,278,236,284,162,340,325,334,322,280,303,287,306,329,335,225,145,279,325,330,321,309,331,331,319,203,154,242,272,176,170,180,175,,,170,219,,,309,271,178,337,295,338,329,314,320,298,280,247,337,326,321,328,324,327,325,334,320,139,193,188,,158,,,"b""\x11\xe8\xe1I\xcc'\xfa\xa6\xaf\x82\x12\xdf\x17\xaeN\x1e"""
11E8E149-CC27-FAA6-AF82-12DF17AE4E1E,2012-ncaa-d0-natl,ncaa,252,202,318,246,326,332,323,299,324,302,231,332,297,299,241,263,327,305,337,303,279,308,314,323,332,330,260,221,230,213,187,316,187,295,234,294,124,112,254,272,176,90,234,205,,,60,202,,,279,321,184,87,319,306,183,255,112,271,270,311,245,235,201,170,123,252,189,256,250,95,201,,196,,,284,23,21,11,194,54,46,186,30,23,127,68,136,114,217,115,245,16,23,169,194,123,125,63,276,36,187,105,187,57,234,80,262,178,61,118,145,244,315,327,,,320,267,,,279,29,324,122,276,151,134,90,177,172,70,58,252,238,243,119,180,140,297,249,213,66,240,336,,263,,,"b""\x11\xe8\xe1I\xcc'\xfa\xa6\xaf\x82\x12\xdf\x17\xaeN\x1e"""
11E8E149-CC27-FAA6-AF82-12DF17AE4E1E,2012-ncaa-d1-conf-GWC,ncaa,2,1,2,2,2,4,4,3,4,4,2,4,4,4,3,4,3,3,5,3,3,3,3,4,4,4,5,4,4,1,2,3,2,3,2,4,2,3,3,4,2,2,3,3,,,4,4,,,3,4,4,1,4,4,3,3,2,4,4,3,3,3,2,2,1,2,2,4,3,2,3,,4,,,3,1,1,1,1,1,2,2,1,2,1,2,4,4,5,4,4,1,1,1,1,1,4,2,4,2,2,2,2,2,2,1,3,2,2,1,2,2,4,4,,,3,2,,,3,2,4,1,3,1,1,1,1,2,2,2,4,4,4,1,2,2,3,3,2,2,2,4,,3,,,"b""\x11\xe8\xe1I\xcc'\xfa\xa6\xaf\x82\x12\xdf\x17\xaeN\x1e"""
11E8E149-CC27-FAA6-AF82-12DF17AE4E1E,2012-ncaa-d1-natl,ncaa,208,201,196,213,198,290,265,217,301,230,139,314,269,279,223,263,300,251,332,246,276,225,218,307,322,309,268,235,229,156,168,249,162,207,196,212,85,201,242,233,115,88,186,178,,,125,156,,,249,230,190,15,296,267,171,208,100,263,266,297,227,222,189,165,129,227,166,188,241,87,172,,174,,,249,80,72,64,169,123,115,170,56,56,107,81,188,185,160,188,234,78,126,139,159,98,125,68,268,100,162,213,168,165,196,118,218,93,58,95,213,233,326,319,,,273,271,,,249,141,308,86,235,140,129,103,168,177,74,73,226,232,236,126,193,138,268,226,164,60,239,334,,257,,,"b""\x11\xe8\xe1I\xcc'\xfa\xa6\xaf\x82\x12\xdf\x17\xaeN\x1e"""
11E8E149-CC27-FAA6-AF82-12DF17AE4E1E,2013-ncaa-d0-natl,ncaa,259,145,342,221,342,334,325,336,228,331,321,290,198,253,30,151,345,334,341,333,276,339,337,195,258,281,126,59,320,327,285,308,216,328,268,273,108,108,299,245,299,253,294,241,,,18,94,,,242,338,77,86,255,218,178,248,187,96,159,327,276,272,207,143,253,79,166,158,300,215,228,,163,,,254,11,16,10,125,34,15,220,23,92,10,216,78,119,27,120,263,11,9,102,89,104,114,91,233,71,216,41,285,37,268,27,134,292,183,139,110,263,65,176,,,343,315,,,242,9,300,130,249,213,207,275,242,220,118,252,253,285,288,292,291,283,294,305,175,133,275,179,,287,,,"b""\x11\xe8\xe1I\xcc'\xfa\xa6\xaf\x82\x12\xdf\x17\xaeN\x1e"""
11E8E149-CC27-FAA6-AF82-12DF17AE4E1E,2013-ncaa-d1-conf-GWC,ncaa,3,3,4,3,4,4,4,4,1,4,4,3,1,4,1,3,4,5,4,4,3,4,4,1,1,2,2,1,4,4,2,3,3,3,3,1,1,4,4,2,4,4,5,5,,,2,2,,,3,4,3,1,1,2,3,3,4,1,3,4,3,3,3,2,2,3,3,1,5,4,5,,3,,,3,2,1,2,3,1,2,2,4,4,2,5,4,3,4,3,4,2,2,3,3,3,5,4,4,4,3,1,2,2,3,1,3,4,4,2,2,3,1,2,,,3,2,,,3,2,3,3,3,3,2,4,2,3,4,5,4,4,4,5,4,5,2,4,2,3,3,1,,1,,,"b""\x11\xe8\xe1I\xcc'\xfa\xa6\xaf\x82\x12\xdf\x17\xaeN\x1e"""
11E8E149-CC27-FAA6-AF82-12DF17AE4E1E,2013-ncaa-d1-natl,ncaa,221,165,327,212,329,283,255,281,194,269,269,239,155,199,58,144,333,310,338,311,280,291,286,170,233,268,163,82,322,275,261,210,183,260,230,216,112,219,285,224,260,252,255,242,,,61,95,,,228,269,61,89,223,172,147,210,173,101,138,318,266,264,175,109,220,62,118,129,298,209,223,,172,,,235,61,64,71,135,93,63,208,84,172,24,224,151,207,27,209,265,87,89,120,100,109,152,121,232,153,183,130,261,140,230,62,113,208,167,116,184,248,68,129,,,329,314,,,228,89,285,126,225,221,208,277,226,214,155,257,252,285,288,295,297,265,284,293,157,115,272,135,,270,,,"b""\x11\xe8\xe1I\xcc'\xfa\xa6\xaf\x82\x12\xdf\x17\xaeN\x1e"""
11E8E149-CC27-FAA6-AF82-12DF17AE4E1E,2014-ncaa-d0-natl,ncaa,221,173,297,212,316,301,314,240,335,340,320,329,83,53,262,26,268,259,231,260,79,251,290,311,315,283,16,30,167,215,260,309,161,298,291,299,220,26,77,218,193,140,264,214,,,67,157,,,234,296,139,174,269,296,87,334,291,55,24,228,203,201,105,156,153,271,226,280,80,145,247,,144,,,240,51,64,23,262,48,12,294,174,163,183,282,82,83,190,82,240,18,36,283,281,194,247,249,161,39,161,267,260,172,291,110,216,134,48,100,17,28,133,284,,,287,205,,,234,56,280,168,240,180,179,82,147,33,245,247,160,159,155,82,161,93,333,294,207,60,31,210,,198,,,"b""\x11\xe8\xe1I\xcc'\xfa\xa6\xaf\x82\x12\xdf\x17\xaeN\x1e"""
11E8E149-CC27-FAA6-AF82-12DF17AE4E1E,2014-ncaa-d1-conf-WAC,ncaa,5,5,5,5,6,6,8,5,8,8,8,8,3,3,6,3,5,5,5,5,1,5,6,8,8,8,2,3,3,3,5,7,3,6,7,6,5,2,4,5,3,2,8,7,,,5,7,,,7,6,6,3,7,8,4,8,8,3,3,4,4,4,4,5,2,8,6,6,4,3,8,,5,,,7,3,3,2,8,2,1,7,6,3,8,8,6,6,4,6,9,2,3,8,8,5,8,7,6,1,3,7,5,5,7,5,6,3,1,5,2,2,5,7,,,5,3,,,7,4,7,4,6,3,3,1,2,1,6,4,6,6,6,1,3,2,8,6,5,1,2,5,,3,,,"b""\x11\xe8\xe1I\xcc'\xfa\xa6\xaf\x82\x12\xdf\x17\xaeN\x1e"""
11E8E149-CC27-FAA6-AF82-12DF17AE4E1E,2014-ncaa-d1-natl,ncaa,191,171,211,193,262,249,286,152,335,328,297,329,65,34,266,26,235,227,221,228,87,166,203,309,312,279,23,32,172,144,217,272,165,224,264,277,220,45,62,201,161,137,243,194,,,123,176,,,197,232,137,184,236,288,67,328,284,51,20,222,196,202,82,129,114,251,176,273,75,143,231,,168,,,197,81,79,50,203,55,23,236,194,195,167,275,134,139,149,139,262,54,102,222,225,135,271,248,199,75,165,307,217,235,264,127,218,88,40,73,21,22,165,265,,,211,190,,,197,115,259,115,199,138,128,71,109,30,224,241,177,178,181,80,174,118,331,293,173,51,27,205,,169,,,"b""\x11\xe8\xe1I\xcc'\xfa\xa6\xaf\x82\x12\xdf\x17\xaeN\x1e"""
11E8E149-CC27-FAA6-AF82-12DF17AE4E1E,2015-ncaa-d0-natl,ncaa,151,161,113,165,131,164,202,58,338,235,124,336,115,63,261,97,118,100,214,102,146,64,82,325,321,263,67,99,101,54,176,239,306,134,302,204,188,66,34,136,92,102,184,201,,,290,263,,,233,106,101,123,194,238,24,270,135,113,58,122,108,110,28,59,45,283,148,228,55,83,201,,287,,,231,243,208,142,277,239,207,242,129,92,280,67,289,319,49,316,294,195,258,259,260,159,151,90,276,279,306,334,176,332,302,205,193,42,48,75,43,25,119,93,,,82,149,,,233,245,232,186,223,231,203,95,239,182,121,68,287,311,306,157,284,277,343,336,197,35,38,107,,72,,,"b""\x11\xe8\xe1I\xcc'\xfa\xa6\xaf\x82\x12\xdf\x17\xaeN\x1e"""
11E8E149-CC27-FAA6-AF82-12DF17AE4E1E,2015-ncaa-d1-conf-WAC,ncaa,3,3,1,3,1,3,3,1,8,3,1,8,3,2,7,3,2,2,6,2,4,1,1,8,7,6,4,3,2,1,3,3,5,1,5,4,6,2,1,2,3,3,3,3,,,7,6,,,4,1,3,3,3,3,1,6,2,4,3,2,2,2,1,2,1,7,2,5,1,3,3,,6,,,4,8,7,6,7,7,6,6,7,4,7,4,7,7,2,7,8,7,8,7,7,5,6,5,7,6,5,8,3,8,5,7,7,1,1,2,3,2,8,4,,,1,4,,,4,8,4,5,4,6,4,1,3,3,5,4,7,7,7,2,6,3,8,8,6,2,3,8,,1,,,"b""\x11\xe8\xe1I\xcc'\xfa\xa6\xaf\x82\x12\xdf\x17\xaeN\x1e"""
11E8E149-CC27-FAA6-AF82-12DF17AE4E1E,2015-ncaa-d1-natl,ncaa,106,160,30,144,38,94,120,21,336,169,66,330,75,35,266,94,89,65,218,64,153,25,26,321,315,264,73,97,113,20,136,162,308,51,281,129,177,148,38,135,54,83,150,186,,,325,254,,,187,35,94,142,171,217,23,260,129,109,52,124,111,114,26,42,24,283,128,201,83,63,194,,280,,,188,291,265,245,237,283,274,210,152,118,257,59,315,331,29,331,287,281,324,220,220,104,141,83,276,319,308,343,136,343,281,269,206,11,30,49,66,23,201,127,,,37,176,,,187,319,219,117,179,171,143,72,195,171,92,54,268,301,296,124,288,278,339,331,179,21,35,153,,86,,,"b""\x11\xe8\xe1I\xcc'\xfa\xa6\xaf\x82\x12\xdf\x17\xaeN\x1e"""
11E8E149-CC27-FAA6-AF82-12DF17AE4E1E,2016-ncaa-d0-natl,ncaa,153,137,175,152,193,218,247,109,343,286,228,321,124,39,328,45,159,183,101,181,128,118,149,330,325,282,47,93,83,56,114,158,270,98,206,301,301,60,54,243,144,148,117,110,,,166,155,,,204,202,179,113,235,269,54,300,221,118,25,138,175,174,64,95,26,119,51,312,78,132,111,,188,,,204,117,109,195,73,81,138,78,216,247,139,261,128,197,5,185,208,190,198,79,64,85,256,258,164,310,270,292,114,314,206,168,244,161,169,170,130,127,115,153,,,197,234,,,204,149,241,131,202,151,135,227,104,156,233,267,151,216,210,230,253,318,318,331,184,147,157,126,,189,,,"b""\x11\xe8\xe1I\xcc'\xfa\xa6\xaf\x82\x12\xdf\x17\xaeN\x1e"""
11E8E149-CC27-FAA6-AF82-12DF17AE4E1E,2016-ncaa-d1-conf-WAC,ncaa,2,2,1,2,1,2,2,1,8,4,1,7,3,1,8,3,1,1,3,1,1,1,1,7,6,6,2,4,2,1,2,1,7,1,4,5,8,3,1,4,3,5,2,5,,,7,2,,,3,1,1,4,3,6,1,5,3,3,1,1,1,1,1,1,1,1,1,7,2,4,4,,6,,,3,8,8,8,1,5,8,3,7,8,3,7,5,7,1,7,2,8,8,2,1,1,7,7,3,8,7,8,2,8,4,6,6,2,3,4,3,2,6,4,,,1,4,,,3,8,5,2,3,4,4,8,2,6,6,7,3,3,3,8,8,8,8,8,6,3,2,4,,2,,,"b""\x11\xe8\xe1I\xcc'\xfa\xa6\xaf\x82\x12\xdf\x17\xaeN\x1e"""
11E8E149-CC27-FAA6-AF82-12DF17AE4E1E,2016-ncaa-d1-natl,ncaa,114,137,51,137,68,143,163,44,331,228,161,298,80,21,313,41,117,136,83,133,136,48,55,312,304,250,50,80,110,26,107,70,252,37,178,245,294,127,51,212,83,113,107,115,,,245,170,,,159,82,168,137,195,246,44,280,224,95,25,141,184,179,54,90,27,104,41,290,77,99,123,,195,,,160,203,188,275,60,131,220,56,262,291,141,258,177,245,3,234,203,283,291,68,55,65,268,268,165,329,252,330,107,334,178,225,243,82,137,135,175,107,112,111,,,150,260,,,159,269,205,101,157,124,114,203,79,140,232,259,142,209,200,214,242,300,310,318,171,120,132,89,,212,,,"b""\x11\xe8\xe1I\xcc'\xfa\xa6\xaf\x82\x12\xdf\x17\xaeN\x1e"""
11E8E149-CC27-FAA6-AF82-12DF17AE4E1E,2017-ncaa-d0-natl,ncaa,150,126,168,147,215,208,243,143,321,267,234,297,133,53,305,64,131,131,173,130,63,134,162,308,302,256,47,93,79,129,211,152,304,142,283,280,290,96,90,243,93,104,67,65,,,238,220,,,193,179,116,268,210,254,84,284,238,116,44,118,110,110,84,110,102,135,102,300,120,83,56,,263,,,192,111,70,179,36,64,194,24,167,156,196,147,253,270,83,268,264,198,212,43,56,53,280,204,288,323,304,312,211,325,283,181,300,110,125,142,94,87,133,176,,,170,189,,,193,172,241,108,190,131,92,209,76,211,177,176,264,286,284,244,289,331,330,340,195,92,106,154,,147,,,"b""\x11\xe8\xe1I\xcc'\xfa\xa6\xaf\x82\x12\xdf\x17\xaeN\x1e"""
11E8E149-CC27-FAA6-AF82-12DF17AE4E1E,2017-ncaa-d1-conf-WAC,ncaa,4,4,5,4,7,5,6,3,8,7,5,7,4,1,8,2,4,4,6,4,3,3,4,8,8,7,3,3,2,1,6,3,6,2,6,7,7,2,1,6,7,7,4,3,,,4,4,,,4,4,1,6,5,6,1,6,3,4,1,3,1,1,1,1,1,2,1,7,3,7,3,,5,,,4,2,2,5,2,2,5,2,6,7,6,6,5,5,3,5,4,6,6,2,2,2,7,7,5,7,6,8,6,7,6,5,7,4,5,4,1,1,7,7,,,3,2,,,4,5,6,2,4,3,2,7,2,6,6,7,4,5,5,8,8,7,8,7,5,2,2,7,,1,,,"b""\x11\xe8\xe1I\xcc'\xfa\xa6\xaf\x82\x12\xdf\x17\xaeN\x1e"""
11E8E149-CC27-FAA6-AF82-12DF17AE4E1E,2017-ncaa-d1-natl,ncaa,121,126,56,126,90,144,173,48,322,219,154,296,105,30,308,69,97,87,206,83,80,49,53,310,307,254,59,102,100,51,182,87,297,59,272,231,275,162,71,226,42,60,51,70,,,284,186,,,167,67,108,270,201,250,58,270,216,116,44,131,111,108,61,87,72,149,87,282,116,53,57,,231,,,168,200,158,273,40,149,268,31,195,207,155,136,276,298,84,299,234,293,308,47,53,45,252,180,268,340,297,340,182,345,272,246,277,49,98,115,163,93,172,155,,,98,211,,,167,282,231,83,172,124,95,197,88,215,153,162,244,265,265,222,284,325,332,337,182,67,124,141,,158,,,"b""\x11\xe8\xe1I\xcc'\xfa\xa6\xaf\x82\x12\xdf\x17\xaeN\x1e"""
11E8E149-CC27-FAA6-AF82-12DF17AE4E1E,2018-ncaa-d0-natl,ncaa,236,189,323,226,324,312,310,292,297,285,308,181,263,156,341,82,245,250,205,257,119,295,317,299,291,267,171,189,102,101,33,312,219,251,122,228,73,63,174,171,240,148,332,305,,,40,205,,,230,337,299,17,250,260,147,237,239,211,77,159,154,162,145,142,27,228,97,158,182,176,320,,168,,,235,35,37,27,192,23,10,255,172,177,171,318,68,58,218,60,241,21,14,234,238,233,285,294,167,63,219,39,33,37,122,195,343,279,186,280,121,222,33,127,,,290,204,,,230,14,217,237,238,170,157,118,93,33,275,296,171,158,157,107,91,180,164,170,302,213,224,94,,191,,,"b""\x11\xe8\xe1I\xcc'\xfa\xa6\xaf\x82\x12\xdf\x17\xaeN\x1e"""
11E8E149-CC27-FAA6-AF82-12DF17AE4E1E,2018-ncaa-d1-conf-WAC,ncaa,7,7,5,7,5,7,7,5,8,5,5,5,8,4,8,4,2,1,7,1,1,4,3,8,8,7,6,8,1,2,1,5,4,3,2,7,2,7,7,7,5,5,7,6,,,6,8,,,7,5,6,1,7,7,4,4,5,8,4,1,1,1,2,1,1,4,2,6,7,5,7,,8,,,7,5,2,3,5,3,2,5,7,7,3,7,6,5,7,5,7,3,4,5,5,6,7,7,6,3,4,3,1,3,2,5,6,5,5,5,7,7,4,6,,,1,1,,,7,3,7,6,7,6,5,5,4,2,7,7,7,5,5,5,7,5,4,3,5,5,7,4,,1,,,"b""\x11\xe8\xe1I\xcc'\xfa\xa6\xaf\x82\x12\xdf\x17\xaeN\x1e"""
11E8E149-CC27-FAA6-AF82-12DF17AE4E1E,2018-ncaa-d1-natl,ncaa,203,188,213,204,217,259,277,225,299,264,283,176,212,97,338,75,163,178,174,183,73,225,234,297,283,267,125,167,76,54,30,265,204,165,97,193,70,133,186,180,188,132,311,284,,,92,189,,,217,309,304,19,250,275,164,255,268,193,70,132,135,147,161,144,25,232,96,164,191,166,308,,148,,,219,82,75,65,171,37,21,243,238,263,159,327,113,88,227,84,236,47,43,216,220,213,303,303,170,111,204,87,30,78,97,257,343,225,166,255,206,238,58,127,,,250,209,,,217,37,208,216,222,141,132,99,68,23,274,299,161,144,141,83,84,155,140,144,288,200,247,84,,196,,,"b""\x11\xe8\xe1I\xcc'\xfa\xa6\xaf\x82\x12\xdf\x17\xaeN\x1e"""
11E8E149-CC27-FAA6-AF82-12DF17AE4E1E,2019-ncaa-d0-natl,ncaa,146,152,114,157,124,184,236,187,283,285,268,280,91,87,158,73,88,57,265,60,13,158,144,228,210,215,27,63,47,107,140,161,125,132,151,161,66,225,197,188,248,256,298,321,,,237,263,,,169,164,253,53,206,287,237,317,292,90,81,73,51,54,189,176,105,188,137,164,203,256,307,,228,,,169,130,153,158,190,251,269,156,28,24,140,11,198,231,91,233,148,171,165,128,124,144,28,19,230,111,125,228,140,184,151,191,212,185,179,199,177,153,265,311,,,43,24,,,169,187,199,129,166,112,140,105,240,280,22,15,192,223,229,117,105,99,205,165,175,200,155,250,,24,,,"b""\x11\xe8\xe1I\xcc'\xfa\xa6\xaf\x82\x12\xdf\x17\xaeN\x1e"""
11E8E149-CC27-FAA6-AF82-12DF17AE4E1E,2019-ncaa-d1-conf-WAC,ncaa,2,3,1,3,1,4,5,4,6,7,6,6,3,3,5,3,3,2,5,1,1,3,3,6,6,6,1,2,2,3,3,3,1,2,2,4,2,7,6,4,5,5,6,7,,,5,7,,,4,3,8,4,5,7,7,9,9,3,3,3,2,2,5,6,4,3,4,5,5,5,7,,4,,,4,4,4,5,3,5,7,3,1,2,2,2,4,5,5,5,4,5,6,3,3,4,4,2,8,1,1,7,3,5,2,5,5,4,4,3,4,4,7,8,,,1,1,,,4,7,5,3,4,1,2,2,3,4,1,1,4,4,4,2,2,1,3,2,4,6,1,7,,1,,,"b""\x11\xe8\xe1I\xcc'\xfa\xa6\xaf\x82\x12\xdf\x17\xaeN\x1e"""
11E8E149-CC27-FAA6-AF82-12DF17AE4E1E,2019-ncaa-d1-natl,ncaa,135,152,62,150,68,145,201,132,279,264,229,271,87,77,177,87,68,40,258,42,17,103,95,233,215,211,32,84,48,77,131,109,110,82,138,125,66,247,185,179,199,215,294,319,,,272,281,,,144,109,241,60,200,272,222,298,284,98,87,75,57,58,171,163,103,171,121,154,200,224,312,,238,,,144,159,172,198,145,255,296,119,28,31,95,12,245,262,95,268,193,219,218,100,105,108,51,20,254,140,110,275,131,240,138,207,217,132,161,169,210,152,292,309,,,35,31,,,144,238,193,98,145,100,111,90,214,255,23,15,209,237,239,105,105,91,206,166,153,186,160,266,,26,,,"b""\x11\xe8\xe1I\xcc'\xfa\xa6\xaf\x82\x12\xdf\x17\xaeN\x1e"""
11E8E149-CC27-FAA6-AF82-12DF17AE4E1E,2020-ncaa-d0-natl,ncaa,276,216,336,271,337,271,280,270,258,299,302,205,158,118,254,74,264,258,217,263,140,278,310,229,235,195,87,98,179,217,197,313,127,304,211,243,149,37,93,130,205,133,304,292,,,53,155,,,210,318,118,42,154,170,63,215,216,96,52,174,148,150,69,93,123,208,174,144,127,136,279,,169,,,217,73,98,27,308,141,68,285,81,38,280,85,107,99,200,103,184,23,23,294,292,263,104,111,176,23,127,134,197,61,211,272,340,226,128,281,103,184,72,160,,,287,176,,,210,32,188,235,213,259,274,161,284,219,151,91,213,217,222,171,210,82,311,250,335,123,217,142,,146,,,"b""\x11\xe8\xe1I\xcc'\xfa\xa6\xaf\x82\x12\xdf\x17\xaeN\x1e"""
11E8E149-CC27-FAA6-AF82-12DF17AE4E1E,2020-ncaa-d1-conf-WAC,ncaa,5,6,1,6,1,1,3,1,6,4,6,4,2,2,6,2,1,1,6,1,1,1,1,4,3,3,2,2,3,3,3,5,3,3,4,3,4,6,5,4,2,3,7,7,,,7,5,,,3,1,4,1,2,4,2,6,8,2,2,2,1,1,2,2,4,7,4,3,5,2,7,,6,,,3,8,7,7,8,7,8,8,7,4,9,2,6,6,3,6,5,7,9,8,8,8,4,5,3,3,3,7,3,7,4,9,9,2,2,6,7,6,8,7,,,1,2,,,3,9,2,7,3,7,7,5,7,5,6,3,6,6,6,6,6,2,6,5,9,2,7,6,,1,,,"b""\x11\xe8\xe1I\xcc'\xfa\xa6\xaf\x82\x12\xdf\x17\xaeN\x1e"""
11E8E149-CC27-FAA6-AF82-12DF17AE4E1E,2020-ncaa-d1-natl,ncaa,214,215,128,220,148,137,153,117,192,201,233,147,98,70,202,78,177,153,219,152,126,119,133,163,169,160,94,98,196,129,167,228,138,194,188,105,110,147,136,119,102,93,244,253,,,167,176,,,164,146,126,57,126,142,94,204,230,91,61,170,147,146,94,105,129,225,191,98,152,104,242,,182,,,164,209,209,125,284,227,173,265,150,97,256,115,201,182,227,191,205,124,177,271,277,212,140,125,201,89,138,256,167,187,188,329,341,80,70,243,222,197,93,112,,,161,183,,,164,219,158,178,158,212,219,121,230,169,153,102,212,194,202,128,202,90,255,192,330,73,223,97,,152,,,"b""\x11\xe8\xe1I\xcc'\xfa\xa6\xaf\x82\x12\xdf\x17\xaeN\x1e"""
11E8E149-CC27-FAA6-AF82-12DF17AE4E1E,2021-ncaa-d0-natl,ncaa,249,250,219,266,229,223,237,223,253,257,272,158,147,96,266,35,215,198,260,198,57,225,227,221,226,235,60,72,171,209,221,185,148,193,176,242,212,158,232,251,287,300,162,185,,,152,240,,,287,226,133,129,213,230,184,278,300,91,35,193,150,152,184,136,174,72,96,235,238,295,147,,239,,,280,158,162,146,226,187,175,217,132,134,175,122,169,191,96,184,192,156,118,207,205,293,116,118,175,141,148,142,221,137,176,212,250,305,329,330,190,239,89,160,,,240,240,,,287,115,242,295,286,278,277,272,287,280,176,177,238,262,259,299,212,213,251,251,288,328,253,96,,221,,,"b""\x11\xe8\xe1I\xcc'\xfa\xa6\xaf\x82\x12\xdf\x17\xaeN\x1e"""
11E8E149-CC27-FAA6-AF82-12DF17AE4E1E,2021-ncaa-d1-conf-WAC,ncaa,7,6,7,7,7,7,7,7,6,7,8,6,3,5,4,2,7,7,5,7,3,7,7,4,5,5,2,2,5,6,3,7,3,7,4,7,6,1,5,6,7,8,6,5,,,2,4,,,7,7,4,2,5,6,4,7,7,2,2,5,5,5,4,5,1,2,2,5,6,8,4,,3,,,7,3,3,2,6,3,2,6,4,2,4,7,2,2,6,2,3,2,2,5,6,8,4,5,3,2,3,2,3,2,4,4,3,8,8,8,2,6,1,5,,,7,6,,,7,2,4,8,7,8,8,7,7,7,8,8,4,3,3,7,4,4,7,6,7,8,6,5,,6,,,"b""\x11\xe8\xe1I\xcc'\xfa\xa6\xaf\x82\x12\xdf\x17\xaeN\x1e"""
11E8E149-CC27-FAA6-AF82-12DF17AE4E1E,2021-ncaa-d1-natl,ncaa,258,250,231,275,241,232,250,237,258,274,281,162,157,110,266,35,225,212,260,213,54,241,239,224,228,242,58,70,168,223,227,204,156,213,185,253,215,146,236,256,295,302,181,186,,,140,241,,,293,237,140,130,219,240,187,285,301,94,36,193,156,156,190,144,179,76,103,240,240,298,150,,243,,,286,148,151,132,233,176,158,221,122,119,188,119,162,184,101,176,194,139,106,220,213,300,115,114,174,132,156,126,227,122,185,200,250,307,331,332,178,242,83,160,,,250,238,,,293,104,249,301,292,284,280,274,289,282,181,173,245,268,265,300,212,215,250,253,294,330,256,97,,222,,,"b""\x11\xe8\xe1I\xcc'\xfa\xa6\xaf\x82\x12\xdf\x17\xaeN\x1e"""
11E8E149-CC27-FAA6-AF82-12DF17AE4E1E,2022-ncaa-d0-natl,ncaa,174,266,27,225,39,113,120,80,244,206,236,150,34,13,210,20,222,222,195,220,175,93,52,172,204,253,38,25,292,96,183,65,224,66,182,55,30,349,311,208,72,136,169,214,,,342,284,,,267,44,128,253,233,241,211,322,338,51,29,301,298,295,245,157,172,147,152,101,307,130,210,,292,,,252,323,295,308,150,279,294,139,272,270,204,140,345,347,92,347,303,327,325,154,168,183,253,163,302,334,224,317,183,334,182,332,313,68,184,234,347,310,121,158,,,125,281,,,267,315,248,191,248,206,159,170,160,181,174,160,303,314,313,224,234,251,188,221,268,162,314,47,,266,,,"b""\x11\xe8\xe1I\xcc'\xfa\xa6\xaf\x82\x12\xdf\x17\xaeN\x1e"""
11E8E149-CC27-FAA6-AF82-12DF17AE4E1E,2022-ncaa-d1-conf-WAC,ncaa,5,8,1,6,1,4,3,2,7,8,9,6,3,2,6,2,12,12,6,12,13,5,2,6,7,7,3,2,13,5,9,3,6,2,6,2,3,12,12,7,5,6,4,7,,,10,9,,,7,3,8,11,7,6,6,12,12,4,3,13,13,13,9,8,6,4,6,5,11,7,6,,8,,,7,12,9,11,6,9,11,6,8,8,8,8,11,10,6,10,9,12,12,6,8,7,10,5,9,9,6,11,9,11,6,12,11,6,10,9,12,12,3,4,,,10,12,,,7,11,7,9,7,6,5,8,5,8,8,7,9,9,9,9,7,7,6,7,9,11,12,2,,12,,,"b""\x11\xe8\xe1I\xcc'\xfa\xa6\xaf\x82\x12\xdf\x17\xaeN\x1e"""
11E8E149-CC27-FAA6-AF82-12DF17AE4E1E,2022-ncaa-d1-natl,ncaa,199,266,32,239,50,139,153,99,261,242,266,164,43,16,212,21,251,249,191,245,177,111,63,187,215,263,34,23,293,116,196,78,232,78,198,68,35,342,316,212,92,155,179,223,,,337,285,,,276,58,136,251,245,258,222,329,341,54,32,303,299,297,254,167,183,163,167,112,309,148,216,,293,,,270,321,279,299,166,255,284,155,254,254,224,139,340,344,99,344,305,322,320,170,182,204,254,161,301,328,232,304,196,328,198,327,316,92,197,247,345,319,106,172,,,143,275,,,276,304,264,217,264,215,172,173,166,183,179,160,305,315,313,227,233,253,190,226,276,184,319,49,,268,,,"b""\x11\xe8\xe1I\xcc'\xfa\xa6\xaf\x82\x12\xdf\x17\xaeN\x1e"""
11E8E149-CC27-FAA6-AF82-12DF17AE4E1E,2023-ncaa-d0-natl,ncaa,242,239,236,248,243,234,292,173,348,336,301,337,102,49,270,39,120,142,110,138,38,155,188,311,294,257,11,45,53,72,96,227,118,137,154,226,92,84,98,169,299,286,189,179,,,210,304,,,273,262,209,50,217,295,78,342,290,73,21,87,105,95,75,96,29,181,63,205,136,288,173,,271,,,272,196,190,85,312,202,141,263,123,67,322,85,255,262,119,257,278,109,87,300,302,325,160,108,257,59,118,256,96,178,154,293,328,278,243,329,50,69,301,350,,,197,190,,,273,95,225,302,275,272,250,123,266,214,159,82,281,289,285,174,123,90,322,263,322,250,93,324,,134,,,"b""\x11\xe8\xe1I\xcc'\xfa\xa6\xaf\x82\x12\xdf\x17\xaeN\x1e"""
11E8E149-CC27-FAA6-AF82-12DF17AE4E1E,2023-ncaa-d1-conf-WAC,ncaa,10,10,9,10,11,11,11,7,13,12,8,11,4,3,10,4,7,7,3,7,2,8,9,12,11,9,2,4,5,2,3,10,3,5,5,11,5,2,4,9,12,11,5,4,,,6,10,,,10,10,10,7,9,10,4,12,7,4,3,5,6,6,4,5,2,8,4,8,2,11,4,,7,,,10,8,8,3,12,12,6,11,5,2,11,2,7,5,8,5,6,3,1,13,13,13,4,3,6,1,3,11,3,6,5,9,11,9,9,11,2,2,11,12,,,10,9,,,10,3,9,12,10,10,10,3,12,10,6,3,7,8,8,4,2,2,11,6,10,9,2,11,,8,,,"b""\x11\xe8\xe1I\xcc'\xfa\xa6\xaf\x82\x12\xdf\x17\xaeN\x1e"""
11E8E149-CC27-FAA6-AF82-12DF17AE4E1E,2023-ncaa-d1-natl,ncaa,243,239,219,248,230,250,302,164,351,343,306,342,105,44,277,36,139,154,110,150,47,162,191,325,304,269,11,38,55,60,102,224,127,143,163,230,87,89,108,180,304,292,185,173,,,218,305,,,285,262,222,50,240,306,86,348,297,77,21,94,124,120,85,105,33,188,71,215,145,294,171,,271,,,285,190,186,75,306,209,147,259,107,58,316,71,255,260,119,255,270,106,71,293,300,318,139,96,258,64,127,274,102,200,163,297,331,285,246,330,60,74,299,346,,,201,194,,,285,91,241,304,286,264,247,119,265,218,137,74,277,282,280,170,111,94,327,272,319,252,96,313,,148,,,"b""\x11\xe8\xe1I\xcc'\xfa\xa6\xaf\x82\x12\xdf\x17\xaeN\x1e"""
11E8E149-CC27-FAA6-AF82-12DF17AE4E1E,2024-ncaa-d0-natl,ncaa,319,323,258,327,274,278,327,233,357,354,319,343,147,67,311,47,122,146,110,149,32,212,253,337,319,292,10,60,26,263,323,238,207,258,330,257,83,77,142,208,315,317,163,156,,,92,126,,,325,243,126,171,266,340,167,354,307,123,39,78,98,103,134,162,228,182,220,234,141,305,145,,144,,,322,218,230,155,294,183,132,263,282,210,330,249,133,110,294,108,147,137,110,309,297,327,241,285,103,137,207,339,323,293,330,271,267,274,256,319,154,207,115,244,,,62,6,,,325,109,302,316,325,302,309,267,266,206,326,267,184,160,160,255,230,204,357,344,315,238,213,150,,12,,,"b""\x11\xe8\xe1I\xcc'\xfa\xa6\xaf\x82\x12\xdf\x17\xaeN\x1e"""
11E8E149-CC27-FAA6-AF82-12DF17AE4E1E,2024-ncaa-d1-conf-WAC,ncaa,10,9,9,10,11,10,11,10,11,11,9,11,6,5,11,4,7,5,8,6,4,9,10,11,11,10,3,4,1,7,8,9,7,9,11,11,9,2,4,10,10,10,6,7,,,2,3,,,11,11,7,8,9,11,6,11,9,6,4,4,4,4,4,7,7,8,8,11,3,10,6,,3,,,11,3,4,4,9,6,5,8,4,4,11,4,2,2,9,2,2,3,1,10,9,9,3,6,2,3,7,10,8,7,11,3,5,9,8,8,4,6,3,6,,,2,1,,,11,1,10,9,11,8,9,6,8,8,5,5,2,2,2,5,4,4,11,10,6,8,6,6,,1,,,"b""\x11\xe8\xe1I\xcc'\xfa\xa6\xaf\x82\x12\xdf\x17\xaeN\x1e"""
11E8E149-CC27-FAA6-AF82-12DF17AE4E1E,2024-ncaa-d1-natl,ncaa,334,325,320,335,331,317,352,291,359,359,341,349,172,81,318,46,147,178,111,184,34,274,311,349,334,303,10,60,23,297,329,276,221,301,336,289,91,57,147,223,337,330,186,160,,,65,131,,,334,299,135,161,281,348,186,357,313,127,42,78,96,103,149,175,245,202,236,252,142,316,145,,148,,,335,195,207,115,302,159,93,278,277,182,337,247,119,99,300,97,145,92,61,316,307,333,240,285,102,118,221,328,329,272,336,260,276,307,273,327,132,217,103,255,,,78,6,,,334,61,322,328,336,312,318,272,275,211,329,271,187,162,163,262,231,211,359,348,323,255,219,164,,13,,,"b""\x11\xe8\xe1I\xcc'\xfa\xa6\xaf\x82\x12\xdf\x17\xaeN\x1e"""
11E8E149-CC27-FAA6-AF82-12DF17AE4E1E,2025-ncaa-d0-natl,genius_ncaa,184,176,194,191,203,263,297,209,343,339,306,341,118,76,239,46,229,225,222,225,91,209,211,309,305,291,18,34,142,161,213,81,40,99,130,167,21,163,210,163,355,356,249,277,,,106,169,,191,211,232,256,98,288,322,208,348,307,93,51,227,209,214,205,207,150,28,39,145,202,356,245,,123,,213,212,88,132,184,103,197,237,123,52,105,30,103,79,91,95,82,66,171,105,67,54,150,41,66,119,86,40,276,213,210,130,184,248,327,325,320,179,214,138,256,,,129,51,,18,211,123,288,130,217,106,155,226,235,283,65,112,103,112,106,200,93,101,319,255,211,343,198,151,,70,,17,"b""\x11\xe8\xe1I\xcc'\xfa\xa6\xaf\x82\x12\xdf\x17\xaeN\x1e"""
11E8E149-CC27-FAA6-AF82-12DF17AE4E1E,2025-ncaa-d1-conf-Southland,genius_ncaa,6,6,6,6,6,8,10,5,11,12,11,10,2,2,6,2,9,10,4,10,5,7,8,8,8,8,2,1,10,6,8,3,1,3,3,3,1,4,4,4,11,11,8,8,,,3,3,,7,6,9,8,5,8,11,4,12,11,2,2,10,10,10,8,6,6,2,2,4,3,12,8,,3,,7,6,3,6,9,3,7,8,5,4,8,2,9,3,4,5,3,3,7,3,3,3,8,3,6,2,2,1,10,8,5,3,7,9,12,12,12,3,3,6,9,,,6,5,,1,6,4,7,5,6,5,7,8,7,7,7,10,4,4,4,6,4,3,9,6,6,12,3,6,,5,,1,"b""\x11\xe8\xe1I\xcc'\xfa\xa6\xaf\x82\x12\xdf\x17\xaeN\x1e"""
11E8E149-CC27-FAA6-AF82-12DF17AE4E1E,2025-ncaa-d1-natl,genius_ncaa,161,176,113,177,118,218,253,149,336,311,266,320,92,47,250,44,194,191,209,192,105,158,142,296,304,283,29,44,149,100,168,53,44,53,96,122,21,215,201,149,342,350,219,261,,,175,194,,260,179,171,243,113,266,299,160,336,298,89,45,215,205,208,176,171,104,27,27,121,195,350,227,,152,,258,179,109,151,220,72,206,268,100,56,139,21,105,132,129,114,121,82,212,177,46,38,110,54,65,160,121,44,304,168,255,96,213,262,284,296,287,192,172,157,242,,,82,53,,11,179,187,263,103,184,89,119,208,187,265,48,108,115,125,117,184,101,108,313,243,198,310,176,148,,63,,11,"b""\x11\xe8\xe1I\xcc'\xfa\xa6\xaf\x82\x12\xdf\x17\xaeN\x1e"""
11E8E149-CC27-FAA6-AF82-12DF17AE4E1E,2026-ncaa-d0-natl,genius_ncaa,295,198,327,297,334,335,352,350,250,353,353,270,290,318,137,150,222,243,140,246,14,348,345,223,178,241,24,132,15,343,262,304,204,325,196,319,73,87,328,269,360,355,273,251,,,11,65,,47,298,339,116,97,249,314,338,331,323,177,204,49,48,52,310,215,275,78,149,212,316,350,169,,98,,136,322,66,107,67,308,99,79,257,147,63,340,170,6,7,48,7,25,48,26,316,266,336,96,271,11,56,204,19,262,21,196,186,307,360,362,363,98,305,136,335,,,345,228,,361,298,26,255,339,317,337,352,359,342,351,341,276,51,73,80,352,276,268,168,215,357,358,292,306,,241,,360,"b""\x11\xe8\xe1I\xcc'\xfa\xa6\xaf\x82\x12\xdf\x17\xaeN\x1e"""
11E8E149-CC27-FAA6-AF82-12DF17AE4E1E,2026-ncaa-d1-conf-Southland,genius_ncaa,5,4,2,5,3,7,7,7,7,7,6,7,5,5,5,4,1,1,3,1,1,6,6,7,6,7,2,5,1,6,5,4,5,4,6,5,3,4,5,6,3,3,2,2,,,5,4,,1,5,5,3,2,7,7,7,7,6,5,4,1,1,1,5,5,5,4,3,4,5,3,2,,5,,1,6,4,3,5,3,4,5,2,3,2,4,2,4,4,2,4,4,5,5,4,4,4,4,4,5,6,5,4,5,5,6,4,4,6,6,4,5,6,3,6,,,2,1,,3,5,3,7,4,5,4,3,5,4,6,4,2,5,5,5,5,6,6,5,6,5,5,6,3,,1,,3,"b""\x11\xe8\xe1I\xcc'\xfa\xa6\xaf\x82\x12\xdf\x17\xaeN\x1e"""
11E8E149-CC27-FAA6-AF82-12DF17AE4E1E,2026-ncaa-d1-natl,genius_ncaa,256,195,271,252,286,269,293,319,181,312,337,185,184,225,124,95,196,194,184,206,42,312,308,153,138,196,53,96,89,234,129,206,116,214,84,178,7,165,285,163,348,343,237,233,,,33,84,,125,243,310,156,100,188,225,265,266,299,114,124,99,103,110,227,177,147,42,51,76,289,345,185,,103,,206,248,119,168,140,240,137,128,193,238,176,295,243,17,27,37,30,42,107,58,257,197,287,148,295,15,81,116,43,129,46,84,262,313,352,348,356,129,232,192,313,,,323,251,,354,243,57,186,288,237,284,320,341,283,306,328,298,45,69,74,312,206,189,143,150,341,347,240,276,,241,,349,"b""\x11\xe8\xe1I\xcc'\xfa\xa6\xaf\x82\x12\xdf\x17\xaeN\x1e"""
11E8E149-CC2C-B348-AF82-12DF17AE4E1E,2010-ncaa-d0-natl,ncaa,159,114,241,153,252,215,225,158,279,189,137,264,243,203,299,230,133,62,321,59,60,142,185,290,292,229,196,247,65,157,240,159,153,167,231,310,335,24,30,239,212,216,155,158,,,138,162,,,147,197,78,104,159,186,56,143,73,234,178,80,25,23,37,76,107,72,67,315,53,187,144,,215,,,147,76,69,144,76,124,168,84,65,107,56,118,165,188,99,189,198,144,153,63,63,64,150,100,243,159,153,298,240,255,231,33,53,167,148,56,21,25,101,93,,,74,34,,,147,155,219,69,149,147,140,233,183,254,97,156,219,231,237,244,269,233,332,319,69,112,38,131,,15,,,"b'\x11\xe8\xe1I\xcc,\xb3H\xaf\x82\x12\xdf\x17\xaeN\x1e'"
11E8E149-CC2C-B348-AF82-12DF17AE4E1E,2010-ncaa-d1-conf-Southland,ncaa,5,4,4,5,5,8,7,7,8,7,6,8,9,9,9,8,6,3,11,3,3,6,7,9,10,8,9,8,4,7,8,5,4,5,7,8,9,3,4,6,5,3,4,2,,,4,7,,,3,7,10,3,9,9,8,9,6,10,9,7,4,4,7,10,7,6,7,10,4,3,3,,4,,,3,1,2,4,1,2,4,1,1,1,3,3,5,5,6,5,7,4,4,1,1,1,9,3,10,4,4,9,8,5,7,1,5,4,3,1,2,4,2,4,,,4,1,,,3,4,9,1,3,1,1,3,2,4,1,1,7,6,5,3,2,5,9,5,1,6,2,2,,2,,,"b'\x11\xe8\xe1I\xcc,\xb3H\xaf\x82\x12\xdf\x17\xaeN\x1e'"
11E8E149-CC2C-B348-AF82-12DF17AE4E1E,2010-ncaa-d1-natl,ncaa,156,114,191,146,207,187,208,138,274,174,121,265,232,199,290,230,105,50,318,49,52,113,156,287,288,219,191,244,55,126,215,131,153,127,217,315,336,34,35,246,195,199,151,156,,,171,170,,,123,170,77,106,152,183,63,142,75,230,176,69,20,17,37,72,99,68,56,320,61,181,144,,225,,,120,77,73,162,57,122,186,67,66,128,35,124,193,209,111,212,205,164,175,45,47,51,158,100,264,179,153,304,215,278,217,29,46,137,135,42,24,24,102,86,,,57,21,,,123,180,209,52,115,125,104,221,154,243,87,153,230,245,245,236,269,239,327,316,51,102,39,123,,13,,,"b'\x11\xe8\xe1I\xcc,\xb3H\xaf\x82\x12\xdf\x17\xaeN\x1e'"
11E8E149-CC2C-B348-AF82-12DF17AE4E1E,2011-ncaa-d0-natl,ncaa,181,154,242,177,256,225,253,254,234,244,231,245,204,202,182,166,93,136,60,143,68,239,280,232,179,152,90,169,30,317,324,160,151,262,281,303,315,28,85,231,310,312,106,98,,,112,167,,,207,251,169,100,183,247,213,236,205,177,176,58,79,89,181,245,318,64,228,309,61,303,81,,174,,,208,118,99,164,75,105,154,93,128,175,77,190,205,176,290,169,188,156,99,69,108,191,204,159,248,166,151,214,324,196,281,59,61,305,311,218,35,78,138,180,,,169,39,,,207,86,197,206,212,189,162,259,169,244,159,229,256,228,222,263,204,229,293,284,101,302,66,183,,88,,,"b'\x11\xe8\xe1I\xcc,\xb3H\xaf\x82\x12\xdf\x17\xaeN\x1e'"
11E8E149-CC2C-B348-AF82-12DF17AE4E1E,2011-ncaa-d1-conf-Southland,ncaa,4,3,3,4,3,5,6,6,5,5,6,6,7,8,2,8,5,5,4,5,5,6,9,5,5,4,4,7,3,11,12,1,4,4,8,8,10,2,6,7,8,8,1,2,,,4,3,,,4,5,9,3,7,8,8,10,9,7,8,5,6,6,8,9,12,1,7,9,2,11,2,,3,,,5,3,5,11,2,7,8,2,5,11,1,8,5,5,5,5,4,12,8,2,1,3,4,6,5,8,4,10,12,10,8,5,4,11,11,8,3,2,8,8,,,6,5,,,4,7,6,2,5,3,4,10,5,7,5,10,5,6,6,8,4,7,5,5,3,11,2,8,,8,,,"b'\x11\xe8\xe1I\xcc,\xb3H\xaf\x82\x12\xdf\x17\xaeN\x1e'"
11E8E149-CC2C-B348-AF82-12DF17AE4E1E,2011-ncaa-d1-natl,ncaa,159,152,132,164,153,168,205,181,219,203,181,217,173,168,186,163,69,100,66,106,75,161,197,216,169,139,100,174,36,301,318,80,146,173,263,266,292,55,79,208,304,322,58,63,,,151,142,,,180,155,155,122,162,223,188,212,189,172,161,59,75,86,159,227,306,42,178,285,62,314,46,,163,,,179,186,154,268,50,152,256,44,166,203,101,177,243,196,310,191,149,260,199,45,71,166,218,170,248,235,146,268,318,272,263,71,51,295,319,206,53,71,162,173,,,107,51,,,180,182,184,186,184,180,154,282,158,276,168,223,251,216,210,281,224,248,280,286,80,305,64,177,,90,,,"b'\x11\xe8\xe1I\xcc,\xb3H\xaf\x82\x12\xdf\x17\xaeN\x1e'"
11E8E149-CC2C-B348-AF82-12DF17AE4E1E,2012-ncaa-d0-natl,ncaa,279,278,240,283,278,280,314,279,320,294,260,292,276,200,333,167,65,44,232,45,9,237,208,319,297,300,88,251,4,207,217,166,106,188,174,321,300,240,274,329,230,212,52,39,,,317,340,,,254,211,101,262,272,319,252,291,234,268,173,20,9,8,183,126,178,82,121,324,282,209,34,,338,,,254,99,44,60,113,66,115,70,66,44,230,40,308,318,64,319,327,108,112,100,148,153,262,77,329,106,106,182,217,148,174,11,11,208,170,39,111,152,81,140,,,57,10,,,254,123,306,150,261,182,108,108,125,198,98,57,321,328,329,198,202,166,274,241,23,160,159,108,,3,,,"b'\x11\xe8\xe1I\xcc,\xb3H\xaf\x82\x12\xdf\x17\xaeN\x1e'"
11E8E149-CC2C-B348-AF82-12DF17AE4E1E,2012-ncaa-d1-conf-Southland,ncaa,10,10,9,10,9,11,12,12,12,12,11,10,11,9,11,8,4,4,7,4,3,11,11,11,10,11,7,8,2,8,7,6,2,8,6,10,7,10,11,11,12,9,3,3,,,11,12,,,9,11,5,3,11,12,12,11,9,11,8,2,2,2,9,7,7,3,5,9,11,8,3,,12,,,9,3,2,1,5,2,2,3,2,1,9,3,10,10,3,10,12,1,2,4,5,5,11,3,12,1,2,4,7,2,6,1,2,9,7,2,5,8,2,3,,,4,3,,,9,2,10,5,9,5,5,2,5,7,4,1,11,11,11,6,6,4,8,4,2,5,8,2,,2,,,"b'\x11\xe8\xe1I\xcc,\xb3H\xaf\x82\x12\xdf\x17\xaeN\x1e'"
11E8E149-CC2C-B348-AF82-12DF17AE4E1E,2012-ncaa-d1-natl,ncaa,286,277,286,287,312,297,324,303,324,312,287,296,283,213,334,166,75,49,233,49,6,266,249,323,298,302,87,251,4,228,223,189,111,218,182,328,300,218,277,329,245,219,58,40,,,315,341,,,258,243,105,262,278,321,256,297,238,269,174,20,9,9,191,132,186,83,132,326,279,216,39,,338,,,262,80,33,37,121,58,92,72,60,34,234,42,306,315,64,315,327,82,76,104,155,164,258,76,329,89,111,160,223,130,182,9,11,234,178,46,96,156,74,145,,,63,9,,,258,91,309,159,271,188,114,110,129,202,101,58,323,329,330,203,201,171,279,245,23,166,162,110,,5,,,"b'\x11\xe8\xe1I\xcc,\xb3H\xaf\x82\x12\xdf\x17\xaeN\x1e'"
11E8E149-CC2C-B348-AF82-12DF17AE4E1E,2013-ncaa-d0-natl,ncaa,164,126,251,151,265,239,236,192,282,261,258,241,133,84,256,69,253,201,319,198,108,196,230,256,280,244,98,92,209,190,220,236,17,223,141,271,268,52,97,203,149,83,171,129,,,324,345,,,139,236,140,99,210,208,106,233,227,104,61,226,150,148,109,140,135,185,155,261,110,111,155,,341,,,137,36,13,6,149,38,52,92,12,4,240,13,315,318,164,317,342,30,53,112,205,106,246,25,342,4,17,239,220,77,141,3,14,120,42,8,36,65,289,324,,,121,48,,,139,111,225,59,134,91,31,13,80,99,21,8,329,334,335,52,110,9,303,148,8,71,76,309,,41,,,"b'\x11\xe8\xe1I\xcc,\xb3H\xaf\x82\x12\xdf\x17\xaeN\x1e'"
11E8E149-CC2C-B348-AF82-12DF17AE4E1E,2013-ncaa-d1-conf-WAC,ncaa,4,4,7,4,8,9,10,9,9,9,8,9,5,4,8,4,9,8,9,8,8,9,9,9,10,9,5,5,8,3,2,10,2,9,6,8,8,2,3,6,4,2,7,4,,,10,10,,,6,10,10,6,9,9,4,8,8,5,4,8,7,7,6,8,1,10,9,8,3,4,7,,10,,,6,1,1,1,10,1,1,8,1,1,10,1,8,8,6,8,10,1,1,9,10,6,7,1,10,1,2,4,2,1,6,1,1,3,1,1,2,3,10,10,,,7,5,,,6,1,8,4,6,2,1,1,2,1,1,1,9,9,9,1,1,1,6,3,1,3,3,10,,6,,,"b'\x11\xe8\xe1I\xcc,\xb3H\xaf\x82\x12\xdf\x17\xaeN\x1e'"
11E8E149-CC2C-B348-AF82-12DF17AE4E1E,2013-ncaa-d1-natl,ncaa,155,126,210,145,231,216,222,158,275,246,242,231,116,70,252,68,229,175,306,170,103,165,197,249,268,221,91,91,203,161,210,211,13,189,131,257,261,68,92,194,122,65,166,127,,,329,345,,,116,203,138,99,201,205,94,229,218,97,56,212,137,135,92,133,130,174,146,248,108,86,154,,340,,,116,39,14,5,134,39,63,75,13,4,238,13,317,320,144,319,342,29,74,95,179,77,243,24,342,4,13,265,210,87,131,3,13,94,32,5,39,63,302,326,,,99,44,,,116,144,209,42,116,80,30,11,71,98,20,7,324,329,328,48,119,9,301,144,6,54,73,315,,41,,,"b'\x11\xe8\xe1I\xcc,\xb3H\xaf\x82\x12\xdf\x17\xaeN\x1e'"
11E8E149-CC2C-B348-AF82-12DF17AE4E1E,2014-ncaa-d0-natl,ncaa,180,205,131,197,137,237,272,211,305,225,182,293,265,218,321,220,71,38,308,38,31,164,150,310,302,291,148,260,13,147,187,173,119,153,183,311,314,198,198,306,114,103,178,208,,,292,318,,,235,165,204,58,281,308,250,248,189,273,217,62,24,23,178,178,150,186,171,323,194,123,186,,301,,,234,155,120,131,148,181,208,123,56,51,158,45,287,284,226,285,258,169,176,119,154,161,142,52,309,117,119,264,187,216,183,110,141,153,156,119,112,119,318,320,,,46,14,,,235,182,287,135,233,144,106,95,187,222,50,44,286,287,289,143,148,115,261,218,109,167,125,326,,22,,,"b'\x11\xe8\xe1I\xcc,\xb3H\xaf\x82\x12\xdf\x17\xaeN\x1e'"
11E8E149-CC2C-B348-AF82-12DF17AE4E1E,2014-ncaa-d1-conf-C-USA,ncaa,15,15,5,15,7,14,15,11,15,13,7,15,13,11,11,13,7,6,13,6,6,10,9,16,16,16,8,10,3,11,13,9,2,9,10,15,14,10,11,15,9,8,9,10,,,13,15,,,15,9,10,10,15,16,14,13,10,13,13,8,6,6,12,12,12,9,11,15,11,10,10,,14,,,15,10,8,7,12,11,13,6,6,2,15,3,14,13,10,13,10,9,7,10,11,12,8,5,15,1,2,13,13,11,10,11,12,12,10,12,8,8,16,16,,,6,3,,,15,10,16,12,15,9,6,4,11,11,6,3,14,14,14,5,5,1,13,11,12,12,7,16,,6,,,"b'\x11\xe8\xe1I\xcc,\xb3H\xaf\x82\x12\xdf\x17\xaeN\x1e'"
11E8E149-CC2C-B348-AF82-12DF17AE4E1E,2014-ncaa-d1-conf-CUSA,ncaa,15,15,5,15,7,14,15,11,15,13,7,15,13,11,11,13,7,6,13,6,6,10,9,16,16,16,8,10,3,11,13,9,2,9,10,15,14,10,11,15,9,8,9,10,,,13,15,,,15,9,10,10,15,16,14,13,10,13,13,8,6,6,12,12,12,9,11,15,11,10,10,,14,,,15,10,8,7,12,11,13,6,6,2,15,3,14,13,10,13,10,9,7,10,11,12,8,5,15,1,2,13,13,11,10,11,12,12,10,12,8,8,16,16,,,6,3,,,15,10,16,12,15,9,6,4,11,11,6,3,14,14,14,5,5,1,13,11,12,12,7,16,,6,,,"b'\x11\xe8\xe1I\xcc,\xb3H\xaf\x82\x12\xdf\x17\xaeN\x1e'"
11E8E149-CC2C-B348-AF82-12DF17AE4E1E,2014-ncaa-d1-natl,ncaa,191,204,145,205,151,257,291,238,307,247,196,295,275,227,324,221,82,46,313,44,30,190,178,312,305,294,147,260,10,164,194,201,122,178,189,318,313,184,198,310,134,114,186,215,,,278,319,,,244,194,206,53,283,309,253,251,190,275,217,62,25,24,181,183,151,195,175,326,196,132,195,,303,,,245,129,104,105,157,163,190,129,49,40,161,44,276,272,229,274,259,138,141,124,161,166,141,51,309,105,122,244,194,189,189,103,139,170,163,125,102,122,317,320,,,55,14,,,244,156,291,143,244,148,109,94,193,225,51,43,289,283,286,145,146,117,263,224,113,177,122,326,,23,,,"b'\x11\xe8\xe1I\xcc,\xb3H\xaf\x82\x12\xdf\x17\xaeN\x1e'"
11E8E149-CC2C-B348-AF82-12DF17AE4E1E,2015-ncaa-d0-natl,ncaa,151,161,113,165,131,218,244,174,286,185,142,254,276,218,333,239,77,32,325,33,31,137,103,306,296,299,206,281,27,64,79,164,60,101,71,275,280,284,247,312,45,26,101,99,,,295,320,,,149,133,170,123,254,283,223,217,162,288,231,69,14,14,146,106,57,187,106,308,269,35,103,,297,,,147,73,56,63,112,115,167,107,9,16,52,21,275,311,38,310,307,106,175,74,99,48,108,15,330,51,60,210,79,133,71,18,22,71,47,10,302,275,164,157,,,25,6,,,149,215,279,24,146,51,30,24,105,128,10,9,275,302,302,42,116,38,194,108,14,52,289,159,,8,,,"b'\x11\xe8\xe1I\xcc,\xb3H\xaf\x82\x12\xdf\x17\xaeN\x1e'"
11E8E149-CC2C-B348-AF82-12DF17AE4E1E,2015-ncaa-d1-conf-C-USA,ncaa,6,4,8,6,8,12,12,9,12,8,7,10,12,12,13,11,4,1,13,3,2,9,8,12,11,12,11,12,1,4,3,10,1,8,2,12,12,11,11,13,3,1,6,5,,,12,12,,,8,10,9,3,12,12,8,7,5,12,12,2,1,1,7,4,3,6,4,12,13,2,6,,11,,,8,1,1,2,5,4,6,4,1,1,5,1,12,12,11,12,12,2,5,4,5,4,7,2,14,1,1,5,3,3,2,1,1,6,3,1,10,11,11,9,,,4,1,,,8,5,12,2,8,3,1,1,3,7,1,1,12,12,12,1,4,1,9,4,1,3,12,13,,1,,,"b'\x11\xe8\xe1I\xcc,\xb3H\xaf\x82\x12\xdf\x17\xaeN\x1e'"
11E8E149-CC2C-B348-AF82-12DF17AE4E1E,2015-ncaa-d1-conf-CUSA,ncaa,6,4,8,6,8,12,12,9,12,8,7,10,12,12,13,11,4,1,13,3,2,9,8,12,11,12,11,12,1,4,3,10,1,8,2,12,12,11,11,13,3,1,6,5,,,12,12,,,8,10,9,3,12,12,8,7,5,12,12,2,1,1,7,4,3,6,4,12,13,2,6,,11,,,8,1,1,2,5,4,6,4,1,1,5,1,12,12,11,12,12,2,5,4,5,4,7,2,14,1,1,5,3,3,2,1,1,6,3,1,10,11,11,9,,,4,1,,,8,5,12,2,8,3,1,1,3,7,1,1,12,12,12,1,4,1,9,4,1,3,12,13,,1,,,"b'\x11\xe8\xe1I\xcc,\xb3H\xaf\x82\x12\xdf\x17\xaeN\x1e'"
11E8E149-CC2C-B348-AF82-12DF17AE4E1E,2015-ncaa-d1-natl,ncaa,169,160,143,176,162,246,272,221,291,204,167,258,286,233,336,238,94,36,326,38,29,172,130,309,301,302,203,281,26,76,85,189,61,128,81,304,282,268,252,316,51,29,109,101,,,285,323,,,166,173,174,112,267,292,235,228,167,288,231,70,13,14,155,113,61,197,117,316,273,36,103,,297,,,165,48,40,37,126,92,139,118,8,7,54,18,268,300,42,300,311,64,134,76,108,53,102,15,329,36,61,189,85,104,81,16,23,80,51,11,293,282,158,160,,,29,5,,,166,179,288,30,164,55,34,26,109,132,10,9,281,306,305,44,115,39,200,112,15,57,292,164,,7,,,"b'\x11\xe8\xe1I\xcc,\xb3H\xaf\x82\x12\xdf\x17\xaeN\x1e'"
11E8E149-CC2C-B348-AF82-12DF17AE4E1E,2016-ncaa-d0-natl,ncaa,280,249,321,282,324,318,285,275,275,236,190,282,297,295,267,261,338,318,332,316,322,288,298,292,310,309,305,246,295,194,148,288,197,264,164,336,341,133,233,320,195,122,129,61,,,203,319,,,241,311,143,88,266,198,106,136,63,264,252,316,277,276,147,102,105,161,119,328,252,117,90,,320,,,245,37,15,20,82,5,12,90,147,153,160,269,247,261,127,256,338,33,34,109,143,151,337,240,330,75,197,68,148,61,164,49,215,242,147,119,130,217,161,172,,,298,236,,,241,36,300,154,250,184,87,121,46,60,243,264,314,316,316,202,216,207,242,236,130,143,240,245,,195,,,"b'\x11\xe8\xe1I\xcc,\xb3H\xaf\x82\x12\xdf\x17\xaeN\x1e'"
11E8E149-CC2C-B348-AF82-12DF17AE4E1E,2016-ncaa-d1-conf-C-USA,ncaa,11,11,9,11,10,13,12,6,13,9,3,14,14,13,11,13,12,10,14,10,13,8,8,14,14,14,14,11,11,4,6,9,7,6,8,14,14,8,9,14,6,5,4,2,,,9,12,,,11,11,6,5,11,11,3,6,3,14,13,11,10,10,5,4,4,5,5,14,11,5,3,,11,,,11,4,1,3,1,2,2,2,7,10,4,11,10,12,3,12,13,4,4,2,3,5,14,10,13,5,7,9,6,9,8,6,11,10,6,7,11,11,9,4,,,10,10,,,11,4,14,5,11,6,2,6,2,3,9,11,12,13,13,9,8,7,11,11,8,7,11,11,,10,,,"b'\x11\xe8\xe1I\xcc,\xb3H\xaf\x82\x12\xdf\x17\xaeN\x1e'"
11E8E149-CC2C-B348-AF82-12DF17AE4E1E,2016-ncaa-d1-conf-CUSA,ncaa,11,11,9,11,10,13,12,6,13,9,3,14,14,13,11,13,12,10,14,10,13,8,8,14,14,14,14,11,11,4,6,9,7,6,8,14,14,8,9,14,6,5,4,2,,,9,12,,,11,11,6,5,11,11,3,6,3,14,13,11,10,10,5,4,4,5,5,14,11,5,3,,11,,,11,4,1,3,1,2,2,2,7,10,4,11,10,12,3,12,13,4,4,2,3,5,14,10,13,5,7,9,6,9,8,6,11,10,6,7,11,11,9,4,,,10,10,,,11,4,14,5,11,6,2,6,2,3,9,11,12,13,13,9,8,7,11,11,8,7,11,11,,10,,,"b'\x11\xe8\xe1I\xcc,\xb3H\xaf\x82\x12\xdf\x17\xaeN\x1e'"
11E8E149-CC2C-B348-AF82-12DF17AE4E1E,2016-ncaa-d1-natl,ncaa,265,249,303,268,313,272,220,208,220,169,138,239,277,281,243,264,324,302,324,301,328,235,227,258,282,274,305,255,309,158,129,224,171,198,124,326,341,174,228,313,181,140,112,55,,,252,316,,,217,259,129,93,224,147,87,100,56,257,253,306,277,276,137,88,102,116,99,316,253,135,85,,318,,,218,70,20,40,57,5,20,50,209,212,218,278,289,294,149,292,337,80,76,86,139,146,344,284,332,118,171,91,129,80,124,59,214,214,158,120,155,198,192,163,,,251,240,,,217,74,261,146,227,183,77,131,27,60,264,275,315,320,319,210,222,203,197,203,124,148,227,243,,191,,,"b'\x11\xe8\xe1I\xcc,\xb3H\xaf\x82\x12\xdf\x17\xaeN\x1e'"
11E8E149-CC2C-B348-AF82-12DF17AE4E1E,2017-ncaa-d0-natl,ncaa,197,152,291,198,295,165,176,209,126,134,143,139,244,259,171,259,99,99,182,98,89,193,226,157,137,112,232,263,72,223,205,212,164,220,189,240,292,44,65,160,88,59,228,237,,,85,109,,,159,220,49,93,75,82,65,60,49,206,219,38,34,30,40,55,167,98,119,201,117,48,207,,165,,,159,146,198,154,255,182,159,242,204,158,271,192,46,83,39,87,102,137,125,269,213,223,109,221,48,112,164,122,205,105,189,231,213,211,198,238,84,110,80,80,,,179,108,,,159,123,131,224,166,273,306,301,288,277,262,233,95,134,143,290,302,213,240,238,299,140,154,131,,69,,,"b'\x11\xe8\xe1I\xcc,\xb3H\xaf\x82\x12\xdf\x17\xaeN\x1e'"
11E8E149-CC2C-B348-AF82-12DF17AE4E1E,2017-ncaa-d1-conf-C-USA,ncaa,7,7,9,7,11,6,6,4,9,7,6,10,9,8,4,9,6,3,6,3,7,4,7,9,8,5,7,9,2,9,9,4,4,4,8,8,10,2,2,4,4,4,6,7,,,5,2,,,7,4,3,6,5,4,2,5,3,8,8,2,2,2,2,4,8,2,4,7,2,3,5,,4,,,7,7,10,11,5,10,11,3,9,9,10,9,1,4,2,4,2,10,10,6,3,7,5,9,1,10,4,10,9,10,8,10,9,8,9,9,3,3,11,8,,,8,8,,,7,11,6,7,7,10,11,11,10,13,10,9,2,3,3,10,11,9,11,9,10,6,5,11,,4,,,"b'\x11\xe8\xe1I\xcc,\xb3H\xaf\x82\x12\xdf\x17\xaeN\x1e'"
11E8E149-CC2C-B348-AF82-12DF17AE4E1E,2017-ncaa-d1-conf-CUSA,ncaa,7,7,9,7,11,6,6,4,9,7,6,10,9,8,4,9,6,3,6,3,7,4,7,9,8,5,7,9,2,9,9,4,4,4,8,8,10,2,2,4,4,4,6,7,,,5,2,,,7,4,3,6,5,4,2,5,3,8,8,2,2,2,2,4,8,2,4,7,2,3,5,,4,,,7,7,10,11,5,10,11,3,9,9,10,9,1,4,2,4,2,10,10,6,3,7,5,9,1,10,4,10,9,10,8,10,9,8,9,9,3,3,11,8,,,8,8,,,7,11,6,7,7,10,11,11,10,13,10,9,2,3,3,10,11,9,11,9,10,6,5,11,,4,,,"b'\x11\xe8\xe1I\xcc,\xb3H\xaf\x82\x12\xdf\x17\xaeN\x1e'"
11E8E149-CC2C-B348-AF82-12DF17AE4E1E,2017-ncaa-d1-natl,ncaa,194,181,217,195,241,135,139,150,132,107,100,154,229,242,173,262,80,71,188,64,95,125,158,166,150,120,237,261,78,194,208,156,175,178,199,246,310,65,63,180,78,69,215,240,,,124,111,,,165,152,45,98,79,86,59,59,43,208,222,43,33,31,37,54,158,92,110,225,111,58,211,,168,,,165,211,262,226,252,249,222,243,213,200,228,188,76,123,24,126,103,207,194,252,198,213,94,201,57,181,175,202,208,205,199,253,203,192,213,239,103,96,104,76,,,135,110,,,165,190,133,223,169,278,308,306,298,285,250,238,100,150,159,299,305,232,251,257,293,157,137,132,,69,,,"b'\x11\xe8\xe1I\xcc,\xb3H\xaf\x82\x12\xdf\x17\xaeN\x1e'"
11E8E149-CC2C-B348-AF82-12DF17AE4E1E,2018-ncaa-d0-natl,ncaa,277,263,295,279,313,306,263,254,258,196,142,282,323,325,252,309,309,297,274,293,321,276,267,293,304,300,316,292,241,186,161,257,202,237,171,282,255,208,272,276,293,276,135,125,,,204,287,,,314,281,116,199,277,216,146,126,50,315,307,288,267,259,175,108,108,161,130,254,283,263,95,,280,,,315,174,187,102,302,226,145,286,109,79,239,92,198,235,53,226,243,114,60,287,275,314,111,108,212,116,202,106,161,94,171,206,203,313,289,307,255,297,52,44,,,325,325,,,314,67,298,313,318,298,297,243,305,268,177,137,263,292,289,281,222,204,211,216,283,269,307,95,,302,,,"b'\x11\xe8\xe1I\xcc,\xb3H\xaf\x82\x12\xdf\x17\xaeN\x1e'"
11E8E149-CC2C-B348-AF82-12DF17AE4E1E,2018-ncaa-d1-conf-C-USA,ncaa,9,10,5,11,6,10,5,4,9,2,2,12,14,13,14,14,10,9,12,7,14,5,2,14,14,14,14,14,10,2,4,5,9,4,5,8,11,13,9,12,9,10,4,5,,,12,10,,,13,2,3,13,9,7,5,4,2,14,14,10,8,8,3,2,2,5,3,10,13,9,3,,11,,,13,14,14,12,12,14,13,12,9,7,7,4,11,12,3,12,10,13,12,12,11,13,1,4,8,11,9,9,4,9,5,14,7,7,13,13,14,13,7,4,,,10,12,,,13,12,14,11,13,11,12,12,12,12,8,6,10,12,12,12,12,9,9,11,12,10,14,7,,12,,,"b'\x11\xe8\xe1I\xcc,\xb3H\xaf\x82\x12\xdf\x17\xaeN\x1e'"
11E8E149-CC2C-B348-AF82-12DF17AE4E1E,2018-ncaa-d1-conf-CUSA,ncaa,9,10,5,11,6,10,5,4,9,2,2,12,14,13,14,14,10,9,12,7,14,5,2,14,14,14,14,14,10,2,4,5,9,4,5,8,11,13,9,12,9,10,4,5,,,12,10,,,13,2,3,13,9,7,5,4,2,14,14,10,8,8,3,2,2,5,3,10,13,9,3,,11,,,13,14,14,12,12,14,13,12,9,7,7,4,11,12,3,12,10,13,12,12,11,13,1,4,8,11,9,9,4,9,5,14,7,7,13,13,14,13,7,4,,,10,12,,,13,12,14,11,13,11,12,12,12,12,8,6,10,12,12,12,12,9,9,11,12,10,14,7,,12,,,"b'\x11\xe8\xe1I\xcc,\xb3H\xaf\x82\x12\xdf\x17\xaeN\x1e'"
11E8E149-CC2C-B348-AF82-12DF17AE4E1E,2018-ncaa-d1-natl,ncaa,276,278,213,279,285,270,231,213,241,159,99,267,308,316,267,304,282,245,312,240,301,227,194,284,300,294,317,291,229,142,152,181,179,179,157,246,249,258,265,267,277,280,96,94,,,273,300,,,310,214,99,221,267,202,143,118,51,308,301,276,208,205,163,99,101,130,109,239,282,264,77,,305,,,310,245,241,166,291,263,191,281,150,122,205,117,231,281,26,270,258,195,124,274,256,298,118,111,211,151,179,155,152,147,157,237,192,281,286,293,278,288,58,41,,,289,311,,,310,131,293,293,309,286,288,245,300,260,182,163,256,300,299,286,233,204,216,220,270,265,299,84,,274,,,"b'\x11\xe8\xe1I\xcc,\xb3H\xaf\x82\x12\xdf\x17\xaeN\x1e'"
11E8E149-CC2C-B348-AF82-12DF17AE4E1E,2019-ncaa-d0-natl,ncaa,322,283,335,324,340,336,322,319,298,251,193,297,347,339,345,319,329,320,282,324,333,326,326,328,330,330,341,337,203,197,116,325,287,301,229,255,61,154,272,225,298,254,221,208,,,63,204,,,322,335,141,153,311,261,147,122,39,342,323,283,255,263,183,114,83,226,144,146,284,233,173,,238,,,328,68,122,42,293,198,115,299,31,30,120,62,66,78,92,79,125,38,23,262,235,280,15,36,113,128,287,39,116,51,229,115,131,323,275,278,55,179,18,31,,,339,310,,,322,18,320,296,326,284,308,284,332,318,92,111,186,212,224,294,255,289,238,280,255,247,200,63,,285,,,"b'\x11\xe8\xe1I\xcc,\xb3H\xaf\x82\x12\xdf\x17\xaeN\x1e'"
11E8E149-CC2C-B348-AF82-12DF17AE4E1E,2019-ncaa-d1-conf-C-USA,ncaa,12,12,13,12,13,14,12,10,13,10,2,13,14,14,14,14,14,13,13,13,14,11,8,14,14,14,14,14,9,4,6,12,13,11,10,11,5,12,13,13,6,6,5,9,,,7,8,,,12,13,3,4,13,11,4,3,1,14,14,14,11,12,3,1,3,10,5,5,14,5,3,,13,,,12,9,10,6,11,13,11,9,2,1,12,1,9,8,6,8,5,6,4,11,11,9,1,1,9,12,13,7,6,10,10,7,6,10,9,10,11,13,5,3,,,13,14,,,12,2,14,11,12,11,12,12,14,14,5,4,11,12,12,13,13,13,11,12,11,6,13,9,,13,,,"b'\x11\xe8\xe1I\xcc,\xb3H\xaf\x82\x12\xdf\x17\xaeN\x1e'"
11E8E149-CC2C-B348-AF82-12DF17AE4E1E,2019-ncaa-d1-conf-CUSA,ncaa,12,12,13,12,13,14,12,10,13,10,2,13,14,14,14,14,14,13,13,13,14,11,8,14,14,14,14,14,9,4,6,12,13,11,10,11,5,12,13,13,6,6,5,9,,,7,8,,,12,13,3,4,13,11,4,3,1,14,14,14,11,12,3,1,3,10,5,5,14,5,3,,13,,,12,9,10,6,11,13,11,9,2,1,12,1,9,8,6,8,5,6,4,11,11,9,1,1,9,12,13,7,6,10,10,7,6,10,9,10,11,13,5,3,,,13,14,,,12,2,14,11,12,11,12,12,14,14,5,4,11,12,12,13,13,13,11,12,11,6,13,9,,13,,,"b'\x11\xe8\xe1I\xcc,\xb3H\xaf\x82\x12\xdf\x17\xaeN\x1e'"
11E8E149-CC2C-B348-AF82-12DF17AE4E1E,2019-ncaa-d1-natl,ncaa,308,282,340,308,341,330,298,283,294,189,125,291,346,339,348,326,306,287,285,289,327,295,298,325,328,322,342,344,186,138,96,300,264,245,186,229,79,179,243,214,273,233,204,194,,,104,219,,,313,329,119,154,293,238,112,94,27,346,324,265,230,231,144,88,56,198,97,143,272,211,162,,246,,,319,88,142,78,270,214,141,290,39,49,93,96,96,118,92,123,144,62,34,242,226,264,34,49,136,148,264,65,96,80,186,129,123,306,264,257,86,174,24,24,,,327,296,,,313,25,307,278,316,273,295,280,322,303,104,147,194,225,230,292,258,279,234,270,236,241,205,66,,269,,,"b'\x11\xe8\xe1I\xcc,\xb3H\xaf\x82\x12\xdf\x17\xaeN\x1e'"
11E8E149-CC2C-B348-AF82-12DF17AE4E1E,2020-ncaa-d0-natl,ncaa,333,314,336,333,342,346,341,321,333,281,177,336,339,331,327,319,302,262,332,267,262,316,316,341,343,337,308,318,126,229,231,330,343,322,330,350,349,142,237,341,271,245,140,145,,,73,128,,,346,320,90,175,316,293,148,188,37,330,318,254,153,160,153,102,144,272,223,347,257,205,85,,217,,,348,250,264,146,318,285,183,323,112,109,157,123,225,185,323,189,183,147,61,306,314,340,87,81,198,313,343,177,231,259,330,252,195,336,329,340,187,262,208,202,,,328,292,,,346,31,334,348,348,343,344,339,346,332,223,239,310,283,285,346,320,346,325,343,328,300,275,285,,249,,,"b'\x11\xe8\xe1I\xcc,\xb3H\xaf\x82\x12\xdf\x17\xaeN\x1e'"
11E8E149-CC2C-B348-AF82-12DF17AE4E1E,2020-ncaa-d1-conf-C-USA,ncaa,14,14,9,14,14,13,13,10,14,12,5,14,14,13,14,13,12,11,10,11,11,11,9,14,14,13,12,13,6,9,11,12,14,12,14,14,14,9,10,14,9,11,2,4,,,5,3,,,14,8,4,14,13,12,7,9,3,14,13,12,11,11,7,6,9,11,11,14,9,9,2,,7,,,14,14,14,14,9,14,13,11,9,12,7,9,13,9,14,10,7,14,12,9,10,14,8,7,9,14,14,14,11,14,14,14,13,11,13,14,9,11,12,8,,,13,11,,,14,7,13,14,14,14,14,14,14,14,10,13,14,11,12,14,14,14,14,14,14,11,11,12,,11,,,"b'\x11\xe8\xe1I\xcc,\xb3H\xaf\x82\x12\xdf\x17\xaeN\x1e'"
11E8E149-CC2C-B348-AF82-12DF17AE4E1E,2020-ncaa-d1-conf-CUSA,ncaa,14,14,9,14,14,13,13,10,14,12,5,14,14,13,14,13,12,11,10,11,11,11,9,14,14,13,12,13,6,9,11,12,14,12,14,14,14,9,10,14,9,11,2,4,,,5,3,,,14,8,4,14,13,12,7,9,3,14,13,12,11,11,7,6,9,11,11,14,9,9,2,,7,,,14,14,14,14,9,14,13,11,9,12,7,9,13,9,14,10,7,14,12,9,10,14,8,7,9,14,14,14,11,14,14,14,13,11,13,14,9,11,12,8,,,13,11,,,14,7,13,14,14,14,14,14,14,14,10,13,14,11,12,14,14,14,14,14,14,11,11,12,,11,,,"b'\x11\xe8\xe1I\xcc,\xb3H\xaf\x82\x12\xdf\x17\xaeN\x1e'"
11E8E149-CC2C-B348-AF82-12DF17AE4E1E,2020-ncaa-d1-natl,ncaa,325,314,326,325,334,328,318,269,318,217,116,323,337,325,330,319,290,231,329,234,262,277,273,337,337,330,318,318,147,194,212,311,339,283,321,347,350,196,227,338,248,252,125,148,,,121,139,,,345,287,90,197,298,271,145,149,35,331,317,250,150,158,134,96,140,255,216,346,255,213,95,,228,,,347,309,305,237,319,317,241,324,179,183,159,137,260,226,327,227,186,246,144,303,314,343,91,91,187,326,339,236,212,296,321,284,180,326,327,338,207,241,231,187,,,311,293,,,345,69,323,348,347,347,345,339,344,333,234,254,311,277,279,345,316,344,318,341,326,301,256,273,,252,,,"b'\x11\xe8\xe1I\xcc,\xb3H\xaf\x82\x12\xdf\x17\xaeN\x1e'"
11E8E149-CC2C-B348-AF82-12DF17AE4E1E,2021-ncaa-d0-natl,ncaa,329,318,248,334,248,260,255,215,302,217,141,311,300,289,312,311,228,189,321,194,234,212,237,314,315,292,301,306,113,104,91,277,330,240,300,283,295,77,99,239,212,180,260,266,,,141,230,,,323,254,160,17,250,217,61,113,19,313,288,182,77,98,53,57,28,296,146,286,149,147,241,,267,,,321,159,189,113,331,222,125,337,129,110,205,138,109,167,2,169,234,114,110,327,312,307,51,107,72,225,330,152,91,177,300,160,94,227,189,225,59,70,47,25,,,211,127,,,323,95,268,328,315,319,330,255,338,252,198,198,172,265,272,286,305,327,314,325,262,140,95,55,,82,,,"b'\x11\xe8\xe1I\xcc,\xb3H\xaf\x82\x12\xdf\x17\xaeN\x1e'"
11E8E149-CC2C-B348-AF82-12DF17AE4E1E,2021-ncaa-d1-conf-C-USA,ncaa,14,14,12,14,13,14,14,13,14,12,7,14,12,12,11,12,13,10,13,11,12,13,13,14,14,14,12,11,4,8,7,14,14,14,14,14,13,5,7,13,10,6,12,12,,,7,9,,,14,13,9,5,13,12,6,8,4,11,12,9,5,6,6,7,3,14,13,13,8,4,11,,10,,,14,6,10,2,14,9,5,14,6,3,14,7,4,5,2,5,10,2,2,14,14,14,5,8,4,7,14,5,7,7,14,9,8,11,6,11,4,5,3,3,,,12,8,,,14,2,14,14,14,14,14,6,14,8,12,6,7,9,9,10,10,12,14,14,13,6,8,5,,7,,,"b'\x11\xe8\xe1I\xcc,\xb3H\xaf\x82\x12\xdf\x17\xaeN\x1e'"
11E8E149-CC2C-B348-AF82-12DF17AE4E1E,2021-ncaa-d1-conf-CUSA,ncaa,14,14,12,14,13,14,14,13,14,12,7,14,12,12,11,12,13,10,13,11,12,13,13,14,14,14,12,11,4,8,7,14,14,14,14,14,13,5,7,13,10,6,12,12,,,7,9,,,14,13,9,5,13,12,6,8,4,11,12,9,5,6,6,7,3,14,13,13,8,4,11,,10,,,14,6,10,2,14,9,5,14,6,3,14,7,4,5,2,5,10,2,2,14,14,14,5,8,4,7,14,5,7,7,14,9,8,11,6,11,4,5,3,3,,,12,8,,,14,2,14,14,14,14,14,6,14,8,12,6,7,9,9,10,10,12,14,14,13,6,8,5,,7,,,"b'\x11\xe8\xe1I\xcc,\xb3H\xaf\x82\x12\xdf\x17\xaeN\x1e'"
11E8E149-CC2C-B348-AF82-12DF17AE4E1E,2021-ncaa-d1-natl,ncaa,322,317,231,330,232,252,238,207,298,192,119,304,302,280,329,312,215,166,317,180,235,205,216,314,315,291,308,316,102,87,87,262,321,221,287,268,286,94,102,236,185,159,247,253,,,155,227,,,317,232,142,19,243,204,60,98,17,320,285,168,77,89,48,54,27,275,122,268,153,116,233,,262,,,311,159,197,121,324,221,139,332,153,135,205,158,105,178,2,176,232,130,126,321,291,283,54,134,61,231,321,172,87,189,287,167,108,196,160,200,72,74,46,20,,,199,136,,,317,121,267,309,307,305,324,245,327,237,207,204,140,261,265,275,303,314,314,323,254,115,107,48,,90,,,"b'\x11\xe8\xe1I\xcc,\xb3H\xaf\x82\x12\xdf\x17\xaeN\x1e'"
11E8E149-CC2C-B348-AF82-12DF17AE4E1E,2022-ncaa-d0-natl,ncaa,295,328,112,306,116,275,275,137,353,204,61,353,333,290,355,324,140,91,312,84,194,124,79,355,355,353,287,327,31,17,29,105,205,49,92,300,288,344,324,348,115,147,169,134,,,353,353,,,333,115,139,57,336,338,159,254,50,343,319,153,99,95,141,40,13,106,20,333,340,134,179,,353,,,318,244,119,182,88,73,110,115,278,294,147,274,348,355,88,355,354,246,242,125,173,188,350,246,352,280,205,259,29,275,92,271,335,140,180,221,286,202,337,302,,,114,208,,,333,234,346,199,322,216,81,112,40,42,260,289,347,350,350,228,241,257,250,251,257,152,251,339,,114,,,"b'\x11\xe8\xe1I\xcc,\xb3H\xaf\x82\x12\xdf\x17\xaeN\x1e'"
11E8E149-CC2C-B348-AF82-12DF17AE4E1E,2022-ncaa-d1-conf-C-USA,ncaa,13,13,7,13,9,13,13,6,14,10,4,14,13,11,13,11,13,12,14,11,13,7,2,14,14,14,11,10,10,1,1,6,10,2,2,14,11,14,14,14,5,5,6,4,,,14,14,,,13,8,2,4,13,13,3,10,4,12,10,13,12,11,3,1,1,4,1,14,14,4,6,,14,,,13,8,4,6,3,2,2,4,12,11,7,12,14,14,6,14,14,8,7,7,9,7,14,13,14,11,10,7,1,12,2,10,14,8,9,10,11,9,14,13,,,11,14,,,13,6,14,8,13,10,5,8,2,3,12,12,14,14,14,9,11,11,12,13,11,8,12,14,,11,,,"b'\x11\xe8\xe1I\xcc,\xb3H\xaf\x82\x12\xdf\x17\xaeN\x1e'"
11E8E149-CC2C-B348-AF82-12DF17AE4E1E,2022-ncaa-d1-conf-CUSA,ncaa,13,13,7,13,9,13,13,6,14,10,4,14,13,11,13,11,13,12,14,11,13,7,2,14,14,14,11,10,10,1,1,6,10,2,2,14,11,14,14,14,5,5,6,4,,,14,14,,,13,8,2,4,13,13,3,10,4,12,10,13,12,11,3,1,1,4,1,14,14,4,6,,14,,,13,8,4,6,3,2,2,4,12,11,7,12,14,14,6,14,14,8,7,7,9,7,14,13,14,11,10,7,1,12,2,10,14,8,9,10,11,9,14,13,,,11,14,,,13,6,14,8,13,10,5,8,2,3,12,12,14,14,14,9,11,11,12,13,11,8,12,14,,11,,,"b'\x11\xe8\xe1I\xcc,\xb3H\xaf\x82\x12\xdf\x17\xaeN\x1e'"
11E8E149-CC2C-B348-AF82-12DF17AE4E1E,2022-ncaa-d1-natl,ncaa,305,327,146,312,155,307,308,169,354,240,75,355,343,306,354,327,161,108,316,104,194,161,102,356,355,352,288,328,27,22,31,131,211,58,97,322,290,339,327,351,145,164,179,142,,,350,354,,,338,150,149,49,339,342,175,266,53,345,323,156,97,94,152,41,15,113,23,343,341,152,186,,355,,,332,215,93,141,98,62,79,130,262,282,159,273,348,351,93,350,354,207,206,138,187,205,350,244,352,265,211,236,31,250,97,252,336,172,194,234,265,211,335,315,,,132,205,,,338,197,349,225,334,228,90,116,50,47,269,290,350,351,351,231,239,260,253,257,258,174,253,341,,114,,,"b'\x11\xe8\xe1I\xcc,\xb3H\xaf\x82\x12\xdf\x17\xaeN\x1e'"
11E8E149-CC2C-B348-AF82-12DF17AE4E1E,2023-ncaa-d0-natl,ncaa,195,257,81,232,85,129,103,101,159,66,68,153,249,221,285,270,144,161,111,161,282,106,73,199,194,226,314,301,182,34,20,76,116,48,29,136,198,340,279,236,221,259,30,12,,,351,355,,,219,97,161,137,163,133,124,72,83,277,260,178,196,197,136,81,33,84,40,158,313,247,29,,347,,,215,297,195,238,101,48,79,110,347,342,249,341,345,338,241,337,351,280,257,176,224,262,360,343,332,203,116,121,20,146,29,247,269,188,242,251,247,172,211,113,,,109,229,,,219,262,180,244,218,249,101,146,19,21,344,337,331,323,324,235,180,158,51,70,204,229,194,175,,159,,,"b'\x11\xe8\xe1I\xcc,\xb3H\xaf\x82\x12\xdf\x17\xaeN\x1e'"
11E8E149-CC2C-B348-AF82-12DF17AE4E1E,2023-ncaa-d1-conf-C-USA,ncaa,6,6,1,6,1,5,3,2,10,1,1,10,8,6,11,8,10,11,6,11,11,2,2,11,11,10,10,8,9,1,1,1,3,1,1,1,2,10,7,7,8,8,1,1,,,10,10,,,6,2,6,6,10,6,2,2,1,8,7,10,11,11,3,3,1,1,1,3,9,9,1,,10,,,6,8,5,9,2,1,3,2,11,11,6,11,8,6,7,6,11,9,10,4,4,4,11,11,6,9,3,7,1,8,1,10,11,8,9,10,5,4,10,6,,,7,11,,,6,10,8,3,6,4,2,8,1,2,11,11,6,6,6,7,4,8,3,5,8,9,4,9,,11,,,"b'\x11\xe8\xe1I\xcc,\xb3H\xaf\x82\x12\xdf\x17\xaeN\x1e'"
11E8E149-CC2C-B348-AF82-12DF17AE4E1E,2023-ncaa-d1-conf-CUSA,ncaa,6,6,1,6,1,5,3,2,10,1,1,10,8,6,11,8,10,11,6,11,11,2,2,11,11,10,10,8,9,1,1,1,3,1,1,1,2,10,7,7,8,8,1,1,,,10,10,,,6,2,6,6,10,6,2,2,1,8,7,10,11,11,3,3,1,1,1,3,9,9,1,,10,,,6,8,5,9,2,1,3,2,11,11,6,11,8,6,7,6,11,9,10,4,4,4,11,11,6,9,3,7,1,8,1,10,11,8,9,10,5,4,10,6,,,7,11,,,6,10,8,3,6,4,2,8,1,2,11,11,6,6,6,7,4,8,3,5,8,9,4,9,,11,,,"b'\x11\xe8\xe1I\xcc,\xb3H\xaf\x82\x12\xdf\x17\xaeN\x1e'"
11E8E149-CC2C-B348-AF82-12DF17AE4E1E,2023-ncaa-d1-natl,ncaa,219,257,103,245,119,158,129,127,169,77,79,165,262,244,289,272,169,180,109,179,282,130,93,207,207,240,314,303,178,41,24,101,124,55,35,153,205,330,285,249,246,275,33,12,,,350,356,,,247,121,165,131,185,148,138,79,86,285,263,182,199,199,150,87,39,86,44,168,314,262,31,,348,,,244,285,155,205,116,38,50,120,344,335,263,342,340,334,248,334,353,254,230,197,238,286,360,343,331,178,124,90,24,104,35,232,277,216,257,261,226,178,196,123,,,140,223,,,247,240,193,271,240,258,109,151,25,24,348,338,335,329,328,237,180,164,53,74,214,240,202,181,,155,,,"b'\x11\xe8\xe1I\xcc,\xb3H\xaf\x82\x12\xdf\x17\xaeN\x1e'"
11E8E149-CC2C-B348-AF82-12DF17AE4E1E,2024-ncaa-d0-natl,ncaa,127,148,52,142,53,120,93,43,201,54,22,216,227,212,238,289,252,193,329,194,338,53,36,236,268,263,328,275,315,7,8,28,144,10,17,103,178,322,200,194,212,282,32,20,,,352,335,,,150,75,199,20,172,106,40,54,24,255,253,303,248,250,63,46,9,28,6,126,268,266,31,,328,,,154,242,153,299,13,102,248,13,279,316,95,244,330,341,32,343,318,320,296,22,29,85,340,258,324,325,144,210,8,274,17,205,238,220,313,231,250,139,327,200,,,133,290,,,150,282,184,120,162,139,65,238,40,153,226,282,299,328,328,286,239,279,107,185,137,289,185,309,,207,,,"b'\x11\xe8\xe1I\xcc,\xb3H\xaf\x82\x12\xdf\x17\xaeN\x1e'"
11E8E149-CC2C-B348-AF82-12DF17AE4E1E,2024-ncaa-d1-conf-AAC,ncaa,6,4,4,5,5,9,5,4,12,6,5,10,9,7,11,7,13,13,12,13,14,5,5,11,13,13,11,7,13,2,1,2,4,1,1,4,5,10,8,7,11,10,3,2,,,10,12,,,6,7,11,8,10,6,3,6,5,8,6,13,13,13,3,3,2,1,1,3,10,11,3,,12,,,6,4,1,7,1,1,2,1,11,10,5,12,9,10,4,10,12,10,9,1,1,2,14,13,12,9,4,7,1,8,1,5,7,9,11,7,5,4,8,4,,,12,14,,,6,8,11,3,6,3,1,6,1,1,10,12,11,12,12,10,5,8,6,7,3,10,5,8,,12,,,"b'\x11\xe8\xe1I\xcc,\xb3H\xaf\x82\x12\xdf\x17\xaeN\x1e'"
11E8E149-CC2C-B348-AF82-12DF17AE4E1E,2024-ncaa-d1-natl,ncaa,137,150,78,156,79,140,110,52,218,62,26,235,244,237,247,290,273,221,332,223,340,72,52,250,281,274,330,277,315,10,9,36,159,12,19,127,189,311,206,210,248,296,33,22,,,349,338,,,177,98,208,20,185,114,47,66,30,263,260,307,253,254,66,54,10,30,6,140,274,277,32,,331,,,179,224,131,286,20,72,224,13,271,304,108,241,325,338,37,340,322,310,275,32,40,107,341,259,327,315,159,175,9,250,19,193,242,260,320,251,224,147,321,215,,,159,290,,,177,259,197,140,182,161,72,240,41,158,237,286,308,330,332,292,239,288,116,197,148,305,195,316,,209,,,"b'\x11\xe8\xe1I\xcc,\xb3H\xaf\x82\x12\xdf\x17\xaeN\x1e'"
11E8E149-CC2C-B348-AF82-12DF17AE4E1E,2025-ncaa-d0-natl,genius_ncaa,29,12,135,16,177,146,144,123,193,110,90,187,248,221,271,259,105,129,119,137,208,124,117,221,207,195,268,280,125,15,1,152,152,55,8,114,87,231,167,143,160,145,65,40,,,225,267,,288,59,197,261,269,134,131,100,93,88,258,225,107,129,136,94,91,10,169,19,100,213,164,55,,216,,294,59,34,37,125,26,32,144,16,138,121,184,165,50,117,1,116,152,112,157,31,20,19,238,273,146,171,152,15,1,37,8,80,237,107,76,71,156,136,270,196,,,110,130,,94,59,158,111,23,61,18,24,74,24,108,128,105,55,118,119,64,92,167,10,27,76,103,154,274,,91,,93,"b'\x11\xe8\xe1I\xcc,\xb3H\xaf\x82\x12\xdf\x17\xaeN\x1e'"
11E8E149-CC2C-B348-AF82-12DF17AE4E1E,2025-ncaa-d1-conf-AAC,genius_ncaa,1,1,7,1,11,10,9,10,10,6,9,6,10,9,11,7,6,6,3,6,5,9,11,9,8,8,9,10,3,1,1,11,8,4,1,5,2,4,6,3,11,9,3,2,,,3,9,,6,1,13,12,11,7,8,6,5,7,8,8,5,5,5,6,9,1,9,3,3,5,10,3,,4,,6,1,1,1,1,2,1,2,1,2,3,6,9,1,1,1,1,1,1,1,3,2,2,8,9,3,4,8,1,1,1,1,2,8,9,4,5,4,3,3,5,,,6,5,,3,1,1,2,2,1,1,1,2,1,4,3,6,1,1,1,2,2,7,1,1,4,7,4,4,,5,,2,"b'\x11\xe8\xe1I\xcc,\xb3H\xaf\x82\x12\xdf\x17\xaeN\x1e'"
11E8E149-CC2C-B348-AF82-12DF17AE4E1E,2025-ncaa-d1-natl,genius_ncaa,34,12,172,16,226,167,166,153,201,132,112,194,259,237,276,258,128,154,116,158,205,152,145,232,212,202,263,279,115,17,1,187,161,74,8,135,93,190,176,150,179,158,68,40,,,196,271,,280,68,249,264,269,153,142,105,98,89,262,230,107,132,137,102,97,11,180,22,109,214,178,54,,219,,295,66,21,27,87,32,25,112,19,124,97,200,165,43,104,3,102,155,72,108,39,24,23,235,271,147,151,161,7,1,22,8,68,241,127,90,83,134,141,258,214,,,128,122,,104,68,105,115,27,67,20,27,77,28,111,135,105,55,122,121,69,89,167,10,29,83,114,156,281,,91,,90,"b'\x11\xe8\xe1I\xcc,\xb3H\xaf\x82\x12\xdf\x17\xaeN\x1e'"
11E8E149-CC2C-B348-AF82-12DF17AE4E1E,2026-ncaa-d0-natl,genius_ncaa,212,198,206,223,216,282,272,274,263,235,210,289,314,318,266,305,237,231,217,235,245,271,235,303,290,315,278,302,102,154,55,171,195,166,77,265,194,286,334,316,283,298,166,147,,,117,158,,324,232,261,260,97,305,299,310,229,150,331,334,224,209,222,316,197,104,81,82,274,329,298,144,,150,,350,231,80,112,151,75,84,116,113,214,238,122,317,16,20,54,20,30,127,115,102,64,96,182,312,21,189,195,57,55,94,77,123,186,250,222,209,287,322,332,338,,,183,110,,66,232,105,301,119,232,101,158,259,110,152,264,309,18,26,26,193,147,250,50,115,169,235,315,349,,121,,50,"b'\x11\xe8\xe1I\xcc,\xb3H\xaf\x82\x12\xdf\x17\xaeN\x1e'"
11E8E149-CC2C-B348-AF82-12DF17AE4E1E,2026-ncaa-d1-natl,genius_ncaa,256,195,271,252,286,342,343,340,301,312,284,313,348,351,278,310,293,294,216,299,246,343,321,319,311,335,276,304,88,220,68,255,215,253,100,333,213,241,344,339,339,324,209,161,,,63,183,,310,273,334,273,100,334,327,333,266,165,340,341,233,221,233,337,223,122,99,102,316,339,320,154,,165,,358,278,31,63,85,103,53,63,131,163,195,146,313,8,7,57,8,33,59,40,136,88,134,182,311,20,139,215,18,68,32,100,92,190,322,257,258,239,337,322,347,,,249,92,,86,273,32,325,169,281,130,195,271,136,164,279,313,21,30,29,205,139,267,54,131,200,264,329,353,,121,,43,"b'\x11\xe8\xe1I\xcc,\xb3H\xaf\x82\x12\xdf\x17\xaeN\x1e'"
11E8E149-CC30-DD7E-AF82-12DF17AE4E1E,2010-ncaa-d0-natl,ncaa,60,86,20,81,19,147,131,162,91,103,134,78,210,208,211,221,159,169,142,166,201,165,151,115,125,155,261,243,197,177,160,40,35,65,47,90,78,244,237,140,243,260,80,91,,,33,15,,,107,141,342,3,261,238,319,175,251,260,272,244,259,257,319,327,273,85,183,146,144,294,115,,7,,,110,130,185,288,30,151,238,48,249,296,45,296,36,14,342,16,10,243,190,38,25,84,178,277,37,164,35,128,160,146,47,158,145,271,306,254,227,214,214,202,,,146,159,,,107,203,165,78,103,19,46,148,42,87,179,262,13,3,3,59,13,46,31,17,64,330,136,157,,285,,,b'\x11\xe8\xe1I\xcc0\xdd~\xaf\x82\x12\xdf\x17\xaeN\x1e'
11E8E149-CC30-DD7E-AF82-12DF17AE4E1E,2010-ncaa-d1-conf-Mountain West,ncaa,1,4,1,4,1,4,3,6,3,2,2,2,8,9,6,9,3,1,8,1,4,4,2,5,5,5,8,9,4,5,3,1,1,1,1,4,4,9,8,6,7,7,3,4,,,4,2,,,4,1,9,1,7,5,9,3,4,9,9,5,3,3,9,8,8,2,5,5,7,7,4,,1,,,4,5,5,8,1,5,7,1,4,8,2,5,7,3,9,3,2,8,8,1,2,3,5,5,5,4,1,4,3,3,1,1,2,5,6,4,8,8,3,3,,,1,2,,,4,9,6,3,4,1,2,5,2,5,2,4,3,1,1,4,3,2,2,1,1,7,7,2,,5,,,b'\x11\xe8\xe1I\xcc0\xdd~\xaf\x82\x12\xdf\x17\xaeN\x1e'
11E8E149-CC30-DD7E-AF82-12DF17AE4E1E,2010-ncaa-d1-natl,ncaa,46,86,12,75,11,127,105,142,85,85,121,77,206,207,208,220,157,163,139,163,200,148,122,108,119,150,258,240,204,170,157,26,28,48,38,76,69,265,238,134,235,263,74,80,,,38,16,,,95,115,342,3,260,235,321,177,256,258,270,249,263,262,319,328,276,75,175,141,143,300,111,,7,,,97,139,193,302,25,144,252,44,257,309,43,301,46,17,343,17,11,267,224,29,21,72,190,281,43,158,28,147,157,153,38,170,152,254,302,248,240,212,213,196,,,120,153,,,95,235,161,67,94,18,40,137,37,73,180,266,14,3,3,56,13,35,27,15,59,331,137,147,,276,,,b'\x11\xe8\xe1I\xcc0\xdd~\xaf\x82\x12\xdf\x17\xaeN\x1e'
11E8E149-CC30-DD7E-AF82-12DF17AE4E1E,2011-ncaa-d0-natl,ncaa,153,207,43,175,46,191,187,169,206,231,241,194,88,71,164,52,259,262,186,263,221,183,192,179,186,189,87,56,265,193,221,75,16,116,72,166,128,142,180,157,283,281,51,52,,,260,309,,,165,191,335,75,284,278,295,297,312,115,110,311,316,318,315,326,267,155,233,221,75,318,56,,184,,,165,111,63,140,52,104,226,34,60,54,141,44,295,264,316,271,241,171,109,37,84,169,199,66,321,47,16,203,221,116,72,115,232,303,312,270,154,188,202,248,,,248,276,,,165,139,194,138,168,40,22,26,47,109,31,22,250,205,210,36,6,12,91,27,63,339,108,150,,332,,,b'\x11\xe8\xe1I\xcc0\xdd~\xaf\x82\x12\xdf\x17\xaeN\x1e'
11E8E149-CC30-DD7E-AF82-12DF17AE4E1E,2011-ncaa-d1-conf-Mountain West,ncaa,4,4,1,4,1,4,2,2,7,4,3,6,2,1,4,2,6,6,4,6,7,2,1,6,7,6,4,2,6,2,2,1,1,1,1,5,7,7,6,6,5,6,2,3,,,8,7,,,4,1,9,1,8,7,5,8,8,3,4,6,7,7,6,7,3,4,2,8,5,8,2,,6,,,4,6,4,7,2,8,9,2,3,3,4,2,8,8,6,8,6,7,7,2,3,4,4,2,8,3,1,8,2,7,1,3,3,5,6,3,7,7,6,4,,,6,9,,,4,9,6,3,4,2,2,1,3,6,2,1,6,6,6,3,1,1,4,3,2,8,7,4,,9,,,b'\x11\xe8\xe1I\xcc0\xdd~\xaf\x82\x12\xdf\x17\xaeN\x1e'
11E8E149-CC30-DD7E-AF82-12DF17AE4E1E,2011-ncaa-d1-natl,ncaa,128,202,16,171,20,136,132,100,184,192,198,189,51,45,113,46,252,249,187,251,246,120,119,146,167,169,76,44,298,147,205,32,12,57,54,98,90,185,165,119,244,257,35,47,,,272,290,,,119,116,331,85,269,253,278,286,307,86,89,318,324,324,306,322,253,124,201,172,75,297,48,,156,,,124,149,95,217,30,125,264,26,82,98,95,70,302,271,315,275,220,237,185,26,58,134,210,86,318,57,12,250,205,172,54,149,237,278,298,246,194,192,253,261,,,240,303,,,119,225,174,90,124,28,15,26,33,94,37,31,220,175,178,31,6,9,87,23,55,332,115,176,,339,,,b'\x11\xe8\xe1I\xcc0\xdd~\xaf\x82\x12\xdf\x17\xaeN\x1e'
11E8E149-CC30-DD7E-AF82-12DF17AE4E1E,2011-ncaa-d1-ncaatournament,ncaa,33,2,33,33,34,49,51,50,51,55,50,59,38,47,29,24,42,46,13,46,31,48,47,50,45,47,9,13,18,38,17,39,16,37,13,55,57,19,51,57,47,46,38,34,,,22,56,,,43,58,56,3,46,50,41,54,46,22,24,28,35,37,45,39,17,17,12,55,46,45,27,,47,,,46,11,10,10,38,18,20,28,6,2,62,2,18,23,16,23,37,12,8,34,33,45,15,12,39,10,16,5,17,8,13,20,50,58,58,57,7,23,28,55,,,47,44,,,43,7,45,44,49,30,31,22,45,49,8,2,40,45,45,27,10,19,20,20,47,57,17,47,,44,,,b'\x11\xe8\xe1I\xcc0\xdd~\xaf\x82\x12\xdf\x17\xaeN\x1e'
11E8E149-CC30-DD7E-AF82-12DF17AE4E1E,2012-ncaa-d0-natl,ncaa,147,174,81,162,81,182,164,198,122,189,252,80,105,98,176,70,256,281,76,279,226,212,258,107,109,90,122,84,267,310,319,38,21,154,126,171,162,35,78,82,335,338,67,77,,,133,200,,,125,225,334,29,236,218,292,241,305,124,117,289,312,313,308,331,334,35,212,213,23,340,79,,74,,,127,81,98,204,37,130,264,22,82,80,147,66,118,120,125,115,73,193,101,30,27,138,114,110,176,84,21,204,319,147,126,21,12,335,339,243,62,128,205,257,,,297,277,,,125,118,136,127,128,42,45,120,83,217,67,54,94,97,97,110,11,36,142,82,9,341,55,169,,332,,,b'\x11\xe8\xe1I\xcc0\xdd~\xaf\x82\x12\xdf\x17\xaeN\x1e'
11E8E149-CC30-DD7E-AF82-12DF17AE4E1E,2012-ncaa-d1-conf-Pac-12,ncaa,8,8,5,8,5,12,12,12,9,11,11,5,6,4,9,3,11,11,3,11,9,12,12,7,9,9,4,3,10,12,12,6,3,11,7,9,7,3,6,8,12,12,4,5,,,3,5,,,8,12,12,3,12,12,12,11,11,5,3,11,11,11,12,12,12,7,11,10,3,12,5,,4,,,8,3,4,5,6,8,10,5,3,2,6,1,2,2,8,2,2,4,1,5,5,9,2,3,4,3,3,8,12,5,7,4,2,12,12,9,7,11,8,11,,,12,11,,,8,1,10,9,9,3,4,3,8,10,3,2,2,2,1,2,1,3,8,5,3,12,6,8,,12,,,b'\x11\xe8\xe1I\xcc0\xdd~\xaf\x82\x12\xdf\x17\xaeN\x1e'
11E8E149-CC30-DD7E-AF82-12DF17AE4E1E,2012-ncaa-d1-natl,ncaa,158,173,90,172,90,202,187,227,130,210,281,81,112,106,181,70,269,296,74,293,229,242,290,112,112,94,118,82,266,322,323,46,22,173,133,194,167,27,82,86,339,338,72,77,,,107,203,,,134,257,335,29,247,227,294,251,305,122,116,291,313,314,311,332,334,38,217,221,23,340,78,,77,,,133,62,78,182,41,113,248,25,71,68,153,66,106,111,130,106,74,162,69,31,29,146,114,114,177,67,22,186,323,129,133,16,12,339,339,247,53,130,187,259,,,313,277,,,134,86,138,138,134,44,54,123,88,223,69,55,95,100,98,112,11,36,145,84,10,342,55,171,,331,,,b'\x11\xe8\xe1I\xcc0\xdd~\xaf\x82\x12\xdf\x17\xaeN\x1e'
11E8E149-CC30-DD7E-AF82-12DF17AE4E1E,2013-ncaa-d0-natl,ncaa,50,126,4,93,6,61,68,91,68,102,158,92,44,70,24,99,110,126,125,133,137,96,98,48,47,54,90,78,225,309,337,4,7,42,111,77,151,171,121,87,291,327,85,151,,,255,154,,,76,48,329,144,229,225,334,257,310,102,180,257,267,278,332,338,340,28,250,202,38,339,146,,56,,,86,247,261,327,33,290,331,40,84,179,15,62,220,215,190,215,58,330,283,18,17,96,36,39,175,129,7,320,337,284,111,119,34,307,339,260,167,131,148,135,,,116,177,,,76,300,109,73,79,29,44,101,100,214,17,45,66,65,67,77,11,20,101,42,19,345,57,48,,307,,,b'\x11\xe8\xe1I\xcc0\xdd~\xaf\x82\x12\xdf\x17\xaeN\x1e'
11E8E149-CC30-DD7E-AF82-12DF17AE4E1E,2013-ncaa-d1-conf-Pac-12,ncaa,6,6,3,6,8,9,8,12,3,9,12,3,4,9,1,4,10,10,8,10,8,12,12,3,3,4,4,3,10,12,12,8,2,12,8,9,7,4,8,8,11,10,8,7,,,4,6,,,5,12,12,10,11,10,12,10,12,5,9,11,10,10,12,12,12,8,12,10,4,11,8,,3,,,5,3,5,3,7,7,3,7,1,2,2,2,3,2,10,2,3,2,1,6,4,7,1,1,5,1,2,6,12,2,8,5,7,10,9,9,5,9,5,7,,,10,5,,,5,2,7,5,5,3,5,3,6,4,2,1,3,3,3,1,1,1,5,3,6,11,5,5,,10,,,b'\x11\xe8\xe1I\xcc0\xdd~\xaf\x82\x12\xdf\x17\xaeN\x1e'
11E8E149-CC30-DD7E-AF82-12DF17AE4E1E,2013-ncaa-d1-natl,ncaa,56,126,4,99,6,65,78,107,69,117,175,94,46,76,23,99,120,133,126,143,138,113,116,48,47,54,88,76,220,319,338,4,7,52,114,81,153,153,122,90,303,330,90,154,,,243,158,,,85,54,331,144,237,232,335,262,311,103,177,255,265,278,332,340,340,31,253,209,39,339,151,,56,,,99,233,254,323,35,287,330,42,70,168,15,60,213,203,189,204,59,326,277,20,18,102,37,40,174,114,7,318,338,278,114,108,37,315,341,266,156,133,145,140,,,130,173,,,85,295,113,81,89,30,46,101,103,216,17,42,69,66,67,80,12,20,103,43,21,345,59,51,,310,,,b'\x11\xe8\xe1I\xcc0\xdd~\xaf\x82\x12\xdf\x17\xaeN\x1e'
11E8E149-CC30-DD7E-AF82-12DF17AE4E1E,2014-ncaa-d0-natl,ncaa,221,246,131,240,137,271,258,255,237,269,244,266,154,171,81,126,305,299,256,295,257,272,299,207,233,209,128,86,280,320,340,90,15,214,185,156,55,46,111,73,323,314,124,122,,,165,285,,,230,262,331,58,310,294,302,289,270,145,180,317,311,309,313,332,338,65,238,161,48,330,122,,154,,,228,100,73,128,94,113,192,64,72,68,164,71,219,183,316,179,181,134,61,73,113,232,164,95,287,30,15,251,340,149,185,46,62,343,344,293,105,192,50,84,,,328,307,,,230,85,257,197,237,75,62,84,116,203,63,53,223,183,184,95,15,24,246,139,48,348,116,43,,341,,,b'\x11\xe8\xe1I\xcc0\xdd~\xaf\x82\x12\xdf\x17\xaeN\x1e'
11E8E149-CC30-DD7E-AF82-12DF17AE4E1E,2014-ncaa-d1-conf-Pac-12,ncaa,11,11,4,11,4,11,12,11,12,11,10,12,7,7,8,6,11,11,12,11,10,11,11,12,12,11,4,4,8,11,11,7,3,9,7,10,1,6,9,7,11,9,5,4,,,7,10,,,11,9,12,4,11,12,12,11,10,7,6,11,11,11,11,12,11,6,11,11,5,11,5,,6,,,11,2,2,4,5,5,4,4,3,3,2,3,9,9,12,9,9,4,3,4,4,7,4,3,11,3,3,8,11,7,7,3,5,11,9,8,12,12,4,7,,,11,11,,,11,4,11,6,11,3,2,3,4,4,3,3,9,9,9,3,1,2,9,7,4,11,12,4,,12,,,b'\x11\xe8\xe1I\xcc0\xdd~\xaf\x82\x12\xdf\x17\xaeN\x1e'
11E8E149-CC30-DD7E-AF82-12DF17AE4E1E,2014-ncaa-d1-natl,ncaa,230,244,145,247,151,290,276,277,244,284,262,272,161,179,86,127,313,308,258,306,256,295,316,209,235,212,127,87,283,331,340,101,15,239,194,174,57,30,115,73,329,317,130,125,,,148,286,,,238,294,332,53,311,299,309,293,272,148,179,318,311,310,316,334,339,67,250,174,47,331,124,,154,,,236,79,61,99,99,101,175,69,61,61,166,69,205,177,318,173,181,103,35,78,115,241,162,89,288,23,15,233,340,131,194,39,64,344,344,298,95,193,45,84,,,334,306,,,238,49,264,203,247,79,64,83,120,206,64,53,224,188,188,96,15,24,247,142,48,349,113,46,,342,,,b'\x11\xe8\xe1I\xcc0\xdd~\xaf\x82\x12\xdf\x17\xaeN\x1e'
11E8E149-CC30-DD7E-AF82-12DF17AE4E1E,2015-ncaa-d0-natl,ncaa,267,279,172,277,193,303,291,311,216,277,310,140,218,179,281,98,311,312,217,319,229,314,327,198,217,211,186,150,255,331,315,138,4,252,112,292,243,43,173,203,347,346,184,186,,,137,298,,,253,315,340,107,327,312,334,291,317,212,166,322,318,323,340,346,331,86,270,306,56,347,191,,143,,,253,58,45,60,91,61,161,27,73,17,340,29,218,161,336,169,172,63,21,90,131,264,208,115,288,2,4,121,315,29,112,1,2,348,344,230,120,247,144,258,,,306,181,,,253,38,256,208,254,69,47,48,64,183,77,15,229,170,177,47,4,4,134,34,4,348,144,150,,324,,,b'\x11\xe8\xe1I\xcc0\xdd~\xaf\x82\x12\xdf\x17\xaeN\x1e'
11E8E149-CC30-DD7E-AF82-12DF17AE4E1E,2015-ncaa-d1-conf-Pac-12,ncaa,11,11,8,11,9,12,12,12,9,12,11,8,10,7,10,5,11,11,9,11,6,12,12,8,8,11,6,6,7,12,11,8,2,12,5,11,7,6,11,11,12,12,9,9,,,8,11,,,11,12,12,3,12,12,12,12,11,9,6,11,11,11,12,12,11,8,12,11,7,12,9,,9,,,11,3,1,1,7,1,4,4,4,2,12,2,11,11,12,11,11,2,1,5,9,9,9,5,11,1,2,3,11,3,5,1,1,11,9,5,11,12,8,10,,,11,1,,,11,1,11,8,11,5,1,2,2,5,4,2,11,11,11,2,1,2,6,3,1,11,11,8,,11,,,b'\x11\xe8\xe1I\xcc0\xdd~\xaf\x82\x12\xdf\x17\xaeN\x1e'
11E8E149-CC30-DD7E-AF82-12DF17AE4E1E,2015-ncaa-d1-natl,ncaa,277,279,209,279,232,325,314,335,221,305,327,146,225,192,284,97,325,321,218,326,230,340,345,212,228,217,184,153,250,341,320,169,4,290,122,313,249,32,177,209,347,346,204,190,,,106,298,,,269,345,341,102,332,321,335,299,320,217,165,325,320,324,340,346,337,95,278,314,58,347,195,,144,,,269,35,30,33,103,52,133,29,64,8,341,28,199,140,337,146,175,32,4,99,141,278,207,112,287,2,4,93,320,14,122,1,4,349,344,235,110,250,133,263,,,325,175,,,269,8,262,231,271,71,52,49,74,187,79,15,232,174,181,49,4,4,137,38,6,348,148,157,,325,,,b'\x11\xe8\xe1I\xcc0\xdd~\xaf\x82\x12\xdf\x17\xaeN\x1e'
11E8E149-CC30-DD7E-AF82-12DF17AE4E1E,2016-ncaa-d0-natl,ncaa,119,156,38,149,58,65,69,69,90,59,67,98,137,141,131,212,37,68,39,69,144,68,52,108,85,105,192,215,100,91,117,16,32,25,37,88,180,282,182,154,299,335,59,115,,,244,156,,,153,49,103,225,87,92,141,87,123,179,190,65,109,108,128,111,139,11,24,125,207,330,73,,167,,,156,318,309,327,110,313,341,65,228,199,263,60,309,291,311,288,128,335,289,102,120,263,157,140,233,196,32,232,117,216,37,308,239,321,345,339,313,243,345,323,,,106,214,,,153,301,98,231,152,257,237,312,244,329,190,140,261,235,230,316,211,110,108,89,255,342,254,338,,183,,,b'\x11\xe8\xe1I\xcc0\xdd~\xaf\x82\x12\xdf\x17\xaeN\x1e'
11E8E149-CC30-DD7E-AF82-12DF17AE4E1E,2016-ncaa-d1-conf-Pac-12,ncaa,7,7,5,7,5,5,5,4,9,4,4,8,6,7,7,8,3,5,2,5,4,4,4,8,7,7,5,8,2,2,4,3,3,3,4,9,9,10,8,11,10,12,4,4,,,8,6,,,10,4,3,4,3,3,3,5,4,7,6,3,3,3,2,2,2,3,1,9,10,10,4,,8,,,10,11,10,9,6,11,10,4,7,6,7,5,10,10,12,9,7,9,9,6,8,10,5,6,9,3,3,6,4,6,4,9,5,11,11,12,11,11,12,12,,,5,7,,,10,9,7,10,9,12,12,11,12,11,7,6,11,9,10,12,10,4,7,6,8,11,11,12,,3,,,b'\x11\xe8\xe1I\xcc0\xdd~\xaf\x82\x12\xdf\x17\xaeN\x1e'
11E8E149-CC30-DD7E-AF82-12DF17AE4E1E,2016-ncaa-d1-natl,ncaa,134,156,51,152,76,78,83,81,98,74,82,108,147,159,135,210,46,82,36,82,143,79,62,114,95,114,195,214,93,108,124,20,33,31,40,103,186,264,185,161,315,335,60,121,,,226,161,,,169,61,110,218,90,100,147,95,130,181,193,66,112,112,139,114,149,12,26,132,209,333,75,,171,,,170,310,301,322,128,301,339,71,215,183,266,59,303,279,311,277,129,329,275,116,134,277,156,135,233,165,33,204,124,185,40,303,237,333,347,340,297,245,345,330,,,123,213,,,169,291,109,245,171,261,246,312,253,331,193,143,265,236,231,319,209,113,112,91,263,342,258,340,,183,,,b'\x11\xe8\xe1I\xcc0\xdd~\xaf\x82\x12\xdf\x17\xaeN\x1e'
11E8E149-CC30-DD7E-AF82-12DF17AE4E1E,2017-ncaa-d0-natl,ncaa,150,152,116,162,155,146,135,98,206,105,97,149,242,170,328,201,138,127,207,130,208,101,91,250,251,232,269,265,150,128,188,58,92,65,127,135,136,249,198,187,109,134,23,38,,,147,79,,,174,88,51,268,163,147,88,102,94,251,180,150,132,137,93,66,131,25,40,139,243,113,23,,130,,,174,199,198,282,57,245,309,45,87,106,96,42,228,210,247,211,97,284,255,39,47,99,81,65,215,215,92,287,188,272,127,109,71,201,254,172,313,286,336,318,,,191,286,,,174,256,230,99,176,179,180,296,233,332,72,90,219,197,199,297,273,204,262,246,102,231,299,336,,224,,,b'\x11\xe8\xe1I\xcc0\xdd~\xaf\x82\x12\xdf\x17\xaeN\x1e'
11E8E149-CC30-DD7E-AF82-12DF17AE4E1E,2017-ncaa-d1-conf-Pac-12,ncaa,9,9,8,9,8,12,12,8,11,11,8,11,10,7,12,8,7,7,10,6,6,9,9,11,10,11,7,9,3,8,12,8,6,9,8,10,7,8,8,11,5,6,5,4,,,3,3,,,11,7,2,5,12,12,5,11,7,9,7,6,5,5,6,4,7,4,7,10,10,5,2,,5,,,11,6,8,6,6,10,7,4,4,4,11,3,5,6,8,6,6,6,5,6,6,9,4,4,6,5,6,9,12,9,8,5,6,8,7,8,12,12,9,11,,,9,6,,,11,5,12,8,11,9,11,10,12,10,5,5,7,7,7,11,10,6,10,9,6,6,12,10,,5,,,b'\x11\xe8\xe1I\xcc0\xdd~\xaf\x82\x12\xdf\x17\xaeN\x1e'
11E8E149-CC30-DD7E-AF82-12DF17AE4E1E,2017-ncaa-d1-natl,ncaa,157,151,144,166,198,178,163,126,215,125,123,164,254,191,328,201,160,153,204,157,210,131,116,257,256,237,267,262,154,150,196,66,94,84,137,160,147,231,202,194,133,146,28,39,,,115,81,,,188,113,55,270,171,160,94,107,101,252,183,159,145,150,94,70,139,24,46,155,245,119,23,,130,,,188,162,169,264,67,221,304,49,67,78,102,40,214,195,252,194,98,267,230,46,51,110,77,64,219,194,94,266,196,250,137,92,73,228,259,175,304,290,335,319,,,220,287,,,188,232,236,117,191,187,193,298,241,332,76,90,223,197,200,297,266,207,267,255,107,235,301,339,,223,,,b'\x11\xe8\xe1I\xcc0\xdd~\xaf\x82\x12\xdf\x17\xaeN\x1e'
11E8E149-CC30-DD7E-AF82-12DF17AE4E1E,2018-ncaa-d0-natl,ncaa,118,129,73,131,85,63,63,109,41,67,109,41,126,151,108,188,66,82,83,86,132,98,92,55,50,62,216,208,151,130,110,48,12,56,28,70,123,198,152,98,198,220,54,77,,,171,140,,,63,89,153,145,60,60,160,63,151,150,178,81,122,123,140,154,162,36,62,68,153,230,50,,121,,,63,206,222,257,129,255,294,74,123,78,265,41,174,180,197,175,73,248,215,103,101,164,78,94,162,40,12,116,110,78,28,55,13,223,248,119,247,201,340,316,,,91,134,,,63,263,57,108,65,131,160,189,211,285,97,58,146,139,136,165,106,17,62,33,36,258,199,331,,136,,,b'\x11\xe8\xe1I\xcc0\xdd~\xaf\x82\x12\xdf\x17\xaeN\x1e'
11E8E149-CC30-DD7E-AF82-12DF17AE4E1E,2018-ncaa-d1-conf-Pac-12,ncaa,8,8,8,8,9,8,8,10,6,6,5,6,10,10,6,9,3,2,4,3,3,9,8,5,3,8,8,10,3,7,8,3,2,5,3,8,6,12,12,10,9,9,6,7,,,7,7,,,7,5,1,6,5,8,9,6,5,10,10,1,1,1,7,2,6,2,3,7,12,9,6,,8,,,7,6,6,8,6,6,10,3,5,2,11,1,7,7,7,7,5,7,5,5,4,6,4,4,7,3,2,4,8,3,3,2,1,9,8,6,12,12,12,11,,,1,1,,,7,7,7,6,7,8,8,11,9,11,6,2,7,7,7,9,9,3,6,5,2,8,12,12,,1,,,b'\x11\xe8\xe1I\xcc0\xdd~\xaf\x82\x12\xdf\x17\xaeN\x1e'
11E8E149-CC30-DD7E-AF82-12DF17AE4E1E,2018-ncaa-d1-natl,ncaa,134,129,97,139,108,75,78,134,42,78,140,42,138,169,107,186,81,110,80,117,132,124,122,55,52,62,208,202,142,153,122,52,13,65,29,78,124,176,155,102,220,222,58,82,,,148,141,,,68,118,163,142,66,68,168,66,156,159,181,84,123,126,150,160,172,39,66,76,156,237,51,,123,,,68,177,201,234,143,247,291,80,104,62,275,41,159,161,203,154,76,227,181,119,115,184,75,92,161,26,13,93,122,46,29,41,13,244,254,130,221,204,339,318,,,128,132,,,68,235,59,123,69,140,171,191,224,287,99,57,152,142,137,169,104,20,62,34,36,263,200,333,,140,,,b'\x11\xe8\xe1I\xcc0\xdd~\xaf\x82\x12\xdf\x17\xaeN\x1e'
11E8E149-CC30-DD7E-AF82-12DF17AE4E1E,2019-ncaa-d0-natl,ncaa,95,57,173,73,208,75,68,184,14,104,236,21,50,116,13,94,198,263,17,261,215,203,250,12,14,16,124,82,298,268,181,139,26,191,50,32,31,42,90,23,145,99,99,104,,,27,37,,,46,231,210,181,34,29,156,73,235,46,95,185,269,267,193,260,270,96,183,12,78,134,88,,30,,,39,133,197,146,250,240,181,270,90,101,132,136,68,55,219,47,55,113,89,235,218,242,42,94,78,22,26,26,181,17,50,101,53,254,211,189,66,114,265,283,,,311,311,,,46,132,16,186,37,167,236,159,265,214,98,113,78,70,61,112,82,26,30,19,112,249,99,278,,323,,,b'\x11\xe8\xe1I\xcc0\xdd~\xaf\x82\x12\xdf\x17\xaeN\x1e'
11E8E149-CC30-DD7E-AF82-12DF17AE4E1E,2019-ncaa-d1-conf-Pac-12,ncaa,7,6,7,7,9,6,6,12,3,10,12,4,5,6,2,4,4,6,3,6,2,11,9,3,2,3,2,4,4,10,9,4,4,8,7,2,1,10,10,4,7,6,8,7,,,4,6,,,5,8,2,6,6,6,11,10,10,4,5,3,5,5,10,8,10,3,8,2,10,6,8,,6,,,5,4,4,4,6,8,8,6,2,3,2,4,7,6,8,6,5,5,4,5,5,7,2,2,9,4,4,4,9,3,7,3,4,7,8,7,9,12,10,12,,,9,6,,,5,5,6,5,5,5,6,9,10,10,2,4,7,7,6,8,8,5,5,4,4,7,11,10,,7,,,b'\x11\xe8\xe1I\xcc0\xdd~\xaf\x82\x12\xdf\x17\xaeN\x1e'
11E8E149-CC30-DD7E-AF82-12DF17AE4E1E,2019-ncaa-d1-natl,ncaa,93,57,155,75,193,66,63,176,13,95,238,20,50,106,8,92,193,263,15,258,210,196,244,9,9,10,114,79,298,278,189,150,27,214,58,24,32,38,82,16,130,89,91,99,,,27,39,,,47,222,200,180,31,26,155,69,236,37,94,178,261,258,186,253,279,114,211,11,70,115,85,,34,,,39,159,218,144,281,248,176,288,115,107,196,146,74,62,232,58,61,108,94,264,254,268,54,114,78,21,27,21,189,9,58,120,59,252,209,194,58,104,269,295,,,305,307,,,47,133,16,215,38,189,245,151,268,207,121,123,85,76,67,107,86,21,34,20,131,242,87,282,,320,,,b'\x11\xe8\xe1I\xcc0\xdd~\xaf\x82\x12\xdf\x17\xaeN\x1e'
11E8E149-CC30-DD7E-AF82-12DF17AE4E1E,2020-ncaa-d0-natl,ncaa,182,216,33,200,53,71,89,132,83,194,265,96,14,38,28,46,158,200,97,202,130,146,117,48,51,74,41,29,262,223,233,104,227,151,204,67,97,241,199,128,201,251,180,213,,,210,119,,,229,84,172,138,110,128,218,252,304,27,57,202,244,243,231,237,261,163,237,86,190,236,203,,155,,,227,333,313,316,228,266,278,149,342,303,339,234,276,235,333,235,158,321,299,270,278,317,290,296,164,296,227,195,233,249,204,333,284,247,306,331,250,228,233,266,,,182,223,,,229,281,87,319,222,304,285,289,208,225,329,270,237,192,193,282,220,253,112,176,317,287,211,197,,244,,,b'\x11\xe8\xe1I\xcc0\xdd~\xaf\x82\x12\xdf\x17\xaeN\x1e'
11E8E149-CC30-DD7E-AF82-12DF17AE4E1E,2020-ncaa-d1-conf-Pac-12,ncaa,8,8,3,8,8,7,8,7,7,12,12,8,3,2,4,2,7,7,6,5,2,7,6,6,5,5,1,2,6,9,9,5,9,9,10,6,6,12,12,9,9,11,9,10,,,10,7,,,11,6,2,10,7,10,11,12,12,3,2,7,7,5,10,7,9,5,10,7,11,11,10,,9,,,11,11,11,10,11,11,9,10,12,10,11,7,12,12,11,12,12,12,9,11,11,12,12,10,11,9,9,8,9,9,10,12,11,9,11,11,9,9,8,11,,,5,6,,,11,9,7,12,11,11,11,10,10,9,12,9,12,12,12,12,9,9,8,8,12,11,9,8,,6,,,b'\x11\xe8\xe1I\xcc0\xdd~\xaf\x82\x12\xdf\x17\xaeN\x1e'
11E8E149-CC30-DD7E-AF82-12DF17AE4E1E,2020-ncaa-d1-natl,ncaa,199,215,45,208,72,87,106,165,87,226,283,104,25,47,30,44,182,225,97,225,135,184,158,52,53,76,40,28,257,245,242,132,233,196,217,76,98,225,206,133,227,258,195,218,,,178,127,,,245,120,174,132,117,143,229,264,305,30,57,206,246,243,244,244,269,167,244,90,192,246,205,,159,,,243,325,305,304,238,253,259,161,339,292,341,230,260,217,333,218,161,310,271,281,293,324,290,295,166,284,233,165,242,221,217,330,287,274,311,333,237,231,217,272,,,216,220,,,245,249,94,327,234,307,292,292,216,230,331,272,241,196,196,284,219,259,113,181,321,295,214,196,,240,,,b'\x11\xe8\xe1I\xcc0\xdd~\xaf\x82\x12\xdf\x17\xaeN\x1e'
11E8E149-CC30-DD7E-AF82-12DF17AE4E1E,2021-ncaa-d0-natl,ncaa,265,296,191,291,206,219,252,231,274,274,268,247,138,120,201,48,158,158,186,153,22,221,212,230,216,245,33,60,60,177,118,240,292,219,218,243,179,230,286,286,173,143,88,84,,,139,161,,,310,217,225,224,255,304,287,320,320,100,75,119,114,111,252,215,136,270,238,264,273,145,86,,167,,,301,188,183,149,264,161,158,181,247,171,331,188,190,148,318,147,164,152,135,287,298,314,259,256,164,206,292,120,118,137,218,206,208,239,250,283,257,300,267,329,,,196,146,,,310,126,239,321,303,275,249,199,188,187,293,199,224,183,178,206,145,264,114,172,247,252,289,298,,161,,,b'\x11\xe8\xe1I\xcc0\xdd~\xaf\x82\x12\xdf\x17\xaeN\x1e'
11E8E149-CC30-DD7E-AF82-12DF17AE4E1E,2021-ncaa-d1-conf-Pac-12,ncaa,10,12,3,11,5,7,7,7,10,8,7,8,4,3,10,1,2,1,8,1,1,5,3,10,9,9,2,6,2,4,7,7,10,5,9,8,10,12,10,11,6,8,7,9,,,10,9,,,11,5,1,9,9,10,10,11,12,6,3,2,2,2,7,3,7,10,9,11,10,6,8,,12,,,11,12,12,9,10,11,10,8,11,10,12,7,11,9,11,9,8,9,9,10,11,11,10,8,8,11,10,8,7,8,9,11,8,6,9,9,12,9,10,9,,,2,3,,,11,8,9,11,11,12,11,9,11,9,9,6,12,11,11,9,10,10,7,9,10,9,10,8,,4,,,b'\x11\xe8\xe1I\xcc0\xdd~\xaf\x82\x12\xdf\x17\xaeN\x1e'
11E8E149-CC30-DD7E-AF82-12DF17AE4E1E,2021-ncaa-d1-natl,ncaa,277,294,206,300,222,229,266,246,277,283,279,258,150,128,200,47,165,166,186,163,21,236,229,236,219,251,30,57,60,191,125,247,293,236,228,255,185,216,291,294,189,152,95,83,,,123,164,,,315,226,227,225,261,306,290,326,323,101,76,117,117,113,255,218,140,274,243,271,275,149,88,,167,,,306,171,166,134,269,147,143,188,236,155,334,184,182,138,319,137,166,135,119,290,300,315,256,256,162,196,293,110,125,122,228,195,209,252,259,289,250,302,263,331,,,208,138,,,315,116,246,324,309,278,260,199,195,192,292,196,228,186,180,207,142,265,120,176,252,258,292,302,,163,,,b'\x11\xe8\xe1I\xcc0\xdd~\xaf\x82\x12\xdf\x17\xaeN\x1e'
11E8E149-CC30-DD7E-AF82-12DF17AE4E1E,2022-ncaa-d0-natl,ncaa,67,106,27,91,30,17,36,50,42,121,218,20,7,9,22,22,11,31,15,28,8,40,41,16,6,14,11,20,124,35,35,60,131,38,43,30,84,268,117,72,178,265,173,241,,,299,182,,,55,54,156,142,15,50,124,220,331,6,17,32,74,74,93,113,75,135,85,32,144,261,214,,186,,,55,343,341,326,268,345,319,273,263,278,151,143,301,291,271,292,162,332,313,240,248,291,94,110,158,259,131,193,35,216,43,325,172,179,299,299,253,113,350,354,,,13,40,,,55,311,8,278,53,270,281,243,292,243,166,172,213,203,206,245,188,151,30,48,254,291,141,338,,40,,,b'\x11\xe8\xe1I\xcc0\xdd~\xaf\x82\x12\xdf\x17\xaeN\x1e'
11E8E149-CC30-DD7E-AF82-12DF17AE4E1E,2022-ncaa-d1-conf-Pac-12,ncaa,3,5,1,5,3,2,3,4,4,8,9,3,1,1,3,1,1,2,1,2,1,5,1,2,2,2,1,1,4,4,3,4,10,4,4,6,9,12,9,9,7,9,7,12,,,11,6,,,6,1,3,5,2,3,5,11,12,1,1,1,2,2,5,1,5,6,5,8,10,9,9,,8,,,6,12,12,12,10,12,12,10,11,8,6,7,11,9,10,9,5,12,12,9,9,12,3,4,5,11,10,6,3,10,4,12,10,7,9,11,10,8,11,12,,,1,1,,,6,12,3,11,6,12,12,10,11,10,9,8,9,6,6,10,10,10,3,7,11,9,10,11,,1,,,b'\x11\xe8\xe1I\xcc0\xdd~\xaf\x82\x12\xdf\x17\xaeN\x1e'
11E8E149-CC30-DD7E-AF82-12DF17AE4E1E,2022-ncaa-d1-natl,ncaa,74,106,32,96,38,19,40,63,42,149,253,25,7,12,21,22,18,43,15,39,6,50,49,19,6,14,10,20,115,45,37,73,140,46,53,32,86,244,124,78,206,280,184,254,,,286,187,,,65,67,164,137,17,55,140,235,334,9,19,33,78,75,107,121,81,150,92,39,147,278,223,,188,,,68,338,337,319,282,344,313,289,241,264,165,143,288,278,279,279,161,329,307,262,262,307,92,110,160,232,140,161,37,185,53,321,175,220,306,306,224,123,350,354,,,18,34,,,65,298,8,298,63,281,293,247,299,245,169,173,223,208,210,244,189,148,32,53,255,295,147,340,,39,,,b'\x11\xe8\xe1I\xcc0\xdd~\xaf\x82\x12\xdf\x17\xaeN\x1e'
11E8E149-CC30-DD7E-AF82-12DF17AE4E1E,2022-ncaa-d1-ncaatournament,ncaa,17,2,17,17,18,19,19,33,4,27,35,2,10,14,7,4,35,34,39,33,20,34,27,1,1,9,10,5,61,38,42,21,26,29,13,18,13,54,63,39,48,64,44,57,,,38,20,,,23,24,23,5,9,13,57,34,66,2,9,57,55,50,59,42,54,20,40,4,62,63,52,,19,,,23,47,53,49,52,56,51,51,20,34,14,12,19,30,3,29,5,46,45,44,36,44,1,10,3,36,26,32,42,33,13,33,3,39,61,43,54,58,45,60,,,33,53,,,23,46,8,40,23,41,59,59,64,62,10,17,5,12,11,49,34,28,4,5,17,60,52,51,,54,,,b'\x11\xe8\xe1I\xcc0\xdd~\xaf\x82\x12\xdf\x17\xaeN\x1e'
11E8E149-CC30-DD7E-AF82-12DF17AE4E1E,2023-ncaa-d0-natl,ncaa,22,6,81,12,97,16,27,89,4,45,197,4,27,37,33,78,11,25,21,25,9,72,84,4,2,4,77,115,100,173,115,81,65,108,43,15,24,141,73,13,164,222,108,154,,,274,195,,,11,61,48,252,3,9,99,38,258,23,47,4,23,23,63,97,216,89,139,6,94,203,127,,231,,,8,282,290,290,175,306,319,130,177,153,232,82,220,253,38,259,143,295,291,153,129,149,87,126,161,129,65,53,115,63,43,278,202,122,193,216,59,24,351,355,,,14,4,,,11,303,4,105,9,215,234,264,254,307,134,110,176,219,223,267,270,81,17,19,235,162,37,350,,1,,,b'\x11\xe8\xe1I\xcc0\xdd~\xaf\x82\x12\xdf\x17\xaeN\x1e'
11E8E149-CC30-DD7E-AF82-12DF17AE4E1E,2023-ncaa-d1-conf-Pac-12,ncaa,2,1,11,2,11,4,6,12,1,10,12,1,2,2,1,1,2,4,2,4,1,12,11,1,1,1,1,1,2,12,8,11,6,11,6,4,1,3,7,3,11,10,10,9,,,6,8,,,2,11,2,10,1,1,8,5,12,1,1,1,1,1,6,6,10,8,11,1,9,10,9,,7,,,2,5,7,3,10,8,5,9,3,3,8,4,5,7,2,6,8,4,2,10,10,10,4,5,5,2,6,1,8,1,6,8,7,10,8,8,4,5,12,12,,,1,1,,,2,2,1,10,2,10,10,8,11,10,6,4,7,8,8,7,9,4,3,2,9,8,5,12,,1,,,b'\x11\xe8\xe1I\xcc0\xdd~\xaf\x82\x12\xdf\x17\xaeN\x1e'
11E8E149-CC30-DD7E-AF82-12DF17AE4E1E,2023-ncaa-d1-natl,ncaa,22,6,103,12,131,17,29,106,4,52,236,4,31,52,32,79,11,28,19,29,9,85,102,4,2,4,74,116,96,205,126,107,74,132,45,15,25,107,76,13,197,234,114,159,,,255,202,,,11,75,52,245,4,9,108,40,261,25,51,5,24,24,68,101,225,94,152,6,96,213,129,,235,,,8,261,274,271,189,287,308,146,164,133,246,81,203,238,42,245,152,274,270,176,153,169,83,125,161,102,74,31,126,31,45,270,204,154,199,233,48,27,351,356,,,14,4,,,11,289,4,127,9,228,249,266,262,309,145,109,183,224,228,268,265,85,17,19,247,177,39,350,,1,,,b'\x11\xe8\xe1I\xcc0\xdd~\xaf\x82\x12\xdf\x17\xaeN\x1e'
11E8E149-CC30-DD7E-AF82-12DF17AE4E1E,2023-ncaa-d1-ncaatournament,ncaa,9,2,9,9,10,11,14,17,9,14,18,3,16,14,31,34,5,5,37,5,1,16,14,9,7,10,17,45,4,18,36,9,32,15,19,9,4,61,57,31,12,23,14,35,,,55,35,,,11,11,9,7,9,26,62,26,56,33,33,1,1,1,38,26,43,7,18,9,56,18,28,,38,,,11,59,59,60,11,59,60,19,51,57,17,39,59,59,31,59,38,60,60,10,10,12,36,34,42,61,32,51,36,58,19,55,18,15,46,21,59,48,62,49,,,6,4,,,11,60,13,16,11,29,26,58,34,48,25,46,40,42,41,56,59,47,10,24,20,38,48,43,,3,,,b'\x11\xe8\xe1I\xcc0\xdd~\xaf\x82\x12\xdf\x17\xaeN\x1e'
11E8E149-CC30-DD7E-AF82-12DF17AE4E1E,2024-ncaa-d0-natl,ncaa,76,72,94,77,103,49,44,93,18,133,308,6,5,7,38,3,260,296,64,298,193,122,139,9,9,11,29,7,357,168,157,94,4,116,32,20,17,90,78,12,107,100,255,287,,,110,97,,,26,134,205,115,25,27,87,161,339,4,7,304,322,326,158,219,203,86,134,10,69,124,278,,73,,,23,189,249,210,253,253,254,197,193,127,319,122,23,26,132,26,19,174,177,252,208,182,67,205,17,7,4,130,157,53,32,251,204,154,142,208,194,175,340,358,,,191,234,,,26,235,13,109,23,124,208,139,219,213,173,84,15,20,21,71,72,5,76,18,207,181,156,331,,256,,,b'\x11\xe8\xe1I\xcc0\xdd~\xaf\x82\x12\xdf\x17\xaeN\x1e'
11E8E149-CC30-DD7E-AF82-12DF17AE4E1E,2024-ncaa-d1-conf-Pac-12,ncaa,5,5,3,5,6,5,6,7,5,8,12,1,1,1,8,1,9,10,2,10,3,6,7,2,1,3,2,2,9,7,6,6,2,6,5,3,3,10,10,4,5,5,12,12,,,5,5,,,6,6,5,7,5,5,9,10,12,1,1,10,10,10,8,8,7,7,7,3,9,5,12,,5,,,6,7,9,6,9,9,8,7,6,5,11,4,2,5,3,5,5,3,4,8,8,7,4,7,2,2,2,6,6,2,5,7,8,5,4,5,12,11,10,12,,,6,4,,,6,7,3,6,6,6,7,4,8,5,6,4,2,4,4,1,1,2,5,3,7,5,12,10,,5,,,b'\x11\xe8\xe1I\xcc0\xdd~\xaf\x82\x12\xdf\x17\xaeN\x1e'
11E8E149-CC30-DD7E-AF82-12DF17AE4E1E,2024-ncaa-d1-natl,ncaa,57,72,38,72,47,19,19,56,13,97,295,3,4,5,24,6,250,280,72,285,192,94,105,3,8,9,30,7,359,164,145,62,4,79,23,7,12,112,79,12,99,109,233,277,,,130,88,,,15,91,209,128,22,20,98,144,343,4,7,301,321,328,171,235,223,84,134,6,70,134,268,,72,,,17,236,283,264,243,278,291,185,227,154,316,132,33,35,150,36,18,228,240,235,198,184,71,217,19,18,4,143,145,59,23,282,215,138,158,223,207,173,342,357,,,164,224,,,15,278,10,111,14,118,202,150,206,214,181,95,14,17,19,78,69,5,48,11,221,192,143,326,,254,,,b'\x11\xe8\xe1I\xcc0\xdd~\xaf\x82\x12\xdf\x17\xaeN\x1e'
11E8E149-CC30-DD7E-AF82-12DF17AE4E1E,2024-ncaa-d1-ncaatournament,ncaa,17,3,17,17,19,29,22,24,25,28,35,5,19,14,43,3,39,43,3,43,50,32,32,20,21,17,23,9,57,39,54,25,16,31,39,19,8,35,22,8,15,14,27,24,,,48,59,,,22,32,47,5,34,24,38,36,63,14,4,56,60,57,51,58,52,26,47,8,17,16,33,,53,,,22,38,34,35,23,27,36,3,49,38,64,28,58,58,27,58,59,35,34,35,39,34,65,57,59,31,16,49,54,40,39,35,40,23,18,20,24,8,38,47,,,33,43,,,22,37,25,28,23,20,6,8,5,15,44,22,57,60,59,12,9,15,45,26,18,23,7,31,,54,,,b'\x11\xe8\xe1I\xcc0\xdd~\xaf\x82\x12\xdf\x17\xaeN\x1e'
11E8E149-CC30-DD7E-AF82-12DF17AE4E1E,2025-ncaa-d0-natl,genius_ncaa,71,53,135,61,145,61,66,145,15,167,321,8,11,17,15,11,146,190,65,180,47,151,147,5,4,14,19,12,287,220,173,109,7,153,38,23,10,178,164,36,162,157,168,178,,,142,145,,303,39,132,122,108,28,45,141,188,340,6,10,152,205,191,151,156,242,93,162,7,178,167,181,,122,,309,33,154,187,166,216,182,197,173,213,155,289,185,66,47,329,45,48,139,183,223,213,158,150,242,62,10,7,82,173,24,38,204,204,111,86,138,127,126,122,262,,,90,59,,2,39,226,24,100,37,133,175,133,162,166,205,128,64,45,44,92,118,8,54,19,195,105,133,121,,71,,3,b'\x11\xe8\xe1I\xcc0\xdd~\xaf\x82\x12\xdf\x17\xaeN\x1e'
11E8E149-CC30-DD7E-AF82-12DF17AE4E1E,2025-ncaa-d1-conf-Big 12,genius_ncaa,6,4,11,6,13,7,8,14,5,11,16,3,2,1,6,1,11,11,6,11,6,13,13,4,3,4,1,1,10,9,4,8,2,7,2,5,2,11,13,5,11,11,12,15,,,4,4,,9,6,13,11,4,5,5,10,11,16,1,1,9,10,10,10,8,7,5,4,3,13,11,11,,5,,10,6,3,4,5,9,4,8,2,10,4,14,6,1,1,11,1,1,2,2,10,8,7,8,10,2,2,2,1,4,1,2,8,9,11,8,9,12,13,2,11,,,7,6,,2,6,2,3,7,6,7,9,9,6,12,10,6,1,1,1,4,4,2,3,3,9,10,13,3,,6,,2,b'\x11\xe8\xe1I\xcc0\xdd~\xaf\x82\x12\xdf\x17\xaeN\x1e'
11E8E149-CC30-DD7E-AF82-12DF17AE4E1E,2025-ncaa-d1-natl,genius_ncaa,78,53,172,65,183,70,80,180,16,205,335,9,14,23,16,14,174,212,65,201,46,187,189,6,5,17,17,12,286,250,186,135,7,191,40,26,11,153,174,38,184,174,198,189,,,116,152,,297,44,168,133,93,30,49,155,199,341,6,11,150,203,190,166,165,253,97,177,7,182,181,187,,126,,310,37,125,164,128,224,162,159,178,194,130,296,179,55,40,333,39,47,95,131,237,218,175,149,241,63,7,7,58,186,15,40,188,207,132,97,154,107,134,106,268,,,106,58,,2,44,190,27,114,41,146,188,137,173,170,210,131,66,47,48,96,116,8,54,18,206,116,132,127,,68,,3,b'\x11\xe8\xe1I\xcc0\xdd~\xaf\x82\x12\xdf\x17\xaeN\x1e'
11E8E149-CC30-DD7E-AF82-12DF17AE4E1E,2025-ncaa-d1-ncaatournament,genius_ncaa,37,2,37,37,38,40,40,55,23,47,66,2,32,32,42,4,53,53,56,53,30,55,61,19,20,16,19,10,56,57,56,53,1,58,27,39,19,7,21,9,62,59,52,48,,,8,38,,9,35,58,51,7,25,23,37,39,66,5,4,50,49,49,40,57,54,47,57,16,13,60,48,,13,,13,38,17,16,3,66,21,2,68,9,9,21,41,19,14,64,14,48,1,1,65,65,63,17,16,38,1,1,6,56,1,27,23,55,54,31,51,9,24,1,4,,,54,39,,32,35,7,18,54,39,46,46,5,53,7,21,24,44,36,32,3,1,1,31,1,52,43,19,2,,46,,15,b'\x11\xe8\xe1I\xcc0\xdd~\xaf\x82\x12\xdf\x17\xaeN\x1e'
11E8E149-CC30-DD7E-AF82-12DF17AE4E1E,2026-ncaa-d0-natl,genius_ncaa,87,80,116,95,142,128,103,159,61,169,252,57,16,37,31,12,348,351,201,354,358,191,199,28,50,72,62,9,363,264,292,53,32,119,89,53,16,200,209,60,246,289,154,192,,,78,26,,153,81,179,209,97,119,72,168,207,330,7,22,360,362,362,279,297,316,15,90,27,171,290,169,,24,,148,83,137,161,255,40,119,238,28,268,278,168,277,36,42,121,45,20,223,180,46,28,71,226,329,27,140,32,188,292,176,89,130,111,250,307,213,221,230,346,355,,,285,342,,53,81,190,101,73,73,80,111,283,70,232,267,279,27,23,25,224,121,110,142,121,92,307,198,336,,351,,61,b'\x11\xe8\xe1I\xcc0\xdd~\xaf\x82\x12\xdf\x17\xaeN\x1e'
11E8E149-CC30-DD7E-AF82-12DF17AE4E1E,2026-ncaa-d1-natl,genius_ncaa,74,80,85,97,117,113,93,136,70,179,275,62,10,21,41,13,331,344,109,347,341,174,158,34,51,77,37,10,360,266,271,28,33,76,73,31,15,224,217,64,290,326,174,228,,,84,31,,178,93,143,211,100,130,93,186,245,340,9,24,351,359,359,275,282,303,16,88,28,185,325,199,,34,,151,95,182,191,292,44,143,266,31,290,293,206,255,72,60,188,65,34,258,216,60,39,115,243,318,50,139,33,196,271,184,73,151,100,282,320,250,239,245,341,355,,,254,314,,31,93,229,102,107,90,106,129,283,87,247,271,277,48,38,41,236,113,94,138,104,94,323,214,329,,330,,43,b'\x11\xe8\xe1I\xcc0\xdd~\xaf\x82\x12\xdf\x17\xaeN\x1e'
11E8E149-CC35-1790-AF82-12DF17AE4E1E,2010-ncaa-d0-natl,ncaa,219,202,241,224,278,271,257,284,195,253,251,249,198,247,82,188,293,301,189,302,267,294,297,194,208,213,160,121,237,312,292,275,224,307,288,267,242,110,225,233,166,101,50,34,,,103,210,,,211,284,240,283,265,255,270,244,220,167,225,285,287,288,284,286,305,260,310,262,173,126,34,,159,,,215,46,45,63,131,46,109,49,135,37,333,87,120,71,339,68,102,53,61,137,177,141,219,203,212,104,224,116,292,103,288,120,248,188,109,154,224,284,18,35,,,304,236,,,211,59,240,143,219,110,85,95,95,178,173,54,161,104,103,79,99,170,207,198,174,141,261,29,,288,,,b'\x11\xe8\xe1I\xcc5\x17\x90\xaf\x82\x12\xdf\x17\xaeN\x1e'
11E8E149-CC35-1790-AF82-12DF17AE4E1E,2010-ncaa-d1-conf-WAC,ncaa,7,7,5,7,7,8,8,7,8,9,8,9,4,5,4,4,7,9,3,9,9,7,8,8,8,8,4,4,5,9,9,8,7,8,9,8,5,5,6,7,5,4,1,1,,,2,5,,,7,8,6,6,8,8,6,9,7,4,5,8,9,9,7,9,9,8,9,7,6,3,1,,4,,,7,2,3,3,4,3,5,1,3,1,7,3,5,3,9,3,4,2,2,5,5,5,5,4,7,6,7,5,9,5,9,5,6,4,3,3,9,8,2,3,,,9,9,,,7,2,8,5,7,4,3,5,2,5,4,3,5,4,4,3,4,7,7,8,6,3,8,3,,9,,,b'\x11\xe8\xe1I\xcc5\x17\x90\xaf\x82\x12\xdf\x17\xaeN\x1e'
11E8E149-CC35-1790-AF82-12DF17AE4E1E,2010-ncaa-d1-natl,ncaa,206,202,191,208,258,260,248,271,197,244,240,244,179,219,89,168,283,297,190,297,272,287,289,194,208,214,155,111,246,301,285,270,212,296,275,257,230,116,217,220,146,97,51,34,,,122,212,,,192,270,248,285,263,244,257,244,221,161,206,285,290,287,278,284,293,265,302,254,163,124,34,,160,,,192,54,41,64,123,53,119,47,135,32,332,73,139,87,335,85,118,49,70,127,165,126,221,196,224,107,212,137,285,123,275,134,259,169,90,142,244,284,20,32,,,294,247,,,192,69,236,126,198,83,70,82,79,164,158,45,164,110,108,65,87,154,208,191,170,132,262,26,,290,,,b'\x11\xe8\xe1I\xcc5\x17\x90\xaf\x82\x12\xdf\x17\xaeN\x1e'
11E8E149-CC35-1790-AF82-12DF17AE4E1E,2011-ncaa-d0-natl,ncaa,123,134,77,137,97,65,63,82,55,40,56,69,224,241,172,278,55,55,129,49,145,75,71,100,88,79,279,291,123,218,283,161,257,191,292,26,29,197,116,40,28,36,53,61,,,189,76,,,172,49,48,140,63,54,109,29,61,241,265,63,60,58,77,94,268,236,280,21,148,25,53,,139,,,172,324,331,289,304,316,256,311,311,296,251,265,159,135,257,136,97,286,292,313,299,266,146,236,55,264,257,289,283,297,292,341,342,53,106,309,338,312,223,122,,,65,150,,,172,290,118,269,186,300,313,265,292,205,293,278,128,103,103,247,289,237,237,247,338,77,318,199,,101,,,b'\x11\xe8\xe1I\xcc5\x17\x90\xaf\x82\x12\xdf\x17\xaeN\x1e'
11E8E149-CC35-1790-AF82-12DF17AE4E1E,2011-ncaa-d1-conf-WAC,ncaa,3,3,1,3,4,3,3,4,1,1,2,2,6,6,4,8,3,3,5,3,7,3,3,2,4,3,9,8,7,7,7,6,8,6,8,2,1,4,4,2,2,2,1,1,,,7,5,,,3,2,1,5,3,3,4,1,2,6,6,3,4,4,3,3,7,6,7,2,4,2,1,,5,,,3,8,9,8,6,8,4,8,7,8,2,6,3,2,5,2,4,8,8,7,7,4,5,6,2,9,8,6,7,7,8,9,9,2,2,6,9,9,7,5,,,3,6,,,3,8,3,5,4,8,8,7,8,4,6,7,3,2,2,6,8,9,5,7,9,2,9,6,,4,,,b'\x11\xe8\xe1I\xcc5\x17\x90\xaf\x82\x12\xdf\x17\xaeN\x1e'
11E8E149-CC35-1790-AF82-12DF17AE4E1E,2011-ncaa-d1-natl,ncaa,128,152,51,148,73,58,52,70,60,36,46,74,216,224,167,278,56,45,153,43,144,61,55,106,94,87,279,289,129,216,289,144,250,179,304,23,32,214,114,41,23,32,58,69,,,226,89,,,183,38,43,143,66,56,105,29,60,239,260,73,63,60,76,91,273,241,284,22,146,24,66,,164,,,183,334,337,302,309,320,264,314,324,306,257,270,184,168,254,169,122,297,300,320,309,271,162,239,68,274,250,315,289,320,304,343,342,41,100,310,337,310,236,130,,,58,143,,,183,302,126,267,195,304,312,260,285,195,299,282,142,125,127,247,289,223,263,257,340,65,315,202,,92,,,b'\x11\xe8\xe1I\xcc5\x17\x90\xaf\x82\x12\xdf\x17\xaeN\x1e'
11E8E149-CC35-1790-AF82-12DF17AE4E1E,2012-ncaa-d0-natl,ncaa,87,54,163,75,221,74,105,198,27,113,168,62,113,218,4,233,15,54,3,55,43,165,191,25,12,14,83,169,24,265,212,265,248,280,233,58,49,68,88,31,65,51,118,93,,,60,43,,,92,165,95,262,23,69,178,85,154,98,216,5,31,30,135,182,269,282,297,33,89,43,106,,67,,,84,229,280,175,317,257,103,330,280,284,213,297,55,56,164,52,79,140,174,321,311,269,115,266,28,162,248,64,212,86,233,295,248,102,80,214,141,164,150,144,,,145,101,,,92,178,20,258,89,265,301,209,283,122,281,295,64,52,53,171,217,191,79,115,301,76,154,165,,117,,,b'\x11\xe8\xe1I\xcc5\x17\x90\xaf\x82\x12\xdf\x17\xaeN\x1e'
11E8E149-CC35-1790-AF82-12DF17AE4E1E,2012-ncaa-d1-conf-WAC,ncaa,2,2,3,2,4,2,2,3,1,2,4,2,3,4,1,4,1,1,1,1,2,3,3,1,1,1,3,3,3,7,6,6,7,7,5,2,1,2,3,2,2,2,1,1,,,2,1,,,2,3,5,5,2,2,4,2,4,3,6,1,3,3,5,6,7,6,8,1,2,2,1,,1,,,2,5,8,6,7,8,5,7,4,5,6,5,2,2,2,2,1,5,5,7,7,6,2,4,1,6,7,2,6,2,5,6,6,3,2,3,4,4,5,4,,,2,3,,,2,6,2,4,2,5,7,5,7,6,3,4,1,2,2,4,5,6,2,2,6,2,4,4,,3,,,b'\x11\xe8\xe1I\xcc5\x17\x90\xaf\x82\x12\xdf\x17\xaeN\x1e'
11E8E149-CC35-1790-AF82-12DF17AE4E1E,2012-ncaa-d1-natl,ncaa,81,54,137,71,181,55,87,189,19,88,151,54,101,206,4,226,18,64,3,62,58,148,185,21,11,12,94,164,37,263,209,260,248,276,228,41,47,80,93,27,49,47,115,90,,,59,37,,,77,139,106,262,21,58,178,76,151,99,215,7,47,43,142,193,272,281,299,24,92,40,106,,57,,,74,251,294,195,314,268,109,330,293,291,223,303,55,56,149,54,79,157,196,322,309,262,127,273,26,171,248,61,209,94,228,303,254,88,81,223,151,169,147,132,,,151,132,,,77,196,19,258,78,264,298,208,279,111,293,296,58,54,52,165,212,186,69,103,298,78,158,147,,146,,,b'\x11\xe8\xe1I\xcc5\x17\x90\xaf\x82\x12\xdf\x17\xaeN\x1e'
11E8E149-CC35-1790-AF82-12DF17AE4E1E,2013-ncaa-d0-natl,ncaa,128,126,120,136,120,23,41,45,81,93,159,59,18,19,68,41,21,73,2,75,76,46,49,53,33,26,40,50,132,269,321,79,283,146,315,89,231,154,68,88,19,39,57,84,,,322,222,,,141,18,4,4,5,19,8,88,165,16,14,10,72,75,9,14,282,47,163,67,149,10,50,,325,,,142,343,325,319,247,312,299,260,302,306,179,223,341,342,231,342,319,334,327,246,274,288,265,174,286,332,283,325,321,337,315,344,339,113,256,324,196,121,125,122,,,110,245,,,141,318,55,304,152,344,329,339,315,313,299,307,341,343,343,342,342,337,329,339,342,115,191,127,,113,,,b'\x11\xe8\xe1I\xcc5\x17\x90\xaf\x82\x12\xdf\x17\xaeN\x1e'
11E8E149-CC35-1790-AF82-12DF17AE4E1E,2013-ncaa-d1-conf-WAC,ncaa,2,2,3,2,3,1,1,1,2,4,6,2,2,3,1,3,1,4,1,4,1,1,2,1,1,1,3,4,4,9,9,3,10,6,9,3,5,5,4,1,2,3,2,2,,,9,6,,,1,2,2,1,1,1,1,5,6,2,3,1,4,4,1,2,9,4,7,2,5,2,2,,9,,,1,10,6,8,3,5,7,3,8,7,2,7,10,10,8,10,9,10,10,3,4,5,9,4,8,10,10,6,9,10,9,9,8,4,5,5,5,5,2,1,,,4,6,,,1,9,1,6,2,9,6,9,6,7,7,8,10,10,10,9,9,9,7,8,7,5,5,2,,4,,,b'\x11\xe8\xe1I\xcc5\x17\x90\xaf\x82\x12\xdf\x17\xaeN\x1e'
11E8E149-CC35-1790-AF82-12DF17AE4E1E,2013-ncaa-d1-natl,ncaa,121,126,90,130,89,20,37,35,82,95,159,54,16,14,71,41,15,68,2,72,67,32,34,52,30,28,39,48,120,268,324,59,285,130,317,77,227,192,81,100,18,34,54,82,,,322,207,,,143,13,4,5,5,22,9,97,186,17,15,12,73,75,12,15,287,45,175,70,160,9,51,,319,,,143,344,333,331,240,317,310,258,318,323,171,242,340,342,234,342,311,340,336,247,269,291,272,202,272,340,285,332,324,339,317,345,341,106,262,326,215,126,136,128,,,96,241,,,143,331,58,304,159,343,327,340,311,312,304,321,340,339,340,342,342,338,325,339,343,119,193,127,,116,,,b'\x11\xe8\xe1I\xcc5\x17\x90\xaf\x82\x12\xdf\x17\xaeN\x1e'
11E8E149-CC35-1790-AF82-12DF17AE4E1E,2014-ncaa-d0-natl,ncaa,180,150,254,178,295,111,92,115,73,84,126,84,133,155,83,175,191,270,13,272,316,146,153,80,75,75,224,157,273,190,161,213,301,211,233,109,174,134,116,92,86,83,111,74,,,272,257,,,143,153,16,345,29,25,24,32,54,107,127,156,241,247,40,36,147,137,135,47,201,54,90,,326,,,143,253,152,173,149,61,65,153,320,313,281,323,308,314,130,320,337,217,224,215,246,219,340,326,288,292,301,123,161,209,233,327,346,131,145,263,54,60,74,46,,,292,331,,,143,197,82,259,142,315,253,300,120,113,340,339,319,328,331,327,337,332,218,285,337,79,101,99,,254,,,b'\x11\xe8\xe1I\xcc5\x17\x90\xaf\x82\x12\xdf\x17\xaeN\x1e'
11E8E149-CC35-1790-AF82-12DF17AE4E1E,2014-ncaa-d1-conf-Mountain West,ncaa,8,8,3,8,7,3,1,3,1,1,3,3,6,6,6,7,8,9,1,9,9,4,3,4,3,4,8,7,9,5,4,5,9,7,9,2,6,7,5,3,4,5,2,1,,,11,9,,,6,2,2,11,1,1,2,1,3,6,6,7,9,8,3,3,5,6,6,2,6,4,1,,11,,,6,10,9,8,7,4,4,7,10,10,11,10,11,11,4,11,10,10,10,8,8,9,10,10,10,10,9,4,4,8,9,10,10,5,7,8,4,4,5,3,,,8,8,,,6,9,4,9,7,9,9,9,4,3,10,10,10,10,11,9,10,9,4,9,9,4,5,4,,7,,,b'\x11\xe8\xe1I\xcc5\x17\x90\xaf\x82\x12\xdf\x17\xaeN\x1e'
11E8E149-CC35-1790-AF82-12DF17AE4E1E,2014-ncaa-d1-natl,ncaa,173,171,145,178,209,64,40,53,79,56,68,80,111,120,109,168,159,229,18,231,315,73,82,88,87,76,225,165,267,123,139,135,290,121,207,69,171,179,101,80,51,65,73,64,,,316,257,,,129,76,14,343,28,22,21,28,43,107,112,148,229,228,28,23,118,105,94,43,192,33,71,,325,,,129,308,223,250,147,102,110,152,334,333,265,324,319,325,86,329,338,295,292,212,227,205,340,327,276,317,290,209,139,274,207,339,346,83,132,258,95,62,78,35,,,243,335,,,129,274,78,240,131,314,251,303,122,114,340,341,317,328,331,327,340,332,226,289,338,65,113,80,,250,,,b'\x11\xe8\xe1I\xcc5\x17\x90\xaf\x82\x12\xdf\x17\xaeN\x1e'
11E8E149-CC35-1790-AF82-12DF17AE4E1E,2015-ncaa-d0-natl,ncaa,294,307,172,301,193,175,171,175,168,99,113,145,297,274,316,280,110,157,34,158,224,174,148,224,191,219,294,306,74,131,84,150,267,122,119,210,235,257,252,254,199,224,61,41,,,284,288,,,287,163,119,107,164,160,149,67,72,297,276,92,145,144,147,103,106,103,90,206,276,202,49,,314,,,281,297,193,238,124,98,129,143,322,322,233,307,326,315,323,314,321,271,220,185,234,302,340,298,307,292,267,83,84,177,119,314,332,282,307,327,283,271,221,179,,,198,244,,,287,188,204,315,282,314,236,303,122,134,329,333,336,324,319,329,291,312,100,200,325,285,284,233,,189,,,b'\x11\xe8\xe1I\xcc5\x17\x90\xaf\x82\x12\xdf\x17\xaeN\x1e'
11E8E149-CC35-1790-AF82-12DF17AE4E1E,2015-ncaa-d1-conf-Mountain West,ncaa,9,9,7,9,9,8,9,9,6,5,7,5,8,8,8,8,4,5,1,5,4,7,7,6,4,6,7,8,2,8,7,5,7,7,6,11,9,7,9,10,10,10,2,1,,,8,11,,,9,7,4,6,6,8,6,4,5,8,8,2,2,2,5,6,7,2,4,8,7,10,1,,9,,,9,7,5,5,4,2,3,3,10,8,11,8,9,8,11,8,10,7,5,8,9,10,11,10,10,7,7,3,7,3,6,7,11,10,11,10,7,7,5,6,,,5,4,,,9,5,7,10,9,8,7,7,4,5,11,8,10,10,10,8,8,7,6,6,8,9,7,7,,4,,,b'\x11\xe8\xe1I\xcc5\x17\x90\xaf\x82\x12\xdf\x17\xaeN\x1e'
11E8E149-CC35-1790-AF82-12DF17AE4E1E,2015-ncaa-d1-natl,ncaa,291,305,143,299,162,180,168,170,175,96,96,154,297,279,318,282,114,158,42,154,221,174,130,225,197,224,296,304,73,111,80,149,287,124,133,208,241,274,257,260,184,209,60,44,,,294,281,,,287,152,132,112,174,170,158,72,77,298,281,100,144,140,158,113,103,131,105,215,276,189,53,,309,,,286,300,215,261,132,96,123,150,329,329,238,318,325,315,319,308,322,282,230,192,236,302,338,310,294,302,287,91,80,191,133,319,336,267,307,329,287,275,208,168,,,195,244,,,287,192,212,320,286,307,236,300,112,120,332,336,330,317,316,323,281,317,94,204,325,280,286,216,,194,,,b'\x11\xe8\xe1I\xcc5\x17\x90\xaf\x82\x12\xdf\x17\xaeN\x1e'
11E8E149-CC35-1790-AF82-12DF17AE4E1E,2016-ncaa-d0-natl,ncaa,221,204,240,223,258,179,190,222,146,154,176,125,258,234,274,231,101,148,26,149,136,221,241,180,135,135,218,276,45,131,63,128,189,121,68,296,333,84,127,246,306,307,88,51,,,161,207,,,173,267,194,182,122,141,154,97,122,244,209,45,91,89,142,155,92,52,44,285,143,297,67,,222,,,174,141,98,167,74,20,52,41,333,309,309,331,168,195,58,205,282,170,102,146,130,218,347,344,182,234,189,42,63,84,68,232,318,315,314,319,112,150,39,46,,,227,190,,,173,85,112,258,171,226,169,266,36,91,344,332,210,243,252,277,208,284,79,156,271,302,163,60,,190,,,b'\x11\xe8\xe1I\xcc5\x17\x90\xaf\x82\x12\xdf\x17\xaeN\x1e'
11E8E149-CC35-1790-AF82-12DF17AE4E1E,2016-ncaa-d1-conf-Mountain West,ncaa,7,7,4,7,6,3,4,5,4,2,4,3,8,6,8,7,1,2,1,2,3,5,3,6,4,6,6,10,1,3,2,2,4,2,2,8,9,9,8,8,11,11,2,2,,,11,10,,,5,5,5,6,4,4,6,2,5,8,6,1,3,3,5,5,4,1,2,8,9,11,2,,11,,,6,9,4,9,3,1,4,2,11,11,9,11,11,11,2,11,10,10,8,3,4,6,11,11,9,8,4,1,2,3,2,9,10,10,10,11,10,8,2,2,,,1,2,,,5,7,4,7,5,7,4,7,1,5,11,11,11,10,11,9,8,8,1,4,8,10,8,3,,2,,,b'\x11\xe8\xe1I\xcc5\x17\x90\xaf\x82\x12\xdf\x17\xaeN\x1e'
11E8E149-CC35-1790-AF82-12DF17AE4E1E,2016-ncaa-d1-natl,ncaa,191,204,142,205,179,139,146,172,139,110,130,121,250,226,273,240,54,97,23,97,127,157,168,178,130,126,223,280,35,108,64,91,181,83,66,262,329,114,122,235,257,275,74,46,,,210,208,,,169,194,177,199,116,133,156,92,113,253,221,32,70,70,138,149,96,56,46,277,132,266,67,,226,,,169,220,152,226,85,37,79,53,340,333,308,335,201,232,78,238,291,229,182,163,153,223,346,344,190,263,181,75,64,140,66,272,319,279,303,312,155,162,37,30,,,193,195,,,169,161,102,251,168,230,169,257,36,72,344,336,214,245,251,268,210,276,84,157,276,291,173,48,,189,,,b'\x11\xe8\xe1I\xcc5\x17\x90\xaf\x82\x12\xdf\x17\xaeN\x1e'
11E8E149-CC35-1790-AF82-12DF17AE4E1E,2017-ncaa-d0-natl,ncaa,150,152,116,162,145,235,176,166,191,124,90,226,265,279,197,274,331,336,142,335,348,209,212,240,265,253,329,254,336,175,170,151,100,166,139,168,154,188,223,184,157,129,29,5,,,165,212,,,202,208,297,209,291,210,205,133,82,282,294,341,345,345,271,278,189,185,194,188,186,169,28,,145,,,200,82,47,95,64,13,26,77,263,272,180,315,217,218,158,215,309,106,116,112,139,137,341,323,265,95,100,167,170,131,139,130,277,181,148,160,209,235,64,40,,,313,329,,,202,122,254,128,214,64,26,43,6,14,260,282,199,207,203,48,42,88,136,104,116,197,201,62,,339,,,b'\x11\xe8\xe1I\xcc5\x17\x90\xaf\x82\x12\xdf\x17\xaeN\x1e'
11E8E149-CC35-1790-AF82-12DF17AE4E1E,2017-ncaa-d1-conf-Mountain West,ncaa,6,6,3,6,5,10,6,8,5,4,4,8,10,10,6,11,11,11,2,11,11,8,7,7,7,9,11,11,9,5,3,8,5,8,5,7,7,9,10,8,6,3,4,2,,,8,10,,,9,9,10,5,10,9,7,3,4,10,11,11,11,11,9,8,5,9,7,8,9,5,4,,8,,,9,5,4,4,7,4,1,7,8,8,9,9,9,9,5,8,11,3,3,8,8,8,11,9,10,5,5,2,3,2,5,6,9,6,5,7,8,9,4,4,,,8,7,,,9,2,9,7,9,7,4,2,3,1,8,9,8,8,8,3,2,4,2,2,6,6,9,4,,9,,,b'\x11\xe8\xe1I\xcc5\x17\x90\xaf\x82\x12\xdf\x17\xaeN\x1e'
11E8E149-CC35-1790-AF82-12DF17AE4E1E,2017-ncaa-d1-natl,ncaa,143,151,98,156,122,235,168,149,200,119,74,238,266,277,183,278,340,340,157,340,348,205,198,250,270,256,330,257,337,153,150,159,101,157,136,168,151,199,217,178,146,119,34,6,,,181,215,,,208,221,302,216,290,210,188,128,76,281,299,342,345,345,267,273,164,205,195,185,182,160,31,,143,,,206,84,47,86,75,15,17,86,277,287,193,320,207,213,156,209,306,102,109,121,151,138,341,325,259,94,101,175,150,137,136,137,279,172,139,162,201,220,67,37,,,317,330,,,208,116,248,129,214,66,28,37,9,10,268,283,186,191,189,47,38,80,136,100,119,195,186,60,,340,,,b'\x11\xe8\xe1I\xcc5\x17\x90\xaf\x82\x12\xdf\x17\xaeN\x1e'
11E8E149-CC35-1790-AF82-12DF17AE4E1E,2018-ncaa-d0-natl,ncaa,310,308,242,316,256,299,253,263,220,186,179,203,323,307,316,267,311,323,92,325,336,288,300,266,272,269,321,295,250,255,218,313,279,315,266,290,276,137,241,255,246,211,82,40,,,118,219,,,300,304,298,104,300,243,232,137,129,320,289,306,323,324,283,286,232,318,312,287,204,235,59,,181,,,302,151,126,74,276,48,45,173,314,197,349,297,118,55,345,48,148,60,46,320,324,315,329,331,129,141,279,103,218,99,266,230,291,241,179,260,187,266,204,204,,,295,242,,,300,39,272,321,311,228,207,119,79,56,331,255,174,92,89,85,80,201,162,180,274,212,229,239,,284,,,b'\x11\xe8\xe1I\xcc5\x17\x90\xaf\x82\x12\xdf\x17\xaeN\x1e'
11E8E149-CC35-1790-AF82-12DF17AE4E1E,2018-ncaa-d1-conf-Mountain West,ncaa,9,8,8,9,10,11,10,10,9,5,3,8,11,11,11,10,9,10,3,10,11,10,10,10,10,10,11,11,7,6,5,11,10,11,9,10,10,5,10,10,4,3,1,1,,,4,10,,,10,10,10,7,10,9,9,4,2,11,10,9,10,10,9,8,6,11,11,10,6,3,1,,7,,,10,5,4,2,6,2,1,5,11,6,11,10,8,3,10,3,10,2,2,10,11,8,11,11,8,7,10,4,5,5,9,5,9,6,3,5,8,9,9,9,,,9,7,,,10,1,10,10,10,6,6,2,3,1,11,8,9,7,8,3,3,9,5,6,6,3,9,10,,9,,,b'\x11\xe8\xe1I\xcc5\x17\x90\xaf\x82\x12\xdf\x17\xaeN\x1e'
11E8E149-CC35-1790-AF82-12DF17AE4E1E,2018-ncaa-d1-natl,ncaa,305,307,213,310,241,290,257,262,222,175,164,192,324,308,324,278,297,314,97,317,332,282,297,266,276,270,325,310,236,251,211,319,283,314,266,298,298,133,233,256,229,199,79,40,,,137,224,,,304,307,287,99,290,240,225,130,121,322,293,293,312,318,269,272,225,318,306,293,191,210,59,,191,,,303,179,153,79,286,59,46,191,314,212,349,295,139,61,346,58,152,57,47,325,330,319,327,331,128,147,283,114,211,118,266,236,273,231,176,247,187,258,215,205,,,280,224,,,304,36,270,322,312,246,216,124,97,59,330,256,184,98,96,98,90,202,165,182,267,210,220,238,,261,,,b'\x11\xe8\xe1I\xcc5\x17\x90\xaf\x82\x12\xdf\x17\xaeN\x1e'
11E8E149-CC35-1790-AF82-12DF17AE4E1E,2019-ncaa-d0-natl,ncaa,146,180,80,165,83,190,136,118,177,109,94,187,213,203,204,228,301,308,193,306,344,156,164,201,223,207,291,218,321,117,131,163,115,142,133,67,23,165,156,74,154,136,72,58,,,247,289,,,179,185,323,60,257,177,193,139,124,238,241,329,332,329,254,289,141,232,197,72,116,192,86,,199,,,179,139,113,118,162,121,147,139,121,116,202,140,262,243,248,239,256,128,139,152,193,176,220,143,279,99,115,192,131,150,133,128,156,163,145,133,177,163,95,64,,,253,277,,,179,158,191,160,184,73,50,32,71,57,90,69,231,210,209,36,25,67,124,77,85,213,131,74,,310,,,b'\x11\xe8\xe1I\xcc5\x17\x90\xaf\x82\x12\xdf\x17\xaeN\x1e'
11E8E149-CC35-1790-AF82-12DF17AE4E1E,2019-ncaa-d1-conf-Mountain West,ncaa,5,5,4,5,5,7,7,6,6,6,5,6,7,6,8,7,9,8,8,8,11,6,7,7,9,6,10,7,9,5,3,5,4,5,5,3,1,4,4,3,6,6,2,2,,,7,11,,,7,9,9,4,9,6,8,5,4,6,7,11,8,8,7,8,5,6,4,3,5,7,2,,6,,,7,3,2,3,3,3,3,2,6,5,7,5,8,6,9,6,9,5,4,4,4,5,9,5,10,5,4,5,3,4,5,4,5,6,6,6,5,5,4,2,,,8,7,,,7,3,6,5,7,2,1,2,3,3,5,5,7,5,5,2,2,5,6,5,3,6,5,4,,8,,,b'\x11\xe8\xe1I\xcc5\x17\x90\xaf\x82\x12\xdf\x17\xaeN\x1e'
11E8E149-CC35-1790-AF82-12DF17AE4E1E,2019-ncaa-d1-natl,ncaa,148,180,62,174,68,174,112,111,159,92,77,175,205,207,197,232,301,305,182,304,345,143,161,192,212,194,302,229,325,112,127,154,112,126,123,54,25,143,135,65,141,110,66,49,,,232,283,,,153,185,321,60,245,156,171,124,117,233,244,330,330,328,237,283,136,233,190,57,107,174,79,,186,,,157,132,99,108,133,109,136,122,132,123,179,154,251,233,262,229,250,130,136,138,173,163,235,156,276,93,112,197,127,154,123,117,159,160,137,124,161,148,94,58,,,258,279,,,153,155,167,141,161,67,43,32,63,52,94,79,217,196,193,35,29,70,124,77,84,211,118,73,,311,,,b'\x11\xe8\xe1I\xcc5\x17\x90\xaf\x82\x12\xdf\x17\xaeN\x1e'
11E8E149-CC35-1790-AF82-12DF17AE4E1E,2020-ncaa-d0-natl,ncaa,308,314,87,310,136,283,293,245,308,291,208,331,223,233,143,197,213,241,124,246,197,250,239,295,280,282,119,160,100,213,240,283,214,266,272,254,151,241,266,268,167,146,180,164,,,80,99,,,314,238,297,213,318,332,311,313,242,224,239,227,254,258,310,300,234,317,311,281,219,179,195,,68,,,309,244,253,152,312,201,99,301,299,246,323,279,117,63,348,64,105,113,103,324,325,320,230,287,78,127,214,228,240,191,272,275,245,211,185,270,283,297,164,180,,,306,296,,,314,106,289,308,318,228,243,105,176,58,291,226,113,55,59,64,45,108,202,163,259,228,266,152,,321,,,b'\x11\xe8\xe1I\xcc5\x17\x90\xaf\x82\x12\xdf\x17\xaeN\x1e'
11E8E149-CC35-1790-AF82-12DF17AE4E1E,2020-ncaa-d1-conf-Mountain West,ncaa,11,11,3,11,6,10,11,10,11,10,8,11,9,9,4,8,6,5,10,5,2,8,8,10,9,11,3,6,3,7,6,10,8,10,7,8,5,11,11,10,7,6,4,3,,,6,8,,,11,7,9,9,11,11,11,11,9,9,9,5,5,5,10,8,7,10,10,9,10,7,4,,4,,,11,6,6,4,9,5,3,9,9,7,9,10,10,5,10,4,7,4,4,10,10,10,9,8,7,5,8,4,6,4,7,8,7,8,6,7,11,11,4,6,,,7,5,,,11,5,11,10,11,5,6,4,4,2,8,7,7,5,4,3,3,4,5,4,7,8,11,4,,8,,,b'\x11\xe8\xe1I\xcc5\x17\x90\xaf\x82\x12\xdf\x17\xaeN\x1e'
11E8E149-CC35-1790-AF82-12DF17AE4E1E,2020-ncaa-d1-natl,ncaa,303,314,45,311,96,283,302,244,317,299,199,335,207,226,139,199,220,246,123,253,218,257,240,301,286,288,117,153,105,213,240,272,191,261,264,268,171,242,260,273,170,150,168,153,,,81,100,,,317,231,300,230,324,336,309,314,237,224,243,240,269,277,310,305,237,311,312,293,212,192,190,,65,,,313,256,266,161,313,209,110,299,302,255,323,278,125,62,350,65,97,125,110,323,326,322,229,288,78,117,191,262,240,206,264,294,256,212,195,283,280,291,152,164,,,303,298,,,317,108,293,307,318,223,240,103,172,58,289,219,111,48,53,62,37,87,210,163,265,244,255,136,,323,,,b'\x11\xe8\xe1I\xcc5\x17\x90\xaf\x82\x12\xdf\x17\xaeN\x1e'
11E8E149-CC35-1790-AF82-12DF17AE4E1E,2021-ncaa-d0-natl,ncaa,290,338,89,313,107,130,126,60,300,124,70,284,113,61,281,113,183,178,225,170,275,70,72,294,303,271,162,130,243,144,308,45,151,66,292,141,217,232,106,184,227,313,152,246,,,231,83,,,337,59,17,163,196,172,27,191,103,142,73,257,245,239,40,44,212,22,45,207,165,292,206,,184,,,327,329,319,313,240,302,282,232,331,325,272,265,277,270,209,266,169,313,283,266,266,324,247,271,111,295,151,338,308,336,292,342,318,237,337,342,256,160,289,206,,,170,314,,,337,286,288,326,324,339,334,342,302,287,325,327,254,247,244,342,325,272,341,340,341,320,202,257,,265,,,b'\x11\xe8\xe1I\xcc5\x17\x90\xaf\x82\x12\xdf\x17\xaeN\x1e'
11E8E149-CC35-1790-AF82-12DF17AE4E1E,2021-ncaa-d1-conf-Mountain West,ncaa,10,11,5,11,5,7,7,3,11,7,4,8,7,4,9,3,5,4,9,3,3,3,3,11,11,10,6,7,5,6,9,4,11,4,11,8,6,9,9,9,7,11,7,8,,,9,7,,,11,3,2,7,9,9,5,9,7,7,4,6,6,6,5,3,6,7,6,8,10,10,8,,11,,,11,11,10,10,10,9,8,11,11,11,11,9,11,11,5,11,11,10,9,11,11,11,10,9,5,10,11,11,9,11,11,11,11,7,11,11,9,9,9,8,,,5,8,,,11,9,11,11,11,11,11,10,10,7,11,11,11,11,11,10,10,10,11,10,11,9,10,10,,6,,,b'\x11\xe8\xe1I\xcc5\x17\x90\xaf\x82\x12\xdf\x17\xaeN\x1e'
11E8E149-CC35-1790-AF82-12DF17AE4E1E,2021-ncaa-d1-natl,ncaa,296,337,105,317,125,148,140,71,304,138,82,289,123,67,286,113,192,190,222,183,275,83,88,298,303,274,159,129,241,166,311,49,158,76,298,158,218,218,109,189,238,316,164,249,,,222,83,,,338,68,17,158,206,176,29,198,109,143,74,258,245,243,44,48,219,26,55,215,167,296,209,,186,,,331,327,319,309,246,299,277,239,327,320,274,266,268,262,210,259,172,309,273,272,270,326,247,269,110,285,158,335,311,333,298,342,319,249,336,343,248,165,284,214,,,182,312,,,338,275,289,329,326,340,335,342,305,291,325,327,259,249,246,342,326,274,341,340,341,323,205,261,,267,,,b'\x11\xe8\xe1I\xcc5\x17\x90\xaf\x82\x12\xdf\x17\xaeN\x1e'
11E8E149-CC35-1790-AF82-12DF17AE4E1E,2022-ncaa-d0-natl,ncaa,254,266,163,265,168,123,137,105,215,155,148,169,115,81,238,111,117,141,89,141,163,104,99,205,190,183,130,138,159,125,216,121,271,117,250,104,98,251,180,150,222,283,161,213,,,97,31,,,295,92,24,53,93,101,29,134,129,105,65,103,133,133,30,25,117,84,76,79,257,236,157,,96,,,289,335,342,317,297,334,300,281,316,295,294,205,179,150,306,136,50,308,274,300,283,325,119,221,52,321,271,304,216,329,250,346,302,242,314,341,300,248,268,234,,,192,300,,,295,263,189,337,288,350,351,352,343,340,327,310,177,141,130,348,337,323,319,333,348,259,293,277,,198,,,b'\x11\xe8\xe1I\xcc5\x17\x90\xaf\x82\x12\xdf\x17\xaeN\x1e'
11E8E149-CC35-1790-AF82-12DF17AE4E1E,2022-ncaa-d1-conf-Mountain West,ncaa,9,9,3,9,3,4,4,4,6,5,6,6,6,3,9,6,3,3,8,3,4,4,1,7,7,9,6,7,3,2,6,4,10,3,8,4,1,11,11,9,6,8,2,4,,,7,4,,,10,2,2,2,5,6,2,6,6,6,4,2,3,3,2,1,4,5,4,2,11,7,3,,5,,,10,11,11,10,9,11,11,7,8,8,7,5,5,7,5,6,4,10,10,10,8,9,2,5,4,11,10,8,6,9,8,10,8,5,8,8,11,11,6,7,,,3,8,,,10,9,9,9,10,10,10,11,11,11,8,8,5,5,5,11,11,11,7,10,10,4,11,6,,3,,,b'\x11\xe8\xe1I\xcc5\x17\x90\xaf\x82\x12\xdf\x17\xaeN\x1e'
11E8E149-CC35-1790-AF82-12DF17AE4E1E,2022-ncaa-d1-natl,ncaa,247,266,146,260,155,122,136,98,233,155,138,193,107,86,223,118,105,130,110,126,152,97,87,212,198,186,117,135,139,122,209,119,283,109,266,114,116,249,171,161,240,290,170,227,,,92,31,,,306,85,31,49,95,111,30,141,125,103,70,98,120,119,29,26,111,93,78,99,243,237,174,,87,,,303,345,350,328,312,346,304,302,321,309,295,208,181,147,302,129,49,326,288,314,302,337,106,214,48,334,283,316,209,334,266,347,301,250,320,345,295,233,264,225,,,184,291,,,306,270,193,344,300,350,353,352,347,340,326,314,182,139,125,349,337,328,320,339,348,264,280,267,,190,,,b'\x11\xe8\xe1I\xcc5\x17\x90\xaf\x82\x12\xdf\x17\xaeN\x1e'
11E8E149-CC35-1790-AF82-12DF17AE4E1E,2023-ncaa-d0-natl,ncaa,352,352,236,352,279,295,330,212,359,352,294,358,156,81,303,58,162,187,74,194,86,210,215,355,343,323,13,64,36,261,331,301,286,309,354,323,270,155,197,315,171,152,209,175,,,239,267,,,357,202,58,291,301,343,140,356,282,130,52,121,158,164,140,134,244,304,303,333,215,122,194,,295,,,357,327,301,158,348,238,92,343,324,262,355,277,321,296,344,295,315,189,170,358,360,358,320,275,272,189,286,349,331,321,354,323,301,219,226,322,247,268,335,357,,,244,242,,,357,179,332,359,357,356,343,265,294,132,351,310,343,317,317,299,293,248,357,353,344,189,282,353,,204,,,b'\x11\xe8\xe1I\xcc5\x17\x90\xaf\x82\x12\xdf\x17\xaeN\x1e'
11E8E149-CC35-1790-AF82-12DF17AE4E1E,2023-ncaa-d1-conf-Mountain West,ncaa,11,11,8,11,9,11,11,9,11,11,11,11,6,1,11,1,5,6,5,6,2,9,6,11,11,11,1,2,1,7,10,8,11,9,11,10,8,7,8,10,4,5,4,4,,,10,9,,,11,5,1,6,11,11,3,11,11,5,1,3,4,4,3,2,7,8,8,9,9,4,4,,10,,,11,11,11,8,9,8,2,9,11,11,11,10,11,10,9,10,10,9,10,10,11,11,10,11,9,11,11,11,10,11,11,11,10,4,4,10,9,8,9,10,,,8,9,,,11,8,11,11,11,11,11,10,8,4,11,11,11,10,10,11,11,11,11,11,11,4,9,9,,6,,,b'\x11\xe8\xe1I\xcc5\x17\x90\xaf\x82\x12\xdf\x17\xaeN\x1e'
11E8E149-CC35-1790-AF82-12DF17AE4E1E,2023-ncaa-d1-natl,ncaa,352,351,219,352,293,303,343,211,358,351,292,359,148,80,292,64,154,180,82,185,83,206,218,356,342,326,14,65,32,261,327,305,283,308,350,331,270,158,194,316,153,145,226,202,,,239,267,,,357,202,62,291,304,343,145,355,279,129,58,117,151,159,145,135,233,299,299,332,209,124,206,,290,,,356,332,313,172,350,256,96,348,329,269,353,278,318,296,342,291,310,208,177,357,361,357,314,274,261,193,283,350,327,326,350,336,311,213,228,329,249,270,342,358,,,241,232,,,357,184,333,358,356,355,345,260,303,133,351,308,341,314,313,295,291,243,357,349,346,191,282,356,,200,,,b'\x11\xe8\xe1I\xcc5\x17\x90\xaf\x82\x12\xdf\x17\xaeN\x1e'
11E8E149-CC35-1790-AF82-12DF17AE4E1E,2024-ncaa-d0-natl,ncaa,341,331,298,342,316,330,348,344,318,341,310,330,291,294,253,212,195,206,167,199,65,335,320,309,287,317,105,216,23,324,308,277,310,321,323,353,339,235,331,354,298,281,137,101,,,81,145,,,351,306,160,263,321,347,333,331,261,262,249,114,122,115,305,249,302,207,282,356,311,260,107,,178,,,353,253,260,166,328,183,67,339,328,300,312,332,108,129,66,130,220,150,80,346,332,353,283,332,50,257,310,112,308,171,323,339,346,350,345,358,250,322,214,314,,,257,130,,,351,57,332,356,352,348,346,319,305,159,356,354,177,206,209,315,252,332,256,307,356,333,310,282,,168,,,b'\x11\xe8\xe1I\xcc5\x17\x90\xaf\x82\x12\xdf\x17\xaeN\x1e'
11E8E149-CC35-1790-AF82-12DF17AE4E1E,2024-ncaa-d1-conf-Mountain West,ncaa,10,10,6,10,9,11,11,9,11,11,8,11,11,11,11,9,2,3,4,3,1,9,7,11,11,11,1,8,1,8,8,7,10,8,9,11,11,10,10,11,9,10,3,3,,,6,6,,,11,5,1,8,11,11,9,11,7,10,10,1,1,1,8,6,7,7,7,11,10,9,3,,8,,,11,11,11,9,11,11,7,11,10,11,9,8,7,9,5,9,7,10,9,10,10,11,9,8,4,11,10,8,8,9,9,11,11,11,11,11,10,10,9,10,,,5,5,,,11,7,11,11,11,11,11,11,11,10,10,11,9,10,10,11,11,11,10,11,11,11,10,9,,4,,,b'\x11\xe8\xe1I\xcc5\x17\x90\xaf\x82\x12\xdf\x17\xaeN\x1e'
11E8E149-CC35-1790-AF82-12DF17AE4E1E,2024-ncaa-d1-natl,ncaa,345,339,254,345,304,334,344,338,333,339,298,339,287,269,282,208,166,178,188,166,62,324,304,329,306,329,102,215,27,317,313,256,317,298,330,356,336,264,329,354,290,279,122,99,,,112,144,,,354,283,184,264,332,351,331,339,268,266,242,125,125,117,303,260,300,214,276,358,307,262,109,,172,,,354,289,290,215,316,219,87,338,346,331,302,343,130,144,102,143,215,211,120,344,324,354,294,335,54,298,317,198,313,250,330,349,349,346,345,358,290,332,252,320,,,232,140,,,354,82,338,357,355,345,343,317,287,137,358,356,168,186,190,314,249,335,278,322,357,334,322,302,,179,,,b'\x11\xe8\xe1I\xcc5\x17\x90\xaf\x82\x12\xdf\x17\xaeN\x1e'
11E8E149-CC35-1790-AF82-12DF17AE4E1E,2025-ncaa-d0-natl,genius_ncaa,341,356,135,347,145,153,167,81,310,278,266,228,37,12,268,12,232,219,246,201,118,90,83,249,276,257,24,18,265,145,279,239,337,210,349,231,296,261,156,265,101,133,219,269,,,323,259,,220,332,74,24,108,152,182,35,301,295,30,5,253,235,219,52,38,162,286,244,253,234,99,223,,322,,213,328,351,349,293,352,338,276,326,333,284,356,208,297,254,346,251,182,296,294,356,355,351,209,258,131,327,337,353,279,350,349,359,329,114,185,321,283,217,285,330,,,243,348,,238,332,277,262,354,328,358,357,332,342,301,340,289,286,244,239,336,342,328,359,356,357,109,277,291,,284,,252,b'\x11\xe8\xe1I\xcc5\x17\x90\xaf\x82\x12\xdf\x17\xaeN\x1e'
11E8E149-CC35-1790-AF82-12DF17AE4E1E,2025-ncaa-d1-conf-Mountain West,genius_ncaa,10,10,7,10,7,9,7,2,11,10,10,7,1,1,10,1,10,10,8,9,5,3,2,9,10,9,2,1,9,5,8,11,11,10,11,9,11,8,7,9,3,6,10,10,,,9,9,,7,10,2,2,3,4,6,1,10,9,1,1,9,10,8,1,2,4,10,8,9,9,2,10,,10,,8,10,10,11,8,11,9,9,8,11,8,11,6,9,8,8,8,7,8,10,11,11,10,8,9,6,11,11,11,8,11,11,11,11,2,2,8,8,7,8,11,,,10,11,,3,10,8,9,11,10,10,11,11,10,9,11,10,10,10,10,10,11,11,11,11,11,2,8,9,,9,,3,b'\x11\xe8\xe1I\xcc5\x17\x90\xaf\x82\x12\xdf\x17\xaeN\x1e'
11E8E149-CC35-1790-AF82-12DF17AE4E1E,2025-ncaa-d1-natl,genius_ncaa,346,356,172,352,183,173,198,99,318,297,292,242,45,16,272,15,246,239,246,221,119,112,109,262,288,265,22,19,261,178,288,279,340,250,350,262,301,230,165,272,117,146,234,275,,,307,266,,207,338,94,29,93,168,196,39,314,297,29,6,253,237,218,55,42,172,294,259,273,239,107,229,,324,,221,338,351,348,279,357,334,262,332,330,264,356,207,280,234,347,232,183,283,276,358,360,355,207,258,130,316,340,349,288,347,350,359,330,138,196,330,264,221,278,334,,,269,348,,245,338,255,279,357,339,359,358,334,346,302,341,287,295,251,248,338,338,332,360,357,360,123,277,293,,286,,250,b'\x11\xe8\xe1I\xcc5\x17\x90\xaf\x82\x12\xdf\x17\xaeN\x1e'
11E8E149-CC35-1790-AF82-12DF17AE4E1E,2026-ncaa-d0-natl,genius_ncaa,260,198,279,265,291,314,298,310,226,306,323,181,238,221,246,63,326,325,234,328,231,317,318,209,226,253,134,88,269,324,290,334,319,335,330,297,229,102,272,256,246,160,273,245,,,56,142,,73,268,305,194,97,266,249,255,264,302,153,106,303,298,305,295,271,289,340,352,255,243,154,236,,158,,141,282,87,107,58,322,112,74,291,116,48,331,123,70,91,43,85,189,58,62,325,309,273,127,189,100,117,319,69,290,83,330,144,234,238,104,211,141,298,150,298,,,348,337,,223,268,55,267,282,278,265,284,161,283,221,247,105,161,205,201,162,208,251,222,254,292,108,280,257,,341,,182,b'\x11\xe8\xe1I\xcc5\x17\x90\xaf\x82\x12\xdf\x17\xaeN\x1e'
11E8E149-CC35-1790-AF82-12DF17AE4E1E,2026-ncaa-d1-natl,genius_ncaa,256,195,271,252,286,309,288,300,223,312,328,207,171,189,161,65,334,341,181,343,292,315,319,195,215,232,107,59,297,315,291,336,305,340,329,286,228,127,262,251,190,110,289,274,,,49,106,,90,256,307,130,100,242,220,198,266,273,102,83,308,320,326,244,220,277,322,338,224,249,97,258,,135,,142,262,91,130,51,322,143,96,282,97,33,322,96,61,92,36,85,155,48,67,319,292,226,82,157,86,122,305,105,291,108,329,141,194,173,72,155,169,290,241,330,,,356,353,,227,256,61,248,228,256,249,282,162,291,245,203,88,122,172,162,154,247,241,246,265,266,65,283,311,,349,,197,b'\x11\xe8\xe1I\xcc5\x17\x90\xaf\x82\x12\xdf\x17\xaeN\x1e'
11E8E149-CC39-7C40-AF82-12DF17AE4E1E,2010-ncaa-d0-natl,ncaa,290,303,178,297,182,251,282,297,218,289,290,242,200,214,132,156,109,135,88,141,31,284,250,210,157,233,65,152,21,294,258,268,267,296,265,210,64,282,317,256,304,313,326,331,,,64,73,,,322,224,227,50,264,303,324,301,299,187,216,84,107,110,307,260,300,294,318,199,288,309,327,,77,,,318,288,315,187,339,304,180,337,240,203,276,215,92,94,142,95,99,169,137,339,333,338,75,190,34,173,267,79,258,97,265,321,252,275,280,329,334,339,245,313,,,191,93,,,322,128,253,339,317,314,332,242,327,219,262,229,104,109,109,216,165,202,89,127,327,275,331,263,,172,,,b'\x11\xe8\xe1I\xcc9|@\xaf\x82\x12\xdf\x17\xaeN\x1e'
11E8E149-CC39-7C40-AF82-12DF17AE4E1E,2010-ncaa-d1-conf-GWC,ncaa,3,4,1,4,1,1,2,2,2,3,3,3,1,2,1,2,1,1,2,1,1,1,1,1,1,1,1,1,1,3,3,1,3,2,3,3,3,4,4,4,3,4,4,4,,,4,2,,,4,1,2,1,3,3,4,4,4,1,3,1,1,1,4,4,3,3,4,3,3,4,4,,3,,,4,4,4,4,3,4,4,4,1,1,1,1,3,3,2,3,1,4,4,3,2,3,1,1,2,3,3,3,3,3,3,4,1,3,4,3,4,4,3,3,,,1,1,,,4,4,2,4,3,4,4,3,4,4,1,1,2,2,2,3,3,3,2,3,3,4,4,3,,1,,,b'\x11\xe8\xe1I\xcc9|@\xaf\x82\x12\xdf\x17\xaeN\x1e'
11E8E149-CC39-7C40-AF82-12DF17AE4E1E,2010-ncaa-d1-natl,ncaa,268,302,91,280,97,204,245,271,190,249,260,205,168,183,126,148,94,109,91,116,43,238,186,187,135,217,71,144,39,277,264,227,261,258,262,165,64,307,315,244,276,302,324,332,,,90,61,,,319,151,237,67,258,295,326,292,299,178,214,101,121,134,311,267,306,293,319,189,281,295,331,,65,,,317,322,331,262,337,322,236,336,285,253,283,239,110,112,154,111,83,241,203,337,329,337,94,214,29,213,261,120,264,163,262,334,254,234,269,325,340,339,273,315,,,147,96,,,319,199,244,337,316,308,330,232,320,190,276,239,91,89,91,205,146,182,77,107,326,268,330,266,,182,,,b'\x11\xe8\xe1I\xcc9|@\xaf\x82\x12\xdf\x17\xaeN\x1e'
11E8E149-CC39-7C40-AF82-12DF17AE4E1E,2011-ncaa-d0-natl,ncaa,296,279,288,297,311,255,261,286,191,275,295,212,149,175,95,110,236,278,56,276,178,290,277,169,153,210,83,91,161,223,137,261,129,260,113,179,40,223,295,211,329,326,297,299,,,53,121,,,294,285,135,257,187,215,220,246,249,106,131,172,237,231,233,150,163,163,159,103,291,323,288,,122,,,295,207,253,135,322,254,113,331,196,190,208,231,74,48,293,46,72,101,49,321,318,337,81,186,46,66,129,31,137,29,113,326,328,331,326,339,320,330,241,308,,,289,234,,,294,58,209,330,299,316,326,288,319,248,266,265,133,96,96,259,168,141,117,126,335,322,333,287,,219,,,b'\x11\xe8\xe1I\xcc9|@\xaf\x82\x12\xdf\x17\xaeN\x1e'
11E8E149-CC39-7C40-AF82-12DF17AE4E1E,2011-ncaa-d1-conf-GWC,ncaa,2,2,1,2,1,2,2,2,2,2,2,2,1,1,2,2,3,3,1,3,4,2,1,2,2,3,1,1,3,2,2,1,3,1,2,2,2,4,4,3,3,4,3,4,,,3,1,,,2,1,3,1,3,3,3,3,3,1,3,3,4,4,3,3,3,2,3,2,4,4,4,,1,,,2,4,4,4,3,4,4,3,3,4,1,3,2,3,1,3,1,4,4,3,3,3,2,2,1,4,3,3,2,3,2,4,3,3,3,4,4,4,4,3,,,1,1,,,2,4,3,3,2,3,3,4,4,3,3,3,1,1,1,4,3,3,2,2,3,3,4,4,,2,,,b'\x11\xe8\xe1I\xcc9|@\xaf\x82\x12\xdf\x17\xaeN\x1e'
11E8E149-CC39-7C40-AF82-12DF17AE4E1E,2011-ncaa-d1-natl,ncaa,289,277,279,291,310,234,244,278,167,262,280,194,146,178,96,122,209,257,55,251,168,284,263,150,133,194,93,97,158,207,121,233,100,226,79,143,36,253,292,203,331,324,292,296,,,60,132,,,280,275,140,260,177,199,220,232,244,113,138,158,220,212,232,149,156,139,129,87,290,325,287,,125,,,283,224,268,160,321,264,135,328,198,195,206,227,77,58,262,56,76,124,57,321,305,339,81,188,45,51,100,30,121,20,79,329,325,329,327,340,326,330,245,302,,,266,220,,,280,62,194,326,288,313,325,285,317,250,263,261,121,100,96,255,156,117,101,92,335,326,333,282,,203,,,b'\x11\xe8\xe1I\xcc9|@\xaf\x82\x12\xdf\x17\xaeN\x1e'
11E8E149-CC39-7C40-AF82-12DF17AE4E1E,2012-ncaa-d0-natl,ncaa,171,153,240,174,263,254,275,277,254,225,219,235,295,272,308,257,79,87,129,85,38,248,234,279,240,256,182,276,14,197,172,150,74,175,112,218,72,192,249,231,278,277,200,187,,,121,187,,,196,247,160,177,227,277,249,199,176,285,255,30,40,41,198,169,167,56,101,182,246,273,189,,181,,,198,79,83,114,115,89,90,163,137,207,58,251,108,106,146,107,179,109,91,114,111,146,183,194,166,90,74,105,172,92,112,204,296,250,219,257,295,316,150,186,,,128,43,,,196,105,255,143,195,165,159,207,153,155,180,247,161,163,166,201,174,138,187,164,247,220,313,191,,53,,,b'\x11\xe8\xe1I\xcc9|@\xaf\x82\x12\xdf\x17\xaeN\x1e'
11E8E149-CC39-7C40-AF82-12DF17AE4E1E,2012-ncaa-d1-conf-GWC,ncaa,2,1,2,2,2,2,2,4,1,1,3,1,5,5,4,5,1,1,3,1,1,4,4,2,1,2,4,5,1,3,1,2,1,2,1,3,3,3,4,3,4,4,2,2,,,2,3,,,2,3,2,1,1,2,4,1,3,5,5,1,1,1,3,3,2,1,1,3,3,3,2,,2,,,2,2,3,3,3,2,3,3,3,4,2,4,2,1,4,1,2,3,2,3,3,3,5,4,2,1,1,1,1,1,1,3,2,3,3,4,4,4,1,1,,,2,1,,,2,3,2,2,2,3,3,4,3,3,3,4,2,1,1,4,3,1,1,1,3,3,4,1,,2,,,b'\x11\xe8\xe1I\xcc9|@\xaf\x82\x12\xdf\x17\xaeN\x1e'
11E8E149-CC39-7C40-AF82-12DF17AE4E1E,2012-ncaa-d1-natl,ncaa,174,153,196,172,238,225,252,251,231,196,190,218,286,270,301,257,74,82,126,79,50,219,210,257,224,239,200,274,16,177,145,120,70,142,87,187,59,204,241,202,255,252,192,176,,,118,160,,,185,216,153,180,201,240,229,164,156,280,255,35,43,39,182,155,152,52,84,144,243,253,178,,165,,,185,95,97,141,113,99,100,151,157,221,79,255,106,108,139,110,163,128,114,116,107,135,189,214,147,89,70,112,145,86,87,226,301,240,207,253,295,309,154,169,,,115,60,,,185,128,232,132,182,159,159,203,145,153,189,245,138,144,146,187,170,128,168,144,253,214,310,178,,60,,,b'\x11\xe8\xe1I\xcc9|@\xaf\x82\x12\xdf\x17\xaeN\x1e'
11E8E149-CC39-7C40-AF82-12DF17AE4E1E,2013-ncaa-d0-natl,ncaa,196,145,302,190,311,240,256,293,178,229,266,173,233,239,209,198,123,123,175,119,44,272,272,185,158,177,148,208,43,297,284,114,180,203,211,229,144,134,216,202,296,300,248,264,,,9,14,,,176,251,70,155,157,201,212,182,190,206,196,59,44,42,167,148,264,7,64,176,233,272,221,,34,,,176,72,134,237,42,149,194,125,136,277,6,287,24,27,128,26,34,199,121,42,24,84,79,198,43,248,180,126,284,188,211,160,201,322,332,298,215,277,267,313,,,234,145,,,176,91,211,132,179,206,258,340,261,312,209,327,62,60,57,338,302,325,268,310,249,293,293,306,,132,,,b'\x11\xe8\xe1I\xcc9|@\xaf\x82\x12\xdf\x17\xaeN\x1e'
11E8E149-CC39-7C40-AF82-12DF17AE4E1E,2013-ncaa-d1-conf-GWC,ncaa,1,1,1,1,1,1,3,3,2,3,4,2,3,2,3,1,1,1,2,1,1,3,3,2,2,1,1,3,2,3,3,1,1,2,1,4,2,2,3,3,5,5,2,2,,,1,1,,,2,2,4,2,2,4,4,4,5,3,2,1,1,1,4,5,4,1,2,4,2,5,2,,1,,,2,3,3,5,1,3,5,3,2,5,1,4,1,1,2,1,1,5,4,1,1,2,1,2,1,2,1,3,3,3,1,3,2,5,5,5,3,2,4,5,,,1,1,,,2,4,2,1,2,2,3,5,3,5,2,4,1,1,1,4,2,1,1,1,3,5,2,4,,2,,,b'\x11\xe8\xe1I\xcc9|@\xaf\x82\x12\xdf\x17\xaeN\x1e'
11E8E149-CC39-7C40-AF82-12DF17AE4E1E,2013-ncaa-d1-natl,ncaa,171,145,210,162,254,188,213,241,167,207,219,174,198,211,151,192,92,83,167,81,44,208,208,164,145,162,129,187,47,275,283,57,145,133,192,176,127,170,193,179,259,278,196,226,,,19,12,,,148,172,77,172,141,190,208,186,193,185,193,59,43,43,163,159,263,7,68,152,212,242,184,,32,,,146,117,181,289,36,195,233,104,154,294,7,279,37,35,149,34,29,257,199,35,20,70,80,197,43,265,145,217,283,255,192,196,203,289,319,278,251,264,271,291,,,199,169,,,148,178,182,104,143,175,236,338,239,303,188,315,49,51,50,331,286,308,269,297,229,275,276,293,,156,,,b'\x11\xe8\xe1I\xcc9|@\xaf\x82\x12\xdf\x17\xaeN\x1e'
11E8E149-CC39-7C40-AF82-12DF17AE4E1E,2014-ncaa-d0-natl,ncaa,312,311,254,316,267,254,262,313,108,216,231,152,269,304,101,265,180,216,61,213,162,307,310,137,110,148,216,248,82,325,310,199,175,283,230,262,232,122,244,242,265,241,264,249,,,24,41,,,250,283,231,95,226,234,307,174,191,257,288,127,187,179,294,285,324,106,251,258,181,239,259,,50,,,252,135,181,188,166,94,77,218,312,317,199,340,16,10,329,10,30,123,76,223,191,276,267,334,14,147,175,84,310,100,230,197,192,333,322,323,112,221,229,269,,,290,163,,,250,65,206,285,256,238,274,317,181,134,334,341,37,19,20,243,145,211,162,177,253,320,178,269,,247,,,b'\x11\xe8\xe1I\xcc9|@\xaf\x82\x12\xdf\x17\xaeN\x1e'
11E8E149-CC39-7C40-AF82-12DF17AE4E1E,2014-ncaa-d1-conf-WAC,ncaa,8,8,5,8,5,8,6,8,6,5,4,5,9,7,7,7,7,8,3,8,9,8,8,6,6,7,7,7,5,9,9,6,5,7,6,7,7,7,7,8,8,7,5,3,,,2,3,,,8,7,9,1,8,7,9,4,4,8,7,7,8,8,9,9,9,5,8,7,7,8,5,,2,,,8,4,4,4,4,4,2,6,9,9,7,9,1,1,6,1,2,4,2,6,4,7,7,9,1,3,5,3,9,4,6,7,8,9,8,8,6,6,8,8,,,8,7,,,8,2,8,7,8,4,6,6,4,2,9,9,1,1,1,4,1,3,4,3,8,9,6,9,,8,,,b'\x11\xe8\xe1I\xcc9|@\xaf\x82\x12\xdf\x17\xaeN\x1e'
11E8E149-CC39-7C40-AF82-12DF17AE4E1E,2014-ncaa-d1-natl,ncaa,310,310,211,312,236,223,227,310,76,187,218,120,245,295,57,263,183,227,55,215,183,297,301,100,80,112,221,237,107,323,301,171,142,269,203,241,214,126,230,212,248,226,261,250,,,25,41,,,211,268,233,94,197,198,300,149,184,238,286,141,196,191,289,284,323,91,246,232,169,231,254,,49,,,212,131,179,201,151,99,85,188,311,314,193,337,15,10,292,10,33,141,81,201,158,243,259,334,14,144,142,79,301,95,203,189,193,326,313,309,127,211,231,257,,,293,192,,,211,77,176,261,216,209,256,308,158,135,330,335,31,20,22,233,139,196,132,155,237,308,173,263,,263,,,b'\x11\xe8\xe1I\xcc9|@\xaf\x82\x12\xdf\x17\xaeN\x1e'
11E8E149-CC39-7C40-AF82-12DF17AE4E1E,2015-ncaa-d0-natl,ncaa,267,256,283,269,304,298,273,316,127,216,232,185,273,305,91,268,310,303,242,299,282,318,323,158,185,199,284,237,258,296,229,235,144,280,167,301,291,76,217,246,312,280,256,252,,,22,109,,,203,326,299,166,264,218,280,157,159,255,293,286,277,275,291,301,265,132,206,276,159,298,231,,85,,,204,31,59,75,96,67,111,78,104,96,189,163,27,15,319,14,42,43,26,97,84,161,115,207,93,86,144,39,229,39,167,151,288,327,294,303,139,258,261,286,,,319,224,,,203,22,217,182,209,110,141,208,154,237,166,160,71,45,50,146,65,171,114,129,228,306,216,312,,291,,,b'\x11\xe8\xe1I\xcc9|@\xaf\x82\x12\xdf\x17\xaeN\x1e'
11E8E149-CC39-7C40-AF82-12DF17AE4E1E,2015-ncaa-d1-conf-WAC,ncaa,6,6,5,6,6,6,6,6,2,6,4,4,6,7,1,7,5,5,8,5,5,6,6,3,4,4,6,5,6,7,7,4,3,6,3,8,8,4,6,6,7,7,4,5,,,3,4,,,5,6,7,4,7,6,6,5,4,5,7,6,5,5,6,7,7,3,7,8,5,7,4,,2,,,5,2,2,3,2,3,5,1,3,2,6,3,2,2,5,2,2,2,3,3,2,6,1,4,2,3,3,3,7,2,3,2,6,7,7,6,4,5,4,5,,,6,3,,,5,3,6,6,5,2,3,5,5,7,3,2,2,2,2,3,2,2,3,2,4,7,5,5,,6,,,b'\x11\xe8\xe1I\xcc9|@\xaf\x82\x12\xdf\x17\xaeN\x1e'
11E8E149-CC39-7C40-AF82-12DF17AE4E1E,2015-ncaa-d1-natl,ncaa,256,255,209,259,248,249,214,287,84,160,174,142,272,307,76,291,268,267,213,260,271,291,297,124,145,165,288,255,236,283,231,170,137,234,149,270,281,111,215,226,298,282,236,247,,,51,102,,,193,293,277,174,230,186,280,117,141,263,301,261,260,254,284,283,273,99,193,250,161,289,224,,91,,,194,64,101,156,99,91,181,59,177,133,273,169,40,25,274,29,42,106,55,108,90,173,145,248,83,143,137,60,231,76,149,204,300,310,296,305,178,252,273,275,,,293,219,,,193,48,190,192,202,128,162,241,147,253,213,169,71,50,55,179,85,185,102,123,246,306,215,301,,274,,,b'\x11\xe8\xe1I\xcc9|@\xaf\x82\x12\xdf\x17\xaeN\x1e'
11E8E149-CC39-7C40-AF82-12DF17AE4E1E,2016-ncaa-d0-natl,ncaa,177,156,240,179,258,196,199,294,52,179,256,60,225,246,134,202,169,207,59,206,138,286,306,73,59,71,205,218,135,311,261,205,138,279,152,254,290,38,142,166,260,216,213,195,,,36,89,,,126,297,284,182,144,150,275,118,219,203,230,126,184,185,271,306,300,142,254,246,76,248,190,,58,,,124,62,87,105,143,74,94,120,198,160,249,237,30,26,204,25,61,68,44,160,134,195,193,269,62,93,138,32,261,43,152,160,252,311,280,292,60,146,256,295,,,235,108,,,126,43,100,201,134,127,157,172,135,147,230,215,51,47,47,131,55,146,64,78,208,299,102,283,,203,,,b'\x11\xe8\xe1I\xcc9|@\xaf\x82\x12\xdf\x17\xaeN\x1e'
11E8E149-CC39-7C40-AF82-12DF17AE4E1E,2016-ncaa-d1-conf-WAC,ncaa,3,4,2,4,4,4,3,5,1,1,3,1,5,6,3,7,2,4,1,4,5,5,5,1,1,2,6,6,4,7,6,2,1,3,2,6,7,7,6,6,5,4,4,4,,,4,5,,,2,4,7,7,4,3,8,2,5,6,7,3,5,6,8,8,8,2,6,6,5,5,3,,1,,,2,2,3,7,3,3,7,1,5,3,7,3,1,1,2,1,1,6,4,3,3,4,4,6,2,3,1,2,6,3,2,5,5,7,7,6,4,5,8,8,,,4,2,,,2,5,2,4,2,1,3,4,1,5,5,3,1,1,1,3,1,2,2,2,5,8,4,8,,4,,,b'\x11\xe8\xe1I\xcc9|@\xaf\x82\x12\xdf\x17\xaeN\x1e'
11E8E149-CC39-7C40-AF82-12DF17AE4E1E,2016-ncaa-d1-natl,ncaa,163,156,142,162,179,154,149,246,50,126,210,57,206,235,123,211,130,157,70,157,128,229,261,70,57,70,208,225,118,296,257,137,151,217,158,230,291,73,140,166,230,208,178,177,,,51,68,,,123,235,260,199,133,135,267,108,209,206,233,108,153,154,253,293,299,110,228,238,88,231,177,,52,,,120,121,158,200,127,109,137,126,247,257,201,285,32,34,172,33,53,159,113,151,114,184,206,296,47,171,151,70,257,91,158,211,254,287,276,281,91,146,275,289,,,181,86,,,123,100,95,190,130,141,176,212,130,143,255,268,43,36,37,168,86,187,75,100,218,295,105,286,,167,,,b'\x11\xe8\xe1I\xcc9|@\xaf\x82\x12\xdf\x17\xaeN\x1e'
11E8E149-CC39-7C40-AF82-12DF17AE4E1E,2017-ncaa-d0-natl,ncaa,302,300,234,308,245,307,321,329,265,318,307,278,230,234,187,161,208,198,225,202,57,318,311,257,247,272,93,153,66,180,79,330,311,308,210,330,303,192,300,319,92,41,346,339,,,39,119,,,285,328,338,47,309,319,336,319,302,208,209,185,166,170,326,303,136,337,304,330,254,65,346,,71,,,286,86,123,44,294,42,5,322,313,292,289,343,16,13,219,11,106,25,34,328,317,286,301,340,20,156,311,20,79,44,210,266,329,198,102,257,228,304,319,343,,,255,125,,,285,20,244,304,291,164,192,65,67,4,327,319,32,22,21,40,33,219,56,96,311,161,265,331,,232,,,b'\x11\xe8\xe1I\xcc9|@\xaf\x82\x12\xdf\x17\xaeN\x1e'
11E8E149-CC39-7C40-AF82-12DF17AE4E1E,2017-ncaa-d1-conf-WAC,ncaa,7,7,2,7,2,7,7,6,7,5,4,8,7,5,6,6,3,3,5,3,2,6,5,7,7,8,5,7,1,4,4,5,7,5,7,8,8,8,7,8,3,3,7,7,,,2,2,,,6,6,8,1,7,8,7,8,6,7,6,5,4,4,7,7,4,5,5,8,7,5,7,,2,,,6,5,6,7,5,4,2,6,8,8,2,8,1,1,7,1,1,4,4,5,5,5,6,8,1,6,7,5,4,5,7,8,8,3,3,7,4,5,8,8,,,4,3,,,6,4,7,5,6,5,5,5,3,1,8,8,1,1,1,3,2,5,4,5,7,7,5,8,,5,,,b'\x11\xe8\xe1I\xcc9|@\xaf\x82\x12\xdf\x17\xaeN\x1e'
11E8E149-CC39-7C40-AF82-12DF17AE4E1E,2017-ncaa-d1-natl,ncaa,283,299,144,297,152,283,293,311,258,296,293,261,218,215,223,162,148,140,189,146,41,296,277,255,229,253,94,168,41,137,63,324,301,266,182,317,281,235,296,313,80,46,344,339,,,59,120,,,271,312,338,55,302,316,335,305,299,212,208,145,133,136,319,296,117,334,280,325,249,72,345,,66,,,268,130,158,82,283,49,7,328,330,323,266,347,23,17,190,15,120,39,48,329,315,275,314,342,20,191,301,29,63,64,182,299,332,177,108,260,260,299,328,343,,,195,94,,,271,37,222,298,277,142,178,67,54,3,333,328,27,21,20,42,32,203,51,84,312,169,263,327,,196,,,b'\x11\xe8\xe1I\xcc9|@\xaf\x82\x12\xdf\x17\xaeN\x1e'
11E8E149-CC39-7C40-AF82-12DF17AE4E1E,2018-ncaa-d0-natl,ncaa,266,244,295,270,302,284,305,315,247,298,290,280,223,260,122,185,166,216,69,213,97,315,330,236,194,177,91,151,46,289,231,346,322,344,325,293,197,29,145,194,123,58,337,312,,,19,111,,,267,330,311,93,252,293,284,283,233,189,215,106,145,140,265,304,251,348,346,265,88,74,330,,83,,,268,108,147,28,342,70,5,348,308,269,315,346,7,4,318,5,123,15,23,348,346,326,276,337,12,81,322,72,231,59,325,348,349,154,46,323,61,179,311,339,,,277,127,,,267,23,193,322,271,237,272,68,163,7,336,326,23,13,16,37,68,158,160,162,349,77,128,339,,203,,,b'\x11\xe8\xe1I\xcc9|@\xaf\x82\x12\xdf\x17\xaeN\x1e'
11E8E149-CC39-7C40-AF82-12DF17AE4E1E,2018-ncaa-d1-conf-WAC,ncaa,6,6,5,6,6,6,6,7,3,6,6,4,6,7,2,6,3,4,5,3,2,6,6,4,3,2,2,4,2,5,5,8,6,7,6,5,3,2,5,3,4,4,5,5,,,2,4,,,6,7,4,4,4,6,6,6,6,4,6,2,2,2,5,6,5,8,6,4,4,4,5,,3,,,6,6,6,2,8,2,1,8,8,8,8,8,1,1,8,1,3,1,1,8,8,7,8,8,1,2,6,2,5,2,6,8,8,4,2,7,4,6,8,7,,,4,3,,,6,2,2,7,6,7,7,3,3,1,8,8,1,1,1,2,3,3,3,2,8,2,5,8,,2,,,b'\x11\xe8\xe1I\xcc9|@\xaf\x82\x12\xdf\x17\xaeN\x1e'
11E8E149-CC39-7C40-AF82-12DF17AE4E1E,2018-ncaa-d1-natl,ncaa,247,243,213,248,241,259,282,292,239,284,266,280,194,217,112,172,141,183,70,180,95,279,312,226,181,162,85,143,49,263,222,345,311,345,319,265,194,45,137,181,101,62,334,303,,,42,130,,,268,323,309,99,250,287,282,282,235,175,196,106,146,139,261,302,243,348,346,263,84,76,331,,91,,,268,165,196,33,340,83,5,348,330,311,322,348,17,7,311,8,153,16,36,347,346,323,304,343,16,97,311,108,222,90,319,349,349,119,46,321,84,177,324,337,,,246,112,,,268,32,176,320,262,233,255,62,122,4,341,332,26,15,21,35,63,144,160,152,349,72,120,336,,190,,,b'\x11\xe8\xe1I\xcc9|@\xaf\x82\x12\xdf\x17\xaeN\x1e'
11E8E149-CC39-7C40-AF82-12DF17AE4E1E,2019-ncaa-d0-natl,ncaa,236,180,321,225,331,290,278,334,86,215,240,154,313,338,69,312,237,274,110,273,218,335,333,125,112,171,290,286,134,303,174,324,321,330,233,275,232,126,269,234,128,52,306,275,,,2,9,,,239,331,238,261,207,179,301,111,117,290,329,164,185,185,295,269,255,277,295,225,240,57,286,,14,,,248,67,108,82,208,41,22,217,288,267,277,341,5,2,350,2,20,37,27,264,239,258,280,340,18,201,321,3,174,24,233,328,350,294,203,341,242,330,68,105,,,321,211,,,239,20,186,291,247,240,268,288,151,102,341,336,29,11,8,198,187,308,38,140,348,206,303,138,,257,,,b'\x11\xe8\xe1I\xcc9|@\xaf\x82\x12\xdf\x17\xaeN\x1e'
11E8E149-CC39-7C40-AF82-12DF17AE4E1E,2019-ncaa-d1-conf-WAC,ncaa,6,6,5,6,7,7,7,8,2,5,5,4,7,8,1,8,5,4,4,4,5,8,8,3,3,4,5,6,5,7,5,8,8,7,6,6,4,5,7,6,4,4,8,6,,,2,2,,,6,8,7,7,6,6,8,4,4,7,8,5,4,4,8,8,7,7,7,6,7,4,8,,1,,,6,5,5,4,6,2,1,6,9,9,8,9,2,1,9,1,2,3,2,7,7,7,9,9,1,8,8,1,5,1,6,9,9,6,5,9,8,8,5,5,,,7,3,,,6,2,4,8,6,6,5,7,2,2,9,9,1,1,1,4,4,7,1,3,9,5,8,5,,6,,,b'\x11\xe8\xe1I\xcc9|@\xaf\x82\x12\xdf\x17\xaeN\x1e'
11E8E149-CC39-7C40-AF82-12DF17AE4E1E,2019-ncaa-d1-natl,ncaa,182,180,155,191,216,185,164,270,55,106,128,117,282,329,60,314,139,168,97,164,201,256,233,90,82,131,287,287,115,243,143,253,316,259,215,174,197,250,273,211,55,36,276,272,,,12,11,,,216,225,195,264,161,146,295,83,113,282,328,122,155,151,278,237,242,267,275,157,249,34,279,,17,,,216,215,246,241,210,135,101,228,338,322,264,344,24,6,348,4,23,177,168,261,244,233,284,339,15,288,316,14,143,90,215,349,350,175,169,333,296,316,140,115,,,223,176,,,216,129,141,279,217,240,269,288,151,96,345,340,29,11,8,195,216,308,26,114,348,167,298,154,,200,,,b'\x11\xe8\xe1I\xcc9|@\xaf\x82\x12\xdf\x17\xaeN\x1e'
11E8E149-CC39-7C40-AF82-12DF17AE4E1E,2020-ncaa-d0-natl,ncaa,259,195,336,246,339,317,332,338,251,303,296,232,291,289,293,211,184,245,57,252,131,334,348,264,220,180,174,247,34,303,253,268,56,300,156,174,12,11,88,60,323,269,274,248,,,32,188,,,203,346,284,91,233,263,257,220,202,256,220,76,124,133,237,294,240,103,158,76,61,288,244,,143,,,208,25,27,26,120,19,25,59,211,99,330,255,38,23,317,22,88,15,5,172,164,219,307,324,107,19,56,63,253,28,156,210,342,321,241,324,45,163,123,207,,,313,121,,,203,7,192,187,195,132,129,159,64,127,296,220,98,74,74,123,68,69,231,166,304,263,126,208,,194,,,b'\x11\xe8\xe1I\xcc9|@\xaf\x82\x12\xdf\x17\xaeN\x1e'
11E8E149-CC39-7C40-AF82-12DF17AE4E1E,2020-ncaa-d1-conf-WAC,ncaa,3,3,4,3,4,6,6,7,5,5,7,5,6,6,7,6,1,2,2,2,3,7,8,6,2,2,5,6,1,5,5,4,2,4,3,2,2,2,4,2,9,8,6,4,,,2,3,,,2,8,8,2,5,6,8,4,5,6,6,1,2,2,7,8,5,2,3,2,2,9,6,,3,,,2,3,4,5,3,1,3,2,9,7,8,9,1,1,8,1,2,3,2,4,4,5,8,9,1,2,2,3,5,3,3,6,8,8,8,8,4,7,9,8,,,3,4,,,2,2,3,4,2,4,5,6,2,3,9,7,1,1,1,5,3,3,4,4,6,8,6,9,,3,,,b'\x11\xe8\xe1I\xcc9|@\xaf\x82\x12\xdf\x17\xaeN\x1e'
11E8E149-CC39-7C40-AF82-12DF17AE4E1E,2020-ncaa-d1-natl,ncaa,238,195,326,233,330,273,302,314,231,255,253,213,286,271,284,223,103,174,36,187,134,303,331,253,194,155,185,261,26,261,229,202,55,245,136,106,11,23,71,44,291,240,247,223,,,62,187,,,184,338,277,92,219,240,244,196,177,265,233,54,110,116,216,284,221,99,139,56,46,259,230,,139,,,183,50,46,55,117,21,46,56,257,171,333,268,48,28,282,26,79,33,17,172,158,206,312,335,82,29,55,105,229,55,136,259,343,301,234,318,72,162,165,209,,,268,124,,,184,22,170,177,169,131,131,164,59,117,314,237,82,61,60,120,79,70,215,155,310,254,133,219,,189,,,b'\x11\xe8\xe1I\xcc9|@\xaf\x82\x12\xdf\x17\xaeN\x1e'
11E8E149-CC39-7C40-AF82-12DF17AE4E1E,2021-ncaa-d0-natl,ncaa,128,60,248,87,268,259,262,279,152,257,285,117,234,232,217,141,215,221,171,223,69,278,278,149,145,180,137,186,85,263,195,218,30,242,57,115,1,101,249,78,262,196,147,101,,,59,154,,,148,276,301,224,249,272,325,243,286,215,207,151,153,151,310,309,247,82,151,24,193,243,118,,80,,,147,72,79,85,103,78,86,82,124,94,234,233,29,30,184,30,24,69,65,122,85,127,195,278,23,47,30,68,195,56,57,172,331,286,232,304,138,268,114,237,,,244,82,,,148,67,186,106,146,54,102,124,76,116,197,173,10,9,9,65,18,35,72,42,272,278,234,163,,164,,,b'\x11\xe8\xe1I\xcc9|@\xaf\x82\x12\xdf\x17\xaeN\x1e'
11E8E149-CC39-7C40-AF82-12DF17AE4E1E,2021-ncaa-d1-conf-WAC,ncaa,2,2,1,2,2,3,3,4,3,4,4,2,4,4,5,4,3,4,3,4,4,4,4,3,2,3,4,5,3,3,4,2,1,2,1,2,1,8,6,2,5,5,3,3,,,4,2,,,3,4,8,6,4,5,6,5,5,5,6,3,7,7,7,8,6,3,5,2,5,5,3,,2,,,3,5,7,7,3,7,7,2,6,5,5,4,1,1,8,1,1,6,5,3,2,5,3,6,1,4,1,4,4,4,1,8,7,6,6,7,4,5,4,3,,,3,3,,,3,6,3,5,3,1,4,5,5,6,4,1,1,1,1,2,1,1,1,1,6,7,2,3,,5,,,b'\x11\xe8\xe1I\xcc9|@\xaf\x82\x12\xdf\x17\xaeN\x1e'
11E8E149-CC39-7C40-AF82-12DF17AE4E1E,2021-ncaa-d1-natl,ncaa,119,60,231,84,248,249,261,275,145,258,276,123,211,213,193,128,192,205,158,204,52,269,266,142,131,170,111,162,76,239,155,206,27,225,41,95,1,114,248,73,244,188,151,106,,,76,160,,,135,269,302,225,242,271,321,252,291,197,184,126,137,139,291,305,212,78,124,21,197,237,125,,85,,,132,75,82,89,84,77,90,74,145,125,211,249,35,36,189,34,28,77,67,96,77,110,217,283,30,52,27,73,155,61,41,178,333,276,225,301,148,258,143,253,,,233,89,,,135,74,169,89,129,45,79,115,54,96,198,183,12,11,9,60,17,32,64,35,269,276,215,187,,160,,,b'\x11\xe8\xe1I\xcc9|@\xaf\x82\x12\xdf\x17\xaeN\x1e'
11E8E149-CC39-7C40-AF82-12DF17AE4E1E,2021-ncaa-d1-ncaatournament,ncaa,33,2,33,33,34,61,62,59,61,59,50,61,53,56,48,44,35,33,55,34,5,55,58,62,59,58,9,34,2,45,39,52,24,53,46,61,29,5,25,51,63,63,56,54,,,11,47,,,61,60,56,7,61,62,56,59,43,49,45,10,3,4,51,53,30,51,49,60,12,63,56,,29,,,61,26,26,14,61,6,1,64,45,37,58,64,2,3,12,2,24,7,4,64,63,64,59,63,2,6,24,21,39,11,46,38,63,61,58,64,16,46,41,61,,,36,7,,,61,5,59,64,63,58,57,27,26,1,64,64,5,6,5,14,5,8,53,35,64,61,38,60,,7,,,b'\x11\xe8\xe1I\xcc9|@\xaf\x82\x12\xdf\x17\xaeN\x1e'
11E8E149-CC39-7C40-AF82-12DF17AE4E1E,2022-ncaa-d0-natl,ncaa,174,180,163,185,173,188,177,238,84,165,232,55,209,212,221,161,205,269,14,271,253,248,260,103,87,112,244,218,201,229,153,90,49,136,32,96,29,114,186,83,329,332,255,260,,,97,166,,,150,260,331,104,201,174,293,147,251,217,208,208,278,284,295,330,251,44,93,59,120,338,269,,96,,,152,103,104,198,55,71,137,58,252,268,158,288,89,55,334,54,87,171,99,82,85,203,279,306,121,93,49,37,153,49,32,279,340,343,347,347,224,278,162,200,,,294,286,,,150,104,113,178,136,101,104,216,67,134,256,282,97,60,61,170,35,97,20,25,285,351,228,168,,325,,,b'\x11\xe8\xe1I\xcc9|@\xaf\x82\x12\xdf\x17\xaeN\x1e'
11E8E149-CC39-7C40-AF82-12DF17AE4E1E,2022-ncaa-d1-conf-WAC,ncaa,4,4,2,4,3,6,4,9,3,5,5,4,9,8,8,8,5,10,1,10,10,9,10,5,5,4,10,9,5,8,5,2,2,1,1,3,2,4,5,2,13,13,10,11,,,4,6,,,4,11,12,5,6,5,11,5,7,9,8,5,11,11,11,13,10,3,1,2,2,13,10,,4,,,4,4,7,10,2,4,9,2,10,11,7,10,5,3,12,3,2,10,6,2,2,5,11,12,3,5,2,1,5,2,1,11,13,12,12,13,8,8,7,7,,,11,10,,,4,5,4,4,3,3,3,10,4,7,10,11,3,1,1,8,2,5,1,1,10,13,7,6,,11,,,b'\x11\xe8\xe1I\xcc9|@\xaf\x82\x12\xdf\x17\xaeN\x1e'
11E8E149-CC39-7C40-AF82-12DF17AE4E1E,2022-ncaa-d1-natl,ncaa,157,180,100,179,114,164,148,194,83,131,186,61,190,172,214,149,195,265,10,273,272,210,217,99,88,113,234,207,212,210,147,57,70,93,45,62,25,187,203,85,313,316,231,247,,,131,137,,,136,211,321,122,203,172,282,146,244,208,198,216,288,291,299,319,242,47,99,53,153,326,250,,86,,,141,143,149,255,50,97,189,40,290,298,192,287,85,55,325,56,59,213,149,73,71,160,276,310,99,159,70,64,147,84,45,304,345,330,332,344,277,285,185,194,,,282,298,,,136,151,121,157,131,95,104,226,61,147,272,283,75,42,43,170,53,133,21,40,294,340,239,161,,327,,,b'\x11\xe8\xe1I\xcc9|@\xaf\x82\x12\xdf\x17\xaeN\x1e'
11E8E149-CC39-7C40-AF82-12DF17AE4E1E,2023-ncaa-d0-natl,ncaa,345,339,290,347,292,339,335,341,277,311,312,247,303,279,326,176,318,320,218,324,250,344,342,284,282,301,241,226,169,349,352,292,235,334,327,191,5,151,300,176,149,69,329,296,,,102,218,,,340,319,305,25,341,332,337,291,267,289,241,298,294,300,341,327,347,238,331,137,236,91,326,,187,,,343,135,91,70,235,14,5,274,354,333,334,360,63,54,252,54,274,60,44,320,312,327,358,361,68,124,235,153,352,129,327,336,361,290,232,349,192,314,192,280,,,348,320,,,340,39,330,333,344,269,226,173,36,4,361,360,126,104,110,144,105,227,269,274,356,240,267,243,,350,,,b'\x11\xe8\xe1I\xcc9|@\xaf\x82\x12\xdf\x17\xaeN\x1e'
11E8E149-CC39-7C40-AF82-12DF17AE4E1E,2023-ncaa-d1-conf-WAC,ncaa,12,12,9,12,9,12,12,12,9,9,9,8,11,10,12,8,12,12,4,12,11,13,12,9,9,11,9,9,8,13,13,8,10,12,12,6,1,6,12,7,7,6,13,13,,,5,6,,,13,12,13,2,13,12,13,9,8,10,9,12,12,12,13,13,12,7,12,5,8,5,13,,4,,,13,5,5,6,6,1,1,7,13,12,10,13,2,2,11,2,7,5,3,8,8,11,13,13,2,7,10,8,13,8,12,12,13,9,10,12,4,8,12,13,,,13,12,,,13,2,12,13,13,6,7,8,1,1,13,12,3,2,2,6,3,9,9,10,13,9,4,12,,13,,,b'\x11\xe8\xe1I\xcc9|@\xaf\x82\x12\xdf\x17\xaeN\x1e'
11E8E149-CC39-7C40-AF82-12DF17AE4E1E,2023-ncaa-d1-natl,ncaa,337,339,219,340,223,331,324,336,269,294,300,229,285,245,326,146,302,308,219,312,227,333,330,275,283,299,228,215,176,347,348,252,237,325,320,161,2,217,314,178,115,65,322,281,,,144,224,,,343,305,301,26,341,334,337,292,291,277,218,298,299,304,340,325,345,233,323,133,254,92,322,,194,,,342,196,160,119,233,18,6,265,360,349,337,360,92,88,256,88,281,99,70,322,310,323,359,361,75,183,237,191,348,187,320,346,361,280,238,352,257,325,196,276,,,342,312,,,343,58,332,333,343,273,224,181,34,5,361,360,140,110,117,158,108,234,256,265,357,243,290,229,,344,,,b'\x11\xe8\xe1I\xcc9|@\xaf\x82\x12\xdf\x17\xaeN\x1e'
11E8E149-CC39-7C40-AF82-12DF17AE4E1E,2024-ncaa-d0-natl,ncaa,286,251,298,285,300,305,309,287,294,302,286,264,244,209,288,149,287,204,359,199,79,283,282,281,303,303,169,171,174,253,248,320,287,312,314,142,4,157,245,136,41,12,154,43,,,273,344,,,281,286,150,23,274,272,211,268,219,203,150,249,121,115,190,144,186,291,269,66,256,13,118,,338,,,281,81,32,32,163,15,3,247,241,252,161,349,282,246,333,244,350,44,85,224,277,158,355,316,330,153,287,166,248,157,314,251,359,86,29,150,219,282,324,352,,,257,188,,,281,76,313,175,279,213,92,80,33,9,314,339,327,305,302,133,255,246,304,298,320,25,286,350,,168,,,b'\x11\xe8\xe1I\xcc9|@\xaf\x82\x12\xdf\x17\xaeN\x1e'
11E8E149-CC39-7C40-AF82-12DF17AE4E1E,2024-ncaa-d1-conf-WAC,ncaa,10,9,9,10,9,11,10,11,9,8,7,9,11,9,10,9,9,7,11,7,6,11,9,10,10,11,8,9,5,9,7,11,10,11,10,6,2,10,11,8,1,2,5,2,,,8,11,,,10,10,6,2,11,9,10,6,5,9,8,9,5,5,9,6,8,11,11,5,11,1,5,,11,,,10,2,2,2,7,2,1,10,7,7,7,9,9,6,11,6,11,2,3,9,10,6,10,9,10,5,10,5,7,3,10,6,11,3,2,4,11,11,11,11,,,9,8,,,10,3,11,6,10,6,2,2,2,2,10,9,11,9,9,3,7,5,8,7,9,2,11,11,,8,,,b'\x11\xe8\xe1I\xcc9|@\xaf\x82\x12\xdf\x17\xaeN\x1e'
11E8E149-CC39-7C40-AF82-12DF17AE4E1E,2024-ncaa-d1-natl,ncaa,289,253,320,286,323,312,317,300,304,321,302,276,228,205,287,133,286,204,361,196,75,293,297,286,308,306,141,144,174,257,263,329,296,323,328,143,3,160,240,135,40,10,162,48,,,281,347,,,280,298,155,21,278,287,221,290,233,193,136,247,127,121,197,150,199,309,291,65,257,9,124,,341,,,287,79,26,19,180,12,4,261,234,253,173,348,285,246,332,241,353,29,73,232,279,161,358,316,333,152,296,192,263,177,328,265,362,65,24,153,207,270,335,355,,,274,193,,,280,69,320,174,276,206,89,70,33,6,309,335,326,306,302,112,255,245,313,303,325,23,279,352,,178,,,b'\x11\xe8\xe1I\xcc9|@\xaf\x82\x12\xdf\x17\xaeN\x1e'
11E8E149-CC39-7C40-AF82-12DF17AE4E1E,2025-ncaa-d0-natl,genius_ncaa,133,113,194,128,203,198,232,226,227,224,222,196,248,208,288,204,58,37,290,38,12,182,145,237,220,260,127,244,20,79,39,271,212,195,106,169,58,325,307,249,16,6,102,27,,,317,339,,254,150,174,108,98,184,241,239,224,217,244,187,35,19,19,149,70,50,289,167,150,335,7,91,,336,,275,149,94,43,54,152,11,7,145,289,258,300,336,224,219,209,220,347,57,186,230,253,74,356,341,294,134,212,67,39,74,106,227,356,24,9,45,315,298,293,317,,,55,29,,304,150,192,225,68,148,113,53,31,10,5,313,288,248,241,242,45,232,151,81,96,259,11,319,313,,18,,300,b'\x11\xe8\xe1I\xcc9|@\xaf\x82\x12\xdf\x17\xaeN\x1e'
11E8E149-CC39-7C40-AF82-12DF17AE4E1E,2025-ncaa-d1-conf-WAC,genius_ncaa,4,4,3,4,3,4,6,4,7,4,4,7,7,6,6,7,2,2,7,1,2,3,2,7,6,6,5,8,1,2,2,7,5,3,3,7,5,7,6,7,2,2,4,1,,,9,9,,5,5,3,5,2,6,6,3,4,4,8,6,2,1,1,2,2,2,8,5,7,6,2,4,,9,,5,5,5,2,2,5,1,1,6,7,8,7,9,8,8,9,8,9,3,6,6,7,2,9,9,9,4,5,5,2,4,3,6,9,2,2,2,5,4,9,7,,,2,2,,8,5,7,6,2,5,4,2,2,2,2,6,6,9,7,7,2,5,4,5,4,5,2,4,9,,2,,8,b'\x11\xe8\xe1I\xcc9|@\xaf\x82\x12\xdf\x17\xaeN\x1e'
11E8E149-CC39-7C40-AF82-12DF17AE4E1E,2025-ncaa-d1-natl,genius_ncaa,117,113,113,122,118,139,187,163,224,186,170,192,222,175,286,206,40,21,281,21,15,117,85,237,209,245,127,242,20,49,40,223,233,130,109,106,41,335,280,209,7,5,71,20,,,338,334,,273,122,106,89,113,159,218,193,204,188,232,173,33,16,17,109,59,43,263,138,99,327,6,74,,337,,271,120,129,59,89,110,14,17,112,311,300,284,340,253,263,171,260,346,103,248,192,211,55,358,344,297,202,233,125,40,155,109,252,356,15,8,39,314,266,327,322,,,33,35,,295,122,257,208,48,122,102,39,33,8,5,316,296,245,248,246,52,254,193,92,119,247,8,307,328,,19,,301,b'\x11\xe8\xe1I\xcc9|@\xaf\x82\x12\xdf\x17\xaeN\x1e'
11E8E149-CC39-7C40-AF82-12DF17AE4E1E,2026-ncaa-d0-natl,genius_ncaa,163,80,279,147,291,308,306,301,284,298,243,336,278,328,68,304,245,219,266,208,145,298,304,294,285,271,138,188,76,307,295,323,179,323,300,226,32,90,218,175,28,2,262,135,,,56,139,,36,172,292,73,97,250,264,206,251,101,224,306,142,101,97,172,161,247,316,314,134,221,3,218,,158,,58,172,22,22,19,230,13,13,160,157,76,336,295,25,47,19,45,254,18,67,277,244,45,341,348,103,30,179,115,295,72,300,118,357,49,1,38,81,184,107,152,,,275,154,,223,172,77,282,38,166,78,69,7,25,8,295,169,64,112,109,9,232,68,304,218,260,3,184,190,,150,,182,b'\x11\xe8\xe1I\xcc9|@\xaf\x82\x12\xdf\x17\xaeN\x1e'
11E8E149-CC39-7C40-AF82-12DF17AE4E1E,2026-ncaa-d1-natl,genius_ncaa,163,80,271,145,286,315,325,318,297,321,269,329,284,327,90,291,185,166,243,160,87,305,311,295,275,274,110,195,45,315,304,334,157,335,297,223,20,119,239,190,19,2,278,165,,,68,168,,69,165,295,87,100,259,293,262,283,147,236,297,90,67,65,200,184,277,308,329,129,239,3,246,,175,,119,157,12,13,8,199,8,7,122,163,60,334,288,24,38,28,37,228,8,61,254,217,30,331,347,101,21,157,139,304,79,297,114,354,30,1,27,99,194,83,128,,,235,86,,227,165,74,285,24,148,52,49,7,19,10,279,140,60,96,88,8,218,63,287,202,237,4,191,142,,102,,197,b'\x11\xe8\xe1I\xcc9|@\xaf\x82\x12\xdf\x17\xaeN\x1e'
11E8E149-CC3D-C0F2-AF82-12DF17AE4E1E,2010-ncaa-d0-natl,ncaa,60,101,12,89,13,31,40,24,102,32,18,168,119,182,34,279,14,19,113,17,143,22,22,122,110,82,199,235,97,20,66,182,223,83,164,36,119,200,56,51,15,23,270,288,,,305,194,,,53,24,156,157,65,75,93,69,52,180,265,46,57,58,71,132,70,333,254,74,69,35,298,,164,,,57,312,304,222,310,302,237,312,185,192,197,142,285,287,162,284,243,247,316,303,303,133,132,118,205,214,223,301,66,280,164,294,217,5,11,39,234,103,230,102,,,12,65,,,53,323,53,101,56,126,130,21,173,45,101,79,168,177,175,27,151,57,125,80,173,16,115,149,,59,,,b'\x11\xe8\xe1I\xcc=\xc0\xf2\xaf\x82\x12\xdf\x17\xaeN\x1e'
11E8E149-CC3D-C0F2-AF82-12DF17AE4E1E,2010-ncaa-d1-conf-CAA,ncaa,3,3,1,3,5,2,2,2,3,1,1,6,4,6,1,8,1,1,4,1,3,2,3,5,3,2,4,6,3,4,7,8,4,7,7,2,6,3,2,2,1,2,10,9,,,9,8,,,2,3,1,9,2,2,3,2,3,4,6,1,1,1,3,5,4,11,7,2,2,1,10,,8,,,2,12,12,6,12,10,4,12,9,6,10,7,9,9,4,9,11,6,9,12,12,7,6,7,5,2,4,12,7,5,7,12,11,1,1,3,5,5,7,5,,,1,2,,,2,10,1,6,2,8,8,1,8,2,6,5,6,6,6,1,6,1,8,3,12,1,5,5,,1,,,b'\x11\xe8\xe1I\xcc=\xc0\xf2\xaf\x82\x12\xdf\x17\xaeN\x1e'
11E8E149-CC3D-C0F2-AF82-12DF17AE4E1E,2010-ncaa-d1-natl,ncaa,64,100,12,90,15,33,41,27,108,33,18,173,124,192,33,277,15,22,112,21,140,24,24,128,111,86,198,233,92,24,69,203,229,91,167,41,122,187,56,52,15,25,273,289,,,301,193,,,60,26,159,159,67,79,97,71,52,182,265,47,57,58,75,134,72,335,260,77,68,36,299,,165,,,63,307,297,213,311,300,228,314,183,187,202,144,279,279,165,276,245,235,315,307,307,141,133,118,203,192,229,292,69,269,167,291,218,6,12,40,224,106,222,105,,,12,64,,,60,321,55,107,62,129,138,21,178,45,101,77,170,182,180,29,154,58,126,80,182,16,116,152,,58,,,b'\x11\xe8\xe1I\xcc=\xc0\xf2\xaf\x82\x12\xdf\x17\xaeN\x1e'
11E8E149-CC3D-C0F2-AF82-12DF17AE4E1E,2011-ncaa-d0-natl,ncaa,99,83,119,101,134,98,96,102,113,60,43,159,281,310,96,332,56,39,208,39,141,84,86,165,149,142,297,317,71,32,15,149,118,72,30,202,301,184,121,210,126,129,253,272,,,182,174,,,91,129,142,124,82,76,97,33,17,296,321,50,34,32,52,68,16,176,42,205,184,123,267,,170,,,90,176,180,165,207,245,249,198,53,56,105,43,231,221,190,224,201,180,195,163,176,149,62,46,242,122,118,102,15,90,30,134,113,123,124,120,294,253,129,49,,,45,51,,,91,215,92,133,93,151,159,133,231,239,53,39,226,227,232,150,172,108,79,77,137,129,277,119,,21,,,b'\x11\xe8\xe1I\xcc=\xc0\xf2\xaf\x82\x12\xdf\x17\xaeN\x1e'
11E8E149-CC3D-C0F2-AF82-12DF17AE4E1E,2011-ncaa-d1-conf-CAA,ncaa,3,4,3,4,4,3,3,3,3,1,1,4,8,10,3,11,4,4,10,4,6,3,4,5,7,5,11,10,5,2,2,3,3,2,2,4,8,3,2,2,8,8,5,8,,,8,7,,,3,4,5,4,3,3,2,1,1,8,11,4,4,4,3,3,1,2,2,5,3,8,7,,5,,,3,7,7,7,6,7,8,7,6,6,4,7,9,8,7,8,8,7,6,6,6,7,8,5,9,3,3,8,2,6,2,6,5,7,7,8,4,4,5,4,,,3,3,,,3,8,2,5,3,6,8,6,6,7,5,7,8,8,8,8,6,3,5,3,7,7,5,5,,3,,,b'\x11\xe8\xe1I\xcc=\xc0\xf2\xaf\x82\x12\xdf\x17\xaeN\x1e'
11E8E149-CC3D-C0F2-AF82-12DF17AE4E1E,2011-ncaa-d1-natl,ncaa,112,82,132,106,150,110,108,120,117,64,49,166,286,316,100,331,64,45,205,43,139,96,99,170,154,147,295,316,68,37,16,178,120,87,30,214,306,163,123,212,138,136,261,275,,,165,177,,,99,151,146,118,85,80,98,34,17,295,319,52,35,33,54,68,19,181,46,213,183,133,269,,172,,,99,155,164,137,214,232,233,209,47,48,109,44,219,211,195,213,202,152,166,167,181,155,61,44,241,104,120,77,16,67,30,119,113,145,131,129,286,256,118,50,,,51,46,,,99,190,91,143,100,159,163,135,237,242,53,39,228,230,231,152,172,109,81,78,140,132,277,124,,22,,,b'\x11\xe8\xe1I\xcc=\xc0\xf2\xaf\x82\x12\xdf\x17\xaeN\x1e'
11E8E149-CC3D-C0F2-AF82-12DF17AE4E1E,2012-ncaa-d0-natl,ncaa,106,153,22,134,28,48,29,22,70,14,11,91,279,270,280,318,124,71,305,72,292,26,31,152,180,133,339,326,265,16,32,50,97,19,45,109,305,178,51,129,132,192,136,211,,,273,169,,,153,48,182,146,94,41,50,14,9,307,299,212,136,141,53,99,19,157,50,191,72,207,176,,151,,,154,325,331,311,280,335,328,251,196,146,277,50,261,253,209,264,109,311,296,259,255,276,53,79,118,207,97,277,32,257,45,275,89,153,245,234,285,181,136,21,,,63,229,,,153,301,79,252,152,238,263,199,288,277,129,66,172,158,167,192,150,103,124,104,186,260,210,73,,173,,,b'\x11\xe8\xe1I\xcc=\xc0\xf2\xaf\x82\x12\xdf\x17\xaeN\x1e'
11E8E149-CC3D-C0F2-AF82-12DF17AE4E1E,2012-ncaa-d1-conf-CAA,ncaa,6,6,4,6,5,6,3,5,2,2,5,2,10,8,10,8,8,7,12,7,8,5,7,6,8,7,11,10,8,3,3,6,2,3,2,9,10,8,7,10,8,8,8,7,,,7,7,,,5,9,7,4,6,3,5,3,6,10,8,9,6,6,5,6,5,7,5,9,6,7,8,,5,,,5,6,8,4,8,7,5,6,6,4,11,4,6,5,11,5,5,4,4,8,8,8,8,6,7,1,2,4,3,2,2,4,6,7,6,7,9,9,7,5,,,6,7,,,5,6,5,5,4,5,5,4,6,5,5,4,6,4,5,4,4,1,3,3,4,8,10,7,,7,,,b'\x11\xe8\xe1I\xcc=\xc0\xf2\xaf\x82\x12\xdf\x17\xaeN\x1e'
11E8E149-CC3D-C0F2-AF82-12DF17AE4E1E,2012-ncaa-d1-natl,ncaa,112,153,23,140,34,56,30,24,75,14,11,94,286,281,279,318,135,81,304,83,294,29,34,156,187,139,339,325,264,19,35,63,103,21,48,125,306,152,53,135,151,201,143,216,,,263,173,,,164,55,185,146,103,43,51,15,9,306,299,216,136,142,55,100,20,163,56,204,73,214,177,,157,,,165,321,328,306,284,332,326,253,182,131,283,51,254,241,214,252,110,305,288,264,259,280,50,78,117,190,103,266,35,241,48,271,93,172,252,242,274,185,132,22,,,73,226,,,164,297,82,259,158,242,267,198,291,281,131,64,177,163,173,192,148,106,125,108,191,265,208,78,,176,,,b'\x11\xe8\xe1I\xcc=\xc0\xf2\xaf\x82\x12\xdf\x17\xaeN\x1e'
11E8E149-CC3D-C0F2-AF82-12DF17AE4E1E,2013-ncaa-d0-natl,ncaa,235,244,183,248,236,219,216,211,213,235,268,176,126,94,221,70,256,250,208,248,173,223,208,191,205,222,111,98,229,124,101,270,259,216,180,159,89,210,237,178,34,14,309,301,,,26,28,,,197,237,214,267,226,216,195,234,269,114,80,258,246,245,211,191,104,278,205,143,226,21,312,,31,,,198,130,192,144,239,93,53,230,318,290,310,322,10,7,260,7,29,81,115,286,248,195,256,330,11,178,259,110,101,127,180,307,336,127,76,248,193,219,183,246,,,257,263,,,197,108,191,206,202,170,222,174,116,58,320,303,15,14,14,90,140,197,143,159,315,102,209,198,,255,,,b'\x11\xe8\xe1I\xcc=\xc0\xf2\xaf\x82\x12\xdf\x17\xaeN\x1e'
11E8E149-CC3D-C0F2-AF82-12DF17AE4E1E,2013-ncaa-d1-conf-Atlantic 10,ncaa,12,12,9,12,10,12,13,11,12,12,11,11,10,7,15,5,7,7,7,7,3,11,11,13,12,12,5,9,5,9,7,15,15,13,14,12,7,11,12,12,2,2,15,14,,,4,5,,,13,10,8,9,10,12,9,10,11,10,6,6,8,7,9,9,7,15,13,12,12,2,15,,5,,,13,9,9,4,14,5,2,13,16,15,15,15,5,3,11,3,7,4,7,16,16,12,14,16,4,12,15,10,7,10,14,16,16,3,3,8,10,12,6,9,,,6,6,,,13,5,11,13,12,13,13,6,4,2,16,15,6,6,6,4,9,14,12,12,15,3,10,8,,5,,,b'\x11\xe8\xe1I\xcc=\xc0\xf2\xaf\x82\x12\xdf\x17\xaeN\x1e'
11E8E149-CC3D-C0F2-AF82-12DF17AE4E1E,2013-ncaa-d1-natl,ncaa,248,243,210,252,274,241,240,233,217,254,282,181,134,96,222,69,264,261,208,259,170,245,235,199,210,225,109,94,228,142,104,294,265,239,184,173,89,195,241,186,36,16,314,305,,,20,30,,,201,265,215,267,233,225,197,240,272,115,80,256,247,243,216,193,108,285,210,149,226,23,311,,33,,,202,114,173,116,245,85,43,234,315,283,317,322,9,6,264,6,30,59,85,289,255,200,257,331,10,162,265,83,104,100,184,303,335,138,80,255,184,223,180,248,,,267,259,,,201,80,195,217,206,174,228,173,119,60,319,304,16,14,14,93,137,204,144,163,316,109,212,202,,253,,,b'\x11\xe8\xe1I\xcc=\xc0\xf2\xaf\x82\x12\xdf\x17\xaeN\x1e'
11E8E149-CC3D-C0F2-AF82-12DF17AE4E1E,2014-ncaa-d0-natl,ncaa,61,57,85,63,108,46,48,32,181,89,109,117,43,25,194,69,119,112,207,115,159,33,43,140,165,94,91,78,255,62,147,111,105,76,166,61,138,89,24,36,7,4,256,266,,,145,50,,,53,50,26,216,33,32,15,119,140,46,34,138,128,132,16,24,66,150,88,52,63,5,275,,105,,,50,229,237,227,198,205,171,228,265,273,166,270,141,138,154,141,149,219,289,211,201,76,200,251,111,151,105,328,147,298,166,299,305,14,15,84,69,27,128,96,,,103,264,,,53,301,79,56,53,175,200,183,173,111,251,261,120,114,116,155,286,112,313,268,281,9,60,104,,147,,,b'\x11\xe8\xe1I\xcc=\xc0\xf2\xaf\x82\x12\xdf\x17\xaeN\x1e'
11E8E149-CC3D-C0F2-AF82-12DF17AE4E1E,2014-ncaa-d1-conf-Atlantic 10,ncaa,7,7,3,7,7,4,5,3,9,5,7,9,2,1,7,2,5,5,9,5,3,3,3,7,9,6,2,2,8,2,2,6,8,5,8,5,9,3,2,4,1,1,11,11,,,7,1,,,4,3,4,9,4,4,2,7,8,2,1,5,6,6,2,2,2,7,4,5,4,1,11,,5,,,4,9,9,7,7,5,5,9,10,13,7,13,7,6,9,6,10,8,10,9,9,4,11,12,8,9,8,13,2,11,8,10,12,1,1,2,5,3,10,9,,,5,9,,,4,11,5,4,5,9,8,7,4,4,9,13,7,6,6,8,10,9,13,11,11,1,6,10,,6,,,b'\x11\xe8\xe1I\xcc=\xc0\xf2\xaf\x82\x12\xdf\x17\xaeN\x1e'
11E8E149-CC3D-C0F2-AF82-12DF17AE4E1E,2014-ncaa-d1-natl,ncaa,67,57,100,67,126,53,54,35,185,104,126,126,48,29,202,70,130,118,207,122,161,39,52,149,170,99,90,76,258,67,152,131,108,90,172,68,142,75,27,38,7,4,263,269,,,129,51,,,59,56,28,219,37,36,16,124,142,46,35,145,129,135,17,29,69,154,90,57,64,5,278,,104,,,56,207,222,210,207,189,153,233,258,265,170,269,129,131,155,135,152,197,281,217,208,84,198,251,109,133,108,324,152,289,172,295,305,17,16,88,57,28,123,98,,,115,264,,,59,295,85,63,60,181,204,182,178,113,250,261,122,116,119,156,283,115,316,271,283,12,60,111,,149,,,b'\x11\xe8\xe1I\xcc=\xc0\xf2\xaf\x82\x12\xdf\x17\xaeN\x1e'
11E8E149-CC3D-C0F2-AF82-12DF17AE4E1E,2015-ncaa-d0-natl,ncaa,151,131,172,155,226,213,213,104,314,208,103,332,162,172,149,210,198,90,349,91,148,92,119,307,320,284,147,147,170,57,141,114,135,77,160,213,183,97,76,164,130,126,66,46,,,267,280,,,163,159,90,276,213,216,47,222,62,159,159,191,62,63,36,52,34,59,21,209,123,114,55,,292,,,163,88,59,137,27,51,132,35,147,193,69,205,248,240,232,235,251,153,183,35,63,63,293,202,299,193,135,306,141,286,160,140,271,123,117,108,83,69,276,236,,,97,118,,,163,181,251,71,167,112,64,162,50,138,164,214,264,253,246,193,241,215,334,318,148,106,105,294,,50,,,b'\x11\xe8\xe1I\xcc=\xc0\xf2\xaf\x82\x12\xdf\x17\xaeN\x1e'
11E8E149-CC3D-C0F2-AF82-12DF17AE4E1E,2015-ncaa-d1-conf-Atlantic 10,ncaa,9,8,11,9,13,12,10,5,14,8,6,14,7,8,8,9,12,6,14,6,7,6,8,14,14,13,8,7,10,5,4,9,7,5,8,10,8,2,2,4,6,5,4,3,,,8,10,,,9,12,7,12,9,5,3,8,4,7,6,11,3,3,2,4,3,5,4,9,2,5,3,,11,,,9,3,1,2,4,1,2,4,9,9,11,11,10,9,12,8,12,3,3,7,9,8,14,13,11,7,7,12,4,11,8,10,14,7,7,11,5,5,9,8,,,8,7,,,9,3,11,9,9,8,5,6,2,3,12,11,11,9,9,9,8,9,14,14,12,7,8,10,,6,,,b'\x11\xe8\xe1I\xcc=\xc0\xf2\xaf\x82\x12\xdf\x17\xaeN\x1e'
11E8E149-CC3D-C0F2-AF82-12DF17AE4E1E,2015-ncaa-d1-natl,ncaa,169,130,209,162,271,240,241,127,321,238,118,337,170,183,148,208,214,112,349,111,144,117,148,310,322,289,145,146,165,66,149,141,141,93,170,236,190,85,78,174,148,136,73,48,,,256,282,,,177,205,96,276,217,225,49,234,66,158,159,188,61,63,39,57,39,60,24,218,128,122,56,,293,,,177,59,44,102,29,43,110,37,127,178,73,206,239,230,230,222,253,117,143,40,68,72,292,199,299,168,141,299,149,268,170,121,270,144,120,122,66,71,268,244,,,120,114,,,177,139,257,79,181,116,69,166,59,140,166,212,270,257,250,193,239,220,334,320,152,108,108,295,,50,,,b'\x11\xe8\xe1I\xcc=\xc0\xf2\xaf\x82\x12\xdf\x17\xaeN\x1e'
11E8E149-CC3D-C0F2-AF82-12DF17AE4E1E,2016-ncaa-d0-natl,ncaa,53,58,38,61,57,106,81,65,129,35,18,157,314,302,296,334,112,75,280,72,243,62,81,224,230,168,336,336,166,24,36,73,30,39,31,102,174,97,44,75,67,66,201,177,,,248,244,,,45,115,277,168,161,112,129,47,22,329,327,168,122,119,116,195,37,124,57,140,41,97,238,,170,,,46,77,60,136,53,57,84,91,164,234,57,271,157,184,67,185,243,137,209,58,58,31,262,224,228,53,30,213,36,131,31,134,254,54,40,61,38,17,171,52,,,75,125,,,45,234,114,21,39,20,13,17,12,11,115,172,98,125,129,17,37,17,96,43,79,82,18,119,,141,,,b'\x11\xe8\xe1I\xcc=\xc0\xf2\xaf\x82\x12\xdf\x17\xaeN\x1e'
11E8E149-CC3D-C0F2-AF82-12DF17AE4E1E,2016-ncaa-d1-conf-Atlantic 10,ncaa,4,5,1,5,3,4,3,3,4,2,2,5,14,12,14,14,4,1,14,1,7,3,3,10,11,6,14,14,5,2,2,4,3,3,2,8,14,2,1,5,1,1,11,9,,,11,11,,,5,4,11,7,7,5,6,2,3,14,14,6,1,1,4,6,3,8,4,11,2,1,11,,8,,,5,7,4,6,8,5,3,10,9,9,6,10,10,11,3,11,12,6,10,9,9,6,10,8,10,2,3,12,2,7,2,5,6,1,1,2,4,2,7,4,,,1,4,,,5,11,4,4,5,4,2,1,2,1,8,9,8,10,9,1,4,1,6,3,3,1,3,6,,3,,,b'\x11\xe8\xe1I\xcc=\xc0\xf2\xaf\x82\x12\xdf\x17\xaeN\x1e'
11E8E149-CC3D-C0F2-AF82-12DF17AE4E1E,2016-ncaa-d1-natl,ncaa,62,58,51,64,75,129,98,76,147,39,25,168,321,310,300,331,130,89,278,88,244,73,101,232,238,173,335,334,159,33,38,91,30,51,34,120,177,71,44,79,85,72,218,186,,,233,247,,,55,152,280,159,169,127,136,48,26,329,326,165,124,124,125,202,42,133,60,150,43,101,244,,175,,,54,50,44,98,63,39,56,100,149,222,62,268,143,169,70,170,247,99,161,64,66,38,260,222,227,37,30,184,38,94,34,123,256,63,42,69,30,19,160,57,,,96,125,,,55,198,124,24,44,22,14,18,13,11,116,170,101,130,133,18,37,18,100,45,81,90,19,120,,140,,,b'\x11\xe8\xe1I\xcc=\xc0\xf2\xaf\x82\x12\xdf\x17\xaeN\x1e'
11E8E149-CC3D-C0F2-AF82-12DF17AE4E1E,2017-ncaa-d0-natl,ncaa,150,152,116,162,141,163,146,105,223,70,21,288,329,341,162,346,106,88,258,81,267,96,131,287,288,217,332,336,86,34,36,196,158,100,88,224,289,39,37,133,179,158,210,225,,,177,200,,,181,189,268,189,188,162,97,57,6,335,342,109,74,68,79,156,30,244,90,249,36,178,224,,153,,,181,178,165,139,219,157,185,132,204,91,338,105,196,202,136,197,183,148,144,225,231,229,214,206,189,125,158,163,36,146,88,130,134,187,174,165,11,16,105,21,,,120,128,,,181,158,155,225,186,153,141,81,137,147,190,77,176,186,182,81,65,111,134,116,116,207,17,100,,124,,,b'\x11\xe8\xe1I\xcc=\xc0\xf2\xaf\x82\x12\xdf\x17\xaeN\x1e'
11E8E149-CC3D-C0F2-AF82-12DF17AE4E1E,2017-ncaa-d1-conf-Atlantic 10,ncaa,8,7,5,8,7,7,7,6,10,6,3,12,11,12,6,12,5,2,13,2,7,6,6,10,10,9,11,11,4,3,4,10,5,7,6,9,14,5,2,7,2,3,13,13,,,8,9,,,9,6,8,9,7,8,6,4,3,11,12,4,3,3,4,7,3,12,6,10,5,4,13,,5,,,9,11,10,5,13,8,6,9,11,6,14,8,7,7,6,7,8,5,7,14,14,13,11,12,4,3,5,11,4,4,6,8,6,5,4,7,3,2,5,3,,,5,7,,,9,9,7,12,9,11,9,4,8,5,12,6,7,6,5,4,4,2,8,5,8,6,2,4,,4,,,b'\x11\xe8\xe1I\xcc=\xc0\xf2\xaf\x82\x12\xdf\x17\xaeN\x1e'
11E8E149-CC3D-C0F2-AF82-12DF17AE4E1E,2017-ncaa-d1-natl,ncaa,157,151,144,166,172,197,177,134,233,84,24,295,334,342,166,346,123,102,257,96,266,121,168,291,294,221,331,337,84,39,38,239,168,131,95,251,288,26,37,139,202,171,225,227,,,150,204,,,197,248,271,170,199,174,103,62,8,335,343,113,74,70,85,162,30,253,100,255,36,187,226,,157,,,197,141,135,94,229,133,142,141,186,62,342,104,172,188,143,185,183,99,84,240,249,241,214,205,187,97,168,129,38,107,95,110,133,211,182,170,9,16,93,24,,,144,122,,,197,101,163,234,201,161,146,83,145,148,193,74,178,187,188,79,63,114,140,121,120,217,17,104,,127,,,b'\x11\xe8\xe1I\xcc=\xc0\xf2\xaf\x82\x12\xdf\x17\xaeN\x1e'
11E8E149-CC3D-C0F2-AF82-12DF17AE4E1E,2018-ncaa-d0-natl,ncaa,293,295,242,299,244,264,276,279,249,200,159,257,331,329,290,320,110,86,223,81,79,250,249,290,268,279,268,322,20,186,149,252,107,230,135,308,290,208,259,302,260,248,237,217,,,147,239,,,292,263,217,44,259,281,265,160,115,331,322,65,44,42,209,164,139,203,175,308,259,250,233,,218,,,291,182,172,95,294,106,67,234,287,186,341,262,165,144,268,137,217,89,60,318,317,321,298,306,157,43,107,92,149,57,135,220,248,260,219,274,112,157,248,242,,,204,121,,,292,87,264,298,294,262,234,149,160,100,314,243,209,194,187,157,112,83,146,110,266,236,158,275,,130,,,b'\x11\xe8\xe1I\xcc=\xc0\xf2\xaf\x82\x12\xdf\x17\xaeN\x1e'
11E8E149-CC3D-C0F2-AF82-12DF17AE4E1E,2018-ncaa-d1-conf-Atlantic 10,ncaa,11,11,8,11,8,12,13,12,12,7,7,11,14,14,12,14,6,4,11,4,5,10,10,13,12,12,13,14,2,9,8,11,4,11,7,14,14,10,12,12,7,5,9,9,,,9,12,,,12,9,10,2,11,12,10,6,2,14,14,4,3,2,7,7,9,9,10,14,11,7,9,,10,,,12,10,9,2,13,3,1,13,12,8,14,11,8,8,11,7,10,2,2,13,14,12,13,12,8,2,4,7,8,4,7,10,11,5,4,7,5,6,7,5,,,8,6,,,12,6,12,11,12,11,10,5,6,2,12,9,8,9,8,5,4,2,8,5,11,5,7,9,,5,,,b'\x11\xe8\xe1I\xcc=\xc0\xf2\xaf\x82\x12\xdf\x17\xaeN\x1e'
11E8E149-CC3D-C0F2-AF82-12DF17AE4E1E,2018-ncaa-d1-natl,ncaa,305,295,315,307,316,299,302,313,260,233,198,271,333,333,297,319,130,117,220,109,79,291,296,301,278,283,266,321,18,226,157,290,116,271,143,329,297,190,262,309,280,254,250,225,,,127,243,,,301,317,225,42,271,289,275,175,120,331,322,68,48,46,215,170,153,213,187,317,261,257,239,,220,,,304,152,142,59,301,82,38,250,279,165,342,260,149,120,273,113,216,46,21,323,324,327,291,302,156,27,116,60,157,29,143,210,247,283,230,281,94,167,237,248,,,231,119,,,301,34,278,306,305,271,243,155,173,103,316,240,213,196,191,162,109,83,151,114,273,248,161,284,,132,,,b'\x11\xe8\xe1I\xcc=\xc0\xf2\xaf\x82\x12\xdf\x17\xaeN\x1e'
11E8E149-CC3D-C0F2-AF82-12DF17AE4E1E,2019-ncaa-d0-natl,ncaa,41,57,26,54,35,119,148,184,122,102,77,185,269,310,84,323,25,19,212,21,47,134,112,156,125,158,233,299,13,210,236,31,21,66,64,137,127,276,217,197,154,180,32,16,,,310,301,,,43,92,313,204,251,277,339,181,183,311,334,51,41,46,319,323,290,58,161,217,170,220,46,,214,,,48,38,11,178,3,14,142,4,85,239,6,228,292,300,120,305,309,215,227,2,7,5,321,170,342,88,21,216,236,160,64,18,96,117,137,22,181,136,93,55,,,35,29,,,43,252,177,5,46,4,1,17,5,18,32,143,219,238,244,25,18,29,68,37,4,214,88,49,,98,,,b'\x11\xe8\xe1I\xcc=\xc0\xf2\xaf\x82\x12\xdf\x17\xaeN\x1e'
11E8E149-CC3D-C0F2-AF82-12DF17AE4E1E,2019-ncaa-d1-conf-Atlantic 10,ncaa,2,2,1,2,3,4,7,8,2,4,2,9,12,14,2,14,1,1,9,1,1,4,4,5,3,5,8,14,1,3,3,4,3,3,1,6,4,10,7,9,2,1,3,3,,,10,13,,,1,6,12,9,7,11,14,7,4,14,14,1,1,1,10,11,4,7,6,9,7,3,4,,9,,,1,3,1,2,1,1,1,2,5,9,2,11,10,10,7,10,11,4,7,1,1,1,12,9,13,2,3,4,3,2,1,1,6,3,2,1,9,8,5,2,,,2,1,,,1,9,3,1,2,2,1,1,1,1,4,6,9,9,8,2,2,2,2,2,1,6,7,3,,2,,,b'\x11\xe8\xe1I\xcc=\xc0\xf2\xaf\x82\x12\xdf\x17\xaeN\x1e'
11E8E149-CC3D-C0F2-AF82-12DF17AE4E1E,2019-ncaa-d1-natl,ncaa,51,57,40,57,53,159,189,236,132,125,105,199,285,320,82,320,34,23,208,27,46,182,167,171,131,167,232,298,12,243,243,39,22,83,67,160,128,253,229,205,187,191,38,18,,,286,301,,,58,134,314,197,262,291,340,198,183,313,335,50,45,50,320,323,296,62,176,230,170,230,49,,219,,,60,21,6,129,3,12,110,4,64,217,6,224,278,285,125,288,308,174,177,2,8,7,318,169,340,62,22,175,243,115,67,10,98,150,145,29,151,144,80,57,,,51,26,,,58,204,192,5,55,5,1,20,4,18,37,138,227,242,246,27,18,30,69,39,4,225,89,51,,102,,,b'\x11\xe8\xe1I\xcc=\xc0\xf2\xaf\x82\x12\xdf\x17\xaeN\x1e'
11E8E149-CC3D-C0F2-AF82-12DF17AE4E1E,2020-ncaa-d0-natl,ncaa,66,109,8,99,22,186,210,238,154,109,90,196,330,328,275,331,9,13,128,11,50,190,179,242,168,192,275,333,4,250,272,114,183,179,229,225,215,224,210,238,99,111,13,13,,,183,150,,,129,137,302,273,276,308,348,184,184,339,340,33,38,40,324,330,309,229,300,293,142,144,19,,93,,,132,102,58,180,33,58,175,31,142,172,119,179,252,214,325,213,215,183,234,38,59,32,287,190,298,243,183,231,272,247,229,76,141,48,63,34,202,189,94,57,,,33,20,,,129,226,223,42,125,25,13,31,17,54,96,97,187,143,141,31,51,151,99,119,35,112,118,55,,101,,,b'\x11\xe8\xe1I\xcc=\xc0\xf2\xaf\x82\x12\xdf\x17\xaeN\x1e'
11E8E149-CC3D-C0F2-AF82-12DF17AE4E1E,2020-ncaa-d1-conf-Atlantic 10,ncaa,2,2,1,2,2,4,7,8,2,1,1,6,13,14,7,14,1,1,3,1,1,6,3,8,2,2,10,14,1,10,11,4,8,5,6,10,12,8,7,9,3,4,1,1,,,7,5,,,2,2,8,8,7,10,14,1,1,14,14,1,1,1,10,11,10,7,9,11,7,3,1,,5,,,2,5,3,10,1,5,9,2,4,7,1,7,13,10,12,10,10,10,14,1,2,2,10,6,14,12,8,10,11,13,6,2,3,2,2,1,10,9,4,3,,,1,1,,,2,14,5,2,2,3,1,7,3,5,3,5,11,8,8,6,10,12,5,7,1,3,9,3,,1,,,b'\x11\xe8\xe1I\xcc=\xc0\xf2\xaf\x82\x12\xdf\x17\xaeN\x1e'
11E8E149-CC3D-C0F2-AF82-12DF17AE4E1E,2020-ncaa-d1-natl,ncaa,76,109,12,104,35,221,243,286,167,131,112,208,334,333,273,331,16,20,128,18,49,234,227,247,179,203,275,334,4,275,279,145,190,225,240,259,222,208,218,255,124,121,15,13,,,155,155,,,145,177,305,273,286,318,348,200,189,339,340,32,41,41,327,331,313,234,306,300,143,154,19,,96,,,147,80,40,139,36,42,155,31,128,155,121,177,233,193,328,195,219,143,194,43,63,35,286,187,299,220,190,199,279,218,240,66,144,68,67,38,179,195,88,61,,,45,17,,,145,184,231,48,136,26,14,33,18,57,98,93,194,148,146,35,53,156,100,123,38,119,124,58,,102,,,b'\x11\xe8\xe1I\xcc=\xc0\xf2\xaf\x82\x12\xdf\x17\xaeN\x1e'
11E8E149-CC3D-C0F2-AF82-12DF17AE4E1E,2021-ncaa-d0-natl,ncaa,60,165,26,111,26,72,81,40,248,83,31,289,93,102,99,238,33,43,84,39,166,38,43,243,220,161,124,182,64,29,123,52,166,38,140,119,250,188,47,138,64,127,88,150,,,220,65,,,132,56,316,3,178,210,151,213,115,184,231,85,123,122,138,225,98,172,121,246,37,143,167,,45,,,140,276,285,292,160,273,264,180,295,306,154,268,157,194,29,191,84,286,289,167,135,134,184,258,42,291,166,314,123,315,140,299,231,60,151,199,201,77,317,187,,,58,163,,,132,290,143,136,133,106,143,142,122,89,210,238,35,58,55,94,90,164,191,177,197,181,71,231,,194,,,b'\x11\xe8\xe1I\xcc=\xc0\xf2\xaf\x82\x12\xdf\x17\xaeN\x1e'
11E8E149-CC3D-C0F2-AF82-12DF17AE4E1E,2021-ncaa-d1-conf-Atlantic 10,ncaa,1,4,1,3,1,1,1,1,10,1,1,13,3,4,5,10,2,1,2,1,6,1,1,10,9,6,7,9,3,1,4,1,4,1,5,6,12,9,1,7,3,4,5,8,,,8,2,,,3,2,10,1,4,5,2,7,5,8,9,3,4,4,2,4,2,6,4,11,1,3,11,,4,,,4,12,13,13,8,12,12,10,12,12,7,10,7,9,1,9,6,13,13,8,6,6,5,8,3,9,4,13,4,13,5,13,11,2,4,8,8,1,13,6,,,2,7,,,3,13,5,6,4,5,7,7,8,4,7,7,3,5,5,4,5,4,9,5,10,5,1,10,,5,,,b'\x11\xe8\xe1I\xcc=\xc0\xf2\xaf\x82\x12\xdf\x17\xaeN\x1e'
11E8E149-CC3D-C0F2-AF82-12DF17AE4E1E,2021-ncaa-d1-natl,ncaa,62,165,30,114,30,82,92,48,253,89,37,293,102,115,97,235,41,49,81,47,167,47,55,247,223,164,119,180,66,36,128,59,169,45,145,133,250,175,46,142,70,133,95,151,,,211,66,,,141,64,318,3,185,220,157,220,118,185,231,87,130,128,144,231,101,178,127,255,37,147,168,,47,,,147,269,282,289,171,269,254,186,289,299,159,269,150,188,31,186,88,278,280,181,142,145,180,258,41,282,169,307,128,309,145,296,232,76,159,210,194,79,316,199,,,65,159,,,141,282,146,149,143,111,148,144,128,89,215,239,35,58,56,95,89,168,195,180,200,186,72,237,,196,,,b'\x11\xe8\xe1I\xcc=\xc0\xf2\xaf\x82\x12\xdf\x17\xaeN\x1e'
11E8E149-CC3D-C0F2-AF82-12DF17AE4E1E,2021-ncaa-d1-ncaatournament,ncaa,33,2,33,33,34,64,62,51,64,55,35,62,62,64,51,64,61,60,44,59,61,57,58,64,64,64,54,52,45,39,35,39,2,37,25,58,13,14,44,52,50,38,56,57,,,4,29,,,57,62,61,7,64,62,43,55,6,60,64,61,60,59,53,53,20,24,16,56,33,44,56,,8,,,58,4,5,4,43,10,8,50,10,19,15,42,8,9,41,8,30,3,1,40,39,48,23,24,33,3,2,25,35,11,25,2,6,63,61,47,11,38,41,52,,,61,60,,,57,1,64,43,60,21,26,8,31,14,21,34,25,21,18,6,1,3,57,35,4,63,25,60,,61,,,b'\x11\xe8\xe1I\xcc=\xc0\xf2\xaf\x82\x12\xdf\x17\xaeN\x1e'
11E8E149-CC3D-C0F2-AF82-12DF17AE4E1E,2022-ncaa-d0-natl,ncaa,139,106,216,132,235,240,241,219,252,247,205,288,181,212,116,178,251,232,265,222,203,227,276,241,251,171,142,127,210,178,170,250,215,234,207,317,346,10,26,179,183,114,186,145,,,50,120,,,129,294,340,194,238,234,190,245,169,160,184,238,212,202,201,303,136,252,213,331,11,156,177,,63,,,126,41,48,71,121,55,75,124,120,117,166,218,57,72,48,73,174,59,65,135,114,98,203,236,124,133,215,154,170,133,207,50,141,226,135,113,18,46,49,57,,,288,237,,,129,59,150,123,131,50,63,64,65,70,153,145,81,105,101,47,34,178,211,196,82,208,29,56,,289,,,b'\x11\xe8\xe1I\xcc=\xc0\xf2\xaf\x82\x12\xdf\x17\xaeN\x1e'
11E8E149-CC3D-C0F2-AF82-12DF17AE4E1E,2022-ncaa-d1-conf-Atlantic 10,ncaa,4,4,10,4,10,9,10,10,10,12,8,12,8,11,2,9,9,9,12,8,8,10,12,10,10,7,5,6,6,6,7,12,9,11,8,13,13,1,1,8,10,8,5,4,,,3,3,,,5,12,11,2,6,9,6,8,5,6,7,7,7,6,5,11,5,9,7,13,1,10,4,,4,,,5,5,4,4,7,3,2,5,10,4,12,12,3,3,1,3,7,3,4,9,6,4,10,12,3,9,9,6,7,6,8,7,8,10,8,9,1,1,4,3,,,12,11,,,5,3,7,7,5,6,6,7,5,5,11,9,3,4,4,4,5,10,9,10,6,8,1,4,,12,,,b'\x11\xe8\xe1I\xcc=\xc0\xf2\xaf\x82\x12\xdf\x17\xaeN\x1e'
11E8E149-CC3D-C0F2-AF82-12DF17AE4E1E,2022-ncaa-d1-natl,ncaa,157,106,270,143,284,275,281,262,266,281,244,298,198,233,121,180,273,258,264,249,201,267,319,250,268,180,137,126,202,210,180,287,223,277,222,333,348,6,28,191,211,127,202,149,,,33,121,,,156,332,341,183,253,251,207,258,180,165,189,242,213,205,211,313,153,265,232,340,13,168,185,,65,,,154,28,38,38,132,43,50,138,110,93,182,213,47,63,49,62,173,32,31,147,127,119,200,233,124,110,223,110,180,98,222,34,148,263,152,129,12,46,41,65,,,313,235,,,156,24,166,140,157,58,70,67,71,75,154,143,84,108,106,50,33,180,216,197,88,215,28,59,,289,,,b'\x11\xe8\xe1I\xcc=\xc0\xf2\xaf\x82\x12\xdf\x17\xaeN\x1e'
11E8E149-CC3D-C0F2-AF82-12DF17AE4E1E,2023-ncaa-d0-natl,ncaa,312,317,236,315,251,307,278,248,279,229,186,270,295,276,311,235,321,321,222,318,339,275,283,294,306,288,299,259,255,130,70,270,162,211,105,334,346,118,208,314,238,166,238,199,,,67,160,,,266,313,334,106,313,272,225,212,140,296,264,320,319,313,256,264,91,253,170,341,177,219,223,,92,,,268,63,80,69,216,58,62,169,219,145,330,251,36,36,113,39,94,54,36,253,214,253,237,303,52,64,162,53,70,44,105,118,177,296,235,262,76,148,246,247,,,346,351,,,266,45,268,236,278,117,156,93,108,78,263,188,50,58,57,61,28,101,95,87,167,293,125,282,,353,,,b'\x11\xe8\xe1I\xcc=\xc0\xf2\xaf\x82\x12\xdf\x17\xaeN\x1e'
11E8E149-CC3D-C0F2-AF82-12DF17AE4E1E,2023-ncaa-d1-conf-Atlantic 10,ncaa,13,13,9,13,9,12,12,10,10,10,6,12,14,15,13,12,14,11,13,11,14,11,11,12,14,13,14,13,13,7,7,11,5,9,7,14,15,3,7,14,9,7,9,9,,,1,10,,,13,13,15,5,13,11,9,9,5,14,15,14,12,11,9,10,7,12,8,14,7,7,10,,3,,,13,3,3,3,11,4,2,9,8,5,11,8,5,3,13,3,7,3,2,11,11,11,10,8,8,3,5,4,7,2,7,6,8,13,10,10,1,3,9,10,,,15,15,,,13,3,12,11,13,6,6,2,8,3,8,7,5,5,5,2,1,4,7,5,6,13,2,12,,15,,,b'\x11\xe8\xe1I\xcc=\xc0\xf2\xaf\x82\x12\xdf\x17\xaeN\x1e'
11E8E149-CC3D-C0F2-AF82-12DF17AE4E1E,2023-ncaa-d1-natl,ncaa,322,316,310,326,316,333,309,303,288,269,226,278,314,298,314,238,334,332,218,332,337,318,332,303,313,302,295,261,251,157,79,305,167,263,118,346,346,88,219,321,263,184,254,205,,,42,163,,,289,346,339,100,325,287,243,227,145,303,271,319,324,321,264,274,98,266,192,343,180,228,226,,94,,,293,42,60,35,236,47,38,184,210,125,338,249,26,29,118,29,97,21,12,269,232,280,239,307,52,46,167,31,79,19,118,101,182,327,249,273,62,148,237,255,,,353,348,,,289,14,280,265,296,127,165,94,115,80,272,189,51,62,60,62,28,103,100,92,178,303,123,285,,353,,,b'\x11\xe8\xe1I\xcc=\xc0\xf2\xaf\x82\x12\xdf\x17\xaeN\x1e'
11E8E149-CC3D-C0F2-AF82-12DF17AE4E1E,2024-ncaa-d0-natl,ncaa,34,13,143,28,182,184,187,234,137,186,167,240,192,290,17,276,122,129,152,129,134,209,222,142,130,147,162,205,92,68,13,129,44,99,7,282,331,167,201,269,124,76,207,179,,,87,160,,,54,280,339,262,204,214,297,209,173,200,300,122,135,132,272,286,54,116,61,313,165,129,210,,79,,,52,12,21,100,17,37,70,82,46,186,1,282,40,35,210,36,103,80,70,11,11,19,125,145,164,59,44,13,13,17,7,15,52,230,168,68,67,92,73,61,,,171,118,,,54,82,101,15,45,4,6,46,26,31,42,184,50,36,39,29,15,45,5,6,13,253,72,69,,184,,,b'\x11\xe8\xe1I\xcc=\xc0\xf2\xaf\x82\x12\xdf\x17\xaeN\x1e'
11E8E149-CC3D-C0F2-AF82-12DF17AE4E1E,2024-ncaa-d1-conf-Atlantic 10,ncaa,2,2,7,2,10,8,8,12,5,10,8,9,8,11,2,12,7,6,11,6,4,11,11,4,6,6,8,8,6,7,3,4,1,4,1,12,11,4,6,9,7,4,7,7,,,3,9,,,4,12,13,7,7,8,10,9,7,7,13,5,3,3,9,10,7,3,4,12,6,5,7,,4,,,4,3,2,3,2,3,3,8,3,12,1,15,6,3,13,3,8,4,3,1,3,3,10,7,11,2,1,2,3,2,1,3,6,11,7,4,3,3,9,9,,,8,6,,,4,4,5,2,4,2,1,2,1,1,3,12,7,4,4,2,3,1,2,1,3,10,3,10,,8,,,b'\x11\xe8\xe1I\xcc=\xc0\xf2\xaf\x82\x12\xdf\x17\xaeN\x1e'
11E8E149-CC3D-C0F2-AF82-12DF17AE4E1E,2024-ncaa-d1-natl,ncaa,30,13,130,27,174,194,217,248,152,202,174,250,207,291,25,280,118,114,172,109,113,226,235,154,143,162,160,213,72,65,13,119,40,88,7,290,327,181,205,277,129,76,219,186,,,69,150,,,52,293,343,263,218,239,309,221,188,210,303,113,119,115,280,287,58,100,57,320,167,130,222,,70,,,50,8,15,94,14,29,68,81,44,206,2,291,35,25,216,27,92,63,55,10,11,18,119,146,150,47,40,10,13,11,7,15,50,237,175,72,69,100,76,71,,,159,94,,,52,76,104,15,44,4,7,49,23,28,38,194,37,26,28,29,13,37,5,7,14,260,76,72,,165,,,b'\x11\xe8\xe1I\xcc=\xc0\xf2\xaf\x82\x12\xdf\x17\xaeN\x1e'
11E8E149-CC3D-C0F2-AF82-12DF17AE4E1E,2025-ncaa-d0-natl,genius_ncaa,220,249,135,247,157,244,243,242,222,281,242,270,164,211,86,157,286,263,289,276,243,258,227,202,216,261,109,93,245,84,33,170,176,125,45,207,145,289,309,258,220,198,150,115,,,132,201,,204,144,279,345,208,297,288,317,306,272,171,214,310,284,298,324,301,79,187,117,222,269,230,166,,111,,202,144,34,27,115,18,32,103,40,95,191,28,246,118,102,223,104,172,102,103,19,21,47,238,204,243,185,176,26,33,64,45,40,151,229,181,110,279,300,186,250,,,240,221,,271,144,92,213,61,138,18,17,66,24,69,90,173,118,107,105,54,30,181,21,47,38,246,271,178,,282,,281,b'\x11\xe8\xe1I\xcc=\xc0\xf2\xaf\x82\x12\xdf\x17\xaeN\x1e'
11E8E149-CC3D-C0F2-AF82-12DF17AE4E1E,2025-ncaa-d1-conf-Atlantic 10,genius_ncaa,11,11,11,11,12,12,13,13,9,13,11,12,6,9,5,6,13,13,11,13,12,13,13,8,8,9,6,5,12,10,2,10,5,10,3,8,6,9,10,9,13,12,6,6,,,7,10,,5,9,15,14,5,11,12,11,12,10,6,9,13,11,11,12,13,4,7,4,8,9,12,6,,7,,7,9,3,2,3,5,2,3,4,8,7,8,11,7,7,6,7,9,3,1,5,6,10,11,12,10,4,5,2,2,2,3,4,9,15,13,11,13,14,6,9,,,14,14,,13,9,1,9,10,9,6,3,5,2,4,9,10,7,7,7,6,4,5,2,4,7,14,15,7,,14,,13,b'\x11\xe8\xe1I\xcc=\xc0\xf2\xaf\x82\x12\xdf\x17\xaeN\x1e'
11E8E149-CC3D-C0F2-AF82-12DF17AE4E1E,2025-ncaa-d1-natl,genius_ncaa,246,249,172,257,206,288,281,297,227,301,272,288,185,229,93,155,306,284,292,299,240,302,278,207,224,270,107,96,240,106,38,204,186,160,50,238,149,262,315,268,257,209,170,121,,,104,207,,191,157,324,347,195,316,305,326,315,281,175,217,312,290,301,325,305,89,196,130,238,271,248,170,,114,,208,157,21,18,83,22,25,70,44,79,166,31,243,102,89,225,89,176,66,53,22,28,60,235,202,244,163,186,15,38,39,50,29,150,263,192,121,257,308,171,255,,,267,215,,276,157,43,225,73,151,20,19,70,28,70,93,169,124,107,106,58,29,179,21,49,39,253,272,183,,281,,280,b'\x11\xe8\xe1I\xcc=\xc0\xf2\xaf\x82\x12\xdf\x17\xaeN\x1e'
11E8E149-CC3D-C0F2-AF82-12DF17AE4E1E,2026-ncaa-d0-natl,genius_ncaa,212,250,116,241,142,187,197,182,246,216,197,265,130,141,147,129,172,176,167,179,182,182,159,227,224,262,99,104,170,163,220,146,198,152,208,184,170,301,294,257,120,125,232,285,,,223,187,,180,258,155,119,97,244,250,233,273,249,148,159,214,224,228,242,178,201,174,183,221,292,112,269,,207,,154,255,252,293,227,289,320,268,278,147,154,173,85,169,207,45,206,131,227,222,258,228,221,34,82,88,220,198,242,220,237,208,312,297,140,165,262,323,311,295,299,,,190,265,,286,258,227,253,208,245,239,281,231,315,291,103,99,131,178,182,229,243,199,235,220,311,137,303,287,,254,,308,b'\x11\xe8\xe1I\xcc=\xc0\xf2\xaf\x82\x12\xdf\x17\xaeN\x1e'
11E8E149-CC3D-C0F2-AF82-12DF17AE4E1E,2026-ncaa-d1-conf-Atlantic 10,genius_ncaa,8,8,1,8,1,7,8,5,10,11,4,13,3,5,1,7,5,7,2,5,9,7,4,8,9,8,2,3,6,3,4,7,9,6,3,4,2,13,10,5,9,10,12,12,,,4,4,,1,10,3,3,1,7,8,5,11,4,3,5,5,7,5,7,4,3,7,6,4,13,9,12,,4,,1,10,10,10,11,8,10,2,14,11,14,5,14,8,3,12,3,8,9,8,11,12,11,8,10,7,6,9,4,4,5,3,14,14,10,11,13,7,6,13,12,,,12,13,,8,10,10,8,10,9,10,10,11,10,2,11,14,8,3,3,9,8,6,4,5,14,10,7,13,,12,,8,b'\x11\xe8\xe1I\xcc=\xc0\xf2\xaf\x82\x12\xdf\x17\xaeN\x1e'
11E8E149-CC3D-C0F2-AF82-12DF17AE4E1E,2026-ncaa-d1-natl,genius_ncaa,256,249,177,275,197,265,276,260,282,295,263,294,184,195,168,127,232,246,166,244,174,261,232,261,255,281,88,102,145,234,256,230,217,239,251,260,177,263,315,289,175,162,278,305,,,180,210,,152,294,220,134,100,275,291,267,307,267,171,175,228,236,238,278,209,237,210,228,260,303,144,282,,218,,160,298,214,253,171,320,300,215,309,108,96,201,82,126,163,50,161,135,173,156,297,275,270,31,78,89,173,217,196,256,191,251,301,304,206,207,293,301,323,280,317,,,254,257,,305,294,161,284,262,289,279,313,243,331,303,120,105,141,193,192,245,241,209,248,245,330,181,318,297,,252,,305,b'\x11\xe8\xe1I\xcc=\xc0\xf2\xaf\x82\x12\xdf\x17\xaeN\x1e'
11E8E149-CC41-F53C-AF82-12DF17AE4E1E,2010-ncaa-d0-natl,ncaa,290,290,241,294,261,283,282,280,271,294,296,246,188,140,249,72,265,299,89,298,198,289,297,250,245,238,97,96,190,307,298,258,71,293,234,193,37,83,202,149,243,179,299,287,,,44,144,,,245,287,261,188,275,281,256,284,275,158,107,250,285,280,271,286,295,226,287,160,147,211,293,,86,,,246,64,68,51,229,51,42,205,193,144,304,248,78,48,301,50,152,38,39,262,263,238,234,271,121,21,71,138,298,66,234,238,318,246,145,278,151,241,95,179,,,291,208,,,245,52,255,194,251,135,138,77,105,58,249,193,113,86,88,54,52,30,238,141,279,204,207,120,,268,,,b'\x11\xe8\xe1I\xccA\xf5<\xaf\x82\x12\xdf\x17\xaeN\x1e'
11E8E149-CC41-F53C-AF82-12DF17AE4E1E,2010-ncaa-d1-conf-Horizon,ncaa,9,7,7,9,8,9,9,7,9,8,8,9,6,6,7,5,5,6,5,7,6,7,9,9,9,7,3,4,4,7,7,5,1,5,5,9,6,5,7,8,6,6,7,7,,,5,7,,,6,8,6,5,8,9,5,8,5,5,5,4,5,6,5,6,7,3,4,8,7,6,7,,7,,,6,2,4,4,5,5,4,5,4,5,8,5,4,3,6,3,5,3,2,5,4,6,4,7,6,2,1,6,7,4,5,4,2,5,5,5,5,6,7,9,,,7,6,,,6,2,8,6,6,5,6,4,6,6,6,5,5,5,5,4,4,3,8,6,5,5,6,9,,6,,,b'\x11\xe8\xe1I\xccA\xf5<\xaf\x82\x12\xdf\x17\xaeN\x1e'
11E8E149-CC41-F53C-AF82-12DF17AE4E1E,2010-ncaa-d1-natl,ncaa,281,289,191,287,227,268,272,263,267,285,294,222,168,120,253,68,240,269,94,266,169,275,282,248,239,230,89,95,165,291,291,239,65,275,228,175,37,95,187,143,218,162,292,276,,,69,158,,,240,268,260,186,272,276,250,284,276,149,95,225,258,257,264,277,285,229,279,149,137,201,288,,93,,,240,82,87,57,228,65,48,202,215,156,303,247,99,69,297,67,162,45,45,261,267,241,238,267,133,23,65,163,291,78,228,249,314,228,144,275,175,241,97,181,,,277,196,,,240,66,243,197,244,130,129,66,101,55,247,185,122,92,95,53,51,26,228,129,270,202,212,116,,258,,,b'\x11\xe8\xe1I\xccA\xf5<\xaf\x82\x12\xdf\x17\xaeN\x1e'
11E8E149-CC41-F53C-AF82-12DF17AE4E1E,2011-ncaa-d0-natl,ncaa,296,320,119,310,142,225,218,169,257,287,273,272,49,39,103,24,303,327,93,331,317,214,213,193,208,217,36,12,319,211,247,164,196,187,238,128,43,156,211,140,312,324,325,330,,,113,137,,,305,211,273,192,266,253,207,315,299,38,31,327,337,338,269,283,242,190,232,136,151,328,336,,99,,,297,267,291,258,263,233,136,304,316,319,172,319,112,108,184,114,141,234,145,292,270,329,208,284,54,202,196,220,247,217,238,306,239,319,337,332,250,267,176,245,,,316,331,,,305,130,224,326,303,266,286,253,226,104,313,327,106,100,104,232,92,195,207,202,287,336,230,171,,340,,,b'\x11\xe8\xe1I\xccA\xf5<\xaf\x82\x12\xdf\x17\xaeN\x1e'
11E8E149-CC41-F53C-AF82-12DF17AE4E1E,2011-ncaa-d1-conf-Horizon,ncaa,9,9,7,9,9,10,10,8,9,10,8,10,5,7,5,3,9,10,4,10,9,10,10,9,9,9,3,1,9,4,3,9,7,8,7,7,4,4,6,6,9,9,10,9,,,4,6,,,9,10,10,5,10,10,5,10,6,4,4,9,10,10,8,9,3,7,4,7,4,9,10,,5,,,9,3,3,4,7,2,2,8,8,8,5,9,3,5,1,5,8,5,1,8,7,8,8,9,4,7,7,5,3,4,7,4,6,9,9,9,6,8,5,6,,,10,10,,,9,1,7,8,9,6,6,5,4,3,8,8,5,5,6,6,1,7,5,5,5,9,7,6,,10,,,b'\x11\xe8\xe1I\xccA\xf5<\xaf\x82\x12\xdf\x17\xaeN\x1e'
11E8E149-CC41-F53C-AF82-12DF17AE4E1E,2011-ncaa-d1-natl,ncaa,305,320,132,316,163,248,235,197,264,303,292,278,56,47,106,23,313,335,91,335,316,244,246,199,216,221,32,12,319,231,250,188,198,215,243,145,43,140,215,144,320,325,330,334,,,94,139,,,310,247,274,190,268,258,212,317,301,38,33,327,338,339,271,284,244,195,234,139,152,328,337,,99,,,304,254,279,240,269,222,117,307,311,311,177,319,103,94,190,99,138,216,109,294,278,332,204,284,53,191,198,204,250,201,243,299,239,331,339,333,238,270,162,252,,,326,332,,,310,95,227,329,311,271,288,255,230,108,313,327,109,101,104,234,90,194,209,205,291,337,235,177,,340,,,b'\x11\xe8\xe1I\xccA\xf5<\xaf\x82\x12\xdf\x17\xaeN\x1e'
11E8E149-CC41-F53C-AF82-12DF17AE4E1E,2012-ncaa-d0-natl,ncaa,266,278,163,274,164,305,311,316,262,296,313,174,247,169,327,87,281,306,105,307,178,319,313,256,254,279,159,165,137,306,279,187,95,257,179,276,158,189,301,284,255,213,343,343,,,16,36,,,267,300,335,13,328,330,339,313,322,243,161,282,306,309,337,329,312,170,268,293,214,259,343,,14,,,266,50,90,115,124,35,18,210,300,315,108,338,8,8,204,8,30,61,41,183,127,192,270,337,9,81,95,85,279,60,179,159,247,306,267,284,154,250,68,203,,,254,93,,,267,43,299,184,268,74,123,134,44,14,312,334,5,4,5,66,22,91,113,90,187,306,164,74,,253,,,b'\x11\xe8\xe1I\xccA\xf5<\xaf\x82\x12\xdf\x17\xaeN\x1e'
11E8E149-CC41-F53C-AF82-12DF17AE4E1E,2012-ncaa-d1-conf-Horizon,ncaa,8,8,3,8,5,10,10,10,8,8,9,7,10,9,10,6,9,10,3,10,7,10,10,10,10,10,9,10,4,9,8,6,7,7,6,10,7,9,10,10,6,6,10,10,,,1,1,,,8,10,10,7,10,10,10,9,9,10,9,10,10,10,10,10,9,6,8,10,9,6,10,,1,,,8,3,4,6,4,6,4,4,5,6,1,8,1,1,10,1,1,5,3,3,3,2,3,7,1,8,7,5,8,5,6,3,5,8,7,4,7,8,8,7,,,8,5,,,8,1,10,5,8,2,5,6,5,5,4,6,1,1,1,3,1,8,3,4,3,8,6,7,,8,,,b'\x11\xe8\xe1I\xccA\xf5<\xaf\x82\x12\xdf\x17\xaeN\x1e'
11E8E149-CC41-F53C-AF82-12DF17AE4E1E,2012-ncaa-d1-natl,ncaa,267,277,137,272,139,301,304,307,259,292,308,164,238,152,326,86,275,292,115,297,165,312,307,252,250,279,158,162,146,294,263,166,91,233,159,276,153,201,300,278,253,216,343,343,,,12,32,,,252,299,333,13,323,324,338,309,321,240,154,277,300,303,334,325,294,161,254,287,212,263,343,,13,,,252,60,100,147,106,48,30,194,301,320,96,336,8,6,240,7,31,82,47,169,110,176,262,331,15,92,91,99,263,77,159,169,241,297,265,282,170,251,86,216,,,240,101,,,252,47,293,168,255,71,123,141,46,17,305,332,8,4,6,70,23,95,109,90,176,304,177,94,,256,,,b'\x11\xe8\xe1I\xccA\xf5<\xaf\x82\x12\xdf\x17\xaeN\x1e'
11E8E149-CC41-F53C-AF82-12DF17AE4E1E,2013-ncaa-d0-natl,ncaa,259,265,183,267,203,184,190,244,113,194,246,119,169,180,131,143,167,213,62,214,147,242,216,114,99,150,145,160,147,164,68,158,104,155,51,142,86,251,276,188,324,324,331,326,,,76,104,,,286,226,217,112,164,176,242,188,248,151,164,145,205,206,245,195,148,107,121,108,273,319,331,,100,,,284,278,280,230,287,201,64,316,333,333,242,337,108,66,311,60,128,208,108,319,311,340,297,324,47,103,104,25,68,30,51,325,309,341,338,344,269,285,236,279,,,195,157,,,286,121,141,338,286,310,305,306,219,83,340,339,124,88,85,255,131,125,33,51,328,339,284,250,,180,,,b'\x11\xe8\xe1I\xccA\xf5<\xaf\x82\x12\xdf\x17\xaeN\x1e'
11E8E149-CC41-F53C-AF82-12DF17AE4E1E,2013-ncaa-d1-conf-Horizon,ncaa,5,6,3,6,3,4,4,6,3,2,3,5,7,8,4,7,2,3,1,3,5,5,2,3,3,5,7,8,2,2,1,1,2,1,1,4,5,9,9,8,7,8,8,9,,,2,3,,,5,2,5,4,5,5,6,3,3,8,8,2,2,2,6,3,4,1,1,5,9,8,8,,4,,,5,8,9,9,4,7,5,5,9,9,4,9,2,1,3,1,2,9,8,5,5,7,5,9,1,4,2,1,1,3,1,9,8,9,9,9,9,9,8,7,,,4,4,,,5,8,5,7,5,6,7,9,5,6,9,9,2,2,2,8,5,4,2,3,9,9,8,8,,4,,,b'\x11\xe8\xe1I\xccA\xf5<\xaf\x82\x12\xdf\x17\xaeN\x1e'
11E8E149-CC41-F53C-AF82-12DF17AE4E1E,2013-ncaa-d1-natl,ncaa,248,265,136,262,164,165,169,213,117,175,225,111,162,160,165,138,151,195,56,204,150,215,187,123,101,157,149,162,144,136,58,127,97,125,44,125,84,266,276,184,323,326,329,324,,,106,118,,,276,192,211,119,162,173,230,183,247,152,156,142,205,207,232,190,137,99,94,99,268,322,329,,115,,,271,302,290,260,273,213,84,310,336,337,229,335,147,98,337,96,145,244,137,307,310,338,298,321,69,121,97,29,58,44,44,330,302,341,340,344,275,276,247,272,,,165,157,,,276,149,142,337,276,309,301,307,209,85,339,340,159,99,100,267,132,123,35,48,327,339,273,249,,176,,,b'\x11\xe8\xe1I\xccA\xf5<\xaf\x82\x12\xdf\x17\xaeN\x1e'
11E8E149-CC41-F53C-AF82-12DF17AE4E1E,2014-ncaa-d0-natl,ncaa,312,332,131,322,155,189,166,264,46,175,281,26,143,130,190,83,274,323,9,324,292,286,225,54,50,158,178,125,292,333,308,214,258,294,257,139,119,328,339,256,249,265,301,296,,,206,195,,,324,162,163,206,217,183,310,192,298,140,129,294,330,332,328,273,342,244,326,138,326,254,310,,201,,,318,325,321,225,320,244,107,332,338,324,319,331,185,194,113,195,256,230,204,336,327,337,301,325,84,230,258,62,308,118,257,309,239,236,273,315,347,346,167,253,,,268,253,,,324,186,239,337,321,320,316,245,236,68,342,331,192,196,194,249,196,216,46,92,313,258,346,166,,302,,,b'\x11\xe8\xe1I\xccA\xf5<\xaf\x82\x12\xdf\x17\xaeN\x1e'
11E8E149-CC41-F53C-AF82-12DF17AE4E1E,2014-ncaa-d1-conf-Horizon,ncaa,7,8,3,8,3,7,4,9,1,4,5,2,7,7,5,7,9,9,1,9,9,9,9,1,1,5,8,7,9,9,8,7,7,9,5,5,4,9,9,8,6,6,6,6,,,5,5,,,7,7,8,3,9,6,9,3,5,7,7,9,9,9,9,9,9,7,9,5,9,6,6,,4,,,7,7,4,5,6,2,2,6,9,8,9,8,7,7,3,7,8,5,4,8,8,8,8,8,5,5,7,1,8,1,5,6,7,4,4,5,9,9,7,8,,,9,8,,,7,3,8,8,8,5,3,3,2,2,9,8,4,6,7,3,3,6,1,2,6,4,9,7,,9,,,b'\x11\xe8\xe1I\xccA\xf5<\xaf\x82\x12\xdf\x17\xaeN\x1e'
11E8E149-CC41-F53C-AF82-12DF17AE4E1E,2014-ncaa-d1-natl,ncaa,319,331,145,329,180,213,188,285,49,196,293,27,152,135,194,84,284,329,8,331,293,306,256,55,50,163,177,121,292,336,311,242,265,312,267,156,122,325,340,265,262,266,308,298,,,187,197,,,326,190,163,206,223,190,315,199,299,142,129,295,330,333,332,275,342,253,328,147,327,259,313,,200,,,323,320,312,207,324,228,79,332,335,321,323,332,178,184,115,185,255,208,171,338,332,342,297,324,86,205,265,44,311,91,267,304,240,256,276,320,346,346,154,259,,,292,253,,,326,161,246,340,325,323,318,246,243,70,342,330,194,198,199,250,197,216,47,93,316,264,346,171,,300,,,b'\x11\xe8\xe1I\xccA\xf5<\xaf\x82\x12\xdf\x17\xaeN\x1e'
11E8E149-CC41-F53C-AF82-12DF17AE4E1E,2015-ncaa-d0-natl,ncaa,320,316,243,322,282,240,231,193,251,259,217,275,128,136,120,104,293,306,130,312,296,219,217,221,238,235,117,77,291,241,276,104,114,159,210,252,254,166,206,243,348,348,335,337,,,131,138,,,331,207,60,347,208,196,104,248,179,97,101,283,302,304,151,137,229,26,89,239,210,348,335,,195,,,336,317,322,281,302,273,179,317,334,328,278,315,125,201,7,196,190,273,153,324,297,345,226,308,34,180,114,248,276,228,210,224,77,346,348,347,254,282,255,279,,,279,275,,,331,148,258,344,334,340,341,340,318,259,346,342,161,234,232,339,281,249,299,306,284,346,290,288,,254,,,b'\x11\xe8\xe1I\xccA\xf5<\xaf\x82\x12\xdf\x17\xaeN\x1e'
11E8E149-CC41-F53C-AF82-12DF17AE4E1E,2015-ncaa-d1-conf-Horizon,ncaa,9,9,6,9,9,9,9,7,9,8,3,9,8,8,6,8,6,7,4,7,6,8,7,8,8,8,8,8,4,7,6,4,8,6,7,9,8,9,9,9,9,9,8,8,,,8,8,,,9,7,3,9,9,9,6,7,3,8,8,6,7,7,6,5,5,3,4,9,9,9,8,,8,,,9,8,8,6,8,6,4,8,8,6,7,5,7,9,1,9,8,8,3,8,7,9,5,4,4,7,8,5,6,5,7,3,1,9,9,9,9,9,9,9,,,6,6,,,9,3,9,9,9,9,9,8,8,5,9,6,7,9,9,8,7,7,8,6,4,9,9,9,,6,,,b'\x11\xe8\xe1I\xccA\xf5<\xaf\x82\x12\xdf\x17\xaeN\x1e'
11E8E149-CC41-F53C-AF82-12DF17AE4E1E,2015-ncaa-d1-natl,ncaa,312,313,209,315,295,209,203,164,239,237,201,264,119,128,99,111,272,295,115,298,293,202,195,206,220,216,116,80,282,239,268,73,103,132,193,248,263,165,192,236,349,348,335,337,,,130,125,,,328,178,53,346,176,174,90,233,169,92,104,267,285,292,139,129,223,20,77,234,207,348,336,,175,,,327,330,332,302,305,297,199,321,337,333,282,319,117,194,9,190,166,298,175,328,299,346,215,307,32,182,103,261,268,241,193,239,63,347,348,347,260,277,251,273,,,269,274,,,328,170,236,345,326,343,343,342,321,269,346,344,143,224,216,341,285,243,299,294,280,347,281,282,,249,,,b'\x11\xe8\xe1I\xccA\xf5<\xaf\x82\x12\xdf\x17\xaeN\x1e'
11E8E149-CC41-F53C-AF82-12DF17AE4E1E,2016-ncaa-d0-natl,ncaa,296,281,287,297,311,261,290,328,143,321,341,85,104,103,140,23,224,254,141,262,35,324,315,91,89,154,26,35,169,344,334,221,187,311,272,241,132,163,288,235,347,344,150,130,,,106,194,,,318,294,161,196,203,250,311,307,337,61,50,187,212,220,301,276,341,100,281,204,248,342,118,,210,,,323,255,250,161,294,195,119,283,277,239,306,257,203,224,90,225,251,175,58,307,304,348,247,257,151,138,187,70,334,79,272,225,178,349,349,346,237,315,171,318,,,273,142,,,318,61,205,348,321,330,321,315,287,239,323,306,270,292,293,328,214,240,175,207,292,347,297,230,,209,,,b'\x11\xe8\xe1I\xccA\xf5<\xaf\x82\x12\xdf\x17\xaeN\x1e'
11E8E149-CC41-F53C-AF82-12DF17AE4E1E,2016-ncaa-d1-conf-Horizon,ncaa,8,9,3,9,5,8,8,10,5,8,9,3,6,7,4,4,6,7,4,7,4,10,9,3,3,8,5,4,6,9,8,3,7,8,6,8,4,10,10,9,9,9,1,2,,,5,5,,,10,7,8,7,8,9,10,7,9,7,7,7,7,7,10,10,9,4,8,8,8,9,1,,5,,,10,10,8,9,8,8,9,6,7,5,9,3,8,8,6,8,4,9,5,8,7,10,5,4,5,9,7,4,8,4,6,7,3,10,10,10,10,10,7,10,,,8,8,,,10,4,8,10,10,8,8,7,7,7,6,4,7,7,7,8,4,8,4,4,7,10,10,7,,9,,,b'\x11\xe8\xe1I\xccA\xf5<\xaf\x82\x12\xdf\x17\xaeN\x1e'
11E8E149-CC41-F53C-AF82-12DF17AE4E1E,2016-ncaa-d1-natl,ncaa,265,280,142,277,197,179,202,268,104,267,333,60,72,70,133,27,202,233,137,237,62,269,242,73,71,138,42,44,208,324,306,113,190,219,224,177,128,250,285,213,335,341,105,113,,,166,168,,,301,187,161,235,179,214,293,281,332,61,53,211,230,240,296,264,328,78,233,174,249,336,102,,183,,,297,304,301,280,243,266,228,242,304,293,260,257,228,252,83,257,221,289,184,265,244,331,238,252,140,249,190,128,306,180,224,271,174,347,349,344,301,320,197,302,,,226,170,,,301,169,181,336,292,311,306,321,273,249,304,306,243,263,267,327,218,267,135,189,272,346,303,206,,230,,,b'\x11\xe8\xe1I\xccA\xf5<\xaf\x82\x12\xdf\x17\xaeN\x1e'
11E8E149-CC41-F53C-AF82-12DF17AE4E1E,2017-ncaa-d0-natl,ncaa,284,283,234,288,278,262,273,258,274,285,288,259,177,146,234,86,239,296,41,293,215,265,224,255,239,286,82,104,162,186,138,166,237,184,159,215,93,307,325,280,326,326,102,67,,,212,245,,,322,235,128,262,258,263,219,278,272,146,102,213,277,277,238,140,147,100,105,193,324,321,76,,267,,,322,270,200,202,187,110,80,218,318,317,245,319,297,289,218,276,318,221,141,246,278,329,335,316,258,244,237,84,138,142,159,250,250,336,340,333,345,343,105,194,,,305,315,,,322,113,281,331,321,324,274,299,164,112,338,336,326,320,313,318,246,288,147,222,292,332,346,145,,298,,,b'\x11\xe8\xe1I\xccA\xf5<\xaf\x82\x12\xdf\x17\xaeN\x1e'
11E8E149-CC41-F53C-AF82-12DF17AE4E1E,2017-ncaa-d1-conf-Horizon,ncaa,7,9,3,9,4,8,9,5,10,7,4,10,7,7,8,7,7,9,4,7,9,5,2,10,9,9,8,7,3,2,3,2,6,1,4,7,6,9,8,8,7,8,2,1,,,9,9,,,9,4,5,4,8,9,4,8,4,7,7,6,9,6,4,3,2,2,1,7,9,7,2,,9,,,9,9,7,9,4,3,5,4,8,9,8,9,9,9,8,9,9,9,8,6,7,8,9,8,9,8,6,5,3,6,4,7,7,10,10,10,10,10,9,7,,,7,8,,,9,7,9,9,9,8,5,7,2,3,9,9,9,9,9,8,5,7,4,6,6,10,10,8,,8,,,b'\x11\xe8\xe1I\xccA\xf5<\xaf\x82\x12\xdf\x17\xaeN\x1e'
11E8E149-CC41-F53C-AF82-12DF17AE4E1E,2017-ncaa-d1-natl,ncaa,269,282,144,279,195,220,231,206,247,253,247,220,150,123,230,91,209,262,43,257,211,222,161,233,208,257,99,112,162,163,148,116,232,135,159,183,94,315,311,264,299,319,75,64,,,244,219,,,309,173,124,260,235,248,207,257,264,143,105,204,267,267,227,142,152,86,105,181,310,302,70,,248,,,309,305,232,267,152,133,117,176,324,327,211,315,314,301,235,291,309,287,215,200,240,317,334,312,260,285,232,139,148,212,159,276,254,312,333,328,347,343,127,184,,,262,305,,,309,179,262,320,310,315,256,299,145,116,327,333,316,309,299,319,248,288,145,224,287,323,344,147,,280,,,b'\x11\xe8\xe1I\xccA\xf5<\xaf\x82\x12\xdf\x17\xaeN\x1e'
11E8E149-CC41-F53C-AF82-12DF17AE4E1E,2018-ncaa-d0-natl,ncaa,236,224,242,236,253,225,280,245,296,281,248,302,187,179,210,148,62,99,35,109,42,222,255,280,225,214,55,153,16,196,193,173,185,185,181,310,296,87,146,253,269,265,151,60,,,285,320,,,263,264,193,99,196,285,198,280,207,171,139,20,55,61,154,175,151,110,117,314,136,255,129,,318,,,265,203,73,114,71,18,11,214,302,334,71,345,345,330,337,330,347,162,104,146,251,305,347,317,343,167,185,160,193,156,181,198,324,313,308,304,104,155,183,241,,,162,68,,,263,100,201,309,262,275,122,183,25,11,325,349,345,337,337,268,195,224,229,231,243,298,153,216,,88,,,b'\x11\xe8\xe1I\xccA\xf5<\xaf\x82\x12\xdf\x17\xaeN\x1e'
11E8E149-CC41-F53C-AF82-12DF17AE4E1E,2018-ncaa-d1-conf-MVC,ncaa,8,8,3,8,4,6,6,3,9,5,4,8,6,5,9,5,3,2,3,2,5,3,2,10,8,8,4,6,2,1,6,3,7,3,6,8,9,7,6,8,6,9,5,3,,,10,10,,,8,2,2,2,6,7,2,5,4,6,5,2,3,3,2,1,1,3,1,8,7,6,5,,10,,,8,9,6,8,2,2,2,6,9,10,2,10,10,10,10,10,10,9,9,2,7,8,10,9,10,9,7,8,6,9,6,9,10,8,9,9,8,7,9,5,,,2,3,,,8,9,6,9,8,9,6,8,2,1,9,10,10,10,10,9,9,9,8,8,9,8,8,8,,2,,,b'\x11\xe8\xe1I\xccA\xf5<\xaf\x82\x12\xdf\x17\xaeN\x1e'
11E8E149-CC41-F53C-AF82-12DF17AE4E1E,2018-ncaa-d1-natl,ncaa,218,223,144,222,162,181,233,191,272,250,218,276,158,143,192,145,44,84,31,89,52,167,183,258,198,164,66,150,21,163,184,138,154,146,162,283,292,104,126,236,229,238,136,58,,,291,311,,,243,196,191,123,174,258,183,261,203,156,133,23,69,76,145,171,157,111,117,299,118,231,130,,300,,,242,267,105,162,75,19,12,194,326,344,100,345,344,332,338,330,347,233,165,158,252,294,347,326,339,180,154,205,184,199,162,251,329,279,289,295,134,148,215,231,,,144,102,,,243,166,166,291,239,267,121,167,21,10,328,349,341,329,329,254,183,191,217,214,255,279,146,213,,111,,,b'\x11\xe8\xe1I\xccA\xf5<\xaf\x82\x12\xdf\x17\xaeN\x1e'
11E8E149-CC41-F53C-AF82-12DF17AE4E1E,2019-ncaa-d0-natl,ncaa,277,324,80,300,109,128,215,181,238,325,335,194,27,15,98,7,94,110,96,102,1,169,150,119,99,126,1,8,87,330,345,266,247,321,345,210,200,234,210,229,61,72,269,279,,,349,339,,,308,81,95,237,179,285,294,348,347,22,14,107,139,129,276,276,340,334,349,258,186,76,293,,334,,,297,336,323,176,349,315,169,350,253,181,320,137,346,348,79,349,343,255,269,348,347,338,206,112,295,160,247,334,345,307,345,315,228,86,126,222,82,99,312,348,,,96,86,,,308,277,214,333,287,330,287,71,291,92,225,144,330,334,336,162,219,113,309,262,291,110,73,302,,141,,,b'\x11\xe8\xe1I\xccA\xf5<\xaf\x82\x12\xdf\x17\xaeN\x1e'
11E8E149-CC41-F53C-AF82-12DF17AE4E1E,2019-ncaa-d1-conf-MVC,ncaa,9,9,3,9,3,4,9,4,8,10,10,7,1,1,4,1,5,6,3,6,1,4,4,5,4,4,1,1,5,8,8,9,9,9,9,6,5,7,6,7,4,4,8,9,,,9,7,,,9,3,4,4,5,9,7,10,10,1,1,5,7,7,7,6,8,9,10,7,6,4,8,,9,,,9,10,10,5,10,10,8,10,7,4,9,4,10,10,1,10,8,8,8,10,9,9,3,3,6,7,9,9,8,9,9,9,7,4,4,8,5,6,9,9,,,6,7,,,9,8,7,9,9,10,9,4,9,6,7,4,9,10,10,6,8,6,8,8,9,4,4,9,,8,,,b'\x11\xe8\xe1I\xccA\xf5<\xaf\x82\x12\xdf\x17\xaeN\x1e'
11E8E149-CC41-F53C-AF82-12DF17AE4E1E,2019-ncaa-d1-natl,ncaa,294,322,107,308,140,170,255,234,248,340,346,204,29,21,102,7,112,139,96,128,1,219,210,127,108,135,1,7,78,339,346,300,254,342,346,243,207,202,216,242,78,83,287,286,,,342,341,,,318,117,102,232,189,294,298,348,347,23,13,106,143,134,282,282,343,335,350,273,192,82,301,,335,,,312,333,310,123,350,305,138,350,239,156,322,127,341,343,82,345,343,217,225,350,348,343,205,107,293,125,254,325,346,289,346,306,230,109,132,236,67,102,310,348,,,132,81,,,318,250,222,339,303,332,298,72,295,101,230,140,334,335,337,169,218,117,313,267,299,116,74,306,,142,,,b'\x11\xe8\xe1I\xccA\xf5<\xaf\x82\x12\xdf\x17\xaeN\x1e'
11E8E149-CC41-F53C-AF82-12DF17AE4E1E,2020-ncaa-d0-natl,ncaa,123,109,191,125,225,134,231,311,92,327,349,51,17,26,55,9,23,87,4,80,3,280,267,36,15,44,3,21,24,349,344,315,327,347,343,152,82,211,258,178,25,27,158,92,,,334,336,,,150,179,94,196,100,219,325,336,350,16,22,16,80,76,297,284,350,326,351,135,221,20,153,,339,,,149,198,117,60,237,113,31,317,160,229,58,266,343,345,103,345,350,118,212,246,277,160,293,139,340,263,327,131,344,186,343,154,209,28,29,50,181,232,250,347,,,88,29,,,150,185,110,188,138,231,127,55,127,24,173,247,340,342,341,142,280,272,152,219,171,27,194,255,,73,,,b'\x11\xe8\xe1I\xccA\xf5<\xaf\x82\x12\xdf\x17\xaeN\x1e'
11E8E149-CC41-F53C-AF82-12DF17AE4E1E,2020-ncaa-d1-conf-MVC,ncaa,6,6,1,6,7,5,8,10,5,10,10,8,1,2,1,2,3,6,1,6,2,9,8,2,2,4,1,1,3,10,9,10,9,10,9,4,3,8,9,6,2,2,7,6,,,10,8,,,7,3,2,7,5,8,10,10,10,1,2,3,6,6,9,8,10,10,10,4,8,2,7,,10,,,7,7,4,2,8,4,1,9,6,7,4,7,10,10,3,10,10,3,8,8,9,5,9,5,9,9,9,4,9,8,9,8,9,1,2,3,7,8,9,10,,,6,4,,,7,9,5,8,7,7,4,2,4,1,6,7,10,10,10,3,8,9,4,8,8,1,7,9,,6,,,b'\x11\xe8\xe1I\xccA\xf5<\xaf\x82\x12\xdf\x17\xaeN\x1e'
11E8E149-CC41-F53C-AF82-12DF17AE4E1E,2020-ncaa-d1-natl,ncaa,133,109,257,128,283,170,266,337,96,339,350,53,27,36,58,9,30,104,4,98,3,320,309,39,16,47,3,18,19,350,346,332,326,350,345,177,83,196,265,182,39,31,168,92,,,324,336,,,165,239,99,183,108,237,329,338,350,17,23,16,83,78,302,292,350,329,351,143,224,27,154,,339,,,165,170,91,36,248,97,17,320,141,211,60,266,338,338,105,338,350,83,160,256,292,184,293,137,340,243,326,105,346,163,345,141,211,39,34,56,152,234,241,347,,,120,27,,,165,134,117,210,153,241,135,58,132,25,171,244,342,341,340,147,277,278,155,227,181,30,195,261,,75,,,b'\x11\xe8\xe1I\xccA\xf5<\xaf\x82\x12\xdf\x17\xaeN\x1e'
11E8E149-CC41-F53C-AF82-12DF17AE4E1E,2021-ncaa-d0-natl,ncaa,128,227,59,180,60,113,141,122,213,249,277,83,17,9,154,2,106,99,155,92,4,118,123,109,104,104,2,4,151,295,340,132,244,205,337,115,122,210,143,142,24,38,111,155,,,303,271,,,165,73,197,7,169,264,268,335,343,13,5,150,160,148,245,296,338,267,337,195,93,33,166,,268,,,163,256,239,226,208,253,233,227,172,208,88,126,312,328,65,327,301,244,278,177,199,115,152,72,291,267,244,325,340,321,337,240,182,27,45,69,192,138,228,324,,,82,73,,,165,276,187,115,153,156,132,77,165,117,85,101,274,298,295,114,224,199,319,304,166,45,100,159,,142,,,b'\x11\xe8\xe1I\xccA\xf5<\xaf\x82\x12\xdf\x17\xaeN\x1e'
11E8E149-CC41-F53C-AF82-12DF17AE4E1E,2021-ncaa-d1-conf-MVC,ncaa,7,6,6,7,6,7,8,7,8,10,10,6,2,1,6,1,5,6,5,6,1,7,8,6,6,6,1,1,4,10,10,9,9,9,10,6,5,3,4,6,1,2,6,8,,,8,8,,,6,7,7,1,6,8,6,10,10,1,1,4,6,6,6,7,10,8,10,6,3,2,6,,9,,,6,3,3,3,8,5,5,7,3,4,3,3,8,9,1,9,10,4,6,7,7,4,3,2,10,7,9,8,10,8,10,6,6,1,1,2,3,4,4,10,,,6,2,,,6,4,7,6,6,7,5,4,7,6,2,3,9,9,9,5,7,9,8,9,8,1,4,8,,6,,,b'\x11\xe8\xe1I\xccA\xf5<\xaf\x82\x12\xdf\x17\xaeN\x1e'
11E8E149-CC41-F53C-AF82-12DF17AE4E1E,2021-ncaa-d1-natl,ncaa,139,225,70,185,70,123,155,135,222,265,285,87,18,10,154,2,116,114,156,105,4,135,136,109,103,110,2,4,143,299,340,150,252,225,338,128,127,196,146,144,32,42,117,157,,,296,273,,,175,90,200,6,177,276,275,336,343,13,6,149,164,153,250,300,339,271,337,205,93,40,167,,270,,,172,243,223,207,216,247,223,236,164,190,91,122,302,321,65,319,302,230,265,191,206,121,148,71,292,262,252,322,340,315,338,235,183,31,49,74,180,138,219,326,,,96,76,,,175,261,192,124,162,162,136,77,174,118,86,100,278,300,298,119,222,202,321,307,172,47,100,164,,140,,,b'\x11\xe8\xe1I\xccA\xf5<\xaf\x82\x12\xdf\x17\xaeN\x1e'
11E8E149-CC41-F53C-AF82-12DF17AE4E1E,2022-ncaa-d0-natl,ncaa,233,266,112,253,133,195,232,290,98,327,353,35,37,37,76,6,212,259,62,254,14,285,274,36,30,87,5,9,206,356,355,216,285,330,352,200,118,229,300,218,138,140,195,201,,,245,240,,,286,190,292,220,248,305,354,351,356,30,37,242,281,280,355,355,356,292,355,230,194,160,209,,207,,,280,272,259,209,258,222,168,268,267,248,240,246,266,225,337,222,222,213,199,266,280,309,237,208,218,259,285,207,355,230,352,229,174,242,263,268,72,144,136,341,,,276,210,,,286,173,201,319,280,244,227,159,199,123,244,236,242,202,197,163,114,228,175,207,204,278,61,108,,322,,,b'\x11\xe8\xe1I\xccA\xf5<\xaf\x82\x12\xdf\x17\xaeN\x1e'
11E8E149-CC41-F53C-AF82-12DF17AE4E1E,2022-ncaa-d1-conf-MVC,ncaa,7,6,7,7,9,7,7,10,5,9,10,3,1,3,2,1,7,7,2,7,1,10,10,1,1,2,1,1,6,10,10,8,8,10,8,6,2,7,10,8,5,4,8,7,,,5,7,,,8,8,6,3,7,7,10,9,10,1,1,7,7,7,10,10,10,7,10,6,8,4,8,,6,,,8,5,5,5,8,5,4,8,6,7,5,8,8,7,9,7,8,5,4,7,8,7,6,7,7,7,8,2,10,5,8,4,5,8,9,8,3,4,3,9,,,9,6,,,8,4,7,8,8,7,7,7,8,5,7,8,8,8,8,7,7,8,5,8,7,7,4,3,,8,,,b'\x11\xe8\xe1I\xccA\xf5<\xaf\x82\x12\xdf\x17\xaeN\x1e'
11E8E149-CC41-F53C-AF82-12DF17AE4E1E,2022-ncaa-d1-natl,ncaa,247,266,146,260,178,229,275,330,105,346,356,39,47,47,76,6,241,280,60,278,16,325,317,39,32,96,5,9,199,356,356,258,289,348,353,234,127,202,303,227,168,156,209,207,,,216,244,,,297,246,294,210,266,318,354,352,356,34,38,246,281,281,355,355,356,298,355,246,196,175,213,,214,,,294,252,232,165,273,199,132,282,247,228,252,241,252,206,338,203,223,164,140,282,294,321,237,208,216,232,289,185,356,197,353,218,177,278,274,283,59,153,123,343,,,300,210,,,297,117,218,329,293,258,241,161,206,124,250,235,248,207,202,166,108,233,183,211,217,287,64,122,,320,,,b'\x11\xe8\xe1I\xccA\xf5<\xaf\x82\x12\xdf\x17\xaeN\x1e'
11E8E149-CC41-F53C-AF82-12DF17AE4E1E,2023-ncaa-d0-natl,ncaa,312,328,164,321,203,250,290,345,137,341,360,59,80,77,116,16,200,195,166,184,6,334,300,73,68,173,7,18,117,358,358,274,186,343,312,249,141,319,350,307,289,290,345,346,,,321,352,,,335,223,218,226,279,322,361,354,361,66,68,191,188,178,358,342,358,302,359,262,324,292,350,,336,,,331,292,243,118,330,206,88,328,264,198,331,220,313,305,269,304,330,155,125,337,348,355,289,208,293,80,186,89,358,69,312,294,297,278,275,331,225,293,124,338,,,164,36,,,335,143,263,351,331,316,267,109,231,78,281,209,325,314,310,175,107,87,100,83,307,292,234,135,,143,,,b'\x11\xe8\xe1I\xccA\xf5<\xaf\x82\x12\xdf\x17\xaeN\x1e'
11E8E149-CC41-F53C-AF82-12DF17AE4E1E,2023-ncaa-d1-conf-MVC,ncaa,11,11,9,11,10,11,12,12,8,12,12,5,6,5,6,1,11,10,5,10,1,12,12,6,6,9,1,1,3,12,12,12,5,12,11,11,4,11,12,12,8,7,11,10,,,11,12,,,10,10,9,5,10,11,12,12,12,6,4,10,10,10,12,12,12,11,12,11,12,8,11,,11,,,10,7,7,2,12,6,3,12,5,3,12,4,9,7,10,7,10,2,2,12,12,11,8,5,9,1,5,1,12,1,11,9,11,9,6,9,8,10,4,12,,,9,3,,,10,3,10,11,11,9,8,2,8,4,8,4,10,9,9,2,2,1,3,2,10,9,9,4,,8,,,b'\x11\xe8\xe1I\xccA\xf5<\xaf\x82\x12\xdf\x17\xaeN\x1e'
11E8E149-CC41-F53C-AF82-12DF17AE4E1E,2023-ncaa-d1-natl,ncaa,322,328,219,330,266,290,322,355,142,354,360,63,96,93,121,16,219,215,164,203,6,355,341,80,72,182,7,18,109,358,358,310,189,359,322,284,148,310,353,317,319,305,354,348,,,306,355,,,340,287,225,201,288,332,361,357,361,72,74,191,190,180,359,344,358,308,359,276,325,306,351,,336,,,340,279,223,68,337,179,58,336,250,168,339,218,305,297,270,297,332,113,67,345,353,356,294,207,293,62,189,61,358,40,322,284,294,313,286,336,201,301,113,341,,,196,35,,,340,83,273,355,341,326,281,111,242,80,286,209,331,318,316,179,103,89,107,88,311,302,239,141,,144,,,b'\x11\xe8\xe1I\xccA\xf5<\xaf\x82\x12\xdf\x17\xaeN\x1e'
11E8E149-CC41-F53C-AF82-12DF17AE4E1E,2024-ncaa-d0-natl,ncaa,334,338,196,337,218,224,264,285,214,341,352,145,68,54,148,18,195,190,215,179,9,277,245,132,132,201,4,16,127,349,355,320,249,346,349,253,188,303,333,296,85,58,169,154,,,345,357,,,324,183,110,187,228,288,318,351,355,49,34,176,163,151,300,241,347,342,357,257,314,69,157,,348,,,316,288,211,69,352,253,118,345,99,45,304,45,358,353,342,352,353,121,149,349,357,349,229,28,355,92,249,258,355,193,349,210,193,125,99,160,215,250,29,177,,,191,132,,,324,172,268,337,320,328,253,43,297,128,100,49,358,352,352,151,209,111,297,244,238,96,238,28,,166,,,b'\x11\xe8\xe1I\xccA\xf5<\xaf\x82\x12\xdf\x17\xaeN\x1e'
11E8E149-CC41-F53C-AF82-12DF17AE4E1E,2024-ncaa-d1-conf-MVC,ncaa,10,10,9,10,11,10,11,12,8,12,12,8,3,3,5,1,11,10,7,10,1,12,11,7,7,8,1,1,6,11,11,11,8,12,11,12,9,11,12,12,7,5,7,7,,,12,12,,,10,11,8,8,10,11,12,12,12,3,2,9,9,9,12,11,11,11,12,12,12,6,5,,12,,,10,7,3,1,11,6,2,9,2,1,11,1,12,12,11,12,12,2,1,11,12,11,9,2,12,3,8,7,11,6,11,3,3,8,4,4,7,10,2,7,,,10,6,,,10,1,10,10,10,10,5,2,8,4,3,1,12,12,12,4,3,4,9,8,3,5,9,2,,9,,,b'\x11\xe8\xe1I\xccA\xf5<\xaf\x82\x12\xdf\x17\xaeN\x1e'
11E8E149-CC41-F53C-AF82-12DF17AE4E1E,2024-ncaa-d1-natl,ncaa,345,339,254,345,283,268,309,334,228,353,359,158,77,62,152,18,216,218,214,209,7,325,301,142,144,212,7,18,118,353,357,342,261,357,354,285,201,288,338,310,104,70,190,158,,,335,358,,,332,245,118,171,251,302,328,355,358,52,38,182,169,155,311,251,349,348,359,278,318,75,162,,350,,,331,274,188,27,357,240,83,352,80,31,311,45,358,352,346,349,356,78,93,354,360,355,229,31,357,74,261,227,357,154,354,198,195,159,113,182,192,256,21,188,,,223,127,,,332,111,281,345,330,336,266,46,306,132,109,50,361,354,354,158,209,112,303,253,255,108,241,30,,168,,,b'\x11\xe8\xe1I\xccA\xf5<\xaf\x82\x12\xdf\x17\xaeN\x1e'
11E8E149-CC41-F53C-AF82-12DF17AE4E1E,2025-ncaa-d0-natl,genius_ncaa,246,249,194,261,203,206,243,298,156,313,347,109,81,91,100,29,173,197,118,205,26,285,257,96,89,149,15,32,131,357,358,302,322,354,358,223,167,294,325,270,74,54,150,86,,,297,314,,314,269,175,111,98,200,255,333,331,352,51,60,150,178,193,321,281,357,325,361,215,301,51,143,,324,,329,266,229,178,117,279,75,29,304,322,302,295,340,278,246,324,240,333,134,210,325,341,242,341,322,256,230,322,230,358,239,358,305,340,63,45,162,147,205,122,302,,,161,66,,76,269,190,241,259,263,285,214,126,100,22,338,331,292,270,266,150,276,260,279,280,328,36,169,138,,128,,59,b'\x11\xe8\xe1I\xccA\xf5<\xaf\x82\x12\xdf\x17\xaeN\x1e'
11E8E149-CC41-F53C-AF82-12DF17AE4E1E,2025-ncaa-d1-conf-MVC,genius_ncaa,8,8,9,8,9,9,9,12,8,11,12,7,4,4,6,2,8,10,3,10,3,12,12,7,6,8,2,2,4,12,12,12,12,12,12,9,8,10,12,10,1,1,6,4,,,11,12,,11,9,9,4,5,9,9,12,10,12,4,3,8,10,10,11,11,12,11,12,9,11,1,5,,12,,11,9,4,3,3,6,2,1,8,7,12,3,12,10,8,9,8,12,3,5,6,8,3,12,9,12,11,12,6,12,9,12,9,10,1,1,3,7,8,4,10,,,8,4,,4,9,4,9,6,9,7,5,4,3,1,7,12,10,9,9,5,10,11,9,9,9,1,7,4,,6,,2,b'\x11\xe8\xe1I\xccA\xf5<\xaf\x82\x12\xdf\x17\xaeN\x1e'
11E8E149-CC41-F53C-AF82-12DF17AE4E1E,2025-ncaa-d1-natl,genius_ncaa,222,249,113,244,118,164,220,266,145,300,342,89,67,60,115,25,139,157,136,166,22,254,211,96,87,144,18,36,126,356,358,272,313,341,356,189,148,312,330,262,55,51,147,96,,,335,328,,314,247,116,113,113,195,257,332,328,353,53,57,147,166,176,316,278,358,319,360,204,295,51,158,,332,,316,243,268,198,165,254,112,51,293,321,315,264,334,304,286,274,284,337,189,255,299,320,213,336,313,278,256,313,283,358,287,356,319,337,46,41,142,176,194,132,295,,,125,66,,65,247,245,235,219,242,255,182,116,89,24,325,322,292,276,273,135,268,249,284,281,308,34,165,130,,123,,63,b'\x11\xe8\xe1I\xccA\xf5<\xaf\x82\x12\xdf\x17\xaeN\x1e'
11E8E149-CC41-F53C-AF82-12DF17AE4E1E,2026-ncaa-d0-natl,genius_ncaa,332,346,116,332,120,255,245,159,350,245,196,314,220,100,349,83,290,249,342,235,263,163,117,346,352,356,180,138,250,222,334,74,176,123,290,219,137,354,337,335,334,362,166,284,,,213,99,,180,358,91,29,41,340,325,168,317,247,251,97,331,298,290,199,63,262,31,96,273,351,357,194,,191,,154,349,331,352,330,296,360,352,269,157,180,148,30,204,255,39,250,62,325,274,245,218,308,6,34,64,291,176,351,334,333,290,357,305,304,358,362,357,339,245,249,,,199,315,,140,358,269,361,308,344,340,353,360,359,361,112,125,187,244,235,361,340,283,360,347,358,348,348,232,,263,,170,b'\x11\xe8\xe1I\xccA\xf5<\xaf\x82\x12\xdf\x17\xaeN\x1e'
11E8E149-CC41-F53C-AF82-12DF17AE4E1E,2026-ncaa-d1-conf-MVC,genius_ncaa,3,3,1,3,1,4,4,3,4,4,3,3,3,2,3,2,4,3,4,3,2,3,2,4,4,4,3,2,4,3,3,3,4,2,4,3,1,4,4,4,4,4,2,3,,,1,1,,2,4,1,1,1,4,4,3,4,3,3,2,4,3,3,3,2,3,3,2,3,4,4,2,,1,,2,4,3,3,4,3,4,4,3,1,2,1,1,3,3,3,3,2,4,4,3,3,3,1,1,4,4,4,4,3,4,4,4,3,3,4,4,3,3,1,1,,,1,1,,1,4,1,4,3,4,3,3,4,4,4,1,2,3,3,3,4,4,4,4,4,4,3,3,1,,1,,1,b'\x11\xe8\xe1I\xccA\xf5<\xaf\x82\x12\xdf\x17\xaeN\x1e'
11E8E149-CC41-F53C-AF82-12DF17AE4E1E,2026-ncaa-d1-natl,genius_ncaa,354,345,177,354,181,325,324,238,359,323,262,338,267,144,355,86,331,306,342,299,269,247,177,357,358,362,163,135,233,298,350,106,191,184,320,297,146,349,350,349,358,363,209,304,,,171,115,,152,360,149,33,31,356,348,201,338,266,264,108,338,306,302,237,79,294,35,123,314,356,359,207,,206,,160,358,320,345,316,325,356,349,305,117,124,177,27,168,217,45,207,66,305,219,286,259,339,5,27,63,255,191,337,350,319,320,350,310,350,361,363,353,350,227,275,,,260,308,,162,360,211,362,337,358,352,358,363,362,363,136,127,201,254,246,361,341,293,361,356,360,355,355,254,,257,,155,b'\x11\xe8\xe1I\xccA\xf5<\xaf\x82\x12\xdf\x17\xaeN\x1e'
11E8E149-CC47-1DDC-AF82-12DF17AE4E1E,2010-ncaa-d0-natl,ncaa,45,62,20,64,24,35,33,84,17,37,98,14,71,126,21,189,86,75,165,78,134,74,77,14,17,23,197,161,244,151,124,93,304,106,184,29,103,213,140,47,180,262,224,277,,,308,212,,,60,61,234,84,56,47,214,63,199,110,192,154,152,158,206,244,244,216,243,44,111,252,257,,223,,,65,306,318,317,147,309,307,179,223,266,92,186,171,223,20,217,103,314,307,129,104,136,92,156,82,340,304,126,124,276,184,300,195,110,219,235,89,61,238,191,,,18,18,,,60,288,27,187,62,161,212,250,220,240,154,207,93,135,127,226,207,306,27,118,216,213,43,174,,44,,,b'\x11\xe8\xe1I\xccG\x1d\xdc\xaf\x82\x12\xdf\x17\xaeN\x1e'
11E8E149-CC47-1DDC-AF82-12DF17AE4E1E,2010-ncaa-d1-conf-SEC,ncaa,3,3,1,3,1,3,3,10,2,5,7,2,3,7,1,6,6,6,5,6,5,8,4,1,1,3,6,5,6,12,8,5,7,6,6,4,7,11,11,7,10,11,10,10,,,12,12,,,6,4,7,9,6,6,12,7,10,4,7,7,7,8,12,12,12,9,12,6,10,10,10,,11,,,6,11,11,11,6,11,10,9,4,8,1,5,12,12,1,12,11,12,11,6,6,7,5,2,12,9,7,3,8,5,6,11,11,9,10,10,4,7,7,6,,,2,1,,,6,10,4,7,5,7,6,4,7,6,2,4,11,11,11,8,6,8,1,4,8,10,4,6,,3,,,b'\x11\xe8\xe1I\xccG\x1d\xdc\xaf\x82\x12\xdf\x17\xaeN\x1e'
11E8E149-CC47-1DDC-AF82-12DF17AE4E1E,2010-ncaa-d1-natl,ncaa,46,62,22,65,24,39,35,88,17,39,105,14,77,135,21,189,94,81,166,84,130,80,90,15,17,24,196,161,242,164,126,101,310,117,190,34,106,201,140,47,199,265,231,277,,,303,213,,,66,68,235,84,57,49,216,64,202,108,193,152,151,156,209,248,248,222,249,44,110,255,259,,223,,,69,302,313,315,151,307,303,188,215,261,95,185,163,213,19,207,103,312,307,136,110,143,93,152,82,338,310,109,126,265,190,296,196,125,228,238,83,64,233,195,,,18,17,,,66,280,29,200,67,164,215,252,226,242,155,206,96,137,129,229,207,309,28,121,221,221,43,176,,47,,,b'\x11\xe8\xe1I\xccG\x1d\xdc\xaf\x82\x12\xdf\x17\xaeN\x1e'
11E8E149-CC47-1DDC-AF82-12DF17AE4E1E,2010-ncaa-d1-ncaatournament,ncaa,17,2,17,17,17,19,20,24,16,22,27,3,18,16,31,22,16,16,27,16,9,22,20,14,13,14,26,31,18,20,9,23,53,22,24,18,4,42,32,13,26,37,33,51,,,35,9,,,18,22,52,2,13,18,38,24,41,20,19,11,14,12,22,20,24,19,16,7,40,35,47,,14,,,18,43,47,47,24,47,48,31,42,48,24,39,9,16,6,10,2,47,46,24,16,26,10,34,2,54,53,35,9,44,24,49,35,32,54,54,42,34,28,29,,,18,11,,,18,39,14,40,22,37,53,60,50,57,36,50,3,5,4,57,51,59,5,33,50,50,36,23,,9,,,b'\x11\xe8\xe1I\xccG\x1d\xdc\xaf\x82\x12\xdf\x17\xaeN\x1e'
11E8E149-CC47-1DDC-AF82-12DF17AE4E1E,2011-ncaa-d0-natl,ncaa,85,83,77,91,82,52,54,128,14,59,128,17,109,156,42,192,57,62,125,62,60,108,111,20,17,25,196,194,150,136,52,96,297,109,94,44,91,165,135,51,285,320,128,170,,,265,212,,,60,115,224,67,40,44,206,50,184,128,187,69,71,68,162,197,178,145,155,36,128,309,139,,224,,,59,242,243,293,86,251,301,86,183,212,122,146,198,199,168,199,119,295,265,76,76,148,130,153,164,332,297,27,52,171,94,94,22,227,292,161,118,100,145,128,,,53,37,,,60,223,24,215,60,172,190,275,201,285,148,181,162,169,171,271,227,315,10,101,66,276,98,118,,61,,,b'\x11\xe8\xe1I\xccG\x1d\xdc\xaf\x82\x12\xdf\x17\xaeN\x1e'
11E8E149-CC47-1DDC-AF82-12DF17AE4E1E,2011-ncaa-d1-conf-SEC,ncaa,3,3,3,3,4,3,2,8,2,2,7,2,6,10,4,10,3,3,6,3,1,5,5,2,2,2,8,10,2,8,4,3,8,2,3,1,2,10,11,3,11,12,4,7,,,11,8,,,3,4,5,2,2,2,11,2,8,7,11,2,2,2,6,6,10,3,2,1,10,11,5,,10,,,3,8,8,11,3,8,12,3,5,9,3,8,11,11,4,11,9,11,11,3,3,5,6,3,11,12,8,2,4,9,3,3,3,11,11,8,11,11,7,7,,,3,1,,,3,9,2,8,3,9,9,12,8,12,4,9,10,10,10,12,12,12,2,7,4,11,10,6,,2,,,b'\x11\xe8\xe1I\xccG\x1d\xdc\xaf\x82\x12\xdf\x17\xaeN\x1e'
11E8E149-CC47-1DDC-AF82-12DF17AE4E1E,2011-ncaa-d1-natl,ncaa,90,82,95,95,101,59,58,146,14,63,145,17,120,170,42,188,65,77,124,78,59,126,131,20,17,25,193,191,146,149,54,113,301,123,99,49,94,145,139,52,296,320,134,172,,,247,213,,,67,135,224,67,40,44,210,51,186,127,187,71,73,71,165,202,180,151,166,38,126,313,143,,228,,,63,229,228,288,88,236,295,90,173,199,124,147,187,187,173,188,116,288,252,80,81,154,127,152,164,328,301,15,54,146,99,82,23,250,299,169,105,103,136,134,,,62,37,,,67,201,25,219,67,179,196,276,206,288,149,179,166,169,170,272,228,315,10,105,66,283,98,123,,60,,,b'\x11\xe8\xe1I\xccG\x1d\xdc\xaf\x82\x12\xdf\x17\xaeN\x1e'
11E8E149-CC47-1DDC-AF82-12DF17AE4E1E,2011-ncaa-d1-ncaatournament,ncaa,33,2,33,33,34,42,37,47,18,36,46,23,34,47,17,20,57,58,6,57,58,54,57,10,21,21,37,11,59,58,55,63,49,63,61,35,18,8,30,13,31,5,38,16,,,7,32,,,53,48,37,3,38,22,34,26,41,10,24,57,58,57,53,56,55,63,63,17,18,6,27,,18,,,55,25,24,4,64,18,3,64,29,25,58,59,11,8,63,8,43,4,10,64,64,61,40,48,22,8,49,14,55,10,61,26,53,37,3,43,22,55,7,17,,,54,53,,,53,14,34,60,53,57,56,6,45,3,55,44,31,18,20,5,14,12,36,25,57,8,47,15,,54,,,b'\x11\xe8\xe1I\xccG\x1d\xdc\xaf\x82\x12\xdf\x17\xaeN\x1e'
11E8E149-CC47-1DDC-AF82-12DF17AE4E1E,2012-ncaa-d0-natl,ncaa,44,54,48,59,57,26,27,102,6,29,98,9,79,155,6,193,54,78,61,72,119,93,82,5,6,13,203,172,208,125,46,85,264,90,65,21,106,258,191,56,174,236,74,105,,,240,126,,,26,75,188,137,24,27,203,34,178,103,207,83,123,118,188,196,177,167,171,29,176,226,97,,153,,,26,246,256,301,114,266,293,122,196,259,85,171,202,227,82,228,128,305,294,102,89,108,128,145,143,319,264,21,46,135,65,188,94,102,183,127,194,142,150,98,,,27,20,,,26,277,13,152,24,166,180,226,184,233,149,193,140,160,158,220,213,281,6,39,113,169,135,93,,37,,,b'\x11\xe8\xe1I\xccG\x1d\xdc\xaf\x82\x12\xdf\x17\xaeN\x1e'
11E8E149-CC47-1DDC-AF82-12DF17AE4E1E,2012-ncaa-d1-conf-SEC,ncaa,7,7,4,7,6,3,4,10,2,3,12,2,5,6,4,5,3,5,1,5,3,8,8,1,1,2,6,8,4,12,10,4,8,7,5,3,6,10,9,5,11,11,9,10,,,10,4,,,8,4,4,3,3,5,11,3,11,5,5,3,5,5,11,10,11,4,10,3,8,10,10,,9,,,8,11,11,11,8,10,11,7,5,8,5,5,11,11,8,11,8,12,10,8,7,10,6,3,9,10,8,2,10,3,5,9,6,9,11,9,10,9,5,7,,,4,2,,,8,9,2,10,8,11,10,10,11,10,5,7,10,11,11,12,10,10,2,4,9,10,9,4,,4,,,b'\x11\xe8\xe1I\xccG\x1d\xdc\xaf\x82\x12\xdf\x17\xaeN\x1e'
11E8E149-CC47-1DDC-AF82-12DF17AE4E1E,2012-ncaa-d1-natl,ncaa,50,54,55,59,64,29,29,119,6,33,111,9,88,160,6,194,61,88,59,83,121,108,95,5,6,14,201,169,203,134,46,102,266,109,71,22,108,240,195,60,189,242,79,107,,,230,124,,,30,88,191,136,25,27,211,36,184,103,210,79,123,116,195,204,185,173,181,30,177,232,97,,158,,,32,233,244,292,122,250,283,130,182,241,93,166,191,213,85,214,130,296,286,105,95,117,126,145,142,313,266,14,46,113,71,178,96,113,191,133,178,145,147,100,,,32,17,,,30,264,13,161,29,171,186,227,198,240,148,192,145,166,165,224,211,280,6,40,116,175,136,98,,38,,,b'\x11\xe8\xe1I\xccG\x1d\xdc\xaf\x82\x12\xdf\x17\xaeN\x1e'
11E8E149-CC47-1DDC-AF82-12DF17AE4E1E,2012-ncaa-d1-ncaatournament,ncaa,17,2,17,17,17,21,20,29,18,28,29,17,10,14,8,16,27,25,45,25,16,28,25,9,12,13,10,11,38,17,3,31,62,28,35,20,28,47,45,30,23,33,26,50,,,38,21,,,23,30,57,5,16,22,46,36,48,5,15,33,28,30,37,29,10,56,42,20,43,32,41,,19,,,23,46,48,48,51,48,48,43,46,38,45,32,8,12,7,12,1,44,44,48,40,37,7,43,1,50,62,31,3,38,35,50,44,25,38,54,38,32,37,49,,,25,21,,,23,33,5,56,25,43,59,52,58,50,40,35,1,1,1,33,36,57,3,20,58,32,29,37,,20,,,b'\x11\xe8\xe1I\xccG\x1d\xdc\xaf\x82\x12\xdf\x17\xaeN\x1e'
11E8E149-CC47-1DDC-AF82-12DF17AE4E1E,2013-ncaa-d0-natl,ncaa,72,86,41,82,66,66,74,132,37,68,112,52,137,196,43,219,44,56,92,61,84,119,95,47,37,62,181,199,104,128,85,60,66,77,33,40,46,270,214,93,271,307,121,157,,,248,217,,,57,84,204,267,91,107,249,101,193,177,233,67,84,91,225,217,198,104,146,50,202,306,159,,168,,,57,203,241,259,153,277,272,212,84,186,12,142,131,120,210,118,69,247,241,106,91,117,26,59,119,147,66,70,85,88,33,175,110,164,205,161,129,91,82,64,,,29,22,,,57,254,63,100,62,89,149,151,214,184,47,130,75,70,71,110,93,76,22,26,115,223,87,54,,44,,,b'\x11\xe8\xe1I\xccG\x1d\xdc\xaf\x82\x12\xdf\x17\xaeN\x1e'
11E8E149-CC47-1DDC-AF82-12DF17AE4E1E,2013-ncaa-d1-conf-SEC,ncaa,7,7,3,7,7,6,6,12,3,8,11,4,6,8,4,7,5,7,2,8,4,11,8,3,2,4,5,6,3,12,5,7,6,8,4,2,1,12,11,5,13,13,10,9,,,7,8,,,5,8,12,9,6,7,12,8,12,6,8,5,8,8,12,11,12,7,9,2,11,13,9,,5,,,5,4,7,6,9,8,7,10,3,6,1,8,6,7,7,7,6,7,7,4,6,6,3,5,6,3,6,1,5,1,4,3,4,6,6,5,9,10,2,5,,,6,2,,,5,7,4,5,5,4,5,5,8,6,4,6,6,6,6,4,2,3,1,1,4,7,8,2,,7,,,b'\x11\xe8\xe1I\xccG\x1d\xdc\xaf\x82\x12\xdf\x17\xaeN\x1e'
11E8E149-CC47-1DDC-AF82-12DF17AE4E1E,2013-ncaa-d1-natl,ncaa,77,86,49,85,74,74,85,148,41,76,127,56,146,207,44,217,49,62,92,69,82,131,111,47,38,64,182,198,102,144,91,69,68,90,39,48,45,261,218,95,287,311,126,158,,,237,221,,,61,100,205,267,94,110,256,106,196,175,234,69,86,93,227,220,204,106,153,55,201,306,160,,169,,,64,185,229,251,156,271,262,216,70,177,12,140,121,110,208,110,69,233,216,118,99,128,27,59,118,131,68,54,91,63,39,166,109,178,208,169,126,93,79,72,,,33,21,,,61,229,63,107,69,96,153,152,220,189,47,132,77,70,71,113,93,77,22,27,117,233,88,56,,45,,,b'\x11\xe8\xe1I\xccG\x1d\xdc\xaf\x82\x12\xdf\x17\xaeN\x1e'
11E8E149-CC47-1DDC-AF82-12DF17AE4E1E,2013-ncaa-d1-ncaatournament,ncaa,17,2,17,17,19,30,30,30,35,26,24,30,56,47,63,54,24,20,52,20,22,29,27,40,40,47,60,62,15,23,18,31,31,28,19,31,30,48,60,53,46,61,43,59,,,42,45,,,59,29,49,7,47,45,58,24,33,62,60,31,22,23,54,44,29,47,42,40,52,61,55,,30,,,43,44,46,36,41,49,40,57,12,34,1,23,42,40,55,40,21,37,37,35,39,43,6,6,33,36,31,36,18,38,19,47,44,31,45,53,38,40,43,36,,,22,21,,,59,37,46,43,47,29,40,19,52,30,2,24,32,23,21,15,10,16,11,12,45,52,34,37,,25,,,b'\x11\xe8\xe1I\xccG\x1d\xdc\xaf\x82\x12\xdf\x17\xaeN\x1e'
11E8E149-CC47-1DDC-AF82-12DF17AE4E1E,2014-ncaa-d0-natl,ncaa,116,105,131,119,162,110,114,257,12,103,189,44,167,275,3,258,76,122,58,122,96,233,207,16,12,35,166,196,102,234,103,282,137,280,97,59,50,254,280,106,162,152,347,349,,,174,226,,,94,189,213,229,80,92,304,107,201,166,279,69,116,119,279,254,252,321,316,38,253,167,349,,168,,,90,163,226,104,317,253,119,330,129,128,148,183,80,79,232,72,103,79,135,311,306,221,54,124,76,47,137,11,103,9,97,234,215,82,40,130,90,115,308,313,,,33,7,,,94,165,46,186,84,156,225,47,240,83,121,118,80,75,67,32,85,42,10,4,234,74,94,315,,10,,,b'\x11\xe8\xe1I\xccG\x1d\xdc\xaf\x82\x12\xdf\x17\xaeN\x1e'
11E8E149-CC47-1DDC-AF82-12DF17AE4E1E,2014-ncaa-d1-conf-SEC,ncaa,9,6,11,9,12,12,11,14,5,11,11,6,9,12,1,8,10,11,4,11,7,14,13,6,4,6,7,7,4,13,10,13,4,14,5,6,2,4,14,4,12,10,14,14,,,5,8,,,8,13,13,9,9,10,13,9,10,8,10,10,10,10,14,13,12,12,14,2,8,11,14,,6,,,8,4,7,2,14,9,3,14,2,3,5,5,1,1,7,1,5,2,1,13,12,13,1,4,2,1,4,2,10,1,5,9,11,9,4,9,6,10,12,12,,,5,2,,,8,2,7,9,7,6,10,4,12,5,4,4,2,2,2,2,1,1,3,1,12,7,7,13,,3,,,b'\x11\xe8\xe1I\xccG\x1d\xdc\xaf\x82\x12\xdf\x17\xaeN\x1e'
11E8E149-CC47-1DDC-AF82-12DF17AE4E1E,2014-ncaa-d1-natl,ncaa,123,105,145,121,190,129,133,279,12,118,202,47,170,280,3,258,87,134,58,132,101,259,241,18,12,36,165,198,102,247,105,302,145,297,102,66,52,236,279,108,182,156,349,349,,,156,229,,,99,218,215,230,82,100,311,111,202,165,280,69,118,120,282,257,254,324,319,41,253,171,349,,166,,,96,143,208,77,321,238,92,330,117,114,151,181,73,69,236,61,105,58,100,314,308,230,51,118,74,39,145,6,105,5,102,223,216,96,45,134,78,116,304,314,,,42,7,,,99,133,51,195,90,163,234,47,248,82,118,116,82,75,67,32,82,42,10,5,235,80,94,318,,12,,,b'\x11\xe8\xe1I\xccG\x1d\xdc\xaf\x82\x12\xdf\x17\xaeN\x1e'
11E8E149-CC47-1DDC-AF82-12DF17AE4E1E,2014-ncaa-d1-ncaatournament,ncaa,33,2,33,33,34,42,43,64,6,40,52,9,57,63,34,53,37,34,59,34,3,57,61,13,20,13,53,55,17,45,21,64,64,64,53,35,15,7,26,12,47,26,64,64,,,7,45,,,32,64,64,3,37,37,64,28,48,51,57,23,6,6,56,61,32,64,64,17,10,36,64,,16,,,38,9,17,2,64,17,4,64,18,12,55,44,4,4,5,4,7,1,1,64,63,55,7,41,4,5,64,2,21,1,53,25,52,36,2,36,2,2,1,4,,,35,1,,,32,1,10,54,37,30,48,2,46,7,36,19,4,5,4,1,1,15,8,8,53,5,2,2,,4,,,b'\x11\xe8\xe1I\xccG\x1d\xdc\xaf\x82\x12\xdf\x17\xaeN\x1e'
11E8E149-CC47-1DDC-AF82-12DF17AE4E1E,2015-ncaa-d0-natl,ncaa,188,189,172,200,193,223,185,317,13,109,208,24,301,325,145,306,233,216,215,210,181,310,255,42,49,178,316,307,192,258,101,276,204,288,83,167,161,336,345,280,237,230,270,250,,,154,218,,,230,245,266,107,233,179,340,74,212,306,329,225,216,210,336,277,271,291,303,159,336,244,273,,161,,,229,146,168,108,269,173,57,327,191,242,65,294,127,102,256,97,186,91,97,272,268,248,153,214,127,102,204,3,101,9,83,201,232,192,152,225,214,265,68,91,,,122,27,,,230,103,202,242,230,176,209,106,190,51,214,267,134,114,111,84,85,113,5,11,223,188,228,70,,80,,,b'\x11\xe8\xe1I\xccG\x1d\xdc\xaf\x82\x12\xdf\x17\xaeN\x1e'
11E8E149-CC47-1DDC-AF82-12DF17AE4E1E,2015-ncaa-d1-conf-SEC,ncaa,11,11,4,11,5,7,6,13,2,6,8,2,11,12,6,12,11,10,13,10,9,13,11,3,3,8,11,12,11,12,10,9,11,13,9,4,6,14,14,11,12,12,9,9,,,8,7,,,13,7,12,5,8,6,14,6,10,11,12,11,10,10,14,13,13,13,14,5,14,12,10,,8,,,13,13,13,9,13,11,6,14,11,8,12,11,11,8,13,8,8,9,9,13,13,14,8,6,7,7,11,1,10,1,9,13,11,11,9,14,13,13,4,6,,,5,2,,,13,7,8,14,13,12,12,8,11,6,10,9,10,8,8,8,4,6,2,2,13,10,12,3,,5,,,b'\x11\xe8\xe1I\xccG\x1d\xdc\xaf\x82\x12\xdf\x17\xaeN\x1e'
11E8E149-CC47-1DDC-AF82-12DF17AE4E1E,2015-ncaa-d1-natl,ncaa,180,189,143,189,162,212,177,328,10,98,209,20,305,323,147,307,202,194,203,191,167,319,256,39,42,170,317,310,174,265,96,288,193,300,78,160,144,335,345,280,228,208,276,257,,,155,215,,,230,236,270,112,232,184,344,73,217,309,330,214,204,200,337,282,276,300,311,154,336,238,288,,154,,,230,170,180,98,280,172,53,328,210,256,87,299,126,103,281,95,185,77,97,284,285,254,174,231,123,91,193,2,96,5,78,220,239,177,136,211,224,270,60,81,,,103,20,,,230,115,197,249,229,176,204,85,177,40,228,266,132,111,104,70,75,90,3,9,228,174,231,63,,73,,,b'\x11\xe8\xe1I\xccG\x1d\xdc\xaf\x82\x12\xdf\x17\xaeN\x1e'
11E8E149-CC47-1DDC-AF82-12DF17AE4E1E,2016-ncaa-d0-natl,ncaa,119,137,76,138,95,139,142,300,12,152,275,16,142,229,16,187,166,185,124,184,86,289,249,10,11,70,169,157,191,248,53,262,129,270,45,104,79,326,342,198,172,130,302,294,,,267,331,,,82,236,336,229,194,188,349,195,324,171,261,206,234,234,347,332,286,327,332,114,289,198,316,,234,,,80,67,65,44,192,79,64,193,112,101,193,168,123,167,34,151,230,51,82,191,191,112,178,179,201,50,129,2,53,6,45,110,200,91,50,80,170,219,115,193,,,46,3,,,82,112,83,90,74,31,32,6,43,16,82,52,95,130,124,10,12,27,1,2,78,131,142,89,,50,,,b'\x11\xe8\xe1I\xccG\x1d\xdc\xaf\x82\x12\xdf\x17\xaeN\x1e'
11E8E149-CC47-1DDC-AF82-12DF17AE4E1E,2016-ncaa-d1-conf-SEC,ncaa,10,11,1,11,2,7,7,12,3,9,12,3,5,7,2,5,8,10,4,9,4,12,9,2,2,4,5,5,10,12,10,10,8,11,9,7,4,13,14,12,12,11,13,14,,,12,12,,,9,6,14,8,9,10,14,11,13,6,8,11,13,12,14,14,13,11,14,8,13,13,13,,10,,,9,12,12,7,11,13,8,12,5,4,6,5,8,11,3,10,8,9,8,11,11,12,1,3,8,5,8,1,10,2,9,11,8,10,10,12,11,11,6,8,,,5,4,,,9,8,7,11,10,8,9,4,11,4,4,3,6,7,7,3,1,2,1,1,8,12,7,6,,9,,,b'\x11\xe8\xe1I\xccG\x1d\xdc\xaf\x82\x12\xdf\x17\xaeN\x1e'
11E8E149-CC47-1DDC-AF82-12DF17AE4E1E,2016-ncaa-d1-natl,ncaa,134,137,99,146,118,169,163,331,12,177,297,17,154,251,16,186,178,207,122,207,84,321,288,11,11,74,163,156,188,268,54,291,137,303,47,124,82,320,342,209,199,142,309,295,,,252,331,,,94,280,337,223,208,201,349,203,327,176,262,210,233,236,348,334,291,331,338,125,291,214,321,,238,,,92,41,49,23,206,64,40,204,98,72,203,168,113,149,40,135,235,24,45,201,198,129,174,176,199,34,137,2,54,4,47,97,203,120,51,88,149,224,99,201,,,60,3,,,94,68,90,110,83,32,36,7,46,16,83,53,99,136,128,10,10,30,1,2,80,138,144,91,,51,,,b'\x11\xe8\xe1I\xccG\x1d\xdc\xaf\x82\x12\xdf\x17\xaeN\x1e'
11E8E149-CC47-1DDC-AF82-12DF17AE4E1E,2017-ncaa-d0-natl,ncaa,184,184,168,190,215,122,195,236,128,250,245,242,85,172,6,160,31,52,45,52,15,199,166,88,62,105,21,80,19,196,134,113,148,139,101,135,67,299,293,214,309,329,306,327,,,331,340,,,215,148,53,268,89,194,248,256,249,65,160,11,24,23,192,113,188,64,98,117,295,316,306,,343,,,215,277,286,270,234,312,296,239,109,126,115,56,240,269,48,276,177,283,217,191,180,275,49,51,176,204,148,62,134,95,101,221,97,295,331,300,204,199,298,319,,,84,52,,,215,220,124,272,200,300,314,317,331,336,118,136,255,284,290,328,296,229,83,128,230,308,224,305,,40,,,b'\x11\xe8\xe1I\xccG\x1d\xdc\xaf\x82\x12\xdf\x17\xaeN\x1e'
11E8E149-CC47-1DDC-AF82-12DF17AE4E1E,2017-ncaa-d1-conf-SEC,ncaa,13,13,9,13,12,10,14,13,11,14,13,12,2,5,3,3,6,7,7,7,1,13,10,8,7,7,2,2,1,9,5,9,8,7,6,11,5,12,14,12,14,14,14,14,,,12,13,,,14,11,3,10,8,13,13,14,13,2,4,4,4,4,12,3,6,5,3,9,14,14,14,,13,,,14,12,12,9,10,12,9,12,3,5,5,5,10,11,3,11,7,10,7,9,9,14,3,3,8,9,8,2,5,4,6,6,2,13,14,14,11,11,14,14,,,6,6,,,14,6,9,14,12,14,14,13,14,13,6,9,11,12,12,14,13,12,8,8,7,13,12,14,,3,,,b'\x11\xe8\xe1I\xccG\x1d\xdc\xaf\x82\x12\xdf\x17\xaeN\x1e'
11E8E149-CC47-1DDC-AF82-12DF17AE4E1E,2017-ncaa-d1-natl,ncaa,194,181,217,195,288,152,228,284,133,277,274,253,98,193,6,161,39,57,48,56,14,248,208,94,64,111,19,79,19,215,145,139,160,178,106,160,69,281,297,225,323,331,314,328,,,325,340,,,229,196,57,270,98,204,255,266,254,68,164,11,26,24,202,119,198,66,110,125,296,320,308,,343,,,230,261,278,247,251,305,285,247,89,95,119,54,226,255,52,258,175,265,180,202,188,291,45,50,175,179,160,34,145,69,106,205,98,319,332,302,184,201,293,320,,,98,48,,,229,176,129,284,216,313,321,317,335,336,122,131,261,286,291,330,295,230,84,131,239,312,228,308,,38,,,b'\x11\xe8\xe1I\xccG\x1d\xdc\xaf\x82\x12\xdf\x17\xaeN\x1e'
11E8E149-CC47-1DDC-AF82-12DF17AE4E1E,2018-ncaa-d0-natl,ncaa,293,326,117,310,139,103,103,204,30,126,215,44,82,161,15,138,162,206,85,201,154,206,160,25,25,78,135,110,240,328,330,217,267,295,304,96,142,314,297,198,298,324,335,338,,,322,309,,,308,85,65,217,85,88,263,129,248,84,171,173,217,211,258,200,334,259,336,96,294,308,338,,321,,,303,341,336,289,340,326,232,341,330,308,319,283,294,268,279,266,231,292,263,344,345,346,210,233,122,243,267,160,330,192,304,325,162,241,297,321,287,288,39,66,,,131,123,,,308,266,127,346,298,345,345,306,331,225,329,314,281,261,255,316,278,236,140,179,325,259,283,41,,150,,,b'\x11\xe8\xe1I\xccG\x1d\xdc\xaf\x82\x12\xdf\x17\xaeN\x1e'
11E8E149-CC47-1DDC-AF82-12DF17AE4E1E,2018-ncaa-d1-conf-SEC,ncaa,12,11,10,12,13,9,10,14,4,9,12,1,5,6,3,5,10,7,11,7,4,14,12,3,3,6,6,5,10,14,14,10,10,14,13,7,4,14,14,11,12,12,14,14,,,11,12,,,12,8,2,8,6,6,13,9,12,5,5,9,7,7,13,10,14,9,13,5,14,11,14,,12,,,12,13,13,9,14,13,7,14,11,11,10,10,7,9,5,8,7,11,9,14,14,14,6,6,6,11,10,4,14,7,13,10,7,11,10,10,14,14,1,4,,,10,7,,,12,8,9,14,12,13,14,13,14,10,12,13,8,9,8,13,13,13,7,8,11,10,14,1,,8,,,b'\x11\xe8\xe1I\xccG\x1d\xdc\xaf\x82\x12\xdf\x17\xaeN\x1e'
11E8E149-CC47-1DDC-AF82-12DF17AE4E1E,2018-ncaa-d1-natl,ncaa,305,325,144,322,178,120,122,249,30,151,247,46,88,178,16,138,188,227,81,223,151,253,209,26,27,81,130,113,237,333,331,255,277,322,310,118,144,296,304,208,311,329,337,338,,,310,310,,,313,113,65,203,92,100,273,140,252,85,171,176,222,214,273,216,335,268,340,104,292,314,340,,321,,,313,336,331,282,342,324,204,342,328,301,330,277,277,256,282,254,231,279,235,344,345,347,204,231,121,219,277,126,331,156,310,322,163,267,305,327,279,295,30,70,,,170,120,,,313,237,137,346,307,345,345,309,333,229,331,311,285,264,259,318,277,242,144,181,328,264,285,42,,154,,,b'\x11\xe8\xe1I\xccG\x1d\xdc\xaf\x82\x12\xdf\x17\xaeN\x1e'
11E8E149-CC47-1DDC-AF82-12DF17AE4E1E,2019-ncaa-d0-natl,ncaa,297,315,173,305,229,187,149,242,54,87,92,123,302,331,70,333,182,176,204,190,257,242,246,107,107,129,321,313,165,270,223,263,118,278,176,141,142,171,204,143,314,310,325,328,,,191,275,,,261,225,189,272,168,127,255,53,65,309,335,166,160,171,244,250,272,279,304,115,187,317,328,,230,,,261,263,274,135,338,276,151,330,220,143,321,167,185,163,264,159,184,128,95,338,335,343,132,179,129,38,118,67,223,40,176,165,59,278,256,252,143,182,13,9,,,81,22,,,261,127,149,334,263,293,294,142,292,167,247,162,211,185,179,138,92,46,81,50,178,273,157,14,,37,,,b'\x11\xe8\xe1I\xccG\x1d\xdc\xaf\x82\x12\xdf\x17\xaeN\x1e'
11E8E149-CC47-1DDC-AF82-12DF17AE4E1E,2019-ncaa-d1-conf-SEC,ncaa,14,14,9,14,12,10,10,13,5,9,9,7,12,13,3,12,8,9,9,9,8,13,12,5,4,10,9,10,3,13,11,11,8,12,9,5,3,12,12,10,14,14,12,13,,,8,10,,,12,11,4,8,10,9,12,7,8,12,13,7,5,6,11,10,13,9,12,5,13,14,12,,10,,,12,11,11,6,13,11,8,13,7,6,11,7,11,10,13,10,10,6,4,12,12,13,6,5,7,3,8,4,11,3,9,9,8,13,10,12,13,13,3,2,,,5,3,,,12,4,10,13,12,13,12,8,12,10,9,8,13,11,12,11,10,5,5,5,10,10,13,3,,2,,,b'\x11\xe8\xe1I\xccG\x1d\xdc\xaf\x82\x12\xdf\x17\xaeN\x1e'
11E8E149-CC47-1DDC-AF82-12DF17AE4E1E,2019-ncaa-d1-natl,ncaa,308,314,233,317,292,221,190,282,65,109,120,136,319,341,71,334,204,214,200,224,254,281,290,112,115,136,319,313,162,291,236,297,127,312,188,164,143,142,207,152,326,316,332,329,,,162,280,,,272,279,199,272,178,139,263,65,68,312,337,169,166,179,256,257,277,288,310,122,193,320,332,,227,,,272,243,253,89,338,253,120,333,208,112,323,167,164,139,266,135,187,78,46,340,338,348,129,177,128,27,127,34,236,17,188,149,61,298,265,265,110,187,10,9,,,111,23,,,272,73,161,340,271,303,302,141,297,170,251,159,212,190,186,142,90,46,82,51,190,273,166,15,,38,,,b'\x11\xe8\xe1I\xccG\x1d\xdc\xaf\x82\x12\xdf\x17\xaeN\x1e'
11E8E149-CC47-1DDC-AF82-12DF17AE4E1E,2020-ncaa-d0-natl,ncaa,182,195,87,189,136,117,41,58,66,7,3,130,347,350,256,351,236,197,272,192,339,70,27,172,208,242,351,351,289,62,72,82,160,48,80,125,285,333,277,258,54,84,165,198,,,311,259,,,186,27,28,213,128,34,51,5,2,348,351,248,205,202,67,22,60,87,42,136,322,54,175,,294,,,187,257,259,259,184,279,282,198,126,139,126,88,252,281,89,278,206,273,309,165,160,133,106,86,227,241,160,144,72,180,80,156,85,65,121,78,314,264,343,221,,,126,255,,,186,317,227,133,191,246,250,252,271,280,116,133,242,263,260,273,308,221,114,157,138,73,305,343,,148,,,b'\x11\xe8\xe1I\xccG\x1d\xdc\xaf\x82\x12\xdf\x17\xaeN\x1e'
11E8E149-CC47-1DDC-AF82-12DF17AE4E1E,2020-ncaa-d1-conf-SEC,ncaa,13,12,10,13,11,13,11,8,10,4,3,13,14,14,14,14,12,13,11,12,13,9,6,13,13,13,14,14,9,5,5,10,11,10,9,12,11,14,14,13,6,4,11,11,,,11,12,,,13,8,2,7,12,8,5,3,2,14,14,11,12,12,5,2,4,10,6,12,14,3,11,,13,,,13,10,9,9,10,7,7,9,7,8,8,8,12,13,7,12,13,9,9,10,10,10,11,6,12,12,11,7,5,10,9,10,9,6,6,6,13,13,14,11,,,11,12,,,13,6,13,10,13,12,9,10,11,10,7,8,13,13,13,12,13,13,10,12,11,4,13,14,,10,,,b'\x11\xe8\xe1I\xccG\x1d\xdc\xaf\x82\x12\xdf\x17\xaeN\x1e'
11E8E149-CC47-1DDC-AF82-12DF17AE4E1E,2020-ncaa-d1-natl,ncaa,199,195,128,201,202,151,55,79,72,7,3,139,349,351,260,351,248,221,274,219,339,94,42,183,217,248,351,351,285,78,77,109,168,68,86,144,286,330,282,267,69,88,179,203,,,302,265,,,201,49,32,201,139,40,56,5,2,350,351,251,207,204,73,25,64,95,45,144,326,65,175,,296,,,201,242,244,234,197,268,265,209,116,123,130,81,233,268,92,260,211,249,286,178,170,150,100,81,225,217,168,120,77,156,86,143,87,87,128,89,306,269,342,229,,,155,253,,,201,293,233,149,208,255,261,255,281,282,116,132,245,266,263,274,306,223,116,164,144,81,306,343,,146,,,b'\x11\xe8\xe1I\xccG\x1d\xdc\xaf\x82\x12\xdf\x17\xaeN\x1e'
11E8E149-CC47-1DDC-AF82-12DF17AE4E1E,2021-ncaa-d0-natl,ncaa,290,20,335,157,335,332,332,333,133,331,334,154,325,331,125,202,333,333,253,332,256,333,334,140,166,142,238,183,261,332,142,334,284,333,256,336,342,8,91,250,333,201,309,94,,,10,221,,,179,334,5,224,34,28,5,36,21,102,106,162,121,125,8,8,47,161,74,259,203,126,58,,305,,,216,10,10,10,286,11,10,235,12,9,306,109,13,18,37,19,290,10,10,289,284,292,209,162,241,12,284,9,142,10,256,10,168,333,222,246,8,11,26,284,,,336,329,,,179,10,133,301,217,337,326,319,312,311,282,212,332,333,334,337,338,301,324,322,299,123,33,331,,228,,,b'\x11\xe8\xe1I\xccG\x1d\xdc\xaf\x82\x12\xdf\x17\xaeN\x1e'
11E8E149-CC47-1DDC-AF82-12DF17AE4E1E,2021-ncaa-d1-conf-SEC,ncaa,13,3,14,13,14,14,14,14,14,14,14,14,14,14,14,11,14,14,12,14,9,14,14,14,14,14,8,10,1,14,13,14,14,14,14,14,14,1,10,14,14,5,14,10,,,1,7,,,12,14,1,9,14,14,2,14,2,13,9,6,4,3,2,2,7,14,13,14,10,3,10,,11,,,14,1,1,1,14,1,1,12,1,1,14,11,1,1,1,1,11,1,1,14,14,14,14,13,6,1,14,1,13,1,14,1,13,14,8,11,1,6,1,14,,,14,12,,,12,1,14,14,14,14,14,14,12,8,14,14,12,13,13,14,14,14,14,14,14,3,7,14,,11,,,b'\x11\xe8\xe1I\xccG\x1d\xdc\xaf\x82\x12\xdf\x17\xaeN\x1e'
11E8E149-CC47-1DDC-AF82-12DF17AE4E1E,2021-ncaa-d1-natl,ncaa,296,20,335,163,335,332,332,333,134,332,334,157,326,332,128,201,333,333,253,332,256,333,334,144,170,143,237,181,258,332,148,334,286,333,268,336,342,8,92,255,333,211,311,97,,,10,224,,,197,334,7,225,37,31,6,40,23,104,106,159,128,133,10,8,51,168,79,266,204,131,57,,305,,,228,10,10,10,287,11,10,242,12,9,309,107,13,18,38,18,291,10,10,291,288,299,204,157,244,12,286,9,148,10,268,10,170,333,233,253,8,11,25,287,,,336,328,,,197,10,137,305,228,338,327,322,313,315,280,209,332,334,335,337,337,304,326,325,303,130,33,331,,229,,,b'\x11\xe8\xe1I\xccG\x1d\xdc\xaf\x82\x12\xdf\x17\xaeN\x1e'
11E8E149-CC47-1DDC-AF82-12DF17AE4E1E,2022-ncaa-d0-natl,ncaa,139,266,8,211,10,61,52,30,168,44,24,219,102,116,97,232,106,89,240,85,262,32,15,175,195,210,232,193,236,14,44,140,241,59,136,70,179,341,235,204,3,10,261,295,,,325,207,,,141,26,211,264,192,157,165,146,119,197,235,236,218,224,192,143,54,340,235,167,246,9,319,,177,,,149,319,312,278,274,300,216,319,302,319,137,281,270,277,165,285,251,286,335,281,271,133,192,205,156,285,241,311,44,319,136,320,240,5,15,45,331,204,346,284,,,36,203,,,141,336,174,119,141,115,120,31,122,23,171,187,123,120,126,20,123,118,69,76,178,18,215,317,,183,,,b'\x11\xe8\xe1I\xccG\x1d\xdc\xaf\x82\x12\xdf\x17\xaeN\x1e'
11E8E149-CC47-1DDC-AF82-12DF17AE4E1E,2022-ncaa-d1-conf-SEC,ncaa,12,12,4,12,6,13,12,8,13,9,8,12,8,7,12,6,13,11,10,11,11,9,8,13,13,14,8,8,11,5,4,12,9,11,9,7,3,11,10,11,1,1,14,13,,,8,8,,,12,8,12,8,14,13,11,11,10,8,8,13,11,11,11,11,4,14,12,9,11,1,14,,7,,,12,8,8,4,14,9,1,14,9,13,6,13,6,6,9,6,11,3,7,14,14,9,8,9,6,4,9,7,4,7,9,12,14,1,1,6,11,11,10,10,,,10,12,,,12,8,13,9,12,7,7,2,6,1,9,10,5,5,5,2,3,5,9,7,12,1,11,11,,12,,,b'\x11\xe8\xe1I\xccG\x1d\xdc\xaf\x82\x12\xdf\x17\xaeN\x1e'
11E8E149-CC47-1DDC-AF82-12DF17AE4E1E,2022-ncaa-d1-natl,ncaa,157,266,9,221,12,71,63,35,181,59,28,231,119,138,99,236,124,105,238,108,256,40,20,191,206,225,227,194,233,19,47,176,251,69,146,82,183,337,245,209,6,11,283,304,,,317,217,,,166,29,221,263,213,178,180,160,120,203,239,240,220,228,198,151,60,342,254,179,253,15,328,,179,,,175,316,303,262,292,288,178,330,296,313,148,282,258,262,180,271,254,272,333,297,285,146,192,204,159,270,251,298,47,308,146,316,244,8,17,53,323,212,344,294,,,46,201,,,166,334,183,136,169,127,133,30,139,24,174,187,126,123,128,22,118,122,75,80,190,23,221,315,,183,,,b'\x11\xe8\xe1I\xccG\x1d\xdc\xaf\x82\x12\xdf\x17\xaeN\x1e'
11E8E149-CC47-1DDC-AF82-12DF17AE4E1E,2023-ncaa-d0-natl,ncaa,223,257,116,243,134,114,151,142,155,178,169,206,111,154,49,164,71,94,86,93,72,130,135,140,116,118,80,126,84,193,220,312,346,284,326,176,232,151,131,165,86,106,172,186,,,289,273,,,231,128,168,93,124,170,196,208,200,107,155,72,90,90,153,184,218,352,337,197,132,93,186,,284,,,227,314,324,209,352,331,211,353,219,185,263,155,241,269,46,272,255,229,247,350,336,315,82,141,138,302,346,216,220,271,326,315,227,91,107,231,99,93,342,346,,,46,17,,,231,233,122,330,224,309,326,171,336,182,210,161,223,262,262,211,258,293,203,256,308,99,94,344,,27,,,b'\x11\xe8\xe1I\xccG\x1d\xdc\xaf\x82\x12\xdf\x17\xaeN\x1e'
11E8E149-CC47-1DDC-AF82-12DF17AE4E1E,2023-ncaa-d1-conf-SEC,ncaa,14,12,9,14,11,8,11,11,9,13,11,11,3,3,4,4,8,10,3,9,3,11,11,8,8,8,2,4,6,12,10,14,14,14,14,12,8,3,7,7,6,6,13,13,,,6,7,,,13,11,8,9,5,10,9,12,10,3,3,7,8,8,9,10,10,14,14,11,3,6,13,,8,,,13,13,14,6,14,13,5,14,12,9,14,10,6,5,8,5,7,6,4,14,14,14,4,10,2,11,14,9,10,9,14,13,11,9,7,14,4,6,13,13,,,6,1,,,13,4,6,14,13,14,14,9,14,7,13,10,8,6,6,10,10,11,11,11,14,7,6,13,,5,,,b'\x11\xe8\xe1I\xccG\x1d\xdc\xaf\x82\x12\xdf\x17\xaeN\x1e'
11E8E149-CC47-1DDC-AF82-12DF17AE4E1E,2023-ncaa-d1-natl,ncaa,243,257,151,255,170,143,185,187,163,211,212,219,125,172,54,164,84,118,83,115,69,175,192,148,123,122,78,128,81,230,228,335,350,323,333,210,239,117,135,173,117,122,188,190,,,274,280,,,257,180,174,92,132,189,212,220,203,115,159,73,91,91,171,194,227,353,340,214,134,107,189,,289,,,257,308,315,170,354,329,175,353,210,156,277,154,225,255,47,258,258,193,216,353,342,322,78,139,132,285,350,181,228,243,333,309,227,116,116,243,83,98,338,347,,,55,18,,,257,187,128,337,253,318,332,176,338,185,218,161,231,266,270,217,254,294,206,260,312,106,97,346,,25,,,b'\x11\xe8\xe1I\xccG\x1d\xdc\xaf\x82\x12\xdf\x17\xaeN\x1e'
11E8E149-CC47-1DDC-AF82-12DF17AE4E1E,2024-ncaa-d0-natl,ncaa,51,57,52,61,85,86,91,61,145,86,78,167,98,97,127,179,99,96,190,93,176,65,71,146,154,132,174,164,194,37,54,125,203,78,120,67,79,176,90,77,21,23,85,87,,,235,147,,,80,83,156,263,108,103,73,120,121,132,140,143,142,140,83,110,52,208,115,65,115,31,111,,150,,,83,217,241,240,174,228,182,233,235,292,79,285,136,143,141,152,154,240,278,178,165,86,169,230,109,251,203,247,54,260,120,190,137,41,64,72,184,104,176,104,,,93,194,,,80,277,95,96,80,113,136,134,131,75,185,234,99,99,112,102,191,188,139,146,127,76,124,127,,153,,,b'\x11\xe8\xe1I\xccG\x1d\xdc\xaf\x82\x12\xdf\x17\xaeN\x1e'
11E8E149-CC47-1DDC-AF82-12DF17AE4E1E,2024-ncaa-d1-conf-SEC,ncaa,6,6,9,6,10,12,11,12,10,12,12,9,7,6,8,4,10,11,5,11,7,12,12,8,8,10,4,4,7,10,8,11,6,11,7,8,3,4,11,8,5,3,11,9,,,8,10,,,7,12,13,5,9,11,12,12,12,4,4,9,11,11,12,12,10,8,8,7,8,4,11,,9,,,7,1,4,2,8,3,2,10,4,6,4,9,5,4,8,5,9,1,1,8,7,6,4,8,6,2,6,4,8,2,7,3,4,8,4,5,5,8,2,6,,,10,9,,,7,2,8,5,7,6,6,4,6,2,5,8,6,5,6,3,2,3,6,5,3,6,7,2,,10,,,b'\x11\xe8\xe1I\xccG\x1d\xdc\xaf\x82\x12\xdf\x17\xaeN\x1e'
11E8E149-CC47-1DDC-AF82-12DF17AE4E1E,2024-ncaa-d1-natl,ncaa,57,57,78,63,116,106,108,77,163,114,106,184,118,117,129,180,121,116,189,115,172,82,89,156,161,139,169,160,196,51,63,154,217,111,135,78,88,148,93,84,32,32,95,89,,,209,155,,,98,109,166,264,117,112,80,136,127,136,149,147,148,148,91,120,60,226,127,75,116,39,114,,155,,,97,194,219,211,194,206,148,247,220,276,90,284,124,128,146,138,156,207,251,196,180,109,168,227,108,234,217,213,63,225,135,177,142,59,73,89,161,113,164,117,,,118,185,,,98,253,101,117,96,124,154,141,147,76,192,236,101,105,115,111,192,194,144,160,135,81,128,139,,157,,,b'\x11\xe8\xe1I\xccG\x1d\xdc\xaf\x82\x12\xdf\x17\xaeN\x1e'
11E8E149-CC47-1DDC-AF82-12DF17AE4E1E,2024-ncaa-d1-ncaatournament,ncaa,17,3,17,17,19,28,28,27,34,23,23,26,36,28,46,55,19,11,59,11,10,21,19,39,41,45,43,55,14,22,24,33,55,29,45,24,22,47,45,36,15,21,29,43,,,43,27,,,47,19,11,5,33,34,45,24,26,52,48,12,3,3,24,13,26,46,43,24,48,16,41,,35,,,38,50,45,40,43,43,38,44,46,44,32,38,48,46,35,46,46,41,47,43,41,33,42,37,42,47,55,42,24,48,45,43,30,16,13,17,47,42,14,8,,,18,15,,,47,47,41,41,40,49,37,29,40,29,35,38,41,40,38,32,53,47,31,43,31,10,43,6,,5,,,b'\x11\xe8\xe1I\xccG\x1d\xdc\xaf\x82\x12\xdf\x17\xaeN\x1e'
11E8E149-CC47-1DDC-AF82-12DF17AE4E1E,2025-ncaa-d0-natl,genius_ncaa,71,77,54,81,57,18,17,20,43,11,13,58,79,105,82,253,15,33,16,34,188,19,19,57,40,24,251,250,159,16,26,163,327,59,170,35,189,87,15,27,6,11,205,277,,,258,86,,93,24,33,25,26,7,8,6,6,12,102,132,15,36,35,6,7,17,275,85,30,55,6,241,,179,,64,27,329,348,308,322,353,317,332,219,240,132,136,128,158,49,156,67,298,335,295,256,131,25,96,37,340,327,267,26,315,170,313,132,14,30,66,167,46,276,86,,,47,222,,211,24,328,9,148,32,272,322,273,339,288,153,174,75,108,107,243,343,309,169,251,269,15,113,229,,75,,240,b'\x11\xe8\xe1I\xccG\x1d\xdc\xaf\x82\x12\xdf\x17\xaeN\x1e'
11E8E149-CC47-1DDC-AF82-12DF17AE4E1E,2025-ncaa-d1-conf-SEC,genius_ncaa,8,8,6,8,6,5,6,6,6,9,7,9,5,7,2,8,2,4,1,4,3,6,7,5,5,3,6,7,3,9,11,14,15,13,15,5,7,4,3,3,1,2,13,15,,,8,5,,4,10,7,6,1,3,5,4,8,6,5,7,1,2,3,4,4,9,15,13,4,4,1,14,,8,,4,10,14,16,10,15,16,9,16,9,8,8,9,4,4,6,4,4,9,11,15,14,10,3,8,2,14,15,13,11,14,15,13,8,4,5,8,5,5,8,11,,,6,6,,13,10,10,2,13,10,15,15,12,16,9,9,9,5,5,4,11,14,15,13,15,14,3,6,11,,4,,13,b'\x11\xe8\xe1I\xccG\x1d\xdc\xaf\x82\x12\xdf\x17\xaeN\x1e'
11E8E149-CC47-1DDC-AF82-12DF17AE4E1E,2025-ncaa-d1-natl,genius_ncaa,78,77,72,83,75,21,19,20,45,14,13,59,90,119,90,254,19,43,15,42,188,19,23,59,45,24,247,249,146,18,28,195,330,79,182,42,197,76,17,28,8,12,222,284,,,238,91,,85,29,43,30,24,7,8,7,7,15,107,137,15,37,36,6,8,19,286,95,32,56,7,248,,183,,62,30,319,347,296,330,352,310,340,201,225,145,133,111,137,50,135,66,288,327,307,271,150,22,96,36,335,330,244,28,305,182,307,133,19,34,80,147,49,267,88,,,62,216,,217,29,317,9,168,35,289,329,272,342,293,159,172,80,110,108,248,343,312,175,256,275,17,117,237,,76,,242,b'\x11\xe8\xe1I\xccG\x1d\xdc\xaf\x82\x12\xdf\x17\xaeN\x1e'
11E8E149-CC47-1DDC-AF82-12DF17AE4E1E,2025-ncaa-d1-ncaatournament,genius_ncaa,37,2,37,37,37,38,42,40,42,38,38,38,66,66,64,63,27,27,43,27,7,37,38,52,45,34,58,67,3,38,25,53,42,43,43,43,36,10,12,28,28,10,66,66,,,35,67,,44,30,37,40,1,16,27,14,9,5,66,58,1,1,1,2,6,14,47,31,31,17,5,66,,68,,67,30,18,10,10,46,7,19,30,21,8,63,20,24,34,2,34,64,18,24,48,43,32,50,44,46,12,42,19,25,15,43,7,19,35,17,14,5,9,9,9,,,36,11,,22,30,28,29,32,30,48,37,22,29,43,43,20,53,65,65,39,55,29,54,49,27,9,11,14,,2,,3,b'\x11\xe8\xe1I\xccG\x1d\xdc\xaf\x82\x12\xdf\x17\xaeN\x1e'
11E8E149-CC47-1DDC-AF82-12DF17AE4E1E,2026-ncaa-d0-natl,genius_ncaa,17,1,116,1,142,45,44,64,35,61,101,42,26,51,39,97,128,131,172,127,206,75,113,25,35,15,148,75,315,29,10,156,202,96,57,22,26,28,7,6,24,13,27,9,,,109,38,,118,19,149,132,97,14,13,11,31,82,14,30,137,140,139,9,55,13,191,55,9,13,13,19,,53,,104,15,101,117,176,62,74,120,67,264,264,180,323,41,76,15,78,99,160,210,99,57,31,275,337,44,220,202,128,10,151,57,118,157,38,25,28,52,16,119,68,,,162,279,,223,19,212,12,34,13,44,58,112,34,46,256,267,29,43,48,69,210,199,63,92,78,22,26,102,,208,,252,b'\x11\xe8\xe1I\xccG\x1d\xdc\xaf\x82\x12\xdf\x17\xaeN\x1e'
11E8E149-CC47-1DDC-AF82-12DF17AE4E1E,2026-ncaa-d1-natl,genius_ncaa,18,1,177,1,197,57,53,95,39,85,149,49,38,72,39,97,167,172,172,166,201,112,172,29,39,15,134,77,314,46,14,237,222,143,70,24,32,11,10,6,39,19,34,8,,,49,40,,90,19,214,147,100,15,14,15,35,93,15,37,144,148,143,13,71,22,222,69,9,14,17,18,,58,,104,15,56,75,114,82,44,70,86,238,234,207,316,24,40,14,41,103,89,142,126,77,41,274,343,45,173,222,67,14,100,70,88,166,68,31,42,27,20,91,76,,,228,266,,245,19,141,12,46,13,65,76,127,42,50,267,272,30,51,58,78,208,209,66,109,97,34,28,115,,206,,250,b'\x11\xe8\xe1I\xccG\x1d\xdc\xaf\x82\x12\xdf\x17\xaeN\x1e'
11E8E149-CC4B-4EA2-AF82-12DF17AE4E1E,2010-ncaa-d0-natl,ncaa,16,19,20,19,47,54,57,60,93,72,72,129,81,122,47,195,71,106,39,113,218,65,94,88,70,39,149,151,186,135,181,43,22,60,65,115,256,54,27,58,75,87,80,81,,,172,117,,,32,89,269,336,98,99,159,127,162,121,187,127,192,201,170,272,217,97,159,177,14,122,115,,59,,,33,138,110,212,42,153,220,67,102,208,13,183,260,216,310,215,191,223,239,29,49,53,185,102,283,93,22,260,181,196,65,71,83,101,130,51,43,28,311,259,,,118,192,,,32,260,40,32,30,21,22,44,44,62,40,114,163,129,123,38,37,17,110,42,21,198,20,267,,256,,,b'\x11\xe8\xe1I\xccKN\xa2\xaf\x82\x12\xdf\x17\xaeN\x1e'
11E8E149-CC4B-4EA2-AF82-12DF17AE4E1E,2010-ncaa-d1-conf-America East,ncaa,2,2,1,2,2,1,1,1,2,1,2,3,3,6,3,7,1,3,2,3,5,1,2,2,2,1,7,7,6,2,2,1,2,1,2,2,6,2,2,2,2,2,3,3,,,8,6,,,2,2,6,8,1,1,4,1,3,5,7,2,4,5,4,6,3,2,1,3,1,2,3,,3,,,2,2,2,7,2,1,5,2,2,4,2,4,9,8,9,8,8,7,8,2,2,2,9,2,9,4,2,5,2,3,2,2,3,2,3,2,1,1,9,8,,,3,4,,,2,8,1,2,2,2,2,2,1,1,2,2,8,5,5,2,2,2,2,2,2,2,1,8,,6,,,b'\x11\xe8\xe1I\xccKN\xa2\xaf\x82\x12\xdf\x17\xaeN\x1e'
11E8E149-CC4B-4EA2-AF82-12DF17AE4E1E,2010-ncaa-d1-natl,ncaa,17,19,22,19,50,55,61,63,97,75,81,132,87,130,47,193,78,117,39,124,218,70,104,89,75,40,148,152,183,145,187,47,23,68,67,119,260,43,28,60,80,88,87,84,,,153,117,,,33,100,269,336,101,103,161,132,165,123,187,129,191,204,172,274,223,100,164,181,14,128,118,,60,,,35,118,97,201,44,140,213,72,94,201,13,181,249,203,310,204,190,212,225,31,53,57,185,103,284,81,23,251,187,186,67,58,87,117,137,57,38,28,308,260,,,131,192,,,33,249,42,34,30,22,22,45,47,63,40,112,167,131,126,39,35,18,112,45,21,205,20,267,,257,,,b'\x11\xe8\xe1I\xccKN\xa2\xaf\x82\x12\xdf\x17\xaeN\x1e'
11E8E149-CC4B-4EA2-AF82-12DF17AE4E1E,2010-ncaa-d1-ncaatournament,ncaa,17,2,17,17,20,24,23,27,10,23,26,17,23,36,10,44,22,26,17,26,28,29,30,12,12,15,33,33,29,43,58,26,29,30,40,19,10,43,51,20,21,20,9,4,,,42,37,,,35,22,22,9,26,24,51,28,35,28,51,25,29,31,50,50,61,26,53,12,45,17,2,,32,,,30,43,43,42,46,46,44,42,32,31,37,12,43,45,22,45,33,42,40,37,36,37,19,20,32,41,29,42,58,41,40,48,42,27,37,43,53,59,23,17,,,22,15,,,35,41,26,37,32,37,41,37,45,47,18,13,33,36,34,37,30,33,23,26,48,39,56,18,,17,,,b'\x11\xe8\xe1I\xccKN\xa2\xaf\x82\x12\xdf\x17\xaeN\x1e'
11E8E149-CC4B-4EA2-AF82-12DF17AE4E1E,2011-ncaa-d0-natl,ncaa,319,325,170,321,194,331,329,304,340,321,304,316,292,176,340,99,288,281,247,279,168,309,265,336,341,341,163,206,91,228,246,197,183,220,236,263,27,317,332,313,304,302,260,258,,,182,258,,,338,265,286,113,342,342,324,335,306,306,172,301,288,288,327,278,235,179,222,281,315,308,271,,212,,,336,184,157,131,212,105,100,172,253,202,307,227,190,191,165,191,240,140,82,238,240,295,283,265,192,166,183,179,246,175,236,157,178,305,303,292,326,331,191,289,,,278,256,,,338,75,340,306,337,205,185,160,135,115,280,232,210,216,212,173,79,186,218,209,182,318,322,206,,289,,,b'\x11\xe8\xe1I\xccKN\xa2\xaf\x82\x12\xdf\x17\xaeN\x1e'
11E8E149-CC4B-4EA2-AF82-12DF17AE4E1E,2011-ncaa-d1-conf-America East,ncaa,7,7,6,7,6,9,9,9,8,8,8,8,7,6,9,5,5,2,8,2,1,8,6,8,8,8,4,7,1,4,3,4,2,4,2,6,2,8,9,8,7,6,4,5,,,8,8,,,8,7,4,1,9,9,7,8,7,7,5,3,1,1,6,3,3,3,2,6,8,7,4,,8,,,8,5,3,3,4,3,5,3,5,2,7,2,7,7,4,7,8,2,3,5,5,6,7,4,7,5,2,2,3,3,2,1,2,6,6,6,8,8,8,9,,,7,4,,,8,3,8,6,8,6,6,6,4,7,6,4,8,8,8,7,7,7,4,5,4,6,8,9,,5,,,b'\x11\xe8\xe1I\xccKN\xa2\xaf\x82\x12\xdf\x17\xaeN\x1e'
11E8E149-CC4B-4EA2-AF82-12DF17AE4E1E,2011-ncaa-d1-natl,ncaa,321,325,199,323,224,339,338,321,342,331,316,318,300,189,341,100,299,298,247,295,172,321,294,339,342,342,160,202,89,249,249,221,185,237,241,278,26,308,333,315,313,309,266,260,,,165,258,,,336,288,286,107,342,343,325,336,311,303,173,301,290,291,329,279,238,184,224,286,315,312,273,,214,,,336,163,140,107,219,92,80,180,247,188,309,224,177,178,168,177,241,113,60,242,246,303,280,263,193,148,185,159,249,149,241,142,174,316,309,299,320,331,180,293,,,294,256,,,336,53,339,310,337,212,190,163,139,116,281,232,209,220,219,176,79,186,220,211,186,319,323,213,,291,,,b'\x11\xe8\xe1I\xccKN\xa2\xaf\x82\x12\xdf\x17\xaeN\x1e'
11E8E149-CC4B-4EA2-AF82-12DF17AE4E1E,2012-ncaa-d0-natl,ncaa,252,260,163,262,198,217,237,117,329,271,199,322,108,68,260,78,205,196,222,189,173,125,127,312,313,291,56,66,154,71,128,158,113,105,152,197,100,196,176,216,165,155,261,277,,,311,331,,,201,158,110,189,226,249,63,292,190,94,48,202,185,185,74,64,51,123,59,189,221,147,258,,326,,,204,145,49,77,84,121,201,57,17,15,113,12,334,334,262,334,328,156,156,56,141,145,215,17,342,118,113,295,128,243,152,55,136,171,160,87,267,246,262,276,,,260,309,,,201,170,273,140,211,174,66,89,144,250,22,15,336,336,336,183,192,142,320,283,70,148,281,269,,261,,,b'\x11\xe8\xe1I\xccKN\xa2\xaf\x82\x12\xdf\x17\xaeN\x1e'
11E8E149-CC4B-4EA2-AF82-12DF17AE4E1E,2012-ncaa-d1-conf-America East,ncaa,8,7,6,8,7,5,4,2,8,6,4,8,2,1,8,1,8,8,5,7,8,3,3,8,8,8,4,1,8,2,2,7,7,3,6,6,9,8,7,8,4,4,5,5,,,9,9,,,6,3,1,2,5,2,1,4,3,2,1,7,8,7,1,1,1,5,1,5,8,3,4,,9,,,6,7,4,3,3,7,8,3,2,1,6,1,9,9,8,9,9,7,7,3,5,4,6,1,9,6,7,8,2,9,6,4,4,3,4,3,8,8,9,9,,,8,9,,,6,7,6,5,7,8,5,6,8,9,2,1,9,9,9,8,9,8,9,9,6,3,9,9,,8,,,b'\x11\xe8\xe1I\xccKN\xa2\xaf\x82\x12\xdf\x17\xaeN\x1e'
11E8E149-CC4B-4EA2-AF82-12DF17AE4E1E,2012-ncaa-d1-natl,ncaa,267,260,196,269,238,241,263,140,330,298,226,328,115,76,263,79,227,208,219,205,172,146,147,314,317,292,55,67,152,80,137,179,119,120,156,221,103,172,179,226,181,159,268,278,,,306,331,,,214,193,114,180,231,257,66,298,197,97,49,208,191,189,77,66,51,127,64,202,222,155,260,,328,,,217,124,39,50,91,104,179,61,14,12,121,12,332,330,265,329,328,125,124,63,150,152,215,17,342,103,119,290,137,225,156,45,137,195,165,98,257,248,256,279,,,276,308,,,214,138,279,148,225,178,69,90,150,255,22,15,337,337,335,181,189,144,320,286,72,158,279,272,,264,,,b'\x11\xe8\xe1I\xccKN\xa2\xaf\x82\x12\xdf\x17\xaeN\x1e'
11E8E149-CC4B-4EA2-AF82-12DF17AE4E1E,2013-ncaa-d0-natl,ncaa,259,284,120,272,152,305,299,232,331,287,223,318,238,196,312,162,248,235,239,233,193,240,166,325,326,333,158,175,114,82,73,186,100,134,92,192,19,339,333,293,234,233,203,181,,,314,342,,,318,200,254,195,333,333,279,311,257,251,203,274,252,251,292,196,77,217,136,213,328,248,211,,313,,,312,188,105,80,219,124,96,214,120,123,180,130,310,318,127,315,337,134,119,216,249,254,258,119,323,74,100,130,73,103,92,119,151,215,200,171,333,333,241,267,,,198,218,,,318,138,329,231,318,167,99,42,114,66,122,108,306,312,308,86,66,70,124,90,117,236,324,239,,221,,,b'\x11\xe8\xe1I\xccKN\xa2\xaf\x82\x12\xdf\x17\xaeN\x1e'
11E8E149-CC4B-4EA2-AF82-12DF17AE4E1E,2013-ncaa-d1-conf-America East,ncaa,4,4,2,4,2,7,9,3,9,8,7,9,7,3,9,4,5,6,4,6,6,3,1,9,8,9,4,6,3,1,2,3,2,2,2,3,1,9,9,9,3,5,4,4,,,9,9,,,9,1,3,1,9,9,8,9,7,8,4,6,7,7,8,1,2,4,2,4,9,6,4,,9,,,8,8,5,5,4,4,5,3,5,4,7,3,9,9,6,9,9,8,9,5,6,4,8,3,9,6,2,6,2,6,2,5,3,4,5,4,9,9,9,9,,,3,8,,,9,9,9,5,8,6,4,5,5,5,5,3,9,9,9,5,6,4,4,4,5,4,9,9,,4,,,b'\x11\xe8\xe1I\xccKN\xa2\xaf\x82\x12\xdf\x17\xaeN\x1e'
11E8E149-CC4B-4EA2-AF82-12DF17AE4E1E,2013-ncaa-d1-natl,ncaa,270,282,136,275,178,320,319,255,333,305,246,324,247,207,315,158,259,246,238,245,194,263,193,328,329,337,151,173,109,93,76,205,105,150,95,204,22,335,334,295,251,240,220,183,,,311,342,,,319,234,257,189,333,334,286,313,260,255,206,275,253,252,293,198,81,220,141,219,326,256,215,,314,,,318,171,92,53,224,110,76,219,117,111,181,128,305,314,131,313,336,103,88,218,256,262,259,116,323,60,105,112,76,78,95,108,153,233,202,178,330,334,234,274,,,217,212,,,319,107,333,238,321,172,102,42,116,67,121,106,307,314,311,88,66,71,129,93,118,240,324,242,,219,,,b'\x11\xe8\xe1I\xccKN\xa2\xaf\x82\x12\xdf\x17\xaeN\x1e'
11E8E149-CC4B-4EA2-AF82-12DF17AE4E1E,2014-ncaa-d0-natl,ncaa,303,311,180,308,235,264,261,169,319,287,224,326,115,93,191,84,303,316,123,314,309,207,142,295,301,319,82,65,274,82,77,272,82,180,109,196,90,334,332,293,117,92,283,282,,,346,349,,,305,174,80,257,282,272,106,291,220,101,85,304,316,316,181,71,52,282,159,187,341,97,281,,348,,,303,209,117,33,315,220,126,297,14,13,216,9,345,345,256,345,347,97,142,289,319,284,156,6,345,23,82,160,77,72,109,76,88,99,65,51,327,323,290,316,,,245,302,,,305,186,307,217,297,260,155,21,250,161,18,9,346,346,346,109,188,31,204,101,96,67,334,309,,238,,,b'\x11\xe8\xe1I\xccKN\xa2\xaf\x82\x12\xdf\x17\xaeN\x1e'
11E8E149-CC4B-4EA2-AF82-12DF17AE4E1E,2014-ncaa-d1-conf-America East,ncaa,6,7,5,7,8,7,7,4,8,7,4,8,3,3,4,3,8,8,4,8,9,5,3,8,8,8,2,2,8,3,3,7,4,3,3,7,7,9,8,8,4,4,6,6,,,9,9,,,8,3,2,7,7,7,2,7,4,3,3,8,8,8,4,1,3,7,3,6,9,4,6,,9,,,8,9,7,1,9,9,8,9,1,1,2,1,9,9,7,9,9,5,4,8,9,9,1,1,9,2,4,6,3,4,3,3,2,4,4,2,9,8,8,9,,,7,9,,,8,7,7,8,7,8,7,3,8,8,1,1,9,9,9,8,8,3,6,4,4,3,9,9,,8,,,b'\x11\xe8\xe1I\xccKN\xa2\xaf\x82\x12\xdf\x17\xaeN\x1e'
11E8E149-CC4B-4EA2-AF82-12DF17AE4E1E,2014-ncaa-d1-natl,ncaa,310,310,211,312,284,283,279,193,322,298,244,326,124,103,195,85,311,321,124,321,311,234,165,298,304,321,82,64,273,95,79,290,83,207,112,216,89,332,333,295,137,96,291,286,,,344,349,,,305,203,83,259,284,277,109,295,222,99,85,306,315,316,183,75,51,286,164,195,341,104,281,,348,,,305,191,100,17,319,207,105,301,10,8,218,9,344,344,260,344,347,68,109,294,324,293,155,5,345,18,83,141,79,54,112,66,87,113,67,58,322,326,288,319,,,272,303,,,305,161,310,232,304,266,161,21,256,163,19,9,346,346,346,109,189,31,210,101,100,70,336,314,,242,,,b'\x11\xe8\xe1I\xccKN\xa2\xaf\x82\x12\xdf\x17\xaeN\x1e'
11E8E149-CC4B-4EA2-AF82-12DF17AE4E1E,2015-ncaa-d0-natl,ncaa,320,316,243,322,246,283,297,245,315,312,297,270,158,99,301,67,226,195,269,191,71,241,198,296,294,311,68,97,113,127,116,184,58,149,70,260,155,302,311,301,341,342,154,158,,,238,312,,,319,229,181,28,275,294,191,308,285,143,72,195,155,156,184,96,79,101,76,248,328,339,132,,296,,,317,228,175,117,264,212,182,228,127,71,303,69,316,297,305,294,280,147,80,250,290,339,200,93,303,40,58,132,116,73,70,69,33,332,326,273,344,342,238,308,,,254,261,,,319,103,305,318,322,300,261,200,282,264,170,103,328,317,317,274,132,62,204,141,100,327,343,271,,206,,,b'\x11\xe8\xe1I\xccKN\xa2\xaf\x82\x12\xdf\x17\xaeN\x1e'
11E8E149-CC4B-4EA2-AF82-12DF17AE4E1E,2015-ncaa-d1-conf-America East,ncaa,8,8,5,8,6,9,8,4,9,8,6,8,5,3,9,3,7,6,8,6,5,4,4,9,9,9,3,5,4,1,3,3,4,2,3,6,4,9,9,9,9,9,2,2,,,7,8,,,9,4,5,2,9,8,1,8,6,5,2,7,7,7,2,1,1,1,1,6,9,9,2,,8,,,9,8,6,4,8,6,7,6,5,2,9,1,8,8,9,8,8,6,4,8,9,9,7,3,8,3,4,6,3,5,3,2,1,9,9,8,9,9,9,9,,,8,9,,,9,5,9,8,9,8,7,5,7,7,7,2,9,8,8,7,5,4,7,4,3,9,9,9,,8,,,b'\x11\xe8\xe1I\xccKN\xa2\xaf\x82\x12\xdf\x17\xaeN\x1e'
11E8E149-CC4B-4EA2-AF82-12DF17AE4E1E,2015-ncaa-d1-natl,ncaa,324,313,298,324,302,304,319,280,322,331,321,276,163,113,302,67,245,220,269,220,70,275,248,300,298,316,64,96,109,145,125,211,59,181,80,288,156,286,317,309,344,342,169,162,,,218,313,,,323,275,188,24,280,305,202,315,290,142,74,199,153,159,198,106,82,111,80,253,329,340,138,,296,,,323,211,155,78,274,196,150,237,110,52,305,68,303,287,306,283,282,114,40,258,298,341,195,91,304,24,59,101,125,48,80,55,36,342,328,281,339,342,226,311,,,278,258,,,323,60,309,324,327,302,271,200,288,267,173,100,331,320,320,277,129,65,210,147,107,328,344,270,,206,,,b'\x11\xe8\xe1I\xccKN\xa2\xaf\x82\x12\xdf\x17\xaeN\x1e'
11E8E149-CC4B-4EA2-AF82-12DF17AE4E1E,2016-ncaa-d0-natl,ncaa,268,281,175,276,207,290,310,223,331,318,297,311,152,87,297,53,247,289,49,288,207,248,190,310,308,325,56,76,155,128,130,160,290,137,195,293,212,313,324,329,269,274,49,64,,,201,205,,,291,222,218,180,311,324,226,331,296,152,71,257,293,290,258,182,112,120,107,304,324,269,38,,226,,,291,145,112,199,72,177,288,33,53,29,228,16,299,296,207,293,207,216,174,44,69,148,124,38,318,318,290,166,130,258,195,87,103,271,296,201,319,318,157,248,,,262,291,,,291,124,315,205,291,188,138,231,214,326,47,25,302,306,304,267,221,329,190,282,100,275,318,168,,283,,,b'\x11\xe8\xe1I\xccKN\xa2\xaf\x82\x12\xdf\x17\xaeN\x1e'
11E8E149-CC4B-4EA2-AF82-12DF17AE4E1E,2016-ncaa-d1-conf-America East,ncaa,8,8,5,8,7,7,8,5,8,9,9,7,2,1,7,1,5,5,1,5,4,6,3,7,7,9,1,2,3,2,2,5,9,3,7,8,8,8,8,9,6,8,1,1,,,9,8,,,8,4,1,5,7,7,4,9,9,2,1,5,5,5,4,2,2,4,2,8,8,6,1,,9,,,8,8,7,8,5,7,9,3,3,1,6,1,9,9,1,9,9,9,7,5,5,6,6,1,9,8,9,6,2,8,7,3,2,6,8,6,8,8,4,7,,,6,8,,,8,6,9,8,8,8,8,8,8,9,4,1,9,9,9,8,9,9,7,8,3,6,8,6,,5,,,b'\x11\xe8\xe1I\xccKN\xa2\xaf\x82\x12\xdf\x17\xaeN\x1e'
11E8E149-CC4B-4EA2-AF82-12DF17AE4E1E,2016-ncaa-d1-natl,ncaa,280,280,218,283,256,316,329,262,335,339,319,316,165,92,301,52,268,301,48,301,204,286,231,318,311,331,52,75,148,151,141,187,294,171,209,315,218,306,328,331,288,288,52,68,,,174,202,,,299,268,218,164,317,333,231,334,304,152,70,260,294,291,264,188,114,126,113,312,325,273,38,,227,,,300,123,89,168,81,161,272,37,39,19,237,15,292,287,214,283,210,188,131,50,80,164,122,36,318,309,294,138,141,233,209,68,103,297,300,207,305,319,145,257,,,289,285,,,299,79,321,216,300,196,149,232,222,330,50,24,304,306,303,272,217,329,199,289,108,283,319,175,,285,,,b'\x11\xe8\xe1I\xccKN\xa2\xaf\x82\x12\xdf\x17\xaeN\x1e'
11E8E149-CC4B-4EA2-AF82-12DF17AE4E1E,2017-ncaa-d0-natl,ncaa,267,265,234,273,235,316,331,335,284,346,348,199,139,91,256,15,270,271,210,271,21,333,313,224,216,290,15,25,119,315,289,121,160,215,181,250,56,293,339,293,312,308,96,77,,,116,186,,,258,297,302,18,316,335,345,346,346,104,59,254,248,247,343,307,306,41,166,236,310,302,75,,163,,,259,46,42,154,21,37,127,25,142,212,67,244,117,102,225,109,153,141,73,27,25,87,265,243,202,208,160,68,289,107,181,93,225,316,304,252,303,337,50,263,,,272,171,,,258,60,306,124,255,87,89,243,58,180,186,258,146,137,144,226,131,269,133,192,134,307,314,71,,257,,,b'\x11\xe8\xe1I\xccKN\xa2\xaf\x82\x12\xdf\x17\xaeN\x1e'
11E8E149-CC4B-4EA2-AF82-12DF17AE4E1E,2017-ncaa-d1-conf-America East,ncaa,7,7,5,7,5,8,9,8,8,9,9,7,2,2,3,1,5,5,5,5,1,8,7,6,5,8,1,1,3,5,7,3,4,4,4,5,3,7,8,8,8,8,3,3,,,5,5,,,8,7,8,2,8,9,9,9,9,2,2,4,3,3,9,7,6,1,2,5,7,7,2,,6,,,8,3,2,6,1,2,5,1,6,6,5,6,4,5,6,5,5,6,4,2,2,4,6,7,6,7,4,4,7,4,4,4,5,8,8,8,7,8,3,7,,,5,3,,,8,3,8,4,8,4,4,8,3,6,7,7,7,4,4,8,4,7,5,6,4,8,7,4,,4,,,b'\x11\xe8\xe1I\xccKN\xa2\xaf\x82\x12\xdf\x17\xaeN\x1e'
11E8E149-CC4B-4EA2-AF82-12DF17AE4E1E,2017-ncaa-d1-natl,ncaa,283,265,310,284,311,332,341,346,289,348,348,207,150,101,259,15,289,290,208,289,19,345,339,235,228,298,14,25,120,330,293,149,170,261,193,279,56,278,341,302,327,310,104,80,,,86,189,,,269,333,305,15,322,339,347,347,346,107,59,258,254,251,344,312,309,47,178,247,313,310,78,,166,,,274,23,23,106,23,26,90,25,127,186,71,244,102,82,225,90,153,85,27,28,30,100,264,245,205,181,170,45,293,79,193,77,233,334,309,263,293,338,40,265,,,305,168,,,269,24,312,136,266,91,92,244,67,183,190,259,156,137,143,226,128,270,139,200,142,310,316,74,,259,,,b'\x11\xe8\xe1I\xccKN\xa2\xaf\x82\x12\xdf\x17\xaeN\x1e'
11E8E149-CC4B-4EA2-AF82-12DF17AE4E1E,2018-ncaa-d0-natl,ncaa,293,295,242,299,291,315,319,328,268,334,345,113,156,84,305,19,284,318,31,314,96,331,322,218,200,273,44,61,164,296,228,203,145,262,148,268,106,261,324,287,285,261,210,170,,,64,161,,,269,321,304,341,316,326,335,337,343,128,57,278,317,313,340,321,287,139,215,263,288,270,199,,116,,,269,69,92,98,122,54,44,197,215,250,134,317,32,34,181,35,131,73,43,165,138,206,253,299,76,109,145,46,228,50,148,58,78,297,256,212,183,286,99,303,,,291,192,,,269,37,283,209,266,124,144,154,90,55,262,298,64,64,67,118,63,153,78,104,98,283,221,132,,271,,,b'\x11\xe8\xe1I\xccKN\xa2\xaf\x82\x12\xdf\x17\xaeN\x1e'
11E8E149-CC4B-4EA2-AF82-12DF17AE4E1E,2018-ncaa-d1-conf-America East,ncaa,7,7,6,7,9,8,9,9,6,9,9,2,6,2,6,1,6,7,2,7,1,9,9,5,5,7,1,3,4,9,8,4,5,9,6,7,2,7,8,7,9,8,4,4,,,3,4,,,7,9,7,9,7,9,9,9,9,5,2,5,6,6,9,9,9,2,8,7,8,8,4,,5,,,7,4,5,7,5,5,5,5,5,7,3,6,3,3,6,3,3,7,1,5,4,7,3,6,4,7,5,1,8,2,6,4,3,9,9,7,6,8,7,9,,,5,3,,,7,1,7,7,7,7,8,8,7,7,5,7,4,4,4,8,4,9,2,3,4,9,7,7,,4,,,b'\x11\xe8\xe1I\xccKN\xa2\xaf\x82\x12\xdf\x17\xaeN\x1e'
11E8E149-CC4B-4EA2-AF82-12DF17AE4E1E,2018-ncaa-d1-natl,ncaa,289,295,213,296,314,316,322,328,274,338,346,112,147,64,306,17,284,318,33,314,93,333,323,227,209,276,40,56,167,283,216,180,140,243,140,272,112,272,325,294,277,258,207,159,,,64,155,,,263,329,302,342,315,326,332,341,344,121,50,279,316,313,335,314,271,127,201,271,292,264,198,,115,,,261,55,82,97,111,48,42,168,217,252,125,314,27,34,163,32,117,64,36,144,120,173,248,294,76,102,140,46,216,48,140,49,73,285,239,195,181,273,84,298,,,289,203,,,263,31,287,192,258,110,139,148,84,55,252,291,54,58,58,108,63,148,85,103,90,269,214,118,,274,,,b'\x11\xe8\xe1I\xccKN\xa2\xaf\x82\x12\xdf\x17\xaeN\x1e'
11E8E149-CC4B-4EA2-AF82-12DF17AE4E1E,2019-ncaa-d0-natl,ncaa,253,224,292,250,295,345,344,350,288,344,350,182,248,177,323,40,343,345,199,344,187,349,348,266,273,288,98,89,248,348,344,208,212,318,302,328,165,113,308,282,350,348,36,27,,,5,35,,,289,340,340,89,346,343,350,342,344,211,126,336,337,337,350,347,345,88,299,320,201,348,13,,23,,,295,17,54,113,65,81,176,45,51,53,144,94,12,11,135,13,23,64,20,48,35,157,65,153,49,190,212,93,344,114,302,13,24,350,347,301,106,291,55,250,,,340,236,,,289,12,323,210,304,80,141,261,173,301,96,106,35,37,39,201,46,278,214,256,41,347,197,91,,337,,,b'\x11\xe8\xe1I\xccKN\xa2\xaf\x82\x12\xdf\x17\xaeN\x1e'
11E8E149-CC4B-4EA2-AF82-12DF17AE4E1E,2019-ncaa-d1-conf-America East,ncaa,5,5,5,5,5,6,6,7,6,8,9,5,4,4,6,1,9,9,5,9,3,7,8,5,6,6,1,1,5,9,9,2,5,5,6,6,4,5,7,5,9,9,1,1,,,1,1,,,6,8,8,2,6,6,8,8,9,3,3,9,9,9,8,9,9,1,5,6,4,9,1,,1,,,6,4,1,9,1,6,9,1,2,2,4,2,6,5,7,5,2,6,2,1,1,3,3,2,6,8,5,6,9,7,6,1,1,9,9,8,4,7,2,7,,,8,5,,,6,2,6,6,6,4,5,9,8,9,3,3,6,5,5,7,4,8,7,7,1,9,5,2,,7,,,b'\x11\xe8\xe1I\xccKN\xa2\xaf\x82\x12\xdf\x17\xaeN\x1e'
11E8E149-CC4B-4EA2-AF82-12DF17AE4E1E,2019-ncaa-d1-natl,ncaa,232,224,233,234,250,338,332,344,276,336,348,166,216,145,313,42,334,337,226,338,183,343,345,243,259,273,95,85,255,346,342,153,196,297,285,320,208,115,284,276,347,344,25,29,,,7,33,,,270,341,340,86,344,334,348,336,343,195,124,335,332,331,349,347,342,70,279,323,168,344,13,,21,,,270,23,71,165,45,115,240,32,39,53,85,73,18,19,153,20,16,107,25,28,18,112,37,109,55,231,196,134,342,170,285,16,24,348,346,283,110,264,84,256,,,336,230,,,270,12,312,175,274,55,127,262,176,315,67,82,32,33,36,186,46,278,203,252,36,347,166,113,,333,,,b'\x11\xe8\xe1I\xccKN\xa2\xaf\x82\x12\xdf\x17\xaeN\x1e'
11E8E149-CC4B-4EA2-AF82-12DF17AE4E1E,2020-ncaa-d0-natl,ncaa,239,240,191,250,201,262,236,267,160,263,297,120,139,129,187,64,338,340,72,340,321,304,330,134,153,151,155,80,322,328,326,222,267,293,307,208,154,41,134,115,342,339,96,130,,,9,19,,,253,314,344,55,269,236,293,262,300,135,112,330,340,340,325,340,329,202,307,201,46,342,83,,12,,,256,141,226,215,189,255,285,119,139,78,318,64,19,14,268,13,6,155,55,180,141,276,36,160,15,263,267,182,326,230,307,121,78,344,343,325,23,74,46,110,,,336,308,,,253,38,194,299,265,166,259,266,268,318,158,76,24,17,14,189,46,272,211,257,131,343,32,49,,341,,,b'\x11\xe8\xe1I\xccKN\xa2\xaf\x82\x12\xdf\x17\xaeN\x1e'
11E8E149-CC4B-4EA2-AF82-12DF17AE4E1E,2020-ncaa-d1-conf-America East,ncaa,6,6,5,6,7,6,7,7,4,7,9,2,4,3,8,2,9,9,2,9,6,8,9,3,2,4,4,2,8,9,8,6,8,7,8,6,3,5,5,4,9,9,3,4,,,1,2,,,8,9,9,6,7,8,8,8,9,4,2,9,9,9,8,9,8,2,6,5,5,9,3,,3,,,8,5,5,5,4,6,7,3,6,5,5,3,3,2,7,2,3,5,3,4,5,8,4,4,3,9,8,5,8,7,8,5,3,9,9,8,2,5,2,3,,,9,9,,,8,1,5,8,8,7,7,8,6,8,6,5,4,5,5,7,4,9,5,8,5,9,3,2,,9,,,b'\x11\xe8\xe1I\xccKN\xa2\xaf\x82\x12\xdf\x17\xaeN\x1e'
11E8E149-CC4B-4EA2-AF82-12DF17AE4E1E,2020-ncaa-d1-natl,ncaa,238,240,128,243,148,253,225,266,149,257,291,119,134,119,179,66,331,337,62,336,321,302,326,128,151,137,160,86,323,328,323,204,260,294,302,197,156,34,107,100,344,341,71,107,,,14,21,,,252,319,344,57,265,229,281,256,295,132,116,329,340,339,322,340,329,199,313,199,32,343,67,,13,,,250,143,235,230,186,255,300,108,134,63,325,55,30,21,273,20,12,166,56,170,137,269,37,148,20,264,260,208,323,245,302,122,74,341,339,316,23,62,43,108,,,338,314,,,252,31,183,295,257,155,253,251,259,318,142,65,29,20,20,173,46,272,217,254,119,342,27,49,,343,,,b'\x11\xe8\xe1I\xccKN\xa2\xaf\x82\x12\xdf\x17\xaeN\x1e'
11E8E149-CC4B-4EA2-AF82-12DF17AE4E1E,2021-ncaa-d0-natl,ncaa,290,4,337,72,338,337,337,338,87,336,337,126,338,339,150,285,340,340,286,340,343,338,338,131,190,163,338,270,341,340,232,337,219,338,199,334,57,5,102,49,338,293,317,30,,,6,47,,,143,338,230,224,216,90,121,48,45,260,287,341,341,341,217,279,263,149,223,41,69,290,26,,40,,,91,5,5,7,13,4,7,7,5,6,76,72,6,6,230,6,54,6,6,13,16,21,130,119,207,6,219,5,232,5,199,4,48,339,204,71,5,78,9,283,,,340,343,,,143,6,176,33,86,32,42,197,72,269,60,81,111,101,90,175,141,239,111,150,24,219,57,322,,343,,,b'\x11\xe8\xe1I\xccKN\xa2\xaf\x82\x12\xdf\x17\xaeN\x1e'
11E8E149-CC4B-4EA2-AF82-12DF17AE4E1E,2021-ncaa-d1-conf-America East,ncaa,7,1,9,3,9,9,9,9,3,9,10,3,9,9,2,8,10,10,7,10,10,10,10,2,3,2,9,6,10,10,5,9,7,10,5,8,2,1,2,2,10,9,9,1,,,1,1,,,4,10,4,1,2,1,1,1,2,3,6,10,10,10,2,5,7,3,6,2,2,9,1,,2,,,4,1,1,2,1,1,2,1,2,2,6,4,1,1,7,1,3,2,2,1,1,4,8,7,9,2,7,2,5,2,5,1,2,10,9,5,1,3,1,9,,,10,10,,,4,1,3,4,4,6,5,9,5,8,6,6,7,5,5,9,9,8,5,7,3,8,2,9,,10,,,b'\x11\xe8\xe1I\xccKN\xa2\xaf\x82\x12\xdf\x17\xaeN\x1e'
11E8E149-CC4B-4EA2-AF82-12DF17AE4E1E,2021-ncaa-d1-natl,ncaa,296,4,337,72,338,337,337,338,92,336,337,128,338,339,152,284,340,340,285,340,343,338,338,133,195,167,337,268,341,340,239,337,224,338,204,334,58,5,103,50,338,297,320,32,,,6,47,,,151,338,231,225,224,95,131,52,46,260,289,341,341,341,225,281,269,161,231,42,68,293,27,,41,,,98,5,5,7,14,4,7,8,5,6,79,72,6,6,234,6,53,6,6,14,16,21,128,115,210,6,224,5,239,5,204,4,49,339,214,76,5,80,9,286,,,340,343,,,151,6,181,35,91,34,40,196,77,272,60,78,116,106,95,178,140,244,117,155,27,227,58,323,,343,,,b'\x11\xe8\xe1I\xccKN\xa2\xaf\x82\x12\xdf\x17\xaeN\x1e'
11E8E149-CC4B-4EA2-AF82-12DF17AE4E1E,2022-ncaa-d0-natl,ncaa,79,67,112,75,133,170,148,192,76,130,166,88,191,228,122,205,251,272,105,275,301,215,240,96,101,105,260,206,273,264,245,176,249,221,224,92,56,85,136,67,157,142,59,45,,,52,47,,,58,227,335,220,215,163,287,137,206,212,246,284,296,298,298,344,292,237,293,80,70,180,56,,30,,,53,38,54,138,30,111,193,57,17,85,6,107,78,50,314,54,56,124,155,17,15,9,55,60,190,246,249,131,245,168,224,12,17,110,75,12,100,143,238,220,,,208,161,,,58,128,130,21,52,8,19,68,77,157,11,57,68,41,44,38,55,222,61,129,6,126,81,219,,263,,,b'\x11\xe8\xe1I\xccKN\xa2\xaf\x82\x12\xdf\x17\xaeN\x1e'
11E8E149-CC4B-4EA2-AF82-12DF17AE4E1E,2022-ncaa-d1-conf-America East,ncaa,3,4,3,4,3,2,2,2,2,2,1,3,5,4,6,6,2,2,3,2,5,2,3,3,3,3,8,6,6,3,7,6,6,5,7,2,2,4,3,2,3,5,2,1,,,5,3,,,3,2,5,5,3,3,4,2,5,6,6,3,5,4,2,7,7,5,5,2,2,5,2,,3,,,3,5,3,8,3,4,7,3,2,7,2,6,9,6,10,6,7,8,9,2,3,1,7,2,10,8,6,8,7,7,7,1,1,2,3,1,4,4,7,5,,,3,4,,,3,8,3,4,3,3,3,5,5,5,2,6,7,5,5,5,7,8,5,6,1,2,4,5,,4,,,b'\x11\xe8\xe1I\xccKN\xa2\xaf\x82\x12\xdf\x17\xaeN\x1e'
11E8E149-CC4B-4EA2-AF82-12DF17AE4E1E,2022-ncaa-d1-natl,ncaa,93,67,146,83,178,207,186,244,82,163,194,95,208,247,126,209,273,291,104,292,301,258,285,100,105,114,259,204,268,288,255,218,258,267,238,112,57,63,141,73,188,157,65,49,,,39,53,,,70,269,337,210,232,183,297,149,213,217,249,286,298,298,309,344,299,251,309,96,69,193,60,,31,,,66,25,44,104,34,90,152,65,10,66,6,104,67,37,316,45,58,85,104,18,17,11,53,58,189,222,258,89,255,128,238,8,17,140,87,18,81,151,226,229,,,245,153,,,70,82,141,30,62,11,22,72,84,162,12,58,74,42,48,42,51,226,66,134,6,140,82,227,,265,,,b'\x11\xe8\xe1I\xccKN\xa2\xaf\x82\x12\xdf\x17\xaeN\x1e'
11E8E149-CC4B-4EA2-AF82-12DF17AE4E1E,2023-ncaa-d0-natl,ncaa,42,20,116,33,146,196,168,230,82,175,199,165,151,244,18,205,323,309,270,308,321,262,295,87,121,111,224,124,344,239,193,162,140,187,126,114,59,40,102,55,288,265,98,98,,,31,56,,,72,299,360,240,245,196,318,206,230,164,266,341,333,334,333,357,266,184,245,117,32,307,94,,19,,,71,22,44,122,47,117,236,46,15,35,31,40,30,13,340,14,14,85,77,25,26,35,16,38,89,124,140,79,193,82,126,4,4,264,212,31,120,207,108,118,,,335,324,,,72,65,104,44,62,9,23,59,105,224,10,18,22,9,11,25,8,106,50,55,5,298,112,96,,358,,,b'\x11\xe8\xe1I\xccKN\xa2\xaf\x82\x12\xdf\x17\xaeN\x1e'
11E8E149-CC4B-4EA2-AF82-12DF17AE4E1E,2023-ncaa-d1-conf-America East,ncaa,1,1,1,1,1,3,2,2,2,2,3,3,2,3,2,6,6,5,9,5,6,2,3,3,4,3,7,3,8,4,4,2,3,2,3,1,1,2,2,1,5,7,1,1,,,4,3,,,2,4,9,8,6,4,7,4,5,3,7,8,8,7,8,9,6,2,2,1,1,8,1,,2,,,2,2,4,7,2,5,9,2,2,3,2,3,1,1,9,1,1,7,7,2,2,2,2,2,2,3,3,5,4,5,3,1,1,3,4,1,6,5,5,3,,,4,5,,,2,7,2,2,2,2,2,2,3,8,2,3,1,1,1,1,1,2,2,3,1,5,4,4,,8,,,b'\x11\xe8\xe1I\xccKN\xa2\xaf\x82\x12\xdf\x17\xaeN\x1e'
11E8E149-CC4B-4EA2-AF82-12DF17AE4E1E,2023-ncaa-d1-natl,ncaa,37,20,103,32,131,213,172,248,91,185,199,175,151,245,19,203,325,314,279,313,325,274,311,92,127,116,217,125,342,228,178,159,142,176,119,110,57,46,112,58,306,286,102,110,,,25,50,,,78,319,360,245,254,213,321,210,232,168,267,342,334,335,330,358,253,186,241,117,35,321,103,,17,,,76,20,48,126,48,121,255,49,12,30,29,38,30,16,319,16,13,80,56,24,24,42,13,39,88,128,142,80,178,81,119,6,4,283,230,37,147,233,136,147,,,339,328,,,78,50,110,47,63,10,26,59,110,227,10,16,21,11,11,25,8,112,44,53,5,311,135,124,,358,,,b'\x11\xe8\xe1I\xccKN\xa2\xaf\x82\x12\xdf\x17\xaeN\x1e'
11E8E149-CC4B-4EA2-AF82-12DF17AE4E1E,2023-ncaa-d1-ncaatournament,ncaa,36,2,36,36,38,58,55,47,55,67,65,64,24,27,17,2,66,68,64,68,68,59,62,43,53,55,3,1,68,67,67,66,50,67,67,39,11,12,39,32,60,61,59,63,,,8,14,,,66,46,22,7,58,53,26,67,65,3,2,66,68,68,57,58,67,66,67,26,27,58,59,,14,,,66,30,34,19,68,36,19,68,20,17,40,33,11,10,46,10,19,16,13,67,67,68,9,20,10,7,50,28,67,17,67,41,57,52,48,65,28,62,29,64,,,67,67,,,66,21,58,66,64,65,68,47,66,45,40,33,27,21,22,43,33,17,63,49,66,44,59,53,,67,,,b'\x11\xe8\xe1I\xccKN\xa2\xaf\x82\x12\xdf\x17\xaeN\x1e'
11E8E149-CC4B-4EA2-AF82-12DF17AE4E1E,2024-ncaa-d0-natl,ncaa,41,82,8,71,12,118,80,117,45,54,98,46,190,203,166,223,293,299,174,301,350,149,164,74,92,85,326,245,346,265,278,91,96,143,158,84,135,99,101,63,279,309,45,81,,,83,53,,,74,140,360,263,271,188,342,128,243,266,293,350,354,354,354,360,336,263,337,155,15,344,81,,12,,,79,120,166,242,70,269,320,66,17,45,17,16,120,126,142,128,46,235,209,30,22,52,8,12,156,164,96,209,278,191,158,22,8,214,241,69,130,142,145,88,,,257,303,,,74,221,107,45,71,2,11,14,77,164,2,3,34,32,32,7,1,37,21,15,5,336,42,60,,357,,,b'\x11\xe8\xe1I\xccKN\xa2\xaf\x82\x12\xdf\x17\xaeN\x1e'
11E8E149-CC4B-4EA2-AF82-12DF17AE4E1E,2024-ncaa-d1-conf-America East,ncaa,2,3,1,3,1,2,2,2,1,1,3,1,2,3,1,4,7,7,5,7,8,2,4,1,1,1,4,2,9,5,5,4,4,4,3,2,4,2,2,2,5,6,1,2,,,2,1,,,2,4,9,3,2,2,8,1,7,2,4,9,9,9,8,9,8,6,9,2,2,7,4,,1,,,2,3,3,6,4,6,7,3,1,1,1,1,7,7,6,7,4,6,6,1,1,3,1,1,8,5,4,3,5,3,3,1,1,6,7,2,2,3,1,1,,,8,8,,,2,7,2,3,2,3,1,3,4,4,1,1,3,4,4,4,1,3,2,2,1,7,2,1,,9,,,b'\x11\xe8\xe1I\xccKN\xa2\xaf\x82\x12\xdf\x17\xaeN\x1e'
11E8E149-CC4B-4EA2-AF82-12DF17AE4E1E,2024-ncaa-d1-natl,ncaa,39,83,6,74,6,124,81,128,50,50,103,52,187,207,160,216,310,312,174,318,354,154,181,78,101,88,324,232,354,277,287,94,114,159,180,79,134,88,104,65,297,323,40,78,,,75,54,,,77,146,362,264,287,206,347,155,258,261,292,353,356,357,358,362,339,276,342,169,13,349,75,,10,,,91,113,178,255,71,277,331,68,16,41,22,16,119,120,172,120,40,238,217,36,26,57,8,14,148,182,114,217,287,203,180,22,8,225,249,80,144,157,151,104,,,292,318,,,77,216,115,60,76,2,13,14,86,172,2,3,29,30,29,7,1,48,23,18,6,340,46,59,,360,,,b'\x11\xe8\xe1I\xccKN\xa2\xaf\x82\x12\xdf\x17\xaeN\x1e'
11E8E149-CC4B-4EA2-AF82-12DF17AE4E1E,2025-ncaa-d0-natl,genius_ncaa,84,91,54,97,71,158,102,206,19,78,166,33,196,264,55,222,345,346,212,342,357,241,295,30,45,56,332,221,357,328,291,167,53,247,132,120,181,33,79,58,190,139,84,75,,,74,148,,24,62,265,362,232,245,133,343,106,236,237,303,354,357,355,358,362,348,278,344,158,16,248,106,,32,,15,62,26,41,81,80,75,163,65,32,39,100,80,43,40,288,33,42,58,72,54,57,56,72,92,148,31,53,57,291,33,132,23,44,181,105,52,45,117,73,69,,,305,253,,183,62,98,84,37,51,3,7,5,32,52,13,15,28,24,21,2,2,12,12,1,8,253,23,46,,354,,224,b'\x11\xe8\xe1I\xccKN\xa2\xaf\x82\x12\xdf\x17\xaeN\x1e'
11E8E149-CC4B-4EA2-AF82-12DF17AE4E1E,2025-ncaa-d1-conf-America East,genius_ncaa,1,1,1,1,1,1,1,1,1,1,1,1,3,8,1,8,8,8,6,8,9,2,3,1,1,1,8,7,9,9,8,1,3,2,4,2,6,1,1,1,2,2,1,1,,,5,5,,4,1,3,9,3,1,1,3,1,2,4,8,9,8,8,7,9,9,2,7,3,1,4,2,,3,,3,1,1,1,4,1,4,7,1,2,3,1,4,3,4,4,3,3,4,6,1,1,1,4,2,6,4,3,5,8,4,4,1,2,2,2,1,1,1,2,1,,,7,8,,3,1,8,1,1,1,1,1,1,2,4,1,2,3,3,2,1,1,3,2,2,1,2,1,2,,8,,4,b'\x11\xe8\xe1I\xccKN\xa2\xaf\x82\x12\xdf\x17\xaeN\x1e'
11E8E149-CC4B-4EA2-AF82-12DF17AE4E1E,2025-ncaa-d1-natl,genius_ncaa,95,91,72,99,88,181,122,259,19,95,199,34,217,275,54,224,347,347,210,345,356,289,327,31,50,62,329,216,357,333,299,200,54,289,140,143,186,24,86,62,224,153,89,76,,,56,156,,17,72,315,362,228,261,148,344,118,243,241,310,354,357,355,358,362,349,289,350,172,17,262,110,,34,,13,71,18,29,53,90,56,131,68,26,29,112,79,39,35,289,30,42,35,29,66,63,67,69,91,148,24,54,36,299,20,140,18,47,215,115,63,38,124,59,72,,,323,249,,189,72,49,89,53,58,3,10,5,34,53,12,14,29,25,22,2,1,12,13,1,8,261,23,47,,355,,220,b'\x11\xe8\xe1I\xccKN\xa2\xaf\x82\x12\xdf\x17\xaeN\x1e'
11E8E149-CC4B-4EA2-AF82-12DF17AE4E1E,2025-ncaa-d1-ncaatournament,genius_ncaa,37,2,37,37,38,55,51,56,43,55,45,61,35,61,3,33,67,68,1,68,68,61,66,38,43,42,23,6,66,49,40,44,58,46,51,43,16,14,35,31,62,62,61,64,,,10,16,,1,48,67,63,7,55,44,41,54,28,16,41,66,68,68,57,62,42,32,39,31,26,60,61,,20,,1,53,16,10,25,25,16,24,37,4,19,4,26,29,24,51,23,45,26,14,15,22,45,21,8,61,33,58,6,40,22,51,1,2,68,68,63,18,43,15,34,,,68,68,,54,48,5,43,57,55,44,37,57,46,56,10,37,59,56,55,59,32,63,31,57,3,68,32,30,,68,,41,b'\x11\xe8\xe1I\xccKN\xa2\xaf\x82\x12\xdf\x17\xaeN\x1e'
11E8E149-CC4B-4EA2-AF82-12DF17AE4E1E,2026-ncaa-d0-natl,genius_ncaa,87,80,116,95,142,155,115,188,58,104,158,67,160,207,94,199,321,333,124,335,359,209,244,70,84,58,326,178,353,296,300,207,143,248,206,257,360,28,45,141,268,280,204,243,,,97,89,,13,103,232,356,97,192,113,249,90,186,195,247,349,357,357,319,357,339,280,338,319,13,318,240,,41,,13,103,111,142,140,155,228,218,189,16,63,7,46,154,84,362,78,51,135,130,93,121,146,14,8,207,100,143,144,300,121,206,54,31,222,194,109,70,94,10,15,,,281,284,,66,103,140,86,126,92,51,84,41,208,197,5,19,116,53,48,28,9,63,78,54,29,277,49,10,,349,,85,b'\x11\xe8\xe1I\xccKN\xa2\xaf\x82\x12\xdf\x17\xaeN\x1e'
11E8E149-CC4B-4EA2-AF82-12DF17AE4E1E,2026-ncaa-d1-natl,genius_ncaa,38,80,13,79,35,48,21,66,17,19,54,22,90,141,61,210,280,315,80,313,358,97,144,21,28,16,339,190,356,266,273,93,84,156,155,159,357,31,18,55,185,224,121,180,,,139,72,,17,37,121,353,100,102,38,198,39,148,149,237,342,357,357,276,356,335,237,327,252,7,271,183,,27,,10,47,179,191,232,96,266,291,142,33,127,11,68,201,133,353,130,57,223,231,61,87,94,26,19,209,128,84,202,273,177,155,63,19,124,157,64,63,48,30,14,,,224,293,,38,37,253,29,84,37,27,45,38,133,155,6,28,108,53,49,19,11,37,51,31,17,238,18,12,,344,,82,b'\x11\xe8\xe1I\xccKN\xa2\xaf\x82\x12\xdf\x17\xaeN\x1e'
11E8E149-CC4F-75B8-AF82-12DF17AE4E1E,2010-ncaa-d0-natl,ncaa,178,174,178,185,238,307,296,295,258,338,345,60,28,7,269,1,345,345,55,345,341,326,341,144,203,162,9,3,345,344,344,240,78,335,333,135,4,4,86,21,327,297,179,190,,,17,105,,,218,332,345,339,326,312,323,342,345,19,7,345,345,345,339,345,344,257,343,105,8,332,181,,17,,,219,13,29,49,112,116,183,62,10,7,205,7,45,36,243,35,30,33,10,65,64,161,19,21,155,30,78,225,344,120,333,25,81,341,328,279,23,142,4,123,,,345,340,,,218,13,241,156,224,15,37,27,130,222,9,5,57,46,44,16,3,24,263,164,33,344,32,4,,345,,,b'\x11\xe8\xe1I\xccOu\xb8\xaf\x82\x12\xdf\x17\xaeN\x1e'
11E8E149-CC4F-75B8-AF82-12DF17AE4E1E,2010-ncaa-d1-conf-AAC,ncaa,15,15,10,15,12,15,15,16,15,16,16,6,1,1,9,1,16,16,10,16,16,16,16,5,10,11,1,1,16,16,16,14,12,16,16,9,1,2,10,5,16,15,10,12,,,5,10,,,15,16,16,10,15,15,16,16,16,1,1,16,16,16,16,16,16,14,16,7,2,16,10,,5,,,15,5,8,2,10,9,9,8,1,1,11,1,6,6,9,6,7,2,1,8,8,12,2,1,10,5,12,13,16,10,16,5,3,16,16,13,4,14,1,6,,,16,15,,,15,1,15,13,15,6,8,4,13,15,2,1,9,8,8,4,1,7,14,14,5,16,7,2,,16,,,b'\x11\xe8\xe1I\xccOu\xb8\xaf\x82\x12\xdf\x17\xaeN\x1e'
11E8E149-CC4F-75B8-AF82-12DF17AE4E1E,2010-ncaa-d1-natl,ncaa,189,174,191,191,273,319,310,319,268,342,345,61,30,9,271,1,345,345,53,345,341,339,345,148,205,164,9,3,345,344,344,264,78,342,333,139,5,4,87,21,334,303,187,193,,,7,105,,,222,343,345,339,328,315,325,342,345,19,7,345,345,345,339,345,344,262,343,106,8,333,180,,17,,,223,6,21,29,120,102,162,64,7,5,207,7,39,33,245,33,31,16,2,65,67,169,17,21,157,20,78,209,344,100,333,20,84,344,331,289,21,145,3,128,,,345,340,,,222,3,245,163,228,15,42,28,130,221,10,5,58,46,44,15,3,24,264,166,34,344,32,4,,345,,,b'\x11\xe8\xe1I\xccOu\xb8\xaf\x82\x12\xdf\x17\xaeN\x1e'
11E8E149-CC4F-75B8-AF82-12DF17AE4E1E,2011-ncaa-d0-natl,ncaa,208,242,119,231,133,299,299,295,284,340,341,124,21,5,273,1,342,342,6,342,318,322,332,178,192,185,2,2,342,341,341,249,74,330,334,133,6,12,134,39,305,277,226,232,,,37,139,,,234,314,343,112,334,331,336,342,343,12,5,343,343,343,342,343,342,286,342,141,11,322,245,,26,,,232,39,68,55,173,143,153,146,28,27,120,34,64,55,246,55,59,41,25,128,124,193,31,50,136,29,74,266,341,160,334,108,209,319,290,291,64,214,9,186,,,339,313,,,234,31,266,172,239,31,60,24,137,127,18,13,61,48,49,13,1,19,259,140,105,336,59,9,,343,,,b'\x11\xe8\xe1I\xccOu\xb8\xaf\x82\x12\xdf\x17\xaeN\x1e'
11E8E149-CC4F-75B8-AF82-12DF17AE4E1E,2011-ncaa-d1-conf-AAC,ncaa,13,13,4,13,5,13,14,15,13,15,16,5,3,1,15,1,16,16,1,16,14,15,16,12,12,12,2,1,16,16,16,12,9,16,16,8,1,1,6,3,14,14,14,14,,,5,7,,,13,15,16,4,15,14,15,15,16,2,1,16,16,16,16,16,16,12,16,8,1,14,14,,5,,,13,4,9,7,13,15,13,8,2,1,11,1,6,6,11,6,5,7,4,9,9,12,1,2,5,4,9,16,16,15,16,7,9,15,14,13,3,11,3,13,,,16,16,,,13,2,13,12,13,5,10,6,15,15,2,1,7,6,6,4,1,4,16,15,8,15,2,3,,16,,,b'\x11\xe8\xe1I\xccOu\xb8\xaf\x82\x12\xdf\x17\xaeN\x1e'
11E8E149-CC4F-75B8-AF82-12DF17AE4E1E,2011-ncaa-d1-natl,ncaa,226,240,132,237,148,310,310,314,287,342,343,129,24,5,270,1,342,343,5,343,317,334,341,181,198,187,2,2,342,341,343,271,77,338,336,153,7,7,138,40,314,285,239,236,,,27,140,,,242,330,343,105,336,333,338,343,343,11,5,343,343,343,342,343,342,289,343,147,11,326,248,,27,,,240,26,54,38,179,129,128,152,22,20,123,34,53,45,248,44,57,24,11,134,129,199,29,48,134,16,77,248,343,133,336,92,209,331,296,298,50,215,8,191,,,342,313,,,242,16,269,187,250,32,60,25,141,129,18,13,63,49,50,14,1,18,262,142,107,337,61,8,,343,,,b'\x11\xe8\xe1I\xccOu\xb8\xaf\x82\x12\xdf\x17\xaeN\x1e'
11E8E149-CC4F-75B8-AF82-12DF17AE4E1E,2012-ncaa-d0-natl,ncaa,123,153,48,141,68,174,169,182,169,316,331,125,6,6,58,3,324,331,55,333,269,224,297,56,78,41,5,3,339,339,342,69,37,247,314,62,9,5,21,8,310,315,179,224,,,34,44,,,144,220,337,230,269,265,308,340,343,7,12,336,340,340,331,343,342,138,328,83,1,337,216,,10,,,144,125,176,229,111,216,289,92,70,76,118,59,61,63,169,57,23,198,110,81,66,195,28,76,65,104,37,322,342,283,314,49,18,334,335,272,17,55,8,87,,,277,198,,,144,123,123,180,145,39,99,98,143,204,42,42,29,28,28,56,5,33,279,169,26,342,7,3,,331,,,b'\x11\xe8\xe1I\xccOu\xb8\xaf\x82\x12\xdf\x17\xaeN\x1e'
11E8E149-CC4F-75B8-AF82-12DF17AE4E1E,2012-ncaa-d1-conf-AAC,ncaa,10,10,4,10,9,9,10,15,6,16,16,6,1,1,2,1,16,16,4,16,11,15,16,4,4,4,1,1,15,16,16,7,5,15,16,4,2,1,3,2,16,15,13,16,,,2,5,,,11,14,16,10,10,10,15,16,16,1,1,16,16,16,16,16,16,8,16,4,1,16,15,,1,,,11,9,10,7,10,12,14,6,8,2,16,1,6,5,8,5,3,7,4,9,9,14,4,6,6,4,5,15,16,15,16,3,1,16,16,13,4,8,1,4,,,14,10,,,11,3,6,14,11,8,11,9,11,15,9,1,6,6,6,9,1,3,13,12,4,16,4,1,,14,,,b'\x11\xe8\xe1I\xccOu\xb8\xaf\x82\x12\xdf\x17\xaeN\x1e'
11E8E149-CC4F-75B8-AF82-12DF17AE4E1E,2012-ncaa-d1-natl,ncaa,112,153,23,140,42,149,162,167,166,317,332,113,5,6,54,3,326,335,55,335,278,217,283,49,73,36,5,3,340,340,342,51,35,231,307,46,7,5,22,8,315,315,169,221,,,34,42,,,139,207,338,235,261,261,306,340,342,7,11,337,340,340,332,342,342,140,327,72,2,337,218,,10,,,140,137,199,246,112,240,291,92,77,80,127,61,63,57,176,56,19,209,122,82,66,200,29,79,63,102,35,327,342,289,307,61,21,332,335,271,22,61,3,77,,,292,234,,,139,135,114,172,138,39,94,97,142,206,47,43,27,27,28,54,5,29,272,158,28,341,8,3,,333,,,b'\x11\xe8\xe1I\xccOu\xb8\xaf\x82\x12\xdf\x17\xaeN\x1e'
11E8E149-CC4F-75B8-AF82-12DF17AE4E1E,2013-ncaa-d0-natl,ncaa,72,65,80,76,80,166,150,163,129,293,332,66,10,10,75,4,341,344,169,344,310,225,311,50,79,31,20,3,345,326,333,154,113,258,285,29,2,1,3,2,228,198,87,102,,,47,85,,,61,293,344,13,223,195,247,325,337,8,9,345,345,345,313,343,332,210,321,20,1,255,91,,26,,,59,30,76,146,72,175,269,41,11,11,133,9,28,31,154,29,16,92,69,43,30,70,13,26,81,137,113,270,333,219,285,51,70,303,285,190,1,13,2,34,,,309,248,,,61,57,54,86,52,18,45,54,121,243,10,4,24,22,21,27,6,97,209,152,29,330,1,2,,340,,,b'\x11\xe8\xe1I\xccOu\xb8\xaf\x82\x12\xdf\x17\xaeN\x1e'
11E8E149-CC4F-75B8-AF82-12DF17AE4E1E,2013-ncaa-d1-conf-AAC,ncaa,6,6,4,6,4,9,8,11,8,14,15,5,2,2,3,1,15,15,11,15,13,12,14,3,4,3,1,1,15,15,15,7,5,13,14,3,1,1,1,1,12,11,8,9,,,1,5,,,5,14,15,1,9,8,11,14,15,1,1,15,15,15,12,15,15,7,14,3,1,13,7,,3,,,5,2,4,4,8,9,12,4,1,1,10,1,1,2,5,2,2,3,3,7,3,7,1,1,5,3,5,12,15,8,14,2,1,15,13,7,1,1,1,2,,,14,9,,,5,3,4,7,5,3,5,4,9,13,1,1,2,2,2,3,1,2,11,9,1,15,1,1,,14,,,b'\x11\xe8\xe1I\xccOu\xb8\xaf\x82\x12\xdf\x17\xaeN\x1e'
11E8E149-CC4F-75B8-AF82-12DF17AE4E1E,2013-ncaa-d1-natl,ncaa,77,65,90,76,92,182,161,187,132,308,335,68,11,10,74,4,344,345,168,345,311,248,323,54,80,32,19,3,345,331,335,170,119,283,294,32,2,1,3,2,243,208,92,103,,,37,86,,,69,312,344,13,231,204,254,326,337,8,9,345,345,345,313,343,334,213,323,21,1,263,91,,28,,,67,21,64,118,73,160,260,43,11,8,140,9,24,27,157,25,16,67,46,44,33,76,13,25,83,121,119,254,335,204,294,43,71,311,290,198,1,13,2,35,,,323,244,,,69,35,54,92,54,18,49,54,125,248,10,4,24,22,21,28,6,99,212,157,31,330,1,2,,340,,,b'\x11\xe8\xe1I\xccOu\xb8\xaf\x82\x12\xdf\x17\xaeN\x1e'
11E8E149-CC4F-75B8-AF82-12DF17AE4E1E,2013-ncaa-d1-ncaatournament,ncaa,33,2,33,33,35,50,40,48,43,41,56,36,40,31,49,9,59,60,49,60,60,53,61,41,46,40,36,17,60,53,54,58,12,58,53,39,20,1,3,1,42,16,43,43,,,12,54,,,33,60,61,7,47,36,28,37,52,23,9,58,59,59,44,59,45,58,57,27,1,29,42,,30,,,36,3,4,2,52,6,5,44,17,6,56,24,13,10,54,7,26,1,2,53,53,46,33,37,31,2,12,18,54,8,53,4,40,46,10,24,8,12,1,7,,,53,48,,,33,2,43,38,39,11,13,2,19,7,29,8,25,17,15,1,2,3,49,28,24,27,10,3,,51,,,b'\x11\xe8\xe1I\xccOu\xb8\xaf\x82\x12\xdf\x17\xaeN\x1e'
11E8E149-CC4F-75B8-AF82-12DF17AE4E1E,2014-ncaa-d0-natl,ncaa,47,41,85,51,98,165,131,153,117,264,330,25,17,6,160,3,340,346,81,346,320,221,315,50,79,19,42,5,348,343,347,142,107,270,311,28,2,2,1,1,229,210,69,87,,,12,10,,,69,281,346,133,215,177,223,306,345,18,11,347,348,348,306,345,346,195,325,16,1,248,81,,4,,,70,42,87,172,59,124,253,26,81,48,260,60,36,24,257,22,12,121,80,43,38,93,63,142,71,121,107,289,347,245,311,38,31,318,306,189,2,3,12,77,,,341,344,,,69,73,53,103,56,20,44,81,88,230,54,30,27,15,14,31,8,90,260,201,23,337,1,10,,349,,,b'\x11\xe8\xe1I\xccOu\xb8\xaf\x82\x12\xdf\x17\xaeN\x1e'
11E8E149-CC4F-75B8-AF82-12DF17AE4E1E,2014-ncaa-d1-conf-Big East,ncaa,4,3,7,4,8,9,8,8,6,9,9,2,3,1,7,1,10,10,3,10,10,9,10,3,5,2,3,1,10,9,9,10,8,9,9,3,1,1,1,1,7,4,5,3,,,1,3,,,4,10,10,7,9,8,7,9,9,3,1,10,10,10,9,10,9,9,9,2,1,7,3,,1,,,4,1,1,1,3,2,5,1,2,1,9,2,3,3,8,3,3,1,1,2,1,2,5,3,5,4,8,7,9,6,9,1,1,10,7,4,1,2,1,4,,,10,10,,,4,1,3,4,4,1,1,1,2,8,3,1,3,3,3,1,1,6,8,7,1,10,1,1,,10,,,b'\x11\xe8\xe1I\xccOu\xb8\xaf\x82\x12\xdf\x17\xaeN\x1e'
11E8E149-CC4F-75B8-AF82-12DF17AE4E1E,2014-ncaa-d1-natl,ncaa,52,40,100,53,114,182,153,177,124,280,335,26,20,10,165,3,343,348,78,348,321,249,326,50,83,21,41,5,348,346,347,171,110,288,313,33,2,1,1,1,238,211,73,88,,,6,11,,,78,310,346,131,220,183,229,309,345,18,11,347,348,348,308,345,346,206,327,16,1,252,83,,4,,,77,28,76,148,68,113,237,28,69,36,263,56,27,18,263,16,13,88,46,48,41,102,63,139,69,111,110,279,347,223,313,27,31,329,306,196,1,3,10,79,,,345,343,,,78,42,56,109,64,20,45,81,94,233,55,29,27,15,14,31,8,89,261,207,25,338,1,10,,349,,,b'\x11\xe8\xe1I\xccOu\xb8\xaf\x82\x12\xdf\x17\xaeN\x1e'
11E8E149-CC4F-75B8-AF82-12DF17AE4E1E,2015-ncaa-d0-natl,ncaa,57,131,10,102,11,59,54,45,114,229,285,99,3,3,23,2,346,348,167,348,345,80,181,29,68,13,11,1,349,319,345,37,103,136,316,16,12,2,1,1,275,306,34,87,,,36,9,,,57,117,349,149,215,177,241,336,344,4,11,349,349,349,322,349,345,181,324,35,1,329,61,,4,,,70,219,306,316,134,331,345,73,52,43,194,4,23,39,39,41,5,304,247,77,38,146,5,32,15,268,103,344,345,335,316,93,8,309,336,251,5,5,9,17,,,321,341,,,57,235,35,149,52,23,107,107,219,310,11,6,5,7,7,36,5,85,265,206,20,345,1,5,,349,,,b'\x11\xe8\xe1I\xccOu\xb8\xaf\x82\x12\xdf\x17\xaeN\x1e'
11E8E149-CC4F-75B8-AF82-12DF17AE4E1E,2015-ncaa-d1-conf-Big East,ncaa,3,3,1,3,2,4,4,6,6,10,10,5,2,2,2,1,10,10,4,10,9,7,10,2,2,2,1,1,10,10,10,4,6,10,10,2,1,1,1,1,8,7,2,4,,,1,1,,,3,9,10,5,7,8,8,10,10,2,2,10,10,10,10,10,10,7,10,2,1,10,4,,1,,,3,1,4,6,4,7,9,4,1,1,1,1,1,1,1,1,1,3,3,1,1,2,1,1,1,6,6,8,10,7,10,1,1,10,10,5,1,1,1,3,,,10,9,,,3,2,3,4,3,1,2,2,6,9,1,1,1,1,1,1,1,4,7,6,1,10,1,1,,10,,,b'\x11\xe8\xe1I\xccOu\xb8\xaf\x82\x12\xdf\x17\xaeN\x1e'
11E8E149-CC4F-75B8-AF82-12DF17AE4E1E,2015-ncaa-d1-natl,ncaa,68,130,11,104,13,69,62,51,121,261,313,107,3,4,25,2,348,349,169,349,345,103,231,31,73,13,8,1,349,328,345,44,109,165,324,18,12,2,1,1,288,315,38,89,,,24,9,,,67,150,349,148,221,187,249,341,344,4,11,349,349,349,323,349,345,192,327,38,1,333,64,,4,,,81,197,293,311,149,330,344,82,45,30,202,4,18,31,43,32,5,293,214,82,43,158,5,33,14,242,109,342,345,333,324,74,8,324,338,259,5,5,7,18,,,336,340,,,67,207,39,169,59,24,113,109,235,311,11,7,5,7,7,37,5,89,267,212,22,345,1,5,,349,,,b'\x11\xe8\xe1I\xccOu\xb8\xaf\x82\x12\xdf\x17\xaeN\x1e'
11E8E149-CC4F-75B8-AF82-12DF17AE4E1E,2016-ncaa-d0-natl,ncaa,86,87,76,90,93,131,146,96,242,294,323,135,14,8,162,4,297,331,15,334,264,142,277,120,137,26,10,7,331,281,323,115,45,183,258,79,38,1,1,2,283,259,222,256,,,29,48,,,87,273,343,197,174,196,149,332,341,12,9,324,338,342,223,343,309,174,277,81,1,308,243,,14,,,87,100,163,187,153,266,298,101,23,14,177,12,61,42,308,42,19,148,62,86,79,201,12,23,89,53,45,327,323,272,258,45,14,344,342,266,1,1,24,105,,,328,315,,,87,73,38,181,79,43,106,90,219,282,17,7,44,26,27,46,3,29,305,196,36,348,1,10,,345,,,b'\x11\xe8\xe1I\xccOu\xb8\xaf\x82\x12\xdf\x17\xaeN\x1e'
11E8E149-CC4F-75B8-AF82-12DF17AE4E1E,2016-ncaa-d1-conf-Big East,ncaa,4,2,6,4,6,7,9,8,10,10,10,7,2,1,6,1,9,9,1,9,5,8,10,6,6,3,1,1,8,10,10,9,4,9,9,5,3,1,1,1,9,8,5,5,,,1,2,,,3,10,10,1,7,8,5,10,10,1,1,8,9,9,6,10,10,9,9,4,1,9,5,,1,,,3,1,2,1,5,5,7,3,1,1,3,1,2,1,10,1,1,1,1,1,1,4,1,1,3,2,4,9,10,3,9,1,2,10,8,4,1,1,1,5,,,10,8,,,3,1,4,4,3,1,3,1,6,9,1,1,2,1,1,1,1,2,10,6,1,10,1,3,,10,,,b'\x11\xe8\xe1I\xccOu\xb8\xaf\x82\x12\xdf\x17\xaeN\x1e'
11E8E149-CC4F-75B8-AF82-12DF17AE4E1E,2016-ncaa-d1-natl,ncaa,95,87,99,97,115,155,169,124,247,316,338,142,16,10,164,4,305,334,13,337,264,177,313,128,146,27,10,6,330,301,332,143,48,222,269,91,40,1,1,2,299,266,237,259,,,17,52,,,98,310,344,178,186,209,155,335,341,13,9,324,338,342,230,344,312,180,285,91,1,314,248,,15,,,98,72,145,154,167,249,286,108,21,12,187,12,49,33,309,33,19,117,27,98,88,214,11,22,88,37,48,316,332,250,269,36,14,348,342,272,1,1,17,119,,,340,315,,,98,39,42,191,91,45,116,94,227,282,18,7,45,27,28,47,3,32,312,202,39,348,1,11,,345,,,b'\x11\xe8\xe1I\xccOu\xb8\xaf\x82\x12\xdf\x17\xaeN\x1e'
11E8E149-CC4F-75B8-AF82-12DF17AE4E1E,2017-ncaa-d0-natl,ncaa,93,152,16,125,16,95,116,39,285,258,284,206,10,7,212,5,220,289,28,297,233,65,131,195,191,80,8,5,302,260,337,60,91,115,310,97,88,2,3,8,287,319,53,117,,,82,43,,,167,97,344,19,235,257,178,343,343,15,9,316,338,340,242,344,329,174,301,189,1,334,84,,16,,,168,280,313,309,192,335,337,128,95,65,212,15,102,78,273,82,12,302,248,146,105,243,9,39,46,210,91,348,337,343,310,132,11,313,341,274,3,5,74,144,,,218,280,,,167,253,120,239,168,82,177,156,262,309,33,18,43,24,26,83,15,70,328,249,39,346,1,24,,341,,,b'\x11\xe8\xe1I\xccOu\xb8\xaf\x82\x12\xdf\x17\xaeN\x1e'
11E8E149-CC4F-75B8-AF82-12DF17AE4E1E,2017-ncaa-d1-conf-Big East,ncaa,5,4,7,5,7,8,10,7,10,10,10,8,2,2,7,1,9,9,1,9,7,8,9,7,7,4,1,1,8,9,10,6,4,8,9,4,2,1,1,3,8,7,3,5,,,1,2,,,5,9,10,1,7,9,4,10,10,1,1,9,9,9,5,9,9,5,7,4,1,8,2,,1,,,5,1,3,4,4,6,7,3,1,1,3,1,1,1,6,1,1,1,1,2,2,4,1,1,3,2,4,10,10,9,9,2,2,9,7,4,1,3,2,6,,,10,10,,,5,2,6,4,5,3,3,5,7,10,2,1,2,1,1,2,2,6,10,9,4,9,2,2,,10,,,b'\x11\xe8\xe1I\xccOu\xb8\xaf\x82\x12\xdf\x17\xaeN\x1e'
11E8E149-CC4F-75B8-AF82-12DF17AE4E1E,2017-ncaa-d1-natl,ncaa,104,151,16,129,16,119,145,50,292,296,308,215,11,7,213,5,250,308,28,312,239,83,168,199,203,85,7,4,301,287,337,67,93,152,314,115,90,2,3,10,306,322,62,125,,,57,44,,,180,124,345,19,246,265,184,343,344,19,9,319,341,343,256,345,331,190,310,196,1,337,85,,16,,,181,263,307,306,202,335,336,137,75,50,223,16,82,61,278,63,12,295,222,149,116,256,9,37,48,185,93,347,337,341,314,112,13,331,342,282,2,5,67,150,,,247,281,,,180,228,125,248,182,88,187,159,273,310,32,16,42,25,27,84,15,74,329,260,44,346,1,25,,343,,,b'\x11\xe8\xe1I\xccOu\xb8\xaf\x82\x12\xdf\x17\xaeN\x1e'
11E8E149-CC4F-75B8-AF82-12DF17AE4E1E,2018-ncaa-d0-natl,ncaa,53,47,73,50,94,100,101,147,63,220,327,15,22,10,92,6,293,305,115,306,175,183,284,28,36,16,29,9,335,328,335,76,99,192,239,95,152,2,5,7,343,342,93,152,,,20,30,,,75,232,337,231,114,121,218,274,341,13,13,320,334,335,281,348,337,97,286,116,2,345,109,,11,,,70,135,215,266,87,285,298,119,42,98,13,64,56,36,287,35,12,239,117,59,46,201,7,33,67,184,99,244,335,230,239,48,12,345,345,316,1,6,3,25,,,270,212,,,75,114,32,212,68,72,152,219,246,292,29,70,36,27,27,146,20,138,190,167,31,348,1,2,,329,,,b'\x11\xe8\xe1I\xccOu\xb8\xaf\x82\x12\xdf\x17\xaeN\x1e'
11E8E149-CC4F-75B8-AF82-12DF17AE4E1E,2018-ncaa-d1-conf-Big East,ncaa,3,3,7,3,10,5,7,8,4,9,9,1,2,2,5,2,9,9,2,9,3,8,10,2,3,2,2,2,9,9,8,5,7,8,7,4,3,1,2,1,10,10,4,5,,,1,1,,,3,10,10,10,4,5,8,9,9,2,2,9,9,9,8,10,9,3,8,4,1,10,4,,1,,,3,2,3,3,2,6,7,2,1,2,1,3,1,1,2,1,3,3,1,1,1,4,3,2,4,4,7,2,8,2,7,2,2,10,10,8,1,3,1,1,,,10,7,,,3,1,3,6,3,2,4,5,6,8,2,3,2,4,4,3,1,7,5,6,2,10,2,1,,10,,,b'\x11\xe8\xe1I\xccOu\xb8\xaf\x82\x12\xdf\x17\xaeN\x1e'
11E8E149-CC4F-75B8-AF82-12DF17AE4E1E,2018-ncaa-d1-natl,ncaa,61,47,97,54,119,114,117,181,63,253,340,15,23,17,94,6,308,320,112,320,174,227,321,29,38,17,28,8,335,333,336,94,106,232,247,117,154,2,5,8,343,343,105,154,,,12,32,,,82,295,338,223,121,129,231,283,343,15,13,320,334,335,289,348,338,107,294,123,2,346,109,,13,,,78,109,189,249,94,275,297,132,34,74,16,62,43,27,290,27,12,214,59,61,50,215,5,31,68,159,106,220,336,206,247,37,12,346,345,319,1,6,2,26,,,292,208,,,82,51,35,229,72,76,162,220,254,294,29,69,38,27,27,151,18,139,196,172,34,348,1,2,,330,,,b'\x11\xe8\xe1I\xccOu\xb8\xaf\x82\x12\xdf\x17\xaeN\x1e'
11E8E149-CC4F-75B8-AF82-12DF17AE4E1E,2018-ncaa-d1-ncaatournament,ncaa,17,2,17,17,17,23,24,29,26,37,31,48,7,11,7,6,24,18,59,18,4,26,28,9,12,6,2,4,33,33,54,24,32,28,44,27,36,31,10,15,39,57,22,44,,,47,47,,,48,25,55,2,22,29,43,54,58,1,5,28,7,6,31,44,56,31,42,31,6,57,40,,48,,,36,49,48,44,45,52,48,52,12,28,6,9,55,53,44,52,40,46,43,35,39,54,12,5,52,39,32,48,54,48,44,37,10,39,58,49,34,26,45,53,,,24,19,,,48,42,15,52,34,50,52,46,57,57,5,8,53,51,51,52,35,31,47,43,21,57,20,40,,21,,,b'\x11\xe8\xe1I\xccOu\xb8\xaf\x82\x12\xdf\x17\xaeN\x1e'
11E8E149-CC4F-75B8-AF82-12DF17AE4E1E,2019-ncaa-d0-natl,ncaa,105,109,80,115,80,120,92,146,49,273,347,18,7,6,56,1,351,351,334,351,346,226,297,21,42,28,18,1,351,343,346,116,116,263,303,58,44,2,29,10,325,327,66,103,,,39,44,,,125,235,346,15,164,108,236,313,351,5,4,351,351,351,326,348,347,179,334,57,4,335,83,,20,,,125,183,215,234,151,265,280,163,70,113,60,87,164,102,340,112,60,218,123,109,117,253,52,58,164,141,116,289,346,255,303,104,47,337,341,294,19,58,27,193,,,337,338,,,125,128,64,244,116,109,146,150,220,250,47,68,131,81,83,115,19,93,233,188,68,346,23,27,,350,,,b'\x11\xe8\xe1I\xccOu\xb8\xaf\x82\x12\xdf\x17\xaeN\x1e'
11E8E149-CC4F-75B8-AF82-12DF17AE4E1E,2019-ncaa-d1-conf-Big East,ncaa,5,4,7,5,8,8,5,9,2,8,10,1,2,2,3,1,10,10,10,10,10,10,10,2,2,2,3,1,10,10,10,10,7,10,9,5,3,1,1,1,9,9,4,4,,,1,3,,,5,10,10,3,5,5,8,8,10,1,2,10,10,10,9,10,10,9,10,4,1,9,3,,2,,,5,2,2,2,8,7,5,8,1,1,4,2,6,6,10,6,5,2,1,6,6,9,3,1,9,3,7,5,10,5,9,2,3,9,9,8,1,3,2,7,,,10,10,,,5,1,3,9,5,5,5,4,8,9,1,2,8,6,7,4,1,5,7,6,2,9,1,2,,10,,,b'\x11\xe8\xe1I\xccOu\xb8\xaf\x82\x12\xdf\x17\xaeN\x1e'
11E8E149-CC4F-75B8-AF82-12DF17AE4E1E,2019-ncaa-d1-natl,ncaa,106,108,62,112,62,115,90,140,43,269,347,15,7,6,51,2,351,350,334,350,347,229,301,19,39,24,22,1,351,343,345,116,121,269,303,50,42,2,24,9,330,328,73,110,,,35,41,,,127,229,346,15,147,102,233,307,350,5,5,351,351,351,322,349,346,185,333,48,4,336,86,,17,,,127,190,219,246,163,272,284,175,74,122,57,99,149,98,342,105,59,226,119,120,126,261,49,62,144,142,121,293,345,251,303,117,52,343,342,308,15,57,32,178,,,343,334,,,127,124,53,256,118,117,158,154,229,240,55,75,120,74,81,114,17,93,226,179,84,346,18,23,,350,,,b'\x11\xe8\xe1I\xccOu\xb8\xaf\x82\x12\xdf\x17\xaeN\x1e'
11E8E149-CC4F-75B8-AF82-12DF17AE4E1E,2020-ncaa-d0-natl,ncaa,104,134,33,129,37,190,172,156,202,286,327,66,26,7,243,3,319,328,165,326,215,208,238,117,151,143,43,13,333,263,309,40,209,128,255,30,5,86,115,30,331,338,41,69,,,53,27,,,157,205,337,29,243,233,252,322,344,41,12,336,336,335,300,332,301,64,200,34,48,339,46,,21,,,157,135,154,290,29,221,319,44,62,153,7,91,182,128,329,133,61,286,190,20,22,91,71,55,221,312,209,309,309,320,255,202,221,335,345,330,181,209,114,245,,,311,305,,,157,134,172,150,162,64,82,245,155,287,42,112,147,99,106,217,65,278,255,270,149,345,130,90,,333,,,b'\x11\xe8\xe1I\xccOu\xb8\xaf\x82\x12\xdf\x17\xaeN\x1e'
11E8E149-CC4F-75B8-AF82-12DF17AE4E1E,2020-ncaa-d1-conf-Big East,ncaa,3,3,3,3,4,6,6,5,8,9,9,6,3,2,9,1,9,9,7,9,7,6,8,6,6,6,3,2,10,8,9,2,8,4,8,4,1,4,5,5,10,10,3,5,,,1,1,,,6,8,10,2,7,6,8,10,10,3,2,10,9,9,9,9,8,2,5,5,4,10,4,,1,,,6,1,1,8,1,6,9,2,1,2,1,1,6,5,8,5,1,7,5,1,1,1,2,1,9,10,8,9,9,10,8,1,2,10,10,7,7,9,1,7,,,9,8,,,6,3,6,1,6,1,1,10,6,10,1,2,6,5,5,8,2,10,9,10,1,10,8,1,,9,,,b'\x11\xe8\xe1I\xccOu\xb8\xaf\x82\x12\xdf\x17\xaeN\x1e'
11E8E149-CC4F-75B8-AF82-12DF17AE4E1E,2020-ncaa-d1-natl,ncaa,114,134,45,134,53,226,203,191,212,312,337,68,37,10,247,4,326,330,169,329,214,250,291,126,164,146,41,13,332,290,315,61,212,166,268,37,5,58,116,32,339,340,49,72,,,37,28,,,171,262,339,29,254,246,259,324,345,41,12,335,336,334,306,333,308,73,213,39,47,342,47,,21,,,173,109,129,275,29,201,307,44,47,136,8,85,163,115,331,118,62,265,132,20,23,103,67,53,222,303,212,292,315,307,268,188,223,342,346,332,152,212,107,256,,,319,299,,,171,80,186,165,178,68,89,250,159,288,40,112,150,101,109,219,64,281,262,275,157,345,134,90,,334,,,b'\x11\xe8\xe1I\xccOu\xb8\xaf\x82\x12\xdf\x17\xaeN\x1e'
11E8E149-CC4F-75B8-AF82-12DF17AE4E1E,2021-ncaa-d0-natl,ncaa,44,60,89,53,92,78,68,85,64,91,160,22,44,29,168,30,174,219,27,219,253,106,118,55,62,49,115,71,300,136,190,77,119,88,115,13,3,155,75,8,151,211,57,127,,,259,233,,,86,118,199,34,74,58,84,108,260,50,24,248,296,293,136,192,199,86,123,7,74,210,79,,226,,,92,241,244,254,141,290,300,136,80,100,46,17,306,266,329,270,155,252,228,83,127,190,42,14,296,229,119,229,190,229,115,199,97,191,274,220,164,98,94,67,,,208,319,,,86,229,55,186,88,189,180,209,275,314,25,37,294,245,249,233,168,166,154,142,135,273,98,32,,316,,,b'\x11\xe8\xe1I\xccOu\xb8\xaf\x82\x12\xdf\x17\xaeN\x1e'
11E8E149-CC4F-75B8-AF82-12DF17AE4E1E,2021-ncaa-d1-conf-Big East,ncaa,5,3,8,5,8,5,6,7,4,6,9,3,5,3,6,2,6,6,5,6,3,7,8,3,3,3,3,3,6,7,6,5,4,6,4,3,1,2,4,2,8,9,5,5,,,6,9,,,5,7,6,1,4,5,4,6,9,2,2,6,6,6,4,5,6,3,5,2,2,9,4,,9,,,5,6,6,5,6,6,6,5,3,3,5,2,11,11,10,11,9,5,4,6,8,9,5,2,10,4,4,3,6,3,4,4,3,10,11,9,1,3,2,4,,,10,10,,,5,5,5,8,5,8,6,7,10,11,3,2,11,11,11,11,6,6,6,5,5,11,3,2,,9,,,b'\x11\xe8\xe1I\xccOu\xb8\xaf\x82\x12\xdf\x17\xaeN\x1e'
11E8E149-CC4F-75B8-AF82-12DF17AE4E1E,2021-ncaa-d1-natl,ncaa,46,60,105,55,109,89,76,99,68,99,175,22,49,36,169,30,183,232,26,232,251,122,133,58,62,52,113,69,299,157,195,94,128,107,121,16,3,142,76,9,164,220,61,129,,,249,235,,,94,134,203,30,79,64,89,114,261,51,24,249,295,293,143,194,205,90,131,7,72,217,79,,226,,,99,229,226,240,152,286,293,148,76,94,48,17,298,259,329,261,155,241,210,91,134,201,42,13,296,216,128,209,195,212,121,189,98,207,277,228,157,100,91,69,,,222,319,,,94,211,59,200,93,199,189,213,279,317,23,35,301,247,250,235,166,171,155,144,142,276,98,36,,318,,,b'\x11\xe8\xe1I\xccOu\xb8\xaf\x82\x12\xdf\x17\xaeN\x1e'
11E8E149-CC4F-75B8-AF82-12DF17AE4E1E,2022-ncaa-d0-natl,ncaa,34,49,27,45,39,76,81,64,157,143,172,102,36,21,165,35,143,193,34,200,207,77,91,114,109,78,62,48,260,161,262,86,72,99,188,34,22,106,54,25,92,123,66,115,,,198,105,,,91,78,284,253,145,153,166,248,300,58,42,233,282,287,211,293,260,206,258,44,30,162,100,,55,,,102,268,295,272,229,325,310,196,103,89,182,32,189,180,239,178,62,264,261,186,174,190,25,55,118,133,72,329,262,293,188,130,15,124,182,91,124,70,110,108,,,129,219,,,91,279,94,151,96,99,159,93,234,232,34,20,96,82,80,68,42,42,226,135,40,237,48,43,,275,,,b'\x11\xe8\xe1I\xccOu\xb8\xaf\x82\x12\xdf\x17\xaeN\x1e'
11E8E149-CC4F-75B8-AF82-12DF17AE4E1E,2022-ncaa-d1-conf-Big East,ncaa,2,2,1,2,3,6,7,5,7,8,9,4,3,3,7,2,2,3,3,3,1,4,7,5,5,5,2,2,4,5,6,5,4,4,4,6,4,5,4,6,6,4,4,4,,,7,7,,,4,6,11,9,6,7,9,8,9,4,3,4,3,3,8,10,7,8,6,6,3,6,5,,7,,,4,3,4,4,6,7,8,4,1,1,4,1,8,8,2,8,8,4,4,4,4,5,3,2,9,4,4,7,6,5,4,2,1,8,6,2,4,4,2,5,,,1,1,,,4,4,4,4,4,2,2,1,6,7,1,1,6,8,8,2,1,3,5,4,2,8,3,2,,4,,,b'\x11\xe8\xe1I\xccOu\xb8\xaf\x82\x12\xdf\x17\xaeN\x1e'
11E8E149-CC4F-75B8-AF82-12DF17AE4E1E,2022-ncaa-d1-natl,ncaa,35,49,32,47,50,94,95,75,170,178,202,113,46,27,171,35,163,222,30,231,206,96,118,123,115,84,61,52,254,189,265,112,81,135,204,37,23,78,55,25,116,138,73,122,,,165,103,,,112,105,288,251,162,175,182,260,308,60,44,234,283,287,225,305,270,216,273,50,31,177,107,,57,,,120,245,279,253,242,316,302,206,90,71,199,32,168,151,245,147,64,238,236,198,188,207,26,52,116,110,81,320,265,272,204,121,15,150,196,108,106,73,96,117,,,147,221,,,112,248,105,163,118,112,172,92,245,233,38,19,100,83,84,71,39,45,234,138,46,247,49,47,,274,,,b'\x11\xe8\xe1I\xccOu\xb8\xaf\x82\x12\xdf\x17\xaeN\x1e'
11E8E149-CC4F-75B8-AF82-12DF17AE4E1E,2022-ncaa-d1-ncaatournament,ncaa,17,2,17,17,18,34,33,29,52,32,31,41,23,17,46,11,36,34,47,35,47,31,34,49,52,48,27,15,47,28,52,35,51,35,61,30,28,32,20,22,15,11,15,17,,,47,53,,,42,34,62,5,54,51,42,53,55,30,14,58,55,58,46,63,45,54,60,38,14,14,14,,46,,,36,38,40,36,28,43,44,32,27,35,21,23,43,43,29,43,36,35,36,29,26,21,22,19,37,42,51,47,52,46,61,40,43,20,13,23,41,42,6,6,,,32,48,,,42,35,50,23,36,17,19,12,29,34,16,19,32,29,28,13,20,39,49,53,26,16,32,2,,52,,,b'\x11\xe8\xe1I\xccOu\xb8\xaf\x82\x12\xdf\x17\xaeN\x1e'
11E8E149-CC4F-75B8-AF82-12DF17AE4E1E,2023-ncaa-d0-natl,ncaa,7,20,3,20,8,18,14,15,52,18,31,48,40,36,100,129,87,137,29,138,311,22,39,56,58,19,218,145,312,54,136,31,198,34,138,9,29,15,3,1,135,246,4,7,,,308,152,,,19,36,324,291,67,47,80,66,157,96,118,224,292,293,129,307,167,161,163,19,3,264,7,,106,,,24,305,296,335,53,306,356,16,194,138,289,25,297,298,200,298,112,340,335,40,53,67,161,110,254,345,198,339,136,346,138,210,102,76,199,101,12,2,162,44,,,106,293,,,19,333,13,85,20,38,39,90,78,270,57,25,164,152,148,84,60,220,92,130,37,235,2,41,,323,,,b'\x11\xe8\xe1I\xccOu\xb8\xaf\x82\x12\xdf\x17\xaeN\x1e'
11E8E149-CC4F-75B8-AF82-12DF17AE4E1E,2023-ncaa-d1-conf-Big East,ncaa,2,2,1,2,1,3,3,2,4,4,6,4,4,3,7,3,4,4,5,4,6,2,4,4,4,2,5,4,8,4,4,2,6,3,5,2,4,1,1,1,6,7,1,1,,,9,8,,,2,5,8,3,4,4,4,5,8,4,3,5,6,7,3,7,4,6,4,3,1,6,1,,6,,,2,5,2,8,2,3,11,2,3,1,5,1,9,9,2,10,8,8,8,2,2,2,5,2,10,10,6,7,4,9,5,2,2,3,4,2,1,1,1,2,,,4,6,,,2,8,2,3,2,2,2,1,3,9,2,1,8,8,8,4,5,7,5,6,1,6,1,1,,7,,,b'\x11\xe8\xe1I\xccOu\xb8\xaf\x82\x12\xdf\x17\xaeN\x1e'
11E8E149-CC4F-75B8-AF82-12DF17AE4E1E,2023-ncaa-d1-natl,ncaa,9,20,4,21,9,19,16,15,53,19,34,51,51,48,104,129,106,159,30,159,314,22,44,61,60,19,213,149,312,67,147,35,204,37,152,10,29,9,3,1,168,257,4,7,,,292,159,,,20,42,327,291,72,52,90,72,162,104,120,226,295,296,138,310,176,176,186,20,2,278,7,,111,,,24,297,279,332,58,287,355,16,177,120,302,26,290,283,207,282,114,337,331,47,60,81,161,110,254,343,204,325,147,342,152,196,102,100,208,122,5,2,146,48,,,134,288,,,20,328,13,102,20,44,45,91,87,272,66,26,171,155,152,85,60,222,97,137,39,247,2,53,,324,,,b'\x11\xe8\xe1I\xccOu\xb8\xaf\x82\x12\xdf\x17\xaeN\x1e'
11E8E149-CC4F-75B8-AF82-12DF17AE4E1E,2023-ncaa-d1-ncaatournament,ncaa,9,2,9,9,10,13,11,11,21,12,12,16,14,8,41,28,17,18,32,18,45,12,13,23,22,17,50,39,48,8,9,16,29,14,15,6,6,52,17,3,17,39,5,6,,,54,29,,,10,13,31,7,17,9,12,11,20,29,23,37,38,39,16,22,13,27,17,6,19,37,6,,24,,,10,58,57,52,23,55,54,21,49,51,25,35,61,54,63,53,35,52,56,18,28,20,46,32,55,55,29,56,9,56,15,52,22,9,11,12,47,12,12,4,,,11,31,,,10,55,12,17,10,15,16,17,17,23,24,28,41,29,28,16,27,36,25,19,17,15,16,5,,28,,,b'\x11\xe8\xe1I\xccOu\xb8\xaf\x82\x12\xdf\x17\xaeN\x1e'
11E8E149-CC4F-75B8-AF82-12DF17AE4E1E,2024-ncaa-d0-natl,ncaa,65,111,13,88,18,82,54,24,150,51,44,126,98,58,232,129,276,301,67,301,359,47,86,163,191,98,270,170,355,54,130,117,265,80,212,43,76,15,6,13,158,205,18,23,,,155,61,,,86,96,336,140,168,102,68,94,128,161,119,336,352,352,149,299,123,274,218,63,5,240,21,,44,,,89,237,258,294,120,281,333,58,151,114,271,43,175,131,330,137,43,278,285,97,101,111,74,109,137,321,265,334,130,338,212,245,179,103,160,167,32,12,310,217,,,164,275,,,86,267,79,131,86,57,84,110,139,252,59,28,85,50,55,59,47,223,180,204,121,207,7,243,,307,,,b'\x11\xe8\xe1I\xccOu\xb8\xaf\x82\x12\xdf\x17\xaeN\x1e'
11E8E149-CC4F-75B8-AF82-12DF17AE4E1E,2024-ncaa-d1-conf-Big East,ncaa,5,3,7,4,8,8,6,4,8,4,5,5,7,4,9,5,10,10,3,10,11,6,8,7,8,5,9,5,11,4,4,10,10,8,9,6,7,1,1,3,4,4,1,1,,,3,5,,,4,9,8,2,5,4,2,2,2,6,3,10,10,10,3,4,2,10,7,5,1,4,1,,4,,,4,2,2,1,5,3,5,3,2,1,6,1,6,6,5,6,7,2,3,4,4,2,3,2,9,9,10,7,4,7,9,3,5,3,2,3,2,2,9,7,,,9,10,,,4,3,3,3,4,3,3,1,4,8,2,1,7,8,8,2,5,10,8,9,4,3,2,9,,9,,,b'\x11\xe8\xe1I\xccOu\xb8\xaf\x82\x12\xdf\x17\xaeN\x1e'
11E8E149-CC4F-75B8-AF82-12DF17AE4E1E,2024-ncaa-d1-natl,ncaa,76,112,16,100,23,103,70,34,170,60,58,137,118,67,239,128,298,320,64,320,361,58,111,179,200,105,270,167,353,71,138,144,274,112,229,51,87,9,6,13,188,225,19,24,,,124,63,,,108,124,344,141,181,111,75,106,132,165,123,342,354,355,164,307,134,286,235,73,5,258,24,,45,,,115,219,246,281,138,272,325,70,129,90,282,41,163,115,336,124,47,256,263,113,119,127,73,104,139,309,274,316,138,324,229,230,183,141,178,185,24,14,303,229,,,196,272,,,108,240,90,158,102,67,94,112,153,260,63,28,91,54,62,65,45,229,190,212,129,221,5,250,,310,,,b'\x11\xe8\xe1I\xccOu\xb8\xaf\x82\x12\xdf\x17\xaeN\x1e'
11E8E149-CC4F-75B8-AF82-12DF17AE4E1E,2025-ncaa-d0-natl,genius_ncaa,84,147,12,122,17,71,62,34,144,76,77,150,47,44,106,101,245,272,101,266,343,57,70,130,149,106,170,84,341,231,336,76,155,127,309,51,77,87,47,43,146,229,62,105,,,334,257,,120,172,44,286,269,188,140,164,197,222,107,117,334,344,342,240,322,324,267,320,96,24,257,92,,182,,52,171,337,333,302,259,348,334,218,138,116,198,25,344,337,272,337,231,317,310,218,243,246,75,26,290,254,155,357,336,343,309,317,206,107,201,230,99,50,165,93,,,101,196,,64,172,318,125,237,171,168,153,73,249,223,44,26,268,247,248,100,63,106,276,215,185,247,22,72,,279,,119,b'\x11\xe8\xe1I\xccOu\xb8\xaf\x82\x12\xdf\x17\xaeN\x1e'
11E8E149-CC4F-75B8-AF82-12DF17AE4E1E,2025-ncaa-d1-conf-Big East,genius_ncaa,4,5,3,5,6,4,3,4,4,6,6,5,3,3,3,5,10,9,10,9,9,6,6,3,5,3,6,3,8,7,10,6,9,8,10,5,8,3,3,3,5,6,4,4,,,6,5,,1,5,6,7,7,5,3,5,6,6,3,3,10,9,9,7,8,6,6,8,5,3,5,4,,6,,1,5,8,8,5,8,9,10,7,1,1,7,1,9,9,3,9,8,9,6,6,5,7,4,1,8,9,9,11,10,11,10,8,7,6,6,8,3,6,4,4,,,8,8,,9,5,6,3,8,5,8,7,5,9,8,2,1,9,9,9,7,5,9,11,11,7,7,4,4,,7,,9,b'\x11\xe8\xe1I\xccOu\xb8\xaf\x82\x12\xdf\x17\xaeN\x1e'
11E8E149-CC4F-75B8-AF82-12DF17AE4E1E,2025-ncaa-d1-natl,genius_ncaa,95,147,15,124,24,90,73,49,156,92,94,158,59,55,112,100,269,292,101,286,344,73,88,135,158,112,162,86,341,257,341,98,165,161,315,57,81,76,50,46,167,245,65,110,,,324,263,,108,188,61,290,269,202,156,186,215,227,110,124,334,344,343,258,324,324,276,325,104,25,271,96,,185,,53,185,332,326,290,273,344,330,239,124,93,208,26,342,331,280,331,232,307,292,230,260,265,74,28,290,240,165,356,341,338,315,314,210,127,215,242,85,52,151,93,,,118,186,,65,188,303,132,253,187,179,165,76,258,228,46,28,271,254,254,100,63,110,282,225,195,255,22,73,,278,,114,b'\x11\xe8\xe1I\xccOu\xb8\xaf\x82\x12\xdf\x17\xaeN\x1e'
11E8E149-CC4F-75B8-AF82-12DF17AE4E1E,2026-ncaa-d0-natl,genius_ncaa,35,39,49,45,73,58,52,78,43,89,135,59,16,37,31,56,158,205,39,208,294,91,99,34,34,34,105,48,334,214,281,58,111,107,153,17,5,163,82,20,59,83,70,113,,,304,239,,312,48,78,166,97,57,41,121,119,242,22,55,260,309,311,168,252,305,76,173,14,65,87,83,,216,,288,51,236,212,271,68,267,317,61,69,123,67,24,324,322,217,320,212,284,282,45,66,82,99,23,325,243,111,268,281,261,153,47,7,106,169,25,119,72,150,113,,,135,233,,140,48,286,45,83,50,96,74,144,158,288,18,25,273,267,263,165,158,146,147,140,12,170,57,85,,260,,199,b'\x11\xe8\xe1I\xccOu\xb8\xaf\x82\x12\xdf\x17\xaeN\x1e'
11E8E149-CC4F-75B8-AF82-12DF17AE4E1E,2026-ncaa-d1-conf-Big East,genius_ncaa,3,1,8,1,8,8,9,10,3,7,10,3,9,9,6,6,8,8,2,8,6,10,9,3,3,4,8,8,4,10,5,7,9,9,5,8,8,5,9,8,7,5,4,2,,,4,9,,5,5,8,1,1,3,4,4,2,4,5,4,3,3,3,4,2,5,1,2,3,9,3,1,,10,,10,5,3,3,4,3,4,4,2,2,1,3,1,7,8,6,8,10,4,4,2,4,4,6,2,11,5,9,1,5,3,5,1,1,10,7,1,3,6,2,4,,,8,1,,2,5,3,5,5,5,7,6,10,8,11,2,3,11,10,11,11,11,11,3,8,1,4,7,5,,2,,1,b'\x11\xe8\xe1I\xccOu\xb8\xaf\x82\x12\xdf\x17\xaeN\x1e'
11E8E149-CC4F-75B8-AF82-12DF17AE4E1E,2026-ncaa-d1-natl,genius_ncaa,38,39,85,47,117,78,69,117,53,126,189,71,25,56,31,60,215,278,35,279,303,140,157,36,38,40,93,40,330,290,307,84,123,163,184,18,5,116,89,23,92,108,87,132,,,269,256,,301,72,129,186,100,78,59,148,150,260,28,61,271,324,325,195,274,323,93,213,14,71,116,92,,229,,294,75,193,170,213,89,229,298,80,37,60,78,20,309,310,227,303,216,234,229,58,94,123,90,21,324,205,123,222,307,216,184,28,6,162,209,41,87,73,120,131,,,191,225,,162,72,235,61,116,75,121,96,154,193,297,20,27,290,279,276,180,149,155,162,154,16,205,56,100,,255,,188,b'\x11\xe8\xe1I\xccOu\xb8\xaf\x82\x12\xdf\x17\xaeN\x1e'
11E8E149-CC53-EB02-AF82-12DF17AE4E1E,2010-ncaa-d0-natl,ncaa,72,49,122,61,132,78,87,71,164,39,30,133,311,272,336,309,15,38,46,38,140,54,76,239,186,131,300,334,26,58,68,129,70,83,63,210,323,105,45,177,19,15,89,57,,,262,226,,,65,87,53,60,55,68,32,20,11,318,279,10,24,25,17,34,43,127,57,231,91,17,93,,256,,,58,164,110,155,104,57,81,117,273,271,192,292,248,236,211,243,292,174,238,146,172,75,314,288,263,86,70,196,68,152,63,62,68,36,26,20,143,91,171,71,,,62,88,,,65,258,101,51,61,148,83,118,50,39,278,283,240,224,232,141,256,70,190,133,56,21,138,165,,33,,,b'\x11\xe8\xe1I\xccS\xeb\x02\xaf\x82\x12\xdf\x17\xaeN\x1e'
11E8E149-CC53-EB02-AF82-12DF17AE4E1E,2010-ncaa-d1-conf-ACC,ncaa,4,3,7,3,8,9,8,7,5,3,5,4,11,11,12,11,3,5,3,5,9,8,10,8,5,5,11,11,2,9,7,9,4,9,6,12,12,2,2,12,6,6,4,3,,,4,8,,,3,10,7,2,6,7,4,1,2,11,11,2,3,3,4,6,6,4,6,12,2,6,4,,8,,,3,3,4,2,6,2,1,6,11,9,9,12,4,4,3,4,9,2,3,6,6,3,10,11,5,3,4,7,7,3,6,3,5,5,5,3,2,4,2,1,,,9,6,,,3,3,6,3,4,6,4,6,3,2,11,11,4,8,8,6,9,4,7,7,6,4,3,4,,6,,,b'\x11\xe8\xe1I\xccS\xeb\x02\xaf\x82\x12\xdf\x17\xaeN\x1e'
11E8E149-CC53-EB02-AF82-12DF17AE4E1E,2010-ncaa-d1-natl,ncaa,74,49,134,62,143,88,94,74,167,44,31,136,314,276,337,309,16,44,45,44,137,58,89,242,189,134,300,335,24,62,71,138,72,91,65,221,322,91,46,181,20,16,94,57,,,250,229,,,70,99,54,58,56,68,34,20,12,316,278,11,25,25,20,36,44,129,62,239,93,18,95,,258,,,64,150,97,137,110,46,63,122,268,267,198,292,233,226,213,232,290,156,222,150,178,85,315,288,262,74,72,179,71,130,65,49,69,37,26,21,134,91,164,74,,,69,86,,,70,247,102,56,66,154,88,121,54,39,279,284,241,226,233,141,255,70,194,135,57,23,140,169,,35,,,b'\x11\xe8\xe1I\xccS\xeb\x02\xaf\x82\x12\xdf\x17\xaeN\x1e'
11E8E149-CC53-EB02-AF82-12DF17AE4E1E,2010-ncaa-d1-ncaatournament,ncaa,33,2,33,33,34,37,38,38,35,37,34,38,56,60,52,59,33,33,40,33,25,38,34,45,42,42,57,57,15,45,39,54,31,48,46,48,56,25,36,51,13,1,41,23,,,35,63,,,24,34,2,9,21,20,10,12,3,54,55,12,8,7,8,2,25,52,41,45,53,1,32,,64,,,25,12,1,1,12,2,2,20,6,9,13,21,51,46,59,46,63,5,28,10,52,14,62,11,64,7,31,22,39,14,46,3,43,26,1,1,17,28,1,1,,,30,6,,,24,31,44,13,26,35,2,1,5,2,10,14,64,64,64,12,59,16,53,41,9,1,37,1,,1,,,b'\x11\xe8\xe1I\xccS\xeb\x02\xaf\x82\x12\xdf\x17\xaeN\x1e'
11E8E149-CC53-EB02-AF82-12DF17AE4E1E,2011-ncaa-d0-natl,ncaa,99,175,15,146,15,40,60,31,182,36,11,217,230,251,180,315,5,6,137,6,77,21,18,222,182,162,229,311,16,26,81,51,114,27,87,91,217,291,101,176,43,98,49,71,,,329,240,,,120,18,118,11,99,144,106,75,34,289,302,18,12,11,47,67,70,184,92,178,158,93,79,,246,,,127,328,315,303,216,294,297,182,292,273,271,189,296,292,212,290,205,310,319,219,229,170,216,209,199,236,114,328,81,316,87,238,71,26,65,71,246,97,327,195,,,9,34,,,120,325,142,143,133,183,169,142,156,137,213,164,202,193,182,144,220,100,191,149,119,69,134,286,,17,,,b'\x11\xe8\xe1I\xccS\xeb\x02\xaf\x82\x12\xdf\x17\xaeN\x1e'
11E8E149-CC53-EB02-AF82-12DF17AE4E1E,2011-ncaa-d1-conf-ACC,ncaa,7,7,4,7,4,9,10,6,12,8,5,12,9,10,7,11,4,5,4,5,4,6,7,12,11,9,6,10,2,8,11,8,6,8,10,11,11,1,1,9,4,4,6,5,,,7,7,,,9,6,12,1,9,10,6,9,4,9,10,4,5,5,5,9,10,9,9,11,1,4,6,,4,,,9,6,6,4,10,9,5,10,3,3,7,5,7,6,10,5,5,4,5,8,10,6,4,4,7,4,6,11,11,9,10,3,3,5,4,4,2,4,12,9,,,3,3,,,9,6,9,6,9,4,5,3,7,5,5,3,5,4,4,3,3,3,11,8,3,4,2,12,,3,,,b'\x11\xe8\xe1I\xccS\xeb\x02\xaf\x82\x12\xdf\x17\xaeN\x1e'
11E8E149-CC53-EB02-AF82-12DF17AE4E1E,2011-ncaa-d1-natl,ncaa,112,172,16,152,16,44,66,31,188,40,11,225,237,257,180,314,5,6,136,6,78,22,19,229,184,165,226,310,13,28,85,61,114,29,92,105,221,281,102,184,51,105,51,73,,,328,243,,,129,19,120,9,103,150,109,78,33,288,303,18,13,13,49,67,73,190,97,182,158,94,80,,246,,,134,324,311,298,223,285,289,191,290,265,274,190,291,284,212,278,207,305,317,228,235,181,214,208,201,220,114,325,85,312,92,228,76,31,71,75,233,99,323,202,,,9,33,,,129,324,149,151,141,188,177,142,162,142,215,167,202,200,184,148,219,101,196,151,124,77,135,287,,16,,,b'\x11\xe8\xe1I\xccS\xeb\x02\xaf\x82\x12\xdf\x17\xaeN\x1e'
11E8E149-CC53-EB02-AF82-12DF17AE4E1E,2012-ncaa-d0-natl,ncaa,23,73,7,63,7,41,57,22,195,34,21,202,204,169,264,266,7,20,34,22,141,20,24,235,173,114,225,279,26,27,81,145,300,56,216,85,216,137,27,88,2,1,173,166,,,272,92,,,27,34,267,38,140,164,144,109,84,269,257,25,64,72,118,216,94,319,245,200,29,2,239,,88,,,36,200,210,269,100,161,130,214,289,329,37,329,101,140,37,134,164,257,325,127,93,11,232,288,76,322,300,320,81,332,216,262,253,4,4,12,81,20,321,211,,,38,172,,,27,317,87,17,28,23,32,28,19,6,178,274,24,38,36,16,129,209,128,157,103,6,20,251,,186,,,b'\x11\xe8\xe1I\xccS\xeb\x02\xaf\x82\x12\xdf\x17\xaeN\x1e'
11E8E149-CC53-EB02-AF82-12DF17AE4E1E,2012-ncaa-d1-conf-ACC,ncaa,5,5,5,5,6,8,9,7,9,7,4,8,10,8,10,8,3,4,1,4,5,7,7,10,10,6,8,10,1,7,7,11,10,9,9,9,10,1,1,3,1,1,10,8,,,4,5,,,5,8,11,2,9,9,7,8,3,10,7,2,5,5,7,10,7,11,10,11,1,1,10,,3,,,5,3,4,2,8,3,1,11,6,8,4,12,2,3,2,3,8,2,4,9,9,3,8,10,2,3,10,9,7,9,9,7,11,1,1,2,1,1,10,9,,,9,7,,,5,6,5,4,5,1,2,2,1,1,6,7,1,3,3,1,2,3,9,7,7,1,1,10,,9,,,b'\x11\xe8\xe1I\xccS\xeb\x02\xaf\x82\x12\xdf\x17\xaeN\x1e'
11E8E149-CC53-EB02-AF82-12DF17AE4E1E,2012-ncaa-d1-natl,ncaa,27,72,7,64,8,45,63,24,203,37,22,212,212,179,269,265,7,21,34,23,139,21,28,241,182,114,223,277,25,30,84,161,302,65,226,96,222,115,27,90,2,1,181,173,,,262,97,,,32,35,271,38,145,173,151,114,91,270,259,24,67,76,123,218,97,321,250,212,29,2,241,,89,,,43,185,201,254,108,150,113,218,278,326,37,329,92,126,37,121,165,240,325,133,99,13,233,288,74,317,302,315,84,331,226,256,252,4,5,14,72,21,317,215,,,44,170,,,32,316,90,19,34,26,35,27,22,6,181,272,26,39,37,16,127,213,134,163,104,8,22,256,,188,,,b'\x11\xe8\xe1I\xccS\xeb\x02\xaf\x82\x12\xdf\x17\xaeN\x1e'
11E8E149-CC53-EB02-AF82-12DF17AE4E1E,2013-ncaa-d0-natl,ncaa,149,126,183,143,185,181,203,263,120,161,206,113,259,249,252,231,63,88,44,81,49,229,225,154,108,139,195,261,22,161,50,195,169,185,67,187,142,203,243,197,140,97,235,200,,,175,239,,,125,238,248,51,161,204,267,144,201,259,244,32,66,59,230,211,142,183,161,176,221,121,235,,202,,,125,93,97,119,144,41,46,122,304,275,293,313,48,48,98,48,125,85,107,205,174,145,306,327,68,153,169,14,50,34,67,217,302,176,111,202,89,119,82,119,,,116,46,,,125,103,128,150,126,130,135,140,54,48,309,295,57,63,62,102,129,167,25,56,243,156,110,108,,66,,,b'\x11\xe8\xe1I\xccS\xeb\x02\xaf\x82\x12\xdf\x17\xaeN\x1e'
11E8E149-CC53-EB02-AF82-12DF17AE4E1E,2013-ncaa-d1-conf-ACC,ncaa,6,6,9,6,9,10,10,12,9,10,11,7,9,8,12,4,5,7,1,7,2,10,11,9,6,9,3,6,1,9,7,8,4,9,4,12,9,2,9,11,7,4,11,5,,,3,6,,,8,11,11,3,10,10,12,10,11,9,6,4,4,4,10,10,9,7,8,12,3,6,11,,4,,,8,3,4,2,7,1,1,7,12,11,9,12,1,1,9,1,4,1,2,7,8,8,12,12,2,2,4,3,7,2,4,7,12,11,5,11,1,2,3,8,,,7,2,,,8,2,10,8,8,4,5,2,2,1,12,12,3,2,2,1,2,3,3,3,8,8,3,5,,6,,,b'\x11\xe8\xe1I\xccS\xeb\x02\xaf\x82\x12\xdf\x17\xaeN\x1e'
11E8E149-CC53-EB02-AF82-12DF17AE4E1E,2013-ncaa-d1-natl,ncaa,155,126,210,145,214,201,227,284,123,181,230,118,269,255,257,230,69,99,43,94,49,251,254,158,112,142,193,264,23,180,53,214,174,207,73,202,144,187,246,203,154,102,242,200,,,156,243,,,134,267,250,48,169,213,271,156,204,262,245,32,67,61,231,215,146,191,167,180,223,125,237,,204,,,134,71,86,91,149,32,34,128,300,268,298,310,44,44,101,44,127,64,79,207,181,155,306,327,66,136,174,9,53,23,73,212,301,189,116,210,80,121,79,125,,,130,42,,,134,76,137,159,134,130,139,145,57,49,310,294,58,64,63,104,128,169,25,57,245,158,111,106,,67,,,b'\x11\xe8\xe1I\xccS\xeb\x02\xaf\x82\x12\xdf\x17\xaeN\x1e'
11E8E149-CC53-EB02-AF82-12DF17AE4E1E,2014-ncaa-d0-natl,ncaa,180,205,131,197,155,122,118,106,179,110,95,219,172,174,142,207,116,134,98,135,219,107,127,200,176,132,183,193,148,88,84,298,305,225,222,167,217,99,72,123,39,21,340,331,,,212,221,,,124,148,156,206,96,103,68,114,88,171,183,105,146,143,71,112,84,326,244,177,92,27,342,,211,,,122,198,226,112,312,153,26,339,299,296,232,334,84,123,20,125,261,109,194,328,310,200,261,314,65,218,305,173,84,197,222,297,313,41,17,129,160,147,315,272,,,135,172,,,124,182,108,208,135,204,225,65,153,10,310,310,85,127,133,64,184,204,165,180,301,29,166,322,,145,,,b'\x11\xe8\xe1I\xccS\xeb\x02\xaf\x82\x12\xdf\x17\xaeN\x1e'
11E8E149-CC53-EB02-AF82-12DF17AE4E1E,2014-ncaa-d1-conf-ACC,ncaa,10,10,4,10,8,6,7,4,9,7,5,12,6,9,5,9,5,7,3,7,12,5,7,8,7,5,7,8,5,8,10,13,11,11,12,9,13,2,1,4,4,2,15,15,,,11,11,,,9,7,7,9,6,7,3,7,4,8,9,4,8,8,3,7,6,14,12,10,1,3,15,,9,,,9,13,15,4,15,12,2,15,12,12,13,13,5,7,3,6,9,4,8,15,15,13,9,12,3,3,11,11,10,9,12,14,12,3,1,7,3,2,15,15,,,7,7,,,9,9,5,11,9,12,15,1,13,1,12,12,5,7,6,1,7,3,11,9,13,2,1,15,,7,,,b'\x11\xe8\xe1I\xccS\xeb\x02\xaf\x82\x12\xdf\x17\xaeN\x1e'
11E8E149-CC53-EB02-AF82-12DF17AE4E1E,2014-ncaa-d1-natl,ncaa,191,204,145,205,180,145,140,123,182,127,109,226,177,183,138,206,125,152,102,152,220,127,150,200,179,137,181,194,145,104,85,315,309,247,233,186,223,81,75,127,46,23,341,331,,,196,222,,,137,173,156,206,104,116,73,121,90,170,182,109,152,147,73,120,85,330,254,188,90,30,343,,210,,,135,181,208,87,317,138,16,339,294,289,239,334,77,118,22,119,263,79,164,332,310,209,258,311,64,193,309,150,85,172,233,293,313,52,17,133,148,149,314,277,,,156,174,,,137,156,112,217,151,208,234,66,156,10,311,311,88,131,134,64,183,203,166,185,304,34,165,324,,147,,,b'\x11\xe8\xe1I\xccS\xeb\x02\xaf\x82\x12\xdf\x17\xaeN\x1e'
11E8E149-CC53-EB02-AF82-12DF17AE4E1E,2015-ncaa-d0-natl,ncaa,133,131,113,138,141,109,85,149,55,93,133,86,135,196,19,200,200,233,103,234,275,161,189,59,66,61,205,162,283,220,204,178,132,200,161,176,287,87,103,131,179,172,188,178,,,178,184,,,106,179,229,199,100,68,169,89,152,137,205,220,258,258,203,257,246,205,245,196,88,194,205,,150,,,108,178,215,187,226,216,117,297,207,288,40,299,87,90,139,88,119,168,166,226,201,201,120,226,83,125,132,126,204,111,161,283,283,179,179,252,67,84,172,154,,,189,187,,,106,180,67,188,101,156,211,157,195,76,209,284,86,88,88,118,111,100,96,81,267,205,70,169,,235,,,b'\x11\xe8\xe1I\xccS\xeb\x02\xaf\x82\x12\xdf\x17\xaeN\x1e'
11E8E149-CC53-EB02-AF82-12DF17AE4E1E,2015-ncaa-d1-conf-ACC,ncaa,10,9,10,10,11,10,9,14,6,9,9,8,7,11,1,10,13,13,7,13,14,13,14,5,5,5,8,6,13,15,13,12,6,14,10,10,11,6,10,10,14,14,14,15,,,6,10,,,11,14,12,3,10,8,12,8,7,6,11,13,13,13,11,13,15,9,14,9,8,14,14,,8,,,11,7,8,4,13,11,5,15,2,7,1,10,3,4,6,3,6,3,2,11,10,10,2,3,4,4,6,6,13,4,10,11,13,14,13,15,7,10,3,6,,,13,10,,,11,2,9,10,10,10,11,8,13,9,5,9,4,5,5,7,3,6,7,7,13,14,8,6,,12,,,b'\x11\xe8\xe1I\xccS\xeb\x02\xaf\x82\x12\xdf\x17\xaeN\x1e'
11E8E149-CC53-EB02-AF82-12DF17AE4E1E,2015-ncaa-d1-natl,ncaa,142,130,143,148,178,134,103,187,57,113,156,95,141,207,20,198,218,253,105,255,275,203,240,65,70,64,202,161,281,247,211,205,136,240,171,203,288,74,107,141,199,183,207,181,,,147,188,,,123,224,231,194,110,75,185,99,156,138,207,225,263,263,208,258,250,213,257,207,89,205,209,,152,,,123,147,192,160,233,200,91,306,194,273,45,297,78,80,142,76,120,133,125,236,210,211,115,224,84,102,136,95,211,87,171,274,284,204,188,260,55,87,162,158,,,218,182,,,123,137,73,205,116,162,224,162,205,76,210,282,87,89,89,123,109,101,98,81,271,211,71,176,,235,,,b'\x11\xe8\xe1I\xccS\xeb\x02\xaf\x82\x12\xdf\x17\xaeN\x1e'
11E8E149-CC53-EB02-AF82-12DF17AE4E1E,2016-ncaa-d0-natl,ncaa,119,181,25,156,34,94,86,63,149,81,48,207,132,165,59,228,123,179,28,181,286,78,69,158,144,152,202,183,197,97,140,187,281,137,226,171,292,249,158,207,73,102,159,188,,,274,186,,,123,68,236,280,169,158,179,150,132,188,234,202,268,269,213,237,174,323,300,255,138,123,211,,159,,,126,250,261,241,230,282,223,262,164,217,79,179,197,231,57,232,198,241,288,215,201,103,102,125,150,294,281,250,140,285,226,245,191,27,36,74,237,161,300,232,,,119,203,,,123,283,147,122,125,101,129,57,168,75,97,128,109,146,146,56,115,186,101,116,147,42,146,256,,242,,,b'\x11\xe8\xe1I\xccS\xeb\x02\xaf\x82\x12\xdf\x17\xaeN\x1e'
11E8E149-CC53-EB02-AF82-12DF17AE4E1E,2016-ncaa-d1-conf-ACC,ncaa,10,9,11,10,14,13,13,11,10,13,9,14,12,14,4,12,13,14,1,14,15,13,14,12,12,10,10,7,14,13,13,14,14,15,14,13,15,3,7,12,10,9,9,7,,,3,9,,,10,14,13,7,12,10,9,10,5,11,13,13,14,14,12,13,13,14,15,13,6,10,9,,8,,,10,5,4,4,13,8,4,14,4,6,5,6,6,4,8,5,8,3,2,11,11,8,3,5,8,10,14,8,13,9,14,7,11,7,5,8,7,9,7,6,,,12,10,,,10,2,11,10,10,9,10,7,12,9,6,6,8,7,7,6,6,14,11,12,9,5,7,9,,12,,,b'\x11\xe8\xe1I\xccS\xeb\x02\xaf\x82\x12\xdf\x17\xaeN\x1e'
11E8E149-CC53-EB02-AF82-12DF17AE4E1E,2016-ncaa-d1-natl,ncaa,134,179,30,161,47,108,103,75,158,100,58,218,140,183,63,228,138,202,25,204,283,94,86,166,152,156,202,182,196,115,152,228,288,171,236,201,295,222,163,216,92,104,175,198,,,260,190,,,142,82,240,282,181,170,187,164,134,191,234,206,269,270,220,242,181,329,304,264,136,130,216,,165,,,142,232,243,212,242,268,199,270,149,200,83,176,181,214,60,219,195,214,274,219,208,120,100,121,149,281,288,230,152,268,236,231,192,33,40,82,220,166,296,242,,,139,199,,,142,269,157,139,139,109,135,56,176,77,99,127,116,153,154,55,114,192,103,121,154,50,147,260,,244,,,b'\x11\xe8\xe1I\xccS\xeb\x02\xaf\x82\x12\xdf\x17\xaeN\x1e'
11E8E149-CC53-EB02-AF82-12DF17AE4E1E,2017-ncaa-d0-natl,ncaa,93,111,45,111,47,114,94,106,109,73,60,166,202,255,58,282,151,145,194,145,279,106,95,130,139,171,277,241,228,70,64,108,267,80,125,158,248,277,219,216,67,79,59,51,,,208,133,,,57,112,296,73,189,159,232,112,102,239,297,219,225,227,235,236,111,199,154,213,198,98,79,,116,,,60,70,82,223,20,77,141,74,157,298,3,301,111,177,15,176,186,217,265,24,18,6,215,228,165,316,267,144,64,237,125,105,190,48,48,42,258,213,176,100,,,123,198,,,57,232,146,23,61,15,18,69,22,32,105,253,69,105,105,55,106,271,55,118,60,72,191,122,,227,,,b'\x11\xe8\xe1I\xccS\xeb\x02\xaf\x82\x12\xdf\x17\xaeN\x1e'
11E8E149-CC53-EB02-AF82-12DF17AE4E1E,2017-ncaa-d1-conf-ACC,ncaa,8,8,5,8,5,11,9,10,9,7,8,13,9,12,4,12,13,13,10,13,15,10,10,10,11,10,9,8,12,8,9,4,12,7,10,12,11,7,10,11,7,7,5,5,,,7,8,,,8,10,15,1,12,11,10,7,6,10,13,14,13,13,11,11,7,6,5,12,9,7,6,,5,,,8,2,3,7,2,4,2,7,5,14,1,14,5,6,1,6,10,7,8,2,2,2,10,9,7,13,12,10,9,12,10,5,12,7,8,9,9,10,8,6,,,13,14,,,8,6,11,4,8,3,4,9,5,2,3,14,5,6,6,9,7,14,7,13,4,8,9,8,,14,,,b'\x11\xe8\xe1I\xccS\xeb\x02\xaf\x82\x12\xdf\x17\xaeN\x1e'
11E8E149-CC53-EB02-AF82-12DF17AE4E1E,2017-ncaa-d1-natl,ncaa,104,111,56,111,63,145,121,135,117,88,69,180,214,263,60,281,179,175,193,174,279,138,122,140,146,181,277,237,225,93,71,135,272,104,134,182,250,256,225,227,81,87,69,55,,,190,138,,,71,145,298,69,203,171,239,117,109,243,297,223,229,229,240,247,120,214,161,219,202,106,81,,114,,,72,48,62,185,22,57,103,81,142,286,4,299,89,154,17,151,186,174,244,26,19,9,215,226,160,308,272,115,71,212,134,87,191,63,56,44,239,218,156,106,,,150,190,,,71,196,155,27,68,16,20,72,25,34,103,254,71,108,104,59,105,273,57,123,65,84,198,129,,226,,,b'\x11\xe8\xe1I\xccS\xeb\x02\xaf\x82\x12\xdf\x17\xaeN\x1e'
11E8E149-CC53-EB02-AF82-12DF17AE4E1E,2018-ncaa-d0-natl,ncaa,99,129,43,123,62,130,125,118,156,138,113,215,112,158,67,177,216,247,113,242,296,135,111,140,150,166,174,127,265,145,176,100,188,101,153,127,164,258,213,179,194,231,62,56,,,201,142,,,150,106,284,241,232,194,229,218,191,152,201,281,300,295,264,277,215,174,193,171,173,243,72,,111,,,150,189,200,261,77,150,216,84,260,284,158,273,116,134,115,132,119,251,246,96,80,109,233,272,99,253,188,202,176,232,153,137,89,154,185,129,277,250,147,112,,,166,207,,,150,233,178,122,154,76,94,125,65,89,202,226,62,76,76,90,83,181,98,126,78,218,214,106,,255,,,b'\x11\xe8\xe1I\xccS\xeb\x02\xaf\x82\x12\xdf\x17\xaeN\x1e'
11E8E149-CC53-EB02-AF82-12DF17AE4E1E,2018-ncaa-d1-conf-ACC,ncaa,5,6,4,6,7,12,12,11,9,10,10,10,8,7,8,6,10,12,3,11,9,11,11,11,9,9,7,6,8,11,11,6,4,7,8,9,8,10,12,9,13,12,6,6,,,7,9,,,9,10,13,7,12,12,11,11,10,8,8,11,13,13,12,13,13,5,6,10,10,13,5,,5,,,9,4,7,9,5,5,8,5,7,6,9,7,4,5,2,5,5,7,5,5,5,7,6,10,6,6,4,7,11,8,8,3,4,13,12,7,11,13,4,5,,,8,5,,,9,6,11,8,9,4,5,6,5,9,7,6,4,5,5,7,3,6,7,8,3,13,10,4,,9,,,b'\x11\xe8\xe1I\xccS\xeb\x02\xaf\x82\x12\xdf\x17\xaeN\x1e'
11E8E149-CC53-EB02-AF82-12DF17AE4E1E,2018-ncaa-d1-natl,ncaa,106,129,53,130,78,160,146,146,165,171,148,222,122,176,70,175,237,265,110,265,298,166,152,151,162,182,170,126,262,176,182,119,199,138,163,144,162,230,221,188,214,235,65,59,,,176,145,,,171,136,289,236,242,210,245,229,195,161,201,283,302,299,276,284,227,178,211,182,175,252,80,,113,,,171,161,170,240,87,128,182,93,245,271,163,268,99,110,121,108,124,232,212,113,86,119,231,265,95,238,199,175,182,208,163,115,91,175,197,140,266,260,138,120,,,203,204,,,171,202,190,136,174,82,103,128,70,90,207,225,70,79,79,96,83,184,102,130,83,226,216,112,,255,,,b'\x11\xe8\xe1I\xccS\xeb\x02\xaf\x82\x12\xdf\x17\xaeN\x1e'
11E8E149-CC53-EB02-AF82-12DF17AE4E1E,2018-ncaa-d1-ncaatournament,ncaa,17,2,17,17,18,31,31,23,51,29,24,54,22,24,29,33,31,31,19,31,44,26,29,49,50,44,20,19,32,24,36,27,35,26,39,21,8,24,6,6,23,29,13,10,,,35,26,,,24,32,58,7,44,43,29,46,27,24,30,39,43,42,31,45,27,44,39,18,4,31,11,,16,,,24,33,37,36,28,36,39,21,42,36,42,26,26,33,8,33,25,34,33,27,22,22,30,38,23,36,35,47,36,44,39,43,50,25,27,34,30,19,50,48,,,23,14,,,24,33,44,22,24,10,16,10,19,23,30,19,13,21,21,6,2,23,46,39,31,33,16,52,,17,,,b'\x11\xe8\xe1I\xccS\xeb\x02\xaf\x82\x12\xdf\x17\xaeN\x1e'
11E8E149-CC53-EB02-AF82-12DF17AE4E1E,2019-ncaa-d0-natl,ncaa,220,245,114,236,148,235,251,166,314,263,182,311,180,143,279,144,172,232,25,237,231,188,194,306,291,260,107,155,95,117,138,185,185,156,171,267,244,154,164,241,284,287,91,75,,,11,10,,,271,230,297,193,282,301,207,289,217,199,154,177,253,264,224,255,118,220,173,292,134,296,93,,8,,,268,219,255,228,233,182,142,235,323,299,295,316,24,13,275,13,29,178,142,277,237,274,222,323,17,184,185,205,138,196,171,249,193,262,257,281,186,191,201,213,,,256,263,,,271,137,243,279,267,193,249,215,159,97,327,304,22,16,16,126,80,166,177,177,241,274,164,188,,286,,,b'\x11\xe8\xe1I\xccS\xeb\x02\xaf\x82\x12\xdf\x17\xaeN\x1e'
11E8E149-CC53-EB02-AF82-12DF17AE4E1E,2019-ncaa-d1-conf-ACC,ncaa,12,12,4,12,6,13,13,10,15,12,7,13,13,8,15,9,7,8,2,8,6,9,11,15,13,12,8,11,2,6,8,13,8,11,11,15,13,5,6,12,10,10,11,11,,,2,3,,,12,13,15,4,13,15,10,13,7,13,10,7,8,9,10,14,6,13,12,15,5,10,12,,3,,,12,9,10,6,14,8,2,14,15,13,13,15,2,1,13,1,3,3,2,14,13,11,11,15,1,5,8,13,8,9,11,9,11,9,6,8,8,10,12,11,,,9,5,,,12,4,13,11,12,7,9,3,6,1,14,12,2,1,1,2,1,3,12,9,9,10,9,11,,11,,,b'\x11\xe8\xe1I\xccS\xeb\x02\xaf\x82\x12\xdf\x17\xaeN\x1e'
11E8E149-CC53-EB02-AF82-12DF17AE4E1E,2019-ncaa-d1-natl,ncaa,232,245,155,244,193,269,288,214,319,289,221,316,199,159,278,139,195,259,24,265,229,236,250,311,295,267,106,153,87,149,150,223,194,192,182,295,253,115,168,254,301,297,105,82,,,4,9,,,284,283,299,180,291,306,215,297,222,201,156,181,257,269,235,265,126,234,185,306,135,302,95,,8,,,282,182,233,196,251,146,110,247,314,288,299,316,17,11,279,11,31,127,88,284,256,285,221,322,14,155,194,165,150,152,182,230,197,285,266,293,156,194,190,218,,,276,262,,,284,80,254,292,285,210,255,217,172,105,328,303,22,16,17,129,79,167,181,184,251,277,172,197,,286,,,b'\x11\xe8\xe1I\xccS\xeb\x02\xaf\x82\x12\xdf\x17\xaeN\x1e'
11E8E149-CC53-EB02-AF82-12DF17AE4E1E,2020-ncaa-d0-natl,ncaa,197,216,87,212,136,208,213,234,174,146,113,231,289,316,164,313,75,112,81,106,158,222,193,227,185,226,260,299,41,234,230,151,120,195,161,188,155,269,268,244,174,183,210,180,,,233,231,,,203,164,165,213,232,248,295,165,120,301,321,85,125,124,269,242,257,173,239,218,245,188,215,,212,,,199,161,126,153,114,62,59,150,280,305,161,318,204,196,212,189,265,152,196,159,168,125,326,305,229,115,120,148,230,129,161,187,235,86,82,112,280,281,339,327,,,103,88,,,203,206,248,104,192,126,100,107,48,31,274,301,190,184,175,107,156,102,118,106,168,93,262,335,,127,,,b'\x11\xe8\xe1I\xccS\xeb\x02\xaf\x82\x12\xdf\x17\xaeN\x1e'
11E8E149-CC53-EB02-AF82-12DF17AE4E1E,2020-ncaa-d1-conf-ACC,ncaa,10,9,10,10,15,11,13,15,6,9,10,8,14,15,10,15,6,8,7,8,6,15,15,7,7,8,14,14,2,15,15,12,3,15,9,9,5,8,9,10,8,6,11,9,,,10,14,,,9,13,5,12,10,10,15,7,4,14,15,5,4,4,14,11,15,9,15,7,9,7,11,,14,,,9,4,4,2,10,1,1,10,13,11,13,14,8,11,7,8,15,2,2,13,12,8,15,15,13,2,3,4,15,1,9,7,12,5,3,5,11,13,12,12,,,7,3,,,9,4,11,6,9,6,4,2,2,1,14,12,11,11,10,2,6,3,9,4,9,3,12,12,,2,,,b'\x11\xe8\xe1I\xccS\xeb\x02\xaf\x82\x12\xdf\x17\xaeN\x1e'
11E8E149-CC53-EB02-AF82-12DF17AE4E1E,2020-ncaa-d1-natl,ncaa,214,215,128,220,202,240,246,281,185,172,141,241,299,320,171,312,92,133,82,127,158,267,245,234,193,231,258,298,38,261,239,182,124,240,173,223,159,251,273,258,203,195,219,181,,,206,238,,,217,210,167,201,244,259,302,178,125,301,324,87,128,126,271,249,265,182,247,229,245,201,219,,217,,,217,130,99,115,123,45,39,164,271,293,164,318,193,176,214,173,267,114,137,171,179,137,327,305,226,100,124,124,239,100,173,175,236,109,90,122,273,281,338,327,,,137,85,,,217,163,256,117,209,140,107,108,51,31,279,302,196,186,184,108,151,105,119,109,178,104,266,337,,131,,,b'\x11\xe8\xe1I\xccS\xeb\x02\xaf\x82\x12\xdf\x17\xaeN\x1e'
11E8E149-CC53-EB02-AF82-12DF17AE4E1E,2021-ncaa-d0-natl,ncaa,337,32,339,337,339,341,341,341,294,340,339,326,341,342,48,313,338,339,253,339,290,341,339,297,302,329,229,217,180,341,126,341,341,341,321,342,205,7,340,331,341,308,340,310,,,4,74,,,212,339,266,224,326,324,334,302,169,290,329,293,283,285,339,275,180,337,325,311,329,303,299,,105,,,314,4,4,4,243,4,4,212,4,4,204,71,4,5,77,4,70,4,4,214,187,121,47,87,85,7,341,3,126,4,321,5,73,338,58,66,7,311,6,326,,,338,122,,,212,5,324,225,312,163,213,152,254,242,99,70,86,112,95,124,223,337,62,240,132,50,293,325,,183,,,b'\x11\xe8\xe1I\xccS\xeb\x02\xaf\x82\x12\xdf\x17\xaeN\x1e'
11E8E149-CC53-EB02-AF82-12DF17AE4E1E,2021-ncaa-d1-conf-ACC,ncaa,14,2,14,14,14,14,14,14,15,14,14,15,14,14,1,13,14,14,14,14,3,14,14,15,14,14,1,2,1,14,14,14,15,14,15,14,1,2,11,13,14,13,14,12,,,2,11,,,11,14,7,9,14,15,13,15,9,5,12,8,4,2,11,7,8,15,15,13,10,13,12,,11,,,14,2,2,2,14,2,2,14,2,2,1,1,2,2,9,2,15,2,2,12,13,9,2,1,15,2,15,2,14,2,15,2,3,14,1,1,2,13,2,15,,,14,1,,,11,2,14,12,14,8,6,1,13,7,1,2,15,15,15,2,9,13,15,15,3,1,11,15,,1,,,b'\x11\xe8\xe1I\xccS\xeb\x02\xaf\x82\x12\xdf\x17\xaeN\x1e'
11E8E149-CC53-EB02-AF82-12DF17AE4E1E,2021-ncaa-d1-natl,ncaa,338,32,339,338,339,341,341,341,296,340,339,328,341,343,47,314,338,339,253,339,290,341,339,303,302,331,229,217,181,341,131,341,341,341,322,342,209,7,341,331,341,311,340,311,,,4,74,,,225,339,269,225,328,328,335,306,174,292,330,294,286,287,339,278,186,337,325,315,330,306,301,,106,,,320,4,4,4,251,4,4,218,4,4,214,71,4,5,78,4,71,4,4,224,199,128,47,86,83,7,341,3,131,4,322,5,77,338,59,70,7,316,6,327,,,338,119,,,225,5,328,235,318,171,224,152,258,244,99,67,89,117,101,130,221,339,61,240,140,54,295,326,,185,,,b'\x11\xe8\xe1I\xccS\xeb\x02\xaf\x82\x12\xdf\x17\xaeN\x1e'
11E8E149-CC53-EB02-AF82-12DF17AE4E1E,2022-ncaa-d0-natl,ncaa,317,316,260,321,287,316,308,292,304,259,210,297,322,308,324,293,279,227,334,233,210,283,262,324,326,333,299,292,141,169,110,306,283,273,217,274,141,279,320,306,235,209,110,37,,,273,338,,,308,282,189,275,328,319,282,220,131,325,308,260,174,184,274,175,108,316,246,253,318,208,71,,325,,,309,102,50,41,200,46,44,191,148,104,284,190,314,304,282,306,344,61,81,222,273,237,329,195,342,131,283,75,110,86,217,126,263,167,91,133,188,256,307,322,,,224,136,,,308,74,331,250,312,207,105,54,89,50,211,158,341,332,333,120,173,210,158,182,179,96,248,332,,139,,,b'\x11\xe8\xe1I\xccS\xeb\x02\xaf\x82\x12\xdf\x17\xaeN\x1e'
11E8E149-CC53-EB02-AF82-12DF17AE4E1E,2022-ncaa-d1-conf-ACC,ncaa,14,11,15,14,15,15,15,15,13,15,14,14,15,15,15,13,15,13,13,14,8,15,15,15,14,15,11,15,3,11,4,15,13,15,12,15,11,11,15,15,11,8,4,1,,,11,15,,,14,15,10,11,15,15,14,15,11,15,14,10,7,7,13,9,5,13,10,15,14,9,3,,15,,,14,4,2,1,9,2,1,11,3,5,4,11,14,14,12,14,15,1,1,9,12,9,14,6,15,5,13,2,4,2,12,5,13,13,6,7,9,14,15,15,,,12,6,,,14,1,15,11,14,10,6,3,6,1,9,11,15,15,15,6,9,13,7,9,9,8,13,15,,6,,,b'\x11\xe8\xe1I\xccS\xeb\x02\xaf\x82\x12\xdf\x17\xaeN\x1e'
11E8E149-CC53-EB02-AF82-12DF17AE4E1E,2022-ncaa-d1-natl,ncaa,327,316,304,330,322,338,331,331,313,289,247,309,332,322,329,291,297,255,336,259,209,322,303,328,329,335,298,292,130,200,125,329,287,314,231,293,152,258,324,318,273,223,120,39,,,250,342,,,320,320,194,275,329,329,290,235,137,328,307,256,180,184,284,182,114,319,260,266,322,221,72,,329,,,321,86,40,23,218,40,27,201,128,87,286,185,307,296,289,298,344,34,41,239,286,255,328,192,340,107,287,44,125,54,231,110,267,210,103,145,163,260,304,327,,,260,128,,,320,39,337,265,323,216,113,56,99,53,217,157,344,333,334,124,168,211,165,188,191,113,251,335,,140,,,b'\x11\xe8\xe1I\xccS\xeb\x02\xaf\x82\x12\xdf\x17\xaeN\x1e'
11E8E149-CC53-EB02-AF82-12DF17AE4E1E,2023-ncaa-d0-natl,ncaa,170,160,164,169,222,135,107,100,169,86,75,141,221,179,286,219,178,176,161,179,288,108,108,198,204,174,296,270,215,41,36,106,88,69,48,84,71,178,126,101,91,90,62,40,,,260,262,,,90,140,54,291,98,67,34,44,47,222,168,163,167,172,42,44,24,63,21,48,199,78,48,,279,,,88,124,87,165,83,102,129,140,127,224,35,238,238,232,186,231,256,172,216,77,90,63,225,166,276,115,88,164,36,136,48,184,258,94,81,100,84,57,345,325,,,111,167,,,90,233,137,50,79,132,106,181,125,123,129,241,246,247,247,214,274,142,191,163,199,66,103,357,,90,,,b'\x11\xe8\xe1I\xccS\xeb\x02\xaf\x82\x12\xdf\x17\xaeN\x1e'
11E8E149-CC53-EB02-AF82-12DF17AE4E1E,2023-ncaa-d1-conf-ACC,ncaa,13,13,11,13,14,11,11,10,13,11,7,13,13,9,13,9,8,9,2,10,9,11,11,13,13,12,9,10,3,4,7,12,8,11,8,9,3,6,9,9,10,9,8,3,,,15,15,,,11,12,4,12,10,11,3,9,5,10,8,6,5,6,3,4,3,8,4,9,12,7,7,,15,,,11,9,4,2,10,3,1,13,10,11,9,12,15,15,7,15,15,3,3,12,13,12,14,10,15,5,8,10,7,8,8,10,14,7,5,10,7,8,14,15,,,10,9,,,11,4,11,11,11,12,7,5,6,3,12,11,15,15,15,9,10,9,12,11,13,6,9,14,,7,,,b'\x11\xe8\xe1I\xccS\xeb\x02\xaf\x82\x12\xdf\x17\xaeN\x1e'
11E8E149-CC53-EB02-AF82-12DF17AE4E1E,2023-ncaa-d1-natl,ncaa,185,160,219,179,293,166,133,125,181,100,92,156,234,199,291,221,199,195,160,199,289,136,134,206,215,183,293,272,210,48,41,136,96,85,49,97,75,150,131,105,122,103,71,43,,,235,272,,,105,200,57,291,108,70,35,48,48,225,173,165,170,176,46,47,25,68,23,51,202,95,50,,282,,,105,81,67,124,89,82,94,159,107,201,36,237,221,216,186,212,260,131,162,83,103,76,225,166,276,93,96,122,41,95,49,164,262,120,95,119,68,60,342,329,,,141,157,,,105,187,142,61,94,149,115,187,133,127,137,242,250,251,250,221,273,148,199,169,210,76,105,356,,91,,,b'\x11\xe8\xe1I\xccS\xeb\x02\xaf\x82\x12\xdf\x17\xaeN\x1e'
11E8E149-CC53-EB02-AF82-12DF17AE4E1E,2024-ncaa-d0-natl,ncaa,154,176,94,173,114,69,82,38,197,83,55,196,85,67,169,164,67,97,27,90,196,36,47,190,165,124,144,162,140,31,72,68,109,38,88,54,67,134,44,52,102,151,39,27,,,315,281,,,113,67,49,219,54,67,17,82,62,96,79,66,119,112,18,27,30,63,20,44,106,119,38,,309,,,113,301,266,286,158,245,225,199,284,307,131,257,315,312,233,309,281,295,290,170,197,229,275,219,275,208,109,317,72,289,88,309,302,150,222,261,138,65,303,226,,,147,293,,,113,294,89,212,119,272,232,272,200,178,268,294,295,283,283,293,282,182,276,254,300,179,110,300,,185,,,b'\x11\xe8\xe1I\xccS\xeb\x02\xaf\x82\x12\xdf\x17\xaeN\x1e'
11E8E149-CC53-EB02-AF82-12DF17AE4E1E,2024-ncaa-d1-conf-ACC,ncaa,11,10,11,11,15,8,12,8,11,12,9,13,4,8,3,9,5,7,3,7,4,8,8,8,7,9,2,3,4,8,8,8,7,9,9,5,2,8,8,7,11,9,6,6,,,15,15,,,10,7,3,13,7,11,6,12,8,2,7,4,5,5,6,5,5,7,6,2,9,9,5,,15,,,10,11,4,5,8,5,6,8,7,7,6,9,15,15,9,15,15,10,7,10,10,11,12,6,15,7,7,9,8,8,9,11,11,13,12,13,4,6,9,12,,,9,8,,,10,8,9,11,10,13,8,9,10,8,8,9,15,15,15,14,11,9,12,9,12,12,9,12,,8,,,b'\x11\xe8\xe1I\xccS\xeb\x02\xaf\x82\x12\xdf\x17\xaeN\x1e'
11E8E149-CC53-EB02-AF82-12DF17AE4E1E,2024-ncaa-d1-natl,ncaa,172,177,130,184,153,86,101,47,217,110,73,212,102,81,170,169,80,118,24,109,199,48,65,203,177,133,138,158,134,38,81,92,122,54,106,67,68,102,50,59,133,164,44,28,,,306,289,,,138,89,51,206,61,75,17,95,65,101,80,65,124,115,20,28,37,71,22,46,105,132,38,,311,,,139,287,256,265,177,229,196,210,279,295,146,255,308,303,237,300,288,279,269,189,217,250,276,220,274,188,122,291,81,268,106,306,305,183,235,274,118,68,299,235,,,176,295,,,138,273,99,233,143,285,246,275,215,183,270,297,304,294,295,298,282,187,287,264,305,189,114,307,,183,,,b'\x11\xe8\xe1I\xccS\xeb\x02\xaf\x82\x12\xdf\x17\xaeN\x1e'
11E8E149-CC53-EB02-AF82-12DF17AE4E1E,2025-ncaa-d0-natl,genius_ncaa,133,147,90,143,116,86,84,87,115,95,141,74,98,63,189,107,123,129,161,133,151,84,84,113,115,111,154,148,222,111,154,48,219,60,160,76,120,215,132,106,119,163,12,7,,,89,20,,297,134,88,66,269,82,79,79,102,180,103,70,151,161,160,87,99,142,37,47,74,164,134,9,,56,,282,134,282,303,328,105,274,285,159,301,338,73,312,93,95,141,95,51,313,295,112,85,152,166,281,38,331,219,274,154,311,160,361,360,197,287,345,218,157,257,241,,,188,305,,353,134,277,107,188,134,234,278,347,244,266,294,344,65,74,74,332,301,313,230,287,354,242,187,241,,255,,354,b'\x11\xe8\xe1I\xccS\xeb\x02\xaf\x82\x12\xdf\x17\xaeN\x1e'
11E8E149-CC53-EB02-AF82-12DF17AE4E1E,2025-ncaa-d1-conf-ACC,genius_ncaa,9,10,4,10,9,11,11,10,10,11,12,5,10,6,17,3,8,10,11,10,4,10,11,9,8,9,8,8,9,11,13,7,14,11,14,10,10,9,12,10,5,5,1,1,,,1,2,,13,10,10,10,14,12,13,11,12,15,9,5,10,10,10,12,15,11,8,14,10,8,8,2,,2,,12,10,13,12,14,6,8,6,9,16,17,5,16,6,5,16,5,7,13,12,8,7,9,13,16,6,17,14,14,13,15,14,18,18,9,11,17,12,13,14,15,,,14,16,,18,10,9,10,11,10,8,10,13,5,7,15,16,5,4,4,10,10,16,12,14,18,11,11,14,,16,,18,b'\x11\xe8\xe1I\xccS\xeb\x02\xaf\x82\x12\xdf\x17\xaeN\x1e'
11E8E149-CC53-EB02-AF82-12DF17AE4E1E,2025-ncaa-d1-natl,genius_ncaa,145,147,113,151,154,104,98,111,122,119,168,79,111,79,191,107,145,154,158,155,147,105,112,119,121,117,145,145,219,141,172,63,231,80,175,91,125,179,137,113,135,179,14,7,,,69,20,,288,144,109,69,269,88,84,87,113,185,109,72,148,164,163,91,102,152,40,54,80,167,145,9,,57,,284,145,261,294,325,115,264,270,169,294,333,84,312,73,79,150,76,52,303,277,126,96,168,165,279,38,325,231,250,172,297,175,361,360,239,302,345,202,164,242,252,,,217,305,,354,144,255,109,204,145,248,291,348,254,267,296,343,67,74,74,335,300,316,236,296,355,250,188,248,,255,,354,b'\x11\xe8\xe1I\xccS\xeb\x02\xaf\x82\x12\xdf\x17\xaeN\x1e'
11E8E149-CC53-EB02-AF82-12DF17AE4E1E,2026-ncaa-d0-natl,genius_ncaa,35,80,9,68,20,17,13,24,22,12,34,17,47,43,105,158,79,67,221,67,208,25,33,27,39,30,277,189,307,4,4,23,58,6,4,15,67,184,42,19,40,54,3,2,,,239,97,,263,23,63,329,97,33,27,74,26,133,102,120,181,170,178,86,177,12,50,13,23,40,85,3,,67,,154,29,236,210,309,30,199,323,19,222,242,132,107,289,269,286,265,124,310,297,22,32,51,231,164,280,255,58,153,4,190,4,251,240,111,206,154,229,90,94,23,,,56,186,,286,23,305,15,53,23,30,18,88,36,171,65,67,159,120,112,72,26,87,8,10,70,262,87,23,,198,,331,b'\x11\xe8\xe1I\xccS\xeb\x02\xaf\x82\x12\xdf\x17\xaeN\x1e'
11E8E149-CC53-EB02-AF82-12DF17AE4E1E,2026-ncaa-d1-conf-ACC,genius_ncaa,1,1,1,1,1,2,2,6,2,2,9,1,2,1,4,1,9,10,4,10,10,8,8,2,2,2,6,2,9,4,1,3,6,2,2,3,4,7,8,4,6,6,1,1,,,6,8,,7,2,9,9,1,2,2,6,2,9,2,1,9,10,10,8,8,4,3,2,3,7,6,1,,6,,7,2,3,2,6,2,2,4,3,5,8,1,8,5,5,6,4,7,6,4,2,3,3,8,7,6,8,6,1,1,2,2,6,9,10,10,8,1,2,1,1,,,7,7,,7,2,1,1,4,2,3,2,6,2,4,5,8,5,5,4,6,4,8,1,2,6,10,1,1,,7,,7,b'\x11\xe8\xe1I\xccS\xeb\x02\xaf\x82\x12\xdf\x17\xaeN\x1e'
11E8E149-CC53-EB02-AF82-12DF17AE4E1E,2026-ncaa-d1-natl,genius_ncaa,38,80,13,79,35,21,14,36,25,14,50,19,64,62,113,156,111,100,222,99,203,39,55,31,43,32,275,187,306,6,5,26,65,9,4,16,70,141,50,21,58,73,3,2,,,196,112,,246,23,104,336,100,40,31,92,30,146,118,130,195,182,187,108,208,19,60,17,26,47,114,3,,73,,160,30,193,168,277,35,160,303,21,182,200,159,101,265,235,292,227,129,277,260,25,43,77,224,167,279,217,65,93,5,134,4,217,249,168,246,204,182,94,65,26,,,81,184,,305,23,264,15,85,24,39,27,101,45,183,72,69,167,130,127,81,25,93,7,11,87,286,87,23,,194,,333,b'\x11\xe8\xe1I\xccS\xeb\x02\xaf\x82\x12\xdf\x17\xaeN\x1e'
11E8E149-CC58-23AC-AF82-12DF17AE4E1E,2010-ncaa-d0-natl,ncaa,159,145,178,163,207,208,159,179,135,89,90,151,295,304,240,303,255,227,276,229,314,188,183,192,219,216,329,299,257,94,38,154,181,128,54,125,105,173,201,135,266,264,122,128,,,34,32,,,125,221,201,201,207,114,134,56,41,299,300,264,228,230,152,152,66,116,72,95,205,261,112,,44,,,122,57,113,179,75,147,199,80,115,161,81,177,31,56,22,50,43,153,147,67,34,58,85,172,61,197,181,44,38,80,54,44,56,208,188,105,130,151,284,234,,,240,269,,,125,130,186,72,115,79,135,228,165,237,126,177,42,76,70,190,175,235,55,99,71,196,154,295,,239,,,b'\x11\xe8\xe1I\xccX#\xac\xaf\x82\x12\xdf\x17\xaeN\x1e'
11E8E149-CC58-23AC-AF82-12DF17AE4E1E,2010-ncaa-d1-conf-ACC,ncaa,10,10,7,10,11,12,12,12,7,11,9,8,9,10,9,9,11,11,7,11,10,12,12,7,10,10,9,9,7,12,10,10,10,11,10,7,3,3,7,5,11,11,6,5,,,1,1,,,11,12,11,8,12,10,12,10,8,9,10,11,10,10,12,12,12,10,11,6,5,11,5,,1,,,11,5,5,4,9,5,4,7,10,6,10,8,1,2,1,2,6,4,1,9,8,9,8,10,1,6,10,3,10,4,10,7,7,11,10,10,5,8,9,10,,,11,9,,,11,1,11,11,11,7,8,7,6,6,10,9,1,4,3,8,2,10,6,8,9,10,6,11,,10,,,b'\x11\xe8\xe1I\xccX#\xac\xaf\x82\x12\xdf\x17\xaeN\x1e'
11E8E149-CC58-23AC-AF82-12DF17AE4E1E,2010-ncaa-d1-natl,ncaa,166,145,191,167,227,222,170,192,138,97,96,156,302,306,243,303,269,242,275,243,317,203,207,200,223,221,329,298,254,102,39,171,186,142,54,128,108,161,203,141,278,267,125,130,,,27,33,,,129,243,202,186,211,120,138,57,41,300,300,266,230,232,154,154,68,118,77,95,206,268,114,,45,,,126,47,99,166,82,132,179,85,107,149,86,177,29,51,22,45,44,134,125,69,38,61,84,170,62,177,186,28,39,58,54,37,57,228,192,116,120,152,281,242,,,257,264,,,129,107,189,83,123,81,145,230,168,239,128,176,42,75,69,194,175,237,56,101,77,202,156,301,,241,,,b'\x11\xe8\xe1I\xccX#\xac\xaf\x82\x12\xdf\x17\xaeN\x1e'
11E8E149-CC58-23AC-AF82-12DF17AE4E1E,2011-ncaa-d0-natl,ncaa,248,242,242,256,247,243,196,210,170,114,93,214,307,323,189,326,269,188,330,194,285,208,170,225,255,268,329,312,228,132,70,242,280,196,157,149,86,277,280,222,183,181,101,84,,,163,180,,,248,190,99,21,213,157,135,71,31,311,322,249,147,151,138,69,90,202,112,100,303,154,72,,232,,,248,159,124,126,158,121,144,139,142,145,186,152,244,251,161,248,263,150,157,166,183,175,218,156,259,232,280,52,70,109,157,147,204,163,151,151,194,210,272,215,,,238,271,,,248,139,263,197,249,239,193,223,191,217,179,182,284,285,284,255,282,286,109,198,197,112,246,297,,190,,,b'\x11\xe8\xe1I\xccX#\xac\xaf\x82\x12\xdf\x17\xaeN\x1e'
11E8E149-CC58-23AC-AF82-12DF17AE4E1E,2011-ncaa-d1-conf-ACC,ncaa,12,12,9,12,10,12,12,12,11,11,9,11,12,12,8,10,11,10,12,10,11,12,12,11,12,12,10,9,9,12,10,12,12,12,12,12,7,8,11,12,9,8,10,8,,,5,8,,,12,12,11,5,12,12,12,10,7,12,12,11,10,10,12,12,11,12,12,12,11,9,9,,8,,,12,5,3,1,11,4,1,11,3,5,6,7,9,11,5,10,12,2,1,12,12,12,7,5,11,8,12,4,10,6,12,8,9,9,7,10,10,11,3,5,,,11,10,,,12,1,12,12,12,8,7,4,8,3,6,6,11,12,12,6,4,9,6,6,9,9,10,5,,10,,,b'\x11\xe8\xe1I\xccX#\xac\xaf\x82\x12\xdf\x17\xaeN\x1e'
11E8E149-CC58-23AC-AF82-12DF17AE4E1E,2011-ncaa-d1-natl,ncaa,242,240,199,247,204,235,186,189,171,106,76,212,316,324,207,326,267,177,334,181,286,193,152,228,261,271,334,315,239,128,83,239,282,193,181,139,102,286,278,218,157,163,81,75,,,165,163,,,247,163,98,23,218,158,137,65,30,316,324,254,146,153,141,73,103,213,134,111,298,134,63,,214,,,248,179,148,151,163,143,156,139,166,157,209,165,239,250,150,243,255,174,190,174,185,169,219,175,247,247,282,77,83,143,181,179,216,145,144,160,202,208,276,203,,,235,272,,,247,166,267,198,253,231,195,220,186,211,197,187,276,272,270,249,280,286,120,203,213,106,239,289,,192,,,b'\x11\xe8\xe1I\xccX#\xac\xaf\x82\x12\xdf\x17\xaeN\x1e'
11E8E149-CC58-23AC-AF82-12DF17AE4E1E,2012-ncaa-d0-natl,ncaa,297,309,163,302,177,303,281,211,321,254,173,319,258,225,293,203,328,307,340,307,317,233,265,318,331,311,268,187,299,151,175,328,286,291,295,268,195,58,119,211,222,168,256,227,,,218,311,,,307,292,311,99,326,307,198,265,159,260,225,333,307,309,247,279,138,336,311,283,67,219,256,,250,,,305,148,60,16,287,62,37,231,156,45,343,80,318,317,161,322,339,40,52,299,317,289,312,166,324,99,286,223,175,165,295,104,200,192,105,144,62,134,205,206,,,282,249,,,307,54,307,282,312,183,96,9,75,28,169,46,319,323,325,34,39,113,252,198,124,184,90,215,,300,,,b'\x11\xe8\xe1I\xccX#\xac\xaf\x82\x12\xdf\x17\xaeN\x1e'
11E8E149-CC58-23AC-AF82-12DF17AE4E1E,2012-ncaa-d1-conf-ACC,ncaa,10,10,7,10,7,11,11,9,12,11,10,12,9,5,11,4,12,11,12,11,12,9,11,12,12,11,5,5,10,9,10,12,11,11,12,12,9,2,4,9,9,8,11,11,,,8,12,,,10,12,12,3,11,11,9,11,10,8,5,12,11,11,9,11,9,12,11,12,2,9,11,,11,,,10,4,1,1,11,1,2,8,3,2,12,3,12,12,10,12,12,1,1,11,11,11,12,4,12,1,11,10,10,7,12,2,6,8,5,6,2,3,5,7,,,11,8,,,10,1,11,11,10,6,1,1,2,2,3,3,12,12,12,2,1,1,11,9,2,8,2,6,,11,,,b'\x11\xe8\xe1I\xccX#\xac\xaf\x82\x12\xdf\x17\xaeN\x1e'
11E8E149-CC58-23AC-AF82-12DF17AE4E1E,2012-ncaa-d1-natl,ncaa,301,306,196,304,217,319,302,236,325,277,196,324,268,239,294,201,333,312,340,313,317,261,297,322,333,316,264,188,297,172,180,337,292,311,301,283,201,43,122,221,238,172,264,230,,,200,312,,,310,317,313,90,330,309,206,276,163,259,224,334,307,310,251,282,145,337,312,288,70,226,258,,250,,,309,130,49,5,295,53,25,234,146,36,342,78,316,312,166,319,339,26,27,302,320,293,311,160,325,81,292,201,180,145,301,84,202,219,112,150,53,134,187,207,,,302,250,,,310,26,310,288,316,189,99,9,81,31,171,46,321,322,325,35,38,116,255,202,130,195,91,223,,301,,,b'\x11\xe8\xe1I\xccX#\xac\xaf\x82\x12\xdf\x17\xaeN\x1e'
11E8E149-CC58-23AC-AF82-12DF17AE4E1E,2013-ncaa-d0-natl,ncaa,259,265,183,267,236,327,299,289,293,235,169,303,324,325,281,302,328,317,321,317,329,302,300,316,328,325,323,286,256,263,219,260,140,279,194,227,66,154,260,211,300,284,158,128,,,237,328,,,270,306,311,267,338,318,308,234,146,328,320,332,312,313,319,308,257,270,278,230,184,302,158,,275,,,266,31,24,31,95,36,73,42,81,29,308,54,179,237,26,237,283,43,41,94,101,108,232,141,287,58,140,95,219,66,194,27,107,240,169,94,72,153,104,116,,,266,171,,,270,44,327,111,274,50,32,24,48,94,86,29,215,252,255,47,32,90,119,93,37,238,93,129,,261,,,b'\x11\xe8\xe1I\xccX#\xac\xaf\x82\x12\xdf\x17\xaeN\x1e'
11E8E149-CC58-23AC-AF82-12DF17AE4E1E,2013-ncaa-d1-conf-ACC,ncaa,12,12,9,12,11,12,12,11,12,12,10,12,11,11,11,10,12,12,12,12,12,12,12,12,12,12,9,7,11,10,10,9,8,10,8,11,2,3,11,10,12,11,10,7,,,7,11,,,11,12,12,6,12,12,11,11,10,11,11,12,12,12,12,12,10,8,9,11,4,11,10,,9,,,11,1,1,1,3,2,3,3,2,1,5,3,6,7,3,7,11,1,1,3,4,5,8,5,10,3,8,4,10,3,8,1,3,12,9,4,3,7,5,6,,,12,7,,,11,1,12,5,11,2,2,1,3,3,3,1,7,8,8,1,1,4,7,4,2,12,4,6,,12,,,b'\x11\xe8\xe1I\xccX#\xac\xaf\x82\x12\xdf\x17\xaeN\x1e'
11E8E149-CC58-23AC-AF82-12DF17AE4E1E,2013-ncaa-d1-natl,ncaa,270,265,210,271,274,335,319,309,297,254,192,306,327,327,284,302,330,323,322,324,329,317,314,319,331,327,322,285,254,273,220,281,144,295,201,243,67,139,262,216,309,286,170,130,,,227,328,,,275,324,313,267,340,321,309,240,151,329,320,333,314,316,321,309,260,274,285,233,187,302,159,,276,,,275,22,16,17,102,29,59,44,68,20,310,53,174,229,29,230,283,27,23,103,107,120,233,140,289,50,144,73,220,49,201,25,105,262,175,99,61,155,98,121,,,276,166,,,275,24,328,117,283,51,35,25,51,94,86,29,218,253,261,47,31,91,122,95,38,242,93,133,,260,,,b'\x11\xe8\xe1I\xccX#\xac\xaf\x82\x12\xdf\x17\xaeN\x1e'
11E8E149-CC58-23AC-AF82-12DF17AE4E1E,2014-ncaa-d0-natl,ncaa,180,173,180,184,186,226,189,197,189,197,217,137,175,136,255,107,297,264,304,265,245,214,229,196,235,219,202,138,295,196,178,87,14,123,62,112,56,108,146,83,339,336,132,114,,,205,297,,,130,230,230,44,224,180,156,181,209,155,116,299,260,263,194,214,181,30,69,76,129,342,123,,243,,,129,53,52,115,53,66,122,67,89,134,49,155,171,211,28,201,247,125,87,41,46,111,192,136,262,30,14,144,178,70,62,58,130,311,303,211,54,88,23,29,,,260,234,,,130,122,212,72,132,70,60,137,97,159,95,150,204,243,233,166,81,36,189,100,69,308,80,28,,249,,,b'\x11\xe8\xe1I\xccX#\xac\xaf\x82\x12\xdf\x17\xaeN\x1e'
11E8E149-CC58-23AC-AF82-12DF17AE4E1E,2014-ncaa-d1-conf-ACC,ncaa,13,12,12,13,12,15,14,14,13,13,14,11,12,6,12,5,14,14,14,14,8,14,14,13,14,12,5,5,13,14,13,7,1,12,9,11,4,7,10,8,15,15,10,5,,,10,14,,,12,14,12,1,14,12,12,12,14,7,6,14,14,14,13,13,14,4,11,8,8,15,9,,13,,,12,1,1,2,6,1,3,7,4,3,7,5,12,11,4,11,13,1,1,6,6,10,7,5,12,1,1,8,13,2,9,3,6,15,15,11,4,10,2,7,,,14,9,,,12,2,13,9,12,5,2,3,5,7,5,5,12,12,12,5,1,1,10,6,5,15,6,3,,13,,,b'\x11\xe8\xe1I\xccX#\xac\xaf\x82\x12\xdf\x17\xaeN\x1e'
11E8E149-CC58-23AC-AF82-12DF17AE4E1E,2014-ncaa-d1-natl,ncaa,191,171,211,193,218,247,215,222,197,213,235,144,181,140,255,106,306,277,307,277,243,241,262,196,237,222,197,137,295,212,186,97,14,146,63,128,58,91,145,89,342,336,140,115,,,182,298,,,145,265,234,39,229,187,157,187,213,155,117,301,264,265,205,218,185,31,74,78,130,343,126,,241,,,144,40,37,89,57,50,98,73,76,120,50,155,164,199,29,188,245,91,53,46,50,120,192,132,263,23,14,131,186,53,63,48,128,326,303,217,47,91,19,32,,,284,234,,,145,86,219,81,143,71,61,138,101,159,96,150,205,246,238,164,79,37,199,100,72,308,80,30,,251,,,b'\x11\xe8\xe1I\xccX#\xac\xaf\x82\x12\xdf\x17\xaeN\x1e'
11E8E149-CC58-23AC-AF82-12DF17AE4E1E,2015-ncaa-d0-natl,ncaa,232,267,79,248,94,235,248,175,289,271,279,215,125,56,294,44,242,248,179,254,160,192,157,260,260,272,83,79,203,168,188,90,36,109,80,198,124,264,271,250,335,343,75,54,,,281,311,,,249,165,285,222,308,308,279,322,322,141,70,278,285,293,295,279,212,130,160,244,219,344,78,,242,,,240,161,126,169,116,123,122,195,183,248,42,251,240,272,37,267,291,202,156,125,128,183,242,196,253,62,36,188,188,128,80,90,80,262,273,191,160,159,228,292,,,216,254,,,249,187,284,145,247,103,80,69,79,49,150,225,204,244,242,90,36,33,118,63,58,302,131,202,,297,,,b'\x11\xe8\xe1I\xccX#\xac\xaf\x82\x12\xdf\x17\xaeN\x1e'
11E8E149-CC58-23AC-AF82-12DF17AE4E1E,2015-ncaa-d1-conf-ACC,ncaa,14,14,1,14,1,14,14,8,14,12,11,14,8,4,15,4,14,14,6,14,13,10,10,14,15,15,5,4,10,11,11,5,3,7,7,9,7,11,13,14,15,15,8,9,,,14,15,,,14,8,15,10,15,15,14,15,14,9,6,14,14,14,15,15,11,10,10,13,11,15,9,,13,,,14,10,9,8,10,8,8,11,6,8,8,7,13,14,1,14,15,11,6,9,9,12,10,6,15,5,3,11,11,9,7,7,6,15,15,11,9,12,9,12,,,12,14,,,14,7,15,11,14,8,5,1,6,3,6,6,11,13,13,3,1,2,8,6,6,15,9,5,,14,,,b'\x11\xe8\xe1I\xccX#\xac\xaf\x82\x12\xdf\x17\xaeN\x1e'
11E8E149-CC58-23AC-AF82-12DF17AE4E1E,2015-ncaa-d1-natl,ncaa,243,267,97,258,118,264,277,222,295,302,308,222,128,69,298,45,259,262,177,271,151,233,202,265,262,279,78,75,198,201,199,113,37,136,89,220,130,250,274,259,341,343,78,56,,,269,312,,,264,210,288,217,313,317,287,327,323,141,71,283,289,296,300,278,222,135,171,249,223,344,81,,239,,,256,130,106,133,136,98,96,205,166,235,46,252,227,260,39,252,293,168,115,138,139,200,241,188,253,44,37,164,199,101,89,72,81,286,278,201,146,163,215,300,,,246,251,,,264,143,290,161,261,107,83,70,85,50,154,224,210,250,249,94,36,35,124,67,61,307,132,206,,299,,,b'\x11\xe8\xe1I\xccX#\xac\xaf\x82\x12\xdf\x17\xaeN\x1e'
11E8E149-CC58-23AC-AF82-12DF17AE4E1E,2016-ncaa-d0-natl,ncaa,119,137,76,138,95,198,219,179,270,265,250,270,104,94,168,79,185,179,240,176,102,174,169,233,243,232,59,71,174,215,259,120,107,160,185,191,125,215,224,213,182,179,69,44,,,240,261,,,91,154,273,229,276,296,274,315,304,119,109,241,225,222,279,285,251,180,230,231,176,211,81,,202,,,90,25,17,95,10,24,92,22,67,157,12,198,215,215,170,220,269,117,173,13,22,9,260,142,323,135,107,258,259,219,185,19,78,67,48,8,44,53,81,118,,,197,212,,,91,184,247,12,99,13,5,25,7,30,40,119,188,183,189,28,50,93,185,138,11,78,31,64,,272,,,b'\x11\xe8\xe1I\xccX#\xac\xaf\x82\x12\xdf\x17\xaeN\x1e'
11E8E149-CC58-23AC-AF82-12DF17AE4E1E,2016-ncaa-d1-conf-ACC,ncaa,11,11,11,11,11,14,15,15,14,15,15,12,14,9,14,4,11,12,7,12,9,14,15,14,14,14,7,8,5,14,15,12,6,13,13,15,10,5,9,13,12,11,8,4,,,10,15,,,9,15,15,3,14,15,13,15,13,14,7,10,12,11,14,14,14,10,13,15,7,11,5,,12,,,9,1,1,1,2,2,2,5,1,4,1,4,12,9,14,9,14,2,1,2,5,6,11,3,15,4,6,10,15,8,13,1,5,12,8,5,1,6,3,5,,,13,11,,,9,1,14,6,9,3,1,1,3,3,3,4,13,12,12,4,1,6,12,11,2,10,3,3,,13,,,b'\x11\xe8\xe1I\xccX#\xac\xaf\x82\x12\xdf\x17\xaeN\x1e'
11E8E149-CC58-23AC-AF82-12DF17AE4E1E,2016-ncaa-d1-natl,ncaa,134,137,99,146,118,227,255,214,278,289,274,276,110,101,166,76,208,202,242,196,100,214,205,241,249,238,54,68,170,241,263,146,111,193,201,213,130,190,225,224,210,192,77,43,,,223,267,,,103,197,278,223,286,304,280,319,308,122,109,247,227,222,285,291,261,188,241,241,176,222,83,,204,,,102,15,8,60,12,13,65,25,52,145,11,195,199,200,177,206,270,77,127,15,22,11,257,139,324,112,111,239,263,188,201,16,82,88,49,9,36,56,71,131,,,229,210,,,103,140,254,14,110,15,6,26,7,31,40,116,190,184,194,27,50,94,193,146,12,86,32,68,,274,,,b'\x11\xe8\xe1I\xccX#\xac\xaf\x82\x12\xdf\x17\xaeN\x1e'
11E8E149-CC58-23AC-AF82-12DF17AE4E1E,2017-ncaa-d0-natl,ncaa,93,126,24,119,33,40,39,24,141,63,85,90,31,15,206,59,86,70,224,73,123,26,30,111,127,82,106,89,244,94,234,77,126,71,230,178,337,132,34,156,202,277,115,207,,,203,59,,,120,26,63,239,62,63,33,127,193,58,29,149,124,133,35,88,162,189,178,259,43,263,152,,79,,,121,332,341,321,282,346,338,234,193,147,257,38,168,160,238,162,34,317,321,236,218,222,23,64,57,229,126,341,234,333,230,241,30,79,188,150,76,27,312,276,,,77,234,,,120,323,85,195,123,241,297,270,322,325,111,54,88,79,80,236,238,114,312,242,127,165,32,277,,181,,,b'\x11\xe8\xe1I\xccX#\xac\xaf\x82\x12\xdf\x17\xaeN\x1e'
11E8E149-CC58-23AC-AF82-12DF17AE4E1E,2017-ncaa-d1-conf-ACC,ncaa,11,11,10,11,12,10,10,7,13,12,11,11,6,3,13,3,10,9,12,10,5,7,12,12,12,9,4,4,9,10,12,15,13,14,14,14,13,2,3,8,15,15,11,10,,,5,5,,,11,8,3,6,10,9,3,10,10,5,3,10,7,8,3,5,9,14,13,13,4,15,9,,9,,,11,14,14,9,15,14,14,11,7,2,15,1,10,8,13,8,6,9,6,15,15,14,2,4,5,9,13,15,12,14,14,12,8,12,12,13,3,4,11,13,,,11,10,,,11,8,10,14,11,14,14,13,15,15,10,2,10,10,10,14,13,10,15,14,12,11,3,12,,8,,,b'\x11\xe8\xe1I\xccX#\xac\xaf\x82\x12\xdf\x17\xaeN\x1e'
11E8E149-CC58-23AC-AF82-12DF17AE4E1E,2017-ncaa-d1-natl,ncaa,104,126,27,120,40,44,45,25,147,78,106,95,38,18,208,55,99,82,223,87,122,29,35,117,132,87,105,90,246,111,243,93,138,92,240,201,342,104,34,163,224,284,123,216,,,181,61,,,126,29,67,239,67,72,35,139,198,61,30,158,137,145,41,98,173,203,197,267,43,272,159,,80,,,128,328,339,317,293,345,338,242,176,119,269,35,150,135,242,137,34,315,317,256,230,234,22,63,59,210,138,339,243,328,240,230,30,101,193,160,58,27,309,281,,,91,234,,,126,322,95,210,134,249,303,271,325,329,109,50,91,80,83,241,234,116,313,247,135,174,33,284,,186,,,b'\x11\xe8\xe1I\xccX#\xac\xaf\x82\x12\xdf\x17\xaeN\x1e'
11E8E149-CC58-23AC-AF82-12DF17AE4E1E,2018-ncaa-d0-natl,ncaa,53,129,5,99,8,21,23,16,103,54,70,66,16,8,123,45,20,25,100,26,62,16,9,79,74,67,48,66,178,31,128,11,88,11,75,94,322,293,76,173,100,207,56,160,,,263,35,,,50,10,90,278,51,72,79,161,260,42,27,93,123,127,83,100,119,69,72,228,97,202,110,,51,,,60,332,337,347,104,346,347,130,222,295,50,98,195,198,174,191,24,347,340,79,63,116,24,77,58,318,88,333,128,333,75,249,27,88,244,155,251,71,322,258,,,28,247,,,50,340,62,102,64,150,219,290,274,312,86,127,46,48,47,250,208,143,138,137,89,234,88,209,,208,,,b'\x11\xe8\xe1I\xccX#\xac\xaf\x82\x12\xdf\x17\xaeN\x1e'
11E8E149-CC58-23AC-AF82-12DF17AE4E1E,2018-ncaa-d1-conf-ACC,ncaa,9,9,4,9,7,7,9,7,11,11,11,7,2,2,11,3,5,6,6,6,3,7,7,8,8,7,3,3,5,6,10,5,5,5,10,14,14,4,6,12,14,14,7,11,,,3,3,,,11,7,5,7,6,10,6,12,13,2,2,5,6,6,6,7,7,4,4,14,5,14,7,,4,,,11,14,14,13,12,15,14,11,11,9,12,6,5,4,13,3,2,13,11,11,9,13,1,7,3,7,5,12,10,12,10,10,3,15,15,13,6,7,9,13,,,10,11,,,11,8,7,12,10,13,14,14,14,15,10,9,5,4,4,14,9,7,13,10,11,15,7,11,,10,,,b'\x11\xe8\xe1I\xccX#\xac\xaf\x82\x12\xdf\x17\xaeN\x1e'
11E8E149-CC58-23AC-AF82-12DF17AE4E1E,2018-ncaa-d1-natl,ncaa,61,129,5,101,8,24,27,17,111,61,82,70,19,9,127,45,23,31,93,32,62,17,11,84,74,70,47,62,173,39,136,14,92,14,86,113,322,272,79,182,116,212,61,167,,,241,36,,,60,10,91,279,54,79,85,177,263,43,28,97,125,130,83,106,131,74,78,241,99,208,110,,55,,,66,329,332,345,119,345,347,142,205,285,52,97,180,184,178,174,24,345,339,88,69,127,24,75,58,308,92,326,136,329,86,239,29,109,252,167,226,76,314,265,,,35,244,,,60,339,64,114,68,157,229,291,281,313,87,127,49,50,47,251,206,147,141,143,91,241,89,211,,209,,,b'\x11\xe8\xe1I\xccX#\xac\xaf\x82\x12\xdf\x17\xaeN\x1e'
11E8E149-CC58-23AC-AF82-12DF17AE4E1E,2019-ncaa-d0-natl,ncaa,63,93,26,89,27,34,51,58,59,163,222,93,8,13,6,24,64,147,1,150,94,67,68,28,24,26,8,10,216,188,208,16,30,40,47,111,282,193,103,132,288,329,148,237,,,144,53,,,34,48,212,72,53,88,162,273,313,8,27,112,232,232,188,241,267,22,81,178,89,329,193,,53,,,37,265,303,333,82,320,343,72,157,217,67,82,97,132,70,129,28,331,300,53,38,123,25,88,55,209,30,218,208,219,47,109,16,289,338,230,102,61,328,339,,,117,219,,,34,309,33,105,36,114,192,303,243,327,73,119,52,60,59,262,130,84,73,60,37,334,53,303,,249,,,b'\x11\xe8\xe1I\xccX#\xac\xaf\x82\x12\xdf\x17\xaeN\x1e'
11E8E149-CC58-23AC-AF82-12DF17AE4E1E,2019-ncaa-d1-conf-ACC,ncaa,9,10,4,10,4,5,9,9,8,14,15,9,2,2,3,1,11,13,1,13,8,11,10,3,3,6,1,1,11,14,14,3,2,8,6,12,14,7,8,9,14,14,14,14,,,6,6,,,7,7,11,2,6,10,9,15,15,1,2,10,14,15,12,13,14,4,7,13,8,14,14,,6,,,7,11,12,13,7,12,14,5,3,4,7,4,8,8,5,9,4,13,8,6,6,10,3,4,6,5,2,8,14,7,6,2,2,14,15,13,5,7,13,14,,,13,11,,,7,9,7,9,7,10,10,13,13,15,3,4,6,8,8,11,6,3,8,5,2,14,6,13,,13,,,b'\x11\xe8\xe1I\xccX#\xac\xaf\x82\x12\xdf\x17\xaeN\x1e'
11E8E149-CC58-23AC-AF82-12DF17AE4E1E,2019-ncaa-d1-natl,ncaa,73,92,40,93,41,45,68,78,70,205,257,104,10,16,7,26,80,168,1,173,94,89,97,34,24,27,8,11,214,219,222,24,35,49,53,132,283,156,110,140,309,330,167,238,,,126,55,,,46,64,217,68,58,97,172,282,316,9,29,114,234,234,202,250,274,25,91,190,93,330,197,,52,,,48,246,294,327,88,313,338,78,132,188,74,75,87,108,74,105,28,323,280,58,45,142,22,89,54,178,35,176,222,173,53,79,16,308,340,242,83,62,326,342,,,151,220,,,46,296,38,125,42,125,210,302,255,328,79,120,51,62,61,268,129,87,73,61,42,337,54,307,,250,,,b'\x11\xe8\xe1I\xccX#\xac\xaf\x82\x12\xdf\x17\xaeN\x1e'
11E8E149-CC58-23AC-AF82-12DF17AE4E1E,2020-ncaa-d0-natl,ncaa,52,55,87,60,112,61,59,116,56,114,198,59,51,76,45,91,184,221,113,212,178,126,139,39,47,51,111,78,287,158,119,31,73,51,46,78,179,175,151,112,314,328,33,57,,,203,183,,,46,135,157,123,58,54,126,122,228,52,83,195,235,226,137,152,173,21,44,87,157,320,37,,182,,,47,136,157,263,53,235,316,56,46,93,24,51,203,211,160,207,111,264,209,30,33,81,55,38,240,179,73,88,119,110,46,87,75,281,302,189,68,57,276,277,,,166,201,,,46,208,52,76,46,105,124,259,213,314,39,73,186,197,194,260,181,157,72,82,74,293,59,268,,186,,,b'\x11\xe8\xe1I\xccX#\xac\xaf\x82\x12\xdf\x17\xaeN\x1e'
11E8E149-CC58-23AC-AF82-12DF17AE4E1E,2020-ncaa-d1-conf-ACC,ncaa,6,4,10,6,10,8,9,11,7,13,14,6,5,5,6,4,11,12,8,12,8,11,12,6,6,4,4,3,12,14,13,4,4,9,5,7,8,5,7,5,14,13,4,5,,,6,8,,,5,10,6,2,6,7,4,10,13,3,4,10,11,11,5,6,12,2,3,6,7,13,3,,8,,,5,5,6,7,3,9,11,4,1,4,4,3,7,9,3,7,6,7,4,3,3,6,2,1,11,5,4,6,13,5,5,3,3,14,12,9,3,5,8,11,,,10,9,,,5,6,6,5,6,7,8,12,10,14,3,4,9,10,9,12,8,5,10,9,4,12,6,10,,9,,,b'\x11\xe8\xe1I\xccX#\xac\xaf\x82\x12\xdf\x17\xaeN\x1e'
11E8E149-CC58-23AC-AF82-12DF17AE4E1E,2020-ncaa-d1-natl,ncaa,60,55,128,62,168,74,75,150,61,138,236,61,57,87,48,91,208,242,112,236,178,165,180,44,49,56,108,79,282,185,128,41,78,70,49,92,182,151,156,117,323,332,36,59,,,170,193,,,51,175,159,110,59,62,134,129,232,54,83,198,233,226,147,157,181,24,47,91,158,321,37,,186,,,50,111,134,237,54,216,303,62,37,74,27,49,190,190,164,186,114,236,157,33,34,88,52,37,240,156,78,68,128,79,49,73,76,299,307,203,52,57,268,285,,,200,197,,,51,166,55,86,52,114,133,261,222,320,38,73,193,202,198,265,181,162,72,86,76,302,55,274,,188,,,b'\x11\xe8\xe1I\xccX#\xac\xaf\x82\x12\xdf\x17\xaeN\x1e'
11E8E149-CC58-23AC-AF82-12DF17AE4E1E,2021-ncaa-d0-natl,ncaa,71,143,59,106,70,49,62,74,76,135,181,72,11,17,30,18,133,161,31,164,141,81,95,34,33,34,21,11,273,194,273,55,60,81,123,40,55,192,89,53,290,338,53,91,,,296,279,,,69,71,143,178,53,77,117,240,305,11,19,201,251,255,160,211,283,67,163,36,82,340,82,,252,,,75,270,267,272,135,264,280,108,252,244,197,146,230,236,161,229,118,277,260,134,130,194,170,182,145,201,60,268,273,243,123,180,38,181,281,185,217,141,306,310,,,87,133,,,69,267,52,170,80,179,184,227,179,236,182,171,154,169,157,219,150,98,161,112,78,281,131,251,,149,,,b'\x11\xe8\xe1I\xccX#\xac\xaf\x82\x12\xdf\x17\xaeN\x1e'
11E8E149-CC58-23AC-AF82-12DF17AE4E1E,2021-ncaa-d1-conf-ACC,ncaa,5,9,7,6,7,7,9,8,6,12,13,7,1,1,5,1,5,9,2,9,2,8,8,4,4,3,2,1,6,11,15,8,3,10,10,3,2,7,6,4,13,14,5,6,,,14,14,,,4,8,9,6,4,8,10,14,15,1,1,5,9,11,8,12,15,6,11,2,6,14,6,,12,,,4,9,8,8,7,8,9,7,9,8,12,10,13,11,12,10,10,8,8,6,9,10,12,10,11,4,3,10,15,8,10,5,5,8,8,6,10,8,11,14,,,6,3,,,4,8,4,6,4,6,5,4,4,4,8,8,11,11,9,3,5,3,9,3,5,10,8,8,,6,,,b'\x11\xe8\xe1I\xccX#\xac\xaf\x82\x12\xdf\x17\xaeN\x1e'
11E8E149-CC58-23AC-AF82-12DF17AE4E1E,2021-ncaa-d1-natl,ncaa,74,143,70,110,84,58,71,85,81,150,196,75,11,18,30,18,143,172,30,177,140,94,111,39,36,35,21,11,268,206,276,61,62,99,131,45,55,179,89,53,298,340,57,93,,,289,283,,,74,87,148,174,58,83,123,248,306,10,19,205,253,258,163,213,290,68,167,37,80,342,83,,252,,,77,257,263,265,144,258,273,114,243,236,207,142,224,233,162,224,124,267,246,139,138,208,164,184,149,188,62,256,276,231,131,164,38,193,283,194,207,142,303,314,,,102,127,,,74,252,54,184,84,186,194,228,186,238,185,170,154,171,158,222,144,101,163,117,81,283,133,256,,149,,,b'\x11\xe8\xe1I\xccX#\xac\xaf\x82\x12\xdf\x17\xaeN\x1e'
11E8E149-CC58-23AC-AF82-12DF17AE4E1E,2021-ncaa-d1-ncaatournament,ncaa,17,2,17,17,18,27,28,29,36,29,29,37,21,22,33,19,24,28,8,28,35,29,27,34,34,39,23,26,26,32,54,31,47,31,53,21,7,40,41,19,31,44,44,56,,,46,52,,,59,23,34,7,38,43,48,46,47,28,25,32,39,39,49,47,52,49,56,15,33,41,55,,49,,,46,46,46,44,49,48,48,42,35,31,54,6,39,42,18,42,22,45,42,46,44,50,8,18,21,43,47,48,54,48,53,49,33,27,47,55,38,35,53,56,,,21,18,,,59,41,42,49,48,43,52,40,56,56,21,6,32,33,34,45,35,37,45,47,51,44,25,53,,25,,,b'\x11\xe8\xe1I\xccX#\xac\xaf\x82\x12\xdf\x17\xaeN\x1e'
11E8E149-CC58-23AC-AF82-12DF17AE4E1E,2022-ncaa-d0-natl,ncaa,43,67,27,65,38,40,50,93,26,125,226,21,11,24,13,34,58,92,38,80,36,88,104,14,12,12,23,29,209,244,273,32,60,73,102,49,120,97,57,32,344,355,86,164,,,159,63,,,20,74,278,209,57,84,253,230,335,19,48,115,172,162,238,323,319,54,171,78,23,356,137,,39,,,24,221,235,319,37,232,334,10,203,189,246,83,139,98,319,92,22,306,275,29,27,79,126,180,100,221,60,241,273,242,102,110,27,223,304,158,90,58,173,208,,,33,24,,,20,284,20,80,22,55,85,213,106,287,112,77,64,33,31,155,74,109,62,64,22,319,36,89,,87,,,b'\x11\xe8\xe1I\xccX#\xac\xaf\x82\x12\xdf\x17\xaeN\x1e'
11E8E149-CC58-23AC-AF82-12DF17AE4E1E,2022-ncaa-d1-conf-ACC,ncaa,2,3,3,3,3,2,4,9,4,12,15,4,1,2,2,1,1,1,1,1,1,7,10,1,1,1,1,1,1,15,15,2,4,6,8,5,5,4,4,3,15,15,13,13,,,4,3,,,3,6,14,8,3,7,15,14,15,1,2,1,2,1,12,15,15,2,9,6,2,15,13,,4,,,3,7,9,14,3,10,15,3,4,6,5,2,6,5,13,5,3,14,11,2,3,6,4,3,8,10,4,6,15,9,8,4,2,14,15,9,3,4,4,11,,,1,1,,,3,10,3,7,3,6,7,13,10,13,2,3,6,5,5,12,4,8,4,5,2,15,3,3,,3,,,b'\x11\xe8\xe1I\xccX#\xac\xaf\x82\x12\xdf\x17\xaeN\x1e'
11E8E149-CC58-23AC-AF82-12DF17AE4E1E,2022-ncaa-d1-natl,ncaa,48,67,32,68,49,47,61,112,28,154,260,26,15,32,14,34,71,110,35,98,34,105,133,14,12,12,22,30,201,273,277,36,65,89,110,59,130,73,58,37,351,355,99,172,,,126,67,,,22,98,283,197,60,93,265,244,337,21,49,118,179,167,246,332,325,54,188,94,26,356,137,,41,,,26,186,208,312,43,208,330,13,189,160,257,79,116,79,321,77,23,295,255,33,34,96,123,179,102,196,65,222,277,209,110,92,30,257,312,177,73,60,158,218,,,40,17,,,22,255,21,98,23,64,95,213,111,290,116,75,67,35,33,157,74,115,67,68,25,324,35,95,,86,,,b'\x11\xe8\xe1I\xccX#\xac\xaf\x82\x12\xdf\x17\xaeN\x1e'
11E8E149-CC58-23AC-AF82-12DF17AE4E1E,2022-ncaa-d1-ncaatournament,ncaa,37,2,37,37,38,36,36,52,5,37,50,5,45,53,19,46,41,39,23,39,13,49,54,5,4,4,47,46,28,62,57,38,1,44,4,42,52,7,16,11,67,67,56,52,,,1,21,,,25,45,20,5,4,4,34,5,28,30,41,11,12,9,24,37,55,3,19,23,11,67,55,,5,,,27,24,20,20,50,3,1,60,46,42,56,68,2,1,62,1,35,11,2,62,61,66,67,68,5,1,1,9,57,2,4,23,56,68,68,68,12,38,2,5,,,41,15,,,25,13,5,63,38,58,53,46,10,1,67,68,13,4,4,32,2,1,35,3,58,68,32,2,,15,,,b'\x11\xe8\xe1I\xccX#\xac\xaf\x82\x12\xdf\x17\xaeN\x1e'
11E8E149-CC58-23AC-AF82-12DF17AE4E1E,2023-ncaa-d0-natl,ncaa,3,6,10,6,15,23,24,37,27,53,128,18,14,19,44,62,43,60,51,54,63,36,42,14,13,17,73,76,199,108,149,18,8,32,21,30,133,196,74,49,276,337,47,99,,,249,123,,,13,29,249,291,51,61,210,146,304,44,65,110,161,156,198,267,238,57,108,79,46,345,82,,75,,,15,257,301,330,75,333,354,79,78,140,34,38,156,150,210,167,33,328,320,39,37,59,14,33,99,104,8,229,149,186,21,35,2,147,250,40,150,54,262,233,,,12,12,,,13,331,21,37,12,27,69,127,171,280,14,32,47,39,47,80,41,12,29,8,8,301,34,172,,39,,,b'\x11\xe8\xe1I\xccX#\xac\xaf\x82\x12\xdf\x17\xaeN\x1e'
11E8E149-CC58-23AC-AF82-12DF17AE4E1E,2023-ncaa-d1-conf-ACC,ncaa,1,1,1,1,3,2,2,7,1,9,14,1,1,1,2,2,4,6,3,5,4,6,10,1,1,1,2,1,14,12,9,2,1,4,2,3,4,5,4,1,15,15,9,13,,,9,10,,,2,7,13,12,4,7,13,12,14,1,1,8,9,9,13,14,12,4,7,3,3,15,12,,5,,,2,4,7,12,6,11,15,5,4,3,7,1,8,5,14,6,2,10,4,5,5,8,3,2,8,1,1,5,9,2,2,2,1,15,15,5,3,5,11,12,,,1,1,,,2,8,1,5,2,4,5,6,10,11,3,2,5,2,2,3,2,1,2,1,2,15,1,10,,4,,,b'\x11\xe8\xe1I\xccX#\xac\xaf\x82\x12\xdf\x17\xaeN\x1e'
11E8E149-CC58-23AC-AF82-12DF17AE4E1E,2023-ncaa-d1-natl,ncaa,4,6,11,6,16,24,27,48,27,61,160,21,17,26,45,65,48,74,51,64,58,42,49,15,14,17,69,76,200,131,158,19,8,35,25,33,140,166,78,53,306,341,52,105,,,226,128,,,13,35,258,291,51,65,225,163,307,46,71,109,164,154,214,278,247,64,123,91,52,347,85,,77,,,15,227,288,326,81,332,351,87,63,121,35,39,143,131,223,143,32,319,307,46,41,71,15,34,100,77,8,195,158,147,25,21,2,181,267,46,128,59,257,244,,,12,10,,,13,325,21,45,13,31,80,131,176,283,17,30,48,42,48,83,37,13,30,7,8,310,35,178,,37,,,b'\x11\xe8\xe1I\xccX#\xac\xaf\x82\x12\xdf\x17\xaeN\x1e'
11E8E149-CC58-23AC-AF82-12DF17AE4E1E,2023-ncaa-d1-ncaatournament,ncaa,3,2,3,3,3,4,4,4,16,6,8,8,2,2,23,13,6,6,20,6,13,4,4,11,10,13,11,14,32,4,27,3,14,4,10,10,54,67,40,49,8,40,3,16,,,63,24,,,7,3,30,7,18,21,45,43,61,10,12,22,30,30,42,36,39,13,25,44,39,38,14,,17,,,12,66,66,66,26,67,67,38,60,66,14,31,63,64,17,64,25,66,66,26,22,26,16,19,28,64,14,65,27,66,10,59,5,6,43,14,66,36,48,15,,,4,25,,,7,66,15,17,12,15,26,30,40,38,16,27,23,24,27,24,16,16,11,11,5,43,36,8,,29,,,b'\x11\xe8\xe1I\xccX#\xac\xaf\x82\x12\xdf\x17\xaeN\x1e'
11E8E149-CC58-23AC-AF82-12DF17AE4E1E,2024-ncaa-d0-natl,ncaa,34,40,52,43,69,41,31,52,29,74,185,20,10,14,42,24,216,271,26,268,284,75,105,17,20,17,73,32,352,96,80,27,32,32,16,29,73,43,22,16,355,360,10,11,,,185,127,,,24,113,230,230,29,28,57,96,267,11,16,276,313,312,105,209,140,24,27,26,20,360,8,,98,,,22,209,213,303,32,253,328,39,101,162,30,75,228,210,299,217,92,297,243,25,27,132,90,68,228,148,32,151,80,141,16,14,4,328,350,146,88,61,76,80,,,127,186,,,24,253,12,110,22,100,103,248,174,309,54,101,170,153,161,240,96,81,56,55,7,352,57,50,,195,,,b'\x11\xe8\xe1I\xccX#\xac\xaf\x82\x12\xdf\x17\xaeN\x1e'
11E8E149-CC58-23AC-AF82-12DF17AE4E1E,2024-ncaa-d1-conf-ACC,ncaa,2,1,4,2,7,5,4,6,3,8,13,2,1,1,4,1,13,14,7,14,12,7,9,1,2,1,3,1,14,7,6,4,1,4,1,1,1,4,4,1,15,15,3,4,,,2,6,,,4,9,14,11,4,3,7,10,13,1,1,14,14,14,9,12,7,3,2,1,3,15,3,,3,,,4,4,5,11,6,7,12,5,4,3,11,2,6,5,10,5,4,8,2,5,5,9,6,4,6,1,1,4,6,2,1,2,1,15,15,9,5,8,1,2,,,10,7,,,4,6,1,7,3,5,5,6,7,12,5,2,6,5,6,4,1,1,3,2,2,15,5,1,,10,,,b'\x11\xe8\xe1I\xccX#\xac\xaf\x82\x12\xdf\x17\xaeN\x1e'
11E8E149-CC58-23AC-AF82-12DF17AE4E1E,2024-ncaa-d1-natl,ncaa,39,40,78,43,100,53,38,64,31,97,217,22,13,18,44,24,247,291,23,290,283,101,133,17,21,17,71,31,351,123,97,32,35,46,18,37,78,27,23,15,360,362,12,11,,,151,133,,,27,149,237,225,33,28,64,108,273,12,17,286,316,314,116,226,151,25,34,28,20,362,8,,107,,,25,179,191,289,46,240,316,47,84,140,40,76,211,187,305,195,100,280,205,33,39,152,88,69,230,126,35,119,97,107,18,10,4,351,352,166,64,62,68,98,,,153,179,,,27,220,13,130,24,113,118,253,195,311,57,103,178,155,165,247,93,87,61,59,8,355,58,52,,197,,,b'\x11\xe8\xe1I\xccX#\xac\xaf\x82\x12\xdf\x17\xaeN\x1e'
11E8E149-CC58-23AC-AF82-12DF17AE4E1E,2024-ncaa-d1-ncaatournament,ncaa,17,3,17,17,19,18,20,29,7,25,32,7,15,19,12,13,12,18,12,17,7,24,25,7,3,4,6,20,16,46,55,17,31,21,23,18,13,41,34,16,38,58,13,8,,,45,25,,,6,18,3,5,3,16,49,30,57,7,14,3,8,7,35,29,60,2,16,7,31,56,7,,37,,,2,35,36,52,1,38,44,15,36,55,2,59,34,39,8,39,35,52,52,2,2,2,28,29,33,51,31,37,55,46,23,15,3,29,58,11,32,21,38,42,,,14,3,,,6,51,8,3,2,10,15,65,19,44,19,63,27,34,32,67,66,54,15,38,2,45,20,31,,3,,,b'\x11\xe8\xe1I\xccX#\xac\xaf\x82\x12\xdf\x17\xaeN\x1e'
11E8E149-CC58-23AC-AF82-12DF17AE4E1E,2025-ncaa-d0-natl,genius_ncaa,109,113,90,117,90,56,58,107,17,52,89,52,96,180,7,230,74,115,43,114,190,101,108,24,21,27,201,182,207,250,252,112,130,176,175,56,115,153,119,65,316,348,78,129,,,139,57,,204,92,83,102,24,41,38,124,46,113,101,215,84,145,145,115,155,289,143,232,45,126,342,89,,92,,175,91,313,337,290,319,352,321,307,146,146,160,71,126,147,76,143,52,281,264,283,248,264,13,50,42,171,130,177,252,178,175,216,35,157,216,190,111,83,91,52,,,49,49,,4,92,280,52,236,98,278,330,281,347,333,103,94,104,120,118,253,248,133,111,104,174,185,91,74,,46,,5,b'\x11\xe8\xe1I\xccX#\xac\xaf\x82\x12\xdf\x17\xaeN\x1e'
11E8E149-CC58-23AC-AF82-12DF17AE4E1E,2025-ncaa-d1-conf-ACC,genius_ncaa,9,8,11,9,11,9,9,14,2,9,11,6,7,15,1,13,7,6,5,7,3,12,13,3,2,4,6,9,4,17,15,13,10,17,12,6,5,5,9,6,18,18,10,12,,,6,6,,4,9,13,9,1,5,5,12,7,11,4,15,4,6,5,11,13,17,12,17,3,7,18,9,,5,,4,9,17,17,8,18,18,10,17,6,6,12,4,5,6,1,6,5,8,6,16,16,18,1,3,5,7,10,4,15,5,12,9,7,14,12,12,10,15,8,10,,,4,1,,1,9,7,5,17,9,17,18,11,18,16,7,7,6,9,8,12,11,10,6,6,9,13,13,8,,2,,1,b'\x11\xe8\xe1I\xccX#\xac\xaf\x82\x12\xdf\x17\xaeN\x1e'
11E8E149-CC58-23AC-AF82-12DF17AE4E1E,2025-ncaa-d1-natl,genius_ncaa,117,113,113,122,113,62,66,134,18,62,110,52,106,208,8,234,87,144,42,144,189,130,136,27,22,30,202,182,208,282,264,139,131,214,186,61,119,131,124,67,333,349,81,135,,,111,59,,191,106,104,110,22,42,42,135,48,117,103,218,86,142,148,138,164,297,149,251,46,129,344,92,,95,,182,105,297,333,274,325,349,314,316,130,119,175,68,110,126,71,125,55,262,240,291,265,280,12,48,41,151,131,141,264,144,186,200,37,189,231,199,94,90,86,53,,,67,44,,5,106,259,57,251,107,292,335,282,350,333,112,95,106,124,120,256,243,137,116,107,184,197,94,79,,47,,5,b'\x11\xe8\xe1I\xccX#\xac\xaf\x82\x12\xdf\x17\xaeN\x1e'
11E8E149-CC58-23AC-AF82-12DF17AE4E1E,2026-ncaa-d0-natl,genius_ncaa,35,80,9,68,20,29,35,8,128,14,6,132,142,102,275,297,15,15,81,15,194,7,9,168,143,104,312,323,91,13,68,36,56,22,65,26,91,226,38,35,37,80,17,45,,,315,113,,180,34,11,59,97,53,50,26,32,13,254,239,40,59,63,19,43,48,105,58,43,61,75,28,,135,,101,37,255,264,312,64,307,354,34,101,91,215,7,265,301,59,299,106,317,342,44,38,29,56,42,232,210,56,327,68,309,65,111,18,9,35,12,254,84,339,160,,,4,62,,2,34,351,84,23,37,42,56,96,129,307,16,6,128,168,165,95,211,48,168,108,15,40,116,269,,28,,5,b'\x11\xe8\xe1I\xccX#\xac\xaf\x82\x12\xdf\x17\xaeN\x1e'
11E8E149-CC58-23AC-AF82-12DF17AE4E1E,2026-ncaa-d1-conf-ACC,genius_ncaa,6,6,1,6,1,9,10,3,10,10,2,10,4,5,5,6,3,4,3,4,6,2,3,10,10,10,1,3,2,6,9,5,8,5,10,9,5,8,7,9,1,1,4,4,,,9,7,,5,8,3,1,1,9,10,3,10,2,4,5,3,4,4,2,3,6,5,5,9,8,1,4,,9,,5,8,7,4,3,4,5,5,5,3,3,4,3,10,10,2,10,10,6,10,4,5,4,7,3,10,9,8,10,9,10,10,7,8,1,1,3,9,9,8,8,,,4,5,,1,8,9,10,5,8,7,4,3,5,5,3,3,10,10,10,6,10,9,10,10,7,1,9,8,,4,,1,b'\x11\xe8\xe1I\xccX#\xac\xaf\x82\x12\xdf\x17\xaeN\x1e'
11E8E149-CC58-23AC-AF82-12DF17AE4E1E,2026-ncaa-d1-natl,genius_ncaa,38,80,13,79,35,37,41,15,151,16,8,164,200,146,286,300,18,20,82,20,190,14,20,199,177,123,311,326,78,27,89,46,63,31,80,31,92,180,45,41,54,106,20,48,,,284,122,,152,37,21,70,100,73,72,32,37,21,268,251,42,63,67,27,57,58,122,72,55,66,100,28,,145,,99,47,217,224,283,85,280,351,42,65,36,241,7,236,279,62,278,111,292,322,57,57,38,48,35,229,164,63,311,89,278,80,77,18,16,46,18,211,84,327,184,,,5,54,,3,37,342,104,28,52,63,71,107,154,318,18,6,138,181,178,110,210,54,187,124,18,56,117,285,,27,,5,b'\x11\xe8\xe1I\xccX#\xac\xaf\x82\x12\xdf\x17\xaeN\x1e'
11E8E149-CC5C-30BE-AF82-12DF17AE4E1E,2010-ncaa-d0-natl,ncaa,274,290,178,282,192,228,203,147,259,201,149,273,174,166,180,161,287,306,120,309,331,183,162,256,274,272,193,131,276,130,141,234,207,198,202,162,104,264,252,214,238,243,133,95,,,224,256,,,275,171,112,111,242,194,100,196,127,162,152,295,312,314,147,101,108,249,185,144,276,239,119,,260,,,274,221,137,100,242,80,77,188,271,192,327,227,304,293,268,293,321,130,164,284,312,260,321,263,295,125,207,201,141,166,202,307,336,104,77,236,278,265,230,218,,,228,275,,,275,175,259,240,269,262,165,90,101,66,294,217,315,311,308,152,220,152,246,219,322,80,279,247,,217,,,b'\x11\xe8\xe1I\xcc\\0\xbe\xaf\x82\x12\xdf\x17\xaeN\x1e'
11E8E149-CC5C-30BE-AF82-12DF17AE4E1E,2010-ncaa-d1-conf-NEC,ncaa,8,8,4,8,4,4,4,2,7,4,4,7,4,4,5,8,9,9,4,9,11,4,4,6,8,8,8,6,10,3,7,6,2,6,7,4,5,9,7,7,6,8,4,4,,,10,9,,,9,4,1,5,4,4,1,5,1,6,5,10,10,10,2,2,3,7,6,4,8,8,4,,9,,,9,10,8,6,10,4,1,10,10,7,11,9,11,11,10,11,11,6,8,10,11,10,10,9,11,2,2,10,7,6,7,10,10,2,1,7,10,8,9,8,,,4,7,,,9,8,7,9,9,10,5,1,3,2,10,9,11,11,10,4,6,1,9,6,10,2,10,9,,5,,,b'\x11\xe8\xe1I\xcc\\0\xbe\xaf\x82\x12\xdf\x17\xaeN\x1e'
11E8E149-CC5C-30BE-AF82-12DF17AE4E1E,2010-ncaa-d1-natl,ncaa,281,289,191,287,207,245,221,162,269,211,163,277,183,171,184,160,297,316,119,318,331,198,176,265,276,276,192,133,271,140,144,256,209,219,211,173,107,252,252,216,251,251,138,96,,,210,256,,,280,192,112,106,245,203,104,202,133,164,151,295,311,313,150,101,111,254,192,147,275,241,123,,260,,,280,212,119,77,250,71,59,198,266,187,327,227,297,288,269,287,322,114,144,288,313,271,320,260,295,108,209,186,144,153,211,302,336,119,80,239,266,266,222,222,,,243,270,,,280,154,264,248,275,270,174,92,106,67,295,217,316,311,309,154,220,156,246,220,322,82,279,252,,218,,,b'\x11\xe8\xe1I\xcc\\0\xbe\xaf\x82\x12\xdf\x17\xaeN\x1e'
11E8E149-CC5C-30BE-AF82-12DF17AE4E1E,2011-ncaa-d0-natl,ncaa,208,207,242,215,262,221,232,268,158,228,243,185,175,217,83,167,179,197,146,190,121,264,248,147,142,186,126,131,140,272,243,192,159,243,196,124,30,214,272,162,295,299,101,107,,,194,249,,,198,234,132,110,180,196,233,205,214,145,186,140,155,149,229,176,256,112,188,76,266,287,72,,257,,,200,111,99,112,138,149,204,102,68,46,215,36,217,226,137,232,227,136,112,115,128,166,126,75,264,141,159,93,243,96,196,130,207,248,235,210,222,263,246,288,,,117,27,,,198,104,210,167,201,181,162,203,210,283,91,58,273,273,277,241,224,205,158,180,188,216,264,272,,36,,,b'\x11\xe8\xe1I\xcc\\0\xbe\xaf\x82\x12\xdf\x17\xaeN\x1e'
11E8E149-CC5C-30BE-AF82-12DF17AE4E1E,2011-ncaa-d1-conf-NEC,ncaa,9,9,5,9,10,7,8,9,5,8,9,7,6,7,5,7,4,4,2,4,1,8,7,5,3,6,3,5,3,8,7,7,7,8,7,4,3,10,10,8,11,11,4,4,,,9,10,,,9,6,4,11,6,7,8,7,7,4,6,3,4,4,7,5,8,5,8,3,10,11,4,,10,,,9,9,6,6,7,7,7,4,6,3,9,2,11,10,8,10,11,7,6,7,9,10,9,4,10,7,7,3,7,4,7,6,7,10,10,8,10,10,3,6,,,3,1,,,9,6,8,10,9,10,8,7,8,10,6,3,11,10,10,9,8,9,5,7,7,10,10,3,,2,,,b'\x11\xe8\xe1I\xcc\\0\xbe\xaf\x82\x12\xdf\x17\xaeN\x1e'
11E8E149-CC5C-30BE-AF82-12DF17AE4E1E,2011-ncaa-d1-natl,ncaa,226,202,279,226,296,243,247,292,163,250,270,192,184,222,86,167,196,209,145,205,121,286,280,152,147,188,122,129,138,283,246,215,163,259,202,140,29,194,273,171,304,306,108,108,,,175,250,,,207,265,136,104,187,206,236,211,217,145,186,140,156,148,236,181,257,115,198,79,266,292,75,,258,,,208,91,83,91,141,133,184,106,57,38,216,35,208,215,138,222,225,109,78,120,133,176,121,74,265,122,163,71,246,71,202,116,205,272,237,221,210,267,236,292,,,134,26,,,207,74,213,178,209,186,169,204,214,285,92,57,277,276,281,242,223,206,160,182,191,224,266,274,,39,,,b'\x11\xe8\xe1I\xcc\\0\xbe\xaf\x82\x12\xdf\x17\xaeN\x1e'
11E8E149-CC5C-30BE-AF82-12DF17AE4E1E,2012-ncaa-d0-natl,ncaa,336,338,240,338,263,305,296,292,266,291,286,246,219,197,253,125,321,315,298,314,263,304,236,251,280,328,190,129,276,262,234,229,276,257,256,221,50,337,339,301,315,325,118,144,,,261,303,,,332,215,126,177,313,296,281,286,271,197,169,323,310,307,303,171,244,174,224,187,340,309,98,,313,,,333,224,192,161,237,257,270,178,53,22,274,13,317,324,101,321,292,204,141,196,223,291,102,29,307,246,276,96,234,160,256,236,230,312,324,316,339,337,173,259,,,307,306,,,332,115,330,307,334,291,270,264,302,325,77,32,328,331,330,309,246,292,175,250,274,301,341,210,,304,,,b'\x11\xe8\xe1I\xcc\\0\xbe\xaf\x82\x12\xdf\x17\xaeN\x1e'
11E8E149-CC5C-30BE-AF82-12DF17AE4E1E,2012-ncaa-d1-conf-NEC,ncaa,11,11,10,11,11,11,10,10,9,9,10,7,9,8,10,6,11,11,11,11,7,10,9,10,11,11,8,6,9,10,8,9,8,9,8,10,5,11,11,10,11,11,8,8,,,7,10,,,11,9,5,7,10,10,10,9,10,8,6,11,9,9,10,6,10,5,9,9,11,11,5,,10,,,11,6,4,4,8,4,5,6,4,2,9,2,10,11,1,11,9,5,3,8,8,11,7,3,8,5,8,4,8,4,8,5,8,11,11,11,11,11,7,9,,,9,9,,,11,3,11,11,11,10,10,9,9,11,6,2,10,11,11,11,7,11,7,7,11,11,11,7,,7,,,b'\x11\xe8\xe1I\xcc\\0\xbe\xaf\x82\x12\xdf\x17\xaeN\x1e'
11E8E149-CC5C-30BE-AF82-12DF17AE4E1E,2012-ncaa-d1-natl,ncaa,338,338,286,339,300,322,314,317,273,310,302,253,229,205,257,123,328,317,295,316,261,324,268,259,285,330,184,127,273,286,239,259,281,284,263,242,51,334,340,306,325,328,124,146,,,253,305,,,333,251,128,166,316,300,284,294,277,202,169,324,311,308,305,180,247,181,234,200,340,313,99,,315,,,334,208,183,131,244,243,254,185,47,19,280,13,315,320,105,317,293,176,107,200,230,296,104,30,309,228,281,73,239,140,263,224,232,323,325,316,338,338,165,261,,,319,305,,,333,82,331,313,336,295,271,262,304,323,80,33,328,331,331,312,244,297,181,253,277,302,341,218,,305,,,b'\x11\xe8\xe1I\xcc\\0\xbe\xaf\x82\x12\xdf\x17\xaeN\x1e'
11E8E149-CC5C-30BE-AF82-12DF17AE4E1E,2013-ncaa-d0-natl,ncaa,334,332,251,335,294,325,327,307,315,340,337,308,86,67,172,23,339,343,194,343,294,325,305,269,291,319,28,18,314,333,340,313,343,335,344,268,85,276,335,307,269,281,138,134,,,222,271,,,341,272,197,267,331,331,301,341,326,62,45,340,341,341,327,274,330,311,339,258,307,250,119,,287,,,341,255,214,153,269,218,173,237,208,150,307,129,295,305,104,304,300,192,140,271,283,312,238,166,262,332,343,217,340,300,344,326,341,280,294,339,316,340,133,296,,,338,323,,,341,64,335,339,341,311,280,260,270,263,257,192,315,323,321,314,250,344,289,338,336,260,325,167,,334,,,b'\x11\xe8\xe1I\xcc\\0\xbe\xaf\x82\x12\xdf\x17\xaeN\x1e'
11E8E149-CC5C-30BE-AF82-12DF17AE4E1E,2013-ncaa-d1-conf-NEC,ncaa,12,12,9,12,11,12,12,12,11,12,12,9,3,3,7,1,11,12,5,12,6,12,12,9,9,12,1,1,8,12,12,12,12,12,12,11,8,9,12,12,10,11,7,6,,,9,10,,,12,9,6,9,12,12,11,12,12,3,2,11,10,10,11,10,12,11,12,11,12,9,5,,10,,,12,11,10,7,11,10,7,10,6,3,8,4,11,11,10,11,11,7,6,11,12,12,7,4,11,12,12,9,12,10,12,11,11,8,10,12,10,12,1,4,,,10,7,,,12,4,12,12,12,12,12,11,12,10,8,7,12,12,12,12,9,12,10,12,12,7,11,3,,8,,,b'\x11\xe8\xe1I\xcc\\0\xbe\xaf\x82\x12\xdf\x17\xaeN\x1e'
11E8E149-CC5C-30BE-AF82-12DF17AE4E1E,2013-ncaa-d1-natl,ncaa,335,331,292,336,322,333,333,325,319,343,339,313,90,74,175,22,342,344,192,344,292,336,319,270,295,322,27,19,313,337,340,329,343,340,344,283,85,266,336,309,285,285,145,140,,,209,274,,,341,296,198,267,331,332,303,341,326,61,46,340,341,341,327,277,331,316,340,267,306,259,120,,289,,,342,243,202,126,275,204,141,242,198,138,309,127,292,301,107,300,301,171,107,276,287,314,239,167,263,331,343,201,340,293,344,324,340,301,297,340,308,340,130,299,,,341,323,,,341,41,338,341,342,313,288,261,273,266,258,193,315,323,322,314,249,344,292,338,336,267,326,173,,334,,,b'\x11\xe8\xe1I\xcc\\0\xbe\xaf\x82\x12\xdf\x17\xaeN\x1e'
11E8E149-CC5C-30BE-AF82-12DF17AE4E1E,2014-ncaa-d0-natl,ncaa,273,282,180,279,239,233,249,229,250,259,281,179,131,92,248,80,220,138,337,137,41,215,198,211,247,253,88,89,183,284,318,175,330,241,333,311,327,209,229,309,308,332,11,10,,,320,311,,,299,165,75,270,231,251,216,264,278,112,80,221,111,111,197,170,278,127,219,316,234,307,6,,340,,,296,247,138,222,73,222,293,69,43,81,34,32,347,344,278,344,317,283,246,38,115,182,199,21,344,342,330,292,318,330,333,99,100,238,304,179,247,260,33,82,,,129,75,,,299,192,282,262,286,285,190,307,252,330,45,86,347,345,345,332,321,345,319,343,121,230,262,36,,85,,,b'\x11\xe8\xe1I\xcc\\0\xbe\xaf\x82\x12\xdf\x17\xaeN\x1e'
11E8E149-CC5C-30BE-AF82-12DF17AE4E1E,2014-ncaa-d1-conf-NEC,ncaa,7,7,5,7,7,7,6,6,6,6,8,3,5,4,8,3,9,5,10,5,3,6,8,6,6,6,5,5,9,9,10,4,10,7,10,7,10,1,2,7,10,10,1,1,,,9,9,,,8,5,4,8,7,6,7,7,8,5,4,9,4,4,7,7,9,4,8,7,1,10,1,,8,,,8,5,3,7,1,7,9,2,1,1,1,1,10,10,10,10,9,9,8,1,1,4,6,1,10,10,10,9,10,9,10,1,1,10,10,5,4,7,1,1,,,5,2,,,8,6,7,8,8,7,3,9,6,10,1,1,10,10,10,9,9,10,8,10,1,10,6,1,,5,,,b'\x11\xe8\xe1I\xcc\\0\xbe\xaf\x82\x12\xdf\x17\xaeN\x1e'
11E8E149-CC5C-30BE-AF82-12DF17AE4E1E,2014-ncaa-d1-natl,ncaa,279,282,211,282,288,253,265,256,254,277,293,183,138,102,249,81,237,156,337,154,42,242,232,216,248,258,87,89,182,294,322,202,334,262,338,318,330,196,236,313,315,333,11,11,,,314,313,,,301,194,78,273,240,253,222,271,281,112,80,224,113,112,208,176,280,136,232,319,239,309,6,,340,,,303,226,125,201,79,208,283,75,41,72,37,33,346,342,281,342,317,273,223,40,119,190,197,21,344,341,334,282,322,327,338,89,102,257,304,186,230,263,29,83,,,149,72,,,301,163,284,275,294,291,195,308,257,331,48,81,347,345,345,335,322,346,322,344,128,237,261,37,,85,,,b'\x11\xe8\xe1I\xcc\\0\xbe\xaf\x82\x12\xdf\x17\xaeN\x1e'
11E8E149-CC5C-30BE-AF82-12DF17AE4E1E,2015-ncaa-d0-natl,ncaa,294,296,243,300,261,240,220,157,275,211,199,236,169,117,286,107,282,248,312,250,235,173,170,265,284,270,179,133,278,189,251,298,329,271,328,336,346,170,179,332,152,154,165,189,,,298,302,,,327,172,31,174,208,182,59,186,156,150,90,269,224,227,86,63,166,289,249,340,218,112,152,,332,,,329,310,262,167,308,289,224,294,129,99,253,68,337,325,341,324,309,224,214,294,330,331,180,58,323,274,329,296,251,300,328,264,214,179,208,244,183,187,86,105,,,216,239,,,327,188,287,336,324,339,315,280,323,309,179,138,344,336,335,327,328,316,339,338,308,139,223,109,,163,,,b'\x11\xe8\xe1I\xcc\\0\xbe\xaf\x82\x12\xdf\x17\xaeN\x1e'
11E8E149-CC5C-30BE-AF82-12DF17AE4E1E,2015-ncaa-d1-conf-NEC,ncaa,9,7,9,9,10,9,9,5,10,9,8,9,7,5,10,4,10,10,10,10,10,8,8,10,10,10,6,5,9,7,7,9,9,9,10,10,10,1,1,8,3,3,2,2,,,6,8,,,10,9,3,8,9,8,2,7,5,7,3,10,8,8,2,4,4,9,7,10,3,3,1,,8,,,10,5,3,1,7,4,2,5,4,1,8,1,9,9,10,9,9,2,2,7,8,9,9,4,9,6,9,9,7,8,10,6,7,6,4,8,1,1,5,5,,,10,10,,,10,2,10,9,10,8,5,5,7,7,5,4,9,9,9,8,8,8,9,9,7,3,1,5,,10,,,b'\x11\xe8\xe1I\xcc\\0\xbe\xaf\x82\x12\xdf\x17\xaeN\x1e'
11E8E149-CC5C-30BE-AF82-12DF17AE4E1E,2015-ncaa-d1-natl,ncaa,303,293,298,303,317,268,250,202,282,241,229,243,180,125,292,107,293,262,313,264,235,211,218,272,291,277,177,136,273,218,261,322,331,304,333,343,346,141,181,333,170,164,184,194,,,287,300,,,329,217,30,163,214,192,60,197,162,152,90,272,223,227,89,68,172,293,260,342,220,120,160,,333,,,332,298,244,131,313,277,193,302,112,77,260,67,337,320,341,319,312,194,171,302,333,331,176,57,324,250,331,284,261,282,333,248,217,204,217,252,168,191,78,109,,,246,237,,,329,144,294,336,328,340,316,282,324,310,178,135,344,337,336,329,328,319,341,339,310,143,225,114,,163,,,b'\x11\xe8\xe1I\xcc\\0\xbe\xaf\x82\x12\xdf\x17\xaeN\x1e'
11E8E149-CC5C-30BE-AF82-12DF17AE4E1E,2016-ncaa-d0-natl,ncaa,316,318,240,320,255,256,249,171,316,261,240,275,178,98,322,75,252,217,291,223,177,181,206,304,313,286,138,128,194,215,283,184,256,196,308,329,343,106,131,308,269,275,129,122,,,292,306,,,324,199,77,169,243,248,85,247,193,166,60,239,204,209,98,105,181,109,143,338,162,255,113,,324,,,325,276,225,181,249,187,155,234,250,213,289,193,308,328,61,326,322,229,175,262,265,308,277,208,278,268,256,315,283,313,308,215,186,285,307,291,202,225,22,45,,,194,166,,,324,146,294,318,323,318,287,285,253,234,284,263,322,334,334,324,293,305,339,339,261,269,242,38,,136,,,b'\x11\xe8\xe1I\xcc\\0\xbe\xaf\x82\x12\xdf\x17\xaeN\x1e'
11E8E149-CC5C-30BE-AF82-12DF17AE4E1E,2016-ncaa-d1-conf-NEC,ncaa,10,10,9,10,10,7,7,6,10,5,8,7,7,4,10,5,9,4,9,5,5,6,9,10,10,8,7,6,4,7,10,6,8,7,9,10,10,1,1,8,9,9,3,3,,,8,9,,,10,9,2,5,5,5,2,3,2,7,2,7,1,2,2,3,7,3,3,9,1,9,2,,9,,,10,9,6,6,8,7,6,7,6,4,7,4,8,8,3,8,9,7,5,8,8,9,7,4,8,8,8,9,10,9,9,5,6,10,10,10,2,2,2,2,,,6,3,,,10,3,8,10,10,10,8,9,8,9,7,8,10,10,10,9,9,9,9,9,8,10,3,3,,3,,,b'\x11\xe8\xe1I\xcc\\0\xbe\xaf\x82\x12\xdf\x17\xaeN\x1e'
11E8E149-CC5C-30BE-AF82-12DF17AE4E1E,2016-ncaa-d1-natl,ncaa,323,317,303,324,318,288,287,207,323,284,265,284,198,105,325,73,271,246,291,252,178,219,245,309,317,290,136,128,192,241,287,224,265,235,312,343,344,78,138,314,288,289,144,130,,,276,308,,,327,243,81,160,253,259,86,255,202,167,61,246,208,215,101,110,191,116,150,340,165,261,119,,325,,,328,255,211,148,258,168,120,240,236,196,296,191,301,318,65,316,321,198,132,270,276,313,276,206,277,245,265,302,287,300,312,199,187,309,311,296,184,229,14,48,,,225,164,,,327,105,304,324,326,321,289,289,262,239,285,261,325,337,335,325,294,309,339,340,267,272,245,41,,134,,,b'\x11\xe8\xe1I\xcc\\0\xbe\xaf\x82\x12\xdf\x17\xaeN\x1e'
11E8E149-CC5C-30BE-AF82-12DF17AE4E1E,2017-ncaa-d0-natl,ncaa,337,332,291,339,303,341,336,343,263,326,325,281,277,291,200,191,326,321,278,317,216,347,326,270,283,325,193,172,199,344,329,268,233,326,299,319,185,320,348,332,273,234,243,227,,,124,214,,,335,305,194,169,341,331,346,316,298,258,264,317,300,299,347,287,338,174,312,306,340,238,222,,222,,,336,139,137,88,243,136,77,272,178,178,168,229,172,202,90,206,266,96,51,254,247,295,203,192,192,140,233,69,329,79,299,205,244,320,290,311,330,345,31,126,,,288,156,,,335,44,338,306,337,264,258,227,240,166,240,254,243,263,265,251,179,240,183,219,282,283,342,67,,237,,,b'\x11\xe8\xe1I\xcc\\0\xbe\xaf\x82\x12\xdf\x17\xaeN\x1e'
11E8E149-CC5C-30BE-AF82-12DF17AE4E1E,2017-ncaa-d1-conf-NEC,ncaa,10,10,9,10,9,9,9,10,1,7,9,2,9,10,2,9,9,9,7,8,6,10,10,4,2,6,10,8,6,10,10,7,5,10,8,7,6,9,10,9,10,10,5,4,,,6,10,,,9,9,3,4,9,6,10,4,6,8,9,7,6,6,10,10,10,4,9,7,10,10,3,,9,,,9,6,5,3,9,6,4,10,3,5,2,6,9,10,2,10,10,5,2,8,9,10,5,2,9,2,5,1,10,1,8,4,5,10,10,10,9,10,1,1,,,8,3,,,9,2,9,10,9,10,9,8,10,7,6,7,10,10,10,9,8,4,4,4,6,10,10,1,,5,,,b'\x11\xe8\xe1I\xcc\\0\xbe\xaf\x82\x12\xdf\x17\xaeN\x1e'
11E8E149-CC5C-30BE-AF82-12DF17AE4E1E,2017-ncaa-d1-natl,ncaa,336,331,310,336,316,342,338,345,273,334,332,283,266,274,197,170,337,320,284,319,207,347,331,266,284,325,178,153,205,343,330,256,252,332,306,321,189,321,348,330,279,260,211,202,,,159,238,,,335,308,197,164,340,333,346,326,304,247,243,322,303,301,346,289,341,162,312,305,341,251,198,,240,,,336,152,147,104,226,140,85,264,179,190,148,231,191,226,68,224,268,120,51,230,225,298,206,187,203,181,252,97,330,120,306,224,263,324,310,317,332,345,40,143,,,285,147,,,335,39,340,312,336,267,258,242,240,171,242,270,260,279,280,271,191,270,198,233,290,298,341,74,,224,,,b'\x11\xe8\xe1I\xcc\\0\xbe\xaf\x82\x12\xdf\x17\xaeN\x1e'
11E8E149-CC5C-30BE-AF82-12DF17AE4E1E,2018-ncaa-d0-natl,ncaa,325,308,295,327,317,333,324,340,193,291,311,194,311,320,246,234,302,282,301,281,148,340,310,220,244,326,248,242,153,323,261,305,276,326,245,270,86,347,349,336,206,172,185,136,,,231,308,,,317,279,108,266,330,315,343,272,286,297,296,282,232,234,342,216,308,261,315,244,349,167,153,,305,,,318,97,70,46,200,77,47,235,99,101,138,179,265,259,227,257,316,64,68,199,243,199,249,146,301,152,276,23,261,46,245,151,269,178,125,170,316,330,116,236,,,252,137,,,317,63,341,213,319,216,163,121,176,115,159,186,315,311,309,181,235,247,76,139,227,100,330,182,,167,,,b'\x11\xe8\xe1I\xcc\\0\xbe\xaf\x82\x12\xdf\x17\xaeN\x1e'
11E8E149-CC5C-30BE-AF82-12DF17AE4E1E,2018-ncaa-d1-conf-NEC,ncaa,10,10,9,10,10,10,10,10,2,5,7,2,9,9,7,9,7,8,9,8,6,10,9,5,3,9,9,9,5,9,5,10,7,10,7,5,3,10,10,10,8,8,7,4,,,8,10,,,8,9,3,7,9,5,10,3,3,9,9,6,5,5,10,4,8,7,8,4,10,7,5,,10,,,8,2,2,2,6,2,2,10,1,3,1,4,10,9,9,9,9,2,1,4,9,7,6,2,9,6,7,1,5,1,7,2,8,7,5,5,4,6,4,5,,,8,6,,,8,1,9,8,9,7,3,2,6,3,2,4,10,10,10,5,7,6,1,3,3,5,6,5,,7,,,b'\x11\xe8\xe1I\xcc\\0\xbe\xaf\x82\x12\xdf\x17\xaeN\x1e'
11E8E149-CC5C-30BE-AF82-12DF17AE4E1E,2018-ncaa-d1-natl,ncaa,324,307,315,325,328,337,331,348,195,292,311,177,316,325,272,239,294,266,304,267,127,346,304,228,247,331,254,252,130,325,258,304,271,331,238,279,92,349,349,338,212,185,194,145,,,259,316,,,321,278,96,267,334,320,346,273,287,307,300,271,217,218,346,215,311,250,313,249,349,175,162,,316,,,321,107,66,39,193,78,38,242,109,119,124,187,280,273,229,270,320,59,68,190,240,201,259,149,314,147,271,20,258,39,238,162,271,167,125,163,323,338,107,215,,,239,118,,,321,61,343,211,324,219,160,122,166,103,166,195,320,315,315,184,235,240,70,132,226,104,332,165,,150,,,b'\x11\xe8\xe1I\xcc\\0\xbe\xaf\x82\x12\xdf\x17\xaeN\x1e'
11E8E149-CC5C-30BE-AF82-12DF17AE4E1E,2019-ncaa-d0-natl,ncaa,266,269,249,269,255,235,228,293,115,242,283,116,161,196,91,130,264,292,107,298,217,303,285,96,95,188,150,126,237,312,270,293,234,317,257,175,93,280,325,226,192,164,238,211,,,269,323,,,284,259,157,43,203,199,291,228,267,132,174,250,284,293,303,235,304,291,319,127,304,165,230,,326,,,285,241,192,88,314,179,61,326,220,195,255,246,291,276,267,277,322,113,103,325,332,323,261,197,262,99,234,58,270,57,257,258,281,211,168,262,260,300,216,276,,,227,132,,,284,113,224,312,277,305,266,134,241,84,272,240,310,299,303,197,213,157,110,117,304,162,284,246,,165,,,b'\x11\xe8\xe1I\xcc\\0\xbe\xaf\x82\x12\xdf\x17\xaeN\x1e'
11E8E149-CC5C-30BE-AF82-12DF17AE4E1E,2019-ncaa-d1-conf-NEC,ncaa,7,6,5,7,8,6,4,7,2,5,4,3,6,7,3,8,7,7,3,8,8,7,7,2,2,4,7,8,7,7,6,9,6,9,7,4,4,7,8,5,5,5,7,7,,,8,9,,,7,7,4,10,3,3,8,3,4,6,8,7,8,8,9,8,8,9,10,2,7,5,7,,9,,,7,9,8,5,10,9,3,10,9,9,10,8,8,7,10,7,7,7,4,10,10,10,8,9,7,5,6,2,6,2,7,9,7,6,5,8,6,8,8,8,,,7,3,,,7,4,5,9,7,10,9,5,8,4,9,9,8,8,8,6,5,5,2,3,9,6,7,8,,4,,,b'\x11\xe8\xe1I\xcc\\0\xbe\xaf\x82\x12\xdf\x17\xaeN\x1e'
11E8E149-CC5C-30BE-AF82-12DF17AE4E1E,2019-ncaa-d1-natl,ncaa,266,266,233,268,247,241,242,297,118,256,288,128,147,190,77,127,264,292,94,298,213,305,275,92,91,190,127,114,242,304,261,304,250,320,255,170,89,290,330,232,182,160,231,206,,,294,328,,,290,241,144,45,203,197,291,235,272,126,164,252,284,293,306,221,297,294,318,129,312,156,219,,329,,,289,251,208,88,318,179,60,325,232,202,263,240,286,275,241,276,321,119,116,325,332,319,259,199,261,112,250,47,261,57,255,267,282,194,163,252,267,308,218,281,,,238,154,,,290,125,225,312,282,309,272,138,244,95,275,245,309,303,305,203,234,173,107,121,306,138,287,248,,183,,,b'\x11\xe8\xe1I\xcc\\0\xbe\xaf\x82\x12\xdf\x17\xaeN\x1e'
11E8E149-CC5C-30BE-AF82-12DF17AE4E1E,2020-ncaa-d0-natl,ncaa,276,280,191,284,214,283,283,231,306,307,269,303,145,129,219,93,290,315,84,313,267,252,208,283,278,302,88,79,234,213,239,315,259,304,297,137,22,305,322,239,156,150,327,297,,,329,340,,,289,187,141,111,286,292,227,308,265,143,112,290,315,308,260,162,213,326,319,119,318,155,325,,336,,,292,195,146,48,302,113,22,324,229,226,201,287,289,281,222,281,337,75,155,314,324,235,292,226,284,138,259,225,239,193,297,224,267,35,26,89,322,332,203,246,,,271,285,,,289,161,308,226,287,230,159,40,127,17,240,245,293,286,286,77,197,152,251,223,239,32,328,213,,264,,,b'\x11\xe8\xe1I\xcc\\0\xbe\xaf\x82\x12\xdf\x17\xaeN\x1e'
11E8E149-CC5C-30BE-AF82-12DF17AE4E1E,2020-ncaa-d1-conf-NEC,ncaa,9,9,1,9,1,9,8,4,10,9,6,9,5,6,6,6,9,9,1,9,10,6,5,9,9,8,4,6,7,4,7,11,9,11,11,2,1,8,9,4,4,3,10,10,,,11,11,,,8,3,7,1,9,9,5,9,6,5,6,9,9,9,8,6,5,11,11,2,8,4,10,,11,,,8,8,4,2,10,4,2,10,7,7,4,8,9,11,4,11,11,2,8,10,10,5,9,7,8,7,9,10,7,9,11,8,9,1,2,3,9,8,9,7,,,6,7,,,8,9,11,5,8,7,4,2,4,2,7,7,9,11,11,2,6,5,9,8,8,1,9,9,,7,,,b'\x11\xe8\xe1I\xcc\\0\xbe\xaf\x82\x12\xdf\x17\xaeN\x1e'
11E8E149-CC5C-30BE-AF82-12DF17AE4E1E,2020-ncaa-d1-natl,ncaa,276,278,128,280,168,271,279,221,307,311,267,307,130,110,195,80,286,313,78,305,256,254,186,271,272,298,77,72,234,209,233,322,272,304,296,120,22,318,320,239,157,153,324,295,,,331,339,,,290,166,149,110,285,291,226,312,270,126,108,289,316,307,259,164,208,331,322,117,319,151,323,,333,,,289,227,165,56,306,127,26,325,244,235,227,288,288,284,207,284,336,82,168,318,327,240,294,242,276,164,272,246,233,215,296,244,277,32,30,99,321,329,231,267,,,266,283,,,290,174,307,244,291,235,162,42,122,20,253,239,287,282,280,71,197,168,244,229,249,34,322,228,,267,,,b'\x11\xe8\xe1I\xcc\\0\xbe\xaf\x82\x12\xdf\x17\xaeN\x1e'
11E8E149-CC5C-30BE-AF82-12DF17AE4E1E,2021-ncaa-d0-natl,ncaa,110,43,248,60,248,266,251,270,141,211,207,199,294,306,162,312,281,276,249,275,300,275,266,202,223,258,319,291,246,293,290,253,192,277,265,175,31,155,293,167,169,78,212,156,,,117,244,,,152,256,193,17,271,204,251,109,91,303,323,277,267,268,272,229,303,212,286,85,275,81,176,,234,,,152,70,62,66,71,73,74,96,62,70,72,134,131,133,160,132,265,69,87,71,77,31,207,117,289,92,192,94,290,87,265,47,86,114,19,8,211,307,210,246,,,262,209,,,152,88,284,30,158,52,39,56,64,88,70,90,209,223,224,65,176,165,192,179,41,20,298,293,,235,,,b'\x11\xe8\xe1I\xcc\\0\xbe\xaf\x82\x12\xdf\x17\xaeN\x1e'
11E8E149-CC5C-30BE-AF82-12DF17AE4E1E,2021-ncaa-d1-conf-NEC,ncaa,2,2,3,2,3,5,3,5,4,2,1,5,9,10,5,10,6,6,7,6,9,4,4,6,7,8,9,10,7,9,10,3,7,7,9,2,1,9,9,2,3,5,6,7,,,8,8,,,2,3,7,2,8,7,8,1,2,10,10,8,7,7,8,8,9,7,10,1,9,5,7,,8,,,3,4,2,5,1,4,6,2,2,3,1,4,8,9,3,9,9,6,8,1,1,1,7,1,10,9,7,7,10,8,9,1,1,1,1,1,8,8,8,6,,,7,7,,,2,8,9,1,3,1,1,2,1,2,1,3,9,9,9,2,6,6,5,7,1,1,7,7,,6,,,b'\x11\xe8\xe1I\xcc\\0\xbe\xaf\x82\x12\xdf\x17\xaeN\x1e'
11E8E149-CC5C-30BE-AF82-12DF17AE4E1E,2021-ncaa-d1-natl,ncaa,119,43,259,63,259,276,265,277,146,229,229,208,300,310,163,313,288,285,249,283,303,284,276,208,225,262,319,290,245,298,294,262,198,286,273,191,32,142,296,169,182,82,223,159,,,105,246,,,164,266,197,16,276,211,257,115,93,301,323,282,270,272,277,233,305,217,291,91,277,85,178,,235,,,164,65,58,62,81,66,67,103,58,65,75,135,121,123,161,122,266,64,78,76,85,32,202,113,289,83,198,88,294,83,273,46,88,131,19,9,198,311,203,250,,,272,207,,,164,78,286,32,169,52,38,55,68,88,69,91,211,224,224,66,173,169,196,182,45,21,299,297,,235,,,b'\x11\xe8\xe1I\xcc\\0\xbe\xaf\x82\x12\xdf\x17\xaeN\x1e'
11E8E149-CC5C-30BE-AF82-12DF17AE4E1E,2022-ncaa-d0-natl,ncaa,123,106,163,120,202,215,185,206,163,124,93,227,306,327,195,332,192,169,252,171,250,204,195,230,231,239,328,319,150,153,130,258,258,228,205,148,85,225,232,164,80,51,147,92,,,285,309,,,131,202,196,275,239,194,238,91,60,318,336,192,164,164,230,200,139,305,263,139,221,66,149,,296,,,130,65,45,76,81,62,77,162,52,138,11,200,271,251,315,255,311,88,166,64,116,33,231,92,329,175,258,129,130,133,205,29,115,41,21,9,131,149,110,54,,,202,205,,,131,164,222,44,126,51,24,35,58,36,48,130,280,254,266,48,159,186,111,145,35,24,142,103,,209,,,b'\x11\xe8\xe1I\xcc\\0\xbe\xaf\x82\x12\xdf\x17\xaeN\x1e'
11E8E149-CC5C-30BE-AF82-12DF17AE4E1E,2022-ncaa-d1-conf-NEC,ncaa,4,5,2,5,4,4,1,2,6,1,1,6,10,10,10,10,7,2,8,2,8,2,2,7,7,6,10,10,7,3,3,6,9,4,5,2,2,8,5,4,1,1,2,1,,,9,8,,,4,2,2,7,5,3,4,1,1,10,9,6,4,4,2,3,3,10,6,2,7,1,3,,9,,,4,6,3,6,2,3,5,4,4,8,2,6,10,9,9,9,9,7,9,3,3,3,8,3,10,9,9,9,3,8,5,2,2,1,1,1,6,3,5,1,,,5,9,,,4,9,6,3,4,4,2,2,1,1,4,5,9,8,8,3,8,8,6,7,2,1,3,4,,9,,,b'\x11\xe8\xe1I\xcc\\0\xbe\xaf\x82\x12\xdf\x17\xaeN\x1e'
11E8E149-CC5C-30BE-AF82-12DF17AE4E1E,2022-ncaa-d1-natl,ncaa,135,106,213,132,251,253,223,253,177,152,116,241,315,332,198,333,219,195,250,195,248,248,248,241,245,249,327,319,146,182,142,296,269,273,217,174,87,199,240,178,102,64,163,100,,,270,317,,,158,256,201,275,255,221,250,103,64,320,336,195,168,170,242,208,156,313,277,151,226,76,151,,296,,,156,46,34,44,91,51,52,169,40,108,10,200,260,229,317,237,313,50,116,78,128,43,233,88,329,152,269,87,142,98,217,24,116,57,23,15,114,158,96,61,,,238,202,,,158,107,242,57,151,59,31,37,62,36,49,133,284,261,267,51,155,188,115,147,39,29,149,112,,207,,,b'\x11\xe8\xe1I\xcc\\0\xbe\xaf\x82\x12\xdf\x17\xaeN\x1e'
11E8E149-CC5C-30BE-AF82-12DF17AE4E1E,2023-ncaa-d0-natl,ncaa,195,160,290,195,301,253,222,234,207,156,116,238,330,339,258,330,244,210,268,207,278,237,274,246,252,224,335,329,167,279,285,347,325,345,348,201,156,50,111,131,85,44,292,268,,,235,318,,,213,271,103,174,205,162,108,73,34,318,325,195,153,154,116,151,241,355,345,152,121,46,279,,320,,,216,75,62,25,310,84,39,295,91,57,260,134,220,222,183,226,306,32,92,305,305,158,204,129,284,120,325,206,285,176,348,124,220,50,12,33,32,76,186,135,,,289,261,,,213,87,246,156,221,205,174,47,182,76,132,97,275,275,283,70,249,224,316,301,215,9,88,236,,228,,,b'\x11\xe8\xe1I\xcc\\0\xbe\xaf\x82\x12\xdf\x17\xaeN\x1e'
11E8E149-CC5C-30BE-AF82-12DF17AE4E1E,2023-ncaa-d1-conf-NEC,ncaa,5,5,5,5,6,4,4,4,2,2,2,4,9,9,7,9,4,3,7,3,7,4,6,6,6,4,9,9,3,8,8,9,8,9,8,5,6,2,2,3,2,2,6,5,,,6,7,,,3,5,2,4,4,3,2,1,1,9,9,3,3,3,2,4,7,9,9,5,2,2,6,,7,,,3,2,2,1,7,1,1,6,4,4,8,5,8,7,8,8,9,2,4,8,8,4,8,7,9,5,8,8,8,6,8,4,7,2,1,2,1,2,6,3,,,5,4,,,3,5,5,3,4,4,3,1,3,2,6,4,9,8,9,2,8,6,9,8,6,1,3,7,,3,,,b'\x11\xe8\xe1I\xcc\\0\xbe\xaf\x82\x12\xdf\x17\xaeN\x1e'
11E8E149-CC5C-30BE-AF82-12DF17AE4E1E,2023-ncaa-d1-natl,ncaa,219,160,342,211,346,294,267,298,222,187,146,250,340,348,263,330,260,232,270,227,277,294,324,256,260,236,337,328,167,305,295,359,332,360,349,232,163,35,118,139,115,51,309,274,,,209,322,,,240,321,109,173,222,183,121,81,38,323,328,194,154,150,127,154,250,357,351,159,119,52,290,,323,,,245,53,46,10,318,67,21,310,76,38,273,134,203,200,183,204,307,15,42,311,318,180,202,127,283,97,332,170,295,134,349,106,221,66,14,42,17,77,171,143,,,312,263,,,240,38,257,178,247,219,187,47,196,78,142,96,282,279,286,73,247,227,324,305,223,11,89,242,,225,,,b'\x11\xe8\xe1I\xcc\\0\xbe\xaf\x82\x12\xdf\x17\xaeN\x1e'
11E8E149-CC5C-30BE-AF82-12DF17AE4E1E,2024-ncaa-d0-natl,ncaa,319,297,325,318,331,352,352,354,309,321,281,313,342,343,324,303,286,261,301,263,175,351,331,326,320,343,278,305,64,289,219,343,343,341,318,352,329,296,354,356,145,75,284,210,,,176,312,,,333,330,188,72,342,344,322,275,176,337,328,216,175,175,310,191,208,319,304,350,348,74,253,,315,,,336,62,55,25,261,21,11,281,204,160,281,300,157,193,42,190,324,29,47,293,286,214,323,300,236,215,343,43,219,86,318,210,340,160,62,182,255,328,41,76,,,284,142,,,333,29,342,274,335,242,195,126,119,40,306,285,259,290,289,171,250,329,210,274,317,51,328,84,,153,,,b'\x11\xe8\xe1I\xcc\\0\xbe\xaf\x82\x12\xdf\x17\xaeN\x1e'
11E8E149-CC5C-30BE-AF82-12DF17AE4E1E,2024-ncaa-d1-conf-NEC,ncaa,7,6,9,7,9,8,9,9,4,6,6,5,9,9,6,9,5,5,7,5,4,9,9,5,6,8,8,9,2,9,8,9,8,9,8,9,9,9,9,9,3,3,4,2,,,7,9,,,7,8,2,1,7,6,9,4,4,9,9,5,3,3,9,4,9,9,9,8,9,2,3,,9,,,7,3,3,1,8,1,1,6,9,6,9,8,5,6,3,6,9,1,2,9,8,6,9,9,5,4,8,1,8,1,8,8,8,3,2,5,6,7,1,3,,,5,3,,,7,2,9,6,7,6,6,3,4,2,9,7,6,8,8,4,9,6,7,6,8,2,7,2,,3,,,b'\x11\xe8\xe1I\xcc\\0\xbe\xaf\x82\x12\xdf\x17\xaeN\x1e'
11E8E149-CC5C-30BE-AF82-12DF17AE4E1E,2024-ncaa-d1-natl,ncaa,322,296,348,321,348,354,356,355,322,332,285,326,343,343,317,300,280,255,289,256,164,353,335,334,328,348,259,297,49,292,218,351,347,347,324,357,324,319,357,359,106,51,272,203,,,180,308,,,331,341,160,76,341,345,319,286,181,333,325,202,165,168,302,166,205,328,313,351,356,50,232,,316,,,339,63,46,16,263,26,6,283,199,149,281,293,167,198,56,195,323,20,40,295,290,200,319,291,245,226,347,39,218,89,324,210,336,118,45,158,282,339,38,79,,,288,146,,,331,20,347,256,339,249,198,117,133,44,306,269,265,291,292,164,265,324,211,277,310,37,340,81,,149,,,b'\x11\xe8\xe1I\xcc\\0\xbe\xaf\x82\x12\xdf\x17\xaeN\x1e'
11E8E149-CC5C-30BE-AF82-12DF17AE4E1E,2025-ncaa-d0-natl,genius_ncaa,325,292,335,326,337,350,353,349,334,341,323,323,315,298,311,209,250,263,147,264,123,348,343,332,313,328,139,235,41,278,221,345,297,338,287,334,217,165,321,325,327,295,201,119,,,135,299,,247,327,342,263,34,337,346,315,318,235,290,251,172,183,178,303,243,206,295,287,323,310,289,147,,282,,323,331,79,96,38,310,62,22,306,206,126,313,276,50,79,44,75,227,33,23,333,313,285,232,288,91,124,297,49,221,61,287,218,319,261,151,274,120,256,10,41,,,311,161,,238,327,23,329,302,330,261,273,173,215,104,302,265,149,181,177,166,172,249,211,236,330,156,234,23,,203,,191,b'\x11\xe8\xe1I\xcc\\0\xbe\xaf\x82\x12\xdf\x17\xaeN\x1e'
11E8E149-CC5C-30BE-AF82-12DF17AE4E1E,2025-ncaa-d1-conf-NEC,genius_ncaa,8,8,5,8,7,8,6,5,8,6,4,8,9,6,9,7,3,4,2,4,3,5,5,9,7,8,5,8,2,5,4,7,7,7,5,7,7,5,6,7,4,4,1,1,,,9,9,,8,7,5,4,4,7,7,5,6,3,8,6,2,3,2,4,3,4,8,6,6,6,4,1,,8,,9,8,4,3,2,8,1,1,6,6,4,7,6,6,7,2,6,9,2,3,8,9,5,8,6,7,2,7,3,4,3,5,6,7,2,1,3,5,5,4,5,,,6,4,,5,7,4,8,6,7,5,3,2,3,1,6,5,7,7,7,2,5,4,4,5,6,2,6,4,,2,,5,b'\x11\xe8\xe1I\xcc\\0\xbe\xaf\x82\x12\xdf\x17\xaeN\x1e'
11E8E149-CC5C-30BE-AF82-12DF17AE4E1E,2025-ncaa-d1-natl,genius_ncaa,319,292,341,321,341,335,341,342,304,331,316,294,291,279,282,198,265,279,141,279,156,342,340,304,290,306,147,213,83,270,210,342,278,334,273,322,194,155,306,298,307,265,207,122,,,138,299,,243,312,344,253,34,313,323,289,293,230,260,226,192,206,204,287,238,203,293,280,286,290,261,155,,282,,309,313,72,90,32,310,68,29,306,201,122,312,272,51,75,45,72,216,24,23,331,307,262,217,281,90,106,278,56,210,52,273,213,309,234,118,239,101,227,8,32,,,323,218,,245,312,20,311,274,313,242,257,151,209,98,293,249,141,171,168,138,171,231,197,223,319,126,198,20,,240,,204,b'\x11\xe8\xe1I\xcc\\0\xbe\xaf\x82\x12\xdf\x17\xaeN\x1e'
11E8E149-CC5C-30BE-AF82-12DF17AE4E1E,2026-ncaa-d0-natl,genius_ncaa,295,250,279,302,291,336,334,307,349,292,226,346,360,353,358,354,266,214,330,221,195,306,293,354,353,352,339,358,36,144,54,318,329,277,213,322,167,177,315,326,293,273,204,121,,,223,360,,205,312,310,210,97,344,336,247,245,60,359,352,164,96,104,212,120,26,301,140,301,320,240,141,,359,,299,321,79,56,49,238,57,47,261,80,80,196,168,223,268,48,269,359,68,71,241,252,229,267,146,326,185,329,60,54,98,213,102,267,245,140,177,211,314,46,66,,,209,49,,140,312,55,337,262,320,247,193,113,183,92,192,186,318,349,353,223,255,319,184,277,235,115,318,112,,41,,80,b'\x11\xe8\xe1I\xcc\\0\xbe\xaf\x82\x12\xdf\x17\xaeN\x1e'
11E8E149-CC5C-30BE-AF82-12DF17AE4E1E,2026-ncaa-d1-natl,genius_ncaa,301,249,271,304,286,339,347,316,338,289,208,331,362,361,360,354,207,166,302,171,145,306,299,352,347,347,337,359,25,132,56,331,330,289,208,322,166,205,316,324,271,215,237,174,,,284,360,,246,302,315,184,100,331,332,257,222,63,360,354,112,67,78,203,118,35,290,146,297,321,197,185,,359,,309,311,85,61,33,243,68,41,254,84,75,182,170,228,284,41,288,354,59,70,242,244,208,254,149,317,217,330,60,56,105,208,114,272,215,117,169,220,313,65,75,,,171,41,,149,302,51,332,241,308,243,182,117,179,98,175,166,317,347,349,205,260,320,173,258,237,105,317,126,,35,,98,b'\x11\xe8\xe1I\xcc\\0\xbe\xaf\x82\x12\xdf\x17\xaeN\x1e'
11E8E149-CC60-8D3A-AF82-12DF17AE4E1E,2010-ncaa-d0-natl,ncaa,108,114,81,117,96,165,174,99,273,189,170,224,125,62,289,81,164,140,258,130,108,103,81,261,275,259,118,117,178,43,61,123,83,67,72,187,216,286,224,245,35,28,159,161,,,301,293,,,105,109,173,137,228,232,128,237,223,148,69,198,166,162,135,103,42,167,79,230,244,45,185,,270,,,106,99,63,131,78,147,157,133,32,105,6,109,281,285,131,287,284,162,216,54,73,32,145,38,311,125,83,237,61,191,72,66,120,50,42,27,306,262,291,288,,,137,245,,,105,231,232,22,107,42,31,34,89,85,23,72,244,253,253,64,140,71,183,132,41,62,276,276,,189,,,b'\x11\xe8\xe1I\xcc`\x8d:\xaf\x82\x12\xdf\x17\xaeN\x1e'
11E8E149-CC60-8D3A-AF82-12DF17AE4E1E,2010-ncaa-d1-conf-ACC,ncaa,6,5,4,6,4,10,10,9,11,12,12,10,6,1,8,1,9,8,10,7,1,9,8,9,11,9,2,2,4,7,11,6,3,7,7,11,8,4,5,9,8,7,10,10,,,10,12,,,7,9,12,4,10,12,10,12,12,6,2,9,7,7,10,10,8,5,7,11,4,9,10,,10,,,7,4,2,3,3,4,5,4,2,2,4,4,11,11,6,11,12,6,5,3,4,5,9,4,11,4,3,10,11,9,7,4,6,9,8,5,8,9,10,11,,,8,4,,,7,4,10,6,9,2,2,2,2,3,2,2,10,10,10,3,1,3,8,6,3,9,8,9,,8,,,b'\x11\xe8\xe1I\xcc`\x8d:\xaf\x82\x12\xdf\x17\xaeN\x1e'
11E8E149-CC60-8D3A-AF82-12DF17AE4E1E,2010-ncaa-d1-natl,ncaa,114,114,91,120,105,178,187,109,280,200,180,229,128,66,288,82,171,147,254,138,106,113,95,269,277,263,117,117,174,48,64,133,86,75,76,197,221,274,226,250,37,30,170,164,,,295,294,,,109,120,176,137,232,234,132,239,226,148,69,197,164,161,137,104,43,170,81,238,244,45,187,,270,,,110,78,51,114,84,132,139,136,28,97,6,108,271,277,131,279,285,143,197,57,79,36,142,38,312,108,86,224,64,182,76,53,121,55,45,27,302,263,288,291,,,149,244,,,109,219,235,24,114,47,33,35,95,85,23,72,247,255,256,66,137,73,187,134,43,64,277,280,,186,,,b'\x11\xe8\xe1I\xcc`\x8d:\xaf\x82\x12\xdf\x17\xaeN\x1e'
11E8E149-CC60-8D3A-AF82-12DF17AE4E1E,2011-ncaa-d0-natl,ncaa,168,207,77,181,82,93,89,53,209,82,83,144,147,61,310,128,93,75,227,73,126,50,45,216,220,207,200,200,154,38,73,122,245,63,168,70,105,271,144,133,42,61,55,57,,,328,285,,,150,52,53,67,108,105,35,103,111,166,73,109,89,83,31,27,38,195,66,79,223,43,55,,314,,,151,271,194,225,151,203,215,174,159,199,96,154,336,334,211,332,316,270,295,149,197,133,258,115,322,281,245,296,73,306,168,277,299,30,52,107,294,209,310,271,,,82,247,,,150,293,181,137,153,222,141,146,155,144,128,161,322,318,317,229,299,250,251,264,238,29,263,296,,123,,,b'\x11\xe8\xe1I\xcc`\x8d:\xaf\x82\x12\xdf\x17\xaeN\x1e'
11E8E149-CC60-8D3A-AF82-12DF17AE4E1E,2011-ncaa-d1-conf-ACC,ncaa,7,7,4,7,6,10,9,8,9,10,10,9,6,2,11,2,9,9,8,9,6,7,8,10,9,10,4,3,7,11,12,7,10,10,11,8,5,6,8,10,6,6,6,5,,,11,12,,,10,8,8,3,10,9,9,11,11,6,3,7,7,7,9,11,12,8,11,9,5,6,6,,12,,,10,10,7,5,7,7,5,8,10,8,9,6,12,12,8,12,11,8,8,11,11,9,10,7,12,7,10,9,12,10,11,11,11,6,6,8,5,9,9,11,,,9,6,,,10,7,10,9,10,10,6,5,5,5,9,5,12,11,11,7,7,7,10,10,11,5,8,8,,7,,,b'\x11\xe8\xe1I\xcc`\x8d:\xaf\x82\x12\xdf\x17\xaeN\x1e'
11E8E149-CC60-8D3A-AF82-12DF17AE4E1E,2011-ncaa-d1-natl,ncaa,174,202,95,185,101,103,100,60,215,91,96,148,155,68,313,125,105,89,223,88,124,58,52,223,230,211,198,195,150,43,74,147,248,75,180,78,107,262,149,137,47,66,61,57,,,326,286,,,158,58,53,67,111,115,36,111,116,170,74,111,88,85,31,29,41,198,70,82,225,46,55,,316,,,159,259,178,203,155,193,197,183,151,185,99,154,334,333,211,331,318,256,286,155,205,141,255,113,323,272,248,284,74,298,180,270,300,36,57,112,286,211,307,275,,,102,244,,,158,283,186,146,161,226,145,147,161,150,129,164,326,320,318,231,298,251,256,269,245,34,265,298,,125,,,b'\x11\xe8\xe1I\xcc`\x8d:\xaf\x82\x12\xdf\x17\xaeN\x1e'
11E8E149-CC60-8D3A-AF82-12DF17AE4E1E,2012-ncaa-d0-natl,ncaa,87,129,22,117,28,32,24,16,112,25,25,106,113,95,207,200,61,33,268,30,184,14,12,142,158,139,248,219,217,37,136,47,275,35,229,47,208,289,95,121,14,41,107,175,,,337,276,,,69,9,16,146,45,36,19,37,37,159,140,116,68,66,13,17,74,149,93,74,187,23,139,,321,,,72,311,289,318,117,304,329,99,117,151,89,39,330,335,142,334,261,329,337,86,113,50,132,45,298,337,275,332,136,338,229,222,106,8,36,23,251,99,341,318,,,37,240,,,69,335,120,63,85,204,173,220,232,290,64,70,303,308,307,266,331,301,303,317,117,16,164,338,,107,,,b'\x11\xe8\xe1I\xcc`\x8d:\xaf\x82\x12\xdf\x17\xaeN\x1e'
11E8E149-CC60-8D3A-AF82-12DF17AE4E1E,2012-ncaa-d1-conf-ACC,ncaa,7,7,1,7,4,4,4,2,7,4,2,7,3,3,9,5,9,7,9,6,10,3,3,7,7,7,4,4,11,2,8,3,8,2,8,7,11,7,5,6,6,6,6,7,,,12,11,,,8,2,3,8,5,5,3,6,5,4,3,9,9,8,4,5,3,6,5,8,5,6,7,,12,,,8,11,11,11,6,10,10,7,7,6,7,4,11,11,4,11,10,11,12,6,8,7,5,3,10,10,8,11,8,12,8,9,7,4,7,7,7,4,11,10,,,4,11,,,8,11,7,7,8,9,8,8,8,8,5,4,11,10,10,10,11,10,10,11,9,6,6,11,,8,,,b'\x11\xe8\xe1I\xcc`\x8d:\xaf\x82\x12\xdf\x17\xaeN\x1e'
11E8E149-CC60-8D3A-AF82-12DF17AE4E1E,2012-ncaa-d1-natl,ncaa,90,129,23,119,34,33,26,17,122,27,26,110,120,103,207,199,70,34,266,34,184,14,12,148,168,144,244,219,212,40,146,58,279,39,237,52,216,282,98,126,16,43,115,180,,,337,278,,,73,10,18,146,49,38,21,40,37,157,141,117,72,71,13,18,76,152,101,81,192,23,141,,321,,,77,306,274,315,124,299,327,104,105,135,97,38,327,332,144,329,262,329,336,90,119,62,129,45,299,336,279,330,146,338,237,210,106,8,38,23,241,98,341,321,,,43,238,,,73,334,128,72,92,211,180,222,237,290,66,69,306,308,307,268,330,307,307,321,121,16,166,338,,108,,,b'\x11\xe8\xe1I\xcc`\x8d:\xaf\x82\x12\xdf\x17\xaeN\x1e'
11E8E149-CC60-8D3A-AF82-12DF17AE4E1E,2013-ncaa-d0-natl,ncaa,196,244,80,220,79,72,53,76,54,45,72,54,120,146,96,193,171,108,308,110,192,76,52,67,86,118,243,182,283,107,134,236,309,180,254,58,130,307,212,131,134,196,158,236,,,327,289,,,248,43,58,7,61,39,80,44,96,134,167,209,133,135,80,46,143,306,256,54,271,157,185,,315,,,240,338,332,283,326,338,320,299,174,79,339,24,338,332,325,331,248,302,297,323,333,327,103,43,276,280,309,219,134,260,254,288,112,90,172,196,246,165,195,136,,,100,233,,,248,299,122,325,242,335,319,259,324,315,154,51,334,320,317,304,306,243,164,208,261,113,204,175,,152,,,b'\x11\xe8\xe1I\xcc`\x8d:\xaf\x82\x12\xdf\x17\xaeN\x1e'
11E8E149-CC60-8D3A-AF82-12DF17AE4E1E,2013-ncaa-d1-conf-ACC,ncaa,9,9,3,9,3,5,5,8,4,6,8,4,4,3,4,3,7,5,8,5,6,8,5,4,5,5,4,3,7,7,8,10,10,8,9,5,6,10,10,6,8,9,8,11,,,11,10,,,9,3,7,1,6,5,8,6,9,4,3,7,5,5,8,4,7,11,10,5,10,8,8,,10,,,9,12,11,8,12,11,10,9,7,4,12,2,12,11,11,11,9,10,9,10,12,12,5,4,9,8,10,6,8,8,9,8,5,5,7,8,5,6,10,9,,,2,4,,,9,10,4,12,9,12,11,10,11,10,6,4,12,11,11,11,9,9,4,6,7,6,5,10,,2,,,b'\x11\xe8\xe1I\xcc`\x8d:\xaf\x82\x12\xdf\x17\xaeN\x1e'
11E8E149-CC60-8D3A-AF82-12DF17AE4E1E,2013-ncaa-d1-natl,ncaa,201,243,90,227,90,79,61,86,55,48,83,58,124,154,91,194,184,117,308,120,193,90,62,68,89,120,241,179,282,121,140,261,310,204,261,64,131,294,215,135,146,206,170,244,,,321,291,,,252,50,60,6,63,41,83,48,100,134,167,209,133,133,82,49,147,310,259,57,273,162,190,,317,,,248,338,331,271,327,338,318,300,162,66,341,25,338,329,326,328,250,298,291,324,334,330,103,45,281,270,310,204,140,244,261,280,112,104,180,204,231,165,187,141,,,111,228,,,252,294,130,326,250,336,320,260,326,315,155,50,335,321,316,307,304,244,165,209,263,118,205,181,,148,,,b'\x11\xe8\xe1I\xcc`\x8d:\xaf\x82\x12\xdf\x17\xaeN\x1e'
11E8E149-CC60-8D3A-AF82-12DF17AE4E1E,2014-ncaa-d0-natl,ncaa,165,173,131,173,164,150,155,198,99,134,182,93,193,197,179,200,131,71,317,68,50,165,114,117,146,222,186,209,118,80,41,162,253,110,88,200,224,327,312,287,121,149,139,154,,,272,246,,,181,136,100,270,164,160,231,141,189,201,198,120,49,49,179,90,76,169,99,215,324,130,139,,279,,,181,210,207,204,172,240,238,174,134,135,145,95,227,258,91,258,212,225,239,161,156,148,120,109,220,270,253,62,41,142,88,104,43,116,135,77,330,317,274,276,,,85,102,,,181,229,185,176,175,218,209,211,229,252,129,123,230,255,255,241,264,276,46,127,101,109,326,274,,64,,,b'\x11\xe8\xe1I\xcc`\x8d:\xaf\x82\x12\xdf\x17\xaeN\x1e'
11E8E149-CC60-8D3A-AF82-12DF17AE4E1E,2014-ncaa-d1-conf-ACC,ncaa,11,11,4,11,8,11,11,12,12,11,10,6,14,10,15,8,6,4,13,3,1,11,8,12,11,15,9,12,1,9,7,4,7,6,6,12,9,15,15,15,11,12,6,8,,,12,10,,,11,8,7,9,11,13,13,11,10,14,10,5,2,2,12,8,7,5,6,13,15,12,7,,10,,,11,6,5,12,5,11,11,6,5,9,4,8,8,10,6,10,7,11,11,5,4,6,3,6,9,11,7,6,7,7,6,4,4,9,9,5,15,15,12,13,,,3,3,,,11,10,12,7,11,7,8,12,11,11,6,9,8,9,9,11,10,11,5,8,4,9,15,12,,3,,,b'\x11\xe8\xe1I\xcc`\x8d:\xaf\x82\x12\xdf\x17\xaeN\x1e'
11E8E149-CC60-8D3A-AF82-12DF17AE4E1E,2014-ncaa-d1-natl,ncaa,173,171,145,178,193,169,176,224,105,156,196,96,201,207,185,199,143,80,320,75,50,191,137,123,151,224,184,209,116,93,43,192,263,128,92,219,228,324,314,290,139,153,147,154,,,257,251,,,190,164,101,273,171,172,235,146,190,203,197,124,50,49,182,93,76,176,103,223,325,135,141,,281,,,190,192,190,188,177,224,218,180,122,121,148,93,210,243,93,246,212,203,212,166,162,158,120,109,222,257,263,44,43,121,92,97,45,128,143,84,326,321,270,282,,,94,100,,,190,201,191,185,190,227,215,214,237,254,127,122,232,256,256,246,261,281,47,127,105,113,328,276,,65,,,b'\x11\xe8\xe1I\xcc`\x8d:\xaf\x82\x12\xdf\x17\xaeN\x1e'
11E8E149-CC60-8D3A-AF82-12DF17AE4E1E,2015-ncaa-d0-natl,ncaa,208,267,48,241,57,73,78,135,47,59,121,48,175,201,121,237,35,21,244,22,30,94,49,65,62,163,195,238,57,85,66,116,202,95,78,74,119,349,338,274,97,144,105,149,,,339,303,,,252,36,48,217,109,135,277,105,203,208,242,45,22,25,211,77,140,214,175,104,341,124,139,,325,,,243,339,325,297,283,315,282,269,284,256,272,178,335,332,306,333,290,315,316,284,311,299,244,158,282,257,202,108,66,165,78,266,105,94,163,153,347,333,317,283,,,23,44,,,252,318,158,282,231,309,278,209,270,197,239,206,322,308,307,275,289,175,27,55,186,132,337,286,,21,,,b'\x11\xe8\xe1I\xcc`\x8d:\xaf\x82\x12\xdf\x17\xaeN\x1e'
11E8E149-CC60-8D3A-AF82-12DF17AE4E1E,2015-ncaa-d1-conf-ACC,ncaa,13,13,1,13,2,5,6,11,3,6,7,2,13,12,8,12,3,1,14,1,2,8,3,4,2,11,12,12,3,8,7,7,10,8,6,6,6,15,15,13,7,12,13,13,,,15,13,,,13,3,2,11,9,9,15,7,10,14,13,6,1,1,12,6,10,13,11,8,15,11,13,,15,,,12,15,15,14,14,14,9,14,13,14,11,11,15,15,15,15,14,15,14,14,14,14,12,10,13,12,10,3,7,6,6,13,7,6,12,10,15,15,13,13,,,2,1,,,13,15,11,14,12,15,13,11,12,6,13,13,15,14,15,13,14,9,3,4,10,12,15,12,,2,,,b'\x11\xe8\xe1I\xcc`\x8d:\xaf\x82\x12\xdf\x17\xaeN\x1e'
11E8E149-CC60-8D3A-AF82-12DF17AE4E1E,2015-ncaa-d1-natl,ncaa,222,267,55,252,71,84,93,169,51,74,139,53,188,212,118,236,39,24,245,26,28,120,55,72,66,173,194,235,53,103,68,143,212,116,86,86,121,348,339,278,110,153,114,151,,,337,301,,,267,42,49,211,117,146,285,111,205,207,243,48,26,27,220,90,152,220,189,115,342,135,147,,325,,,259,338,319,283,290,303,266,274,275,241,281,173,335,329,307,330,292,310,312,291,318,308,243,159,280,234,212,79,68,132,86,251,107,109,168,161,345,335,313,293,,,27,41,,,267,311,168,289,245,313,284,213,276,204,242,205,323,311,310,278,289,180,29,57,199,138,339,289,,22,,,b'\x11\xe8\xe1I\xcc`\x8d:\xaf\x82\x12\xdf\x17\xaeN\x1e'
11E8E149-CC60-8D3A-AF82-12DF17AE4E1E,2016-ncaa-d0-natl,ncaa,136,181,38,162,70,137,166,151,196,138,133,187,218,189,260,230,58,16,325,14,16,105,56,225,215,271,183,248,37,47,47,87,222,61,80,223,273,347,333,333,106,155,72,91,,,321,263,,,226,67,136,280,236,261,287,214,217,253,239,89,27,24,232,114,78,172,111,281,341,148,96,,272,,,219,269,256,282,138,253,260,169,208,260,98,191,277,283,126,288,229,289,292,131,133,141,191,169,227,298,222,162,47,238,80,248,203,75,142,141,346,312,294,284,,,17,45,,,226,288,252,147,219,174,156,173,166,159,167,202,214,224,230,199,217,231,61,104,174,133,323,266,,36,,,b'\x11\xe8\xe1I\xcc`\x8d:\xaf\x82\x12\xdf\x17\xaeN\x1e'
11E8E149-CC60-8D3A-AF82-12DF17AE4E1E,2016-ncaa-d1-conf-ACC,ncaa,9,9,4,9,6,10,10,13,7,8,12,7,11,11,6,10,7,4,10,4,2,11,9,7,8,12,8,11,3,7,6,6,9,9,5,12,11,15,15,15,7,8,5,6,,,11,10,,,11,5,6,7,10,11,14,11,12,12,12,7,4,4,13,8,8,8,10,12,15,7,6,,9,,,11,13,13,11,8,12,9,13,10,13,6,14,11,8,13,8,9,12,11,9,12,12,9,9,9,9,9,3,6,4,5,10,9,10,11,10,14,14,11,14,,,6,2,,,11,11,10,13,11,13,12,12,13,10,10,13,11,8,8,14,12,10,3,5,10,11,14,12,,5,,,b'\x11\xe8\xe1I\xcc`\x8d:\xaf\x82\x12\xdf\x17\xaeN\x1e'
11E8E149-CC60-8D3A-AF82-12DF17AE4E1E,2016-ncaa-d1-natl,ncaa,153,179,51,167,91,168,192,189,206,165,166,198,232,201,262,229,69,25,328,23,12,140,68,233,226,280,180,247,33,59,49,113,230,73,89,245,274,346,337,334,127,169,80,96,,,310,268,,,238,79,141,282,245,270,292,217,226,260,241,89,27,25,238,117,83,178,115,290,341,158,102,,272,,,236,250,239,261,152,232,236,180,199,239,102,189,265,267,128,277,234,270,278,147,149,155,184,166,226,284,230,133,49,211,89,233,206,102,151,160,345,316,289,286,,,27,41,,,238,274,258,165,238,182,165,178,175,164,170,201,213,224,231,201,213,240,62,108,182,140,323,272,,37,,,b'\x11\xe8\xe1I\xcc`\x8d:\xaf\x82\x12\xdf\x17\xaeN\x1e'
11E8E149-CC60-8D3A-AF82-12DF17AE4E1E,2017-ncaa-d0-natl,ncaa,150,184,74,170,88,126,114,87,175,72,44,211,247,261,200,297,125,112,228,110,255,84,61,230,227,243,301,293,156,35,40,78,132,49,53,167,243,318,261,256,177,208,129,195,,,217,137,,,210,79,129,132,172,149,137,94,42,274,285,157,134,136,126,69,46,93,44,204,287,208,140,,161,,,208,267,286,291,174,314,310,196,95,158,47,72,205,188,253,192,82,289,277,129,121,180,37,46,142,232,132,167,40,202,53,228,107,184,242,206,309,264,312,240,,,139,270,,,210,280,203,172,204,215,247,274,292,314,66,112,150,131,141,258,228,179,97,120,161,234,283,297,,205,,,b'\x11\xe8\xe1I\xcc`\x8d:\xaf\x82\x12\xdf\x17\xaeN\x1e'
11E8E149-CC60-8D3A-AF82-12DF17AE4E1E,2017-ncaa-d1-conf-ACC,ncaa,9,9,10,9,10,12,12,11,14,11,9,15,11,12,7,10,9,9,11,9,9,11,8,14,14,14,7,9,5,4,5,6,8,6,6,11,7,14,13,14,12,12,12,13,,,6,7,,,10,9,5,3,11,12,9,8,4,11,11,9,7,7,9,3,3,5,2,10,14,11,12,,10,,,10,10,12,11,10,12,13,10,4,6,5,4,3,4,11,3,1,8,6,10,9,9,1,2,2,10,8,3,5,6,6,13,11,10,11,14,14,14,13,12,,,9,11,,,10,7,12,10,10,12,13,14,13,13,6,7,4,4,4,13,13,11,8,10,13,9,14,14,,7,,,b'\x11\xe8\xe1I\xcc`\x8d:\xaf\x82\x12\xdf\x17\xaeN\x1e'
11E8E149-CC60-8D3A-AF82-12DF17AE4E1E,2017-ncaa-d1-natl,ncaa,157,181,98,175,112,154,139,107,185,86,50,219,261,265,201,293,147,129,226,128,258,110,81,239,241,247,298,287,155,40,41,94,145,58,59,191,246,306,265,261,200,215,141,204,,,199,141,,,223,102,134,127,180,163,143,101,46,277,283,166,148,149,134,74,45,100,50,213,287,215,148,,164,,,223,247,278,282,186,307,305,206,75,131,53,69,179,167,255,177,84,278,256,136,134,185,35,44,142,212,145,130,41,165,59,210,107,208,249,213,300,264,309,245,,,168,266,,,223,259,211,186,219,222,255,277,300,316,64,110,157,132,140,260,224,185,100,125,169,239,282,298,,211,,,b'\x11\xe8\xe1I\xcc`\x8d:\xaf\x82\x12\xdf\x17\xaeN\x1e'
11E8E149-CC60-8D3A-AF82-12DF17AE4E1E,2018-ncaa-d0-natl,ncaa,185,207,117,206,132,128,111,101,154,78,67,145,234,205,268,253,184,177,220,173,278,99,86,196,209,208,303,265,227,35,26,153,144,84,64,135,196,229,172,167,174,182,68,69,,,238,224,,,152,138,147,138,137,103,72,62,55,241,226,206,184,182,94,76,25,187,73,135,216,186,62,,228,,,153,195,179,177,172,207,210,187,114,125,137,115,274,261,245,257,236,189,195,155,193,179,153,95,263,137,144,133,26,130,64,151,134,150,153,136,258,213,204,125,,,211,277,,,152,211,145,167,155,172,153,124,195,186,111,103,255,246,244,153,166,124,124,109,132,160,243,201,,223,,,b'\x11\xe8\xe1I\xcc`\x8d:\xaf\x82\x12\xdf\x17\xaeN\x1e'
11E8E149-CC60-8D3A-AF82-12DF17AE4E1E,2018-ncaa-d1-conf-ACC,ncaa,11,11,4,11,4,10,6,8,7,6,8,8,10,8,10,10,11,9,12,9,12,8,9,9,10,11,10,9,13,4,4,10,7,7,7,9,11,11,9,11,9,9,11,7,,,12,13,,,10,9,9,3,11,8,7,6,8,10,10,12,10,9,8,8,3,11,6,10,11,9,10,,12,,,10,11,9,4,11,8,5,13,8,7,6,8,15,15,12,15,15,6,7,12,13,12,12,8,13,4,7,10,4,7,7,8,11,7,8,10,13,11,8,7,,,11,13,,,10,7,9,10,11,10,6,3,8,3,8,7,14,15,15,5,4,5,8,7,7,9,12,9,,11,,,b'\x11\xe8\xe1I\xcc`\x8d:\xaf\x82\x12\xdf\x17\xaeN\x1e'
11E8E149-CC60-8D3A-AF82-12DF17AE4E1E,2018-ncaa-d1-natl,ncaa,203,207,144,210,166,157,132,122,161,91,79,155,252,219,274,254,212,203,216,200,277,126,116,208,217,218,301,266,221,44,29,196,152,108,74,153,198,209,177,176,195,194,72,73,,,213,229,,,176,171,156,128,147,116,80,64,57,244,226,201,188,184,96,79,32,195,79,141,215,192,68,,227,,,175,167,148,128,187,185,172,199,96,97,141,109,261,246,247,245,237,145,154,167,205,196,152,93,265,116,152,111,29,98,74,134,137,171,157,145,238,215,193,136,,,239,279,,,176,176,156,185,175,179,163,127,205,191,113,102,261,249,247,156,164,126,126,113,139,162,244,204,,225,,,b'\x11\xe8\xe1I\xcc`\x8d:\xaf\x82\x12\xdf\x17\xaeN\x1e'
11E8E149-CC60-8D3A-AF82-12DF17AE4E1E,2019-ncaa-d0-natl,ncaa,253,269,173,262,229,277,258,273,218,198,180,208,307,299,306,272,237,237,226,237,232,276,228,256,257,291,297,284,151,150,74,131,150,138,71,229,153,316,332,291,276,274,80,79,,,50,62,,,269,259,265,272,302,286,304,185,165,316,296,248,236,238,305,220,128,89,88,237,318,276,71,,56,,,269,135,159,192,141,118,181,78,261,189,323,205,59,88,23,89,95,172,103,174,125,209,223,293,66,179,150,44,74,66,71,175,185,313,312,290,304,317,171,182,,,244,208,,,269,86,280,228,272,168,197,229,135,214,281,206,66,109,109,206,104,197,50,78,191,317,301,181,,232,,,b'\x11\xe8\xe1I\xcc`\x8d:\xaf\x82\x12\xdf\x17\xaeN\x1e'
11E8E149-CC60-8D3A-AF82-12DF17AE4E1E,2019-ncaa-d1-conf-ACC,ncaa,15,15,11,15,12,15,15,15,12,13,11,12,15,14,14,13,13,12,14,12,10,15,15,12,14,14,13,13,8,10,7,10,9,13,9,14,7,14,15,14,12,11,5,3,,,4,5,,,13,15,13,8,15,14,15,12,6,15,13,13,10,10,15,10,9,8,9,14,14,12,4,,5,,,13,7,6,3,10,5,4,9,10,5,14,7,5,6,2,5,11,4,1,11,11,14,12,11,7,7,9,3,7,4,9,9,13,13,12,15,13,15,7,9,,,12,6,,,13,1,14,13,14,11,11,6,10,6,12,6,8,10,10,6,4,8,7,7,12,13,14,9,,10,,,b'\x11\xe8\xe1I\xcc`\x8d:\xaf\x82\x12\xdf\x17\xaeN\x1e'
11E8E149-CC60-8D3A-AF82-12DF17AE4E1E,2019-ncaa-d1-natl,ncaa,266,266,233,268,292,300,290,314,233,239,220,225,322,310,309,274,264,266,223,265,230,312,281,267,266,296,294,284,147,185,85,174,158,175,75,259,156,297,334,303,295,283,91,86,,,33,64,,,282,308,269,272,305,295,313,205,166,316,300,252,239,239,311,232,134,97,103,248,320,286,74,,56,,,283,98,131,149,155,96,149,84,248,163,324,201,51,73,28,74,97,120,54,192,142,227,222,293,66,148,158,16,85,34,75,160,184,326,321,301,288,325,160,195,,,266,211,,,282,42,284,245,289,178,212,234,148,220,285,205,71,111,111,206,101,206,52,85,199,323,309,192,,231,,,b'\x11\xe8\xe1I\xcc`\x8d:\xaf\x82\x12\xdf\x17\xaeN\x1e'
11E8E149-CC60-8D3A-AF82-12DF17AE4E1E,2020-ncaa-d0-natl,ncaa,140,195,8,174,15,74,70,66,104,36,20,165,249,285,110,314,52,81,63,84,234,57,45,152,131,145,283,300,106,28,29,52,152,23,40,132,251,249,174,191,246,286,210,275,,,248,178,,,151,81,262,248,159,143,194,76,52,282,317,99,146,152,191,190,58,141,69,206,170,290,236,,153,,,155,277,303,312,188,326,346,130,112,88,256,36,148,158,146,152,41,310,283,147,129,223,18,66,85,260,152,99,29,152,40,146,39,243,297,219,212,129,244,112,,,62,149,,,151,273,102,231,151,161,231,222,277,321,79,38,92,101,98,190,111,176,28,44,80,304,134,179,,174,,,b'\x11\xe8\xe1I\xcc`\x8d:\xaf\x82\x12\xdf\x17\xaeN\x1e'
11E8E149-CC60-8D3A-AF82-12DF17AE4E1E,2020-ncaa-d1-conf-ACC,ncaa,9,11,1,9,1,7,8,5,11,6,1,13,12,11,8,14,2,2,2,2,9,4,3,11,9,9,9,12,1,2,2,7,9,3,7,12,13,10,8,13,11,11,14,14,,,8,4,,,11,4,13,10,11,13,10,9,3,13,13,3,5,5,10,10,4,11,8,13,8,11,14,,4,,,11,13,14,13,13,15,15,11,5,3,11,1,4,4,11,3,2,12,10,11,10,12,1,2,2,12,9,9,2,11,7,9,5,10,11,11,8,8,10,7,,,2,7,,,11,13,8,12,11,8,12,9,15,15,4,2,4,2,2,8,5,9,6,8,6,11,8,8,,6,,,b'\x11\xe8\xe1I\xcc`\x8d:\xaf\x82\x12\xdf\x17\xaeN\x1e'
11E8E149-CC60-8D3A-AF82-12DF17AE4E1E,2020-ncaa-d1-natl,ncaa,150,195,12,182,25,92,83,88,107,45,24,174,260,299,118,314,66,98,64,102,234,79,73,167,137,147,284,299,99,38,31,73,160,27,44,154,259,233,180,197,266,291,219,280,,,227,189,,,166,116,263,246,167,153,204,79,57,287,318,100,150,155,200,195,63,147,75,216,173,295,239,,156,,,167,261,292,298,200,318,343,137,102,68,267,33,134,144,148,138,41,292,254,164,143,237,19,64,86,239,160,73,31,123,44,133,42,271,304,229,195,137,231,115,,,87,149,,,166,238,110,252,164,170,243,225,288,323,78,38,94,103,100,193,108,178,30,44,86,309,139,184,,171,,,b'\x11\xe8\xe1I\xcc`\x8d:\xaf\x82\x12\xdf\x17\xaeN\x1e'
11E8E149-CC60-8D3A-AF82-12DF17AE4E1E,2021-ncaa-d0-natl,ncaa,128,227,59,180,64,99,94,96,125,83,73,144,127,131,124,209,65,88,64,82,148,93,112,134,116,93,176,202,109,134,202,111,195,122,197,186,328,148,60,172,202,277,205,297,,,190,77,,,201,107,251,89,130,138,190,128,159,180,214,100,143,138,185,255,228,233,248,290,41,281,264,,64,,,187,284,316,289,281,319,307,272,225,221,195,112,119,119,169,115,12,274,243,258,223,291,19,114,15,248,195,247,202,246,197,292,118,219,313,312,151,79,310,241,,,97,120,,,201,239,101,288,185,232,301,258,313,292,153,124,28,31,30,215,104,157,137,120,230,318,65,260,,163,,,b'\x11\xe8\xe1I\xcc`\x8d:\xaf\x82\x12\xdf\x17\xaeN\x1e'
11E8E149-CC60-8D3A-AF82-12DF17AE4E1E,2021-ncaa-d1-conf-ACC,ncaa,5,11,1,8,1,5,6,6,7,6,3,11,6,7,9,10,3,4,8,4,6,4,3,7,7,7,7,8,5,5,10,6,6,5,12,10,14,11,7,10,9,12,9,11,,,7,3,,,10,3,14,3,12,12,13,10,12,11,10,7,8,8,12,13,10,12,12,14,4,11,11,,4,,,9,13,15,15,10,15,15,11,7,9,4,6,5,5,5,5,2,14,13,8,5,7,1,4,1,12,6,13,10,14,12,14,9,9,13,15,13,7,15,12,,,5,9,,,10,13,6,8,8,5,11,9,11,14,4,6,1,3,2,5,2,6,5,5,9,13,7,9,,9,,,b'\x11\xe8\xe1I\xcc`\x8d:\xaf\x82\x12\xdf\x17\xaeN\x1e'
11E8E149-CC60-8D3A-AF82-12DF17AE4E1E,2021-ncaa-d1-natl,ncaa,139,225,70,185,74,108,102,108,128,89,83,147,136,143,127,207,74,101,65,96,147,105,128,136,117,99,170,201,101,152,204,130,203,135,202,203,328,134,61,175,219,282,215,299,,,178,77,,,215,123,257,86,135,147,194,134,161,182,215,103,147,141,191,260,234,237,257,297,41,284,267,,66,,,203,280,312,286,283,317,303,278,215,211,201,110,109,108,172,107,12,263,230,263,233,298,19,112,15,241,203,235,204,234,202,287,119,233,315,315,142,81,308,244,,,111,117,,,215,223,110,294,201,242,304,259,314,298,154,121,27,31,30,215,102,160,138,124,234,320,65,264,,165,,,b'\x11\xe8\xe1I\xcc`\x8d:\xaf\x82\x12\xdf\x17\xaeN\x1e'
11E8E149-CC60-8D3A-AF82-12DF17AE4E1E,2021-ncaa-d1-ncaatournament,ncaa,33,2,33,33,34,44,39,45,30,42,47,26,40,42,37,11,55,57,26,55,54,50,50,27,36,35,36,21,58,53,42,44,16,46,38,37,27,12,31,19,37,16,56,59,,,4,9,,,51,47,29,7,36,26,24,30,38,22,12,55,56,53,40,36,44,34,42,20,27,16,56,,8,,,53,24,30,24,56,29,18,60,21,25,38,43,2,3,12,2,4,16,10,56,55,61,12,37,3,6,16,11,42,7,38,32,52,59,57,63,22,49,35,57,,,63,63,,,51,13,38,60,52,55,62,52,59,42,44,49,5,6,5,41,20,8,36,24,60,58,47,54,,63,,,b'\x11\xe8\xe1I\xcc`\x8d:\xaf\x82\x12\xdf\x17\xaeN\x1e'
11E8E149-CC60-8D3A-AF82-12DF17AE4E1E,2022-ncaa-d0-natl,ncaa,139,233,27,184,39,75,74,44,194,73,43,238,98,108,100,214,86,73,213,73,208,43,43,193,203,172,172,173,184,44,98,51,111,39,101,204,344,275,129,246,157,240,147,205,,,299,199,,,135,49,158,253,143,141,107,156,107,155,191,165,148,153,111,117,91,118,88,294,152,244,189,,186,,,137,300,304,318,136,307,305,176,214,282,73,178,248,235,283,237,120,317,304,128,130,161,108,130,148,242,111,312,98,309,101,261,129,133,238,205,224,96,331,268,,,99,254,,,135,300,154,150,150,155,177,210,198,200,127,181,139,118,120,188,158,141,173,154,140,257,118,305,,223,,,b'\x11\xe8\xe1I\xcc`\x8d:\xaf\x82\x12\xdf\x17\xaeN\x1e'
11E8E149-CC60-8D3A-AF82-12DF17AE4E1E,2022-ncaa-d1-conf-ACC,ncaa,11,11,4,11,7,12,12,8,12,10,6,12,11,11,8,11,9,6,11,7,9,8,9,12,12,13,6,8,6,8,9,10,9,10,13,14,15,9,7,13,9,10,14,14,,,14,14,,,11,8,9,6,12,12,9,10,9,11,12,8,6,6,9,8,10,12,11,14,9,10,14,,13,,,11,13,12,8,13,11,9,12,8,9,7,7,13,11,9,13,11,7,7,13,13,13,6,5,10,7,9,13,9,10,13,11,6,11,13,14,6,7,14,13,,,9,10,,,11,8,12,13,11,11,11,7,11,9,8,7,11,10,11,8,7,7,12,10,11,12,7,13,,9,,,b'\x11\xe8\xe1I\xcc`\x8d:\xaf\x82\x12\xdf\x17\xaeN\x1e'
11E8E149-CC60-8D3A-AF82-12DF17AE4E1E,2022-ncaa-d1-natl,ncaa,157,233,32,194,50,93,89,57,208,92,54,258,114,131,104,214,100,87,212,88,207,53,51,206,214,184,169,172,179,56,110,65,117,47,109,241,344,256,133,262,188,253,163,212,,,286,209,,,160,63,165,251,161,162,117,164,111,159,193,167,155,158,121,128,96,134,97,305,159,254,196,,188,,,162,285,290,311,151,298,295,178,198,271,78,175,233,213,290,214,119,310,288,139,142,176,104,133,152,217,117,299,110,291,109,242,130,164,246,217,197,103,329,277,,,117,253,,,160,287,171,162,178,166,185,211,205,202,131,180,147,121,121,191,154,140,181,157,152,263,123,310,,219,,,b'\x11\xe8\xe1I\xcc`\x8d:\xaf\x82\x12\xdf\x17\xaeN\x1e'
11E8E149-CC60-8D3A-AF82-12DF17AE4E1E,2023-ncaa-d0-natl,ncaa,135,203,29,169,41,149,148,104,237,211,225,191,68,38,212,52,215,155,318,148,99,111,101,192,222,207,71,60,256,150,235,99,184,113,226,110,79,240,184,150,198,249,65,94,,,294,251,,,175,96,308,272,270,264,287,314,323,100,78,290,241,232,277,303,239,231,256,177,125,267,90,,179,,,174,235,245,276,127,309,321,131,69,112,56,50,255,266,103,269,165,284,274,88,84,107,41,31,226,253,184,320,235,316,226,231,172,160,221,203,150,111,170,193,,,102,156,,,175,265,221,115,175,63,86,77,174,222,22,40,162,180,186,85,56,147,201,175,108,252,69,98,,223,,,b'\x11\xe8\xe1I\xcc`\x8d:\xaf\x82\x12\xdf\x17\xaeN\x1e'
11E8E149-CC60-8D3A-AF82-12DF17AE4E1E,2023-ncaa-d1-conf-ACC,ncaa,11,11,1,11,1,12,14,12,14,15,15,11,3,2,10,1,12,8,13,7,2,12,12,12,12,13,1,2,6,15,15,11,11,13,14,12,9,13,13,12,8,10,5,9,,,14,14,,,12,8,14,10,15,15,15,15,15,5,2,14,12,12,15,15,15,15,15,13,9,10,9,,13,,,12,9,9,8,9,13,11,12,1,4,1,2,13,14,6,14,11,11,10,7,7,9,2,1,14,10,11,14,15,13,14,8,7,8,10,7,7,9,3,9,,,8,6,,,12,9,14,8,12,5,6,2,12,8,1,3,13,13,13,4,3,6,10,6,7,12,5,3,,11,,,b'\x11\xe8\xe1I\xcc`\x8d:\xaf\x82\x12\xdf\x17\xaeN\x1e'
11E8E149-CC60-8D3A-AF82-12DF17AE4E1E,2023-ncaa-d1-natl,ncaa,151,203,33,179,48,181,183,134,250,248,255,197,84,54,219,52,231,174,322,168,98,140,119,199,229,218,67,61,252,179,247,126,188,137,242,131,83,220,187,153,225,258,75,99,,,278,264,,,195,118,309,270,280,282,295,319,325,107,83,295,245,237,289,307,248,242,268,189,126,282,93,,183,,,195,202,228,249,148,290,310,148,54,94,58,49,241,253,108,255,169,259,249,100,96,129,39,32,229,236,188,306,247,298,242,215,177,191,232,216,128,114,156,201,,,130,151,,,195,243,235,136,196,71,91,80,181,221,22,39,170,188,195,86,55,151,205,181,126,272,72,103,,221,,,b'\x11\xe8\xe1I\xcc`\x8d:\xaf\x82\x12\xdf\x17\xaeN\x1e'
11E8E149-CC60-8D3A-AF82-12DF17AE4E1E,2024-ncaa-d0-natl,ncaa,307,338,94,322,126,203,204,169,260,252,251,230,115,83,206,68,245,255,140,256,210,179,190,224,223,209,78,75,232,274,302,282,268,296,329,158,85,159,173,153,102,98,279,294,,,248,259,,,299,166,256,263,269,273,258,315,300,137,99,278,287,288,280,307,303,347,352,182,128,119,301,,211,,,293,275,265,174,323,264,183,305,224,154,326,144,276,251,314,253,245,184,187,324,331,326,188,169,225,174,268,268,302,244,329,202,117,162,161,183,154,174,233,283,,,239,250,,,299,194,243,312,293,240,226,86,229,122,196,116,241,215,217,94,81,136,227,189,163,196,120,206,,299,,,b'\x11\xe8\xe1I\xcc`\x8d:\xaf\x82\x12\xdf\x17\xaeN\x1e'
11E8E149-CC60-8D3A-AF82-12DF17AE4E1E,2024-ncaa-d1-conf-ACC,ncaa,14,14,4,14,9,14,14,11,14,15,14,14,3,3,6,2,12,11,10,11,11,12,13,13,13,13,1,2,12,15,13,15,12,15,15,9,4,7,10,8,4,4,12,11,,,9,13,,,14,11,15,13,14,14,13,15,15,4,5,13,12,12,13,15,15,15,15,9,7,4,12,,9,,,14,12,11,1,15,9,3,14,9,5,15,7,13,12,11,12,14,1,3,15,15,15,10,10,10,2,12,10,13,7,15,7,8,7,5,6,3,9,8,14,,,15,14,,,14,4,14,15,14,9,9,1,9,1,10,5,13,12,12,1,2,2,8,5,6,7,3,8,,15,,,b'\x11\xe8\xe1I\xcc`\x8d:\xaf\x82\x12\xdf\x17\xaeN\x1e'
11E8E149-CC60-8D3A-AF82-12DF17AE4E1E,2024-ncaa-d1-natl,ncaa,322,339,130,333,175,248,248,216,277,294,277,247,131,99,216,66,269,277,137,279,209,232,254,234,234,221,78,69,224,305,309,315,280,328,335,187,94,130,187,171,133,110,302,304,,,230,272,,,308,229,265,264,284,294,270,326,307,141,101,288,294,294,283,315,309,354,354,201,128,132,314,,215,,,305,262,253,130,334,250,149,314,210,126,332,143,257,234,318,232,248,142,131,337,342,332,190,167,228,148,280,243,309,204,335,190,123,198,179,199,132,187,217,291,,,279,246,,,308,134,259,327,306,255,242,89,241,126,202,116,253,224,225,100,78,145,236,201,173,208,125,216,,302,,,b'\x11\xe8\xe1I\xcc`\x8d:\xaf\x82\x12\xdf\x17\xaeN\x1e'
11E8E149-CC60-8D3A-AF82-12DF17AE4E1E,2025-ncaa-d0-natl,genius_ncaa,282,279,248,287,285,249,229,311,99,214,289,71,257,255,234,169,291,293,194,291,218,318,311,121,126,168,254,222,244,343,318,305,205,340,278,176,83,178,295,184,123,70,249,213,,,135,232,,254,222,276,220,191,238,195,305,177,257,234,221,274,274,276,318,297,339,302,348,135,252,85,227,,198,,299,223,112,107,71,254,109,70,249,154,111,254,199,182,154,298,149,243,65,76,261,283,231,216,189,239,74,205,42,318,41,278,140,214,189,114,164,120,219,186,281,,,305,228,,295,222,91,224,218,219,203,176,110,165,107,200,154,241,216,205,110,121,122,100,95,198,134,173,238,,283,,282,b'\x11\xe8\xe1I\xcc`\x8d:\xaf\x82\x12\xdf\x17\xaeN\x1e'
11E8E149-CC60-8D3A-AF82-12DF17AE4E1E,2025-ncaa-d1-conf-ACC,genius_ncaa,17,17,16,17,17,18,17,18,11,16,18,7,18,18,18,8,16,17,12,17,9,18,18,12,10,15,11,11,8,18,17,18,15,18,18,17,8,15,18,17,9,4,14,10,,,10,15,,9,17,17,13,9,17,17,18,15,16,17,12,12,15,15,18,17,18,18,18,13,18,4,12,,15,,13,18,4,4,1,16,2,1,14,11,5,18,12,15,15,11,14,17,1,1,18,18,17,16,12,15,3,15,1,17,1,18,10,13,7,4,8,15,17,7,13,,,15,8,,11,17,2,16,16,17,14,11,3,8,3,14,10,16,16,16,4,7,7,5,4,12,5,16,11,,12,,9,b'\x11\xe8\xe1I\xcc`\x8d:\xaf\x82\x12\xdf\x17\xaeN\x1e'
11E8E149-CC60-8D3A-AF82-12DF17AE4E1E,2025-ncaa-d1-natl,genius_ncaa,301,279,304,301,330,294,269,336,106,246,314,75,264,266,232,174,311,310,195,308,215,339,337,127,134,182,251,218,239,347,323,334,217,352,289,199,89,153,301,192,139,83,261,225,,,107,242,,251,251,323,226,180,253,209,319,189,262,239,224,275,279,280,321,304,341,314,353,143,255,94,234,,197,,300,253,88,76,43,269,79,44,260,138,80,262,192,168,134,303,132,248,40,32,273,297,247,214,187,239,57,217,28,323,23,289,123,216,224,121,178,101,223,171,288,,,323,223,,302,251,42,237,236,252,214,189,111,174,110,207,152,246,221,211,115,119,125,103,98,212,146,174,245,,283,,281,b'\x11\xe8\xe1I\xcc`\x8d:\xaf\x82\x12\xdf\x17\xaeN\x1e'
11E8E149-CC60-8D3A-AF82-12DF17AE4E1E,2026-ncaa-d0-natl,genius_ncaa,17,39,9,38,10,51,49,74,37,41,76,22,107,86,199,186,79,50,295,51,105,65,58,54,66,75,291,247,240,183,271,9,126,33,120,21,14,286,149,44,63,139,56,110,,,174,15,,349,40,37,255,78,125,99,268,68,236,212,216,181,139,143,241,290,308,20,99,30,120,135,90,,18,,309,45,216,262,351,9,228,347,11,296,339,46,283,30,27,135,25,2,342,335,11,7,14,148,310,13,338,126,299,271,324,120,329,348,81,215,232,246,128,150,80,,,39,108,,310,40,323,108,25,44,18,53,303,46,249,156,282,2,3,3,205,168,240,94,154,222,212,104,57,,164,,340,b'\x11\xe8\xe1I\xcc`\x8d:\xaf\x82\x12\xdf\x17\xaeN\x1e'
11E8E149-CC60-8D3A-AF82-12DF17AE4E1E,2026-ncaa-d1-natl,genius_ncaa,18,39,13,39,18,70,61,111,43,49,117,26,140,124,220,183,111,74,299,73,101,97,94,58,71,89,289,240,223,258,297,13,143,46,149,22,14,241,171,52,98,177,70,127,,,116,16,,345,55,62,270,73,160,128,301,91,255,225,225,195,147,146,276,306,330,24,127,32,128,173,99,,18,,320,67,173,222,347,11,189,339,14,280,333,53,284,15,11,146,10,2,329,312,13,7,18,142,308,10,331,143,267,297,302,149,320,351,132,252,271,200,143,120,90,,,62,90,,321,55,298,128,31,66,24,66,314,62,262,175,287,2,3,3,217,161,259,112,170,255,245,109,62,,161,,340,b'\x11\xe8\xe1I\xcc`\x8d:\xaf\x82\x12\xdf\x17\xaeN\x1e'
11E8E149-CC64-DDF4-AF82-12DF17AE4E1E,2010-ncaa-d0-natl,ncaa,197,224,122,217,131,197,182,211,146,111,84,192,312,330,131,332,145,141,171,141,222,196,171,206,195,224,305,317,96,214,173,227,271,225,225,233,276,259,256,267,101,97,128,107,,,311,320,,,215,157,192,59,234,202,259,101,71,321,332,146,133,139,239,202,235,280,283,260,246,106,128,,313,,,211,170,108,123,162,127,106,187,146,177,118,182,302,322,57,321,326,169,189,158,187,142,260,142,314,229,271,102,173,151,225,120,160,94,90,70,268,255,111,65,,,128,96,,,215,188,235,150,211,153,78,70,104,71,139,163,300,317,316,139,189,231,75,131,109,93,253,106,,131,,,b'\x11\xe8\xe1I\xccd\xdd\xf4\xaf\x82\x12\xdf\x17\xaeN\x1e'
11E8E149-CC64-DDF4-AF82-12DF17AE4E1E,2010-ncaa-d1-conf-Pac-12,ncaa,6,6,8,6,8,9,9,9,6,8,9,7,7,8,3,8,4,7,4,7,2,9,10,6,6,6,6,6,1,10,6,8,5,10,6,9,6,5,8,9,6,4,8,6,,,8,10,,,6,8,8,1,9,9,8,7,5,6,7,1,3,4,8,9,10,7,9,8,6,6,8,,9,,,6,3,3,2,6,2,1,7,6,6,5,8,8,8,2,8,10,2,3,7,7,7,9,6,9,4,5,4,6,3,6,3,8,6,4,6,8,10,3,4,,,8,2,,,6,3,8,7,7,5,4,4,3,2,7,8,8,9,9,4,5,6,5,6,5,5,9,3,,6,,,b'\x11\xe8\xe1I\xccd\xdd\xf4\xaf\x82\x12\xdf\x17\xaeN\x1e'
11E8E149-CC64-DDF4-AF82-12DF17AE4E1E,2010-ncaa-d1-natl,ncaa,206,223,134,223,142,212,193,225,149,115,91,197,315,331,136,331,150,148,172,149,222,209,189,208,199,227,306,317,91,233,178,248,273,247,233,250,280,248,254,270,116,105,133,109,,,306,322,,,218,174,194,57,239,211,259,104,71,319,332,144,135,141,241,204,238,282,286,269,246,110,131,,314,,,214,157,93,108,166,112,90,197,142,168,122,180,296,318,58,316,327,151,173,163,191,147,258,143,313,215,273,86,178,129,233,107,160,109,97,75,255,258,108,67,,,141,92,,,218,170,239,154,218,158,82,72,110,72,139,164,304,318,317,139,190,230,78,133,111,98,257,109,,130,,,b'\x11\xe8\xe1I\xccd\xdd\xf4\xaf\x82\x12\xdf\x17\xaeN\x1e'
11E8E149-CC64-DDF4-AF82-12DF17AE4E1E,2011-ncaa-d0-natl,ncaa,229,207,288,228,293,302,302,323,185,266,254,257,292,332,30,307,256,203,301,202,123,320,318,212,214,252,225,256,105,269,133,288,255,294,166,281,179,138,285,270,257,199,270,213,,,231,333,,,199,325,302,94,289,286,325,232,183,287,328,198,135,133,309,292,220,239,254,269,244,211,257,,308,,,202,13,9,20,55,8,11,92,86,129,56,245,148,209,11,203,319,23,30,62,72,71,293,208,293,127,255,10,133,18,166,15,123,234,119,61,145,260,184,233,,,173,7,,,199,20,251,90,198,64,31,50,30,26,137,201,216,280,274,83,85,227,44,94,39,146,225,240,,52,,,b'\x11\xe8\xe1I\xccd\xdd\xf4\xaf\x82\x12\xdf\x17\xaeN\x1e'
11E8E149-CC64-DDF4-AF82-12DF17AE4E1E,2011-ncaa-d1-conf-Pac-12,ncaa,7,7,7,7,7,9,9,9,4,7,7,7,7,9,1,9,8,8,7,8,5,9,9,5,5,7,7,5,5,10,7,6,7,7,6,9,7,8,9,9,10,10,10,9,,,10,10,,,6,9,6,1,9,8,9,7,6,7,9,7,7,7,9,9,10,4,6,8,8,10,9,,10,,,6,4,3,3,2,3,2,3,2,3,2,5,8,9,2,9,10,4,4,2,2,3,7,3,10,8,7,3,7,4,6,2,3,8,6,4,5,8,7,6,,,3,1,,,6,2,9,3,6,5,3,3,3,2,3,6,8,9,9,5,6,8,4,5,2,6,7,7,,2,,,b'\x11\xe8\xe1I\xccd\xdd\xf4\xaf\x82\x12\xdf\x17\xaeN\x1e'
11E8E149-CC64-DDF4-AF82-12DF17AE4E1E,2011-ncaa-d1-natl,ncaa,242,202,321,234,324,314,314,337,191,285,275,263,300,333,31,307,265,219,301,217,122,333,334,219,225,252,221,256,100,282,138,304,258,317,176,294,180,120,289,275,268,203,275,217,,,212,334,,,208,336,302,89,292,289,327,240,184,286,329,200,133,133,311,292,225,240,258,272,243,217,258,,309,,,209,9,4,9,58,5,5,97,76,113,59,245,141,196,11,191,322,11,14,66,76,78,292,207,293,110,258,5,138,10,176,10,126,258,125,65,132,264,173,241,,,192,6,,,208,9,251,100,205,68,32,52,31,27,135,203,221,282,278,85,83,232,43,96,42,159,226,244,,52,,,b'\x11\xe8\xe1I\xccd\xdd\xf4\xaf\x82\x12\xdf\x17\xaeN\x1e'
11E8E149-CC64-DDF4-AF82-12DF17AE4E1E,2012-ncaa-d0-natl,ncaa,87,129,22,117,14,78,93,78,141,72,39,204,188,231,65,279,25,12,267,12,51,49,43,173,154,160,195,253,42,87,145,10,25,17,48,216,316,276,161,268,270,324,105,112,,,289,215,,,106,39,217,3,142,165,197,125,111,232,277,43,22,22,142,151,155,8,35,289,169,316,135,,200,,,110,244,214,321,22,139,228,51,313,339,38,328,237,270,71,268,227,322,301,40,34,88,313,310,189,186,25,298,145,280,48,202,156,185,289,199,218,125,327,270,,,32,78,,,106,306,155,64,108,114,98,234,35,68,266,333,149,175,175,230,163,87,165,125,97,286,130,300,,85,,,b'\x11\xe8\xe1I\xccd\xdd\xf4\xaf\x82\x12\xdf\x17\xaeN\x1e'
11E8E149-CC64-DDF4-AF82-12DF17AE4E1E,2012-ncaa-d1-conf-Pac-12,ncaa,4,6,1,5,1,3,3,4,5,4,2,8,8,9,2,10,1,1,10,1,1,4,2,4,4,7,6,8,1,3,5,2,5,3,4,12,12,12,11,12,10,11,8,8,,,12,6,,,5,1,10,1,7,8,9,5,6,9,10,3,1,1,8,7,7,4,4,12,11,11,9,,7,,,5,10,8,12,3,7,5,7,11,11,3,11,11,12,6,12,12,12,12,3,4,6,11,11,9,8,5,10,5,9,4,9,7,4,8,8,12,9,11,10,,,1,1,,,5,12,5,6,5,5,3,9,2,1,11,11,7,9,9,9,8,5,5,6,7,8,11,10,,2,,,b'\x11\xe8\xe1I\xccd\xdd\xf4\xaf\x82\x12\xdf\x17\xaeN\x1e'
11E8E149-CC64-DDF4-AF82-12DF17AE4E1E,2012-ncaa-d1-natl,ncaa,90,129,23,119,14,86,103,84,148,78,43,214,195,242,65,277,28,15,265,15,46,55,47,180,163,163,191,252,38,94,155,11,24,19,49,240,317,264,162,273,285,325,111,115,,,283,218,,,110,42,220,3,147,174,205,129,117,233,277,43,22,22,148,158,161,11,38,293,170,318,138,,200,,,117,231,204,319,26,123,209,56,311,337,38,327,224,260,73,257,235,321,295,46,40,96,312,308,193,171,24,293,155,263,49,189,156,212,294,214,200,126,326,275,,,36,75,,,110,305,161,73,112,120,100,237,41,67,267,333,154,179,179,234,162,89,172,127,98,287,131,302,,78,,,b'\x11\xe8\xe1I\xccd\xdd\xf4\xaf\x82\x12\xdf\x17\xaeN\x1e'
11E8E149-CC64-DDF4-AF82-12DF17AE4E1E,2013-ncaa-d0-natl,ncaa,72,86,41,82,43,74,99,16,297,216,154,302,10,6,109,25,141,133,207,124,131,19,56,225,242,117,16,17,252,140,311,64,279,86,326,213,316,7,1,62,97,168,167,213,,,42,6,,,131,41,98,39,100,139,10,285,235,12,7,196,194,185,21,120,213,115,165,268,7,133,207,,17,,,134,299,309,329,104,270,279,179,322,339,65,319,91,88,166,94,48,322,318,138,88,112,203,294,35,335,279,345,311,344,326,313,240,92,206,227,10,2,344,337,,,120,243,,,131,304,130,152,131,224,262,329,199,197,298,333,51,49,52,313,296,317,343,341,271,149,7,335,,209,,,b'\x11\xe8\xe1I\xccd\xdd\xf4\xaf\x82\x12\xdf\x17\xaeN\x1e'
11E8E149-CC64-DDF4-AF82-12DF17AE4E1E,2013-ncaa-d1-conf-Pac-12,ncaa,5,5,3,5,3,4,4,1,11,11,9,12,1,1,2,1,4,3,4,3,3,2,7,6,5,2,1,1,6,10,11,9,12,8,12,7,9,1,1,2,4,6,10,11,,,1,1,,,6,2,3,4,3,4,1,12,10,1,1,3,4,3,2,7,10,9,11,8,1,5,10,,1,,,6,11,11,11,8,11,9,10,11,11,5,12,1,1,5,1,2,11,12,8,8,8,5,11,1,12,12,12,11,12,12,10,8,4,7,10,1,1,12,12,,,6,6,,,6,11,4,8,6,10,10,11,10,7,11,11,1,1,1,11,11,12,12,12,10,6,1,12,,6,,,b'\x11\xe8\xe1I\xccd\xdd\xf4\xaf\x82\x12\xdf\x17\xaeN\x1e'
11E8E149-CC64-DDF4-AF82-12DF17AE4E1E,2013-ncaa-d1-natl,ncaa,77,86,49,85,51,82,107,17,303,235,169,305,11,7,108,25,151,142,207,131,132,20,65,231,247,119,16,17,253,155,314,73,282,101,330,229,315,5,1,62,114,172,180,218,,,31,6,,,141,48,100,38,103,145,10,294,237,13,6,195,193,184,22,125,221,117,174,274,7,136,211,,17,,,142,289,307,325,113,263,272,182,321,338,70,318,80,77,166,81,48,318,314,142,95,125,200,293,35,333,282,345,314,344,330,312,240,106,212,234,8,2,343,338,,,135,240,,,141,300,139,161,137,231,264,329,202,204,298,333,52,50,53,313,296,323,343,342,274,150,7,335,,208,,,b'\x11\xe8\xe1I\xccd\xdd\xf4\xaf\x82\x12\xdf\x17\xaeN\x1e'
11E8E149-CC64-DDF4-AF82-12DF17AE4E1E,2014-ncaa-d0-natl,ncaa,89,125,28,112,42,42,72,35,241,185,162,251,14,16,72,47,46,54,127,51,51,31,43,148,137,76,19,34,152,251,344,7,92,39,262,119,228,72,22,75,176,264,87,143,,,194,28,,,144,20,41,239,67,141,62,276,266,21,33,89,103,103,56,137,314,2,77,207,29,232,119,,83,,,145,336,339,346,92,300,330,76,343,345,218,299,158,217,15,222,86,346,332,121,70,188,258,322,35,324,92,349,344,348,262,336,218,242,340,331,144,75,329,325,,,99,248,,,144,330,133,199,147,277,290,343,211,292,330,333,87,143,143,338,301,273,341,340,279,319,82,304,,221,,,b'\x11\xe8\xe1I\xccd\xdd\xf4\xaf\x82\x12\xdf\x17\xaeN\x1e'
11E8E149-CC64-DDF4-AF82-12DF17AE4E1E,2014-ncaa-d1-conf-Pac-12,ncaa,5,6,4,6,4,5,7,4,11,12,11,10,1,2,4,2,2,3,3,3,1,4,6,6,3,3,1,1,2,10,12,3,6,8,10,9,8,1,1,2,9,11,9,9,,,4,2,,,8,4,3,4,5,8,4,12,11,1,2,2,4,3,4,6,10,2,6,10,1,9,9,,4,,,8,10,10,11,6,7,6,7,11,12,6,12,6,7,2,7,7,10,9,8,6,9,11,12,3,7,6,11,12,11,10,11,9,10,11,11,1,2,11,12,,,8,6,,,8,9,6,9,7,10,11,11,8,7,11,12,6,7,7,11,10,7,12,12,11,10,1,11,,6,,,b'\x11\xe8\xe1I\xccd\xdd\xf4\xaf\x82\x12\xdf\x17\xaeN\x1e'
11E8E149-CC64-DDF4-AF82-12DF17AE4E1E,2014-ncaa-d1-natl,ncaa,93,125,33,117,47,47,85,40,246,200,181,256,17,17,75,47,51,64,128,62,51,37,52,154,145,78,19,34,148,268,344,8,94,43,272,137,231,59,22,75,192,265,96,147,,,174,30,,,162,23,44,241,73,147,65,278,267,22,34,89,104,105,60,142,318,3,80,215,29,237,121,,84,,,163,334,338,345,96,294,328,85,343,344,220,299,152,204,16,204,85,346,328,127,80,197,255,322,33,317,94,348,344,348,272,331,217,262,341,332,133,76,326,325,,,108,250,,,162,327,138,206,165,282,295,344,216,291,331,333,89,143,144,339,300,279,341,340,281,323,83,306,,222,,,b'\x11\xe8\xe1I\xccd\xdd\xf4\xaf\x82\x12\xdf\x17\xaeN\x1e'
11E8E149-CC64-DDF4-AF82-12DF17AE4E1E,2015-ncaa-d0-natl,ncaa,43,50,48,53,73,26,50,62,53,114,198,39,13,20,38,47,17,46,1,44,22,56,96,22,10,5,23,47,84,283,320,27,91,91,212,126,299,15,9,38,147,200,110,176,,,115,25,,,38,59,116,283,25,48,128,180,294,19,34,18,68,54,97,247,317,30,165,182,7,195,144,,46,,,39,306,316,327,110,282,309,97,313,311,234,231,147,204,17,203,88,327,296,133,89,195,189,279,61,274,91,308,320,309,212,266,122,257,320,296,19,13,144,168,,,135,211,,,38,295,12,198,36,219,255,322,206,275,283,274,91,130,130,309,226,195,239,226,186,310,9,86,,244,,,b'\x11\xe8\xe1I\xccd\xdd\xf4\xaf\x82\x12\xdf\x17\xaeN\x1e'
11E8E149-CC64-DDF4-AF82-12DF17AE4E1E,2015-ncaa-d1-conf-Pac-12,ncaa,5,5,4,5,6,1,8,7,7,10,10,5,2,2,5,2,1,1,1,1,1,6,7,3,2,1,1,2,2,11,12,4,5,6,10,7,9,1,2,4,6,6,6,7,,,5,2,,,5,5,3,9,1,9,6,11,10,2,2,1,1,1,4,8,12,2,8,8,1,6,8,,3,,,5,9,8,10,6,4,7,6,11,11,9,11,6,7,4,7,7,10,8,7,4,7,11,11,5,7,5,10,12,10,10,11,10,8,8,10,1,1,4,9,,,4,5,,,5,8,3,7,5,8,9,11,6,6,11,11,7,7,7,10,11,6,8,9,10,7,2,5,,4,,,b'\x11\xe8\xe1I\xccd\xdd\xf4\xaf\x82\x12\xdf\x17\xaeN\x1e'
11E8E149-CC64-DDF4-AF82-12DF17AE4E1E,2015-ncaa-d1-natl,ncaa,47,50,55,54,91,30,58,69,56,135,228,44,15,24,40,48,19,54,1,50,21,61,121,21,10,6,22,49,79,301,326,32,95,113,221,151,299,9,9,43,167,213,117,178,,,85,28,,,40,66,119,285,25,55,132,190,297,21,35,18,68,56,102,249,322,32,178,189,7,207,151,,48,,,41,294,303,322,124,269,306,103,309,308,246,232,126,183,20,183,87,322,285,145,99,206,183,279,61,250,95,301,326,300,221,251,122,280,323,300,13,13,133,175,,,156,208,,,40,290,12,220,39,230,263,322,219,279,282,276,91,130,132,308,223,204,240,232,199,313,9,92,,246,,,b'\x11\xe8\xe1I\xccd\xdd\xf4\xaf\x82\x12\xdf\x17\xaeN\x1e'
11E8E149-CC64-DDF4-AF82-12DF17AE4E1E,2015-ncaa-d1-ncaatournament,ncaa,33,2,33,33,33,34,34,35,32,42,47,32,29,32,29,10,36,39,30,39,23,37,44,25,23,8,12,11,37,52,53,37,17,40,44,36,19,1,1,1,63,64,56,61,,,27,59,,,31,41,19,4,7,11,5,31,36,5,4,20,22,24,8,24,47,7,15,8,1,63,55,,57,,,32,26,16,22,35,13,28,14,23,9,63,6,34,45,12,45,59,31,18,35,37,58,51,34,59,14,17,27,53,25,44,1,2,64,64,63,3,5,8,18,,,40,19,,,31,21,9,58,37,58,37,38,33,56,44,12,58,63,63,61,38,28,58,56,1,64,4,15,,16,,,b'\x11\xe8\xe1I\xccd\xdd\xf4\xaf\x82\x12\xdf\x17\xaeN\x1e'
11E8E149-CC64-DDF4-AF82-12DF17AE4E1E,2016-ncaa-d0-natl,ncaa,23,73,5,59,6,12,21,15,87,53,58,83,16,15,49,63,4,24,7,24,77,14,19,64,43,21,43,74,113,213,320,3,40,19,153,98,318,135,24,92,94,215,66,117,,,103,7,,,37,7,104,280,51,81,124,174,250,41,51,44,133,136,117,226,316,13,121,227,19,199,123,,10,,,51,337,339,349,37,288,332,50,349,349,164,343,57,43,263,42,12,349,343,74,48,118,297,346,5,318,40,345,320,345,153,335,257,125,306,293,103,20,250,162,,,39,192,,,37,343,46,106,51,158,199,325,72,151,338,347,10,6,6,266,210,131,258,212,235,293,17,122,,223,,,b'\x11\xe8\xe1I\xccd\xdd\xf4\xaf\x82\x12\xdf\x17\xaeN\x1e'
11E8E149-CC64-DDF4-AF82-12DF17AE4E1E,2016-ncaa-d1-conf-Pac-12,ncaa,4,5,1,5,3,2,2,2,5,5,7,5,1,1,4,1,2,3,1,3,2,2,3,3,2,1,1,1,1,12,12,2,4,6,9,8,11,1,2,5,5,7,6,6,,,1,1,,,5,3,5,6,2,4,7,11,11,1,1,2,5,5,6,10,12,2,6,11,1,6,7,,1,,,5,10,11,12,3,5,7,3,12,12,5,12,2,1,10,1,1,12,10,4,3,5,12,12,1,10,4,11,12,11,9,12,12,7,10,11,1,2,5,5,,,2,4,,,5,10,3,5,5,5,5,12,2,3,12,12,1,1,1,11,7,8,9,9,12,10,1,5,,6,,,b'\x11\xe8\xe1I\xccd\xdd\xf4\xaf\x82\x12\xdf\x17\xaeN\x1e'
11E8E149-CC64-DDF4-AF82-12DF17AE4E1E,2016-ncaa-d1-natl,ncaa,25,73,6,63,6,14,23,18,94,62,71,89,17,16,51,63,7,34,6,34,76,18,24,66,44,22,40,70,105,239,329,4,43,23,167,116,320,104,24,94,109,225,73,124,,,84,7,,,48,9,111,282,55,84,129,187,252,43,51,44,135,138,126,232,322,15,128,239,18,215,129,,11,,,60,334,336,349,40,274,326,52,348,349,173,343,46,36,271,33,13,349,342,84,51,134,296,346,4,309,43,343,329,344,167,335,258,158,310,301,86,22,242,167,,,48,189,,,48,341,49,127,59,170,209,326,82,155,338,347,10,6,6,271,208,130,263,216,243,299,18,129,,226,,,b'\x11\xe8\xe1I\xccd\xdd\xf4\xaf\x82\x12\xdf\x17\xaeN\x1e'
11E8E149-CC64-DDF4-AF82-12DF17AE4E1E,2016-ncaa-d1-ncaatournament,ncaa,3,2,3,3,3,3,3,3,17,8,7,15,3,2,18,8,3,3,19,3,15,3,4,11,13,6,8,11,32,15,58,2,17,4,40,5,33,58,13,9,5,26,4,20,,,60,6,,,11,3,19,1,15,20,33,37,55,5,7,24,33,30,33,46,60,3,33,16,9,24,21,,6,,,15,63,63,63,19,60,61,16,64,64,36,63,52,48,40,47,5,62,62,25,18,31,54,64,6,62,17,63,58,63,40,63,29,6,45,46,60,17,57,27,,,4,39,,,11,62,15,29,13,32,38,60,17,25,61,62,4,3,3,49,43,33,44,41,37,45,15,15,,44,,,b'\x11\xe8\xe1I\xccd\xdd\xf4\xaf\x82\x12\xdf\x17\xaeN\x1e'
11E8E149-CC64-DDF4-AF82-12DF17AE4E1E,2017-ncaa-d0-natl,ncaa,9,10,16,10,22,5,10,22,9,38,138,5,1,9,7,21,5,11,32,10,7,18,29,3,2,2,17,20,170,163,237,3,5,11,27,67,335,7,2,16,189,268,128,217,,,73,9,,,4,22,73,268,6,11,44,88,295,4,10,8,29,29,29,160,266,3,20,149,3,266,181,,12,,,4,320,332,346,40,302,336,36,328,338,172,277,46,34,304,39,5,341,325,64,27,140,161,305,13,175,5,300,237,274,27,316,194,261,344,324,25,7,250,234,,,40,137,,,4,328,4,98,4,156,225,333,174,304,284,302,16,9,10,300,192,50,121,74,214,340,7,170,,136,,,b'\x11\xe8\xe1I\xccd\xdd\xf4\xaf\x82\x12\xdf\x17\xaeN\x1e'
11E8E149-CC64-DDF4-AF82-12DF17AE4E1E,2017-ncaa-d1-conf-Pac-12,ncaa,3,3,8,3,8,1,1,6,1,7,12,1,1,1,4,1,2,3,2,3,1,5,11,1,1,1,1,1,5,12,10,2,2,4,4,9,12,1,2,2,11,11,11,11,,,2,2,,,1,8,4,5,1,1,4,4,12,1,1,1,1,1,2,6,11,2,2,9,1,11,9,,2,,,1,5,6,9,3,3,10,3,9,7,9,8,1,1,11,1,2,7,3,3,3,4,6,12,1,3,2,5,10,2,4,5,7,11,11,12,1,1,3,6,,,5,2,,,1,6,1,4,1,6,9,12,7,11,12,11,3,2,2,12,8,3,6,5,6,11,1,4,,2,,,b'\x11\xe8\xe1I\xccd\xdd\xf4\xaf\x82\x12\xdf\x17\xaeN\x1e'
11E8E149-CC64-DDF4-AF82-12DF17AE4E1E,2017-ncaa-d1-natl,ncaa,9,10,16,11,25,5,10,22,9,46,176,5,1,9,7,22,5,14,31,13,8,19,32,4,2,2,15,20,164,190,249,3,7,11,29,80,340,4,2,18,211,277,139,223,,,43,10,,,4,23,78,270,6,11,50,95,297,4,11,9,31,29,29,164,272,3,23,162,3,277,189,,13,,,4,317,329,346,45,295,335,41,326,334,181,274,37,24,306,28,6,340,322,68,32,154,157,306,14,149,7,283,249,253,29,312,195,285,345,331,15,7,242,240,,,49,131,,,4,327,4,114,4,164,236,334,179,305,287,301,16,8,11,300,183,53,122,74,224,341,7,177,,138,,,b'\x11\xe8\xe1I\xccd\xdd\xf4\xaf\x82\x12\xdf\x17\xaeN\x1e'
11E8E149-CC64-DDF4-AF82-12DF17AE4E1E,2017-ncaa-d1-ncaatournament,ncaa,9,2,9,9,9,9,10,10,14,15,14,16,4,4,14,16,8,7,39,7,8,9,12,11,11,3,12,15,21,13,32,12,36,11,27,17,60,37,1,8,15,42,14,24,,,47,19,,,10,11,14,6,3,6,11,25,37,2,7,9,6,7,6,19,23,11,15,33,1,40,16,,24,,,8,53,56,55,16,56,52,28,56,58,17,51,45,44,49,44,10,55,55,19,15,24,24,37,14,56,36,53,32,54,27,54,19,15,51,37,28,7,62,47,,,7,10,,,10,54,3,30,8,38,43,58,40,38,40,58,20,9,10,54,50,45,31,39,27,45,5,48,,5,,,b'\x11\xe8\xe1I\xccd\xdd\xf4\xaf\x82\x12\xdf\x17\xaeN\x1e'
11E8E149-CC64-DDF4-AF82-12DF17AE4E1E,2018-ncaa-d0-natl,ncaa,293,308,164,303,185,148,160,113,250,260,273,223,35,28,147,20,259,263,194,266,191,138,154,164,189,148,31,23,293,162,223,331,311,304,328,193,233,89,82,143,78,70,348,347,,,167,156,,,295,158,96,117,121,146,58,279,281,26,16,262,264,267,86,101,142,346,325,182,104,60,348,,196,,,288,323,327,166,349,294,87,349,332,278,347,312,95,81,196,80,157,142,182,349,349,343,206,308,25,159,311,281,223,243,328,343,326,90,82,269,100,100,326,341,,,259,294,,,295,188,155,337,285,339,342,190,314,71,341,301,121,108,111,159,238,179,303,271,344,65,116,333,,257,,,b'\x11\xe8\xe1I\xccd\xdd\xf4\xaf\x82\x12\xdf\x17\xaeN\x1e'
11E8E149-CC64-DDF4-AF82-12DF17AE4E1E,2018-ncaa-d1-conf-Pac-12,ncaa,12,12,8,12,10,10,11,8,11,11,12,11,2,1,7,1,10,9,9,9,4,8,9,9,9,10,1,1,8,10,10,12,11,11,11,11,11,7,8,11,4,4,12,12,,,6,6,,,11,9,4,7,11,11,4,11,12,2,1,9,9,9,6,5,8,12,11,11,9,4,12,,7,,,11,11,12,4,12,12,3,12,11,8,12,11,5,5,8,5,7,4,7,12,12,12,7,11,4,8,11,12,10,10,11,12,11,2,2,7,6,5,11,12,,,8,5,,,11,4,11,11,11,12,12,5,12,5,11,11,6,6,6,5,10,9,11,10,12,2,6,11,,2,,,b'\x11\xe8\xe1I\xccd\xdd\xf4\xaf\x82\x12\xdf\x17\xaeN\x1e'
11E8E149-CC64-DDF4-AF82-12DF17AE4E1E,2018-ncaa-d1-natl,ncaa,305,307,213,310,241,185,195,138,261,287,293,233,42,31,151,20,275,279,197,282,185,169,201,176,200,156,30,22,290,195,233,342,316,325,331,219,238,70,83,151,92,76,348,347,,,143,161,,,302,201,97,99,131,156,61,289,280,29,17,264,263,268,88,107,154,345,326,195,109,65,348,,197,,,301,318,325,117,349,285,57,349,330,261,348,309,81,69,201,67,159,93,133,349,349,344,201,306,25,136,316,261,233,220,331,341,324,110,83,276,84,107,323,342,,,277,294,,,302,143,165,341,295,340,342,192,316,77,341,298,122,112,116,163,240,182,306,273,345,69,120,334,,257,,,b'\x11\xe8\xe1I\xccd\xdd\xf4\xaf\x82\x12\xdf\x17\xaeN\x1e'
11E8E149-CC64-DDF4-AF82-12DF17AE4E1E,2019-ncaa-d0-natl,ncaa,236,283,80,261,114,134,121,82,209,184,205,163,50,35,177,39,309,323,119,321,328,110,107,159,189,192,92,37,338,149,187,261,244,215,255,139,187,232,176,172,104,116,291,287,,,82,43,,,281,99,151,334,186,149,96,250,263,62,42,333,339,340,176,178,183,329,305,158,182,130,307,,45,,,273,332,337,258,341,290,121,351,345,325,330,339,47,50,107,56,93,229,244,351,341,333,233,333,8,163,244,251,187,233,255,346,310,113,139,291,219,173,159,180,,,304,344,,,281,250,195,330,274,302,325,182,252,43,349,329,33,38,43,123,150,116,186,160,333,148,176,134,,344,,,b'\x11\xe8\xe1I\xccd\xdd\xf4\xaf\x82\x12\xdf\x17\xaeN\x1e'
11E8E149-CC64-DDF4-AF82-12DF17AE4E1E,2019-ncaa-d1-conf-Pac-12,ncaa,10,11,3,11,6,10,11,4,11,12,9,12,3,2,9,2,12,11,10,11,11,6,5,11,11,11,1,1,12,7,8,12,11,11,11,10,8,12,11,11,2,2,12,12,,,6,5,,,11,6,5,9,11,11,5,12,11,3,2,12,11,11,9,7,7,12,12,10,11,2,12,,5,,,11,12,12,5,12,10,2,12,12,12,9,12,2,3,1,3,6,4,8,12,12,10,8,12,1,8,11,10,8,11,11,12,12,1,2,8,12,11,9,9,,,11,11,,,11,8,11,10,11,9,11,3,8,1,12,12,2,3,3,2,6,6,10,9,12,2,10,8,,11,,,b'\x11\xe8\xe1I\xccd\xdd\xf4\xaf\x82\x12\xdf\x17\xaeN\x1e'
11E8E149-CC64-DDF4-AF82-12DF17AE4E1E,2019-ncaa-d1-natl,ncaa,252,282,107,267,153,174,148,110,222,226,238,177,66,49,182,38,323,332,115,331,330,152,153,174,198,200,91,36,337,184,194,294,252,262,267,162,195,200,180,181,130,124,306,291,,,58,43,,,294,150,157,334,195,162,100,259,268,64,43,334,340,341,189,190,196,331,311,169,185,147,313,,47,,,290,322,331,231,345,274,84,351,344,320,331,339,38,42,112,46,93,187,194,351,345,340,231,330,7,130,252,216,194,188,267,344,311,145,148,303,201,181,148,192,,,325,343,,,294,199,212,335,292,312,330,188,263,42,349,330,34,38,42,126,151,119,191,168,334,165,179,144,,344,,,b'\x11\xe8\xe1I\xccd\xdd\xf4\xaf\x82\x12\xdf\x17\xaeN\x1e'
11E8E149-CC64-DDF4-AF82-12DF17AE4E1E,2020-ncaa-d0-natl,ncaa,197,216,87,212,94,129,101,70,175,126,157,132,102,67,229,90,251,285,79,283,297,99,86,164,175,185,167,116,296,124,142,198,177,160,173,65,57,237,186,120,26,35,144,136,,,124,76,,,138,86,112,25,139,108,61,146,183,110,73,269,301,301,100,86,145,216,188,58,215,32,156,,111,,,140,192,208,204,171,185,150,234,228,267,120,267,124,125,162,130,156,192,243,193,166,112,181,225,120,174,177,203,142,197,173,260,268,48,69,135,270,236,270,242,,,260,322,,,138,262,185,100,143,162,184,172,161,111,210,253,120,123,127,152,236,155,172,168,250,57,255,257,,286,,,b'\x11\xe8\xe1I\xccd\xdd\xf4\xaf\x82\x12\xdf\x17\xaeN\x1e'
11E8E149-CC64-DDF4-AF82-12DF17AE4E1E,2020-ncaa-d1-conf-Pac-12,ncaa,9,9,9,9,9,9,9,8,9,9,10,6,7,6,10,5,10,10,5,10,8,10,7,9,8,10,8,6,8,8,8,10,7,10,7,11,9,10,11,11,5,4,10,9,,,4,5,,,8,8,4,3,8,8,6,8,8,6,5,10,10,10,7,3,8,9,9,8,12,4,9,,6,,,8,8,9,4,9,7,3,11,7,8,5,10,4,5,5,5,9,4,5,9,9,8,7,5,5,4,7,5,8,5,7,8,9,5,5,7,10,11,9,8,,,10,10,,,8,5,10,8,8,9,10,7,9,6,9,10,8,7,7,7,8,7,6,6,8,4,11,9,,9,,,b'\x11\xe8\xe1I\xccd\xdd\xf4\xaf\x82\x12\xdf\x17\xaeN\x1e'
11E8E149-CC64-DDF4-AF82-12DF17AE4E1E,2020-ncaa-d1-natl,ncaa,214,215,128,220,134,165,130,93,187,154,188,141,114,82,233,90,269,300,79,297,293,135,125,177,185,192,168,116,293,149,153,226,185,205,182,73,59,219,189,127,41,42,150,140,,,104,76,,,154,122,115,21,154,118,67,156,188,110,75,271,301,301,110,91,151,222,201,63,219,39,157,,116,,,155,159,188,165,184,163,122,241,219,248,122,267,112,113,165,115,158,151,202,201,176,124,179,223,117,153,185,172,153,171,182,251,266,68,72,142,262,237,259,252,,,281,318,,,154,228,195,111,157,171,194,175,164,118,213,252,124,125,127,158,234,159,179,175,255,63,257,264,,286,,,b'\x11\xe8\xe1I\xccd\xdd\xf4\xaf\x82\x12\xdf\x17\xaeN\x1e'
11E8E149-CC64-DDF4-AF82-12DF17AE4E1E,2021-ncaa-d0-natl,ncaa,225,250,191,243,206,236,223,223,202,241,244,180,162,151,171,80,279,281,206,282,282,244,232,171,201,236,129,82,291,190,97,280,306,261,243,221,185,192,280,247,75,25,269,228,,,97,125,,,258,236,299,224,280,255,267,269,280,130,121,314,309,315,303,288,162,336,320,233,235,39,283,,77,,,254,131,134,102,285,114,67,315,226,213,230,318,111,87,286,85,196,92,109,308,308,244,263,288,99,141,306,88,97,98,243,174,225,135,62,134,249,304,251,314,,,274,320,,,258,110,221,253,256,158,158,58,102,16,277,264,98,70,71,39,56,158,50,73,205,87,277,286,,331,,,b'\x11\xe8\xe1I\xccd\xdd\xf4\xaf\x82\x12\xdf\x17\xaeN\x1e'
11E8E149-CC64-DDF4-AF82-12DF17AE4E1E,2021-ncaa-d1-conf-Pac-12,ncaa,10,11,7,10,7,10,10,8,9,10,9,9,8,6,9,3,10,10,10,10,10,8,8,9,10,10,6,3,10,7,6,10,12,11,11,10,7,10,11,10,4,3,11,11,,,6,7,,,10,8,8,9,10,9,8,10,10,7,6,11,10,10,11,9,8,12,11,9,11,2,11,,9,,,10,8,8,4,11,8,4,12,9,8,4,11,7,6,8,6,10,4,6,11,12,8,7,7,4,8,12,6,6,6,11,9,9,4,2,5,11,11,7,10,,,10,10,,,10,5,11,8,10,8,8,5,8,2,7,10,8,7,7,5,8,8,5,6,9,2,11,10,,10,,,b'\x11\xe8\xe1I\xccd\xdd\xf4\xaf\x82\x12\xdf\x17\xaeN\x1e'
11E8E149-CC64-DDF4-AF82-12DF17AE4E1E,2021-ncaa-d1-natl,ncaa,230,250,206,251,222,246,236,237,211,255,255,187,166,160,172,80,287,287,201,290,281,253,246,182,206,243,125,82,289,204,100,287,307,271,252,230,190,179,284,252,82,27,275,230,,,86,126,,,266,247,303,225,285,268,274,276,282,132,125,314,311,316,306,291,167,336,320,239,237,48,286,,76,,,261,123,122,92,286,108,62,316,217,200,235,316,102,79,290,79,198,87,98,309,310,254,260,286,101,132,307,81,100,91,252,154,227,152,64,135,240,308,245,317,,,283,320,,,266,99,230,261,264,164,165,56,109,16,278,265,102,75,74,40,54,162,51,77,212,92,278,287,,330,,,b'\x11\xe8\xe1I\xccd\xdd\xf4\xaf\x82\x12\xdf\x17\xaeN\x1e'
11E8E149-CC64-DDF4-AF82-12DF17AE4E1E,2022-ncaa-d0-natl,ncaa,295,210,347,284,349,350,346,356,132,337,344,225,295,341,31,234,352,351,228,351,302,356,355,137,166,254,218,147,285,334,181,328,202,340,115,296,60,81,340,243,350,294,143,74,,,2,34,,,243,356,334,163,314,294,349,268,261,223,297,322,323,322,352,341,266,126,209,173,295,308,54,,26,,,260,4,17,18,104,28,42,123,21,29,76,159,3,2,83,3,26,8,1,95,59,173,60,154,41,42,202,1,181,1,115,2,31,355,341,281,98,330,33,185,,,353,245,,,243,1,258,200,258,109,179,249,205,264,119,167,33,32,32,202,71,235,21,73,70,344,288,137,,312,,,b'\x11\xe8\xe1I\xccd\xdd\xf4\xaf\x82\x12\xdf\x17\xaeN\x1e'
11E8E149-CC64-DDF4-AF82-12DF17AE4E1E,2022-ncaa-d1-conf-Pac-12,ncaa,11,11,10,11,10,10,10,10,5,10,10,9,10,11,2,11,12,12,12,12,10,10,10,5,7,11,7,4,10,11,9,9,7,9,7,10,1,7,12,11,12,10,8,6,,,1,2,,,10,10,12,7,12,11,12,8,9,8,12,11,11,11,12,12,10,5,9,7,12,11,5,,2,,,11,3,4,4,8,5,4,9,3,4,4,4,1,1,1,2,2,4,3,7,4,9,1,2,1,4,7,3,9,3,7,2,2,12,11,10,4,10,3,7,,,11,10,,,10,3,12,9,11,7,10,9,10,9,1,6,1,3,3,8,3,9,2,3,5,11,9,6,,11,,,b'\x11\xe8\xe1I\xccd\xdd\xf4\xaf\x82\x12\xdf\x17\xaeN\x1e'
11E8E149-CC64-DDF4-AF82-12DF17AE4E1E,2022-ncaa-d1-natl,ncaa,305,209,354,296,354,352,351,356,145,351,352,238,305,344,33,237,353,352,230,352,302,356,356,142,171,264,212,145,284,348,193,344,207,352,125,319,59,55,341,254,354,308,159,76,,,2,36,,,260,356,336,163,321,304,351,285,267,227,300,324,325,324,353,342,278,143,228,187,298,315,57,,28,,,275,1,9,9,116,19,25,137,13,16,82,158,3,2,90,3,27,2,1,106,74,189,58,155,41,29,207,1,193,1,125,1,33,355,341,292,78,337,23,197,,,355,241,,,260,1,271,226,276,120,191,251,213,268,123,169,33,33,34,206,70,237,22,76,77,349,293,151,,312,,,b'\x11\xe8\xe1I\xccd\xdd\xf4\xaf\x82\x12\xdf\x17\xaeN\x1e'
11E8E149-CC64-DDF4-AF82-12DF17AE4E1E,2023-ncaa-d0-natl,ncaa,102,160,29,142,32,130,86,60,194,51,44,161,236,174,328,234,269,281,142,281,355,82,61,230,249,248,348,291,336,22,13,63,72,39,13,75,101,312,229,157,75,97,37,43,,,92,40,,,138,92,316,81,247,169,135,94,94,291,245,333,344,343,221,201,39,148,57,122,220,148,59,,23,,,144,205,225,288,67,126,256,39,310,285,304,260,69,67,240,72,46,265,258,96,80,88,282,334,48,160,72,118,13,123,13,184,143,138,185,152,211,126,351,315,,,240,353,,,138,266,194,79,147,41,58,107,30,87,254,193,27,24,28,55,44,57,15,15,72,231,124,334,,348,,,b'\x11\xe8\xe1I\xccd\xdd\xf4\xaf\x82\x12\xdf\x17\xaeN\x1e'
11E8E149-CC64-DDF4-AF82-12DF17AE4E1E,2023-ncaa-d1-conf-Pac-12,ncaa,8,8,4,8,6,10,8,6,7,5,5,7,9,11,6,10,12,12,4,12,12,10,6,7,9,10,12,10,12,5,2,7,4,7,2,6,3,11,12,10,4,4,7,6,,,1,2,,,9,8,11,11,12,10,11,4,4,11,12,12,12,12,12,11,7,9,8,6,12,4,6,,1,,,9,4,4,6,7,4,4,7,9,8,9,9,4,2,9,2,4,5,5,7,6,6,7,9,2,3,4,2,2,2,2,5,4,6,5,5,8,9,8,10,,,11,12,,,9,5,10,6,9,3,5,3,3,2,7,6,2,2,3,1,1,3,1,1,5,7,9,10,,12,,,b'\x11\xe8\xe1I\xccd\xdd\xf4\xaf\x82\x12\xdf\x17\xaeN\x1e'
11E8E149-CC64-DDF4-AF82-12DF17AE4E1E,2023-ncaa-d1-natl,ncaa,114,160,33,148,35,160,104,70,207,59,51,172,252,194,332,235,290,311,142,306,354,97,77,238,254,259,348,291,334,28,15,75,81,44,13,91,102,300,234,160,104,108,41,44,,,66,38,,,160,113,319,82,261,188,153,100,102,300,251,336,346,345,232,209,46,160,64,137,223,158,60,,23,,,163,171,197,268,76,97,232,44,306,274,314,259,58,48,247,54,45,236,231,114,89,110,282,333,47,136,81,88,15,87,13,164,143,170,194,176,190,127,351,321,,,267,351,,,160,245,212,93,167,48,65,109,37,90,260,195,27,24,28,58,38,60,15,15,78,242,122,336,,348,,,b'\x11\xe8\xe1I\xccd\xdd\xf4\xaf\x82\x12\xdf\x17\xaeN\x1e'
11E8E149-CC64-DDF4-AF82-12DF17AE4E1E,2024-ncaa-d0-natl,ncaa,154,148,143,163,144,170,138,160,106,154,210,89,109,107,140,82,336,334,240,332,339,190,235,102,136,115,212,87,356,227,196,142,92,174,121,153,193,55,98,88,203,173,47,37,,,27,37,,,91,234,331,8,181,118,174,167,234,106,103,347,347,346,244,300,246,144,196,149,57,209,44,,22,,,90,64,109,160,103,151,199,117,76,112,78,130,32,37,82,43,48,127,111,82,58,80,54,123,61,99,92,102,196,89,121,59,49,246,213,138,22,37,138,173,,,309,315,,,91,124,129,78,91,45,91,133,156,192,64,95,33,40,42,82,45,85,93,71,49,267,24,133,,327,,,b'\x11\xe8\xe1I\xccd\xdd\xf4\xaf\x82\x12\xdf\x17\xaeN\x1e'
11E8E149-CC64-DDF4-AF82-12DF17AE4E1E,2024-ncaa-d1-conf-Pac-12,ncaa,10,10,9,10,9,10,10,10,8,10,9,8,8,7,10,4,12,12,7,12,12,11,11,9,10,9,6,4,12,10,9,10,7,11,9,10,9,5,9,9,6,6,4,4,,,3,3,,,9,10,12,2,10,9,8,9,9,6,5,12,12,12,10,10,10,9,10,10,7,6,4,,4,,,9,3,6,2,8,6,2,8,3,4,8,5,5,4,7,4,6,1,2,7,9,8,3,5,4,4,7,5,9,4,9,5,5,6,6,4,3,5,4,7,,,12,12,,,9,3,10,8,9,7,9,6,9,6,5,5,6,6,6,5,5,5,9,8,5,6,4,6,,12,,,b'\x11\xe8\xe1I\xccd\xdd\xf4\xaf\x82\x12\xdf\x17\xaeN\x1e'
11E8E149-CC64-DDF4-AF82-12DF17AE4E1E,2024-ncaa-d1-natl,ncaa,172,150,194,170,194,216,161,202,117,189,251,98,125,129,145,81,348,346,241,344,342,245,290,114,147,125,210,84,358,257,212,185,102,222,137,181,205,39,99,98,236,191,53,38,,,18,42,,,116,292,334,8,199,134,191,184,239,111,105,351,351,347,255,308,257,156,219,170,62,232,46,,22,,,116,41,83,118,120,128,162,129,59,89,88,129,24,25,93,30,50,82,62,93,69,102,50,119,62,81,102,70,212,60,137,46,49,283,229,156,17,38,122,186,,,328,314,,,116,66,136,103,114,62,106,139,172,195,69,93,36,42,42,86,44,93,100,77,59,280,24,144,,331,,,b'\x11\xe8\xe1I\xccd\xdd\xf4\xaf\x82\x12\xdf\x17\xaeN\x1e'
11E8E149-CC64-DDF4-AF82-12DF17AE4E1E,2025-ncaa-d0-natl,genius_ncaa,109,130,54,125,83,58,35,83,9,37,109,12,40,91,12,108,341,355,23,356,362,130,129,8,14,23,259,88,362,200,113,121,208,150,85,78,276,184,149,99,187,234,40,73,,,115,58,,272,72,111,258,269,64,23,128,42,181,48,123,352,359,359,243,279,253,217,256,97,119,246,47,,59,,241,72,261,299,288,209,327,328,162,124,105,190,46,140,99,336,100,27,275,245,168,147,206,26,59,77,251,208,26,113,101,85,188,58,210,265,211,111,98,83,55,,,277,343,,107,72,243,33,216,72,163,225,209,291,318,77,50,84,61,63,162,103,196,5,24,109,281,78,56,,344,,138,b'\x11\xe8\xe1I\xccd\xdd\xf4\xaf\x82\x12\xdf\x17\xaeN\x1e'
11E8E149-CC64-DDF4-AF82-12DF17AE4E1E,2025-ncaa-d1-conf-Big Ten,genius_ncaa,11,12,4,12,6,8,3,9,1,5,15,2,3,6,1,2,18,18,1,18,18,13,10,1,1,1,12,2,18,15,8,11,14,15,9,9,15,8,15,12,9,7,6,7,,,6,4,,10,9,11,18,12,8,2,14,8,15,2,6,18,18,18,16,17,16,17,18,10,9,10,9,,3,,9,9,10,13,9,14,15,12,13,7,5,10,4,6,5,15,5,3,8,8,13,13,12,3,4,4,11,14,1,8,3,9,6,2,9,9,8,8,13,1,1,,,16,17,,6,9,8,2,12,8,7,11,4,13,10,5,4,4,3,3,2,1,10,1,1,6,10,8,1,,18,,6,b'\x11\xe8\xe1I\xccd\xdd\xf4\xaf\x82\x12\xdf\x17\xaeN\x1e'
11E8E149-CC64-DDF4-AF82-12DF17AE4E1E,2025-ncaa-d1-natl,genius_ncaa,117,130,72,128,101,64,45,105,9,47,138,15,48,109,13,108,343,355,22,356,362,161,160,10,15,23,256,91,362,228,121,151,222,188,95,94,281,155,154,103,222,249,43,73,,,94,62,,266,84,143,263,269,66,24,141,44,186,51,130,352,359,359,261,285,265,227,271,105,121,258,47,,60,,246,83,238,287,273,218,320,322,172,107,77,203,44,125,83,339,82,28,255,220,184,168,222,26,60,72,238,222,15,121,66,95,174,62,248,277,220,94,105,75,57,,,306,343,,116,84,212,37,234,83,176,239,216,296,319,80,51,90,63,66,172,98,202,6,25,117,294,83,54,,345,,136,b'\x11\xe8\xe1I\xccd\xdd\xf4\xaf\x82\x12\xdf\x17\xaeN\x1e'
11E8E149-CC64-DDF4-AF82-12DF17AE4E1E,2025-ncaa-d1-ncaatournament,genius_ncaa,37,2,37,37,38,47,38,65,1,37,51,1,63,67,50,55,67,59,68,53,52,64,67,4,15,23,67,62,67,64,59,46,14,58,33,57,67,17,45,53,62,60,52,45,,,8,31,,9,28,64,63,7,42,17,62,6,44,59,63,66,56,49,62,65,63,37,57,57,36,60,48,,13,,13,29,2,3,5,27,1,1,40,16,24,24,57,17,18,23,16,58,5,2,33,33,37,53,49,45,6,14,4,59,2,33,2,14,63,54,38,18,46,1,3,,,58,44,,32,28,1,32,35,35,14,10,9,8,3,36,46,42,44,41,11,2,13,11,4,7,60,32,2,,55,,15,b'\x11\xe8\xe1I\xccd\xdd\xf4\xaf\x82\x12\xdf\x17\xaeN\x1e'
11E8E149-CC64-DDF4-AF82-12DF17AE4E1E,2026-ncaa-d0-natl,genius_ncaa,35,13,116,26,142,112,91,108,92,82,83,105,151,178,137,242,169,174,159,173,297,121,151,107,117,88,305,234,279,54,12,82,28,61,11,140,276,93,57,84,122,88,24,15,,,89,55,,245,33,192,282,97,85,51,63,44,57,177,204,208,218,216,84,160,30,35,17,136,58,119,15,,35,,232,32,42,59,183,10,65,191,13,78,182,23,202,19,32,28,30,18,154,157,9,5,8,109,209,55,89,28,95,12,94,11,18,17,159,137,18,52,29,229,154,,,168,239,,223,33,170,49,7,29,3,11,130,24,152,51,133,9,18,16,58,44,49,30,29,6,175,26,217,,226,,252,b'\x11\xe8\xe1I\xccd\xdd\xf4\xaf\x82\x12\xdf\x17\xaeN\x1e'
11E8E149-CC64-DDF4-AF82-12DF17AE4E1E,2026-ncaa-d1-conf-Big Ten,genius_ncaa,10,10,1,10,3,17,17,7,17,16,12,17,10,3,14,4,14,14,13,12,13,9,13,17,17,17,6,5,11,8,13,9,13,8,16,15,11,3,4,13,5,4,8,7,,,14,16,,9,11,13,13,3,17,17,7,16,12,10,3,14,14,12,9,13,8,9,8,15,3,5,8,,14,,9,11,5,6,5,8,9,8,13,2,7,2,8,7,13,2,12,15,6,3,5,4,4,3,2,12,12,13,17,13,15,16,7,11,8,8,7,1,3,12,16,,,10,8,,2,11,3,17,6,12,5,6,5,9,8,2,7,7,13,12,6,3,12,17,15,7,8,1,12,,10,,2,b'\x11\xe8\xe1I\xccd\xdd\xf4\xaf\x82\x12\xdf\x17\xaeN\x1e'
11E8E149-CC64-DDF4-AF82-12DF17AE4E1E,2026-ncaa-d1-natl,genius_ncaa,38,13,177,28,197,164,139,172,109,111,125,126,213,234,153,241,227,237,154,236,305,182,225,128,137,100,302,231,276,81,18,116,31,93,11,201,294,49,62,107,179,114,29,16,,,37,61,,226,36,264,293,100,114,74,82,58,70,196,219,224,230,227,106,190,41,42,23,175,59,154,16,,41,,248,33,11,19,121,12,35,139,15,47,127,29,192,9,15,32,12,18,85,84,11,5,10,102,210,49,46,31,43,18,32,11,6,17,232,172,25,27,34,208,178,,,239,230,,245,36,96,66,9,30,4,15,141,31,164,52,133,9,20,17,69,41,55,33,29,9,214,28,234,,221,,250,b'\x11\xe8\xe1I\xccd\xdd\xf4\xaf\x82\x12\xdf\x17\xaeN\x1e'
11E8E149-CC69-38C2-AF82-12DF17AE4E1E,2010-ncaa-d0-natl,ncaa,290,303,178,297,207,212,169,41,321,163,96,290,158,47,329,80,320,258,340,253,321,65,74,316,335,302,242,124,334,45,184,246,251,153,296,202,252,163,81,205,45,50,152,177,,,220,169,,,288,93,15,201,215,133,7,146,49,143,34,321,261,259,9,10,17,263,98,193,194,30,155,,253,,,288,273,293,190,323,315,245,326,90,96,116,81,210,220,143,210,176,192,249,301,292,211,37,47,154,176,251,342,184,331,296,245,130,44,45,86,135,81,245,194,,,241,336,,,288,250,291,185,278,305,323,248,332,289,94,111,235,237,228,258,319,216,343,340,259,20,158,263,,241,,,b'\x11\xe8\xe1I\xcci8\xc2\xaf\x82\x12\xdf\x17\xaeN\x1e'
11E8E149-CC69-38C2-AF82-12DF17AE4E1E,2010-ncaa-d1-conf-Pac-12,ncaa,9,9,8,9,9,7,7,4,10,9,10,9,4,2,8,1,10,10,10,10,10,5,4,10,10,10,3,3,10,5,8,6,7,5,9,5,4,8,6,7,2,3,6,7,,,6,4,,,9,3,2,4,7,6,2,9,6,4,2,10,10,10,2,1,3,5,3,5,10,2,5,,6,,,9,8,7,5,7,8,6,8,3,3,2,3,6,7,4,7,7,6,8,6,6,4,3,2,6,8,7,10,8,9,9,7,5,2,3,3,10,6,5,7,,,10,10,,,9,8,10,5,9,9,9,7,9,8,5,4,7,7,7,8,9,8,10,10,9,2,10,6,,10,,,b'\x11\xe8\xe1I\xcci8\xc2\xaf\x82\x12\xdf\x17\xaeN\x1e'
11E8E149-CC69-38C2-AF82-12DF17AE4E1E,2010-ncaa-d1-natl,ncaa,298,302,191,303,227,225,181,42,322,177,102,293,164,50,331,81,324,270,341,266,323,70,86,318,335,307,240,123,334,50,191,270,257,168,301,211,255,151,82,207,46,51,161,181,,,207,166,,,293,104,16,186,218,137,7,149,49,145,36,322,261,257,9,12,18,265,103,201,193,30,159,,255,,,293,263,285,177,323,312,234,326,77,90,119,80,198,207,143,200,178,180,237,306,294,217,36,46,156,160,257,341,191,330,301,237,129,48,49,98,124,81,239,199,,,258,336,,,293,239,299,198,284,310,323,249,333,290,95,110,235,239,229,259,319,218,343,340,261,22,159,264,,244,,,b'\x11\xe8\xe1I\xcci8\xc2\xaf\x82\x12\xdf\x17\xaeN\x1e'
11E8E149-CC69-38C2-AF82-12DF17AE4E1E,2011-ncaa-d0-natl,ncaa,282,314,119,295,169,154,124,75,214,181,170,191,57,31,178,44,320,278,336,285,311,103,85,183,236,242,129,39,339,154,259,205,242,167,297,68,50,284,230,144,120,163,160,183,,,271,207,,,308,68,25,332,166,124,44,193,194,47,22,334,299,304,89,62,165,234,218,61,272,114,166,,265,,,303,332,310,252,310,303,245,305,235,207,262,161,327,320,280,319,286,280,277,309,321,315,197,138,258,221,242,324,259,307,297,330,295,105,167,266,314,276,263,256,,,235,326,,,308,280,248,305,293,324,304,248,300,235,242,198,320,308,310,284,301,212,321,303,324,113,298,253,,272,,,b'\x11\xe8\xe1I\xcci8\xc2\xaf\x82\x12\xdf\x17\xaeN\x1e'
11E8E149-CC69-38C2-AF82-12DF17AE4E1E,2011-ncaa-d1-conf-Pac-12,ncaa,7,7,7,7,10,7,7,6,8,9,9,9,2,2,2,3,9,9,10,9,8,7,6,4,7,8,2,1,10,7,8,8,6,7,7,4,1,9,8,5,8,7,8,10,,,8,8,,,9,6,3,10,6,6,5,9,9,2,2,9,9,9,5,2,7,6,6,2,9,6,8,,8,,,9,8,6,5,7,6,4,7,6,2,7,4,10,10,9,10,9,6,5,9,10,9,8,4,9,6,6,8,8,8,7,7,8,5,5,5,10,10,4,5,,,9,9,,,9,5,8,9,8,8,8,6,7,5,6,5,10,10,10,8,8,6,9,8,8,2,10,5,,9,,,b'\x11\xe8\xe1I\xcci8\xc2\xaf\x82\x12\xdf\x17\xaeN\x1e'
11E8E149-CC69-38C2-AF82-12DF17AE4E1E,2011-ncaa-d1-natl,ncaa,289,314,132,303,198,175,143,86,222,192,187,197,62,38,178,43,325,294,336,300,310,120,97,185,238,242,125,39,338,171,261,226,243,203,302,76,50,274,229,149,134,170,166,187,,,254,209,,,315,83,27,332,172,134,45,201,196,49,23,335,301,305,94,63,168,237,222,64,274,124,169,,266,,,312,329,306,234,313,302,229,308,225,192,264,157,325,314,283,314,287,270,266,312,324,320,196,136,259,205,243,319,261,299,302,328,296,120,174,274,310,278,261,265,,,257,325,,,315,265,248,309,303,326,307,250,306,238,242,199,323,312,314,289,302,214,323,307,327,116,300,254,,275,,,b'\x11\xe8\xe1I\xcci8\xc2\xaf\x82\x12\xdf\x17\xaeN\x1e'
11E8E149-CC69-38C2-AF82-12DF17AE4E1E,2012-ncaa-d0-natl,ncaa,198,260,48,238,57,120,103,41,267,108,52,264,113,92,219,144,252,215,283,215,307,54,61,255,285,238,207,128,301,112,249,82,129,79,247,87,111,120,53,79,47,70,220,247,,,300,261,,,177,61,145,137,199,152,55,157,105,149,127,300,277,279,95,153,161,163,161,124,59,72,248,,261,,,176,240,236,261,171,266,238,244,150,268,21,215,241,256,118,249,205,263,285,150,155,112,112,95,202,217,129,334,249,329,247,242,181,51,91,117,178,112,105,37,,,159,280,,,177,289,232,111,171,156,156,143,184,130,105,207,177,191,182,151,193,146,322,286,167,94,122,65,,271,,,b'\x11\xe8\xe1I\xcci8\xc2\xaf\x82\x12\xdf\x17\xaeN\x1e'
11E8E149-CC69-38C2-AF82-12DF17AE4E1E,2012-ncaa-d1-conf-Pac-12,ncaa,9,11,2,11,3,7,5,2,12,6,3,12,4,3,11,6,7,7,9,7,10,3,3,12,12,12,7,5,7,4,8,7,7,4,11,3,3,5,3,3,2,2,11,10,,,11,9,,,9,3,5,10,9,9,3,8,4,6,5,8,9,9,5,5,6,9,6,6,4,2,11,,11,,,9,8,10,6,11,11,6,12,5,10,2,10,8,10,2,8,8,7,11,9,8,3,3,4,7,6,7,12,8,12,11,10,8,1,2,4,10,6,6,5,,,6,8,,,9,10,12,4,8,7,9,4,11,3,5,9,4,6,5,4,9,6,11,11,8,1,9,5,,7,,,b'\x11\xe8\xe1I\xcci8\xc2\xaf\x82\x12\xdf\x17\xaeN\x1e'
11E8E149-CC69-38C2-AF82-12DF17AE4E1E,2012-ncaa-d1-natl,ncaa,208,260,55,247,64,139,120,44,275,122,58,270,120,97,220,144,266,228,284,228,308,60,74,265,288,245,206,126,300,122,254,99,137,96,256,97,113,103,55,82,54,73,232,248,,,296,260,,,193,68,150,136,205,165,59,167,110,149,125,303,279,282,100,161,170,169,167,129,58,77,252,,262,,,193,227,227,244,181,250,218,248,140,251,23,216,230,244,123,236,204,252,273,160,163,123,111,95,204,197,137,333,254,328,256,232,178,62,97,123,160,118,96,39,,,175,280,,,193,281,242,122,185,162,162,149,198,129,112,206,183,197,190,155,190,148,322,291,174,98,123,62,,268,,,b'\x11\xe8\xe1I\xcci8\xc2\xaf\x82\x12\xdf\x17\xaeN\x1e'
11E8E149-CC69-38C2-AF82-12DF17AE4E1E,2013-ncaa-d0-natl,ncaa,235,265,120,258,124,187,151,73,286,127,67,249,222,140,325,176,281,271,221,278,338,89,104,295,308,275,279,217,288,128,258,136,244,126,281,251,318,134,91,229,95,113,117,118,,,231,149,,,250,96,93,30,220,152,32,124,58,227,141,293,288,297,54,81,138,121,122,274,133,91,115,,227,,,248,249,253,262,170,239,219,210,237,276,97,254,168,160,175,160,136,265,266,175,165,162,173,219,129,283,244,330,258,325,281,234,177,105,146,165,156,125,104,55,,,296,340,,,250,245,276,177,247,241,250,297,233,219,244,278,165,159,157,274,284,284,333,332,232,111,146,109,,316,,,b'\x11\xe8\xe1I\xcci8\xc2\xaf\x82\x12\xdf\x17\xaeN\x1e'
11E8E149-CC69-38C2-AF82-12DF17AE4E1E,2013-ncaa-d1-conf-Pac-12,ncaa,8,8,3,8,3,7,4,2,10,5,4,9,8,4,11,8,9,10,5,11,12,5,3,11,11,10,11,7,11,5,8,10,9,7,10,11,12,8,4,11,2,4,3,4,,,7,5,,,8,3,4,4,8,4,2,5,4,8,5,10,10,11,3,4,5,10,7,11,7,2,3,,7,,,8,8,9,8,9,8,5,8,10,10,11,10,7,7,9,7,7,7,10,9,9,6,8,10,4,8,9,11,8,11,10,9,10,2,2,5,6,5,6,4,,,11,12,,,8,10,10,6,8,8,9,6,7,5,10,9,6,6,6,7,9,6,10,10,9,1,6,6,,12,,,b'\x11\xe8\xe1I\xcci8\xc2\xaf\x82\x12\xdf\x17\xaeN\x1e'
11E8E149-CC69-38C2-AF82-12DF17AE4E1E,2013-ncaa-d1-natl,ncaa,248,265,136,262,140,206,162,81,290,136,77,257,227,148,326,173,287,281,220,288,339,105,123,298,310,279,278,214,287,144,260,149,252,143,291,273,316,119,96,234,112,123,120,121,,,217,153,,,253,120,95,26,229,159,32,134,59,229,140,293,291,299,58,87,143,123,127,278,133,97,116,,228,,,253,238,247,252,175,230,205,213,230,269,105,254,159,150,175,150,136,249,249,178,170,172,171,219,132,277,252,329,260,320,291,226,183,121,152,174,143,127,98,59,,,309,340,,,253,218,286,182,252,246,253,300,242,219,247,275,168,160,161,275,284,287,333,332,233,116,149,109,,317,,,b'\x11\xe8\xe1I\xcci8\xc2\xaf\x82\x12\xdf\x17\xaeN\x1e'
11E8E149-CC69-38C2-AF82-12DF17AE4E1E,2014-ncaa-d0-natl,ncaa,129,205,28,164,33,31,26,12,184,45,22,220,61,70,116,163,85,70,259,65,237,14,23,183,204,110,164,133,251,85,256,61,233,63,286,151,324,81,10,108,62,146,124,183,,,337,228,,,197,15,22,149,50,34,16,70,41,91,97,160,124,117,15,38,146,144,136,238,36,94,153,,302,,,191,346,340,323,261,340,322,272,252,263,154,127,345,347,209,346,297,340,334,241,275,281,179,106,289,322,233,346,256,347,286,279,85,75,208,160,78,18,196,64,,,105,324,,,197,334,120,276,197,321,299,288,299,271,189,199,322,325,325,320,317,268,334,335,199,134,40,124,,233,,,b'\x11\xe8\xe1I\xcci8\xc2\xaf\x82\x12\xdf\x17\xaeN\x1e'
11E8E149-CC69-38C2-AF82-12DF17AE4E1E,2014-ncaa-d1-conf-Pac-12,ncaa,5,7,2,7,2,3,3,2,5,3,1,6,4,4,5,5,7,7,9,6,8,2,2,4,7,4,5,5,9,2,9,8,11,6,11,5,11,3,2,4,3,2,6,5,,,12,9,,,7,2,2,8,3,3,2,4,2,5,4,7,6,6,2,2,5,9,7,9,2,3,7,,11,,,7,11,11,8,9,11,9,10,9,10,4,6,12,12,6,12,11,11,10,9,9,11,8,5,10,11,11,12,9,12,11,9,4,2,6,4,3,1,8,3,,,7,10,,,7,11,4,11,8,11,10,7,10,6,6,8,12,12,12,10,11,11,11,11,7,3,2,6,,9,,,b'\x11\xe8\xe1I\xcci8\xc2\xaf\x82\x12\xdf\x17\xaeN\x1e'
11E8E149-CC69-38C2-AF82-12DF17AE4E1E,2014-ncaa-d1-natl,ncaa,143,204,33,166,39,34,27,14,189,48,26,227,70,76,113,163,98,79,260,74,234,15,25,189,209,116,162,133,253,98,263,69,239,73,295,170,325,69,12,109,72,149,130,187,,,334,232,,,209,17,25,150,52,37,17,77,45,94,99,164,124,117,16,39,149,150,143,246,37,100,158,,304,,,203,345,339,319,271,339,320,281,247,259,158,125,344,346,212,346,297,336,332,252,283,290,179,104,289,315,239,346,263,345,295,272,85,87,218,169,70,19,186,66,,,118,323,,,209,331,127,286,208,325,302,290,304,275,189,201,326,326,326,323,317,274,336,336,205,137,40,128,,236,,,b'\x11\xe8\xe1I\xcci8\xc2\xaf\x82\x12\xdf\x17\xaeN\x1e'
11E8E149-CC69-38C2-AF82-12DF17AE4E1E,2015-ncaa-d0-natl,ncaa,133,161,79,157,94,80,68,35,239,76,63,199,115,53,275,113,135,155,114,148,274,40,59,241,252,164,185,155,246,70,203,201,127,121,257,240,339,71,22,167,41,41,221,241,,,246,178,,,140,55,51,222,84,68,15,96,75,132,68,172,212,206,22,47,88,270,182,280,41,43,244,,202,,,140,281,276,185,306,273,212,286,211,155,313,146,232,228,205,226,208,204,270,308,307,206,136,156,165,113,127,334,203,309,257,186,101,35,43,58,20,6,95,44,,,181,319,,,140,288,145,153,155,223,234,84,244,131,191,119,194,181,176,94,216,59,336,270,140,39,17,67,,264,,,b'\x11\xe8\xe1I\xcci8\xc2\xaf\x82\x12\xdf\x17\xaeN\x1e'
11E8E149-CC69-38C2-AF82-12DF17AE4E1E,2015-ncaa-d1-conf-Pac-12,ncaa,7,7,4,7,5,6,4,1,11,7,5,10,4,3,9,4,9,9,6,9,10,1,1,10,10,8,4,4,9,2,6,11,9,8,11,10,11,3,1,10,1,1,10,10,,,11,10,,,9,3,2,6,6,6,1,8,4,4,3,9,8,8,1,1,2,12,9,9,3,1,11,,11,,,9,11,11,4,11,11,4,11,8,6,11,8,10,10,10,10,9,5,7,11,12,11,8,7,8,5,9,12,6,12,11,8,8,1,2,3,3,2,6,5,,,8,12,,,9,9,7,10,9,10,10,4,10,3,8,7,10,9,9,4,8,5,12,12,8,1,3,7,,9,,,b'\x11\xe8\xe1I\xcci8\xc2\xaf\x82\x12\xdf\x17\xaeN\x1e'
11E8E149-CC69-38C2-AF82-12DF17AE4E1E,2015-ncaa-d1-natl,ncaa,142,160,97,166,118,95,75,37,250,92,78,204,126,67,277,113,155,176,116,170,274,45,68,249,255,174,182,157,239,82,210,230,133,151,268,265,340,54,24,176,47,44,236,246,,,230,179,,,154,60,52,217,98,75,15,105,76,132,69,172,215,211,23,49,95,275,195,295,42,46,245,,205,,,154,263,261,157,311,264,180,295,199,138,313,140,215,213,209,213,208,169,245,312,313,218,134,153,167,89,133,331,210,300,268,171,101,45,48,67,15,6,86,47,,,213,317,,,154,275,154,172,171,236,242,86,255,135,191,119,196,185,180,97,218,59,337,276,146,44,19,68,,263,,,b'\x11\xe8\xe1I\xcci8\xc2\xaf\x82\x12\xdf\x17\xaeN\x1e'
11E8E149-CC69-38C2-AF82-12DF17AE4E1E,2016-ncaa-d0-natl,ncaa,177,181,175,187,221,171,125,119,158,119,129,152,148,139,193,148,318,305,266,304,332,156,152,159,210,200,249,147,336,177,224,248,285,229,288,167,221,183,176,168,36,28,100,98,,,244,228,,,171,138,67,269,145,89,59,99,109,147,131,323,312,311,112,98,175,265,234,150,206,18,96,,273,,,172,156,138,122,196,140,160,152,144,98,282,96,239,251,112,250,253,144,217,192,207,110,205,153,256,243,285,247,224,261,288,121,141,44,31,46,73,72,62,56,,,264,316,,,171,208,200,123,174,196,166,126,175,177,168,98,253,268,273,171,277,268,274,286,141,22,89,75,,285,,,b'\x11\xe8\xe1I\xcci8\xc2\xaf\x82\x12\xdf\x17\xaeN\x1e'
11E8E149-CC69-38C2-AF82-12DF17AE4E1E,2016-ncaa-d1-conf-Pac-12,ncaa,10,9,10,10,11,9,7,6,7,5,8,4,5,3,9,3,11,11,9,11,11,7,7,7,8,10,7,5,12,10,11,12,12,12,12,6,7,7,7,8,2,2,9,8,,,10,11,,,9,6,2,6,6,2,2,3,6,5,2,11,11,11,3,3,8,11,11,5,8,1,8,,11,,,9,5,4,2,9,3,3,7,9,5,12,6,9,9,4,9,11,2,7,11,11,8,10,9,10,7,12,8,11,9,12,5,7,2,2,3,2,3,2,4,,,11,11,,,9,7,10,8,10,10,6,4,5,5,10,5,10,11,11,5,11,10,12,11,6,1,3,4,,11,,,b'\x11\xe8\xe1I\xcci8\xc2\xaf\x82\x12\xdf\x17\xaeN\x1e'
11E8E149-CC69-38C2-AF82-12DF17AE4E1E,2016-ncaa-d1-natl,ncaa,191,179,218,196,278,203,147,149,164,148,161,160,163,155,194,150,325,319,265,316,332,191,189,169,218,203,247,149,334,204,231,285,292,267,297,195,226,161,180,172,47,35,115,102,,,226,231,,,186,183,69,266,156,94,64,106,110,150,131,323,315,313,119,103,182,270,245,162,207,21,102,,274,,,187,133,113,84,207,122,126,169,132,68,288,91,225,240,114,238,259,113,170,202,215,126,204,149,257,222,292,227,231,236,297,110,143,53,38,53,58,72,54,59,,,292,316,,,186,162,211,140,187,204,177,124,182,182,171,97,260,274,278,173,278,274,278,291,148,24,87,76,,287,,,b'\x11\xe8\xe1I\xcci8\xc2\xaf\x82\x12\xdf\x17\xaeN\x1e'
11E8E149-CC69-38C2-AF82-12DF17AE4E1E,2017-ncaa-d0-natl,ncaa,150,265,11,207,11,41,26,6,218,28,10,239,88,51,195,204,169,50,346,45,281,8,5,241,293,251,259,177,326,7,103,42,250,15,205,45,199,328,108,154,6,40,41,76,,,343,182,,,218,4,24,84,125,73,15,82,30,163,143,294,147,141,16,15,26,168,57,125,210,21,67,,264,,,212,346,342,332,218,339,326,200,297,292,239,128,342,345,64,345,282,342,349,213,221,152,201,146,254,339,250,349,103,348,205,326,175,8,49,74,324,162,340,231,,,53,319,,,218,346,212,151,198,261,234,217,236,233,197,170,292,313,319,269,329,270,326,319,210,29,246,308,,219,,,b'\x11\xe8\xe1I\xcci8\xc2\xaf\x82\x12\xdf\x17\xaeN\x1e'
11E8E149-CC69-38C2-AF82-12DF17AE4E1E,2017-ncaa-d1-conf-Pac-12,ncaa,7,7,4,7,6,7,7,2,10,6,3,10,7,6,8,6,12,5,12,5,8,2,1,10,11,12,9,6,11,2,5,9,9,5,9,6,6,12,7,10,2,3,6,6,,,9,7,,,10,1,1,5,8,7,3,8,2,8,4,12,6,6,3,1,1,9,5,6,12,3,7,,9,,,10,11,11,7,9,7,6,6,11,10,12,6,12,12,5,12,10,10,12,9,10,6,11,8,11,11,9,12,5,12,9,7,5,1,3,2,10,7,11,8,,,6,11,,,10,12,11,7,10,12,8,6,5,7,11,7,12,11,11,9,12,11,11,12,5,2,10,9,,7,,,b'\x11\xe8\xe1I\xcci8\xc2\xaf\x82\x12\xdf\x17\xaeN\x1e'
11E8E149-CC69-38C2-AF82-12DF17AE4E1E,2017-ncaa-d1-natl,ncaa,157,265,11,216,11,46,29,8,231,32,10,249,102,65,195,204,197,54,346,48,281,9,6,249,298,252,258,175,324,9,109,48,261,15,219,53,203,318,113,161,8,44,43,79,,,342,185,,,231,5,26,84,134,83,16,91,33,163,144,299,157,154,19,19,26,185,63,138,213,26,72,,267,,,226,345,340,329,228,338,325,212,294,282,245,123,341,345,71,345,285,341,348,225,234,162,199,141,256,338,261,349,109,348,219,323,178,12,57,87,317,166,339,237,,,66,319,,,231,345,219,163,215,269,244,218,245,235,200,171,292,316,318,270,329,272,327,322,218,35,247,310,,220,,,b'\x11\xe8\xe1I\xcci8\xc2\xaf\x82\x12\xdf\x17\xaeN\x1e'
11E8E149-CC69-38C2-AF82-12DF17AE4E1E,2018-ncaa-d0-natl,ncaa,245,263,164,255,185,165,121,95,176,123,87,224,129,151,115,174,332,311,300,310,345,128,158,173,241,181,254,128,340,140,203,278,332,231,317,118,155,67,66,80,125,134,60,64,,,220,189,,,229,174,113,117,142,78,41,96,62,113,136,335,321,321,77,105,115,297,230,99,84,114,41,,242,,,229,256,236,197,260,255,246,216,150,100,280,76,242,235,213,230,185,210,222,238,247,213,123,120,220,321,332,268,203,303,317,209,159,119,136,149,187,191,104,61,,,301,334,,,229,174,173,261,226,271,268,237,285,282,169,104,247,247,243,258,284,324,293,316,222,90,201,114,,319,,,b'\x11\xe8\xe1I\xcci8\xc2\xaf\x82\x12\xdf\x17\xaeN\x1e'
11E8E149-CC69-38C2-AF82-12DF17AE4E1E,2018-ncaa-d1-conf-Pac-12,ncaa,10,10,12,10,12,11,10,9,8,10,5,10,7,8,4,8,12,12,12,12,12,10,10,8,10,9,10,5,12,11,11,10,10,10,10,7,4,3,4,5,5,5,3,3,,,9,10,,,9,10,2,5,9,6,2,8,3,5,7,12,12,11,2,4,11,10,10,5,5,5,3,,12,,,9,5,4,2,8,7,7,8,1,1,4,3,11,9,12,9,8,3,4,7,7,7,3,1,11,10,10,9,11,11,10,4,4,4,4,3,11,11,5,7,,,12,12,,,9,3,10,9,9,9,9,6,11,10,3,4,12,12,12,10,12,11,12,12,6,3,11,8,,12,,,b'\x11\xe8\xe1I\xcci8\xc2\xaf\x82\x12\xdf\x17\xaeN\x1e'
11E8E149-CC69-38C2-AF82-12DF17AE4E1E,2018-ncaa-d1-natl,ncaa,262,263,213,263,241,203,141,116,191,146,110,234,142,169,115,170,339,325,297,323,345,161,206,187,251,195,252,127,341,169,212,312,335,272,322,137,157,45,69,85,148,144,63,71,,,198,197,,,236,220,116,99,153,86,44,103,64,119,137,335,325,325,78,110,126,306,243,105,84,124,41,,242,,,236,230,219,158,273,247,221,228,139,75,287,72,224,216,216,210,185,171,191,251,259,230,122,112,216,312,335,240,212,284,322,199,160,140,141,161,165,195,94,66,,,319,334,,,236,134,185,275,237,277,274,241,290,284,171,106,251,250,245,261,286,327,294,318,231,99,203,125,,322,,,b'\x11\xe8\xe1I\xcci8\xc2\xaf\x82\x12\xdf\x17\xaeN\x1e'
11E8E149-CC69-38C2-AF82-12DF17AE4E1E,2019-ncaa-d0-natl,ncaa,266,283,173,274,195,158,113,180,45,130,207,60,99,147,52,121,332,344,104,345,348,239,286,51,70,62,223,98,348,324,322,251,280,303,319,106,145,26,78,57,258,261,166,207,,,17,17,,,253,247,258,99,126,72,151,110,194,87,134,339,347,347,241,311,327,260,323,87,45,254,159,,22,,,254,285,332,260,336,343,314,318,121,77,283,39,37,42,112,44,19,228,144,324,297,337,3,62,16,256,280,162,322,209,319,271,89,327,336,339,31,74,216,232,,,344,346,,,253,119,100,344,249,314,344,324,347,345,128,83,54,54,57,286,171,268,194,240,287,329,49,228,,347,,,b'\x11\xe8\xe1I\xcci8\xc2\xaf\x82\x12\xdf\x17\xaeN\x1e'
11E8E149-CC69-38C2-AF82-12DF17AE4E1E,2019-ncaa-d1-conf-Pac-12,ncaa,10,10,7,10,11,9,8,10,7,9,8,6,7,9,6,7,11,12,2,12,12,12,12,6,6,7,9,6,11,11,11,11,12,12,12,7,3,5,8,8,8,9,7,10,,,2,2,,,10,10,8,9,9,7,9,9,7,7,9,11,12,12,12,12,11,11,11,6,6,8,7,,3,,,10,7,11,7,11,12,12,10,3,2,8,2,3,4,2,4,2,6,5,9,8,9,1,3,2,12,12,8,11,10,12,7,5,10,10,11,6,8,8,8,,,12,12,,,10,3,9,11,10,10,12,11,12,12,3,3,4,4,4,11,9,12,9,12,8,10,8,9,,12,,,b'\x11\xe8\xe1I\xcci8\xc2\xaf\x82\x12\xdf\x17\xaeN\x1e'
11E8E149-CC69-38C2-AF82-12DF17AE4E1E,2019-ncaa-d1-natl,ncaa,266,282,155,278,178,144,103,177,44,128,198,62,92,138,38,121,329,340,75,342,346,234,278,49,64,55,205,93,343,318,315,237,275,301,306,100,146,33,85,57,247,251,161,208,,,18,19,,,238,229,242,103,119,73,158,114,186,80,133,331,342,343,232,305,327,245,316,86,55,244,154,,26,,,234,286,329,264,331,342,314,319,106,72,257,39,53,55,124,60,26,236,141,317,291,332,4,43,24,248,275,166,315,194,306,267,96,323,332,335,35,68,224,238,,,346,345,,,238,127,90,342,228,308,341,316,346,343,115,78,58,67,71,282,177,269,184,227,281,326,50,236,,348,,,b'\x11\xe8\xe1I\xcci8\xc2\xaf\x82\x12\xdf\x17\xaeN\x1e'
11E8E149-CC69-38C2-AF82-12DF17AE4E1E,2020-ncaa-d0-natl,ncaa,239,280,33,269,81,108,45,100,45,36,62,61,170,221,75,230,328,339,59,337,348,169,183,58,79,85,318,202,345,272,282,139,276,208,275,68,165,165,160,89,252,287,69,141,,,195,134,,,230,130,223,273,168,63,169,52,102,200,253,341,342,342,264,292,310,205,283,88,116,284,86,,135,,,228,312,307,291,257,327,342,163,126,71,314,25,276,278,190,283,146,308,261,219,220,298,64,57,207,313,276,205,282,275,275,211,84,285,319,284,216,211,64,33,,,332,347,,,230,216,125,306,231,266,278,246,308,331,102,39,237,239,241,263,165,280,121,205,164,317,172,44,,348,,,b'\x11\xe8\xe1I\xcci8\xc2\xaf\x82\x12\xdf\x17\xaeN\x1e'
11E8E149-CC69-38C2-AF82-12DF17AE4E1E,2020-ncaa-d1-conf-Pac-12,ncaa,11,11,9,11,12,11,6,11,4,3,6,4,11,11,7,9,12,12,7,12,12,12,12,5,6,7,12,8,12,11,11,11,12,12,12,7,8,6,8,7,11,9,3,3,,,3,4,,,9,10,6,10,11,5,8,3,5,9,11,12,12,12,12,11,11,10,11,6,7,10,3,,4,,,9,9,8,5,8,10,10,9,1,1,8,2,11,11,8,11,10,5,4,8,8,9,2,2,12,12,12,7,11,8,12,4,3,10,9,6,6,10,3,3,,,12,12,,,9,3,9,10,9,10,9,8,11,11,1,1,11,11,11,9,7,12,7,10,6,9,8,3,,12,,,b'\x11\xe8\xe1I\xcci8\xc2\xaf\x82\x12\xdf\x17\xaeN\x1e'
11E8E149-CC69-38C2-AF82-12DF17AE4E1E,2020-ncaa-d1-natl,ncaa,257,278,45,274,117,134,59,134,47,45,80,65,181,237,79,230,335,341,59,340,348,210,230,61,84,93,313,202,346,297,287,169,280,247,279,77,168,141,164,92,273,293,78,147,,,162,140,,,246,167,229,273,174,68,179,57,110,202,257,341,341,342,266,294,314,211,293,92,117,291,92,,142,,,245,293,297,276,269,319,335,180,116,52,319,23,260,263,191,269,147,290,224,226,230,302,61,55,205,305,280,173,287,252,279,196,86,304,320,295,202,215,52,36,,,339,346,,,246,176,133,313,248,274,281,251,316,334,102,39,241,242,244,267,163,282,125,206,174,320,175,46,,347,,,b'\x11\xe8\xe1I\xcci8\xc2\xaf\x82\x12\xdf\x17\xaeN\x1e'
11E8E149-CC69-38C2-AF82-12DF17AE4E1E,2021-ncaa-d0-natl,ncaa,128,202,89,157,90,128,130,106,232,173,144,226,59,58,142,63,195,218,86,219,268,120,133,191,198,175,84,50,265,69,117,136,198,109,158,76,49,177,118,93,95,106,53,66,,,214,191,,,156,140,319,4,188,186,134,256,224,77,69,264,295,293,191,228,99,232,162,95,97,133,69,,152,,,157,205,207,219,142,206,232,99,208,185,253,127,221,204,278,202,141,214,206,141,159,179,201,174,199,225,198,242,117,238,158,192,149,153,191,177,246,214,300,285,,,217,317,,,156,201,150,185,160,125,126,119,128,174,152,97,173,145,140,101,76,161,176,164,125,232,189,269,,323,,,b'\x11\xe8\xe1I\xcci8\xc2\xaf\x82\x12\xdf\x17\xaeN\x1e'
11E8E149-CC69-38C2-AF82-12DF17AE4E1E,2021-ncaa-d1-conf-Pac-12,ncaa,4,8,2,6,2,2,3,2,8,6,4,7,2,2,7,2,5,6,3,6,9,2,2,7,8,8,4,2,9,3,8,3,7,2,8,2,3,9,6,6,5,9,2,8,,,11,10,,,7,2,11,1,7,7,4,8,7,4,1,8,9,9,5,4,4,6,5,5,7,9,6,,11,,,7,10,10,11,6,12,11,5,6,7,8,2,12,11,12,11,6,11,11,6,6,6,4,1,11,9,7,9,8,10,8,10,5,5,8,8,9,6,8,8,,,5,9,,,7,11,6,6,7,7,7,7,10,10,5,2,11,10,10,8,7,7,10,10,6,8,6,7,,9,,,b'\x11\xe8\xe1I\xcci8\xc2\xaf\x82\x12\xdf\x17\xaeN\x1e'
11E8E149-CC69-38C2-AF82-12DF17AE4E1E,2021-ncaa-d1-natl,ncaa,139,201,105,163,106,146,143,119,240,186,156,233,70,65,146,63,206,231,82,232,267,136,145,198,203,181,82,50,262,77,124,157,207,124,167,84,46,166,121,94,112,111,57,70,,,205,197,,,167,158,321,4,201,189,141,263,231,78,69,267,293,293,198,232,102,236,166,100,99,137,69,,152,,,168,185,189,200,153,194,222,107,198,166,255,124,212,196,280,194,142,195,187,149,169,191,196,172,201,212,207,229,124,224,167,180,147,167,200,182,236,219,296,288,,,228,317,,,167,183,154,199,172,132,132,125,136,176,153,96,172,145,141,104,74,165,184,167,128,240,191,274,,323,,,b'\x11\xe8\xe1I\xcci8\xc2\xaf\x82\x12\xdf\x17\xaeN\x1e'
11E8E149-CC69-38C2-AF82-12DF17AE4E1E,2021-ncaa-d1-ncaatournament,ncaa,33,2,33,33,34,50,56,56,55,59,58,56,36,38,30,7,43,49,3,49,20,56,60,54,45,45,5,7,13,49,40,39,21,42,36,46,10,5,27,30,46,29,38,28,,,11,46,,,27,60,58,7,49,56,51,59,58,12,9,26,41,39,52,58,38,24,29,36,12,34,22,,29,,,29,2,3,10,19,5,13,22,10,15,20,35,5,5,48,5,11,7,6,15,11,22,26,30,25,13,21,13,40,11,36,1,2,59,51,19,1,8,7,37,,,56,49,,,27,3,44,17,34,9,17,21,20,31,21,24,12,9,10,14,8,24,40,35,2,58,4,14,,53,,,b'\x11\xe8\xe1I\xcci8\xc2\xaf\x82\x12\xdf\x17\xaeN\x1e'
11E8E149-CC69-38C2-AF82-12DF17AE4E1E,2022-ncaa-d0-natl,ncaa,95,87,112,94,133,195,180,145,245,233,211,240,78,75,135,69,308,315,152,312,322,175,199,200,228,189,97,47,328,161,202,176,182,179,212,139,88,95,108,107,138,124,70,49,,,164,194,,,178,208,317,220,248,223,184,282,267,86,81,326,340,337,243,294,189,237,230,155,77,160,64,,130,,,179,126,129,152,129,120,176,85,187,136,286,152,152,102,330,106,118,143,146,145,147,147,220,219,188,172,182,236,202,215,212,82,76,179,154,101,124,148,215,232,,,276,301,,,178,143,186,158,182,79,86,88,86,129,162,104,124,85,86,60,50,156,219,186,60,215,107,196,,322,,,b'\x11\xe8\xe1I\xcci8\xc2\xaf\x82\x12\xdf\x17\xaeN\x1e'
11E8E149-CC69-38C2-AF82-12DF17AE4E1E,2022-ncaa-d1-conf-Pac-12,ncaa,3,2,6,3,7,8,6,6,7,9,8,7,3,3,4,2,11,11,6,10,12,7,7,6,6,6,3,2,12,7,10,8,9,8,10,5,2,8,7,5,5,7,5,4,,,5,3,,,7,8,11,9,9,6,8,10,11,3,2,12,12,12,10,9,9,9,11,3,5,6,7,,3,,,7,6,7,5,7,9,6,5,5,5,8,3,6,6,5,6,4,5,5,8,7,4,6,7,4,8,9,8,10,7,10,6,3,5,6,4,9,9,10,9,,,9,12,,,7,5,7,6,7,6,6,5,6,7,5,4,4,4,4,6,5,8,8,8,3,6,8,8,,12,,,b'\x11\xe8\xe1I\xcci8\xc2\xaf\x82\x12\xdf\x17\xaeN\x1e'
11E8E149-CC69-38C2-AF82-12DF17AE4E1E,2022-ncaa-d1-natl,ncaa,108,87,146,102,178,229,215,180,262,266,248,260,91,92,141,67,317,325,158,323,322,218,252,211,242,202,96,49,327,189,216,218,187,219,227,169,92,71,118,114,168,139,77,56,,,128,203,,,205,259,323,210,266,240,196,299,270,88,83,329,343,340,252,307,203,251,247,169,77,175,67,,135,,,206,103,102,118,140,100,137,94,168,107,288,151,130,84,330,85,118,111,95,156,167,161,222,221,186,150,187,216,216,184,227,60,78,220,172,121,106,157,197,243,,,300,297,,,205,95,202,173,206,87,96,89,97,133,164,103,127,87,88,65,45,158,227,191,66,224,109,205,,320,,,b'\x11\xe8\xe1I\xcci8\xc2\xaf\x82\x12\xdf\x17\xaeN\x1e'
11E8E149-CC69-38C2-AF82-12DF17AE4E1E,2022-ncaa-d1-ncaatournament,ncaa,37,2,37,37,38,65,67,57,64,64,64,60,62,42,65,14,56,52,53,51,22,59,53,65,65,64,34,44,12,45,40,39,11,40,17,66,64,28,62,67,65,65,49,44,,,29,68,,,39,57,50,5,64,67,47,64,60,59,19,49,41,38,50,35,29,4,9,65,61,65,43,,65,,,42,1,1,2,1,1,10,2,5,8,3,17,34,24,64,18,57,3,4,1,3,4,58,15,68,9,11,20,40,15,17,3,21,49,34,5,9,22,13,39,,,60,60,,,39,1,64,2,51,3,1,5,2,22,6,12,64,55,48,10,7,14,51,42,3,39,21,23,,60,,,b'\x11\xe8\xe1I\xcci8\xc2\xaf\x82\x12\xdf\x17\xaeN\x1e'
11E8E149-CC69-38C2-AF82-12DF17AE4E1E,2023-ncaa-d0-natl,ncaa,47,74,29,70,32,71,61,76,69,69,101,66,77,81,91,123,176,187,103,179,260,87,78,70,83,94,186,129,302,111,147,60,194,72,117,45,57,243,151,78,135,204,26,51,,,235,124,,,77,70,270,81,131,99,197,127,216,115,135,249,284,280,228,247,193,132,158,60,129,216,34,,112,,,82,262,272,318,78,287,332,63,161,192,127,91,226,187,288,197,70,314,306,65,65,85,94,122,177,311,194,220,147,277,117,99,25,129,225,74,267,201,84,50,,,173,297,,,77,290,91,100,82,80,109,190,156,278,93,95,125,96,98,166,128,229,63,108,30,226,174,31,,310,,,b'\x11\xe8\xe1I\xcci8\xc2\xaf\x82\x12\xdf\x17\xaeN\x1e'
11E8E149-CC69-38C2-AF82-12DF17AE4E1E,2023-ncaa-d1-conf-Pac-12,ncaa,4,7,1,5,2,5,2,3,3,3,4,3,4,4,3,5,9,10,7,9,11,3,3,3,3,6,9,4,11,6,7,4,7,4,7,2,5,12,10,8,4,6,3,3,,,8,4,,,8,2,10,5,9,7,10,6,10,4,7,11,11,11,11,12,9,4,7,5,10,7,3,,4,,,8,9,10,11,4,10,11,6,7,9,2,6,7,6,8,6,5,11,12,4,5,3,5,6,6,10,7,8,7,10,7,3,1,3,7,1,12,11,3,2,,,8,11,,,8,11,7,4,8,5,6,5,7,5,3,7,5,4,5,5,4,7,4,6,1,6,11,1,,11,,,b'\x11\xe8\xe1I\xcci8\xc2\xaf\x82\x12\xdf\x17\xaeN\x1e'
11E8E149-CC69-38C2-AF82-12DF17AE4E1E,2023-ncaa-d1-natl,ncaa,52,74,33,75,35,79,68,86,77,82,122,71,94,97,100,124,195,206,100,199,259,102,97,77,90,99,183,130,299,135,157,71,199,91,130,49,61,223,156,87,168,219,28,54,,,209,130,,,94,87,277,82,140,108,213,139,221,122,138,253,286,281,240,261,207,146,181,63,129,225,35,,115,,,100,237,251,307,84,275,329,70,151,162,136,90,210,168,297,180,72,303,289,71,69,105,94,120,178,299,199,186,157,251,130,83,26,163,237,85,249,207,69,55,,,201,293,,,94,271,97,122,97,94,117,196,162,280,94,94,129,96,99,173,127,233,65,117,33,236,175,34,,311,,,b'\x11\xe8\xe1I\xcci8\xc2\xaf\x82\x12\xdf\x17\xaeN\x1e'
11E8E149-CC69-38C2-AF82-12DF17AE4E1E,2023-ncaa-d1-ncaatournament,ncaa,36,2,36,36,38,45,53,59,39,57,65,17,37,38,42,6,44,45,24,43,2,53,55,31,24,26,9,15,13,50,23,48,2,50,13,39,17,12,35,32,68,68,51,50,,,22,67,,,40,58,57,7,36,48,55,54,65,14,7,17,22,18,50,50,35,41,41,26,27,68,47,,50,,,43,15,22,4,64,25,9,64,12,7,46,23,8,11,3,10,26,3,2,64,58,61,11,24,13,2,2,4,23,1,13,6,7,63,57,41,14,31,3,7,,,54,40,,,40,5,31,55,47,47,57,8,57,25,25,16,13,24,22,7,2,2,11,1,19,63,27,4,,47,,,b'\x11\xe8\xe1I\xcci8\xc2\xaf\x82\x12\xdf\x17\xaeN\x1e'
11E8E149-CC69-38C2-AF82-12DF17AE4E1E,2024-ncaa-d0-natl,ncaa,76,148,8,120,9,37,21,28,35,24,31,52,74,100,57,201,185,237,38,238,347,44,56,47,58,40,272,188,336,161,233,29,136,49,150,30,100,104,35,23,153,237,9,21,,,57,7,,,57,40,288,144,98,54,146,51,125,146,202,297,324,329,212,303,289,98,188,52,18,257,15,,5,,,70,303,334,345,112,337,354,50,250,195,292,62,88,61,311,57,12,336,319,94,69,146,48,166,25,310,136,317,233,328,150,248,61,175,297,225,93,48,37,7,,,189,331,,,57,320,49,155,69,104,185,245,216,327,128,68,17,13,11,172,84,180,103,118,99,315,26,8,,337,,,b'\x11\xe8\xe1I\xcci8\xc2\xaf\x82\x12\xdf\x17\xaeN\x1e'
11E8E149-CC69-38C2-AF82-12DF17AE4E1E,2024-ncaa-d1-conf-Pac-12,ncaa,9,8,9,9,11,9,8,11,6,6,8,5,9,9,7,8,10,9,4,9,11,10,12,6,6,6,10,9,8,11,11,8,8,9,10,9,10,1,3,6,9,9,3,3,,,2,2,,,8,12,9,9,8,7,10,5,8,9,9,9,9,9,7,11,11,8,9,8,1,9,3,,2,,,8,3,5,4,6,5,5,6,5,6,10,6,3,3,6,3,4,2,1,6,6,9,7,8,3,8,8,7,11,8,10,6,6,9,8,7,2,3,1,1,,,10,3,,,8,1,7,9,8,7,8,8,7,9,8,6,5,5,5,7,4,9,10,10,6,8,2,1,,9,,,b'\x11\xe8\xe1I\xcci8\xc2\xaf\x82\x12\xdf\x17\xaeN\x1e'
11E8E149-CC69-38C2-AF82-12DF17AE4E1E,2024-ncaa-d1-natl,ncaa,91,150,9,131,11,49,26,37,37,29,36,59,89,120,59,203,205,257,39,259,350,54,74,49,58,43,272,188,335,198,248,38,148,66,166,38,106,76,35,23,182,251,11,23,,,42,7,,,72,53,300,146,108,61,158,59,130,151,210,299,329,333,224,310,297,111,211,56,18,268,15,,6,,,81,291,327,344,129,332,356,60,227,167,299,61,76,49,314,43,11,328,310,111,89,167,45,158,24,294,148,291,248,311,166,234,65,213,306,242,73,47,34,10,,,220,332,,,72,308,51,181,78,115,200,249,231,329,132,68,19,13,12,179,80,184,112,129,113,324,25,10,,340,,,b'\x11\xe8\xe1I\xcci8\xc2\xaf\x82\x12\xdf\x17\xaeN\x1e'
11E8E149-CC69-38C2-AF82-12DF17AE4E1E,2025-ncaa-d0-natl,genius_ncaa,96,130,29,119,38,76,72,55,145,88,102,113,63,43,167,93,208,231,129,235,298,69,78,135,142,109,150,104,309,143,242,46,302,64,263,78,149,114,64,77,237,318,5,6,,,286,150,,309,145,70,240,140,126,113,114,163,211,95,77,279,299,305,157,237,220,86,146,120,56,304,3,,170,,265,146,311,318,341,72,320,352,25,206,175,247,32,241,274,88,269,69,344,315,50,43,133,98,111,156,358,302,335,242,355,263,187,42,234,332,228,79,45,47,31,,,219,334,,211,145,292,113,201,146,185,208,318,248,353,116,73,155,176,172,315,241,340,256,313,86,320,37,24,,327,,258,b'\x11\xe8\xe1I\xcci8\xc2\xaf\x82\x12\xdf\x17\xaeN\x1e'
11E8E149-CC69-38C2-AF82-12DF17AE4E1E,2025-ncaa-d1-conf-WCC,genius_ncaa,3,3,3,3,4,3,3,3,3,4,5,1,2,2,4,4,9,7,9,8,8,3,6,2,5,2,7,4,11,7,7,2,7,3,6,4,8,3,2,2,7,8,1,1,,,7,6,,10,3,5,4,8,3,2,3,5,7,2,2,9,7,8,3,6,6,2,3,4,2,8,1,,7,,9,3,3,3,10,2,5,11,2,3,4,2,3,8,8,7,8,5,10,9,1,1,1,5,3,8,10,7,7,7,9,6,1,1,7,8,4,1,1,1,2,,,9,11,,8,3,8,3,3,3,3,3,10,5,11,3,4,6,7,7,11,9,10,7,8,1,8,1,1,,11,,9,b'\x11\xe8\xe1I\xcci8\xc2\xaf\x82\x12\xdf\x17\xaeN\x1e'
11E8E149-CC69-38C2-AF82-12DF17AE4E1E,2025-ncaa-d1-natl,genius_ncaa,95,130,25,118,30,78,69,50,139,81,105,108,67,41,168,94,214,228,121,239,300,66,76,128,138,110,151,109,310,158,246,41,307,59,265,77,156,127,66,82,243,314,3,6,,,296,158,,314,146,65,250,143,135,118,122,170,218,98,79,285,303,308,171,251,229,91,160,131,59,308,3,,175,,268,149,314,320,345,76,326,357,29,216,186,253,35,245,269,101,271,67,346,324,62,50,142,108,117,151,358,307,339,246,355,265,200,54,234,332,230,85,47,53,34,,,217,330,,207,146,301,113,205,148,184,211,311,242,353,129,74,157,173,172,308,228,337,246,307,98,320,39,26,,329,,258,b'\x11\xe8\xe1I\xcci8\xc2\xaf\x82\x12\xdf\x17\xaeN\x1e'
11E8E149-CC69-38C2-AF82-12DF17AE4E1E,2026-ncaa-d0-natl,genius_ncaa,295,346,49,327,73,148,139,98,242,140,180,123,111,31,324,35,222,266,62,263,300,121,110,232,236,233,179,116,291,218,327,160,331,188,344,115,106,280,217,176,190,292,183,283,,,312,205,,180,324,86,201,97,257,233,198,238,311,171,48,313,340,338,262,277,307,305,335,169,181,273,242,,223,,129,299,348,347,316,301,352,345,253,258,197,291,48,321,286,326,286,132,320,300,276,289,302,81,86,185,348,331,337,327,348,344,251,25,152,282,199,278,222,76,71,,,232,340,,127,324,277,259,321,302,306,312,269,326,334,156,78,261,216,223,282,246,321,297,327,129,259,190,32,,345,,182,b'\x11\xe8\xe1I\xcci8\xc2\xaf\x82\x12\xdf\x17\xaeN\x1e'
11E8E149-CC69-38C2-AF82-12DF17AE4E1E,2026-ncaa-d1-natl,genius_ncaa,332,345,85,347,117,225,209,155,274,214,248,148,145,50,333,32,283,322,59,320,306,182,169,263,271,264,162,113,286,293,342,243,346,281,355,170,113,232,233,210,260,319,225,302,,,281,225,,152,339,139,216,100,286,273,227,278,324,186,52,325,344,343,294,296,328,326,354,205,193,305,258,,240,,133,332,338,339,292,326,347,336,287,228,141,312,44,303,260,340,261,136,296,262,314,322,335,70,79,171,341,346,322,342,337,355,217,26,225,303,247,231,240,54,80,,,288,336,,149,339,221,288,347,334,330,334,283,341,342,175,79,275,230,235,294,243,329,317,337,155,279,198,35,,348,,169,b'\x11\xe8\xe1I\xcci8\xc2\xaf\x82\x12\xdf\x17\xaeN\x1e'
11E8E149-CC6D-937C-AF82-12DF17AE4E1E,2010-ncaa-d0-natl,ncaa,302,269,322,302,323,294,290,317,175,267,296,176,248,267,193,191,263,306,54,309,228,317,330,189,170,176,187,197,159,329,287,329,316,337,314,220,66,31,189,125,309,270,234,219,,,35,130,,,262,330,251,36,238,229,252,205,210,207,214,188,240,242,263,274,299,287,315,129,143,264,203,,132,,,269,64,73,48,247,122,99,200,82,32,301,74,119,104,245,95,154,45,28,237,245,277,131,129,188,144,316,44,287,63,314,102,187,303,229,259,174,291,230,308,,,311,153,,,262,19,210,311,264,254,261,209,263,276,167,91,230,207,205,221,190,281,207,256,241,224,271,300,,230,,,b'\x11\xe8\xe1I\xccm\x93|\xaf\x82\x12\xdf\x17\xaeN\x1e'
11E8E149-CC6D-937C-AF82-12DF17AE4E1E,2010-ncaa-d1-conf-Big Sky,ncaa,8,8,7,8,7,8,8,8,7,8,8,5,8,7,9,7,6,7,2,7,6,8,9,8,7,7,9,8,3,6,6,9,9,9,9,7,5,2,6,6,9,8,4,4,,,2,4,,,9,9,9,4,8,7,7,6,6,8,7,4,5,5,8,9,4,9,9,6,4,8,4,,4,,,9,6,6,4,7,4,3,7,7,5,8,6,4,3,7,3,5,3,3,7,8,8,7,8,3,8,9,2,6,5,9,5,6,9,8,7,6,8,7,7,,,8,4,,,9,1,6,9,9,8,8,7,5,6,7,6,6,4,4,7,6,9,5,8,7,8,7,7,,6,,,b'\x11\xe8\xe1I\xccm\x93|\xaf\x82\x12\xdf\x17\xaeN\x1e'
11E8E149-CC6D-937C-AF82-12DF17AE4E1E,2010-ncaa-d1-natl,ncaa,281,269,276,281,282,271,267,300,186,242,264,187,225,251,179,192,220,259,67,264,197,304,320,198,178,178,176,195,137,316,287,308,311,325,312,185,62,70,202,135,292,271,226,221,,,68,129,,,263,308,253,43,243,239,263,221,218,202,220,177,225,226,265,272,295,280,312,133,149,267,211,,131,,,265,116,124,96,225,150,142,180,124,62,293,91,168,147,249,140,170,95,69,220,241,257,156,140,204,200,311,98,287,134,312,138,168,264,208,225,240,299,249,303,,,263,101,,,263,47,212,293,255,239,231,188,232,252,170,98,233,206,201,207,182,273,209,255,214,213,273,291,,195,,,b'\x11\xe8\xe1I\xccm\x93|\xaf\x82\x12\xdf\x17\xaeN\x1e'
11E8E149-CC6D-937C-AF82-12DF17AE4E1E,2011-ncaa-d0-natl,ncaa,309,279,319,311,323,298,312,326,231,326,328,267,187,238,67,119,235,289,21,289,119,327,325,195,161,225,46,83,80,292,171,300,175,311,145,277,121,161,312,277,316,283,309,306,,,45,187,,,258,326,240,154,255,285,293,302,285,124,163,133,227,230,297,256,236,218,242,230,285,286,294,,157,,,266,50,71,34,243,131,91,235,36,28,171,55,121,96,259,98,157,29,14,210,215,277,58,56,204,51,175,8,171,8,145,32,47,330,294,237,320,336,306,340,,,308,177,,,258,16,231,275,268,209,221,188,279,272,80,60,221,200,205,194,106,153,66,90,123,305,336,336,,225,,,b'\x11\xe8\xe1I\xccm\x93|\xaf\x82\x12\xdf\x17\xaeN\x1e'
11E8E149-CC6D-937C-AF82-12DF17AE4E1E,2011-ncaa-d1-conf-Big Sky,ncaa,8,8,7,8,7,9,9,9,8,9,9,9,7,7,6,5,5,6,1,6,3,9,9,7,7,8,1,5,2,8,5,7,4,7,4,9,8,9,9,9,9,9,9,9,,,3,6,,,8,9,7,2,9,9,8,9,9,6,7,4,5,5,9,6,6,4,6,9,9,9,9,,6,,,8,2,3,3,7,7,6,7,1,1,3,1,7,6,5,6,6,3,1,5,5,8,2,1,6,3,4,2,5,2,4,2,2,9,9,8,9,9,9,9,,,7,3,,,8,1,8,8,8,6,8,6,8,8,1,1,7,8,8,6,3,4,3,3,3,9,9,9,,4,,,b'\x11\xe8\xe1I\xccm\x93|\xaf\x82\x12\xdf\x17\xaeN\x1e'
11E8E149-CC6D-937C-AF82-12DF17AE4E1E,2011-ncaa-d1-natl,ncaa,305,277,321,305,332,286,304,330,221,321,323,256,173,220,64,118,196,275,18,275,107,329,321,191,141,208,45,87,64,297,179,292,174,313,159,263,109,173,303,256,303,281,299,303,,,48,169,,,245,325,228,155,240,275,289,295,283,120,160,117,207,209,292,249,245,206,239,208,283,285,291,,144,,,256,68,101,48,243,171,125,230,37,25,168,52,133,101,266,101,134,43,17,206,214,275,54,54,195,64,174,9,179,7,159,42,50,325,288,234,323,336,316,340,,,299,171,,,245,21,219,278,255,213,236,203,288,284,83,59,212,196,195,205,120,162,75,94,136,297,335,339,,216,,,b'\x11\xe8\xe1I\xccm\x93|\xaf\x82\x12\xdf\x17\xaeN\x1e'
11E8E149-CC6D-937C-AF82-12DF17AE4E1E,2012-ncaa-d0-natl,ncaa,336,338,240,338,263,207,180,165,212,205,207,211,118,117,161,102,308,278,326,273,270,187,187,189,248,237,158,74,326,178,221,276,206,251,267,201,203,141,181,193,233,231,289,295,,,144,172,,,312,185,67,177,169,119,71,159,158,88,79,304,264,258,98,88,144,268,214,166,212,217,280,,214,,,312,301,301,144,337,307,170,339,156,100,259,106,295,264,295,264,263,168,138,337,339,339,87,72,215,99,206,262,221,191,267,307,241,255,253,315,284,293,291,302,,,287,310,,,312,152,233,335,311,328,329,233,329,268,190,148,314,298,296,272,234,152,317,280,326,228,308,319,,275,,,b'\x11\xe8\xe1I\xccm\x93|\xaf\x82\x12\xdf\x17\xaeN\x1e'
11E8E149-CC6D-937C-AF82-12DF17AE4E1E,2012-ncaa-d1-conf-Big Sky,ncaa,9,9,7,9,8,9,9,8,9,9,8,8,8,6,7,5,8,9,8,9,4,9,9,9,9,9,6,5,5,7,6,8,7,9,7,9,9,5,8,9,7,7,8,8,,,1,7,,,9,9,6,7,9,8,7,7,7,7,5,7,6,6,7,6,4,8,9,9,6,7,8,,4,,,9,6,6,2,9,6,3,9,5,2,9,4,7,7,8,7,7,1,1,9,9,9,4,5,5,4,7,3,6,3,7,8,8,8,8,9,9,9,6,7,,,7,4,,,9,1,9,9,9,7,7,6,7,6,9,3,8,7,7,5,4,4,5,5,8,7,9,7,,4,,,b'\x11\xe8\xe1I\xccm\x93|\xaf\x82\x12\xdf\x17\xaeN\x1e'
11E8E149-CC6D-937C-AF82-12DF17AE4E1E,2012-ncaa-d1-natl,ncaa,338,338,286,339,300,233,203,199,220,230,233,221,125,129,166,101,314,294,326,288,269,214,228,196,256,244,152,73,325,200,227,297,212,280,276,225,207,121,185,200,248,239,297,298,,,118,176,,,314,219,72,166,177,124,73,171,162,90,80,306,268,262,102,91,154,273,220,175,215,224,284,,217,,,316,293,290,113,338,301,144,339,146,84,262,106,287,254,298,252,264,138,100,339,339,341,86,71,220,81,212,244,227,169,276,299,243,272,259,315,272,296,287,307,,,305,309,,,314,118,243,335,315,329,330,236,332,271,192,151,314,300,299,275,234,157,318,283,328,239,307,321,,275,,,b'\x11\xe8\xe1I\xccm\x93|\xaf\x82\x12\xdf\x17\xaeN\x1e'
11E8E149-CC6D-937C-AF82-12DF17AE4E1E,2013-ncaa-d0-natl,ncaa,344,345,251,344,292,315,315,232,335,252,125,336,324,308,326,298,219,196,271,196,229,229,182,338,337,340,270,298,53,242,291,321,327,311,337,335,337,307,310,341,134,135,214,248,,,115,93,,,344,163,32,214,320,310,167,227,64,323,302,186,143,145,164,68,201,321,297,338,327,93,192,,179,,,344,310,320,181,344,329,244,339,131,54,331,41,236,217,239,223,168,190,198,341,340,334,27,55,127,232,327,295,291,289,337,340,333,146,138,322,328,330,226,196,,,214,230,,,344,180,341,334,343,339,342,299,343,321,173,80,271,264,269,312,319,288,337,333,345,90,339,257,,165,,,b'\x11\xe8\xe1I\xccm\x93|\xaf\x82\x12\xdf\x17\xaeN\x1e'
11E8E149-CC6D-937C-AF82-12DF17AE4E1E,2013-ncaa-d1-conf-Big Sky,ncaa,11,11,8,11,11,11,11,10,11,10,8,11,11,11,9,11,11,11,9,11,9,11,9,11,11,11,8,9,4,10,10,11,11,11,11,11,11,9,10,11,6,7,10,10,,,2,2,,,11,7,3,6,11,11,9,9,5,11,11,10,9,9,10,6,9,11,11,11,10,6,9,,4,,,11,10,10,8,11,10,8,11,7,3,9,3,3,4,6,4,4,8,6,11,11,10,1,3,2,9,11,10,10,10,11,11,11,7,6,10,11,11,3,4,,,9,10,,,11,5,11,11,11,11,11,10,11,9,8,5,6,7,8,9,9,10,10,10,11,3,11,4,,9,,,b'\x11\xe8\xe1I\xccm\x93|\xaf\x82\x12\xdf\x17\xaeN\x1e'
11E8E149-CC6D-937C-AF82-12DF17AE4E1E,2013-ncaa-d1-natl,ncaa,345,345,292,345,317,327,327,255,336,270,139,337,327,315,328,298,235,210,270,208,225,251,210,339,339,341,267,296,49,253,294,334,329,323,338,341,337,294,312,343,146,140,227,253,,,103,93,,,344,182,32,208,322,315,173,234,65,323,304,188,144,143,169,69,208,322,301,341,325,100,199,,181,,,344,308,316,165,344,328,231,340,126,46,330,39,222,207,242,215,169,169,178,342,341,335,28,55,128,221,329,290,294,283,338,339,332,160,144,324,324,331,219,201,,,232,225,,,344,160,341,336,343,339,342,302,343,321,176,80,271,269,273,312,316,290,337,333,345,98,339,259,,164,,,b'\x11\xe8\xe1I\xccm\x93|\xaf\x82\x12\xdf\x17\xaeN\x1e'
11E8E149-CC6D-937C-AF82-12DF17AE4E1E,2014-ncaa-d0-natl,ncaa,325,298,334,325,341,285,279,285,249,205,167,269,323,327,258,316,191,160,266,163,190,270,281,288,276,273,297,312,71,172,112,343,257,316,234,290,274,108,199,265,131,65,264,205,,,139,294,,,271,304,72,261,191,179,91,86,28,310,310,94,55,55,73,65,77,327,241,259,247,69,235,,303,,,277,107,59,8,323,48,9,312,148,71,335,176,283,227,343,225,335,12,27,332,344,308,309,177,319,28,257,83,112,34,234,157,293,114,26,107,164,243,229,216,,,237,134,,,271,38,251,280,278,293,219,42,199,46,241,144,333,315,316,101,226,113,250,205,278,31,275,307,,73,,,b'\x11\xe8\xe1I\xccm\x93|\xaf\x82\x12\xdf\x17\xaeN\x1e'
11E8E149-CC6D-937C-AF82-12DF17AE4E1E,2014-ncaa-d1-conf-Big Sky,ncaa,11,11,8,11,10,9,9,5,10,6,2,11,10,10,9,10,9,4,11,4,9,6,6,11,11,11,11,10,5,3,3,10,7,7,8,11,11,8,6,10,3,2,8,8,,,9,10,,,10,8,4,9,8,6,3,5,1,10,10,7,3,3,3,2,3,10,6,11,9,2,8,,10,,,10,8,6,1,9,6,1,9,6,3,7,4,9,9,11,9,10,2,3,9,9,8,8,5,9,2,7,8,3,7,8,8,7,3,2,2,5,7,7,4,,,7,7,,,10,4,11,8,10,9,8,2,7,2,8,3,10,9,9,6,8,5,10,9,8,2,8,8,,3,,,b'\x11\xe8\xe1I\xccm\x93|\xaf\x82\x12\xdf\x17\xaeN\x1e'
11E8E149-CC6D-937C-AF82-12DF17AE4E1E,2014-ncaa-d1-natl,ncaa,310,298,307,311,325,228,208,219,195,120,93,242,322,325,256,325,162,138,254,132,212,203,199,261,260,245,312,318,86,137,102,327,232,274,205,257,254,155,189,247,80,42,250,205,,,182,270,,,222,231,63,266,156,134,84,52,21,311,312,91,59,60,65,57,75,320,219,221,244,42,227,,286,,,223,140,83,15,303,66,21,283,171,91,333,170,293,238,342,235,324,24,82,312,334,254,306,189,314,52,232,110,102,76,205,184,293,69,14,81,215,237,243,187,,,194,169,,,222,105,221,223,230,267,186,42,160,59,228,132,319,298,298,93,234,112,224,181,265,17,269,290,,95,,,b'\x11\xe8\xe1I\xccm\x93|\xaf\x82\x12\xdf\x17\xaeN\x1e'
11E8E149-CC6D-937C-AF82-12DF17AE4E1E,2015-ncaa-d0-natl,ncaa,267,238,322,262,322,326,327,308,333,276,169,338,335,333,319,329,178,153,240,163,171,295,288,342,330,331,274,321,21,117,70,327,203,274,162,330,270,181,267,324,97,39,296,266,,,109,265,,,241,312,201,20,302,309,174,211,44,331,320,86,53,56,140,81,33,280,135,316,295,44,275,,248,,,252,17,11,11,181,16,19,113,76,28,318,118,167,141,260,139,267,12,27,180,220,109,283,183,294,30,203,62,70,39,162,90,309,118,34,74,91,164,172,176,,,254,159,,,241,34,313,103,252,119,73,41,68,88,156,73,259,241,239,50,154,118,235,196,184,37,191,248,,95,,,b'\x11\xe8\xe1I\xccm\x93|\xaf\x82\x12\xdf\x17\xaeN\x1e'
11E8E149-CC6D-937C-AF82-12DF17AE4E1E,2015-ncaa-d1-conf-Big Sky,ncaa,10,10,9,10,9,12,12,11,12,11,8,12,12,12,11,12,8,5,9,5,5,11,11,12,12,12,7,10,2,3,2,11,8,11,7,12,12,8,12,12,3,2,12,12,,,4,10,,,10,11,10,2,12,12,10,11,4,12,12,4,3,3,10,7,2,10,9,12,10,2,12,,8,,,10,1,1,1,8,2,1,7,1,1,5,3,3,3,7,3,9,1,1,6,8,2,7,3,10,1,8,2,2,2,7,4,11,3,2,3,4,4,7,8,,,8,5,,,10,1,12,2,10,2,2,1,4,2,2,1,8,8,8,1,3,4,8,5,7,2,5,8,,5,,,b'\x11\xe8\xe1I\xccm\x93|\xaf\x82\x12\xdf\x17\xaeN\x1e'
11E8E149-CC6D-937C-AF82-12DF17AE4E1E,2015-ncaa-d1-natl,ncaa,256,238,298,255,303,298,308,250,329,224,103,336,326,322,303,329,140,124,253,125,179,223,204,339,330,326,276,315,28,61,43,306,177,190,113,306,232,221,247,299,72,34,276,252,,,157,260,,,206,277,181,26,277,287,136,175,31,324,317,83,48,49,101,53,20,253,85,280,289,37,261,,241,,,207,28,15,17,115,23,37,67,73,44,277,114,204,180,269,177,260,18,59,119,170,67,281,163,308,53,177,110,43,78,113,94,288,76,25,50,131,156,201,167,,,190,169,,,206,69,306,54,208,89,48,42,52,97,123,71,259,243,244,51,179,116,223,186,145,35,197,249,,88,,,b'\x11\xe8\xe1I\xccm\x93|\xaf\x82\x12\xdf\x17\xaeN\x1e'
11E8E149-CC6D-937C-AF82-12DF17AE4E1E,2016-ncaa-d0-natl,ncaa,78,87,38,85,34,55,57,66,71,109,197,45,23,21,65,33,133,122,193,122,91,70,71,41,53,57,50,34,261,270,324,136,95,193,296,75,165,202,118,104,11,17,243,283,,,175,70,,,93,34,119,5,70,72,131,186,281,25,26,186,190,193,140,161,313,252,312,93,126,14,267,,97,,,94,294,310,244,314,333,316,265,74,34,300,15,230,226,208,232,117,244,299,278,276,170,23,28,161,108,95,333,324,297,296,171,33,17,27,39,146,93,55,76,,,81,155,,,93,318,105,120,100,204,239,107,301,276,39,14,180,170,179,112,234,48,293,193,105,24,95,36,,151,,,b'\x11\xe8\xe1I\xccm\x93|\xaf\x82\x12\xdf\x17\xaeN\x1e'
11E8E149-CC6D-937C-AF82-12DF17AE4E1E,2016-ncaa-d1-conf-Big Sky,ncaa,5,6,2,6,2,3,2,3,4,6,9,1,3,3,6,4,6,6,5,5,5,3,3,3,3,3,3,4,7,11,12,9,5,11,12,5,10,7,5,6,2,2,9,11,,,7,4,,,4,2,5,1,5,4,5,5,10,3,3,6,7,7,6,8,11,10,11,5,6,2,10,,3,,,5,10,10,5,11,11,10,10,2,2,10,1,9,9,7,9,6,5,10,10,11,5,2,2,5,4,5,11,12,10,12,7,3,1,1,1,6,4,4,4,,,1,4,,,4,11,6,4,4,7,8,3,10,9,2,1,7,7,7,2,8,2,10,9,6,2,6,4,,4,,,b'\x11\xe8\xe1I\xccm\x93|\xaf\x82\x12\xdf\x17\xaeN\x1e'
11E8E149-CC6D-937C-AF82-12DF17AE4E1E,2016-ncaa-d1-natl,ncaa,62,87,12,80,11,26,32,36,54,84,169,30,21,15,73,37,119,97,203,101,98,38,34,33,45,56,67,46,276,261,331,85,67,155,281,41,154,260,137,99,9,17,237,282,,,221,75,,,84,14,105,5,64,66,133,163,280,32,33,196,194,198,147,157,318,239,312,82,144,18,267,,100,,,94,320,327,287,312,338,335,258,102,46,306,21,258,261,141,269,127,295,333,279,269,162,29,34,150,120,67,339,331,316,281,188,24,12,27,34,186,91,54,61,,,56,165,,,84,337,103,115,94,201,234,104,295,269,44,15,171,174,180,109,231,34,281,170,92,23,95,18,,161,,,b'\x11\xe8\xe1I\xccm\x93|\xaf\x82\x12\xdf\x17\xaeN\x1e'
11E8E149-CC6D-937C-AF82-12DF17AE4E1E,2017-ncaa-d0-natl,ncaa,237,229,234,243,245,173,173,129,236,244,268,164,56,28,209,25,288,277,237,273,207,156,196,178,208,159,54,27,303,239,305,279,236,271,323,168,165,46,50,96,142,138,308,311,,,70,62,,,240,180,64,47,117,113,32,222,245,30,18,273,259,254,51,89,217,258,257,129,76,112,303,,103,,,242,231,239,139,323,268,185,315,127,91,225,109,234,188,332,190,174,145,164,310,318,291,83,82,194,130,236,322,305,286,323,227,164,135,117,177,111,121,20,65,,,220,224,,,240,169,184,277,237,304,305,226,315,257,165,129,271,224,225,238,285,193,345,331,269,86,156,33,,171,,,b'\x11\xe8\xe1I\xccm\x93|\xaf\x82\x12\xdf\x17\xaeN\x1e'
11E8E149-CC6D-937C-AF82-12DF17AE4E1E,2017-ncaa-d1-conf-Big Sky,ncaa,8,8,6,8,6,8,8,4,10,11,10,6,5,3,9,3,10,10,9,10,5,6,8,8,9,9,3,3,10,9,12,10,12,11,12,8,8,4,2,6,6,6,9,10,,,6,4,,,10,8,5,8,9,10,5,10,11,4,3,11,10,11,6,6,9,11,12,9,3,6,10,,4,,,10,11,10,6,11,11,8,11,4,3,7,2,11,11,12,11,8,8,6,9,10,10,3,1,9,9,12,11,12,12,12,7,5,5,5,6,4,4,1,2,,,7,9,,,10,6,9,11,10,10,10,5,11,9,4,3,12,12,12,5,7,10,11,11,7,5,4,1,,8,,,b'\x11\xe8\xe1I\xccm\x93|\xaf\x82\x12\xdf\x17\xaeN\x1e'
11E8E149-CC6D-937C-AF82-12DF17AE4E1E,2017-ncaa-d1-natl,ncaa,215,229,144,232,158,137,132,83,217,217,236,147,45,23,203,24,266,246,242,242,194,101,138,159,186,152,56,28,298,226,311,239,226,251,323,138,156,71,55,96,134,153,314,325,,,94,63,,,243,97,60,62,113,113,38,219,252,34,18,269,249,246,58,101,233,253,265,128,83,121,313,,98,,,241,301,298,201,328,311,246,317,160,106,261,87,256,202,334,206,157,212,238,318,325,303,73,81,180,166,226,335,311,320,323,252,148,104,127,177,147,128,30,71,,,182,225,,,243,248,179,283,242,314,316,231,319,272,166,119,262,209,212,242,277,176,345,327,265,97,157,35,,176,,,b'\x11\xe8\xe1I\xccm\x93|\xaf\x82\x12\xdf\x17\xaeN\x1e'
11E8E149-CC6D-937C-AF82-12DF17AE4E1E,2018-ncaa-d0-natl,ncaa,99,74,164,90,204,60,74,85,83,202,263,94,7,15,20,15,219,286,7,286,234,104,179,35,39,21,18,6,321,311,334,85,133,173,273,136,271,7,13,35,243,270,204,238,,,89,48,,,100,125,55,143,30,36,31,205,272,5,10,218,286,290,54,130,311,39,149,115,14,245,201,,109,,,96,278,252,274,133,257,266,180,195,245,85,184,292,226,344,237,176,283,227,126,170,258,170,142,239,213,133,311,334,300,273,96,23,281,317,223,23,29,75,131,,,245,257,,,100,225,35,258,96,301,282,321,286,302,205,271,296,237,249,330,289,233,327,311,110,291,34,80,,237,,,b'\x11\xe8\xe1I\xccm\x93|\xaf\x82\x12\xdf\x17\xaeN\x1e'
11E8E149-CC6D-937C-AF82-12DF17AE4E1E,2018-ncaa-d1-conf-Big Sky,ncaa,5,3,7,3,7,3,4,3,7,8,9,7,3,3,3,3,8,10,3,10,9,3,7,5,6,3,3,3,10,9,11,4,7,4,9,7,9,2,2,3,7,7,6,9,,,4,3,,,3,5,1,1,1,1,2,7,9,3,3,6,10,10,2,2,8,2,4,7,2,7,6,,5,,,2,7,7,9,2,11,12,6,1,3,1,2,11,11,8,11,6,10,8,1,1,3,2,1,9,10,7,11,11,11,9,3,2,7,8,3,3,2,5,5,,,8,9,,,3,8,2,3,3,9,9,11,11,12,2,3,12,11,11,12,12,11,11,11,3,7,3,5,,6,,,b'\x11\xe8\xe1I\xccm\x93|\xaf\x82\x12\xdf\x17\xaeN\x1e'
11E8E149-CC6D-937C-AF82-12DF17AE4E1E,2018-ncaa-d1-natl,ncaa,84,74,97,80,114,47,52,50,90,177,232,85,8,10,40,16,203,269,11,268,235,70,108,43,46,25,19,9,320,291,333,51,102,129,259,113,280,15,15,39,227,270,217,252,,,127,46,,,104,68,56,157,31,39,32,201,271,7,9,222,290,290,55,130,309,37,144,121,18,247,226,,106,,,103,318,303,305,149,291,293,184,238,285,113,191,305,248,344,255,166,312,283,146,183,267,186,160,231,215,102,341,333,322,259,123,21,267,319,224,37,34,94,134,,,206,240,,,104,283,40,262,106,301,281,319,280,289,230,277,290,228,238,329,282,203,331,308,109,288,38,86,,219,,,b'\x11\xe8\xe1I\xccm\x93|\xaf\x82\x12\xdf\x17\xaeN\x1e'
11E8E149-CC6D-937C-AF82-12DF17AE4E1E,2019-ncaa-d0-natl,ncaa,322,335,173,331,208,232,222,134,296,212,170,258,195,118,325,118,253,287,98,290,309,168,208,294,295,248,205,177,229,243,302,146,111,180,260,299,331,51,80,219,278,288,293,299,,,103,113,,,315,188,132,181,249,227,83,218,153,192,100,265,296,298,132,186,240,103,164,317,84,279,300,,116,,,310,278,268,213,276,187,154,221,332,278,341,279,185,161,276,163,189,210,154,309,304,332,302,319,118,111,111,327,302,287,260,291,252,303,308,329,71,109,206,215,,,281,287,,,315,169,257,329,308,308,288,265,208,170,340,301,211,183,185,267,190,131,338,308,307,300,110,214,,291,,,b'\x11\xe8\xe1I\xccm\x93|\xaf\x82\x12\xdf\x17\xaeN\x1e'
11E8E149-CC6D-937C-AF82-12DF17AE4E1E,2019-ncaa-d1-conf-Big Sky,ncaa,11,11,7,11,10,11,10,8,10,7,5,8,10,6,11,6,8,9,7,9,10,9,8,10,10,11,9,8,6,9,11,8,7,9,9,11,11,5,5,11,9,9,10,9,,,7,9,,,10,8,4,6,11,8,5,5,5,10,6,8,8,9,7,4,7,7,8,11,6,8,10,,9,,,10,7,6,2,10,5,4,8,9,6,9,8,8,8,7,8,10,4,4,10,10,10,10,8,9,6,7,10,11,8,9,6,8,7,7,7,3,3,7,6,,,8,7,,,10,4,11,10,10,9,7,4,6,4,9,7,10,9,9,8,8,7,11,9,9,7,3,7,,7,,,b'\x11\xe8\xe1I\xccm\x93|\xaf\x82\x12\xdf\x17\xaeN\x1e'
11E8E149-CC6D-937C-AF82-12DF17AE4E1E,2019-ncaa-d1-natl,ncaa,324,334,155,332,193,222,210,128,293,189,164,239,192,115,327,122,248,277,82,282,311,152,196,296,290,237,213,187,224,232,299,115,104,164,243,281,320,48,75,198,284,295,299,297,,,104,104,,,300,181,123,180,226,209,78,181,141,194,101,250,287,292,120,171,228,75,139,292,81,284,304,,111,,,298,284,266,239,257,169,151,213,335,293,332,291,180,157,258,161,181,229,156,292,292,327,302,319,115,123,104,330,299,296,243,289,246,296,313,327,83,107,218,220,,,280,290,,,300,172,250,317,297,306,286,281,199,171,343,310,198,178,181,274,196,145,336,308,297,296,111,231,,289,,,b'\x11\xe8\xe1I\xccm\x93|\xaf\x82\x12\xdf\x17\xaeN\x1e'
11E8E149-CC6D-937C-AF82-12DF17AE4E1E,2020-ncaa-d0-natl,ncaa,328,337,87,332,162,253,284,281,252,232,192,277,278,300,211,285,68,67,167,61,65,247,125,273,240,314,177,269,14,277,258,177,158,228,184,319,293,350,349,347,260,295,297,320,,,261,220,,,345,64,50,261,290,323,335,264,222,294,310,81,82,82,306,131,288,196,269,327,349,267,303,,243,,,344,345,342,303,331,332,253,336,313,308,261,247,259,255,226,255,202,314,267,332,333,348,159,196,115,160,158,114,258,121,184,292,108,288,322,327,348,346,307,313,,,92,124,,,345,290,329,339,343,340,340,310,328,237,310,303,247,236,238,317,266,138,84,94,279,303,344,306,,118,,,b'\x11\xe8\xe1I\xccm\x93|\xaf\x82\x12\xdf\x17\xaeN\x1e'
11E8E149-CC6D-937C-AF82-12DF17AE4E1E,2020-ncaa-d1-conf-Big Sky,ncaa,11,11,8,11,11,11,11,11,9,8,7,9,11,11,11,10,5,5,4,5,2,10,7,11,9,11,9,11,1,9,8,8,8,10,7,11,11,11,11,11,10,9,11,11,,,8,9,,,11,6,2,10,11,11,11,7,6,11,11,4,4,4,10,6,8,8,9,11,11,9,11,,9,,,11,10,10,8,9,9,6,9,9,8,8,7,7,7,6,7,6,8,5,10,10,11,5,7,6,6,8,1,8,1,7,7,6,10,11,8,11,11,10,10,,,5,6,,,11,6,11,9,11,10,10,10,9,8,9,9,7,7,7,10,9,7,2,4,7,9,11,10,,5,,,b'\x11\xe8\xe1I\xccm\x93|\xaf\x82\x12\xdf\x17\xaeN\x1e'
11E8E149-CC6D-937C-AF82-12DF17AE4E1E,2020-ncaa-d1-natl,ncaa,332,337,128,337,230,289,321,321,261,275,228,285,294,313,217,287,83,85,170,80,62,291,164,278,249,323,177,273,13,303,264,204,167,268,197,332,302,349,350,348,279,303,308,321,,,247,226,,,346,95,53,261,300,332,338,273,224,297,312,81,86,83,312,137,295,199,276,334,349,275,304,,248,,,345,341,338,288,333,328,229,337,311,295,269,245,242,235,230,235,204,299,231,337,334,349,159,198,113,137,167,84,264,90,197,280,111,308,322,328,348,347,305,317,,,125,120,,,346,258,334,343,345,341,341,312,330,244,316,304,251,238,240,320,266,145,85,99,281,308,346,308,,122,,,b'\x11\xe8\xe1I\xccm\x93|\xaf\x82\x12\xdf\x17\xaeN\x1e'
11E8E149-CC6D-937C-AF82-12DF17AE4E1E,2021-ncaa-d0-natl,ncaa,318,329,191,328,192,205,231,203,272,198,137,296,272,278,237,309,60,104,15,100,99,189,167,289,231,268,183,299,6,213,211,207,205,215,205,244,237,287,303,311,265,303,170,194,,,176,152,,,330,161,36,23,209,276,209,186,79,297,308,17,42,38,168,62,215,199,225,275,314,285,174,,231,,,324,259,239,213,244,183,174,209,306,264,316,282,244,201,338,205,221,211,180,288,303,329,308,298,182,158,205,132,211,134,205,224,150,244,302,293,284,297,246,223,,,137,83,,,330,189,282,316,317,334,317,324,246,226,332,320,307,242,247,326,312,193,159,163,264,262,314,278,,47,,,b'\x11\xe8\xe1I\xccm\x93|\xaf\x82\x12\xdf\x17\xaeN\x1e'
11E8E149-CC6D-937C-AF82-12DF17AE4E1E,2021-ncaa-d1-conf-Big Sky,ncaa,11,10,7,11,7,8,8,8,10,5,3,11,10,10,8,10,1,2,4,2,4,8,6,11,10,11,9,10,1,9,7,7,8,8,7,10,7,11,11,11,9,10,4,5,,,7,7,,,11,5,1,2,10,11,9,6,4,10,11,2,1,1,8,3,9,7,8,10,11,10,5,,10,,,11,9,8,7,8,6,6,8,11,10,10,10,10,8,10,8,9,9,7,9,10,11,11,10,9,6,8,7,7,6,7,8,10,9,9,10,10,9,10,7,,,2,3,,,11,7,11,11,11,11,10,11,6,6,11,11,11,10,10,11,10,7,4,5,10,7,10,9,,3,,,b'\x11\xe8\xe1I\xccm\x93|\xaf\x82\x12\xdf\x17\xaeN\x1e'
11E8E149-CC6D-937C-AF82-12DF17AE4E1E,2021-ncaa-d1-natl,ncaa,322,337,182,333,184,206,223,205,282,190,124,297,280,272,271,310,54,91,20,89,97,185,162,301,252,277,202,308,5,210,209,202,217,209,213,242,243,292,303,315,258,304,164,187,,,192,159,,,335,154,48,24,236,291,221,189,84,311,313,19,49,46,182,74,221,212,233,288,311,288,176,,232,,,328,270,254,220,247,195,179,213,313,282,318,288,251,211,335,214,220,220,194,289,304,325,310,304,171,180,217,147,209,157,213,231,135,240,300,291,295,301,245,209,,,126,88,,,335,194,291,318,322,331,313,320,237,215,332,322,297,232,238,323,304,201,159,166,255,267,316,265,,61,,,b'\x11\xe8\xe1I\xccm\x93|\xaf\x82\x12\xdf\x17\xaeN\x1e'
11E8E149-CC6D-937C-AF82-12DF17AE4E1E,2022-ncaa-d0-natl,ncaa,233,288,79,262,85,121,156,161,176,111,91,192,286,278,246,315,6,11,46,10,31,120,96,225,141,178,208,321,3,184,190,79,38,97,80,209,257,315,259,284,102,127,173,198,,,330,324,,,228,81,103,76,168,240,290,145,123,305,318,4,13,13,207,147,238,99,145,265,272,133,197,,315,,,226,296,243,255,162,214,231,165,263,264,192,191,339,328,320,328,297,275,254,173,219,264,285,175,316,80,38,185,190,129,80,204,146,200,280,229,337,307,229,159,,,66,92,,,228,281,205,211,222,235,174,183,158,159,213,219,323,307,305,227,186,38,86,46,147,271,312,182,,93,,,b'\x11\xe8\xe1I\xccm\x93|\xaf\x82\x12\xdf\x17\xaeN\x1e'
11E8E149-CC6D-937C-AF82-12DF17AE4E1E,2022-ncaa-d1-conf-Big Sky,ncaa,8,9,2,9,3,4,6,7,5,3,3,5,10,10,8,10,1,1,5,1,1,6,3,6,6,7,7,10,1,6,6,5,5,6,4,7,6,9,9,9,4,4,6,5,,,10,9,,,8,2,4,3,7,7,9,4,3,10,10,1,1,1,7,5,7,6,6,8,9,4,6,,10,,,8,8,8,8,7,8,5,9,6,9,5,5,9,10,6,9,7,9,9,6,8,7,6,5,8,3,5,5,6,4,4,7,6,4,4,7,10,10,8,7,,,2,2,,,8,9,8,8,8,8,7,4,7,4,6,7,9,9,9,7,6,3,3,1,7,4,10,7,,2,,,b'\x11\xe8\xe1I\xccm\x93|\xaf\x82\x12\xdf\x17\xaeN\x1e'
11E8E149-CC6D-937C-AF82-12DF17AE4E1E,2022-ncaa-d1-natl,ncaa,247,288,100,269,110,151,199,204,188,141,115,206,296,293,253,316,9,15,47,14,27,157,124,238,149,192,203,322,2,218,201,101,42,133,85,245,265,304,277,297,124,143,184,203,,,324,330,,,245,111,108,76,184,257,300,158,131,306,322,5,13,13,219,157,247,107,161,278,278,150,201,,316,,,245,278,215,221,175,192,200,173,241,246,210,188,333,323,324,321,300,261,225,185,238,280,282,174,317,61,42,148,201,95,85,194,151,242,285,243,331,313,220,173,,,87,84,,,245,251,223,233,242,251,182,185,165,165,219,214,326,308,305,230,184,40,87,51,158,278,313,191,,93,,,b'\x11\xe8\xe1I\xccm\x93|\xaf\x82\x12\xdf\x17\xaeN\x1e'
11E8E149-CC6D-937C-AF82-12DF17AE4E1E,2023-ncaa-d0-natl,ncaa,325,347,116,338,146,254,308,248,329,251,156,326,326,304,330,310,43,44,94,44,43,202,153,339,289,310,160,321,1,283,325,114,42,176,230,310,269,311,308,336,225,243,220,181,,,354,361,,,326,122,139,240,310,347,327,297,187,337,321,24,42,43,274,215,313,103,227,335,298,236,230,,358,,,318,263,107,142,126,77,76,174,228,271,104,270,360,352,347,352,356,217,200,147,260,287,348,185,360,68,42,302,325,234,230,83,105,216,237,140,290,285,294,292,,,62,30,,,326,235,327,232,320,248,85,78,64,42,218,264,359,350,351,197,146,47,292,217,57,232,276,291,,51,,,b'\x11\xe8\xe1I\xccm\x93|\xaf\x82\x12\xdf\x17\xaeN\x1e'
11E8E149-CC6D-937C-AF82-12DF17AE4E1E,2023-ncaa-d1-conf-Big Sky,ncaa,10,10,6,10,7,10,10,9,10,9,5,10,10,10,10,10,1,1,6,1,4,9,7,10,10,10,8,10,1,9,9,9,7,10,8,10,10,9,9,10,6,4,8,7,,,10,10,,,10,8,5,3,10,10,9,8,5,10,10,1,1,1,7,5,9,8,8,10,9,3,8,,10,,,10,5,3,2,8,3,3,9,5,7,3,7,10,10,6,10,10,2,3,9,10,9,8,6,10,2,7,8,9,6,8,5,7,3,2,4,8,9,10,10,,,1,1,,,10,3,10,7,10,8,4,2,4,3,6,8,10,10,10,5,5,4,9,9,6,3,10,10,,1,,,b'\x11\xe8\xe1I\xccm\x93|\xaf\x82\x12\xdf\x17\xaeN\x1e'
11E8E149-CC6D-937C-AF82-12DF17AE4E1E,2023-ncaa-d1-natl,ncaa,337,346,151,343,188,295,337,303,334,286,196,332,337,317,334,311,48,53,93,56,40,263,213,341,296,320,160,322,1,311,331,147,46,227,246,329,274,296,313,338,253,254,237,182,,,353,361,,,334,165,144,228,322,350,331,308,187,337,323,27,43,43,284,224,319,114,242,337,301,249,239,,358,,,325,238,79,103,145,62,49,194,217,252,113,266,359,348,347,348,357,180,142,168,279,301,348,184,360,52,46,283,331,203,246,62,106,249,250,163,275,294,287,300,,,78,24,,,334,189,335,263,327,257,90,81,69,44,222,267,359,351,352,203,146,48,298,225,62,245,281,294,,49,,,b'\x11\xe8\xe1I\xccm\x93|\xaf\x82\x12\xdf\x17\xaeN\x1e'
11E8E149-CC6D-937C-AF82-12DF17AE4E1E,2024-ncaa-d0-natl,ncaa,307,338,94,322,126,244,237,190,281,228,169,300,235,231,210,224,209,212,205,214,219,196,185,279,278,278,200,210,135,210,244,142,66,169,179,270,268,235,237,282,164,149,255,249,,,137,149,,,325,185,289,263,315,316,300,285,211,252,259,250,246,246,292,302,250,197,242,316,183,185,278,,88,,,313,271,262,207,290,148,101,270,348,313,345,331,160,103,350,111,166,186,146,326,322,336,328,345,83,79,66,254,244,174,179,285,249,277,286,325,265,268,303,301,,,229,247,,,325,179,285,323,318,232,221,135,107,32,344,303,127,84,89,99,38,43,207,115,259,320,232,300,,291,,,b'\x11\xe8\xe1I\xccm\x93|\xaf\x82\x12\xdf\x17\xaeN\x1e'
11E8E149-CC6D-937C-AF82-12DF17AE4E1E,2024-ncaa-d1-conf-Big Sky,ncaa,8,8,3,8,5,6,6,6,7,4,5,7,8,7,9,8,4,4,7,4,4,6,6,8,6,8,8,8,3,7,7,4,4,4,6,8,8,8,7,8,6,6,8,6,,,6,8,,,9,6,5,6,7,7,7,4,5,8,8,4,4,4,7,7,7,4,4,8,7,6,8,,6,,,9,8,8,7,9,3,3,9,10,10,10,9,7,7,9,7,7,7,6,9,9,9,9,10,5,4,4,6,7,5,6,9,8,8,8,9,7,6,9,7,,,7,7,,,9,6,8,9,9,8,8,7,4,3,10,10,6,5,6,6,4,3,5,5,9,8,6,9,,8,,,b'\x11\xe8\xe1I\xccm\x93|\xaf\x82\x12\xdf\x17\xaeN\x1e'
11E8E149-CC6D-937C-AF82-12DF17AE4E1E,2024-ncaa-d1-natl,ncaa,309,339,78,325,116,255,251,201,299,246,169,316,228,240,213,225,224,228,216,229,235,212,198,293,289,293,197,208,149,222,266,148,69,186,198,277,273,236,238,287,156,148,252,255,,,126,146,,,328,186,298,264,326,326,303,300,210,256,265,264,259,261,300,306,262,219,252,324,184,190,284,,88,,,319,282,275,203,292,172,104,271,346,304,350,320,167,112,354,114,162,194,144,330,329,339,321,341,96,70,69,272,266,192,198,289,248,275,281,320,267,276,321,311,,,243,263,,,328,178,297,323,324,237,228,128,120,42,342,286,137,89,91,91,35,41,223,130,264,318,235,316,,305,,,b'\x11\xe8\xe1I\xccm\x93|\xaf\x82\x12\xdf\x17\xaeN\x1e'
11E8E149-CC6D-937C-AF82-12DF17AE4E1E,2025-ncaa-d0-natl,genius_ncaa,220,176,301,215,301,254,305,331,216,322,323,268,180,242,54,151,113,172,52,170,38,317,301,177,137,194,34,103,33,258,188,246,264,261,196,231,86,231,316,253,253,215,253,225,,,37,75,,44,244,307,216,37,193,272,294,310,284,123,176,51,94,92,267,200,205,133,178,185,312,193,217,,97,,78,249,121,126,130,176,66,74,171,273,240,271,310,88,73,229,70,150,105,71,219,211,258,290,317,103,205,264,34,188,83,196,150,195,307,280,279,328,353,122,263,,,214,84,,271,244,51,204,284,253,266,261,290,166,171,328,324,156,143,142,270,228,293,133,214,249,269,350,190,,102,,239,b'\x11\xe8\xe1I\xccm\x93|\xaf\x82\x12\xdf\x17\xaeN\x1e'
11E8E149-CC6D-937C-AF82-12DF17AE4E1E,2025-ncaa-d1-conf-Big Sky,genius_ncaa,3,3,7,3,7,8,9,10,6,10,9,10,4,6,2,5,3,3,6,3,3,9,9,5,4,4,4,4,1,8,5,7,7,8,5,6,4,7,8,7,6,5,9,9,,,1,1,,3,5,9,6,2,6,8,8,9,9,4,5,3,3,3,7,6,8,5,5,5,8,5,9,,2,,5,6,3,6,7,6,6,5,8,5,8,1,8,2,2,4,2,2,7,3,5,4,5,3,5,2,7,7,3,5,3,5,5,5,7,6,8,8,8,5,8,,,4,3,,6,5,2,4,6,5,4,7,9,8,7,7,9,2,2,3,8,6,9,4,5,7,7,8,8,,4,,5,b'\x11\xe8\xe1I\xccm\x93|\xaf\x82\x12\xdf\x17\xaeN\x1e'
11E8E149-CC6D-937C-AF82-12DF17AE4E1E,2025-ncaa-d1-natl,genius_ncaa,222,176,304,214,305,259,299,320,210,327,324,260,166,222,58,131,129,183,46,181,51,314,296,170,137,186,42,98,48,252,183,218,238,247,185,214,69,242,310,245,251,215,253,228,,,43,80,,41,237,298,204,38,189,262,281,306,278,113,160,65,113,110,264,183,205,99,150,165,317,195,221,,105,,75,236,124,130,144,143,61,76,149,277,261,238,313,97,91,197,89,169,126,84,190,178,234,300,320,117,215,238,43,183,101,185,144,198,308,289,276,338,353,117,253,,,227,119,,276,237,60,198,266,240,258,246,298,147,172,328,334,164,161,157,285,238,291,137,217,234,270,353,180,,127,,256,b'\x11\xe8\xe1I\xccm\x93|\xaf\x82\x12\xdf\x17\xaeN\x1e'
11E8E149-CC6D-937C-AF82-12DF17AE4E1E,2026-ncaa-d0-natl,genius_ncaa,295,295,206,310,216,237,229,231,223,233,260,170,199,159,277,75,256,306,17,306,279,248,248,215,210,205,153,134,217,318,336,207,120,258,272,162,57,133,208,154,259,255,106,78,,,151,223,,227,285,227,131,97,232,223,192,219,257,166,99,246,313,312,237,247,328,150,266,122,191,240,73,,209,,271,283,221,176,130,264,175,127,265,196,166,247,186,301,243,361,241,282,145,121,266,313,325,250,154,312,82,120,207,336,162,272,196,196,284,300,291,151,225,197,268,,,306,320,,157,285,134,242,306,281,303,253,206,252,193,249,215,333,286,285,255,170,117,301,243,247,295,208,243,,326,,140,b'\x11\xe8\xe1I\xccm\x93|\xaf\x82\x12\xdf\x17\xaeN\x1e'
11E8E149-CC6D-937C-AF82-12DF17AE4E1E,2026-ncaa-d1-natl,genius_ncaa,256,294,85,287,117,159,155,149,190,192,232,143,85,53,196,44,215,289,20,286,279,167,158,163,159,168,97,68,264,293,332,78,106,151,226,91,49,201,193,131,190,228,82,92,,,185,126,,246,245,132,189,100,219,204,212,256,312,96,55,271,328,330,258,282,328,78,195,105,163,234,82,,122,,220,243,283,242,253,169,244,249,178,238,255,155,183,320,268,354,261,215,265,226,170,224,278,225,154,293,190,106,302,332,276,226,228,143,255,312,274,239,245,256,284,,,267,320,,184,245,234,216,259,241,250,210,227,206,214,190,219,301,240,235,246,136,135,278,234,169,306,214,230,,336,,205,b'\x11\xe8\xe1I\xccm\x93|\xaf\x82\x12\xdf\x17\xaeN\x1e'
11E8E149-CC71-E3D2-AF82-12DF17AE4E1E,2010-ncaa-d0-natl,ncaa,8,13,12,14,15,69,70,60,138,69,56,153,148,159,134,237,61,30,304,26,78,46,44,152,176,152,208,219,140,22,46,36,63,23,38,131,253,241,125,180,14,14,11,10,,,233,139,,,25,56,279,258,177,177,217,148,166,214,250,149,82,78,184,224,86,125,85,218,109,34,12,,81,,,31,74,92,266,14,145,285,13,70,156,17,110,116,131,106,132,69,243,281,6,6,4,107,105,174,222,63,250,46,241,38,26,31,33,47,8,106,44,335,293,,,36,87,,,25,290,119,7,26,4,9,45,27,111,26,48,36,45,48,26,53,63,63,46,6,107,40,302,,135,,,b'\x11\xe8\xe1I\xccq\xe3\xd2\xaf\x82\x12\xdf\x17\xaeN\x1e'
11E8E149-CC71-E3D2-AF82-12DF17AE4E1E,2010-ncaa-d1-conf-AAC,ncaa,2,2,1,2,3,9,9,5,14,10,7,15,4,7,4,9,7,3,14,2,2,4,5,13,15,12,3,7,5,3,7,4,9,3,9,14,15,8,8,13,3,4,2,2,,,10,9,,,5,8,12,9,11,13,10,12,11,8,11,10,3,3,10,10,5,8,5,14,7,4,2,,6,,,5,4,6,12,3,7,14,3,2,6,2,5,7,7,8,7,5,10,13,2,2,2,6,2,11,14,9,16,7,15,9,2,1,4,5,2,7,3,15,15,,,3,3,,,5,9,10,2,5,2,3,3,4,7,1,4,6,6,6,3,6,11,10,10,2,6,3,14,,6,,,b'\x11\xe8\xe1I\xccq\xe3\xd2\xaf\x82\x12\xdf\x17\xaeN\x1e'
11E8E149-CC71-E3D2-AF82-12DF17AE4E1E,2010-ncaa-d1-natl,ncaa,8,13,12,14,17,76,74,63,142,71,60,160,156,164,137,237,68,33,304,29,75,49,46,155,180,157,206,217,136,26,49,40,67,23,40,134,256,234,125,184,14,15,11,10,,,218,139,,,26,62,281,259,181,184,219,151,169,217,252,149,82,80,184,227,89,127,88,230,108,35,12,,81,,,31,60,78,257,16,131,280,14,58,143,21,109,110,122,108,120,71,232,275,7,6,5,109,106,174,203,67,240,49,225,40,22,31,34,51,8,99,46,334,297,,,43,85,,,26,284,121,7,26,4,9,46,28,113,26,50,37,45,49,27,52,64,63,50,6,112,40,305,,135,,,b'\x11\xe8\xe1I\xccq\xe3\xd2\xaf\x82\x12\xdf\x17\xaeN\x1e'
11E8E149-CC71-E3D2-AF82-12DF17AE4E1E,2010-ncaa-d1-ncaatournament,ncaa,17,2,17,17,20,28,27,28,26,25,27,14,37,30,49,39,24,18,56,19,13,27,24,32,33,45,43,46,25,25,23,23,2,23,9,35,59,49,58,60,18,12,41,50,,,43,44,,,18,25,30,9,44,38,53,31,41,44,44,32,16,16,48,36,30,19,22,59,57,14,51,,34,,,18,35,34,35,15,33,36,13,34,38,35,31,32,35,24,36,36,34,36,18,15,8,36,36,33,20,2,40,23,34,9,32,33,17,9,11,32,18,19,13,,,24,23,,,18,41,43,5,16,5,8,8,12,13,25,21,20,24,26,5,10,2,16,3,16,11,19,8,,19,,,b'\x11\xe8\xe1I\xccq\xe3\xd2\xaf\x82\x12\xdf\x17\xaeN\x1e'
11E8E149-CC71-E3D2-AF82-12DF17AE4E1E,2011-ncaa-d0-natl,ncaa,30,47,26,49,38,58,67,78,65,62,80,71,149,159,134,222,47,25,239,25,46,63,53,86,86,107,208,233,110,36,20,101,67,50,23,86,190,289,194,166,22,16,7,3,,,322,305,,,21,60,234,257,113,123,227,102,175,196,224,82,50,52,172,174,73,253,141,143,193,33,11,,254,,,21,79,31,109,25,54,177,18,68,72,127,67,313,286,315,291,276,148,262,20,63,14,273,90,337,112,67,122,20,103,23,17,40,16,10,3,124,60,317,274,,,22,38,,,21,279,69,9,22,15,3,5,11,32,29,21,254,209,215,7,50,24,22,13,4,28,61,276,,55,,,b'\x11\xe8\xe1I\xccq\xe3\xd2\xaf\x82\x12\xdf\x17\xaeN\x1e'
11E8E149-CC71-E3D2-AF82-12DF17AE4E1E,2011-ncaa-d1-conf-AAC,ncaa,10,9,4,10,9,8,7,11,7,5,6,7,13,12,13,14,4,4,8,4,4,8,6,8,7,8,12,14,3,7,4,6,6,7,4,12,15,13,14,13,6,5,1,1,,,14,14,,,6,8,7,8,7,7,13,5,6,13,13,3,3,3,8,6,7,6,6,13,14,5,1,,14,,,6,3,2,6,3,3,9,3,5,3,13,2,13,13,15,13,13,8,7,3,5,4,13,6,14,6,6,3,4,3,4,1,1,4,4,1,5,4,8,8,,,4,1,,,6,7,10,3,6,4,3,5,4,7,5,2,13,13,13,6,7,8,5,5,1,4,6,7,,3,,,b'\x11\xe8\xe1I\xccq\xe3\xd2\xaf\x82\x12\xdf\x17\xaeN\x1e'
11E8E149-CC71-E3D2-AF82-12DF17AE4E1E,2011-ncaa-d1-natl,ncaa,34,46,28,49,45,66,75,91,67,66,91,71,157,173,136,220,52,29,234,29,47,73,61,87,87,112,206,234,108,41,21,120,70,62,23,98,191,280,196,176,24,18,8,3,,,318,309,,,21,73,238,260,119,132,230,109,176,197,224,82,50,54,178,178,77,256,150,149,193,35,12,,255,,,21,59,20,88,26,41,152,20,57,62,128,63,311,279,319,283,278,123,245,22,67,14,271,90,338,96,70,96,21,76,23,11,38,19,11,3,112,61,312,279,,,25,38,,,21,264,73,9,22,16,3,5,12,32,29,21,255,214,220,7,51,25,22,13,4,33,63,280,,54,,,b'\x11\xe8\xe1I\xccq\xe3\xd2\xaf\x82\x12\xdf\x17\xaeN\x1e'
11E8E149-CC71-E3D2-AF82-12DF17AE4E1E,2011-ncaa-d1-ncaatournament,ncaa,17,2,17,17,18,19,22,20,34,21,20,38,25,25,18,51,17,16,40,16,22,19,18,34,32,26,25,38,17,16,15,26,19,21,22,24,46,42,21,38,27,30,29,32,,,50,64,,,35,20,11,3,11,21,11,21,10,22,40,9,7,8,6,6,4,40,17,33,32,30,34,,63,,,30,48,43,38,41,40,39,30,40,35,60,18,62,61,46,61,62,43,43,43,56,53,56,26,63,32,19,47,15,40,22,30,15,27,32,16,11,1,61,52,,,19,21,,,35,45,18,47,30,51,27,11,21,19,38,18,64,61,62,36,40,15,47,30,13,33,1,60,,12,,,b'\x11\xe8\xe1I\xccq\xe3\xd2\xaf\x82\x12\xdf\x17\xaeN\x1e'
11E8E149-CC71-E3D2-AF82-12DF17AE4E1E,2012-ncaa-d0-natl,ncaa,34,54,22,54,43,68,95,95,105,83,107,92,148,134,209,172,19,13,215,14,22,65,48,128,100,130,135,215,34,24,18,21,52,16,13,51,55,304,216,137,78,97,33,31,,,332,328,,,20,71,245,262,131,172,236,141,221,186,181,33,25,28,184,176,52,61,28,85,207,128,53,,298,,,21,71,28,207,3,30,204,3,110,203,25,168,300,296,208,295,283,232,261,5,7,9,310,156,326,209,52,109,18,157,13,24,92,61,82,14,190,103,309,290,,,18,29,,,20,268,85,11,21,6,5,40,3,45,58,110,220,215,211,53,72,110,16,25,6,131,110,267,,41,,,b'\x11\xe8\xe1I\xccq\xe3\xd2\xaf\x82\x12\xdf\x17\xaeN\x1e'
11E8E149-CC71-E3D2-AF82-12DF17AE4E1E,2012-ncaa-d1-conf-AAC,ncaa,4,4,3,4,3,6,8,8,9,7,8,7,9,8,10,10,2,1,14,1,1,5,4,7,6,10,5,11,1,2,3,3,3,3,3,5,5,15,14,10,5,9,4,8,,,16,15,,,5,3,9,10,8,11,13,9,12,10,10,3,1,1,10,5,3,2,1,7,13,10,5,,15,,,5,7,6,11,3,5,13,2,6,6,7,5,16,16,5,16,14,12,12,2,3,5,11,7,15,11,3,6,3,6,3,4,4,8,10,5,11,9,16,16,,,1,1,,,5,14,9,5,5,6,4,7,5,11,5,5,12,14,14,10,6,7,4,3,2,13,10,15,,1,,,b'\x11\xe8\xe1I\xccq\xe3\xd2\xaf\x82\x12\xdf\x17\xaeN\x1e'
11E8E149-CC71-E3D2-AF82-12DF17AE4E1E,2012-ncaa-d1-natl,ncaa,35,54,23,56,50,76,107,106,114,94,121,95,156,139,210,171,24,16,212,17,21,70,55,131,101,136,131,214,32,26,18,26,57,18,13,59,57,299,219,141,86,103,37,35,,,331,329,,,22,83,248,262,138,179,244,146,223,191,181,32,25,28,192,183,53,62,31,93,209,137,54,,299,,,24,55,19,185,3,21,183,3,98,186,29,165,294,293,213,290,283,209,242,5,8,9,309,155,326,191,57,89,18,137,13,20,95,73,88,16,174,106,304,292,,,23,25,,,22,254,86,11,24,6,5,38,3,46,60,107,221,221,218,54,72,112,16,26,7,140,112,270,,42,,,b'\x11\xe8\xe1I\xccq\xe3\xd2\xaf\x82\x12\xdf\x17\xaeN\x1e'
11E8E149-CC71-E3D2-AF82-12DF17AE4E1E,2012-ncaa-d1-ncaatournament,ncaa,17,2,17,17,17,30,30,30,36,29,27,40,22,23,32,28,23,26,17,25,18,29,28,36,34,36,22,30,17,26,27,18,29,20,25,25,15,45,42,32,40,58,18,26,,,48,59,,,27,27,47,5,40,40,48,41,44,23,31,25,32,30,43,39,30,8,12,29,42,53,22,,57,,,26,38,34,46,3,39,47,4,29,33,28,15,47,50,27,49,46,48,40,4,6,20,45,24,58,47,29,40,27,44,25,32,30,38,59,51,45,44,49,53,,,23,14,,,27,36,33,25,26,18,4,42,10,47,18,20,51,53,52,55,30,47,24,37,16,59,42,51,,17,,,b'\x11\xe8\xe1I\xccq\xe3\xd2\xaf\x82\x12\xdf\x17\xaeN\x1e'
11E8E149-CC71-E3D2-AF82-12DF17AE4E1E,2013-ncaa-d0-natl,ncaa,128,126,120,136,152,131,133,105,187,149,152,194,106,99,147,134,159,108,287,107,115,104,107,168,197,168,137,122,200,38,38,265,170,144,118,185,255,159,118,174,62,48,167,125,,,341,344,,,109,149,164,195,124,126,88,161,153,107,98,163,107,101,76,89,31,305,154,206,153,57,177,,342,,,110,162,46,37,164,84,55,216,35,81,26,102,343,340,337,340,343,94,170,133,251,165,289,24,344,87,170,171,38,134,118,9,16,58,34,5,85,64,311,297,,,121,176,,,109,194,118,126,112,146,36,15,83,31,33,72,343,341,340,67,143,80,163,112,10,51,86,303,,127,,,b'\x11\xe8\xe1I\xccq\xe3\xd2\xaf\x82\x12\xdf\x17\xaeN\x1e'
11E8E149-CC71-E3D2-AF82-12DF17AE4E1E,2013-ncaa-d1-conf-Big 12,ncaa,6,5,7,6,7,8,6,5,7,6,4,9,5,6,5,6,8,6,10,6,6,5,6,7,9,8,6,5,6,1,4,8,8,7,5,7,9,6,7,7,2,1,7,6,,,10,10,,,4,6,4,4,7,5,1,6,3,5,5,8,6,6,2,1,1,7,5,6,7,1,7,,10,,,4,2,1,1,4,2,1,4,1,3,1,4,10,10,9,10,10,2,4,2,6,2,7,1,10,4,8,6,4,6,5,1,1,2,1,1,3,2,8,8,,,6,5,,,4,5,8,2,4,2,2,1,3,1,1,3,10,10,10,2,6,5,7,6,1,1,3,8,,5,,,b'\x11\xe8\xe1I\xccq\xe3\xd2\xaf\x82\x12\xdf\x17\xaeN\x1e'
11E8E149-CC71-E3D2-AF82-12DF17AE4E1E,2013-ncaa-d1-natl,ncaa,135,126,136,138,178,140,142,119,191,165,168,198,109,101,146,130,169,117,288,116,115,117,128,174,200,175,133,122,199,42,42,287,175,163,122,201,253,142,120,182,70,50,180,126,,,340,344,,,116,170,171,189,127,130,90,172,157,108,97,162,107,102,78,95,31,307,160,216,153,60,181,,342,,,119,146,35,23,169,76,44,222,28,68,27,101,342,340,338,340,344,68,143,138,260,174,288,23,345,73,175,155,42,106,122,6,18,70,38,7,76,65,308,300,,,138,172,,,116,175,125,136,117,150,41,15,86,31,32,73,342,342,341,68,140,80,164,114,10,55,87,306,,126,,,b'\x11\xe8\xe1I\xccq\xe3\xd2\xaf\x82\x12\xdf\x17\xaeN\x1e'
11E8E149-CC71-E3D2-AF82-12DF17AE4E1E,2013-ncaa-d1-ncaatournament,ncaa,33,2,33,33,35,48,40,58,28,41,59,14,40,41,40,11,56,60,14,60,58,59,59,24,32,41,33,19,56,49,17,54,54,50,36,56,60,20,55,56,60,56,43,51,,,24,59,,,39,63,61,7,45,36,54,37,57,23,19,55,59,59,57,56,36,53,46,55,44,57,42,,53,,,42,8,6,15,28,15,26,25,1,2,3,2,33,25,56,20,37,19,9,15,29,40,14,1,62,24,54,2,17,4,36,1,1,61,59,29,20,51,23,55,,,61,60,,,39,3,37,56,46,30,20,23,41,54,1,2,57,49,43,34,15,45,7,19,1,58,42,46,,61,,,b'\x11\xe8\xe1I\xccq\xe3\xd2\xaf\x82\x12\xdf\x17\xaeN\x1e'
11E8E149-CC71-E3D2-AF82-12DF17AE4E1E,2014-ncaa-d0-natl,ncaa,6,5,15,7,20,22,44,49,65,63,107,53,73,81,130,135,7,5,164,6,12,34,36,63,48,36,85,156,30,35,56,36,95,26,41,63,159,193,71,78,55,78,32,35,,,323,253,,,13,47,224,246,51,112,212,147,239,115,125,13,9,10,118,188,95,102,82,123,69,103,42,,209,,,13,161,124,283,16,118,277,16,171,226,71,160,261,262,178,262,191,289,303,19,24,18,263,171,279,260,95,212,56,239,41,44,33,45,78,16,147,67,324,303,,,10,13,,,13,309,24,18,12,28,17,64,15,99,88,116,153,153,151,68,116,125,44,57,7,102,68,281,,26,,,b'\x11\xe8\xe1I\xccq\xe3\xd2\xaf\x82\x12\xdf\x17\xaeN\x1e'
11E8E149-CC71-E3D2-AF82-12DF17AE4E1E,2014-ncaa-d1-conf-Big 12,ncaa,2,2,1,2,1,2,2,2,5,4,4,6,2,3,4,5,1,1,5,1,2,2,2,6,4,4,3,4,2,3,3,3,7,3,3,3,6,7,3,3,2,3,3,3,,,8,7,,,2,2,6,8,4,6,5,6,7,4,4,3,1,1,4,5,3,4,3,6,5,4,3,,6,,,2,2,1,7,2,4,8,2,2,5,2,5,6,5,7,5,5,7,9,1,2,2,7,4,7,8,7,6,3,7,3,1,1,3,3,1,5,3,8,7,,,2,3,,,2,9,3,2,2,1,1,3,2,5,2,4,4,3,3,3,6,6,3,4,1,4,2,7,,3,,,b'\x11\xe8\xe1I\xccq\xe3\xd2\xaf\x82\x12\xdf\x17\xaeN\x1e'
11E8E149-CC71-E3D2-AF82-12DF17AE4E1E,2014-ncaa-d1-natl,ncaa,6,5,16,7,22,25,49,62,69,73,125,54,82,86,130,135,7,5,164,6,12,40,45,62,49,37,84,160,31,42,58,38,96,30,45,71,165,176,73,83,63,85,34,39,,,318,259,,,13,54,230,248,55,122,220,152,241,114,123,12,10,11,122,189,96,110,86,130,70,109,45,,207,,,13,140,106,268,18,106,261,17,155,209,77,158,252,249,183,250,192,279,295,20,25,19,262,171,279,245,96,195,58,213,45,37,33,56,81,19,135,68,321,303,,,10,13,,,13,301,25,18,12,28,17,65,16,97,87,115,156,153,152,70,115,127,45,59,7,108,68,283,,25,,,b'\x11\xe8\xe1I\xccq\xe3\xd2\xaf\x82\x12\xdf\x17\xaeN\x1e'
11E8E149-CC71-E3D2-AF82-12DF17AE4E1E,2014-ncaa-d1-ncaatournament,ncaa,17,2,17,17,17,22,29,24,42,29,28,31,21,12,48,25,11,10,27,11,1,19,19,40,30,29,10,37,2,19,18,28,43,23,33,30,43,38,28,39,15,10,22,26,,,46,55,,,18,22,23,3,18,43,38,42,46,31,14,1,1,1,15,13,13,32,23,47,31,7,21,,57,,,17,42,41,43,34,48,47,33,6,19,6,5,45,46,14,45,44,46,47,26,23,19,6,3,51,47,43,46,18,48,33,32,20,15,24,13,37,26,46,50,,,16,10,,,18,42,20,24,17,29,31,32,48,56,3,6,42,52,50,43,53,52,37,44,18,14,31,46,,5,,,b'\x11\xe8\xe1I\xccq\xe3\xd2\xaf\x82\x12\xdf\x17\xaeN\x1e'
11E8E149-CC71-E3D2-AF82-12DF17AE4E1E,2015-ncaa-d0-natl,ncaa,43,161,3,105,3,22,21,10,181,24,14,172,141,98,234,235,26,14,248,12,163,11,7,196,208,177,245,245,137,3,42,5,108,3,47,40,185,327,92,122,41,98,2,4,,,342,236,,,51,11,225,91,136,126,98,87,79,224,211,121,93,81,87,114,38,65,24,148,117,107,5,,215,,,68,326,313,339,32,291,335,22,295,308,162,158,316,328,26,329,217,343,341,39,40,61,240,220,232,338,108,337,42,339,47,256,121,47,167,98,287,100,255,85,,,20,231,,,51,339,119,68,73,67,61,137,46,156,149,156,157,206,207,141,130,176,139,164,71,181,124,117,,185,,,b'\x11\xe8\xe1I\xccq\xe3\xd2\xaf\x82\x12\xdf\x17\xaeN\x1e'
11E8E149-CC71-E3D2-AF82-12DF17AE4E1E,2015-ncaa-d1-conf-Big 12,ncaa,7,7,3,7,5,6,6,4,8,5,4,9,7,7,10,7,6,5,8,5,6,4,4,10,10,10,7,7,5,1,4,6,5,4,4,9,9,7,5,9,5,5,1,1,,,7,8,,,6,4,5,6,7,7,4,6,4,7,7,7,5,5,3,4,1,6,4,9,6,5,1,,7,,,6,5,5,3,6,6,5,5,3,4,4,3,6,6,4,6,6,7,6,4,5,6,5,3,6,5,5,9,4,9,4,6,6,6,6,7,1,2,1,2,,,6,9,,,6,7,8,5,6,5,5,3,6,6,2,3,5,6,6,4,4,5,8,7,6,6,2,1,,7,,,b'\x11\xe8\xe1I\xccq\xe3\xd2\xaf\x82\x12\xdf\x17\xaeN\x1e'
11E8E149-CC71-E3D2-AF82-12DF17AE4E1E,2015-ncaa-d1-natl,ncaa,47,160,3,108,3,25,27,12,189,26,15,186,148,110,235,235,28,16,249,14,156,14,7,209,219,183,242,241,131,3,47,5,116,3,50,44,193,310,95,130,47,105,2,4,,,341,242,,,60,13,229,89,146,140,103,95,84,225,212,121,94,84,91,121,43,67,27,156,123,111,6,,216,,,77,321,300,338,35,279,333,26,289,301,171,155,303,326,30,327,218,343,339,42,45,68,240,215,230,333,116,335,47,338,50,239,120,57,174,107,273,98,242,89,,,25,231,,,60,337,128,74,84,69,65,140,55,159,153,151,164,207,209,146,128,183,143,165,77,191,122,122,,188,,,b'\x11\xe8\xe1I\xccq\xe3\xd2\xaf\x82\x12\xdf\x17\xaeN\x1e'
11E8E149-CC71-E3D2-AF82-12DF17AE4E1E,2016-ncaa-d0-natl,ncaa,31,58,12,54,17,25,25,39,32,29,82,14,63,53,137,124,61,32,258,33,80,31,23,29,39,64,191,162,227,44,54,12,82,17,36,39,162,331,200,128,80,152,4,6,,,331,226,,,24,23,140,252,60,49,160,69,211,114,111,134,97,100,152,132,126,32,47,77,219,151,1,,240,,,24,237,206,316,18,253,343,10,98,136,75,33,306,303,193,309,148,332,330,15,19,26,136,66,294,308,82,190,54,261,36,52,11,67,177,33,211,88,177,100,,,57,221,,,24,327,47,31,24,55,52,183,94,289,37,41,220,211,216,201,192,173,38,57,14,178,100,92,,194,,,b'\x11\xe8\xe1I\xccq\xe3\xd2\xaf\x82\x12\xdf\x17\xaeN\x1e'
11E8E149-CC71-E3D2-AF82-12DF17AE4E1E,2016-ncaa-d1-conf-Big 12,ncaa,3,3,3,3,5,4,3,5,2,4,7,1,2,3,4,4,7,5,8,4,4,5,5,2,2,4,6,5,9,3,2,3,5,3,3,4,9,9,9,8,5,3,1,1,,,5,5,,,3,6,6,5,5,3,7,5,7,4,3,7,7,7,7,6,3,3,3,6,9,4,1,,5,,,3,3,4,6,3,5,9,2,1,2,2,2,5,4,9,4,3,6,5,2,2,3,4,2,7,9,5,1,2,3,3,1,1,5,6,2,3,3,1,1,,,9,9,,,3,5,2,3,3,3,4,6,5,9,1,2,4,3,3,6,6,8,2,3,1,7,3,1,,9,,,b'\x11\xe8\xe1I\xccq\xe3\xd2\xaf\x82\x12\xdf\x17\xaeN\x1e'
11E8E149-CC71-E3D2-AF82-12DF17AE4E1E,2016-ncaa-d1-natl,ncaa,38,58,12,57,20,30,27,50,31,33,94,15,72,67,144,122,72,42,258,41,79,40,28,30,43,66,192,160,223,55,55,15,91,19,39,42,167,327,202,137,99,165,4,6,,,324,228,,,24,32,143,251,65,52,169,78,215,117,112,136,98,103,159,134,133,36,47,86,220,161,1,,242,,,27,217,190,311,19,232,341,11,87,112,78,32,299,296,204,302,151,324,320,18,19,31,135,62,294,293,91,162,55,236,39,38,11,88,191,38,195,89,164,113,,,72,218,,,24,319,52,34,26,59,55,185,103,288,38,41,220,215,218,202,193,180,39,58,15,187,100,95,,195,,,b'\x11\xe8\xe1I\xccq\xe3\xd2\xaf\x82\x12\xdf\x17\xaeN\x1e'
11E8E149-CC71-E3D2-AF82-12DF17AE4E1E,2016-ncaa-d1-ncaatournament,ncaa,17,2,17,17,17,18,18,19,14,21,25,11,14,15,26,21,20,21,13,21,17,18,17,14,12,16,22,28,21,22,33,17,10,18,16,21,45,48,44,39,34,47,6,3,,,39,30,,,20,17,8,1,8,12,21,16,31,13,16,15,20,20,20,10,36,6,12,22,50,42,2,,34,,,20,47,43,45,27,41,46,14,49,41,49,28,52,47,49,47,43,46,44,29,34,43,56,45,49,33,10,42,33,39,16,27,6,31,50,25,34,18,42,45,,,26,45,,,20,47,17,41,21,51,34,49,29,47,50,37,54,48,50,56,47,17,29,24,7,49,25,44,,36,,,b'\x11\xe8\xe1I\xccq\xe3\xd2\xaf\x82\x12\xdf\x17\xaeN\x1e'
11E8E149-CC71-E3D2-AF82-12DF17AE4E1E,2017-ncaa-d0-natl,ncaa,31,75,16,70,18,19,20,30,32,29,41,48,42,70,26,162,29,37,78,41,135,27,23,33,28,47,163,154,189,60,99,12,49,19,39,22,103,317,175,93,61,137,6,20,,,318,175,,,22,20,72,149,30,36,103,56,141,79,139,71,103,105,96,83,148,26,49,34,217,123,12,,206,,,24,303,290,323,58,305,334,47,149,198,103,48,306,305,176,306,148,328,329,41,50,64,106,74,241,260,49,271,99,277,39,81,8,57,171,35,320,224,205,104,,,44,204,,,22,330,45,48,25,119,120,219,182,297,62,70,209,211,216,223,240,115,80,77,20,139,254,113,,143,,,b'\x11\xe8\xe1I\xccq\xe3\xd2\xaf\x82\x12\xdf\x17\xaeN\x1e'
11E8E149-CC71-E3D2-AF82-12DF17AE4E1E,2017-ncaa-d1-conf-Big 12,ncaa,5,5,1,5,1,2,3,3,3,3,6,3,1,3,2,4,6,6,2,6,7,3,2,2,2,3,4,3,6,4,5,4,5,3,4,2,2,10,10,5,3,5,3,4,,,7,6,,,4,2,6,2,4,4,7,6,8,2,4,6,6,6,9,6,6,7,6,2,10,6,4,,6,,,4,10,9,8,8,9,9,6,3,3,6,3,8,7,6,7,6,8,9,6,7,5,3,2,6,5,5,6,5,6,4,4,3,4,5,4,10,10,5,4,,,7,9,,,4,9,4,4,4,5,4,3,7,6,3,3,7,6,6,4,5,4,3,3,3,6,9,3,,8,,,b'\x11\xe8\xe1I\xccq\xe3\xd2\xaf\x82\x12\xdf\x17\xaeN\x1e'
11E8E149-CC71-E3D2-AF82-12DF17AE4E1E,2017-ncaa-d1-natl,ncaa,43,75,16,71,21,21,21,36,34,33,48,51,51,80,28,163,36,41,79,45,132,30,24,36,32,50,160,150,183,79,106,14,54,20,42,25,107,305,179,98,75,148,6,22,,,309,177,,,27,20,76,149,30,40,107,61,149,81,140,74,103,110,102,92,151,28,55,37,220,128,14,,209,,,29,290,281,319,69,299,333,50,135,172,107,47,290,291,184,293,149,324,328,49,55,73,105,71,241,238,54,251,106,254,42,70,7,73,179,39,313,228,191,111,,,52,197,,,27,329,47,59,32,129,125,220,186,299,60,64,211,214,219,224,237,117,81,79,20,145,252,118,,145,,,b'\x11\xe8\xe1I\xccq\xe3\xd2\xaf\x82\x12\xdf\x17\xaeN\x1e'
11E8E149-CC71-E3D2-AF82-12DF17AE4E1E,2017-ncaa-d1-ncaatournament,ncaa,17,2,17,17,18,26,26,23,37,25,20,46,22,33,14,52,21,25,13,25,35,25,24,37,36,35,34,36,17,19,29,24,15,23,19,22,13,42,39,27,26,38,25,38,,,38,26,,,43,24,25,6,30,33,35,29,19,35,50,20,25,25,36,30,23,17,24,18,41,39,28,,26,,,36,42,46,42,42,47,45,33,36,35,46,18,26,29,17,29,9,40,41,34,33,34,18,28,10,35,15,40,29,38,19,39,20,22,32,24,50,51,25,18,,,26,31,,,43,43,34,28,35,34,46,41,47,51,27,21,12,15,11,33,34,23,24,18,28,30,49,20,,29,,,b'\x11\xe8\xe1I\xccq\xe3\xd2\xaf\x82\x12\xdf\x17\xaeN\x1e'
11E8E149-CC71-E3D2-AF82-12DF17AE4E1E,2018-ncaa-d0-natl,ncaa,32,94,5,75,6,16,14,17,34,19,24,50,33,47,36,170,38,43,126,45,216,18,13,38,44,45,190,139,261,59,167,15,89,24,91,12,78,306,101,49,9,41,24,44,,,321,129,,,19,12,97,169,45,39,106,54,128,81,151,149,169,177,112,123,199,88,120,30,111,37,45,,152,,,32,321,310,330,67,298,323,70,260,299,113,155,299,313,66,316,182,335,342,68,65,44,176,176,214,309,89,320,167,327,91,126,16,14,71,16,334,203,294,148,,,62,289,,,19,344,48,40,29,82,86,129,97,157,126,131,155,180,181,129,216,132,117,108,14,64,206,186,,261,,,b'\x11\xe8\xe1I\xccq\xe3\xd2\xaf\x82\x12\xdf\x17\xaeN\x1e'
11E8E149-CC71-E3D2-AF82-12DF17AE4E1E,2018-ncaa-d1-conf-Big 12,ncaa,6,6,3,6,3,6,5,3,5,6,4,7,2,3,2,4,7,9,7,9,8,4,3,5,6,7,5,2,9,5,6,4,6,4,6,4,2,8,6,5,1,1,6,5,,,8,8,,,5,4,5,3,6,6,4,7,6,2,5,8,9,9,5,6,5,7,6,4,7,1,5,,7,,,5,4,5,4,3,5,4,5,1,2,3,2,7,9,2,9,8,5,7,3,3,3,3,2,8,7,6,7,6,8,6,3,3,2,1,3,9,9,6,6,,,10,10,,,5,8,7,3,5,3,4,3,6,5,2,3,6,9,9,4,8,7,6,7,3,1,9,6,,10,,,b'\x11\xe8\xe1I\xccq\xe3\xd2\xaf\x82\x12\xdf\x17\xaeN\x1e'
11E8E149-CC71-E3D2-AF82-12DF17AE4E1E,2018-ncaa-d1-natl,ncaa,35,94,5,77,6,20,17,18,36,19,29,54,38,56,35,167,48,54,125,56,214,19,15,39,44,47,181,140,256,70,174,17,94,27,105,12,79,287,104,52,11,45,27,44,,,309,134,,,26,12,100,171,46,43,108,58,130,82,153,151,174,179,116,132,207,97,128,31,113,40,45,,156,,,36,315,306,325,76,293,322,76,245,292,120,153,284,301,71,303,183,333,341,74,71,50,172,175,210,301,94,311,174,320,105,104,16,23,75,20,328,206,283,158,,,84,290,,,26,342,50,47,36,89,96,132,105,160,126,131,160,183,183,131,214,133,120,112,20,68,209,189,,265,,,b'\x11\xe8\xe1I\xccq\xe3\xd2\xaf\x82\x12\xdf\x17\xaeN\x1e'
11E8E149-CC71-E3D2-AF82-12DF17AE4E1E,2019-ncaa-d0-natl,ncaa,63,73,47,73,74,53,81,89,91,106,115,146,63,115,30,180,13,19,106,20,33,68,70,74,59,61,69,135,44,131,159,33,50,51,69,98,186,193,105,118,44,57,111,116,,,243,155,,,21,64,128,272,72,118,187,161,197,85,156,17,30,33,130,162,182,44,69,134,111,65,144,,155,,,20,106,74,234,11,84,208,25,99,239,12,201,267,266,206,271,249,256,278,11,16,17,244,132,305,184,50,239,159,225,69,74,134,58,79,33,204,120,186,145,,,29,41,,,21,287,59,12,23,29,15,91,24,94,59,163,215,204,217,100,155,95,126,101,36,99,134,138,,46,,,b'\x11\xe8\xe1I\xccq\xe3\xd2\xaf\x82\x12\xdf\x17\xaeN\x1e'
11E8E149-CC71-E3D2-AF82-12DF17AE4E1E,2019-ncaa-d1-conf-Big 12,ncaa,5,4,7,5,7,8,10,10,4,10,10,7,3,7,2,4,4,4,8,4,1,10,10,4,3,3,1,2,2,10,6,4,4,6,4,9,7,7,9,8,5,3,6,5,,,7,7,,,4,10,7,3,7,9,10,10,10,2,7,2,3,3,10,9,9,4,6,8,8,4,6,,8,,,4,2,2,2,3,2,2,3,2,4,2,6,8,8,6,9,9,2,1,2,4,2,7,4,9,4,4,3,6,3,4,2,5,8,5,3,7,8,4,6,,,5,2,,,4,1,5,3,4,2,2,4,3,3,2,6,8,8,9,4,4,5,3,3,3,5,7,4,,5,,,b'\x11\xe8\xe1I\xccq\xe3\xd2\xaf\x82\x12\xdf\x17\xaeN\x1e'
11E8E149-CC71-E3D2-AF82-12DF17AE4E1E,2019-ncaa-d1-natl,ncaa,73,73,62,79,100,69,100,125,104,134,142,155,79,124,32,181,21,23,105,25,30,91,98,81,70,67,66,136,39,159,166,41,52,65,72,118,193,156,111,125,64,64,123,118,,,211,163,,,25,92,137,272,80,127,198,169,202,87,157,19,29,35,142,170,195,46,82,145,114,75,147,,161,,,25,72,50,201,14,68,171,26,83,217,13,197,251,245,209,250,251,218,244,15,24,20,243,127,300,155,52,205,166,182,72,59,138,80,86,41,185,130,176,155,,,42,41,,,25,258,72,15,26,32,16,92,27,102,61,160,217,212,221,100,154,99,130,105,39,99,135,150,,47,,,b'\x11\xe8\xe1I\xccq\xe3\xd2\xaf\x82\x12\xdf\x17\xaeN\x1e'
11E8E149-CC71-E3D2-AF82-12DF17AE4E1E,2020-ncaa-d0-natl,ncaa,123,109,191,125,243,201,183,151,228,166,135,218,211,178,258,187,221,182,254,189,196,163,190,244,254,217,222,195,186,150,145,121,121,130,120,209,226,116,121,165,240,243,38,35,,,258,278,,,129,190,120,273,198,175,98,144,110,202,175,198,162,164,99,121,135,84,84,205,136,235,38,,272,,,129,78,72,130,69,104,166,77,88,102,88,116,165,233,29,233,235,142,153,63,61,58,167,125,246,144,121,167,145,152,120,121,203,157,148,124,52,55,168,151,,,138,122,,,129,154,208,60,131,92,88,144,116,186,99,123,183,243,243,173,196,161,192,182,131,147,64,186,,111,,,b'\x11\xe8\xe1I\xccq\xe3\xd2\xaf\x82\x12\xdf\x17\xaeN\x1e'
11E8E149-CC71-E3D2-AF82-12DF17AE4E1E,2020-ncaa-d1-conf-Big 12,ncaa,6,6,1,6,6,10,10,8,10,8,6,10,7,6,8,6,9,10,7,10,9,9,9,10,10,10,6,6,6,5,5,5,6,5,6,9,7,4,4,6,7,7,4,4,,,6,10,,,7,10,10,6,10,10,8,8,6,7,6,9,10,10,9,9,5,5,5,9,4,7,4,,6,,,7,2,2,3,3,2,3,3,2,4,6,6,6,9,2,9,8,3,2,3,4,3,8,5,8,7,6,6,5,7,6,4,7,7,6,5,3,4,3,4,,,8,7,,,7,1,10,4,7,2,2,3,2,3,2,4,6,9,9,3,2,7,6,7,4,7,3,3,,8,,,b'\x11\xe8\xe1I\xccq\xe3\xd2\xaf\x82\x12\xdf\x17\xaeN\x1e'
11E8E149-CC71-E3D2-AF82-12DF17AE4E1E,2020-ncaa-d1-natl,ncaa,133,109,257,128,302,235,215,185,245,194,165,231,228,196,261,188,239,213,259,217,197,203,242,252,258,224,222,196,182,174,156,152,125,167,128,245,227,94,122,172,259,249,47,37,,,239,279,,,145,250,123,273,205,183,106,154,115,204,177,202,167,172,109,128,146,92,93,215,137,244,38,,273,,,145,57,54,94,76,89,146,80,76,83,91,111,150,215,28,215,238,106,97,65,64,66,166,120,248,124,125,147,156,123,128,111,205,192,157,133,39,55,157,157,,,167,117,,,145,96,219,68,142,97,97,150,121,192,101,122,189,248,247,177,196,167,200,189,140,154,64,187,,113,,,b'\x11\xe8\xe1I\xccq\xe3\xd2\xaf\x82\x12\xdf\x17\xaeN\x1e'
11E8E149-CC71-E3D2-AF82-12DF17AE4E1E,2021-ncaa-d0-natl,ncaa,13,60,10,34,11,18,17,20,41,17,17,73,66,101,37,272,17,16,83,16,163,18,15,60,50,55,243,244,152,31,121,25,83,19,74,16,97,317,114,71,41,155,30,81,,,323,145,,,55,15,118,176,50,55,127,39,67,178,259,67,94,87,116,129,168,136,142,44,133,149,78,,161,,,72,331,330,328,201,327,323,195,301,306,163,169,270,263,225,273,89,329,328,185,171,172,112,168,93,283,83,308,121,304,74,328,186,35,163,201,263,81,338,249,,,37,248,,,55,329,54,138,67,178,209,201,221,208,167,172,105,94,105,181,173,88,70,63,210,165,87,303,,226,,,b'\x11\xe8\xe1I\xccq\xe3\xd2\xaf\x82\x12\xdf\x17\xaeN\x1e'
11E8E149-CC71-E3D2-AF82-12DF17AE4E1E,2021-ncaa-d1-conf-Big 12,ncaa,2,2,1,2,1,2,2,3,3,2,4,4,7,6,6,7,3,2,5,2,7,2,2,4,5,4,7,7,6,3,3,4,5,3,4,4,5,8,7,4,2,2,4,4,,,6,7,,,4,2,6,9,4,4,8,3,4,7,7,5,5,5,8,7,5,7,5,4,5,2,6,,6,,,4,5,6,7,5,8,6,6,6,5,5,6,4,5,2,5,4,7,9,5,4,4,5,6,4,5,5,5,3,6,4,7,8,3,4,4,6,6,9,7,,,5,8,,,4,9,4,4,4,4,4,3,5,3,3,3,3,3,4,3,3,4,3,2,4,4,3,8,,8,,,b'\x11\xe8\xe1I\xccq\xe3\xd2\xaf\x82\x12\xdf\x17\xaeN\x1e'
11E8E149-CC71-E3D2-AF82-12DF17AE4E1E,2021-ncaa-d1-natl,ncaa,15,60,10,35,11,20,19,23,43,18,17,76,75,114,37,272,19,17,80,17,164,20,16,63,52,57,242,244,144,40,127,27,88,25,80,18,97,310,117,74,49,162,31,79,,,315,144,,,59,19,124,172,54,61,136,45,69,179,258,69,92,88,119,137,171,145,152,44,131,155,78,,160,,,74,329,327,325,209,324,322,200,294,299,168,166,262,255,230,262,92,326,323,199,183,181,112,165,92,274,88,301,127,300,80,326,189,40,170,212,257,83,337,254,,,44,249,,,59,326,58,154,70,185,220,201,228,214,172,171,110,98,111,185,170,91,73,65,214,172,88,305,,227,,,b'\x11\xe8\xe1I\xccq\xe3\xd2\xaf\x82\x12\xdf\x17\xaeN\x1e'
11E8E149-CC71-E3D2-AF82-12DF17AE4E1E,2021-ncaa-d1-ncaatournament,ncaa,17,2,17,17,18,22,20,32,5,22,28,4,24,32,12,39,28,31,12,29,41,32,30,5,5,10,40,35,42,39,49,23,36,29,34,22,33,45,56,40,16,10,20,24,,,33,12,,,18,25,38,7,19,19,58,21,45,30,45,39,45,44,60,53,57,32,49,18,48,11,22,,15,,,15,38,42,41,27,37,37,25,48,46,37,55,18,21,32,18,10,38,40,36,28,23,44,55,12,41,36,35,49,35,34,36,16,18,13,9,38,38,26,25,,,34,57,,,18,40,19,18,15,21,26,27,15,15,44,51,10,8,8,17,29,34,8,13,16,15,25,14,,59,,,b'\x11\xe8\xe1I\xccq\xe3\xd2\xaf\x82\x12\xdf\x17\xaeN\x1e'
11E8E149-CC71-E3D2-AF82-12DF17AE4E1E,2022-ncaa-d0-natl,ncaa,158,180,112,170,112,118,102,95,144,59,36,198,258,271,180,321,124,123,165,129,286,97,81,202,202,199,316,302,176,85,118,160,145,121,143,73,72,298,207,138,51,57,29,15,,,336,331,,,154,83,65,11,119,85,49,38,22,274,298,138,142,148,62,43,88,193,123,52,269,47,24,,332,,,154,238,156,143,182,118,158,100,244,134,343,120,338,338,216,338,334,200,257,204,251,142,327,206,337,150,145,247,118,213,143,261,312,21,23,63,221,139,303,184,,,125,231,,,154,275,192,106,156,199,106,70,84,110,219,99,335,330,330,140,273,129,231,183,229,15,199,302,,134,,,b'\x11\xe8\xe1I\xccq\xe3\xd2\xaf\x82\x12\xdf\x17\xaeN\x1e'
11E8E149-CC71-E3D2-AF82-12DF17AE4E1E,2022-ncaa-d1-conf-Big 12,ncaa,7,7,3,7,3,6,5,2,8,3,2,8,7,7,8,8,8,8,8,8,10,4,2,8,8,8,10,8,9,2,4,5,9,2,6,4,5,9,6,5,3,3,2,2,,,10,9,,,7,2,3,1,7,5,1,4,1,8,7,9,9,9,2,2,2,6,2,4,7,3,2,,10,,,7,8,4,5,3,4,4,4,7,4,6,5,10,10,4,10,10,6,9,7,7,5,10,5,9,7,9,9,4,8,6,6,8,2,2,3,9,6,8,4,,,9,9,,,7,9,8,5,7,7,3,3,4,3,7,5,10,10,10,6,8,8,8,8,5,2,6,6,,9,,,b'\x11\xe8\xe1I\xccq\xe3\xd2\xaf\x82\x12\xdf\x17\xaeN\x1e'
11E8E149-CC71-E3D2-AF82-12DF17AE4E1E,2022-ncaa-d1-natl,ncaa,176,180,146,186,149,145,126,115,156,71,44,212,270,287,186,321,145,146,164,154,285,119,105,214,212,215,316,297,168,105,132,201,152,157,153,87,75,277,210,148,66,70,33,15,,,331,337,,,178,113,72,10,135,95,59,44,23,276,301,138,146,156,71,47,94,204,135,58,272,54,25,,334,,,178,205,126,109,195,97,129,111,223,106,345,119,332,332,224,332,334,150,231,218,264,152,327,205,335,128,152,226,132,180,153,242,315,28,26,78,194,149,299,196,,,143,229,,,178,245,208,128,182,211,114,73,94,114,227,100,336,331,331,149,270,129,239,189,236,18,202,306,,139,,,b'\x11\xe8\xe1I\xccq\xe3\xd2\xaf\x82\x12\xdf\x17\xaeN\x1e'
11E8E149-CC71-E3D2-AF82-12DF17AE4E1E,2023-ncaa-d0-natl,ncaa,102,91,116,104,136,142,138,96,232,160,173,162,115,59,281,81,190,180,188,175,176,103,125,214,224,157,140,120,227,233,296,188,196,206,291,233,329,45,41,153,39,33,284,294,,,201,149,,,97,108,84,129,143,146,54,176,204,116,53,207,193,192,74,152,255,243,271,267,38,33,304,,178,,,97,129,167,179,142,183,139,240,123,238,23,261,97,135,58,135,178,163,246,129,107,38,97,156,129,168,196,323,296,297,291,115,111,28,30,21,76,63,295,308,,,118,142,,,97,254,181,36,98,83,123,129,158,83,105,221,88,124,126,106,255,166,320,287,94,26,72,296,,133,,,b'\x11\xe8\xe1I\xccq\xe3\xd2\xaf\x82\x12\xdf\x17\xaeN\x1e'
11E8E149-CC71-E3D2-AF82-12DF17AE4E1E,2023-ncaa-d1-conf-Big 12,ncaa,5,4,7,5,9,9,9,6,9,8,9,9,5,4,9,3,9,9,6,9,5,7,10,9,9,9,4,4,5,9,8,9,10,10,8,10,10,1,2,8,4,3,10,10,,,4,6,,,7,9,6,5,9,8,4,8,7,4,4,7,8,8,5,7,7,9,9,10,2,2,10,,5,,,7,2,4,2,6,4,1,8,1,6,1,10,3,2,4,1,6,2,2,5,5,4,3,4,5,9,10,7,8,7,8,3,7,2,2,2,2,4,4,6,,,8,6,,,7,2,8,4,7,3,5,2,6,2,3,7,3,4,4,2,6,10,9,9,5,2,3,6,,8,,,b'\x11\xe8\xe1I\xccq\xe3\xd2\xaf\x82\x12\xdf\x17\xaeN\x1e'
11E8E149-CC71-E3D2-AF82-12DF17AE4E1E,2023-ncaa-d1-natl,ncaa,114,91,151,111,171,174,167,114,248,191,215,174,130,70,284,82,210,199,185,196,173,124,169,221,232,163,134,123,219,264,305,228,202,260,306,269,332,32,43,158,53,41,301,299,,,169,156,,,118,138,91,118,157,164,57,187,206,124,60,208,195,194,78,155,265,254,282,283,38,38,309,,182,,,118,87,123,134,164,152,101,250,104,216,25,260,79,118,58,118,179,121,214,148,124,48,96,158,126,142,202,310,305,274,306,98,112,42,33,29,62,67,293,313,,,152,133,,,118,227,194,44,116,99,136,133,163,86,109,224,94,126,128,111,253,173,326,291,102,33,74,300,,134,,,b'\x11\xe8\xe1I\xccq\xe3\xd2\xaf\x82\x12\xdf\x17\xaeN\x1e'
11E8E149-CC71-E3D2-AF82-12DF17AE4E1E,2023-ncaa-d1-ncaatournament,ncaa,36,2,36,36,38,48,55,43,60,55,48,52,47,43,53,20,37,33,46,34,9,39,48,61,55,44,14,37,5,52,58,41,38,44,52,55,48,1,1,10,39,24,51,58,,,22,43,,,44,44,15,7,42,53,16,51,36,35,15,8,6,7,8,32,43,24,31,49,1,21,47,,50,,,46,16,22,23,51,28,30,50,2,5,5,6,14,25,10,25,39,25,24,42,34,43,3,4,31,17,38,32,58,30,52,25,50,56,58,62,2,5,40,63,,,42,18,,,44,24,45,37,43,49,57,53,61,64,3,8,35,49,53,56,52,39,67,64,56,51,4,63,,14,,,b'\x11\xe8\xe1I\xccq\xe3\xd2\xaf\x82\x12\xdf\x17\xaeN\x1e'
11E8E149-CC71-E3D2-AF82-12DF17AE4E1E,2024-ncaa-d0-natl,ncaa,34,40,52,43,69,48,52,85,36,63,143,27,68,61,117,115,48,30,263,30,34,69,72,38,42,48,147,155,152,190,211,241,235,224,249,80,181,198,109,89,2,2,99,92,,,291,209,,,13,51,73,230,40,46,131,68,215,85,86,64,40,41,90,114,253,339,335,87,132,2,130,,222,,,13,116,90,115,135,126,149,152,76,105,90,118,246,260,159,266,279,130,297,117,149,5,176,89,304,166,235,219,211,202,249,83,143,2,2,2,154,85,176,162,,,31,59,,,13,303,60,4,17,31,24,8,52,42,44,50,192,201,206,14,242,95,115,88,44,2,100,127,,51,,,b'\x11\xe8\xe1I\xccq\xe3\xd2\xaf\x82\x12\xdf\x17\xaeN\x1e'
11E8E149-CC71-E3D2-AF82-12DF17AE4E1E,2024-ncaa-d1-conf-Big 12,ncaa,3,4,2,4,3,4,5,4,5,5,7,3,6,3,11,7,6,5,11,5,6,5,5,3,4,4,7,9,7,8,9,13,14,14,13,9,10,8,5,9,1,1,6,7,,,12,10,,,2,4,3,5,4,5,4,6,10,6,5,6,5,5,5,6,8,14,14,9,6,1,7,,11,,,2,3,2,1,9,4,5,8,2,1,8,1,10,13,4,13,13,3,12,6,8,1,6,3,14,12,14,9,9,10,13,2,9,1,1,1,4,5,8,8,,,4,7,,,2,10,5,1,2,2,1,1,2,3,2,1,10,11,12,1,13,12,8,9,1,1,4,8,,5,,,b'\x11\xe8\xe1I\xccq\xe3\xd2\xaf\x82\x12\xdf\x17\xaeN\x1e'
11E8E149-CC71-E3D2-AF82-12DF17AE4E1E,2024-ncaa-d1-natl,ncaa,39,40,78,43,100,61,66,111,38,76,181,28,77,69,121,115,60,46,267,44,35,93,92,41,45,49,139,153,148,224,228,278,244,276,270,96,192,175,115,99,2,2,112,95,,,273,217,,,15,68,75,225,47,53,143,83,222,90,90,63,44,45,104,124,264,342,341,98,131,2,133,,230,,,14,86,66,70,155,94,105,177,59,81,103,117,232,238,168,247,287,86,277,136,167,9,175,84,302,138,244,183,228,163,270,70,146,3,2,3,132,87,164,173,,,48,53,,,15,288,66,5,19,37,33,9,59,43,44,52,200,209,213,16,242,104,123,98,52,3,105,139,,51,,,b'\x11\xe8\xe1I\xccq\xe3\xd2\xaf\x82\x12\xdf\x17\xaeN\x1e'
11E8E149-CC71-E3D2-AF82-12DF17AE4E1E,2024-ncaa-d1-ncaatournament,ncaa,17,3,17,17,19,33,32,34,32,33,35,17,24,21,42,20,28,20,64,20,8,35,35,28,36,37,27,27,30,28,40,31,52,33,46,34,56,39,32,43,14,13,29,25,,,53,62,,,25,36,63,5,49,48,58,46,63,32,27,37,14,15,60,64,43,41,50,56,22,14,41,,61,,,25,33,27,34,5,23,31,12,36,46,8,52,60,58,39,58,63,34,39,5,20,9,63,35,67,47,52,41,40,47,46,15,17,17,9,3,24,9,21,31,,,28,16,,,25,34,39,11,22,4,2,5,2,2,19,41,59,60,59,8,19,47,26,41,2,11,7,14,,26,,,b'\x11\xe8\xe1I\xccq\xe3\xd2\xaf\x82\x12\xdf\x17\xaeN\x1e'
11E8E149-CC71-E3D2-AF82-12DF17AE4E1E,2025-ncaa-d0-natl,genius_ncaa,39,37,54,44,83,48,50,66,50,51,99,34,78,68,129,141,35,43,53,42,68,60,58,48,38,52,148,187,130,57,37,215,157,128,83,111,283,244,117,147,2,2,263,250,,,272,209,,247,10,64,93,269,36,50,91,57,163,100,99,37,61,62,70,81,73,321,223,146,152,2,293,,196,,209,7,71,65,105,98,53,92,113,154,175,130,236,128,148,80,146,229,96,272,108,108,4,241,241,211,134,157,129,37,126,83,83,178,2,1,1,156,73,257,203,,,38,89,,30,10,291,39,2,9,14,12,9,18,14,94,92,75,104,101,10,168,58,37,31,41,2,101,214,,61,,41,b'\x11\xe8\xe1I\xccq\xe3\xd2\xaf\x82\x12\xdf\x17\xaeN\x1e'
11E8E149-CC71-E3D2-AF82-12DF17AE4E1E,2025-ncaa-d1-conf-Big 12,genius_ncaa,4,4,5,4,9,5,6,3,8,6,7,6,7,5,12,6,7,9,1,9,8,5,7,9,8,7,10,10,9,4,2,14,10,12,8,9,12,10,8,7,1,1,15,14,,,8,8,,5,3,8,7,14,6,6,3,6,7,7,5,7,9,9,6,7,4,14,12,9,9,1,15,,6,,5,2,1,1,1,10,1,2,10,5,5,5,10,4,7,2,6,8,1,9,8,7,1,9,8,7,3,10,5,2,5,8,3,11,1,1,1,10,8,13,13,,,8,9,,4,3,8,6,1,2,1,1,1,1,1,5,4,2,5,3,1,7,3,6,6,4,1,10,14,,8,,3,b'\x11\xe8\xe1I\xccq\xe3\xd2\xaf\x82\x12\xdf\x17\xaeN\x1e'
11E8E149-CC71-E3D2-AF82-12DF17AE4E1E,2025-ncaa-d1-natl,genius_ncaa,44,37,72,45,101,55,57,77,53,59,126,36,89,85,132,143,39,51,51,50,70,75,75,53,39,55,141,188,118,65,44,253,167,162,92,131,292,205,121,154,5,2,277,256,,,250,215,,243,11,85,102,269,39,53,96,58,167,102,102,38,65,62,72,89,83,328,240,154,153,2,298,,196,,217,8,52,44,72,107,45,58,123,138,151,143,233,111,128,78,128,229,63,251,116,122,4,240,240,208,106,167,96,44,93,92,70,182,2,1,1,134,80,242,221,,,51,79,,38,11,273,43,2,10,15,15,8,22,14,96,93,80,104,101,9,166,65,39,34,44,3,104,219,,61,,43,b'\x11\xe8\xe1I\xccq\xe3\xd2\xaf\x82\x12\xdf\x17\xaeN\x1e'
11E8E149-CC71-E3D2-AF82-12DF17AE4E1E,2025-ncaa-d1-ncaatournament,genius_ncaa,17,2,17,17,20,31,32,29,36,27,32,17,47,27,60,43,15,16,18,14,6,25,25,43,36,43,49,63,6,21,14,34,59,31,40,32,38,50,51,49,10,2,24,30,,,52,59,,24,18,25,35,7,39,48,51,30,46,59,44,5,8,5,40,28,21,55,44,42,52,3,32,,60,,13,16,33,30,37,12,30,39,8,37,39,35,39,44,47,9,47,51,38,44,18,17,6,49,43,47,50,59,34,14,42,40,27,22,14,4,3,40,35,40,47,,,20,14,,7,18,36,41,8,22,6,7,13,5,13,31,32,40,46,46,20,40,52,9,28,7,2,32,44,,12,,3,b'\x11\xe8\xe1I\xccq\xe3\xd2\xaf\x82\x12\xdf\x17\xaeN\x1e'
11E8E149-CC71-E3D2-AF82-12DF17AE4E1E,2026-ncaa-d0-natl,genius_ncaa,17,39,9,38,20,9,26,39,30,21,47,19,67,61,131,223,1,1,170,1,4,14,16,43,22,31,144,278,24,29,42,53,35,41,29,42,178,298,89,82,7,22,75,100,,,203,34,,341,17,11,61,97,20,37,156,42,164,138,162,2,2,2,51,59,91,166,113,73,135,21,122,,40,,294,19,251,288,289,158,277,293,126,275,257,241,183,97,112,138,114,33,269,335,167,131,32,121,248,35,149,35,237,42,215,29,344,352,2,6,64,308,127,171,70,,,1,5,,8,17,347,27,24,25,38,79,38,86,87,122,86,18,19,21,13,168,23,36,22,253,10,166,67,,3,,49,b'\x11\xe8\xe1I\xccq\xe3\xd2\xaf\x82\x12\xdf\x17\xaeN\x1e'
11E8E149-CC71-E3D2-AF82-12DF17AE4E1E,2026-ncaa-d1-natl,genius_ncaa,18,39,13,39,35,10,31,60,33,24,72,21,92,87,142,226,1,1,168,1,4,24,29,46,24,34,130,276,17,46,53,78,41,55,41,50,191,255,101,105,13,27,92,117,,,164,37,,331,17,21,75,100,22,51,181,52,181,155,178,2,2,2,65,75,108,201,141,93,145,30,136,,45,,302,20,212,249,240,203,236,259,154,256,219,273,177,67,65,149,65,36,214,312,200,164,42,115,245,36,97,41,191,53,154,41,336,353,3,8,90,277,141,139,78,,,1,3,,9,17,337,30,29,26,56,100,44,104,90,146,87,21,21,23,15,161,25,38,22,287,11,171,80,,2,,41,b'\x11\xe8\xe1I\xccq\xe3\xd2\xaf\x82\x12\xdf\x17\xaeN\x1e'
11E8E149-CC76-4940-AF82-12DF17AE4E1E,2010-ncaa-d0-natl,ncaa,302,317,178,305,192,246,230,218,241,189,153,245,264,264,256,247,226,237,151,229,268,223,259,267,267,218,258,250,176,231,249,206,43,217,170,327,341,34,80,271,295,278,211,187,,,183,290,,,254,263,281,111,257,240,194,173,138,265,261,226,235,230,215,271,226,208,233,341,46,297,213,,217,,,253,146,131,84,265,180,89,307,77,118,57,168,248,248,164,243,291,99,69,247,272,311,147,80,274,23,43,190,249,92,170,44,45,301,278,207,114,181,264,260,,,244,185,,,254,90,223,256,249,181,159,62,202,84,84,130,264,265,259,101,43,18,233,116,71,308,137,279,,247,,,b'\x11\xe8\xe1I\xccvI@\xaf\x82\x12\xdf\x17\xaeN\x1e'
11E8E149-CC76-4940-AF82-12DF17AE4E1E,2010-ncaa-d1-conf-SoCon,ncaa,9,7,9,9,10,8,7,6,7,3,3,7,9,10,8,10,8,8,4,8,9,7,9,8,8,7,10,9,6,5,4,8,2,7,4,11,11,2,4,9,11,11,6,7,,,8,9,,,7,11,7,2,7,6,4,3,3,9,10,7,7,7,5,6,4,6,6,11,4,11,5,,8,,,7,3,2,1,9,8,5,10,1,1,1,1,8,8,8,8,10,3,1,7,9,11,3,1,10,2,2,6,4,1,4,3,5,11,10,10,2,2,10,10,,,9,7,,,7,1,6,9,7,7,5,5,9,8,1,2,9,9,9,6,4,2,8,5,4,10,3,10,,6,,,b'\x11\xe8\xe1I\xccvI@\xaf\x82\x12\xdf\x17\xaeN\x1e'
11E8E149-CC76-4940-AF82-12DF17AE4E1E,2010-ncaa-d1-natl,ncaa,308,317,191,314,207,262,246,232,247,200,167,251,272,269,258,247,240,250,152,243,269,237,280,274,273,224,255,249,172,250,254,231,43,239,175,337,341,22,81,276,307,284,221,190,,,167,290,,,259,291,283,106,266,243,196,183,140,265,261,225,237,232,219,273,230,212,236,341,46,303,218,,218,,,258,128,115,53,272,167,71,308,66,104,65,166,233,238,167,232,289,77,38,252,276,315,144,78,272,16,43,172,254,73,175,37,44,320,280,212,108,181,260,263,,,268,186,,,259,64,226,269,257,185,169,63,207,84,87,130,266,267,263,101,41,19,234,118,77,308,139,281,,248,,,b'\x11\xe8\xe1I\xccvI@\xaf\x82\x12\xdf\x17\xaeN\x1e'
11E8E149-CC76-4940-AF82-12DF17AE4E1E,2011-ncaa-d0-natl,ncaa,262,301,119,280,139,272,284,209,324,256,132,333,257,269,197,273,137,106,274,100,104,179,164,324,322,304,149,223,37,101,109,230,106,154,124,337,343,223,235,334,223,210,241,230,,,234,284,,,289,204,270,137,303,316,255,288,156,282,284,146,104,100,236,216,102,266,192,342,212,242,259,,222,,,283,174,126,81,228,118,83,230,153,147,223,182,269,235,286,240,283,106,117,227,272,248,246,169,279,63,106,198,109,128,124,130,175,185,149,158,279,282,296,280,,,96,65,,,289,144,293,219,284,149,116,48,111,45,146,133,264,240,240,67,54,46,170,110,136,202,270,289,,96,,,b'\x11\xe8\xe1I\xccvI@\xaf\x82\x12\xdf\x17\xaeN\x1e'
11E8E149-CC76-4940-AF82-12DF17AE4E1E,2011-ncaa-d1-conf-SoCon,ncaa,9,10,3,10,5,10,10,6,10,8,4,11,9,8,8,8,4,2,6,2,4,6,4,11,10,9,6,8,2,2,2,9,2,6,2,11,11,7,7,11,4,5,5,5,,,9,11,,,9,8,9,7,10,11,8,8,4,9,8,3,2,2,6,7,1,10,7,11,7,6,5,,9,,,9,6,2,2,7,2,2,5,6,3,9,6,10,10,11,10,10,3,2,7,11,8,10,7,11,1,2,4,2,2,2,3,8,4,3,5,9,7,9,9,,,2,3,,,9,5,9,6,9,4,1,1,2,1,5,3,10,9,9,1,3,1,5,2,3,4,7,9,,2,,,b'\x11\xe8\xe1I\xccvI@\xaf\x82\x12\xdf\x17\xaeN\x1e'
11E8E149-CC76-4940-AF82-12DF17AE4E1E,2011-ncaa-d1-natl,ncaa,268,301,132,284,160,280,294,235,325,277,149,335,260,277,196,273,149,119,274,115,106,205,193,324,321,311,147,222,35,113,112,252,107,185,126,343,343,204,237,338,241,217,250,233,,,214,284,,,294,242,270,134,306,317,258,289,162,280,284,145,105,101,241,222,106,267,199,343,214,247,260,,224,,,291,153,114,61,232,106,63,237,142,130,224,181,260,224,291,228,284,79,84,234,280,257,240,164,281,43,107,180,112,98,126,116,172,206,158,167,271,284,290,284,,,113,58,,,294,105,297,224,292,157,121,50,116,46,145,134,268,238,238,68,54,46,175,115,139,211,271,290,,97,,,b'\x11\xe8\xe1I\xccvI@\xaf\x82\x12\xdf\x17\xaeN\x1e'
11E8E149-CC76-4940-AF82-12DF17AE4E1E,2012-ncaa-d0-natl,ncaa,171,202,120,193,126,285,286,249,308,287,211,330,195,236,68,198,268,269,168,262,253,260,230,288,291,298,111,124,159,184,183,276,195,253,222,327,336,230,282,330,95,54,140,73,,,194,285,,,225,250,316,60,320,325,304,316,231,195,246,281,292,288,310,297,200,312,299,336,220,92,138,,180,,,223,60,43,35,177,42,30,194,137,135,174,230,186,181,184,180,298,39,77,190,210,117,275,209,280,90,195,152,183,118,222,59,160,95,38,45,207,240,210,232,,,248,213,,,225,89,296,120,228,51,30,10,23,9,138,121,184,176,174,11,28,74,140,97,61,95,193,197,,289,,,b'\x11\xe8\xe1I\xccvI@\xaf\x82\x12\xdf\x17\xaeN\x1e'
11E8E149-CC76-4940-AF82-12DF17AE4E1E,2012-ncaa-d1-conf-SoCon,ncaa,7,7,3,7,3,8,9,8,9,9,7,10,4,6,3,5,10,8,9,8,9,10,6,9,9,9,3,4,8,6,5,10,8,8,8,10,11,7,9,10,3,3,7,5,,,8,11,,,7,7,11,1,9,10,8,10,7,4,6,10,8,8,9,8,6,10,9,11,7,4,7,,8,,,7,3,3,1,7,3,1,10,1,5,2,8,10,10,6,10,11,2,4,7,8,5,10,3,11,5,8,6,5,4,8,2,7,2,2,3,8,7,5,5,,,8,9,,,7,4,8,6,7,3,2,1,3,1,1,6,8,9,9,1,2,5,4,4,2,2,6,4,,10,,,b'\x11\xe8\xe1I\xccvI@\xaf\x82\x12\xdf\x17\xaeN\x1e'
11E8E149-CC76-4940-AF82-12DF17AE4E1E,2012-ncaa-d1-natl,ncaa,186,201,137,201,143,299,308,275,311,306,238,331,204,246,68,197,280,287,167,284,253,284,264,292,292,299,106,119,157,208,186,297,202,281,232,334,336,208,284,332,108,56,147,74,,,175,284,,,237,282,316,58,320,328,308,319,236,200,247,286,294,291,313,299,209,315,302,337,221,95,139,,184,,,235,47,32,20,187,32,18,198,127,119,177,229,176,166,190,165,299,24,52,193,216,128,272,206,280,70,202,128,186,91,232,49,158,107,40,50,190,242,197,238,,,270,208,,,237,59,302,133,241,54,31,10,29,9,138,123,188,180,177,11,28,77,142,100,63,100,194,201,,291,,,b'\x11\xe8\xe1I\xccvI@\xaf\x82\x12\xdf\x17\xaeN\x1e'
11E8E149-CC76-4940-AF82-12DF17AE4E1E,2013-ncaa-d0-natl,ncaa,304,310,183,310,185,322,310,260,323,283,216,319,268,246,310,202,310,297,247,295,298,273,282,327,330,320,222,204,192,154,127,315,246,282,230,342,345,108,194,336,236,187,182,155,,,101,251,,,307,311,335,51,335,324,266,292,211,270,237,306,300,298,289,296,131,334,284,344,140,232,180,,135,,,302,92,134,44,305,168,69,284,104,56,271,118,69,50,280,49,105,35,32,293,291,277,80,134,111,80,246,126,127,105,230,133,149,253,176,219,188,257,214,239,,,257,189,,,307,32,310,280,314,128,164,41,194,93,120,67,84,68,66,28,21,106,172,127,155,256,201,226,,255,,,b'\x11\xe8\xe1I\xccvI@\xaf\x82\x12\xdf\x17\xaeN\x1e'
11E8E149-CC76-4940-AF82-12DF17AE4E1E,2013-ncaa-d1-conf-SoCon,ncaa,9,9,8,9,8,11,11,10,11,9,9,11,7,7,9,4,11,11,7,11,9,10,10,11,10,11,4,4,7,6,6,10,8,9,7,11,11,6,6,11,8,8,5,5,,,5,6,,,10,11,11,1,11,11,9,9,8,7,6,11,10,10,9,10,5,10,8,11,7,8,5,,6,,,10,5,6,2,8,6,1,9,8,3,8,7,4,2,11,2,3,1,1,8,8,9,6,9,3,5,8,5,6,3,7,10,8,10,8,10,9,10,6,8,,,11,7,,,10,1,11,9,10,5,7,4,7,5,8,5,4,3,4,2,3,5,7,6,10,9,11,7,,9,,,b'\x11\xe8\xe1I\xccvI@\xaf\x82\x12\xdf\x17\xaeN\x1e'
11E8E149-CC76-4940-AF82-12DF17AE4E1E,2013-ncaa-d1-natl,ncaa,310,310,210,314,214,330,326,282,327,301,238,325,277,250,312,202,315,305,249,305,298,291,303,331,332,323,218,203,189,172,134,331,254,298,237,344,345,95,196,338,255,193,196,156,,,90,255,,,310,330,335,48,336,326,268,297,212,272,238,306,301,300,291,298,138,337,290,344,143,238,184,,136,,,308,69,120,27,308,149,56,289,94,48,274,115,62,45,282,45,103,18,15,297,297,281,78,133,110,67,254,110,134,80,237,126,151,277,184,225,178,260,207,241,,,267,184,,,310,13,312,284,316,129,171,41,198,93,119,67,85,69,66,29,21,108,178,131,162,262,202,232,,253,,,b'\x11\xe8\xe1I\xccvI@\xaf\x82\x12\xdf\x17\xaeN\x1e'
11E8E149-CC76-4940-AF82-12DF17AE4E1E,2014-ncaa-d0-natl,ncaa,165,205,85,181,122,211,200,137,283,236,176,309,104,120,93,115,280,244,313,242,260,161,166,250,278,257,119,80,290,150,212,195,214,165,242,266,294,142,134,252,127,144,219,239,,,177,175,,,182,177,271,268,291,270,204,280,225,116,137,309,284,284,238,264,179,260,232,300,98,159,245,,131,,,182,122,145,169,151,202,192,183,81,127,51,129,117,132,63,125,122,160,192,131,117,80,69,99,142,190,214,288,212,263,242,129,137,102,92,91,194,194,249,235,,,182,198,,,182,185,253,88,172,57,96,78,171,145,54,92,92,110,104,67,99,150,255,242,100,127,170,226,,251,,,b'\x11\xe8\xe1I\xccvI@\xaf\x82\x12\xdf\x17\xaeN\x1e'
11E8E149-CC76-4940-AF82-12DF17AE4E1E,2014-ncaa-d1-conf-SoCon,ncaa,6,7,1,6,3,3,4,1,8,8,6,9,1,1,2,2,9,9,8,9,7,2,3,7,8,5,2,2,8,3,6,6,8,7,7,5,8,4,3,4,3,4,7,8,,,9,8,,,6,3,7,8,7,7,2,9,8,2,2,9,9,9,8,8,4,8,8,9,3,5,8,,7,,,6,6,7,7,7,7,4,7,5,7,2,6,8,8,6,8,6,7,8,7,7,6,4,2,6,8,8,10,6,9,7,8,7,3,5,5,3,2,7,7,,,5,6,,,6,9,4,5,6,5,5,3,5,2,2,6,6,7,6,3,3,5,9,7,5,6,2,6,,9,,,b'\x11\xe8\xe1I\xccvI@\xaf\x82\x12\xdf\x17\xaeN\x1e'
11E8E149-CC76-4940-AF82-12DF17AE4E1E,2014-ncaa-d1-natl,ncaa,173,204,100,190,138,234,223,161,286,255,190,312,114,128,97,115,290,259,317,258,259,185,195,258,284,264,117,80,291,170,220,220,219,192,248,283,297,121,135,258,150,147,237,241,,,159,175,,,191,208,273,270,294,275,208,282,228,115,137,310,286,288,242,265,183,268,244,304,96,163,248,,132,,,191,103,131,145,160,187,175,190,69,113,52,126,107,127,67,119,121,127,161,135,121,89,68,93,144,169,219,277,220,247,248,119,135,118,95,94,184,195,240,240,,,208,199,,,191,160,258,98,186,61,98,79,175,146,55,91,95,112,105,69,96,149,256,245,104,127,170,228,,253,,,b'\x11\xe8\xe1I\xccvI@\xaf\x82\x12\xdf\x17\xaeN\x1e'
11E8E149-CC76-4940-AF82-12DF17AE4E1E,2015-ncaa-d0-natl,ncaa,282,256,322,283,326,311,331,332,291,318,291,311,279,293,186,246,123,186,24,191,78,326,344,293,231,175,116,220,10,309,273,321,285,328,296,342,333,5,49,249,329,302,286,255,,,11,89,,,268,343,320,155,270,316,291,279,201,246,263,39,83,93,259,322,274,260,292,341,26,304,258,,75,,,273,54,98,48,259,82,34,283,194,191,195,289,12,12,92,12,69,27,11,278,240,303,143,280,28,117,285,54,273,62,296,140,204,344,303,318,9,66,238,306,,,306,92,,,268,7,186,323,277,211,271,222,235,126,282,289,52,64,54,164,67,258,214,236,249,317,34,306,,216,,,b'\x11\xe8\xe1I\xccvI@\xaf\x82\x12\xdf\x17\xaeN\x1e'
11E8E149-CC76-4940-AF82-12DF17AE4E1E,2015-ncaa-d1-conf-SoCon,ncaa,6,6,5,6,5,7,7,7,6,6,4,7,7,7,4,7,1,1,1,1,1,6,7,7,6,6,4,6,1,5,5,5,4,6,5,8,8,4,5,7,6,7,7,7,,,7,6,,,6,7,4,5,7,7,7,6,3,7,7,1,1,1,4,5,3,3,5,8,4,6,7,,7,,,6,6,4,4,6,4,3,6,7,7,6,8,5,6,3,6,6,5,2,7,6,7,6,7,5,3,4,4,5,2,5,7,7,7,7,7,3,3,8,7,,,3,1,,,6,2,6,7,6,7,7,5,5,3,7,8,5,6,6,7,3,3,6,5,7,7,4,8,,1,,,b'\x11\xe8\xe1I\xccvI@\xaf\x82\x12\xdf\x17\xaeN\x1e'
11E8E149-CC76-4940-AF82-12DF17AE4E1E,2015-ncaa-d1-natl,ncaa,256,255,209,259,245,248,290,276,254,259,211,282,239,260,168,243,80,118,44,120,75,250,307,263,205,156,123,218,18,254,234,241,240,262,249,336,333,18,55,243,286,265,265,248,,,47,86,,,235,311,294,160,227,283,266,252,175,233,248,37,71,73,224,296,236,204,241,336,31,281,255,,79,,,236,120,183,148,231,129,82,253,275,276,212,308,21,28,66,24,67,93,60,256,218,262,184,298,23,177,240,128,234,153,249,187,188,297,275,291,23,67,260,280,,,243,124,,,235,41,157,282,235,196,254,226,188,111,298,304,43,52,46,163,87,234,192,214,231,287,38,287,,205,,,b'\x11\xe8\xe1I\xccvI@\xaf\x82\x12\xdf\x17\xaeN\x1e'
11E8E149-CC76-4940-AF82-12DF17AE4E1E,2016-ncaa-d0-natl,ncaa,325,293,340,325,342,328,309,324,211,251,229,267,314,333,158,294,329,336,86,338,340,332,325,255,257,279,302,264,255,233,111,328,279,312,188,330,328,173,308,328,291,224,207,175,,,156,305,,,303,334,153,86,244,184,155,115,68,274,301,276,303,308,208,123,110,236,165,302,321,203,142,,315,,,309,98,91,26,305,173,74,316,26,32,59,52,221,232,147,232,296,36,20,269,286,313,68,27,286,102,279,18,111,24,188,43,40,331,292,219,122,249,291,307,,,345,327,,,303,16,265,317,309,299,292,226,322,277,67,96,318,317,319,286,246,281,139,209,159,267,257,340,,312,,,b'\x11\xe8\xe1I\xccvI@\xaf\x82\x12\xdf\x17\xaeN\x1e'
11E8E149-CC76-4940-AF82-12DF17AE4E1E,2016-ncaa-d1-conf-SoCon,ncaa,6,6,5,6,6,5,4,5,5,4,3,7,3,8,1,6,8,8,5,8,7,6,3,5,5,6,5,3,7,3,1,7,7,5,4,6,7,7,7,7,5,7,5,6,,,8,8,,,6,5,3,3,4,2,3,4,3,3,7,8,6,6,4,2,2,6,2,6,7,5,5,,8,,,6,7,6,4,7,6,5,7,4,7,3,6,7,8,4,8,8,6,5,6,6,7,6,3,8,6,7,2,1,5,4,4,3,7,7,7,6,6,6,5,,,7,6,,,6,4,6,7,6,7,7,6,7,6,4,7,7,8,8,7,7,8,2,6,5,6,6,6,,6,,,b'\x11\xe8\xe1I\xccvI@\xaf\x82\x12\xdf\x17\xaeN\x1e'
11E8E149-CC76-4940-AF82-12DF17AE4E1E,2016-ncaa-d1-natl,ncaa,302,292,303,302,313,260,214,232,176,149,123,228,297,316,187,303,297,316,93,319,343,262,226,234,241,262,320,282,267,142,77,263,262,215,137,303,328,264,294,318,221,196,147,146,,,248,302,,,282,267,122,93,212,141,121,86,46,282,301,273,296,300,170,85,76,188,117,281,320,178,124,,316,,,283,190,182,106,263,246,162,287,54,68,64,74,280,294,98,295,297,146,104,231,243,282,86,37,281,194,262,40,77,73,137,82,52,273,262,196,170,207,313,296,,,333,336,,,282,90,239,284,282,285,272,236,306,272,90,138,310,320,322,290,268,285,121,192,146,234,234,334,,309,,,b'\x11\xe8\xe1I\xccvI@\xaf\x82\x12\xdf\x17\xaeN\x1e'
11E8E149-CC76-4940-AF82-12DF17AE4E1E,2017-ncaa-d0-natl,ncaa,302,300,234,308,236,318,320,295,312,295,237,317,277,276,265,235,247,233,236,230,189,293,271,316,312,316,194,217,91,244,232,305,316,299,305,307,212,227,298,304,236,215,254,265,,,161,216,,,320,273,266,20,317,318,290,283,200,269,258,225,213,207,280,248,223,300,289,305,276,212,251,,225,,,321,167,220,137,301,256,169,312,104,122,109,152,91,114,71,114,130,129,99,282,250,266,43,89,93,251,316,139,232,193,305,93,41,243,225,188,219,278,304,322,,,274,232,,,320,73,317,301,322,248,285,225,306,238,135,166,113,154,159,207,182,297,205,260,134,226,262,322,,260,,,b'\x11\xe8\xe1I\xccvI@\xaf\x82\x12\xdf\x17\xaeN\x1e'
11E8E149-CC76-4940-AF82-12DF17AE4E1E,2017-ncaa-d1-conf-SoCon,ncaa,7,7,5,7,5,8,8,6,8,5,4,8,8,7,8,6,4,4,7,3,3,5,5,8,8,8,6,7,2,6,6,8,8,7,8,6,5,7,7,6,2,2,7,7,,,7,5,,,8,4,3,1,7,7,5,5,3,7,7,3,2,2,4,3,5,8,7,5,7,2,7,,7,,,8,8,8,6,8,8,7,8,6,4,6,3,5,5,2,5,4,5,5,8,7,7,3,4,4,8,8,7,6,8,8,7,3,3,4,5,7,7,8,7,,,4,4,,,8,5,8,8,8,8,8,8,8,8,7,5,5,6,6,8,8,8,8,8,8,3,8,8,,2,,,b'\x11\xe8\xe1I\xccvI@\xaf\x82\x12\xdf\x17\xaeN\x1e'
11E8E149-CC76-4940-AF82-12DF17AE4E1E,2017-ncaa-d1-natl,ncaa,300,299,217,303,222,310,316,305,303,292,230,313,275,269,268,236,216,212,196,211,150,297,279,312,303,309,190,223,61,249,234,302,316,296,292,305,234,241,300,310,231,208,258,260,,,175,211,,,315,272,258,21,314,315,297,280,205,272,257,194,179,172,281,246,228,291,284,304,275,213,248,,220,,,315,173,221,159,291,261,177,312,100,138,92,156,84,112,70,117,125,137,115,265,233,260,42,91,87,264,316,137,234,200,292,98,45,239,227,189,233,278,309,323,,,262,209,,,315,76,313,293,318,242,286,236,302,241,132,180,109,141,144,217,195,300,194,254,139,222,264,323,,240,,,b'\x11\xe8\xe1I\xccvI@\xaf\x82\x12\xdf\x17\xaeN\x1e'
11E8E149-CC76-4940-AF82-12DF17AE4E1E,2018-ncaa-d0-natl,ncaa,332,333,295,334,318,342,338,339,288,331,330,256,291,262,291,126,337,336,227,336,261,342,334,288,294,328,189,155,216,313,242,255,257,298,221,303,93,307,345,326,324,308,204,197,,,97,228,,,322,329,293,278,343,333,340,320,311,260,220,323,327,328,348,312,295,155,242,284,326,317,172,,205,,,323,64,78,82,111,118,111,182,49,94,27,138,157,160,192,165,201,81,29,88,95,223,103,71,233,193,257,34,242,65,221,78,129,340,330,301,274,332,166,301,,,323,240,,,322,21,337,268,328,168,172,219,224,232,92,163,224,225,229,231,101,278,102,174,143,334,321,214,,300,,,b'\x11\xe8\xe1I\xccvI@\xaf\x82\x12\xdf\x17\xaeN\x1e'
11E8E149-CC76-4940-AF82-12DF17AE4E1E,2018-ncaa-d1-conf-SoCon,ncaa,8,8,5,8,8,8,8,8,8,8,8,7,4,5,5,1,8,8,3,8,6,8,7,8,8,8,2,1,7,5,4,7,7,7,5,6,3,8,8,8,8,7,6,6,,,4,6,,,8,7,6,6,8,8,8,8,7,3,5,8,8,8,8,6,4,5,5,6,8,7,4,,5,,,8,4,4,4,6,3,2,6,5,6,3,6,5,4,8,4,5,4,2,7,7,8,5,5,5,7,7,2,4,2,5,8,8,8,8,8,8,8,5,6,,,8,8,,,8,2,8,8,8,7,7,7,7,5,6,6,7,4,4,7,4,7,2,6,8,8,8,5,,8,,,b'\x11\xe8\xe1I\xccvI@\xaf\x82\x12\xdf\x17\xaeN\x1e'
11E8E149-CC76-4940-AF82-12DF17AE4E1E,2018-ncaa-d1-natl,ncaa,330,332,213,331,294,327,316,333,240,300,308,210,261,239,269,130,321,318,217,318,248,340,313,241,263,308,190,155,227,307,245,166,213,244,176,253,97,324,343,314,301,294,194,203,,,127,207,,,303,311,274,279,336,317,338,299,302,241,217,318,316,319,343,303,299,110,203,253,323,293,177,,181,,,302,85,99,143,83,149,154,160,52,145,10,165,178,180,180,185,189,143,56,66,70,177,92,69,232,199,213,51,245,88,176,72,99,333,322,262,308,329,171,283,,,309,255,,,303,43,317,212,304,144,154,223,212,226,76,190,212,211,215,231,111,255,93,151,120,327,318,202,,300,,,b'\x11\xe8\xe1I\xccvI@\xaf\x82\x12\xdf\x17\xaeN\x1e'
11E8E149-CC76-4940-AF82-12DF17AE4E1E,2019-ncaa-d0-natl,ncaa,348,344,292,349,298,337,334,313,333,339,326,303,236,150,327,60,347,342,307,339,249,321,312,317,333,341,120,83,294,307,307,277,231,305,297,329,224,286,339,336,314,299,286,291,,,8,23,,,345,301,161,92,339,330,283,332,303,193,94,344,330,321,311,219,282,206,262,321,323,286,272,,37,,,344,175,247,164,294,226,165,287,228,168,308,218,15,15,133,10,24,110,60,301,270,308,82,257,11,130,231,165,307,148,297,208,141,315,301,315,315,340,195,310,,,333,316,,,345,54,344,309,347,294,331,325,308,292,299,255,38,39,35,277,221,234,298,288,285,281,334,245,,321,,,b'\x11\xe8\xe1I\xccvI@\xaf\x82\x12\xdf\x17\xaeN\x1e'
11E8E149-CC76-4940-AF82-12DF17AE4E1E,2019-ncaa-d1-conf-SoCon,ncaa,8,8,5,8,6,8,8,7,8,7,7,8,5,3,8,2,8,7,8,7,4,7,7,8,8,8,3,2,5,7,7,6,7,7,8,8,5,8,8,8,7,5,8,8,,,1,1,,,8,6,3,3,8,8,7,7,7,5,2,8,6,6,7,4,7,5,7,8,8,5,8,,1,,,8,7,7,3,7,8,4,8,5,4,5,5,1,1,1,1,2,3,3,6,5,6,1,5,1,4,7,7,7,7,8,8,8,7,7,8,8,8,4,7,,,8,8,,,8,3,8,8,8,7,8,7,8,6,6,5,1,1,1,6,6,6,8,8,8,5,8,4,,8,,,b'\x11\xe8\xe1I\xccvI@\xaf\x82\x12\xdf\x17\xaeN\x1e'
11E8E149-CC76-4940-AF82-12DF17AE4E1E,2019-ncaa-d1-natl,ncaa,341,343,233,344,264,336,324,287,327,328,311,303,199,123,322,61,345,338,305,333,273,309,277,316,330,341,121,81,306,293,308,227,221,278,291,308,194,295,332,326,301,305,284,296,,,15,26,,,344,251,163,102,340,328,271,330,299,182,97,346,334,324,310,225,281,187,248,302,319,292,275,,38,,,343,214,276,232,278,263,221,259,245,186,297,199,24,24,137,22,24,175,109,277,243,295,72,238,16,178,221,243,308,218,291,223,131,298,300,302,306,335,224,312,,,334,326,,,344,108,344,294,344,279,318,324,306,301,283,232,37,39,38,276,219,234,304,291,268,273,325,253,,332,,,b'\x11\xe8\xe1I\xccvI@\xaf\x82\x12\xdf\x17\xaeN\x1e'
11E8E149-CC76-4940-AF82-12DF17AE4E1E,2020-ncaa-d0-natl,ncaa,333,329,260,336,302,338,305,330,196,335,344,144,95,95,125,12,351,351,202,351,351,349,346,122,209,261,97,9,351,332,296,302,269,337,286,174,27,199,330,190,342,332,328,315,,,82,222,,,331,340,338,273,338,289,324,332,339,67,63,351,351,351,351,349,328,285,333,131,239,338,322,,144,,,331,168,146,76,250,79,60,199,286,196,335,268,179,128,322,122,221,79,25,290,301,339,312,304,191,174,269,51,296,78,286,156,177,348,338,337,159,293,57,227,,,351,351,,,331,14,290,344,333,255,223,155,131,94,321,254,220,182,175,153,30,230,96,152,214,342,214,82,,351,,,b'\x11\xe8\xe1I\xccvI@\xaf\x82\x12\xdf\x17\xaeN\x1e'
11E8E149-CC76-4940-AF82-12DF17AE4E1E,2020-ncaa-d1-conf-SoCon,ncaa,8,8,5,8,7,8,6,8,2,8,8,2,3,4,2,1,8,8,7,8,8,8,8,2,4,6,5,1,8,8,8,7,8,8,6,4,1,7,8,5,7,7,8,8,,,6,8,,,7,8,8,5,8,4,8,8,8,3,3,8,8,8,8,8,8,7,8,2,7,7,8,,8,,,7,6,3,2,4,1,1,5,8,7,7,8,8,8,8,8,8,2,2,6,7,8,8,8,8,6,8,2,8,4,6,3,5,8,8,7,7,7,3,6,,,8,8,,,7,1,6,8,7,7,5,3,2,2,8,8,8,8,8,5,4,8,3,6,5,8,7,4,,8,,,b'\x11\xe8\xe1I\xccvI@\xaf\x82\x12\xdf\x17\xaeN\x1e'
11E8E149-CC76-4940-AF82-12DF17AE4E1E,2020-ncaa-d1-natl,ncaa,332,329,257,334,302,338,308,335,190,331,343,136,101,87,132,15,351,351,218,351,351,348,346,118,204,265,109,11,351,334,301,296,256,333,283,151,26,221,336,183,339,327,319,306,,,89,222,,,327,341,335,273,339,289,325,330,340,79,67,351,351,351,351,345,330,270,329,122,247,334,304,,141,,,327,172,151,98,228,93,69,181,277,197,331,257,179,139,301,134,215,89,23,279,286,333,300,296,186,189,256,66,301,84,283,162,171,345,330,329,207,300,52,214,,,351,351,,,327,13,292,341,332,244,209,153,126,108,306,234,214,179,178,153,34,227,95,150,200,341,235,80,,351,,,b'\x11\xe8\xe1I\xccvI@\xaf\x82\x12\xdf\x17\xaeN\x1e'
11E8E149-CC76-4940-AF82-12DF17AE4E1E,2021-ncaa-d0-natl,ncaa,290,318,157,310,168,248,228,204,255,182,164,209,292,252,339,254,252,268,118,267,309,222,206,286,289,300,322,302,220,221,239,233,128,234,220,219,169,251,301,273,207,205,291,299,,,224,312,,,318,200,290,142,319,299,296,200,176,328,289,299,312,308,321,303,260,298,310,254,258,242,314,,256,,,305,168,144,117,266,138,114,254,191,148,282,181,253,256,156,263,319,138,130,281,291,283,268,194,294,91,128,146,239,120,220,141,131,203,169,170,175,213,141,127,,,256,302,,,318,142,307,259,306,170,122,37,109,42,187,130,285,285,294,67,34,49,133,71,114,230,173,121,,325,,,b'\x11\xe8\xe1I\xccvI@\xaf\x82\x12\xdf\x17\xaeN\x1e'
11E8E149-CC76-4940-AF82-12DF17AE4E1E,2021-ncaa-d1-conf-SoCon,ncaa,7,7,6,7,6,8,7,8,6,6,6,4,8,7,8,7,8,8,5,8,7,8,8,6,6,8,7,7,7,8,8,7,1,8,7,6,3,6,8,7,6,5,8,7,,,6,8,,,8,7,4,4,8,7,7,5,4,8,7,8,8,8,8,6,7,8,8,5,8,5,8,,7,,,8,5,4,2,8,3,2,8,3,1,7,3,6,6,6,7,7,2,2,8,7,8,7,4,7,1,1,4,8,1,7,2,4,7,3,4,3,6,3,5,,,8,8,,,8,2,8,7,8,7,5,1,5,1,5,3,7,7,7,1,1,1,6,2,5,4,3,5,,8,,,b'\x11\xe8\xe1I\xccvI@\xaf\x82\x12\xdf\x17\xaeN\x1e'
11E8E149-CC76-4940-AF82-12DF17AE4E1E,2021-ncaa-d1-natl,ncaa,258,317,105,294,125,213,185,180,241,126,115,205,276,226,335,260,239,257,101,256,314,190,167,269,280,288,323,299,230,191,207,191,100,193,176,185,179,285,295,271,164,168,272,288,,,253,302,,,308,161,294,158,315,297,291,183,165,328,291,298,314,311,317,299,247,287,301,249,253,217,309,,236,,,292,197,171,144,248,162,143,228,224,187,288,190,270,270,171,271,310,162,163,266,283,270,277,210,277,102,100,182,207,151,176,152,120,161,157,142,207,204,171,133,,,241,313,,,308,181,297,234,300,146,107,32,90,36,189,126,263,264,268,51,23,30,106,49,97,223,167,135,,327,,,b'\x11\xe8\xe1I\xccvI@\xaf\x82\x12\xdf\x17\xaeN\x1e'
11E8E149-CC76-4940-AF82-12DF17AE4E1E,2022-ncaa-d0-natl,ncaa,336,328,295,339,300,348,340,335,317,304,286,290,339,320,348,249,349,337,335,334,316,341,323,332,339,348,330,278,274,229,102,311,68,295,93,335,284,279,348,346,299,222,271,199,,,166,341,,,329,333,325,86,353,342,339,279,222,332,305,346,327,320,346,283,156,277,245,338,331,259,261,,291,,,328,50,43,16,264,17,9,242,238,149,331,318,90,104,113,112,312,20,15,310,302,290,337,335,199,4,68,12,102,5,93,20,59,306,172,134,103,243,16,55,,,342,318,,,329,23,348,255,334,158,114,33,43,17,317,254,180,210,218,35,16,20,54,22,63,251,206,37,,330,,,b'\x11\xe8\xe1I\xccvI@\xaf\x82\x12\xdf\x17\xaeN\x1e'
11E8E149-CC76-4940-AF82-12DF17AE4E1E,2022-ncaa-d1-conf-SoCon,ncaa,8,8,5,8,7,8,8,8,8,8,6,8,7,6,7,6,8,7,7,7,6,8,7,8,8,8,6,5,5,5,4,8,4,7,5,7,5,8,8,8,8,7,6,6,,,7,8,,,8,8,8,5,8,8,8,8,6,7,6,8,7,7,8,7,4,8,7,7,8,7,6,,8,,,8,6,4,1,8,2,1,7,7,5,8,5,5,5,6,5,8,1,1,8,8,8,8,7,5,2,4,1,4,1,5,6,7,8,7,8,5,6,3,5,,,7,6,,,8,1,8,8,8,8,6,2,3,1,7,5,6,6,6,1,1,3,4,3,7,8,6,5,,7,,,b'\x11\xe8\xe1I\xccvI@\xaf\x82\x12\xdf\x17\xaeN\x1e'
11E8E149-CC76-4940-AF82-12DF17AE4E1E,2022-ncaa-d1-natl,ncaa,305,327,146,312,167,315,292,270,296,226,187,259,319,282,347,258,331,309,340,301,314,285,227,315,331,344,331,284,286,140,82,221,60,193,73,305,287,333,348,344,205,165,237,174,,,257,329,,,308,245,314,112,347,335,328,247,199,332,298,346,320,306,338,262,137,254,205,333,331,211,237,,259,,,306,106,77,68,193,45,36,194,285,243,292,318,130,151,83,159,284,67,73,245,243,214,330,335,184,23,60,56,82,27,73,36,61,195,119,81,180,217,23,27,,,311,326,,,308,106,341,153,305,91,74,31,30,17,291,253,127,146,153,31,20,22,40,16,46,196,187,22,,329,,,b'\x11\xe8\xe1I\xccvI@\xaf\x82\x12\xdf\x17\xaeN\x1e'
11E8E149-CC76-4940-AF82-12DF17AE4E1E,2023-ncaa-d0-natl,ncaa,325,301,326,326,333,352,351,353,315,332,297,321,337,342,291,283,287,262,322,260,148,350,346,321,322,335,237,271,79,233,126,348,297,336,246,354,324,148,314,341,359,356,320,305,,,217,354,,,338,352,338,99,344,345,340,309,209,324,312,233,172,175,324,299,150,343,302,347,268,357,315,,331,,,341,63,40,12,313,74,28,307,55,37,212,101,267,272,115,269,336,23,12,302,317,335,210,73,318,83,297,19,126,23,246,12,21,346,279,178,99,242,142,227,,,244,40,,,338,10,324,343,347,247,193,50,217,90,108,84,319,329,331,101,53,206,118,137,39,311,200,227,,112,,,b'\x11\xe8\xe1I\xccvI@\xaf\x82\x12\xdf\x17\xaeN\x1e'
11E8E149-CC76-4940-AF82-12DF17AE4E1E,2023-ncaa-d1-conf-SoCon,ncaa,8,8,5,8,5,8,8,8,7,7,6,7,8,7,7,6,7,5,8,5,4,8,6,7,7,8,6,7,2,4,2,8,8,7,2,8,6,7,8,8,8,8,7,7,,,8,8,,,8,8,6,2,8,8,8,6,4,8,7,7,3,3,7,3,4,6,5,8,7,8,7,,8,,,8,7,6,2,8,7,1,8,4,3,4,4,8,8,3,8,8,5,1,8,8,8,5,4,8,3,8,2,2,2,2,4,3,8,8,8,8,8,5,6,,,2,1,,,8,1,8,8,8,8,7,4,8,3,4,5,8,8,8,7,3,5,2,3,6,8,8,7,,1,,,b'\x11\xe8\xe1I\xccvI@\xaf\x82\x12\xdf\x17\xaeN\x1e'
11E8E149-CC76-4940-AF82-12DF17AE4E1E,2023-ncaa-d1-natl,ncaa,299,301,219,302,244,340,341,338,313,298,250,312,318,316,286,275,249,188,335,191,134,322,316,315,316,330,239,267,82,169,122,326,259,291,216,341,324,230,312,339,358,354,309,296,,,264,345,,,336,328,337,103,342,342,339,297,214,318,307,228,162,165,321,294,146,322,278,345,271,356,306,,309,,,336,143,87,40,279,124,53,304,88,97,153,148,273,293,82,291,334,60,38,278,289,316,210,98,303,114,259,63,122,70,216,17,15,318,274,146,175,251,176,220,,,154,33,,,336,35,320,319,337,206,161,54,180,74,114,127,298,312,313,96,50,176,111,128,28,308,211,210,,103,,,b'\x11\xe8\xe1I\xccvI@\xaf\x82\x12\xdf\x17\xaeN\x1e'
11E8E149-CC76-4940-AF82-12DF17AE4E1E,2024-ncaa-d0-natl,ncaa,351,331,325,351,343,350,338,357,203,274,299,169,352,348,345,296,342,327,315,329,290,356,348,260,270,320,343,330,224,333,276,328,348,345,321,285,122,207,344,288,359,356,307,307,,,71,200,,,341,345,267,263,339,308,340,194,202,346,330,318,285,285,342,309,301,261,311,224,317,354,285,,210,,,345,104,92,80,222,87,98,162,160,93,318,141,170,184,87,185,246,83,29,235,234,320,245,210,222,280,348,18,276,84,321,18,15,355,344,229,199,326,58,133,,,347,254,,,341,16,329,345,346,291,279,273,247,281,274,196,270,282,285,295,218,349,126,271,65,338,296,121,,300,,,b'\x11\xe8\xe1I\xccvI@\xaf\x82\x12\xdf\x17\xaeN\x1e'
11E8E149-CC76-4940-AF82-12DF17AE4E1E,2024-ncaa-d1-conf-SoCon,ncaa,8,8,5,8,5,8,7,8,5,4,4,4,8,8,8,8,6,7,5,6,7,8,7,6,6,8,8,8,3,6,4,8,8,8,7,6,2,8,8,8,8,8,7,6,,,5,7,,,8,7,4,1,8,7,7,3,3,8,8,6,6,5,8,6,6,8,7,4,8,8,6,,7,,,8,8,7,4,7,2,3,5,8,6,8,6,7,7,6,7,8,5,3,8,8,8,8,7,6,8,8,1,4,2,7,4,2,8,8,7,8,8,4,4,,,7,5,,,8,3,8,8,8,8,8,7,4,3,8,6,7,7,7,8,6,8,2,5,6,8,8,4,,6,,,b'\x11\xe8\xe1I\xccvI@\xaf\x82\x12\xdf\x17\xaeN\x1e'
11E8E149-CC76-4940-AF82-12DF17AE4E1E,2024-ncaa-d1-natl,ncaa,334,333,254,338,304,326,293,342,167,219,252,138,337,328,333,276,322,302,313,302,287,344,326,219,240,296,338,317,249,308,239,267,336,303,291,234,108,259,339,267,357,353,294,295,,,121,188,,,320,321,283,264,327,283,337,180,205,338,319,322,288,290,338,310,291,241,286,203,300,352,286,,188,,,317,147,126,141,167,107,136,141,186,152,246,172,191,224,72,220,243,148,79,181,181,258,251,216,227,319,336,42,239,149,291,26,14,336,321,180,235,313,68,118,,,332,285,,,320,40,309,317,323,230,208,232,191,219,233,205,234,264,263,259,178,342,106,246,43,320,275,97,,317,,,b'\x11\xe8\xe1I\xccvI@\xaf\x82\x12\xdf\x17\xaeN\x1e'
11E8E149-CC76-4940-AF82-12DF17AE4E1E,2025-ncaa-d0-natl,genius_ncaa,265,199,335,257,337,260,262,337,104,225,292,84,295,304,248,234,183,232,58,228,115,333,330,137,106,151,246,283,82,293,181,291,256,308,188,236,161,129,283,215,349,342,272,262,,,182,322,,264,227,328,177,34,147,158,256,112,182,262,258,70,117,118,234,182,226,156,205,156,285,331,231,,325,,332,240,110,76,70,197,99,87,208,86,79,155,130,285,275,243,274,308,79,42,196,231,291,220,108,332,155,256,9,181,22,188,61,98,337,306,247,116,241,7,18,,,327,246,,255,227,35,163,307,232,298,250,253,262,253,183,200,345,340,340,309,257,275,88,168,172,285,226,15,,238,,214,b'\x11\xe8\xe1I\xccvI@\xaf\x82\x12\xdf\x17\xaeN\x1e'
11E8E149-CC76-4940-AF82-12DF17AE4E1E,2025-ncaa-d1-conf-SoCon,genius_ncaa,7,7,5,7,5,5,5,6,2,3,6,1,6,7,7,6,3,4,2,4,4,6,5,3,3,5,6,6,4,5,4,6,5,5,4,2,1,7,8,6,6,5,6,5,,,7,8,,7,6,5,2,2,3,2,4,2,3,6,6,3,4,4,5,3,5,6,4,1,8,5,6,,7,,7,7,7,5,2,8,5,2,8,6,4,7,4,8,7,3,7,8,3,3,7,8,8,7,6,8,5,5,1,4,1,4,5,4,6,6,6,7,7,1,1,,,6,5,,7,6,4,6,7,7,7,5,4,7,4,6,5,8,8,8,6,6,6,2,3,5,5,7,1,,5,,7,b'\x11\xe8\xe1I\xccvI@\xaf\x82\x12\xdf\x17\xaeN\x1e'
11E8E149-CC76-4940-AF82-12DF17AE4E1E,2025-ncaa-d1-natl,genius_ncaa,262,199,341,255,341,262,262,331,114,232,286,100,277,288,202,226,172,212,61,212,108,321,324,136,111,149,211,260,80,273,161,300,272,303,194,223,154,143,275,222,340,337,271,259,,,178,297,,266,232,335,171,34,141,158,254,136,181,235,242,71,114,114,223,168,206,176,202,153,280,321,228,,315,,329,237,121,90,71,210,120,95,227,84,80,141,124,270,266,248,260,294,80,45,198,228,286,195,103,316,180,272,10,161,30,194,70,99,318,290,232,120,226,7,16,,,319,245,,245,232,34,154,301,236,297,257,257,274,256,173,198,339,335,334,307,267,285,96,181,179,258,219,16,,225,,204,b'\x11\xe8\xe1I\xccvI@\xaf\x82\x12\xdf\x17\xaeN\x1e'
11E8E149-CC76-4940-AF82-12DF17AE4E1E,2026-ncaa-d0-natl,genius_ncaa,332,346,116,332,142,258,309,235,355,317,237,354,238,193,297,162,86,112,77,116,38,217,188,349,321,332,16,156,5,225,296,232,301,231,325,246,61,326,332,329,283,329,134,142,,,263,271,,263,337,174,200,97,342,362,343,360,318,268,228,74,101,104,326,260,269,305,316,308,319,326,150,,269,,265,326,279,245,205,247,206,181,212,293,238,305,200,308,320,132,320,316,229,211,268,271,277,298,246,274,285,301,268,296,276,325,255,194,172,211,222,339,329,171,219,,,108,59,,46,337,190,336,287,328,272,237,172,180,136,289,222,298,314,319,234,211,270,266,291,228,192,321,138,,95,,50,b'\x11\xe8\xe1I\xccvI@\xaf\x82\x12\xdf\x17\xaeN\x1e'
11E8E149-CC76-4940-AF82-12DF17AE4E1E,2026-ncaa-d1-natl,genius_ncaa,301,345,13,326,83,160,224,98,345,239,116,351,140,115,232,187,27,23,137,26,44,76,45,336,309,316,36,153,14,63,185,111,264,77,247,159,67,354,304,284,175,277,63,88,,,343,265,,279,307,52,146,355,290,343,287,341,251,225,213,67,73,75,232,167,136,259,193,252,302,262,90,,269,,217,297,339,318,315,229,289,295,177,320,289,296,166,345,351,101,351,315,334,328,238,247,241,283,221,289,324,264,333,185,336,247,279,140,76,196,176,358,327,208,168,,,19,72,,19,307,318,303,250,293,257,207,166,167,161,255,179,300,322,326,231,239,244,239,257,167,178,333,137,,75,,53,b'\x11\xe8\xe1I\xccvI@\xaf\x82\x12\xdf\x17\xaeN\x1e'
11E8E149-CC7B-0228-AF82-12DF17AE4E1E,2010-ncaa-d0-natl,ncaa,274,269,241,276,246,337,330,309,332,330,324,313,236,161,322,60,336,337,290,336,292,317,322,324,333,332,135,87,259,318,325,308,168,324,309,295,101,154,289,289,199,113,331,314,,,89,243,,,333,312,320,43,336,333,314,329,318,227,126,338,333,333,328,322,314,309,325,301,217,175,329,,135,,,333,91,84,39,289,31,4,314,295,264,280,332,55,38,272,38,208,20,24,327,323,313,306,328,76,33,168,203,325,112,309,253,319,254,134,289,185,275,50,166,,,325,266,,,333,32,334,299,336,159,154,46,63,6,322,301,89,68,68,30,25,49,286,209,291,213,231,82,,322,,,b'\x11\xe8\xe1I\xcc{\x02(\xaf\x82\x12\xdf\x17\xaeN\x1e'
11E8E149-CC7B-0228-AF82-12DF17AE4E1E,2010-ncaa-d1-conf-Summit League,ncaa,7,7,3,7,3,8,8,8,10,9,7,9,6,5,8,4,9,8,10,8,7,8,7,10,10,8,5,5,7,6,9,8,7,7,9,8,6,5,7,8,5,6,10,10,,,8,10,,,7,5,10,1,9,9,8,9,9,6,6,10,10,10,8,10,7,9,9,8,5,7,10,,5,,,7,6,3,5,4,1,1,4,10,9,6,10,5,5,6,5,9,4,6,6,6,6,10,10,7,8,7,9,9,9,9,6,7,5,5,7,6,6,3,3,,,4,5,,,7,5,8,7,7,4,1,1,1,1,9,9,5,5,5,1,1,6,9,9,6,6,6,3,,10,,,b'\x11\xe8\xe1I\xcc{\x02(\xaf\x82\x12\xdf\x17\xaeN\x1e'
11E8E149-CC7B-0228-AF82-12DF17AE4E1E,2010-ncaa-d1-natl,ncaa,250,269,134,267,143,324,317,278,332,324,306,316,206,122,316,58,334,328,312,327,288,300,283,324,332,331,122,77,276,305,329,256,146,294,315,272,87,187,272,258,149,101,327,313,,,153,259,,,330,261,316,58,336,332,304,331,312,209,117,339,334,335,324,320,314,295,321,284,199,156,329,,155,,,324,131,133,71,267,41,5,305,317,292,263,334,84,72,217,67,228,52,62,316,311,285,311,329,90,53,146,300,329,209,315,283,325,193,121,279,203,257,48,125,,,297,255,,,330,78,333,257,330,136,123,38,49,6,318,304,89,81,78,28,25,49,301,231,281,192,205,63,,319,,,b'\x11\xe8\xe1I\xcc{\x02(\xaf\x82\x12\xdf\x17\xaeN\x1e'
11E8E149-CC7B-0228-AF82-12DF17AE4E1E,2011-ncaa-d0-natl,ncaa,309,279,319,311,325,314,308,302,297,275,249,279,292,272,316,212,302,315,195,312,297,312,320,304,312,278,252,238,187,317,320,324,87,328,314,282,171,35,161,212,230,147,328,318,,,86,252,,,311,312,140,257,288,266,168,214,135,278,222,262,274,269,205,228,288,280,311,241,137,167,321,,226,,,313,86,111,22,333,114,20,336,133,95,273,213,91,55,334,55,176,15,16,336,335,322,136,182,122,3,87,192,320,58,314,136,203,248,112,213,95,219,206,262,,,285,131,,,311,31,306,282,313,267,278,115,260,97,231,183,181,130,130,111,112,25,326,239,259,132,199,281,,158,,,b'\x11\xe8\xe1I\xcc{\x02(\xaf\x82\x12\xdf\x17\xaeN\x1e'
11E8E149-CC7B-0228-AF82-12DF17AE4E1E,2011-ncaa-d1-conf-Summit League,ncaa,8,8,5,8,5,8,9,7,9,8,5,9,8,7,10,7,9,8,9,8,7,7,7,10,10,9,8,9,5,6,9,7,5,7,9,9,6,4,6,8,6,5,10,10,,,5,7,,,8,7,4,5,8,9,4,8,4,9,7,9,7,6,4,5,4,7,7,9,5,5,10,,6,,,8,7,7,3,8,5,2,8,7,8,6,8,5,3,9,3,6,2,3,7,8,7,8,7,4,2,5,10,9,7,9,8,7,5,4,6,6,8,8,6,,,4,2,,,8,5,9,6,8,6,7,5,6,3,7,7,4,4,4,5,6,2,10,9,8,4,7,7,,3,,,b'\x11\xe8\xe1I\xcc{\x02(\xaf\x82\x12\xdf\x17\xaeN\x1e'
11E8E149-CC7B-0228-AF82-12DF17AE4E1E,2011-ncaa-d1-natl,ncaa,289,277,279,291,310,291,277,250,285,238,197,268,290,261,312,217,287,284,225,278,282,266,296,296,305,274,259,244,188,301,313,298,58,320,299,256,168,66,158,206,182,118,330,322,,,106,235,,,293,277,138,260,277,256,159,198,129,276,225,258,251,246,191,214,272,271,297,229,139,135,330,,195,,,294,127,144,29,325,154,27,333,137,130,212,223,121,66,333,66,179,22,43,327,327,289,140,176,138,4,58,250,313,103,299,169,206,176,79,181,123,201,236,247,,,238,144,,,293,66,292,239,296,223,237,88,233,68,194,181,169,120,122,78,103,15,326,222,239,110,182,274,,156,,,b'\x11\xe8\xe1I\xcc{\x02(\xaf\x82\x12\xdf\x17\xaeN\x1e'
11E8E149-CC7B-0228-AF82-12DF17AE4E1E,2012-ncaa-d0-natl,ncaa,252,248,240,257,247,171,193,137,272,259,244,260,50,37,153,40,174,226,53,219,146,152,189,219,209,147,29,34,171,271,332,231,130,262,320,140,74,37,49,64,264,283,313,325,,,104,85,,,298,155,40,47,108,137,39,245,207,31,22,136,192,184,51,93,256,178,228,80,71,251,314,,157,,,298,316,323,219,335,316,220,328,274,187,323,167,211,142,334,139,108,212,163,336,335,340,110,181,86,86,130,324,332,280,320,295,152,258,278,308,95,127,307,324,,,176,148,,,298,194,184,333,291,337,340,314,335,304,300,232,261,201,195,313,286,133,338,327,318,241,150,328,,97,,,b'\x11\xe8\xe1I\xcc{\x02(\xaf\x82\x12\xdf\x17\xaeN\x1e'
11E8E149-CC7B-0228-AF82-12DF17AE4E1E,2012-ncaa-d1-conf-Summit League,ncaa,4,4,3,4,3,3,4,2,3,4,5,3,2,1,4,2,5,5,3,5,4,3,3,3,3,3,3,2,7,5,8,4,6,4,7,2,3,4,3,2,5,6,8,8,,,2,2,,,6,3,3,6,4,4,3,6,6,2,2,5,6,7,3,3,7,7,7,3,3,4,8,,3,,,6,8,8,8,8,8,8,8,5,4,4,2,5,5,7,5,3,7,7,7,7,7,1,1,3,7,6,8,8,8,7,8,4,4,5,6,6,6,7,7,,,3,4,,,6,6,4,7,5,8,8,8,8,8,5,4,4,3,3,7,7,6,8,7,7,4,7,7,,5,,,b'\x11\xe8\xe1I\xcc{\x02(\xaf\x82\x12\xdf\x17\xaeN\x1e'
11E8E149-CC7B-0228-AF82-12DF17AE4E1E,2012-ncaa-d1-natl,ncaa,234,247,137,250,143,122,138,71,258,224,200,254,31,24,113,40,151,201,51,190,180,90,116,194,189,132,30,33,209,261,333,172,132,221,321,83,67,57,39,42,229,260,302,318,,,138,74,,,293,77,32,58,99,119,29,237,201,26,22,158,209,203,51,96,269,174,238,67,61,230,308,,140,,,292,338,340,284,335,334,282,329,278,217,318,148,247,173,336,170,93,277,246,333,334,335,93,153,87,130,132,337,333,321,321,322,159,204,255,299,149,138,306,317,,,135,174,,,293,272,172,328,283,335,339,314,334,304,276,218,261,192,188,310,291,136,339,327,318,208,156,318,,127,,,b'\x11\xe8\xe1I\xcc{\x02(\xaf\x82\x12\xdf\x17\xaeN\x1e'
11E8E149-CC7B-0228-AF82-12DF17AE4E1E,2013-ncaa-d0-natl,ncaa,212,166,302,207,306,214,219,274,137,305,333,100,40,48,89,19,307,290,265,292,91,281,308,74,97,96,30,21,301,317,312,257,63,310,247,118,23,42,141,57,251,202,180,152,,,16,56,,,164,289,163,92,127,144,161,269,317,19,15,278,248,250,186,223,294,157,254,48,115,210,147,,50,,,166,90,106,51,261,108,79,205,159,68,335,127,91,55,295,67,121,42,33,266,257,273,172,215,133,17,63,156,312,66,247,155,217,293,233,263,183,271,27,148,,,303,239,,,164,47,135,243,171,232,241,175,224,212,235,138,164,133,145,165,135,50,284,201,247,240,257,52,,247,,,b'\x11\xe8\xe1I\xcc{\x02(\xaf\x82\x12\xdf\x17\xaeN\x1e'
11E8E149-CC7B-0228-AF82-12DF17AE4E1E,2013-ncaa-d1-conf-Summit League,ncaa,5,6,5,6,5,5,6,5,5,7,7,6,2,2,2,2,5,4,7,4,4,5,4,4,4,4,2,1,5,7,7,3,4,4,6,3,2,4,5,4,7,7,6,7,,,4,4,,,5,5,2,1,4,4,2,7,7,2,2,5,4,4,2,3,7,3,5,3,5,5,6,,4,,,5,6,6,6,6,6,8,4,4,3,7,2,5,5,7,5,4,7,5,6,6,6,6,4,6,5,4,9,7,9,6,5,2,6,6,5,7,8,3,6,,,6,5,,,5,5,5,5,5,6,6,8,6,9,5,3,8,7,7,9,9,6,9,9,4,6,9,4,,5,,,b'\x11\xe8\xe1I\xcc{\x02(\xaf\x82\x12\xdf\x17\xaeN\x1e'
11E8E149-CC7B-0228-AF82-12DF17AE4E1E,2013-ncaa-d1-natl,ncaa,186,165,210,186,231,161,163,201,121,277,322,99,27,25,67,19,302,281,261,277,121,222,248,62,83,91,29,18,318,296,304,188,50,258,221,74,20,91,147,53,209,188,134,134,,,35,58,,,139,204,146,99,118,122,150,270,316,15,13,288,272,270,181,203,285,128,234,36,136,199,126,,52,,,137,149,159,113,236,168,163,180,162,100,315,118,121,93,292,104,115,100,85,233,235,244,146,192,143,22,50,240,304,118,221,183,211,238,209,236,228,267,22,124,,,286,277,,,139,127,126,183,140,206,223,167,212,217,193,126,157,124,136,160,137,42,281,190,220,219,257,37,,274,,,b'\x11\xe8\xe1I\xcc{\x02(\xaf\x82\x12\xdf\x17\xaeN\x1e'
11E8E149-CC7B-0228-AF82-12DF17AE4E1E,2014-ncaa-d0-natl,ncaa,239,173,334,226,338,174,183,295,37,212,311,10,129,109,200,77,145,126,224,131,19,274,294,35,38,42,103,122,130,305,247,321,200,328,246,127,79,63,141,71,117,58,259,232,,,2,4,,,172,272,42,83,28,41,118,99,264,73,54,38,33,34,79,84,250,283,279,34,190,53,227,,13,,,174,170,217,70,337,108,33,309,326,222,349,316,17,12,308,12,52,31,49,345,341,326,281,341,7,36,200,45,247,22,246,246,231,165,93,228,270,313,107,250,,,144,22,,,172,67,69,311,184,328,335,286,263,164,347,322,66,44,46,227,275,123,210,170,324,72,325,202,,12,,,b'\x11\xe8\xe1I\xcc{\x02(\xaf\x82\x12\xdf\x17\xaeN\x1e'
11E8E149-CC7B-0228-AF82-12DF17AE4E1E,2014-ncaa-d1-conf-Summit League,ncaa,6,5,4,6,6,3,4,5,1,4,5,1,2,2,4,2,6,5,7,5,4,5,6,1,2,3,3,2,7,6,5,6,5,6,5,1,1,5,5,1,1,3,8,7,,,1,1,,,5,4,1,6,2,1,3,3,6,2,2,6,4,4,3,4,5,5,6,1,6,2,8,,1,,,5,5,6,6,8,4,4,5,8,6,8,7,2,1,8,2,1,4,5,8,8,6,6,8,1,2,5,5,5,3,5,8,7,2,2,6,8,8,4,4,,,5,5,,,5,5,3,5,5,7,8,7,4,4,8,7,1,1,1,4,7,3,7,5,8,2,8,5,,3,,,b'\x11\xe8\xe1I\xcc{\x02(\xaf\x82\x12\xdf\x17\xaeN\x1e'
11E8E149-CC7B-0228-AF82-12DF17AE4E1E,2014-ncaa-d1-natl,ncaa,191,171,211,193,236,67,71,165,16,109,267,4,61,64,129,68,100,95,188,96,32,148,166,12,14,18,100,91,213,251,226,251,117,266,181,28,37,104,98,31,70,53,199,193,,,4,4,,,91,135,38,94,17,26,77,67,250,47,43,52,49,51,59,77,236,219,242,9,142,47,189,,10,,,80,250,281,184,312,165,115,255,339,272,348,308,48,26,312,26,43,131,168,335,319,304,289,341,16,58,117,114,226,81,181,287,236,114,93,211,303,297,154,231,,,84,53,,,91,205,31,265,98,305,319,280,221,173,347,313,63,45,45,221,268,90,179,139,315,73,318,196,,27,,,b'\x11\xe8\xe1I\xcc{\x02(\xaf\x82\x12\xdf\x17\xaeN\x1e'
11E8E149-CC7B-0228-AF82-12DF17AE4E1E,2015-ncaa-d0-natl,ncaa,162,103,283,151,316,144,186,225,118,250,306,91,63,76,103,53,118,148,69,148,39,217,271,79,72,51,39,62,119,266,244,189,16,226,113,196,193,26,48,78,203,152,196,198,,,11,34,,,108,265,67,283,43,86,96,204,267,35,38,53,77,78,85,142,228,55,127,123,60,156,176,,39,,,104,111,130,105,225,136,155,153,171,82,339,122,100,50,340,49,66,77,51,229,235,267,150,216,119,7,16,131,244,45,113,56,41,288,258,201,103,167,95,196,,,175,72,,,108,86,59,211,105,251,264,268,259,286,238,148,163,107,104,236,167,29,253,145,112,254,185,143,,61,,,b'\x11\xe8\xe1I\xcc{\x02(\xaf\x82\x12\xdf\x17\xaeN\x1e'
11E8E149-CC7B-0228-AF82-12DF17AE4E1E,2015-ncaa-d1-conf-Summit League,ncaa,5,3,5,5,5,3,6,5,6,6,7,4,4,2,8,2,3,3,6,4,1,4,6,5,4,3,2,3,2,5,5,5,2,4,5,4,6,1,3,4,5,4,5,5,,,1,1,,,3,6,3,1,3,5,4,6,7,2,2,2,2,2,4,4,4,3,3,5,2,5,4,,1,,,3,3,4,6,4,3,5,3,8,7,8,8,2,2,6,1,1,3,2,5,4,6,6,8,1,2,2,5,5,4,5,3,4,6,6,6,8,8,3,4,,,3,1,,,3,4,3,4,3,5,7,6,5,6,8,8,1,1,1,5,4,3,6,5,5,6,9,3,,1,,,b'\x11\xe8\xe1I\xcc{\x02(\xaf\x82\x12\xdf\x17\xaeN\x1e'
11E8E149-CC7B-0228-AF82-12DF17AE4E1E,2015-ncaa-d1-natl,ncaa,142,103,209,131,275,98,128,144,118,206,279,79,41,44,113,46,110,143,51,141,55,143,193,77,71,41,35,53,155,224,236,128,13,165,102,120,154,27,37,63,142,115,177,188,,,19,26,,,81,184,63,285,35,64,67,186,262,30,25,64,102,103,63,125,208,52,117,93,45,115,164,,36,,,70,151,173,165,201,170,203,133,194,120,329,133,126,69,345,66,64,135,107,207,214,236,162,220,131,12,13,202,236,88,102,79,44,247,237,168,126,148,124,201,,,143,111,,,81,155,53,171,74,226,241,247,233,270,234,154,162,96,97,219,167,20,259,139,104,236,167,154,,82,,,b'\x11\xe8\xe1I\xcc{\x02(\xaf\x82\x12\xdf\x17\xaeN\x1e'
11E8E149-CC7B-0228-AF82-12DF17AE4E1E,2016-ncaa-d0-natl,ncaa,177,181,175,187,193,72,91,70,150,194,265,63,21,11,165,14,107,102,191,101,26,72,125,81,94,32,22,22,210,258,327,151,167,192,319,123,216,5,4,23,156,194,243,286,,,92,41,,,204,97,18,113,24,44,19,188,267,11,8,79,58,59,16,65,256,104,182,95,9,143,242,,109,,,204,335,339,293,339,343,322,308,213,104,341,37,194,188,218,182,69,285,257,333,325,332,43,95,67,192,167,341,327,329,319,280,76,225,285,280,22,16,287,320,,,141,156,,,204,262,58,325,193,341,343,332,345,346,231,111,216,204,203,332,328,203,347,338,291,214,30,303,,92,,,b'\x11\xe8\xe1I\xcc{\x02(\xaf\x82\x12\xdf\x17\xaeN\x1e'
11E8E149-CC7B-0228-AF82-12DF17AE4E1E,2016-ncaa-d1-conf-Summit League,ncaa,5,5,5,5,8,3,3,3,6,6,9,2,3,1,9,1,2,2,7,2,1,3,3,4,4,3,1,2,3,7,8,5,4,6,8,3,5,1,1,3,5,6,6,8,,,2,2,,,6,3,1,8,2,3,2,5,8,2,1,1,1,1,1,2,7,5,7,3,1,5,7,,2,,,6,9,9,8,9,9,8,7,6,1,9,1,5,5,5,5,2,8,6,9,8,9,2,2,2,3,4,9,8,9,8,7,5,5,5,6,1,1,7,8,,,3,2,,,6,7,3,8,6,9,9,8,9,8,7,1,5,5,5,8,9,4,9,9,8,5,1,7,,2,,,b'\x11\xe8\xe1I\xcc{\x02(\xaf\x82\x12\xdf\x17\xaeN\x1e'
11E8E149-CC7B-0228-AF82-12DF17AE4E1E,2016-ncaa-d1-natl,ncaa,163,179,99,169,110,38,54,33,141,160,244,58,13,8,146,12,79,73,170,71,20,34,76,76,81,24,19,17,222,233,324,109,146,157,320,84,184,5,2,18,102,155,229,279,,,103,33,,,171,46,20,130,17,35,17,189,269,8,6,76,63,60,16,66,253,113,190,77,7,104,238,,94,,,171,340,344,313,340,346,341,311,224,123,339,37,205,200,231,195,66,315,303,330,324,329,36,90,65,208,146,343,324,336,320,295,69,166,245,250,18,10,291,310,,,101,162,,,171,308,40,313,166,338,343,328,344,346,220,95,197,184,183,328,324,182,347,335,278,191,15,294,,99,,,b'\x11\xe8\xe1I\xcc{\x02(\xaf\x82\x12\xdf\x17\xaeN\x1e'
11E8E149-CC7B-0228-AF82-12DF17AE4E1E,2017-ncaa-d0-natl,ncaa,31,17,116,24,130,38,58,61,80,149,247,45,11,10,80,13,50,88,23,92,26,58,98,44,32,15,16,23,155,177,231,161,234,174,253,30,43,23,19,12,22,20,61,80,,,90,34,,,41,74,36,119,16,32,25,170,280,7,8,27,74,79,21,72,193,206,209,13,25,14,63,,73,,,40,279,286,262,251,264,261,182,263,199,330,158,148,95,339,93,62,236,283,268,268,190,157,231,98,240,234,285,231,281,253,330,315,43,50,187,81,55,267,295,,,108,153,,,41,286,22,182,42,263,277,262,259,272,260,183,134,89,87,232,313,225,261,252,324,34,72,258,,94,,,b'\x11\xe8\xe1I\xcc{\x02(\xaf\x82\x12\xdf\x17\xaeN\x1e'
11E8E149-CC7B-0228-AF82-12DF17AE4E1E,2017-ncaa-d1-conf-Summit League,ncaa,1,1,1,1,1,1,1,1,5,2,3,4,1,1,5,2,1,1,4,1,1,1,1,5,4,1,1,2,1,1,4,2,7,1,7,1,1,1,1,1,1,1,1,1,,,6,1,,,2,1,1,1,1,1,1,4,6,1,1,1,1,1,1,1,2,4,2,1,1,1,1,,3,,,2,8,9,9,4,8,9,1,8,7,8,5,6,5,2,5,1,9,9,4,4,3,6,8,1,9,7,9,4,9,7,9,9,1,1,3,4,1,7,8,,,1,3,,,2,9,1,3,2,5,7,8,6,9,7,5,2,3,3,8,9,9,9,9,9,1,2,7,,1,,,b'\x11\xe8\xe1I\xcc{\x02(\xaf\x82\x12\xdf\x17\xaeN\x1e'
11E8E149-CC7B-0228-AF82-12DF17AE4E1E,2017-ncaa-d1-natl,ncaa,23,17,56,22,70,17,24,28,63,97,193,32,7,10,63,14,29,54,26,60,33,27,39,29,23,12,21,24,190,125,204,107,218,107,225,13,29,35,13,7,9,19,54,81,,,97,27,,,21,33,29,137,12,19,19,131,273,6,8,27,75,81,17,50,159,171,164,10,23,10,65,,55,,,20,299,302,302,208,290,297,165,264,237,277,179,152,94,340,93,53,291,321,203,208,128,133,216,88,279,218,308,204,310,225,335,312,25,42,161,101,51,272,275,,,69,164,,,21,321,15,126,20,232,264,264,243,262,243,196,106,73,67,220,317,228,240,245,320,29,72,247,,91,,,b'\x11\xe8\xe1I\xcc{\x02(\xaf\x82\x12\xdf\x17\xaeN\x1e'
11E8E149-CC7B-0228-AF82-12DF17AE4E1E,2017-ncaa-d1-ncaatournament,ncaa,33,2,33,33,33,37,41,49,40,56,53,57,22,39,8,13,48,40,58,40,22,46,44,26,35,37,3,2,48,62,64,52,61,61,62,43,35,22,48,47,29,11,48,57,,,14,15,,,49,35,4,6,29,34,30,56,46,2,13,39,26,27,30,22,61,52,61,33,47,7,47,,34,,,52,24,25,27,52,33,30,50,3,4,4,2,22,26,18,23,25,27,30,40,38,36,1,3,40,32,61,26,64,29,62,9,5,37,14,13,28,56,30,57,,,43,37,,,49,28,48,43,49,56,57,56,61,62,3,4,46,53,47,58,62,61,58,61,28,8,56,51,,29,,,b'\x11\xe8\xe1I\xcc{\x02(\xaf\x82\x12\xdf\x17\xaeN\x1e'
11E8E149-CC7B-0228-AF82-12DF17AE4E1E,2018-ncaa-d0-natl,ncaa,99,57,242,83,285,63,95,115,92,223,297,61,18,16,57,14,101,150,49,156,33,109,179,42,40,25,11,16,201,305,329,129,229,217,303,65,49,15,23,20,17,9,176,181,,,6,6,,,51,130,17,278,20,38,28,195,287,7,5,54,105,111,30,71,297,68,159,16,37,8,157,,13,,,43,165,227,247,154,134,164,123,324,304,300,323,3,5,56,4,10,183,232,218,139,96,239,341,2,253,229,290,329,297,303,278,281,63,73,154,86,88,214,295,,,211,197,,,51,219,39,112,49,245,296,329,201,244,340,334,8,11,9,297,329,302,333,329,314,33,130,244,,146,,,b'\x11\xe8\xe1I\xcc{\x02(\xaf\x82\x12\xdf\x17\xaeN\x1e'
11E8E149-CC7B-0228-AF82-12DF17AE4E1E,2018-ncaa-d1-conf-Summit League,ncaa,3,3,3,3,3,3,3,2,5,4,4,3,1,1,4,1,1,1,3,1,1,2,2,3,3,3,1,1,3,5,7,2,6,3,6,3,1,1,1,2,1,1,2,3,,,1,1,,,3,1,1,2,2,2,1,5,6,1,1,1,2,2,1,2,5,2,3,2,3,1,3,,1,,,3,4,5,8,2,4,8,2,8,8,4,8,1,1,1,1,1,8,8,2,2,2,6,8,1,8,6,8,7,8,6,6,7,1,2,3,3,2,7,6,,,3,4,,,3,8,3,3,3,4,4,8,4,6,7,7,1,1,1,6,8,8,8,8,6,1,3,5,,2,,,b'\x11\xe8\xe1I\xcc{\x02(\xaf\x82\x12\xdf\x17\xaeN\x1e'
11E8E149-CC7B-0228-AF82-12DF17AE4E1E,2018-ncaa-d1-natl,ncaa,75,57,97,71,134,28,43,39,72,166,257,43,6,7,49,13,38,68,40,71,23,43,62,30,24,16,8,13,192,264,315,70,240,132,295,25,33,26,19,12,6,6,139,170,,,11,4,,,21,38,17,279,12,27,24,186,292,3,5,30,84,86,28,60,289,63,151,13,34,7,148,,12,,,19,253,294,312,109,195,262,77,337,330,296,317,5,8,38,6,7,291,318,168,100,59,238,340,2,320,240,334,315,338,295,309,268,27,52,105,128,79,209,262,,,115,189,,,21,313,27,72,23,210,272,326,175,248,335,330,6,10,8,290,334,309,326,326,295,25,106,198,,122,,,b'\x11\xe8\xe1I\xcc{\x02(\xaf\x82\x12\xdf\x17\xaeN\x1e'
11E8E149-CC7B-0228-AF82-12DF17AE4E1E,2019-ncaa-d0-natl,ncaa,253,224,292,250,308,126,201,233,155,268,331,38,68,38,246,18,46,92,23,97,2,200,229,102,68,72,21,60,36,331,342,299,329,334,346,249,286,96,142,203,94,97,278,272,,,38,18,,,262,150,2,272,47,105,80,235,312,36,9,10,32,39,53,56,328,258,324,199,192,47,266,,89,,,264,316,325,223,335,229,99,333,348,320,344,335,82,41,343,40,80,193,228,346,343,326,289,339,27,278,329,286,342,294,346,342,321,71,73,257,219,240,216,323,,,32,3,,,262,214,128,338,253,349,349,341,310,208,351,349,144,91,88,338,349,326,341,343,349,29,272,264,,1,,,b'\x11\xe8\xe1I\xcc{\x02(\xaf\x82\x12\xdf\x17\xaeN\x1e'
11E8E149-CC7B-0228-AF82-12DF17AE4E1E,2019-ncaa-d1-conf-Summit League,ncaa,5,5,5,5,6,4,4,6,4,5,7,3,5,2,6,2,4,5,2,5,1,5,5,5,3,3,2,3,3,8,9,6,9,7,9,6,7,3,4,5,3,5,6,6,,,1,1,,,5,5,2,5,4,4,2,5,7,3,1,4,4,4,2,3,8,6,8,4,4,1,6,,1,,,5,8,9,9,5,7,6,5,9,9,6,9,3,1,7,1,2,9,9,8,7,4,4,9,1,9,9,9,9,9,9,9,7,2,2,6,5,6,7,7,,,3,2,,,5,5,5,5,5,9,9,9,7,6,9,9,3,2,2,9,9,9,9,9,9,2,5,7,,1,,,b'\x11\xe8\xe1I\xcc{\x02(\xaf\x82\x12\xdf\x17\xaeN\x1e'
11E8E149-CC7B-0228-AF82-12DF17AE4E1E,2019-ncaa-d1-natl,ncaa,232,224,233,234,292,88,138,146,145,262,329,44,34,13,174,10,39,76,26,83,3,134,151,77,58,59,12,31,56,323,337,277,320,320,345,209,273,115,109,176,54,60,276,278,,,44,13,,,229,80,2,272,32,87,54,243,314,17,7,11,39,41,39,45,318,259,318,170,168,28,270,,73,,,229,336,336,270,337,262,125,335,351,334,345,342,83,46,337,44,75,238,290,346,344,316,289,342,20,277,320,328,337,325,345,347,321,40,50,223,232,211,213,318,,,21,5,,,229,283,110,319,218,349,348,336,305,180,351,350,116,73,70,330,347,314,343,341,349,16,254,242,,2,,,b'\x11\xe8\xe1I\xcc{\x02(\xaf\x82\x12\xdf\x17\xaeN\x1e'
11E8E149-CC7B-0228-AF82-12DF17AE4E1E,2020-ncaa-d0-natl,ncaa,221,170,312,210,313,150,223,192,264,295,321,114,66,19,294,28,38,9,292,8,2,133,204,196,186,126,22,59,33,298,333,276,324,300,345,237,219,35,34,123,151,174,216,233,,,117,68,,,257,152,9,45,46,132,23,245,292,34,6,11,4,4,9,18,252,166,232,172,85,105,193,,231,,,262,297,290,242,295,276,230,275,253,206,298,189,224,179,326,169,148,237,234,295,303,297,171,188,149,306,324,347,333,344,345,241,148,146,172,208,44,47,198,304,,,8,2,,,257,192,177,307,257,346,343,348,335,333,319,294,290,254,248,349,350,337,350,351,307,69,87,249,,1,,,b'\x11\xe8\xe1I\xcc{\x02(\xaf\x82\x12\xdf\x17\xaeN\x1e'
11E8E149-CC7B-0228-AF82-12DF17AE4E1E,2020-ncaa-d1-conf-Summit League,ncaa,4,3,5,4,6,6,6,4,8,8,8,5,1,1,8,1,3,1,9,1,1,4,6,6,6,6,1,2,1,8,9,6,8,7,8,7,5,2,2,3,4,5,7,7,,,3,1,,,5,3,3,3,4,6,2,8,8,1,1,1,1,1,2,3,9,6,7,5,3,4,7,,3,,,5,6,7,8,5,5,7,4,7,6,5,5,5,4,7,4,2,8,8,5,5,4,3,5,3,9,8,9,9,9,8,6,4,4,4,3,1,1,5,9,,,1,1,,,5,7,6,4,6,6,7,9,6,8,7,7,4,4,4,9,8,9,9,9,6,3,1,5,,1,,,b'\x11\xe8\xe1I\xcc{\x02(\xaf\x82\x12\xdf\x17\xaeN\x1e'
11E8E149-CC7B-0228-AF82-12DF17AE4E1E,2020-ncaa-d1-natl,ncaa,177,170,128,182,159,54,119,53,228,233,287,95,29,6,253,28,12,3,296,4,1,25,37,150,148,108,19,55,40,250,333,180,323,233,346,156,216,87,38,123,69,134,208,261,,,210,62,,,236,17,8,68,33,110,29,239,293,25,6,11,4,4,9,20,252,178,236,156,99,65,210,,220,,,237,343,333,330,291,322,316,254,307,268,317,159,298,256,336,255,155,337,340,293,302,287,180,184,178,336,323,349,333,349,346,290,130,57,152,163,123,71,217,277,,,1,1,,,236,334,153,299,241,345,340,344,325,335,312,271,300,258,259,348,349,336,350,351,288,53,137,222,,1,,,b'\x11\xe8\xe1I\xcc{\x02(\xaf\x82\x12\xdf\x17\xaeN\x1e'
11E8E149-CC7B-0228-AF82-12DF17AE4E1E,2021-ncaa-d0-natl,ncaa,205,296,89,243,96,100,120,107,189,203,220,155,26,21,93,24,70,56,199,62,15,98,88,113,105,127,8,18,112,213,316,91,140,136,299,97,124,287,203,176,118,204,127,192,,,271,166,,,283,63,25,77,104,154,145,296,315,21,18,79,61,72,119,85,290,122,227,132,233,162,173,,240,,,262,315,300,268,284,284,252,263,314,288,305,235,307,265,331,259,210,278,278,303,319,317,262,243,188,229,140,320,316,301,299,287,140,95,196,221,266,201,221,261,,,58,78,,,283,283,167,304,258,328,310,279,263,222,310,282,300,243,233,297,311,166,326,307,253,143,228,176,,55,,,b'\x11\xe8\xe1I\xcc{\x02(\xaf\x82\x12\xdf\x17\xaeN\x1e'
11E8E149-CC7B-0228-AF82-12DF17AE4E1E,2021-ncaa-d1-conf-Summit League,ncaa,4,4,3,4,5,3,3,4,6,7,5,7,1,2,3,3,6,4,8,4,3,4,4,4,7,5,2,2,7,5,7,4,5,4,7,2,3,8,6,4,2,3,4,5,,,5,3,,,4,2,2,5,3,3,4,8,7,1,2,6,5,5,5,3,6,4,5,3,8,1,4,,5,,,4,8,7,7,7,8,8,7,5,6,4,4,6,6,9,6,3,7,8,6,8,4,4,4,5,7,5,9,7,9,7,7,2,3,4,4,8,7,6,6,,,4,7,,,4,8,6,4,4,7,7,7,7,8,5,5,5,5,5,6,7,7,8,7,6,2,6,6,,6,,,b'\x11\xe8\xe1I\xcc{\x02(\xaf\x82\x12\xdf\x17\xaeN\x1e'
11E8E149-CC7B-0228-AF82-12DF17AE4E1E,2021-ncaa-d1-natl,ncaa,217,294,105,251,113,109,132,120,197,223,240,158,29,24,91,23,80,65,198,73,15,111,104,112,104,130,8,18,107,225,320,106,148,150,305,109,129,274,207,179,132,214,136,196,,,262,171,,,288,75,25,72,107,158,152,300,318,20,18,79,62,71,122,89,295,132,234,137,235,171,175,,246,,,271,310,298,259,285,280,242,268,308,280,308,231,299,258,331,253,210,268,265,304,320,319,259,241,190,216,148,315,320,296,305,282,141,110,206,229,259,207,213,268,,,65,79,,,288,269,171,308,265,328,312,281,271,226,313,278,305,244,236,298,310,171,328,310,258,151,233,180,,55,,,b'\x11\xe8\xe1I\xcc{\x02(\xaf\x82\x12\xdf\x17\xaeN\x1e'
11E8E149-CC7B-0228-AF82-12DF17AE4E1E,2022-ncaa-d0-natl,ncaa,214,180,260,216,262,178,193,241,136,275,324,66,57,51,140,28,184,123,310,121,9,225,254,89,100,91,26,34,174,348,352,188,207,288,344,234,245,53,99,149,214,213,172,166,,,21,15,,,260,186,40,24,90,131,142,262,324,33,22,114,69,63,113,137,349,87,275,196,118,159,145,,35,,,262,256,285,230,281,240,162,297,306,290,272,303,68,28,355,35,39,199,177,299,276,304,171,291,36,198,207,308,352,288,344,270,183,250,265,296,221,272,92,237,,,187,103,,,260,168,175,309,261,334,344,345,321,280,338,337,112,54,67,336,319,268,350,345,314,197,274,132,,98,,,b'\x11\xe8\xe1I\xcc{\x02(\xaf\x82\x12\xdf\x17\xaeN\x1e'
11E8E149-CC7B-0228-AF82-12DF17AE4E1E,2022-ncaa-d1-conf-Summit League,ncaa,7,7,8,7,8,7,7,7,8,9,10,5,2,1,5,1,8,6,10,6,2,7,7,5,6,7,1,1,7,10,10,8,10,9,10,7,6,6,7,6,4,5,7,7,,,1,1,,,9,6,1,1,5,5,5,9,10,2,1,7,4,3,5,2,10,4,9,6,8,4,6,,3,,,9,9,9,7,9,7,4,10,10,10,8,9,4,1,10,2,3,6,4,9,9,7,7,9,2,8,10,10,10,10,10,10,7,4,5,7,10,10,2,4,,,4,3,,,9,4,8,10,9,10,10,10,9,7,10,10,4,3,4,9,10,10,10,10,10,4,10,2,,2,,,b'\x11\xe8\xe1I\xcc{\x02(\xaf\x82\x12\xdf\x17\xaeN\x1e'
11E8E149-CC7B-0228-AF82-12DF17AE4E1E,2022-ncaa-d1-natl,ncaa,199,180,213,200,218,123,156,182,108,251,315,51,35,36,89,26,156,105,310,101,9,168,199,56,73,66,19,25,205,349,351,128,185,253,339,169,194,63,82,110,159,193,144,157,,,16,7,,,219,127,39,24,61,94,126,249,326,18,20,123,75,70,89,125,350,59,253,142,98,142,126,,26,,,220,289,310,290,255,275,223,276,314,319,243,305,66,28,355,30,31,259,227,276,254,283,159,289,24,238,185,335,351,331,339,298,193,218,255,290,249,262,123,245,,,166,135,,,219,228,137,287,220,328,339,346,316,288,332,338,89,34,45,336,321,270,351,344,317,192,272,146,,119,,,b'\x11\xe8\xe1I\xcc{\x02(\xaf\x82\x12\xdf\x17\xaeN\x1e'
11E8E149-CC7B-0228-AF82-12DF17AE4E1E,2023-ncaa-d0-natl,ncaa,300,284,290,304,320,212,304,222,336,343,332,305,101,56,259,33,51,71,58,67,4,197,222,285,236,203,2,55,3,315,345,239,234,289,338,259,146,72,103,201,140,127,261,202,,,195,209,,,293,180,16,291,140,274,92,341,314,58,16,7,20,20,54,70,290,149,239,229,163,81,238,,291,,,297,254,177,124,234,52,28,268,336,319,287,348,294,285,268,277,342,152,169,299,321,303,356,339,289,180,234,330,345,304,338,227,249,141,117,188,88,127,131,265,,,81,19,,,293,180,247,298,287,345,282,284,141,56,358,354,336,324,323,325,341,275,358,357,295,63,166,195,,10,,,b'\x11\xe8\xe1I\xcc{\x02(\xaf\x82\x12\xdf\x17\xaeN\x1e'
11E8E149-CC7B-0228-AF82-12DF17AE4E1E,2023-ncaa-d1-conf-Summit League,ncaa,9,9,6,9,8,9,10,5,10,9,8,10,5,2,10,2,2,3,4,3,3,5,7,10,9,9,2,3,1,8,9,7,8,7,10,8,4,2,3,5,4,4,8,6,,,7,8,,,9,6,3,6,6,10,3,9,7,5,2,2,3,3,4,4,7,5,6,7,2,4,8,,8,,,9,7,4,4,3,3,1,7,8,8,5,10,7,8,5,8,10,6,5,6,8,4,10,8,8,7,8,10,9,10,10,5,6,4,2,4,3,3,9,9,,,3,3,,,9,5,9,5,9,9,5,5,3,1,9,10,8,9,9,8,8,9,10,10,7,3,3,9,,3,,,b'\x11\xe8\xe1I\xcc{\x02(\xaf\x82\x12\xdf\x17\xaeN\x1e'
11E8E149-CC7B-0228-AF82-12DF17AE4E1E,2023-ncaa-d1-natl,ncaa,288,284,219,291,293,185,282,161,339,336,316,296,96,35,282,39,16,31,59,31,3,130,148,297,241,199,4,73,3,273,336,197,250,241,339,239,147,79,89,189,99,115,247,192,,,249,208,,,291,119,14,291,133,281,85,340,309,72,15,2,12,12,41,64,255,144,213,227,135,72,230,,295,,,290,302,223,198,225,72,40,256,350,339,293,348,311,307,250,303,344,227,257,295,309,293,356,345,286,255,250,353,336,342,339,250,236,90,103,165,109,107,136,239,,,38,16,,,291,247,240,295,282,341,281,285,121,56,359,355,334,326,323,326,342,291,358,357,284,51,151,162,,7,,,b'\x11\xe8\xe1I\xcc{\x02(\xaf\x82\x12\xdf\x17\xaeN\x1e'
11E8E149-CC7B-0228-AF82-12DF17AE4E1E,2024-ncaa-d0-natl,ncaa,189,82,347,149,348,225,287,334,156,308,322,181,188,234,86,171,56,79,53,79,7,305,322,137,91,101,35,156,12,300,232,187,48,241,103,262,176,60,179,199,324,301,284,252,,,117,253,,,145,318,58,19,66,153,168,203,206,104,130,4,13,12,84,69,194,20,40,162,227,264,232,,304,,,142,54,50,53,152,44,41,202,117,151,103,245,171,216,37,209,304,60,39,160,170,210,259,200,265,31,48,46,232,29,103,53,129,319,267,207,194,290,10,46,,,98,3,,,145,52,126,178,131,276,247,296,224,216,260,301,293,322,323,320,301,153,262,233,174,206,318,38,,3,,,b'\x11\xe8\xe1I\xcc{\x02(\xaf\x82\x12\xdf\x17\xaeN\x1e'
11E8E149-CC7B-0228-AF82-12DF17AE4E1E,2024-ncaa-d1-conf-OVC,ncaa,7,7,6,7,7,6,7,6,8,9,8,7,5,5,5,5,1,1,4,1,1,6,6,6,4,4,2,6,1,5,8,2,3,3,3,7,5,6,8,8,11,11,8,10,,,6,4,,,6,5,2,4,3,7,6,9,8,4,4,1,1,1,3,4,6,2,1,6,8,10,9,,6,,,6,7,6,9,3,7,8,6,9,9,2,9,5,8,1,8,6,10,9,3,4,6,7,8,4,7,3,9,8,10,3,6,4,10,10,8,10,9,4,5,,,1,1,,,6,8,5,7,6,10,9,11,6,8,10,10,7,7,7,11,11,9,9,10,6,9,9,4,,1,,,b'\x11\xe8\xe1I\xcc{\x02(\xaf\x82\x12\xdf\x17\xaeN\x1e'
11E8E149-CC7B-0228-AF82-12DF17AE4E1E,2024-ncaa-d1-natl,ncaa,137,83,254,117,259,118,165,216,108,207,242,135,107,153,55,161,22,37,51,35,8,168,187,96,57,73,45,135,22,205,190,78,41,117,60,152,144,133,154,138,254,262,233,219,,,204,222,,,86,179,67,24,42,98,127,166,200,74,113,5,17,16,62,67,170,16,25,114,190,230,214,,267,,,72,149,116,178,95,91,107,156,199,257,72,268,208,248,54,247,284,197,168,110,111,149,266,231,243,81,41,126,190,86,60,86,111,232,232,168,259,259,21,36,,,28,5,,,86,193,77,122,71,234,201,282,175,180,251,307,257,287,287,301,289,119,215,169,142,184,298,30,,4,,,b'\x11\xe8\xe1I\xcc{\x02(\xaf\x82\x12\xdf\x17\xaeN\x1e'
11E8E149-CC7B-0228-AF82-12DF17AE4E1E,2025-ncaa-d0-natl,genius_ncaa,171,199,90,190,108,83,108,136,91,114,137,102,135,166,76,202,39,67,10,65,84,122,115,93,57,84,124,196,61,216,227,62,161,109,153,145,215,241,180,167,270,316,195,243,,,259,187,,51,163,97,90,226,81,114,188,129,174,146,188,34,85,85,159,164,256,62,141,161,182,297,216,,225,,40,163,319,289,301,156,285,270,212,247,307,64,225,330,323,251,325,270,311,282,142,179,259,210,155,284,274,161,205,227,236,153,236,138,254,324,286,298,255,116,100,,,27,16,,113,163,272,98,262,160,289,259,305,256,244,220,293,316,303,306,328,281,251,138,181,208,304,263,97,,23,,128,b'\x11\xe8\xe1I\xcc{\x02(\xaf\x82\x12\xdf\x17\xaeN\x1e'
11E8E149-CC7B-0228-AF82-12DF17AE4E1E,2025-ncaa-d1-conf-OVC,genius_ncaa,6,7,1,7,1,2,2,2,4,3,4,5,4,6,3,6,2,5,1,5,6,2,2,4,4,5,5,5,5,8,9,1,6,2,5,5,6,10,4,7,11,11,8,8,,,8,1,,1,7,1,6,8,4,4,8,6,6,6,8,5,6,6,9,7,10,1,4,6,3,11,8,,3,,1,7,11,11,11,3,10,10,3,10,10,3,7,9,9,4,9,4,11,11,3,3,8,5,7,7,10,6,9,9,10,5,9,5,10,11,9,11,9,4,3,,,1,3,,5,7,11,4,8,7,7,9,11,8,9,5,10,7,7,7,10,7,9,5,7,6,11,9,3,,2,,5,b'\x11\xe8\xe1I\xcc{\x02(\xaf\x82\x12\xdf\x17\xaeN\x1e'
11E8E149-CC7B-0228-AF82-12DF17AE4E1E,2025-ncaa-d1-natl,genius_ncaa,145,199,43,177,59,59,74,89,76,67,100,82,106,138,74,203,31,48,20,48,81,79,74,71,49,74,130,198,78,189,223,37,141,63,135,111,224,253,152,159,259,316,189,242,,,292,172,,59,139,56,97,237,76,94,179,105,171,144,188,36,79,81,148,157,248,50,118,156,163,299,218,,200,,36,142,337,317,336,140,304,303,193,284,325,85,241,333,326,274,327,257,343,314,142,161,242,225,178,269,294,141,244,223,278,135,275,143,228,318,281,296,240,117,80,,,16,13,,71,139,308,91,245,138,281,248,305,237,237,235,298,298,286,290,319,271,237,133,168,205,300,239,77,,21,,95,b'\x11\xe8\xe1I\xcc{\x02(\xaf\x82\x12\xdf\x17\xaeN\x1e'
11E8E149-CC7B-0228-AF82-12DF17AE4E1E,2026-ncaa-d0-natl,genius_ncaa,163,13,354,45,356,320,331,352,69,306,339,115,341,358,75,339,186,243,29,246,41,352,359,94,53,29,200,321,14,349,216,351,45,356,150,348,346,2,13,78,354,287,330,247,,,4,129,,6,126,359,146,97,38,78,159,45,54,236,317,4,7,7,71,200,230,244,249,248,12,294,259,,108,,31,114,4,8,4,334,8,5,322,48,10,347,236,5,3,140,3,145,4,3,349,340,327,190,291,48,1,45,5,216,3,150,11,78,349,176,210,2,51,1,3,,,295,1,,205,126,5,31,283,106,278,297,152,264,122,320,210,103,106,107,118,95,17,168,72,201,195,48,6,,3,,50,b'\x11\xe8\xe1I\xcc{\x02(\xaf\x82\x12\xdf\x17\xaeN\x1e'
11E8E149-CC7B-0228-AF82-12DF17AE4E1E,2026-ncaa-d1-natl,genius_ncaa,74,13,271,34,286,145,151,249,46,103,132,105,275,336,64,344,59,100,25,99,115,230,299,78,54,18,273,324,53,258,149,239,9,255,49,286,356,3,5,51,235,145,252,208,,,16,58,,10,52,294,94,100,16,30,50,18,14,229,305,9,17,17,22,118,175,77,105,224,10,155,214,,56,,18,35,43,63,58,201,59,62,158,136,91,279,227,27,22,189,18,58,35,35,210,191,176,184,275,55,7,9,39,149,11,49,32,51,265,145,109,9,27,21,21,,,130,16,,198,52,67,19,110,38,150,195,180,153,157,248,198,63,56,51,120,122,13,132,40,75,162,27,49,,15,,152,b'\x11\xe8\xe1I\xcc{\x02(\xaf\x82\x12\xdf\x17\xaeN\x1e'
11E8E149-CC7F-85C8-AF82-12DF17AE4E1E,2010-ncaa-d0-natl,ncaa,72,62,81,75,96,72,59,58,104,45,45,100,191,170,208,242,112,85,219,85,214,57,79,133,144,100,271,252,214,39,56,152,66,80,66,170,310,95,42,133,156,181,176,184,,,327,334,,,95,108,157,137,71,58,50,37,45,203,201,130,110,111,52,99,38,222,103,200,61,196,205,,318,,,96,267,202,150,248,216,182,254,135,111,212,94,332,325,259,326,316,192,202,239,286,262,212,86,322,62,66,233,56,159,66,158,129,126,137,125,9,5,238,150,,,95,180,,,95,238,68,203,96,207,129,50,171,105,102,78,319,314,314,111,121,27,179,87,119,159,9,206,,133,,,b'\x11\xe8\xe1I\xcc\x7f\x85\xc8\xaf\x82\x12\xdf\x17\xaeN\x1e'
11E8E149-CC7F-85C8-AF82-12DF17AE4E1E,2010-ncaa-d1-conf-Sun Belt,ncaa,3,3,4,3,4,3,3,4,4,3,3,4,5,6,8,6,1,3,6,3,6,3,4,5,5,4,9,6,6,3,1,6,2,3,1,4,8,5,4,4,7,7,5,5,,,12,13,,,3,5,7,5,2,2,4,2,4,6,6,1,3,3,3,6,3,5,3,4,4,7,5,,12,,,3,7,5,5,8,5,4,8,4,4,8,5,11,11,6,11,10,6,7,8,9,8,9,5,10,3,2,4,1,4,1,8,9,7,8,7,2,2,9,9,,,5,6,,,3,8,3,5,3,6,5,2,5,3,5,4,10,10,10,4,4,2,2,3,8,8,2,9,,5,,,b'\x11\xe8\xe1I\xcc\x7f\x85\xc8\xaf\x82\x12\xdf\x17\xaeN\x1e'
11E8E149-CC7F-85C8-AF82-12DF17AE4E1E,2010-ncaa-d1-natl,ncaa,74,62,91,77,105,81,64,61,109,50,48,102,197,175,211,243,120,92,220,93,214,60,92,135,147,104,269,253,212,43,57,168,69,87,69,179,312,81,43,138,167,180,182,186,,,325,334,,,98,119,160,137,73,61,50,38,45,206,204,131,109,110,52,99,39,227,108,209,60,199,208,,319,,,98,255,189,128,256,209,161,257,129,99,214,93,329,322,260,323,316,180,184,244,292,273,211,85,319,53,69,219,57,141,69,154,128,144,145,135,9,5,233,157,,,106,181,,,98,225,71,213,97,215,137,51,177,106,102,76,319,314,314,111,121,29,182,87,121,169,9,209,,132,,,b'\x11\xe8\xe1I\xcc\x7f\x85\xc8\xaf\x82\x12\xdf\x17\xaeN\x1e'
11E8E149-CC7F-85C8-AF82-12DF17AE4E1E,2011-ncaa-d0-natl,ncaa,168,207,77,181,99,116,99,90,143,73,64,139,240,238,234,268,120,104,235,100,205,90,78,182,183,188,286,280,164,30,18,142,58,66,22,179,270,254,188,225,253,267,135,166,,,229,237,,,169,119,217,213,155,131,139,77,83,267,262,149,125,123,127,111,33,219,73,207,209,282,145,,173,,,169,245,264,195,291,308,287,261,63,34,249,17,238,208,276,207,142,205,185,248,263,274,37,33,205,74,58,115,18,80,22,114,30,205,233,168,136,89,65,32,,,87,166,,,169,214,139,244,184,177,210,109,282,262,47,18,208,180,180,118,66,32,56,30,86,259,111,55,,129,,,b'\x11\xe8\xe1I\xcc\x7f\x85\xc8\xaf\x82\x12\xdf\x17\xaeN\x1e'
11E8E149-CC7F-85C8-AF82-12DF17AE4E1E,2011-ncaa-d1-conf-Sun Belt,ncaa,3,5,1,5,1,1,1,1,4,1,1,5,5,7,3,12,1,1,6,1,3,1,1,5,5,4,7,11,1,1,2,1,4,1,2,4,6,9,4,4,6,7,2,3,,,11,10,,,4,1,8,4,2,2,6,1,2,6,10,1,1,1,3,4,1,6,2,4,4,9,3,,9,,,4,12,11,12,9,12,12,6,5,4,8,2,11,10,12,10,9,12,12,8,9,8,5,3,10,7,4,5,2,6,2,9,5,7,9,9,7,4,3,2,,,1,3,,,4,12,3,8,5,8,8,4,8,10,4,1,9,9,9,6,4,3,4,3,7,10,4,2,,2,,,b'\x11\xe8\xe1I\xcc\x7f\x85\xc8\xaf\x82\x12\xdf\x17\xaeN\x1e'
11E8E149-CC7F-85C8-AF82-12DF17AE4E1E,2011-ncaa-d1-natl,ncaa,174,202,95,185,115,134,112,111,149,82,70,143,245,245,233,268,132,116,232,115,205,104,90,184,186,191,287,278,164,33,19,167,60,77,22,194,270,244,191,227,264,272,141,170,,,210,238,,,177,139,219,208,158,138,140,79,85,264,262,149,125,122,132,114,35,220,80,216,210,289,148,,176,,,178,231,249,168,295,305,276,262,55,27,248,16,225,194,279,197,139,179,154,253,269,283,34,32,205,56,60,88,19,60,22,100,29,230,236,174,123,89,62,36,,,105,167,,,177,189,147,249,194,183,216,114,284,266,50,18,207,181,181,122,64,35,54,29,90,265,110,56,,131,,,b'\x11\xe8\xe1I\xcc\x7f\x85\xc8\xaf\x82\x12\xdf\x17\xaeN\x1e'
11E8E149-CC7F-85C8-AF82-12DF17AE4E1E,2012-ncaa-d0-natl,ncaa,266,278,163,274,221,265,237,233,226,183,155,236,287,280,267,268,252,179,323,171,192,223,166,257,278,303,282,264,164,69,23,156,47,100,16,290,290,328,319,322,205,169,154,129,,,121,177,,,256,213,195,262,280,249,235,172,141,287,279,248,170,163,236,128,46,119,57,300,324,198,146,,135,,,253,139,158,136,215,111,94,191,280,231,288,273,41,62,78,63,91,109,99,236,206,220,227,302,44,54,47,33,23,24,16,107,96,238,202,180,251,253,143,133,,,201,217,,,256,125,282,194,260,170,197,163,137,105,281,240,55,58,65,131,101,54,33,33,128,244,261,159,,180,,,b'\x11\xe8\xe1I\xcc\x7f\x85\xc8\xaf\x82\x12\xdf\x17\xaeN\x1e'
11E8E149-CC7F-85C8-AF82-12DF17AE4E1E,2012-ncaa-d1-conf-Sun Belt,ncaa,9,10,4,10,6,6,6,7,7,6,5,6,8,9,8,10,4,3,9,3,5,7,2,7,7,9,6,9,1,2,1,2,4,2,2,7,9,12,12,12,2,2,4,4,,,10,10,,,7,3,2,9,8,7,9,7,4,9,10,4,3,3,7,2,1,1,1,8,12,2,3,,10,,,7,7,7,10,5,6,6,6,9,10,8,10,5,7,3,7,7,8,8,6,5,7,10,11,5,6,4,2,1,2,2,7,8,8,8,8,12,10,10,8,,,6,8,,,7,10,9,7,7,8,8,9,5,7,9,10,4,6,7,9,8,5,2,3,8,6,11,9,,6,,,b'\x11\xe8\xe1I\xcc\x7f\x85\xc8\xaf\x82\x12\xdf\x17\xaeN\x1e'
11E8E149-CC7F-85C8-AF82-12DF17AE4E1E,2012-ncaa-d1-natl,ncaa,273,277,196,278,263,283,263,258,237,204,178,246,292,288,272,268,266,191,322,185,192,252,196,266,281,306,279,264,164,78,25,176,51,116,18,303,292,322,319,324,222,175,162,134,,,95,181,,,260,246,198,262,287,257,243,183,145,288,279,247,172,163,242,134,48,122,59,304,324,202,146,,135,,,261,118,140,106,216,91,71,197,272,219,296,275,33,50,80,52,91,84,66,240,211,225,229,301,45,40,51,22,25,15,18,89,99,262,209,188,241,252,140,141,,,223,211,,,260,94,287,203,268,175,201,162,143,109,285,242,53,62,71,131,101,58,33,33,132,249,260,159,,183,,,b'\x11\xe8\xe1I\xcc\x7f\x85\xc8\xaf\x82\x12\xdf\x17\xaeN\x1e'
11E8E149-CC7F-85C8-AF82-12DF17AE4E1E,2013-ncaa-d0-natl,ncaa,60,65,41,67,52,44,39,66,45,27,33,56,209,235,123,275,36,55,47,55,187,54,40,77,54,77,274,273,122,138,174,97,157,108,159,187,333,287,177,257,55,106,111,144,,,281,140,,,111,31,35,225,44,46,111,26,53,240,263,52,82,83,97,73,211,180,200,247,223,84,132,,215,,,113,322,321,300,275,323,295,309,174,244,46,183,275,227,330,237,140,297,311,244,252,212,61,80,163,242,157,245,174,252,159,262,105,31,79,100,240,147,267,156,,,94,238,,,111,315,92,179,116,265,275,242,302,236,128,202,226,161,172,232,283,160,138,137,202,59,170,226,,185,,,b'\x11\xe8\xe1I\xcc\x7f\x85\xc8\xaf\x82\x12\xdf\x17\xaeN\x1e'
11E8E149-CC7F-85C8-AF82-12DF17AE4E1E,2013-ncaa-d1-conf-Sun Belt,ncaa,3,3,3,3,7,2,2,5,2,2,4,3,8,7,6,8,1,1,1,1,5,4,4,3,2,3,8,8,1,7,6,8,9,8,7,9,10,8,6,7,2,2,4,4,,,6,5,,,5,3,4,8,1,2,5,2,4,8,8,1,1,2,3,5,8,9,9,9,8,2,4,,6,,,5,9,10,7,9,9,7,9,8,8,6,8,7,6,10,6,5,9,9,9,9,8,6,6,6,6,9,5,6,6,7,10,10,2,3,8,7,7,9,7,,,5,9,,,5,9,2,9,5,8,8,7,8,7,8,8,8,6,6,7,7,7,5,5,9,2,7,9,,7,,,b'\x11\xe8\xe1I\xcc\x7f\x85\xc8\xaf\x82\x12\xdf\x17\xaeN\x1e'
11E8E149-CC7F-85C8-AF82-12DF17AE4E1E,2013-ncaa-d1-natl,ncaa,63,65,49,71,59,48,45,76,48,29,35,59,215,237,123,275,40,61,46,61,187,63,48,79,55,77,273,273,115,153,180,108,161,121,162,202,332,278,177,260,62,112,114,149,,,274,139,,,121,36,36,223,48,49,117,27,56,240,264,52,84,83,99,76,217,189,206,253,225,92,135,,216,,,122,319,317,295,281,321,289,314,162,233,47,180,269,219,331,230,141,294,307,251,261,219,62,79,164,233,161,227,180,235,162,251,104,36,87,105,224,150,265,162,,,103,234,,,121,311,95,184,123,268,279,243,303,238,128,204,229,163,174,234,283,160,140,141,207,63,172,232,,183,,,b'\x11\xe8\xe1I\xcc\x7f\x85\xc8\xaf\x82\x12\xdf\x17\xaeN\x1e'
11E8E149-CC7F-85C8-AF82-12DF17AE4E1E,2014-ncaa-d0-natl,ncaa,39,41,53,47,70,52,53,76,45,53,68,67,143,164,82,217,49,73,79,73,146,69,81,66,59,49,204,218,132,133,131,150,176,131,145,97,216,161,90,100,31,27,116,123,,,272,215,,,43,71,148,214,61,60,143,64,128,172,205,68,101,104,119,172,178,245,223,131,90,40,135,,199,,,46,201,190,192,163,222,229,154,134,128,163,96,243,245,171,244,203,215,268,151,163,87,143,113,244,192,176,182,131,199,145,192,186,40,37,56,177,131,150,90,,,57,99,,,43,277,54,76,48,101,93,60,141,142,92,75,199,184,181,76,160,123,91,81,132,54,132,105,,104,,,b'\x11\xe8\xe1I\xcc\x7f\x85\xc8\xaf\x82\x12\xdf\x17\xaeN\x1e'
11E8E149-CC7F-85C8-AF82-12DF17AE4E1E,2014-ncaa-d1-conf-Sun Belt,ncaa,1,1,1,1,1,2,2,3,3,3,4,3,3,2,3,5,1,3,2,3,4,3,3,2,2,2,5,5,4,5,5,4,4,4,6,2,5,3,3,1,1,1,4,5,,,4,5,,,2,2,8,7,3,3,6,4,5,3,5,3,4,4,4,7,6,8,7,5,2,1,5,,2,,,2,6,6,5,4,5,5,5,6,6,7,7,4,3,6,3,2,5,8,5,7,1,5,7,4,5,4,7,5,7,6,5,5,1,1,2,5,5,9,8,,,4,5,,,2,8,2,1,2,2,2,3,3,3,4,5,2,2,2,2,2,3,4,3,4,1,5,8,,5,,,b'\x11\xe8\xe1I\xcc\x7f\x85\xc8\xaf\x82\x12\xdf\x17\xaeN\x1e'
11E8E149-CC7F-85C8-AF82-12DF17AE4E1E,2014-ncaa-d1-natl,ncaa,42,40,59,48,82,58,59,91,48,58,83,68,152,172,87,216,54,83,77,81,147,83,100,66,59,50,200,217,128,150,138,182,181,153,151,108,221,144,88,101,37,30,122,126,,,257,214,,,47,85,147,217,61,64,147,68,129,172,205,68,102,106,123,178,182,254,236,140,88,44,137,,199,,,51,184,168,174,170,208,209,161,122,114,165,94,232,229,174,224,204,194,258,155,168,96,142,113,242,172,181,162,138,174,151,179,187,49,42,62,167,133,143,90,,,71,95,,,47,264,58,85,53,105,96,61,146,143,90,73,200,189,185,77,160,126,95,82,137,58,131,113,,104,,,b'\x11\xe8\xe1I\xcc\x7f\x85\xc8\xaf\x82\x12\xdf\x17\xaeN\x1e'
11E8E149-CC7F-85C8-AF82-12DF17AE4E1E,2014-ncaa-d1-ncaatournament,ncaa,33,2,33,33,34,35,35,48,7,36,48,11,28,44,4,23,47,52,19,52,51,49,58,3,5,1,23,18,52,60,63,53,51,58,58,30,3,2,3,1,54,52,54,57,,,29,58,,,41,51,40,3,12,12,33,21,38,7,22,41,49,49,43,57,60,52,58,1,2,49,53,,59,,,43,22,19,15,50,19,11,55,18,20,36,31,27,32,18,32,61,25,17,53,50,57,40,30,47,17,51,9,63,12,58,32,63,60,62,63,10,23,14,37,,,39,7,,,41,15,4,59,41,54,50,32,49,23,36,36,56,60,60,52,35,41,38,40,61,59,11,31,,18,,,b'\x11\xe8\xe1I\xcc\x7f\x85\xc8\xaf\x82\x12\xdf\x17\xaeN\x1e'
11E8E149-CC7F-85C8-AF82-12DF17AE4E1E,2015-ncaa-d0-natl,ncaa,9,12,13,13,21,13,11,20,9,10,26,10,99,89,143,192,32,24,196,22,118,22,20,18,25,21,261,217,220,39,51,64,305,43,151,20,173,215,59,52,4,25,48,82,,,208,23,,,15,19,87,148,19,14,58,15,85,147,144,75,56,53,45,74,89,235,158,33,100,14,74,,69,,,16,301,319,325,138,317,318,169,225,295,51,199,147,145,158,149,52,323,334,118,88,40,73,154,72,348,305,252,51,319,151,284,131,8,39,47,144,46,228,106,,,16,111,,,15,331,14,56,19,117,164,212,196,208,139,198,58,59,63,155,296,297,65,163,142,27,61,146,,56,,,b'\x11\xe8\xe1I\xcc\x7f\x85\xc8\xaf\x82\x12\xdf\x17\xaeN\x1e'
11E8E149-CC7F-85C8-AF82-12DF17AE4E1E,2015-ncaa-d1-conf-C-USA,ncaa,1,1,1,1,3,1,1,1,1,1,3,1,4,6,4,7,2,4,7,4,7,1,2,2,2,1,9,10,9,5,4,7,14,4,10,4,8,2,1,2,1,2,2,2,,,3,1,,,2,3,7,8,2,1,5,1,6,5,7,4,4,4,4,9,8,14,11,5,2,1,2,,1,,,2,7,11,13,4,9,11,5,11,12,7,11,1,1,14,1,1,12,14,5,4,2,6,11,1,14,14,3,4,12,10,10,9,1,1,3,2,1,13,10,,,2,2,,,2,12,1,4,2,5,6,10,7,8,10,11,1,1,1,5,12,14,2,6,5,1,1,12,,5,,,b'\x11\xe8\xe1I\xcc\x7f\x85\xc8\xaf\x82\x12\xdf\x17\xaeN\x1e'
11E8E149-CC7F-85C8-AF82-12DF17AE4E1E,2015-ncaa-d1-conf-CUSA,ncaa,1,1,1,1,3,1,1,1,1,1,3,1,4,6,4,7,2,4,7,4,7,1,2,2,2,1,9,10,9,5,4,7,14,4,10,4,8,2,1,2,1,2,2,2,,,3,1,,,2,3,7,8,2,1,5,1,6,5,7,4,4,4,4,9,8,14,11,5,2,1,2,,1,,,2,7,11,13,4,9,11,5,11,12,7,11,1,1,14,1,1,12,14,5,4,2,6,11,1,14,14,3,4,12,10,10,9,1,1,3,2,1,13,10,,,2,2,,,2,12,1,4,2,5,6,10,7,8,10,11,1,1,1,5,12,14,2,6,5,1,1,12,,5,,,b'\x11\xe8\xe1I\xcc\x7f\x85\xc8\xaf\x82\x12\xdf\x17\xaeN\x1e'
11E8E149-CC7F-85C8-AF82-12DF17AE4E1E,2015-ncaa-d1-natl,ncaa,10,12,15,13,23,14,11,24,11,11,30,12,110,100,141,191,34,28,199,26,114,24,24,17,24,21,258,220,215,45,56,87,313,53,158,24,175,200,59,56,4,28,51,84,,,188,25,,,17,22,92,147,20,14,58,16,91,147,145,75,55,55,47,87,96,246,165,35,101,17,76,,72,,,18,287,310,320,153,308,314,185,215,282,53,199,126,123,158,127,55,316,331,125,98,45,73,151,72,346,313,225,56,314,158,279,134,9,42,51,131,48,215,111,,,20,103,,,17,330,16,63,20,121,180,215,207,213,139,198,60,62,63,157,292,302,66,163,148,31,63,150,,54,,,b'\x11\xe8\xe1I\xcc\x7f\x85\xc8\xaf\x82\x12\xdf\x17\xaeN\x1e'
11E8E149-CC7F-85C8-AF82-12DF17AE4E1E,2015-ncaa-d1-ncaatournament,ncaa,33,2,33,33,33,46,53,43,54,61,61,60,21,25,21,4,47,45,45,45,22,41,50,43,48,37,2,2,46,54,54,52,59,57,60,43,18,4,4,9,51,46,41,42,,,5,6,,,25,47,32,4,39,50,19,61,59,1,2,43,39,39,20,40,51,51,56,32,4,41,32,,10,,,25,5,17,19,48,26,22,59,1,11,1,18,4,2,21,2,9,10,18,29,24,17,1,1,13,26,59,24,54,29,60,11,25,35,10,15,1,1,8,33,,,47,41,,,25,12,40,23,29,20,41,32,58,45,1,16,9,9,6,19,38,53,54,61,34,8,1,15,,38,,,b'\x11\xe8\xe1I\xcc\x7f\x85\xc8\xaf\x82\x12\xdf\x17\xaeN\x1e'
11E8E149-CC7F-85C8-AF82-12DF17AE4E1E,2016-ncaa-d0-natl,ncaa,23,23,38,25,49,47,43,51,50,27,26,84,176,221,64,288,33,35,134,31,154,46,72,79,77,40,262,277,124,22,21,214,308,100,113,124,304,38,21,66,83,100,83,83,,,175,110,,,56,106,262,140,55,47,97,37,50,213,263,52,49,49,73,165,33,316,173,189,20,118,108,,97,,,58,260,258,238,227,221,204,213,265,241,280,225,188,169,249,171,158,230,261,247,238,176,216,231,131,301,308,139,21,223,113,262,221,57,74,127,6,4,267,129,,,37,63,,,56,244,19,203,55,159,162,95,145,84,224,181,125,114,113,75,121,238,56,96,189,86,4,225,,67,,,b'\x11\xe8\xe1I\xcc\x7f\x85\xc8\xaf\x82\x12\xdf\x17\xaeN\x1e'
11E8E149-CC7F-85C8-AF82-12DF17AE4E1E,2016-ncaa-d1-conf-C-USA,ncaa,3,3,9,3,12,6,5,3,5,3,2,6,12,12,10,14,6,6,9,6,7,4,9,7,7,4,13,14,6,3,1,14,13,9,3,12,13,1,1,2,4,3,10,6,,,3,5,,,2,13,11,8,4,2,2,2,2,12,12,5,4,3,2,5,1,14,7,11,1,3,8,,3,,,2,3,4,2,13,4,3,11,5,3,11,8,5,3,7,3,5,1,2,12,11,8,5,7,5,3,13,1,1,1,3,4,8,3,2,4,1,1,13,11,,,7,5,,,2,2,2,8,2,5,7,3,7,4,6,6,5,3,3,1,3,5,3,4,7,2,1,13,,6,,,b'\x11\xe8\xe1I\xcc\x7f\x85\xc8\xaf\x82\x12\xdf\x17\xaeN\x1e'
11E8E149-CC7F-85C8-AF82-12DF17AE4E1E,2016-ncaa-d1-conf-CUSA,ncaa,3,3,9,3,12,6,5,3,5,3,2,6,12,12,10,14,6,6,9,6,7,4,9,7,7,4,13,14,6,3,1,14,13,9,3,12,13,1,1,2,4,3,10,6,,,3,5,,,2,13,11,8,4,2,2,2,2,12,12,5,4,3,2,5,1,14,7,11,1,3,8,,3,,,2,3,4,2,13,4,3,11,5,3,11,8,5,3,7,3,5,1,2,12,11,8,5,7,5,3,13,1,1,1,3,4,8,3,2,4,1,1,13,11,,,7,5,,,2,2,2,8,2,5,7,3,7,4,6,6,5,3,3,1,3,5,3,4,7,2,1,13,,6,,,b'\x11\xe8\xe1I\xcc\x7f\x85\xc8\xaf\x82\x12\xdf\x17\xaeN\x1e'
11E8E149-CC7F-85C8-AF82-12DF17AE4E1E,2016-ncaa-d1-natl,ncaa,19,23,30,22,37,43,40,47,63,28,24,102,186,226,71,293,31,30,149,27,150,36,54,95,91,51,258,278,103,21,24,213,314,84,122,131,304,40,22,73,92,106,60,67,,,174,101,,,64,88,266,144,62,54,99,40,51,221,272,52,44,39,73,168,34,319,179,199,21,130,91,,93,,,68,273,269,250,231,239,220,214,276,243,295,218,181,172,235,167,140,238,276,248,241,187,211,234,116,316,314,162,24,253,122,285,242,52,77,151,6,3,275,142,,,28,51,,,64,262,21,211,65,166,173,101,151,94,228,178,116,107,106,78,121,251,58,103,211,94,4,234,,62,,,b'\x11\xe8\xe1I\xcc\x7f\x85\xc8\xaf\x82\x12\xdf\x17\xaeN\x1e'
11E8E149-CC7F-85C8-AF82-12DF17AE4E1E,2017-ncaa-d0-natl,ncaa,16,17,24,20,27,21,24,31,46,40,75,30,39,31,110,99,22,55,17,58,102,32,54,43,29,11,125,139,144,23,21,223,242,97,103,56,233,7,4,13,29,27,141,162,,,164,95,,,19,87,312,142,23,33,64,66,180,67,69,44,102,106,66,218,49,335,239,104,4,47,191,,57,,,18,260,277,217,300,294,241,286,178,140,230,125,169,135,312,147,101,203,257,287,285,195,68,113,130,203,242,150,21,181,103,284,222,46,42,137,5,3,198,124,,,51,84,,,19,263,6,189,16,102,142,33,197,86,89,49,90,65,67,27,45,93,38,43,179,97,2,121,,112,,,b'\x11\xe8\xe1I\xcc\x7f\x85\xc8\xaf\x82\x12\xdf\x17\xaeN\x1e'
11E8E149-CC7F-85C8-AF82-12DF17AE4E1E,2017-ncaa-d1-conf-C-USA,ncaa,1,1,1,1,1,1,2,2,6,4,7,5,3,3,5,6,2,5,2,5,8,1,4,6,5,2,5,6,9,1,3,14,6,5,3,4,8,1,1,1,2,1,7,6,,,3,3,,,1,8,14,9,2,2,4,7,9,4,4,5,8,8,4,12,1,14,9,6,1,2,7,,1,,,1,4,6,2,12,8,5,12,3,5,6,8,3,1,13,1,3,1,4,11,12,6,2,6,6,3,6,7,3,5,3,8,8,2,2,2,1,1,11,9,,,4,4,,,1,7,1,5,1,1,4,1,4,3,2,3,1,1,1,1,1,3,6,3,4,2,1,8,,7,,,b'\x11\xe8\xe1I\xcc\x7f\x85\xc8\xaf\x82\x12\xdf\x17\xaeN\x1e'
11E8E149-CC7F-85C8-AF82-12DF17AE4E1E,2017-ncaa-d1-conf-CUSA,ncaa,1,1,1,1,1,1,2,2,6,4,7,5,3,3,5,6,2,5,2,5,8,1,4,6,5,2,5,6,9,1,3,14,6,5,3,4,8,1,1,1,2,1,7,6,,,3,3,,,1,8,14,9,2,2,4,7,9,4,4,5,8,8,4,12,1,14,9,6,1,2,7,,1,,,1,4,6,2,12,8,5,12,3,5,6,8,3,1,13,1,3,1,4,11,12,6,2,6,6,3,6,7,3,5,3,8,8,2,2,2,1,1,11,9,,,4,4,,,1,7,1,5,1,1,4,1,4,3,2,3,1,1,1,1,1,3,6,3,4,2,1,8,,7,,,b'\x11\xe8\xe1I\xcc\x7f\x85\xc8\xaf\x82\x12\xdf\x17\xaeN\x1e'
11E8E149-CC7F-85C8-AF82-12DF17AE4E1E,2017-ncaa-d1-natl,ncaa,17,17,27,20,33,24,26,37,51,48,94,36,47,39,113,99,26,61,17,68,100,38,75,47,33,11,121,140,147,31,23,264,254,127,109,64,237,4,4,13,37,28,158,164,,,134,94,,,20,111,314,143,24,37,67,72,183,70,70,45,102,112,74,229,51,336,251,108,4,51,197,,60,,,21,237,268,180,310,281,219,295,156,112,237,119,151,112,315,125,102,160,232,296,290,205,65,108,127,177,254,122,23,137,109,278,230,59,48,147,4,3,180,130,,,61,86,,,20,244,6,203,17,106,147,33,202,88,90,47,93,68,72,27,44,96,41,44,188,104,2,127,,115,,,b'\x11\xe8\xe1I\xcc\x7f\x85\xc8\xaf\x82\x12\xdf\x17\xaeN\x1e'
11E8E149-CC7F-85C8-AF82-12DF17AE4E1E,2017-ncaa-d1-ncaatournament,ncaa,33,2,33,33,33,42,44,34,59,53,49,54,31,20,48,4,44,40,50,40,28,34,34,55,54,51,7,7,37,34,22,35,13,34,24,55,57,9,8,44,36,29,22,6,,,20,41,,,31,38,5,6,37,41,2,53,40,11,1,33,26,27,2,2,6,17,4,53,16,15,6,,43,,,36,10,14,21,31,11,17,24,21,21,42,37,5,12,3,10,23,21,26,33,23,14,36,49,8,10,13,22,22,19,24,24,59,37,9,28,4,6,43,61,,,33,17,,,31,28,51,10,33,27,36,41,27,29,44,39,9,27,24,38,57,15,54,50,53,8,8,58,,5,,,b'\x11\xe8\xe1I\xcc\x7f\x85\xc8\xaf\x82\x12\xdf\x17\xaeN\x1e'
11E8E149-CC7F-85C8-AF82-12DF17AE4E1E,2018-ncaa-d0-natl,ncaa,53,47,73,50,94,42,44,50,73,34,30,117,164,218,65,296,17,35,18,33,169,44,80,104,75,35,247,269,69,14,4,268,334,99,121,156,327,5,4,41,31,28,76,75,,,217,177,,,34,158,282,231,37,41,50,30,23,192,264,13,38,40,39,122,11,331,143,195,5,36,92,,164,,,33,197,198,193,183,198,181,210,184,194,162,200,195,150,329,156,153,180,236,185,206,127,172,183,193,323,334,79,4,185,121,242,252,54,62,111,3,4,173,53,,,34,50,,,34,189,11,190,28,121,135,92,143,95,147,147,168,111,122,70,135,304,36,123,189,70,5,145,,50,,,b'\x11\xe8\xe1I\xcc\x7f\x85\xc8\xaf\x82\x12\xdf\x17\xaeN\x1e'
11E8E149-CC7F-85C8-AF82-12DF17AE4E1E,2018-ncaa-d1-conf-C-USA,ncaa,1,1,1,1,3,1,1,1,5,1,1,5,9,8,8,12,1,1,3,1,9,1,1,7,5,1,11,12,4,1,1,7,14,1,3,3,14,1,1,2,1,1,2,2,,,8,6,,,1,3,9,7,1,1,1,1,1,11,10,1,2,2,1,3,1,10,2,6,1,1,2,,4,,,1,6,9,10,2,10,10,3,5,9,3,8,6,7,9,7,6,11,14,1,2,1,6,6,6,14,14,7,1,12,3,9,6,1,2,2,1,1,11,2,,,1,5,,,1,13,1,1,1,3,5,7,7,9,4,5,4,4,4,6,10,13,3,8,6,1,1,6,,1,,,b'\x11\xe8\xe1I\xcc\x7f\x85\xc8\xaf\x82\x12\xdf\x17\xaeN\x1e'
11E8E149-CC7F-85C8-AF82-12DF17AE4E1E,2018-ncaa-d1-conf-CUSA,ncaa,1,1,1,1,3,1,1,1,5,1,1,5,9,8,8,12,1,1,3,1,9,1,1,7,5,1,11,12,4,1,1,7,14,1,3,3,14,1,1,2,1,1,2,2,,,8,6,,,1,3,9,7,1,1,1,1,1,11,10,1,2,2,1,3,1,10,2,6,1,1,2,,4,,,1,6,9,10,2,10,10,3,5,9,3,8,6,7,9,7,6,11,14,1,2,1,6,6,6,14,14,7,1,12,3,9,6,1,2,2,1,1,11,2,,,1,5,,,1,13,1,1,1,3,5,7,7,9,4,5,4,4,4,6,10,13,3,8,6,1,1,6,,1,,,b'\x11\xe8\xe1I\xcc\x7f\x85\xc8\xaf\x82\x12\xdf\x17\xaeN\x1e'
11E8E149-CC7F-85C8-AF82-12DF17AE4E1E,2018-ncaa-d1-natl,ncaa,45,47,53,48,78,39,44,35,75,27,22,127,170,225,64,299,15,33,16,33,172,35,66,106,75,36,249,273,68,14,7,267,332,95,133,162,328,5,4,40,35,34,75,75,,,232,183,,,38,129,277,236,34,42,49,29,20,194,267,13,44,43,36,120,13,332,150,212,5,39,89,,172,,,37,230,208,206,185,208,184,213,194,214,152,207,216,174,330,180,167,209,262,183,217,132,189,184,208,321,332,90,7,212,133,254,250,59,67,114,4,5,176,54,,,24,53,,,38,221,12,198,29,131,141,95,138,92,158,160,181,132,136,80,152,299,42,135,188,71,5,155,,51,,,b'\x11\xe8\xe1I\xcc\x7f\x85\xc8\xaf\x82\x12\xdf\x17\xaeN\x1e'
11E8E149-CC7F-85C8-AF82-12DF17AE4E1E,2018-ncaa-d1-ncaatournament,ncaa,33,2,33,33,34,51,52,46,55,55,49,59,35,44,26,24,49,42,54,41,27,42,58,53,53,47,11,10,36,55,56,51,52,54,57,52,51,2,2,14,39,21,35,17,,,13,44,,,53,56,52,7,50,51,30,54,41,18,23,46,35,32,29,57,52,46,51,52,2,20,19,,38,,,53,15,9,9,33,3,3,30,31,26,50,54,26,21,54,19,54,8,9,42,51,49,59,53,54,21,52,23,56,26,57,22,59,48,34,47,1,4,13,35,,,46,32,,,53,6,50,57,54,45,25,17,7,3,54,51,53,48,46,21,18,48,55,58,51,34,1,28,,38,,,b'\x11\xe8\xe1I\xcc\x7f\x85\xc8\xaf\x82\x12\xdf\x17\xaeN\x1e'
11E8E149-CC7F-85C8-AF82-12DF17AE4E1E,2019-ncaa-d0-natl,ncaa,125,152,47,143,72,46,64,108,32,54,94,49,111,166,48,232,17,18,146,18,34,72,93,44,40,33,173,221,59,163,173,274,292,229,262,143,305,87,62,111,44,51,250,265,,,278,255,,,160,81,227,233,61,80,221,78,160,143,222,23,29,26,149,232,229,343,337,197,51,65,282,,220,,,162,338,334,230,346,324,187,348,305,260,318,234,294,271,303,264,252,251,268,347,351,340,182,205,171,246,292,195,173,222,262,302,137,84,120,206,69,59,235,184,,,59,68,,,160,264,37,342,170,300,291,87,280,69,273,193,246,216,205,92,115,155,87,92,245,135,50,184,,105,,,b'\x11\xe8\xe1I\xcc\x7f\x85\xc8\xaf\x82\x12\xdf\x17\xaeN\x1e'
11E8E149-CC7F-85C8-AF82-12DF17AE4E1E,2019-ncaa-d1-conf-C-USA,ncaa,4,3,3,4,4,1,2,8,2,1,5,3,6,9,3,9,1,1,6,1,2,4,7,3,3,3,9,11,3,11,10,14,11,13,12,8,13,2,2,3,1,1,6,7,,,11,10,,,5,3,7,5,1,1,9,1,6,8,10,1,1,1,6,9,12,14,14,8,3,1,7,,9,,,5,12,9,4,12,11,5,14,7,6,9,7,12,11,14,11,10,5,11,12,14,10,6,6,10,7,11,5,10,6,12,7,7,1,1,4,1,1,7,6,,,6,4,,,5,11,3,9,5,9,8,4,10,4,6,5,12,8,8,4,8,8,5,5,6,1,2,4,,5,,,b'\x11\xe8\xe1I\xcc\x7f\x85\xc8\xaf\x82\x12\xdf\x17\xaeN\x1e'
11E8E149-CC7F-85C8-AF82-12DF17AE4E1E,2019-ncaa-d1-conf-CUSA,ncaa,4,3,3,4,4,1,2,8,2,1,5,3,6,9,3,9,1,1,6,1,2,4,7,3,3,3,9,11,3,11,10,14,11,13,12,8,13,2,2,3,1,1,6,7,,,11,10,,,5,3,7,5,1,1,9,1,6,8,10,1,1,1,6,9,12,14,14,8,3,1,7,,9,,,5,12,9,4,12,11,5,14,7,6,9,7,12,11,14,11,10,5,11,12,14,10,6,6,10,7,11,5,10,6,12,7,7,1,1,4,1,1,7,6,,,6,4,,,5,11,3,9,5,9,8,4,10,4,6,5,12,8,8,4,8,8,5,5,6,1,2,4,,5,,,b'\x11\xe8\xe1I\xcc\x7f\x85\xc8\xaf\x82\x12\xdf\x17\xaeN\x1e'
11E8E149-CC7F-85C8-AF82-12DF17AE4E1E,2019-ncaa-d1-natl,ncaa,106,152,21,136,32,31,43,75,27,39,73,38,107,143,58,230,5,7,135,6,24,50,55,42,32,31,173,230,49,150,175,253,302,216,262,128,317,138,66,122,37,47,220,246,,,303,247,,,154,46,226,237,56,82,232,76,171,152,220,16,18,17,162,237,238,347,339,211,57,56,261,,214,,,161,344,342,275,348,338,227,348,321,278,327,234,289,268,296,259,234,283,303,348,351,341,175,209,138,263,302,224,175,256,262,324,158,67,97,210,104,59,240,183,,,32,53,,,154,302,30,345,167,302,297,85,285,73,279,185,226,192,179,86,110,148,78,82,261,126,52,184,,90,,,b'\x11\xe8\xe1I\xcc\x7f\x85\xc8\xaf\x82\x12\xdf\x17\xaeN\x1e'
11E8E149-CC7F-85C8-AF82-12DF17AE4E1E,2020-ncaa-d0-natl,ncaa,39,30,191,36,197,53,56,117,51,56,121,40,158,155,152,196,55,33,235,36,82,85,131,66,67,48,223,226,123,23,10,292,235,161,72,254,346,79,52,174,30,24,269,268,,,102,109,,,59,199,178,35,26,30,57,31,90,153,152,41,27,28,33,66,21,302,124,257,91,24,272,,129,,,54,190,234,100,324,223,103,319,223,148,305,217,59,78,90,78,123,87,150,326,312,229,127,219,45,147,235,32,10,47,72,180,128,48,36,76,2,3,132,101,,,53,73,,,59,151,25,221,55,226,268,117,238,113,233,172,80,88,91,88,192,163,43,54,202,43,5,140,,40,,,b'\x11\xe8\xe1I\xcc\x7f\x85\xc8\xaf\x82\x12\xdf\x17\xaeN\x1e'
11E8E149-CC7F-85C8-AF82-12DF17AE4E1E,2020-ncaa-d1-conf-C-USA,ncaa,2,2,9,2,11,4,2,6,3,3,6,2,8,6,12,7,6,2,9,3,7,5,7,3,4,3,10,8,8,1,1,14,9,10,4,10,12,2,2,4,1,1,13,12,,,2,2,,,4,11,7,5,3,1,3,1,6,7,6,4,2,3,3,4,1,13,6,6,3,1,13,,3,,,4,6,6,1,14,6,2,13,10,9,13,12,2,1,11,1,3,1,4,13,13,11,10,12,1,2,9,2,1,2,4,7,5,3,1,1,1,1,11,9,,,6,6,,,4,4,1,9,4,7,9,2,8,2,11,9,2,1,1,2,7,5,3,4,8,2,1,11,,5,,,b'\x11\xe8\xe1I\xcc\x7f\x85\xc8\xaf\x82\x12\xdf\x17\xaeN\x1e'
11E8E149-CC7F-85C8-AF82-12DF17AE4E1E,2020-ncaa-d1-conf-CUSA,ncaa,2,2,9,2,11,4,2,6,3,3,6,2,8,6,12,7,6,2,9,3,7,5,7,3,4,3,10,8,8,1,1,14,9,10,4,10,12,2,2,4,1,1,13,12,,,2,2,,,4,11,7,5,3,1,3,1,6,7,6,4,2,3,3,4,1,13,6,6,3,1,13,,3,,,4,6,6,1,14,6,2,13,10,9,13,12,2,1,11,1,3,1,4,13,13,11,10,12,1,2,9,2,1,2,4,7,5,3,1,1,1,1,11,9,,,6,6,,,4,4,1,9,4,7,9,2,8,2,11,9,2,1,1,2,7,5,3,4,8,2,1,11,,5,,,b'\x11\xe8\xe1I\xcc\x7f\x85\xc8\xaf\x82\x12\xdf\x17\xaeN\x1e'
11E8E149-CC7F-85C8-AF82-12DF17AE4E1E,2020-ncaa-d1-natl,ncaa,47,30,257,37,259,67,71,151,55,68,150,40,166,170,158,194,70,41,237,43,79,115,171,70,73,52,223,224,121,33,10,317,245,210,76,282,348,54,54,181,45,28,278,270,,,82,113,,,72,257,181,36,30,33,64,35,94,157,156,41,25,26,41,73,22,307,134,267,92,31,272,,130,,,65,158,218,66,326,205,75,321,213,132,307,214,55,69,93,70,124,52,92,329,320,241,124,216,48,128,245,19,10,33,76,171,129,68,38,85,1,2,121,107,,,73,71,,,72,94,28,247,64,234,274,116,248,120,235,174,81,91,94,92,192,171,43,57,207,45,5,147,,37,,,b'\x11\xe8\xe1I\xcc\x7f\x85\xc8\xaf\x82\x12\xdf\x17\xaeN\x1e'
11E8E149-CC7F-85C8-AF82-12DF17AE4E1E,2021-ncaa-d0-natl,ncaa,225,296,136,263,138,150,147,129,221,117,99,202,182,154,261,216,141,93,300,100,134,122,102,238,246,263,228,235,144,36,41,151,321,94,193,103,81,306,267,210,80,118,229,260,,,205,106,,,248,130,138,12,179,170,118,133,119,229,193,153,80,90,105,42,32,200,72,118,305,88,255,,187,,,232,233,253,257,181,240,202,278,261,304,58,308,145,172,42,169,142,241,245,184,149,143,155,229,63,331,321,196,41,271,193,296,294,88,141,232,241,165,306,253,,,89,121,,,248,212,227,219,236,242,259,290,243,155,263,321,95,136,134,279,313,334,160,293,304,97,211,295,,66,,,b'\x11\xe8\xe1I\xcc\x7f\x85\xc8\xaf\x82\x12\xdf\x17\xaeN\x1e'
11E8E149-CC7F-85C8-AF82-12DF17AE4E1E,2021-ncaa-d1-conf-C-USA,ncaa,11,11,7,11,7,8,8,6,11,8,4,13,9,8,7,9,7,8,9,8,11,6,6,12,13,13,9,9,6,2,1,11,13,5,8,5,2,11,10,8,1,2,9,8,,,4,3,,,11,6,7,3,10,10,5,7,5,10,9,6,4,4,5,3,1,9,4,3,11,1,9,,5,,,11,8,9,8,9,7,6,13,12,13,5,14,3,3,3,3,5,8,9,9,9,6,10,12,2,12,13,6,1,10,8,12,14,6,5,8,11,10,13,11,,,6,4,,,11,9,11,9,11,7,9,10,9,5,13,14,3,3,3,9,11,13,6,11,12,3,11,14,,2,,,b'\x11\xe8\xe1I\xcc\x7f\x85\xc8\xaf\x82\x12\xdf\x17\xaeN\x1e'
11E8E149-CC7F-85C8-AF82-12DF17AE4E1E,2021-ncaa-d1-conf-CUSA,ncaa,11,11,7,11,7,8,8,6,11,8,4,13,9,8,7,9,7,8,9,8,11,6,6,12,13,13,9,9,6,2,1,11,13,5,8,5,2,11,10,8,1,2,9,8,,,4,3,,,11,6,7,3,10,10,5,7,5,10,9,6,4,4,5,3,1,9,4,3,11,1,9,,5,,,11,8,9,8,9,7,6,13,12,13,5,14,3,3,3,3,5,8,9,9,9,6,10,12,2,12,13,6,1,10,8,12,14,6,5,8,11,10,13,11,,,6,4,,,11,9,11,9,11,7,9,10,9,5,13,14,3,3,3,9,11,13,6,11,12,3,11,14,,2,,,b'\x11\xe8\xe1I\xcc\x7f\x85\xc8\xaf\x82\x12\xdf\x17\xaeN\x1e'
11E8E149-CC7F-85C8-AF82-12DF17AE4E1E,2021-ncaa-d1-natl,ncaa,230,294,152,271,153,165,160,143,229,129,113,211,185,163,262,215,153,107,301,114,133,139,120,243,250,265,225,233,135,43,46,168,324,111,198,115,83,302,273,217,91,124,236,263,,,194,107,,,256,143,144,11,187,173,125,142,120,229,197,152,80,91,110,46,36,207,77,122,304,94,255,,189,,,243,218,244,243,187,233,191,285,253,297,62,306,139,161,44,158,143,225,232,198,158,154,149,229,65,328,324,182,46,254,198,293,295,101,147,243,230,170,303,260,,,105,118,,,256,199,236,231,248,250,266,293,248,159,265,320,99,138,133,283,312,335,162,298,305,102,213,299,,70,,,b'\x11\xe8\xe1I\xcc\x7f\x85\xc8\xaf\x82\x12\xdf\x17\xaeN\x1e'
11E8E149-CC7F-85C8-AF82-12DF17AE4E1E,2022-ncaa-d0-natl,ncaa,123,106,163,120,164,109,143,154,112,190,261,61,59,53,142,62,76,49,299,51,7,133,105,84,86,138,47,84,100,78,60,218,335,161,209,144,170,315,270,230,57,69,239,250,,,294,252,,,181,117,75,9,72,110,140,199,285,52,46,62,29,33,83,37,60,256,132,137,314,41,248,,311,,,181,276,252,218,236,250,181,284,214,266,100,239,297,298,158,294,280,241,259,227,246,208,199,159,252,337,335,147,60,240,209,261,201,62,97,141,324,287,74,130,,,83,109,,,181,236,120,254,185,294,270,252,258,184,223,281,295,304,300,279,325,338,139,260,264,47,322,65,,48,,,b'\x11\xe8\xe1I\xcc\x7f\x85\xc8\xaf\x82\x12\xdf\x17\xaeN\x1e'
11E8E149-CC7F-85C8-AF82-12DF17AE4E1E,2022-ncaa-d1-conf-C-USA,ncaa,5,4,7,5,8,4,5,7,5,8,11,2,2,3,4,3,7,2,12,3,1,6,5,2,4,4,3,3,9,4,3,8,13,6,10,4,5,12,9,9,2,3,9,9,,,7,5,,,6,4,1,3,2,4,4,7,11,2,3,6,2,2,1,2,4,7,5,3,12,1,9,,9,,,6,13,12,10,11,10,7,12,13,13,11,11,6,7,5,6,8,10,11,11,12,12,10,12,3,12,13,4,3,8,10,8,5,5,7,9,14,14,4,7,,,9,10,,,6,11,3,12,8,14,13,12,11,9,14,14,6,9,9,12,14,13,4,11,10,3,14,5,,6,,,b'\x11\xe8\xe1I\xcc\x7f\x85\xc8\xaf\x82\x12\xdf\x17\xaeN\x1e'
11E8E149-CC7F-85C8-AF82-12DF17AE4E1E,2022-ncaa-d1-conf-CUSA,ncaa,5,4,7,5,8,4,5,7,5,8,11,2,2,3,4,3,7,2,12,3,1,6,5,2,4,4,3,3,9,4,3,8,13,6,10,4,5,12,9,9,2,3,9,9,,,7,5,,,6,4,1,3,2,4,4,7,11,2,3,6,2,2,1,2,4,7,5,3,12,1,9,,9,,,6,13,12,10,11,10,7,12,13,13,11,11,6,7,5,6,8,10,11,11,12,12,10,12,3,12,13,4,3,8,10,8,5,5,7,9,14,14,4,7,,,9,10,,,6,11,3,12,8,14,13,12,11,9,14,14,6,9,9,12,14,13,4,11,10,3,14,5,,6,,,b'\x11\xe8\xe1I\xcc\x7f\x85\xc8\xaf\x82\x12\xdf\x17\xaeN\x1e'
11E8E149-CC7F-85C8-AF82-12DF17AE4E1E,2022-ncaa-d1-natl,ncaa,120,106,146,122,148,104,132,150,110,196,268,56,63,57,146,60,69,37,315,36,5,123,90,81,89,147,42,81,99,70,64,225,335,159,218,123,142,322,282,224,43,47,237,251,,,305,247,,,180,105,65,8,67,107,137,201,280,50,41,56,20,25,79,30,65,258,138,113,320,31,237,,310,,,180,285,267,222,248,255,186,295,214,264,103,226,295,302,138,299,276,254,280,241,252,203,179,145,250,340,335,150,64,258,218,275,215,51,77,130,333,303,62,113,,,73,107,,,180,247,126,247,187,306,282,250,269,189,214,269,295,301,302,282,332,336,149,265,281,34,330,51,,44,,,b'\x11\xe8\xe1I\xcc\x7f\x85\xc8\xaf\x82\x12\xdf\x17\xaeN\x1e'
11E8E149-CC7F-85C8-AF82-12DF17AE4E1E,2023-ncaa-d0-natl,ncaa,102,139,46,126,76,65,91,46,223,207,263,106,11,4,203,9,63,44,252,48,10,43,47,148,151,127,8,15,156,45,135,282,290,162,286,127,216,215,89,148,6,6,277,279,,,338,315,,,159,53,75,291,76,139,62,295,336,15,3,95,69,74,52,75,65,358,290,173,129,5,310,,314,,,159,336,316,189,350,309,126,358,278,268,234,256,339,321,338,320,332,235,308,355,358,292,264,169,296,225,290,347,135,328,286,300,205,11,14,46,255,149,228,289,,,21,50,,,159,310,96,266,159,282,239,43,216,28,226,196,310,282,279,63,234,153,282,255,237,11,181,184,,33,,,b'\x11\xe8\xe1I\xcc\x7f\x85\xc8\xaf\x82\x12\xdf\x17\xaeN\x1e'
11E8E149-CC7F-85C8-AF82-12DF17AE4E1E,2023-ncaa-d1-conf-C-USA,ncaa,2,2,1,2,3,2,2,1,9,9,9,6,1,1,3,1,3,1,10,1,1,1,1,4,6,3,1,1,10,2,6,11,11,8,11,4,5,5,2,3,1,1,7,7,,,9,7,,,4,1,3,8,2,3,1,11,9,1,1,9,3,3,1,2,3,11,11,5,2,1,8,,8,,,4,11,10,7,11,9,4,11,9,8,8,7,11,9,11,7,9,8,11,11,11,8,7,6,9,8,11,11,6,11,11,11,9,1,1,1,3,3,8,10,,,2,5,,,4,11,2,7,4,8,8,3,7,3,7,6,9,7,7,3,8,4,11,11,11,1,3,8,,3,,,b'\x11\xe8\xe1I\xcc\x7f\x85\xc8\xaf\x82\x12\xdf\x17\xaeN\x1e'
11E8E149-CC7F-85C8-AF82-12DF17AE4E1E,2023-ncaa-d1-conf-CUSA,ncaa,2,2,1,2,3,2,2,1,9,9,9,6,1,1,3,1,3,1,10,1,1,1,1,4,6,3,1,1,10,2,6,11,11,8,11,4,5,5,2,3,1,1,7,7,,,9,7,,,4,1,3,8,2,3,1,11,9,1,1,9,3,3,1,2,3,11,11,5,2,1,8,,8,,,4,11,10,7,11,9,4,11,9,8,8,7,11,9,11,7,9,8,11,11,11,8,7,6,9,8,11,11,6,11,11,11,9,1,1,1,3,3,8,10,,,2,5,,,4,11,2,7,4,8,8,3,7,3,7,6,9,7,7,3,8,4,11,11,11,1,3,8,,3,,,b'\x11\xe8\xe1I\xcc\x7f\x85\xc8\xaf\x82\x12\xdf\x17\xaeN\x1e'
11E8E149-CC7F-85C8-AF82-12DF17AE4E1E,2023-ncaa-d1-natl,ncaa,114,138,56,134,92,72,110,57,232,244,293,115,14,4,206,9,78,53,255,59,10,54,60,156,156,132,9,15,153,56,146,320,308,206,300,147,224,188,95,151,8,7,297,290,,,335,318,,,176,67,82,291,82,153,64,307,337,15,4,98,71,79,58,82,72,359,301,185,129,7,315,,316,,,176,328,308,150,352,290,90,358,263,249,250,253,336,313,341,312,335,198,295,356,359,304,263,168,298,209,308,337,146,313,300,291,208,12,16,55,234,150,220,297,,,25,45,,,176,295,108,293,179,297,254,44,233,32,229,197,316,284,281,66,229,159,287,259,250,13,185,192,,32,,,b'\x11\xe8\xe1I\xcc\x7f\x85\xc8\xaf\x82\x12\xdf\x17\xaeN\x1e'
11E8E149-CC7F-85C8-AF82-12DF17AE4E1E,2024-ncaa-d0-natl,ncaa,189,209,143,204,169,180,181,152,252,228,236,191,111,69,223,67,212,204,248,204,146,156,168,213,220,191,89,79,222,218,277,282,333,272,335,196,196,119,132,168,26,17,125,58,,,239,221,,,189,154,173,204,196,201,150,263,256,111,66,228,214,215,163,195,230,329,325,208,119,21,134,,229,,,189,180,102,107,175,43,28,244,296,305,179,345,286,275,232,275,340,126,211,234,256,127,349,321,302,285,333,291,277,303,335,224,314,26,21,75,163,171,108,157,,,180,191,,,189,189,204,166,198,171,77,54,29,7,300,320,275,267,268,81,228,284,293,301,213,24,160,103,,192,,,b'\x11\xe8\xe1I\xcc\x7f\x85\xc8\xaf\x82\x12\xdf\x17\xaeN\x1e'
11E8E149-CC7F-85C8-AF82-12DF17AE4E1E,2024-ncaa-d1-conf-CUSA,ncaa,8,6,6,8,7,8,6,3,7,7,7,6,4,4,7,3,9,9,9,9,9,6,7,6,8,6,7,4,9,5,6,9,9,9,9,4,3,2,3,3,1,1,3,2,,,3,4,,,5,8,5,4,7,5,1,6,5,3,3,9,8,8,3,3,4,8,7,4,3,1,3,,4,,,5,3,2,1,5,1,1,8,8,8,6,8,7,7,4,6,9,1,2,7,6,3,8,8,8,6,9,7,6,8,9,7,8,1,1,2,2,3,3,3,,,9,8,,,5,1,6,5,5,5,2,2,2,1,8,8,8,8,7,1,7,7,7,8,7,1,3,4,,8,,,b'\x11\xe8\xe1I\xcc\x7f\x85\xc8\xaf\x82\x12\xdf\x17\xaeN\x1e'
11E8E149-CC7F-85C8-AF82-12DF17AE4E1E,2024-ncaa-d1-natl,ncaa,190,211,130,207,152,174,180,144,249,223,228,189,112,65,232,68,212,199,246,203,152,146,163,212,221,194,98,87,219,205,267,283,334,270,337,183,191,127,126,165,22,17,140,79,,,252,231,,,183,151,167,203,190,199,139,244,250,116,66,226,211,212,150,183,218,329,317,198,125,22,146,,241,,,182,175,92,104,159,45,20,245,292,312,140,345,289,281,198,283,342,135,233,214,246,112,351,319,303,303,334,298,267,315,337,224,309,29,22,75,173,179,115,158,,,188,198,,,183,198,206,148,191,164,78,64,30,7,296,320,276,277,277,87,236,296,293,306,208,27,166,116,,199,,,b'\x11\xe8\xe1I\xcc\x7f\x85\xc8\xaf\x82\x12\xdf\x17\xaeN\x1e'
11E8E149-CC7F-85C8-AF82-12DF17AE4E1E,2025-ncaa-d0-natl,genius_ncaa,84,53,194,64,216,113,109,158,66,150,248,45,64,70,92,59,240,267,100,264,211,174,213,47,55,57,113,68,311,237,220,308,304,302,293,69,51,43,66,41,33,18,259,207,,,147,166,,51,78,204,175,192,74,63,110,124,237,40,46,241,266,264,131,211,235,335,318,41,63,21,257,,167,,59,77,118,103,73,243,109,45,298,138,175,105,256,229,236,157,228,309,76,165,243,258,123,231,172,282,185,304,139,220,156,293,85,128,50,26,31,67,95,31,57,,,243,235,,313,78,162,67,132,73,149,118,51,123,40,155,195,255,262,256,74,199,212,161,184,103,26,90,38,,242,,309,b'\x11\xe8\xe1I\xcc\x7f\x85\xc8\xaf\x82\x12\xdf\x17\xaeN\x1e'
11E8E149-CC7F-85C8-AF82-12DF17AE4E1E,2025-ncaa-d1-conf-CUSA,genius_ncaa,3,3,3,3,4,2,2,2,2,2,7,2,2,3,2,3,8,8,3,8,8,3,5,2,2,1,4,3,9,5,6,6,8,7,7,1,1,3,1,1,2,2,5,3,,,2,2,,1,3,5,6,5,1,1,1,1,5,2,2,8,8,8,2,6,6,7,9,1,2,2,5,,2,,2,3,5,5,4,5,3,1,7,8,8,6,8,7,6,7,6,8,5,6,7,8,3,9,8,5,6,8,6,6,6,7,5,6,2,2,4,2,1,4,4,,,9,8,,10,3,7,2,5,3,5,4,4,3,1,8,8,6,6,6,4,7,6,5,5,5,2,1,4,,8,,10,b'\x11\xe8\xe1I\xcc\x7f\x85\xc8\xaf\x82\x12\xdf\x17\xaeN\x1e'
11E8E149-CC7F-85C8-AF82-12DF17AE4E1E,2025-ncaa-d1-natl,genius_ncaa,65,53,113,62,136,81,75,117,56,110,212,37,45,55,71,67,205,232,100,227,193,129,156,36,42,49,113,71,302,221,227,290,295,272,288,47,52,82,72,39,25,18,241,202,,,171,136,,59,69,136,152,212,58,56,103,106,232,40,53,224,257,255,133,197,236,331,317,33,77,20,252,,151,,52,70,170,156,110,246,145,68,304,189,225,126,276,230,249,119,243,300,128,230,250,257,118,227,191,248,210,295,180,227,193,288,131,130,34,24,33,101,107,22,37,,,197,228,,307,69,230,64,119,69,145,125,58,121,38,173,206,217,233,231,75,217,210,153,171,108,22,98,22,,224,,314,b'\x11\xe8\xe1I\xcc\x7f\x85\xc8\xaf\x82\x12\xdf\x17\xaeN\x1e'
11E8E149-CC7F-85C8-AF82-12DF17AE4E1E,2026-ncaa-d0-natl,genius_ncaa,260,250,206,273,208,302,272,288,227,243,265,182,303,277,327,189,315,311,243,315,298,298,258,257,275,319,310,261,256,289,270,225,299,254,270,257,171,291,347,313,252,256,27,6,,,20,7,,73,309,253,286,33,329,299,331,243,269,318,266,328,317,326,347,289,295,167,251,268,333,237,13,,11,,95,304,159,176,182,164,82,99,142,336,306,300,352,23,18,191,18,36,150,133,228,197,227,336,361,14,285,299,104,270,170,270,304,356,255,260,328,334,356,76,131,,,289,278,,355,309,107,326,271,310,233,253,320,104,106,360,355,33,22,24,264,228,328,140,249,345,249,346,93,,301,,355,b'\x11\xe8\xe1I\xcc\x7f\x85\xc8\xaf\x82\x12\xdf\x17\xaeN\x1e'
11E8E149-CC7F-85C8-AF82-12DF17AE4E1E,2026-ncaa-d1-natl,genius_ncaa,256,249,177,275,181,310,283,298,222,262,289,190,284,267,296,169,310,294,286,299,235,300,260,237,251,318,244,205,230,298,262,193,319,242,270,260,152,325,355,322,244,258,26,9,,,15,6,,55,293,242,265,31,329,302,346,264,294,279,254,312,294,302,349,271,294,139,235,260,343,239,14,,13,,65,296,161,187,222,109,88,122,110,337,324,262,352,11,11,117,12,20,185,164,178,123,156,308,359,9,329,319,113,262,207,270,307,355,225,235,309,349,357,65,125,,,267,235,,360,293,113,327,224,299,206,252,329,102,135,355,355,15,17,17,276,259,348,126,271,337,200,351,74,,262,,359,b'\x11\xe8\xe1I\xcc\x7f\x85\xc8\xaf\x82\x12\xdf\x17\xaeN\x1e'
11E8E149-CC84-2344-AF82-12DF17AE4E1E,2010-ncaa-d0-natl,ncaa,274,290,178,282,192,262,285,235,313,294,239,312,191,159,238,131,156,198,72,193,105,230,192,300,284,286,69,120,49,184,189,307,256,271,266,279,223,255,274,299,68,38,271,271,,,251,302,,,302,196,163,111,274,304,234,304,237,173,140,139,181,175,228,175,167,325,293,294,270,47,267,,283,,,298,224,216,92,331,209,120,297,171,65,340,84,239,245,161,247,269,104,142,332,334,298,181,155,220,97,256,170,189,148,266,218,207,110,71,164,174,197,305,325,,,187,157,,,302,156,281,282,299,266,246,71,239,142,198,59,260,260,265,108,173,126,224,188,244,88,199,314,,162,,,b'\x11\xe8\xe1I\xcc\x84#D\xaf\x82\x12\xdf\x17\xaeN\x1e'
11E8E149-CC84-2344-AF82-12DF17AE4E1E,2010-ncaa-d1-conf-MAC,ncaa,9,9,9,9,11,12,12,12,12,12,11,12,11,11,12,8,10,11,9,11,9,12,12,12,12,12,9,8,6,11,11,12,8,12,10,12,11,7,12,12,5,1,10,10,,,7,11,,,12,12,11,8,12,12,12,12,10,11,11,9,10,10,12,12,11,12,12,12,10,4,10,,10,,,12,2,2,1,9,1,1,9,6,1,12,4,7,5,8,6,11,1,1,9,10,8,10,8,8,2,8,6,11,5,10,4,11,9,3,6,4,7,7,10,,,11,10,,,12,1,12,8,12,5,3,1,4,2,8,1,8,9,9,1,1,3,10,7,6,6,5,9,,11,,,b'\x11\xe8\xe1I\xcc\x84#D\xaf\x82\x12\xdf\x17\xaeN\x1e'
11E8E149-CC84-2344-AF82-12DF17AE4E1E,2010-ncaa-d1-natl,ncaa,281,289,191,287,207,278,300,251,314,309,257,315,197,164,240,132,162,205,73,198,103,247,215,302,286,287,66,120,49,196,197,323,260,290,273,296,227,245,274,308,75,39,277,271,,,238,302,,,310,220,165,106,282,308,235,308,243,173,143,140,180,173,233,175,169,326,296,300,269,48,268,,284,,,308,216,204,63,332,201,107,298,165,50,341,83,225,234,164,238,269,84,123,333,334,305,180,151,216,84,260,157,197,124,273,214,206,125,74,170,161,200,302,325,,,200,157,,,310,129,288,291,307,274,251,75,243,145,199,59,262,262,267,108,173,126,226,192,248,89,202,315,,160,,,b'\x11\xe8\xe1I\xcc\x84#D\xaf\x82\x12\xdf\x17\xaeN\x1e'
11E8E149-CC84-2344-AF82-12DF17AE4E1E,2011-ncaa-d0-natl,ncaa,262,279,170,270,177,227,240,204,253,217,168,271,219,227,179,213,137,166,109,161,162,193,168,259,232,248,151,192,83,164,170,272,256,244,250,229,173,259,264,260,135,119,171,142,,,319,340,,,251,173,172,35,231,250,191,223,157,210,220,117,149,144,189,128,152,281,250,223,271,110,170,,334,,,247,194,116,65,237,95,59,222,191,149,284,184,311,308,206,307,326,111,148,258,294,232,303,189,309,158,256,162,170,166,250,124,184,110,79,105,222,230,129,130,,,136,112,,,251,154,244,240,258,224,139,71,115,59,212,154,308,311,308,133,191,180,205,196,153,90,239,140,,95,,,b'\x11\xe8\xe1I\xcc\x84#D\xaf\x82\x12\xdf\x17\xaeN\x1e'
11E8E149-CC84-2344-AF82-12DF17AE4E1E,2011-ncaa-d1-conf-MAC,ncaa,9,9,8,9,9,9,9,7,9,8,6,10,10,10,8,9,8,10,6,10,10,8,10,9,10,9,9,9,8,5,7,11,10,11,10,7,5,8,8,8,6,4,7,6,,,9,11,,,10,8,5,2,8,8,5,7,6,8,8,6,10,9,5,6,4,10,10,7,10,4,7,,11,,,10,7,5,2,11,4,3,7,7,4,12,5,8,8,9,8,10,3,3,11,11,10,10,8,9,3,10,7,7,7,10,7,7,5,4,5,10,10,4,3,,,11,10,,,10,3,10,10,11,8,8,4,5,5,10,5,10,10,10,6,8,5,10,9,8,5,10,4,,8,,,b'\x11\xe8\xe1I\xcc\x84#D\xaf\x82\x12\xdf\x17\xaeN\x1e'
11E8E149-CC84-2344-AF82-12DF17AE4E1E,2011-ncaa-d1-natl,ncaa,268,277,199,274,210,249,255,230,259,238,185,277,227,234,179,210,149,179,110,173,165,218,199,261,236,248,148,189,77,180,175,289,260,260,253,236,175,249,266,265,146,126,179,145,,,315,340,,,258,208,174,32,235,251,196,230,163,210,216,119,148,142,193,133,153,284,253,231,272,121,173,,334,,,258,176,101,48,243,83,45,227,183,133,289,183,309,301,208,299,326,82,113,261,296,237,302,189,312,141,260,141,175,139,253,109,179,126,85,109,210,233,118,137,,,154,110,,,258,119,245,246,265,228,143,73,121,60,214,154,312,314,312,138,188,181,207,197,158,95,243,146,,95,,,b'\x11\xe8\xe1I\xcc\x84#D\xaf\x82\x12\xdf\x17\xaeN\x1e'
11E8E149-CC84-2344-AF82-12DF17AE4E1E,2012-ncaa-d0-natl,ncaa,279,288,163,287,177,183,215,208,211,223,238,197,141,132,191,114,95,107,115,107,46,191,116,192,159,249,69,126,57,243,258,180,70,212,185,239,228,335,320,304,82,84,200,201,,,305,307,,,294,84,15,99,160,208,193,234,239,129,120,66,82,79,171,53,238,159,213,239,334,64,205,,324,,,293,304,259,165,311,216,112,310,297,239,316,227,321,314,278,314,325,202,227,320,329,315,295,231,283,54,70,200,258,125,185,290,257,93,101,196,320,303,123,168,,,166,224,,,294,262,279,267,287,320,289,194,261,135,306,251,326,316,316,255,293,54,240,155,294,67,319,138,,143,,,b'\x11\xe8\xe1I\xcc\x84#D\xaf\x82\x12\xdf\x17\xaeN\x1e'
11E8E149-CC84-2344-AF82-12DF17AE4E1E,2012-ncaa-d1-conf-MAC,ncaa,9,9,7,9,8,8,9,8,9,9,8,7,8,7,10,6,6,5,5,5,3,9,4,8,8,10,5,9,3,9,8,7,4,9,7,11,9,12,11,12,5,5,9,8,,,11,12,,,11,3,1,3,7,8,6,8,8,8,6,5,4,4,7,4,8,5,8,10,12,5,9,,12,,,11,10,9,6,12,9,6,12,8,6,9,4,10,10,8,10,12,7,10,11,12,11,8,3,12,2,4,5,8,5,7,7,5,5,5,7,11,11,5,6,,,9,8,,,11,10,11,9,10,11,10,7,10,8,8,8,12,11,11,9,10,4,6,6,8,5,11,6,,6,,,b'\x11\xe8\xe1I\xcc\x84#D\xaf\x82\x12\xdf\x17\xaeN\x1e'
11E8E149-CC84-2344-AF82-12DF17AE4E1E,2012-ncaa-d1-natl,ncaa,286,288,196,289,217,203,235,233,219,253,263,207,149,137,191,113,104,118,113,116,42,215,138,199,169,252,68,121,53,259,261,210,76,242,191,254,231,332,320,308,91,91,214,205,,,301,309,,,297,99,17,90,166,219,201,243,242,128,120,66,84,79,175,59,240,165,218,245,335,68,208,,325,,,298,298,246,134,313,208,89,314,289,225,320,226,320,309,279,308,323,172,203,325,332,319,296,230,283,40,76,181,261,102,191,284,258,106,107,212,317,305,118,176,,,183,221,,,297,243,283,269,293,321,290,194,262,135,307,250,327,316,315,256,294,58,244,160,296,71,322,141,,144,,,b'\x11\xe8\xe1I\xcc\x84#D\xaf\x82\x12\xdf\x17\xaeN\x1e'
11E8E149-CC84-2344-AF82-12DF17AE4E1E,2013-ncaa-d0-natl,ncaa,235,265,120,258,127,197,169,139,205,145,129,198,220,189,263,195,261,247,231,236,288,159,160,228,250,247,251,209,260,265,304,132,59,191,236,240,283,203,180,254,226,240,227,270,,,96,83,,,273,117,144,33,239,187,148,154,135,221,197,282,264,253,175,180,276,113,214,262,194,235,233,,84,,,263,264,274,225,282,256,276,149,267,85,345,60,123,124,135,124,71,215,178,289,265,284,154,242,73,53,59,302,304,237,236,186,80,222,254,231,267,251,40,33,,,254,305,,,273,208,271,252,280,253,271,222,258,293,272,75,113,125,118,200,149,57,310,227,181,248,248,36,,286,,,b'\x11\xe8\xe1I\xcc\x84#D\xaf\x82\x12\xdf\x17\xaeN\x1e'
11E8E149-CC84-2344-AF82-12DF17AE4E1E,2013-ncaa-d1-conf-MAC,ncaa,8,8,5,8,6,8,8,7,7,6,3,7,10,9,10,10,8,8,10,6,10,6,5,8,9,9,11,10,7,9,11,5,6,8,9,9,11,9,8,10,11,10,6,10,,,3,3,,,9,5,4,12,8,8,7,6,4,10,10,10,7,6,9,7,11,7,8,10,8,10,7,,3,,,9,7,8,9,7,9,10,4,4,2,11,1,7,7,4,7,3,9,9,7,6,8,3,5,5,8,6,11,11,11,9,5,1,11,11,5,7,7,2,2,,,7,8,,,9,8,10,7,9,9,9,10,9,11,5,1,5,5,5,10,8,9,10,8,4,11,8,2,,8,,,b'\x11\xe8\xe1I\xcc\x84#D\xaf\x82\x12\xdf\x17\xaeN\x1e'
11E8E149-CC84-2344-AF82-12DF17AE4E1E,2013-ncaa-d1-natl,ncaa,248,265,136,262,146,221,184,158,208,157,143,203,226,196,265,196,269,257,230,249,286,182,184,232,257,253,250,207,258,277,307,145,60,214,241,257,283,187,183,257,239,249,236,273,,,84,84,,,279,142,147,32,245,198,157,164,138,221,196,282,261,254,183,185,280,114,222,271,194,241,235,,87,,,272,253,266,213,288,247,267,152,260,71,345,58,114,116,137,115,71,199,156,292,275,295,154,242,73,48,60,297,307,221,241,176,82,245,264,237,255,254,33,34,,,264,303,,,279,190,280,260,289,258,272,222,264,295,271,76,115,128,120,205,150,57,309,228,187,254,248,38,,285,,,b'\x11\xe8\xe1I\xcc\x84#D\xaf\x82\x12\xdf\x17\xaeN\x1e'
11E8E149-CC84-2344-AF82-12DF17AE4E1E,2014-ncaa-d0-natl,ncaa,197,224,131,219,153,167,180,222,121,159,225,60,221,158,302,157,84,92,158,91,40,193,183,149,122,141,170,230,59,278,290,98,128,170,201,180,167,184,207,193,269,295,235,262,,,131,107,,,218,151,138,169,177,209,266,163,245,223,164,76,74,70,227,226,291,75,193,198,176,275,246,,121,,,216,237,259,257,201,257,241,195,235,234,206,199,110,140,35,129,100,245,208,198,160,234,123,211,75,209,128,203,290,213,201,65,8,265,305,172,247,253,4,5,,,78,29,,,218,196,191,238,219,241,270,289,245,254,236,233,114,148,139,271,200,194,203,208,61,290,237,2,,51,,,b'\x11\xe8\xe1I\xcc\x84#D\xaf\x82\x12\xdf\x17\xaeN\x1e'
11E8E149-CC84-2344-AF82-12DF17AE4E1E,2014-ncaa-d1-conf-MAC,ncaa,7,7,4,7,5,5,6,7,4,2,6,2,10,10,10,9,3,3,6,3,5,6,6,5,5,5,8,11,4,8,10,5,8,5,9,5,5,8,7,7,10,10,8,10,,,3,2,,,8,5,5,5,5,5,8,4,7,10,10,4,2,2,7,7,9,5,7,5,8,10,7,,4,,,8,9,11,10,8,11,11,4,9,6,10,3,3,4,2,3,1,10,8,8,7,9,3,7,1,8,8,6,10,8,9,3,1,11,12,8,8,10,2,2,,,3,3,,,8,8,6,10,8,8,11,10,11,11,10,5,3,4,4,10,8,9,7,8,3,12,10,2,,3,,,b'\x11\xe8\xe1I\xcc\x84#D\xaf\x82\x12\xdf\x17\xaeN\x1e'
11E8E149-CC84-2344-AF82-12DF17AE4E1E,2014-ncaa-d1-natl,ncaa,211,223,145,224,177,187,205,249,129,178,245,61,229,164,305,156,97,99,158,96,41,220,215,155,125,150,169,234,60,289,294,110,132,198,211,202,173,167,207,198,281,297,248,265,,,115,112,,,227,177,141,166,185,213,268,166,249,225,165,75,77,73,230,229,294,78,199,204,179,277,249,,121,,,227,215,246,238,210,242,222,198,226,216,206,196,103,133,38,123,101,224,173,203,166,245,124,211,73,187,132,186,294,186,211,60,8,288,305,178,230,253,4,5,,,86,27,,,227,167,197,255,227,246,274,291,253,258,239,234,115,148,139,273,199,197,209,213,65,291,237,3,,52,,,b'\x11\xe8\xe1I\xcc\x84#D\xaf\x82\x12\xdf\x17\xaeN\x1e'
11E8E149-CC84-2344-AF82-12DF17AE4E1E,2015-ncaa-d0-natl,ncaa,116,103,113,112,171,202,171,182,160,163,188,119,191,160,242,141,273,286,162,286,288,208,220,170,187,183,234,183,287,226,234,134,125,176,184,123,90,105,152,94,190,175,114,120,,,130,156,,,128,220,288,342,241,202,229,174,222,187,163,299,306,310,265,291,253,144,210,126,105,216,123,,108,,,126,64,71,136,44,88,177,55,76,128,48,138,159,141,230,145,140,126,121,37,45,74,140,116,233,160,125,179,234,183,184,4,4,207,202,38,165,191,12,9,,,262,248,,,128,117,193,90,130,40,43,82,74,143,66,105,135,126,133,75,48,140,160,155,4,240,156,12,,304,,,b'\x11\xe8\xe1I\xcc\x84#D\xaf\x82\x12\xdf\x17\xaeN\x1e'
11E8E149-CC84-2344-AF82-12DF17AE4E1E,2015-ncaa-d1-conf-MAC,ncaa,3,4,2,5,2,5,2,4,3,2,3,2,8,8,9,9,9,8,8,9,10,5,3,4,5,6,10,9,10,6,6,2,6,5,5,1,3,9,7,4,6,6,1,3,,,7,7,,,4,3,10,11,8,4,6,4,6,8,9,11,10,10,7,7,6,3,5,3,6,6,1,,7,,,3,6,7,10,3,9,12,2,3,3,3,1,9,8,5,8,4,11,10,3,3,4,3,1,8,10,6,7,6,11,5,1,1,7,10,2,11,10,2,1,,,7,8,,,4,9,7,4,4,4,4,6,8,12,1,1,7,7,7,9,4,8,4,4,1,10,9,1,,10,,,b'\x11\xe8\xe1I\xcc\x84#D\xaf\x82\x12\xdf\x17\xaeN\x1e'
11E8E149-CC84-2344-AF82-12DF17AE4E1E,2015-ncaa-d1-natl,ncaa,92,103,55,105,91,161,124,130,131,113,152,102,167,144,233,145,251,267,142,267,287,164,163,149,163,160,239,190,291,221,244,71,113,125,176,94,94,144,154,95,156,157,98,115,,,144,126,,,104,147,284,285,234,190,241,163,226,187,167,293,306,306,272,297,266,130,209,124,107,193,113,,94,,,109,79,91,206,34,126,226,45,86,151,37,134,163,146,214,153,117,212,201,32,37,59,125,114,208,197,113,244,244,231,176,9,2,174,193,34,205,202,12,7,,,231,257,,,104,192,174,66,110,35,42,95,73,149,60,102,121,109,114,77,55,128,144,137,5,234,169,10,,310,,,b'\x11\xe8\xe1I\xcc\x84#D\xaf\x82\x12\xdf\x17\xaeN\x1e'
11E8E149-CC84-2344-AF82-12DF17AE4E1E,2016-ncaa-d0-natl,ncaa,164,156,175,164,193,149,130,182,80,110,137,127,178,229,45,239,209,194,262,187,217,179,195,97,119,126,235,196,250,231,217,101,48,146,92,98,80,128,150,82,212,202,167,196,,,169,203,,,137,182,159,113,125,95,157,93,113,178,233,216,194,187,164,187,222,56,115,68,147,201,163,,195,,,136,141,122,152,122,177,211,131,62,88,61,62,277,266,187,264,236,181,136,87,114,183,121,57,295,65,48,152,217,100,92,56,37,279,287,169,211,233,42,34,,,190,167,,,137,159,142,158,136,182,154,182,214,248,65,82,286,280,278,223,154,80,168,127,62,286,223,54,,175,,,b'\x11\xe8\xe1I\xcc\x84#D\xaf\x82\x12\xdf\x17\xaeN\x1e'
11E8E149-CC84-2344-AF82-12DF17AE4E1E,2016-ncaa-d1-conf-MAC,ncaa,8,8,5,8,5,6,5,6,3,5,5,6,7,9,1,10,10,9,10,9,9,7,6,4,5,4,10,7,10,5,4,7,3,6,4,1,3,4,6,2,5,4,8,8,,,6,6,,,5,6,11,6,6,4,7,3,4,6,10,9,9,9,7,8,7,6,7,2,3,5,8,,6,,,5,5,4,5,9,9,9,7,1,1,2,1,10,10,8,10,9,5,5,4,9,7,1,1,10,3,3,7,4,4,4,2,1,7,7,4,10,9,3,1,,,9,9,,,5,7,3,5,5,6,4,4,10,10,1,1,10,10,10,6,2,1,4,3,2,8,9,2,,9,,,b'\x11\xe8\xe1I\xcc\x84#D\xaf\x82\x12\xdf\x17\xaeN\x1e'
11E8E149-CC84-2344-AF82-12DF17AE4E1E,2016-ncaa-d1-natl,ncaa,153,156,99,158,110,131,111,137,89,99,98,140,165,222,44,246,191,169,251,159,222,136,151,102,127,130,233,194,247,208,233,70,52,115,107,81,85,156,145,81,176,189,141,172,,,199,183,,,137,128,160,130,134,109,166,102,114,183,239,217,201,188,172,200,232,67,140,76,139,196,151,,173,,,139,189,169,216,115,222,258,136,67,103,44,63,284,283,219,280,225,226,198,76,110,169,111,49,290,103,52,223,233,172,107,62,31,240,258,137,244,227,49,31,,,165,171,,,137,220,152,142,140,164,137,174,205,244,52,76,271,264,262,205,151,84,177,133,59,265,219,50,,187,,,b'\x11\xe8\xe1I\xcc\x84#D\xaf\x82\x12\xdf\x17\xaeN\x1e'
11E8E149-CC84-2344-AF82-12DF17AE4E1E,2017-ncaa-d0-natl,ncaa,114,111,74,116,96,76,64,69,85,35,28,111,247,264,176,311,79,98,112,99,264,68,71,127,119,110,314,313,141,84,89,123,81,92,82,77,170,176,99,101,76,76,177,172,,,254,218,,,118,72,124,206,84,60,77,27,27,274,287,94,111,112,80,96,94,177,128,94,135,89,202,,213,,,118,257,225,212,206,169,164,192,284,256,280,255,259,239,233,240,255,223,239,234,252,220,285,269,210,90,81,194,89,156,82,145,83,105,130,105,240,175,126,44,,,89,161,,,118,265,94,183,124,209,163,110,112,72,262,226,226,209,212,132,149,61,122,84,101,131,206,102,,109,,,b'\x11\xe8\xe1I\xcc\x84#D\xaf\x82\x12\xdf\x17\xaeN\x1e'
11E8E149-CC84-2344-AF82-12DF17AE4E1E,2017-ncaa-d1-conf-MAC,ncaa,8,8,2,8,2,5,3,4,4,2,2,6,10,11,7,12,6,6,5,6,10,4,4,6,6,6,12,11,6,2,3,6,5,4,4,5,6,7,3,4,1,1,8,8,,,8,8,,,8,4,9,9,6,4,4,3,2,10,12,7,7,7,6,7,2,11,8,6,2,1,9,,8,,,8,11,10,5,11,4,1,11,11,10,11,11,9,8,9,8,11,8,9,12,12,10,12,10,8,3,5,4,3,4,4,6,5,4,5,4,11,9,8,4,,,5,8,,,8,9,6,7,8,5,4,2,3,1,9,8,8,7,7,2,1,1,2,2,3,6,9,7,,8,,,b'\x11\xe8\xe1I\xcc\x84#D\xaf\x82\x12\xdf\x17\xaeN\x1e'
11E8E149-CC84-2344-AF82-12DF17AE4E1E,2017-ncaa-d1-natl,ncaa,121,111,98,117,119,96,81,86,93,44,37,114,261,270,181,311,88,115,109,113,264,87,97,134,125,115,312,311,142,104,96,150,87,121,91,93,171,154,105,105,90,82,191,175,,,240,221,,,125,91,132,194,90,69,84,32,29,277,287,96,117,120,86,107,102,191,134,99,140,98,206,,215,,,123,233,195,176,218,143,121,202,277,244,290,254,249,229,234,230,252,185,205,254,268,232,286,271,216,67,87,156,96,114,91,121,88,134,137,119,222,180,112,47,,,105,155,,,125,246,100,196,135,214,171,112,117,72,268,222,230,213,215,132,146,63,124,87,106,138,208,107,,111,,,b'\x11\xe8\xe1I\xcc\x84#D\xaf\x82\x12\xdf\x17\xaeN\x1e'
11E8E149-CC84-2344-AF82-12DF17AE4E1E,2018-ncaa-d0-natl,ncaa,170,162,164,174,185,132,127,169,93,92,128,70,232,211,244,231,129,142,175,147,170,159,177,120,120,105,271,261,150,243,263,135,64,185,177,104,108,104,112,94,190,190,151,150,,,217,234,,,198,156,93,117,99,90,126,60,105,224,204,119,121,122,115,125,244,116,172,82,122,185,146,,236,,,199,250,219,164,282,237,157,289,172,171,188,174,271,242,305,242,251,173,161,271,289,288,178,149,237,60,64,216,263,151,177,166,97,212,212,203,169,186,116,94,,,148,124,,,198,185,130,250,199,268,243,187,252,179,189,190,279,251,252,207,199,78,243,186,172,203,183,131,,113,,,b'\x11\xe8\xe1I\xcc\x84#D\xaf\x82\x12\xdf\x17\xaeN\x1e'
11E8E149-CC84-2344-AF82-12DF17AE4E1E,2018-ncaa-d1-conf-MAC,ncaa,5,5,1,5,1,4,5,5,3,4,3,4,10,9,8,9,4,6,7,6,6,5,5,5,4,5,10,10,4,8,7,5,5,6,6,4,4,9,8,5,5,6,4,4,,,8,7,,,5,5,11,3,6,7,11,6,6,10,10,6,7,7,10,11,8,9,11,4,5,7,4,,5,,,5,10,10,8,8,9,8,10,6,6,9,5,8,8,12,8,7,8,7,8,9,7,6,7,7,4,5,6,7,6,6,6,5,5,6,5,10,7,4,4,,,3,2,,,5,9,6,7,5,5,4,1,6,4,5,3,7,6,6,2,3,3,4,3,3,8,6,4,,5,,,b'\x11\xe8\xe1I\xcc\x84#D\xaf\x82\x12\xdf\x17\xaeN\x1e'
11E8E149-CC84-2344-AF82-12DF17AE4E1E,2018-ncaa-d1-natl,ncaa,134,162,53,158,71,68,59,79,85,50,59,74,189,169,210,230,81,84,151,86,178,74,63,111,107,99,265,255,154,157,221,74,54,87,141,54,95,187,109,80,116,139,101,116,,,263,206,,,130,54,88,153,79,73,110,52,101,210,197,112,122,124,100,112,210,104,137,61,125,143,118,,215,,,131,291,265,259,218,263,223,252,226,257,139,201,302,270,308,276,248,275,279,212,242,228,209,174,245,111,54,282,221,232,141,193,94,125,165,141,245,191,129,58,,,81,148,,,130,293,107,193,141,218,199,159,206,143,187,209,259,231,235,182,198,67,219,158,133,160,197,98,,124,,,b'\x11\xe8\xe1I\xcc\x84#D\xaf\x82\x12\xdf\x17\xaeN\x1e'
11E8E149-CC84-2344-AF82-12DF17AE4E1E,2019-ncaa-d0-natl,ncaa,266,269,249,269,277,257,255,269,223,305,332,114,96,63,245,20,306,310,192,311,160,290,315,162,181,150,47,30,286,346,348,241,73,325,328,259,220,21,101,149,273,252,316,316,,,101,194,,,256,283,176,253,240,243,231,300,332,69,33,300,304,307,275,317,346,201,335,245,65,255,315,,160,,,257,147,159,83,291,216,122,309,70,81,126,126,173,188,127,177,224,86,54,273,278,292,78,71,197,28,73,296,348,187,328,37,18,285,237,143,46,115,3,54,,,277,168,,,256,70,235,257,254,231,244,124,279,185,99,122,228,243,234,144,99,50,334,273,61,259,75,9,,256,,,b'\x11\xe8\xe1I\xcc\x84#D\xaf\x82\x12\xdf\x17\xaeN\x1e'
11E8E149-CC84-2344-AF82-12DF17AE4E1E,2019-ncaa-d1-conf-MAC,ncaa,10,10,9,10,10,12,11,11,5,12,12,4,6,4,7,2,12,12,7,12,9,12,12,6,7,6,5,2,12,12,12,12,9,12,12,8,7,3,9,7,11,8,11,11,,,6,10,,,10,12,10,9,12,10,11,11,12,5,2,12,12,12,12,12,12,12,12,8,5,10,11,,8,,,10,5,8,1,11,11,6,11,3,4,5,4,7,7,6,7,7,1,1,10,10,11,1,3,6,5,9,6,12,4,12,4,2,12,11,10,3,9,1,6,,,12,8,,,10,1,9,11,10,9,9,5,12,8,3,4,7,7,7,5,3,6,7,6,5,12,3,2,,12,,,b'\x11\xe8\xe1I\xcc\x84#D\xaf\x82\x12\xdf\x17\xaeN\x1e'
11E8E149-CC84-2344-AF82-12DF17AE4E1E,2019-ncaa-d1-natl,ncaa,266,266,233,268,286,260,262,274,227,311,343,114,89,61,250,16,306,307,194,310,159,287,328,164,182,147,48,29,289,347,349,235,79,335,339,259,220,15,94,135,274,252,319,318,,,98,174,,,260,274,179,252,243,244,238,304,336,66,34,305,304,307,276,319,347,197,338,248,49,258,316,,151,,,259,149,163,80,290,219,123,312,74,94,114,145,174,191,132,181,225,79,54,270,275,286,80,76,193,31,79,314,349,207,339,26,18,278,230,138,40,112,3,52,,,280,173,,,260,84,236,257,259,225,241,132,275,175,104,137,228,234,228,144,101,50,339,286,57,257,64,7,,265,,,b'\x11\xe8\xe1I\xcc\x84#D\xaf\x82\x12\xdf\x17\xaeN\x1e'
11E8E149-CC84-2344-AF82-12DF17AE4E1E,2020-ncaa-d0-natl,ncaa,123,134,87,136,136,81,85,69,131,126,206,67,66,27,241,54,149,155,171,155,136,69,109,112,122,89,109,97,232,158,211,84,41,103,136,137,237,74,44,98,110,110,223,234,,,151,131,,,136,112,91,213,73,84,58,146,241,69,32,166,167,167,66,118,173,90,105,149,67,123,228,,149,,,135,255,237,216,199,211,207,181,244,208,272,200,243,223,291,228,211,225,214,224,246,252,232,212,218,59,41,290,211,213,136,70,16,176,208,93,73,56,17,22,,,129,159,,,136,261,88,205,133,241,222,192,187,178,236,196,232,209,215,204,188,41,274,185,64,202,65,17,,151,,,b'\x11\xe8\xe1I\xcc\x84#D\xaf\x82\x12\xdf\x17\xaeN\x1e'
11E8E149-CC84-2344-AF82-12DF17AE4E1E,2020-ncaa-d1-conf-MAC,ncaa,5,5,1,5,2,3,5,5,8,7,7,7,4,3,7,3,6,6,4,6,5,5,7,6,5,3,3,5,5,8,8,5,3,4,6,5,3,2,2,1,5,5,5,4,,,3,3,,,5,7,11,10,6,7,7,12,9,5,4,6,6,6,8,12,8,7,6,5,2,5,5,,1,,,5,5,5,7,6,5,7,4,7,7,9,7,8,6,11,6,5,5,4,7,7,7,10,8,9,2,3,8,8,4,6,2,3,8,7,4,2,3,3,2,,,6,7,,,5,7,3,6,4,5,4,3,3,5,7,5,8,5,5,4,2,2,5,2,2,9,2,1,,9,,,b'\x11\xe8\xe1I\xcc\x84#D\xaf\x82\x12\xdf\x17\xaeN\x1e'
11E8E149-CC84-2344-AF82-12DF17AE4E1E,2020-ncaa-d1-natl,ncaa,114,134,45,134,96,63,71,40,143,127,205,71,61,26,242,53,123,133,160,129,124,45,81,120,131,97,97,95,211,149,218,58,45,74,144,128,234,76,43,101,112,124,227,252,,,167,126,,,128,62,88,230,75,88,57,158,242,69,33,144,157,153,62,116,176,70,103,154,67,130,236,,150,,,129,262,247,249,180,220,224,167,240,221,241,195,253,226,300,227,199,261,257,197,215,234,222,200,224,84,45,309,218,247,144,69,14,178,206,82,84,58,21,28,,,87,140,,,128,298,95,189,127,232,211,205,181,187,223,195,227,205,214,211,203,60,279,202,53,199,70,18,,132,,,b'\x11\xe8\xe1I\xcc\x84#D\xaf\x82\x12\xdf\x17\xaeN\x1e'
11E8E149-CC84-2344-AF82-12DF17AE4E1E,2021-ncaa-d0-natl,ncaa,249,276,191,271,218,190,189,212,132,228,256,91,100,104,119,54,195,147,316,148,30,204,194,97,122,171,61,61,199,272,314,166,100,214,247,231,285,221,262,275,242,269,240,240,,,149,142,,,246,174,49,334,150,173,226,250,299,68,65,183,96,100,208,147,309,93,221,251,268,257,246,,183,,,239,185,189,164,246,166,137,269,252,234,233,280,148,155,157,156,211,161,155,271,264,262,241,264,113,120,100,197,314,172,247,64,5,198,197,61,263,295,69,110,,,140,46,,,246,164,213,244,247,270,262,234,207,136,296,295,179,191,194,236,245,130,287,239,28,176,297,50,,56,,,b'\x11\xe8\xe1I\xcc\x84#D\xaf\x82\x12\xdf\x17\xaeN\x1e'
11E8E149-CC84-2344-AF82-12DF17AE4E1E,2021-ncaa-d1-conf-MAC,ncaa,10,10,6,10,9,9,9,9,6,10,10,6,6,5,6,4,10,9,12,9,6,9,9,6,7,9,7,3,10,10,11,6,7,10,10,9,7,9,10,10,9,9,6,6,,,3,3,,,10,8,7,12,11,10,11,10,11,7,5,11,9,9,12,12,11,5,8,9,9,9,6,,1,,,10,3,4,6,6,6,6,5,6,6,6,6,3,3,4,4,4,5,4,5,5,5,5,7,5,6,7,7,11,6,10,3,1,9,7,3,9,10,7,9,,,9,6,,,10,4,9,4,10,3,5,7,7,8,7,6,3,5,5,7,5,7,8,9,2,8,8,8,,8,,,b'\x11\xe8\xe1I\xcc\x84#D\xaf\x82\x12\xdf\x17\xaeN\x1e'
11E8E149-CC84-2344-AF82-12DF17AE4E1E,2021-ncaa-d1-natl,ncaa,258,275,206,277,230,201,209,225,133,247,266,98,110,117,121,55,206,157,318,158,28,224,213,100,123,175,59,58,198,284,317,181,101,234,258,247,288,208,270,283,249,275,247,239,,,134,142,,,254,192,50,334,157,177,231,259,300,67,65,183,94,99,212,153,310,95,229,261,271,263,246,,185,,,249,168,175,145,253,154,123,274,243,224,239,279,144,145,158,149,211,144,140,278,267,276,242,263,111,113,101,184,317,157,258,62,6,217,207,68,257,299,60,113,,,154,47,,,254,147,224,253,253,275,268,234,216,137,296,293,178,191,195,239,247,135,289,239,30,182,298,53,,56,,,b'\x11\xe8\xe1I\xcc\x84#D\xaf\x82\x12\xdf\x17\xaeN\x1e'
11E8E149-CC84-2344-AF82-12DF17AE4E1E,2022-ncaa-d0-natl,ncaa,174,157,216,170,236,216,239,253,195,285,307,168,91,100,118,57,215,188,268,200,60,247,261,141,150,149,42,52,182,339,344,212,146,290,319,249,223,91,166,198,166,128,195,177,,,117,179,,,212,224,152,195,200,230,255,303,316,73,67,191,159,169,242,260,345,185,319,244,132,142,184,,168,,,213,129,125,115,197,126,119,201,163,149,220,187,183,182,193,169,221,114,114,205,213,211,209,184,220,101,146,248,344,195,319,153,198,191,147,178,201,268,162,279,,,166,65,,,212,120,217,182,220,185,176,133,168,140,185,173,216,217,210,151,164,142,310,263,186,157,236,203,,112,,,b'\x11\xe8\xe1I\xcc\x84#D\xaf\x82\x12\xdf\x17\xaeN\x1e'
11E8E149-CC84-2344-AF82-12DF17AE4E1E,2022-ncaa-d1-conf-MAC,ncaa,6,6,5,6,6,10,11,12,10,11,10,11,5,6,2,5,8,6,11,7,4,11,11,9,9,9,1,3,7,12,12,7,7,12,12,7,5,4,9,7,6,6,5,5,,,8,8,,,9,7,9,4,11,12,12,12,10,4,5,8,7,7,12,12,12,8,12,8,6,6,5,,8,,,9,2,2,4,5,5,7,4,2,2,6,3,6,7,3,6,8,5,6,4,5,3,4,4,9,8,7,11,12,11,12,3,6,6,6,3,11,12,8,10,,,7,3,,,9,6,9,3,9,3,3,2,5,8,3,2,7,7,7,2,4,7,9,9,4,6,10,8,,6,,,b'\x11\xe8\xe1I\xcc\x84#D\xaf\x82\x12\xdf\x17\xaeN\x1e'
11E8E149-CC84-2344-AF82-12DF17AE4E1E,2022-ncaa-d1-natl,ncaa,157,157,146,169,178,172,193,200,149,244,283,127,79,77,111,62,173,146,245,159,53,197,215,105,111,129,49,64,185,326,344,193,136,270,304,206,208,139,166,176,88,73,194,190,,,167,175,,,162,151,128,210,158,195,230,273,306,69,66,174,146,159,226,235,338,193,316,218,143,83,197,,171,,,161,160,162,141,206,160,140,193,183,154,246,177,178,202,113,191,216,135,166,211,211,164,194,190,190,107,136,286,344,229,304,190,201,109,96,134,241,267,197,275,,,127,65,,,162,185,185,144,179,167,164,116,160,136,182,146,178,202,186,128,174,119,297,240,182,107,240,205,,107,,,b'\x11\xe8\xe1I\xcc\x84#D\xaf\x82\x12\xdf\x17\xaeN\x1e'
11E8E149-CC84-2344-AF82-12DF17AE4E1E,2023-ncaa-d0-natl,ncaa,242,203,290,239,320,275,279,298,241,316,355,50,138,55,329,12,283,245,320,247,35,294,304,195,219,219,67,63,229,335,337,337,251,350,341,259,201,111,223,227,77,30,257,237,,,58,94,,,301,278,113,291,232,244,235,303,347,89,15,248,191,191,232,214,322,330,350,229,209,39,232,,116,,,302,174,218,62,349,189,71,332,219,119,351,207,69,40,350,39,88,49,74,356,351,326,157,237,61,71,251,192,337,135,341,294,317,158,68,263,233,305,78,266,,,236,105,,,301,76,259,308,304,295,320,160,293,152,291,180,137,87,83,121,198,152,310,277,334,73,293,125,,140,,,b'\x11\xe8\xe1I\xcc\x84#D\xaf\x82\x12\xdf\x17\xaeN\x1e'
11E8E149-CC84-2344-AF82-12DF17AE4E1E,2023-ncaa-d1-conf-MAC,ncaa,7,5,9,7,12,12,11,11,11,11,11,3,10,4,12,2,11,10,12,10,6,11,11,11,12,12,6,4,11,10,10,11,11,12,12,10,4,8,9,9,2,2,7,7,,,4,5,,,9,11,5,11,12,11,8,11,11,9,2,11,10,10,8,8,9,9,12,8,9,2,6,,5,,,10,1,1,2,6,4,6,3,4,2,8,3,3,2,8,2,4,1,3,5,5,3,5,5,5,8,11,10,10,9,12,9,11,3,2,6,9,10,6,11,,,9,8,,,9,2,12,4,10,5,6,6,6,10,5,3,5,4,4,5,9,11,12,11,10,2,10,8,,8,,,b'\x11\xe8\xe1I\xcc\x84#D\xaf\x82\x12\xdf\x17\xaeN\x1e'
11E8E149-CC84-2344-AF82-12DF17AE4E1E,2023-ncaa-d1-natl,ncaa,243,203,310,242,336,263,276,291,234,311,355,39,125,37,330,12,294,257,318,255,45,291,309,186,217,208,66,60,256,321,318,337,229,344,328,239,173,103,201,198,79,29,267,253,,,50,102,,,293,286,117,291,220,232,193,285,347,85,13,262,205,201,211,199,297,327,334,203,191,37,247,,116,,,294,175,216,54,348,194,76,328,224,107,351,189,68,36,352,37,87,35,58,351,347,320,148,227,63,60,229,200,318,127,328,288,305,150,74,247,226,293,69,247,,,248,136,,,293,71,250,306,292,296,317,157,297,156,275,163,136,81,80,117,187,121,305,262,327,77,288,118,,152,,,b'\x11\xe8\xe1I\xcc\x84#D\xaf\x82\x12\xdf\x17\xaeN\x1e'
11E8E149-CC84-2344-AF82-12DF17AE4E1E,2024-ncaa-d0-natl,ncaa,246,228,258,247,274,252,245,293,169,329,345,157,65,78,72,21,319,315,238,314,145,307,315,105,126,153,22,8,312,340,332,340,317,355,346,200,98,123,233,176,120,79,356,351,,,198,290,,,239,288,221,171,220,226,280,334,341,36,47,316,300,299,293,305,334,352,356,160,181,90,354,,262,,,240,132,117,46,318,154,49,342,89,100,118,179,206,194,235,197,286,51,85,311,313,251,126,95,249,153,317,129,332,125,346,145,189,111,55,108,160,253,194,329,,,257,141,,,239,76,194,263,234,212,205,62,242,71,118,140,250,239,239,78,162,214,226,229,189,67,223,240,,217,,,b'\x11\xe8\xe1I\xcc\x84#D\xaf\x82\x12\xdf\x17\xaeN\x1e'
11E8E149-CC84-2344-AF82-12DF17AE4E1E,2024-ncaa-d1-conf-MAC,ncaa,8,8,5,8,7,7,7,9,6,11,12,6,1,3,2,1,8,8,10,7,3,8,10,4,5,6,1,1,11,11,11,12,11,12,11,6,5,6,7,6,4,4,11,11,,,8,8,,,6,7,8,10,7,8,11,12,12,1,3,8,9,8,11,12,11,12,12,6,6,4,11,,6,,,6,8,7,4,12,12,5,12,1,3,2,4,10,10,7,9,10,4,6,11,11,7,1,1,10,9,11,8,11,8,11,9,6,3,3,3,7,7,11,12,,,7,3,,,6,6,6,7,6,6,6,1,11,4,1,1,8,7,7,3,7,8,8,8,6,3,6,11,,6,,,b'\x11\xe8\xe1I\xcc\x84#D\xaf\x82\x12\xdf\x17\xaeN\x1e'
11E8E149-CC84-2344-AF82-12DF17AE4E1E,2024-ncaa-d1-natl,ncaa,243,230,254,247,283,263,278,323,176,343,352,171,65,78,70,23,314,305,239,302,105,327,328,115,128,166,19,11,294,342,337,347,310,356,347,215,101,135,254,196,126,79,357,354,,,199,297,,,250,301,228,171,242,263,307,342,350,43,49,304,292,290,313,312,340,356,358,181,192,97,357,,262,,,252,126,126,34,325,166,46,345,94,96,153,180,201,195,214,192,291,38,71,318,323,256,126,100,239,133,310,131,337,125,347,151,192,116,55,125,161,257,180,329,,,258,130,,,250,65,215,265,250,212,208,55,240,68,123,139,241,237,236,70,152,197,220,221,202,72,220,219,,217,,,b'\x11\xe8\xe1I\xcc\x84#D\xaf\x82\x12\xdf\x17\xaeN\x1e'
11E8E149-CC84-2344-AF82-12DF17AE4E1E,2025-ncaa-d0-natl,genius_ncaa,246,227,248,252,290,308,323,348,214,350,358,181,131,142,126,23,308,272,319,273,37,347,342,149,166,220,17,19,206,346,341,341,294,351,338,251,80,148,314,242,139,71,292,272,,,175,320,,220,283,328,318,269,315,333,358,355,358,85,82,293,255,257,354,349,343,344,356,224,225,103,286,,251,,263,283,89,121,46,331,187,42,357,56,99,39,209,105,133,59,137,254,44,39,313,294,263,58,69,160,130,294,122,341,117,338,101,134,234,138,174,212,322,4,72,,,277,106,,350,283,38,264,267,285,171,199,54,260,70,85,133,153,182,189,63,59,185,190,188,161,180,270,3,,243,,345,b'\x11\xe8\xe1I\xcc\x84#D\xaf\x82\x12\xdf\x17\xaeN\x1e'
11E8E149-CC84-2344-AF82-12DF17AE4E1E,2025-ncaa-d1-conf-MAC,genius_ncaa,8,8,5,8,8,11,11,10,11,11,11,10,3,1,8,1,12,10,12,10,7,11,12,8,9,9,2,1,11,9,9,11,12,10,11,8,5,1,6,7,6,3,7,8,,,6,7,,8,8,11,12,7,12,11,12,11,12,4,3,12,11,11,12,12,9,11,12,8,2,6,7,,6,,9,8,2,6,3,9,10,6,10,1,4,1,4,2,5,1,5,5,2,3,7,7,6,1,2,6,11,12,9,9,11,11,9,9,6,5,6,3,7,1,5,,,12,11,,12,8,3,11,7,9,5,7,3,10,6,2,3,4,5,5,1,1,11,10,11,8,6,3,1,,12,,12,b'\x11\xe8\xe1I\xcc\x84#D\xaf\x82\x12\xdf\x17\xaeN\x1e'
11E8E149-CC84-2344-AF82-12DF17AE4E1E,2025-ncaa-d1-natl,genius_ncaa,246,226,244,249,289,318,324,347,214,347,359,177,125,135,140,30,293,256,327,260,29,344,341,152,173,220,20,24,195,342,337,335,291,350,336,242,57,163,314,241,130,74,281,253,,,191,322,,207,286,338,318,269,323,336,358,353,358,94,86,285,233,240,350,345,339,341,356,216,229,105,275,,253,,253,286,89,134,46,328,188,44,356,53,87,42,202,111,145,34,150,258,44,36,308,291,249,59,70,158,132,291,119,337,123,336,106,135,231,139,175,226,326,4,73,,,257,83,,345,286,33,270,265,284,163,201,55,260,73,86,126,155,192,197,64,61,177,185,188,162,180,271,3,,225,,340,b'\x11\xe8\xe1I\xcc\x84#D\xaf\x82\x12\xdf\x17\xaeN\x1e'
11E8E149-CC84-2344-AF82-12DF17AE4E1E,2026-ncaa-d0-natl,genius_ncaa,260,152,327,241,334,350,349,349,265,356,356,221,266,275,228,38,351,340,356,335,90,351,350,225,277,297,61,44,273,343,265,326,127,337,193,312,58,57,306,237,328,251,306,305,,,5,51,,47,264,349,203,97,307,304,319,339,349,126,81,324,257,246,322,290,275,181,238,191,274,240,269,,54,,136,292,19,41,30,244,69,62,203,23,15,212,64,11,9,179,7,31,22,15,216,198,257,23,93,51,14,127,21,265,11,193,65,226,352,323,330,44,239,46,283,,,342,162,,324,264,24,302,233,277,236,289,289,321,342,112,89,82,78,80,265,154,104,181,144,294,324,217,170,,222,,259,b'\x11\xe8\xe1I\xcc\x84#D\xaf\x82\x12\xdf\x17\xaeN\x1e'
11E8E149-CC84-2344-AF82-12DF17AE4E1E,2026-ncaa-d1-natl,genius_ncaa,301,195,345,296,346,361,360,357,280,358,358,216,275,271,266,53,349,337,348,332,84,359,360,251,281,296,77,69,225,355,299,338,134,351,224,333,96,78,308,260,351,317,314,308,,,10,91,,55,306,357,230,21,311,311,325,335,346,166,94,304,230,223,326,286,302,193,273,235,278,312,271,,103,,140,325,40,77,27,303,130,73,296,20,17,171,76,35,35,122,36,77,19,8,275,254,317,21,59,77,16,134,22,299,10,224,100,187,361,342,341,76,275,30,213,,,351,175,,337,306,13,313,297,313,298,329,308,345,341,123,116,144,148,149,295,180,108,222,172,309,343,251,125,,229,,298,b'\x11\xe8\xe1I\xcc\x84#D\xaf\x82\x12\xdf\x17\xaeN\x1e'
11E8E149-CC88-76B0-AF82-12DF17AE4E1E,2010-ncaa-d0-natl,ncaa,108,145,50,135,58,110,82,81,124,54,67,98,215,185,273,235,164,159,190,156,266,84,91,162,180,157,293,267,236,143,224,169,162,170,226,78,115,179,117,91,91,105,208,215,,,326,319,,,197,83,208,78,170,115,150,78,115,254,241,223,218,218,159,205,203,286,269,102,110,123,235,,299,,,194,301,253,182,282,263,187,295,185,188,210,157,326,319,236,321,312,224,255,283,306,265,210,131,288,155,162,287,224,245,226,278,242,66,98,176,99,70,145,88,,,84,145,,,197,265,167,230,195,209,152,47,174,69,147,118,295,280,281,94,122,66,210,146,219,122,65,109,,168,,,b'\x11\xe8\xe1I\xcc\x88v\xb0\xaf\x82\x12\xdf\x17\xaeN\x1e'
11E8E149-CC88-76B0-AF82-12DF17AE4E1E,2010-ncaa-d1-conf-MVC,ncaa,6,6,3,6,3,6,4,2,6,2,1,5,10,9,9,9,7,7,7,7,10,4,3,7,7,6,10,10,9,6,7,8,8,8,8,3,3,6,5,4,2,2,9,9,,,10,10,,,8,2,8,1,6,3,3,2,1,10,9,8,9,8,4,5,6,10,10,4,6,2,9,,9,,,8,9,7,3,8,7,4,9,5,4,4,4,9,9,7,9,9,7,9,7,9,9,7,5,8,7,8,7,7,7,8,9,8,2,2,8,2,2,4,4,,,6,9,,,8,9,6,8,8,7,6,3,7,4,5,4,9,9,9,5,7,6,7,7,8,2,3,4,,9,,,b'\x11\xe8\xe1I\xcc\x88v\xb0\xaf\x82\x12\xdf\x17\xaeN\x1e'
11E8E149-CC88-76B0-AF82-12DF17AE4E1E,2010-ncaa-d1-natl,ncaa,114,145,53,142,62,116,88,85,127,57,75,100,222,194,275,235,171,167,188,165,268,92,103,167,184,161,291,268,234,155,226,190,165,184,234,84,118,168,119,92,99,113,218,219,,,324,321,,,204,95,210,77,175,122,152,79,119,256,239,222,220,220,161,206,212,288,272,103,109,129,235,,301,,,202,297,250,169,289,255,166,297,183,182,212,156,320,314,240,316,313,213,242,285,309,274,209,128,289,140,165,279,226,229,234,273,246,76,107,182,93,71,140,90,,,94,145,,,204,254,169,240,199,216,161,48,179,70,147,117,299,283,283,94,123,67,212,147,225,127,65,111,,168,,,b'\x11\xe8\xe1I\xcc\x88v\xb0\xaf\x82\x12\xdf\x17\xaeN\x1e'
11E8E149-CC88-76B0-AF82-12DF17AE4E1E,2011-ncaa-d0-natl,ncaa,137,154,77,153,91,123,100,113,106,74,83,112,240,249,214,266,145,131,242,129,215,113,125,140,156,145,295,276,193,208,268,127,180,159,252,204,296,144,122,195,60,71,106,101,,,333,337,,,137,105,182,131,162,134,181,79,111,267,270,185,151,150,183,219,259,206,255,234,108,72,124,,332,,,138,189,111,127,128,173,162,190,51,114,17,97,331,338,63,338,331,211,244,95,148,120,188,40,333,217,180,269,268,267,252,157,225,78,89,94,109,96,202,134,,,134,158,,,137,239,168,115,141,125,65,52,121,86,35,84,312,327,327,124,161,167,222,201,125,103,89,179,,187,,,b'\x11\xe8\xe1I\xcc\x88v\xb0\xaf\x82\x12\xdf\x17\xaeN\x1e'
11E8E149-CC88-76B0-AF82-12DF17AE4E1E,2011-ncaa-d1-conf-MVC,ncaa,5,5,4,5,4,6,5,5,6,4,3,6,8,8,5,8,7,6,8,6,9,5,5,7,8,7,8,7,8,7,7,7,8,8,8,8,9,4,5,6,4,4,6,6,,,9,10,,,5,5,9,4,8,6,6,4,4,8,8,8,7,6,6,8,7,9,9,9,5,4,7,,9,,,5,4,3,4,3,5,3,7,3,5,2,4,9,9,3,9,10,4,5,3,4,3,5,1,10,7,8,8,7,8,8,3,5,3,3,2,1,3,3,2,,,7,6,,,5,6,7,4,5,3,2,1,4,2,2,5,9,9,9,5,4,8,8,7,3,3,2,3,,8,,,b'\x11\xe8\xe1I\xcc\x88v\xb0\xaf\x82\x12\xdf\x17\xaeN\x1e'
11E8E149-CC88-76B0-AF82-12DF17AE4E1E,2011-ncaa-d1-natl,ncaa,145,152,95,157,110,142,113,136,109,83,96,114,245,256,213,265,159,143,238,141,215,131,147,144,160,151,294,275,192,228,271,152,182,191,254,215,299,127,124,200,70,77,113,101,,,332,337,,,142,121,185,131,167,141,189,81,116,264,269,185,153,150,188,225,262,205,259,240,108,76,127,,331,,,142,169,98,104,135,158,140,198,45,98,16,95,328,337,68,337,332,185,222,103,150,127,188,38,334,202,182,250,271,251,254,142,227,93,96,97,93,98,195,140,,,152,160,,,142,219,176,123,147,129,67,54,127,92,34,84,316,329,329,130,159,170,224,204,127,108,89,184,,188,,,b'\x11\xe8\xe1I\xcc\x88v\xb0\xaf\x82\x12\xdf\x17\xaeN\x1e'
11E8E149-CC88-76B0-AF82-12DF17AE4E1E,2012-ncaa-d0-natl,ncaa,87,107,48,100,55,94,52,127,13,21,34,31,300,324,72,332,150,182,93,189,316,138,130,40,42,58,338,328,252,258,253,117,100,184,156,127,281,217,197,164,44,47,128,130,,,280,271,,,73,87,233,127,134,73,245,25,62,321,334,228,254,268,262,269,314,229,295,186,142,65,149,,218,,,77,181,168,173,188,201,196,215,87,126,72,113,241,247,155,249,238,187,232,162,172,107,117,73,259,142,100,140,253,136,156,70,44,59,63,34,233,213,105,30,,,137,171,,,73,246,106,92,86,82,83,42,128,75,56,72,177,180,182,49,78,68,46,40,39,101,173,65,,240,,,b'\x11\xe8\xe1I\xcc\x88v\xb0\xaf\x82\x12\xdf\x17\xaeN\x1e'
11E8E149-CC88-76B0-AF82-12DF17AE4E1E,2012-ncaa-d1-conf-MVC,ncaa,3,3,3,4,4,5,3,8,1,1,3,1,10,10,2,10,6,7,2,7,9,8,7,1,1,1,10,10,7,10,8,9,8,10,7,4,7,3,6,5,2,1,4,3,,,6,6,,,2,7,7,5,4,3,8,1,3,10,10,6,7,7,8,10,10,10,10,4,4,2,4,,6,,,2,1,1,1,3,3,3,5,2,2,1,3,4,5,5,5,5,1,4,2,2,1,2,2,7,6,8,1,8,2,7,1,1,2,1,1,3,5,1,1,,,6,4,,,2,3,3,2,2,2,2,1,3,3,2,3,5,5,5,1,3,5,2,2,1,2,4,1,,8,,,b'\x11\xe8\xe1I\xcc\x88v\xb0\xaf\x82\x12\xdf\x17\xaeN\x1e'
11E8E149-CC88-76B0-AF82-12DF17AE4E1E,2012-ncaa-d1-natl,ncaa,90,107,55,101,62,107,57,152,13,24,36,33,306,327,71,332,163,194,93,205,316,164,152,40,44,62,338,327,248,280,256,130,106,212,161,144,284,196,201,168,48,49,133,135,,,273,274,,,79,104,237,123,140,77,251,25,64,320,334,229,256,271,266,274,320,236,298,199,143,69,154,,221,,,82,165,153,145,194,197,174,219,77,108,78,115,230,234,157,236,242,155,209,173,178,116,116,72,259,130,106,119,256,116,161,63,43,70,66,37,223,213,96,31,,,157,169,,,79,223,111,103,93,89,89,40,131,77,58,70,183,183,190,49,77,71,47,41,40,106,174,62,,241,,,b'\x11\xe8\xe1I\xcc\x88v\xb0\xaf\x82\x12\xdf\x17\xaeN\x1e'
11E8E149-CC88-76B0-AF82-12DF17AE4E1E,2013-ncaa-d0-natl,ncaa,42,54,24,53,30,98,65,124,28,31,48,38,280,292,207,307,135,139,177,137,253,127,157,71,74,59,332,314,216,225,214,181,174,207,189,120,251,68,76,79,82,77,28,19,,,292,294,,,73,133,322,213,186,115,278,50,127,310,319,215,219,217,285,320,291,313,329,193,33,140,48,,187,,,76,159,137,128,185,152,150,174,136,130,184,133,245,271,48,276,282,156,214,176,183,93,204,139,251,175,174,142,214,156,189,91,96,56,53,38,70,66,30,11,,,37,15,,,73,215,76,97,69,40,34,8,52,21,79,59,153,189,197,9,26,73,34,35,36,122,35,17,,106,,,b'\x11\xe8\xe1I\xcc\x88v\xb0\xaf\x82\x12\xdf\x17\xaeN\x1e'
11E8E149-CC88-76B0-AF82-12DF17AE4E1E,2013-ncaa-d1-conf-MVC,ncaa,1,1,1,1,1,2,2,5,1,1,2,1,9,9,7,9,7,6,6,6,9,4,6,2,4,2,10,9,8,7,5,5,6,5,5,2,7,1,1,2,2,2,1,1,,,5,5,,,2,6,10,3,7,3,7,1,4,9,9,8,7,7,7,9,7,9,10,4,1,2,1,,2,,,2,3,4,3,6,4,5,5,2,2,4,4,4,5,3,5,5,4,5,3,3,1,5,4,6,7,6,2,5,3,5,1,2,2,3,1,1,1,2,1,,,5,5,,,2,5,2,2,2,1,3,2,3,2,2,2,3,4,4,2,1,5,1,1,1,4,1,2,,6,,,b'\x11\xe8\xe1I\xcc\x88v\xb0\xaf\x82\x12\xdf\x17\xaeN\x1e'
11E8E149-CC88-76B0-AF82-12DF17AE4E1E,2013-ncaa-d1-natl,ncaa,42,54,27,54,34,108,75,138,30,32,55,38,285,297,209,307,145,151,175,149,251,140,179,72,75,59,331,315,211,243,216,200,178,229,194,130,249,58,77,81,93,82,30,21,,,283,296,,,82,154,322,207,195,121,285,53,130,310,319,215,218,216,285,321,294,318,330,199,34,144,48,,191,,,85,142,123,98,189,136,123,176,131,121,185,131,234,263,51,265,282,130,194,179,190,100,201,137,252,161,178,125,216,136,194,82,96,67,54,44,59,66,22,13,,,43,17,,,82,196,81,105,75,43,38,8,55,23,82,58,156,191,199,9,26,74,36,35,37,128,37,17,,107,,,b'\x11\xe8\xe1I\xcc\x88v\xb0\xaf\x82\x12\xdf\x17\xaeN\x1e'
11E8E149-CC88-76B0-AF82-12DF17AE4E1E,2013-ncaa-d1-ncaatournament,ncaa,33,2,33,33,35,59,50,55,45,41,53,38,56,54,59,29,55,56,24,55,56,58,63,49,51,49,55,45,48,55,53,61,58,61,60,61,58,7,25,52,52,42,38,37,,,12,44,,,58,60,58,7,59,49,50,37,48,51,37,53,56,55,55,61,52,61,61,61,9,41,33,,30,,,59,14,15,10,50,17,14,54,8,5,25,9,24,16,59,16,43,10,5,44,50,53,19,10,49,18,58,9,53,13,60,30,63,55,41,59,4,9,9,27,,,48,29,,,58,4,55,60,61,42,41,13,46,36,9,5,47,32,33,15,11,36,39,37,60,48,5,16,,41,,,b'\x11\xe8\xe1I\xcc\x88v\xb0\xaf\x82\x12\xdf\x17\xaeN\x1e'
11E8E149-CC88-76B0-AF82-12DF17AE4E1E,2014-ncaa-d0-natl,ncaa,26,17,53,22,72,71,52,100,30,38,66,36,212,215,183,252,94,104,149,104,197,95,122,59,68,40,298,281,206,145,129,171,169,150,140,127,271,65,43,72,20,8,38,25,,,322,328,,,15,116,276,232,86,59,186,37,124,239,253,135,152,155,183,258,196,273,253,190,39,22,44,,286,,,14,51,38,69,79,63,114,93,48,80,47,87,243,295,21,299,318,107,220,55,65,13,195,72,317,166,169,138,129,152,140,25,70,16,4,5,45,38,107,54,,,54,43,,,15,230,38,13,16,17,11,3,16,19,25,39,199,247,249,10,63,98,53,52,9,24,25,72,,100,,,b'\x11\xe8\xe1I\xcc\x88v\xb0\xaf\x82\x12\xdf\x17\xaeN\x1e'
11E8E149-CC88-76B0-AF82-12DF17AE4E1E,2014-ncaa-d1-conf-MVC,ncaa,1,1,1,1,2,1,1,1,1,1,1,2,6,4,6,6,3,4,3,4,7,1,2,3,3,3,8,8,7,3,3,6,7,3,3,5,6,2,1,4,1,1,2,2,,,10,10,,,1,3,6,6,1,1,3,1,3,6,6,4,5,4,3,5,5,10,7,6,2,1,2,,10,,,1,3,2,2,5,3,3,3,4,5,5,6,9,10,1,10,10,2,9,5,5,1,9,6,9,5,7,2,3,4,3,3,4,1,1,1,1,1,4,2,,,1,2,,,1,8,1,2,1,2,2,1,1,1,3,4,7,9,9,1,3,4,1,2,1,1,1,3,,2,,,b'\x11\xe8\xe1I\xcc\x88v\xb0\xaf\x82\x12\xdf\x17\xaeN\x1e'
11E8E149-CC88-76B0-AF82-12DF17AE4E1E,2014-ncaa-d1-natl,ncaa,28,17,59,23,84,82,58,117,33,39,80,36,221,222,188,254,109,109,153,108,196,113,145,59,69,41,296,280,202,162,133,198,176,176,147,144,275,54,45,72,24,8,42,25,,,316,327,,,15,144,276,234,89,62,188,42,125,243,254,142,157,158,185,261,202,278,259,198,39,25,47,,287,,,14,39,25,45,84,48,86,96,44,71,47,86,232,290,23,293,318,77,189,60,75,13,195,71,318,149,176,123,133,134,147,16,72,19,5,4,40,38,102,58,,,68,43,,,15,204,41,13,16,18,10,2,17,19,25,39,200,250,250,10,63,98,52,54,9,28,28,75,,99,,,b'\x11\xe8\xe1I\xcc\x88v\xb0\xaf\x82\x12\xdf\x17\xaeN\x1e'
11E8E149-CC88-76B0-AF82-12DF17AE4E1E,2014-ncaa-d1-ncaatournament,ncaa,33,2,33,33,34,52,56,56,50,58,58,53,31,38,33,11,41,47,2,45,21,55,62,42,40,30,7,8,15,53,54,44,50,51,52,53,34,4,5,14,61,61,47,50,,,24,52,,,28,61,59,3,51,56,53,58,57,10,11,29,44,41,53,62,53,40,51,49,4,61,43,,48,,,35,6,13,14,39,17,23,36,6,8,20,14,5,10,1,7,9,7,10,36,21,18,3,15,8,27,50,12,54,16,52,6,9,46,26,14,5,11,11,35,,,48,17,,,28,6,35,29,33,16,39,28,46,47,9,11,6,16,12,18,20,54,41,48,11,27,5,17,,37,,,b'\x11\xe8\xe1I\xcc\x88v\xb0\xaf\x82\x12\xdf\x17\xaeN\x1e'
11E8E149-CC88-76B0-AF82-12DF17AE4E1E,2015-ncaa-d0-natl,ncaa,12,12,26,14,45,77,51,73,37,38,64,32,180,173,193,209,226,293,12,295,341,99,138,62,71,46,307,240,321,150,145,193,175,167,147,80,218,58,47,57,28,12,102,74,,,187,171,,,20,139,334,283,156,79,222,55,161,230,237,306,341,343,277,327,235,324,311,139,22,49,147,,83,,,22,43,50,81,73,56,92,85,114,142,92,191,105,145,24,149,216,80,197,80,67,8,196,198,198,157,175,139,145,141,147,29,72,24,10,7,40,39,15,4,,,184,234,,,20,200,44,13,18,4,3,1,11,9,45,56,47,75,76,2,11,53,28,26,10,50,16,7,,319,,,b'\x11\xe8\xe1I\xcc\x88v\xb0\xaf\x82\x12\xdf\x17\xaeN\x1e'
11E8E149-CC88-76B0-AF82-12DF17AE4E1E,2015-ncaa-d1-conf-MVC,ncaa,1,1,1,1,3,3,1,2,2,1,1,2,8,7,9,9,6,9,1,9,10,2,4,2,2,2,10,9,10,5,5,5,2,3,4,2,6,2,2,2,1,1,3,2,,,5,6,,,1,5,10,9,3,2,5,1,1,8,9,8,10,10,6,8,6,7,8,3,2,1,3,,5,,,1,1,1,2,3,1,1,2,5,4,7,7,4,5,1,5,7,2,4,4,3,1,9,7,6,3,2,4,5,2,4,2,4,1,1,1,1,1,1,1,,,6,7,,,1,6,2,1,1,1,1,1,1,1,4,4,3,5,5,1,1,1,1,1,1,2,1,1,,9,,,b'\x11\xe8\xe1I\xcc\x88v\xb0\xaf\x82\x12\xdf\x17\xaeN\x1e'
11E8E149-CC88-76B0-AF82-12DF17AE4E1E,2015-ncaa-d1-natl,ncaa,12,12,30,14,50,89,59,86,41,41,81,32,195,185,196,207,245,306,12,309,341,125,173,71,77,52,308,237,321,173,153,220,183,202,155,94,228,43,47,60,36,15,112,76,,,164,174,,,22,175,335,285,161,90,233,56,165,231,238,310,342,344,282,330,241,327,314,146,22,52,152,,84,,,24,29,36,49,77,49,67,93,98,120,98,189,91,123,27,127,217,45,157,85,72,9,191,191,197,139,183,110,153,113,155,24,72,33,12,7,32,41,13,5,,,216,232,,,22,155,45,15,18,4,4,1,13,10,49,58,49,79,79,2,11,54,30,26,11,55,18,7,,321,,,b'\x11\xe8\xe1I\xcc\x88v\xb0\xaf\x82\x12\xdf\x17\xaeN\x1e'
11E8E149-CC88-76B0-AF82-12DF17AE4E1E,2015-ncaa-d1-ncaatournament,ncaa,33,2,33,33,33,42,41,51,31,42,47,32,44,50,34,28,43,45,15,45,37,48,51,32,28,26,32,29,34,61,60,47,22,59,53,57,59,12,29,48,51,44,63,63,,,6,17,,,44,43,21,4,33,32,34,31,36,26,26,32,39,39,38,41,59,44,59,57,25,41,63,,14,,,46,19,17,10,58,21,11,60,15,17,30,29,18,19,18,19,51,12,14,58,51,45,24,21,37,10,22,15,60,13,53,17,37,42,22,36,4,16,1,1,,,47,38,,,44,21,38,44,49,44,41,14,50,20,26,27,44,48,47,22,27,13,41,31,42,24,11,1,,38,,,b'\x11\xe8\xe1I\xcc\x88v\xb0\xaf\x82\x12\xdf\x17\xaeN\x1e'
11E8E149-CC88-76B0-AF82-12DF17AE4E1E,2016-ncaa-d0-natl,ncaa,280,293,175,289,193,322,302,311,239,261,276,202,277,246,292,171,335,340,91,340,334,325,299,253,260,316,263,205,288,302,273,317,249,328,286,322,324,307,346,342,75,25,222,160,,,235,323,,,290,285,310,113,339,316,336,273,275,281,251,338,342,343,344,319,308,339,342,340,318,52,221,,259,,,289,82,66,19,289,101,28,307,74,68,148,144,207,267,10,261,331,29,54,280,278,191,158,99,274,83,249,65,273,59,286,70,116,107,45,60,265,310,49,109,,,319,274,,,290,64,330,187,294,103,94,10,132,20,76,63,230,282,276,20,39,100,73,69,77,86,264,66,,327,,,b'\x11\xe8\xe1I\xcc\x88v\xb0\xaf\x82\x12\xdf\x17\xaeN\x1e'
11E8E149-CC88-76B0-AF82-12DF17AE4E1E,2016-ncaa-d1-conf-MVC,ncaa,8,8,7,8,8,10,8,10,6,6,8,7,9,9,9,8,10,10,2,10,10,10,10,8,7,8,9,8,6,7,5,10,7,10,5,9,9,8,10,9,4,3,8,7,,,10,10,,,9,10,8,3,9,8,9,5,6,8,9,9,10,10,10,8,6,10,9,9,10,3,8,,10,,,9,2,2,1,10,4,1,10,2,2,3,5,7,10,1,10,10,1,1,9,9,8,6,3,8,2,7,2,5,1,5,4,6,5,3,4,5,8,3,3,,,10,9,,,9,1,8,8,8,5,4,1,7,1,3,3,8,10,10,1,2,3,4,3,4,5,6,3,,9,,,b'\x11\xe8\xe1I\xcc\x88v\xb0\xaf\x82\x12\xdf\x17\xaeN\x1e'
11E8E149-CC88-76B0-AF82-12DF17AE4E1E,2016-ncaa-d1-natl,ncaa,293,292,218,294,238,337,323,337,244,284,298,215,287,266,295,169,338,341,91,343,333,342,333,262,265,319,260,206,285,319,275,340,256,344,293,340,326,299,346,345,96,32,237,166,,,218,322,,,298,320,312,101,341,324,340,282,282,279,255,338,341,343,344,321,311,344,344,341,321,59,222,,263,,,298,57,51,4,299,84,16,313,63,50,153,141,193,251,11,247,331,10,23,291,288,203,157,99,275,68,256,38,275,38,293,50,116,140,45,68,241,315,42,123,,,332,270,,,298,28,332,196,303,110,98,10,141,21,80,60,234,287,283,20,39,106,77,70,79,96,268,71,,325,,,b'\x11\xe8\xe1I\xcc\x88v\xb0\xaf\x82\x12\xdf\x17\xaeN\x1e'
11E8E149-CC88-76B0-AF82-12DF17AE4E1E,2017-ncaa-d0-natl,ncaa,169,184,116,174,167,141,105,163,70,74,122,67,230,224,215,232,236,256,152,253,311,183,174,95,101,137,309,256,276,203,187,258,232,241,215,153,224,211,212,176,44,37,129,100,,,297,312,,,181,160,184,342,158,106,188,65,130,240,241,270,282,284,223,227,227,309,300,162,199,46,127,,287,,,181,211,173,116,270,134,108,221,254,178,333,203,247,253,120,255,285,144,184,293,301,234,283,263,227,148,232,120,187,123,215,225,229,85,65,140,228,231,31,20,,,253,298,,,181,186,153,229,189,201,155,52,109,56,251,160,235,250,249,75,123,135,100,100,191,93,216,29,,301,,,b'\x11\xe8\xe1I\xcc\x88v\xb0\xaf\x82\x12\xdf\x17\xaeN\x1e'
11E8E149-CC88-76B0-AF82-12DF17AE4E1E,2017-ncaa-d1-conf-MVC,ncaa,4,5,3,5,6,3,3,3,2,2,1,3,8,9,6,10,4,5,5,5,9,3,3,5,5,5,10,10,7,5,5,8,5,5,5,5,6,4,4,4,2,2,2,2,,,10,10,,,4,3,2,10,4,2,4,2,1,8,9,5,6,6,4,3,4,8,6,5,4,2,2,,10,,,4,7,4,4,7,4,4,5,8,6,10,6,9,10,3,10,10,6,7,9,8,6,9,8,8,4,5,4,5,4,5,7,7,3,3,5,4,3,3,1,,,7,9,,,4,8,4,5,4,7,5,3,4,4,8,6,8,10,10,3,8,3,3,4,7,3,4,3,,8,,,b'\x11\xe8\xe1I\xcc\x88v\xb0\xaf\x82\x12\xdf\x17\xaeN\x1e'
11E8E149-CC88-76B0-AF82-12DF17AE4E1E,2017-ncaa-d1-natl,ncaa,175,181,144,184,215,170,131,203,75,92,148,70,245,245,217,228,270,278,150,277,310,222,220,101,109,141,308,254,275,226,195,296,243,286,227,175,231,186,219,182,56,41,141,103,,,277,312,,,197,206,194,343,166,112,196,71,138,244,241,274,285,284,227,234,233,316,308,171,203,50,132,,288,,,197,181,150,67,280,114,75,231,244,148,339,205,240,242,122,243,295,95,134,303,306,246,284,260,229,122,243,92,195,89,227,208,237,107,76,149,206,236,23,23,,,285,295,,,197,137,160,237,206,208,159,52,116,60,254,161,240,250,252,76,121,138,104,101,199,98,218,28,,303,,,b'\x11\xe8\xe1I\xcc\x88v\xb0\xaf\x82\x12\xdf\x17\xaeN\x1e'
11E8E149-CC88-76B0-AF82-12DF17AE4E1E,2018-ncaa-d0-natl,ncaa,185,207,117,206,157,135,93,149,51,32,40,60,337,334,309,336,197,270,9,274,341,169,140,121,113,144,347,344,239,101,29,214,198,160,70,82,112,265,245,134,108,96,140,117,,,241,238,,,223,170,180,278,150,71,165,21,26,338,342,221,287,293,199,169,102,256,185,72,246,105,155,,230,,,218,272,255,168,317,236,108,326,264,254,238,277,228,247,94,249,284,178,182,323,320,301,225,223,172,149,198,36,29,54,70,230,165,157,158,199,284,275,52,23,,,252,286,,,223,191,125,286,218,256,238,115,214,58,261,245,214,230,237,133,137,137,25,38,205,169,275,48,,277,,,b'\x11\xe8\xe1I\xcc\x88v\xb0\xaf\x82\x12\xdf\x17\xaeN\x1e'
11E8E149-CC88-76B0-AF82-12DF17AE4E1E,2018-ncaa-d1-conf-AAC,ncaa,5,5,9,5,12,8,6,10,2,4,4,2,11,11,8,11,10,12,1,12,11,11,11,4,4,4,11,11,8,6,2,9,6,8,3,3,2,7,10,3,5,4,3,3,,,7,8,,,6,11,9,10,4,3,8,3,3,11,11,8,12,12,9,8,4,9,7,2,9,5,3,,7,,,6,5,4,2,8,4,2,8,11,8,10,10,7,8,4,8,9,2,1,10,9,10,10,10,6,4,6,2,2,2,3,5,4,6,6,5,9,10,2,3,,,11,10,,,6,3,4,9,6,7,7,3,5,3,12,11,8,8,8,3,4,5,2,2,5,6,10,2,,11,,,b'\x11\xe8\xe1I\xcc\x88v\xb0\xaf\x82\x12\xdf\x17\xaeN\x1e'
11E8E149-CC88-76B0-AF82-12DF17AE4E1E,2018-ncaa-d1-natl,ncaa,203,207,144,210,201,166,112,183,54,40,48,64,340,338,311,337,227,289,7,290,341,211,186,128,120,150,346,344,235,120,33,251,210,208,80,96,114,235,250,143,126,106,158,124,,,216,242,,,232,214,189,279,158,78,172,23,29,338,342,224,292,296,207,175,111,265,200,79,252,113,158,,228,,,231,260,245,119,323,213,71,331,250,230,249,273,213,232,109,235,286,134,133,329,326,308,224,221,176,127,210,18,33,26,80,219,165,180,162,213,274,279,44,24,,,276,287,,,232,149,135,297,228,265,249,117,226,58,265,241,219,237,241,136,133,138,25,42,214,175,279,51,,280,,,b'\x11\xe8\xe1I\xcc\x88v\xb0\xaf\x82\x12\xdf\x17\xaeN\x1e'
11E8E149-CC88-76B0-AF82-12DF17AE4E1E,2019-ncaa-d0-natl,ncaa,220,224,173,227,208,285,262,273,225,193,174,210,313,300,315,278,260,216,313,212,197,269,223,263,280,304,307,287,173,207,132,263,315,251,220,296,294,312,328,324,125,105,181,146,,,196,223,,,246,228,201,181,310,288,304,182,156,322,301,270,195,196,299,215,206,279,263,311,311,107,169,,232,,,244,78,78,147,66,59,76,118,182,267,35,301,134,155,85,144,229,139,170,72,70,56,265,262,193,278,315,46,132,107,220,167,272,117,94,124,288,303,235,234,,,269,257,,,246,138,302,85,240,96,89,163,65,64,198,289,145,174,164,151,217,292,52,137,179,90,291,243,,274,,,b'\x11\xe8\xe1I\xcc\x88v\xb0\xaf\x82\x12\xdf\x17\xaeN\x1e'
11E8E149-CC88-76B0-AF82-12DF17AE4E1E,2019-ncaa-d1-conf-AAC,ncaa,10,9,8,10,11,12,12,12,7,12,11,7,8,9,9,5,9,9,8,9,4,12,12,7,7,7,5,6,3,12,11,12,11,12,10,12,10,9,11,12,7,6,10,6,,,3,9,,,11,12,10,7,12,11,12,11,11,8,6,8,6,6,12,12,12,12,12,12,10,5,9,,7,,,12,4,4,2,8,4,1,9,8,9,3,12,6,6,9,6,9,3,1,9,9,7,9,9,7,8,11,1,11,3,10,7,9,10,8,9,9,10,5,8,,,11,8,,,11,1,10,7,11,7,6,6,4,2,10,12,8,7,7,8,6,8,5,6,8,8,9,6,,11,,,b'\x11\xe8\xe1I\xcc\x88v\xb0\xaf\x82\x12\xdf\x17\xaeN\x1e'
11E8E149-CC88-76B0-AF82-12DF17AE4E1E,2019-ncaa-d1-natl,ncaa,222,224,155,227,193,289,276,276,259,216,181,245,321,305,320,277,233,187,309,181,171,271,216,287,291,311,292,289,119,198,120,270,317,251,220,312,297,318,331,332,126,112,185,144,,,217,239,,,254,224,197,180,312,297,309,218,164,325,300,232,170,166,299,208,187,289,265,324,318,113,179,,242,,,252,76,75,145,65,60,66,135,177,274,25,303,146,172,93,161,245,144,170,71,69,53,266,252,208,275,317,31,120,100,220,166,272,107,89,120,285,302,224,232,,,245,232,,,254,135,315,92,248,103,88,156,68,57,183,295,164,191,181,151,220,291,47,138,173,84,290,236,,239,,,b'\x11\xe8\xe1I\xcc\x88v\xb0\xaf\x82\x12\xdf\x17\xaeN\x1e'
11E8E149-CC88-76B0-AF82-12DF17AE4E1E,2020-ncaa-d0-natl,ncaa,140,170,33,167,71,145,172,151,212,126,104,220,242,237,233,261,30,27,194,26,72,106,45,240,205,249,194,264,25,89,115,245,261,177,198,282,317,336,296,323,29,50,149,139,,,339,309,,,225,41,80,240,210,233,248,181,156,262,274,50,40,44,199,99,132,313,258,309,316,42,178,,315,,,222,266,208,166,239,147,143,173,286,199,332,192,324,331,73,336,335,219,317,272,273,140,321,257,286,243,261,190,115,216,198,275,283,9,24,70,289,243,316,280,,,30,79,,,225,326,245,135,209,208,130,60,90,56,255,158,289,310,313,118,262,194,109,138,235,20,259,305,,57,,,b'\x11\xe8\xe1I\xcc\x88v\xb0\xaf\x82\x12\xdf\x17\xaeN\x1e'
11E8E149-CC88-76B0-AF82-12DF17AE4E1E,2020-ncaa-d1-conf-AAC,ncaa,6,6,3,6,5,7,8,7,8,7,7,9,6,6,7,6,4,4,6,4,5,6,3,7,7,7,4,6,2,10,9,10,6,9,8,11,12,12,12,12,4,6,7,9,,,12,11,,,8,3,2,5,7,9,7,9,8,7,6,4,4,4,8,3,8,10,10,12,12,5,8,,11,,,8,9,8,4,11,8,4,9,10,3,11,4,10,12,3,12,11,6,10,12,11,10,9,5,10,3,6,6,9,6,8,8,9,2,3,5,8,8,10,11,,,2,3,,,8,10,8,8,8,9,8,3,8,3,9,4,10,11,11,4,8,3,7,6,7,2,8,10,,2,,,b'\x11\xe8\xe1I\xcc\x88v\xb0\xaf\x82\x12\xdf\x17\xaeN\x1e'
11E8E149-CC88-76B0-AF82-12DF17AE4E1E,2020-ncaa-d1-natl,ncaa,150,170,45,170,96,184,203,185,218,154,131,233,255,251,236,262,40,36,194,34,69,143,73,245,215,259,187,268,22,109,120,283,268,224,209,302,318,333,299,326,43,61,156,144,,,329,312,,,235,65,84,230,222,246,255,197,162,267,277,52,44,47,205,107,141,317,263,318,317,50,178,,319,,,236,253,188,125,249,131,111,190,275,186,335,189,317,326,73,330,334,180,298,284,287,157,320,256,287,220,268,162,120,189,209,261,286,18,28,75,285,250,314,289,,,42,77,,,235,304,253,152,222,215,137,63,96,59,257,158,294,315,320,119,262,194,110,146,239,25,259,307,,59,,,b'\x11\xe8\xe1I\xcc\x88v\xb0\xaf\x82\x12\xdf\x17\xaeN\x1e'
11E8E149-CC88-76B0-AF82-12DF17AE4E1E,2021-ncaa-d0-natl,ncaa,249,202,273,243,273,263,257,277,144,220,232,189,289,299,180,298,236,231,236,230,197,275,276,197,196,201,278,286,138,226,100,246,242,246,128,244,170,84,211,188,272,235,201,131,,,117,283,,,195,278,229,13,185,160,196,94,76,281,300,157,125,123,186,154,112,92,83,165,223,226,139,,276,,,197,82,69,80,53,56,62,91,124,153,82,283,158,177,83,175,315,85,72,74,78,150,313,244,299,148,242,66,100,80,128,104,289,293,279,272,84,175,276,316,,,252,128,,,195,66,196,194,200,177,110,211,70,99,243,303,293,307,306,260,218,291,123,210,214,264,185,330,,125,,,b'\x11\xe8\xe1I\xcc\x88v\xb0\xaf\x82\x12\xdf\x17\xaeN\x1e'
11E8E149-CC88-76B0-AF82-12DF17AE4E1E,2021-ncaa-d1-conf-AAC,ncaa,9,7,10,8,10,10,10,10,7,9,10,7,9,9,6,9,9,9,3,9,8,10,10,8,7,6,9,7,6,10,7,9,5,10,6,10,10,2,5,7,10,11,8,7,,,3,9,,,9,10,7,1,6,5,5,4,3,7,8,7,8,8,7,6,6,2,4,8,5,11,7,,9,,,8,3,3,2,4,3,2,4,5,4,8,9,6,6,6,6,9,2,2,7,8,10,10,10,9,4,5,3,7,3,6,3,7,10,10,10,2,3,10,10,,,9,7,,,9,2,6,10,8,10,7,8,2,3,11,10,9,9,9,10,5,9,6,7,7,10,3,10,,8,,,b'\x11\xe8\xe1I\xcc\x88v\xb0\xaf\x82\x12\xdf\x17\xaeN\x1e'
11E8E149-CC88-76B0-AF82-12DF17AE4E1E,2021-ncaa-d1-natl,ncaa,258,201,281,251,281,273,269,284,149,238,243,197,295,304,181,299,250,242,231,241,201,284,285,204,202,209,277,286,131,235,105,253,250,256,136,256,176,77,216,198,281,240,210,132,,,105,288,,,210,286,230,12,198,164,201,99,78,281,300,154,131,131,193,162,116,94,86,175,224,232,140,,279,,,210,78,64,75,55,49,56,95,116,142,87,281,151,166,86,164,314,79,64,80,86,160,313,242,300,139,250,61,105,72,136,97,290,296,282,279,76,181,270,319,,,262,124,,,210,58,199,208,213,184,115,215,74,102,245,304,298,310,310,264,217,293,126,212,218,271,187,330,,126,,,b'\x11\xe8\xe1I\xcc\x88v\xb0\xaf\x82\x12\xdf\x17\xaeN\x1e'
11E8E149-CC88-76B0-AF82-12DF17AE4E1E,2022-ncaa-d0-natl,ncaa,174,210,112,200,116,141,134,96,231,76,36,276,271,273,228,319,130,171,54,162,313,99,82,266,258,259,311,305,142,26,19,85,216,42,68,157,202,306,226,231,82,102,82,81,,,220,127,,,155,109,115,57,166,137,51,64,22,286,300,140,197,195,72,44,19,63,15,180,282,94,91,,189,,,158,194,190,260,77,147,190,119,258,313,66,295,154,215,32,207,196,256,257,90,71,73,241,265,135,306,216,177,19,235,68,301,330,109,156,224,224,147,352,327,,,202,326,,,155,248,202,98,158,153,154,253,124,153,235,308,127,185,180,253,273,290,125,210,291,121,200,354,,257,,,b'\x11\xe8\xe1I\xcc\x88v\xb0\xaf\x82\x12\xdf\x17\xaeN\x1e'
11E8E149-CC88-76B0-AF82-12DF17AE4E1E,2022-ncaa-d1-conf-AAC,ncaa,9,9,4,9,4,6,5,5,9,6,3,7,6,7,5,7,7,9,1,8,10,5,6,7,8,9,7,6,7,4,4,6,8,6,5,9,9,10,10,10,4,4,7,6,,,6,4,,,10,4,7,1,6,5,5,5,4,6,8,7,9,9,4,4,4,5,4,9,10,4,7,,5,,,10,8,9,9,7,5,4,10,10,11,1,10,2,5,2,5,7,8,10,9,6,7,7,10,2,10,8,5,4,8,5,11,8,4,5,8,8,9,11,10,,,7,10,,,10,8,7,8,8,7,7,7,6,3,11,11,2,5,5,7,8,9,5,8,10,6,9,11,,7,,,b'\x11\xe8\xe1I\xcc\x88v\xb0\xaf\x82\x12\xdf\x17\xaeN\x1e'
11E8E149-CC88-76B0-AF82-12DF17AE4E1E,2022-ncaa-d1-natl,ncaa,199,209,146,210,155,187,167,116,246,97,44,286,283,289,231,318,149,196,53,189,312,125,106,285,272,271,306,300,132,30,22,108,224,51,75,190,209,291,232,243,104,118,93,84,,,189,131,,,183,140,123,49,183,154,61,74,23,288,303,142,200,195,81,48,19,67,16,193,283,103,98,,192,,,184,157,162,229,85,131,148,135,236,305,74,294,134,196,35,191,200,224,231,99,84,89,240,262,131,292,224,139,22,203,75,292,331,134,176,239,197,156,352,332,,,238,323,,,183,219,222,115,183,164,164,257,140,158,243,310,132,191,186,255,270,293,131,214,299,133,204,354,,260,,,b'\x11\xe8\xe1I\xcc\x88v\xb0\xaf\x82\x12\xdf\x17\xaeN\x1e'
11E8E149-CC88-76B0-AF82-12DF17AE4E1E,2023-ncaa-d0-natl,ncaa,120,160,46,149,56,88,93,81,163,41,24,209,303,322,253,351,37,42,81,43,201,68,53,226,191,176,330,344,49,53,60,44,58,43,38,125,211,286,174,182,125,181,149,148,,,176,77,,,126,63,142,148,142,143,130,50,27,335,346,47,66,71,107,101,73,59,50,170,210,185,178,,94,,,130,277,254,311,62,161,203,123,320,347,72,337,210,237,76,231,220,313,296,89,78,115,307,317,158,175,58,208,60,202,38,299,298,168,249,270,307,227,351,278,,,70,187,,,126,306,159,94,125,146,132,257,70,72,292,336,141,169,163,245,201,96,85,78,234,236,244,341,,137,,,b'\x11\xe8\xe1I\xcc\x88v\xb0\xaf\x82\x12\xdf\x17\xaeN\x1e'
11E8E149-CC88-76B0-AF82-12DF17AE4E1E,2023-ncaa-d1-conf-AAC,ncaa,5,8,1,7,2,3,3,3,2,2,2,5,8,10,4,11,2,3,3,3,7,2,2,4,4,3,9,9,3,5,5,2,3,2,3,4,8,9,6,6,3,5,8,9,,,7,5,,,6,2,6,8,4,5,6,3,3,9,11,3,3,4,5,7,5,5,4,7,5,5,10,,5,,,6,11,11,11,10,10,5,11,11,11,5,11,9,7,9,7,6,11,9,11,10,11,10,11,4,4,3,7,5,5,3,11,6,5,8,10,6,3,10,8,,,2,8,,,6,10,2,8,6,8,10,7,8,1,11,11,7,4,3,7,3,3,3,2,10,8,3,9,,6,,,b'\x11\xe8\xe1I\xcc\x88v\xb0\xaf\x82\x12\xdf\x17\xaeN\x1e'
11E8E149-CC88-76B0-AF82-12DF17AE4E1E,2023-ncaa-d1-natl,ncaa,136,160,56,155,69,114,114,93,173,48,28,222,318,330,260,351,41,52,79,53,195,82,70,233,202,188,327,343,44,64,65,54,65,48,43,145,219,266,179,194,158,198,162,152,,,151,77,,,151,77,147,142,153,162,147,55,28,335,346,50,70,72,114,110,81,65,52,181,210,198,182,,96,,,151,254,236,297,71,131,159,135,317,344,81,337,193,222,86,212,223,299,279,103,87,137,306,318,156,148,65,173,65,167,43,288,296,200,266,279,291,234,351,285,,,93,177,,,151,291,172,114,147,163,145,258,80,73,298,337,149,178,169,246,199,101,90,83,246,248,251,344,,136,,,b'\x11\xe8\xe1I\xcc\x88v\xb0\xaf\x82\x12\xdf\x17\xaeN\x1e'
11E8E149-CC88-76B0-AF82-12DF17AE4E1E,2024-ncaa-d0-natl,ncaa,264,312,94,290,103,149,155,90,267,113,59,268,239,203,282,265,94,59,319,54,119,80,68,280,285,267,247,272,86,60,149,118,252,84,230,167,192,280,172,229,174,241,264,299,,,285,196,,,273,74,74,115,185,187,81,132,69,256,230,104,57,48,62,52,62,143,82,194,240,194,288,,254,,,262,309,323,293,280,329,252,336,235,302,46,251,198,272,3,271,227,293,299,267,236,237,82,140,94,301,252,340,149,341,230,326,273,103,177,253,232,154,287,213,,,61,121,,,273,288,247,252,256,286,313,283,320,211,201,291,162,238,237,289,294,277,315,320,319,130,200,281,,60,,,b'\x11\xe8\xe1I\xcc\x88v\xb0\xaf\x82\x12\xdf\x17\xaeN\x1e'
11E8E149-CC88-76B0-AF82-12DF17AE4E1E,2024-ncaa-d1-conf-AAC,ncaa,12,13,4,13,6,10,11,6,13,8,7,13,10,8,10,8,7,6,11,6,7,6,6,13,12,12,7,8,5,6,9,3,8,5,11,8,6,8,7,10,9,12,10,9,,,9,7,,,14,3,3,9,11,12,4,8,7,10,7,9,7,7,5,4,6,4,5,9,8,10,9,,8,,,13,12,12,11,10,10,3,14,12,14,4,14,7,8,1,8,10,12,12,11,11,10,9,11,5,10,8,13,9,13,11,13,12,6,7,12,8,7,8,7,,,7,8,,,14,12,14,10,13,13,13,11,8,2,13,14,7,9,9,11,11,9,14,14,14,7,8,8,,7,,,b'\x11\xe8\xe1I\xcc\x88v\xb0\xaf\x82\x12\xdf\x17\xaeN\x1e'
11E8E149-CC88-76B0-AF82-12DF17AE4E1E,2024-ncaa-d1-natl,ncaa,289,314,130,297,144,186,185,124,286,144,78,284,256,232,293,268,113,67,319,64,118,106,87,295,295,279,246,272,77,80,159,147,264,117,244,200,204,252,186,241,209,254,283,308,,,267,204,,,292,96,76,112,206,205,89,149,73,264,235,109,59,49,65,60,69,153,95,212,239,211,299,,258,,,288,294,318,277,295,322,227,343,220,290,55,249,178,254,5,253,229,277,278,281,249,254,81,138,95,286,264,331,159,331,244,325,280,141,188,264,207,162,280,225,,,77,116,,,292,266,262,275,284,295,321,291,325,216,210,294,166,243,242,293,295,287,324,329,326,146,205,286,,59,,,b'\x11\xe8\xe1I\xcc\x88v\xb0\xaf\x82\x12\xdf\x17\xaeN\x1e'
11E8E149-CC88-76B0-AF82-12DF17AE4E1E,2025-ncaa-d0-natl,genius_ncaa,282,313,135,296,157,193,171,100,285,134,71,289,265,221,295,272,236,172,337,175,285,103,112,307,323,282,293,265,221,158,281,90,167,108,275,194,229,143,114,192,164,213,106,130,,,282,249,,278,267,104,54,208,228,184,58,134,59,271,225,257,176,183,71,82,170,64,86,209,148,169,108,,284,,285,260,247,228,258,134,198,258,92,270,235,281,168,252,283,64,279,232,269,253,145,138,175,258,249,216,251,167,350,281,331,275,259,259,159,211,227,120,92,276,180,,,196,286,,82,267,255,295,183,257,243,224,283,180,267,276,228,245,278,274,299,298,254,357,345,265,163,127,282,,223,,77,b'\x11\xe8\xe1I\xcc\x88v\xb0\xaf\x82\x12\xdf\x17\xaeN\x1e'
11E8E149-CC88-76B0-AF82-12DF17AE4E1E,2025-ncaa-d1-conf-AAC,genius_ncaa,12,11,7,12,8,13,12,7,13,10,7,13,11,10,12,10,12,10,11,10,12,7,10,13,13,13,10,8,8,10,12,7,5,9,12,13,10,2,3,10,8,8,6,4,,,10,13,,10,11,8,5,7,13,11,3,9,5,10,9,12,9,9,3,7,10,6,8,12,2,8,6,,13,,12,11,7,2,3,6,2,1,7,11,10,11,11,11,11,5,11,13,5,4,8,8,8,13,12,12,3,5,13,12,13,12,9,13,7,7,8,2,2,6,7,,,10,11,,3,11,4,13,9,11,9,5,7,2,2,12,11,13,13,13,9,8,6,13,13,10,5,2,7,,10,,2,b'\x11\xe8\xe1I\xcc\x88v\xb0\xaf\x82\x12\xdf\x17\xaeN\x1e'
11E8E149-CC88-76B0-AF82-12DF17AE4E1E,2025-ncaa-d1-natl,genius_ncaa,301,312,172,311,206,231,203,126,298,165,84,302,273,237,301,270,253,191,337,194,279,131,140,315,326,291,288,267,218,187,290,115,175,138,287,221,233,122,118,201,187,224,120,136,,,263,256,,273,284,134,55,195,244,199,63,147,61,276,230,258,177,181,73,91,181,71,96,225,148,184,111,,286,,288,278,224,201,227,149,175,237,102,260,214,291,167,234,271,63,264,233,249,227,163,157,196,259,248,212,238,175,346,290,324,287,246,260,194,225,237,101,101,267,197,,,224,282,,91,284,225,304,197,274,262,238,284,193,270,278,228,251,281,277,306,298,259,358,346,273,171,127,286,,220,,75,b'\x11\xe8\xe1I\xcc\x88v\xb0\xaf\x82\x12\xdf\x17\xaeN\x1e'
11E8E149-CC88-76B0-AF82-12DF17AE4E1E,2026-ncaa-d0-natl,genius_ncaa,332,346,116,332,120,234,205,150,319,180,139,290,242,171,330,192,290,243,343,235,313,159,153,319,334,323,288,212,283,93,171,175,263,139,253,213,216,257,230,255,158,169,134,124,,,269,301,,312,289,177,280,41,304,268,155,219,141,272,191,331,296,290,184,168,92,236,146,265,233,174,150,,276,,321,276,232,187,178,196,162,153,184,258,234,233,214,289,326,42,316,328,195,187,209,216,225,296,236,288,275,263,297,171,299,253,167,131,180,203,166,221,199,310,288,,,269,347,,268,289,176,308,246,286,203,149,119,117,85,242,219,281,318,312,175,141,251,312,310,127,203,198,310,,334,,286,b'\x11\xe8\xe1I\xcc\x88v\xb0\xaf\x82\x12\xdf\x17\xaeN\x1e'
11E8E149-CC88-76B0-AF82-12DF17AE4E1E,2026-ncaa-d1-natl,genius_ncaa,332,345,85,347,89,219,190,126,289,160,117,266,240,160,314,204,272,194,349,197,280,138,117,300,323,314,287,213,272,97,194,150,248,118,243,193,181,299,255,254,106,120,166,150,,,319,315,,338,276,126,240,47,282,247,165,214,149,265,207,314,253,252,192,153,113,213,152,231,268,128,185,,306,,330,269,246,187,194,165,148,143,186,276,279,181,256,317,345,37,343,347,230,238,194,205,204,319,243,310,278,248,311,194,311,243,171,137,132,173,137,220,180,314,282,,,235,322,,268,276,219,297,213,280,190,120,107,90,49,238,253,297,335,331,172,171,251,293,295,116,173,182,297,,307,,289,b'\x11\xe8\xe1I\xcc\x88v\xb0\xaf\x82\x12\xdf\x17\xaeN\x1e'
11E8E149-CC8C-B4BE-AF82-12DF17AE4E1E,2010-ncaa-d0-natl,ncaa,219,224,178,231,226,222,180,139,224,137,103,207,253,240,282,250,285,163,343,164,234,147,117,253,294,289,299,254,279,12,8,188,314,75,91,187,209,294,258,249,126,136,96,126,,,210,195,,,211,179,104,283,232,154,88,106,61,256,235,292,142,144,92,38,7,178,25,172,302,107,81,,242,,,212,124,137,205,70,185,281,40,77,53,219,35,190,164,256,159,92,204,208,55,62,61,114,85,224,312,314,102,8,203,91,73,67,130,147,69,281,248,210,174,,,231,306,,,211,173,244,116,200,160,165,272,208,326,84,52,209,185,186,271,289,326,127,256,94,105,285,231,,223,,,b'\x11\xe8\xe1I\xcc\x8c\xb4\xbe\xaf\x82\x12\xdf\x17\xaeN\x1e'
11E8E149-CC8C-B4BE-AF82-12DF17AE4E1E,2010-ncaa-d1-conf-CAA,ncaa,11,11,8,11,10,9,6,4,9,6,4,8,8,5,9,5,11,9,12,9,10,5,5,9,10,10,11,8,12,2,1,10,11,6,5,7,7,7,6,5,7,7,4,3,,,10,12,,,11,8,2,9,6,4,2,1,1,8,4,11,7,7,2,1,1,9,3,4,8,6,3,,12,,,11,11,8,7,9,9,7,8,7,2,12,3,12,10,11,10,10,7,6,10,10,12,9,5,11,7,11,8,1,7,5,7,4,6,8,6,6,6,11,10,,,11,12,,,11,5,7,12,11,12,12,8,11,10,8,3,12,12,12,10,11,10,11,11,9,5,7,12,,10,,,b'\x11\xe8\xe1I\xcc\x8c\xb4\xbe\xaf\x82\x12\xdf\x17\xaeN\x1e'
11E8E149-CC8C-B4BE-AF82-12DF17AE4E1E,2010-ncaa-d1-natl,ncaa,228,223,191,233,258,240,191,155,229,144,114,212,262,246,283,249,295,171,343,172,233,162,129,263,298,293,299,255,277,13,8,208,319,83,98,197,210,283,256,252,134,144,100,128,,,195,195,,,215,201,106,285,236,160,93,110,65,258,235,292,143,145,99,40,8,180,26,176,302,112,82,,245,,,215,106,119,194,72,174,275,42,66,41,222,33,180,154,257,148,93,189,190,58,66,69,114,84,220,311,319,86,8,193,98,64,68,148,155,74,273,251,204,179,,,247,306,,,215,152,247,123,206,163,174,274,213,326,87,53,213,189,189,272,290,328,128,260,98,109,284,234,,222,,,b'\x11\xe8\xe1I\xcc\x8c\xb4\xbe\xaf\x82\x12\xdf\x17\xaeN\x1e'
11E8E149-CC8C-B4BE-AF82-12DF17AE4E1E,2011-ncaa-d0-natl,ncaa,330,335,242,334,243,210,205,193,204,159,131,211,257,261,248,245,175,234,58,225,269,197,197,235,213,220,251,259,139,172,159,294,333,271,305,216,188,174,215,220,215,220,270,289,,,209,218,,,297,206,127,8,171,166,112,120,82,245,240,137,199,188,123,97,138,293,252,175,239,186,268,,268,,,299,264,280,180,317,292,241,291,149,88,310,72,214,224,141,222,202,195,179,307,306,310,88,105,170,293,333,132,159,210,305,287,226,202,223,277,307,313,108,93,,,278,296,,,297,134,218,324,294,321,320,274,324,309,195,125,271,269,268,299,296,323,217,296,315,148,316,142,,258,,,b'\x11\xe8\xe1I\xcc\x8c\xb4\xbe\xaf\x82\x12\xdf\x17\xaeN\x1e'
11E8E149-CC8C-B4BE-AF82-12DF17AE4E1E,2011-ncaa-d1-conf-CAA,ncaa,12,12,8,12,8,8,7,6,5,8,6,7,6,5,6,5,6,9,1,10,11,8,8,8,6,8,6,5,8,10,10,10,11,11,11,6,4,9,9,7,9,10,9,10,,,5,5,,,11,7,3,2,6,6,5,6,5,6,5,6,9,10,6,6,9,10,10,4,9,9,9,,8,,,11,11,11,9,11,11,9,11,10,10,11,9,5,6,3,6,7,8,8,11,11,12,7,10,1,9,11,6,10,8,11,12,10,9,11,12,12,11,6,6,,,11,12,,,11,6,8,12,11,12,12,11,11,10,11,10,7,6,6,11,11,12,10,11,12,6,12,6,,11,,,b'\x11\xe8\xe1I\xcc\x8c\xb4\xbe\xaf\x82\x12\xdf\x17\xaeN\x1e'
11E8E149-CC8C-B4BE-AF82-12DF17AE4E1E,2011-ncaa-d1-natl,ncaa,334,335,279,335,279,237,228,219,211,178,148,216,260,266,246,244,193,246,57,240,266,224,230,241,222,223,247,260,136,192,166,309,333,291,310,226,188,153,219,221,230,226,275,290,,,193,219,,,301,244,130,7,182,169,114,126,83,246,239,137,203,192,129,98,142,295,256,177,238,191,270,,271,,,307,250,267,153,322,284,225,292,137,78,312,69,206,214,144,212,203,169,150,310,307,315,87,105,170,286,333,104,166,193,310,283,228,227,227,281,302,317,97,99,,,294,296,,,301,99,222,327,305,324,323,275,327,310,194,125,275,273,270,300,295,325,219,301,321,160,319,149,,259,,,b'\x11\xe8\xe1I\xcc\x8c\xb4\xbe\xaf\x82\x12\xdf\x17\xaeN\x1e'
11E8E149-CC8C-B4BE-AF82-12DF17AE4E1E,2012-ncaa-d0-natl,ncaa,266,260,240,268,251,125,109,161,69,127,142,143,97,185,8,171,228,255,79,256,289,179,196,62,70,72,166,108,279,235,230,284,299,279,294,68,60,91,121,44,107,95,269,296,,,72,55,,,215,179,66,91,56,47,66,77,86,76,155,204,237,237,93,101,204,273,260,26,153,75,257,,120,,,215,278,319,220,330,319,268,311,218,106,336,95,62,48,254,46,24,188,166,326,315,317,34,153,21,215,299,152,230,185,294,309,202,211,217,295,182,207,193,169,,,315,330,,,215,158,94,320,216,324,338,317,336,323,255,155,100,78,78,290,287,272,246,277,328,166,229,225,,308,,,b'\x11\xe8\xe1I\xcc\x8c\xb4\xbe\xaf\x82\x12\xdf\x17\xaeN\x1e'
11E8E149-CC8C-B4BE-AF82-12DF17AE4E1E,2012-ncaa-d1-conf-CAA,ncaa,11,11,8,11,10,7,7,9,5,8,9,7,4,5,1,4,9,10,4,10,11,9,9,4,4,6,4,4,9,10,8,11,12,11,12,4,4,9,9,4,4,3,12,12,,,4,2,,,11,8,3,8,3,4,4,6,8,3,5,8,9,9,4,4,8,11,10,3,10,4,11,,7,,,11,12,12,9,12,11,9,12,11,8,12,8,5,3,12,3,2,7,7,12,12,12,4,10,3,10,12,6,8,6,12,11,8,8,10,10,11,11,8,9,,,12,12,,,11,5,7,12,11,12,12,11,12,11,11,9,7,5,4,10,10,10,8,9,11,5,11,9,,12,,,b'\x11\xe8\xe1I\xcc\x8c\xb4\xbe\xaf\x82\x12\xdf\x17\xaeN\x1e'
11E8E149-CC8C-B4BE-AF82-12DF17AE4E1E,2012-ncaa-d1-natl,ncaa,267,260,196,269,217,119,109,143,67,119,130,150,99,178,9,180,191,235,66,233,273,164,180,65,68,70,156,115,255,235,236,269,296,264,292,56,50,109,130,46,104,102,247,279,,,88,56,,,222,155,55,90,58,54,74,84,93,83,161,174,211,210,94,101,213,252,246,25,163,79,239,,126,,,224,302,326,260,326,323,286,306,239,133,335,107,75,60,238,59,28,228,206,321,312,320,39,165,23,241,296,184,236,209,292,317,200,213,232,298,213,214,218,188,,,307,325,,,222,184,94,320,221,324,338,324,333,324,261,169,108,90,89,306,298,275,245,278,326,178,239,236,,307,,,b'\x11\xe8\xe1I\xcc\x8c\xb4\xbe\xaf\x82\x12\xdf\x17\xaeN\x1e'
11E8E149-CC8C-B4BE-AF82-12DF17AE4E1E,2013-ncaa-d0-natl,ncaa,304,303,251,307,265,230,218,228,193,229,267,170,148,126,200,86,269,288,91,287,234,249,252,172,185,199,134,105,236,190,128,308,315,285,258,130,32,173,229,134,111,67,315,305,,,132,183,,,266,264,194,99,197,183,156,209,243,115,87,246,270,271,190,171,135,302,247,74,229,67,310,,200,,,269,218,229,117,311,161,46,320,302,272,286,308,91,92,140,86,178,92,104,327,317,300,253,300,69,217,315,83,128,129,258,284,297,199,154,277,193,243,55,108,,,330,332,,,266,81,184,314,271,283,288,212,232,87,318,305,139,143,135,195,202,275,160,221,312,157,242,80,,317,,,b'\x11\xe8\xe1I\xcc\x8c\xb4\xbe\xaf\x82\x12\xdf\x17\xaeN\x1e'
11E8E149-CC8C-B4BE-AF82-12DF17AE4E1E,2013-ncaa-d1-conf-CAA,ncaa,7,7,6,7,7,7,6,6,6,4,7,4,7,4,10,4,10,11,6,11,11,6,5,7,8,8,8,4,9,7,7,7,6,7,8,4,4,8,7,6,1,1,11,11,,,6,6,,,8,6,5,2,8,6,6,4,7,5,4,10,9,9,7,6,6,7,7,5,8,1,11,,5,,,7,8,9,7,11,8,4,11,10,10,9,11,2,3,3,2,3,6,6,11,10,7,6,9,1,5,6,8,7,9,8,10,9,4,4,8,7,8,6,7,,,11,11,,,8,6,7,7,7,8,11,7,7,5,10,11,3,4,3,6,7,6,7,7,10,3,8,8,,11,,,b'\x11\xe8\xe1I\xcc\x8c\xb4\xbe\xaf\x82\x12\xdf\x17\xaeN\x1e'
11E8E149-CC8C-B4BE-AF82-12DF17AE4E1E,2013-ncaa-d1-natl,ncaa,298,303,210,304,231,211,201,201,196,228,257,173,124,98,197,79,250,273,102,272,226,219,209,175,187,203,120,102,240,157,125,309,314,265,249,106,30,210,233,133,78,53,304,289,,,159,188,,,254,224,180,99,196,176,150,211,236,107,81,243,263,263,177,160,127,298,238,66,238,50,303,,211,,,254,233,240,147,306,188,52,319,298,282,254,306,108,112,139,110,187,117,140,322,313,282,246,289,81,233,314,103,125,163,249,287,291,159,119,252,231,253,57,105,,,324,332,,,254,115,184,299,256,277,281,201,227,88,308,303,145,148,142,190,210,268,170,222,305,120,259,77,,312,,,b'\x11\xe8\xe1I\xcc\x8c\xb4\xbe\xaf\x82\x12\xdf\x17\xaeN\x1e'
11E8E149-CC8C-B4BE-AF82-12DF17AE4E1E,2014-ncaa-d0-natl,ncaa,288,282,254,291,259,288,278,259,281,274,269,225,193,140,297,92,301,313,117,314,272,281,288,269,268,267,152,128,240,311,328,330,348,336,348,219,94,122,211,188,34,11,239,254,,,51,44,,,288,249,181,39,284,262,191,250,242,170,104,280,305,306,244,237,299,333,339,192,181,10,222,,86,,,288,138,230,143,296,267,198,285,102,87,208,100,28,30,129,29,23,103,155,278,232,162,15,115,22,324,348,238,328,291,348,202,163,95,64,117,177,257,189,264,,,346,349,,,288,91,297,248,293,239,304,265,316,293,140,113,52,51,53,207,281,342,306,338,267,47,239,238,,346,,,b'\x11\xe8\xe1I\xcc\x8c\xb4\xbe\xaf\x82\x12\xdf\x17\xaeN\x1e'
11E8E149-CC8C-B4BE-AF82-12DF17AE4E1E,2014-ncaa-d1-conf-CAA,ncaa,8,8,6,8,7,5,5,4,7,7,6,7,4,4,5,3,7,8,3,8,7,4,5,4,4,5,4,4,7,8,8,9,9,9,9,5,2,5,6,4,1,1,5,6,,,6,2,,,8,4,3,2,4,5,3,6,6,4,4,6,8,8,3,4,8,8,8,4,7,1,4,,6,,,8,7,9,7,8,9,7,8,2,3,4,2,1,2,2,2,1,6,6,8,8,6,1,2,1,9,9,8,8,8,9,7,3,2,2,4,6,6,7,8,,,9,9,,,8,6,7,7,8,8,9,8,9,8,2,4,1,3,4,8,8,9,8,9,7,2,6,8,,9,,,b'\x11\xe8\xe1I\xcc\x8c\xb4\xbe\xaf\x82\x12\xdf\x17\xaeN\x1e'
11E8E149-CC8C-B4BE-AF82-12DF17AE4E1E,2014-ncaa-d1-natl,ncaa,293,282,307,295,312,303,297,281,285,288,284,231,201,145,301,93,309,319,118,321,271,302,312,274,273,273,150,127,239,319,331,340,348,341,348,235,96,104,211,188,40,13,250,257,,,39,44,,,296,283,186,35,285,266,193,253,247,169,105,282,305,308,248,239,303,336,342,199,184,10,227,,87,,,298,116,215,117,297,258,181,292,95,78,209,99,21,23,131,22,24,73,119,283,241,167,15,114,22,317,348,218,331,281,348,190,166,110,65,123,167,258,178,269,,,347,349,,,296,59,299,263,302,244,310,267,318,294,138,110,54,50,54,209,276,344,306,338,270,48,239,239,,346,,,b'\x11\xe8\xe1I\xcc\x8c\xb4\xbe\xaf\x82\x12\xdf\x17\xaeN\x1e'
11E8E149-CC8C-B4BE-AF82-12DF17AE4E1E,2015-ncaa-d0-natl,ncaa,162,189,113,184,113,166,138,161,134,118,123,163,212,238,151,243,206,193,207,187,252,165,147,161,176,198,258,215,224,262,290,214,310,248,315,62,24,233,225,103,18,9,51,51,,,185,115,,,160,106,158,4,197,166,192,124,133,222,243,228,225,224,207,190,283,255,297,49,219,8,50,,163,,,161,136,164,172,189,195,201,164,150,147,190,141,117,190,9,187,159,175,258,166,127,54,114,160,123,306,310,267,290,287,315,184,207,25,30,51,248,244,331,321,,,258,301,,,160,236,237,80,165,126,144,136,169,176,146,126,109,166,164,132,284,299,241,282,172,21,238,335,,298,,,b'\x11\xe8\xe1I\xcc\x8c\xb4\xbe\xaf\x82\x12\xdf\x17\xaeN\x1e'
11E8E149-CC8C-B4BE-AF82-12DF17AE4E1E,2015-ncaa-d1-conf-CAA,ncaa,7,6,6,7,6,7,7,7,6,6,6,4,7,6,7,5,9,7,10,8,7,7,8,6,7,7,7,6,9,9,10,8,10,9,10,2,2,6,6,4,1,1,3,3,,,4,2,,,6,6,5,1,6,4,5,5,5,6,5,8,6,7,5,6,8,8,9,2,6,1,3,,4,,,6,2,3,4,5,4,4,6,4,4,4,4,1,3,1,3,3,3,7,5,4,4,1,4,3,10,10,9,10,10,10,5,5,1,2,3,7,9,10,10,,,9,8,,,6,5,9,4,6,5,7,8,8,8,4,4,2,3,3,7,10,10,9,10,6,1,8,10,,8,,,b'\x11\xe8\xe1I\xcc\x8c\xb4\xbe\xaf\x82\x12\xdf\x17\xaeN\x1e'
11E8E149-CC8C-B4BE-AF82-12DF17AE4E1E,2015-ncaa-d1-natl,ncaa,180,189,143,189,143,199,170,207,142,138,141,176,220,253,150,244,230,217,208,214,249,206,185,169,183,205,256,216,220,283,293,245,315,287,321,73,25,218,231,106,21,13,57,53,,,163,117,,,173,138,163,4,205,172,203,130,139,223,245,235,226,225,211,195,288,262,303,58,223,13,49,,166,,,174,105,142,136,196,170,171,177,133,123,198,136,103,164,10,162,163,141,231,179,137,57,108,160,121,290,315,241,293,270,321,170,207,36,36,56,235,245,331,322,,,282,303,,,173,208,244,89,177,133,154,138,176,179,147,125,112,168,166,137,283,303,242,284,185,24,241,336,,300,,,b'\x11\xe8\xe1I\xcc\x8c\xb4\xbe\xaf\x82\x12\xdf\x17\xaeN\x1e'
11E8E149-CC8C-B4BE-AF82-12DF17AE4E1E,2016-ncaa-d0-natl,ncaa,164,156,175,164,189,201,182,186,181,175,175,179,191,178,223,174,257,279,152,267,274,207,244,193,207,176,217,178,257,235,248,271,301,267,303,69,7,51,91,40,67,48,47,25,,,199,221,,,176,240,243,108,205,168,162,159,157,192,177,266,275,271,196,245,226,286,290,37,67,47,34,,223,,,176,110,83,83,169,105,103,179,116,117,154,149,213,249,40,248,290,110,141,164,164,124,204,150,260,253,301,208,248,228,303,164,261,105,82,117,115,158,328,319,,,320,319,,,176,115,181,157,172,135,112,81,134,103,133,132,235,266,269,120,162,273,231,255,176,79,138,332,,328,,,b'\x11\xe8\xe1I\xcc\x8c\xb4\xbe\xaf\x82\x12\xdf\x17\xaeN\x1e'
11E8E149-CC8C-B4BE-AF82-12DF17AE4E1E,2016-ncaa-d1-conf-CAA,ncaa,7,7,7,7,8,8,6,7,4,7,7,5,4,5,5,5,6,7,2,6,6,8,8,4,4,5,5,4,6,10,9,10,10,10,10,3,3,4,4,2,2,2,2,2,,,8,9,,,7,6,5,3,5,5,3,5,7,4,5,5,7,6,3,5,9,10,9,3,5,2,2,,9,,,7,8,6,1,9,9,2,8,6,3,9,3,8,9,3,8,9,3,5,9,8,7,6,5,8,8,10,5,9,8,10,7,7,1,1,5,6,7,9,10,,,8,8,,,7,4,7,8,7,9,7,3,9,5,6,4,10,10,10,4,9,10,8,10,7,1,7,9,,8,,,b'\x11\xe8\xe1I\xcc\x8c\xb4\xbe\xaf\x82\x12\xdf\x17\xaeN\x1e'
11E8E149-CC8C-B4BE-AF82-12DF17AE4E1E,2016-ncaa-d1-natl,ncaa,174,156,218,169,235,230,212,221,190,206,208,190,208,197,226,174,275,287,151,283,270,236,284,201,214,181,215,176,254,254,255,302,310,300,308,82,8,32,95,41,85,49,50,28,,,173,223,,,189,282,248,98,217,180,173,171,161,195,177,267,276,272,202,248,229,289,297,41,71,53,35,,222,,,189,87,65,47,177,87,74,189,102,85,162,147,198,238,46,234,294,70,97,178,175,139,202,146,262,232,310,181,255,198,308,149,263,135,92,127,96,161,326,326,,,333,319,,,189,71,188,174,185,149,120,82,145,107,137,132,241,273,275,121,161,280,237,263,186,87,141,333,,326,,,b'\x11\xe8\xe1I\xcc\x8c\xb4\xbe\xaf\x82\x12\xdf\x17\xaeN\x1e'
11E8E149-CC8C-B4BE-AF82-12DF17AE4E1E,2017-ncaa-d0-natl,ncaa,93,75,116,92,145,167,132,193,74,103,129,92,230,253,144,245,264,286,131,288,322,210,226,99,104,118,305,239,280,211,174,228,285,223,217,53,19,129,166,57,33,17,8,2,,,104,107,,,103,227,300,209,191,140,242,100,147,240,266,288,303,304,274,295,233,283,279,35,110,28,3,,85,,,103,59,86,126,109,159,181,137,33,73,16,95,111,116,121,122,131,117,163,81,67,40,51,53,179,256,285,92,174,165,217,74,127,87,59,54,224,258,336,326,,,290,301,,,103,138,132,64,92,47,75,61,141,143,27,56,94,104,112,53,88,243,76,132,78,94,215,336,,326,,,b'\x11\xe8\xe1I\xcc\x8c\xb4\xbe\xaf\x82\x12\xdf\x17\xaeN\x1e'
11E8E149-CC8C-B4BE-AF82-12DF17AE4E1E,2017-ncaa-d1-conf-CAA,ncaa,4,5,3,5,4,4,3,5,2,2,5,2,7,8,5,7,9,9,4,9,10,6,6,3,4,4,10,7,10,7,7,9,10,9,8,1,1,4,7,2,1,1,1,1,,,5,5,,,4,5,6,5,5,4,6,2,4,7,8,9,9,9,6,7,7,9,9,1,5,1,1,,4,,,4,7,8,4,9,10,9,8,1,1,3,1,5,5,4,5,4,6,6,6,6,5,1,1,4,10,10,3,7,5,8,5,2,5,4,4,8,8,10,10,,,9,9,,,4,6,4,6,4,6,6,4,10,9,2,1,5,5,5,3,6,8,4,5,5,4,7,10,,9,,,b'\x11\xe8\xe1I\xcc\x8c\xb4\xbe\xaf\x82\x12\xdf\x17\xaeN\x1e'
11E8E149-CC8C-B4BE-AF82-12DF17AE4E1E,2017-ncaa-d1-natl,ncaa,104,75,144,96,180,200,158,240,80,122,162,96,245,262,145,241,286,305,129,306,320,262,281,104,113,127,303,236,279,235,183,270,289,271,232,61,19,97,169,61,41,21,8,2,,,77,107,,,111,285,303,197,205,153,250,105,152,244,268,292,307,308,282,300,238,288,289,38,113,31,3,,87,,,110,38,67,78,117,135,138,146,25,53,20,92,89,97,124,103,133,67,105,89,71,48,50,51,178,236,289,63,183,120,232,63,129,110,67,60,201,262,335,329,,,315,296,,,111,79,137,76,98,49,81,62,151,145,26,51,96,106,114,55,89,248,76,137,83,101,215,339,,327,,,b'\x11\xe8\xe1I\xcc\x8c\xb4\xbe\xaf\x82\x12\xdf\x17\xaeN\x1e'
11E8E149-CC8C-B4BE-AF82-12DF17AE4E1E,2018-ncaa-d0-natl,ncaa,149,129,164,149,171,168,144,187,100,114,157,80,216,202,225,195,209,223,170,224,240,200,189,119,129,147,266,231,222,289,296,166,319,234,306,81,33,202,223,112,90,98,4,4,,,194,128,,,161,149,89,52,148,123,170,88,141,211,196,209,206,214,180,151,294,145,234,50,230,70,3,,216,,,161,142,182,223,100,232,283,67,88,76,187,47,133,198,17,206,130,227,253,80,59,55,67,88,144,336,319,197,296,289,306,237,258,83,116,141,299,304,334,325,,,232,231,,,161,199,202,106,159,167,205,273,245,326,106,85,162,212,219,282,315,334,222,305,251,63,304,341,,215,,,b'\x11\xe8\xe1I\xcc\x8c\xb4\xbe\xaf\x82\x12\xdf\x17\xaeN\x1e'
11E8E149-CC8C-B4BE-AF82-12DF17AE4E1E,2018-ncaa-d1-conf-CAA,ncaa,6,6,7,6,7,6,6,8,6,7,7,3,7,4,9,2,7,9,4,9,9,8,8,6,6,6,8,5,7,9,9,8,10,9,10,5,3,5,7,4,6,7,2,2,,,7,6,,,6,8,5,3,5,5,5,6,7,7,2,7,9,9,6,6,9,6,9,3,5,5,1,,8,,,6,7,7,6,6,7,9,5,4,3,7,3,5,6,4,6,5,6,6,6,6,6,3,2,5,9,10,6,9,9,10,8,7,6,7,7,8,10,9,10,,,9,8,,,6,3,6,8,7,8,7,8,7,10,4,4,6,8,8,9,9,10,9,10,8,6,10,9,,8,,,b'\x11\xe8\xe1I\xcc\x8c\xb4\xbe\xaf\x82\x12\xdf\x17\xaeN\x1e'
11E8E149-CC8C-B4BE-AF82-12DF17AE4E1E,2018-ncaa-d1-natl,ncaa,169,129,213,163,223,205,173,229,106,138,195,92,230,215,230,192,233,245,175,250,244,246,241,127,134,154,264,229,215,311,303,208,322,275,313,95,37,184,229,118,104,107,4,5,,,172,133,,,185,188,90,47,156,130,176,92,146,216,193,204,208,217,189,155,302,153,246,54,233,81,3,,219,,,184,114,151,192,110,208,276,72,74,61,192,45,115,184,19,189,130,193,219,90,66,66,68,86,145,329,322,168,303,271,313,227,258,104,122,150,290,308,331,330,,,257,225,,,185,160,211,118,179,176,213,274,253,327,106,86,165,216,223,285,311,336,230,309,258,67,305,341,,216,,,b'\x11\xe8\xe1I\xcc\x8c\xb4\xbe\xaf\x82\x12\xdf\x17\xaeN\x1e'
11E8E149-CC8C-B4BE-AF82-12DF17AE4E1E,2019-ncaa-d0-natl,ncaa,163,180,114,177,117,153,184,254,90,257,302,98,68,108,46,66,118,180,26,183,53,252,217,60,49,101,33,52,120,323,315,216,254,290,283,74,8,276,291,127,152,170,94,100,,,264,271,,,179,154,223,12,153,221,321,288,330,67,108,122,190,194,316,296,330,265,333,58,248,172,99,,266,,,180,206,144,154,179,206,188,201,63,107,45,92,326,314,296,310,291,196,222,137,200,173,156,35,321,234,254,128,315,164,283,137,130,103,105,84,318,328,216,293,,,90,33,,,179,218,145,168,163,179,125,101,193,173,56,88,315,301,300,149,209,211,112,145,118,101,300,205,,91,,,b'\x11\xe8\xe1I\xcc\x8c\xb4\xbe\xaf\x82\x12\xdf\x17\xaeN\x1e'
11E8E149-CC8C-B4BE-AF82-12DF17AE4E1E,2019-ncaa-d1-conf-CAA,ncaa,7,7,4,7,4,4,5,9,3,10,10,2,1,1,1,1,4,5,1,6,1,9,7,1,1,3,1,1,6,10,10,6,9,10,9,2,2,6,8,3,9,9,4,4,,,8,7,,,7,4,8,1,5,7,10,10,10,1,1,4,7,7,10,9,10,7,10,2,6,8,4,,6,,,7,7,7,8,5,7,8,6,4,8,3,4,10,10,9,10,10,8,8,5,6,7,6,3,10,8,9,4,10,8,9,6,5,7,9,9,9,10,3,8,,,4,3,,,7,7,5,8,7,7,6,7,7,6,5,7,10,9,9,8,8,9,5,6,6,8,8,3,,4,,,b'\x11\xe8\xe1I\xcc\x8c\xb4\xbe\xaf\x82\x12\xdf\x17\xaeN\x1e'
11E8E149-CC8C-B4BE-AF82-12DF17AE4E1E,2019-ncaa-d1-natl,ncaa,182,180,155,191,159,192,232,299,103,288,327,111,82,118,50,66,142,216,28,218,55,290,273,62,49,105,30,51,113,335,319,260,260,319,293,86,9,253,302,136,185,180,108,107,,,241,273,,,198,216,230,10,167,230,323,295,330,69,108,124,196,199,316,301,331,273,337,67,250,182,99,,269,,,198,163,114,101,196,179,154,216,47,81,52,89,311,296,297,295,290,148,162,151,221,191,154,34,324,206,260,86,319,119,293,112,132,123,117,97,302,330,203,303,,,120,34,,,198,157,155,193,186,198,142,101,208,178,59,90,318,302,301,157,208,220,116,155,125,105,306,210,,93,,,b'\x11\xe8\xe1I\xcc\x8c\xb4\xbe\xaf\x82\x12\xdf\x17\xaeN\x1e'
11E8E149-CC8C-B4BE-AF82-12DF17AE4E1E,2020-ncaa-d0-natl,ncaa,52,42,191,50,225,105,135,283,20,122,272,20,162,206,81,161,41,151,1,155,91,269,266,25,14,33,153,196,56,319,256,277,242,313,226,37,14,179,226,71,118,97,104,115,,,201,243,,,56,236,204,196,68,104,302,104,270,157,192,31,138,139,285,282,322,280,327,21,192,113,92,,228,,,52,94,104,63,194,209,226,135,17,10,190,7,233,261,132,258,223,89,122,131,155,97,40,15,292,181,242,28,256,52,226,47,57,96,68,38,212,250,208,255,,,84,24,,,56,112,49,110,52,107,116,61,226,261,15,2,254,264,262,90,152,200,37,63,59,76,225,219,,71,,,b'\x11\xe8\xe1I\xcc\x8c\xb4\xbe\xaf\x82\x12\xdf\x17\xaeN\x1e'
11E8E149-CC8C-B4BE-AF82-12DF17AE4E1E,2020-ncaa-d1-conf-CAA,ncaa,3,3,5,3,8,2,3,9,1,4,9,1,4,5,3,4,1,5,1,5,2,8,9,1,1,1,6,6,2,10,10,8,6,9,7,1,2,4,7,2,8,8,3,4,,,6,6,,,3,7,4,7,2,3,7,3,9,3,4,1,5,3,7,7,10,7,9,1,6,6,3,,7,,,3,5,6,4,6,8,10,5,1,1,4,1,8,8,7,8,6,5,5,5,5,7,1,1,9,5,6,2,10,4,7,5,3,6,5,5,6,8,4,7,,,4,2,,,3,4,2,8,3,6,7,5,9,10,1,1,8,8,8,7,8,5,2,4,5,5,7,4,,3,,,b'\x11\xe8\xe1I\xcc\x8c\xb4\xbe\xaf\x82\x12\xdf\x17\xaeN\x1e'
11E8E149-CC8C-B4BE-AF82-12DF17AE4E1E,2020-ncaa-d1-natl,ncaa,60,42,257,52,283,131,172,322,24,148,289,22,171,221,85,163,51,177,1,182,89,310,308,26,14,34,151,197,54,329,262,304,253,336,237,46,14,156,230,75,140,108,119,119,,,167,248,,,67,289,210,183,73,114,311,112,272,161,195,31,140,143,289,290,325,287,330,24,194,124,99,,232,,,61,72,81,40,205,192,200,144,10,3,195,8,221,242,134,238,225,53,72,144,166,110,36,14,293,164,253,16,262,37,237,38,59,116,71,46,195,258,197,263,,,111,22,,,67,61,53,121,60,117,125,64,236,262,16,3,258,267,265,96,149,201,37,66,63,85,227,225,,71,,,b'\x11\xe8\xe1I\xcc\x8c\xb4\xbe\xaf\x82\x12\xdf\x17\xaeN\x1e'
11E8E149-CC8C-B4BE-AF82-12DF17AE4E1E,2021-ncaa-d0-natl,ncaa,249,60,323,188,324,323,323,327,247,328,330,183,276,287,216,36,315,314,208,314,71,325,326,199,210,197,48,44,178,327,293,326,314,327,315,319,111,14,186,174,330,312,297,204,,,30,298,,,179,325,296,224,276,297,300,315,332,99,68,239,232,233,295,320,295,256,305,222,124,318,186,,270,,,196,18,18,18,116,25,24,199,9,15,1,43,36,42,58,41,246,18,19,60,64,90,18,6,297,40,314,20,293,21,315,14,84,320,188,118,14,114,82,332,,,322,67,,,179,18,229,144,203,83,100,102,232,217,5,49,237,270,264,132,110,306,209,281,75,209,74,306,,159,,,b'\x11\xe8\xe1I\xcc\x8c\xb4\xbe\xaf\x82\x12\xdf\x17\xaeN\x1e'
11E8E149-CC8C-B4BE-AF82-12DF17AE4E1E,2021-ncaa-d1-conf-CAA,ncaa,8,2,10,6,10,10,10,10,6,10,10,2,7,8,6,2,10,10,7,10,2,10,10,4,4,3,2,2,8,10,10,10,8,10,8,9,3,1,4,3,10,10,8,4,,,2,9,,,5,10,9,8,4,6,6,9,9,3,2,7,7,7,7,9,10,6,7,4,3,10,4,,9,,,5,1,1,1,6,2,1,10,1,2,1,6,2,2,1,2,7,1,1,4,4,6,1,1,5,3,8,1,10,2,8,1,4,10,9,8,1,4,3,10,,,10,2,,,5,1,5,9,5,5,7,6,9,7,1,4,6,7,7,6,4,7,9,8,5,9,4,10,,5,,,b'\x11\xe8\xe1I\xcc\x8c\xb4\xbe\xaf\x82\x12\xdf\x17\xaeN\x1e'
11E8E149-CC8C-B4BE-AF82-12DF17AE4E1E,2021-ncaa-d1-natl,ncaa,258,60,324,192,325,324,325,328,252,329,330,192,283,293,216,36,317,317,204,316,67,326,327,205,213,205,46,43,176,327,298,326,315,328,318,322,116,14,194,177,330,314,300,209,,,28,300,,,197,326,299,225,280,303,304,319,332,100,68,242,234,231,297,323,299,261,310,231,121,321,190,,273,,,209,16,16,18,127,25,23,203,9,14,1,39,34,39,58,39,248,18,19,67,68,96,18,5,297,36,315,20,298,21,318,14,86,321,198,126,13,118,73,333,,,322,70,,,197,17,238,159,216,88,106,104,239,221,6,49,244,273,269,139,110,308,209,290,80,217,75,307,,162,,,b'\x11\xe8\xe1I\xcc\x8c\xb4\xbe\xaf\x82\x12\xdf\x17\xaeN\x1e'
11E8E149-CC8C-B4BE-AF82-12DF17AE4E1E,2022-ncaa-d0-natl,ncaa,268,288,163,282,168,269,269,271,236,294,294,250,136,160,102,81,304,325,42,324,289,284,240,190,197,291,78,61,270,299,292,271,300,295,314,136,10,330,350,252,183,186,320,329,,,123,125,,,299,202,249,53,315,320,335,332,322,125,151,317,344,342,348,286,318,327,346,129,332,183,328,,132,,,295,187,210,143,286,268,162,321,72,123,31,136,187,171,252,174,180,144,177,243,252,214,50,59,182,225,300,147,292,166,314,163,119,121,101,125,309,328,238,313,,,288,291,,,299,158,315,233,294,196,226,127,279,170,65,118,183,167,175,134,180,236,139,181,164,110,301,243,,316,,,b'\x11\xe8\xe1I\xcc\x8c\xb4\xbe\xaf\x82\x12\xdf\x17\xaeN\x1e'
11E8E149-CC8C-B4BE-AF82-12DF17AE4E1E,2022-ncaa-d1-conf-CAA,ncaa,8,8,6,8,6,8,8,10,3,10,10,4,3,4,1,1,10,10,4,10,8,10,9,2,3,8,4,1,10,10,10,9,7,10,10,3,2,9,10,5,6,5,9,9,,,3,5,,,8,8,6,2,8,8,10,10,10,3,4,10,10,10,10,10,10,9,10,3,10,6,9,,5,,,8,7,7,3,9,7,4,10,4,5,5,7,5,5,6,5,7,3,3,9,9,9,5,5,6,3,7,5,10,4,10,5,5,6,1,6,6,7,7,8,,,10,9,,,8,4,8,9,8,8,8,3,9,4,6,5,7,8,8,4,5,4,8,6,6,3,6,7,,10,,,b'\x11\xe8\xe1I\xcc\x8c\xb4\xbe\xaf\x82\x12\xdf\x17\xaeN\x1e'
11E8E149-CC8C-B4BE-AF82-12DF17AE4E1E,2022-ncaa-d1-natl,ncaa,269,288,146,278,155,271,269,281,222,302,296,234,141,162,103,87,298,323,42,320,280,300,239,180,179,282,91,72,264,311,293,271,294,308,307,123,9,336,350,247,178,187,324,330,,,119,108,,,293,207,247,49,315,314,342,328,322,131,160,313,339,335,347,290,322,318,347,113,333,185,332,,121,,,289,175,203,143,278,255,154,323,71,135,24,149,175,150,274,152,170,133,165,236,247,197,49,59,173,215,294,135,293,161,307,164,122,106,92,112,308,328,233,306,,,285,284,,,293,160,312,208,292,181,211,122,269,164,62,126,173,143,147,121,173,221,124,169,161,101,299,233,,311,,,b'\x11\xe8\xe1I\xcc\x8c\xb4\xbe\xaf\x82\x12\xdf\x17\xaeN\x1e'
11E8E149-CC8C-B4BE-AF82-12DF17AE4E1E,2023-ncaa-d0-natl,ncaa,120,117,116,120,125,137,148,105,231,207,186,237,71,68,125,82,173,232,11,231,244,121,144,188,174,132,66,67,201,215,282,240,317,243,331,110,79,56,57,68,149,175,214,236,,,206,166,,,177,130,192,37,139,164,79,245,214,70,67,179,266,264,123,197,240,300,298,108,53,165,225,,189,,,177,248,255,211,253,247,206,239,219,198,237,172,202,211,156,215,196,211,238,256,251,191,179,190,165,304,317,318,282,328,331,152,71,78,82,58,95,92,113,119,,,211,252,,,177,229,145,227,174,228,237,175,225,171,210,173,189,195,200,181,245,294,312,318,129,79,91,103,,239,,,b'\x11\xe8\xe1I\xcc\x8c\xb4\xbe\xaf\x82\x12\xdf\x17\xaeN\x1e'
11E8E149-CC8C-B4BE-AF82-12DF17AE4E1E,2023-ncaa-d1-conf-CAA,ncaa,3,4,4,4,4,5,5,2,8,8,11,8,2,2,4,2,8,10,1,10,9,6,9,6,5,2,2,2,11,10,12,9,10,10,12,4,3,2,1,2,4,4,8,7,,,8,6,,,5,7,7,3,3,4,2,9,11,1,1,8,11,11,5,8,10,10,11,3,2,4,8,,7,,,6,10,8,5,10,8,6,9,10,9,9,7,10,10,9,10,10,8,7,10,12,11,7,8,8,8,10,12,12,11,12,4,3,4,5,3,3,3,7,8,,,12,12,,,5,6,3,10,6,10,8,5,7,6,10,7,10,10,10,6,8,7,11,11,3,5,4,7,,12,,,b'\x11\xe8\xe1I\xcc\x8c\xb4\xbe\xaf\x82\x12\xdf\x17\xaeN\x1e'
11E8E149-CC8C-B4BE-AF82-12DF17AE4E1E,2023-ncaa-d1-natl,ncaa,136,117,151,130,163,171,183,135,243,244,226,249,86,78,130,83,193,260,11,258,246,152,204,194,183,140,63,67,202,252,293,283,326,290,340,131,83,41,59,75,185,190,232,242,,,175,170,,,197,183,197,35,149,187,89,254,219,74,73,183,270,268,132,205,249,306,308,121,54,179,227,,192,,,197,218,237,174,266,224,165,247,210,168,256,173,188,190,158,192,202,171,205,272,266,219,180,190,164,289,326,305,293,313,340,127,70,102,97,69,79,96,99,129,,,241,249,,,197,179,155,258,195,241,253,179,239,172,218,176,199,203,208,185,243,297,318,322,145,88,92,108,,234,,,b'\x11\xe8\xe1I\xcc\x8c\xb4\xbe\xaf\x82\x12\xdf\x17\xaeN\x1e'
11E8E149-CC8C-B4BE-AF82-12DF17AE4E1E,2024-ncaa-d0-natl,ncaa,171,127,258,160,274,238,247,255,235,232,222,208,260,245,256,218,119,149,93,141,91,246,247,242,209,214,181,247,44,287,294,206,242,248,280,151,34,174,225,152,120,108,216,215,,,201,219,,,165,226,86,171,201,230,223,200,175,244,215,73,100,94,192,156,270,132,203,105,242,90,199,,266,,,163,56,58,109,55,81,159,65,46,76,47,93,210,206,204,209,228,115,157,44,60,32,158,78,301,208,242,210,294,216,280,21,34,96,68,13,205,245,84,120,,,222,175,,,165,144,244,41,156,123,88,191,151,253,65,112,254,249,252,220,283,270,298,299,37,45,259,115,,163,,,b'\x11\xe8\xe1I\xcc\x8c\xb4\xbe\xaf\x82\x12\xdf\x17\xaeN\x1e'
11E8E149-CC8C-B4BE-AF82-12DF17AE4E1E,2024-ncaa-d1-conf-CAA,ncaa,7,5,13,6,13,10,10,13,8,8,11,7,10,12,5,10,4,5,5,4,4,11,12,8,7,8,8,10,4,13,11,10,7,11,11,4,3,5,9,4,4,3,9,10,,,9,10,,,7,11,6,5,7,7,9,8,8,8,11,3,3,3,7,8,11,6,8,3,9,3,9,,12,,,6,2,3,3,4,4,5,5,3,5,3,8,10,7,8,7,10,3,5,4,4,3,7,6,11,5,7,5,11,4,11,1,3,6,4,1,12,11,3,4,,,11,7,,,7,5,9,3,5,7,7,8,8,9,8,8,10,10,10,8,12,9,9,10,2,3,12,5,,7,,,b'\x11\xe8\xe1I\xcc\x8c\xb4\xbe\xaf\x82\x12\xdf\x17\xaeN\x1e'
11E8E149-CC8C-B4BE-AF82-12DF17AE4E1E,2024-ncaa-d1-natl,ncaa,190,129,320,169,331,279,298,312,252,271,259,227,282,268,266,222,139,181,95,172,93,299,306,255,220,226,175,243,38,315,304,252,252,294,297,176,35,142,236,170,147,121,233,225,,,166,228,,,189,284,92,161,221,251,237,211,187,251,223,74,98,93,204,164,282,142,225,119,243,101,202,,271,,,188,33,36,62,68,59,113,75,36,54,56,93,187,185,211,188,230,71,99,53,74,43,155,77,299,188,252,175,304,180,297,16,35,126,79,16,182,250,76,129,,,258,168,,,189,90,260,59,177,134,102,194,167,261,70,111,267,259,261,225,283,277,304,304,41,58,266,123,,167,,,b'\x11\xe8\xe1I\xcc\x8c\xb4\xbe\xaf\x82\x12\xdf\x17\xaeN\x1e'
11E8E149-CC8C-B4BE-AF82-12DF17AE4E1E,2025-ncaa-d0-natl,genius_ncaa,171,249,29,206,31,123,105,52,233,97,68,221,154,112,255,176,253,259,182,249,340,70,57,238,267,258,255,180,313,137,259,60,231,76,271,71,64,314,198,148,135,221,120,195,,,312,161,,161,275,43,145,29,235,180,112,171,131,206,164,322,328,318,158,151,202,131,174,111,203,191,169,,202,,104,259,335,339,330,218,346,333,213,229,258,136,107,274,302,83,304,156,333,328,191,172,191,83,100,153,331,231,351,259,349,271,295,118,98,205,194,352,308,217,117,,,212,350,,238,275,321,267,210,254,240,272,274,298,298,142,148,185,219,223,269,279,268,312,302,200,168,311,145,,323,,284,b'\x11\xe8\xe1I\xcc\x8c\xb4\xbe\xaf\x82\x12\xdf\x17\xaeN\x1e'
11E8E149-CC8C-B4BE-AF82-12DF17AE4E1E,2025-ncaa-d1-conf-CAA,genius_ncaa,5,6,1,6,1,2,1,2,5,1,1,7,4,4,5,7,4,8,4,7,10,2,1,5,5,5,11,8,10,10,11,3,5,5,10,2,3,14,7,5,3,7,5,8,,,14,9,,6,7,1,2,2,4,4,4,5,4,6,6,7,9,9,4,5,11,8,9,3,7,5,7,,9,,5,7,14,14,13,10,14,13,11,12,14,5,11,13,13,11,13,8,14,14,10,10,10,7,7,8,9,5,13,11,13,10,12,4,2,7,6,14,12,6,4,,,2,8,,8,7,14,8,8,7,11,9,10,9,7,9,12,9,8,8,11,11,7,10,8,10,5,12,5,,7,,11,b'\x11\xe8\xe1I\xcc\x8c\xb4\xbe\xaf\x82\x12\xdf\x17\xaeN\x1e'
11E8E149-CC8C-B4BE-AF82-12DF17AE4E1E,2025-ncaa-d1-natl,genius_ncaa,161,249,25,203,28,125,102,46,250,92,63,227,158,94,275,165,246,261,175,246,337,63,47,252,281,271,252,184,303,130,253,55,264,63,278,74,73,318,205,160,125,223,116,208,,,324,178,,207,275,39,148,32,247,192,108,183,134,209,156,319,328,313,165,145,202,130,172,127,215,187,173,,224,,140,265,339,342,340,200,348,342,200,223,256,127,96,270,304,52,306,154,344,336,167,147,171,71,86,152,348,264,355,253,356,278,296,115,87,206,188,355,311,229,133,,,211,350,,235,275,329,282,199,258,235,266,278,297,309,132,140,184,224,228,284,291,293,315,313,203,166,317,158,,324,,286,b'\x11\xe8\xe1I\xcc\x8c\xb4\xbe\xaf\x82\x12\xdf\x17\xaeN\x1e'
11E8E149-CC8C-B4BE-AF82-12DF17AE4E1E,2025-ncaa-d1-ncaatournament,genius_ncaa,17,2,17,17,20,28,30,23,39,32,22,57,22,29,5,49,23,31,8,29,45,24,24,34,35,38,21,24,26,29,40,25,40,25,42,31,42,46,44,47,39,56,22,38,,,50,57,,1,61,20,14,7,33,37,36,41,21,24,50,28,38,36,33,26,39,23,32,41,45,55,23,,57,,1,52,52,55,49,48,58,52,47,26,31,29,8,51,51,31,51,37,49,48,41,40,50,9,9,39,46,40,50,40,49,42,51,33,32,55,53,60,63,28,15,,,35,63,,32,61,49,42,51,51,58,60,56,65,60,16,12,52,53,53,58,53,42,46,46,50,50,63,14,,59,,41,b'\x11\xe8\xe1I\xcc\x8c\xb4\xbe\xaf\x82\x12\xdf\x17\xaeN\x1e'
11E8E149-CC8C-B4BE-AF82-12DF17AE4E1E,2026-ncaa-d0-natl,genius_ncaa,212,152,279,209,291,308,282,286,257,245,274,169,314,252,353,154,302,319,103,315,284,296,308,293,294,250,311,287,207,243,207,304,162,302,210,277,213,36,128,174,228,102,127,48,,,81,265,,118,211,312,254,97,250,218,134,152,155,292,155,253,284,277,166,211,164,253,219,219,117,123,61,,191,,201,216,47,47,43,237,42,47,190,101,56,308,192,65,53,220,50,175,38,43,254,257,218,225,251,151,37,162,90,207,59,210,58,179,262,103,151,44,112,46,101,,,320,251,,268,211,47,235,197,227,163,160,74,132,92,225,125,152,129,124,67,68,99,250,190,167,140,110,112,,262,,231,b'\x11\xe8\xe1I\xcc\x8c\xb4\xbe\xaf\x82\x12\xdf\x17\xaeN\x1e'
11E8E149-CC8C-B4BE-AF82-12DF17AE4E1E,2026-ncaa-d1-natl,genius_ncaa,203,152,271,192,286,313,293,295,251,248,291,159,317,253,356,148,276,310,75,308,247,299,321,278,268,237,294,288,148,283,249,325,230,327,273,265,144,47,139,159,239,150,150,70,,,134,311,,152,232,318,242,100,248,225,164,164,183,284,155,204,245,243,186,223,216,284,276,188,127,160,96,,282,,233,235,59,50,27,237,44,28,198,126,69,287,211,133,119,241,112,255,26,31,255,276,234,278,246,245,70,230,113,249,96,273,63,162,251,118,146,45,110,30,68,,,312,211,,268,232,34,242,227,246,184,157,87,116,74,238,156,234,219,209,98,99,177,259,234,149,147,102,64,,223,,243,b'\x11\xe8\xe1I\xcc\x8c\xb4\xbe\xaf\x82\x12\xdf\x17\xaeN\x1e'
11E8E149-CC90-FC5E-AF82-12DF17AE4E1E,2010-ncaa-d0-natl,ncaa,262,224,288,260,295,328,318,332,242,306,320,225,295,295,272,208,333,323,324,322,219,334,327,254,287,318,252,211,243,267,133,255,259,275,160,334,298,255,337,332,299,256,234,193,,,83,233,,,254,333,318,97,331,321,334,285,286,284,272,324,306,305,335,306,217,164,202,331,314,270,217,,170,,,260,5,5,36,16,5,34,24,44,108,19,218,136,133,196,120,238,34,21,10,18,37,272,170,303,176,259,9,133,31,160,24,240,294,199,145,311,340,42,126,,,338,287,,,254,14,319,75,259,27,19,94,26,86,92,189,216,210,199,107,73,272,44,123,70,241,329,73,,325,,,b'\x11\xe8\xe1I\xcc\x90\xfc^\xaf\x82\x12\xdf\x17\xaeN\x1e'
11E8E149-CC90-FC5E-AF82-12DF17AE4E1E,2010-ncaa-d1-conf-Big South,ncaa,6,5,5,6,6,8,7,8,4,5,7,4,6,6,8,5,8,8,8,8,7,8,8,5,7,7,6,6,8,7,5,4,7,6,4,8,7,6,7,8,8,8,5,5,,,1,3,,,6,8,7,2,8,6,8,5,7,6,6,8,8,8,8,7,7,3,6,8,7,8,5,,2,,,6,2,2,4,2,2,2,2,5,5,1,7,3,1,7,1,4,2,1,1,1,3,6,6,6,7,7,2,5,3,4,6,6,7,7,7,8,8,4,5,,,8,7,,,6,1,8,4,6,2,2,4,2,3,6,7,5,2,2,3,3,7,2,5,6,7,8,5,,8,,,b'\x11\xe8\xe1I\xcc\x90\xfc^\xaf\x82\x12\xdf\x17\xaeN\x1e'
11E8E149-CC90-FC5E-AF82-12DF17AE4E1E,2010-ncaa-d1-natl,ncaa,228,223,191,233,207,320,312,324,246,289,296,230,284,272,266,206,318,303,320,297,205,323,301,260,285,318,242,207,230,222,111,177,241,202,130,318,281,302,334,335,274,253,206,179,,,146,240,,,247,312,311,106,330,317,331,285,279,274,267,317,297,287,332,297,197,131,171,324,314,262,201,,193,,,247,12,8,79,8,12,81,13,54,140,19,202,187,194,137,181,246,90,70,9,13,25,268,159,311,234,241,21,111,73,130,34,243,250,194,130,326,340,45,107,,,329,304,,,247,41,317,54,243,25,17,97,26,97,79,172,221,220,210,115,87,271,45,118,67,236,327,66,,328,,,b'\x11\xe8\xe1I\xcc\x90\xfc^\xaf\x82\x12\xdf\x17\xaeN\x1e'
11E8E149-CC90-FC5E-AF82-12DF17AE4E1E,2011-ncaa-d0-natl,ncaa,229,154,329,210,333,338,336,335,313,334,322,319,298,299,253,205,326,319,271,319,209,336,336,308,317,325,161,176,136,296,197,308,218,318,202,331,199,102,311,310,241,131,274,193,,,44,246,,,232,336,279,257,330,327,308,304,251,266,255,280,262,262,310,282,209,172,198,311,280,155,236,,197,,,240,3,3,6,33,3,5,96,47,108,16,278,69,89,40,88,293,8,9,39,46,53,270,197,272,69,218,11,197,12,202,7,177,287,123,77,146,306,134,275,,,338,294,,,232,6,321,73,246,52,30,70,32,29,110,238,180,230,228,84,84,230,139,179,50,153,276,241,,317,,,b'\x11\xe8\xe1I\xcc\x90\xfc^\xaf\x82\x12\xdf\x17\xaeN\x1e'
11E8E149-CC90-FC5E-AF82-12DF17AE4E1E,2011-ncaa-d1-conf-Big South,ncaa,6,7,3,7,4,7,7,7,7,6,5,7,7,7,8,6,6,6,3,6,7,7,6,7,7,7,5,6,4,5,3,4,6,4,3,5,3,7,8,7,6,6,6,6,,,6,7,,,6,6,7,6,7,7,7,6,5,7,7,6,6,6,8,8,7,5,6,7,7,7,6,,7,,,6,4,3,4,3,2,2,4,5,5,3,6,7,8,6,8,8,4,4,3,4,4,7,5,7,7,6,2,3,4,3,3,4,6,6,6,8,8,5,6,,,8,8,,,6,3,7,5,7,4,3,1,3,2,6,6,7,7,7,5,3,6,2,3,4,5,8,5,,8,,,b'\x11\xe8\xe1I\xcc\x90\xfc^\xaf\x82\x12\xdf\x17\xaeN\x1e'
11E8E149-CC90-FC5E-AF82-12DF17AE4E1E,2011-ncaa-d1-natl,ncaa,206,223,132,220,184,308,302,271,313,285,230,311,272,253,296,203,288,249,306,249,223,279,244,318,323,331,207,200,153,188,186,168,201,177,192,307,246,279,307,319,159,135,211,163,,,186,246,,,254,261,288,260,334,329,306,299,249,284,251,300,269,268,309,283,193,165,188,323,276,163,214,,192,,,249,33,17,85,27,13,29,57,158,249,39,300,158,188,50,182,283,92,98,39,47,47,310,253,257,205,201,145,186,177,192,70,235,169,129,105,273,298,261,283,,,302,297,,,254,79,324,72,256,46,28,72,19,24,159,264,158,205,200,76,76,214,149,178,78,170,272,254,,318,,,b'\x11\xe8\xe1I\xcc\x90\xfc^\xaf\x82\x12\xdf\x17\xaeN\x1e'
11E8E149-CC90-FC5E-AF82-12DF17AE4E1E,2012-ncaa-d0-natl,ncaa,123,107,120,121,136,75,78,46,167,147,180,135,13,16,102,24,196,196,194,188,189,56,76,106,131,82,46,20,307,13,9,140,167,39,36,133,267,73,29,91,113,115,333,340,,,24,11,,,96,148,176,119,41,48,15,152,200,10,11,223,210,204,22,48,3,145,16,135,61,111,336,,17,,,95,234,284,264,227,195,156,232,334,321,295,323,18,22,107,21,25,219,202,273,222,243,243,334,5,186,167,144,9,173,36,327,327,196,221,310,69,42,339,342,,,265,333,,,96,202,24,243,88,230,276,274,182,136,332,323,17,22,22,214,184,186,129,148,327,219,74,340,,299,,,b'\x11\xe8\xe1I\xcc\x90\xfc^\xaf\x82\x12\xdf\x17\xaeN\x1e'
11E8E149-CC90-FC5E-AF82-12DF17AE4E1E,2012-ncaa-d1-conf-Big South,ncaa,3,2,5,3,5,5,5,2,7,6,7,7,2,2,6,2,5,5,6,5,4,3,4,6,7,6,2,2,7,2,2,3,2,2,2,4,5,1,1,3,5,5,9,9,,,2,3,,,3,6,6,3,3,5,1,6,7,2,2,5,5,5,1,1,1,2,2,4,1,5,9,,2,,,3,4,6,5,3,2,1,6,7,8,5,8,2,2,7,2,3,4,3,5,4,5,7,8,3,1,2,3,2,2,2,8,9,7,8,8,1,1,9,9,,,7,8,,,3,4,3,4,3,5,5,7,3,3,7,8,4,4,4,5,3,2,4,2,8,6,1,9,,7,,,b'\x11\xe8\xe1I\xcc\x90\xfc^\xaf\x82\x12\xdf\x17\xaeN\x1e'
11E8E149-CC90-FC5E-AF82-12DF17AE4E1E,2012-ncaa-d1-natl,ncaa,128,107,137,125,153,83,85,51,173,164,206,144,14,16,103,21,214,208,194,201,188,62,90,111,135,84,43,20,309,15,10,155,171,43,38,152,269,61,29,93,129,124,334,339,,,19,11,,,100,181,178,109,44,55,15,160,202,10,12,224,214,208,23,55,4,149,17,147,62,119,337,,17,,,100,221,267,248,233,189,135,236,331,315,302,321,15,19,111,17,26,194,175,282,229,246,243,332,5,171,171,123,10,155,38,326,327,222,229,312,59,43,338,342,,,279,332,,,100,170,25,250,95,234,277,274,194,137,331,322,17,24,23,215,180,186,135,150,329,229,74,340,,299,,,b'\x11\xe8\xe1I\xcc\x90\xfc^\xaf\x82\x12\xdf\x17\xaeN\x1e'
11E8E149-CC90-FC5E-AF82-12DF17AE4E1E,2013-ncaa-d0-natl,ncaa,88,86,80,91,104,58,58,43,127,73,60,149,72,76,83,146,120,149,104,148,244,50,63,122,127,89,161,125,241,52,112,52,204,43,138,162,306,122,55,137,90,131,75,80,,,157,61,,,105,71,78,267,50,50,29,82,88,73,92,146,186,184,38,64,68,52,39,207,86,107,76,,116,,,104,274,257,304,82,161,227,77,331,327,232,305,208,206,199,209,166,298,283,142,121,183,315,318,141,311,204,281,112,307,138,301,293,167,252,265,85,50,342,322,,,216,321,,,105,266,74,207,110,238,218,312,107,168,319,324,175,163,164,297,266,297,233,278,279,198,73,338,,275,,,b'\x11\xe8\xe1I\xcc\x90\xfc^\xaf\x82\x12\xdf\x17\xaeN\x1e'
11E8E149-CC90-FC5E-AF82-12DF17AE4E1E,2013-ncaa-d1-conf-Big South,ncaa,2,2,6,2,10,3,3,6,4,5,8,4,3,3,3,4,3,6,1,6,7,6,7,3,3,2,6,4,9,4,3,4,4,4,3,7,11,1,2,3,4,3,4,4,,,3,2,,,2,7,4,8,2,1,1,3,5,3,3,3,5,5,1,4,3,3,3,5,2,4,4,,3,,,2,4,5,7,5,3,1,6,11,11,6,11,2,2,5,3,3,5,3,6,5,6,10,11,2,3,4,3,3,3,3,8,10,8,8,10,1,1,9,8,,,10,11,,,2,3,2,6,2,6,6,10,4,2,11,11,2,2,3,9,5,6,3,4,10,7,1,10,,10,,,b'\x11\xe8\xe1I\xcc\x90\xfc^\xaf\x82\x12\xdf\x17\xaeN\x1e'
11E8E149-CC90-FC5E-AF82-12DF17AE4E1E,2013-ncaa-d1-natl,ncaa,77,86,49,85,74,47,47,28,125,62,49,159,55,67,65,139,108,135,93,137,246,34,42,115,120,85,140,110,243,45,105,42,210,31,133,141,293,147,59,132,83,139,69,84,,,162,57,,,110,47,76,267,46,51,26,87,93,67,88,143,190,188,37,63,62,50,38,189,91,115,82,,101,,,111,306,281,318,89,198,257,78,332,330,252,300,218,209,227,209,150,314,303,150,132,192,313,316,130,323,210,286,105,317,133,312,280,146,260,265,116,57,344,320,,,211,321,,,110,288,68,224,114,247,230,317,115,186,322,324,169,155,157,304,274,304,220,278,274,202,83,337,,276,,,b'\x11\xe8\xe1I\xcc\x90\xfc^\xaf\x82\x12\xdf\x17\xaeN\x1e'
11E8E149-CC90-FC5E-AF82-12DF17AE4E1E,2014-ncaa-d0-natl,ncaa,39,41,53,47,64,96,68,57,111,41,30,126,260,254,254,295,136,131,165,129,286,66,83,182,181,135,321,308,218,64,75,53,266,47,121,115,218,125,62,94,33,36,42,48,,,39,7,,,54,100,239,143,148,82,96,38,41,293,285,194,197,195,114,185,90,80,60,162,62,43,47,,11,,,55,114,145,304,14,102,222,31,265,323,29,322,38,45,89,44,29,270,279,23,13,14,214,308,32,339,266,208,75,294,121,150,162,92,123,85,144,103,205,92,,,215,325,,,54,251,104,35,50,42,61,255,41,139,217,316,15,22,21,175,195,318,116,231,86,128,100,162,,310,,,b'\x11\xe8\xe1I\xcc\x90\xfc^\xaf\x82\x12\xdf\x17\xaeN\x1e'
11E8E149-CC90-FC5E-AF82-12DF17AE4E1E,2014-ncaa-d1-conf-Big South,ncaa,2,2,1,2,1,2,2,2,2,1,1,2,8,7,7,10,4,4,5,4,9,2,2,4,5,3,9,10,8,4,4,2,7,2,4,4,9,2,1,1,1,1,1,1,,,3,1,,,2,2,6,3,3,2,2,1,1,9,8,5,5,5,2,5,4,3,3,4,1,1,1,,1,,,2,4,6,10,2,4,7,2,10,10,3,9,2,1,5,1,1,9,9,2,2,1,7,9,2,10,7,7,4,8,4,7,5,2,3,1,2,1,2,1,,,6,9,,,2,9,3,2,2,3,3,7,3,4,9,10,1,1,1,4,8,9,4,7,3,2,1,2,,9,,,b'\x11\xe8\xe1I\xcc\x90\xfc^\xaf\x82\x12\xdf\x17\xaeN\x1e'
11E8E149-CC90-FC5E-AF82-12DF17AE4E1E,2014-ncaa-d1-natl,ncaa,42,40,59,48,73,112,80,68,118,43,35,135,270,265,253,294,150,143,165,143,288,80,102,188,181,140,320,307,216,68,75,60,270,54,125,132,225,108,63,98,39,41,45,49,,,28,7,,,60,123,244,142,153,92,99,44,45,295,288,197,201,196,118,188,91,82,62,175,63,48,50,,12,,,60,95,131,298,16,86,203,33,258,320,31,320,29,31,91,31,30,251,271,25,14,14,214,305,31,337,270,192,75,285,125,134,165,106,129,89,133,103,196,93,,,239,324,,,60,230,108,39,56,45,63,258,43,138,222,316,15,22,20,176,196,321,119,238,91,129,100,166,,311,,,b'\x11\xe8\xe1I\xcc\x90\xfc^\xaf\x82\x12\xdf\x17\xaeN\x1e'
11E8E149-CC90-FC5E-AF82-12DF17AE4E1E,2014-ncaa-d1-ncaatournament,ncaa,33,2,33,33,34,59,61,53,58,64,57,64,24,38,5,8,56,64,6,64,63,58,54,53,55,57,1,1,53,53,57,59,57,59,63,47,5,27,56,51,47,41,54,61,,,7,14,,,60,49,40,3,59,61,49,64,56,4,11,55,64,64,57,53,53,59,59,42,50,36,53,,16,,,60,22,24,19,58,28,23,57,18,15,50,23,14,14,46,13,17,18,17,55,57,57,12,30,15,24,57,21,57,22,63,29,44,49,41,55,37,64,32,61,,,64,64,,,60,13,59,60,62,54,56,43,58,47,36,26,27,24,22,38,35,49,52,54,59,37,64,55,,64,,,b'\x11\xe8\xe1I\xcc\x90\xfc^\xaf\x82\x12\xdf\x17\xaeN\x1e'
11E8E149-CC90-FC5E-AF82-12DF17AE4E1E,2015-ncaa-d0-natl,ncaa,151,103,243,135,272,242,179,186,176,69,62,188,339,333,338,335,249,230,259,234,320,195,215,263,270,238,343,339,213,89,55,175,296,122,127,310,342,84,120,269,166,143,31,25,,,33,45,,,188,272,208,283,210,123,95,26,16,339,333,224,198,201,108,136,48,91,47,315,137,137,21,,66,,,189,81,127,211,78,143,208,90,155,197,83,212,22,29,87,28,37,159,116,79,46,118,90,221,39,305,296,80,55,185,127,153,175,280,280,264,155,184,276,202,,,330,335,,,188,70,201,177,195,148,222,318,215,292,201,239,49,60,60,283,221,335,141,255,196,265,197,311,,328,,,b'\x11\xe8\xe1I\xcc\x90\xfc^\xaf\x82\x12\xdf\x17\xaeN\x1e'
11E8E149-CC90-FC5E-AF82-12DF17AE4E1E,2015-ncaa-d1-conf-Big South,ncaa,5,4,7,5,11,4,3,4,4,1,1,4,11,11,11,11,7,6,7,6,10,4,6,6,6,3,11,11,9,5,4,5,7,4,3,10,11,2,2,4,5,4,1,1,,,1,2,,,3,7,5,9,3,1,1,1,1,11,11,5,6,6,2,3,4,2,2,9,2,4,1,,2,,,3,4,6,8,6,6,9,6,5,6,2,7,1,1,6,1,1,7,5,5,4,7,3,7,2,8,7,5,4,6,3,7,6,11,11,10,3,3,8,3,,,11,11,,,3,4,3,8,3,8,8,11,7,10,7,9,1,1,1,9,6,8,6,6,8,11,3,9,,11,,,b'\x11\xe8\xe1I\xcc\x90\xfc^\xaf\x82\x12\xdf\x17\xaeN\x1e'
11E8E149-CC90-FC5E-AF82-12DF17AE4E1E,2015-ncaa-d1-natl,ncaa,142,103,209,131,275,205,142,149,140,50,43,163,339,332,329,335,251,226,271,227,325,171,192,239,258,215,343,339,240,71,46,157,298,110,118,292,334,81,96,222,148,133,27,21,,,29,35,,,160,255,203,285,170,83,74,18,10,337,331,236,201,202,92,123,44,85,34,287,122,122,15,,55,,,158,75,139,236,62,156,230,63,153,188,100,187,26,28,92,27,28,188,137,65,42,100,86,212,37,310,298,88,46,196,118,150,170,262,271,251,153,170,273,184,,,329,341,,,160,79,162,154,169,145,217,319,214,308,188,225,46,52,54,284,231,337,133,252,197,258,190,301,,330,,,b'\x11\xe8\xe1I\xcc\x90\xfc^\xaf\x82\x12\xdf\x17\xaeN\x1e'
11E8E149-CC90-FC5E-AF82-12DF17AE4E1E,2016-ncaa-d0-natl,ncaa,325,338,175,335,230,317,249,127,338,157,31,339,340,331,345,336,341,288,348,289,348,156,198,344,347,343,344,337,308,94,206,276,345,190,333,347,349,29,42,317,95,83,56,35,,,101,96,,,336,249,235,280,337,272,67,129,8,341,328,341,290,296,112,190,71,290,179,348,42,78,45,,117,,,334,219,203,200,202,122,138,147,308,257,335,268,161,179,89,168,189,186,178,251,233,247,298,317,124,334,345,335,206,337,333,275,287,196,204,260,74,95,343,302,,,325,340,,,336,110,336,294,334,249,231,233,155,156,316,274,178,198,191,228,227,340,342,345,283,193,92,345,,332,,,b'\x11\xe8\xe1I\xcc\x90\xfc^\xaf\x82\x12\xdf\x17\xaeN\x1e'
11E8E149-CC90-FC5E-AF82-12DF17AE4E1E,2016-ncaa-d1-conf-Big South,ncaa,11,11,8,11,10,11,7,3,8,4,1,10,11,11,11,11,11,11,11,11,11,6,10,11,11,11,11,11,11,7,9,9,11,8,11,11,11,1,1,10,7,5,3,2,,,2,4,,,10,9,5,10,11,6,1,1,1,11,11,11,11,11,2,8,6,8,5,11,1,6,2,,7,,,10,8,7,6,8,6,5,6,10,9,11,8,7,8,5,7,8,6,5,8,8,9,7,9,6,11,11,10,9,11,11,11,10,10,10,11,2,3,10,7,,,11,11,,,10,3,10,11,11,9,9,10,7,7,10,9,7,8,7,10,8,11,10,11,11,10,3,10,,11,,,b'\x11\xe8\xe1I\xcc\x90\xfc^\xaf\x82\x12\xdf\x17\xaeN\x1e'
11E8E149-CC90-FC5E-AF82-12DF17AE4E1E,2016-ncaa-d1-natl,ncaa,332,337,218,336,286,335,287,157,342,185,38,341,341,335,345,337,342,299,349,304,348,191,237,346,347,345,344,336,305,113,216,308,347,228,337,348,349,22,42,322,113,88,57,35,,,81,103,,,337,288,237,282,337,282,72,146,9,341,329,341,291,297,119,195,73,294,196,348,44,83,45,,122,,,337,198,188,169,210,104,107,159,303,238,336,265,148,164,87,151,188,156,136,258,239,254,299,318,123,332,347,328,216,333,337,266,288,228,214,267,60,101,343,306,,,338,338,,,337,67,337,305,337,254,239,234,163,163,319,273,181,203,197,233,223,342,344,347,287,200,91,346,,333,,,b'\x11\xe8\xe1I\xcc\x90\xfc^\xaf\x82\x12\xdf\x17\xaeN\x1e'
11E8E149-CC90-FC5E-AF82-12DF17AE4E1E,2017-ncaa-d0-natl,ncaa,347,348,168,347,215,338,318,230,339,228,108,333,342,329,346,321,326,335,116,335,347,265,194,346,346,348,341,329,230,282,321,174,342,234,339,332,319,339,341,345,197,230,158,192,,,100,49,,,349,153,66,268,346,332,246,239,69,347,331,339,341,341,291,179,287,158,254,338,339,186,142,,111,,,349,335,338,313,307,320,254,320,336,333,258,307,66,149,3,149,92,306,273,323,279,325,153,298,15,345,342,301,321,338,339,343,288,290,337,349,306,313,234,192,,,346,349,,,349,205,348,341,349,344,347,347,336,306,342,342,79,155,158,345,334,347,324,344,346,299,303,245,,347,,,b'\x11\xe8\xe1I\xcc\x90\xfc^\xaf\x82\x12\xdf\x17\xaeN\x1e'
11E8E149-CC90-FC5E-AF82-12DF17AE4E1E,2017-ncaa-d1-conf-Big South,ncaa,9,9,6,9,10,10,9,7,10,7,1,10,10,10,9,10,9,9,4,9,10,7,6,10,10,10,10,10,5,8,8,4,7,5,8,10,9,10,10,10,4,7,3,3,,,2,1,,,10,3,1,10,10,8,4,6,1,10,10,9,8,8,5,3,8,2,4,10,10,3,3,,4,,,10,9,10,10,7,8,8,9,10,10,6,10,2,5,1,5,4,10,10,9,7,9,8,10,1,10,7,10,8,10,8,10,10,10,10,10,10,10,5,3,,,10,10,,,10,8,10,9,9,9,10,10,9,10,10,10,4,5,5,10,10,10,10,10,10,9,10,5,,10,,,b'\x11\xe8\xe1I\xcc\x90\xfc^\xaf\x82\x12\xdf\x17\xaeN\x1e'
11E8E149-CC90-FC5E-AF82-12DF17AE4E1E,2017-ncaa-d1-natl,ncaa,346,348,144,348,198,335,307,233,331,219,93,327,344,331,347,324,324,335,140,335,345,271,184,345,343,347,340,332,222,275,317,162,341,231,339,336,322,336,340,344,183,227,141,178,,,115,54,,,349,137,71,270,345,324,244,224,65,347,331,337,337,337,290,174,282,159,245,341,334,178,132,,130,,,348,337,345,320,298,327,271,315,334,330,233,301,80,162,3,166,96,319,287,313,265,323,144,289,17,347,341,311,317,342,339,346,285,293,336,348,300,306,232,177,,,346,349,,,349,222,347,340,348,341,346,347,336,307,340,338,87,170,168,344,334,347,323,344,345,294,297,244,,347,,,b'\x11\xe8\xe1I\xcc\x90\xfc^\xaf\x82\x12\xdf\x17\xaeN\x1e'
11E8E149-CC90-FC5E-AF82-12DF17AE4E1E,2018-ncaa-d0-natl,ncaa,342,343,242,344,256,343,339,304,343,327,256,343,305,278,314,209,344,313,346,310,298,318,265,343,346,349,241,182,255,255,274,287,333,286,330,348,346,338,344,348,290,294,246,269,,,71,81,,,349,260,194,104,349,345,306,330,217,309,267,342,311,309,317,207,232,266,274,348,336,274,239,,125,,,348,267,304,237,319,309,257,316,180,165,205,149,65,62,190,57,39,213,143,307,280,324,36,136,32,320,333,220,274,282,330,290,185,298,313,329,339,342,260,300,,,319,318,,,349,94,349,334,349,322,339,323,340,328,227,218,113,101,94,310,262,333,287,320,321,284,339,282,,324,,,b'\x11\xe8\xe1I\xcc\x90\xfc^\xaf\x82\x12\xdf\x17\xaeN\x1e'
11E8E149-CC90-FC5E-AF82-12DF17AE4E1E,2018-ncaa-d1-conf-Big South,ncaa,10,10,7,10,9,10,9,9,10,7,7,9,10,8,10,5,9,8,9,8,10,9,6,10,10,10,7,5,6,6,7,7,10,7,8,10,10,10,10,10,9,9,8,8,,,5,2,,,10,4,1,7,10,9,6,7,6,10,5,9,8,8,9,1,4,5,5,10,10,9,8,,6,,,10,9,10,10,8,10,9,9,8,9,6,7,6,2,9,2,2,9,9,8,8,10,3,6,1,10,10,5,7,8,8,10,9,9,10,10,10,10,8,7,,,9,10,,,10,7,10,10,10,10,10,10,10,10,10,10,7,5,5,10,10,10,7,10,10,8,10,8,,9,,,b'\x11\xe8\xe1I\xcc\x90\xfc^\xaf\x82\x12\xdf\x17\xaeN\x1e'
11E8E149-CC90-FC5E-AF82-12DF17AE4E1E,2018-ncaa-d1-natl,ncaa,341,342,213,342,241,343,338,299,342,319,237,340,306,284,313,220,339,298,347,295,271,311,254,340,347,349,243,200,225,244,259,272,334,272,326,349,347,335,340,348,282,296,239,274,,,76,83,,,348,247,170,99,347,342,297,318,202,304,268,335,288,285,310,188,218,240,243,349,335,272,235,,133,,,348,278,317,272,308,318,284,311,176,166,182,132,64,70,125,65,39,247,178,292,255,307,30,120,32,326,334,230,259,298,326,289,179,291,309,323,339,341,248,287,,,308,301,,,348,105,349,334,348,316,339,331,338,331,204,213,107,115,112,321,276,334,285,323,314,274,335,273,,298,,,b'\x11\xe8\xe1I\xcc\x90\xfc^\xaf\x82\x12\xdf\x17\xaeN\x1e'
11E8E149-CC90-FC5E-AF82-12DF17AE4E1E,2019-ncaa-d0-natl,ncaa,253,245,249,257,281,316,294,240,324,218,89,333,340,328,320,332,291,290,230,288,334,254,234,339,340,339,327,323,169,166,182,289,326,253,295,345,349,261,280,344,65,43,257,243,,,68,71,,,292,255,124,272,327,297,167,171,37,337,330,281,279,273,204,136,113,284,222,347,283,36,249,,101,,,294,94,116,101,199,107,70,233,176,197,138,262,78,137,11,137,223,94,137,215,167,94,185,238,110,283,326,209,182,249,295,175,246,86,56,103,234,252,239,190,,,327,340,,,292,90,336,154,292,164,178,156,160,101,223,249,116,186,188,152,258,313,287,314,231,46,261,267,,330,,,b'\x11\xe8\xe1I\xcc\x90\xfc^\xaf\x82\x12\xdf\x17\xaeN\x1e'
11E8E149-CC90-FC5E-AF82-12DF17AE4E1E,2019-ncaa-d1-conf-Big South,ncaa,8,8,6,8,11,11,10,8,9,6,3,9,11,11,11,11,10,10,8,10,9,8,8,11,11,11,10,11,8,7,7,8,6,6,8,11,11,5,7,11,5,5,9,9,,,4,4,,,9,10,6,10,11,9,7,5,2,11,11,9,9,9,6,6,5,8,6,11,6,5,9,,5,,,9,5,7,3,8,5,1,9,8,9,5,11,4,6,2,6,7,2,2,8,8,9,7,10,5,4,6,7,7,5,8,7,7,6,5,9,6,6,5,6,,,10,10,,,9,2,11,9,9,6,8,6,8,1,9,10,4,7,7,5,5,6,9,8,7,5,7,7,,10,,,b'\x11\xe8\xe1I\xcc\x90\xfc^\xaf\x82\x12\xdf\x17\xaeN\x1e'
11E8E149-CC90-FC5E-AF82-12DF17AE4E1E,2019-ncaa-d1-natl,ncaa,266,266,233,268,292,319,301,227,328,231,81,337,339,333,314,331,284,284,216,275,336,252,223,341,343,340,320,317,154,148,167,306,324,252,295,348,349,256,274,345,69,46,272,260,,,66,72,,,305,249,134,272,325,301,162,189,36,335,330,276,274,260,199,132,104,296,218,347,278,41,269,,101,,,307,95,126,93,225,112,63,263,194,212,170,268,70,120,12,117,208,79,131,244,204,127,186,258,90,274,324,220,167,260,295,201,257,83,59,121,221,233,252,202,,,332,339,,,305,102,337,173,307,177,207,153,173,98,237,255,102,165,163,144,255,311,295,314,243,50,245,280,,328,,,b'\x11\xe8\xe1I\xcc\x90\xfc^\xaf\x82\x12\xdf\x17\xaeN\x1e'
11E8E149-CC90-FC5E-AF82-12DF17AE4E1E,2020-ncaa-d0-natl,ncaa,239,258,87,256,110,269,241,221,243,142,75,271,328,324,278,325,246,188,300,186,255,223,166,292,299,313,322,322,154,189,217,44,44,78,105,291,286,310,311,312,209,215,254,251,,,168,167,,,280,158,181,119,308,275,278,158,76,334,331,265,194,192,275,193,205,40,79,305,304,227,262,,160,,,278,179,194,221,137,116,106,157,306,319,197,320,68,97,51,95,143,199,185,185,142,170,281,323,60,94,44,252,217,193,105,177,157,190,207,186,271,263,217,149,,,248,283,,,280,199,316,138,278,148,170,198,91,67,305,320,64,92,86,164,142,83,222,165,154,215,257,205,,268,,,b'\x11\xe8\xe1I\xcc\x90\xfc^\xaf\x82\x12\xdf\x17\xaeN\x1e'
11E8E149-CC90-FC5E-AF82-12DF17AE4E1E,2020-ncaa-d1-conf-Big South,ncaa,7,7,1,7,4,8,4,4,7,2,2,7,10,10,9,10,10,10,8,10,11,6,4,8,9,9,11,10,10,6,8,2,4,4,4,9,9,10,10,9,5,5,5,5,,,6,5,,,9,3,5,6,9,6,6,2,2,10,10,10,10,10,8,4,7,2,5,9,10,5,6,,5,,,9,7,7,8,5,7,5,8,9,10,4,10,2,1,4,1,2,8,8,6,4,5,6,10,1,4,4,7,8,5,4,6,5,5,6,8,7,8,7,3,,,10,11,,,9,9,9,5,9,7,7,8,6,4,9,10,1,1,1,7,5,4,6,5,5,6,7,7,,10,,,b'\x11\xe8\xe1I\xcc\x90\xfc^\xaf\x82\x12\xdf\x17\xaeN\x1e'
11E8E149-CC90-FC5E-AF82-12DF17AE4E1E,2020-ncaa-d1-natl,ncaa,257,257,128,265,165,304,274,268,255,168,94,282,333,332,280,326,262,217,302,213,255,270,217,298,306,322,322,322,148,213,224,66,47,101,113,312,289,300,317,316,232,225,265,256,,,146,173,,,284,203,185,105,315,286,283,174,77,335,331,266,196,193,279,200,210,43,89,313,306,233,264,,161,,,285,147,174,191,145,100,80,174,302,310,202,321,60,86,54,84,144,158,128,192,152,191,280,322,59,84,47,220,224,170,113,167,159,215,215,201,264,268,205,153,,,268,277,,,284,154,321,156,285,160,179,202,99,74,309,320,64,95,89,165,138,85,229,172,165,222,258,208,,269,,,b'\x11\xe8\xe1I\xcc\x90\xfc^\xaf\x82\x12\xdf\x17\xaeN\x1e'
11E8E149-CC90-FC5E-AF82-12DF17AE4E1E,2021-ncaa-d0-natl,ncaa,249,318,89,286,107,238,214,166,303,167,92,305,290,258,336,299,226,203,282,209,296,169,150,315,318,330,316,309,179,93,128,115,106,107,103,289,336,313,309,337,236,287,240,272,,,193,167,,,322,152,313,163,327,317,308,249,147,335,319,297,277,288,319,283,138,189,158,341,284,299,285,,111,,,303,198,214,206,203,188,189,174,261,232,270,238,124,151,16,150,131,196,186,221,176,204,212,266,61,172,106,210,128,199,103,177,90,184,215,184,183,151,276,214,,,178,239,,,322,196,321,195,304,114,138,91,114,81,223,180,47,81,81,76,30,90,130,92,104,257,111,237,,277,,,b'\x11\xe8\xe1I\xcc\x90\xfc^\xaf\x82\x12\xdf\x17\xaeN\x1e'
11E8E149-CC90-FC5E-AF82-12DF17AE4E1E,2021-ncaa-d1-conf-Big South,ncaa,9,11,2,10,2,9,8,5,10,4,1,10,10,9,11,11,8,7,9,7,9,5,4,11,11,11,11,11,7,3,5,4,5,3,5,10,11,11,11,11,5,6,7,9,,,7,7,,,11,4,10,4,11,11,9,8,5,11,11,10,10,10,10,8,6,9,8,11,10,7,9,,5,,,11,10,10,6,10,9,7,10,10,9,10,8,6,7,2,7,5,7,8,10,9,10,5,8,2,5,5,8,5,8,5,9,4,4,5,8,9,7,11,11,,,6,8,,,11,8,11,10,11,5,6,4,6,4,9,6,2,4,3,5,2,4,4,3,6,8,7,11,,9,,,b'\x11\xe8\xe1I\xcc\x90\xfc^\xaf\x82\x12\xdf\x17\xaeN\x1e'
11E8E149-CC90-FC5E-AF82-12DF17AE4E1E,2021-ncaa-d1-natl,ncaa,258,317,105,294,125,249,226,185,306,181,104,311,297,268,336,300,239,217,282,225,298,193,163,318,321,332,316,305,179,105,133,135,112,122,112,294,335,306,309,337,244,289,247,277,,,181,172,,,323,175,315,158,329,320,310,258,148,334,319,298,279,288,324,285,142,196,163,341,288,303,287,,112,,,307,177,199,192,211,177,176,179,253,223,271,237,113,141,17,142,132,177,168,231,189,219,211,265,63,160,112,196,133,182,112,161,91,196,223,193,173,153,270,221,,,190,237,,,323,173,325,210,311,118,145,93,120,82,229,175,48,83,85,75,29,94,132,94,107,265,112,243,,277,,,b'\x11\xe8\xe1I\xcc\x90\xfc^\xaf\x82\x12\xdf\x17\xaeN\x1e'
11E8E149-CC90-FC5E-AF82-12DF17AE4E1E,2022-ncaa-d0-natl,ncaa,317,316,260,321,268,337,329,335,266,294,281,272,318,323,283,275,317,227,356,240,124,330,272,284,317,346,275,271,186,293,259,235,312,276,272,309,189,345,356,351,276,273,351,349,,,73,89,,,347,261,133,91,346,341,352,293,263,315,321,310,174,192,349,207,281,167,254,308,355,247,351,,154,,,347,186,247,202,266,192,88,340,298,330,83,348,9,21,10,24,68,158,133,284,227,256,141,312,6,293,312,65,259,138,272,307,309,253,251,322,338,352,215,292,,,255,174,,,347,104,351,297,347,295,330,329,283,135,331,351,25,44,47,302,295,332,144,254,336,207,350,273,,196,,,b'\x11\xe8\xe1I\xcc\x90\xfc^\xaf\x82\x12\xdf\x17\xaeN\x1e'
11E8E149-CC90-FC5E-AF82-12DF17AE4E1E,2022-ncaa-d1-conf-Big South,ncaa,10,9,7,10,7,11,11,11,11,10,7,10,11,11,11,11,9,4,11,4,3,11,10,12,11,11,9,10,3,8,6,5,11,7,8,11,7,12,11,12,9,9,11,11,,,5,2,,,11,10,5,2,11,11,12,9,7,11,11,8,4,4,11,7,7,3,4,12,11,8,11,,7,,,11,11,11,11,7,7,5,12,12,12,5,12,1,1,3,1,1,10,8,9,6,9,10,12,1,11,11,6,6,8,8,11,11,10,10,11,12,11,11,11,,,8,5,,,11,5,11,10,11,12,12,12,9,5,12,12,1,1,1,12,11,11,6,11,11,9,11,11,,6,,,b'\x11\xe8\xe1I\xcc\x90\xfc^\xaf\x82\x12\xdf\x17\xaeN\x1e'
11E8E149-CC90-FC5E-AF82-12DF17AE4E1E,2022-ncaa-d1-natl,ncaa,316,336,146,325,166,321,316,309,305,272,241,290,312,296,322,262,295,176,356,185,128,294,187,316,330,350,284,274,173,244,249,161,301,199,270,286,182,356,355,352,240,273,346,349,,,155,94,,,347,169,137,110,349,346,352,305,264,326,311,310,176,189,343,195,265,155,215,311,355,237,348,,159,,,346,269,305,293,240,254,144,327,325,342,101,343,31,49,13,50,70,264,243,269,206,248,155,308,7,335,301,181,249,263,270,333,310,201,244,316,348,352,246,276,,,188,181,,,347,209,351,286,346,288,321,327,267,151,328,351,29,50,55,299,290,330,177,270,335,207,348,252,,193,,,b'\x11\xe8\xe1I\xcc\x90\xfc^\xaf\x82\x12\xdf\x17\xaeN\x1e'
11E8E149-CC90-FC5E-AF82-12DF17AE4E1E,2023-ncaa-d0-natl,ncaa,312,317,236,315,289,345,339,346,275,291,258,282,344,347,307,302,327,291,329,292,259,343,322,299,307,343,304,298,165,247,176,320,344,318,280,351,338,303,349,352,90,41,288,244,,,75,137,,,310,321,332,361,355,346,354,287,236,341,343,323,290,288,356,323,226,327,319,353,328,60,288,,103,,,312,44,57,57,172,24,22,163,285,250,295,344,11,19,43,19,115,38,63,239,181,104,319,354,25,282,344,44,176,108,280,210,326,128,48,163,120,228,52,91,,,326,287,,,310,41,342,181,313,75,99,68,33,18,326,302,19,34,36,42,77,312,75,190,253,84,168,67,,330,,,b'\x11\xe8\xe1I\xcc\x90\xfc^\xaf\x82\x12\xdf\x17\xaeN\x1e'
11E8E149-CC90-FC5E-AF82-12DF17AE4E1E,2023-ncaa-d1-conf-Big South,ncaa,9,9,7,9,9,10,10,10,7,7,5,8,9,9,8,9,7,8,9,8,8,10,10,8,8,8,10,9,5,5,3,9,9,9,6,10,10,4,7,10,3,2,6,5,,,1,6,,,7,10,9,5,10,8,9,7,4,9,9,7,6,6,9,9,4,9,8,10,4,3,6,,3,,,7,2,2,1,5,1,1,6,9,8,8,9,1,1,5,1,2,1,1,7,6,5,9,9,1,5,9,3,3,3,6,10,10,8,5,9,2,4,7,8,,,8,7,,,7,1,7,6,7,3,3,4,3,1,9,9,1,1,1,2,2,8,5,7,10,6,3,8,,7,,,b'\x11\xe8\xe1I\xcc\x90\xfc^\xaf\x82\x12\xdf\x17\xaeN\x1e'
11E8E149-CC90-FC5E-AF82-12DF17AE4E1E,2023-ncaa-d1-natl,ncaa,312,316,219,318,309,350,348,353,281,297,264,288,346,345,304,305,316,298,309,296,244,352,332,302,311,342,297,302,144,266,192,324,345,320,288,351,339,322,354,354,90,43,276,212,,,64,124,,,310,332,330,361,355,349,357,294,242,345,344,313,282,278,358,326,241,321,317,351,331,66,270,,100,,,310,35,49,57,138,13,17,139,289,273,269,346,10,16,43,16,98,32,61,210,154,84,322,354,22,297,345,47,192,126,288,215,329,130,56,168,139,240,48,88,,,323,274,,,310,28,345,159,313,62,85,85,28,22,322,310,16,30,30,48,87,325,78,209,249,83,180,62,,323,,,b'\x11\xe8\xe1I\xcc\x90\xfc^\xaf\x82\x12\xdf\x17\xaeN\x1e'
11E8E149-CC90-FC5E-AF82-12DF17AE4E1E,2024-ncaa-d0-natl,ncaa,246,176,325,231,329,349,354,350,331,350,334,312,299,280,323,175,277,268,235,268,106,350,335,323,317,335,141,208,59,210,95,333,169,315,154,343,258,258,342,342,180,78,313,259,,,81,273,,,264,344,287,22,336,348,312,329,272,267,211,199,185,186,299,208,115,290,227,335,340,101,294,,219,,,274,9,11,9,223,19,6,283,84,95,120,287,38,47,158,48,240,7,16,238,229,123,218,232,171,21,169,18,95,13,154,22,108,164,36,40,93,223,7,41,,,296,154,,,264,19,331,104,274,95,87,41,78,21,175,199,129,134,138,33,94,87,126,93,84,64,220,20,,174,,,b'\x11\xe8\xe1I\xcc\x90\xfc^\xaf\x82\x12\xdf\x17\xaeN\x1e'
11E8E149-CC90-FC5E-AF82-12DF17AE4E1E,2024-ncaa-d1-conf-Big South,ncaa,5,5,6,5,6,9,9,9,8,9,7,9,6,6,6,5,3,3,5,3,2,9,8,7,7,7,3,6,1,4,2,8,2,6,2,8,6,5,6,9,3,2,4,3,,,5,7,,,7,9,9,1,8,9,6,9,6,5,4,2,1,1,6,5,3,7,3,7,8,2,4,,7,,,7,2,4,1,8,3,1,8,3,3,6,6,4,5,6,5,6,1,1,8,8,7,4,5,5,1,2,2,2,1,2,5,7,5,4,5,2,4,1,2,,,4,3,,,7,1,7,7,6,5,5,1,6,2,4,4,4,5,5,2,2,2,4,2,7,4,3,1,,1,,,b'\x11\xe8\xe1I\xcc\x90\xfc^\xaf\x82\x12\xdf\x17\xaeN\x1e'
11E8E149-CC90-FC5E-AF82-12DF17AE4E1E,2024-ncaa-d1-natl,ncaa,218,177,254,213,262,328,338,314,324,309,266,298,304,258,335,207,224,221,238,223,132,305,263,327,318,337,209,253,60,130,78,285,172,231,131,328,263,322,344,345,97,54,283,232,,,166,268,,,249,296,253,27,328,336,294,298,228,292,228,189,174,173,281,172,86,259,173,331,342,72,273,,229,,,251,32,41,31,182,38,19,238,126,158,104,297,78,99,88,99,235,25,67,192,186,81,235,236,164,74,172,54,78,46,131,46,118,84,35,32,176,233,12,33,,,231,181,,,249,75,330,69,248,78,81,52,69,22,178,217,116,139,138,44,133,112,123,106,77,45,229,20,,177,,,b'\x11\xe8\xe1I\xcc\x90\xfc^\xaf\x82\x12\xdf\x17\xaeN\x1e'
11E8E149-CC90-FC5E-AF82-12DF17AE4E1E,2025-ncaa-d0-natl,genius_ncaa,184,147,248,182,270,304,310,314,265,235,184,280,342,344,323,337,119,127,158,127,114,288,286,313,283,289,292,340,17,222,175,278,225,263,208,340,341,194,280,335,181,135,357,356,,,49,101,,153,245,293,250,176,300,313,314,205,122,347,344,66,77,74,277,242,188,245,234,349,263,148,357,,93,,186,244,64,107,85,208,130,68,289,100,166,43,264,33,55,63,57,131,66,81,201,161,135,99,166,71,145,225,80,175,93,208,78,103,187,115,122,179,254,34,37,,,201,87,,271,245,78,298,146,240,125,176,138,196,106,141,223,67,91,91,118,132,206,142,160,126,131,228,55,,132,,260,b'\x11\xe8\xe1I\xcc\x90\xfc^\xaf\x82\x12\xdf\x17\xaeN\x1e'
11E8E149-CC90-FC5E-AF82-12DF17AE4E1E,2025-ncaa-d1-conf-Big South,genius_ncaa,4,5,3,5,3,5,7,8,5,3,2,6,9,9,7,8,2,1,5,1,3,6,4,6,6,6,7,8,1,6,6,5,5,6,4,9,9,5,6,7,3,3,9,9,,,3,3,,6,6,5,8,2,7,7,8,4,3,9,9,1,1,1,7,7,6,6,8,9,5,3,9,,3,,7,6,4,6,5,6,5,3,7,5,6,4,6,3,3,1,3,4,4,5,6,4,4,4,4,2,4,5,3,6,4,4,6,5,3,3,3,4,6,2,1,,,2,2,,6,6,5,6,4,5,4,5,5,5,3,5,5,3,3,3,3,2,5,4,3,4,3,4,2,,2,,6,b'\x11\xe8\xe1I\xcc\x90\xfc^\xaf\x82\x12\xdf\x17\xaeN\x1e'
11E8E149-CC90-FC5E-AF82-12DF17AE4E1E,2025-ncaa-d1-natl,genius_ncaa,161,147,172,163,206,250,257,251,237,186,125,265,333,335,298,334,87,91,169,87,123,221,200,287,260,281,286,331,28,171,139,210,221,199,173,311,327,272,278,325,122,110,356,356,,,109,112,,157,182,204,191,195,265,276,274,174,101,335,338,67,70,72,230,179,159,203,187,327,281,111,357,,120,,167,182,83,122,133,142,138,115,234,107,203,27,251,66,100,28,100,150,118,173,130,109,74,114,153,105,191,221,119,139,150,173,76,87,94,81,67,229,250,46,39,,,152,99,,217,182,167,275,85,180,96,130,140,162,112,116,219,78,115,118,123,188,216,141,163,95,83,249,60,,108,,218,b'\x11\xe8\xe1I\xcc\x90\xfc^\xaf\x82\x12\xdf\x17\xaeN\x1e'
11E8E149-CC90-FC5E-AF82-12DF17AE4E1E,2026-ncaa-d0-natl,genius_ncaa,163,152,206,171,216,209,221,240,181,199,202,228,242,283,125,283,118,96,255,93,51,220,225,195,188,185,165,245,52,176,126,318,320,286,274,285,338,138,177,265,145,96,204,176,,,138,191,,36,238,233,166,97,174,201,223,172,134,226,276,61,35,33,152,152,134,353,318,301,197,100,200,,181,,36,240,200,199,97,337,210,104,341,157,115,275,156,208,216,190,213,286,110,125,340,338,299,147,133,209,159,320,100,126,114,274,179,140,159,84,155,75,88,107,113,,,162,102,,57,238,123,180,299,246,281,277,101,291,122,204,134,263,267,268,131,183,219,135,161,235,92,89,131,,86,,46,b'\x11\xe8\xe1I\xcc\x90\xfc^\xaf\x82\x12\xdf\x17\xaeN\x1e'
11E8E149-CC90-FC5E-AF82-12DF17AE4E1E,2026-ncaa-d1-natl,genius_ncaa,74,152,13,138,35,54,61,45,143,44,29,169,163,162,180,292,27,13,264,13,92,32,25,172,172,171,247,292,81,31,75,169,297,87,194,106,269,316,173,217,12,30,138,196,,,289,113,,108,106,28,95,100,120,128,128,82,74,246,270,67,38,39,85,70,63,325,216,196,213,26,197,,151,,71,119,298,288,266,241,306,274,235,210,222,157,124,299,303,200,303,240,287,333,215,228,110,134,103,242,314,297,292,75,311,194,272,170,9,21,53,220,95,265,145,,,40,161,,58,106,332,155,119,130,153,155,70,191,132,97,89,218,211,214,94,256,230,154,181,153,18,126,191,,120,,105,b'\x11\xe8\xe1I\xcc\x90\xfc^\xaf\x82\x12\xdf\x17\xaeN\x1e'
11E8E149-CC94-E95E-AF82-12DF17AE4E1E,2010-ncaa-d0-natl,ncaa,72,62,81,75,87,149,114,194,34,105,161,53,170,221,67,217,243,240,203,242,279,209,229,49,61,71,260,193,295,323,321,81,2,195,83,154,240,74,116,108,185,154,124,70,,,273,323,,,74,179,305,67,195,135,283,119,216,190,259,290,292,296,300,329,334,94,270,185,41,219,140,,237,,,71,57,20,86,29,7,45,26,193,205,187,261,285,267,273,270,318,107,106,50,98,97,339,275,328,4,2,152,321,49,83,31,155,198,157,74,99,149,166,165,,,237,202,,,74,164,121,44,65,22,7,12,4,12,176,170,253,220,230,20,12,3,94,14,20,250,84,140,,298,,,b'\x11\xe8\xe1I\xcc\x94\xe9^\xaf\x82\x12\xdf\x17\xaeN\x1e'
11E8E149-CC94-E95E-AF82-12DF17AE4E1E,2010-ncaa-d1-conf-Big Ten,ncaa,4,3,4,4,5,6,4,8,1,3,6,1,8,9,3,9,10,7,11,7,9,8,9,2,3,3,9,8,10,10,10,7,2,9,7,6,9,2,4,3,5,3,7,6,,,11,11,,,3,8,11,3,5,4,9,3,6,8,9,9,8,8,10,10,10,9,9,7,3,6,7,,11,,,3,2,1,1,4,1,2,4,4,3,6,6,10,9,9,10,11,2,2,3,7,5,11,6,11,2,2,3,10,2,7,2,4,7,3,2,3,6,3,5,,,8,5,,,3,4,3,4,3,3,1,1,1,1,3,2,10,9,10,1,1,2,2,1,2,7,4,4,,7,,,b'\x11\xe8\xe1I\xcc\x94\xe9^\xaf\x82\x12\xdf\x17\xaeN\x1e'
11E8E149-CC94-E95E-AF82-12DF17AE4E1E,2010-ncaa-d1-natl,ncaa,74,62,91,77,97,160,123,209,34,111,173,55,179,233,66,217,254,252,204,254,281,221,253,51,64,74,257,196,294,327,322,89,2,211,88,167,245,61,118,109,205,161,128,74,,,263,324,,,77,201,309,67,201,138,283,124,217,192,259,291,291,297,301,329,334,96,273,192,41,221,143,,236,,,74,47,15,55,32,3,32,26,190,199,194,261,279,256,273,261,319,87,86,54,103,106,338,272,328,3,2,140,322,31,88,26,156,220,162,79,93,150,160,170,,,254,201,,,77,140,124,45,70,24,7,12,4,13,176,169,255,219,231,21,12,3,96,14,20,256,84,142,,300,,,b'\x11\xe8\xe1I\xcc\x94\xe9^\xaf\x82\x12\xdf\x17\xaeN\x1e'
11E8E149-CC94-E95E-AF82-12DF17AE4E1E,2010-ncaa-d1-ncaatournament,ncaa,33,2,33,33,34,49,43,47,41,42,41,47,44,53,16,41,53,54,34,54,59,51,52,40,45,43,37,30,52,50,51,35,1,37,13,38,26,8,30,27,50,31,33,21,,,26,62,,,35,50,32,9,46,32,27,34,20,28,40,52,53,54,40,46,40,6,16,23,22,37,20,,58,,,38,5,5,6,27,10,12,27,6,6,22,10,26,29,32,29,55,8,2,22,29,40,35,13,59,1,1,17,51,4,13,10,48,57,52,47,14,35,47,63,,,51,44,,,35,14,45,21,39,22,12,8,28,26,10,8,53,57,57,20,3,1,46,20,29,55,30,62,,48,,,b'\x11\xe8\xe1I\xcc\x94\xe9^\xaf\x82\x12\xdf\x17\xaeN\x1e'
11E8E149-CC94-E95E-AF82-12DF17AE4E1E,2011-ncaa-d0-natl,ncaa,153,154,119,161,129,198,173,265,62,175,264,44,175,176,151,124,272,298,65,301,272,281,310,67,69,63,216,142,280,335,336,154,19,292,234,197,192,19,96,79,335,333,209,174,,,79,178,,,142,272,330,63,239,200,316,187,290,180,190,289,322,323,330,340,337,180,327,200,19,340,217,,59,,,142,64,71,87,118,60,43,167,177,214,100,286,103,82,262,86,182,72,47,147,146,199,235,242,163,12,19,141,336,63,234,85,153,300,268,234,30,90,285,323,,,278,157,,,142,71,130,156,138,63,62,55,50,24,167,221,102,84,87,33,8,11,127,45,79,324,35,279,,316,,,b'\x11\xe8\xe1I\xcc\x94\xe9^\xaf\x82\x12\xdf\x17\xaeN\x1e'
11E8E149-CC94-E95E-AF82-12DF17AE4E1E,2011-ncaa-d1-conf-Big Ten,ncaa,4,4,7,4,9,10,10,11,3,9,9,5,7,9,2,6,11,11,4,11,9,11,11,5,5,4,5,4,10,11,11,9,3,10,9,9,6,2,3,3,11,11,9,9,,,3,5,,,5,11,11,3,9,8,11,9,9,6,6,10,11,11,11,11,11,9,10,7,2,11,9,,3,,,5,1,3,2,6,2,2,8,2,4,4,9,2,2,5,2,3,1,1,6,5,4,3,9,3,2,3,5,11,2,9,2,4,9,3,2,2,2,9,11,,,11,6,,,5,1,6,2,5,2,4,2,2,2,3,6,2,2,2,2,1,2,9,4,3,9,2,10,,11,,,b'\x11\xe8\xe1I\xcc\x94\xe9^\xaf\x82\x12\xdf\x17\xaeN\x1e'
11E8E149-CC94-E95E-AF82-12DF17AE4E1E,2011-ncaa-d1-natl,ncaa,159,152,132,164,142,217,196,289,62,189,284,45,184,189,152,121,278,309,63,311,269,305,325,70,76,63,215,139,277,337,336,182,19,313,239,211,193,12,96,81,339,335,220,176,,,64,184,,,149,295,330,62,243,211,318,195,293,181,190,288,321,325,333,340,338,185,327,206,20,340,221,,60,,,148,46,57,67,123,47,36,171,166,202,104,284,95,70,267,72,183,53,29,153,148,205,232,238,163,6,19,119,336,42,239,71,154,314,277,243,22,91,280,327,,,294,159,,,149,48,135,165,144,66,64,56,54,25,168,221,103,82,85,36,8,12,128,44,80,327,32,283,,315,,,b'\x11\xe8\xe1I\xcc\x94\xe9^\xaf\x82\x12\xdf\x17\xaeN\x1e'
11E8E149-CC94-E95E-AF82-12DF17AE4E1E,2012-ncaa-d0-natl,ncaa,266,260,240,268,263,250,236,290,123,287,315,136,79,119,48,42,310,329,23,328,290,311,315,75,81,131,61,31,311,326,290,305,110,325,230,250,207,106,253,215,333,326,285,280,,,35,106,,,273,298,268,177,222,207,280,284,313,55,83,309,332,331,311,311,325,297,327,230,175,332,272,,62,,,275,191,239,83,334,293,109,341,82,92,117,154,70,31,341,32,54,56,35,328,325,333,19,64,49,14,110,51,290,19,230,230,163,315,290,321,169,268,136,271,,,328,292,,,273,49,170,324,275,262,303,159,315,190,122,135,110,47,49,122,54,27,89,44,269,308,217,175,,323,,,b'\x11\xe8\xe1I\xcc\x94\xe9^\xaf\x82\x12\xdf\x17\xaeN\x1e'
11E8E149-CC94-E95E-AF82-12DF17AE4E1E,2012-ncaa-d1-conf-Big Ten,ncaa,9,9,8,9,10,10,9,12,5,10,12,5,4,4,4,4,12,12,2,12,12,12,12,4,4,8,4,1,12,12,10,11,7,12,11,10,8,6,9,9,12,12,12,12,,,2,4,,,10,12,11,6,10,7,10,8,11,3,4,12,12,12,12,11,11,11,12,9,8,12,11,,2,,,10,7,10,3,12,11,6,12,3,2,6,7,2,2,11,2,2,1,1,12,12,12,1,3,2,3,7,2,10,2,11,10,8,11,8,11,7,10,7,8,,,12,12,,,10,1,8,11,10,10,11,4,12,7,6,5,2,2,2,3,2,3,5,3,11,10,8,7,,12,,,b'\x11\xe8\xe1I\xcc\x94\xe9^\xaf\x82\x12\xdf\x17\xaeN\x1e'
11E8E149-CC94-E95E-AF82-12DF17AE4E1E,2012-ncaa-d1-natl,ncaa,273,260,286,273,300,269,262,311,131,306,324,146,88,130,49,43,315,334,21,333,290,328,328,77,83,137,59,31,312,331,297,321,115,335,239,267,215,93,261,225,337,330,295,285,,,28,110,,,278,321,272,166,226,218,280,292,312,58,84,311,332,331,314,312,326,299,329,236,176,335,279,,64,,,282,176,232,55,336,283,85,341,71,75,125,147,61,25,341,27,54,36,18,329,327,334,20,64,49,9,115,31,297,8,239,218,161,326,295,322,149,269,132,276,,,332,289,,,278,24,177,327,282,270,308,159,317,191,124,136,109,49,51,124,54,28,91,46,273,310,215,177,,323,,,b'\x11\xe8\xe1I\xcc\x94\xe9^\xaf\x82\x12\xdf\x17\xaeN\x1e'
11E8E149-CC94-E95E-AF82-12DF17AE4E1E,2013-ncaa-d0-natl,ncaa,212,244,120,231,131,207,206,242,156,216,276,107,156,119,236,76,209,283,12,279,203,258,226,145,128,180,133,126,189,279,256,135,118,200,155,130,48,263,297,180,264,277,51,54,,,49,49,,,179,192,260,68,249,246,290,236,295,154,118,232,303,299,303,273,290,118,227,124,254,284,44,,40,,,178,128,159,216,86,128,217,59,213,186,244,186,72,62,220,67,61,191,153,99,79,137,196,254,93,165,118,115,256,123,155,99,95,251,270,195,288,308,139,207,,,290,297,,,179,154,212,139,182,111,141,203,117,206,214,180,67,61,68,167,113,142,91,106,98,278,282,138,,310,,,b'\x11\xe8\xe1I\xcc\x94\xe9^\xaf\x82\x12\xdf\x17\xaeN\x1e'
11E8E149-CC94-E95E-AF82-12DF17AE4E1E,2013-ncaa-d1-conf-Big Ten,ncaa,11,11,3,11,4,10,11,10,11,11,11,6,8,4,11,3,7,9,3,9,4,10,9,11,10,10,3,5,3,11,11,6,6,8,9,9,3,12,11,10,9,10,4,4,,,4,4,,,11,8,9,3,11,11,12,11,11,9,5,7,9,9,12,10,11,6,9,9,10,10,4,,4,,,11,6,5,9,3,4,9,2,7,5,10,4,7,6,6,7,7,10,5,3,4,7,7,8,7,6,6,7,11,7,9,6,4,9,9,8,11,11,5,7,,,10,8,,,11,5,10,7,11,6,5,9,4,9,7,3,7,7,7,8,4,6,6,6,5,9,11,5,,10,,,b'\x11\xe8\xe1I\xcc\x94\xe9^\xaf\x82\x12\xdf\x17\xaeN\x1e'
11E8E149-CC94-E95E-AF82-12DF17AE4E1E,2013-ncaa-d1-natl,ncaa,221,243,136,240,151,228,230,265,163,235,290,109,162,126,238,74,226,292,12,291,203,279,255,148,130,183,128,125,187,288,259,148,122,224,158,141,48,252,299,188,279,283,56,54,,,39,50,,,184,224,264,65,252,251,295,242,297,152,118,233,303,301,305,275,293,120,236,133,254,289,44,,40,,,183,111,143,205,88,115,202,63,202,177,244,184,64,56,221,59,62,170,123,108,87,147,193,252,94,146,122,89,259,98,158,89,95,276,281,203,281,310,136,209,,,302,294,,,184,124,218,148,187,117,145,204,120,209,218,180,70,62,68,167,112,141,93,108,107,284,282,143,,311,,,b'\x11\xe8\xe1I\xcc\x94\xe9^\xaf\x82\x12\xdf\x17\xaeN\x1e'
11E8E149-CC94-E95E-AF82-12DF17AE4E1E,2014-ncaa-d0-natl,ncaa,258,246,254,261,254,247,218,270,123,231,283,85,143,137,175,86,318,332,62,333,308,291,313,103,125,118,158,91,314,314,294,208,80,274,186,255,263,41,128,163,347,347,95,116,,,8,15,,,201,299,294,3,203,163,206,197,257,108,103,306,326,326,267,293,301,124,236,244,79,347,76,,14,,,201,99,201,177,218,266,276,171,56,39,215,48,13,5,348,5,2,110,40,176,147,268,4,71,17,52,80,103,294,57,186,138,97,346,343,336,112,229,97,187,,,335,316,,,201,48,163,253,203,188,284,308,314,340,84,57,30,8,8,217,71,89,186,143,197,343,178,126,,333,,,b'\x11\xe8\xe1I\xcc\x94\xe9^\xaf\x82\x12\xdf\x17\xaeN\x1e'
11E8E149-CC94-E95E-AF82-12DF17AE4E1E,2014-ncaa-d1-conf-Big Ten,ncaa,11,11,9,11,9,11,11,12,9,10,11,4,9,6,12,3,10,11,9,11,9,12,12,8,10,10,7,4,10,10,9,11,6,11,7,11,10,7,11,11,12,12,8,10,,,3,2,,,9,11,11,1,11,10,11,10,11,8,4,10,11,11,11,11,9,7,9,11,9,12,8,,3,,,10,5,8,7,8,10,10,8,2,1,9,2,3,2,10,1,1,4,2,7,8,9,1,3,3,5,6,5,9,5,7,4,5,12,12,11,10,12,2,4,,,11,9,,,9,2,10,10,10,8,12,11,12,12,3,2,3,3,3,8,5,7,8,7,8,12,12,3,,10,,,b'\x11\xe8\xe1I\xcc\x94\xe9^\xaf\x82\x12\xdf\x17\xaeN\x1e'
11E8E149-CC94-E95E-AF82-12DF17AE4E1E,2014-ncaa-d1-natl,ncaa,270,244,307,269,307,269,242,293,132,250,295,87,152,141,180,87,323,337,63,337,310,313,325,108,128,122,157,93,312,321,297,236,80,292,195,270,266,28,130,168,348,348,102,117,,,2,14,,,213,323,295,3,210,174,212,203,261,108,103,309,326,326,268,294,305,130,248,251,79,347,79,,14,,,215,78,182,156,222,256,260,176,49,27,217,45,11,4,348,4,2,80,24,183,152,279,4,70,15,44,80,84,297,38,195,126,100,348,343,339,102,229,91,197,,,340,314,,,213,27,172,267,217,193,290,311,316,340,83,60,30,8,8,218,72,88,195,146,204,343,181,131,,333,,,b'\x11\xe8\xe1I\xcc\x94\xe9^\xaf\x82\x12\xdf\x17\xaeN\x1e'
11E8E149-CC94-E95E-AF82-12DF17AE4E1E,2015-ncaa-d0-natl,ncaa,267,267,243,273,261,211,166,255,63,191,234,114,128,201,10,150,330,339,154,340,335,283,279,56,80,119,188,89,340,277,200,201,268,241,179,107,66,181,260,124,320,327,31,44,,,25,37,,,235,268,203,174,159,97,209,152,199,97,171,335,342,342,270,250,262,119,199,69,230,320,21,,55,,,237,185,254,252,205,292,288,194,92,106,120,83,76,41,333,41,17,213,113,158,145,268,25,74,68,249,268,30,200,86,179,186,119,341,343,333,304,334,105,146,,,312,289,,,235,82,137,300,236,269,310,334,324,339,126,147,116,79,77,322,213,308,64,167,239,335,325,131,,311,,,b'\x11\xe8\xe1I\xcc\x94\xe9^\xaf\x82\x12\xdf\x17\xaeN\x1e'
11E8E149-CC94-E95E-AF82-12DF17AE4E1E,2015-ncaa-d1-conf-Big Ten,ncaa,11,11,11,11,12,11,9,14,8,11,11,11,6,9,1,6,12,12,11,12,9,14,14,4,5,8,4,4,12,11,7,9,11,9,7,11,11,11,12,12,14,13,4,4,,,3,6,,,11,13,10,7,7,8,12,11,11,5,8,12,12,12,13,13,10,7,7,11,12,13,4,,4,,,11,8,9,9,8,9,11,7,4,2,6,2,6,5,7,5,5,9,3,8,8,10,5,3,6,10,11,3,7,4,7,4,3,13,13,12,13,14,1,2,,,10,7,,,11,2,7,11,11,11,12,12,12,13,5,2,8,7,7,12,9,11,3,6,4,13,13,1,,9,,,b'\x11\xe8\xe1I\xcc\x94\xe9^\xaf\x82\x12\xdf\x17\xaeN\x1e'
11E8E149-CC94-E95E-AF82-12DF17AE4E1E,2015-ncaa-d1-natl,ncaa,277,267,298,278,317,237,196,287,65,212,265,118,131,212,10,147,341,343,147,344,335,316,317,59,83,125,185,88,340,294,206,230,280,282,189,120,70,155,267,132,330,331,36,46,,,16,38,,,249,308,211,163,163,112,218,159,202,99,170,337,343,343,276,252,267,128,211,71,236,323,22,,57,,,250,155,239,218,212,280,271,203,74,83,128,81,65,32,334,32,17,178,69,171,159,281,25,73,67,231,280,15,206,59,189,171,118,344,343,335,296,336,93,153,,,332,288,,,249,42,147,307,249,278,313,334,325,340,128,145,120,82,80,321,214,310,64,169,245,336,327,131,,311,,,b'\x11\xe8\xe1I\xcc\x94\xe9^\xaf\x82\x12\xdf\x17\xaeN\x1e'
11E8E149-CC94-E95E-AF82-12DF17AE4E1E,2016-ncaa-d0-natl,ncaa,296,293,240,298,252,199,161,215,95,144,147,171,200,273,38,248,311,302,248,302,326,243,276,113,147,129,268,181,322,269,253,303,283,303,292,216,255,25,75,118,330,332,136,139,,,47,63,,,285,278,217,104,152,98,147,94,90,181,250,294,292,291,184,240,245,299,307,195,59,328,120,,72,,,285,264,292,195,318,245,189,270,301,186,346,205,80,46,342,55,60,156,87,330,324,343,185,283,42,169,283,121,253,128,292,178,70,323,317,306,49,101,135,104,,,264,209,,,285,84,149,344,283,309,325,296,289,261,322,246,115,71,85,248,177,222,181,206,226,313,77,163,,245,,,b'\x11\xe8\xe1I\xcc\x94\xe9^\xaf\x82\x12\xdf\x17\xaeN\x1e'
11E8E149-CC94-E95E-AF82-12DF17AE4E1E,2016-ncaa-d1-conf-Big Ten,ncaa,13,13,9,13,10,14,14,13,12,13,8,14,12,11,7,10,13,13,13,13,13,14,14,12,12,12,13,9,12,12,12,14,14,14,13,13,11,1,5,12,13,13,10,9,,,1,5,,,13,14,13,7,14,14,11,13,7,12,11,12,13,12,12,13,10,14,14,13,1,13,10,,4,,,13,6,7,3,13,5,5,9,9,5,14,9,3,3,13,3,5,1,1,13,12,13,7,12,4,8,14,7,12,8,13,6,5,14,11,11,3,5,4,5,,,12,10,,,13,1,13,13,14,7,8,5,6,6,10,7,3,3,3,3,2,10,9,8,6,13,3,5,,12,,,b'\x11\xe8\xe1I\xcc\x94\xe9^\xaf\x82\x12\xdf\x17\xaeN\x1e'
11E8E149-CC94-E95E-AF82-12DF17AE4E1E,2016-ncaa-d1-natl,ncaa,302,292,303,302,313,228,188,250,102,172,181,183,212,281,37,251,318,315,247,315,324,278,312,122,155,135,264,180,321,288,259,330,289,331,301,239,258,20,80,124,338,332,151,147,,,32,65,,,292,312,217,93,164,110,152,103,94,182,253,296,293,292,191,244,254,306,313,205,63,331,127,,76,,,294,244,269,165,321,225,153,280,289,170,348,203,67,39,343,49,64,125,48,333,329,346,177,279,42,140,289,88,259,90,301,157,75,335,322,313,39,105,112,117,,,292,207,,,292,46,158,345,291,315,330,298,298,264,324,245,126,76,90,256,178,231,189,209,233,317,77,172,,248,,,b'\x11\xe8\xe1I\xcc\x94\xe9^\xaf\x82\x12\xdf\x17\xaeN\x1e'
11E8E149-CC94-E95E-AF82-12DF17AE4E1E,2017-ncaa-d0-natl,ncaa,267,300,116,285,155,198,220,181,251,199,145,279,208,220,175,226,118,73,311,71,53,163,102,266,269,294,172,205,73,109,97,117,191,103,128,192,133,332,314,287,251,287,203,215,,,231,185,,,300,109,89,268,240,253,234,226,169,219,231,128,64,58,199,87,100,117,94,209,325,272,214,,224,,,295,292,249,265,172,180,194,171,312,304,247,289,277,255,261,250,242,273,242,207,229,270,300,283,209,251,191,171,97,213,128,225,153,208,253,224,327,312,205,184,,,105,129,,,300,234,288,274,295,277,244,267,172,154,307,305,265,251,245,284,249,237,137,182,191,237,317,194,,90,,,b'\x11\xe8\xe1I\xcc\x94\xe9^\xaf\x82\x12\xdf\x17\xaeN\x1e'
11E8E149-CC94-E95E-AF82-12DF17AE4E1E,2017-ncaa-d1-conf-Big Ten,ncaa,11,11,4,11,5,13,13,13,13,12,10,13,11,12,11,8,11,7,13,8,7,13,7,13,13,13,7,8,3,7,7,8,8,7,5,11,8,14,14,14,14,14,12,12,,,11,11,,,13,8,12,6,13,13,14,13,13,11,11,11,10,10,13,11,7,9,6,12,14,14,12,,10,,,13,8,7,6,9,6,7,9,8,7,9,10,10,11,8,11,11,8,6,9,9,12,10,7,9,8,8,5,7,7,5,5,4,13,13,11,14,14,10,9,,,6,6,,,13,6,13,12,13,9,9,5,6,4,9,9,9,10,10,7,3,8,5,6,6,13,14,10,,8,,,b'\x11\xe8\xe1I\xcc\x94\xe9^\xaf\x82\x12\xdf\x17\xaeN\x1e'
11E8E149-CC94-E95E-AF82-12DF17AE4E1E,2017-ncaa-d1-natl,ncaa,283,299,144,297,198,232,260,224,261,230,180,284,224,232,180,224,139,88,311,83,57,199,133,270,271,301,170,201,71,127,104,143,201,135,138,211,142,326,316,293,271,294,215,222,,,211,188,,,306,140,92,270,253,264,240,234,172,218,230,132,67,62,207,97,106,128,105,216,325,281,218,,222,,,303,279,227,241,183,159,153,179,305,294,255,287,264,244,264,241,243,247,211,220,247,285,297,281,214,231,201,131,104,178,138,208,155,233,256,238,320,318,191,190,,,126,127,,,306,199,290,289,302,290,251,268,177,156,305,303,271,251,245,286,246,242,141,185,199,243,320,200,,93,,,b'\x11\xe8\xe1I\xcc\x94\xe9^\xaf\x82\x12\xdf\x17\xaeN\x1e'
11E8E149-CC94-E95E-AF82-12DF17AE4E1E,2018-ncaa-d0-natl,ncaa,266,280,164,272,208,231,201,210,177,153,158,177,250,247,249,229,282,266,282,267,290,230,246,209,245,235,293,241,263,255,256,189,91,229,195,178,149,121,184,154,281,271,225,228,,,97,150,,,246,230,251,205,257,197,209,137,142,248,245,291,268,269,235,262,261,183,228,164,145,280,230,,120,,,244,158,154,150,174,138,133,184,204,180,207,227,180,100,343,101,141,136,92,190,224,267,221,214,203,57,91,186,256,124,195,193,226,284,272,284,205,242,264,256,,,309,313,,,246,114,246,238,252,184,177,160,162,145,213,204,200,133,134,142,79,76,208,151,201,295,213,271,,328,,,b'\x11\xe8\xe1I\xcc\x94\xe9^\xaf\x82\x12\xdf\x17\xaeN\x1e'
11E8E149-CC94-E95E-AF82-12DF17AE4E1E,2018-ncaa-d1-conf-Big Ten,ncaa,13,13,12,13,13,14,14,14,13,13,13,13,11,10,13,7,13,13,14,13,11,14,14,13,13,13,10,8,10,14,14,12,10,14,14,13,7,6,11,13,12,11,14,13,,,3,9,,,13,14,12,9,14,14,13,13,12,11,9,13,13,13,14,14,13,10,14,13,9,12,14,,7,,,13,3,3,2,8,4,2,9,5,6,7,11,4,2,14,2,6,1,1,8,10,10,9,7,8,4,10,11,14,9,14,4,5,12,10,9,8,11,6,11,,,14,13,,,13,1,14,11,13,6,5,3,6,4,5,8,8,5,5,4,3,8,12,10,6,9,9,11,,13,,,b'\x11\xe8\xe1I\xcc\x94\xe9^\xaf\x82\x12\xdf\x17\xaeN\x1e'
11E8E149-CC94-E95E-AF82-12DF17AE4E1E,2018-ncaa-d1-natl,ncaa,276,278,213,279,272,271,237,255,192,190,197,183,271,264,253,226,301,283,280,285,292,273,294,221,253,241,292,237,260,280,264,232,96,270,207,201,153,98,190,162,295,278,239,233,,,69,157,,,258,294,253,187,268,214,217,152,147,256,247,294,268,271,246,268,263,188,240,175,148,287,235,,122,,,257,129,128,105,191,113,95,193,182,158,217,219,164,81,343,81,141,87,42,203,234,279,220,213,200,37,96,153,264,93,207,182,227,307,277,289,181,248,254,263,,,327,314,,,258,51,255,255,266,194,186,164,176,149,216,202,202,136,135,147,80,76,215,156,210,298,214,279,,329,,,b'\x11\xe8\xe1I\xcc\x94\xe9^\xaf\x82\x12\xdf\x17\xaeN\x1e'
11E8E149-CC94-E95E-AF82-12DF17AE4E1E,2019-ncaa-d0-natl,ncaa,163,224,47,202,51,105,95,68,197,56,30,218,262,252,260,305,88,16,342,16,96,52,52,238,267,226,300,301,112,30,96,50,80,33,87,86,101,210,94,107,185,230,17,24,,,174,94,,,158,64,179,66,174,150,116,81,48,296,294,127,23,25,70,103,59,61,42,112,121,227,23,,92,,,158,253,240,286,97,236,289,100,207,247,117,162,244,260,141,246,153,290,276,92,94,152,175,163,207,218,80,318,96,299,87,205,145,185,250,208,249,149,305,202,,,30,82,,,158,282,194,139,168,140,134,195,145,207,131,168,187,199,186,196,152,120,235,201,132,258,181,274,,54,,,b'\x11\xe8\xe1I\xcc\x94\xe9^\xaf\x82\x12\xdf\x17\xaeN\x1e'
11E8E149-CC94-E95E-AF82-12DF17AE4E1E,2019-ncaa-d1-conf-Big Ten,ncaa,12,13,1,12,1,7,5,4,12,4,1,11,13,11,13,12,2,1,14,1,3,2,2,14,14,14,11,13,2,3,8,3,7,3,10,8,6,14,9,11,3,3,4,5,,,8,5,,,13,2,6,3,13,12,11,5,3,14,12,7,1,1,5,5,6,6,6,9,11,3,4,,5,,,13,14,13,12,10,13,12,12,12,12,4,11,8,9,7,8,7,12,13,11,9,11,8,7,6,12,7,14,8,14,10,12,6,3,9,10,14,10,12,10,,,1,3,,,13,14,14,12,13,12,11,12,10,8,12,11,7,7,6,11,11,8,12,12,10,9,10,12,,2,,,b'\x11\xe8\xe1I\xcc\x94\xe9^\xaf\x82\x12\xdf\x17\xaeN\x1e'
11E8E149-CC94-E95E-AF82-12DF17AE4E1E,2019-ncaa-d1-natl,ncaa,182,224,62,210,68,136,115,89,205,77,40,231,278,272,267,306,105,20,342,20,96,67,66,252,273,235,300,299,107,43,109,63,86,44,93,98,104,176,101,111,213,243,19,24,,,144,100,,,185,92,186,60,185,164,130,90,50,300,296,127,25,26,82,109,65,68,46,120,121,239,25,,97,,,185,224,213,273,107,214,265,107,190,230,131,157,223,237,148,229,156,271,242,104,107,170,173,160,205,192,86,302,109,275,93,186,148,225,259,220,232,156,298,210,,,45,79,,,185,255,209,155,192,152,148,196,157,217,140,168,188,206,193,198,153,122,237,203,143,264,187,278,,53,,,b'\x11\xe8\xe1I\xcc\x94\xe9^\xaf\x82\x12\xdf\x17\xaeN\x1e'
11E8E149-CC94-E95E-AF82-12DF17AE4E1E,2020-ncaa-d0-natl,ncaa,221,258,33,240,78,118,91,88,118,51,30,158,261,276,178,304,149,121,226,122,246,89,102,175,181,162,304,292,187,122,144,57,201,63,143,75,126,152,114,95,292,319,73,127,,,50,16,,,219,114,207,258,182,133,154,72,49,279,303,193,166,170,168,205,164,104,110,106,108,311,90,,20,,,216,287,299,331,140,285,324,112,256,261,218,177,137,74,350,70,25,317,272,136,135,245,134,203,69,293,201,219,144,266,143,231,117,288,323,299,208,160,168,88,,,115,153,,,219,248,157,269,215,233,268,307,242,300,230,211,107,51,48,276,178,250,139,190,189,320,166,138,,182,,,b'\x11\xe8\xe1I\xcc\x94\xe9^\xaf\x82\x12\xdf\x17\xaeN\x1e'
11E8E149-CC94-E95E-AF82-12DF17AE4E1E,2020-ncaa-d1-conf-Big Ten,ncaa,12,12,4,12,7,10,8,4,10,5,2,10,12,14,12,14,11,9,12,9,14,5,6,11,12,11,13,12,9,7,6,6,10,6,9,8,8,7,8,8,13,14,7,7,,,3,2,,,12,7,9,8,12,8,6,6,2,12,14,11,10,11,7,8,6,6,8,9,6,14,8,,2,,,12,10,10,13,9,9,10,6,13,12,11,11,8,4,14,3,3,13,11,9,9,10,9,11,7,10,10,10,6,10,9,11,7,13,13,11,9,10,7,4,,,9,9,,,12,8,11,11,11,10,10,11,8,9,12,12,8,2,2,11,9,11,8,10,11,13,9,6,,8,,,b'\x11\xe8\xe1I\xcc\x94\xe9^\xaf\x82\x12\xdf\x17\xaeN\x1e'
11E8E149-CC94-E95E-AF82-12DF17AE4E1E,2020-ncaa-d1-natl,ncaa,238,257,45,249,113,152,109,119,124,62,39,168,274,292,183,304,174,146,227,146,247,121,141,185,189,170,301,294,183,146,155,85,205,87,156,90,129,127,115,103,305,323,82,132,,,33,16,,,231,151,213,258,190,147,163,76,53,281,301,195,172,173,179,210,172,111,119,116,106,315,96,,20,,,231,273,288,321,148,276,313,119,247,239,230,174,125,65,348,60,26,303,239,150,148,263,133,205,71,278,205,185,155,237,156,222,117,308,323,306,190,165,157,91,,,145,152,,,231,210,173,276,226,245,274,309,251,305,230,209,111,53,48,279,178,254,142,193,197,323,167,143,,182,,,b'\x11\xe8\xe1I\xcc\x94\xe9^\xaf\x82\x12\xdf\x17\xaeN\x1e'
11E8E149-CC94-E95E-AF82-12DF17AE4E1E,2021-ncaa-d0-natl,ncaa,265,329,89,303,96,129,121,119,142,70,50,191,238,245,209,314,128,132,168,126,240,121,110,206,205,212,304,303,142,124,171,108,282,115,214,122,183,291,237,213,265,328,57,105,,,220,116,,,328,108,137,77,194,159,194,81,58,300,314,162,174,163,193,143,191,161,175,178,239,322,79,,167,,,310,312,311,294,261,303,279,262,295,292,240,205,277,274,187,273,185,293,267,267,268,325,194,208,138,313,282,214,171,266,214,329,274,252,338,337,312,288,300,195,,,149,246,,,328,241,225,335,308,325,321,327,304,278,288,290,254,249,250,328,272,297,135,225,322,333,290,269,,228,,,b'\x11\xe8\xe1I\xcc\x94\xe9^\xaf\x82\x12\xdf\x17\xaeN\x1e'
11E8E149-CC94-E95E-AF82-12DF17AE4E1E,2021-ncaa-d1-conf-Big Ten,ncaa,14,14,2,14,2,9,8,7,12,5,4,13,13,11,12,13,5,5,8,5,10,7,5,12,12,13,13,13,2,4,9,6,13,4,11,10,12,14,13,14,12,13,5,7,,,12,8,,,14,5,12,3,13,13,14,9,6,14,14,9,8,8,14,12,10,8,9,14,13,13,7,,11,,,14,13,12,12,9,12,12,8,12,13,7,9,12,13,2,13,10,12,12,9,9,10,8,6,7,13,13,10,9,10,11,12,9,12,13,13,14,14,12,8,,,5,7,,,14,12,13,12,14,11,10,12,9,10,10,12,11,12,12,12,9,14,6,9,12,13,14,10,,9,,,b'\x11\xe8\xe1I\xcc\x94\xe9^\xaf\x82\x12\xdf\x17\xaeN\x1e'
11E8E149-CC94-E95E-AF82-12DF17AE4E1E,2021-ncaa-d1-natl,ncaa,277,329,105,308,113,147,133,132,147,78,60,200,243,255,211,315,138,141,170,138,239,137,126,212,210,216,304,301,133,143,177,126,283,130,222,138,189,279,241,220,273,331,61,107,,,211,117,,,328,124,143,72,204,163,199,84,59,297,316,159,173,167,200,150,195,168,184,186,241,325,79,,167,,,315,307,307,291,267,300,271,266,289,286,245,203,268,263,187,262,186,289,254,273,272,327,189,205,140,309,283,200,177,250,222,327,276,265,338,337,306,292,296,206,,,163,247,,,328,224,233,336,313,326,322,327,306,279,289,287,259,252,252,329,270,300,136,226,325,333,293,274,,229,,,b'\x11\xe8\xe1I\xcc\x94\xe9^\xaf\x82\x12\xdf\x17\xaeN\x1e'
11E8E149-CC94-E95E-AF82-12DF17AE4E1E,2022-ncaa-d0-natl,ncaa,282,303,163,292,189,248,228,258,178,266,274,166,144,158,123,90,311,322,130,322,299,273,275,146,170,185,134,87,306,310,294,315,324,321,331,159,54,147,231,139,238,232,235,236,,,100,154,,,304,258,333,210,296,266,311,288,304,133,148,324,341,341,337,349,327,348,353,148,150,254,238,,100,,,298,230,232,134,318,219,148,292,233,145,327,168,179,153,294,155,181,135,108,323,323,332,173,200,134,215,324,124,294,146,331,268,236,285,273,317,89,163,288,335,,,260,188,,,304,94,227,342,308,241,257,111,232,144,238,134,177,148,152,117,53,218,103,157,275,301,90,297,,292,,,b'\x11\xe8\xe1I\xcc\x94\xe9^\xaf\x82\x12\xdf\x17\xaeN\x1e'
11E8E149-CC94-E95E-AF82-12DF17AE4E1E,2022-ncaa-d1-conf-Big Ten,ncaa,11,11,5,11,6,13,13,13,12,14,14,11,7,8,9,2,14,14,10,14,13,13,13,11,11,12,3,2,13,14,14,13,13,14,14,10,2,11,13,11,11,11,14,14,,,3,6,,,13,10,13,7,14,14,14,14,14,8,7,14,14,14,14,14,14,14,14,10,10,12,14,,2,,,13,9,8,6,12,7,7,11,6,3,12,5,5,5,11,5,5,6,5,12,12,12,5,5,5,11,13,8,14,8,14,8,7,11,8,11,9,11,14,14,,,10,6,,,13,2,14,11,13,8,10,3,6,7,5,3,5,5,5,4,2,11,8,9,10,10,9,14,,11,,,b'\x11\xe8\xe1I\xcc\x94\xe9^\xaf\x82\x12\xdf\x17\xaeN\x1e'
11E8E149-CC94-E95E-AF82-12DF17AE4E1E,2022-ncaa-d1-natl,ncaa,296,303,213,301,237,283,271,299,191,296,303,180,158,182,127,88,325,333,133,333,299,313,318,152,176,199,127,83,302,328,301,336,327,343,338,192,56,115,238,151,274,241,253,244,,,68,163,,,316,303,335,198,304,286,319,304,311,136,150,326,344,343,342,350,332,350,353,162,156,269,248,,101,,,315,198,205,100,333,197,116,301,214,114,339,165,158,128,298,129,182,96,59,332,334,342,173,198,130,186,327,84,301,110,338,248,241,310,278,323,71,167,282,337,,,291,185,,,316,51,244,346,320,255,265,115,243,146,245,138,190,153,156,118,50,222,110,164,283,309,89,302,,292,,,b'\x11\xe8\xe1I\xcc\x94\xe9^\xaf\x82\x12\xdf\x17\xaeN\x1e'
11E8E149-CC94-E95E-AF82-12DF17AE4E1E,2023-ncaa-d0-natl,ncaa,242,284,116,267,142,101,117,143,84,166,240,70,71,78,79,80,155,198,48,198,145,148,123,64,57,119,89,84,218,235,214,204,247,224,234,47,15,307,280,114,110,132,81,70,,,164,105,,,241,104,92,136,101,107,198,187,272,70,84,166,216,218,210,143,256,260,284,28,293,115,77,,146,,,235,329,304,248,297,256,186,283,318,280,335,255,315,285,355,291,284,260,250,313,331,334,305,260,260,233,247,138,214,173,234,317,275,165,208,284,330,319,202,235,,,199,259,,,241,248,138,336,239,335,296,236,235,137,328,281,306,273,277,271,264,226,106,144,312,185,320,192,,220,,,b'\x11\xe8\xe1I\xcc\x94\xe9^\xaf\x82\x12\xdf\x17\xaeN\x1e'
11E8E149-CC94-E95E-AF82-12DF17AE4E1E,2023-ncaa-d1-conf-Big Ten,ncaa,10,10,9,10,11,11,9,13,7,12,12,8,5,6,5,5,13,12,9,12,11,13,12,7,7,10,3,3,12,10,7,14,13,14,11,6,2,13,14,12,6,6,5,5,,,2,3,,,10,10,9,4,11,9,11,12,12,4,6,12,12,12,12,8,9,13,13,5,14,6,4,,3,,,10,9,9,5,12,8,5,11,9,7,14,7,10,9,12,9,12,6,4,12,11,13,10,10,9,8,13,2,7,4,11,10,9,9,8,12,12,14,10,11,,,12,10,,,10,4,10,13,10,12,11,9,9,7,11,8,11,11,11,11,7,10,4,7,12,7,13,11,,11,,,b'\x11\xe8\xe1I\xcc\x94\xe9^\xaf\x82\x12\xdf\x17\xaeN\x1e'
11E8E149-CC94-E95E-AF82-12DF17AE4E1E,2023-ncaa-d1-natl,ncaa,265,284,151,285,182,130,143,193,94,197,270,77,86,94,81,81,176,219,47,217,145,202,165,69,59,124,87,86,211,266,223,248,257,273,248,53,15,290,286,118,141,148,90,71,,,138,112,,,266,135,98,129,114,119,217,196,280,74,87,168,219,220,227,148,266,273,296,29,297,133,79,,148,,,263,321,294,214,308,236,142,295,315,266,340,252,308,273,356,277,287,230,221,325,339,341,304,257,260,214,257,102,223,128,248,312,280,198,217,296,325,322,190,245,,,232,261,,,266,220,144,340,269,340,311,240,243,140,330,283,311,277,279,273,262,228,115,148,315,197,324,203,,219,,,b'\x11\xe8\xe1I\xcc\x94\xe9^\xaf\x82\x12\xdf\x17\xaeN\x1e'
11E8E149-CC94-E95E-AF82-12DF17AE4E1E,2024-ncaa-d0-natl,ncaa,171,209,94,190,142,163,172,184,173,190,256,98,147,91,275,75,115,140,97,141,71,170,125,168,152,208,121,152,103,204,198,108,221,135,170,100,36,347,329,224,167,206,37,28,,,171,91,,,260,108,128,359,213,234,277,243,310,168,107,139,174,176,265,176,240,115,169,106,322,188,36,,127,,,250,280,262,278,164,201,240,108,323,285,328,239,235,240,215,244,189,275,266,201,201,250,310,308,174,280,221,163,198,223,170,300,285,189,247,279,335,320,88,146,,,144,178,,,260,247,234,272,253,247,221,253,152,194,319,257,203,200,202,256,234,256,112,168,282,231,323,72,,179,,,b'\x11\xe8\xe1I\xcc\x94\xe9^\xaf\x82\x12\xdf\x17\xaeN\x1e'
11E8E149-CC94-E95E-AF82-12DF17AE4E1E,2024-ncaa-d1-conf-Big Ten,ncaa,10,10,8,10,14,14,14,13,14,14,14,8,11,6,14,3,12,11,7,12,7,14,11,14,13,14,7,10,3,7,3,9,12,8,6,12,5,14,14,13,12,12,1,1,,,2,3,,,12,14,12,14,14,14,13,14,14,11,6,12,11,12,14,9,4,6,4,12,14,11,1,,4,,,12,4,4,5,7,3,9,1,5,4,12,3,6,7,5,7,6,6,3,7,6,9,7,8,7,10,12,2,3,4,6,3,5,12,12,11,14,14,1,4,,,11,8,,,12,1,14,11,12,6,6,8,6,12,7,4,8,10,10,8,7,13,2,6,4,12,14,1,,10,,,b'\x11\xe8\xe1I\xcc\x94\xe9^\xaf\x82\x12\xdf\x17\xaeN\x1e'
11E8E149-CC94-E95E-AF82-12DF17AE4E1E,2024-ncaa-d1-natl,ncaa,190,211,130,207,193,205,222,237,188,235,290,105,172,107,288,74,137,174,98,172,70,224,169,183,159,220,115,151,95,237,215,131,231,177,188,122,38,337,334,231,202,227,40,29,,,137,100,,,284,143,136,361,230,257,287,264,315,177,110,144,178,182,276,192,253,123,191,120,324,204,36,,128,,,277,266,251,254,188,172,213,123,320,267,334,235,217,218,220,220,193,252,231,223,221,266,310,309,177,271,231,135,215,189,188,295,291,230,265,289,330,327,79,159,,,170,170,,,284,212,249,285,282,260,239,260,168,199,322,261,207,207,211,266,234,266,121,182,287,244,325,77,,176,,,b'\x11\xe8\xe1I\xcc\x94\xe9^\xaf\x82\x12\xdf\x17\xaeN\x1e'
11E8E149-CC94-E95E-AF82-12DF17AE4E1E,2025-ncaa-d0-natl,genius_ncaa,203,199,194,210,202,179,157,220,94,150,184,123,196,252,73,224,239,241,214,246,244,222,246,105,112,118,235,198,246,244,199,235,168,251,182,84,32,87,150,69,295,285,155,182,,,24,25,,18,265,241,271,70,151,124,231,124,160,189,247,236,233,241,232,266,246,230,260,54,125,291,157,,29,,21,263,277,320,210,351,311,242,320,247,151,348,135,61,58,233,59,41,191,111,349,336,358,70,191,28,117,168,80,199,76,182,309,229,351,353,355,234,276,91,104,,,264,232,,343,265,118,119,356,269,311,343,277,338,293,279,171,81,76,76,235,99,142,92,99,331,353,257,113,,266,,340,b'\x11\xe8\xe1I\xcc\x94\xe9^\xaf\x82\x12\xdf\x17\xaeN\x1e'
11E8E149-CC94-E95E-AF82-12DF17AE4E1E,2025-ncaa-d1-conf-Big Ten,genius_ncaa,14,15,9,14,14,14,15,15,16,17,16,16,12,13,8,11,14,14,12,14,12,15,16,15,14,15,6,7,10,13,14,17,17,16,14,8,2,12,16,13,16,15,12,14,,,1,1,,2,17,15,15,9,16,17,16,18,14,12,13,15,14,14,15,15,14,18,15,9,14,16,13,,1,,3,17,16,17,10,18,17,10,17,12,8,18,9,3,2,16,1,1,9,7,18,18,18,4,10,1,10,17,7,14,11,14,16,11,17,18,18,16,17,7,11,,,15,15,,18,17,4,15,18,17,16,18,15,18,14,13,10,3,2,1,11,6,13,9,11,15,18,17,8,,15,,18,b'\x11\xe8\xe1I\xcc\x94\xe9^\xaf\x82\x12\xdf\x17\xaeN\x1e'
11E8E149-CC94-E95E-AF82-12DF17AE4E1E,2025-ncaa-d1-natl,genius_ncaa,222,199,244,224,258,210,187,268,96,188,216,138,217,264,79,225,256,256,212,260,242,270,296,113,117,120,228,199,241,273,213,277,176,292,192,96,32,76,155,76,313,298,180,193,,,14,28,,13,282,288,276,68,167,137,244,137,164,195,251,238,233,240,248,274,260,240,274,56,128,305,160,,29,,20,281,255,306,178,355,304,219,328,240,126,348,132,51,51,237,52,41,150,58,353,342,359,68,190,29,97,176,56,213,49,192,302,228,355,352,358,213,287,86,112,,,288,227,,345,282,72,124,359,285,320,349,277,341,298,281,166,87,76,78,240,93,146,91,103,333,353,263,115,,265,,340,b'\x11\xe8\xe1I\xcc\x94\xe9^\xaf\x82\x12\xdf\x17\xaeN\x1e'
11E8E149-CC94-E95E-AF82-12DF17AE4E1E,2026-ncaa-d0-natl,genius_ncaa,35,80,9,68,10,40,40,31,75,75,101,80,6,9,56,39,145,153,138,150,255,44,39,50,59,60,76,29,338,68,109,42,138,46,97,45,140,266,107,73,51,97,12,25,,,349,264,,227,63,39,269,78,77,63,117,157,269,21,34,289,304,301,161,213,164,139,129,78,92,112,24,,229,,135,77,316,312,336,96,311,328,117,275,306,107,181,299,298,184,292,166,335,328,100,102,141,172,158,204,297,138,281,109,290,97,270,109,98,233,163,151,57,136,81,,,150,341,,310,63,325,51,132,68,119,120,188,137,195,122,169,174,163,156,174,117,144,71,76,97,255,51,49,,339,,340,b'\x11\xe8\xe1I\xcc\x94\xe9^\xaf\x82\x12\xdf\x17\xaeN\x1e'
11E8E149-CC94-E95E-AF82-12DF17AE4E1E,2026-ncaa-d1-conf-Big Ten,genius_ncaa,1,1,1,1,3,9,9,15,6,13,17,7,3,5,2,3,9,10,12,10,5,15,18,4,4,3,4,2,15,11,5,8,16,6,9,9,9,5,9,6,10,10,2,2,,,7,10,,5,6,17,17,3,9,9,15,13,17,3,5,9,10,10,15,18,11,8,6,9,5,10,2,,7,,5,6,7,7,7,7,8,5,8,6,11,4,12,7,10,4,10,13,8,3,6,6,7,9,8,11,17,16,3,5,9,9,6,7,10,11,10,1,4,2,4,,,16,14,,11,6,1,3,8,6,7,7,7,8,5,6,11,7,10,10,8,3,17,3,9,6,10,1,2,,16,,11,b'\x11\xe8\xe1I\xcc\x94\xe9^\xaf\x82\x12\xdf\x17\xaeN\x1e'
11E8E149-CC94-E95E-AF82-12DF17AE4E1E,2026-ncaa-d1-natl,genius_ncaa,38,80,13,79,18,49,48,50,87,103,149,92,10,14,59,37,192,210,134,206,259,64,63,55,65,70,68,27,336,100,135,53,155,61,124,55,148,217,115,90,73,132,14,27,,,335,282,,201,97,65,279,73,104,90,142,196,287,27,39,296,315,311,188,238,192,158,161,96,96,144,23,,246,,137,112,299,292,323,127,289,311,140,256,283,128,174,275,276,194,272,174,321,301,128,133,186,170,163,195,264,155,235,135,252,124,249,111,155,267,213,113,59,108,92,,,220,337,,321,97,303,69,181,102,154,161,195,167,205,146,166,185,170,162,191,111,151,75,90,121,277,51,51,,343,,340,b'\x11\xe8\xe1I\xcc\x94\xe9^\xaf\x82\x12\xdf\x17\xaeN\x1e'
11E8E149-CC99-09F8-AF82-12DF17AE4E1E,2010-ncaa-d0-natl,ncaa,302,290,288,303,291,282,294,288,276,284,270,268,223,214,237,166,206,175,270,174,73,280,219,275,270,297,117,172,80,249,253,190,136,213,209,286,233,312,327,323,256,250,112,93,,,148,196,,,313,206,31,39,250,269,208,251,208,191,161,144,98,99,183,51,185,67,112,267,337,210,69,,268,,,313,196,162,144,210,108,128,101,277,162,341,181,214,223,136,228,248,155,139,251,247,273,296,281,209,102,136,156,253,138,209,62,42,233,213,142,329,337,160,236,,,168,92,,,313,148,310,249,308,320,298,298,203,271,320,247,290,294,298,316,307,221,296,271,144,147,341,214,,54,,,b'\x11\xe8\xe1I\xcc\x99\t\xf8\xaf\x82\x12\xdf\x17\xaeN\x1e'
11E8E149-CC99-09F8-AF82-12DF17AE4E1E,2010-ncaa-d1-conf-SoCon,ncaa,9,7,9,9,9,11,9,7,9,9,6,9,7,7,7,6,7,6,10,6,6,8,4,9,9,11,7,7,5,8,8,6,8,6,6,9,8,9,11,10,8,8,3,3,,,6,4,,,11,4,2,1,8,8,7,6,5,7,6,6,4,4,7,3,6,5,5,8,11,8,3,,7,,,11,10,8,8,5,6,9,2,11,4,11,4,7,7,5,7,4,8,9,6,5,6,8,9,6,10,8,8,8,9,6,2,1,7,8,3,10,11,6,6,,,5,5,,,11,8,10,8,11,10,11,10,7,10,11,6,8,8,8,10,10,10,9,9,3,6,11,7,,4,,,b'\x11\xe8\xe1I\xcc\x99\t\xf8\xaf\x82\x12\xdf\x17\xaeN\x1e'
11E8E149-CC99-09F8-AF82-12DF17AE4E1E,2010-ncaa-d1-natl,ncaa,298,289,276,300,281,265,273,279,255,258,250,254,214,214,227,177,184,161,271,163,78,261,186,256,253,290,136,179,96,233,242,160,110,194,172,280,241,322,327,321,214,221,107,99,,,177,194,,,299,172,28,42,237,252,197,235,199,193,171,145,99,99,170,47,175,58,98,262,338,178,76,,265,,,300,214,173,162,189,115,158,89,276,176,340,174,221,238,129,244,244,171,162,228,230,231,295,275,211,108,110,172,242,144,172,62,42,195,184,105,331,333,152,215,,,161,126,,,299,182,302,209,291,309,274,287,192,269,310,234,285,285,292,311,308,199,283,262,127,122,340,189,,66,,,b'\x11\xe8\xe1I\xcc\x99\t\xf8\xaf\x82\x12\xdf\x17\xaeN\x1e'
11E8E149-CC99-09F8-AF82-12DF17AE4E1E,2011-ncaa-d0-natl,ncaa,309,301,288,315,309,283,262,276,219,244,262,208,216,213,211,143,309,302,264,305,278,288,201,213,237,307,201,133,282,246,198,235,299,255,251,273,253,340,337,324,271,286,22,25,,,194,202,,,326,185,20,212,247,218,183,207,192,176,154,298,283,284,227,40,189,115,134,248,343,247,8,,288,,,326,241,212,194,223,240,242,199,124,108,217,83,291,287,199,285,252,223,177,205,221,273,150,92,260,261,299,75,198,150,251,147,87,266,281,238,340,335,17,40,,,295,314,,,326,149,318,298,323,325,312,321,310,326,182,168,321,320,318,335,324,324,193,291,236,205,339,32,,249,,,b'\x11\xe8\xe1I\xcc\x99\t\xf8\xaf\x82\x12\xdf\x17\xaeN\x1e'
11E8E149-CC99-09F8-AF82-12DF17AE4E1E,2011-ncaa-d1-conf-SoCon,ncaa,11,11,3,11,7,7,6,5,6,6,6,6,4,3,6,4,10,10,8,10,9,7,2,7,8,10,7,4,9,8,8,4,11,3,8,6,7,11,11,10,5,9,2,2,,,11,10,,,11,2,1,11,8,6,6,6,7,4,4,10,10,10,7,2,8,5,5,6,11,7,2,,11,,,11,11,11,11,10,11,11,9,8,8,5,3,11,11,7,11,9,11,10,6,8,11,7,2,10,11,11,8,8,11,8,10,6,5,10,8,11,11,2,2,,,6,9,,,11,10,10,11,11,11,11,11,10,10,8,8,11,11,11,11,11,11,7,9,11,5,11,3,,6,,,b'\x11\xe8\xe1I\xcc\x99\t\xf8\xaf\x82\x12\xdf\x17\xaeN\x1e'
11E8E149-CC99-09F8-AF82-12DF17AE4E1E,2011-ncaa-d1-natl,ncaa,289,301,199,297,257,236,211,221,176,198,217,168,199,183,206,148,288,262,275,265,248,238,125,183,206,285,218,145,278,202,185,162,292,182,228,247,258,343,338,326,220,260,19,32,,,233,183,,,312,106,20,235,223,186,186,180,185,180,166,279,259,263,213,42,186,94,121,239,343,203,11,,275,,,310,271,247,263,181,267,285,163,129,141,168,83,296,297,172,295,226,279,260,164,183,212,135,92,253,308,292,110,185,221,228,153,64,187,253,177,341,335,19,33,,,261,315,,,312,234,305,255,308,317,295,318,305,322,153,160,305,308,309,329,323,323,164,274,194,152,339,24,,250,,,b'\x11\xe8\xe1I\xcc\x99\t\xf8\xaf\x82\x12\xdf\x17\xaeN\x1e'
11E8E149-CC99-09F8-AF82-12DF17AE4E1E,2012-ncaa-d0-natl,ncaa,238,228,240,242,291,265,264,305,136,240,262,160,233,264,107,210,213,192,242,196,95,298,255,153,147,251,175,196,120,284,223,244,289,273,246,256,186,306,330,295,226,217,163,189,,,142,159,,,216,230,125,337,246,247,309,214,245,213,244,182,151,154,290,213,270,193,250,241,322,203,144,,211,,,216,88,101,134,109,187,236,102,21,32,43,28,188,186,170,190,160,143,144,66,80,94,42,23,265,252,289,52,223,113,246,44,53,194,175,93,309,326,273,316,,,156,51,,,216,115,276,146,218,173,178,225,258,307,26,43,247,245,254,248,250,297,94,197,86,141,323,302,,78,,,b'\x11\xe8\xe1I\xcc\x99\t\xf8\xaf\x82\x12\xdf\x17\xaeN\x1e'
11E8E149-CC99-09F8-AF82-12DF17AE4E1E,2012-ncaa-d1-conf-SoCon,ncaa,8,9,3,9,7,7,7,9,5,4,6,5,5,7,5,6,4,4,8,4,3,7,3,5,5,7,8,6,4,8,7,8,10,7,7,7,7,11,11,9,7,8,5,7,,,10,7,,,8,2,2,11,7,7,9,6,6,6,8,4,4,4,8,4,8,8,7,7,11,7,5,,9,,,8,11,10,10,9,10,10,8,3,2,8,2,11,11,9,11,9,10,9,8,9,9,3,1,10,10,10,2,7,6,7,8,6,5,7,6,11,11,9,9,,,1,2,,,8,9,7,9,8,11,9,9,10,10,4,1,11,11,11,9,10,8,2,5,9,4,11,9,,1,,,b'\x11\xe8\xe1I\xcc\x99\t\xf8\xaf\x82\x12\xdf\x17\xaeN\x1e'
11E8E149-CC99-09F8-AF82-12DF17AE4E1E,2012-ncaa-d1-natl,ncaa,234,227,196,238,287,254,256,302,145,243,265,173,225,257,120,205,214,183,243,183,107,296,244,162,159,258,171,194,125,277,216,222,289,260,238,254,185,319,330,297,222,225,166,204,,,153,162,,,214,212,127,337,253,250,307,219,243,211,241,197,159,160,287,210,266,182,239,245,323,202,150,,213,,,217,99,108,159,92,204,261,98,19,34,28,28,198,197,145,205,151,167,164,59,65,78,38,22,263,267,289,48,216,145,238,45,49,189,182,90,315,325,283,318,,,139,56,,,214,132,277,130,215,164,165,229,255,308,25,45,233,240,246,250,249,303,94,202,72,150,320,300,,84,,,b'\x11\xe8\xe1I\xcc\x99\t\xf8\xaf\x82\x12\xdf\x17\xaeN\x1e'
11E8E149-CC99-09F8-AF82-12DF17AE4E1E,2013-ncaa-d0-natl,ncaa,290,284,251,293,260,283,261,257,252,201,210,185,299,243,340,214,275,173,340,176,141,246,219,280,298,312,294,272,178,221,229,276,163,264,244,332,341,263,292,333,152,114,241,255,,,164,219,,,258,209,117,47,273,248,204,167,159,290,219,256,127,130,188,118,175,236,221,336,298,116,229,,237,,,259,103,115,58,258,182,166,200,63,17,315,28,151,160,108,168,184,66,114,232,239,150,76,75,201,74,163,206,229,147,244,84,99,99,58,62,205,236,173,199,,,139,84,,,258,134,316,127,258,190,201,110,252,257,88,25,216,232,236,137,213,128,280,240,137,49,253,212,,59,,,b'\x11\xe8\xe1I\xcc\x99\t\xf8\xaf\x82\x12\xdf\x17\xaeN\x1e'
11E8E149-CC99-09F8-AF82-12DF17AE4E1E,2013-ncaa-d1-conf-SoCon,ncaa,11,11,8,11,10,10,8,9,7,8,8,5,9,6,11,5,10,6,11,6,4,8,8,7,8,9,9,7,8,10,10,8,4,10,9,10,10,9,8,10,6,5,8,8,,,7,9,,,9,7,3,3,8,8,8,8,7,8,5,9,4,4,8,5,9,8,10,10,9,6,7,,8,,,9,7,7,1,9,7,5,7,5,2,11,2,9,8,10,8,8,2,3,10,10,8,7,3,8,3,4,8,10,5,9,8,7,4,3,5,6,7,5,6,,,3,2,,,9,5,10,7,9,9,8,2,8,6,7,2,9,9,9,4,7,3,9,9,9,2,7,5,,2,,,b'\x11\xe8\xe1I\xcc\x99\t\xf8\xaf\x82\x12\xdf\x17\xaeN\x1e'
11E8E149-CC99-09F8-AF82-12DF17AE4E1E,2013-ncaa-d1-natl,ncaa,298,282,292,301,298,302,280,279,259,215,233,189,300,247,341,211,281,188,340,191,140,269,246,281,301,315,291,271,178,240,232,299,168,287,251,337,342,252,294,336,162,125,248,257,,,145,224,,,264,242,119,46,279,254,211,176,165,290,219,254,124,130,193,124,175,241,227,336,299,120,232,,239,,,266,82,101,39,265,165,134,205,53,14,320,28,142,150,112,158,184,46,84,240,241,160,75,73,201,60,168,187,232,118,251,76,100,115,58,67,195,236,172,203,,,156,78,,,264,104,318,137,266,194,204,115,260,260,88,26,219,233,237,139,213,129,280,245,139,52,254,214,,62,,,b'\x11\xe8\xe1I\xcc\x99\t\xf8\xaf\x82\x12\xdf\x17\xaeN\x1e'
11E8E149-CC99-09F8-AF82-12DF17AE4E1E,2014-ncaa-d0-natl,ncaa,325,311,297,327,313,322,336,302,341,330,291,334,250,182,334,120,217,229,153,226,101,296,287,338,332,332,87,159,32,242,244,327,268,314,306,346,348,222,295,347,167,123,227,211,,,158,287,,,325,284,119,165,316,332,221,316,237,222,134,149,164,165,219,146,183,317,280,347,301,122,201,,288,,,326,105,95,27,306,136,87,263,77,24,330,65,200,163,303,160,243,30,55,299,309,256,141,101,260,69,268,180,244,134,306,122,191,140,68,113,175,252,330,343,,,203,87,,,325,64,335,246,326,255,234,97,251,208,132,55,282,260,259,137,206,155,299,271,226,69,258,345,,87,,,b'\x11\xe8\xe1I\xcc\x99\t\xf8\xaf\x82\x12\xdf\x17\xaeN\x1e'
11E8E149-CC99-09F8-AF82-12DF17AE4E1E,2014-ncaa-d1-conf-SoCon,ncaa,9,9,6,9,9,9,9,8,10,9,9,8,6,5,9,3,3,4,5,4,2,7,8,9,9,9,4,5,2,8,9,10,6,9,9,10,10,6,6,10,7,6,9,9,,,10,10,,,9,7,2,6,9,9,7,8,9,6,3,3,4,4,3,4,6,10,9,10,7,6,9,,10,,,9,7,6,3,9,6,3,9,5,3,8,4,10,10,7,10,10,4,4,9,9,9,6,1,7,3,6,9,9,6,9,9,8,5,4,7,4,5,10,9,,,2,2,,,9,4,10,8,9,9,8,5,9,5,7,3,10,10,10,5,7,3,10,8,9,2,5,10,,1,,,b'\x11\xe8\xe1I\xcc\x99\t\xf8\xaf\x82\x12\xdf\x17\xaeN\x1e'
11E8E149-CC99-09F8-AF82-12DF17AE4E1E,2014-ncaa-d1-natl,ncaa,319,310,307,320,319,322,338,303,342,330,282,336,246,174,332,120,210,218,147,219,99,292,270,340,331,333,85,161,30,238,250,322,272,316,304,348,348,252,306,348,158,121,215,209,,,192,289,,,321,268,120,170,317,333,238,320,246,222,135,149,162,165,226,150,191,311,283,347,310,114,191,,294,,,325,112,106,35,290,150,94,253,82,29,312,67,198,179,280,177,230,45,73,280,299,228,137,94,258,94,272,204,250,159,304,129,192,121,66,103,212,264,337,343,,,185,87,,,321,81,333,220,324,240,217,100,244,210,118,62,275,252,249,140,212,171,296,273,214,61,266,345,,87,,,b'\x11\xe8\xe1I\xcc\x99\t\xf8\xaf\x82\x12\xdf\x17\xaeN\x1e'
11E8E149-CC99-09F8-AF82-12DF17AE4E1E,2015-ncaa-d0-natl,ncaa,306,296,283,308,310,328,330,321,317,340,320,305,218,195,259,105,289,295,198,290,154,323,309,299,295,319,102,116,124,308,298,325,272,330,321,344,341,230,328,340,224,177,221,188,,,129,242,,,317,298,192,183,326,329,303,331,304,178,140,266,260,255,307,251,282,307,314,344,311,183,194,,229,,,319,94,92,33,288,125,77,260,68,35,267,79,227,216,246,208,260,38,48,268,293,243,138,83,269,95,272,150,298,116,321,39,52,184,110,84,198,286,86,208,,,279,166,,,317,53,331,248,317,234,213,83,249,175,114,66,284,279,278,127,163,178,277,249,95,118,259,133,,203,,,b'\x11\xe8\xe1I\xcc\x99\t\xf8\xaf\x82\x12\xdf\x17\xaeN\x1e'
11E8E149-CC99-09F8-AF82-12DF17AE4E1E,2015-ncaa-d1-conf-SoCon,ncaa,6,6,5,6,5,8,8,6,7,8,7,6,4,4,6,3,7,7,7,7,3,7,6,6,7,7,2,2,2,7,7,7,8,7,8,7,6,8,8,8,4,4,6,6,,,5,5,,,7,6,2,5,8,8,5,8,7,4,3,6,6,6,7,4,6,7,7,7,8,4,6,,6,,,7,5,3,3,7,5,4,7,3,4,4,6,6,4,8,4,5,2,3,6,7,5,4,4,6,4,8,7,7,7,8,5,5,3,3,3,8,8,1,6,,,7,5,,,7,3,8,5,7,6,5,4,6,5,5,5,6,5,5,3,7,7,7,7,5,2,8,3,,4,,,b'\x11\xe8\xe1I\xcc\x99\t\xf8\xaf\x82\x12\xdf\x17\xaeN\x1e'
11E8E149-CC99-09F8-AF82-12DF17AE4E1E,2015-ncaa-d1-natl,ncaa,291,293,209,296,264,309,310,278,307,320,296,285,195,155,270,101,289,290,210,287,201,287,254,291,295,317,119,114,192,263,279,303,248,307,305,342,342,286,323,341,135,113,214,189,,,170,229,,,298,234,162,206,314,315,268,312,281,171,129,281,279,278,280,211,251,291,302,343,312,113,203,,218,,,295,117,106,46,266,141,106,243,90,56,255,98,249,237,220,233,263,62,109,246,268,199,159,98,274,117,248,221,279,184,305,48,55,121,79,58,247,290,103,191,,,263,223,,,298,115,328,203,296,191,167,71,199,137,116,76,278,269,267,104,170,151,273,241,82,83,271,129,,241,,,b'\x11\xe8\xe1I\xcc\x99\t\xf8\xaf\x82\x12\xdf\x17\xaeN\x1e'
11E8E149-CC99-09F8-AF82-12DF17AE4E1E,2016-ncaa-d0-natl,ncaa,296,271,321,294,322,319,334,335,281,326,336,200,255,194,315,93,162,192,85,192,15,331,311,271,228,283,82,176,16,303,266,299,244,317,254,315,207,267,339,334,165,99,248,199,,,127,240,,,274,305,137,37,267,311,302,294,310,207,122,67,81,79,270,167,255,204,249,286,334,89,205,,270,,,279,63,45,27,188,28,22,156,201,133,308,245,168,169,136,160,287,31,46,232,235,194,312,279,241,102,244,49,266,51,254,35,86,189,99,78,251,317,234,334,,,200,47,,,274,44,305,202,282,230,189,161,122,110,280,250,258,267,265,200,254,248,194,217,113,68,319,299,,54,,,b'\x11\xe8\xe1I\xcc\x99\t\xf8\xaf\x82\x12\xdf\x17\xaeN\x1e'
11E8E149-CC99-09F8-AF82-12DF17AE4E1E,2016-ncaa-d1-conf-SoCon,ncaa,6,6,5,6,7,8,8,7,7,8,7,5,7,4,7,3,1,3,6,3,1,7,4,7,7,7,3,5,1,5,6,5,3,7,5,7,3,8,8,8,3,3,6,5,,,6,7,,,7,4,2,4,7,8,6,7,6,7,3,1,3,3,6,3,5,4,6,7,8,3,6,,6,,,7,5,4,2,5,3,2,5,7,6,8,7,6,5,3,5,6,3,4,7,7,4,7,7,5,2,3,3,6,3,5,6,6,3,3,4,8,8,4,6,,,1,3,,,7,5,8,4,7,6,4,4,4,3,8,6,6,6,6,5,6,3,5,3,7,3,8,5,,1,,,b'\x11\xe8\xe1I\xcc\x99\t\xf8\xaf\x82\x12\xdf\x17\xaeN\x1e'
11E8E149-CC99-09F8-AF82-12DF17AE4E1E,2016-ncaa-d1-natl,ncaa,280,270,303,280,307,288,321,327,270,309,332,172,227,156,314,88,148,172,86,169,23,312,281,260,213,272,95,169,24,296,272,265,232,300,257,298,201,299,334,324,120,85,250,214,,,171,222,,,262,251,124,41,253,297,281,285,309,202,110,79,104,97,258,158,266,193,251,274,330,66,225,,258,,,266,109,72,53,185,51,48,161,215,160,302,232,188,196,125,192,278,66,94,216,224,178,298,261,238,140,232,101,272,97,257,57,101,131,83,75,278,313,229,311,,,170,52,,,262,96,297,181,264,223,183,156,128,120,269,238,252,262,255,190,260,231,212,221,121,54,312,273,,61,,,b'\x11\xe8\xe1I\xcc\x99\t\xf8\xaf\x82\x12\xdf\x17\xaeN\x1e'
11E8E149-CC99-09F8-AF82-12DF17AE4E1E,2017-ncaa-d0-natl,ncaa,237,210,291,232,315,299,263,312,145,249,272,167,225,262,120,179,337,343,124,343,335,328,340,146,173,170,238,160,322,288,225,298,240,314,222,215,109,23,150,112,342,331,290,292,,,28,120,,,246,336,326,268,270,225,264,195,212,190,223,334,337,336,310,328,259,247,277,169,68,336,276,,78,,,246,56,118,56,271,210,142,293,17,29,26,58,53,53,147,56,84,46,17,202,190,277,12,21,124,108,240,32,225,41,222,46,40,346,321,269,66,196,273,309,,,338,269,,,246,14,181,296,246,174,236,172,301,259,30,55,101,112,116,147,49,208,110,141,100,336,125,309,,323,,,b'\x11\xe8\xe1I\xcc\x99\t\xf8\xaf\x82\x12\xdf\x17\xaeN\x1e'
11E8E149-CC99-09F8-AF82-12DF17AE4E1E,2017-ncaa-d1-conf-SoCon,ncaa,7,7,5,7,7,7,6,5,7,6,6,7,5,4,5,3,8,8,3,8,7,8,8,7,7,6,4,3,8,5,5,7,7,6,6,4,2,4,4,4,7,7,8,8,,,3,4,,,7,8,6,5,6,6,4,6,5,5,3,8,8,8,7,6,4,6,6,4,5,6,8,,4,,,7,6,7,3,7,7,5,7,2,2,3,2,3,2,5,2,2,2,1,7,6,8,1,2,2,4,7,4,5,4,6,6,4,8,8,8,4,6,7,8,,,8,8,,,7,1,6,7,7,7,7,5,7,6,3,2,4,2,2,5,4,5,5,6,7,7,4,7,,8,,,b'\x11\xe8\xe1I\xcc\x99\t\xf8\xaf\x82\x12\xdf\x17\xaeN\x1e'
11E8E149-CC99-09F8-AF82-12DF17AE4E1E,2017-ncaa-d1-natl,ncaa,215,210,217,219,288,257,212,284,112,192,228,135,200,245,86,189,326,334,162,334,328,302,329,111,134,133,241,163,321,268,217,242,204,273,195,172,102,34,131,93,336,327,267,281,,,35,110,,,221,329,320,270,238,183,255,169,200,185,223,327,334,331,292,321,256,200,253,142,64,334,258,,73,,,221,89,158,114,236,248,204,272,21,41,31,61,76,73,141,74,82,93,25,174,166,264,15,22,120,141,204,46,217,62,195,57,34,341,324,264,89,188,279,297,,,325,262,,,221,27,145,274,221,151,223,179,295,264,36,59,100,109,110,161,53,193,98,129,94,336,126,291,,318,,,b'\x11\xe8\xe1I\xcc\x99\t\xf8\xaf\x82\x12\xdf\x17\xaeN\x1e'
11E8E149-CC99-09F8-AF82-12DF17AE4E1E,2018-ncaa-d0-natl,ncaa,293,263,323,291,328,322,316,291,313,277,243,308,298,272,304,216,279,284,209,281,248,298,332,318,316,265,237,232,136,304,308,294,207,317,302,318,253,6,55,151,324,304,347,346,,,15,89,,,280,331,233,87,283,279,145,226,123,262,206,222,209,199,156,246,254,165,210,292,44,302,343,,90,,,290,66,101,56,255,130,93,243,83,66,206,127,62,65,153,56,111,42,23,236,233,263,88,143,114,81,207,211,308,156,302,39,41,321,258,211,27,92,75,121,,,326,249,,,280,23,276,270,287,231,258,232,276,254,165,144,167,165,150,209,161,206,332,309,121,256,81,149,,265,,,b'\x11\xe8\xe1I\xcc\x99\t\xf8\xaf\x82\x12\xdf\x17\xaeN\x1e'
11E8E149-CC99-09F8-AF82-12DF17AE4E1E,2018-ncaa-d1-conf-SoCon,ncaa,7,7,5,7,7,6,5,4,7,5,4,6,5,4,6,5,6,5,7,5,4,4,4,7,7,7,4,4,4,7,7,8,8,8,8,5,5,3,4,5,3,4,8,8,,,3,3,,,7,5,2,5,5,5,4,5,4,4,4,5,4,4,4,3,7,7,6,5,3,3,8,,4,,,7,8,8,5,8,7,1,8,8,7,8,7,4,5,4,5,6,5,5,8,8,7,7,7,3,8,8,7,7,8,8,6,3,3,3,5,3,4,3,3,,,6,6,,,7,4,7,7,7,8,8,8,8,4,8,7,6,7,6,8,8,8,8,8,7,3,5,3,,6,,,b'\x11\xe8\xe1I\xcc\x99\t\xf8\xaf\x82\x12\xdf\x17\xaeN\x1e'
11E8E149-CC99-09F8-AF82-12DF17AE4E1E,2018-ncaa-d1-natl,ncaa,262,263,213,263,236,253,241,191,282,201,153,278,257,223,281,219,207,226,121,223,251,199,274,294,286,222,230,232,123,251,295,176,163,220,260,243,232,16,42,116,295,292,344,346,,,40,81,,,236,270,214,94,232,219,118,166,107,233,199,168,186,183,120,227,225,122,168,234,39,287,344,,86,,,236,139,172,146,223,195,165,227,139,135,165,164,95,100,130,84,111,124,85,199,185,227,103,166,108,141,163,283,295,256,260,57,30,260,236,168,30,63,123,109,,,277,250,,,236,85,223,231,235,202,236,226,246,236,171,178,147,149,141,201,165,193,321,296,95,236,60,159,,257,,,b'\x11\xe8\xe1I\xcc\x99\t\xf8\xaf\x82\x12\xdf\x17\xaeN\x1e'
11E8E149-CC99-09F8-AF82-12DF17AE4E1E,2019-ncaa-d0-natl,ncaa,200,152,292,197,320,187,141,132,168,96,52,249,262,303,89,309,240,256,148,251,339,156,243,213,220,135,313,273,263,227,246,293,265,286,286,210,289,1,13,70,258,249,301,311,,,82,110,,,194,240,44,349,87,57,16,24,8,235,274,196,207,204,24,68,159,252,224,148,26,216,291,,172,,,194,163,205,139,273,236,174,272,107,99,190,124,103,100,176,104,111,123,106,250,235,252,66,105,104,141,265,201,246,179,286,60,25,226,191,132,9,24,212,117,,,284,279,,,194,98,138,245,199,285,305,300,314,299,181,169,175,177,182,299,289,252,311,305,131,150,38,258,,218,,,b'\x11\xe8\xe1I\xcc\x99\t\xf8\xaf\x82\x12\xdf\x17\xaeN\x1e'
11E8E149-CC99-09F8-AF82-12DF17AE4E1E,2019-ncaa-d1-conf-SoCon,ncaa,4,5,3,5,4,2,2,2,2,2,2,6,4,5,1,5,3,3,6,3,7,1,1,3,3,2,6,5,6,5,6,5,8,5,6,2,3,1,1,2,2,3,6,6,,,6,2,,,5,1,2,8,1,2,1,2,1,4,5,4,4,3,1,2,4,6,6,2,2,2,6,,7,,,5,8,8,7,5,6,5,5,8,7,6,6,7,7,3,7,6,7,7,5,6,5,7,7,3,6,8,8,6,8,6,7,5,1,1,5,2,1,6,3,,,6,7,,,5,7,2,7,5,8,7,6,6,5,8,7,6,7,7,7,7,8,7,7,7,1,3,5,,5,,,b'\x11\xe8\xe1I\xcc\x99\t\xf8\xaf\x82\x12\xdf\x17\xaeN\x1e'
11E8E149-CC99-09F8-AF82-12DF17AE4E1E,2019-ncaa-d1-natl,ncaa,164,152,155,167,232,90,66,49,126,43,24,208,180,260,53,297,187,212,127,210,338,62,109,154,170,92,298,252,276,140,183,223,212,190,238,120,263,12,10,46,138,157,284,298,,,114,73,,,110,105,41,349,54,30,8,19,8,176,255,172,193,192,15,52,119,234,181,104,24,123,286,,118,,,108,225,256,234,242,268,225,256,171,188,150,166,126,135,142,137,116,220,229,233,213,192,89,136,95,178,212,260,183,227,238,99,29,113,136,77,13,17,234,101,,,245,298,,,110,244,95,174,114,253,277,274,289,269,180,202,147,152,156,266,285,184,283,261,115,90,31,245,,239,,,b'\x11\xe8\xe1I\xcc\x99\t\xf8\xaf\x82\x12\xdf\x17\xaeN\x1e'
11E8E149-CC99-09F8-AF82-12DF17AE4E1E,2020-ncaa-d0-natl,ncaa,221,170,312,210,330,243,225,232,201,241,219,259,139,190,58,154,300,324,58,322,319,263,331,180,189,107,135,99,293,226,153,340,200,334,219,268,266,3,15,67,283,217,272,239,,,88,264,,,153,334,264,273,160,135,72,182,115,98,140,270,304,304,115,260,171,331,303,224,10,245,251,,197,,,151,53,42,17,255,36,19,202,142,72,328,195,137,99,309,100,244,14,14,277,290,254,268,242,236,25,200,49,153,26,219,60,137,232,112,122,5,21,89,107,,,323,265,,,153,19,99,239,149,151,126,46,99,57,220,128,212,179,184,48,53,64,146,103,110,160,16,141,,283,,,b'\x11\xe8\xe1I\xcc\x99\t\xf8\xaf\x82\x12\xdf\x17\xaeN\x1e'
11E8E149-CC99-09F8-AF82-12DF17AE4E1E,2020-ncaa-d1-conf-SoCon,ncaa,5,4,5,5,7,4,4,4,6,5,5,6,2,2,3,3,6,7,4,7,6,4,6,5,5,2,3,3,5,3,2,8,3,6,5,6,6,1,1,1,5,5,7,6,,,5,7,,,3,7,4,5,2,2,2,3,4,2,1,5,5,5,2,3,2,8,5,5,1,5,7,,7,,,2,2,1,1,7,2,2,3,5,2,8,4,5,5,4,4,7,1,1,7,6,5,7,6,7,2,3,4,2,3,5,2,4,4,2,4,1,1,3,4,,,7,5,,,3,2,2,5,2,5,3,2,3,3,7,3,6,6,6,2,3,3,6,5,3,4,1,4,,5,,,b'\x11\xe8\xe1I\xcc\x99\t\xf8\xaf\x82\x12\xdf\x17\xaeN\x1e'
11E8E149-CC99-09F8-AF82-12DF17AE4E1E,2020-ncaa-d1-natl,ncaa,177,170,128,182,234,124,102,68,177,163,125,248,72,112,39,134,267,300,67,297,317,110,240,142,160,80,122,78,301,134,123,307,132,256,157,174,257,5,6,39,178,143,255,231,,,127,214,,,82,263,254,273,118,91,40,167,109,68,111,268,301,301,83,238,134,319,264,172,8,181,256,,148,,,80,101,86,48,187,52,46,166,219,158,292,239,148,121,262,120,228,49,57,224,236,186,284,265,209,33,132,126,123,64,157,89,146,138,83,83,8,10,107,87,,,293,291,,,82,86,64,136,74,99,83,36,62,36,213,161,162,137,132,36,47,30,122,69,92,136,8,109,,294,,,b'\x11\xe8\xe1I\xcc\x99\t\xf8\xaf\x82\x12\xdf\x17\xaeN\x1e'
11E8E149-CC99-09F8-AF82-12DF17AE4E1E,2021-ncaa-d0-natl,ncaa,128,165,136,152,137,168,172,137,275,161,109,271,182,156,254,206,145,135,219,136,165,140,143,266,272,246,182,210,102,39,43,142,211,88,97,215,274,188,144,237,227,271,185,221,,,131,68,,,164,166,303,11,237,231,155,210,139,229,202,158,133,137,144,157,35,188,63,281,154,279,224,,52,,,161,157,179,202,115,207,215,155,129,195,44,165,133,133,170,132,75,193,181,88,74,111,67,112,108,229,211,194,43,211,97,125,47,189,219,125,204,163,161,113,,,140,161,,,164,175,198,127,161,95,136,173,173,191,88,151,78,77,77,137,95,211,157,174,64,237,178,132,,150,,,b'\x11\xe8\xe1I\xcc\x99\t\xf8\xaf\x82\x12\xdf\x17\xaeN\x1e'
11E8E149-CC99-09F8-AF82-12DF17AE4E1E,2021-ncaa-d1-conf-SoCon,ncaa,3,4,1,4,1,2,2,2,5,2,2,6,1,1,3,5,1,1,3,1,2,2,1,5,4,5,1,2,1,1,3,1,2,1,2,5,7,7,2,5,5,7,6,6,,,7,2,,,4,1,6,2,3,4,4,6,3,2,3,1,1,1,2,3,2,3,2,7,2,7,6,,2,,,4,8,8,8,4,8,8,4,8,7,5,5,4,5,2,5,2,8,8,4,4,5,4,6,2,6,2,7,3,7,2,8,2,2,8,6,7,3,4,3,,,1,2,,,4,8,3,5,4,6,8,7,7,7,6,6,3,3,3,7,5,2,5,5,4,7,5,3,,1,,,b'\x11\xe8\xe1I\xcc\x99\t\xf8\xaf\x82\x12\xdf\x17\xaeN\x1e'
11E8E149-CC99-09F8-AF82-12DF17AE4E1E,2021-ncaa-d1-natl,ncaa,119,165,105,146,107,153,153,115,267,133,93,271,169,146,248,199,135,121,207,122,184,115,118,265,264,246,177,204,119,27,41,108,161,67,73,191,254,224,152,234,212,258,173,217,,,134,59,,,150,148,284,14,219,218,129,194,131,219,191,157,141,145,129,127,32,134,45,256,170,269,216,,43,,,152,161,187,222,89,204,223,134,164,228,44,199,136,134,164,134,74,211,196,81,62,98,95,147,105,227,161,217,41,220,73,132,59,176,228,129,222,163,162,111,,,130,181,,,150,193,190,114,153,89,128,189,150,177,111,182,75,74,76,154,106,186,161,160,68,243,179,129,,157,,,b'\x11\xe8\xe1I\xcc\x99\t\xf8\xaf\x82\x12\xdf\x17\xaeN\x1e'
11E8E149-CC99-09F8-AF82-12DF17AE4E1E,2022-ncaa-d0-natl,ncaa,174,157,216,170,248,209,217,126,334,281,231,327,70,49,209,41,257,289,76,291,277,146,206,293,298,213,40,32,250,246,298,203,117,230,276,259,281,17,24,131,284,282,248,218,,,24,21,,,197,183,71,275,184,199,24,299,198,48,27,246,279,281,48,122,239,164,210,258,35,272,242,,27,,,197,131,179,183,180,136,83,288,278,324,70,343,20,25,51,26,76,146,141,206,153,169,189,313,16,80,117,294,298,226,276,99,55,200,187,143,32,42,98,138,,,252,265,,,197,166,232,140,204,187,238,263,173,85,308,346,28,34,35,213,219,115,338,296,122,173,47,117,,236,,,b'\x11\xe8\xe1I\xcc\x99\t\xf8\xaf\x82\x12\xdf\x17\xaeN\x1e'
11E8E149-CC99-09F8-AF82-12DF17AE4E1E,2022-ncaa-d1-conf-SoCon,ncaa,2,2,3,2,4,3,2,2,4,4,5,3,1,1,5,2,4,5,2,5,4,3,3,3,5,2,3,2,6,6,6,4,1,4,6,4,6,1,1,2,2,2,2,2,,,1,1,,,2,3,1,5,2,2,1,5,5,1,1,5,6,6,1,1,6,4,5,5,2,2,2,,1,,,2,3,6,6,3,5,4,6,4,8,2,8,1,1,2,2,2,5,6,3,3,2,1,5,2,1,1,8,6,6,6,2,2,2,2,2,1,1,4,4,,,4,5,,,2,6,3,2,2,3,3,6,5,2,4,7,1,2,2,5,8,1,7,6,2,2,1,3,,4,,,b'\x11\xe8\xe1I\xcc\x99\t\xf8\xaf\x82\x12\xdf\x17\xaeN\x1e'
11E8E149-CC99-09F8-AF82-12DF17AE4E1E,2022-ncaa-d1-natl,ncaa,135,157,100,157,137,124,134,59,300,226,162,306,39,31,117,39,229,265,70,269,292,83,110,233,243,164,35,27,281,210,279,127,93,156,241,181,248,60,35,116,217,263,237,226,,,33,16,,,118,87,61,275,140,149,21,279,197,38,27,251,288,288,49,109,242,154,197,212,49,247,260,,24,,,119,185,234,278,126,171,124,251,307,342,47,347,27,33,42,34,62,233,247,164,106,107,202,324,15,116,93,326,279,287,241,132,52,118,153,94,77,49,132,128,,,203,294,,,118,264,196,83,134,148,196,252,148,73,302,346,14,25,26,196,223,96,315,247,105,143,60,110,,262,,,b'\x11\xe8\xe1I\xcc\x99\t\xf8\xaf\x82\x12\xdf\x17\xaeN\x1e'
11E8E149-CC99-09F8-AF82-12DF17AE4E1E,2023-ncaa-d0-natl,ncaa,102,52,236,83,279,158,166,149,190,251,282,170,45,47,105,32,226,242,121,248,150,165,287,134,136,46,35,26,275,292,307,299,228,318,314,289,342,2,2,42,231,199,284,245,,,20,32,,,127,279,216,291,90,106,57,244,265,21,19,206,214,222,93,272,280,303,319,285,2,212,281,,29,,,127,150,149,115,229,53,26,284,318,316,239,353,56,44,273,45,170,92,85,287,275,284,325,353,56,102,228,227,307,184,314,87,83,249,195,182,3,5,78,149,,,264,192,,,127,82,62,272,128,226,224,178,100,26,348,346,83,63,73,140,113,160,297,267,132,210,4,105,,219,,,b'\x11\xe8\xe1I\xcc\x99\t\xf8\xaf\x82\x12\xdf\x17\xaeN\x1e'
11E8E149-CC99-09F8-AF82-12DF17AE4E1E,2023-ncaa-d1-conf-SoCon,ncaa,1,1,1,1,2,1,1,1,5,4,3,5,1,1,3,1,3,3,4,3,5,1,1,4,4,1,1,1,7,5,7,3,4,5,8,3,4,1,1,1,1,2,4,4,,,1,1,,,4,1,1,7,1,2,1,5,6,1,1,5,5,5,1,5,6,8,8,4,1,2,4,,1,,,4,8,8,8,6,4,4,6,8,8,5,8,4,4,7,4,4,8,8,6,7,5,8,8,2,4,4,8,7,8,8,8,4,1,2,4,2,1,6,5,,,1,2,,,4,8,2,4,4,5,5,6,2,1,8,8,2,2,2,3,6,2,8,8,5,2,1,4,,2,,,b'\x11\xe8\xe1I\xcc\x99\t\xf8\xaf\x82\x12\xdf\x17\xaeN\x1e'
11E8E149-CC99-09F8-AF82-12DF17AE4E1E,2023-ncaa-d1-natl,ncaa,67,52,103,64,142,94,106,75,187,201,237,155,27,24,111,29,208,210,124,217,180,95,181,131,135,48,40,23,296,254,294,244,214,263,304,246,341,2,2,43,156,152,280,254,,,40,30,,,114,160,210,291,88,101,48,239,262,21,19,221,240,249,87,265,273,305,318,281,3,172,296,,27,,,113,229,240,219,215,99,46,281,340,341,216,356,78,67,264,73,175,185,185,283,265,254,325,353,53,140,214,303,294,267,304,140,78,154,157,133,3,7,84,116,,,208,215,,,114,203,63,239,110,198,210,166,85,20,342,347,73,58,64,118,117,126,277,238,115,177,5,72,,242,,,b'\x11\xe8\xe1I\xcc\x99\t\xf8\xaf\x82\x12\xdf\x17\xaeN\x1e'
11E8E149-CC99-09F8-AF82-12DF17AE4E1E,2024-ncaa-d0-natl,ncaa,206,111,347,173,354,289,292,285,262,335,333,260,115,115,130,48,317,349,8,351,303,316,349,205,198,122,36,35,275,324,310,293,180,323,286,307,306,2,15,92,285,194,304,242,,,9,58,,,140,347,174,263,149,158,55,276,229,41,28,254,307,309,104,224,263,113,183,251,10,186,262,,76,,,138,11,35,39,146,26,9,309,113,231,11,351,6,16,9,15,137,22,14,161,110,151,156,275,31,71,180,121,310,85,286,42,133,334,234,209,1,5,29,113,,,341,240,,,140,14,141,165,142,163,213,251,179,64,248,350,45,87,84,224,193,221,334,318,156,235,5,81,,259,,,b'\x11\xe8\xe1I\xcc\x99\t\xf8\xaf\x82\x12\xdf\x17\xaeN\x1e'
11E8E149-CC99-09F8-AF82-12DF17AE4E1E,2024-ncaa-d1-conf-SoCon,ncaa,3,2,3,3,3,2,4,3,6,5,6,6,1,1,3,1,3,5,1,5,5,3,3,3,2,2,1,1,5,7,7,2,3,4,6,2,5,1,1,2,1,1,4,4,,,3,3,,,3,2,1,1,1,2,2,8,6,1,1,3,7,7,2,4,7,1,4,2,2,1,5,,5,,,3,6,6,7,3,2,1,7,7,8,4,8,4,4,2,4,6,7,8,5,4,3,7,8,4,4,3,8,7,8,6,6,6,1,2,3,2,2,2,3,,,2,4,,,3,8,3,2,3,5,5,6,2,1,7,8,2,3,3,6,8,4,7,8,5,1,2,2,,3,,,b'\x11\xe8\xe1I\xcc\x99\t\xf8\xaf\x82\x12\xdf\x17\xaeN\x1e'
11E8E149-CC99-09F8-AF82-12DF17AE4E1E,2024-ncaa-d1-natl,ncaa,155,112,254,138,304,212,217,148,279,286,264,259,73,53,171,45,276,311,31,312,291,189,271,216,219,138,48,42,279,242,282,144,135,190,228,259,300,4,15,90,225,192,272,234,,,42,66,,,115,274,163,264,149,167,45,269,221,49,24,253,297,298,81,198,204,70,114,242,12,188,263,,86,,,109,44,73,163,50,55,37,232,186,333,5,357,17,40,10,40,143,118,88,62,38,66,197,297,46,138,135,277,282,236,228,75,157,269,237,188,3,5,63,120,,,284,237,,,115,89,148,83,108,99,132,258,100,53,233,357,43,85,80,228,198,204,338,308,128,231,8,90,,242,,,b'\x11\xe8\xe1I\xcc\x99\t\xf8\xaf\x82\x12\xdf\x17\xaeN\x1e'
11E8E149-CC99-09F8-AF82-12DF17AE4E1E,2025-ncaa-d0-natl,genius_ncaa,203,91,359,150,359,335,340,338,311,343,338,295,236,215,263,96,272,317,20,317,172,345,354,284,270,208,75,118,109,246,137,314,65,311,102,343,307,5,65,205,348,288,344,315,,,19,214,,15,172,360,248,68,206,237,101,277,209,137,66,130,213,206,105,178,113,97,84,297,67,301,323,,164,,53,177,6,4,4,77,4,3,134,56,82,56,290,128,95,313,92,297,5,2,92,129,199,308,219,320,7,65,14,137,4,102,4,55,358,292,175,5,54,83,247,,,351,244,,183,172,3,188,172,182,150,88,153,76,74,199,283,295,275,272,182,97,78,231,165,47,313,62,232,,236,,97,b'\x11\xe8\xe1I\xcc\x99\t\xf8\xaf\x82\x12\xdf\x17\xaeN\x1e'
11E8E149-CC99-09F8-AF82-12DF17AE4E1E,2025-ncaa-d1-conf-SoCon,genius_ncaa,3,3,3,3,4,3,4,1,8,5,3,6,1,1,4,2,5,5,1,5,7,1,2,7,7,6,4,3,5,2,2,1,2,1,2,4,6,5,3,4,5,7,7,7,,,5,5,,3,3,3,3,4,1,4,1,5,4,2,1,5,5,5,1,2,1,1,1,4,3,8,7,,4,,3,4,4,3,8,2,2,4,3,5,8,1,8,6,6,5,6,6,7,6,2,2,4,6,5,7,2,2,5,2,4,2,1,1,7,8,4,3,3,4,3,,,5,8,,3,3,6,2,4,4,4,4,7,4,3,4,8,6,6,6,5,5,3,4,4,1,8,4,4,,6,,3,b'\x11\xe8\xe1I\xcc\x99\t\xf8\xaf\x82\x12\xdf\x17\xaeN\x1e'
11E8E149-CC99-09F8-AF82-12DF17AE4E1E,2025-ncaa-d1-natl,genius_ncaa,161,91,341,131,345,267,276,247,279,307,299,255,162,128,239,75,241,292,31,292,192,264,312,244,232,181,74,87,167,162,83,252,65,218,71,284,253,24,69,164,268,184,320,292,,,54,190,,35,115,342,210,71,148,183,62,249,200,88,48,152,227,224,81,123,64,90,56,226,88,187,308,,166,,78,107,15,4,24,34,12,16,86,53,126,24,270,184,151,293,150,290,27,19,40,67,97,294,174,333,16,65,51,83,21,71,5,44,289,187,77,15,54,86,191,,,323,275,,154,115,22,144,84,108,92,49,127,59,79,131,250,284,267,267,146,122,83,193,146,25,202,72,161,,240,,104,b'\x11\xe8\xe1I\xcc\x99\t\xf8\xaf\x82\x12\xdf\x17\xaeN\x1e'
11E8E149-CC99-09F8-AF82-12DF17AE4E1E,2026-ncaa-d0-natl,genius_ncaa,212,198,206,223,216,221,189,211,176,180,243,93,199,119,314,54,299,327,34,328,335,229,253,182,197,150,249,153,312,163,116,150,68,156,73,223,274,60,88,144,360,363,192,155,,,72,102,,13,162,269,315,97,195,144,116,144,233,166,57,304,337,342,179,266,120,56,66,210,73,363,169,,76,,15,164,89,71,125,46,43,89,66,214,242,116,320,169,150,234,155,243,131,89,62,81,194,335,303,253,71,68,107,116,94,73,89,191,337,350,313,81,120,4,5,,,322,339,,127,162,93,134,179,158,117,85,197,48,80,264,313,204,190,195,202,42,95,144,115,114,357,105,3,,341,,103,b'\x11\xe8\xe1I\xcc\x99\t\xf8\xaf\x82\x12\xdf\x17\xaeN\x1e'
11E8E149-CC99-09F8-AF82-12DF17AE4E1E,2026-ncaa-d1-natl,genius_ncaa,203,195,177,216,197,176,145,170,125,133,204,64,171,115,293,88,261,310,39,313,322,202,230,136,135,104,267,181,296,142,102,106,25,112,38,218,324,62,73,142,360,361,174,128,,,113,185,,10,131,252,250,100,132,87,78,79,169,160,71,260,313,317,138,206,109,35,37,208,72,363,158,,127,,14,127,128,77,154,53,44,69,90,249,296,97,333,246,228,267,227,307,164,96,74,108,229,348,296,307,46,25,118,102,91,38,88,156,346,350,298,87,102,1,3,,,299,310,,112,131,110,93,193,125,158,82,199,42,48,285,332,280,261,265,228,68,55,136,81,97,354,99,3,,305,,109,b'\x11\xe8\xe1I\xcc\x99\t\xf8\xaf\x82\x12\xdf\x17\xaeN\x1e'
11E8E149-CC9D-571A-AF82-12DF17AE4E1E,2010-ncaa-d0-natl,ncaa,242,251,178,251,182,270,233,300,70,203,293,35,230,221,253,135,323,330,187,329,298,311,283,92,124,235,273,199,311,326,267,325,193,331,246,193,121,306,334,265,106,48,322,313,,,181,300,,,235,249,291,50,289,241,326,202,302,236,222,325,332,332,332,304,326,339,342,184,308,90,324,,214,,,233,66,65,21,319,67,37,258,161,45,344,124,100,133,47,137,251,16,56,325,315,187,213,228,156,31,193,18,267,13,246,176,282,94,18,107,199,258,46,115,,,311,290,,,235,77,265,158,245,83,82,9,85,29,188,45,114,151,157,7,30,25,32,13,209,69,217,65,,324,,,b'\x11\xe8\xe1I\xcc\x9dW\x1a\xaf\x82\x12\xdf\x17\xaeN\x1e'
11E8E149-CC9D-571A-AF82-12DF17AE4E1E,2010-ncaa-d1-conf-Horizon,ncaa,7,7,3,7,3,8,8,10,6,5,9,4,9,8,9,6,9,9,6,9,8,9,5,7,7,9,10,9,7,8,6,7,7,9,7,8,9,10,10,9,4,2,8,8,,,9,9,,,7,4,9,1,9,8,10,5,9,9,9,9,9,9,10,8,8,8,9,9,10,4,9,,9,,,7,3,2,2,7,1,2,2,8,2,10,3,7,8,2,8,8,2,5,8,7,4,10,9,7,3,7,2,6,2,7,3,8,2,2,2,7,8,5,6,,,9,10,,,7,5,9,3,8,3,2,2,1,2,8,1,7,7,8,2,2,4,2,2,2,2,8,5,,10,,,b'\x11\xe8\xe1I\xcc\x9dW\x1a\xaf\x82\x12\xdf\x17\xaeN\x1e'
11E8E149-CC9D-571A-AF82-12DF17AE4E1E,2010-ncaa-d1-natl,ncaa,250,251,191,257,197,286,248,322,70,213,312,36,244,233,256,136,327,334,187,334,297,327,308,92,126,239,271,198,311,330,270,333,196,340,251,204,124,296,336,267,121,49,324,315,,,162,300,,,239,275,294,47,291,244,329,206,301,238,223,326,333,334,335,305,327,339,342,190,309,95,325,,213,,,239,56,53,7,320,58,25,261,157,32,344,125,92,124,46,127,252,5,27,327,317,194,213,230,159,23,196,11,270,7,251,168,282,109,18,119,187,260,45,120,,,324,289,,,239,46,271,166,252,88,86,9,91,29,190,45,114,154,160,7,29,26,32,13,211,70,219,66,,326,,,b'\x11\xe8\xe1I\xcc\x9dW\x1a\xaf\x82\x12\xdf\x17\xaeN\x1e'
11E8E149-CC9D-571A-AF82-12DF17AE4E1E,2011-ncaa-d0-natl,ncaa,85,111,43,109,70,59,51,41,124,82,134,52,26,8,222,28,190,196,180,194,237,53,47,95,120,118,125,65,316,81,154,10,17,21,39,117,281,235,119,170,280,323,306,313,,,70,13,,,148,47,68,257,77,59,43,132,237,39,13,258,271,271,76,91,130,8,16,167,159,310,318,,25,,,148,318,311,325,88,143,206,91,343,342,260,342,98,59,339,60,51,315,293,187,168,246,337,342,27,182,17,304,154,275,39,336,308,229,315,324,174,92,19,20,,,169,308,,,148,298,110,217,146,255,248,320,72,87,343,343,64,24,24,282,229,102,223,162,310,298,118,13,,262,,,b'\x11\xe8\xe1I\xcc\x9dW\x1a\xaf\x82\x12\xdf\x17\xaeN\x1e'
11E8E149-CC9D-571A-AF82-12DF17AE4E1E,2011-ncaa-d1-conf-Horizon,ncaa,4,4,3,4,5,3,3,1,7,4,2,5,7,2,9,7,4,4,8,4,6,2,2,6,6,6,8,8,6,1,1,1,4,1,3,8,10,5,3,9,8,8,5,6,,,1,1,,,5,2,1,5,2,3,1,4,2,7,2,4,4,5,1,1,1,1,1,8,7,8,6,,1,,,5,10,9,10,2,4,6,3,10,10,8,10,5,3,10,2,3,9,9,4,4,7,10,10,1,8,4,7,1,8,3,10,10,8,7,8,5,4,3,2,,,5,7,,,5,9,5,6,4,8,8,10,2,6,10,10,4,4,3,8,9,8,6,6,8,8,5,3,,6,,,b'\x11\xe8\xe1I\xcc\x9dW\x1a\xaf\x82\x12\xdf\x17\xaeN\x1e'
11E8E149-CC9D-571A-AF82-12DF17AE4E1E,2011-ncaa-d1-natl,ncaa,90,110,51,112,87,68,55,47,127,91,152,52,31,9,220,28,204,208,177,210,236,63,56,101,123,123,121,65,317,92,161,10,17,22,40,135,279,225,120,179,291,323,310,316,,,56,11,,,154,55,68,260,79,61,44,139,239,41,13,256,274,274,82,93,136,8,18,170,159,315,320,,26,,,155,315,307,323,90,129,186,96,342,342,262,342,89,47,339,48,47,312,283,191,170,251,337,342,27,163,17,291,161,259,40,333,308,252,317,326,156,93,16,21,,,188,309,,,154,290,113,221,154,259,252,322,75,93,343,343,65,25,24,286,230,103,225,164,315,301,120,11,,263,,,b'\x11\xe8\xe1I\xcc\x9dW\x1a\xaf\x82\x12\xdf\x17\xaeN\x1e'
11E8E149-CC9D-571A-AF82-12DF17AE4E1E,2012-ncaa-d0-natl,ncaa,73,107,22,92,28,33,36,17,156,92,118,100,9,5,139,25,84,90,149,85,118,23,22,92,108,73,44,30,258,71,206,5,9,11,52,69,243,183,45,95,276,330,273,291,,,210,53,,,108,19,59,146,46,68,25,166,228,15,13,163,167,161,37,69,131,2,9,126,78,317,306,,81,,,113,326,314,336,64,141,222,54,342,342,254,342,177,149,279,139,106,333,317,168,147,232,341,342,52,169,9,337,206,327,52,331,309,225,325,327,116,36,24,16,,,97,299,,,108,323,81,201,120,246,214,323,39,66,342,341,102,67,55,294,216,67,316,240,288,304,57,9,,232,,,b'\x11\xe8\xe1I\xcc\x9dW\x1a\xaf\x82\x12\xdf\x17\xaeN\x1e'
11E8E149-CC9D-571A-AF82-12DF17AE4E1E,2012-ncaa-d1-conf-Horizon,ncaa,3,3,3,3,3,3,2,1,5,3,2,4,2,2,6,2,6,5,7,5,8,2,2,6,6,5,4,2,10,2,3,1,1,1,3,5,10,1,2,4,10,10,8,8,,,3,2,,,4,2,2,2,2,2,1,4,2,2,2,6,7,7,1,1,2,1,1,6,2,10,8,,2,,,4,7,7,10,3,3,3,3,10,10,6,10,2,2,8,2,2,7,7,5,4,6,10,10,2,3,1,9,3,8,3,8,9,8,9,10,1,1,2,3,,,9,10,,,4,8,3,6,4,7,6,9,3,3,10,10,2,2,2,8,6,2,8,7,7,8,1,3,,10,,,b'\x11\xe8\xe1I\xcc\x9dW\x1a\xaf\x82\x12\xdf\x17\xaeN\x1e'
11E8E149-CC9D-571A-AF82-12DF17AE4E1E,2012-ncaa-d1-natl,ncaa,81,107,23,95,34,34,39,19,161,105,134,103,9,8,140,22,92,100,151,96,120,26,25,99,111,76,40,29,256,80,215,5,9,12,54,75,245,158,46,97,292,333,285,295,,,195,54,,,114,20,62,146,50,74,27,177,234,15,13,167,169,161,39,73,138,2,9,132,78,321,309,,85,,,121,322,309,335,68,127,205,59,342,342,259,341,166,133,280,125,108,332,315,177,154,241,340,342,52,153,9,336,215,324,54,330,309,252,327,328,99,37,19,15,,,111,297,,,114,322,83,210,129,250,218,323,44,66,342,340,102,71,59,294,216,70,317,244,291,308,57,9,,232,,,b'\x11\xe8\xe1I\xcc\x9dW\x1a\xaf\x82\x12\xdf\x17\xaeN\x1e'
11E8E149-CC9D-571A-AF82-12DF17AE4E1E,2013-ncaa-d0-natl,ncaa,235,216,251,238,265,178,206,176,245,313,320,213,26,17,117,16,229,172,304,176,36,176,239,151,175,122,13,14,238,245,288,156,116,195,253,275,299,29,45,169,321,322,207,188,,,84,102,,,288,218,111,99,117,163,81,303,308,13,6,198,126,130,78,154,209,57,107,270,57,309,186,,148,,,288,288,282,235,285,187,100,274,337,325,327,327,119,113,226,107,148,224,134,321,310,337,309,332,55,142,116,290,288,252,253,323,301,334,336,343,9,19,16,87,,,216,183,,,288,138,137,336,269,333,325,331,256,165,343,340,169,153,149,330,243,195,331,317,335,323,28,28,,169,,,b'\x11\xe8\xe1I\xcc\x9dW\x1a\xaf\x82\x12\xdf\x17\xaeN\x1e'
11E8E149-CC9D-571A-AF82-12DF17AE4E1E,2013-ncaa-d1-conf-Horizon,ncaa,5,5,6,5,6,8,9,5,9,9,8,9,4,2,5,3,8,8,9,8,6,6,8,9,9,9,2,2,8,6,8,3,5,3,8,9,9,2,2,7,8,7,2,4,,,3,4,,,7,8,2,1,7,8,3,8,6,2,2,8,7,7,3,4,5,2,2,9,3,6,2,,6,,,7,3,3,7,2,5,8,2,5,5,3,4,7,6,5,5,4,7,6,3,3,4,4,4,5,8,5,8,8,8,8,5,7,6,7,8,1,1,3,5,,,8,8,,,7,4,9,4,6,5,5,8,7,8,5,6,7,7,6,9,8,8,9,9,6,6,1,4,,8,,,b'\x11\xe8\xe1I\xcc\x9dW\x1a\xaf\x82\x12\xdf\x17\xaeN\x1e'
11E8E149-CC9D-571A-AF82-12DF17AE4E1E,2013-ncaa-d1-natl,ncaa,221,216,210,228,231,157,187,152,237,302,311,204,25,15,111,18,215,162,318,163,38,152,207,140,169,117,15,15,247,237,288,121,101,161,236,269,290,29,43,154,320,323,204,184,,,99,97,,,280,188,113,99,113,155,81,299,305,14,8,199,114,122,74,157,211,46,97,260,57,308,192,,140,,,282,312,303,261,290,200,93,279,341,333,331,328,116,109,192,107,149,249,160,326,315,337,316,337,41,134,101,307,288,272,236,333,309,332,336,343,13,18,20,92,,,205,178,,,280,170,135,335,264,331,324,330,245,140,343,341,152,146,140,327,230,163,331,311,335,325,29,33,,166,,,b'\x11\xe8\xe1I\xcc\x9dW\x1a\xaf\x82\x12\xdf\x17\xaeN\x1e'
11E8E149-CC9D-571A-AF82-12DF17AE4E1E,2014-ncaa-d0-natl,ncaa,33,41,28,43,42,11,16,8,151,48,35,118,16,8,121,78,10,9,103,9,57,6,12,102,93,27,57,79,119,41,216,136,256,78,300,153,340,33,2,61,13,42,235,288,,,316,108,,,72,11,7,239,7,17,7,72,99,23,23,14,20,19,5,12,83,277,177,241,7,16,270,,228,,,74,347,348,320,344,346,317,346,299,266,294,172,256,276,98,274,147,319,339,341,338,261,67,155,61,285,256,348,216,346,300,342,183,3,11,86,20,2,158,66,,,16,152,,,72,340,28,232,77,330,337,266,334,251,254,200,175,189,187,265,340,190,340,326,316,3,5,98,,30,,,b'\x11\xe8\xe1I\xcc\x9dW\x1a\xaf\x82\x12\xdf\x17\xaeN\x1e'
11E8E149-CC9D-571A-AF82-12DF17AE4E1E,2014-ncaa-d1-conf-Horizon,ncaa,1,1,1,1,1,1,1,1,4,1,1,4,1,1,3,6,1,1,3,1,4,1,1,5,5,1,4,6,2,2,5,3,6,2,7,6,9,2,1,4,1,2,4,5,,,9,3,,,1,1,1,1,1,1,1,2,2,3,2,1,1,1,1,1,3,6,4,8,1,1,4,,8,,,1,9,9,8,8,9,8,8,5,5,4,5,8,8,6,8,5,9,9,7,7,2,5,4,4,7,6,9,5,9,7,9,9,1,1,2,1,1,2,1,,,1,5,,,1,9,1,2,1,6,6,5,7,5,4,4,7,5,5,5,9,5,9,7,8,1,1,1,,1,,,b'\x11\xe8\xe1I\xcc\x9dW\x1a\xaf\x82\x12\xdf\x17\xaeN\x1e'
11E8E149-CC9D-571A-AF82-12DF17AE4E1E,2014-ncaa-d1-natl,ncaa,28,40,16,40,22,7,13,4,149,36,34,112,15,8,118,75,7,10,99,9,53,3,9,104,91,24,57,78,121,42,232,114,237,69,300,140,340,37,2,61,9,37,243,292,,,323,105,,,65,5,7,248,6,18,8,78,101,23,24,12,20,19,5,14,96,273,186,242,8,15,277,,217,,,70,347,348,327,342,346,324,345,301,277,290,173,264,281,117,274,145,327,343,340,339,242,69,155,67,282,237,349,232,347,300,342,186,2,11,70,18,2,154,62,,,14,149,,,65,345,27,207,73,326,336,252,329,244,246,194,173,181,177,248,337,170,339,327,312,2,5,94,,34,,,b'\x11\xe8\xe1I\xcc\x9dW\x1a\xaf\x82\x12\xdf\x17\xaeN\x1e'
11E8E149-CC9D-571A-AF82-12DF17AE4E1E,2014-ncaa-d1-ncaatournament,ncaa,33,2,33,33,34,46,53,33,64,46,32,62,57,48,58,52,31,28,54,28,20,33,33,63,63,62,22,54,4,31,35,53,56,37,54,64,64,16,8,64,37,29,36,40,,,6,3,,,62,33,1,3,42,52,1,42,1,51,29,7,2,2,1,1,2,52,21,64,24,11,25,,10,,,62,32,36,32,59,38,35,50,28,12,60,12,11,10,34,7,5,32,32,57,56,54,5,28,7,31,56,40,35,37,54,23,11,32,15,26,5,3,50,57,,,36,37,,,62,32,58,53,59,64,64,64,64,64,49,19,17,16,12,64,64,58,64,64,51,3,5,63,,6,,,b'\x11\xe8\xe1I\xcc\x9dW\x1a\xaf\x82\x12\xdf\x17\xaeN\x1e'
11E8E149-CC9D-571A-AF82-12DF17AE4E1E,2015-ncaa-d0-natl,ncaa,43,37,79,40,94,28,52,31,183,76,93,120,36,19,201,77,8,9,171,9,15,24,42,141,123,35,50,111,42,39,133,21,74,20,88,145,307,13,3,46,135,191,140,164,,,112,17,,,27,47,29,222,11,33,10,96,132,46,22,5,6,6,6,18,36,9,2,178,10,160,158,,71,,,25,250,250,313,39,179,248,67,318,338,79,321,140,143,142,145,97,309,299,73,52,93,286,309,95,273,74,331,133,325,88,295,278,132,225,238,6,1,149,103,,,29,77,,,27,296,23,102,27,175,192,326,115,191,302,334,107,106,108,308,303,237,319,314,249,170,4,115,,13,,,b'\x11\xe8\xe1I\xcc\x9dW\x1a\xaf\x82\x12\xdf\x17\xaeN\x1e'
11E8E149-CC9D-571A-AF82-12DF17AE4E1E,2015-ncaa-d1-conf-Horizon,ncaa,2,2,1,2,1,1,1,1,2,1,2,3,1,4,1,7,1,1,3,1,2,1,1,3,3,1,3,7,1,2,4,1,6,1,3,2,9,2,1,2,5,6,1,2,,,3,1,,,2,1,2,6,1,1,2,2,2,2,6,1,1,1,1,3,3,1,2,6,1,6,1,,2,,,2,7,7,9,2,5,9,2,9,9,2,7,3,4,2,4,2,9,9,2,2,2,6,7,2,9,6,8,4,9,3,9,8,2,7,6,1,1,7,4,,,1,4,,,2,9,1,2,2,3,4,9,4,9,6,8,3,3,3,9,9,9,5,7,7,6,1,7,,1,,,b'\x11\xe8\xe1I\xcc\x9dW\x1a\xaf\x82\x12\xdf\x17\xaeN\x1e'
11E8E149-CC9D-571A-AF82-12DF17AE4E1E,2015-ncaa-d1-natl,ncaa,33,37,30,37,46,12,23,16,134,44,60,84,24,13,180,78,5,3,187,3,11,10,17,112,96,24,54,110,48,24,103,6,75,9,71,103,310,19,3,37,109,173,122,172,,,141,17,,,16,19,25,250,8,25,7,66,120,43,21,5,5,5,6,16,28,10,3,160,11,150,169,,66,,,16,299,296,335,46,245,292,94,319,338,69,310,161,164,126,170,90,331,326,75,51,90,245,294,87,297,75,338,103,334,71,317,278,109,219,228,6,1,149,75,,,11,83,,,16,327,14,98,24,177,212,328,144,212,290,331,96,101,103,306,304,236,304,302,260,163,4,91,,15,,,b'\x11\xe8\xe1I\xcc\x9dW\x1a\xaf\x82\x12\xdf\x17\xaeN\x1e'
11E8E149-CC9D-571A-AF82-12DF17AE4E1E,2016-ncaa-d0-natl,ncaa,65,73,38,75,62,31,29,17,108,26,19,106,97,71,192,192,67,13,338,15,131,15,20,126,164,103,221,199,224,31,132,9,27,11,58,101,299,128,23,85,198,277,93,155,,,108,20,,,77,21,14,240,31,28,11,31,24,121,104,99,21,26,7,17,46,7,6,137,58,253,116,,47,,,79,313,333,343,136,318,330,140,328,329,190,278,37,24,285,23,6,337,324,149,101,167,116,292,6,208,27,338,132,330,58,314,182,144,267,265,109,21,34,6,,,34,186,,,77,329,84,130,91,244,298,338,267,310,297,313,19,12,13,319,307,120,312,263,267,217,64,11,,66,,,b'\x11\xe8\xe1I\xcc\x9dW\x1a\xaf\x82\x12\xdf\x17\xaeN\x1e'
11E8E149-CC9D-571A-AF82-12DF17AE4E1E,2016-ncaa-d1-conf-Horizon,ncaa,2,2,1,2,2,1,1,1,3,1,1,5,9,8,7,9,2,1,10,1,6,1,1,8,8,5,9,9,5,2,4,1,2,1,3,4,10,4,1,5,6,8,2,5,,,2,1,,,2,1,2,8,1,2,2,1,1,9,9,4,1,1,1,2,2,1,1,7,3,8,2,,1,,,2,7,10,10,3,10,10,3,6,9,4,5,1,1,10,1,1,10,10,2,2,2,2,6,1,4,2,10,4,8,3,10,6,5,8,7,3,2,1,1,,,2,5,,,2,10,4,2,2,4,6,8,5,8,5,5,1,1,1,7,8,3,7,6,6,7,3,1,,4,,,b'\x11\xe8\xe1I\xcc\x9dW\x1a\xaf\x82\x12\xdf\x17\xaeN\x1e'
11E8E149-CC9D-571A-AF82-12DF17AE4E1E,2016-ncaa-d1-natl,ncaa,47,73,12,71,20,12,10,7,90,10,9,76,80,53,220,189,44,8,332,8,152,5,6,110,140,81,248,209,242,13,117,3,21,3,43,61,298,150,20,66,136,249,63,129,,,133,17,,,33,6,12,251,19,17,7,18,21,123,95,94,29,31,5,12,33,2,3,107,54,208,106,,43,,,37,329,337,348,96,322,345,104,334,341,143,283,42,31,282,29,5,346,339,112,67,109,121,293,6,237,21,342,117,334,43,323,176,92,237,225,117,18,29,5,,,21,219,,,33,342,63,87,51,221,276,337,240,302,284,315,17,12,11,314,311,112,309,248,245,190,57,8,,71,,,b'\x11\xe8\xe1I\xcc\x9dW\x1a\xaf\x82\x12\xdf\x17\xaeN\x1e'
11E8E149-CC9D-571A-AF82-12DF17AE4E1E,2017-ncaa-d0-natl,ncaa,41,39,74,49,110,92,100,58,228,83,70,181,193,135,308,195,46,44,122,44,97,47,99,253,222,103,208,247,50,53,110,129,98,84,141,237,332,4,5,83,67,64,282,295,,,33,19,,,89,129,207,268,108,136,52,106,79,213,155,42,48,48,38,162,59,191,108,287,5,79,299,,17,,,89,176,236,222,216,240,220,230,200,205,176,205,35,41,102,41,38,183,215,206,165,128,65,202,29,125,98,302,110,257,141,149,75,80,83,88,8,10,163,101,,,66,71,,,89,228,75,112,80,101,181,130,199,144,162,156,25,27,27,67,99,82,246,188,107,111,13,137,,79,,,b'\x11\xe8\xe1I\xcc\x9dW\x1a\xaf\x82\x12\xdf\x17\xaeN\x1e'
11E8E149-CC9D-571A-AF82-12DF17AE4E1E,2017-ncaa-d1-conf-Horizon,ncaa,2,2,3,2,5,5,5,1,8,1,1,7,8,8,9,9,1,1,5,1,3,1,2,8,8,7,9,10,2,1,2,5,5,2,3,9,10,1,1,5,4,3,6,7,,,1,1,,,2,6,8,6,5,5,2,1,1,9,8,1,1,1,2,3,1,6,2,10,1,4,7,,1,,,2,2,2,3,3,4,7,3,3,3,4,5,2,2,3,2,1,3,5,2,2,2,3,5,2,5,5,8,2,5,3,4,5,2,2,2,1,1,5,3,,,1,4,,,2,5,4,2,2,2,2,3,3,7,2,2,2,2,2,2,4,5,7,5,3,2,1,5,,1,,,b'\x11\xe8\xe1I\xcc\x9dW\x1a\xaf\x82\x12\xdf\x17\xaeN\x1e'
11E8E149-CC9D-571A-AF82-12DF17AE4E1E,2017-ncaa-d1-natl,ncaa,30,39,27,39,48,61,71,31,211,52,32,163,191,109,317,205,23,24,119,25,107,26,45,252,217,100,230,266,55,34,100,74,106,41,131,213,336,10,5,86,53,67,258,292,,,42,17,,,75,69,186,270,101,116,46,87,68,224,159,39,45,46,31,144,57,163,86,287,5,85,287,,18,,,78,228,289,288,197,281,280,197,213,226,173,183,45,57,80,56,38,268,284,183,146,114,63,189,30,194,106,322,100,304,131,191,71,67,99,93,20,10,172,82,,,37,81,,,75,291,75,101,67,101,184,160,202,177,155,147,28,33,34,89,125,108,238,199,101,115,15,120,,76,,,b'\x11\xe8\xe1I\xcc\x9dW\x1a\xaf\x82\x12\xdf\x17\xaeN\x1e'
11E8E149-CC9D-571A-AF82-12DF17AE4E1E,2018-ncaa-d0-natl,ncaa,72,74,73,77,85,69,82,44,198,63,34,207,194,173,248,271,24,26,148,24,125,36,62,234,203,98,238,273,53,11,20,167,83,60,56,173,310,12,7,55,65,64,121,118,,,153,138,,,55,121,231,145,63,85,37,58,29,219,198,19,26,25,25,82,10,250,70,216,7,75,138,,102,,,55,163,141,138,177,175,179,181,103,98,160,114,262,200,341,202,196,146,199,159,211,130,157,101,267,68,83,231,20,166,56,117,101,67,57,56,4,5,166,55,,,52,103,,,55,232,50,97,52,93,81,45,113,92,76,70,219,159,165,49,87,37,173,106,82,85,6,137,,70,,,b'\x11\xe8\xe1I\xcc\x9dW\x1a\xaf\x82\x12\xdf\x17\xaeN\x1e'
11E8E149-CC9D-571A-AF82-12DF17AE4E1E,2018-ncaa-d1-conf-Horizon,ncaa,2,3,1,3,1,1,2,1,6,1,1,6,9,8,9,9,1,1,3,1,7,1,1,9,9,6,8,10,2,1,1,5,4,1,4,6,9,2,1,2,3,2,3,5,,,3,1,,,3,2,5,2,1,4,2,1,1,9,9,1,1,1,1,2,1,8,1,7,2,3,5,,2,,,3,5,7,7,6,7,8,6,2,3,4,4,7,4,10,4,2,7,8,5,5,3,2,2,6,4,4,8,1,7,4,5,3,2,2,2,1,1,4,2,,,1,6,,,3,9,3,3,3,3,4,3,6,6,1,2,6,4,4,3,6,4,6,5,3,2,1,4,,1,,,b'\x11\xe8\xe1I\xcc\x9dW\x1a\xaf\x82\x12\xdf\x17\xaeN\x1e'
11E8E149-CC9D-571A-AF82-12DF17AE4E1E,2018-ncaa-d1-natl,ncaa,61,74,31,75,40,44,47,22,173,32,20,196,161,146,194,273,16,12,136,11,137,20,32,210,177,85,234,262,65,4,17,113,67,31,41,119,299,18,6,43,49,58,101,104,,,193,120,,,39,62,215,162,52,63,29,48,23,200,195,22,27,26,19,74,6,227,48,172,7,70,136,,102,,,39,206,172,195,148,200,206,158,136,151,127,137,277,234,335,235,209,212,273,131,180,103,181,117,269,83,67,266,17,206,41,151,122,50,59,56,8,4,164,39,,,28,134,,,39,288,36,74,38,79,67,46,95,75,81,87,216,161,166,48,89,30,153,88,76,75,6,116,,84,,,b'\x11\xe8\xe1I\xcc\x9dW\x1a\xaf\x82\x12\xdf\x17\xaeN\x1e'
11E8E149-CC9D-571A-AF82-12DF17AE4E1E,2019-ncaa-d0-natl,ncaa,18,18,47,20,55,58,47,11,247,35,17,217,128,71,297,195,126,123,196,127,316,14,27,255,266,148,266,227,257,9,37,23,33,9,36,158,337,14,2,71,181,231,143,163,,,275,218,,,62,51,130,71,79,62,3,41,17,164,99,175,175,181,5,40,8,16,3,227,11,220,175,,216,,,62,234,153,284,29,114,223,34,261,303,79,256,303,308,162,306,272,301,286,40,52,85,313,259,293,190,33,340,37,320,36,236,283,170,251,228,16,2,107,20,,,124,288,,,62,298,90,73,68,113,68,190,46,124,206,272,264,262,263,228,188,98,303,246,167,246,10,62,,210,,,b'\x11\xe8\xe1I\xcc\x9dW\x1a\xaf\x82\x12\xdf\x17\xaeN\x1e'
11E8E149-CC9D-571A-AF82-12DF17AE4E1E,2019-ncaa-d1-conf-Horizon,ncaa,1,1,1,1,2,1,1,1,5,1,1,5,6,3,6,7,6,4,5,4,9,1,1,6,6,5,10,6,9,1,2,1,3,1,2,5,10,1,1,2,3,6,5,5,,,8,6,,,4,1,3,7,1,1,1,1,1,6,5,7,7,8,1,1,1,1,1,7,1,7,6,,6,,,4,9,5,10,2,3,9,2,9,8,6,8,9,9,7,9,6,10,10,2,2,3,8,7,8,7,3,10,2,9,2,6,7,4,6,6,1,1,2,1,,,5,8,,,4,10,4,3,4,5,4,6,3,4,8,8,7,7,7,7,6,6,6,6,6,7,1,2,,7,,,b'\x11\xe8\xe1I\xcc\x9dW\x1a\xaf\x82\x12\xdf\x17\xaeN\x1e'
11E8E149-CC9D-571A-AF82-12DF17AE4E1E,2019-ncaa-d1-natl,ncaa,21,18,40,21,44,59,45,11,257,39,18,228,114,70,284,184,131,126,203,128,315,13,24,258,268,154,250,203,266,6,40,20,29,6,32,157,333,17,4,74,176,227,135,156,,,282,210,,,65,45,128,71,84,61,4,53,24,142,93,189,182,185,6,39,10,12,3,226,12,222,165,,213,,,67,235,161,291,28,115,242,30,266,301,96,244,305,308,159,309,275,312,299,40,53,96,312,254,294,183,29,343,40,324,32,238,284,182,255,229,23,4,114,29,,,126,289,,,65,309,92,80,70,120,72,187,49,129,203,259,265,268,271,231,182,88,306,243,167,252,12,76,,219,,,b'\x11\xe8\xe1I\xcc\x9dW\x1a\xaf\x82\x12\xdf\x17\xaeN\x1e'
11E8E149-CC9D-571A-AF82-12DF17AE4E1E,2019-ncaa-d1-ncaatournament,ncaa,33,2,33,33,36,47,43,33,55,45,35,55,37,36,49,18,59,60,35,60,62,35,35,55,60,55,30,11,58,28,18,45,34,35,36,55,56,9,13,41,50,37,59,59,,,31,64,,,54,40,10,7,46,37,1,42,8,14,8,59,60,60,4,3,5,41,16,53,18,35,59,,63,,,55,22,6,10,34,5,8,18,19,15,54,18,44,44,30,44,64,25,22,38,50,51,61,34,64,15,34,27,18,22,36,17,50,46,29,35,2,2,6,7,,,53,56,,,54,25,48,47,53,52,22,13,13,17,44,20,63,63,63,46,44,29,58,54,39,23,2,7,,47,,,b'\x11\xe8\xe1I\xcc\x9dW\x1a\xaf\x82\x12\xdf\x17\xaeN\x1e'
11E8E149-CC9D-571A-AF82-12DF17AE4E1E,2020-ncaa-d0-natl,ncaa,104,109,87,116,169,97,63,30,144,42,22,171,223,207,222,266,206,166,269,167,296,38,75,188,221,155,298,261,277,4,5,95,77,12,17,169,300,67,31,114,205,193,58,43,,,231,266,,,91,203,252,273,103,57,17,40,23,224,214,220,174,177,30,75,2,102,5,190,56,224,57,,209,,,92,156,102,140,89,79,114,99,200,203,147,226,299,279,265,278,290,164,135,102,143,195,301,208,308,107,77,118,5,104,17,134,192,243,237,210,51,30,3,2,,,115,185,,,91,144,57,177,89,119,71,96,61,74,185,191,277,261,260,127,75,94,88,77,112,260,47,3,,141,,,b'\x11\xe8\xe1I\xcc\x9dW\x1a\xaf\x82\x12\xdf\x17\xaeN\x1e'
11E8E149-CC9D-571A-AF82-12DF17AE4E1E,2020-ncaa-d1-conf-Horizon,ncaa,2,2,3,2,4,3,2,1,4,1,1,5,8,9,6,9,5,3,8,3,10,1,3,5,8,4,9,9,8,1,1,4,5,1,2,5,8,2,1,3,5,6,1,2,,,4,5,,,4,6,7,5,2,2,1,1,1,9,9,6,2,2,1,1,1,2,1,4,2,6,1,,5,,,4,3,2,4,2,2,4,2,6,8,6,8,6,8,4,8,8,6,5,2,4,5,9,7,9,5,5,2,1,4,2,3,4,7,7,4,2,2,1,1,,,3,6,,,4,5,2,5,4,4,2,4,2,2,6,6,6,6,6,5,5,5,2,5,3,8,2,1,,1,,,b'\x11\xe8\xe1I\xcc\x9dW\x1a\xaf\x82\x12\xdf\x17\xaeN\x1e'
11E8E149-CC9D-571A-AF82-12DF17AE4E1E,2020-ncaa-d1-natl,ncaa,92,109,45,113,117,85,53,25,147,33,15,177,220,207,229,271,214,164,272,164,304,31,55,197,231,158,305,271,278,3,5,78,80,6,19,169,307,58,32,116,220,213,57,43,,,243,263,,,100,189,256,273,114,63,24,38,25,236,223,233,186,187,38,83,2,101,5,201,47,238,58,,207,,,104,179,114,160,90,90,118,109,222,240,137,241,300,281,281,281,290,186,135,106,151,215,307,217,303,124,80,147,5,123,19,157,199,254,256,230,55,34,4,3,,,106,193,,,100,153,62,200,103,134,77,102,68,66,193,210,275,256,256,129,69,98,92,83,122,274,47,4,,144,,,b'\x11\xe8\xe1I\xcc\x9dW\x1a\xaf\x82\x12\xdf\x17\xaeN\x1e'
11E8E149-CC9D-571A-AF82-12DF17AE4E1E,2021-ncaa-d0-natl,ncaa,30,83,26,57,35,84,63,36,177,29,22,175,218,179,306,308,85,26,332,27,174,36,32,237,255,211,323,321,165,8,5,31,18,10,7,189,338,265,79,252,60,88,45,49,,,331,324,,,53,69,308,224,201,147,147,71,49,315,301,184,69,74,124,165,7,84,13,318,88,140,96,,264,,,65,200,147,241,19,143,208,40,210,279,37,243,330,320,234,317,307,253,264,25,45,47,310,183,333,156,18,236,5,207,7,137,110,77,137,57,132,23,13,1,,,39,137,,,53,280,130,32,56,20,5,25,10,23,82,161,247,241,235,32,15,17,35,16,14,217,22,1,,137,,,b'\x11\xe8\xe1I\xcc\x9dW\x1a\xaf\x82\x12\xdf\x17\xaeN\x1e'
11E8E149-CC9D-571A-AF82-12DF17AE4E1E,2021-ncaa-d1-conf-Horizon,ncaa,1,2,1,1,1,2,1,1,6,1,1,6,10,8,10,12,3,1,11,1,9,1,1,7,8,7,12,12,7,1,1,1,2,1,1,6,12,10,3,9,1,4,2,1,,,11,10,,,1,2,11,8,7,5,2,1,1,12,12,6,4,4,2,2,1,1,1,10,5,5,2,,7,,,2,10,7,10,1,7,9,3,6,11,1,10,11,11,10,11,10,11,11,1,2,2,11,7,12,7,2,9,1,9,1,6,5,3,8,2,5,1,1,1,,,3,11,,,1,11,5,1,2,1,1,2,2,2,1,7,7,7,7,2,1,2,2,2,2,10,2,1,,6,,,b'\x11\xe8\xe1I\xcc\x9dW\x1a\xaf\x82\x12\xdf\x17\xaeN\x1e'
11E8E149-CC9D-571A-AF82-12DF17AE4E1E,2021-ncaa-d1-natl,ncaa,30,82,30,59,43,93,72,44,185,34,22,181,225,185,308,308,95,31,332,32,175,42,40,242,261,215,322,319,161,8,5,34,19,10,7,206,338,248,81,257,68,90,47,52,,,324,324,,,57,85,310,225,211,153,153,73,49,316,303,184,72,73,126,172,8,88,15,321,86,142,98,,266,,,69,180,135,222,19,129,195,39,200,270,35,242,322,312,238,309,308,242,250,25,49,51,311,185,335,147,19,221,5,190,7,126,111,93,142,64,124,23,13,1,,,47,129,,,57,265,135,34,60,20,5,23,10,21,82,160,252,243,237,33,15,17,35,16,15,225,23,1,,137,,,b'\x11\xe8\xe1I\xcc\x9dW\x1a\xaf\x82\x12\xdf\x17\xaeN\x1e'
11E8E149-CC9D-571A-AF82-12DF17AE4E1E,2021-ncaa-d1-ncaatournament,ncaa,17,2,17,17,18,32,31,28,47,28,21,49,32,32,39,46,30,22,58,23,35,27,25,55,52,52,37,37,27,21,29,22,38,22,32,37,60,40,39,58,20,16,20,18,,,52,59,,,47,29,50,7,53,51,43,42,23,45,45,40,29,31,44,36,25,29,21,62,33,16,22,,58,,,40,38,31,36,5,23,35,2,45,42,45,40,59,58,44,55,61,40,38,12,24,25,62,52,63,43,38,41,29,44,32,30,31,25,29,16,29,15,16,6,,,24,27,,,47,37,49,29,40,21,1,8,3,11,43,40,55,55,54,22,20,37,27,34,7,31,15,3,,32,,,b'\x11\xe8\xe1I\xcc\x9dW\x1a\xaf\x82\x12\xdf\x17\xaeN\x1e'
11E8E149-CC9D-571A-AF82-12DF17AE4E1E,2022-ncaa-d0-natl,ncaa,336,266,353,335,356,351,344,339,329,333,315,318,304,288,305,169,354,354,301,354,351,348,353,327,333,303,265,180,322,343,337,343,305,352,350,352,348,2,83,263,299,199,212,139,,,6,70,,,303,352,59,355,283,218,42,192,91,220,140,336,321,328,115,154,266,154,227,337,87,149,107,,155,,,320,27,41,24,227,49,33,229,72,53,198,198,30,17,242,15,104,17,7,223,215,248,124,186,98,105,305,116,337,95,350,43,158,333,243,250,23,203,1,3,,,356,343,,,303,6,318,288,314,307,316,326,303,306,270,273,182,169,159,319,317,330,354,354,277,182,208,4,,335,,,b'\x11\xe8\xe1I\xcc\x9dW\x1a\xaf\x82\x12\xdf\x17\xaeN\x1e'
11E8E149-CC9D-571A-AF82-12DF17AE4E1E,2022-ncaa-d1-conf-Horizon,ncaa,10,9,12,10,12,12,11,11,11,10,9,12,10,10,10,9,12,11,9,11,12,12,12,11,12,10,11,9,11,12,12,10,11,11,11,12,12,2,2,7,8,8,4,4,,,1,3,,,10,12,1,12,9,5,1,5,2,10,7,11,8,8,2,3,11,6,9,11,3,6,2,,5,,,10,3,3,3,7,6,4,7,3,3,6,4,6,5,9,5,4,3,3,7,7,9,4,5,6,11,11,10,12,11,11,7,7,12,11,11,3,8,1,1,,,12,12,,,10,2,10,10,10,12,12,12,12,12,8,9,10,9,10,12,12,12,12,12,9,8,10,1,,12,,,b'\x11\xe8\xe1I\xcc\x9dW\x1a\xaf\x82\x12\xdf\x17\xaeN\x1e'
11E8E149-CC9D-571A-AF82-12DF17AE4E1E,2022-ncaa-d1-natl,ncaa,336,266,354,331,356,350,343,344,321,336,312,321,288,279,270,170,354,352,307,353,350,349,354,309,327,291,249,142,334,344,336,345,311,351,347,354,349,2,79,255,308,208,208,146,,,5,49,,,308,353,63,354,273,207,37,200,85,191,142,339,325,328,102,149,269,151,218,334,83,161,114,,116,,,319,24,46,27,232,60,39,238,83,57,203,201,24,15,241,13,85,17,8,227,217,254,114,185,76,120,311,120,336,103,347,42,142,338,246,255,26,196,1,3,,,356,348,,,308,5,307,290,315,310,326,336,313,310,276,281,154,137,133,324,318,334,354,354,269,195,199,1,,337,,,b'\x11\xe8\xe1I\xcc\x9dW\x1a\xaf\x82\x12\xdf\x17\xaeN\x1e'
11E8E149-CC9D-571A-AF82-12DF17AE4E1E,2023-ncaa-d0-natl,ncaa,312,339,116,324,156,155,148,146,150,323,343,168,3,9,21,3,349,353,144,353,315,207,268,45,80,65,3,1,359,359,359,310,354,355,361,167,214,26,63,85,309,338,317,344,,,157,117,,,347,159,201,291,159,164,201,346,355,2,5,356,358,358,282,345,359,351,361,183,22,329,327,,138,,,340,354,360,292,361,358,304,356,316,207,361,126,248,250,131,245,144,295,229,361,361,361,75,180,57,336,354,354,359,350,361,351,208,327,353,360,43,89,84,234,,,357,360,,,347,201,146,361,339,359,360,319,359,321,324,186,232,244,238,324,224,326,346,350,349,347,39,72,,361,,,b'\x11\xe8\xe1I\xcc\x9dW\x1a\xaf\x82\x12\xdf\x17\xaeN\x1e'
11E8E149-CC9D-571A-AF82-12DF17AE4E1E,2023-ncaa-d1-conf-Horizon,ncaa,9,9,4,9,5,4,4,5,6,11,11,5,1,1,2,1,11,11,5,11,8,6,10,2,3,2,1,1,11,11,11,11,11,11,11,6,5,2,3,2,7,9,10,10,,,7,5,,,10,5,7,5,4,4,5,11,11,1,1,11,11,11,7,11,11,11,11,5,2,7,10,,7,,,10,11,11,10,10,11,11,9,10,6,11,1,9,11,4,11,5,11,9,10,10,11,4,7,4,11,11,10,11,11,11,11,7,8,10,11,2,4,4,8,,,11,11,,,10,7,4,11,10,11,11,11,11,11,10,4,9,11,10,11,10,11,10,11,11,9,3,2,,11,,,b'\x11\xe8\xe1I\xcc\x9dW\x1a\xaf\x82\x12\xdf\x17\xaeN\x1e'
11E8E149-CC9D-571A-AF82-12DF17AE4E1E,2023-ncaa-d1-natl,ncaa,312,339,103,323,142,132,135,149,129,320,346,137,3,8,22,3,349,354,172,353,300,207,269,39,61,55,3,1,358,359,359,292,351,356,361,167,216,27,69,84,318,336,324,346,,,157,105,,,341,148,192,291,152,161,215,342,355,2,7,356,358,356,285,342,359,340,361,177,23,328,331,,130,,,338,356,360,303,360,358,314,354,326,223,360,143,243,248,128,241,142,311,252,361,360,361,81,189,54,338,351,354,359,351,361,351,198,325,351,360,59,103,77,232,,,358,360,,,341,210,140,361,340,357,360,319,358,315,323,200,225,230,225,323,224,323,344,344,345,343,46,67,,361,,,b'\x11\xe8\xe1I\xcc\x9dW\x1a\xaf\x82\x12\xdf\x17\xaeN\x1e'
11E8E149-CC9D-571A-AF82-12DF17AE4E1E,2024-ncaa-d0-natl,ncaa,154,148,143,163,148,115,138,136,140,198,257,107,48,44,124,46,126,198,17,194,112,143,167,106,93,77,42,50,185,309,337,152,194,227,306,140,170,70,75,91,139,157,63,85,,,189,139,,,216,126,119,31,94,118,118,217,280,44,35,126,208,204,130,194,321,159,277,132,77,139,51,,173,,,216,306,311,238,329,330,291,303,155,111,285,53,271,295,85,298,219,256,234,312,295,325,68,65,196,204,194,306,337,280,306,231,85,210,250,236,228,229,145,216,,,212,242,,,216,237,122,310,212,319,324,250,335,319,154,92,266,278,282,280,254,199,306,286,221,219,228,138,,246,,,b'\x11\xe8\xe1I\xcc\x9dW\x1a\xaf\x82\x12\xdf\x17\xaeN\x1e'
11E8E149-CC9D-571A-AF82-12DF17AE4E1E,2024-ncaa-d1-conf-Horizon,ncaa,4,4,3,4,3,4,4,3,6,7,7,4,3,2,6,3,4,5,3,5,5,4,3,5,5,4,3,4,4,11,11,4,8,4,10,6,5,4,4,2,6,6,1,2,,,6,3,,,6,2,4,1,4,4,2,7,8,3,2,4,5,5,2,3,11,4,7,7,3,5,2,,5,,,6,10,10,11,8,11,10,7,4,3,7,2,7,8,4,8,5,11,11,8,8,8,2,2,5,9,8,10,11,11,10,9,4,7,8,10,8,7,7,7,,,6,8,,,6,11,4,8,5,8,9,10,10,10,3,2,7,7,7,10,10,9,9,11,10,8,8,7,,6,,,b'\x11\xe8\xe1I\xcc\x9dW\x1a\xaf\x82\x12\xdf\x17\xaeN\x1e'
11E8E149-CC9D-571A-AF82-12DF17AE4E1E,2024-ncaa-d1-natl,ncaa,137,150,78,156,81,89,113,107,139,188,238,110,40,31,99,48,91,150,11,142,86,113,127,104,85,71,34,49,158,315,344,125,168,203,304,122,166,83,68,86,123,162,53,91,,,206,118,,,210,83,122,36,88,127,135,235,290,39,40,99,186,185,144,207,329,154,280,135,68,143,58,,150,,,210,334,338,288,323,344,320,298,186,125,298,51,292,309,82,309,210,296,282,305,296,325,65,71,187,222,168,338,344,318,304,260,91,187,251,239,247,230,151,203,,,176,211,,,210,280,102,311,203,310,322,248,333,320,158,85,257,281,280,278,252,186,306,275,222,219,223,120,,232,,,b'\x11\xe8\xe1I\xcc\x9dW\x1a\xaf\x82\x12\xdf\x17\xaeN\x1e'
11E8E149-CC9D-571A-AF82-12DF17AE4E1E,2025-ncaa-d0-natl,genius_ncaa,265,292,135,277,157,178,196,143,266,216,173,265,164,139,237,150,123,145,143,127,122,140,136,255,243,227,104,155,103,211,282,202,145,214,277,264,312,175,152,261,220,248,195,247,,,235,223,,161,297,123,89,208,191,224,131,246,183,171,129,119,142,128,122,129,228,228,249,294,174,230,201,,228,,152,293,314,316,229,341,330,281,305,162,95,288,53,291,249,347,251,176,245,219,322,334,336,74,60,215,134,145,297,282,258,277,241,120,207,237,248,258,240,209,212,,,201,257,,201,297,229,243,313,295,312,318,223,336,305,150,80,281,238,239,242,212,118,316,256,256,211,247,204,,226,,211,b'\x11\xe8\xe1I\xcc\x9dW\x1a\xaf\x82\x12\xdf\x17\xaeN\x1e'
11E8E149-CC9D-571A-AF82-12DF17AE4E1E,2025-ncaa-d1-conf-Horizon,genius_ncaa,6,8,4,8,5,6,7,3,11,7,4,11,7,5,9,7,5,4,6,4,7,3,2,11,11,9,7,8,5,3,6,7,6,6,10,10,10,6,5,9,7,7,4,4,,,9,9,,7,10,2,3,7,7,8,2,7,2,8,6,4,5,5,2,1,3,9,8,10,6,5,4,,8,,7,10,11,11,8,11,11,10,10,5,2,10,1,9,8,9,8,5,8,8,10,10,11,3,2,7,4,6,10,6,9,10,9,4,5,6,6,7,6,11,9,,,8,9,,6,10,8,10,10,10,11,11,6,10,10,4,1,8,6,6,7,8,5,11,10,8,6,6,10,,8,,6,b'\x11\xe8\xe1I\xcc\x9dW\x1a\xaf\x82\x12\xdf\x17\xaeN\x1e'
11E8E149-CC9D-571A-AF82-12DF17AE4E1E,2025-ncaa-d1-natl,genius_ncaa,279,312,113,297,136,173,205,146,276,235,189,279,154,127,223,134,123,144,157,135,116,138,131,256,249,230,92,137,108,223,292,200,164,221,292,272,312,188,161,269,224,256,203,252,,,236,222,,157,311,114,103,212,209,244,157,265,201,163,123,131,142,130,145,150,240,242,267,302,173,244,207,,221,,145,307,324,323,238,346,338,293,315,163,93,292,54,302,260,348,264,184,253,224,327,337,339,76,57,216,145,164,312,292,274,292,253,101,215,251,263,257,243,200,211,,,201,260,,207,311,239,257,326,309,319,321,227,339,304,145,80,290,244,251,247,207,135,318,265,249,229,246,182,,235,,224,b'\x11\xe8\xe1I\xcc\x9dW\x1a\xaf\x82\x12\xdf\x17\xaeN\x1e'
11E8E149-CC9D-571A-AF82-12DF17AE4E1E,2026-ncaa-d0-natl,genius_ncaa,212,250,116,241,118,154,158,115,259,189,149,286,88,79,127,95,210,173,308,173,226,129,162,233,258,188,84,57,272,196,314,133,137,146,286,235,337,76,43,172,268,316,295,325,,,213,202,,96,229,149,216,14,188,184,72,241,165,76,72,263,216,216,95,183,234,136,166,294,37,318,322,,191,,82,224,258,235,220,203,228,197,213,247,251,177,215,285,280,213,269,256,233,207,208,227,247,229,184,256,171,137,337,314,311,286,173,87,200,247,190,190,167,273,241,,,162,206,,113,229,221,203,231,221,243,227,210,208,167,219,245,275,271,259,246,204,151,358,324,131,244,160,263,,208,,124,b'\x11\xe8\xe1I\xcc\x9dW\x1a\xaf\x82\x12\xdf\x17\xaeN\x1e'
11E8E149-CC9D-571A-AF82-12DF17AE4E1E,2026-ncaa-d1-conf-Horizon,genius_ncaa,4,5,4,5,4,9,7,4,10,7,4,9,6,5,4,8,11,11,8,11,11,5,6,9,10,10,6,3,11,5,7,5,1,5,6,7,6,2,2,5,7,8,9,9,,,3,3,,4,7,5,4,1,10,6,1,7,1,3,4,11,11,11,2,4,3,3,2,6,2,8,8,,3,,4,7,3,4,5,5,3,5,7,3,6,4,8,3,3,9,2,3,4,4,5,5,5,4,8,4,1,1,8,7,8,6,5,4,8,7,7,6,8,11,9,,,10,11,,7,7,6,11,5,8,5,6,4,5,6,4,7,3,3,2,3,3,1,11,9,6,9,7,11,,11,,7,b'\x11\xe8\xe1I\xcc\x9dW\x1a\xaf\x82\x12\xdf\x17\xaeN\x1e'
11E8E149-CC9D-571A-AF82-12DF17AE4E1E,2026-ncaa-d1-natl,genius_ncaa,163,249,13,212,14,53,64,27,196,117,80,217,23,17,90,75,107,97,201,99,166,31,49,160,170,112,54,47,240,110,292,40,122,52,235,123,295,127,39,108,213,312,265,320,,,305,178,,125,139,38,190,16,115,133,67,218,192,47,45,181,179,187,83,175,225,95,136,213,35,300,318,,180,,85,151,324,317,325,174,317,310,203,256,304,95,181,327,333,156,327,251,337,321,168,176,215,174,132,255,264,122,357,292,347,235,191,38,115,247,140,239,140,314,258,,,81,205,,76,139,327,123,197,150,221,203,209,223,202,146,213,254,274,260,244,209,151,346,302,70,229,143,265,,194,,130,b'\x11\xe8\xe1I\xcc\x9dW\x1a\xaf\x82\x12\xdf\x17\xaeN\x1e'
11E8E149-CCA1-8F06-AF82-12DF17AE4E1E,2010-ncaa-d0-natl,ncaa,99,86,122,97,152,129,139,171,103,251,289,155,13,28,11,20,239,245,170,245,129,185,254,41,48,27,16,11,302,227,238,80,179,138,168,46,12,6,19,7,283,284,21,26,,,8,4,,,53,256,317,218,107,134,187,287,316,10,27,266,271,272,225,313,256,54,133,22,9,295,20,,6,,,51,66,122,260,23,118,240,28,190,246,100,253,11,4,281,6,6,196,128,26,13,80,141,261,24,269,179,159,238,218,168,80,95,330,337,283,54,109,297,332,,,237,164,,,53,88,28,130,47,50,96,278,97,241,197,251,14,11,13,193,61,266,157,224,80,336,63,289,,275,,,b'\x11\xe8\xe1I\xcc\xa1\x8f\x06\xaf\x82\x12\xdf\x17\xaeN\x1e'
11E8E149-CCA1-8F06-AF82-12DF17AE4E1E,2010-ncaa-d1-conf-Mountain West,ncaa,5,6,2,6,3,2,4,2,5,5,6,6,1,1,1,1,4,4,9,4,2,2,3,4,3,2,1,1,6,4,7,2,5,2,6,2,1,2,2,1,8,9,2,3,,,1,1,,,3,4,6,7,3,4,6,8,9,1,1,6,4,4,5,7,5,1,2,3,2,9,2,,2,,,3,8,8,9,3,8,9,2,4,6,4,3,3,4,4,4,1,9,7,3,1,5,2,3,3,9,5,8,7,9,6,2,1,9,9,7,3,3,8,8,,,2,1,,,3,6,1,6,3,5,6,9,6,9,4,5,2,2,2,9,5,8,6,7,2,9,2,8,,3,,,b'\x11\xe8\xe1I\xcc\xa1\x8f\x06\xaf\x82\x12\xdf\x17\xaeN\x1e'
11E8E149-CCA1-8F06-AF82-12DF17AE4E1E,2010-ncaa-d1-natl,ncaa,74,86,53,85,78,69,81,103,84,217,255,135,8,19,8,21,194,214,148,217,134,126,182,32,37,22,16,10,304,191,236,45,172,80,164,23,9,15,18,6,242,262,17,22,,,13,4,,,43,181,314,244,88,112,179,279,313,10,28,261,273,276,218,314,257,60,135,18,9,277,19,,4,,,41,111,189,299,26,153,284,29,235,268,104,254,20,13,274,15,6,261,201,26,14,66,150,264,25,302,172,228,236,280,164,113,77,297,329,252,73,99,308,326,,,179,172,,,43,163,21,110,36,44,87,259,86,225,196,248,13,11,13,170,61,258,140,205,65,328,55,284,,270,,,b'\x11\xe8\xe1I\xcc\xa1\x8f\x06\xaf\x82\x12\xdf\x17\xaeN\x1e'
11E8E149-CCA1-8F06-AF82-12DF17AE4E1E,2011-ncaa-d0-natl,ncaa,58,36,119,46,142,118,147,245,38,219,314,30,42,58,34,29,129,148,130,148,18,233,293,24,22,15,33,36,176,263,205,81,42,150,59,33,7,8,22,7,327,322,61,58,,,3,10,,,54,293,336,192,117,160,299,250,330,29,51,129,152,158,289,331,283,61,182,16,4,337,50,,2,,,50,55,146,221,76,143,220,75,166,187,147,212,4,3,279,2,1,132,52,81,45,178,59,239,7,89,42,49,205,52,59,31,15,339,342,293,14,37,164,287,,,158,21,,,54,53,15,176,37,57,134,208,137,208,156,176,4,3,2,93,10,75,41,33,30,343,11,162,,169,,,b'\x11\xe8\xe1I\xcc\xa1\x8f\x06\xaf\x82\x12\xdf\x17\xaeN\x1e'
11E8E149-CCA1-8F06-AF82-12DF17AE4E1E,2011-ncaa-d1-conf-Mountain West,ncaa,3,3,5,3,6,5,4,8,1,8,9,1,1,3,2,1,5,4,7,5,2,7,8,1,1,1,2,1,5,7,4,4,3,7,2,2,1,2,4,2,9,9,6,6,,,1,1,,,3,9,8,6,2,2,8,6,9,1,1,5,2,2,7,8,7,1,5,2,3,9,4,,1,,,3,4,5,6,5,6,5,5,4,5,5,5,1,1,2,1,1,3,2,5,5,5,1,5,1,3,3,1,4,2,2,2,1,9,9,5,3,5,4,7,,,4,1,,,3,1,1,5,3,5,6,9,8,7,5,5,1,1,1,5,3,5,1,2,3,9,5,5,,2,,,b'\x11\xe8\xe1I\xcc\xa1\x8f\x06\xaf\x82\x12\xdf\x17\xaeN\x1e'
11E8E149-CCA1-8F06-AF82-12DF17AE4E1E,2011-ncaa-d1-natl,ncaa,34,35,51,39,75,81,100,174,37,184,292,32,24,34,43,29,105,124,115,126,27,159,232,25,23,15,33,37,181,212,190,36,23,89,39,17,6,8,16,4,314,317,53,61,,,6,6,,,38,240,334,218,110,152,283,246,325,27,40,130,160,169,273,330,269,49,138,12,3,336,56,,1,,,38,110,208,280,76,180,266,76,229,249,152,249,4,2,286,2,1,211,91,83,50,179,76,274,5,101,23,106,190,85,39,43,13,338,342,283,18,35,195,278,,,102,27,,,38,101,13,164,32,54,134,213,115,197,189,211,3,1,1,92,10,49,42,26,26,343,12,159,,176,,,b'\x11\xe8\xe1I\xcc\xa1\x8f\x06\xaf\x82\x12\xdf\x17\xaeN\x1e'
11E8E149-CCA1-8F06-AF82-12DF17AE4E1E,2012-ncaa-d0-natl,ncaa,252,202,318,246,323,300,308,334,125,304,329,98,208,213,171,103,277,281,193,284,74,332,340,119,112,106,103,120,146,308,180,314,177,320,158,266,115,3,110,101,340,322,234,213,,,4,38,,,180,340,338,38,252,258,325,262,311,157,147,215,204,205,316,330,258,243,266,212,35,334,201,,12,,,181,15,37,31,185,65,60,170,53,47,153,135,10,5,325,5,10,13,4,163,135,233,39,140,32,36,177,5,180,7,158,26,81,341,329,301,18,163,164,315,,,226,3,,,180,4,107,251,167,97,182,170,213,219,116,104,24,12,12,104,18,140,51,65,105,336,82,243,,74,,,b'\x11\xe8\xe1I\xcc\xa1\x8f\x06\xaf\x82\x12\xdf\x17\xaeN\x1e'
11E8E149-CCA1-8F06-AF82-12DF17AE4E1E,2012-ncaa-d1-conf-Mountain West,ncaa,5,5,3,5,3,3,5,5,2,6,7,3,1,3,1,3,2,4,5,4,1,5,6,2,2,2,2,2,3,4,3,2,5,2,3,3,3,3,4,4,8,8,6,6,,,1,1,,,4,7,8,2,6,6,7,7,7,2,3,4,4,4,7,7,5,1,3,4,3,8,6,,1,,,4,4,5,7,4,6,7,4,2,2,1,3,1,1,5,1,1,6,4,1,1,5,1,3,1,6,5,3,3,3,3,2,2,8,8,7,5,4,7,8,,,1,1,,,4,4,2,5,2,2,6,8,6,8,2,3,1,1,1,6,3,6,1,2,3,8,3,7,,1,,,b'\x11\xe8\xe1I\xcc\xa1\x8f\x06\xaf\x82\x12\xdf\x17\xaeN\x1e'
11E8E149-CCA1-8F06-AF82-12DF17AE4E1E,2012-ncaa-d1-natl,ncaa,234,201,286,231,295,274,289,330,142,296,325,90,195,171,228,99,201,191,197,190,26,321,339,136,118,101,88,133,86,293,197,283,155,302,160,258,124,7,90,100,333,313,223,215,,,6,51,,,182,339,336,44,241,270,320,268,313,161,139,152,133,139,302,331,254,234,258,227,28,327,204,,19,,,183,34,74,61,177,93,87,168,94,82,165,170,12,9,332,9,13,29,6,171,147,238,65,181,39,64,155,28,197,20,160,49,91,340,326,293,29,142,197,313,,,122,1,,,182,6,106,248,167,107,174,167,188,197,147,148,31,16,15,106,20,131,77,79,106,335,65,242,,30,,,b'\x11\xe8\xe1I\xcc\xa1\x8f\x06\xaf\x82\x12\xdf\x17\xaeN\x1e'
11E8E149-CCA1-8F06-AF82-12DF17AE4E1E,2013-ncaa-d0-natl,ncaa,50,28,120,40,173,73,76,186,13,105,214,23,56,136,6,124,96,131,64,128,73,173,237,6,8,8,100,102,195,202,92,52,25,93,16,44,49,24,41,14,341,342,203,247,,,16,24,,,41,238,279,267,31,52,223,105,250,55,139,83,124,122,199,280,216,25,67,24,26,344,211,,16,,,34,130,219,249,130,232,283,86,165,139,238,116,15,16,117,17,8,205,101,117,66,225,44,200,14,58,25,22,92,23,16,55,8,344,344,297,55,84,214,236,,,96,24,,,41,120,5,192,33,114,215,278,218,302,163,133,14,17,17,184,49,61,19,18,56,344,67,210,,86,,,b'\x11\xe8\xe1I\xcc\xa1\x8f\x06\xaf\x82\x12\xdf\x17\xaeN\x1e'
11E8E149-CCA1-8F06-AF82-12DF17AE4E1E,2013-ncaa-d1-conf-Mountain West,ncaa,3,3,3,3,3,3,3,4,1,2,6,1,2,2,2,3,2,3,2,3,3,4,8,1,1,1,4,3,5,6,2,1,1,2,1,1,1,2,2,1,9,9,7,7,,,2,3,,,2,8,8,1,1,2,6,2,7,2,3,2,3,4,7,8,8,1,2,1,1,9,7,,2,,,2,3,4,8,3,6,8,3,6,5,7,5,2,2,2,2,1,6,2,3,3,5,3,7,1,1,1,1,2,1,1,1,1,9,9,6,1,2,7,7,,,2,1,,,2,2,1,3,2,3,4,6,4,8,6,6,1,2,2,4,1,1,2,1,1,9,1,6,,3,,,b'\x11\xe8\xe1I\xcc\xa1\x8f\x06\xaf\x82\x12\xdf\x17\xaeN\x1e'
11E8E149-CCA1-8F06-AF82-12DF17AE4E1E,2013-ncaa-d1-natl,ncaa,42,28,90,37,123,54,65,164,11,98,204,19,52,123,7,127,78,106,64,102,71,151,210,6,8,7,98,101,194,185,83,36,24,74,13,35,54,24,40,13,343,342,185,240,,,17,20,,,31,214,282,267,31,50,220,99,250,53,135,81,118,116,202,281,218,21,69,24,24,344,200,,12,,,30,149,236,281,111,242,298,85,180,170,207,133,14,18,90,18,8,234,121,104,57,202,43,208,12,76,24,24,83,25,13,51,7,344,344,294,57,76,207,216,,,81,23,,,31,140,5,169,28,102,196,281,209,294,167,153,12,16,16,189,46,62,18,16,46,344,63,193,,85,,,b'\x11\xe8\xe1I\xcc\xa1\x8f\x06\xaf\x82\x12\xdf\x17\xaeN\x1e'
11E8E149-CCA1-8F06-AF82-12DF17AE4E1E,2014-ncaa-d0-natl,ncaa,105,72,180,88,186,117,141,174,115,177,202,140,91,123,54,130,66,45,281,44,27,132,197,92,97,47,77,106,89,211,253,80,32,125,137,92,71,9,12,25,245,246,287,301,,,20,19,,,65,189,143,44,58,95,111,158,187,81,108,39,21,21,65,166,203,24,73,53,15,236,289,,23,,,60,102,135,214,76,145,208,78,162,203,90,206,67,35,327,33,22,179,139,68,59,121,115,202,79,69,32,261,253,192,137,48,27,274,279,159,25,36,200,221,,,58,12,,,65,161,58,91,57,130,187,297,194,263,182,226,78,45,44,238,180,84,292,247,63,274,38,230,,16,,,b'\x11\xe8\xe1I\xcc\xa1\x8f\x06\xaf\x82\x12\xdf\x17\xaeN\x1e'
11E8E149-CCA1-8F06-AF82-12DF17AE4E1E,2014-ncaa-d1-conf-Mountain West,ncaa,5,5,3,5,3,4,6,7,7,8,7,6,5,5,3,6,1,1,9,1,1,6,8,5,5,3,2,5,2,7,7,2,1,4,4,3,4,2,2,2,10,10,9,10,,,1,2,,,3,7,8,1,5,6,7,9,8,5,5,1,1,1,4,8,8,2,4,3,2,10,10,,2,,,3,4,5,7,4,7,7,6,5,6,3,7,3,3,11,3,2,5,4,4,3,4,5,7,6,2,1,8,7,6,4,2,1,10,10,3,3,2,6,6,,,1,1,,,3,5,3,4,3,4,5,8,6,7,5,6,3,3,3,7,3,2,9,7,2,10,2,6,,1,,,b'\x11\xe8\xe1I\xcc\xa1\x8f\x06\xaf\x82\x12\xdf\x17\xaeN\x1e'
11E8E149-CCA1-8F06-AF82-12DF17AE4E1E,2014-ncaa-d1-natl,ncaa,93,72,145,83,151,110,136,152,119,179,205,138,85,110,63,119,66,42,282,40,26,124,180,97,100,45,75,99,92,207,256,70,32,119,142,86,73,6,13,22,238,242,282,299,,,20,17,,,69,173,167,53,59,104,120,169,204,76,100,46,22,21,67,184,206,33,88,58,13,239,284,,20,,,63,117,160,228,86,158,220,82,182,202,115,204,69,32,334,31,23,191,150,81,79,131,127,210,78,67,32,271,256,197,142,54,19,262,272,154,28,34,191,216,,,54,12,,,69,176,60,102,59,125,185,282,186,257,187,219,73,42,41,220,158,76,286,237,59,270,36,209,,22,,,b'\x11\xe8\xe1I\xcc\xa1\x8f\x06\xaf\x82\x12\xdf\x17\xaeN\x1e'
11E8E149-CCA1-8F06-AF82-12DF17AE4E1E,2015-ncaa-d0-natl,ncaa,188,131,283,169,316,215,226,293,99,277,315,129,89,132,33,69,242,261,117,262,116,294,324,67,75,41,48,49,227,258,190,255,211,276,173,157,75,8,36,28,269,212,215,235,,,4,21,,,90,332,311,283,119,146,208,246,282,47,87,181,215,214,212,303,221,166,197,91,21,235,189,,14,,,82,33,85,89,154,125,201,76,48,20,287,37,11,8,303,7,10,44,25,115,87,165,34,106,32,131,211,35,190,49,173,21,17,331,298,198,10,48,188,294,,,316,218,,,90,18,40,204,77,114,198,237,249,321,89,43,38,17,14,149,60,233,110,161,52,311,25,251,,287,,,b'\x11\xe8\xe1I\xcc\xa1\x8f\x06\xaf\x82\x12\xdf\x17\xaeN\x1e'
11E8E149-CCA1-8F06-AF82-12DF17AE4E1E,2015-ncaa-d1-conf-Mountain West,ncaa,5,5,4,5,5,3,3,6,1,8,10,1,3,4,2,4,6,7,5,7,3,6,10,1,1,1,4,4,9,9,8,4,4,8,8,3,5,2,3,2,7,7,7,10,,,2,1,,,1,8,10,6,4,2,10,8,9,4,4,5,7,7,9,10,9,6,7,4,2,8,8,,1,,,1,6,7,8,6,9,10,2,4,1,10,1,2,1,9,1,1,6,4,5,4,6,1,5,1,5,4,4,8,5,8,1,1,9,9,3,2,3,4,8,,,8,5,,,1,4,1,6,1,5,6,6,8,9,4,2,1,1,1,5,3,6,3,4,2,11,2,4,,7,,,b'\x11\xe8\xe1I\xcc\xa1\x8f\x06\xaf\x82\x12\xdf\x17\xaeN\x1e'
11E8E149-CCA1-8F06-AF82-12DF17AE4E1E,2015-ncaa-d1-natl,ncaa,169,130,209,162,275,153,164,241,86,239,293,115,61,97,21,69,205,234,132,229,112,239,309,57,63,27,47,46,245,241,203,185,154,224,159,105,66,7,19,17,235,185,173,197,,,6,18,,,51,315,305,285,96,121,187,237,278,42,79,179,210,207,194,298,227,136,176,72,15,227,162,,14,,,46,40,91,134,107,151,227,62,59,40,210,55,14,7,308,7,11,72,39,84,65,140,35,104,45,139,154,88,203,92,159,24,19,307,281,172,7,29,247,310,,,296,214,,,51,31,28,146,44,78,145,209,209,302,73,48,35,13,12,122,50,181,133,151,45,300,17,275,,280,,,b'\x11\xe8\xe1I\xcc\xa1\x8f\x06\xaf\x82\x12\xdf\x17\xaeN\x1e'
11E8E149-CCA1-8F06-AF82-12DF17AE4E1E,2016-ncaa-d0-natl,ncaa,221,181,287,216,292,251,282,315,184,305,325,154,152,147,171,72,176,213,71,213,51,307,335,147,123,99,58,102,84,296,262,254,203,292,217,246,140,8,51,86,323,298,316,325,,,6,30,,,158,332,323,46,188,247,267,270,307,111,99,118,161,155,254,316,269,166,228,210,25,311,304,,21,,,157,40,91,85,172,203,204,192,9,23,19,30,29,28,166,28,32,59,26,100,77,177,3,14,79,122,203,59,262,67,217,8,1,341,325,180,10,66,228,316,,,311,176,,,158,21,115,212,149,128,211,224,293,317,19,33,66,67,68,188,70,219,154,179,28,335,35,277,,271,,,b'\x11\xe8\xe1I\xcc\xa1\x8f\x06\xaf\x82\x12\xdf\x17\xaeN\x1e'
11E8E149-CCA1-8F06-AF82-12DF17AE4E1E,2016-ncaa-d1-conf-Mountain West,ncaa,9,8,7,9,9,9,9,11,5,10,11,4,4,3,5,1,10,11,4,11,5,11,11,4,5,3,3,3,10,11,11,6,7,9,9,6,4,2,4,3,10,8,10,11,,,1,2,,,8,11,8,7,6,6,10,10,11,4,3,8,10,10,10,10,10,5,9,5,2,10,10,,1,,,8,4,7,5,7,10,9,9,1,3,2,2,1,1,3,1,1,4,1,6,3,7,1,1,1,6,7,3,11,6,9,2,1,11,11,6,2,5,4,9,,,11,9,,,8,1,5,6,8,5,8,9,10,9,1,3,1,2,2,7,5,6,6,8,3,11,2,5,,11,,,b'\x11\xe8\xe1I\xcc\xa1\x8f\x06\xaf\x82\x12\xdf\x17\xaeN\x1e'
11E8E149-CCA1-8F06-AF82-12DF17AE4E1E,2016-ncaa-d1-natl,ncaa,216,179,303,214,308,245,278,323,180,302,331,150,135,139,161,69,169,225,53,214,51,310,338,142,121,101,53,98,79,301,251,248,198,295,212,243,144,9,57,87,319,291,316,327,,,9,34,,,160,340,314,47,188,242,263,270,307,106,94,112,168,158,255,316,269,165,230,207,28,302,299,,25,,,159,33,98,96,176,218,213,198,8,18,18,29,35,36,178,36,33,57,16,110,86,185,3,14,85,123,198,57,251,58,212,7,1,341,320,164,13,74,237,313,,,309,176,,,160,14,113,202,149,127,212,213,296,314,20,31,73,71,75,184,68,212,146,167,25,329,42,279,,271,,,b'\x11\xe8\xe1I\xcc\xa1\x8f\x06\xaf\x82\x12\xdf\x17\xaeN\x1e'
11E8E149-CCA1-8F06-AF82-12DF17AE4E1E,2017-ncaa-d0-natl,ncaa,93,64,168,75,184,191,193,307,39,245,326,49,90,155,16,75,244,287,80,288,129,312,334,19,21,29,65,56,252,340,316,120,18,252,93,90,21,16,114,34,312,273,333,336,,,20,84,,,47,318,343,109,175,192,338,250,332,72,140,250,294,294,339,348,343,78,264,58,30,320,332,,28,,,41,8,40,90,49,93,175,56,20,36,39,77,9,10,191,10,15,47,24,33,21,67,27,76,50,20,18,38,316,15,93,6,12,336,302,167,17,84,138,266,,,283,113,,,47,33,57,49,32,7,40,79,105,196,24,37,12,12,14,42,7,20,49,25,12,338,30,158,,302,,,b'\x11\xe8\xe1I\xcc\xa1\x8f\x06\xaf\x82\x12\xdf\x17\xaeN\x1e'
11E8E149-CCA1-8F06-AF82-12DF17AE4E1E,2017-ncaa-d1-conf-Mountain West,ncaa,3,2,7,3,8,8,7,11,1,8,11,1,4,8,1,5,9,8,6,8,5,11,11,1,1,1,4,3,7,10,9,6,3,9,2,2,1,3,6,3,11,11,10,10,,,3,5,,,2,11,11,8,6,5,11,8,11,3,8,7,8,8,11,11,10,3,9,1,3,11,10,,4,,,2,1,3,3,5,5,6,5,2,2,2,2,2,1,3,1,1,1,1,3,3,4,1,2,3,1,3,1,9,1,2,1,1,11,10,6,2,4,7,10,,,9,5,,,2,1,1,4,2,3,3,4,7,8,2,2,2,2,2,2,1,2,1,1,1,11,3,8,,8,,,b'\x11\xe8\xe1I\xcc\xa1\x8f\x06\xaf\x82\x12\xdf\x17\xaeN\x1e'
11E8E149-CCA1-8F06-AF82-12DF17AE4E1E,2017-ncaa-d1-natl,ncaa,69,64,98,67,112,149,158,286,44,230,319,49,63,118,17,60,209,252,62,254,108,288,315,21,21,30,50,49,245,331,303,78,19,209,85,61,19,31,115,33,287,255,332,337,,,38,114,,,38,296,341,127,169,195,338,260,335,64,124,230,280,286,340,346,339,80,263,61,29,299,333,,37,,,36,16,57,129,48,126,219,55,22,38,41,64,16,14,152,17,17,75,28,32,20,64,25,72,63,22,19,55,303,22,85,5,6,317,280,136,26,76,142,256,,,237,101,,,38,51,52,43,30,7,35,60,96,187,20,30,14,15,15,39,6,18,50,23,8,335,28,135,,286,,,b'\x11\xe8\xe1I\xcc\xa1\x8f\x06\xaf\x82\x12\xdf\x17\xaeN\x1e'
11E8E149-CCA1-8F06-AF82-12DF17AE4E1E,2018-ncaa-d0-natl,ncaa,87,74,117,85,157,205,239,306,99,298,321,165,73,136,12,70,177,247,25,244,66,305,323,60,51,61,25,44,143,337,315,136,8,272,109,137,26,42,150,72,323,299,299,303,,,14,88,,,117,313,345,278,248,290,347,331,338,72,155,188,269,265,346,349,336,167,317,140,46,331,311,,12,,,115,56,99,94,152,147,174,139,49,48,132,83,33,9,348,8,17,57,22,117,125,236,44,83,89,2,8,87,315,21,109,8,9,337,318,207,34,109,92,211,,,228,54,,,117,41,88,174,110,44,69,44,131,138,46,39,34,9,10,18,1,4,59,16,9,340,37,78,,251,,,b'\x11\xe8\xe1I\xcc\xa1\x8f\x06\xaf\x82\x12\xdf\x17\xaeN\x1e'
11E8E149-CCA1-8F06-AF82-12DF17AE4E1E,2018-ncaa-d1-conf-Mountain West,ncaa,2,3,3,3,6,7,9,11,2,11,11,6,3,6,1,3,6,7,4,7,3,11,11,2,1,1,1,1,6,10,8,5,1,9,4,4,1,4,6,2,11,11,9,9,,,1,1,,,4,11,11,8,8,10,11,11,11,3,6,6,7,7,11,11,10,6,10,3,4,11,9,,1,,,4,2,5,4,3,4,5,3,2,2,6,2,1,1,11,1,1,3,1,2,2,6,2,3,2,1,1,3,8,2,4,2,1,11,11,8,4,6,3,6,,,8,3,,,4,2,4,4,4,2,3,3,5,6,2,2,1,1,1,2,1,1,3,1,2,11,4,3,,7,,,b'\x11\xe8\xe1I\xcc\xa1\x8f\x06\xaf\x82\x12\xdf\x17\xaeN\x1e'
11E8E149-CCA1-8F06-AF82-12DF17AE4E1E,2018-ncaa-d1-natl,ncaa,75,74,53,78,92,173,207,283,98,281,305,154,65,118,15,71,167,242,18,240,101,279,315,57,51,57,31,46,157,332,317,111,6,238,121,97,20,42,132,53,311,291,304,313,,,16,71,,,111,291,345,279,258,286,344,324,338,73,154,211,282,280,348,349,337,171,323,122,40,328,316,,11,,,114,61,119,126,141,188,209,136,50,56,111,82,44,12,347,10,14,74,22,112,118,222,37,76,89,4,6,124,317,32,121,10,9,333,313,194,45,108,81,184,,,216,66,,,111,56,90,153,107,29,57,39,117,135,38,33,28,9,9,16,1,4,59,17,6,340,36,58,,264,,,b'\x11\xe8\xe1I\xcc\xa1\x8f\x06\xaf\x82\x12\xdf\x17\xaeN\x1e'
11E8E149-CCA1-8F06-AF82-12DF17AE4E1E,2019-ncaa-d0-natl,ncaa,54,45,80,51,90,110,106,227,24,113,177,53,111,221,4,204,175,247,9,248,254,235,301,29,25,20,184,146,242,335,331,131,3,261,143,63,43,4,34,13,262,234,269,294,,,32,58,,,73,253,345,124,134,129,322,145,248,129,252,219,298,299,329,349,343,203,330,67,6,284,293,,15,,,71,106,202,142,267,273,240,223,46,32,225,30,20,19,157,19,15,96,53,229,190,246,5,54,28,2,3,118,331,35,143,29,7,307,272,160,11,48,293,282,,,198,70,,,73,105,41,159,59,46,134,47,227,197,27,12,12,14,15,16,3,2,65,10,20,327,12,266,,263,,,b'\x11\xe8\xe1I\xcc\xa1\x8f\x06\xaf\x82\x12\xdf\x17\xaeN\x1e'
11E8E149-CCA1-8F06-AF82-12DF17AE4E1E,2019-ncaa-d1-conf-Mountain West,ncaa,2,3,1,3,1,3,3,9,1,4,7,3,5,5,1,6,7,7,2,7,9,9,10,1,1,1,6,5,7,10,9,2,1,7,3,2,2,1,1,1,9,8,10,10,,,3,3,,,2,8,10,5,5,5,10,7,8,5,6,7,9,9,10,10,10,4,10,2,1,10,10,,2,,,2,2,4,5,6,8,9,6,2,2,1,2,1,2,4,2,1,4,3,3,2,3,1,2,1,1,1,4,9,2,3,1,1,10,8,3,2,2,9,8,,,6,2,,,2,4,2,1,1,1,3,1,7,7,1,2,1,1,1,1,1,1,3,1,1,11,1,8,,7,,,b'\x11\xe8\xe1I\xcc\xa1\x8f\x06\xaf\x82\x12\xdf\x17\xaeN\x1e'
11E8E149-CCA1-8F06-AF82-12DF17AE4E1E,2019-ncaa-d1-natl,ncaa,39,44,40,47,48,80,76,159,24,89,149,54,83,179,2,188,159,242,13,243,251,178,258,29,25,19,167,129,254,328,325,104,9,225,143,42,44,5,26,11,204,175,257,288,,,43,56,,,48,198,342,136,125,110,315,147,246,108,234,224,295,297,318,348,341,210,325,59,5,252,285,,14,,,50,119,219,184,248,283,290,202,47,27,222,28,22,21,163,22,13,129,103,208,160,198,5,46,28,5,9,166,325,52,143,32,6,257,222,115,11,37,292,269,,,151,71,,,48,163,26,120,39,35,122,46,215,196,26,12,9,10,10,13,3,2,60,11,18,308,9,251,,250,,,b'\x11\xe8\xe1I\xcc\xa1\x8f\x06\xaf\x82\x12\xdf\x17\xaeN\x1e'
11E8E149-CCA1-8F06-AF82-12DF17AE4E1E,2020-ncaa-d0-natl,ncaa,140,109,260,131,274,230,197,306,61,222,306,48,124,155,71,78,319,345,6,344,323,330,343,52,53,42,159,85,321,330,295,158,10,263,95,214,207,15,75,82,333,302,261,263,,,4,20,,,124,337,342,97,191,147,279,193,288,97,127,315,338,338,318,342,325,65,225,177,27,326,249,,7,,,122,44,76,67,152,106,138,116,88,68,220,118,32,11,351,13,22,34,12,135,131,264,98,163,72,7,10,56,295,17,95,26,29,350,337,276,12,61,286,335,,,346,317,,,124,17,68,213,113,88,131,130,159,195,116,83,52,19,22,69,6,10,101,36,46,346,24,311,,344,,,b'\x11\xe8\xe1I\xcc\xa1\x8f\x06\xaf\x82\x12\xdf\x17\xaeN\x1e'
11E8E149-CCA1-8F06-AF82-12DF17AE4E1E,2020-ncaa-d1-conf-Mountain West,ncaa,3,3,3,3,3,6,6,9,1,8,10,2,4,6,3,3,6,10,1,10,6,8,9,1,1,1,4,4,6,9,8,4,1,8,2,6,7,3,7,7,10,10,7,9,,,1,3,,,3,8,11,4,6,6,10,9,11,5,6,5,10,10,10,10,9,5,9,6,3,11,8,,1,,,3,3,5,5,6,3,5,6,6,6,8,5,3,1,11,1,3,5,2,7,6,9,5,7,3,1,1,2,8,2,2,3,3,10,10,9,2,3,9,11,,,8,3,,,3,3,3,7,3,3,4,5,3,5,5,4,2,1,2,5,1,1,2,1,2,11,2,9,,9,,,b'\x11\xe8\xe1I\xcc\xa1\x8f\x06\xaf\x82\x12\xdf\x17\xaeN\x1e'
11E8E149-CCA1-8F06-AF82-12DF17AE4E1E,2020-ncaa-d1-natl,ncaa,150,109,326,138,330,260,233,333,68,264,323,49,140,170,76,77,326,345,7,344,322,344,350,55,56,45,155,85,321,340,304,186,9,299,103,250,214,12,83,85,342,308,270,266,,,4,18,,,138,345,342,92,200,158,284,208,290,101,132,317,338,338,323,343,327,74,235,187,28,330,254,,7,,,134,31,58,43,164,90,106,122,76,50,232,113,28,11,351,11,23,18,3,149,146,279,94,159,75,5,9,40,304,11,103,18,29,350,342,289,11,61,278,336,,,348,313,,,138,7,71,237,125,93,138,133,162,205,116,81,51,19,22,73,5,10,102,39,47,346,25,314,,345,,,b'\x11\xe8\xe1I\xcc\xa1\x8f\x06\xaf\x82\x12\xdf\x17\xaeN\x1e'
11E8E149-CCA1-8F06-AF82-12DF17AE4E1E,2021-ncaa-d0-natl,ncaa,90,143,89,117,94,150,132,143,138,179,197,131,54,65,92,42,265,269,200,274,303,163,186,103,133,91,93,33,332,244,307,105,42,157,207,107,123,64,36,39,242,270,205,261,,,77,20,,,101,175,338,75,238,191,242,263,298,68,77,328,330,330,297,341,318,155,276,151,11,302,252,,2,,,111,136,156,186,100,181,241,58,124,97,223,60,128,101,314,102,33,170,162,79,75,120,91,129,120,111,42,259,307,209,207,47,2,210,228,53,75,63,300,315,,,260,324,,,101,170,123,105,97,32,56,67,98,185,66,34,49,29,31,36,8,32,202,104,2,296,21,269,,341,,,b'\x11\xe8\xe1I\xcc\xa1\x8f\x06\xaf\x82\x12\xdf\x17\xaeN\x1e'
11E8E149-CCA1-8F06-AF82-12DF17AE4E1E,2021-ncaa-d1-conf-Mountain West,ncaa,3,6,2,5,2,5,5,5,4,6,9,3,3,2,5,2,9,8,6,8,7,6,6,4,4,4,4,2,10,7,7,6,2,6,4,3,1,4,5,4,6,5,8,10,,,6,4,,,3,6,11,4,8,7,11,10,11,4,3,11,10,10,11,11,9,10,11,5,2,7,9,,2,,,3,4,4,4,1,5,7,1,2,2,3,2,7,7,10,7,5,4,6,1,1,1,4,2,11,4,2,5,7,5,4,2,1,4,2,1,6,7,7,11,,,6,6,,,3,6,5,1,3,1,1,1,1,3,1,1,4,3,3,1,1,1,2,1,1,6,3,7,,10,,,b'\x11\xe8\xe1I\xcc\xa1\x8f\x06\xaf\x82\x12\xdf\x17\xaeN\x1e'
11E8E149-CCA1-8F06-AF82-12DF17AE4E1E,2021-ncaa-d1-natl,ncaa,98,143,105,122,111,165,146,156,141,195,220,134,61,71,90,41,276,277,199,282,305,182,208,104,136,95,90,33,334,259,310,121,45,182,214,120,128,58,37,41,249,276,215,264,,,69,21,,,113,194,338,70,244,197,246,272,299,67,78,328,330,330,299,341,319,165,281,157,11,305,252,,2,,,121,128,145,171,110,172,233,61,116,91,228,59,117,92,315,93,33,153,146,87,84,127,90,124,121,104,45,248,310,192,214,46,3,227,239,60,66,63,296,318,,,270,324,,,113,152,129,111,104,34,58,67,105,190,66,33,51,29,31,37,8,34,204,107,2,298,21,274,,341,,,b'\x11\xe8\xe1I\xcc\xa1\x8f\x06\xaf\x82\x12\xdf\x17\xaeN\x1e'
11E8E149-CCA1-8F06-AF82-12DF17AE4E1E,2021-ncaa-d1-ncaatournament,ncaa,33,2,33,33,34,58,59,61,50,55,58,48,44,52,44,21,43,40,53,40,7,62,64,53,49,48,16,29,8,57,47,55,58,58,57,64,63,5,37,61,64,64,56,59,,,7,22,,,47,63,63,7,58,59,61,55,58,35,34,26,19,20,61,64,49,54,57,64,12,64,56,,16,,,50,9,13,16,36,19,18,40,6,15,6,21,17,15,40,14,37,16,9,29,29,41,13,13,42,26,58,8,47,18,57,5,11,61,62,53,4,16,7,37,,,36,2,,,47,1,50,52,57,34,37,38,48,42,10,24,41,38,35,41,18,57,27,50,16,61,11,14,,7,,,b'\x11\xe8\xe1I\xcc\xa1\x8f\x06\xaf\x82\x12\xdf\x17\xaeN\x1e'
11E8E149-CCA1-8F06-AF82-12DF17AE4E1E,2022-ncaa-d0-natl,ncaa,158,134,216,155,202,198,198,219,181,253,262,193,98,125,78,87,212,259,62,262,195,234,264,134,128,108,68,72,203,201,179,86,1,118,19,173,109,31,80,93,348,337,259,280,,,3,11,,,127,274,345,1,160,179,190,256,260,76,94,189,239,244,216,269,174,23,40,143,60,347,265,,3,,,124,81,134,138,159,107,160,79,224,119,341,177,8,5,217,5,8,100,52,181,142,255,163,302,13,3,1,124,179,44,19,87,74,346,340,321,84,151,284,321,,,266,214,,,127,82,98,177,121,127,180,196,147,211,265,147,12,8,9,126,14,3,169,44,115,350,117,307,,259,,,b'\x11\xe8\xe1I\xcc\xa1\x8f\x06\xaf\x82\x12\xdf\x17\xaeN\x1e'
11E8E149-CCA1-8F06-AF82-12DF17AE4E1E,2022-ncaa-d1-conf-Mountain West,ncaa,5,3,8,3,9,11,11,11,8,11,11,8,5,4,6,2,9,11,6,9,3,11,11,6,6,6,2,2,5,5,1,6,1,6,1,6,2,7,8,6,11,9,6,6,,,1,3,,,6,11,11,3,9,10,11,11,11,4,2,7,9,8,11,10,2,4,1,6,7,10,6,,1,,,6,1,1,3,3,1,2,1,4,3,10,3,1,1,1,1,2,1,1,4,4,5,6,10,3,1,1,1,1,1,1,4,4,11,9,5,8,10,8,11,,,9,3,,,6,1,6,3,6,2,2,3,1,4,5,3,1,1,1,2,1,1,2,1,4,10,9,11,,5,,,b'\x11\xe8\xe1I\xcc\xa1\x8f\x06\xaf\x82\x12\xdf\x17\xaeN\x1e'
11E8E149-CCA1-8F06-AF82-12DF17AE4E1E,2022-ncaa-d1-natl,ncaa,135,134,146,146,137,182,192,178,190,224,226,192,97,113,102,104,182,226,61,231,190,185,232,148,140,111,80,93,184,164,174,51,1,76,18,149,113,40,78,89,343,338,266,287,,,4,9,,,127,248,345,1,169,193,194,245,247,94,105,178,226,235,208,271,166,24,39,153,51,346,277,,3,,,126,123,174,185,152,136,197,87,262,172,330,195,9,6,220,6,9,132,65,177,139,257,167,304,14,3,1,179,174,60,18,123,71,346,339,322,94,131,310,328,,,232,208,,,127,108,99,183,124,113,176,193,145,195,269,167,11,7,7,120,12,5,175,45,116,351,101,318,,246,,,b'\x11\xe8\xe1I\xcc\xa1\x8f\x06\xaf\x82\x12\xdf\x17\xaeN\x1e'
11E8E149-CCA1-8F06-AF82-12DF17AE4E1E,2023-ncaa-d0-natl,ncaa,73,74,81,78,84,119,117,208,38,131,238,27,123,149,86,115,184,219,43,220,181,213,240,38,35,48,170,142,235,256,205,93,2,135,30,79,52,97,147,62,292,281,84,86,,,92,140,,,92,225,351,135,157,153,325,167,305,144,173,217,278,281,327,353,302,105,220,86,68,322,88,,48,,,93,147,132,168,129,155,241,77,118,78,288,73,207,108,361,99,73,149,95,117,161,257,172,145,231,5,2,64,205,18,30,13,7,331,332,157,120,167,223,259,,,211,150,,,92,151,55,171,81,65,63,58,102,168,91,43,166,75,69,39,4,2,26,3,10,352,89,200,,281,,,b'\x11\xe8\xe1I\xcc\xa1\x8f\x06\xaf\x82\x12\xdf\x17\xaeN\x1e'
11E8E149-CCA1-8F06-AF82-12DF17AE4E1E,2023-ncaa-d1-conf-Mountain West,ncaa,2,2,1,2,1,3,2,7,2,3,8,1,4,5,8,4,4,7,1,7,6,8,5,3,3,4,8,6,6,5,3,4,1,3,1,2,1,8,9,5,9,10,2,2,,,5,4,,,5,9,11,2,4,5,11,3,10,6,5,6,9,9,11,10,5,5,4,2,7,10,2,,3,,,5,8,5,6,4,4,8,4,7,4,9,4,7,4,11,4,3,5,3,5,6,7,8,7,6,1,1,1,3,1,1,1,1,9,9,3,6,6,6,7,,,5,4,,,5,5,3,5,4,4,3,5,3,3,5,3,6,4,3,3,1,1,1,1,1,11,4,4,,8,,,b'\x11\xe8\xe1I\xcc\xa1\x8f\x06\xaf\x82\x12\xdf\x17\xaeN\x1e'
11E8E149-CCA1-8F06-AF82-12DF17AE4E1E,2023-ncaa-d1-natl,ncaa,52,74,33,75,40,95,87,153,36,106,217,25,111,124,101,114,170,215,33,217,204,172,199,38,33,38,176,145,249,248,208,51,3,108,32,60,56,101,121,48,281,290,61,74,,,107,119,,,72,176,355,150,167,155,324,174,303,141,169,231,298,300,326,356,309,87,209,90,44,326,75,,37,,,80,165,168,236,94,183,288,56,128,99,252,75,210,100,361,99,53,215,131,80,115,220,155,149,214,10,3,105,208,35,32,13,6,328,336,151,119,137,237,248,,,201,193,,,72,196,52,148,65,43,50,63,88,178,76,45,129,53,49,43,4,3,29,3,8,354,66,191,,311,,,b'\x11\xe8\xe1I\xcc\xa1\x8f\x06\xaf\x82\x12\xdf\x17\xaeN\x1e'
11E8E149-CCA1-8F06-AF82-12DF17AE4E1E,2024-ncaa-d0-natl,ncaa,142,148,94,154,124,155,124,218,30,112,269,11,156,119,225,71,305,327,57,328,308,253,279,35,45,58,261,175,340,345,341,103,8,207,115,86,74,60,144,51,306,294,118,132,,,102,172,,,126,239,351,254,197,138,321,130,320,173,148,330,349,348,340,356,352,105,295,82,44,329,141,,65,,,127,141,169,171,194,189,190,172,147,137,214,156,81,56,324,53,58,133,76,179,180,277,107,176,95,10,8,133,341,56,115,46,17,349,337,242,152,224,76,144,,,251,176,,,126,113,93,218,127,80,109,82,136,133,116,97,69,41,35,42,4,10,81,21,24,355,117,62,,308,,,b'\x11\xe8\xe1I\xcc\xa1\x8f\x06\xaf\x82\x12\xdf\x17\xaeN\x1e'
11E8E149-CCA1-8F06-AF82-12DF17AE4E1E,2024-ncaa-d1-conf-Mountain West,ncaa,5,3,6,4,8,9,6,11,2,5,11,1,10,8,10,2,11,10,9,10,8,11,11,2,2,3,11,7,10,10,9,6,4,10,4,4,2,4,9,3,11,9,5,6,,,3,7,,,3,11,11,7,8,4,11,3,11,9,7,11,10,10,11,11,10,6,9,2,4,10,5,,4,,,2,1,1,2,5,2,5,3,2,2,6,3,3,2,9,2,3,1,1,5,5,5,3,4,5,2,4,2,9,1,4,1,2,10,10,5,6,9,2,5,,,8,4,,,3,1,2,5,3,2,1,3,4,7,2,3,3,3,3,2,1,2,2,2,1,10,6,3,,7,,,b'\x11\xe8\xe1I\xcc\xa1\x8f\x06\xaf\x82\x12\xdf\x17\xaeN\x1e'
11E8E149-CCA1-8F06-AF82-12DF17AE4E1E,2024-ncaa-d1-natl,ncaa,137,150,78,156,114,151,121,231,28,111,267,12,160,137,222,77,310,334,52,334,315,264,298,37,43,53,265,179,343,342,337,100,7,217,111,90,84,58,140,52,318,304,122,138,,,106,190,,,130,255,353,255,211,139,326,132,320,185,168,333,353,352,343,358,352,109,293,90,39,340,143,,73,,,129,128,166,171,190,191,195,172,136,126,212,148,86,53,323,47,59,133,64,180,176,273,106,166,98,8,7,131,337,47,111,35,20,355,343,243,144,224,76,135,,,268,188,,,130,102,95,213,129,71,98,75,138,134,103,87,69,37,32,37,3,6,75,16,24,356,111,55,,315,,,b'\x11\xe8\xe1I\xcc\xa1\x8f\x06\xaf\x82\x12\xdf\x17\xaeN\x1e'
11E8E149-CCA1-8F06-AF82-12DF17AE4E1E,2025-ncaa-d0-natl,genius_ncaa,96,91,90,99,90,135,111,189,34,110,196,42,150,187,67,164,294,282,266,285,295,210,234,39,52,73,256,160,337,281,258,65,29,136,68,44,18,85,143,39,302,296,100,146,,,28,31,,51,93,215,351,24,168,117,295,123,245,167,219,328,312,323,322,345,314,68,190,35,70,329,112,,10,,40,94,102,184,220,130,244,291,88,83,63,180,57,22,28,57,30,14,186,117,101,60,160,22,109,24,71,29,120,258,86,68,47,17,341,345,239,151,192,179,199,,,247,217,,255,93,133,90,140,97,55,123,139,185,272,60,43,14,23,24,85,14,38,52,37,30,359,131,149,,312,,272,b'\x11\xe8\xe1I\xcc\xa1\x8f\x06\xaf\x82\x12\xdf\x17\xaeN\x1e'
11E8E149-CCA1-8F06-AF82-12DF17AE4E1E,2025-ncaa-d1-conf-Mountain West,genius_ncaa,2,2,1,2,1,3,2,9,1,2,5,1,7,9,1,8,11,11,9,11,11,9,9,1,1,3,9,8,11,10,6,1,3,2,1,1,1,10,9,3,7,8,3,6,,,3,1,,5,2,7,11,1,7,3,11,3,8,8,9,11,11,11,11,10,10,2,5,1,7,9,3,,1,,4,2,4,5,10,3,9,11,2,1,1,2,1,2,2,2,2,1,6,4,1,1,2,1,1,2,4,3,2,6,1,1,1,1,11,10,4,11,11,4,4,,,7,6,,4,2,4,3,3,2,1,4,7,7,11,1,1,1,1,2,3,1,2,1,1,1,11,10,4,,10,,4,b'\x11\xe8\xe1I\xcc\xa1\x8f\x06\xaf\x82\x12\xdf\x17\xaeN\x1e'
11E8E149-CCA1-8F06-AF82-12DF17AE4E1E,2025-ncaa-d1-natl,genius_ncaa,78,91,43,93,44,113,79,158,31,70,156,35,135,178,84,173,279,266,257,271,299,177,191,38,54,73,265,172,336,273,269,41,25,105,73,37,26,116,142,42,303,309,77,131,,,43,40,,108,95,160,350,27,176,116,300,112,239,179,223,329,316,323,317,344,318,67,196,37,69,336,105,,12,,76,97,160,234,275,127,287,320,89,107,90,172,62,28,39,87,41,13,244,176,99,56,166,21,108,26,92,25,164,269,138,73,60,14,330,346,235,150,163,187,176,,,222,236,,235,95,192,93,144,100,56,127,160,191,283,60,43,16,20,25,92,14,38,56,39,27,361,96,133,,318,,268,b'\x11\xe8\xe1I\xcc\xa1\x8f\x06\xaf\x82\x12\xdf\x17\xaeN\x1e'
11E8E149-CCA1-8F06-AF82-12DF17AE4E1E,2026-ncaa-d0-natl,genius_ncaa,260,198,279,265,291,332,316,329,199,292,310,185,314,315,271,195,354,359,110,358,357,336,339,213,233,251,318,208,333,357,357,271,60,320,236,238,28,45,246,142,293,194,232,198,,,7,40,,36,232,330,353,97,336,292,339,245,269,292,285,353,358,360,357,361,360,140,308,149,133,240,169,,14,,58,241,22,39,47,186,74,84,164,12,18,93,50,25,13,276,14,39,36,28,138,130,186,20,46,103,23,60,67,357,43,236,18,36,336,294,192,70,254,197,315,,,341,220,,310,232,35,293,162,244,78,131,102,229,245,29,27,64,42,47,61,10,41,206,129,47,333,148,301,,329,,269,b'\x11\xe8\xe1I\xcc\xa1\x8f\x06\xaf\x82\x12\xdf\x17\xaeN\x1e'
11E8E149-CCA1-8F06-AF82-12DF17AE4E1E,2026-ncaa-d1-natl,genius_ncaa,256,195,271,252,286,341,320,346,185,295,328,154,317,307,299,167,361,362,76,362,360,352,354,204,231,240,332,211,342,361,357,261,64,333,220,230,30,49,250,141,320,246,225,194,,,8,42,,40,232,347,351,100,333,283,344,235,273,284,268,360,362,362,356,359,359,109,305,137,137,279,169,,15,,74,235,14,31,37,142,88,93,176,8,21,27,78,24,17,177,18,43,22,15,92,81,140,11,32,99,21,64,75,357,37,220,19,43,344,288,189,70,239,192,305,,,355,267,,245,232,18,281,130,229,60,113,124,220,241,15,53,60,47,51,73,15,63,199,137,48,325,135,276,,344,,216,b'\x11\xe8\xe1I\xcc\xa1\x8f\x06\xaf\x82\x12\xdf\x17\xaeN\x1e'
11E8E149-CCA5-BE50-AF82-12DF17AE4E1E,2010-ncaa-d0-natl,ncaa,6,6,20,6,24,26,15,27,20,23,37,18,64,92,53,176,148,121,227,112,253,35,38,21,33,31,254,168,316,17,12,9,9,12,4,19,117,200,74,32,153,215,15,12,,,105,30,,,16,50,217,84,31,15,75,24,100,102,142,220,205,199,91,135,44,7,8,25,97,237,19,,27,,,15,169,188,315,9,53,199,15,337,341,97,338,48,53,112,50,43,297,270,22,12,41,319,343,36,148,9,119,12,129,4,239,251,183,277,240,278,184,182,103,,,116,282,,,16,293,13,25,13,31,47,237,11,41,312,335,18,23,23,160,93,42,24,15,131,286,201,127,,252,,,b'\x11\xe8\xe1I\xcc\xa5\xbeP\xaf\x82\x12\xdf\x17\xaeN\x1e'
11E8E149-CCA5-BE50-AF82-12DF17AE4E1E,2010-ncaa-d1-conf-Atlantic 10,ncaa,1,1,1,1,2,1,1,1,1,1,3,1,1,3,4,7,4,3,11,1,4,1,2,1,2,2,8,7,11,2,1,1,1,1,1,1,9,12,5,2,7,14,1,1,,,4,1,,,1,1,6,7,1,1,2,1,5,2,5,6,5,3,2,4,2,1,1,1,6,13,1,,1,,,1,6,7,14,1,1,10,1,14,14,4,14,1,2,8,2,1,14,13,1,1,2,14,14,1,7,1,5,1,5,1,10,12,8,12,11,14,7,9,3,,,4,7,,,1,14,1,1,1,1,2,13,1,4,14,14,1,1,1,10,9,3,1,1,7,12,10,6,,6,,,b'\x11\xe8\xe1I\xcc\xa5\xbeP\xaf\x82\x12\xdf\x17\xaeN\x1e'
11E8E149-CCA5-BE50-AF82-12DF17AE4E1E,2010-ncaa-d1-natl,ncaa,6,6,22,6,24,27,16,31,20,24,40,18,68,100,56,178,155,132,228,123,255,38,40,21,33,31,253,167,317,21,12,10,9,12,4,20,120,187,75,33,164,220,15,12,,,88,32,,,16,55,221,84,32,18,77,24,106,101,144,219,207,200,98,139,45,7,9,26,98,239,21,,27,,,15,156,173,313,11,42,179,16,335,341,100,337,41,47,114,45,44,293,261,25,12,44,319,343,36,135,9,104,12,111,4,231,253,204,279,243,266,184,177,108,,,128,279,,,16,287,13,27,13,38,48,240,12,41,313,335,18,23,23,162,94,43,23,16,134,289,204,130,,253,,,b'\x11\xe8\xe1I\xcc\xa5\xbeP\xaf\x82\x12\xdf\x17\xaeN\x1e'
11E8E149-CCA5-BE50-AF82-12DF17AE4E1E,2010-ncaa-d1-ncaatournament,ncaa,5,2,5,5,6,6,4,4,18,5,5,8,9,3,39,32,14,12,33,12,46,5,5,21,24,17,52,42,46,2,2,6,24,5,6,5,29,56,10,10,5,19,9,22,,,58,27,,,9,7,41,9,16,9,9,9,16,36,26,41,39,40,10,16,1,25,5,12,11,17,28,,23,,,10,58,58,59,22,56,57,16,63,61,45,56,58,58,41,58,30,59,58,27,26,28,48,54,22,57,24,57,2,59,6,61,41,8,31,35,56,20,53,18,,,10,45,,,9,57,9,23,10,21,23,28,16,18,52,53,25,20,21,22,21,27,10,12,31,35,21,33,,38,,,b'\x11\xe8\xe1I\xcc\xa5\xbeP\xaf\x82\x12\xdf\x17\xaeN\x1e'
11E8E149-CCA5-BE50-AF82-12DF17AE4E1E,2011-ncaa-d0-natl,ncaa,11,3,77,7,43,37,25,68,9,25,77,6,103,136,86,191,118,90,257,84,155,67,87,15,24,17,273,210,296,89,59,15,9,26,10,21,94,64,26,14,196,212,16,12,,,21,8,,,11,96,300,2,22,16,67,18,105,122,148,143,110,103,60,124,119,6,9,13,38,228,17,,6,,,9,65,106,282,10,60,212,14,253,308,69,305,26,26,152,28,23,244,211,14,10,22,236,323,36,102,9,115,59,90,10,203,292,220,255,236,187,143,138,83,,,174,272,,,11,234,10,19,11,37,61,247,33,143,245,293,16,15,16,169,105,58,56,39,169,269,155,107,,248,,,b'\x11\xe8\xe1I\xcc\xa5\xbeP\xaf\x82\x12\xdf\x17\xaeN\x1e'
11E8E149-CCA5-BE50-AF82-12DF17AE4E1E,2011-ncaa-d1-conf-Atlantic 10,ncaa,1,1,2,1,2,1,1,2,1,1,3,1,4,5,5,8,3,2,12,2,7,2,3,1,1,1,12,9,12,3,3,1,2,2,1,1,4,9,2,1,3,6,2,3,,,1,1,,,1,2,6,5,1,1,3,1,5,7,8,5,3,3,2,3,5,1,1,1,3,6,3,,1,,,1,5,10,13,1,6,12,1,12,14,2,13,1,1,1,1,1,13,12,2,1,2,9,13,1,10,2,11,3,11,1,11,11,5,10,8,11,7,6,4,,,3,12,,,1,12,1,2,2,2,2,13,3,8,11,12,1,1,1,10,8,5,4,4,9,8,7,4,,10,,,b'\x11\xe8\xe1I\xcc\xa5\xbeP\xaf\x82\x12\xdf\x17\xaeN\x1e'
11E8E149-CCA5-BE50-AF82-12DF17AE4E1E,2011-ncaa-d1-natl,ncaa,11,3,95,7,51,39,26,76,9,26,87,6,117,143,90,187,130,105,257,96,157,76,101,15,24,17,273,209,293,100,65,15,9,28,10,23,97,51,26,14,211,220,18,12,,,15,8,,,11,110,300,2,22,16,72,18,106,122,149,143,114,105,62,130,122,6,11,14,38,235,17,,6,,,9,47,90,273,10,47,193,14,247,302,71,304,22,23,157,25,22,224,186,14,10,25,233,322,34,84,9,88,65,67,10,196,293,242,261,244,167,146,130,89,,,193,273,,,11,214,11,21,11,39,61,249,35,149,245,293,16,16,16,171,102,59,54,40,170,279,155,113,,247,,,b'\x11\xe8\xe1I\xcc\xa5\xbeP\xaf\x82\x12\xdf\x17\xaeN\x1e'
11E8E149-CCA5-BE50-AF82-12DF17AE4E1E,2011-ncaa-d1-ncaatournament,ncaa,17,2,17,17,18,19,20,27,9,28,30,13,12,17,14,14,22,21,49,21,10,25,22,6,9,12,13,10,31,24,23,23,5,24,7,20,24,46,45,29,30,33,10,2,,,39,49,,,16,21,25,3,11,18,38,31,52,6,13,22,12,12,27,20,27,30,31,17,52,36,3,,37,,,14,43,41,36,36,35,35,31,47,41,55,43,48,44,51,45,55,36,33,45,54,55,58,49,52,12,5,33,23,32,7,34,26,31,45,43,52,58,28,31,,,22,31,,,16,39,12,45,25,37,20,9,13,10,49,37,51,47,48,15,5,4,11,2,20,52,56,22,,23,,,b'\x11\xe8\xe1I\xcc\xa5\xbeP\xaf\x82\x12\xdf\x17\xaeN\x1e'
11E8E149-CCA5-BE50-AF82-12DF17AE4E1E,2012-ncaa-d0-natl,ncaa,279,260,292,280,296,278,280,328,106,234,313,34,287,225,330,143,179,196,134,196,35,323,322,151,116,173,218,261,49,299,197,166,61,242,78,241,103,130,287,221,342,343,253,258,,,94,252,,,257,318,266,44,228,238,318,178,290,270,184,107,120,123,295,268,268,39,142,181,235,343,233,,198,,,263,104,146,106,222,168,150,204,110,74,233,103,73,106,21,105,123,98,26,203,173,296,78,136,90,54,61,14,197,13,78,190,221,342,343,342,46,161,132,262,,,226,47,,,257,28,192,287,263,231,262,267,281,289,174,141,132,196,198,265,96,128,59,66,264,343,119,193,,127,,,b'\x11\xe8\xe1I\xcc\xa5\xbeP\xaf\x82\x12\xdf\x17\xaeN\x1e'
11E8E149-CCA5-BE50-AF82-12DF17AE4E1E,2012-ncaa-d1-conf-Atlantic 10,ncaa,9,9,8,9,9,10,10,12,6,9,12,1,12,8,14,6,8,5,10,5,2,12,10,9,8,9,10,12,2,8,8,4,5,6,4,10,8,13,12,11,14,14,7,10,,,7,10,,,9,10,8,4,9,10,13,8,12,12,7,6,4,5,12,9,8,2,4,8,11,14,7,,11,,,9,8,11,9,6,8,9,7,9,6,8,6,2,8,1,8,7,9,4,7,6,10,7,10,2,6,5,2,8,4,4,9,7,14,14,14,8,11,8,11,,,7,3,,,9,5,10,8,9,10,11,12,9,11,10,9,3,9,8,12,7,7,1,4,10,14,10,9,,6,,,b'\x11\xe8\xe1I\xcc\xa5\xbeP\xaf\x82\x12\xdf\x17\xaeN\x1e'
11E8E149-CCA5-BE50-AF82-12DF17AE4E1E,2012-ncaa-d1-natl,ncaa,286,260,325,286,328,295,301,337,115,258,323,35,292,239,331,143,192,208,132,212,34,334,330,155,119,176,218,259,45,314,203,189,66,269,84,258,106,111,290,231,343,343,260,258,,,76,254,,,261,331,270,41,236,248,318,188,293,271,184,108,118,121,297,273,273,41,148,195,238,343,233,,199,,,271,88,129,81,225,156,130,207,98,66,237,103,66,99,23,98,124,69,10,207,179,301,76,137,91,40,66,7,203,4,84,179,225,343,343,343,40,165,127,264,,,251,40,,,261,12,202,293,274,236,265,268,285,289,176,143,137,201,199,267,97,135,57,67,268,343,120,200,,125,,,b'\x11\xe8\xe1I\xcc\xa5\xbeP\xaf\x82\x12\xdf\x17\xaeN\x1e'
11E8E149-CCA5-BE50-AF82-12DF17AE4E1E,2013-ncaa-d0-natl,ncaa,196,166,251,196,253,236,253,309,128,247,293,136,202,221,127,155,135,170,63,167,53,301,302,127,91,129,107,167,58,306,259,157,32,246,90,181,71,139,250,160,284,267,260,260,,,31,67,,,160,284,251,22,204,240,305,223,277,182,195,81,123,124,286,269,299,62,192,139,204,278,239,,51,,,160,62,123,123,178,128,143,159,159,134,229,192,16,15,200,18,27,76,41,179,134,209,90,236,28,20,32,37,259,16,90,115,133,312,292,272,243,309,320,340,,,234,103,,,160,69,164,154,158,144,210,219,195,230,206,181,35,28,30,153,83,39,82,50,172,300,289,332,,190,,,b'\x11\xe8\xe1I\xcc\xa5\xbeP\xaf\x82\x12\xdf\x17\xaeN\x1e'
11E8E149-CCA5-BE50-AF82-12DF17AE4E1E,2013-ncaa-d1-conf-Atlantic 10,ncaa,8,7,9,8,9,9,11,14,5,13,16,4,8,9,5,6,3,5,2,5,1,14,13,4,3,5,2,4,2,15,13,7,2,11,6,8,2,12,14,11,10,6,12,12,,,2,4,,,7,11,9,4,8,10,15,12,16,5,9,2,4,4,15,11,15,3,12,6,14,7,12,,3,,,7,7,6,9,10,6,4,10,14,16,10,16,1,1,3,1,4,6,5,11,9,9,11,14,1,1,2,3,13,1,6,9,6,12,9,9,15,15,15,16,,,9,3,,,7,8,7,7,6,10,12,14,5,3,14,16,3,3,4,10,7,2,3,1,8,8,15,14,,6,,,b'\x11\xe8\xe1I\xcc\xa5\xbeP\xaf\x82\x12\xdf\x17\xaeN\x1e'
11E8E149-CCA5-BE50-AF82-12DF17AE4E1E,2013-ncaa-d1-natl,ncaa,201,165,292,202,292,253,271,328,131,266,304,143,208,226,126,154,145,186,61,183,53,316,316,128,93,135,105,165,53,316,264,174,36,275,92,195,72,121,251,167,296,273,271,264,,,25,68,,,168,308,254,18,211,243,307,228,277,181,195,82,122,125,286,271,300,64,196,145,203,283,243,,50,,,168,50,109,93,182,115,117,162,147,124,231,189,15,13,198,13,28,53,23,183,140,216,88,237,29,14,36,27,264,10,92,103,135,323,295,277,227,311,318,340,,,246,102,,,168,45,171,162,166,148,215,219,199,229,207,181,36,28,31,155,86,40,83,51,178,302,287,333,,188,,,b'\x11\xe8\xe1I\xcc\xa5\xbeP\xaf\x82\x12\xdf\x17\xaeN\x1e'
11E8E149-CCA5-BE50-AF82-12DF17AE4E1E,2014-ncaa-d0-natl,ncaa,288,311,131,301,155,277,286,276,278,324,333,195,76,54,239,22,283,276,260,278,70,282,265,209,223,255,38,35,244,341,345,201,133,301,325,262,195,184,267,268,182,183,259,286,,,25,20,,,304,202,238,206,313,319,318,338,338,76,50,305,293,301,323,317,345,228,331,286,176,200,271,,18,,,298,183,282,212,294,280,235,261,230,155,327,164,8,15,52,14,8,158,146,297,241,247,40,231,5,107,133,285,345,235,325,289,237,209,210,291,108,177,298,346,,,284,223,,,304,155,301,230,295,191,283,226,272,247,227,145,6,13,12,136,109,102,284,249,287,227,123,306,,313,,,b'\x11\xe8\xe1I\xcc\xa5\xbeP\xaf\x82\x12\xdf\x17\xaeN\x1e'
11E8E149-CCA5-BE50-AF82-12DF17AE4E1E,2014-ncaa-d1-conf-Big East,ncaa,9,9,7,9,8,10,10,10,10,10,10,9,4,4,5,3,9,9,7,9,3,10,9,6,7,9,1,3,7,10,10,9,9,10,10,10,6,8,9,10,3,3,10,10,,,3,2,,,10,9,7,7,10,10,10,10,10,4,4,9,9,9,10,9,10,8,10,10,8,3,10,,3,,,10,5,8,4,7,7,6,6,5,3,10,3,1,1,4,1,1,2,3,7,6,7,4,6,1,8,9,6,10,7,10,7,8,5,4,8,7,9,9,10,,,9,7,,,10,2,10,8,10,5,9,7,8,9,5,4,1,1,1,5,4,8,7,8,7,4,7,10,,9,,,b'\x11\xe8\xe1I\xcc\xa5\xbeP\xaf\x82\x12\xdf\x17\xaeN\x1e'
11E8E149-CCA5-BE50-AF82-12DF17AE4E1E,2014-ncaa-d1-natl,ncaa,293,310,145,308,180,296,304,299,283,332,336,200,85,63,238,22,294,285,261,288,68,304,296,212,227,260,36,35,242,344,345,229,137,318,326,279,199,167,270,274,197,189,265,289,,,15,19,,,304,238,243,206,314,322,320,340,338,76,51,307,295,301,327,320,345,233,334,289,179,202,272,,17,,,304,164,271,192,295,268,214,270,220,138,329,162,6,10,54,9,8,126,111,300,250,258,38,229,5,94,137,271,345,209,326,282,238,232,219,295,98,178,296,346,,,306,224,,,304,121,305,245,303,197,289,226,276,248,231,144,6,13,12,137,108,103,286,251,290,234,119,311,,313,,,b'\x11\xe8\xe1I\xcc\xa5\xbeP\xaf\x82\x12\xdf\x17\xaeN\x1e'
11E8E149-CCA5-BE50-AF82-12DF17AE4E1E,2015-ncaa-d0-natl,ncaa,116,161,48,146,69,111,126,147,125,131,152,106,167,156,200,174,56,68,110,66,57,128,88,137,114,165,155,202,56,171,194,118,257,131,201,117,132,323,274,216,101,125,228,289,,,99,29,,,204,77,204,257,190,226,289,197,253,194,200,87,102,100,260,230,240,220,254,161,249,130,262,,34,,,201,295,322,306,241,327,320,226,161,160,158,95,104,95,202,97,35,297,285,208,172,192,23,91,38,300,257,193,194,259,201,214,70,151,226,194,338,314,325,323,,,123,204,,,204,270,177,216,206,179,272,260,304,306,108,98,62,51,61,204,157,241,89,136,145,226,301,305,,233,,,b'\x11\xe8\xe1I\xcc\xa5\xbeP\xaf\x82\x12\xdf\x17\xaeN\x1e'
11E8E149-CCA5-BE50-AF82-12DF17AE4E1E,2015-ncaa-d1-conf-Big East,ncaa,7,7,5,7,6,7,10,9,7,9,8,7,6,5,6,6,2,4,3,4,1,8,6,7,6,7,4,6,1,8,6,7,8,7,6,5,4,10,10,8,5,5,10,10,,,4,3,,,7,6,6,8,9,10,10,9,9,6,6,2,3,2,9,7,8,8,9,5,8,6,10,,4,,,7,6,8,8,5,8,7,5,3,4,2,4,6,5,10,6,4,8,7,4,5,6,3,3,7,8,8,2,6,5,6,4,3,7,7,6,10,10,10,10,,,4,3,,,7,5,7,7,7,7,7,8,8,8,3,4,6,6,6,7,5,8,1,4,5,7,10,10,,4,,,b'\x11\xe8\xe1I\xcc\xa5\xbeP\xaf\x82\x12\xdf\x17\xaeN\x1e'
11E8E149-CCA5-BE50-AF82-12DF17AE4E1E,2015-ncaa-d1-natl,ncaa,129,160,55,157,85,136,159,183,130,151,179,111,176,167,202,175,67,79,113,78,58,158,112,144,124,175,152,199,52,204,201,146,265,162,210,134,135,306,279,223,114,135,241,292,,,71,31,,,218,96,212,254,202,233,294,211,258,196,200,89,103,101,267,234,246,226,263,167,249,139,267,,34,,,216,280,316,300,254,323,317,234,143,145,169,90,90,84,207,85,35,280,267,219,179,205,22,89,39,286,265,173,201,236,210,200,71,174,235,203,335,316,322,324,,,143,198,,,218,249,192,237,221,193,276,259,307,307,107,95,63,56,61,206,156,250,90,142,149,234,305,311,,233,,,b'\x11\xe8\xe1I\xcc\xa5\xbeP\xaf\x82\x12\xdf\x17\xaeN\x1e'
11E8E149-CCA5-BE50-AF82-12DF17AE4E1E,2016-ncaa-d0-natl,ncaa,136,111,175,133,209,223,233,276,176,177,176,182,322,307,300,298,88,108,90,105,84,252,269,241,186,173,253,319,20,243,197,139,116,180,120,206,116,62,140,137,192,156,240,250,,,5,8,,,165,280,290,198,240,259,297,164,159,318,313,54,67,65,263,300,234,93,164,207,80,181,237,,7,,,166,73,156,189,135,170,216,118,129,128,171,151,6,6,175,7,8,126,81,120,70,138,47,189,12,135,116,95,197,94,120,200,240,280,260,277,150,227,318,312,,,175,72,,,165,78,177,138,161,92,190,223,206,253,143,146,9,7,7,138,69,152,112,118,215,288,181,327,,160,,,b'\x11\xe8\xe1I\xcc\xa5\xbeP\xaf\x82\x12\xdf\x17\xaeN\x1e'
11E8E149-CCA5-BE50-AF82-12DF17AE4E1E,2016-ncaa-d1-conf-Big East,ncaa,8,7,6,8,6,9,10,10,6,7,7,6,10,9,10,8,1,2,4,2,1,9,9,9,7,7,7,8,1,8,8,8,7,8,7,10,5,4,8,8,6,3,9,8,,,2,1,,,8,9,8,1,8,9,10,6,7,9,9,1,1,1,7,8,7,7,8,10,6,5,8,,2,,,8,3,4,4,6,3,3,7,5,5,6,6,1,2,7,2,2,2,2,7,6,5,4,7,1,4,7,2,8,4,7,5,7,7,7,6,5,8,9,10,,,4,1,,,8,2,8,6,8,6,6,7,4,6,5,6,1,2,2,5,3,7,6,7,6,7,7,9,,2,,,b'\x11\xe8\xe1I\xcc\xa5\xbeP\xaf\x82\x12\xdf\x17\xaeN\x1e'
11E8E149-CCA5-BE50-AF82-12DF17AE4E1E,2016-ncaa-d1-natl,ncaa,153,111,218,144,260,255,273,311,188,207,210,192,325,320,304,296,101,125,89,125,82,289,308,250,193,180,253,319,16,261,211,166,121,217,130,227,122,43,144,146,219,170,253,257,,,4,9,,,181,315,294,181,248,268,306,173,163,320,314,55,67,66,270,305,240,100,173,211,82,194,243,,7,,,182,48,133,158,149,156,188,128,112,100,179,149,5,4,184,4,9,85,44,133,81,151,42,189,12,112,121,70,211,59,130,183,238,304,270,282,125,234,313,317,,,210,69,,,181,42,183,158,176,100,200,224,214,253,147,146,9,8,8,139,67,154,117,123,223,293,185,327,,162,,,b'\x11\xe8\xe1I\xcc\xa5\xbeP\xaf\x82\x12\xdf\x17\xaeN\x1e'
11E8E149-CCA5-BE50-AF82-12DF17AE4E1E,2017-ncaa-d0-natl,ncaa,217,229,168,225,172,211,198,230,135,179,193,156,205,227,127,208,230,200,268,200,194,227,255,143,160,155,221,190,221,300,310,89,71,181,185,194,179,74,135,131,279,278,151,190,,,28,39,,,209,227,256,25,215,203,246,172,189,195,229,231,204,203,241,284,305,39,162,191,88,284,133,,36,,,207,134,186,237,107,210,259,101,119,138,119,126,66,45,292,43,28,200,132,90,77,194,58,130,77,112,71,209,310,180,185,171,168,332,332,315,172,219,307,312,,,272,248,,,209,134,192,185,203,162,217,292,244,313,131,153,79,60,57,247,121,134,224,199,183,335,174,314,,297,,,b'\x11\xe8\xe1I\xcc\xa5\xbeP\xaf\x82\x12\xdf\x17\xaeN\x1e'
11E8E149-CCA5-BE50-AF82-12DF17AE4E1E,2017-ncaa-d1-conf-Big East,ncaa,8,7,7,8,7,9,8,8,7,6,6,7,9,9,8,8,6,5,7,5,4,9,8,8,8,9,8,8,2,8,8,5,9,6,7,7,5,6,8,8,7,6,8,8,,,2,3,,,8,6,6,1,8,7,7,5,5,9,9,4,4,4,7,6,8,4,6,6,8,5,8,,4,,,8,6,8,7,6,7,6,6,5,6,4,5,4,4,8,4,3,6,6,5,5,6,3,5,4,9,9,5,8,8,7,7,8,7,8,9,8,8,8,9,,,8,6,,,8,5,9,6,8,7,8,9,9,7,5,6,5,4,4,9,7,9,8,8,7,7,8,9,,8,,,b'\x11\xe8\xe1I\xcc\xa5\xbeP\xaf\x82\x12\xdf\x17\xaeN\x1e'
11E8E149-CCA5-BE50-AF82-12DF17AE4E1E,2017-ncaa-d1-natl,ncaa,236,229,217,237,222,246,231,282,138,209,225,169,218,249,134,207,261,232,265,232,200,281,304,152,170,165,217,189,215,316,315,108,75,219,196,213,181,53,140,137,298,285,170,200,,,18,41,,,222,285,262,21,223,214,254,182,194,196,228,235,211,211,254,287,306,42,173,197,91,289,143,,39,,,222,104,158,201,115,188,241,107,100,111,123,122,52,32,295,30,29,156,68,98,81,199,58,129,75,86,75,178,315,136,196,147,171,343,334,318,146,225,301,314,,,305,248,,,222,77,203,198,217,171,223,293,255,314,132,154,80,63,62,250,117,137,230,206,192,338,178,318,,299,,,b'\x11\xe8\xe1I\xcc\xa5\xbeP\xaf\x82\x12\xdf\x17\xaeN\x1e'
11E8E149-CCA5-BE50-AF82-12DF17AE4E1E,2018-ncaa-d0-natl,ncaa,245,263,164,255,185,262,276,309,184,327,343,71,83,53,211,13,277,263,281,267,26,312,314,117,134,176,28,32,229,331,333,230,129,304,265,212,109,142,266,214,273,256,322,330,,,11,31,,,270,284,316,117,293,300,336,336,344,73,47,289,264,269,333,338,333,223,325,229,171,272,323,,20,,,270,159,221,156,296,207,156,258,229,161,313,218,15,10,303,10,23,100,58,301,267,310,115,250,17,75,129,163,333,111,265,278,285,311,283,330,169,268,123,313,,,283,182,,,270,71,238,295,272,185,249,174,227,176,251,181,22,14,13,99,41,92,186,140,293,310,183,140,,289,,,b'\x11\xe8\xe1I\xcc\xa5\xbeP\xaf\x82\x12\xdf\x17\xaeN\x1e'
11E8E149-CCA5-BE50-AF82-12DF17AE4E1E,2018-ncaa-d1-conf-Big East,ncaa,9,9,7,9,9,10,10,10,10,10,10,5,5,5,9,3,7,6,10,6,1,10,9,9,7,9,3,4,2,8,9,10,9,9,9,9,4,7,9,9,7,7,10,10,,,2,3,,,9,9,8,4,10,10,10,10,10,4,3,7,5,5,10,9,8,9,9,9,8,7,10,,2,,,9,5,8,5,10,7,6,9,5,5,10,6,3,1,3,2,5,4,3,10,9,10,5,6,3,5,9,4,9,4,9,9,8,8,8,9,6,8,7,10,,,8,1,,,9,2,9,10,9,8,9,7,7,6,7,5,4,4,5,4,4,8,7,8,10,8,7,9,,5,,,b'\x11\xe8\xe1I\xcc\xa5\xbeP\xaf\x82\x12\xdf\x17\xaeN\x1e'
11E8E149-CCA5-BE50-AF82-12DF17AE4E1E,2018-ncaa-d1-natl,ncaa,262,263,213,263,241,297,302,334,200,340,348,82,89,62,213,14,294,279,279,285,27,335,341,124,138,190,27,30,223,336,334,265,143,325,279,247,109,119,270,224,288,264,328,332,,,7,33,,,282,332,318,99,299,305,340,343,345,74,49,291,263,271,337,339,334,232,326,242,171,281,325,,20,,,281,130,200,112,303,185,122,269,218,139,318,213,13,6,304,7,23,59,19,312,285,316,111,249,17,54,143,128,334,82,279,269,286,326,291,333,151,271,110,316,,,302,183,,,282,22,245,303,285,195,260,176,238,181,255,182,23,14,14,104,38,95,191,146,299,316,187,145,,290,,,b'\x11\xe8\xe1I\xcc\xa5\xbeP\xaf\x82\x12\xdf\x17\xaeN\x1e'
11E8E149-CCA5-BE50-AF82-12DF17AE4E1E,2019-ncaa-d0-natl,ncaa,236,245,173,242,177,221,224,213,242,307,328,142,49,30,195,8,312,285,304,284,106,228,264,152,194,180,28,15,314,320,335,198,197,276,325,210,176,61,124,150,173,157,221,215,,,58,60,,,238,211,245,22,224,232,202,322,338,42,15,317,295,291,231,278,324,194,300,213,94,168,220,,65,,,237,179,181,168,207,152,136,211,232,228,215,259,116,77,332,76,114,142,133,228,226,224,207,261,117,179,197,308,335,285,325,279,315,206,183,273,177,224,153,277,,,283,258,,,238,130,232,237,241,203,221,188,174,141,263,247,140,93,96,155,158,197,325,307,295,190,188,169,,294,,,b'\x11\xe8\xe1I\xcc\xa5\xbeP\xaf\x82\x12\xdf\x17\xaeN\x1e'
11E8E149-CCA5-BE50-AF82-12DF17AE4E1E,2019-ncaa-d1-conf-Big East,ncaa,10,10,7,10,9,10,10,8,10,10,8,9,5,3,10,4,9,9,9,9,7,8,9,9,10,10,4,3,9,8,9,8,9,9,10,10,9,4,7,10,7,7,8,8,,,2,2,,,10,9,5,4,10,10,7,10,8,5,3,9,9,9,7,7,7,6,9,10,5,7,8,,3,,,10,7,5,5,7,4,4,7,6,5,9,5,3,3,8,3,3,3,3,8,8,8,7,7,2,9,9,9,9,9,10,10,10,8,8,9,7,9,7,9,,,9,9,,,10,2,10,10,10,8,8,7,7,5,8,5,4,4,4,6,6,9,10,10,10,8,8,8,,9,,,b'\x11\xe8\xe1I\xcc\xa5\xbeP\xaf\x82\x12\xdf\x17\xaeN\x1e'
11E8E149-CCA5-BE50-AF82-12DF17AE4E1E,2019-ncaa-d1-natl,ncaa,252,245,233,254,235,257,263,260,253,323,344,152,65,42,201,8,325,300,304,293,103,275,310,167,205,187,27,16,312,332,335,239,208,309,328,243,176,44,128,159,204,165,239,221,,,42,62,,,253,266,254,20,239,247,213,325,340,47,15,318,293,289,242,291,330,204,305,225,98,179,222,,68,,,253,139,152,113,220,128,101,226,221,203,232,259,99,67,333,66,115,92,82,243,240,241,206,261,117,148,208,293,335,255,328,263,316,242,198,279,147,226,140,283,,,303,258,,,253,74,240,251,257,213,236,194,192,145,264,249,146,95,99,161,157,206,328,310,302,205,191,174,,293,,,b'\x11\xe8\xe1I\xcc\xa5\xbeP\xaf\x82\x12\xdf\x17\xaeN\x1e'
11E8E149-CCA5-BE50-AF82-12DF17AE4E1E,2020-ncaa-d0-natl,ncaa,333,344,87,341,123,227,236,138,312,253,130,340,149,167,114,185,214,155,283,147,176,142,115,298,306,288,108,125,156,96,173,191,226,141,239,180,118,241,198,223,167,188,175,165,,,275,253,,,311,143,156,134,257,270,150,281,151,159,181,229,167,162,156,125,114,212,155,207,219,179,187,,255,,,305,300,277,211,284,214,136,291,308,297,286,273,283,308,70,309,308,246,226,304,300,305,289,267,224,241,226,311,173,302,239,335,336,187,222,318,253,230,335,328,,,227,279,,,311,209,279,298,305,289,267,186,191,90,308,287,263,290,294,235,212,221,299,274,332,213,239,334,,242,,,b'\x11\xe8\xe1I\xcc\xa5\xbeP\xaf\x82\x12\xdf\x17\xaeN\x1e'
11E8E149-CCA5-BE50-AF82-12DF17AE4E1E,2020-ncaa-d1-conf-Big East,ncaa,9,9,7,9,7,8,9,7,9,6,4,9,8,7,8,8,6,5,10,5,4,5,5,10,9,10,7,8,2,4,4,8,9,5,5,8,8,7,7,8,4,4,6,4,,,10,10,,,8,7,5,3,8,8,5,6,2,8,7,5,3,3,4,4,4,5,3,7,7,4,6,,10,,,8,7,4,4,6,5,4,7,6,6,4,6,10,10,1,10,10,5,4,6,6,7,6,6,10,8,9,5,4,6,5,8,9,6,6,8,8,8,10,10,,,8,7,,,8,4,8,9,8,10,8,4,7,5,6,6,10,10,10,10,9,9,7,9,8,5,10,10,,7,,,b'\x11\xe8\xe1I\xcc\xa5\xbeP\xaf\x82\x12\xdf\x17\xaeN\x1e'
11E8E149-CCA5-BE50-AF82-12DF17AE4E1E,2020-ncaa-d1-natl,ncaa,341,344,128,344,185,257,271,172,319,292,160,340,160,179,121,186,233,185,284,173,176,179,154,306,313,294,106,125,150,120,184,222,230,179,246,215,122,225,205,230,197,201,190,166,,,258,259,,,319,183,157,127,271,281,160,291,159,164,182,228,173,168,165,131,119,218,170,217,223,196,188,,258,,,318,282,259,177,295,195,103,295,307,288,294,272,267,300,71,302,309,206,183,311,305,310,289,266,223,217,230,294,184,283,246,334,336,214,235,322,241,233,333,328,,,252,273,,,319,169,287,306,314,295,273,188,200,96,312,289,265,297,299,239,211,223,304,281,335,220,241,334,,239,,,b'\x11\xe8\xe1I\xcc\xa5\xbeP\xaf\x82\x12\xdf\x17\xaeN\x1e'
11E8E149-CCA5-BE50-AF82-12DF17AE4E1E,2021-ncaa-d0-natl,ncaa,265,143,304,243,309,300,299,298,246,278,274,238,322,317,323,300,271,284,120,285,239,299,296,273,263,278,302,322,75,257,70,315,258,308,200,275,58,74,284,223,207,46,212,92,,,67,299,,,284,301,29,224,200,182,103,89,41,315,282,110,131,135,106,30,62,307,212,100,312,30,98,,313,,,304,66,65,33,332,75,39,327,62,40,319,113,100,82,248,80,281,37,41,333,337,302,167,126,246,32,258,35,70,32,200,126,325,251,59,224,110,293,177,293,,,300,237,,,284,43,266,290,298,315,298,144,295,181,206,115,315,295,297,191,285,171,176,170,332,35,319,329,,143,,,b'\x11\xe8\xe1I\xcc\xa5\xbeP\xaf\x82\x12\xdf\x17\xaeN\x1e'
11E8E149-CCA5-BE50-AF82-12DF17AE4E1E,2021-ncaa-d1-conf-Big East,ncaa,10,7,11,9,11,11,11,11,10,11,11,10,11,11,10,10,11,11,4,11,8,11,11,10,10,10,6,9,2,10,5,11,9,11,8,11,6,1,10,9,11,4,11,7,,,1,11,,,9,11,2,8,8,9,6,7,3,9,9,4,5,5,6,2,4,11,8,8,11,3,8,,11,,,10,1,1,1,11,1,1,11,2,1,11,5,2,2,4,2,10,1,1,11,11,10,7,7,9,1,9,1,5,1,8,1,10,11,3,5,3,10,3,9,,,11,7,,,9,1,10,10,10,9,9,2,8,5,8,4,10,10,10,6,9,5,8,7,10,4,11,11,,3,,,b'\x11\xe8\xe1I\xcc\xa5\xbeP\xaf\x82\x12\xdf\x17\xaeN\x1e'
11E8E149-CCA5-BE50-AF82-12DF17AE4E1E,2021-ncaa-d1-natl,ncaa,277,143,307,251,312,305,303,303,251,285,283,247,323,318,325,302,280,292,120,293,238,302,301,280,270,281,301,320,74,270,72,318,267,311,205,284,59,70,290,229,225,52,223,94,,,59,301,,,290,305,33,225,210,186,108,92,42,316,283,112,136,140,111,32,66,307,222,105,313,35,100,,314,,,309,61,62,32,332,68,36,327,58,35,325,111,92,76,250,74,283,35,36,333,337,307,163,122,250,31,267,31,72,29,205,119,325,264,60,233,102,297,171,296,,,305,236,,,290,39,273,296,305,317,299,147,299,186,210,112,317,298,299,192,282,175,184,174,333,40,322,329,,143,,,b'\x11\xe8\xe1I\xcc\xa5\xbeP\xaf\x82\x12\xdf\x17\xaeN\x1e'
11E8E149-CCA5-BE50-AF82-12DF17AE4E1E,2022-ncaa-d0-natl,ncaa,268,303,112,285,132,165,149,130,193,50,21,248,351,349,325,351,76,103,69,108,290,121,110,285,253,245,349,355,53,121,176,170,301,152,253,150,169,247,197,185,157,217,178,183,,,228,126,,,320,110,89,183,206,167,147,37,10,354,351,76,114,122,134,108,131,213,178,165,219,180,187,,196,,,310,328,316,276,293,234,185,263,353,335,345,322,225,251,111,255,245,279,266,326,315,321,319,339,94,327,301,252,176,298,253,350,349,156,232,333,326,298,348,299,,,152,220,,,320,253,237,332,304,328,319,289,208,142,351,336,203,229,238,296,295,307,240,280,350,187,306,352,,184,,,b'\x11\xe8\xe1I\xcc\xa5\xbeP\xaf\x82\x12\xdf\x17\xaeN\x1e'
11E8E149-CCA5-BE50-AF82-12DF17AE4E1E,2022-ncaa-d1-conf-Big East,ncaa,10,10,4,10,8,8,8,7,9,5,3,11,11,10,9,10,1,1,5,1,6,7,5,11,11,9,10,11,1,4,7,10,11,9,11,8,7,8,8,8,7,7,10,9,,,9,8,,,10,7,4,7,8,8,7,5,3,11,10,1,1,1,7,3,4,11,9,8,8,7,10,,9,,,10,9,8,7,8,4,3,8,11,11,11,11,9,11,1,11,11,7,7,9,9,9,11,11,7,11,11,9,7,10,11,11,11,4,7,9,8,8,11,8,,,3,3,,,10,6,8,9,10,8,8,6,4,2,11,10,9,11,11,7,8,11,9,11,10,4,8,11,,1,,,b'\x11\xe8\xe1I\xcc\xa5\xbeP\xaf\x82\x12\xdf\x17\xaeN\x1e'
11E8E149-CCA5-BE50-AF82-12DF17AE4E1E,2022-ncaa-d1-natl,ncaa,283,303,146,297,176,203,187,159,207,63,23,263,354,353,330,352,87,126,71,129,289,159,145,297,270,255,350,355,50,152,189,210,313,188,273,177,174,226,202,196,188,231,190,185,,,200,127,,,327,143,91,175,222,187,158,40,11,355,353,80,115,125,148,114,148,223,198,177,225,193,193,,201,,,322,326,311,260,302,213,142,277,351,326,346,320,204,229,118,237,246,266,245,338,323,333,317,339,93,317,313,231,189,280,273,349,350,198,243,335,316,307,348,313,,,179,222,,,327,223,249,340,318,335,329,292,220,144,351,337,212,236,243,301,292,310,246,287,350,200,310,352,,184,,,b'\x11\xe8\xe1I\xcc\xa5\xbeP\xaf\x82\x12\xdf\x17\xaeN\x1e'
11E8E149-CCA5-BE50-AF82-12DF17AE4E1E,2023-ncaa-d0-natl,ncaa,312,328,164,321,222,303,269,218,295,229,121,332,281,319,147,309,337,321,325,321,351,249,218,301,321,329,293,228,307,225,251,278,271,267,300,156,32,274,302,222,142,121,104,76,,,206,247,,,328,217,200,291,335,293,248,240,95,281,318,345,331,332,279,233,219,310,295,153,285,122,86,,233,,,324,189,186,119,257,165,116,248,182,161,228,190,212,218,170,215,253,129,142,265,265,237,215,192,209,185,271,249,251,238,300,331,355,160,120,293,244,265,349,344,,,320,337,,,328,143,334,241,323,213,205,112,180,106,199,169,226,228,229,130,150,212,271,270,336,142,253,358,,339,,,b'\x11\xe8\xe1I\xcc\xa5\xbeP\xaf\x82\x12\xdf\x17\xaeN\x1e'
11E8E149-CCA5-BE50-AF82-12DF17AE4E1E,2023-ncaa-d1-conf-Big East,ncaa,11,11,8,11,8,11,11,9,11,10,8,11,11,10,10,8,11,11,9,10,10,10,9,11,11,11,6,6,7,7,8,11,11,10,11,9,5,11,11,11,5,5,7,6,,,10,10,,,11,9,7,3,11,11,9,10,7,11,10,11,10,10,10,8,7,11,10,9,11,5,6,,10,,,11,9,7,1,10,5,2,10,7,6,6,8,8,8,9,8,10,2,5,10,10,8,8,7,9,6,11,8,8,8,11,9,11,6,3,9,10,11,11,10,,,11,10,,,11,3,11,10,11,9,7,5,6,2,7,7,9,9,9,6,7,9,9,10,11,3,11,11,,11,,,b'\x11\xe8\xe1I\xcc\xa5\xbeP\xaf\x82\x12\xdf\x17\xaeN\x1e'
11E8E149-CCA5-BE50-AF82-12DF17AE4E1E,2023-ncaa-d1-natl,ncaa,322,328,219,330,293,329,302,288,305,269,152,337,295,329,148,310,345,332,324,334,351,300,284,308,332,336,291,229,305,259,269,315,275,312,314,195,33,250,309,234,179,138,111,77,,,175,263,,,335,280,207,291,339,306,264,252,104,290,321,347,331,332,290,245,228,314,305,160,290,142,91,,237,,,335,160,142,70,269,138,81,262,170,138,241,191,196,195,168,192,256,88,87,279,281,261,216,192,211,159,275,219,269,207,314,323,355,191,134,308,224,274,348,345,,,339,337,,,335,83,339,269,333,224,213,114,189,108,213,170,235,230,233,137,152,215,275,277,339,151,258,358,,340,,,b'\x11\xe8\xe1I\xcc\xa5\xbeP\xaf\x82\x12\xdf\x17\xaeN\x1e'
11E8E149-CCA5-BE50-AF82-12DF17AE4E1E,2024-ncaa-d0-natl,ncaa,359,356,298,359,309,357,353,349,327,357,355,298,199,169,258,30,359,359,299,359,333,357,347,285,316,342,68,29,349,355,354,355,355,359,360,311,144,283,355,334,285,248,350,343,,,65,159,,,356,329,259,164,355,355,345,358,349,152,95,360,360,360,357,329,351,356,360,311,337,243,346,,162,,,358,206,207,81,346,163,47,349,262,186,316,293,153,93,353,93,203,69,56,354,353,350,239,265,128,229,355,96,354,143,360,342,360,273,203,349,301,352,334,360,,,349,291,,,356,35,352,354,358,327,323,203,290,112,328,283,223,173,174,197,183,308,246,291,357,201,338,353,,329,,,b'\x11\xe8\xe1I\xcc\xa5\xbeP\xaf\x82\x12\xdf\x17\xaeN\x1e'
11E8E149-CCA5-BE50-AF82-12DF17AE4E1E,2024-ncaa-d1-conf-Big East,ncaa,11,11,7,11,10,11,11,11,11,11,11,11,5,5,7,2,11,11,8,11,10,11,9,11,11,11,3,2,9,11,11,11,11,11,11,11,10,10,11,11,5,6,11,11,,,7,7,,,11,8,4,7,11,11,10,11,11,5,5,11,11,11,11,9,11,11,11,11,10,5,11,,9,,,11,11,11,7,11,11,3,11,10,8,10,8,10,10,11,10,10,7,7,11,11,11,8,9,7,11,11,9,11,11,11,11,11,7,8,11,11,11,11,11,,,10,9,,,11,4,11,11,11,11,11,10,11,4,11,8,10,10,10,11,10,11,10,11,11,6,11,11,,10,,,b'\x11\xe8\xe1I\xcc\xa5\xbeP\xaf\x82\x12\xdf\x17\xaeN\x1e'
11E8E149-CCA5-BE50-AF82-12DF17AE4E1E,2024-ncaa-d1-natl,ncaa,361,357,348,362,352,361,358,357,337,360,361,314,221,197,267,29,361,361,300,361,336,360,358,301,330,349,66,29,350,359,356,361,357,362,362,340,149,259,359,341,311,261,354,346,,,46,167,,,358,355,268,158,358,358,349,361,353,159,100,362,362,362,359,333,353,358,362,323,341,260,348,,165,,,360,176,184,41,355,141,27,357,246,158,324,292,140,80,356,80,209,31,16,358,355,357,238,265,130,213,357,65,356,110,362,341,361,305,217,352,287,355,332,362,,,355,292,,,358,8,357,359,361,335,328,208,302,120,331,288,227,177,178,204,179,313,256,298,361,216,343,356,,333,,,b'\x11\xe8\xe1I\xcc\xa5\xbeP\xaf\x82\x12\xdf\x17\xaeN\x1e'
11E8E149-CCA5-BE50-AF82-12DF17AE4E1E,2025-ncaa-d0-natl,genius_ncaa,312,332,135,323,192,333,312,346,199,333,351,147,180,171,194,39,358,355,334,355,289,349,311,155,203,324,102,40,348,360,359,303,326,356,357,190,27,354,359,307,166,152,244,202,,,250,302,,204,326,231,300,352,354,349,362,352,361,187,170,361,358,358,362,355,361,353,362,202,347,175,252,,249,,202,319,127,111,92,191,75,72,198,206,189,231,250,208,179,307,173,259,90,145,220,240,166,283,252,252,237,326,136,359,183,357,292,357,100,66,192,359,362,235,352,,,273,164,,11,326,125,350,196,324,109,84,40,70,41,198,168,201,170,163,46,74,237,115,159,286,95,357,244,,306,,10,b'\x11\xe8\xe1I\xcc\xa5\xbeP\xaf\x82\x12\xdf\x17\xaeN\x1e'
11E8E149-CCA5-BE50-AF82-12DF17AE4E1E,2025-ncaa-d1-conf-Big East,genius_ncaa,11,11,3,11,7,11,11,11,9,11,11,8,6,6,5,2,11,11,11,11,8,11,10,6,10,11,2,2,9,11,11,11,11,11,11,8,3,11,11,11,8,7,8,7,,,10,11,,6,11,7,9,11,11,11,11,11,11,7,6,11,11,11,11,11,11,11,11,8,11,7,8,,9,,6,11,7,5,3,6,6,6,6,4,5,6,4,10,10,9,10,9,5,7,5,6,6,6,4,10,11,11,5,11,8,11,9,11,3,4,5,11,11,10,11,,,9,7,,1,11,4,11,7,11,7,4,3,4,4,4,4,10,10,10,4,6,11,5,8,9,3,11,10,,9,,1,b'\x11\xe8\xe1I\xcc\xa5\xbeP\xaf\x82\x12\xdf\x17\xaeN\x1e'
11E8E149-CCA5-BE50-AF82-12DF17AE4E1E,2025-ncaa-d1-natl,genius_ncaa,319,332,172,326,242,346,333,355,207,343,356,154,198,195,196,39,358,355,333,355,285,356,337,166,206,328,100,42,346,361,359,332,328,361,358,217,27,347,359,315,191,165,259,215,,,224,307,,191,331,279,304,352,356,350,362,355,362,191,174,361,358,358,362,356,362,355,362,214,348,190,259,,250,,208,326,100,78,64,207,56,47,213,189,163,236,247,197,161,309,155,261,60,98,233,256,182,284,253,256,217,328,103,359,151,358,279,357,120,76,201,358,362,222,354,,,298,155,,15,331,79,350,212,335,121,96,47,76,42,205,162,211,179,174,48,74,243,122,165,291,105,358,251,,306,,10,b'\x11\xe8\xe1I\xcc\xa5\xbeP\xaf\x82\x12\xdf\x17\xaeN\x1e'
11E8E149-CCA5-BE50-AF82-12DF17AE4E1E,2026-ncaa-d0-natl,genius_ncaa,55,80,49,81,73,128,132,108,195,124,162,112,124,65,305,77,114,149,37,144,160,117,105,196,181,190,166,171,151,144,227,80,246,96,209,84,51,276,200,140,252,323,56,41,,,304,233,,312,191,96,258,97,216,222,232,203,289,199,102,176,253,239,247,268,233,118,152,112,179,325,65,,216,,288,190,263,242,297,58,147,201,81,342,343,164,344,226,253,93,250,236,297,286,104,96,127,346,342,157,334,246,293,227,320,209,320,347,140,229,268,278,217,20,25,,,59,71,,1,191,259,198,173,193,136,102,220,42,50,318,341,142,162,156,210,167,296,185,248,267,237,190,12,,105,,2,b'\x11\xe8\xe1I\xcc\xa5\xbeP\xaf\x82\x12\xdf\x17\xaeN\x1e'
11E8E149-CCA5-BE50-AF82-12DF17AE4E1E,2026-ncaa-d1-conf-Big East,genius_ncaa,3,6,1,6,1,6,6,5,10,9,7,11,3,4,5,3,4,4,3,4,5,5,5,7,7,10,2,4,2,3,7,4,10,3,9,5,5,10,10,9,9,11,2,5,,,7,2,,3,10,5,8,1,10,10,9,10,10,5,6,6,6,6,9,8,6,7,6,8,9,11,4,,4,,3,10,10,9,11,7,7,9,4,11,11,9,8,8,7,7,6,2,11,9,7,7,9,9,10,2,11,10,8,7,10,9,9,9,8,11,11,10,10,5,6,,,3,8,,1,10,7,10,10,10,9,8,11,4,7,11,11,5,5,4,10,7,10,5,9,9,11,10,3,,6,,3,b'\x11\xe8\xe1I\xcc\xa5\xbeP\xaf\x82\x12\xdf\x17\xaeN\x1e'
11E8E149-CCA5-BE50-AF82-12DF17AE4E1E,2026-ncaa-d1-natl,genius_ncaa,74,80,85,97,117,190,197,172,226,184,228,140,171,92,315,78,147,206,31,197,156,178,162,226,213,222,148,168,130,211,261,111,264,143,253,120,55,228,221,164,315,346,70,45,,,269,250,,301,230,154,272,100,252,254,266,248,304,212,111,193,261,252,280,288,270,132,186,146,191,347,70,,229,,294,230,227,197,256,80,107,148,102,334,339,195,344,193,213,109,207,248,253,235,139,122,175,346,344,152,324,264,251,261,293,253,307,349,206,262,301,231,235,13,28,,,85,62,,1,230,201,236,217,231,169,133,231,56,56,329,343,152,168,162,224,160,307,201,270,297,265,198,9,,111,,2,b'\x11\xe8\xe1I\xcc\xa5\xbeP\xaf\x82\x12\xdf\x17\xaeN\x1e'
11E8E149-CCAA-0C30-AF82-12DF17AE4E1E,2010-ncaa-d0-natl,ncaa,197,145,288,192,295,260,277,282,255,242,248,222,271,248,300,210,116,109,152,110,44,260,228,274,235,260,147,248,17,210,176,251,57,240,140,187,35,244,283,226,212,182,145,146,,,86,149,,,190,235,52,97,211,248,190,204,180,246,199,40,41,41,138,63,139,161,141,122,307,154,110,,180,,,192,52,81,45,260,185,184,177,19,4,321,4,118,106,229,107,106,44,81,207,215,117,28,18,199,16,57,114,176,47,140,80,141,99,29,55,307,318,245,286,,,80,21,,,190,119,258,68,190,175,211,124,287,311,27,9,190,180,178,133,246,38,254,172,179,23,325,289,,12,,,b'\x11\xe8\xe1I\xcc\xaa\x0c0\xaf\x82\x12\xdf\x17\xaeN\x1e'
11E8E149-CCAA-0C30-AF82-12DF17AE4E1E,2010-ncaa-d1-conf-Ivy League,ncaa,4,4,1,4,2,4,4,5,4,4,5,4,5,5,5,5,1,1,2,1,1,4,3,4,4,4,2,5,2,6,7,3,2,3,5,2,1,7,5,3,5,6,4,7,,,5,5,,,4,1,1,2,4,4,5,4,5,5,5,1,1,1,4,3,6,3,3,2,7,5,4,,5,,,4,5,7,4,6,7,8,5,1,1,7,1,5,5,3,6,4,6,6,4,4,4,1,1,6,1,2,6,7,5,5,1,1,3,3,2,8,8,5,5,,,1,1,,,4,8,4,2,4,5,7,4,7,8,1,1,5,5,6,6,6,1,6,5,1,3,8,5,,1,,,b'\x11\xe8\xe1I\xcc\xaa\x0c0\xaf\x82\x12\xdf\x17\xaeN\x1e'
11E8E149-CCAA-0C30-AF82-12DF17AE4E1E,2010-ncaa-d1-natl,ncaa,206,145,323,200,328,276,294,302,262,260,265,227,279,255,302,211,123,120,153,121,41,287,251,279,242,265,147,247,16,222,182,276,59,260,147,197,35,236,282,233,233,182,150,150,,,71,147,,,197,253,53,95,213,255,192,210,181,247,201,40,40,40,142,65,139,165,145,126,308,166,112,,178,,,200,40,68,28,266,174,163,183,18,3,320,4,113,97,232,98,106,23,53,210,220,122,29,18,197,12,59,98,182,27,147,72,142,114,29,62,303,320,239,289,,,90,19,,,197,99,263,80,193,176,214,125,291,314,27,9,193,185,183,134,245,39,254,175,186,27,326,294,,11,,,b'\x11\xe8\xe1I\xcc\xaa\x0c0\xaf\x82\x12\xdf\x17\xaeN\x1e'
11E8E149-CCAA-0C30-AF82-12DF17AE4E1E,2011-ncaa-d0-natl,ncaa,181,154,242,177,276,233,248,232,243,266,268,238,137,130,181,84,179,217,103,213,115,237,255,214,193,200,68,92,130,277,292,272,132,289,276,107,9,103,187,88,130,84,268,283,,,37,53,,,192,238,101,245,195,236,173,260,250,108,85,140,179,175,180,183,260,246,281,55,185,86,264,,56,,,192,89,194,82,315,296,230,307,13,16,73,10,33,33,123,30,22,56,93,264,223,147,2,6,39,58,132,210,292,133,276,154,116,105,53,121,194,245,299,329,,,158,57,,,192,114,223,119,190,157,273,161,326,304,13,12,49,54,51,116,196,94,290,221,203,59,246,318,,79,,,b'\x11\xe8\xe1I\xcc\xaa\x0c0\xaf\x82\x12\xdf\x17\xaeN\x1e'
11E8E149-CCAA-0C30-AF82-12DF17AE4E1E,2011-ncaa-d1-conf-Ivy League,ncaa,2,2,1,2,3,3,3,6,3,6,7,3,2,2,3,2,2,2,2,2,1,5,2,3,3,3,1,3,2,7,6,4,2,4,3,2,1,6,5,3,2,2,6,7,,,3,2,,,3,1,1,3,3,3,6,6,7,2,2,2,2,2,5,2,7,4,4,2,6,2,6,,3,,,3,3,5,5,5,8,8,6,1,1,2,1,2,1,6,1,1,3,6,2,2,2,1,1,1,2,2,4,6,5,3,3,3,1,1,3,6,3,7,7,,,1,1,,,3,8,3,2,3,3,5,5,8,8,1,1,2,1,1,3,6,2,4,5,3,1,6,7,,1,,,b'\x11\xe8\xe1I\xcc\xaa\x0c0\xaf\x82\x12\xdf\x17\xaeN\x1e'
11E8E149-CCAA-0C30-AF82-12DF17AE4E1E,2011-ncaa-d1-natl,ncaa,188,152,279,183,307,256,267,254,248,285,288,242,143,140,181,85,196,232,103,230,114,264,286,221,199,207,65,89,128,287,293,289,138,307,282,122,10,85,190,90,140,90,273,284,,,27,53,,,202,266,100,247,202,241,176,269,252,111,83,140,184,183,186,188,263,247,281,60,184,89,266,,56,,,202,67,178,62,319,291,215,311,10,10,76,9,28,30,125,28,21,37,69,267,226,153,1,6,37,40,138,193,293,105,282,140,117,120,58,130,176,250,293,331,,,175,53,,,202,83,226,131,199,162,278,164,329,308,13,12,49,55,52,120,194,94,294,223,203,63,250,320,,78,,,b'\x11\xe8\xe1I\xcc\xaa\x0c0\xaf\x82\x12\xdf\x17\xaeN\x1e'
11E8E149-CCAA-0C30-AF82-12DF17AE4E1E,2012-ncaa-d0-natl,ncaa,161,87,318,137,330,225,241,239,234,286,270,255,96,125,82,83,228,254,89,256,169,253,293,188,177,143,51,53,177,276,294,320,220,318,312,183,76,22,70,75,141,77,248,262,,,50,122,,,165,287,46,248,112,131,60,213,179,45,51,143,175,180,70,102,207,274,262,76,102,66,219,,179,,,165,66,136,27,323,264,191,290,4,2,256,3,82,85,120,83,70,27,47,282,274,200,3,3,129,49,220,188,294,117,312,46,39,133,43,54,42,108,96,180,,,276,193,,,165,60,161,172,163,236,288,166,331,328,7,2,181,193,190,166,260,162,328,301,152,32,133,182,,152,,,b'\x11\xe8\xe1I\xcc\xaa\x0c0\xaf\x82\x12\xdf\x17\xaeN\x1e'
11E8E149-CCAA-0C30-AF82-12DF17AE4E1E,2012-ncaa-d1-conf-Ivy League,ncaa,3,3,1,3,5,2,2,2,5,4,2,6,1,1,2,3,4,4,4,4,7,2,2,4,5,3,3,3,6,4,7,5,6,5,6,2,5,1,1,1,2,2,7,8,,,7,6,,,3,1,1,5,2,2,2,4,2,1,1,4,4,4,2,2,4,5,5,2,1,2,7,,7,,,3,6,7,5,7,8,8,6,2,1,5,1,4,7,1,7,4,5,6,6,6,4,1,1,4,4,6,8,7,7,6,2,1,2,2,2,2,1,5,4,,,6,6,,,3,8,3,2,3,6,7,5,8,8,2,1,4,7,7,5,6,4,8,7,2,2,2,5,,6,,,b'\x11\xe8\xe1I\xcc\xaa\x0c0\xaf\x82\x12\xdf\x17\xaeN\x1e'
11E8E149-CCAA-0C30-AF82-12DF17AE4E1E,2012-ncaa-d1-natl,ncaa,158,86,325,129,335,215,235,220,240,279,275,252,91,106,95,78,210,249,71,252,166,229,278,193,178,140,49,55,168,267,298,312,194,312,305,178,75,23,65,68,141,87,259,270,,,59,112,,,158,268,45,248,108,127,58,216,183,46,46,123,168,170,69,104,205,253,243,75,90,76,231,,172,,,156,79,153,34,318,280,228,278,3,1,243,3,80,91,106,82,68,29,60,271,257,191,3,3,122,53,194,238,298,152,305,57,38,116,48,57,39,89,96,165,,,276,207,,,158,82,157,160,154,231,283,171,329,328,7,2,171,186,182,170,259,150,328,300,151,34,117,165,,163,,,b'\x11\xe8\xe1I\xcc\xaa\x0c0\xaf\x82\x12\xdf\x17\xaeN\x1e'
11E8E149-CCAA-0C30-AF82-12DF17AE4E1E,2013-ncaa-d0-natl,ncaa,196,145,302,190,311,206,203,188,221,275,256,261,60,82,50,62,293,319,71,314,295,222,255,160,180,158,48,33,292,244,241,310,314,301,310,234,237,58,124,166,284,291,307,323,,,27,34,,,208,245,68,155,119,117,44,222,175,30,44,259,287,280,77,86,170,267,232,186,159,256,292,,70,,,212,165,263,153,319,324,280,324,1,9,7,6,52,46,263,45,26,115,111,259,243,244,1,2,64,209,314,193,241,211,310,105,25,206,180,156,148,195,82,143,,,250,220,,,208,91,162,267,217,284,328,319,345,344,4,18,121,101,101,286,287,303,313,319,195,131,221,148,,164,,,b'\x11\xe8\xe1I\xcc\xaa\x0c0\xaf\x82\x12\xdf\x17\xaeN\x1e'
11E8E149-CCAA-0C30-AF82-12DF17AE4E1E,2013-ncaa-d1-conf-Ivy League,ncaa,4,4,1,4,5,3,3,2,6,5,3,7,3,2,2,4,2,1,4,1,2,2,2,5,4,4,2,3,2,3,6,5,5,3,5,6,6,4,3,4,8,8,6,8,,,5,3,,,4,1,1,5,3,3,2,5,3,3,2,2,1,1,2,2,3,5,3,6,4,8,6,,5,,,4,7,8,8,5,8,8,5,1,1,1,1,4,5,5,4,1,8,8,5,5,5,1,1,2,7,5,8,6,8,5,4,2,3,5,2,4,4,3,2,,,1,1,,,4,8,4,4,4,7,8,8,8,8,1,1,4,5,4,8,8,7,8,8,4,3,4,3,,1,,,b'\x11\xe8\xe1I\xcc\xaa\x0c0\xaf\x82\x12\xdf\x17\xaeN\x1e'
11E8E149-CCAA-0C30-AF82-12DF17AE4E1E,2013-ncaa-d1-natl,ncaa,201,145,327,194,332,227,227,211,228,289,272,268,65,86,49,61,305,324,70,321,293,244,278,166,186,167,48,33,292,255,246,324,317,319,312,251,240,49,127,172,296,294,312,323,,,21,36,,,213,273,71,150,121,123,44,227,181,31,45,259,289,283,79,92,171,271,240,191,159,265,293,,71,,,218,151,255,126,323,322,273,326,1,7,6,5,52,42,270,41,27,84,82,264,249,253,1,2,61,202,317,176,246,196,312,94,28,225,187,164,140,197,79,146,,,260,214,,,213,63,167,271,226,288,329,319,345,344,4,17,123,102,101,292,289,307,311,321,201,135,222,151,,163,,,b'\x11\xe8\xe1I\xcc\xaa\x0c0\xaf\x82\x12\xdf\x17\xaeN\x1e'
11E8E149-CCAA-0C30-AF82-12DF17AE4E1E,2014-ncaa-d0-natl,ncaa,197,150,297,192,323,275,270,222,291,276,206,321,167,184,90,166,280,280,228,281,278,244,275,276,280,245,125,97,242,132,118,317,141,267,191,290,291,38,88,225,122,50,178,144,,,97,252,,,148,314,189,270,201,203,67,222,113,113,136,247,228,231,88,131,54,300,174,269,101,74,146,,202,,,147,25,59,11,307,96,78,220,40,8,344,19,64,74,83,76,136,10,19,293,279,168,58,90,139,17,141,160,118,66,191,29,46,127,27,34,25,55,150,183,,,232,126,,,148,30,196,125,156,116,166,28,214,190,73,12,122,138,148,27,102,57,284,210,76,51,69,228,,114,,,b'\x11\xe8\xe1I\xcc\xaa\x0c0\xaf\x82\x12\xdf\x17\xaeN\x1e'
11E8E149-CCAA-0C30-AF82-12DF17AE4E1E,2014-ncaa-d1-conf-Ivy League,ncaa,4,4,1,4,3,3,3,1,7,4,1,7,3,3,5,3,7,6,5,7,8,1,2,7,7,6,4,2,7,2,3,5,5,4,5,6,6,1,1,5,1,1,3,3,,,6,5,,,4,4,4,3,3,3,1,4,1,3,3,7,6,7,1,2,2,5,4,6,1,1,3,,6,,,4,3,3,1,5,4,4,4,3,1,8,2,3,4,1,6,5,1,6,5,5,3,4,4,4,4,5,8,3,8,5,2,1,1,1,1,1,1,7,3,,,5,6,,,4,5,4,3,4,3,3,1,4,4,3,1,3,4,6,1,6,4,8,8,2,1,1,7,,5,,,b'\x11\xe8\xe1I\xcc\xaa\x0c0\xaf\x82\x12\xdf\x17\xaeN\x1e'
11E8E149-CCAA-0C30-AF82-12DF17AE4E1E,2014-ncaa-d1-natl,ncaa,211,150,333,203,342,294,287,249,296,289,223,322,170,193,93,165,290,292,227,293,277,270,303,279,286,250,125,95,240,149,123,330,147,284,199,304,293,25,86,232,141,58,186,148,,,83,258,,,167,329,191,273,208,206,72,225,113,113,136,248,232,235,95,137,55,305,181,275,98,79,149,,203,,,166,16,41,3,311,79,55,225,33,4,344,19,52,65,84,67,135,4,12,298,285,171,58,85,139,14,147,141,123,51,199,19,49,145,29,37,22,58,143,192,,,258,126,,,167,16,202,135,172,120,171,28,219,190,74,11,124,139,148,27,100,57,286,218,79,55,69,230,,115,,,b'\x11\xe8\xe1I\xcc\xaa\x0c0\xaf\x82\x12\xdf\x17\xaeN\x1e'
11E8E149-CCAA-0C30-AF82-12DF17AE4E1E,2015-ncaa-d0-natl,ncaa,208,131,322,193,326,319,301,274,303,233,166,301,316,301,317,289,318,301,286,299,316,289,317,321,326,287,311,290,221,173,152,340,162,317,232,309,272,12,55,166,152,60,196,163,,,104,297,,,196,334,264,155,285,235,101,140,41,300,280,273,255,252,127,204,82,332,246,267,44,78,154,,241,,,202,14,17,5,282,88,58,233,1,1,148,1,125,102,247,105,200,6,8,204,230,137,12,3,280,7,162,108,152,32,232,13,40,174,49,36,7,32,197,206,,,267,106,,,196,16,266,109,200,79,99,16,248,213,5,1,224,207,211,23,49,44,276,182,47,76,26,282,,117,,,b'\x11\xe8\xe1I\xcc\xaa\x0c0\xaf\x82\x12\xdf\x17\xaeN\x1e'
11E8E149-CCAA-0C30-AF82-12DF17AE4E1E,2015-ncaa-d1-conf-Ivy League,ncaa,3,3,1,3,3,5,5,2,6,4,4,5,7,4,7,5,8,7,8,7,7,4,4,5,7,6,6,6,7,2,3,8,5,7,6,6,6,4,3,5,2,2,6,6,,,6,8,,,3,6,6,3,5,5,2,4,4,7,4,8,7,7,4,4,2,8,7,6,4,2,6,,6,,,3,4,2,1,5,4,2,5,1,1,5,1,7,7,6,7,8,1,2,4,5,4,3,1,8,3,5,7,3,5,6,2,2,1,1,1,1,1,4,4,,,5,5,,,3,3,5,4,3,4,2,1,4,2,1,1,7,7,7,1,2,3,7,5,2,1,1,4,,5,,,b'\x11\xe8\xe1I\xcc\xaa\x0c0\xaf\x82\x12\xdf\x17\xaeN\x1e'
11E8E149-CCAA-0C30-AF82-12DF17AE4E1E,2015-ncaa-d1-natl,ncaa,222,160,335,214,341,326,307,262,309,233,165,299,314,295,330,268,311,298,264,294,310,281,327,326,329,292,307,290,197,180,162,343,173,320,247,313,267,17,63,177,155,75,192,157,,,113,297,,,216,341,255,153,286,248,104,147,48,299,265,268,255,250,132,199,86,333,256,272,62,90,154,,248,,,218,17,22,1,289,104,71,246,1,1,162,1,148,123,240,135,216,4,5,221,245,147,14,3,281,11,173,123,162,43,247,18,48,162,52,39,9,37,215,221,,,246,97,,,216,9,274,119,217,95,112,20,263,219,5,1,240,223,233,26,65,48,282,198,54,77,32,288,,111,,,b'\x11\xe8\xe1I\xcc\xaa\x0c0\xaf\x82\x12\xdf\x17\xaeN\x1e'
11E8E149-CCAA-0C30-AF82-12DF17AE4E1E,2016-ncaa-d0-natl,ncaa,196,204,175,209,230,176,182,196,167,191,199,168,158,161,166,155,166,179,143,183,151,193,220,164,155,153,152,156,161,210,200,227,90,222,159,226,245,104,134,178,121,90,207,216,,,298,337,,,150,215,172,280,155,168,172,184,187,161,154,152,173,176,178,209,205,230,221,223,122,106,200,,312,,,148,118,103,55,234,171,175,189,33,17,234,21,281,292,111,288,285,90,96,189,216,179,96,32,309,36,90,166,200,93,159,67,71,154,112,79,28,38,177,194,,,120,48,,,150,137,160,148,144,153,127,54,208,193,31,16,287,300,299,87,99,50,190,115,70,140,36,187,,70,,,b'\x11\xe8\xe1I\xcc\xaa\x0c0\xaf\x82\x12\xdf\x17\xaeN\x1e'
11E8E149-CCAA-0C30-AF82-12DF17AE4E1E,2016-ncaa-d1-conf-Ivy League,ncaa,6,6,1,6,6,4,3,5,5,3,4,4,4,4,5,4,6,5,4,6,7,6,5,5,4,5,5,4,5,4,4,4,2,4,4,8,8,6,5,7,2,2,5,5,,,8,8,,,4,5,5,6,4,3,5,3,4,4,4,6,5,6,6,5,4,4,4,8,6,2,5,,8,,,4,4,3,1,6,4,2,4,3,2,6,2,6,6,1,6,8,2,4,6,5,5,5,5,6,1,2,5,4,2,4,2,4,2,2,2,2,2,5,6,,,3,3,,,4,4,4,3,4,4,3,1,4,2,3,2,6,6,6,2,4,1,5,2,2,2,2,5,,3,,,b'\x11\xe8\xe1I\xcc\xaa\x0c0\xaf\x82\x12\xdf\x17\xaeN\x1e'
11E8E149-CCAA-0C30-AF82-12DF17AE4E1E,2016-ncaa-d1-natl,ncaa,191,204,142,205,203,171,173,176,185,188,198,179,151,145,198,138,166,192,147,195,164,183,192,180,171,164,151,152,172,174,188,215,85,201,150,217,235,122,147,177,111,86,196,209,,,311,340,,,150,198,172,274,165,175,165,188,187,157,143,168,187,193,171,199,177,226,207,220,140,95,191,,319,,,148,120,92,53,211,179,185,174,24,15,223,19,286,305,95,303,290,94,118,170,203,167,95,26,317,41,85,198,188,102,150,53,72,138,107,72,36,50,192,206,,,121,71,,,150,156,168,136,147,139,111,43,197,198,27,14,291,305,304,82,107,52,195,118,63,132,47,202,,86,,,b'\x11\xe8\xe1I\xcc\xaa\x0c0\xaf\x82\x12\xdf\x17\xaeN\x1e'
11E8E149-CCAA-0C30-AF82-12DF17AE4E1E,2017-ncaa-d0-natl,ncaa,169,97,321,136,328,303,308,312,270,331,333,244,149,136,204,50,299,263,313,266,64,313,332,232,255,219,46,49,213,291,280,215,32,266,152,323,298,23,128,242,246,167,282,261,,,31,139,,,155,333,214,91,237,251,198,297,300,89,55,243,172,178,208,240,244,57,124,303,112,185,260,,111,,,155,6,16,23,126,33,46,112,59,38,194,157,14,23,27,20,81,11,12,117,87,88,104,193,76,11,32,121,280,40,152,47,189,252,145,152,8,63,31,149,,,267,96,,,155,20,228,57,151,71,119,126,133,173,134,117,56,80,73,87,90,41,300,196,133,163,56,86,,141,,,b'\x11\xe8\xe1I\xcc\xaa\x0c0\xaf\x82\x12\xdf\x17\xaeN\x1e'
11E8E149-CCAA-0C30-AF82-12DF17AE4E1E,2017-ncaa-d1-conf-Ivy League,ncaa,6,5,5,6,8,8,8,8,7,8,8,5,5,4,7,3,2,1,8,1,1,7,6,6,7,6,1,4,1,6,6,6,4,6,6,8,8,3,5,8,2,2,6,5,,,4,4,,,6,7,2,7,8,8,8,8,8,4,3,2,1,1,6,5,6,6,5,8,5,2,6,,4,,,6,3,3,2,6,4,2,6,3,4,5,4,3,4,2,4,5,2,3,6,5,3,5,5,4,2,4,5,6,4,6,6,7,2,1,2,1,2,1,2,,,1,1,,,6,2,8,3,5,4,5,3,4,4,4,5,3,4,4,3,6,3,7,5,8,1,2,1,,1,,,b'\x11\xe8\xe1I\xcc\xaa\x0c0\xaf\x82\x12\xdf\x17\xaeN\x1e'
11E8E149-CCAA-0C30-AF82-12DF17AE4E1E,2017-ncaa-d1-natl,ncaa,175,97,343,143,347,323,328,335,277,341,345,255,159,145,206,50,312,282,313,286,66,336,345,241,258,223,44,50,208,309,284,257,32,303,165,337,300,16,132,247,265,178,292,264,,,19,143,,,171,345,223,92,249,259,207,308,301,91,57,244,181,186,215,249,249,59,129,307,115,192,263,,113,,,171,4,9,9,134,24,23,118,43,30,204,146,12,19,28,16,78,5,4,124,92,101,102,190,74,7,32,93,284,18,165,37,190,274,152,163,8,64,23,153,,,299,98,,,171,5,234,67,166,77,124,128,142,172,135,116,58,82,77,87,91,43,303,204,141,172,58,91,,142,,,b'\x11\xe8\xe1I\xcc\xaa\x0c0\xaf\x82\x12\xdf\x17\xaeN\x1e'
11E8E149-CCAA-0C30-AF82-12DF17AE4E1E,2018-ncaa-d0-natl,ncaa,99,112,73,110,75,102,95,66,180,97,111,111,120,57,285,110,148,105,289,109,155,63,60,180,204,164,198,161,225,145,264,91,90,98,223,152,273,175,94,166,27,36,201,222,,,188,93,,,124,54,83,7,118,112,65,114,158,141,72,181,139,145,70,79,188,113,138,187,125,27,226,,134,,,126,235,244,243,188,223,232,152,253,221,281,192,131,160,82,156,122,236,290,206,181,93,189,234,87,157,90,335,264,307,223,282,270,29,41,89,235,165,276,233,,,90,174,,,124,296,188,72,126,158,186,159,165,168,226,173,100,125,122,141,257,111,318,265,238,35,195,243,,134,,,b'\x11\xe8\xe1I\xcc\xaa\x0c0\xaf\x82\x12\xdf\x17\xaeN\x1e'
11E8E149-CCAA-0C30-AF82-12DF17AE4E1E,2018-ncaa-d1-conf-Ivy League,ncaa,4,4,3,4,3,4,5,4,5,3,2,5,7,5,8,7,1,1,7,1,1,3,3,6,5,6,7,8,1,5,5,3,4,4,4,5,6,4,2,5,1,2,6,6,,,5,4,,,4,1,2,1,4,5,4,4,1,7,7,1,1,1,1,2,5,4,4,6,4,1,6,,3,,,4,5,5,6,3,4,6,3,4,4,4,3,4,3,5,5,3,5,8,3,3,3,5,4,5,5,4,8,5,8,4,4,4,1,2,2,1,1,8,7,,,1,1,,,4,8,6,3,4,3,4,5,4,5,3,3,4,3,3,5,7,6,6,6,3,1,1,7,,1,,,b'\x11\xe8\xe1I\xcc\xaa\x0c0\xaf\x82\x12\xdf\x17\xaeN\x1e'
11E8E149-CCAA-0C30-AF82-12DF17AE4E1E,2018-ncaa-d1-natl,ncaa,106,111,97,114,98,118,113,85,194,117,144,118,132,66,287,109,171,135,287,141,152,83,80,193,214,178,192,159,218,176,270,107,95,133,231,172,277,148,100,173,40,38,217,229,,,165,94,,,144,69,84,7,126,122,70,126,160,145,74,185,144,148,72,83,194,120,153,203,128,33,226,,137,,,144,206,230,218,204,200,204,164,238,194,289,183,113,135,91,132,125,206,274,219,188,101,181,232,88,135,95,328,270,290,231,272,269,42,47,102,208,172,267,238,,,126,176,,,144,280,199,81,147,171,193,162,179,174,230,175,104,123,123,144,255,118,318,269,244,39,192,251,,137,,,b'\x11\xe8\xe1I\xcc\xaa\x0c0\xaf\x82\x12\xdf\x17\xaeN\x1e'
11E8E149-CCAA-0C30-AF82-12DF17AE4E1E,2019-ncaa-d0-natl,ncaa,146,109,249,138,263,230,206,198,202,171,199,147,227,169,304,155,275,247,291,254,248,215,241,219,239,213,258,205,270,188,202,71,13,96,63,241,260,87,144,190,337,335,143,131,,,75,127,,,140,257,143,166,192,147,100,130,137,205,132,269,228,234,132,150,138,8,26,228,151,333,122,,110,,,138,49,44,145,25,48,140,32,101,178,41,217,142,95,320,95,126,125,68,21,43,89,232,201,238,26,13,199,202,95,63,58,154,318,307,238,219,248,27,49,,,214,164,,,140,94,212,63,136,94,82,237,81,205,132,226,188,138,138,223,129,40,277,182,99,310,250,55,,145,,,b'\x11\xe8\xe1I\xcc\xaa\x0c0\xaf\x82\x12\xdf\x17\xaeN\x1e'
11E8E149-CCAA-0C30-AF82-12DF17AE4E1E,2019-ncaa-d1-conf-Ivy League,ncaa,4,4,5,4,5,4,4,6,3,5,5,5,7,7,2,6,4,4,8,4,2,6,6,5,5,5,5,5,3,5,6,4,1,4,2,7,7,7,6,6,8,8,4,4,,,5,7,,,4,7,5,3,4,4,5,3,4,6,6,3,3,3,5,4,5,1,2,7,7,8,4,,6,,,4,3,3,2,3,4,5,4,1,1,5,2,7,7,6,7,7,3,2,3,4,6,3,1,7,1,1,2,6,1,2,1,3,8,8,6,7,7,3,4,,,4,2,,,4,3,4,6,4,6,5,4,6,6,1,2,7,7,7,5,4,1,6,2,3,8,8,4,,2,,,b'\x11\xe8\xe1I\xcc\xaa\x0c0\xaf\x82\x12\xdf\x17\xaeN\x1e'
11E8E149-CCAA-0C30-AF82-12DF17AE4E1E,2019-ncaa-d1-natl,ncaa,164,108,314,143,319,264,247,249,213,213,235,156,242,188,307,155,296,273,290,278,245,261,287,229,246,222,255,205,269,219,213,85,14,128,66,275,265,63,148,196,341,335,161,133,,,53,133,,,161,306,148,158,207,161,107,143,143,209,136,272,232,236,144,153,151,8,28,238,155,333,122,,113,,,160,24,25,96,27,34,107,37,85,148,49,215,115,80,323,77,128,75,27,26,47,107,230,198,235,15,14,161,213,60,66,49,154,331,317,249,201,251,24,54,,,248,159,,,161,45,220,78,156,108,92,241,90,214,141,224,190,143,143,230,125,43,284,187,106,317,253,57,,150,,,b'\x11\xe8\xe1I\xcc\xaa\x0c0\xaf\x82\x12\xdf\x17\xaeN\x1e'
11E8E149-CCAA-0C30-AF82-12DF17AE4E1E,2020-ncaa-d0-natl,ncaa,81,42,312,58,318,200,178,295,52,142,214,74,237,293,61,259,206,179,238,180,146,281,313,69,73,72,253,229,175,317,287,210,148,272,210,203,217,37,98,102,195,151,120,109,,,15,26,,,77,303,130,168,89,78,178,64,106,186,254,120,100,98,161,208,277,69,181,128,89,148,81,,43,,,65,33,80,103,103,102,158,80,104,91,203,143,5,6,170,6,8,52,46,92,66,61,72,209,11,115,148,105,287,94,210,128,202,206,140,155,59,126,52,72,,,194,50,,,77,48,95,67,67,106,199,274,203,288,171,154,12,11,12,192,223,215,235,241,218,129,123,101,,75,,,b'\x11\xe8\xe1I\xcc\xaa\x0c0\xaf\x82\x12\xdf\x17\xaeN\x1e'
11E8E149-CCAA-0C30-AF82-12DF17AE4E1E,2020-ncaa-d1-conf-Ivy League,ncaa,3,3,1,3,5,3,3,8,2,2,4,2,7,7,3,7,4,1,8,1,1,5,8,3,3,2,6,7,3,7,7,5,4,5,6,6,7,3,3,4,4,4,5,6,,,3,3,,,3,3,3,5,3,3,8,2,4,7,7,4,1,1,5,8,7,5,5,6,3,4,5,,3,,,3,3,3,5,3,4,6,3,2,2,2,2,3,2,8,2,1,3,6,3,3,3,2,2,3,5,4,5,7,5,6,2,4,3,3,2,3,3,1,2,,,2,1,,,3,6,4,2,3,3,3,5,4,6,2,2,3,2,2,3,6,5,5,5,2,3,3,1,,2,,,b'\x11\xe8\xe1I\xcc\xaa\x0c0\xaf\x82\x12\xdf\x17\xaeN\x1e'
11E8E149-CCAA-0C30-AF82-12DF17AE4E1E,2020-ncaa-d1-natl,ncaa,92,42,341,61,343,233,209,328,56,168,247,76,249,306,65,260,229,209,240,207,148,321,337,73,78,74,247,226,172,326,292,245,154,307,223,237,224,29,102,109,222,162,133,115,,,11,27,,,91,329,133,167,98,83,188,67,114,191,258,121,102,99,170,215,279,80,198,137,90,160,88,,43,,,77,22,64,69,115,88,135,85,93,71,211,140,5,6,171,6,7,30,25,104,72,69,69,209,11,100,154,78,292,69,223,115,204,229,147,171,46,135,43,75,,,225,49,,,91,23,104,74,76,115,208,275,209,289,170,153,12,12,12,195,221,215,240,246,221,137,128,103,,77,,,b'\x11\xe8\xe1I\xcc\xaa\x0c0\xaf\x82\x12\xdf\x17\xaeN\x1e'
11E8E149-CCAA-0C30-AF82-12DF17AE4E1E,2022-ncaa-d0-natl,ncaa,139,87,260,117,269,286,280,278,254,296,296,242,175,168,177,95,314,306,277,311,245,288,267,219,243,290,112,86,275,197,138,174,57,195,79,178,28,272,318,224,252,212,135,65,,,103,228,,,149,279,224,92,281,271,251,295,274,122,120,308,288,292,279,181,130,71,80,118,315,223,104,,194,,,147,19,26,59,45,17,38,77,155,204,88,321,17,34,19,35,151,47,62,68,43,28,274,319,78,40,57,71,138,49,79,75,277,171,71,87,290,325,136,238,,,240,159,,,149,75,277,18,144,36,48,103,23,35,216,280,35,64,67,80,115,85,147,104,134,100,318,191,,167,,,b'\x11\xe8\xe1I\xcc\xaa\x0c0\xaf\x82\x12\xdf\x17\xaeN\x1e'
11E8E149-CCAA-0C30-AF82-12DF17AE4E1E,2022-ncaa-d1-conf-Ivy League,ncaa,3,3,3,3,4,5,4,5,4,4,4,5,4,4,2,6,6,6,4,6,4,5,4,4,4,5,3,2,5,6,6,3,3,3,3,4,1,8,8,5,5,6,2,2,,,7,8,,,5,4,4,5,5,5,6,5,6,4,5,6,6,6,6,5,7,2,4,4,8,7,2,,6,,,5,3,2,3,3,3,3,3,3,4,4,4,7,7,6,7,6,5,4,3,3,3,6,5,8,1,3,4,6,2,3,3,5,3,3,3,8,7,3,4,,,5,5,,,5,5,5,3,5,3,2,2,3,3,3,2,6,6,6,2,2,2,2,2,3,3,7,3,,6,,,b'\x11\xe8\xe1I\xcc\xaa\x0c0\xaf\x82\x12\xdf\x17\xaeN\x1e'
11E8E149-CCAA-0C30-AF82-12DF17AE4E1E,2022-ncaa-d1-natl,ncaa,157,87,304,126,310,314,313,322,268,319,320,261,194,189,182,92,327,318,277,320,244,327,306,234,262,303,107,82,271,226,149,215,62,235,84,214,30,249,321,236,282,226,152,67,,,71,232,,,176,317,231,89,293,290,263,309,277,125,124,308,292,294,289,189,146,74,87,133,317,232,111,,199,,,170,11,15,33,56,10,21,88,136,176,97,319,10,26,21,26,151,26,30,83,47,37,274,314,79,27,62,40,149,21,84,54,274,213,84,106,270,333,123,249,,,274,150,,,176,40,285,27,172,39,52,105,28,35,223,282,35,67,70,80,109,85,156,111,146,117,323,202,,165,,,b'\x11\xe8\xe1I\xcc\xaa\x0c0\xaf\x82\x12\xdf\x17\xaeN\x1e'
11E8E149-CCAA-0C30-AF82-12DF17AE4E1E,2023-ncaa-d0-natl,ncaa,195,139,326,188,331,323,319,303,301,315,267,310,225,233,208,160,315,288,316,286,238,306,303,283,301,306,149,127,225,111,56,332,197,269,132,294,205,170,270,277,142,48,234,171,,,235,351,,,249,333,229,76,280,260,145,271,168,182,159,273,219,217,168,115,44,286,135,248,292,64,189,,337,,,257,36,29,13,238,62,41,243,21,22,98,74,245,244,146,242,313,22,25,207,245,205,143,39,326,42,197,39,56,27,132,17,73,252,123,66,111,199,131,202,,,257,145,,,249,25,273,201,264,177,127,55,195,127,51,59,302,313,312,99,121,130,172,148,63,148,218,219,,118,,,b'\x11\xe8\xe1I\xcc\xaa\x0c0\xaf\x82\x12\xdf\x17\xaeN\x1e'
11E8E149-CCAA-0C30-AF82-12DF17AE4E1E,2023-ncaa-d1-conf-Ivy League,ncaa,5,4,5,5,5,6,7,5,7,7,5,7,6,6,5,5,6,6,6,6,4,5,5,6,6,6,5,5,3,3,3,6,6,5,4,5,2,7,7,6,5,3,6,5,,,7,8,,,5,8,6,3,6,7,4,7,5,6,5,5,5,5,4,2,2,6,3,5,7,3,5,,8,,,5,3,2,2,6,3,2,7,1,1,2,2,7,7,6,7,7,2,2,6,6,6,4,1,8,3,6,3,3,3,4,2,1,6,5,4,2,4,6,6,,,4,1,,,5,1,6,5,5,5,4,3,6,4,2,2,8,8,8,4,4,5,5,6,2,6,4,7,,2,,,b'\x11\xe8\xe1I\xcc\xaa\x0c0\xaf\x82\x12\xdf\x17\xaeN\x1e'
11E8E149-CCAA-0C30-AF82-12DF17AE4E1E,2023-ncaa-d1-natl,ncaa,219,138,354,202,354,343,344,340,317,336,297,324,239,255,210,161,330,313,317,313,240,338,342,294,306,314,146,129,214,135,61,348,203,314,146,315,212,142,275,289,179,55,252,176,,,209,354,,,278,353,232,75,289,277,161,280,173,189,161,280,222,219,184,123,50,289,148,265,295,79,192,,337,,,283,24,16,5,256,49,22,257,16,15,106,72,227,231,152,229,317,8,7,227,256,233,140,41,325,26,203,16,61,7,146,14,72,288,138,77,93,205,121,211,,,283,137,,,278,7,282,225,288,189,139,56,208,130,56,59,308,317,319,104,115,136,182,151,68,164,226,226,,117,,,b'\x11\xe8\xe1I\xcc\xaa\x0c0\xaf\x82\x12\xdf\x17\xaeN\x1e'
11E8E149-CCAA-0C30-AF82-12DF17AE4E1E,2024-ncaa-d0-natl,ncaa,297,251,325,298,336,316,273,291,239,196,171,252,339,340,312,326,314,300,295,300,324,301,328,278,291,262,344,325,242,166,63,348,219,322,164,268,198,32,135,161,243,143,211,183,,,135,326,,,285,342,261,157,247,186,125,79,44,329,324,272,244,244,154,177,73,326,244,198,130,168,161,,276,,,290,72,83,15,338,156,63,330,17,9,244,25,218,183,313,177,271,16,12,322,338,335,59,18,295,25,219,17,63,11,164,51,69,326,219,213,43,117,70,59,,,296,172,,,285,17,232,326,299,259,250,72,317,220,48,25,308,280,277,108,67,91,117,86,139,261,116,135,,174,,,b'\x11\xe8\xe1I\xcc\xaa\x0c0\xaf\x82\x12\xdf\x17\xaeN\x1e'
11E8E149-CCAA-0C30-AF82-12DF17AE4E1E,2024-ncaa-d1-conf-Ivy League,ncaa,6,6,5,6,5,6,6,7,6,4,3,6,7,7,7,7,2,2,8,2,3,7,7,6,6,6,6,7,2,4,3,7,6,5,5,6,5,5,6,6,3,2,5,5,,,5,6,,,6,7,6,1,6,6,7,4,3,7,7,2,2,2,6,4,4,6,5,6,7,2,5,,6,,,6,6,7,3,7,7,4,8,2,2,5,3,5,6,6,6,6,3,2,7,7,8,4,2,5,3,6,3,3,2,5,2,1,7,7,5,5,7,2,3,,,3,2,,,6,2,6,8,6,7,8,4,8,4,3,2,6,6,6,5,4,5,3,4,4,7,6,4,,2,,,b'\x11\xe8\xe1I\xcc\xaa\x0c0\xaf\x82\x12\xdf\x17\xaeN\x1e'
11E8E149-CCAA-0C30-AF82-12DF17AE4E1E,2024-ncaa-d1-natl,ncaa,309,253,356,307,357,342,319,336,255,242,203,267,350,349,319,326,331,316,296,318,325,342,356,294,305,273,347,329,236,203,77,360,229,343,181,297,210,14,137,181,279,152,228,187,,,104,332,,,296,358,270,155,265,204,137,92,47,335,328,281,250,250,167,193,81,334,254,215,130,181,167,,286,,,301,46,51,4,348,133,42,337,11,4,247,25,203,168,317,163,272,6,4,335,349,344,57,19,295,15,229,6,77,4,181,32,72,349,234,228,33,131,60,69,,,321,165,,,296,5,248,335,314,269,265,73,323,224,51,23,316,292,289,115,61,99,129,95,151,274,120,147,,174,,,b'\x11\xe8\xe1I\xcc\xaa\x0c0\xaf\x82\x12\xdf\x17\xaeN\x1e'
11E8E149-CCAA-0C30-AF82-12DF17AE4E1E,2025-ncaa-d0-natl,genius_ncaa,341,323,335,341,348,354,340,325,332,298,264,286,340,307,358,227,355,351,317,351,348,343,339,344,353,350,347,305,299,200,140,355,269,334,268,342,305,160,313,331,307,253,340,348,,,118,311,,24,345,348,249,269,347,316,227,232,143,335,267,349,340,338,272,212,105,343,278,328,307,268,328,,269,,54,350,102,135,18,359,291,156,354,1,1,83,1,238,254,131,251,265,32,14,339,343,348,1,1,298,41,269,71,140,45,268,40,29,328,257,222,158,274,34,71,,,358,352,,295,345,17,347,336,350,292,309,111,358,327,3,3,325,331,333,164,108,151,247,215,132,275,279,85,,342,,259,b'\x11\xe8\xe1I\xcc\xaa\x0c0\xaf\x82\x12\xdf\x17\xaeN\x1e'
11E8E149-CCAA-0C30-AF82-12DF17AE4E1E,2025-ncaa-d1-conf-Ivy League,genius_ncaa,6,6,5,6,5,6,5,5,6,4,4,5,7,7,8,7,6,6,4,6,8,5,5,7,7,7,7,7,3,3,4,7,4,5,5,6,7,8,6,7,6,6,7,8,,,6,7,,2,7,5,2,1,6,5,4,4,1,7,7,6,6,6,4,3,3,7,5,6,8,6,7,,8,,2,7,8,7,1,8,8,8,8,1,1,8,1,8,8,6,8,8,3,2,8,8,8,2,1,7,3,4,4,4,4,5,3,1,6,6,5,7,6,3,3,,,8,8,,5,7,4,6,8,7,8,7,4,8,8,3,1,8,8,8,5,5,4,5,5,4,6,7,3,,8,,4,b'\x11\xe8\xe1I\xcc\xaa\x0c0\xaf\x82\x12\xdf\x17\xaeN\x1e'
11E8E149-CCAA-0C30-AF82-12DF17AE4E1E,2025-ncaa-d1-natl,genius_ncaa,346,323,355,346,359,358,351,345,342,321,290,298,346,321,357,230,355,353,319,352,348,353,352,347,356,351,347,304,296,228,152,360,279,345,281,352,310,137,322,338,325,267,344,350,,,96,318,,17,347,353,257,269,349,331,240,245,148,336,270,349,341,339,283,225,121,346,290,335,315,282,330,,274,,54,352,78,116,5,360,281,121,357,1,1,91,1,224,234,140,232,267,15,6,343,347,353,1,1,300,31,279,43,152,24,281,29,28,344,268,228,139,284,28,77,,,359,352,,302,347,10,348,343,352,301,313,112,359,328,3,2,330,336,337,173,105,154,253,225,146,285,280,86,,341,,255,b'\x11\xe8\xe1I\xcc\xaa\x0c0\xaf\x82\x12\xdf\x17\xaeN\x1e'
11E8E149-CCAA-0C30-AF82-12DF17AE4E1E,2026-ncaa-d0-natl,genius_ncaa,163,295,9,237,20,105,80,45,191,52,13,247,212,229,157,336,194,222,94,221,360,62,45,234,244,242,352,308,309,76,183,96,295,86,255,78,158,332,212,178,70,146,37,77,,,347,224,,153,264,42,245,97,256,188,171,109,40,316,344,326,341,344,236,242,194,277,256,163,195,141,63,,214,,79,244,342,350,337,258,354,349,230,275,260,218,86,252,312,18,320,165,339,339,234,203,199,61,109,92,350,295,327,183,343,255,338,188,60,183,218,343,256,184,48,,,190,355,,286,264,323,234,224,241,205,247,194,276,267,122,91,112,189,203,200,195,280,168,224,235,171,251,80,,355,,331,b'\x11\xe8\xe1I\xcc\xaa\x0c0\xaf\x82\x12\xdf\x17\xaeN\x1e'
11E8E149-CCAA-0C30-AF82-12DF17AE4E1E,2026-ncaa-d1-natl,genius_ncaa,203,294,13,268,35,155,116,67,219,75,20,283,260,285,173,337,256,289,92,286,361,93,76,264,277,270,354,310,309,110,218,145,318,126,293,111,170,306,231,211,106,187,44,85,,,330,238,,125,297,70,258,100,281,224,202,136,50,324,349,333,345,345,270,265,225,302,295,199,203,180,67,,226,,85,287,333,344,324,292,349,342,269,256,229,249,83,222,295,19,303,173,326,316,277,239,249,53,110,96,343,318,311,218,331,293,329,192,99,222,263,328,278,158,52,,,254,354,,305,297,298,266,276,288,244,283,203,303,276,146,95,124,203,214,213,189,290,187,246,266,206,263,95,,357,,333,b'\x11\xe8\xe1I\xcc\xaa\x0c0\xaf\x82\x12\xdf\x17\xaeN\x1e'
11E8E149-CCAE-8BC0-AF82-12DF17AE4E1E,2010-ncaa-d0-natl,ncaa,345,345,178,345,223,326,326,228,344,312,159,345,300,268,318,252,297,251,314,245,282,238,205,344,344,343,188,224,93,230,319,323,296,303,340,324,236,236,267,328,254,257,328,333,,,48,48,,,345,191,130,276,338,339,215,321,142,303,268,300,254,245,238,192,224,337,322,338,258,249,330,,66,,,344,327,342,217,345,343,265,344,146,123,231,102,55,83,28,80,40,190,158,344,343,344,1,60,8,133,296,334,319,304,340,344,308,274,292,343,300,306,152,157,,,242,251,,,345,169,343,342,344,339,344,287,343,310,165,132,65,98,97,256,205,160,339,322,343,271,303,166,,244,,,b'\x11\xe8\xe1I\xcc\xae\x8b\xc0\xaf\x82\x12\xdf\x17\xaeN\x1e'
11E8E149-CCAE-8BC0-AF82-12DF17AE4E1E,2010-ncaa-d1-conf-Horizon,ncaa,10,10,7,10,9,10,10,8,10,10,4,10,10,10,10,10,8,6,10,6,7,8,6,10,10,10,7,10,1,5,8,10,10,8,10,10,8,8,9,10,8,8,9,10,,,2,5,,,10,7,1,8,10,10,6,10,2,10,10,7,5,5,6,2,1,9,7,10,9,7,8,,5,,,10,10,10,6,10,10,10,10,1,1,4,1,3,5,1,5,3,6,6,10,10,10,1,1,1,7,10,10,8,10,10,10,3,10,10,10,9,10,9,8,,,6,8,,,10,4,10,10,10,10,10,10,10,10,1,3,4,6,6,10,10,9,10,10,10,10,10,10,,5,,,b'\x11\xe8\xe1I\xcc\xae\x8b\xc0\xaf\x82\x12\xdf\x17\xaeN\x1e'
11E8E149-CCAE-8BC0-AF82-12DF17AE4E1E,2010-ncaa-d1-natl,ncaa,345,345,191,345,255,336,336,244,345,326,172,345,304,274,322,251,304,261,315,257,283,257,229,344,345,345,185,222,89,248,319,331,300,322,341,335,240,230,267,328,266,261,332,334,,,41,49,,,345,216,129,276,339,340,217,324,144,304,268,300,252,244,240,193,228,337,324,338,256,251,332,,67,,,344,324,342,206,345,342,260,345,142,108,232,99,50,75,30,71,41,179,136,344,343,344,1,60,8,116,300,332,319,297,341,342,308,289,295,343,294,308,147,161,,,263,246,,,345,144,344,343,344,339,344,288,343,312,166,132,69,98,98,256,206,161,339,324,343,275,303,170,,245,,,b'\x11\xe8\xe1I\xcc\xae\x8b\xc0\xaf\x82\x12\xdf\x17\xaeN\x1e'
11E8E149-CCAE-8BC0-AF82-12DF17AE4E1E,2011-ncaa-d0-natl,ncaa,309,320,170,317,206,248,259,180,311,316,323,228,61,10,305,4,278,299,77,311,173,211,248,267,261,231,14,15,235,305,329,319,234,322,338,282,273,63,104,233,86,55,292,277,,,154,217,,,312,205,176,177,259,276,154,324,329,41,9,273,308,316,214,261,312,336,336,298,75,71,295,,188,,,307,255,245,83,336,208,38,341,269,225,291,291,193,138,329,136,238,84,109,340,342,332,217,237,140,62,234,316,329,241,338,320,319,142,98,276,23,40,108,249,,,247,211,,,312,133,260,318,307,285,281,92,233,36,286,258,212,154,155,95,110,71,329,271,325,124,36,121,,259,,,b'\x11\xe8\xe1I\xcc\xae\x8b\xc0\xaf\x82\x12\xdf\x17\xaeN\x1e'
11E8E149-CCAE-8BC0-AF82-12DF17AE4E1E,2011-ncaa-d1-conf-Horizon,ncaa,9,9,7,9,9,9,9,9,8,9,10,8,5,1,8,1,7,7,6,7,5,9,9,8,7,8,2,2,5,9,9,10,9,10,10,10,9,3,5,10,3,2,5,5,,,8,9,,,10,9,7,5,8,8,7,9,10,4,1,7,7,7,7,7,9,10,10,10,3,2,5,,9,,,10,7,6,2,10,6,1,10,5,2,10,5,7,7,7,7,9,1,2,10,10,10,5,5,8,3,9,8,9,7,10,8,9,3,2,5,1,3,4,7,,,6,5,,,10,2,9,10,10,9,9,2,9,2,5,4,9,9,9,4,4,4,9,9,9,2,1,5,,5,,,b'\x11\xe8\xe1I\xcc\xae\x8b\xc0\xaf\x82\x12\xdf\x17\xaeN\x1e'
11E8E149-CCAE-8BC0-AF82-12DF17AE4E1E,2011-ncaa-d1-natl,ncaa,317,320,199,319,238,263,276,204,311,325,329,234,68,11,306,4,284,310,73,318,178,241,280,271,263,232,14,15,228,314,331,330,235,334,338,295,273,47,105,234,97,59,297,281,,,137,218,,,317,243,177,168,262,279,154,326,330,43,9,272,312,316,216,264,314,337,337,306,77,75,297,,187,,,314,241,231,63,337,197,29,342,263,213,291,287,180,129,328,127,239,60,76,342,342,336,215,235,140,42,235,308,331,221,338,320,319,162,105,280,16,41,97,253,,,269,210,,,317,98,265,323,315,287,283,94,238,37,288,256,213,153,155,101,109,71,334,274,328,127,33,126,,260,,,b'\x11\xe8\xe1I\xcc\xae\x8b\xc0\xaf\x82\x12\xdf\x17\xaeN\x1e'
11E8E149-CCAE-8BC0-AF82-12DF17AE4E1E,2012-ncaa-d0-natl,ncaa,252,260,163,262,167,144,193,200,179,337,342,113,4,4,64,2,237,235,177,238,15,207,208,52,59,87,2,1,271,314,333,263,109,302,306,147,82,141,199,140,131,114,337,337,,,180,222,,,207,163,128,50,116,181,180,338,341,4,3,240,236,241,202,215,322,277,318,116,177,113,338,,215,,,209,245,240,121,324,219,62,338,264,277,195,296,179,166,226,172,268,127,146,329,324,310,192,234,119,45,109,269,333,168,306,275,236,153,122,234,62,97,164,330,,,169,120,,,207,181,141,270,204,276,277,139,263,47,269,290,205,190,200,152,169,43,299,200,280,124,90,178,,146,,,b'\x11\xe8\xe1I\xcc\xae\x8b\xc0\xaf\x82\x12\xdf\x17\xaeN\x1e'
11E8E149-CCAE-8BC0-AF82-12DF17AE4E1E,2012-ncaa-d1-conf-Horizon,ncaa,10,10,7,10,7,5,6,6,6,10,10,6,1,1,2,1,7,9,5,9,2,7,6,3,4,4,1,1,8,10,10,9,6,10,10,6,5,6,6,5,3,4,9,9,,,8,8,,,6,5,5,1,4,6,3,10,10,1,1,7,8,8,4,4,10,9,10,4,6,3,9,,9,,,6,8,9,4,10,9,5,10,4,5,9,5,7,7,4,7,7,4,4,10,10,10,2,3,6,2,6,8,10,5,10,10,7,4,3,5,2,3,7,10,,,6,7,,,6,6,6,9,7,9,9,5,9,7,5,5,9,8,9,6,8,3,9,8,10,3,3,8,,6,,,b'\x11\xe8\xe1I\xcc\xae\x8b\xc0\xaf\x82\x12\xdf\x17\xaeN\x1e'
11E8E149-CCAE-8BC0-AF82-12DF17AE4E1E,2012-ncaa-d1-natl,ncaa,267,260,196,269,204,167,216,228,184,339,343,118,5,5,64,2,251,258,174,262,14,238,249,52,64,90,2,2,268,324,332,289,114,317,312,166,83,121,202,145,150,123,338,338,,,159,227,,,221,198,130,46,123,191,187,339,341,5,3,241,239,246,215,217,324,280,320,122,180,120,339,,218,,,223,232,233,93,325,210,44,338,258,269,198,295,168,153,225,157,266,103,112,330,326,315,192,232,118,33,114,254,332,149,312,271,240,172,127,242,53,97,154,331,,,185,113,,,221,150,146,274,216,282,279,141,264,49,271,293,207,196,202,156,166,42,302,205,283,133,91,178,,147,,,b'\x11\xe8\xe1I\xcc\xae\x8b\xc0\xaf\x82\x12\xdf\x17\xaeN\x1e'
11E8E149-CCAE-8BC0-AF82-12DF17AE4E1E,2013-ncaa-d0-natl,ncaa,60,54,80,58,117,123,169,173,164,300,338,46,14,7,164,6,124,150,111,150,3,167,188,73,69,71,8,12,170,279,293,206,103,255,245,136,102,102,127,108,149,137,333,330,,,251,283,,,88,153,237,335,137,221,256,328,341,14,5,148,188,188,253,288,301,292,320,159,75,176,337,,212,,,94,137,171,98,265,219,98,308,95,167,40,209,126,153,51,160,215,97,164,240,229,134,71,103,150,53,103,231,293,156,245,165,160,78,55,87,34,54,195,331,,,69,19,,,88,192,104,105,92,78,109,28,159,44,72,131,92,130,137,30,60,38,170,97,130,101,32,175,,69,,,b'\x11\xe8\xe1I\xcc\xae\x8b\xc0\xaf\x82\x12\xdf\x17\xaeN\x1e'
11E8E149-CCAE-8BC0-AF82-12DF17AE4E1E,2013-ncaa-d1-conf-Horizon,ncaa,2,2,3,2,5,6,8,9,7,8,9,3,3,1,8,1,6,5,7,5,1,8,7,4,4,4,1,3,4,8,7,6,4,8,6,6,3,7,6,5,4,4,8,8,,,8,8,,,2,5,6,9,9,9,8,9,9,4,1,5,5,5,8,8,7,7,9,8,5,5,8,,8,,,2,2,2,1,5,4,4,6,1,1,2,1,5,8,1,8,8,2,4,2,2,2,1,1,7,2,4,7,7,6,6,2,2,2,2,2,2,3,7,8,,,3,2,,,2,5,7,2,2,2,2,2,4,5,1,1,5,6,8,2,3,2,5,4,2,2,3,6,,2,,,b'\x11\xe8\xe1I\xcc\xae\x8b\xc0\xaf\x82\x12\xdf\x17\xaeN\x1e'
11E8E149-CCAE-8BC0-AF82-12DF17AE4E1E,2013-ncaa-d1-natl,ncaa,56,54,49,56,86,101,145,144,165,298,336,46,9,5,149,6,108,130,103,131,3,146,166,69,65,65,5,11,172,265,289,197,104,243,242,122,108,110,119,109,135,124,333,331,,,276,285,,,88,131,232,333,134,220,253,329,340,11,4,143,182,184,252,284,297,295,319,159,68,161,337,,222,,,88,171,187,115,259,224,100,307,108,177,48,211,148,176,69,194,225,117,193,245,231,137,85,105,162,65,104,256,289,181,242,182,173,60,44,83,33,48,187,329,,,55,19,,,88,211,93,102,88,82,107,26,149,35,79,132,106,134,144,26,62,32,172,91,131,95,31,164,,75,,,b'\x11\xe8\xe1I\xcc\xae\x8b\xc0\xaf\x82\x12\xdf\x17\xaeN\x1e'
11E8E149-CCAE-8BC0-AF82-12DF17AE4E1E,2014-ncaa-d0-natl,ncaa,197,173,254,200,289,188,247,275,175,305,317,168,56,80,66,49,149,164,109,165,32,258,250,94,84,116,24,44,105,238,189,175,138,209,147,120,27,171,235,134,341,346,193,194,,,31,35,,,214,240,112,270,122,206,215,295,307,39,49,95,121,123,200,173,205,79,134,68,240,343,173,,58,,,219,186,246,235,209,213,136,284,282,316,89,330,36,21,269,19,34,192,112,219,187,290,134,281,18,137,138,87,189,100,147,258,220,338,338,342,247,288,68,194,,,152,61,,,214,119,128,287,211,283,315,334,279,235,318,340,56,43,42,311,230,202,164,177,304,329,284,91,,63,,,b'\x11\xe8\xe1I\xcc\xae\x8b\xc0\xaf\x82\x12\xdf\x17\xaeN\x1e'
11E8E149-CCAE-8BC0-AF82-12DF17AE4E1E,2014-ncaa-d1-conf-Horizon,ncaa,3,3,3,3,3,3,7,6,6,8,7,7,2,4,1,4,2,2,2,2,1,4,5,4,3,4,1,1,1,6,6,1,4,4,4,2,2,6,6,5,9,9,3,3,,,1,1,,,4,2,5,3,4,8,7,9,8,2,5,2,3,3,7,7,7,1,3,3,7,9,3,,1,,,4,4,7,9,2,6,9,2,6,6,2,6,1,1,7,1,1,8,8,2,1,3,3,6,1,7,4,5,6,6,4,5,2,8,8,8,7,7,5,6,,,2,1,,,4,8,4,5,4,3,5,8,4,9,6,6,1,1,1,7,6,7,4,5,4,8,7,4,,2,,,b'\x11\xe8\xe1I\xcc\xae\x8b\xc0\xaf\x82\x12\xdf\x17\xaeN\x1e'
11E8E149-CCAE-8BC0-AF82-12DF17AE4E1E,2014-ncaa-d1-natl,ncaa,173,171,145,178,163,145,187,198,169,269,295,157,50,62,68,53,117,140,113,141,34,187,168,98,86,115,30,47,127,197,181,106,130,142,137,83,23,219,223,119,335,339,171,195,,,49,24,,,201,167,121,114,104,186,187,285,300,38,49,101,125,130,178,152,196,70,127,56,236,334,168,,53,,,202,258,306,307,193,277,214,276,294,327,84,326,39,24,285,22,16,268,195,207,164,272,110,274,11,191,130,147,181,166,137,282,194,323,336,336,274,280,91,197,,,106,83,,,201,201,126,273,196,283,317,336,284,248,311,338,44,32,31,313,238,200,164,179,290,322,276,96,,81,,,b'\x11\xe8\xe1I\xcc\xae\x8b\xc0\xaf\x82\x12\xdf\x17\xaeN\x1e'
11E8E149-CCAE-8BC0-AF82-12DF17AE4E1E,2015-ncaa-d0-natl,ncaa,97,67,172,87,205,130,204,270,88,300,342,59,30,39,59,16,85,136,13,135,8,250,282,38,18,23,8,23,73,303,267,145,117,222,166,87,21,46,110,55,332,331,200,224,,,41,67,,,116,260,284,120,93,201,290,315,339,23,28,51,119,117,268,306,303,94,237,66,58,333,204,,48,,,112,143,237,244,184,208,209,178,261,254,200,267,10,10,115,10,12,180,91,192,130,250,100,286,7,145,117,72,267,89,166,238,212,341,337,342,86,153,63,222,,,157,39,,,116,87,45,257,114,173,266,307,237,244,275,279,9,10,9,232,77,160,92,102,260,339,110,66,,133,,,b'\x11\xe8\xe1I\xcc\xae\x8b\xc0\xaf\x82\x12\xdf\x17\xaeN\x1e'
11E8E149-CCAE-8BC0-AF82-12DF17AE4E1E,2015-ncaa-d1-conf-Horizon,ncaa,4,4,3,4,5,4,8,9,4,9,9,2,2,2,2,1,3,3,1,3,1,7,8,2,2,3,1,1,2,8,8,5,5,8,6,2,2,5,8,5,8,8,4,7,,,2,3,,,3,6,8,5,4,8,9,9,9,1,2,3,3,3,9,8,8,7,8,3,5,8,7,,3,,,3,4,5,8,5,4,7,4,5,5,8,4,1,1,7,1,1,6,4,5,4,6,2,5,1,5,5,3,8,3,6,5,3,8,8,8,6,8,3,7,,,4,1,,,3,4,3,7,4,5,6,6,5,6,5,4,1,1,1,4,3,4,2,3,3,8,6,2,,4,,,b'\x11\xe8\xe1I\xcc\xae\x8b\xc0\xaf\x82\x12\xdf\x17\xaeN\x1e'
11E8E149-CCAE-8BC0-AF82-12DF17AE4E1E,2015-ncaa-d1-natl,ncaa,80,67,97,78,116,85,140,208,80,261,330,47,18,25,70,17,62,127,14,123,10,184,226,34,17,20,12,25,100,259,229,84,118,156,131,52,22,49,77,30,303,316,204,236,,,54,56,,,80,203,291,135,81,168,269,295,335,22,27,62,131,125,245,304,281,96,200,51,40,313,217,,37,,,78,188,257,290,151,226,244,154,282,297,176,276,8,9,95,8,12,245,158,161,102,214,107,291,7,188,118,107,229,137,131,274,219,324,329,332,92,121,86,212,,,129,62,,,80,145,30,233,72,148,240,296,198,230,271,283,8,8,8,216,74,160,79,91,237,335,82,68,,154,,,b'\x11\xe8\xe1I\xcc\xae\x8b\xc0\xaf\x82\x12\xdf\x17\xaeN\x1e'
11E8E149-CCAE-8BC0-AF82-12DF17AE4E1E,2016-ncaa-d0-natl,ncaa,100,111,76,111,107,126,152,115,223,297,332,103,15,9,175,5,218,238,162,235,54,136,173,111,130,101,8,8,281,295,332,159,235,228,323,104,69,43,49,53,245,287,280,301,,,108,67,,,161,122,195,280,157,206,169,333,345,13,10,269,278,278,212,289,323,231,310,114,32,287,292,,74,,,161,233,280,284,180,308,256,274,125,263,10,223,104,122,87,122,91,265,245,147,106,172,41,91,70,268,235,317,332,314,323,150,53,212,257,194,125,135,135,276,,,129,90,,,161,233,150,179,159,176,228,245,274,209,96,241,72,96,98,216,165,213,283,272,112,261,94,101,,171,,,b'\x11\xe8\xe1I\xcc\xae\x8b\xc0\xaf\x82\x12\xdf\x17\xaeN\x1e'
11E8E149-CCAE-8BC0-AF82-12DF17AE4E1E,2016-ncaa-d1-conf-Horizon,ncaa,6,5,3,6,6,7,7,5,8,9,10,7,1,1,6,1,8,9,5,9,5,7,7,5,6,4,1,1,8,8,9,10,10,10,10,5,1,3,5,3,5,6,10,10,,,3,3,,,6,4,5,9,7,8,7,9,10,1,1,8,10,10,9,8,8,10,10,4,4,5,10,,3,,,6,5,6,5,7,9,6,9,1,1,1,1,9,9,4,9,6,6,7,5,4,5,1,1,8,10,10,8,9,10,10,2,1,4,5,3,6,7,6,9,,,6,6,,,6,7,6,7,6,6,5,6,8,6,1,1,8,8,9,6,6,10,8,9,2,5,6,5,,6,,,b'\x11\xe8\xe1I\xcc\xae\x8b\xc0\xaf\x82\x12\xdf\x17\xaeN\x1e'
11E8E149-CCAE-8BC0-AF82-12DF17AE4E1E,2016-ncaa-d1-natl,ncaa,85,111,30,103,47,91,115,70,196,271,328,88,10,7,138,5,200,230,153,219,61,90,116,87,104,89,8,8,291,274,318,107,225,175,304,67,63,102,68,55,233,285,264,291,,,153,67,,,146,67,192,282,141,192,179,329,345,11,10,272,282,283,218,278,316,225,305,99,46,281,285,,73,,,149,273,305,308,166,313,289,251,167,292,12,228,138,155,96,159,93,309,295,139,106,160,54,110,76,286,225,322,318,320,304,163,45,175,246,180,192,156,179,291,,,93,105,,,146,288,135,172,146,166,214,239,249,197,109,244,77,95,98,212,162,204,252,239,100,256,123,118,,182,,,b'\x11\xe8\xe1I\xcc\xae\x8b\xc0\xaf\x82\x12\xdf\x17\xaeN\x1e'
11E8E149-CCAE-8BC0-AF82-12DF17AE4E1E,2017-ncaa-d0-natl,ncaa,302,283,291,306,291,218,238,242,208,321,332,197,45,42,96,11,270,324,12,323,197,264,299,117,110,97,14,9,258,345,344,295,224,334,337,150,44,33,101,75,326,318,330,332,,,58,80,,,291,255,99,24,129,175,129,303,315,13,20,224,304,303,178,220,340,240,331,78,95,303,323,,134,,,292,250,275,168,331,273,125,342,219,229,160,268,129,121,217,122,166,156,93,330,323,335,99,178,89,83,224,246,344,190,337,165,62,305,300,290,189,269,210,317,,,305,243,,,291,106,182,328,284,335,334,310,335,236,281,300,205,192,201,309,270,184,333,300,260,265,261,262,,254,,,b'\x11\xe8\xe1I\xcc\xae\x8b\xc0\xaf\x82\x12\xdf\x17\xaeN\x1e'
11E8E149-CCAE-8BC0-AF82-12DF17AE4E1E,2017-ncaa-d1-conf-Horizon,ncaa,7,7,7,7,7,7,8,8,6,10,10,8,1,1,3,1,9,10,2,10,7,9,9,5,5,5,1,1,7,10,9,9,10,10,10,4,2,3,4,3,8,9,10,10,,,4,2,,,8,8,4,1,7,7,3,10,10,1,1,8,10,10,5,7,9,8,10,4,4,8,10,,5,,,8,8,10,8,9,10,9,10,4,4,6,1,6,7,7,7,4,8,6,9,8,9,2,2,5,6,10,9,9,9,10,6,2,8,8,8,7,8,10,10,,,9,7,,,8,3,7,10,7,10,10,10,10,10,5,4,6,7,7,10,9,9,10,10,7,7,7,10,,7,,,b'\x11\xe8\xe1I\xcc\xae\x8b\xc0\xaf\x82\x12\xdf\x17\xaeN\x1e'
11E8E149-CCAE-8BC0-AF82-12DF17AE4E1E,2017-ncaa-d1-natl,ncaa,283,282,217,287,227,163,190,184,188,294,324,159,30,28,101,12,262,315,14,316,217,221,265,107,98,89,17,12,274,335,341,269,234,328,336,90,28,47,94,58,306,316,328,330,,,76,74,,,286,189,97,30,117,149,112,284,309,16,19,237,309,307,169,219,335,244,326,48,86,294,325,,115,,,288,312,314,234,334,307,180,339,248,258,170,263,166,154,241,160,158,219,161,332,328,336,99,177,93,145,234,284,341,252,336,213,58,274,286,275,226,266,220,303,,,280,256,,,286,167,166,330,282,334,333,312,337,245,279,299,202,185,193,310,269,197,325,294,254,259,260,246,,265,,,b'\x11\xe8\xe1I\xcc\xae\x8b\xc0\xaf\x82\x12\xdf\x17\xaeN\x1e'
11E8E149-CCAE-8BC0-AF82-12DF17AE4E1E,2018-ncaa-d0-natl,ncaa,185,189,164,195,180,214,226,260,166,325,339,112,36,32,100,10,296,305,138,306,114,282,303,86,89,100,13,7,295,327,323,231,161,300,268,156,63,83,187,120,322,320,185,183,,,125,197,,,215,268,300,111,224,244,289,335,342,28,23,305,313,317,312,327,332,224,323,145,98,325,185,,147,,,214,141,190,163,230,203,134,278,150,197,88,240,62,86,37,86,132,142,83,216,175,251,91,182,72,112,161,138,323,119,268,147,112,325,311,286,237,305,248,346,,,252,139,,,215,84,161,248,217,163,216,184,226,149,169,223,73,121,122,159,65,130,168,146,161,322,254,258,,248,,,b'\x11\xe8\xe1I\xcc\xae\x8b\xc0\xaf\x82\x12\xdf\x17\xaeN\x1e'
11E8E149-CCAE-8BC0-AF82-12DF17AE4E1E,2018-ncaa-d1-conf-Horizon,ncaa,4,4,3,4,4,6,6,6,5,9,10,4,1,1,2,1,8,8,2,9,3,8,9,3,3,3,1,1,7,9,9,4,6,8,8,3,1,4,5,3,9,9,6,8,,,5,3,,,6,7,6,6,7,7,7,9,10,1,1,7,9,9,10,10,9,4,9,4,3,10,7,,5,,,6,5,8,9,4,9,9,7,3,5,1,5,4,6,1,6,4,8,6,3,2,7,1,3,3,8,6,5,9,5,8,4,1,10,10,9,7,8,8,10,,,7,5,,,6,5,5,7,5,6,6,9,9,9,3,4,4,6,6,7,5,7,5,6,4,10,7,8,,9,,,b'\x11\xe8\xe1I\xcc\xae\x8b\xc0\xaf\x82\x12\xdf\x17\xaeN\x1e'
11E8E149-CCAE-8BC0-AF82-12DF17AE4E1E,2018-ncaa-d1-natl,ncaa,169,188,97,185,106,157,181,212,137,301,337,86,29,27,89,10,279,299,115,306,128,248,262,68,78,90,16,6,305,321,311,174,165,265,248,109,49,107,170,101,301,308,167,176,,,153,172,,,193,206,297,139,197,215,276,329,342,23,22,305,322,323,304,324,330,220,319,118,94,319,182,,126,,,193,189,236,233,200,244,185,266,182,248,70,247,86,113,54,108,121,218,139,185,148,236,91,183,73,145,165,180,311,159,248,167,96,289,300,258,257,291,270,343,,,222,150,,,193,148,128,230,191,152,202,186,216,147,162,228,74,106,105,154,73,129,147,141,143,312,232,256,,246,,,b'\x11\xe8\xe1I\xcc\xae\x8b\xc0\xaf\x82\x12\xdf\x17\xaeN\x1e'
11E8E149-CCAE-8BC0-AF82-12DF17AE4E1E,2019-ncaa-d0-natl,ncaa,95,57,173,73,203,134,188,253,100,287,344,42,37,40,81,10,116,189,19,193,16,253,287,49,38,45,12,21,129,300,261,80,6,164,45,94,30,46,119,60,348,344,148,154,,,10,27,,,51,275,295,109,106,169,280,302,343,24,26,87,171,175,274,313,305,36,128,78,80,347,142,,13,,,43,32,78,160,51,84,184,44,107,127,128,161,16,26,31,27,34,119,49,49,30,90,104,220,45,11,6,65,261,31,45,33,44,335,330,239,146,217,216,333,,,166,45,,,51,72,57,60,39,39,89,175,95,218,115,146,21,33,36,119,31,13,80,33,40,338,161,228,,137,,,b'\x11\xe8\xe1I\xcc\xae\x8b\xc0\xaf\x82\x12\xdf\x17\xaeN\x1e'
11E8E149-CCAE-8BC0-AF82-12DF17AE4E1E,2019-ncaa-d1-conf-Horizon,ncaa,3,3,3,3,4,2,3,7,1,7,10,1,1,1,2,1,1,4,1,6,1,6,6,1,1,1,1,1,5,7,5,2,2,4,3,2,4,4,4,3,10,10,6,6,,,2,3,,,3,5,6,5,2,3,7,7,10,1,1,1,5,5,7,9,8,2,5,2,3,10,4,,1,,,3,4,6,7,5,8,10,5,1,3,2,1,4,4,1,4,3,8,4,5,3,5,1,1,3,4,2,2,5,3,3,4,2,10,10,5,6,6,5,6,,,4,4,,,3,6,1,5,2,4,5,5,5,8,1,2,3,5,5,5,5,3,2,2,4,10,5,4,,4,,,b'\x11\xe8\xe1I\xcc\xae\x8b\xc0\xaf\x82\x12\xdf\x17\xaeN\x1e'
11E8E149-CCAE-8BC0-AF82-12DF17AE4E1E,2019-ncaa-d1-natl,ncaa,73,57,107,67,128,105,146,203,88,270,337,36,31,26,78,12,105,171,20,176,20,210,241,47,36,38,17,24,149,281,253,42,3,109,33,70,26,58,103,48,345,345,135,143,,,11,25,,,38,216,298,127,102,157,267,291,341,25,26,104,183,190,265,313,302,27,112,63,69,347,143,,12,,,35,47,98,229,40,95,210,28,162,188,129,207,11,26,21,27,30,171,91,44,22,80,125,266,33,20,3,83,253,31,33,42,47,328,328,232,181,207,224,327,,,138,67,,,38,131,50,47,33,34,82,179,74,197,138,167,10,25,26,110,30,12,75,28,37,336,157,217,,148,,,b'\x11\xe8\xe1I\xcc\xae\x8b\xc0\xaf\x82\x12\xdf\x17\xaeN\x1e'
11E8E149-CCAE-8BC0-AF82-12DF17AE4E1E,2020-ncaa-d0-natl,ncaa,239,216,260,236,272,242,275,279,231,314,322,174,111,89,202,40,188,284,2,286,137,291,311,178,135,131,48,61,113,326,317,256,142,310,268,307,279,59,142,219,335,329,274,271,,,121,221,,,269,291,249,53,204,245,246,300,308,85,58,130,266,267,256,289,320,199,291,292,107,328,270,,185,,,268,198,190,121,264,152,77,276,246,226,258,270,172,121,324,122,196,107,46,285,294,326,242,258,166,63,142,148,317,105,268,164,149,321,309,307,28,70,270,337,,,226,80,,,269,61,182,309,266,277,271,216,214,145,289,275,215,172,175,215,124,113,228,187,220,311,51,297,,155,,,b'\x11\xe8\xe1I\xcc\xae\x8b\xc0\xaf\x82\x12\xdf\x17\xaeN\x1e'
11E8E149-CCAE-8BC0-AF82-12DF17AE4E1E,2020-ncaa-d1-conf-Horizon,ncaa,7,7,7,7,7,8,8,7,9,10,9,8,5,2,8,1,4,8,1,8,4,7,10,8,6,8,1,2,1,8,8,8,6,7,7,9,9,4,7,8,9,9,6,6,,,5,7,,,8,9,6,1,7,8,7,10,9,2,1,2,8,8,6,7,7,8,7,9,6,9,6,,7,,,8,6,6,3,9,4,2,8,8,5,10,7,7,6,7,6,6,3,3,9,9,10,8,9,8,6,6,5,8,6,7,6,5,10,9,9,3,3,10,10,,,5,2,,,8,2,8,10,8,7,7,6,6,3,8,7,7,7,7,6,6,6,6,6,6,9,3,10,,4,,,b'\x11\xe8\xe1I\xcc\xae\x8b\xc0\xaf\x82\x12\xdf\x17\xaeN\x1e'
11E8E149-CCAE-8BC0-AF82-12DF17AE4E1E,2020-ncaa-d1-natl,ncaa,214,215,128,220,162,189,221,232,201,303,312,152,67,55,140,38,157,273,3,268,137,247,276,132,105,114,36,51,132,314,302,202,126,276,241,259,250,98,148,190,308,307,274,274,,,131,181,,,236,231,246,73,181,223,240,300,314,60,52,137,271,267,253,289,310,197,282,262,114,307,280,,154,,,237,248,244,189,261,195,115,286,277,282,228,283,174,128,319,127,174,171,111,286,288,313,235,263,140,89,126,188,302,151,241,222,170,284,284,294,64,95,278,330,,,167,90,,,236,121,163,293,239,260,261,199,200,112,287,283,182,143,140,187,115,90,202,159,224,286,72,282,,155,,,b'\x11\xe8\xe1I\xcc\xae\x8b\xc0\xaf\x82\x12\xdf\x17\xaeN\x1e'
11E8E149-CCAE-8BC0-AF82-12DF17AE4E1E,2021-ncaa-d0-natl,ncaa,174,83,273,135,279,245,248,288,35,254,302,21,171,210,67,68,252,272,93,272,103,289,292,24,26,48,97,85,226,312,271,257,79,286,106,163,23,62,219,80,301,281,260,205,,,56,190,,,125,280,279,209,127,128,310,192,314,83,108,207,236,236,309,317,320,139,271,40,160,294,223,,134,,,114,74,80,70,183,81,63,198,114,108,174,263,35,45,10,45,109,66,60,194,140,220,176,260,35,52,79,47,271,44,106,64,77,308,293,251,89,241,118,289,,,255,42,,,125,61,81,200,120,127,169,162,136,101,226,240,35,72,74,121,43,75,34,31,113,315,189,208,,134,,,b'\x11\xe8\xe1I\xcc\xae\x8b\xc0\xaf\x82\x12\xdf\x17\xaeN\x1e'
11E8E149-CCAE-8BC0-AF82-12DF17AE4E1E,2021-ncaa-d1-conf-Horizon,ncaa,6,6,7,7,7,5,5,8,2,6,9,1,3,4,3,2,6,9,2,8,7,7,7,1,1,2,5,4,10,8,8,6,4,7,5,4,3,6,8,3,10,11,7,7,,,5,5,,,6,7,8,7,3,3,10,5,11,2,3,7,9,9,11,10,12,5,8,3,7,11,6,,4,,,6,7,8,6,7,8,7,6,10,8,7,11,4,5,2,5,2,6,6,7,7,7,5,11,1,5,4,5,8,4,5,7,3,10,12,10,8,9,10,11,,,8,6,,,6,6,3,7,6,7,8,11,8,8,10,11,3,3,3,8,5,4,5,4,6,12,7,10,,7,,,b'\x11\xe8\xe1I\xcc\xae\x8b\xc0\xaf\x82\x12\xdf\x17\xaeN\x1e'
11E8E149-CCAE-8BC0-AF82-12DF17AE4E1E,2021-ncaa-d1-natl,ncaa,184,82,281,139,285,261,262,294,36,270,304,21,176,217,69,69,265,281,85,279,100,297,294,25,27,50,95,85,224,313,274,266,84,293,113,181,23,56,224,81,304,286,268,210,,,53,196,,,136,288,281,209,132,135,312,199,317,83,111,210,238,235,312,320,321,148,276,41,159,297,227,,135,,,128,69,76,64,190,76,57,202,106,101,185,264,33,41,10,41,111,61,55,208,148,232,172,260,34,48,84,41,274,39,113,62,80,313,295,260,81,245,115,291,,,266,43,,,136,55,85,217,131,135,176,164,142,106,232,242,35,77,78,126,40,79,34,32,116,316,191,212,,135,,,b'\x11\xe8\xe1I\xcc\xae\x8b\xc0\xaf\x82\x12\xdf\x17\xaeN\x1e'
11E8E149-CCAE-8BC0-AF82-12DF17AE4E1E,2022-ncaa-d0-natl,ncaa,67,19,216,35,219,193,232,263,167,319,347,80,48,42,114,10,189,202,132,200,15,259,272,86,78,86,8,17,170,283,241,183,21,235,96,116,20,60,142,79,293,266,283,273,,,67,157,,,85,267,302,28,157,225,279,337,351,27,21,164,176,169,267,301,277,127,215,68,91,291,287,,90,,,81,53,53,82,105,44,68,106,177,169,208,261,60,79,39,82,190,69,67,141,115,128,260,288,123,10,21,85,241,33,96,36,93,260,185,127,54,102,178,339,,,166,45,,,85,97,108,83,75,63,70,81,52,59,203,196,82,115,115,61,39,9,107,40,59,245,72,216,,112,,,b'\x11\xe8\xe1I\xcc\xae\x8b\xc0\xaf\x82\x12\xdf\x17\xaeN\x1e'
11E8E149-CCAE-8BC0-AF82-12DF17AE4E1E,2022-ncaa-d1-conf-Horizon,ncaa,2,2,5,2,5,2,5,6,3,10,11,2,1,1,2,1,5,4,5,4,2,5,9,2,2,2,1,2,5,8,8,2,2,6,4,2,1,4,3,2,10,10,11,11,,,5,6,,,3,9,9,1,3,6,9,11,12,1,1,3,4,4,7,8,8,3,6,1,2,11,11,,4,,,3,3,2,5,5,3,7,4,6,5,8,6,5,6,2,6,5,6,4,5,4,5,6,8,5,1,2,6,8,4,4,5,5,8,10,7,2,4,5,8,,,4,3,,,3,4,2,5,3,4,4,6,4,6,5,5,5,6,6,6,5,1,3,3,4,10,3,5,,3,,,b'\x11\xe8\xe1I\xcc\xae\x8b\xc0\xaf\x82\x12\xdf\x17\xaeN\x1e'
11E8E149-CCAE-8BC0-AF82-12DF17AE4E1E,2022-ncaa-d1-natl,ncaa,48,19,146,31,150,165,205,221,163,310,344,74,35,28,116,10,156,174,122,168,13,217,244,86,82,83,9,17,165,251,235,134,15,185,86,97,20,87,135,71,266,245,278,264,,,71,122,,,69,233,299,29,153,227,272,338,351,26,23,150,173,166,251,295,271,115,192,64,94,282,290,,67,,,63,60,65,110,87,55,75,116,183,223,111,289,59,91,34,91,180,99,91,109,86,90,250,282,113,11,15,124,235,52,86,43,91,223,167,100,56,79,192,326,,,119,37,,,69,131,102,53,57,45,56,74,41,42,182,227,66,91,95,56,37,11,109,35,52,230,58,193,,101,,,b'\x11\xe8\xe1I\xcc\xae\x8b\xc0\xaf\x82\x12\xdf\x17\xaeN\x1e'
11E8E149-CCAE-8BC0-AF82-12DF17AE4E1E,2023-ncaa-d0-natl,ncaa,135,74,290,107,317,221,217,306,103,291,351,23,87,67,167,17,308,292,290,297,79,312,334,59,91,93,57,30,321,309,250,189,16,255,92,101,12,32,134,44,334,306,242,189,,,98,266,,,103,321,281,206,152,155,247,264,346,47,23,291,263,266,259,296,283,81,175,33,89,317,209,,177,,,94,26,15,43,52,14,41,53,109,114,147,217,183,147,280,143,263,41,22,67,94,163,316,232,305,6,16,46,250,14,92,54,250,344,302,273,25,109,24,170,,,296,184,,,103,37,113,112,97,74,36,88,36,78,167,175,254,223,224,97,42,22,136,57,127,330,70,45,,238,,,b'\x11\xe8\xe1I\xcc\xae\x8b\xc0\xaf\x82\x12\xdf\x17\xaeN\x1e'
11E8E149-CCAE-8BC0-AF82-12DF17AE4E1E,2023-ncaa-d1-conf-Horizon,ncaa,3,3,7,3,8,7,7,9,4,9,10,3,3,3,4,2,8,8,10,8,5,9,11,3,5,5,4,2,10,9,8,6,4,8,6,3,2,5,9,3,9,7,6,6,,,6,9,,,4,11,9,2,6,5,9,8,10,2,2,8,6,6,8,8,9,5,7,2,6,8,4,,8,,,4,2,2,2,3,2,4,2,2,2,4,3,10,7,11,8,9,2,1,3,4,4,9,2,11,3,4,3,8,4,6,2,8,10,9,9,4,7,3,7,,,7,5,,,4,1,5,5,4,4,3,5,4,6,2,2,10,8,9,5,3,4,5,5,4,10,5,6,,5,,,b'\x11\xe8\xe1I\xcc\xae\x8b\xc0\xaf\x82\x12\xdf\x17\xaeN\x1e'
11E8E149-CCAE-8BC0-AF82-12DF17AE4E1E,2023-ncaa-d1-natl,ncaa,114,74,219,98,288,188,175,265,84,251,344,15,69,52,164,20,300,280,289,279,92,277,313,47,74,75,71,37,331,289,246,152,12,216,88,63,12,49,119,33,301,268,237,186,,,110,222,,,76,302,270,223,136,118,238,235,341,46,26,294,264,267,251,289,280,77,171,28,85,291,216,,151,,,70,33,18,55,41,13,51,46,134,150,121,242,193,156,286,157,252,56,36,53,74,122,316,248,297,7,12,79,246,21,88,75,253,315,259,235,31,88,33,156,,,278,205,,,76,55,89,79,71,58,32,76,28,70,169,193,232,202,205,87,48,21,132,55,112,305,57,50,,256,,,b'\x11\xe8\xe1I\xcc\xae\x8b\xc0\xaf\x82\x12\xdf\x17\xaeN\x1e'
11E8E149-CCAE-8BC0-AF82-12DF17AE4E1E,2024-ncaa-d0-natl,ncaa,206,228,143,223,183,219,216,205,229,268,309,132,107,59,244,28,299,330,40,331,273,237,225,177,185,212,75,49,300,270,272,185,209,222,237,95,16,247,268,124,209,202,81,52,,,192,216,,,236,210,243,263,260,254,260,308,334,102,50,320,341,343,297,288,292,209,270,68,234,215,76,,177,,,234,162,136,177,118,113,124,174,193,244,97,267,219,194,290,185,230,179,156,133,169,181,264,223,241,195,209,166,272,179,237,184,233,224,220,223,255,278,173,282,,,263,258,,,236,153,239,203,235,151,117,153,106,89,192,240,213,184,181,155,106,190,168,173,172,239,247,162,,293,,,b'\x11\xe8\xe1I\xcc\xae\x8b\xc0\xaf\x82\x12\xdf\x17\xaeN\x1e'
11E8E149-CCAE-8BC0-AF82-12DF17AE4E1E,2024-ncaa-d1-conf-Horizon,ncaa,5,6,3,6,5,7,7,7,9,9,9,7,5,3,7,2,8,10,2,10,9,7,6,7,8,7,4,3,8,3,6,8,11,7,9,3,3,9,8,6,5,5,3,1,,,9,9,,,7,8,7,7,9,9,7,9,10,4,3,8,10,10,8,6,2,9,10,3,8,4,3,,8,,,7,7,6,6,4,7,8,4,5,8,3,5,9,9,8,9,9,8,8,3,5,5,8,5,10,11,11,6,6,10,9,6,8,6,6,7,7,8,8,10,,,9,10,,,7,5,8,5,7,6,5,5,6,7,5,8,9,9,9,8,8,10,6,9,6,7,7,9,,10,,,b'\x11\xe8\xe1I\xcc\xae\x8b\xc0\xaf\x82\x12\xdf\x17\xaeN\x1e'
11E8E149-CCAE-8BC0-AF82-12DF17AE4E1E,2024-ncaa-d1-natl,ncaa,218,230,130,229,175,233,229,228,220,282,326,123,109,59,246,30,290,322,41,321,238,258,249,178,174,207,73,56,284,295,283,180,198,233,234,94,16,252,283,132,221,215,82,60,,,191,216,,,236,209,249,264,270,272,282,315,339,109,58,314,336,337,312,296,302,209,277,72,239,234,87,,177,,,235,155,120,176,104,97,103,183,196,259,62,285,223,201,302,192,238,179,154,127,162,179,263,222,258,186,198,168,283,174,234,182,232,227,220,222,254,289,164,277,,,246,221,,,236,153,246,193,237,136,97,146,82,73,191,254,215,188,186,144,100,182,153,157,166,242,254,161,,283,,,b'\x11\xe8\xe1I\xcc\xae\x8b\xc0\xaf\x82\x12\xdf\x17\xaeN\x1e'
11E8E149-CCAE-8BC0-AF82-12DF17AE4E1E,2025-ncaa-d0-natl,genius_ncaa,282,249,301,281,307,327,331,315,315,325,320,284,257,213,293,111,280,280,224,280,150,320,318,306,304,312,115,147,144,277,249,291,50,302,191,254,74,140,270,245,289,240,188,135,,,101,263,,69,281,317,230,76,313,320,258,313,274,214,145,247,241,242,268,236,238,222,247,208,257,256,153,,203,,105,287,54,35,30,188,42,47,164,77,46,242,111,246,224,271,233,307,41,25,198,234,235,254,140,334,8,50,116,249,29,191,73,217,290,196,197,42,135,206,313,,,240,109,,131,281,45,315,181,284,177,113,70,121,119,138,89,314,297,302,117,81,20,244,130,157,224,106,284,,148,,88,b'\x11\xe8\xe1I\xcc\xae\x8b\xc0\xaf\x82\x12\xdf\x17\xaeN\x1e'
11E8E149-CCAE-8BC0-AF82-12DF17AE4E1E,2025-ncaa-d1-conf-Horizon,genius_ncaa,9,8,8,9,8,10,11,9,10,10,9,10,8,7,7,4,7,7,4,7,6,10,10,9,8,8,6,4,4,7,5,8,4,8,4,6,4,8,8,7,10,10,6,5,,,5,5,,2,6,10,6,1,8,11,7,10,8,7,4,6,7,7,9,5,5,7,6,6,9,10,5,,5,,3,6,2,3,1,6,5,4,6,2,4,4,4,8,6,8,6,8,2,1,5,6,5,5,3,11,3,4,6,5,3,4,5,7,10,9,7,3,3,9,10,,,4,2,,4,6,2,8,5,7,5,5,4,6,7,3,4,10,8,8,6,4,4,6,4,5,9,3,11,,1,,4,b'\x11\xe8\xe1I\xcc\xae\x8b\xc0\xaf\x82\x12\xdf\x17\xaeN\x1e'
11E8E149-CCAE-8BC0-AF82-12DF17AE4E1E,2025-ncaa-d1-natl,genius_ncaa,246,249,172,257,183,267,270,228,295,277,249,261,211,162,288,121,231,225,208,221,152,229,225,281,285,284,125,153,145,204,207,182,37,210,138,193,72,223,247,224,255,230,137,113,,,159,239,,85,236,220,229,93,289,293,243,285,246,207,143,231,220,218,242,221,193,171,193,189,235,247,130,,178,,92,234,109,72,90,141,92,119,136,102,90,158,120,280,271,257,280,293,112,104,135,171,184,237,120,327,16,37,185,207,103,138,97,193,234,185,170,93,131,274,311,,,164,102,,99,236,148,290,137,235,128,90,79,102,117,111,102,295,281,291,113,85,25,204,105,113,216,113,290,,132,,81,b'\x11\xe8\xe1I\xcc\xae\x8b\xc0\xaf\x82\x12\xdf\x17\xaeN\x1e'
11E8E149-CCAE-8BC0-AF82-12DF17AE4E1E,2026-ncaa-d0-natl,genius_ncaa,123,80,206,123,216,219,200,274,78,189,262,78,207,239,118,160,262,288,70,277,218,278,290,82,83,86,226,167,254,324,294,196,116,254,156,162,109,63,142,93,293,293,106,50,,,134,261,,118,160,278,330,97,193,165,310,153,265,177,225,250,290,277,320,352,335,127,251,122,78,314,73,,171,,143,159,89,85,100,144,65,66,178,181,197,156,301,122,139,91,137,247,93,87,172,167,198,276,279,183,86,116,73,294,77,156,173,320,284,255,280,62,120,10,38,,,218,54,,187,160,91,122,191,143,117,105,110,80,45,231,264,156,180,174,100,37,122,87,81,232,295,79,19,,167,,182,b'\x11\xe8\xe1I\xcc\xae\x8b\xc0\xaf\x82\x12\xdf\x17\xaeN\x1e'
11E8E149-CCAE-8BC0-AF82-12DF17AE4E1E,2026-ncaa-d1-conf-Horizon,genius_ncaa,4,5,4,5,4,8,6,9,4,6,7,5,7,9,6,7,10,10,10,10,10,10,10,5,5,5,9,5,10,10,10,4,5,7,5,5,4,2,3,3,8,9,2,2,,,4,5,,8,5,10,11,1,9,5,7,5,6,7,8,10,10,10,11,11,11,1,4,4,2,9,2,,5,,8,6,2,2,5,4,5,7,5,2,4,1,4,4,5,4,5,4,7,3,3,3,4,1,1,8,7,5,4,10,6,5,4,6,9,10,9,1,1,1,2,,,9,7,,9,5,2,5,4,4,2,4,4,7,8,1,4,5,5,5,8,2,7,4,6,5,10,1,1,,10,,9,b'\x11\xe8\xe1I\xcc\xae\x8b\xc0\xaf\x82\x12\xdf\x17\xaeN\x1e'
11E8E149-CCAE-8BC0-AF82-12DF17AE4E1E,2026-ncaa-d1-natl,genius_ncaa,110,80,177,113,197,198,176,269,68,170,256,69,171,228,105,165,221,233,150,219,155,263,280,70,72,87,198,162,235,283,209,175,95,217,107,143,100,94,158,97,224,180,87,33,,,157,268,,125,121,272,301,100,166,147,285,141,254,160,208,217,227,211,284,322,281,113,184,103,104,211,64,,188,,147,116,80,71,93,104,56,66,136,182,207,148,279,133,145,114,147,253,96,92,141,134,141,285,264,204,81,95,62,209,60,107,180,322,235,187,230,81,123,8,24,,,171,57,,211,121,96,105,136,108,96,73,91,61,43,212,243,156,161,162,90,55,97,57,52,210,217,90,16,,126,,208,b'\x11\xe8\xe1I\xcc\xae\x8b\xc0\xaf\x82\x12\xdf\x17\xaeN\x1e'
11E8E149-D4AB-81B6-987C-12DF17AE4E1E,2018-ncaa-d2-conf-Gulf South,ncaa,11,11,9,11,12,14,14,13,14,14,12,14,10,9,12,7,14,14,13,14,13,14,14,14,14,14,7,6,12,9,9,12,14,11,13,12,6,4,10,11,7,3,4,3,,,1,2,,,13,14,13,9,14,14,12,14,10,9,8,14,13,13,13,13,8,11,9,11,7,6,4,,2,,,13,1,2,3,7,1,2,6,8,8,12,14,1,1,4,1,2,2,1,9,7,4,12,14,1,12,14,7,9,7,13,13,14,10,5,13,4,7,2,4,,,14,14,,,13,1,14,8,13,3,4,4,3,2,12,10,1,2,2,3,4,12,11,12,13,7,5,4,,14,,,b'\x11\xe8\xe1I\xd4\xab\x81\xb6\x98|\x12\xdf\x17\xaeN\x1e'
11E8E149-D4AB-81B6-987C-12DF17AE4E1E,2018-ncaa-d2-natl,ncaa,225,229,206,228,238,303,301,250,304,292,250,299,233,187,287,113,296,267,307,265,216,264,260,301,305,305,131,103,229,213,230,255,261,244,273,250,54,107,221,226,113,66,96,51,,,13,23,,,258,265,280,226,308,305,265,299,251,227,159,298,266,259,275,272,193,250,243,253,155,95,78,,12,,,254,25,36,64,81,22,43,68,177,158,190,268,12,17,93,18,64,38,56,106,77,60,221,289,48,189,261,186,230,187,273,206,303,166,85,199,67,140,16,59,,,304,304,,,258,38,300,103,265,32,53,85,36,51,202,197,16,21,21,43,66,222,246,255,235,121,94,24,,307,,,b'\x11\xe8\xe1I\xd4\xab\x81\xb6\x98|\x12\xdf\x17\xaeN\x1e'
11E8E149-D4AB-81B6-987C-12DF17AE4E1E,2019-ncaa-d2-conf-Gulf South,ncaa,11,11,9,11,13,13,13,13,12,13,13,12,6,7,8,2,13,13,12,13,11,13,13,12,12,12,4,2,13,13,13,7,9,11,11,12,5,5,11,10,13,13,1,1,,,1,1,,,12,13,13,13,13,13,13,13,13,6,6,13,13,13,13,13,13,3,9,12,6,13,1,,1,,,12,1,3,5,3,7,12,2,1,1,4,1,2,3,2,3,2,3,1,3,2,7,3,3,3,11,9,7,13,9,11,3,4,13,13,13,7,13,2,9,,,13,12,,,12,1,13,9,12,5,8,11,9,13,3,1,2,4,4,10,1,12,12,12,6,13,8,3,,13,,,b'\x11\xe8\xe1I\xd4\xab\x81\xb6\x98|\x12\xdf\x17\xaeN\x1e'
11E8E149-D4AB-81B6-987C-12DF17AE4E1E,2019-ncaa-d2-natl,ncaa,271,294,118,277,181,289,279,239,291,289,281,267,137,81,267,18,305,305,275,305,293,261,261,278,292,287,88,26,303,287,298,80,122,174,239,249,134,123,220,220,304,307,41,60,,,15,18,,,274,247,291,305,307,304,284,305,300,142,72,310,310,310,304,304,294,48,200,269,124,309,36,,9,,,265,60,113,191,52,173,253,55,33,61,45,39,39,62,49,65,30,167,78,37,25,124,30,47,82,185,122,255,298,239,239,54,46,305,311,287,141,230,38,110,,,302,304,,,274,63,295,158,274,55,99,185,171,277,34,48,37,53,56,148,33,177,262,239,56,311,140,29,,310,,,b'\x11\xe8\xe1I\xd4\xab\x81\xb6\x98|\x12\xdf\x17\xaeN\x1e'
11E8E149-D4AB-81B6-987C-12DF17AE4E1E,2020-ncaa-d2-conf-Gulf South,ncaa,11,11,11,11,12,12,13,13,12,13,13,12,9,8,8,3,12,12,2,12,10,13,13,11,11,11,1,1,4,11,8,9,11,11,9,13,4,4,12,12,12,12,4,4,,,2,6,,,11,13,13,8,12,13,13,13,13,8,8,12,12,12,13,13,11,9,10,12,8,12,3,,2,,,11,3,3,4,5,5,6,5,2,1,5,2,8,7,10,7,6,3,2,5,5,9,4,3,11,8,11,4,8,6,9,3,2,13,13,10,5,13,9,13,,,13,11,,,11,1,11,11,11,7,7,6,9,10,2,3,10,10,10,6,3,11,7,9,3,13,7,9,,13,,,b'\x11\xe8\xe1I\xd4\xab\x81\xb6\x98|\x12\xdf\x17\xaeN\x1e'
11E8E149-D4AB-81B6-987C-12DF17AE4E1E,2020-ncaa-d2-natl,ncaa,168,182,102,177,151,210,224,199,227,268,261,240,85,81,111,44,214,252,52,250,190,218,201,180,181,200,32,33,186,204,222,77,157,129,160,180,101,194,213,195,241,257,73,102,,,68,68,,,187,196,249,218,239,260,244,287,284,80,79,244,278,274,265,257,218,67,137,196,172,269,81,,49,,,184,116,130,193,64,170,238,62,70,98,65,68,173,187,116,176,130,191,142,56,59,117,93,77,201,233,157,178,222,207,160,56,26,252,275,149,202,218,155,235,,,264,278,,,187,110,209,148,186,93,105,173,142,226,64,83,162,173,162,173,90,212,159,194,44,284,177,149,,297,,,b'\x11\xe8\xe1I\xd4\xab\x81\xb6\x98|\x12\xdf\x17\xaeN\x1e'
11E8E149-D4AB-81B6-987C-12DF17AE4E1E,2021-ncaa-d2-conf-Gulf South,ncaa,13,11,10,13,10,12,12,12,12,11,10,13,10,10,10,8,12,11,13,11,11,12,10,12,13,13,6,7,7,12,10,11,12,11,12,12,12,5,12,12,12,12,8,7,,,5,9,,,12,10,8,8,13,13,11,12,9,10,10,13,11,11,12,10,10,11,12,12,11,12,8,,8,,,12,3,3,4,8,3,3,10,3,4,4,3,2,2,11,2,5,4,4,8,8,9,4,3,9,6,12,3,10,5,12,3,6,11,9,8,5,10,7,10,,,12,10,,,12,4,13,10,12,10,10,10,9,10,4,5,11,7,8,9,7,11,8,9,8,10,9,8,,13,,,b'\x11\xe8\xe1I\xd4\xab\x81\xb6\x98|\x12\xdf\x17\xaeN\x1e'
11E8E149-D4AB-81B6-987C-12DF17AE4E1E,2021-ncaa-d2-natl,ncaa,190,191,132,197,139,170,171,159,192,168,157,195,163,146,174,98,161,152,168,151,103,155,149,191,193,201,92,105,80,155,176,154,195,160,202,183,200,117,196,213,159,178,153,173,,,100,150,,,202,147,172,121,208,207,201,202,183,175,130,187,163,160,206,183,164,186,204,214,174,184,172,,121,,,200,91,91,86,122,105,86,152,71,90,41,105,114,100,179,102,151,86,81,107,122,136,86,62,172,126,195,101,176,106,202,86,98,143,141,122,114,171,92,123,,,162,160,,,202,79,209,162,201,113,106,105,131,100,69,104,169,135,145,109,88,171,133,163,97,154,144,90,,195,,,b'\x11\xe8\xe1I\xd4\xab\x81\xb6\x98|\x12\xdf\x17\xaeN\x1e'
11E8E149-D4AB-81B6-987C-12DF17AE4E1E,2022-ncaa-d2-conf-Gulf South,ncaa,13,13,11,13,12,11,11,10,7,13,13,8,8,8,3,8,12,12,6,12,10,12,12,6,6,9,7,7,8,12,12,12,13,12,13,12,9,5,9,9,10,9,5,5,,,7,8,,,12,12,7,8,10,11,10,12,10,8,8,11,13,13,12,11,12,12,11,11,8,9,5,,9,,,12,6,6,4,10,6,6,9,2,3,7,6,8,9,4,9,7,4,5,7,8,10,6,6,9,11,13,4,12,7,13,6,5,9,10,8,5,7,8,10,,,12,11,,,12,3,9,11,11,9,9,10,10,11,7,8,9,9,9,11,9,13,10,10,7,10,6,8,,12,,,b'\x11\xe8\xe1I\xd4\xab\x81\xb6\x98|\x12\xdf\x17\xaeN\x1e'
11E8E149-D4AB-81B6-987C-12DF17AE4E1E,2022-ncaa-d2-natl,ncaa,263,254,248,269,254,250,252,277,137,264,278,158,173,213,70,103,228,244,106,242,115,276,279,109,116,149,76,79,145,272,241,257,268,276,264,253,215,80,206,217,243,203,177,145,,,87,207,,,226,271,236,128,213,228,263,243,255,105,147,176,193,190,264,248,253,237,262,236,158,207,149,,193,,,228,68,60,48,199,87,69,196,69,67,147,125,138,152,90,148,226,52,38,191,192,219,152,112,218,177,268,49,241,84,264,43,88,256,218,182,30,110,99,226,,,268,183,,,226,27,167,261,225,202,182,152,195,161,131,132,231,237,236,187,140,251,139,199,117,215,76,166,,251,,,b'\x11\xe8\xe1I\xd4\xab\x81\xb6\x98|\x12\xdf\x17\xaeN\x1e'
11E8E149-D4AB-81B6-987C-12DF17AE4E1E,2023-ncaa-d2-conf-Gulf South,ncaa,11,11,9,11,9,7,5,4,8,8,5,8,6,7,9,7,7,9,1,9,11,7,5,8,7,7,11,9,10,9,11,11,10,10,11,7,7,11,8,8,5,5,12,12,,,11,10,,,11,4,1,3,5,4,1,6,2,5,5,6,8,8,2,1,4,9,6,7,12,5,12,,13,,,11,13,13,11,13,13,8,13,12,11,10,9,12,12,11,10,10,11,11,13,13,12,5,7,5,9,10,10,11,10,11,11,3,5,5,6,8,6,6,6,,,8,9,,,11,10,8,12,11,13,13,12,13,11,12,12,13,13,11,12,13,11,12,11,11,5,9,6,,7,,,b'\x11\xe8\xe1I\xd4\xab\x81\xb6\x98|\x12\xdf\x17\xaeN\x1e'
11E8E149-D4AB-81B6-987C-12DF17AE4E1E,2023-ncaa-d2-natl,ncaa,241,266,110,254,125,102,98,100,133,94,100,108,127,108,184,131,120,175,26,181,220,108,85,131,116,148,186,160,160,128,158,209,234,190,238,108,136,229,190,165,91,123,269,273,,,241,201,,,259,79,40,157,101,89,75,88,101,130,105,142,192,199,103,73,144,260,237,97,213,95,279,,238,,,252,284,273,201,287,255,129,291,274,261,242,243,265,252,249,251,251,214,225,288,291,283,212,203,162,205,234,194,158,204,238,259,151,85,123,174,180,134,92,66,,,132,189,,,259,223,151,282,248,287,278,216,257,101,269,261,264,239,239,239,246,191,184,193,249,87,165,69,,138,,,b'\x11\xe8\xe1I\xd4\xab\x81\xb6\x98|\x12\xdf\x17\xaeN\x1e'
11E8E149-D4AB-81B6-987C-12DF17AE4E1E,2024-ncaa-d2-conf-Gulf South,ncaa,4,3,3,4,4,4,4,4,7,6,7,7,4,4,6,5,3,3,2,3,4,4,3,7,4,5,4,5,5,2,1,5,10,2,3,9,9,8,6,8,7,7,2,3,,,1,1,,,5,6,13,8,4,5,7,8,9,4,5,2,3,3,5,4,2,8,2,9,6,7,2,,1,,,5,10,12,13,7,11,12,7,11,10,9,8,1,1,8,1,1,12,11,7,6,7,2,11,1,13,10,6,1,8,3,12,13,6,6,12,4,4,11,11,,,5,10,,,5,8,3,7,5,5,7,9,6,11,10,7,1,1,1,6,6,11,2,6,12,8,3,11,,9,,,b'\x11\xe8\xe1I\xd4\xab\x81\xb6\x98|\x12\xdf\x17\xaeN\x1e'
11E8E149-D4AB-81B6-987C-12DF17AE4E1E,2024-ncaa-d2-natl,ncaa,55,74,50,72,65,86,96,104,103,135,180,72,55,45,112,55,83,118,38,113,76,103,96,81,71,86,64,70,136,32,9,158,217,85,44,197,283,186,138,210,189,208,65,71,,,21,10,,,118,143,292,184,119,151,212,194,260,70,66,120,162,161,207,221,51,255,151,253,123,230,79,,6,,,120,216,254,232,224,253,213,219,229,210,210,191,27,20,195,21,11,191,164,226,190,222,50,199,11,217,217,46,9,92,44,275,245,204,224,276,96,74,223,249,,,148,200,,,118,146,49,236,127,116,199,155,199,139,186,154,10,7,7,72,30,168,6,25,249,254,62,187,,234,,,b'\x11\xe8\xe1I\xd4\xab\x81\xb6\x98|\x12\xdf\x17\xaeN\x1e'
11E8E149-D4AB-81B6-987C-12DF17AE4E1E,2025-ncaa-d2-conf-Gulf South,genius_ncaa,7,7,5,7,8,5,6,5,6,3,1,6,11,11,9,12,2,1,9,1,6,4,3,6,6,7,11,12,2,3,2,5,9,4,3,7,11,9,8,9,4,5,4,4,,,4,3,,11,8,4,4,6,4,5,3,1,1,12,12,1,1,1,2,2,1,3,3,8,9,4,4,,4,,11,8,11,12,10,10,10,9,8,11,7,12,7,3,3,4,3,2,10,10,10,10,10,5,9,2,10,9,6,2,8,3,11,11,6,8,11,9,9,3,2,,,3,5,,7,8,9,6,10,8,10,11,10,11,10,11,8,4,4,3,10,8,9,7,6,11,7,10,4,,2,,7,b'\x11\xe8\xe1I\xd4\xab\x81\xb6\x98|\x12\xdf\x17\xaeN\x1e'
11E8E149-D4AB-81B6-987C-12DF17AE4E1E,2025-ncaa-d2-natl,genius_ncaa,160,180,109,171,117,124,125,154,97,80,85,95,235,234,217,257,73,51,200,51,80,132,110,140,127,156,249,265,54,63,46,156,228,115,121,208,278,236,215,243,107,121,111,123,,,134,106,,271,215,125,188,39,127,126,184,57,81,257,261,56,48,46,141,100,68,186,125,236,219,116,122,,124,,270,205,257,269,205,261,232,175,239,270,232,280,222,108,125,74,121,104,201,183,270,260,261,166,243,42,242,228,89,46,146,121,285,253,166,198,266,244,225,79,54,,,90,96,,147,215,166,141,267,210,238,257,217,215,160,263,222,90,112,110,193,171,231,69,128,271,195,229,68,,74,,158,b'\x11\xe8\xe1I\xd4\xab\x81\xb6\x98|\x12\xdf\x17\xaeN\x1e'
11E8E149-D4AB-81B6-987C-12DF17AE4E1E,2026-ncaa-d2-conf-Gulf South,genius_ncaa,10,11,1,10,1,8,9,7,12,8,1,12,11,10,8,12,1,1,3,1,4,4,3,12,12,11,6,12,1,1,2,4,6,1,3,11,11,10,9,11,9,9,8,10,,,10,10,,12,10,5,9,1,10,11,10,11,2,11,11,1,1,1,7,4,2,5,2,11,9,9,9,,7,,12,10,10,10,10,4,10,8,8,8,10,2,9,11,9,12,9,6,10,10,4,8,9,7,5,10,9,6,6,2,7,3,12,12,8,11,11,9,8,12,12,,,3,3,,5,10,9,9,9,10,8,7,9,7,4,6,10,10,6,6,8,6,5,3,4,11,10,8,12,,3,,6,b'\x11\xe8\xe1I\xd4\xab\x81\xb6\x98|\x12\xdf\x17\xaeN\x1e'
11E8E149-D4AB-81B6-987C-12DF17AE4E1E,2026-ncaa-d2-natl,genius_ncaa,276,291,59,276,84,174,221,138,273,150,49,280,272,272,253,294,16,12,126,16,51,103,89,285,256,260,194,291,3,69,120,137,204,111,185,269,282,254,235,288,162,223,189,245,,,220,148,,270,288,96,111,88,254,284,249,209,54,293,295,19,14,16,166,116,94,227,169,290,233,214,221,,182,,262,281,260,267,239,288,280,249,290,150,170,89,102,211,188,251,202,107,225,213,271,272,276,23,52,94,207,204,204,120,207,185,280,221,159,233,276,209,172,286,271,,,42,44,,165,288,213,261,283,278,280,285,239,290,245,106,137,180,151,162,230,187,177,166,175,282,217,178,283,,39,,202,b'\x11\xe8\xe1I\xd4\xab\x81\xb6\x98|\x12\xdf\x17\xaeN\x1e'
11E8E149-D4AF-BE66-987C-12DF17AE4E1E,2018-ncaa-d2-conf-PacWest,ncaa,11,11,7,11,8,10,7,6,11,7,3,11,11,11,10,13,10,11,3,11,14,6,5,11,12,12,13,10,10,1,1,7,4,6,2,9,10,12,11,10,4,3,3,3,,,1,2,,,11,7,6,2,9,7,2,6,2,11,11,10,11,11,3,1,1,7,2,8,13,3,3,,1,,,11,10,9,10,11,5,7,9,14,10,13,12,7,5,14,5,6,9,6,11,11,11,11,13,5,2,4,3,1,2,2,14,14,8,8,12,13,13,5,4,,,13,14,,,11,8,11,10,11,12,10,10,8,8,14,13,7,5,5,9,8,4,5,3,14,7,13,6,,12,,,b'\x11\xe8\xe1I\xd4\xaf\xbef\x98|\x12\xdf\x17\xaeN\x1e'
11E8E149-D4AF-BE66-987C-12DF17AE4E1E,2018-ncaa-d2-natl,ncaa,243,272,105,254,116,115,99,51,199,70,28,221,172,184,167,244,176,203,89,198,297,67,44,215,221,229,258,219,224,28,29,93,79,51,48,104,178,287,215,202,53,65,65,67,,,143,67,,,248,70,42,89,112,84,20,56,16,196,206,201,222,222,34,18,21,84,28,106,272,49,65,,118,,,243,284,281,254,244,230,190,222,303,289,297,278,182,157,247,162,135,246,228,277,271,273,253,296,71,122,79,193,29,173,48,299,294,127,187,281,292,249,164,62,,,193,295,,,248,246,204,252,237,283,281,269,214,168,303,290,163,136,142,255,246,109,173,132,299,136,285,135,,231,,,b'\x11\xe8\xe1I\xd4\xaf\xbef\x98|\x12\xdf\x17\xaeN\x1e'
11E8E149-D4AF-BE66-987C-12DF17AE4E1E,2019-ncaa-d2-conf-PacWest,ncaa,11,11,7,11,9,10,10,6,12,7,4,12,12,11,12,12,7,6,8,6,9,6,5,12,12,12,12,12,4,3,2,12,12,7,7,11,11,12,8,12,6,6,9,10,,,5,4,,,12,7,4,8,10,10,5,5,1,12,11,5,4,4,4,3,2,12,6,11,12,6,9,,5,,,12,12,11,7,11,10,7,11,10,7,12,8,6,5,11,5,4,7,7,12,12,11,4,9,3,9,12,6,2,8,7,12,11,7,8,11,12,11,12,10,,,7,8,,,12,6,12,11,12,12,11,10,11,8,11,9,7,6,6,10,9,11,8,8,12,7,12,12,,3,,,b'\x11\xe8\xe1I\xd4\xaf\xbef\x98|\x12\xdf\x17\xaeN\x1e'
11E8E149-D4AF-BE66-987C-12DF17AE4E1E,2019-ncaa-d2-natl,ncaa,278,274,260,279,278,258,263,206,289,233,151,288,267,232,291,222,148,114,250,114,116,190,188,296,289,283,184,246,28,93,77,268,277,210,229,275,266,187,203,277,152,138,274,285,,,49,49,,,299,211,32,260,218,237,48,170,53,254,182,74,43,38,39,21,29,217,88,263,256,91,275,,130,,,297,233,260,156,282,217,140,273,266,203,291,229,86,79,182,87,110,143,117,287,282,288,150,240,48,214,277,158,77,186,229,301,293,220,223,301,255,266,257,261,,,159,139,,,299,97,271,295,295,301,301,293,293,258,298,272,172,164,174,292,276,278,271,279,305,166,288,288,,50,,,b'\x11\xe8\xe1I\xd4\xaf\xbef\x98|\x12\xdf\x17\xaeN\x1e'
11E8E149-D4AF-BE66-987C-12DF17AE4E1E,2020-ncaa-d2-conf-PacWest,ncaa,8,8,7,8,7,8,7,4,9,7,9,9,3,3,6,2,8,6,11,6,5,5,5,8,9,9,2,2,9,4,5,8,9,6,9,7,9,9,6,7,3,3,5,6,,,7,6,,,7,5,2,2,7,6,2,7,8,3,1,8,4,4,1,1,3,8,6,6,10,2,5,,9,,,7,10,10,8,9,11,9,9,5,4,9,3,5,5,5,5,4,6,8,9,9,9,3,4,4,10,9,12,5,11,9,11,6,3,3,4,9,6,10,9,,,7,9,,,7,7,8,8,8,10,10,11,11,9,6,5,7,7,7,10,11,10,12,11,11,1,10,10,,5,,,b'\x11\xe8\xe1I\xd4\xaf\xbef\x98|\x12\xdf\x17\xaeN\x1e'
11E8E149-D4AF-BE66-987C-12DF17AE4E1E,2020-ncaa-d2-natl,ncaa,193,182,223,197,237,152,162,71,252,216,181,231,57,24,198,39,206,142,286,140,99,76,96,217,242,210,54,36,235,79,147,188,232,141,228,192,218,123,78,164,59,58,156,174,,,173,132,,,212,107,16,141,97,101,12,199,141,34,13,184,96,95,13,14,52,118,62,167,162,33,141,,215,,,213,230,243,196,226,230,188,212,223,190,239,159,154,148,195,160,138,190,202,231,221,201,141,182,104,224,232,273,147,256,228,246,204,112,131,175,176,135,151,174,,,168,236,,,212,189,197,213,218,279,277,282,266,261,252,234,201,182,193,275,292,254,297,292,268,76,213,176,,90,,,b'\x11\xe8\xe1I\xd4\xaf\xbef\x98|\x12\xdf\x17\xaeN\x1e'
11E8E149-D4AF-BE66-987C-12DF17AE4E1E,2021-ncaa-d2-conf-PacWest,ncaa,7,3,9,7,9,9,8,9,9,9,10,9,9,8,9,7,10,10,8,10,8,9,9,9,9,9,7,7,6,7,5,10,4,9,6,10,10,1,2,7,7,2,10,10,,,2,9,,,5,10,2,4,5,4,1,3,2,6,4,5,3,3,1,1,2,5,4,9,3,1,8,,10,,,5,1,1,1,9,2,1,6,1,1,10,1,2,3,3,3,7,1,1,7,7,4,1,1,8,1,4,2,5,1,6,1,3,7,1,2,1,3,5,8,,,10,8,,,5,1,8,2,5,6,7,3,9,9,1,1,8,9,9,4,8,3,10,9,4,1,4,9,,3,,,b'\x11\xe8\xe1I\xd4\xaf\xbef\x98|\x12\xdf\x17\xaeN\x1e'
11E8E149-D4AF-BE66-987C-12DF17AE4E1E,2021-ncaa-d2-natl,ncaa,175,35,208,128,208,203,200,199,204,200,197,187,206,195,210,120,203,207,164,206,186,199,204,203,206,163,167,152,131,195,119,207,29,204,142,215,223,10,4,108,199,52,206,191,,,25,191,,,110,207,11,121,65,60,3,47,12,118,33,99,71,67,4,9,27,61,25,202,12,40,154,,214,,,113,21,21,16,179,27,25,116,12,10,193,1,26,28,31,28,113,17,17,126,135,98,7,2,184,13,29,30,119,21,142,14,15,205,59,30,9,4,53,186,,,206,166,,,110,20,151,64,116,163,174,136,210,216,4,1,191,211,206,170,191,40,225,213,56,35,12,218,,48,,,b'\x11\xe8\xe1I\xd4\xaf\xbef\x98|\x12\xdf\x17\xaeN\x1e'
11E8E149-D4AF-BE66-987C-12DF17AE4E1E,2022-ncaa-d2-conf-PacWest,ncaa,2,2,4,2,4,5,5,2,8,4,3,6,5,5,8,5,4,2,11,2,4,1,1,8,8,7,7,6,7,1,1,6,7,3,5,8,10,6,4,8,1,1,2,2,,,9,9,,,4,5,3,2,4,4,1,4,2,5,4,6,2,2,1,1,1,7,3,8,5,1,2,,10,,,4,6,4,6,5,8,7,3,4,2,9,2,11,9,11,8,7,6,8,4,7,3,5,4,11,6,7,10,1,10,5,5,5,2,1,2,4,1,7,6,,,3,7,,,4,8,4,3,4,6,5,3,5,7,4,2,9,7,7,4,8,5,7,6,6,2,3,7,,5,,,b'\x11\xe8\xe1I\xd4\xaf\xbef\x98|\x12\xdf\x17\xaeN\x1e'
11E8E149-D4AF-BE66-987C-12DF17AE4E1E,2022-ncaa-d2-natl,ncaa,68,81,64,79,80,104,98,24,270,82,36,241,138,47,284,128,122,46,297,44,147,24,30,273,283,244,193,177,184,5,20,99,173,28,90,208,288,157,48,211,11,11,13,13,,,238,175,,,87,72,87,72,148,129,8,113,35,170,55,166,63,60,10,20,4,154,13,254,106,16,9,,194,,,90,150,154,188,78,188,247,38,59,48,186,22,205,214,105,211,126,199,228,56,63,33,75,47,224,227,173,272,20,264,90,105,82,26,30,24,132,48,245,160,,,79,233,,,87,231,178,33,93,73,80,103,135,233,40,21,165,173,171,118,209,169,259,233,68,36,97,225,,103,,,b'\x11\xe8\xe1I\xd4\xaf\xbef\x98|\x12\xdf\x17\xaeN\x1e'
11E8E149-D4AF-BE66-987C-12DF17AE4E1E,2023-ncaa-d2-conf-PacWest,ncaa,8,8,10,8,10,9,9,11,8,8,9,8,10,11,9,7,10,7,10,7,7,10,11,8,9,9,8,6,5,6,4,10,5,10,6,10,11,5,7,9,5,3,6,4,,,1,1,,,9,11,10,5,9,9,8,8,7,10,8,8,7,7,9,9,3,8,7,10,7,4,6,,1,,,9,1,4,2,8,2,1,9,9,9,9,10,1,1,2,1,1,1,1,9,8,8,7,10,1,2,5,1,4,1,6,8,10,10,6,9,5,9,5,5,,,9,7,,,9,1,9,7,9,5,7,6,5,2,10,9,1,1,1,1,2,4,7,6,8,8,9,6,,7,,,b'\x11\xe8\xe1I\xd4\xaf\xbef\x98|\x12\xdf\x17\xaeN\x1e'
11E8E149-D4AF-BE66-987C-12DF17AE4E1E,2023-ncaa-d2-natl,ncaa,241,206,255,238,261,278,268,270,248,244,241,228,266,252,267,201,267,245,270,243,190,277,273,251,266,262,240,215,169,190,121,252,135,242,139,287,285,78,199,271,183,90,222,166,,,4,1,,,195,278,224,53,265,243,201,191,125,251,213,237,180,180,201,174,103,170,134,286,188,114,185,,1,,,194,18,48,44,137,28,20,154,180,173,178,284,4,4,11,4,5,14,15,170,106,101,136,287,1,41,135,46,121,28,139,148,255,227,132,216,158,243,50,92,,,259,166,,,195,16,256,101,203,77,170,190,97,75,257,268,1,2,2,84,86,121,159,134,238,157,239,106,,187,,,b'\x11\xe8\xe1I\xd4\xaf\xbef\x98|\x12\xdf\x17\xaeN\x1e'
11E8E149-D4AF-BE66-987C-12DF17AE4E1E,2024-ncaa-d2-conf-PacWest,ncaa,9,9,7,9,10,9,8,8,7,6,8,7,7,7,9,5,9,8,10,8,8,8,5,8,8,11,8,8,8,5,5,10,11,9,9,11,10,11,11,11,4,5,3,3,,,8,7,,,10,7,2,10,8,6,5,6,5,7,6,8,8,8,6,2,5,8,8,11,11,3,3,,10,,,10,10,9,5,10,5,3,8,11,8,11,9,9,8,9,8,9,6,8,11,11,10,10,8,7,9,11,7,5,8,9,9,9,3,4,7,8,8,4,5,,,8,9,,,10,5,10,10,10,10,10,9,7,3,11,8,9,8,8,9,10,10,9,9,9,1,10,5,,8,,,b'\x11\xe8\xe1I\xd4\xaf\xbef\x98|\x12\xdf\x17\xaeN\x1e'
11E8E149-D4AF-BE66-987C-12DF17AE4E1E,2024-ncaa-d2-natl,ncaa,245,247,207,253,247,222,210,216,198,214,222,162,170,138,211,92,255,236,279,231,188,221,177,183,218,250,155,114,233,185,172,245,288,240,261,251,268,273,280,283,132,142,115,95,,,189,191,,,276,169,42,292,208,187,155,184,184,146,98,252,197,194,174,75,141,244,223,252,276,104,95,,238,,,269,219,197,139,228,143,118,200,259,207,278,216,184,187,129,181,206,148,170,250,247,217,248,243,130,256,288,109,172,188,261,243,237,104,104,182,206,221,53,93,,,205,206,,,276,132,255,248,268,270,262,250,207,175,277,247,214,217,213,254,273,283,188,253,266,60,231,75,,152,,,b'\x11\xe8\xe1I\xd4\xaf\xbef\x98|\x12\xdf\x17\xaeN\x1e'
11E8E149-D4AF-BE66-987C-12DF17AE4E1E,2025-ncaa-d2-conf-PacWest,genius_ncaa,13,13,9,13,10,14,13,13,11,11,13,5,10,6,13,6,12,9,14,10,5,13,8,11,13,14,11,6,9,7,5,10,10,8,8,9,3,14,14,11,11,11,4,2,,,11,12,,7,14,11,8,3,13,13,10,9,11,10,6,12,9,10,12,6,6,6,7,7,14,10,2,,12,,9,14,6,3,9,2,4,5,3,5,8,3,8,11,11,10,11,13,10,7,2,7,9,12,6,12,11,10,4,5,4,8,9,9,11,11,12,14,14,6,9,,,11,11,,10,14,6,14,10,14,9,8,13,7,8,7,10,12,12,13,13,10,12,4,7,10,11,14,6,,11,,9,b'\x11\xe8\xe1I\xd4\xaf\xbef\x98|\x12\xdf\x17\xaeN\x1e'
11E8E149-D4AF-BE66-987C-12DF17AE4E1E,2025-ncaa-d2-natl,genius_ncaa,195,200,207,203,213,247,236,226,228,248,280,118,155,82,277,30,272,240,294,237,110,234,202,215,244,267,111,78,248,163,135,129,190,146,142,198,104,249,277,241,219,212,63,41,,,234,270,,245,216,205,135,126,263,238,210,257,276,137,49,276,230,228,224,127,127,46,73,180,269,206,43,,260,,258,210,64,39,124,7,36,98,14,113,177,52,189,244,228,169,235,257,142,119,20,37,67,270,161,273,217,190,90,135,138,142,51,135,225,225,133,221,261,66,139,,,233,222,,147,216,95,259,104,205,113,57,208,49,156,155,217,257,250,257,248,197,250,145,192,83,202,255,75,,211,,140,b'\x11\xe8\xe1I\xd4\xaf\xbef\x98|\x12\xdf\x17\xaeN\x1e'
11E8E149-D4B4-2B0E-987C-12DF17AE4E1E,2018-ncaa-d2-conf-RMAC,ncaa,14,14,9,14,15,11,10,8,13,8,5,13,12,9,12,12,8,8,13,7,10,8,8,13,14,14,12,12,8,2,2,15,15,13,14,14,15,13,11,14,3,1,5,6,,,12,15,,,14,8,2,15,11,10,4,6,4,11,9,6,6,6,5,2,2,15,13,14,13,1,5,,14,,,14,15,14,2,15,14,9,14,4,1,14,1,15,15,15,15,14,4,10,14,15,14,5,2,13,14,15,4,2,11,14,14,15,2,1,9,11,11,13,11,,,7,10,,,14,8,10,14,14,15,14,4,15,11,7,2,15,15,15,10,14,14,9,14,14,1,11,13,,7,,,b'\x11\xe8\xe1I\xd4\xb4+\x0e\x98|\x12\xdf\x17\xaeN\x1e'
11E8E149-D4B4-2B0E-987C-12DF17AE4E1E,2018-ncaa-d2-natl,ncaa,291,245,301,291,303,300,299,301,245,275,265,238,293,292,264,222,264,258,199,256,173,300,298,260,250,253,221,239,97,198,79,306,297,305,272,297,264,57,230,271,135,39,206,138,,,80,285,,,266,302,155,216,242,241,174,177,113,254,230,164,152,142,166,129,67,308,294,276,237,42,148,,276,,,275,38,31,4,306,65,12,297,23,3,301,28,176,134,296,126,267,5,8,305,307,288,136,47,257,39,297,10,79,13,272,157,288,184,35,172,50,179,44,125,,,282,163,,,266,8,237,281,278,256,226,31,255,123,120,18,288,269,266,71,157,175,152,153,281,46,186,139,,156,,,b'\x11\xe8\xe1I\xd4\xb4+\x0e\x98|\x12\xdf\x17\xaeN\x1e'
11E8E149-D4B4-2B0E-987C-12DF17AE4E1E,2019-ncaa-d2-conf-RMAC,ncaa,16,15,11,16,12,16,14,12,16,14,12,15,13,9,15,7,15,15,2,15,14,14,14,16,16,15,8,8,7,12,13,15,15,14,15,15,11,12,13,14,10,9,10,9,,,6,8,,,14,15,7,3,15,13,11,12,10,11,9,15,15,15,12,10,11,15,14,15,13,8,9,,9,,,14,13,13,4,15,13,2,15,6,5,15,6,11,9,13,9,12,4,2,15,15,14,6,4,9,10,15,14,13,13,15,15,14,6,5,11,4,6,4,8,,,15,16,,,14,3,14,14,14,14,14,7,14,6,10,7,15,12,12,7,10,11,15,13,15,4,6,4,,15,,,b'\x11\xe8\xe1I\xd4\xb4+\x0e\x98|\x12\xdf\x17\xaeN\x1e'
11E8E149-D4B4-2B0E-987C-12DF17AE4E1E,2019-ncaa-d2-natl,ncaa,298,298,227,299,231,283,285,274,271,281,270,271,229,206,224,114,258,287,19,285,236,283,281,264,248,260,106,124,127,278,280,286,153,290,273,281,231,132,252,269,181,126,261,228,,,123,239,,,279,268,277,21,293,292,282,287,257,198,179,249,282,276,296,282,280,289,299,285,194,162,260,,185,,,277,94,72,23,275,92,29,282,99,67,225,163,219,185,265,188,277,29,42,270,287,260,196,123,251,37,153,131,280,75,273,127,203,182,91,158,62,161,73,165,,,277,199,,,279,46,279,246,278,176,139,29,139,38,154,103,252,226,227,44,51,68,213,144,171,142,105,101,,263,,,b'\x11\xe8\xe1I\xd4\xb4+\x0e\x98|\x12\xdf\x17\xaeN\x1e'
11E8E149-D4B4-2B0E-987C-12DF17AE4E1E,2020-ncaa-d2-conf-RMAC,ncaa,15,15,13,15,14,16,16,15,16,15,15,15,10,9,13,7,14,14,11,14,13,16,15,16,16,16,8,8,7,14,13,15,12,15,15,16,12,8,13,15,12,9,15,15,,,8,14,,,15,16,12,10,16,15,13,15,12,9,8,14,13,13,14,13,12,15,15,16,10,10,15,,12,,,15,10,10,1,15,9,1,16,9,11,7,14,3,7,1,7,11,1,1,15,15,14,5,10,4,3,12,7,13,5,15,12,14,11,7,13,6,10,10,13,,,15,13,,,15,2,16,14,15,12,14,6,11,3,10,13,6,9,9,6,4,7,12,9,14,8,9,13,,14,,,b'\x11\xe8\xe1I\xd4\xb4+\x0e\x98|\x12\xdf\x17\xaeN\x1e'
11E8E149-D4B4-2B0E-987C-12DF17AE4E1E,2020-ncaa-d2-natl,ncaa,277,296,102,288,147,295,294,261,303,297,282,300,190,116,277,49,279,276,181,277,207,270,262,295,295,292,53,59,143,264,277,269,210,276,281,294,236,165,247,283,223,200,304,302,,,184,243,,,299,251,303,199,309,309,304,308,300,202,131,298,296,296,307,303,282,297,303,303,143,240,307,,156,,,291,182,182,75,279,143,34,306,240,253,150,295,102,145,31,146,250,74,74,292,279,265,199,247,89,112,210,198,277,166,281,239,253,201,163,244,117,195,165,256,,,266,237,,,299,76,302,267,294,148,158,29,124,7,227,247,89,137,135,35,14,99,179,148,225,224,107,154,,300,,,b'\x11\xe8\xe1I\xd4\xb4+\x0e\x98|\x12\xdf\x17\xaeN\x1e'
11E8E149-D4B4-2B0E-987C-12DF17AE4E1E,2021-ncaa-d2-conf-RMAC,ncaa,11,10,11,12,11,11,11,11,11,13,12,12,7,7,5,3,12,12,10,12,10,11,11,8,10,12,3,3,13,13,14,12,14,13,14,8,1,9,14,7,5,2,10,10,,,8,12,,,12,11,1,2,10,11,5,13,10,3,6,14,13,13,9,4,13,13,14,3,14,2,10,,14,,,13,4,5,4,13,5,4,14,5,4,8,10,8,6,9,6,11,4,4,12,12,9,8,6,11,4,14,5,14,4,14,8,12,5,2,5,9,12,7,13,,,12,14,,,12,4,13,9,11,12,12,7,10,6,11,10,12,13,13,8,14,11,13,14,12,1,12,13,,12,,,b'\x11\xe8\xe1I\xd4\xb4+\x0e\x98|\x12\xdf\x17\xaeN\x1e'
11E8E149-D4B4-2B0E-987C-12DF17AE4E1E,2021-ncaa-d2-natl,ncaa,159,156,144,172,144,163,164,158,163,175,164,186,100,128,46,53,188,189,171,189,193,160,155,133,157,177,49,22,213,186,203,186,206,189,219,135,31,111,200,140,62,13,158,151,,,109,192,,,190,148,107,6,175,169,138,190,167,50,74,216,217,215,165,126,198,222,223,86,194,16,165,,205,,,187,84,87,64,188,80,59,201,101,89,162,158,93,86,141,85,176,67,78,193,196,142,153,135,136,83,206,89,203,85,219,93,152,90,21,64,118,185,137,205,,,174,200,,,190,78,195,141,184,156,143,59,121,56,161,143,158,149,144,76,146,137,158,165,164,24,180,190,,208,,,b'\x11\xe8\xe1I\xd4\xb4+\x0e\x98|\x12\xdf\x17\xaeN\x1e'
11E8E149-D4B4-2B0E-987C-12DF17AE4E1E,2022-ncaa-d2-conf-RMAC,ncaa,8,7,8,8,10,10,8,7,9,9,10,7,8,6,13,6,15,12,13,11,10,8,7,10,10,11,10,7,13,12,14,14,14,14,14,11,13,11,12,13,3,2,8,8,,,12,14,,,9,5,1,9,11,8,6,9,9,6,6,15,10,10,7,5,12,15,14,12,13,2,7,,15,,,9,5,5,4,8,7,5,10,2,6,1,9,12,12,5,12,14,6,10,6,7,4,8,2,12,11,14,15,14,14,14,6,7,2,2,3,11,10,7,7,,,10,12,,,9,11,13,3,9,9,8,4,8,5,2,9,14,14,15,6,14,12,15,14,8,2,11,7,,9,,,b'\x11\xe8\xe1I\xd4\xb4+\x0e\x98|\x12\xdf\x17\xaeN\x1e'
11E8E149-D4B4-2B0E-987C-12DF17AE4E1E,2022-ncaa-d2-natl,ncaa,187,161,222,186,231,220,206,216,176,216,235,141,165,136,208,81,265,227,272,221,175,224,216,167,196,201,148,98,246,256,267,270,249,280,287,230,232,152,204,233,33,10,137,78,,,236,288,,,187,197,61,123,199,168,136,182,202,113,76,255,198,195,149,122,248,285,286,225,218,12,122,,295,,,187,69,42,37,169,62,37,213,55,92,46,161,237,241,114,241,297,57,99,155,190,93,208,86,282,116,249,150,267,132,287,41,118,58,18,23,156,209,99,171,,,236,227,,,187,102,240,92,190,148,92,47,108,57,100,141,275,276,276,106,225,174,243,219,93,22,218,143,,194,,,b'\x11\xe8\xe1I\xd4\xb4+\x0e\x98|\x12\xdf\x17\xaeN\x1e'
11E8E149-D4B4-2B0E-987C-12DF17AE4E1E,2023-ncaa-d2-conf-RMAC,ncaa,4,4,5,4,5,3,3,3,2,2,4,2,11,9,13,13,4,5,6,5,7,3,3,3,3,3,12,13,8,10,13,14,14,13,14,5,9,5,2,4,1,1,4,3,,,12,7,,,3,3,1,7,3,2,2,1,2,12,12,4,4,4,2,5,11,15,14,5,4,1,4,,12,,,3,9,10,9,10,6,3,10,15,14,12,15,7,9,5,9,10,10,14,10,10,2,15,15,5,14,14,11,13,12,14,11,10,1,1,1,2,2,13,10,,,6,9,,,3,13,3,2,3,9,8,4,4,2,13,12,6,7,7,4,15,14,13,14,10,1,2,13,,5,,,b'\x11\xe8\xe1I\xd4\xb4+\x0e\x98|\x12\xdf\x17\xaeN\x1e'
11E8E149-D4B4-2B0E-987C-12DF17AE4E1E,2023-ncaa-d2-natl,ncaa,67,55,110,62,125,70,67,89,51,48,70,40,153,139,167,193,64,61,147,64,113,81,101,67,70,45,228,226,118,209,237,228,210,234,263,94,188,59,40,59,9,3,106,52,,,233,210,,,52,77,44,157,36,33,64,23,61,164,155,44,52,55,46,97,228,274,280,86,59,5,107,,236,,,51,152,122,106,178,66,45,185,255,226,241,256,175,186,58,187,255,114,211,221,218,81,278,264,167,147,210,209,237,186,263,163,205,15,7,27,67,56,240,200,,,104,116,,,52,219,69,74,53,127,104,44,40,18,243,219,160,189,186,60,223,130,205,178,148,7,66,239,,95,,,b'\x11\xe8\xe1I\xd4\xb4+\x0e\x98|\x12\xdf\x17\xaeN\x1e'
11E8E149-D4B4-2B0E-987C-12DF17AE4E1E,2024-ncaa-d2-conf-RMAC,ncaa,4,2,7,3,8,3,2,3,1,3,3,3,3,5,1,8,12,12,9,11,12,5,6,1,1,1,9,5,15,13,14,15,14,14,14,3,10,3,3,3,1,1,3,2,,,13,10,,,3,4,1,5,1,1,1,1,1,1,5,12,12,12,2,1,14,15,14,2,4,1,2,,13,,,3,5,4,1,10,8,2,13,3,7,3,10,14,13,10,13,14,5,12,8,9,2,10,3,14,10,14,15,14,13,14,6,7,1,1,1,6,4,8,3,,,12,13,,,3,12,5,2,3,7,5,2,6,3,4,7,14,14,14,2,15,12,15,14,6,1,7,8,,12,,,b'\x11\xe8\xe1I\xd4\xb4+\x0e\x98|\x12\xdf\x17\xaeN\x1e'
11E8E149-D4B4-2B0E-987C-12DF17AE4E1E,2024-ncaa-d2-natl,ncaa,31,59,14,49,19,11,11,12,15,13,20,41,11,38,5,128,116,139,83,136,269,18,21,12,22,13,154,68,285,214,274,161,260,188,288,17,126,151,40,18,4,4,37,34,,,290,206,,,43,10,40,101,15,9,33,24,70,21,83,216,242,242,56,104,269,287,293,25,57,5,53,,235,,,44,283,262,234,234,258,192,263,227,246,127,172,295,293,279,293,287,259,291,232,262,115,212,110,276,262,260,295,274,294,288,240,148,5,7,20,185,75,160,56,,,99,251,,,43,291,41,110,47,195,139,35,137,43,138,145,278,254,254,86,243,181,255,239,135,7,93,86,,236,,,b'\x11\xe8\xe1I\xd4\xb4+\x0e\x98|\x12\xdf\x17\xaeN\x1e'
11E8E149-D4B4-2B0E-987C-12DF17AE4E1E,2025-ncaa-d2-conf-RMAC,genius_ncaa,4,3,8,3,8,2,2,3,5,3,2,8,3,7,2,12,4,4,9,4,6,3,5,3,3,2,6,9,6,9,12,10,11,11,12,4,12,2,2,4,3,3,9,11,,,7,5,,3,3,5,1,5,1,1,2,2,2,2,4,2,1,1,1,1,9,9,9,5,4,3,9,,6,,3,3,8,11,10,8,12,11,7,7,10,4,9,5,3,13,3,4,8,12,7,5,4,3,5,4,10,11,11,12,11,12,7,6,2,2,1,2,2,4,2,,,4,3,,3,3,11,2,4,3,9,12,12,11,14,8,9,4,4,4,12,15,12,14,13,8,1,3,4,,2,,3,b'\x11\xe8\xe1I\xd4\xb4+\x0e\x98|\x12\xdf\x17\xaeN\x1e'
11E8E149-D4B4-2B0E-987C-12DF17AE4E1E,2025-ncaa-d2-natl,genius_ncaa,79,95,72,93,87,55,72,48,157,97,74,172,66,75,108,130,41,32,142,32,67,38,64,141,129,83,82,114,84,162,242,155,207,160,266,126,231,67,18,93,17,23,193,220,,,183,70,,118,95,50,49,155,44,80,45,105,99,79,86,41,42,38,38,81,194,226,232,167,44,22,209,,131,,104,98,224,241,218,199,243,218,193,184,187,169,143,173,146,243,140,96,216,256,190,185,109,106,139,115,216,207,291,242,283,266,175,90,20,32,48,71,23,44,15,,,47,71,,41,95,252,104,112,99,167,192,176,203,187,164,154,128,108,106,148,241,181,280,259,144,30,39,18,,51,,56,b'\x11\xe8\xe1I\xd4\xb4+\x0e\x98|\x12\xdf\x17\xaeN\x1e'
11E8E149-D4B4-2B0E-987C-12DF17AE4E1E,2026-ncaa-d2-conf-RMAC,genius_ncaa,1,1,2,1,6,3,3,4,2,4,4,2,3,4,6,7,6,5,14,5,8,5,6,3,5,3,9,9,11,5,6,8,13,7,11,4,10,2,1,1,4,4,9,9,,,6,5,,1,4,7,5,5,3,2,3,3,4,4,4,6,4,4,4,7,5,10,9,4,1,3,9,,5,,1,4,7,9,10,10,9,9,12,8,11,5,11,7,6,12,6,5,9,12,9,7,6,5,5,6,12,13,11,6,12,11,6,4,5,7,8,2,2,8,7,,,9,10,,12,4,11,2,8,3,7,9,11,8,8,7,11,6,5,5,8,13,13,10,13,7,4,2,9,,11,,11,b'\x11\xe8\xe1I\xd4\xb4+\x0e\x98|\x12\xdf\x17\xaeN\x1e'
11E8E149-D4B4-2B0E-987C-12DF17AE4E1E,2026-ncaa-d2-natl,genius_ncaa,9,53,13,51,27,41,52,57,96,47,62,86,91,75,147,156,27,27,143,27,62,47,62,107,96,66,148,170,76,161,255,54,239,92,252,129,251,138,50,138,19,47,137,194,,,230,96,,183,85,49,186,88,115,146,205,139,185,156,165,71,68,69,163,249,254,183,247,220,31,50,195,,101,,141,96,227,229,263,100,214,247,104,220,246,137,167,176,214,50,214,122,261,269,109,84,68,162,180,109,282,239,268,255,283,252,242,209,28,81,117,177,106,167,113,,,47,78,,151,85,255,101,95,86,88,103,138,101,126,164,161,80,111,108,132,165,237,185,220,170,75,82,101,,140,,210,b'\x11\xe8\xe1I\xd4\xb4+\x0e\x98|\x12\xdf\x17\xaeN\x1e'
11E8E149-D4B8-55B2-987C-12DF17AE4E1E,2018-ncaa-d2-conf-NE10,ncaa,9,9,6,9,9,4,4,4,9,11,7,9,4,4,6,3,10,8,15,8,6,4,4,7,9,8,2,2,14,2,1,6,10,5,7,13,14,7,5,13,6,7,9,6,,,7,9,,,6,7,6,11,3,3,3,11,8,3,2,10,6,6,3,2,1,6,5,12,9,5,10,,10,,,6,8,9,10,10,8,6,12,11,15,3,15,6,5,9,6,9,10,8,9,7,8,9,12,7,12,10,9,1,8,7,13,12,9,9,12,6,6,15,15,,,9,14,,,6,9,4,10,9,11,12,11,9,6,12,15,8,8,8,11,9,13,9,10,14,8,7,15,,9,,,b'\x11\xe8\xe1I\xd4\xb8U\xb2\x98|\x12\xdf\x17\xaeN\x1e'
11E8E149-D4B8-55B2-987C-12DF17AE4E1E,2018-ncaa-d2-natl,ncaa,134,164,64,148,96,122,107,64,208,145,106,212,70,53,130,93,243,183,295,175,227,79,89,186,222,203,122,60,283,24,36,106,201,53,98,150,237,180,113,178,94,108,151,169,,,206,173,,,108,117,187,226,168,128,69,185,140,80,74,272,226,218,96,108,24,164,65,197,131,118,174,,163,,,110,150,189,223,101,195,174,176,152,247,14,250,75,77,144,78,75,206,204,100,78,81,95,146,80,236,201,220,36,233,98,250,264,103,121,182,119,70,303,298,,,131,210,,,108,189,153,101,117,85,124,162,131,109,127,218,45,46,47,134,136,203,159,180,215,134,85,304,,186,,,b'\x11\xe8\xe1I\xd4\xb8U\xb2\x98|\x12\xdf\x17\xaeN\x1e'
11E8E149-D4B8-55B2-987C-12DF17AE4E1E,2019-ncaa-d2-conf-NE10,ncaa,6,3,10,5,13,9,8,10,3,8,8,4,10,12,7,10,6,8,1,8,9,10,11,5,3,3,11,11,6,8,7,8,10,9,8,10,13,4,5,9,15,15,11,12,,,3,3,,,8,11,8,14,3,4,8,3,3,10,11,3,6,6,7,9,6,6,5,10,6,15,11,,5,,,8,5,8,9,8,3,5,7,13,12,12,13,3,3,4,3,4,7,5,8,7,9,12,13,3,10,10,4,7,6,8,11,11,14,15,14,10,12,8,9,,,11,11,,,8,4,2,9,8,9,10,13,8,7,14,13,5,5,5,12,10,12,7,9,12,13,11,10,,11,,,b'\x11\xe8\xe1I\xd4\xb8U\xb2\x98|\x12\xdf\x17\xaeN\x1e'
11E8E149-D4B8-55B2-987C-12DF17AE4E1E,2019-ncaa-d2-natl,ncaa,121,109,182,116,224,147,135,177,80,111,141,82,192,206,164,204,142,192,42,198,228,186,206,107,95,81,233,221,152,170,127,155,166,163,127,149,182,55,77,104,286,296,145,126,,,61,78,,,125,223,197,281,97,91,133,71,110,190,203,125,173,179,148,198,149,121,123,142,76,294,129,,72,,,125,137,149,163,135,85,107,104,277,250,270,273,44,40,221,36,59,126,107,174,158,214,256,292,47,167,166,81,127,108,127,232,256,237,237,267,112,146,206,192,,,201,166,,,125,94,73,220,124,177,184,221,100,119,282,264,51,43,40,169,126,184,99,143,241,240,129,227,,181,,,b'\x11\xe8\xe1I\xd4\xb8U\xb2\x98|\x12\xdf\x17\xaeN\x1e'
11E8E149-D4B8-55B2-987C-12DF17AE4E1E,2020-ncaa-d2-conf-NE10,ncaa,2,1,4,2,4,1,2,1,9,2,2,10,2,1,3,4,3,5,2,5,8,1,1,6,6,4,3,3,8,1,3,3,8,2,6,1,2,5,1,2,1,1,3,6,,,7,3,,,1,2,1,2,1,1,1,3,2,2,1,3,7,7,1,1,1,4,1,1,5,1,4,,5,,,1,9,11,11,6,13,11,7,3,10,2,7,6,7,5,6,4,11,13,5,5,3,4,4,3,13,8,10,3,12,6,9,8,1,1,2,5,3,13,12,,,6,12,,,1,13,2,3,2,8,10,10,11,11,3,8,5,6,5,10,14,10,11,10,9,1,5,13,,7,,,b'\x11\xe8\xe1I\xd4\xb8U\xb2\x98|\x12\xdf\x17\xaeN\x1e'
11E8E149-D4B8-55B2-987C-12DF17AE4E1E,2020-ncaa-d2-natl,ncaa,11,6,54,11,57,23,27,10,140,83,58,176,10,12,42,46,115,178,24,178,271,14,23,106,110,66,47,25,266,17,41,46,155,15,93,10,12,102,24,11,20,30,32,53,,,129,40,,,14,43,73,26,16,21,5,111,82,12,15,139,218,221,10,29,18,52,18,6,66,24,38,,72,,,15,102,175,263,53,236,274,86,56,173,9,114,41,33,230,32,8,230,273,37,31,18,17,61,47,261,155,277,41,280,93,216,225,19,33,62,80,22,295,261,,,156,290,,,14,265,32,22,17,55,112,222,176,246,39,131,17,15,15,156,255,227,232,234,168,26,45,284,,215,,,b'\x11\xe8\xe1I\xd4\xb8U\xb2\x98|\x12\xdf\x17\xaeN\x1e'
11E8E149-D4B8-55B2-987C-12DF17AE4E1E,2022-ncaa-d2-conf-NE10,ncaa,6,5,11,6,11,10,10,5,13,9,6,11,10,7,12,5,10,10,9,10,11,7,8,11,12,10,9,9,9,3,3,14,14,10,12,12,13,3,5,9,6,7,2,1,,,11,13,,,9,9,6,4,9,7,1,8,3,9,4,8,10,10,1,4,3,13,7,12,5,5,1,,14,,,9,2,1,2,6,5,6,7,2,1,7,1,11,13,5,13,12,3,6,5,7,3,7,2,14,12,14,9,3,10,12,5,8,4,3,2,6,7,14,14,,,9,8,,,9,2,9,6,9,6,5,4,10,8,2,1,14,14,14,7,12,13,12,13,6,3,7,14,,7,,,b'\x11\xe8\xe1I\xd4\xb8U\xb2\x98|\x12\xdf\x17\xaeN\x1e'
11E8E149-D4B8-55B2-987C-12DF17AE4E1E,2022-ncaa-d2-natl,ncaa,150,119,222,134,232,242,230,186,264,222,182,248,203,161,260,114,263,262,161,259,269,206,222,261,268,241,180,144,224,99,83,247,248,203,209,245,238,65,106,204,144,108,27,8,,,119,212,,,167,240,203,132,239,210,72,198,108,184,105,253,251,246,103,132,48,243,140,243,110,117,10,,195,,,167,30,31,42,100,69,113,79,26,18,115,25,151,135,196,129,164,44,69,70,99,74,82,33,257,161,248,119,83,135,209,66,188,139,75,86,73,119,290,294,,,239,225,,,167,58,218,104,180,75,63,59,131,198,22,20,216,198,190,80,132,223,217,224,116,87,118,298,,198,,,b'\x11\xe8\xe1I\xd4\xb8U\xb2\x98|\x12\xdf\x17\xaeN\x1e'
11E8E149-D4B8-55B2-987C-12DF17AE4E1E,2023-ncaa-d2-conf-NE10,ncaa,11,9,10,11,13,5,3,7,3,9,10,3,3,5,1,4,8,8,8,8,8,7,9,2,4,2,3,3,11,12,12,10,12,12,12,10,12,3,6,7,9,10,12,13,,,6,6,,,10,7,2,13,1,1,4,5,5,1,2,7,6,6,4,3,11,8,11,8,7,8,12,,11,,,10,10,11,11,10,13,11,12,6,5,6,4,9,7,12,7,5,11,8,10,10,10,2,3,6,12,12,9,12,12,12,12,9,10,12,13,6,8,6,6,,,8,6,,,10,7,4,12,10,13,13,13,13,13,6,6,12,10,10,13,13,13,13,13,12,10,8,6,,4,,,b'\x11\xe8\xe1I\xd4\xb8U\xb2\x98|\x12\xdf\x17\xaeN\x1e'
11E8E149-D4B8-55B2-987C-12DF17AE4E1E,2023-ncaa-d2-natl,ncaa,183,182,197,193,235,168,154,180,100,167,158,158,112,167,25,151,259,257,199,256,257,192,229,92,118,107,158,82,270,243,251,197,230,230,261,175,213,33,74,106,194,179,232,263,,,114,135,,,171,217,149,281,127,92,100,139,102,85,143,255,248,247,138,194,233,171,221,161,66,163,227,,142,,,169,123,164,141,194,236,231,166,40,35,128,34,91,75,208,74,38,128,100,147,142,176,13,28,97,215,230,176,251,190,261,220,227,217,218,261,56,109,150,155,,,251,238,,,171,82,119,210,165,197,243,245,275,285,58,48,117,100,98,235,188,242,249,259,253,200,101,177,,244,,,b'\x11\xe8\xe1I\xd4\xb8U\xb2\x98|\x12\xdf\x17\xaeN\x1e'
11E8E149-D4B8-55B2-987C-12DF17AE4E1E,2024-ncaa-d2-conf-NE10,ncaa,10,10,7,10,8,11,11,6,11,10,4,11,11,9,11,11,10,8,12,8,10,7,8,11,11,11,9,9,7,5,7,11,12,10,11,12,12,1,2,11,3,4,3,1,,,8,10,,,11,9,8,2,11,11,1,10,1,10,9,10,7,7,3,4,4,11,8,12,3,3,2,,11,,,11,4,4,4,8,6,4,8,2,1,8,1,9,7,12,7,8,3,6,7,8,8,5,2,10,9,12,11,7,11,11,8,11,4,1,5,3,5,8,9,,,9,10,,,11,4,11,8,10,7,7,5,9,8,4,1,9,8,8,6,9,9,11,11,10,1,4,10,,9,,,b'\x11\xe8\xe1I\xd4\xb8U\xb2\x98|\x12\xdf\x17\xaeN\x1e'
11E8E149-D4B8-55B2-987C-12DF17AE4E1E,2024-ncaa-d2-natl,ncaa,229,274,78,249,93,218,199,112,278,174,56,287,226,224,217,247,236,209,267,203,270,120,145,284,289,262,240,213,191,120,212,201,215,174,264,232,251,75,69,194,112,111,27,27,,,232,244,,,218,160,257,167,281,271,163,223,69,256,251,267,243,243,187,236,136,266,239,274,53,137,26,,184,,,204,100,109,119,131,171,217,70,42,29,222,18,186,158,266,154,92,121,149,101,120,97,62,38,214,185,215,279,212,256,264,176,212,88,71,110,59,55,276,262,,,206,233,,,218,141,259,102,213,50,62,30,122,194,25,10,147,117,114,34,67,148,267,243,136,114,42,282,,260,,,b'\x11\xe8\xe1I\xd4\xb8U\xb2\x98|\x12\xdf\x17\xaeN\x1e'
11E8E149-D4B8-55B2-987C-12DF17AE4E1E,2025-ncaa-d2-conf-NE10,genius_ncaa,6,5,3,6,4,9,7,5,10,8,8,9,2,3,6,2,11,11,10,11,11,7,8,10,11,10,7,2,11,11,11,6,9,11,11,11,11,3,5,10,1,1,5,5,,,10,9,,9,8,6,6,4,11,10,8,11,10,4,3,11,11,11,9,11,11,9,11,11,2,1,5,,10,,9,7,3,3,5,2,6,6,5,2,5,1,6,7,8,5,9,9,6,6,2,2,1,5,2,8,9,9,11,11,11,11,7,9,2,1,2,5,5,5,7,,,11,11,,6,8,6,11,2,8,2,1,2,4,3,2,5,7,7,8,4,5,9,11,11,6,2,4,7,,11,,6,b'\x11\xe8\xe1I\xd4\xb8U\xb2\x98|\x12\xdf\x17\xaeN\x1e'
11E8E149-D4B8-55B2-987C-12DF17AE4E1E,2025-ncaa-d2-natl,genius_ncaa,121,141,72,134,76,235,212,156,270,236,212,243,114,78,218,45,291,289,243,289,291,183,231,240,271,219,106,44,290,295,301,148,130,264,298,219,206,30,49,135,33,22,77,66,,,206,231,,210,157,153,270,85,294,284,253,288,269,136,91,296,297,297,288,298,301,219,298,270,11,51,94,,153,,182,157,35,32,86,32,62,116,54,36,88,15,107,138,147,133,150,174,89,141,24,29,15,104,62,230,126,130,300,301,289,298,179,290,59,33,95,19,37,156,218,,,285,292,,172,157,146,279,14,160,7,9,15,27,46,24,48,100,109,113,16,36,90,300,270,152,78,12,130,,298,,201,b'\x11\xe8\xe1I\xd4\xb8U\xb2\x98|\x12\xdf\x17\xaeN\x1e'
11E8E149-D4B8-55B2-987C-12DF17AE4E1E,2026-ncaa-d2-conf-NE10,genius_ncaa,2,1,6,1,6,7,7,6,7,7,7,9,4,6,3,4,9,8,10,8,10,7,7,6,6,6,2,2,9,6,6,7,3,7,5,7,8,3,2,5,5,3,5,3,,,3,5,,2,3,6,5,1,6,7,2,6,4,2,4,9,9,8,6,6,3,4,3,6,1,4,2,,4,,3,2,3,3,5,1,4,5,1,2,3,2,2,3,3,9,3,1,5,5,1,1,1,4,3,7,5,3,5,6,5,5,4,5,5,2,2,5,7,8,10,,,8,8,,6,3,5,6,1,2,1,1,4,4,8,1,2,4,4,4,3,6,4,10,8,2,2,6,10,,8,,8,b'\x11\xe8\xe1I\xd4\xb8U\xb2\x98|\x12\xdf\x17\xaeN\x1e'
11E8E149-D4B8-55B2-987C-12DF17AE4E1E,2026-ncaa-d2-natl,genius_ncaa,30,13,141,24,170,197,186,116,264,234,134,291,66,104,48,110,228,210,206,206,245,132,148,246,253,222,27,19,233,50,57,141,69,103,68,126,51,105,85,100,39,17,18,12,,,157,218,,17,52,176,128,88,180,178,31,255,80,38,70,236,213,210,45,66,18,89,30,98,118,20,13,,201,,17,52,44,32,69,16,67,142,15,11,14,10,12,204,198,198,185,212,79,115,7,14,8,95,6,294,82,69,165,57,139,68,43,138,67,19,13,59,42,255,268,,,220,269,,165,52,127,181,6,47,14,6,23,53,183,3,6,244,232,223,42,131,80,223,165,21,37,69,274,,244,,170,b'\x11\xe8\xe1I\xd4\xb8U\xb2\x98|\x12\xdf\x17\xaeN\x1e'
11E8E149-D4BC-8DD0-987C-12DF17AE4E1E,2018-ncaa-d2-conf-Gulf South,ncaa,10,10,9,10,9,8,10,14,5,12,14,5,6,8,5,6,8,8,11,8,1,13,11,4,5,5,3,5,6,14,14,7,3,10,8,8,7,6,13,8,14,14,7,8,,,3,5,,,10,10,7,1,8,10,14,12,14,4,7,8,5,5,11,10,14,5,8,8,11,14,7,,6,,,10,7,6,7,10,10,8,10,4,3,4,5,7,5,14,4,6,5,5,8,8,11,4,4,6,1,3,3,14,2,8,4,3,13,13,10,13,14,8,13,,,7,2,,,10,5,9,10,9,10,10,13,12,13,5,6,10,5,5,10,9,4,10,7,7,13,14,9,,5,,,b'\x11\xe8\xe1I\xd4\xbc\x8d\xd0\x98|\x12\xdf\x17\xaeN\x1e'
11E8E149-D4BC-8DD0-987C-12DF17AE4E1E,2018-ncaa-d2-natl,ncaa,146,147,148,152,161,167,195,237,117,236,278,74,101,100,134,48,131,122,184,120,13,225,213,90,90,128,43,74,94,295,299,64,13,172,136,188,166,159,231,195,288,300,138,152,,,43,46,,,142,172,149,74,177,216,283,254,287,96,86,109,105,100,256,239,301,23,168,194,184,295,137,,39,,,142,89,118,158,95,162,180,131,69,126,26,126,113,91,221,92,88,145,112,81,82,134,70,78,146,36,13,176,299,108,136,47,40,237,240,158,240,270,196,277,,,117,36,,,142,139,189,96,139,117,135,196,175,205,71,138,127,98,99,171,120,31,196,112,62,251,250,201,,81,,,b'\x11\xe8\xe1I\xd4\xbc\x8d\xd0\x98|\x12\xdf\x17\xaeN\x1e'
11E8E149-D4BC-8DD0-987C-12DF17AE4E1E,2019-ncaa-d2-conf-Gulf South,ncaa,6,6,5,6,7,3,5,8,2,8,11,3,3,4,2,5,3,3,11,3,1,6,9,2,2,2,3,4,7,10,10,3,4,6,6,6,8,4,5,5,12,12,6,8,,,8,8,,,5,5,4,7,2,5,10,7,11,3,4,2,2,2,5,9,10,2,5,6,5,12,4,,8,,,5,10,12,12,9,12,13,8,5,2,9,2,8,8,3,8,5,12,9,8,8,9,4,4,6,6,4,8,10,6,6,4,2,11,12,6,3,5,6,7,,,3,1,,,5,9,3,8,5,9,10,12,12,12,5,4,8,9,9,13,10,7,7,7,3,11,5,6,,2,,,b'\x11\xe8\xe1I\xd4\xbc\x8d\xd0\x98|\x12\xdf\x17\xaeN\x1e'
11E8E149-D4BC-8DD0-987C-12DF17AE4E1E,2019-ncaa-d2-natl,ncaa,132,123,182,132,209,135,146,230,40,183,261,31,82,112,48,77,132,90,270,87,10,204,227,33,46,47,73,79,156,273,283,100,21,185,135,172,214,52,95,118,252,249,181,189,,,99,128,,,108,196,152,160,79,109,242,158,265,63,88,106,62,60,196,238,285,34,159,166,71,257,168,,116,,,108,133,164,150,168,197,190,169,88,99,129,86,101,140,41,138,115,144,102,154,130,205,65,88,112,52,21,155,283,95,135,24,9,268,274,132,75,121,46,101,,,113,26,,,108,125,69,165,103,167,204,192,225,237,108,114,120,164,163,189,120,60,190,123,34,273,96,47,,66,,,b'\x11\xe8\xe1I\xd4\xbc\x8d\xd0\x98|\x12\xdf\x17\xaeN\x1e'
11E8E149-D4BC-8DD0-987C-12DF17AE4E1E,2020-ncaa-d2-conf-Gulf South,ncaa,4,4,3,4,3,6,5,7,5,6,9,4,7,3,9,5,7,4,12,3,3,6,6,5,5,5,8,8,7,9,10,3,3,5,6,6,9,5,4,6,9,8,8,8,,,8,9,,,4,7,9,2,8,7,11,8,11,9,5,7,7,7,8,11,10,4,7,8,3,9,8,,7,,,4,6,6,9,4,8,9,4,3,4,7,3,9,8,8,8,5,9,8,4,4,4,5,5,10,3,3,8,10,8,6,2,1,6,6,2,4,4,4,6,,,2,2,,,4,7,6,4,4,4,4,4,6,8,3,2,9,7,6,4,5,3,8,6,2,7,2,3,,3,,,b'\x11\xe8\xe1I\xd4\xbc\x8d\xd0\x98|\x12\xdf\x17\xaeN\x1e'
11E8E149-D4BC-8DD0-987C-12DF17AE4E1E,2020-ncaa-d2-natl,ncaa,112,100,173,110,181,142,140,153,123,146,199,64,127,87,215,77,176,120,261,117,59,143,183,123,147,117,146,131,185,195,235,101,70,144,153,207,266,49,51,129,194,195,251,261,,,148,168,,,134,170,155,43,118,112,114,131,204,119,63,149,95,91,99,160,185,61,113,206,55,198,254,,152,,,135,155,144,143,147,135,166,107,160,104,241,103,177,178,139,170,162,142,129,148,151,176,180,160,187,91,70,226,235,180,153,30,8,189,177,74,55,58,65,89,,,141,94,,,134,138,127,157,135,161,153,156,143,184,170,121,196,189,183,169,145,107,254,207,30,177,52,72,,94,,,b'\x11\xe8\xe1I\xd4\xbc\x8d\xd0\x98|\x12\xdf\x17\xaeN\x1e'
11E8E149-D4BC-8DD0-987C-12DF17AE4E1E,2021-ncaa-d2-conf-Gulf South,ncaa,7,4,10,7,10,11,10,10,7,10,11,8,9,9,4,5,11,12,1,12,12,11,11,6,6,6,5,4,11,13,13,10,5,10,9,9,5,3,3,4,8,3,12,12,,,2,8,,,6,11,9,8,10,8,9,10,10,5,7,12,13,13,10,12,11,10,11,5,2,3,12,,4,,,6,2,2,2,9,2,2,7,4,3,8,6,5,3,10,3,13,2,2,10,11,7,10,5,13,2,5,5,13,2,9,2,8,9,3,4,3,4,1,2,,,11,7,,,6,3,7,7,6,6,3,1,4,1,5,3,12,12,12,1,2,3,9,7,2,5,2,2,,9,,,b'\x11\xe8\xe1I\xd4\xbc\x8d\xd0\x98|\x12\xdf\x17\xaeN\x1e'
11E8E149-D4BC-8DD0-987C-12DF17AE4E1E,2021-ncaa-d2-natl,ncaa,106,112,132,119,139,145,146,144,145,156,159,124,108,110,123,44,152,166,35,168,156,148,152,124,121,110,64,49,145,157,183,147,89,158,173,131,71,59,69,70,88,43,190,195,,,89,143,,,122,149,187,121,157,161,150,171,187,73,67,171,192,194,164,199,167,176,189,109,41,59,210,,91,,,118,74,62,62,123,69,58,135,73,79,92,132,140,129,144,129,213,70,75,125,154,117,172,91,209,62,89,109,183,87,173,64,107,120,50,53,64,88,24,11,,,150,105,,,122,75,125,106,121,62,35,14,47,17,74,75,188,182,182,23,29,65,145,104,53,80,51,9,,165,,,b'\x11\xe8\xe1I\xd4\xbc\x8d\xd0\x98|\x12\xdf\x17\xaeN\x1e'
11E8E149-D4BC-8DD0-987C-12DF17AE4E1E,2022-ncaa-d2-conf-Gulf South,ncaa,10,10,11,10,11,12,12,10,8,11,10,7,11,10,12,9,10,11,4,11,12,10,11,9,9,10,10,9,7,10,10,11,11,11,9,10,7,7,12,10,7,6,12,12,,,2,4,,,10,11,8,2,12,13,10,9,6,9,9,10,11,11,11,9,9,11,9,8,11,6,12,,5,,,10,3,4,3,9,3,1,10,11,10,8,12,4,3,8,2,6,2,3,10,10,9,11,11,4,6,11,3,10,6,9,7,10,7,6,7,10,12,11,13,,,11,7,,,10,2,11,10,10,8,8,8,6,5,12,12,6,6,6,8,8,11,8,9,10,6,12,12,,7,,,b'\x11\xe8\xe1I\xd4\xbc\x8d\xd0\x98|\x12\xdf\x17\xaeN\x1e'
11E8E149-D4BC-8DD0-987C-12DF17AE4E1E,2022-ncaa-d2-natl,ncaa,240,225,248,245,254,258,249,278,114,230,263,96,247,243,193,170,224,239,134,239,151,278,278,125,126,162,188,197,131,272,234,256,233,275,245,224,144,95,232,198,234,188,293,296,,,32,76,,,233,267,222,128,226,212,265,173,222,216,214,173,184,189,267,241,253,234,259,187,191,199,296,,75,,,232,70,68,47,219,47,20,239,193,176,205,274,76,67,188,69,194,40,36,240,233,235,247,257,107,112,233,46,234,54,245,118,200,241,172,217,151,263,144,239,,,230,70,,,233,32,183,260,234,206,190,146,121,48,263,268,148,133,137,139,117,206,130,166,205,178,239,217,,134,,,b'\x11\xe8\xe1I\xd4\xbc\x8d\xd0\x98|\x12\xdf\x17\xaeN\x1e'
11E8E149-D4BC-8DD0-987C-12DF17AE4E1E,2023-ncaa-d2-conf-Gulf South,ncaa,10,10,9,10,11,10,11,13,9,10,13,9,7,8,8,4,10,10,3,10,7,13,13,7,6,8,3,5,5,13,13,8,6,12,7,10,9,5,9,9,13,13,13,13,,,1,1,,,10,12,12,8,10,11,13,10,11,7,7,9,9,9,12,12,13,4,11,9,8,13,13,,1,,,10,7,10,7,11,11,11,7,4,1,13,1,1,1,13,1,1,2,1,10,10,11,1,5,2,4,6,4,13,3,7,8,5,13,13,13,10,12,13,13,,,11,8,,,10,1,9,10,10,9,11,9,12,12,6,2,3,1,1,9,1,6,9,7,9,13,11,13,,10,,,b'\x11\xe8\xe1I\xd4\xbc\x8d\xd0\x98|\x12\xdf\x17\xaeN\x1e'
11E8E149-D4BC-8DD0-987C-12DF17AE4E1E,2023-ncaa-d2-natl,ncaa,222,250,110,240,132,193,211,230,148,213,247,123,163,160,162,115,136,154,113,157,74,226,215,138,117,166,92,144,80,255,238,161,126,210,185,241,241,181,229,242,291,293,295,298,,,53,74,,,248,198,274,191,248,259,295,254,272,177,178,152,170,173,290,285,262,207,260,266,167,294,298,,37,,,245,190,226,159,262,226,186,209,196,108,285,117,61,37,270,34,24,132,83,259,250,280,85,182,30,97,126,108,238,108,185,202,144,271,277,281,221,257,240,286,,,189,123,,,248,87,197,277,260,187,231,141,228,179,192,98,58,39,34,89,22,95,78,76,191,288,213,239,,229,,,b'\x11\xe8\xe1I\xd4\xbc\x8d\xd0\x98|\x12\xdf\x17\xaeN\x1e'
11E8E149-D4BC-8DD0-987C-12DF17AE4E1E,2024-ncaa-d2-conf-Gulf South,ncaa,10,10,7,10,10,8,7,12,3,5,9,5,10,11,8,10,7,7,7,7,7,11,11,5,5,7,12,12,4,13,12,8,5,10,7,10,10,12,13,10,11,9,13,13,,,4,5,,,9,9,6,6,8,7,12,4,7,10,11,6,4,4,11,10,13,4,10,10,13,10,13,,4,,,9,8,9,7,11,6,4,9,12,9,12,11,3,4,11,4,5,5,4,12,11,12,8,12,3,3,5,5,12,2,7,7,2,9,8,9,11,11,7,9,,,4,2,,,9,4,8,11,9,11,12,8,7,5,12,12,3,4,4,8,7,3,7,3,7,9,11,9,,3,,,b'\x11\xe8\xe1I\xd4\xbc\x8d\xd0\x98|\x12\xdf\x17\xaeN\x1e'
11E8E149-D4BC-8DD0-987C-12DF17AE4E1E,2024-ncaa-d2-natl,ncaa,201,212,172,208,186,205,196,263,44,151,214,48,256,268,176,246,164,178,122,178,109,260,250,77,69,133,252,261,95,265,231,199,97,247,147,265,287,222,275,277,260,245,272,261,,,51,92,,,226,234,248,139,215,204,298,131,215,265,275,150,160,158,296,275,268,200,261,278,222,259,275,,56,,,220,150,172,92,253,129,64,260,240,203,246,253,45,42,210,42,85,73,53,263,252,268,182,251,39,48,97,39,231,36,147,79,46,246,220,201,196,253,140,176,,,151,42,,,226,62,171,253,229,180,205,119,151,56,249,229,55,49,49,80,36,62,32,32,97,249,203,153,,118,,,b'\x11\xe8\xe1I\xd4\xbc\x8d\xd0\x98|\x12\xdf\x17\xaeN\x1e'
11E8E149-D4BC-8DD0-987C-12DF17AE4E1E,2025-ncaa-d2-conf-Gulf South,genius_ncaa,2,2,2,2,3,2,2,3,1,2,8,2,2,2,1,3,4,5,4,6,3,3,4,1,1,2,4,2,9,1,1,1,1,1,1,2,7,1,2,2,10,10,12,12,,,2,4,,10,2,8,12,9,2,2,7,5,10,2,3,6,6,8,8,10,2,2,1,3,1,10,12,,2,,10,2,5,5,8,4,4,5,5,10,11,3,11,2,2,6,2,3,7,4,4,4,7,10,11,3,3,1,2,1,1,1,2,2,10,11,8,1,1,4,4,,,6,7,,4,2,6,1,5,2,2,3,4,2,1,8,9,1,2,2,2,1,3,1,1,2,12,1,2,,10,,5,b'\x11\xe8\xe1I\xd4\xbc\x8d\xd0\x98|\x12\xdf\x17\xaeN\x1e'
11E8E149-D4BC-8DD0-987C-12DF17AE4E1E,2025-ncaa-d2-natl,genius_ncaa,40,31,72,34,76,64,56,129,19,105,214,7,32,36,44,32,159,159,158,162,91,132,165,12,16,12,73,49,249,47,14,78,22,57,3,76,143,40,31,33,250,246,279,277,,,71,107,,153,27,215,297,85,55,48,201,132,271,33,51,193,190,200,214,274,62,83,53,87,18,276,288,,29,,133,25,100,121,140,123,88,51,215,215,264,66,285,35,50,87,53,111,114,66,151,119,202,207,259,47,43,22,23,14,24,3,64,55,269,272,223,33,30,84,122,,,162,145,,141,27,87,5,169,22,53,68,44,46,12,197,248,23,30,27,29,4,25,3,2,37,290,19,62,,225,,164,b'\x11\xe8\xe1I\xd4\xbc\x8d\xd0\x98|\x12\xdf\x17\xaeN\x1e'
11E8E149-D4BC-8DD0-987C-12DF17AE4E1E,2026-ncaa-d2-conf-Gulf South,genius_ncaa,1,1,1,1,1,1,1,3,1,4,8,1,1,2,2,2,7,7,4,7,7,6,6,1,1,1,2,2,11,6,5,1,2,3,1,5,10,6,7,7,10,11,8,11,,,8,7,,7,1,7,11,1,3,3,6,6,11,2,2,9,11,10,9,9,7,1,5,6,6,11,9,,4,,6,2,7,8,9,6,11,11,6,3,6,3,3,5,7,3,7,3,9,6,5,3,8,3,3,4,6,2,4,5,4,1,8,5,11,12,10,8,9,4,6,,,8,11,,4,1,5,1,5,2,3,4,5,9,9,2,2,3,4,4,5,2,3,1,1,5,12,7,4,,11,,5,b'\x11\xe8\xe1I\xd4\xbc\x8d\xd0\x98|\x12\xdf\x17\xaeN\x1e'
11E8E149-D4BC-8DD0-987C-12DF17AE4E1E,2026-ncaa-d2-natl,genius_ncaa,107,98,141,113,170,120,113,170,28,150,236,11,50,59,91,18,234,257,45,256,240,188,218,18,26,19,103,41,277,151,65,168,70,160,40,182,256,38,44,89,293,294,189,199,,,150,273,,140,116,228,279,88,77,54,130,125,263,24,19,251,282,281,184,263,135,135,136,180,26,296,181,,194,,170,116,149,160,97,256,177,134,236,111,76,227,70,141,158,88,172,193,108,67,241,233,283,87,97,148,70,70,53,65,58,40,127,85,289,294,286,52,82,82,124,,,254,276,,132,116,69,13,280,121,191,197,99,215,167,118,59,158,191,202,123,12,63,20,19,138,298,62,80,,287,,134,b'\x11\xe8\xe1I\xd4\xbc\x8d\xd0\x98|\x12\xdf\x17\xaeN\x1e'
11E8E149-D4C0-BAC2-987C-12DF17AE4E1E,2018-ncaa-d2-conf-Great Northwest,ncaa,1,1,2,1,2,3,1,2,5,1,2,1,3,2,7,3,5,5,8,5,8,2,2,6,5,5,6,3,9,2,2,4,6,2,4,1,3,8,3,2,1,1,5,5,,,11,10,,,3,2,2,7,2,1,1,1,4,3,3,7,6,6,1,2,2,9,3,1,4,1,7,,11,,,3,6,5,9,4,2,5,2,11,9,11,10,7,6,8,6,8,9,10,5,5,1,11,11,8,5,6,9,2,10,4,11,11,1,1,3,1,1,6,3,,,7,10,,,3,10,3,2,2,2,3,2,1,1,10,9,3,3,4,2,10,4,4,3,10,1,1,6,,10,,,b'\x11\xe8\xe1I\xd4\xc0\xba\xc2\x98|\x12\xdf\x17\xaeN\x1e'
11E8E149-D4C0-BAC2-987C-12DF17AE4E1E,2018-ncaa-d2-natl,ncaa,22,18,41,22,52,23,28,34,54,41,63,43,50,36,121,109,63,78,85,78,141,32,36,52,55,47,144,132,186,35,27,151,170,92,71,9,4,180,66,16,7,5,116,110,,,300,283,,,31,39,97,182,26,31,44,48,124,66,67,88,117,117,49,81,55,258,154,5,100,7,145,,282,,,32,228,157,177,128,87,134,75,263,211,289,197,268,247,285,249,250,201,262,175,203,84,294,265,246,169,170,137,27,146,71,296,308,12,12,110,60,14,119,69,,,92,220,,,31,274,28,71,31,118,59,44,35,40,232,149,228,198,201,59,183,103,42,53,271,18,34,71,,167,,,b'\x11\xe8\xe1I\xd4\xc0\xba\xc2\x98|\x12\xdf\x17\xaeN\x1e'
11E8E149-D4C0-BAC2-987C-12DF17AE4E1E,2019-ncaa-d2-conf-Great Northwest,ncaa,1,1,1,1,1,2,2,1,2,2,1,4,4,4,2,7,2,2,8,2,8,1,2,3,3,2,7,6,9,2,2,6,4,4,3,1,2,2,1,1,1,1,8,6,,,10,10,,,1,2,5,4,2,2,1,2,1,5,4,3,3,3,1,4,2,11,10,1,1,1,8,,9,,,1,1,1,1,2,1,1,4,5,7,2,10,8,8,4,8,10,1,10,2,3,1,11,6,10,3,4,9,2,5,3,8,11,1,1,1,1,1,8,5,,,4,8,,,1,10,2,1,1,1,1,1,1,1,2,4,8,8,8,1,1,1,3,3,3,1,1,7,,7,,,b'\x11\xe8\xe1I\xd4\xc0\xba\xc2\x98|\x12\xdf\x17\xaeN\x1e'
11E8E149-D4C0-BAC2-987C-12DF17AE4E1E,2019-ncaa-d2-natl,ncaa,4,5,9,5,15,16,17,17,33,16,17,50,58,74,40,199,23,19,154,19,137,14,14,43,49,34,181,174,171,30,32,132,108,62,74,6,8,170,32,8,2,2,153,134,,,306,301,,,8,16,175,225,32,29,75,36,90,105,161,73,83,79,63,128,65,295,227,5,33,2,206,,274,,,8,160,107,150,99,103,109,131,166,222,61,231,269,261,181,259,278,176,282,100,125,15,254,163,284,117,108,222,32,186,74,294,310,5,3,30,45,7,270,149,,,19,144,,,8,296,24,9,8,19,11,4,13,7,62,90,168,157,154,4,71,30,38,20,198,8,10,199,,128,,,b'\x11\xe8\xe1I\xd4\xc0\xba\xc2\x98|\x12\xdf\x17\xaeN\x1e'
11E8E149-D4C0-BAC2-987C-12DF17AE4E1E,2020-ncaa-d2-conf-Great Northwest,ncaa,1,1,2,1,2,2,3,3,3,3,4,4,3,5,1,5,2,2,6,2,1,3,3,3,3,1,4,4,4,2,3,6,6,3,4,2,5,1,1,1,2,2,10,7,,,9,8,,,1,3,7,7,3,3,4,3,5,3,5,2,2,2,4,5,3,9,6,2,1,2,10,,7,,,1,1,1,1,1,1,1,1,10,11,3,11,6,6,3,6,11,1,7,2,2,1,11,11,8,4,6,5,3,5,4,10,11,2,2,3,1,1,11,10,,,4,5,,,1,7,1,1,1,1,1,1,1,1,9,9,6,6,6,1,2,3,3,3,10,2,1,10,,6,,,b'\x11\xe8\xe1I\xd4\xc0\xba\xc2\x98|\x12\xdf\x17\xaeN\x1e'
11E8E149-D4C0-BAC2-987C-12DF17AE4E1E,2020-ncaa-d2-natl,ncaa,2,4,3,4,9,15,24,35,43,40,77,57,28,48,25,114,15,22,113,20,40,30,50,37,36,17,74,83,110,52,44,144,99,83,65,19,63,76,22,14,5,2,182,127,,,283,278,,,6,54,231,200,33,51,133,105,179,51,95,46,51,51,96,190,106,265,210,32,19,9,220,,225,,,7,88,51,102,50,17,30,66,265,288,122,300,199,208,96,220,291,127,230,85,88,33,306,299,236,97,99,127,44,116,65,282,311,9,7,82,16,3,280,249,,,34,111,,,6,248,8,24,7,14,12,3,2,1,191,220,113,131,142,5,41,31,25,19,215,28,4,236,,134,,,b'\x11\xe8\xe1I\xd4\xc0\xba\xc2\x98|\x12\xdf\x17\xaeN\x1e'
11E8E149-D4C0-BAC2-987C-12DF17AE4E1E,2022-ncaa-d2-conf-Great Northwest,ncaa,3,2,4,3,5,4,5,4,7,5,2,8,3,9,2,8,3,3,3,3,5,3,6,6,5,5,5,5,3,3,4,9,4,6,5,5,4,3,4,4,1,1,10,9,,,9,10,,,4,6,5,7,6,6,4,5,3,4,9,3,3,3,4,5,4,10,10,5,3,1,10,,8,,,4,5,3,2,8,2,1,7,10,8,10,10,6,5,9,6,9,2,4,10,10,7,10,10,7,2,4,4,4,4,5,8,10,2,1,5,2,2,10,10,,,7,7,,,4,5,5,4,4,4,3,1,1,1,10,8,6,5,5,1,3,1,5,2,10,2,2,10,,7,,,b'\x11\xe8\xe1I\xd4\xc0\xba\xc2\x98|\x12\xdf\x17\xaeN\x1e'
11E8E149-D4C0-BAC2-987C-12DF17AE4E1E,2022-ncaa-d2-natl,ncaa,59,35,146,51,160,120,143,136,163,158,139,187,121,141,101,157,73,84,85,86,77,126,143,158,136,116,86,137,65,81,58,243,153,194,126,83,32,86,78,53,20,7,258,241,,,259,298,,,80,166,171,82,91,138,109,156,128,104,123,54,66,68,88,124,74,284,212,51,94,15,271,,275,,,78,97,52,44,178,27,25,145,215,145,273,240,216,168,283,173,280,52,115,222,252,128,295,260,254,67,153,93,58,79,126,268,299,37,9,130,45,38,202,215,,,111,98,,,80,133,92,98,75,96,36,11,14,5,228,162,224,175,179,19,97,69,92,70,275,26,39,221,,87,,,b'\x11\xe8\xe1I\xd4\xc0\xba\xc2\x98|\x12\xdf\x17\xaeN\x1e'
11E8E149-D4C0-BAC2-987C-12DF17AE4E1E,2023-ncaa-d2-conf-Great Northwest,ncaa,4,4,5,4,5,5,5,2,10,5,2,9,5,4,6,5,7,8,2,7,8,3,4,10,10,6,3,4,7,1,2,10,5,8,6,4,3,2,2,4,1,1,10,10,,,10,10,,,5,7,8,2,6,3,2,7,2,5,5,7,8,8,2,6,1,10,10,4,2,1,10,,10,,,5,5,3,1,9,1,1,9,8,8,8,9,7,9,3,10,10,1,3,10,10,8,9,8,8,3,5,9,2,5,6,10,10,1,1,6,1,1,10,10,,,9,9,,,5,3,4,5,5,4,3,1,2,1,8,7,8,8,8,2,3,3,7,5,9,2,1,9,,8,,,b'\x11\xe8\xe1I\xd4\xc0\xba\xc2\x98|\x12\xdf\x17\xaeN\x1e'
11E8E149-D4C0-BAC2-987C-12DF17AE4E1E,2023-ncaa-d2-natl,ncaa,102,67,197,87,204,147,144,129,186,196,170,209,72,79,83,63,189,217,65,214,210,143,192,147,145,94,58,46,203,90,101,280,168,240,212,66,21,14,15,17,54,26,289,272,,,274,297,,,128,215,172,62,78,86,27,171,112,39,40,163,193,193,38,108,62,290,234,24,27,37,289,,294,,,128,129,72,21,269,33,8,274,244,169,284,265,227,227,174,228,295,34,68,285,288,237,289,269,250,36,168,152,101,98,212,294,297,75,27,231,8,5,216,230,,,216,219,,,128,86,71,217,128,203,122,9,37,7,266,214,262,255,257,28,109,61,219,151,294,50,10,246,,192,,,b'\x11\xe8\xe1I\xd4\xc0\xba\xc2\x98|\x12\xdf\x17\xaeN\x1e'
11E8E149-D4C0-BAC2-987C-12DF17AE4E1E,2024-ncaa-d2-conf-Great Northwest,ncaa,3,3,2,3,2,3,2,1,4,1,1,5,6,5,6,9,4,4,2,4,8,1,1,6,6,4,8,7,6,1,1,7,8,3,5,3,7,3,3,4,1,1,7,4,,,10,10,,,3,2,4,1,4,2,1,2,2,6,6,4,4,4,1,2,1,9,4,5,3,1,8,,10,,,3,6,4,3,8,3,2,10,9,9,5,10,7,8,3,9,9,3,9,8,8,3,10,9,5,7,8,8,1,7,5,10,10,1,1,5,2,2,10,8,,,4,7,,,3,9,4,3,3,4,3,1,1,1,7,9,5,6,6,2,7,6,5,4,9,1,2,10,,6,,,b'\x11\xe8\xe1I\xd4\xc0\xba\xc2\x98|\x12\xdf\x17\xaeN\x1e'
11E8E149-D4C0-BAC2-987C-12DF17AE4E1E,2024-ncaa-d2-natl,ncaa,73,45,172,60,185,102,86,95,95,71,77,104,143,161,122,200,155,169,98,178,242,111,119,113,118,99,227,189,210,44,17,214,150,134,56,72,106,124,108,83,13,5,152,87,,,226,257,,,38,162,112,97,55,39,32,34,42,137,145,132,155,158,41,54,25,221,83,48,152,7,153,,238,,,31,50,48,51,123,27,24,171,219,227,154,282,55,72,71,69,195,47,119,167,157,40,265,273,98,98,150,60,17,62,56,275,299,24,8,120,72,58,238,203,,,206,249,,,38,135,64,33,35,58,54,27,26,12,226,241,70,83,81,23,155,102,61,64,283,16,97,252,,209,,,b'\x11\xe8\xe1I\xd4\xc0\xba\xc2\x98|\x12\xdf\x17\xaeN\x1e'
11E8E149-D4C0-BAC2-987C-12DF17AE4E1E,2025-ncaa-d2-conf-Great Northwest,genius_ncaa,1,1,1,1,2,1,1,1,1,1,1,2,9,10,4,10,4,4,7,4,10,1,1,2,2,2,10,10,9,1,1,4,3,1,1,1,3,5,1,1,1,1,1,1,,,10,10,,10,1,1,6,2,1,1,1,1,1,10,10,6,4,4,2,3,1,7,1,1,2,1,1,,9,,10,1,1,1,1,1,1,1,1,4,3,5,6,8,9,2,9,10,1,10,2,3,1,10,7,10,2,3,2,1,2,1,3,10,1,1,1,1,1,1,1,,,5,10,,10,1,10,1,1,1,1,1,1,1,1,3,3,7,8,8,1,4,2,1,1,2,1,1,1,,9,,10,b'\x11\xe8\xe1I\xd4\xc0\xba\xc2\x98|\x12\xdf\x17\xaeN\x1e'
11E8E149-D4C0-BAC2-987C-12DF17AE4E1E,2025-ncaa-d2-natl,genius_ncaa,19,16,43,17,66,25,14,13,25,5,4,68,206,250,70,296,98,81,188,84,282,19,25,64,81,44,300,283,254,6,3,110,38,27,4,15,69,94,13,9,7,1,8,2,,,292,291,,290,4,57,122,207,16,8,12,2,2,251,287,136,121,123,10,43,7,200,27,9,49,6,8,,263,,288,2,53,27,57,37,26,65,27,106,116,132,154,226,224,139,224,270,82,215,49,78,7,272,169,276,47,38,94,3,65,4,202,299,9,4,23,15,1,200,41,,,121,266,,227,4,241,12,3,2,6,2,1,2,10,65,55,169,167,166,2,87,21,21,10,148,11,4,159,,201,,256,b'\x11\xe8\xe1I\xd4\xc0\xba\xc2\x98|\x12\xdf\x17\xaeN\x1e'
11E8E149-D4C0-BAC2-987C-12DF17AE4E1E,2026-ncaa-d2-conf-Great Northwest,genius_ncaa,6,7,1,6,1,4,3,4,5,2,5,2,7,2,7,1,3,3,5,3,5,4,1,6,6,6,7,7,3,3,7,2,2,2,5,6,7,8,7,8,8,10,5,6,,,10,9,,5,7,1,1,1,5,4,5,3,6,7,2,4,4,3,5,1,4,2,2,7,7,9,5,,10,,5,6,9,9,8,7,10,10,6,5,6,6,1,10,10,8,10,5,10,9,6,7,7,5,5,8,5,2,9,7,7,5,9,8,8,9,9,8,7,1,1,,,7,9,,6,7,10,8,7,6,8,8,8,10,10,5,5,10,10,10,10,9,4,9,7,8,9,7,1,,8,,6,b'\x11\xe8\xe1I\xd4\xc0\xba\xc2\x98|\x12\xdf\x17\xaeN\x1e'
11E8E149-D4C0-BAC2-987C-12DF17AE4E1E,2026-ncaa-d2-natl,genius_ncaa,65,53,141,74,170,88,66,91,78,88,137,42,57,45,137,57,206,186,217,194,225,99,145,66,97,48,170,84,273,105,149,37,25,61,46,63,122,34,5,9,174,184,82,122,,,157,164,,158,27,150,54,88,20,10,9,36,88,27,11,209,177,192,21,56,83,2,6,29,19,172,73,,201,,183,22,103,129,177,49,183,214,79,34,100,20,58,78,74,176,77,29,159,138,25,26,63,16,32,118,96,25,193,149,154,46,192,258,206,236,246,35,11,62,52,,,226,279,,213,27,149,35,55,22,101,146,262,225,278,28,98,83,77,84,251,205,101,257,196,234,213,21,58,,253,,217,b'\x11\xe8\xe1I\xd4\xc0\xba\xc2\x98|\x12\xdf\x17\xaeN\x1e'
11E8E149-D4C4-E480-987C-12DF17AE4E1E,2018-ncaa-d2-conf-Great Northwest,ncaa,11,11,8,11,10,11,11,11,10,10,10,8,10,8,9,6,11,11,11,11,11,11,11,8,11,11,11,6,11,9,9,9,10,9,9,9,8,11,11,11,10,10,11,11,,,5,6,,,11,11,6,8,11,11,10,10,9,9,8,11,11,11,11,10,9,7,9,9,11,8,11,,7,,,11,10,8,6,10,8,7,9,7,6,8,6,5,4,11,4,5,7,4,10,10,11,5,8,5,10,10,4,9,8,9,5,4,11,11,11,11,11,3,5,,,11,11,,,11,3,11,11,11,11,10,11,10,9,9,10,8,7,8,11,9,11,9,10,7,11,11,4,,11,,,b'\x11\xe8\xe1I\xd4\xc4\xe4\x80\x98|\x12\xdf\x17\xaeN\x1e'
11E8E149-D4C4-E480-987C-12DF17AE4E1E,2018-ncaa-d2-natl,ncaa,297,286,276,298,286,299,284,292,233,267,262,218,259,249,251,154,302,296,248,294,285,295,282,238,260,279,238,165,275,247,199,264,232,269,217,259,139,184,292,261,241,200,227,214,,,108,226,,,289,287,162,226,291,268,244,241,196,228,203,297,293,290,265,206,199,181,197,211,277,203,200,,232,,,288,74,77,68,192,95,71,186,110,100,176,148,131,91,273,98,161,63,47,190,197,241,161,138,182,144,232,42,199,69,217,102,145,272,243,236,195,282,32,102,,,296,275,,,289,33,285,256,285,232,223,232,223,217,193,191,223,199,205,234,187,237,171,211,205,236,276,86,,278,,,b'\x11\xe8\xe1I\xd4\xc4\xe4\x80\x98|\x12\xdf\x17\xaeN\x1e'
11E8E149-D4C4-E480-987C-12DF17AE4E1E,2019-ncaa-d2-conf-Great Northwest,ncaa,11,11,7,11,8,11,11,10,11,8,8,11,10,9,11,5,11,11,10,11,10,11,10,11,11,11,9,8,10,10,11,11,11,11,11,9,7,9,10,9,7,6,11,11,,,5,4,,,11,9,7,4,11,11,9,8,7,10,7,11,11,10,11,9,10,9,11,9,10,6,11,,5,,,11,10,10,8,10,9,4,11,10,9,9,8,3,3,7,4,4,5,3,10,10,10,5,10,2,7,11,8,11,8,11,10,6,7,6,9,10,10,10,10,,,11,10,,,11,3,11,11,11,10,10,9,10,6,10,10,4,3,4,8,8,9,10,10,11,6,10,10,,10,,,b'\x11\xe8\xe1I\xd4\xc4\xe4\x80\x98|\x12\xdf\x17\xaeN\x1e'
11E8E149-D4C4-E480-987C-12DF17AE4E1E,2019-ncaa-d2-natl,ncaa,278,285,227,284,250,275,254,247,238,225,203,224,260,245,262,202,280,276,201,269,268,258,247,249,262,270,249,217,216,242,238,281,253,280,266,175,53,201,261,189,221,205,270,277,,,70,104,,,295,241,150,225,278,250,224,189,146,262,232,269,268,262,248,204,226,284,283,148,238,199,274,,114,,,295,199,236,108,296,231,112,298,207,135,265,194,59,53,167,58,98,86,82,296,288,285,78,188,36,129,253,114,238,115,266,263,224,205,189,261,258,286,201,232,,,246,202,,,295,77,280,284,294,272,283,199,282,172,247,205,90,91,102,173,172,179,199,197,283,172,274,242,,214,,,b'\x11\xe8\xe1I\xd4\xc4\xe4\x80\x98|\x12\xdf\x17\xaeN\x1e'
11E8E149-D4C4-E480-987C-12DF17AE4E1E,2020-ncaa-d2-conf-Great Northwest,ncaa,11,11,7,11,8,8,10,6,11,11,3,11,6,6,7,9,6,4,9,4,5,5,5,11,11,10,5,6,1,7,9,11,11,10,11,11,11,5,5,11,5,6,9,10,,,10,10,,,11,4,1,3,8,10,3,11,2,6,6,5,3,3,2,2,6,11,10,11,5,5,8,,11,,,11,11,11,9,11,11,10,11,5,2,9,1,10,10,2,10,8,9,9,11,11,11,3,2,7,7,11,11,9,11,11,11,9,7,9,11,4,5,8,8,,,6,8,,,11,9,10,11,11,11,11,11,11,11,7,4,11,11,11,11,11,9,11,11,11,7,6,9,,5,,,b'\x11\xe8\xe1I\xd4\xc4\xe4\x80\x98|\x12\xdf\x17\xaeN\x1e'
11E8E149-D4C4-E480-987C-12DF17AE4E1E,2020-ncaa-d2-natl,ncaa,243,279,54,256,74,139,169,46,279,174,42,294,141,111,187,199,60,40,215,41,113,46,47,277,269,237,95,159,49,108,212,165,221,146,261,222,272,180,87,219,143,201,182,234,,,305,303,,,289,35,36,171,188,216,49,225,65,163,150,77,56,55,48,58,137,242,201,263,129,170,206,,303,,,278,301,296,280,268,300,286,256,199,197,178,74,293,299,99,293,229,289,272,251,263,281,92,64,217,226,221,300,212,293,261,306,250,181,263,289,188,113,271,227,,,53,150,,,289,271,238,277,273,289,279,256,287,272,166,150,283,290,283,278,254,184,285,258,289,222,145,253,,79,,,b'\x11\xe8\xe1I\xd4\xc4\xe4\x80\x98|\x12\xdf\x17\xaeN\x1e'
11E8E149-D4C4-E480-987C-12DF17AE4E1E,2022-ncaa-d2-conf-Great Northwest,ncaa,10,10,7,10,8,9,7,3,10,8,4,10,7,4,8,5,10,10,10,10,10,6,5,10,10,10,8,4,9,9,10,7,10,10,10,9,7,5,7,9,4,7,4,5,,,8,7,,,10,4,1,10,8,7,2,8,2,7,4,10,10,10,3,3,7,7,9,7,9,4,4,,9,,,10,8,8,8,5,9,7,8,4,6,2,4,9,9,4,9,8,9,8,5,6,8,5,3,9,9,10,7,10,9,10,7,8,5,7,9,10,10,8,6,,,9,10,,,10,7,10,10,10,10,8,10,8,9,5,9,10,10,10,10,10,10,10,10,9,4,10,9,,9,,,b'\x11\xe8\xe1I\xd4\xc4\xe4\x80\x98|\x12\xdf\x17\xaeN\x1e'
11E8E149-D4C4-E480-987C-12DF17AE4E1E,2022-ncaa-d2-natl,ncaa,275,264,248,279,261,240,220,190,246,211,184,229,200,165,242,111,275,273,211,274,282,213,197,241,257,256,206,140,261,223,214,253,288,250,280,164,77,167,207,177,148,151,125,109,,,194,217,,,270,192,13,224,192,147,29,134,77,149,78,261,248,256,53,31,174,225,217,85,250,96,81,,284,,,272,166,145,137,162,160,120,211,118,176,44,179,243,238,167,234,251,149,138,152,177,195,171,105,242,249,288,107,214,173,280,266,296,186,192,263,247,269,155,185,,,272,294,,,270,105,264,230,270,280,264,286,259,249,196,268,288,285,284,294,291,289,248,283,297,111,279,227,,255,,,b'\x11\xe8\xe1I\xd4\xc4\xe4\x80\x98|\x12\xdf\x17\xaeN\x1e'
11E8E149-D4C4-E480-987C-12DF17AE4E1E,2023-ncaa-d2-conf-Great Northwest,ncaa,10,10,7,10,8,10,9,8,9,8,8,7,7,7,7,7,6,5,10,5,5,9,6,8,8,10,6,7,4,10,10,7,10,9,10,8,8,10,10,9,4,7,5,6,,,2,1,,,10,4,1,5,9,9,5,8,5,7,6,4,3,3,5,1,9,5,8,8,10,3,5,,3,,,10,10,10,9,8,7,7,7,10,10,9,10,3,3,7,3,4,8,9,9,9,10,7,10,3,10,10,6,10,9,10,9,9,5,7,9,10,10,5,6,,,6,7,,,10,7,10,10,10,10,10,10,8,7,10,10,3,3,4,10,10,10,10,10,10,3,10,7,,5,,,b'\x11\xe8\xe1I\xd4\xc4\xe4\x80\x98|\x12\xdf\x17\xaeN\x1e'
11E8E149-D4C4-E480-987C-12DF17AE4E1E,2023-ncaa-d2-natl,ncaa,287,266,280,288,283,250,251,273,175,242,254,170,220,234,171,172,189,183,179,188,94,267,254,182,175,214,142,176,78,232,155,272,289,270,248,190,65,187,263,209,222,205,196,188,,,9,13,,,275,251,21,120,134,162,118,150,108,159,149,81,66,70,105,31,134,172,154,84,279,139,135,,66,,,280,167,178,129,233,126,88,212,261,215,273,251,42,25,267,25,59,108,74,257,241,263,217,273,27,241,289,29,155,96,248,260,267,255,247,283,264,290,125,201,,,238,176,,,275,46,230,284,277,295,292,295,271,266,296,294,149,108,111,291,287,292,185,271,293,177,292,211,,91,,,b'\x11\xe8\xe1I\xd4\xc4\xe4\x80\x98|\x12\xdf\x17\xaeN\x1e'
11E8E149-D4C4-E480-987C-12DF17AE4E1E,2024-ncaa-d2-conf-Great Northwest,ncaa,10,10,8,10,8,8,8,9,7,7,7,6,8,9,9,8,9,9,8,9,9,9,8,7,7,10,9,8,8,6,4,5,9,6,4,6,4,10,10,10,10,10,8,8,,,3,2,,,10,8,3,3,8,8,7,5,4,8,8,9,9,9,7,4,4,1,1,6,10,10,6,,5,,,10,10,9,9,6,5,4,6,10,10,8,9,3,4,1,4,3,9,4,7,6,10,7,10,2,10,9,3,4,4,4,9,8,9,10,10,10,10,9,10,,,8,8,,,10,3,10,10,10,10,10,10,7,7,10,10,3,3,4,10,10,10,3,7,10,9,10,8,,7,,,b'\x11\xe8\xe1I\xd4\xc4\xe4\x80\x98|\x12\xdf\x17\xaeN\x1e'
11E8E149-D4C4-E480-987C-12DF17AE4E1E,2024-ncaa-d2-natl,ncaa,275,264,260,278,263,265,253,271,147,219,245,133,259,250,239,196,271,274,172,274,251,277,261,171,184,248,259,223,229,227,150,146,175,187,103,192,58,247,294,232,294,298,181,177,,,20,29,,,278,261,84,121,229,184,215,133,138,236,220,257,258,258,232,102,165,15,45,103,291,297,143,,80,,,275,134,174,167,160,100,105,136,272,250,267,266,21,23,23,26,38,131,51,202,149,262,224,284,13,184,175,23,150,51,103,247,261,293,298,298,282,296,208,269,,,267,240,,,278,40,254,273,275,276,284,295,238,251,294,295,45,79,82,294,241,265,95,191,289,295,296,264,,218,,,b'\x11\xe8\xe1I\xd4\xc4\xe4\x80\x98|\x12\xdf\x17\xaeN\x1e'
11E8E149-D4C4-E480-987C-12DF17AE4E1E,2025-ncaa-d2-conf-Great Northwest,genius_ncaa,10,10,7,10,7,9,9,9,9,10,10,9,3,1,6,1,10,8,10,8,5,9,8,8,9,9,1,2,8,9,10,9,8,10,10,8,7,8,10,8,6,6,9,9,,,6,6,,6,10,4,3,2,9,9,6,10,9,2,1,9,6,6,6,5,9,9,10,8,10,6,9,,7,,7,10,10,10,8,10,10,7,10,9,8,9,8,2,2,6,2,3,6,5,10,10,10,4,8,1,7,8,9,10,9,10,10,4,7,7,9,9,9,7,9,,,10,9,,5,10,3,9,10,10,10,10,8,10,8,10,8,4,3,4,8,7,7,9,9,10,5,9,8,,8,,5,b'\x11\xe8\xe1I\xd4\xc4\xe4\x80\x98|\x12\xdf\x17\xaeN\x1e'
11E8E149-D4C4-E480-987C-12DF17AE4E1E,2025-ncaa-d2-natl,genius_ncaa,261,258,230,264,251,193,215,181,225,270,274,211,59,41,137,19,226,192,268,192,56,184,185,182,196,200,16,19,207,227,243,242,265,248,278,168,91,161,190,175,164,160,224,229,,,194,218,,138,274,166,23,207,130,162,66,266,249,23,11,194,124,125,69,57,190,195,213,109,229,110,201,,258,,186,270,233,249,164,277,217,122,276,246,208,266,228,123,127,146,127,150,155,139,282,274,270,156,224,66,223,265,200,243,216,278,257,209,184,188,250,228,264,219,282,,,195,180,,129,274,123,218,286,271,294,292,284,283,226,284,272,195,187,188,282,274,264,284,287,284,117,270,258,,113,,102,b'\x11\xe8\xe1I\xd4\xc4\xe4\x80\x98|\x12\xdf\x17\xaeN\x1e'
11E8E149-D4C4-E480-987C-12DF17AE4E1E,2026-ncaa-d2-conf-Great Northwest,genius_ncaa,6,7,1,6,1,10,10,8,10,10,8,10,9,7,10,6,6,2,10,2,1,8,6,10,10,10,6,9,1,7,10,4,10,6,10,10,10,10,9,10,6,7,4,4,,,5,2,,4,10,5,7,1,10,10,10,10,10,10,8,8,3,2,9,8,8,5,6,10,9,7,4,,3,,3,10,10,10,9,8,8,5,7,10,10,7,10,7,6,5,6,7,9,7,8,8,9,10,10,4,10,10,10,10,10,10,10,10,9,10,10,10,10,4,5,,,5,3,,6,10,5,10,10,10,10,9,9,6,4,10,10,6,5,5,9,6,10,10,10,10,10,10,3,,5,,6,b'\x11\xe8\xe1I\xd4\xc4\xe4\x80\x98|\x12\xdf\x17\xaeN\x1e'
11E8E149-D4C4-E480-987C-12DF17AE4E1E,2026-ncaa-d2-natl,genius_ncaa,276,272,141,276,217,240,257,175,291,275,237,287,141,68,242,37,168,80,296,74,8,161,128,284,288,291,12,44,62,202,272,224,290,230,294,271,241,261,275,290,196,244,203,250,,,135,61,,85,298,113,14,280,278,288,152,295,269,120,27,150,52,42,109,32,206,261,258,282,280,200,199,,164,,94,297,284,290,253,296,286,237,295,264,231,263,157,186,210,97,212,124,250,197,295,294,297,76,163,34,270,290,252,272,265,294,297,285,245,293,298,281,281,229,289,,,161,200,,260,298,175,293,298,297,298,297,298,298,285,285,274,220,238,240,297,290,285,297,296,298,269,285,260,,122,,268,b'\x11\xe8\xe1I\xd4\xc4\xe4\x80\x98|\x12\xdf\x17\xaeN\x1e'
11E8E149-D4C9-1730-987C-12DF17AE4E1E,2018-ncaa-d2-conf-SIAC,ncaa,4,4,6,4,9,5,5,8,3,6,7,4,6,6,4,8,5,8,2,8,7,8,9,4,3,3,7,8,5,8,8,3,3,7,3,9,10,4,6,6,10,10,4,2,,,6,8,,,4,6,4,10,3,3,6,3,6,6,6,2,6,6,6,7,7,1,2,7,6,9,4,,10,,,3,4,1,7,1,1,4,1,12,12,12,12,8,9,2,9,11,8,8,1,2,5,13,13,9,5,3,5,8,7,3,7,13,9,10,8,5,7,3,4,,,9,8,,,4,8,3,4,3,5,3,8,1,4,12,12,9,9,9,10,10,6,7,8,7,8,7,3,,8,,,b'\x11\xe8\xe1I\xd4\xc9\x170\x98|\x12\xdf\x17\xaeN\x1e'
11E8E149-D4C9-1730-987C-12DF17AE4E1E,2018-ncaa-d2-natl,ncaa,88,112,64,109,85,104,112,92,183,96,63,184,175,172,189,228,42,28,207,34,59,73,54,196,184,195,177,235,45,96,148,36,184,42,138,200,271,275,208,260,71,130,100,108,,,273,204,,,120,43,58,103,124,146,125,114,97,211,216,49,34,38,85,68,118,26,50,252,244,88,109,,261,,,122,210,134,250,21,84,212,22,252,268,128,202,270,298,7,298,286,270,274,35,26,43,286,247,253,279,184,247,148,270,138,227,270,57,115,115,266,213,157,89,,,87,183,,,120,270,203,53,120,137,79,216,49,148,215,251,249,289,291,256,268,267,206,253,183,73,239,109,,114,,,b'\x11\xe8\xe1I\xd4\xc9\x170\x98|\x12\xdf\x17\xaeN\x1e'
11E8E149-D4C9-1730-987C-12DF17AE4E1E,2019-ncaa-d2-conf-SIAC,ncaa,6,4,8,6,8,9,8,8,6,9,9,4,3,3,3,2,12,12,6,12,8,8,8,4,5,7,4,2,11,6,5,6,2,8,3,8,9,6,9,8,7,6,6,4,,,4,7,,,5,9,7,6,4,5,4,7,8,3,2,10,12,12,4,4,4,3,3,6,9,6,6,,7,,,5,2,5,4,6,3,2,7,11,11,11,12,4,4,3,4,8,3,3,8,7,7,8,12,6,2,2,3,5,2,3,7,11,7,6,8,7,8,2,5,,,9,8,,,5,4,3,6,4,5,7,5,6,3,12,11,5,7,6,5,6,3,8,5,8,7,9,3,,6,,,b'\x11\xe8\xe1I\xd4\xc9\x170\x98|\x12\xdf\x17\xaeN\x1e'
11E8E149-D4C9-1730-987C-12DF17AE4E1E,2019-ncaa-d2-natl,ncaa,216,222,182,224,194,231,244,195,272,226,188,249,230,167,276,173,136,69,290,72,37,176,125,271,277,284,147,205,44,83,80,112,142,92,103,266,272,284,282,301,166,193,117,92,,,225,220,,,221,156,68,95,249,264,176,229,164,228,160,116,37,37,126,51,54,43,38,280,290,169,106,,251,,,218,104,64,125,54,50,82,74,203,224,100,245,225,260,17,259,290,158,170,75,74,67,282,237,252,187,142,185,80,191,103,159,263,99,100,117,287,276,140,144,,,92,79,,,221,160,278,73,212,135,84,154,61,89,224,252,241,274,275,213,248,212,223,223,188,62,287,148,,38,,,b'\x11\xe8\xe1I\xd4\xc9\x170\x98|\x12\xdf\x17\xaeN\x1e'
11E8E149-D4C9-1730-987C-12DF17AE4E1E,2020-ncaa-d2-conf-SIAC,ncaa,12,12,7,12,10,11,7,11,4,9,10,4,5,6,7,3,12,12,10,12,13,11,12,5,5,5,7,3,12,12,13,11,13,13,13,12,10,2,7,9,12,12,8,8,,,1,1,,,12,12,10,13,10,7,10,8,10,5,5,12,12,12,11,12,12,9,13,11,4,12,8,,1,,,12,8,11,9,11,10,9,11,10,11,7,10,2,2,1,2,3,8,4,11,9,10,3,8,1,12,13,7,13,12,13,9,6,11,12,11,10,11,1,1,,,10,9,,,12,2,8,13,13,9,11,11,11,8,10,11,2,3,3,10,7,12,10,13,10,11,9,1,,11,,,b'\x11\xe8\xe1I\xd4\xc9\x170\x98|\x12\xdf\x17\xaeN\x1e'
11E8E149-D4C9-1730-987C-12DF17AE4E1E,2020-ncaa-d2-natl,ncaa,254,254,223,260,248,239,231,211,231,192,158,217,248,221,263,215,221,166,281,172,170,211,187,244,249,254,242,232,155,195,235,179,305,198,295,285,297,236,249,286,194,225,133,159,,,156,108,,,232,176,68,217,225,210,153,161,109,242,205,208,126,136,144,88,168,107,135,288,264,176,125,,205,,,230,124,123,185,65,192,215,122,37,133,3,85,231,268,13,267,237,210,203,46,46,67,68,22,249,310,305,226,235,300,295,87,81,145,166,104,243,250,77,76,,,201,185,,,232,107,263,156,243,192,177,272,238,275,52,172,259,293,290,290,294,309,286,307,124,107,256,97,,139,,,b'\x11\xe8\xe1I\xd4\xc9\x170\x98|\x12\xdf\x17\xaeN\x1e'
11E8E149-D4C9-1730-987C-12DF17AE4E1E,2021-ncaa-d2-conf-SIAC,ncaa,9,9,2,9,3,5,5,5,7,5,5,7,5,4,8,3,4,4,6,4,4,5,4,7,7,7,3,4,3,5,8,4,9,5,9,7,9,8,8,9,5,9,8,9,,,4,1,,,9,4,8,4,8,8,8,8,8,7,6,8,7,7,8,8,7,6,9,9,8,9,9,,1,,,9,9,9,9,9,9,7,9,9,9,7,9,5,5,3,5,1,8,8,9,9,9,5,9,1,9,9,7,8,8,9,9,9,5,9,9,8,9,6,2,,,5,4,,,9,7,8,9,9,9,9,9,9,4,9,9,1,1,1,7,4,8,7,9,9,9,9,2,,8,,,b'\x11\xe8\xe1I\xd4\xc9\x170\x98|\x12\xdf\x17\xaeN\x1e'
11E8E149-D4C9-1730-987C-12DF17AE4E1E,2021-ncaa-d2-natl,ncaa,211,199,144,211,156,179,188,173,214,184,171,212,178,167,211,127,152,119,221,118,17,168,151,215,216,216,89,147,13,111,69,160,222,148,196,198,211,158,220,224,171,198,219,226,,,39,3,,,216,155,130,121,217,222,209,216,188,202,157,138,52,51,198,108,60,156,103,221,220,187,226,,11,,,220,97,113,98,159,111,83,208,117,139,60,205,49,63,12,63,70,93,83,161,118,158,73,154,11,202,222,73,69,116,196,135,150,163,190,206,193,225,20,12,,,153,129,,,216,72,219,213,221,190,197,199,188,137,187,221,36,79,80,196,184,223,128,212,199,164,224,11,,122,,,b'\x11\xe8\xe1I\xd4\xc9\x170\x98|\x12\xdf\x17\xaeN\x1e'
11E8E149-D4C9-1730-987C-12DF17AE4E1E,2022-ncaa-d2-conf-SIAC,ncaa,7,9,4,8,5,9,9,7,13,11,10,13,3,2,6,2,10,9,11,9,10,8,7,11,13,11,2,1,10,11,13,8,5,8,12,8,7,6,5,8,7,7,14,14,,,6,6,,,10,7,13,5,13,12,10,13,13,3,3,13,12,13,12,14,14,13,14,10,3,9,14,,3,,,9,8,10,6,12,9,4,11,13,9,13,10,5,6,2,6,5,7,8,12,11,11,8,10,3,5,5,14,13,10,12,12,11,4,2,9,6,5,14,14,,,9,11,,,10,8,12,8,9,3,6,1,6,2,10,7,3,3,3,1,1,2,12,7,9,8,3,14,,13,,,b'\x11\xe8\xe1I\xd4\xc9\x170\x98|\x12\xdf\x17\xaeN\x1e'
11E8E149-D4C9-1730-987C-12DF17AE4E1E,2022-ncaa-d2-natl,ncaa,200,203,196,211,203,262,269,206,289,276,222,288,186,136,244,99,204,145,288,143,62,202,155,286,286,289,57,85,87,132,175,235,237,208,255,242,148,274,277,276,80,62,294,298,,,134,144,,,244,155,74,69,275,278,175,285,213,176,106,200,113,114,161,71,102,252,202,251,280,57,298,,174,,,240,83,102,65,224,158,109,221,38,44,91,57,108,198,5,200,230,76,140,199,156,60,45,44,170,171,237,213,175,197,255,141,191,40,14,41,238,239,294,299,,,206,245,,,244,136,288,72,242,123,146,54,205,140,48,46,149,231,231,89,219,202,270,253,167,20,251,295,,185,,,b'\x11\xe8\xe1I\xd4\xc9\x170\x98|\x12\xdf\x17\xaeN\x1e'
11E8E149-D4C9-1730-987C-12DF17AE4E1E,2023-ncaa-d2-conf-SIAC,ncaa,12,10,5,12,7,12,11,10,13,10,9,11,9,7,14,7,11,7,14,7,6,10,10,13,13,14,7,8,5,13,11,13,9,12,11,12,12,7,10,12,10,11,14,14,,,5,8,,,12,8,9,7,12,13,14,11,13,10,7,11,8,8,12,12,12,13,14,12,8,11,14,,7,,,12,4,8,5,12,9,7,12,9,7,10,10,1,2,1,2,6,4,4,12,8,6,3,10,1,4,9,8,11,5,11,7,5,8,8,9,7,9,8,11,,,10,6,,,12,5,14,7,12,5,10,9,9,7,9,7,1,2,2,6,4,4,8,4,8,9,8,8,,10,,,b'\x11\xe8\xe1I\xd4\xc9\x170\x98|\x12\xdf\x17\xaeN\x1e'
11E8E149-D4C9-1730-987C-12DF17AE4E1E,2023-ncaa-d2-natl,ncaa,222,226,197,231,210,264,270,243,277,229,176,268,284,269,288,268,114,31,291,29,11,213,157,283,282,284,219,274,9,178,156,237,256,227,237,273,249,288,287,292,142,155,269,280,,,188,203,,,240,147,34,128,277,284,260,224,128,283,269,75,12,10,179,53,148,234,216,282,290,123,269,,245,,,237,60,84,96,134,150,172,113,32,34,82,38,93,210,1,211,193,111,152,99,56,33,29,41,148,211,256,104,156,151,237,57,76,60,45,36,239,244,216,240,,,104,73,,,240,140,288,42,240,106,138,158,215,249,43,44,119,244,249,203,257,241,173,213,98,38,266,246,,46,,,b'\x11\xe8\xe1I\xd4\xc9\x170\x98|\x12\xdf\x17\xaeN\x1e'
11E8E149-D4C9-1730-987C-12DF17AE4E1E,2024-ncaa-d2-conf-SIAC,ncaa,9,12,5,11,8,11,8,10,8,8,9,5,9,7,9,6,12,13,10,13,13,10,9,9,9,11,7,6,12,10,10,9,10,9,10,13,14,10,10,12,13,12,14,14,,,6,10,,,11,9,12,12,12,10,11,10,11,8,7,13,13,13,13,13,11,8,12,14,9,13,14,,7,,,10,5,8,7,8,7,7,9,6,10,4,11,5,4,4,4,5,8,7,7,5,8,5,6,4,9,10,4,10,8,10,7,5,11,11,10,6,6,13,14,,,11,11,,,11,6,12,9,11,6,7,8,7,6,4,11,5,4,3,8,2,10,4,7,6,12,4,14,,13,,,b'\x11\xe8\xe1I\xd4\xc9\x170\x98|\x12\xdf\x17\xaeN\x1e'
11E8E149-D4C9-1730-987C-12DF17AE4E1E,2024-ncaa-d2-natl,ncaa,229,274,78,249,104,209,198,129,263,176,90,265,222,195,251,216,207,161,256,160,221,133,96,267,276,277,219,211,147,146,209,123,266,125,245,278,296,272,247,295,186,227,288,297,,,213,126,,,259,85,137,198,271,267,199,227,119,247,228,243,195,197,209,132,174,156,170,295,234,211,295,,164,,,244,200,200,239,92,222,238,114,108,167,41,105,199,247,12,242,180,245,242,76,66,98,87,81,171,287,266,250,209,277,245,187,139,125,189,150,222,192,253,247,,,196,247,,,259,205,278,146,248,150,155,212,195,222,77,136,165,211,208,230,202,279,239,269,142,162,187,248,,250,,,b'\x11\xe8\xe1I\xd4\xc9\x170\x98|\x12\xdf\x17\xaeN\x1e'
11E8E149-D4C9-1730-987C-12DF17AE4E1E,2025-ncaa-d2-conf-SIAC,genius_ncaa,14,12,14,14,14,13,13,12,13,11,5,12,14,14,14,14,10,12,5,14,14,14,11,13,13,13,14,14,6,5,4,12,13,9,6,13,9,12,14,13,12,12,11,8,,,1,2,,1,12,13,5,1,12,12,5,4,2,14,14,6,6,8,5,4,3,8,2,13,14,9,10,,5,,1,12,4,5,4,10,6,5,12,8,7,7,11,1,1,9,1,2,3,2,10,8,8,5,11,2,7,13,3,4,4,6,6,11,11,8,11,8,13,14,14,,,14,14,,14,12,1,13,10,13,9,13,14,10,10,11,11,4,3,3,10,10,13,9,10,13,7,12,14,,11,,14,b'\x11\xe8\xe1I\xd4\xc9\x170\x98|\x12\xdf\x17\xaeN\x1e'
11E8E149-D4C9-1730-987C-12DF17AE4E1E,2025-ncaa-d2-natl,genius_ncaa,273,180,294,264,294,294,294,294,284,281,228,288,295,295,299,300,233,223,229,233,171,294,294,296,290,296,293,301,10,144,19,291,274,281,147,290,248,152,291,295,225,114,270,245,,,10,75,,25,211,294,74,48,275,279,141,116,13,301,300,59,34,45,106,22,13,191,41,279,299,84,223,,152,,56,224,9,11,9,94,14,19,86,13,12,59,49,19,25,25,25,138,8,8,63,58,39,47,52,174,104,274,9,19,12,147,14,91,213,46,36,137,276,215,261,,,289,236,,290,211,8,288,67,227,115,135,200,199,256,53,66,150,192,198,208,260,282,140,238,104,33,286,293,,143,,283,b'\x11\xe8\xe1I\xd4\xc9\x170\x98|\x12\xdf\x17\xaeN\x1e'
11E8E149-D4C9-1730-987C-12DF17AE4E1E,2026-ncaa-d2-conf-SIAC,genius_ncaa,8,5,14,8,14,14,14,13,13,12,12,11,8,7,10,5,10,9,13,8,1,11,13,13,13,10,3,4,3,9,3,14,2,13,2,13,8,1,4,6,9,4,7,5,,,3,11,,5,7,13,1,1,5,7,2,10,5,5,4,3,1,1,2,3,3,1,2,6,6,4,4,,13,,11,7,1,1,1,8,1,2,4,1,1,10,1,4,5,2,5,10,1,1,6,6,9,4,5,11,1,2,1,3,1,2,2,7,13,6,6,1,3,5,7,,,13,5,,10,7,2,11,3,7,10,9,7,12,14,5,1,11,12,12,8,12,2,13,5,6,5,5,8,,1,,9,b'\x11\xe8\xe1I\xd4\xc9\x170\x98|\x12\xdf\x17\xaeN\x1e'
11E8E149-D4C9-1730-987C-12DF17AE4E1E,2026-ncaa-d2-natl,genius_ncaa,201,53,289,135,290,284,287,289,265,283,282,247,279,276,274,222,239,184,292,183,14,281,288,272,273,258,185,244,28,221,21,291,61,285,39,279,171,20,141,217,188,23,203,133,,,25,248,,42,131,288,5,88,104,156,21,102,23,229,133,27,2,2,3,6,10,67,10,166,248,16,69,,276,,174,120,10,8,6,132,21,25,61,1,2,110,1,46,64,22,63,226,10,9,54,59,43,19,4,271,6,61,8,21,6,39,9,52,245,40,23,24,134,29,97,,,265,74,,271,131,12,237,26,124,142,130,162,256,290,5,1,270,291,292,243,284,73,194,143,77,20,216,160,,7,,234,b'\x11\xe8\xe1I\xd4\xc9\x170\x98|\x12\xdf\x17\xaeN\x1e'
11E8E149-D4CD-6B28-987C-12DF17AE4E1E,2018-ncaa-d2-conf-G-MAC,ncaa,12,12,9,12,12,12,10,12,9,8,5,9,13,13,12,12,13,13,6,13,13,12,10,11,11,12,13,12,9,12,11,8,11,11,11,12,13,13,13,12,8,7,5,5,,,4,6,,,12,10,4,8,12,9,12,7,3,13,12,13,13,13,12,7,12,8,11,12,13,8,5,,9,,,12,6,6,6,6,4,7,5,8,9,8,10,7,5,11,5,7,6,4,7,8,10,10,9,7,12,11,8,11,9,11,11,13,8,8,11,13,13,8,7,,,12,11,,,12,4,12,10,12,9,9,10,9,10,10,11,9,8,8,10,10,12,10,12,11,8,13,9,,11,,,b'\x11\xe8\xe1I\xd4\xcdk(\x98|\x12\xdf\x17\xaeN\x1e'
11E8E149-D4CD-6B28-987C-12DF17AE4E1E,2018-ncaa-d2-natl,ncaa,243,245,206,249,275,216,157,203,107,98,129,102,288,276,276,265,278,284,92,286,305,229,201,165,178,215,306,282,277,251,237,207,259,235,253,245,286,234,273,266,171,166,104,82,,,126,132,,,264,184,38,308,212,113,166,45,62,284,276,276,290,292,219,152,243,183,224,243,263,151,83,,181,,,259,204,210,179,195,172,105,230,245,257,137,279,141,101,284,103,139,162,135,206,213,239,201,234,105,229,259,100,237,156,253,261,272,217,223,268,282,294,140,106,,,279,293,,,264,118,235,258,264,260,256,263,219,163,263,289,189,138,143,253,223,268,154,220,278,193,293,155,,282,,,b'\x11\xe8\xe1I\xd4\xcdk(\x98|\x12\xdf\x17\xaeN\x1e'
11E8E149-D4CD-6B28-987C-12DF17AE4E1E,2019-ncaa-d2-conf-G-MAC,ncaa,13,13,9,13,12,13,11,12,13,10,5,13,12,14,12,14,10,10,8,10,11,10,11,13,13,13,13,13,5,7,6,14,13,13,12,12,11,5,10,12,2,1,12,9,,,7,10,,,12,13,10,10,13,11,10,7,4,12,14,10,9,8,9,10,6,14,13,12,9,1,11,,9,,,12,4,4,2,13,4,3,14,7,5,10,10,8,6,13,6,10,2,2,13,13,12,10,8,8,7,13,5,6,5,12,10,10,5,3,8,8,9,5,4,,,11,10,,,12,2,13,11,13,9,9,2,8,3,8,7,9,7,7,2,5,10,8,7,10,4,9,6,,10,,,b'\x11\xe8\xe1I\xd4\xcdk(\x98|\x12\xdf\x17\xaeN\x1e'
11E8E149-D4CD-6B28-987C-12DF17AE4E1E,2019-ncaa-d2-natl,ncaa,278,274,260,279,274,282,278,258,269,258,215,275,260,259,241,210,270,272,167,269,261,266,269,276,278,263,214,201,164,194,152,303,282,291,271,289,273,67,173,248,64,16,252,200,,,78,209,,,268,286,241,217,277,265,181,219,121,243,225,246,243,241,210,215,134,309,290,281,151,24,239,,171,,,270,73,74,17,281,65,10,296,190,130,253,271,97,72,263,68,228,15,28,289,297,262,237,243,148,94,282,67,152,73,271,133,206,171,58,150,95,193,73,106,,,295,270,,,268,22,256,263,276,205,188,54,135,25,254,226,181,148,143,55,78,170,195,185,212,84,171,123,,279,,,b'\x11\xe8\xe1I\xd4\xcdk(\x98|\x12\xdf\x17\xaeN\x1e'
11E8E149-D4CD-6B28-987C-12DF17AE4E1E,2020-ncaa-d2-conf-G-MAC,ncaa,10,10,9,10,9,11,10,13,9,10,9,9,11,11,10,7,10,12,10,12,12,13,9,10,11,11,9,8,10,7,6,13,13,12,12,10,7,12,13,12,4,4,3,3,,,3,5,,,12,11,10,2,11,10,11,8,6,10,11,10,12,12,13,7,5,13,12,8,13,3,3,,5,,,12,7,6,3,12,5,3,10,10,7,11,9,6,5,8,5,8,2,4,12,12,9,9,10,5,11,13,2,6,7,12,11,12,5,4,8,11,13,1,2,,,13,13,,,12,3,11,11,12,11,11,8,6,4,10,9,8,7,7,8,9,11,6,11,11,5,12,1,,13,,,b'\x11\xe8\xe1I\xd4\xcdk(\x98|\x12\xdf\x17\xaeN\x1e'
11E8E149-D4CD-6B28-987C-12DF17AE4E1E,2020-ncaa-d2-natl,ncaa,243,266,102,251,108,158,131,149,112,138,148,124,120,129,104,123,265,268,170,265,287,175,131,109,141,188,182,104,299,173,167,267,278,249,251,131,150,276,266,203,43,49,166,165,,,165,114,,,260,117,144,36,183,134,177,151,170,131,145,285,287,287,213,157,184,295,287,136,263,42,178,,134,,,250,277,280,182,298,254,128,300,282,242,286,244,161,149,208,148,167,181,210,300,301,263,182,239,78,218,278,132,167,168,251,297,275,74,78,202,280,267,18,15,,,263,302,,,260,208,196,269,245,268,269,155,236,101,272,240,150,140,141,151,195,202,108,151,290,70,263,10,,296,,,b'\x11\xe8\xe1I\xd4\xcdk(\x98|\x12\xdf\x17\xaeN\x1e'
11E8E149-D4CD-6B28-987C-12DF17AE4E1E,2021-ncaa-d2-conf-MEC,ncaa,8,9,2,9,4,7,5,7,4,8,9,5,4,4,5,4,8,11,1,11,10,7,3,4,4,9,4,3,10,5,3,3,8,3,2,2,3,12,12,10,11,11,2,3,,,12,12,,,9,2,5,12,7,8,10,9,11,4,4,10,12,12,11,5,5,3,5,5,12,11,2,,12,,,9,12,11,12,5,11,11,5,5,5,3,5,12,12,4,12,12,12,12,3,5,10,7,2,12,12,8,2,3,5,2,6,2,9,12,7,12,10,1,1,,,11,12,,,9,11,9,10,9,8,6,9,8,9,3,5,12,12,12,12,9,10,1,1,4,10,11,1,,12,,,b'\x11\xe8\xe1I\xd4\xcdk(\x98|\x12\xdf\x17\xaeN\x1e'
11E8E149-D4CD-6B28-987C-12DF17AE4E1E,2021-ncaa-d2-natl,ncaa,106,170,82,141,98,65,57,81,53,71,83,51,47,55,61,69,108,136,9,136,197,85,56,45,43,130,117,65,194,35,18,44,169,35,33,49,87,225,219,185,148,214,15,43,,,222,216,,,184,57,14,223,49,40,63,63,102,44,60,147,190,195,90,13,39,10,11,43,224,201,12,,225,,,171,193,183,190,112,199,205,109,106,131,36,24,223,226,65,225,188,197,183,82,95,167,60,15,208,219,169,107,18,141,33,130,12,127,218,155,224,201,73,32,,,130,223,,,184,173,121,191,160,216,198,218,213,217,69,110,225,226,226,224,218,212,24,119,80,190,219,31,,211,,,b'\x11\xe8\xe1I\xd4\xcdk(\x98|\x12\xdf\x17\xaeN\x1e'
11E8E149-D4CD-6B28-987C-12DF17AE4E1E,2022-ncaa-d2-conf-MEC,ncaa,8,8,6,8,7,6,6,9,5,3,10,4,7,7,7,7,6,7,3,8,5,8,7,5,6,6,8,7,5,7,3,8,5,8,3,5,3,12,11,7,7,9,3,3,,,10,10,,,8,7,6,6,7,7,11,3,9,7,7,4,9,9,10,5,6,9,8,4,12,6,3,,11,,,8,11,11,10,11,11,9,10,5,6,2,5,10,9,9,9,9,10,6,9,8,12,5,3,8,4,5,1,3,1,3,6,4,10,12,10,11,9,1,3,,,10,9,,,8,7,7,10,8,11,11,11,12,10,5,5,10,10,10,11,8,4,1,3,6,11,10,1,,10,,,b'\x11\xe8\xe1I\xd4\xcdk(\x98|\x12\xdf\x17\xaeN\x1e'
11E8E149-D4CD-6B28-987C-12DF17AE4E1E,2022-ncaa-d2-natl,ncaa,129,161,106,148,119,50,49,85,20,29,68,14,144,145,159,204,33,35,98,36,61,72,45,37,36,87,220,240,93,82,27,118,182,102,42,65,150,293,256,190,198,270,57,112,,,282,224,,,238,42,9,116,19,17,78,11,80,160,158,18,28,30,48,16,91,141,97,43,281,219,45,,283,,,230,299,295,280,265,298,285,265,181,217,97,65,296,293,211,293,200,287,263,245,256,288,54,38,210,222,182,44,27,87,42,192,12,231,295,253,265,196,27,14,,,94,229,,,238,265,86,283,210,299,296,298,297,297,158,208,296,288,289,298,288,196,10,51,165,259,248,18,,94,,,b'\x11\xe8\xe1I\xd4\xcdk(\x98|\x12\xdf\x17\xaeN\x1e'
11E8E149-D4CD-6B28-987C-12DF17AE4E1E,2023-ncaa-d2-conf-MEC,ncaa,11,11,11,11,12,10,10,11,7,7,10,4,12,9,12,9,7,8,2,8,9,11,10,8,6,9,11,12,6,12,12,9,12,11,11,12,12,9,10,12,5,5,3,2,,,6,7,,,12,9,2,12,9,8,7,4,5,12,8,6,7,7,8,5,12,8,11,12,11,4,2,,9,,,12,12,12,8,10,9,8,10,9,9,12,6,9,9,5,9,9,8,5,11,11,12,8,6,9,11,12,5,12,8,11,10,8,10,11,12,12,12,2,3,,,10,10,,,12,4,11,12,12,12,12,11,11,9,11,10,11,11,11,12,11,11,9,11,11,9,12,3,,10,,,b'\x11\xe8\xe1I\xd4\xcdk(\x98|\x12\xdf\x17\xaeN\x1e'
11E8E149-D4CD-6B28-987C-12DF17AE4E1E,2023-ncaa-d2-natl,ncaa,267,279,148,273,193,109,96,107,118,50,54,80,262,205,287,244,78,88,94,90,167,95,59,179,156,195,273,280,81,217,244,159,285,195,278,254,295,282,238,279,94,181,55,104,,,252,137,,,292,37,3,284,68,54,38,13,31,263,206,39,62,62,30,12,219,154,200,268,280,83,47,,269,,,288,296,295,281,277,292,280,268,265,243,254,119,269,279,75,277,175,284,274,273,271,286,98,127,121,292,285,209,244,267,278,263,58,166,265,247,293,280,63,28,,,134,236,,,292,262,235,291,283,298,298,298,296,293,272,260,281,282,281,298,296,291,248,283,271,161,290,65,,93,,,b'\x11\xe8\xe1I\xd4\xcdk(\x98|\x12\xdf\x17\xaeN\x1e'
11E8E149-D4D1-9BBC-987C-12DF17AE4E1E,2018-ncaa-d2-conf-NE10,ncaa,11,12,6,12,8,10,11,8,10,7,5,11,12,12,11,12,4,3,8,2,5,6,6,12,12,11,10,12,2,5,3,7,7,6,6,10,11,7,8,9,9,9,6,4,,,14,15,,,11,9,10,8,8,9,7,6,2,12,12,3,4,3,5,5,3,7,6,10,9,9,5,,15,,,11,9,4,6,5,2,4,7,10,10,8,13,15,15,15,15,15,6,7,7,11,12,15,10,15,7,7,7,3,6,6,6,11,11,11,11,9,8,2,2,,,6,6,,,11,6,9,13,11,12,5,6,2,4,11,11,15,15,15,7,8,9,8,7,7,10,9,2,,5,,,b'\x11\xe8\xe1I\xd4\xd1\x9b\xbc\x98|\x12\xdf\x17\xaeN\x1e'
11E8E149-D4D1-9BBC-987C-12DF17AE4E1E,2018-ncaa-d2-natl,ncaa,161,179,105,178,122,175,176,158,209,141,96,219,238,247,198,259,128,127,169,117,169,156,163,224,219,205,232,250,82,83,68,152,145,125,94,192,197,124,128,183,136,133,138,115,,,241,281,,,162,186,255,166,226,221,194,149,102,264,265,131,137,129,189,200,78,190,118,214,106,163,150,,235,,,161,106,57,99,76,52,75,92,139,167,92,184,265,237,289,239,272,112,118,86,133,138,268,157,292,150,145,127,68,132,94,144,245,174,146,154,109,115,131,91,,,138,118,,,162,121,179,145,165,88,30,42,39,38,130,148,259,234,236,70,64,140,96,104,115,188,98,107,,154,,,b'\x11\xe8\xe1I\xd4\xd1\x9b\xbc\x98|\x12\xdf\x17\xaeN\x1e'
11E8E149-D4D1-9BBC-987C-12DF17AE4E1E,2019-ncaa-d2-conf-NE10,ncaa,7,9,4,9,6,4,4,5,7,2,2,7,9,9,9,11,5,6,3,7,12,4,5,7,8,4,12,12,10,5,5,5,2,4,4,7,12,6,2,5,9,8,8,7,,,14,15,,,4,6,11,8,4,2,6,1,2,11,10,7,9,10,4,6,4,7,4,9,3,10,7,,13,,,4,7,4,7,7,6,9,6,6,6,11,4,15,15,14,15,15,10,10,6,8,7,11,5,15,1,2,8,5,5,4,5,7,8,7,5,7,4,6,1,,,4,9,,,4,10,3,7,5,6,3,2,3,5,4,4,15,15,15,4,3,1,6,3,5,12,5,2,,6,,,b'\x11\xe8\xe1I\xd4\xd1\x9b\xbc\x98|\x12\xdf\x17\xaeN\x1e'
11E8E149-D4D1-9BBC-987C-12DF17AE4E1E,2019-ncaa-d2-natl,ncaa,110,145,46,130,65,79,67,66,111,47,48,116,156,154,182,214,143,199,23,205,284,74,101,138,132,97,255,224,229,86,79,70,18,72,46,77,125,94,45,54,166,190,102,124,,,239,246,,,60,111,245,180,135,90,105,65,76,200,213,201,251,255,140,213,114,108,99,95,41,220,124,,181,,,63,127,96,153,75,136,221,51,64,53,179,31,250,232,225,235,188,169,168,61,85,98,142,58,275,63,18,177,79,116,46,139,184,140,155,128,127,93,168,77,,,130,197,,,60,197,81,69,63,44,34,40,71,144,37,16,208,182,190,53,41,25,75,45,84,206,74,117,,215,,,b'\x11\xe8\xe1I\xd4\xd1\x9b\xbc\x98|\x12\xdf\x17\xaeN\x1e'
11E8E149-D4D1-9BBC-987C-12DF17AE4E1E,2020-ncaa-d2-conf-NE10,ncaa,10,12,4,11,6,11,12,6,14,13,8,13,8,6,13,7,12,9,14,9,9,6,6,14,14,14,5,5,10,5,9,12,12,9,11,14,14,12,11,14,2,3,12,14,,,13,12,,,12,6,5,13,14,14,8,13,9,10,7,13,11,11,8,5,5,13,12,14,10,2,13,,12,,,12,13,9,8,10,9,9,6,9,2,14,1,14,14,7,14,13,9,10,10,12,9,10,7,14,7,12,12,9,13,11,11,10,2,3,7,12,12,10,11,,,9,11,,,12,9,14,9,12,9,7,6,7,8,9,2,14,14,14,6,10,5,12,11,10,2,12,9,,11,,,b'\x11\xe8\xe1I\xd4\xd1\x9b\xbc\x98|\x12\xdf\x17\xaeN\x1e'
11E8E149-D4D1-9BBC-987C-12DF17AE4E1E,2020-ncaa-d2-natl,ncaa,223,254,102,239,168,276,279,146,306,280,159,305,183,111,271,107,277,252,269,254,274,171,138,303,306,306,99,79,196,93,172,236,235,190,258,296,300,243,227,305,89,82,192,204,,,169,164,,,283,164,196,289,302,297,171,293,184,190,128,296,278,278,200,170,100,276,222,307,222,96,202,,135,,,275,152,157,114,198,166,173,130,133,51,301,57,154,149,188,151,142,119,151,192,188,138,131,137,162,181,235,286,172,252,258,212,247,81,64,126,206,174,221,236,,,204,234,,,283,144,303,145,277,119,125,74,136,153,124,41,142,140,144,64,114,163,278,241,201,83,179,219,,238,,,b'\x11\xe8\xe1I\xd4\xd1\x9b\xbc\x98|\x12\xdf\x17\xaeN\x1e'
11E8E149-D4D1-9BBC-987C-12DF17AE4E1E,2021-ncaa-d2-conf-NE10,ncaa,1,1,1,1,1,1,1,1,2,1,1,2,1,1,2,2,1,1,3,1,1,1,1,2,2,2,1,1,1,1,1,1,1,1,2,1,3,3,1,2,1,1,1,1,,,3,1,,,1,1,2,1,1,2,1,2,2,1,2,1,1,1,1,1,2,2,1,2,1,1,1,,1,,,1,3,3,3,2,3,3,3,2,3,2,2,3,3,3,3,1,3,3,2,2,1,1,2,1,3,1,3,1,3,2,3,3,1,1,3,3,1,1,1,,,1,1,,,1,3,1,1,1,1,2,2,2,2,2,2,1,1,1,1,2,1,2,2,3,1,1,1,,1,,,b'\x11\xe8\xe1I\xd4\xd1\x9b\xbc\x98|\x12\xdf\x17\xaeN\x1e'
11E8E149-D4D1-9BBC-987C-12DF17AE4E1E,2021-ncaa-d2-natl,ncaa,106,8,195,29,196,199,205,200,209,206,199,204,197,194,198,112,179,186,116,184,13,198,198,207,188,187,48,133,3,191,124,195,50,195,100,213,215,25,106,208,200,111,172,79,,,33,203,,,83,198,161,36,187,204,157,194,143,173,114,20,20,18,126,130,87,69,72,216,103,127,90,,179,,,71,20,17,22,11,19,22,17,15,17,8,41,38,35,97,35,195,24,26,9,17,9,117,23,222,21,50,33,124,27,100,19,156,193,30,18,23,59,34,135,,,188,3,,,83,28,173,8,68,8,9,16,22,72,5,15,174,174,176,27,57,63,178,132,32,43,46,118,,4,,,b'\x11\xe8\xe1I\xd4\xd1\x9b\xbc\x98|\x12\xdf\x17\xaeN\x1e'
11E8E149-D4D1-9BBC-987C-12DF17AE4E1E,2022-ncaa-d2-conf-NE10,ncaa,11,11,4,11,10,11,14,9,14,14,10,14,9,10,8,9,7,8,3,8,8,10,10,14,14,11,3,5,2,11,13,13,11,14,13,14,14,6,9,14,3,3,12,9,,,12,14,,,11,7,7,12,12,14,9,14,10,8,10,7,8,8,10,11,11,14,14,14,7,4,12,,11,,,11,8,3,2,11,2,1,12,12,13,11,12,13,12,8,12,14,2,7,13,13,11,13,12,12,6,11,13,13,12,13,11,13,2,1,5,3,4,8,10,,,6,2,,,11,7,12,8,11,8,2,1,2,1,12,12,13,13,13,2,6,5,13,11,10,1,4,8,,4,,,b'\x11\xe8\xe1I\xd4\xd1\x9b\xbc\x98|\x12\xdf\x17\xaeN\x1e'
11E8E149-D4D1-9BBC-987C-12DF17AE4E1E,2022-ncaa-d2-natl,ncaa,187,203,146,199,179,226,236,183,275,246,169,280,171,178,160,148,183,195,93,195,202,189,194,268,253,235,81,101,109,226,265,224,209,234,277,264,263,106,139,247,107,101,196,152,,,180,222,,,213,184,186,224,265,269,187,270,169,170,170,191,212,210,211,227,237,266,273,280,109,111,196,,187,,,207,91,65,73,129,42,41,159,190,194,171,252,163,164,134,166,265,79,122,163,178,108,273,237,222,141,209,228,265,203,277,158,246,73,35,91,56,68,231,243,,,121,45,,,213,113,255,116,214,88,56,37,30,19,197,205,172,174,176,40,110,149,258,218,151,58,54,242,,99,,,b'\x11\xe8\xe1I\xd4\xd1\x9b\xbc\x98|\x12\xdf\x17\xaeN\x1e'
11E8E149-D4D1-9BBC-987C-12DF17AE4E1E,2023-ncaa-d2-conf-NE10,ncaa,7,6,10,7,11,12,12,11,9,7,6,8,13,13,12,13,6,6,7,6,6,11,11,11,10,9,13,13,4,13,13,13,13,13,13,12,11,1,2,8,2,2,6,5,,,7,10,,,9,10,4,2,10,10,6,1,3,13,13,5,4,4,5,7,13,13,13,11,3,2,5,,12,,,9,6,4,2,7,2,2,7,11,9,10,10,7,10,5,10,13,2,5,9,9,6,13,10,11,11,13,7,13,11,13,9,11,4,1,6,1,3,4,3,,,12,10,,,9,4,11,8,9,9,7,7,4,3,12,10,10,11,11,10,11,12,12,12,9,1,3,4,,10,,,b'\x11\xe8\xe1I\xd4\xd1\x9b\xbc\x98|\x12\xdf\x17\xaeN\x1e'
11E8E149-D4D1-9BBC-987C-12DF17AE4E1E,2023-ncaa-d2-natl,ncaa,120,101,197,114,219,239,207,194,205,143,117,184,269,255,278,249,242,242,190,240,266,209,251,242,248,194,279,265,184,270,270,260,254,275,289,197,158,16,44,86,67,34,128,81,,,108,158,,,177,233,213,145,242,195,140,92,57,269,255,233,226,223,174,239,256,263,285,191,29,41,108,,138,,,176,49,42,56,112,41,59,73,131,93,250,146,89,94,92,92,162,54,75,128,126,82,231,226,158,177,254,182,270,179,289,132,247,108,59,101,9,20,50,48,,,272,257,,,177,62,225,109,183,85,72,67,48,85,177,122,111,121,120,67,129,225,253,253,169,69,12,67,,271,,,b'\x11\xe8\xe1I\xd4\xd1\x9b\xbc\x98|\x12\xdf\x17\xaeN\x1e'
11E8E149-D4D1-9BBC-987C-12DF17AE4E1E,2024-ncaa-d2-conf-NE10,ncaa,8,8,5,8,5,6,6,4,6,3,5,4,7,5,7,5,3,3,5,3,4,4,4,5,4,4,7,7,2,7,5,10,11,9,9,9,10,7,4,10,2,3,5,5,,,10,8,,,8,5,3,6,4,4,4,4,6,6,4,4,3,3,4,3,6,10,9,9,6,1,4,,9,,,8,12,12,7,10,11,7,10,9,8,11,8,11,10,9,10,10,8,8,10,11,10,9,8,9,10,11,5,5,7,9,9,5,5,6,7,2,2,5,4,,,6,8,,,8,8,4,10,8,11,11,10,10,6,10,7,11,10,10,11,11,11,6,9,9,6,3,4,,6,,,b'\x11\xe8\xe1I\xd4\xd1\x9b\xbc\x98|\x12\xdf\x17\xaeN\x1e'
11E8E149-D4D1-9BBC-987C-12DF17AE4E1E,2024-ncaa-d2-natl,ncaa,123,165,50,142,71,99,99,90,128,87,80,147,132,143,108,183,99,115,107,120,191,97,108,139,129,100,168,177,139,107,126,184,242,160,210,162,239,93,68,129,72,82,19,17,,,190,158,,,147,115,251,227,156,158,190,142,135,168,202,148,161,166,191,240,148,272,246,214,48,106,20,,112,,,147,218,214,185,185,213,222,132,163,97,257,69,214,202,224,197,131,191,198,175,196,180,129,124,173,232,242,177,126,213,210,180,112,119,136,135,36,23,166,125,,,133,169,,,147,180,96,207,148,121,130,66,142,154,108,45,153,136,128,72,77,182,81,118,113,171,18,135,,224,,,b'\x11\xe8\xe1I\xd4\xd1\x9b\xbc\x98|\x12\xdf\x17\xaeN\x1e'
11E8E149-D4D1-9BBC-987C-12DF17AE4E1E,2025-ncaa-d2-conf-NE10,genius_ncaa,10,10,8,10,9,6,6,4,11,7,4,11,4,5,4,5,6,3,11,3,4,4,6,11,10,7,3,5,5,1,1,9,5,4,4,10,10,1,1,5,7,8,3,3,,,7,8,,1,7,7,2,7,5,5,1,6,3,3,4,4,1,1,1,1,1,8,1,10,4,6,3,,9,,3,8,9,4,2,9,2,2,8,9,6,9,7,10,10,11,10,11,4,5,10,10,11,11,8,10,4,5,7,1,6,4,8,11,8,9,9,3,4,11,10,,,8,10,,7,7,5,4,9,7,10,8,8,6,4,9,7,11,11,11,9,8,5,10,9,9,7,5,11,,8,,7,b'\x11\xe8\xe1I\xd4\xd1\x9b\xbc\x98|\x12\xdf\x17\xaeN\x1e'
11E8E149-D4D1-9BBC-987C-12DF17AE4E1E,2025-ncaa-d2-natl,genius_ncaa,144,159,109,154,134,137,144,81,239,162,91,261,105,100,139,143,159,81,289,78,106,80,113,226,247,188,97,102,160,25,32,129,85,63,64,201,247,47,17,132,166,152,30,11,,,153,186,,85,114,162,227,139,162,168,57,185,94,109,108,169,78,76,56,103,16,140,36,225,31,170,24,,134,,84,115,101,70,110,70,61,96,67,150,149,149,180,216,199,241,198,219,121,124,86,113,127,258,184,240,92,85,193,32,152,64,219,283,160,149,217,52,25,285,276,,,175,230,,245,114,139,130,117,113,81,50,50,42,66,142,139,210,179,179,72,60,76,187,135,216,187,35,288,,209,,258,b'\x11\xe8\xe1I\xd4\xd1\x9b\xbc\x98|\x12\xdf\x17\xaeN\x1e'
11E8E149-D4D1-9BBC-987C-12DF17AE4E1E,2026-ncaa-d2-conf-NE10,genius_ncaa,1,4,1,4,1,1,1,1,5,1,1,6,1,1,2,8,1,1,2,1,4,1,1,5,4,4,5,3,5,1,5,1,7,1,3,2,9,10,6,7,1,2,3,8,,,10,4,,8,1,1,4,1,4,5,4,5,3,4,6,3,3,3,5,3,6,2,2,8,7,2,8,,5,,5,3,10,10,10,2,9,10,3,8,10,4,5,9,10,2,10,6,10,10,2,2,2,6,5,4,10,7,10,5,10,3,9,6,1,7,4,10,5,10,8,,,2,6,,4,1,10,4,3,3,4,4,7,6,7,5,6,4,6,6,8,9,9,6,9,3,4,5,8,,6,,7,b'\x11\xe8\xe1I\xd4\xd1\x9b\xbc\x98|\x12\xdf\x17\xaeN\x1e'
11E8E149-D4D1-9BBC-987C-12DF17AE4E1E,2026-ncaa-d2-natl,genius_ncaa,30,53,59,59,67,62,85,68,168,150,103,241,19,48,20,88,72,75,122,78,107,67,83,115,112,85,17,24,140,45,89,94,179,67,134,71,97,150,71,86,33,43,101,106,,,217,168,,105,31,96,183,51,70,105,60,209,150,14,56,90,103,111,59,95,61,126,73,91,92,48,121,,177,,87,34,139,109,159,35,106,149,53,140,179,62,161,239,236,179,235,249,178,196,31,55,47,234,144,268,215,179,220,89,223,134,186,278,47,57,102,188,139,167,140,,,120,220,,165,31,194,61,59,41,58,33,63,43,70,98,144,224,216,217,91,146,187,194,197,160,59,152,144,,186,,202,b'\x11\xe8\xe1I\xd4\xd1\x9b\xbc\x98|\x12\xdf\x17\xaeN\x1e'
11E8E149-D4D5-E208-987C-12DF17AE4E1E,2018-ncaa-d2-conf-SAC,ncaa,3,3,2,3,2,4,4,3,3,3,5,3,4,5,4,8,3,5,5,5,7,5,3,3,3,3,7,6,8,6,5,1,2,2,1,5,7,9,6,7,9,9,1,1,,,4,2,,,3,3,7,4,5,5,7,4,6,6,7,7,6,6,8,7,7,1,2,7,4,9,1,,1,,,3,5,8,10,2,7,11,1,8,6,9,4,2,3,2,3,1,10,10,2,1,3,4,8,3,9,2,5,5,8,1,3,2,9,10,8,9,6,1,1,,,4,4,,,3,9,4,4,3,4,5,10,4,11,6,4,2,2,2,9,5,7,3,2,2,10,6,1,,7,,,b'\x11\xe8\xe1I\xd4\xd5\xe2\x08\x98|\x12\xdf\x17\xaeN\x1e'
11E8E149-D4D5-E208-987C-12DF17AE4E1E,2018-ncaa-d2-natl,ncaa,62,87,24,79,30,58,47,46,65,38,41,72,115,129,118,206,103,110,126,114,233,51,45,83,92,106,241,201,219,33,30,10,70,11,9,55,159,235,131,106,187,244,6,19,,,126,34,,,39,59,206,192,100,71,136,58,106,171,210,187,194,194,147,164,68,9,10,85,128,248,8,,29,,,46,162,217,290,8,222,297,5,144,169,82,68,61,104,16,98,11,281,265,7,4,25,50,123,50,259,70,156,30,206,9,122,56,189,269,156,286,242,26,9,,,60,135,,,39,256,71,31,40,28,74,241,100,270,67,93,15,38,36,195,129,187,33,75,48,268,227,15,,146,,,b'\x11\xe8\xe1I\xd4\xd5\xe2\x08\x98|\x12\xdf\x17\xaeN\x1e'
11E8E149-D4D5-E208-987C-12DF17AE4E1E,2019-ncaa-d2-conf-SAC,ncaa,1,1,1,1,2,1,1,1,1,2,3,1,1,2,1,4,5,6,4,5,8,2,2,1,1,1,5,3,10,4,4,1,1,1,2,1,6,2,1,1,11,11,1,3,,,2,2,,,1,1,8,5,2,1,3,3,8,1,5,8,8,8,3,7,6,1,1,2,1,11,1,,1,,,1,3,7,11,1,11,11,2,2,7,1,3,3,2,5,2,1,11,11,1,1,3,1,1,3,3,1,6,4,6,2,1,1,11,11,6,5,4,1,1,,,3,9,,,1,11,1,2,1,3,3,9,5,11,1,5,1,1,1,8,2,1,3,2,1,11,4,1,,9,,,b'\x11\xe8\xe1I\xd4\xd5\xe2\x08\x98|\x12\xdf\x17\xaeN\x1e'
11E8E149-D4D5-E208-987C-12DF17AE4E1E,2019-ncaa-d2-natl,ncaa,4,5,9,5,11,13,12,12,38,26,30,54,10,22,19,87,64,82,82,74,214,11,12,30,35,27,100,62,264,27,50,1,20,3,9,22,156,170,29,32,271,306,7,42,,,123,15,,,17,14,176,86,22,18,40,69,129,26,59,167,193,185,55,112,64,1,4,48,33,304,15,,17,,,17,272,286,305,16,288,306,19,134,238,22,56,167,192,76,192,20,305,298,10,9,48,40,65,91,263,20,265,50,273,9,56,5,246,308,159,245,96,29,8,,,49,214,,,17,301,15,54,18,68,108,278,167,293,46,107,43,60,59,259,150,139,74,92,13,306,108,8,,183,,,b'\x11\xe8\xe1I\xd4\xd5\xe2\x08\x98|\x12\xdf\x17\xaeN\x1e'
11E8E149-D4D5-E208-987C-12DF17AE4E1E,2020-ncaa-d2-conf-SAC,ncaa,1,1,1,1,1,2,2,2,3,1,1,4,3,4,2,4,9,11,4,11,12,4,4,2,3,2,7,4,12,3,5,1,1,1,2,3,9,2,2,3,11,12,1,2,,,1,1,,,2,3,9,1,2,2,2,2,5,3,5,12,12,12,4,7,5,1,1,5,2,12,1,,1,,,2,3,5,12,1,6,12,1,4,6,3,2,5,2,9,2,1,12,11,1,1,1,5,6,6,8,1,9,5,8,2,1,1,11,11,4,7,6,2,2,,,8,11,,,2,10,2,1,2,1,2,9,3,10,4,4,2,1,1,8,7,6,6,6,1,12,6,1,,12,,,b'\x11\xe8\xe1I\xd4\xd5\xe2\x08\x98|\x12\xdf\x17\xaeN\x1e'
11E8E149-D4D5-E208-987C-12DF17AE4E1E,2020-ncaa-d2-natl,ncaa,11,22,3,20,4,28,22,18,89,28,33,119,33,40,44,119,157,152,169,153,272,23,19,74,100,93,149,77,289,28,46,1,23,1,11,48,191,214,90,105,187,262,2,9,,,89,12,,,25,28,183,32,73,44,47,87,105,57,92,233,244,242,82,101,58,1,5,111,105,262,4,,19,,,29,140,152,303,7,160,304,3,130,173,82,49,150,170,71,170,41,297,284,7,5,26,128,136,157,226,23,231,46,238,11,19,2,170,264,53,278,196,42,11,,,99,260,,,25,285,69,25,26,34,43,240,66,284,71,68,73,92,87,221,154,132,103,104,4,259,219,19,,222,,,b'\x11\xe8\xe1I\xd4\xd5\xe2\x08\x98|\x12\xdf\x17\xaeN\x1e'
11E8E149-D4D5-E208-987C-12DF17AE4E1E,2021-ncaa-d2-conf-SAC,ncaa,4,8,1,5,1,3,2,1,7,2,1,6,11,10,12,12,4,3,12,3,12,1,1,11,11,10,13,13,8,2,2,1,4,1,2,4,7,12,6,5,8,12,1,1,,,5,2,,,6,2,9,4,10,4,6,3,2,13,11,9,9,9,7,7,2,2,1,5,4,12,1,,1,,,6,10,11,12,2,11,13,2,6,7,3,2,8,6,11,6,2,12,12,2,2,3,3,2,6,9,4,11,2,11,2,2,1,11,13,3,12,10,1,1,,,1,6,,,6,12,9,4,6,3,3,10,6,12,2,4,3,3,3,8,7,8,5,7,1,13,11,1,,5,,,b'\x11\xe8\xe1I\xd4\xd5\xe2\x08\x98|\x12\xdf\x17\xaeN\x1e'
11E8E149-D4D5-E208-987C-12DF17AE4E1E,2021-ncaa-d2-natl,ncaa,35,156,12,80,13,31,22,11,121,8,4,120,131,92,195,212,42,30,159,32,200,12,11,160,165,149,219,218,141,1,26,5,69,3,18,32,126,205,65,87,73,179,1,1,,,150,19,,,66,18,127,57,117,78,52,31,23,208,210,140,123,126,58,69,25,9,6,92,82,181,1,,16,,,75,194,198,220,34,204,226,25,140,169,52,29,168,161,170,162,14,218,214,24,25,55,30,51,78,217,69,209,26,216,18,108,3,67,199,52,207,99,30,2,,,20,156,,,66,209,115,59,72,66,94,179,141,204,38,48,61,48,49,169,120,129,97,107,5,196,128,3,,121,,,b'\x11\xe8\xe1I\xd4\xd5\xe2\x08\x98|\x12\xdf\x17\xaeN\x1e'
11E8E149-D4D5-E208-987C-12DF17AE4E1E,2022-ncaa-d2-conf-SAC,ncaa,2,3,1,3,2,2,2,2,6,2,2,6,6,6,6,9,3,3,7,3,10,2,2,7,6,4,10,10,6,1,2,1,8,1,3,7,12,8,2,9,7,12,1,2,,,8,4,,,3,2,8,9,3,2,3,2,2,8,9,5,5,6,3,3,1,1,1,8,4,11,1,,2,,,4,10,9,13,1,10,13,1,6,9,4,3,12,8,13,8,4,13,12,1,1,3,7,5,11,13,8,8,2,11,3,1,1,8,13,3,6,3,1,1,,,2,9,,,3,11,3,5,4,4,3,10,4,11,4,5,7,5,5,10,8,10,5,7,1,12,4,1,,8,,,b'\x11\xe8\xe1I\xd4\xd5\xe2\x08\x98|\x12\xdf\x17\xaeN\x1e'
11E8E149-D4D5-E208-987C-12DF17AE4E1E,2022-ncaa-d2-natl,ncaa,39,81,13,61,15,25,16,12,101,16,8,112,96,83,169,216,47,37,144,39,218,12,10,124,131,122,244,220,185,8,25,6,122,3,30,98,274,265,104,181,148,257,6,28,,,218,47,,,68,17,141,214,67,50,58,38,41,189,184,122,134,136,55,79,25,18,6,216,127,250,22,,65,,,77,282,270,297,28,274,297,27,214,253,76,95,282,257,292,256,82,296,290,32,44,110,145,108,217,288,122,268,25,289,30,96,5,123,257,88,266,124,55,9,,,34,228,,,68,283,67,128,76,125,111,234,134,252,103,126,188,135,136,226,167,204,103,146,12,246,149,16,,174,,,b'\x11\xe8\xe1I\xd4\xd5\xe2\x08\x98|\x12\xdf\x17\xaeN\x1e'
11E8E149-D4D5-E208-987C-12DF17AE4E1E,2023-ncaa-d2-conf-SAC,ncaa,4,6,1,6,2,4,1,1,8,2,2,10,7,8,5,10,5,3,11,3,11,2,1,8,8,7,12,9,9,1,2,2,8,1,2,8,10,10,6,9,10,11,3,5,,,7,5,,,7,2,7,6,5,4,3,3,2,9,8,8,6,6,4,1,1,8,1,9,8,12,4,,5,,,7,13,11,13,8,12,13,2,3,3,8,1,11,8,13,9,3,13,13,3,4,6,2,1,8,9,8,8,2,11,2,7,3,7,11,6,10,6,1,1,,,3,10,,,7,12,6,6,7,6,8,9,11,13,2,1,9,5,5,8,8,8,4,5,4,10,6,1,,5,,,b'\x11\xe8\xe1I\xd4\xd5\xe2\x08\x98|\x12\xdf\x17\xaeN\x1e'
11E8E149-D4D5-E208-987C-12DF17AE4E1E,2023-ncaa-d2-natl,ncaa,72,118,30,104,44,54,40,21,137,26,11,191,140,158,101,264,104,49,269,50,233,23,18,170,200,176,258,230,208,10,30,26,119,12,46,96,247,249,121,170,198,258,18,71,,,232,110,,,109,27,71,208,99,57,26,34,15,200,233,175,108,111,29,30,18,48,13,166,166,244,32,,129,,,115,261,267,278,117,284,295,68,67,53,163,7,257,253,207,253,68,278,272,74,86,129,20,16,192,246,119,268,30,270,46,121,12,133,226,110,239,122,83,8,,,41,191,,,109,270,123,129,123,162,189,238,256,290,25,12,190,185,185,247,205,171,180,180,55,207,174,44,,107,,,b'\x11\xe8\xe1I\xd4\xd5\xe2\x08\x98|\x12\xdf\x17\xaeN\x1e'
11E8E149-D4D5-E208-987C-12DF17AE4E1E,2024-ncaa-d2-conf-SAC,ncaa,5,6,3,6,3,3,2,2,4,1,1,4,8,6,11,11,7,6,10,6,13,2,2,8,8,6,13,13,10,4,4,3,5,2,4,3,8,3,1,2,8,11,2,4,,,4,1,,,6,3,1,10,3,2,1,1,1,10,10,8,7,7,1,2,4,4,3,3,3,10,1,,2,,,6,11,13,11,8,13,13,6,4,3,7,2,6,6,8,6,1,11,11,6,5,8,1,3,4,9,5,13,4,12,4,7,2,7,10,6,6,5,3,1,,,5,11,,,6,11,4,6,6,10,11,10,12,13,4,3,4,3,3,9,10,6,12,12,4,9,6,2,,7,,,b'\x11\xe8\xe1I\xd4\xd5\xe2\x08\x98|\x12\xdf\x17\xaeN\x1e'
11E8E149-D4D5-E208-987C-12DF17AE4E1E,2024-ncaa-d2-natl,ncaa,40,59,26,56,39,12,8,8,29,3,3,55,101,120,77,255,94,74,220,72,274,10,11,54,86,55,282,241,270,29,107,12,87,11,90,12,124,151,16,14,100,207,15,66,,,69,3,,,47,11,14,185,7,5,6,3,3,145,196,160,138,133,7,15,61,16,14,13,75,160,21,,14,,,54,289,297,296,222,297,298,148,140,92,240,8,94,104,72,107,5,290,286,173,123,144,2,35,19,250,87,291,107,286,90,252,32,62,187,140,191,59,123,9,,,79,260,,,47,290,38,142,63,246,286,289,292,298,75,36,41,50,49,272,272,179,260,241,176,123,121,63,,167,,,b'\x11\xe8\xe1I\xd4\xd5\xe2\x08\x98|\x12\xdf\x17\xaeN\x1e'
11E8E149-D4D5-E208-987C-12DF17AE4E1E,2025-ncaa-d2-conf-SAC,genius_ncaa,2,2,1,2,1,2,1,1,3,1,1,7,4,6,5,12,5,6,10,6,13,1,1,5,8,4,12,10,11,1,4,1,3,1,2,2,8,8,4,3,4,5,5,9,,,4,1,,7,3,1,3,6,2,2,1,1,1,8,9,9,9,8,1,2,2,1,1,4,5,6,7,,1,,6,3,11,13,13,3,13,13,2,4,9,1,4,3,4,7,4,1,13,13,2,2,2,1,3,3,12,3,13,4,13,2,8,2,6,10,6,11,7,5,1,,,5,13,,8,3,13,2,2,3,5,10,12,10,12,3,5,2,2,2,10,11,7,9,10,4,8,8,3,,12,,9,b'\x11\xe8\xe1I\xd4\xd5\xe2\x08\x98|\x12\xdf\x17\xaeN\x1e'
11E8E149-D4D5-E208-987C-12DF17AE4E1E,2025-ncaa-d2-natl,genius_ncaa,32,79,9,59,12,14,7,7,78,5,3,96,117,100,157,259,68,52,182,49,276,6,6,117,146,111,287,251,251,7,58,2,94,3,52,24,158,257,62,68,41,146,41,142,,,145,5,,131,47,8,33,207,29,15,10,5,5,190,202,162,147,141,9,17,28,8,5,54,136,112,70,,16,,72,64,289,297,301,113,300,301,124,113,204,21,42,198,187,168,185,7,301,295,69,57,90,7,34,59,282,94,296,58,299,52,259,59,61,214,150,274,118,177,25,,,59,280,,158,47,294,82,97,74,158,232,282,280,295,41,74,74,66,66,269,244,198,222,223,139,174,180,87,,193,,221,b'\x11\xe8\xe1I\xd4\xd5\xe2\x08\x98|\x12\xdf\x17\xaeN\x1e'
11E8E149-D4D5-E208-987C-12DF17AE4E1E,2026-ncaa-d2-conf-SAC,genius_ncaa,6,3,11,6,11,11,10,11,8,9,8,5,11,9,12,8,12,12,3,12,12,11,11,10,10,9,11,10,11,11,7,11,4,11,6,10,10,2,6,9,11,4,9,5,,,2,2,,2,6,11,1,3,6,1,1,1,1,9,7,11,12,12,1,1,2,2,2,9,7,4,6,,4,,5,6,2,2,2,4,2,2,10,3,5,2,11,4,3,9,3,7,2,2,5,4,3,7,6,5,2,4,3,7,3,6,2,7,9,4,5,2,2,3,5,,,12,12,,9,6,2,9,3,7,6,8,8,8,3,7,11,5,5,5,7,11,5,12,10,6,3,6,7,,12,,9,b'\x11\xe8\xe1I\xd4\xd5\xe2\x08\x98|\x12\xdf\x17\xaeN\x1e'
11E8E149-D4D5-E208-987C-12DF17AE4E1E,2026-ncaa-d2-natl,genius_ncaa,107,98,141,113,170,118,102,125,83,95,104,103,147,173,103,184,191,206,96,206,263,146,147,97,111,114,223,162,244,116,110,163,162,148,123,63,59,143,142,78,133,144,65,60,,,49,14,,42,113,150,59,88,73,46,40,42,48,127,159,178,208,210,62,60,91,122,105,29,174,129,56,,29,,38,113,146,165,155,174,183,139,239,131,182,53,204,97,67,279,63,49,135,146,164,173,137,78,122,90,145,162,129,110,135,123,186,205,127,120,174,130,125,119,90,,,208,261,,247,113,144,108,134,115,188,212,233,225,180,147,217,107,57,51,185,222,173,145,160,230,90,149,138,,221,,256,b'\x11\xe8\xe1I\xd4\xd5\xe2\x08\x98|\x12\xdf\x17\xaeN\x1e'
11E8E149-D4DA-8C4A-987C-12DF17AE4E1E,2018-ncaa-d2-conf-Lone Star,ncaa,2,2,3,2,4,3,2,2,2,2,2,2,4,3,6,5,6,5,7,5,6,2,3,2,3,2,7,6,7,2,2,3,6,4,5,4,6,1,1,1,3,3,2,2,,,2,1,,,2,5,6,11,1,1,4,2,5,3,3,5,5,5,3,6,2,6,5,4,1,3,2,,1,,,2,4,6,10,3,5,8,3,7,6,9,6,3,1,9,1,1,6,7,3,2,2,5,9,3,7,6,6,2,8,5,4,3,4,4,4,2,2,3,3,,,5,6,,,2,7,2,2,2,2,3,8,4,9,6,6,2,1,1,4,4,7,2,4,3,5,2,3,,5,,,b'\x11\xe8\xe1I\xd4\xda\x8cJ\x98|\x12\xdf\x17\xaeN\x1e'
11E8E149-D4DA-8C4A-987C-12DF17AE4E1E,2018-ncaa-d2-natl,ncaa,35,43,41,45,63,54,63,64,81,64,93,70,79,72,124,136,35,37,160,36,47,49,61,80,80,72,121,153,102,29,22,51,175,33,44,68,152,141,58,69,54,67,17,23,,,95,29,,,28,87,189,306,60,85,116,94,154,106,110,61,56,55,92,135,43,79,52,86,68,72,25,,26,,,27,139,142,244,30,125,247,23,191,197,149,144,113,91,221,92,51,234,233,34,25,40,181,205,118,264,175,155,22,206,44,155,149,68,102,79,103,56,196,142,,,72,136,,,28,220,37,49,28,44,52,153,57,171,139,132,51,43,44,122,138,208,49,107,76,108,60,138,,125,,,b'\x11\xe8\xe1I\xd4\xda\x8cJ\x98|\x12\xdf\x17\xaeN\x1e'
11E8E149-D4DA-8C4A-987C-12DF17AE4E1E,2019-ncaa-d2-conf-Lone Star,ncaa,2,1,2,2,2,1,1,1,3,2,2,3,1,1,2,2,6,5,9,5,8,1,1,2,2,2,3,2,10,2,3,2,2,1,2,3,9,3,1,2,5,6,7,9,,,5,1,,,1,1,4,5,1,1,1,4,4,2,2,6,6,6,2,2,3,4,3,6,1,6,9,,1,,,1,9,10,11,3,11,10,3,4,9,1,5,6,4,9,3,2,11,11,1,1,2,1,2,4,9,2,9,3,9,2,1,1,4,7,1,6,2,9,7,,,4,9,,,1,10,1,3,1,2,6,8,8,10,1,6,2,2,2,7,7,3,3,2,1,6,3,7,,7,,,b'\x11\xe8\xe1I\xd4\xda\x8cJ\x98|\x12\xdf\x17\xaeN\x1e'
11E8E149-D4DA-8C4A-987C-12DF17AE4E1E,2019-ncaa-d2-natl,ncaa,22,27,16,25,19,14,14,9,47,22,28,37,18,19,67,95,33,26,194,26,129,9,11,46,54,33,124,96,231,18,21,35,67,20,27,80,281,128,18,74,58,127,160,213,,,169,32,,,16,12,96,98,10,11,17,35,102,39,41,86,79,83,16,50,35,111,51,147,27,122,204,,42,,,16,253,264,294,61,271,289,96,140,245,25,128,219,196,230,196,68,294,292,53,52,58,73,78,143,175,67,209,21,204,27,51,8,62,154,26,195,52,252,143,,,26,179,,,16,298,20,45,19,81,107,180,151,216,63,137,108,86,87,151,169,77,49,53,16,154,87,191,,107,,,b'\x11\xe8\xe1I\xd4\xda\x8cJ\x98|\x12\xdf\x17\xaeN\x1e'
11E8E149-D4DA-8C4A-987C-12DF17AE4E1E,2020-ncaa-d2-conf-Lone Star,ncaa,5,5,5,6,7,5,6,4,9,8,7,7,4,2,13,4,2,3,5,3,3,4,5,9,7,5,5,9,5,7,10,5,7,4,6,10,12,1,3,5,15,17,8,11,,,3,1,,,8,4,10,16,4,7,4,10,9,5,3,3,3,3,5,8,8,3,5,11,2,16,6,,2,,,8,15,18,18,10,17,17,13,16,15,10,10,3,3,6,4,2,17,13,11,7,13,3,13,2,13,7,15,10,16,6,8,1,16,16,14,5,5,9,8,,,4,3,,,8,14,5,12,8,11,16,17,15,16,13,14,3,3,3,14,10,11,14,13,8,16,4,8,,4,,,b'\x11\xe8\xe1I\xd4\xda\x8cJ\x98|\x12\xdf\x17\xaeN\x1e'
11E8E149-D4DA-8C4A-987C-12DF17AE4E1E,2020-ncaa-d2-natl,ncaa,112,88,223,97,246,144,174,152,204,199,218,137,120,69,229,64,68,69,139,75,31,128,184,178,162,116,65,119,53,107,126,139,180,121,139,177,167,27,30,88,257,269,78,99,,,29,21,,,145,208,105,201,81,123,53,166,172,88,37,30,34,35,43,87,76,54,41,148,43,254,60,,36,,,145,168,213,207,174,219,200,183,172,187,138,174,43,50,84,55,36,177,117,168,131,197,69,172,29,202,180,172,126,192,139,103,40,259,274,214,67,76,173,223,,,131,69,,,145,99,100,220,146,228,259,285,252,267,208,231,54,67,68,264,207,245,247,248,140,252,94,202,,47,,,b'\x11\xe8\xe1I\xd4\xda\x8cJ\x98|\x12\xdf\x17\xaeN\x1e'
11E8E149-D4DA-8C4A-987C-12DF17AE4E1E,2021-ncaa-d2-conf-Lone Star,ncaa,14,15,10,14,12,12,11,9,11,12,13,11,5,5,8,3,15,15,15,15,15,11,13,8,11,11,7,2,15,12,14,13,10,14,15,10,10,4,6,9,12,11,7,7,,,7,8,,,15,12,11,9,12,11,7,12,13,5,2,15,15,15,9,11,11,11,15,10,6,11,6,,7,,,14,10,11,8,14,9,8,13,12,7,14,10,5,7,2,6,5,8,6,13,13,15,7,13,3,8,10,9,14,9,15,9,9,13,15,14,5,7,8,12,,,15,15,,,15,5,12,15,14,15,15,15,14,12,13,11,5,8,7,14,8,11,14,15,15,13,6,9,,16,,,b'\x11\xe8\xe1I\xd4\xda\x8cJ\x98|\x12\xdf\x17\xaeN\x1e'
11E8E149-D4DA-8C4A-987C-12DF17AE4E1E,2021-ncaa-d2-natl,ncaa,201,191,144,204,155,169,164,156,165,177,176,155,94,95,105,14,203,201,220,201,219,163,159,131,171,182,57,9,224,167,180,170,179,172,199,150,94,96,192,159,149,142,106,82,,,73,107,,,197,155,133,109,191,169,134,194,201,40,31,224,224,224,179,157,158,182,190,140,175,138,81,,96,,,197,86,96,78,173,89,80,146,106,81,205,113,59,68,31,68,94,75,73,181,167,176,105,151,47,101,179,85,180,89,199,102,142,156,144,173,88,151,103,189,,,191,221,,,197,71,188,190,197,161,171,134,151,131,174,119,71,97,95,130,109,161,147,170,175,144,139,142,,225,,,b'\x11\xe8\xe1I\xd4\xda\x8cJ\x98|\x12\xdf\x17\xaeN\x1e'
11E8E149-D4DA-8C4A-987C-12DF17AE4E1E,2022-ncaa-d2-conf-Lone Star,ncaa,4,5,5,5,7,6,4,4,5,2,3,2,10,7,13,9,12,13,6,14,15,5,7,8,8,4,15,12,14,8,11,5,3,5,6,1,2,4,4,1,5,7,14,15,,,9,8,,,7,7,5,7,3,2,4,2,3,10,7,13,14,15,4,8,9,4,5,1,4,7,14,,8,,,7,8,10,9,11,12,7,13,7,10,5,9,10,11,1,11,11,9,10,9,8,7,5,5,10,5,3,13,11,12,6,7,4,6,10,6,7,7,3,1,,,14,14,,,7,10,4,7,7,8,9,8,12,9,8,10,10,11,11,10,10,4,13,13,7,9,6,4,,13,,,b'\x11\xe8\xe1I\xd4\xda\x8cJ\x98|\x12\xdf\x17\xaeN\x1e'
11E8E149-D4DA-8C4A-987C-12DF17AE4E1E,2022-ncaa-d2-natl,ncaa,129,139,146,134,179,122,92,97,117,63,79,64,208,148,275,177,190,203,89,202,272,107,129,153,161,133,284,248,234,144,184,137,118,140,169,52,36,84,70,34,70,65,234,247,,,216,229,,,125,133,73,224,93,49,44,26,53,218,132,201,218,219,58,104,136,119,122,21,92,66,241,,227,,,126,162,153,120,194,175,144,195,79,98,102,89,226,254,41,248,246,136,158,169,181,158,115,71,233,118,118,209,184,184,169,91,56,102,99,73,156,146,63,32,,,211,261,,,125,168,138,140,132,171,161,115,192,158,91,91,233,255,249,159,192,130,231,193,90,96,164,58,,234,,,b'\x11\xe8\xe1I\xd4\xda\x8cJ\x98|\x12\xdf\x17\xaeN\x1e'
11E8E149-D4DA-8C4A-987C-12DF17AE4E1E,2023-ncaa-d2-conf-Lone Star,ncaa,1,3,1,3,1,2,1,1,7,1,1,7,9,7,9,11,10,9,11,9,16,1,1,8,9,7,16,12,15,2,7,1,6,1,4,1,6,16,8,6,2,9,1,1,,,16,6,,,4,1,3,11,5,1,1,1,1,11,11,14,14,14,4,5,5,1,2,2,9,7,1,,8,,,4,15,13,16,1,10,15,1,11,15,1,11,16,14,14,14,9,16,16,1,1,1,13,10,14,16,6,16,7,16,4,8,6,1,6,1,15,10,2,1,,,4,14,,,4,16,7,1,4,6,2,14,3,8,8,12,13,13,13,14,15,15,12,12,4,5,11,2,,11,,,b'\x11\xe8\xe1I\xd4\xda\x8cJ\x98|\x12\xdf\x17\xaeN\x1e'
11E8E149-D4DA-8C4A-987C-12DF17AE4E1E,2023-ncaa-d2-natl,ncaa,19,29,17,27,28,47,30,15,131,16,14,130,131,109,190,219,121,119,184,122,278,19,17,157,182,168,266,224,241,34,108,12,122,13,99,30,83,269,133,87,46,137,12,14,,,272,144,,,70,17,51,208,112,60,37,36,34,202,191,215,210,213,56,62,74,21,27,43,163,113,19,,186,,,75,239,178,278,9,157,239,39,222,285,13,236,287,280,238,281,227,281,286,12,36,32,268,175,267,273,122,289,108,289,99,156,111,25,93,42,273,169,33,4,,,53,234,,,70,283,149,33,74,89,41,184,31,91,133,244,242,215,212,214,241,199,208,212,65,70,191,12,,175,,,b'\x11\xe8\xe1I\xd4\xda\x8cJ\x98|\x12\xdf\x17\xaeN\x1e'
11E8E149-D4DA-8C4A-987C-12DF17AE4E1E,2024-ncaa-d2-conf-Lone Star,ncaa,6,6,6,6,9,6,2,2,3,2,2,3,8,5,11,7,12,12,14,12,14,4,4,8,9,7,13,10,16,4,4,3,1,3,3,2,2,10,7,1,10,12,1,1,,,7,5,,,7,5,2,11,3,1,1,1,3,7,5,13,13,14,2,2,4,2,1,1,11,11,1,,7,,,7,10,10,13,5,7,12,2,11,10,10,11,10,7,16,7,5,12,12,5,6,7,13,13,9,5,1,14,4,10,3,8,3,8,12,9,13,13,9,5,,,13,16,,,7,14,8,6,6,10,8,13,6,12,12,11,10,9,9,13,15,4,15,10,6,9,14,9,,13,,,b'\x11\xe8\xe1I\xd4\xda\x8cJ\x98|\x12\xdf\x17\xaeN\x1e'
11E8E149-D4DA-8C4A-987C-12DF17AE4E1E,2024-ncaa-d2-natl,ncaa,73,93,50,83,71,63,38,23,108,36,38,71,90,45,203,104,226,213,185,216,282,36,37,122,148,123,244,145,286,76,160,21,15,30,64,8,10,203,100,19,123,183,16,15,,,214,106,,,99,34,46,227,73,36,19,40,67,114,66,265,264,266,47,62,112,19,40,5,140,165,17,,133,,,102,240,206,259,65,171,223,65,233,254,106,202,258,224,289,217,163,257,253,72,102,126,235,193,221,77,15,267,160,218,64,164,106,103,173,114,260,187,53,16,,,212,293,,,99,267,129,83,101,161,119,204,89,156,195,216,211,164,157,201,188,29,233,128,106,148,213,28,,277,,,b'\x11\xe8\xe1I\xd4\xda\x8cJ\x98|\x12\xdf\x17\xaeN\x1e'
11E8E149-D4DA-8C4A-987C-12DF17AE4E1E,2025-ncaa-d2-conf-Lone Star,genius_ncaa,5,5,4,5,4,3,3,1,6,2,3,10,5,6,6,8,6,10,2,10,15,2,1,8,8,7,10,7,12,1,1,5,13,2,5,3,8,12,6,6,6,12,1,1,,,14,6,,2,4,3,3,3,1,1,1,2,3,5,4,7,12,12,2,1,1,4,1,2,9,9,1,,12,,3,4,13,12,14,5,9,13,4,13,11,7,9,15,14,13,14,10,14,15,5,5,5,12,11,13,15,13,14,1,15,5,12,11,5,8,7,8,5,7,5,,,9,15,,5,4,14,5,6,4,11,8,14,7,10,12,12,13,13,13,14,14,14,13,15,10,6,7,7,,10,,4,b'\x11\xe8\xe1I\xd4\xda\x8cJ\x98|\x12\xdf\x17\xaeN\x1e'
11E8E149-D4DA-8C4A-987C-12DF17AE4E1E,2025-ncaa-d2-natl,genius_ncaa,79,112,43,101,60,45,45,25,136,52,35,163,60,70,102,133,123,178,40,178,274,30,27,134,148,135,162,113,241,20,39,55,166,24,75,46,82,240,132,88,101,174,11,10,,,258,170,,85,83,44,87,98,62,44,28,65,63,84,95,189,236,233,46,54,29,72,21,50,177,148,13,,196,,66,87,227,188,260,41,149,229,48,227,263,81,214,265,242,248,245,198,269,268,54,69,77,252,189,227,267,166,231,39,260,75,225,221,76,147,138,228,141,72,21,,,124,257,,16,83,258,97,88,87,134,97,212,74,147,185,226,218,200,204,220,224,216,141,169,167,117,179,41,,205,,16,b'\x11\xe8\xe1I\xd4\xda\x8cJ\x98|\x12\xdf\x17\xaeN\x1e'
11E8E149-D4DA-8C4A-987C-12DF17AE4E1E,2026-ncaa-d2-conf-Lone Star,genius_ncaa,11,12,6,11,7,11,11,8,12,10,12,8,11,8,12,6,10,11,7,11,11,10,10,11,13,10,9,9,9,6,6,8,4,8,7,12,14,10,11,12,15,16,7,8,,,11,16,,14,13,10,5,2,9,9,4,6,8,9,5,9,10,10,6,6,4,4,4,11,12,16,7,,15,,15,13,11,7,5,10,7,7,8,10,4,13,3,14,14,16,14,14,8,4,12,15,15,14,9,16,5,4,7,6,6,7,6,11,14,14,13,8,11,12,13,,,13,15,,7,13,7,10,12,11,15,11,8,10,11,12,4,17,16,16,12,7,5,10,7,9,14,10,12,,14,,6,b'\x11\xe8\xe1I\xd4\xda\x8cJ\x98|\x12\xdf\x17\xaeN\x1e'
11E8E149-D4DA-8C4A-987C-12DF17AE4E1E,2026-ncaa-d2-natl,genius_ncaa,246,239,141,256,170,231,229,159,274,215,137,267,212,179,237,181,203,179,220,174,198,161,137,277,280,278,190,179,131,56,68,192,244,131,181,241,239,228,247,271,188,195,36,22,,,245,287,,270,241,159,97,88,258,246,104,217,88,219,171,202,171,168,109,50,31,187,71,256,265,183,32,,287,,279,241,133,100,106,95,75,89,92,190,168,198,189,228,247,98,242,279,126,136,132,157,127,269,207,255,207,244,165,68,181,181,108,125,131,118,86,220,229,179,180,,,153,162,,10,241,125,272,150,248,164,91,123,63,82,212,196,267,272,271,171,201,244,223,244,113,93,246,208,,109,,9,b'\x11\xe8\xe1I\xd4\xda\x8cJ\x98|\x12\xdf\x17\xaeN\x1e'
11E8E149-D4DE-ADD4-987C-12DF17AE4E1E,2018-ncaa-d2-conf-Heartland,ncaa,2,2,1,2,1,2,1,1,2,1,1,2,1,1,4,2,5,4,7,4,5,1,1,2,3,3,6,3,8,1,1,5,6,3,5,2,2,3,1,2,1,1,2,4,,,8,8,,,2,2,3,2,3,1,2,1,4,1,2,6,4,4,2,2,2,6,6,2,3,1,5,,8,,,2,6,6,6,4,7,7,5,1,2,1,2,6,7,7,7,5,6,7,2,3,2,1,1,8,5,6,7,1,7,5,2,2,1,1,1,1,1,3,3,,,4,6,,,2,7,2,2,2,3,3,3,4,4,1,1,6,5,5,3,5,3,4,4,2,1,1,2,,5,,,b'\x11\xe8\xe1I\xd4\xde\xad\xd4\x98|\x12\xdf\x17\xaeN\x1e'
11E8E149-D4DE-ADD4-987C-12DF17AE4E1E,2018-ncaa-d2-natl,ncaa,67,87,41,81,51,65,43,70,32,49,104,27,63,61,79,102,241,182,292,192,234,87,90,31,57,71,218,102,301,88,93,166,183,139,145,52,158,184,117,68,27,26,151,171,,,301,305,,,61,85,200,148,89,42,130,60,176,84,99,277,245,249,163,187,136,267,233,65,103,38,186,,287,,,63,199,193,153,202,238,195,229,57,108,36,79,241,240,176,237,213,169,216,173,189,112,67,31,235,169,183,171,93,177,145,122,73,36,36,34,63,38,49,34,,,181,264,,,61,221,57,107,64,92,91,27,153,91,25,43,202,189,186,35,96,103,67,70,61,56,37,25,,266,,,b'\x11\xe8\xe1I\xd4\xde\xad\xd4\x98|\x12\xdf\x17\xaeN\x1e'
11E8E149-D4DE-ADD4-987C-12DF17AE4E1E,2019-ncaa-d2-conf-Heartland,ncaa,5,3,5,5,6,7,5,6,4,3,1,6,8,8,7,8,4,4,7,4,6,6,6,6,6,7,8,8,3,2,1,7,5,4,2,5,6,7,7,6,6,6,3,3,,,8,8,,,4,7,5,2,6,3,3,2,1,8,8,4,3,3,3,2,1,5,3,5,7,6,3,,8,,,4,2,2,1,2,2,2,2,4,4,5,5,6,7,3,7,8,1,2,2,2,2,7,6,8,4,5,2,1,2,2,2,4,6,4,2,7,6,5,4,,,6,5,,,4,1,7,3,6,3,2,2,2,2,5,5,6,7,7,5,5,6,2,2,2,4,7,5,,5,,,b'\x11\xe8\xe1I\xd4\xde\xad\xd4\x98|\x12\xdf\x17\xaeN\x1e'
11E8E149-D4DE-ADD4-987C-12DF17AE4E1E,2019-ncaa-d2-natl,ncaa,194,222,118,212,140,182,129,175,73,50,62,87,297,294,272,299,216,188,234,188,267,181,169,151,174,194,309,303,206,126,66,208,141,174,90,154,203,229,228,190,176,172,125,106,,,256,286,,,181,175,226,106,207,125,204,25,46,304,300,227,199,199,213,183,123,242,200,175,220,198,123,,252,,,181,143,121,90,189,126,103,185,140,120,197,151,225,221,159,221,240,107,111,199,211,215,190,151,232,100,141,40,66,48,90,150,179,172,152,167,217,211,140,66,,,209,232,,,181,118,195,193,194,134,111,64,118,77,138,113,221,218,220,81,64,98,31,47,140,187,203,120,,230,,,b'\x11\xe8\xe1I\xd4\xde\xad\xd4\x98|\x12\xdf\x17\xaeN\x1e'
11E8E149-D4DE-ADD4-987C-12DF17AE4E1E,2020-ncaa-d2-conf-Lone Star,ncaa,10,10,8,10,8,8,6,8,4,4,5,4,15,14,12,15,9,9,11,9,14,8,8,5,5,10,16,15,10,8,6,13,11,11,10,8,11,16,11,12,5,5,9,10,,,17,17,,,10,7,9,2,6,5,9,2,4,13,13,8,7,7,7,6,7,15,9,6,14,4,9,,17,,,10,12,11,5,18,15,9,15,2,1,12,1,17,17,8,17,17,7,11,15,16,12,5,1,18,10,11,8,6,8,10,6,4,5,4,3,14,11,9,6,,,8,11,,,10,11,9,11,10,13,10,3,16,13,3,1,17,17,17,10,13,10,8,9,6,5,13,11,,9,,,b'\x11\xe8\xe1I\xd4\xde\xad\xd4\x98|\x12\xdf\x17\xaeN\x1e'
11E8E149-D4DE-ADD4-987C-12DF17AE4E1E,2020-ncaa-d2-natl,ncaa,144,170,54,157,57,110,102,110,102,59,71,98,217,214,220,251,68,61,157,62,119,96,60,147,140,199,250,261,74,67,56,199,254,142,150,116,153,304,285,234,41,61,60,87,,,304,304,,,191,59,112,26,150,145,194,77,106,246,249,85,83,82,169,71,89,268,199,147,292,56,79,,301,,,189,270,225,155,252,269,234,236,56,35,157,17,309,308,117,308,299,216,260,213,261,182,109,15,303,252,254,128,56,184,150,147,80,34,56,56,299,265,215,167,,,64,146,,,191,253,187,186,189,224,162,61,229,173,39,17,306,306,305,149,224,208,67,119,113,49,275,195,,88,,,b'\x11\xe8\xe1I\xd4\xde\xad\xd4\x98|\x12\xdf\x17\xaeN\x1e'
11E8E149-D4DE-ADD4-987C-12DF17AE4E1E,2021-ncaa-d2-conf-Lone Star,ncaa,13,5,15,12,15,15,15,15,12,15,15,12,14,15,11,11,11,13,2,13,2,15,15,11,9,7,6,10,1,14,3,15,16,15,11,15,8,2,4,5,14,7,13,8,,,2,10,,,9,15,5,12,5,8,5,6,4,8,9,1,1,1,3,6,3,15,7,9,4,5,8,,10,,,9,2,2,2,12,2,2,11,2,2,11,8,2,2,16,2,8,2,2,12,12,9,9,8,9,3,16,2,3,2,11,2,7,15,5,4,2,2,5,16,,,14,2,,,9,2,4,11,9,13,13,10,10,10,10,10,11,11,11,11,14,16,10,13,11,5,2,16,,1,,,b'\x11\xe8\xe1I\xd4\xde\xad\xd4\x98|\x12\xdf\x17\xaeN\x1e'
11E8E149-D4DE-ADD4-987C-12DF17AE4E1E,2021-ncaa-d2-natl,ncaa,175,66,195,158,198,193,194,197,172,197,195,183,192,198,132,160,151,166,30,169,12,195,196,174,126,132,53,159,2,181,35,206,214,199,161,191,65,28,135,135,164,42,180,104,,,31,135,,,116,197,76,121,93,164,108,141,81,139,132,1,5,5,70,61,34,213,136,110,157,31,106,,165,,,117,30,29,26,151,31,26,140,32,28,124,104,37,31,195,32,146,29,31,146,158,81,122,90,158,40,214,24,35,29,161,29,101,176,17,35,26,53,73,210,,,186,6,,,116,30,108,112,109,142,127,106,126,103,111,102,171,130,137,108,175,193,82,146,123,18,66,211,,2,,,b'\x11\xe8\xe1I\xd4\xde\xad\xd4\x98|\x12\xdf\x17\xaeN\x1e'
11E8E149-D4DE-ADD4-987C-12DF17AE4E1E,2022-ncaa-d2-conf-Lone Star,ncaa,12,12,11,12,11,10,14,13,10,11,9,11,12,12,11,11,3,3,2,3,3,12,11,11,9,10,9,13,1,7,6,14,11,12,7,14,15,12,13,16,6,6,16,16,,,14,15,,,13,11,8,1,10,13,11,9,8,12,11,2,3,2,8,7,6,12,9,15,13,6,16,,16,,,13,12,10,4,16,7,5,14,11,11,15,11,12,12,5,12,16,6,7,16,16,16,13,11,11,7,11,3,6,3,7,10,11,7,6,11,9,9,9,8,,,7,6,,,13,7,9,15,13,15,14,7,11,5,12,11,12,14,14,9,11,7,6,6,11,5,10,9,,5,,,b'\x11\xe8\xe1I\xd4\xde\xad\xd4\x98|\x12\xdf\x17\xaeN\x1e'
11E8E149-D4DE-ADD4-987C-12DF17AE4E1E,2022-ncaa-d2-natl,ncaa,240,225,248,245,251,236,258,264,178,232,238,180,258,257,207,227,94,127,65,123,35,253,237,199,156,206,135,243,6,175,78,279,258,261,196,276,287,226,280,284,148,109,292,295,,,199,287,,,252,239,95,118,178,237,234,181,154,242,238,19,39,37,185,96,103,283,229,278,277,96,294,,287,,,259,141,126,39,283,111,38,282,149,93,269,169,201,212,102,204,283,50,65,281,290,273,214,168,226,103,258,31,78,38,196,119,137,171,105,153,171,231,135,216,,,200,107,,,252,62,204,273,259,275,246,120,233,96,244,180,271,274,273,183,204,197,76,124,213,90,245,214,,78,,,b'\x11\xe8\xe1I\xd4\xde\xad\xd4\x98|\x12\xdf\x17\xaeN\x1e'
11E8E149-D4DE-ADD4-987C-12DF17AE4E1E,2023-ncaa-d2-conf-Lone Star,ncaa,11,11,9,11,14,14,11,14,8,14,14,9,8,8,5,7,12,12,14,12,6,14,12,7,7,10,6,6,10,14,13,9,8,12,14,14,15,13,16,15,12,11,6,5,,,13,15,,,15,10,4,11,12,10,12,12,12,6,6,11,8,9,11,6,13,8,10,14,14,10,5,,14,,,15,12,8,6,7,8,5,13,7,9,4,9,15,16,7,16,16,9,7,8,10,14,12,5,15,8,8,9,13,9,14,6,7,13,13,11,12,14,5,8,,,11,8,,,15,8,13,15,14,15,11,12,11,6,10,10,16,16,16,15,13,11,14,11,7,11,14,7,,7,,,b'\x11\xe8\xe1I\xd4\xde\xad\xd4\x98|\x12\xdf\x17\xaeN\x1e'
11E8E149-D4DE-ADD4-987C-12DF17AE4E1E,2023-ncaa-d2-natl,ncaa,183,226,110,208,125,153,174,160,180,209,197,200,83,95,81,76,145,122,225,125,84,154,111,141,141,198,53,56,141,182,221,113,143,136,198,225,254,272,258,266,159,203,102,84,,,272,278,,,241,97,69,157,183,204,208,245,232,80,85,159,130,134,189,113,208,116,166,247,256,180,103,,277,,,236,231,166,173,156,179,135,215,146,211,48,174,292,289,219,289,288,214,201,151,202,217,230,94,285,160,143,216,221,202,198,116,78,164,198,141,254,241,111,137,,,97,86,,,241,201,218,212,231,241,164,164,170,114,141,208,291,287,288,239,211,144,211,191,108,180,250,93,,87,,,b'\x11\xe8\xe1I\xd4\xde\xad\xd4\x98|\x12\xdf\x17\xaeN\x1e'
11E8E149-D4DE-ADD4-987C-12DF17AE4E1E,2024-ncaa-d2-conf-Lone Star,ncaa,8,10,6,10,7,7,8,8,10,15,15,14,2,4,2,3,11,11,9,11,10,9,7,5,6,9,1,1,13,7,9,6,12,8,11,7,8,13,14,11,6,7,7,6,,,12,10,,,9,8,5,6,9,8,6,16,14,1,4,11,11,12,8,7,8,4,7,6,13,5,6,,13,,,9,12,9,9,9,6,6,10,11,12,8,13,15,15,6,15,15,11,11,10,11,9,14,12,15,15,12,13,9,14,11,9,7,6,10,8,11,12,5,9,,,11,14,,,9,10,10,12,9,11,7,12,4,5,12,14,14,15,15,12,14,14,13,14,10,5,12,5,,11,,,b'\x11\xe8\xe1I\xd4\xde\xad\xd4\x98|\x12\xdf\x17\xaeN\x1e'
11E8E149-D4DE-ADD4-987C-12DF17AE4E1E,2024-ncaa-d2-natl,ncaa,172,212,78,187,93,123,129,118,153,205,199,182,33,44,42,34,190,193,168,196,159,132,99,115,124,157,31,16,234,182,217,127,191,149,217,127,122,261,237,194,76,97,128,138,,,239,195,,,174,74,107,167,166,170,183,257,259,30,55,236,232,235,205,141,212,164,200,154,227,89,148,,193,,,168,219,180,190,127,166,144,175,197,245,71,215,251,259,111,257,251,214,233,137,156,134,217,169,228,222,191,218,217,223,217,168,147,70,107,102,257,233,59,85,,,203,258,,,174,229,174,140,164,174,136,153,113,81,179,218,221,227,226,174,193,190,187,194,132,96,221,39,,257,,,b'\x11\xe8\xe1I\xd4\xde\xad\xd4\x98|\x12\xdf\x17\xaeN\x1e'
11E8E149-D4DE-ADD4-987C-12DF17AE4E1E,2025-ncaa-d2-conf-Mid-America Intercollegiate,genius_ncaa,4,4,9,4,9,4,5,7,4,5,6,6,4,6,3,7,5,5,4,5,5,7,6,4,5,4,7,7,4,7,8,8,5,8,6,7,12,11,10,9,7,7,4,2,,,8,7,,10,5,6,1,1,3,3,1,3,3,3,6,3,3,3,1,1,4,3,2,7,11,6,3,,10,,10,5,9,6,6,11,4,3,14,13,12,8,13,10,11,3,11,11,6,8,13,12,9,13,13,8,6,5,9,8,7,6,10,10,5,7,7,8,7,3,2,,,9,12,,7,5,9,5,7,5,14,13,13,9,4,13,13,12,12,12,12,14,7,11,11,12,5,10,4,,5,,7,b'\x11\xe8\xe1I\xd4\xde\xad\xd4\x98|\x12\xdf\x17\xaeN\x1e'
11E8E149-D4DE-ADD4-987C-12DF17AE4E1E,2025-ncaa-d2-natl,genius_ncaa,79,79,109,80,113,44,57,56,92,87,94,101,54,72,62,117,55,49,131,49,71,54,68,78,69,59,83,95,128,134,202,71,110,82,164,123,245,111,58,119,138,186,36,26,,,236,167,,178,122,60,45,15,24,32,33,63,96,52,67,40,46,44,24,46,135,39,62,140,106,145,28,,216,,168,125,271,256,231,192,200,171,212,270,270,183,237,252,261,49,266,254,249,236,218,200,221,251,227,177,185,110,264,202,249,164,219,139,145,212,200,95,41,79,56,,,108,179,,201,122,236,67,207,132,264,245,262,195,149,263,279,236,249,252,273,258,173,255,239,216,163,79,68,,104,,218,b'\x11\xe8\xe1I\xd4\xde\xad\xd4\x98|\x12\xdf\x17\xaeN\x1e'
11E8E149-D4DE-ADD4-987C-12DF17AE4E1E,2026-ncaa-d2-conf-Mid-America Intercollegiate,genius_ncaa,11,10,3,11,7,13,13,12,12,13,9,14,10,9,9,7,9,6,14,6,4,11,10,12,13,13,5,6,3,9,8,8,4,7,7,11,8,9,11,12,13,13,14,14,,,2,7,,10,14,10,10,5,13,13,12,13,9,9,7,8,6,5,10,9,8,6,5,10,10,13,14,,2,,10,14,12,12,9,13,4,2,12,14,13,14,14,1,1,14,1,3,5,1,14,13,14,13,14,1,4,4,9,8,7,7,14,14,14,14,14,2,3,2,4,,,6,6,,6,14,2,13,14,14,14,14,10,4,2,14,13,1,1,1,6,1,4,11,7,14,14,3,2,,5,,5,b'\x11\xe8\xe1I\xd4\xde\xad\xd4\x98|\x12\xdf\x17\xaeN\x1e'
11E8E149-D4DE-ADD4-987C-12DF17AE4E1E,2026-ncaa-d2-natl,genius_ncaa,246,291,13,275,13,48,50,27,198,73,51,178,36,19,154,85,96,54,254,54,122,25,30,175,200,176,108,89,209,81,218,28,100,38,192,143,267,231,104,207,231,286,101,157,,,263,191,,296,244,21,147,15,148,141,80,172,166,96,61,184,130,125,79,102,181,93,130,239,130,285,158,,191,,279,224,278,262,279,175,226,259,105,292,281,285,197,280,272,248,268,209,283,264,212,223,268,267,254,191,223,100,282,218,281,192,281,247,163,271,278,120,24,62,27,,,17,68,,19,244,269,189,267,238,255,206,218,123,159,272,236,239,209,205,228,149,117,260,209,251,262,35,26,,49,,43,b'\x11\xe8\xe1I\xd4\xde\xad\xd4\x98|\x12\xdf\x17\xaeN\x1e'
11E8E149-D4E3-04D8-987C-12DF17AE4E1E,2018-ncaa-d2-conf-GAC,ncaa,12,12,10,12,12,12,11,11,10,8,7,10,11,12,11,10,10,9,10,10,9,11,10,12,11,11,10,9,7,7,7,12,11,12,10,10,3,6,7,8,3,1,11,11,,,1,2,,,12,11,10,5,12,10,8,7,4,11,12,9,8,8,8,10,6,12,11,7,7,2,11,,3,,,12,5,8,2,12,6,1,12,9,6,12,11,1,2,2,2,6,1,2,12,12,11,5,11,1,5,11,5,7,4,10,12,12,2,1,12,7,7,9,8,,,10,7,,,12,1,11,11,12,9,10,3,8,2,12,10,2,3,3,2,4,9,7,7,12,1,7,10,,7,,,b'\x11\xe8\xe1I\xd4\xe3\x04\xd8\x98|\x12\xdf\x17\xaeN\x1e'
11E8E149-D4E3-04D8-987C-12DF17AE4E1E,2018-ncaa-d2-natl,ncaa,270,254,250,270,264,247,254,246,221,228,205,222,247,256,200,220,196,177,216,185,134,245,252,225,220,214,189,218,83,210,195,296,278,287,281,212,120,77,168,169,96,48,244,200,,,37,81,,,253,255,184,145,230,233,198,183,135,231,233,134,108,125,193,190,162,296,281,178,151,54,233,,79,,,255,124,125,40,288,65,20,280,263,185,304,291,59,50,200,51,181,31,60,300,298,264,259,299,66,120,278,116,195,110,281,295,309,133,60,261,67,132,243,273,,,197,76,,,253,57,217,267,256,231,231,101,137,33,296,260,111,94,96,92,150,197,224,219,305,75,114,285,,100,,,b'\x11\xe8\xe1I\xd4\xe3\x04\xd8\x98|\x12\xdf\x17\xaeN\x1e'
11E8E149-D4E3-04D8-987C-12DF17AE4E1E,2019-ncaa-d2-conf-GAC,ncaa,9,9,9,9,11,10,11,11,6,7,5,6,12,12,10,12,5,4,7,4,4,11,10,9,8,10,11,12,1,10,7,11,11,11,10,12,12,9,10,12,2,2,10,10,,,6,9,,,9,11,8,8,10,11,11,5,5,12,12,3,3,3,10,10,10,11,11,12,10,2,10,,9,,,9,2,3,2,9,2,2,8,7,4,12,8,7,7,10,7,9,1,2,8,9,6,10,8,7,6,11,2,7,2,10,6,6,2,2,4,3,5,2,2,,,5,2,,,9,2,10,6,9,4,4,2,4,2,8,6,8,7,7,2,5,9,3,3,6,2,4,2,,2,,,b'\x11\xe8\xe1I\xd4\xe3\x04\xd8\x98|\x12\xdf\x17\xaeN\x1e'
11E8E149-D4E3-04D8-987C-12DF17AE4E1E,2019-ncaa-d2-natl,ncaa,250,244,227,252,255,247,261,288,151,219,232,141,280,285,226,266,94,99,151,96,32,272,262,183,150,188,204,276,8,271,244,294,229,294,255,295,296,170,260,295,68,23,291,282,,,169,266,,,214,254,205,270,239,262,299,178,206,282,287,46,57,57,281,255,272,302,303,299,226,35,295,,230,,,213,65,51,20,246,32,14,227,220,117,292,257,143,103,278,111,261,22,51,268,281,200,288,273,204,68,229,32,244,33,255,84,162,83,19,52,70,157,42,73,,,100,3,,,214,54,222,180,221,141,101,26,60,15,253,177,196,158,167,32,87,110,76,79,126,41,112,58,,22,,,b'\x11\xe8\xe1I\xd4\xe3\x04\xd8\x98|\x12\xdf\x17\xaeN\x1e'
11E8E149-D4E3-04D8-987C-12DF17AE4E1E,2020-ncaa-d2-conf-GAC,ncaa,4,6,1,6,2,7,4,5,5,2,2,4,11,10,11,11,8,4,11,4,8,6,5,7,9,9,12,12,7,3,3,6,7,4,5,9,12,11,8,10,3,3,8,8,,,11,12,,,6,6,10,8,10,8,6,5,4,12,10,9,7,7,6,6,5,9,7,12,9,3,9,,11,,,6,5,3,4,5,4,4,5,6,8,8,9,8,8,4,8,11,6,7,6,7,3,10,9,10,6,7,7,3,7,5,6,11,3,3,4,7,5,1,2,,,4,7,,,6,7,9,2,6,2,2,1,1,3,5,4,6,7,6,1,2,5,3,3,5,3,4,1,,9,,,b'\x11\xe8\xe1I\xd4\xe3\x04\xd8\x98|\x12\xdf\x17\xaeN\x1e'
11E8E149-D4E3-04D8-987C-12DF17AE4E1E,2020-ncaa-d2-natl,ncaa,82,100,54,94,89,142,126,110,128,75,66,139,229,224,223,258,137,86,257,84,159,99,96,171,188,198,269,257,146,59,66,160,134,105,108,210,278,229,181,223,32,28,218,210,,,278,295,,,105,116,204,227,195,169,194,95,99,258,257,169,118,114,176,167,81,235,149,242,176,38,240,,265,,,107,106,79,83,105,60,88,60,191,135,266,162,231,236,114,230,260,104,175,132,146,75,289,234,256,127,134,165,66,149,108,117,191,39,25,51,157,127,99,49,,,84,112,,,105,186,173,71,109,58,36,16,26,28,155,86,199,196,195,24,77,87,102,85,79,56,120,73,,115,,,b'\x11\xe8\xe1I\xd4\xe3\x04\xd8\x98|\x12\xdf\x17\xaeN\x1e'
11E8E149-D4E3-04D8-987C-12DF17AE4E1E,2021-ncaa-d2-conf-GAC,ncaa,12,5,12,12,12,12,12,12,12,12,12,12,12,12,12,4,12,12,5,12,12,12,12,12,12,12,8,8,6,12,10,12,12,12,12,12,12,1,12,12,12,4,11,10,,,1,4,,,11,12,5,8,12,12,7,12,7,12,5,12,12,12,8,7,10,10,10,12,12,3,9,,7,,,12,1,1,1,6,1,1,11,1,1,1,3,1,1,1,1,3,1,1,2,2,2,2,2,3,2,12,1,10,1,12,1,8,12,6,9,1,12,1,5,,,12,12,,,11,1,12,5,12,8,10,11,11,10,2,6,4,5,6,10,10,12,11,12,10,3,12,4,,12,,,b'\x11\xe8\xe1I\xd4\xe3\x04\xd8\x98|\x12\xdf\x17\xaeN\x1e'
11E8E149-D4E3-04D8-987C-12DF17AE4E1E,2021-ncaa-d2-natl,ncaa,211,95,208,211,208,215,215,208,220,215,211,217,211,204,223,85,213,214,67,214,206,211,209,223,219,223,134,137,79,212,205,211,218,213,223,218,224,27,212,226,200,89,202,185,,,21,75,,,195,209,16,121,214,211,83,198,101,196,81,196,202,202,108,41,169,133,164,225,215,44,136,,173,,,219,22,25,24,121,33,27,154,15,18,7,45,22,22,48,22,44,23,21,79,62,78,8,11,62,36,218,23,205,25,223,24,99,209,149,141,29,211,20,110,,,215,220,,,195,17,224,133,218,197,206,221,217,218,39,125,122,149,152,220,219,222,216,223,189,65,214,118,,216,,,b'\x11\xe8\xe1I\xd4\xe3\x04\xd8\x98|\x12\xdf\x17\xaeN\x1e'
11E8E149-D4E3-04D8-987C-12DF17AE4E1E,2022-ncaa-d2-conf-GAC,ncaa,12,12,9,12,12,12,12,12,12,12,11,12,10,10,10,6,12,12,10,12,10,12,10,12,12,12,5,5,8,11,11,11,12,12,12,12,11,12,12,12,12,12,6,6,,,2,1,,,12,9,6,12,12,12,10,12,9,9,8,12,11,11,10,8,11,11,12,12,12,12,4,,2,,,12,12,12,10,11,11,7,11,11,9,11,8,3,3,1,3,2,9,6,11,11,12,2,8,1,12,12,6,11,10,12,12,9,12,12,12,12,12,1,1,,,12,12,,,12,5,12,12,12,12,12,12,11,11,11,10,4,5,5,12,10,12,9,12,12,12,12,1,,12,,,b'\x11\xe8\xe1I\xd4\xe3\x04\xd8\x98|\x12\xdf\x17\xaeN\x1e'
11E8E149-D4E3-04D8-987C-12DF17AE4E1E,2022-ncaa-d2-natl,ncaa,296,301,106,296,141,216,232,159,284,251,155,289,148,156,148,145,161,154,193,153,165,156,118,275,270,272,58,86,89,220,268,165,286,198,290,268,283,273,262,287,281,298,64,116,,,97,18,,,300,91,59,281,272,277,209,282,186,166,173,188,180,178,213,149,245,216,245,293,257,292,54,,70,,,298,300,301,286,287,299,283,280,286,259,279,139,189,208,68,213,79,284,244,282,276,297,68,169,34,296,286,249,268,288,290,299,145,281,300,300,298,290,43,39,,,190,249,,,300,218,282,301,296,300,301,300,298,295,282,257,171,192,195,297,270,288,256,286,294,294,290,30,,238,,,b'\x11\xe8\xe1I\xd4\xe3\x04\xd8\x98|\x12\xdf\x17\xaeN\x1e'
11E8E149-D4E3-04D8-987C-12DF17AE4E1E,2023-ncaa-d2-conf-GAC,ncaa,11,11,9,11,9,11,9,10,9,6,4,10,10,10,7,8,12,12,8,12,12,10,10,11,12,12,10,8,11,8,6,11,8,9,7,12,12,8,10,12,10,7,6,5,,,7,10,,,11,10,7,6,11,8,6,5,3,10,7,12,12,12,9,7,6,10,8,12,10,8,5,,10,,,11,5,2,1,10,5,3,10,4,5,5,5,10,10,7,10,9,1,1,8,9,9,6,5,11,1,8,2,6,2,7,4,9,7,5,8,5,7,1,2,,,12,11,,,11,3,12,7,12,6,4,1,9,4,5,5,10,10,10,2,3,4,6,5,6,6,7,1,,12,,,b'\x11\xe8\xe1I\xd4\xe3\x04\xd8\x98|\x12\xdf\x17\xaeN\x1e'
11E8E149-D4E3-04D8-987C-12DF17AE4E1E,2023-ncaa-d2-natl,ncaa,241,239,197,245,212,232,200,208,151,161,134,181,223,250,131,221,277,281,160,282,290,231,229,176,203,210,260,198,274,144,65,277,149,254,124,262,290,149,214,254,217,167,128,69,,,170,276,,,227,241,235,136,236,178,176,125,75,221,243,279,283,283,229,194,108,286,251,271,195,193,108,,234,,,226,93,66,31,236,79,34,235,87,78,168,129,248,236,227,233,281,51,42,229,257,245,215,99,271,31,149,21,65,17,124,100,191,213,157,172,139,193,50,55,,,274,276,,,227,56,204,232,232,167,109,22,127,42,113,100,275,263,262,56,42,49,30,22,139,198,175,67,,277,,,b'\x11\xe8\xe1I\xd4\xe3\x04\xd8\x98|\x12\xdf\x17\xaeN\x1e'
11E8E149-D4E3-04D8-987C-12DF17AE4E1E,2024-ncaa-d2-conf-GAC,ncaa,12,12,9,12,9,9,9,10,8,10,10,8,9,10,5,8,8,8,9,8,5,10,10,9,8,9,5,7,7,10,10,11,9,11,11,10,8,7,10,10,8,8,6,7,,,9,10,,,11,9,2,3,9,9,7,8,7,9,9,8,7,7,8,8,10,10,11,10,8,8,5,,11,,,11,9,4,3,8,6,7,7,1,2,2,3,11,10,9,10,10,6,5,5,7,10,7,2,12,5,9,7,10,7,11,4,4,8,7,8,7,9,6,7,,,9,7,,,11,5,11,11,10,12,8,8,9,10,4,6,12,12,12,10,9,8,10,9,5,6,9,7,,7,,,b'\x11\xe8\xe1I\xd4\xe3\x04\xd8\x98|\x12\xdf\x17\xaeN\x1e'
11E8E149-D4E3-04D8-987C-12DF17AE4E1E,2024-ncaa-d2-natl,ncaa,245,247,207,253,227,221,223,239,190,212,220,168,207,203,210,156,205,172,232,172,99,234,230,187,190,206,159,179,124,249,246,243,201,261,249,247,245,147,206,238,204,206,141,137,,,220,268,,,230,214,105,130,204,208,214,180,179,195,168,165,131,131,200,166,243,236,266,245,192,194,126,,265,,,225,117,73,62,142,106,103,154,61,72,85,85,276,268,207,267,284,92,88,129,182,185,191,60,289,111,201,121,246,103,249,39,52,188,162,88,132,176,188,245,,,199,125,,,230,87,230,182,223,200,135,129,158,157,86,100,291,288,289,192,182,155,195,184,65,143,166,227,,144,,,b'\x11\xe8\xe1I\xd4\xe3\x04\xd8\x98|\x12\xdf\x17\xaeN\x1e'
11E8E149-D4E3-04D8-987C-12DF17AE4E1E,2025-ncaa-d2-conf-GAC,genius_ncaa,9,8,9,9,9,10,11,11,7,10,10,6,7,7,10,6,10,8,11,8,5,11,11,7,8,10,6,7,8,10,9,12,12,12,12,11,11,10,11,12,7,7,12,12,,,2,4,,6,12,9,4,1,9,9,10,7,8,7,7,9,8,8,10,5,10,12,12,11,12,5,12,,5,,7,12,9,9,4,12,9,7,12,7,5,11,6,5,4,5,5,6,4,5,11,10,9,5,7,4,8,12,3,9,5,12,11,9,6,6,9,9,11,4,6,,,8,6,,5,12,4,12,9,11,11,11,10,10,10,8,8,8,9,9,10,12,9,7,8,11,5,11,5,,7,,4,b'\x11\xe8\xe1I\xd4\xe3\x04\xd8\x98|\x12\xdf\x17\xaeN\x1e'
11E8E149-D4E3-04D8-987C-12DF17AE4E1E,2025-ncaa-d2-natl,genius_ncaa,195,180,230,197,230,238,232,266,146,227,247,155,184,203,132,135,231,237,184,230,143,270,269,142,158,162,140,130,174,254,206,280,240,287,243,266,269,71,182,222,217,177,250,235,,,56,147,,98,223,264,245,4,212,202,240,197,215,153,163,208,200,190,243,241,228,290,285,263,148,177,241,,130,,138,221,92,89,48,222,78,58,185,170,103,282,174,110,95,205,92,171,45,41,235,242,240,224,215,148,92,240,36,206,46,243,102,141,237,186,197,90,185,163,248,,,249,139,,76,223,39,183,241,217,198,188,139,159,127,228,167,178,155,154,129,107,161,105,112,176,199,148,230,,187,,53,b'\x11\xe8\xe1I\xd4\xe3\x04\xd8\x98|\x12\xdf\x17\xaeN\x1e'
11E8E149-D4E3-04D8-987C-12DF17AE4E1E,2026-ncaa-d2-conf-GAC,genius_ncaa,11,11,1,11,1,7,3,8,3,2,5,1,11,8,9,8,12,12,11,12,12,10,10,4,5,5,12,11,12,9,8,10,11,10,11,8,11,5,6,8,11,12,8,8,,,6,4,,8,11,10,12,1,8,4,10,2,6,11,10,12,12,12,12,12,10,10,12,9,3,12,8,,4,,7,11,11,11,11,11,6,7,6,12,10,12,7,6,6,6,6,6,11,8,11,11,12,11,12,2,11,11,4,8,8,11,8,7,11,11,11,2,2,1,1,,,11,11,,10,11,4,4,12,11,11,11,10,6,6,12,9,5,5,6,10,6,11,2,8,8,11,1,1,,12,,11,b'\x11\xe8\xe1I\xd4\xe3\x04\xd8\x98|\x12\xdf\x17\xaeN\x1e'
11E8E149-D4E3-04D8-987C-12DF17AE4E1E,2026-ncaa-d2-natl,genius_ncaa,157,144,141,167,170,216,186,235,51,150,185,84,234,262,89,252,206,204,186,206,194,234,235,80,86,109,248,225,185,231,159,153,109,186,89,262,285,92,191,225,259,252,221,192,,,150,261,,158,184,233,282,88,217,178,288,125,175,237,275,209,202,210,289,291,233,113,189,272,102,259,227,,194,,183,185,107,100,97,125,63,63,111,217,198,219,259,81,164,6,164,254,106,80,173,124,187,263,271,123,111,109,53,159,76,89,56,43,257,268,175,37,57,29,32,,,226,158,,151,184,75,121,192,166,106,91,99,48,32,247,242,88,198,196,120,36,123,20,43,45,279,25,29,,253,,157,b'\x11\xe8\xe1I\xd4\xe3\x04\xd8\x98|\x12\xdf\x17\xaeN\x1e'
11E8E149-D4E8-9CE0-987C-12DF17AE4E1E,2018-ncaa-d2-conf-GAC,ncaa,1,1,1,1,1,2,1,1,3,1,1,6,9,9,9,12,5,4,6,4,12,1,1,8,8,5,12,11,9,1,2,3,4,1,2,4,12,7,2,4,1,3,4,4,,,9,6,,,2,1,4,10,2,2,2,1,1,9,11,7,5,5,2,2,1,3,2,9,4,3,5,,6,,,2,8,7,11,1,3,7,2,12,12,5,12,5,5,3,5,5,10,12,3,2,1,12,12,5,9,4,10,2,10,2,11,11,1,3,3,4,2,3,2,,,6,10,,,2,12,2,1,2,3,3,9,1,3,11,12,4,5,4,6,8,5,6,5,10,2,2,3,,9,,,b'\x11\xe8\xe1I\xd4\xe8\x9c\xe0\x98|\x12\xdf\x17\xaeN\x1e'
11E8E149-D4E8-9CE0-987C-12DF17AE4E1E,2018-ncaa-d2-natl,ncaa,17,8,41,14,52,18,18,16,64,13,8,99,119,147,95,257,68,61,141,61,238,15,20,94,111,75,268,241,196,22,33,32,85,18,38,82,263,149,35,93,24,37,42,30,,,254,169,,,29,28,66,182,21,18,15,12,8,160,209,93,90,90,17,32,25,36,13,117,76,35,49,,199,,,29,232,197,258,48,79,169,40,298,300,201,294,197,202,113,187,174,261,273,92,93,59,303,302,152,222,85,244,33,243,38,244,247,34,68,91,107,32,105,18,,,87,249,,,29,281,44,56,34,125,96,190,28,68,276,284,133,140,116,174,221,160,150,144,179,54,63,65,,162,,,b'\x11\xe8\xe1I\xd4\xe8\x9c\xe0\x98|\x12\xdf\x17\xaeN\x1e'
11E8E149-D4E8-9CE0-987C-12DF17AE4E1E,2019-ncaa-d2-conf-GAC,ncaa,6,7,1,7,1,2,2,2,5,2,1,7,7,8,2,11,9,7,10,7,11,2,2,6,9,7,12,8,11,3,4,2,6,2,4,3,7,6,3,4,4,6,5,7,,,12,11,,,6,2,7,1,5,2,2,2,1,7,10,9,10,10,2,3,3,2,2,4,5,6,7,,12,,,6,12,8,11,4,9,11,4,8,7,4,5,12,12,11,12,11,12,11,3,5,7,8,5,10,10,6,11,4,11,4,3,2,7,9,5,9,3,1,1,,,9,12,,,6,11,7,7,6,10,5,7,6,9,5,7,12,11,12,11,9,8,11,10,3,9,6,1,,11,,,b'\x11\xe8\xe1I\xd4\xe8\x9c\xe0\x98|\x12\xdf\x17\xaeN\x1e'
11E8E149-D4E8-9CE0-987C-12DF17AE4E1E,2019-ncaa-d2-natl,ncaa,145,184,76,163,77,101,87,71,159,84,41,217,134,191,43,246,168,146,214,152,265,71,90,166,182,149,227,187,232,113,185,56,58,74,126,130,223,124,66,125,144,170,191,204,,,296,300,,,162,90,144,13,127,96,59,90,37,160,229,199,177,186,74,115,133,46,67,169,91,170,211,,296,,,160,241,158,204,95,116,187,67,243,213,217,158,299,287,274,287,281,236,204,106,157,213,294,205,291,132,58,274,185,241,126,37,12,187,238,86,112,74,15,3,,,180,264,,,162,227,142,178,156,199,105,141,79,130,219,189,293,282,281,206,167,109,258,204,29,231,81,9,,234,,,b'\x11\xe8\xe1I\xd4\xe8\x9c\xe0\x98|\x12\xdf\x17\xaeN\x1e'
11E8E149-D4E8-9CE0-987C-12DF17AE4E1E,2020-ncaa-d2-conf-GAC,ncaa,6,6,3,7,4,3,2,4,3,1,1,3,5,7,3,9,9,11,6,11,12,4,3,2,2,2,10,8,11,6,7,2,4,1,3,2,8,8,5,4,11,12,4,3,,,10,9,,,7,3,5,2,3,2,4,1,1,6,9,8,10,10,5,4,6,1,1,3,6,12,4,,10,,,7,11,9,11,4,7,11,3,11,11,5,7,11,10,10,10,9,11,9,4,4,9,9,8,9,9,4,8,7,8,3,7,3,12,12,11,6,3,2,1,,,10,12,,,7,9,3,9,7,10,8,11,7,9,9,10,9,9,9,11,8,8,7,8,6,12,5,2,,12,,,b'\x11\xe8\xe1I\xd4\xe8\x9c\xe0\x98|\x12\xdf\x17\xaeN\x1e'
11E8E149-D4E8-9CE0-987C-12DF17AE4E1E,2020-ncaa-d2-natl,ncaa,112,100,173,110,185,86,60,75,62,54,62,113,112,173,34,211,174,181,135,178,269,84,99,69,81,89,208,166,248,89,90,38,63,46,51,107,205,160,119,119,288,305,73,91,,,258,256,,,120,100,57,64,37,26,35,31,30,101,160,146,168,170,44,45,77,9,19,83,170,297,68,,273,,,120,234,189,233,96,154,201,92,237,231,183,177,269,267,157,269,247,255,186,110,134,223,258,195,248,150,63,137,90,144,51,107,60,277,301,236,127,105,99,47,,,170,242,,,120,192,86,214,134,253,213,271,157,227,245,251,277,277,278,286,236,162,162,164,119,292,147,99,,153,,,b'\x11\xe8\xe1I\xd4\xe8\x9c\xe0\x98|\x12\xdf\x17\xaeN\x1e'
11E8E149-D4E8-9CE0-987C-12DF17AE4E1E,2021-ncaa-d2-conf-GAC,ncaa,2,1,7,1,7,4,2,6,1,1,2,1,9,10,4,12,8,9,6,9,11,8,8,1,1,1,12,12,11,7,6,6,6,7,4,4,9,5,4,2,8,9,3,3,,,6,8,,,2,7,4,4,1,1,4,1,1,10,12,7,7,7,5,5,7,1,2,2,5,7,2,,11,,,2,5,5,7,1,4,8,1,6,7,5,7,8,8,5,8,8,6,6,1,1,4,9,8,11,8,6,3,6,5,4,4,4,8,11,8,6,4,2,1,,,9,9,,,2,5,1,4,2,7,7,9,6,8,9,10,10,11,11,11,9,9,4,7,2,10,5,1,,9,,,b'\x11\xe8\xe1I\xd4\xe8\x9c\xe0\x98|\x12\xdf\x17\xaeN\x1e'
11E8E149-D4E8-9CE0-987C-12DF17AE4E1E,2021-ncaa-d2-natl,ncaa,35,8,132,12,136,68,48,107,4,30,60,16,152,171,50,217,104,113,71,113,198,108,113,16,15,9,221,214,180,119,94,78,109,98,53,76,170,79,38,33,123,158,48,56,,,120,119,,,37,112,15,69,3,3,13,1,4,153,196,54,75,76,14,19,102,2,17,29,71,113,29,,193,,,25,115,107,128,36,102,133,18,135,122,126,107,153,150,103,148,145,128,116,38,49,101,177,146,182,146,109,83,94,101,53,75,40,153,205,123,96,72,47,10,,,132,179,,,37,112,9,113,37,192,164,216,126,201,183,194,204,207,205,221,215,188,96,152,75,178,128,37,,95,,,b'\x11\xe8\xe1I\xd4\xe8\x9c\xe0\x98|\x12\xdf\x17\xaeN\x1e'
11E8E149-D4E8-9CE0-987C-12DF17AE4E1E,2022-ncaa-d2-conf-GAC,ncaa,5,6,1,6,2,3,2,2,4,2,1,3,7,8,5,11,1,1,5,1,9,2,3,5,5,4,11,11,5,7,8,3,9,4,8,7,10,8,6,8,5,9,2,2,,,12,9,,,9,2,5,9,4,4,5,3,2,10,10,5,7,6,6,7,9,5,8,8,6,7,2,,9,,,8,11,10,12,9,9,10,4,10,8,12,7,10,11,7,11,9,12,11,9,8,8,8,7,8,11,9,11,8,12,8,11,8,6,7,8,9,7,3,2,,,1,6,,,9,11,4,9,9,9,10,9,7,7,9,7,9,9,9,9,7,9,7,9,8,6,8,3,,5,,,b'\x11\xe8\xe1I\xd4\xe8\x9c\xe0\x98|\x12\xdf\x17\xaeN\x1e'
11E8E149-D4E8-9CE0-987C-12DF17AE4E1E,2022-ncaa-d2-natl,ncaa,108,139,64,122,98,55,56,62,72,32,29,100,167,191,110,260,36,44,68,42,158,57,69,99,85,69,231,251,85,138,208,61,148,76,187,142,268,118,54,136,121,184,31,44,,,280,246,,,143,61,50,224,39,40,68,23,30,200,228,41,57,59,47,91,177,58,101,192,75,161,39,,265,,,144,276,256,253,180,236,250,112,258,196,281,94,283,281,141,281,216,266,249,193,201,224,221,178,227,240,148,255,208,251,187,244,164,136,220,215,146,85,174,86,,,52,95,,,143,243,80,226,146,261,230,232,204,239,237,146,265,261,260,257,233,194,228,217,206,177,104,141,,63,,,b'\x11\xe8\xe1I\xd4\xe8\x9c\xe0\x98|\x12\xdf\x17\xaeN\x1e'
11E8E149-D4E8-9CE0-987C-12DF17AE4E1E,2023-ncaa-d2-conf-GAC,ncaa,5,4,5,5,5,5,4,3,6,2,2,3,12,9,12,11,4,4,7,4,11,3,5,10,9,8,12,11,7,2,4,2,7,2,5,8,11,4,3,6,7,10,2,3,,,9,6,,,3,5,5,1,2,2,2,1,1,11,8,3,4,4,2,2,2,2,2,8,4,7,1,,7,,,3,9,7,11,2,7,8,2,10,9,12,6,7,8,1,8,8,12,10,3,3,3,10,9,7,11,7,8,4,10,5,6,7,10,11,10,2,1,4,1,,,5,10,,,3,7,5,4,4,8,9,12,5,10,10,9,7,8,8,12,11,12,8,10,7,10,3,4,,4,,,b'\x11\xe8\xe1I\xd4\xe8\x9c\xe0\x98|\x12\xdf\x17\xaeN\x1e'
11E8E149-D4E8-9CE0-987C-12DF17AE4E1E,2023-ncaa-d2-natl,ncaa,139,118,197,133,201,135,101,117,104,50,48,89,268,243,284,269,118,100,215,98,186,109,149,177,183,120,285,282,128,51,46,84,178,61,74,181,266,32,28,108,194,199,26,25,,,149,159,,,118,181,103,30,59,34,17,10,11,267,229,83,56,50,13,45,31,13,8,168,62,163,17,,211,,,116,135,100,176,48,57,156,13,244,187,272,162,159,206,23,196,197,180,142,88,78,145,281,266,166,234,178,116,46,168,74,100,128,244,260,200,22,32,83,33,,,176,186,,,118,117,89,171,117,207,169,270,87,232,266,232,191,243,237,276,245,265,183,244,139,229,57,99,,111,,,b'\x11\xe8\xe1I\xd4\xe8\x9c\xe0\x98|\x12\xdf\x17\xaeN\x1e'
11E8E149-D4E8-9CE0-987C-12DF17AE4E1E,2024-ncaa-d2-conf-GAC,ncaa,6,5,5,6,7,5,4,5,5,3,2,6,11,11,11,11,7,4,11,4,9,5,4,8,7,7,12,11,6,3,3,4,4,3,3,3,6,11,9,8,4,4,1,1,,,8,6,,,5,5,1,7,5,4,4,1,1,11,11,6,3,3,2,1,2,1,1,4,11,4,1,,8,,,5,5,2,9,2,2,5,2,9,10,5,8,9,9,6,9,8,10,9,2,2,2,10,9,10,9,4,3,3,9,3,3,5,5,5,2,11,11,2,1,,,7,9,,,5,8,6,2,5,4,2,11,2,6,9,9,9,9,9,11,12,10,4,6,3,5,11,2,,6,,,b'\x11\xe8\xe1I\xd4\xe8\x9c\xe0\x98|\x12\xdf\x17\xaeN\x1e'
11E8E149-D4E8-9CE0-987C-12DF17AE4E1E,2024-ncaa-d2-natl,ncaa,144,131,207,142,240,158,150,188,96,89,94,124,245,265,158,271,136,110,231,113,162,175,159,137,139,154,270,269,114,91,49,96,85,85,25,190,224,197,204,205,121,101,21,4,,,159,202,,,106,195,68,227,97,80,105,36,35,241,265,100,60,68,79,58,63,17,15,169,231,92,6,,211,,,103,66,31,94,20,17,66,11,205,203,172,233,208,204,187,198,249,109,106,42,58,74,292,264,266,135,85,57,49,72,25,22,43,157,141,42,160,166,30,14,,,162,147,,,106,105,137,74,103,128,49,193,22,95,237,244,235,231,228,215,206,176,94,123,29,117,195,33,,91,,,b'\x11\xe8\xe1I\xd4\xe8\x9c\xe0\x98|\x12\xdf\x17\xaeN\x1e'
11E8E149-D4E8-9CE0-987C-12DF17AE4E1E,2025-ncaa-d2-conf-GAC,genius_ncaa,11,11,9,11,11,12,12,10,9,6,5,8,12,9,12,9,8,7,10,7,6,10,10,11,10,12,12,11,5,5,5,7,10,7,10,7,4,7,9,7,9,10,3,4,,,6,7,,9,11,11,5,10,11,10,7,5,3,12,8,6,3,3,6,4,5,5,5,6,8,8,3,,8,,10,11,8,7,9,7,7,6,6,9,11,7,10,3,2,2,2,4,7,3,6,6,8,8,9,3,11,10,7,5,10,10,10,7,10,10,11,10,12,1,1,,,11,9,,9,11,2,10,11,12,10,10,12,9,8,11,11,6,7,6,11,10,12,10,11,10,10,12,2,,10,,8,b'\x11\xe8\xe1I\xd4\xe8\x9c\xe0\x98|\x12\xdf\x17\xaeN\x1e'
11E8E149-D4E8-9CE0-987C-12DF17AE4E1E,2025-ncaa-d2-natl,genius_ncaa,243,236,230,253,233,246,239,258,191,195,200,184,256,248,252,227,206,202,214,197,152,255,265,216,213,195,236,248,111,189,159,211,241,210,196,228,178,47,125,162,273,272,81,49,,,82,181,,199,232,269,254,56,229,210,214,141,119,254,229,164,134,128,200,228,141,128,138,210,97,265,56,,159,,236,231,89,87,99,128,53,65,114,215,189,236,236,79,77,176,76,134,84,44,168,159,232,254,264,111,215,241,65,159,114,196,55,66,282,279,244,66,143,70,84,,,259,175,,212,232,31,190,264,241,194,187,234,123,140,260,253,134,136,131,215,117,260,160,224,118,277,119,92,,214,,189,b'\x11\xe8\xe1I\xd4\xe8\x9c\xe0\x98|\x12\xdf\x17\xaeN\x1e'
11E8E149-D4E8-9CE0-987C-12DF17AE4E1E,2026-ncaa-d2-conf-GAC,genius_ncaa,2,3,1,3,1,2,1,1,5,1,2,3,10,4,11,7,3,1,8,1,3,1,1,6,6,6,11,12,4,4,8,3,2,2,6,4,9,8,4,6,2,4,3,4,,,11,9,,8,5,1,1,1,3,2,1,1,2,10,4,4,2,2,1,1,4,4,3,5,7,3,4,,11,,7,5,9,9,6,9,9,12,7,5,3,9,1,11,11,9,11,9,7,12,9,9,5,5,3,11,3,2,11,8,11,6,7,8,1,2,3,5,3,5,5,,,1,3,,8,5,12,6,4,5,9,9,5,9,12,4,2,11,11,11,6,12,1,11,11,7,1,4,5,,2,,9,b'\x11\xe8\xe1I\xd4\xe8\x9c\xe0\x98|\x12\xdf\x17\xaeN\x1e'
11E8E149-D4E8-9CE0-987C-12DF17AE4E1E,2026-ncaa-d2-natl,genius_ncaa,65,13,221,36,233,135,163,220,47,136,226,10,197,165,231,129,56,80,53,81,16,197,227,64,35,29,165,219,36,226,179,244,74,243,142,176,187,39,60,88,155,104,137,81,,,129,253,,85,67,217,26,88,10,30,50,23,126,146,69,6,10,13,27,47,165,164,174,92,98,88,96,,261,,126,59,94,80,42,244,72,49,196,120,57,280,117,157,134,221,137,251,50,67,251,269,180,217,167,223,32,74,80,179,55,142,87,142,105,20,61,24,20,82,115,,,120,22,,132,67,80,39,129,64,219,175,80,150,112,194,108,261,240,249,124,233,58,179,121,165,22,37,127,,8,,86,b'\x11\xe8\xe1I\xd4\xe8\x9c\xe0\x98|\x12\xdf\x17\xaeN\x1e'
11E8E149-D4EC-D51C-987C-12DF17AE4E1E,2018-ncaa-d2-conf-GLIAC,ncaa,1,1,2,1,2,1,1,1,1,1,1,1,1,3,1,10,1,1,1,1,6,1,1,1,1,1,9,8,8,2,1,2,6,1,3,1,1,5,1,1,1,1,6,7,,,12,5,,,1,1,1,9,1,1,1,1,2,1,3,1,1,1,1,1,3,3,1,1,4,1,7,,9,,,1,9,10,12,5,9,11,5,8,11,4,8,7,8,3,9,6,12,12,5,4,1,7,8,6,9,6,6,1,9,3,10,9,1,1,1,7,2,10,1,,,1,5,,,1,12,1,1,1,5,5,6,5,4,5,9,5,5,5,5,12,7,4,5,7,1,5,8,,1,,,b'\x11\xe8\xe1I\xd4\xec\xd5\x1c\x98|\x12\xdf\x17\xaeN\x1e'
11E8E149-D4EC-D51C-987C-12DF17AE4E1E,2018-ncaa-d2-natl,ncaa,1,1,1,1,1,1,1,2,1,1,1,1,5,9,1,186,1,1,3,1,174,2,1,1,1,1,209,176,192,11,62,8,42,3,34,1,6,298,25,1,1,2,47,103,,,308,55,,,1,1,5,203,2,1,5,1,14,16,83,2,43,45,5,8,96,144,105,1,87,1,119,,140,,,1,309,308,307,212,305,298,224,299,306,173,216,238,249,110,254,95,306,309,212,193,16,131,197,57,239,42,300,62,290,34,307,281,1,2,14,301,64,295,94,,,1,191,,,1,309,1,3,1,124,162,101,146,92,179,177,48,54,54,80,285,38,45,38,246,1,137,193,,55,,,b'\x11\xe8\xe1I\xd4\xec\xd5\x1c\x98|\x12\xdf\x17\xaeN\x1e'
11E8E149-D4EC-D51C-987C-12DF17AE4E1E,2019-ncaa-d2-conf-GLIAC,ncaa,1,2,1,2,2,1,1,1,1,1,1,2,1,1,1,9,1,1,1,2,9,1,1,1,1,1,10,7,10,1,1,1,3,1,2,1,4,9,2,1,1,2,3,6,,,11,6,,,1,1,2,6,1,1,1,1,2,1,4,2,4,5,1,1,2,2,1,1,7,2,4,,6,,,1,11,12,12,5,12,12,4,7,6,9,2,6,8,3,7,4,12,12,5,4,4,3,4,5,7,3,4,1,6,2,5,2,1,4,3,7,2,8,4,,,2,12,,,1,12,1,4,2,4,5,8,7,12,3,2,4,5,5,7,10,6,2,2,4,2,5,5,,9,,,b'\x11\xe8\xe1I\xd4\xec\xd5\x1c\x98|\x12\xdf\x17\xaeN\x1e'
11E8E149-D4EC-D51C-987C-12DF17AE4E1E,2019-ncaa-d2-natl,ncaa,12,5,16,9,28,4,4,8,4,4,23,4,7,26,7,97,54,124,4,126,271,12,16,2,2,1,178,94,290,56,49,13,10,15,7,3,67,103,15,1,24,38,26,58,,,205,81,,,2,11,84,252,2,2,15,4,80,13,52,131,220,228,28,82,110,28,47,3,22,47,47,,78,,,2,253,280,287,125,272,292,78,220,161,242,66,104,123,83,118,26,282,284,110,92,80,69,152,55,91,10,158,49,121,7,204,82,40,98,82,70,15,238,122,,,124,290,,,2,300,1,42,2,81,135,146,156,238,119,63,29,39,36,114,145,22,20,7,97,99,22,171,,268,,,b'\x11\xe8\xe1I\xd4\xec\xd5\x1c\x98|\x12\xdf\x17\xaeN\x1e'
11E8E149-D4EC-D51C-987C-12DF17AE4E1E,2020-ncaa-d2-conf-GLIAC,ncaa,1,1,1,1,1,1,1,1,1,1,1,1,2,4,1,12,2,2,2,2,10,1,1,1,1,1,10,6,10,5,4,2,2,2,1,1,3,8,2,1,1,1,3,3,,,5,2,,,1,1,1,6,1,1,2,1,1,2,9,2,3,3,2,4,8,2,3,1,5,1,3,,3,,,1,4,7,11,2,10,12,4,3,6,3,3,5,6,1,6,2,11,12,2,2,2,2,3,4,6,2,2,4,3,1,7,4,1,1,2,9,5,2,1,,,2,8,,,1,12,1,2,1,3,3,7,4,11,3,3,2,3,3,6,10,4,1,1,3,1,6,2,,4,,,b'\x11\xe8\xe1I\xd4\xec\xd5\x1c\x98|\x12\xdf\x17\xaeN\x1e'
11E8E149-D4EC-D51C-987C-12DF17AE4E1E,2020-ncaa-d2-natl,ncaa,1,1,3,1,13,2,2,22,1,4,24,1,8,75,1,169,39,111,3,112,245,26,28,1,1,1,167,92,290,171,125,6,4,30,7,1,18,146,48,2,43,73,21,32,,,175,60,,,1,13,70,227,3,3,62,6,90,16,138,91,186,185,86,142,241,33,99,1,56,84,37,,60,,,2,196,228,259,98,257,276,128,79,160,28,92,162,152,210,151,70,257,278,73,71,53,41,50,140,40,4,78,125,52,7,179,116,32,62,63,170,81,173,80,,,57,182,,,1,302,2,34,1,64,102,110,146,166,35,64,84,68,69,77,141,9,12,5,92,69,76,109,,171,,,b'\x11\xe8\xe1I\xd4\xec\xd5\x1c\x98|\x12\xdf\x17\xaeN\x1e'
11E8E149-D4EC-D51C-987C-12DF17AE4E1E,2021-ncaa-d2-conf-GLIAC,ncaa,2,3,1,3,1,1,1,1,1,1,2,1,1,3,1,9,2,3,1,3,10,1,1,1,1,1,11,10,9,11,11,1,2,2,5,1,2,12,8,3,1,3,5,9,,,8,2,,,2,1,2,8,2,1,9,1,6,4,9,5,10,10,10,11,12,3,10,2,6,2,8,,3,,,2,11,12,12,7,12,12,8,8,11,4,2,9,9,3,9,2,12,12,6,5,3,1,2,4,9,2,11,11,11,5,11,5,1,3,3,11,8,11,9,,,2,2,,,2,12,1,3,2,4,9,9,10,10,3,3,4,5,4,7,7,4,4,2,6,2,7,8,,3,,,b'\x11\xe8\xe1I\xd4\xec\xd5\x1c\x98|\x12\xdf\x17\xaeN\x1e'
11E8E149-D4EC-D51C-987C-12DF17AE4E1E,2021-ncaa-d2-natl,ncaa,21,135,6,60,7,9,8,14,5,7,14,5,15,27,21,101,32,54,7,53,178,16,15,7,6,8,157,109,191,151,219,10,7,25,91,3,32,219,123,28,14,61,57,145,,,195,37,,,36,7,101,121,53,37,172,46,142,74,125,145,198,196,187,203,225,77,206,19,73,81,139,,30,,,52,215,220,217,167,222,221,174,193,204,100,90,175,179,118,175,35,217,217,152,143,128,40,77,40,128,7,214,219,200,91,212,89,14,84,107,214,122,210,132,,,8,62,,,36,221,35,81,46,91,137,94,153,112,74,71,35,34,30,52,63,9,59,16,124,111,97,117,,131,,,b'\x11\xe8\xe1I\xd4\xec\xd5\x1c\x98|\x12\xdf\x17\xaeN\x1e'
11E8E149-D4EC-D51C-987C-12DF17AE4E1E,2022-ncaa-d2-conf-G-MAC,ncaa,1,1,1,1,1,1,2,2,2,2,3,1,1,1,2,6,2,2,4,2,4,2,2,1,1,1,6,5,10,2,3,2,2,2,2,1,3,7,4,1,1,1,4,6,,,7,5,,,1,1,4,3,1,2,2,2,5,1,3,3,3,4,3,4,4,4,4,1,4,1,6,,5,,,1,5,9,10,5,12,12,2,1,1,5,1,4,5,2,5,2,10,12,3,2,2,1,1,4,5,2,10,3,9,2,2,1,1,2,1,7,6,10,7,,,2,5,,,1,12,2,2,1,2,4,3,7,12,1,1,2,2,2,3,8,2,4,2,1,2,7,8,,4,,,b'\x11\xe8\xe1I\xd4\xec\xd5\x1c\x98|\x12\xdf\x17\xaeN\x1e'
11E8E149-D4EC-D51C-987C-12DF17AE4E1E,2022-ncaa-d2-natl,ncaa,5,5,18,4,22,8,6,33,2,18,85,1,9,17,19,42,87,138,18,138,192,43,48,1,1,2,129,60,279,169,193,59,12,84,54,7,82,153,61,9,37,47,137,203,,,137,44,,,6,29,178,108,12,8,124,29,226,21,41,181,233,234,153,218,255,179,233,10,48,79,191,,21,,,6,230,272,234,253,290,272,219,94,74,215,36,49,46,174,46,9,212,238,224,196,131,5,51,14,36,12,177,193,116,54,171,34,28,37,43,180,86,166,127,,,70,163,,,6,266,3,63,5,60,157,39,227,180,37,14,8,4,5,19,38,7,31,4,65,82,71,91,,208,,,b'\x11\xe8\xe1I\xd4\xec\xd5\x1c\x98|\x12\xdf\x17\xaeN\x1e'
11E8E149-D4EC-D51C-987C-12DF17AE4E1E,2023-ncaa-d2-conf-G-MAC,ncaa,1,1,1,1,1,1,1,1,1,1,3,1,1,1,1,1,3,7,2,7,7,1,1,1,1,1,2,1,13,3,3,1,1,1,1,1,1,7,2,1,2,2,1,4,,,9,3,,,1,1,6,6,1,1,2,1,11,1,1,8,10,10,3,6,7,1,3,1,3,3,5,,4,,,1,5,6,12,1,12,13,1,2,6,1,1,7,7,12,7,1,13,13,1,1,2,2,1,7,9,1,6,3,5,1,1,1,2,3,2,11,8,1,1,,,2,7,,,1,13,1,2,1,2,2,4,5,9,1,2,3,2,2,3,5,3,1,1,1,3,7,1,,5,,,b'\x11\xe8\xe1I\xd4\xec\xd5\x1c\x98|\x12\xdf\x17\xaeN\x1e'
11E8E149-D4EC-D51C-987C-12DF17AE4E1E,2023-ncaa-d2-natl,ncaa,1,1,1,1,1,2,1,3,1,4,56,1,1,2,1,7,47,99,6,101,181,6,6,1,1,1,54,10,295,75,111,2,22,9,7,1,7,269,81,1,19,66,55,143,,,249,36,,,1,4,184,181,3,3,113,30,284,2,15,206,270,271,169,214,241,83,163,1,67,87,151,,32,,,1,291,293,297,126,290,289,167,235,282,32,155,197,166,248,166,34,295,295,108,99,79,50,109,57,201,22,204,111,216,7,214,22,16,98,54,288,167,58,24,,,14,163,,,1,296,1,54,1,52,101,99,144,123,77,121,34,23,24,45,67,24,3,1,31,124,140,5,,204,,,b'\x11\xe8\xe1I\xd4\xec\xd5\x1c\x98|\x12\xdf\x17\xaeN\x1e'
11E8E149-D4EC-D51C-987C-12DF17AE4E1E,2024-ncaa-d2-conf-G-MAC,ncaa,1,1,1,1,2,1,1,2,1,2,5,1,1,1,2,1,2,2,4,3,3,2,2,1,1,1,3,2,14,2,1,1,1,1,1,1,1,1,1,1,3,3,2,2,,,10,7,,,1,2,8,11,1,1,3,2,9,1,1,6,5,7,3,4,3,2,1,1,1,6,2,,5,,,1,1,3,10,1,7,13,1,1,2,1,1,10,10,8,10,4,11,12,1,1,1,2,1,12,1,1,1,1,1,1,1,1,2,2,1,6,4,4,3,,,2,5,,,1,13,1,1,1,1,1,1,4,9,1,1,6,6,6,1,3,1,1,1,1,5,3,3,,3,,,b'\x11\xe8\xe1I\xd4\xec\xd5\x1c\x98|\x12\xdf\x17\xaeN\x1e'
11E8E149-D4EC-D51C-987C-12DF17AE4E1E,2024-ncaa-d2-natl,ncaa,4,4,8,3,10,4,2,13,1,9,108,1,2,4,7,12,74,91,103,92,112,15,19,1,1,1,76,20,292,60,42,9,2,16,2,1,3,137,28,2,41,74,52,68,,,203,81,,,1,17,163,227,3,2,59,12,262,3,8,174,196,207,83,160,133,42,67,1,33,108,92,,48,,,1,203,223,257,86,239,255,111,130,197,40,131,146,147,162,151,65,249,261,73,65,53,68,95,100,22,2,112,42,60,2,35,3,41,77,16,203,97,71,51,,,31,118,,,1,281,1,23,2,21,35,34,68,86,49,70,47,45,48,19,39,1,5,2,5,127,92,17,,135,,,b'\x11\xe8\xe1I\xd4\xec\xd5\x1c\x98|\x12\xdf\x17\xaeN\x1e'
11E8E149-D4EC-D51C-987C-12DF17AE4E1E,2025-ncaa-d2-conf-G-MAC,genius_ncaa,1,1,1,1,1,1,1,2,2,4,5,1,1,1,3,1,8,9,6,9,11,2,2,2,2,1,3,2,13,2,1,1,1,2,1,1,1,6,5,1,3,4,2,2,,,10,10,,7,1,3,12,4,2,1,6,5,11,1,1,12,13,13,6,11,4,2,2,1,4,7,2,,6,,5,1,1,1,7,1,1,12,1,1,1,2,1,8,9,11,9,4,5,9,1,1,1,1,1,12,1,1,3,1,1,1,1,1,2,2,1,7,5,3,5,,,5,8,,3,1,11,1,1,1,1,1,1,1,9,1,1,5,5,5,1,1,1,1,1,1,4,5,2,,9,,3,b'\x11\xe8\xe1I\xd4\xec\xd5\x1c\x98|\x12\xdf\x17\xaeN\x1e'
11E8E149-D4EC-D51C-987C-12DF17AE4E1E,2025-ncaa-d2-natl,genius_ncaa,4,7,6,6,8,21,12,27,5,29,112,2,6,8,19,24,165,152,193,157,183,31,29,4,9,13,87,35,289,90,112,6,1,18,7,8,23,236,129,23,53,88,30,54,,,222,122,,138,3,24,266,207,49,34,219,101,281,18,47,267,264,267,248,270,203,48,121,12,77,154,66,,41,,69,4,99,119,231,22,207,278,19,27,66,7,29,173,154,221,156,42,230,249,7,6,13,22,18,198,21,1,198,112,108,7,22,6,43,74,7,256,173,200,182,,,65,169,,22,3,275,14,4,3,2,4,8,34,105,2,11,45,38,38,3,10,1,9,1,3,162,131,91,,243,,49,b'\x11\xe8\xe1I\xd4\xec\xd5\x1c\x98|\x12\xdf\x17\xaeN\x1e'
11E8E149-D4EC-D51C-987C-12DF17AE4E1E,2026-ncaa-d2-conf-G-MAC,genius_ncaa,5,7,1,7,2,4,5,4,9,7,8,11,1,1,3,1,8,8,9,6,8,5,7,4,7,3,1,1,11,10,13,3,1,8,11,2,3,5,1,1,13,13,11,11,,,11,11,,1,10,3,2,3,4,7,4,12,12,1,1,10,10,8,5,8,13,5,12,3,1,13,11,,9,,1,10,12,13,9,13,13,12,12,8,5,12,1,12,13,8,13,9,10,8,12,12,13,2,3,10,1,1,13,13,12,11,7,2,7,8,5,13,11,2,2,,,5,3,,1,10,11,7,10,10,11,12,5,12,10,4,1,11,11,11,5,4,1,13,11,5,8,11,2,,6,,1,b'\x11\xe8\xe1I\xd4\xec\xd5\x1c\x98|\x12\xdf\x17\xaeN\x1e'
11E8E149-D4EC-D51C-987C-12DF17AE4E1E,2026-ncaa-d2-natl,genius_ncaa,65,144,13,127,17,20,14,22,53,29,41,81,14,27,35,93,133,157,95,154,261,34,40,37,49,40,138,68,271,180,279,12,27,53,195,47,201,160,43,64,227,283,203,266,,,245,140,,5,164,28,110,68,56,35,58,80,123,30,80,233,256,254,99,172,270,54,171,113,47,282,253,,134,,3,162,280,275,277,259,281,283,229,201,163,232,41,280,275,215,275,151,278,260,240,258,275,77,70,189,134,27,292,279,269,195,177,17,158,263,188,267,217,229,176,,,59,174,,57,164,273,71,260,171,257,254,189,266,252,121,55,239,229,222,202,129,48,275,184,90,260,203,187,,184,,109,b'\x11\xe8\xe1I\xd4\xec\xd5\x1c\x98|\x12\xdf\x17\xaeN\x1e'
11E8E149-D4F1-108C-987C-12DF17AE4E1E,2018-ncaa-d2-conf-NE10,ncaa,11,12,6,12,9,11,13,13,7,12,13,8,8,9,7,8,7,5,13,5,1,12,12,5,5,9,4,9,4,7,6,14,4,12,5,6,4,13,14,11,11,10,13,12,,,5,10,,,10,13,14,11,10,13,15,13,13,8,9,7,5,5,13,12,8,14,12,6,14,11,13,,6,,,10,6,7,3,14,7,3,14,4,4,12,6,7,8,13,8,10,2,3,14,14,13,7,5,10,1,4,2,6,1,5,12,13,7,4,10,13,14,9,13,,,5,3,,,10,3,10,12,10,9,7,2,8,3,7,3,9,9,9,1,2,1,2,1,13,6,14,8,,4,,,b'\x11\xe8\xe1I\xd4\xf1\x10\x8c\x98|\x12\xdf\x17\xaeN\x1e'
11E8E149-D4F1-108C-987C-12DF17AE4E1E,2018-ncaa-d2-natl,ncaa,196,179,206,197,238,252,258,274,186,262,250,214,181,224,87,155,237,223,218,224,125,273,255,179,181,217,106,111,147,169,86,266,65,240,78,157,27,173,271,181,245,186,184,140,,,32,134,,,167,266,283,226,263,273,289,270,251,166,218,228,199,197,286,261,141,263,232,131,229,239,168,,54,,,167,28,43,20,215,61,47,190,64,39,231,115,26,20,237,20,68,17,23,209,202,144,99,144,87,13,65,26,86,15,78,173,283,179,63,174,202,275,213,272,,,206,79,,,167,38,211,118,171,43,76,19,88,55,97,41,36,25,27,10,10,21,41,26,206,133,240,244,,164,,,b'\x11\xe8\xe1I\xd4\xf1\x10\x8c\x98|\x12\xdf\x17\xaeN\x1e'
11E8E149-D4F1-108C-987C-12DF17AE4E1E,2019-ncaa-d2-conf-NE10,ncaa,10,9,7,10,8,8,9,11,4,10,12,5,6,7,4,9,4,3,14,3,1,8,7,3,5,8,6,8,5,7,8,9,4,9,7,5,3,12,13,10,14,14,9,9,,,12,13,,,10,7,10,2,7,8,11,9,12,6,8,5,2,2,10,8,8,8,9,4,14,14,9,,14,,,10,12,7,5,12,7,6,9,12,7,14,9,14,13,15,13,13,6,7,12,12,13,13,12,14,2,4,6,8,3,7,8,8,9,9,10,12,14,4,6,,,3,1,,,10,9,9,10,10,11,7,6,6,3,12,9,14,13,14,6,5,2,4,5,8,10,13,4,,1,,,b'\x11\xe8\xe1I\xd4\xf1\x10\x8c\x98|\x12\xdf\x17\xaeN\x1e'
11E8E149-D4F1-108C-987C-12DF17AE4E1E,2019-ncaa-d2-natl,ncaa,132,145,118,140,132,164,168,189,128,162,195,110,141,149,151,141,171,146,219,150,121,188,175,124,133,162,154,146,167,158,125,142,37,151,73,67,11,217,224,110,254,258,107,98,,,160,207,,,146,177,222,59,181,180,232,164,223,147,163,184,150,152,222,199,155,157,156,47,207,272,109,,149,,,146,131,118,101,166,116,132,132,157,104,256,127,185,155,245,162,175,100,103,176,195,199,182,175,197,33,37,104,125,55,73,169,217,182,162,190,223,222,186,202,,,130,108,,,146,131,161,156,150,111,108,77,109,108,159,95,170,142,151,74,55,31,84,54,160,200,210,185,,137,,,b'\x11\xe8\xe1I\xd4\xf1\x10\x8c\x98|\x12\xdf\x17\xaeN\x1e'
11E8E149-D4F1-108C-987C-12DF17AE4E1E,2020-ncaa-d2-conf-NE10,ncaa,9,9,4,9,5,8,9,5,11,10,4,12,7,9,9,10,7,4,13,4,6,5,5,11,11,11,8,8,5,3,6,6,1,4,7,8,9,13,10,11,5,5,10,12,,,14,13,,,9,5,7,4,9,11,7,12,4,9,9,9,6,5,5,3,2,8,5,9,11,5,11,,13,,,9,8,6,7,8,7,6,9,4,7,6,9,11,9,13,9,10,7,9,8,8,8,7,6,12,1,1,9,6,8,7,7,7,3,2,3,7,6,14,14,,,4,3,,,9,10,10,6,9,6,5,3,5,5,4,5,10,9,9,4,4,1,9,8,6,4,6,14,,1,,,b'\x11\xe8\xe1I\xd4\xf1\x10\x8c\x98|\x12\xdf\x17\xaeN\x1e'
11E8E149-D4F1-108C-987C-12DF17AE4E1E,2020-ncaa-d2-natl,ncaa,144,170,54,157,66,197,191,98,262,188,89,282,170,174,173,206,180,140,235,135,196,99,84,261,265,258,151,162,137,45,75,96,48,56,82,126,50,258,204,190,143,142,172,171,,,217,229,,,145,115,227,87,253,254,178,239,125,193,204,213,175,171,176,147,55,142,74,160,218,170,195,,174,,,146,81,83,124,62,100,129,77,95,143,64,157,166,123,298,123,143,122,158,64,78,58,178,132,221,75,48,236,75,180,82,119,192,71,59,72,117,85,308,306,,,46,63,,,145,186,234,46,144,41,37,37,57,69,72,93,137,82,79,31,58,42,183,118,82,90,78,308,,71,,,b'\x11\xe8\xe1I\xd4\xf1\x10\x8c\x98|\x12\xdf\x17\xaeN\x1e'
11E8E149-D4F1-108C-987C-12DF17AE4E1E,2022-ncaa-d2-conf-NE10,ncaa,9,9,4,9,6,9,8,10,6,7,8,5,11,11,10,10,8,9,12,9,9,11,6,7,8,9,12,11,10,9,9,6,9,7,8,9,11,13,13,11,9,9,6,6,,,12,11,,,8,6,3,3,10,8,10,6,9,11,11,10,9,9,12,7,9,5,6,11,13,9,6,,11,,,8,3,4,6,2,8,7,4,1,4,1,4,11,11,10,11,10,10,10,1,2,1,4,1,13,10,9,6,9,9,8,2,6,6,7,3,12,12,12,13,,,7,5,,,8,9,10,3,8,4,3,8,11,9,1,5,12,12,12,10,11,10,7,9,3,7,12,12,,6,,,b'\x11\xe8\xe1I\xd4\xf1\x10\x8c\x98|\x12\xdf\x17\xaeN\x1e'
11E8E149-D4F1-108C-987C-12DF17AE4E1E,2022-ncaa-d2-natl,ncaa,150,139,196,152,206,213,198,214,166,172,179,163,226,223,210,190,224,227,163,221,226,223,205,185,186,205,227,201,195,202,190,155,160,180,160,204,184,183,234,223,224,222,86,76,,,108,150,,,134,203,159,126,230,199,196,154,146,222,211,223,217,216,216,176,193,100,150,208,229,215,55,,150,,,135,37,52,106,39,126,170,73,19,44,5,46,102,82,265,86,68,95,99,21,25,38,22,18,199,151,160,100,190,120,160,69,136,156,132,94,167,205,289,290,,,147,76,,,134,94,226,44,136,47,72,157,162,231,11,46,129,102,114,140,149,184,152,169,97,134,204,292,,95,,,b'\x11\xe8\xe1I\xd4\xf1\x10\x8c\x98|\x12\xdf\x17\xaeN\x1e'
11E8E149-D4F1-108C-987C-12DF17AE4E1E,2023-ncaa-d2-conf-NE10,ncaa,3,1,3,1,4,4,4,9,2,3,11,2,6,6,9,6,3,2,10,2,1,6,4,3,3,6,6,7,3,7,6,3,3,3,3,5,7,11,10,9,10,11,4,3,,,2,2,,,2,3,5,7,6,9,11,8,12,7,9,4,2,2,10,5,9,2,3,7,10,11,4,,2,,,3,1,2,9,1,5,8,1,3,7,2,8,5,4,7,4,4,9,11,1,1,1,6,5,9,7,3,4,6,4,3,1,2,2,3,1,10,10,10,11,,,3,1,,,2,11,6,1,2,2,1,8,2,7,3,7,3,3,3,7,9,7,2,4,2,4,10,9,,2,,,b'\x11\xe8\xe1I\xd4\xf1\x10\x8c\x98|\x12\xdf\x17\xaeN\x1e'
11E8E149-D4F1-108C-987C-12DF17AE4E1E,2023-ncaa-d2-natl,ncaa,11,23,8,20,9,60,50,68,44,52,62,58,88,115,50,177,98,49,257,50,109,61,33,49,72,128,190,152,188,85,143,7,99,18,52,34,45,292,246,149,117,209,21,55,,,106,10,,,20,29,246,48,182,162,269,155,217,154,217,198,155,157,269,234,202,20,63,67,212,220,53,,10,,,22,86,127,277,1,175,286,1,67,150,6,64,68,93,36,92,15,273,275,1,1,2,34,69,96,272,99,225,143,258,52,86,89,34,88,35,266,197,265,237,,,28,76,,,20,271,135,2,19,1,5,124,27,211,15,52,10,19,20,63,91,177,38,84,13,107,170,201,,134,,,b'\x11\xe8\xe1I\xd4\xf1\x10\x8c\x98|\x12\xdf\x17\xaeN\x1e'
11E8E149-D4F1-108C-987C-12DF17AE4E1E,2024-ncaa-d2-conf-NE10,ncaa,2,2,3,2,4,1,1,8,1,1,10,1,2,4,2,4,5,5,3,5,2,8,5,1,1,1,4,4,10,11,9,4,8,6,6,1,1,12,12,2,8,8,6,6,,,2,1,,,2,3,5,11,1,1,12,1,11,2,6,5,6,6,12,8,11,5,7,1,12,8,6,,2,,,2,5,8,10,4,8,11,4,4,6,3,2,5,5,2,6,3,9,10,4,3,2,2,3,5,11,8,2,9,4,6,5,3,3,5,2,12,12,1,1,,,2,1,,,2,10,2,3,2,4,4,11,5,11,2,3,3,4,4,10,10,10,1,4,4,4,12,1,,2,,,b'\x11\xe8\xe1I\xd4\xf1\x10\x8c\x98|\x12\xdf\x17\xaeN\x1e'
11E8E149-D4F1-108C-987C-12DF17AE4E1E,2024-ncaa-d2-natl,ncaa,21,20,26,21,49,69,59,144,6,51,139,9,98,138,27,154,107,134,65,131,133,142,134,9,10,23,187,158,206,259,252,41,139,117,134,13,9,182,173,24,217,258,75,126,,,61,13,,,16,88,273,286,117,99,290,104,248,139,217,175,216,214,290,293,288,99,234,16,99,267,107,,11,,,14,68,106,241,12,191,280,17,26,58,13,25,81,97,42,99,28,219,224,6,4,14,14,23,101,245,139,106,252,173,134,51,49,114,151,54,196,186,81,77,,,54,30,,,16,209,56,14,15,4,16,94,73,229,5,16,28,42,43,56,53,174,13,47,18,187,124,36,,130,,,b'\x11\xe8\xe1I\xd4\xf1\x10\x8c\x98|\x12\xdf\x17\xaeN\x1e'
11E8E149-D4F1-108C-987C-12DF17AE4E1E,2025-ncaa-d2-conf-NE10,genius_ncaa,3,5,2,5,2,5,5,6,7,4,3,5,10,8,11,10,4,1,8,1,3,5,3,7,7,9,9,11,2,4,6,2,3,3,3,4,1,11,9,6,8,10,1,1,,,9,4,,11,6,4,8,6,10,9,9,7,5,11,11,5,4,4,8,6,4,5,7,4,9,10,1,,4,,11,6,8,9,9,5,9,11,2,4,3,8,2,6,6,7,6,2,9,7,4,3,4,4,4,6,5,3,9,6,7,3,3,2,5,6,4,9,7,5,4,,,1,1,,1,6,8,10,3,5,4,5,6,5,9,4,2,4,3,3,5,4,3,4,3,2,4,7,4,,3,,1,b'\x11\xe8\xe1I\xd4\xf1\x10\x8c\x98|\x12\xdf\x17\xaeN\x1e'
11E8E149-D4F1-108C-987C-12DF17AE4E1E,2025-ncaa-d2-natl,genius_ncaa,67,141,9,114,9,112,107,84,158,63,63,117,218,155,280,220,85,68,178,63,119,78,47,196,188,208,252,257,89,141,205,31,37,54,105,19,2,281,237,82,149,199,7,16,,,196,86,,292,125,41,279,31,269,259,292,176,220,277,259,187,171,163,287,278,229,152,214,44,178,229,18,,42,,272,128,175,202,237,91,238,275,52,104,97,162,45,112,118,127,124,31,234,253,68,60,49,45,87,93,108,37,268,205,229,105,179,136,42,77,74,237,172,177,118,,,16,22,,13,125,264,219,28,125,15,34,26,68,137,36,18,29,29,31,17,22,27,98,51,63,134,126,87,,77,,21,b'\x11\xe8\xe1I\xd4\xf1\x10\x8c\x98|\x12\xdf\x17\xaeN\x1e'
11E8E149-D4F1-108C-987C-12DF17AE4E1E,2026-ncaa-d2-conf-NE10,genius_ncaa,4,4,6,5,6,8,8,8,8,8,8,8,7,7,7,3,6,6,7,6,3,8,8,8,8,8,6,5,4,6,3,8,2,8,2,6,2,5,9,9,8,9,7,5,,,5,9,,10,7,8,9,1,8,9,9,9,9,6,5,5,5,4,8,7,3,5,6,5,9,9,7,,6,,10,7,4,4,3,4,4,4,6,3,4,3,3,6,7,3,7,10,3,4,5,4,3,5,4,10,4,2,4,3,4,2,2,1,7,3,1,4,4,4,4,,,6,4,,5,7,3,8,2,7,2,2,1,4,4,2,3,7,7,8,1,2,2,5,2,1,5,4,3,,4,,4,b'\x11\xe8\xe1I\xd4\xf1\x10\x8c\x98|\x12\xdf\x17\xaeN\x1e'
11E8E149-D4F1-108C-987C-12DF17AE4E1E,2026-ncaa-d2-natl,genius_ncaa,30,13,141,24,145,209,209,220,149,189,196,144,205,207,192,178,121,139,102,139,81,214,217,159,138,148,162,196,58,189,183,96,79,134,87,88,6,96,156,59,246,246,71,57,,,124,204,,42,45,213,275,29,204,221,263,182,207,210,208,92,109,109,250,261,198,24,75,55,109,251,64,,141,,38,44,34,27,85,5,42,100,7,21,81,7,94,127,144,103,142,200,88,83,2,5,7,153,53,280,121,79,115,183,117,87,28,97,186,148,45,44,52,119,152,,,112,24,,68,45,84,147,10,38,6,4,56,22,115,11,66,145,176,177,64,55,140,116,129,12,179,38,138,,53,,57,b'\x11\xe8\xe1I\xd4\xf1\x10\x8c\x98|\x12\xdf\x17\xaeN\x1e'
11E8E149-D4F5-4D00-987C-12DF17AE4E1E,2018-ncaa-d2-conf-Peach Belt,ncaa,12,12,9,12,10,10,10,11,7,10,10,10,2,4,2,3,10,12,6,12,6,11,11,5,5,6,2,2,9,10,11,11,9,12,11,7,5,7,12,8,11,11,10,9,,,8,9,,,12,9,9,3,9,10,9,10,10,2,3,9,10,9,10,8,9,10,12,6,12,11,9,,9,,,12,12,10,4,12,10,4,12,7,5,10,6,9,9,10,9,10,4,3,12,12,12,6,5,8,4,9,5,11,5,11,12,10,11,11,12,7,9,1,5,,,12,12,,,12,4,8,12,12,12,11,6,11,7,9,6,12,11,11,7,5,7,9,8,12,11,10,2,,12,,,b'\x11\xe8\xe1I\xd4\xf5M\x00\x98|\x12\xdf\x17\xaeN\x1e'
11E8E149-D4F5-4D00-987C-12DF17AE4E1E,2018-ncaa-d2-natl,ncaa,279,286,206,284,208,211,207,204,214,254,208,266,104,156,40,123,236,233,197,226,199,208,192,183,194,213,60,53,199,186,191,234,273,217,255,171,97,210,246,199,209,216,218,250,,,154,166,,,275,195,123,27,195,196,172,252,177,82,132,225,214,203,178,131,167,221,203,144,249,195,216,,211,,,273,236,249,160,275,283,234,269,51,56,126,26,228,222,159,223,162,173,147,232,245,261,24,21,184,231,273,151,191,189,255,273,241,215,226,277,202,243,49,82,,,285,298,,,275,128,221,274,266,276,284,248,299,283,74,76,256,254,253,263,238,269,220,256,283,187,240,66,,289,,,b'\x11\xe8\xe1I\xd4\xf5M\x00\x98|\x12\xdf\x17\xaeN\x1e'
11E8E149-D4F5-4D00-987C-12DF17AE4E1E,2019-ncaa-d2-conf-Peach Belt,ncaa,10,10,9,10,11,9,10,10,7,11,12,7,7,6,7,3,9,11,2,10,10,10,12,7,7,5,2,3,5,11,11,12,11,12,12,11,10,1,7,8,7,6,12,12,,,8,10,,,10,10,8,6,9,9,8,10,10,4,5,8,10,10,8,11,11,12,12,10,5,6,12,,9,,,11,5,6,1,11,7,2,11,3,2,4,4,10,10,11,10,10,1,2,11,11,11,6,3,10,3,11,7,11,7,12,3,4,6,4,4,1,5,9,12,,,9,7,,,10,2,9,11,11,9,9,1,10,4,3,3,12,11,11,1,5,6,9,10,6,6,2,10,,8,,,b'\x11\xe8\xe1I\xd4\xf5M\x00\x98|\x12\xdf\x17\xaeN\x1e'
11E8E149-D4F5-4D00-987C-12DF17AE4E1E,2019-ncaa-d2-natl,ncaa,250,274,118,257,155,218,220,164,260,227,180,260,150,126,214,118,238,218,215,214,217,180,179,250,255,247,121,113,185,244,290,252,267,257,301,241,245,173,188,235,150,167,294,301,,,248,257,,,266,153,141,157,263,253,188,258,200,162,131,245,227,229,208,208,263,278,292,260,165,163,300,,247,,,259,208,199,111,273,262,185,270,43,44,120,33,263,266,97,264,245,142,172,246,245,208,54,22,243,205,267,291,290,279,301,173,139,73,56,97,60,72,244,270,,,167,168,,,266,157,268,211,262,203,202,82,257,176,40,29,260,263,265,123,181,201,288,274,168,59,59,248,,185,,,b'\x11\xe8\xe1I\xd4\xf5M\x00\x98|\x12\xdf\x17\xaeN\x1e'
11E8E149-D4F5-4D00-987C-12DF17AE4E1E,2020-ncaa-d2-conf-Peach Belt,ncaa,7,7,5,7,5,8,9,6,10,7,4,11,12,12,9,12,3,4,2,4,8,5,5,11,10,10,11,12,2,6,9,12,12,10,11,11,11,3,4,11,5,5,6,7,,,8,7,,,11,7,7,2,8,10,6,7,3,12,12,2,3,3,6,5,6,11,12,11,3,5,5,,6,,,11,8,8,4,11,9,6,11,4,3,8,3,5,9,4,9,10,5,8,10,11,7,4,3,6,11,12,7,9,9,11,9,8,4,5,6,3,4,6,4,,,6,6,,,11,6,10,8,11,8,7,5,9,7,3,3,7,9,10,8,7,11,8,10,9,5,4,6,,6,,,b'\x11\xe8\xe1I\xd4\xf5M\x00\x98|\x12\xdf\x17\xaeN\x1e'
11E8E149-D4F5-4D00-987C-12DF17AE4E1E,2020-ncaa-d2-natl,ncaa,168,203,54,184,40,211,206,110,273,125,30,276,288,280,290,293,102,97,162,95,221,103,101,288,280,266,278,296,36,120,195,165,262,151,260,282,304,225,182,284,89,117,96,135,,,236,185,,,243,92,242,1,271,268,194,168,41,301,299,123,128,127,182,169,151,242,211,299,175,113,108,,194,,,231,195,207,205,172,261,262,162,54,51,92,26,222,255,21,254,180,219,241,130,113,88,37,21,198,281,262,282,195,289,260,212,188,67,92,115,225,186,165,87,,,134,175,,,243,226,268,125,232,125,142,131,216,232,34,26,181,228,230,150,185,252,237,252,167,89,185,137,,194,,,b'\x11\xe8\xe1I\xd4\xf5M\x00\x98|\x12\xdf\x17\xaeN\x1e'
11E8E149-D4F5-4D00-987C-12DF17AE4E1E,2021-ncaa-d2-conf-Peach Belt,ncaa,6,7,7,6,8,7,6,8,5,5,6,5,10,10,7,11,6,6,10,5,5,8,8,6,7,5,11,11,5,8,10,8,9,8,9,8,9,4,5,7,6,8,3,5,,,7,8,,,4,8,10,6,8,8,10,5,5,12,12,8,7,5,9,11,10,9,9,10,1,8,5,,7,,,4,4,3,5,2,3,5,1,5,5,4,8,7,8,4,8,9,5,5,2,2,2,9,6,12,7,9,5,10,5,9,4,5,5,5,3,3,2,2,2,,,7,3,,,4,5,7,4,4,2,1,1,1,2,5,5,8,9,9,1,2,9,5,6,2,6,1,2,,8,,,b'\x11\xe8\xe1I\xd4\xf5M\x00\x98|\x12\xdf\x17\xaeN\x1e'
11E8E149-D4F5-4D00-987C-12DF17AE4E1E,2021-ncaa-d2-natl,ncaa,125,112,144,128,149,162,154,168,83,134,142,92,178,181,142,205,163,148,191,146,122,164,165,118,137,137,204,199,113,179,179,157,158,166,174,169,174,65,125,155,153,146,110,77,,,84,154,,,111,161,189,64,169,149,190,93,88,202,218,158,120,110,180,195,182,153,178,180,76,152,88,,118,,,110,54,54,61,48,52,68,52,60,60,70,79,99,108,49,105,191,63,68,40,53,52,159,83,200,88,158,67,179,72,174,53,122,137,77,59,41,50,11,4,,,162,81,,,111,67,148,62,112,36,25,32,43,78,55,61,163,179,179,58,79,146,104,122,49,91,31,4,,150,,,b'\x11\xe8\xe1I\xd4\xf5M\x00\x98|\x12\xdf\x17\xaeN\x1e'
11E8E149-D4F5-4D00-987C-12DF17AE4E1E,2022-ncaa-d2-conf-Peach Belt,ncaa,6,6,8,6,8,7,7,7,6,7,6,7,6,9,3,8,5,6,4,6,6,7,9,6,6,5,4,6,5,7,7,8,7,9,7,9,10,3,7,9,6,6,6,6,,,7,9,,,6,9,6,1,7,7,6,6,5,3,9,4,5,5,6,6,5,7,6,10,5,6,6,,8,,,6,4,4,3,5,6,4,9,2,4,3,3,10,9,6,9,9,5,4,5,6,6,5,2,10,7,7,4,7,7,7,5,5,8,6,6,7,6,8,7,,,5,3,,,6,3,7,6,6,8,6,7,8,6,5,5,10,10,10,8,7,7,5,7,5,5,8,7,,4,,,b'\x11\xe8\xe1I\xd4\xf5M\x00\x98|\x12\xdf\x17\xaeN\x1e'
11E8E149-D4F5-4D00-987C-12DF17AE4E1E,2022-ncaa-d2-natl,ncaa,129,139,146,134,147,152,148,144,161,138,88,230,173,232,36,253,134,116,239,113,171,138,141,172,179,169,170,183,140,132,162,149,218,144,212,234,284,143,132,234,53,49,84,73,,,209,189,,,118,145,115,35,149,144,120,122,63,178,244,137,104,98,109,119,122,145,132,257,139,40,61,,217,,,119,116,110,127,110,169,177,133,35,65,20,52,210,253,23,254,239,147,182,72,76,48,59,28,245,234,218,190,162,210,212,105,126,66,59,45,201,192,202,173,,,124,123,,,118,172,164,69,112,117,103,123,182,196,27,61,220,253,255,175,228,228,218,231,106,50,209,221,,106,,,b'\x11\xe8\xe1I\xd4\xf5M\x00\x98|\x12\xdf\x17\xaeN\x1e'
11E8E149-D4F5-4D00-987C-12DF17AE4E1E,2023-ncaa-d2-conf-Peach Belt,ncaa,4,4,3,4,6,7,7,8,5,5,3,8,10,10,7,10,5,5,1,6,8,8,7,6,6,5,10,10,1,8,6,7,4,9,6,10,9,4,4,8,4,4,3,2,,,7,7,,,2,7,9,9,7,7,8,4,2,10,10,4,6,7,8,9,7,9,9,10,4,4,2,,6,,,2,2,1,1,4,2,1,5,2,3,2,3,7,7,6,7,9,1,5,4,5,3,5,3,8,3,4,3,6,2,6,1,3,2,2,2,3,4,8,6,,,5,1,,,2,4,7,1,2,1,1,1,2,1,2,3,7,7,7,1,3,2,3,3,2,3,3,7,,4,,,b'\x11\xe8\xe1I\xd4\xf5M\x00\x98|\x12\xdf\x17\xaeN\x1e'
11E8E149-D4F5-4D00-987C-12DF17AE4E1E,2023-ncaa-d2-natl,ncaa,72,101,47,93,64,109,88,103,92,34,22,145,273,285,151,292,101,108,137,114,250,96,90,160,146,151,287,291,122,138,194,70,60,88,122,195,280,180,142,211,85,94,114,127,,,171,129,,,79,81,203,208,192,140,211,38,32,288,294,153,160,164,203,215,204,109,157,253,116,122,142,,94,,,82,115,108,151,84,165,186,112,59,97,19,78,197,228,57,223,187,163,204,58,73,49,79,51,227,124,60,219,194,180,122,46,40,55,62,26,134,94,185,76,,,88,96,,,79,217,158,35,77,27,32,27,88,96,26,55,143,170,160,32,69,66,130,93,18,84,75,148,,153,,,b'\x11\xe8\xe1I\xd4\xf5M\x00\x98|\x12\xdf\x17\xaeN\x1e'
11E8E149-D4F5-4D00-987C-12DF17AE4E1E,2024-ncaa-d2-conf-Peach Belt,ncaa,2,2,2,2,3,3,2,3,2,1,1,3,8,9,2,9,5,4,9,4,10,3,3,3,2,3,10,9,9,5,6,6,4,5,4,9,10,6,5,8,4,4,2,3,,,9,9,,,2,2,7,3,2,2,5,1,2,9,9,7,5,5,5,7,7,6,8,10,5,4,4,,7,,,2,4,3,5,4,3,4,3,4,6,4,7,6,8,4,8,8,6,8,4,4,4,8,6,9,7,4,6,6,5,4,1,1,4,4,1,4,3,1,1,,,6,7,,,2,8,2,3,2,2,2,2,2,2,3,3,6,7,7,3,4,3,2,2,1,4,2,1,,7,,,b'\x11\xe8\xe1I\xd4\xf5M\x00\x98|\x12\xdf\x17\xaeN\x1e'
11E8E149-D4F5-4D00-987C-12DF17AE4E1E,2024-ncaa-d2-natl,ncaa,40,59,26,56,36,46,24,42,20,10,12,61,192,240,50,283,104,77,234,73,236,41,47,51,75,72,283,271,231,87,115,59,111,59,99,194,298,192,99,208,58,94,67,83,,,255,194,,,45,41,156,102,70,32,115,9,27,238,282,171,141,136,112,139,140,151,149,259,111,101,93,,167,,,47,210,182,204,109,196,229,90,123,127,134,76,245,258,96,257,197,229,254,96,105,70,140,88,230,198,111,203,115,212,99,59,22,30,51,24,157,87,87,13,,,87,184,,,45,256,71,66,48,70,61,52,85,123,65,48,174,178,177,68,131,107,72,78,22,67,91,42,,181,,,b'\x11\xe8\xe1I\xd4\xf5M\x00\x98|\x12\xdf\x17\xaeN\x1e'
11E8E149-D4F5-4D00-987C-12DF17AE4E1E,2025-ncaa-d2-conf-Peach Belt,genius_ncaa,3,3,7,3,8,7,8,8,3,5,5,4,9,9,8,9,7,9,5,9,9,8,9,5,4,5,10,10,5,7,5,10,3,9,6,10,10,2,5,9,3,2,7,5,,,3,9,,4,3,9,8,6,6,6,6,2,2,9,9,8,8,8,6,7,6,9,10,10,6,2,5,,5,,9,3,1,1,1,2,1,1,7,1,1,1,3,5,3,5,4,8,1,2,1,2,1,1,1,10,1,3,1,5,1,6,1,1,5,2,1,4,6,3,3,,,8,6,,4,3,2,5,1,2,1,1,1,2,2,1,1,6,5,7,1,1,1,3,2,1,3,6,3,,7,,3,b'\x11\xe8\xe1I\xd4\xf5M\x00\x98|\x12\xdf\x17\xaeN\x1e'
11E8E149-D4F5-4D00-987C-12DF17AE4E1E,2025-ncaa-d2-natl,genius_ncaa,79,62,162,67,177,178,161,161,160,100,71,189,269,272,238,276,135,128,179,134,208,152,158,209,199,193,281,276,95,75,54,223,131,164,97,242,283,133,156,230,59,36,124,91,,,129,191,,109,69,193,209,110,187,154,135,59,42,280,278,122,104,112,127,133,61,236,155,261,162,53,117,,145,,119,66,20,19,31,67,73,86,113,12,23,6,43,180,185,110,187,220,37,91,40,51,20,43,11,270,71,131,82,54,71,97,10,12,49,18,2,162,183,72,36,,,152,130,,107,69,104,165,16,66,16,20,11,73,79,4,19,184,191,193,21,81,74,97,81,6,38,181,72,,127,,99,b'\x11\xe8\xe1I\xd4\xf5M\x00\x98|\x12\xdf\x17\xaeN\x1e'
11E8E149-D4F5-4D00-987C-12DF17AE4E1E,2026-ncaa-d2-conf-Peach Belt,genius_ncaa,1,2,1,2,2,6,7,6,5,5,5,5,10,10,9,10,2,1,7,1,4,5,8,6,5,3,7,10,4,9,10,10,8,10,10,9,11,2,2,5,4,2,10,9,,,8,8,,7,3,8,10,3,7,8,8,6,6,10,10,2,1,1,7,11,10,11,11,10,1,4,10,,6,,5,3,4,6,4,9,6,1,11,7,9,2,10,5,6,8,6,9,4,4,10,10,6,8,6,6,3,8,7,10,5,10,8,7,6,3,6,3,5,1,2,,,2,1,,2,3,4,3,8,3,1,3,1,3,1,6,9,4,3,3,1,1,2,4,2,5,7,3,1,,3,,3,b'\x11\xe8\xe1I\xd4\xf5M\x00\x98|\x12\xdf\x17\xaeN\x1e'
11E8E149-D4F5-4D00-987C-12DF17AE4E1E,2026-ncaa-d2-natl,genius_ncaa,65,53,141,74,145,129,161,220,42,111,143,80,245,268,126,284,27,30,127,29,15,179,195,85,43,54,212,273,14,161,72,212,111,200,66,193,218,78,99,151,137,106,221,167,,,124,195,,158,107,202,238,29,89,135,263,61,103,259,284,9,7,6,163,207,158,230,212,189,85,131,227,,141,,183,105,124,104,71,213,84,42,263,176,170,146,253,192,188,175,185,283,81,90,234,248,213,250,195,229,77,111,48,72,57,66,91,93,143,84,81,76,116,51,40,,,88,20,,68,107,96,47,189,99,138,97,25,73,13,191,203,229,225,223,45,64,76,15,18,94,110,99,49,,32,,57,b'\x11\xe8\xe1I\xd4\xf5M\x00\x98|\x12\xdf\x17\xaeN\x1e'
11E8E149-D4F9-B44E-987C-12DF17AE4E1E,2018-ncaa-d2-conf-NSIC,ncaa,1,1,1,1,1,1,1,1,3,2,2,1,1,1,8,2,2,3,4,3,10,1,1,3,3,2,12,8,11,3,7,3,11,3,8,1,2,8,2,2,1,1,1,1,,,16,9,,,1,1,1,3,1,1,1,2,4,1,1,5,6,6,1,2,7,5,5,2,4,1,1,,15,,,1,12,6,16,1,4,11,1,12,14,6,13,16,16,5,16,15,16,16,1,2,1,15,12,16,16,11,16,7,16,8,11,12,1,1,1,8,3,8,5,,,4,13,,,1,16,2,1,1,2,1,6,2,5,10,12,14,15,15,9,16,12,9,12,4,1,8,5,,8,,,b'\x11\xe8\xe1I\xd4\xf9\xb4N\x98|\x12\xdf\x17\xaeN\x1e'
11E8E149-D4F9-B44E-987C-12DF17AE4E1E,2018-ncaa-d2-natl,ncaa,10,8,12,11,12,10,8,8,42,17,37,32,12,11,96,67,67,95,22,95,223,10,17,43,37,14,132,87,256,101,207,31,137,40,182,7,20,62,7,3,10,13,8,2,,,273,147,,,7,11,114,22,15,15,23,39,125,32,26,125,200,196,35,116,195,91,130,8,15,14,14,,174,,,9,236,184,272,19,92,213,27,284,303,105,288,243,236,196,239,206,273,295,40,45,22,295,290,214,268,137,298,207,292,182,267,284,13,34,56,109,31,191,92,,,78,236,,,7,298,16,24,12,63,28,127,13,41,220,262,147,132,133,130,196,177,199,191,164,36,46,101,,218,,,b'\x11\xe8\xe1I\xd4\xf9\xb4N\x98|\x12\xdf\x17\xaeN\x1e'
11E8E149-D4F9-B44E-987C-12DF17AE4E1E,2019-ncaa-d2-conf-NSIC,ncaa,7,7,5,7,8,4,4,3,11,5,7,5,1,1,14,3,13,13,12,13,11,3,4,8,11,8,5,3,14,4,9,5,12,6,12,5,8,6,5,5,2,3,8,6,,,15,11,,,6,2,1,16,2,3,1,7,6,2,1,13,11,10,2,2,5,4,4,4,6,2,8,,14,,,6,9,7,12,3,5,5,7,13,16,4,14,15,16,1,16,16,14,15,5,6,3,14,13,15,14,12,15,9,16,12,12,15,2,2,3,7,5,3,3,,,11,15,,,6,15,8,3,6,9,8,10,4,5,13,15,14,14,14,12,15,13,16,16,11,1,6,3,,11,,,b'\x11\xe8\xe1I\xd4\xf9\xb4N\x98|\x12\xdf\x17\xaeN\x1e'
11E8E149-D4F9-B44E-987C-12DF17AE4E1E,2019-ncaa-d2-natl,ncaa,85,95,76,93,116,62,54,39,140,102,134,78,35,14,160,30,233,235,120,233,258,51,66,100,126,85,95,46,291,123,213,43,128,64,174,82,159,96,36,58,42,56,134,119,,,263,202,,,66,58,37,306,52,44,20,128,170,28,13,259,262,264,40,78,145,32,58,78,70,46,139,,239,,,65,186,135,228,44,90,127,92,260,299,48,279,241,255,43,254,264,238,262,66,70,53,286,263,226,236,128,291,213,285,174,220,251,54,87,98,116,60,113,90,,,199,284,,,66,257,94,64,67,128,85,182,54,69,236,286,213,231,231,216,252,208,275,264,176,58,86,85,,254,,,b'\x11\xe8\xe1I\xd4\xf9\xb4N\x98|\x12\xdf\x17\xaeN\x1e'
11E8E149-D4F9-B44E-987C-12DF17AE4E1E,2020-ncaa-d2-conf-NSIC,ncaa,6,6,5,6,6,8,6,4,11,6,6,8,9,2,15,5,11,8,12,8,11,4,5,12,12,11,12,11,12,7,10,7,11,7,14,13,16,2,3,8,2,2,8,8,,,15,14,,,6,5,3,6,8,8,2,6,7,9,3,10,9,9,2,3,8,6,7,13,3,2,8,,15,,,6,2,2,4,4,3,4,6,10,11,6,14,12,10,7,10,10,4,12,6,6,2,13,14,11,12,11,15,10,15,14,4,6,2,2,1,4,2,4,3,,,8,9,,,6,12,11,3,7,4,5,5,2,3,9,13,11,9,9,5,13,10,16,16,4,2,3,5,,10,,,b'\x11\xe8\xe1I\xd4\xf9\xb4N\x98|\x12\xdf\x17\xaeN\x1e'
11E8E149-D4F9-B44E-987C-12DF17AE4E1E,2020-ncaa-d2-natl,ncaa,144,100,257,128,262,179,171,175,139,168,202,91,155,105,231,88,209,229,127,225,199,187,255,156,160,80,175,146,212,256,276,216,85,251,237,249,293,6,3,69,63,26,216,167,,,161,247,,,94,242,134,71,95,72,39,84,120,118,52,153,174,172,56,161,230,120,172,229,3,30,196,,239,,,91,51,40,35,134,42,31,153,156,147,160,258,93,78,242,79,183,32,46,162,159,119,252,245,172,43,85,204,276,138,237,56,96,135,68,67,8,7,28,34,,,247,167,,,94,58,104,109,92,123,110,107,89,59,216,225,159,139,137,97,149,85,290,236,91,78,10,44,,174,,,b'\x11\xe8\xe1I\xd4\xf9\xb4N\x98|\x12\xdf\x17\xaeN\x1e'
11E8E149-D4F9-B44E-987C-12DF17AE4E1E,2021-ncaa-d2-conf-NSIC,ncaa,2,2,1,2,1,1,1,2,4,2,2,3,1,1,7,5,1,3,6,3,11,2,2,4,4,2,6,5,14,4,12,2,11,3,12,2,10,4,1,2,2,2,7,9,,,15,12,,,3,2,5,2,2,2,2,3,3,2,3,6,7,7,2,4,6,4,6,4,2,2,10,,14,,,4,14,13,16,4,11,14,4,14,15,5,11,15,15,7,15,14,16,14,6,6,6,15,11,14,14,11,15,12,15,12,10,6,3,6,3,4,2,8,4,,,4,13,,,3,15,2,6,4,10,6,12,5,8,11,11,13,14,14,14,13,12,14,14,7,5,2,4,,10,,,b'\x11\xe8\xe1I\xd4\xf9\xb4N\x98|\x12\xdf\x17\xaeN\x1e'
11E8E149-D4F9-B44E-987C-12DF17AE4E1E,2021-ncaa-d2-natl,ncaa,44,49,99,42,99,63,65,80,66,77,78,75,48,64,55,93,61,87,24,87,126,80,99,62,49,24,88,82,118,120,187,79,71,102,143,67,134,48,8,8,64,63,90,107,,,149,155,,,41,95,59,12,18,25,18,51,49,36,54,39,81,85,22,71,145,45,87,60,10,54,104,,179,,,43,132,117,129,65,109,127,61,140,136,132,122,189,172,182,171,179,134,129,70,98,106,188,133,194,117,71,161,187,143,143,115,72,102,126,90,54,13,113,68,,,100,150,,,41,132,27,96,44,149,96,155,82,128,153,150,202,186,191,174,163,96,197,178,78,104,16,87,,113,,,b'\x11\xe8\xe1I\xd4\xf9\xb4N\x98|\x12\xdf\x17\xaeN\x1e'
11E8E149-D4F9-B44E-987C-12DF17AE4E1E,2022-ncaa-d2-conf-NSIC,ncaa,9,6,11,8,11,11,9,9,11,6,7,6,13,9,16,11,8,9,1,9,8,10,10,12,12,11,12,15,7,8,7,8,5,7,4,10,11,8,9,11,8,7,6,6,,,11,12,,,6,11,2,8,3,3,2,3,4,14,8,5,6,7,2,2,7,1,1,7,11,6,6,,13,,,6,6,6,7,6,4,7,6,10,11,6,11,10,13,1,14,12,8,7,6,5,5,14,12,12,5,5,7,7,6,4,6,7,6,6,6,6,6,3,3,,,11,11,,,6,8,10,4,5,12,9,12,7,10,13,14,12,14,15,13,15,8,14,10,8,4,8,4,,4,,,b'\x11\xe8\xe1I\xd4\xf9\xb4N\x98|\x12\xdf\x17\xaeN\x1e'
11E8E149-D4F9-B44E-987C-12DF17AE4E1E,2022-ncaa-d2-natl,ncaa,200,107,287,168,287,260,243,266,134,225,262,75,249,229,245,122,258,277,42,277,242,275,286,154,148,120,226,199,198,274,222,233,24,254,93,240,204,10,72,107,255,169,154,63,,,36,199,,,148,286,39,119,70,55,35,51,83,159,90,140,189,193,51,84,194,12,61,132,99,154,67,,219,,,147,18,18,22,135,15,15,169,90,89,159,234,40,60,52,60,202,20,16,162,147,189,231,231,131,8,24,33,222,14,93,26,123,280,226,193,19,103,24,58,,,284,194,,,148,18,145,147,135,216,207,240,156,147,256,267,175,201,212,250,215,59,235,163,159,192,125,85,,148,,,b'\x11\xe8\xe1I\xd4\xf9\xb4N\x98|\x12\xdf\x17\xaeN\x1e'
11E8E149-D4F9-B44E-987C-12DF17AE4E1E,2023-ncaa-d2-conf-NSIC,ncaa,3,2,4,3,5,4,3,3,2,3,3,3,2,5,3,8,6,7,1,7,8,3,3,3,3,3,7,7,10,7,7,2,3,2,1,4,4,8,5,5,3,4,6,6,,,10,5,,,3,4,4,11,2,3,3,3,4,2,4,4,9,8,3,4,8,1,1,4,9,4,7,,7,,,3,8,7,11,3,7,9,4,8,13,2,11,8,8,5,8,12,10,13,4,2,3,10,9,8,5,3,6,7,6,1,4,4,5,5,4,10,6,6,6,,,6,7,,,3,13,3,3,3,5,4,12,5,8,7,12,8,9,9,12,11,5,3,4,3,3,7,5,,6,,,b'\x11\xe8\xe1I\xd4\xf9\xb4N\x98|\x12\xdf\x17\xaeN\x1e'
11E8E149-D4F9-B44E-987C-12DF17AE4E1E,2023-ncaa-d2-natl,ncaa,42,23,110,26,135,57,43,85,21,53,94,27,67,98,34,121,133,201,7,196,241,101,126,22,22,20,181,116,235,198,199,55,8,91,34,53,131,57,48,32,98,95,78,74,,,73,47,,,26,109,84,208,17,15,55,28,96,58,92,150,216,214,86,143,218,19,75,32,56,104,79,,54,,,23,133,146,199,70,133,167,94,167,209,80,203,104,83,226,77,71,175,158,82,82,113,155,195,109,34,8,133,199,80,34,73,61,182,204,125,113,93,133,93,,,173,207,,,26,194,25,75,24,111,125,213,117,156,164,206,84,70,67,175,135,26,105,58,80,208,99,124,,200,,,b'\x11\xe8\xe1I\xd4\xf9\xb4N\x98|\x12\xdf\x17\xaeN\x1e'
11E8E149-D4F9-B44E-987C-12DF17AE4E1E,2024-ncaa-d2-conf-NSIC,ncaa,12,12,9,13,11,9,7,4,14,8,6,14,4,4,10,5,11,11,10,11,14,7,7,14,14,9,8,5,13,3,4,9,8,7,8,9,7,1,2,5,14,14,6,8,,,7,7,,,10,9,6,10,7,6,2,6,3,3,3,11,11,12,2,3,2,7,5,8,2,14,6,,9,,,10,11,11,8,10,10,13,4,7,1,15,2,12,11,12,11,5,9,6,7,9,11,7,6,9,8,8,9,4,8,8,2,1,12,13,9,2,3,2,3,,,13,15,,,10,6,9,11,10,12,12,13,12,14,7,2,12,12,12,13,11,10,12,11,3,13,2,3,,13,,,b'\x11\xe8\xe1I\xd4\xf9\xb4N\x98|\x12\xdf\x17\xaeN\x1e'
11E8E149-D4F9-B44E-987C-12DF17AE4E1E,2024-ncaa-d2-natl,ncaa,245,234,248,251,257,217,194,185,205,206,187,209,147,151,142,106,274,276,153,277,287,219,259,190,211,142,165,86,274,163,144,203,68,194,125,181,136,9,18,52,285,275,110,118,,,58,170,,,206,265,194,227,163,119,46,149,91,100,84,273,273,276,84,173,95,114,91,122,17,280,74,,125,,,203,89,103,66,206,158,170,113,57,18,289,13,140,98,286,97,76,62,28,183,209,272,72,66,174,33,68,106,144,67,125,24,12,290,289,232,9,18,50,64,,,285,285,,,206,34,131,258,207,219,225,198,255,280,100,22,204,161,161,199,90,78,237,169,46,292,20,83,,284,,,b'\x11\xe8\xe1I\xd4\xf9\xb4N\x98|\x12\xdf\x17\xaeN\x1e'
11E8E149-D4F9-B44E-987C-12DF17AE4E1E,2025-ncaa-d2-conf-NSIC,genius_ncaa,14,14,13,14,15,14,11,14,7,10,9,14,14,15,8,13,14,12,14,12,14,14,12,12,13,15,12,13,14,10,8,15,15,14,13,11,10,13,15,14,4,3,13,11,,,4,2,,14,15,14,7,11,14,10,12,7,6,12,13,14,12,12,13,10,9,15,14,11,15,3,12,,6,,15,15,7,5,1,11,1,1,14,15,15,10,15,2,2,12,2,11,2,4,14,15,12,15,15,2,12,15,1,8,6,13,14,15,4,3,12,4,8,3,3,,,14,14,,15,15,2,14,13,15,14,12,8,2,1,15,15,4,3,3,7,12,15,7,11,15,3,8,3,,13,,15,b'\x11\xe8\xe1I\xd4\xf9\xb4N\x98|\x12\xdf\x17\xaeN\x1e'
11E8E149-D4F9-B44E-987C-12DF17AE4E1E,2025-ncaa-d2-natl,genius_ncaa,273,281,207,283,224,222,185,191,153,161,157,162,201,210,168,184,287,274,273,276,287,218,220,174,208,214,264,176,282,229,231,250,247,254,263,189,165,148,213,186,83,59,228,186,,,56,67,,187,279,210,129,207,224,152,142,108,104,191,195,288,272,276,206,173,214,262,257,163,198,59,229,,92,,206,275,217,223,131,276,109,28,290,296,287,274,298,61,50,230,43,158,101,100,291,291,287,282,299,27,174,247,154,231,157,263,292,294,172,148,277,74,109,138,158,,,268,273,,275,279,90,222,292,276,271,270,216,163,22,299,295,88,72,68,181,183,214,218,227,297,140,103,186,,276,,286,b'\x11\xe8\xe1I\xd4\xf9\xb4N\x98|\x12\xdf\x17\xaeN\x1e'
11E8E149-D4F9-B44E-987C-12DF17AE4E1E,2026-ncaa-d2-conf-NSIC,genius_ncaa,11,11,2,12,2,11,7,8,10,4,9,6,6,4,12,5,16,13,16,13,12,9,5,9,14,13,13,6,16,6,9,6,8,5,9,10,10,13,13,12,2,6,8,10,,,4,3,,14,13,7,13,1,13,8,10,5,11,9,5,16,14,14,11,6,7,7,7,11,12,4,8,,2,,13,13,11,12,13,10,9,7,11,14,14,12,12,5,4,10,4,3,10,12,11,8,9,12,13,3,12,8,8,9,11,9,16,16,4,4,14,12,10,5,5,,,12,15,,8,13,12,13,10,13,10,11,12,7,6,14,13,4,2,2,9,12,11,8,10,16,4,11,4,,15,,8,b'\x11\xe8\xe1I\xd4\xf9\xb4N\x98|\x12\xdf\x17\xaeN\x1e'
11E8E149-D4F9-B44E-987C-12DF17AE4E1E,2026-ncaa-d2-natl,genius_ncaa,157,196,59,188,59,85,80,80,131,113,114,142,38,50,81,81,150,105,247,112,144,84,78,106,130,146,93,67,232,75,147,48,57,55,96,79,126,209,164,143,117,168,164,188,,,224,166,,270,193,82,164,3,101,100,85,156,173,51,59,197,145,157,91,82,101,48,51,102,181,155,186,,192,,262,193,241,245,229,201,200,181,193,276,264,246,250,163,129,259,124,96,211,211,237,231,238,232,258,71,126,57,228,147,200,96,271,262,112,172,253,203,158,179,162,,,94,163,,111,193,227,136,206,179,235,236,222,153,118,271,260,116,87,75,187,181,79,215,162,271,157,169,160,,134,,146,b'\x11\xe8\xe1I\xd4\xf9\xb4N\x98|\x12\xdf\x17\xaeN\x1e'
11E8E149-D4FE-01B6-987C-12DF17AE4E1E,2018-ncaa-d2-conf-PacWest,ncaa,2,2,4,2,4,1,3,1,5,3,5,3,3,1,6,5,7,6,10,6,9,1,3,4,4,2,6,4,13,2,3,6,3,4,5,2,5,2,1,1,1,1,2,2,,,13,13,,,1,3,3,7,1,2,1,2,4,3,1,6,6,6,1,2,2,6,3,2,2,1,2,,12,,,1,1,2,1,4,2,1,4,4,7,3,11,12,12,9,12,13,3,11,4,4,1,13,7,13,1,3,12,3,9,5,2,11,1,1,1,2,2,11,6,,,6,11,,,1,11,1,1,1,2,2,2,2,1,5,5,13,13,13,2,7,1,10,7,3,1,3,11,,7,,,b'\x11\xe8\xe1I\xd4\xfe\x01\xb6\x98|\x12\xdf\x17\xaeN\x1e'
11E8E149-D4FE-01B6-987C-12DF17AE4E1E,2018-ncaa-d2-natl,ncaa,17,18,24,20,35,9,7,4,100,20,17,91,8,6,91,57,70,62,157,59,209,5,7,77,105,42,97,57,266,15,106,27,31,15,103,8,34,77,4,6,8,11,25,21,,,304,248,,,12,8,15,226,6,5,2,36,44,10,11,112,122,116,4,12,31,47,23,7,23,9,42,,277,,,12,268,202,245,73,135,186,97,257,280,112,234,305,301,216,301,296,271,294,97,149,63,293,195,296,155,31,308,106,298,103,222,207,10,24,28,133,22,262,148,,,45,241,,,12,301,25,36,19,151,58,98,45,45,192,219,283,274,275,156,248,59,286,245,121,19,64,211,,113,,,b'\x11\xe8\xe1I\xd4\xfe\x01\xb6\x98|\x12\xdf\x17\xaeN\x1e'
11E8E149-D4FE-01B6-987C-12DF17AE4E1E,2019-ncaa-d2-conf-PacWest,ncaa,1,1,2,1,3,1,1,1,2,1,1,1,2,3,2,7,4,2,6,2,6,1,1,2,3,3,8,7,8,1,1,2,5,1,1,1,1,7,4,2,1,1,1,1,,,8,5,,,1,2,3,9,1,2,2,2,3,2,4,4,3,3,2,2,1,2,1,1,5,1,1,,6,,,1,4,5,11,1,6,9,2,4,9,1,5,8,8,8,7,8,11,12,1,2,1,7,5,10,12,5,2,1,5,1,5,5,2,2,2,8,4,6,4,,,4,10,,,1,12,1,2,1,3,2,7,4,7,4,7,8,8,7,7,10,10,1,3,5,2,8,4,,8,,,b'\x11\xe8\xe1I\xd4\xfe\x01\xb6\x98|\x12\xdf\x17\xaeN\x1e'
11E8E149-D4FE-01B6-987C-12DF17AE4E1E,2019-ncaa-d2-natl,ncaa,16,27,5,24,6,10,10,5,89,18,11,99,21,18,75,123,13,10,202,9,105,5,5,81,88,73,119,112,180,6,25,3,143,2,45,10,43,270,44,34,8,21,1,1,,,297,113,,,21,7,60,195,24,27,24,61,87,57,67,70,63,64,19,32,19,16,9,16,121,16,1,,183,,,24,296,265,304,6,221,301,7,271,305,35,192,293,292,152,292,174,306,307,9,15,19,252,204,253,307,143,300,25,306,45,265,201,22,116,75,295,134,277,160,,,9,193,,,21,306,43,26,23,77,52,244,51,206,145,232,212,212,207,246,261,246,130,191,105,74,198,208,,98,,,b'\x11\xe8\xe1I\xd4\xfe\x01\xb6\x98|\x12\xdf\x17\xaeN\x1e'
11E8E149-D4FE-01B6-987C-12DF17AE4E1E,2020-ncaa-d2-conf-PacWest,ncaa,2,2,1,2,1,2,2,1,3,1,1,2,4,4,5,4,7,6,6,7,10,1,1,3,5,2,9,5,10,2,3,1,4,1,3,2,2,6,3,2,1,1,1,1,,,8,7,,,2,2,6,5,2,2,1,1,2,4,4,7,9,9,2,4,2,1,2,2,3,1,1,,5,,,2,3,3,9,1,1,6,1,8,10,6,8,9,8,7,8,7,9,10,1,1,1,12,11,11,8,4,9,3,8,3,4,8,2,2,3,6,3,2,1,,,5,10,,,2,11,2,1,2,3,2,6,1,6,8,8,8,6,6,5,8,7,7,7,2,3,5,1,,7,,,b'\x11\xe8\xe1I\xd4\xfe\x01\xb6\x98|\x12\xdf\x17\xaeN\x1e'
11E8E149-D4FE-01B6-987C-12DF17AE4E1E,2020-ncaa-d2-natl,ncaa,18,22,17,23,53,17,13,5,96,17,25,54,36,20,180,79,117,128,115,131,261,8,12,94,118,65,180,120,279,18,50,4,77,6,49,6,35,101,18,9,15,23,1,1,,,226,117,,,12,23,59,304,20,14,7,28,59,53,33,164,190,189,14,39,31,5,8,8,42,21,1,,145,,,12,110,66,270,4,34,226,2,246,278,98,219,244,238,170,241,189,274,286,9,14,14,301,276,269,252,77,293,50,285,49,163,274,49,98,77,114,31,54,14,,,116,277,,,12,282,36,16,16,40,18,176,5,125,188,227,189,180,180,181,220,187,222,213,104,82,57,29,,200,,,b'\x11\xe8\xe1I\xd4\xfe\x01\xb6\x98|\x12\xdf\x17\xaeN\x1e'
11E8E149-D4FE-01B6-987C-12DF17AE4E1E,2021-ncaa-d2-conf-PacWest,ncaa,2,3,1,2,1,1,1,1,3,1,1,3,4,4,6,6,1,2,3,2,7,1,1,3,3,3,6,6,5,2,3,1,10,1,5,2,4,10,6,4,1,3,1,1,,,7,3,,,3,1,5,4,4,5,5,5,6,4,6,4,4,4,6,6,5,4,5,5,5,3,1,,3,,,3,10,10,10,4,10,10,3,10,10,6,8,8,8,6,8,4,10,10,4,4,3,8,9,4,10,10,10,3,10,5,8,7,1,6,7,8,6,6,5,,,1,7,,,3,10,3,5,3,4,3,7,3,5,7,9,5,4,4,6,6,9,2,5,7,5,6,3,,6,,,b'\x11\xe8\xe1I\xd4\xfe\x01\xb6\x98|\x12\xdf\x17\xaeN\x1e'
11E8E149-D4FE-01B6-987C-12DF17AE4E1E,2021-ncaa-d2-natl,ncaa,44,49,99,42,104,92,85,98,72,83,97,70,81,88,100,100,96,116,34,118,169,101,108,75,71,53,131,110,136,86,86,94,196,94,138,74,97,89,42,44,78,95,23,16,,,94,29,,,76,110,124,121,62,67,74,66,78,80,87,105,145,152,82,111,80,82,81,63,40,84,16,,46,,,74,127,125,139,52,114,133,60,150,159,89,167,123,117,153,113,90,136,125,58,57,91,164,168,115,204,196,123,86,144,138,138,131,126,184,158,103,73,108,73,,,117,162,,,76,117,46,136,75,130,121,183,90,139,171,188,114,105,93,179,149,209,106,179,128,170,67,80,,160,,,b'\x11\xe8\xe1I\xd4\xfe\x01\xb6\x98|\x12\xdf\x17\xaeN\x1e'
11E8E149-D4FE-01B6-987C-12DF17AE4E1E,2022-ncaa-d2-conf-PacWest,ncaa,1,1,1,1,1,1,1,1,1,1,2,1,1,3,1,4,7,7,4,7,10,2,4,1,1,1,5,3,10,4,4,2,5,2,3,1,1,5,1,1,4,4,1,1,,,2,1,,,1,3,5,4,1,1,2,1,4,1,5,9,8,8,3,5,4,2,4,1,3,4,1,,1,,,1,5,6,11,1,1,10,1,10,11,6,9,1,1,7,1,1,11,10,1,1,1,11,10,2,10,5,6,4,8,3,7,8,4,5,4,6,4,5,3,,,6,9,,,1,9,1,1,1,2,2,8,1,6,9,9,1,1,1,6,7,8,3,5,7,5,5,3,,9,,,b'\x11\xe8\xe1I\xd4\xfe\x01\xb6\x98|\x12\xdf\x17\xaeN\x1e'
11E8E149-D4FE-01B6-987C-12DF17AE4E1E,2022-ncaa-d2-natl,ncaa,17,11,47,11,48,18,14,29,13,21,44,45,12,53,2,116,149,158,119,156,262,41,57,12,19,10,142,56,287,73,106,20,177,31,89,11,52,98,29,5,41,73,2,3,,,50,4,,,11,55,130,24,13,6,30,24,81,19,79,214,226,221,50,111,119,13,38,4,44,61,1,,10,,,7,177,202,283,13,158,262,6,270,286,125,224,38,58,51,51,12,272,265,19,5,23,196,276,22,291,177,205,106,253,89,209,171,85,168,138,201,116,128,54,,,147,274,,,11,248,7,37,8,65,109,273,60,219,239,254,11,19,18,237,229,260,109,187,137,148,124,83,,258,,,b'\x11\xe8\xe1I\xd4\xfe\x01\xb6\x98|\x12\xdf\x17\xaeN\x1e'
11E8E149-D4FE-01B6-987C-12DF17AE4E1E,2023-ncaa-d2-conf-PacWest,ncaa,1,1,1,1,3,1,1,1,1,2,2,1,1,2,2,2,8,9,5,9,10,1,1,1,2,1,6,2,11,2,2,1,1,1,1,1,1,3,2,1,2,2,2,1,,,2,2,,,1,2,4,9,1,1,1,2,4,2,2,10,11,11,2,6,2,4,2,1,2,2,2,,2,,,1,6,7,9,5,5,5,6,7,8,3,9,5,3,11,3,3,8,7,4,4,2,8,9,4,6,1,6,2,5,1,7,5,3,3,5,9,7,2,2,,,7,11,,,1,9,1,2,1,1,4,5,3,3,7,7,3,3,3,4,3,3,2,2,6,5,6,1,,11,,,b'\x11\xe8\xe1I\xd4\xfe\x01\xb6\x98|\x12\xdf\x17\xaeN\x1e'
11E8E149-D4FE-01B6-987C-12DF17AE4E1E,2023-ncaa-d2-natl,ncaa,15,15,30,14,37,25,18,18,50,29,38,52,17,26,47,67,173,195,92,196,281,26,32,37,57,33,154,62,292,43,81,33,81,30,67,9,39,105,25,9,30,45,23,34,,,80,15,,,19,33,128,173,29,14,15,44,84,27,43,242,264,266,35,94,81,69,54,10,38,54,46,,14,,,18,196,193,256,51,173,224,76,222,264,79,215,147,138,185,137,89,255,258,60,58,60,183,216,111,194,81,243,81,238,67,174,136,62,119,96,226,137,185,98,,,147,278,,,19,259,32,56,20,66,77,155,65,116,154,196,76,66,63,119,136,116,134,119,100,123,154,133,,255,,,b'\x11\xe8\xe1I\xd4\xfe\x01\xb6\x98|\x12\xdf\x17\xaeN\x1e'
11E8E149-D4FE-01B6-987C-12DF17AE4E1E,2024-ncaa-d2-conf-PacWest,ncaa,1,1,1,1,2,1,1,1,3,1,1,2,2,1,6,3,8,9,2,9,11,1,1,4,4,1,10,5,11,1,1,1,5,1,1,1,1,3,1,1,1,1,1,1,,,1,1,,,1,2,5,5,1,1,1,1,1,2,2,9,10,10,1,1,1,2,1,1,1,1,1,,1,,,1,3,3,10,2,2,8,1,7,7,9,7,4,4,7,4,2,9,10,2,2,1,9,9,4,8,5,8,1,9,1,4,6,2,2,2,7,5,5,2,,,9,11,,,1,11,1,1,1,1,1,6,2,6,7,7,4,4,4,7,8,5,4,6,3,3,7,4,,10,,,b'\x11\xe8\xe1I\xd4\xfe\x01\xb6\x98|\x12\xdf\x17\xaeN\x1e'
11E8E149-D4FE-01B6-987C-12DF17AE4E1E,2024-ncaa-d2-natl,ncaa,11,10,14,9,21,26,14,9,106,16,15,69,38,16,195,83,145,152,130,159,280,11,14,118,135,90,222,125,283,4,16,31,188,8,55,11,52,155,27,15,16,36,10,14,,,153,24,,,15,27,152,193,51,21,10,33,61,82,46,245,252,258,24,66,16,101,19,17,63,38,23,,34,,,16,207,188,274,15,125,248,10,261,274,146,219,154,153,161,165,81,274,277,36,23,19,254,255,109,285,188,257,16,276,55,126,80,29,78,38,252,132,179,71,,,103,271,,,15,272,39,29,20,35,33,173,24,108,198,202,68,68,76,138,166,228,118,168,41,86,159,112,,240,,,b'\x11\xe8\xe1I\xd4\xfe\x01\xb6\x98|\x12\xdf\x17\xaeN\x1e'
11E8E149-D4FE-01B6-987C-12DF17AE4E1E,2025-ncaa-d2-conf-PacWest,genius_ncaa,2,3,4,3,6,1,1,1,3,3,4,2,2,1,5,5,9,12,1,12,13,2,2,3,4,1,5,3,12,2,2,13,13,5,7,2,10,3,1,2,1,1,2,4,,,9,9,,1,2,3,4,11,1,1,1,1,3,2,1,9,12,12,1,2,2,13,5,2,3,1,3,,9,,1,2,12,13,10,13,13,8,13,7,6,11,6,9,9,11,9,8,8,12,12,12,8,4,7,9,12,13,9,2,9,7,13,13,3,2,8,10,7,8,5,,,12,13,,12,2,11,1,9,3,11,12,9,12,7,8,7,9,8,8,8,11,11,7,9,14,2,9,8,,12,,13,b'\x11\xe8\xe1I\xd4\xfe\x01\xb6\x98|\x12\xdf\x17\xaeN\x1e'
11E8E149-D4FE-01B6-987C-12DF17AE4E1E,2025-ncaa-d2-natl,genius_ncaa,49,31,109,37,161,48,41,33,100,93,104,81,15,13,54,28,233,275,5,272,293,55,84,59,74,54,80,23,292,31,40,165,246,92,155,77,196,77,26,54,17,14,22,15,,,179,124,,29,39,107,98,287,26,17,9,70,113,11,8,259,288,288,25,65,25,207,78,72,67,14,16,,163,,25,36,153,160,184,136,152,179,133,172,172,172,162,115,121,131,121,102,170,207,138,126,82,135,176,109,260,246,189,40,231,155,205,214,53,58,108,177,140,168,147,,,265,296,,238,39,186,25,125,40,133,150,168,149,165,176,164,98,107,110,139,211,241,184,217,200,55,172,173,,289,,246,b'\x11\xe8\xe1I\xd4\xfe\x01\xb6\x98|\x12\xdf\x17\xaeN\x1e'
11E8E149-D4FE-01B6-987C-12DF17AE4E1E,2026-ncaa-d2-conf-PacWest,genius_ncaa,5,5,4,6,5,6,5,6,8,7,8,7,5,5,6,5,9,9,7,9,7,8,5,6,5,7,5,3,7,3,2,11,8,6,3,4,2,9,9,5,3,3,2,1,,,4,7,,7,5,5,4,3,6,4,6,8,7,5,5,7,7,7,7,4,2,11,5,3,12,3,1,,6,,8,5,4,4,4,6,5,9,4,4,3,11,2,4,6,2,6,5,4,8,6,4,2,3,5,6,5,8,3,2,4,3,4,5,4,2,2,9,9,5,8,,,9,8,,5,5,8,6,2,5,3,4,3,6,10,3,2,4,6,6,3,8,5,3,4,4,2,10,6,,9,,4,b'\x11\xe8\xe1I\xd4\xfe\x01\xb6\x98|\x12\xdf\x17\xaeN\x1e'
11E8E149-D4FE-01B6-987C-12DF17AE4E1E,2026-ncaa-d2-natl,genius_ncaa,107,144,59,135,84,108,108,58,239,145,134,184,50,15,201,24,183,193,141,189,219,75,70,209,224,213,81,51,248,31,55,127,183,74,125,101,129,219,160,164,64,91,16,31,,,241,224,,42,149,91,102,88,163,156,44,207,205,66,12,242,248,244,75,66,36,205,93,135,190,87,16,,226,,35,149,180,171,172,154,208,243,90,75,45,225,9,251,260,108,267,219,193,206,120,141,101,93,45,242,182,183,208,55,202,125,119,62,53,76,53,240,201,155,143,,,172,268,,47,149,210,178,98,146,118,107,86,170,233,44,9,235,245,256,136,175,148,175,170,63,66,216,127,,242,,65,b'\x11\xe8\xe1I\xd4\xfe\x01\xb6\x98|\x12\xdf\x17\xaeN\x1e'
11E8E149-D502-E0AA-987C-12DF17AE4E1E,2018-ncaa-d2-conf-Sunshine State,ncaa,4,4,4,4,4,4,4,4,6,8,9,6,2,1,6,1,6,7,7,7,7,4,4,6,6,6,3,1,9,6,8,1,4,2,3,7,9,7,6,8,10,10,1,2,,,6,6,,,5,4,5,8,5,5,6,10,9,1,1,7,7,8,7,6,6,2,1,7,5,10,2,,5,,,5,9,10,11,4,11,11,6,2,4,1,2,9,7,10,7,2,11,8,2,3,8,1,2,7,7,4,10,8,9,3,2,1,10,11,9,6,5,4,6,,,7,10,,,5,8,6,8,5,8,9,10,10,11,1,5,9,5,4,10,8,6,6,7,3,10,6,4,,8,,,b'\x11\xe8\xe1I\xd5\x02\xe0\xaa\x98|\x12\xdf\x17\xaeN\x1e'
11E8E149-D502-E0AA-987C-12DF17AE4E1E,2018-ncaa-d2-natl,ncaa,107,87,148,102,161,155,146,192,96,221,270,68,48,46,77,17,263,258,192,261,183,210,225,63,82,99,46,17,285,228,208,115,20,164,77,227,273,87,143,191,282,283,78,81,,,45,75,,,140,224,243,74,152,132,203,242,284,28,29,271,263,267,243,252,232,71,145,246,93,288,67,,42,,,140,121,175,148,184,217,205,185,69,90,80,87,69,59,211,61,50,124,73,155,139,232,27,71,86,32,20,97,208,60,77,26,7,294,302,227,67,99,49,135,,,271,268,,,140,88,113,201,140,138,194,177,234,225,71,99,80,64,67,149,53,29,108,60,43,301,73,57,,288,,,b'\x11\xe8\xe1I\xd5\x02\xe0\xaa\x98|\x12\xdf\x17\xaeN\x1e'
11E8E149-D502-E0AA-987C-12DF17AE4E1E,2019-ncaa-d2-conf-Sunshine State,ncaa,8,8,6,8,7,6,6,4,8,8,7,6,4,2,9,2,10,9,9,9,10,4,5,6,7,6,2,2,10,7,9,8,11,7,11,7,8,7,4,7,1,1,2,2,,,4,3,,,9,4,1,3,5,6,2,8,7,2,2,10,9,9,2,1,6,8,7,7,8,1,2,,5,,,9,9,11,9,9,9,7,8,10,9,8,7,4,4,5,4,5,9,10,11,8,8,4,9,2,10,11,11,9,11,11,9,4,2,5,6,5,4,5,6,,,8,10,,,9,9,7,10,9,11,11,9,10,7,11,10,5,4,4,10,11,10,11,10,10,1,7,6,,9,,,b'\x11\xe8\xe1I\xd5\x02\xe0\xaa\x98|\x12\xdf\x17\xaeN\x1e'
11E8E149-D502-E0AA-987C-12DF17AE4E1E,2019-ncaa-d2-natl,ncaa,216,244,118,229,124,156,142,96,216,216,218,184,48,32,157,17,290,284,227,287,279,134,161,165,204,172,64,15,302,221,278,186,225,220,289,178,237,91,82,152,86,100,72,78,,,85,42,,,254,131,121,50,172,142,54,243,242,34,18,297,294,295,115,165,236,223,249,191,89,83,66,,70,,,244,274,287,218,269,255,195,257,277,233,285,232,70,62,172,68,56,197,183,276,264,250,125,245,21,205,225,294,278,281,289,216,80,129,159,177,137,137,122,150,,,275,297,,,254,187,205,256,242,261,274,241,252,188,270,240,59,53,60,202,208,201,289,277,207,138,135,107,,298,,,b'\x11\xe8\xe1I\xd5\x02\xe0\xaa\x98|\x12\xdf\x17\xaeN\x1e'
11E8E149-D502-E0AA-987C-12DF17AE4E1E,2020-ncaa-d2-conf-Sunshine State,ncaa,10,9,9,10,10,10,10,9,8,9,8,7,8,6,11,4,9,9,9,9,7,10,10,10,9,9,9,9,6,7,9,7,7,8,8,9,7,2,5,7,7,6,8,8,,,5,7,,,9,10,6,9,10,10,5,8,6,8,4,8,8,8,8,8,5,4,5,8,4,6,7,,6,,,9,2,5,5,6,5,3,5,7,8,6,10,3,2,10,2,4,1,3,5,5,4,7,8,5,5,7,7,9,6,8,6,9,7,6,10,5,6,7,8,,,9,8,,,9,1,10,4,9,5,5,9,5,5,8,10,4,4,4,8,6,7,9,8,9,6,6,7,,8,,,b'\x11\xe8\xe1I\xd5\x02\xe0\xaa\x98|\x12\xdf\x17\xaeN\x1e'
11E8E149-D502-E0AA-987C-12DF17AE4E1E,2020-ncaa-d2-natl,ncaa,223,220,223,227,226,227,222,228,201,202,237,123,206,144,282,95,244,247,188,250,220,242,255,204,210,187,204,184,205,249,258,209,97,244,211,189,124,41,98,110,206,173,251,245,,,73,151,,,217,246,230,37,211,193,176,174,211,190,113,238,241,244,191,233,240,163,220,164,74,186,244,,120,,,216,102,136,91,204,135,94,224,136,144,147,200,76,54,277,61,97,65,57,203,197,218,114,171,94,55,97,168,258,120,211,186,215,237,197,237,86,149,54,85,,,253,192,,,217,69,203,201,214,165,192,153,187,134,179,185,108,70,74,129,84,76,239,181,224,216,129,65,,242,,,b'\x11\xe8\xe1I\xd5\x02\xe0\xaa\x98|\x12\xdf\x17\xaeN\x1e'
11E8E149-D502-E0AA-987C-12DF17AE4E1E,2021-ncaa-d2-conf-Sunshine State,ncaa,2,5,1,4,1,1,1,1,4,1,1,5,1,2,4,3,2,2,5,2,5,1,1,5,5,4,3,3,4,1,4,1,5,1,5,1,1,5,2,3,3,7,2,3,,,6,2,,,5,1,3,2,4,4,2,4,4,3,2,5,5,5,2,2,3,2,2,2,3,6,2,,3,,,4,7,7,7,4,7,6,5,7,7,6,7,6,6,3,6,2,7,7,4,3,4,5,6,2,6,5,7,4,7,5,7,2,1,5,4,5,4,6,5,,,2,5,,,5,7,4,5,4,5,5,7,3,4,6,7,2,3,2,7,6,6,6,7,4,5,4,5,,6,,,b'\x11\xe8\xe1I\xd5\x02\xe0\xaa\x98|\x12\xdf\x17\xaeN\x1e'
11E8E149-D502-E0AA-987C-12DF17AE4E1E,2021-ncaa-d2-natl,ncaa,140,66,185,122,185,180,181,180,196,186,185,206,149,153,123,56,192,192,175,190,160,184,187,186,192,176,39,30,174,146,95,174,135,174,122,165,26,33,54,66,193,173,126,67,,,34,30,,,134,187,126,3,143,137,39,173,95,48,32,188,166,148,42,65,43,28,22,65,65,162,56,,56,,,133,40,46,49,49,40,43,53,67,63,101,185,29,29,36,29,33,41,40,55,40,64,145,199,25,57,135,55,95,57,122,42,80,192,161,117,35,80,64,137,,,190,178,,,134,38,156,79,132,101,125,186,89,143,181,202,28,47,47,177,158,177,209,202,95,139,100,159,,142,,,b'\x11\xe8\xe1I\xd5\x02\xe0\xaa\x98|\x12\xdf\x17\xaeN\x1e'
11E8E149-D502-E0AA-987C-12DF17AE4E1E,2022-ncaa-d2-conf-Sunshine State,ncaa,5,4,7,5,7,6,5,3,8,4,4,8,6,6,7,8,7,7,6,7,10,4,4,8,8,7,7,7,6,2,2,5,7,3,5,5,8,6,5,6,4,4,1,1,,,7,6,,,7,4,2,2,6,5,1,3,2,6,6,7,5,5,1,1,2,4,1,5,5,3,1,,9,,,7,6,7,6,5,8,7,5,4,3,5,3,8,8,3,8,10,8,8,5,5,5,5,3,9,6,7,7,2,8,5,3,2,3,3,1,8,5,10,8,,,6,9,,,7,8,6,6,7,6,7,10,9,9,5,4,9,10,10,10,11,9,8,8,4,2,7,10,,5,,,b'\x11\xe8\xe1I\xd5\x02\xe0\xaa\x98|\x12\xdf\x17\xaeN\x1e'
11E8E149-D502-E0AA-987C-12DF17AE4E1E,2022-ncaa-d2-natl,ncaa,108,81,196,99,199,163,155,149,174,162,132,209,143,177,99,179,158,173,142,164,191,148,162,174,174,167,141,139,163,121,107,172,138,154,132,131,110,141,141,141,90,81,38,23,,,125,146,,,119,166,97,28,113,117,73,125,85,114,142,139,142,139,73,77,90,136,96,95,175,73,28,,166,,,118,98,90,91,132,108,118,137,75,89,105,106,189,202,82,202,228,105,130,124,139,103,159,97,237,111,138,129,107,120,132,60,85,98,73,48,126,141,202,210,,,185,202,,,119,140,160,94,120,142,126,122,146,153,105,108,223,233,233,153,205,146,186,169,89,64,170,239,,147,,,b'\x11\xe8\xe1I\xd5\x02\xe0\xaa\x98|\x12\xdf\x17\xaeN\x1e'
11E8E149-D502-E0AA-987C-12DF17AE4E1E,2023-ncaa-d2-conf-Sunshine State,ncaa,6,6,6,6,6,7,8,7,6,4,3,5,9,9,7,9,9,9,11,9,10,7,6,6,7,8,10,8,8,2,2,8,9,7,5,5,7,11,11,8,8,9,4,4,,,6,5,,,8,7,5,4,7,7,8,3,3,9,10,9,8,8,8,3,3,8,6,5,11,7,4,,7,,,8,7,4,6,6,4,6,5,7,4,6,5,9,9,9,9,8,6,5,6,6,5,10,5,9,9,9,2,2,2,5,6,7,5,3,4,11,11,2,2,,,6,6,,,8,5,8,6,8,7,7,6,6,7,8,7,9,9,9,8,9,9,4,6,7,3,11,2,,7,,,b'\x11\xe8\xe1I\xd5\x02\xe0\xaa\x98|\x12\xdf\x17\xaeN\x1e'
11E8E149-D502-E0AA-987C-12DF17AE4E1E,2023-ncaa-d2-natl,ncaa,139,162,110,150,111,134,100,163,45,90,129,50,143,167,87,173,218,171,258,169,187,165,111,58,87,162,231,161,247,144,96,170,125,169,95,74,75,286,275,184,153,178,145,120,,,173,162,,,186,107,129,9,142,98,212,80,157,147,187,235,189,187,211,113,166,216,209,60,269,175,158,,157,,,184,210,164,126,213,117,83,213,249,218,247,235,227,210,221,211,248,147,164,240,249,213,271,234,200,91,125,59,96,56,95,185,185,89,90,119,289,283,24,23,,,124,146,,,186,188,166,183,188,204,163,92,104,39,240,215,217,200,203,111,152,82,26,34,170,93,278,21,,124,,,b'\x11\xe8\xe1I\xd5\x02\xe0\xaa\x98|\x12\xdf\x17\xaeN\x1e'
11E8E149-D502-E0AA-987C-12DF17AE4E1E,2024-ncaa-d2-conf-Sunshine State,ncaa,11,11,9,11,11,7,10,8,11,11,7,11,6,5,5,6,3,3,8,3,2,7,6,11,10,10,1,3,1,1,1,10,7,6,4,11,11,8,9,10,1,1,6,6,,,9,10,,,10,7,1,11,6,10,3,11,3,4,3,2,1,1,2,1,1,8,3,11,10,1,5,,10,,,10,8,8,4,11,11,7,11,1,2,2,2,8,9,3,9,7,5,4,11,11,11,2,1,7,4,7,3,1,3,4,6,5,8,7,8,8,10,6,5,,,8,8,,,10,5,8,11,9,11,11,7,11,11,2,2,10,10,10,9,9,6,7,6,10,6,10,9,,4,,,b'\x11\xe8\xe1I\xd5\x02\xe0\xaa\x98|\x12\xdf\x17\xaeN\x1e'
11E8E149-D502-E0AA-987C-12DF17AE4E1E,2024-ncaa-d2-natl,ncaa,229,234,207,235,238,170,213,168,255,232,167,270,138,141,137,155,57,46,174,46,26,141,134,241,215,211,40,120,21,55,44,200,95,137,86,264,280,174,166,264,60,40,90,91,,,276,296,,,191,177,52,217,116,195,62,218,105,107,100,25,13,12,40,31,26,160,51,265,212,39,64,,295,,,184,164,172,69,276,250,167,276,23,28,82,17,220,255,25,253,235,92,98,236,238,216,20,7,223,47,95,132,44,85,86,122,84,146,120,131,157,153,87,102,,,151,161,,,191,126,163,193,179,236,244,145,284,248,22,21,250,274,270,192,200,82,212,151,177,101,192,123,,79,,,b'\x11\xe8\xe1I\xd5\x02\xe0\xaa\x98|\x12\xdf\x17\xaeN\x1e'
11E8E149-D502-E0AA-987C-12DF17AE4E1E,2025-ncaa-d2-conf-Sunshine State,genius_ncaa,5,5,5,5,8,5,6,3,8,5,3,10,7,8,6,10,1,1,7,1,1,3,3,9,8,8,5,7,1,1,1,6,8,4,2,10,11,11,10,11,1,2,2,2,,,10,10,,10,5,3,1,11,2,5,2,3,2,6,6,1,1,1,1,1,1,7,1,10,11,1,2,,10,,10,5,5,5,6,5,5,6,3,6,6,7,6,6,7,4,7,8,7,9,6,6,4,8,6,6,7,8,1,1,3,2,6,7,2,3,3,6,4,10,8,,,2,3,,10,5,9,6,5,5,7,7,6,6,7,6,6,6,7,6,8,11,7,3,5,7,1,7,10,,1,,9,b'\x11\xe8\xe1I\xd5\x02\xe0\xaa\x98|\x12\xdf\x17\xaeN\x1e'
11E8E149-D502-E0AA-987C-12DF17AE4E1E,2025-ncaa-d2-natl,genius_ncaa,95,79,162,90,191,101,130,135,139,113,79,200,163,209,63,254,24,14,226,14,19,93,92,156,144,139,123,216,19,18,6,185,126,83,19,225,285,185,147,238,46,33,100,83,,,269,290,,264,86,137,72,206,47,93,75,76,53,161,218,9,7,7,36,31,9,181,29,241,201,41,90,,280,,271,81,134,104,96,177,118,114,149,137,104,215,114,214,220,103,213,228,107,148,173,182,132,198,140,220,92,126,41,6,54,19,129,159,80,62,78,58,22,207,156,,,66,76,,195,86,161,80,126,83,148,124,88,126,123,148,109,219,226,220,110,182,105,45,55,149,65,53,227,,32,,195,b'\x11\xe8\xe1I\xd5\x02\xe0\xaa\x98|\x12\xdf\x17\xaeN\x1e'
11E8E149-D502-E0AA-987C-12DF17AE4E1E,2026-ncaa-d2-conf-Sunshine State,genius_ncaa,5,6,1,6,4,3,3,7,2,5,7,2,3,6,2,4,5,6,2,6,7,8,4,2,2,3,5,3,7,6,4,7,7,7,4,5,6,10,11,10,6,6,3,2,,,9,9,,9,8,4,6,4,5,5,9,7,9,4,7,6,7,7,10,6,6,10,8,7,10,6,3,,9,,9,8,10,10,7,11,10,8,11,10,7,10,5,9,9,7,9,9,7,8,11,11,10,8,5,9,6,7,5,4,5,4,10,3,5,6,8,10,11,6,7,,,4,6,,1,8,8,3,9,8,10,10,6,10,6,9,5,9,9,9,6,7,4,2,2,10,6,10,6,,6,,2,b'\x11\xe8\xe1I\xd5\x02\xe0\xaa\x98|\x12\xdf\x17\xaeN\x1e'
11E8E149-D502-E0AA-987C-12DF17AE4E1E,2026-ncaa-d2-natl,genius_ncaa,201,239,59,229,84,168,140,106,220,183,180,183,57,31,166,19,278,273,237,275,290,139,123,183,222,226,102,18,296,77,108,156,195,127,170,129,132,207,213,187,162,194,101,114,,,62,15,,85,212,138,250,88,250,209,161,252,263,77,35,297,295,295,253,226,112,257,207,168,178,214,121,,9,,58,209,177,206,185,210,177,165,181,238,209,252,220,46,51,64,55,31,163,165,233,191,165,156,248,14,178,195,184,108,180,170,232,220,112,128,202,195,180,137,156,,,242,292,,57,212,164,213,173,212,112,162,116,125,92,222,173,12,14,15,56,60,142,112,128,215,157,153,112,,293,,77,b'\x11\xe8\xe1I\xd5\x02\xe0\xaa\x98|\x12\xdf\x17\xaeN\x1e'
11E8E149-D507-3CFE-987C-12DF17AE4E1E,2018-ncaa-d2-conf-Conference Carolinas,ncaa,1,2,1,2,1,1,1,1,4,1,1,6,6,6,6,9,1,2,6,2,7,1,1,7,6,4,9,10,5,1,1,2,5,1,1,1,7,8,4,5,1,2,1,1,,,4,4,,,1,2,7,6,1,2,3,2,2,8,9,4,3,3,1,2,1,3,1,3,7,2,1,,4,,,1,4,4,9,2,7,10,1,2,1,4,1,4,4,2,4,4,9,9,2,1,1,2,1,4,9,5,4,1,5,1,2,1,1,3,1,7,4,11,5,,,4,8,,,1,10,2,1,1,1,2,4,4,10,1,1,4,4,4,4,5,5,1,2,1,3,4,10,,7,,,b'\x11\xe8\xe1I\xd5\x07<\xfe\x98|\x12\xdf\x17\xaeN\x1e'
11E8E149-D507-3CFE-987C-12DF17AE4E1E,2018-ncaa-d2-natl,ncaa,35,53,24,52,26,30,39,12,166,25,10,177,119,107,174,233,20,34,94,34,192,12,10,189,169,147,216,234,99,10,18,26,153,10,41,88,248,268,92,166,50,120,4,16,,,131,11,,,36,14,68,49,53,60,22,44,22,179,179,51,66,67,18,22,16,43,9,155,178,89,5,,32,,,45,230,266,295,39,279,305,21,126,125,148,23,90,132,54,141,10,291,297,23,14,15,25,75,58,277,153,256,18,280,41,169,44,35,104,41,141,30,289,185,,,71,258,,,36,297,106,21,47,87,145,265,189,298,55,47,37,52,58,239,259,216,140,179,65,78,68,268,,161,,,b'\x11\xe8\xe1I\xd5\x07<\xfe\x98|\x12\xdf\x17\xaeN\x1e'
11E8E149-D507-3CFE-987C-12DF17AE4E1E,2019-ncaa-d2-conf-Conference Carolinas,ncaa,2,2,3,2,4,1,1,1,3,1,1,3,7,8,8,11,1,1,10,1,7,1,1,5,6,4,10,11,5,1,1,3,2,1,2,2,4,4,1,1,5,6,1,2,,,3,2,,,1,3,4,11,1,1,1,1,1,8,10,2,2,2,1,1,1,1,1,1,1,6,1,,3,,,1,5,8,10,4,10,11,2,1,3,4,1,2,2,10,2,1,9,10,2,2,2,1,1,3,6,2,5,1,5,2,3,3,3,5,3,3,3,4,2,,,1,5,,,1,9,1,1,1,4,5,10,9,11,1,2,2,2,2,5,6,4,3,3,5,6,3,4,,3,,,b'\x11\xe8\xe1I\xd5\x07<\xfe\x98|\x12\xdf\x17\xaeN\x1e'
11E8E149-D507-3CFE-987C-12DF17AE4E1E,2019-ncaa-d2-natl,ncaa,31,27,46,29,60,36,29,28,71,17,13,85,173,168,199,273,43,23,251,26,180,26,25,121,131,92,282,273,159,7,7,34,120,9,19,35,127,180,38,49,114,174,24,56,,,140,37,,,36,46,93,166,33,22,21,8,8,215,223,66,34,40,14,25,10,37,6,37,114,161,26,,64,,,37,185,218,280,55,261,295,39,84,102,104,32,104,78,238,83,17,271,271,41,30,37,36,55,86,244,120,187,7,219,19,88,19,74,130,49,131,42,113,20,,,36,147,,,36,266,46,41,37,87,141,250,194,290,52,50,49,40,41,201,219,185,86,130,45,106,80,69,,56,,,b'\x11\xe8\xe1I\xd5\x07<\xfe\x98|\x12\xdf\x17\xaeN\x1e'
11E8E149-D507-3CFE-987C-12DF17AE4E1E,2020-ncaa-d2-conf-Conference Carolinas,ncaa,2,2,1,2,2,1,1,1,2,1,1,2,3,3,3,8,1,1,7,1,6,1,1,3,2,2,8,8,5,1,1,1,4,1,2,1,1,7,2,1,5,6,1,1,,,6,1,,,1,1,1,9,1,1,1,2,2,4,6,2,2,2,1,1,1,1,1,1,4,5,1,,1,,,1,3,4,12,1,8,12,1,1,1,3,1,8,7,9,8,1,12,12,1,1,1,2,2,9,12,4,5,1,10,2,3,3,2,5,2,9,1,4,2,,,1,7,,,1,12,2,1,1,1,1,11,5,12,1,1,6,3,4,9,11,9,4,4,3,5,5,4,,2,,,b'\x11\xe8\xe1I\xd5\x07<\xfe\x98|\x12\xdf\x17\xaeN\x1e'
11E8E149-D507-3CFE-987C-12DF17AE4E1E,2020-ncaa-d2-natl,ncaa,28,37,17,38,43,20,15,11,85,14,8,109,70,78,76,203,63,48,204,49,206,9,10,95,119,84,205,178,215,7,10,5,127,3,26,9,34,182,45,25,73,126,5,15,,,62,5,,,11,21,55,227,22,15,17,20,20,98,122,100,85,83,16,28,13,10,4,10,104,107,5,,17,,,10,104,157,294,13,214,307,7,50,59,72,12,88,100,109,111,13,286,293,8,4,10,28,45,107,283,127,222,10,255,26,78,45,60,125,46,198,67,137,39,,,90,275,,,11,286,38,13,15,36,71,257,126,304,22,22,38,50,59,234,247,242,123,178,41,95,131,96,,177,,,b'\x11\xe8\xe1I\xd5\x07<\xfe\x98|\x12\xdf\x17\xaeN\x1e'
11E8E149-D507-3CFE-987C-12DF17AE4E1E,2021-ncaa-d2-conf-Conference Carolinas,ncaa,2,2,7,2,8,3,2,4,3,2,2,3,11,8,8,10,3,2,6,2,6,3,3,5,5,4,11,11,3,3,3,4,5,3,4,2,2,2,1,1,3,3,1,1,,,4,4,,,2,6,1,2,1,1,1,1,1,10,9,1,1,1,1,1,1,2,1,2,3,3,1,,5,,,2,3,5,5,4,7,10,1,1,1,7,1,2,1,9,1,1,4,6,1,2,1,1,1,6,7,5,6,3,7,4,5,6,4,1,2,1,1,6,2,,,3,6,,,2,5,3,2,3,3,5,9,10,11,1,1,4,3,3,6,9,8,7,7,5,1,1,8,,1,,,b'\x11\xe8\xe1I\xd5\x07<\xfe\x98|\x12\xdf\x17\xaeN\x1e'
11E8E149-D507-3CFE-987C-12DF17AE4E1E,2021-ncaa-d2-natl,ncaa,35,24,114,25,121,88,78,98,55,54,67,55,146,141,152,192,76,55,165,53,91,92,103,81,88,59,201,203,86,43,21,111,151,83,48,57,72,81,25,18,78,76,7,8,,,79,24,,,19,113,66,79,24,19,22,11,25,168,152,26,13,14,17,29,26,70,24,21,45,63,3,,36,,,11,80,95,113,40,118,155,14,53,55,112,4,70,69,111,68,13,104,113,21,21,15,14,30,81,151,151,98,21,108,48,75,59,67,44,27,62,20,124,67,,,98,116,,,19,108,30,18,14,35,70,153,134,207,17,4,49,51,45,125,162,172,73,115,52,35,33,118,,50,,,b'\x11\xe8\xe1I\xd5\x07<\xfe\x98|\x12\xdf\x17\xaeN\x1e'
11E8E149-D507-3CFE-987C-12DF17AE4E1E,2022-ncaa-d2-conf-Conference Carolinas,ncaa,1,1,3,1,5,2,2,3,2,2,2,4,4,9,1,13,5,8,2,7,11,3,3,2,2,1,11,9,9,2,3,5,4,3,3,2,1,3,1,1,3,3,2,2,,,5,4,,,1,4,7,11,1,1,1,1,1,4,9,6,9,9,1,4,2,6,2,1,1,5,2,,3,,,1,2,4,7,4,9,12,4,1,1,1,1,5,6,1,6,1,7,8,1,1,1,1,1,6,5,4,5,3,4,3,2,1,2,3,2,4,3,3,2,,,8,11,,,1,10,1,1,1,1,4,5,9,12,1,1,3,4,4,4,6,4,4,4,2,5,3,3,,8,,,b'\x11\xe8\xe1I\xd5\x07<\xfe\x98|\x12\xdf\x17\xaeN\x1e'
11E8E149-D507-3CFE-987C-12DF17AE4E1E,2022-ncaa-d2-natl,ncaa,5,4,30,2,43,15,13,13,61,11,4,107,89,135,44,261,51,64,60,62,254,14,21,78,83,48,256,226,205,11,17,41,88,16,24,9,44,132,18,7,28,43,10,29,,,202,72,,,3,35,94,224,21,14,12,8,6,132,213,86,128,127,15,44,21,84,19,7,47,46,18,,89,,,2,139,179,247,45,264,290,40,12,28,4,4,147,175,58,176,44,244,263,12,11,6,2,2,169,205,88,224,17,217,24,40,13,17,38,8,114,21,151,22,,,67,243,,,3,269,16,2,2,14,45,94,185,275,1,3,74,96,98,82,168,111,95,100,7,49,42,85,,164,,,b'\x11\xe8\xe1I\xd5\x07<\xfe\x98|\x12\xdf\x17\xaeN\x1e'
11E8E149-D507-3CFE-987C-12DF17AE4E1E,2023-ncaa-d2-conf-Conference Carolinas,ncaa,9,7,9,9,10,8,6,5,7,4,3,8,9,9,7,9,8,10,5,10,10,5,5,7,7,7,10,9,9,3,4,10,6,7,6,8,8,4,5,5,4,4,8,8,,,10,10,,,7,9,3,7,3,3,2,4,3,8,7,7,9,8,2,3,2,8,3,5,5,4,7,,11,,,7,7,8,4,10,8,5,9,5,4,10,5,9,10,5,10,10,4,5,9,10,11,8,5,9,4,6,4,4,4,6,11,12,7,6,8,6,5,7,6,,,10,11,,,7,6,5,10,7,11,9,6,9,6,8,5,10,11,11,7,10,6,8,7,12,5,7,12,,10,,,b'\x11\xe8\xe1I\xd5\x07<\xfe\x98|\x12\xdf\x17\xaeN\x1e'
11E8E149-D507-3CFE-987C-12DF17AE4E1E,2023-ncaa-d2-natl,ncaa,222,226,197,231,225,175,174,135,227,151,88,239,186,178,187,197,204,206,174,207,247,144,143,236,241,220,214,182,179,56,68,203,187,139,155,186,200,150,149,190,68,47,216,214,,,140,168,,,168,170,60,208,147,124,31,99,41,171,153,182,176,179,42,38,36,182,66,176,197,43,207,,197,,,167,100,93,71,186,126,98,198,81,84,126,106,185,212,50,205,236,90,125,180,182,135,128,88,222,139,187,163,68,154,155,165,222,91,65,112,168,161,229,199,,,261,289,,,168,121,194,138,171,173,158,115,185,145,102,105,225,245,244,146,216,180,236,221,208,56,198,261,,259,,,b'\x11\xe8\xe1I\xd5\x07<\xfe\x98|\x12\xdf\x17\xaeN\x1e'
11E8E149-D507-3CFE-987C-12DF17AE4E1E,2024-ncaa-d2-conf-Conference Carolinas,ncaa,8,10,1,10,1,1,2,1,6,2,2,8,2,2,5,8,5,3,9,3,10,1,1,6,7,6,6,7,10,3,9,3,10,3,10,3,7,10,5,7,4,8,5,9,,,12,6,,,10,1,7,6,4,4,3,5,6,5,6,8,8,8,3,5,5,9,5,5,6,7,8,,9,,,10,14,14,14,10,13,14,11,14,10,13,5,14,14,12,14,7,14,14,10,10,12,6,7,7,14,10,14,9,14,10,14,11,4,10,12,7,5,10,7,,,6,12,,,10,14,5,12,10,12,12,10,12,11,12,6,10,8,8,11,9,12,12,13,14,8,5,8,,11,,,b'\x11\xe8\xe1I\xd5\x07<\xfe\x98|\x12\xdf\x17\xaeN\x1e'
11E8E149-D507-3CFE-987C-12DF17AE4E1E,2024-ncaa-d2-natl,ncaa,172,247,26,203,46,78,70,31,202,56,26,200,125,92,202,187,82,58,212,61,195,30,22,210,206,200,195,190,148,59,186,117,277,77,269,78,142,266,148,158,47,103,141,213,,,258,109,,,248,21,67,196,141,134,57,118,68,180,153,142,115,123,67,64,99,219,176,137,183,79,187,,175,,,229,291,293,280,258,291,286,232,233,193,239,74,265,272,89,272,162,284,281,239,231,214,83,92,129,295,277,297,186,298,269,298,231,42,131,209,260,168,175,86,,,106,255,,,248,276,189,244,231,258,267,234,266,252,172,112,202,214,212,242,248,274,277,279,269,95,191,128,,219,,,b'\x11\xe8\xe1I\xd5\x07<\xfe\x98|\x12\xdf\x17\xaeN\x1e'
11E8E149-D507-3CFE-987C-12DF17AE4E1E,2025-ncaa-d2-conf-Conference Carolinas,genius_ncaa,9,9,2,9,4,7,6,3,9,7,3,9,4,4,8,4,11,7,12,7,7,4,5,8,9,7,4,5,11,12,14,3,8,5,13,13,13,2,2,5,11,13,6,8,,,8,3,,14,11,3,6,3,8,6,4,9,5,5,5,12,9,9,5,8,13,3,7,13,2,11,8,,7,,14,11,13,13,15,12,12,13,8,15,14,15,11,9,9,7,9,5,15,14,12,12,13,12,15,2,11,8,15,14,15,13,15,15,12,14,15,1,1,1,1,,,11,12,,14,11,13,8,11,10,12,12,14,12,12,14,13,8,8,8,13,12,11,14,12,14,13,1,1,,13,,14,b'\x11\xe8\xe1I\xd5\x07<\xfe\x98|\x12\xdf\x17\xaeN\x1e'
11E8E149-D507-3CFE-987C-12DF17AE4E1E,2025-ncaa-d2-natl,genius_ncaa,132,180,43,152,55,125,126,54,243,152,88,249,83,67,164,104,176,124,254,120,167,64,74,225,236,203,92,81,201,180,271,44,197,85,255,191,256,136,79,184,157,209,200,248,,,192,68,,271,210,55,125,93,212,203,105,230,158,110,94,226,179,176,118,164,236,59,153,249,78,197,237,,110,,256,199,250,254,278,84,216,268,46,260,240,240,157,160,185,51,187,86,274,263,102,83,120,192,229,90,280,197,297,271,297,255,286,273,113,207,248,46,14,24,6,,,158,242,,165,210,248,221,150,202,154,177,256,139,228,221,195,92,125,130,243,204,243,288,283,249,181,18,8,,254,,203,b'\x11\xe8\xe1I\xd5\x07<\xfe\x98|\x12\xdf\x17\xaeN\x1e'
11E8E149-D507-3CFE-987C-12DF17AE4E1E,2026-ncaa-d2-conf-Conference Carolinas,genius_ncaa,2,1,8,1,10,9,10,13,3,11,11,6,9,12,1,14,8,8,6,8,5,10,13,3,2,2,11,11,5,14,13,11,4,14,8,13,15,3,5,8,6,3,14,16,,,2,5,,2,1,12,10,3,2,4,11,6,7,8,12,2,3,3,7,13,13,6,13,13,4,4,15,,1,,3,1,3,5,3,12,5,4,12,3,5,8,7,4,5,6,5,5,2,2,10,6,7,3,10,5,2,4,4,13,3,8,5,2,11,8,6,4,9,10,11,,,8,2,,5,1,5,2,5,1,4,8,5,8,7,3,6,5,5,5,3,2,4,6,5,4,7,8,12,,2,,2,b'\x11\xe8\xe1I\xd5\x07<\xfe\x98|\x12\xdf\x17\xaeN\x1e'
11E8E149-D507-3CFE-987C-12DF17AE4E1E,2026-ncaa-d2-natl,genius_ncaa,107,144,59,135,84,143,145,103,238,120,86,227,176,144,222,170,133,186,30,189,256,111,122,243,225,198,206,193,125,157,237,37,88,81,166,241,289,143,108,240,88,105,248,270,,,132,73,,140,134,115,199,88,227,218,147,173,121,216,183,169,242,244,181,223,211,33,101,283,90,121,272,,62,,126,137,135,152,195,55,146,159,124,176,237,46,233,78,162,5,151,153,192,179,59,34,57,136,187,74,182,88,243,237,232,166,170,179,137,170,156,155,138,229,225,,,129,155,,151,134,177,212,66,143,52,80,140,79,85,141,215,44,120,108,133,103,148,242,206,127,191,112,224,,199,,181,b'\x11\xe8\xe1I\xd5\x07<\xfe\x98|\x12\xdf\x17\xaeN\x1e'
11E8E149-D50C-2174-987C-12DF17AE4E1E,2018-ncaa-d2-conf-GLVC,ncaa,5,5,5,5,5,5,5,4,5,4,3,7,14,12,12,14,6,8,1,8,14,4,4,7,5,5,13,13,8,6,8,7,7,7,8,5,9,6,2,5,3,2,5,5,,,9,7,,,5,4,2,1,4,4,2,3,1,12,11,6,8,8,2,2,4,8,6,6,3,2,6,,8,,,5,7,6,7,7,6,6,8,6,8,5,8,10,10,8,11,10,7,12,6,7,4,8,5,11,8,7,12,8,10,8,5,9,3,2,3,11,11,8,4,,,7,12,,,5,12,5,5,5,7,7,7,9,6,6,7,11,10,10,7,13,7,11,9,7,2,12,9,,9,,,b'\x11\xe8\xe1I\xd5\x0c!t\x98|\x12\xdf\x17\xaeN\x1e'
11E8E149-D50C-2174-987C-12DF17AE4E1E,2018-ncaa-d2-natl,ncaa,107,112,105,114,138,89,70,87,69,47,55,67,175,177,188,215,116,173,28,169,251,104,102,107,107,103,265,244,182,97,97,186,114,153,129,70,130,149,107,78,34,27,129,109,,,170,149,,,92,110,89,226,63,46,60,30,47,201,193,117,185,178,76,92,92,239,177,61,137,32,140,,158,,,90,202,184,120,237,137,84,231,238,193,249,230,194,163,264,166,212,114,179,254,265,176,229,228,168,89,114,162,97,128,129,218,202,38,30,71,262,245,191,111,,,115,161,,,92,200,88,143,94,172,159,75,115,46,229,185,187,147,153,77,168,67,132,99,197,34,260,168,,120,,,b'\x11\xe8\xe1I\xd5\x0c!t\x98|\x12\xdf\x17\xaeN\x1e'
11E8E149-D50C-2174-987C-12DF17AE4E1E,2019-ncaa-d2-conf-GLVC,ncaa,6,6,1,6,2,5,3,2,8,3,2,7,8,10,6,12,4,3,13,3,9,2,2,9,11,10,11,12,7,3,7,7,10,5,11,9,13,14,7,11,2,2,3,3,,,14,14,,,7,2,5,10,8,7,6,5,2,13,12,9,5,6,6,4,8,13,12,12,9,2,5,,14,,,6,14,9,8,12,9,7,12,8,6,10,4,14,14,3,14,14,12,13,10,12,5,11,5,14,11,10,13,7,13,11,13,12,2,2,3,14,14,10,5,,,1,2,,,7,13,8,4,6,7,3,2,4,3,6,4,14,14,14,2,10,6,10,10,7,2,14,8,,2,,,b'\x11\xe8\xe1I\xd5\x0c!t\x98|\x12\xdf\x17\xaeN\x1e'
11E8E149-D50C-2174-987C-12DF17AE4E1E,2019-ncaa-d2-natl,ncaa,97,109,76,106,94,74,64,76,75,38,34,96,230,236,205,280,79,87,166,86,221,69,52,131,129,160,285,281,145,78,71,208,158,142,145,123,238,280,223,203,15,15,93,77,,,305,309,,,119,48,39,153,75,59,71,18,24,256,263,94,97,99,65,39,79,267,189,150,265,12,100,,307,,,121,247,150,78,255,170,113,243,105,87,202,62,308,309,140,309,310,163,250,247,275,155,244,48,305,117,158,187,71,162,145,209,235,13,8,33,304,287,223,120,,,31,58,,,119,264,146,120,122,207,100,21,132,53,88,51,309,307,307,94,233,91,129,103,172,13,295,209,,21,,,b'\x11\xe8\xe1I\xd5\x0c!t\x98|\x12\xdf\x17\xaeN\x1e'
11E8E149-D50C-2174-987C-12DF17AE4E1E,2020-ncaa-d2-conf-GLVC,ncaa,6,6,4,6,4,6,6,3,9,6,4,8,9,8,9,7,9,10,5,9,12,3,4,8,8,8,9,9,12,4,7,5,13,6,9,6,8,8,6,6,7,8,4,5,,,15,13,,,4,4,12,5,8,6,5,9,8,10,8,11,11,11,7,9,5,9,8,7,6,9,4,,13,,,4,4,2,8,1,5,12,3,1,3,1,2,15,15,4,15,14,11,13,1,1,2,8,1,15,16,13,14,7,15,9,4,10,2,3,2,10,7,8,4,,,2,6,,,4,13,8,2,4,2,1,3,3,5,1,1,14,15,15,5,10,13,9,11,4,3,7,6,,6,,,b'\x11\xe8\xe1I\xd5\x0c!t\x98|\x12\xdf\x17\xaeN\x1e'
11E8E149-D50C-2174-987C-12DF17AE4E1E,2020-ncaa-d2-natl,ncaa,82,100,54,94,64,72,57,62,84,58,74,92,97,103,90,160,133,159,77,155,233,70,82,86,87,86,178,148,217,96,122,161,200,139,161,64,127,146,93,81,73,88,78,79,,,289,289,,,81,82,162,84,87,65,96,75,111,121,141,160,198,195,111,144,126,236,184,72,97,93,92,,279,,,81,188,120,118,146,173,155,174,61,80,55,64,298,297,163,298,293,178,224,114,158,95,173,36,302,202,200,186,122,201,161,184,230,40,50,75,220,169,111,61,,,52,74,,,81,230,90,107,80,113,73,30,118,94,43,49,290,287,285,78,166,161,127,140,137,58,178,86,,77,,,b'\x11\xe8\xe1I\xd5\x0c!t\x98|\x12\xdf\x17\xaeN\x1e'
11E8E149-D50C-2174-987C-12DF17AE4E1E,2021-ncaa-d0-natl,ncaa,265,310,157,294,168,183,193,156,295,196,120,307,190,178,231,228,106,125,81,126,136,155,155,296,273,253,125,214,38,152,233,238,224,210,297,226,262,200,167,265,173,192,256,273,,,205,215,,,333,148,67,142,202,248,113,223,109,218,208,60,84,85,97,83,152,303,277,282,209,178,278,,233,,,320,281,287,181,342,282,157,343,283,246,299,273,183,197,132,191,228,180,185,343,343,340,158,225,68,141,224,262,233,222,297,287,166,140,145,255,257,245,318,297,,,109,72,,,333,199,255,336,319,331,337,204,320,112,308,284,190,204,199,212,234,118,310,269,309,126,267,317,,48,,,b'\x11\xe8\xe1I\xd5\x0c!t\x98|\x12\xdf\x17\xaeN\x1e'
11E8E149-D50C-2174-987C-12DF17AE4E1E,2021-ncaa-d1-conf-ASUN,ncaa,7,7,4,7,5,4,4,4,7,3,2,7,7,8,6,8,1,1,1,1,5,4,4,7,7,6,6,8,1,3,3,8,5,6,6,6,7,6,4,7,4,4,6,7,,,4,3,,,7,4,3,4,5,5,4,4,2,7,8,1,2,1,3,2,4,9,7,6,6,4,7,,3,,,7,9,9,6,9,9,6,9,5,5,7,4,4,4,8,4,3,6,6,9,9,9,2,4,2,4,5,5,3,6,6,8,3,4,3,4,9,8,9,7,,,1,1,,,7,6,6,8,7,9,9,5,9,5,5,3,4,3,3,4,6,4,6,6,8,3,8,9,,1,,,b'\x11\xe8\xe1I\xd5\x0c!t\x98|\x12\xdf\x17\xaeN\x1e'
11E8E149-D50C-2174-987C-12DF17AE4E1E,2021-ncaa-d1-natl,ncaa,277,310,182,302,193,197,215,173,299,214,137,312,195,184,232,226,116,137,78,138,136,168,167,300,277,260,121,211,38,171,240,246,229,231,304,237,263,185,173,269,189,203,264,278,,,194,218,,,333,167,69,142,212,262,118,228,111,221,210,62,85,85,101,86,158,304,282,287,210,185,283,,234,,,324,276,285,164,342,279,141,343,279,238,302,273,175,191,136,186,230,163,167,343,343,340,152,226,68,132,229,251,240,205,304,282,169,157,151,262,250,248,317,300,,,122,75,,,333,178,259,337,324,333,338,204,321,114,309,280,193,206,199,211,235,122,313,275,309,133,268,319,,49,,,b'\x11\xe8\xe1I\xd5\x0c!t\x98|\x12\xdf\x17\xaeN\x1e'
11E8E149-D50C-2174-987C-12DF17AE4E1E,2022-ncaa-d0-natl,ncaa,345,338,295,348,318,305,316,289,316,328,300,328,180,195,146,102,309,316,163,321,274,300,287,280,287,309,70,66,239,301,315,324,321,328,346,305,225,230,308,311,321,323,261,255,,,159,243,,,345,273,62,347,288,297,202,320,246,112,115,286,290,293,236,146,270,301,324,279,305,299,241,,287,,,345,232,224,103,342,234,99,351,172,174,187,225,245,220,312,205,260,112,96,340,343,344,135,132,223,190,321,199,315,197,346,225,197,253,213,276,235,301,247,320,,,242,127,,,345,86,321,349,345,344,337,271,334,201,264,274,315,299,295,294,300,294,332,327,313,164,304,310,,121,,,b'\x11\xe8\xe1I\xd5\x0c!t\x98|\x12\xdf\x17\xaeN\x1e'
11E8E149-D50C-2174-987C-12DF17AE4E1E,2022-ncaa-d1-conf-ASUN,ncaa,12,12,8,12,12,11,10,7,12,10,8,11,6,6,8,5,11,11,6,11,11,8,8,11,11,11,4,4,8,9,9,12,12,12,12,8,7,7,10,10,7,9,8,9,,,9,8,,,12,7,3,11,11,10,4,10,8,5,5,11,10,10,6,5,8,12,12,7,7,7,8,,11,,,12,12,11,6,12,9,8,12,6,7,7,6,12,12,11,11,9,8,6,12,12,12,4,4,9,12,12,10,9,12,12,10,9,6,7,11,9,10,8,8,,,9,10,,,12,6,11,12,12,12,12,10,11,10,6,8,12,12,12,10,12,12,12,12,12,6,10,9,,9,,,b'\x11\xe8\xe1I\xd5\x0c!t\x98|\x12\xdf\x17\xaeN\x1e'
11E8E149-D50C-2174-987C-12DF17AE4E1E,2022-ncaa-d1-natl,ncaa,327,336,213,332,267,239,237,214,277,289,257,300,107,124,101,97,270,286,123,289,255,237,196,225,232,273,68,62,240,256,295,268,319,286,333,247,199,299,307,295,250,275,237,245,,,264,243,,,334,174,53,346,237,243,178,302,242,91,99,260,276,285,218,117,256,274,297,236,311,229,224,,289,,,331,305,287,189,326,293,169,343,198,220,145,199,310,284,328,277,263,207,207,317,336,327,149,111,255,281,319,275,295,296,333,248,153,168,192,225,314,320,282,316,,,166,140,,,334,187,290,335,328,339,332,268,329,213,231,262,321,300,299,297,307,297,316,324,283,135,324,302,,119,,,b'\x11\xe8\xe1I\xd5\x0c!t\x98|\x12\xdf\x17\xaeN\x1e'
11E8E149-D50C-2174-987C-12DF17AE4E1E,2023-ncaa-d0-natl,ncaa,312,317,236,315,264,272,263,273,236,163,119,249,351,350,336,349,162,128,266,123,152,241,176,282,274,314,340,350,58,126,83,152,126,127,78,248,200,339,340,321,274,282,75,56,,,280,324,,,315,206,74,209,271,254,256,117,61,353,349,121,79,76,206,80,84,70,56,237,343,260,51,,325,,,315,215,172,155,179,155,131,213,161,206,106,195,303,309,150,310,318,198,143,182,203,280,267,157,308,120,126,82,83,82,78,158,160,288,305,274,340,341,269,236,,,118,75,,,315,165,307,258,308,288,235,260,220,201,215,255,327,330,334,309,266,179,144,153,213,279,350,300,,61,,,b'\x11\xe8\xe1I\xd5\x0c!t\x98|\x12\xdf\x17\xaeN\x1e'
11E8E149-D50C-2174-987C-12DF17AE4E1E,2023-ncaa-d1-conf-ASUN,ncaa,10,10,10,10,10,10,10,10,7,5,3,9,13,12,13,13,6,4,10,4,6,10,7,11,10,11,13,14,4,3,2,5,6,4,2,7,6,14,12,9,9,10,3,3,,,11,12,,,11,10,3,4,7,7,9,3,2,13,12,4,2,2,5,2,1,2,1,5,14,7,3,,13,,,11,7,7,8,5,6,6,7,7,10,4,9,12,12,14,12,12,10,6,5,6,7,9,7,12,8,6,4,2,4,2,7,8,10,12,9,14,13,8,7,,,4,2,,,11,7,10,6,9,11,10,11,10,6,6,10,13,13,13,14,12,8,6,6,7,9,13,9,,1,,,b'\x11\xe8\xe1I\xd5\x0c!t\x98|\x12\xdf\x17\xaeN\x1e'
11E8E149-D50C-2174-987C-12DF17AE4E1E,2023-ncaa-d1-natl,ncaa,299,316,151,309,188,244,235,232,226,132,85,228,353,347,346,346,137,103,274,100,148,198,115,277,266,315,346,353,56,108,84,91,103,89,57,211,171,354,343,318,239,269,33,32,,,308,316,,,308,131,68,228,265,249,263,107,66,355,348,121,81,75,223,79,89,51,47,217,350,237,29,,324,,,307,264,203,231,151,194,196,179,186,234,92,185,315,327,148,328,309,261,226,146,181,249,264,155,313,148,103,115,84,116,57,174,147,261,304,253,355,347,280,226,,,90,79,,,308,239,308,234,300,276,219,263,206,214,200,247,323,330,331,311,271,176,134,140,185,264,353,287,,58,,,b'\x11\xe8\xe1I\xd5\x0c!t\x98|\x12\xdf\x17\xaeN\x1e'
11E8E149-D50C-2174-987C-12DF17AE4E1E,2024-ncaa-d0-natl,ncaa,297,251,325,298,336,263,297,267,296,285,259,282,237,218,252,183,143,153,147,149,74,256,273,283,259,245,110,195,40,230,223,306,269,295,288,244,141,95,166,212,243,217,333,310,,,296,348,,,311,282,30,157,161,205,75,212,130,176,133,54,53,49,57,51,135,206,167,174,229,168,316,,355,,,318,224,158,76,324,151,41,350,182,195,165,259,324,316,265,318,346,106,94,329,343,334,276,158,318,141,269,157,223,142,288,53,25,230,193,125,83,152,101,170,,,169,61,,,311,91,241,334,308,350,327,263,314,144,295,319,352,348,349,323,327,272,329,324,143,122,198,192,,30,,,b'\x11\xe8\xe1I\xd5\x0c!t\x98|\x12\xdf\x17\xaeN\x1e'
11E8E149-D50C-2174-987C-12DF17AE4E1E,2024-ncaa-d1-conf-ASUN,ncaa,10,10,6,10,8,4,6,4,10,6,3,9,6,6,7,6,2,4,1,3,6,3,4,9,8,5,6,6,2,4,5,8,6,6,7,3,3,2,2,2,6,6,11,10,,,11,11,,,9,7,1,5,2,5,1,3,4,6,5,2,3,2,1,1,2,7,3,3,2,6,10,,11,,,9,12,11,6,12,9,4,12,12,10,11,8,11,11,11,11,11,6,6,12,12,12,10,8,10,4,6,8,5,7,7,5,3,6,8,7,2,2,8,5,,,4,4,,,9,7,4,11,9,12,11,9,10,6,12,11,11,11,11,9,9,5,9,8,7,5,3,8,,2,,,b'\x11\xe8\xe1I\xd5\x0c!t\x98|\x12\xdf\x17\xaeN\x1e'
11E8E149-D50C-2174-987C-12DF17AE4E1E,2024-ncaa-d1-natl,ncaa,289,253,320,286,331,226,241,204,272,240,205,245,215,187,275,176,146,163,141,159,127,205,229,267,248,215,155,207,78,195,214,274,254,258,272,192,113,109,153,163,188,176,327,298,,,320,349,,,297,232,32,161,139,169,57,171,116,179,119,77,82,77,54,52,128,193,158,129,203,126,305,,354,,,303,268,209,96,318,201,57,349,204,228,166,256,338,330,289,331,348,155,153,321,344,331,285,152,326,165,254,216,214,194,272,61,24,183,166,110,94,132,109,139,,,167,111,,,297,157,226,325,293,347,319,255,309,142,287,303,354,350,350,317,326,255,327,319,134,101,179,181,,50,,,b'\x11\xe8\xe1I\xd5\x0c!t\x98|\x12\xdf\x17\xaeN\x1e'
11E8E149-D50C-2174-987C-12DF17AE4E1E,2025-ncaa-d0-natl,genius_ncaa,147,147,135,154,135,74,134,75,257,183,121,278,76,58,150,127,11,15,39,17,19,57,73,232,173,120,27,126,14,87,183,206,307,150,294,176,237,81,43,136,111,154,321,324,,,333,285,,161,169,78,36,8,52,123,27,210,126,61,53,4,8,8,15,25,80,240,160,184,85,111,330,,334,,152,169,331,305,250,297,274,125,356,306,329,106,328,329,335,134,330,343,278,292,317,324,273,275,235,259,292,307,333,183,325,294,250,140,67,102,128,130,69,244,210,,,21,25,,100,169,285,108,277,172,334,312,267,279,87,310,347,329,333,331,313,339,288,344,336,259,59,135,253,,9,,100,b'\x11\xe8\xe1I\xd5\x0c!t\x98|\x12\xdf\x17\xaeN\x1e'
11E8E149-D50C-2174-987C-12DF17AE4E1E,2025-ncaa-d1-conf-ASUN,genius_ncaa,6,6,3,6,3,3,5,1,11,8,3,11,4,3,7,6,1,2,1,2,2,1,1,9,8,6,1,5,2,1,6,7,12,4,9,4,5,4,2,4,2,3,11,11,,,11,9,,7,5,1,2,1,3,4,1,9,4,3,3,2,2,2,1,1,2,8,5,3,4,2,11,,11,,7,5,12,11,10,10,9,5,11,12,12,5,12,11,11,1,11,11,12,12,10,9,8,11,11,9,12,12,12,6,12,9,12,11,1,4,4,5,2,12,10,,,2,2,,2,5,12,5,11,5,12,9,9,7,3,12,12,11,11,11,11,12,11,12,12,11,1,5,11,,2,,2,b'\x11\xe8\xe1I\xd5\x0c!t\x98|\x12\xdf\x17\xaeN\x1e'
11E8E149-D50C-2174-987C-12DF17AE4E1E,2025-ncaa-d1-natl,genius_ncaa,130,147,72,142,74,56,92,43,241,141,88,271,59,48,128,139,7,11,32,11,23,34,40,216,159,111,34,127,16,59,169,142,288,96,277,143,236,124,48,133,96,150,288,298,,,341,268,,178,159,42,34,10,46,107,22,187,114,62,60,3,10,9,13,20,69,216,132,172,94,110,311,,327,,149,158,348,335,298,297,307,175,355,327,346,107,330,340,341,126,339,342,318,326,312,318,266,282,245,258,309,288,350,169,345,277,302,159,53,106,141,176,76,258,188,,,10,29,,91,159,320,101,276,165,335,309,274,271,88,315,349,325,334,331,314,339,282,338,328,269,62,145,228,,9,,106,b'\x11\xe8\xe1I\xd5\x0c!t\x98|\x12\xdf\x17\xaeN\x1e'
11E8E149-D50C-2174-987C-12DF17AE4E1E,2026-ncaa-d0-natl,genius_ncaa,295,346,49,327,55,181,234,133,351,277,172,355,107,82,204,105,75,96,72,99,79,128,101,335,316,308,8,63,30,243,350,117,323,152,349,238,223,307,252,311,304,357,330,352,,,312,169,,293,356,75,172,62,311,349,290,356,299,159,141,113,159,156,275,257,334,219,304,335,227,355,352,,223,,253,340,359,350,342,233,327,253,332,353,362,105,351,335,309,339,307,269,347,319,259,277,324,287,286,188,356,323,357,350,359,349,358,333,222,340,348,236,170,260,247,,,84,126,,95,356,292,327,343,340,333,320,339,270,114,346,361,291,252,241,340,300,335,349,348,352,329,143,194,,165,,148,b'\x11\xe8\xe1I\xd5\x0c!t\x98|\x12\xdf\x17\xaeN\x1e'
11E8E149-D50C-2174-987C-12DF17AE4E1E,2026-ncaa-d1-natl,genius_ncaa,301,345,13,326,18,190,245,98,356,303,154,359,106,72,221,110,56,72,70,73,79,90,67,346,327,320,12,74,22,245,352,66,314,118,346,238,180,316,244,299,307,354,336,354,,,335,206,,310,355,44,173,73,320,356,287,358,293,175,151,98,143,146,262,245,325,176,286,333,213,352,355,,246,,274,344,359,356,355,231,338,274,308,356,362,145,349,347,333,337,333,276,357,342,260,285,331,311,290,212,357,314,361,352,362,346,360,332,235,346,355,239,165,265,244,,,55,116,,112,355,322,333,346,343,338,319,346,262,132,348,361,307,274,269,347,295,334,354,353,350,337,143,191,,149,,169,b'\x11\xe8\xe1I\xd5\x0c!t\x98|\x12\xdf\x17\xaeN\x1e'
11E8E149-D510-6E64-987C-12DF17AE4E1E,2018-ncaa-d2-conf-Conference Carolinas,ncaa,3,2,5,3,8,6,8,10,2,9,11,3,4,5,1,4,4,5,2,5,2,10,10,2,1,1,1,3,3,9,7,5,3,7,4,2,1,5,8,2,10,10,10,10,,,3,3,,,3,10,11,11,6,8,11,11,11,3,5,3,5,5,11,11,9,4,7,1,5,10,10,,2,,,3,3,6,6,6,5,3,8,4,9,1,10,1,1,5,1,1,1,2,5,5,4,1,9,1,1,3,2,7,2,4,5,4,8,6,5,1,2,5,10,,,3,3,,,3,2,3,3,3,3,7,7,8,4,4,9,1,1,1,2,1,2,2,1,4,8,1,5,,3,,,b'\x11\xe8\xe1I\xd5\x10nd\x98|\x12\xdf\x17\xaeN\x1e'
11E8E149-D510-6E64-987C-12DF17AE4E1E,2018-ncaa-d2-natl,ncaa,78,63,148,69,200,129,153,177,133,208,221,160,68,90,53,76,103,140,60,140,63,171,183,99,83,94,26,52,109,215,213,92,117,148,144,104,68,113,135,101,262,280,253,267,,,23,10,,,99,170,119,294,99,141,175,236,236,50,75,87,127,131,158,172,218,49,113,81,127,274,262,,18,,,100,109,210,232,115,202,180,173,194,258,42,276,6,7,38,6,3,171,160,121,63,92,41,229,2,172,117,142,213,154,144,87,23,182,195,123,14,12,191,234,,,122,74,,,99,153,111,99,85,129,216,273,210,205,198,275,2,4,5,212,193,192,156,165,91,173,13,195,,90,,,b'\x11\xe8\xe1I\xd5\x10nd\x98|\x12\xdf\x17\xaeN\x1e'
11E8E149-D510-6E64-987C-12DF17AE4E1E,2019-ncaa-d2-conf-Conference Carolinas,ncaa,2,3,1,3,1,2,2,6,1,5,9,1,1,4,1,4,4,6,3,6,2,6,2,1,1,2,2,2,8,3,3,1,1,2,1,1,1,11,10,6,10,10,5,5,,,5,4,,,2,2,11,6,3,5,10,9,10,2,4,6,6,6,11,7,6,2,4,2,10,11,5,,2,,,2,6,5,9,1,1,4,3,10,11,3,10,4,6,5,4,5,10,8,4,3,3,10,11,5,2,1,1,3,1,1,4,5,7,9,6,9,8,10,10,,,4,4,,,2,11,2,2,2,1,1,2,1,1,8,9,4,4,3,2,2,2,1,1,3,10,7,9,,6,,,b'\x11\xe8\xe1I\xd5\x10nd\x98|\x12\xdf\x17\xaeN\x1e'
11E8E149-D510-6E64-987C-12DF17AE4E1E,2019-ncaa-d2-natl,ncaa,65,74,46,72,48,55,76,134,32,170,235,48,14,43,8,34,83,104,92,104,34,127,72,16,16,62,17,17,194,89,37,38,93,55,20,49,62,301,285,168,262,297,148,163,,,188,123,,,62,75,187,63,64,106,259,240,286,14,50,132,154,154,240,162,121,52,66,57,275,291,166,,118,,,67,210,192,265,60,136,195,89,275,294,105,276,157,159,173,157,127,256,237,86,80,114,248,272,116,195,93,36,37,89,20,101,39,149,216,111,163,99,164,213,,,60,94,,,62,242,54,115,65,106,110,191,71,98,240,265,95,94,96,165,142,142,9,26,55,218,104,113,,104,,,b'\x11\xe8\xe1I\xd5\x10nd\x98|\x12\xdf\x17\xaeN\x1e'
11E8E149-D510-6E64-987C-12DF17AE4E1E,2020-ncaa-d2-conf-Conference Carolinas,ncaa,1,1,3,1,3,2,2,6,1,4,9,1,1,2,1,3,6,6,4,7,5,7,4,1,1,1,2,2,12,5,2,4,1,3,1,2,2,10,10,3,9,9,3,3,,,7,6,,,2,5,11,7,2,2,8,4,11,1,3,6,7,7,9,8,7,4,3,2,9,10,3,,4,,,2,2,3,8,3,3,6,4,4,11,1,10,2,1,10,1,2,8,7,2,2,2,4,7,5,2,1,1,2,1,1,1,2,9,9,4,5,5,3,4,,,2,3,,,2,8,1,2,2,2,2,5,2,3,3,9,1,1,1,3,2,2,1,1,1,10,4,3,,3,,,b'\x11\xe8\xe1I\xd5\x10nd\x98|\x12\xdf\x17\xaeN\x1e'
11E8E149-D510-6E64-987C-12DF17AE4E1E,2020-ncaa-d2-natl,ncaa,8,6,17,8,36,22,18,66,9,41,134,21,12,52,2,70,170,163,163,162,179,75,61,4,5,24,90,38,300,59,11,15,20,18,2,12,40,283,229,78,159,184,131,155,,,165,91,,,16,62,168,183,26,19,165,81,229,19,82,223,234,231,184,143,99,25,32,12,236,209,160,,78,,,18,126,149,255,36,154,230,56,136,254,19,209,117,114,165,117,82,248,232,36,34,51,124,152,122,94,20,22,11,31,2,43,14,129,167,59,193,118,38,24,,,61,140,,,16,251,12,41,18,47,66,152,82,128,90,191,59,60,63,122,94,46,3,4,17,182,126,23,,130,,,b'\x11\xe8\xe1I\xd5\x10nd\x98|\x12\xdf\x17\xaeN\x1e'
11E8E149-D510-6E64-987C-12DF17AE4E1E,2021-ncaa-d2-conf-Conference Carolinas,ncaa,1,1,1,1,1,1,1,1,1,1,1,2,1,3,1,7,1,1,2,1,5,1,1,1,1,1,5,4,8,2,1,1,2,1,1,1,1,11,8,3,5,9,2,3,,,10,6,,,1,1,10,4,2,2,9,4,7,2,8,4,5,5,8,8,7,1,3,1,6,10,4,,3,,,1,8,10,11,1,10,11,3,8,11,1,6,4,4,1,4,3,11,11,2,1,2,3,6,1,5,2,3,1,4,1,7,4,3,9,5,7,3,7,5,,,1,2,,,1,11,1,1,1,1,2,6,2,7,5,5,1,1,1,1,1,2,1,1,2,10,2,4,,3,,,b'\x11\xe8\xe1I\xd5\x10nd\x98|\x12\xdf\x17\xaeN\x1e'
11E8E149-D510-6E64-987C-12DF17AE4E1E,2021-ncaa-d2-natl,ncaa,2,24,3,10,3,3,4,12,8,10,10,31,5,19,1,104,6,8,63,9,89,10,4,3,4,19,67,48,153,9,17,2,31,1,1,1,15,226,191,57,70,187,7,41,,,218,77,,,3,4,143,104,37,44,171,86,151,29,120,94,119,122,163,141,99,25,47,13,178,195,46,,60,,,9,202,206,225,28,194,222,42,216,221,47,171,147,187,11,184,38,224,223,31,18,27,110,169,27,204,31,153,17,168,1,179,41,18,125,56,199,63,198,95,,,3,61,,,3,223,7,20,5,22,46,116,45,88,100,151,5,26,22,79,65,58,2,4,24,149,47,72,,86,,,b'\x11\xe8\xe1I\xd5\x10nd\x98|\x12\xdf\x17\xaeN\x1e'
11E8E149-D510-6E64-987C-12DF17AE4E1E,2022-ncaa-d2-conf-Conference Carolinas,ncaa,3,3,7,3,9,4,4,8,1,4,6,1,5,10,2,7,10,10,4,10,10,10,8,1,1,2,9,6,11,4,2,3,6,4,1,3,6,8,9,5,13,13,3,3,,,6,7,,,3,11,12,6,5,4,7,4,5,3,7,10,10,10,9,8,3,1,3,4,11,13,3,,6,,,3,4,3,6,2,3,5,1,10,9,12,11,3,3,5,4,5,6,3,3,2,4,12,11,5,6,6,2,2,2,1,3,3,13,12,5,5,5,5,7,,,9,6,,,3,3,2,6,3,4,3,8,2,5,11,10,4,3,3,8,5,7,1,1,3,12,5,6,,9,,,b'\x11\xe8\xe1I\xd5\x10nd\x98|\x12\xdf\x17\xaeN\x1e'
11E8E149-D510-6E64-987C-12DF17AE4E1E,2022-ncaa-d2-natl,ncaa,59,65,64,66,83,88,72,114,52,64,92,56,125,164,86,183,169,189,83,187,247,120,83,55,64,135,235,174,243,41,9,41,94,32,4,70,114,286,261,178,263,288,62,57,,,168,127,,,74,101,193,92,117,74,176,71,139,154,199,222,238,235,205,137,55,21,23,80,260,286,57,,121,,,72,142,145,232,21,93,204,10,255,250,183,217,95,107,70,110,77,220,204,43,26,61,253,273,79,216,94,40,9,80,4,104,89,167,214,127,163,109,202,178,,,103,156,,,74,202,102,74,71,62,71,203,34,141,225,225,55,76,77,175,131,162,2,19,66,209,109,182,,151,,,b'\x11\xe8\xe1I\xd5\x10nd\x98|\x12\xdf\x17\xaeN\x1e'
11E8E149-D510-6E64-987C-12DF17AE4E1E,2023-ncaa-d2-conf-Conference Carolinas,ncaa,1,1,3,1,3,4,5,7,2,5,7,2,3,7,2,7,3,6,1,6,4,7,9,2,2,2,6,7,5,6,3,4,4,4,2,5,7,2,2,3,9,7,5,3,,,4,4,,,1,11,12,2,4,6,10,6,8,5,9,4,5,5,9,12,7,7,7,8,2,10,5,,2,,,1,1,1,3,3,2,4,2,3,6,1,10,2,2,2,2,5,2,4,2,1,1,9,11,6,3,4,1,3,2,2,1,3,4,4,1,1,1,8,10,,,6,4,,,1,4,1,1,1,1,2,1,2,3,3,4,2,1,1,1,1,3,1,1,1,6,1,8,,6,,,b'\x11\xe8\xe1I\xd5\x10nd\x98|\x12\xdf\x17\xaeN\x1e'
11E8E149-D510-6E64-987C-12DF17AE4E1E,2023-ncaa-d2-natl,ncaa,36,15,110,19,124,125,146,190,84,147,175,102,143,172,80,164,55,130,2,130,106,182,204,81,43,51,99,166,43,122,54,140,76,129,20,155,161,80,124,128,185,162,134,86,,,47,69,,,18,217,289,84,126,180,255,172,207,147,194,37,139,144,248,269,131,166,144,182,79,201,139,,35,,,13,13,20,57,17,17,55,21,70,99,42,172,27,36,61,37,100,44,79,22,14,8,168,184,143,66,76,23,54,25,20,23,109,70,35,16,10,11,237,257,,,102,34,,,18,89,42,6,8,2,2,7,3,27,60,84,23,37,37,2,18,62,7,10,7,74,3,234,,92,,,b'\x11\xe8\xe1I\xd5\x10nd\x98|\x12\xdf\x17\xaeN\x1e'
11E8E149-D510-6E64-987C-12DF17AE4E1E,2024-ncaa-d2-conf-Conference Carolinas,ncaa,1,2,2,2,2,3,1,3,1,1,3,1,7,12,3,13,10,13,3,13,13,4,8,1,2,2,14,12,14,6,3,8,4,5,4,4,9,2,2,2,3,3,11,7,,,1,1,,,1,10,14,4,3,2,7,1,2,10,13,11,13,13,10,13,6,11,6,3,2,4,11,,1,,,1,1,2,3,3,2,2,4,7,12,2,13,1,1,9,1,1,2,3,4,2,1,9,13,1,3,4,3,3,2,4,2,8,3,1,1,1,1,13,11,,,12,10,,,1,5,2,1,1,1,1,1,2,1,5,9,1,1,1,1,1,1,1,1,2,5,1,11,,13,,,b'\x11\xe8\xe1I\xd5\x10nd\x98|\x12\xdf\x17\xaeN\x1e'
11E8E149-D510-6E64-987C-12DF17AE4E1E,2024-ncaa-d2-natl,ncaa,31,45,26,36,28,73,43,62,41,34,37,64,135,163,90,217,177,203,105,203,278,73,88,64,82,71,265,208,262,70,65,76,69,66,43,63,160,115,73,66,58,64,217,210,,,114,60,,,11,96,291,44,127,75,169,57,96,193,234,251,268,269,211,250,118,180,157,100,47,101,246,,26,,,10,44,55,148,23,49,95,56,133,243,19,256,46,63,65,58,79,129,190,28,15,11,179,215,94,129,69,138,65,126,43,109,208,38,34,37,12,3,259,199,,,180,244,,,11,204,58,5,10,3,6,7,12,16,72,167,14,22,19,4,13,45,20,22,43,80,3,229,,274,,,b'\x11\xe8\xe1I\xd5\x10nd\x98|\x12\xdf\x17\xaeN\x1e'
11E8E149-D510-6E64-987C-12DF17AE4E1E,2025-ncaa-d2-conf-Conference Carolinas,genius_ncaa,1,1,2,1,6,5,5,11,3,4,7,1,8,11,4,12,7,13,2,13,13,12,14,4,3,2,13,12,9,7,6,11,10,10,8,5,9,1,3,4,2,1,6,6,,,1,1,,4,2,14,15,5,6,4,12,4,8,8,12,9,14,14,14,15,9,14,12,6,1,3,8,,1,,2,2,1,1,1,3,2,2,3,4,5,3,13,1,1,14,1,1,1,1,2,1,1,7,9,3,9,10,3,6,4,8,2,4,2,1,1,4,5,14,13,,,13,8,,8,2,2,2,1,1,1,1,1,2,2,3,4,1,1,1,1,1,9,2,5,2,4,4,14,,14,,9,b'\x11\xe8\xe1I\xd5\x10nd\x98|\x12\xdf\x17\xaeN\x1e'
11E8E149-D510-6E64-987C-12DF17AE4E1E,2025-ncaa-d2-natl,genius_ncaa,19,23,25,20,26,99,93,97,95,68,67,114,163,176,135,223,112,170,31,171,242,110,118,118,104,101,233,217,158,72,52,152,188,116,96,102,154,110,98,102,26,18,149,140,,,65,31,,153,21,135,301,30,205,180,258,118,146,220,251,192,238,240,268,291,132,281,241,176,47,56,189,,10,,107,22,27,36,111,15,37,98,17,97,149,47,203,44,40,187,38,58,88,172,22,17,3,176,191,136,194,188,82,52,118,96,35,69,22,13,9,112,87,262,223,,,138,153,,92,21,168,78,8,16,1,1,3,3,13,49,68,13,11,11,1,16,113,4,23,9,57,44,225,,252,,123,b'\x11\xe8\xe1I\xd5\x10nd\x98|\x12\xdf\x17\xaeN\x1e'
11E8E149-D510-6E64-987C-12DF17AE4E1E,2026-ncaa-d2-conf-Conference Carolinas,genius_ncaa,2,1,8,1,10,15,15,15,14,15,14,15,11,12,6,12,9,11,2,11,6,15,14,13,9,13,4,7,2,15,10,9,5,13,6,12,3,6,15,15,12,9,6,1,,,4,8,,13,3,13,14,3,15,15,16,15,11,10,12,3,10,10,16,15,14,2,10,12,11,8,2,,3,,14,3,2,2,6,1,2,2,2,6,11,2,16,1,1,4,1,4,4,3,1,1,1,11,14,3,8,5,3,10,3,6,3,9,13,9,4,5,15,12,15,,,9,4,,8,3,2,14,1,3,1,1,8,1,1,8,15,1,1,1,6,3,8,3,5,2,10,9,14,,4,,6,b'\x11\xe8\xe1I\xd5\x10nd\x98|\x12\xdf\x17\xaeN\x1e'
11E8E149-D510-6E64-987C-12DF17AE4E1E,2026-ncaa-d2-natl,genius_ncaa,30,13,141,24,145,151,168,197,90,127,117,170,220,262,51,271,75,139,13,145,165,190,174,122,78,133,205,241,48,126,26,135,240,134,63,147,130,198,244,194,88,78,71,51,,,121,105,,225,70,179,188,29,116,150,211,96,70,225,275,43,109,115,194,126,103,72,75,131,243,74,64,,133,,237,73,81,87,149,21,76,96,70,131,235,24,268,72,78,121,77,117,137,141,20,15,28,175,190,136,253,240,37,26,103,63,69,91,143,141,70,195,223,255,261,,,120,69,,165,70,117,120,58,75,59,72,222,65,101,147,278,76,84,84,190,207,267,9,102,65,110,220,274,,71,,170,b'\x11\xe8\xe1I\xd5\x10nd\x98|\x12\xdf\x17\xaeN\x1e'
11E8E149-D515-3638-987C-12DF17AE4E1E,2018-ncaa-d2-conf-NSIC,ncaa,15,15,9,15,13,15,15,16,15,15,15,15,14,9,15,7,10,10,12,10,7,15,14,15,15,15,3,6,6,14,15,8,12,12,14,14,10,15,15,14,15,15,13,14,,,12,13,,,15,13,8,13,15,15,16,15,15,14,8,10,10,10,15,12,14,6,8,14,15,14,13,,14,,,15,11,11,7,10,15,12,9,4,3,3,3,15,15,9,15,12,10,8,7,7,14,4,1,15,12,12,12,15,14,14,3,2,16,16,12,12,14,15,15,,,12,10,,,15,3,15,14,15,14,12,13,16,14,4,6,16,16,16,15,12,15,15,16,5,16,13,15,,11,,,b'\x11\xe8\xe1I\xd5\x1568\x98|\x12\xdf\x17\xaeN\x1e'
11E8E149-D515-3638-987C-12DF17AE4E1E,2018-ncaa-d2-natl,ncaa,291,286,250,292,267,297,300,279,290,299,288,279,192,156,250,59,283,282,196,282,205,287,291,275,280,267,65,62,175,290,296,209,171,263,276,275,149,54,196,229,304,303,224,231,,,78,206,,,296,283,242,208,302,300,268,297,274,164,104,274,275,269,281,285,289,117,235,267,110,302,205,,167,,,295,108,117,92,200,178,144,194,40,44,125,51,182,146,272,145,146,88,40,178,196,280,64,40,213,115,171,189,296,164,276,64,58,305,308,294,80,208,276,305,,,280,200,,,296,28,287,285,296,221,217,208,260,255,84,88,242,218,218,215,90,193,277,263,134,307,134,300,,265,,,b'\x11\xe8\xe1I\xd5\x1568\x98|\x12\xdf\x17\xaeN\x1e'
11E8E149-D515-3638-987C-12DF17AE4E1E,2019-ncaa-d2-conf-NSIC,ncaa,15,15,5,15,7,14,15,13,15,15,16,14,7,6,16,2,12,8,13,8,2,13,14,14,14,14,1,2,6,15,16,16,15,16,15,15,9,10,13,14,10,10,14,15,,,9,9,,,15,13,12,12,14,15,15,16,16,7,5,9,7,7,16,16,15,16,16,15,8,10,14,,9,,,15,14,14,4,16,16,9,16,8,3,16,3,12,12,11,12,9,5,5,16,16,16,4,3,8,12,15,12,16,11,15,10,4,13,11,11,13,14,10,15,,,10,6,,,15,4,15,16,15,13,13,6,14,10,8,2,13,13,13,8,7,12,9,11,9,12,12,10,,9,,,b'\x11\xe8\xe1I\xd5\x1568\x98|\x12\xdf\x17\xaeN\x1e'
11E8E149-D515-3638-987C-12DF17AE4E1E,2019-ncaa-d2-natl,ncaa,278,259,287,278,299,299,299,304,236,303,305,196,156,152,194,25,276,280,175,278,35,303,304,188,188,177,18,31,125,301,299,304,238,304,300,281,145,13,153,171,291,252,266,250,,,21,170,,,289,305,298,286,282,293,301,303,309,101,77,236,229,230,301,306,302,305,308,255,45,277,249,,85,,,293,79,108,12,308,135,46,292,88,20,309,58,75,56,284,50,143,11,8,308,308,310,93,115,121,37,238,47,299,30,300,67,63,302,291,281,37,223,150,302,,,293,82,,,289,8,228,310,298,257,262,81,264,153,200,47,194,153,140,80,24,119,205,166,167,303,118,227,,241,,,b'\x11\xe8\xe1I\xd5\x1568\x98|\x12\xdf\x17\xaeN\x1e'
11E8E149-D515-3638-987C-12DF17AE4E1E,2020-ncaa-d2-conf-NSIC,ncaa,13,13,9,13,9,13,13,16,6,12,13,7,15,15,6,12,9,6,16,6,3,15,16,7,7,9,9,12,4,15,12,15,10,15,11,12,6,9,13,10,13,11,13,12,,,9,13,,,13,16,16,1,12,12,16,12,11,14,15,7,4,4,15,16,14,15,15,12,11,12,12,,12,,,13,7,6,2,14,12,8,13,1,1,8,1,16,15,14,15,15,2,2,11,13,13,3,1,16,3,10,6,12,5,11,2,1,15,14,7,9,10,9,11,,,7,2,,,13,1,12,13,13,11,9,6,13,11,1,1,16,16,16,8,4,5,7,6,2,15,10,9,,2,,,b'\x11\xe8\xe1I\xd5\x1568\x98|\x12\xdf\x17\xaeN\x1e'
11E8E149-D515-3638-987C-12DF17AE4E1E,2020-ncaa-d2-natl,ncaa,243,220,257,244,257,223,233,290,74,229,271,102,190,250,43,191,195,194,175,194,75,282,291,72,69,88,138,156,119,290,269,230,58,274,159,197,121,39,150,115,294,275,237,240,,,89,235,,,196,289,281,9,174,180,272,183,224,154,227,133,131,133,256,285,288,151,250,150,87,289,222,,167,,,200,96,92,36,225,146,117,204,30,17,185,28,243,187,305,191,212,50,17,189,239,290,94,28,277,22,58,52,269,33,159,17,9,302,302,206,65,167,99,171,,,219,38,,,196,23,125,273,210,211,175,115,232,217,60,29,280,245,250,148,42,52,138,90,38,304,127,138,,111,,,b'\x11\xe8\xe1I\xd5\x1568\x98|\x12\xdf\x17\xaeN\x1e'
11E8E149-D515-3638-987C-12DF17AE4E1E,2021-ncaa-d2-conf-NSIC,ncaa,5,5,4,6,5,6,6,10,3,6,10,2,7,9,6,9,4,5,7,5,2,8,7,3,2,3,8,11,3,10,11,5,12,7,8,7,9,13,15,12,13,15,5,7,,,7,5,,,7,8,13,6,10,11,16,9,16,10,13,4,4,4,13,11,13,6,10,11,10,16,5,,5,,,8,10,11,11,8,14,15,8,2,4,4,1,11,12,1,12,3,11,10,5,3,7,1,1,8,13,12,8,11,10,8,9,4,10,15,13,12,10,9,11,,,3,1,,,7,9,7,9,8,6,7,7,14,15,2,1,7,11,11,8,6,11,4,7,8,15,7,8,,3,,,b'\x11\xe8\xe1I\xd5\x1568\x98|\x12\xdf\x17\xaeN\x1e'
11E8E149-D515-3638-987C-12DF17AE4E1E,2021-ncaa-d2-natl,ncaa,72,66,114,63,116,119,125,142,44,117,136,59,121,144,54,142,80,99,26,100,36,137,137,49,33,43,99,136,36,169,186,108,77,129,99,119,105,99,141,98,182,211,71,96,,,90,80,,,87,133,162,70,99,120,198,112,154,118,163,29,67,67,176,185,201,57,135,112,97,212,72,,68,,,88,101,107,104,101,133,141,74,57,56,110,6,111,120,63,120,75,108,92,66,70,130,22,20,142,99,77,89,186,91,99,92,68,171,209,190,98,117,129,147,,,96,11,,,87,91,73,126,92,95,118,131,170,199,20,6,125,138,140,139,70,95,64,61,81,214,89,133,,44,,,b'\x11\xe8\xe1I\xd5\x1568\x98|\x12\xdf\x17\xaeN\x1e'
11E8E149-D515-3638-987C-12DF17AE4E1E,2022-ncaa-d2-conf-NSIC,ncaa,5,6,3,6,6,5,6,10,2,9,12,2,1,5,3,4,5,5,13,5,3,9,7,2,2,2,4,4,8,15,16,6,12,11,15,5,4,13,13,7,10,12,8,10,,,6,5,,,5,4,10,11,6,10,16,12,15,2,7,7,5,5,15,14,16,8,14,6,10,12,9,,5,,,5,12,16,14,11,16,16,10,1,1,4,1,8,7,15,7,2,13,13,7,8,7,1,1,6,13,12,12,16,13,15,9,1,8,11,9,13,14,10,13,,,3,5,,,5,11,5,9,6,5,13,9,16,15,2,1,8,6,6,8,8,11,6,9,3,10,10,7,,8,,,b'\x11\xe8\xe1I\xd5\x1568\x98|\x12\xdf\x17\xaeN\x1e'
11E8E149-D515-3638-987C-12DF17AE4E1E,2022-ncaa-d2-natl,ncaa,150,119,222,134,242,182,188,260,42,228,281,39,86,138,29,46,214,209,166,211,58,257,271,25,34,40,54,47,207,294,294,200,100,260,226,163,118,31,130,80,268,247,160,192,,,28,54,,,144,248,209,224,121,133,262,209,285,48,80,183,182,183,259,274,298,130,263,116,75,259,142,,40,,,145,77,145,94,231,212,206,182,31,16,161,15,41,32,277,34,15,72,46,174,164,222,4,19,54,64,100,71,294,59,226,41,24,279,266,223,89,208,155,261,,,240,103,,,144,55,89,217,145,161,237,207,279,283,30,18,68,42,50,164,73,108,147,130,93,275,144,211,,207,,,b'\x11\xe8\xe1I\xd5\x1568\x98|\x12\xdf\x17\xaeN\x1e'
11E8E149-D515-3638-987C-12DF17AE4E1E,2023-ncaa-d2-conf-NSIC,ncaa,14,13,13,14,14,15,15,14,15,14,15,12,15,13,16,5,12,12,13,12,9,14,14,15,15,15,10,11,6,13,13,13,15,14,16,12,6,10,13,11,10,10,7,7,,,9,9,,,16,12,8,4,15,15,11,14,12,14,9,12,11,11,13,10,13,11,13,11,13,10,6,,11,,,16,10,10,7,13,12,14,6,2,1,10,2,12,11,9,13,10,7,7,8,10,12,2,2,11,15,15,7,13,12,16,1,1,11,12,6,7,12,10,12,,,12,12,,,16,6,15,15,16,13,13,14,14,16,4,3,13,13,13,14,12,16,13,15,4,9,11,10,,12,,,b'\x11\xe8\xe1I\xd5\x1568\x98|\x12\xdf\x17\xaeN\x1e'
11E8E149-D515-3638-987C-12DF17AE4E1E,2023-ncaa-d2-natl,ncaa,256,226,255,254,261,274,264,272,234,259,269,196,226,204,247,111,272,279,142,278,238,280,285,235,237,225,184,147,191,287,282,234,185,276,254,250,149,38,170,181,250,223,118,116,,,24,86,,,268,273,188,53,256,239,207,215,201,189,128,247,257,258,237,232,271,124,232,211,131,219,72,,102,,,273,80,115,68,230,184,157,183,38,24,195,41,93,65,266,70,61,57,36,189,195,241,26,46,131,102,185,93,282,91,254,18,4,278,268,162,39,165,185,267,,,285,242,,,268,32,255,257,269,245,260,249,278,282,80,58,181,138,140,246,167,201,251,245,71,250,131,258,,262,,,b'\x11\xe8\xe1I\xd5\x1568\x98|\x12\xdf\x17\xaeN\x1e'
11E8E149-D515-3638-987C-12DF17AE4E1E,2024-ncaa-d2-conf-NSIC,ncaa,15,15,13,15,14,14,13,14,7,13,15,7,10,9,8,3,15,14,15,14,13,15,14,6,8,13,7,3,15,15,15,13,11,13,12,11,3,12,15,11,12,13,9,9,,,8,11,,,14,12,5,10,11,10,13,12,13,5,5,15,14,14,15,11,15,10,12,10,14,11,8,,11,,,14,8,10,5,13,12,8,12,3,3,6,5,10,12,4,12,13,5,4,12,11,13,2,3,10,12,11,5,15,7,12,6,4,12,12,12,15,15,1,8,,,15,14,,,14,3,13,13,14,14,14,12,13,12,6,5,14,14,14,14,13,14,14,14,9,12,15,4,,15,,,b'\x11\xe8\xe1I\xd5\x1568\x98|\x12\xdf\x17\xaeN\x1e'
11E8E149-D515-3638-987C-12DF17AE4E1E,2024-ncaa-d2-natl,ncaa,275,234,287,276,288,285,277,289,134,281,293,118,219,237,149,70,293,293,243,293,276,291,291,127,162,193,175,69,293,294,294,266,130,290,267,236,77,21,228,146,289,249,164,123,,,18,193,,,254,290,188,227,253,202,251,216,251,131,121,291,288,288,279,267,294,137,261,139,171,249,98,,155,,,266,25,35,18,251,90,36,256,20,20,72,60,53,58,136,60,145,17,9,216,214,269,29,34,140,25,130,35,294,22,267,30,64,294,281,265,109,278,30,164,,,293,274,,,254,10,241,265,267,227,246,196,274,238,68,78,187,183,184,205,112,141,252,217,157,280,242,107,,287,,,b'\x11\xe8\xe1I\xd5\x1568\x98|\x12\xdf\x17\xaeN\x1e'
11E8E149-D515-3638-987C-12DF17AE4E1E,2025-ncaa-d2-conf-NSIC,genius_ncaa,14,14,13,14,13,15,15,15,12,12,13,9,15,12,14,9,12,13,6,13,12,15,15,13,14,14,11,12,11,15,15,12,10,15,14,13,9,8,14,13,13,12,6,6,,,1,3,,13,14,13,11,3,15,13,14,10,9,13,11,12,13,13,15,14,15,8,15,12,12,11,5,,4,,13,14,2,6,3,8,10,7,8,3,3,3,5,4,4,4,4,6,4,2,7,6,9,3,3,6,7,10,7,15,7,14,3,3,13,13,10,9,14,4,7,,,15,15,,13,14,2,15,10,14,9,13,13,15,13,5,7,7,8,8,13,8,10,12,12,5,12,10,5,,15,,12,b'\x11\xe8\xe1I\xd5\x1568\x98|\x12\xdf\x17\xaeN\x1e'
11E8E149-D515-3638-987C-12DF17AE4E1E,2025-ncaa-d2-natl,genius_ncaa,273,258,260,279,261,275,262,278,196,258,269,175,222,210,212,115,289,292,79,292,284,287,288,197,206,202,206,134,261,293,297,230,104,288,268,237,144,44,180,169,286,281,104,86,,,18,53,,85,276,270,204,27,262,225,228,206,208,179,152,282,291,291,267,269,299,104,272,196,127,280,62,,55,,145,274,91,129,70,247,165,109,240,81,65,176,103,44,42,177,43,63,59,25,233,214,277,44,102,63,49,104,119,297,78,268,71,57,291,294,283,90,216,90,183,,,291,274,,272,276,29,248,270,277,237,268,255,272,255,167,150,117,113,119,242,109,119,254,220,171,292,175,150,,291,,274,b'\x11\xe8\xe1I\xd5\x1568\x98|\x12\xdf\x17\xaeN\x1e'
11E8E149-D515-3638-987C-12DF17AE4E1E,2026-ncaa-d2-conf-NSIC,genius_ncaa,3,4,2,4,4,7,10,10,8,7,11,4,10,5,13,6,4,5,1,5,3,10,12,7,7,6,5,11,3,15,15,9,14,13,16,14,15,4,6,11,9,11,3,4,,,10,7,,9,6,12,12,5,9,12,12,10,14,12,8,3,6,6,12,15,15,11,15,14,4,9,3,,9,,8,6,6,6,12,1,10,16,1,4,7,1,5,9,11,5,10,7,12,11,1,1,2,5,4,12,14,14,12,15,14,16,3,1,11,14,4,3,5,6,7,,,8,7,,11,6,6,8,6,6,3,3,11,8,15,4,5,9,12,11,11,11,14,12,13,2,13,3,5,,11,,11,b'\x11\xe8\xe1I\xd5\x1568\x98|\x12\xdf\x17\xaeN\x1e'
11E8E149-D515-3638-987C-12DF17AE4E1E,2026-ncaa-d2-natl,genius_ncaa,107,53,221,87,224,229,245,257,136,262,287,47,129,118,155,9,159,222,4,225,31,256,269,95,62,33,15,52,68,293,296,240,150,278,279,248,202,16,21,81,264,228,125,92,,,77,222,,105,131,259,256,21,124,189,231,250,291,51,22,64,149,164,235,288,293,146,278,206,4,231,81,,187,,165,129,59,57,52,127,76,85,113,46,39,109,66,118,105,180,102,175,57,41,95,120,182,117,73,221,75,150,99,296,86,279,27,24,281,260,142,13,26,29,112,,,254,134,,132,131,40,84,186,127,131,121,148,164,214,72,79,222,209,208,160,89,146,236,200,33,263,10,48,,235,,86,b'\x11\xe8\xe1I\xd5\x1568\x98|\x12\xdf\x17\xaeN\x1e'
11E8E149-D51A-5B72-987C-12DF17AE4E1E,2018-ncaa-d2-conf-SIAC,ncaa,7,7,6,7,8,7,9,7,6,11,12,3,2,1,8,1,7,6,8,6,2,5,5,6,6,7,1,1,6,3,1,7,1,3,1,10,12,10,11,12,9,8,8,5,,,11,12,,,6,7,6,8,4,6,5,11,12,1,1,5,4,4,3,2,2,5,1,10,12,8,7,,12,,,6,5,4,3,9,4,5,9,3,5,2,8,10,10,3,10,12,5,3,8,9,9,9,6,10,2,1,2,1,2,1,2,5,12,9,6,4,3,1,1,,,6,6,,,6,3,5,7,7,6,6,5,5,5,4,7,10,11,11,5,4,2,3,1,4,12,6,1,,4,,,b'\x11\xe8\xe1I\xd5\x1a[r\x98|\x12\xdf\x17\xaeN\x1e'
11E8E149-D51A-5B72-987C-12DF17AE4E1E,2018-ncaa-d2-natl,ncaa,196,206,148,204,150,153,194,145,252,205,193,205,140,83,258,110,63,14,297,14,2,115,52,233,236,269,58,145,25,23,13,65,47,34,13,260,281,308,299,303,114,146,81,76,,,296,302,,,146,81,44,16,147,215,105,232,197,141,69,34,3,4,52,9,8,24,4,275,306,112,75,,304,,,146,136,73,129,72,106,148,100,60,116,28,78,282,305,6,302,302,194,195,64,69,74,199,54,299,107,47,145,13,131,13,62,92,106,120,55,242,166,26,53,,,29,72,,,146,213,243,55,166,159,94,152,123,174,60,120,289,305,303,238,244,121,160,131,71,90,253,35,,7,,,b'\x11\xe8\xe1I\xd5\x1a[r\x98|\x12\xdf\x17\xaeN\x1e'
11E8E149-D51A-5B72-987C-12DF17AE4E1E,2019-ncaa-d2-conf-SIAC,ncaa,2,1,10,1,10,3,7,11,1,8,11,1,4,4,2,3,3,6,1,6,1,11,9,1,1,1,2,4,2,7,1,4,1,7,1,4,3,8,10,4,10,8,11,8,,,6,10,,,1,10,3,9,1,1,7,2,11,2,3,1,1,1,6,1,3,1,1,2,11,7,10,,10,,,1,1,1,1,2,1,1,3,9,8,7,11,7,6,12,6,9,2,1,3,4,8,12,11,10,1,1,1,1,1,1,2,5,12,11,7,8,11,4,9,,,7,4,,,1,2,1,7,1,7,4,7,3,6,11,12,12,9,9,10,7,4,1,1,5,10,11,8,,3,,,b'\x11\xe8\xe1I\xd5\x1a[r\x98|\x12\xdf\x17\xaeN\x1e'
11E8E149-D51A-5B72-987C-12DF17AE4E1E,2019-ncaa-d2-natl,ncaa,65,36,182,42,211,105,142,172,104,136,187,84,127,129,145,150,37,34,191,30,8,141,72,101,85,176,96,168,31,25,3,36,89,23,1,140,154,304,294,258,181,217,196,208,,,263,261,,,70,121,30,202,54,104,127,126,163,117,112,8,10,8,66,11,12,3,2,130,303,181,197,,287,,,61,89,53,191,9,52,171,10,134,208,43,178,249,263,42,266,258,211,194,13,19,31,266,192,287,203,89,21,3,63,1,51,103,145,193,76,280,239,191,203,,,88,148,,,70,195,114,35,64,118,69,259,62,215,175,241,266,280,282,279,268,228,22,83,75,130,278,212,,33,,,b'\x11\xe8\xe1I\xd5\x1a[r\x98|\x12\xdf\x17\xaeN\x1e'
11E8E149-D51A-5B72-987C-12DF17AE4E1E,2020-ncaa-d2-conf-SIAC,ncaa,1,1,4,1,6,1,2,3,5,11,13,2,1,1,3,1,2,5,1,4,1,4,4,2,2,1,1,1,6,2,1,2,1,2,1,2,2,6,2,1,4,3,5,6,,,9,10,,,1,5,6,12,1,2,2,13,13,1,1,3,5,5,3,4,3,3,2,2,5,5,5,,7,,,1,2,3,7,1,3,3,3,5,10,3,9,7,7,5,7,10,6,7,2,2,1,11,9,10,2,1,3,1,2,1,2,4,8,6,2,2,2,4,11,,,4,3,,,1,9,1,1,1,1,3,4,2,4,5,8,6,6,6,4,4,1,2,1,2,7,3,4,,2,,,b'\x11\xe8\xe1I\xd5\x1a[r\x98|\x12\xdf\x17\xaeN\x1e'
11E8E149-D51A-5B72-987C-12DF17AE4E1E,2020-ncaa-d2-natl,ncaa,11,6,54,11,72,32,95,53,188,192,233,104,20,7,168,16,4,4,149,4,1,34,13,125,102,127,7,39,21,4,2,8,51,3,3,69,78,291,189,173,67,105,35,41,,,289,259,,,13,49,49,148,32,120,61,242,280,21,7,4,7,7,35,16,7,5,2,76,265,87,43,,279,,,11,61,28,206,3,53,232,4,43,128,13,65,272,292,24,293,267,248,263,3,6,6,241,67,305,191,51,94,2,124,3,19,41,44,71,10,151,53,105,142,,,2,16,,,13,268,63,6,12,21,14,133,23,172,26,79,257,283,283,183,239,153,33,60,11,59,115,77,,4,,,b'\x11\xe8\xe1I\xd5\x1a[r\x98|\x12\xdf\x17\xaeN\x1e'
11E8E149-D51A-5B72-987C-12DF17AE4E1E,2021-ncaa-d2-conf-SIAC,ncaa,2,4,2,3,2,1,1,2,3,2,4,1,1,1,5,1,3,3,3,2,3,2,2,3,3,2,2,1,6,2,1,1,1,2,1,1,2,7,1,2,4,6,3,6,,,7,5,,,1,2,4,2,1,3,3,4,6,1,1,2,4,4,2,2,1,1,1,2,3,7,6,,3,,,1,6,6,7,2,6,8,3,6,6,2,4,7,7,5,7,4,7,7,1,1,3,4,2,8,5,1,6,1,6,1,6,2,3,5,4,7,2,7,5,,,2,7,,,1,8,1,3,1,3,3,4,4,6,2,2,5,5,5,4,3,3,4,3,3,5,2,3,,4,,,b'\x11\xe8\xe1I\xd5\x1a[r\x98|\x12\xdf\x17\xaeN\x1e'
11E8E149-D51A-5B72-987C-12DF17AE4E1E,2021-ncaa-d2-natl,ncaa,83,24,173,36,176,149,150,160,87,151,179,26,138,116,185,34,138,140,110,140,21,159,160,85,81,84,91,102,77,77,3,146,103,136,9,139,81,63,104,85,146,93,169,176,,,53,89,,,26,172,58,58,27,40,25,57,124,56,15,20,22,22,21,15,8,10,4,39,177,76,146,,112,,,5,37,37,52,5,45,73,7,23,37,4,19,66,76,31,74,127,53,56,1,2,6,63,13,210,66,103,42,3,44,9,29,48,149,74,12,47,58,30,45,,,171,180,,,26,54,36,6,7,21,17,141,68,192,5,23,164,183,180,160,174,168,71,108,14,53,109,38,,88,,,b'\x11\xe8\xe1I\xd5\x1a[r\x98|\x12\xdf\x17\xaeN\x1e'
11E8E149-D51A-5B72-987C-12DF17AE4E1E,2022-ncaa-d2-conf-SIAC,ncaa,2,2,4,2,4,2,2,3,4,6,9,1,1,1,5,1,1,3,1,3,2,2,3,2,2,3,3,3,7,1,1,3,1,1,1,1,2,9,4,2,3,6,4,4,,,13,12,,,2,4,7,3,2,3,4,9,12,1,1,1,8,7,4,5,3,1,1,2,5,6,4,,11,,,3,9,7,11,3,8,10,2,6,8,3,7,12,12,13,12,9,11,11,3,3,4,10,6,13,7,1,7,1,6,1,5,3,5,9,3,7,3,5,7,,,4,7,,,2,11,2,3,3,5,2,6,5,9,4,5,11,6,6,6,6,4,2,3,3,9,4,2,,7,,,b'\x11\xe8\xe1I\xd5\x1a[r\x98|\x12\xdf\x17\xaeN\x1e'
11E8E149-D51A-5B72-987C-12DF17AE4E1E,2022-ncaa-d2-natl,ncaa,39,48,30,47,33,26,44,20,141,51,81,43,51,13,259,47,2,5,77,5,7,17,9,129,98,131,73,149,27,6,5,30,144,8,18,27,51,294,192,144,28,70,76,129,,,295,211,,,47,17,41,48,27,67,47,97,198,81,20,2,14,14,28,15,14,51,7,38,259,46,116,,254,,,50,258,233,271,72,243,276,51,149,170,121,56,287,297,57,297,234,277,289,61,73,54,164,80,260,269,144,196,5,234,18,191,105,16,70,40,280,152,121,89,,,11,131,,,47,286,70,57,53,146,112,185,144,221,83,80,253,264,266,221,258,199,66,122,97,46,221,62,,34,,,b'\x11\xe8\xe1I\xd5\x1a[r\x98|\x12\xdf\x17\xaeN\x1e'
11E8E149-D51A-5B72-987C-12DF17AE4E1E,2023-ncaa-d2-conf-SIAC,ncaa,7,7,8,7,12,9,10,11,7,13,14,5,1,1,4,1,8,9,12,9,1,12,9,4,4,10,1,1,7,8,6,5,4,7,4,10,3,14,13,11,9,9,11,10,,,10,11,,,8,10,4,9,8,8,8,13,14,1,1,7,5,5,9,5,7,1,5,9,13,9,11,,12,,,8,6,5,7,6,5,6,6,11,12,7,12,8,8,6,8,9,7,5,6,5,7,10,11,9,5,4,1,6,3,4,5,9,12,11,11,10,12,2,8,,,7,5,,,8,6,9,9,9,9,9,11,7,10,14,13,9,10,10,11,10,8,5,8,11,10,11,4,,4,,,b'\x11\xe8\xe1I\xd5\x1a[r\x98|\x12\xdf\x17\xaeN\x1e'
11E8E149-D51A-5B72-987C-12DF17AE4E1E,2023-ncaa-d2-natl,ncaa,183,139,255,175,270,259,276,265,272,283,286,250,173,129,238,62,147,81,273,85,4,245,184,255,252,281,22,84,23,97,49,181,218,150,103,260,150,291,294,287,159,152,180,178,,,222,264,,,200,208,13,128,217,266,193,277,255,114,55,59,14,16,118,14,42,41,20,232,298,94,128,,290,,,202,36,30,65,40,67,126,57,22,44,14,50,186,248,17,247,249,92,111,28,32,26,97,27,269,201,218,38,49,77,103,39,126,117,85,53,264,274,63,186,,,135,77,,,200,90,277,41,201,147,118,242,191,269,46,94,269,288,287,272,286,271,140,229,115,45,289,128,,18,,,b'\x11\xe8\xe1I\xd5\x1a[r\x98|\x12\xdf\x17\xaeN\x1e'
11E8E149-D51A-5B72-987C-12DF17AE4E1E,2024-ncaa-d2-conf-SIAC,ncaa,14,14,2,14,2,8,9,5,14,12,12,12,4,1,11,1,5,5,7,4,1,6,2,14,14,14,1,2,5,2,4,2,7,2,3,8,3,14,14,13,8,10,4,7,,,14,14,,,14,2,3,1,10,14,10,14,14,3,1,10,8,5,8,2,3,4,2,10,14,9,6,,14,,,14,14,12,12,9,12,12,6,14,11,13,4,14,13,13,13,13,13,13,10,11,12,14,11,14,11,7,10,4,11,3,14,13,7,9,12,14,14,7,12,,,2,4,,,14,13,14,12,14,14,11,12,9,11,14,8,14,14,14,13,13,11,7,10,14,8,14,5,,2,,,b'\x11\xe8\xe1I\xd5\x1a[r\x98|\x12\xdf\x17\xaeN\x1e'
11E8E149-D51A-5B72-987C-12DF17AE4E1E,2024-ncaa-d2-natl,ncaa,269,284,172,273,174,229,261,180,291,271,250,273,147,63,273,41,109,71,260,74,11,161,56,285,277,297,25,74,26,18,18,118,209,49,70,228,139,299,299,297,92,122,111,145,,,266,234,,,271,80,22,18,251,287,167,288,265,138,37,93,50,50,120,10,10,52,9,239,299,77,109,,282,,,265,195,157,175,117,179,224,68,97,68,219,36,271,281,52,280,244,206,237,106,118,99,161,71,267,250,209,141,18,201,70,180,188,54,75,83,299,298,146,217,,,64,121,,,271,223,293,116,259,223,179,231,213,271,117,72,280,290,290,263,284,264,167,230,193,40,299,158,,25,,,b'\x11\xe8\xe1I\xd5\x1a[r\x98|\x12\xdf\x17\xaeN\x1e'
11E8E149-D51A-5B72-987C-12DF17AE4E1E,2025-ncaa-d2-conf-SIAC,genius_ncaa,10,10,6,10,6,5,4,5,3,6,12,2,3,1,4,2,13,9,13,9,7,6,4,2,4,7,4,2,14,7,9,7,9,6,9,4,6,13,12,8,9,11,10,9,,,14,13,,11,7,3,3,2,3,2,3,8,12,1,1,13,10,10,3,3,9,9,9,2,13,8,11,,14,,11,7,12,11,7,13,10,9,13,6,3,12,2,14,14,13,14,12,8,10,13,14,12,9,4,13,9,9,9,9,8,9,11,8,6,7,7,10,8,4,6,,,9,12,,9,7,11,6,11,8,14,10,7,11,11,7,4,14,13,13,12,13,8,10,9,12,6,10,4,,9,,10,b'\x11\xe8\xe1I\xd5\x1a[r\x98|\x12\xdf\x17\xaeN\x1e'
11E8E149-D51A-5B72-987C-12DF17AE4E1E,2025-ncaa-d2-natl,genius_ncaa,233,222,230,236,234,213,216,199,212,215,233,165,158,122,230,85,223,159,293,157,69,193,147,204,225,256,112,109,181,101,68,245,253,196,179,217,194,273,280,274,97,83,255,260,,,242,273,,85,198,170,35,58,178,169,91,177,184,117,69,191,87,85,85,21,51,214,111,193,294,55,248,,283,,128,197,84,60,40,162,114,130,115,31,19,158,16,270,279,61,279,285,79,130,121,161,89,119,30,297,189,253,78,68,109,179,42,77,66,36,28,221,233,41,65,,,213,234,,219,198,115,240,122,201,190,130,111,200,242,44,23,292,294,295,208,265,251,175,218,94,26,265,52,,136,,203,b'\x11\xe8\xe1I\xd5\x1a[r\x98|\x12\xdf\x17\xaeN\x1e'
11E8E149-D51A-5B72-987C-12DF17AE4E1E,2026-ncaa-d2-conf-SIAC,genius_ncaa,8,10,3,10,3,4,4,2,10,3,3,9,7,6,12,9,6,4,14,4,9,2,2,11,11,11,12,11,8,1,1,3,8,1,3,6,11,13,8,11,3,3,1,1,,,10,9,,2,9,3,2,1,6,5,3,3,2,9,6,8,5,5,3,1,1,3,1,8,13,3,1,,9,,2,9,11,10,9,7,8,10,6,9,8,9,6,10,12,3,12,12,10,11,7,8,6,11,9,8,9,8,12,1,11,3,11,9,3,3,7,11,8,6,5,,,3,8,,10,9,12,10,7,9,11,10,9,8,9,9,7,10,11,11,11,13,9,12,11,9,3,11,4,,2,,11,b'\x11\xe8\xe1I\xd5\x1a[r\x98|\x12\xdf\x17\xaeN\x1e'
11E8E149-D51A-5B72-987C-12DF17AE4E1E,2026-ncaa-d2-natl,genius_ncaa,201,144,221,202,233,236,221,193,225,145,114,223,275,266,286,278,183,100,293,102,135,179,152,254,265,272,281,286,93,20,3,229,252,120,56,241,248,242,272,274,48,22,71,66,,,135,174,,17,162,204,11,88,139,105,22,32,9,274,248,100,22,24,17,3,1,102,3,201,295,14,37,,266,,29,164,69,66,64,109,106,128,84,21,17,86,13,167,216,30,218,244,79,113,65,68,36,70,20,257,175,252,77,3,108,56,74,149,69,23,36,230,246,38,26,,,164,161,,271,162,102,234,51,158,166,133,191,207,274,28,20,269,289,289,258,291,269,172,242,147,13,281,58,,25,,272,b'\x11\xe8\xe1I\xd5\x1a[r\x98|\x12\xdf\x17\xaeN\x1e'
11E8E149-D51E-EFC0-987C-12DF17AE4E1E,2018-ncaa-d2-conf-NE10,ncaa,2,2,2,2,2,2,2,2,2,2,3,3,2,3,1,5,1,1,4,1,2,2,2,2,2,1,3,3,7,1,2,2,3,2,1,2,3,10,2,2,3,8,5,8,,,12,8,,,2,2,1,9,1,1,1,2,5,2,3,1,1,1,1,1,2,2,2,2,5,8,7,,9,,,2,12,12,14,3,12,14,4,12,12,6,7,8,7,14,7,3,14,14,3,3,3,8,11,9,11,3,10,2,11,1,9,7,3,7,6,8,4,13,11,,,1,5,,,2,14,1,3,2,8,8,13,7,13,9,10,6,3,3,12,14,8,3,5,5,7,6,14,,1,,,b'\x11\xe8\xe1I\xd5\x1e\xef\xc0\x98|\x12\xdf\x17\xaeN\x1e'
11E8E149-D51E-EFC0-987C-12DF17AE4E1E,2018-ncaa-d2-natl,ncaa,15,8,24,13,29,25,31,30,66,57,57,80,27,33,50,103,89,87,130,84,159,30,32,57,67,58,109,78,230,27,35,22,51,14,15,14,19,180,62,26,82,128,90,141,,,196,85,,,14,41,171,181,48,50,73,92,147,49,77,143,158,156,83,122,49,30,22,15,75,134,125,,77,,,14,145,181,270,22,202,277,24,139,193,48,116,80,67,231,70,18,257,263,17,15,18,80,129,88,202,51,211,35,215,15,173,140,65,117,82,119,47,285,251,,,60,162,,,14,268,34,17,14,20,49,165,75,203,63,111,27,20,20,116,124,113,79,81,68,127,54,255,,146,,,b'\x11\xe8\xe1I\xd5\x1e\xef\xc0\x98|\x12\xdf\x17\xaeN\x1e'
11E8E149-D51E-EFC0-987C-12DF17AE4E1E,2019-ncaa-d2-conf-NE10,ncaa,1,1,2,1,2,2,3,2,8,5,3,10,2,3,3,5,2,2,8,2,2,2,2,4,4,6,2,4,3,3,6,2,1,2,1,2,2,13,12,3,8,13,7,10,,,10,6,,,1,2,6,15,5,7,9,10,13,4,5,2,3,3,9,7,5,1,2,3,11,13,8,,6,,,2,8,13,13,2,12,13,1,8,11,3,8,5,5,3,5,2,13,13,2,1,1,4,11,5,6,1,11,6,12,1,7,3,3,10,4,4,1,15,15,,,2,3,,,1,14,4,1,2,2,4,11,4,13,6,7,3,3,3,8,6,3,3,4,2,11,1,14,,3,,,b'\x11\xe8\xe1I\xd5\x1e\xef\xc0\x98|\x12\xdf\x17\xaeN\x1e'
11E8E149-D51E-EFC0-987C-12DF17AE4E1E,2019-ncaa-d2-natl,ncaa,16,14,16,16,29,35,41,47,60,74,84,104,38,58,20,112,49,52,142,52,84,44,39,50,52,63,74,76,166,83,111,6,7,11,12,13,2,248,151,31,170,238,98,168,,,160,50,,,24,36,172,297,74,100,183,151,218,59,110,114,126,126,169,181,154,11,36,10,140,260,131,,35,,,27,156,212,291,32,221,293,20,163,166,152,69,30,33,114,34,6,278,270,26,16,26,60,161,20,101,7,226,111,181,12,178,131,91,171,122,99,33,294,291,,,26,77,,,24,281,58,15,25,28,64,164,91,250,74,66,12,10,10,106,83,32,58,39,83,190,34,276,,107,,,b'\x11\xe8\xe1I\xd5\x1e\xef\xc0\x98|\x12\xdf\x17\xaeN\x1e'
11E8E149-D51E-EFC0-987C-12DF17AE4E1E,2020-ncaa-d2-conf-NE10,ncaa,5,4,8,5,9,6,6,9,1,6,11,1,5,7,2,5,5,8,1,8,5,8,7,2,2,2,6,7,9,8,7,4,5,5,3,5,5,7,9,6,10,10,9,8,,,5,6,,,4,7,8,7,3,3,9,4,12,5,6,6,8,8,9,9,8,2,4,4,9,10,9,,7,,,4,4,5,10,2,5,10,2,5,9,7,8,5,2,14,2,2,10,8,3,3,4,8,9,7,9,5,2,7,4,3,4,4,10,10,9,8,9,5,5,,,7,5,,,4,8,3,4,4,5,6,12,3,10,8,10,7,3,3,11,11,11,3,4,5,11,9,5,,6,,,b'\x11\xe8\xe1I\xd5\x1e\xef\xc0\x98|\x12\xdf\x17\xaeN\x1e'
11E8E149-D51E-EFC0-987C-12DF17AE4E1E,2020-ncaa-d2-natl,ncaa,69,72,102,71,142,120,101,188,39,143,252,25,70,75,87,43,209,265,14,265,235,212,200,34,33,52,111,71,271,208,151,60,76,114,53,34,16,176,198,67,202,205,136,162,,,73,74,,,65,193,248,180,126,104,227,160,274,72,74,234,286,287,257,256,226,49,117,27,159,217,145,,54,,,61,69,112,200,48,111,218,29,160,145,175,148,27,18,304,18,4,147,129,50,45,69,118,227,40,138,76,49,151,72,53,134,164,193,183,163,170,192,71,121,,,198,154,,,65,125,74,72,58,53,95,181,96,199,145,133,15,8,6,106,72,121,31,42,117,211,155,60,,230,,,b'\x11\xe8\xe1I\xd5\x1e\xef\xc0\x98|\x12\xdf\x17\xaeN\x1e'
11E8E149-D51E-EFC0-987C-12DF17AE4E1E,2022-ncaa-d2-conf-NE10,ncaa,1,2,2,2,2,1,1,2,2,2,3,1,3,3,5,8,5,4,5,4,5,2,2,2,3,2,8,6,8,4,5,3,1,4,3,4,10,7,4,5,2,5,7,8,,,5,4,,,1,2,12,9,2,2,7,2,8,5,8,6,6,7,6,9,5,10,5,5,3,6,9,,3,,,1,11,11,11,13,11,8,11,5,7,5,7,3,3,13,3,3,8,11,10,9,6,3,5,3,1,1,8,5,5,3,6,3,1,2,1,5,3,4,2,,,1,3,,,1,13,2,2,1,3,6,2,9,4,4,4,3,2,2,1,2,1,1,1,4,5,2,2,,4,,,b'\x11\xe8\xe1I\xd5\x1e\xef\xc0\x98|\x12\xdf\x17\xaeN\x1e'
11E8E149-D51E-EFC0-987C-12DF17AE4E1E,2022-ncaa-d2-natl,ncaa,78,65,146,74,166,145,134,176,76,135,177,67,129,149,111,117,184,209,63,206,210,187,203,74,82,81,157,131,216,161,130,176,33,175,60,166,208,71,99,115,124,89,107,87,,,45,77,,,63,213,261,135,133,113,177,120,179,115,137,195,223,223,201,234,164,187,191,174,70,129,103,,37,,,56,43,90,69,186,137,116,180,48,49,112,97,22,13,290,12,13,44,75,157,150,99,28,87,44,19,33,77,130,42,60,51,72,117,54,59,39,55,144,168,,,173,114,,,63,89,71,61,55,28,81,33,133,101,49,40,20,6,4,17,24,15,70,24,67,115,35,148,,179,,,b'\x11\xe8\xe1I\xd5\x1e\xef\xc0\x98|\x12\xdf\x17\xaeN\x1e'
11E8E149-D51E-EFC0-987C-12DF17AE4E1E,2023-ncaa-d2-conf-NE10,ncaa,1,4,1,3,1,1,1,2,4,2,3,4,1,1,2,5,2,3,3,3,4,2,2,4,2,1,2,4,7,3,7,2,1,1,2,2,6,7,4,2,3,5,5,7,,,8,4,,,1,2,10,7,4,3,8,9,9,3,4,6,7,7,7,11,7,3,5,4,1,7,6,,3,,,1,7,8,12,2,11,12,3,1,6,1,3,2,5,1,5,2,12,12,2,2,2,1,1,3,3,1,12,7,9,2,3,1,3,7,2,5,2,12,12,,,2,4,,,1,12,1,2,1,1,2,3,6,9,1,3,2,2,2,2,1,1,4,2,1,9,2,12,,6,,,b'\x11\xe8\xe1I\xd5\x1e\xef\xc0\x98|\x12\xdf\x17\xaeN\x1e'
11E8E149-D51E-EFC0-987C-12DF17AE4E1E,2023-ncaa-d2-natl,ncaa,42,67,17,57,27,67,63,40,121,74,47,165,61,92,35,150,116,144,76,140,232,53,65,101,107,80,122,94,210,70,139,22,12,37,35,54,96,92,41,44,103,134,83,147,,,121,58,,,25,69,277,205,167,152,187,184,163,97,166,209,242,235,210,274,158,81,101,103,22,186,128,,23,,,27,87,156,235,37,238,279,49,24,66,5,35,42,65,52,70,14,217,215,14,5,22,6,19,63,68,12,241,139,188,35,71,51,117,150,81,49,26,281,264,,,93,155,,,25,234,74,11,18,3,19,46,111,197,5,14,9,14,15,20,7,17,87,39,17,217,8,265,,232,,,b'\x11\xe8\xe1I\xd5\x1e\xef\xc0\x98|\x12\xdf\x17\xaeN\x1e'
11E8E149-D51E-EFC0-987C-12DF17AE4E1E,2024-ncaa-d2-conf-NE10,ncaa,1,1,3,1,3,2,2,3,2,8,6,6,1,2,1,2,2,4,2,4,5,2,3,2,2,2,1,1,5,6,4,3,2,3,3,3,4,2,1,1,7,7,8,10,,,2,4,,,1,4,9,6,2,3,5,8,9,1,2,3,4,4,5,6,7,4,4,2,1,7,8,,2,,,1,3,6,8,6,10,10,6,1,4,2,3,4,2,11,2,1,7,7,5,6,5,1,1,7,3,2,4,4,3,3,2,2,7,9,3,1,1,12,11,,,4,3,,,1,9,1,4,1,2,3,6,6,7,1,2,2,2,2,3,4,3,4,3,2,8,1,11,,4,,,b'\x11\xe8\xe1I\xd5\x1e\xef\xc0\x98|\x12\xdf\x17\xaeN\x1e'
11E8E149-D51E-EFC0-987C-12DF17AE4E1E,2024-ncaa-d2-natl,ncaa,13,20,8,14,10,47,53,40,107,98,66,189,17,56,6,98,83,133,16,136,219,51,65,73,59,49,46,31,200,95,138,36,18,44,47,48,93,86,35,35,184,219,135,208,,,107,46,,,22,59,295,227,146,161,219,234,223,41,135,189,251,257,238,288,195,162,187,107,7,253,197,,10,,,32,145,202,245,89,263,285,77,23,47,22,15,100,78,254,71,14,218,211,46,46,63,5,8,79,75,18,222,138,177,47,72,26,134,179,91,15,4,296,280,,,56,92,,,22,237,44,40,24,8,25,17,124,183,4,4,24,15,13,6,3,14,37,14,15,242,2,264,,215,,,b'\x11\xe8\xe1I\xd5\x1e\xef\xc0\x98|\x12\xdf\x17\xaeN\x1e'
11E8E149-D51E-EFC0-987C-12DF17AE4E1E,2025-ncaa-d2-conf-NE10,genius_ncaa,1,1,1,1,1,1,1,1,1,3,6,1,1,1,1,3,3,5,2,5,5,2,1,1,1,1,1,1,8,5,3,1,1,1,1,2,5,5,3,1,2,2,9,10,,,5,2,,6,1,2,10,10,1,1,7,5,11,1,2,6,7,7,7,10,9,2,6,3,1,4,10,,1,,2,1,4,7,10,1,7,10,1,4,7,2,5,1,2,4,2,1,10,9,1,1,2,2,6,2,3,1,4,3,4,1,2,1,4,5,1,2,1,9,8,,,4,5,,11,1,11,1,1,1,1,2,3,2,5,3,4,1,1,1,1,2,1,1,1,1,8,1,6,,7,,11,b'\x11\xe8\xe1I\xd5\x1e\xef\xc0\x98|\x12\xdf\x17\xaeN\x1e'
11E8E149-D51E-EFC0-987C-12DF17AE4E1E,2025-ncaa-d2-natl,genius_ncaa,3,3,2,4,5,12,15,22,15,33,70,23,4,10,6,50,77,98,50,96,163,25,30,9,10,8,56,38,257,79,126,5,4,13,14,6,16,116,21,4,70,125,68,109,,,141,35,,138,6,26,293,207,61,57,230,154,263,21,77,213,245,246,245,293,213,73,146,16,10,191,145,,7,,62,6,173,208,273,45,193,270,29,208,230,134,158,43,62,84,56,8,258,260,47,30,40,105,205,29,59,4,239,126,167,14,173,115,64,125,96,34,2,247,206,,,49,136,,172,6,277,9,18,5,5,16,23,17,48,74,63,2,4,2,5,3,3,16,3,28,215,1,120,,248,,246,b'\x11\xe8\xe1I\xd5\x1e\xef\xc0\x98|\x12\xdf\x17\xaeN\x1e'
11E8E149-D51E-EFC0-987C-12DF17AE4E1E,2026-ncaa-d2-conf-NE10,genius_ncaa,2,1,6,1,6,5,5,6,2,4,6,1,7,8,6,9,5,5,5,6,7,6,6,2,2,2,10,10,8,5,1,6,1,6,1,8,10,3,1,6,7,5,6,4,,,6,10,,5,1,7,7,1,2,1,2,1,1,6,8,4,4,4,4,5,1,3,1,8,1,6,4,,9,,5,1,5,4,4,3,2,3,4,5,5,6,7,3,4,5,4,8,4,3,4,3,4,8,7,5,3,1,3,1,3,1,5,10,8,6,7,2,1,5,3,,,7,7,,6,1,3,1,4,1,3,2,2,2,2,6,5,4,5,5,2,1,1,1,1,3,7,1,5,,7,,8,b'\x11\xe8\xe1I\xd5\x1e\xef\xc0\x98|\x12\xdf\x17\xaeN\x1e'
11E8E149-D51E-EFC0-987C-12DF17AE4E1E,2026-ncaa-d2-natl,genius_ncaa,65,13,221,36,233,208,155,232,18,142,212,22,167,207,85,138,269,277,136,278,286,239,257,21,37,28,241,148,283,189,77,259,19,243,37,88,32,22,48,5,133,32,164,77,,,49,226,,60,20,262,261,88,64,18,85,28,108,111,140,262,276,280,140,219,119,210,174,9,36,70,117,,102,,100,9,21,23,18,138,25,28,103,34,18,196,108,39,40,85,38,150,20,28,138,123,60,144,150,160,8,19,31,77,18,37,60,263,186,23,94,6,6,62,87,,,278,282,,284,20,34,18,34,11,16,22,3,39,29,62,24,59,61,60,3,7,4,46,14,122,79,4,101,,286,,284,b'\x11\xe8\xe1I\xd5\x1e\xef\xc0\x98|\x12\xdf\x17\xaeN\x1e'
11E8E149-D523-D576-987C-12DF17AE4E1E,2018-ncaa-d2-conf-PacWest,ncaa,7,5,7,6,14,11,11,13,10,14,14,12,2,2,3,1,13,12,9,12,2,13,13,6,6,9,1,1,11,12,9,9,9,11,7,13,11,7,12,12,10,6,9,9,,,3,9,,,9,14,13,14,11,11,12,14,14,1,2,12,12,12,13,13,12,8,10,13,9,9,9,,4,,,9,2,3,4,5,3,2,6,11,13,8,14,1,1,6,1,4,1,2,8,6,8,12,14,3,9,9,2,9,3,7,5,10,12,9,9,5,6,2,12,,,14,10,,,9,2,9,7,9,4,4,5,3,3,12,14,2,1,1,4,3,9,3,5,6,12,6,4,,14,,,b'\x11\xe8\xe1I\xd5#\xd5v\x98|\x12\xdf\x17\xaeN\x1e'
11E8E149-D523-D576-987C-12DF17AE4E1E,2018-ncaa-d2-natl,ncaa,161,112,276,141,291,261,280,290,222,306,306,254,33,46,47,3,274,278,145,279,50,291,295,117,127,144,4,2,226,271,239,235,194,255,208,277,214,50,195,223,250,208,274,260,,,35,124,,,204,294,216,300,204,251,240,305,308,5,9,242,252,253,252,249,231,96,174,258,143,214,269,,119,,,206,45,52,60,122,23,18,160,227,235,163,304,31,32,150,29,141,42,27,179,163,201,269,300,75,122,194,52,239,70,208,113,213,281,244,247,50,164,14,184,,,283,201,,,204,18,166,227,201,175,182,215,82,62,284,301,91,90,84,190,137,217,194,214,216,253,115,40,,252,,,b'\x11\xe8\xe1I\xd5#\xd5v\x98|\x12\xdf\x17\xaeN\x1e'
11E8E149-D523-D576-987C-12DF17AE4E1E,2019-ncaa-d2-conf-PacWest,ncaa,6,6,7,6,7,7,8,11,4,10,11,4,6,4,6,1,11,11,10,11,5,11,11,4,5,7,4,1,11,10,8,7,4,8,5,8,8,11,11,10,4,3,4,4,,,6,9,,,6,10,11,2,7,7,11,10,11,5,2,11,11,11,11,11,10,7,7,7,11,4,4,,8,,,6,2,2,3,5,1,1,4,12,11,11,12,4,4,6,4,9,2,2,6,6,5,12,12,6,3,4,3,8,3,5,6,8,5,3,6,10,12,1,2,,,10,11,,,6,3,7,5,6,5,4,4,2,2,12,11,5,4,5,3,4,3,6,6,6,4,11,1,,10,,,b'\x11\xe8\xe1I\xd5#\xd5v\x98|\x12\xdf\x17\xaeN\x1e'
11E8E149-D523-D576-987C-12DF17AE4E1E,2019-ncaa-d2-natl,ncaa,194,213,182,207,216,217,216,234,175,265,289,100,81,61,185,15,273,230,288,230,70,236,205,127,165,212,47,24,262,234,242,118,148,163,173,202,162,243,274,241,116,109,160,116,,,205,229,,,197,192,135,224,227,231,260,276,298,61,36,274,225,225,256,196,240,53,123,195,263,98,146,,236,,,194,98,49,141,29,10,54,15,292,279,236,292,182,180,144,177,242,136,136,71,82,97,311,304,216,191,148,144,242,171,173,119,223,161,161,129,284,288,10,33,,,237,230,,,197,124,236,110,185,125,63,173,12,48,294,291,199,198,196,184,190,219,182,207,134,148,281,7,,237,,,b'\x11\xe8\xe1I\xd5#\xd5v\x98|\x12\xdf\x17\xaeN\x1e'
11E8E149-D523-D576-987C-12DF17AE4E1E,2020-ncaa-d2-conf-PacWest,ncaa,3,4,1,4,1,7,6,7,5,10,12,6,2,1,2,1,10,11,4,11,9,8,8,2,3,6,1,1,11,7,8,6,5,7,6,5,3,10,10,6,2,2,7,3,,,10,11,,,4,7,9,5,8,8,8,11,12,2,2,10,11,11,10,9,10,7,8,5,9,3,7,,10,,,4,2,2,4,3,2,3,2,7,9,5,11,7,6,3,7,12,4,5,3,5,2,10,10,10,5,5,7,8,6,6,5,10,1,1,2,10,10,5,8,,,11,12,,,4,6,6,3,4,2,1,1,2,1,5,7,5,5,5,2,4,4,4,5,4,2,9,3,,11,,,b'\x11\xe8\xe1I\xd5#\xd5v\x98|\x12\xdf\x17\xaeN\x1e'
11E8E149-D523-D576-987C-12DF17AE4E1E,2020-ncaa-d2-natl,ncaa,82,100,54,94,89,113,127,87,171,241,259,163,17,18,67,6,217,260,42,260,217,123,121,102,116,123,14,8,282,180,228,72,98,108,148,73,45,176,154,101,26,27,145,119,,,261,245,,,70,103,173,227,153,172,154,281,292,18,19,262,291,294,196,211,216,101,155,85,125,32,173,,232,,,70,78,47,134,33,26,56,39,215,269,73,287,213,230,65,228,273,151,208,44,54,39,297,268,258,152,98,229,228,211,148,137,261,44,47,60,134,125,87,135,,,266,307,,,70,217,137,35,67,38,20,42,9,15,178,242,168,192,191,50,122,116,173,153,97,59,100,59,,305,,,b'\x11\xe8\xe1I\xd5#\xd5v\x98|\x12\xdf\x17\xaeN\x1e'
11E8E149-D523-D576-987C-12DF17AE4E1E,2021-ncaa-d2-conf-PacWest,ncaa,7,9,3,8,3,4,4,4,4,7,7,2,3,3,2,2,5,3,6,4,3,4,4,2,2,4,2,2,8,4,6,7,9,5,8,4,3,9,8,6,2,1,6,5,,,8,7,,,8,4,6,1,6,6,7,9,9,3,3,8,6,6,7,5,6,9,7,3,9,2,7,,7,,,8,7,7,7,7,6,4,8,9,9,7,10,7,7,5,7,8,7,8,8,8,8,9,10,5,9,9,5,6,7,8,9,10,4,5,9,10,9,7,7,,,3,5,,,8,7,5,8,8,7,6,5,4,2,10,10,7,6,6,5,7,8,5,6,9,3,9,6,,4,,,b'\x11\xe8\xe1I\xd5#\xd5v\x98|\x12\xdf\x17\xaeN\x1e'
11E8E149-D523-D576-987C-12DF17AE4E1E,2021-ncaa-d2-natl,ncaa,159,135,165,166,165,153,151,166,69,167,187,47,86,107,66,19,167,160,154,160,37,167,164,44,51,73,25,27,168,166,132,168,170,169,155,132,56,78,162,89,117,56,158,133,,,87,175,,,136,163,105,19,75,89,110,147,203,19,21,139,124,122,114,102,133,122,125,56,154,51,150,,188,,,132,70,71,67,124,59,50,153,122,116,133,217,75,75,126,72,173,65,65,155,159,166,200,204,120,88,170,61,132,67,155,125,217,159,132,199,100,180,78,175,,,157,72,,,136,62,85,182,137,174,155,159,91,59,207,219,155,147,136,163,147,172,123,155,209,116,181,118,,71,,,b'\x11\xe8\xe1I\xd5#\xd5v\x98|\x12\xdf\x17\xaeN\x1e'
11E8E149-D523-D576-987C-12DF17AE4E1E,2022-ncaa-d2-conf-PacWest,ncaa,4,5,1,5,2,3,3,4,2,6,8,2,2,1,4,1,9,10,2,10,9,5,5,2,3,3,2,1,11,7,7,3,4,5,6,4,5,9,8,6,3,3,5,5,,,7,7,,,5,4,7,5,5,5,7,7,10,2,2,10,11,10,10,8,8,5,7,5,7,3,6,,3,,,5,7,7,8,3,3,4,6,9,10,4,10,6,6,9,6,6,8,7,5,5,4,9,8,6,4,4,8,7,6,6,10,10,3,4,6,9,8,10,10,,,10,11,,,5,7,3,6,5,4,3,4,2,1,8,8,3,3,3,3,3,4,4,3,8,4,7,8,,11,,,b'\x11\xe8\xe1I\xd5#\xd5v\x98|\x12\xdf\x17\xaeN\x1e'
11E8E149-D523-D576-987C-12DF17AE4E1E,2022-ncaa-d2-natl,ncaa,78,81,106,89,124,106,90,122,71,146,211,51,37,35,68,22,253,267,69,266,260,143,133,49,61,93,80,24,290,189,200,71,103,106,111,77,97,186,181,109,42,38,187,190,,,135,96,,,76,124,142,158,103,77,138,174,259,28,32,280,288,289,193,190,216,41,110,67,165,39,203,,113,,,75,119,130,194,38,79,111,92,230,279,67,280,82,88,147,81,102,175,182,63,50,58,245,262,81,183,103,155,200,164,111,211,256,102,125,161,239,234,274,288,,,270,298,,,76,180,115,60,70,77,83,184,45,67,223,274,64,69,62,142,160,154,131,140,183,120,228,272,,296,,,b'\x11\xe8\xe1I\xd5#\xd5v\x98|\x12\xdf\x17\xaeN\x1e'
11E8E149-D523-D576-987C-12DF17AE4E1E,2023-ncaa-d2-conf-PacWest,ncaa,5,4,6,5,6,6,8,9,6,9,11,4,2,1,4,1,5,8,3,8,2,9,8,4,4,6,1,1,7,7,7,4,3,4,2,7,6,8,9,7,6,6,9,7,,,3,5,,,4,9,9,2,5,8,11,9,11,1,1,5,8,8,11,8,6,1,3,7,9,6,9,,3,,,4,4,3,4,1,1,2,3,11,11,10,11,2,2,3,2,5,4,4,7,3,3,11,11,3,5,3,2,7,4,2,9,11,7,8,8,7,8,1,6,,,10,9,,,4,3,5,5,5,6,5,8,1,1,11,11,2,2,2,8,7,7,4,5,9,7,8,3,,10,,,b'\x11\xe8\xe1I\xd5#\xd5v\x98|\x12\xdf\x17\xaeN\x1e'
11E8E149-D523-D576-987C-12DF17AE4E1E,2023-ncaa-d2-natl,ncaa,152,139,197,152,198,182,204,212,161,277,293,94,33,30,116,3,241,262,79,260,87,225,213,85,99,149,6,4,231,232,212,122,84,173,128,165,116,191,233,196,185,170,237,212,,,85,114,,,143,205,162,7,157,187,186,280,296,14,7,231,256,252,215,161,216,50,111,152,224,160,231,,123,,,143,74,80,120,73,28,38,90,265,268,186,290,21,32,68,25,111,98,90,129,111,118,284,292,43,91,84,90,212,84,128,220,283,176,152,226,194,226,19,122,,,266,268,,,143,99,162,112,141,123,136,221,34,46,282,290,47,58,52,177,171,128,156,141,253,150,220,32,,264,,,b'\x11\xe8\xe1I\xd5#\xd5v\x98|\x12\xdf\x17\xaeN\x1e'
11E8E149-D523-D576-987C-12DF17AE4E1E,2024-ncaa-d2-conf-PacWest,ncaa,5,5,5,5,5,6,6,10,4,10,11,4,1,2,1,1,11,11,3,11,7,11,10,1,2,5,1,1,10,11,9,2,6,7,6,5,5,9,9,7,7,8,8,7,,,2,3,,,6,9,11,8,10,9,10,10,11,1,1,11,11,11,11,11,11,3,7,4,8,8,8,,3,,,6,2,2,7,3,1,1,6,10,11,2,11,2,3,3,3,6,4,3,4,3,5,11,11,3,7,6,5,9,6,6,8,10,10,9,10,10,11,1,4,,,11,10,,,6,3,6,6,6,3,4,7,1,1,9,11,3,3,3,6,3,6,5,7,8,10,9,1,,11,,,b'\x11\xe8\xe1I\xd5#\xd5v\x98|\x12\xdf\x17\xaeN\x1e'
11E8E149-D523-D576-987C-12DF17AE4E1E,2024-ncaa-d2-natl,ncaa,136,151,117,142,141,204,203,237,152,270,291,95,36,28,106,5,271,271,188,269,134,246,226,89,120,169,15,2,279,238,239,108,159,165,177,171,100,229,266,204,174,164,164,106,,,87,83,,,164,213,263,150,247,247,285,292,299,24,21,284,282,283,297,281,253,87,183,187,203,183,173,,69,,,162,64,69,161,27,28,26,150,252,296,12,298,41,45,85,51,167,140,116,52,41,66,276,286,55,207,159,121,239,163,177,180,265,202,202,213,269,283,64,208,,,247,227,,,164,91,197,89,155,41,41,171,18,8,247,299,35,39,44,128,89,198,93,134,169,209,255,56,,271,,,b'\x11\xe8\xe1I\xd5#\xd5v\x98|\x12\xdf\x17\xaeN\x1e'
11E8E149-D523-D576-987C-12DF17AE4E1E,2025-ncaa-d2-conf-PacWest,genius_ncaa,9,9,4,9,5,13,8,10,6,9,11,4,5,5,10,3,14,14,8,14,14,14,14,7,7,8,8,4,14,13,12,9,8,12,10,4,2,6,9,3,12,12,11,11,,,3,7,,5,11,13,14,4,14,9,12,10,12,5,5,14,14,14,14,14,13,10,13,3,5,12,11,,3,,5,11,4,7,4,10,3,3,11,11,12,9,11,4,4,7,4,4,4,2,11,11,12,9,11,4,8,8,6,12,7,10,10,11,13,12,14,7,12,4,7,,,14,14,,5,11,2,8,12,12,5,6,5,6,3,12,12,4,4,4,5,2,7,5,5,9,13,7,4,,14,,5,b'\x11\xe8\xe1I\xd5#\xd5v\x98|\x12\xdf\x17\xaeN\x1e'
11E8E149-D523-D576-987C-12DF17AE4E1E,2025-ncaa-d2-natl,genius_ncaa,233,281,72,252,87,233,194,175,216,227,261,129,97,49,233,13,293,293,199,293,298,219,218,192,230,230,127,37,299,269,285,94,139,176,238,112,43,168,223,144,227,232,232,236,,,111,118,,187,259,187,290,155,293,273,282,284,294,114,66,299,300,301,299,297,289,125,246,148,129,254,255,,59,,160,242,148,156,193,117,114,116,143,249,254,167,259,58,76,85,69,83,167,131,150,123,186,235,265,48,185,139,234,285,222,238,146,133,243,255,233,212,267,124,234,,,286,294,,112,259,120,253,195,255,87,106,116,62,46,227,236,37,48,42,77,28,150,193,164,120,271,186,106,,299,,126,b'\x11\xe8\xe1I\xd5#\xd5v\x98|\x12\xdf\x17\xaeN\x1e'
11E8E149-D523-D576-987C-12DF17AE4E1E,2026-ncaa-d2-conf-PacWest,genius_ncaa,2,5,1,5,1,2,2,1,9,3,3,4,3,1,11,1,1,1,2,1,3,1,1,10,9,6,4,8,5,1,9,1,11,1,11,2,6,11,7,8,2,6,1,2,,,12,5,,7,7,1,3,2,5,6,4,7,12,8,2,4,6,6,3,3,7,1,4,7,8,5,2,,8,,6,7,11,11,11,2,9,11,1,11,11,10,10,10,11,5,11,6,11,12,4,3,5,12,11,9,11,11,12,9,12,11,11,12,1,7,8,11,6,9,7,,,3,7,,2,7,12,8,6,7,8,6,11,3,8,11,10,8,9,7,11,12,11,11,12,8,4,7,4,,8,,4,b'\x11\xe8\xe1I\xd5#\xd5v\x98|\x12\xdf\x17\xaeN\x1e'
11E8E149-D523-D576-987C-12DF17AE4E1E,2026-ncaa-d2-natl,genius_ncaa,107,98,141,113,145,198,197,194,165,229,253,75,97,68,189,10,191,233,34,230,128,212,191,125,121,165,47,50,179,202,211,206,283,220,265,161,114,177,233,189,70,62,71,56,,,144,141,,105,152,184,204,29,185,195,207,237,281,73,27,178,246,244,239,199,206,224,238,150,211,54,64,,183,,117,152,110,89,128,36,70,98,35,176,187,120,221,167,134,253,137,191,128,142,49,67,66,256,212,217,263,283,135,211,186,265,91,118,119,99,71,188,230,82,147,,,263,290,,188,152,110,172,119,157,109,79,180,55,111,191,224,194,164,171,174,214,282,157,248,94,83,210,80,,292,,194,b'\x11\xe8\xe1I\xd5#\xd5v\x98|\x12\xdf\x17\xaeN\x1e'
11E8E149-D528-214E-987C-12DF17AE4E1E,2018-ncaa-d2-conf-RMAC,ncaa,3,3,2,3,3,4,4,6,5,4,6,5,5,7,7,7,4,1,14,1,1,5,4,7,6,7,6,8,4,7,7,6,8,5,6,6,9,11,8,9,2,3,11,11,,,15,14,,,5,3,8,14,6,8,11,7,9,8,7,5,2,2,8,8,6,12,8,9,7,3,13,,13,,,6,8,4,9,6,5,4,6,12,13,6,11,12,12,2,12,15,11,13,7,7,3,15,12,11,12,8,12,7,12,6,9,10,1,3,2,8,5,9,8,,,1,2,,,5,13,8,3,4,3,2,2,1,1,8,10,11,12,11,2,7,6,6,5,4,3,7,7,,2,,,b'\x11\xe8\xe1I\xd5(!N\x98|\x12\xdf\x17\xaeN\x1e'
11E8E149-D528-214E-987C-12DF17AE4E1E,2018-ncaa-d2-natl,ncaa,57,53,64,57,94,125,136,172,110,154,187,101,126,130,131,132,93,72,208,78,38,158,164,104,110,114,112,146,89,161,145,146,83,156,113,124,135,132,136,129,75,59,280,274,,,256,292,,,64,158,256,206,171,190,272,199,248,151,163,105,85,89,246,258,209,229,226,166,85,92,289,,234,,,61,56,32,73,52,28,47,81,132,179,55,243,207,224,83,223,280,89,140,72,90,47,274,194,263,85,83,122,145,103,113,56,170,62,37,30,100,100,49,72,,,53,15,,,64,153,115,28,57,12,9,11,7,5,110,142,173,193,193,18,41,43,52,47,36,83,72,34,,66,,,b'\x11\xe8\xe1I\xd5(!N\x98|\x12\xdf\x17\xaeN\x1e'
11E8E149-D528-214E-987C-12DF17AE4E1E,2019-ncaa-d2-conf-RMAC,ncaa,7,7,5,8,6,4,6,4,7,11,8,8,2,4,1,5,5,7,6,7,7,6,5,6,6,5,5,3,9,6,6,10,7,9,10,2,2,9,7,4,6,6,8,5,,,12,12,,,6,4,5,4,3,5,3,11,9,2,4,6,6,6,4,3,6,10,9,2,9,6,7,,13,,,6,10,9,7,11,7,4,12,6,8,8,8,12,13,4,13,14,8,10,12,13,12,10,6,13,5,7,10,6,9,10,12,12,4,6,6,13,9,7,11,,,9,13,,,6,10,5,9,6,10,9,5,9,4,7,6,12,13,13,6,9,6,9,8,10,6,12,8,,7,,,b'\x11\xe8\xe1I\xd5(!N\x98|\x12\xdf\x17\xaeN\x1e'
11E8E149-D528-214E-987C-12DF17AE4E1E,2019-ncaa-d2-natl,ncaa,110,95,182,105,189,171,182,213,134,238,243,170,71,105,24,64,221,222,157,222,142,219,229,86,94,99,40,38,224,209,188,191,41,214,116,94,23,86,150,75,144,84,169,121,,,126,219,,,92,229,259,46,152,158,206,249,253,49,83,205,211,211,218,241,198,174,198,61,119,130,159,,147,,,89,38,36,42,128,39,39,129,117,111,180,212,124,127,138,131,226,47,55,147,153,127,241,223,214,24,41,106,188,46,116,92,215,166,92,119,191,237,90,154,,,255,222,,,92,72,100,93,94,61,46,31,45,34,152,131,146,155,157,37,39,29,131,71,108,156,213,93,,253,,,b'\x11\xe8\xe1I\xd5(!N\x98|\x12\xdf\x17\xaeN\x1e'
11E8E149-D528-214E-987C-12DF17AE4E1E,2020-ncaa-d2-conf-RMAC,ncaa,5,5,6,5,11,5,10,11,9,14,14,10,4,5,4,4,3,3,5,3,2,7,11,4,5,3,2,3,3,8,9,13,14,12,12,10,10,6,6,9,5,5,10,10,,,16,15,,,6,11,7,13,3,10,8,14,14,4,4,3,3,3,6,9,8,14,13,9,7,3,10,,16,,,6,5,5,3,8,6,8,7,5,3,9,5,16,15,8,15,15,5,8,6,8,4,11,5,15,13,14,5,9,8,12,3,3,1,2,2,7,6,13,14,,,4,2,,,6,6,4,4,6,5,4,3,7,7,5,4,16,14,14,4,10,12,6,8,3,1,7,12,,5,,,b'\x11\xe8\xe1I\xd5(!N\x98|\x12\xdf\x17\xaeN\x1e'
11E8E149-D528-214E-987C-12DF17AE4E1E,2020-ncaa-d2-natl,ncaa,95,100,102,99,171,150,187,194,172,261,277,171,42,49,69,32,115,118,145,117,22,182,197,114,115,106,13,23,94,176,174,211,150,215,181,201,189,98,115,154,92,66,223,193,,,260,298,,,78,203,263,298,169,217,239,284,295,43,43,112,125,126,223,252,187,255,256,218,78,97,237,,258,,,79,57,34,40,68,45,51,87,74,93,78,154,244,229,205,226,280,57,97,70,103,61,257,130,294,114,150,136,174,129,181,30,66,77,45,26,112,134,155,246,,,125,51,,,78,104,114,68,76,39,19,9,27,25,69,71,231,218,214,18,44,101,113,98,21,74,97,149,,121,,,b'\x11\xe8\xe1I\xd5(!N\x98|\x12\xdf\x17\xaeN\x1e'
11E8E149-D528-214E-987C-12DF17AE4E1E,2021-ncaa-d2-conf-RMAC,ncaa,3,8,1,6,1,1,2,2,9,4,3,10,1,1,4,1,4,3,3,3,4,2,2,5,5,4,1,1,8,3,11,2,4,3,11,4,11,14,8,9,2,3,6,8,,,14,11,,,5,1,9,4,7,10,6,14,14,1,1,7,8,8,7,10,9,10,11,11,8,3,9,,12,,,5,14,14,13,9,14,13,10,14,12,10,4,13,13,7,13,9,13,14,9,9,6,7,5,9,13,4,14,11,14,11,11,1,1,3,2,11,3,13,9,,,2,8,,,5,14,8,5,6,4,5,3,5,4,5,2,6,7,7,3,6,3,11,8,3,3,3,8,,8,,,b'\x11\xe8\xe1I\xd5(!N\x98|\x12\xdf\x17\xaeN\x1e'
11E8E149-D528-214E-987C-12DF17AE4E1E,2021-ncaa-d2-natl,ncaa,35,135,19,74,22,43,56,35,152,106,84,179,9,9,34,20,45,51,65,53,55,35,36,97,93,91,1,8,117,68,172,54,65,62,162,91,184,172,76,149,16,28,86,137,,,213,184,,,72,36,171,54,127,164,142,213,213,17,27,127,147,154,147,173,160,188,202,190,51,47,160,,137,,,80,177,172,166,155,170,162,125,180,157,190,106,184,193,108,189,147,168,187,158,161,100,144,131,127,128,65,211,172,192,162,125,17,15,29,11,144,49,186,168,,,47,135,,,72,190,106,78,82,55,64,19,62,38,104,55,87,86,87,11,36,29,137,80,16,47,38,111,,170,,,b'\x11\xe8\xe1I\xd5(!N\x98|\x12\xdf\x17\xaeN\x1e'
11E8E149-D528-214E-987C-12DF17AE4E1E,2022-ncaa-d2-conf-RMAC,ncaa,5,2,8,4,8,9,12,14,12,15,15,12,1,2,3,1,3,5,7,5,1,11,13,7,6,6,1,1,2,9,7,11,11,10,10,13,14,5,5,10,4,4,15,14,,,8,9,,,6,14,15,5,10,12,14,15,15,1,1,4,4,4,12,13,7,11,11,13,4,4,15,,8,,,6,1,3,1,7,3,2,9,3,5,2,12,4,4,7,4,8,1,2,8,6,6,6,7,9,5,11,4,7,3,10,1,3,5,4,4,2,3,12,15,,,5,1,,,6,2,6,5,6,3,3,2,4,2,4,8,3,3,3,2,2,4,6,6,1,5,3,12,,4,,,b'\x11\xe8\xe1I\xd5(!N\x98|\x12\xdf\x17\xaeN\x1e'
11E8E149-D528-214E-987C-12DF17AE4E1E,2022-ncaa-d2-natl,ncaa,68,81,64,79,83,145,199,180,222,278,277,235,24,25,64,12,75,78,136,81,3,158,168,146,128,128,2,6,49,121,107,210,155,183,151,224,226,113,125,208,46,22,272,272,,,230,275,,,110,189,297,92,219,270,280,297,298,25,27,94,107,111,261,279,152,289,261,265,71,56,291,,182,,,113,111,106,77,210,101,69,224,143,141,150,209,121,127,141,129,212,78,118,213,208,143,188,184,166,93,155,129,107,110,151,70,80,80,41,42,75,81,202,282,,,69,13,,,110,127,114,131,99,32,33,7,43,8,115,97,98,95,99,5,15,67,55,49,43,114,44,182,,88,,,b'\x11\xe8\xe1I\xd5(!N\x98|\x12\xdf\x17\xaeN\x1e'
11E8E149-D528-214E-987C-12DF17AE4E1E,2023-ncaa-d2-conf-RMAC,ncaa,3,3,2,3,2,5,6,6,11,10,10,14,5,4,2,4,6,6,8,6,5,5,4,9,10,8,3,3,7,6,8,3,2,4,6,13,14,11,10,14,3,3,5,5,,,10,9,,,4,5,12,3,10,12,11,13,12,4,6,8,7,7,11,10,7,5,8,14,8,4,5,,6,,,4,4,4,8,3,2,4,5,8,12,4,14,4,5,1,5,9,6,11,4,4,1,12,10,6,1,2,10,8,9,6,1,2,5,4,3,10,8,6,6,,,5,6,,,4,11,8,1,4,1,1,2,1,1,6,8,3,4,4,1,2,1,7,4,1,7,8,4,,8,,,b'\x11\xe8\xe1I\xd5(!N\x98|\x12\xdf\x17\xaeN\x1e'
11E8E149-D528-214E-987C-12DF17AE4E1E,2023-ncaa-d2-natl,ncaa,36,46,30,43,31,91,122,108,168,199,172,207,41,53,44,58,87,75,171,73,42,94,74,119,110,132,17,33,115,109,183,60,41,71,108,231,284,208,168,247,35,28,118,88,,,244,232,,,74,73,269,101,199,234,261,275,273,59,83,148,146,138,249,252,190,132,173,281,126,59,161,,141,,,78,141,133,162,103,95,108,136,204,236,99,242,135,171,21,176,215,165,193,123,110,77,223,229,139,84,41,241,183,196,108,62,52,74,82,47,200,158,111,112,,,59,75,,,74,211,133,60,78,22,26,15,16,12,135,161,66,99,99,10,21,29,132,70,21,141,115,54,,144,,,b'\x11\xe8\xe1I\xd5(!N\x98|\x12\xdf\x17\xaeN\x1e'
11E8E149-D528-214E-987C-12DF17AE4E1E,2024-ncaa-d2-conf-RMAC,ncaa,6,6,4,6,5,8,7,8,2,6,8,4,8,9,8,11,7,5,14,5,4,8,5,3,4,8,8,10,7,5,2,4,2,4,2,9,14,13,12,12,6,5,12,10,,,9,7,,,5,6,7,8,7,7,10,6,10,10,11,7,4,4,9,6,5,4,3,12,12,6,14,,6,,,5,3,7,11,5,7,5,7,9,13,4,14,4,4,4,4,6,10,9,5,4,6,8,13,5,4,2,3,2,4,2,5,2,5,5,3,13,11,10,8,,,5,7,,,5,10,7,4,5,4,3,5,3,4,8,14,3,4,4,4,6,2,1,1,3,5,11,9,,5,,,b'\x11\xe8\xe1I\xd5(!N\x98|\x12\xdf\x17\xaeN\x1e'
11E8E149-D528-214E-987C-12DF17AE4E1E,2024-ncaa-d2-natl,ncaa,98,74,172,86,186,156,163,219,84,159,198,76,163,182,125,166,138,115,225,116,60,200,206,90,101,107,149,174,122,118,53,151,47,140,21,225,275,124,168,213,96,60,236,223,,,64,110,,,89,229,228,139,136,145,227,136,189,154,180,118,90,92,203,196,96,124,99,237,152,80,243,,76,,,87,48,67,75,101,41,41,144,191,220,112,271,32,31,145,31,84,59,66,132,110,110,211,262,51,38,47,33,53,30,21,48,75,163,117,89,203,232,151,179,,,148,82,,,89,77,94,86,75,56,78,85,41,30,212,232,37,34,36,50,60,43,22,23,62,154,211,164,,115,,,b'\x11\xe8\xe1I\xd5(!N\x98|\x12\xdf\x17\xaeN\x1e'
11E8E149-D528-214E-987C-12DF17AE4E1E,2025-ncaa-d2-conf-RMAC,genius_ncaa,4,4,4,5,5,8,9,9,4,4,8,4,13,13,13,14,6,5,14,5,4,8,9,7,8,4,13,14,4,4,3,3,1,3,1,3,4,3,4,2,11,10,12,13,,,1,2,,1,4,11,14,10,10,9,13,3,8,13,14,7,5,5,12,13,5,3,2,4,3,11,12,,1,,2,4,2,6,7,4,7,14,4,4,3,11,1,1,1,9,1,1,5,4,3,3,5,1,6,1,1,1,5,3,3,1,3,1,13,12,8,4,5,12,13,,,7,6,,7,4,5,3,3,4,3,4,5,7,12,3,2,1,1,1,2,2,1,3,2,2,15,4,12,,6,,6,b'\x11\xe8\xe1I\xd5(!N\x98|\x12\xdf\x17\xaeN\x1e'
11E8E149-D528-214E-987C-12DF17AE4E1E,2025-ncaa-d2-natl,genius_ncaa,95,79,162,90,192,149,142,191,63,111,165,44,206,199,211,197,111,98,186,96,70,177,242,92,91,47,226,238,97,172,134,91,3,119,18,119,123,14,11,29,255,223,255,263,,,12,15,,38,80,253,277,207,123,118,225,71,154,212,205,94,81,78,185,277,169,41,85,109,7,259,263,,4,,39,75,55,99,103,134,96,138,80,144,96,261,139,11,9,276,8,3,62,34,142,110,191,86,216,7,9,3,65,134,22,18,38,30,281,274,215,23,48,163,192,,,183,105,,212,80,55,40,140,65,62,109,102,104,152,162,91,5,2,3,45,13,2,82,18,35,288,25,185,,178,,214,b'\x11\xe8\xe1I\xd5(!N\x98|\x12\xdf\x17\xaeN\x1e'
11E8E149-D528-214E-987C-12DF17AE4E1E,2026-ncaa-d2-conf-RMAC,genius_ncaa,3,4,2,4,5,6,5,3,11,3,3,8,14,12,13,15,4,7,3,6,11,4,4,13,11,8,13,15,6,1,3,3,3,2,2,5,6,6,3,6,6,7,6,6,,,11,11,,12,2,4,9,4,6,5,2,2,2,14,13,5,6,5,3,3,1,4,2,5,4,6,7,,11,,12,2,3,3,6,2,4,4,3,5,9,3,12,6,9,3,8,10,5,8,1,2,2,7,6,10,4,3,7,3,6,2,3,13,7,6,6,4,4,3,2,,,8,12,,4,2,9,7,2,2,2,2,5,3,3,3,9,5,8,7,4,7,4,6,5,2,7,4,2,,10,,6,b'\x11\xe8\xe1I\xd5(!N\x98|\x12\xdf\x17\xaeN\x1e'
11E8E149-D528-214E-987C-12DF17AE4E1E,2026-ncaa-d2-natl,genius_ncaa,157,196,59,188,83,100,94,68,186,88,62,180,123,97,183,159,133,139,148,131,214,75,90,188,197,156,199,155,195,34,46,79,14,50,22,99,150,120,59,93,122,117,177,184,,,198,239,,204,59,123,246,67,140,123,60,119,79,152,133,169,184,177,75,125,40,102,47,129,67,168,199,,148,,191,68,126,139,128,151,149,134,160,120,141,97,138,114,141,48,142,166,131,138,147,115,108,109,129,139,43,14,198,46,137,22,123,105,131,119,110,49,10,155,101,,,116,192,,97,59,170,113,70,78,40,65,21,80,60,84,94,67,99,104,17,15,7,150,51,69,185,17,127,,178,,129,b'\x11\xe8\xe1I\xd5(!N\x98|\x12\xdf\x17\xaeN\x1e'
11E8E149-D52C-C3FC-987C-12DF17AE4E1E,2018-ncaa-d2-conf-CACC,ncaa,3,2,3,3,3,5,3,2,9,1,1,10,11,12,10,14,4,3,11,3,10,2,1,9,9,9,14,14,8,1,1,1,5,1,1,6,8,8,6,6,4,5,3,3,,,12,9,,,4,4,9,11,5,6,1,1,1,14,13,5,4,4,2,4,1,1,1,7,7,6,4,,8,,,4,3,3,8,1,3,6,2,4,11,1,9,10,11,1,11,11,8,13,1,1,1,10,6,12,10,5,2,1,8,1,5,9,3,4,5,5,4,8,2,,,4,8,,,4,11,5,2,4,3,2,3,2,4,3,8,7,11,11,5,6,7,3,4,4,4,4,8,,4,,,"b'\x11\xe8\xe1I\xd5,\xc3\xfc\x98|\x12\xdf\x17\xaeN\x1e'"
11E8E149-D52C-C3FC-987C-12DF17AE4E1E,2018-ncaa-d2-natl,ncaa,78,87,64,87,94,128,103,45,219,45,11,216,282,259,288,297,165,110,270,120,281,52,39,257,262,252,305,301,188,4,1,80,205,24,22,111,181,251,157,182,105,139,90,90,,,204,150,,,101,101,156,206,180,114,40,40,4,299,290,216,153,154,50,44,4,106,8,142,220,135,104,,159,,,102,114,108,192,54,98,156,65,171,206,73,182,147,216,9,208,202,200,217,68,44,35,202,185,178,256,205,149,1,199,22,179,215,57,67,70,214,129,152,33,,,107,230,,,101,201,186,48,105,59,51,109,55,97,136,172,102,185,181,125,167,220,83,130,119,73,177,103,,157,,,"b'\x11\xe8\xe1I\xd5,\xc3\xfc\x98|\x12\xdf\x17\xaeN\x1e'"
11E8E149-D52C-C3FC-987C-12DF17AE4E1E,2019-ncaa-d2-conf-CACC,ncaa,12,12,9,12,13,13,12,9,11,8,4,13,14,11,13,11,13,11,14,11,12,10,9,13,14,13,13,13,10,7,8,11,12,10,12,11,7,10,10,12,10,10,11,8,,,9,10,,,13,8,4,12,13,12,5,6,2,14,9,13,10,10,8,5,6,9,8,9,10,8,11,,10,,,13,6,5,3,9,4,1,13,12,12,6,14,6,10,1,10,12,5,6,12,10,7,12,13,7,7,12,12,8,12,12,11,13,3,1,8,11,10,2,3,,,9,11,,,13,6,13,7,13,9,10,6,5,1,13,13,8,10,10,9,10,12,13,13,11,2,11,4,,8,,,"b'\x11\xe8\xe1I\xd5,\xc3\xfc\x98|\x12\xdf\x17\xaeN\x1e'"
11E8E149-D52C-C3FC-987C-12DF17AE4E1E,2019-ncaa-d2-natl,ncaa,258,285,118,269,178,253,227,115,296,204,84,295,241,172,289,205,269,215,302,209,266,127,92,300,302,301,245,207,233,72,147,188,299,131,268,206,150,277,251,265,146,196,261,266,,,252,197,,,301,109,70,290,285,266,84,223,74,258,188,284,223,217,105,62,59,225,122,228,272,155,273,,248,,,294,264,251,206,216,208,127,266,268,285,145,270,203,256,5,255,265,222,244,237,205,177,205,233,125,296,299,287,147,295,268,296,288,64,95,199,289,267,57,31,,,164,249,,,301,208,297,228,292,253,247,226,200,105,264,284,189,255,255,250,270,296,284,294,286,53,277,50,,182,,,"b'\x11\xe8\xe1I\xd5,\xc3\xfc\x98|\x12\xdf\x17\xaeN\x1e'"
11E8E149-D52C-C3FC-987C-12DF17AE4E1E,2020-ncaa-d2-conf-CACC,ncaa,11,10,9,11,14,14,13,8,14,13,8,14,8,6,10,5,11,9,12,10,10,10,9,12,13,13,6,6,7,6,7,10,13,8,12,11,6,11,10,12,11,11,9,8,,,10,10,,,12,11,6,14,13,13,7,11,7,6,5,11,8,8,8,6,6,7,5,10,13,10,9,,11,,,12,8,4,4,7,2,1,7,10,10,8,11,11,12,1,12,13,4,4,8,8,8,13,10,10,13,13,10,7,13,12,11,14,7,7,11,10,9,6,7,,,7,5,,,12,3,13,10,12,9,7,7,3,4,11,11,11,12,12,11,10,13,13,14,11,6,13,6,,4,,,"b'\x11\xe8\xe1I\xd5,\xc3\xfc\x98|\x12\xdf\x17\xaeN\x1e'"
11E8E149-D52C-C3FC-987C-12DF17AE4E1E,2020-ncaa-d2-natl,ncaa,267,279,173,272,210,250,242,133,295,255,131,301,163,139,205,152,271,225,291,228,258,158,117,286,293,291,127,84,233,51,87,199,289,126,232,204,106,258,239,240,244,274,182,190,,,197,172,,,295,161,103,227,272,263,90,264,114,161,132,277,233,235,119,64,39,201,92,203,266,255,181,,214,,,290,258,252,210,242,236,162,249,255,236,221,206,173,244,8,233,222,213,201,255,223,239,170,207,106,290,289,230,87,272,232,301,295,167,195,279,278,263,131,114,,,175,223,,,295,149,282,275,290,271,268,247,242,178,264,257,193,253,245,263,249,298,260,286,295,161,274,142,,161,,,"b'\x11\xe8\xe1I\xd5,\xc3\xfc\x98|\x12\xdf\x17\xaeN\x1e'"
11E8E149-D52C-C3FC-987C-12DF17AE4E1E,2021-ncaa-d2-conf-CACC,ncaa,3,3,4,3,4,5,3,4,3,3,4,3,3,5,4,5,4,4,5,4,6,4,5,3,3,4,7,5,6,2,3,5,5,3,3,3,4,4,4,3,4,5,6,5,,,4,6,,,3,6,5,4,3,3,3,3,2,4,5,4,4,4,3,4,2,4,2,2,3,4,5,,6,,,3,3,2,2,2,2,2,2,5,5,5,5,4,5,2,5,7,3,3,4,4,3,6,5,6,5,5,4,3,4,3,4,5,4,3,3,2,2,3,3,,,4,3,,,3,2,3,4,3,3,2,3,2,2,5,5,5,6,6,3,3,6,4,4,3,3,3,3,,3,,,"b'\x11\xe8\xe1I\xd5,\xc3\xfc\x98|\x12\xdf\x17\xaeN\x1e'"
11E8E149-D52C-C3FC-987C-12DF17AE4E1E,2021-ncaa-d2-natl,ncaa,125,49,185,88,188,188,178,188,144,166,169,142,197,195,187,200,194,191,206,192,201,188,188,170,184,192,215,201,179,114,12,187,202,175,80,156,25,56,187,119,153,68,164,108,,,45,140,,,93,192,136,121,166,121,92,64,36,204,202,198,159,158,106,73,15,115,29,59,195,64,118,,141,,,78,32,32,35,27,34,38,32,40,42,54,89,36,46,4,47,161,35,38,30,20,10,124,109,137,82,202,37,12,42,80,45,201,148,25,48,42,114,62,97,,,185,122,,,93,35,155,28,84,23,26,61,41,92,61,85,67,139,147,82,141,211,81,175,107,28,136,146,,90,,,"b'\x11\xe8\xe1I\xd5,\xc3\xfc\x98|\x12\xdf\x17\xaeN\x1e'"
11E8E149-D52C-C3FC-987C-12DF17AE4E1E,2022-ncaa-d2-conf-CACC,ncaa,11,11,12,11,12,12,12,11,12,9,4,12,12,12,12,12,9,9,11,9,10,11,11,12,12,12,12,12,6,2,2,10,11,8,6,9,8,8,10,10,11,10,7,5,,,5,6,,,11,13,8,4,12,12,4,5,2,12,12,8,6,6,4,2,2,9,1,9,10,9,5,,8,,,11,4,2,3,6,1,2,6,12,11,9,12,8,9,2,9,11,3,2,8,7,10,13,13,8,11,11,1,2,3,6,6,8,12,10,11,8,10,6,4,,,12,11,,,11,1,12,10,12,8,7,9,2,3,13,13,9,9,9,9,9,13,7,10,9,10,10,8,,10,,,"b'\x11\xe8\xe1I\xd5,\xc3\xfc\x98|\x12\xdf\x17\xaeN\x1e'"
11E8E149-D52C-C3FC-987C-12DF17AE4E1E,2022-ncaa-d2-natl,ncaa,255,264,196,261,208,246,215,134,280,122,51,267,290,278,295,289,237,201,251,202,288,146,120,292,293,291,300,294,167,20,16,174,273,83,125,191,140,258,241,249,170,179,98,88,,,166,170,,,254,176,100,140,267,223,52,75,7,295,282,234,196,200,69,29,12,140,19,190,270,152,75,,210,,,251,125,110,145,76,98,138,76,157,156,162,152,167,232,12,232,237,163,156,94,80,104,223,192,195,278,273,115,16,198,125,184,235,152,158,178,257,238,128,59,,,233,286,,,254,114,274,166,255,178,154,225,123,191,191,206,202,256,251,251,244,287,168,254,215,128,263,154,,237,,,"b'\x11\xe8\xe1I\xd5,\xc3\xfc\x98|\x12\xdf\x17\xaeN\x1e'"
11E8E149-D52C-C3FC-987C-12DF17AE4E1E,2023-ncaa-d2-conf-CACC,ncaa,10,9,7,10,7,10,11,6,11,3,2,12,12,11,11,12,5,5,9,5,9,6,6,11,11,11,11,12,2,1,2,5,12,2,6,11,10,8,8,10,5,5,13,11,,,9,8,,,9,7,5,1,9,10,1,2,2,11,11,3,1,1,1,1,1,2,1,10,9,4,11,,11,,,9,6,7,10,6,5,5,9,10,13,2,12,4,10,1,10,12,9,8,7,6,6,12,12,3,12,12,7,2,11,6,8,11,7,8,9,6,5,9,4,,,9,11,,,9,6,10,7,9,8,9,13,5,4,11,13,4,11,11,13,13,13,9,13,10,5,8,11,,9,,,"b'\x11\xe8\xe1I\xd5,\xc3\xfc\x98|\x12\xdf\x17\xaeN\x1e'"
11E8E149-D52C-C3FC-987C-12DF17AE4E1E,2023-ncaa-d2-natl,ncaa,256,266,148,261,153,235,207,74,290,92,13,294,294,288,297,296,171,138,240,142,282,82,65,295,294,290,296,298,77,6,10,114,287,36,149,192,151,234,178,230,89,110,172,198,,,134,70,,,261,141,92,71,264,224,14,56,2,298,295,166,127,130,16,15,3,84,3,207,244,75,170,,143,,,258,162,190,227,109,191,181,163,183,248,47,225,55,143,2,144,125,222,216,109,60,75,102,191,42,297,287,227,10,283,149,273,274,123,155,223,221,180,222,79,,,213,288,,,261,152,275,160,258,193,232,278,220,219,203,269,68,157,156,273,273,297,272,294,277,96,232,235,,226,,,"b'\x11\xe8\xe1I\xd5,\xc3\xfc\x98|\x12\xdf\x17\xaeN\x1e'"
11E8E149-D52C-C3FC-987C-12DF17AE4E1E,2024-ncaa-d2-conf-CACC,ncaa,9,8,5,9,8,8,7,7,9,7,6,8,9,9,8,9,4,4,5,5,7,7,5,10,9,8,9,9,2,5,8,7,11,5,8,6,7,8,8,8,9,10,3,4,,,8,7,,,9,6,3,5,7,8,6,6,4,9,9,2,2,3,6,2,5,6,3,6,9,9,1,,8,,,9,10,10,9,9,11,11,10,2,4,4,2,7,8,1,9,7,11,9,9,8,8,1,1,6,10,11,7,8,8,8,10,7,10,11,11,7,7,3,4,,,9,10,,,9,7,8,9,9,10,11,11,12,12,3,6,7,8,9,12,11,11,9,9,10,9,7,3,,8,,,"b'\x11\xe8\xe1I\xd5,\xc3\xfc\x98|\x12\xdf\x17\xaeN\x1e'"
11E8E149-D52C-C3FC-987C-12DF17AE4E1E,2024-ncaa-d2-natl,ncaa,229,212,248,232,248,228,221,170,257,193,128,252,235,212,268,207,193,169,229,178,205,171,167,264,267,258,214,222,107,58,38,190,289,130,189,152,43,166,183,157,158,166,46,48,,,106,70,,,229,218,59,21,180,167,28,130,41,222,149,133,101,105,31,27,22,88,22,78,233,110,25,,186,,,226,105,160,173,125,198,205,140,61,95,44,75,85,179,1,175,126,172,160,97,57,92,31,65,78,289,289,93,38,215,189,266,291,160,185,250,128,140,87,78,,,258,280,,,229,94,232,168,217,233,263,291,276,290,110,172,138,234,235,292,291,298,223,282,288,99,186,146,,219,,,"b'\x11\xe8\xe1I\xd5,\xc3\xfc\x98|\x12\xdf\x17\xaeN\x1e'"
11E8E149-D52C-C3FC-987C-12DF17AE4E1E,2025-ncaa-d2-conf-CACC,genius_ncaa,10,10,7,10,8,8,9,7,10,11,10,11,3,2,8,1,10,11,10,11,6,7,7,9,10,8,4,2,9,6,8,10,10,10,11,8,5,2,3,5,10,9,3,2,,,9,9,,2,10,7,3,2,6,7,1,11,10,2,1,9,8,8,1,3,5,9,10,6,4,7,2,,9,,2,10,7,4,6,7,4,3,11,3,9,1,8,11,11,11,11,11,6,6,7,6,9,9,2,11,9,10,8,8,8,11,11,12,10,9,11,1,2,10,11,,,10,10,,10,10,6,6,10,10,10,10,11,10,7,7,11,11,11,11,11,12,10,9,11,11,6,2,11,,8,,10,"b'\x11\xe8\xe1I\xd5,\xc3\xfc\x98|\x12\xdf\x17\xaeN\x1e'"
11E8E149-D52C-C3FC-987C-12DF17AE4E1E,2025-ncaa-d2-natl,genius_ncaa,243,222,260,245,263,245,247,174,282,279,242,284,95,74,200,35,268,250,262,254,206,189,229,267,278,242,35,27,237,156,171,265,290,241,276,175,57,37,75,101,213,203,124,100,,,122,176,,13,248,248,62,65,188,192,22,266,145,45,15,242,206,214,33,59,72,223,149,95,119,157,72,,242,,12,253,112,106,100,171,127,96,210,81,127,57,153,195,179,195,180,202,105,95,149,162,178,111,91,204,265,290,168,171,213,276,283,300,202,182,276,17,26,242,280,,,269,265,,294,248,55,228,233,245,261,249,279,251,251,167,223,253,244,246,283,277,294,285,293,299,108,51,278,,217,,297,"b'\x11\xe8\xe1I\xd5,\xc3\xfc\x98|\x12\xdf\x17\xaeN\x1e'"
11E8E149-D531-97F6-987C-12DF17AE4E1E,2018-ncaa-d2-conf-PSAC,ncaa,11,10,10,11,12,13,12,14,7,10,10,8,16,17,10,14,15,16,14,16,14,15,16,10,10,13,16,14,10,15,14,8,6,15,9,11,6,12,14,11,16,15,12,10,,,6,13,,,11,13,12,6,14,12,15,9,10,15,16,14,15,15,15,16,16,9,12,10,12,16,10,,10,,,11,3,2,3,4,2,4,5,6,7,5,8,12,10,16,10,14,3,4,4,6,6,11,8,14,3,6,5,14,4,9,4,12,11,9,8,9,13,3,4,,,8,1,,,11,5,13,5,11,6,4,5,6,7,7,8,15,14,14,7,7,9,5,5,6,10,12,3,,4,,,b'\x11\xe8\xe1I\xd51\x97\xf6\x98|\x12\xdf\x17\xaeN\x1e'
11E8E149-D531-97F6-987C-12DF17AE4E1E,2018-ncaa-d2-natl,ncaa,179,179,148,188,188,222,188,237,108,140,164,115,274,289,205,267,251,238,237,235,239,242,207,154,170,219,291,270,210,242,212,146,140,192,148,140,80,254,289,209,262,271,171,177,,,160,210,,,203,196,186,226,255,202,283,115,150,281,292,258,238,236,282,229,250,123,206,135,264,274,167,,188,,,199,76,64,118,63,90,134,79,63,112,44,101,216,207,178,208,220,125,116,55,74,107,166,77,252,150,140,74,212,95,148,70,125,207,205,146,235,269,32,42,,,146,60,,,203,112,241,120,202,103,72,132,98,159,65,115,230,223,227,153,122,165,78,102,74,212,248,40,,115,,,b'\x11\xe8\xe1I\xd51\x97\xf6\x98|\x12\xdf\x17\xaeN\x1e'
11E8E149-D531-97F6-987C-12DF17AE4E1E,2019-ncaa-d2-conf-PSAC,ncaa,4,6,3,5,7,6,5,6,4,3,3,5,15,15,12,15,7,7,8,7,10,6,8,7,7,5,14,15,7,12,12,7,14,8,12,10,13,6,6,8,9,12,12,14,,,10,5,,,5,8,17,14,11,9,12,5,9,15,15,8,8,8,12,18,14,12,13,12,4,12,15,,3,,,5,7,7,11,3,10,11,6,8,9,4,7,10,13,2,13,13,12,13,3,3,4,7,7,10,16,14,11,12,14,12,6,4,7,9,5,11,9,4,3,,,1,1,,,5,10,7,5,5,3,5,6,5,7,4,6,7,10,10,5,4,14,5,8,4,10,6,3,,4,,,b'\x11\xe8\xe1I\xd51\x97\xf6\x98|\x12\xdf\x17\xaeN\x1e'
11E8E149-D531-97F6-987C-12DF17AE4E1E,2019-ncaa-d2-natl,ncaa,73,74,76,78,100,141,116,157,76,63,88,77,252,250,227,264,110,130,97,130,202,151,180,130,119,101,277,279,123,206,203,138,209,171,196,143,195,80,87,116,170,192,224,249,,,97,84,,,101,167,265,182,174,146,234,72,114,278,278,145,159,162,229,267,245,193,242,179,52,204,248,,50,,,103,109,129,158,113,183,210,122,45,90,32,63,147,179,62,173,130,160,160,83,77,89,57,41,181,222,209,144,203,184,196,84,66,136,138,85,127,140,47,28,,,82,32,,,101,141,116,106,106,63,80,94,145,159,29,55,112,139,132,92,75,192,85,136,62,175,103,34,,96,,,b'\x11\xe8\xe1I\xd51\x97\xf6\x98|\x12\xdf\x17\xaeN\x1e'
11E8E149-D531-97F6-987C-12DF17AE4E1E,2020-ncaa-d2-conf-PSAC,ncaa,10,11,3,11,7,12,8,11,5,4,2,11,18,18,8,18,14,7,17,8,15,12,10,10,11,14,18,18,10,13,10,9,9,11,9,11,9,13,12,11,10,10,6,7,,,6,6,,,10,8,13,12,15,13,15,3,4,18,18,14,10,10,14,14,16,12,12,13,11,12,7,,6,,,10,8,8,11,8,10,16,5,6,5,9,4,13,11,17,11,8,11,11,6,7,7,8,5,14,11,9,7,10,8,9,5,4,9,9,4,8,8,8,4,,,5,5,,,10,11,16,8,11,6,5,7,8,13,6,4,11,9,8,5,7,9,5,7,4,10,5,7,,6,,,b'\x11\xe8\xe1I\xd51\x97\xf6\x98|\x12\xdf\x17\xaeN\x1e'
11E8E149-D531-97F6-987C-12DF17AE4E1E,2020-ncaa-d2-natl,ncaa,144,155,102,150,145,193,159,232,67,63,70,112,290,298,176,307,181,156,212,158,240,225,219,132,144,164,308,305,144,183,135,197,196,207,137,171,183,169,199,174,204,197,57,72,,,96,111,,,157,215,282,185,218,178,275,48,69,302,308,192,171,173,270,275,197,246,248,190,148,219,58,,68,,,157,101,115,116,139,180,213,108,42,28,135,27,194,143,299,144,113,118,107,103,132,136,63,37,225,169,196,61,135,93,137,50,27,167,150,83,134,163,197,136,,,139,54,,,157,97,169,150,157,84,100,75,149,193,30,13,178,130,130,61,49,155,35,66,39,179,132,187,,150,,,b'\x11\xe8\xe1I\xd51\x97\xf6\x98|\x12\xdf\x17\xaeN\x1e'
11E8E149-D531-97F6-987C-12DF17AE4E1E,2022-ncaa-d2-conf-PSAC,ncaa,5,5,5,5,5,8,8,8,9,6,4,11,12,15,8,16,9,8,12,8,9,7,7,11,11,9,14,15,7,7,6,4,7,3,5,6,6,9,8,8,11,14,6,8,,,7,8,,,7,7,16,3,10,9,10,9,6,15,16,10,7,7,11,13,6,5,4,9,7,14,5,,7,,,7,4,8,14,4,15,18,4,1,1,1,1,12,12,13,11,6,14,13,2,3,3,1,1,13,14,7,7,6,9,5,3,2,10,12,6,6,3,7,6,,,8,9,,,7,12,9,4,7,4,4,10,14,17,1,1,11,11,11,11,8,12,4,5,3,12,3,6,,11,,,b'\x11\xe8\xe1I\xd51\x97\xf6\x98|\x12\xdf\x17\xaeN\x1e'
11E8E149-D531-97F6-987C-12DF17AE4E1E,2022-ncaa-d2-natl,ncaa,68,107,47,93,49,133,122,99,167,91,60,192,186,198,164,228,149,147,184,143,224,98,90,188,191,193,233,213,182,86,115,43,113,47,76,79,63,239,190,146,134,174,73,132,,,108,45,,,110,93,260,25,236,207,212,160,126,234,250,214,207,205,229,215,129,47,74,120,167,191,90,,41,,,114,126,165,235,37,250,280,49,15,42,3,12,145,146,131,142,39,232,219,13,14,35,3,6,175,235,113,190,115,211,76,91,47,128,185,92,196,144,99,52,,,123,199,,,110,210,187,40,110,24,62,143,191,274,4,10,93,92,86,119,92,161,98,126,37,195,116,57,,230,,,b'\x11\xe8\xe1I\xd51\x97\xf6\x98|\x12\xdf\x17\xaeN\x1e'
11E8E149-D531-97F6-987C-12DF17AE4E1E,2023-ncaa-d2-conf-PSAC,ncaa,15,15,14,15,14,14,16,18,10,15,15,13,13,17,5,12,11,13,5,12,8,18,17,12,9,12,7,11,6,10,1,15,11,12,3,14,6,14,17,14,18,17,14,16,,,4,7,,,15,18,17,8,14,14,18,14,13,11,16,10,11,11,18,15,8,10,7,11,16,18,11,,7,,,15,2,4,3,7,11,16,4,1,1,2,1,7,8,8,8,5,3,1,2,2,9,1,1,13,7,11,1,1,1,3,2,2,17,17,11,9,15,3,5,,,11,4,,,15,1,12,11,15,6,6,9,15,18,1,1,10,11,11,9,2,13,1,4,5,17,14,6,,8,,,b'\x11\xe8\xe1I\xd51\x97\xf6\x98|\x12\xdf\x17\xaeN\x1e'
11E8E149-D531-97F6-987C-12DF17AE4E1E,2023-ncaa-d2-natl,ncaa,207,206,197,211,212,241,244,276,144,245,250,206,189,248,46,184,183,211,71,214,138,276,253,133,112,197,98,142,95,144,43,201,204,191,72,186,74,227,280,228,274,276,162,202,,,67,139,,,193,263,272,136,245,257,294,247,230,175,239,156,187,193,288,246,108,175,141,176,254,277,148,,99,,,190,58,83,85,148,195,211,115,11,9,59,8,130,122,152,126,94,82,52,91,97,156,9,7,197,160,204,12,43,28,72,36,35,267,250,164,180,237,92,152,,,210,101,,,193,38,186,178,194,104,137,136,250,276,8,7,163,161,165,137,63,207,11,52,64,262,208,106,,179,,,b'\x11\xe8\xe1I\xd51\x97\xf6\x98|\x12\xdf\x17\xaeN\x1e'
11E8E149-D531-97F6-987C-12DF17AE4E1E,2024-ncaa-d2-conf-PSAC,ncaa,14,14,13,14,16,15,15,18,12,16,17,11,8,9,8,7,15,15,12,15,7,18,18,9,10,10,5,5,7,14,13,17,15,17,16,13,7,7,15,13,15,13,15,15,,,3,11,,,14,18,17,9,15,15,18,15,15,8,9,14,14,14,18,18,13,17,16,13,11,15,15,,8,,,14,9,10,1,17,11,8,17,3,1,18,1,9,9,8,9,11,1,1,17,17,15,3,3,12,3,15,1,13,1,16,5,5,15,12,9,7,14,2,3,,,15,8,,,14,1,12,15,14,13,13,4,15,12,5,1,12,13,13,4,2,4,5,5,7,14,10,2,,14,,,b'\x11\xe8\xe1I\xd51\x97\xf6\x98|\x12\xdf\x17\xaeN\x1e'
11E8E149-D531-97F6-987C-12DF17AE4E1E,2024-ncaa-d2-natl,ncaa,216,247,117,228,122,192,190,227,136,202,230,129,151,155,143,103,210,227,113,224,166,227,215,134,134,160,113,118,170,230,220,240,240,251,244,149,72,171,225,156,198,204,194,232,,,143,173,,,244,207,275,28,232,228,275,235,261,157,166,224,240,239,280,273,244,281,282,158,164,216,207,,124,,,232,199,216,100,280,260,228,221,39,13,283,4,214,217,118,217,155,121,109,252,255,249,25,14,188,179,240,102,220,132,244,126,62,178,165,164,146,182,24,36,,,193,126,,,244,94,181,256,232,190,206,63,264,240,31,2,197,193,196,94,81,172,79,111,118,190,141,14,,219,,,b'\x11\xe8\xe1I\xd51\x97\xf6\x98|\x12\xdf\x17\xaeN\x1e'
11E8E149-D531-97F6-987C-12DF17AE4E1E,2025-ncaa-d2-conf-PSAC,genius_ncaa,8,8,7,9,8,10,10,14,5,12,14,5,4,7,1,7,12,14,6,14,11,14,14,3,4,6,7,6,13,17,17,12,10,14,12,4,2,9,13,4,15,14,12,14,,,10,13,,3,9,11,16,8,10,10,17,12,15,5,10,13,14,14,17,17,17,14,17,3,8,14,12,,10,,3,8,7,6,8,7,14,13,9,1,3,1,3,13,14,3,13,12,9,8,5,5,6,1,1,16,10,10,5,17,6,12,1,1,9,10,5,7,12,1,1,,,12,12,,3,9,7,8,8,7,5,5,4,8,10,1,3,12,13,13,4,4,8,3,5,2,10,8,1,,13,,4,b'\x11\xe8\xe1I\xd51\x97\xf6\x98|\x12\xdf\x17\xaeN\x1e'
11E8E149-D531-97F6-987C-12DF17AE4E1E,2025-ncaa-d2-natl,genius_ncaa,95,112,72,109,82,118,112,167,48,103,146,60,131,165,58,170,142,178,68,178,176,162,154,52,51,89,178,155,180,225,217,150,232,190,215,52,25,191,208,75,168,190,100,166,,,224,197,,55,93,128,235,92,155,139,271,126,206,156,211,180,225,226,272,261,260,222,261,49,161,196,123,,174,,46,97,114,126,162,107,255,269,104,9,14,4,6,248,256,46,253,169,183,196,43,59,55,6,2,249,250,232,111,217,167,215,44,28,89,104,39,172,191,34,22,,,133,111,,112,93,181,113,76,93,64,74,58,213,261,1,4,212,227,224,91,119,218,59,111,22,113,149,15,,174,,126,b'\x11\xe8\xe1I\xd51\x97\xf6\x98|\x12\xdf\x17\xaeN\x1e'
11E8E149-D531-97F6-987C-12DF17AE4E1E,2026-ncaa-d2-conf-PSAC,genius_ncaa,9,8,3,9,3,12,10,9,8,12,10,11,2,11,1,9,14,15,10,15,15,14,16,4,8,7,7,3,15,10,8,14,6,11,9,6,4,3,5,2,12,11,12,11,,,2,2,,2,12,16,15,1,11,9,8,11,9,1,10,14,15,15,13,16,9,13,11,5,3,12,11,,2,,2,13,8,10,3,16,7,3,14,15,9,16,14,1,1,9,1,2,3,1,16,16,16,10,15,1,2,6,7,8,5,9,10,8,12,5,13,4,7,1,2,,,15,12,,3,12,1,6,16,12,10,12,4,8,3,16,11,1,1,1,3,1,2,8,5,11,10,4,1,,14,,3,b'\x11\xe8\xe1I\xd51\x97\xf6\x98|\x12\xdf\x17\xaeN\x1e'
11E8E149-D531-97F6-987C-12DF17AE4E1E,2026-ncaa-d2-natl,genius_ncaa,107,53,221,87,233,237,204,250,34,207,226,112,161,246,5,187,281,287,129,287,294,259,268,34,52,51,207,96,287,275,250,240,107,261,191,98,8,22,78,7,278,258,153,123,,,32,89,,42,114,265,268,88,144,86,196,115,126,101,220,288,290,292,261,285,265,146,242,13,36,264,104,,54,,75,112,47,66,48,182,119,76,222,18,27,21,70,58,43,205,38,54,41,36,129,132,153,10,19,132,59,107,53,250,51,191,10,1,268,218,46,59,191,2,2,,,258,152,,165,114,36,76,149,106,92,133,111,228,195,16,49,92,71,60,88,39,104,123,112,6,244,136,2,,241,,140,b'\x11\xe8\xe1I\xd51\x97\xf6\x98|\x12\xdf\x17\xaeN\x1e'
11E8E149-D537-30F8-987C-12DF17AE4E1E,2018-ncaa-d2-natl,ncaa,305,164,307,305,307,307,307,307,309,307,307,309,288,269,292,6,307,307,254,307,19,307,307,309,309,309,1,4,31,307,293,307,308,307,307,307,118,29,309,309,307,305,308,306,,,3,13,,,303,307,1,309,309,309,247,309,307,92,13,236,193,189,245,72,252,181,229,301,308,268,299,,121,,,309,3,3,3,257,5,4,223,26,5,287,139,3,4,10,4,82,3,3,262,224,272,100,210,23,59,308,3,293,4,307,11,194,307,282,295,148,309,105,309,,,307,214,,,303,3,309,301,309,307,307,309,307,308,298,283,179,239,239,309,305,308,307,309,302,175,309,307,,162,,,b'\x11\xe8\xe1I\xd570\xf8\x98|\x12\xdf\x17\xaeN\x1e'
11E8E149-D537-30F8-987C-12DF17AE4E1E,2019-ncaa-d2-natl,ncaa,304,109,307,304,307,307,307,307,307,307,307,292,306,306,307,47,307,307,303,307,119,307,307,304,306,310,112,117,147,307,302,306,171,306,276,306,255,6,311,310,308,310,304,227,,,6,187,,,283,307,4,311,308,311,285,306,292,251,93,293,248,249,293,88,288,81,227,304,311,306,207,,241,,,308,5,5,5,186,5,5,219,6,5,136,205,6,6,123,6,216,5,5,196,193,264,162,164,180,5,171,5,302,5,276,5,156,307,303,295,70,310,5,254,,,306,128,,,283,5,311,260,308,293,281,299,271,269,258,279,267,268,272,300,272,214,287,278,263,284,310,154,,91,,,b'\x11\xe8\xe1I\xd570\xf8\x98|\x12\xdf\x17\xaeN\x1e'
11E8E149-D537-30F8-987C-12DF17AE4E1E,2020-ncaa-d2-natl,ncaa,267,59,306,197,306,306,306,306,288,306,306,273,303,301,283,68,306,306,207,306,236,306,306,281,284,296,112,94,193,301,15,306,173,306,60,306,21,7,303,254,299,53,283,138,,,6,275,,,193,306,47,9,252,244,73,251,165,152,55,257,246,241,103,24,29,196,68,117,309,36,125,,293,,,242,6,6,6,97,6,6,78,6,6,143,48,8,9,100,9,289,6,6,89,130,97,219,66,300,6,173,6,15,6,60,5,107,306,83,61,32,310,9,259,,,306,289,,,193,6,288,94,241,178,107,139,135,194,92,66,303,301,300,217,256,158,59,89,98,64,310,255,,206,,,b'\x11\xe8\xe1I\xd570\xf8\x98|\x12\xdf\x17\xaeN\x1e'
11E8E149-D537-30F8-987C-12DF17AE4E1E,2021-ncaa-d2-natl,ncaa,175,112,185,175,188,189,186,191,135,193,198,103,128,141,82,5,210,203,225,203,137,192,191,86,138,169,19,4,222,198,182,198,133,198,206,180,98,71,211,187,131,23,164,93,,,37,129,,,166,189,87,121,171,159,159,206,219,21,19,223,214,216,183,125,177,224,221,135,206,29,118,,105,,,175,47,43,32,221,41,34,187,64,36,225,75,52,49,84,52,198,33,34,223,224,160,167,157,138,25,133,41,182,36,206,62,209,133,5,73,92,220,68,217,,,197,199,,,166,37,180,128,177,138,122,12,97,35,169,39,144,153,156,15,92,45,128,82,192,16,211,167,,205,,,b'\x11\xe8\xe1I\xd570\xf8\x98|\x12\xdf\x17\xaeN\x1e'
11E8E149-D537-30F8-987C-12DF17AE4E1E,2022-ncaa-d2-natl,ncaa,275,179,293,271,293,291,292,293,215,294,296,211,193,218,121,20,295,295,191,295,180,293,294,168,183,229,21,12,244,264,112,294,259,294,223,280,154,51,275,252,250,123,295,292,,,6,53,,,243,294,112,113,221,230,169,274,276,42,33,259,251,251,206,114,110,273,225,199,271,105,288,,79,,,262,15,17,7,282,37,9,297,22,25,38,173,13,8,236,9,110,7,8,271,267,245,25,59,72,22,259,8,112,10,223,20,91,278,139,164,65,271,85,289,,,295,232,,,243,9,233,265,256,266,276,216,287,185,120,196,151,126,128,207,210,211,135,171,203,116,265,269,,194,,,b'\x11\xe8\xe1I\xd570\xf8\x98|\x12\xdf\x17\xaeN\x1e'
11E8E149-D537-30F8-987C-12DF17AE4E1E,2023-ncaa-d2-natl,ncaa,183,139,255,175,268,198,223,205,230,274,280,183,70,47,155,15,191,217,72,209,69,211,219,169,166,164,9,19,146,162,146,290,259,277,262,247,237,92,155,213,40,14,281,274,,,90,149,,,146,232,31,121,86,135,40,242,240,19,11,121,144,131,39,35,77,284,235,206,199,14,278,,205,,,146,63,86,28,267,111,30,285,76,80,111,171,64,61,186,57,155,20,66,262,259,142,77,105,113,97,259,106,146,105,262,95,146,53,12,49,93,146,111,225,,,206,148,,,146,64,153,147,146,216,234,131,246,118,144,162,148,131,128,122,252,195,265,251,199,11,186,174,,79,,,b'\x11\xe8\xe1I\xd570\xf8\x98|\x12\xdf\x17\xaeN\x1e'
11E8E149-D537-30F8-987C-12DF17AE4E1E,2024-ncaa-d2-conf-CIAA,ncaa,6,7,7,7,7,8,10,7,11,12,13,10,3,1,9,1,8,7,10,7,4,5,11,9,9,9,1,2,8,6,7,10,11,10,12,9,9,2,6,7,7,9,13,13,,,2,5,,,8,10,13,5,10,10,9,13,11,2,1,7,7,7,7,12,5,9,9,9,2,9,13,,3,,,8,4,9,5,9,9,10,7,9,4,12,4,1,1,8,1,2,5,4,8,8,5,1,9,2,11,11,8,7,8,12,8,6,7,5,7,3,5,11,12,,,5,4,,,8,4,7,7,7,4,11,7,10,10,7,3,2,2,2,3,4,11,8,9,7,6,3,12,,5,,,b'\x11\xe8\xe1I\xd570\xf8\x98|\x12\xdf\x17\xaeN\x1e'
11E8E149-D537-30F8-987C-12DF17AE4E1E,2024-ncaa-d2-natl,ncaa,144,131,207,142,212,209,231,185,259,233,204,240,184,123,258,109,113,85,241,86,27,165,156,255,248,238,79,149,40,67,61,235,270,169,205,247,229,170,184,248,66,56,269,275,,,147,162,,,141,203,101,53,187,223,102,229,160,161,78,71,44,42,70,57,40,214,103,245,207,42,268,,198,,,141,43,52,58,106,92,144,63,40,31,196,31,94,138,17,139,132,62,130,87,76,20,76,74,164,235,270,128,61,186,205,51,97,36,16,22,191,199,166,201,,,98,62,,,141,97,214,41,140,79,102,116,144,218,60,31,119,170,170,134,234,272,207,250,85,18,222,206,,27,,,b'\x11\xe8\xe1I\xd570\xf8\x98|\x12\xdf\x17\xaeN\x1e'
11E8E149-D537-30F8-987C-12DF17AE4E1E,2025-ncaa-d2-conf-CIAA,genius_ncaa,11,10,8,11,8,9,8,5,12,11,10,12,1,1,6,2,10,8,8,8,8,6,7,11,11,11,1,2,7,6,10,11,12,11,12,9,11,4,2,10,2,1,9,11,,,5,6,,3,10,7,2,4,7,8,2,11,8,1,1,8,8,7,2,2,2,12,11,10,6,1,10,,8,,4,10,9,9,5,12,11,8,12,2,2,10,1,5,3,10,3,3,4,7,12,12,8,1,1,4,8,12,12,10,12,12,7,4,1,1,3,4,3,12,12,,,5,4,,1,10,6,11,9,10,10,12,7,12,10,1,1,7,5,5,4,11,9,12,12,8,1,6,12,,3,,1,b'\x11\xe8\xe1I\xd570\xf8\x98|\x12\xdf\x17\xaeN\x1e'
11E8E149-D537-30F8-987C-12DF17AE4E1E,2025-ncaa-d2-natl,genius_ncaa,243,222,260,245,260,252,254,172,294,251,161,290,210,162,263,165,197,113,292,109,94,158,136,290,291,289,114,153,82,101,141,290,299,266,289,287,299,242,244,298,20,11,255,261,,,188,183,,187,235,154,4,18,202,209,20,196,51,169,97,117,33,31,13,5,36,297,222,293,289,9,239,,277,,242,237,84,123,38,279,212,136,259,27,16,157,17,110,172,11,170,179,46,168,247,229,50,13,20,155,244,299,218,141,242,289,95,98,12,5,13,241,249,264,271,,,100,79,,4,235,147,287,73,230,236,259,184,291,276,46,28,206,240,241,214,297,286,298,300,202,1,281,290,,7,,3,b'\x11\xe8\xe1I\xd570\xf8\x98|\x12\xdf\x17\xaeN\x1e'
11E8E149-D537-30F8-987C-12DF17AE4E1E,2026-ncaa-d2-conf-CIAA,genius_ncaa,7,4,7,7,7,9,9,7,9,9,9,8,6,4,8,1,7,7,1,7,1,7,7,8,7,9,1,2,1,7,3,9,2,7,4,9,7,4,8,9,5,1,7,7,,,3,9,,3,8,8,1,1,8,8,4,8,9,3,1,1,1,1,3,1,2,9,4,9,9,1,7,,9,,5,9,3,3,2,9,3,2,9,4,2,9,5,1,2,2,2,8,2,2,9,9,9,5,6,3,1,2,3,3,2,4,3,8,7,2,5,3,8,5,8,,,8,4,,4,8,3,9,9,9,9,9,2,9,3,8,4,6,7,7,3,7,1,8,4,9,3,8,7,,2,,3,b'\x11\xe8\xe1I\xd570\xf8\x98|\x12\xdf\x17\xaeN\x1e'
11E8E149-D537-30F8-987C-12DF17AE4E1E,2026-ncaa-d2-natl,genius_ncaa,157,144,141,167,170,106,113,98,180,73,71,132,205,151,257,199,62,60,142,65,118,90,59,206,188,218,226,247,69,50,93,231,262,156,233,213,281,284,259,276,4,4,288,294,,,263,257,,183,109,65,2,88,43,54,14,25,18,210,127,32,30,36,13,2,18,269,121,217,293,2,293,,296,,202,106,161,165,95,268,208,104,287,64,106,44,110,190,240,24,242,269,118,227,244,228,45,48,40,199,193,262,208,93,206,233,223,260,3,2,25,277,241,289,286,,,84,190,,84,109,233,208,40,111,207,212,95,260,126,60,111,227,266,271,151,296,231,282,273,262,1,280,296,,30,,75,b'\x11\xe8\xe1I\xd570\xf8\x98|\x12\xdf\x17\xaeN\x1e'
11E8E149-D53B-7456-987C-12DF17AE4E1E,2018-ncaa-d2-conf-CIAA,ncaa,2,3,1,3,1,3,5,2,9,5,4,9,4,3,3,3,3,4,1,4,9,2,2,9,8,5,3,3,8,3,4,5,8,4,9,10,10,1,1,5,2,4,4,4,,,11,12,,,6,3,12,7,10,7,8,10,8,4,4,9,11,11,8,12,5,12,9,10,1,4,6,,10,,,6,7,4,5,4,4,6,3,7,5,10,6,10,9,10,9,10,4,9,4,6,4,12,10,11,10,8,10,4,11,9,3,8,1,2,3,1,1,8,7,,,3,6,,,6,9,6,6,6,1,1,1,1,1,3,1,8,8,8,1,1,5,7,8,2,5,1,5,,10,,,b'\x11\xe8\xe1I\xd5;tV\x98|\x12\xdf\x17\xaeN\x1e'
11E8E149-D53B-7456-987C-12DF17AE4E1E,2018-ncaa-d2-natl,ncaa,47,74,12,65,19,70,80,26,224,70,26,232,126,102,184,203,35,55,82,54,177,26,23,223,207,177,158,196,74,20,56,109,281,46,195,190,295,222,81,227,18,31,121,143,,,301,261,,,69,30,214,196,165,183,109,158,100,197,191,94,131,133,120,151,47,266,161,281,84,37,170,,247,,,74,198,112,209,40,115,224,37,126,146,110,82,294,294,102,293,277,241,284,39,71,17,244,91,300,299,281,281,56,296,195,136,162,9,14,11,21,4,157,50,,,38,140,,,69,276,135,33,73,25,13,20,23,56,44,45,245,250,248,34,148,247,143,199,42,23,4,63,,141,,,b'\x11\xe8\xe1I\xd5;tV\x98|\x12\xdf\x17\xaeN\x1e'
11E8E149-D53B-7456-987C-12DF17AE4E1E,2019-ncaa-d2-conf-CIAA,ncaa,3,2,12,2,13,13,12,12,9,9,9,9,13,13,13,13,8,10,2,10,8,13,13,10,10,8,12,13,1,9,5,13,8,12,5,13,11,1,6,11,8,4,3,2,,,2,5,,,3,13,12,13,11,11,10,8,5,13,13,5,6,6,10,12,5,11,10,12,4,5,2,,3,,,2,1,1,1,2,1,1,3,1,1,4,1,3,2,13,2,3,1,1,2,2,2,7,2,13,3,8,1,5,2,5,1,2,4,1,1,1,3,4,4,,,11,3,,,3,1,8,2,2,1,1,1,2,3,1,1,5,3,3,1,2,4,6,4,1,1,3,7,,7,,,b'\x11\xe8\xe1I\xd5;tV\x98|\x12\xdf\x17\xaeN\x1e'
11E8E149-D53B-7456-987C-12DF17AE4E1E,2019-ncaa-d2-natl,ncaa,48,27,182,34,218,229,224,193,250,156,96,256,288,274,271,286,135,141,141,139,205,189,191,274,265,251,265,292,43,41,14,216,178,127,64,263,278,155,183,255,44,17,93,39,,,149,215,,,43,243,253,248,247,240,170,138,54,293,289,113,128,123,153,153,16,216,69,279,187,27,81,,175,,,38,7,8,11,3,7,31,4,14,28,7,94,110,122,102,122,235,12,77,3,5,1,238,83,298,129,178,58,14,78,64,8,68,20,4,2,30,39,53,30,,,149,109,,,43,69,211,2,35,1,1,5,2,22,8,25,136,144,146,6,70,147,73,99,2,11,40,61,,113,,,b'\x11\xe8\xe1I\xd5;tV\x98|\x12\xdf\x17\xaeN\x1e'
11E8E149-D53B-7456-987C-12DF17AE4E1E,2020-ncaa-d2-conf-CIAA,ncaa,1,3,1,3,1,4,3,1,7,3,1,7,6,7,8,9,8,7,10,7,12,1,3,7,8,5,11,8,9,2,3,3,1,2,3,6,10,4,3,6,2,1,5,5,,,6,4,,,4,5,12,9,8,6,9,5,6,10,10,10,10,10,9,10,4,8,6,9,3,4,5,,3,,,4,1,3,5,4,6,10,4,1,2,3,2,4,6,2,6,5,3,6,4,3,2,2,3,5,1,1,10,3,6,3,1,2,1,1,1,5,5,4,2,,,3,4,,,4,10,5,1,4,1,1,1,2,2,1,1,2,3,3,1,1,1,3,2,1,6,3,3,,9,,,b'\x11\xe8\xe1I\xd5;tV\x98|\x12\xdf\x17\xaeN\x1e'
11E8E149-D53B-7456-987C-12DF17AE4E1E,2020-ncaa-d2-natl,ncaa,18,22,17,23,43,186,173,116,224,114,51,241,254,250,236,276,145,69,287,71,154,98,80,250,251,248,265,266,100,20,19,135,147,51,66,230,275,263,211,262,24,21,127,133,,,124,87,,,47,143,288,227,268,255,242,186,110,282,289,203,117,120,226,208,36,237,106,279,198,39,149,,43,,,48,15,22,63,24,62,177,17,11,15,36,14,63,154,2,151,139,62,183,15,11,1,43,29,207,178,147,153,19,164,66,9,13,11,5,1,183,132,87,35,,,61,93,,,47,185,219,1,45,2,3,2,19,78,3,4,27,93,94,2,34,114,61,70,1,22,112,49,,130,,,b'\x11\xe8\xe1I\xd5;tV\x98|\x12\xdf\x17\xaeN\x1e'
11E8E149-D53B-7456-987C-12DF17AE4E1E,2022-ncaa-d2-conf-CIAA,ncaa,4,4,7,4,7,11,11,10,10,12,12,10,2,3,2,1,11,10,12,9,2,10,10,9,10,8,1,1,9,9,10,10,10,10,10,8,8,3,5,8,10,10,9,10,,,6,11,,,7,10,12,2,11,11,11,12,12,2,2,11,10,10,12,12,9,12,12,9,3,11,10,,8,,,8,1,1,2,6,2,4,3,4,3,12,5,4,5,5,5,7,2,3,5,5,6,8,7,7,6,10,6,10,6,10,2,8,9,7,8,1,3,3,5,,,9,7,,,7,2,8,7,8,3,4,2,4,5,6,3,6,5,5,2,2,9,8,7,4,9,2,3,,10,,,b'\x11\xe8\xe1I\xd5;tV\x98|\x12\xdf\x17\xaeN\x1e'
11E8E149-D53B-7456-987C-12DF17AE4E1E,2022-ncaa-d2-natl,ncaa,150,107,248,127,248,280,283,280,276,285,266,285,228,249,119,185,208,152,277,151,27,271,275,265,263,258,50,106,36,172,93,288,284,273,247,280,235,80,198,261,265,234,262,257,,,122,269,,,200,282,293,11,276,287,274,287,225,197,216,151,76,71,244,230,99,292,252,281,158,237,253,,233,,,200,17,16,17,147,39,63,102,15,10,169,14,102,133,35,129,215,22,25,108,121,65,63,27,247,154,284,45,93,61,247,22,102,156,44,36,15,52,25,73,,,228,75,,,200,21,247,117,205,40,41,17,112,146,14,4,184,224,226,27,74,237,117,177,55,73,34,42,,130,,,b'\x11\xe8\xe1I\xd5;tV\x98|\x12\xdf\x17\xaeN\x1e'
11E8E149-D53B-7456-987C-12DF17AE4E1E,2023-ncaa-d2-conf-CIAA,ncaa,6,4,7,5,9,11,12,9,12,10,8,12,11,10,12,9,7,4,12,4,3,9,10,12,12,12,9,11,1,3,3,11,8,7,8,12,11,1,2,11,9,8,11,11,,,5,6,,,7,12,12,6,12,12,8,9,6,11,9,5,2,2,7,9,2,11,5,12,1,9,11,,6,,,7,1,4,2,7,4,1,7,3,3,10,5,1,2,4,2,2,1,1,8,6,5,3,6,5,4,8,9,3,7,8,4,5,9,2,6,1,1,6,9,,,4,1,,,7,1,9,5,7,1,6,3,5,3,5,5,3,3,3,1,1,6,12,11,6,5,1,9,,1,,,b'\x11\xe8\xe1I\xd5;tV\x98|\x12\xdf\x17\xaeN\x1e'
11E8E149-D53B-7456-987C-12DF17AE4E1E,2023-ncaa-d2-natl,ncaa,139,101,239,123,240,260,267,209,286,226,119,288,278,265,286,271,121,41,288,41,38,179,191,290,289,279,225,268,14,30,15,266,238,157,142,292,296,100,137,284,154,114,279,279,,,162,251,,,149,247,192,31,250,267,98,192,42,281,254,62,9,9,44,48,9,247,52,297,181,112,277,,244,,,148,19,25,20,106,51,79,74,20,13,142,30,93,148,12,154,204,22,59,81,71,25,69,48,225,147,238,104,15,124,142,30,110,67,20,21,12,24,133,110,,,93,30,,,149,48,260,30,154,38,44,33,106,166,27,16,151,213,217,48,169,222,216,227,69,31,49,181,,15,,,b'\x11\xe8\xe1I\xd5;tV\x98|\x12\xdf\x17\xaeN\x1e'
11E8E149-D53B-7456-987C-12DF17AE4E1E,2024-ncaa-d2-conf-CIAA,ncaa,10,8,11,10,12,12,13,11,13,13,8,13,11,11,11,10,5,3,9,3,2,9,12,13,13,10,4,10,1,4,8,9,6,8,11,13,13,1,1,9,12,10,7,6,,,5,10,,,9,13,11,12,11,13,6,11,4,10,10,1,1,1,4,7,3,6,2,13,1,12,6,,8,,,9,2,2,2,6,3,2,8,7,7,6,8,8,6,12,6,9,2,1,7,7,11,10,8,10,5,6,11,8,8,11,7,11,13,11,12,1,2,9,10,,,6,1,,,9,1,10,10,9,8,3,5,3,5,9,8,11,8,8,6,1,8,13,12,9,11,1,10,,2,,,b'\x11\xe8\xe1I\xd5;tV\x98|\x12\xdf\x17\xaeN\x1e'
11E8E149-D53B-7456-987C-12DF17AE4E1E,2024-ncaa-d2-natl,ncaa,144,165,117,153,130,155,187,109,267,139,40,280,259,248,252,280,24,7,277,7,25,70,86,282,268,230,188,278,5,48,101,139,203,85,192,274,293,105,60,258,89,98,174,187,,,257,255,,,160,110,114,50,181,224,85,144,28,276,266,16,3,3,33,59,44,153,59,292,112,90,183,,256,,,158,135,77,126,63,86,149,48,97,109,113,92,279,280,136,282,282,163,196,59,97,85,240,100,290,217,203,263,101,254,192,154,232,76,83,95,102,70,146,69,,,44,55,,,160,183,204,94,160,117,50,98,59,135,89,97,279,278,282,165,198,216,271,266,143,74,107,143,,24,,,b'\x11\xe8\xe1I\xd5;tV\x98|\x12\xdf\x17\xaeN\x1e'
11E8E149-D53B-7456-987C-12DF17AE4E1E,2025-ncaa-d2-conf-CIAA,genius_ncaa,3,4,3,4,4,5,5,6,7,5,4,9,10,9,10,11,1,1,3,1,2,3,3,9,5,5,5,11,1,8,8,6,4,6,6,10,12,7,7,11,2,2,7,6,,,6,4,,9,4,3,8,10,6,9,11,7,7,12,11,1,1,1,8,8,9,8,9,12,4,3,8,,3,,8,4,7,7,8,7,7,6,6,8,6,6,6,6,7,4,7,5,8,8,7,6,4,4,7,5,5,4,7,8,5,6,10,11,3,2,6,7,4,5,3,,,2,2,,4,4,9,6,4,4,2,4,3,5,4,6,4,3,4,4,1,2,2,3,3,7,2,4,4,,1,,3,b'\x11\xe8\xe1I\xd5;tV\x98|\x12\xdf\x17\xaeN\x1e'
11E8E149-D53B-7456-987C-12DF17AE4E1E,2025-ncaa-d2-natl,genius_ncaa,67,79,72,73,99,108,146,88,238,95,48,224,256,205,291,265,7,5,208,5,11,49,42,269,231,211,192,284,2,48,61,148,165,103,116,255,297,233,153,276,14,13,131,167,,,245,184,,221,88,53,55,189,136,207,120,102,61,282,248,3,3,4,49,49,65,219,141,290,195,13,158,,206,,189,93,120,104,171,66,125,203,53,85,99,123,67,208,238,23,239,203,186,243,62,67,24,133,97,221,178,165,161,61,160,116,166,225,16,23,38,206,139,129,76,,,19,27,,180,88,244,203,20,98,70,54,69,81,151,64,59,173,210,212,92,215,139,107,106,134,23,176,112,,13,,210,b'\x11\xe8\xe1I\xd5;tV\x98|\x12\xdf\x17\xaeN\x1e'
11E8E149-D53B-7456-987C-12DF17AE4E1E,2026-ncaa-d2-natl,genius_ncaa,30,13,141,24,145,114,143,155,124,108,83,187,220,242,112,273,24,43,56,45,80,131,138,157,107,102,189,256,19,81,22,126,106,109,31,147,166,140,128,155,62,51,3,2,,,108,81,,204,9,152,78,29,57,102,95,54,27,225,262,8,19,20,43,51,54,60,37,131,164,44,2,,109,,224,8,41,36,108,2,38,134,4,58,105,39,112,75,123,18,124,138,111,149,5,2,2,179,141,214,129,106,74,22,88,31,87,257,59,30,34,106,86,244,239,,,149,149,,271,9,149,85,3,8,8,8,128,20,167,50,107,82,149,147,138,226,156,35,67,85,32,120,266,,100,,280,b'\x11\xe8\xe1I\xd5;tV\x98|\x12\xdf\x17\xaeN\x1e'
11E8E149-D53F-D6AE-987C-12DF17AE4E1E,2018-ncaa-d2-conf-ECC,ncaa,6,6,4,6,6,7,7,6,8,6,2,8,9,8,8,8,8,6,9,6,7,7,5,8,8,8,9,9,6,4,4,3,5,2,2,7,5,9,8,8,9,9,2,2,,,5,5,,,6,6,4,5,7,7,6,6,2,9,8,7,5,5,7,2,3,2,1,7,9,8,2,,7,,,6,3,3,6,1,3,7,1,1,1,2,1,7,7,3,7,6,6,4,1,1,3,3,1,7,7,5,6,4,6,2,2,2,7,8,3,7,7,6,4,,,5,6,,,6,4,7,3,6,3,3,6,3,9,2,2,7,8,8,8,6,8,6,8,2,7,7,7,,5,,,b'\x11\xe8\xe1I\xd5?\xd6\xae\x98|\x12\xdf\x17\xaeN\x1e'
11E8E149-D53F-D6AE-987C-12DF17AE4E1E,2018-ncaa-d2-natl,ncaa,225,229,206,228,238,278,256,211,268,195,139,274,291,282,279,276,258,232,267,226,255,218,188,283,291,292,280,266,160,68,37,117,164,98,59,206,100,258,282,256,273,275,41,33,,,104,143,,,229,234,167,226,284,267,178,180,74,287,281,252,210,203,200,111,33,42,20,192,286,273,22,,155,,,229,46,49,123,32,77,194,26,40,56,78,52,128,151,72,145,125,113,92,22,21,58,123,76,214,189,164,81,37,117,59,47,123,234,225,152,249,267,164,131,,,226,213,,,229,74,279,89,225,86,86,203,116,253,55,76,166,195,192,203,166,222,131,176,86,220,275,176,,192,,,b'\x11\xe8\xe1I\xd5?\xd6\xae\x98|\x12\xdf\x17\xaeN\x1e'
11E8E149-D53F-D6AE-987C-12DF17AE4E1E,2019-ncaa-d2-conf-ECC,ncaa,6,6,3,6,4,4,5,4,4,2,2,5,8,8,9,9,6,6,1,6,8,4,6,6,5,3,9,9,5,6,7,5,5,4,7,4,4,2,2,2,9,9,3,3,,,7,6,,,6,5,6,6,4,3,3,2,3,9,9,6,6,6,3,7,6,5,4,2,2,9,2,,6,,,6,7,8,6,8,7,7,7,7,5,7,4,5,7,1,8,6,6,6,8,6,7,3,6,4,5,5,8,7,7,7,7,6,9,9,8,2,2,4,3,,,9,10,,,6,5,4,7,6,6,8,5,8,6,7,6,5,6,6,6,3,5,7,8,5,9,2,5,,10,,,b'\x11\xe8\xe1I\xd5?\xd6\xae\x98|\x12\xdf\x17\xaeN\x1e'
11E8E149-D53F-D6AE-987C-12DF17AE4E1E,2019-ncaa-d2-natl,ncaa,166,213,76,187,107,165,135,89,217,78,50,185,267,213,301,249,189,199,149,193,277,103,112,252,254,233,292,283,192,102,161,100,164,99,176,87,56,145,112,93,245,270,68,85,,,180,150,,,219,116,183,225,224,171,96,86,51,285,246,223,230,226,124,160,119,114,102,89,115,273,73,,143,,,211,205,217,215,160,208,230,117,225,143,272,105,121,182,28,182,120,212,182,168,139,178,129,202,92,218,164,261,161,257,176,252,220,179,217,240,95,67,181,89,,,223,277,,,219,179,226,191,224,155,174,165,169,212,197,119,87,146,149,154,132,188,236,225,217,221,64,164,,270,,,b'\x11\xe8\xe1I\xd5?\xd6\xae\x98|\x12\xdf\x17\xaeN\x1e'
11E8E149-D53F-D6AE-987C-12DF17AE4E1E,2020-ncaa-d2-conf-ECC,ncaa,5,6,5,5,5,5,5,6,5,3,4,5,6,6,7,6,7,8,3,8,8,6,8,5,5,4,8,6,7,7,9,5,9,7,9,6,8,3,4,5,6,7,5,6,,,5,5,,,7,7,4,1,5,4,5,2,4,7,5,7,8,8,5,8,8,5,7,6,4,7,6,,8,,,6,6,5,5,4,3,4,4,6,7,6,6,9,9,8,9,7,7,7,5,4,6,8,5,7,8,9,7,9,8,9,4,4,6,5,5,3,4,2,3,,,7,7,,,7,3,4,6,6,6,5,5,5,6,7,7,8,9,9,7,8,9,7,8,4,5,4,1,,8,,,b'\x11\xe8\xe1I\xd5?\xd6\xae\x98|\x12\xdf\x17\xaeN\x1e'
11E8E149-D53F-D6AE-987C-12DF17AE4E1E,2020-ncaa-d2-natl,ncaa,254,241,257,258,281,267,251,242,246,231,184,244,236,219,249,177,284,294,61,294,305,260,257,253,253,241,236,193,237,238,250,220,236,245,257,219,140,113,184,191,232,218,175,161,,,152,207,,,232,253,108,294,242,212,120,184,100,214,180,267,293,292,174,162,195,128,163,181,184,201,149,,235,,,235,73,52,66,81,81,97,99,61,77,62,109,244,223,241,218,246,89,83,74,105,115,196,82,284,191,236,170,250,189,257,174,288,178,145,179,39,93,77,94,,,291,282,,,232,70,250,140,230,172,120,183,141,182,105,151,281,268,264,229,232,256,276,275,239,114,80,115,,281,,,b'\x11\xe8\xe1I\xd5?\xd6\xae\x98|\x12\xdf\x17\xaeN\x1e'
11E8E149-D53F-D6AE-987C-12DF17AE4E1E,2022-ncaa-d2-conf-ECC,ncaa,8,7,10,8,10,8,8,10,2,9,9,4,5,8,3,4,10,10,9,10,6,10,10,2,2,6,4,4,8,10,4,6,6,7,4,8,8,7,10,8,10,10,9,9,,,2,6,,,7,10,4,1,2,2,5,6,7,3,5,8,8,8,7,4,6,2,3,5,10,9,9,,8,,,7,3,3,3,5,3,2,5,5,6,5,6,9,9,4,9,10,3,1,5,5,8,7,7,9,4,6,2,4,2,4,5,9,10,10,10,6,9,3,5,,,10,8,,,7,1,6,8,7,8,8,9,8,7,9,9,10,10,10,10,8,8,5,6,9,10,9,5,,7,,,b'\x11\xe8\xe1I\xd5?\xd6\xae\x98|\x12\xdf\x17\xaeN\x1e'
11E8E149-D53F-D6AE-987C-12DF17AE4E1E,2022-ncaa-d2-natl,ncaa,200,179,222,202,225,193,186,212,136,226,231,172,89,139,33,86,263,245,249,244,196,225,204,100,132,175,79,44,266,192,186,100,203,141,158,148,96,202,243,183,263,276,182,191,,,104,122,,,204,205,85,30,141,126,131,201,188,49,83,253,221,215,151,99,154,9,46,88,254,255,160,,176,,,203,128,110,164,55,68,136,35,220,208,217,201,151,146,155,142,159,163,127,81,88,160,265,247,178,244,203,109,186,167,158,215,274,239,254,268,132,184,174,235,,,244,251,,,204,97,177,194,198,232,195,282,128,235,266,265,216,215,207,282,255,278,204,257,270,203,207,226,,216,,,b'\x11\xe8\xe1I\xd5?\xd6\xae\x98|\x12\xdf\x17\xaeN\x1e'
11E8E149-D53F-D6AE-987C-12DF17AE4E1E,2023-ncaa-d2-conf-CACC,ncaa,10,9,7,10,8,11,9,8,9,8,6,9,8,9,8,9,12,12,12,12,12,8,7,9,10,10,9,8,13,6,7,8,7,8,7,10,9,12,10,9,11,12,8,8,,,4,6,,,11,6,3,4,10,8,3,6,3,7,9,12,12,12,8,3,6,4,5,7,11,11,6,,6,,,11,10,10,8,11,9,7,8,9,8,11,6,10,9,12,9,9,8,6,12,12,13,8,7,9,6,7,9,7,7,7,9,9,11,12,12,12,11,8,6,,,11,10,,,11,8,11,13,11,12,12,11,12,9,10,8,11,10,10,11,9,8,10,8,11,11,12,9,,11,,,b'\x11\xe8\xe1I\xd5?\xd6\xae\x98|\x12\xdf\x17\xaeN\x1e'
11E8E149-D53F-D6AE-987C-12DF17AE4E1E,2023-ncaa-d2-natl,ncaa,207,226,148,218,163,182,140,111,214,127,73,233,163,164,150,187,279,273,254,273,294,142,102,218,249,253,247,149,291,77,107,107,186,94,153,114,85,257,232,187,239,261,110,149,,,72,35,,,243,116,55,122,201,123,46,109,48,160,168,288,280,279,95,44,64,71,45,81,259,242,94,,73,,,240,186,209,214,152,220,248,104,162,110,258,76,130,116,191,111,53,202,179,145,137,173,95,137,94,221,186,199,107,218,153,251,242,173,208,248,249,233,240,204,,,227,283,,,243,174,246,185,243,232,245,271,244,280,181,120,137,118,116,263,244,235,234,249,264,174,262,255,,245,,,b'\x11\xe8\xe1I\xd5?\xd6\xae\x98|\x12\xdf\x17\xaeN\x1e'
11E8E149-D53F-D6AE-987C-12DF17AE4E1E,2024-ncaa-d2-conf-CACC,ncaa,6,6,5,6,7,11,11,11,11,10,10,9,6,5,9,3,11,9,11,8,4,11,12,11,11,10,5,4,8,4,5,10,5,8,7,9,8,2,5,7,11,11,4,1,,,2,2,,,7,12,12,4,11,10,11,10,10,6,3,11,9,9,10,11,4,9,5,10,3,11,3,,2,,,7,2,3,2,5,2,2,6,6,6,6,9,4,3,10,3,4,2,1,6,5,6,9,11,5,3,5,5,5,4,7,5,9,11,10,8,2,6,1,2,,,8,5,,,7,1,9,6,7,4,5,3,5,2,8,8,4,4,4,2,1,3,7,6,7,11,4,1,,7,,,b'\x11\xe8\xe1I\xd5?\xd6\xae\x98|\x12\xdf\x17\xaeN\x1e'
11E8E149-D53F-D6AE-987C-12DF17AE4E1E,2024-ncaa-d2-natl,ncaa,201,212,172,208,186,266,252,171,287,244,201,266,204,105,285,72,285,264,297,265,256,197,209,286,294,287,199,104,278,96,127,174,109,146,159,212,121,100,140,190,219,216,46,29,,,32,52,,,237,237,256,139,290,276,144,264,195,210,82,293,275,273,194,204,75,159,105,220,129,229,32,,29,,,231,50,71,82,98,80,117,89,102,101,142,150,49,55,121,57,69,68,60,102,85,121,124,176,86,91,109,203,127,165,159,199,279,214,186,238,109,149,103,135,,,254,248,,,237,65,276,112,233,58,85,105,84,120,120,118,60,69,69,74,50,98,246,201,219,203,134,108,,263,,,b'\x11\xe8\xe1I\xd5?\xd6\xae\x98|\x12\xdf\x17\xaeN\x1e'
11E8E149-D53F-D6AE-987C-12DF17AE4E1E,2025-ncaa-d2-conf-CACC,genius_ncaa,10,10,7,10,11,11,11,12,11,10,9,10,12,10,12,9,11,10,11,8,5,12,11,11,11,11,10,11,6,10,9,11,4,11,7,11,11,6,8,11,9,3,7,3,,,2,8,,8,11,12,10,5,11,11,12,10,8,11,9,11,7,5,12,9,9,10,11,11,8,5,6,,5,,10,11,1,2,1,9,1,1,8,10,6,10,11,2,2,7,2,8,1,1,10,10,10,11,12,5,1,4,6,9,3,7,7,10,9,2,8,5,9,1,3,,,12,8,,7,11,1,11,9,11,6,6,1,2,1,11,9,6,6,6,1,3,2,8,6,10,5,8,2,,10,,6,b'\x11\xe8\xe1I\xd5?\xd6\xae\x98|\x12\xdf\x17\xaeN\x1e'
11E8E149-D53F-D6AE-987C-12DF17AE4E1E,2025-ncaa-d2-natl,genius_ncaa,283,296,162,287,186,277,272,207,292,248,184,277,258,196,295,167,259,214,291,212,189,212,197,292,296,293,227,214,150,123,152,198,142,170,185,256,176,218,254,275,149,109,155,131,,,106,161,,79,275,219,238,150,298,297,243,275,189,273,194,269,226,223,250,197,106,212,169,276,227,138,155,,117,,88,265,82,87,76,176,83,80,146,166,124,251,185,93,82,192,82,131,69,76,188,180,152,203,214,132,97,142,195,152,157,185,212,271,147,101,191,172,211,44,50,,,263,261,,281,275,83,294,156,270,101,101,51,80,77,186,131,94,86,83,48,58,110,225,172,228,136,195,38,,277,,291,b'\x11\xe8\xe1I\xd5?\xd6\xae\x98|\x12\xdf\x17\xaeN\x1e'
11E8E149-D53F-D6AE-987C-12DF17AE4E1E,2026-ncaa-d2-conf-CACC,genius_ncaa,3,3,5,3,10,10,10,10,5,10,10,5,1,5,3,2,10,10,11,10,8,10,10,3,6,7,3,1,10,5,2,7,2,7,2,8,4,6,7,6,10,8,8,6,,,3,7,,9,3,10,11,11,9,6,8,9,11,1,3,10,10,10,11,11,2,3,3,6,6,9,7,,4,,10,3,2,2,2,3,3,2,5,3,7,3,11,2,2,1,2,6,2,2,3,2,2,3,8,3,2,2,3,2,3,2,5,9,10,6,7,4,7,1,2,,,10,10,,1,3,2,4,2,3,1,2,1,2,1,4,7,2,3,3,1,1,1,2,2,5,10,4,1,,10,,1,b'\x11\xe8\xe1I\xd5?\xd6\xae\x98|\x12\xdf\x17\xaeN\x1e'
11E8E149-D53F-D6AE-987C-12DF17AE4E1E,2026-ncaa-d2-natl,genius_ncaa,157,98,221,135,231,272,259,236,260,266,263,230,185,150,228,40,290,260,298,259,188,247,255,249,275,259,145,55,281,102,44,224,54,183,47,230,96,45,126,154,212,96,239,206,,,35,133,,42,155,267,290,77,277,241,135,256,232,126,44,294,244,244,169,196,27,96,34,177,112,148,232,,58,,75,155,25,38,35,121,47,34,166,46,66,50,187,19,32,8,32,107,33,29,107,51,88,67,147,45,27,54,83,44,55,47,103,275,265,181,241,33,65,62,138,,,275,275,,97,155,31,223,80,169,25,62,38,80,55,72,133,18,46,46,21,8,54,185,121,189,240,63,101,,279,,52,b'\x11\xe8\xe1I\xd5?\xd6\xae\x98|\x12\xdf\x17\xaeN\x1e'
11E8E149-D544-26B4-987C-12DF17AE4E1E,2018-ncaa-d2-conf-CCAA,ncaa,2,2,3,2,3,4,6,4,9,3,2,10,11,11,11,12,1,1,4,1,4,3,2,9,9,8,10,12,1,1,1,2,3,2,2,10,13,6,4,11,4,5,6,4,,,12,10,,,2,6,11,6,5,8,4,4,3,12,12,1,1,1,3,3,1,4,1,12,4,5,6,,9,,,2,2,2,6,1,2,3,2,11,12,5,12,8,9,2,9,11,9,8,3,1,1,12,12,10,6,3,6,1,5,2,5,6,7,7,3,5,5,6,4,,,1,3,,,2,8,3,1,3,1,1,3,1,2,10,11,7,9,9,5,4,4,4,4,3,9,3,5,,3,,,b'\x11\xe8\xe1I\xd5D&\xb4\x98|\x12\xdf\x17\xaeN\x1e'
11E8E149-D544-26B4-987C-12DF17AE4E1E,2018-ncaa-d2-natl,ncaa,67,63,105,67,116,133,155,135,198,109,70,211,257,258,217,283,23,43,73,44,78,117,128,227,183,161,206,278,9,26,6,115,96,58,14,234,274,134,109,221,109,88,116,78,,,242,280,,,72,175,244,89,145,186,165,106,63,272,275,13,33,33,112,130,19,116,36,263,114,117,120,,237,,,71,61,37,103,27,18,55,39,191,221,98,271,201,213,87,216,269,110,124,48,60,67,297,259,251,132,96,65,6,77,14,58,168,143,122,86,148,128,96,61,,,75,63,,,72,128,107,66,69,36,15,49,9,20,178,211,196,207,213,68,75,116,35,52,56,165,127,94,,63,,,b'\x11\xe8\xe1I\xd5D&\xb4\x98|\x12\xdf\x17\xaeN\x1e'
11E8E149-D544-26B4-987C-12DF17AE4E1E,2019-ncaa-d2-conf-CCAA,ncaa,2,2,1,2,2,2,2,3,3,1,2,4,6,6,8,9,1,1,5,1,2,2,2,4,4,3,9,10,1,2,2,4,8,3,5,3,8,7,3,4,2,3,8,7,,,9,5,,,3,1,3,13,2,2,3,1,3,9,9,1,2,2,2,2,2,8,4,4,4,3,8,,5,,,3,12,13,13,6,10,10,7,13,13,8,12,3,4,5,4,2,13,13,7,6,2,9,11,1,12,8,12,2,13,5,13,12,2,5,9,7,4,2,1,,,1,2,,,3,13,3,5,3,7,7,10,7,7,12,13,2,2,2,8,10,10,6,7,11,4,5,1,,2,,,b'\x11\xe8\xe1I\xd5D&\xb4\x98|\x12\xdf\x17\xaeN\x1e'
11E8E149-D544-26B4-987C-12DF17AE4E1E,2019-ncaa-d2-natl,ncaa,28,27,30,28,40,38,42,34,124,28,17,126,179,159,218,267,10,7,184,7,72,24,28,158,147,98,240,275,34,45,86,45,227,38,152,87,207,148,33,95,23,41,145,182,,,259,115,,,65,27,98,179,57,74,60,34,30,240,235,12,13,12,33,75,74,104,71,139,67,36,173,,164,,,69,265,267,292,69,231,271,88,263,287,95,223,157,192,57,188,90,293,294,79,63,61,159,227,87,291,227,277,86,293,152,296,278,42,117,181,214,89,32,4,,,7,36,,,65,282,80,86,73,126,151,246,131,193,208,243,69,102,99,219,242,254,188,231,246,81,114,17,,16,,,b'\x11\xe8\xe1I\xd5D&\xb4\x98|\x12\xdf\x17\xaeN\x1e'
11E8E149-D544-26B4-987C-12DF17AE4E1E,2020-ncaa-d2-conf-CCAA,ncaa,3,3,5,3,6,8,7,6,7,4,3,5,10,7,10,9,4,4,9,4,3,5,5,8,8,6,11,11,4,2,2,9,7,4,4,4,2,4,4,4,3,2,5,4,,,7,7,,,3,9,10,6,8,6,6,2,5,10,9,3,2,2,4,5,2,11,3,3,4,2,5,,7,,,3,4,4,3,8,2,2,6,10,7,11,11,5,4,5,4,9,3,5,8,7,7,12,13,5,4,7,4,2,3,4,9,11,4,2,8,3,4,1,1,,,2,2,,,3,5,4,7,3,4,7,4,3,2,11,8,5,5,4,2,5,7,5,5,9,4,5,1,,1,,,b'\x11\xe8\xe1I\xd5D&\xb4\x98|\x12\xdf\x17\xaeN\x1e'
11E8E149-D544-26B4-987C-12DF17AE4E1E,2020-ncaa-d2-natl,ncaa,95,72,223,85,245,192,177,178,169,122,114,155,254,230,266,245,149,123,226,121,150,171,219,211,208,163,262,263,106,37,13,246,187,149,75,139,84,30,40,56,107,63,207,163,,,65,136,,,109,263,243,190,152,130,97,66,55,248,218,104,75,71,80,136,19,232,71,96,48,82,193,,110,,,106,56,55,51,113,34,45,82,211,160,257,251,67,78,112,78,164,48,58,150,141,114,275,285,127,112,187,55,13,68,75,150,278,154,100,154,49,71,10,6,,,151,59,,,109,52,102,126,97,91,93,90,52,49,243,203,99,112,111,70,88,151,86,106,191,120,68,8,,59,,,b'\x11\xe8\xe1I\xd5D&\xb4\x98|\x12\xdf\x17\xaeN\x1e'
11E8E149-D544-26B4-987C-12DF17AE4E1E,2022-ncaa-d2-conf-CCAA,ncaa,9,9,8,9,8,6,8,6,9,8,6,11,3,4,2,5,6,4,11,4,3,6,5,6,7,9,2,2,6,3,5,7,10,4,8,9,11,11,10,10,7,7,5,4,,,6,7,,,9,7,4,2,6,7,6,9,6,3,4,6,1,2,4,2,4,6,3,8,11,6,2,,8,,,8,6,9,6,9,8,5,11,10,12,2,10,4,4,3,3,6,5,6,9,8,9,3,8,3,10,10,9,5,9,8,10,7,5,5,9,12,11,2,2,,,2,2,,,9,5,6,9,8,11,12,12,12,7,9,12,4,4,4,12,12,12,7,10,9,3,11,2,,1,,,b'\x11\xe8\xe1I\xd5D&\xb4\x98|\x12\xdf\x17\xaeN\x1e'
11E8E149-D544-26B4-987C-12DF17AE4E1E,2022-ncaa-d2-natl,ncaa,233,179,267,228,267,237,241,233,227,276,247,275,99,168,21,98,255,197,285,194,124,231,231,187,213,219,29,23,214,117,74,245,241,209,175,214,128,144,208,210,164,128,177,113,,,51,118,,,194,246,78,6,129,152,53,244,129,33,56,193,110,105,49,26,33,134,53,137,256,88,132,,177,,,193,48,66,64,160,53,22,244,161,221,66,288,35,49,46,46,155,51,62,184,152,144,204,248,61,154,241,69,74,98,175,149,230,176,120,169,242,277,13,16,,,174,78,,,194,53,195,169,195,225,236,256,184,98,264,293,108,130,127,248,262,256,238,261,253,69,285,15,,17,,,b'\x11\xe8\xe1I\xd5D&\xb4\x98|\x12\xdf\x17\xaeN\x1e'
11E8E149-D544-26B4-987C-12DF17AE4E1E,2023-ncaa-d2-conf-CCAA,ncaa,4,5,2,5,3,4,4,3,6,4,4,9,5,7,4,8,3,3,5,3,5,3,3,5,4,5,5,7,3,5,5,2,3,3,5,3,6,6,5,6,6,9,3,2,,,6,4,,,4,3,9,7,4,7,7,7,7,6,8,3,4,4,5,9,7,6,5,7,4,10,5,,3,,,4,11,10,9,6,2,3,8,12,12,8,12,4,5,2,5,9,10,10,8,8,8,12,12,2,7,3,6,5,7,5,12,12,5,7,12,7,6,4,2,,,2,2,,,4,10,5,6,5,5,4,5,1,1,12,12,3,5,5,3,2,2,2,2,10,8,5,3,,2,,,b'\x11\xe8\xe1I\xd5D&\xb4\x98|\x12\xdf\x17\xaeN\x1e'
11E8E149-D544-26B4-987C-12DF17AE4E1E,2023-ncaa-d2-natl,ncaa,72,82,68,80,101,92,111,110,142,124,89,188,105,132,58,178,61,64,120,61,88,93,85,132,115,124,87,143,73,72,73,83,146,74,83,102,109,181,141,135,105,124,86,45,,,180,157,,,97,102,173,208,118,157,156,170,133,119,173,71,79,73,125,140,93,102,89,119,144,138,94,,133,,,98,169,130,183,71,35,41,100,290,289,200,294,143,179,25,182,258,187,191,144,124,127,292,296,125,201,146,133,73,160,83,260,286,123,141,209,180,134,63,45,,,34,29,,,97,187,113,139,111,112,74,123,4,8,287,292,98,151,152,117,116,162,62,98,229,154,139,49,,38,,,b'\x11\xe8\xe1I\xd5D&\xb4\x98|\x12\xdf\x17\xaeN\x1e'
11E8E149-D544-26B4-987C-12DF17AE4E1E,2024-ncaa-d2-conf-CCAA,ncaa,3,3,1,3,3,3,3,4,4,3,4,2,6,6,6,8,2,1,4,1,5,2,2,4,3,3,8,9,6,2,2,5,6,2,3,8,12,8,5,7,2,4,6,5,,,6,4,,,2,4,7,10,3,4,6,4,5,7,8,2,5,4,6,7,5,7,5,8,6,4,7,,6,,,2,6,4,8,2,2,5,1,12,12,11,11,3,5,3,5,7,8,10,5,5,2,12,12,3,9,6,5,2,7,3,6,9,1,1,1,6,3,4,1,,,1,1,,,2,11,3,1,2,4,2,4,1,1,12,10,1,4,4,3,7,7,2,2,4,2,3,3,,1,,,b'\x11\xe8\xe1I\xd5D&\xb4\x98|\x12\xdf\x17\xaeN\x1e'
11E8E149-D544-26B4-987C-12DF17AE4E1E,2024-ncaa-d2-natl,ncaa,73,74,78,76,102,62,69,67,97,66,73,103,101,105,101,173,41,41,110,34,74,64,60,105,93,83,125,173,91,36,32,94,185,52,74,156,267,159,96,160,36,47,115,95,,,170,96,,,40,83,118,176,50,62,65,80,92,112,131,43,55,52,51,78,43,118,46,190,130,46,130,,121,,,36,145,113,193,44,39,118,30,277,267,235,265,116,160,20,165,189,195,232,89,68,49,285,288,104,239,185,149,32,203,74,196,235,47,64,85,142,86,75,41,,,30,40,,,40,217,53,63,38,84,66,158,20,47,264,257,83,118,124,145,191,215,85,136,155,59,112,53,,22,,,b'\x11\xe8\xe1I\xd5D&\xb4\x98|\x12\xdf\x17\xaeN\x1e'
11E8E149-D544-26B4-987C-12DF17AE4E1E,2025-ncaa-d2-conf-CCAA,genius_ncaa,2,2,1,2,1,3,3,4,3,3,4,3,6,6,4,9,1,1,3,1,1,3,3,3,3,3,6,8,1,2,2,2,5,1,2,5,12,9,4,6,5,6,8,9,,,9,9,,11,2,3,11,6,3,5,7,5,6,7,11,1,2,2,5,6,3,5,3,8,3,6,10,,8,,8,2,5,2,11,1,2,5,3,7,9,1,10,11,10,7,10,11,11,9,1,1,3,11,9,11,9,5,2,2,7,2,1,3,4,5,2,8,5,3,2,,,1,1,,6,2,10,3,2,2,2,2,2,1,2,6,7,8,8,8,3,2,6,1,3,1,5,3,3,,1,,8,b'\x11\xe8\xe1I\xd5D&\xb4\x98|\x12\xdf\x17\xaeN\x1e'
11E8E149-D544-26B4-987C-12DF17AE4E1E,2025-ncaa-d2-natl,genius_ncaa,24,23,43,23,54,53,65,80,85,54,52,125,146,179,88,249,19,16,148,16,38,57,51,107,86,98,169,233,32,26,15,68,189,33,43,150,260,209,138,194,73,106,143,157,,,262,236,,286,37,76,222,84,74,102,164,69,82,189,236,25,23,23,104,105,38,106,41,212,151,114,178,,202,,285,39,138,97,207,25,73,156,33,193,248,58,232,225,221,147,223,216,222,230,32,44,44,265,212,229,269,189,105,15,181,43,95,129,72,102,60,206,151,138,82,,,9,6,,76,37,212,54,61,39,50,27,92,20,51,146,209,166,160,162,95,123,227,32,92,50,108,156,101,,10,,96,b'\x11\xe8\xe1I\xd5D&\xb4\x98|\x12\xdf\x17\xaeN\x1e'
11E8E149-D544-26B4-987C-12DF17AE4E1E,2026-ncaa-d2-conf-CCAA,genius_ncaa,1,1,1,1,1,5,4,9,4,3,4,3,11,11,9,12,7,8,4,8,10,8,10,5,5,4,12,11,10,10,11,1,1,2,1,9,11,5,5,8,12,12,1,1,,,2,5,,10,3,9,7,1,5,4,9,3,4,11,11,7,8,8,8,10,10,1,2,9,5,12,1,,2,,10,3,1,1,6,1,1,9,1,1,3,2,2,2,1,4,1,1,5,3,1,1,1,4,3,9,3,1,6,11,3,1,1,3,10,10,4,6,7,1,1,,,8,6,,3,3,6,5,1,2,1,1,6,1,9,1,3,2,1,1,5,3,3,6,3,1,10,6,1,,8,,3,b'\x11\xe8\xe1I\xd5D&\xb4\x98|\x12\xdf\x17\xaeN\x1e'
11E8E149-D544-26B4-987C-12DF17AE4E1E,2026-ncaa-d2-natl,genius_ncaa,65,13,221,36,233,244,243,250,166,192,177,203,275,286,208,289,144,176,60,174,158,246,248,214,172,175,255,282,34,189,111,156,23,179,20,281,296,65,173,272,231,170,71,34,,,29,66,,249,65,253,179,88,180,182,196,82,44,274,291,51,76,75,162,159,119,14,26,288,156,181,37,,46,,279,56,22,22,57,6,15,45,3,131,120,166,239,22,17,169,18,26,43,40,16,10,20,270,285,69,32,23,46,111,34,20,28,127,233,158,77,44,101,62,71,,,203,59,,271,65,44,164,13,54,18,20,154,7,104,207,207,22,15,15,97,78,58,95,64,41,182,99,101,,63,,272,b'\x11\xe8\xe1I\xd5D&\xb4\x98|\x12\xdf\x17\xaeN\x1e'
11E8E149-D548-4D8E-987C-12DF17AE4E1E,2018-ncaa-d2-conf-CCAA,ncaa,7,7,5,7,8,5,3,1,11,4,3,9,6,3,12,9,7,5,10,5,10,1,1,10,11,10,11,10,8,2,9,7,10,3,10,9,12,5,3,8,1,1,4,6,,,10,8,,,8,1,1,10,2,2,1,3,2,8,2,6,4,4,1,1,2,6,3,9,5,1,5,,11,,,8,13,12,10,12,13,12,11,2,3,2,2,10,10,3,11,7,12,13,8,8,4,1,2,6,12,10,13,9,13,10,12,9,3,3,6,3,3,9,7,,,9,12,,,8,13,9,6,7,12,12,11,13,12,2,3,10,10,10,12,13,11,13,13,11,2,4,9,,6,,,b'\x11\xe8\xe1I\xd5HM\x8e\x98|\x12\xdf\x17\xaeN\x1e'
11E8E149-D548-4D8E-987C-12DF17AE4E1E,2018-ncaa-d2-natl,ncaa,161,164,148,170,188,145,141,77,255,129,65,256,175,135,254,190,148,115,224,127,213,82,97,263,256,228,202,195,139,84,164,166,235,137,247,224,275,117,68,207,29,30,90,126,,,224,175,,,198,101,31,226,134,125,19,104,36,181,127,124,92,104,20,35,59,162,96,237,135,19,86,,242,,,196,205,234,191,213,273,254,210,44,56,100,25,195,214,68,220,145,202,221,180,169,114,22,23,170,237,235,278,164,270,247,267,260,46,58,144,119,78,223,160,,,164,231,,,198,215,220,126,191,220,239,228,285,277,49,51,208,229,234,245,278,248,288,288,262,35,120,237,,146,,,b'\x11\xe8\xe1I\xd5HM\x8e\x98|\x12\xdf\x17\xaeN\x1e'
11E8E149-D548-4D8E-987C-12DF17AE4E1E,2019-ncaa-d2-conf-CCAA,ncaa,6,5,5,6,5,5,5,1,12,4,1,12,8,4,11,8,3,2,13,2,3,1,1,12,12,12,8,8,4,1,1,3,3,1,1,12,13,11,5,12,4,4,6,8,,,12,10,,,5,2,1,5,4,5,1,3,1,8,5,2,1,1,1,1,1,3,1,12,12,4,6,,12,,,5,11,11,9,9,12,11,8,3,2,5,2,10,12,3,12,7,10,12,8,7,6,2,2,9,4,3,13,1,12,1,11,8,4,6,8,10,6,10,7,,,3,11,,,5,12,6,3,5,12,12,11,13,12,3,3,9,12,11,12,13,5,13,11,10,2,11,11,,1,,,b'\x11\xe8\xe1I\xd5HM\x8e\x98|\x12\xdf\x17\xaeN\x1e'
11E8E149-D548-4D8E-987C-12DF17AE4E1E,2019-ncaa-d2-natl,ncaa,132,160,76,142,76,80,90,15,284,70,14,285,173,93,286,230,43,10,299,9,100,10,9,292,294,275,211,238,69,2,4,47,94,7,23,205,289,265,92,250,46,80,142,192,,,291,248,,,129,32,21,12,86,107,5,77,2,203,111,49,3,3,4,4,1,38,1,245,234,51,149,,289,,,129,240,249,259,144,284,286,134,50,87,44,25,255,272,36,270,167,274,273,96,97,87,37,19,215,187,94,285,4,266,23,273,233,41,93,131,234,71,283,176,,,19,184,,,129,282,214,71,127,197,208,247,265,288,36,51,238,258,251,264,279,148,269,242,237,52,199,282,,8,,,b'\x11\xe8\xe1I\xd5HM\x8e\x98|\x12\xdf\x17\xaeN\x1e'
11E8E149-D548-4D8E-987C-12DF17AE4E1E,2020-ncaa-d2-conf-CCAA,ncaa,9,7,9,9,10,6,6,2,11,3,1,8,9,6,12,10,3,2,11,3,9,1,2,11,11,10,10,12,3,1,1,6,3,1,1,12,13,5,3,11,5,5,10,11,,,4,4,,,10,6,2,5,2,2,1,1,1,9,4,2,1,1,1,1,1,4,1,12,7,5,10,,6,,,10,12,12,9,12,13,11,10,7,5,12,4,2,1,12,1,1,6,6,11,11,12,2,4,2,2,3,8,1,6,1,12,10,10,8,13,2,2,10,5,,,6,10,,,10,8,5,9,10,12,12,11,13,13,7,5,3,1,1,11,11,3,11,8,12,9,4,11,,3,,,b'\x11\xe8\xe1I\xd5HM\x8e\x98|\x12\xdf\x17\xaeN\x1e'
11E8E149-D548-4D8E-987C-12DF17AE4E1E,2020-ncaa-d2-natl,ncaa,168,170,173,171,196,115,106,45,230,75,29,215,200,144,272,228,76,50,227,52,160,49,56,249,240,203,234,241,83,8,8,112,92,24,34,264,308,153,67,248,156,163,258,280,,,86,65,,,169,105,43,129,80,74,11,36,16,200,137,55,33,39,8,9,5,69,9,277,161,145,263,,96,,,171,247,277,244,235,276,261,207,203,149,260,104,67,63,236,52,20,210,177,229,211,242,49,148,26,107,92,165,8,143,34,296,271,210,238,292,129,73,155,75,,,104,206,,,169,197,136,224,173,261,282,284,285,289,215,161,78,58,52,258,226,124,181,161,293,208,152,165,,50,,,b'\x11\xe8\xe1I\xd5HM\x8e\x98|\x12\xdf\x17\xaeN\x1e'
11E8E149-D548-4D8E-987C-12DF17AE4E1E,2022-ncaa-d2-conf-CCAA,ncaa,5,7,5,5,6,3,3,2,6,3,2,4,8,4,11,9,4,5,4,5,10,2,2,8,6,5,12,12,5,1,1,9,12,3,5,3,8,9,6,6,1,2,6,8,,,10,9,,,4,4,2,4,4,3,1,2,2,10,7,5,6,6,1,1,1,12,4,5,6,2,8,,10,,,4,7,8,5,11,8,6,10,8,9,7,8,7,8,2,8,8,7,9,10,10,5,4,7,6,11,12,6,1,7,5,12,11,1,2,4,8,6,11,9,,,2,7,,,4,9,5,5,4,6,9,6,8,5,8,7,7,7,7,7,11,10,6,6,10,1,7,11,,2,,,b'\x11\xe8\xe1I\xd5HM\x8e\x98|\x12\xdf\x17\xaeN\x1e'
11E8E149-D548-4D8E-987C-12DF17AE4E1E,2022-ncaa-d2-natl,ncaa,187,119,267,166,272,223,216,203,213,191,185,176,235,191,269,153,208,214,129,221,221,216,230,232,219,191,209,206,153,56,18,258,267,200,119,213,175,59,107,157,83,36,200,149,,,51,129,,,129,255,71,65,94,86,16,69,37,180,87,115,130,133,20,24,15,186,42,134,170,31,156,,177,,,123,27,34,46,106,29,30,131,126,129,132,241,47,70,34,75,182,42,58,131,111,83,225,234,109,171,267,42,18,61,119,144,275,152,76,147,66,112,99,130,,,221,158,,,129,46,151,123,123,167,167,220,114,131,243,262,127,168,172,219,251,267,160,215,250,51,178,198,,64,,,b'\x11\xe8\xe1I\xd5HM\x8e\x98|\x12\xdf\x17\xaeN\x1e'
11E8E149-D548-4D8E-987C-12DF17AE4E1E,2023-ncaa-d2-conf-CCAA,ncaa,1,1,1,1,1,1,1,1,3,1,1,3,6,5,6,10,1,1,8,1,2,1,1,4,5,4,8,9,4,1,1,4,8,1,1,1,11,10,1,2,1,1,8,8,,,12,3,,,1,1,2,7,1,1,1,1,1,8,6,1,1,1,1,1,1,8,2,1,5,1,8,,4,,,1,10,11,11,4,6,7,7,10,11,5,11,7,6,6,6,6,12,12,6,5,1,8,10,5,12,8,12,1,12,1,9,9,1,1,3,9,4,12,9,,,1,3,,,1,12,2,1,1,2,1,2,2,2,8,11,4,3,4,1,11,4,3,3,7,1,7,12,,1,,,b'\x11\xe8\xe1I\xd5HM\x8e\x98|\x12\xdf\x17\xaeN\x1e'
11E8E149-D548-4D8E-987C-12DF17AE4E1E,2023-ncaa-d2-natl,ncaa,5,6,8,5,14,8,9,7,54,10,5,76,76,77,97,237,4,1,264,1,23,4,4,71,86,69,205,231,68,3,3,31,138,3,13,27,182,268,61,81,4,10,145,182,,,287,166,,,8,5,32,208,11,17,16,12,26,134,167,10,3,3,8,13,7,130,14,59,142,9,214,,209,,,10,258,237,274,61,206,209,127,258,288,36,261,257,272,84,274,225,277,292,86,91,29,245,219,198,253,138,251,3,264,13,286,275,8,18,62,258,80,275,154,,,3,28,,,8,293,26,24,13,81,66,107,39,33,168,240,154,167,164,104,232,132,66,90,193,19,156,233,,5,,,b'\x11\xe8\xe1I\xd5HM\x8e\x98|\x12\xdf\x17\xaeN\x1e'
11E8E149-D548-4D8E-987C-12DF17AE4E1E,2024-ncaa-d2-conf-CCAA,ncaa,6,5,7,6,8,5,6,5,5,5,5,5,9,9,9,10,4,3,9,2,6,5,5,6,6,5,10,10,8,1,1,7,3,4,2,7,10,9,8,6,3,1,9,8,,,7,8,,,5,6,3,2,4,3,1,3,3,9,9,4,2,1,1,2,1,5,1,7,9,2,9,,8,,,5,7,9,6,10,4,3,11,10,9,6,10,6,6,4,6,8,5,5,10,10,10,9,9,4,3,3,3,1,1,2,12,11,6,4,11,10,9,8,8,,,5,8,,,5,7,5,9,5,9,11,8,8,4,11,11,8,8,8,8,9,5,6,5,12,5,10,11,,3,,,b'\x11\xe8\xe1I\xd5HM\x8e\x98|\x12\xdf\x17\xaeN\x1e'
11E8E149-D548-4D8E-987C-12DF17AE4E1E,2024-ncaa-d2-natl,ncaa,157,151,207,155,207,148,149,132,169,109,88,169,211,210,209,228,111,82,244,78,104,116,125,191,191,170,221,235,99,32,19,160,143,90,50,185,215,150,128,180,78,63,211,199,,,163,200,,,146,175,85,8,76,78,29,56,29,198,177,63,40,32,17,24,13,91,16,156,196,53,201,,217,,,146,132,145,110,190,124,80,227,194,207,147,237,97,119,45,116,179,104,120,205,186,152,175,214,83,143,143,93,19,101,50,256,283,125,111,210,215,200,247,230,,,156,177,,,146,119,125,166,147,211,219,210,186,118,228,247,122,153,155,208,221,180,171,179,276,89,237,277,,82,,,b'\x11\xe8\xe1I\xd5HM\x8e\x98|\x12\xdf\x17\xaeN\x1e'
11E8E149-D548-4D8E-987C-12DF17AE4E1E,2025-ncaa-d2-conf-CCAA,genius_ncaa,1,1,3,1,4,2,1,1,2,1,1,2,5,8,3,12,3,2,12,2,5,1,1,2,2,2,11,11,7,1,1,6,3,4,1,2,2,7,1,2,1,1,10,10,,,10,10,,6,1,2,1,12,1,1,1,1,1,6,10,3,1,1,1,1,1,8,2,2,4,1,11,,10,,5,1,1,1,1,6,1,4,5,4,4,5,5,9,9,5,9,10,2,11,6,6,1,7,4,9,1,3,5,1,2,1,3,8,1,1,1,6,2,12,8,,,3,6,,3,1,11,1,1,1,1,1,1,2,1,3,2,5,6,6,1,7,1,2,1,4,1,4,11,,2,,4,b'\x11\xe8\xe1I\xd5HM\x8e\x98|\x12\xdf\x17\xaeN\x1e'
11E8E149-D548-4D8E-987C-12DF17AE4E1E,2025-ncaa-d2-natl,genius_ncaa,1,3,1,3,1,2,2,1,44,2,1,79,46,67,41,267,10,4,253,4,211,1,1,65,90,66,273,243,218,3,5,20,138,1,26,1,46,292,44,26,1,2,86,156,,,298,242,,281,2,1,47,293,13,11,7,3,3,151,213,92,49,49,7,13,6,237,34,6,128,4,188,,243,,201,3,281,257,284,59,228,277,36,246,243,191,118,293,294,143,295,238,290,301,72,97,4,256,163,247,271,138,294,5,296,26,273,245,1,1,4,293,78,296,157,,,5,223,,22,2,301,19,5,4,23,13,7,13,30,88,54,168,162,167,14,199,78,68,64,86,5,158,273,,102,,66,b'\x11\xe8\xe1I\xd5HM\x8e\x98|\x12\xdf\x17\xaeN\x1e'
11E8E149-D548-4D8E-987C-12DF17AE4E1E,2026-ncaa-d2-conf-CCAA,genius_ncaa,5,5,1,5,1,10,5,6,6,5,6,6,12,10,12,10,9,6,11,6,7,6,4,8,10,10,11,12,9,7,7,5,11,8,12,7,8,10,9,7,3,3,12,12,,,10,7,,5,7,4,5,1,10,5,6,5,6,12,10,9,6,6,6,4,7,5,8,7,10,3,12,,10,,5,7,6,7,9,3,8,12,6,2,6,1,4,10,12,6,12,9,10,12,3,3,4,2,1,11,12,11,8,7,12,12,7,7,3,5,6,10,9,12,12,,,2,4,,3,7,7,10,4,8,6,7,9,8,12,2,6,10,12,12,10,12,12,8,12,7,3,10,12,,2,,3,b'\x11\xe8\xe1I\xd5HM\x8e\x98|\x12\xdf\x17\xaeN\x1e'
11E8E149-D548-4D8E-987C-12DF17AE4E1E,2026-ncaa-d2-natl,genius_ncaa,246,239,141,256,170,228,234,152,284,175,71,279,272,252,288,277,111,108,132,112,185,149,157,289,284,266,243,283,27,112,172,248,287,211,284,269,270,116,105,252,98,98,221,244,,,170,180,,105,269,162,97,88,251,254,83,162,18,287,270,77,77,81,66,81,87,281,227,279,136,79,227,,214,,117,261,170,178,139,223,208,177,224,95,106,107,84,186,150,258,151,131,146,150,200,209,195,68,62,181,253,287,208,172,229,284,238,269,137,137,226,188,199,289,286,,,129,96,,165,269,127,267,238,262,228,234,205,260,238,103,111,220,179,185,211,231,267,282,288,273,99,210,296,,76,,170,b'\x11\xe8\xe1I\xd5HM\x8e\x98|\x12\xdf\x17\xaeN\x1e'
11E8E149-D54C-82E6-987C-12DF17AE4E1E,2018-ncaa-d2-conf-CCAA,ncaa,6,6,5,6,5,6,7,8,4,6,8,4,5,6,6,6,8,6,12,7,5,7,8,4,5,5,7,7,7,10,6,6,5,5,5,8,9,8,7,9,10,10,10,10,,,5,7,,,4,8,8,3,7,5,10,6,8,5,7,8,5,5,9,8,9,5,6,8,7,10,10,,6,,,4,4,5,7,4,8,9,5,3,4,4,4,6,6,8,6,5,8,6,4,3,3,4,3,8,7,5,5,6,6,5,3,3,9,9,5,5,6,6,8,,,7,4,,,4,6,6,2,4,4,6,8,9,10,3,5,8,7,7,9,7,7,6,7,4,10,5,7,,5,,,b'\x11\xe8\xe1I\xd5L\x82\xe6\x98|\x12\xdf\x17\xaeN\x1e'
11E8E149-D54C-82E6-987C-12DF17AE4E1E,2018-ncaa-d2-natl,ncaa,107,132,64,125,72,127,117,135,123,124,152,123,131,130,135,148,160,110,261,114,120,132,133,124,146,152,167,147,184,124,116,107,103,116,96,136,185,206,179,174,141,161,213,247,,,182,170,,,111,125,222,44,179,159,217,162,199,152,163,208,153,153,215,205,150,167,157,179,157,176,240,,136,,,113,144,146,194,100,195,235,91,81,94,96,64,185,173,181,170,108,183,175,83,94,102,84,68,194,142,103,151,116,141,96,122,104,140,156,125,159,139,64,65,,,100,105,,,111,187,152,97,111,83,93,113,131,191,46,50,143,130,121,107,91,100,84,80,75,185,116,44,,138,,,b'\x11\xe8\xe1I\xd5L\x82\xe6\x98|\x12\xdf\x17\xaeN\x1e'
11E8E149-D54C-82E6-987C-12DF17AE4E1E,2019-ncaa-d2-conf-CCAA,ncaa,5,5,3,5,4,6,6,4,8,7,8,5,4,3,10,3,12,9,10,8,9,4,4,7,8,11,7,5,12,3,3,5,4,4,4,6,10,13,12,9,3,2,10,11,,,13,12,,,6,5,4,7,8,7,6,8,10,4,3,13,11,11,8,3,4,6,3,9,11,2,11,,11,,,6,9,4,5,5,7,7,5,4,3,7,3,13,13,8,13,12,6,9,5,8,4,10,3,13,3,4,10,3,7,4,2,3,3,4,2,11,10,4,5,,,9,12,,,6,9,8,2,6,3,2,2,4,5,4,2,13,13,13,4,7,3,7,4,3,5,9,4,,12,,,b'\x11\xe8\xe1I\xd5L\x82\xe6\x98|\x12\xdf\x17\xaeN\x1e'
11E8E149-D54C-82E6-987C-12DF17AE4E1E,2019-ncaa-d2-natl,ncaa,145,184,76,163,81,185,171,124,229,159,155,173,156,92,270,103,230,179,267,171,181,131,84,232,246,267,186,159,212,67,70,82,71,67,68,184,215,287,269,262,38,30,206,225,,,281,282,,,174,98,154,29,248,227,166,198,209,186,107,257,212,209,187,104,71,83,60,226,271,37,226,,282,,,172,135,69,136,51,121,204,57,35,63,51,36,296,290,208,295,283,184,198,43,84,68,188,30,303,121,71,200,70,173,68,39,57,76,80,29,273,233,98,88,,,167,258,,,174,225,252,55,162,80,36,66,80,149,19,33,289,288,289,116,162,94,146,111,32,77,245,73,,222,,,b'\x11\xe8\xe1I\xd5L\x82\xe6\x98|\x12\xdf\x17\xaeN\x1e'
11E8E149-D54C-82E6-987C-12DF17AE4E1E,2020-ncaa-d2-conf-CCAA,ncaa,4,5,3,5,3,4,4,5,3,1,6,2,7,3,8,4,5,5,5,5,2,4,3,4,4,7,9,8,8,4,3,5,2,5,2,5,6,13,11,9,2,3,3,3,,,13,13,,,5,2,4,2,7,5,9,3,8,7,5,6,6,6,9,4,5,6,7,6,12,3,3,,13,,,6,11,6,6,7,6,10,3,3,3,9,2,13,13,6,13,12,10,11,5,6,6,10,2,13,3,2,1,3,1,2,1,1,2,3,1,12,9,9,10,,,3,6,,,5,13,7,3,4,7,5,2,5,6,3,2,13,13,13,7,8,2,1,1,2,2,11,8,,6,,,b'\x11\xe8\xe1I\xd5L\x82\xe6\x98|\x12\xdf\x17\xaeN\x1e'
11E8E149-D54C-82E6-987C-12DF17AE4E1E,2020-ncaa-d2-natl,ncaa,82,124,17,109,25,71,66,77,69,60,120,41,101,81,163,115,105,106,159,91,106,72,53,70,79,133,172,158,184,89,40,98,39,83,22,59,108,292,240,165,43,60,84,108,,,307,306,,,86,46,124,66,121,108,187,107,215,142,123,148,162,150,179,127,136,187,163,96,248,67,109,,300,,,90,198,117,175,70,135,232,44,99,72,186,34,305,304,147,303,287,234,252,66,100,80,238,69,304,67,39,42,40,42,22,19,6,56,76,13,238,156,126,101,,,94,194,,,86,278,132,59,78,90,45,45,71,135,57,27,292,292,291,103,147,24,9,6,8,88,171,89,,181,,,b'\x11\xe8\xe1I\xd5L\x82\xe6\x98|\x12\xdf\x17\xaeN\x1e'
11E8E149-D54C-82E6-987C-12DF17AE4E1E,2022-ncaa-d2-conf-CCAA,ncaa,2,1,9,1,9,7,5,8,3,5,7,3,6,8,6,7,7,8,6,8,7,8,9,2,2,4,9,7,9,4,2,8,1,8,1,5,4,4,7,5,8,5,7,7,,,6,11,,,2,9,3,8,3,4,5,4,4,5,5,7,7,7,5,5,3,2,1,2,8,5,7,,11,,,2,3,3,4,1,3,4,1,2,2,1,4,8,7,5,7,11,4,4,1,1,1,11,2,12,2,1,3,2,3,1,2,2,9,3,2,2,1,6,6,,,7,6,,,2,4,4,1,2,2,1,2,2,3,2,3,9,10,10,3,3,1,1,1,2,6,1,8,,4,,,b'\x11\xe8\xe1I\xd5L\x82\xe6\x98|\x12\xdf\x17\xaeN\x1e'
11E8E149-D54C-82E6-987C-12DF17AE4E1E,2022-ncaa-d2-natl,ncaa,31,5,146,7,179,128,119,101,159,107,104,156,129,113,178,133,172,159,194,159,208,103,98,160,176,179,176,147,213,38,21,95,37,62,8,123,161,215,169,168,66,56,177,161,,,207,231,,,52,130,70,224,100,83,48,90,87,115,109,178,162,157,54,43,30,46,18,113,223,60,178,,215,,,40,42,32,107,14,34,96,23,84,158,26,193,163,177,89,184,227,118,146,15,18,17,243,159,250,58,37,75,21,58,8,23,49,88,69,16,102,67,135,109,,,116,157,,,52,168,150,10,45,27,15,85,24,74,96,172,172,183,187,103,156,66,63,52,17,75,103,139,,91,,,b'\x11\xe8\xe1I\xd5L\x82\xe6\x98|\x12\xdf\x17\xaeN\x1e'
11E8E149-D54C-82E6-987C-12DF17AE4E1E,2023-ncaa-d2-conf-CCAA,ncaa,7,7,7,7,7,8,6,4,8,3,3,7,12,11,12,12,10,9,9,9,12,6,4,9,9,10,12,12,9,2,2,7,1,4,2,9,10,11,11,10,7,6,7,6,,,9,11,,,7,6,4,1,7,3,3,2,2,12,11,10,9,9,4,2,2,1,1,9,11,6,7,,10,,,7,1,1,6,1,1,4,1,6,8,1,9,9,8,8,6,8,5,5,1,2,2,10,8,12,2,1,4,2,2,2,1,2,6,5,1,11,10,7,4,,,5,9,,,7,6,9,2,7,4,1,10,3,5,7,9,9,8,7,11,9,6,8,6,2,5,11,8,,4,,,b'\x11\xe8\xe1I\xd5L\x82\xe6\x98|\x12\xdf\x17\xaeN\x1e'
11E8E149-D54C-82E6-987C-12DF17AE4E1E,2023-ncaa-d2-natl,ncaa,120,101,197,114,218,181,160,145,179,100,86,148,241,214,273,223,218,169,261,169,222,147,118,220,238,248,270,249,198,36,19,110,107,66,21,158,155,249,234,221,124,111,154,122,,,228,256,,,121,163,42,144,155,103,47,48,38,247,192,192,137,140,48,21,16,33,10,128,267,89,130,,267,,,121,59,35,104,26,39,73,52,99,171,26,197,209,212,124,217,253,116,138,39,50,46,260,160,265,131,107,81,19,93,21,12,15,119,100,20,271,260,133,87,,,144,165,,,121,136,213,46,124,105,56,171,46,115,134,217,245,245,253,219,236,164,137,150,9,78,276,167,,72,,,b'\x11\xe8\xe1I\xd5L\x82\xe6\x98|\x12\xdf\x17\xaeN\x1e'
11E8E149-D54C-82E6-987C-12DF17AE4E1E,2024-ncaa-d2-conf-CCAA,ncaa,10,10,7,10,7,7,7,7,8,6,2,8,11,12,8,11,6,6,8,6,9,7,4,8,8,11,11,11,7,6,3,9,8,7,5,6,3,12,12,11,5,6,8,9,,,12,11,,,10,5,2,1,6,7,4,5,2,11,12,5,4,5,4,1,4,8,3,6,12,5,8,,12,,,10,10,8,7,9,5,8,8,6,6,9,4,11,12,7,12,10,7,8,9,9,8,10,6,11,8,8,2,3,5,5,4,3,4,8,4,11,11,12,12,,,3,5,,,10,8,9,10,10,11,10,10,10,9,7,7,11,12,12,12,12,9,4,8,8,3,11,12,,2,,,b'\x11\xe8\xe1I\xd5L\x82\xe6\x98|\x12\xdf\x17\xaeN\x1e'
11E8E149-D54C-82E6-987C-12DF17AE4E1E,2024-ncaa-d2-natl,ncaa,172,197,117,182,117,134,126,87,191,76,32,222,229,242,175,275,88,58,238,59,179,81,42,224,220,243,253,267,88,39,39,124,198,60,101,123,127,296,263,235,81,119,164,201,,,289,277,,,227,53,35,1,128,124,56,65,18,250,264,92,56,56,48,13,30,112,39,117,290,81,173,,294,,,218,252,229,221,166,211,227,121,214,170,241,107,270,279,53,278,239,248,250,163,174,156,195,155,226,231,198,171,39,211,101,168,86,70,126,102,273,214,298,272,,,60,135,,,227,246,227,171,216,253,228,248,216,238,210,168,263,275,279,269,277,232,164,204,161,70,261,298,,42,,,b'\x11\xe8\xe1I\xd5L\x82\xe6\x98|\x12\xdf\x17\xaeN\x1e'
11E8E149-D54C-82E6-987C-12DF17AE4E1E,2025-ncaa-d2-conf-CCAA,genius_ncaa,9,9,7,9,9,7,7,8,7,6,6,6,12,12,12,11,8,6,11,6,8,7,6,10,10,11,12,12,6,5,5,5,7,6,5,7,6,12,12,12,8,8,6,7,,,8,7,,12,10,7,2,5,7,6,6,4,3,12,12,7,5,5,6,2,5,4,5,5,12,8,6,,9,,12,10,11,10,9,10,9,8,10,8,7,6,8,5,8,2,8,6,9,6,9,8,10,4,7,4,8,7,4,5,5,5,11,9,8,9,11,12,11,10,11,,,7,8,,8,10,6,10,9,10,12,11,11,10,9,10,10,6,10,10,12,12,9,7,8,11,7,12,12,,5,,7,b'\x11\xe8\xe1I\xd5L\x82\xe6\x98|\x12\xdf\x17\xaeN\x1e'
11E8E149-D54C-82E6-987C-12DF17AE4E1E,2025-ncaa-d2-natl,genius_ncaa,195,236,109,210,131,172,146,127,203,97,65,192,252,228,279,258,149,86,276,78,137,115,49,234,245,275,275,268,125,41,64,87,193,60,112,120,119,301,286,262,111,167,98,129,,,240,153,,293,272,63,31,91,208,178,126,78,62,272,250,157,84,76,103,23,43,61,30,138,295,122,99,,226,,297,262,270,271,250,208,253,229,205,249,241,207,195,180,196,66,196,135,249,251,219,192,184,143,196,86,256,193,186,64,224,112,282,240,82,140,207,299,287,272,242,,,75,137,,70,272,243,258,189,256,257,266,276,238,237,240,240,155,175,176,273,272,239,177,212,268,82,294,274,,57,,76,b'\x11\xe8\xe1I\xd5L\x82\xe6\x98|\x12\xdf\x17\xaeN\x1e'
11E8E149-D54C-82E6-987C-12DF17AE4E1E,2026-ncaa-d2-conf-CCAA,genius_ncaa,1,1,1,1,1,3,3,11,1,1,7,1,10,12,4,11,4,7,8,6,6,11,7,1,1,3,10,10,8,3,1,9,10,5,3,3,4,11,12,5,7,8,5,3,,,7,9,,3,4,8,8,1,3,3,11,1,7,10,12,4,7,6,11,7,3,9,5,3,11,7,5,,7,,3,4,7,6,5,5,5,2,7,11,12,5,12,10,10,9,8,11,7,7,7,8,6,12,11,10,11,10,1,1,1,3,7,8,6,7,7,11,11,5,6,,,2,3,,1,4,4,3,8,4,7,6,5,5,2,11,12,10,10,8,7,7,11,1,1,7,6,11,5,,2,,1,b'\x11\xe8\xe1I\xd5L\x82\xe6\x98|\x12\xdf\x17\xaeN\x1e'
11E8E149-D54C-82E6-987C-12DF17AE4E1E,2026-ncaa-d2-natl,genius_ncaa,157,196,59,188,84,97,107,82,202,73,44,220,188,184,198,251,55,48,162,50,137,68,41,220,207,234,218,240,64,48,59,108,234,77,138,88,88,288,257,211,53,102,203,243,,,275,263,,204,202,51,22,88,134,151,89,93,44,229,234,64,62,62,64,22,64,170,96,110,277,68,239,,281,,191,202,232,194,221,98,200,208,132,185,225,77,140,284,285,174,286,267,249,257,92,140,109,206,113,270,259,234,189,59,213,138,186,153,39,92,82,293,285,283,264,,,26,54,,25,202,250,219,118,193,214,141,209,153,183,153,195,285,282,283,260,274,237,119,182,160,48,289,282,,17,,31,b'\x11\xe8\xe1I\xd5L\x82\xe6\x98|\x12\xdf\x17\xaeN\x1e'
11E8E149-D550-B85C-987C-12DF17AE4E1E,2018-ncaa-d2-conf-CCAA,ncaa,5,5,5,5,6,7,9,11,8,9,11,5,9,7,9,7,3,2,5,2,1,8,10,7,6,4,4,9,3,8,5,4,2,4,3,5,4,2,5,3,13,13,2,3,,,3,3,,,5,12,13,4,8,11,12,9,11,9,8,3,3,3,10,11,8,3,4,5,3,13,2,,3,,,5,5,7,9,5,7,8,6,6,7,6,8,2,2,12,2,2,7,1,5,4,12,6,6,4,2,2,2,5,2,3,8,8,13,13,13,2,2,3,5,,,2,1,,,5,2,4,11,5,5,8,9,8,9,6,7,3,2,2,6,2,2,3,2,8,13,2,3,,2,,,b'\x11\xe8\xe1I\xd5P\xb8\\\x98|\x12\xdf\x17\xaeN\x1e'
11E8E149-D550-B85C-987C-12DF17AE4E1E,2018-ncaa-d2-natl,ncaa,134,164,64,148,72,140,179,156,215,169,164,174,181,141,252,157,46,49,147,47,28,128,152,209,186,157,110,206,21,101,95,82,34,95,50,124,75,99,89,111,292,304,77,95,,,108,121,,,172,161,284,44,211,249,253,230,218,217,177,55,55,56,210,236,123,120,114,166,60,306,88,,59,,,171,188,223,216,167,230,237,149,139,129,151,99,93,77,252,74,44,187,125,142,135,228,63,106,90,78,34,145,95,109,50,256,249,282,297,302,54,50,56,67,,,57,18,,,172,141,143,204,178,116,152,151,179,195,117,102,62,46,42,115,27,37,82,50,224,303,40,39,,68,,,b'\x11\xe8\xe1I\xd5P\xb8\\\x98|\x12\xdf\x17\xaeN\x1e'
11E8E149-D550-B85C-987C-12DF17AE4E1E,2019-ncaa-d2-conf-CCAA,ncaa,12,12,9,12,11,12,9,8,10,6,4,9,12,13,12,13,10,11,4,11,13,8,13,11,11,9,13,13,8,6,4,10,11,9,9,8,5,3,4,5,7,6,2,1,,,1,3,,,11,13,13,4,11,9,4,5,2,12,13,9,10,10,4,11,5,10,8,6,3,6,2,,3,,,11,4,5,4,10,3,4,10,11,8,12,11,2,1,4,2,5,4,2,12,10,11,11,13,3,9,11,2,4,4,9,10,13,9,8,12,2,2,5,4,,,11,7,,,11,1,7,12,11,9,8,5,6,4,13,11,3,4,4,5,3,9,8,8,12,8,2,5,,8,,,b'\x11\xe8\xe1I\xd5P\xb8\\\x98|\x12\xdf\x17\xaeN\x1e'
11E8E149-D550-B85C-987C-12DF17AE4E1E,2019-ncaa-d2-natl,ncaa,216,213,227,220,230,242,234,211,246,159,107,247,294,286,281,291,159,168,140,161,222,205,236,273,266,228,280,295,51,137,103,245,251,211,195,212,152,35,57,126,173,147,48,20,,,34,65,,,200,259,254,20,228,222,131,117,29,295,288,109,122,110,114,178,90,210,139,186,64,153,27,,55,,,200,57,68,85,112,55,66,103,195,180,187,249,66,75,79,76,152,79,65,133,113,149,234,264,113,190,251,95,103,137,195,204,289,239,209,256,36,75,73,47,,,184,96,,,200,49,213,186,206,131,133,161,88,110,237,244,103,120,121,147,122,238,175,215,251,216,63,101,,120,,,b'\x11\xe8\xe1I\xd5P\xb8\\\x98|\x12\xdf\x17\xaeN\x1e'
11E8E149-D550-B85C-987C-12DF17AE4E1E,2020-ncaa-d2-conf-CCAA,ncaa,9,7,9,9,11,7,8,7,5,7,4,9,6,8,2,11,7,6,7,6,11,6,6,6,5,4,6,4,9,6,7,4,8,7,8,7,5,7,6,6,11,12,1,1,,,5,5,,,8,7,1,11,4,3,3,4,2,4,7,5,5,5,3,3,6,2,2,4,8,11,1,,8,,,8,7,9,10,5,8,9,7,8,9,7,8,4,6,2,5,4,9,7,6,4,8,7,8,4,11,8,6,7,9,8,7,8,8,9,10,9,8,11,9,,,4,4,,,8,7,6,8,9,10,10,12,9,12,9,11,8,9,9,12,12,12,9,11,8,7,10,12,,2,,,b'\x11\xe8\xe1I\xd5P\xb8\\\x98|\x12\xdf\x17\xaeN\x1e'
11E8E149-D550-B85C-987C-12DF17AE4E1E,2020-ncaa-d2-natl,ncaa,168,182,102,177,153,112,115,68,198,136,55,256,101,160,30,217,126,107,213,107,195,64,87,179,191,155,118,115,163,130,199,84,220,99,213,126,156,116,66,109,208,254,23,25,,,187,113,,,151,79,63,226,116,118,48,146,46,108,167,126,104,105,59,82,139,74,97,133,92,225,23,,161,,,152,219,215,265,85,176,227,93,253,271,139,218,173,182,120,176,137,264,237,101,91,133,214,233,136,272,220,270,199,281,213,227,199,156,210,201,188,139,246,202,,,64,85,,,151,223,160,160,159,198,194,269,147,209,239,263,162,169,162,265,248,264,262,268,211,169,166,240,,48,,,b'\x11\xe8\xe1I\xd5P\xb8\\\x98|\x12\xdf\x17\xaeN\x1e'
11E8E149-D550-B85C-987C-12DF17AE4E1E,2022-ncaa-d2-conf-CCAA,ncaa,3,4,2,3,2,2,2,1,2,1,1,6,4,6,3,12,5,6,7,6,12,1,1,4,5,3,10,8,10,2,3,6,8,1,3,2,9,7,2,4,3,3,4,5,,,8,5,,,3,2,7,5,2,1,2,1,1,6,9,8,9,9,2,3,2,10,5,4,4,4,6,,5,,,3,11,12,10,8,11,9,8,8,10,6,5,6,6,4,6,5,10,10,8,6,6,2,6,5,7,8,8,3,8,3,11,9,3,4,7,7,2,12,12,,,6,11,,,3,10,2,6,3,5,7,5,9,8,3,6,3,3,3,6,5,7,5,5,8,5,5,12,,10,,,b'\x11\xe8\xe1I\xd5P\xb8\\\x98|\x12\xdf\x17\xaeN\x1e'
11E8E149-D550-B85C-987C-12DF17AE4E1E,2022-ncaa-d2-natl,ncaa,129,119,196,128,202,148,124,85,186,125,80,215,118,131,107,159,246,232,229,231,280,104,126,186,208,174,185,104,276,34,28,192,191,117,97,135,172,89,73,105,87,67,146,125,,,80,93,,,94,174,111,68,85,54,10,79,29,88,98,247,222,222,27,38,20,170,50,100,118,71,140,,120,,,91,91,102,115,113,87,98,124,169,178,146,216,81,89,117,92,129,108,121,132,124,111,197,223,101,149,191,125,28,131,97,172,229,129,116,160,84,70,237,202,,,249,290,,,94,111,132,122,109,133,146,176,105,120,205,220,106,114,120,160,188,181,183,182,199,104,107,261,,261,,,b'\x11\xe8\xe1I\xd5P\xb8\\\x98|\x12\xdf\x17\xaeN\x1e'
11E8E149-D550-B85C-987C-12DF17AE4E1E,2023-ncaa-d2-conf-CCAA,ncaa,3,3,4,3,4,2,2,2,2,2,2,4,4,4,2,5,4,4,4,4,7,2,2,3,3,3,7,5,7,3,3,3,6,2,6,2,8,7,3,4,3,3,2,4,,,8,5,,,2,2,3,4,2,2,2,3,4,4,4,4,6,6,2,4,4,3,3,2,7,3,3,,6,,,2,8,8,10,3,8,10,5,7,10,2,8,5,2,9,2,2,9,11,3,4,3,5,5,4,11,6,9,3,11,6,4,4,3,4,2,5,1,8,6,,,4,8,,,2,11,3,4,3,6,6,12,6,8,6,8,6,2,2,10,10,9,6,7,3,4,4,6,,5,,,b'\x11\xe8\xe1I\xd5P\xb8\\\x98|\x12\xdf\x17\xaeN\x1e'
11E8E149-D550-B85C-987C-12DF17AE4E1E,2023-ncaa-d2-natl,ncaa,59,55,68,55,99,49,52,43,87,60,53,106,72,88,64,155,58,62,124,61,133,41,41,79,84,78,132,139,145,44,66,60,140,46,80,81,181,188,94,119,43,71,50,53,,,231,155,,,46,52,43,201,32,35,34,52,61,77,96,67,72,73,27,37,54,56,35,85,150,57,65,,194,,,45,194,193,243,82,184,204,118,204,256,71,216,154,147,157,144,112,231,242,96,90,83,161,193,119,221,140,203,66,220,80,95,45,70,118,68,126,52,167,91,,,66,139,,,46,238,61,88,54,139,152,234,143,160,180,227,105,104,101,224,225,188,158,175,78,91,89,140,,78,,,b'\x11\xe8\xe1I\xd5P\xb8\\\x98|\x12\xdf\x17\xaeN\x1e'
11E8E149-D550-B85C-987C-12DF17AE4E1E,2024-ncaa-d2-conf-CCAA,ncaa,4,4,1,4,1,2,2,1,3,4,6,4,1,1,3,4,9,7,11,7,8,1,1,3,4,4,6,3,10,3,6,3,7,1,6,2,8,7,3,3,7,9,2,3,,,5,1,,,4,1,4,3,2,2,3,6,7,1,1,9,8,8,3,4,6,4,2,2,4,8,2,,5,,,4,9,11,11,6,7,9,5,11,8,10,8,4,8,1,8,5,11,12,7,6,4,6,10,1,10,7,10,6,10,6,8,4,3,5,3,7,4,11,9,,,4,9,,,4,12,4,5,4,6,7,9,4,7,10,8,2,6,6,7,8,10,8,9,6,6,4,7,,9,,,b'\x11\xe8\xe1I\xd5P\xb8\\\x98|\x12\xdf\x17\xaeN\x1e'
11E8E149-D550-B85C-987C-12DF17AE4E1E,2024-ncaa-d2-natl,ncaa,98,131,50,118,51,41,33,28,87,55,48,121,26,40,25,100,128,85,265,85,184,31,28,68,107,91,103,58,255,27,62,39,194,25,108,53,149,210,97,92,88,153,61,82,,,216,69,,,70,38,79,41,39,29,25,85,84,28,58,177,129,128,30,46,47,51,29,65,144,123,75,,135,,,70,245,238,266,88,186,240,58,267,256,231,183,189,241,6,241,174,272,271,117,82,89,226,237,114,277,194,248,62,269,108,213,136,47,115,100,215,130,268,243,,,87,218,,,70,264,65,104,68,177,162,231,109,189,229,217,125,182,180,236,246,248,190,231,152,80,164,256,,140,,,b'\x11\xe8\xe1I\xd5P\xb8\\\x98|\x12\xdf\x17\xaeN\x1e'
11E8E149-D550-B85C-987C-12DF17AE4E1E,2025-ncaa-d2-conf-CCAA,genius_ncaa,6,5,5,6,5,4,5,3,8,7,5,9,3,1,7,3,9,9,6,9,11,4,4,8,9,5,4,3,11,3,4,3,2,3,4,4,8,1,2,4,9,9,2,1,,,4,3,,4,4,5,5,2,4,4,2,6,5,2,2,9,9,9,2,3,2,2,1,4,2,9,2,,4,,4,4,6,7,9,4,5,7,4,9,8,7,9,4,4,8,4,4,7,7,4,5,5,10,10,6,4,2,10,4,8,4,9,11,6,6,8,1,1,7,6,,,8,11,,4,4,8,4,4,4,4,5,9,4,7,9,8,4,4,4,8,6,3,9,7,9,6,1,7,,9,,3,b'\x11\xe8\xe1I\xd5P\xb8\\\x98|\x12\xdf\x17\xaeN\x1e'
11E8E149-D550-B85C-987C-12DF17AE4E1E,2025-ncaa-d2-natl,genius_ncaa,79,79,109,80,110,94,88,45,193,122,75,223,54,66,76,107,185,181,170,178,241,59,64,169,184,157,93,66,245,40,76,47,102,39,66,108,171,162,93,131,203,242,12,12,,,98,33,,187,85,77,79,6,73,61,19,120,71,52,61,203,198,192,28,41,42,17,10,112,154,217,7,,75,,177,83,142,144,230,39,122,220,25,203,215,141,183,104,114,90,113,65,226,222,50,43,53,184,217,103,198,102,216,76,215,66,234,261,106,151,182,152,86,235,190,,,154,243,,57,85,225,137,54,90,117,128,261,106,225,201,212,87,102,95,244,237,192,210,199,229,114,139,236,,168,,60,b'\x11\xe8\xe1I\xd5P\xb8\\\x98|\x12\xdf\x17\xaeN\x1e'
11E8E149-D550-B85C-987C-12DF17AE4E1E,2026-ncaa-d2-conf-CCAA,genius_ncaa,5,5,1,5,1,7,8,3,10,7,2,10,7,5,7,6,7,8,4,8,11,4,8,11,11,8,6,6,6,6,9,3,6,3,7,5,5,2,3,3,11,11,1,2,,,1,2,,5,7,7,10,1,7,8,3,7,2,7,5,7,8,8,4,8,6,3,3,5,2,11,1,,1,,5,7,7,8,10,6,7,11,5,10,8,9,7,3,5,5,5,3,9,4,5,4,9,7,8,2,7,6,11,9,10,7,5,4,12,12,9,1,2,9,8,,,12,11,,9,7,3,9,9,9,7,8,10,7,11,10,8,3,5,5,9,4,7,11,10,5,12,1,9,,12,,9,b'\x11\xe8\xe1I\xd5P\xb8\\\x98|\x12\xdf\x17\xaeN\x1e'
11E8E149-D550-B85C-987C-12DF17AE4E1E,2026-ncaa-d2-natl,genius_ncaa,107,13,268,47,271,260,266,263,227,276,257,268,176,236,29,158,234,255,57,256,193,264,274,193,179,124,39,63,120,263,214,237,125,253,175,230,68,13,31,49,253,174,71,38,,,13,24,,31,122,270,80,88,97,131,36,203,63,45,117,96,138,138,40,97,141,10,31,89,52,150,16,,49,,82,117,26,32,41,48,42,56,59,34,48,65,127,32,20,266,19,28,36,26,41,41,111,94,126,110,67,125,58,214,58,175,12,12,290,273,131,15,49,204,283,,,285,272,,232,122,24,125,125,128,154,184,283,195,272,137,184,108,65,68,272,224,233,284,274,39,252,68,290,,256,,176,b'\x11\xe8\xe1I\xd5P\xb8\\\x98|\x12\xdf\x17\xaeN\x1e'
11E8E149-D554-E2B0-987C-12DF17AE4E1E,2018-ncaa-d2-conf-CCAA,ncaa,12,12,9,12,12,13,13,9,13,13,9,12,10,7,13,3,13,13,8,13,12,12,12,13,13,13,9,6,12,6,7,11,11,10,9,12,7,11,11,12,9,8,9,8,,,4,5,,,13,13,7,10,13,13,7,13,6,10,5,13,13,13,11,6,4,10,9,11,11,8,8,,4,,,13,2,6,2,11,5,2,10,7,5,9,9,3,5,1,5,8,1,2,12,10,11,8,10,5,4,11,9,7,8,9,6,7,5,4,7,11,11,12,12,,,13,13,,,13,1,13,12,13,8,9,5,7,5,9,9,5,6,5,4,6,8,10,9,10,4,12,12,,13,,,b'\x11\xe8\xe1I\xd5T\xe2\xb0\x98|\x12\xdf\x17\xaeN\x1e'
11E8E149-D554-E2B0-987C-12DF17AE4E1E,2018-ncaa-d2-natl,ncaa,252,272,148,264,188,264,241,166,289,241,167,283,197,149,257,128,279,270,236,267,288,187,176,285,296,287,184,131,252,108,122,259,238,202,224,224,161,222,244,245,127,113,230,233,,,80,96,,,266,194,190,226,290,279,151,260,152,203,145,292,283,283,202,160,85,280,215,237,239,127,237,,84,,,257,124,149,91,241,166,121,206,132,68,283,84,83,112,58,108,132,83,107,234,223,177,104,136,102,156,238,189,122,182,224,200,196,106,70,143,259,274,271,268,,,239,255,,,266,105,283,186,267,144,175,81,177,146,142,63,97,120,119,78,111,170,216,197,202,90,270,278,,251,,,b'\x11\xe8\xe1I\xd5T\xe2\xb0\x98|\x12\xdf\x17\xaeN\x1e'
11E8E149-D554-E2B0-987C-12DF17AE4E1E,2019-ncaa-d2-conf-CCAA,ncaa,13,13,9,13,13,13,13,12,13,13,7,13,12,12,13,10,13,13,9,13,12,12,9,13,13,13,11,11,3,5,5,12,6,11,7,13,11,8,10,13,8,8,12,12,,,4,8,,,13,12,10,10,13,13,10,12,5,12,10,12,12,12,12,7,3,11,10,13,9,8,12,,6,,,13,8,9,2,13,8,3,13,6,4,13,6,6,6,10,6,11,1,1,13,13,13,6,6,7,1,6,8,5,2,7,7,7,7,3,6,12,12,12,12,,,8,5,,,13,2,13,11,13,11,11,3,10,3,6,5,8,6,6,2,2,1,11,6,7,6,13,12,,4,,,b'\x11\xe8\xe1I\xd5T\xe2\xb0\x98|\x12\xdf\x17\xaeN\x1e'
11E8E149-D554-E2B0-987C-12DF17AE4E1E,2019-ncaa-d2-natl,ncaa,300,306,227,301,241,294,289,226,305,254,124,309,301,279,305,282,240,233,179,233,263,231,220,309,305,303,260,285,46,105,102,279,123,234,182,292,244,190,230,289,193,161,291,293,,,125,213,,,292,250,189,113,299,299,163,248,58,301,280,203,203,203,182,142,61,277,179,290,230,171,295,,188,,,290,116,105,38,276,123,57,264,105,58,271,124,185,155,245,157,224,41,56,273,284,238,152,119,205,26,123,167,102,84,182,150,197,144,65,146,245,273,235,211,,,192,138,,,292,71,298,218,287,195,180,53,185,85,166,89,230,199,204,65,92,45,247,156,201,87,269,264,,131,,,b'\x11\xe8\xe1I\xd5T\xe2\xb0\x98|\x12\xdf\x17\xaeN\x1e'
11E8E149-D554-E2B0-987C-12DF17AE4E1E,2020-ncaa-d2-conf-CCAA,ncaa,11,11,9,11,12,13,13,13,13,13,13,13,11,10,11,5,11,12,6,12,10,13,13,12,12,12,8,9,5,5,5,12,10,12,9,11,8,11,12,12,10,8,9,8,,,6,9,,,12,13,9,12,13,13,11,13,10,11,8,11,11,11,11,9,4,12,12,11,11,9,8,,9,,,12,5,7,1,10,6,3,11,5,6,8,6,8,9,8,9,10,1,1,10,12,9,6,6,8,6,10,4,5,4,9,5,4,6,6,3,11,12,7,8,,,8,3,,,12,1,12,10,12,8,8,5,8,4,6,6,10,10,10,5,6,9,6,7,5,5,12,7,,5,,,b'\x11\xe8\xe1I\xd5T\xe2\xb0\x98|\x12\xdf\x17\xaeN\x1e'
11E8E149-D554-E2B0-987C-12DF17AE4E1E,2020-ncaa-d2-natl,ncaa,254,220,283,251,296,296,291,289,275,289,276,269,261,237,273,158,279,269,208,270,204,291,287,276,277,274,170,181,133,199,130,302,256,293,241,282,185,104,226,253,235,170,263,241,,,53,183,,,265,299,220,227,284,278,215,259,197,228,182,246,236,233,233,206,118,296,272,259,209,180,244,,149,,,266,47,52,13,241,75,32,244,66,40,180,147,93,95,167,95,207,15,16,233,238,207,132,125,176,78,256,40,130,46,241,23,28,210,109,80,79,179,33,72,,,255,105,,,265,14,267,217,265,167,166,83,172,102,142,126,190,181,184,92,103,168,158,167,64,132,168,61,,142,,,b'\x11\xe8\xe1I\xd5T\xe2\xb0\x98|\x12\xdf\x17\xaeN\x1e'
11E8E149-D554-E2B0-987C-12DF17AE4E1E,2022-ncaa-d2-conf-CCAA,ncaa,12,11,10,12,11,11,11,11,11,11,11,12,11,12,5,10,11,11,10,11,6,11,11,10,12,12,6,5,7,10,4,11,9,11,4,10,10,8,12,11,11,12,11,9,,,2,6,,,12,11,11,12,12,12,11,12,9,11,12,11,10,10,11,11,6,11,11,11,12,12,12,,2,,,12,4,4,3,12,4,3,12,5,3,11,11,2,2,12,2,1,3,2,12,12,12,7,11,1,4,9,2,4,2,4,4,8,11,12,12,9,12,3,5,,,11,5,,,12,2,12,12,12,10,11,7,10,2,12,10,2,1,1,4,1,5,2,3,11,12,12,5,,7,,,b'\x11\xe8\xe1I\xd5T\xe2\xb0\x98|\x12\xdf\x17\xaeN\x1e'
11E8E149-D554-E2B0-987C-12DF17AE4E1E,2022-ncaa-d2-natl,ncaa,286,225,291,286,292,294,294,295,272,293,292,284,280,291,150,223,290,283,270,282,108,295,293,272,272,290,117,156,80,232,29,290,219,288,74,296,236,135,297,295,290,242,289,270,,,12,109,,,270,295,231,299,292,294,291,286,230,248,268,233,174,167,286,201,83,213,151,290,291,247,268,,92,,,282,11,13,9,207,10,8,230,69,58,168,266,6,6,159,6,42,8,7,223,193,227,153,250,23,31,219,7,29,8,74,51,244,293,235,277,191,296,16,95,,,288,89,,,270,7,284,251,283,184,226,212,178,110,255,264,32,36,32,153,97,191,17,58,258,239,294,52,,119,,,b'\x11\xe8\xe1I\xd5T\xe2\xb0\x98|\x12\xdf\x17\xaeN\x1e'
11E8E149-D554-E2B0-987C-12DF17AE4E1E,2023-ncaa-d2-conf-CCAA,ncaa,12,12,7,12,12,12,12,12,11,10,10,11,9,9,8,6,9,7,10,7,4,12,9,11,11,12,6,6,6,11,11,12,12,12,12,10,3,12,12,11,8,8,11,10,,,11,12,,,12,9,5,12,12,12,11,10,8,9,9,9,7,7,12,7,11,12,12,10,12,7,11,,12,,,12,9,8,1,12,7,1,12,8,6,10,7,8,9,7,6,11,1,4,12,12,12,7,7,7,4,12,8,11,6,12,11,11,4,3,9,12,12,8,11,,,7,4,,,12,4,12,11,12,11,12,1,10,3,9,7,8,9,7,2,8,7,10,10,12,3,12,10,,6,,,b'\x11\xe8\xe1I\xd5T\xe2\xb0\x98|\x12\xdf\x17\xaeN\x1e'
11E8E149-D554-E2B0-987C-12DF17AE4E1E,2023-ncaa-d2-natl,ncaa,267,266,197,272,222,252,254,233,253,247,223,255,207,205,203,170,196,126,274,122,55,224,195,246,255,272,117,153,88,216,222,274,276,268,282,228,126,247,269,257,179,183,265,265,,,228,259,,,271,180,78,163,260,264,240,252,196,204,184,167,81,77,208,118,197,277,276,221,264,153,267,,267,,,271,151,146,76,260,145,71,261,136,115,201,148,182,197,65,192,242,91,135,255,255,187,160,138,185,194,276,157,222,174,282,239,276,70,49,152,287,291,99,138,,,109,46,,,271,115,273,208,268,233,214,126,207,112,183,158,222,238,234,153,226,236,231,247,274,45,287,117,,51,,,b'\x11\xe8\xe1I\xd5T\xe2\xb0\x98|\x12\xdf\x17\xaeN\x1e'
11E8E149-D554-E2B0-987C-12DF17AE4E1E,2024-ncaa-d2-conf-CCAA,ncaa,12,12,7,12,10,10,11,9,10,9,8,10,10,8,11,6,7,5,10,5,2,9,8,11,12,12,5,8,2,5,4,11,9,10,8,10,7,11,10,12,9,8,5,4,,,8,10,,,11,9,9,6,10,10,8,9,8,10,6,6,3,3,7,5,3,11,9,10,11,9,4,,9,,,11,8,7,1,12,9,2,12,3,2,8,7,10,10,11,10,12,1,1,12,12,12,5,3,10,1,9,6,4,3,8,9,10,8,6,10,12,12,7,10,,,7,6,,,11,1,11,11,11,10,9,1,11,3,4,3,10,10,10,2,3,2,9,7,9,8,12,10,,6,,,b'\x11\xe8\xe1I\xd5T\xe2\xb0\x98|\x12\xdf\x17\xaeN\x1e'
11E8E149-D554-E2B0-987C-12DF17AE4E1E,2024-ncaa-d2-natl,ncaa,275,274,248,279,251,249,263,238,281,260,219,282,214,195,229,168,157,95,285,99,29,215,197,270,272,274,75,152,35,45,26,273,221,201,148,244,165,219,241,260,179,124,120,63,,,193,278,,,260,240,121,108,225,257,126,253,134,188,136,95,29,31,80,44,14,277,116,222,264,125,85,,276,,,261,115,84,30,277,103,33,279,114,65,244,140,223,215,186,210,281,40,43,278,285,255,192,128,248,72,221,81,26,72,148,139,207,149,74,147,252,266,188,239,,,151,94,,,260,53,242,246,264,241,202,62,201,77,185,126,271,263,260,124,152,139,200,181,229,91,282,242,,44,,,b'\x11\xe8\xe1I\xd5T\xe2\xb0\x98|\x12\xdf\x17\xaeN\x1e'
11E8E149-D554-E2B0-987C-12DF17AE4E1E,2025-ncaa-d2-conf-CCAA,genius_ncaa,12,12,7,12,8,12,12,10,11,9,9,10,10,10,10,5,12,12,10,12,12,11,10,11,11,12,9,6,10,9,8,10,8,11,9,8,4,11,11,11,12,11,12,12,,,2,4,,5,12,10,12,3,12,12,10,9,9,9,6,12,12,12,11,10,7,10,10,6,11,11,12,,3,,7,12,9,11,5,12,12,11,12,1,1,11,1,2,2,3,2,2,5,2,12,12,12,1,1,2,3,8,6,8,3,9,4,2,12,11,10,11,12,5,9,,,10,10,,5,12,3,12,12,12,10,12,8,12,12,1,1,3,3,3,7,3,5,8,5,6,12,11,6,,10,,4,b'\x11\xe8\xe1I\xd5T\xe2\xb0\x98|\x12\xdf\x17\xaeN\x1e'
11E8E149-D554-E2B0-987C-12DF17AE4E1E,2025-ncaa-d2-natl,genius_ncaa,290,298,207,294,208,270,253,240,260,237,208,252,229,212,240,164,269,261,236,261,246,253,214,258,268,283,209,172,210,174,174,213,206,204,202,205,87,255,283,253,261,262,269,285,,,43,59,,240,283,221,194,29,286,276,237,246,182,225,196,271,255,252,256,156,145,178,183,194,273,251,270,,74,,253,279,166,245,153,283,288,258,245,32,17,189,9,41,73,28,74,20,124,92,242,207,247,3,17,28,158,206,123,174,130,202,89,23,249,249,206,281,289,147,210,,,224,196,,70,283,82,281,255,280,228,284,247,297,296,40,16,67,97,96,222,163,201,187,188,136,243,284,193,,195,,57,b'\x11\xe8\xe1I\xd5T\xe2\xb0\x98|\x12\xdf\x17\xaeN\x1e'
11E8E149-D554-E2B0-987C-12DF17AE4E1E,2026-ncaa-d2-conf-CCAA,genius_ncaa,5,5,1,5,1,8,11,10,9,10,9,9,8,7,6,7,2,2,3,3,3,8,10,9,7,7,5,8,1,3,4,11,5,9,4,12,12,5,5,11,5,4,9,9,,,12,12,,5,5,12,11,1,8,11,10,10,9,8,7,2,2,3,8,10,3,11,9,12,5,5,9,,12,,5,5,4,4,1,9,2,1,9,8,4,10,8,6,8,1,8,12,1,1,10,10,8,11,10,8,1,5,4,4,2,4,3,2,3,3,1,3,5,5,7,,,4,2,,6,5,2,6,5,5,4,4,1,2,1,8,4,6,8,8,1,1,1,4,2,3,3,3,5,,4,,6,b'\x11\xe8\xe1I\xd5T\xe2\xb0\x98|\x12\xdf\x17\xaeN\x1e'
11E8E149-D554-E2B0-987C-12DF17AE4E1E,2026-ncaa-d2-natl,genius_ncaa,157,53,268,110,271,283,282,278,263,273,262,259,279,279,266,238,272,276,175,275,249,280,283,275,271,257,247,248,108,236,117,276,144,273,135,279,226,22,150,219,216,67,231,155,,,25,182,,17,145,285,224,88,272,249,155,180,75,266,243,202,201,209,173,191,85,144,110,253,129,82,162,,146,,38,145,12,13,13,62,23,23,120,5,8,6,44,34,51,17,49,207,15,17,30,28,24,25,12,219,32,144,25,117,23,135,6,11,237,59,7,76,259,92,180,,,280,219,,165,145,16,245,31,142,23,36,29,115,131,7,22,120,202,192,43,87,144,183,173,7,76,251,212,,226,,86,b'\x11\xe8\xe1I\xd5T\xe2\xb0\x98|\x12\xdf\x17\xaeN\x1e'
11E8E149-D559-345A-987C-12DF17AE4E1E,2018-ncaa-d2-conf-CCAA,ncaa,8,8,9,8,12,12,11,7,10,8,5,11,12,12,10,11,10,9,9,10,11,9,9,11,10,11,12,11,5,4,3,9,8,6,6,7,5,7,6,6,8,7,1,1,,,8,12,,,7,10,5,10,12,10,3,5,4,11,11,10,6,8,4,4,3,8,5,6,9,7,1,,12,,,7,1,1,1,2,3,5,1,4,1,8,3,13,13,5,13,12,3,3,2,5,2,10,5,13,5,8,4,3,4,6,4,10,8,6,4,9,9,1,1,,,11,11,,,7,3,11,3,8,6,2,4,4,6,5,1,13,13,13,8,9,9,8,8,6,5,10,1,,8,,,b'\x11\xe8\xe1I\xd5Y4Z\x98|\x12\xdf\x17\xaeN\x1e'
11E8E149-D559-345A-987C-12DF17AE4E1E,2018-ncaa-d2-natl,ncaa,179,164,206,182,238,231,210,200,223,168,133,233,272,275,236,272,218,208,221,210,241,205,196,246,248,247,272,264,149,103,63,220,202,171,119,168,87,157,214,180,162,136,15,6,,,231,289,,,165,237,178,226,238,203,164,129,65,273,272,213,169,179,168,142,60,199,109,139,215,141,6,,273,,,165,39,13,49,24,18,95,4,51,29,224,38,258,258,155,256,270,74,78,24,65,62,272,98,306,142,202,73,63,85,119,64,253,154,107,96,195,241,4,2,,,235,221,,,165,71,227,79,160,73,17,61,31,150,74,31,281,279,276,124,138,188,118,128,101,109,233,4,,212,,,b'\x11\xe8\xe1I\xd5Y4Z\x98|\x12\xdf\x17\xaeN\x1e'
11E8E149-D559-345A-987C-12DF17AE4E1E,2019-ncaa-d2-conf-CCAA,ncaa,7,5,9,7,10,9,10,11,9,9,9,10,7,9,5,7,10,7,12,7,4,9,8,9,9,8,6,6,9,7,8,8,9,7,8,9,6,6,8,8,10,9,1,2,,,7,9,,,8,11,11,3,9,10,9,9,7,6,8,9,4,4,6,6,7,7,7,8,7,9,1,,9,,,8,1,2,6,3,4,6,3,2,5,2,5,9,8,9,8,9,5,5,2,2,3,4,4,11,11,9,5,8,8,8,4,5,11,9,7,5,9,1,2,,,10,6,,,8,3,9,8,8,6,5,8,8,9,5,6,10,9,10,10,9,12,9,12,4,9,8,2,,5,,,b'\x11\xe8\xe1I\xd5Y4Z\x98|\x12\xdf\x17\xaeN\x1e'
11E8E149-D559-345A-987C-12DF17AE4E1E,2019-ncaa-d2-natl,ncaa,194,184,227,201,228,244,250,221,256,237,190,266,220,213,208,193,195,159,259,156,131,214,215,255,256,245,145,173,98,177,174,164,233,173,201,248,216,130,184,224,216,212,38,33,,,130,168,,,198,227,190,8,234,243,153,211,130,194,183,162,109,106,135,129,134,84,92,240,192,194,21,,196,,,197,51,48,120,37,90,176,37,41,69,41,60,212,202,177,208,186,130,109,28,37,79,134,59,268,232,233,151,174,194,201,78,159,234,235,168,154,198,47,60,,,201,156,,,198,78,246,113,199,121,94,228,136,262,65,108,248,234,238,248,213,269,232,260,117,214,206,69,,140,,,b'\x11\xe8\xe1I\xd5Y4Z\x98|\x12\xdf\x17\xaeN\x1e'
11E8E149-D559-345A-987C-12DF17AE4E1E,2020-ncaa-d2-conf-CCAA,ncaa,12,12,9,12,12,11,11,9,10,9,5,10,12,12,9,13,12,11,12,11,12,10,11,10,10,11,13,10,10,7,10,11,11,10,11,10,10,3,5,8,7,7,6,6,,,2,2,,,11,12,6,12,10,10,7,6,3,12,11,12,9,9,8,8,7,10,8,9,5,6,6,,3,,,11,9,11,8,11,9,5,9,13,7,13,9,1,3,1,3,6,5,4,12,10,10,8,12,3,10,11,12,10,11,11,13,12,9,7,12,6,10,3,3,,,12,11,,,11,2,11,12,11,11,11,10,11,8,13,10,1,4,6,10,7,11,13,12,13,8,9,4,,12,,,b'\x11\xe8\xe1I\xd5Y4Z\x98|\x12\xdf\x17\xaeN\x1e'
11E8E149-D559-345A-987C-12DF17AE4E1E,2020-ncaa-d2-natl,ncaa,277,266,257,281,270,271,256,245,256,225,155,264,258,261,226,239,271,256,239,256,280,252,260,262,270,242,248,223,195,176,178,271,283,254,264,246,203,60,130,188,253,239,197,189,,,26,28,,,271,268,189,135,248,219,129,175,67,243,242,255,229,227,149,168,121,224,175,225,121,229,175,,37,,,267,126,164,112,224,142,121,195,211,142,291,178,44,67,49,66,92,96,64,235,202,237,142,242,43,231,283,144,178,184,264,262,287,259,242,294,122,202,87,83,,,272,258,,,271,38,237,271,270,239,255,246,227,221,265,212,79,115,120,239,181,281,257,273,292,227,194,127,,253,,,b'\x11\xe8\xe1I\xd5Y4Z\x98|\x12\xdf\x17\xaeN\x1e'
11E8E149-D559-345A-987C-12DF17AE4E1E,2022-ncaa-d2-conf-CCAA,ncaa,10,11,5,11,7,9,7,7,7,4,4,8,9,9,9,11,9,7,12,7,8,7,7,9,11,10,11,11,8,9,12,2,7,6,11,8,5,10,8,8,9,10,1,2,,,5,3,,,11,5,5,6,10,9,9,6,5,12,11,10,8,8,10,9,11,1,6,7,7,10,1,,6,,,11,8,6,9,5,6,10,3,6,6,10,2,10,9,11,9,7,9,8,4,4,8,5,3,8,9,7,10,12,11,11,8,6,8,10,11,11,10,10,8,,,8,10,,,11,8,11,7,11,7,6,10,6,12,4,2,8,8,8,10,8,9,9,11,7,9,10,10,,11,,,b'\x11\xe8\xe1I\xd5Y4Z\x98|\x12\xdf\x17\xaeN\x1e'
11E8E149-D559-345A-987C-12DF17AE4E1E,2022-ncaa-d2-natl,ncaa,255,225,267,257,277,281,273,261,247,252,237,233,269,250,270,198,280,253,293,252,207,265,270,251,273,262,249,210,210,256,258,230,186,248,251,236,126,65,176,191,246,199,160,131,,,32,82,,,248,263,103,203,262,239,145,180,109,247,195,257,183,181,152,148,209,87,155,190,178,190,114,,115,,,252,35,43,51,122,50,81,91,90,51,250,114,67,62,172,61,108,43,33,135,137,176,178,186,133,99,186,112,258,108,251,78,178,256,210,203,180,270,55,110,,,281,255,,,248,28,267,190,258,197,188,226,173,229,198,144,164,158,158,224,198,221,285,274,184,182,260,120,,248,,,b'\x11\xe8\xe1I\xd5Y4Z\x98|\x12\xdf\x17\xaeN\x1e'
11E8E149-D559-345A-987C-12DF17AE4E1E,2023-ncaa-d2-conf-CCAA,ncaa,8,8,7,8,10,9,7,10,5,8,7,6,8,8,5,7,11,10,11,10,11,10,8,6,6,7,9,8,11,7,7,8,9,7,8,8,5,5,10,7,5,5,5,7,,,2,6,,,8,11,7,7,8,5,6,6,6,7,7,11,10,10,7,5,6,7,6,5,9,5,4,,5,,,8,3,3,5,7,11,11,6,1,1,3,2,10,6,11,6,4,4,3,5,7,6,2,1,11,5,9,3,7,4,8,6,6,8,8,8,9,11,2,1,,,11,11,,,8,3,8,7,8,8,7,8,12,11,2,2,10,7,7,9,7,10,7,8,6,7,10,2,,10,,,b'\x11\xe8\xe1I\xd5Y4Z\x98|\x12\xdf\x17\xaeN\x1e'
11E8E149-D559-345A-987C-12DF17AE4E1E,2023-ncaa-d2-natl,ncaa,152,139,197,152,225,192,188,197,141,186,183,157,155,175,103,159,235,183,275,190,161,197,194,134,177,192,176,126,218,117,98,170,189,153,143,150,105,171,202,166,137,117,89,101,,,130,165,,,165,211,119,208,176,148,143,162,136,128,150,219,156,158,150,115,83,114,86,110,211,108,68,,181,,,163,81,84,109,111,170,200,105,22,28,33,25,191,174,202,176,148,117,102,64,93,114,38,17,246,170,189,96,98,128,143,90,142,189,184,149,233,251,19,29,,,197,177,,,165,91,179,126,159,136,138,182,233,270,20,35,238,221,222,220,191,216,160,183,135,172,260,32,,160,,,b'\x11\xe8\xe1I\xd5Y4Z\x98|\x12\xdf\x17\xaeN\x1e'
11E8E149-D559-345A-987C-12DF17AE4E1E,2024-ncaa-d2-conf-CCAA,ncaa,5,5,5,5,6,6,5,3,7,2,1,7,12,11,12,12,11,8,12,8,10,3,3,9,10,8,12,12,9,7,8,4,11,6,11,4,5,6,4,5,1,3,1,1,,,9,7,,,6,2,1,11,7,5,2,1,1,12,11,11,7,7,2,3,7,3,7,3,7,1,1,,7,,,6,5,6,10,4,6,10,4,4,7,5,3,7,7,2,7,4,10,11,3,3,1,3,4,8,11,11,11,8,11,11,7,6,2,2,2,7,5,8,7,,,11,11,,,6,9,8,2,7,5,6,11,6,12,3,5,7,7,7,10,11,11,11,11,7,1,8,8,,10,,,b'\x11\xe8\xe1I\xd5Y4Z\x98|\x12\xdf\x17\xaeN\x1e'
11E8E149-D559-345A-987C-12DF17AE4E1E,2024-ncaa-d2-natl,ncaa,136,131,172,138,183,167,133,85,208,62,27,208,275,253,278,281,193,96,295,88,215,88,98,250,266,232,289,284,189,84,170,126,213,98,223,144,156,106,71,118,32,37,58,54,,,216,183,,,157,109,44,87,157,97,24,27,7,283,263,190,72,62,18,34,70,65,48,119,134,28,39,,229,,,157,101,110,157,79,138,194,60,97,97,137,81,148,197,19,190,152,163,206,66,62,45,123,119,168,248,213,267,170,266,223,143,185,54,63,66,100,77,238,161,,,162,217,,,157,186,229,64,158,146,149,217,161,237,117,111,159,194,192,231,262,263,286,286,167,40,125,252,,133,,,b'\x11\xe8\xe1I\xd5Y4Z\x98|\x12\xdf\x17\xaeN\x1e'
11E8E149-D559-345A-987C-12DF17AE4E1E,2025-ncaa-d2-conf-CCAA,genius_ncaa,4,4,5,4,6,5,4,5,4,4,3,4,8,9,5,10,6,5,8,5,10,5,5,4,4,4,10,7,8,6,6,4,4,5,6,3,3,6,5,3,6,5,1,2,,,12,12,,9,5,4,4,4,5,3,3,3,2,8,9,8,6,7,3,4,6,3,4,3,6,5,1,,12,,9,5,7,3,8,2,7,10,2,2,2,2,2,12,12,12,12,12,10,8,2,4,4,6,2,12,7,4,10,6,9,6,2,4,7,7,4,4,4,9,4,,,6,7,,9,5,7,5,5,5,5,4,6,6,10,2,3,12,12,12,9,9,8,9,10,2,8,5,8,,7,,9,b'\x11\xe8\xe1I\xd5Y4Z\x98|\x12\xdf\x17\xaeN\x1e'
11E8E149-D559-345A-987C-12DF17AE4E1E,2025-ncaa-d2-natl,genius_ncaa,107,112,109,115,115,107,75,59,131,55,35,179,163,185,122,241,194,158,257,162,265,76,72,158,187,179,265,204,246,50,101,70,151,53,126,67,83,191,139,100,91,132,20,31,,,282,272,,264,117,83,80,17,95,46,35,40,25,180,209,217,163,167,44,50,54,38,19,58,185,101,15,,275,,264,119,171,112,201,43,170,258,30,46,61,53,27,291,287,228,286,229,228,224,28,65,79,124,31,298,228,151,244,101,252,126,81,82,121,173,81,192,155,207,108,,,124,198,,107,117,218,154,87,120,144,92,203,168,272,37,42,285,277,276,253,238,224,232,243,75,133,190,204,,130,,109,b'\x11\xe8\xe1I\xd5Y4Z\x98|\x12\xdf\x17\xaeN\x1e'
11E8E149-D559-345A-987C-12DF17AE4E1E,2026-ncaa-d2-conf-CCAA,genius_ncaa,9,9,1,9,1,6,5,2,12,8,1,12,4,2,11,4,4,1,9,1,5,1,1,12,12,11,4,5,4,1,2,10,9,1,6,4,2,3,2,4,4,5,5,6,,,7,8,,1,10,6,6,1,6,5,2,8,1,4,2,4,1,1,1,1,1,10,1,4,3,4,5,,7,,1,10,11,11,8,10,10,7,10,5,7,6,6,7,8,3,8,8,8,11,9,9,10,3,4,5,10,9,11,2,11,6,11,12,5,4,10,7,6,11,11,,,6,8,,9,10,9,8,10,10,11,11,8,10,7,5,7,7,8,8,8,11,10,11,11,11,5,7,11,,6,,9,b'\x11\xe8\xe1I\xd5Y4Z\x98|\x12\xdf\x17\xaeN\x1e'
11E8E149-D559-345A-987C-12DF17AE4E1E,2026-ncaa-d2-natl,genius_ncaa,201,196,141,221,170,222,219,116,283,215,98,290,176,158,200,185,206,160,278,158,212,128,131,282,287,270,158,140,160,21,29,177,228,91,131,205,168,140,113,202,126,124,92,90,,,165,178,,249,218,175,109,88,233,232,31,217,46,173,144,209,134,130,36,41,4,151,15,203,164,112,88,,212,,258,219,131,129,135,124,137,147,129,131,141,118,135,157,141,194,137,146,135,146,113,125,114,154,133,188,202,228,194,29,197,131,147,171,127,120,130,169,162,244,243,,,164,201,,68,218,133,239,131,215,159,146,193,159,192,147,159,183,173,171,185,222,237,263,262,179,90,193,266,,128,,57,b'\x11\xe8\xe1I\xd5Y4Z\x98|\x12\xdf\x17\xaeN\x1e'
11E8E149-D55D-54D6-987C-12DF17AE4E1E,2018-ncaa-d2-conf-CCAA,ncaa,10,9,9,10,9,8,8,12,7,10,13,3,4,4,8,2,9,10,6,9,6,11,11,6,4,6,5,3,6,12,13,3,7,9,11,6,6,10,10,7,12,12,3,5,,,7,6,,,11,7,3,1,6,6,9,7,12,4,3,7,7,7,7,5,12,2,7,4,10,12,3,,8,,,11,9,9,12,3,11,13,3,1,1,3,1,11,10,11,10,6,13,10,1,2,7,3,1,11,13,7,10,13,12,11,1,1,12,12,10,12,13,8,10,,,4,2,,,11,7,10,10,10,11,10,13,12,13,1,1,11,11,11,13,12,13,11,12,2,11,13,11,,1,,,b'\x11\xe8\xe1I\xd5]T\xd6\x98|\x12\xdf\x17\xaeN\x1e'
11E8E149-D55D-54D6-987C-12DF17AE4E1E,2018-ncaa-d2-natl,ncaa,225,229,206,228,207,200,201,224,168,214,242,140,144,133,178,94,191,180,191,183,94,216,204,158,155,179,101,116,140,271,277,126,195,199,236,142,77,164,226,163,280,296,85,128,,,188,209,,,223,179,112,14,175,184,190,209,226,125,102,155,149,151,194,159,271,50,156,112,223,280,68,,243,,,222,158,142,194,97,234,268,80,17,28,49,11,252,234,229,232,140,210,151,59,89,159,38,12,254,213,195,174,277,192,236,33,16,256,279,165,214,254,223,270,,,108,31,,,223,138,216,180,211,217,207,272,272,304,22,29,272,265,263,281,241,250,239,260,69,250,254,249,,43,,,b'\x11\xe8\xe1I\xd5]T\xd6\x98|\x12\xdf\x17\xaeN\x1e'
11E8E149-D55D-54D6-987C-12DF17AE4E1E,2019-ncaa-d2-conf-CCAA,ncaa,4,4,3,4,3,3,3,6,2,2,3,2,10,10,7,12,2,3,6,3,5,5,5,3,3,4,12,12,5,9,9,2,1,5,3,4,9,9,9,6,12,13,7,9,,,5,4,,,4,4,9,2,5,4,12,2,6,11,12,3,3,3,10,8,10,2,5,5,8,12,7,,4,,,4,10,10,11,7,13,13,6,1,1,6,1,7,9,1,9,3,11,8,6,5,8,1,1,4,2,1,6,9,3,3,1,1,10,11,1,8,8,7,6,,,2,1,,,4,10,4,4,4,5,9,7,12,13,1,1,5,8,8,9,6,2,2,1,1,11,7,7,,3,,,b'\x11\xe8\xe1I\xd5]T\xd6\x98|\x12\xdf\x17\xaeN\x1e'
11E8E149-D55D-54D6-987C-12DF17AE4E1E,2019-ncaa-d2-natl,ncaa,85,74,118,80,117,128,123,175,67,65,88,80,265,271,203,285,57,64,143,68,111,152,159,119,99,110,268,290,48,219,205,48,29,104,62,145,186,180,175,160,265,284,148,195,,,153,139,,,95,129,177,5,114,119,204,49,78,279,286,40,54,59,160,164,233,20,78,158,172,282,144,,141,,,93,114,134,185,92,240,277,70,13,17,36,6,205,242,23,240,139,203,159,45,39,92,15,7,230,86,29,122,205,97,62,6,1,230,261,19,223,210,150,92,,,60,25,,,95,179,135,72,97,92,124,177,236,295,5,9,191,233,234,210,159,80,101,86,1,256,210,139,,34,,,b'\x11\xe8\xe1I\xd5]T\xd6\x98|\x12\xdf\x17\xaeN\x1e'
11E8E149-D55D-54D6-987C-12DF17AE4E1E,2020-ncaa-d2-conf-CCAA,ncaa,2,2,1,2,2,2,3,10,1,1,7,1,5,9,1,8,1,1,3,1,1,9,8,1,1,1,5,7,2,13,12,2,5,6,6,3,4,8,9,5,9,10,4,5,,,9,8,,,2,4,13,10,5,9,13,7,12,6,13,1,4,4,13,13,13,5,10,5,3,10,4,,5,,,2,2,8,11,2,11,13,2,1,1,1,1,6,7,3,7,3,11,10,2,2,2,1,1,7,9,5,3,12,5,6,3,2,7,10,2,5,6,2,2,,,1,1,,,2,10,2,2,2,1,2,7,7,11,1,1,2,2,3,4,2,5,2,3,3,11,3,2,,4,,,b'\x11\xe8\xe1I\xd5]T\xd6\x98|\x12\xdf\x17\xaeN\x1e'
11E8E149-D55D-54D6-987C-12DF17AE4E1E,2020-ncaa-d2-natl,ncaa,18,22,17,23,32,75,86,175,30,66,104,55,153,234,20,254,29,53,44,52,66,150,166,39,28,32,169,220,56,256,248,50,84,130,107,91,130,108,107,77,206,228,136,194,,,164,134,,,42,124,291,108,127,149,292,116,195,186,280,50,89,94,271,297,294,103,229,132,44,261,176,,75,,,44,93,145,236,52,240,288,55,19,42,7,21,120,120,137,123,42,213,191,32,29,54,11,11,149,162,84,109,248,126,107,23,4,193,225,70,67,69,28,17,,,24,7,,,42,194,50,55,38,29,64,116,148,243,4,10,61,63,64,83,38,96,30,37,9,264,31,12,,65,,,b'\x11\xe8\xe1I\xd5]T\xd6\x98|\x12\xdf\x17\xaeN\x1e'
11E8E149-D55D-54D6-987C-12DF17AE4E1E,2022-ncaa-d2-conf-CCAA,ncaa,1,2,1,2,1,1,1,3,1,2,5,1,2,2,1,3,1,1,1,1,2,3,3,1,1,1,4,4,4,6,7,1,2,2,2,1,2,6,3,1,5,8,9,12,,,10,4,,,1,1,8,8,1,2,10,3,10,2,3,1,2,1,9,10,10,3,8,1,2,9,10,,3,,,1,10,10,12,4,12,12,4,3,4,3,1,9,10,8,10,3,12,12,2,3,2,1,1,7,5,2,6,7,6,2,3,1,4,7,1,6,5,6,4,,,1,1,,,1,12,1,2,1,3,4,4,5,11,1,1,5,5,5,5,4,2,3,2,1,7,2,3,,3,,,b'\x11\xe8\xe1I\xd5]T\xd6\x98|\x12\xdf\x17\xaeN\x1e'
11E8E149-D55D-54D6-987C-12DF17AE4E1E,2022-ncaa-d2-natl,ncaa,46,11,196,15,209,87,116,198,33,153,240,26,59,92,39,58,70,110,29,99,18,180,206,18,12,12,49,69,102,192,135,149,108,166,79,75,57,40,65,29,160,143,256,271,,,61,85,,,29,207,145,144,23,42,150,110,236,36,52,32,73,64,122,180,180,86,129,29,61,145,259,,96,,,21,59,76,109,77,103,151,70,62,65,117,74,82,96,91,98,90,103,103,69,57,67,88,104,132,98,108,51,135,56,79,16,7,165,144,30,39,56,76,144,,,126,43,,,29,108,11,70,18,87,106,162,139,212,82,84,109,122,125,150,153,135,49,81,14,145,52,99,,65,,,b'\x11\xe8\xe1I\xd5]T\xd6\x98|\x12\xdf\x17\xaeN\x1e'
11E8E149-D55D-54D6-987C-12DF17AE4E1E,2023-ncaa-d2-conf-CCAA,ncaa,2,2,2,2,2,3,3,5,1,6,8,1,2,3,1,4,2,2,2,2,1,4,6,1,1,1,3,4,1,10,9,1,5,5,3,4,7,4,4,3,12,12,10,11,,,4,2,,,3,4,12,3,3,6,12,9,11,3,5,2,2,2,11,12,10,5,7,8,2,12,10,,1,,,3,6,12,12,5,12,12,2,2,2,6,1,3,3,5,3,1,11,9,2,1,5,1,2,3,10,5,1,9,5,3,2,1,9,12,4,4,5,10,12,,,3,1,,,3,9,1,5,2,1,5,9,9,12,1,1,2,1,1,5,1,5,1,1,1,12,2,9,,3,,,b'\x11\xe8\xe1I\xd5]T\xd6\x98|\x12\xdf\x17\xaeN\x1e'
11E8E149-D55D-54D6-987C-12DF17AE4E1E,2023-ncaa-d2-natl,ncaa,19,23,30,23,42,45,68,92,53,101,148,56,31,54,31,68,21,46,19,46,33,77,82,33,25,29,35,66,76,161,177,37,145,60,113,70,130,124,85,67,175,237,253,289,,,183,96,,,44,70,239,194,75,130,242,198,265,56,84,40,100,103,226,258,232,84,145,123,49,239,275,,82,,,49,206,239,267,91,270,287,53,82,71,169,20,124,156,30,153,29,265,243,59,46,88,21,52,76,250,145,171,177,217,113,70,7,156,229,102,129,82,266,280,,,35,32,,,44,236,34,105,40,74,128,183,204,277,44,21,57,81,76,151,95,179,42,89,27,233,56,242,,88,,,b'\x11\xe8\xe1I\xd5]T\xd6\x98|\x12\xdf\x17\xaeN\x1e'
11E8E149-D55D-54D6-987C-12DF17AE4E1E,2024-ncaa-d2-conf-CCAA,ncaa,1,1,1,1,2,4,4,6,2,7,9,3,2,2,2,2,1,4,1,4,1,6,7,2,2,2,2,4,5,8,7,2,2,3,1,3,4,2,2,2,12,12,4,7,,,4,6,,,1,7,11,9,5,6,10,7,10,2,3,1,6,6,9,10,8,2,6,4,2,12,6,,4,,,1,4,5,9,3,10,12,3,2,1,4,1,4,4,8,4,2,9,6,2,2,5,2,2,5,6,2,3,7,4,1,1,2,11,11,5,1,1,2,2,,,2,2,,,1,6,1,4,1,1,3,5,5,11,1,1,2,2,2,4,1,3,1,1,1,11,1,1,,4,,,b'\x11\xe8\xe1I\xd5]T\xd6\x98|\x12\xdf\x17\xaeN\x1e'
11E8E149-D55D-54D6-987C-12DF17AE4E1E,2024-ncaa-d2-natl,ncaa,13,31,5,25,7,13,18,17,47,38,44,59,19,25,35,96,10,14,21,14,39,18,17,35,27,30,60,96,76,46,91,6,88,7,36,37,155,236,88,89,222,289,34,98,,,270,121,,,30,14,224,99,57,87,188,139,216,54,99,38,85,81,157,200,129,30,55,106,79,290,72,,102,,,37,271,276,293,72,289,295,44,153,178,93,41,230,245,75,246,55,293,282,51,50,105,38,59,125,270,88,249,91,264,36,118,13,128,247,111,177,56,223,156,,,7,41,,,30,285,26,107,37,75,112,188,170,254,51,43,93,109,108,168,103,158,42,70,21,255,53,127,,66,,,b'\x11\xe8\xe1I\xd5]T\xd6\x98|\x12\xdf\x17\xaeN\x1e'
11E8E149-D55D-54D6-987C-12DF17AE4E1E,2025-ncaa-d2-conf-CCAA,genius_ncaa,7,7,7,7,12,8,8,7,10,11,11,12,1,2,2,1,11,11,9,10,9,8,8,6,8,8,1,1,12,4,3,11,9,8,8,10,10,5,8,7,4,4,5,3,,,5,8,,1,7,11,9,10,8,8,5,11,11,1,1,11,11,10,7,7,4,11,7,10,9,4,4,,5,,2,7,3,5,2,9,7,3,8,5,5,10,6,6,5,9,5,7,1,3,8,9,8,5,6,8,6,9,3,3,4,8,8,10,5,4,6,9,10,8,12,,,12,12,,11,7,1,6,8,7,7,6,3,8,5,7,6,7,5,5,2,4,7,5,6,8,4,10,9,,12,,11,b'\x11\xe8\xe1I\xd5]T\xd6\x98|\x12\xdf\x17\xaeN\x1e'
11E8E149-D55D-54D6-987C-12DF17AE4E1E,2025-ncaa-d2-natl,genius_ncaa,216,258,109,233,146,181,185,119,263,261,195,282,41,44,59,41,255,247,227,245,226,141,122,210,233,229,19,14,263,39,44,230,261,142,180,225,255,223,211,251,70,64,91,97,,,168,159,,118,220,161,219,151,225,226,115,291,240,35,44,274,265,263,160,131,40,278,164,260,206,76,93,,148,,116,211,183,199,157,231,225,181,222,130,116,182,99,144,151,136,145,121,149,160,223,210,192,73,105,127,230,261,154,44,187,180,251,242,111,117,195,259,260,265,281,,,189,235,,129,220,144,200,203,209,159,189,120,209,168,113,92,130,140,137,105,128,226,134,167,237,122,249,267,,235,,139,b'\x11\xe8\xe1I\xd5]T\xd6\x98|\x12\xdf\x17\xaeN\x1e'
11E8E149-D55D-54D6-987C-12DF17AE4E1E,2026-ncaa-d2-conf-CCAA,genius_ncaa,5,5,1,5,1,9,10,12,5,11,12,5,6,9,2,5,6,5,10,3,1,12,12,4,4,5,3,4,3,11,8,8,8,10,9,11,10,9,11,12,7,7,7,7,,,7,11,,5,6,11,11,1,9,10,12,11,12,6,9,6,5,3,12,12,11,8,10,11,9,7,7,,7,,5,6,5,2,4,4,4,4,2,4,5,7,5,12,10,10,8,10,4,2,4,5,5,10,5,12,7,8,2,8,6,9,1,1,9,8,2,7,10,1,3,,,1,1,,6,6,1,7,6,6,5,2,4,4,4,4,5,12,10,8,4,2,7,2,6,1,9,7,1,,1,,6,b'\x11\xe8\xe1I\xd5]T\xd6\x98|\x12\xdf\x17\xaeN\x1e'
11E8E149-D55D-54D6-987C-12DF17AE4E1E,2026-ncaa-d2-natl,genius_ncaa,107,53,221,87,233,253,255,255,205,259,257,237,167,207,85,108,242,245,147,242,163,255,255,178,182,199,70,76,174,176,60,198,210,190,88,266,220,87,218,228,231,185,125,84,,,55,115,,158,122,260,222,88,215,223,213,245,216,111,140,202,212,204,229,196,90,39,43,234,196,181,81,,124,,232,121,32,32,77,12,28,69,14,89,131,58,201,59,48,216,44,71,62,55,13,11,33,222,205,169,164,210,32,60,71,88,14,15,251,226,56,76,190,105,201,,,236,137,,247,122,41,177,67,113,47,53,236,43,179,158,219,100,83,75,199,159,263,50,167,10,221,175,168,,169,,234,b'\x11\xe8\xe1I\xd5]T\xd6\x98|\x12\xdf\x17\xaeN\x1e'
11E8E149-D561-96E0-987C-12DF17AE4E1E,2018-ncaa-d2-conf-CACC,ncaa,3,2,3,3,4,2,1,3,1,2,6,1,4,4,5,4,6,10,3,10,11,4,5,1,1,2,5,5,12,5,4,7,2,6,4,1,3,6,5,3,1,1,7,6,,,7,6,,,1,3,8,12,2,1,5,2,9,4,4,9,11,11,7,9,6,11,8,1,4,1,8,,7,,,1,2,4,3,5,4,3,9,1,6,2,8,6,10,2,10,12,3,10,5,6,2,7,2,11,1,2,1,4,1,4,7,11,1,1,1,6,5,6,5,,,6,6,,,1,12,3,1,1,2,3,2,4,2,1,4,6,7,7,2,4,3,2,2,6,1,5,4,,7,,,b'\x11\xe8\xe1I\xd5a\x96\xe0\x98|\x12\xdf\x17\xaeN\x1e'
11E8E149-D561-96E0-987C-12DF17AE4E1E,2018-ncaa-d2-natl,ncaa,29,43,24,40,35,47,27,33,52,39,48,63,53,64,58,126,176,211,71,214,292,45,51,51,62,60,204,112,292,54,67,117,219,88,134,23,37,169,77,33,12,12,184,193,,,236,137,,,27,58,195,226,75,44,84,61,120,89,119,251,274,277,137,175,101,254,199,23,71,17,223,,120,,,28,160,171,202,112,204,172,192,105,209,8,178,168,226,14,227,210,215,260,98,76,28,98,84,166,246,219,193,67,228,134,246,271,17,22,50,195,120,176,90,,,100,205,,,27,254,46,30,25,26,44,34,78,39,42,125,82,142,141,33,121,168,58,91,158,38,106,99,,219,,,b'\x11\xe8\xe1I\xd5a\x96\xe0\x98|\x12\xdf\x17\xaeN\x1e'
11E8E149-D561-96E0-987C-12DF17AE4E1E,2019-ncaa-d2-conf-CACC,ncaa,5,5,5,5,6,6,4,8,3,3,3,4,10,14,2,13,12,13,5,12,13,10,12,4,4,3,12,10,12,13,10,8,10,9,7,5,9,7,9,4,9,11,13,13,,,7,6,,,4,7,10,7,6,3,12,3,5,10,14,11,12,11,13,12,13,7,12,5,6,10,13,,8,,,4,5,8,8,7,10,6,8,5,8,2,7,8,9,5,9,8,7,7,6,6,5,6,6,8,9,10,2,10,4,7,5,6,9,10,9,7,9,8,6,,,10,9,,,4,7,3,6,4,4,7,8,8,7,5,7,7,7,7,7,6,8,5,5,7,10,7,8,,11,,,b'\x11\xe8\xe1I\xd5a\x96\xe0\x98|\x12\xdf\x17\xaeN\x1e'
11E8E149-D561-96E0-987C-12DF17AE4E1E,2019-ncaa-d2-natl,ncaa,183,184,182,188,202,192,152,194,83,115,114,151,211,267,30,263,276,281,171,278,300,222,221,112,141,147,275,210,279,199,167,204,272,217,219,141,142,124,180,130,176,179,278,291,,,117,120,,,172,226,217,125,184,117,175,84,71,204,276,279,283,281,220,229,187,188,203,134,152,176,286,,136,,,175,121,150,146,156,155,123,199,150,187,83,215,63,104,19,104,137,129,127,161,122,140,104,181,74,263,272,82,167,169,219,222,242,176,173,213,169,215,191,155,,,246,231,,,172,90,149,192,171,153,187,178,184,146,183,222,64,121,125,170,176,273,102,202,231,163,192,212,,249,,,b'\x11\xe8\xe1I\xd5a\x96\xe0\x98|\x12\xdf\x17\xaeN\x1e'
11E8E149-D561-96E0-987C-12DF17AE4E1E,2020-ncaa-d2-conf-CACC,ncaa,8,9,4,9,6,12,9,10,10,10,7,11,6,10,6,9,12,11,9,11,13,12,11,10,10,10,7,5,12,13,14,8,12,13,14,7,5,9,11,10,7,7,14,14,,,7,7,,,10,8,8,6,14,10,10,10,8,5,10,13,12,12,10,10,12,8,13,8,7,7,14,,6,,,10,7,10,10,6,12,11,8,7,8,4,8,4,4,8,4,3,9,10,6,6,5,4,6,5,12,12,11,14,14,14,9,10,9,9,10,13,13,11,12,,,13,13,,,10,5,10,7,10,7,9,11,11,9,6,8,4,4,4,8,8,12,10,11,10,8,12,10,,12,,,b'\x11\xe8\xe1I\xd5a\x96\xe0\x98|\x12\xdf\x17\xaeN\x1e'
11E8E149-D561-96E0-987C-12DF17AE4E1E,2020-ncaa-d2-natl,ncaa,223,266,54,245,62,206,175,97,243,183,97,270,148,149,137,174,274,255,256,254,293,131,104,237,255,255,177,107,286,142,225,104,281,120,265,140,95,269,238,204,163,213,297,306,,,221,153,,,269,86,181,58,264,229,172,235,142,173,186,301,285,285,209,173,180,154,169,171,230,193,306,,177,,,257,255,275,284,160,279,268,205,180,250,46,176,120,136,98,134,64,275,259,137,107,151,51,112,64,304,281,287,225,303,265,293,263,135,196,251,295,274,233,211,,,241,292,,,269,228,262,200,259,193,233,261,244,237,144,216,82,97,99,247,221,295,252,283,267,167,267,213,,293,,,b'\x11\xe8\xe1I\xd5a\x96\xe0\x98|\x12\xdf\x17\xaeN\x1e'
11E8E149-D561-96E0-987C-12DF17AE4E1E,2021-ncaa-d2-conf-CACC,ncaa,6,5,6,6,6,7,7,7,7,7,5,7,7,6,6,4,7,7,6,7,7,7,7,7,7,6,5,4,4,3,1,7,4,7,2,6,5,5,6,6,7,3,7,6,,,1,7,,,5,7,7,3,7,6,6,5,5,6,4,6,6,6,6,6,1,7,5,6,6,5,7,,2,,,6,1,1,1,6,1,1,6,5,3,6,7,1,1,4,1,4,1,1,7,6,5,5,6,1,1,4,1,1,1,2,3,6,7,2,5,4,6,6,7,,,6,5,,,5,1,6,5,6,2,3,1,1,1,6,6,1,2,2,1,1,1,2,1,5,6,4,7,,5,,,b'\x11\xe8\xe1I\xd5a\x96\xe0\x98|\x12\xdf\x17\xaeN\x1e'
11E8E149-D561-96E0-987C-12DF17AE4E1E,2021-ncaa-d2-natl,ncaa,175,95,194,167,194,202,199,195,210,195,190,209,208,202,207,176,208,205,211,204,207,196,195,212,217,220,198,178,159,125,4,197,191,191,62,190,28,65,215,206,169,49,190,136,,,32,142,,,153,196,210,114,220,208,173,178,92,212,198,217,203,201,191,109,11,192,59,158,216,65,163,,97,,,167,28,26,31,71,23,24,78,40,38,85,165,20,23,13,23,72,31,32,80,51,25,120,171,35,41,191,28,4,30,62,40,213,180,23,83,56,206,108,219,,,196,143,,,153,30,215,40,171,16,31,28,33,28,93,105,6,24,25,14,44,163,50,88,143,41,197,215,,137,,,b'\x11\xe8\xe1I\xd5a\x96\xe0\x98|\x12\xdf\x17\xaeN\x1e'
11E8E149-D561-96E0-987C-12DF17AE4E1E,2022-ncaa-d2-conf-CACC,ncaa,9,9,4,9,4,7,6,6,6,4,5,5,10,9,10,7,12,12,3,12,12,8,10,8,8,8,9,8,12,12,12,4,8,10,11,6,6,4,5,6,10,11,4,4,,,1,1,,,8,7,7,9,11,6,8,4,7,9,9,12,12,12,10,11,12,3,10,5,4,10,4,,3,,,8,8,11,12,4,11,11,8,9,12,5,11,2,1,8,1,2,12,9,6,4,8,6,10,2,12,8,12,12,12,11,7,3,11,12,12,5,5,2,1,,,11,12,,,8,6,8,9,8,7,8,12,8,10,9,10,3,2,2,10,8,12,12,12,6,11,5,1,,12,,,b'\x11\xe8\xe1I\xd5a\x96\xe0\x98|\x12\xdf\x17\xaeN\x1e'
11E8E149-D561-96E0-987C-12DF17AE4E1E,2022-ncaa-d2-natl,ncaa,129,161,106,148,113,154,113,71,193,87,53,214,177,181,170,213,272,280,99,276,299,102,112,207,226,196,272,185,288,166,244,62,204,88,235,79,78,145,115,81,166,207,73,107,,,42,9,,,155,100,116,84,201,114,50,82,33,198,198,289,296,296,110,136,191,27,80,72,115,189,64,,18,,,155,143,199,257,47,219,253,82,120,213,24,151,26,36,116,34,7,234,214,42,19,51,26,125,21,276,204,270,244,284,235,165,107,162,213,167,132,114,76,27,,,243,293,,,155,189,220,89,167,103,185,278,213,270,109,201,15,18,18,245,217,263,280,281,138,176,117,63,,288,,,b'\x11\xe8\xe1I\xd5a\x96\xe0\x98|\x12\xdf\x17\xaeN\x1e'
11E8E149-D561-96E0-987C-12DF17AE4E1E,2023-ncaa-d2-conf-CACC,ncaa,9,11,3,9,5,7,6,5,10,6,4,8,7,5,9,8,9,9,6,9,8,5,5,10,9,9,8,7,11,9,11,4,8,7,12,4,6,7,6,7,10,11,6,10,,,7,4,,,10,4,6,9,11,11,9,7,6,7,7,10,10,10,9,8,10,7,9,8,6,10,8,,4,,,10,12,12,12,9,11,11,7,12,11,13,9,8,7,8,7,6,12,11,10,9,9,9,11,4,11,8,12,11,12,12,12,6,6,11,10,11,6,2,1,,,5,8,,,10,10,9,11,10,11,11,10,9,7,12,11,8,7,6,8,7,9,12,11,9,10,6,2,,8,,,b'\x11\xe8\xe1I\xd5a\x96\xe0\x98|\x12\xdf\x17\xaeN\x1e'
11E8E149-D561-96E0-987C-12DF17AE4E1E,2023-ncaa-d2-natl,ncaa,183,226,110,208,147,196,191,119,264,171,91,263,186,149,230,168,224,236,122,234,274,140,130,263,268,251,207,168,194,149,226,105,260,124,257,119,51,174,165,150,185,225,94,134,,,65,27,,,235,120,130,283,249,222,105,197,91,208,170,243,258,257,154,150,171,105,130,122,160,201,91,,48,,,228,159,206,244,94,223,254,101,146,179,95,130,38,48,95,44,16,221,209,93,62,92,54,144,25,288,260,265,226,284,257,202,175,152,192,180,217,216,99,68,,,206,253,,,235,166,261,152,230,142,206,268,223,260,141,169,38,46,44,248,220,282,279,285,191,164,211,77,,241,,,b'\x11\xe8\xe1I\xd5a\x96\xe0\x98|\x12\xdf\x17\xaeN\x1e'
11E8E149-D561-96E0-987C-12DF17AE4E1E,2024-ncaa-d2-conf-CACC,ncaa,10,10,5,10,8,7,9,8,10,9,8,10,7,8,5,7,1,1,3,1,2,6,8,9,7,7,4,7,1,10,9,6,10,9,10,7,5,5,6,6,4,6,12,12,,,5,5,,,8,5,1,5,5,9,7,9,7,7,7,1,1,1,4,5,10,5,8,7,7,4,12,,5,,,8,9,9,10,8,10,10,8,10,8,8,7,5,6,2,6,5,10,10,8,7,7,4,7,4,10,10,10,9,10,10,11,11,7,8,10,4,4,10,10,,,1,1,,,8,9,7,8,8,9,10,12,11,10,11,10,5,6,6,11,12,11,10,11,11,6,5,11,,1,,,b'\x11\xe8\xe1I\xd5a\x96\xe0\x98|\x12\xdf\x17\xaeN\x1e'
11E8E149-D561-96E0-987C-12DF17AE4E1E,2024-ncaa-d2-natl,ncaa,229,234,207,235,235,184,202,146,256,216,156,256,151,121,201,129,120,120,167,119,93,140,150,251,239,213,74,122,67,160,215,141,265,157,254,141,44,100,110,115,150,179,256,279,,,137,87,,,209,153,31,163,144,175,45,191,95,127,77,75,74,74,38,50,115,59,71,88,157,119,249,,189,,,206,163,189,208,121,232,237,133,71,112,43,71,125,172,18,173,96,210,193,93,73,111,32,51,105,273,265,238,215,259,254,236,224,160,198,223,88,100,259,274,,,127,107,,,209,155,211,164,198,234,256,287,272,291,95,159,160,197,205,290,285,290,283,291,260,125,139,284,,60,,,b'\x11\xe8\xe1I\xd5a\x96\xe0\x98|\x12\xdf\x17\xaeN\x1e'
11E8E149-D561-96E0-987C-12DF17AE4E1E,2025-ncaa-d2-conf-CACC,genius_ncaa,5,5,2,5,4,5,5,4,8,5,3,9,5,6,9,8,1,1,7,1,2,4,3,8,8,6,5,7,1,8,11,4,5,3,8,6,8,8,5,7,4,7,8,9,,,8,4,,3,6,3,8,11,10,10,9,7,5,10,8,3,1,1,6,8,10,4,7,9,5,6,10,,4,,3,6,11,10,10,4,11,10,7,7,10,2,9,7,8,5,8,4,10,10,4,4,4,5,6,6,7,5,11,11,11,8,10,9,3,6,7,9,6,11,9,,,1,1,,7,6,10,9,5,6,4,4,6,6,5,5,8,4,5,5,5,4,4,10,9,8,8,6,10,,2,,9,b'\x11\xe8\xe1I\xd5a\x96\xe0\x98|\x12\xdf\x17\xaeN\x1e'
11E8E149-D561-96E0-987C-12DF17AE4E1E,2025-ncaa-d2-natl,genius_ncaa,107,131,72,123,87,119,135,124,162,114,102,157,171,150,208,196,51,30,211,32,42,102,103,187,168,154,151,213,45,164,228,76,118,102,189,103,99,171,142,134,93,128,255,276,,,160,96,,8,122,84,136,155,156,189,190,147,141,199,182,47,36,38,140,155,198,80,140,132,135,127,271,,111,,4,126,158,165,210,101,200,220,127,100,161,43,125,147,154,145,145,97,210,216,80,82,76,67,90,146,188,118,271,228,259,189,259,268,96,126,184,172,157,156,130,,,35,23,,281,122,215,173,80,127,96,116,160,166,189,78,123,107,114,112,135,160,152,234,211,230,119,149,130,,37,,294,b'\x11\xe8\xe1I\xd5a\x96\xe0\x98|\x12\xdf\x17\xaeN\x1e'
11E8E149-D561-96E0-987C-12DF17AE4E1E,2026-ncaa-d2-conf-CACC,genius_ncaa,3,6,1,6,1,1,3,3,7,3,2,6,6,5,5,9,1,1,4,1,2,2,2,7,3,4,2,9,2,3,4,6,5,4,5,4,7,8,6,8,2,3,5,8,,,5,5,,8,5,3,6,2,4,9,9,7,7,7,8,1,1,1,7,5,7,10,8,8,7,3,8,,5,,8,5,9,9,8,9,9,8,8,10,8,9,8,4,4,8,4,3,8,8,10,10,9,7,9,2,7,5,8,4,8,5,8,6,1,1,3,8,5,6,4,,,1,1,,7,5,8,5,6,5,5,7,4,5,2,9,5,3,2,2,2,5,4,4,4,6,3,6,4,,1,,9,b'\x11\xe8\xe1I\xd5a\x96\xe0\x98|\x12\xdf\x17\xaeN\x1e'
11E8E149-D561-96E0-987C-12DF17AE4E1E,2026-ncaa-d2-natl,genius_ncaa,30,98,13,87,27,55,90,90,132,79,59,166,129,151,114,227,13,10,131,8,23,57,45,139,117,134,114,200,26,62,126,63,185,59,151,94,135,258,198,184,17,34,82,124,,,179,58,,105,48,52,214,88,160,212,272,177,181,194,238,33,36,32,211,198,141,207,184,175,161,46,134,,43,,55,67,175,198,236,82,194,220,93,201,218,129,176,72,78,121,77,23,208,245,89,57,40,114,191,37,249,185,228,126,241,151,205,177,18,37,72,255,196,229,207,,,4,6,,165,48,241,126,45,73,31,66,75,71,94,121,130,18,13,14,28,84,155,100,121,116,56,182,187,,9,,230,b'\x11\xe8\xe1I\xd5a\x96\xe0\x98|\x12\xdf\x17\xaeN\x1e'
11E8E149-D565-B874-987C-12DF17AE4E1E,2018-ncaa-d2-conf-PSAC,ncaa,3,4,1,4,1,6,4,2,8,1,1,10,15,14,15,17,11,4,15,4,17,2,2,12,14,11,17,17,16,1,4,14,16,6,14,5,14,7,6,6,1,1,3,5,,,15,7,,,4,2,10,6,10,5,5,3,1,17,17,16,11,10,7,8,3,17,16,9,6,1,5,,5,,,4,10,12,8,9,15,15,9,1,1,6,2,10,5,17,5,4,9,15,9,9,3,2,2,11,13,16,15,4,14,14,7,4,1,1,1,4,1,14,5,,,3,8,,,4,16,8,3,4,2,2,1,9,4,1,1,4,2,2,1,6,3,8,6,2,1,2,11,,7,,,b'\x11\xe8\xe1I\xd5e\xb8t\x98|\x12\xdf\x17\xaeN\x1e'
11E8E149-D565-B874-987C-12DF17AE4E1E,2018-ncaa-d2-natl,ncaa,29,43,24,40,35,72,40,31,84,6,5,124,302,299,275,308,123,64,291,63,274,29,30,177,198,164,309,309,220,32,60,211,215,122,171,88,246,201,71,126,6,3,62,84,,,196,89,,,57,31,145,226,136,61,78,11,3,309,308,212,125,123,80,109,61,299,249,155,91,6,92,,77,,,60,168,214,149,227,267,250,197,31,21,164,14,138,95,293,88,49,133,258,189,195,32,11,20,128,168,215,238,60,218,171,129,63,5,3,5,75,21,256,83,,,33,126,,,57,272,142,25,65,30,73,16,162,132,8,2,56,34,32,6,116,74,104,82,53,6,36,206,,94,,,b'\x11\xe8\xe1I\xd5e\xb8t\x98|\x12\xdf\x17\xaeN\x1e'
11E8E149-D565-B874-987C-12DF17AE4E1E,2019-ncaa-d2-conf-PSAC,ncaa,2,2,2,2,2,3,2,2,8,2,2,7,8,5,15,13,9,10,9,9,16,2,2,11,11,8,16,14,16,1,1,13,8,6,8,2,7,11,5,3,1,1,17,17,,,15,15,,,2,2,9,5,4,3,1,2,2,11,9,11,14,14,3,2,1,17,11,2,6,1,17,,14,,,2,8,11,6,16,17,14,14,2,2,15,2,12,11,15,11,8,7,15,15,15,2,2,1,12,4,8,16,1,13,8,3,1,1,1,1,3,2,9,4,,,3,13,,,2,16,4,2,2,2,3,1,8,4,1,1,10,6,6,1,7,1,10,4,2,1,2,8,,11,,,b'\x11\xe8\xe1I\xd5e\xb8t\x98|\x12\xdf\x17\xaeN\x1e'
11E8E149-D565-B874-987C-12DF17AE4E1E,2019-ncaa-d2-natl,ncaa,22,27,16,25,20,30,21,14,63,7,3,69,188,153,240,274,64,73,121,66,269,15,13,120,128,91,298,286,218,21,44,192,106,88,115,24,117,211,40,43,5,3,276,298,,,267,189,,,30,15,109,155,47,25,29,6,11,260,245,140,149,146,36,66,44,306,234,36,94,4,299,,157,,,36,212,249,143,285,296,258,260,18,15,172,8,212,172,280,170,87,136,275,251,255,46,9,6,168,77,106,264,44,207,115,115,27,4,2,5,90,19,252,79,,,17,145,,,30,293,61,25,40,53,90,9,208,121,4,2,94,62,60,5,105,16,114,57,37,3,30,191,,83,,,b'\x11\xe8\xe1I\xd5e\xb8t\x98|\x12\xdf\x17\xaeN\x1e'
11E8E149-D565-B874-987C-12DF17AE4E1E,2020-ncaa-d2-conf-PSAC,ncaa,5,6,3,6,5,7,7,1,17,15,3,17,3,2,9,3,13,15,1,15,16,1,3,16,16,15,2,2,12,1,6,16,10,9,12,7,8,1,1,1,1,1,15,15,,,9,8,,,5,6,12,10,10,10,1,15,5,3,3,13,17,17,1,5,1,18,8,8,1,1,16,,8,,,5,5,10,3,17,13,6,15,5,3,11,8,1,3,1,4,4,1,10,16,14,5,4,7,3,7,10,18,6,18,12,7,6,1,1,2,1,1,11,6,,,13,16,,,5,12,8,4,5,4,7,1,11,5,5,3,2,2,3,1,5,6,16,13,7,1,1,10,,14,,,b'\x11\xe8\xe1I\xd5e\xb8t\x98|\x12\xdf\x17\xaeN\x1e'
11E8E149-D565-B874-987C-12DF17AE4E1E,2020-ncaa-d2-natl,ncaa,47,72,17,64,36,78,72,14,254,106,35,257,57,31,174,93,112,176,26,176,282,21,51,235,227,145,94,80,188,13,43,228,208,88,174,90,138,25,5,29,14,10,202,217,,,185,144,,,83,82,233,183,128,126,24,177,74,84,50,161,242,243,40,115,20,299,166,131,6,20,226,,101,,,84,186,241,136,287,257,190,261,117,64,255,71,61,76,80,72,51,116,213,274,259,112,30,92,45,147,208,291,43,250,174,135,53,14,12,31,16,4,228,143,,,113,222,,,83,227,95,110,87,77,137,20,183,93,73,23,26,32,31,10,64,81,217,170,75,31,5,185,,198,,,b'\x11\xe8\xe1I\xd5e\xb8t\x98|\x12\xdf\x17\xaeN\x1e'
11E8E149-D565-B874-987C-12DF17AE4E1E,2022-ncaa-d2-conf-PSAC,ncaa,1,2,3,2,3,3,3,1,8,2,1,7,9,5,13,12,8,10,6,10,16,1,3,8,10,7,15,13,14,1,5,10,11,5,9,3,9,2,1,1,1,1,2,2,,,11,10,,,1,3,11,14,4,3,2,2,2,10,7,11,11,11,2,5,4,17,12,5,1,1,3,,9,,,1,2,2,4,5,3,11,5,3,6,7,5,8,8,6,8,9,5,15,5,4,2,6,5,12,11,11,17,5,17,9,2,4,1,1,1,1,1,1,1,,,5,12,,,1,15,5,1,1,2,2,1,3,3,2,3,7,6,6,1,4,4,11,9,2,1,1,1,,10,,,b'\x11\xe8\xe1I\xd5e\xb8t\x98|\x12\xdf\x17\xaeN\x1e'
11E8E149-D565-B874-987C-12DF17AE4E1E,2022-ncaa-d2-natl,ncaa,17,26,18,25,25,53,41,18,149,21,19,116,138,82,247,186,100,127,82,123,261,25,29,177,177,140,264,231,217,21,71,91,145,49,131,44,130,161,50,56,8,12,33,35,,,229,139,,,13,41,229,186,138,93,74,60,75,212,160,198,216,217,100,159,62,246,157,96,51,27,51,,99,,,16,88,94,165,30,131,224,22,55,74,80,54,147,146,145,151,106,166,254,27,28,2,98,77,205,209,145,270,71,251,131,36,42,5,5,1,105,28,35,7,,,56,180,,,13,256,108,1,16,3,5,5,15,59,15,14,59,62,64,4,59,89,145,123,5,17,28,12,,186,,,b'\x11\xe8\xe1I\xd5e\xb8t\x98|\x12\xdf\x17\xaeN\x1e'
11E8E149-D565-B874-987C-12DF17AE4E1E,2023-ncaa-d2-conf-PSAC,ncaa,4,4,1,4,1,5,2,2,8,2,1,6,10,10,14,15,10,8,11,8,16,2,1,9,10,9,17,15,15,1,3,4,7,3,6,6,16,11,4,8,8,11,8,9,,,14,6,,,7,3,12,7,8,5,4,2,3,15,12,11,13,12,5,8,3,15,5,13,4,13,10,,5,,,7,17,15,18,11,17,18,11,7,11,10,8,17,17,13,16,13,18,17,11,12,12,7,7,12,12,7,14,3,15,6,14,9,6,9,10,2,2,5,1,,,8,17,,,7,16,6,12,7,9,8,6,10,9,7,7,12,10,10,7,8,4,8,7,9,10,1,2,,16,,,b'\x11\xe8\xe1I\xd5e\xb8t\x98|\x12\xdf\x17\xaeN\x1e'
11E8E149-D565-B874-987C-12DF17AE4E1E,2023-ncaa-d2-natl,ncaa,53,82,17,69,18,33,22,17,83,12,10,96,158,130,208,247,95,95,151,86,262,18,23,123,133,113,274,250,218,20,51,54,102,27,71,78,256,181,51,112,54,107,122,173,,,241,128,,,80,27,166,107,79,42,42,17,28,228,222,176,183,181,52,91,45,168,76,157,76,119,176,,114,,,86,274,257,249,172,257,259,155,187,183,175,98,272,266,237,265,182,263,268,167,187,159,140,98,210,186,102,263,51,245,71,234,157,40,91,107,66,10,83,7,,,79,248,,,80,272,76,141,86,127,123,79,151,136,100,79,194,180,178,87,121,92,125,97,131,99,16,32,,217,,,b'\x11\xe8\xe1I\xd5e\xb8t\x98|\x12\xdf\x17\xaeN\x1e'
11E8E149-D565-B874-987C-12DF17AE4E1E,2024-ncaa-d2-conf-PSAC,ncaa,4,5,2,5,2,4,3,1,9,1,2,9,15,14,16,15,3,2,16,2,11,2,1,14,12,11,16,16,4,1,1,5,11,2,3,10,18,18,6,12,1,3,3,5,,,17,16,,,6,2,11,1,8,6,3,5,2,16,14,3,2,2,2,2,1,14,3,12,12,3,4,,14,,,7,15,13,17,10,16,17,9,6,2,10,3,13,14,13,14,5,17,17,10,8,6,4,4,9,15,11,12,1,14,3,11,7,1,1,5,14,4,8,5,,,3,9,,,6,17,8,6,6,7,9,6,10,11,4,3,8,8,8,5,13,8,3,4,9,1,8,7,,6,,,b'\x11\xe8\xe1I\xd5e\xb8t\x98|\x12\xdf\x17\xaeN\x1e'
11E8E149-D565-B874-987C-12DF17AE4E1E,2024-ncaa-d2-natl,ncaa,31,59,14,49,14,58,46,16,159,20,6,178,228,216,249,278,36,14,251,15,164,17,12,213,213,205,278,281,85,3,6,61,158,14,32,108,235,282,159,203,24,66,32,52,,,282,227,,,74,26,179,4,130,113,67,41,20,277,268,91,51,49,52,51,8,188,36,193,198,66,48,,206,,,79,229,221,237,122,257,277,82,68,63,144,21,255,262,104,261,154,247,275,91,103,43,59,30,227,237,158,233,6,243,32,150,77,14,27,25,222,93,179,45,,,19,117,,,74,276,135,43,79,53,65,39,130,187,21,14,161,171,167,51,150,140,74,98,54,34,132,112,,67,,,b'\x11\xe8\xe1I\xd5e\xb8t\x98|\x12\xdf\x17\xaeN\x1e'
11E8E149-D565-B874-987C-12DF17AE4E1E,2025-ncaa-d2-conf-PSAC,genius_ncaa,8,7,13,7,13,9,8,8,10,9,7,12,5,9,2,10,13,10,16,10,12,8,8,8,10,9,8,8,15,1,1,16,17,12,7,11,15,3,4,11,2,2,11,12,,,8,12,,1,6,14,4,10,3,2,2,6,2,4,9,12,7,6,2,3,1,17,4,8,10,2,11,,13,,1,6,2,4,2,13,9,8,11,2,1,8,1,7,8,14,7,6,2,7,10,13,5,2,2,11,11,17,2,1,5,7,7,10,2,1,4,3,3,14,12,,,9,7,,12,6,4,6,7,6,9,9,6,13,14,2,2,11,9,8,5,15,14,9,10,9,1,6,15,,3,,13,b'\x11\xe8\xe1I\xd5e\xb8t\x98|\x12\xdf\x17\xaeN\x1e'
11E8E149-D565-B874-987C-12DF17AE4E1E,2025-ncaa-d2-natl,genius_ncaa,121,112,162,120,179,105,97,72,137,77,42,198,158,189,90,247,120,76,267,75,169,75,84,164,182,159,225,196,171,8,8,253,268,109,118,159,246,163,106,174,34,35,117,159,,,219,209,,21,89,137,84,131,54,41,26,38,19,155,188,105,57,55,18,20,5,286,63,155,180,30,110,,229,,15,87,129,135,94,225,246,237,180,15,11,124,2,232,208,249,204,137,104,178,160,187,87,11,5,236,217,268,119,8,153,118,134,126,33,22,40,123,75,259,189,,,50,60,,195,89,166,86,115,88,143,163,83,255,274,10,3,231,213,211,103,229,229,133,170,151,19,140,265,,20,,195,b'\x11\xe8\xe1I\xd5e\xb8t\x98|\x12\xdf\x17\xaeN\x1e'
11E8E149-D565-B874-987C-12DF17AE4E1E,2026-ncaa-d2-conf-PSAC,genius_ncaa,2,8,1,8,1,2,2,1,12,2,2,13,1,1,4,7,11,10,11,10,14,1,1,11,13,12,11,4,14,1,10,2,10,2,11,3,14,15,8,13,3,6,8,14,,,13,5,,14,14,2,15,1,13,11,7,12,9,7,9,13,14,14,12,13,7,13,10,15,6,7,13,,3,,9,12,16,16,15,14,16,15,10,15,12,15,5,8,6,13,6,3,15,15,14,14,13,5,9,4,14,10,16,10,16,11,16,13,1,7,15,15,11,9,5,,,7,15,,7,14,15,12,12,13,6,9,3,10,6,9,2,4,3,3,4,2,8,9,9,15,10,10,5,,15,,9,b'\x11\xe8\xe1I\xd5e\xb8t\x98|\x12\xdf\x17\xaeN\x1e'
11E8E149-D565-B874-987C-12DF17AE4E1E,2026-ncaa-d2-natl,genius_ncaa,107,239,6,180,6,30,14,14,89,5,5,140,197,199,180,287,72,37,255,38,243,14,13,147,176,191,287,274,211,39,165,28,245,21,223,115,279,293,221,245,33,137,51,163,,,269,85,,204,249,9,106,74,173,105,146,36,27,270,288,202,148,155,151,106,154,216,197,243,229,120,118,,119,,126,221,295,297,295,211,298,297,158,213,203,195,30,279,268,261,268,60,294,291,185,190,209,43,59,142,288,245,290,165,293,223,275,100,34,185,185,297,270,119,22,,,26,191,,151,249,290,202,231,222,229,247,244,269,276,97,52,176,137,141,236,224,233,179,214,189,161,273,46,,164,,232,b'\x11\xe8\xe1I\xd5e\xb8t\x98|\x12\xdf\x17\xaeN\x1e'
11E8E149-D569-CEBE-987C-12DF17AE4E1E,2018-ncaa-d2-conf-PacWest,ncaa,3,3,4,3,4,3,2,5,1,4,7,1,1,3,2,3,12,13,7,13,13,5,6,1,1,1,8,2,14,11,8,1,1,1,1,1,2,10,8,3,13,13,7,8,,,7,3,,,3,4,2,7,2,1,4,3,8,2,4,14,14,14,9,6,10,1,1,1,10,13,8,,7,,,3,5,7,12,1,7,12,3,5,11,2,5,3,3,4,3,1,12,12,1,1,3,2,5,4,7,1,6,8,7,1,3,1,13,14,8,10,5,1,1,,,12,13,,,3,12,3,3,3,5,6,14,6,14,6,10,3,4,4,14,11,7,4,4,4,13,9,1,,13,,,b'\x11\xe8\xe1I\xd5i\xce\xbe\x98|\x12\xdf\x17\xaeN\x1e'
11E8E149-D569-CEBE-987C-12DF17AE4E1E,2018-ncaa-d2-natl,ncaa,88,112,64,109,90,31,20,32,29,43,87,26,15,21,52,49,221,233,162,241,287,48,47,20,35,38,161,55,305,208,270,1,12,17,51,17,50,210,105,35,205,265,129,205,,,199,70,,,50,25,12,178,16,6,21,33,118,17,22,260,260,268,46,60,240,1,5,10,159,238,153,,157,,,50,246,259,298,15,243,296,20,238,284,54,167,138,157,90,152,33,298,281,16,12,69,145,186,83,195,12,287,270,262,51,193,75,223,296,229,186,102,96,71,,,181,291,,,50,287,66,54,51,186,209,302,191,299,201,268,98,105,102,300,279,156,267,242,142,267,145,76,,249,,,b'\x11\xe8\xe1I\xd5i\xce\xbe\x98|\x12\xdf\x17\xaeN\x1e'
11E8E149-D569-CEBE-987C-12DF17AE4E1E,2019-ncaa-d0-natl,ncaa,185,93,335,149,337,166,132,206,70,206,289,46,57,68,77,36,327,331,220,327,282,244,275,52,75,71,96,32,345,282,278,110,95,182,168,52,16,46,110,30,275,269,221,259,,,8,16,,,100,268,5,88,18,13,6,67,149,16,11,280,283,277,17,14,188,3,10,7,208,206,173,,79,,,91,69,138,189,93,214,294,69,33,32,130,16,51,67,78,66,36,159,90,61,48,121,12,38,88,128,95,148,278,138,168,74,76,324,325,260,66,134,58,126,,,341,342,,,100,79,98,128,98,290,320,351,341,351,95,115,159,196,193,351,342,289,339,333,226,252,217,151,,292,,,b'\x11\xe8\xe1I\xd5i\xce\xbe\x98|\x12\xdf\x17\xaeN\x1e'
11E8E149-D569-CEBE-987C-12DF17AE4E1E,2019-ncaa-d1-conf-WAC,ncaa,3,2,9,2,9,3,3,5,1,4,9,1,1,2,3,1,9,9,6,9,7,5,6,1,1,1,4,1,9,6,7,1,2,4,4,1,1,1,3,1,7,8,3,4,,,1,1,,,2,6,1,6,1,1,1,2,6,1,1,8,8,8,2,3,6,1,1,1,6,7,2,,2,,,2,1,2,8,1,4,9,1,3,3,3,3,1,3,1,3,1,6,4,1,1,2,1,4,3,7,2,5,7,6,4,2,2,8,9,5,1,3,6,6,,,9,9,,,2,4,2,2,2,5,6,9,6,9,5,6,3,3,3,9,9,8,9,9,3,7,5,6,,9,,,b'\x11\xe8\xe1I\xd5i\xce\xbe\x98|\x12\xdf\x17\xaeN\x1e'
11E8E149-D569-CEBE-987C-12DF17AE4E1E,2019-ncaa-d1-natl,ncaa,135,92,233,120,263,60,40,50,51,89,196,31,24,15,84,30,298,302,197,298,310,77,88,41,59,54,99,30,349,191,255,28,100,58,157,14,19,118,78,23,141,184,175,244,,,50,16,,,45,66,4,100,12,9,3,40,142,10,8,295,296,293,9,8,142,3,5,6,171,108,152,,85,,,36,185,233,313,58,277,339,33,72,84,119,18,112,144,64,142,41,305,288,35,27,57,24,59,101,266,100,307,255,308,157,140,68,216,276,178,140,98,66,84,,,322,348,,,45,285,66,63,45,258,291,351,316,351,100,125,153,198,198,348,345,303,334,334,177,174,188,90,,316,,,b'\x11\xe8\xe1I\xd5i\xce\xbe\x98|\x12\xdf\x17\xaeN\x1e'
11E8E149-D569-CEBE-987C-12DF17AE4E1E,2020-ncaa-d0-natl,ncaa,197,170,260,194,274,109,149,147,169,303,328,92,11,4,104,4,193,228,114,229,47,166,231,84,86,49,8,8,259,350,351,50,184,235,339,36,10,25,30,15,271,299,223,272,,,35,14,,,205,115,15,97,44,85,31,283,320,6,4,134,175,175,45,107,349,14,187,15,37,248,210,,69,,,207,286,303,326,159,322,325,205,152,239,42,132,175,152,233,152,63,323,253,123,118,265,48,90,101,288,184,350,351,345,339,319,259,329,346,346,24,40,158,287,,,309,303,,,205,224,137,282,212,333,339,351,341,349,196,284,218,206,208,351,336,318,351,350,336,319,48,196,,269,,,b'\x11\xe8\xe1I\xd5i\xce\xbe\x98|\x12\xdf\x17\xaeN\x1e'
11E8E149-D569-CEBE-987C-12DF17AE4E1E,2020-ncaa-d1-conf-WAC,ncaa,7,6,4,7,8,3,4,5,3,9,9,1,1,1,4,1,6,5,5,4,2,5,6,1,1,1,1,1,7,9,9,1,7,6,9,1,1,1,1,1,6,7,4,6,,,1,1,,,7,2,1,8,1,2,4,9,9,1,1,5,5,5,3,7,9,1,6,1,1,6,4,,2,,,7,7,8,9,6,8,9,6,5,8,2,5,3,4,5,4,1,9,7,6,6,7,3,4,2,8,7,9,9,9,9,8,6,9,9,9,1,1,3,9,,,9,7,,,7,7,4,8,7,8,8,9,8,9,8,8,4,4,4,9,7,7,9,9,8,9,1,4,,7,,,b'\x11\xe8\xe1I\xd5i\xce\xbe\x98|\x12\xdf\x17\xaeN\x1e'
11E8E149-D569-CEBE-987C-12DF17AE4E1E,2020-ncaa-d1-natl,ncaa,150,170,45,170,72,25,43,16,157,226,287,83,4,3,92,3,146,191,98,187,94,17,32,76,79,48,6,5,291,324,349,7,155,58,320,11,8,60,29,9,167,251,179,259,,,89,14,,,143,5,11,132,25,50,12,264,308,4,4,169,198,202,17,57,332,4,73,11,49,190,198,,71,,,143,336,332,351,109,341,349,143,222,309,35,148,253,248,218,245,80,351,345,86,87,208,73,98,139,325,155,351,349,351,320,336,280,269,337,340,79,42,217,277,,,266,331,,,143,346,107,239,150,321,324,351,331,348,193,294,227,228,229,351,341,314,351,350,332,285,63,196,,299,,,b'\x11\xe8\xe1I\xd5i\xce\xbe\x98|\x12\xdf\x17\xaeN\x1e'
11E8E149-D569-CEBE-987C-12DF17AE4E1E,2021-ncaa-d0-natl,ncaa,8,1,59,1,70,34,35,53,37,78,168,11,10,12,71,14,121,129,137,126,89,56,50,18,22,31,49,25,287,209,310,8,88,31,135,7,2,270,137,10,58,141,19,29,,,281,117,,,13,33,12,178,20,29,62,119,296,8,9,180,203,205,71,70,308,1,25,1,174,95,23,,216,,,16,225,200,310,4,200,305,8,200,297,14,170,307,332,23,332,251,317,312,5,7,15,243,146,306,321,88,313,310,322,135,179,116,103,262,111,287,194,146,135,,,175,333,,,13,308,56,22,20,116,74,322,88,284,125,265,272,306,305,330,329,286,279,305,76,193,227,72,,303,,,b'\x11\xe8\xe1I\xd5i\xce\xbe\x98|\x12\xdf\x17\xaeN\x1e'
11E8E149-D569-CEBE-987C-12DF17AE4E1E,2021-ncaa-d1-conf-WAC,ncaa,1,1,1,1,1,1,1,1,1,2,5,1,1,1,1,1,2,2,2,2,2,1,1,1,1,1,3,1,7,5,6,1,5,1,3,1,2,7,3,1,3,4,1,1,,,7,3,,,1,1,1,5,1,1,1,3,6,1,1,2,4,4,2,1,7,1,1,1,4,3,1,,5,,,1,6,5,8,1,5,8,1,2,8,1,1,8,8,2,8,5,8,8,1,1,1,5,2,8,8,5,7,6,8,3,1,2,4,7,2,8,2,2,2,,,5,8,,,1,8,1,1,1,2,1,8,3,8,1,7,7,8,8,8,8,8,6,7,1,5,4,1,,8,,,b'\x11\xe8\xe1I\xd5i\xce\xbe\x98|\x12\xdf\x17\xaeN\x1e'
11E8E149-D569-CEBE-987C-12DF17AE4E1E,2021-ncaa-d1-natl,ncaa,4,1,30,1,37,18,20,25,41,50,117,12,8,5,78,14,101,96,159,94,109,25,24,22,26,32,53,26,300,171,309,5,77,12,125,6,2,290,110,10,34,106,11,23,,,309,111,,,9,18,9,193,13,20,37,100,281,7,5,196,210,208,47,51,293,1,20,1,165,65,16,,221,,,11,267,234,328,4,236,316,7,215,317,5,174,327,341,26,342,250,332,328,2,4,12,238,132,306,334,77,332,309,339,125,208,125,58,244,95,298,168,182,140,,,154,337,,,9,324,56,15,17,100,60,322,86,281,105,270,271,304,304,331,333,283,299,315,74,156,208,83,,315,,,b'\x11\xe8\xe1I\xd5i\xce\xbe\x98|\x12\xdf\x17\xaeN\x1e'
11E8E149-D569-CEBE-987C-12DF17AE4E1E,2022-ncaa-d0-natl,ncaa,43,49,52,51,55,26,25,32,28,46,187,3,11,6,159,14,181,144,249,145,122,38,45,20,25,27,88,35,341,299,347,12,108,55,251,8,5,236,89,11,31,94,36,91,,,324,131,,,69,16,12,66,18,14,25,69,292,13,5,241,221,225,38,57,342,6,81,4,136,45,46,,271,,,73,335,321,346,71,311,348,35,306,297,245,116,323,324,180,324,159,350,349,69,82,108,218,188,234,336,108,352,347,352,251,318,208,74,252,218,300,188,125,136,,,137,307,,,69,345,71,118,71,287,265,347,240,345,250,240,279,285,288,349,347,280,339,329,269,135,227,66,,238,,,b'\x11\xe8\xe1I\xd5i\xce\xbe\x98|\x12\xdf\x17\xaeN\x1e'
11E8E149-D569-CEBE-987C-12DF17AE4E1E,2022-ncaa-d1-conf-WAC,ncaa,3,3,2,3,4,1,1,1,1,1,9,1,2,1,5,3,7,7,9,6,5,1,3,1,1,1,4,4,11,12,12,1,5,4,10,1,1,5,1,1,3,3,1,4,,,8,5,,,2,1,1,8,1,1,1,1,10,2,2,9,9,8,1,3,12,1,4,1,3,3,1,,9,,,2,13,10,13,5,11,13,3,9,10,9,5,8,8,9,8,7,13,13,3,3,3,9,7,8,11,5,13,12,13,10,8,5,4,8,5,9,6,2,3,,,8,11,,,2,13,1,3,2,11,10,12,10,13,9,10,8,8,8,12,13,10,13,12,6,4,8,3,,10,,,b'\x11\xe8\xe1I\xd5i\xce\xbe\x98|\x12\xdf\x17\xaeN\x1e'
11E8E149-D569-CEBE-987C-12DF17AE4E1E,2022-ncaa-d1-natl,ncaa,48,49,67,57,71,30,29,39,30,61,225,3,15,6,165,14,204,170,246,171,119,48,52,23,26,29,86,36,338,322,348,15,114,65,271,9,5,208,94,11,43,110,40,99,,,316,134,,,85,18,12,63,19,17,27,78,300,14,6,245,223,229,43,63,348,6,88,4,139,51,48,,275,,,89,330,318,343,80,302,346,36,300,286,256,116,315,316,196,317,157,347,348,84,92,129,218,182,229,333,114,348,348,349,271,314,209,96,261,232,288,197,113,152,,,157,304,,,85,344,80,135,87,302,277,347,252,344,258,238,283,287,288,350,346,284,339,336,277,151,229,69,,236,,,b'\x11\xe8\xe1I\xd5i\xce\xbe\x98|\x12\xdf\x17\xaeN\x1e'
11E8E149-D569-CEBE-987C-12DF17AE4E1E,2023-ncaa-d0-natl,ncaa,59,117,17,98,17,25,36,12,191,88,129,57,8,3,247,22,21,19,248,14,13,11,9,138,143,117,33,53,147,79,269,10,111,19,210,12,9,289,68,33,17,70,127,173,,,361,333,,,120,5,13,6,35,62,23,179,276,19,4,62,39,34,14,16,156,16,32,12,151,36,190,,353,,,126,359,336,353,72,316,312,161,345,358,44,317,361,361,299,361,345,358,359,91,144,177,337,234,345,340,111,360,269,360,210,348,307,37,206,224,267,82,153,114,,,19,165,,,120,357,123,157,129,314,218,331,152,139,298,351,355,348,349,350,354,251,352,337,292,113,156,65,,60,,,b'\x11\xe8\xe1I\xd5i\xce\xbe\x98|\x12\xdf\x17\xaeN\x1e'
11E8E149-D569-CEBE-987C-12DF17AE4E1E,2023-ncaa-d1-conf-WAC,ncaa,2,3,1,3,1,1,1,1,7,6,6,5,2,1,5,2,5,4,13,4,3,1,1,5,5,5,4,2,11,6,10,2,4,1,7,1,2,11,5,1,2,4,3,3,,,13,12,,,3,1,2,6,3,2,2,7,9,2,2,8,7,7,3,3,8,2,2,1,5,3,3,,13,,,3,13,10,12,2,9,11,3,11,11,3,11,13,13,10,13,12,13,13,2,4,3,12,10,12,12,4,13,10,13,7,10,9,4,8,7,8,3,7,6,,,4,11,,,3,13,6,4,3,8,4,11,3,5,10,11,13,12,12,12,12,7,13,12,8,8,3,6,,10,,,b'\x11\xe8\xe1I\xd5i\xce\xbe\x98|\x12\xdf\x17\xaeN\x1e'
11E8E149-D569-CEBE-987C-12DF17AE4E1E,2023-ncaa-d1-natl,ncaa,67,117,18,101,18,27,39,13,206,103,161,58,9,3,256,22,24,20,251,17,13,12,11,145,150,121,32,53,141,94,281,10,118,22,225,12,9,271,74,37,20,84,142,178,,,361,333,,,146,5,15,5,38,66,26,190,282,20,5,62,38,35,14,19,169,18,37,12,154,41,193,,354,,,148,359,335,353,80,298,301,176,338,357,47,319,361,360,305,361,346,358,359,106,166,195,337,234,347,335,118,360,281,360,225,344,309,54,214,238,249,82,136,124,,,21,155,,,146,357,130,179,149,325,231,332,158,143,304,352,356,349,350,350,353,256,353,342,300,126,157,70,,57,,,b'\x11\xe8\xe1I\xd5i\xce\xbe\x98|\x12\xdf\x17\xaeN\x1e'
11E8E149-D569-CEBE-987C-12DF17AE4E1E,2024-ncaa-d0-natl,ncaa,16,4,94,6,96,23,48,30,118,132,203,54,8,4,103,16,19,25,82,25,12,24,33,72,61,38,9,25,121,190,318,11,50,28,173,16,7,112,27,17,34,72,343,346,,,313,180,,,52,16,7,18,10,31,14,159,257,6,2,18,28,28,10,13,222,3,13,6,87,37,349,,307,,,54,322,290,336,49,150,168,164,357,359,67,360,278,301,78,295,289,342,341,112,108,140,351,350,177,262,50,355,318,350,173,342,336,94,216,267,121,49,246,269,,,82,236,,,52,344,56,121,61,308,276,351,108,99,358,360,243,273,260,353,351,238,356,345,333,110,97,231,,99,,,b'\x11\xe8\xe1I\xd5i\xce\xbe\x98|\x12\xdf\x17\xaeN\x1e'
11E8E149-D569-CEBE-987C-12DF17AE4E1E,2024-ncaa-d1-conf-WAC,ncaa,1,1,3,1,3,1,1,1,2,4,6,3,1,1,1,3,2,2,1,2,1,1,2,1,1,1,1,2,7,8,10,1,3,1,5,1,1,3,1,1,3,3,11,11,,,10,5,,,2,1,1,1,1,1,1,5,8,1,1,2,2,2,1,1,9,1,1,1,2,3,11,,9,,,2,10,9,11,1,3,7,2,11,11,3,11,5,10,1,8,6,11,11,3,2,2,11,11,3,9,3,11,10,11,5,11,9,4,7,6,2,1,5,5,,,5,9,,,2,11,1,2,2,9,6,11,3,4,11,11,4,8,7,11,11,8,10,11,10,4,1,4,,5,,,b'\x11\xe8\xe1I\xd5i\xce\xbe\x98|\x12\xdf\x17\xaeN\x1e'
11E8E149-D569-CEBE-987C-12DF17AE4E1E,2024-ncaa-d1-natl,ncaa,18,4,130,6,133,28,58,39,129,161,244,61,12,6,108,16,30,37,83,39,10,33,46,77,63,41,9,26,113,224,325,11,54,37,193,17,7,83,28,16,51,83,350,350,,,302,189,,,62,25,9,19,11,31,14,176,261,6,3,19,28,28,11,15,236,3,14,8,88,47,352,,309,,,63,311,280,331,60,127,129,189,359,361,77,362,262,283,84,275,295,340,333,132,128,157,353,354,182,253,54,355,325,351,193,341,338,122,231,278,103,49,237,279,,,101,233,,,62,334,60,141,70,316,285,354,119,103,360,362,256,280,270,356,352,244,358,349,338,122,101,239,,101,,,b'\x11\xe8\xe1I\xd5i\xce\xbe\x98|\x12\xdf\x17\xaeN\x1e'
11E8E149-D569-CEBE-987C-12DF17AE4E1E,2024-ncaa-d1-ncaatournament,ncaa,37,3,37,37,38,57,63,55,65,62,51,66,57,48,59,35,34,38,13,37,16,47,48,64,58,56,16,46,2,60,64,45,56,56,63,62,57,11,27,59,33,17,57,58,,,22,42,,,60,41,7,5,55,62,42,61,33,54,29,4,11,9,28,30,52,37,52,62,23,10,54,,55,,,62,24,12,23,36,9,10,53,27,33,18,62,34,32,40,29,61,31,31,41,43,49,60,48,58,29,56,28,64,31,63,12,44,45,39,36,16,37,29,61,,,44,27,,,60,27,59,52,62,59,43,43,21,13,57,66,65,62,62,62,66,60,64,67,46,23,35,56,,27,,,b'\x11\xe8\xe1I\xd5i\xce\xbe\x98|\x12\xdf\x17\xaeN\x1e'
11E8E149-D569-CEBE-987C-12DF17AE4E1E,2025-ncaa-d0-natl,genius_ncaa,220,249,135,247,177,148,157,168,161,273,326,87,30,24,128,17,240,157,351,165,30,168,162,98,131,141,23,14,280,307,342,66,154,150,273,92,39,217,206,118,302,331,81,83,,,272,239,,272,291,121,64,269,137,167,194,295,343,25,15,261,158,164,191,187,316,39,160,68,204,316,83,,269,,274,288,329,287,296,159,162,211,126,353,342,323,327,318,303,309,301,274,300,248,227,244,333,351,340,232,263,154,309,342,308,273,315,278,318,355,350,300,284,316,357,,,237,291,,355,291,243,187,329,279,332,294,339,141,184,357,357,313,293,293,345,292,262,324,312,316,347,292,318,,280,,356,b'\x11\xe8\xe1I\xd5i\xce\xbe\x98|\x12\xdf\x17\xaeN\x1e'
11E8E149-D569-CEBE-987C-12DF17AE4E1E,2025-ncaa-d1-conf-WAC,genius_ncaa,5,4,6,5,7,5,4,8,2,6,9,3,1,2,2,1,7,6,9,6,3,7,8,2,2,2,2,2,9,9,9,1,3,5,7,3,2,2,4,3,8,9,2,2,,,5,5,,7,6,6,3,3,3,4,7,6,8,1,1,7,5,5,6,7,9,1,4,1,4,8,1,,5,,9,6,6,6,7,3,4,7,2,6,7,5,4,4,4,7,4,3,7,4,3,3,7,6,6,4,6,3,7,9,7,7,5,5,8,9,9,3,5,1,3,,,9,7,,9,6,4,5,7,6,7,7,9,4,8,7,8,6,6,6,9,7,6,8,8,6,8,5,1,,8,,9,b'\x11\xe8\xe1I\xd5i\xce\xbe\x98|\x12\xdf\x17\xaeN\x1e'
11E8E149-D569-CEBE-987C-12DF17AE4E1E,2025-ncaa-d1-natl,genius_ncaa,246,249,172,257,226,170,187,211,171,292,337,92,36,30,131,17,263,177,350,181,31,208,211,105,139,151,21,16,280,319,343,80,163,188,286,104,39,182,216,126,319,340,87,87,,,250,249,,266,304,151,67,269,156,181,216,308,343,26,20,263,161,167,204,200,319,42,175,73,207,325,87,,274,,278,304,319,272,283,174,133,174,138,350,338,331,327,312,285,313,285,276,290,222,239,261,340,351,338,231,251,163,290,343,294,286,309,281,338,356,351,282,294,305,357,,,266,286,,356,304,212,200,338,296,337,300,342,156,191,357,356,318,299,299,348,290,267,326,315,323,348,296,320,,279,,356,b'\x11\xe8\xe1I\xd5i\xce\xbe\x98|\x12\xdf\x17\xaeN\x1e'
11E8E149-D569-CEBE-987C-12DF17AE4E1E,2026-ncaa-d0-natl,genius_ncaa,87,80,116,95,142,117,110,70,230,163,193,153,34,6,219,13,222,214,226,221,249,88,96,184,214,155,53,21,326,113,248,51,103,65,175,68,49,144,67,58,55,66,10,5,,,286,246,,341,75,100,28,97,92,90,12,193,241,19,6,277,270,277,25,32,116,9,19,45,106,53,8,,298,,344,70,158,121,247,16,73,197,15,275,298,126,282,198,228,94,233,216,253,264,27,24,34,344,325,230,253,103,344,248,324,175,203,294,82,111,104,62,20,94,94,,,289,361,,344,75,259,161,37,83,99,62,271,30,167,271,316,175,200,207,278,319,226,359,337,161,70,41,65,,353,,352,b'\x11\xe8\xe1I\xd5i\xce\xbe\x98|\x12\xdf\x17\xaeN\x1e'
11E8E149-D569-CEBE-987C-12DF17AE4E1E,2026-ncaa-d1-natl,genius_ncaa,110,80,177,113,197,172,162,105,263,235,257,187,48,11,230,14,283,282,231,286,250,132,152,211,237,194,42,18,324,168,280,71,117,97,201,96,53,99,72,70,82,87,12,5,,,250,266,,331,111,159,30,100,122,117,18,239,259,24,6,286,278,283,33,45,142,10,25,57,117,65,9,,309,,352,106,107,77,194,18,40,145,17,256,272,153,282,157,181,110,187,220,195,207,31,29,45,341,324,228,213,117,328,280,302,201,166,301,138,150,134,37,26,65,106,,,342,362,,354,111,201,197,52,115,123,82,287,37,180,288,319,186,215,222,288,321,237,359,345,194,101,47,74,,353,,353,b'\x11\xe8\xe1I\xd5i\xce\xbe\x98|\x12\xdf\x17\xaeN\x1e'
11E8E149-D56E-0C68-987C-12DF17AE4E1E,2018-ncaa-d2-conf-Lone Star,ncaa,6,6,5,6,5,5,3,3,5,7,8,4,1,1,3,2,9,9,11,9,8,4,4,3,5,4,4,2,10,4,6,2,1,2,3,3,3,3,4,4,10,11,6,6,,,9,9,,,5,4,2,2,3,3,1,6,6,1,1,9,9,9,2,2,4,1,1,2,5,11,6,,9,,,5,8,7,7,6,9,10,7,2,2,2,2,10,10,5,10,9,10,6,4,4,6,3,1,10,2,1,11,6,6,3,6,4,8,10,9,4,5,8,8,,,8,9,,,5,9,4,5,3,9,6,11,9,11,3,2,10,10,10,11,10,2,10,8,5,7,5,8,,9,,,b'\x11\xe8\xe1I\xd5n\x0ch\x98|\x12\xdf\x17\xaeN\x1e'
11E8E149-D56E-0C68-987C-12DF17AE4E1E,2018-ncaa-d2-natl,ncaa,146,179,64,167,66,98,102,55,196,151,130,194,37,28,125,66,159,100,276,97,122,57,48,169,191,181,62,41,237,46,103,50,55,38,86,72,91,237,138,130,147,196,114,153,,,280,251,,,148,63,111,6,105,111,49,192,167,44,33,206,140,135,59,62,50,44,29,79,196,181,129,,266,,,148,253,228,225,155,260,258,155,69,108,58,36,298,300,100,298,262,254,243,113,153,164,119,24,282,144,55,278,103,247,86,193,130,116,176,151,190,106,298,294,,,158,269,,,148,258,162,139,142,195,154,164,218,235,39,62,285,292,291,219,206,105,259,203,142,156,148,298,,225,,,b'\x11\xe8\xe1I\xd5n\x0ch\x98|\x12\xdf\x17\xaeN\x1e'
11E8E149-D56E-0C68-987C-12DF17AE4E1E,2019-ncaa-d2-conf-Lone Star,ncaa,10,9,9,10,9,6,6,7,5,8,10,8,2,2,3,1,9,10,7,10,9,8,8,4,4,4,2,1,11,7,8,7,8,6,6,7,7,6,7,7,10,11,6,7,,,8,9,,,7,8,3,4,4,5,3,7,8,1,1,9,10,10,4,4,6,2,4,7,9,10,6,,11,,,7,10,9,6,9,9,9,9,5,3,8,3,10,10,7,10,8,7,4,9,10,10,3,3,9,6,8,5,8,5,6,10,7,10,11,11,8,9,4,8,,,10,10,,,7,4,6,10,7,11,11,11,11,11,8,5,11,11,11,11,10,10,10,10,10,10,9,6,,10,,,b'\x11\xe8\xe1I\xd5n\x0ch\x98|\x12\xdf\x17\xaeN\x1e'
11E8E149-D56E-0C68-987C-12DF17AE4E1E,2019-ncaa-d2-natl,ncaa,232,259,118,244,143,96,108,102,146,213,219,162,23,35,31,28,204,196,186,193,146,114,107,77,100,124,23,10,260,143,175,121,165,124,169,170,252,232,195,200,239,271,153,180,,,279,273,,,245,94,58,133,73,91,70,235,245,12,22,215,209,203,87,77,148,93,106,183,225,255,150,,291,,,237,300,290,243,260,287,247,253,185,168,182,81,298,295,219,297,259,268,219,243,262,291,124,56,258,205,165,212,175,217,169,263,148,251,298,284,270,244,206,249,,,213,274,,,245,220,122,290,236,297,276,268,288,272,185,165,301,295,295,290,249,201,205,212,254,274,260,210,,235,,,b'\x11\xe8\xe1I\xd5n\x0ch\x98|\x12\xdf\x17\xaeN\x1e'
11E8E149-D56E-0C68-987C-12DF17AE4E1E,2020-ncaa-d2-conf-Lone Star,ncaa,9,7,8,9,11,4,5,5,8,13,14,8,1,1,3,1,5,7,4,7,1,5,4,3,3,3,1,1,11,4,7,7,10,6,7,5,8,8,6,6,12,14,12,14,,,18,18,,,9,5,1,14,2,4,3,14,14,1,1,5,5,5,3,2,4,6,4,4,9,12,13,,18,,,9,18,15,12,13,15,16,11,11,7,17,3,18,18,4,18,16,18,15,14,15,17,12,5,15,15,10,12,7,13,7,15,11,15,15,16,4,3,17,18,,,12,15,,,9,15,3,17,9,18,17,15,16,18,12,9,18,18,18,18,18,16,13,15,14,12,5,17,,10,,,b'\x11\xe8\xe1I\xd5n\x0ch\x98|\x12\xdf\x17\xaeN\x1e'
11E8E149-D56E-0C68-987C-12DF17AE4E1E,2020-ncaa-d2-natl,ncaa,159,182,54,167,83,52,94,42,213,211,194,204,11,8,84,14,53,73,99,75,37,48,31,134,130,136,8,12,126,40,94,84,230,49,164,86,107,256,160,147,139,207,117,157,,,311,308,,,228,40,37,197,63,119,41,260,259,13,10,71,90,93,50,40,53,122,64,107,216,167,131,,309,,,223,305,287,270,244,284,272,225,228,193,238,61,311,310,94,310,303,296,287,236,269,282,210,78,295,282,230,282,94,291,164,285,202,160,250,254,183,91,306,308,,,84,220,,,228,274,116,282,217,293,261,232,264,244,192,145,310,308,308,289,275,253,237,254,250,193,144,303,,115,,,b'\x11\xe8\xe1I\xd5n\x0ch\x98|\x12\xdf\x17\xaeN\x1e'
11E8E149-D56E-0C68-987C-12DF17AE4E1E,2021-ncaa-d2-conf-Lone Star,ncaa,4,9,2,6,2,3,3,1,8,5,5,10,1,1,5,5,4,3,10,3,4,1,1,7,8,4,1,4,10,4,13,4,14,4,16,2,7,11,2,2,2,4,10,14,,,16,14,,,4,1,3,4,3,5,2,9,10,1,1,6,6,5,2,4,8,10,9,3,2,4,13,,15,,,4,16,16,14,8,16,14,12,10,14,3,5,16,16,7,16,16,16,16,8,10,7,8,2,16,16,14,16,13,16,16,16,13,2,6,6,12,3,15,9,,,1,7,,,4,16,6,8,5,11,9,7,11,11,5,8,16,16,16,13,16,14,16,16,12,3,4,10,,6,,,b'\x11\xe8\xe1I\xd5n\x0ch\x98|\x12\xdf\x17\xaeN\x1e'
11E8E149-D56E-0C68-987C-12DF17AE4E1E,2021-ncaa-d2-natl,ncaa,59,112,68,77,72,61,74,53,157,108,102,154,18,12,78,22,60,53,142,49,30,55,58,114,119,111,9,18,116,60,148,94,194,82,203,53,64,154,73,81,15,22,122,170,,,215,204,,,87,55,48,42,73,106,55,172,170,16,13,88,79,67,49,56,96,177,143,69,115,19,169,,217,,,92,153,143,142,118,159,146,142,101,123,29,64,216,219,95,216,212,155,177,95,124,66,106,36,213,203,194,198,148,206,203,170,173,11,18,39,153,85,170,166,,,45,73,,,87,173,117,77,90,133,87,74,130,104,42,72,217,221,219,128,188,178,204,200,135,15,119,143,,46,,,b'\x11\xe8\xe1I\xd5n\x0ch\x98|\x12\xdf\x17\xaeN\x1e'
11E8E149-D56E-0C68-987C-12DF17AE4E1E,2022-ncaa-d2-conf-Lone Star,ncaa,4,5,5,5,7,4,5,3,7,10,10,7,1,1,4,1,11,13,5,13,12,3,4,3,3,2,1,1,15,9,15,10,12,9,16,5,8,1,2,3,3,4,9,9,,,13,9,,,6,5,1,7,2,3,1,10,9,1,1,12,14,14,2,4,10,10,11,4,3,2,9,,13,,,6,14,13,10,15,15,11,15,5,9,4,8,14,15,8,15,14,11,13,13,12,9,7,2,14,11,12,15,15,16,16,10,10,3,4,4,2,1,14,13,,,15,15,,,6,12,3,10,6,13,13,9,15,12,4,8,14,16,16,12,15,11,16,16,9,3,2,12,,15,,,b'\x11\xe8\xe1I\xd5n\x0ch\x98|\x12\xdf\x17\xaeN\x1e'
11E8E149-D56E-0C68-987C-12DF17AE4E1E,2022-ncaa-d2-natl,ncaa,98,107,106,101,137,47,60,50,110,159,189,102,5,5,32,7,111,149,58,149,116,60,81,52,54,32,7,5,239,184,271,147,238,164,283,87,177,54,15,42,20,25,118,137,,,250,177,,,81,71,23,224,18,26,17,193,232,1,5,127,169,171,24,69,207,180,214,79,40,19,129,,241,,,80,250,225,191,228,255,212,248,94,136,52,85,286,290,123,290,272,225,244,203,219,168,106,41,263,255,238,292,271,291,283,229,184,39,58,93,70,34,257,263,,,193,275,,,81,233,44,176,82,251,221,180,249,195,86,120,286,286,286,234,270,235,295,289,211,35,55,250,,243,,,b'\x11\xe8\xe1I\xd5n\x0ch\x98|\x12\xdf\x17\xaeN\x1e'
11E8E149-D56E-0C68-987C-12DF17AE4E1E,2023-ncaa-d2-conf-Lone Star,ncaa,7,8,6,8,8,13,9,6,15,12,8,15,6,5,10,6,15,15,6,15,14,9,10,14,14,11,7,5,14,10,15,6,7,9,16,8,3,3,4,5,9,8,12,12,,,8,8,,,13,8,7,11,14,12,4,13,8,7,4,15,15,15,7,10,10,6,9,5,5,8,11,,9,,,13,10,10,10,8,11,9,9,10,11,6,10,5,10,1,10,8,10,10,10,8,8,6,11,4,12,7,15,15,15,16,9,9,11,10,13,1,1,6,5,,,15,16,,,13,10,14,9,12,11,13,13,12,10,11,11,5,10,9,13,12,12,16,16,9,10,2,6,,16,,,b'\x11\xe8\xe1I\xd5n\x0ch\x98|\x12\xdf\x17\xaeN\x1e'
11E8E149-D56E-0C68-987C-12DF17AE4E1E,2023-ncaa-d2-natl,ncaa,139,182,68,159,101,148,150,86,251,199,150,235,76,43,175,52,177,198,99,201,205,103,108,226,221,185,56,49,185,190,260,84,141,117,241,106,67,119,100,105,94,130,212,241,,,222,167,,,230,91,110,208,206,210,107,249,211,83,51,212,236,240,144,179,225,104,177,124,98,126,236,,180,,,223,227,233,220,177,223,192,201,216,229,143,187,180,201,42,199,176,226,222,187,172,181,151,180,123,186,141,284,260,273,241,193,117,131,169,155,67,57,125,125,,,184,249,,,230,222,210,174,212,192,201,188,183,143,193,198,145,179,177,199,178,147,285,258,156,159,51,97,,249,,,b'\x11\xe8\xe1I\xd5n\x0ch\x98|\x12\xdf\x17\xaeN\x1e'
11E8E149-D56E-0C68-987C-12DF17AE4E1E,2024-ncaa-d2-conf-Lone Star,ncaa,8,8,10,8,10,14,12,14,9,7,5,10,14,15,10,14,15,16,6,16,16,14,15,11,12,11,16,13,14,16,16,15,14,16,16,12,11,3,5,9,9,6,16,16,,,2,3,,,12,13,12,3,13,10,10,5,4,14,15,15,16,16,12,14,16,15,16,12,4,8,16,,3,,,12,3,6,7,10,3,3,12,10,12,6,15,1,1,8,1,2,5,5,11,8,8,9,14,2,9,14,6,16,5,16,5,5,12,11,12,3,4,10,10,,,15,13,,,12,5,13,9,11,6,11,11,5,3,14,15,1,1,1,8,7,12,11,11,9,12,3,10,,15,,,b'\x11\xe8\xe1I\xd5n\x0ch\x98|\x12\xdf\x17\xaeN\x1e'
11E8E149-D56E-0C68-987C-12DF17AE4E1E,2024-ncaa-d2-natl,ncaa,172,183,172,179,178,220,181,201,155,137,129,144,254,238,246,221,265,279,44,280,293,228,253,195,200,163,281,246,258,281,277,245,208,268,276,229,264,24,81,144,167,138,290,295,,,47,59,,,211,231,244,67,241,177,197,113,100,259,245,275,286,286,245,280,282,271,292,242,41,155,297,,46,,,208,91,134,105,181,109,45,264,209,251,63,283,30,28,184,30,77,80,71,201,178,181,163,242,32,117,208,145,277,128,276,111,104,200,170,170,21,61,87,79,,,276,268,,,211,69,210,188,215,130,171,148,121,35,223,267,36,31,34,98,82,129,173,150,130,191,35,102,,289,,,b'\x11\xe8\xe1I\xd5n\x0ch\x98|\x12\xdf\x17\xaeN\x1e'
11E8E149-D56E-0C68-987C-12DF17AE4E1E,2025-ncaa-d2-conf-Lone Star,genius_ncaa,12,13,11,13,12,10,9,10,7,13,14,7,4,4,8,3,16,15,6,15,13,10,11,6,7,9,4,3,15,14,14,13,12,15,15,7,7,10,12,7,13,13,11,13,,,1,4,,4,12,10,4,7,9,7,6,10,11,4,3,14,15,15,9,9,13,13,13,7,11,13,10,,4,,6,12,12,14,8,13,13,10,13,9,7,15,6,2,5,2,3,4,8,7,13,12,12,4,9,2,10,12,9,14,9,15,11,5,12,10,12,9,11,9,12,,,14,14,,7,12,6,11,12,12,13,15,12,15,13,13,10,7,7,7,13,13,12,14,13,13,10,11,10,,14,,8,b'\x11\xe8\xe1I\xd5n\x0ch\x98|\x12\xdf\x17\xaeN\x1e'
11E8E149-D56E-0C68-987C-12DF17AE4E1E,2025-ncaa-d2-natl,genius_ncaa,216,222,207,225,221,191,190,201,164,242,273,128,75,76,129,25,238,265,45,267,205,222,228,120,121,151,47,36,231,275,263,257,185,280,253,138,73,137,209,147,241,244,241,250,,,56,76,,98,211,197,103,194,177,175,165,251,268,50,33,237,263,266,215,192,277,273,287,103,192,235,242,,92,,123,206,147,180,109,253,200,146,241,117,92,211,105,84,90,119,83,87,97,87,241,234,226,57,115,75,80,185,101,263,80,253,156,131,196,172,199,143,201,94,200,,,240,197,,112,211,99,195,206,206,210,246,191,247,212,158,119,110,126,115,166,159,115,156,134,207,166,183,113,,221,,97,b'\x11\xe8\xe1I\xd5n\x0ch\x98|\x12\xdf\x17\xaeN\x1e'
11E8E149-D56E-0C68-987C-12DF17AE4E1E,2026-ncaa-d2-conf-Lone Star,genius_ncaa,11,12,6,11,7,16,16,13,17,16,16,16,8,4,15,1,16,13,17,13,9,14,11,17,17,17,1,1,13,14,17,11,15,11,17,15,11,12,14,17,7,8,17,17,,,9,8,,7,17,8,3,2,17,17,9,17,17,6,2,17,13,13,11,7,12,8,8,16,15,5,17,,9,,8,17,13,15,12,15,10,6,16,16,17,10,17,9,9,7,10,9,12,12,15,14,17,9,14,3,14,15,15,17,15,17,16,14,16,17,17,12,14,4,12,,,16,17,,17,17,8,17,17,17,17,17,17,14,10,17,17,9,9,10,17,17,17,17,17,16,17,15,7,,17,,17,b'\x11\xe8\xe1I\xd5n\x0ch\x98|\x12\xdf\x17\xaeN\x1e'
11E8E149-D56E-0C68-987C-12DF17AE4E1E,2026-ncaa-d2-natl,genius_ncaa,276,291,59,276,135,142,178,134,240,254,220,263,22,31,47,21,156,116,246,102,33,132,99,161,186,228,1,1,166,243,278,153,273,197,291,205,220,272,274,269,129,210,177,198,,,179,65,,158,293,66,56,276,225,254,236,296,287,15,35,202,158,141,239,146,275,252,282,254,259,179,199,,109,,157,286,274,265,273,227,196,173,213,298,296,279,292,232,205,271,202,189,269,242,269,274,291,287,292,85,275,273,223,278,251,291,292,279,172,270,289,240,225,137,200,,,126,196,,247,293,231,260,290,288,292,282,286,148,105,297,296,210,168,162,286,255,259,202,247,290,228,216,112,,193,,262,b'\x11\xe8\xe1I\xd5n\x0ch\x98|\x12\xdf\x17\xaeN\x1e'
11E8E149-D572-4EAE-987C-12DF17AE4E1E,2018-ncaa-d2-conf-SAC,ncaa,1,1,1,1,1,1,1,1,1,1,1,1,1,1,2,3,1,1,1,1,6,1,1,1,1,1,3,3,9,1,2,2,3,1,2,1,3,2,1,1,1,1,3,4,,,8,4,,,1,1,1,6,1,1,1,1,3,1,1,1,3,3,1,1,2,3,1,1,1,1,4,,6,,,1,10,10,11,4,10,10,4,10,10,4,7,8,8,5,8,3,11,11,6,5,1,5,6,4,8,3,10,2,10,2,10,9,1,2,4,3,1,8,5,,,1,9,,,1,11,1,1,1,6,7,8,7,6,8,8,4,4,4,8,10,5,5,5,8,1,2,7,,3,,,b'\x11\xe8\xe1I\xd5rN\xae\x98|\x12\xdf\x17\xaeN\x1e'
11E8E149-D572-4EAE-987C-12DF17AE4E1E,2018-ncaa-d2-natl,ncaa,2,4,2,4,3,2,2,3,9,2,3,14,4,5,9,111,3,8,17,9,203,3,3,6,5,3,130,96,247,3,8,9,146,2,21,2,49,215,9,4,5,16,34,92,,,298,68,,,2,3,22,301,3,3,3,5,31,6,21,33,81,84,6,11,20,75,25,2,37,11,77,,143,,,3,305,306,308,140,306,306,152,284,302,111,156,237,255,77,258,69,308,308,133,102,64,87,153,68,300,146,280,8,295,21,303,209,6,49,94,202,18,295,139,,,5,226,,,2,307,2,59,2,166,206,245,212,229,167,194,76,91,94,220,266,195,46,92,232,31,56,221,,93,,,b'\x11\xe8\xe1I\xd5rN\xae\x98|\x12\xdf\x17\xaeN\x1e'
11E8E149-D572-4EAE-987C-12DF17AE4E1E,2019-ncaa-d2-conf-SAC,ncaa,3,2,5,3,6,2,2,3,2,3,6,3,4,3,5,5,3,5,1,5,5,3,4,3,2,2,4,5,6,5,3,5,5,4,4,4,5,1,2,2,2,2,6,6,,,3,3,,,2,3,2,3,1,2,1,2,5,4,2,2,5,5,1,2,4,3,4,2,3,2,5,,3,,,2,6,9,9,5,8,8,6,5,10,2,9,2,3,4,2,2,7,8,5,5,4,2,6,2,7,5,5,3,5,4,9,7,5,6,8,2,1,8,9,,,9,11,,,2,9,2,4,2,6,9,10,9,9,6,10,3,2,2,9,10,7,4,7,9,4,2,9,,10,,,b'\x11\xe8\xe1I\xd5rN\xae\x98|\x12\xdf\x17\xaeN\x1e'
11E8E149-D572-4EAE-987C-12DF17AE4E1E,2019-ncaa-d2-natl,ncaa,42,49,46,44,61,18,22,18,42,28,38,40,35,38,55,104,27,80,2,80,194,22,29,44,34,23,122,115,182,52,61,37,179,37,83,29,161,106,23,29,34,75,82,128,,,226,73,,,35,26,23,167,7,7,10,19,62,38,45,30,119,122,12,30,65,44,44,28,53,44,97,,155,,,34,286,292,300,107,286,283,156,234,297,24,230,157,168,130,164,53,301,297,89,73,95,74,140,70,279,179,203,61,253,83,299,245,66,184,202,99,27,294,273,,,108,266,,,35,292,16,102,33,216,241,294,248,267,187,266,95,103,98,288,287,247,97,176,267,90,54,291,,173,,,b'\x11\xe8\xe1I\xd5rN\xae\x98|\x12\xdf\x17\xaeN\x1e'
11E8E149-D572-4EAE-987C-12DF17AE4E1E,2020-ncaa-d2-conf-SAC,ncaa,3,2,3,3,3,1,1,1,1,2,7,1,1,2,1,2,3,6,1,6,8,1,1,1,1,1,2,1,11,3,2,2,2,2,1,1,1,4,3,1,3,4,5,5,,,9,4,,,1,1,1,2,1,1,1,1,9,1,2,3,10,10,1,1,3,2,2,1,3,3,5,,8,,,1,11,10,11,4,10,9,6,7,10,5,8,9,9,5,10,7,11,12,5,6,6,6,7,9,2,2,6,2,3,1,10,5,3,7,5,3,3,3,3,,,8,12,,,1,12,1,5,1,8,9,8,8,9,7,8,9,9,9,9,10,2,2,2,7,5,3,3,,10,,,b'\x11\xe8\xe1I\xd5rN\xae\x98|\x12\xdf\x17\xaeN\x1e'
11E8E149-D572-4EAE-987C-12DF17AE4E1E,2020-ncaa-d2-natl,ncaa,42,59,17,56,21,6,8,9,29,30,84,39,3,6,5,29,60,128,9,131,198,12,11,16,13,12,27,15,280,28,30,10,69,9,19,3,28,219,75,19,54,114,42,69,,,259,130,,,20,10,31,60,6,7,15,64,153,3,12,98,190,189,24,31,46,19,16,4,139,83,54,,191,,,20,280,270,296,93,257,272,135,246,294,60,202,248,260,55,261,182,301,301,94,84,100,160,161,165,212,69,165,30,190,19,255,178,75,159,148,176,57,165,116,,,141,297,,,20,304,6,90,21,196,195,260,183,203,188,257,195,217,216,267,274,143,65,87,193,113,106,124,,239,,,b'\x11\xe8\xe1I\xd5rN\xae\x98|\x12\xdf\x17\xaeN\x1e'
11E8E149-D572-4EAE-987C-12DF17AE4E1E,2021-ncaa-d2-conf-SAC,ncaa,2,3,4,2,4,1,1,2,1,1,4,1,6,7,7,10,6,6,8,6,11,2,3,1,2,2,12,10,13,7,8,2,3,2,3,1,4,7,5,3,1,4,2,2,,,10,5,,,2,3,2,1,1,1,1,1,3,7,9,8,7,7,2,2,10,1,3,2,7,3,2,,8,,,2,8,9,11,4,7,10,4,9,11,4,7,7,9,3,9,5,11,11,5,3,5,7,8,4,7,3,8,8,8,3,9,7,3,10,8,9,6,7,3,,,5,12,,,2,11,2,3,2,8,8,11,8,11,8,9,6,5,6,11,11,6,6,8,7,7,8,6,,8,,,b'\x11\xe8\xe1I\xd5rN\xae\x98|\x12\xdf\x17\xaeN\x1e'
11E8E149-D572-4EAE-987C-12DF17AE4E1E,2021-ncaa-d2-natl,ncaa,23,35,68,27,71,34,23,39,16,15,27,20,66,83,64,163,73,60,143,59,167,43,51,23,29,28,200,164,192,70,115,25,66,31,50,23,69,140,53,17,64,115,7,14,,,170,98,,,29,46,30,41,12,8,31,5,32,93,119,107,90,90,29,40,121,5,26,10,79,89,8,,136,,,27,156,163,188,53,161,186,57,162,177,81,110,150,161,45,159,74,186,178,48,43,68,111,126,88,173,66,156,115,156,50,173,127,78,164,131,133,47,141,54,,,71,167,,,29,180,29,67,34,139,142,192,132,187,140,162,100,120,119,195,190,139,111,124,139,124,75,91,,109,,,b'\x11\xe8\xe1I\xd5rN\xae\x98|\x12\xdf\x17\xaeN\x1e'
11E8E149-D572-4EAE-987C-12DF17AE4E1E,2022-ncaa-d2-conf-SAC,ncaa,1,1,1,1,1,1,1,1,1,1,1,1,5,5,4,10,2,2,11,2,8,1,1,2,2,1,13,11,10,2,3,2,3,2,2,1,3,11,5,1,2,5,2,1,,,13,8,,,1,1,1,7,1,1,2,1,1,5,8,3,3,2,1,1,4,2,3,1,7,3,2,,11,,,1,11,11,12,3,7,12,2,12,12,6,10,13,13,8,13,9,12,13,3,4,2,13,11,9,9,3,7,3,8,2,11,10,2,4,4,11,4,10,3,,,1,12,,,1,13,2,2,1,7,5,9,3,6,9,11,9,10,10,9,10,5,2,3,7,2,7,7,,4,,,b'\x11\xe8\xe1I\xd5rN\xae\x98|\x12\xdf\x17\xaeN\x1e'
11E8E149-D572-4EAE-987C-12DF17AE4E1E,2022-ncaa-d2-natl,ncaa,10,26,5,21,12,2,2,4,6,2,3,12,40,46,51,214,17,14,178,10,187,2,2,13,21,17,262,211,240,14,36,5,64,4,20,1,58,271,67,15,19,83,4,7,,,297,157,,,9,2,32,198,5,3,21,4,26,93,145,92,89,84,19,33,53,24,22,1,116,69,19,,199,,,10,296,282,298,60,251,278,71,294,298,138,222,288,287,176,290,204,300,300,86,96,78,264,229,208,257,64,267,36,275,20,286,214,10,85,100,226,45,271,106,,,16,241,,,9,300,9,58,12,150,114,197,65,121,222,242,201,191,193,212,238,121,73,83,168,61,84,179,,142,,,b'\x11\xe8\xe1I\xd5rN\xae\x98|\x12\xdf\x17\xaeN\x1e'
11E8E149-D572-4EAE-987C-12DF17AE4E1E,2023-ncaa-d2-conf-SAC,ncaa,4,4,4,4,4,2,3,3,3,5,5,2,2,4,7,6,4,5,4,3,5,4,3,3,2,2,6,6,6,4,5,3,6,3,6,1,4,2,2,1,4,4,4,3,,,10,8,,,3,4,5,3,1,2,2,4,6,3,5,4,4,3,1,4,5,6,5,2,2,4,3,,8,,,4,12,10,12,10,10,11,9,13,13,12,11,9,9,8,8,8,12,10,11,9,10,13,12,7,7,6,11,5,10,6,12,13,6,8,12,1,1,13,11,,,4,4,,,3,11,2,8,4,10,9,10,7,7,10,10,8,10,10,10,9,7,7,8,12,8,1,13,,2,,,b'\x11\xe8\xe1I\xd5rN\xae\x98|\x12\xdf\x17\xaeN\x1e'
11E8E149-D572-4EAE-987C-12DF17AE4E1E,2023-ncaa-d2-natl,ncaa,84,101,68,97,79,38,42,36,65,47,60,53,63,57,112,105,67,103,28,104,175,39,55,61,54,35,144,129,170,93,164,65,50,67,118,27,50,83,31,20,50,78,13,12,,,200,132,,,72,53,53,86,20,23,22,42,71,66,62,77,132,132,25,69,123,61,74,17,58,70,14,,149,,,73,253,246,233,180,208,195,170,272,256,252,217,205,171,232,172,150,230,231,206,209,212,234,235,130,113,50,243,164,212,118,288,271,110,153,238,30,12,284,272,,,96,170,,,72,246,39,175,75,235,218,222,167,147,255,227,172,144,145,223,208,75,213,158,272,139,20,284,,115,,,b'\x11\xe8\xe1I\xd5rN\xae\x98|\x12\xdf\x17\xaeN\x1e'
11E8E149-D572-4EAE-987C-12DF17AE4E1E,2024-ncaa-d2-conf-SAC,ncaa,1,3,1,3,1,1,1,1,2,2,3,2,1,1,3,4,4,5,6,4,8,1,1,1,3,2,7,3,12,1,1,1,1,1,1,1,3,5,2,1,1,2,1,1,,,13,6,,,1,1,7,4,1,1,2,2,5,2,3,10,8,8,2,3,3,2,1,1,2,2,2,,7,,,1,10,9,12,1,10,12,1,9,11,5,7,13,13,5,13,10,13,13,1,1,3,10,8,10,10,1,12,1,13,1,10,8,3,5,5,3,1,12,6,,,3,12,,,1,13,1,3,1,4,2,6,1,5,7,8,9,10,10,7,7,4,6,4,5,5,1,8,,9,,,b'\x11\xe8\xe1I\xd5rN\xae\x98|\x12\xdf\x17\xaeN\x1e'
11E8E149-D572-4EAE-987C-12DF17AE4E1E,2024-ncaa-d2-natl,ncaa,23,74,5,59,6,6,5,2,50,5,5,56,9,8,75,95,64,50,176,46,244,2,2,52,78,56,176,94,276,6,63,3,72,1,52,3,35,239,29,9,9,29,7,21,,,286,108,,,13,4,47,96,12,8,8,14,45,31,38,184,167,165,11,28,38,18,12,6,83,26,22,,165,,,18,290,283,297,68,265,290,54,287,289,168,198,251,266,67,270,134,298,295,82,69,67,209,227,118,272,72,298,63,296,52,290,211,17,106,115,168,13,281,174,,,39,262,,,13,296,31,62,23,145,146,222,96,178,216,220,111,137,145,219,232,162,217,198,185,77,45,237,,191,,,b'\x11\xe8\xe1I\xd5rN\xae\x98|\x12\xdf\x17\xaeN\x1e'
11E8E149-D572-4EAE-987C-12DF17AE4E1E,2025-ncaa-d2-conf-SAC,genius_ncaa,3,2,3,3,3,1,2,2,1,2,4,1,1,1,1,3,7,7,9,7,10,3,3,1,1,1,3,2,13,4,3,2,1,3,3,1,1,3,2,1,2,3,1,3,,,12,11,,4,2,3,6,11,1,1,2,5,6,1,1,10,10,10,2,5,3,5,3,1,4,3,4,,10,,4,2,9,9,8,6,6,10,3,9,8,8,7,13,13,13,13,11,11,11,6,7,6,10,7,12,3,1,10,3,6,3,8,8,3,4,4,6,3,8,7,,,7,12,,12,2,11,1,5,2,6,4,4,3,5,7,6,13,11,10,5,6,2,5,4,7,5,5,6,,13,,12,b'\x11\xe8\xe1I\xd5rN\xae\x98|\x12\xdf\x17\xaeN\x1e'
11E8E149-D572-4EAE-987C-12DF17AE4E1E,2025-ncaa-d2-natl,genius_ncaa,40,62,25,54,41,11,7,10,12,13,28,13,13,23,17,97,100,96,163,96,230,13,17,13,19,15,158,79,277,28,69,37,67,25,63,3,17,178,39,6,12,25,34,48,,,289,215,,64,19,15,40,275,9,5,13,19,69,17,46,177,164,172,19,42,56,85,50,1,90,23,48,,231,,40,20,279,258,248,173,244,254,128,227,194,250,94,292,289,239,289,235,268,280,172,197,145,228,135,244,160,67,258,69,237,63,259,204,19,53,92,190,69,257,153,,,112,281,,263,19,287,10,120,23,175,137,115,141,154,166,106,252,233,236,147,218,77,148,109,182,51,122,209,,227,,280,b'\x11\xe8\xe1I\xd5rN\xae\x98|\x12\xdf\x17\xaeN\x1e'
11E8E149-D572-4EAE-987C-12DF17AE4E1E,2026-ncaa-d2-conf-SAC,genius_ncaa,3,3,1,3,3,4,5,2,9,4,5,7,3,2,8,5,6,5,6,5,4,4,5,7,7,6,5,5,7,1,1,2,7,1,2,2,1,5,4,3,6,7,1,1,,,11,11,,8,4,8,7,3,4,7,3,6,7,3,2,6,5,5,5,6,1,3,1,2,3,7,1,,11,,8,5,6,6,8,2,9,9,3,3,3,6,1,9,9,10,9,9,8,8,2,2,6,6,2,11,8,7,5,1,7,2,7,5,8,9,7,7,7,8,8,,,6,7,,9,4,7,3,7,5,5,4,7,9,9,3,3,9,9,9,8,7,8,4,6,5,9,7,8,,6,,10,b'\x11\xe8\xe1I\xd5rN\xae\x98|\x12\xdf\x17\xaeN\x1e'
11E8E149-D572-4EAE-987C-12DF17AE4E1E,2026-ncaa-d2-natl,genius_ncaa,65,98,59,100,84,59,78,46,206,133,107,208,22,13,113,36,81,130,40,124,160,49,83,154,142,83,25,31,161,39,95,47,119,33,107,34,30,75,12,15,109,164,13,19,,,231,198,,105,67,101,122,88,69,98,27,192,161,15,10,106,172,171,34,95,47,44,19,34,27,143,12,,212,,87,78,188,163,219,39,158,251,18,176,143,208,60,251,233,228,235,154,223,213,36,54,105,204,145,238,215,119,237,95,237,107,181,200,143,219,186,88,34,220,229,,,190,277,,260,67,208,56,108,68,124,91,207,98,247,141,95,235,209,217,223,187,187,232,217,152,201,52,217,,264,,278,b'\x11\xe8\xe1I\xd5rN\xae\x98|\x12\xdf\x17\xaeN\x1e'
11E8E149-D576-786C-987C-12DF17AE4E1E,2018-ncaa-d2-conf-SAC,ncaa,5,3,5,5,6,6,8,6,10,7,6,10,7,6,10,7,4,4,7,4,3,6,6,10,10,9,5,8,1,3,4,7,4,5,5,7,5,3,4,5,5,5,9,9,,,7,8,,,6,7,6,6,7,8,4,7,5,7,5,3,5,5,4,5,3,6,4,6,3,4,10,,7,,,6,2,2,2,7,5,4,8,1,3,1,5,7,7,3,7,8,2,3,4,6,4,2,3,8,2,4,7,4,5,5,2,3,5,5,1,4,4,9,9,,,6,8,,,6,4,7,3,6,3,3,2,6,4,1,3,7,8,8,2,3,2,8,7,4,5,4,10,,8,,,b'\x11\xe8\xe1I\xd5vxl\x98|\x12\xdf\x17\xaeN\x1e'
11E8E149-D576-786C-987C-12DF17AE4E1E,2018-ncaa-d2-natl,ncaa,134,147,105,141,135,160,168,112,247,161,116,241,164,137,225,164,135,135,175,131,162,118,121,242,242,223,151,172,111,33,31,182,156,107,91,101,41,169,137,128,116,127,244,262,,,188,212,,,149,154,182,222,203,201,104,186,117,186,152,144,145,141,114,118,29,232,98,105,161,139,261,,184,,,149,127,133,117,182,195,192,162,47,48,144,42,176,178,141,181,157,117,147,152,164,123,62,46,204,132,156,161,31,144,91,80,59,97,80,57,186,160,276,256,,,131,168,,,149,152,190,119,147,106,120,70,169,170,36,26,157,168,171,82,106,116,130,114,64,98,173,277,,146,,,b'\x11\xe8\xe1I\xd5vxl\x98|\x12\xdf\x17\xaeN\x1e'
11E8E149-D576-786C-987C-12DF17AE4E1E,2019-ncaa-d2-conf-SAC,ncaa,8,8,5,8,7,6,8,6,10,8,9,9,5,5,8,3,4,4,8,4,1,6,5,7,7,8,3,4,5,3,5,9,7,7,7,8,9,7,7,8,3,3,11,11,,,4,4,,,8,5,6,4,6,8,4,8,9,5,4,4,4,4,4,3,3,11,7,8,7,4,11,,5,,,8,7,8,2,11,4,3,9,10,3,11,7,4,4,10,4,5,2,2,11,11,9,7,10,4,2,7,7,5,4,7,8,6,2,2,3,7,7,11,11,,,4,6,,,8,6,7,8,8,8,8,3,4,3,10,4,4,4,4,3,4,2,9,5,7,2,7,11,,4,,,b'\x11\xe8\xe1I\xd5vxl\x98|\x12\xdf\x17\xaeN\x1e'
11E8E149-D576-786C-987C-12DF17AE4E1E,2019-ncaa-d2-natl,ncaa,145,160,118,153,149,137,173,121,248,208,178,220,104,71,213,89,52,46,189,44,18,94,74,224,208,209,50,101,30,38,52,198,189,111,137,185,206,258,207,237,77,83,266,279,,,177,143,,,144,102,81,140,128,195,90,228,195,100,62,32,27,27,56,38,23,230,90,206,246,69,279,,174,,,144,183,180,136,223,162,163,155,226,112,301,125,142,126,184,128,128,122,186,234,228,134,173,222,120,159,189,209,52,197,137,209,204,30,24,67,209,143,310,311,,,34,39,,,144,201,180,125,145,175,176,114,156,145,221,105,140,116,116,109,210,145,203,182,203,26,200,310,,6,,,b'\x11\xe8\xe1I\xd5vxl\x98|\x12\xdf\x17\xaeN\x1e'
11E8E149-D576-786C-987C-12DF17AE4E1E,2020-ncaa-d2-conf-SAC,ncaa,3,2,3,3,4,4,4,4,12,7,5,7,4,3,6,5,1,1,9,1,2,3,2,8,8,5,4,5,2,1,1,7,5,3,4,9,12,6,4,7,2,2,4,3,,,12,12,,,4,4,4,5,4,5,3,8,6,5,4,1,1,1,2,2,1,10,3,11,5,2,4,,12,,,4,5,2,2,6,4,6,4,2,1,10,1,12,12,6,12,11,4,9,6,9,3,8,2,12,3,5,11,1,7,4,3,4,2,1,1,2,2,12,12,,,1,2,,,4,9,4,3,4,3,1,1,2,4,2,1,11,11,11,2,8,3,10,7,3,1,2,12,,1,,,b'\x11\xe8\xe1I\xd5vxl\x98|\x12\xdf\x17\xaeN\x1e'
11E8E149-D576-786C-987C-12DF17AE4E1E,2020-ncaa-d2-natl,ncaa,35,37,54,39,67,53,96,39,217,141,96,223,53,34,147,98,12,6,250,6,9,24,18,193,186,170,39,87,37,9,18,144,123,33,81,183,271,246,120,213,20,24,42,29,,,309,309,,,40,45,56,100,67,124,40,190,139,62,42,19,8,8,23,20,10,205,37,215,200,24,46,,306,,,39,119,73,74,106,91,142,53,90,39,267,33,284,298,40,299,298,136,254,104,129,36,248,93,299,127,123,265,18,219,81,84,134,5,4,4,61,16,307,302,,,8,41,,,40,266,112,29,44,68,33,12,51,81,67,19,269,288,288,46,214,87,209,165,54,3,37,304,,13,,,b'\x11\xe8\xe1I\xd5vxl\x98|\x12\xdf\x17\xaeN\x1e'
11E8E149-D576-786C-987C-12DF17AE4E1E,2021-ncaa-d2-conf-SAC,ncaa,7,1,13,4,13,13,13,13,9,13,13,5,13,13,10,7,13,13,10,13,4,13,13,9,9,8,7,7,5,13,4,13,2,13,6,13,12,1,7,9,4,1,12,4,,,3,13,,,4,13,7,7,6,7,5,6,7,8,6,4,5,5,5,4,3,7,6,10,8,1,6,,13,,,4,1,1,1,3,1,1,3,1,1,10,3,2,3,1,3,13,1,1,3,5,2,12,5,13,1,2,1,4,1,6,1,4,13,1,1,1,5,3,8,,,13,5,,,4,1,8,2,4,2,1,1,1,2,3,1,12,13,13,1,6,1,9,6,3,1,7,8,,3,,,b'\x11\xe8\xe1I\xd5vxl\x98|\x12\xdf\x17\xaeN\x1e'
11E8E149-D576-786C-987C-12DF17AE4E1E,2021-ncaa-d2-natl,ncaa,83,35,165,45,172,157,154,152,162,154,150,135,152,139,171,99,142,137,151,136,79,151,157,162,159,140,114,121,78,100,43,174,83,154,81,173,197,51,58,147,59,4,141,85,,,126,225,,,53,163,81,224,93,101,48,100,71,108,69,70,50,48,35,44,29,164,69,173,84,8,115,,223,,,50,51,38,38,70,37,41,29,55,41,208,42,123,150,16,146,224,48,58,81,104,33,211,101,223,42,83,66,43,60,81,38,116,96,6,5,45,41,118,158,,,157,124,,,53,64,112,27,51,37,12,4,13,22,71,15,216,224,224,24,105,62,152,110,31,13,59,185,,71,,,b'\x11\xe8\xe1I\xd5vxl\x98|\x12\xdf\x17\xaeN\x1e'
11E8E149-D576-786C-987C-12DF17AE4E1E,2022-ncaa-d2-conf-SAC,ncaa,4,4,3,4,3,4,3,3,8,4,4,7,2,2,7,3,5,4,9,4,7,3,3,8,8,7,5,4,8,4,5,6,1,4,6,4,7,4,1,3,1,1,10,9,,,12,11,,,4,3,5,8,4,4,1,6,6,4,2,8,8,8,2,2,3,9,5,6,1,1,10,,10,,,3,6,7,6,7,9,7,9,2,4,5,5,9,10,9,9,10,6,11,7,7,1,3,1,10,2,1,13,5,10,6,3,2,1,1,1,4,1,7,7,,,4,11,,,4,12,4,1,3,3,2,2,6,4,1,2,5,7,6,1,7,1,11,8,2,1,2,6,,9,,,b'\x11\xe8\xe1I\xd5vxl\x98|\x12\xdf\x17\xaeN\x1e'
11E8E149-D576-786C-987C-12DF17AE4E1E,2022-ncaa-d2-natl,ncaa,31,48,18,42,28,28,26,10,157,49,42,134,16,8,133,52,66,48,199,51,157,11,17,123,144,101,78,54,220,21,129,68,41,37,137,61,201,167,30,73,6,8,137,171,,,291,218,,,30,16,69,200,46,52,23,119,135,41,24,150,126,129,31,66,62,204,119,123,55,13,191,,208,,,33,240,224,212,197,239,221,208,141,170,98,115,261,258,177,256,207,222,277,178,191,57,121,83,225,85,41,298,129,277,137,115,32,4,7,3,119,22,221,137,,,47,234,,,30,289,78,26,34,69,70,18,102,56,64,63,167,165,162,21,148,20,261,155,28,14,36,137,,168,,,b'\x11\xe8\xe1I\xd5vxl\x98|\x12\xdf\x17\xaeN\x1e'
11E8E149-D576-786C-987C-12DF17AE4E1E,2023-ncaa-d2-conf-SAC,ncaa,1,1,1,1,1,1,2,2,6,4,4,3,2,1,9,4,2,1,5,1,2,1,2,5,4,5,4,7,4,2,4,1,1,2,3,4,7,9,4,6,1,1,9,10,,,13,9,,,2,1,4,4,4,5,4,7,7,5,4,3,1,1,3,2,2,4,3,6,6,1,11,,10,,,2,7,8,7,5,8,10,8,9,7,6,6,8,10,4,10,10,10,12,6,6,2,10,7,9,3,1,12,4,8,3,8,8,1,2,3,6,4,9,6,,,2,9,,,2,13,3,1,2,3,2,2,1,1,6,5,7,7,8,3,7,1,6,3,7,1,5,6,,4,,,b'\x11\xe8\xe1I\xd5vxl\x98|\x12\xdf\x17\xaeN\x1e'
11E8E149-D576-786C-987C-12DF17AE4E1E,2023-ncaa-d2-natl,ncaa,8,23,4,17,5,9,12,4,112,15,19,70,21,8,181,80,5,4,111,4,51,3,3,102,93,79,83,130,89,19,120,4,13,2,54,18,134,284,86,96,7,20,106,192,,,292,177,,,13,2,46,51,35,56,45,82,138,79,45,27,39,42,28,42,78,40,40,73,130,25,192,,192,,,20,280,267,283,75,257,285,60,239,240,173,104,276,276,140,276,154,287,295,84,94,35,179,146,201,158,13,296,120,294,54,229,113,6,22,23,227,46,293,253,,,7,121,,,13,297,75,16,26,59,55,68,61,130,99,80,142,139,133,72,189,23,214,122,76,30,76,257,,71,,,b'\x11\xe8\xe1I\xd5vxl\x98|\x12\xdf\x17\xaeN\x1e'
11E8E149-D576-786C-987C-12DF17AE4E1E,2024-ncaa-d2-conf-SAC,ncaa,1,1,4,1,5,4,4,4,6,5,7,3,3,3,4,3,2,3,9,3,2,4,4,4,5,3,4,4,6,2,2,6,9,4,5,7,10,3,4,7,4,4,12,12,,,12,12,,,2,4,6,11,2,3,3,6,8,3,2,3,2,2,3,4,2,9,5,8,6,4,12,,12,,,2,7,7,6,7,5,4,10,7,7,6,6,11,11,10,11,12,7,10,9,10,5,9,6,12,4,9,8,2,8,5,5,3,4,3,2,4,2,7,5,,,7,8,,,2,10,2,5,2,6,5,4,4,2,5,5,11,11,11,4,6,5,9,5,2,3,4,5,,5,,,b'\x11\xe8\xe1I\xd5vxl\x98|\x12\xdf\x17\xaeN\x1e'
11E8E149-D576-786C-987C-12DF17AE4E1E,2024-ncaa-d2-natl,ncaa,23,20,50,23,69,25,28,20,76,50,83,43,15,11,100,49,39,34,136,32,55,24,25,55,55,53,66,61,172,23,58,69,142,38,106,69,221,172,55,102,24,58,222,245,,,283,245,,,47,33,45,212,13,18,15,79,145,15,12,55,62,63,14,32,39,134,49,98,117,44,247,,264,,,50,267,252,228,212,246,194,235,223,237,139,176,272,274,100,275,252,250,268,213,217,154,176,143,208,212,142,255,58,249,106,226,123,28,56,73,172,68,166,130,,,87,231,,,47,269,28,152,54,214,188,151,189,105,179,186,226,236,240,178,225,160,205,189,163,46,115,135,,140,,,b'\x11\xe8\xe1I\xd5vxl\x98|\x12\xdf\x17\xaeN\x1e'
11E8E149-D576-786C-987C-12DF17AE4E1E,2025-ncaa-d2-conf-SAC,genius_ncaa,5,5,5,5,7,8,7,5,10,8,8,6,7,5,10,4,10,9,8,9,8,7,6,9,11,12,7,5,9,6,10,10,8,8,11,10,11,10,9,10,3,2,11,12,,,13,13,,12,7,7,5,6,7,6,5,7,9,5,4,8,8,9,7,6,7,12,11,10,8,1,11,,13,,12,7,6,2,2,7,3,3,7,6,7,5,9,11,11,9,11,13,4,8,7,8,3,12,8,13,4,8,11,10,10,11,6,12,2,1,2,10,11,3,4,,,11,11,,5,7,7,12,3,7,4,2,2,2,2,6,7,10,12,11,4,9,6,12,9,8,1,10,4,,11,,5,b'\x11\xe8\xe1I\xd5vxl\x98|\x12\xdf\x17\xaeN\x1e'
11E8E149-D576-786C-987C-12DF17AE4E1E,2025-ncaa-d2-natl,genius_ncaa,95,112,72,109,103,86,65,55,122,68,71,98,119,90,192,140,118,120,155,126,198,67,44,136,151,164,204,173,198,82,153,156,218,124,225,123,234,264,205,209,15,24,214,226,,,296,287,,187,137,45,34,207,90,72,61,62,93,142,114,156,150,153,73,55,105,231,186,163,233,20,243,,290,,160,138,231,183,174,195,200,148,234,125,185,61,152,290,278,274,278,277,200,259,182,218,104,178,76,272,221,218,265,153,262,225,228,234,14,15,49,273,218,177,125,,,141,244,,147,137,256,164,111,137,173,127,73,166,78,96,147,273,254,254,119,251,190,228,226,198,14,246,156,,179,,172,b'\x11\xe8\xe1I\xd5vxl\x98|\x12\xdf\x17\xaeN\x1e'
11E8E149-D576-786C-987C-12DF17AE4E1E,2026-ncaa-d2-conf-SAC,genius_ncaa,6,8,1,8,3,6,6,6,7,5,4,10,6,8,2,9,4,7,1,7,7,6,9,6,5,3,6,6,2,10,12,9,9,10,11,5,3,3,2,2,8,8,8,6,,,10,10,,2,8,6,7,3,7,8,7,7,6,6,9,4,7,7,7,10,12,11,12,5,1,9,9,,10,,2,8,8,7,6,6,5,3,11,10,12,7,10,10,10,5,10,12,7,7,8,8,9,11,10,9,6,9,11,12,9,11,10,11,5,7,8,7,8,8,7,,,5,5,,7,8,5,5,8,8,8,5,5,4,2,9,10,10,10,10,6,6,6,10,8,9,7,7,8,,5,,8,b'\x11\xe8\xe1I\xd5vxl\x98|\x12\xdf\x17\xaeN\x1e'
11E8E149-D576-786C-987C-12DF17AE4E1E,2026-ncaa-d2-natl,genius_ncaa,157,196,59,188,67,84,100,83,180,99,65,199,123,123,142,190,44,54,81,55,109,71,68,181,147,159,135,174,66,105,209,156,265,142,278,107,152,209,158,166,81,140,189,193,,,275,277,,105,199,61,64,51,99,133,94,130,82,152,166,54,70,71,68,64,156,257,229,139,181,108,221,,281,,87,198,244,206,192,193,162,121,234,255,265,177,255,280,288,113,286,291,216,239,218,237,185,273,226,243,263,265,260,209,265,278,273,293,34,70,181,220,174,229,211,,,112,224,,84,199,237,159,204,200,245,162,135,103,37,252,267,279,284,283,198,253,245,268,267,274,43,195,224,,175,,110,b'\x11\xe8\xe1I\xd5vxl\x98|\x12\xdf\x17\xaeN\x1e'
11E8E149-D57A-9ECE-987C-12DF17AE4E1E,2018-ncaa-d2-conf-G-MAC,ncaa,1,1,3,1,3,3,4,6,2,7,9,3,1,4,1,4,4,6,4,5,3,6,7,1,1,1,5,4,8,8,7,2,2,3,3,6,10,3,4,3,12,12,6,6,,,12,11,,,4,6,12,3,4,5,10,8,10,2,6,4,7,6,9,12,9,3,3,6,2,12,6,,8,,,4,7,5,8,3,7,9,4,6,6,3,7,12,12,10,11,9,10,5,3,4,9,8,7,11,6,2,3,7,3,3,5,5,10,11,10,2,2,6,6,,,7,5,,,4,8,1,8,4,6,4,7,4,5,4,7,10,9,9,6,3,5,3,3,4,12,2,5,,6,,,b'\x11\xe8\xe1I\xd5z\x9e\xce\x98|\x12\xdf\x17\xaeN\x1e'
11E8E149-D57A-9ECE-987C-12DF17AE4E1E,2018-ncaa-d2-natl,ncaa,47,30,105,34,114,56,53,133,6,90,199,8,18,55,3,51,154,192,67,185,143,148,171,2,3,5,81,34,269,175,126,65,50,108,36,92,226,64,61,52,269,281,159,173,,,162,192,,,56,165,215,85,20,27,155,77,235,13,60,170,209,199,169,213,208,45,99,82,49,283,170,,154,,,55,215,207,208,154,178,159,172,209,236,119,226,198,165,276,164,154,207,139,162,174,247,194,176,173,112,50,50,126,65,36,157,97,275,294,256,88,95,77,118,,,170,157,,,56,145,4,231,53,187,185,198,154,141,197,230,195,150,147,186,92,92,31,44,137,292,75,72,,203,,,b'\x11\xe8\xe1I\xd5z\x9e\xce\x98|\x12\xdf\x17\xaeN\x1e'
11E8E149-D57A-9ECE-987C-12DF17AE4E1E,2019-ncaa-d2-conf-G-MAC,ncaa,3,2,3,3,4,3,3,7,1,4,11,1,3,4,1,4,6,9,1,9,9,8,10,1,1,1,4,4,10,12,11,7,5,10,5,3,7,1,1,1,12,12,11,10,,,12,13,,,3,9,13,12,3,2,11,5,12,3,4,8,11,11,10,13,12,9,12,3,1,12,12,,11,,,3,7,6,5,9,9,7,9,2,3,4,5,12,12,12,12,11,8,6,7,8,9,5,2,13,2,5,4,11,3,5,4,4,11,9,7,1,1,8,10,,,4,3,,,3,6,1,8,3,5,4,3,6,5,2,3,12,12,12,3,1,2,3,1,3,13,1,4,,6,,,b'\x11\xe8\xe1I\xd5z\x9e\xce\x98|\x12\xdf\x17\xaeN\x1e'
11E8E149-D57A-9ECE-987C-12DF17AE4E1E,2019-ncaa-d2-natl,ncaa,48,36,118,39,149,63,71,168,16,173,263,21,11,47,1,19,213,255,10,255,178,192,250,5,5,2,26,7,281,267,251,175,80,239,148,114,196,7,10,11,259,256,235,224,,,208,277,,,53,232,283,140,34,40,197,178,275,4,33,220,274,271,233,297,284,206,274,107,3,275,252,,211,,,51,147,115,94,176,113,74,217,140,177,94,221,248,214,287,212,251,108,80,178,218,245,220,150,254,63,80,65,251,47,148,64,53,261,256,184,5,8,144,218,,,176,62,,,53,93,4,236,42,140,102,68,106,50,138,173,245,210,208,82,35,52,54,44,66,283,3,131,,195,,,b'\x11\xe8\xe1I\xd5z\x9e\xce\x98|\x12\xdf\x17\xaeN\x1e'
11E8E149-D57A-9ECE-987C-12DF17AE4E1E,2020-ncaa-d2-conf-G-MAC,ncaa,4,3,5,4,7,5,3,5,2,4,9,2,5,4,2,4,12,13,4,13,13,7,12,2,2,2,6,4,13,13,12,8,4,8,8,3,3,1,2,2,7,6,4,5,,,9,12,,,3,10,12,8,4,2,7,4,10,4,4,12,13,13,10,13,13,7,9,3,1,7,4,,11,,,3,1,1,2,4,4,7,3,2,2,4,3,12,9,13,9,10,3,3,3,4,4,7,3,13,3,4,8,12,5,8,1,2,8,7,3,1,2,2,3,,,9,8,,,3,4,2,3,3,3,2,3,4,6,2,3,12,10,10,3,1,4,7,5,2,8,1,2,,10,,,b'\x11\xe8\xe1I\xd5z\x9e\xce\x98|\x12\xdf\x17\xaeN\x1e'
11E8E149-D57A-9ECE-987C-12DF17AE4E1E,2020-ncaa-d2-natl,ncaa,60,59,102,60,154,59,36,93,25,102,228,15,19,25,28,19,269,280,95,280,283,143,206,15,22,6,89,20,310,287,299,135,27,221,187,26,57,16,14,5,127,115,156,153,,,198,234,,,53,163,186,227,40,25,108,102,260,15,28,289,299,300,167,261,297,146,265,16,7,133,170,,182,,,49,162,134,110,176,149,130,176,117,106,156,121,228,176,297,174,184,121,120,169,193,185,166,110,231,32,27,211,299,132,187,73,48,152,135,88,13,12,45,62,,,231,209,,,53,153,18,138,48,122,107,72,127,103,109,89,216,163,159,65,62,19,191,102,59,163,6,35,,268,,,b'\x11\xe8\xe1I\xd5z\x9e\xce\x98|\x12\xdf\x17\xaeN\x1e'
11E8E149-D57A-9ECE-987C-12DF17AE4E1E,2021-ncaa-d2-conf-G-MAC,ncaa,1,2,1,2,2,1,1,1,3,4,5,4,1,1,2,4,2,2,4,2,2,1,3,1,1,1,2,3,4,10,11,2,4,4,10,4,10,2,1,1,4,7,8,10,,,11,7,,,2,1,8,10,1,3,6,10,9,1,4,2,2,2,5,12,11,8,10,7,1,7,10,,7,,,2,11,10,11,5,10,12,5,7,8,5,4,12,12,10,12,10,12,12,5,5,6,6,3,11,7,4,12,11,11,10,6,3,2,5,4,2,1,5,5,,,3,3,,,2,12,1,4,2,4,4,4,5,6,3,4,11,8,9,5,5,5,9,8,3,5,1,4,,6,,,b'\x11\xe8\xe1I\xd5z\x9e\xce\x98|\x12\xdf\x17\xaeN\x1e'
11E8E149-D57A-9ECE-987C-12DF17AE4E1E,2021-ncaa-d2-natl,ncaa,8,66,6,34,7,2,2,3,18,13,15,29,1,3,5,26,5,9,51,8,66,2,6,8,7,1,18,17,183,108,218,4,18,15,150,11,147,106,1,3,28,125,90,186,,,216,66,,,11,3,51,121,7,12,49,81,146,3,16,71,99,97,45,134,216,48,154,46,3,123,185,,75,,,21,225,224,223,166,223,225,169,217,217,128,111,221,217,166,219,119,225,224,163,165,169,93,94,117,169,18,226,218,224,150,208,55,16,124,106,107,9,151,57,,,10,134,,,11,224,4,129,24,159,161,130,160,123,129,117,133,115,116,131,118,28,190,120,91,126,6,39,,146,,,b'\x11\xe8\xe1I\xd5z\x9e\xce\x98|\x12\xdf\x17\xaeN\x1e'
11E8E149-D57A-9ECE-987C-12DF17AE4E1E,2022-ncaa-d2-conf-G-MAC,ncaa,5,5,4,6,4,5,5,3,10,8,6,10,2,2,6,2,8,8,6,8,8,4,5,8,8,7,3,1,9,6,9,5,6,6,9,9,11,2,1,5,7,8,6,5,,,4,4,,,6,4,9,5,8,8,4,11,10,3,2,11,9,9,4,9,8,6,8,10,1,8,5,,4,,,6,7,8,8,7,9,10,8,2,4,2,3,8,7,6,7,6,7,8,6,6,5,3,2,7,8,6,12,9,12,9,7,4,7,9,7,4,3,8,8,,,8,11,,,6,8,8,6,6,6,6,7,10,10,2,2,8,8,7,8,4,7,11,11,5,9,1,7,,10,,,b'\x11\xe8\xe1I\xd5z\x9e\xce\x98|\x12\xdf\x17\xaeN\x1e'
11E8E149-D57A-9ECE-987C-12DF17AE4E1E,2022-ncaa-d2-natl,ncaa,98,119,64,108,72,76,78,75,103,148,190,76,18,20,61,16,198,241,30,244,239,97,149,61,72,35,39,13,275,230,276,122,61,165,234,157,252,22,7,47,144,158,123,147,,,66,50,,,115,120,248,43,87,91,108,209,260,16,18,248,271,274,156,255,264,184,244,209,5,184,150,,27,,,115,225,250,181,272,278,216,281,84,114,71,96,112,115,144,110,70,174,157,248,235,241,14,43,63,71,61,262,276,207,234,178,64,174,195,192,30,20,194,229,,,228,273,,,115,176,58,215,117,159,220,91,254,159,60,76,84,81,77,72,48,39,239,154,128,218,10,170,,291,,,b'\x11\xe8\xe1I\xd5z\x9e\xce\x98|\x12\xdf\x17\xaeN\x1e'
11E8E149-D57A-9ECE-987C-12DF17AE4E1E,2023-ncaa-d2-conf-G-MAC,ncaa,10,10,9,10,11,8,8,8,5,10,10,8,4,8,4,4,9,12,1,12,11,8,12,3,3,2,3,2,6,13,13,11,7,12,13,7,8,1,3,3,12,10,4,3,,,1,1,,,9,9,3,7,3,4,4,9,7,2,5,6,12,12,5,11,13,6,12,5,2,10,2,,1,,,9,12,13,6,13,11,7,11,11,8,12,8,1,1,10,1,3,6,3,13,12,13,6,9,1,4,7,12,13,7,13,12,10,13,13,13,4,10,4,6,,,13,13,,,9,4,4,13,9,13,13,11,13,11,13,11,5,3,4,11,9,6,12,11,12,11,8,6,,13,,,b'\x11\xe8\xe1I\xd5z\x9e\xce\x98|\x12\xdf\x17\xaeN\x1e'
11E8E149-D57A-9ECE-987C-12DF17AE4E1E,2023-ncaa-d2-natl,ncaa,241,239,197,245,225,138,122,191,43,202,267,38,31,59,21,20,258,290,1,290,275,219,265,24,24,19,48,14,286,294,297,220,124,281,281,154,192,8,35,39,254,244,154,118,,,8,8,,,229,221,178,208,63,55,128,183,264,12,30,252,293,293,205,272,295,210,290,115,14,249,130,,7,,,230,238,263,131,296,215,68,292,289,246,293,278,17,14,282,15,36,105,62,297,297,297,191,281,7,51,124,176,297,130,281,254,180,274,274,291,60,156,9,31,,,291,295,,,229,68,48,297,238,284,289,235,260,104,294,283,41,22,22,187,88,88,249,187,280,276,106,13,,295,,,b'\x11\xe8\xe1I\xd5z\x9e\xce\x98|\x12\xdf\x17\xaeN\x1e'
11E8E149-D57A-9ECE-987C-12DF17AE4E1E,2024-ncaa-d2-conf-G-MAC,ncaa,12,12,9,12,12,11,11,8,11,10,7,13,11,10,11,8,12,12,8,12,14,9,10,12,11,11,10,9,7,8,12,14,13,14,14,12,9,8,9,10,8,8,10,10,,,11,11,,,13,11,6,10,11,11,6,10,5,11,8,11,12,12,6,5,6,14,14,12,9,7,10,,11,,,13,14,14,6,14,14,9,14,11,6,14,6,9,11,1,11,10,7,4,14,14,14,5,6,5,9,13,14,12,13,14,14,13,9,9,13,8,8,2,1,,,12,12,,,13,3,11,14,13,14,14,11,14,12,12,6,11,11,11,11,8,10,14,14,14,8,9,2,,12,,,b'\x11\xe8\xe1I\xd5z\x9e\xce\x98|\x12\xdf\x17\xaeN\x1e'
11E8E149-D57A-9ECE-987C-12DF17AE4E1E,2024-ncaa-d2-natl,ncaa,261,264,207,266,237,233,214,202,232,222,233,163,159,99,245,53,261,268,164,268,248,223,233,214,226,215,138,93,250,222,243,278,280,272,289,196,143,93,157,163,124,96,236,237,,,145,204,,,287,226,140,214,217,196,119,204,207,135,59,268,271,272,178,172,206,292,284,173,150,95,234,,192,,,284,250,264,86,298,248,84,298,256,151,296,199,106,122,73,121,175,83,86,299,299,295,127,216,42,182,280,200,243,207,289,294,274,175,140,277,165,211,30,57,,,270,278,,,287,70,228,298,285,286,291,183,282,131,274,199,136,156,157,177,172,226,268,263,294,129,199,33,,275,,,b'\x11\xe8\xe1I\xd5z\x9e\xce\x98|\x12\xdf\x17\xaeN\x1e'
11E8E149-D57A-9ECE-987C-12DF17AE4E1E,2025-ncaa-d2-conf-G-MAC,genius_ncaa,7,7,5,7,5,7,7,4,10,6,9,7,4,3,10,3,8,7,10,7,8,6,4,8,10,8,4,3,10,4,5,12,9,9,8,5,3,7,7,7,1,1,12,12,,,13,13,,10,8,4,6,1,8,7,2,8,8,3,2,8,8,8,4,1,3,12,10,5,8,1,12,,13,,10,8,12,8,1,12,11,4,11,5,3,12,3,13,13,4,13,13,2,9,12,13,12,9,4,13,3,9,10,5,6,8,10,10,1,1,5,6,7,10,11,,,6,6,,1,8,10,8,11,9,11,9,2,10,3,5,2,13,13,13,3,7,3,8,6,10,1,7,11,,5,,1,b'\x11\xe8\xe1I\xd5z\x9e\xce\x98|\x12\xdf\x17\xaeN\x1e'
11E8E149-D57A-9ECE-987C-12DF17AE4E1E,2025-ncaa-d2-natl,genius_ncaa,144,141,162,147,170,137,124,129,120,150,197,72,72,52,152,44,259,259,190,259,250,150,151,100,134,136,121,61,281,115,95,275,140,238,182,99,105,131,151,106,43,19,275,275,,,275,298,,153,198,168,172,66,115,81,71,139,202,63,32,269,266,265,114,119,95,296,265,78,160,39,280,,284,,163,194,209,165,24,299,200,69,292,100,25,298,48,272,272,165,270,292,47,96,298,300,281,132,66,250,27,140,112,95,61,182,183,173,64,27,104,112,117,193,236,,,253,278,,37,198,133,128,251,195,230,196,6,222,56,106,22,275,275,275,30,90,28,130,73,205,50,128,212,,269,,32,b'\x11\xe8\xe1I\xd5z\x9e\xce\x98|\x12\xdf\x17\xaeN\x1e'
11E8E149-D57A-9ECE-987C-12DF17AE4E1E,2026-ncaa-d2-conf-G-MAC,genius_ncaa,5,7,1,7,2,8,7,6,12,6,5,12,7,6,12,5,5,6,3,6,9,7,6,13,13,13,8,7,6,7,11,2,5,5,10,5,5,9,6,7,2,3,9,10,,,11,9,,13,9,4,4,3,12,10,6,9,6,9,7,7,8,8,7,6,10,3,6,7,4,2,10,,9,,13,9,9,8,12,3,6,9,3,12,13,10,12,4,6,1,6,5,12,13,4,4,2,13,13,3,11,5,12,11,13,10,10,13,3,6,8,3,1,11,10,,,8,11,,4,9,10,13,3,9,4,4,9,2,5,12,12,3,4,4,9,10,7,12,12,9,3,1,9,,11,,5,b'\x11\xe8\xe1I\xd5z\x9e\xce\x98|\x12\xdf\x17\xaeN\x1e'
11E8E149-D57A-9ECE-987C-12DF17AE4E1E,2026-ncaa-d2-natl,genius_ncaa,107,196,13,157,27,91,80,34,235,118,95,205,31,12,178,27,206,215,119,213,275,51,53,203,217,197,89,35,270,56,181,25,98,29,156,55,67,202,116,105,57,100,270,281,,,242,170,,158,152,57,228,88,226,199,122,237,231,82,39,285,289,288,188,221,138,85,110,126,98,117,289,,131,,122,152,213,199,243,80,137,142,136,276,293,131,288,141,175,53,178,201,230,240,133,97,93,262,278,80,223,98,277,181,274,156,246,253,53,108,157,182,105,204,189,,,120,250,,41,152,241,193,93,152,69,69,88,31,16,239,272,54,69,72,61,68,117,236,192,177,142,88,147,,264,,83,b'\x11\xe8\xe1I\xd5z\x9e\xce\x98|\x12\xdf\x17\xaeN\x1e'
11E8E149-D57E-CCF6-987C-12DF17AE4E1E,2018-ncaa-d2-conf-Mid-America Intercollegiate,ncaa,1,1,6,1,6,5,4,7,1,4,10,1,3,6,4,5,7,8,4,8,8,7,8,1,1,1,10,6,8,9,5,9,9,9,6,2,3,2,3,1,3,2,6,6,,,3,3,,,1,10,13,8,3,2,8,1,10,4,5,7,8,8,10,13,8,10,10,2,2,5,6,,1,,,1,1,2,5,2,4,6,2,5,8,3,10,1,1,3,1,1,3,5,2,2,1,8,13,2,10,9,2,5,3,6,1,3,4,3,1,4,5,5,4,,,9,9,,,1,5,1,2,1,1,1,4,2,4,7,6,1,1,1,2,3,10,3,5,1,3,5,5,,9,,,b'\x11\xe8\xe1I\xd5~\xcc\xf6\x98|\x12\xdf\x17\xaeN\x1e'
11E8E149-D57E-CCF6-987C-12DF17AE4E1E,2018-ncaa-d2-natl,ncaa,10,4,24,6,30,33,36,88,12,46,135,9,46,66,48,97,80,122,24,131,148,98,135,9,7,4,134,117,204,167,165,78,101,120,100,45,144,34,18,14,110,134,104,106,,,83,54,,,18,116,297,192,57,55,224,80,238,76,120,132,201,211,238,289,241,219,247,72,8,178,139,,15,,,17,139,197,235,94,158,192,111,223,251,118,262,25,22,136,21,14,189,187,108,79,85,143,255,15,165,101,135,165,139,100,90,29,120,135,78,41,33,223,207,,,108,121,,,18,193,5,88,13,19,57,68,53,52,153,178,5,5,4,24,17,71,19,29,24,209,12,152,,235,,,b'\x11\xe8\xe1I\xd5~\xcc\xf6\x98|\x12\xdf\x17\xaeN\x1e'
11E8E149-D57E-CCF6-987C-12DF17AE4E1E,2019-ncaa-d2-conf-Mid-America Intercollegiate,ncaa,2,2,1,2,2,2,2,2,2,4,10,1,1,1,9,1,3,2,10,2,3,2,2,1,1,2,4,4,10,4,5,3,2,3,3,2,4,10,6,3,6,7,8,10,,,13,6,,,2,2,11,10,3,5,10,8,13,3,2,6,5,7,9,12,9,7,9,2,6,7,10,,4,,,2,9,13,11,8,13,13,9,3,5,4,3,5,6,3,6,4,12,13,7,5,3,2,2,5,3,2,10,5,4,3,6,4,4,6,3,13,7,6,9,,,1,3,,,2,13,2,2,2,2,4,3,8,9,1,3,2,2,2,4,3,1,3,2,4,5,7,5,,2,,,b'\x11\xe8\xe1I\xd5~\xcc\xf6\x98|\x12\xdf\x17\xaeN\x1e'
11E8E149-D57E-CCF6-987C-12DF17AE4E1E,2019-ncaa-d2-natl,ncaa,28,36,16,32,16,31,34,62,25,86,199,13,13,12,52,24,64,72,124,72,29,57,62,15,17,20,45,44,215,105,115,74,50,83,63,39,121,145,65,46,150,191,102,136,,,216,161,,,42,56,278,81,49,70,216,164,290,24,30,140,147,149,211,262,182,213,215,79,38,227,141,,87,,,44,253,272,237,214,266,250,181,210,149,248,97,153,134,213,138,73,218,228,209,202,194,90,139,90,93,50,179,115,147,63,142,32,93,124,89,201,126,220,246,,,22,33,,,42,255,19,154,43,81,116,47,136,107,107,56,50,44,43,36,30,24,28,16,52,191,91,144,,93,,,b'\x11\xe8\xe1I\xd5~\xcc\xf6\x98|\x12\xdf\x17\xaeN\x1e'
11E8E149-D57E-CCF6-987C-12DF17AE4E1E,2020-ncaa-d2-conf-Mid-America Intercollegiate,ncaa,1,1,2,1,3,2,2,2,2,1,5,1,8,3,12,5,2,2,7,2,2,2,2,3,2,5,9,12,3,1,1,2,5,1,1,1,2,11,8,5,3,3,2,2,,,9,6,,,1,2,11,14,5,4,8,3,8,9,5,3,2,2,6,4,1,3,1,1,9,3,2,,4,,,1,2,3,11,1,3,11,1,6,6,4,5,5,6,2,7,8,10,10,1,1,1,10,8,9,10,5,1,1,4,1,2,2,4,5,2,11,8,5,4,,,1,2,,,1,12,3,2,1,1,1,6,2,7,4,3,3,5,5,5,4,8,1,1,1,6,9,4,,1,,,b'\x11\xe8\xe1I\xd5~\xcc\xf6\x98|\x12\xdf\x17\xaeN\x1e'
11E8E149-D57E-CCF6-987C-12DF17AE4E1E,2020-ncaa-d2-natl,ncaa,18,14,54,14,98,92,102,161,58,98,216,17,146,78,255,76,33,57,49,56,25,136,138,66,49,63,139,202,50,74,23,119,111,93,32,88,89,150,141,98,56,43,29,19,,,113,124,,,34,172,287,305,115,145,240,132,270,169,102,47,76,78,211,237,95,171,126,109,100,73,36,,62,,,34,58,61,122,45,67,133,37,114,128,112,150,107,107,168,111,128,117,122,48,53,55,193,184,173,132,111,32,23,51,32,26,25,138,118,49,182,159,105,131,,,37,25,,,34,122,43,60,35,20,25,35,33,72,86,79,74,66,73,28,23,92,11,14,16,172,142,77,,57,,,b'\x11\xe8\xe1I\xd5~\xcc\xf6\x98|\x12\xdf\x17\xaeN\x1e'
11E8E149-D57E-CCF6-987C-12DF17AE4E1E,2021-ncaa-d2-conf-Mid-America Intercollegiate,ncaa,2,1,2,2,2,3,3,4,3,3,3,3,4,4,3,6,1,1,2,1,1,4,3,2,1,4,5,5,3,1,1,3,4,3,1,5,12,13,8,9,3,3,3,4,,,10,7,,,3,3,10,7,5,5,10,7,10,5,6,1,2,2,8,7,4,7,6,10,8,3,4,,7,,,3,11,9,11,9,9,10,8,8,9,9,7,9,8,4,8,5,11,11,7,6,5,7,7,5,7,4,3,1,2,1,9,5,3,2,3,12,10,11,11,,,2,1,,,3,11,4,4,3,5,5,4,8,6,6,5,6,5,5,4,4,5,1,1,5,5,9,11,,1,,,b'\x11\xe8\xe1I\xd5~\xcc\xf6\x98|\x12\xdf\x17\xaeN\x1e'
11E8E149-D57E-CCF6-987C-12DF17AE4E1E,2021-ncaa-d2-natl,ncaa,4,49,1,24,2,4,11,10,34,9,9,38,16,17,62,113,1,1,43,1,27,6,3,33,25,32,96,124,45,4,36,9,52,4,16,28,168,223,88,112,13,66,11,55,,,217,85,,,16,6,206,121,78,100,187,99,166,103,127,28,51,54,166,181,94,137,110,150,60,99,63,,38,,,35,214,211,221,105,214,224,94,199,210,94,92,204,209,137,208,61,222,222,98,90,83,76,92,85,200,52,196,36,202,16,201,57,11,92,75,224,109,224,203,,,1,19,,,16,220,23,73,31,32,54,29,72,72,59,53,46,42,40,19,14,43,9,9,41,143,81,186,,58,,,b'\x11\xe8\xe1I\xd5~\xcc\xf6\x98|\x12\xdf\x17\xaeN\x1e'
11E8E149-D57E-CCF6-987C-12DF17AE4E1E,2022-ncaa-d2-conf-Mid-America Intercollegiate,ncaa,5,4,7,5,8,8,9,12,4,8,11,2,9,10,9,8,3,4,3,4,1,9,8,4,3,3,5,11,1,5,2,6,5,7,1,12,11,10,12,12,8,8,7,5,,,1,2,,,5,10,10,5,7,7,11,6,10,10,9,1,1,1,10,7,3,4,4,12,11,8,7,,1,,,4,3,4,7,5,2,6,2,9,8,11,11,1,1,9,1,1,6,6,7,6,4,10,13,1,4,5,1,2,1,1,7,9,8,8,8,10,11,8,12,,,3,1,,,5,5,4,6,5,6,6,9,6,8,10,11,1,1,1,5,5,6,1,2,8,8,11,9,,1,,,b'\x11\xe8\xe1I\xd5~\xcc\xf6\x98|\x12\xdf\x17\xaeN\x1e'
11E8E149-D57E-CCF6-987C-12DF17AE4E1E,2022-ncaa-d2-natl,ncaa,78,65,146,74,161,113,146,240,23,145,238,17,155,191,84,138,41,79,10,77,9,222,224,30,10,23,94,188,15,206,105,131,52,162,25,209,255,102,161,182,239,232,114,99,,,39,69,,,67,222,281,83,76,141,287,132,264,140,190,10,61,55,260,265,214,104,172,231,108,258,119,,30,,,63,89,123,121,125,92,118,97,201,149,245,202,31,33,214,24,32,91,73,154,138,193,184,252,41,55,52,26,105,24,25,129,160,260,246,245,163,219,160,230,,,82,6,,,67,78,27,174,64,83,117,116,75,104,212,166,27,26,23,63,22,62,3,5,130,271,168,168,,50,,,b'\x11\xe8\xe1I\xd5~\xcc\xf6\x98|\x12\xdf\x17\xaeN\x1e'
11E8E149-D57E-CCF6-987C-12DF17AE4E1E,2023-ncaa-d2-conf-Mid-America Intercollegiate,ncaa,1,1,2,1,2,2,2,4,1,1,1,3,10,10,5,14,2,3,4,2,6,3,3,4,2,3,14,14,6,1,1,4,6,2,1,2,8,6,5,4,4,5,4,4,,,3,2,,,2,4,10,8,2,2,4,1,1,11,13,2,4,4,5,5,1,6,2,3,6,5,6,,3,,,2,7,6,10,4,3,6,4,11,11,11,12,6,5,11,5,3,10,11,4,6,5,12,13,4,5,6,1,1,1,1,4,5,4,4,4,10,9,12,7,,,1,2,,,2,11,1,5,2,6,4,6,1,1,10,9,5,3,3,4,4,5,1,1,4,6,9,12,,2,,,b'\x11\xe8\xe1I\xd5~\xcc\xf6\x98|\x12\xdf\x17\xaeN\x1e'
11E8E149-D57E-CCF6-987C-12DF17AE4E1E,2023-ncaa-d2-natl,ncaa,28,15,68,18,93,37,31,74,9,14,36,16,173,214,85,262,61,84,56,82,195,68,97,25,23,15,268,260,163,48,14,70,52,53,5,52,168,45,22,27,109,105,35,30,,,41,30,,,22,123,232,165,16,11,86,8,40,209,250,71,103,101,84,162,60,73,49,46,26,139,41,,19,,,16,143,152,187,95,96,147,85,239,220,218,229,86,71,215,65,62,161,153,124,118,140,227,251,72,113,52,47,14,52,5,67,49,165,176,108,139,100,276,245,,,43,42,,,22,168,3,119,14,87,98,130,52,81,221,188,59,47,42,77,54,75,8,12,51,206,100,276,,55,,,b'\x11\xe8\xe1I\xd5~\xcc\xf6\x98|\x12\xdf\x17\xaeN\x1e'
11E8E149-D57E-CCF6-987C-12DF17AE4E1E,2024-ncaa-d2-conf-Mid-America Intercollegiate,ncaa,6,5,7,6,7,4,4,6,2,1,3,2,10,10,9,12,4,7,3,8,10,6,7,4,3,2,14,14,9,2,1,8,4,7,2,4,5,1,2,3,5,5,6,4,,,7,10,,,5,8,9,3,2,1,3,1,2,10,11,3,4,5,1,4,1,8,5,4,4,6,5,,8,,,4,6,7,4,12,6,7,11,5,5,10,7,8,9,4,10,10,4,3,10,11,9,5,6,8,2,4,1,1,1,2,7,7,8,7,8,8,9,12,12,,,7,6,,,5,7,1,7,4,8,7,3,9,5,7,5,9,9,10,3,4,3,1,1,7,7,10,12,,3,,,b'\x11\xe8\xe1I\xd5~\xcc\xf6\x98|\x12\xdf\x17\xaeN\x1e'
11E8E149-D57E-CCF6-987C-12DF17AE4E1E,2024-ncaa-d2-natl,ncaa,55,45,117,52,122,57,45,101,14,26,69,13,179,181,165,222,48,81,31,86,148,98,134,25,21,10,255,254,119,114,71,134,10,121,16,46,102,23,15,13,150,136,80,53,,,166,214,,,34,145,186,28,17,14,73,7,53,194,205,36,78,84,68,131,109,139,127,30,24,158,80,,152,,,30,152,143,94,204,148,106,217,152,135,175,157,173,181,106,187,215,107,100,209,210,200,160,152,169,15,10,66,71,35,16,135,143,166,148,163,116,113,272,258,,,60,37,,,34,155,6,144,30,139,136,57,131,69,143,128,158,166,172,75,68,11,39,12,127,181,111,281,,42,,,b'\x11\xe8\xe1I\xd5~\xcc\xf6\x98|\x12\xdf\x17\xaeN\x1e'
11E8E149-D57E-CCF6-987C-12DF17AE4E1E,2025-ncaa-d2-conf-Mid-America Intercollegiate,genius_ncaa,8,9,3,8,5,6,6,6,6,4,4,7,11,10,11,10,6,7,1,7,11,6,7,7,6,6,11,11,3,6,10,5,10,6,9,5,6,5,5,5,11,11,3,4,,,2,2,,7,8,7,13,9,7,6,9,5,4,13,11,6,8,8,10,12,9,8,10,6,4,12,4,,1,,8,8,11,12,11,10,12,11,3,12,8,14,4,3,2,14,2,2,10,9,9,7,11,6,11,2,10,10,10,10,10,9,11,9,11,11,12,11,10,9,7,,,7,7,,3,8,8,8,12,9,8,12,11,10,11,10,4,3,2,2,8,3,8,5,7,10,12,8,9,,9,,3,b'\x11\xe8\xe1I\xd5~\xcc\xf6\x98|\x12\xdf\x17\xaeN\x1e'
11E8E149-D57E-CCF6-987C-12DF17AE4E1E,2025-ncaa-d2-natl,genius_ncaa,121,141,72,134,86,83,61,87,57,43,52,80,171,199,118,243,103,141,58,146,237,95,138,91,76,38,257,241,170,164,201,81,86,108,135,109,214,24,7,36,255,275,51,58,,,31,13,,55,108,134,250,125,85,60,119,41,64,199,238,126,169,177,130,244,198,97,154,142,8,277,59,,11,,46,113,213,240,224,181,198,210,138,256,222,265,204,55,34,287,33,15,204,149,194,172,238,145,247,26,138,86,195,201,179,135,212,143,260,277,273,80,60,184,107,,,148,138,,135,108,149,44,234,121,150,191,199,160,169,234,189,34,19,19,127,42,102,149,126,178,283,46,164,,189,,151,b'\x11\xe8\xe1I\xd5~\xcc\xf6\x98|\x12\xdf\x17\xaeN\x1e'
11E8E149-D57E-CCF6-987C-12DF17AE4E1E,2026-ncaa-d2-conf-Mid-America Intercollegiate,genius_ncaa,6,6,3,6,3,10,10,13,8,10,11,8,4,7,5,6,5,4,10,5,3,11,4,5,4,10,3,5,4,4,3,8,3,5,3,4,2,13,14,10,3,2,4,3,,,5,6,,2,8,4,7,1,8,9,13,10,11,4,6,4,3,4,10,2,4,6,3,3,14,2,3,,6,,2,8,8,10,8,12,10,9,10,9,6,10,8,4,5,2,4,5,7,9,12,11,7,6,9,3,1,3,1,3,1,3,3,3,7,5,4,14,14,6,8,,,9,10,,11,8,11,9,6,8,8,11,9,11,9,10,8,4,6,5,8,10,1,1,1,4,5,14,6,,8,,11,b'\x11\xe8\xe1I\xd5~\xcc\xf6\x98|\x12\xdf\x17\xaeN\x1e'
11E8E149-D57E-CCF6-987C-12DF17AE4E1E,2026-ncaa-d2-natl,genius_ncaa,107,98,141,113,141,126,137,161,100,172,177,151,72,118,44,105,163,157,192,158,125,160,167,81,94,94,71,66,200,81,43,108,12,98,12,75,36,125,138,73,196,177,46,41,,,150,250,,17,56,183,226,6,83,91,110,154,161,41,89,141,126,130,107,110,54,37,23,41,150,200,39,,194,,17,56,90,86,89,85,99,112,85,67,81,105,87,157,164,114,151,194,97,86,72,88,112,143,87,228,26,12,99,43,67,12,69,92,206,178,123,220,245,137,154,,,161,131,,213,56,112,69,77,55,74,66,73,94,141,66,66,183,198,185,89,58,12,81,27,65,213,246,153,,122,,217,b'\x11\xe8\xe1I\xd5~\xcc\xf6\x98|\x12\xdf\x17\xaeN\x1e'
11E8E149-D582-E796-987C-12DF17AE4E1E,2018-ncaa-d2-conf-Mid-America Intercollegiate,ncaa,4,3,8,4,11,10,7,5,12,9,5,12,6,4,12,3,10,11,6,10,12,6,6,12,13,10,6,3,9,4,8,3,5,4,7,7,4,4,4,3,5,5,3,1,,,9,9,,,4,6,2,13,9,6,1,9,3,3,3,9,10,9,2,3,4,1,2,5,5,4,1,,9,,,4,2,1,4,1,2,7,1,3,4,1,7,8,8,7,7,8,6,8,1,1,2,11,8,10,8,5,12,8,12,7,1,8,10,8,3,6,6,1,1,,,12,13,,,4,8,10,1,4,3,3,9,3,10,5,7,8,8,7,10,12,8,13,13,2,5,7,2,,11,,,b'\x11\xe8\xe1I\xd5\x82\xe7\x96\x98|\x12\xdf\x17\xaeN\x1e'
11E8E149-D582-E796-987C-12DF17AE4E1E,2018-ncaa-d2-natl,ncaa,47,43,64,47,96,95,91,52,187,112,97,168,71,42,159,87,140,206,19,198,250,68,100,174,162,115,116,93,209,103,171,37,69,49,109,96,168,46,20,46,110,138,9,7,,,179,153,,,53,103,163,226,102,100,46,140,134,85,57,184,246,241,78,155,124,29,60,120,27,149,9,,130,,,56,90,90,226,10,79,199,25,171,233,43,211,134,127,177,120,100,216,190,19,19,48,209,203,175,172,69,260,171,244,109,28,35,158,197,67,80,55,73,54,,,231,292,,,53,195,105,40,59,38,40,169,44,130,136,198,94,88,85,143,113,137,232,195,19,206,57,58,,276,,,b'\x11\xe8\xe1I\xd5\x82\xe7\x96\x98|\x12\xdf\x17\xaeN\x1e'
11E8E149-D582-E796-987C-12DF17AE4E1E,2019-ncaa-d2-conf-Mid-America Intercollegiate,ncaa,7,7,4,7,5,7,7,5,8,11,11,7,2,2,7,3,12,10,7,11,11,7,4,7,7,9,3,2,13,6,9,6,8,6,7,5,2,10,10,6,5,5,7,6,,,5,3,,,8,5,7,6,8,9,6,12,12,2,3,13,13,13,7,5,6,9,8,4,9,5,7,,5,,,8,14,9,10,6,2,4,5,14,14,11,13,7,7,6,8,11,10,10,10,9,8,14,14,7,10,8,13,9,13,7,12,12,6,7,11,10,8,4,6,,,8,11,,,8,10,8,8,8,10,6,6,2,3,13,13,7,7,7,7,8,9,7,9,12,9,9,4,,12,,,b'\x11\xe8\xe1I\xd5\x82\xe7\x96\x98|\x12\xdf\x17\xaeN\x1e'
11E8E149-D582-E796-987C-12DF17AE4E1E,2019-ncaa-d2-natl,ncaa,73,109,30,97,37,69,78,69,136,144,182,109,29,27,81,33,137,144,145,139,123,70,75,87,97,89,41,29,243,118,173,82,99,90,142,58,78,178,113,80,61,72,82,67,,,173,105,,,112,68,243,176,138,147,178,241,271,42,38,216,221,221,200,235,173,180,178,94,85,108,108,,74,,,114,248,227,240,145,128,123,152,304,303,220,293,167,127,259,138,162,224,227,197,194,195,290,294,100,161,99,258,173,233,142,201,143,114,153,151,177,119,206,220,,,123,209,,,112,241,88,173,112,110,106,98,46,24,275,267,74,52,58,73,59,84,143,105,115,189,95,153,,236,,,b'\x11\xe8\xe1I\xd5\x82\xe7\x96\x98|\x12\xdf\x17\xaeN\x1e'
11E8E149-D582-E796-987C-12DF17AE4E1E,2020-ncaa-d2-conf-Mid-America Intercollegiate,ncaa,7,7,8,7,8,5,3,3,6,3,3,5,6,4,10,7,8,9,5,9,12,4,3,9,9,7,11,7,12,4,3,10,3,9,5,5,7,7,5,7,2,2,8,5,,,14,14,,,5,6,2,3,4,1,1,2,3,4,3,6,8,7,1,1,3,9,5,3,8,2,9,,14,,,5,5,2,1,6,1,1,8,13,13,11,13,14,14,5,14,14,2,8,10,12,5,14,14,14,2,3,5,3,3,5,5,10,2,1,3,4,4,3,2,,,12,13,,,5,9,6,4,6,8,3,1,1,1,14,13,13,14,14,4,11,4,7,5,5,1,4,5,,12,,,b'\x11\xe8\xe1I\xd5\x82\xe7\x96\x98|\x12\xdf\x17\xaeN\x1e'
11E8E149-D582-E796-987C-12DF17AE4E1E,2020-ncaa-d2-natl,ncaa,82,88,102,87,105,54,47,58,72,53,92,53,83,72,119,112,129,166,66,167,224,61,85,64,67,59,171,137,232,84,88,153,65,122,87,48,126,104,57,48,34,29,136,62,,,277,291,,,53,91,121,20,38,33,38,37,97,78,71,132,178,178,55,79,92,176,123,44,84,31,145,,282,,,49,166,69,71,115,21,8,187,285,300,153,306,281,280,187,280,310,113,180,177,222,122,309,297,292,58,65,139,88,107,87,103,185,37,24,44,67,39,151,106,,,221,287,,,53,215,53,91,60,128,47,26,12,3,276,294,275,271,270,55,160,43,116,77,90,39,50,144,,260,,,b'\x11\xe8\xe1I\xd5\x82\xe7\x96\x98|\x12\xdf\x17\xaeN\x1e'
11E8E149-D582-E796-987C-12DF17AE4E1E,2021-ncaa-d2-conf-Mid-America Intercollegiate,ncaa,6,6,7,6,8,6,6,8,5,5,6,6,6,9,5,11,4,4,5,4,3,7,5,6,6,6,6,10,4,5,2,6,8,7,3,3,2,12,12,7,6,6,10,9,,,14,14,,,6,6,2,7,4,4,6,2,4,6,8,2,3,3,3,2,2,4,1,2,14,4,10,,14,,,6,9,7,9,4,6,6,3,7,10,7,9,13,14,8,14,12,10,10,4,5,7,10,8,13,11,8,1,2,1,3,8,10,7,7,6,14,14,8,7,,,7,11,,,6,9,6,5,6,10,9,11,9,10,10,10,13,13,14,13,13,11,3,5,8,4,14,9,,5,,,b'\x11\xe8\xe1I\xd5\x82\xe7\x96\x98|\x12\xdf\x17\xaeN\x1e'
11E8E149-D582-E796-987C-12DF17AE4E1E,2021-ncaa-d2-natl,ncaa,44,135,30,78,45,37,40,47,56,35,36,62,65,77,80,153,12,18,62,16,49,39,30,63,47,67,129,154,46,28,40,36,117,27,44,26,24,209,159,73,47,100,57,99,,,220,197,,,71,37,96,121,66,87,134,72,96,124,148,25,36,34,109,94,71,83,71,36,155,96,102,,200,,,79,188,170,187,74,165,179,73,178,186,109,112,219,220,159,219,196,194,192,78,102,120,176,110,204,193,117,143,40,158,44,177,121,53,140,108,213,161,203,144,,,40,127,,,71,187,64,120,77,129,80,120,76,102,124,125,200,195,197,145,128,133,26,47,88,131,163,162,,111,,,b'\x11\xe8\xe1I\xd5\x82\xe7\x96\x98|\x12\xdf\x17\xaeN\x1e'
11E8E149-D582-E796-987C-12DF17AE4E1E,2022-ncaa-d2-conf-Mid-America Intercollegiate,ncaa,6,6,5,6,6,3,2,3,3,2,2,3,8,6,8,12,4,6,2,6,11,4,2,3,4,5,12,12,6,1,1,8,9,4,4,1,3,13,10,5,1,1,12,12,,,14,14,,,6,2,1,9,1,1,2,1,2,7,7,4,5,5,2,1,1,9,3,1,12,1,12,,14,,,6,13,8,9,8,6,3,9,12,13,8,13,14,14,12,14,14,12,13,9,9,8,13,12,14,11,9,5,1,7,4,9,8,1,1,4,10,9,11,5,,,5,12,,,6,13,3,8,6,11,8,7,7,3,11,13,14,14,14,11,14,9,2,3,9,1,10,8,,4,,,b'\x11\xe8\xe1I\xd5\x82\xe7\x96\x98|\x12\xdf\x17\xaeN\x1e'
11E8E149-D582-E796-987C-12DF17AE4E1E,2022-ncaa-d2-natl,ncaa,78,139,30,113,40,27,18,26,39,12,22,30,125,102,204,205,30,70,12,70,203,33,23,58,50,66,259,252,151,26,30,80,121,47,46,8,19,264,146,43,16,30,182,198,,,300,300,,,77,26,72,199,28,21,69,13,61,196,172,63,135,134,63,67,60,190,107,5,179,32,217,,296,,,83,284,244,232,189,212,164,232,265,283,116,227,301,299,238,299,299,262,275,206,244,201,272,172,284,194,121,161,30,171,46,207,116,36,81,76,252,137,221,112,,,57,216,,,77,277,41,177,79,212,134,79,96,41,195,229,291,278,278,144,194,94,34,47,115,76,171,156,,155,,,b'\x11\xe8\xe1I\xd5\x82\xe7\x96\x98|\x12\xdf\x17\xaeN\x1e'
11E8E149-D582-E796-987C-12DF17AE4E1E,2023-ncaa-d2-conf-Mid-America Intercollegiate,ncaa,9,10,5,9,7,7,7,3,11,7,4,8,5,3,12,5,5,6,2,6,7,4,4,11,10,9,4,6,7,5,9,9,13,8,13,7,7,9,8,7,2,2,2,3,,,14,14,,,10,2,1,14,7,8,2,7,4,7,3,5,6,6,2,1,3,9,9,7,8,2,2,,14,,,10,14,13,13,9,10,10,8,13,14,12,10,14,14,5,14,14,13,14,10,13,10,13,12,12,14,13,14,9,14,13,13,12,1,6,7,7,7,13,13,,,11,14,,,10,13,9,10,10,13,10,12,9,9,13,12,14,14,14,14,14,14,14,14,11,2,8,13,,13,,,b'\x11\xe8\xe1I\xd5\x82\xe7\x96\x98|\x12\xdf\x17\xaeN\x1e'
11E8E149-D582-E796-987C-12DF17AE4E1E,2023-ncaa-d2-natl,ncaa,169,206,110,192,146,94,93,64,176,104,91,146,92,69,178,93,116,154,52,157,206,72,83,165,157,130,128,118,165,109,197,154,269,136,260,108,141,107,70,98,42,60,15,11,,,276,258,,,226,82,39,282,81,80,28,111,91,90,63,135,170,173,37,71,115,202,166,97,106,40,12,,279,,,217,275,243,219,203,202,170,186,271,248,255,206,278,271,233,272,250,236,235,231,245,232,267,225,217,276,269,261,197,277,260,275,243,96,145,203,134,89,295,290,,,235,292,,,226,217,128,262,214,275,246,244,193,161,265,245,277,264,264,265,262,270,275,276,266,97,121,296,,274,,,b'\x11\xe8\xe1I\xd5\x82\xe7\x96\x98|\x12\xdf\x17\xaeN\x1e'
11E8E149-D582-E796-987C-12DF17AE4E1E,2024-ncaa-d2-conf-Mid-America Intercollegiate,ncaa,11,10,11,11,14,11,9,10,10,9,8,10,7,7,10,5,11,12,7,12,12,10,9,10,11,11,5,5,10,8,8,13,13,12,12,8,9,7,10,9,2,1,8,8,,,14,13,,,11,9,1,14,7,7,1,8,5,6,5,11,12,12,2,1,4,13,11,7,11,1,8,,14,,,11,7,3,2,11,4,1,10,9,6,12,10,13,13,11,13,14,3,6,11,12,8,14,10,13,9,13,9,8,10,12,9,11,2,1,4,8,11,5,5,,,14,14,,,11,5,11,10,10,12,8,5,7,3,9,9,13,13,13,10,13,12,13,13,9,1,11,6,,14,,,b'\x11\xe8\xe1I\xd5\x82\xe7\x96\x98|\x12\xdf\x17\xaeN\x1e'
11E8E149-D582-E796-987C-12DF17AE4E1E,2024-ncaa-d2-natl,ncaa,216,247,117,228,138,138,133,84,210,159,120,203,101,78,170,90,167,191,118,193,224,105,106,192,185,167,105,91,198,132,191,191,232,170,239,149,171,143,113,137,29,35,107,80,,,283,290,,,220,102,92,85,138,138,53,169,125,92,71,185,199,204,76,93,126,223,201,158,136,31,113,,291,,,213,243,177,125,223,152,91,238,219,200,199,200,290,286,251,284,293,167,206,234,267,219,263,167,284,210,232,238,191,236,239,221,214,57,65,108,196,171,195,180,,,213,265,,,220,199,166,227,211,245,173,97,136,57,213,193,292,286,284,167,208,201,251,246,212,53,184,195,,247,,,b'\x11\xe8\xe1I\xd5\x82\xe7\x96\x98|\x12\xdf\x17\xaeN\x1e'
11E8E149-D582-E796-987C-12DF17AE4E1E,2025-ncaa-d2-conf-Mid-America Intercollegiate,genius_ncaa,10,9,9,10,13,10,9,9,10,10,10,8,5,5,8,4,10,11,12,10,8,9,11,9,10,10,6,5,11,9,7,10,14,9,11,11,14,3,6,10,10,9,12,13,,,3,5,,5,10,12,10,13,10,9,7,9,10,5,5,11,10,10,8,10,8,9,8,11,5,9,11,,5,,5,10,4,5,5,4,5,7,5,5,4,7,5,6,6,6,5,5,5,3,4,3,6,5,4,5,11,14,7,7,9,11,5,6,12,8,9,4,6,11,10,,,13,13,,11,10,3,10,9,10,7,9,10,11,10,6,6,6,6,6,10,5,13,8,12,6,8,6,11,,13,,10,b'\x11\xe8\xe1I\xd5\x82\xe7\x96\x98|\x12\xdf\x17\xaeN\x1e'
11E8E149-D582-E796-987C-12DF17AE4E1E,2025-ncaa-d2-natl,genius_ncaa,216,258,109,233,149,144,135,122,165,147,141,168,112,107,142,121,200,184,231,178,188,131,159,157,180,134,145,105,222,180,225,136,183,156,229,210,277,47,36,150,241,263,210,243,,,106,90,,164,225,155,207,207,172,146,121,162,150,112,111,225,202,192,136,214,201,150,194,242,31,260,231,,82,,156,213,242,267,214,244,268,231,223,193,155,239,124,115,104,188,105,53,206,151,237,227,267,64,138,60,200,183,235,225,232,229,196,88,258,275,270,36,35,287,289,,,213,226,,147,225,142,147,273,224,225,256,229,252,238,193,153,98,91,89,205,106,195,227,225,189,273,26,289,,259,,158,b'\x11\xe8\xe1I\xd5\x82\xe7\x96\x98|\x12\xdf\x17\xaeN\x1e'
11E8E149-D582-E796-987C-12DF17AE4E1E,2026-ncaa-d2-conf-Mid-America Intercollegiate,genius_ncaa,11,14,1,11,1,2,2,1,11,1,1,12,12,8,13,12,2,2,12,2,11,1,1,13,12,12,13,13,5,1,6,2,12,1,8,6,12,10,1,6,1,2,1,1,,,13,3,,1,11,2,9,5,12,9,4,4,3,13,12,7,5,5,3,6,3,13,11,13,1,4,2,,2,,1,11,13,13,13,11,13,13,7,13,12,11,6,13,13,13,13,4,13,13,11,12,11,8,6,8,12,12,14,6,13,8,13,8,1,6,9,10,2,14,10,,,1,4,,2,11,13,11,10,11,10,9,7,10,10,9,5,8,4,4,4,8,10,10,10,8,6,2,13,,4,,5,b'\x11\xe8\xe1I\xd5\x82\xe7\x96\x98|\x12\xdf\x17\xaeN\x1e'
11E8E149-D582-E796-987C-12DF17AE4E1E,2026-ncaa-d2-natl,genius_ncaa,246,272,59,268,84,148,126,77,246,99,41,250,212,179,237,242,168,137,253,139,250,84,102,259,266,235,256,234,191,48,101,79,148,59,126,222,278,109,52,197,141,191,16,25,,,203,163,,183,216,127,207,88,230,196,77,130,42,245,230,227,176,179,91,156,64,102,59,268,54,198,16,,156,,174,215,200,194,215,110,188,225,69,208,182,214,126,176,150,224,151,83,206,188,118,119,167,171,178,141,202,148,223,101,221,126,181,148,192,249,221,120,75,289,277,,,69,81,,111,216,183,205,176,209,143,141,200,137,212,183,147,132,110,108,178,117,171,202,194,152,250,78,289,,96,,146,b'\x11\xe8\xe1I\xd5\x82\xe7\x96\x98|\x12\xdf\x17\xaeN\x1e'
11E8E149-D587-4728-987C-12DF17AE4E1E,2018-ncaa-d2-conf-SIAC,ncaa,2,3,2,3,2,1,1,1,4,1,1,6,1,2,2,7,3,3,3,3,9,1,1,3,4,2,6,3,10,1,2,10,13,3,8,1,2,7,1,2,1,1,5,7,,,10,4,,,2,2,3,2,2,2,1,2,1,2,3,6,5,5,1,1,1,12,7,2,5,1,6,,8,,,2,10,12,10,11,13,12,10,1,1,6,1,7,8,4,8,5,10,13,10,10,4,1,1,7,12,13,9,2,10,8,12,6,1,1,3,7,1,8,3,,,3,10,,,2,12,2,5,2,8,9,7,12,11,1,1,7,8,8,7,11,11,4,10,8,1,5,4,,6,,,b'\x11\xe8\xe1I\xd5\x87G(\x98|\x12\xdf\x17\xaeN\x1e'
11E8E149-D587-4728-987C-12DF17AE4E1E,2018-ncaa-d2-natl,ncaa,47,30,105,34,109,61,69,24,210,66,21,243,97,105,109,214,37,22,225,21,119,19,19,205,208,167,133,170,91,6,7,193,289,62,139,61,106,218,63,99,8,7,111,165,,,250,130,,,37,32,11,40,28,43,7,54,6,105,112,28,12,11,3,4,5,247,42,47,199,5,111,,250,,,35,147,183,198,137,267,276,115,8,18,35,5,191,270,3,272,177,223,282,80,48,4,9,8,197,281,289,213,7,256,139,129,85,7,6,6,171,62,140,37,,,41,175,,,37,279,117,10,43,121,155,178,255,289,6,9,175,263,265,214,299,281,200,261,107,4,153,117,,25,,,b'\x11\xe8\xe1I\xd5\x87G(\x98|\x12\xdf\x17\xaeN\x1e'
11E8E149-D587-4728-987C-12DF17AE4E1E,2019-ncaa-d2-conf-SIAC,ncaa,6,7,2,7,3,1,1,1,8,2,3,8,5,2,10,7,2,2,5,2,9,1,1,8,7,3,8,7,7,5,8,8,11,6,10,2,6,7,2,2,1,3,2,5,,,7,2,,,7,1,4,3,2,4,1,4,2,6,5,4,3,4,1,3,8,10,9,4,4,1,2,,3,,,7,12,12,11,10,11,11,10,4,4,8,3,6,7,4,7,4,11,12,10,10,6,2,3,4,12,11,12,8,12,10,12,10,1,3,5,5,2,9,4,,,2,3,,,7,12,5,8,7,9,9,8,10,10,4,4,4,4,4,7,10,9,10,10,10,1,2,6,,2,,,b'\x11\xe8\xe1I\xd5\x87G(\x98|\x12\xdf\x17\xaeN\x1e'
11E8E149-D587-4728-987C-12DF17AE4E1E,2019-ncaa-d2-natl,ncaa,183,213,118,200,120,121,118,51,245,68,24,243,249,210,275,279,67,30,269,32,148,45,43,268,269,244,261,282,63,59,145,186,301,126,272,147,205,242,145,197,26,45,74,115,,,199,68,,,172,38,10,23,100,111,16,52,4,269,226,52,17,17,10,6,46,223,109,164,235,19,70,,202,,,173,227,269,227,219,291,281,177,64,44,198,17,179,252,2,251,145,237,285,179,138,50,20,25,114,298,301,297,145,298,272,216,110,11,16,27,147,62,206,86,,,46,122,,,172,274,242,84,176,229,259,256,292,298,59,29,166,249,244,265,305,297,293,299,207,6,145,210,,17,,,b'\x11\xe8\xe1I\xd5\x87G(\x98|\x12\xdf\x17\xaeN\x1e'
11E8E149-D587-4728-987C-12DF17AE4E1E,2020-ncaa-d2-conf-SIAC,ncaa,4,4,4,5,5,4,3,5,6,3,5,7,2,4,5,6,7,7,7,7,7,5,5,6,6,4,6,4,10,6,6,9,8,6,8,3,6,5,4,3,5,6,7,7,,,7,5,,,3,4,5,10,4,4,4,6,6,3,4,8,10,10,6,7,6,10,8,4,3,6,7,,6,,,3,9,7,8,9,9,10,9,4,5,5,4,8,8,4,9,5,9,11,8,6,7,4,3,7,8,8,8,6,10,8,9,9,3,5,8,5,5,5,3,,,8,11,,,3,10,5,5,3,6,7,7,9,10,3,3,8,8,8,8,9,9,8,7,7,4,5,5,,8,,,b'\x11\xe8\xe1I\xd5\x87G(\x98|\x12\xdf\x17\xaeN\x1e'
11E8E149-D587-4728-987C-12DF17AE4E1E,2020-ncaa-d2-natl,ncaa,144,182,17,163,38,111,112,37,245,73,18,252,214,187,257,263,47,19,275,18,105,30,14,264,261,245,230,256,61,22,63,161,297,64,240,161,225,279,170,230,31,72,65,125,,,296,221,,,160,21,42,186,186,187,72,122,34,255,241,87,40,37,58,43,38,260,130,220,225,48,89,,276,,,160,236,222,256,94,265,289,105,51,91,32,24,284,303,12,303,253,284,305,65,68,43,65,17,272,308,297,292,63,304,240,212,182,10,34,50,235,121,275,194,,,29,155,,,160,298,226,62,148,127,118,154,197,247,24,40,255,289,291,222,288,297,218,269,146,18,165,247,,72,,,b'\x11\xe8\xe1I\xd5\x87G(\x98|\x12\xdf\x17\xaeN\x1e'
11E8E149-D587-4728-987C-12DF17AE4E1E,2022-ncaa-d2-conf-SIAC,ncaa,12,14,10,14,10,7,8,8,9,8,8,7,6,4,11,4,5,4,14,4,3,7,6,8,7,7,8,7,8,7,6,10,12,9,11,9,13,11,8,12,4,5,3,2,,,8,10,,,12,5,1,6,4,4,2,6,6,5,2,6,1,1,1,1,4,11,8,9,13,3,2,,14,,,11,13,13,10,14,14,11,14,3,5,6,2,9,9,11,9,6,10,9,14,14,14,1,2,6,9,12,8,6,8,11,13,12,6,7,13,13,14,7,11,,,7,9,,,12,9,8,13,11,14,14,14,14,14,5,4,12,13,13,14,14,10,11,12,14,2,14,11,,3,,,b'\x11\xe8\xe1I\xd5\x87G(\x98|\x12\xdf\x17\xaeN\x1e'
11E8E149-D587-4728-987C-12DF17AE4E1E,2022-ncaa-d2-natl,ncaa,275,254,267,277,269,224,223,194,251,171,150,206,271,221,291,225,131,50,298,49,31,166,105,271,275,279,246,273,44,52,32,268,297,209,246,272,292,291,284,296,38,35,42,42,,,218,192,,,263,128,1,58,95,106,9,52,18,262,122,39,1,1,5,1,13,229,53,260,299,9,14,,300,,,268,176,187,124,250,249,223,226,32,34,114,17,221,262,16,259,209,145,198,209,198,130,16,15,211,284,297,82,32,187,246,249,249,45,32,120,299,291,128,136,,,164,239,,,263,159,275,179,263,294,294,297,299,301,75,75,292,297,297,299,301,298,250,294,298,6,299,224,,14,,,b'\x11\xe8\xe1I\xd5\x87G(\x98|\x12\xdf\x17\xaeN\x1e'
11E8E149-D587-4728-987C-12DF17AE4E1E,2023-ncaa-d2-conf-SIAC,ncaa,8,8,8,8,10,3,4,3,8,4,4,7,3,3,10,6,4,3,6,3,8,3,3,8,8,4,6,6,6,3,4,8,12,4,9,6,10,6,3,5,3,4,2,2,,,7,4,,,9,4,1,6,2,2,1,3,2,2,2,2,2,2,1,1,2,5,1,3,10,3,1,,9,,,9,14,14,14,13,14,14,13,8,5,11,4,10,7,10,7,5,14,11,13,13,12,1,4,3,11,12,11,4,11,9,14,12,5,9,13,9,7,14,13,,,6,12,,,9,11,5,12,10,14,14,13,14,14,10,9,10,9,9,13,14,13,14,14,14,2,10,14,,3,,,b'\x11\xe8\xe1I\xd5\x87G(\x98|\x12\xdf\x17\xaeN\x1e'
11E8E149-D587-4728-987C-12DF17AE4E1E,2023-ncaa-d2-natl,ncaa,183,162,239,189,246,141,140,71,259,97,40,254,228,184,270,252,65,36,229,36,121,60,38,270,264,257,227,254,42,16,29,173,282,77,187,202,250,276,205,262,33,48,17,39,,,188,88,,,220,64,2,128,36,50,4,24,4,214,139,12,6,6,3,2,4,75,5,163,288,13,8,,263,,,221,226,238,221,187,275,275,159,59,58,120,19,244,253,99,253,143,232,256,140,151,112,24,20,202,286,282,217,29,265,187,267,236,42,74,135,276,223,274,232,,,109,240,,,220,232,231,156,205,291,287,294,294,297,89,86,282,281,284,296,297,296,290,297,288,15,286,292,,22,,,b'\x11\xe8\xe1I\xd5\x87G(\x98|\x12\xdf\x17\xaeN\x1e'
11E8E149-D587-4728-987C-12DF17AE4E1E,2024-ncaa-d2-conf-SIAC,ncaa,8,8,5,8,6,5,5,3,9,6,3,11,6,6,8,7,7,7,6,7,11,3,4,10,10,7,8,8,9,5,7,4,11,3,9,7,10,5,1,5,7,8,10,12,,,10,3,,,8,4,1,10,3,3,1,4,2,6,5,5,4,4,1,3,5,2,3,7,2,8,11,,9,,,8,11,11,13,7,11,11,8,13,14,5,13,11,10,14,10,6,12,11,8,8,10,9,8,7,13,11,14,7,14,9,11,4,8,12,9,2,1,9,7,,,9,13,,,8,11,5,10,8,12,12,14,12,14,12,14,12,12,12,14,14,14,14,14,10,10,2,11,,9,,,b'\x11\xe8\xe1I\xd5\x87G(\x98|\x12\xdf\x17\xaeN\x1e'
11E8E149-D587-4728-987C-12DF17AE4E1E,2024-ncaa-d2-natl,ncaa,157,165,172,165,186,139,153,53,274,121,31,281,204,160,254,237,60,47,177,45,155,45,44,280,273,246,180,236,44,22,72,113,278,48,218,212,269,208,114,237,43,75,206,243,,,230,113,,,198,63,8,139,102,128,7,95,10,210,144,34,28,25,6,6,12,48,8,220,210,35,211,,242,,,192,231,202,252,78,229,242,120,93,193,18,116,265,274,82,274,217,262,262,56,71,84,113,48,244,297,278,282,72,293,218,168,115,68,134,98,183,112,195,111,,,148,256,,,198,239,218,133,186,254,234,290,260,283,111,223,276,284,285,295,296,296,290,297,187,50,190,213,,115,,,b'\x11\xe8\xe1I\xd5\x87G(\x98|\x12\xdf\x17\xaeN\x1e'
11E8E149-D587-4728-987C-12DF17AE4E1E,2025-ncaa-d2-conf-SIAC,genius_ncaa,7,7,6,7,7,10,8,10,6,10,11,9,9,9,8,7,8,8,7,8,8,10,10,8,10,10,7,7,8,11,11,5,6,4,7,5,4,8,10,6,6,6,14,14,,,5,4,,9,7,9,8,3,9,11,12,10,10,7,7,8,8,7,11,10,11,2,8,4,7,6,14,,4,,9,7,6,6,8,6,3,3,3,14,14,11,14,4,4,3,4,7,7,7,6,6,7,14,14,4,8,6,7,11,5,7,6,10,10,12,10,9,12,8,9,,,8,7,,6,7,6,10,8,7,7,7,9,4,4,14,14,5,6,6,8,5,7,8,8,9,12,9,9,,6,,6,b'\x11\xe8\xe1I\xd5\x87G(\x98|\x12\xdf\x17\xaeN\x1e'
11E8E149-D587-4728-987C-12DF17AE4E1E,2025-ncaa-d2-natl,genius_ncaa,174,141,230,169,231,263,265,259,256,223,178,259,273,271,261,255,177,135,242,131,95,244,206,271,258,278,213,253,38,134,88,170,233,153,143,245,159,252,282,277,105,79,275,272,,,82,97,,199,191,224,108,32,252,265,216,192,98,266,264,100,68,64,169,74,71,54,45,227,282,61,274,,159,,236,191,30,22,79,13,21,63,13,121,155,78,218,107,174,7,167,222,87,102,27,19,25,259,226,202,235,233,60,88,122,143,38,121,127,98,50,262,281,57,63,,,183,146,,165,191,75,268,44,190,83,60,207,40,135,187,230,167,223,222,226,249,269,154,232,80,69,281,77,,98,,142,b'\x11\xe8\xe1I\xd5\x87G(\x98|\x12\xdf\x17\xaeN\x1e'
11E8E149-D587-4728-987C-12DF17AE4E1E,2026-ncaa-d2-conf-SIAC,genius_ncaa,13,14,1,13,1,8,8,5,14,9,4,14,12,9,11,11,2,1,12,1,3,4,1,14,14,14,6,12,2,2,6,2,13,2,10,11,13,14,12,13,7,12,7,12,,,9,3,,10,13,2,10,1,13,14,13,12,10,12,12,6,4,4,9,8,7,6,6,14,12,11,10,,3,,7,13,14,14,14,10,14,14,12,13,14,6,12,11,10,9,10,4,14,13,11,9,11,6,10,4,14,13,13,6,14,10,14,13,9,14,14,14,12,14,14,,,2,6,,13,13,13,12,13,13,12,13,14,13,11,12,13,7,6,6,13,6,13,5,14,14,13,12,14,,8,,13,b'\x11\xe8\xe1I\xd5\x87G(\x98|\x12\xdf\x17\xaeN\x1e'
11E8E149-D587-4728-987C-12DF17AE4E1E,2026-ncaa-d2-natl,genius_ncaa,246,272,59,268,84,199,209,150,261,155,70,265,257,252,246,285,56,23,274,23,44,117,70,276,268,283,217,277,16,34,35,108,286,67,189,253,266,290,283,292,88,159,164,233,,,194,79,,183,278,88,124,88,273,278,265,215,96,279,289,69,23,23,192,66,40,170,73,284,283,121,186,,132,,174,266,230,240,262,134,263,275,171,95,182,29,88,218,240,88,235,126,264,238,84,81,131,30,36,168,290,286,165,35,253,189,262,252,143,242,259,284,269,273,253,,,88,171,,288,278,201,276,221,264,204,225,270,265,273,52,147,189,219,217,279,250,293,91,250,256,201,276,262,,128,,293,b'\x11\xe8\xe1I\xd5\x87G(\x98|\x12\xdf\x17\xaeN\x1e'
11E8E149-D58B-C4F6-987C-12DF17AE4E1E,2018-ncaa-d2-conf-Great Northwest,ncaa,5,5,5,5,5,5,5,6,4,5,7,4,6,5,5,5,9,7,9,7,5,6,6,5,6,6,7,5,8,5,5,6,8,6,6,6,5,3,5,4,7,7,2,3,,,3,4,,,6,6,8,4,4,3,5,3,5,6,5,9,5,5,5,5,4,6,4,4,3,7,1,,4,,,6,9,9,8,9,9,10,6,3,3,10,1,4,5,5,5,3,8,6,8,7,9,2,2,4,6,8,3,5,5,6,7,6,10,10,10,3,5,4,2,,,6,5,,,6,7,4,9,6,9,9,10,9,11,3,2,6,6,6,10,6,8,6,8,8,10,5,3,,4,,,b'\x11\xe8\xe1I\xd5\x8b\xc4\xf6\x98|\x12\xdf\x17\xaeN\x1e'
11E8E149-D58B-C4F6-987C-12DF17AE4E1E,2018-ncaa-d2-natl,ncaa,146,147,148,152,176,113,110,148,75,103,143,87,138,165,99,182,123,94,223,90,100,140,160,86,106,98,182,173,157,142,127,164,190,154,150,90,104,93,88,66,216,221,69,88,,,174,190,,,154,160,130,153,81,74,107,74,115,138,160,102,71,71,98,127,120,154,126,66,102,210,58,,196,,,156,225,222,181,205,252,238,171,94,72,199,41,247,233,228,232,172,195,154,185,199,243,91,50,228,177,190,134,127,148,150,231,197,232,253,253,94,94,77,76,,,80,43,,,154,147,87,242,151,237,228,218,259,265,115,74,260,244,245,240,189,198,147,158,236,244,103,91,,40,,,b'\x11\xe8\xe1I\xd5\x8b\xc4\xf6\x98|\x12\xdf\x17\xaeN\x1e'
11E8E149-D58B-C4F6-987C-12DF17AE4E1E,2019-ncaa-d2-conf-Great Northwest,ncaa,3,4,3,4,3,3,3,3,3,3,7,1,2,2,6,2,9,9,4,9,9,3,4,2,2,3,6,3,11,4,5,2,9,3,6,2,5,3,3,2,5,5,2,3,,,3,1,,,3,4,10,2,3,3,5,3,10,3,2,10,10,11,6,7,5,2,3,2,3,5,2,,1,,,3,9,9,11,4,11,11,2,6,2,8,1,4,2,11,2,1,11,9,3,2,5,2,3,3,11,9,6,5,11,6,11,8,6,9,8,6,4,5,6,,,8,11,,,3,8,3,6,3,6,6,11,8,11,5,2,1,1,1,9,7,10,4,7,9,10,4,3,,11,,,b'\x11\xe8\xe1I\xd5\x8b\xc4\xf6\x98|\x12\xdf\x17\xaeN\x1e'
11E8E149-D58B-C4F6-987C-12DF17AE4E1E,2019-ncaa-d2-natl,ncaa,85,95,76,93,84,53,37,95,17,46,153,8,68,68,95,66,204,237,53,238,250,113,141,17,19,24,198,108,287,158,117,108,236,119,130,23,38,106,86,22,116,144,31,71,,,94,43,,,66,127,212,64,38,21,110,39,205,67,70,239,266,267,154,206,178,126,151,12,80,144,29,,47,,,65,215,244,264,126,276,294,72,72,40,236,13,164,117,294,111,22,245,204,92,98,158,31,35,119,277,236,73,117,180,130,256,214,214,265,263,141,125,113,104,,,213,262,,,66,179,25,202,68,164,207,257,255,300,53,18,128,84,78,224,167,256,36,124,226,256,107,85,,266,,,b'\x11\xe8\xe1I\xd5\x8b\xc4\xf6\x98|\x12\xdf\x17\xaeN\x1e'
11E8E149-D58B-C4F6-987C-12DF17AE4E1E,2020-ncaa-d2-conf-Great Northwest,ncaa,4,4,2,4,2,4,4,7,2,4,11,3,1,2,2,1,7,8,4,8,6,7,6,1,1,2,2,2,10,6,2,2,5,2,2,4,6,9,8,5,8,8,2,3,,,4,3,,,4,7,11,7,5,4,8,7,11,1,2,9,9,9,10,10,7,1,2,6,6,9,3,,3,,,4,6,9,11,2,8,10,4,6,10,1,7,3,3,6,3,2,10,6,1,1,4,5,6,3,11,5,1,2,4,2,4,4,10,11,10,8,6,1,1,,,9,10,,,4,5,2,4,4,2,3,10,6,7,4,8,2,3,3,8,1,8,1,2,3,11,5,1,,10,,,b'\x11\xe8\xe1I\xd5\x8b\xc4\xf6\x98|\x12\xdf\x17\xaeN\x1e'
11E8E149-D58B-C4F6-987C-12DF17AE4E1E,2020-ncaa-d2-natl,ncaa,69,100,17,91,43,45,52,126,24,128,246,20,18,30,21,25,152,209,39,212,140,146,129,13,12,23,48,24,269,145,92,22,91,49,35,48,115,210,186,102,236,270,18,28,,,99,63,,,62,123,278,227,89,91,251,202,297,25,48,214,261,263,267,279,201,44,103,79,127,280,28,,32,,,68,193,245,285,88,255,277,114,164,234,41,160,56,72,93,72,24,269,199,75,56,154,45,133,35,208,91,48,92,101,35,161,78,286,309,278,238,222,21,41,,,193,232,,,62,190,23,159,63,88,146,218,169,216,108,170,19,27,31,166,46,139,13,26,101,309,171,7,,279,,,b'\x11\xe8\xe1I\xd5\x8b\xc4\xf6\x98|\x12\xdf\x17\xaeN\x1e'
11E8E149-D58B-C4F6-987C-12DF17AE4E1E,2021-ncaa-d2-conf-Great Northwest,ncaa,6,2,6,6,6,6,6,6,6,6,6,6,6,6,5,1,6,6,6,6,1,6,6,6,6,6,1,1,2,6,3,6,5,6,6,6,4,1,2,3,6,6,6,4,,,1,1,,,5,6,3,3,6,6,3,6,6,2,1,5,1,2,2,3,1,4,2,6,2,6,3,,1,,,6,1,1,1,6,1,1,6,1,1,2,1,1,1,1,1,1,1,1,6,5,6,1,2,1,1,5,1,3,1,6,1,1,6,5,6,1,5,1,4,,,6,3,,,5,1,6,6,6,5,6,5,6,6,2,1,1,1,1,5,4,5,6,6,5,5,5,3,,3,,,b'\x11\xe8\xe1I\xd5\x8b\xc4\xf6\x98|\x12\xdf\x17\xaeN\x1e'
11E8E149-D58B-C4F6-987C-12DF17AE4E1E,2021-ncaa-d2-natl,ncaa,211,8,222,211,223,223,223,223,213,224,225,200,222,222,204,27,222,222,216,222,46,223,224,210,210,197,34,44,95,223,109,224,149,224,177,222,76,3,52,105,225,216,223,154,,,2,1,,,136,224,109,121,194,195,85,210,182,94,22,166,92,98,85,109,56,172,109,160,47,215,90,,1,,,206,5,5,5,226,7,6,225,2,2,8,12,1,1,1,1,1,5,5,222,184,194,1,3,1,6,149,4,109,4,177,5,43,225,152,201,5,168,4,151,,,224,65,,,136,5,191,194,200,185,225,202,226,220,5,15,1,1,1,154,132,123,206,187,199,146,164,118,,71,,,b'\x11\xe8\xe1I\xd5\x8b\xc4\xf6\x98|\x12\xdf\x17\xaeN\x1e'
11E8E149-D58B-C4F6-987C-12DF17AE4E1E,2022-ncaa-d2-conf-Great Northwest,ncaa,1,2,1,1,1,1,1,1,1,1,3,1,1,1,1,1,2,2,2,2,1,1,1,1,1,1,1,1,8,2,7,1,5,1,4,1,6,7,3,3,5,10,6,10,,,1,1,,,1,1,7,5,1,2,5,6,10,1,1,4,6,6,6,7,8,3,3,3,2,10,8,,1,,,2,10,10,10,6,10,10,6,9,10,4,5,1,1,2,1,1,10,10,6,4,6,1,5,1,10,5,10,7,10,4,10,5,3,10,10,8,5,9,7,,,1,3,,,1,10,1,7,2,6,9,9,9,10,6,5,1,1,1,8,7,7,3,5,7,10,4,5,,4,,,b'\x11\xe8\xe1I\xd5\x8b\xc4\xf6\x98|\x12\xdf\x17\xaeN\x1e'
11E8E149-D58B-C4F6-987C-12DF17AE4E1E,2022-ncaa-d2-natl,ncaa,31,48,18,42,21,16,23,31,53,73,145,28,4,4,46,14,57,80,46,79,59,35,32,20,26,24,18,14,221,68,128,21,129,29,86,18,48,210,94,37,183,266,131,220,,,71,6,,,64,28,164,56,29,47,117,185,282,7,12,132,175,175,125,166,157,64,92,26,89,265,181,,7,,,67,285,298,299,195,295,298,202,249,272,95,147,21,27,98,30,1,290,279,167,116,185,9,133,2,269,129,230,128,249,86,300,197,146,260,279,239,142,160,165,,,17,56,,,64,276,21,184,68,182,267,277,275,276,145,187,2,2,2,229,163,172,79,117,256,252,131,84,,76,,,b'\x11\xe8\xe1I\xd5\x8b\xc4\xf6\x98|\x12\xdf\x17\xaeN\x1e'
11E8E149-D58B-C4F6-987C-12DF17AE4E1E,2023-ncaa-d2-conf-Great Northwest,ncaa,3,3,1,3,2,2,1,1,2,2,3,2,1,1,3,1,10,10,6,10,10,1,1,2,2,2,4,1,10,2,3,1,3,1,2,2,4,4,3,3,10,10,3,5,,,3,2,,,2,1,4,6,2,1,1,2,7,1,1,10,10,10,1,4,3,1,1,2,3,10,3,,2,,,2,9,9,10,3,10,10,4,2,3,1,2,2,2,10,2,1,10,10,2,2,3,1,2,2,6,3,7,3,8,2,6,3,10,10,10,5,4,2,3,,,10,10,,,2,10,2,3,2,5,9,9,10,10,2,2,2,2,2,9,6,5,3,4,3,10,5,2,,10,,,b'\x11\xe8\xe1I\xd5\x8b\xc4\xf6\x98|\x12\xdf\x17\xaeN\x1e'
11E8E149-D58B-C4F6-987C-12DF17AE4E1E,2023-ncaa-d2-natl,ncaa,72,55,148,64,166,59,39,83,13,79,179,14,10,36,8,25,273,284,77,285,288,121,145,7,13,14,79,13,298,144,129,45,68,67,30,19,42,69,68,12,259,277,78,139,,,26,19,,,44,141,79,146,10,6,18,47,174,8,18,281,291,291,63,96,139,2,21,4,99,268,70,,34,,,40,172,244,258,130,272,272,138,87,144,25,96,14,13,285,13,2,227,157,98,70,174,8,68,15,158,68,87,129,120,30,206,129,277,293,285,155,155,83,85,,,247,282,,,44,156,14,169,41,208,265,289,283,291,95,164,22,10,10,277,214,176,96,129,225,286,167,80,,268,,,b'\x11\xe8\xe1I\xd5\x8b\xc4\xf6\x98|\x12\xdf\x17\xaeN\x1e'
11E8E149-D58B-C4F6-987C-12DF17AE4E1E,2024-ncaa-d2-conf-Great Northwest,ncaa,4,4,2,4,4,4,4,4,2,6,8,2,3,2,2,2,2,3,3,3,2,4,4,2,3,3,2,1,5,5,7,1,3,2,3,5,8,4,4,5,8,9,9,10,,,5,4,,,4,4,6,8,5,5,6,8,9,3,3,3,3,3,6,6,7,2,3,7,4,9,10,,3,,,4,9,10,10,4,10,10,3,1,2,2,1,4,3,9,3,2,10,7,2,2,7,1,1,3,6,3,6,7,6,3,8,5,8,9,9,5,6,8,9,,,3,4,,,4,7,3,7,4,6,8,9,10,10,1,1,2,2,2,7,5,5,4,3,7,10,6,7,,4,,,b'\x11\xe8\xe1I\xd5\x8b\xc4\xf6\x98|\x12\xdf\x17\xaeN\x1e'
11E8E149-D58B-C4F6-987C-12DF17AE4E1E,2024-ncaa-d2-natl,ncaa,98,93,117,98,141,84,86,116,55,146,194,66,31,51,20,40,143,197,26,196,167,129,148,34,34,35,48,26,225,152,133,104,84,116,85,95,146,82,83,74,212,233,264,288,,,75,56,,,85,155,173,150,58,57,111,156,229,17,40,151,208,211,131,180,156,80,109,86,84,233,272,,61,,,85,177,243,217,198,277,276,163,42,45,118,19,55,43,260,45,10,188,139,147,121,191,4,22,37,132,84,118,133,108,85,221,145,234,258,261,137,141,195,229,,,160,153,,,85,152,35,187,77,171,242,241,280,289,34,28,51,37,38,198,118,113,88,93,212,259,131,195,,170,,,b'\x11\xe8\xe1I\xd5\x8b\xc4\xf6\x98|\x12\xdf\x17\xaeN\x1e'
11E8E149-D58B-C4F6-987C-12DF17AE4E1E,2025-ncaa-d2-conf-Great Northwest,genius_ncaa,2,2,5,2,5,5,5,10,2,7,9,1,2,4,2,3,5,5,1,5,4,10,10,1,1,1,4,3,5,10,8,1,2,5,2,4,5,6,6,4,8,8,9,10,,,5,5,,7,3,9,8,2,4,3,9,6,10,3,4,4,8,7,10,9,10,1,3,3,6,8,10,,4,,8,3,3,4,6,3,7,10,3,1,1,1,1,3,4,3,3,1,5,1,1,1,4,1,1,5,3,2,1,8,1,2,2,2,9,9,7,6,7,2,5,,,4,2,,2,3,2,2,4,3,4,5,6,7,9,1,1,2,2,2,5,5,5,2,2,3,9,6,4,,4,,1,b'\x11\xe8\xe1I\xd5\x8b\xc4\xf6\x98|\x12\xdf\x17\xaeN\x1e'
11E8E149-D58B-C4F6-987C-12DF17AE4E1E,2025-ncaa-d2-natl,genius_ncaa,32,47,25,44,42,31,42,95,11,103,181,21,12,34,3,46,60,105,10,100,63,97,70,6,5,19,22,30,182,191,194,14,61,47,48,29,39,267,231,81,186,241,188,254,,,238,132,,274,40,48,166,289,40,68,256,188,282,14,74,101,184,179,252,230,259,23,117,38,197,238,233,,128,,250,43,227,261,283,75,277,290,77,97,158,41,60,162,167,123,174,35,277,258,57,45,97,28,56,106,209,61,126,194,150,48,232,154,181,260,231,228,187,223,250,,,44,56,,20,40,257,31,95,43,100,141,226,205,266,49,72,82,83,84,198,124,122,17,46,154,254,159,166,,101,,25,b'\x11\xe8\xe1I\xd5\x8b\xc4\xf6\x98|\x12\xdf\x17\xaeN\x1e'
11E8E149-D58B-C4F6-987C-12DF17AE4E1E,2026-ncaa-d2-conf-Great Northwest,genius_ncaa,5,1,9,1,9,8,8,10,1,9,10,1,4,10,1,8,10,10,1,10,8,10,10,1,1,2,3,2,8,10,5,9,7,9,2,7,3,4,10,6,10,8,6,5,,,2,6,,2,5,9,4,1,2,1,8,4,9,1,9,7,8,8,10,7,10,4,6,2,10,8,5,,6,,3,3,1,1,2,4,2,2,5,1,2,2,4,4,3,9,3,4,2,2,3,5,5,4,1,9,2,7,1,5,1,2,1,3,10,6,4,5,9,1,2,,,10,8,,10,5,1,2,5,4,6,4,7,9,8,1,7,9,9,5,7,8,9,1,1,4,5,9,2,,8,,10,b'\x11\xe8\xe1I\xd5\x8b\xc4\xf6\x98|\x12\xdf\x17\xaeN\x1e'
11E8E149-D58B-C4F6-987C-12DF17AE4E1E,2026-ncaa-d2-natl,genius_ncaa,9,1,141,1,170,131,126,240,2,163,264,1,77,158,11,55,193,236,29,238,127,249,236,3,2,7,99,71,236,279,194,184,102,235,54,63,31,160,268,85,235,220,71,62,,,108,193,,158,46,221,274,88,93,78,293,141,289,46,144,187,257,260,295,293,287,167,266,29,194,240,64,,109,,183,47,74,71,92,42,76,112,33,67,86,92,104,141,99,282,98,121,90,79,35,56,103,165,109,230,90,102,14,194,28,54,43,46,225,208,104,143,226,19,36,,,213,122,,132,46,77,25,101,35,48,46,78,65,141,66,76,158,113,108,66,33,92,2,4,21,243,164,13,,233,,134,b'\x11\xe8\xe1I\xd5\x8b\xc4\xf6\x98|\x12\xdf\x17\xaeN\x1e'
11E8E149-D590-0DC2-987C-12DF17AE4E1E,2018-ncaa-d2-conf-RMAC,ncaa,13,13,9,13,9,10,12,9,14,9,7,14,15,13,14,13,2,3,6,3,2,7,6,14,12,12,7,14,1,8,10,5,12,7,10,10,7,14,13,11,14,15,9,9,,,14,13,,,12,4,1,4,10,12,6,8,5,14,12,1,1,1,4,1,7,1,3,10,14,13,9,,15,,,12,13,12,14,8,10,12,8,12,11,8,9,14,14,11,14,13,14,12,8,11,12,10,7,12,15,12,14,10,15,10,10,8,10,14,13,13,12,4,7,,,2,1,,,12,12,13,12,12,13,13,15,12,15,13,13,14,14,14,15,15,15,15,15,13,6,13,8,,1,,,b'\x11\xe8\xe1I\xd5\x90\r\xc2\x98|\x12\xdf\x17\xaeN\x1e'
11E8E149-D590-0DC2-987C-12DF17AE4E1E,2018-ncaa-d2-natl,ncaa,252,286,105,268,118,172,203,159,254,169,119,248,254,217,282,237,48,64,78,67,73,141,118,267,231,241,168,265,8,212,250,63,94,118,166,168,103,266,247,232,231,261,198,221,,,271,256,,,252,90,74,100,224,258,196,195,128,269,241,36,61,59,152,113,229,39,110,189,255,251,213,,278,,,244,242,202,245,73,166,219,82,220,251,107,190,276,261,261,262,227,258,219,85,112,180,247,171,248,177,94,230,250,217,166,177,132,207,265,213,248,232,21,21,,,21,9,,,252,224,259,167,243,223,177,256,144,209,208,254,270,256,255,268,226,166,223,200,157,235,235,23,,12,,,b'\x11\xe8\xe1I\xd5\x90\r\xc2\x98|\x12\xdf\x17\xaeN\x1e'
11E8E149-D590-0DC2-987C-12DF17AE4E1E,2019-ncaa-d2-conf-RMAC,ncaa,14,14,11,14,13,13,12,11,12,7,4,13,16,16,14,15,7,5,10,5,12,11,6,15,15,16,15,15,3,4,4,11,12,9,8,13,9,16,16,16,16,16,13,14,,,16,14,,,15,7,2,7,13,12,9,6,2,16,15,5,4,4,9,1,3,7,5,12,16,16,13,,16,,,15,15,15,12,14,14,9,14,14,13,14,13,16,16,3,16,15,14,13,14,14,15,13,11,11,13,12,5,4,8,8,13,9,13,13,15,16,16,7,5,,,4,3,,,15,12,15,15,15,15,15,15,15,13,15,15,16,16,16,16,16,14,7,11,14,11,16,12,,3,,,b'\x11\xe8\xe1I\xd5\x90\r\xc2\x98|\x12\xdf\x17\xaeN\x1e'
11E8E149-D590-0DC2-987C-12DF17AE4E1E,2019-ncaa-d2-natl,ncaa,278,298,118,287,161,251,232,228,218,148,90,258,300,301,217,303,191,177,212,171,244,225,149,263,257,291,290,296,85,146,120,142,136,146,108,204,135,307,306,294,266,288,246,248,,,268,281,,,297,147,126,197,284,270,280,152,79,306,308,202,187,180,275,141,150,157,150,223,302,283,259,,283,,,287,248,190,159,202,156,119,211,251,227,215,216,280,282,118,283,295,201,168,223,232,257,259,217,257,142,136,95,120,108,108,195,175,205,236,231,310,307,164,107,,,118,115,,,297,168,291,250,288,249,196,138,148,93,248,235,280,287,291,209,170,131,80,94,194,229,305,162,,116,,,b'\x11\xe8\xe1I\xd5\x90\r\xc2\x98|\x12\xdf\x17\xaeN\x1e'
11E8E149-D590-0DC2-987C-12DF17AE4E1E,2020-ncaa-d2-conf-RMAC,ncaa,14,14,13,14,15,13,13,12,10,11,9,12,11,14,7,13,8,8,8,8,6,13,13,10,8,13,11,11,5,11,11,12,15,13,11,12,11,14,14,14,15,15,16,16,,,3,5,,,14,13,2,12,11,13,10,7,6,11,13,5,6,7,9,5,9,9,10,12,16,15,16,,7,,,14,15,15,13,14,13,10,14,15,13,13,12,7,6,7,6,7,13,7,14,14,15,10,13,3,15,15,3,11,6,11,15,11,15,15,15,15,15,9,10,,,6,4,,,14,4,14,15,14,15,15,15,15,12,15,14,8,8,8,16,14,15,5,10,15,15,15,10,,4,,,b'\x11\xe8\xe1I\xd5\x90\r\xc2\x98|\x12\xdf\x17\xaeN\x1e'
11E8E149-D590-0DC2-987C-12DF17AE4E1E,2020-ncaa-d2-natl,ncaa,243,296,3,262,11,137,144,78,218,134,71,238,157,147,175,197,106,111,155,113,182,78,64,220,212,224,162,185,104,144,217,58,161,91,188,192,238,282,232,250,228,287,302,307,,,206,98,,,286,41,180,223,243,246,236,231,169,209,225,180,186,188,237,212,221,175,216,257,208,285,310,,99,,,270,300,301,295,234,273,231,250,306,307,236,290,184,206,81,206,158,292,276,269,250,271,226,282,61,246,161,270,217,268,188,303,228,175,259,284,299,266,245,213,,,35,98,,,286,271,232,272,268,243,248,215,175,95,293,288,103,125,125,200,132,156,144,155,254,262,248,194,,141,,,b'\x11\xe8\xe1I\xd5\x90\r\xc2\x98|\x12\xdf\x17\xaeN\x1e'
11E8E149-D590-0DC2-987C-12DF17AE4E1E,2021-ncaa-d2-conf-RMAC,ncaa,13,14,12,13,12,13,13,12,13,11,11,14,13,13,10,14,13,13,13,13,13,12,12,13,13,14,14,14,9,9,8,13,13,12,13,12,5,2,10,10,13,14,13,13,,,3,9,,,14,13,12,9,14,13,10,6,2,14,14,12,11,11,12,12,6,12,12,9,10,14,13,,8,,,14,3,3,2,12,4,2,13,7,5,12,13,5,5,10,5,12,3,3,13,13,13,11,11,8,3,13,4,8,3,13,2,10,13,11,13,5,14,3,3,,,13,9,,,14,2,14,14,14,13,13,9,7,3,13,14,13,12,11,9,7,13,10,13,11,11,13,4,,10,,,b'\x11\xe8\xe1I\xd5\x90\r\xc2\x98|\x12\xdf\x17\xaeN\x1e'
11E8E149-D590-0DC2-987C-12DF17AE4E1E,2021-ncaa-d2-natl,ncaa,211,191,165,211,169,181,177,174,184,165,143,205,192,197,142,216,190,190,187,191,220,177,179,197,204,202,210,191,169,160,134,189,199,185,205,175,124,56,150,164,208,219,196,190,,,57,138,,,211,179,202,121,209,190,165,143,44,211,220,211,208,209,185,187,129,214,209,182,112,219,203,,95,,,215,72,71,57,185,63,47,191,114,94,200,200,77,72,173,68,181,59,52,202,214,217,197,202,126,80,199,62,134,69,205,71,124,189,189,196,100,205,43,38,,,177,141,,,211,48,203,223,217,175,155,98,99,34,203,186,167,140,130,98,49,160,135,158,146,201,181,56,,184,,,b'\x11\xe8\xe1I\xd5\x90\r\xc2\x98|\x12\xdf\x17\xaeN\x1e'
11E8E149-D590-0DC2-987C-12DF17AE4E1E,2022-ncaa-d2-conf-RMAC,ncaa,12,10,15,12,15,13,13,13,13,10,7,14,13,14,4,14,5,6,11,6,6,12,14,13,12,10,8,12,1,8,8,14,8,11,11,12,5,3,4,7,13,9,9,9,,,3,6,,,13,15,6,2,9,11,5,10,3,13,14,2,1,1,3,4,5,8,9,10,6,10,9,,7,,,13,6,9,3,14,9,4,14,11,4,13,11,2,3,6,2,7,2,1,14,14,14,5,12,2,1,8,5,8,2,11,15,15,11,8,15,4,8,13,12,,,10,7,,,13,1,10,14,13,14,12,11,12,8,12,12,6,7,5,10,9,11,12,12,15,9,8,15,,7,,,b'\x11\xe8\xe1I\xd5\x90\r\xc2\x98|\x12\xdf\x17\xaeN\x1e'
11E8E149-D590-0DC2-987C-12DF17AE4E1E,2022-ncaa-d2-natl,ncaa,240,241,222,250,223,233,253,230,263,242,162,281,244,261,104,270,88,83,173,82,50,212,227,262,234,209,98,216,7,169,157,251,187,235,220,217,119,71,116,164,239,225,234,219,,,98,190,,,258,230,188,17,214,261,163,233,83,227,261,34,25,23,117,143,120,249,210,200,113,219,222,,171,,,257,161,165,73,279,135,57,271,234,154,285,228,95,103,76,104,188,66,67,283,281,279,209,245,71,83,187,118,157,102,220,269,294,226,188,281,102,168,245,247,,,126,30,,,258,67,210,275,264,259,252,151,211,85,272,233,146,166,163,151,128,133,213,184,293,190,161,278,,39,,,b'\x11\xe8\xe1I\xd5\x90\r\xc2\x98|\x12\xdf\x17\xaeN\x1e'
11E8E149-D590-0DC2-987C-12DF17AE4E1E,2023-ncaa-d2-conf-RMAC,ncaa,15,15,13,15,14,14,12,11,13,7,5,9,14,14,15,14,7,7,13,7,8,11,11,14,14,14,13,14,3,9,10,10,8,10,11,6,3,6,8,7,10,9,15,15,,,3,4,,,14,11,3,8,12,9,8,6,3,14,13,6,6,6,7,7,8,7,9,6,9,9,15,,5,,,15,10,11,6,12,9,5,11,13,10,15,11,5,4,13,4,5,4,3,13,13,13,9,13,4,3,8,8,10,7,11,9,8,10,9,11,8,9,10,11,,,6,3,,,14,5,15,14,15,14,14,12,13,10,15,14,7,5,6,12,10,6,14,13,12,9,10,14,,2,,,b'\x11\xe8\xe1I\xd5\x90\r\xc2\x98|\x12\xdf\x17\xaeN\x1e'
11E8E149-D590-0DC2-987C-12DF17AE4E1E,2023-ncaa-d2-natl,ncaa,275,288,148,281,177,212,210,178,241,144,109,203,271,242,289,243,121,97,232,96,115,166,175,262,257,235,255,270,49,170,210,151,120,164,197,145,60,111,140,143,211,212,279,281,,,116,127,,,272,167,135,208,238,227,181,141,77,277,247,122,74,72,139,155,168,135,150,144,137,213,285,,117,,,268,218,207,153,248,147,105,225,270,228,275,245,154,134,211,132,168,152,122,266,261,275,248,255,106,105,120,204,210,169,197,196,155,230,241,255,191,201,240,228,,,63,20,,,272,130,242,268,270,258,244,202,177,108,276,246,161,143,135,200,134,120,244,200,213,232,196,255,,26,,,b'\x11\xe8\xe1I\xd5\x90\r\xc2\x98|\x12\xdf\x17\xaeN\x1e'
11E8E149-D590-0DC2-987C-12DF17AE4E1E,2024-ncaa-d2-conf-RMAC,ncaa,14,12,15,14,15,14,15,15,8,14,13,10,15,15,10,13,8,8,7,8,3,15,15,11,11,13,7,15,2,14,13,10,10,13,11,12,2,14,15,14,12,11,13,11,,,10,14,,,13,15,5,10,13,15,15,12,13,14,14,3,5,5,15,13,13,6,10,9,15,10,10,,12,,,13,4,5,3,7,2,3,5,9,8,12,12,9,10,8,10,11,4,3,7,7,12,13,12,9,8,10,1,13,2,11,10,13,13,13,14,12,14,7,13,,,9,3,,,13,2,13,13,13,15,10,14,8,11,14,13,12,12,12,15,12,11,3,7,13,11,14,10,,4,,,b'\x11\xe8\xe1I\xd5\x90\r\xc2\x98|\x12\xdf\x17\xaeN\x1e'
11E8E149-D590-0DC2-987C-12DF17AE4E1E,2024-ncaa-d2-natl,ncaa,269,234,275,271,282,277,282,292,118,276,289,141,271,279,110,231,201,231,78,231,35,290,285,136,105,208,132,224,24,285,234,262,169,282,174,223,31,191,297,239,253,202,244,217,,,80,259,,,269,282,157,227,242,273,299,238,253,240,273,82,105,108,299,241,273,177,253,151,275,200,214,,234,,,268,53,42,28,199,35,28,166,153,82,272,190,128,105,240,103,219,30,21,228,236,276,252,221,197,40,169,10,234,10,174,139,262,287,266,286,222,294,39,158,,,243,36,,,269,19,238,270,269,248,222,202,172,155,250,215,241,223,218,224,143,164,23,52,261,261,285,104,,83,,,b'\x11\xe8\xe1I\xd5\x90\r\xc2\x98|\x12\xdf\x17\xaeN\x1e'
11E8E149-D590-0DC2-987C-12DF17AE4E1E,2025-ncaa-d2-conf-RMAC,genius_ncaa,13,12,11,13,13,12,15,14,13,15,15,13,8,8,9,4,5,6,3,6,2,13,12,13,9,12,1,3,1,10,9,6,6,8,6,14,6,13,14,15,15,15,13,14,,,9,11,,12,12,10,3,3,11,15,9,15,13,4,3,1,4,4,10,6,7,2,4,11,15,15,13,,12,,14,12,9,7,6,6,10,6,8,2,5,3,6,13,13,6,15,14,9,7,5,6,11,6,2,14,7,6,5,9,6,6,5,4,14,14,12,12,13,6,10,,,5,2,,5,12,6,12,12,12,13,11,13,12,15,5,10,15,15,15,15,13,10,9,9,7,11,13,9,,3,,4,b'\x11\xe8\xe1I\xd5\x90\r\xc2\x98|\x12\xdf\x17\xaeN\x1e'
11E8E149-D590-0DC2-987C-12DF17AE4E1E,2025-ncaa-d2-natl,genius_ncaa,261,258,230,264,244,204,243,263,189,259,271,171,158,153,159,95,89,144,18,150,27,251,244,175,115,155,45,118,21,240,213,165,133,203,151,201,103,152,235,202,288,291,263,266,,,209,277,,228,256,238,97,120,150,223,232,244,248,117,105,33,75,78,191,144,210,52,128,161,222,288,261,,270,,252,256,193,135,101,219,173,111,243,81,118,74,109,285,280,182,280,287,139,70,199,235,283,158,58,281,108,133,62,213,75,151,100,84,283,289,269,162,231,57,114,,,150,46,,141,256,77,178,280,244,284,244,242,253,221,132,184,299,295,296,276,202,184,158,162,175,280,223,77,,52,,121,b'\x11\xe8\xe1I\xd5\x90\r\xc2\x98|\x12\xdf\x17\xaeN\x1e'
11E8E149-D590-0DC2-987C-12DF17AE4E1E,2026-ncaa-d2-conf-RMAC,genius_ncaa,13,13,2,13,2,14,13,12,15,13,11,15,12,5,14,3,14,14,2,15,14,13,5,14,14,15,8,4,13,7,7,5,7,6,6,13,7,15,15,15,10,13,15,15,,,10,10,,14,15,5,14,1,15,15,14,15,12,12,5,14,14,15,15,6,8,6,7,13,15,12,15,,10,,15,15,12,12,11,12,10,6,15,13,15,7,14,10,8,14,8,9,10,11,12,13,14,12,11,7,7,7,9,7,9,6,11,7,8,11,11,15,14,5,9,,,11,13,,1,15,12,15,14,15,13,13,12,9,5,13,15,10,7,7,11,10,7,8,9,12,10,14,5,,13,,1,b'\x11\xe8\xe1I\xd5\x90\r\xc2\x98|\x12\xdf\x17\xaeN\x1e'
11E8E149-D590-0DC2-987C-12DF17AE4E1E,2026-ncaa-d2-natl,genius_ncaa,276,239,221,276,221,278,279,269,278,288,288,253,197,161,233,13,274,281,116,282,172,272,247,262,263,292,31,34,179,269,251,259,201,269,244,266,71,246,296,281,264,249,270,268,,,165,285,,225,291,237,200,2,292,292,284,296,293,146,61,272,285,283,293,152,248,210,257,234,296,231,267,,280,,264,293,135,112,62,257,106,57,264,150,117,217,166,218,214,203,212,280,70,61,262,280,279,227,155,245,90,201,80,251,80,244,119,144,237,217,219,249,293,14,46,,,236,157,,68,291,60,294,285,293,281,243,179,207,126,222,202,289,287,286,239,207,180,179,184,210,195,288,15,,169,,29,b'\x11\xe8\xe1I\xd5\x90\r\xc2\x98|\x12\xdf\x17\xaeN\x1e'
11E8E149-D594-759C-987C-12DF17AE4E1E,2018-ncaa-d2-conf-PacWest,ncaa,14,14,7,14,12,12,12,10,14,12,11,10,11,8,14,6,14,14,4,14,12,11,12,14,14,13,9,8,8,13,14,14,14,14,14,14,14,4,7,13,9,8,11,10,,,3,4,,,13,12,10,7,12,12,10,12,11,11,6,13,13,13,10,11,13,14,14,14,6,8,11,,4,,,13,9,9,7,12,10,4,14,8,9,7,13,8,8,12,8,10,5,4,12,12,12,6,8,6,11,14,11,14,12,14,10,9,7,6,10,7,10,9,10,,,9,7,,,13,3,13,13,13,11,10,7,11,5,8,12,8,8,8,6,5,12,14,14,11,6,7,9,,9,,,b'\x11\xe8\xe1I\xd5\x94u\x9c\x98|\x12\xdf\x17\xaeN\x1e'
11E8E149-D594-759C-987C-12DF17AE4E1E,2018-ncaa-d2-natl,ncaa,297,254,301,297,304,301,297,287,277,285,291,210,242,168,300,50,291,298,109,300,275,295,300,270,272,248,174,138,215,294,290,304,286,303,305,303,294,11,95,240,259,211,274,253,,,11,62,,,282,299,104,226,247,234,89,228,191,176,50,256,273,277,139,169,259,277,292,287,88,200,254,,86,,,290,58,75,19,285,73,14,303,152,136,179,283,44,43,161,41,178,18,17,285,283,285,163,223,81,99,286,116,290,106,305,149,211,264,184,244,41,175,64,193,,,288,158,,,282,11,270,291,294,280,287,243,266,124,270,285,183,177,174,237,217,257,297,294,277,153,160,166,,170,,,b'\x11\xe8\xe1I\xd5\x94u\x9c\x98|\x12\xdf\x17\xaeN\x1e'
11E8E149-D594-759C-987C-12DF17AE4E1E,2019-ncaa-d2-conf-PacWest,ncaa,9,9,7,9,10,9,9,9,10,8,7,10,11,10,9,11,9,9,7,9,10,9,9,10,9,8,11,11,6,9,9,9,10,11,12,12,12,4,7,11,4,4,8,7,,,7,10,,,9,9,6,10,9,9,8,6,5,11,10,9,8,8,8,9,9,9,11,12,6,4,7,,10,,,9,9,8,5,9,8,5,9,6,4,7,6,10,9,12,9,10,4,6,10,10,9,5,4,9,8,10,9,9,9,12,7,6,6,5,7,4,6,4,5,,,9,3,,,9,4,8,10,8,10,8,5,8,6,7,6,10,10,10,6,8,8,10,10,8,6,5,6,,7,,,b'\x11\xe8\xe1I\xd5\x94u\x9c\x98|\x12\xdf\x17\xaeN\x1e'
11E8E149-D594-759C-987C-12DF17AE4E1E,2019-ncaa-d2-natl,ncaa,250,244,227,252,254,239,244,209,261,236,175,277,208,213,190,200,191,184,195,183,174,207,217,261,253,236,137,165,101,234,266,241,261,245,284,288,291,90,143,257,133,116,241,229,,,193,234,,,256,205,97,266,222,236,120,208,112,183,183,159,136,138,122,136,213,207,232,288,150,89,233,,257,,,249,143,98,98,146,93,83,147,174,168,173,201,250,246,167,244,272,119,117,160,185,201,255,194,263,210,261,236,266,232,284,141,182,185,185,169,116,158,122,126,,,178,114,,,256,99,251,224,252,232,167,181,142,134,228,234,277,275,277,235,229,249,282,283,186,146,161,158,,111,,,b'\x11\xe8\xe1I\xd5\x94u\x9c\x98|\x12\xdf\x17\xaeN\x1e'
11E8E149-D594-759C-987C-12DF17AE4E1E,2020-ncaa-d2-conf-PacWest,ncaa,11,11,7,11,12,10,9,10,11,8,7,11,12,12,11,11,11,10,10,10,11,10,10,11,11,11,12,11,7,11,11,12,11,12,11,12,12,4,8,11,6,4,9,9,,,3,4,,,11,10,10,12,10,9,10,8,4,12,12,11,10,10,9,10,11,12,12,12,5,5,9,,3,,,11,7,8,3,12,7,4,12,9,7,12,10,4,4,4,4,6,3,3,12,12,11,8,9,3,7,11,8,11,7,11,7,7,8,5,8,5,8,1,2,,,10,3,,,11,2,11,11,11,9,9,4,7,4,9,9,4,4,4,4,5,9,10,9,8,7,6,2,,10,,,b'\x11\xe8\xe1I\xd5\x94u\x9c\x98|\x12\xdf\x17\xaeN\x1e'
11E8E149-D594-759C-987C-12DF17AE4E1E,2020-ncaa-d2-natl,ncaa,277,289,173,286,222,290,276,216,293,222,117,287,290,273,302,267,257,214,290,220,263,228,235,298,302,289,286,278,136,267,298,268,264,277,303,300,305,98,149,280,164,152,246,242,,,79,80,,,303,213,195,303,301,289,212,233,96,299,283,268,207,220,227,247,272,283,296,305,103,158,251,,88,,,296,233,232,153,265,173,87,271,278,250,268,272,154,158,155,148,196,144,117,283,283,283,235,265,103,202,264,277,298,253,303,258,245,206,201,264,139,184,51,29,,,210,138,,,303,99,300,283,299,252,244,167,182,85,285,266,165,166,157,171,134,215,288,276,260,202,155,48,,208,,,b'\x11\xe8\xe1I\xd5\x94u\x9c\x98|\x12\xdf\x17\xaeN\x1e'
11E8E149-D594-759C-987C-12DF17AE4E1E,2021-ncaa-d2-conf-PacWest,ncaa,10,10,3,10,6,8,9,8,10,10,8,10,8,5,10,3,6,6,7,5,1,8,6,10,10,10,3,4,1,9,9,8,8,8,10,8,8,7,10,10,9,10,5,8,,,3,1,,,10,6,9,4,10,10,10,10,10,9,5,9,8,7,10,9,10,10,10,10,7,10,6,,1,,,10,8,9,9,8,9,9,9,8,8,8,7,3,2,10,2,1,8,5,9,9,10,5,7,1,8,8,9,9,9,10,10,9,9,10,10,7,7,8,9,,,6,2,,,10,5,10,10,10,8,9,9,8,7,9,8,1,1,1,7,3,7,8,8,10,10,7,7,,7,,,b'\x11\xe8\xe1I\xd5\x94u\x9c\x98|\x12\xdf\x17\xaeN\x1e'
11E8E149-D594-759C-987C-12DF17AE4E1E,2021-ncaa-d2-natl,ncaa,211,184,173,211,181,195,201,190,225,205,194,219,188,164,224,41,182,180,163,179,24,190,189,224,220,217,30,104,7,210,221,181,172,192,218,207,204,47,175,218,212,223,153,148,,,28,8,,,221,185,186,121,225,225,214,224,217,199,85,163,144,132,214,215,218,134,207,226,120,223,126,,7,,,224,66,79,64,174,77,65,176,99,84,171,181,33,26,211,27,5,60,42,183,168,224,82,177,5,66,172,75,221,71,218,118,192,210,226,226,47,141,84,214,,,182,54,,,221,41,223,225,225,196,204,196,191,172,201,203,22,6,6,183,78,168,213,208,216,226,109,162,,148,,,b'\x11\xe8\xe1I\xd5\x94u\x9c\x98|\x12\xdf\x17\xaeN\x1e'
11E8E149-D594-759C-987C-12DF17AE4E1E,2022-ncaa-d2-conf-PacWest,ncaa,10,10,11,10,11,11,11,11,10,10,11,8,11,11,11,9,10,9,10,9,6,11,11,10,10,10,11,11,2,11,11,10,10,10,10,11,9,4,9,10,9,8,7,6,,,1,2,,,10,11,2,5,10,10,10,8,7,11,10,7,6,6,9,6,11,9,10,10,9,7,5,,4,,,10,3,3,1,10,1,1,9,7,6,10,8,4,4,1,5,11,1,1,10,10,10,7,9,5,7,10,3,11,5,10,8,9,11,11,10,5,9,1,2,,,9,1,,,10,1,10,10,10,10,10,11,11,8,10,10,10,10,10,11,10,10,11,11,10,7,9,2,,4,,,b'\x11\xe8\xe1I\xd5\x94u\x9c\x98|\x12\xdf\x17\xaeN\x1e'
11E8E149-D594-759C-987C-12DF17AE4E1E,2022-ncaa-d2-natl,ncaa,296,241,293,296,295,296,296,294,298,290,287,282,297,292,300,242,292,289,289,288,189,294,295,299,299,298,293,295,43,295,292,292,281,296,297,297,272,13,222,285,287,235,219,126,,,10,71,,,295,293,92,224,298,296,210,249,112,299,257,238,156,157,209,182,263,198,248,298,210,198,123,,135,,,299,20,19,10,246,13,11,222,133,63,282,237,25,53,17,56,241,11,9,264,251,281,255,268,92,89,281,53,292,51,297,80,239,295,285,290,54,268,15,47,,,292,102,,,295,8,298,290,299,290,283,279,240,194,294,288,212,252,256,286,247,285,299,297,286,256,254,53,,118,,,b'\x11\xe8\xe1I\xd5\x94u\x9c\x98|\x12\xdf\x17\xaeN\x1e'
11E8E149-D594-759C-987C-12DF17AE4E1E,2023-ncaa-d2-conf-PacWest,ncaa,10,11,6,11,9,10,11,8,11,10,8,11,11,10,11,9,6,6,9,6,5,8,6,11,11,11,7,10,2,9,9,6,10,6,10,9,7,11,11,10,11,11,7,9,,,8,6,,,10,4,1,10,11,11,9,10,6,11,11,6,4,5,7,1,9,3,6,9,11,11,7,,11,,,10,11,10,11,9,9,10,8,10,10,5,8,10,10,5,10,8,11,11,8,9,10,5,8,6,11,10,11,9,11,10,10,7,11,11,11,10,10,8,8,,,5,4,,,10,7,11,10,10,10,10,11,10,11,8,10,11,11,11,11,11,11,11,11,10,11,10,8,,3,,,b'\x11\xe8\xe1I\xd5\x94u\x9c\x98|\x12\xdf\x17\xaeN\x1e'
11E8E149-D594-759C-987C-12DF17AE4E1E,2023-ncaa-d2-natl,ncaa,292,279,280,293,285,290,292,283,295,291,256,296,278,267,285,212,252,227,260,223,142,281,267,294,293,294,159,222,33,278,281,195,253,247,280,290,210,220,283,291,281,284,256,264,,,73,111,,,295,251,17,208,291,293,195,280,114,264,218,178,119,120,177,56,235,25,94,288,285,260,223,,226,,,297,138,155,146,159,153,131,179,154,176,109,183,101,119,46,111,131,141,77,159,136,230,125,167,100,243,253,166,281,205,280,142,125,285,290,277,236,287,119,189,,,226,112,,,295,48,295,267,295,288,286,296,282,286,253,284,209,235,230,294,289,293,296,298,256,248,284,196,,77,,,b'\x11\xe8\xe1I\xd5\x94u\x9c\x98|\x12\xdf\x17\xaeN\x1e'
11E8E149-D594-759C-987C-12DF17AE4E1E,2024-ncaa-d2-conf-PacWest,ncaa,11,11,7,11,7,7,10,5,11,9,5,10,6,5,10,6,3,3,7,3,3,5,7,11,11,8,4,4,2,8,11,6,10,8,11,7,4,2,2,4,10,10,11,11,,,11,9,,,11,5,1,2,6,10,2,9,4,6,4,2,2,2,2,3,6,4,6,5,5,9,11,,11,,,11,11,11,9,9,9,5,11,9,9,7,8,10,10,2,10,11,11,9,10,9,11,8,7,8,10,10,11,11,11,11,10,8,8,10,11,2,3,7,7,,,6,4,,,11,8,9,11,11,11,11,11,10,8,10,9,10,11,11,11,11,11,11,11,10,8,4,7,,3,,,b'\x11\xe8\xe1I\xd5\x94u\x9c\x98|\x12\xdf\x17\xaeN\x1e'
11E8E149-D594-759C-987C-12DF17AE4E1E,2024-ncaa-d2-natl,ncaa,290,247,289,291,291,288,289,285,292,291,285,289,238,234,244,117,239,239,218,236,49,283,287,288,285,254,47,113,31,273,269,277,253,281,284,275,95,8,93,165,280,243,294,293,,,92,274,,,273,288,55,113,227,272,79,269,137,152,80,81,57,57,63,87,193,120,156,200,122,216,291,,293,,,278,33,29,22,192,26,14,240,102,107,128,236,113,151,24,151,286,21,17,208,206,240,234,198,207,108,253,99,269,90,284,47,166,285,242,239,11,104,53,173,,,262,69,,,273,13,265,263,276,279,261,268,233,167,257,280,272,292,294,282,264,277,296,295,240,195,114,181,,47,,,b'\x11\xe8\xe1I\xd5\x94u\x9c\x98|\x12\xdf\x17\xaeN\x1e'
11E8E149-D594-759C-987C-12DF17AE4E1E,2025-ncaa-d2-conf-PacWest,genius_ncaa,12,11,9,12,9,9,12,7,14,8,6,11,13,8,14,7,4,4,11,4,4,5,4,14,14,13,9,14,2,5,6,3,2,3,5,13,13,13,12,14,8,9,14,14,,,14,14,,13,12,4,1,1,9,11,4,8,5,12,7,4,3,3,3,1,4,1,1,12,13,8,14,,14,,13,12,10,5,3,8,10,7,10,2,4,2,4,13,14,12,14,14,9,10,3,9,7,5,2,13,3,2,10,6,8,5,6,6,8,9,5,5,6,10,10,,,2,3,,4,12,12,13,5,10,13,11,11,13,13,2,5,14,14,14,12,12,4,12,10,7,6,8,13,,1,,4,b'\x11\xe8\xe1I\xd5\x94u\x9c\x98|\x12\xdf\x17\xaeN\x1e'
11E8E149-D594-759C-987C-12DF17AE4E1E,2025-ncaa-d2-natl,genius_ncaa,261,200,291,257,291,285,290,281,287,277,265,260,282,239,300,172,195,180,222,186,68,277,275,291,286,280,191,256,17,194,162,209,29,210,83,290,293,87,214,289,234,172,291,295,,,133,288,,221,219,282,43,59,240,266,84,195,102,265,142,55,40,42,65,45,77,14,12,294,243,143,293,,286,,278,225,15,12,16,64,19,24,100,43,56,48,164,151,147,174,140,262,16,17,67,104,125,229,113,269,13,29,62,162,28,83,26,117,257,179,119,41,120,105,211,,,175,32,,92,219,24,278,82,215,164,115,201,128,164,128,200,270,269,269,245,234,61,272,216,116,146,164,235,,14,,42,b'\x11\xe8\xe1I\xd5\x94u\x9c\x98|\x12\xdf\x17\xaeN\x1e'
11E8E149-D594-759C-987C-12DF17AE4E1E,2026-ncaa-d2-conf-PacWest,genius_ncaa,9,9,4,9,5,11,10,11,6,6,8,5,12,12,12,12,5,6,3,6,5,11,10,8,4,8,11,12,2,11,11,5,6,9,9,12,12,6,10,12,11,11,8,10,,,6,10,,3,11,9,10,3,11,11,12,5,7,12,12,5,5,5,11,11,10,3,9,12,7,11,8,,9,,3,11,7,7,7,9,11,8,11,5,5,3,5,6,7,4,7,8,8,5,9,8,10,2,4,7,6,6,6,11,7,9,8,10,12,12,12,10,11,5,8,,,2,1,,4,11,6,9,10,11,9,9,8,12,9,5,5,7,7,8,9,4,7,6,8,8,12,11,6,,1,,3,b'\x11\xe8\xe1I\xd5\x94u\x9c\x98|\x12\xdf\x17\xaeN\x1e'
11E8E149-D594-759C-987C-12DF17AE4E1E,2026-ncaa-d2-natl,genius_ncaa,276,239,221,276,266,269,274,276,196,254,252,217,266,277,197,256,177,175,187,174,54,267,259,218,191,244,186,245,30,285,280,202,219,254,243,271,176,153,282,267,278,281,177,162,,,90,173,,105,273,248,113,284,269,274,294,229,210,263,278,94,74,75,286,238,284,57,209,251,263,264,134,,216,,165,275,107,112,104,141,119,100,141,131,131,153,146,101,98,177,98,129,98,69,151,153,227,157,164,146,164,219,77,280,103,243,138,188,281,279,275,203,287,92,171,,,153,10,,132,273,56,271,253,273,252,243,277,228,257,207,219,199,194,199,282,235,263,172,237,240,263,272,147,,20,,86,b'\x11\xe8\xe1I\xd5\x94u\x9c\x98|\x12\xdf\x17\xaeN\x1e'
11E8E149-D598-E776-987C-12DF17AE4E1E,2018-ncaa-d2-conf-MEC,ncaa,9,10,3,10,5,10,11,12,7,11,12,7,8,7,7,6,4,4,10,4,2,12,12,9,9,10,7,7,3,5,2,8,1,8,1,12,10,12,12,12,9,7,5,3,,,4,10,,,7,11,12,9,12,12,12,12,12,10,9,5,6,6,12,12,5,10,8,12,10,10,5,,3,,,7,1,1,1,4,3,3,4,2,2,6,3,5,2,11,2,6,1,1,4,4,3,5,4,8,1,1,1,2,1,1,2,2,8,5,3,11,11,2,4,,,4,3,,,7,2,10,3,6,1,1,1,1,2,3,3,4,2,2,1,1,1,1,1,2,10,11,2,,5,,,b'\x11\xe8\xe1I\xd5\x98\xe7v\x98|\x12\xdf\x17\xaeN\x1e'
11E8E149-D598-E776-987C-12DF17AE4E1E,2018-ncaa-d2-natl,ncaa,146,206,41,176,47,137,134,142,141,135,153,133,144,139,172,149,152,121,222,125,121,144,107,150,153,196,170,161,158,75,46,65,19,65,11,179,227,284,264,250,171,172,58,57,,,174,188,,,132,123,274,105,235,225,275,211,234,189,194,219,177,177,264,226,105,121,103,249,236,225,80,,87,,,134,138,125,168,96,135,169,110,132,166,83,149,185,164,226,162,147,166,156,95,104,127,162,126,199,54,19,92,46,68,11,53,39,177,177,98,271,252,73,80,,,105,137,,,132,184,178,94,132,40,43,39,65,68,84,106,118,93,91,32,22,20,16,13,22,242,222,47,,194,,,b'\x11\xe8\xe1I\xd5\x98\xe7v\x98|\x12\xdf\x17\xaeN\x1e'
11E8E149-D598-E776-987C-12DF17AE4E1E,2019-ncaa-d2-conf-MEC,ncaa,2,2,2,2,3,3,3,8,1,2,3,1,12,12,5,12,3,4,1,4,5,7,7,2,1,3,11,12,4,11,8,5,4,8,3,5,9,10,11,8,3,2,4,4,,,11,11,,,2,5,11,6,5,4,12,2,7,12,12,4,6,6,12,11,11,7,11,7,8,3,6,,6,,,2,2,2,4,1,1,5,1,9,9,9,11,3,2,12,2,6,3,8,2,3,1,12,12,5,5,4,1,8,1,3,4,9,2,2,1,8,7,11,10,,,3,1,,,2,9,3,1,2,1,1,1,1,1,6,6,2,2,2,1,1,2,1,1,2,3,6,10,,5,,,b'\x11\xe8\xe1I\xd5\x98\xe7v\x98|\x12\xdf\x17\xaeN\x1e'
11E8E149-D598-E776-987C-12DF17AE4E1E,2019-ncaa-d2-natl,ncaa,31,36,30,35,36,22,20,83,1,4,19,7,260,287,97,306,11,20,45,19,135,62,50,9,7,15,302,308,88,188,139,62,159,104,86,62,265,262,185,133,18,29,57,76,,,288,218,,,29,28,89,163,20,10,209,2,35,290,305,14,47,41,158,159,252,150,220,110,186,29,83,,237,,,31,243,236,271,104,188,235,97,268,270,178,233,193,164,256,168,104,264,290,113,111,65,216,239,122,253,159,55,139,134,86,195,124,21,39,46,258,178,291,227,,,25,55,,,29,284,28,68,31,107,113,148,90,117,217,216,100,72,77,133,216,169,8,32,110,36,183,280,,68,,,b'\x11\xe8\xe1I\xd5\x98\xe7v\x98|\x12\xdf\x17\xaeN\x1e'
11E8E149-D598-E776-987C-12DF17AE4E1E,2020-ncaa-d2-conf-MEC,ncaa,3,3,3,3,4,6,6,9,2,5,5,5,7,12,1,12,1,2,5,2,5,9,10,3,3,2,7,9,2,11,9,6,2,8,4,5,8,3,6,5,4,2,6,6,,,4,10,,,2,9,12,3,7,6,12,5,6,7,12,1,2,2,11,12,12,7,11,7,5,4,6,,4,,,2,1,2,2,2,2,2,2,4,7,1,10,2,2,9,2,6,2,4,2,2,1,9,8,6,2,2,2,9,2,4,2,3,4,2,1,3,5,8,7,,,3,1,,,2,4,2,1,2,1,1,1,2,2,4,6,1,1,1,1,2,2,2,1,2,4,3,7,,4,,,b'\x11\xe8\xe1I\xd5\x98\xe7v\x98|\x12\xdf\x17\xaeN\x1e'
11E8E149-D598-E776-987C-12DF17AE4E1E,2020-ncaa-d2-natl,ncaa,35,46,17,44,18,14,17,63,10,10,15,34,163,267,6,297,6,8,84,10,79,51,57,23,15,16,259,273,63,156,152,66,94,95,88,52,223,165,82,83,19,25,105,117,,,224,140,,,22,33,115,30,14,17,155,9,31,205,292,14,22,24,98,134,209,139,174,89,91,28,131,,144,,,26,205,232,253,120,216,196,186,218,281,52,261,111,90,234,82,63,237,266,121,112,73,126,191,77,152,94,125,152,135,88,113,37,30,54,40,167,96,221,104,,,10,23,,,22,279,17,63,25,97,130,147,128,98,160,233,54,44,34,105,179,89,39,41,60,57,98,176,,25,,,b'\x11\xe8\xe1I\xd5\x98\xe7v\x98|\x12\xdf\x17\xaeN\x1e'
11E8E149-D598-E776-987C-12DF17AE4E1E,2021-ncaa-d2-conf-MEC,ncaa,1,1,1,1,1,1,1,1,5,1,1,6,6,6,1,9,2,2,3,2,9,1,1,6,6,2,7,7,4,3,6,1,2,1,4,3,8,2,1,1,3,4,4,4,,,8,5,,,2,1,9,4,3,3,3,2,1,6,8,2,4,5,4,7,7,5,6,6,1,4,5,,4,,,2,4,3,9,2,3,4,3,8,11,2,10,6,5,11,5,6,8,11,2,2,2,9,8,6,3,2,12,6,9,4,4,4,2,3,1,1,1,7,3,,,2,6,,,2,12,3,1,2,2,1,2,1,1,7,7,4,4,4,2,2,2,7,6,2,4,1,5,,6,,,b'\x11\xe8\xe1I\xd5\x98\xe7v\x98|\x12\xdf\x17\xaeN\x1e'
11E8E149-D598-E776-987C-12DF17AE4E1E,2021-ncaa-d2-natl,ncaa,8,24,19,13,26,12,10,5,46,4,2,82,38,59,15,199,12,14,81,14,179,7,12,60,62,27,177,160,143,14,81,17,81,10,75,34,192,120,7,16,12,34,36,69,,,206,92,,,4,13,31,117,9,9,10,7,9,82,143,43,53,53,12,31,49,47,39,74,14,29,75,,112,,,10,187,186,202,72,182,194,104,170,208,26,151,175,174,139,175,88,200,213,63,60,41,85,94,95,191,81,217,81,217,75,152,24,8,39,13,92,5,180,41,,,9,91,,,4,212,19,34,11,84,93,138,114,107,82,153,79,78,78,126,168,104,161,151,35,30,9,101,,35,,,b'\x11\xe8\xe1I\xd5\x98\xe7v\x98|\x12\xdf\x17\xaeN\x1e'
11E8E149-D598-E776-987C-12DF17AE4E1E,2022-ncaa-d2-conf-MEC,ncaa,2,2,2,2,2,3,4,5,4,4,6,5,5,6,1,6,1,6,1,6,3,5,5,3,3,4,3,6,6,4,4,2,2,3,2,4,4,6,6,5,8,8,7,7,,,11,11,,,3,6,11,1,5,5,5,5,10,5,6,1,8,8,5,9,5,2,4,5,5,10,7,,9,,,3,3,1,5,2,1,3,3,11,12,5,11,8,8,3,8,11,6,5,2,3,4,12,11,10,3,2,3,4,3,2,2,3,6,7,5,5,5,4,4,,,4,3,,,3,6,3,3,3,2,2,3,1,1,10,11,8,8,8,2,2,3,2,2,2,7,3,4,,4,,,b'\x11\xe8\xe1I\xd5\x98\xe7v\x98|\x12\xdf\x17\xaeN\x1e'
11E8E149-D598-E776-987C-12DF17AE4E1E,2022-ncaa-d2-natl,ncaa,39,48,30,47,30,21,24,35,50,32,35,79,38,76,12,169,21,45,28,47,154,37,26,44,37,41,103,117,141,60,77,14,42,22,17,88,249,245,123,156,170,253,208,233,,,287,237,,,46,24,109,8,24,30,81,61,98,63,130,56,106,112,76,90,123,19,47,156,142,238,237,,230,,,49,262,237,275,48,175,220,95,285,298,79,272,269,270,138,270,240,280,271,75,87,142,280,254,207,175,42,165,77,169,17,74,10,124,230,82,213,101,115,40,,,23,105,,,46,277,34,118,51,158,118,220,57,82,252,286,202,201,206,225,189,86,36,44,19,208,121,53,,71,,,b'\x11\xe8\xe1I\xd5\x98\xe7v\x98|\x12\xdf\x17\xaeN\x1e'
11E8E149-D598-E776-987C-12DF17AE4E1E,2023-ncaa-d2-conf-MEC,ncaa,2,3,1,3,1,5,4,3,6,6,6,6,5,4,4,4,10,9,7,9,10,5,5,4,5,5,5,4,9,4,4,7,1,3,3,6,9,5,5,6,4,4,8,3,,,12,12,,,5,7,11,6,6,6,5,9,9,5,5,10,10,10,9,10,4,9,6,8,3,6,8,,10,,,5,3,1,2,2,2,3,5,5,6,4,8,11,11,12,11,11,3,4,2,5,4,11,7,12,1,1,6,4,4,3,2,4,4,3,2,5,4,2,2,,,7,8,,,5,5,5,3,4,1,1,1,1,1,5,5,10,10,10,2,2,1,3,1,2,4,3,2,,9,,,b'\x11\xe8\xe1I\xd5\x98\xe7v\x98|\x12\xdf\x17\xaeN\x1e'
11E8E149-D598-E776-987C-12DF17AE4E1E,2023-ncaa-d2-natl,ncaa,28,55,8,49,10,14,14,12,59,28,32,83,14,20,32,83,76,86,90,80,202,15,7,42,52,71,97,60,242,27,59,42,129,26,81,70,271,283,144,177,48,138,114,155,,,297,285,,,56,10,87,114,38,32,49,78,125,35,60,172,195,191,70,67,69,185,113,173,176,136,179,,278,,,63,288,259,271,135,244,245,171,235,269,87,165,298,296,241,296,273,279,285,134,179,143,239,125,273,230,129,257,59,254,81,165,50,20,78,41,268,145,150,58,,,27,184,,,56,290,52,121,67,159,99,81,99,69,129,166,274,259,259,131,180,111,73,82,53,77,171,61,,131,,,b'\x11\xe8\xe1I\xd5\x98\xe7v\x98|\x12\xdf\x17\xaeN\x1e'
11E8E149-D598-E776-987C-12DF17AE4E1E,2024-ncaa-d2-conf-MEC,ncaa,3,4,3,4,3,7,6,6,3,5,7,2,8,6,11,7,8,9,7,9,8,7,7,5,5,7,9,8,8,4,3,8,2,6,4,10,11,6,7,9,5,5,8,6,,,1,3,,,7,8,10,5,7,6,8,5,8,9,6,9,9,9,9,9,4,8,7,11,4,5,8,,1,,,7,2,3,2,9,3,4,8,7,4,11,6,2,2,5,2,3,1,2,9,8,6,5,9,2,1,2,3,3,2,4,2,4,5,4,6,6,7,6,7,,,8,6,,,7,4,7,6,7,2,3,1,3,3,7,5,2,2,2,1,2,1,3,2,3,5,6,6,,9,,,b'\x11\xe8\xe1I\xd5\x98\xe7v\x98|\x12\xdf\x17\xaeN\x1e'
11E8E149-D598-E776-987C-12DF17AE4E1E,2024-ncaa-d2-natl,ncaa,73,93,50,83,51,66,49,72,37,37,74,24,142,110,207,170,96,83,197,74,119,69,40,63,79,121,245,219,190,50,37,149,126,96,66,181,290,287,239,257,63,93,148,178,,,223,131,,,131,49,104,41,81,53,137,42,130,185,158,141,120,113,121,77,73,239,169,229,254,88,182,,140,,,133,255,263,202,263,255,189,255,245,193,268,168,146,138,205,139,101,198,245,266,260,186,125,194,63,129,126,114,37,106,66,226,99,27,40,70,291,255,219,170,,,49,109,,,131,254,112,163,135,191,212,108,200,101,208,143,91,84,85,83,159,63,28,30,163,44,263,181,,81,,,b'\x11\xe8\xe1I\xd5\x98\xe7v\x98|\x12\xdf\x17\xaeN\x1e'
11E8E149-D598-E776-987C-12DF17AE4E1E,2025-ncaa-d2-conf-MEC,genius_ncaa,7,7,4,8,5,6,6,7,4,7,9,4,6,5,8,5,5,3,7,3,3,7,6,6,5,7,5,6,3,3,3,1,1,3,1,8,9,7,10,10,11,11,4,4,,,8,9,,10,7,7,9,8,7,7,8,8,10,8,5,5,3,3,8,8,3,1,3,8,8,11,4,,8,,10,7,5,4,4,3,4,4,4,5,8,5,7,7,8,5,8,9,4,3,2,2,8,7,7,9,1,1,3,3,2,1,3,3,10,11,8,9,9,1,3,,,2,2,,4,7,4,6,5,7,4,4,4,4,4,6,6,6,6,6,4,3,1,3,2,3,11,7,1,,2,,4,b'\x11\xe8\xe1I\xd5\x98\xe7v\x98|\x12\xdf\x17\xaeN\x1e'
11E8E149-D598-E776-987C-12DF17AE4E1E,2025-ncaa-d2-natl,genius_ncaa,107,141,43,131,66,60,65,79,89,88,121,55,75,71,143,103,58,38,189,36,33,68,36,80,82,142,98,127,114,36,30,14,31,16,8,155,263,290,253,255,276,294,70,106,,,273,245,,300,128,47,75,207,86,102,162,130,213,99,96,83,67,64,127,76,57,11,11,216,257,293,88,,233,,299,129,263,242,268,87,242,256,105,193,246,69,163,262,253,186,256,184,275,249,84,99,163,154,125,203,130,31,116,30,114,8,66,14,199,265,130,268,205,57,43,,,10,18,,7,128,259,120,148,122,166,160,235,171,200,146,201,217,209,213,250,178,70,39,42,25,253,217,23,,11,,9,b'\x11\xe8\xe1I\xd5\x98\xe7v\x98|\x12\xdf\x17\xaeN\x1e'
11E8E149-D598-E776-987C-12DF17AE4E1E,2026-ncaa-d2-conf-MEC,genius_ncaa,2,2,1,2,1,4,5,8,2,8,8,6,2,5,1,4,4,3,8,3,1,7,6,2,2,3,2,3,3,7,5,1,1,3,1,3,1,9,11,6,11,11,5,5,,,10,9,,9,4,6,7,1,4,5,11,9,9,3,6,4,4,4,9,7,8,1,3,3,9,11,5,,8,,8,5,7,5,6,2,3,4,2,11,10,6,10,7,8,7,7,8,7,5,2,3,8,11,11,8,2,1,4,5,3,1,5,5,9,10,8,7,10,2,4,,,2,1,,2,4,6,2,5,4,6,4,6,1,1,11,10,6,7,6,6,4,1,2,1,5,9,7,2,,2,,4,b'\x11\xe8\xe1I\xd5\x98\xe7v\x98|\x12\xdf\x17\xaeN\x1e'
11E8E149-D598-E776-987C-12DF17AE4E1E,2026-ncaa-d2-natl,genius_ncaa,107,144,59,135,84,117,121,144,93,150,156,134,77,115,56,111,159,179,90,174,169,155,119,84,89,161,96,80,207,166,184,7,6,35,14,119,127,261,269,201,296,298,164,213,,,186,155,,239,189,111,175,88,188,176,252,209,237,106,160,208,234,230,274,213,223,3,26,152,239,298,186,,121,,223,187,201,194,229,83,162,220,34,238,212,247,151,152,153,134,151,87,217,168,112,92,215,214,235,106,70,6,146,184,124,14,132,60,271,297,269,169,152,204,237,,,103,98,,13,189,193,173,156,185,144,141,222,103,207,222,177,104,114,108,202,65,28,68,33,86,294,125,187,,152,,20,b'\x11\xe8\xe1I\xd5\x98\xe7v\x98|\x12\xdf\x17\xaeN\x1e'
11E8E149-D59D-33A8-987C-12DF17AE4E1E,2018-ncaa-d2-conf-CACC,ncaa,5,5,5,5,5,3,4,5,4,7,10,5,3,2,4,3,1,1,2,1,1,3,3,3,3,4,2,2,1,9,11,3,9,5,9,5,5,7,7,5,9,13,13,13,,,4,2,,,5,1,1,4,1,2,4,7,10,2,2,1,1,1,1,1,10,2,5,4,8,12,13,,5,,,5,13,13,14,9,12,14,10,13,14,7,12,7,6,11,6,4,14,14,10,10,9,9,12,5,13,9,11,11,12,9,11,7,4,9,9,8,6,14,14,,,1,1,,,5,14,4,8,5,12,12,14,11,11,12,13,8,6,6,14,14,13,11,11,11,3,7,14,,1,,,b'\x11\xe8\xe1I\xd5\x9d3\xa8\x98|\x12\xdf\x17\xaeN\x1e'
11E8E149-D59D-33A8-987C-12DF17AE4E1E,2018-ncaa-d2-natl,ncaa,67,74,64,73,78,49,80,54,153,129,126,170,29,29,74,83,9,19,43,19,22,36,25,121,86,112,23,70,33,115,194,42,256,57,210,49,52,288,186,135,136,247,253,289,,,71,3,,,126,20,9,93,29,90,48,170,164,29,36,6,25,24,27,19,138,32,68,49,258,173,270,,28,,,129,290,294,299,136,287,291,135,289,297,162,228,103,112,103,111,26,296,300,147,107,116,133,246,20,306,256,275,194,300,210,297,229,44,142,203,275,186,286,280,,,8,28,,,126,292,125,151,126,273,290,304,270,290,274,291,69,81,79,298,300,296,254,284,282,59,249,284,,2,,,b'\x11\xe8\xe1I\xd5\x9d3\xa8\x98|\x12\xdf\x17\xaeN\x1e'
11E8E149-D59D-33A8-987C-12DF17AE4E1E,2019-ncaa-d2-conf-CACC,ncaa,10,10,9,10,11,8,9,11,7,10,9,11,5,9,1,8,4,4,7,4,3,9,8,7,6,7,4,6,4,11,11,1,1,5,4,4,2,12,11,8,14,14,4,4,,,3,2,,,9,6,2,6,5,8,8,9,6,4,8,4,2,2,7,2,10,1,1,3,12,14,3,,5,,,9,10,11,12,4,6,11,4,13,13,10,10,9,8,8,8,6,13,9,4,3,8,10,12,6,6,1,6,11,6,4,13,11,14,14,14,13,14,13,12,,,4,2,,,9,9,9,8,8,13,12,14,10,14,14,14,10,9,9,14,14,10,9,11,13,14,14,13,,2,,,b'\x11\xe8\xe1I\xd5\x9d3\xa8\x98|\x12\xdf\x17\xaeN\x1e'
11E8E149-D59D-33A8-987C-12DF17AE4E1E,2019-ncaa-d2-natl,ncaa,216,222,182,224,202,154,185,180,180,223,185,245,93,149,22,154,99,101,162,101,76,172,145,143,137,180,52,81,86,180,194,41,133,84,121,78,9,268,259,151,306,311,131,169,,,85,35,,,227,123,38,125,123,164,147,222,159,77,136,77,80,80,121,68,158,5,28,34,274,310,118,,104,,,225,229,232,276,85,176,247,62,284,267,226,219,130,138,132,134,72,273,200,103,93,202,224,271,79,250,133,197,194,226,121,292,280,283,306,306,285,277,264,283,,,97,71,,,227,190,203,217,219,268,263,304,204,287,287,285,151,162,160,303,273,260,229,254,290,292,283,275,,45,,,b'\x11\xe8\xe1I\xd5\x9d3\xa8\x98|\x12\xdf\x17\xaeN\x1e'
11E8E149-D59D-33A8-987C-12DF17AE4E1E,2020-ncaa-d2-conf-CACC,ncaa,6,6,4,6,8,8,10,13,8,14,13,9,3,5,2,2,8,12,1,12,8,13,13,4,2,6,2,2,5,14,13,5,10,11,8,4,1,12,13,7,14,14,11,12,,,4,5,,,6,12,11,13,9,11,14,14,13,3,4,8,13,13,14,12,14,4,11,3,11,14,12,,4,,,6,6,7,9,4,4,10,4,9,9,6,9,7,8,2,8,8,12,4,5,5,7,7,8,8,11,10,4,13,6,8,7,7,13,14,12,10,12,12,13,,,9,7,,,6,4,9,8,7,6,6,10,4,7,8,9,6,8,8,10,6,10,4,6,6,13,10,12,,10,,,b'\x11\xe8\xe1I\xd5\x9d3\xa8\x98|\x12\xdf\x17\xaeN\x1e'
11E8E149-D59D-33A8-987C-12DF17AE4E1E,2020-ncaa-d2-natl,ncaa,179,203,102,192,168,205,215,201,214,263,240,260,74,109,33,65,216,272,5,273,260,235,213,160,148,183,28,26,198,208,200,131,251,174,208,91,5,211,241,127,290,303,188,205,,,61,45,,,212,206,254,289,230,250,252,285,268,73,120,248,294,295,282,268,226,143,187,77,193,301,198,,41,,,208,170,182,225,102,159,194,98,222,221,161,196,80,141,16,134,114,209,162,112,80,146,163,235,72,287,251,130,200,216,208,246,258,234,254,270,225,249,268,291,,,241,226,,,212,115,192,195,200,134,158,214,134,170,207,214,67,126,122,194,130,278,105,199,229,258,211,263,,274,,,b'\x11\xe8\xe1I\xd5\x9d3\xa8\x98|\x12\xdf\x17\xaeN\x1e'
11E8E149-D59D-33A8-987C-12DF17AE4E1E,2022-ncaa-d2-conf-CACC,ncaa,2,1,3,2,3,3,4,5,4,5,8,4,4,4,3,4,3,2,5,2,2,3,3,3,3,3,5,5,4,8,8,1,1,1,1,3,1,7,6,4,12,12,2,3,,,3,3,,,3,3,11,2,5,5,11,8,10,4,4,3,3,3,9,10,8,1,2,3,6,13,2,,1,,,3,5,6,11,2,7,13,1,4,3,7,1,7,7,9,7,4,11,7,2,2,3,1,3,5,1,1,8,8,5,1,2,2,10,11,8,4,4,6,6,,,4,3,,,3,11,4,2,3,2,2,6,3,13,2,1,5,6,6,5,2,1,4,1,2,12,4,3,,2,,,b'\x11\xe8\xe1I\xd5\x9d3\xa8\x98|\x12\xdf\x17\xaeN\x1e'
11E8E149-D59D-33A8-987C-12DF17AE4E1E,2022-ncaa-d2-natl,ncaa,22,35,18,31,19,57,62,39,164,66,50,164,82,63,172,140,44,55,51,56,153,38,27,165,145,151,127,160,95,27,75,9,26,9,19,23,15,263,150,75,166,243,31,85,,,159,49,,,35,38,213,52,147,165,148,164,151,147,140,97,137,145,142,155,80,10,17,41,150,252,49,,36,,,47,167,197,273,20,215,295,4,113,67,253,18,101,118,56,119,17,268,257,14,6,22,51,98,73,161,26,254,75,234,19,166,114,89,165,112,163,59,221,146,,,26,109,,,35,264,130,15,43,12,35,140,74,264,44,11,25,40,38,94,75,68,118,90,59,189,66,137,,108,,,b'\x11\xe8\xe1I\xd5\x9d3\xa8\x98|\x12\xdf\x17\xaeN\x1e'
11E8E149-D59D-33A8-987C-12DF17AE4E1E,2023-ncaa-d2-conf-CACC,ncaa,5,2,7,5,10,8,10,11,6,11,11,7,5,8,2,7,7,7,8,7,3,9,12,6,5,6,3,4,4,8,6,9,3,9,4,8,5,1,4,4,12,10,2,2,,,3,5,,,5,12,12,8,7,9,11,10,10,5,8,6,8,6,10,12,7,6,7,6,3,12,4,,3,,,5,1,1,1,2,1,3,2,5,3,10,7,3,3,2,3,7,2,2,3,3,5,10,8,7,1,3,2,6,2,4,1,3,12,5,5,1,2,6,9,,,7,3,,,5,2,6,4,4,2,2,2,2,3,6,4,3,3,3,2,2,3,4,3,1,12,1,5,,7,,,b'\x11\xe8\xe1I\xd5\x9d3\xa8\x98|\x12\xdf\x17\xaeN\x1e'
11E8E149-D59D-33A8-987C-12DF17AE4E1E,2023-ncaa-d2-natl,ncaa,67,67,68,70,77,120,114,93,167,150,97,229,76,105,38,133,168,152,206,149,194,98,100,142,164,145,81,68,206,36,42,78,93,49,41,55,29,138,115,61,162,185,30,40,,,80,60,,,57,146,255,79,162,161,121,203,143,83,121,201,190,185,136,168,43,95,41,50,105,204,35,,43,,,54,64,88,157,45,98,208,23,99,84,202,72,42,90,19,90,58,144,155,48,33,36,101,151,82,150,93,166,42,160,41,121,182,115,113,100,45,36,231,215,,,149,193,,,57,158,106,32,51,14,40,75,53,169,83,56,29,61,62,46,58,118,101,98,92,146,38,208,,208,,,b'\x11\xe8\xe1I\xd5\x9d3\xa8\x98|\x12\xdf\x17\xaeN\x1e'
11E8E149-D59D-33A8-987C-12DF17AE4E1E,2024-ncaa-d2-conf-CACC,ncaa,2,2,2,2,3,3,2,3,3,4,5,3,3,6,2,6,7,12,1,12,10,3,4,3,3,3,6,5,12,7,6,3,6,4,4,3,3,7,7,5,3,5,6,6,,,4,3,,,3,3,9,12,6,6,9,7,8,3,8,10,12,12,11,10,9,3,6,4,6,8,6,,3,,,3,4,4,8,3,4,8,3,6,9,3,8,3,4,8,4,3,7,8,3,2,2,6,9,3,7,6,4,6,6,4,1,3,2,5,2,3,3,5,7,,,7,9,,,3,10,3,3,3,3,3,4,3,5,2,7,3,3,3,3,4,6,3,4,1,7,3,5,,11,,,b'\x11\xe8\xe1I\xd5\x9d3\xa8\x98|\x12\xdf\x17\xaeN\x1e'
11E8E149-D59D-33A8-987C-12DF17AE4E1E,2024-ncaa-d2-natl,ncaa,73,59,117,69,170,146,125,125,130,137,115,177,116,146,54,158,244,256,112,254,275,148,150,126,146,132,170,99,267,120,114,114,180,108,124,67,41,132,131,79,84,85,93,101,,,27,12,,,50,168,177,295,158,121,116,141,112,108,161,263,272,270,175,186,119,94,94,57,132,82,99,,15,,,48,34,56,176,10,61,174,13,108,152,52,165,18,17,79,17,13,130,160,15,5,9,98,201,30,226,180,138,114,180,124,75,150,81,66,52,29,34,211,191,,,256,281,,,50,143,132,11,42,16,31,182,42,176,97,149,9,10,11,107,146,222,112,165,72,80,32,211,,279,,,b'\x11\xe8\xe1I\xd5\x9d3\xa8\x98|\x12\xdf\x17\xaeN\x1e'
11E8E149-D59D-33A8-987C-12DF17AE4E1E,2025-ncaa-d2-conf-CACC,genius_ncaa,4,3,5,4,6,4,4,5,5,3,2,5,6,9,4,11,2,2,3,2,8,5,6,6,5,5,9,10,5,4,4,5,7,5,4,4,3,7,6,4,5,4,3,4,,,11,10,,3,4,5,1,12,1,3,2,2,2,7,10,1,2,2,2,2,4,5,3,3,7,3,3,,10,,5,4,6,6,7,6,7,8,4,3,2,6,2,9,10,3,10,9,7,8,5,5,6,3,3,9,6,7,4,4,7,4,1,1,4,5,2,2,1,6,6,,,7,7,,12,4,7,5,6,4,7,9,8,8,11,4,2,9,9,9,10,10,8,6,7,1,4,1,7,,6,,12,b'\x11\xe8\xe1I\xd5\x9d3\xa8\x98|\x12\xdf\x17\xaeN\x1e'
11E8E149-D59D-33A8-987C-12DF17AE4E1E,2025-ncaa-d2-natl,genius_ncaa,121,112,162,120,204,113,97,100,101,63,59,143,180,222,87,252,151,159,141,162,247,114,106,125,133,140,254,230,196,59,59,95,170,75,85,49,28,185,165,69,160,183,111,153,,,209,182,,15,124,120,52,283,65,41,43,33,27,183,224,131,135,138,58,51,52,42,20,23,201,144,104,,221,,10,124,170,144,195,99,160,235,56,121,101,197,61,232,230,116,226,173,205,194,87,103,122,144,107,214,226,170,136,59,167,85,111,97,140,175,126,43,18,147,85,,,206,263,,291,124,182,114,146,118,189,178,249,191,268,131,105,231,234,235,262,252,236,151,187,133,127,42,171,,210,,298,b'\x11\xe8\xe1I\xd5\x9d3\xa8\x98|\x12\xdf\x17\xaeN\x1e'
11E8E149-D59D-33A8-987C-12DF17AE4E1E,2026-ncaa-d2-conf-CACC,genius_ncaa,3,3,5,3,5,6,4,5,6,5,5,4,6,4,7,5,8,9,5,9,10,5,6,6,7,3,9,5,9,6,7,10,7,9,8,7,9,3,1,3,4,5,10,10,,,10,11,,1,4,6,2,1,3,1,1,2,1,5,2,8,9,9,1,2,3,8,6,4,2,3,10,,11,,1,4,5,5,3,8,5,5,3,6,1,10,1,8,9,4,9,10,4,6,8,8,5,10,6,8,6,7,7,7,6,8,3,1,3,2,2,1,1,1,1,,,7,9,,10,4,6,3,4,4,6,4,2,5,7,8,1,9,10,10,5,8,7,11,9,3,1,1,1,,8,,10,b'\x11\xe8\xe1I\xd5\x9d3\xa8\x98|\x12\xdf\x17\xaeN\x1e'
11E8E149-D59D-33A8-987C-12DF17AE4E1E,2026-ncaa-d2-natl,genius_ncaa,107,196,13,157,25,28,22,11,208,23,9,247,72,86,88,237,51,32,214,31,216,13,16,211,219,162,204,172,172,16,138,63,203,27,217,27,117,177,16,46,24,82,125,212,,,284,216,,17,196,17,35,84,74,61,11,56,10,132,179,112,81,84,14,27,44,207,108,72,58,61,175,,251,,8,192,284,284,276,278,284,282,248,231,179,274,56,258,279,40,279,177,279,281,272,263,226,81,114,124,260,203,295,138,290,217,285,203,16,75,165,68,1,283,198,,,49,230,,232,196,283,133,216,186,266,270,187,270,240,175,86,177,233,234,208,252,183,290,269,259,47,10,265,,148,,260,b'\x11\xe8\xe1I\xd5\x9d3\xa8\x98|\x12\xdf\x17\xaeN\x1e'
11E8E149-D5A1-698C-987C-12DF17AE4E1E,2019-ncaa-d2-conf-PSAC,ncaa,18,3,18,18,18,18,18,18,18,18,18,18,18,18,18,16,18,18,18,18,14,18,18,18,18,18,17,16,5,18,18,18,18,18,18,18,18,1,17,18,18,10,18,18,,,1,1,,,17,18,1,7,18,18,15,17,7,18,17,17,13,13,15,8,15,18,18,18,17,6,18,,6,,,18,1,1,1,17,1,1,18,1,1,11,12,1,1,16,1,11,1,1,18,18,16,5,9,5,1,18,1,18,1,18,1,18,18,5,18,1,17,1,11,,,18,10,,,17,1,18,18,18,18,18,17,18,16,17,17,14,14,14,17,18,18,18,18,18,4,17,15,,8,,,b'\x11\xe8\xe1I\xd5\xa1i\x8c\x98|\x12\xdf\x17\xaeN\x1e'
11E8E149-D5A1-698C-987C-12DF17AE4E1E,2019-ncaa-d2-natl,ncaa,304,123,306,304,306,306,306,306,310,306,306,311,308,307,311,301,306,306,300,306,256,306,306,311,311,311,305,310,68,306,292,307,308,307,308,307,306,5,301,311,305,128,307,305,,,5,33,,,302,306,26,225,310,309,240,257,57,311,303,272,203,194,238,92,253,296,296,311,301,63,302,,129,,,310,6,6,6,306,6,6,309,9,7,199,246,5,5,198,5,131,6,6,306,304,294,75,167,43,6,308,6,292,6,308,15,307,306,180,303,9,302,12,242,,,306,227,,,302,6,309,304,310,305,306,297,302,256,281,287,196,180,186,298,298,299,305,305,308,78,303,281,,184,,,b'\x11\xe8\xe1I\xd5\xa1i\x8c\x98|\x12\xdf\x17\xaeN\x1e'
11E8E149-D5A5-B136-987C-12DF17AE4E1E,2018-ncaa-d2-conf-CCAA,ncaa,4,4,3,4,4,3,5,10,2,6,10,2,3,5,2,5,2,7,1,5,3,10,6,2,2,3,3,4,4,13,12,5,4,10,7,2,1,13,13,5,6,9,12,12,,,6,4,,,6,3,4,10,4,7,13,10,13,3,10,4,8,6,13,12,13,7,11,3,12,9,12,,5,,,6,12,13,13,9,12,10,12,5,10,1,7,5,4,6,4,3,11,12,7,7,8,2,4,2,9,4,6,12,7,7,10,4,5,8,11,13,12,11,11,,,8,6,,,6,11,5,8,6,9,11,10,10,11,4,8,2,4,3,10,8,6,4,5,7,8,11,10,,10,,,b'\x11\xe8\xe1I\xd5\xa5\xb16\x98|\x12\xdf\x17\xaeN\x1e'
11E8E149-D5A5-B136-987C-12DF17AE4E1E,2018-ncaa-d2-natl,ncaa,107,87,148,102,188,137,163,240,49,183,242,82,108,192,11,135,92,183,2,180,92,236,223,46,16,62,63,105,66,298,282,202,124,271,201,64,5,205,260,97,136,131,297,301,,,114,136,,,119,176,148,226,115,157,286,202,258,101,189,69,173,167,274,250,303,226,296,39,222,140,301,,125,,,118,128,197,132,226,243,186,244,57,82,69,86,57,56,152,54,48,107,117,201,177,169,13,51,61,91,124,39,282,48,201,164,118,158,134,160,209,257,140,204,,,208,138,,,119,132,119,153,123,147,208,155,253,212,55,90,58,61,55,132,125,96,40,51,171,152,218,132,,207,,,b'\x11\xe8\xe1I\xd5\xa5\xb16\x98|\x12\xdf\x17\xaeN\x1e'
11E8E149-D5A5-B136-987C-12DF17AE4E1E,2019-ncaa-d2-conf-CCAA,ncaa,7,5,9,7,9,8,8,9,6,11,12,7,3,5,2,4,9,10,7,10,6,10,10,5,5,5,2,2,10,12,13,6,7,6,10,2,1,5,7,3,10,10,5,5,,,6,7,,,7,8,8,1,6,6,7,11,11,3,4,8,9,9,7,9,12,4,6,2,6,9,5,,8,,,7,7,7,8,4,6,8,4,7,9,3,8,5,5,11,5,4,8,7,3,3,10,8,8,6,10,7,9,13,10,10,5,4,13,13,10,4,7,13,13,,,12,10,,,7,6,5,10,7,10,10,13,9,10,8,12,7,5,5,13,11,11,12,13,6,12,6,13,,11,,,b'\x11\xe8\xe1I\xd5\xa5\xb16\x98|\x12\xdf\x17\xaeN\x1e'
11E8E149-D5A5-B136-987C-12DF17AE4E1E,2019-ncaa-d2-natl,ncaa,166,123,260,147,260,232,247,246,215,270,263,242,115,136,79,81,217,221,158,222,118,246,252,177,176,181,44,59,144,248,249,136,126,200,181,100,3,102,192,89,208,182,160,144,,,105,172,,,147,246,148,2,166,200,137,254,222,74,81,156,152,150,139,131,219,21,74,27,199,168,122,,205,,,148,31,38,103,39,69,116,64,57,117,27,157,130,123,175,122,154,98,73,36,41,90,151,106,225,135,126,136,249,130,181,32,87,265,250,157,103,170,257,298,,,258,215,,,147,67,212,97,148,137,123,264,140,244,120,218,219,209,211,263,225,218,260,251,95,225,181,288,,192,,,b'\x11\xe8\xe1I\xd5\xa5\xb16\x98|\x12\xdf\x17\xaeN\x1e'
11E8E149-D5A5-B136-987C-12DF17AE4E1E,2020-ncaa-d2-conf-CCAA,ncaa,4,4,5,4,5,9,9,8,6,10,8,7,3,4,3,3,10,7,13,7,5,8,7,5,6,5,2,3,12,11,11,8,9,9,10,2,1,6,7,3,4,4,12,12,,,11,10,,,7,5,7,1,9,8,8,9,7,3,3,10,8,8,7,7,10,8,9,1,6,4,12,,11,,,7,6,2,7,3,3,4,5,8,10,6,10,11,11,11,11,11,7,9,4,5,3,11,9,11,11,9,11,11,11,10,7,9,3,4,6,6,7,4,4,,,9,9,,,7,9,8,6,7,5,6,8,4,3,8,9,11,11,11,8,10,10,10,10,7,3,6,3,,9,,,b'\x11\xe8\xe1I\xd5\xa5\xb16\x98|\x12\xdf\x17\xaeN\x1e'
11E8E149-D5A5-B136-987C-12DF17AE4E1E,2020-ncaa-d2-natl,ncaa,82,88,102,87,107,148,145,118,165,198,174,199,62,84,56,80,230,190,266,189,178,134,152,133,166,148,78,45,268,206,242,184,223,205,248,67,27,113,104,61,79,77,272,271,,,253,246,,,125,134,184,23,167,162,141,227,210,58,83,258,204,204,154,191,224,220,244,53,90,79,275,,253,,,125,124,97,151,67,81,121,68,180,204,131,195,226,227,121,233,248,163,193,81,90,78,261,205,245,210,223,220,242,221,248,149,224,85,91,95,98,106,59,55,,,195,210,,,125,178,171,88,127,98,75,109,65,89,168,183,215,216,221,132,174,195,202,210,135,91,83,46,,225,,,b'\x11\xe8\xe1I\xd5\xa5\xb16\x98|\x12\xdf\x17\xaeN\x1e'
11E8E149-D5A5-B136-987C-12DF17AE4E1E,2022-ncaa-d2-conf-CCAA,ncaa,4,4,5,4,5,4,4,4,5,7,8,7,1,1,4,1,8,10,2,10,9,5,6,3,3,2,1,1,11,8,11,4,6,6,10,3,7,2,1,2,10,11,10,10,,,9,10,,,5,6,9,3,5,5,4,10,11,1,1,9,11,11,6,8,9,5,6,5,1,11,11,,9,,,5,9,7,7,7,6,7,9,7,11,4,9,11,11,6,11,10,8,7,7,9,10,9,4,10,7,6,11,11,10,10,6,4,10,11,8,3,4,8,10,,,9,12,,,5,7,3,11,5,9,8,8,6,6,7,9,11,11,11,9,6,8,10,9,4,11,3,7,,12,,,b'\x11\xe8\xe1I\xd5\xa5\xb16\x98|\x12\xdf\x17\xaeN\x1e'
11E8E149-D5A5-B136-987C-12DF17AE4E1E,2022-ncaa-d2-natl,ncaa,116,81,222,106,225,173,175,162,200,252,259,184,40,30,100,13,238,260,54,259,199,184,226,137,151,100,12,7,254,192,202,193,205,204,228,160,127,16,22,44,194,167,277,280,,,119,187,,,109,226,157,30,82,104,38,246,237,8,10,216,246,246,59,142,154,122,142,104,36,162,281,,195,,,104,71,62,83,98,69,76,153,103,153,43,208,129,149,73,148,217,89,87,103,109,136,187,154,202,168,205,156,202,159,228,62,109,207,174,134,21,40,92,188,,,269,282,,,109,70,104,154,114,151,143,191,131,127,151,231,194,217,217,208,190,225,255,249,114,162,38,133,,277,,,b'\x11\xe8\xe1I\xd5\xa5\xb16\x98|\x12\xdf\x17\xaeN\x1e'
11E8E149-D5A5-B136-987C-12DF17AE4E1E,2023-ncaa-d2-conf-CCAA,ncaa,5,4,5,4,6,5,5,8,4,9,9,2,3,2,3,2,6,11,1,11,9,8,11,2,2,2,4,2,10,12,12,6,7,8,9,5,4,1,2,1,11,11,12,12,,,1,1,,,5,8,10,7,5,4,8,8,10,2,2,7,11,11,10,11,12,4,10,4,1,11,12,,2,,,5,5,6,8,8,10,9,9,4,7,4,6,1,1,1,1,3,8,5,7,6,7,3,4,1,8,7,7,12,8,9,3,3,10,11,6,1,3,5,8,,,9,7,,,5,5,4,8,4,7,9,11,8,9,4,6,1,4,3,7,4,8,9,9,4,11,1,5,,11,,,b'\x11\xe8\xe1I\xd5\xa5\xb16\x98|\x12\xdf\x17\xaeN\x1e'
11E8E149-D5A5-B136-987C-12DF17AE4E1E,2023-ncaa-d2-natl,ncaa,84,82,110,89,135,126,134,139,136,193,202,134,57,63,70,47,163,208,31,208,171,150,168,96,94,85,49,39,187,243,268,79,144,131,219,118,106,81,95,79,213,233,294,297,,,111,77,,,103,139,168,208,129,149,154,218,236,45,54,179,229,228,183,218,254,54,151,114,80,227,296,,78,,,104,129,161,196,99,179,182,137,109,186,31,157,82,138,9,132,113,185,160,97,64,104,75,126,81,205,144,230,268,229,219,48,17,187,214,105,67,85,133,167,,,159,120,,,103,150,117,117,106,108,145,205,170,173,106,176,71,117,113,194,141,191,235,232,43,212,66,124,,178,,,b'\x11\xe8\xe1I\xd5\xa5\xb16\x98|\x12\xdf\x17\xaeN\x1e'
11E8E149-D5A5-B136-987C-12DF17AE4E1E,2024-ncaa-d2-conf-CCAA,ncaa,2,2,1,2,4,1,1,2,1,1,2,1,3,5,1,7,10,11,2,11,11,4,6,1,1,1,9,7,11,10,10,1,1,5,4,1,2,1,1,1,11,11,10,12,,,3,2,,,3,3,6,12,1,1,5,2,4,3,7,10,11,11,8,9,10,1,8,1,1,11,11,,1,,,3,11,12,12,5,12,11,6,9,11,2,9,7,3,12,2,1,12,9,4,4,9,4,8,2,2,1,8,10,8,4,2,1,12,12,9,2,2,6,5,,,10,10,,,3,10,2,8,3,8,8,12,9,10,6,9,6,1,1,11,4,1,5,3,2,12,2,5,,11,,,b'\x11\xe8\xe1I\xd5\xa5\xb16\x98|\x12\xdf\x17\xaeN\x1e'
11E8E149-D5A5-B136-987C-12DF17AE4E1E,2024-ncaa-d2-natl,ncaa,55,74,50,72,71,37,23,47,16,28,42,33,58,101,14,171,120,147,63,152,246,61,77,19,25,18,207,134,256,214,247,14,37,52,91,27,86,91,46,16,200,246,187,235,,,137,49,,,61,50,91,227,30,16,66,23,78,73,148,170,210,216,92,156,252,10,77,24,46,237,216,,65,,,64,250,254,281,80,248,264,109,235,272,53,212,166,156,181,156,62,279,247,81,74,174,127,181,76,172,37,231,247,217,91,96,14,248,288,214,77,47,140,67,,,115,189,,,61,249,37,167,69,184,199,270,193,227,197,242,101,98,97,257,162,105,158,126,49,286,44,98,,195,,,b'\x11\xe8\xe1I\xd5\xa5\xb16\x98|\x12\xdf\x17\xaeN\x1e'
11E8E149-D5A5-B136-987C-12DF17AE4E1E,2025-ncaa-d2-conf-CCAA,genius_ncaa,3,3,1,3,1,1,2,2,1,2,2,1,2,4,1,7,2,3,1,3,3,2,2,1,1,1,5,5,5,7,7,1,1,2,3,1,1,4,3,1,10,12,3,4,,,3,1,,2,3,1,3,6,2,2,4,2,4,4,5,2,3,3,3,5,10,1,6,1,1,12,3,,1,,1,3,12,12,12,5,11,12,6,10,11,3,7,3,3,4,3,1,12,12,5,3,6,3,7,1,5,1,7,7,6,3,5,1,9,12,7,6,3,11,10,,,2,3,,1,3,12,2,6,3,8,8,12,9,11,8,9,1,1,1,11,8,2,3,2,3,11,2,10,,3,,1,b'\x11\xe8\xe1I\xd5\xa5\xb16\x98|\x12\xdf\x17\xaeN\x1e'
11E8E149-D5A5-B136-987C-12DF17AE4E1E,2025-ncaa-d2-natl,genius_ncaa,24,47,15,37,16,18,19,16,45,20,15,88,43,88,11,213,16,23,41,23,140,15,15,38,32,28,137,147,120,121,187,3,21,11,34,9,21,224,78,25,185,273,55,126,,,150,11,,210,25,13,44,105,21,26,53,39,58,81,167,36,70,74,52,77,200,2,32,8,107,249,83,,34,,136,28,278,285,299,52,274,294,41,281,292,150,201,71,95,40,94,6,299,287,66,38,85,113,241,9,174,21,259,187,243,34,177,29,122,256,146,197,73,287,228,,,23,114,,11,25,289,42,63,35,137,195,288,172,263,224,242,19,25,25,270,223,66,114,89,78,227,109,264,,71,,14,b'\x11\xe8\xe1I\xd5\xa5\xb16\x98|\x12\xdf\x17\xaeN\x1e'
11E8E149-D5A5-B136-987C-12DF17AE4E1E,2026-ncaa-d2-conf-CCAA,genius_ncaa,1,1,1,1,1,2,2,4,2,4,2,4,2,6,1,9,1,2,1,2,4,3,4,3,2,2,7,7,5,9,6,2,2,4,2,2,1,3,4,2,5,6,9,10,,,4,4,,9,2,3,4,1,2,2,4,4,2,2,6,1,2,2,3,4,9,2,4,2,3,5,9,,4,,9,2,2,2,7,2,2,3,3,5,11,3,11,3,1,7,1,6,6,6,2,2,2,8,9,6,5,2,4,6,4,2,4,5,6,6,5,3,3,5,5,,,7,7,,2,2,7,2,2,3,2,2,7,2,3,5,11,3,1,1,6,6,5,4,4,4,6,3,5,,7,,2,b'\x11\xe8\xe1I\xd5\xa5\xb16\x98|\x12\xdf\x17\xaeN\x1e'
11E8E149-D5A5-B136-987C-12DF17AE4E1E,2026-ncaa-d2-natl,genius_ncaa,65,13,221,36,232,188,173,194,106,199,168,232,105,207,2,186,216,228,112,213,228,206,216,89,104,100,91,69,225,151,65,130,15,139,13,94,20,85,133,51,216,172,248,232,,,18,9,,105,56,225,40,81,38,39,23,98,39,26,140,137,166,141,33,30,67,5,7,11,192,159,242,,15,,165,45,55,53,81,37,35,38,94,176,212,78,287,36,35,88,38,118,67,59,61,39,79,249,275,60,27,15,53,65,38,13,23,18,236,203,69,106,161,51,51,,,265,286,,151,56,68,91,60,57,107,117,250,61,75,252,290,54,51,60,218,192,54,123,77,29,191,198,86,,259,,121,b'\x11\xe8\xe1I\xd5\xa5\xb16\x98|\x12\xdf\x17\xaeN\x1e'
11E8E149-D5A9-EA62-987C-12DF17AE4E1E,2018-ncaa-d2-conf-CIAA,ncaa,3,3,2,4,2,2,1,1,7,3,1,6,1,1,4,2,10,10,12,10,11,1,1,6,9,7,9,2,12,1,3,1,1,1,3,3,7,7,2,3,1,2,2,2,,,8,5,,,4,1,4,6,3,2,1,4,4,2,2,12,10,10,1,2,1,3,1,3,4,2,2,,6,,,5,9,8,8,8,10,11,8,4,3,6,1,7,7,8,7,5,9,11,7,8,8,2,1,6,3,1,11,3,9,3,6,2,2,3,4,6,4,9,4,,,7,12,,,4,12,5,4,4,8,8,5,8,8,1,3,7,7,6,5,7,1,10,5,6,4,5,8,,11,,,b'\x11\xe8\xe1I\xd5\xa9\xeab\x98|\x12\xdf\x17\xaeN\x1e'
11E8E149-D5A9-EA62-987C-12DF17AE4E1E,2018-ncaa-d2-natl,ncaa,88,63,206,77,226,119,101,56,194,86,51,179,140,111,208,175,221,133,308,134,228,60,64,199,244,216,243,174,270,8,5,183,165,58,47,107,179,184,98,137,29,21,51,53,,,177,160,,,81,122,21,140,56,33,4,32,13,120,81,217,84,82,7,5,3,133,7,69,234,16,39,,230,,,77,93,99,100,166,190,202,145,15,20,72,16,213,220,115,216,186,107,177,110,127,54,40,18,247,136,165,173,5,156,47,58,66,30,21,17,115,63,105,55,,,178,277,,,81,191,139,44,80,163,157,157,236,258,20,17,250,252,249,191,274,180,235,220,96,13,151,131,,123,,,b'\x11\xe8\xe1I\xd5\xa9\xeab\x98|\x12\xdf\x17\xaeN\x1e'
11E8E149-D5A9-EA62-987C-12DF17AE4E1E,2019-ncaa-d2-conf-CIAA,ncaa,8,6,12,7,12,11,11,10,12,12,11,10,10,6,11,4,11,12,8,12,9,10,10,12,12,12,6,5,9,1,1,12,1,7,2,8,2,5,9,7,5,3,7,4,,,6,12,,,6,12,10,9,8,9,1,9,7,6,2,11,10,10,4,2,1,9,1,6,11,4,6,,11,,,6,2,3,2,5,4,2,6,2,2,5,5,6,6,5,5,12,2,2,5,6,4,6,4,11,1,1,3,1,1,2,3,4,9,4,3,11,11,10,10,,,10,10,,,6,2,9,4,6,4,4,2,5,5,2,3,9,9,9,3,3,2,8,3,3,6,12,10,,6,,,b'\x11\xe8\xe1I\xd5\xa9\xeab\x98|\x12\xdf\x17\xaeN\x1e'
11E8E149-D5A9-EA62-987C-12DF17AE4E1E,2019-ncaa-d2-natl,ncaa,145,160,118,153,164,204,189,75,288,163,78,278,204,116,297,167,217,154,286,143,229,76,51,290,295,295,217,195,188,3,2,192,265,41,52,149,106,292,253,243,30,26,148,129,,,266,263,,,141,128,107,214,238,221,35,169,65,212,109,229,156,148,41,12,3,228,12,171,288,23,144,,275,,,141,63,51,85,71,85,107,104,51,109,30,118,233,259,27,257,275,113,191,63,72,21,166,73,280,256,265,149,2,203,52,92,181,25,15,17,292,257,282,266,,,103,211,,,141,182,255,30,141,57,39,58,75,84,50,98,226,258,257,98,220,242,134,192,87,19,285,287,,86,,,b'\x11\xe8\xe1I\xd5\xa9\xeab\x98|\x12\xdf\x17\xaeN\x1e'
11E8E149-D5A9-EA62-987C-12DF17AE4E1E,2020-ncaa-d2-conf-Conference Carolinas,ncaa,8,8,5,8,6,8,9,5,11,9,7,11,8,6,9,5,8,4,10,4,7,4,3,12,11,10,6,6,6,2,4,7,7,5,8,11,12,11,8,11,3,3,2,2,,,10,11,,,9,4,4,4,8,9,5,9,5,8,5,8,4,4,4,2,2,7,5,12,11,3,2,,11,,,9,11,8,4,10,9,7,9,7,4,10,3,12,12,8,12,11,7,9,9,10,8,8,4,11,4,7,11,4,9,8,8,10,5,3,5,11,10,12,11,,,7,9,,,9,9,10,7,9,10,9,4,9,5,7,5,11,11,11,7,9,6,10,8,8,3,11,12,,7,,,b'\x11\xe8\xe1I\xd5\xa9\xeab\x98|\x12\xdf\x17\xaeN\x1e'
11E8E149-D5A9-EA62-987C-12DF17AE4E1E,2020-ncaa-d2-natl,ncaa,254,266,173,263,192,213,208,95,278,222,135,279,150,94,240,108,233,187,276,189,218,111,98,272,281,272,121,100,203,43,78,201,238,117,186,278,302,246,197,287,79,79,111,115,,,255,249,,,255,139,82,98,217,213,46,233,117,144,75,240,179,180,64,44,32,203,77,293,255,64,98,,270,,,249,204,172,133,211,195,170,189,126,82,226,69,266,275,92,273,258,171,194,201,213,178,167,91,254,213,238,244,78,241,186,179,169,90,99,116,225,182,131,120,,,227,285,,,255,178,247,184,246,231,193,146,205,187,141,95,273,280,279,204,242,228,271,262,184,72,233,142,,227,,,b'\x11\xe8\xe1I\xd5\xa9\xeab\x98|\x12\xdf\x17\xaeN\x1e'
11E8E149-D5A9-EA62-987C-12DF17AE4E1E,2021-ncaa-d2-conf-Conference Carolinas,ncaa,6,6,7,7,7,7,5,5,6,4,4,6,9,11,5,11,8,6,9,6,10,6,5,6,7,7,10,10,10,3,2,5,4,4,3,7,8,7,7,7,4,4,3,2,,,9,9,,,5,7,2,1,5,5,3,3,2,9,11,6,4,4,2,2,1,4,2,7,9,4,2,,9,,,5,5,3,4,3,4,7,2,2,2,6,2,10,10,7,10,8,5,4,3,5,5,5,2,11,3,4,4,2,3,3,4,7,5,4,4,8,8,10,7,,,7,9,,,5,4,6,5,5,5,3,3,6,9,2,2,11,11,11,9,8,5,5,6,4,3,9,11,,8,,,b'\x11\xe8\xe1I\xd5\xa9\xeab\x98|\x12\xdf\x17\xaeN\x1e'
11E8E149-D5A9-EA62-987C-12DF17AE4E1E,2021-ncaa-d2-natl,ncaa,106,112,132,119,135,130,113,121,101,98,86,139,156,172,56,207,159,134,213,129,187,126,126,121,150,154,203,169,189,55,13,134,121,113,34,147,207,125,161,186,94,72,44,32,,,117,180,,,68,136,82,63,104,70,53,43,27,159,197,177,111,109,59,38,23,113,38,166,186,65,26,,189,,,69,76,65,83,46,77,104,20,59,56,120,18,149,154,67,150,187,87,89,32,50,48,134,45,215,97,121,68,13,75,34,64,94,108,62,41,124,135,163,134,,,141,197,,,68,89,126,41,69,69,37,73,72,156,34,14,197,209,209,118,144,127,56,74,53,52,161,198,,153,,,b'\x11\xe8\xe1I\xd5\xa9\xeab\x98|\x12\xdf\x17\xaeN\x1e'
11E8E149-D5A9-EA62-987C-12DF17AE4E1E,2022-ncaa-d2-conf-Conference Carolinas,ncaa,2,4,2,4,2,3,3,2,7,3,3,7,10,7,9,12,6,3,9,3,9,2,2,9,9,8,12,13,7,1,1,2,5,2,2,6,11,10,7,9,2,4,1,1,,,13,11,,,5,2,5,7,6,5,3,5,2,11,11,7,5,4,3,1,1,3,1,7,10,4,1,,12,,,5,8,9,11,6,8,10,6,4,6,3,5,12,13,3,13,11,12,12,5,6,5,8,3,12,8,5,7,1,7,2,6,6,1,8,3,8,6,12,6,,,2,8,,,5,12,7,4,5,6,5,6,7,6,3,4,12,12,12,9,9,6,7,5,6,6,7,12,,3,,,b'\x11\xe8\xe1I\xd5\xa9\xeab\x98|\x12\xdf\x17\xaeN\x1e'
11E8E149-D5A9-EA62-987C-12DF17AE4E1E,2022-ncaa-d2-natl,ncaa,68,81,64,79,82,100,85,45,214,53,17,228,226,197,251,269,93,74,210,74,223,45,28,242,247,236,268,265,129,9,8,47,117,16,22,129,205,276,179,218,59,94,7,5,,,273,238,,,98,64,63,86,136,107,27,55,10,263,233,118,101,97,32,19,8,28,2,172,243,77,6,,250,,,100,171,142,215,31,173,231,65,67,158,15,91,273,284,44,284,252,243,244,25,35,41,142,48,274,232,117,190,8,209,22,144,153,60,106,69,213,105,274,175,,,57,190,,,98,244,181,36,101,98,64,159,109,188,46,111,251,267,265,213,231,179,137,158,99,81,181,263,,72,,,b'\x11\xe8\xe1I\xd5\xa9\xeab\x98|\x12\xdf\x17\xaeN\x1e'
11E8E149-D5A9-EA62-987C-12DF17AE4E1E,2023-ncaa-d2-conf-Conference Carolinas,ncaa,4,5,1,5,1,2,3,1,9,2,1,10,11,11,11,12,1,1,7,1,8,1,1,10,10,9,11,13,1,1,1,1,3,1,3,3,6,13,7,8,1,3,1,1,,,13,11,,,5,1,1,3,5,4,1,3,2,12,11,2,1,1,1,1,1,1,1,7,11,2,1,,12,,,5,9,5,12,2,5,11,1,8,12,2,6,12,12,12,12,9,13,13,1,2,2,12,7,13,7,3,13,1,12,3,5,8,2,3,3,13,9,12,3,,,1,7,,,5,13,8,2,5,5,3,8,3,7,5,7,11,10,10,9,12,4,10,5,4,2,12,11,,3,,,b'\x11\xe8\xe1I\xd5\xa9\xeab\x98|\x12\xdf\x17\xaeN\x1e'
11E8E149-D5A9-EA62-987C-12DF17AE4E1E,2023-ncaa-d2-natl,ncaa,72,82,68,80,78,92,96,45,229,59,18,245,239,230,243,277,36,23,195,24,154,33,22,254,244,254,250,271,38,8,9,20,66,8,6,119,162,297,255,251,23,36,8,6,,,270,209,,,68,31,18,85,118,129,35,50,10,260,263,33,30,31,19,9,8,4,2,153,284,26,7,,254,,,69,125,69,226,3,74,214,4,99,201,12,135,274,274,192,272,220,243,265,3,7,9,249,108,286,201,66,202,9,212,6,79,148,23,47,19,297,268,254,146,,,47,202,,,68,269,220,7,70,63,22,201,30,174,83,174,259,249,246,237,270,162,155,158,67,32,288,243,,61,,,b'\x11\xe8\xe1I\xd5\xa9\xeab\x98|\x12\xdf\x17\xaeN\x1e'
11E8E149-D5A9-EA62-987C-12DF17AE4E1E,2024-ncaa-d2-conf-Conference Carolinas,ncaa,4,4,8,4,8,4,4,2,8,4,1,10,9,14,2,14,1,1,8,1,6,2,2,10,8,8,10,14,2,1,1,9,8,2,3,8,12,12,7,11,1,1,1,1,,,11,11,,,4,2,1,8,2,3,1,3,1,9,14,1,1,1,1,1,1,6,2,7,13,1,1,,12,,,4,9,9,6,9,7,7,8,9,6,9,8,8,10,3,10,11,8,12,8,8,5,10,8,10,10,8,4,1,5,3,6,6,1,3,3,12,7,8,3,,,5,9,,,4,13,4,7,4,8,8,8,8,9,11,11,9,10,10,9,14,9,6,6,7,1,11,9,,2,,,b'\x11\xe8\xe1I\xd5\xa9\xeab\x98|\x12\xdf\x17\xaeN\x1e'
11E8E149-D5A9-EA62-987C-12DF17AE4E1E,2024-ncaa-d2-natl,ncaa,144,74,275,122,282,222,237,229,239,193,104,279,264,278,82,288,107,101,182,106,132,210,192,252,232,239,208,264,27,35,4,229,171,135,20,221,180,208,235,244,43,16,97,45,,,95,174,,,126,242,9,227,72,109,11,60,5,231,270,17,10,11,10,3,2,50,4,146,287,11,40,,249,,,119,26,24,35,71,19,30,64,108,99,153,209,83,93,76,91,199,34,56,86,87,41,244,219,186,100,171,21,4,32,20,75,243,89,36,59,222,243,71,50,,,210,201,,,126,57,182,47,120,179,151,236,100,172,221,231,191,204,200,240,287,233,142,192,220,20,285,162,,41,,,b'\x11\xe8\xe1I\xd5\xa9\xeab\x98|\x12\xdf\x17\xaeN\x1e'
11E8E149-D5A9-EA62-987C-12DF17AE4E1E,2025-ncaa-d2-conf-Conference Carolinas,genius_ncaa,3,3,2,3,3,4,2,2,7,2,1,8,14,15,13,15,6,2,15,2,9,2,1,9,11,10,15,15,10,1,1,5,2,1,1,4,12,11,5,6,5,4,1,1,,,14,14,,11,5,5,9,2,4,2,2,2,1,14,15,8,2,2,2,2,1,6,1,5,10,5,1,,12,,11,5,2,2,5,1,1,3,1,8,8,8,10,13,12,10,11,14,6,7,1,4,2,15,11,15,2,2,5,1,3,1,3,6,7,5,2,7,6,6,4,,,2,5,,11,5,10,6,2,5,2,2,3,1,4,7,6,10,10,10,4,5,2,5,2,3,7,7,7,,2,,12,b'\x11\xe8\xe1I\xd5\xa9\xeab\x98|\x12\xdf\x17\xaeN\x1e'
11E8E149-D5A9-EA62-987C-12DF17AE4E1E,2025-ncaa-d2-natl,genius_ncaa,95,23,275,46,280,257,228,244,194,159,122,216,284,285,268,283,244,159,298,160,174,233,245,238,262,249,295,281,169,21,1,254,45,137,2,225,186,83,166,195,166,51,104,30,,,40,234,,118,61,284,195,52,165,100,44,35,11,284,275,178,41,40,37,29,3,123,4,153,214,71,52,,183,,200,42,8,8,10,3,8,13,1,34,31,92,149,72,74,171,72,224,10,12,4,12,14,285,186,282,12,45,8,1,8,2,9,108,205,59,22,80,138,27,10,,,220,144,,227,61,15,162,9,48,13,3,28,4,50,85,97,192,176,175,44,75,42,9,15,17,85,189,55,,64,,183,b'\x11\xe8\xe1I\xd5\xa9\xeab\x98|\x12\xdf\x17\xaeN\x1e'
11E8E149-D5A9-EA62-987C-12DF17AE4E1E,2026-ncaa-d2-conf-Conference Carolinas,genius_ncaa,7,11,3,11,3,6,5,5,10,2,1,7,13,10,14,15,5,3,15,3,9,5,5,14,15,14,15,15,8,1,4,3,2,3,2,5,10,15,12,14,3,6,3,3,,,14,14,,14,10,7,5,3,10,8,5,5,1,15,12,9,4,4,5,4,3,5,1,9,15,7,4,,13,,12,10,10,10,10,6,11,10,7,9,8,11,4,15,14,14,14,14,10,11,7,10,10,10,3,14,4,2,11,4,11,2,11,14,4,6,7,14,12,8,5,,,5,9,,6,10,11,12,6,9,6,5,3,7,6,2,2,13,11,11,5,6,2,7,4,9,6,15,7,,7,,7,b'\x11\xe8\xe1I\xd5\xa9\xeab\x98|\x12\xdf\x17\xaeN\x1e'
11E8E149-D5A9-EA62-987C-12DF17AE4E1E,2026-ncaa-d2-natl,genius_ncaa,157,144,141,167,170,185,192,197,154,136,117,189,249,262,195,279,67,40,236,41,38,169,141,192,180,217,221,266,29,65,19,177,65,127,26,201,192,239,265,247,103,80,82,76,,,108,112,,140,142,162,81,88,162,183,211,111,70,260,275,36,14,15,131,54,35,151,60,199,273,86,73,,109,,170,141,114,118,89,194,156,139,180,53,54,100,50,157,129,245,124,134,92,122,163,187,110,59,49,209,63,65,86,19,71,26,142,187,84,42,88,245,255,137,120,,,107,83,,165,142,142,192,88,141,114,122,73,186,180,48,29,183,153,147,74,147,56,50,40,171,46,263,153,,46,,170,b'\x11\xe8\xe1I\xd5\xa9\xeab\x98|\x12\xdf\x17\xaeN\x1e'
11E8E149-D5AE-2E2E-987C-12DF17AE4E1E,2018-ncaa-d2-conf-Gulf South,ncaa,9,9,9,9,12,9,8,12,4,10,13,4,5,6,7,3,13,12,12,12,10,12,12,5,6,6,6,4,13,13,12,11,8,13,7,5,2,3,9,4,11,9,11,11,,,2,4,,,9,12,10,9,9,7,11,8,12,3,5,12,12,12,10,11,12,10,12,2,6,11,11,,3,,,9,6,9,5,12,9,4,12,7,7,5,11,2,2,6,2,3,4,3,12,12,13,3,7,2,2,8,1,12,1,7,12,10,12,12,14,11,13,10,14,,,13,12,,,9,3,7,13,10,9,13,7,11,7,8,9,3,3,3,5,5,6,3,3,12,12,12,11,,12,,,b'\x11\xe8\xe1I\xd5\xae..\x98|\x12\xdf\x17\xaeN\x1e'
11E8E149-D5AE-2E2E-987C-12DF17AE4E1E,2018-ncaa-d2-natl,ncaa,213,206,206,217,238,240,233,243,181,263,293,88,119,81,224,18,280,267,252,270,153,257,261,152,179,189,85,45,267,257,228,262,127,273,203,142,33,91,203,122,247,215,290,285,,,35,95,,,228,253,262,226,251,240,257,271,291,102,45,284,266,271,270,275,248,257,273,112,132,241,292,,57,,,228,73,123,60,261,113,33,291,167,169,143,275,24,41,32,42,128,46,41,266,237,244,114,218,31,48,127,67,228,47,203,183,204,243,192,241,195,273,173,275,,,288,266,,,228,52,213,228,235,139,193,82,172,37,196,214,33,57,57,54,38,64,109,83,220,234,233,188,,292,,,b'\x11\xe8\xe1I\xd5\xae..\x98|\x12\xdf\x17\xaeN\x1e'
11E8E149-D5AE-2E2E-987C-12DF17AE4E1E,2019-ncaa-d2-conf-Gulf South,ncaa,10,9,9,10,10,7,10,10,10,12,12,8,2,1,5,1,9,11,1,11,3,10,11,5,5,5,1,1,5,12,12,13,13,13,13,5,2,2,4,4,4,5,13,13,,,2,2,,,11,10,3,3,6,7,4,12,12,1,1,5,7,8,4,8,11,13,13,3,4,2,13,,2,,,11,13,13,9,13,13,6,13,6,10,7,8,3,2,6,2,3,6,8,12,12,12,2,5,1,13,13,12,12,13,13,12,10,5,3,11,8,11,10,13,,,8,7,,,11,4,6,13,11,13,13,13,13,11,9,12,3,3,2,12,12,13,13,13,12,3,10,11,,6,,,b'\x11\xe8\xe1I\xd5\xae..\x98|\x12\xdf\x17\xaeN\x1e'
11E8E149-D5AE-2E2E-987C-12DF17AE4E1E,2019-ncaa-d2-natl,ncaa,194,160,260,193,264,212,251,252,208,292,301,153,56,45,128,6,153,199,40,199,6,253,268,128,103,86,2,9,90,283,288,300,290,299,304,169,49,31,83,82,155,114,303,304,,,24,38,,,218,262,139,37,118,214,171,293,302,16,9,79,131,129,155,210,277,303,305,109,77,102,304,,55,,,220,138,203,68,302,236,73,307,103,106,153,188,30,38,93,36,83,53,62,298,285,261,32,100,22,145,290,156,288,154,304,209,178,161,96,198,99,195,98,276,,,239,127,,,218,53,124,265,217,265,288,188,295,171,188,193,61,83,83,155,206,226,268,266,274,75,175,156,,167,,,b'\x11\xe8\xe1I\xd5\xae..\x98|\x12\xdf\x17\xaeN\x1e'
11E8E149-D5AE-2E2E-987C-12DF17AE4E1E,2020-ncaa-d2-conf-Gulf South,ncaa,7,6,11,7,11,7,7,12,2,8,12,3,5,5,2,2,11,11,1,11,7,12,12,2,2,2,4,2,11,12,12,9,7,12,8,5,3,2,9,4,11,11,11,11,,,1,1,,,7,11,4,5,3,4,8,7,12,1,2,9,10,10,11,10,12,9,12,3,7,10,11,,1,,,7,10,10,7,11,11,7,10,7,6,10,7,1,1,13,1,3,6,3,11,11,12,3,7,3,4,7,2,12,3,8,12,12,11,9,13,6,10,6,9,,,10,5,,,7,4,4,12,7,12,11,11,11,11,11,10,5,3,3,11,10,5,4,5,12,10,8,7,,9,,,b'\x11\xe8\xe1I\xd5\xae..\x98|\x12\xdf\x17\xaeN\x1e'
11E8E149-D5AE-2E2E-987C-12DF17AE4E1E,2020-ncaa-d2-natl,ncaa,179,124,300,162,300,213,212,285,50,246,294,47,112,170,37,56,248,278,33,278,184,289,300,38,40,47,83,57,236,297,278,260,122,290,197,162,98,24,124,71,282,251,292,295,,,15,35,,,162,293,96,126,61,55,134,134,223,39,60,155,235,230,156,179,286,95,203,52,116,236,288,,42,,,164,83,123,53,247,130,54,266,133,124,165,225,40,32,229,33,79,39,17,252,233,275,98,186,60,40,122,32,278,23,197,163,210,298,279,293,72,194,54,146,,,296,211,,,162,20,83,265,162,274,280,277,276,222,250,264,124,111,113,259,196,142,175,166,282,260,187,119,,221,,,b'\x11\xe8\xe1I\xd5\xae..\x98|\x12\xdf\x17\xaeN\x1e'
11E8E149-D5AE-2E2E-987C-12DF17AE4E1E,2021-ncaa-d2-conf-Gulf South,ncaa,9,7,12,9,12,10,11,11,9,12,12,9,7,7,5,1,9,10,2,10,3,10,12,9,7,5,1,1,4,10,8,12,10,12,11,10,6,2,1,5,11,6,10,11,,,4,12,,,10,12,6,3,6,7,4,13,12,2,1,3,5,5,4,6,7,12,10,9,1,7,10,,13,,,10,4,4,3,13,7,4,13,2,1,12,1,3,3,7,4,10,3,3,13,13,13,1,1,10,4,10,4,8,3,11,4,9,10,7,10,2,3,6,13,,,10,4,,,10,2,5,12,9,12,12,8,12,12,2,1,13,13,13,11,10,7,13,11,13,6,4,9,,6,,,b'\x11\xe8\xe1I\xd5\xae..\x98|\x12\xdf\x17\xaeN\x1e'
11E8E149-D5AE-2E2E-987C-12DF17AE4E1E,2021-ncaa-d2-natl,ncaa,140,135,144,152,149,142,159,148,177,180,179,161,76,70,129,11,108,123,40,122,7,143,153,147,123,94,2,24,38,141,147,172,165,166,193,147,103,45,36,75,134,106,176,194,,,99,177,,,167,154,106,64,98,156,89,203,207,22,10,32,55,52,75,113,117,197,178,138,35,101,188,,176,,,165,100,100,69,222,127,88,217,55,46,158,15,132,129,101,132,180,74,77,211,216,202,36,17,180,70,165,102,147,89,193,99,109,135,98,137,59,79,78,149,,,143,83,,,167,74,95,199,157,191,188,92,205,162,44,13,200,205,206,121,127,108,185,170,173,87,73,98,,93,,,b'\x11\xe8\xe1I\xd5\xae..\x98|\x12\xdf\x17\xaeN\x1e'
11E8E149-D5AE-2E2E-987C-12DF17AE4E1E,2022-ncaa-d2-conf-Gulf South,ncaa,9,8,7,9,8,5,4,5,5,8,9,5,3,2,6,1,3,5,1,6,2,5,6,5,5,4,2,2,6,8,11,9,8,8,10,8,12,2,3,5,8,11,4,4,,,11,9,,,9,5,1,3,1,1,2,6,8,2,1,2,3,4,2,3,8,4,7,7,3,8,3,,12,,,9,13,12,10,12,12,12,11,7,4,11,3,12,11,11,11,10,11,10,12,12,12,5,3,10,8,8,12,11,12,10,12,9,7,11,13,4,2,9,9,,,5,6,,,9,9,4,12,9,13,12,12,12,13,9,6,13,13,13,13,13,9,12,12,13,9,4,7,,2,,,b'\x11\xe8\xe1I\xd5\xae..\x98|\x12\xdf\x17\xaeN\x1e'
11E8E149-D5AE-2E2E-987C-12DF17AE4E1E,2022-ncaa-d2-natl,ncaa,200,203,196,211,209,105,140,138,146,185,229,82,54,36,151,27,74,106,44,105,32,133,152,102,84,78,24,50,86,200,236,160,181,182,241,184,234,87,85,155,196,219,118,138,,,202,197,,,229,134,30,144,33,73,57,172,224,30,15,37,69,74,44,65,190,106,153,176,114,181,101,,245,,,227,264,255,180,277,265,215,260,154,112,235,70,279,276,190,273,245,206,170,265,275,287,113,72,231,183,181,216,236,206,241,239,154,223,258,269,100,97,92,153,,,131,120,,,229,166,96,286,222,293,287,265,292,269,188,153,294,287,287,283,261,212,277,262,262,213,123,115,,67,,,b'\x11\xe8\xe1I\xd5\xae..\x98|\x12\xdf\x17\xaeN\x1e'
11E8E149-D5AE-2E2E-987C-12DF17AE4E1E,2023-ncaa-d2-conf-Gulf South,ncaa,9,8,9,9,12,6,5,6,7,7,6,5,7,6,11,6,5,5,5,6,6,5,7,6,5,5,10,10,4,2,4,6,12,6,10,6,6,4,5,7,6,6,1,2,,,9,9,,,6,7,2,9,4,4,2,3,4,7,4,3,4,4,1,2,2,3,2,4,7,6,1,,12,,,7,11,9,12,5,9,13,5,6,7,7,5,9,9,8,12,8,12,10,5,5,8,4,4,11,13,12,9,4,12,10,10,8,7,9,10,12,10,3,4,,,5,3,,,6,8,5,8,8,11,10,13,10,13,11,10,9,10,13,13,12,13,11,13,10,6,12,5,,3,,,b'\x11\xe8\xe1I\xd5\xae..\x98|\x12\xdf\x17\xaeN\x1e'
11E8E149-D5AE-2E2E-987C-12DF17AE4E1E,2023-ncaa-d2-natl,ncaa,169,182,148,182,176,119,125,163,86,117,185,39,143,111,214,106,85,94,108,92,53,146,159,88,81,82,146,173,90,156,142,176,255,174,208,125,135,119,134,126,185,213,124,136,,,196,190,,,163,157,93,192,74,94,129,90,185,132,87,51,65,65,114,121,146,183,174,99,146,181,119,,227,,,161,208,182,189,161,178,167,162,196,194,167,153,212,223,116,228,205,201,175,168,163,202,190,172,174,255,255,111,142,178,208,189,163,183,220,207,200,203,30,44,,,84,45,,,163,146,96,236,158,248,226,253,205,202,218,211,223,229,235,261,239,266,127,208,204,185,203,43,,50,,,b'\x11\xe8\xe1I\xd5\xae..\x98|\x12\xdf\x17\xaeN\x1e'
11E8E149-D5AE-2E2E-987C-12DF17AE4E1E,2024-ncaa-d2-conf-Gulf South,ncaa,12,12,7,12,9,13,13,8,13,11,2,13,11,9,11,11,10,11,11,10,13,8,8,13,13,13,9,10,3,10,13,12,12,12,13,13,12,4,7,11,5,5,11,10,,,12,12,,,12,7,3,4,13,13,6,11,1,11,9,10,11,10,7,6,10,12,12,13,7,4,11,,12,,,12,12,7,4,12,7,2,12,7,5,7,6,12,12,5,12,12,8,8,11,12,10,10,2,11,12,12,13,13,13,13,9,9,4,4,5,9,10,11,10,,,9,7,,,12,7,13,12,12,12,9,5,9,3,8,8,13,13,13,11,12,13,13,13,10,3,10,12,,8,,,b'\x11\xe8\xe1I\xd5\xae..\x98|\x12\xdf\x17\xaeN\x1e'
11E8E149-D5AE-2E2E-987C-12DF17AE4E1E,2024-ncaa-d2-natl,ncaa,283,296,117,289,139,250,258,173,290,231,95,295,256,250,230,261,171,180,151,172,228,177,172,293,290,284,191,238,49,216,263,253,281,254,293,287,294,174,193,291,142,161,206,205,,,278,282,,,295,152,167,110,288,289,220,262,85,273,272,193,187,178,223,211,233,288,286,299,166,150,219,,280,,,292,261,228,113,283,218,112,288,183,163,202,148,291,292,119,292,295,171,184,282,287,275,202,106,275,241,281,265,263,260,293,213,155,114,121,161,229,238,223,189,,,167,142,,,295,160,285,283,291,262,226,78,224,73,188,157,293,295,296,170,179,238,275,274,200,115,214,224,,182,,,b'\x11\xe8\xe1I\xd5\xae..\x98|\x12\xdf\x17\xaeN\x1e'
11E8E149-D5AE-2E2E-987C-12DF17AE4E1E,2025-ncaa-d2-conf-Gulf South,genius_ncaa,12,12,9,12,9,11,11,9,12,12,7,12,8,9,5,10,10,10,10,10,11,9,9,12,12,11,6,5,6,10,12,12,11,12,12,8,4,4,5,7,8,8,9,6,,,11,12,,7,12,10,5,5,11,11,4,12,3,7,8,9,8,7,5,7,10,11,11,7,6,6,8,,12,,7,12,12,8,4,11,5,1,11,12,9,11,10,12,12,11,12,12,5,6,12,12,12,12,12,10,8,11,11,12,11,12,12,12,6,6,12,8,10,2,3,,,9,6,,2,12,3,12,12,12,12,10,8,7,3,12,11,12,12,12,9,9,10,12,12,12,6,9,3,,7,,1,b'\x11\xe8\xe1I\xd5\xae..\x98|\x12\xdf\x17\xaeN\x1e'
11E8E149-D5AE-2E2E-987C-12DF17AE4E1E,2025-ncaa-d2-natl,genius_ncaa,290,299,162,295,168,244,252,187,280,264,164,294,170,188,127,174,206,203,206,202,192,190,203,277,275,259,81,101,116,212,246,271,272,265,288,213,128,129,176,206,195,196,210,170,,,244,278,,98,298,191,216,38,280,290,211,282,153,170,186,216,203,198,217,213,217,295,290,229,156,194,212,,252,,110,295,266,202,83,289,109,32,287,290,243,297,269,273,270,183,269,296,117,128,295,299,296,298,272,226,197,272,240,246,233,288,289,295,148,137,268,170,212,66,66,,,204,173,,41,298,110,266,298,295,282,230,68,120,17,295,266,276,273,273,128,141,212,260,252,291,137,194,60,,203,,40,b'\x11\xe8\xe1I\xd5\xae..\x98|\x12\xdf\x17\xaeN\x1e'
11E8E149-D5AE-2E2E-987C-12DF17AE4E1E,2026-ncaa-d2-conf-Gulf South,genius_ncaa,10,9,9,10,9,12,12,12,5,12,12,7,12,12,5,10,12,12,12,12,9,12,12,7,10,12,12,11,12,12,12,11,12,12,11,12,12,9,12,12,12,10,11,6,,,4,11,,1,11,11,5,1,12,10,12,10,10,11,12,12,10,10,12,10,12,8,12,12,12,10,6,,9,,1,12,1,1,2,5,1,1,4,5,3,8,7,3,3,2,3,7,2,2,8,6,6,9,9,5,7,12,2,12,2,11,2,7,10,7,9,7,12,1,1,,,12,10,,11,11,1,12,8,12,4,6,7,5,4,10,8,5,8,8,7,8,11,5,9,6,7,12,1,,12,,11,b'\x11\xe8\xe1I\xd5\xae..\x98|\x12\xdf\x17\xaeN\x1e'
11E8E149-D5AE-2E2E-987C-12DF17AE4E1E,2026-ncaa-d2-natl,genius_ncaa,246,196,221,250,233,285,284,268,286,273,237,283,284,275,287,247,280,266,270,266,258,269,258,291,295,295,267,254,145,267,256,253,246,264,263,292,297,169,288,296,271,256,221,187,,,44,88,,60,279,253,187,88,296,295,283,270,156,288,273,284,260,261,288,228,242,199,251,297,271,249,178,,86,,100,284,69,95,77,166,82,57,215,150,152,126,243,28,56,4,55,122,64,54,184,111,160,132,228,22,129,246,93,256,102,263,103,140,265,247,241,143,254,19,22,,,269,245,,260,279,43,296,199,291,166,208,236,172,126,222,263,35,111,108,213,151,237,208,234,189,240,232,20,,264,,259,b'\x11\xe8\xe1I\xd5\xae..\x98|\x12\xdf\x17\xaeN\x1e'
11E8E149-D5B2-77FE-987C-12DF17AE4E1E,2018-ncaa-d2-conf-SIAC,ncaa,4,5,5,5,5,9,7,4,9,5,3,12,11,13,5,13,8,7,12,7,10,4,6,9,9,8,11,11,7,2,3,8,2,6,2,7,7,3,4,5,2,2,3,1,,,3,7,,,5,8,13,7,9,9,4,5,2,11,13,9,7,7,4,9,3,10,4,8,4,2,3,,2,,,5,1,2,3,4,2,1,6,11,11,5,13,4,4,7,4,8,2,4,6,5,1,11,11,6,3,2,8,3,5,2,1,4,4,2,1,3,2,9,7,,,7,7,,,5,4,8,1,5,1,1,1,2,1,11,11,2,1,1,1,2,3,8,4,2,4,1,9,,9,,,b'\x11\xe8\xe1I\xd5\xb2w\xfe\x98|\x12\xdf\x17\xaeN\x1e'
11E8E149-D5B2-77FE-987C-12DF17AE4E1E,2018-ncaa-d2-natl,ncaa,88,132,41,120,44,149,163,72,281,106,20,292,277,270,269,303,54,7,304,7,69,47,31,295,294,283,249,296,23,13,42,76,168,35,105,164,169,295,213,249,20,20,54,34,,,229,145,,,122,47,146,67,248,260,145,164,34,300,299,84,15,14,86,67,22,159,57,228,247,22,70,,152,,,127,103,77,178,35,57,105,59,203,256,56,267,162,222,13,226,247,187,245,54,38,11,255,251,198,226,168,273,42,265,105,102,145,19,19,15,253,158,232,113,,,22,92,,,122,240,264,13,138,21,18,46,15,24,150,206,96,166,163,49,162,169,219,198,49,27,197,190,,48,,,b'\x11\xe8\xe1I\xd5\xb2w\xfe\x98|\x12\xdf\x17\xaeN\x1e'
11E8E149-D5B2-77FE-987C-12DF17AE4E1E,2019-ncaa-d2-conf-CIAA,ncaa,7,8,3,8,3,8,7,3,10,8,3,13,5,7,9,7,6,1,12,1,4,3,4,11,11,10,4,7,6,6,8,11,10,9,12,12,13,5,1,12,1,1,11,11,,,9,9,,,9,4,9,6,9,10,6,10,6,8,7,6,3,4,6,8,7,13,11,13,2,1,11,,6,,,9,9,9,6,13,9,8,12,5,3,12,2,8,8,6,8,7,5,6,13,13,9,3,6,5,6,10,13,8,9,12,10,11,3,2,7,9,7,12,12,,,1,2,,,9,9,10,9,10,6,8,3,8,6,5,2,7,7,7,2,4,3,12,11,12,4,7,11,,5,,,b'\x11\xe8\xe1I\xd5\xb2w\xfe\x98|\x12\xdf\x17\xaeN\x1e'
11E8E149-D5B2-77FE-987C-12DF17AE4E1E,2019-ncaa-d2-natl,ncaa,121,145,76,136,97,186,198,73,295,189,53,304,179,156,220,231,122,37,306,37,101,58,65,297,296,279,146,181,81,42,146,236,285,137,282,275,297,148,69,267,12,7,219,238,,,237,200,,,205,85,132,171,251,254,62,231,56,209,191,158,36,35,46,73,38,291,175,300,120,8,241,,213,,,198,158,166,117,225,202,195,176,88,48,261,37,181,236,10,235,209,133,225,204,181,70,79,74,170,268,285,304,146,299,282,190,200,14,11,38,147,84,304,293,,,73,137,,,205,207,265,91,208,94,120,44,164,140,70,23,143,216,218,60,195,241,295,290,156,16,111,300,,85,,,b'\x11\xe8\xe1I\xd5\xb2w\xfe\x98|\x12\xdf\x17\xaeN\x1e'
11E8E149-D5B2-77FE-987C-12DF17AE4E1E,2020-ncaa-d2-conf-CIAA,ncaa,12,12,7,12,9,11,11,8,12,11,8,12,10,9,9,8,9,9,11,9,6,8,9,12,12,12,5,4,5,7,8,11,10,10,10,12,12,5,7,12,8,6,10,9,,,9,9,,,12,10,5,7,10,10,6,10,5,8,7,8,7,7,6,4,6,11,10,12,7,8,9,,9,,,12,12,11,2,12,11,1,12,10,5,12,7,9,9,12,9,9,2,3,12,12,12,5,6,9,2,10,11,8,8,10,9,5,9,7,9,11,10,12,12,,,8,3,,,12,3,12,11,12,12,11,4,11,3,10,6,9,9,9,4,4,2,12,10,9,8,11,12,,4,,,b'\x11\xe8\xe1I\xd5\xb2w\xfe\x98|\x12\xdf\x17\xaeN\x1e'
11E8E149-D5B2-77FE-987C-12DF17AE4E1E,2020-ncaa-d2-natl,ncaa,300,306,223,303,247,292,293,240,307,279,141,308,279,266,285,262,186,97,294,103,86,214,172,308,308,307,158,234,22,98,139,298,282,260,277,303,295,268,276,310,109,90,277,273,,,210,252,,,292,199,93,210,293,299,192,282,92,277,255,143,54,56,151,70,66,305,258,306,286,86,280,,260,,,289,143,125,33,288,151,55,284,95,55,223,105,228,241,85,244,285,53,106,281,285,186,146,90,233,144,282,225,139,202,277,115,117,57,23,57,284,283,283,277,,,147,110,,,292,102,306,187,289,208,181,46,199,88,125,77,258,262,265,85,188,188,281,259,148,30,293,293,,54,,,b'\x11\xe8\xe1I\xd5\xb2w\xfe\x98|\x12\xdf\x17\xaeN\x1e'
11E8E149-D5B2-77FE-987C-12DF17AE4E1E,2022-ncaa-d2-conf-CIAA,ncaa,6,8,4,8,6,8,6,5,7,4,4,8,8,8,8,8,12,12,10,12,12,6,6,8,9,11,12,7,12,6,9,4,6,6,6,7,6,8,8,7,5,6,6,5,,,3,4,,,8,6,8,9,9,6,6,5,6,8,8,12,12,12,7,7,7,3,6,7,8,7,6,,3,,,7,8,4,8,5,4,3,6,10,10,6,10,7,7,6,7,10,8,7,6,6,5,11,10,8,6,6,9,9,8,6,9,9,5,6,5,12,12,4,3,,,11,12,,,8,8,10,5,7,7,6,5,2,2,10,10,7,7,7,5,3,6,9,6,7,6,12,5,,12,,,b'\x11\xe8\xe1I\xd5\xb2w\xfe\x98|\x12\xdf\x17\xaeN\x1e'
11E8E149-D5B2-77FE-987C-12DF17AE4E1E,2022-ncaa-d2-natl,ncaa,215,203,222,218,239,261,241,237,221,192,136,253,279,285,212,284,232,199,246,200,237,234,222,248,251,267,283,277,134,137,98,225,206,202,159,246,220,205,253,259,141,120,231,216,,,115,191,,,215,233,138,207,263,243,186,140,50,282,290,208,167,173,193,132,87,182,135,244,255,113,218,,189,,,213,44,32,41,115,44,62,116,53,52,126,103,192,216,59,220,276,54,80,115,133,85,206,103,269,132,206,81,98,97,159,57,169,109,53,56,260,279,40,30,,,256,257,,,215,70,259,97,211,106,66,49,79,94,95,88,249,262,261,100,179,189,162,178,110,56,275,53,,246,,,b'\x11\xe8\xe1I\xd5\xb2w\xfe\x98|\x12\xdf\x17\xaeN\x1e'
11E8E149-D5B2-77FE-987C-12DF17AE4E1E,2023-ncaa-d2-conf-CIAA,ncaa,9,8,7,9,10,9,10,11,7,11,12,6,5,6,4,2,9,11,1,11,8,11,11,5,5,5,3,2,8,9,9,9,10,10,10,9,7,5,9,8,11,11,4,5,,,3,5,,,11,10,10,8,7,9,9,11,11,3,4,8,12,12,9,11,9,9,11,9,7,12,4,,5,,,11,10,10,5,12,9,6,11,10,8,11,9,6,5,8,4,5,5,2,12,11,12,4,9,4,7,10,4,9,5,10,11,10,11,10,12,8,11,2,6,,,11,10,,,11,3,7,12,11,11,11,9,10,10,10,9,5,4,4,9,5,9,9,10,12,11,11,3,,10,,,b'\x11\xe8\xe1I\xd5\xb2w\xfe\x98|\x12\xdf\x17\xaeN\x1e'
11E8E149-D5B2-77FE-987C-12DF17AE4E1E,2023-ncaa-d2-natl,ncaa,222,139,290,205,292,281,285,292,218,282,286,234,249,268,143,179,216,242,57,240,96,292,292,213,178,215,93,169,35,251,122,291,264,290,213,281,228,87,256,264,247,180,246,211,,,14,112,,,210,293,148,186,215,245,239,227,182,187,201,83,115,114,224,151,143,235,215,250,249,161,190,,127,,,220,17,24,9,163,33,24,158,36,29,139,102,61,70,126,57,174,8,9,152,161,155,119,97,191,102,264,7,122,13,213,37,161,242,125,133,126,259,4,20,,,280,151,,,210,6,217,181,220,180,175,167,198,191,114,115,198,208,196,186,199,251,85,176,167,107,255,17,,154,,,b'\x11\xe8\xe1I\xd5\xb2w\xfe\x98|\x12\xdf\x17\xaeN\x1e'
11E8E149-D5B2-77FE-987C-12DF17AE4E1E,2024-ncaa-d2-conf-CIAA,ncaa,4,4,1,4,5,2,1,3,2,2,5,1,2,2,3,4,6,8,6,8,11,4,4,1,1,1,9,5,11,4,5,7,9,6,6,1,1,5,5,1,3,4,4,4,,,4,3,,,5,4,7,9,2,1,4,3,8,4,2,8,9,9,6,6,7,10,10,1,3,4,4,,2,,,5,12,12,10,12,13,9,13,11,10,8,10,4,5,3,5,5,10,10,13,12,12,7,10,3,10,9,7,5,7,6,12,9,5,8,10,9,7,4,3,,,9,11,,,5,10,1,11,4,12,12,8,13,6,11,10,4,4,4,7,8,6,5,5,12,8,7,4,,11,,,b'\x11\xe8\xe1I\xd5\xb2w\xfe\x98|\x12\xdf\x17\xaeN\x1e'
11E8E149-D5B2-77FE-987C-12DF17AE4E1E,2024-ncaa-d2-natl,ncaa,144,93,260,128,263,214,204,252,109,191,221,106,217,227,168,185,193,196,169,198,126,249,250,125,128,146,198,201,133,188,93,275,258,262,203,131,33,132,217,122,53,23,170,128,,,48,86,,,134,251,66,121,100,93,110,88,99,168,170,109,95,100,93,71,100,258,205,41,235,22,129,,146,,,132,37,38,27,200,61,36,213,49,49,122,124,87,113,26,111,213,29,49,187,180,91,111,101,167,121,258,28,93,42,203,63,162,73,24,46,137,196,14,18,,,260,232,,,134,49,143,97,128,169,166,118,191,137,114,116,169,200,198,144,235,224,108,164,165,23,217,21,,177,,,b'\x11\xe8\xe1I\xd5\xb2w\xfe\x98|\x12\xdf\x17\xaeN\x1e'
11E8E149-D5B2-77FE-987C-12DF17AE4E1E,2025-ncaa-d2-conf-CIAA,genius_ncaa,8,4,12,6,12,12,12,12,8,12,12,6,11,12,4,1,12,12,9,12,9,12,12,7,10,9,2,1,12,12,12,12,5,12,10,12,9,1,9,9,12,4,11,5,,,1,8,,1,6,12,11,6,11,10,10,12,12,2,2,12,12,12,12,12,11,7,10,9,7,7,7,,6,,1,6,1,1,1,6,1,1,7,1,1,2,7,1,1,12,1,10,1,1,6,7,7,7,3,9,1,5,1,12,1,10,1,2,12,4,4,1,9,1,4,,,12,10,,12,6,1,9,5,8,5,3,1,6,3,3,6,10,7,7,2,1,4,9,6,3,8,8,2,,11,,10,b'\x11\xe8\xe1I\xd5\xb2w\xfe\x98|\x12\xdf\x17\xaeN\x1e'
11E8E149-D5B2-77FE-987C-12DF17AE4E1E,2025-ncaa-d2-natl,genius_ncaa,243,62,295,183,295,295,295,295,188,295,295,186,283,291,167,116,295,295,284,295,191,295,295,186,212,247,155,104,247,292,204,295,200,295,207,295,236,9,276,273,268,40,287,214,,,7,235,,8,171,295,90,112,237,205,206,213,204,148,135,265,229,229,221,125,212,215,231,233,268,42,219,,233,,34,190,7,7,7,86,7,7,89,7,7,82,85,9,10,98,10,271,7,7,76,107,61,190,74,279,7,200,7,204,7,207,7,86,289,41,31,11,279,7,46,,,295,238,,285,171,7,251,68,193,106,63,63,88,126,65,75,256,264,261,117,195,177,128,141,56,48,276,25,,234,,232,b'\x11\xe8\xe1I\xd5\xb2w\xfe\x98|\x12\xdf\x17\xaeN\x1e'
11E8E149-D5B2-77FE-987C-12DF17AE4E1E,2026-ncaa-d2-conf-CIAA,genius_ncaa,3,1,7,1,7,7,6,9,1,6,7,1,4,8,1,6,8,8,7,7,2,8,8,1,1,1,5,6,6,9,6,7,9,7,4,5,2,2,9,3,6,3,4,1,,,2,6,,6,1,7,1,1,1,1,9,1,6,1,6,3,3,1,7,4,9,2,4,1,8,3,2,,8,,6,1,1,1,3,1,1,1,1,2,5,1,9,4,3,8,2,9,3,3,1,2,1,9,8,9,4,9,1,6,2,4,2,3,5,3,1,5,9,1,1,,,7,1,,6,1,2,1,1,1,2,1,5,1,1,6,9,9,8,7,7,9,9,1,4,2,1,9,1,,1,,4,b'\x11\xe8\xe1I\xd5\xb2w\xfe\x98|\x12\xdf\x17\xaeN\x1e'
11E8E149-D5B2-77FE-987C-12DF17AE4E1E,2026-ncaa-d2-natl,genius_ncaa,201,13,295,87,295,295,295,297,22,294,296,28,284,296,82,172,294,294,205,293,20,297,296,28,34,145,166,177,89,297,274,294,174,296,159,285,62,10,289,205,241,10,248,35,,,2,229,,17,78,295,26,88,105,124,279,122,226,156,204,82,59,51,239,98,292,64,237,79,284,12,81,,261,,165,15,2,2,2,1,2,2,1,5,7,14,275,15,9,222,8,293,2,2,1,3,1,298,204,298,4,174,2,274,2,159,2,234,278,7,3,17,277,2,4,,,294,39,,271,78,4,207,1,21,5,1,35,1,6,88,249,270,256,249,68,257,218,18,77,15,7,277,4,,31,,184,b'\x11\xe8\xe1I\xd5\xb2w\xfe\x98|\x12\xdf\x17\xaeN\x1e'
11E8E149-D5B6-A838-987C-12DF17AE4E1E,2018-ncaa-d2-conf-PSAC,ncaa,17,17,10,17,12,17,17,10,17,17,16,16,8,6,11,3,17,15,16,15,10,11,13,16,16,15,3,1,11,13,15,17,17,17,17,16,12,5,8,12,13,12,17,17,,,3,10,,,17,16,15,6,17,17,11,17,16,8,5,17,14,14,12,14,12,16,17,16,7,14,17,,7,,,16,12,14,4,17,15,6,17,7,4,12,7,5,3,13,3,6,2,3,17,17,17,3,4,5,7,17,13,15,12,17,17,14,12,11,14,6,8,13,16,,,15,9,,,17,2,15,17,17,16,16,6,16,9,9,6,7,5,5,6,4,10,17,17,16,12,7,14,,13,,,b'\x11\xe8\xe1I\xd5\xb6\xa88\x98|\x12\xdf\x17\xaeN\x1e'
11E8E149-D5B6-A838-987C-12DF17AE4E1E,2018-ncaa-d2-natl,ncaa,270,254,250,270,271,285,287,256,285,294,275,285,155,140,197,70,268,225,298,226,96,252,267,266,277,258,40,47,165,198,203,292,248,282,279,280,204,47,132,224,262,241,285,287,,,50,142,,,288,280,237,226,277,288,214,291,256,118,85,249,171,172,224,228,146,292,267,272,97,253,284,,100,,,285,131,200,50,304,249,77,306,57,54,146,101,61,63,132,56,104,40,37,298,293,295,14,49,65,89,248,160,203,126,279,216,190,250,198,262,85,176,223,292,,,242,131,,,288,30,250,295,287,239,276,128,292,167,114,104,115,110,100,117,86,156,265,237,254,218,138,271,,182,,,b'\x11\xe8\xe1I\xd5\xb6\xa88\x98|\x12\xdf\x17\xaeN\x1e'
11E8E149-D5B6-A838-987C-12DF17AE4E1E,2019-ncaa-d2-conf-PSAC,ncaa,16,17,13,16,15,16,15,13,10,6,3,16,16,17,8,18,15,14,16,14,15,15,16,15,16,16,18,17,11,13,10,17,13,16,16,16,16,7,10,14,8,6,16,16,,,3,12,,,16,17,13,7,15,12,10,4,1,17,18,13,11,11,10,10,9,15,15,16,9,9,16,,9,,,16,9,14,4,18,15,8,17,7,4,18,5,3,4,8,4,3,3,2,17,17,18,3,5,3,6,13,6,10,6,16,15,12,9,8,12,10,11,18,16,,,14,12,,,16,2,16,17,16,16,16,7,16,13,8,5,8,8,7,7,6,9,12,11,17,9,11,18,,13,,,b'\x11\xe8\xe1I\xd5\xb6\xa88\x98|\x12\xdf\x17\xaeN\x1e'
11E8E149-D5B6-A838-987C-12DF17AE4E1E,2019-ncaa-d2-natl,ncaa,250,244,227,252,250,243,216,218,198,125,74,237,302,303,228,307,213,185,224,183,255,219,221,246,247,238,300,300,118,135,97,282,184,247,187,264,284,117,177,242,137,76,264,271,,,41,97,,,244,245,182,225,230,185,148,68,15,302,306,176,141,138,143,145,87,286,236,264,179,95,264,,80,,,242,124,175,48,301,230,130,290,53,21,286,35,55,53,160,53,75,42,56,291,286,253,22,50,67,61,184,90,97,66,187,209,211,149,77,191,177,224,290,285,,,208,159,,,244,62,230,244,247,208,250,89,281,207,89,22,81,91,89,72,92,97,167,132,258,94,230,302,,157,,,b'\x11\xe8\xe1I\xd5\xb6\xa88\x98|\x12\xdf\x17\xaeN\x1e'
11E8E149-D5B6-A838-987C-12DF17AE4E1E,2020-ncaa-d2-conf-PSAC,ncaa,17,17,13,17,17,17,17,15,16,16,11,16,12,11,16,12,17,14,18,14,14,15,17,17,17,17,15,11,15,10,16,18,17,16,18,18,17,3,6,18,14,11,16,16,,,1,1,,,17,17,10,13,17,17,9,16,6,12,10,17,12,12,9,12,8,17,14,18,4,11,15,,2,,,17,11,17,7,18,17,12,16,8,7,15,6,2,2,3,2,2,8,2,18,17,17,1,6,1,12,17,17,16,15,18,17,17,14,12,17,4,5,16,17,,,16,14,,,17,2,17,17,17,15,17,13,17,16,8,7,4,4,4,13,10,13,18,17,17,13,4,16,,13,,,b'\x11\xe8\xe1I\xd5\xb6\xa88\x98|\x12\xdf\x17\xaeN\x1e'
11E8E149-D5B6-A838-987C-12DF17AE4E1E,2020-ncaa-d2-natl,ncaa,277,296,102,288,167,232,212,137,265,172,90,259,249,213,284,238,255,133,310,123,180,129,140,274,289,275,272,233,220,124,218,238,267,207,287,301,310,129,118,293,143,155,226,260,,,39,22,,,289,155,172,285,278,247,158,191,93,265,237,279,139,131,150,171,133,278,248,310,108,152,239,,31,,,282,246,284,210,299,299,264,292,79,59,173,43,56,68,119,66,25,181,187,280,265,235,4,38,16,238,267,296,218,289,287,280,176,116,130,209,98,99,302,297,,,167,170,,,289,160,271,253,280,229,278,192,296,270,75,45,36,47,48,151,169,223,289,281,255,129,83,300,,191,,,b'\x11\xe8\xe1I\xd5\xb6\xa88\x98|\x12\xdf\x17\xaeN\x1e'
11E8E149-D5B6-A838-987C-12DF17AE4E1E,2021-ncaa-d2-conf-PSAC,ncaa,3,3,3,3,3,3,3,3,2,3,3,2,2,2,3,2,3,3,3,3,3,3,3,2,2,3,2,2,3,3,2,3,3,3,3,3,3,3,3,3,2,2,3,3,,,2,2,,,2,3,1,3,2,2,3,2,2,2,2,3,2,3,3,1,2,3,3,3,3,2,3,,2,,,3,1,2,1,3,2,2,3,1,1,1,2,2,2,2,2,1,1,1,3,3,2,1,1,2,2,3,2,2,2,3,3,3,3,2,3,1,2,1,2,,,3,2,,,2,1,3,3,3,3,3,3,3,3,1,2,2,2,2,3,3,3,2,2,3,2,2,2,,2,,,b'\x11\xe8\xe1I\xd5\xb6\xa88\x98|\x12\xdf\x17\xaeN\x1e'
11E8E149-D5B6-A838-987C-12DF17AE4E1E,2021-ncaa-d2-natl,ncaa,201,66,208,194,211,213,214,215,131,214,215,97,207,209,136,78,202,206,161,207,11,214,214,119,111,148,58,92,34,212,151,214,163,215,152,210,119,20,201,190,212,164,190,94,,,16,163,,,145,213,196,217,184,192,219,190,215,128,122,92,65,83,213,207,169,181,193,180,171,174,83,,111,,,156,16,18,15,144,20,17,121,14,15,88,21,19,18,151,18,87,15,14,113,109,141,28,28,132,16,163,16,151,16,152,20,176,213,171,189,20,178,16,150,,,211,32,,,145,14,154,153,164,87,110,87,163,162,29,12,111,102,109,83,47,130,60,83,151,185,147,88,,101,,,b'\x11\xe8\xe1I\xd5\xb6\xa88\x98|\x12\xdf\x17\xaeN\x1e'
11E8E149-D5B6-A838-987C-12DF17AE4E1E,2022-ncaa-d2-conf-PSAC,ncaa,17,17,12,17,15,15,15,15,12,18,17,12,5,2,10,2,17,17,13,17,10,17,17,10,12,12,2,1,16,16,16,17,17,16,18,18,17,7,13,17,16,15,15,14,,,4,5,,,18,18,10,9,15,15,12,18,17,2,1,16,16,16,16,15,15,15,16,18,12,13,14,,6,,,18,15,17,13,18,17,10,18,15,10,14,12,4,5,14,5,4,10,3,18,18,18,4,12,1,15,17,10,16,16,18,15,7,17,16,17,4,9,11,14,,,17,16,,,18,1,15,18,18,18,18,18,18,15,16,15,5,5,5,17,12,17,14,18,17,15,6,12,,17,,,b'\x11\xe8\xe1I\xd5\xb6\xa88\x98|\x12\xdf\x17\xaeN\x1e'
11E8E149-D5B6-A838-987C-12DF17AE4E1E,2022-ncaa-d2-natl,ncaa,263,283,146,275,169,218,208,196,216,244,246,202,105,86,177,34,274,263,218,263,231,218,196,190,211,217,74,40,268,239,270,196,230,227,274,258,277,175,216,260,177,175,149,170,,,54,52,,,278,182,197,155,260,247,215,267,269,89,58,286,277,276,252,228,250,227,254,275,183,178,154,,58,,,274,226,254,184,271,246,182,261,220,190,236,187,52,38,258,38,23,157,132,269,260,271,66,188,18,205,230,220,270,213,274,234,148,216,228,262,89,123,221,266,,,255,269,,,278,117,246,276,277,248,272,228,266,204,238,202,45,34,34,188,136,205,244,236,238,226,96,232,,285,,,b'\x11\xe8\xe1I\xd5\xb6\xa88\x98|\x12\xdf\x17\xaeN\x1e'
11E8E149-D5B6-A838-987C-12DF17AE4E1E,2023-ncaa-d2-conf-PSAC,ncaa,16,16,14,16,14,16,17,16,13,16,16,14,12,13,9,7,15,17,13,17,10,17,18,13,13,14,8,6,12,17,17,16,16,18,17,17,14,10,13,17,15,15,6,5,,,3,4,,,16,17,14,8,15,15,15,15,15,10,11,15,17,17,17,18,17,11,18,17,12,15,6,,4,,,16,10,11,7,14,6,2,16,17,15,16,15,3,3,6,3,6,6,2,16,15,16,17,17,4,14,16,9,17,12,17,11,12,16,16,16,11,16,8,13,,,17,14,,,16,2,15,17,16,15,16,16,9,5,17,17,4,4,4,14,9,17,12,15,14,16,15,10,,17,,,b'\x11\xe8\xe1I\xd5\xb6\xa88\x98|\x12\xdf\x17\xaeN\x1e'
11E8E149-D5B6-A838-987C-12DF17AE4E1E,2023-ncaa-d2-natl,ncaa,267,279,148,273,177,248,238,237,204,234,238,204,191,189,164,138,249,247,216,243,191,249,234,199,212,242,157,131,186,284,288,147,191,226,258,249,216,203,262,258,207,206,59,37,,,106,106,,,281,199,193,208,276,265,275,256,242,195,196,263,252,251,285,264,284,123,247,261,214,196,51,,110,,,277,185,182,165,197,134,99,208,258,248,223,260,122,107,162,111,153,154,128,228,211,240,238,258,86,184,191,192,288,192,258,198,189,220,234,245,233,271,160,223,,,237,209,,,281,113,267,256,276,229,226,220,159,95,268,269,124,113,116,211,144,205,221,223,215,224,245,173,,257,,,b'\x11\xe8\xe1I\xd5\xb6\xa88\x98|\x12\xdf\x17\xaeN\x1e'
11E8E149-D5B6-A838-987C-12DF17AE4E1E,2024-ncaa-d2-conf-PSAC,ncaa,18,18,13,18,15,13,13,10,18,18,13,18,3,2,11,2,16,16,8,17,13,10,10,15,15,15,1,1,15,8,11,13,16,11,14,14,16,11,13,16,17,17,17,17,,,9,9,,,16,11,3,5,12,13,3,18,13,1,1,15,15,16,6,4,6,10,8,14,14,17,17,,13,,,16,16,16,12,16,10,10,16,18,16,17,15,11,11,10,11,12,10,9,16,16,17,14,16,5,12,16,17,11,15,14,17,16,16,17,17,10,10,15,18,,,16,18,,,16,8,15,16,16,17,16,17,14,13,18,17,13,14,14,17,16,17,18,17,17,16,14,16,,16,,,b'\x11\xe8\xe1I\xd5\xb6\xa88\x98|\x12\xdf\x17\xaeN\x1e'
11E8E149-D5B6-A838-987C-12DF17AE4E1E,2024-ncaa-d2-natl,ncaa,290,299,117,295,153,187,192,103,276,248,210,262,58,23,200,15,239,243,193,245,210,120,92,248,257,259,29,12,236,96,185,132,243,113,236,223,244,259,231,268,230,268,262,280,,,203,136,,,292,95,81,165,223,232,76,278,238,44,13,261,257,263,114,79,92,136,104,256,247,245,271,,187,,,286,286,283,260,264,271,232,254,274,248,274,188,220,211,199,214,144,259,227,273,269,286,169,205,87,266,243,275,185,279,236,296,260,217,273,292,264,240,268,290,,,215,276,,,292,201,252,291,286,288,288,279,277,246,269,246,208,190,188,278,240,267,279,280,292,233,245,278,,252,,,b'\x11\xe8\xe1I\xd5\xb6\xa88\x98|\x12\xdf\x17\xaeN\x1e'
11E8E149-D5B6-A838-987C-12DF17AE4E1E,2025-ncaa-d2-conf-PSAC,genius_ncaa,12,12,10,12,10,7,9,7,12,10,9,10,7,5,12,9,5,2,14,2,2,4,3,11,11,10,6,9,2,5,10,11,16,9,16,15,17,15,8,17,3,5,5,5,,,16,11,,13,12,3,2,1,4,6,3,8,8,8,4,1,1,1,3,2,3,10,6,17,14,3,4,,16,,13,12,15,15,14,15,15,15,14,13,11,10,7,15,15,11,16,11,15,15,15,15,14,8,7,8,15,16,16,10,17,16,17,15,3,3,12,14,10,17,17,,,5,9,,4,12,15,10,14,12,17,16,17,17,17,12,13,16,16,16,17,17,17,16,17,17,3,13,16,,2,,2,b'\x11\xe8\xe1I\xd5\xb6\xa88\x98|\x12\xdf\x17\xaeN\x1e'
11E8E149-D5B6-A838-987C-12DF17AE4E1E,2025-ncaa-d2-natl,genius_ncaa,144,159,109,154,110,70,86,58,149,71,69,115,141,99,229,175,24,12,232,12,20,41,33,168,161,169,152,215,44,44,102,118,257,78,210,236,300,274,187,282,21,46,50,89,,,272,187,,233,178,35,13,6,35,55,34,49,66,154,104,15,10,10,15,11,48,121,55,271,261,18,47,,271,,223,173,280,279,252,240,293,280,230,85,112,101,37,270,274,121,275,182,267,277,208,201,156,36,32,196,284,257,259,102,282,210,276,185,26,65,124,279,210,296,293,,,38,109,,112,178,267,158,177,170,283,282,279,293,291,83,85,260,265,268,288,292,275,251,278,256,24,266,299,,24,,117,b'\x11\xe8\xe1I\xd5\xb6\xa88\x98|\x12\xdf\x17\xaeN\x1e'
11E8E149-D5B6-A838-987C-12DF17AE4E1E,2026-ncaa-d2-conf-PSAC,genius_ncaa,2,1,3,1,3,3,6,8,9,6,5,9,8,11,5,12,1,3,6,2,4,4,5,9,4,2,4,10,3,6,9,7,15,6,12,12,15,4,2,9,5,4,3,8,,,10,10,,11,5,7,4,1,1,5,6,5,3,8,10,1,3,2,2,3,4,6,4,11,4,3,2,,12,,12,5,11,8,14,6,7,13,4,10,7,14,6,10,13,6,11,10,14,14,6,6,6,11,12,10,14,15,10,9,13,12,7,9,7,8,7,4,3,9,11,,,4,4,,11,5,11,2,9,6,13,10,16,8,15,12,8,11,13,12,16,16,16,12,15,8,5,4,10,,3,,9,b'\x11\xe8\xe1I\xd5\xb6\xa88\x98|\x12\xdf\x17\xaeN\x1e'
11E8E149-D5B6-A838-987C-12DF17AE4E1E,2026-ncaa-d2-natl,genius_ncaa,30,13,141,24,170,69,80,78,133,95,81,158,77,90,93,151,51,60,92,60,101,69,72,123,119,113,104,133,92,77,148,116,215,101,203,63,90,198,135,114,6,6,46,75,,,198,106,,239,40,71,3,88,7,15,7,42,26,46,50,28,30,30,4,7,51,45,26,29,243,4,39,,248,,247,33,149,169,182,135,229,226,169,25,89,9,34,167,188,86,178,109,181,228,71,69,29,9,8,183,249,215,223,148,238,203,163,141,14,13,37,212,164,137,93,,,94,176,,188,40,219,114,37,53,191,217,263,272,280,15,85,194,225,214,273,297,266,291,290,195,8,236,153,,36,,194,b'\x11\xe8\xe1I\xd5\xb6\xa88\x98|\x12\xdf\x17\xaeN\x1e'
11E8E149-D5BA-D836-987C-12DF17AE4E1E,2018-ncaa-d2-conf-SIAC,ncaa,1,1,2,1,4,2,3,3,8,3,4,7,5,2,9,4,2,2,4,2,4,3,3,7,7,4,4,5,4,5,5,4,9,2,10,5,8,5,2,4,3,6,9,11,,,8,5,,,3,3,7,9,5,5,3,7,8,5,3,3,3,3,2,6,5,6,5,6,3,5,11,,4,,,4,8,8,9,2,9,10,3,4,4,3,4,9,7,12,7,6,9,11,2,3,2,6,3,8,10,9,12,5,11,10,4,3,2,4,2,6,4,10,9,,,1,2,,,3,11,4,2,4,2,5,6,6,7,3,3,8,6,6,6,8,8,11,11,3,2,4,10,,1,,,b'\x11\xe8\xe1I\xd5\xba\xd86\x98|\x12\xdf\x17\xaeN\x1e'
11E8E149-D5BA-D836-987C-12DF17AE4E1E,2018-ncaa-d2-natl,ncaa,62,63,64,64,86,114,136,84,237,109,60,223,206,153,278,227,26,11,251,11,32,54,35,255,239,237,175,249,19,48,105,74,240,56,191,190,243,294,218,262,33,56,206,254,,,260,183,,,110,36,49,149,154,190,101,136,87,240,198,31,8,7,56,33,54,94,67,240,262,36,228,,240,,,112,174,129,224,47,217,275,46,20,46,22,12,278,285,88,284,220,245,275,21,32,14,77,14,291,289,240,277,105,288,191,87,65,18,33,13,297,248,232,170,,,12,27,,,110,270,229,26,122,108,75,163,161,263,11,13,264,273,271,206,271,276,255,275,55,20,279,209,,6,,,b'\x11\xe8\xe1I\xd5\xba\xd86\x98|\x12\xdf\x17\xaeN\x1e'
11E8E149-D5BA-D836-987C-12DF17AE4E1E,2019-ncaa-d2-conf-SIAC,ncaa,11,11,10,11,12,10,12,10,10,12,12,10,1,1,4,1,8,10,4,10,2,10,11,9,9,6,1,1,4,10,11,12,12,12,12,10,8,1,1,5,12,11,12,12,,,1,1,,,12,12,1,12,6,10,3,12,12,1,1,3,4,3,3,8,9,12,12,9,1,10,12,,1,,,12,9,10,7,12,12,10,12,1,1,3,1,1,1,10,1,1,4,4,12,12,12,1,1,1,6,12,8,11,7,12,11,9,8,9,11,3,7,10,12,,,8,2,,,12,3,6,12,12,12,12,11,12,12,1,1,3,2,2,11,12,12,11,11,12,6,6,12,,4,,,b'\x11\xe8\xe1I\xd5\xba\xd86\x98|\x12\xdf\x17\xaeN\x1e'
11E8E149-D5BA-D836-987C-12DF17AE4E1E,2019-ncaa-d2-natl,ncaa,278,274,260,279,286,277,288,225,306,291,256,305,177,109,277,71,198,126,287,121,27,210,201,301,300,294,34,84,36,155,224,297,310,272,306,298,280,165,205,298,164,183,289,306,,,81,58,,,286,217,12,308,267,282,85,291,208,132,51,130,59,51,61,40,83,297,247,297,240,114,288,,178,,,285,146,255,144,288,302,285,263,7,8,42,2,44,110,6,111,33,125,164,227,179,128,1,2,40,289,310,269,224,289,306,199,109,76,53,112,220,241,257,297,,,145,75,,,286,113,292,203,279,273,300,289,308,309,3,3,109,189,193,286,301,308,306,307,268,25,267,288,,31,,,b'\x11\xe8\xe1I\xd5\xba\xd86\x98|\x12\xdf\x17\xaeN\x1e'
11E8E149-D5BA-D836-987C-12DF17AE4E1E,2020-ncaa-d2-conf-SIAC,ncaa,11,9,11,11,11,9,13,9,12,13,9,11,6,3,8,2,5,4,5,4,2,8,9,12,9,9,2,5,3,7,5,13,9,11,10,11,7,3,5,7,8,4,13,13,,,5,6,,,11,10,4,3,6,9,3,10,9,4,2,2,2,2,1,2,4,13,10,8,7,2,12,,8,,,11,7,9,1,13,11,4,13,3,1,13,2,5,6,3,5,6,2,2,13,13,12,1,4,4,5,9,6,5,4,10,7,3,4,2,5,9,8,11,13,,,5,4,,,11,3,7,11,11,13,13,5,13,7,4,2,7,7,7,5,10,6,11,8,9,1,10,13,,1,,,b'\x11\xe8\xe1I\xd5\xba\xd86\x98|\x12\xdf\x17\xaeN\x1e'
11E8E149-D5BA-D836-987C-12DF17AE4E1E,2020-ncaa-d2-natl,ncaa,223,220,223,227,223,218,264,151,300,233,115,292,270,193,307,229,20,7,258,7,7,89,83,304,291,279,113,270,4,25,51,276,296,155,247,257,210,225,171,268,93,108,258,275,,,262,253,,,240,137,40,2,199,267,50,215,57,269,159,6,2,2,21,10,12,261,76,256,261,66,255,,295,,,237,182,182,101,258,265,235,233,20,12,125,6,248,278,20,277,234,140,203,205,192,110,20,7,242,271,296,258,51,274,247,90,44,38,37,39,216,162,286,274,,,13,15,,,240,171,254,149,235,237,238,163,288,288,12,8,270,296,297,238,294,289,294,299,128,16,244,296,,2,,,b'\x11\xe8\xe1I\xd5\xba\xd86\x98|\x12\xdf\x17\xaeN\x1e'
11E8E149-D5BA-D836-987C-12DF17AE4E1E,2022-ncaa-d2-conf-SIAC,ncaa,10,12,10,12,11,10,10,9,11,9,7,12,6,5,10,5,6,7,8,8,9,9,9,13,12,9,4,5,6,10,12,11,13,11,14,11,14,5,3,10,8,9,9,11,,,7,9,,,14,8,2,12,6,10,3,10,5,5,4,8,6,6,3,3,6,12,11,11,4,7,9,,12,,,14,10,11,8,13,12,8,13,7,7,12,6,8,7,9,7,7,8,7,13,13,12,4,5,5,10,13,13,12,12,14,11,7,7,5,10,4,4,13,12,,,7,5,,,14,7,9,14,13,13,13,11,13,12,9,8,10,11,11,12,12,12,14,14,13,3,5,13,,3,,,b'\x11\xe8\xe1I\xd5\xba\xd86\x98|\x12\xdf\x17\xaeN\x1e'
11E8E149-D5BA-D836-987C-12DF17AE4E1E,2022-ncaa-d2-natl,ncaa,263,241,267,267,276,242,258,219,273,231,166,273,260,243,246,248,115,57,281,56,30,201,180,279,276,268,152,241,11,113,120,275,298,237,285,278,289,199,226,283,93,96,221,235,,,216,239,,,244,201,5,195,145,186,32,135,27,228,188,22,3,3,14,8,32,245,107,269,278,35,186,,299,,,247,115,132,76,239,207,169,216,17,19,49,13,193,265,6,262,247,104,151,176,163,91,15,7,235,280,298,153,120,220,285,127,142,55,28,53,105,121,281,281,,,126,79,,,244,104,261,159,237,278,275,272,294,296,31,41,280,298,298,292,298,297,292,298,239,10,224,296,,5,,,b'\x11\xe8\xe1I\xd5\xba\xd86\x98|\x12\xdf\x17\xaeN\x1e'
11E8E149-D5BA-D836-987C-12DF17AE4E1E,2023-ncaa-d2-conf-SIAC,ncaa,4,3,8,4,8,11,13,12,11,10,10,10,11,8,12,8,5,5,8,6,3,11,12,12,11,8,5,10,2,11,12,12,10,11,12,11,8,2,5,8,11,10,10,7,,,6,9,,,5,12,12,1,9,11,9,10,8,9,8,3,3,3,8,10,11,10,11,11,3,10,9,,8,,,5,1,1,4,3,1,2,3,10,10,8,13,2,3,5,3,8,3,3,4,4,4,11,13,8,6,10,10,12,8,12,6,13,7,4,8,1,2,7,10,,,5,1,,,5,2,8,4,5,4,4,8,3,3,11,11,4,6,6,7,6,9,12,11,12,7,2,9,,1,,,b'\x11\xe8\xe1I\xd5\xba\xd86\x98|\x12\xdf\x17\xaeN\x1e'
11E8E149-D5BA-D836-987C-12DF17AE4E1E,2023-ncaa-d2-natl,ncaa,139,82,255,112,256,261,282,274,278,252,217,272,283,271,283,263,50,21,248,21,5,235,238,282,267,265,131,272,1,149,138,258,284,233,247,266,175,150,219,263,183,158,159,106,,,186,260,,,133,245,77,24,218,274,214,211,97,275,252,3,2,2,95,54,70,186,114,252,248,114,111,,281,,,133,13,14,29,14,13,51,20,31,59,20,93,146,221,5,217,264,45,82,9,13,7,197,84,274,249,284,96,138,164,247,38,224,69,33,29,51,105,222,265,,,53,3,,,133,53,262,21,140,54,28,134,49,162,65,107,233,278,279,205,269,289,253,281,111,20,143,273,,3,,,b'\x11\xe8\xe1I\xd5\xba\xd86\x98|\x12\xdf\x17\xaeN\x1e'
11E8E149-D5BA-D836-987C-12DF17AE4E1E,2024-ncaa-d2-conf-SIAC,ncaa,4,5,5,5,5,3,3,6,2,3,6,2,11,9,13,11,2,2,11,3,3,5,5,2,2,2,13,13,6,6,6,10,4,8,6,6,11,9,5,8,3,3,12,13,,,11,12,,,2,5,4,3,2,2,4,1,4,11,10,1,2,2,4,5,7,12,10,6,8,3,13,,13,,,2,7,7,5,12,6,5,12,7,3,12,3,8,9,5,9,12,6,9,12,12,5,8,7,8,2,4,9,6,5,6,2,1,2,1,1,12,10,12,11,,,3,2,,,2,10,3,4,3,8,6,2,6,2,6,2,8,9,9,2,10,1,8,3,1,1,10,12,,3,,,b'\x11\xe8\xe1I\xd5\xba\xd86\x98|\x12\xdf\x17\xaeN\x1e'
11E8E149-D5BA-D836-987C-12DF17AE4E1E,2024-ncaa-d2-natl,ncaa,123,93,207,115,211,149,171,183,137,83,92,119,278,262,291,277,24,10,242,9,13,133,122,201,166,174,257,290,7,84,83,236,229,182,191,209,249,219,189,236,31,27,264,265,,,220,228,,,83,138,32,43,77,114,95,31,33,284,259,4,1,1,32,23,54,216,131,201,246,23,259,,265,,,76,57,39,39,145,83,113,95,31,22,190,24,220,250,39,246,265,53,152,125,140,29,134,39,278,166,229,141,83,149,191,13,11,15,6,1,229,208,160,131,,,49,29,,,83,154,159,26,90,109,76,43,127,171,39,20,250,269,267,105,259,205,222,222,11,5,247,199,,5,,,b'\x11\xe8\xe1I\xd5\xba\xd86\x98|\x12\xdf\x17\xaeN\x1e'
11E8E149-D5BA-D836-987C-12DF17AE4E1E,2025-ncaa-d2-conf-SIAC,genius_ncaa,1,1,1,1,1,1,1,2,1,1,1,1,6,7,2,11,1,1,10,1,2,1,2,1,1,1,12,11,5,3,7,1,8,2,5,3,14,11,1,4,1,2,1,1,,,13,8,,7,1,1,6,10,2,1,7,1,4,9,11,2,1,1,4,7,7,3,4,10,2,3,1,,8,,5,1,13,12,14,3,11,14,2,13,13,5,8,10,9,10,10,5,14,14,4,3,3,8,9,6,13,8,14,7,14,5,13,9,1,3,5,6,3,13,12,,,1,3,,8,1,14,1,4,1,4,5,5,6,7,8,8,6,5,5,5,9,10,4,6,4,2,3,12,,3,,9,b'\x11\xe8\xe1I\xd5\xba\xd86\x98|\x12\xdf\x17\xaeN\x1e'
11E8E149-D5BA-D836-987C-12DF17AE4E1E,2025-ncaa-d2-natl,genius_ncaa,24,47,15,37,22,39,49,41,82,19,13,104,246,245,234,289,3,1,265,1,12,22,13,147,131,147,260,293,11,17,33,35,259,20,122,178,295,286,179,256,13,42,30,56,,,291,188,,131,28,16,89,207,87,116,180,36,50,287,289,8,2,2,82,72,45,127,57,265,210,38,54,,223,,80,37,188,139,259,10,199,279,15,53,130,16,44,286,297,20,297,248,279,291,8,10,5,110,36,290,300,259,232,33,287,122,111,102,11,25,16,244,121,283,201,,,8,30,,112,28,286,115,15,37,40,24,85,64,192,20,39,224,258,256,130,243,273,86,180,30,18,154,256,,21,,154,b'\x11\xe8\xe1I\xd5\xba\xd86\x98|\x12\xdf\x17\xaeN\x1e'
11E8E149-D5BA-D836-987C-12DF17AE4E1E,2026-ncaa-d2-conf-SIAC,genius_ncaa,4,8,1,7,1,1,1,1,2,2,2,5,1,4,2,7,2,3,4,3,8,1,3,2,1,3,5,6,6,7,11,1,10,3,12,1,6,9,6,4,6,11,7,11,,,11,5,,14,5,1,9,1,4,4,7,5,7,6,7,6,8,8,7,10,9,2,8,4,4,10,10,,5,,12,5,12,13,13,2,13,13,5,11,13,7,10,8,7,4,7,3,13,14,5,2,5,7,11,3,13,10,14,11,13,12,9,6,4,11,8,7,4,12,10,,,1,1,,1,5,14,4,9,5,5,8,12,7,10,9,11,3,3,4,10,7,11,8,12,5,9,2,9,,5,,2,b'\x11\xe8\xe1I\xd5\xba\xd86\x98|\x12\xdf\x17\xaeN\x1e'
11E8E149-D5BA-D836-987C-12DF17AE4E1E,2026-ncaa-d2-natl,genius_ncaa,107,239,6,180,8,11,10,12,112,5,8,123,167,126,225,265,9,3,145,4,117,11,8,169,145,144,252,272,59,15,106,34,275,12,221,55,231,284,122,177,31,145,101,217,,,254,42,,225,138,8,77,88,96,96,97,36,36,256,249,45,45,46,61,65,79,228,161,177,155,114,177,,73,,151,143,290,293,291,202,293,292,194,231,252,157,89,236,266,43,272,99,291,296,189,162,123,49,102,70,295,275,286,106,295,221,260,69,10,91,84,277,156,281,174,,,7,97,,41,138,292,124,160,153,194,233,219,254,244,125,121,94,132,150,214,245,273,163,240,138,61,174,230,,74,,107,b'\x11\xe8\xe1I\xd5\xba\xd86\x98|\x12\xdf\x17\xaeN\x1e'
11E8E149-D5BF-66C6-987C-12DF17AE4E1E,2018-ncaa-d2-conf-Peach Belt,ncaa,7,7,5,7,6,7,7,5,10,7,4,9,10,9,12,8,6,7,8,7,9,5,5,11,11,11,8,10,5,4,5,8,8,8,8,11,11,10,8,11,2,2,12,11,,,11,11,,,7,5,4,6,8,7,4,7,3,11,8,7,6,6,4,4,3,9,7,11,10,2,12,,11,,,7,2,2,1,9,5,3,9,2,2,5,4,11,12,8,12,11,2,7,6,8,5,8,3,12,3,8,11,5,8,8,3,8,2,2,2,9,7,4,3,,,6,9,,,7,8,12,5,7,5,2,1,7,3,2,3,10,12,12,2,7,3,10,9,4,2,8,4,,7,,,b'\x11\xe8\xe1I\xd5\xbff\xc6\x98|\x12\xdf\x17\xaeN\x1e'
11E8E149-D5BF-66C6-987C-12DF17AE4E1E,2018-ncaa-d2-natl,ncaa,134,164,64,148,75,136,119,40,267,66,15,260,269,210,301,280,109,75,256,74,230,38,29,289,289,275,290,295,107,13,51,175,269,73,200,184,255,284,180,253,11,8,274,295,,,285,240,,,154,42,69,88,197,160,30,73,15,292,248,136,86,86,30,21,14,253,87,231,254,8,287,,270,,,153,184,151,144,168,253,238,175,8,36,7,13,282,284,101,285,254,193,267,102,126,33,36,6,290,266,269,291,51,284,200,179,171,8,9,16,276,195,209,81,,,115,263,,,154,264,247,38,159,114,97,59,202,197,5,10,266,270,273,120,251,231,270,272,119,8,251,174,,166,,,b'\x11\xe8\xe1I\xd5\xbff\xc6\x98|\x12\xdf\x17\xaeN\x1e'
11E8E149-D5BF-66C6-987C-12DF17AE4E1E,2019-ncaa-d2-conf-Peach Belt,ncaa,3,4,4,4,4,4,4,3,6,3,2,6,8,10,4,12,4,1,11,2,3,3,3,6,6,4,10,11,1,2,4,5,7,4,6,4,11,9,6,6,1,1,11,11,,,11,9,,,3,4,1,4,3,4,4,4,1,9,10,2,1,1,4,2,2,7,6,5,9,1,11,,11,,,3,8,7,7,5,9,9,7,2,4,1,3,11,11,10,11,8,9,10,3,5,2,4,2,11,12,7,9,4,9,6,6,6,1,1,1,9,7,8,3,,,3,4,,,3,9,4,2,3,5,5,4,8,9,2,2,8,7,8,3,12,8,8,8,3,1,8,7,,1,,,b'\x11\xe8\xe1I\xd5\xbff\xc6\x98|\x12\xdf\x17\xaeN\x1e'
11E8E149-D5BF-66C6-987C-12DF17AE4E1E,2019-ncaa-d2-natl,ncaa,48,74,30,70,31,39,40,20,168,24,5,199,188,196,175,293,25,3,294,3,86,13,8,208,220,202,262,277,78,14,59,59,235,30,157,101,251,292,162,207,6,5,235,287,,,298,186,,,68,9,13,79,68,65,28,24,5,247,265,36,4,4,13,7,18,136,48,172,244,6,272,,265,,,71,251,244,276,101,294,297,106,22,78,6,19,281,279,163,279,156,290,304,50,65,14,28,8,262,290,235,301,59,301,157,201,120,6,9,15,290,159,223,61,,,6,103,,,68,303,181,21,74,112,125,168,231,284,7,19,242,230,230,198,297,252,253,265,115,5,244,171,,9,,,b'\x11\xe8\xe1I\xd5\xbff\xc6\x98|\x12\xdf\x17\xaeN\x1e'
11E8E149-D5BF-66C6-987C-12DF17AE4E1E,2020-ncaa-d2-conf-Peach Belt,ncaa,3,3,2,3,2,2,3,2,6,4,3,6,2,2,5,8,2,2,3,2,7,2,2,5,5,3,5,6,5,1,4,8,10,5,8,8,12,4,1,8,2,2,8,9,,,11,6,,,3,2,4,1,2,4,3,4,4,2,4,3,2,2,3,3,2,12,7,10,1,3,9,,8,,,3,12,12,8,12,11,8,12,10,10,7,9,11,10,8,10,7,10,11,12,12,9,6,6,5,9,10,12,4,12,8,12,11,2,2,5,4,1,4,1,,,4,8,,,3,11,3,7,3,11,10,3,11,2,8,7,5,5,5,3,9,5,7,8,12,2,2,3,,8,,,b'\x11\xe8\xe1I\xd5\xbff\xc6\x98|\x12\xdf\x17\xaeN\x1e'
11E8E149-D5BF-66C6-987C-12DF17AE4E1E,2020-ncaa-d2-natl,ncaa,60,72,54,69,57,64,67,32,170,61,28,192,109,99,126,195,63,57,161,56,169,35,32,173,175,147,164,172,131,31,80,213,252,112,216,223,306,183,81,221,12,16,182,203,,,242,159,,,109,47,79,26,74,77,34,80,40,132,133,80,76,78,36,41,44,282,156,264,131,13,206,,199,,,111,252,258,194,259,269,204,267,167,168,154,127,190,208,76,205,170,202,265,247,234,124,79,100,124,238,252,279,80,271,216,270,220,12,18,81,230,137,99,31,,,141,271,,,109,264,123,130,113,190,216,121,229,142,130,125,151,174,165,119,244,198,234,228,234,15,186,73,,199,,,b'\x11\xe8\xe1I\xd5\xbff\xc6\x98|\x12\xdf\x17\xaeN\x1e'
11E8E149-D5BF-66C6-987C-12DF17AE4E1E,2021-ncaa-d2-conf-Peach Belt,ncaa,3,4,3,3,3,3,3,3,4,3,2,8,2,6,1,12,3,3,9,3,7,3,3,4,4,4,8,8,9,1,1,7,10,4,5,4,10,10,4,6,1,1,5,7,,,11,9,,,3,3,1,3,3,2,1,2,1,5,11,4,4,4,1,1,1,10,7,6,8,1,7,,9,,,3,10,9,9,8,9,10,8,8,8,6,5,12,9,11,9,8,9,10,8,11,5,8,5,11,11,10,7,1,8,5,8,7,2,1,1,9,1,9,5,,,3,8,,,3,10,3,5,3,7,4,2,6,3,6,3,11,7,7,2,10,5,4,3,7,1,6,5,,2,,,b'\x11\xe8\xe1I\xd5\xbff\xc6\x98|\x12\xdf\x17\xaeN\x1e'
11E8E149-D5BF-66C6-987C-12DF17AE4E1E,2021-ncaa-d2-natl,ncaa,72,49,132,49,134,109,107,117,79,95,79,149,121,165,6,206,115,92,190,95,140,116,115,94,110,105,161,139,128,56,23,169,175,138,98,134,186,105,81,130,33,8,127,123,,,113,159,,,54,128,50,30,44,39,30,37,21,99,183,73,31,32,23,22,24,209,102,116,142,5,128,,186,,,56,93,86,77,134,87,83,124,74,73,125,77,145,114,210,113,168,81,95,133,166,71,143,71,198,93,175,79,23,80,98,99,172,42,9,29,88,66,78,34,,,121,145,,,54,96,74,72,60,122,83,47,106,89,81,65,194,165,158,65,167,122,83,95,131,10,115,74,,62,,,b'\x11\xe8\xe1I\xd5\xbff\xc6\x98|\x12\xdf\x17\xaeN\x1e'
11E8E149-D5BF-66C6-987C-12DF17AE4E1E,2022-ncaa-d2-conf-Peach Belt,ncaa,5,5,8,5,9,6,6,6,9,6,3,8,8,8,6,9,6,5,8,5,8,6,6,9,9,7,9,8,7,2,2,10,9,7,6,8,9,2,1,7,3,2,5,4,,,2,6,,,5,7,5,2,6,5,1,4,1,9,7,5,4,4,3,3,2,10,5,8,4,2,5,,6,,,5,3,3,2,7,2,2,5,6,3,10,6,4,3,9,3,7,2,2,8,10,5,10,9,7,4,9,6,2,4,6,7,9,4,2,5,1,4,1,1,,,7,9,,,5,2,6,5,5,4,4,1,4,2,8,4,6,5,5,1,6,5,6,6,9,2,4,2,,7,,,b'\x11\xe8\xe1I\xd5\xbff\xc6\x98|\x12\xdf\x17\xaeN\x1e'
11E8E149-D5BF-66C6-987C-12DF17AE4E1E,2022-ncaa-d2-natl,ncaa,108,139,64,122,89,102,80,40,211,49,20,207,217,165,274,249,122,58,287,56,194,39,40,240,256,220,281,263,188,16,51,153,257,59,200,171,264,180,76,192,20,23,79,100,,,227,155,,,121,70,91,103,139,95,22,48,15,251,200,166,81,82,21,32,18,235,73,228,128,26,88,,177,,,125,190,184,191,141,207,232,122,105,100,154,60,233,234,115,238,170,205,233,125,136,70,103,76,216,268,257,274,51,284,200,258,272,24,31,107,208,104,55,15,,,143,278,,,121,225,174,95,140,128,125,109,164,189,73,59,191,193,190,130,216,234,263,264,232,33,157,33,,218,,,b'\x11\xe8\xe1I\xd5\xbff\xc6\x98|\x12\xdf\x17\xaeN\x1e'
11E8E149-D5BF-66C6-987C-12DF17AE4E1E,2023-ncaa-d2-conf-Peach Belt,ncaa,2,2,3,2,5,5,3,4,7,3,2,4,9,6,10,8,2,1,10,1,2,2,1,8,8,8,9,9,3,1,1,10,10,4,5,4,6,10,8,7,2,2,1,1,,,10,10,,,4,2,2,6,4,3,2,1,1,9,8,3,1,1,2,1,1,10,3,4,9,2,1,,10,,,4,6,3,5,3,4,6,3,3,2,3,2,10,10,7,10,10,6,9,3,6,2,7,2,10,9,10,5,1,8,5,4,5,1,1,1,7,3,1,1,,,1,4,,,4,9,6,3,3,5,3,3,4,5,3,2,10,10,10,6,9,9,5,7,4,1,7,1,,1,,,b'\x11\xe8\xe1I\xd5\xbff\xc6\x98|\x12\xdf\x17\xaeN\x1e'
11E8E149-D5BF-66C6-987C-12DF17AE4E1E,2023-ncaa-d2-natl,ncaa,67,101,30,88,35,52,55,24,171,37,23,150,151,99,245,207,31,15,228,15,105,21,16,200,198,191,223,235,93,9,16,112,261,40,144,67,152,284,163,174,18,37,3,4,,,295,283,,,97,23,57,112,93,91,43,54,47,210,160,65,37,37,24,23,13,240,65,116,218,31,4,,288,,,101,254,224,237,136,253,271,108,87,88,138,32,295,294,143,294,245,269,278,107,141,69,116,33,280,288,261,254,16,281,144,148,65,13,34,17,221,88,50,9,,,26,159,,,97,275,140,89,103,146,106,97,175,212,51,33,278,276,277,165,251,245,150,204,74,23,149,25,,66,,,b'\x11\xe8\xe1I\xd5\xbff\xc6\x98|\x12\xdf\x17\xaeN\x1e'
11E8E149-D5BF-66C6-987C-12DF17AE4E1E,2024-ncaa-d2-conf-Peach Belt,ncaa,6,6,5,6,5,8,8,2,9,5,2,10,9,8,9,8,3,1,7,1,4,2,2,9,10,9,8,8,2,1,3,7,5,4,5,7,5,7,7,7,3,2,3,1,,,8,6,,,6,3,4,2,8,8,2,3,1,8,8,1,1,1,1,1,1,9,3,7,8,1,2,,8,,,6,7,4,2,8,2,2,8,9,8,8,10,9,6,7,6,10,3,7,9,9,6,10,10,8,2,5,8,3,7,5,10,9,2,1,4,3,1,2,2,,,4,8,,,6,9,8,5,6,6,5,3,3,1,8,7,10,8,8,4,7,2,7,7,8,1,4,2,,4,,,b'\x11\xe8\xe1I\xd5\xbff\xc6\x98|\x12\xdf\x17\xaeN\x1e'
11E8E149-D5BF-66C6-987C-12DF17AE4E1E,2024-ncaa-d2-natl,ncaa,216,234,172,224,172,172,181,105,262,143,45,275,236,227,241,263,86,69,216,65,146,96,81,271,265,256,216,255,41,46,78,219,147,139,175,216,237,239,185,250,35,33,80,55,,,219,211,,,211,99,58,3,172,177,36,122,19,248,235,59,47,45,25,20,29,224,97,225,241,29,67,,231,,,208,185,165,72,260,169,115,245,133,78,260,102,231,223,196,224,243,88,178,258,270,155,165,117,222,86,147,231,78,191,175,218,228,24,15,64,50,25,45,12,,,144,222,,,211,197,239,132,206,218,190,71,202,119,156,84,240,233,232,121,229,97,266,223,238,16,71,46,,114,,,b'\x11\xe8\xe1I\xd5\xbff\xc6\x98|\x12\xdf\x17\xaeN\x1e'
11E8E149-D5BF-66C6-987C-12DF17AE4E1E,2025-ncaa-d2-conf-Peach Belt,genius_ncaa,8,8,7,8,9,8,7,7,5,6,4,6,7,8,5,8,10,8,9,8,8,7,7,7,9,7,9,7,9,5,4,9,9,7,8,7,8,6,7,7,4,3,4,2,,,4,5,,3,7,7,3,8,7,4,4,3,1,7,8,9,7,7,3,4,5,8,4,7,8,3,3,,6,,3,8,3,3,3,5,2,3,2,5,4,8,5,6,6,10,6,7,3,3,6,7,4,9,7,9,8,9,6,4,4,8,3,6,4,3,4,8,7,1,1,,,9,10,,9,7,4,7,5,7,6,4,5,4,4,7,6,9,8,8,4,9,8,8,8,5,2,9,1,,8,,9,b'\x11\xe8\xe1I\xd5\xbff\xc6\x98|\x12\xdf\x17\xaeN\x1e'
11E8E149-D5BF-66C6-987C-12DF17AE4E1E,2025-ncaa-d2-natl,genius_ncaa,195,236,109,210,149,153,133,94,204,88,40,229,237,237,216,270,126,67,282,68,166,87,61,233,241,248,267,260,130,48,98,200,289,133,247,187,237,271,228,247,62,105,49,59,,,247,172,,210,230,71,41,207,180,143,76,64,30,260,263,139,64,66,63,39,53,247,150,209,256,66,45,,236,,194,220,246,206,192,196,207,227,118,178,104,287,57,274,271,185,270,226,216,252,192,211,138,197,122,239,291,289,241,98,279,247,204,166,24,34,63,270,232,37,5,,,107,185,,165,230,230,229,179,218,231,194,182,197,235,178,80,263,261,259,223,273,284,230,271,197,22,261,18,,100,,178,b'\x11\xe8\xe1I\xd5\xbff\xc6\x98|\x12\xdf\x17\xaeN\x1e'
11E8E149-D5BF-66C6-987C-12DF17AE4E1E,2026-ncaa-d2-conf-Peach Belt,genius_ncaa,1,2,1,2,2,7,4,3,7,3,1,8,7,8,4,9,8,6,11,6,8,3,6,7,8,7,11,9,8,4,6,7,11,5,11,5,6,3,3,3,5,5,2,2,,,5,5,,3,5,7,8,3,8,5,4,4,2,9,9,9,8,8,5,9,7,9,8,5,2,5,2,,2,,3,5,5,5,6,2,3,6,2,10,6,11,8,9,7,10,7,8,5,8,2,6,1,10,10,10,11,11,10,6,11,11,6,9,2,1,2,5,4,6,5,,,8,9,,2,5,6,6,3,5,2,2,3,2,3,10,6,9,6,7,2,6,10,8,10,3,2,4,6,,10,,3,b'\x11\xe8\xe1I\xd5\xbff\xc6\x98|\x12\xdf\x17\xaeN\x1e'
11E8E149-D5BF-66C6-987C-12DF17AE4E1E,2026-ncaa-d2-natl,genius_ncaa,107,196,13,157,27,66,47,25,199,20,13,195,242,187,280,276,62,34,242,35,196,23,21,242,242,230,285,284,110,24,78,156,294,88,269,101,219,267,151,199,20,63,82,143,,,217,41,,127,257,26,88,88,180,137,74,47,17,277,265,129,86,90,63,58,68,291,234,190,184,52,134,,74,,84,236,273,271,271,250,263,267,200,282,240,289,142,238,240,161,242,140,273,280,265,261,201,189,215,96,294,294,260,78,287,269,285,238,12,47,144,274,193,266,151,,,44,189,,213,257,271,214,252,245,248,242,182,194,173,250,156,144,153,159,170,247,287,160,260,259,35,214,222,,133,,249,b'\x11\xe8\xe1I\xd5\xbff\xc6\x98|\x12\xdf\x17\xaeN\x1e'
11E8E149-D5C3-AD30-987C-12DF17AE4E1E,2018-ncaa-d2-conf-SAC,ncaa,9,9,9,9,9,8,7,7,8,5,4,8,10,9,7,10,7,6,9,6,8,7,7,9,9,8,9,9,5,8,8,5,7,6,7,9,10,10,8,9,8,8,2,2,,,9,11,,,9,6,4,1,6,6,5,3,1,9,9,5,4,4,5,4,6,2,5,9,10,8,2,,11,,,9,7,5,7,6,6,9,3,3,3,5,2,11,11,8,11,10,8,5,5,7,9,8,2,11,6,7,6,8,7,7,5,5,8,8,9,8,7,3,4,,,8,5,,,9,6,9,9,9,9,9,9,8,10,4,6,11,11,11,10,9,8,9,10,6,8,9,4,,5,,,b'\x11\xe8\xe1I\xd5\xc3\xad0\x98|\x12\xdf\x17\xaeN\x1e'
11E8E149-D5C3-AD30-987C-12DF17AE4E1E,2018-ncaa-d2-natl,ncaa,225,229,206,228,210,193,165,169,169,99,62,192,294,298,220,302,185,163,226,161,236,168,158,214,223,231,296,298,137,128,102,143,129,144,110,237,269,219,219,257,207,212,58,62,,,284,304,,,207,166,80,29,164,122,93,47,18,291,298,147,115,115,91,66,82,68,71,232,256,190,46,,305,,,207,152,77,114,104,137,209,76,34,36,139,19,295,283,249,283,264,154,142,79,142,163,173,22,304,139,129,120,102,117,110,97,133,185,193,137,202,215,119,68,,,178,189,,,207,144,223,159,206,214,136,186,194,262,45,35,302,297,296,247,229,184,176,176,126,151,240,142,,123,,,b'\x11\xe8\xe1I\xd5\xc3\xad0\x98|\x12\xdf\x17\xaeN\x1e'
11E8E149-D5C3-AD30-987C-12DF17AE4E1E,2019-ncaa-d2-conf-SAC,ncaa,10,10,9,10,10,10,10,9,9,7,7,8,9,9,10,8,11,7,11,7,6,10,7,10,10,10,9,9,8,8,7,10,6,11,8,9,8,10,10,10,8,8,8,7,,,10,11,,,10,9,3,9,10,10,8,7,4,9,9,10,6,6,9,4,7,9,10,9,10,8,8,,11,,,10,9,5,3,9,5,2,10,6,5,7,6,10,10,6,10,11,4,1,9,10,10,8,7,11,1,6,3,7,2,8,7,5,9,8,9,6,8,3,2,,,10,8,,,10,2,10,10,10,10,10,6,8,5,8,9,11,11,11,7,7,4,5,4,8,8,8,3,,6,,,b'\x11\xe8\xe1I\xd5\xc3\xad0\x98|\x12\xdf\x17\xaeN\x1e'
11E8E149-D5C3-AD30-987C-12DF17AE4E1E,2019-ncaa-d2-natl,ncaa,271,285,182,275,197,219,195,163,222,117,91,195,284,253,304,269,221,128,298,126,188,160,122,260,276,277,296,289,162,113,85,241,208,195,170,198,198,271,257,251,240,260,186,190,,,294,307,,,278,134,52,111,231,183,108,89,50,291,258,205,105,105,92,48,85,250,169,192,276,237,180,,306,,,273,229,171,130,212,188,164,203,117,105,193,72,297,299,169,298,294,179,167,203,237,234,198,68,290,135,208,122,85,122,170,190,193,161,190,187,209,174,73,42,,,149,187,,,278,172,274,237,272,268,214,158,221,201,152,121,306,304,304,244,239,149,159,154,218,148,226,87,,113,,,b'\x11\xe8\xe1I\xd5\xc3\xad0\x98|\x12\xdf\x17\xaeN\x1e'
11E8E149-D5C3-AD30-987C-12DF17AE4E1E,2020-ncaa-d2-conf-SAC,ncaa,10,10,9,10,10,9,8,7,7,4,2,10,11,10,11,10,10,7,12,6,9,8,8,11,12,9,12,11,8,5,3,11,3,10,3,11,11,9,7,9,9,8,9,8,,,10,11,,,10,10,5,9,9,7,6,3,1,10,10,9,5,5,7,3,4,11,9,10,9,9,9,,11,,,10,8,3,1,10,2,3,5,7,3,12,6,11,11,11,11,12,1,1,10,11,11,11,8,11,1,3,1,3,1,3,4,9,7,6,7,9,9,1,1,,,11,10,,,10,3,9,8,10,9,6,3,4,6,9,5,12,12,12,6,3,1,3,1,5,7,9,2,,9,,,b'\x11\xe8\xe1I\xd5\xc3\xad0\x98|\x12\xdf\x17\xaeN\x1e'
11E8E149-D5C3-AD30-987C-12DF17AE4E1E,2020-ncaa-d2-natl,ncaa,193,182,223,197,249,230,211,202,207,130,80,228,288,292,243,298,212,133,298,131,201,198,178,241,254,252,299,290,142,88,36,244,118,194,69,231,235,215,217,245,218,203,175,152,,,255,301,,,204,212,101,227,214,183,144,74,24,292,297,187,84,84,125,76,60,223,125,222,251,203,166,,290,,,202,90,55,38,142,59,76,79,121,49,287,82,263,277,48,275,296,66,85,152,163,152,273,162,288,50,118,37,36,38,69,117,223,142,105,121,243,247,18,8,,,227,239,,,204,103,235,123,201,151,93,68,85,108,165,72,279,294,296,130,159,69,63,56,152,106,256,24,,189,,,b'\x11\xe8\xe1I\xd5\xc3\xad0\x98|\x12\xdf\x17\xaeN\x1e'
11E8E149-D5C3-AD30-987C-12DF17AE4E1E,2021-ncaa-d2-conf-SAC,ncaa,10,9,7,10,7,10,9,9,12,9,8,10,5,4,9,6,7,5,13,5,2,7,5,10,10,11,5,5,4,3,5,10,12,8,10,12,11,8,9,12,10,11,6,8,,,9,8,,,11,6,5,5,8,9,8,8,9,5,5,5,3,4,6,3,4,11,7,12,11,8,7,,11,,,11,11,6,8,7,5,6,6,10,10,11,8,13,12,13,13,10,9,9,8,10,11,11,9,12,10,12,10,5,10,10,10,10,9,9,10,5,4,5,4,,,9,10,,,11,8,11,11,11,11,10,9,7,8,10,10,13,12,12,10,10,11,10,10,10,8,5,5,,7,,,b'\x11\xe8\xe1I\xd5\xc3\xad0\x98|\x12\xdf\x17\xaeN\x1e'
11E8E149-D5C3-AD30-987C-12DF17AE4E1E,2021-ncaa-d2-natl,ncaa,106,170,82,141,90,91,98,81,171,106,89,168,56,50,120,72,77,51,180,51,47,75,74,156,158,151,50,55,80,38,62,103,197,74,167,124,187,148,85,172,111,171,95,135,,,160,127,,,187,82,69,87,107,122,63,147,107,62,51,77,43,44,51,46,40,151,82,176,135,155,122,,160,,,172,171,154,155,117,145,148,86,180,161,180,128,210,200,206,204,182,163,158,131,155,172,187,143,192,207,197,163,62,181,167,178,165,96,162,169,110,40,113,75,,,83,159,,,187,145,131,195,169,195,162,171,124,146,184,166,215,198,200,188,182,199,171,194,182,129,57,70,,107,,,b'\x11\xe8\xe1I\xd5\xc3\xad0\x98|\x12\xdf\x17\xaeN\x1e'
11E8E149-D5C3-AD30-987C-12DF17AE4E1E,2022-ncaa-d2-conf-SAC,ncaa,11,11,8,11,10,12,11,8,10,9,10,9,10,9,11,6,13,12,13,11,12,11,11,11,12,12,9,6,12,7,6,8,2,7,5,12,9,9,9,11,12,9,9,10,,,7,9,,,11,11,7,4,12,10,7,9,10,10,6,13,11,11,10,8,7,6,6,11,10,10,9,,8,,,11,7,8,4,11,8,8,8,5,1,12,1,6,5,12,5,7,4,3,11,11,11,6,7,7,1,2,6,6,4,5,5,3,12,8,7,7,9,3,6,,,13,13,,,11,4,12,11,11,10,10,6,10,10,6,3,8,6,7,7,5,2,8,6,5,10,8,4,,13,,,b'\x11\xe8\xe1I\xd5\xc3\xad0\x98|\x12\xdf\x17\xaeN\x1e'
11E8E149-D5C3-AD30-987C-12DF17AE4E1E,2022-ncaa-d2-natl,ncaa,240,264,146,253,163,207,188,151,236,185,173,197,180,110,262,96,261,216,274,215,222,167,145,233,254,257,192,130,253,128,154,135,38,132,108,233,256,220,215,257,230,252,160,187,,,139,166,,,264,152,125,104,253,220,135,206,172,183,102,277,231,228,163,128,115,114,105,255,230,251,161,,147,,,254,191,193,147,234,192,200,158,161,81,292,61,180,138,275,139,115,142,125,225,232,244,137,137,156,41,38,197,154,127,108,85,30,207,212,155,146,153,109,129,,,214,254,,,264,154,256,210,251,214,218,164,216,216,169,73,189,151,153,168,125,36,220,137,87,212,156,109,,240,,,b'\x11\xe8\xe1I\xd5\xc3\xad0\x98|\x12\xdf\x17\xaeN\x1e'
11E8E149-D5C3-AD30-987C-12DF17AE4E1E,2023-ncaa-d2-conf-SAC,ncaa,10,10,12,10,12,11,11,13,7,10,11,9,11,12,4,9,8,7,8,7,4,13,13,6,6,9,8,8,3,9,3,13,7,12,5,12,13,8,12,13,11,7,8,7,,,8,13,,,9,13,10,6,9,10,12,9,8,10,9,5,5,5,12,9,6,12,9,12,13,8,7,,13,,,9,2,1,1,9,1,2,3,2,1,13,2,12,11,12,11,12,1,1,8,10,11,7,3,13,3,7,1,3,1,5,4,6,11,6,7,8,10,6,10,,,9,2,,,9,1,8,11,9,7,5,3,5,9,3,2,12,12,12,6,3,6,2,2,6,9,10,10,,3,,,b'\x11\xe8\xe1I\xd5\xc3\xad0\x98|\x12\xdf\x17\xaeN\x1e'
11E8E149-D5C3-AD30-987C-12DF17AE4E1E,2023-ncaa-d2-natl,ncaa,183,162,239,189,250,232,239,253,170,228,226,208,204,244,111,196,163,171,132,177,117,252,243,178,154,202,129,171,71,178,110,183,134,187,105,263,265,194,252,270,185,140,63,49,,,179,273,,,150,244,122,190,195,214,224,194,156,178,211,113,111,117,204,132,113,92,87,259,250,143,34,,260,,,150,42,23,41,32,41,130,8,29,16,187,17,262,245,273,244,243,60,59,27,74,90,211,43,294,91,134,48,110,48,105,25,105,203,159,87,164,219,216,262,,,203,111,,,150,59,200,93,149,110,39,113,82,238,47,19,288,279,280,181,169,156,108,128,62,157,218,266,,113,,,b'\x11\xe8\xe1I\xd5\xc3\xad0\x98|\x12\xdf\x17\xaeN\x1e'
11E8E149-D5C3-AD30-987C-12DF17AE4E1E,2024-ncaa-d2-conf-SAC,ncaa,7,7,6,7,8,8,8,5,13,7,4,13,12,11,13,9,8,4,13,5,5,5,5,13,13,12,10,10,4,2,3,11,2,7,7,11,13,7,7,11,2,1,8,9,,,6,8,,,7,6,3,13,10,9,4,7,2,12,9,6,3,3,4,1,1,12,6,11,7,1,8,,6,,,7,2,4,3,12,8,7,9,2,2,10,3,3,3,12,3,4,2,6,10,9,2,3,2,7,1,2,9,3,6,7,1,1,1,1,1,8,8,4,3,,,4,4,,,7,8,11,1,7,3,4,2,10,8,2,2,5,4,4,2,5,1,13,6,1,1,8,4,,2,,,b'\x11\xe8\xe1I\xd5\xc3\xad0\x98|\x12\xdf\x17\xaeN\x1e'
11E8E149-D5C3-AD30-987C-12DF17AE4E1E,2024-ncaa-d2-natl,ncaa,98,93,117,98,168,94,88,57,170,65,34,193,162,165,158,235,92,55,253,56,170,55,42,182,193,188,220,214,138,18,31,196,82,94,81,162,256,247,155,211,17,14,111,141,,,208,165,,,75,61,21,285,68,61,16,51,21,174,178,98,52,53,12,13,17,228,72,177,228,18,119,,191,,,74,139,170,87,254,234,199,206,35,21,223,12,152,136,237,128,83,85,208,215,224,64,23,20,152,43,82,195,31,137,81,53,23,11,4,3,196,128,160,74,,,58,131,,,75,241,142,34,80,122,161,47,240,205,23,9,139,116,113,43,215,33,199,115,48,6,184,160,,40,,,b'\x11\xe8\xe1I\xd5\xc3\xad0\x98|\x12\xdf\x17\xaeN\x1e'
11E8E149-D5C3-AD30-987C-12DF17AE4E1E,2025-ncaa-d2-conf-SAC,genius_ncaa,1,1,1,1,1,3,3,3,11,6,3,11,6,4,11,6,1,1,7,1,2,2,2,12,12,7,4,9,1,2,2,3,5,2,5,9,12,5,3,9,1,1,4,6,,,10,6,,10,1,2,9,6,6,10,6,9,7,9,6,1,2,2,6,7,4,9,5,12,3,2,6,,5,,7,1,3,7,10,2,9,12,1,1,2,3,1,6,7,1,7,4,10,12,1,1,1,3,1,7,4,5,12,2,11,5,4,5,1,2,1,5,2,10,9,,,1,2,,5,1,12,4,1,1,1,1,1,5,7,1,1,3,5,5,1,3,3,4,5,1,2,3,7,,2,,7,b'\x11\xe8\xe1I\xd5\xc3\xad0\x98|\x12\xdf\x17\xaeN\x1e'
11E8E149-D5C3-AD30-987C-12DF17AE4E1E,2025-ncaa-d2-natl,genius_ncaa,10,23,2,18,4,19,25,8,155,22,12,146,81,46,191,193,1,3,104,3,26,8,7,172,130,115,117,212,20,10,55,17,121,9,78,72,235,278,99,166,10,20,14,67,,,290,123,,199,23,6,120,197,78,130,113,98,108,176,161,13,20,18,71,87,60,167,101,202,123,32,50,,127,,95,33,273,281,294,109,296,298,87,52,82,46,10,237,245,56,244,50,291,296,61,53,29,8,14,152,268,121,289,55,290,78,265,142,10,30,44,278,124,282,174,,,2,40,,98,23,295,92,23,34,45,75,60,186,245,12,10,79,95,90,53,142,109,106,98,101,44,143,200,,33,,168,b'\x11\xe8\xe1I\xd5\xc3\xad0\x98|\x12\xdf\x17\xaeN\x1e'
11E8E149-D5C3-AD30-987C-12DF17AE4E1E,2026-ncaa-d2-conf-SAC,genius_ncaa,1,1,1,1,3,5,4,3,6,2,1,8,9,10,7,11,5,3,8,3,5,3,3,9,9,7,9,11,3,2,3,5,2,3,4,7,8,7,5,8,2,3,7,9,,,5,5,,10,2,5,6,3,5,6,4,4,2,10,10,5,3,3,4,4,2,6,4,8,5,3,8,,5,,9,2,4,5,4,5,4,6,2,5,2,10,4,2,2,2,2,2,3,3,4,3,2,5,8,3,4,2,10,3,5,4,6,8,1,1,2,4,4,12,11,,,1,1,,4,2,8,7,2,2,2,3,2,3,6,4,2,2,2,2,2,2,2,9,4,4,1,3,12,,1,,4,b'\x11\xe8\xe1I\xd5\xc3\xad0\x98|\x12\xdf\x17\xaeN\x1e'
11E8E149-D5C3-AD30-987C-12DF17AE4E1E,2026-ncaa-d2-natl,genius_ncaa,9,13,59,17,84,77,85,73,162,88,52,201,105,118,97,194,51,37,195,38,90,57,81,155,154,116,134,153,86,53,125,61,67,53,108,119,182,120,45,103,57,68,36,63,,,149,82,,105,35,88,117,88,87,105,67,119,67,129,163,62,44,46,42,91,73,67,50,152,67,76,48,,75,,87,39,129,144,170,84,170,234,39,75,58,187,18,132,164,58,164,84,169,191,60,49,46,63,68,163,134,67,243,125,209,108,91,49,47,52,30,93,41,280,260,,,42,53,,111,35,203,97,35,43,44,70,79,118,224,44,12,84,123,122,72,130,85,242,176,33,59,57,273,,39,,146,b'\x11\xe8\xe1I\xd5\xc3\xad0\x98|\x12\xdf\x17\xaeN\x1e'
11E8E149-D5C7-EE22-987C-12DF17AE4E1E,2018-ncaa-d2-conf-RMAC,ncaa,12,12,9,12,13,14,14,15,11,13,12,12,13,14,11,9,10,10,9,10,7,15,13,12,11,13,10,10,6,14,15,11,9,12,13,13,10,12,14,13,15,13,2,2,,,4,4,,,13,11,7,12,14,14,15,13,12,13,13,10,10,10,15,11,14,9,12,13,12,14,2,,5,,,13,9,8,6,13,7,8,11,7,5,12,6,8,9,3,11,9,8,5,13,13,13,6,6,6,6,9,9,15,10,13,6,6,11,12,10,12,13,3,5,,,10,6,,,13,5,14,13,13,12,11,10,9,10,9,8,10,11,12,13,10,9,13,13,8,11,12,3,,9,,,"b'\x11\xe8\xe1I\xd5\xc7\xee""\x98|\x12\xdf\x17\xaeN\x1e'"
11E8E149-D5C7-EE22-987C-12DF17AE4E1E,2018-ncaa-d2-natl,ncaa,252,254,206,258,233,289,290,300,227,280,281,209,257,256,223,161,210,239,90,244,114,295,284,221,199,236,126,185,51,301,306,226,149,285,269,273,174,159,286,269,257,242,85,58,,,95,205,,,272,260,268,204,299,302,307,282,279,254,245,199,220,227,308,299,305,211,297,280,219,258,68,,141,,,268,70,77,58,208,106,70,220,77,76,132,118,133,166,43,172,226,68,51,198,183,223,122,90,186,91,149,112,306,98,269,56,80,262,233,205,181,280,9,29,,,225,51,,,272,52,276,222,274,134,136,80,164,110,112,109,171,210,217,97,56,128,168,142,92,263,220,9,,188,,,"b'\x11\xe8\xe1I\xd5\xc7\xee""\x98|\x12\xdf\x17\xaeN\x1e'"
11E8E149-D5C7-EE22-987C-12DF17AE4E1E,2019-ncaa-d2-conf-RMAC,ncaa,10,7,11,10,11,11,11,13,4,8,10,5,11,11,9,10,13,12,11,12,10,12,15,5,7,6,10,10,11,15,15,12,11,13,14,14,15,2,8,10,15,15,7,6,,,3,4,,,12,14,10,2,11,10,12,7,8,8,10,12,11,10,11,11,15,8,13,13,6,14,6,,4,,,12,8,10,10,8,8,11,10,6,11,3,12,7,4,15,5,5,9,5,9,9,13,5,8,4,11,11,7,15,12,14,6,5,16,12,12,7,10,5,7,,,12,7,,,12,2,11,13,12,12,12,13,10,14,10,13,7,6,6,12,12,12,13,12,7,14,8,6,,8,,,"b'\x11\xe8\xe1I\xd5\xc7\xee""\x98|\x12\xdf\x17\xaeN\x1e'"
11E8E149-D5C7-EE22-987C-12DF17AE4E1E,2019-ncaa-d2-natl,ncaa,145,160,118,153,122,181,156,210,78,148,209,72,141,156,126,132,251,230,226,225,192,218,234,85,108,105,191,135,254,295,303,129,152,236,264,193,242,62,120,138,232,232,107,114,,,56,45,,,184,187,248,44,205,161,268,152,235,147,173,265,245,236,270,287,305,123,271,213,59,244,109,,36,,,183,151,165,183,139,176,190,138,134,151,122,154,128,92,277,96,89,165,129,132,131,190,110,136,127,181,152,236,303,224,264,110,65,231,246,186,147,206,113,138,,,217,153,,,184,122,170,199,184,144,162,172,175,183,135,154,120,88,94,143,97,174,230,216,98,259,145,96,,238,,,"b'\x11\xe8\xe1I\xd5\xc7\xee""\x98|\x12\xdf\x17\xaeN\x1e'"
11E8E149-D5C7-EE22-987C-12DF17AE4E1E,2020-ncaa-d2-conf-RMAC,ncaa,10,10,13,10,13,14,12,14,2,8,11,3,13,13,11,10,12,10,16,10,7,14,16,6,10,8,13,12,12,16,15,14,11,14,14,13,14,3,7,10,14,13,13,12,,,6,7,,,11,15,14,7,14,8,12,6,7,12,12,12,8,8,11,14,15,13,14,13,4,13,13,,8,,,11,3,6,4,11,10,9,13,2,2,5,6,6,5,11,5,5,2,2,11,10,11,2,2,7,7,11,5,15,7,14,6,9,13,9,8,1,4,1,4,,,13,9,,,11,1,11,11,12,9,10,7,12,11,3,5,7,6,6,7,5,11,11,11,9,11,2,3,,10,,,"b'\x11\xe8\xe1I\xd5\xc7\xee""\x98|\x12\xdf\x17\xaeN\x1e'"
11E8E149-D5C7-EE22-987C-12DF17AE4E1E,2020-ncaa-d2-natl,ncaa,193,220,102,210,142,226,216,246,158,186,208,131,225,204,252,172,244,201,278,204,163,242,249,182,209,196,240,207,207,259,275,206,164,246,256,243,265,71,129,193,208,181,263,263,,,113,165,,,225,234,302,180,276,252,286,213,240,245,222,269,223,224,290,301,275,253,286,271,51,225,272,,90,,,218,115,145,104,201,167,113,228,109,124,105,167,113,95,220,95,129,96,79,185,182,199,95,119,123,132,164,201,275,177,256,100,85,210,175,156,20,42,59,70,,,231,144,,,225,78,214,207,224,92,116,57,138,80,101,115,94,77,76,45,19,120,182,159,88,235,15,46,,268,,,"b'\x11\xe8\xe1I\xd5\xc7\xee""\x98|\x12\xdf\x17\xaeN\x1e'"
11E8E149-D5C7-EE22-987C-12DF17AE4E1E,2021-ncaa-d2-conf-RMAC,ncaa,9,13,6,11,8,9,9,8,12,9,7,11,11,8,13,10,8,7,12,7,7,8,8,12,12,10,9,11,4,8,13,9,10,9,12,10,12,5,7,11,6,6,11,14,,,7,7,,,13,8,13,9,13,14,13,12,7,13,11,9,7,7,13,13,12,11,13,13,5,5,14,,4,,,12,9,12,7,11,11,8,11,8,6,11,3,4,4,5,4,2,6,6,11,11,11,3,4,2,7,10,12,13,11,12,14,8,7,8,9,3,6,4,2,,,8,7,,,13,7,11,11,12,8,11,6,12,9,6,3,2,2,2,5,3,7,12,12,10,9,4,2,,9,,,"b'\x11\xe8\xe1I\xd5\xc7\xee""\x98|\x12\xdf\x17\xaeN\x1e'"
11E8E149-D5C7-EE22-987C-12DF17AE4E1E,2021-ncaa-d2-natl,ncaa,140,184,99,171,104,144,143,127,181,135,122,181,151,133,180,133,130,114,181,116,110,129,133,188,186,172,133,138,74,149,201,131,134,141,201,162,189,85,72,167,91,85,176,205,,,106,123,,,193,130,204,121,205,200,192,174,144,188,159,166,139,144,193,214,196,191,214,207,38,106,207,,72,,,183,113,126,108,181,133,117,161,117,97,193,88,66,67,96,66,28,100,97,178,163,164,59,122,23,107,134,135,201,127,201,130,86,123,117,139,85,87,47,24,,,127,95,,,193,97,181,161,189,89,136,57,136,98,114,59,20,20,18,38,22,84,149,128,114,160,45,17,,181,,,"b'\x11\xe8\xe1I\xd5\xc7\xee""\x98|\x12\xdf\x17\xaeN\x1e'"
11E8E149-D5C7-EE22-987C-12DF17AE4E1E,2022-ncaa-d2-conf-RMAC,ncaa,12,13,14,13,14,12,9,9,10,8,5,10,14,12,14,13,8,4,14,4,7,7,8,12,13,13,14,14,6,3,3,10,6,7,7,8,2,8,8,6,9,8,13,13,,,10,15,,,11,10,3,8,8,9,3,6,2,14,12,5,2,2,2,1,2,7,5,4,11,8,13,,14,,,12,9,8,6,10,6,6,8,13,8,14,10,10,9,15,10,9,5,5,11,13,11,11,14,10,3,6,6,3,6,7,12,13,9,7,10,5,6,5,5,,,4,5,,,11,6,12,10,12,13,11,10,10,7,13,13,11,11,11,11,13,7,11,11,12,6,9,8,,1,,,"b'\x11\xe8\xe1I\xd5\xc7\xee""\x98|\x12\xdf\x17\xaeN\x1e'"
11E8E149-D5C7-EE22-987C-12DF17AE4E1E,2022-ncaa-d2-natl,ncaa,215,241,146,229,165,174,163,148,190,116,93,191,244,228,234,250,128,73,280,70,99,132,124,219,223,210,247,258,103,64,65,204,185,150,141,128,89,167,151,149,214,233,262,275,,,243,266,,,235,150,131,121,181,172,125,100,71,257,234,120,52,51,96,97,56,238,145,118,176,218,275,,261,,,229,203,181,142,230,156,124,199,230,180,263,190,201,175,249,176,195,138,142,239,253,238,237,217,179,136,185,132,65,129,141,213,206,160,153,201,143,132,121,93,,,49,19,,,235,147,188,239,229,227,201,150,161,115,249,190,214,181,180,162,150,143,142,142,219,157,149,121,,12,,,"b'\x11\xe8\xe1I\xd5\xc7\xee""\x98|\x12\xdf\x17\xaeN\x1e'"
11E8E149-D5C7-EE22-987C-12DF17AE4E1E,2023-ncaa-d2-conf-RMAC,ncaa,11,11,7,11,10,6,5,4,5,6,6,8,6,7,6,8,10,11,12,11,12,7,6,7,11,9,11,5,12,4,4,9,6,7,7,4,2,13,11,5,9,8,11,10,,,11,13,,,10,7,6,8,4,5,4,7,5,6,5,11,12,12,5,3,3,9,6,2,13,8,10,,13,,,10,12,12,4,15,13,7,14,12,7,13,8,12,12,9,12,13,6,7,14,14,14,7,9,10,2,6,7,4,5,7,14,14,9,8,13,12,10,3,2,,,8,10,,,10,8,7,12,11,12,11,7,12,7,11,7,12,13,13,8,7,4,9,8,13,8,11,3,,7,,,"b'\x11\xe8\xe1I\xd5\xc7\xee""\x98|\x12\xdf\x17\xaeN\x1e'"
11E8E149-D5C7-EE22-987C-12DF17AE4E1E,2023-ncaa-d2-natl,ncaa,207,226,148,218,177,139,130,132,147,164,167,136,83,84,108,75,186,171,200,169,157,138,133,121,135,142,82,67,209,60,60,154,94,112,78,61,27,155,147,70,179,173,227,222,,,194,241,,,188,164,124,208,107,107,73,166,165,65,61,183,165,163,87,80,49,141,72,31,169,178,232,,225,,,187,204,170,113,251,146,86,242,216,183,245,201,221,212,174,217,247,130,110,258,263,262,229,205,188,73,94,121,60,105,78,224,225,207,205,252,205,199,16,15,,,143,135,,,188,128,114,255,195,242,211,132,173,79,233,197,237,223,225,164,117,94,143,109,237,214,215,15,,103,,,"b'\x11\xe8\xe1I\xd5\xc7\xee""\x98|\x12\xdf\x17\xaeN\x1e'"
11E8E149-D5C7-EE22-987C-12DF17AE4E1E,2024-ncaa-d2-conf-RMAC,ncaa,7,7,4,7,6,4,4,4,3,3,4,2,6,4,12,7,5,7,2,7,11,3,4,4,3,5,13,11,9,3,4,5,6,5,4,4,6,6,5,5,8,7,11,13,,,5,2,,,7,5,4,10,4,2,3,2,3,6,7,6,9,9,4,2,3,8,4,3,6,7,12,,4,,,7,15,14,13,12,14,12,15,14,12,9,13,3,3,9,3,3,12,11,12,11,10,3,10,2,9,6,9,4,9,4,13,11,7,8,11,7,7,2,2,,,8,10,,,7,11,4,9,7,11,14,13,14,12,11,11,2,3,3,11,9,7,5,4,11,8,8,2,,10,,,"b'\x11\xe8\xe1I\xd5\xc7\xee""\x98|\x12\xdf\x17\xaeN\x1e'"
11E8E149-D5C7-EE22-987C-12DF17AE4E1E,2024-ncaa-d2-natl,ncaa,115,115,117,116,141,85,78,96,68,80,129,46,94,80,138,89,116,167,25,160,194,109,137,69,60,54,142,127,193,81,56,164,94,132,62,63,84,48,45,33,142,131,236,250,,,70,66,,,101,161,193,150,60,48,64,72,136,84,72,122,171,170,82,134,80,186,137,47,50,150,253,,54,,,101,201,231,168,245,209,134,259,223,214,186,226,70,50,258,51,52,142,113,247,229,248,112,202,36,75,94,74,56,68,62,218,168,210,212,248,128,124,36,27,,,174,199,,,101,130,34,233,105,193,230,175,214,111,217,206,57,43,44,132,85,63,51,42,208,221,118,24,,203,,,"b'\x11\xe8\xe1I\xd5\xc7\xee""\x98|\x12\xdf\x17\xaeN\x1e'"
11E8E149-D5C7-EE22-987C-12DF17AE4E1E,2025-ncaa-d2-conf-RMAC,genius_ncaa,10,10,11,10,13,10,11,13,8,12,12,10,9,9,5,7,8,12,1,12,11,14,15,8,6,5,4,8,5,11,8,14,13,13,9,7,3,4,5,5,7,6,15,12,,,6,7,,10,8,14,12,3,7,10,8,12,9,5,7,6,11,10,11,12,8,14,12,2,5,6,14,,7,,11,8,4,3,3,9,2,1,13,13,13,5,15,4,5,3,5,9,2,3,10,10,9,14,14,5,7,13,1,8,4,9,11,14,10,8,13,7,10,10,9,,,12,8,,15,8,1,6,10,8,7,7,8,5,1,14,15,5,6,6,6,6,10,4,6,13,8,9,10,,9,,15,"b'\x11\xe8\xe1I\xd5\xc7\xee""\x98|\x12\xdf\x17\xaeN\x1e'"
11E8E149-D5C7-EE22-987C-12DF17AE4E1E,2025-ncaa-d2-natl,genius_ncaa,195,222,162,208,179,160,171,168,168,193,203,167,97,100,121,77,122,214,2,220,185,174,219,145,108,90,68,84,118,199,199,217,147,221,190,112,75,35,60,52,173,144,284,282,,,56,88,,118,176,218,236,131,135,170,152,210,218,87,88,106,226,230,179,243,204,232,239,101,41,165,291,,64,,130,172,165,165,121,235,93,30,282,277,277,200,297,48,55,142,49,160,94,77,269,262,262,263,292,35,89,147,122,199,94,190,256,265,216,192,261,74,104,118,172,,,210,161,,227,176,86,95,246,171,184,196,132,101,15,287,288,62,62,57,84,62,97,136,112,251,216,78,133,,219,,230,"b'\x11\xe8\xe1I\xd5\xc7\xee""\x98|\x12\xdf\x17\xaeN\x1e'"
11E8E149-D5C7-EE22-987C-12DF17AE4E1E,2026-ncaa-d2-conf-RMAC,genius_ncaa,9,9,2,9,6,11,12,13,12,12,11,14,6,7,5,5,9,10,6,11,7,12,13,11,8,10,3,3,7,13,13,11,12,13,13,11,4,6,10,8,8,10,13,10,,,13,15,,7,12,13,12,5,12,13,15,14,12,6,7,9,11,12,14,15,13,13,14,12,4,10,13,,14,,7,12,9,5,5,6,2,3,9,12,14,6,15,13,13,11,13,15,6,6,10,10,12,15,14,15,10,12,6,13,8,13,8,15,8,10,10,6,5,8,13,,,12,14,,4,12,4,12,11,12,9,4,4,2,1,12,14,14,14,14,5,5,11,5,7,9,10,5,9,,14,,6,"b'\x11\xe8\xe1I\xd5\xc7\xee""\x98|\x12\xdf\x17\xaeN\x1e'"
11E8E149-D5C7-EE22-987C-12DF17AE4E1E,2026-ncaa-d2-natl,genius_ncaa,201,272,13,241,27,140,150,108,233,158,101,249,129,140,137,166,141,139,161,139,176,109,113,223,220,212,129,129,137,216,273,100,207,145,255,147,155,190,169,190,162,234,270,280,,,290,291,,225,264,85,281,88,280,277,289,266,240,194,227,240,240,242,291,295,279,263,288,244,78,245,289,,261,,179,244,238,184,224,70,141,133,150,250,289,85,278,287,281,250,281,287,246,230,111,172,203,282,224,273,253,207,243,273,247,255,235,253,143,232,229,169,145,191,172,,,178,238,,84,264,219,231,213,242,113,55,58,33,12,197,256,263,235,235,95,39,156,123,138,156,254,75,135,,283,,140,"b'\x11\xe8\xe1I\xd5\xc7\xee""\x98|\x12\xdf\x17\xaeN\x1e'"
11E8E149-D5CC-3554-987C-12DF17AE4E1E,2018-ncaa-d2-conf-RMAC,ncaa,4,5,5,5,8,5,5,4,9,5,4,9,5,6,8,6,7,7,12,8,12,4,7,8,9,8,11,6,11,3,4,4,6,4,5,3,4,3,1,2,7,11,3,3,,,7,7,,,7,7,4,8,4,2,1,4,3,6,6,9,7,7,1,5,3,2,2,2,3,9,3,,7,,,7,7,5,12,3,4,5,4,14,15,9,14,4,4,14,4,4,12,10,6,3,4,14,14,4,10,6,15,4,13,5,11,12,8,9,11,2,1,12,9,,,8,11,,,7,9,6,6,7,10,7,14,6,6,14,15,6,5,4,14,13,10,12,12,11,7,2,11,,10,,,b'\x11\xe8\xe1I\xd5\xcc5T\x98|\x12\xdf\x17\xaeN\x1e'
11E8E149-D5CC-3554-987C-12DF17AE4E1E,2018-ncaa-d2-natl,ncaa,78,87,64,87,88,134,116,74,220,109,73,201,150,115,222,167,174,139,250,140,218,88,130,217,232,163,210,177,193,86,156,44,26,44,82,109,133,25,13,42,216,223,100,75,,,164,171,,,102,138,231,164,187,156,90,136,107,184,149,220,167,174,109,201,102,33,56,139,16,243,109,,113,,,103,106,86,214,20,34,89,33,270,293,102,303,89,84,204,75,124,185,159,46,43,88,296,303,120,101,26,262,156,223,82,198,261,215,231,222,39,27,183,112,,,140,160,,,102,175,145,78,98,50,38,144,11,29,257,286,60,51,45,112,61,57,237,156,145,259,25,137,,198,,,b'\x11\xe8\xe1I\xd5\xcc5T\x98|\x12\xdf\x17\xaeN\x1e'
11E8E149-D5CC-3554-987C-12DF17AE4E1E,2019-ncaa-d2-conf-RMAC,ncaa,3,4,3,4,4,5,5,2,11,4,2,11,13,10,12,14,4,3,7,3,11,1,2,13,11,9,11,12,5,2,3,1,1,1,2,6,6,4,2,5,13,12,5,8,,,11,10,,,4,3,8,16,6,9,2,4,3,13,12,4,3,3,2,5,2,1,1,6,2,13,8,,7,,,4,6,5,14,2,5,13,3,10,14,1,15,6,6,12,6,4,13,11,2,1,3,8,12,5,3,1,10,3,6,2,4,4,14,15,9,2,2,15,9,,,3,5,,,4,15,6,2,3,3,3,9,3,7,6,14,4,4,4,8,7,3,6,6,3,15,2,15,,4,,,b'\x11\xe8\xe1I\xd5\xcc5T\x98|\x12\xdf\x17\xaeN\x1e'
11E8E149-D5CC-3554-987C-12DF17AE4E1E,2019-ncaa-d2-natl,ncaa,85,95,76,93,114,143,138,108,188,121,76,228,153,187,94,223,112,131,98,129,219,109,146,195,187,144,170,188,126,72,67,38,1,45,10,118,112,72,47,86,176,168,125,101,,,149,198,,,62,174,263,295,175,175,140,145,100,180,224,147,160,158,147,214,75,26,32,144,42,209,131,,105,,,64,45,50,127,36,40,90,49,174,215,81,259,76,58,276,56,109,106,94,52,54,83,250,259,157,11,1,170,67,66,10,62,119,211,199,126,33,29,213,153,,,118,118,,,62,140,103,34,58,26,27,59,23,39,147,192,56,37,38,38,19,2,110,31,44,254,24,196,,163,,,b'\x11\xe8\xe1I\xd5\xcc5T\x98|\x12\xdf\x17\xaeN\x1e'
11E8E149-D5CC-3554-987C-12DF17AE4E1E,2020-ncaa-d2-conf-RMAC,ncaa,4,4,1,4,2,1,2,1,11,6,3,14,2,7,1,9,2,2,2,2,3,1,1,5,2,2,3,5,2,1,1,7,8,1,4,2,2,4,2,2,1,3,9,7,,,14,13,,,1,1,11,9,1,5,5,9,5,2,7,2,2,2,2,6,1,10,5,2,2,3,9,,10,,,1,12,8,9,7,7,4,9,13,14,8,13,12,12,5,12,13,12,16,10,9,6,14,12,11,10,8,11,1,11,4,7,7,1,4,4,4,3,10,8,,,2,3,,,1,15,1,5,2,4,5,4,4,1,9,11,9,10,10,3,3,4,4,5,4,5,4,9,,3,,,b'\x11\xe8\xe1I\xd5\xcc5T\x98|\x12\xdf\x17\xaeN\x1e'
11E8E149-D5CC-3554-987C-12DF17AE4E1E,2020-ncaa-d2-natl,ncaa,69,88,54,81,74,97,148,102,193,211,149,251,44,90,23,105,30,79,13,71,52,93,146,142,104,69,17,55,38,53,53,135,62,83,62,102,75,36,27,44,111,92,142,81,,,205,248,,,49,189,297,171,125,194,186,260,220,52,112,39,92,89,162,239,74,193,119,124,17,141,168,,150,,,47,75,57,75,71,25,22,124,250,275,109,301,150,164,102,164,268,86,99,115,119,93,298,293,206,70,62,141,53,111,62,62,95,121,95,66,30,23,146,144,,,77,46,,,49,119,40,84,46,37,23,14,8,4,214,250,114,128,129,12,10,37,78,52,36,156,16,121,,103,,,b'\x11\xe8\xe1I\xd5\xcc5T\x98|\x12\xdf\x17\xaeN\x1e'
11E8E149-D5CC-3554-987C-12DF17AE4E1E,2021-ncaa-d2-conf-RMAC,ncaa,1,1,3,1,3,3,3,3,6,1,1,8,8,5,11,13,5,4,8,4,8,3,3,10,9,7,12,13,6,1,1,6,6,2,1,2,4,8,2,3,1,1,2,2,,,12,14,,,2,3,11,8,3,2,2,2,1,12,10,4,4,4,2,3,1,9,3,4,2,1,6,,13,,,1,6,4,6,2,2,5,2,12,13,5,14,12,12,8,12,13,7,12,3,5,2,14,14,12,8,6,11,1,11,1,6,11,2,1,1,3,2,8,5,,,4,4,,,2,12,2,2,1,2,2,2,1,1,7,8,10,11,10,1,2,5,4,4,2,2,2,7,,4,,,b'\x11\xe8\xe1I\xd5\xcc5T\x98|\x12\xdf\x17\xaeN\x1e'
11E8E149-D5CC-3554-987C-12DF17AE4E1E,2021-ncaa-d2-natl,ncaa,21,24,68,16,73,73,70,58,139,59,31,145,115,100,150,177,61,59,123,59,155,59,72,154,154,114,169,173,88,12,11,91,75,50,32,64,109,99,24,46,10,1,42,10,,,188,215,,,26,94,198,86,112,98,66,69,37,167,154,89,89,90,62,103,19,170,57,97,24,10,51,,183,,,24,102,76,98,21,50,75,22,152,158,107,212,166,170,123,165,220,106,127,47,78,23,224,212,212,112,75,134,11,127,32,80,138,22,8,7,85,23,144,72,,,50,46,,,26,131,61,16,25,9,5,2,1,2,131,135,143,137,129,2,17,55,67,45,15,26,19,106,,52,,,b'\x11\xe8\xe1I\xd5\xcc5T\x98|\x12\xdf\x17\xaeN\x1e'
11E8E149-D5CC-3554-987C-12DF17AE4E1E,2022-ncaa-d2-conf-RMAC,ncaa,1,1,2,1,4,2,3,1,8,4,2,8,4,1,10,9,2,2,5,2,8,1,1,8,9,4,6,9,7,1,1,8,5,4,3,1,1,2,1,1,1,1,7,4,,,13,13,,,1,3,7,6,1,3,1,5,4,4,3,3,5,5,1,2,1,13,4,1,2,1,7,,11,,,1,3,2,2,6,2,1,6,6,9,7,13,11,11,9,11,15,3,11,7,8,2,14,10,13,2,5,13,1,9,3,7,12,1,1,1,3,1,13,9,,,2,6,,,1,13,3,1,1,1,2,1,2,1,5,4,10,10,10,1,6,1,10,5,6,1,2,13,,3,,,b'\x11\xe8\xe1I\xd5\xcc5T\x98|\x12\xdf\x17\xaeN\x1e'
11E8E149-D5CC-3554-987C-12DF17AE4E1E,2022-ncaa-d2-natl,ncaa,17,26,18,25,22,23,28,8,175,35,21,148,45,17,209,100,15,22,87,17,98,9,15,171,159,99,108,138,104,2,7,100,112,21,44,17,34,127,12,13,2,1,90,56,,,299,291,,,8,31,175,108,41,62,20,85,90,86,41,53,64,61,17,58,10,268,66,25,38,1,143,,263,,,8,153,92,121,80,69,100,98,169,190,128,187,275,279,95,280,296,157,261,105,140,13,279,181,288,146,112,259,7,232,44,158,221,3,2,5,151,33,257,151,,,8,54,,,8,270,31,5,6,9,3,2,4,2,81,74,195,208,204,2,86,57,124,86,52,9,59,190,,32,,,b'\x11\xe8\xe1I\xd5\xcc5T\x98|\x12\xdf\x17\xaeN\x1e'
11E8E149-D5CC-3554-987C-12DF17AE4E1E,2023-ncaa-d2-conf-RMAC,ncaa,2,2,2,2,3,2,2,1,4,3,3,4,1,1,10,3,4,4,7,4,6,2,2,4,4,2,7,6,10,1,1,5,4,2,4,1,4,1,1,1,2,2,1,1,,,15,15,,,1,2,2,8,1,1,1,4,4,3,2,5,5,5,1,1,1,10,2,1,1,2,1,,15,,,1,11,6,4,9,12,12,7,1,1,5,1,15,15,12,15,15,12,13,8,9,6,8,1,15,4,4,12,1,11,4,8,7,2,2,2,1,1,12,8,,,4,11,,,1,14,1,4,1,7,3,1,8,6,1,1,15,15,15,2,9,2,10,6,5,2,1,11,,6,,,b'\x11\xe8\xe1I\xd5\xcc5T\x98|\x12\xdf\x17\xaeN\x1e'
11E8E149-D5CC-3554-987C-12DF17AE4E1E,2023-ncaa-d2-natl,ncaa,28,29,30,31,44,27,26,13,132,43,43,87,26,11,169,55,61,43,186,42,123,14,29,105,119,52,90,78,195,12,40,82,73,33,69,22,71,36,2,6,10,9,26,24,,,296,295,,,23,38,131,208,30,31,12,66,106,42,26,124,95,93,11,64,22,197,57,27,8,10,50,,289,,,21,207,115,127,118,134,147,121,104,119,100,89,296,298,108,298,294,197,249,112,166,86,256,72,293,120,73,274,40,237,69,105,119,18,31,24,67,15,175,96,,,55,194,,,23,260,27,66,21,75,16,4,33,29,61,61,283,285,285,29,103,52,189,117,42,51,28,120,,140,,,b'\x11\xe8\xe1I\xd5\xcc5T\x98|\x12\xdf\x17\xaeN\x1e'
11E8E149-D5CC-3554-987C-12DF17AE4E1E,2024-ncaa-d2-conf-RMAC,ncaa,5,5,7,5,7,7,8,7,11,10,10,14,3,3,3,5,2,3,1,3,2,6,7,9,5,4,1,3,3,2,1,13,11,7,6,7,3,2,2,4,4,4,7,8,,,11,13,,,6,9,10,2,3,8,4,10,9,1,3,2,2,2,3,3,1,13,6,5,2,4,7,,11,,,6,11,9,2,15,10,8,10,6,1,15,2,11,11,11,11,12,6,7,15,15,11,7,5,10,6,11,8,1,8,6,9,10,6,4,5,2,2,11,12,,,4,4,,,6,8,3,10,6,8,9,3,10,6,7,2,11,10,11,5,7,6,7,6,9,4,2,11,,3,,,b'\x11\xe8\xe1I\xd5\xcc5T\x98|\x12\xdf\x17\xaeN\x1e'
11E8E149-D5CC-3554-987C-12DF17AE4E1E,2024-ncaa-d2-natl,ncaa,48,59,50,61,53,42,89,63,157,167,133,206,15,27,17,64,7,14,9,15,10,41,58,112,56,40,4,35,18,40,43,179,168,104,116,45,32,75,25,28,41,51,133,154,,,286,288,,,100,75,201,58,41,135,107,246,219,15,42,6,17,16,66,122,60,267,178,56,38,61,168,,271,,,104,267,241,155,266,229,178,229,209,118,284,82,287,283,263,280,267,197,216,265,282,261,204,130,258,149,168,188,43,180,116,210,120,80,102,125,82,45,188,183,,,44,74,,,100,229,22,243,96,214,170,32,164,92,169,59,265,249,249,79,104,88,88,81,143,124,46,155,,73,,,b'\x11\xe8\xe1I\xd5\xcc5T\x98|\x12\xdf\x17\xaeN\x1e'
11E8E149-D5CC-3554-987C-12DF17AE4E1E,2025-ncaa-d2-conf-RMAC,genius_ncaa,8,7,11,7,11,11,10,10,9,11,9,12,9,10,3,11,12,10,13,10,10,11,11,9,10,10,10,7,10,2,1,12,5,10,4,11,9,7,8,9,8,7,7,4,,,12,15,,15,7,13,10,1,8,5,4,6,4,5,8,12,8,8,4,4,1,10,6,8,10,7,4,,14,,15,6,2,2,1,7,3,2,6,2,1,9,8,9,9,15,9,10,1,2,8,8,7,8,4,12,3,5,2,1,1,4,1,5,8,5,4,5,6,15,15,,,11,11,,10,7,3,8,6,6,4,5,3,6,4,5,4,10,10,10,3,5,4,5,4,4,7,8,15,,8,,10,b'\x11\xe8\xe1I\xd5\xcc5T\x98|\x12\xdf\x17\xaeN\x1e'
11E8E149-D5CC-3554-987C-12DF17AE4E1E,2025-ncaa-d2-natl,genius_ncaa,160,180,109,171,123,123,112,105,129,118,127,120,97,93,140,110,201,198,197,197,219,120,121,127,155,144,160,107,243,69,70,159,82,117,77,111,147,144,130,129,192,191,139,148,,,263,289,,282,167,143,211,75,124,96,89,112,138,102,98,227,224,225,112,130,73,192,129,124,138,212,153,,255,,293,166,206,161,133,217,167,140,209,153,130,195,133,258,213,298,213,210,141,125,220,250,255,187,121,234,70,82,136,70,93,77,129,96,202,202,177,119,99,279,275,,,210,255,,212,167,145,121,229,175,181,154,82,165,109,151,116,247,196,198,98,65,54,111,82,123,221,114,276,,253,,225,b'\x11\xe8\xe1I\xd5\xcc5T\x98|\x12\xdf\x17\xaeN\x1e'
11E8E149-D5CC-3554-987C-12DF17AE4E1E,2026-ncaa-d2-conf-RMAC,genius_ncaa,3,4,2,4,6,5,4,6,3,6,8,5,2,5,2,6,8,8,10,8,9,6,6,2,3,4,7,6,9,6,5,4,5,4,3,1,3,8,5,2,9,11,6,8,,,3,2,,9,5,6,6,5,5,3,6,6,8,3,5,8,9,9,5,7,7,5,5,1,6,11,7,,2,,9,5,10,10,13,9,13,13,6,10,10,8,8,2,2,4,2,1,13,9,8,4,10,3,9,2,7,5,4,5,3,3,12,10,14,15,14,9,9,1,1,,,5,5,,15,5,10,3,10,5,10,11,14,13,14,9,10,2,1,2,14,8,7,3,2,13,14,8,1,,4,,15,b'\x11\xe8\xe1I\xd5\xcc5T\x98|\x12\xdf\x17\xaeN\x1e'
11E8E149-D5CC-3554-987C-12DF17AE4E1E,2026-ncaa-d2-natl,genius_ncaa,107,239,6,180,8,23,21,18,104,33,20,172,26,45,38,157,81,85,114,81,235,17,14,93,113,149,140,92,234,42,124,16,157,17,119,22,89,291,217,153,29,103,113,208,,,285,190,,225,206,14,152,88,150,128,165,158,147,100,171,223,239,232,191,153,160,173,173,101,210,106,198,,186,,151,199,291,292,290,222,287,287,244,255,286,122,173,247,227,255,225,73,288,287,211,208,230,90,137,79,270,157,263,124,271,119,284,164,51,198,223,294,272,191,98,,,26,148,,151,206,286,145,223,195,201,229,196,231,177,168,179,108,79,75,168,137,139,67,91,212,197,270,100,,164,,232,b'\x11\xe8\xe1I\xd5\xcc5T\x98|\x12\xdf\x17\xaeN\x1e'
11E8E149-D5D0-7042-987C-12DF17AE4E1E,2018-ncaa-d2-conf-RMAC,ncaa,8,8,5,8,6,7,6,7,4,10,13,2,2,2,5,2,15,14,15,14,13,9,10,2,5,3,4,2,15,9,9,9,7,8,9,1,1,2,3,1,8,6,6,5,,,9,12,,,6,13,15,3,7,6,7,11,13,2,2,15,15,15,9,14,9,11,9,1,2,10,6,,9,,,5,1,1,1,5,1,3,2,5,6,10,8,11,10,12,9,12,1,1,5,8,5,11,8,14,7,7,7,9,6,9,1,2,9,6,3,1,2,1,2,,,14,14,,,6,3,3,8,5,2,1,1,2,2,5,5,12,8,8,1,1,7,8,9,1,8,1,1,,14,,,b'\x11\xe8\xe1I\xd5\xd0pB\x98|\x12\xdf\x17\xaeN\x1e'
11E8E149-D5D0-7042-987C-12DF17AE4E1E,2018-ncaa-d2-natl,ncaa,88,74,148,84,157,185,161,207,105,241,287,61,44,37,93,11,297,292,231,292,249,234,265,61,101,74,51,10,306,231,214,179,30,206,121,66,8,12,40,11,197,115,193,134,,,122,259,,,70,268,305,68,200,153,232,260,297,24,20,303,303,303,269,301,234,185,221,41,17,199,192,,131,,,65,9,5,21,44,7,23,48,86,92,124,196,137,114,220,108,243,24,26,65,92,89,273,202,261,23,30,105,214,55,121,5,57,226,127,49,21,60,5,11,,,291,271,,,70,37,78,74,60,5,3,4,5,10,95,100,148,121,119,7,4,24,117,55,8,229,26,3,,305,,,b'\x11\xe8\xe1I\xd5\xd0pB\x98|\x12\xdf\x17\xaeN\x1e'
11E8E149-D5D0-7042-987C-12DF17AE4E1E,2019-ncaa-d2-conf-RMAC,ncaa,1,1,1,1,2,2,3,3,5,6,9,4,3,2,10,3,9,10,5,10,8,4,7,4,4,2,6,6,15,7,8,5,6,5,7,1,3,1,1,1,1,1,2,2,,,15,15,,,1,9,16,15,8,8,10,10,13,4,3,14,14,14,10,16,9,13,11,3,1,4,3,,11,,,1,1,1,1,1,1,1,1,4,5,2,7,15,15,6,15,16,3,8,1,2,1,16,9,16,7,6,9,8,10,7,1,2,1,1,1,1,1,1,2,,,7,4,,,1,8,3,1,1,1,1,1,1,1,1,3,9,10,9,1,1,4,5,4,1,3,1,1,,11,,,b'\x11\xe8\xe1I\xd5\xd0pB\x98|\x12\xdf\x17\xaeN\x1e'
11E8E149-D5D0-7042-987C-12DF17AE4E1E,2019-ncaa-d2-natl,ncaa,22,14,46,18,72,125,124,151,99,195,247,66,51,49,93,26,206,233,70,233,163,172,216,66,69,46,55,37,250,206,219,149,34,180,128,64,32,17,26,16,86,40,68,22,,,228,293,,,34,217,307,277,194,197,276,261,297,58,61,260,276,275,289,307,254,251,273,82,9,127,86,,158,,,30,15,9,30,17,8,35,22,57,85,66,170,236,223,191,221,291,42,72,20,45,25,298,169,300,30,34,169,219,91,128,9,52,95,38,13,11,14,14,23,,,160,92,,,34,90,51,19,21,2,2,1,1,2,30,37,177,167,169,1,3,8,69,29,2,147,4,5,,248,,,b'\x11\xe8\xe1I\xd5\xd0pB\x98|\x12\xdf\x17\xaeN\x1e'
11E8E149-D5D0-7042-987C-12DF17AE4E1E,2020-ncaa-d2-conf-RMAC,ncaa,1,1,1,1,3,7,5,5,12,7,8,6,8,4,10,6,11,11,13,11,12,4,8,8,9,6,9,7,14,9,12,5,2,7,7,1,1,1,1,1,3,2,5,3,,,9,9,,,2,6,16,13,13,12,9,10,11,8,6,11,12,12,10,16,11,8,11,1,1,7,8,,4,,,2,2,2,5,2,4,6,2,3,5,2,8,8,9,4,8,9,4,4,2,2,2,8,7,13,2,2,15,12,9,7,2,8,4,3,3,2,1,1,3,,,5,6,,,2,9,5,2,1,1,1,1,1,2,2,1,4,5,5,1,1,1,7,3,2,6,1,1,,11,,,b'\x11\xe8\xe1I\xd5\xd0pB\x98|\x12\xdf\x17\xaeN\x1e'
11E8E149-D5D0-7042-987C-12DF17AE4E1E,2020-ncaa-d2-natl,ncaa,28,22,54,29,89,190,185,177,186,217,253,129,101,64,196,42,229,225,193,220,144,188,237,159,176,130,88,69,226,191,202,109,22,148,101,71,7,20,32,17,127,81,100,56,,,150,238,,,43,235,309,227,246,240,260,266,289,129,78,266,262,258,276,304,229,165,208,78,8,157,119,,94,,,42,12,10,32,14,11,49,19,37,75,21,165,107,142,51,134,217,34,51,13,17,19,232,144,270,29,22,172,202,106,101,11,98,140,77,34,22,41,21,44,,,178,80,,,43,71,128,10,36,3,1,1,3,9,15,42,74,104,99,1,3,14,112,43,5,173,11,11,,244,,,b'\x11\xe8\xe1I\xd5\xd0pB\x98|\x12\xdf\x17\xaeN\x1e'
11E8E149-D5D0-7042-987C-12DF17AE4E1E,2021-ncaa-d2-conf-RMAC,ncaa,2,6,1,5,2,2,1,1,7,2,2,4,2,2,9,4,1,1,7,1,5,1,1,7,7,6,5,4,7,2,6,1,2,1,2,1,2,12,3,2,3,7,1,3,,,13,10,,,1,2,8,9,8,6,4,10,12,4,3,6,5,5,4,9,4,2,2,1,4,8,1,,10,,,2,13,8,14,1,8,14,1,11,14,2,5,14,14,11,14,10,14,13,1,1,1,12,8,13,12,2,13,6,13,2,9,5,3,6,3,13,4,9,7,,,1,6,,,1,13,5,1,2,1,1,4,2,5,3,4,11,9,9,4,4,2,9,6,1,7,6,5,,6,,,b'\x11\xe8\xe1I\xd5\xd0pB\x98|\x12\xdf\x17\xaeN\x1e'
11E8E149-D5D0-7042-987C-12DF17AE4E1E,2021-ncaa-d2-natl,ncaa,27,112,19,61,27,44,47,32,143,68,61,113,36,20,139,55,36,34,119,34,60,30,32,126,127,104,62,61,92,35,105,14,13,15,37,37,41,149,49,45,51,94,6,11,,,212,183,,,25,40,169,121,130,137,121,158,173,75,59,111,107,108,123,166,109,28,51,79,33,121,21,,129,,,31,134,111,172,2,101,167,2,146,173,56,116,207,208,175,209,169,177,182,4,11,14,209,142,216,126,13,203,105,184,37,94,65,40,85,20,161,75,151,94,,,28,67,,,25,188,96,9,26,7,4,27,5,48,55,78,144,116,123,31,26,26,118,58,7,123,51,66,,112,,,b'\x11\xe8\xe1I\xd5\xd0pB\x98|\x12\xdf\x17\xaeN\x1e'
11E8E149-D5D0-7042-987C-12DF17AE4E1E,2022-ncaa-d2-conf-RMAC,ncaa,2,2,2,2,5,3,1,2,3,3,4,4,6,10,2,10,4,10,1,10,14,4,5,2,3,2,12,11,12,7,9,2,1,3,4,2,4,1,2,2,14,14,2,3,,,6,5,,,2,6,12,12,2,1,4,2,5,9,10,6,12,12,6,12,9,1,3,2,1,14,3,,3,,,2,7,7,12,3,10,13,3,7,10,5,4,7,8,2,8,4,13,9,3,3,7,4,6,8,8,1,11,9,10,4,5,5,14,15,9,1,2,4,4,,,9,9,,,2,9,1,7,3,5,6,8,6,10,6,5,4,4,4,8,3,3,8,8,4,15,1,4,,13,,,b'\x11\xe8\xe1I\xd5\xd0pB\x98|\x12\xdf\x17\xaeN\x1e'
11E8E149-D5D0-7042-987C-12DF17AE4E1E,2022-ncaa-d2-natl,ncaa,51,35,106,44,136,94,92,117,78,81,102,86,129,154,106,171,105,180,4,180,228,125,178,86,76,36,174,173,158,138,138,81,57,95,59,98,136,13,6,18,272,277,37,30,,,108,152,,,48,190,269,210,81,81,127,80,116,128,167,111,206,206,144,246,153,63,89,93,6,285,38,,83,,,38,79,84,151,34,98,157,43,94,132,58,141,112,126,96,122,117,144,97,40,36,117,149,139,174,93,57,135,138,114,59,35,43,267,274,181,26,25,92,75,,,159,133,,,48,106,30,106,36,34,42,101,58,134,86,116,103,116,113,91,28,81,101,87,24,289,13,80,,199,,,b'\x11\xe8\xe1I\xd5\xd0pB\x98|\x12\xdf\x17\xaeN\x1e'
11E8E149-D5D0-7042-987C-12DF17AE4E1E,2023-ncaa-d2-conf-RMAC,ncaa,7,7,5,7,6,7,8,10,7,8,11,6,8,6,11,5,8,9,3,10,9,9,9,8,8,6,8,7,9,6,6,2,3,3,3,3,1,4,5,2,14,14,2,2,,,5,6,,,5,12,14,14,9,10,10,8,11,8,7,9,13,13,12,13,6,2,3,3,2,14,2,,4,,,5,1,2,13,1,5,13,1,1,4,3,3,6,7,3,6,4,11,5,1,1,3,3,4,11,9,3,4,6,6,3,5,9,13,14,12,4,6,11,14,,,9,7,,,5,4,5,5,5,2,2,8,2,12,2,2,5,6,5,7,1,7,3,3,4,14,5,10,,12,,,b'\x11\xe8\xe1I\xd5\xd0pB\x98|\x12\xdf\x17\xaeN\x1e'
11E8E149-D5D0-7042-987C-12DF17AE4E1E,2023-ncaa-d2-natl,ncaa,139,182,68,159,108,155,160,152,159,167,195,104,122,91,216,66,159,163,150,166,131,158,174,150,143,136,116,114,156,125,116,56,49,72,38,67,11,90,114,54,286,292,40,44,,,166,206,,,131,178,283,279,224,219,243,216,256,141,102,191,202,206,251,279,165,49,83,71,65,293,49,,119,,,131,109,90,177,36,103,180,55,96,150,43,125,201,212,104,203,185,183,122,41,47,146,163,107,236,120,49,116,116,120,38,73,100,279,291,254,158,173,167,198,,,120,74,,,131,125,124,143,127,53,42,108,60,133,75,112,169,184,181,107,18,80,50,55,59,295,120,140,,166,,,b'\x11\xe8\xe1I\xd5\xd0pB\x98|\x12\xdf\x17\xaeN\x1e'
11E8E149-D5D0-7042-987C-12DF17AE4E1E,2024-ncaa-d2-conf-RMAC,ncaa,3,2,4,2,4,5,6,6,6,7,11,6,2,2,4,2,9,9,3,9,10,7,8,2,2,3,4,2,11,4,5,2,1,2,1,1,1,3,4,1,13,13,4,4,,,3,4,,,2,8,15,1,5,4,5,7,12,3,2,10,10,10,6,11,4,1,2,1,3,13,4,,2,,,1,1,1,10,1,2,13,1,1,2,5,1,8,7,7,6,4,9,6,1,1,3,5,2,12,5,1,7,5,7,1,1,5,11,11,8,5,5,15,15,,,6,6,,,2,6,2,1,1,1,2,4,2,13,2,1,6,6,5,3,1,3,4,3,2,12,3,15,,6,,,b'\x11\xe8\xe1I\xd5\xd0pB\x98|\x12\xdf\x17\xaeN\x1e'
11E8E149-D5D0-7042-987C-12DF17AE4E1E,2024-ncaa-d2-natl,ncaa,23,31,26,27,27,49,51,51,81,89,143,50,21,18,86,25,98,141,24,142,154,62,79,50,50,38,58,36,217,51,55,24,9,23,9,9,1,86,44,4,225,250,87,119,,,123,90,,,17,91,294,19,80,88,140,171,255,29,30,163,227,227,168,229,88,45,47,10,32,277,120,,30,,,20,119,113,213,32,136,242,19,108,112,130,70,178,161,228,156,78,211,171,35,40,94,145,121,195,61,9,163,55,115,9,91,90,221,252,187,148,106,281,286,,,69,98,,,17,192,23,67,21,19,17,59,37,144,55,41,96,85,84,46,7,21,38,17,36,279,79,268,,153,,,b'\x11\xe8\xe1I\xd5\xd0pB\x98|\x12\xdf\x17\xaeN\x1e'
11E8E149-D5D0-7042-987C-12DF17AE4E1E,2025-ncaa-d2-conf-RMAC,genius_ncaa,1,1,1,1,1,1,1,2,1,2,2,1,1,3,1,5,1,3,2,3,5,1,1,1,1,1,3,5,7,6,6,1,2,1,3,1,1,5,3,1,9,12,4,8,,,4,3,,2,1,2,15,10,2,4,14,4,12,3,10,5,6,6,14,15,11,4,8,1,1,13,8,,2,,1,1,6,10,13,2,9,15,2,8,7,8,2,2,4,1,3,2,13,13,2,2,1,4,12,3,4,2,9,6,8,3,6,3,6,9,5,3,3,8,6,,,2,5,,4,1,14,1,1,1,1,2,1,2,8,2,1,2,2,2,1,1,2,1,1,1,10,2,4,,7,,5,b'\x11\xe8\xe1I\xd5\xd0pB\x98|\x12\xdf\x17\xaeN\x1e'
11E8E149-D5D0-7042-987C-12DF17AE4E1E,2025-ncaa-d2-natl,genius_ncaa,19,23,25,20,36,34,42,71,28,58,115,16,47,61,51,92,30,71,7,74,82,70,114,25,14,7,85,110,115,154,168,28,6,55,29,14,7,25,3,1,224,245,149,189,,,77,42,,34,15,106,285,207,45,68,213,96,239,78,107,53,130,132,201,288,215,56,132,11,3,272,189,,14,,21,13,129,156,204,97,155,226,60,159,137,204,108,50,92,16,83,37,193,161,94,68,108,95,177,49,39,6,169,168,96,29,108,79,200,223,168,29,16,62,45,,,90,91,,180,15,197,7,72,10,24,49,39,57,104,94,61,15,39,29,24,11,7,53,17,40,265,7,18,,180,,228,b'\x11\xe8\xe1I\xd5\xd0pB\x98|\x12\xdf\x17\xaeN\x1e'
11E8E149-D5D0-7042-987C-12DF17AE4E1E,2026-ncaa-d2-conf-RMAC,genius_ncaa,3,1,14,1,14,13,14,15,1,15,15,4,6,14,1,2,11,12,1,12,4,15,15,1,1,1,1,2,5,11,1,13,2,12,1,12,2,1,8,4,12,5,6,1,,,1,1,,3,1,15,13,5,2,6,11,12,14,1,2,3,7,7,11,12,2,2,1,2,7,8,1,,1,,3,1,1,1,1,1,1,1,1,1,1,4,13,1,1,1,1,3,1,1,2,1,1,10,13,3,2,2,1,1,1,1,1,1,12,4,1,4,11,1,7,,,14,6,,4,1,1,1,1,1,1,1,3,1,2,4,7,1,1,1,2,1,3,1,1,1,8,8,4,,8,,3,b'\x11\xe8\xe1I\xd5\xd0pB\x98|\x12\xdf\x17\xaeN\x1e'
11E8E149-D5D0-7042-987C-12DF17AE4E1E,2026-ncaa-d2-natl,genius_ncaa,9,13,59,17,67,36,32,68,25,73,111,52,11,38,12,62,104,165,17,166,209,81,101,16,14,9,62,37,241,74,49,37,26,46,15,11,27,105,40,8,70,77,71,70,,,82,35,,127,2,114,216,51,18,18,60,93,168,8,43,131,219,216,87,151,97,33,41,7,49,94,101,,25,,107,4,91,66,153,8,38,134,4,190,182,160,195,163,123,263,124,138,150,166,15,19,21,283,252,233,99,26,126,49,115,15,43,50,74,72,15,136,87,155,132,,,116,175,,25,2,180,8,15,3,15,7,51,5,60,162,147,116,81,75,37,62,52,33,24,9,98,93,127,,178,,31,b'\x11\xe8\xe1I\xd5\xd0pB\x98|\x12\xdf\x17\xaeN\x1e'
11E8E149-D5D4-917C-987C-12DF17AE4E1E,2018-ncaa-d2-conf-RMAC,ncaa,1,1,1,1,1,1,1,1,2,2,3,4,4,5,1,8,1,2,1,2,3,1,1,3,1,1,5,7,3,5,5,1,4,1,3,2,8,10,7,4,1,4,1,1,,,11,5,,,1,1,9,10,1,3,9,5,7,4,8,2,3,3,7,7,8,4,6,5,5,4,1,,4,,,1,11,9,15,1,6,13,3,11,14,2,10,10,10,9,9,5,15,15,1,1,2,8,9,7,13,4,11,5,13,3,13,14,4,4,6,10,6,7,6,,,2,3,,,1,15,1,2,1,1,4,5,4,5,6,9,3,3,3,4,8,5,2,3,9,4,8,4,,5,,,b'\x11\xe8\xe1I\xd5\xd4\x91|\x98|\x12\xdf\x17\xaeN\x1e'
11E8E149-D5D4-917C-987C-12DF17AE4E1E,2018-ncaa-d2-natl,ncaa,22,43,12,37,18,60,85,89,101,84,82,125,104,126,83,188,12,41,13,38,55,71,85,108,68,63,103,181,32,157,200,28,60,52,92,84,150,146,79,92,58,82,32,31,,,242,178,,,47,59,266,177,141,187,267,178,212,169,219,38,98,90,244,277,245,81,175,171,42,119,51,,104,,,54,170,162,255,31,154,227,61,177,258,19,217,173,167,156,166,113,250,247,29,24,46,168,166,165,191,60,232,200,225,92,219,234,79,130,135,145,92,73,45,,,20,24,,,47,256,79,34,45,16,21,66,38,60,83,158,61,67,59,45,50,77,65,59,97,179,58,28,,97,,,b'\x11\xe8\xe1I\xd5\xd4\x91|\x98|\x12\xdf\x17\xaeN\x1e'
11E8E149-D5D4-917C-987C-12DF17AE4E1E,2019-ncaa-d2-conf-RMAC,ncaa,5,4,5,5,8,7,4,5,6,3,1,7,15,15,8,16,2,1,16,1,5,3,3,10,9,7,16,16,2,5,7,8,14,8,11,8,13,8,5,9,1,3,1,1,,,7,5,,,9,1,3,8,5,4,4,2,1,15,16,2,1,1,1,2,5,9,7,9,8,1,1,,6,,,9,12,12,13,9,15,16,7,2,1,9,1,14,14,8,14,8,12,16,8,7,5,2,1,14,15,14,15,7,15,11,14,13,2,3,4,9,7,7,4,,,2,2,,,9,14,8,7,9,11,11,10,13,16,3,2,13,14,15,13,14,15,12,15,13,1,9,8,,2,,,b'\x11\xe8\xe1I\xd5\xd4\x91|\x98|\x12\xdf\x17\xaeN\x1e'
11E8E149-D5D4-917C-987C-12DF17AE4E1E,2019-ncaa-d2-natl,ncaa,121,109,182,116,195,169,161,195,110,93,66,179,278,299,74,305,99,77,236,80,159,179,199,163,162,139,283,294,73,210,198,192,167,217,194,211,258,69,89,155,89,59,27,18,,,105,124,,,123,188,167,102,148,132,176,54,23,284,304,77,53,55,128,177,201,178,203,208,89,63,14,,126,,,123,100,97,89,153,144,174,110,53,33,218,34,190,174,187,177,159,96,115,135,146,132,95,60,220,135,167,132,198,126,194,173,246,139,106,161,147,175,109,48,,,130,66,,,123,109,147,136,130,127,126,111,176,222,69,31,205,191,196,122,149,149,166,159,202,112,168,114,,91,,,b'\x11\xe8\xe1I\xd5\xd4\x91|\x98|\x12\xdf\x17\xaeN\x1e'
11E8E149-D5D4-917C-987C-12DF17AE4E1E,2020-ncaa-d2-conf-RMAC,ncaa,13,12,6,13,8,11,11,9,13,5,5,4,15,11,16,11,5,6,4,6,8,9,6,14,11,12,14,15,4,7,10,11,13,11,13,14,16,12,12,13,4,6,1,1,,,11,10,,,13,6,5,6,12,11,6,4,4,15,11,5,7,6,7,7,7,12,9,14,12,2,1,,13,,,13,13,13,8,13,11,12,10,11,5,15,3,13,16,3,16,10,9,11,13,13,13,9,8,8,14,13,10,10,12,13,14,13,7,8,11,14,14,6,5,,,12,12,,,13,9,12,13,13,14,12,9,10,13,11,7,13,15,15,11,13,14,9,12,13,7,13,8,,9,,,b'\x11\xe8\xe1I\xd5\xd4\x91|\x98|\x12\xdf\x17\xaeN\x1e'
11E8E149-D5D4-917C-987C-12DF17AE4E1E,2020-ncaa-d2-natl,ncaa,223,241,173,231,205,241,237,236,228,200,198,165,257,201,295,170,197,218,116,215,188,240,233,243,232,228,235,237,102,211,215,221,215,232,236,269,280,137,185,252,153,120,14,8,,,165,212,,,252,226,245,192,260,253,237,203,203,264,196,197,216,211,244,242,202,239,245,284,144,138,10,,175,,,246,164,142,95,206,121,124,143,194,94,304,115,177,198,88,191,205,105,91,214,218,221,221,203,182,168,215,153,215,161,236,172,200,199,168,200,176,219,111,129,,,261,254,,,252,83,230,235,254,169,151,102,131,129,205,111,196,208,199,113,85,179,174,185,177,187,184,113,,278,,,b'\x11\xe8\xe1I\xd5\xd4\x91|\x98|\x12\xdf\x17\xaeN\x1e'
11E8E149-D5D4-917C-987C-12DF17AE4E1E,2021-ncaa-d2-conf-RMAC,ncaa,13,1,14,13,14,14,14,14,14,14,14,13,14,14,14,6,14,14,11,14,14,14,14,14,14,13,13,9,12,14,4,14,1,14,7,14,14,1,1,14,14,5,14,1,,,1,13,,,9,14,3,9,11,5,1,3,3,10,2,13,12,12,1,1,2,14,10,14,1,7,2,,11,,,11,1,1,1,14,1,1,12,1,1,14,11,1,1,14,1,14,1,1,14,14,14,13,12,14,1,1,1,4,1,7,1,14,14,4,8,1,1,1,6,,,14,11,,,9,1,10,12,13,11,4,1,3,2,12,5,14,14,14,2,1,1,14,2,13,4,1,9,,7,,,b'\x11\xe8\xe1I\xd5\xd4\x91|\x98|\x12\xdf\x17\xaeN\x1e'
11E8E149-D5D4-917C-987C-12DF17AE4E1E,2021-ncaa-d2-natl,ncaa,211,24,219,211,219,219,219,219,205,219,219,190,221,220,208,83,220,221,177,220,221,219,219,202,211,190,172,111,210,219,87,220,1,220,106,223,226,5,15,196,219,75,214,2,,,7,206,,,134,220,132,121,178,134,21,124,50,139,58,213,212,212,48,98,56,223,194,223,17,117,29,,130,,,182,7,5,6,214,5,5,171,8,6,226,159,8,8,217,8,225,6,6,225,226,221,223,203,217,1,1,8,87,6,106,8,212,219,45,134,4,14,8,93,,,219,169,,,134,7,171,179,191,143,56,1,16,3,197,82,222,203,211,5,9,1,173,30,167,97,14,118,,158,,,b'\x11\xe8\xe1I\xd5\xd4\x91|\x98|\x12\xdf\x17\xaeN\x1e'
11E8E149-D5D4-917C-987C-12DF17AE4E1E,2022-ncaa-d2-conf-RMAC,ncaa,2,2,2,2,2,4,6,6,4,6,8,2,5,3,12,3,6,7,9,7,5,6,4,5,5,7,7,8,10,5,6,5,13,5,8,7,11,10,10,9,2,3,1,1,,,11,8,,,3,4,11,3,6,7,9,8,11,5,5,9,9,9,10,9,6,5,8,8,9,3,1,,9,,,3,4,1,8,1,1,7,1,5,11,3,8,13,13,8,13,13,10,13,1,2,1,15,8,15,14,13,10,6,13,8,3,9,3,3,2,9,7,1,1,,,8,11,,,3,12,7,2,4,2,1,3,1,4,3,6,12,13,13,3,11,13,6,10,2,3,6,1,,10,,,b'\x11\xe8\xe1I\xd5\xd4\x91|\x98|\x12\xdf\x17\xaeN\x1e'
11E8E149-D5D4-917C-987C-12DF17AE4E1E,2022-ncaa-d2-natl,ncaa,59,48,106,56,107,120,128,150,98,142,204,55,99,81,182,61,139,152,131,154,106,149,155,83,88,110,112,102,183,129,99,154,179,144,120,155,198,157,158,161,32,14,17,4,,,234,252,,,58,159,256,18,143,142,194,168,246,97,74,161,176,180,203,212,141,193,184,180,129,29,12,,221,,,54,60,24,83,10,21,90,9,103,120,83,149,271,262,206,269,290,116,153,17,45,30,291,164,299,191,179,95,99,122,120,31,133,71,51,20,143,155,13,11,,,180,201,,,58,149,101,31,50,22,6,20,5,36,90,104,263,245,252,47,102,158,51,99,20,70,122,4,,228,,,b'\x11\xe8\xe1I\xd5\xd4\x91|\x98|\x12\xdf\x17\xaeN\x1e'
11E8E149-D5D4-917C-987C-12DF17AE4E1E,2023-ncaa-d2-conf-RMAC,ncaa,8,8,7,8,8,10,9,9,8,13,13,5,2,2,5,1,15,14,9,14,13,10,12,5,9,7,5,1,15,15,15,15,15,15,15,8,7,3,4,6,4,4,9,8,,,9,8,,,9,8,8,2,7,7,7,12,13,1,1,15,14,14,9,11,15,14,15,8,3,3,9,,11,,,9,8,9,2,11,8,2,12,7,8,9,10,9,10,10,10,12,3,9,12,12,9,6,8,9,15,15,15,15,15,15,10,11,3,3,6,3,7,1,3,,,14,15,,,9,7,10,9,10,11,9,5,9,4,9,9,10,11,11,6,13,15,15,15,11,3,6,1,,14,,,b'\x11\xe8\xe1I\xd5\xd4\x91|\x98|\x12\xdf\x17\xaeN\x1e'
11E8E149-D5D4-917C-987C-12DF17AE4E1E,2023-ncaa-d2-natl,ncaa,152,162,148,162,153,184,187,170,199,256,278,129,33,29,119,6,279,283,166,283,230,194,225,116,147,131,18,3,290,291,296,264,268,285,296,171,153,40,87,115,50,39,196,170,,,151,176,,,211,177,195,71,202,192,150,276,291,18,14,288,290,289,223,255,293,281,296,187,54,42,195,,167,,,204,147,122,81,224,111,60,240,157,148,165,193,205,189,181,182,241,92,129,232,242,184,209,162,212,194,268,258,296,244,296,129,143,81,60,85,124,175,6,19,,,284,287,,,211,111,196,202,216,175,146,58,140,50,172,167,219,210,202,86,146,219,287,272,137,67,129,3,,293,,,b'\x11\xe8\xe1I\xd5\xd4\x91|\x98|\x12\xdf\x17\xaeN\x1e'
11E8E149-D5D4-917C-987C-12DF17AE4E1E,2024-ncaa-d2-conf-RMAC,ncaa,7,8,3,8,3,6,5,5,5,5,5,1,12,7,14,10,6,6,11,6,9,4,3,7,9,10,14,14,8,7,9,3,8,3,7,2,4,15,11,7,5,6,1,1,,,14,9,,,8,2,3,9,9,6,8,3,8,12,8,9,7,7,7,4,7,3,5,4,11,5,1,,10,,,8,14,10,14,3,9,14,2,11,11,6,7,13,14,2,13,10,14,14,3,3,5,11,9,11,12,8,11,9,11,7,8,4,4,6,4,15,12,1,1,,,7,11,,,8,14,9,6,8,5,4,10,4,7,6,8,9,11,10,12,13,10,10,11,5,6,13,1,,11,,,b'\x11\xe8\xe1I\xd5\xd4\x91|\x98|\x12\xdf\x17\xaeN\x1e'
11E8E149-D5D4-917C-987C-12DF17AE4E1E,2024-ncaa-d2-natl,ncaa,123,151,78,139,103,113,113,138,93,87,151,37,172,123,240,136,89,104,123,99,77,126,94,116,112,143,202,212,104,142,148,85,157,100,128,72,62,268,243,159,56,71,3,1,,,220,175,,,143,84,133,177,145,144,216,116,202,201,150,112,125,118,201,128,167,102,135,83,232,69,2,,177,,,143,186,155,194,81,116,160,72,223,230,158,207,223,227,128,221,208,207,213,98,107,116,247,209,210,217,157,153,148,191,128,118,98,106,135,96,296,288,6,2,,,156,209,,,143,207,152,127,149,135,101,161,60,100,199,196,184,184,179,163,161,187,92,127,86,128,287,2,,210,,,b'\x11\xe8\xe1I\xd5\xd4\x91|\x98|\x12\xdf\x17\xaeN\x1e'
11E8E149-D5D4-917C-987C-12DF17AE4E1E,2025-ncaa-d2-conf-RMAC,genius_ncaa,4,6,2,6,3,3,6,5,7,7,11,3,4,2,12,3,2,2,7,2,1,5,2,6,4,8,2,10,2,13,14,4,15,7,14,2,7,14,9,7,1,1,1,1,,,10,6,,11,6,1,5,14,5,11,10,11,14,9,2,3,3,3,9,9,15,7,11,7,9,1,1,,9,,10,7,12,12,14,3,6,12,3,14,14,12,13,10,10,4,10,7,15,15,4,4,3,15,13,7,15,15,15,14,15,14,13,15,1,3,6,14,12,3,4,,,3,4,,5,6,15,9,5,7,6,6,11,4,6,13,13,7,7,7,10,14,15,10,14,11,3,11,3,,4,,8,b'\x11\xe8\xe1I\xd5\xd4\x91|\x98|\x12\xdf\x17\xaeN\x1e'
11E8E149-D5D4-917C-987C-12DF17AE4E1E,2025-ncaa-d2-natl,genius_ncaa,107,95,162,105,203,154,178,189,140,193,254,59,123,79,222,53,77,69,136,71,8,168,197,128,105,106,58,115,47,265,280,143,219,201,257,136,92,81,116,107,43,37,15,5,,,101,81,,178,143,160,127,281,129,190,220,210,270,108,64,45,52,51,167,197,272,114,220,126,98,39,6,,113,,183,143,132,116,159,100,58,74,106,260,259,177,275,100,85,213,83,142,136,153,137,137,124,276,283,107,240,219,218,280,240,257,210,258,110,111,164,123,160,22,47,,,127,59,,172,143,135,146,158,148,145,134,196,58,61,268,281,105,89,85,162,188,246,243,256,226,95,140,14,,93,,177,b'\x11\xe8\xe1I\xd5\xd4\x91|\x98|\x12\xdf\x17\xaeN\x1e'
11E8E149-D5D4-917C-987C-12DF17AE4E1E,2026-ncaa-d2-conf-RMAC,genius_ncaa,3,4,2,4,6,9,11,6,13,11,10,12,1,1,8,1,10,11,7,10,5,7,8,12,10,12,2,1,8,2,4,15,6,9,7,3,1,9,7,5,2,1,2,2,,,5,6,,9,7,11,11,5,10,12,6,13,11,2,1,11,12,11,7,9,3,15,11,3,7,2,1,,4,,9,7,6,8,3,15,7,4,14,7,1,15,3,5,4,6,4,6,3,3,15,15,7,4,7,4,3,6,9,4,4,7,8,11,3,1,4,3,3,3,5,,,10,11,,4,7,4,8,6,6,5,8,1,6,3,6,1,4,3,3,1,2,1,8,3,9,2,3,2,,12,,6,b'\x11\xe8\xe1I\xd5\xd4\x91|\x98|\x12\xdf\x17\xaeN\x1e'
11E8E149-D5D4-917C-987C-12DF17AE4E1E,2026-ncaa-d2-natl,genius_ncaa,107,196,13,157,27,81,90,59,192,122,117,163,33,21,145,53,104,71,230,65,73,55,64,148,174,152,56,56,184,95,216,112,196,108,246,27,14,183,89,48,17,25,58,79,,,150,51,,239,156,60,249,88,205,212,207,247,268,86,68,199,163,151,204,257,195,274,259,72,65,46,104,,31,,198,156,230,247,208,238,221,204,211,242,205,260,172,97,95,172,94,41,198,232,246,232,148,135,216,30,232,196,273,216,268,246,265,245,23,34,140,155,79,204,208,,,88,179,,34,156,235,150,145,168,94,125,36,111,68,186,114,28,24,24,13,49,125,211,183,210,65,63,147,,226,,69,b'\x11\xe8\xe1I\xd5\xd4\x91|\x98|\x12\xdf\x17\xaeN\x1e'
11E8E149-D5D8-DA3E-987C-12DF17AE4E1E,2018-ncaa-d2-conf-Peach Belt,ncaa,3,3,3,3,3,3,3,2,5,5,2,5,4,2,5,6,2,1,5,1,3,2,1,6,6,5,4,6,2,1,1,4,4,1,1,9,12,12,4,12,3,3,5,5,,,12,10,,,3,3,1,1,3,3,1,5,2,4,4,1,1,1,1,1,1,4,1,12,11,3,4,,12,,,3,9,7,10,4,6,7,5,9,9,2,9,10,10,9,10,9,11,11,5,4,2,10,8,9,8,4,10,1,10,1,6,5,3,3,3,5,2,9,7,,,2,7,,,3,11,3,3,3,7,5,8,4,6,8,9,9,7,8,6,12,5,8,7,6,3,3,9,,1,,,b'\x11\xe8\xe1I\xd5\xd8\xda>\x98|\x12\xdf\x17\xaeN\x1e'
11E8E149-D5D8-DA3E-987C-12DF17AE4E1E,2018-ncaa-d2-natl,ncaa,67,74,64,73,67,51,59,13,225,52,13,230,104,73,193,202,16,13,179,13,115,10,8,222,215,194,150,197,64,2,4,49,185,9,33,178,298,283,110,246,26,54,44,60,,,295,217,,,66,21,17,10,31,47,6,49,12,127,93,18,14,12,2,2,2,41,2,222,253,29,44,,286,,,66,250,241,271,69,240,272,77,171,217,60,107,257,275,60,274,195,279,290,66,61,51,151,93,222,272,185,253,4,269,33,232,178,27,73,66,246,90,256,130,,,33,219,,,66,289,124,52,72,191,184,268,187,259,136,186,237,255,254,278,293,249,222,250,187,33,211,240,,38,,,b'\x11\xe8\xe1I\xd5\xd8\xda>\x98|\x12\xdf\x17\xaeN\x1e'
11E8E149-D5D8-DA3E-987C-12DF17AE4E1E,2019-ncaa-d2-conf-Peach Belt,ncaa,5,6,2,6,2,3,3,1,12,5,1,10,3,2,12,7,3,2,9,1,4,1,1,12,12,8,6,8,2,1,3,4,4,1,5,8,12,6,1,5,3,3,8,8,,,12,12,,,5,1,3,3,4,5,1,6,2,6,3,4,2,2,1,1,1,6,1,12,2,3,9,,12,,,5,12,10,11,8,6,6,8,12,12,11,11,12,12,2,12,12,11,12,10,10,8,11,10,9,5,4,12,3,12,5,12,11,3,3,5,2,1,12,10,,,4,9,,,5,12,6,7,6,10,8,3,5,2,11,11,11,12,12,7,10,2,10,9,12,3,1,12,,4,,,b'\x11\xe8\xe1I\xd5\xd8\xda>\x98|\x12\xdf\x17\xaeN\x1e'
11E8E149-D5D8-DA3E-987C-12DF17AE4E1E,2019-ncaa-d2-natl,ncaa,110,123,76,118,82,71,82,10,293,68,11,287,137,58,292,192,36,15,272,16,138,8,10,295,293,246,174,214,76,5,30,91,112,19,105,214,294,113,12,182,16,24,219,233,,,308,304,,,128,24,9,43,65,81,3,75,1,164,63,34,11,9,3,5,4,97,5,249,82,14,241,,309,,,128,278,214,204,177,194,175,184,234,227,175,171,290,303,21,303,303,248,278,187,186,104,239,159,267,169,112,306,30,294,105,284,274,18,29,84,26,3,292,209,,,28,185,,,128,289,199,83,126,226,164,141,158,118,213,212,279,299,299,227,288,133,302,281,260,20,21,294,,19,,,b'\x11\xe8\xe1I\xd5\xd8\xda>\x98|\x12\xdf\x17\xaeN\x1e'
11E8E149-D5D8-DA3E-987C-12DF17AE4E1E,2020-ncaa-d2-conf-Peach Belt,ncaa,4,4,4,4,4,4,4,3,5,3,1,7,5,9,2,10,4,3,12,3,10,3,3,6,6,5,10,10,9,2,3,4,7,2,5,6,10,9,6,7,3,4,5,8,,,10,4,,,4,3,2,7,3,2,2,2,1,7,10,4,4,4,2,2,1,4,2,7,7,2,6,,5,,,4,10,10,11,8,10,11,8,9,9,9,6,4,4,1,4,4,11,10,9,7,4,3,8,3,11,7,11,3,11,5,11,9,3,3,4,11,6,12,10,,,5,11,,,4,10,5,3,4,10,12,10,10,11,9,8,4,4,4,10,12,9,9,9,11,3,9,12,,7,,,b'\x11\xe8\xe1I\xd5\xd8\xda>\x98|\x12\xdf\x17\xaeN\x1e'
11E8E149-D5D8-DA3E-987C-12DF17AE4E1E,2020-ncaa-d2-natl,ncaa,69,72,102,71,131,98,63,35,142,28,11,201,174,210,102,272,187,97,295,103,265,45,27,177,214,207,275,231,260,30,59,67,146,32,111,141,256,258,161,198,11,15,121,156,,,200,102,,,86,43,19,159,88,42,19,26,7,184,230,207,99,100,22,11,25,55,23,151,245,8,128,,187,,,85,158,197,235,114,239,263,109,87,111,81,62,77,152,6,151,84,224,270,88,58,40,34,80,76,233,146,269,59,253,111,236,233,20,40,78,269,189,275,182,,,178,298,,,86,266,183,39,91,121,170,228,217,269,82,94,62,144,144,223,287,212,259,245,220,20,249,273,,210,,,b'\x11\xe8\xe1I\xd5\xd8\xda>\x98|\x12\xdf\x17\xaeN\x1e'
11E8E149-D5D8-DA3E-987C-12DF17AE4E1E,2021-ncaa-d2-conf-Peach Belt,ncaa,8,4,11,7,11,11,11,11,6,11,11,3,11,11,8,7,11,8,12,9,1,11,11,5,6,6,7,9,1,10,5,11,11,11,7,11,8,2,10,10,10,5,3,2,,,2,2,,,6,11,3,4,5,5,9,7,7,8,5,3,1,1,5,2,3,6,4,9,11,4,1,,5,,,6,2,2,2,5,2,2,5,2,2,11,3,2,2,7,2,1,2,2,5,5,6,5,8,2,3,11,2,5,2,7,2,12,11,9,9,2,10,3,8,,,11,6,,,6,2,5,7,7,9,11,12,11,12,9,8,3,4,3,12,12,11,7,11,11,7,10,8,,5,,,b'\x11\xe8\xe1I\xd5\xd8\xda>\x98|\x12\xdf\x17\xaeN\x1e'
11E8E149-D5D8-DA3E-987C-12DF17AE4E1E,2021-ncaa-d2-natl,ncaa,175,49,202,144,203,197,198,204,105,199,208,68,197,201,165,115,190,184,218,184,3,203,201,109,122,141,116,140,42,196,61,200,204,200,141,203,163,26,169,183,196,98,110,25,,,19,23,,,131,201,77,31,96,116,121,101,129,126,100,35,4,4,74,48,59,88,62,157,192,72,6,,53,,,134,27,28,30,100,29,33,67,29,20,196,55,16,15,56,14,8,26,25,94,76,84,51,119,18,38,204,20,61,23,141,36,199,207,139,188,29,174,25,113,,,203,136,,,131,25,130,132,139,158,187,204,182,208,149,99,33,43,36,192,192,215,120,187,206,95,189,112,,81,,,b'\x11\xe8\xe1I\xd5\xd8\xda>\x98|\x12\xdf\x17\xaeN\x1e'
11E8E149-D5D8-DA3E-987C-12DF17AE4E1E,2022-ncaa-d2-conf-Peach Belt,ncaa,4,4,3,4,3,4,5,3,8,5,2,5,9,5,10,6,3,1,9,1,2,2,2,8,8,6,7,10,1,3,4,7,6,3,8,7,8,6,2,6,1,1,7,8,,,9,8,,,4,3,2,3,4,6,3,3,3,10,6,2,1,1,1,1,3,9,4,7,6,1,8,,10,,,4,6,7,6,8,8,8,7,1,1,8,1,5,5,8,5,4,6,7,6,7,4,1,1,4,6,6,9,4,8,8,6,6,1,1,3,6,3,10,8,,,3,4,,,4,7,5,4,4,5,7,6,9,9,2,1,5,6,6,5,9,6,9,9,6,1,5,10,,3,,,b'\x11\xe8\xe1I\xd5\xd8\xda>\x98|\x12\xdf\x17\xaeN\x1e'
11E8E149-D5D8-DA3E-987C-12DF17AE4E1E,2022-ncaa-d2-natl,ncaa,98,119,64,108,88,67,74,44,191,51,31,160,190,107,277,219,36,4,291,4,24,26,25,218,222,189,218,260,59,25,103,125,199,64,203,152,253,226,97,202,4,2,111,151,,,281,213,,,69,33,20,101,66,80,26,50,32,223,139,41,5,5,12,13,35,188,77,200,177,2,134,,267,,,69,181,201,190,183,241,245,138,71,57,184,31,151,194,28,196,120,198,266,145,131,28,38,52,126,233,199,289,103,279,203,234,215,5,6,25,211,95,285,234,,,35,144,,,69,266,172,23,80,118,152,108,208,217,51,28,113,159,163,113,267,183,283,258,188,3,174,281,,43,,,b'\x11\xe8\xe1I\xd5\xd8\xda>\x98|\x12\xdf\x17\xaeN\x1e'
11E8E149-D5D8-DA3E-987C-12DF17AE4E1E,2023-ncaa-d2-conf-Peach Belt,ncaa,7,6,7,7,9,3,5,3,8,6,6,6,3,2,8,3,3,3,3,3,4,3,4,7,7,2,3,6,4,5,7,8,9,8,10,5,7,1,1,1,1,1,4,5,,,6,5,,,5,5,1,9,1,1,1,3,4,4,2,1,2,2,1,2,4,8,7,5,1,1,4,,8,,,5,8,9,6,10,10,5,10,8,6,8,6,5,4,10,5,5,5,8,10,10,7,3,5,4,8,9,10,7,10,10,10,10,2,3,7,1,2,6,7,,,8,8,,,5,6,2,7,5,10,10,9,10,9,8,7,5,5,5,9,10,10,10,10,10,2,2,8,,8,,,b'\x11\xe8\xe1I\xd5\xd8\xda>\x98|\x12\xdf\x17\xaeN\x1e'
11E8E149-D5D8-DA3E-987C-12DF17AE4E1E,2023-ncaa-d2-natl,ncaa,112,101,148,110,177,85,90,50,182,85,73,133,105,65,218,113,90,82,168,86,144,56,88,183,181,98,149,150,136,124,230,156,227,143,274,132,211,16,4,38,21,21,145,190,,,157,84,,,105,85,15,208,34,44,7,51,48,88,44,61,57,58,7,29,105,143,123,107,16,12,142,,175,,,105,201,230,191,237,247,224,206,121,103,205,79,117,120,89,120,79,176,227,209,193,123,45,92,68,234,227,290,230,286,274,266,238,36,43,118,28,17,191,150,,,184,260,,,105,214,107,142,104,240,261,254,269,263,139,110,118,125,126,244,278,246,298,295,273,24,44,203,,186,,,b'\x11\xe8\xe1I\xd5\xd8\xda>\x98|\x12\xdf\x17\xaeN\x1e'
11E8E149-D5D8-DA3E-987C-12DF17AE4E1E,2024-ncaa-d2-conf-Peach Belt,ncaa,3,3,1,3,1,2,3,1,7,3,3,5,1,1,7,2,1,3,2,3,5,1,1,7,7,7,2,2,3,3,5,3,9,2,8,6,9,8,6,9,1,3,6,6,,,10,8,,,3,1,1,5,3,5,1,8,5,2,1,4,4,4,2,2,5,7,6,8,7,3,6,,9,,,3,9,9,10,3,10,10,4,6,10,1,8,8,10,2,10,5,10,10,3,3,1,5,2,7,10,9,10,5,10,8,7,6,1,3,3,8,7,3,3,,,1,4,,,3,10,6,1,3,4,4,5,4,5,2,9,5,6,6,5,10,10,8,10,5,2,7,3,,3,,,b'\x11\xe8\xe1I\xd5\xd8\xda>\x98|\x12\xdf\x17\xaeN\x1e'
11E8E149-D5D8-DA3E-987C-12DF17AE4E1E,2024-ncaa-d2-natl,ncaa,73,74,78,76,86,94,102,44,231,132,95,195,78,34,205,71,101,107,139,101,130,49,44,207,202,182,81,88,149,75,164,131,261,98,238,200,281,224,124,225,29,59,75,109,,,251,144,,,106,43,39,79,106,123,31,164,126,79,33,124,130,119,35,43,90,170,133,238,176,40,82,,210,,,109,183,206,239,99,244,259,115,68,122,31,63,162,195,43,198,102,239,265,68,60,30,33,42,131,279,261,280,164,283,238,91,39,18,39,23,168,96,71,47,,,87,186,,,106,253,175,46,117,124,158,212,221,249,53,87,120,152,156,212,270,268,269,275,66,26,141,49,,107,,,b'\x11\xe8\xe1I\xd5\xd8\xda>\x98|\x12\xdf\x17\xaeN\x1e'
11E8E149-D5D8-DA3E-987C-12DF17AE4E1E,2025-ncaa-d2-conf-Peach Belt,genius_ncaa,2,2,3,2,5,2,2,1,6,3,3,3,3,2,10,3,3,4,4,4,7,1,1,4,5,4,4,4,6,2,6,6,4,5,7,5,9,5,1,4,1,1,6,6,,,10,8,,6,2,2,1,8,2,2,1,1,5,3,1,2,4,4,1,1,2,10,5,6,3,1,7,,10,,6,2,7,4,4,9,4,4,6,10,7,10,7,8,8,3,8,9,4,9,10,10,3,10,9,6,2,4,10,6,10,7,7,8,1,1,2,1,1,9,7,,,3,8,,3,2,9,4,3,3,5,3,2,1,1,10,5,7,6,5,2,8,2,10,7,7,1,1,9,,5,,4,b'\x11\xe8\xe1I\xd5\xd8\xda>\x98|\x12\xdf\x17\xaeN\x1e'
11E8E149-D5D8-DA3E-987C-12DF17AE4E1E,2025-ncaa-d2-natl,genius_ncaa,56,62,72,60,100,40,48,14,200,61,46,145,57,20,221,84,33,33,101,35,100,16,18,191,175,129,96,125,104,22,81,165,237,77,220,112,257,184,51,152,8,9,129,152,,,288,227,,164,65,22,11,192,23,31,4,55,59,70,19,35,43,43,4,10,21,238,96,148,153,10,149,,268,,141,69,249,199,185,197,178,198,136,211,137,283,89,279,287,95,286,265,219,275,207,213,72,243,154,242,247,237,287,81,284,220,228,213,8,10,27,55,4,235,151,,,62,206,,135,65,276,100,77,81,197,149,101,140,146,189,95,258,267,265,152,283,213,275,266,198,8,27,217,,68,,151,b'\x11\xe8\xe1I\xd5\xd8\xda>\x98|\x12\xdf\x17\xaeN\x1e'
11E8E149-D5D8-DA3E-987C-12DF17AE4E1E,2026-ncaa-d2-conf-Peach Belt,genius_ncaa,1,2,1,2,2,1,1,1,6,1,2,3,3,2,8,6,4,4,9,4,7,1,1,5,6,5,9,7,7,3,5,3,5,3,6,1,5,8,4,2,2,4,5,6,,,8,3,,3,1,1,1,3,2,2,2,2,3,5,4,6,6,6,2,1,5,5,5,2,6,2,6,,6,,3,2,7,10,11,5,7,11,4,8,6,9,6,4,4,9,4,1,8,11,7,5,2,5,7,1,8,5,11,5,10,6,11,8,1,2,4,7,3,1,1,,,6,8,,2,1,11,4,1,2,5,8,9,5,8,7,6,1,1,1,6,11,7,10,9,9,1,5,1,,8,,3,b'\x11\xe8\xe1I\xd5\xd8\xda>\x98|\x12\xdf\x17\xaeN\x1e'
11E8E149-D5D8-DA3E-987C-12DF17AE4E1E,2026-ncaa-d2-natl,genius_ncaa,9,53,13,51,27,8,6,5,123,3,6,68,147,37,279,200,21,12,183,16,178,6,7,172,173,129,272,261,146,3,73,101,178,25,186,9,124,246,47,57,2,12,177,231,,,271,136,,225,14,7,6,88,13,8,3,7,7,215,92,54,42,49,2,8,13,264,103,24,146,9,236,,229,,179,27,246,250,226,233,265,238,267,111,175,42,101,251,257,127,254,185,234,288,203,206,41,40,38,194,207,178,293,73,284,186,223,121,2,4,8,188,25,62,10,,,23,225,,47,14,291,103,28,40,126,144,60,207,116,43,73,166,179,175,68,275,104,279,224,138,3,97,26,,63,,86,b'\x11\xe8\xe1I\xd5\xd8\xda>\x98|\x12\xdf\x17\xaeN\x1e'
11E8E149-D5DD-2580-987C-12DF17AE4E1E,2018-ncaa-d2-conf-MEC,ncaa,9,9,7,9,9,5,5,9,1,1,1,3,12,12,8,12,6,5,9,5,9,7,6,3,3,5,12,12,8,10,9,1,9,2,2,6,11,11,10,10,11,11,1,1,,,2,1,,,5,5,3,5,5,3,7,1,1,12,12,4,5,5,5,4,10,1,2,6,11,11,1,,2,,,5,8,9,12,1,10,10,1,6,11,3,6,4,3,9,3,1,12,9,1,1,6,3,5,5,11,9,2,9,6,2,8,5,12,12,12,12,12,4,3,,,11,9,,,5,8,7,9,5,9,10,12,10,11,8,11,6,4,4,12,11,11,2,5,7,12,12,4,,10,,,b'\x11\xe8\xe1I\xd5\xdd%\x80\x98|\x12\xdf\x17\xaeN\x1e'
11E8E149-D5DD-2580-987C-12DF17AE4E1E,2018-ncaa-d2-natl,ncaa,146,179,64,167,76,41,22,62,8,8,23,17,202,239,119,287,114,104,180,97,244,64,56,21,32,50,303,281,254,151,167,11,122,29,61,71,253,242,162,132,235,287,5,11,,,51,5,,,137,35,41,91,24,7,65,2,21,238,274,141,142,135,69,70,187,4,15,78,205,262,3,,19,,,137,297,293,305,85,284,294,96,293,307,120,245,188,159,254,157,39,304,283,99,84,217,165,248,56,290,122,184,167,248,61,253,74,282,309,301,285,244,131,36,,,166,272,,,137,278,65,238,134,279,289,308,265,296,279,302,145,108,106,307,283,279,116,205,222,303,267,96,,234,,,b'\x11\xe8\xe1I\xd5\xdd%\x80\x98|\x12\xdf\x17\xaeN\x1e'
11E8E149-D5DD-2580-987C-12DF17AE4E1E,2019-ncaa-d2-conf-MEC,ncaa,3,3,4,3,4,4,4,7,2,3,6,3,6,9,4,10,2,1,11,1,1,5,5,3,3,4,9,10,3,7,6,2,6,5,2,6,8,9,10,7,8,8,2,1,,,1,1,,,4,4,6,2,3,5,9,3,9,6,10,1,1,1,8,8,8,2,4,6,10,8,2,,1,,,4,6,9,9,3,8,9,4,11,11,2,12,1,1,4,1,1,9,9,3,1,4,3,11,1,10,6,2,6,4,2,8,2,10,11,11,11,9,3,2,,,2,2,,,4,8,4,5,4,5,8,11,8,8,10,11,1,1,1,8,8,9,2,2,5,11,10,2,,1,,,b'\x11\xe8\xe1I\xd5\xdd%\x80\x98|\x12\xdf\x17\xaeN\x1e'
11E8E149-D5DD-2580-987C-12DF17AE4E1E,2019-ncaa-d2-natl,ncaa,36,36,46,36,84,24,26,61,13,19,49,15,110,146,49,237,18,8,217,8,31,41,41,20,21,29,231,236,114,109,104,11,180,27,69,44,177,228,115,91,133,222,3,8,,,11,2,,,54,30,16,309,9,12,92,10,77,134,199,13,8,6,49,61,146,4,24,52,160,178,3,,4,,,56,294,303,306,80,297,299,121,288,311,33,263,20,22,103,22,4,304,296,81,38,125,50,234,3,305,180,162,104,262,69,247,45,226,304,265,276,196,168,78,,,34,93,,,54,278,33,169,62,236,282,310,272,299,258,304,11,12,11,304,282,292,63,195,181,281,233,117,,53,,,b'\x11\xe8\xe1I\xd5\xdd%\x80\x98|\x12\xdf\x17\xaeN\x1e'
11E8E149-D5DD-2580-987C-12DF17AE4E1E,2020-ncaa-d2-conf-MEC,ncaa,4,4,3,4,3,5,5,8,1,3,6,1,8,9,5,10,2,1,10,1,2,8,5,2,2,4,10,11,6,10,6,1,6,2,3,2,3,12,10,7,9,12,1,1,,,2,1,,,4,4,6,1,4,5,10,3,8,9,10,4,1,1,10,9,11,1,4,1,10,9,1,,1,,,4,3,3,11,1,3,8,1,10,11,2,9,4,4,4,4,4,11,9,1,1,2,11,9,5,10,6,1,6,4,3,3,2,9,12,7,9,9,4,6,,,1,3,,,4,9,5,2,4,3,4,11,3,7,8,11,4,4,4,10,9,10,1,3,3,11,9,4,,3,,,b'\x11\xe8\xe1I\xd5\xdd%\x80\x98|\x12\xdf\x17\xaeN\x1e'
11E8E149-D5DD-2580-987C-12DF17AE4E1E,2020-ncaa-d2-natl,ncaa,47,72,17,64,19,11,9,57,4,6,20,8,163,221,47,279,17,10,201,9,63,42,21,12,14,29,284,277,132,164,131,2,179,19,54,19,141,284,191,107,191,288,6,14,,,136,8,,,61,7,26,31,11,10,135,7,43,205,266,29,24,22,83,59,213,3,35,23,240,248,8,,52,,,64,289,290,310,31,248,302,30,304,309,79,273,181,192,113,191,55,310,308,38,33,92,239,279,74,307,179,96,131,222,54,177,33,214,307,216,291,231,165,66,,,14,73,,,61,305,42,132,69,238,236,310,160,290,292,306,123,133,133,308,301,294,22,129,112,276,246,124,,38,,,b'\x11\xe8\xe1I\xd5\xdd%\x80\x98|\x12\xdf\x17\xaeN\x1e'
11E8E149-D5DD-2580-987C-12DF17AE4E1E,2021-ncaa-d2-conf-MEC,ncaa,4,4,8,4,8,9,9,12,1,7,11,4,9,10,2,7,10,8,11,8,3,12,12,2,2,6,8,8,9,12,12,5,6,10,5,4,2,7,11,5,10,9,1,1,,,1,1,,,5,11,11,1,8,6,12,4,10,8,10,9,5,4,12,12,12,1,9,3,8,9,1,,1,,,5,1,1,8,1,1,6,1,4,8,1,8,2,2,8,1,1,5,3,1,1,1,5,6,3,7,6,1,12,2,5,2,8,12,10,8,7,9,2,7,,,6,3,,,5,2,7,2,5,3,3,12,3,7,6,10,2,1,1,10,5,9,2,2,5,11,6,2,,3,,,b'\x11\xe8\xe1I\xd5\xdd%\x80\x98|\x12\xdf\x17\xaeN\x1e'
11E8E149-D5DD-2580-987C-12DF17AE4E1E,2021-ncaa-d2-natl,ncaa,83,95,114,81,115,100,84,126,11,67,107,19,136,160,36,184,126,88,214,87,87,124,115,18,28,57,202,180,172,164,162,73,155,111,86,58,61,147,186,82,145,196,10,12,,,61,2,,,56,105,36,32,50,27,130,17,64,138,192,125,47,49,110,80,193,7,68,24,193,167,4,,15,,,57,109,122,164,13,132,158,39,99,164,5,147,62,65,99,63,6,149,129,13,5,30,42,86,29,182,155,73,162,111,86,97,52,151,213,165,168,188,93,66,,,82,27,,,56,124,91,46,56,115,158,224,168,212,97,213,33,35,32,219,208,207,34,126,87,192,195,77,,19,,,b'\x11\xe8\xe1I\xd5\xdd%\x80\x98|\x12\xdf\x17\xaeN\x1e'
11E8E149-D5DD-2580-987C-12DF17AE4E1E,2022-ncaa-d2-conf-MEC,ncaa,5,4,10,4,10,7,7,11,3,2,8,3,11,10,10,10,8,10,2,10,8,10,12,6,5,5,11,11,4,9,6,7,6,9,5,3,2,3,4,3,11,11,2,1,,,1,2,,,6,11,9,4,6,6,8,2,4,10,9,3,7,7,7,10,8,3,6,3,3,11,2,,2,,,6,1,3,4,3,4,4,2,8,7,8,9,4,4,2,4,6,4,3,3,2,7,9,9,6,7,6,2,6,2,5,8,10,12,11,11,3,6,7,6,,,9,4,,,6,2,4,7,6,5,6,10,6,7,11,10,5,6,6,9,5,9,3,4,10,12,6,8,,7,,,b'\x11\xe8\xe1I\xd5\xdd%\x80\x98|\x12\xdf\x17\xaeN\x1e'
11E8E149-D5DD-2580-987C-12DF17AE4E1E,2022-ncaa-d2-natl,ncaa,51,81,30,68,31,30,25,48,25,14,26,24,173,160,201,241,10,17,79,20,90,40,31,51,40,50,260,272,74,101,92,32,197,43,78,26,85,254,142,70,196,281,9,22,,,183,31,,,98,23,82,26,30,31,129,14,79,232,231,28,43,49,98,103,171,53,95,35,157,264,16,,73,,,105,293,286,296,75,246,279,52,299,297,227,223,228,254,45,250,125,295,283,112,91,180,251,269,82,291,197,135,92,226,78,269,157,169,281,258,247,148,202,107,,,15,50,,,98,280,60,197,103,238,231,289,153,232,277,282,140,172,170,284,245,244,22,107,198,253,166,143,,47,,,b'\x11\xe8\xe1I\xd5\xdd%\x80\x98|\x12\xdf\x17\xaeN\x1e'
11E8E149-D5DD-2580-987C-12DF17AE4E1E,2023-ncaa-d2-conf-MEC,ncaa,7,7,1,7,1,6,7,5,8,3,1,9,8,8,10,12,2,2,5,2,6,4,3,9,7,8,8,11,1,3,3,2,4,2,2,4,3,10,8,7,6,6,4,4,,,8,10,,,7,4,8,6,8,9,8,6,3,11,12,3,4,4,7,6,3,5,3,6,9,7,6,,6,,,7,10,6,9,5,5,6,3,11,10,11,7,10,10,11,10,10,10,9,7,6,7,10,10,10,6,4,7,3,6,2,6,7,5,7,7,8,7,8,4,,,3,5,,,7,9,7,7,7,6,4,5,4,5,9,7,9,9,9,6,5,4,4,4,5,8,7,6,,5,,,b'\x11\xe8\xe1I\xd5\xdd%\x80\x98|\x12\xdf\x17\xaeN\x1e'
11E8E149-D5DD-2580-987C-12DF17AE4E1E,2023-ncaa-d2-natl,ncaa,120,206,30,158,31,39,47,27,119,19,15,126,218,197,227,276,11,8,98,8,118,25,13,175,132,167,254,277,31,24,41,32,157,20,64,85,207,293,209,216,61,150,78,137,,,286,189,,,190,16,25,101,62,74,62,22,24,258,265,15,26,27,32,19,41,68,34,150,255,107,114,,243,,,183,292,282,284,151,261,270,119,288,280,248,179,286,283,188,283,212,289,284,177,183,199,255,227,193,266,157,232,41,258,64,214,56,63,188,116,292,217,207,73,,,17,95,,,190,284,141,194,173,267,241,266,187,210,258,238,251,241,248,274,267,209,110,154,127,126,258,151,,39,,,b'\x11\xe8\xe1I\xd5\xdd%\x80\x98|\x12\xdf\x17\xaeN\x1e'
11E8E149-D5DD-2580-987C-12DF17AE4E1E,2024-ncaa-d2-conf-MEC,ncaa,5,6,3,6,6,5,5,4,7,3,1,9,7,8,8,9,1,3,1,3,6,4,4,9,7,6,6,10,1,3,4,4,6,2,5,7,8,8,5,8,4,4,5,5,,,9,10,,,5,4,6,11,6,5,3,3,2,7,8,1,2,2,3,3,3,6,2,7,7,4,5,,9,,,6,5,5,6,5,7,7,5,5,6,6,5,5,6,2,6,6,6,6,7,6,4,4,5,5,7,6,6,4,6,5,6,6,4,5,5,8,5,9,6,,,6,7,,,5,8,4,5,6,6,5,6,6,6,6,6,3,5,6,7,4,7,5,5,5,4,7,9,,6,,,b'\x11\xe8\xe1I\xd5\xdd%\x80\x98|\x12\xdf\x17\xaeN\x1e'
11E8E149-D5DD-2580-987C-12DF17AE4E1E,2024-ncaa-d2-natl,ncaa,98,131,50,118,66,30,33,19,113,18,7,143,184,195,157,274,6,6,114,6,80,13,10,150,123,125,235,275,30,10,29,86,264,28,136,98,250,289,175,209,10,18,80,135,,,293,230,,,116,13,7,202,18,29,12,11,8,226,242,5,6,6,9,7,18,154,37,141,263,9,105,,284,,,117,288,277,273,197,280,270,195,240,240,183,125,277,278,116,278,201,282,292,190,200,128,141,132,180,293,264,243,29,278,136,264,127,12,44,56,276,156,293,207,,,16,123,,,116,287,101,150,124,261,255,258,258,241,201,188,234,242,248,266,294,278,180,248,218,19,230,286,,19,,,b'\x11\xe8\xe1I\xd5\xdd%\x80\x98|\x12\xdf\x17\xaeN\x1e'
11E8E149-D5DD-2580-987C-12DF17AE4E1E,2025-ncaa-d2-conf-MEC,genius_ncaa,7,5,6,6,6,5,5,3,6,4,3,7,8,6,6,7,4,6,3,5,8,4,4,8,7,4,7,7,4,5,5,7,11,7,9,4,2,2,2,1,4,5,5,7,,,5,4,,2,8,5,4,2,5,4,3,3,3,6,6,3,5,4,3,3,5,6,5,2,3,4,5,,6,,2,8,7,9,8,9,10,10,10,2,2,6,2,5,5,2,5,2,7,7,10,7,6,2,2,2,11,11,7,5,9,9,4,2,5,5,5,4,4,7,6,,,7,8,,9,8,7,5,9,8,9,10,10,10,10,3,4,5,5,5,8,9,11,8,10,5,5,5,8,,5,,9,b'\x11\xe8\xe1I\xd5\xdd%\x80\x98|\x12\xdf\x17\xaeN\x1e'
11E8E149-D5DD-2580-987C-12DF17AE4E1E,2025-ncaa-d2-natl,genius_ncaa,121,141,72,134,72,37,34,20,144,30,16,158,105,85,170,208,31,34,87,36,173,18,16,167,156,131,198,199,112,23,63,141,285,67,224,65,164,242,102,125,24,69,131,224,,,273,140,,233,163,17,10,34,22,25,5,24,14,126,109,34,45,48,6,7,23,206,74,69,203,34,158,,251,,205,163,296,298,290,272,299,296,253,144,137,160,35,239,238,117,235,70,286,286,240,232,200,15,43,92,297,285,273,63,292,224,202,22,30,97,66,263,158,231,95,,,43,178,,122,163,284,108,224,163,291,295,294,299,299,109,95,208,210,208,293,293,288,236,280,172,37,231,211,,47,,132,b'\x11\xe8\xe1I\xd5\xdd%\x80\x98|\x12\xdf\x17\xaeN\x1e'
11E8E149-D5DD-2580-987C-12DF17AE4E1E,2026-ncaa-d2-conf-MEC,genius_ncaa,1,1,1,1,1,6,6,4,11,7,4,10,6,3,9,5,1,2,4,2,3,3,4,11,9,6,4,8,1,4,9,1,2,1,6,6,7,4,1,3,5,6,3,3,,,5,4,,2,3,4,6,1,7,8,5,8,5,8,5,1,2,2,4,5,4,1,1,7,2,5,3,,4,,2,3,4,4,4,1,4,11,1,4,4,3,4,7,7,8,7,5,6,6,1,1,2,6,4,10,5,2,11,9,11,6,4,4,5,7,5,3,2,10,9,,,4,7,,8,3,6,8,1,3,2,1,3,2,10,3,3,6,6,6,5,5,3,11,9,2,7,2,9,,5,,8,b'\x11\xe8\xe1I\xd5\xdd%\x80\x98|\x12\xdf\x17\xaeN\x1e'
11E8E149-D5DD-2580-987C-12DF17AE4E1E,2026-ncaa-d2-natl,genius_ncaa,30,98,13,87,27,15,22,29,74,18,21,79,113,97,149,218,11,8,87,8,73,21,22,96,74,72,196,223,52,116,240,6,110,19,173,63,209,246,107,150,94,217,46,154,,,259,101,,183,152,16,24,88,41,61,93,44,66,179,192,29,34,32,55,62,221,18,67,143,146,180,93,,187,,141,152,283,287,288,197,296,296,154,140,149,119,15,273,271,185,268,67,289,285,153,163,188,21,24,154,273,110,279,240,286,173,192,14,69,229,126,274,195,244,164,,,23,94,,97,152,284,105,187,145,262,272,284,285,296,58,39,219,208,205,284,268,207,247,236,101,167,214,203,,63,,161,b'\x11\xe8\xe1I\xd5\xdd%\x80\x98|\x12\xdf\x17\xaeN\x1e'
11E8E149-D5E1-4976-987C-12DF17AE4E1E,2018-ncaa-d2-conf-PacWest,ncaa,5,4,4,4,6,9,10,12,3,9,13,2,7,6,9,2,4,4,12,5,1,10,9,2,2,6,5,6,4,9,4,8,5,8,4,6,1,12,13,8,12,11,14,14,,,5,7,,,6,9,12,13,10,10,13,10,13,6,7,5,3,3,12,12,9,10,11,6,12,12,14,,2,,,6,4,4,6,7,9,8,10,1,2,1,3,4,2,13,2,3,4,3,5,5,6,1,1,8,4,5,1,4,1,4,4,4,9,7,5,8,11,5,11,,,5,1,,,6,4,6,5,6,3,3,3,7,6,1,1,4,2,2,3,2,3,1,1,5,8,8,5,,2,,,b'\x11\xe8\xe1I\xd5\xe1Iv\x98|\x12\xdf\x17\xaeN\x1e'
11E8E149-D5E1-4976-987C-12DF17AE4E1E,2018-ncaa-d2-natl,ncaa,107,87,148,102,205,139,150,209,77,188,272,34,82,61,151,32,137,107,228,108,11,191,185,62,71,116,57,71,142,172,133,143,66,161,72,76,24,206,239,116,221,201,299,303,,,87,116,,,105,179,160,304,116,139,239,206,285,65,46,116,87,87,216,176,177,119,138,54,224,219,303,,92,,,104,101,138,125,177,209,156,221,38,102,15,106,90,72,274,71,74,106,101,136,140,158,26,39,124,64,66,71,133,58,72,153,150,199,174,187,159,187,140,239,,,117,62,,,105,122,118,133,108,123,166,147,225,185,37,110,110,79,78,131,100,60,75,58,163,198,174,132,,81,,,b'\x11\xe8\xe1I\xd5\xe1Iv\x98|\x12\xdf\x17\xaeN\x1e'
11E8E149-D5E1-4976-987C-12DF17AE4E1E,2019-ncaa-d2-conf-PacWest,ncaa,6,7,4,7,4,6,6,8,5,6,8,5,9,9,8,9,3,3,5,3,1,7,6,7,6,6,7,10,1,6,4,6,1,5,3,6,7,10,9,7,12,12,7,8,,,1,2,,,7,6,10,1,6,8,10,7,8,10,9,3,2,2,9,6,5,5,4,6,9,12,8,,1,,,7,8,10,6,10,11,10,10,1,1,3,2,3,3,10,3,1,5,4,9,8,10,1,1,4,1,1,4,4,1,3,3,1,10,10,8,11,9,11,9,,,1,1,,,7,7,6,7,7,7,10,6,10,11,1,1,3,2,2,4,3,1,5,2,3,11,9,11,,1,,,b'\x11\xe8\xe1I\xd5\xe1Iv\x98|\x12\xdf\x17\xaeN\x1e'
11E8E149-D5E1-4976-987C-12DF17AE4E1E,2019-ncaa-d2-natl,ncaa,194,222,118,212,130,162,206,167,233,203,174,219,170,144,223,170,43,43,178,41,19,142,130,233,207,205,89,186,14,100,107,72,24,78,51,168,108,220,198,193,266,282,224,269,,,85,76,,,188,150,143,57,179,238,196,218,185,181,154,28,25,23,127,109,89,35,45,181,209,283,235,,70,,,187,181,228,206,188,276,270,174,48,56,93,28,92,99,136,104,46,195,148,148,124,203,14,27,81,68,24,193,107,130,51,67,11,251,277,178,264,246,223,233,,,40,15,,,188,164,202,164,181,171,232,226,277,286,42,45,81,97,104,199,134,64,184,120,69,274,252,226,,12,,,b'\x11\xe8\xe1I\xd5\xe1Iv\x98|\x12\xdf\x17\xaeN\x1e'
11E8E149-D5E1-4976-987C-12DF17AE4E1E,2020-ncaa-d2-conf-PacWest,ncaa,3,3,5,3,5,5,4,6,4,5,5,4,7,7,4,5,5,5,3,5,8,6,7,4,2,3,7,6,6,3,2,5,2,3,1,3,5,7,5,3,12,12,2,4,,,2,3,,,3,9,8,1,4,3,6,4,6,6,7,6,6,7,6,6,4,3,3,3,7,12,2,,2,,,3,4,7,10,6,8,10,6,1,1,2,1,2,2,12,2,1,5,4,4,3,6,1,1,5,2,2,1,2,1,1,2,1,12,12,10,7,5,3,4,,,8,8,,,3,4,3,5,3,5,6,8,9,11,1,1,2,2,2,7,3,2,1,1,3,12,7,6,,9,,,b'\x11\xe8\xe1I\xd5\xe1Iv\x98|\x12\xdf\x17\xaeN\x1e'
11E8E149-D5E1-4976-987C-12DF17AE4E1E,2020-ncaa-d2-natl,ncaa,95,100,102,99,119,92,91,83,106,94,127,82,112,91,172,113,89,137,45,137,164,89,108,111,101,94,151,155,145,71,55,37,33,40,25,58,62,127,95,63,298,307,121,176,,,38,33,,,75,130,174,88,78,83,78,90,144,122,93,92,151,153,90,112,72,22,27,48,106,306,128,,29,,,75,137,195,247,79,264,294,85,26,47,23,22,96,73,281,72,14,225,149,47,49,131,8,16,100,90,33,113,55,105,25,128,73,288,306,261,157,129,45,27,,,183,243,,,75,164,80,115,77,109,168,252,248,297,12,37,85,55,55,226,105,73,84,75,110,300,148,35,,214,,,b'\x11\xe8\xe1I\xd5\xe1Iv\x98|\x12\xdf\x17\xaeN\x1e'
11E8E149-D5E1-4976-987C-12DF17AE4E1E,2021-ncaa-d2-conf-PacWest,ncaa,5,6,3,5,4,5,5,5,6,5,6,6,5,6,7,5,3,5,1,6,6,5,5,6,4,6,5,5,3,5,7,6,6,6,4,3,2,8,9,5,4,4,3,3,,,4,4,,,7,5,7,2,7,8,8,7,7,5,7,3,7,8,8,7,7,8,8,2,8,5,5,,4,,,7,6,6,6,6,8,8,7,5,5,3,5,6,4,9,4,3,6,7,6,6,7,4,3,3,7,6,4,7,5,4,6,4,6,7,6,8,10,2,1,,,4,3,,,7,6,6,6,7,5,5,4,7,6,4,4,4,3,3,3,4,6,1,2,6,8,8,1,,5,,,b'\x11\xe8\xe1I\xd5\xe1Iv\x98|\x12\xdf\x17\xaeN\x1e'
11E8E149-D5E1-4976-987C-12DF17AE4E1E,2021-ncaa-d2-natl,ncaa,106,66,165,89,167,156,161,169,102,159,165,104,146,161,78,106,133,157,6,162,113,170,168,95,67,85,78,108,58,171,123,150,112,161,83,124,17,73,158,74,153,136,116,98,,,51,46,,,100,165,99,60,92,113,124,118,120,92,107,46,113,130,131,114,143,63,96,42,143,126,82,,63,,,101,57,68,71,88,83,78,119,53,64,23,97,56,47,160,50,43,67,63,67,63,94,39,58,71,69,112,45,123,53,83,52,47,179,178,118,105,192,27,22,,,153,44,,,100,61,102,102,102,115,147,173,169,174,66,124,77,67,72,167,135,136,66,85,72,171,188,19,,61,,,b'\x11\xe8\xe1I\xd5\xe1Iv\x98|\x12\xdf\x17\xaeN\x1e'
11E8E149-D5E1-4976-987C-12DF17AE4E1E,2022-ncaa-d2-conf-PacWest,ncaa,4,4,4,4,4,4,4,6,3,5,7,4,3,4,3,3,8,8,1,8,8,6,6,3,2,2,3,4,9,6,5,5,1,7,2,5,4,3,3,2,6,6,6,7,,,4,5,,,2,6,11,2,3,3,6,5,9,4,3,8,9,9,7,11,6,6,6,4,2,8,8,,2,,,2,2,5,3,8,9,8,7,1,1,3,1,2,3,2,3,2,3,3,7,4,7,1,1,3,1,1,1,5,1,2,1,2,7,6,5,3,3,2,1,,,7,8,,,2,6,2,5,2,1,6,2,7,9,1,1,2,2,2,1,1,1,1,1,1,11,2,1,,8,,,b'\x11\xe8\xe1I\xd5\xe1Iv\x98|\x12\xdf\x17\xaeN\x1e'
11E8E149-D5E1-4976-987C-12DF17AE4E1E,2022-ncaa-d2-natl,ncaa,78,81,106,89,112,92,86,104,83,140,167,95,38,49,41,43,210,246,40,246,253,127,166,59,67,49,70,32,273,127,104,132,29,128,48,66,72,44,44,22,186,168,208,237,,,63,90,,,56,170,263,73,80,70,100,166,210,31,40,241,267,267,148,223,137,156,154,44,34,208,214,,49,,,52,98,160,139,192,222,233,142,33,27,160,19,52,68,49,75,37,121,97,139,113,149,8,29,59,32,29,100,104,61,48,51,28,211,204,136,95,99,45,49,,,193,209,,,56,131,36,108,48,59,131,73,218,227,18,8,34,57,61,51,28,18,71,27,47,239,79,36,,243,,,b'\x11\xe8\xe1I\xd5\xe1Iv\x98|\x12\xdf\x17\xaeN\x1e'
11E8E149-D5E1-4976-987C-12DF17AE4E1E,2023-ncaa-d2-conf-PacWest,ncaa,2,3,1,3,2,2,3,4,3,4,6,5,3,3,1,4,2,3,1,3,4,5,5,2,1,2,2,4,4,5,5,8,6,8,5,4,5,7,6,4,9,9,10,10,,,10,11,,,3,5,11,4,3,3,10,6,9,3,5,2,3,4,8,11,7,10,10,4,4,10,10,,7,,,3,9,9,5,10,10,9,10,2,1,4,1,8,9,6,9,7,7,5,10,10,9,1,1,7,4,6,4,5,3,5,3,1,7,9,6,4,4,3,3,,,3,3,,,3,6,2,9,3,8,9,2,9,8,1,1,6,6,6,3,1,2,1,1,2,9,3,2,,6,,,b'\x11\xe8\xe1I\xd5\xe1Iv\x98|\x12\xdf\x17\xaeN\x1e'
11E8E149-D5E1-4976-987C-12DF17AE4E1E,2023-ncaa-d2-natl,ncaa,72,67,110,76,110,83,99,141,66,137,160,101,68,105,28,108,68,114,17,110,93,133,151,55,38,41,55,85,106,144,114,180,121,175,120,90,101,99,102,68,207,211,265,282,,,225,245,,,91,148,220,4,57,95,163,160,190,59,103,56,117,115,143,178,166,223,220,75,101,221,276,,219,,,90,178,203,140,257,256,219,238,54,55,104,42,179,197,44,205,158,157,141,203,198,215,22,25,157,80,121,77,114,68,120,54,5,186,195,109,105,98,13,10,,,124,93,,,91,151,43,192,89,172,204,119,258,226,41,38,168,195,200,132,93,73,46,46,50,211,91,10,,124,,,b'\x11\xe8\xe1I\xd5\xe1Iv\x98|\x12\xdf\x17\xaeN\x1e'
11E8E149-D5E1-4976-987C-12DF17AE4E1E,2024-ncaa-d2-conf-PacWest,ncaa,5,5,5,5,5,4,4,7,2,3,6,3,5,6,3,7,2,6,4,6,4,6,6,2,1,3,6,6,4,6,7,8,3,10,8,3,3,8,8,3,5,4,7,8,,,9,11,,,5,6,3,8,3,3,8,3,8,5,8,3,4,4,8,7,8,9,10,3,7,5,7,,8,,,5,9,7,2,11,11,9,9,1,1,4,1,11,11,6,11,10,3,5,8,10,8,1,1,11,2,3,9,7,5,8,3,3,4,5,4,9,9,3,3,,,1,1,,,5,7,3,7,5,9,7,1,11,9,1,1,11,10,10,5,6,2,8,4,4,4,8,2,,1,,,b'\x11\xe8\xe1I\xd5\xe1Iv\x98|\x12\xdf\x17\xaeN\x1e'
11E8E149-D5E1-4976-987C-12DF17AE4E1E,2024-ncaa-d2-natl,ncaa,144,151,172,152,186,147,153,187,102,165,197,91,127,131,124,119,144,129,190,129,78,177,182,104,108,112,110,124,146,195,199,233,156,233,222,123,92,148,172,123,102,86,152,166,,,241,275,,,141,171,120,139,112,128,175,143,187,116,117,125,108,109,160,138,186,252,243,92,169,91,153,,261,,,142,126,101,48,246,194,155,218,18,14,131,7,262,271,86,270,266,78,109,195,225,162,42,6,283,79,156,152,199,110,222,42,38,87,53,36,237,247,59,83,,,63,17,,,141,124,127,149,141,166,141,25,235,190,9,6,273,283,280,89,144,94,185,137,52,65,232,64,,23,,,b'\x11\xe8\xe1I\xd5\xe1Iv\x98|\x12\xdf\x17\xaeN\x1e'
11E8E149-D5E1-4976-987C-12DF17AE4E1E,2025-ncaa-d2-conf-PacWest,genius_ncaa,13,13,9,13,11,10,9,5,10,5,3,13,10,11,8,10,11,10,13,9,11,7,10,10,12,10,14,9,10,8,9,14,12,14,14,10,9,2,4,6,6,6,13,13,,,4,5,,2,13,11,7,5,10,7,3,5,2,10,11,11,10,9,4,8,8,14,14,10,4,4,13,,6,,2,13,13,14,2,14,14,6,14,4,1,14,1,8,7,4,8,7,2,3,14,14,14,1,4,5,7,12,11,9,11,14,11,4,5,4,7,9,9,9,6,,,9,9,,3,13,3,9,14,13,14,14,6,14,12,4,1,8,9,9,6,8,9,14,13,11,4,10,9,,7,,1,b'\x11\xe8\xe1I\xd5\xe1Iv\x98|\x12\xdf\x17\xaeN\x1e'
11E8E149-D5E1-4976-987C-12DF17AE4E1E,2025-ncaa-d2-natl,genius_ncaa,261,281,162,272,179,199,189,145,254,173,108,268,184,175,182,192,215,195,241,189,222,149,167,251,260,220,187,154,184,168,229,257,252,239,281,199,172,74,89,155,83,68,241,253,,,111,112,,34,252,167,161,131,230,208,96,186,79,184,177,223,188,178,109,151,155,289,267,205,88,75,249,,121,,30,244,192,205,96,287,236,161,268,113,52,275,62,162,167,123,167,168,99,132,279,277,233,60,88,138,165,252,268,229,248,281,122,60,92,70,87,190,213,219,204,,,162,141,,39,252,128,226,237,251,213,232,88,243,184,122,49,175,173,173,94,155,185,283,263,140,74,206,238,,145,,35,b'\x11\xe8\xe1I\xd5\xe1Iv\x98|\x12\xdf\x17\xaeN\x1e'
11E8E149-D5E1-4976-987C-12DF17AE4E1E,2026-ncaa-d2-conf-PacWest,genius_ncaa,5,5,4,6,5,10,7,9,7,8,7,9,8,8,4,6,11,10,12,10,10,9,8,7,10,11,8,4,12,9,8,8,10,10,10,8,10,7,11,11,6,4,5,6,,,3,4,,9,8,6,9,3,10,7,9,9,6,7,8,12,11,11,9,8,9,8,10,9,9,4,4,,3,,9,8,6,6,6,6,6,5,9,6,5,6,7,3,3,6,3,3,6,5,7,6,7,5,8,3,9,10,6,8,8,10,5,3,7,4,6,8,10,5,6,,,11,12,,7,8,4,11,7,8,6,7,7,7,5,7,5,2,2,2,6,4,10,6,9,5,6,9,6,,12,,8,b'\x11\xe8\xe1I\xd5\xe1Iv\x98|\x12\xdf\x17\xaeN\x1e'
11E8E149-D5E1-4976-987C-12DF17AE4E1E,2026-ncaa-d2-natl,genius_ncaa,157,144,141,167,218,168,155,164,139,192,172,215,77,144,30,119,234,215,232,213,227,175,177,109,141,151,86,42,261,126,109,248,236,220,202,129,102,134,160,127,162,149,137,132,,,132,185,,127,167,186,185,290,145,124,118,190,151,46,119,251,227,226,146,144,103,281,238,105,154,163,127,,159,,147,167,133,163,88,280,188,105,270,111,76,227,90,72,123,15,124,162,88,103,273,253,210,52,111,64,129,236,119,109,124,202,74,23,127,74,67,169,197,119,136,,,197,198,,57,167,99,134,211,181,164,207,62,233,130,118,59,76,149,147,64,99,156,123,138,72,90,193,138,,195,,46,b'\x11\xe8\xe1I\xd5\xe1Iv\x98|\x12\xdf\x17\xaeN\x1e'
11E8E149-D5E5-75E6-987C-12DF17AE4E1E,2018-ncaa-d2-conf-CACC,ncaa,11,11,9,11,12,14,14,10,14,12,5,14,14,13,9,12,11,6,14,6,8,9,8,14,14,14,10,11,5,6,8,12,14,8,13,14,13,11,12,14,10,12,2,2,,,8,8,,,12,10,6,6,14,14,9,12,3,12,12,10,6,6,8,6,5,10,6,14,11,8,2,,10,,,12,8,8,9,6,8,12,4,7,5,6,3,10,7,10,7,6,9,8,6,7,6,5,3,8,14,14,13,8,14,13,4,2,8,10,6,14,13,2,1,,,8,7,,,12,5,14,11,13,9,10,11,10,14,8,7,11,9,9,11,12,14,14,14,5,5,14,3,,6,,,b'\x11\xe8\xe1I\xd5\xe5u\xe6\x98|\x12\xdf\x17\xaeN\x1e'
11E8E149-D5E5-75E6-987C-12DF17AE4E1E,2018-ncaa-d2-natl,ncaa,279,299,148,289,176,280,268,137,306,221,56,308,288,271,290,284,245,189,293,180,265,149,114,307,308,307,257,258,116,57,109,161,296,110,259,300,303,279,265,307,195,228,62,83,,,234,189,,,292,137,87,153,300,293,97,242,30,294,277,249,177,167,110,58,38,147,70,306,287,191,53,,246,,,286,185,162,228,70,193,248,66,105,129,75,75,231,240,107,232,163,237,218,60,66,87,142,79,230,302,296,262,109,294,259,90,48,124,170,85,286,271,131,70,,,186,245,,,292,171,305,164,286,196,186,270,204,275,123,143,247,249,245,277,272,303,281,299,93,103,290,127,,179,,,b'\x11\xe8\xe1I\xd5\xe5u\xe6\x98|\x12\xdf\x17\xaeN\x1e'
11E8E149-D5E5-75E6-987C-12DF17AE4E1E,2019-ncaa-d2-conf-CACC,ncaa,12,12,9,12,14,12,13,13,10,12,9,12,13,12,9,9,5,8,2,8,10,13,13,10,9,11,9,9,3,9,9,14,14,13,13,8,3,11,12,10,6,5,7,7,,,12,13,,,12,13,8,14,12,13,13,10,6,13,12,5,7,8,11,10,8,14,13,8,11,5,7,,13,,,12,7,2,1,11,5,2,11,7,4,8,8,11,11,6,11,11,2,4,11,13,10,9,8,11,5,14,4,9,3,13,9,10,6,4,10,10,11,14,13,,,11,10,,,12,4,12,11,12,10,8,3,7,2,9,8,11,11,11,6,8,7,7,9,10,3,10,14,,9,,,b'\x11\xe8\xe1I\xd5\xe5u\xe6\x98|\x12\xdf\x17\xaeN\x1e'
11E8E149-D5E5-75E6-987C-12DF17AE4E1E,2019-ncaa-d2-natl,ncaa,250,274,118,257,180,208,208,161,251,185,92,283,220,247,112,257,159,166,146,168,237,164,141,254,242,258,182,209,100,129,171,247,303,208,279,116,22,260,247,174,123,149,219,230,,,265,254,,,288,140,116,302,245,244,174,194,84,230,267,173,172,174,183,125,132,271,244,113,251,118,229,,272,,,280,285,275,201,264,242,169,261,265,230,254,209,241,250,75,248,231,214,209,267,265,256,183,216,149,286,303,236,171,272,279,300,282,124,168,257,280,269,275,250,,,201,248,,,288,166,254,283,280,277,266,212,241,152,261,238,237,242,241,239,237,288,230,271,291,127,268,277,,220,,,b'\x11\xe8\xe1I\xd5\xe5u\xe6\x98|\x12\xdf\x17\xaeN\x1e'
11E8E149-D5E5-75E6-987C-12DF17AE4E1E,2020-ncaa-d2-conf-CACC,ncaa,11,10,9,11,9,9,11,4,12,7,4,13,12,9,14,10,6,1,14,1,2,3,3,14,14,12,10,11,3,2,5,13,9,7,11,8,4,6,4,8,2,2,10,10,,,13,12,,,11,4,2,3,8,9,1,5,3,11,7,5,1,1,1,1,2,12,4,6,9,1,10,,13,,,11,9,6,2,13,8,6,11,5,4,12,4,12,10,10,10,10,2,8,12,12,9,6,5,11,1,9,14,5,10,11,8,8,2,1,3,3,3,14,14,,,3,2,,,11,11,11,6,11,10,10,3,12,6,7,4,12,11,11,4,12,4,14,12,9,1,5,14,,1,,,b'\x11\xe8\xe1I\xd5\xe5u\xe6\x98|\x12\xdf\x17\xaeN\x1e'
11E8E149-D5E5-75E6-987C-12DF17AE4E1E,2020-ncaa-d2-natl,ncaa,254,279,102,266,128,201,195,43,298,176,37,299,203,125,288,213,162,36,309,36,121,40,41,299,305,288,187,209,107,27,133,154,217,66,245,141,71,194,96,158,25,39,151,184,,,286,260,,,264,60,28,140,227,226,27,198,28,218,139,170,39,36,20,22,24,179,56,151,172,27,163,,291,,,253,248,235,204,214,249,244,179,143,96,230,52,254,256,110,254,200,217,257,193,195,134,112,86,213,233,217,308,133,306,245,287,283,36,57,136,129,62,310,300,,,77,190,,,264,255,276,135,250,230,219,186,233,235,134,77,244,252,249,214,280,212,310,302,276,38,128,310,,63,,,b'\x11\xe8\xe1I\xd5\xe5u\xe6\x98|\x12\xdf\x17\xaeN\x1e'
11E8E149-D5E5-75E6-987C-12DF17AE4E1E,2021-ncaa-d2-conf-CACC,ncaa,3,4,1,4,2,4,5,3,4,4,3,4,6,3,7,6,1,1,3,1,1,2,2,6,5,5,4,7,1,4,6,2,3,2,6,2,1,6,5,4,2,2,3,4,,,3,1,,,4,2,4,2,5,5,5,4,4,7,6,2,1,1,4,5,6,5,6,3,4,3,4,,1,,,4,5,5,7,3,6,6,5,4,6,2,4,3,2,7,2,1,6,6,3,3,4,3,4,3,4,3,5,6,6,6,5,4,2,4,4,6,5,7,6,,,1,1,,,4,6,5,3,4,4,4,5,5,4,4,4,2,1,1,5,4,4,5,6,4,4,5,6,,2,,,b'\x11\xe8\xe1I\xd5\xe5u\xe6\x98|\x12\xdf\x17\xaeN\x1e'
11E8E149-D5E5-75E6-987C-12DF17AE4E1E,2021-ncaa-d2-natl,ncaa,125,66,173,98,179,184,185,184,191,172,163,184,202,190,218,201,168,152,198,151,88,182,175,205,203,211,196,217,28,134,60,178,182,172,133,154,6,87,202,153,119,45,113,73,,,39,42,,,131,180,95,110,198,187,142,129,60,216,209,106,49,47,122,75,47,121,67,77,204,36,60,,70,,,128,39,44,51,35,49,57,58,39,49,20,74,32,33,77,32,16,47,52,27,19,12,29,63,50,81,182,48,60,62,133,55,197,131,31,62,100,197,132,200,,,167,59,,,131,47,206,15,131,28,63,132,105,155,33,73,18,22,21,100,149,189,138,180,141,29,201,210,,39,,,b'\x11\xe8\xe1I\xd5\xe5u\xe6\x98|\x12\xdf\x17\xaeN\x1e'
11E8E149-D5E9-A576-987C-12DF17AE4E1E,2018-ncaa-d2-conf-Great Northwest,ncaa,7,8,5,8,5,7,6,5,8,6,1,10,8,9,8,11,7,3,10,4,6,5,5,9,9,9,10,10,5,1,1,7,4,4,3,8,9,4,4,8,6,6,3,1,,,8,9,,,7,5,5,4,7,6,3,5,1,10,10,5,3,3,2,3,1,8,1,8,5,6,3,,6,,,7,5,3,3,7,5,3,8,5,5,6,7,11,10,10,10,11,4,5,7,9,8,9,5,10,2,4,8,1,2,3,4,5,6,5,5,6,6,11,11,,,4,6,,,7,5,7,7,8,6,4,3,4,4,7,7,11,10,10,3,2,2,8,5,4,5,7,11,,3,,,b'\x11\xe8\xe1I\xd5\xe9\xa5v\x98|\x12\xdf\x17\xaeN\x1e'
11E8E149-D5E9-A576-987C-12DF17AE4E1E,2018-ncaa-d2-natl,ncaa,179,147,250,174,252,198,200,188,217,169,123,242,239,267,147,275,119,102,201,106,137,178,195,226,217,188,208,245,57,80,34,255,113,181,70,222,211,61,83,162,225,175,121,74,,,162,266,,,160,243,142,56,125,136,70,96,32,225,243,63,50,51,52,78,28,218,88,187,123,188,90,,254,,,163,71,43,37,161,50,45,166,94,96,145,152,247,211,297,208,273,56,60,164,216,205,245,118,289,45,113,52,34,41,70,112,221,211,144,169,100,136,243,226,,,138,61,,,160,65,147,187,167,185,123,97,112,95,152,152,284,264,264,146,150,85,138,111,180,155,162,285,,36,,,b'\x11\xe8\xe1I\xd5\xe9\xa5v\x98|\x12\xdf\x17\xaeN\x1e'
11E8E149-D5E9-A576-987C-12DF17AE4E1E,2019-ncaa-d2-conf-Great Northwest,ncaa,6,5,5,6,5,6,6,7,5,7,5,7,6,6,3,6,4,5,7,5,7,7,7,5,5,4,4,5,5,7,8,4,7,5,7,8,8,4,6,6,6,7,7,8,,,8,8,,,6,6,11,1,7,7,8,7,5,6,8,6,4,5,7,10,9,6,7,8,4,7,6,,8,,,6,2,4,6,6,6,3,9,3,8,1,7,7,6,2,7,7,6,6,5,4,6,4,5,7,8,7,7,8,7,7,5,7,5,5,5,4,5,1,1,,,5,3,,,6,6,5,5,6,4,4,5,6,4,4,9,6,6,7,5,4,8,8,6,4,5,5,1,,5,,,b'\x11\xe8\xe1I\xd5\xe9\xa5v\x98|\x12\xdf\x17\xaeN\x1e'
11E8E149-D5E9-A576-987C-12DF17AE4E1E,2019-ncaa-d2-natl,ncaa,121,123,118,126,144,149,153,165,139,152,141,187,130,187,39,198,154,176,104,180,210,175,182,132,125,135,142,136,161,175,170,181,161,186,178,145,148,148,167,149,189,198,160,142,,,221,251,,,170,175,204,135,162,153,194,157,143,130,205,169,185,196,201,211,174,215,211,158,146,203,158,,216,,,170,182,180,134,226,188,105,274,150,196,68,224,185,198,98,202,221,140,135,220,215,218,120,124,160,142,161,151,170,151,178,235,232,166,167,218,201,209,73,63,,,138,111,,,170,135,134,212,170,174,176,112,187,80,150,202,170,184,195,121,102,131,138,138,221,177,194,69,,149,,,b'\x11\xe8\xe1I\xd5\xe9\xa5v\x98|\x12\xdf\x17\xaeN\x1e'
11E8E149-D5E9-A576-987C-12DF17AE4E1E,2020-ncaa-d2-conf-Great Northwest,ncaa,9,9,7,9,9,11,11,10,10,10,9,10,11,8,11,8,8,7,10,7,8,10,10,10,10,11,9,9,3,9,10,10,10,11,10,10,7,7,9,10,6,5,4,4,,,1,1,,,10,10,9,7,11,11,10,10,8,11,8,7,7,7,9,9,9,7,11,10,8,6,4,,1,,,10,3,3,3,5,3,2,5,11,9,11,10,2,2,9,2,3,2,3,8,8,6,9,10,2,9,10,7,10,9,10,7,8,5,5,6,8,9,2,2,,,10,7,,,10,1,11,9,10,6,7,6,4,3,11,11,3,2,2,3,5,10,10,10,9,5,9,2,,8,,,b'\x11\xe8\xe1I\xd5\xe9\xa5v\x98|\x12\xdf\x17\xaeN\x1e'
11E8E149-D5E9-A576-987C-12DF17AE4E1E,2020-ncaa-d2-natl,ncaa,254,279,102,266,154,247,246,198,272,241,189,255,206,169,264,149,221,194,247,197,174,204,205,267,271,253,157,169,139,249,285,252,250,268,297,244,212,144,174,228,165,165,100,76,,,73,72,,,282,184,226,227,285,280,243,269,225,221,177,249,213,217,251,260,270,288,299,273,122,178,100,,54,,,268,196,191,166,200,115,89,192,290,261,282,286,120,87,273,79,122,136,143,238,247,217,270,289,90,191,250,255,285,240,297,198,184,129,124,157,193,213,116,130,,,175,126,,,282,126,272,232,272,171,165,129,101,49,282,254,104,69,61,92,93,180,249,225,175,142,169,102,,207,,,b'\x11\xe8\xe1I\xd5\xe9\xa5v\x98|\x12\xdf\x17\xaeN\x1e'
11E8E149-D5EE-01A2-987C-12DF17AE4E1E,2018-ncaa-d2-conf-NSIC,ncaa,11,12,3,11,4,7,8,7,11,10,9,8,5,3,12,6,9,6,14,6,5,5,3,10,11,12,5,5,8,8,9,9,13,10,13,7,6,14,11,11,6,7,4,8,,,13,10,,,13,3,5,11,10,13,8,13,14,7,5,9,7,7,8,6,9,14,13,8,11,7,5,,10,,,13,16,16,14,15,16,16,8,10,7,15,5,11,12,3,12,7,15,15,13,12,11,7,7,7,14,13,14,9,15,13,13,7,7,7,9,10,10,11,10,,,2,2,,,13,14,14,11,13,12,13,10,13,13,9,4,8,9,10,10,10,11,11,11,12,7,9,9,,2,,,b'\x11\xe8\xe1I\xd5\xee\x01\xa2\x98|\x12\xdf\x17\xaeN\x1e'
11E8E149-D5EE-01A2-987C-12DF17AE4E1E,2018-ncaa-d2-natl,ncaa,146,229,24,183,30,95,106,80,160,131,148,139,67,41,144,75,103,105,142,100,111,80,91,142,141,132,77,81,166,183,265,82,166,134,248,87,112,159,102,108,179,226,54,100,,,224,154,,,226,59,218,192,181,189,212,238,254,104,89,187,184,186,223,243,260,228,259,151,67,240,79,,111,,,209,286,292,276,251,293,290,180,256,149,308,63,151,146,165,152,42,269,240,246,233,267,72,159,45,222,166,292,265,275,248,281,141,193,263,270,175,125,286,288,,,24,29,,,226,237,156,262,223,205,240,182,243,242,191,67,65,66,70,151,87,136,204,166,213,273,91,263,,78,,,b'\x11\xe8\xe1I\xd5\xee\x01\xa2\x98|\x12\xdf\x17\xaeN\x1e'
11E8E149-D5EE-01A2-987C-12DF17AE4E1E,2019-ncaa-d2-conf-NSIC,ncaa,4,3,9,3,11,8,8,10,4,7,8,7,10,10,2,13,5,3,16,3,6,9,9,5,5,7,12,13,8,9,5,3,6,4,3,10,11,7,7,8,8,8,3,3,,,6,7,,,3,11,7,4,6,6,8,5,4,8,9,5,3,3,7,5,6,1,2,10,7,7,1,,11,,,3,1,1,8,1,3,11,1,2,4,5,4,6,10,2,9,7,8,6,1,1,2,9,6,11,9,6,5,5,5,3,1,2,10,9,4,4,6,4,5,,,2,2,,,3,7,6,2,3,4,3,12,7,12,5,7,9,11,10,11,10,11,6,8,1,7,7,6,,2,,,b'\x11\xe8\xe1I\xd5\xee\x01\xa2\x98|\x12\xdf\x17\xaeN\x1e'
11E8E149-D5EE-01A2-987C-12DF17AE4E1E,2019-ncaa-d2-natl,ncaa,73,36,227,46,238,183,183,235,90,175,205,114,170,221,77,194,154,139,203,139,92,228,255,97,102,77,158,172,129,214,180,103,28,139,60,185,189,29,54,102,253,228,68,62,,,49,114,,,69,260,218,107,117,124,191,130,148,142,189,105,89,90,159,226,181,18,52,170,44,241,48,,94,,,58,22,29,85,31,48,156,17,53,49,162,65,39,50,108,53,58,71,49,29,24,63,122,147,137,55,28,76,180,51,60,15,34,281,260,127,23,61,98,125,,,130,21,,,69,56,78,57,55,50,60,161,83,243,89,75,65,85,89,140,80,87,154,110,31,271,48,128,,58,,,b'\x11\xe8\xe1I\xd5\xee\x01\xa2\x98|\x12\xdf\x17\xaeN\x1e'
11E8E149-D5EE-01A2-987C-12DF17AE4E1E,2020-ncaa-d2-conf-NSIC,ncaa,8,6,9,8,10,7,7,8,4,8,8,10,5,13,3,11,5,7,8,7,8,7,8,4,5,4,8,7,9,8,7,12,15,9,9,5,7,4,5,4,6,5,2,2,,,13,11,,,7,9,4,3,4,4,5,4,5,4,10,5,7,5,5,4,6,8,6,4,5,4,2,,14,,,7,6,4,5,6,7,10,5,3,2,7,2,13,13,10,13,14,8,10,5,7,7,8,3,14,15,15,7,7,8,9,3,3,5,5,5,3,4,10,7,,,9,6,,,7,8,4,7,6,10,8,10,10,14,5,4,15,15,15,14,14,16,8,11,5,5,4,10,,5,,,b'\x11\xe8\xe1I\xd5\xee\x01\xa2\x98|\x12\xdf\x17\xaeN\x1e'
11E8E149-D5EE-01A2-987C-12DF17AE4E1E,2020-ncaa-d2-natl,ncaa,144,155,102,150,119,83,83,104,70,112,117,132,65,133,13,165,103,128,92,123,147,104,156,54,55,46,100,90,167,208,232,124,114,164,176,84,113,44,36,37,127,131,23,26,,,214,211,,,116,137,153,88,65,70,125,118,129,65,147,102,137,131,121,193,226,135,177,68,32,133,23,,202,,,118,229,207,191,185,216,228,142,168,116,245,78,260,225,279,225,177,203,178,174,200,224,164,115,226,127,114,198,232,172,176,135,71,187,207,159,37,34,183,154,,,125,99,,,116,191,57,209,106,214,187,169,193,215,156,98,248,212,212,189,156,115,179,156,118,201,32,169,,121,,,b'\x11\xe8\xe1I\xd5\xee\x01\xa2\x98|\x12\xdf\x17\xaeN\x1e'
11E8E149-D5EE-01A2-987C-12DF17AE4E1E,2021-ncaa-d2-conf-NSIC,ncaa,4,5,1,4,3,3,3,3,2,3,3,4,4,7,2,12,3,2,14,2,7,3,3,2,3,4,10,9,11,5,7,1,13,2,10,1,1,16,13,6,3,3,1,1,,,14,10,,,4,3,3,9,3,3,7,4,5,6,9,7,5,6,7,6,7,2,5,1,14,3,1,,13,,,5,11,10,14,2,10,16,1,9,10,6,2,16,13,15,13,10,14,15,2,2,2,12,7,16,15,13,11,7,13,10,8,8,2,3,2,13,7,14,13,,,2,7,,,4,14,5,3,5,5,3,9,4,14,5,6,14,13,13,11,14,15,8,11,4,2,9,13,,5,,,b'\x11\xe8\xe1I\xd5\xee\x01\xa2\x98|\x12\xdf\x17\xaeN\x1e'
11E8E149-D5EE-01A2-987C-12DF17AE4E1E,2021-ncaa-d2-natl,ncaa,59,66,99,57,104,86,83,109,41,81,85,78,81,126,11,159,79,81,78,83,104,105,102,47,39,50,122,120,96,122,156,71,110,92,109,51,42,129,113,58,68,67,3,3,,,138,136,,,43,97,49,121,51,60,98,62,69,80,146,53,70,75,94,90,151,27,75,32,129,57,2,,163,,,44,111,96,125,17,102,152,6,88,84,140,22,197,158,225,157,126,127,131,16,37,44,166,64,218,157,110,126,156,133,109,91,108,80,93,50,116,83,180,160,,,89,76,,,43,130,67,49,47,81,38,142,60,189,60,33,209,173,172,161,165,159,124,142,58,67,96,192,,68,,,b'\x11\xe8\xe1I\xd5\xee\x01\xa2\x98|\x12\xdf\x17\xaeN\x1e'
11E8E149-D5EE-01A2-987C-12DF17AE4E1E,2022-ncaa-d2-conf-NSIC,ncaa,4,4,3,4,3,3,4,3,4,5,3,9,9,11,4,14,1,1,12,1,4,2,2,8,5,6,7,12,3,4,6,2,14,3,8,2,2,12,8,4,3,5,2,4,,,13,6,,,4,2,3,4,2,6,7,6,5,10,13,1,1,1,3,3,8,5,4,2,9,5,2,,9,,,4,16,14,16,3,15,14,3,12,12,12,4,13,10,16,10,6,16,15,3,4,6,9,8,10,16,14,15,6,15,8,11,5,4,7,7,14,10,15,14,,,1,1,,,4,15,4,7,4,10,11,15,10,14,8,7,10,9,9,14,14,16,10,14,7,6,12,15,,1,,,b'\x11\xe8\xe1I\xd5\xee\x01\xa2\x98|\x12\xdf\x17\xaeN\x1e'
11E8E149-D5EE-01A2-987C-12DF17AE4E1E,2022-ncaa-d2-natl,ncaa,78,48,196,62,203,130,142,183,84,138,149,127,155,205,52,206,83,89,122,93,76,169,195,92,81,67,133,169,75,218,221,111,135,155,161,74,23,33,55,24,135,136,20,21,,,73,80,,,114,190,118,69,59,90,126,94,106,123,185,48,54,54,101,157,204,36,104,27,54,123,11,,116,,,112,139,155,182,93,149,203,61,161,133,213,137,95,55,297,53,31,162,127,98,107,171,140,189,84,168,135,145,221,147,161,119,108,230,245,209,102,136,279,270,,,113,35,,,114,124,81,175,106,193,207,270,189,261,199,181,117,70,67,249,203,198,199,203,145,225,127,286,,57,,,b'\x11\xe8\xe1I\xd5\xee\x01\xa2\x98|\x12\xdf\x17\xaeN\x1e'
11E8E149-D5EE-01A2-987C-12DF17AE4E1E,2023-ncaa-d2-conf-NSIC,ncaa,8,9,4,9,5,9,12,7,14,8,4,14,14,12,15,13,4,3,7,3,3,7,7,16,12,13,8,14,1,2,3,9,7,6,6,12,14,12,10,13,8,9,3,4,,,7,4,,,11,8,9,11,12,14,9,10,8,15,13,3,3,3,7,6,3,10,7,14,11,9,3,,3,,,10,11,12,9,11,14,13,8,4,5,9,4,9,7,15,7,5,9,8,7,11,11,3,3,7,6,7,12,3,9,6,13,12,8,9,13,12,9,16,16,,,3,1,,,11,9,11,9,10,9,10,7,12,12,5,5,10,5,8,7,6,7,9,8,11,11,10,16,,2,,,b'\x11\xe8\xe1I\xd5\xee\x01\xa2\x98|\x12\xdf\x17\xaeN\x1e'
11E8E149-D5EE-01A2-987C-12DF17AE4E1E,2023-ncaa-d2-natl,ncaa,152,139,197,152,225,214,215,201,222,192,167,201,231,207,256,188,142,168,75,169,157,199,228,237,213,177,195,220,63,174,163,186,40,189,121,257,264,44,92,193,228,193,37,28,,,21,56,,,213,236,201,208,205,209,160,167,111,232,185,119,136,140,157,188,145,137,137,256,87,217,22,,39,,,207,103,142,94,235,175,136,210,85,68,196,90,88,34,296,40,48,68,46,210,216,244,57,93,104,20,40,119,163,60,121,151,156,260,242,259,67,125,284,292,,,153,57,,,213,67,173,222,210,179,213,151,237,200,109,88,106,60,66,114,56,27,187,102,184,251,112,295,,85,,,b'\x11\xe8\xe1I\xd5\xee\x01\xa2\x98|\x12\xdf\x17\xaeN\x1e'
11E8E149-D5EE-01A2-987C-12DF17AE4E1E,2024-ncaa-d2-conf-NSIC,ncaa,5,2,9,4,9,8,8,9,6,5,4,8,13,14,7,14,8,7,9,7,9,9,11,7,7,6,12,13,4,7,6,4,5,5,4,7,5,3,5,7,4,3,1,1,,,1,1,,,3,11,11,2,6,7,7,5,2,13,14,6,7,7,7,8,5,3,2,4,5,3,1,,1,,,3,1,1,7,1,2,9,1,3,6,5,6,6,3,14,2,2,6,5,1,1,2,8,7,8,6,5,4,6,4,4,3,10,8,8,4,7,8,15,12,,,9,5,,,3,5,6,2,2,1,1,11,2,11,5,6,6,3,3,9,9,9,6,7,4,7,8,15,,5,,,b'\x11\xe8\xe1I\xd5\xee\x01\xa2\x98|\x12\xdf\x17\xaeN\x1e'
11E8E149-D5EE-01A2-987C-12DF17AE4E1E,2024-ncaa-d2-natl,ncaa,55,45,117,52,122,133,110,133,98,75,74,125,207,231,131,249,149,149,138,145,223,135,162,130,131,98,254,242,171,146,158,55,26,81,58,94,97,48,56,54,136,121,1,2,,,27,21,,,68,172,223,28,126,103,139,62,61,224,248,156,156,155,136,201,143,26,56,80,50,141,1,,15,,,58,58,61,154,26,72,175,21,87,118,77,122,103,75,275,71,46,136,114,25,31,56,154,154,153,68,26,161,158,119,58,91,177,202,200,156,96,119,281,273,,,123,88,,,68,136,98,42,55,32,39,159,52,181,83,103,89,71,67,122,88,57,149,106,84,209,100,291,,127,,,b'\x11\xe8\xe1I\xd5\xee\x01\xa2\x98|\x12\xdf\x17\xaeN\x1e'
11E8E149-D5EE-01A2-987C-12DF17AE4E1E,2025-ncaa-d2-conf-NSIC,genius_ncaa,1,1,1,1,1,3,3,2,5,4,2,4,4,8,2,12,2,2,2,2,7,2,3,3,3,2,10,10,6,5,7,1,4,3,6,1,2,5,2,2,2,2,1,1,,,6,1,,4,1,2,5,11,3,4,4,4,3,7,10,4,6,5,3,5,6,3,5,3,2,2,1,,1,,3,1,1,1,14,1,3,12,1,7,9,2,8,7,7,8,6,3,14,13,1,1,1,10,8,8,10,4,13,7,12,6,5,9,2,2,2,8,3,14,8,,,3,6,,2,1,14,2,1,1,1,1,4,1,6,6,8,3,4,4,2,7,8,5,6,3,2,3,12,,6,,5,b'\x11\xe8\xe1I\xd5\xee\x01\xa2\x98|\x12\xdf\x17\xaeN\x1e'
11E8E149-D5EE-01A2-987C-12DF17AE4E1E,2025-ncaa-d2-natl,genius_ncaa,10,7,15,10,17,17,17,15,32,21,22,52,32,57,14,155,24,40,28,39,160,17,23,29,25,16,133,128,166,70,157,9,36,15,57,12,48,111,16,10,17,39,1,3,,,134,19,,41,10,18,116,176,20,24,51,42,77,68,123,60,112,105,59,117,144,19,46,14,28,48,3,,27,,28,10,219,214,279,34,167,263,24,244,262,135,202,177,151,232,150,64,273,276,44,46,48,222,228,130,181,36,277,157,262,57,193,148,41,105,79,201,95,272,199,,,42,142,,122,10,282,17,32,13,59,61,149,47,129,171,180,75,60,61,108,139,72,150,108,92,107,111,234,,129,,167,b'\x11\xe8\xe1I\xd5\xee\x01\xa2\x98|\x12\xdf\x17\xaeN\x1e'
11E8E149-D5EE-01A2-987C-12DF17AE4E1E,2026-ncaa-d2-conf-NSIC,genius_ncaa,11,7,14,11,14,16,16,15,14,16,14,12,12,12,11,7,12,11,11,11,7,15,14,12,12,12,7,9,5,11,7,16,16,14,11,7,3,6,9,6,6,2,8,9,,,3,1,,13,11,14,3,3,8,9,4,8,7,7,6,5,5,5,5,2,5,8,5,3,13,2,5,,9,,16,11,3,3,3,3,5,6,2,5,3,13,4,3,2,14,3,1,3,3,3,4,6,6,7,6,14,16,3,7,6,11,5,6,12,6,6,6,12,7,12,,,15,9,,11,11,3,11,8,11,13,15,16,15,16,8,7,6,3,4,16,15,16,14,16,9,2,12,12,,4,,9,b'\x11\xe8\xe1I\xd5\xee\x01\xa2\x98|\x12\xdf\x17\xaeN\x1e'
11E8E149-D5EE-01A2-987C-12DF17AE4E1E,2026-ncaa-d2-natl,genius_ncaa,65,98,59,100,67,38,43,48,99,95,124,63,17,10,101,28,72,69,146,65,72,46,72,72,79,46,42,43,190,56,130,48,131,44,127,10,12,92,14,4,88,131,27,45,,,179,92,,140,95,81,114,51,24,39,28,127,190,10,7,90,92,86,28,71,76,48,38,6,42,121,42,,109,,126,98,238,236,249,150,183,216,74,278,250,281,203,176,129,283,124,64,225,218,193,194,229,251,265,89,223,131,241,130,239,127,217,156,155,225,218,155,84,191,195,,,69,130,,232,95,210,29,234,101,230,216,256,133,198,273,238,132,87,75,230,193,198,236,221,201,206,112,178,,96,,253,b'\x11\xe8\xe1I\xd5\xee\x01\xa2\x98|\x12\xdf\x17\xaeN\x1e'
11E8E149-D5F2-1224-987C-12DF17AE4E1E,2018-ncaa-d2-conf-Conference Carolinas,ncaa,10,8,9,10,9,11,11,8,11,11,6,10,10,8,10,8,2,1,9,1,1,8,6,11,10,11,5,9,1,7,6,10,7,9,8,10,3,9,10,11,5,5,11,11,,,9,10,,,10,5,1,4,10,11,7,10,5,10,7,1,1,1,4,1,4,7,5,10,11,4,11,,10,,,10,6,4,1,9,4,1,10,8,7,5,9,9,9,7,9,10,4,6,9,11,7,10,7,10,5,7,9,6,6,8,7,8,2,1,4,10,11,6,6,,,1,1,,,10,6,11,8,10,9,8,5,7,2,9,10,10,10,10,8,11,7,11,10,8,1,11,6,,1,,,b'\x11\xe8\xe1I\xd5\xf2\x12$\x98|\x12\xdf\x17\xaeN\x1e'
11E8E149-D5F2-1224-987C-12DF17AE4E1E,2018-ncaa-d2-natl,ncaa,243,245,206,249,218,170,212,127,286,197,123,281,202,158,267,205,44,15,262,15,15,107,81,286,273,268,90,211,5,89,179,143,253,127,254,194,140,273,227,252,107,157,281,290,,,260,221,,,262,78,6,72,133,206,38,184,60,199,136,8,1,1,16,6,52,68,55,176,295,78,282,,299,,,256,255,193,200,144,162,118,212,214,265,64,241,300,292,166,291,299,239,248,157,194,150,260,152,285,265,253,289,179,283,254,164,120,48,78,59,257,217,119,97,,,27,42,,,262,234,272,171,246,291,241,276,214,186,247,293,303,302,302,291,303,288,303,300,200,25,284,142,,1,,,b'\x11\xe8\xe1I\xd5\xf2\x12$\x98|\x12\xdf\x17\xaeN\x1e'
11E8E149-D5F2-1224-987C-12DF17AE4E1E,2019-ncaa-d2-conf-Conference Carolinas,ncaa,9,9,9,9,10,10,10,10,10,8,7,10,10,11,9,10,7,3,11,3,3,10,7,10,10,11,9,9,3,5,4,7,8,6,4,9,5,10,11,11,7,7,9,9,,,11,10,,,9,8,1,5,9,10,8,7,4,9,11,4,3,3,6,2,4,6,2,9,11,6,9,,11,,,9,4,3,2,7,6,5,7,2,2,7,3,10,10,3,10,9,3,5,6,7,6,5,2,11,5,8,4,4,3,4,6,6,5,3,5,11,10,7,7,,,5,3,,,9,4,11,6,9,8,7,7,8,9,4,4,11,11,11,9,10,6,6,5,6,2,11,10,,2,,,b'\x11\xe8\xe1I\xd5\xf2\x12$\x98|\x12\xdf\x17\xaeN\x1e'
11E8E149-D5F2-1224-987C-12DF17AE4E1E,2019-ncaa-d2-natl,ncaa,216,160,287,205,292,265,266,265,228,231,208,239,274,272,238,251,175,136,246,143,96,256,232,245,237,265,210,251,42,129,64,217,118,190,82,253,183,238,278,272,173,134,282,283,,,153,252,,,199,256,45,96,190,209,124,142,75,251,239,75,46,49,86,29,45,60,41,198,294,105,279,,281,,,201,29,28,36,123,42,51,111,64,59,160,122,167,188,84,182,252,42,53,121,129,106,204,125,256,72,118,35,64,36,82,28,99,164,85,63,166,219,73,102,,,180,100,,,199,55,250,101,196,187,143,163,143,173,160,153,262,269,269,212,251,165,191,181,107,57,259,154,,32,,,b'\x11\xe8\xe1I\xd5\xf2\x12$\x98|\x12\xdf\x17\xaeN\x1e'
11E8E149-D5F2-1224-987C-12DF17AE4E1E,2020-ncaa-d2-conf-Conference Carolinas,ncaa,12,12,9,12,11,12,12,11,12,12,12,12,4,4,7,1,12,11,11,12,4,11,12,10,12,12,1,1,8,8,9,9,9,10,9,8,3,8,11,9,12,12,6,5,,,2,8,,,11,12,12,9,12,12,11,12,12,3,2,12,11,12,11,11,8,9,10,7,10,12,5,,6,,,11,5,5,3,8,6,5,6,4,2,8,4,10,10,7,10,10,3,1,8,8,10,7,3,10,8,9,6,9,5,9,7,9,10,10,9,10,11,9,12,,,10,5,,,11,1,11,11,11,7,8,3,7,7,5,4,10,10,10,5,3,10,9,10,7,9,10,11,,8,,,b'\x11\xe8\xe1I\xd5\xf2\x12$\x98|\x12\xdf\x17\xaeN\x1e'
11E8E149-D5F2-1224-987C-12DF17AE4E1E,2020-ncaa-d2-natl,ncaa,277,311,3,291,13,193,200,70,287,255,143,296,75,39,183,59,221,118,306,120,109,71,45,268,283,284,43,34,213,98,216,119,269,102,272,177,131,299,256,257,171,244,160,219,,,214,82,,,296,36,160,227,287,287,217,298,266,127,89,282,197,198,225,183,169,254,236,247,247,235,205,,109,,,286,295,289,287,202,282,290,170,240,208,243,79,282,284,130,284,201,294,292,194,191,212,145,116,205,297,269,305,216,308,272,260,140,100,178,178,271,208,203,212,,,64,159,,,296,276,287,240,286,222,206,174,208,209,164,108,234,235,236,202,180,250,251,257,173,168,199,141,,181,,,b'\x11\xe8\xe1I\xd5\xf2\x12$\x98|\x12\xdf\x17\xaeN\x1e'
11E8E149-D5F2-1224-987C-12DF17AE4E1E,2021-ncaa-d2-conf-Conference Carolinas,ncaa,9,9,3,9,4,9,9,9,8,10,10,9,3,4,6,3,4,3,8,3,1,8,8,8,8,8,2,3,1,10,10,7,6,7,7,9,6,9,9,9,11,10,7,7,,,6,5,,,9,8,8,6,9,9,11,10,10,4,3,5,2,2,11,11,10,7,9,9,8,11,7,,6,,,9,9,8,7,10,5,4,9,10,8,11,10,8,7,8,7,7,7,5,10,10,10,11,11,5,3,6,8,10,5,7,8,5,11,11,11,10,10,5,8,,,2,1,,,9,6,9,10,9,10,10,8,7,2,10,9,7,6,6,7,3,3,6,3,7,11,10,4,,2,,,b'\x11\xe8\xe1I\xd5\xf2\x12$\x98|\x12\xdf\x17\xaeN\x1e'
11E8E149-D5F2-1224-987C-12DF17AE4E1E,2021-ncaa-d2-natl,ncaa,140,170,114,165,123,150,166,153,180,181,172,196,97,106,93,46,108,86,195,86,1,144,138,159,155,174,4,32,22,151,161,144,145,151,166,171,171,132,197,210,159,192,153,169,,,80,54,,,209,137,160,121,198,209,216,221,221,78,85,93,44,45,208,190,184,190,211,208,172,196,183,,40,,,202,123,118,102,168,93,85,145,183,149,212,204,100,102,76,102,160,102,91,191,187,203,201,214,66,97,145,94,161,92,166,112,66,151,188,174,144,189,84,140,,,122,57,,,209,91,179,203,202,166,154,117,79,49,211,198,96,110,112,112,69,93,69,65,110,192,164,66,,119,,,b'\x11\xe8\xe1I\xd5\xf2\x12$\x98|\x12\xdf\x17\xaeN\x1e'
11E8E149-D5F2-1224-987C-12DF17AE4E1E,2022-ncaa-d2-conf-Conference Carolinas,ncaa,12,12,7,12,11,12,12,11,11,11,11,12,13,11,12,9,8,7,11,7,4,11,10,12,11,12,6,11,4,13,13,6,9,8,12,9,2,12,13,11,11,11,5,7,,,8,6,,,12,5,1,11,12,12,12,12,11,13,12,8,6,6,12,9,13,4,7,9,12,11,5,,9,,,12,7,8,12,3,7,11,3,7,5,7,6,9,9,2,9,7,11,10,7,4,7,9,9,9,11,9,11,13,12,12,9,9,9,11,10,13,13,8,11,,,10,7,,,12,9,12,7,12,8,9,12,8,11,7,8,10,10,10,12,12,13,12,13,8,10,13,11,,10,,,b'\x11\xe8\xe1I\xd5\xf2\x12$\x98|\x12\xdf\x17\xaeN\x1e'
11E8E149-D5F2-1224-987C-12DF17AE4E1E,2022-ncaa-d2-natl,ncaa,263,283,146,275,179,254,258,222,271,239,187,265,254,229,265,211,172,116,276,118,65,215,155,277,279,285,158,217,50,269,290,96,228,174,275,185,39,288,292,262,225,268,114,140,,,163,97,,,283,106,43,224,282,281,266,264,201,270,240,178,104,104,247,140,280,50,189,204,282,241,119,,169,,,276,180,175,224,73,169,229,68,178,190,145,134,176,203,54,208,158,227,212,76,69,105,170,166,164,271,228,249,290,271,275,243,251,136,187,210,288,285,182,221,,,188,212,,,283,195,292,143,276,204,193,271,182,254,181,202,185,219,222,272,264,272,284,287,245,143,284,204,,190,,,b'\x11\xe8\xe1I\xd5\xf2\x12$\x98|\x12\xdf\x17\xaeN\x1e'
11E8E149-D5F2-1224-987C-12DF17AE4E1E,2023-ncaa-d2-conf-Conference Carolinas,ncaa,11,11,9,11,10,12,12,13,11,11,11,9,13,12,13,10,10,9,13,9,7,12,12,12,11,12,12,11,6,13,13,6,7,10,11,12,10,10,13,12,11,11,2,2,,,6,5,,,11,10,6,7,12,12,13,11,9,13,12,10,7,7,12,8,13,2,8,12,13,9,2,,8,,,11,6,6,8,6,7,9,6,3,5,5,4,6,7,4,7,7,8,6,5,6,7,4,4,7,8,7,6,13,8,11,4,6,12,13,11,12,13,4,7,,,9,9,,,11,3,12,6,11,7,8,12,8,12,6,6,7,9,9,13,11,12,12,13,6,12,13,4,,9,,,b'\x11\xe8\xe1I\xd5\xf2\x12$\x98|\x12\xdf\x17\xaeN\x1e'
11E8E149-D5F2-1224-987C-12DF17AE4E1E,2023-ncaa-d2-natl,ncaa,275,288,148,281,166,286,285,245,293,270,218,285,278,234,294,195,216,142,278,140,82,237,161,293,291,295,211,252,29,251,275,89,201,146,249,266,146,296,297,295,170,204,63,57,,,140,104,,,291,128,64,146,295,295,287,286,225,284,240,209,133,123,276,135,249,38,128,285,294,171,54,,154,,,287,134,111,184,49,122,176,71,109,172,52,138,200,223,77,217,192,193,185,50,57,74,169,123,219,251,201,248,275,261,249,145,184,144,170,136,298,296,150,195,,,195,217,,,291,163,296,111,287,152,131,243,149,214,124,187,213,229,225,259,248,261,282,279,154,129,296,160,,205,,,b'\x11\xe8\xe1I\xd5\xf2\x12$\x98|\x12\xdf\x17\xaeN\x1e'
11E8E149-D5F2-1224-987C-12DF17AE4E1E,2024-ncaa-d2-conf-Conference Carolinas,ncaa,8,8,3,8,4,10,5,5,7,5,4,6,13,11,11,11,12,10,13,10,12,6,9,8,10,9,13,13,12,11,13,7,5,8,8,9,10,3,4,5,6,6,4,4,,,7,9,,,8,6,11,2,10,6,6,4,4,14,11,13,12,12,8,12,11,8,10,11,3,6,4,,5,,,8,7,5,7,7,4,8,5,11,7,10,9,9,8,10,8,10,9,8,7,7,8,11,10,11,5,5,13,13,13,8,9,10,10,11,11,4,6,2,2,,,13,14,,,8,8,10,8,9,7,5,5,4,4,9,7,7,7,7,6,4,5,13,9,6,11,4,2,,14,,,b'\x11\xe8\xe1I\xd5\xf2\x12$\x98|\x12\xdf\x17\xaeN\x1e'
11E8E149-D5F2-1224-987C-12DF17AE4E1E,2024-ncaa-d2-natl,ncaa,157,183,117,170,137,209,166,149,177,105,97,156,249,222,270,230,270,232,296,231,265,164,149,215,250,244,287,249,275,252,279,118,115,176,246,177,183,198,203,197,78,77,97,88,,,181,167,,,208,112,115,77,254,181,174,109,88,266,241,282,244,246,204,181,265,100,209,195,181,75,103,,168,,,199,106,79,137,49,65,137,37,153,157,138,154,229,230,143,228,231,157,174,55,77,79,251,179,257,152,115,264,279,240,246,135,216,111,114,107,205,207,20,7,,,254,279,,,208,177,266,73,204,95,53,127,43,115,147,153,216,215,211,156,163,138,274,249,127,111,194,11,,278,,,b'\x11\xe8\xe1I\xd5\xf2\x12$\x98|\x12\xdf\x17\xaeN\x1e'
11E8E149-D5F2-1224-987C-12DF17AE4E1E,2025-ncaa-d2-conf-Conference Carolinas,genius_ncaa,10,10,10,10,12,12,8,6,11,10,6,11,7,6,11,6,13,14,9,13,14,6,7,12,13,12,9,8,12,9,11,6,6,8,9,7,6,6,8,8,7,6,4,5,,,15,15,,14,9,9,4,14,11,9,7,8,4,7,6,13,12,12,7,6,8,5,6,7,8,6,4,,14,,15,9,6,4,4,6,5,10,5,3,2,9,2,14,13,15,13,12,5,8,5,9,7,9,3,14,4,6,12,11,11,9,6,7,6,4,4,9,8,2,2,,,14,14,,5,9,8,10,6,9,8,7,5,6,11,4,2,14,13,13,7,10,8,11,11,7,3,9,2,,12,,3,b'\x11\xe8\xe1I\xd5\xf2\x12$\x98|\x12\xdf\x17\xaeN\x1e'
11E8E149-D5F2-1224-987C-12DF17AE4E1E,2025-ncaa-d2-natl,genius_ncaa,216,236,162,227,205,223,217,169,261,199,154,253,199,167,236,161,225,214,217,215,223,173,148,255,259,264,189,170,172,188,227,161,172,182,234,196,135,232,243,228,77,74,137,146,,,228,237,,255,197,141,73,285,259,239,156,216,131,206,168,235,226,227,176,118,186,147,185,199,235,69,140,,237,,258,192,68,48,93,51,66,151,31,61,52,120,56,250,232,189,235,232,111,162,42,74,42,193,79,278,165,172,224,227,208,234,49,113,53,38,26,237,255,37,30,,,217,237,,54,197,164,274,41,189,82,46,80,69,173,60,49,250,238,239,118,201,185,247,236,61,40,243,26,,229,,51,b'\x11\xe8\xe1I\xd5\xf2\x12$\x98|\x12\xdf\x17\xaeN\x1e'
11E8E149-D5F2-1224-987C-12DF17AE4E1E,2026-ncaa-d2-conf-Conference Carolinas,genius_ncaa,14,16,3,14,3,4,4,2,15,5,6,9,1,1,12,1,6,9,3,9,11,3,3,15,14,9,3,3,12,4,8,4,14,5,13,6,12,9,2,4,9,14,7,9,,,16,12,,10,15,3,1,3,4,6,1,10,14,1,1,10,12,13,1,1,6,8,5,10,3,13,8,,14,,9,14,16,15,15,13,16,15,13,13,13,5,8,16,16,7,16,13,15,14,11,11,14,7,9,11,13,14,16,8,15,13,13,4,7,15,14,10,3,2,2,,,7,15,,6,15,14,8,14,14,16,15,16,15,16,12,13,14,16,16,16,16,14,15,16,13,14,4,2,,10,,7,b'\x11\xe8\xe1I\xd5\xf2\x12$\x98|\x12\xdf\x17\xaeN\x1e'
11E8E149-D5F2-1224-987C-12DF17AE4E1E,2026-ncaa-d2-natl,genius_ncaa,276,291,59,276,84,135,140,55,271,172,159,182,77,7,268,4,193,212,82,213,234,79,56,258,260,263,88,65,227,116,191,168,264,153,258,172,214,272,236,254,174,252,239,278,,,242,135,,105,293,49,18,88,217,209,41,235,243,106,4,248,270,273,82,42,165,268,246,224,259,223,265,,232,,87,286,279,286,273,281,281,267,283,242,246,201,141,218,262,27,257,165,274,261,276,268,273,75,132,68,258,264,227,191,244,258,259,82,115,235,234,290,279,14,9,,,142,264,,97,293,255,273,279,281,294,294,286,291,268,236,234,189,249,239,290,280,236,210,232,250,165,284,5,,213,,129,b'\x11\xe8\xe1I\xd5\xf2\x12$\x98|\x12\xdf\x17\xaeN\x1e'
11E8E149-D5F6-76FC-987C-12DF17AE4E1E,2018-ncaa-d2-conf-ECC,ncaa,5,5,2,5,2,4,4,2,4,5,4,4,4,4,7,4,7,8,3,8,9,3,4,4,5,4,6,4,9,6,6,2,3,3,6,5,6,2,2,4,8,8,1,1,,,4,3,,,4,2,7,1,4,4,2,5,5,4,4,8,8,8,3,8,6,3,3,5,2,9,1,,4,,,4,6,6,7,5,7,8,5,4,6,5,6,3,3,1,5,2,7,7,3,2,6,1,4,3,6,3,7,6,7,6,4,1,9,9,6,3,3,1,1,,,6,7,,,4,7,4,6,4,5,6,7,7,7,4,6,3,3,3,6,5,6,8,7,4,9,2,1,,8,,,b'\x11\xe8\xe1I\xd5\xf6v\xfc\x98|\x12\xdf\x17\xaeN\x1e'
11E8E149-D5F6-76FC-987C-12DF17AE4E1E,2018-ncaa-d2-natl,ncaa,179,179,148,188,155,174,161,134,218,197,190,206,84,73,142,64,262,263,154,262,268,166,186,187,204,173,95,48,274,119,123,126,131,131,128,147,145,73,82,113,259,266,46,37,,,99,120,,,158,206,227,38,183,153,95,223,189,71,58,269,276,273,141,178,98,86,91,149,73,271,34,,99,,,158,105,136,168,114,143,186,101,152,142,172,135,56,73,55,78,70,150,106,114,91,149,118,172,73,159,131,169,123,168,128,117,102,260,268,226,119,138,14,25,,,213,203,,,158,102,163,163,158,127,164,207,155,212,165,154,52,83,89,179,108,173,190,178,118,272,120,18,,221,,,b'\x11\xe8\xe1I\xd5\xf6v\xfc\x98|\x12\xdf\x17\xaeN\x1e'
11E8E149-D5F6-76FC-987C-12DF17AE4E1E,2019-ncaa-d2-conf-ECC,ncaa,2,2,3,2,6,6,6,5,6,7,9,4,3,2,6,1,8,7,9,7,5,5,5,4,4,5,4,2,9,3,1,2,1,3,1,6,5,7,6,5,6,6,4,2,,,5,7,,,3,7,9,9,6,5,4,8,10,3,1,8,7,7,6,6,3,1,1,6,6,8,3,,5,,,3,1,1,5,2,2,5,2,1,4,2,5,4,5,2,5,3,4,3,2,2,2,5,4,7,2,1,1,1,1,1,1,1,7,6,3,4,5,2,4,,,5,7,,,3,3,3,3,3,2,1,2,2,5,2,4,4,4,4,2,1,2,2,1,1,8,5,2,,7,,,b'\x11\xe8\xe1I\xd5\xf6v\xfc\x98|\x12\xdf\x17\xaeN\x1e'
11E8E149-D5F6-76FC-987C-12DF17AE4E1E,2019-ncaa-d2-natl,ncaa,85,74,118,80,171,188,172,136,220,209,214,176,96,64,221,45,260,250,221,250,235,159,166,200,226,208,108,63,270,58,40,90,66,62,40,138,102,155,160,147,157,150,61,50,,,130,171,,,98,202,252,264,215,191,116,230,240,95,47,275,267,263,168,176,40,57,35,151,154,173,62,,113,,,99,32,47,118,40,65,132,47,88,133,58,164,72,99,59,90,116,105,103,38,32,45,160,172,163,105,66,119,40,106,40,77,157,190,175,125,90,85,85,111,,,239,273,,,98,107,169,48,99,32,37,95,50,108,89,125,62,97,91,79,55,108,98,93,77,210,82,77,,269,,,b'\x11\xe8\xe1I\xd5\xf6v\xfc\x98|\x12\xdf\x17\xaeN\x1e'
11E8E149-D5F6-76FC-987C-12DF17AE4E1E,2020-ncaa-d2-conf-ECC,ncaa,2,2,2,1,2,2,3,3,3,5,8,1,1,1,3,1,3,4,4,4,2,3,3,1,1,1,1,1,4,1,1,3,1,2,1,3,3,4,3,3,4,5,1,2,,,7,8,,,1,4,8,1,1,2,4,5,9,1,1,3,4,4,3,3,1,6,2,2,3,5,1,,6,,,1,2,2,4,3,4,5,3,2,3,3,1,6,6,5,6,6,4,4,3,3,2,3,2,6,3,1,2,1,2,1,2,1,4,3,1,4,2,5,5,,,3,2,,,1,6,1,2,1,2,2,3,3,5,1,1,5,5,5,2,1,2,1,1,1,3,2,4,,2,,,b'\x11\xe8\xe1I\xd5\xf6v\xfc\x98|\x12\xdf\x17\xaeN\x1e'
11E8E149-D5F6-76FC-987C-12DF17AE4E1E,2020-ncaa-d2-natl,ncaa,47,14,257,19,276,176,182,225,115,250,293,59,50,42,117,13,236,258,83,258,133,245,251,68,75,81,34,22,249,84,16,235,49,183,21,102,33,56,112,55,125,55,96,60,,,44,160,,,28,284,219,227,90,97,102,211,273,22,17,196,237,238,131,154,45,157,66,35,113,80,61,,113,,,25,10,12,12,58,31,60,43,17,14,77,45,25,30,108,30,66,12,21,40,40,28,62,71,151,19,49,15,16,9,21,15,75,118,35,27,46,98,77,192,,,215,113,,,28,30,48,19,22,15,26,28,68,130,17,16,42,52,50,21,55,39,34,27,32,65,91,115,,109,,,b'\x11\xe8\xe1I\xd5\xf6v\xfc\x98|\x12\xdf\x17\xaeN\x1e'
11E8E149-D5F6-76FC-987C-12DF17AE4E1E,2021-ncaa-d2-conf-ECC,ncaa,1,1,2,1,2,1,1,2,1,1,2,1,2,2,3,3,1,1,1,1,4,2,2,1,1,1,5,4,4,1,1,1,1,1,1,2,3,5,3,1,2,4,1,1,,,5,2,,,1,2,3,3,1,1,2,1,1,3,2,3,4,4,2,3,1,1,1,1,3,4,1,,1,,,1,3,3,5,1,3,5,1,4,5,1,4,3,3,2,3,1,5,5,1,1,1,4,5,3,3,1,4,1,4,1,2,2,2,2,1,5,3,1,1,,,1,4,,,1,5,1,1,1,1,1,3,1,4,2,3,1,1,1,3,3,1,1,1,1,1,3,1,,2,,,b'\x11\xe8\xe1I\xd5\xf6v\xfc\x98|\x12\xdf\x17\xaeN\x1e'
11E8E149-D5F6-76FC-987C-12DF17AE4E1E,2021-ncaa-d2-natl,ncaa,27,24,99,20,104,98,96,108,75,102,119,63,63,66,97,54,115,130,42,129,144,113,109,67,69,68,84,59,160,46,20,60,24,55,4,56,29,121,89,54,120,140,21,6,,,83,34,,,13,123,167,121,87,84,97,111,139,58,57,136,168,169,111,115,36,16,16,37,102,153,15,,19,,,7,60,59,106,4,50,95,3,110,126,55,188,48,53,41,54,24,96,104,6,3,4,181,209,49,79,24,92,20,82,4,78,170,88,58,44,138,132,84,69,,,112,151,,,13,107,38,3,3,3,10,55,6,55,96,136,3,5,5,28,41,53,28,25,37,81,135,53,,151,,,b'\x11\xe8\xe1I\xd5\xf6v\xfc\x98|\x12\xdf\x17\xaeN\x1e'
11E8E149-D5F6-76FC-987C-12DF17AE4E1E,2022-ncaa-d2-conf-ECC,ncaa,1,1,4,1,4,1,1,5,1,3,8,1,1,1,2,1,4,7,1,7,4,6,6,1,1,1,2,1,7,3,1,2,1,2,1,1,1,1,1,1,7,6,5,6,,,4,7,,,1,7,7,7,1,1,3,3,10,1,1,6,7,7,4,7,3,1,1,1,1,7,6,,3,,,1,1,1,2,3,4,5,4,1,1,1,5,1,1,7,1,1,1,2,2,2,3,2,1,4,1,1,1,1,1,1,1,1,9,5,1,1,1,1,2,,,2,4,,,1,4,1,1,1,1,2,1,4,5,1,1,1,1,1,1,1,1,1,1,1,8,1,1,,4,,,b'\x11\xe8\xe1I\xd5\xf6v\xfc\x98|\x12\xdf\x17\xaeN\x1e'
11E8E149-D5F6-76FC-987C-12DF17AE4E1E,2022-ncaa-d2-natl,ncaa,39,16,106,22,137,77,75,106,62,128,193,49,29,33,55,26,188,232,23,233,225,123,133,40,45,46,65,31,267,124,97,38,9,53,9,22,6,98,93,14,203,205,95,98,,,98,105,,,23,147,183,224,56,51,104,144,234,22,30,219,258,258,141,190,135,5,32,6,81,222,96,,74,,,17,51,73,171,18,87,170,20,94,158,34,170,57,40,263,42,30,137,133,18,15,40,123,167,89,47,9,99,97,73,9,70,115,183,186,119,82,76,99,135,,,155,169,,,23,161,33,20,15,19,28,142,47,144,86,136,38,29,30,86,58,31,69,36,56,204,70,94,,192,,,b'\x11\xe8\xe1I\xd5\xf6v\xfc\x98|\x12\xdf\x17\xaeN\x1e'
11E8E149-D5F6-76FC-987C-12DF17AE4E1E,2023-ncaa-d2-conf-ECC,ncaa,1,1,1,1,1,1,1,4,1,1,3,1,1,4,1,6,4,4,6,4,6,4,4,1,1,1,8,5,9,7,4,2,1,2,1,1,3,5,4,1,1,1,1,3,,,9,8,,,1,3,6,2,1,1,5,1,3,1,7,5,4,4,4,6,7,3,4,1,4,1,2,,8,,,1,3,3,6,2,4,6,3,1,5,2,4,6,6,6,6,5,6,6,2,2,1,3,3,8,3,1,1,4,2,1,1,1,3,3,1,4,4,5,3,,,5,6,,,1,6,1,1,1,1,1,3,3,5,1,3,6,5,5,3,3,1,1,1,1,4,2,4,,6,,,b'\x11\xe8\xe1I\xd5\xf6v\xfc\x98|\x12\xdf\x17\xaeN\x1e'
11E8E149-D5F6-76FC-987C-12DF17AE4E1E,2023-ncaa-d2-natl,ncaa,59,15,239,24,245,189,179,228,61,191,214,113,122,203,12,149,269,272,191,269,253,245,259,56,80,92,160,80,277,182,86,178,90,187,57,99,40,58,156,60,128,57,71,43,,,85,205,,,38,264,229,123,121,85,159,131,142,82,161,261,255,254,193,199,120,84,87,34,133,79,44,,156,,,25,6,10,31,7,18,65,16,18,35,9,83,50,48,160,48,109,23,34,4,6,15,91,61,221,60,90,20,86,24,57,11,79,174,92,37,39,115,83,109,,,271,229,,,38,35,86,15,25,8,9,64,35,151,21,63,94,92,89,49,80,122,52,71,20,117,108,122,,240,,,b'\x11\xe8\xe1I\xd5\xf6v\xfc\x98|\x12\xdf\x17\xaeN\x1e'
11E8E149-D5F6-76FC-987C-12DF17AE4E1E,2024-ncaa-d2-conf-ECC,ncaa,1,1,3,1,4,4,3,5,1,7,7,1,4,4,2,3,3,6,2,5,3,5,7,1,1,1,4,4,5,5,3,2,1,2,1,2,3,2,3,2,5,4,4,4,,,4,7,,,1,7,8,7,2,3,6,6,7,4,4,4,6,6,5,9,5,1,2,3,2,5,4,,4,,,1,1,1,3,1,1,3,1,4,2,6,6,5,5,6,5,4,3,3,1,1,2,6,6,7,2,1,2,3,3,1,1,3,8,8,4,1,1,5,6,,,3,4,,,1,3,1,2,1,1,1,3,1,4,4,2,4,4,4,4,2,2,3,3,1,8,1,4,,4,,,b'\x11\xe8\xe1I\xd5\xf6v\xfc\x98|\x12\xdf\x17\xaeN\x1e'
11E8E149-D5F6-76FC-987C-12DF17AE4E1E,2024-ncaa-d2-natl,ncaa,31,31,50,31,71,100,100,98,120,126,120,146,75,93,62,107,145,172,74,169,206,112,95,110,113,119,96,73,205,114,129,51,101,66,88,83,96,210,170,124,109,129,61,76,,,133,74,,,72,93,218,227,159,159,201,181,199,90,133,206,235,230,219,217,157,92,119,107,144,147,75,,64,,,73,104,145,225,43,152,229,35,147,167,95,136,70,61,177,62,31,201,202,43,37,48,101,171,64,191,101,179,129,195,88,184,199,122,152,143,132,105,202,188,,,111,150,,,72,200,120,48,72,25,56,144,63,168,92,105,34,28,30,90,84,126,83,94,115,180,84,168,,189,,,b'\x11\xe8\xe1I\xd5\xf6v\xfc\x98|\x12\xdf\x17\xaeN\x1e'
11E8E149-D5F6-76FC-987C-12DF17AE4E1E,2025-ncaa-d2-conf-ECC,genius_ncaa,1,1,1,1,4,1,1,2,2,3,5,1,1,1,2,2,8,7,5,7,9,3,3,1,2,1,3,2,8,4,3,1,1,2,1,1,2,3,4,1,4,4,3,3,,,4,4,,5,1,4,7,7,1,1,3,5,7,2,2,8,8,8,6,6,4,1,2,1,2,5,3,,4,,5,1,2,2,6,1,2,6,1,6,7,4,6,5,5,7,5,4,7,7,1,1,1,6,8,7,5,1,5,3,4,1,2,2,5,6,2,3,2,2,2,,,7,8,,7,1,7,1,1,1,1,1,2,1,3,5,4,4,4,4,3,3,4,3,2,1,6,2,2,,8,,9,b'\x11\xe8\xe1I\xd5\xf6v\xfc\x98|\x12\xdf\x17\xaeN\x1e'
11E8E149-D5F6-76FC-987C-12DF17AE4E1E,2025-ncaa-d2-natl,genius_ncaa,40,47,43,47,55,115,84,56,151,121,104,159,49,47,84,63,272,280,134,280,296,98,105,121,164,145,131,46,294,74,111,65,111,58,102,34,11,138,111,34,75,90,19,13,,,105,56,,64,71,113,264,93,193,127,114,184,194,73,78,293,296,296,203,238,115,99,100,33,82,120,22,,40,,44,73,79,82,202,19,66,192,6,168,194,119,178,102,108,114,99,73,191,193,26,22,37,223,221,141,192,111,206,111,209,102,164,244,104,131,132,102,65,129,117,,,273,297,,267,71,189,132,34,67,19,25,74,18,94,113,129,57,64,55,51,50,134,123,124,107,170,47,95,,297,,283,b'\x11\xe8\xe1I\xd5\xf6v\xfc\x98|\x12\xdf\x17\xaeN\x1e'
11E8E149-D5F6-76FC-987C-12DF17AE4E1E,2026-ncaa-d2-conf-ECC,genius_ncaa,1,1,1,1,3,2,3,2,4,3,2,3,4,6,3,5,3,3,5,3,5,2,2,3,4,4,4,5,5,4,6,3,7,4,6,3,3,8,7,5,1,1,2,2,,,7,5,,2,3,1,1,3,2,3,2,3,2,4,6,3,3,3,2,2,4,3,4,3,8,1,2,,7,,2,3,2,2,6,1,7,7,3,1,3,1,3,7,7,8,7,7,7,8,1,2,1,2,1,7,7,7,4,6,7,6,4,4,1,1,1,8,6,5,4,,,2,6,,4,3,8,4,1,3,2,2,6,7,7,1,3,7,7,7,7,8,7,4,7,4,1,8,5,,2,,4,b'\x11\xe8\xe1I\xd5\xf6v\xfc\x98|\x12\xdf\x17\xaeN\x1e'
11E8E149-D5F6-76FC-987C-12DF17AE4E1E,2026-ncaa-d2-natl,genius_ncaa,30,13,141,24,170,107,98,118,82,64,76,105,176,196,125,239,133,98,221,99,166,117,120,111,126,127,239,217,183,132,157,101,173,113,150,51,42,169,140,75,13,13,13,8,,,206,187,,158,27,123,17,88,47,32,34,20,22,173,199,103,64,68,30,25,114,28,42,14,201,10,5,,256,,183,22,77,57,126,13,84,155,21,29,115,11,98,211,205,207,191,205,137,178,10,13,6,151,42,285,202,173,170,157,181,150,65,143,31,16,11,143,118,220,203,,,157,207,,213,27,175,132,8,29,50,31,174,73,208,20,123,253,235,230,190,279,237,230,244,58,14,164,253,,115,,217,b'\x11\xe8\xe1I\xd5\xf6v\xfc\x98|\x12\xdf\x17\xaeN\x1e'
11E8E149-D5FA-A614-987C-12DF17AE4E1E,2018-ncaa-d2-conf-GLIAC,ncaa,8,9,6,9,6,9,7,7,9,5,5,8,9,8,11,8,11,9,12,9,11,9,5,10,11,11,11,9,10,5,7,9,10,9,8,6,4,12,12,9,4,3,3,2,,,7,8,,,9,5,5,3,9,7,7,5,5,10,8,11,10,10,9,4,4,10,7,6,11,3,3,,8,,,9,6,5,6,6,1,3,4,11,9,11,11,5,5,5,5,7,5,9,6,6,6,12,12,7,11,10,5,7,8,8,9,12,4,4,6,10,10,4,6,,,12,12,,,9,7,11,7,9,6,6,8,2,3,11,11,6,7,7,8,9,10,7,9,9,4,11,6,,12,,,b'\x11\xe8\xe1I\xd5\xfa\xa6\x14\x98|\x12\xdf\x17\xaeN\x1e'
11E8E149-D5FA-A614-987C-12DF17AE4E1E,2018-ncaa-d2-natl,ncaa,252,254,206,258,210,275,223,229,211,208,208,186,220,200,230,144,305,294,299,293,300,248,217,210,252,277,264,152,304,202,185,242,213,230,211,186,105,256,294,243,81,45,58,29,,,148,215,,,270,225,196,29,280,226,205,196,177,210,188,309,301,301,257,181,179,236,220,170,284,50,46,,202,,,266,110,90,79,185,48,54,136,248,169,291,247,134,101,257,103,193,76,80,215,230,194,278,285,158,137,213,114,185,114,211,237,298,143,96,212,262,286,140,173,,,295,303,,,270,74,280,211,273,177,149,125,76,74,267,214,178,138,143,128,147,181,172,171,256,100,286,155,,304,,,b'\x11\xe8\xe1I\xd5\xfa\xa6\x14\x98|\x12\xdf\x17\xaeN\x1e'
11E8E149-D5FA-A614-987C-12DF17AE4E1E,2019-ncaa-d2-conf-GLIAC,ncaa,10,10,9,10,10,9,10,11,8,8,7,8,11,11,11,11,4,4,8,4,2,10,9,9,8,11,9,11,1,6,5,9,9,7,7,7,3,11,11,11,9,9,5,3,,,9,10,,,10,9,5,10,9,10,8,6,4,11,10,1,2,2,7,5,4,8,6,6,11,9,5,,11,,,10,10,8,5,10,4,1,8,12,12,11,12,5,5,2,5,11,5,4,11,11,11,12,12,3,8,9,6,5,7,7,12,12,10,10,12,11,11,3,6,,,9,7,,,10,4,9,11,10,11,9,9,4,2,12,12,6,8,8,9,8,9,8,8,12,9,11,6,,8,,,b'\x11\xe8\xe1I\xd5\xfa\xa6\x14\x98|\x12\xdf\x17\xaeN\x1e'
11E8E149-D5FA-A614-987C-12DF17AE4E1E,2019-ncaa-d2-natl,ncaa,278,274,260,279,280,273,270,283,203,246,254,168,271,256,264,191,221,240,80,241,162,280,265,220,200,242,207,233,77,239,187,255,110,254,155,185,42,208,287,208,275,254,93,25,,,88,214,,,280,267,185,283,257,249,271,190,203,257,220,160,186,182,261,192,191,175,187,138,269,265,60,,184,,,279,136,129,54,270,37,12,248,305,265,307,306,37,45,161,43,190,45,31,301,298,300,304,308,42,44,110,43,187,31,155,279,303,282,239,304,250,289,63,128,,,277,221,,,280,38,249,293,284,263,248,149,96,28,308,300,95,96,92,134,86,99,153,119,298,253,282,112,,225,,,b'\x11\xe8\xe1I\xd5\xfa\xa6\x14\x98|\x12\xdf\x17\xaeN\x1e'
11E8E149-D5FA-A614-987C-12DF17AE4E1E,2020-ncaa-d2-conf-GLIAC,ncaa,12,12,9,12,11,8,7,7,7,6,6,7,9,7,9,8,6,8,7,8,11,6,6,7,7,7,8,9,6,4,6,11,12,10,11,6,6,9,10,7,4,5,6,6,,,6,7,,,10,7,2,6,5,5,1,4,4,7,4,5,7,7,4,2,2,10,7,6,12,4,6,,8,,,10,11,10,7,11,7,3,11,12,11,11,12,9,9,11,8,10,7,6,12,12,12,11,12,6,11,12,8,6,10,11,9,10,7,7,8,12,11,4,4,,,11,11,,,10,6,8,12,10,12,12,11,10,3,12,12,10,11,10,12,12,12,11,12,11,5,12,5,,11,,,b'\x11\xe8\xe1I\xd5\xfa\xa6\x14\x98|\x12\xdf\x17\xaeN\x1e'
11E8E149-D5FA-A614-987C-12DF17AE4E1E,2020-ncaa-d2-natl,ncaa,277,266,257,281,276,215,208,209,195,209,207,177,167,167,181,126,217,260,42,263,266,239,241,185,180,169,148,139,183,230,246,287,277,280,289,204,164,83,135,137,111,80,160,120,,,133,190,,,256,236,94,227,147,142,79,153,124,138,108,175,238,246,116,122,183,263,268,158,138,70,135,,218,,,255,203,189,81,283,124,43,287,275,226,297,288,163,125,291,117,211,73,78,297,304,292,268,274,135,178,277,172,246,178,289,229,234,181,142,222,139,199,188,229,,,294,295,,,256,65,185,288,260,284,271,205,203,90,299,284,227,184,179,213,215,246,277,269,280,121,210,230,,284,,,b'\x11\xe8\xe1I\xd5\xfa\xa6\x14\x98|\x12\xdf\x17\xaeN\x1e'
11E8E149-D5FA-A614-987C-12DF17AE4E1E,2021-ncaa-d2-conf-GLIAC,ncaa,10,10,7,10,9,10,11,9,12,12,8,12,8,6,9,5,5,7,3,5,4,9,8,12,12,12,1,2,1,2,3,11,12,9,11,12,12,7,5,12,5,5,9,7,,,6,9,,,11,10,6,8,11,12,6,12,7,7,4,2,4,2,5,4,2,11,6,12,7,5,9,,9,,,11,9,9,4,10,8,4,12,8,5,10,8,7,6,7,6,8,4,4,10,10,9,6,7,5,8,12,6,3,8,11,7,9,5,4,7,5,4,4,6,,,9,9,,,11,4,11,10,11,10,10,7,9,5,10,8,9,7,7,8,8,11,9,11,10,3,5,5,,8,,,b'\x11\xe8\xe1I\xd5\xfa\xa6\x14\x98|\x12\xdf\x17\xaeN\x1e'
11E8E149-D5FA-A614-987C-12DF17AE4E1E,2021-ncaa-d2-natl,ncaa,140,199,68,176,74,106,116,86,201,130,95,207,73,61,141,77,82,99,29,90,111,86,89,189,183,171,31,57,54,74,145,104,104,100,170,147,203,140,95,197,73,102,108,132,,,165,164,,,202,89,139,121,185,193,139,201,147,104,88,116,155,146,139,155,124,187,171,210,79,119,149,,122,,,188,162,168,141,196,157,129,207,185,171,175,182,135,117,174,118,98,138,139,200,201,186,128,161,53,122,104,173,145,156,170,187,169,60,78,151,124,77,141,103,,,93,154,,,202,146,167,177,183,147,157,71,126,58,176,149,75,60,58,55,68,66,160,124,180,101,56,91,,171,,,b'\x11\xe8\xe1I\xd5\xfa\xa6\x14\x98|\x12\xdf\x17\xaeN\x1e'
11E8E149-D5FA-A614-987C-12DF17AE4E1E,2022-ncaa-d2-conf-GLIAC,ncaa,11,11,8,11,9,10,10,7,11,10,7,11,9,6,11,6,8,7,10,7,8,7,6,11,11,11,5,6,3,5,6,9,11,8,11,11,10,9,7,11,6,6,11,11,,,8,9,,,10,7,3,4,10,10,4,11,2,9,5,9,7,8,3,2,2,11,5,11,9,5,11,,10,,,10,7,6,4,8,6,3,9,8,7,8,8,7,10,3,10,10,5,5,10,10,7,9,9,6,10,11,10,6,11,11,9,11,3,2,6,8,7,9,9,,,8,7,,,10,5,10,9,10,9,8,6,6,6,10,9,9,10,10,6,11,11,11,11,10,1,8,9,,8,,,b'\x11\xe8\xe1I\xd5\xfa\xa6\x14\x98|\x12\xdf\x17\xaeN\x1e'
11E8E149-D5FA-A614-987C-12DF17AE4E1E,2022-ncaa-d2-natl,ncaa,290,299,106,295,111,234,245,125,296,262,159,298,160,90,258,93,184,176,212,173,182,133,117,293,290,280,53,72,99,129,223,193,216,171,273,248,221,215,186,264,153,176,269,273,,,244,245,,,291,118,155,40,281,286,146,290,196,174,92,218,199,198,158,146,141,258,223,276,188,171,283,,235,,,286,255,239,168,268,182,103,264,284,258,272,260,231,229,150,226,261,181,186,280,280,268,261,258,149,191,216,287,223,270,273,291,285,114,142,252,212,194,265,257,,,151,204,,,291,182,283,269,286,262,238,131,163,51,279,256,213,214,219,158,169,158,290,269,284,138,203,260,,187,,,b'\x11\xe8\xe1I\xd5\xfa\xa6\x14\x98|\x12\xdf\x17\xaeN\x1e'
11E8E149-D5FA-A614-987C-12DF17AE4E1E,2023-ncaa-d2-conf-GLIAC,ncaa,10,10,9,10,9,10,10,9,10,10,8,10,6,7,4,5,10,9,10,9,9,9,10,10,10,10,5,3,8,5,4,10,7,9,8,9,4,6,9,8,8,8,7,7,,,4,8,,,10,9,6,4,10,10,6,10,4,5,5,10,8,8,8,6,4,8,9,7,9,8,6,,8,,,10,6,6,2,9,7,2,10,7,4,10,5,5,4,9,4,6,2,2,10,10,10,6,6,6,3,7,8,4,6,8,9,8,9,7,9,6,9,4,5,,,10,10,,,10,2,10,10,10,9,9,6,9,6,9,5,8,7,6,6,5,6,10,8,9,8,9,6,,10,,,b'\x11\xe8\xe1I\xd5\xfa\xa6\x14\x98|\x12\xdf\x17\xaeN\x1e'
11E8E149-D5FA-A614-987C-12DF17AE4E1E,2023-ncaa-d2-natl,ncaa,256,250,197,260,210,249,228,217,224,238,229,222,162,152,163,101,283,251,293,251,211,228,229,209,247,245,151,81,267,201,218,224,67,227,199,216,140,138,200,201,255,246,165,131,,,147,247,,,277,227,197,128,258,226,198,232,203,136,118,286,232,238,225,194,181,214,216,202,186,253,153,,205,,,274,170,159,67,275,150,62,276,165,115,251,170,190,146,288,144,209,67,53,276,283,288,182,158,181,26,67,163,218,89,199,174,194,243,211,253,150,195,156,210,,,242,225,,,277,70,251,273,275,253,230,106,215,86,209,158,236,188,187,109,65,41,236,148,219,227,183,183,,236,,,b'\x11\xe8\xe1I\xd5\xfa\xa6\x14\x98|\x12\xdf\x17\xaeN\x1e'
11E8E149-D5FA-A614-987C-12DF17AE4E1E,2024-ncaa-d2-conf-GLIAC,ncaa,9,9,9,9,9,9,9,7,9,9,6,9,9,9,10,9,10,8,10,8,9,7,7,9,10,9,9,9,6,6,8,10,8,8,9,10,10,7,8,10,7,7,9,9,,,6,8,,,9,9,4,1,9,9,6,9,1,9,8,10,6,6,6,3,4,9,6,10,8,7,9,,7,,,9,7,6,2,9,7,2,10,6,3,8,5,8,10,4,10,10,3,1,9,9,10,6,4,8,6,8,8,8,8,9,9,8,7,6,8,9,9,5,7,,,9,9,,,9,1,9,9,9,9,8,7,8,5,8,7,9,10,10,7,8,7,9,9,9,6,9,7,,7,,,b'\x11\xe8\xe1I\xd5\xfa\xa6\x14\x98|\x12\xdf\x17\xaeN\x1e'
11E8E149-D5FA-A614-987C-12DF17AE4E1E,2024-ncaa-d2-natl,ncaa,275,293,117,282,141,232,220,160,264,209,143,263,202,171,237,172,236,168,290,160,189,162,147,261,279,270,177,163,180,180,241,209,160,207,265,270,284,195,195,278,178,178,233,228,,,247,271,,,288,144,169,150,270,265,195,249,155,219,188,257,174,170,198,174,187,254,245,290,179,186,248,,237,,,280,258,236,109,289,208,65,294,242,228,220,238,260,252,227,250,285,138,126,289,293,292,218,189,202,108,160,271,241,227,265,281,282,163,164,262,229,225,202,198,,,151,134,,,288,141,272,284,287,257,236,70,211,31,231,226,253,240,236,124,107,95,276,237,280,179,214,204,,157,,,b'\x11\xe8\xe1I\xd5\xfa\xa6\x14\x98|\x12\xdf\x17\xaeN\x1e'
11E8E149-D5FA-A614-987C-12DF17AE4E1E,2025-ncaa-d2-conf-GLIAC,genius_ncaa,9,9,9,9,9,10,10,11,8,10,9,9,11,11,11,10,9,7,10,7,1,10,10,10,10,10,8,10,1,10,10,8,10,10,9,11,11,9,11,11,9,9,9,9,,,3,6,,9,9,9,7,3,10,10,11,10,10,11,11,5,2,2,10,10,10,8,9,11,11,9,9,,6,,9,9,6,7,4,7,7,6,8,3,4,7,5,6,8,7,7,7,5,4,7,8,9,3,3,7,11,10,6,10,6,9,7,9,10,9,10,8,10,6,8,,,9,6,,7,9,3,10,9,9,9,8,9,8,10,5,6,11,10,10,10,9,11,7,9,7,9,9,8,,8,,7,b'\x11\xe8\xe1I\xd5\xfa\xa6\x14\x98|\x12\xdf\x17\xaeN\x1e'
11E8E149-D5FA-A614-987C-12DF17AE4E1E,2025-ncaa-d2-natl,genius_ncaa,261,271,207,270,224,268,265,272,217,255,255,196,232,216,243,144,233,219,238,216,115,273,255,222,227,250,168,179,131,284,287,220,212,260,267,273,253,185,268,280,238,234,193,191,,,76,101,,210,290,234,187,207,284,285,291,261,250,228,204,232,205,202,290,255,287,194,271,287,225,230,177,,112,,231,287,195,216,136,265,225,124,279,159,166,152,194,115,87,272,89,105,119,81,264,266,274,82,134,83,160,212,153,287,150,267,269,257,254,250,288,204,275,147,243,,,249,172,,180,290,73,277,283,288,252,267,228,263,190,205,210,149,123,127,212,144,206,214,222,279,246,233,193,,238,,174,b'\x11\xe8\xe1I\xd5\xfa\xa6\x14\x98|\x12\xdf\x17\xaeN\x1e'
11E8E149-D5FA-A614-987C-12DF17AE4E1E,2026-ncaa-d2-conf-GLIAC,genius_ncaa,5,5,1,5,1,5,6,8,7,3,3,6,10,10,10,10,1,1,6,1,2,6,5,7,5,6,8,11,1,9,9,9,9,10,10,9,11,6,6,8,4,4,1,2,,,11,11,,3,5,3,4,1,5,6,8,3,3,10,10,1,1,1,6,5,9,9,10,9,6,4,1,,11,,3,5,4,4,2,6,7,5,8,1,1,1,1,10,11,2,11,11,4,9,5,6,4,4,1,11,10,9,9,9,10,10,2,1,2,2,2,6,6,2,3,,,1,1,,2,5,7,7,5,6,4,4,2,7,5,1,1,10,11,11,4,9,10,9,10,2,2,6,2,,1,,2,b'\x11\xe8\xe1I\xd5\xfa\xa6\x14\x98|\x12\xdf\x17\xaeN\x1e'
11E8E149-D5FA-A614-987C-12DF17AE4E1E,2026-ncaa-d2-natl,genius_ncaa,246,239,141,256,166,226,215,200,204,178,173,173,234,214,239,189,222,206,202,206,211,209,207,220,227,219,234,213,177,249,263,219,227,239,270,248,258,116,181,229,129,108,40,35,,,186,259,,60,221,192,208,78,245,224,218,165,155,237,212,228,208,210,236,240,249,249,271,259,136,118,34,,236,,65,222,122,129,94,215,158,112,230,75,93,96,106,147,153,116,151,194,103,107,194,192,156,79,72,184,154,227,156,263,159,270,103,79,155,106,103,148,200,51,53,,,208,182,,165,221,102,236,175,228,136,146,90,191,141,76,91,166,184,185,108,118,195,205,206,104,119,171,49,,221,,170,b'\x11\xe8\xe1I\xd5\xfa\xa6\x14\x98|\x12\xdf\x17\xaeN\x1e'
11E8E149-D5FF-7036-987C-12DF17AE4E1E,2018-ncaa-d2-conf-G-MAC,ncaa,11,11,9,11,9,9,8,11,8,10,12,6,3,2,7,1,5,7,2,7,2,11,11,7,6,7,3,2,3,7,4,10,6,9,5,11,11,6,10,11,10,9,13,13,,,5,10,,,9,11,9,4,7,8,11,10,12,3,1,3,4,4,11,9,5,9,8,11,9,9,13,,10,,,9,8,7,4,12,10,2,12,3,5,9,6,11,13,4,13,12,4,3,11,11,12,5,3,10,3,6,1,4,1,5,6,4,9,9,8,4,7,4,9,,,3,2,,,9,3,7,12,9,12,10,6,11,7,6,6,12,13,13,7,7,7,5,5,7,9,6,6,,3,,,b'\x11\xe8\xe1I\xd5\xffp6\x98|\x12\xdf\x17\xaeN\x1e'
11E8E149-D5FF-7036-987C-12DF17AE4E1E,2018-ncaa-d2-natl,ncaa,196,206,148,204,173,107,136,170,113,239,285,60,18,18,80,8,108,178,14,180,36,172,181,53,45,56,9,15,144,159,117,211,104,192,120,161,198,124,146,156,219,203,304,307,,,100,119,,,177,182,164,122,67,120,167,259,296,8,8,91,164,167,165,170,147,233,206,163,144,217,306,,100,,,176,247,257,134,296,243,89,304,230,215,209,252,153,145,180,148,190,129,110,295,291,298,147,178,92,64,104,81,117,62,120,198,82,226,217,232,75,84,119,240,,,146,106,,,177,135,49,284,169,263,269,158,253,96,242,235,161,157,158,161,117,60,89,70,198,229,87,123,,115,,,b'\x11\xe8\xe1I\xd5\xffp6\x98|\x12\xdf\x17\xaeN\x1e'
11E8E149-D5FF-7036-987C-12DF17AE4E1E,2019-ncaa-d2-conf-G-MAC,ncaa,11,11,9,11,13,12,13,14,10,12,13,7,13,12,13,11,3,3,3,3,2,14,13,11,10,12,7,14,1,5,3,13,11,12,4,13,13,11,13,13,7,4,14,14,,,2,3,,,6,14,14,11,11,13,14,12,10,13,12,2,2,2,13,12,5,13,11,13,12,5,14,,2,,,6,1,1,1,7,2,1,11,4,9,1,13,1,1,7,1,3,1,1,8,7,3,6,11,1,6,11,1,3,1,4,7,12,3,2,4,12,13,5,9,,,5,2,,,6,1,10,4,7,2,2,1,2,2,6,10,1,1,1,1,2,9,2,3,9,3,13,6,,2,,,b'\x11\xe8\xe1I\xd5\xffp6\x98|\x12\xdf\x17\xaeN\x1e'
11E8E149-D5FF-7036-987C-12DF17AE4E1E,2019-ncaa-d2-natl,ncaa,216,244,118,229,167,211,236,237,214,211,222,155,242,189,283,172,54,80,69,83,24,212,195,229,184,206,133,240,4,111,54,253,215,204,119,289,295,223,245,296,125,95,306,309,,,23,23,,,166,221,273,245,246,273,283,234,249,264,207,37,75,76,264,243,103,279,237,302,215,131,311,,13,,,167,86,126,95,190,72,17,272,277,292,146,308,16,19,111,19,71,66,94,239,204,142,243,301,13,129,215,38,54,65,119,190,238,95,48,130,261,274,181,217,,,90,24,,,166,94,197,151,169,74,114,69,56,8,270,290,14,13,12,30,52,125,29,60,191,80,250,179,,67,,,b'\x11\xe8\xe1I\xd5\xffp6\x98|\x12\xdf\x17\xaeN\x1e'
11E8E149-D5FF-7036-987C-12DF17AE4E1E,2020-ncaa-d2-conf-MEC,ncaa,10,10,7,10,10,10,10,10,9,9,10,7,10,6,11,5,7,4,7,4,3,10,9,9,9,9,6,8,1,3,2,9,3,6,2,11,9,9,9,11,12,11,12,12,,,3,8,,,8,11,11,7,9,10,9,9,10,9,5,5,3,3,8,8,2,8,3,11,9,12,12,,3,,,9,4,6,3,9,7,3,10,7,6,7,8,3,3,6,3,7,3,1,9,10,11,4,7,3,1,3,3,2,1,2,10,11,11,9,12,7,8,11,11,,,2,2,,,8,2,9,10,10,6,6,4,6,3,7,7,3,3,3,3,1,3,3,2,11,12,7,12,,1,,,b'\x11\xe8\xe1I\xd5\xffp6\x98|\x12\xdf\x17\xaeN\x1e'
11E8E149-D5FF-7036-987C-12DF17AE4E1E,2020-ncaa-d2-natl,ncaa,243,279,54,256,85,80,86,65,131,41,52,99,202,152,268,224,28,26,151,30,73,56,29,170,155,178,228,264,45,12,7,94,115,25,23,153,252,295,224,238,248,290,292,304,,,156,75,,,257,63,84,214,99,110,99,46,73,228,188,35,32,43,65,38,14,140,29,195,272,281,304,,105,,,243,304,306,289,302,304,253,308,296,297,229,250,117,115,156,104,54,280,238,303,298,306,75,206,11,152,115,106,7,120,23,307,229,237,289,306,288,232,297,262,,,11,45,,,257,248,126,300,244,292,300,281,294,208,284,279,81,74,67,256,183,116,48,59,296,285,258,287,,15,,,b'\x11\xe8\xe1I\xd5\xffp6\x98|\x12\xdf\x17\xaeN\x1e'
11E8E149-D5FF-7036-987C-12DF17AE4E1E,2021-ncaa-d2-conf-MEC,ncaa,11,11,11,11,12,11,11,11,11,11,8,11,10,9,12,8,12,12,9,12,11,11,11,11,11,11,11,10,7,6,4,8,7,9,7,11,6,8,8,11,7,7,7,7,,,4,6,,,11,12,4,10,10,10,4,8,4,10,7,11,10,10,5,3,3,6,2,11,11,7,7,,8,,,11,6,5,3,8,5,2,11,10,7,11,12,3,3,7,3,5,2,1,11,11,11,10,11,2,2,7,5,4,3,7,12,12,11,9,12,6,6,11,12,,,12,9,,,11,1,11,11,11,11,12,11,7,5,11,12,5,5,5,9,8,6,9,8,12,7,7,12,,9,,,b'\x11\xe8\xe1I\xd5\xffp6\x98|\x12\xdf\x17\xaeN\x1e'
11E8E149-D5FF-7036-987C-12DF17AE4E1E,2021-ncaa-d2-natl,ncaa,190,191,132,197,143,137,123,106,176,91,70,157,176,150,222,188,149,140,177,140,212,112,104,195,201,200,220,216,163,45,41,113,157,87,97,144,190,149,167,195,114,145,136,172,,,110,93,,,213,113,13,216,122,77,11,32,11,207,144,159,134,132,15,7,14,30,8,152,208,94,139,,175,,,214,149,164,134,199,154,123,203,186,159,199,187,80,84,93,83,48,125,118,209,194,208,114,187,15,153,157,127,41,131,97,193,189,139,197,220,159,160,209,195,,,134,204,,,213,114,185,217,211,224,223,222,212,196,222,223,95,99,98,218,216,196,203,206,224,145,200,221,,103,,,b'\x11\xe8\xe1I\xd5\xffp6\x98|\x12\xdf\x17\xaeN\x1e'
11E8E149-D5FF-7036-987C-12DF17AE4E1E,2022-ncaa-d2-conf-MEC,ncaa,10,10,6,10,9,10,10,8,9,11,12,10,6,5,6,4,12,12,10,12,12,11,10,7,10,10,5,3,12,11,11,5,10,10,11,9,9,9,9,9,5,5,4,4,,,2,1,,,9,9,8,12,11,10,7,12,11,6,5,12,12,12,12,12,11,4,10,9,8,5,4,,1,,,9,8,7,7,6,6,6,6,6,8,4,8,6,6,7,6,5,8,4,5,6,8,6,7,7,11,10,11,11,12,11,9,8,9,8,9,9,11,5,9,,,12,12,,,9,4,10,9,9,6,7,7,7,6,6,7,6,5,5,7,6,12,11,12,8,9,9,5,,12,,,b'\x11\xe8\xe1I\xd5\xffp6\x98|\x12\xdf\x17\xaeN\x1e'
11E8E149-D5FF-7036-987C-12DF17AE4E1E,2022-ncaa-d2-natl,ncaa,215,264,64,237,103,130,102,68,183,144,122,179,52,42,123,49,277,268,240,268,291,92,82,159,197,194,122,37,297,202,272,68,229,110,263,195,276,237,184,241,177,250,90,135,,,142,35,,,268,68,54,290,197,139,87,203,174,62,48,294,295,295,145,135,243,72,167,246,192,212,108,,90,,,255,282,278,279,157,278,265,184,238,270,86,174,249,239,182,238,131,279,256,148,148,217,122,135,130,285,229,283,272,293,263,225,83,194,272,239,274,244,115,101,,,264,300,,,268,239,236,252,250,270,263,289,254,260,210,246,209,197,190,287,253,264,276,279,175,238,247,85,,297,,,b'\x11\xe8\xe1I\xd5\xffp6\x98|\x12\xdf\x17\xaeN\x1e'
11E8E149-D5FF-7036-987C-12DF17AE4E1E,2023-ncaa-d2-conf-MEC,ncaa,8,8,6,8,10,9,6,6,4,1,3,3,7,7,9,8,12,12,12,12,12,7,7,6,9,11,12,9,12,6,6,3,6,4,6,8,10,12,11,11,7,7,5,1,,,11,11,,,9,6,3,10,10,4,3,1,2,7,7,12,12,12,5,4,6,2,2,7,12,5,4,,12,,,9,9,4,6,1,1,2,4,12,12,8,12,12,12,10,12,12,8,7,6,7,8,12,12,11,9,6,4,6,5,6,9,11,7,8,9,10,10,1,1,,,11,12,,,9,7,9,8,9,11,6,8,2,3,12,12,12,12,12,10,9,9,6,8,9,6,10,1,,12,,,b'\x11\xe8\xe1I\xd5\xffp6\x98|\x12\xdf\x17\xaeN\x1e'
11E8E149-D5FF-7036-987C-12DF17AE4E1E,2023-ncaa-d2-natl,ncaa,241,250,148,249,177,114,56,60,63,25,28,66,218,210,219,253,290,261,290,263,296,87,40,104,180,226,295,255,296,79,87,75,217,65,131,138,272,294,272,252,105,184,83,60,,,291,270,,,256,41,4,208,69,10,9,5,7,231,209,292,272,273,21,4,65,18,19,126,292,92,76,,297,,,254,281,214,254,77,91,119,107,295,295,190,286,297,297,177,297,296,276,266,139,177,210,296,280,277,278,217,161,87,225,131,241,229,129,215,197,289,254,8,1,,,186,286,,,256,258,234,235,246,293,253,288,107,137,297,298,296,296,296,293,294,281,190,261,262,100,282,7,,188,,,b'\x11\xe8\xe1I\xd5\xffp6\x98|\x12\xdf\x17\xaeN\x1e'
11E8E149-D5FF-7036-987C-12DF17AE4E1E,2024-ncaa-d2-conf-MEC,ncaa,11,11,11,11,11,11,11,9,10,10,5,11,11,10,9,10,10,10,9,10,10,9,9,11,11,11,11,9,9,7,7,10,8,11,7,11,7,7,10,11,7,7,10,9,,,6,7,,,11,9,5,9,11,10,5,7,3,11,10,10,10,10,6,4,5,7,8,10,11,7,9,,8,,,11,8,5,5,10,4,3,10,10,9,10,11,7,8,3,7,11,5,4,10,10,11,10,11,6,6,8,4,7,4,7,10,11,8,7,10,10,10,2,2,,,11,10,,,11,3,11,11,11,10,9,8,8,4,11,11,11,11,11,8,7,8,8,6,11,7,10,3,,10,,,b'\x11\xe8\xe1I\xd5\xffp6\x98|\x12\xdf\x17\xaeN\x1e'
11E8E149-D5FF-7036-987C-12DF17AE4E1E,2024-ncaa-d2-natl,ncaa,283,284,248,285,254,244,221,202,243,171,106,253,270,267,235,270,251,236,248,230,257,209,162,257,264,278,276,260,182,171,130,254,283,245,241,247,247,262,272,280,150,158,244,239,,,201,205,,,286,164,12,123,205,167,54,97,22,264,252,218,166,163,74,25,104,226,186,224,288,103,231,,279,,,285,236,195,144,218,138,82,234,261,248,230,250,244,250,125,246,275,169,160,246,251,250,267,236,201,241,283,73,130,145,241,247,247,157,181,229,264,272,50,33,,,237,254,,,286,136,279,267,283,292,277,282,242,182,288,287,285,287,287,291,291,284,186,252,283,97,284,83,,169,,,b'\x11\xe8\xe1I\xd5\xffp6\x98|\x12\xdf\x17\xaeN\x1e'
11E8E149-D5FF-7036-987C-12DF17AE4E1E,2025-ncaa-d2-conf-MEC,genius_ncaa,11,11,11,11,11,11,11,8,11,10,5,11,11,11,11,11,11,11,10,11,11,8,8,11,11,11,11,11,7,7,10,10,9,8,10,11,11,5,8,11,6,6,8,6,,,9,10,,3,11,9,3,8,11,11,4,10,1,11,11,11,9,9,6,4,6,9,7,11,7,5,8,,10,,3,11,4,3,3,2,3,2,7,9,11,1,11,9,9,6,9,11,3,4,3,5,4,11,9,10,8,9,9,10,8,10,8,10,6,6,7,5,8,3,2,,,11,9,,8,11,3,11,6,11,7,5,7,3,2,10,11,10,10,10,9,8,9,11,11,9,6,10,4,,11,,7,b'\x11\xe8\xe1I\xd5\xffp6\x98|\x12\xdf\x17\xaeN\x1e'
11E8E149-D5FF-7036-987C-12DF17AE4E1E,2025-ncaa-d2-natl,genius_ncaa,287,293,230,291,251,276,269,164,298,235,78,300,273,270,267,269,251,227,269,220,275,170,167,298,300,298,245,247,136,169,218,243,286,225,284,285,294,173,193,291,145,154,202,176,,,247,258,,233,294,164,18,207,283,274,39,212,15,266,258,236,178,170,55,37,116,201,174,296,234,92,179,,287,,258,294,180,112,166,83,62,52,169,244,277,84,278,260,253,160,255,290,187,168,122,145,166,292,252,245,272,286,236,218,269,284,146,182,166,190,169,181,206,66,33,,,259,277,,122,294,138,298,209,292,276,215,285,137,116,283,297,283,281,281,294,289,291,292,297,221,103,239,85,,214,,92,b'\x11\xe8\xe1I\xd5\xffp6\x98|\x12\xdf\x17\xaeN\x1e'
11E8E149-D5FF-7036-987C-12DF17AE4E1E,2026-ncaa-d2-conf-MEC,genius_ncaa,10,8,9,10,9,10,9,9,10,9,9,11,9,11,5,9,9,6,11,6,7,9,9,10,11,11,6,6,5,9,10,10,11,10,10,11,11,3,3,11,4,3,11,11,,,8,11,,5,10,9,1,1,8,5,3,5,1,7,8,5,3,3,3,3,6,10,10,11,6,3,11,,11,,8,11,3,3,3,11,5,3,11,2,3,1,2,11,9,10,10,11,3,3,10,11,9,2,1,11,6,11,5,10,4,10,1,1,4,4,1,4,5,1,1,,,8,5,,6,10,3,11,9,10,11,11,5,11,11,2,3,11,11,11,11,11,9,10,11,1,2,6,1,,3,,6,b'\x11\xe8\xe1I\xd5\xffp6\x98|\x12\xdf\x17\xaeN\x1e'
11E8E149-D5FF-7036-987C-12DF17AE4E1E,2026-ncaa-d2-natl,genius_ncaa,246,272,59,268,136,172,170,49,290,178,36,294,141,133,152,211,163,97,284,90,220,53,72,287,291,268,123,122,150,151,275,233,288,220,295,240,274,134,49,227,94,173,288,296,,,290,282,,158,295,56,32,277,251,247,33,242,33,168,175,219,129,126,37,71,202,296,291,280,77,130,295,,295,,157,291,268,263,216,290,284,257,289,95,135,61,39,290,287,278,286,243,244,253,267,285,269,44,14,247,260,288,294,275,289,295,242,103,44,102,143,162,93,191,114,,,94,176,,19,295,244,279,277,285,288,279,201,292,255,52,75,295,283,283,257,265,243,298,294,227,54,117,178,,134,,26,b'\x11\xe8\xe1I\xd5\xffp6\x98|\x12\xdf\x17\xaeN\x1e'
11E8E149-D603-BB0A-987C-12DF17AE4E1E,2018-ncaa-d2-conf-Gulf South,ncaa,8,7,7,8,8,13,13,11,11,9,8,12,11,12,8,10,9,10,4,10,12,11,13,10,10,10,10,11,5,10,8,10,9,9,9,13,12,2,4,9,12,12,10,9,,,6,8,,,8,13,14,9,13,13,13,11,6,11,12,9,10,11,14,14,10,12,10,13,2,12,10,,5,,,8,2,1,2,5,3,1,9,3,6,2,10,8,7,12,7,11,3,2,4,6,5,9,6,11,6,9,2,8,4,9,2,7,11,10,4,3,4,12,11,,,12,9,,,8,2,10,5,8,2,2,1,3,1,3,4,8,7,7,1,1,8,4,6,3,11,2,10,,11,,,b'\x11\xe8\xe1I\xd6\x03\xbb\n\x98|\x12\xdf\x17\xaeN\x1e'
11E8E149-D603-BB0A-987C-12DF17AE4E1E,2018-ncaa-d2-natl,ncaa,161,164,148,170,188,271,267,255,230,234,208,234,263,262,238,219,237,245,170,247,215,254,266,244,241,230,222,225,119,235,219,226,130,235,192,284,288,54,153,247,268,250,270,259,,,70,185,,,172,268,302,226,297,290,295,253,213,271,270,244,248,250,295,302,236,246,261,297,59,276,277,,71,,,172,14,8,29,46,21,25,123,36,121,6,231,151,142,187,141,256,32,42,43,64,68,210,102,265,80,130,93,219,78,192,13,106,203,119,62,31,77,105,152,,,277,234,,,172,47,232,75,170,9,10,13,18,12,35,134,157,152,155,17,9,82,105,88,17,205,39,113,,294,,,b'\x11\xe8\xe1I\xd6\x03\xbb\n\x98|\x12\xdf\x17\xaeN\x1e'
11E8E149-D603-BB0A-987C-12DF17AE4E1E,2019-ncaa-d2-conf-Gulf South,ncaa,5,4,5,5,5,6,3,4,5,1,1,5,13,13,6,13,8,9,2,9,12,4,3,6,6,6,13,13,9,2,2,6,2,3,2,4,6,11,9,6,5,4,8,6,,,9,9,,,4,6,6,1,5,2,2,1,1,13,13,8,10,10,3,2,2,4,2,5,11,5,7,,9,,,4,4,4,4,7,3,4,7,7,11,5,11,4,7,4,7,8,4,5,7,7,5,7,9,8,3,2,1,2,2,2,6,6,6,4,3,12,8,7,2,,,10,11,,,4,8,5,4,4,6,4,6,4,6,7,8,5,7,7,5,7,2,2,2,7,6,11,7,,9,,,b'\x11\xe8\xe1I\xd6\x03\xbb\n\x98|\x12\xdf\x17\xaeN\x1e'
11E8E149-D603-BB0A-987C-12DF17AE4E1E,2019-ncaa-d2-natl,ncaa,85,74,118,80,133,146,92,145,52,39,29,112,291,302,127,310,184,210,99,209,294,160,152,129,130,154,311,304,208,89,38,132,51,108,31,124,181,220,208,159,94,70,219,207,,,138,158,,,87,171,202,62,145,72,142,12,10,299,310,196,216,217,170,149,78,130,85,131,209,96,229,,125,,,84,69,83,96,122,96,78,166,114,177,55,234,76,119,51,118,178,90,119,123,106,88,148,185,136,60,51,40,38,35,31,64,85,110,69,58,214,197,113,34,,,219,256,,,87,141,119,63,86,62,72,71,81,52,122,173,72,109,109,58,79,49,31,27,66,95,202,96,,240,,,b'\x11\xe8\xe1I\xd6\x03\xbb\n\x98|\x12\xdf\x17\xaeN\x1e'
11E8E149-D603-BB0A-987C-12DF17AE4E1E,2020-ncaa-d2-conf-Gulf South,ncaa,3,3,1,3,2,2,2,1,6,1,1,5,12,12,12,13,1,1,6,1,6,1,1,9,9,8,13,13,1,1,1,2,5,1,3,3,7,10,2,5,3,4,2,2,,,11,7,,,3,1,6,3,6,5,3,1,1,12,12,1,1,1,2,2,1,2,1,5,6,5,2,,8,,,3,8,9,11,3,6,10,3,11,12,3,8,10,10,3,10,9,11,13,3,3,3,10,9,9,10,5,11,1,11,3,5,7,5,5,3,2,1,13,7,,,1,7,,,3,13,5,3,3,3,3,8,4,6,4,7,7,8,8,7,7,6,5,7,5,5,1,10,,5,,,b'\x11\xe8\xe1I\xd6\x03\xbb\n\x98|\x12\xdf\x17\xaeN\x1e'
11E8E149-D603-BB0A-987C-12DF17AE4E1E,2020-ncaa-d2-natl,ncaa,35,46,17,44,26,39,30,26,104,11,3,117,282,267,291,304,15,14,171,14,168,18,17,183,169,144,305,309,54,13,27,13,73,7,33,59,162,206,79,108,43,71,18,22,,,212,106,,,52,34,104,97,76,52,44,10,3,300,292,28,27,28,37,51,20,24,12,96,126,67,28,,132,,,52,188,161,266,39,154,247,45,188,247,66,172,216,233,68,235,176,272,274,42,43,50,200,176,199,213,73,233,27,236,33,137,112,68,111,79,103,27,197,52,,,57,216,,,52,275,101,47,59,78,80,165,82,152,131,181,148,176,175,174,189,145,141,144,77,104,49,152,,124,,,b'\x11\xe8\xe1I\xd6\x03\xbb\n\x98|\x12\xdf\x17\xaeN\x1e'
11E8E149-D603-BB0A-987C-12DF17AE4E1E,2021-ncaa-d2-conf-Gulf South,ncaa,7,9,9,8,9,9,7,8,5,5,4,5,12,13,7,13,10,9,7,9,13,8,9,7,8,7,13,13,9,5,4,9,3,8,3,8,9,4,4,6,10,9,6,4,,,3,5,,,5,9,12,2,8,5,8,1,1,13,13,10,10,10,8,9,4,7,4,6,3,11,4,,3,,,5,5,5,5,7,5,5,8,5,5,5,4,4,5,6,5,7,5,5,7,6,10,5,4,7,3,3,6,4,4,3,5,11,12,13,12,4,1,8,5,,,9,11,,,5,5,6,8,5,4,6,2,8,7,3,4,6,5,6,2,1,2,4,2,6,13,1,7,,12,,,b'\x11\xe8\xe1I\xd6\x03\xbb\n\x98|\x12\xdf\x17\xaeN\x1e'
11E8E149-D603-BB0A-987C-12DF17AE4E1E,2021-ncaa-d2-natl,ncaa,106,156,99,134,100,120,101,116,73,63,58,99,184,181,159,224,115,114,114,113,199,117,119,128,132,121,223,223,115,70,54,107,41,100,36,104,123,103,79,88,127,131,100,95,,,95,101,,,103,126,209,35,141,105,132,35,30,222,224,136,139,141,136,160,69,120,85,111,58,157,114,,48,,,103,106,104,100,119,116,97,147,78,106,42,108,137,136,100,137,171,103,93,106,107,143,91,65,168,66,41,110,54,95,36,108,114,144,176,159,65,33,103,42,,,132,173,,,103,100,107,116,111,59,65,31,95,60,49,82,128,128,135,41,16,38,61,33,71,202,25,73,,188,,,b'\x11\xe8\xe1I\xd6\x03\xbb\n\x98|\x12\xdf\x17\xaeN\x1e'
11E8E149-D603-BB0A-987C-12DF17AE4E1E,2022-ncaa-d2-conf-Gulf South,ncaa,5,5,3,5,3,6,6,6,6,3,1,9,10,11,5,13,5,4,8,4,9,6,5,8,8,7,12,12,4,3,1,2,2,1,2,7,8,6,4,7,9,10,10,9,,,10,10,,,4,7,12,6,8,6,8,2,2,12,12,4,6,6,6,10,3,2,1,9,2,11,11,,8,,,4,7,5,7,5,5,4,7,9,11,5,11,10,10,9,10,12,7,6,5,6,7,12,8,11,2,2,7,1,4,2,10,11,9,12,10,3,1,2,1,,,6,8,,,4,7,5,5,4,4,4,3,3,2,6,10,8,8,8,2,1,2,4,2,6,12,2,1,,8,,,b'\x11\xe8\xe1I\xd6\x03\xbb\n\x98|\x12\xdf\x17\xaeN\x1e'
11E8E149-D603-BB0A-987C-12DF17AE4E1E,2022-ncaa-d2-natl,ncaa,116,119,146,118,173,170,165,210,92,111,117,140,257,272,117,278,97,106,121,105,142,195,211,134,120,105,253,271,55,118,57,123,7,121,7,182,192,60,96,124,234,204,252,231,,,106,214,,,128,232,286,191,173,175,243,92,99,274,285,80,96,96,222,252,105,88,84,197,57,254,262,,117,,,128,95,56,59,145,42,31,192,161,182,130,255,210,200,181,196,285,68,56,173,202,234,276,216,251,13,7,53,57,27,7,99,182,264,241,228,19,30,16,5,,,178,108,,,128,76,82,187,118,93,46,19,30,10,169,195,220,212,209,28,12,10,28,8,100,279,15,9,,183,,,b'\x11\xe8\xe1I\xd6\x03\xbb\n\x98|\x12\xdf\x17\xaeN\x1e'
11E8E149-D603-BB0A-987C-12DF17AE4E1E,2023-ncaa-d2-conf-Gulf South,ncaa,6,6,5,6,6,11,8,11,6,4,2,7,13,13,13,13,12,13,8,13,13,12,11,10,11,11,13,13,11,12,3,7,4,7,2,11,12,9,12,11,11,10,2,1,,,3,4,,,8,11,13,10,11,8,12,5,3,13,13,12,13,13,13,13,11,5,4,11,9,12,2,,4,,,8,1,1,5,2,1,3,2,4,8,4,8,5,5,6,5,5,4,3,3,2,5,11,10,10,3,4,1,3,1,2,1,1,11,10,5,2,5,1,1,,,10,10,,,8,3,11,5,7,4,4,6,2,4,3,8,6,6,6,4,3,3,1,1,1,12,4,1,,12,,,b'\x11\xe8\xe1I\xd6\x03\xbb\n\x98|\x12\xdf\x17\xaeN\x1e'
11E8E149-D603-BB0A-987C-12DF17AE4E1E,2023-ncaa-d2-natl,ncaa,152,206,68,179,100,206,174,198,105,84,80,118,284,283,269,279,218,223,153,221,271,206,193,181,189,208,290,288,172,201,103,157,79,182,45,225,254,199,228,234,237,239,128,111,,,119,140,,,178,182,280,204,273,235,292,110,107,290,290,254,259,260,293,291,238,233,258,262,161,262,152,,67,,,173,81,70,128,43,61,116,58,146,176,98,192,143,148,105,144,172,136,111,56,63,106,228,206,183,55,79,19,103,22,45,52,80,212,217,127,67,99,17,6,,,197,180,,,178,132,224,84,164,26,24,41,19,47,119,138,98,106,101,33,11,39,1,2,30,249,51,11,,263,,,b'\x11\xe8\xe1I\xd6\x03\xbb\n\x98|\x12\xdf\x17\xaeN\x1e'
11E8E149-D603-BB0A-987C-12DF17AE4E1E,2024-ncaa-d2-conf-Gulf South,ncaa,6,5,7,6,12,9,9,11,8,12,13,9,7,8,2,6,12,13,8,13,6,12,12,8,8,9,3,3,9,12,11,11,7,11,10,7,2,7,9,7,8,8,4,4,,,3,4,,,8,11,9,9,9,9,11,12,13,6,7,11,13,13,12,12,12,9,11,7,8,8,3,,3,,,8,2,4,6,4,4,6,6,6,7,2,10,2,2,1,2,3,2,1,4,4,5,6,8,4,4,7,4,11,2,10,8,11,11,11,10,6,8,10,12,,,8,4,,,8,2,9,5,8,3,5,7,4,7,6,9,2,2,2,4,3,5,6,3,8,11,7,10,,7,,,b'\x11\xe8\xe1I\xd6\x03\xbb\n\x98|\x12\xdf\x17\xaeN\x1e'
11E8E149-D603-BB0A-987C-12DF17AE4E1E,2024-ncaa-d2-natl,ncaa,157,151,207,155,213,239,248,262,161,268,269,212,123,185,24,87,233,246,135,243,103,263,270,129,130,152,38,46,152,271,235,250,153,266,197,193,70,103,221,164,258,235,107,62,,,44,102,,,181,258,258,59,231,249,283,277,272,88,152,209,217,212,281,278,266,248,276,171,158,246,84,,71,,,180,53,79,64,149,69,54,174,140,146,129,225,42,54,56,51,107,53,38,159,133,176,156,208,65,53,153,29,235,30,197,95,154,259,225,224,61,152,140,236,,,213,81,,,181,41,185,177,183,106,145,132,113,82,190,194,65,82,83,105,54,90,36,43,141,246,104,172,,171,,,b'\x11\xe8\xe1I\xd6\x03\xbb\n\x98|\x12\xdf\x17\xaeN\x1e'
11E8E149-D603-BB0A-987C-12DF17AE4E1E,2025-ncaa-d2-conf-Gulf South,genius_ncaa,8,7,9,8,11,10,10,11,9,10,11,11,6,7,6,6,9,9,3,9,5,11,12,7,7,6,5,7,5,8,5,11,4,10,4,12,10,2,4,8,11,11,3,2,,,5,11,,2,7,12,11,10,10,10,11,10,7,6,6,7,7,6,11,12,8,9,10,12,3,11,2,,8,,2,7,1,1,1,5,1,2,2,3,2,9,4,9,7,8,9,11,1,1,5,5,8,11,7,12,4,4,3,5,3,4,1,1,11,10,4,2,3,8,10,,,10,2,,4,7,1,8,7,7,3,2,3,3,4,5,3,10,10,11,4,2,4,3,4,1,10,2,9,,8,,3,b'\x11\xe8\xe1I\xd6\x03\xbb\n\x98|\x12\xdf\x17\xaeN\x1e'
11E8E149-D603-BB0A-987C-12DF17AE4E1E,2025-ncaa-d2-natl,genius_ncaa,144,159,109,154,147,189,212,219,183,225,230,190,133,145,126,111,126,144,126,142,55,205,210,163,153,165,66,98,74,152,94,202,159,188,119,229,230,146,198,221,228,211,98,65,,,153,239,,52,161,223,292,153,241,268,287,272,264,146,156,139,146,144,281,279,151,250,228,266,141,242,99,,134,,49,159,83,65,64,120,42,68,82,159,122,246,166,202,214,88,216,261,83,67,145,156,165,266,210,233,108,159,51,94,68,119,21,15,211,180,54,137,177,112,195,,,143,62,,85,161,70,157,175,166,71,38,22,26,31,161,101,186,201,201,32,18,100,37,49,11,234,129,109,,149,,90,b'\x11\xe8\xe1I\xd6\x03\xbb\n\x98|\x12\xdf\x17\xaeN\x1e'
11E8E149-D603-BB0A-987C-12DF17AE4E1E,2026-ncaa-d2-conf-Gulf South,genius_ncaa,1,1,1,1,1,6,4,3,4,3,3,4,8,7,12,7,6,5,8,5,8,5,5,6,7,5,10,9,8,8,8,2,1,5,5,1,3,5,5,4,2,2,8,9,,,2,1,,2,3,4,8,1,8,6,6,4,5,10,8,8,7,7,8,8,8,2,7,3,5,2,9,,1,,2,3,5,6,8,2,6,6,3,9,9,4,11,2,2,1,2,2,6,7,2,1,1,6,10,1,5,1,9,8,6,5,4,2,5,5,1,1,1,4,4,,,4,1,,5,3,8,7,1,3,1,2,4,3,2,7,7,1,1,1,2,3,2,7,3,2,8,1,4,,5,,6,b'\x11\xe8\xe1I\xd6\x03\xbb\n\x98|\x12\xdf\x17\xaeN\x1e'
11E8E149-D603-BB0A-987C-12DF17AE4E1E,2026-ncaa-d2-natl,genius_ncaa,65,98,59,100,84,126,137,108,207,183,120,258,50,97,37,128,177,108,286,102,124,103,126,162,204,168,48,33,221,116,193,134,89,129,190,69,29,112,74,55,109,107,221,234,,,157,144,,85,126,130,239,88,207,204,174,252,187,66,133,237,151,141,166,228,165,217,209,90,61,143,246,,83,,58,133,153,155,133,183,170,146,217,111,143,75,133,163,184,81,185,209,143,153,168,168,133,99,96,172,108,89,228,193,194,190,113,66,115,112,79,76,51,92,77,,,78,65,,57,126,163,161,115,150,73,84,27,118,65,68,95,116,141,141,29,34,61,215,151,52,165,39,58,,110,,77,b'\x11\xe8\xe1I\xd6\x03\xbb\n\x98|\x12\xdf\x17\xaeN\x1e'
11E8E149-D608-4206-987C-12DF17AE4E1E,2018-ncaa-d2-conf-ECC,ncaa,9,9,4,9,9,5,6,7,7,7,6,6,6,6,4,7,3,3,7,3,3,6,6,5,4,5,5,6,3,3,3,9,7,7,7,8,9,6,6,7,7,7,9,9,,,9,9,,,8,8,5,9,5,6,7,7,4,6,6,3,2,2,6,3,2,9,7,8,6,7,9,,9,,,8,9,7,2,9,6,3,9,7,5,9,5,9,9,8,9,9,5,2,9,9,9,7,5,8,2,7,4,3,4,7,8,7,8,6,9,6,6,4,6,,,4,3,,,8,2,5,9,8,9,8,2,8,3,8,5,9,9,9,5,3,2,4,4,8,8,6,4,,3,,,b'\x11\xe8\xe1I\xd6\x08B\x06\x98|\x12\xdf\x17\xaeN\x1e'
11E8E149-D608-4206-987C-12DF17AE4E1E,2018-ncaa-d2-natl,ncaa,279,286,206,284,238,212,210,218,201,208,200,198,188,194,180,169,188,140,260,138,86,199,174,198,213,240,140,162,113,131,100,284,277,245,240,268,282,270,281,294,234,239,242,251,,,256,297,,,286,181,86,226,205,203,184,196,166,176,170,149,91,90,154,87,86,294,246,273,291,227,243,,298,,,283,252,231,94,297,243,128,286,126,65,279,61,287,272,262,270,271,117,127,287,302,296,152,65,256,163,277,109,100,123,240,248,218,158,137,223,268,279,183,206,,,166,147,,,286,122,234,296,283,290,268,146,280,200,162,91,297,291,289,205,208,204,163,184,261,115,288,202,,102,,,b'\x11\xe8\xe1I\xd6\x08B\x06\x98|\x12\xdf\x17\xaeN\x1e'
11E8E149-D608-4206-987C-12DF17AE4E1E,2019-ncaa-d2-conf-ECC,ncaa,7,6,7,7,8,7,9,7,10,10,10,10,4,4,3,2,4,4,6,2,2,7,7,9,9,8,1,1,3,5,5,8,7,7,8,8,8,5,8,9,8,7,9,9,,,9,9,,,8,8,3,3,7,9,5,10,9,1,2,3,3,2,4,2,4,8,5,8,8,7,8,,9,,,8,8,7,3,9,8,6,9,3,1,3,3,9,9,10,9,8,5,4,9,9,9,2,1,9,3,7,7,5,6,8,4,4,6,7,5,5,7,5,8,,,6,6,,,8,4,7,8,8,9,9,6,9,8,3,5,10,9,9,9,7,4,9,9,6,6,7,6,,5,,,b'\x11\xe8\xe1I\xd6\x08B\x06\x98|\x12\xdf\x17\xaeN\x1e'
11E8E149-D608-4206-987C-12DF17AE4E1E,2019-ncaa-d2-natl,ncaa,194,222,118,212,159,186,231,140,290,264,163,303,108,111,130,129,73,55,218,56,39,112,95,280,268,262,24,78,23,39,63,206,201,116,164,246,235,254,217,275,173,202,224,242,,,274,285,,,247,136,118,185,213,269,123,284,168,107,104,61,42,45,85,63,26,240,98,267,241,193,235,,286,,,241,221,188,127,239,241,188,238,60,67,111,45,284,277,215,273,260,165,173,208,240,220,96,26,285,167,201,247,63,224,164,184,169,110,107,140,201,154,264,275,,,136,206,,,247,175,239,219,240,222,185,107,238,181,55,57,287,279,273,143,183,156,239,216,185,95,194,263,,142,,,b'\x11\xe8\xe1I\xd6\x08B\x06\x98|\x12\xdf\x17\xaeN\x1e'
11E8E149-D608-4206-987C-12DF17AE4E1E,2020-ncaa-d2-conf-ECC,ncaa,5,6,5,5,5,6,6,4,7,7,5,7,5,4,6,4,8,7,8,7,7,4,5,7,8,8,5,4,8,3,3,8,6,6,6,5,2,5,5,6,3,2,7,7,,,9,9,,,6,6,3,1,6,6,3,7,5,4,3,9,6,6,4,1,3,8,6,5,6,2,8,,9,,,5,4,3,2,7,6,2,8,2,2,5,2,8,8,2,8,8,3,2,6,8,5,4,1,9,4,6,8,3,6,6,4,8,3,2,3,5,5,9,7,,,8,9,,,6,4,8,5,5,4,4,2,6,4,2,3,7,8,8,3,4,3,8,7,4,2,6,8,,9,,,b'\x11\xe8\xe1I\xd6\x08B\x06\x98|\x12\xdf\x17\xaeN\x1e'
11E8E149-D608-4206-987C-12DF17AE4E1E,2020-ncaa-d2-natl,ncaa,223,220,223,227,255,269,267,191,296,263,179,294,198,157,258,137,255,236,263,236,232,203,206,289,288,278,132,121,172,67,83,276,228,201,201,197,53,139,168,181,127,87,246,228,,,251,305,,,188,240,193,293,274,270,111,262,138,183,125,258,208,214,132,118,42,261,142,174,181,100,242,,288,,,187,38,32,15,144,64,47,159,34,29,91,86,184,212,59,208,271,26,70,126,143,66,156,72,278,125,228,178,83,157,201,124,279,71,22,73,157,177,286,296,,,245,244,,,188,63,258,73,191,67,51,18,93,61,50,44,222,244,243,38,116,164,250,221,161,41,198,296,,217,,,b'\x11\xe8\xe1I\xd6\x08B\x06\x98|\x12\xdf\x17\xaeN\x1e'
11E8E149-D608-4206-987C-12DF17AE4E1E,2022-ncaa-d2-conf-ECC,ncaa,5,5,4,5,4,6,6,3,9,7,3,9,7,6,8,8,2,2,6,2,3,1,1,10,9,8,6,7,2,2,9,4,4,3,6,5,7,9,7,7,1,1,2,2,,,10,8,,,5,1,1,7,8,8,2,8,2,7,7,2,2,2,1,1,2,3,2,8,7,1,2,,10,,,5,3,4,8,2,8,10,2,2,4,2,1,9,10,2,9,4,9,10,3,3,2,3,2,9,6,4,10,9,10,6,8,10,1,3,4,5,3,10,10,,,2,6,,,5,10,8,3,5,4,4,7,6,8,2,3,9,8,8,7,10,6,10,9,7,1,5,10,,4,,,b'\x11\xe8\xe1I\xd6\x08B\x06\x98|\x12\xdf\x17\xaeN\x1e'
11E8E149-D608-4206-987C-12DF17AE4E1E,2022-ncaa-d2-natl,ncaa,129,179,64,156,104,136,154,55,283,162,61,277,135,83,238,143,77,51,238,49,102,53,42,280,277,260,91,148,60,49,183,37,131,35,186,109,71,253,160,180,35,51,15,19,,,230,133,,,152,49,28,292,206,235,56,232,93,169,108,98,68,67,42,36,76,17,26,144,214,38,13,,182,,,152,169,179,254,27,189,258,32,126,183,53,105,145,171,61,163,76,254,259,30,23,24,99,117,134,255,131,297,183,298,186,279,295,43,84,157,167,74,300,296,,,84,214,,,152,253,257,24,152,95,115,239,138,250,98,129,110,132,130,228,257,219,296,288,249,54,114,299,,114,,,b'\x11\xe8\xe1I\xd6\x08B\x06\x98|\x12\xdf\x17\xaeN\x1e'
11E8E149-D608-4206-987C-12DF17AE4E1E,2023-ncaa-d2-conf-ECC,ncaa,4,4,5,4,5,3,2,1,2,2,2,3,5,5,3,8,2,1,5,1,2,1,2,3,3,3,7,7,3,1,5,4,5,3,5,3,9,1,1,2,3,5,3,4,,,6,4,,,3,5,1,5,2,2,1,2,2,5,6,2,1,1,1,1,1,4,3,3,1,3,3,,6,,,3,7,5,5,5,6,7,8,3,3,3,2,9,7,9,7,7,5,5,4,6,5,4,1,9,5,5,7,5,6,5,8,9,2,2,7,1,1,9,8,,,2,2,,,3,5,2,5,3,7,6,6,6,6,3,4,9,7,7,7,8,5,9,7,9,1,1,9,,2,,,b'\x11\xe8\xe1I\xd6\x08B\x06\x98|\x12\xdf\x17\xaeN\x1e'
11E8E149-D608-4206-987C-12DF17AE4E1E,2023-ncaa-d2-natl,ncaa,120,118,148,124,194,123,121,89,190,94,59,193,183,162,210,217,98,71,230,68,136,83,106,212,210,153,213,216,109,75,147,121,167,101,189,143,179,48,33,85,105,115,63,65,,,111,67,,,84,120,49,287,88,87,25,58,37,183,164,76,48,45,17,50,61,96,55,141,71,92,54,,112,,,79,93,108,151,84,160,202,89,65,80,62,69,157,111,281,118,90,143,168,61,85,58,64,58,184,184,167,250,147,239,189,254,290,78,79,163,28,23,290,278,,,101,98,,,84,170,132,71,88,114,129,200,188,239,68,81,167,114,119,193,228,205,284,267,266,63,44,293,,65,,,b'\x11\xe8\xe1I\xd6\x08B\x06\x98|\x12\xdf\x17\xaeN\x1e'
11E8E149-D608-4206-987C-12DF17AE4E1E,2024-ncaa-d2-conf-ECC,ncaa,4,3,3,4,6,1,1,1,3,2,2,6,1,2,1,4,5,3,8,3,5,1,1,2,4,2,3,3,8,2,6,4,5,1,6,1,1,3,2,1,1,1,1,1,,,9,9,,,4,1,1,9,1,1,1,1,3,1,1,6,5,5,1,1,2,3,1,1,4,1,1,,9,,,4,7,2,5,4,6,4,5,3,5,3,4,9,9,9,9,9,8,9,4,4,4,7,2,9,7,5,9,6,9,6,6,9,2,2,5,4,3,6,5,,,6,7,,,4,9,2,4,3,6,4,5,5,5,2,5,9,9,9,8,8,7,9,8,6,1,4,6,,5,,,b'\x11\xe8\xe1I\xd6\x08B\x06\x98|\x12\xdf\x17\xaeN\x1e'
11E8E149-D608-4206-987C-12DF17AE4E1E,2024-ncaa-d2-natl,ncaa,73,74,78,76,105,64,67,18,226,85,33,242,53,43,111,132,73,49,213,46,150,23,27,204,204,144,84,89,153,30,119,42,190,26,185,24,19,112,26,20,19,42,4,3,,,261,157,,,64,37,18,199,53,58,9,112,36,48,54,89,66,61,8,16,35,34,17,15,91,27,3,,232,,,61,191,126,246,19,143,215,38,127,237,15,161,282,273,233,272,236,257,272,17,44,25,219,99,287,271,190,294,119,295,185,250,286,26,57,92,92,29,267,216,,,92,224,,,64,265,123,31,65,142,77,229,87,192,94,212,266,256,257,250,282,259,288,287,227,31,77,262,,110,,,b'\x11\xe8\xe1I\xd6\x08B\x06\x98|\x12\xdf\x17\xaeN\x1e'
11E8E149-D608-4206-987C-12DF17AE4E1E,2025-ncaa-d2-conf-ECC,genius_ncaa,6,5,5,6,7,5,5,4,6,4,3,5,5,5,8,4,5,5,7,5,4,4,4,5,5,5,7,5,5,3,4,6,6,4,6,6,6,2,1,6,5,5,2,1,,,8,9,,2,6,5,1,6,4,3,2,2,3,4,4,4,4,4,2,2,3,4,3,6,3,4,1,,9,,3,6,5,1,2,2,1,2,2,5,5,5,7,9,9,6,9,9,3,5,3,5,5,9,6,9,6,6,8,4,7,6,5,9,4,4,5,1,1,4,1,,,5,4,,8,6,5,6,5,6,7,2,5,2,2,6,7,9,9,9,7,8,6,9,8,7,4,1,4,,4,,7,b'\x11\xe8\xe1I\xd6\x08B\x06\x98|\x12\xdf\x17\xaeN\x1e'
11E8E149-D608-4206-987C-12DF17AE4E1E,2025-ncaa-d2-natl,genius_ncaa,216,200,230,217,250,221,203,138,275,180,122,262,203,141,284,145,241,222,250,220,248,148,157,278,284,260,214,180,209,71,89,183,249,136,186,146,72,105,121,136,162,159,4,1,,,178,192,,20,202,189,32,196,189,151,16,117,44,182,90,219,172,170,23,24,32,71,23,89,190,108,2,,248,,17,200,79,41,116,23,29,92,8,150,158,139,172,261,258,154,259,278,144,147,33,56,66,290,197,291,250,249,169,89,206,186,239,301,153,153,222,78,70,184,177,,,243,267,,275,202,119,237,113,199,185,96,259,61,199,213,232,286,283,283,277,278,276,262,282,275,87,133,246,,181,,279,b'\x11\xe8\xe1I\xd6\x08B\x06\x98|\x12\xdf\x17\xaeN\x1e'
11E8E149-D608-4206-987C-12DF17AE4E1E,2026-ncaa-d2-conf-ECC,genius_ncaa,4,4,1,4,1,5,6,8,3,4,4,4,7,8,4,8,2,1,6,1,1,8,8,4,3,3,7,8,1,6,3,6,4,6,4,4,2,4,8,4,5,6,1,1,,,4,4,,3,5,7,8,1,5,6,8,4,4,7,8,2,1,1,8,8,6,6,6,4,4,5,1,,4,,3,5,5,4,2,4,1,1,2,8,8,6,8,2,2,7,2,5,1,2,6,6,7,8,8,4,5,4,3,3,2,4,5,7,5,4,6,2,4,3,2,,,1,1,,5,5,2,3,7,5,5,4,2,1,1,8,8,2,2,2,1,2,5,3,2,5,5,2,3,,1,,5,b'\x11\xe8\xe1I\xd6\x08B\x06\x98|\x12\xdf\x17\xaeN\x1e'
11E8E149-D608-4206-987C-12DF17AE4E1E,2026-ncaa-d2-natl,genius_ncaa,157,196,59,188,67,201,197,122,266,127,90,233,263,185,293,230,86,53,231,50,77,106,141,279,274,238,245,280,35,90,164,156,284,131,267,129,50,57,20,63,109,121,23,28,,,203,197,,31,196,153,294,51,276,270,216,184,126,285,236,108,66,62,170,267,125,257,214,168,10,143,35,,156,,21,196,137,123,162,50,114,149,58,176,187,120,179,184,210,82,191,213,169,171,63,66,76,223,183,208,282,284,233,164,267,267,210,286,105,125,181,38,16,204,180,,,74,45,,213,196,137,221,133,205,54,49,69,49,70,141,151,138,172,154,72,73,276,226,268,192,151,8,187,,104,,234,b'\x11\xe8\xe1I\xd6\x08B\x06\x98|\x12\xdf\x17\xaeN\x1e'
11E8E149-D60C-7420-987C-12DF17AE4E1E,2018-ncaa-d2-conf-PacWest,ncaa,9,9,7,9,8,8,8,7,8,9,10,8,4,4,7,4,9,9,8,9,8,9,8,7,9,8,4,3,9,6,6,5,6,7,6,5,3,6,6,5,8,9,8,7,,,8,6,,,8,8,7,2,8,8,5,9,10,4,3,9,9,9,6,5,5,4,6,5,8,7,7,,9,,,8,8,8,11,6,6,10,5,7,7,10,6,9,9,10,9,8,11,7,7,8,9,9,9,9,10,6,9,6,10,6,8,6,10,11,11,11,12,12,14,,,11,12,,,8,7,8,8,8,9,9,11,9,10,7,9,9,9,9,11,9,10,11,10,8,10,12,12,,11,,,b'\x11\xe8\xe1I\xd6\x0ct \x98|\x12\xdf\x17\xaeN\x1e'
11E8E149-D60C-7420-987C-12DF17AE4E1E,2018-ncaa-d2-natl,ncaa,196,147,276,184,278,184,186,194,180,251,266,144,74,54,140,23,230,229,183,226,116,202,237,135,149,131,36,25,222,223,236,130,57,173,157,123,51,43,80,60,244,225,230,226,,,63,106,,,169,236,52,52,71,89,32,182,201,22,14,159,155,152,42,65,151,14,42,47,125,204,202,,177,,,174,102,107,113,148,95,100,140,171,153,184,181,117,107,186,108,152,101,69,158,158,214,193,198,144,67,57,184,236,128,157,149,182,280,276,257,145,212,105,209,,,259,250,,,169,72,136,203,173,258,249,281,223,248,252,258,215,211,219,280,245,156,287,274,239,246,238,181,,189,,,b'\x11\xe8\xe1I\xd6\x0ct \x98|\x12\xdf\x17\xaeN\x1e'
11E8E149-D60C-7420-987C-12DF17AE4E1E,2019-ncaa-d2-conf-RMAC,ncaa,10,7,11,10,14,8,7,10,3,9,14,2,4,3,7,2,13,12,11,12,4,10,10,2,3,4,7,5,16,14,14,9,10,12,13,7,7,10,11,7,5,7,5,7,,,8,7,,,11,5,1,9,2,2,8,8,11,3,2,12,11,10,8,6,14,5,10,5,12,3,5,,14,,,11,11,11,11,10,11,12,9,6,10,7,5,9,10,7,10,10,11,12,10,10,11,7,5,8,12,10,8,14,13,13,8,7,7,8,7,12,12,10,13,,,12,11,,,11,11,7,12,11,13,13,14,12,15,10,11,14,15,14,14,15,13,14,13,11,5,13,13,,8,,,b'\x11\xe8\xe1I\xd6\x0ct \x98|\x12\xdf\x17\xaeN\x1e'
11E8E149-D60C-7420-987C-12DF17AE4E1E,2019-ncaa-d2-natl,ncaa,145,95,287,123,287,230,222,283,61,263,299,26,96,104,105,22,282,278,204,274,89,286,292,41,59,76,66,39,266,300,301,241,102,286,241,192,131,50,190,128,156,82,158,109,,,49,155,,,120,272,133,14,107,113,200,196,282,40,31,241,228,222,217,219,300,85,248,119,164,79,107,,168,,,118,26,29,32,142,40,47,115,77,55,214,140,76,83,149,79,183,28,33,145,149,144,185,180,195,46,102,70,301,45,241,39,136,218,127,121,111,236,85,251,,,290,218,,,120,39,137,132,121,159,147,143,134,158,186,147,198,196,192,152,180,126,242,203,135,124,223,166,,233,,,b'\x11\xe8\xe1I\xd6\x0ct \x98|\x12\xdf\x17\xaeN\x1e'
11E8E149-D60C-7420-987C-12DF17AE4E1E,2020-ncaa-d2-conf-RMAC,ncaa,6,7,4,7,5,6,8,8,3,9,12,2,6,6,6,5,7,7,9,7,4,8,10,3,4,5,7,6,9,15,16,6,5,9,10,5,5,9,8,6,9,11,6,9,,,7,6,,,8,3,10,4,8,8,11,11,15,6,5,8,9,9,12,12,16,6,12,7,8,12,5,,6,,,8,11,11,10,9,12,14,6,6,4,12,1,9,8,15,9,4,11,12,7,7,10,4,6,10,6,5,14,16,14,10,9,6,8,11,7,13,13,5,9,,,6,7,,,8,14,6,10,8,8,8,8,9,14,6,2,10,7,7,8,7,5,10,7,8,12,12,5,,8,,,b'\x11\xe8\xe1I\xd6\x0ct \x98|\x12\xdf\x17\xaeN\x1e'
11E8E149-D60C-7420-987C-12DF17AE4E1E,2020-ncaa-d2-natl,ncaa,112,124,102,119,119,170,187,226,127,244,281,89,75,66,122,34,165,173,138,172,42,223,238,93,90,100,35,47,151,271,279,79,42,172,141,153,111,86,127,112,223,210,111,110,,,99,146,,,114,215,289,88,198,217,271,271,299,74,61,174,185,185,268,295,289,70,183,172,67,240,114,,74,,,114,84,94,130,73,100,161,48,126,95,204,110,127,97,249,98,105,124,88,77,81,130,183,177,168,75,42,182,279,140,141,76,88,235,218,155,117,170,63,137,,,178,79,,,114,99,129,117,112,65,72,91,77,138,118,75,111,80,83,66,30,59,165,110,62,265,107,51,,210,,,b'\x11\xe8\xe1I\xd6\x0ct \x98|\x12\xdf\x17\xaeN\x1e'
11E8E149-D60C-7420-987C-12DF17AE4E1E,2021-ncaa-d0-natl,ncaa,337,4,343,337,343,343,343,343,342,343,343,343,343,343,299,157,343,343,336,343,159,343,343,342,342,339,70,103,93,343,329,343,125,343,313,343,195,1,300,328,343,343,342,71,,,1,318,,,196,343,134,224,340,340,277,338,236,247,199,278,210,219,273,225,293,59,164,334,281,343,41,,318,,,340,1,1,1,222,1,1,85,1,1,343,24,1,1,102,1,248,1,1,219,222,303,213,160,252,1,125,1,329,1,313,1,295,343,331,333,2,342,1,94,,,343,325,,,196,1,341,306,339,284,250,239,249,319,211,62,301,307,315,293,198,204,340,337,301,330,341,59,,326,,,b'\x11\xe8\xe1I\xd6\x0ct \x98|\x12\xdf\x17\xaeN\x1e'
11E8E149-D60C-7420-987C-12DF17AE4E1E,2021-ncaa-d1-natl,ncaa,331,4,343,251,343,343,343,343,285,343,343,225,343,342,323,101,343,343,335,343,284,343,343,276,306,284,246,147,310,342,255,343,26,343,142,343,199,1,155,197,343,315,340,148,,,2,258,,,180,343,131,225,275,217,92,202,170,205,89,322,280,284,139,143,142,43,52,222,170,319,131,,231,,,254,1,1,1,129,1,1,88,1,1,265,104,2,2,115,2,209,1,1,122,118,189,207,169,223,1,26,2,255,1,142,2,193,343,271,259,2,283,1,20,,,343,340,,,180,1,287,143,255,171,148,181,146,231,163,103,212,234,240,204,127,51,329,278,184,279,278,16,,339,,,b'\x11\xe8\xe1I\xd6\x0ct \x98|\x12\xdf\x17\xaeN\x1e'
11E8E149-D60C-7420-987C-12DF17AE4E1E,2022-ncaa-d0-natl,ncaa,305,266,319,303,320,285,302,325,185,349,356,46,51,41,139,2,328,332,208,332,50,332,330,74,99,153,3,2,314,354,353,209,256,316,333,239,77,110,276,196,352,350,261,271,,,25,46,,,317,301,81,20,185,209,244,347,355,11,4,303,297,296,277,226,353,41,255,142,264,337,221,,127,,,321,192,231,203,237,187,124,293,285,298,150,330,37,41,71,32,58,168,79,257,218,328,161,296,23,230,256,149,353,170,333,184,130,353,354,350,212,331,23,286,,,348,331,,,317,60,240,347,317,345,350,355,332,313,345,352,104,121,113,353,321,336,324,341,308,349,316,67,,329,,,b'\x11\xe8\xe1I\xd6\x0ct \x98|\x12\xdf\x17\xaeN\x1e'
11E8E149-D60C-7420-987C-12DF17AE4E1E,2022-ncaa-d1-conf-WAC,ncaa,10,10,11,10,11,9,10,12,5,13,13,3,1,3,2,1,13,13,7,12,4,12,12,3,4,5,1,1,12,13,13,4,10,11,13,6,5,6,11,6,12,12,8,8,,,2,1,,,12,10,4,1,4,4,10,13,13,1,1,12,12,12,10,10,13,2,9,6,10,12,8,,3,,,12,9,12,12,7,9,10,8,12,12,4,12,2,2,8,2,1,11,7,8,5,12,7,11,2,13,10,9,13,10,13,7,2,13,13,12,10,11,4,12,,,13,13,,,12,4,6,12,12,13,13,13,11,12,13,13,4,5,3,13,12,13,11,13,11,12,10,5,,13,,,b'\x11\xe8\xe1I\xd6\x0ct \x98|\x12\xdf\x17\xaeN\x1e'
11E8E149-D60C-7420-987C-12DF17AE4E1E,2022-ncaa-d1-natl,ncaa,269,266,213,273,222,179,187,216,120,323,354,24,9,10,83,2,324,325,205,326,106,250,250,35,55,94,3,2,349,353,353,53,173,200,299,132,84,202,242,152,335,346,231,275,,,76,45,,,277,162,71,28,124,140,184,340,354,4,2,325,330,333,244,211,351,9,153,98,230,336,221,,112,,,278,293,314,324,173,278,264,212,325,335,151,309,57,81,40,68,38,315,226,194,151,293,164,299,18,297,173,293,353,316,299,259,117,347,354,349,270,297,35,239,,,340,352,,,277,209,184,313,271,332,342,355,320,325,339,350,80,110,94,352,320,317,324,332,293,348,283,38,,353,,,b'\x11\xe8\xe1I\xd6\x0ct \x98|\x12\xdf\x17\xaeN\x1e'
11E8E149-D60C-7420-987C-12DF17AE4E1E,2023-ncaa-d0-natl,ncaa,135,91,236,116,264,105,121,231,21,246,354,7,19,25,37,4,258,278,131,277,54,251,263,10,10,27,15,5,335,351,350,104,308,233,287,131,161,146,216,117,195,224,277,275,,,78,36,,,127,187,59,209,47,57,200,232,354,4,7,235,258,249,225,209,353,34,195,84,199,164,270,,108,,,127,228,256,307,73,155,113,244,330,357,20,359,46,67,73,68,96,291,231,101,70,173,274,340,23,351,308,113,350,268,287,336,339,304,344,355,196,246,65,243,,,285,269,,,127,181,65,260,122,298,317,361,220,161,353,361,68,95,94,355,342,358,195,320,350,299,239,89,,270,,,b'\x11\xe8\xe1I\xd6\x0ct \x98|\x12\xdf\x17\xaeN\x1e'
11E8E149-D60C-7420-987C-12DF17AE4E1E,2023-ncaa-d1-conf-WAC,ncaa,5,5,4,5,7,5,5,9,3,10,13,1,1,2,1,1,13,13,5,13,4,9,10,1,1,2,1,1,13,12,12,3,12,7,11,3,4,8,11,6,9,10,10,12,,,1,1,,,7,7,3,12,5,6,9,10,13,1,1,13,13,13,11,12,13,3,8,4,10,10,11,,2,,,7,11,13,13,3,7,8,5,12,13,2,12,1,1,4,1,1,11,12,4,2,6,8,12,1,13,12,5,12,12,11,13,12,12,12,13,9,9,4,10,,,12,13,,,7,9,4,6,6,11,12,13,8,6,12,13,1,1,1,13,11,13,6,11,12,12,8,4,,12,,,b'\x11\xe8\xe1I\xd6\x0ct \x98|\x12\xdf\x17\xaeN\x1e'
11E8E149-D60C-7420-987C-12DF17AE4E1E,2023-ncaa-d1-natl,ncaa,114,91,151,111,188,68,70,144,22,203,348,6,4,6,49,4,246,268,126,266,73,163,167,10,10,24,20,5,345,344,343,50,300,154,279,79,154,178,181,104,133,189,272,287,,,124,42,,,112,107,41,228,33,39,109,206,350,3,3,247,277,273,152,150,343,20,137,54,193,128,278,,137,,,110,297,305,341,60,200,169,224,345,361,21,359,73,98,97,99,109,336,308,96,66,159,285,341,31,358,300,210,343,325,279,344,338,280,343,350,210,217,84,240,,,265,305,,,112,258,58,252,109,307,320,361,217,177,353,361,87,103,101,358,350,358,232,328,348,283,222,95,,287,,,b'\x11\xe8\xe1I\xd6\x0ct \x98|\x12\xdf\x17\xaeN\x1e'
11E8E149-D60C-7420-987C-12DF17AE4E1E,2024-ncaa-d0-natl,ncaa,154,127,196,151,256,124,134,173,81,279,347,33,9,11,52,1,304,318,117,318,152,198,264,28,38,33,5,2,350,356,358,48,139,182,285,154,205,25,56,71,306,327,235,245,,,6,3,,,158,186,93,355,76,83,133,294,351,5,5,312,318,321,200,275,358,12,154,128,34,311,226,,10,,,159,241,272,310,96,161,170,176,350,355,130,357,17,25,40,24,36,285,200,158,93,256,288,353,10,271,139,293,358,299,285,322,317,354,355,357,74,120,93,280,,,351,356,,,158,181,82,282,158,281,316,355,204,208,357,359,19,34,37,343,277,301,322,326,341,353,90,107,,358,,,b'\x11\xe8\xe1I\xd6\x0ct \x98|\x12\xdf\x17\xaeN\x1e'
11E8E149-D60C-7420-987C-12DF17AE4E1E,2024-ncaa-d1-conf-WAC,ncaa,5,4,5,4,8,6,5,7,3,10,11,1,2,2,2,1,10,11,5,11,5,8,11,2,2,2,2,1,10,11,11,3,5,7,8,9,11,1,2,4,9,9,9,9,,,1,1,,,5,6,5,11,6,5,8,9,11,2,2,10,11,11,10,11,11,2,6,8,1,8,9,,1,,,5,5,7,9,2,8,8,6,8,10,2,10,1,1,2,1,1,8,8,2,1,5,5,10,1,8,5,6,11,8,8,8,7,10,10,10,3,3,2,8,,,11,11,,,5,7,4,7,5,3,8,10,7,9,9,10,1,1,1,10,6,9,9,9,8,10,3,2,,11,,,b'\x11\xe8\xe1I\xd6\x0ct \x98|\x12\xdf\x17\xaeN\x1e'
11E8E149-D60C-7420-987C-12DF17AE4E1E,2024-ncaa-d1-natl,ncaa,137,129,130,141,192,83,86,129,61,233,342,20,6,7,51,2,289,305,106,306,160,149,203,19,28,25,12,2,355,351,359,20,145,127,255,115,207,33,48,57,286,331,193,208,,,10,3,,,117,116,86,357,53,52,95,263,352,5,4,313,317,320,163,249,356,9,110,110,33,297,196,,10,,,119,278,296,345,52,186,231,114,358,360,112,361,21,32,48,30,29,331,275,103,54,207,309,359,10,322,145,318,359,336,255,336,318,354,358,356,87,105,103,261,,,347,359,,,117,254,56,247,118,268,305,359,178,221,359,361,16,31,31,352,293,316,311,331,332,353,88,104,,359,,,b'\x11\xe8\xe1I\xd6\x0ct \x98|\x12\xdf\x17\xaeN\x1e'
11E8E149-D60C-7420-987C-12DF17AE4E1E,2025-ncaa-d0-natl,genius_ncaa,341,344,248,346,289,245,318,266,342,361,359,326,43,23,182,3,131,115,244,122,3,238,211,256,237,270,1,2,51,303,339,265,312,289,346,214,44,289,303,267,123,107,219,187,,,103,94,,110,338,182,43,263,233,330,236,362,359,17,8,82,64,71,190,108,283,216,277,193,326,85,196,,163,,140,337,310,298,209,333,207,108,330,342,318,350,331,165,153,212,149,220,210,203,354,350,343,309,332,73,259,312,300,339,300,346,354,350,205,212,340,321,332,296,360,,,165,120,,183,338,171,305,348,338,352,348,321,282,157,359,353,216,211,205,327,322,308,351,350,360,152,337,326,,95,,169,b'\x11\xe8\xe1I\xd6\x0ct \x98|\x12\xdf\x17\xaeN\x1e'
11E8E149-D60C-7420-987C-12DF17AE4E1E,2025-ncaa-d1-conf-WAC,genius_ncaa,8,8,3,8,4,7,8,5,9,9,8,9,2,1,4,2,3,3,5,3,1,5,4,8,8,8,1,1,3,8,8,4,9,7,9,8,3,8,7,8,4,5,7,7,,,3,2,,2,8,4,4,3,7,9,8,9,9,2,2,3,3,3,7,5,8,4,8,8,7,5,6,,3,,2,8,9,9,8,7,8,6,7,9,9,8,7,7,5,8,4,4,8,8,7,8,8,7,8,2,8,9,9,8,9,9,7,6,5,7,7,8,7,7,9,,,3,3,,5,8,6,8,9,8,8,8,8,8,5,8,8,5,3,3,7,6,8,9,9,8,6,7,7,,3,,5,b'\x11\xe8\xe1I\xd6\x0ct \x98|\x12\xdf\x17\xaeN\x1e'
11E8E149-D60C-7420-987C-12DF17AE4E1E,2025-ncaa-d1-natl,genius_ncaa,331,344,172,340,225,217,302,213,344,360,354,321,26,15,183,3,123,105,254,113,2,196,152,249,239,280,1,2,69,267,332,192,290,239,338,187,40,313,298,260,92,99,189,175,,,144,94,,147,337,123,42,263,225,326,227,362,359,14,5,104,84,91,181,104,271,189,244,183,323,74,182,,163,,155,333,331,329,266,317,234,149,305,355,334,350,335,174,178,192,171,200,264,249,349,341,334,316,340,62,281,290,339,332,328,338,357,349,164,207,336,342,333,315,360,,,153,150,,184,337,234,303,337,330,350,346,322,261,158,359,354,192,187,185,321,319,298,352,349,358,154,340,327,,111,,184,b'\x11\xe8\xe1I\xd6\x0ct \x98|\x12\xdf\x17\xaeN\x1e'
11E8E149-D60C-7420-987C-12DF17AE4E1E,2026-ncaa-d0-natl,genius_ncaa,212,152,279,209,325,271,279,277,275,292,324,136,207,112,329,23,256,222,292,208,40,269,290,258,272,213,79,94,144,337,354,186,135,262,295,290,257,40,103,197,293,297,127,125,,,122,220,,153,206,270,24,358,188,208,97,245,305,115,11,152,108,97,85,110,325,22,109,244,127,240,61,,288,,261,214,69,74,98,113,122,180,74,23,23,148,13,154,174,88,178,172,99,92,69,79,118,60,34,265,110,135,225,354,200,295,23,19,272,235,94,75,147,136,291,,,153,11,,8,206,92,254,121,210,224,239,324,294,354,54,46,275,294,293,328,333,249,362,349,62,162,164,237,,11,,3,b'\x11\xe8\xe1I\xd6\x0ct \x98|\x12\xdf\x17\xaeN\x1e'
11E8E149-D60C-7420-987C-12DF17AE4E1E,2026-ncaa-d1-natl,genius_ncaa,203,152,271,192,341,276,288,281,278,311,338,165,184,108,312,35,227,178,319,171,30,274,295,252,263,233,63,89,120,339,355,163,125,255,292,304,251,78,142,232,301,297,105,119,,,157,242,,178,238,264,21,357,201,220,118,262,307,114,27,141,83,78,99,109,316,19,105,250,171,247,57,,307,,259,242,107,108,120,135,149,208,78,37,25,214,16,198,234,78,227,203,126,106,100,109,164,96,50,274,122,125,271,355,224,292,30,21,293,264,120,122,205,120,262,,,115,11,,8,238,103,268,166,234,271,263,326,298,355,91,60,298,323,320,340,337,241,360,350,72,191,229,206,,9,,3,b'\x11\xe8\xe1I\xd6\x0ct \x98|\x12\xdf\x17\xaeN\x1e'
11E8E149-D610-9C6C-987C-12DF17AE4E1E,2018-ncaa-d2-conf-PacWest,ncaa,6,8,2,8,2,2,1,2,2,1,1,6,8,12,1,14,6,2,13,2,11,2,2,3,5,4,14,12,12,5,11,3,7,5,9,4,9,8,4,4,3,5,6,6,,,9,1,,,5,2,1,7,3,3,3,1,1,8,14,8,4,4,2,3,7,3,7,4,4,5,6,,6,,,4,14,14,13,9,14,13,8,13,14,9,9,2,4,1,4,2,13,13,9,7,5,3,11,1,12,7,13,11,13,9,11,5,3,4,4,6,4,14,7,,,3,8,,,5,13,4,6,4,10,12,13,12,12,11,11,1,3,3,12,14,11,13,11,9,3,4,14,,5,,,b'\x11\xe8\xe1I\xd6\x10\x9cl\x98|\x12\xdf\x17\xaeN\x1e'
11E8E149-D610-9C6C-987C-12DF17AE4E1E,2018-ncaa-d2-natl,ncaa,88,112,64,109,96,24,23,20,57,15,7,135,119,208,6,291,63,26,259,23,193,18,21,82,112,76,260,238,185,131,253,29,107,42,204,49,190,143,33,50,45,99,108,168,,,168,25,,,90,13,7,226,14,9,12,10,2,149,246,71,32,30,9,13,154,17,50,49,95,53,117,,116,,,94,292,297,296,186,290,284,182,287,291,196,219,93,127,66,118,34,292,292,196,160,148,109,232,16,250,107,305,253,303,204,289,172,52,138,184,186,76,280,146,,,47,179,,,90,296,94,144,99,275,293,297,279,279,269,280,62,88,83,287,297,212,295,289,266,70,145,273,,56,,,b'\x11\xe8\xe1I\xd6\x10\x9cl\x98|\x12\xdf\x17\xaeN\x1e'
11E8E149-D610-9C6C-987C-12DF17AE4E1E,2019-ncaa-d2-conf-PacWest,ncaa,3,3,4,3,5,3,3,5,1,2,2,2,3,8,1,10,6,5,9,5,8,5,7,1,1,1,9,5,10,11,12,4,7,6,9,3,3,1,2,1,3,5,6,6,,,4,1,,,3,5,2,6,2,1,3,1,2,1,8,6,5,5,3,8,12,3,8,2,1,3,5,,2,,,3,7,7,9,4,4,6,5,10,12,6,11,5,6,3,6,6,9,10,4,4,4,10,11,5,11,7,10,12,11,9,8,7,3,4,4,2,2,3,3,,,6,4,,,3,8,2,4,3,6,7,9,6,5,9,12,4,5,4,9,11,12,9,9,7,3,2,3,,6,,,b'\x11\xe8\xe1I\xd6\x10\x9cl\x98|\x12\xdf\x17\xaeN\x1e'
11E8E149-D610-9C6C-987C-12DF17AE4E1E,2019-ncaa-d2-natl,ncaa,48,36,118,39,172,44,44,97,20,55,93,56,64,134,5,188,87,60,253,60,88,81,134,21,27,18,129,105,211,274,300,62,183,153,261,31,70,29,16,10,52,71,158,155,,,109,31,,,40,73,31,268,14,15,56,38,85,50,141,80,51,51,45,117,289,31,161,15,18,48,155,,95,,,39,166,154,248,45,77,154,40,294,297,184,284,110,142,54,128,135,227,245,82,69,57,295,297,96,268,183,278,300,286,261,173,190,69,101,93,85,70,144,91,,,104,98,,,40,232,41,76,44,158,146,269,63,132,288,294,101,134,116,255,271,262,277,282,168,56,76,131,,88,,,b'\x11\xe8\xe1I\xd6\x10\x9cl\x98|\x12\xdf\x17\xaeN\x1e'
11E8E149-D610-9C6C-987C-12DF17AE4E1E,2020-ncaa-d2-conf-PacWest,ncaa,9,9,7,9,7,6,8,8,2,4,4,3,10,11,9,12,1,1,7,1,1,7,6,5,4,7,10,12,2,9,9,7,10,8,8,8,11,11,11,10,8,10,6,7,,,4,1,,,9,4,1,2,6,7,7,2,1,10,11,1,1,1,7,3,8,5,7,8,11,7,6,,4,,,9,11,12,12,8,12,10,8,11,11,10,5,3,3,11,3,2,11,12,8,8,8,5,8,1,12,10,6,9,9,8,10,3,5,8,6,11,11,12,12,,,1,1,,,9,10,7,9,7,11,12,12,12,12,12,11,3,3,3,12,12,12,8,10,10,4,11,12,,1,,,b'\x11\xe8\xe1I\xd6\x10\x9cl\x98|\x12\xdf\x17\xaeN\x1e'
11E8E149-D610-9C6C-987C-12DF17AE4E1E,2020-ncaa-d2-natl,ncaa,193,220,102,210,131,87,108,147,87,55,74,83,243,241,227,275,5,4,187,4,8,82,53,131,103,158,214,286,11,230,262,28,199,75,199,165,234,300,265,255,160,242,145,212,,,140,20,,,219,18,5,159,70,113,173,39,71,263,261,3,5,4,78,32,247,14,70,183,291,169,155,,118,,,215,291,295,309,125,278,295,110,298,302,210,226,139,115,227,111,27,305,302,142,118,167,168,257,39,294,199,242,262,282,199,257,103,113,223,190,304,277,301,286,,,6,10,,,219,297,199,178,197,288,290,309,274,301,297,299,121,105,104,307,305,287,229,271,243,125,298,298,,5,,,b'\x11\xe8\xe1I\xd6\x10\x9cl\x98|\x12\xdf\x17\xaeN\x1e'
11E8E149-D610-9C6C-987C-12DF17AE4E1E,2021-ncaa-d2-conf-PacWest,ncaa,9,6,9,9,9,10,10,10,7,8,9,7,10,10,8,10,9,9,10,9,4,10,10,8,8,8,10,10,2,10,10,9,7,10,9,9,7,2,7,9,10,9,7,6,,,1,2,,,9,9,1,4,8,7,6,2,1,10,10,2,1,1,4,3,9,2,6,8,10,9,4,,5,,,9,2,2,2,5,3,3,5,3,2,4,3,1,1,1,1,2,2,2,5,3,6,2,5,2,5,7,1,10,2,9,1,1,10,8,4,5,8,1,3,,,9,1,,,9,2,9,7,9,9,10,10,10,10,6,7,3,5,5,10,10,10,9,10,4,6,10,5,,1,,,b'\x11\xe8\xe1I\xd6\x10\x9cl\x98|\x12\xdf\x17\xaeN\x1e'
11E8E149-D610-9C6C-987C-12DF17AE4E1E,2021-ncaa-d2-natl,ncaa,201,66,208,194,208,207,206,209,114,192,196,150,218,219,162,226,196,196,203,196,108,208,210,169,166,156,222,226,32,216,222,199,166,209,208,209,196,18,97,170,217,222,187,141,,,14,9,,,163,206,7,121,113,94,84,22,7,226,226,33,8,9,52,43,215,3,77,171,137,216,78,,64,,,195,25,27,27,103,32,29,108,23,25,48,76,12,13,25,13,11,25,23,88,55,112,13,69,8,28,166,25,222,24,208,14,4,212,211,104,27,175,18,44,,,202,21,,,163,21,187,140,181,206,218,226,215,222,145,193,54,79,76,225,220,214,222,222,56,175,192,109,,7,,,b'\x11\xe8\xe1I\xd6\x10\x9cl\x98|\x12\xdf\x17\xaeN\x1e'
11E8E149-D610-9C6C-987C-12DF17AE4E1E,2022-ncaa-d2-conf-PacWest,ncaa,2,2,4,2,6,2,2,3,4,2,1,5,6,6,6,11,1,1,6,1,5,3,2,4,4,4,8,8,5,8,8,4,8,6,8,3,6,8,6,5,2,2,4,4,,,8,4,,,3,1,1,5,2,2,3,2,1,7,7,1,1,1,2,2,7,4,5,2,6,2,4,,9,,,3,8,9,10,4,11,11,5,3,5,1,4,10,10,5,9,5,10,11,2,2,2,2,2,8,11,8,11,8,11,8,3,1,1,2,1,8,6,6,4,,,1,2,,,3,11,6,2,3,7,7,9,8,11,3,5,8,9,9,9,11,9,10,9,2,1,6,6,,1,,,b'\x11\xe8\xe1I\xd6\x10\x9cl\x98|\x12\xdf\x17\xaeN\x1e'
11E8E149-D610-9C6C-987C-12DF17AE4E1E,2022-ncaa-d2-natl,ncaa,68,81,64,79,98,58,58,59,80,37,30,106,167,182,129,257,46,28,196,28,104,51,55,110,119,109,232,249,98,184,261,82,246,120,265,63,129,197,105,94,12,28,111,168,,,240,98,,,73,31,17,224,42,43,63,27,31,200,217,50,30,29,39,48,227,108,183,63,147,17,134,,198,,,70,218,231,260,96,268,266,146,62,172,8,75,198,229,53,226,119,261,278,60,48,32,23,31,161,290,246,279,261,294,265,96,15,15,45,12,257,185,174,87,,,40,96,,,73,268,148,48,81,154,186,249,245,263,43,121,160,186,181,253,287,273,269,280,50,25,222,141,,49,,,b'\x11\xe8\xe1I\xd6\x10\x9cl\x98|\x12\xdf\x17\xaeN\x1e'
11E8E149-D610-9C6C-987C-12DF17AE4E1E,2023-ncaa-d2-conf-PacWest,ncaa,2,2,4,2,5,3,2,2,2,1,1,3,4,8,3,11,4,5,8,4,8,2,3,3,3,3,10,8,9,10,10,5,8,7,9,5,8,4,3,5,1,1,4,5,,,6,4,,,2,1,3,8,2,2,2,1,1,4,10,4,5,3,3,4,10,5,9,6,3,1,4,,5,,,2,5,5,7,3,6,6,5,4,7,2,7,4,4,7,4,4,5,10,2,2,1,4,7,5,8,8,10,10,9,9,2,2,1,1,1,2,2,4,1,,,6,6,,,2,11,4,1,2,2,6,7,6,7,4,6,4,4,4,7,9,8,8,9,3,1,2,4,,5,,,b'\x11\xe8\xe1I\xd6\x10\x9cl\x98|\x12\xdf\x17\xaeN\x1e'
11E8E149-D610-9C6C-987C-12DF17AE4E1E,2023-ncaa-d2-natl,ncaa,84,82,110,89,114,96,71,58,109,53,39,125,158,159,144,220,211,151,272,144,249,63,80,135,188,134,262,202,264,227,280,89,116,133,246,155,270,69,39,122,16,15,98,109,,,138,62,,,67,58,27,36,87,43,21,28,27,170,176,226,164,159,31,65,246,76,160,182,73,11,94,,122,,,68,110,142,198,67,156,204,83,112,154,74,133,77,85,102,90,60,179,233,62,52,23,90,136,88,160,116,285,280,267,246,64,53,22,29,14,93,58,125,54,,,169,245,,,67,243,170,18,68,92,124,211,148,204,109,145,69,72,80,180,261,144,291,270,72,21,84,116,,194,,,b'\x11\xe8\xe1I\xd6\x10\x9cl\x98|\x12\xdf\x17\xaeN\x1e'
11E8E149-D610-9C6C-987C-12DF17AE4E1E,2024-ncaa-d2-conf-PacWest,ncaa,4,4,1,4,2,3,3,4,6,4,3,6,3,4,2,4,4,5,6,5,5,4,4,5,5,4,5,3,6,6,10,5,8,5,10,4,8,6,5,5,3,3,10,10,,,4,2,,,3,1,4,5,4,4,7,5,7,3,5,4,6,6,7,8,10,6,9,6,6,4,10,,2,,,3,8,10,11,5,10,11,3,6,6,10,5,3,2,5,2,1,10,11,5,5,3,3,6,2,10,8,10,10,10,10,6,4,1,1,3,3,2,9,8,,,3,5,,,3,10,4,3,3,6,8,8,8,10,6,6,1,1,1,8,9,9,10,10,5,2,2,9,,5,,,b'\x11\xe8\xe1I\xd6\x10\x9cl\x98|\x12\xdf\x17\xaeN\x1e'
11E8E149-D610-9C6C-987C-12DF17AE4E1E,2024-ncaa-d2-natl,ncaa,55,74,50,72,59,72,72,66,104,92,84,142,55,86,30,135,89,71,214,67,95,67,77,91,111,85,90,81,174,178,244,96,239,122,257,107,191,121,67,106,71,106,230,270,,,137,36,,,71,54,126,178,93,102,122,144,148,70,119,134,111,103,106,156,226,163,208,152,74,98,262,,65,,,71,181,224,254,97,227,246,110,163,200,64,147,63,73,91,71,30,238,257,90,64,44,54,149,41,282,239,280,244,285,257,139,66,36,58,48,102,64,247,226,,,51,72,,,71,243,108,70,73,80,147,194,160,200,108,146,31,36,35,147,194,252,248,259,83,55,66,230,,85,,,b'\x11\xe8\xe1I\xd6\x10\x9cl\x98|\x12\xdf\x17\xaeN\x1e'
11E8E149-D610-9C6C-987C-12DF17AE4E1E,2025-ncaa-d2-conf-PacWest,genius_ncaa,2,4,1,4,1,2,4,2,9,2,1,12,7,7,7,13,1,1,4,1,6,1,1,8,8,6,7,10,4,3,7,1,1,1,4,5,8,4,2,4,2,2,11,12,,,8,3,,10,4,1,5,5,6,5,2,4,1,8,10,2,4,4,2,3,5,4,3,8,2,3,12,,5,,6,4,11,12,14,6,7,9,4,11,13,7,10,7,7,3,7,6,14,14,6,3,2,8,9,7,4,1,14,7,13,4,2,1,2,3,2,3,1,14,12,,,1,4,,1,4,14,5,1,4,3,3,4,3,5,9,8,5,5,5,4,6,2,10,6,1,5,2,14,,3,,3,b'\x11\xe8\xe1I\xd6\x10\x9cl\x98|\x12\xdf\x17\xaeN\x1e'
11E8E149-D610-9C6C-987C-12DF17AE4E1E,2025-ncaa-d2-natl,genius_ncaa,56,79,43,67,66,90,101,36,230,83,24,263,150,147,166,237,49,45,119,43,164,34,48,241,228,167,172,203,62,61,175,24,39,31,107,152,238,84,20,124,60,96,220,244,,,147,61,,199,68,56,113,207,133,156,50,111,39,194,199,69,79,78,51,99,101,21,31,214,39,96,251,,69,,154,71,133,139,225,40,123,205,43,184,233,87,208,85,108,44,105,71,221,235,45,36,38,159,209,87,129,39,293,175,273,107,19,4,61,91,11,74,19,290,254,,,40,77,,16,68,245,160,25,72,48,58,136,54,112,134,178,41,64,60,93,130,68,261,196,4,98,32,281,,65,,16,b'\x11\xe8\xe1I\xd6\x10\x9cl\x98|\x12\xdf\x17\xaeN\x1e'
11E8E149-D610-9C6C-987C-12DF17AE4E1E,2026-ncaa-d2-natl,genius_ncaa,30,1,221,1,233,180,163,178,121,122,109,188,220,249,84,267,150,154,165,154,186,178,222,150,149,79,229,230,121,216,210,233,176,239,215,253,286,19,7,121,39,9,58,30,,,46,59,,85,31,216,31,88,31,30,17,17,6,179,227,60,54,51,15,38,152,129,144,213,25,13,30,,93,,126,17,37,39,49,56,37,60,32,89,63,192,137,36,40,63,38,79,42,73,70,46,16,173,201,91,90,176,122,210,108,215,60,190,67,11,26,19,9,62,45,,,203,124,,84,31,69,99,20,27,51,73,117,64,139,158,127,54,61,60,91,241,180,272,242,122,11,24,101,,63,,40,b'\x11\xe8\xe1I\xd6\x10\x9cl\x98|\x12\xdf\x17\xaeN\x1e'
11E8E149-D614-C062-987C-12DF17AE4E1E,2018-ncaa-d2-conf-CACC,ncaa,6,6,5,6,7,9,8,12,2,3,7,2,12,14,6,13,12,11,9,11,13,12,10,6,5,7,13,13,10,13,13,6,8,11,10,7,7,9,11,8,6,4,8,7,,,10,12,,,6,9,10,10,10,7,13,4,7,13,14,12,10,10,13,12,13,7,13,6,9,5,7,,9,,,6,5,5,7,4,5,4,5,3,8,3,11,8,9,5,9,10,6,6,4,2,5,8,5,10,7,8,4,13,7,10,3,3,5,5,4,11,14,3,3,,,11,11,,,6,6,8,5,6,4,5,7,5,5,4,9,9,8,8,6,7,8,5,6,3,6,10,2,,11,,,b'\x11\xe8\xe1I\xd6\x14\xc0b\x98|\x12\xdf\x17\xaeN\x1e'
11E8E149-D614-C062-987C-12DF17AE4E1E,2018-ncaa-d2-natl,ncaa,179,206,105,194,134,189,144,181,114,93,82,149,274,295,157,294,237,249,152,250,293,196,173,168,171,211,298,277,228,236,245,124,245,176,230,99,60,253,272,171,92,102,174,187,,,198,177,,,169,147,161,214,240,167,248,83,83,288,303,257,257,261,263,216,261,145,219,99,246,100,184,,192,,,169,88,103,186,53,120,172,85,102,178,23,161,134,167,46,164,148,176,191,45,39,44,140,115,176,267,245,156,245,213,230,109,134,87,92,65,268,278,88,66,,,250,274,,,169,165,233,68,162,77,84,161,99,151,93,167,119,155,147,158,184,264,125,196,90,89,264,87,,283,,,b'\x11\xe8\xe1I\xd6\x14\xc0b\x98|\x12\xdf\x17\xaeN\x1e'
11E8E149-D614-C062-987C-12DF17AE4E1E,2019-ncaa-d2-conf-CACC,ncaa,3,3,5,3,5,4,6,7,4,4,8,5,7,7,5,7,2,1,8,1,1,7,6,5,5,4,8,8,2,11,13,6,9,8,9,5,6,9,8,5,4,4,7,9,,,11,9,,,3,4,6,1,2,4,10,5,9,6,7,1,1,1,5,7,12,4,11,5,9,4,9,,9,,,3,8,6,9,6,9,9,6,4,5,4,4,12,12,3,12,10,10,11,5,5,3,8,3,12,11,9,10,13,10,9,2,1,4,5,1,9,7,4,5,,,1,1,,,3,10,4,4,3,6,5,9,6,9,3,6,12,12,12,10,9,11,6,8,2,4,8,5,,1,,,b'\x11\xe8\xe1I\xd6\x14\xc0b\x98|\x12\xdf\x17\xaeN\x1e'
11E8E149-D614-C062-987C-12DF17AE4E1E,2019-ncaa-d2-natl,ncaa,110,123,76,118,78,85,102,119,121,108,129,95,126,115,187,159,51,40,209,37,33,92,80,123,116,132,134,179,74,142,178,161,291,158,258,96,114,230,171,142,53,92,196,226,,,241,160,,,163,67,106,26,93,126,151,131,166,142,132,56,38,35,103,100,168,233,221,117,193,59,218,,215,,,162,277,261,243,187,266,240,201,169,191,126,112,254,257,88,261,205,259,265,175,177,156,107,89,194,294,291,229,178,275,258,220,118,63,108,110,209,150,90,70,,,48,50,,,163,240,136,204,167,225,224,214,235,226,138,158,235,236,237,238,256,287,183,250,176,64,163,66,,43,,,b'\x11\xe8\xe1I\xd6\x14\xc0b\x98|\x12\xdf\x17\xaeN\x1e'
11E8E149-D614-C062-987C-12DF17AE4E1E,2020-ncaa-d2-conf-CACC,ncaa,5,5,4,5,7,4,5,2,9,4,5,6,7,4,11,6,7,7,10,7,9,2,2,9,9,9,11,8,9,3,2,4,4,2,3,2,3,9,6,3,3,3,4,5,,,8,6,,,4,3,5,11,6,6,3,4,5,7,3,7,7,7,3,4,3,3,2,2,7,3,4,,7,,,4,3,3,7,3,7,12,5,3,6,1,5,9,9,9,9,7,6,12,3,3,3,3,3,9,8,4,7,2,7,3,3,3,3,3,2,8,7,4,3,,,5,9,,,4,13,7,3,4,4,3,4,8,10,3,5,9,9,9,5,9,8,7,8,2,3,7,3,,5,,,b'\x11\xe8\xe1I\xd6\x14\xc0b\x98|\x12\xdf\x17\xaeN\x1e'
11E8E149-D614-C062-987C-12DF17AE4E1E,2020-ncaa-d2-natl,ncaa,131,155,54,145,87,104,73,47,154,47,34,150,176,143,230,218,170,137,224,140,259,57,55,189,201,195,264,230,218,43,72,81,192,48,129,43,60,229,146,106,61,89,53,100,,,209,126,,,120,67,87,220,136,96,51,52,45,203,181,204,173,179,66,66,54,115,63,51,176,77,65,,157,,,122,194,224,242,130,265,281,129,56,79,50,39,182,190,124,191,102,246,261,90,83,74,27,26,160,258,192,236,72,249,129,168,106,58,86,85,151,86,77,25,,,99,199,,,120,250,163,82,122,124,157,187,228,264,39,47,143,152,154,180,225,217,183,209,132,71,115,53,,138,,,b'\x11\xe8\xe1I\xd6\x14\xc0b\x98|\x12\xdf\x17\xaeN\x1e'
11E8E149-D614-C062-987C-12DF17AE4E1E,2021-ncaa-d2-conf-CACC,ncaa,1,1,1,1,3,1,1,1,2,1,1,1,1,2,1,2,2,2,2,2,2,1,1,1,1,1,2,2,5,1,5,1,2,1,5,1,2,1,1,1,1,1,2,2,,,7,4,,,1,1,2,6,1,1,1,2,3,1,2,3,2,2,1,2,4,2,3,1,1,1,2,,5,,,1,4,4,4,1,4,5,1,2,2,1,2,7,7,5,6,5,4,7,1,1,1,4,2,7,3,2,6,5,5,5,1,1,1,1,1,1,1,1,1,,,2,6,,,1,7,1,1,1,1,1,2,3,3,1,1,6,5,5,2,5,2,6,5,1,1,1,1,,4,,,b'\x11\xe8\xe1I\xd6\x14\xc0b\x98|\x12\xdf\x17\xaeN\x1e'
11E8E149-D614-C062-987C-12DF17AE4E1E,2021-ncaa-d2-natl,ncaa,44,8,144,14,148,127,122,123,107,126,130,109,86,102,71,82,147,137,182,138,143,127,136,91,113,76,94,56,181,86,52,141,167,124,112,61,8,53,30,7,68,24,61,45,,,87,96,,,20,142,61,25,36,32,17,65,47,31,38,123,91,92,19,33,32,72,34,3,48,21,38,,128,,,6,53,53,70,15,65,91,13,40,53,17,27,64,80,19,79,100,72,84,10,9,2,50,38,170,122,167,96,52,98,112,41,45,56,10,2,54,34,53,37,,,151,184,,,20,84,52,4,8,15,20,104,66,166,13,22,82,122,120,102,187,181,170,189,17,9,51,54,,118,,,b'\x11\xe8\xe1I\xd6\x14\xc0b\x98|\x12\xdf\x17\xaeN\x1e'
11E8E149-D614-C062-987C-12DF17AE4E1E,2022-ncaa-d2-conf-CACC,ncaa,7,6,6,7,6,4,4,7,3,3,7,2,9,8,6,9,5,6,2,6,8,7,6,5,4,4,8,9,7,11,10,7,5,11,10,5,4,6,8,5,6,7,9,10,,,10,8,,,7,5,2,1,1,2,3,3,5,8,7,2,4,4,3,3,9,4,8,2,8,6,9,,11,,,7,10,9,8,9,10,7,9,6,6,6,6,11,10,10,10,9,10,10,9,10,9,8,5,11,5,5,7,10,8,10,7,5,7,9,6,6,7,2,2,,,7,8,,,7,10,6,8,6,10,10,11,12,11,7,8,11,10,10,13,12,6,10,9,8,5,8,2,,5,,,b'\x11\xe8\xe1I\xd6\x14\xc0b\x98|\x12\xdf\x17\xaeN\x1e'
11E8E149-D614-C062-987C-12DF17AE4E1E,2022-ncaa-d2-natl,ncaa,116,161,64,134,68,62,46,47,73,28,23,110,133,174,77,232,143,159,103,176,285,61,54,97,108,127,265,212,248,105,173,65,194,67,183,30,46,249,159,71,57,104,93,154,,,256,160,,,97,45,42,21,53,28,34,19,22,163,210,190,208,218,52,46,132,68,82,15,204,72,112,,223,,,99,242,241,261,116,270,277,115,84,118,60,42,246,241,157,240,114,264,268,85,92,87,46,39,192,267,194,248,173,267,183,234,165,50,118,117,207,115,179,83,,,126,260,,,97,260,134,101,100,199,203,251,247,280,60,83,208,201,199,256,269,232,219,237,188,65,155,151,,193,,,b'\x11\xe8\xe1I\xd6\x14\xc0b\x98|\x12\xdf\x17\xaeN\x1e'
11E8E149-D614-C062-987C-12DF17AE4E1E,2023-ncaa-d2-conf-CACC,ncaa,2,2,1,2,1,1,2,1,3,2,3,2,2,2,4,4,1,1,1,1,4,1,1,2,2,2,5,5,6,7,12,1,10,3,11,2,3,6,3,3,2,2,10,13,,,12,3,,,4,1,4,7,3,3,6,5,9,4,4,2,5,5,5,7,13,5,8,3,4,2,13,,5,,,4,13,13,13,3,13,13,3,11,10,8,5,11,12,5,12,5,13,13,4,4,3,6,6,6,13,10,13,12,13,11,10,1,3,4,3,7,4,9,7,,,2,5,,,4,13,5,5,5,6,6,9,6,11,7,6,6,5,7,9,12,11,11,12,4,3,3,6,,4,,,b'\x11\xe8\xe1I\xd6\x14\xc0b\x98|\x12\xdf\x17\xaeN\x1e'
11E8E149-D614-C062-987C-12DF17AE4E1E,2023-ncaa-d2-natl,ncaa,42,82,8,64,8,26,27,11,158,34,20,152,48,34,138,122,35,36,127,40,168,12,9,152,142,117,127,124,157,36,180,27,262,22,245,14,49,211,54,40,13,41,70,174,,,245,41,,,86,8,99,29,77,75,39,102,81,92,76,127,128,128,36,76,94,117,97,38,88,34,124,,91,,,94,285,286,293,113,285,294,79,216,209,185,63,205,225,80,240,50,294,293,100,81,67,61,104,80,298,262,297,180,298,245,292,212,17,104,126,227,86,258,162,,,45,243,,,86,291,112,113,95,149,197,256,220,272,111,96,85,95,107,243,256,279,280,284,214,71,113,190,,195,,,b'\x11\xe8\xe1I\xd6\x14\xc0b\x98|\x12\xdf\x17\xaeN\x1e'
11E8E149-D614-C062-987C-12DF17AE4E1E,2024-ncaa-d2-conf-CACC,ncaa,6,6,5,6,10,5,5,5,6,6,7,5,7,7,6,8,6,5,9,4,6,5,10,6,6,4,7,8,5,12,12,9,8,11,11,5,6,1,2,2,5,4,9,9,,,6,6,,,6,7,5,8,3,5,3,4,5,7,6,4,3,2,2,8,11,8,12,5,2,5,8,,6,,,6,6,6,4,7,7,6,5,5,2,11,3,6,5,5,5,6,4,5,7,9,5,5,6,7,6,8,11,12,9,11,8,5,3,3,5,1,2,2,3,,,5,2,,,6,3,5,5,6,6,6,7,6,9,7,1,6,5,5,7,8,8,11,10,8,3,2,2,,3,,,b'\x11\xe8\xe1I\xd6\x14\xc0b\x98|\x12\xdf\x17\xaeN\x1e'
11E8E149-D614-C062-987C-12DF17AE4E1E,2024-ncaa-d2-natl,ncaa,172,165,207,174,224,168,163,122,216,126,109,179,219,167,269,195,157,114,263,116,152,118,181,232,233,158,234,233,130,206,261,194,241,210,281,112,57,10,7,23,117,114,115,140,,,107,84,,,156,165,56,120,111,104,23,71,43,212,130,114,70,70,20,80,179,149,172,62,19,85,95,,156,,,154,98,130,134,151,166,184,102,87,62,226,57,100,110,66,109,80,125,145,133,114,100,78,109,102,228,241,276,261,262,281,234,270,99,84,167,21,31,87,65,,,174,154,,,156,122,172,124,159,189,207,238,234,267,131,86,127,148,147,234,251,262,293,293,259,54,47,123,,111,,,b'\x11\xe8\xe1I\xd6\x14\xc0b\x98|\x12\xdf\x17\xaeN\x1e'
11E8E149-D614-C062-987C-12DF17AE4E1E,2025-ncaa-d2-conf-CACC,genius_ncaa,3,3,2,3,2,3,3,3,6,6,5,8,1,1,2,3,5,5,4,5,9,2,4,4,4,3,2,1,8,11,12,2,3,4,9,3,2,1,1,2,7,11,1,1,,,6,2,,3,3,2,7,7,3,5,5,8,9,1,2,5,9,9,4,10,12,2,8,5,2,10,1,,3,,3,3,9,8,11,2,6,12,1,7,7,7,3,8,6,8,6,2,11,11,2,2,2,7,7,7,8,3,12,12,12,9,6,4,2,7,5,3,3,3,2,,,3,4,,10,3,11,4,2,3,3,3,9,4,10,5,4,5,2,2,8,5,6,11,10,2,7,3,1,,4,,11,b'\x11\xe8\xe1I\xd6\x14\xc0b\x98|\x12\xdf\x17\xaeN\x1e'
11E8E149-D614-C062-987C-12DF17AE4E1E,2025-ncaa-d2-natl,genius_ncaa,40,47,43,47,65,68,65,39,169,117,68,230,38,61,26,113,107,148,63,142,215,47,79,137,137,88,61,56,199,204,279,24,100,67,222,42,26,62,15,20,149,199,71,149,,,101,18,,36,52,51,101,201,94,102,67,177,118,51,89,160,209,207,86,169,256,21,114,39,23,192,101,,38,,26,56,148,192,266,38,219,282,26,117,149,89,81,59,83,43,89,17,254,253,34,15,33,42,114,51,234,100,295,279,291,222,249,248,83,143,167,95,43,72,35,,,92,148,,294,52,249,126,31,63,58,102,225,144,260,76,86,30,43,46,174,184,177,279,257,193,131,43,41,,157,,300,b'\x11\xe8\xe1I\xd6\x14\xc0b\x98|\x12\xdf\x17\xaeN\x1e'
11E8E149-D614-C062-987C-12DF17AE4E1E,2026-ncaa-d2-conf-CACC,genius_ncaa,8,6,5,8,6,9,7,6,8,8,7,7,1,2,6,1,11,11,1,11,11,8,8,8,8,6,7,2,11,8,8,8,3,8,4,6,5,2,2,2,7,7,5,5,,,8,10,,1,8,9,8,2,6,4,2,5,4,1,1,11,11,11,5,7,8,6,5,3,1,7,3,,9,,1,8,6,7,5,10,7,4,11,3,3,7,3,9,8,10,8,8,4,4,9,9,11,4,3,9,3,3,5,8,5,4,7,7,8,8,11,2,2,5,5,,,11,11,,10,8,4,7,10,8,8,8,5,9,6,4,2,10,9,9,5,3,2,7,5,8,9,2,6,,11,,10,b'\x11\xe8\xe1I\xd6\x14\xc0b\x98|\x12\xdf\x17\xaeN\x1e'
11E8E149-D614-C062-987C-12DF17AE4E1E,2026-ncaa-d2-natl,genius_ncaa,201,239,59,229,84,111,85,63,183,52,46,165,167,133,217,195,198,157,271,158,260,71,86,205,232,188,264,204,257,69,143,96,123,86,158,107,172,160,86,124,103,142,51,95,,,266,278,,5,238,88,108,88,167,105,48,68,48,206,175,250,204,207,68,104,94,132,114,139,103,135,69,,265,,5,229,243,244,204,239,248,257,168,168,101,267,26,263,259,162,262,190,217,201,220,224,258,102,80,205,168,123,233,143,216,158,242,182,166,231,248,177,126,266,229,,,193,278,,298,238,206,183,248,224,242,232,171,252,255,125,35,249,242,251,202,159,127,226,190,227,222,133,257,,272,,298,b'\x11\xe8\xe1I\xd6\x14\xc0b\x98|\x12\xdf\x17\xaeN\x1e'
11E8E149-D619-0438-987C-12DF17AE4E1E,2018-ncaa-d2-conf-GLVC,ncaa,1,1,1,1,1,1,1,1,2,3,4,2,1,1,3,4,1,2,5,2,4,1,1,1,1,1,5,5,10,1,1,8,9,3,6,1,7,12,3,1,1,1,9,12,,,15,10,,,1,1,1,1,1,1,1,4,10,1,2,2,3,3,1,1,1,15,8,1,9,1,13,,12,,,1,6,7,8,9,8,9,10,4,6,4,6,8,13,1,13,12,10,15,7,6,1,6,4,9,9,9,11,1,10,6,4,2,1,1,1,9,1,3,2,,,1,6,,,1,15,1,1,1,1,1,1,3,2,1,1,4,6,6,1,14,2,2,3,1,1,1,1,,2,,,b'\x11\xe8\xe1I\xd6\x19\x048\x98|\x12\xdf\x17\xaeN\x1e'
11E8E149-D619-0438-987C-12DF17AE4E1E,2018-ncaa-d2-natl,ncaa,3,4,4,5,6,4,6,7,24,12,41,10,8,7,72,58,7,9,77,8,44,6,5,13,12,21,87,90,164,12,23,136,112,54,69,14,156,303,134,84,2,1,213,236,,,305,219,,,4,6,72,226,10,22,68,52,194,25,30,47,68,69,60,64,58,301,251,43,190,3,265,,215,,,5,271,273,212,279,282,215,283,188,176,170,128,231,252,73,252,219,229,303,265,262,36,90,88,153,122,112,238,23,196,69,169,28,2,1,1,257,79,203,105,,,2,48,,,4,303,14,11,6,51,67,3,100,16,54,34,88,99,98,2,160,17,27,16,26,2,107,88,,23,,,b'\x11\xe8\xe1I\xd6\x19\x048\x98|\x12\xdf\x17\xaeN\x1e'
11E8E149-D619-0438-987C-12DF17AE4E1E,2019-ncaa-d2-conf-GLVC,ncaa,1,1,1,1,1,1,1,1,2,1,1,2,3,2,11,8,1,1,9,1,7,1,1,2,2,2,12,11,12,1,1,4,8,1,2,1,1,9,2,1,1,1,2,1,,,12,5,,,1,1,1,9,1,1,1,1,1,5,3,2,2,2,1,1,1,10,4,1,3,1,3,,9,,,1,1,1,3,1,1,2,3,5,10,1,12,4,6,11,7,10,2,14,1,2,1,8,8,11,6,8,12,1,11,2,1,6,1,1,1,3,1,5,2,,,2,8,,,1,14,1,1,1,1,1,1,1,1,2,6,3,3,3,1,14,2,6,4,1,1,1,2,,3,,,b'\x11\xe8\xe1I\xd6\x19\x048\x98|\x12\xdf\x17\xaeN\x1e'
11E8E149-D619-0438-987C-12DF17AE4E1E,2019-ncaa-d2-natl,ncaa,1,1,2,1,3,3,2,3,12,1,1,10,31,21,114,182,2,4,110,4,167,3,3,19,18,22,252,219,225,4,15,58,98,10,55,1,7,297,53,7,1,1,48,49,,,309,199,,,1,3,19,209,4,3,12,3,26,97,96,41,65,66,11,15,25,288,157,1,145,1,116,,228,,,1,262,208,223,143,217,186,215,159,254,26,207,289,281,218,279,267,247,309,129,162,3,174,87,274,181,98,298,15,282,55,195,155,1,1,1,220,18,191,22,,,1,80,,,1,309,11,1,1,15,17,2,27,4,22,61,148,128,122,2,236,27,56,34,35,1,41,57,,13,,,b'\x11\xe8\xe1I\xd6\x19\x048\x98|\x12\xdf\x17\xaeN\x1e'
11E8E149-D619-0438-987C-12DF17AE4E1E,2020-ncaa-d2-conf-GLVC,ncaa,1,1,1,1,2,1,1,1,1,1,1,3,1,3,2,10,1,1,13,1,9,1,1,1,1,1,12,11,13,1,1,12,11,2,6,1,7,10,1,1,1,1,5,6,,,15,6,,,1,1,1,11,1,1,1,1,1,1,6,2,1,1,1,1,1,15,6,1,4,1,7,,11,,,1,7,9,6,10,9,5,13,3,7,4,11,11,12,6,12,10,6,16,9,9,1,5,4,12,9,11,15,1,11,6,5,6,1,1,1,5,1,1,1,,,1,3,,,1,16,1,1,1,1,2,1,4,2,2,2,8,7,7,1,16,6,7,6,2,1,3,1,,1,,,b'\x11\xe8\xe1I\xd6\x19\x048\x98|\x12\xdf\x17\xaeN\x1e'
11E8E149-D619-0438-987C-12DF17AE4E1E,2020-ncaa-d2-natl,ncaa,2,1,54,1,86,3,4,8,7,5,6,16,29,69,11,200,8,11,106,11,103,6,8,10,9,4,183,176,181,16,14,260,195,116,105,4,80,137,25,8,1,1,127,93,,,273,205,,,2,9,8,215,2,2,4,2,11,33,87,11,18,18,3,7,17,303,162,3,89,1,140,,257,,,1,150,130,49,257,163,69,280,84,82,117,140,236,216,228,220,263,61,284,248,273,30,137,79,247,104,195,162,14,138,105,141,157,1,1,3,83,17,24,3,,,4,44,,,2,298,3,17,2,83,78,5,113,20,62,50,206,179,182,9,271,67,97,76,100,1,47,16,,8,,,b'\x11\xe8\xe1I\xd6\x19\x048\x98|\x12\xdf\x17\xaeN\x1e'
11E8E149-D619-0438-987C-12DF17AE4E1E,2021-ncaa-d2-conf-GLVC,ncaa,1,1,2,1,4,1,1,1,1,1,1,2,4,7,3,13,3,3,8,4,14,1,1,2,2,1,15,13,14,3,3,9,12,6,6,2,11,2,1,1,1,1,5,5,,,12,6,,,1,2,2,12,1,1,1,1,1,6,9,7,5,6,1,2,4,13,10,3,1,1,6,,9,,,1,4,4,5,6,5,5,9,4,7,3,9,9,9,9,9,10,5,14,7,7,1,9,5,12,9,12,8,3,8,6,7,7,1,1,1,3,1,6,2,,,2,7,,,1,14,1,1,1,1,3,2,4,3,3,4,9,8,7,2,12,7,6,6,6,1,1,3,,3,,,b'\x11\xe8\xe1I\xd6\x19\x048\x98|\x12\xdf\x17\xaeN\x1e'
11E8E149-D619-0438-987C-12DF17AE4E1E,2021-ncaa-d2-natl,ncaa,1,8,3,5,4,1,1,1,2,1,1,9,24,38,27,189,4,2,97,2,166,1,2,10,11,2,209,185,176,11,68,22,101,11,89,3,155,180,13,6,1,5,29,74,,,226,141,,,2,2,65,121,6,4,41,3,28,109,168,66,76,77,33,85,104,194,170,30,16,7,94,,127,,,4,217,213,208,176,218,210,190,196,203,115,94,219,222,121,222,159,215,226,169,171,65,87,75,143,206,101,218,68,218,89,215,149,1,2,16,179,28,151,16,,,2,53,,,2,225,3,50,4,77,75,21,110,42,68,52,113,113,108,18,122,59,45,34,118,5,28,34,,42,,,b'\x11\xe8\xe1I\xd6\x19\x048\x98|\x12\xdf\x17\xaeN\x1e'
11E8E149-D619-0438-987C-12DF17AE4E1E,2022-ncaa-d2-conf-GLVC,ncaa,1,1,1,1,1,1,1,1,2,1,1,3,1,1,7,13,1,1,8,1,8,1,1,2,2,1,13,13,4,1,1,6,12,1,5,1,7,12,1,1,1,1,1,1,,,14,14,,,1,1,2,12,1,1,2,1,1,8,10,3,2,2,2,2,2,14,8,2,2,1,2,,14,,,1,12,9,10,5,10,11,9,4,5,1,2,14,14,4,14,14,13,14,5,8,1,9,1,14,11,12,14,1,14,5,5,5,1,1,1,13,2,10,3,,,1,1,,,1,14,1,1,1,2,1,1,2,1,1,2,11,12,12,2,10,5,4,4,2,1,6,5,,2,,,b'\x11\xe8\xe1I\xd6\x19\x048\x98|\x12\xdf\x17\xaeN\x1e'
11E8E149-D619-0438-987C-12DF17AE4E1E,2022-ncaa-d2-natl,ncaa,10,16,13,14,18,5,5,6,17,6,7,33,48,67,37,221,5,6,88,7,121,6,12,28,27,7,207,207,143,17,42,151,165,68,112,21,193,117,5,16,3,3,57,45,,,301,299,,,2,13,101,283,9,9,41,7,34,99,166,31,42,43,33,93,73,293,237,45,18,7,106,,290,,,3,247,200,165,220,224,167,242,113,148,69,107,298,296,230,296,294,210,282,204,243,49,182,49,292,161,165,231,42,213,112,111,44,2,1,2,185,42,182,44,,,4,29,,,2,291,4,30,3,54,21,3,56,13,33,36,258,236,235,6,134,53,43,34,18,5,63,96,,18,,,b'\x11\xe8\xe1I\xd6\x19\x048\x98|\x12\xdf\x17\xaeN\x1e'
11E8E149-D619-0438-987C-12DF17AE4E1E,2023-ncaa-d2-conf-GLVC,ncaa,1,1,1,1,2,1,1,1,2,1,1,4,5,6,3,10,2,1,10,1,6,1,1,3,3,2,10,9,6,1,1,6,5,1,3,3,9,8,1,3,1,1,5,6,,,13,12,,,1,1,2,8,1,1,1,1,1,5,6,3,3,3,1,1,1,12,2,3,4,1,7,,12,,,1,6,4,6,6,9,6,10,1,4,1,2,12,13,6,13,13,8,13,4,7,1,5,1,13,6,5,12,1,9,3,3,4,1,1,1,10,2,13,12,,,1,4,,,1,13,1,1,1,1,1,1,3,1,1,2,10,10,10,1,11,2,6,5,1,1,6,13,,2,,,b'\x11\xe8\xe1I\xd6\x19\x048\x98|\x12\xdf\x17\xaeN\x1e'
11E8E149-D619-0438-987C-12DF17AE4E1E,2023-ncaa-d2-natl,ncaa,5,3,17,3,24,3,3,10,10,6,9,25,38,71,15,210,15,18,112,20,178,10,15,17,18,5,222,180,200,13,17,131,57,51,40,22,221,76,6,15,5,5,183,201,,,293,287,,,4,20,80,178,5,5,11,4,22,70,132,43,59,61,10,51,33,275,161,37,12,8,237,,270,,,5,250,219,148,261,247,158,280,93,140,46,113,290,284,274,283,278,191,270,233,265,108,121,37,276,55,57,214,17,157,40,113,43,5,4,4,85,8,273,157,,,10,65,,,4,279,2,57,4,102,70,2,136,20,38,59,255,226,227,7,128,11,49,18,34,10,22,239,,40,,,b'\x11\xe8\xe1I\xd6\x19\x048\x98|\x12\xdf\x17\xaeN\x1e'
11E8E149-D619-0438-987C-12DF17AE4E1E,2024-ncaa-d2-conf-GLVC,ncaa,2,2,1,2,2,1,1,2,1,1,2,1,4,9,1,12,4,5,2,5,12,3,2,1,1,1,12,11,13,10,10,1,2,1,1,1,10,5,4,1,12,13,10,10,,,10,6,,,1,2,7,11,1,1,7,1,3,6,12,7,8,8,7,9,10,1,2,1,3,13,10,,6,,,1,11,9,14,1,10,12,3,10,14,1,12,10,11,3,11,9,14,13,1,2,5,7,8,9,8,2,5,10,8,1,1,1,12,14,6,2,2,5,4,,,8,12,,,1,12,1,4,1,5,4,10,4,9,8,12,7,8,8,11,3,5,3,3,1,14,2,5,,13,,,b'\x11\xe8\xe1I\xd6\x19\x048\x98|\x12\xdf\x17\xaeN\x1e'
11E8E149-D619-0438-987C-12DF17AE4E1E,2024-ncaa-d2-natl,ncaa,23,31,26,27,47,10,9,36,2,7,22,4,51,133,2,229,30,41,42,37,163,34,46,2,2,2,230,193,211,195,210,7,20,26,23,29,209,106,38,25,253,293,164,222,,,262,178,,,29,28,82,227,6,7,88,5,59,80,213,56,94,91,78,137,248,3,57,42,43,289,205,,180,,,29,282,272,285,108,278,274,178,214,281,25,189,282,277,212,276,188,288,265,99,112,229,135,97,206,169,20,168,210,171,23,79,7,262,297,221,74,24,81,23,,,78,165,,,29,270,4,216,33,224,210,263,228,213,146,237,231,220,219,267,165,84,41,46,30,296,33,36,,165,,,b'\x11\xe8\xe1I\xd6\x19\x048\x98|\x12\xdf\x17\xaeN\x1e'
11E8E149-D619-0438-987C-12DF17AE4E1E,2025-ncaa-d2-conf-GLVC,genius_ncaa,3,2,2,3,2,2,2,2,1,2,2,4,4,7,1,11,7,5,13,4,12,2,2,1,3,1,10,8,13,3,5,2,6,2,4,3,10,9,2,2,6,9,6,8,,,14,13,,9,1,2,2,3,1,1,2,2,2,6,9,8,6,6,2,3,4,2,2,3,7,6,7,,13,,8,1,11,7,14,1,11,13,4,3,11,1,5,13,12,11,12,9,14,14,1,1,2,6,2,13,15,6,8,5,10,4,2,1,8,13,2,7,2,6,3,,,7,12,,9,1,14,1,2,2,4,3,15,9,14,3,9,13,13,13,15,14,11,6,6,2,9,7,6,,9,,9,b'\x11\xe8\xe1I\xd6\x19\x048\x98|\x12\xdf\x17\xaeN\x1e'
11E8E149-D619-0438-987C-12DF17AE4E1E,2025-ncaa-d2-natl,genius_ncaa,40,31,72,34,73,24,18,33,8,18,21,35,60,139,5,229,106,88,219,78,214,32,38,14,22,20,235,160,260,92,105,22,49,32,36,64,240,144,56,70,186,239,91,144,,,293,281,,286,36,39,36,45,10,6,23,7,22,74,166,130,103,99,22,40,109,7,14,68,108,214,107,,282,,290,31,259,219,267,54,229,263,79,157,238,35,136,289,286,201,286,223,280,257,55,79,148,179,93,251,156,49,177,105,171,36,41,9,195,267,100,133,49,72,13,,,75,159,,70,36,261,22,135,44,208,170,271,187,250,126,213,272,266,265,281,247,121,121,115,20,238,100,50,,85,,86,b'\x11\xe8\xe1I\xd6\x19\x048\x98|\x12\xdf\x17\xaeN\x1e'
11E8E149-D619-0438-987C-12DF17AE4E1E,2026-ncaa-d2-conf-GLVC,genius_ncaa,2,1,6,1,6,10,9,11,4,11,7,11,5,13,1,13,15,14,12,14,14,13,13,2,5,4,7,3,14,10,8,11,8,11,7,5,1,3,4,3,15,15,13,14,,,6,14,,7,6,13,13,1,5,5,9,8,2,4,13,15,11,11,11,13,9,8,8,3,3,15,13,,9,,8,6,6,5,6,7,7,9,7,1,2,4,4,6,5,12,5,3,5,3,4,7,11,3,2,12,8,8,2,8,4,7,2,3,15,15,12,2,4,13,13,,,9,2,,12,6,3,4,13,7,8,7,8,11,13,3,4,10,8,8,8,4,9,3,4,4,15,2,14,,6,,11,b'\x11\xe8\xe1I\xd6\x19\x048\x98|\x12\xdf\x17\xaeN\x1e'
11E8E149-D619-0438-987C-12DF17AE4E1E,2026-ncaa-d2-natl,genius_ncaa,65,98,59,100,59,96,71,74,115,64,41,213,105,175,25,231,216,193,228,183,278,89,115,124,167,111,222,139,274,178,259,77,164,116,229,79,146,69,23,35,275,296,189,254,,,217,158,,127,184,99,229,3,132,82,70,85,42,129,220,264,248,239,106,193,232,99,181,102,23,295,221,,177,,107,181,225,230,239,168,260,276,140,95,106,107,25,208,198,217,202,74,225,200,126,137,199,31,41,162,215,164,252,259,245,229,116,13,200,269,160,76,48,273,236,,,99,102,,68,184,197,137,202,180,193,209,239,263,276,52,39,172,159,162,230,157,187,258,235,57,259,39,262,,142,,86,b'\x11\xe8\xe1I\xd6\x19\x048\x98|\x12\xdf\x17\xaeN\x1e'
11E8E149-D61D-250E-987C-12DF17AE4E1E,2018-ncaa-d2-conf-GAC,ncaa,7,6,6,7,7,10,12,10,12,12,12,12,2,1,6,1,7,10,1,9,4,10,11,10,9,7,1,1,4,12,12,10,7,11,12,12,7,2,4,6,11,9,10,9,,,11,12,,,6,10,11,6,11,12,10,12,12,1,1,6,11,11,11,11,12,10,12,12,2,9,10,,12,,,6,4,2,1,8,2,2,8,3,3,7,4,12,12,4,12,12,2,3,7,10,6,9,3,12,4,7,11,12,9,12,2,5,4,2,2,5,6,7,10,,,4,3,,,6,3,8,6,7,5,2,1,3,1,3,2,11,12,11,1,3,3,12,10,2,5,5,7,,4,,,b'\x11\xe8\xe1I\xd6\x1d%\x0e\x98|\x12\xdf\x17\xaeN\x1e'
11E8E149-D61D-250E-987C-12DF17AE4E1E,2018-ncaa-d2-natl,ncaa,196,206,148,204,176,185,244,186,276,303,298,290,14,14,94,4,150,226,4,219,39,194,238,195,166,136,2,3,98,289,307,211,109,263,294,227,167,29,53,134,231,219,195,155,,,244,298,,,206,196,204,153,200,281,193,306,304,6,5,126,228,225,219,266,296,233,293,246,33,235,198,,267,,,204,160,76,59,203,56,37,199,203,164,241,214,274,270,197,265,301,86,86,222,264,246,289,213,283,72,109,285,307,230,294,64,90,174,125,105,72,122,229,301,,,126,30,,,206,103,183,224,214,176,104,33,63,25,211,176,280,275,272,83,83,70,290,258,72,161,79,242,,95,,,b'\x11\xe8\xe1I\xd6\x1d%\x0e\x98|\x12\xdf\x17\xaeN\x1e'
11E8E149-D61D-250E-987C-12DF17AE4E1E,2019-ncaa-d2-conf-GAC,ncaa,2,2,5,2,8,5,6,4,9,8,6,12,3,2,3,2,8,9,6,8,8,6,6,5,7,3,2,2,9,5,3,6,2,5,3,7,9,2,2,3,5,4,7,4,,,10,12,,,3,9,5,12,4,6,3,9,8,3,2,8,8,7,5,8,5,7,5,7,2,4,6,,10,,,3,1,1,1,3,1,1,3,5,5,7,7,10,11,4,10,12,3,3,4,7,4,12,7,11,3,2,10,3,7,3,2,3,3,3,1,1,2,7,6,,,4,4,,,3,5,2,3,3,2,1,1,1,1,7,5,10,12,11,1,2,3,9,7,2,3,2,7,,5,,,b'\x11\xe8\xe1I\xd6\x1d%\x0e\x98|\x12\xdf\x17\xaeN\x1e'
11E8E149-D61D-250E-987C-12DF17AE4E1E,2019-ncaa-d2-natl,ncaa,48,49,76,48,123,94,138,125,172,230,220,211,31,46,25,41,90,127,48,126,68,120,159,103,86,69,10,19,135,165,193,114,19,128,109,170,220,62,42,121,102,94,169,111,,,278,305,,,57,159,153,310,109,175,169,275,266,23,44,108,155,153,171,236,187,137,164,201,31,125,183,,273,,,55,85,23,56,47,12,26,56,195,202,156,253,293,295,137,294,309,91,139,80,135,86,310,242,306,37,19,224,193,139,109,21,62,66,41,16,24,25,157,191,,,44,10,,,57,168,67,52,50,46,10,11,5,5,171,166,286,292,288,28,53,18,173,85,15,69,18,122,,39,,,b'\x11\xe8\xe1I\xd6\x1d%\x0e\x98|\x12\xdf\x17\xaeN\x1e'
11E8E149-D61D-250E-987C-12DF17AE4E1E,2020-ncaa-d2-conf-GAC,ncaa,10,10,9,10,9,9,10,9,10,12,12,10,6,6,7,4,5,5,2,5,2,9,12,8,5,6,2,4,1,10,10,8,2,10,8,10,5,2,4,6,12,11,7,5,,,6,10,,,9,11,9,8,8,10,9,12,11,5,6,3,4,4,7,11,10,5,10,9,2,11,7,,9,,,9,2,2,1,8,1,2,7,8,7,10,11,9,9,5,9,12,1,1,8,9,10,12,11,12,1,2,6,10,4,8,2,4,10,7,6,3,4,2,7,,,5,1,,,9,3,8,8,8,5,3,3,3,2,10,9,12,12,12,3,3,2,10,7,3,9,3,4,,2,,,b'\x11\xe8\xe1I\xd6\x1d%\x0e\x98|\x12\xdf\x17\xaeN\x1e'
11E8E149-D61D-250E-987C-12DF17AE4E1E,2020-ncaa-d2-natl,ncaa,193,220,102,210,149,165,222,192,234,263,254,243,85,77,115,54,57,110,35,107,32,177,217,192,154,126,16,54,30,262,292,121,47,196,205,219,195,46,61,136,271,280,166,123,,,265,296,,,177,186,216,212,192,257,238,285,277,80,76,59,108,105,215,273,278,129,227,243,33,290,178,,262,,,176,181,79,80,112,33,36,102,267,242,233,270,292,290,180,291,308,134,125,165,207,210,308,275,298,58,47,249,292,184,205,70,92,178,165,105,61,84,233,269,,,19,2,,,177,144,155,175,165,146,57,33,21,11,254,240,294,291,293,86,66,43,244,163,53,185,44,226,,16,,,b'\x11\xe8\xe1I\xd6\x1d%\x0e\x98|\x12\xdf\x17\xaeN\x1e'
11E8E149-D61D-250E-987C-12DF17AE4E1E,2021-ncaa-d2-conf-GAC,ncaa,5,9,3,6,4,5,6,4,11,9,7,11,3,3,6,3,2,3,4,3,2,3,6,9,6,4,2,4,2,8,11,7,5,8,11,9,10,3,2,4,5,8,6,6,,,10,11,,,6,5,12,8,9,10,9,11,11,5,4,4,6,6,9,11,11,11,12,11,1,9,8,,6,,,6,7,6,6,3,5,5,2,10,9,8,10,12,12,10,12,12,7,8,7,9,8,11,10,12,6,5,11,11,10,11,8,10,3,3,4,4,2,10,10,,,1,1,,,6,8,5,7,6,2,1,1,1,1,7,7,12,10,10,1,2,4,8,8,3,7,1,8,,2,,,b'\x11\xe8\xe1I\xd6\x1d%\x0e\x98|\x12\xdf\x17\xaeN\x1e'
11E8E149-D61D-250E-987C-12DF17AE4E1E,2021-ncaa-d2-natl,ncaa,72,135,68,92,74,79,97,85,148,105,98,160,53,56,86,79,38,45,58,45,29,81,97,129,112,62,26,63,35,130,207,88,99,109,197,122,177,59,11,59,107,157,90,90,,,183,201,,,114,92,170,121,121,157,137,170,156,71,80,41,59,60,118,201,194,162,201,183,7,166,129,,172,,,112,146,123,118,113,106,101,89,175,156,170,173,213,212,200,211,219,131,137,140,170,153,216,170,214,128,99,189,207,174,197,147,145,60,72,88,77,32,176,165,,,26,1,,,114,136,83,147,114,103,41,22,24,11,159,131,209,196,195,40,48,73,191,156,76,101,18,152,,8,,,b'\x11\xe8\xe1I\xd6\x1d%\x0e\x98|\x12\xdf\x17\xaeN\x1e'
11E8E149-D61D-250E-987C-12DF17AE4E1E,2022-ncaa-d2-conf-GAC,ncaa,6,5,5,5,5,8,9,6,11,10,7,10,4,4,7,3,8,9,1,9,8,7,8,11,9,8,2,4,4,9,9,7,2,8,7,9,7,2,3,4,6,5,7,4,,,8,11,,,5,8,9,4,9,9,6,11,8,5,4,8,9,9,8,9,8,9,9,9,3,5,8,,8,,,5,4,2,2,8,1,1,8,8,7,7,9,9,9,6,9,12,2,4,8,9,5,12,9,10,1,2,10,9,4,7,3,6,4,4,3,1,1,8,9,,,3,2,,,5,5,9,4,6,4,2,2,1,1,8,8,10,10,10,2,3,2,10,4,4,5,1,9,,3,,,b'\x11\xe8\xe1I\xd6\x1d%\x0e\x98|\x12\xdf\x17\xaeN\x1e'
11E8E149-D61D-250E-987C-12DF17AE4E1E,2022-ncaa-d2-natl,ncaa,108,119,106,115,132,95,135,125,160,176,171,182,57,74,58,83,52,89,16,90,55,111,159,122,87,64,23,59,52,197,248,118,49,152,181,160,190,32,28,76,157,161,171,124,,,246,272,,,93,137,174,174,84,160,146,230,211,54,64,46,99,102,127,214,224,141,199,189,26,175,182,,237,,,94,170,94,87,143,51,55,136,234,211,238,231,283,280,148,279,301,128,142,197,226,194,297,239,289,58,49,231,248,173,181,70,96,109,96,67,41,36,194,222,,,28,2,,,93,165,73,163,91,136,51,22,22,15,227,192,276,273,272,60,76,42,227,149,56,132,24,193,,11,,,b'\x11\xe8\xe1I\xd6\x1d%\x0e\x98|\x12\xdf\x17\xaeN\x1e'
11E8E149-D61D-250E-987C-12DF17AE4E1E,2023-ncaa-d2-conf-GAC,ncaa,7,9,5,9,8,9,10,8,12,9,9,12,5,4,10,4,6,5,4,5,3,7,7,12,11,11,4,4,1,11,11,9,3,12,10,7,4,5,5,5,6,6,7,6,,,11,12,,,12,6,3,9,10,11,7,10,9,5,4,4,5,5,6,8,11,9,12,7,5,5,7,,11,,,12,10,5,3,9,3,4,7,7,6,10,9,12,11,12,11,12,5,5,10,10,10,11,7,12,2,3,10,11,8,10,5,8,2,3,2,6,5,11,11,,,3,2,,,12,8,11,5,10,9,5,2,4,2,8,7,12,12,12,4,7,2,10,7,5,3,6,10,,2,,,b'\x11\xe8\xe1I\xd6\x1d%\x0e\x98|\x12\xdf\x17\xaeN\x1e'
11E8E149-D61D-250E-987C-12DF17AE4E1E,2023-ncaa-d2-natl,ncaa,207,182,239,207,252,221,246,233,244,268,272,221,136,119,172,61,138,162,95,157,37,230,266,207,186,143,29,76,56,285,283,285,183,293,285,197,86,20,65,97,198,144,183,108,,,215,290,,,218,241,107,208,181,228,180,258,238,89,65,82,99,91,152,208,277,278,293,159,50,147,155,,276,,,219,92,44,27,185,41,21,187,136,107,228,186,266,245,278,240,289,46,54,211,262,222,285,183,287,38,183,126,283,80,285,79,199,160,94,113,62,160,174,260,,,124,14,,,218,64,190,205,211,218,116,54,82,36,206,175,290,279,278,115,155,89,242,182,151,94,134,214,,31,,,b'\x11\xe8\xe1I\xd6\x1d%\x0e\x98|\x12\xdf\x17\xaeN\x1e'
11E8E149-D61D-250E-987C-12DF17AE4E1E,2024-ncaa-d2-conf-GAC,ncaa,10,10,9,10,11,12,12,11,12,12,11,12,4,3,6,2,12,12,8,12,10,11,12,12,12,12,2,1,9,11,12,10,2,12,9,12,9,2,6,11,10,9,12,11,,,7,11,,,12,12,11,7,12,12,11,12,11,3,3,11,11,11,11,12,11,9,12,12,6,9,11,,7,,,12,1,1,1,10,4,2,11,7,6,9,9,7,6,11,6,12,1,1,11,11,12,9,8,9,1,2,10,12,3,9,5,9,9,6,9,3,8,7,12,,,10,4,,,12,1,12,8,12,5,4,1,4,2,8,8,8,8,8,1,1,2,11,4,6,7,7,10,,9,,,b'\x11\xe8\xe1I\xd6\x1d%\x0e\x98|\x12\xdf\x17\xaeN\x1e'
11E8E149-D61D-250E-987C-12DF17AE4E1E,2024-ncaa-d2-natl,ncaa,216,183,260,208,271,283,287,284,280,292,292,291,143,176,89,37,266,275,124,274,122,285,286,247,241,228,8,10,135,290,287,261,23,287,234,284,210,18,162,230,282,240,282,245,,,100,291,,,243,282,266,227,283,290,280,296,290,78,87,248,262,258,288,291,290,220,278,284,98,263,278,,217,,,246,23,14,13,176,15,8,212,93,82,171,242,152,113,276,111,288,13,11,206,240,244,277,211,271,7,23,69,287,21,234,32,178,274,190,188,34,174,160,284,,,237,28,,,243,17,261,205,253,110,47,8,33,14,193,182,233,200,198,20,8,9,236,103,95,229,113,235,,126,,,b'\x11\xe8\xe1I\xd6\x1d%\x0e\x98|\x12\xdf\x17\xaeN\x1e'
11E8E149-D61D-250E-987C-12DF17AE4E1E,2025-ncaa-d2-conf-GAC,genius_ncaa,8,8,5,8,7,10,9,9,10,9,4,10,9,10,2,11,10,6,12,6,8,9,9,10,11,11,8,8,8,8,8,5,1,8,5,9,9,5,7,10,8,8,9,7,,,10,11,,9,7,10,11,7,12,12,12,9,4,9,11,11,7,7,11,12,7,7,7,9,5,9,8,,10,,9,7,2,2,1,6,1,2,3,8,7,8,9,4,4,3,4,11,1,2,7,7,6,11,10,8,1,1,9,8,2,5,9,11,5,4,5,3,4,9,8,,,5,3,,3,7,3,11,4,7,2,2,1,1,1,7,7,5,5,5,1,2,1,8,3,8,6,3,10,,3,,2,b'\x11\xe8\xe1I\xd6\x1d%\x0e\x98|\x12\xdf\x17\xaeN\x1e'
11E8E149-D61D-250E-987C-12DF17AE4E1E,2025-ncaa-d2-natl,genius_ncaa,187,200,162,194,171,218,203,227,161,185,168,218,194,241,69,228,236,207,263,205,194,222,249,176,194,183,200,163,203,216,203,213,23,223,113,221,215,59,127,168,252,216,200,125,,,129,269,,210,172,250,289,69,250,228,268,199,156,198,255,250,217,209,265,285,222,227,247,234,66,256,197,,145,,209,168,59,42,29,149,17,15,117,237,178,279,268,112,97,222,92,241,29,32,216,217,211,297,291,182,11,23,86,203,33,113,93,222,229,146,176,24,50,200,221,,,159,51,,41,172,47,188,162,179,69,36,10,8,4,245,194,123,106,102,12,7,5,102,33,115,225,28,222,,141,,40,b'\x11\xe8\xe1I\xd6\x1d%\x0e\x98|\x12\xdf\x17\xaeN\x1e'
11E8E149-D61D-250E-987C-12DF17AE4E1E,2026-ncaa-d2-conf-GAC,genius_ncaa,7,8,1,8,1,10,10,10,8,8,6,11,8,10,5,12,4,4,10,4,4,8,9,10,8,8,7,8,2,7,10,6,5,7,8,10,7,7,7,10,8,8,5,6,,,8,11,,4,10,9,11,1,11,12,12,10,7,9,12,5,5,5,10,11,8,7,8,10,6,9,6,,7,,4,10,7,6,4,6,5,11,4,8,4,10,2,10,7,12,7,5,5,3,7,8,9,7,7,10,5,5,9,10,6,8,5,5,10,9,8,7,7,4,4,,,4,4,,1,10,5,8,9,10,7,6,3,5,11,7,3,10,7,7,4,1,5,8,5,5,10,6,3,,5,,1,b'\x11\xe8\xe1I\xd6\x1d%\x0e\x98|\x12\xdf\x17\xaeN\x1e'
11E8E149-D61D-250E-987C-12DF17AE4E1E,2026-ncaa-d2-natl,genius_ncaa,65,53,141,74,170,206,204,208,161,192,177,203,188,223,99,216,125,133,140,131,96,200,222,164,144,122,147,181,67,243,230,175,30,207,116,182,144,57,84,111,227,198,239,237,,,129,241,,105,101,210,247,88,198,214,240,190,161,189,235,98,101,97,226,271,245,145,221,180,53,228,250,,153,,117,99,63,47,60,65,44,71,27,120,81,234,120,127,134,137,137,234,63,71,90,100,92,252,196,231,37,30,109,230,78,116,38,57,176,95,49,76,141,105,118,,,185,75,,13,101,84,148,69,97,32,24,10,24,46,135,66,145,164,171,15,19,21,104,48,18,163,99,118,,160,,10,b'\x11\xe8\xe1I\xd6\x1d%\x0e\x98|\x12\xdf\x17\xaeN\x1e'
11E8E149-D621-73F2-987C-12DF17AE4E1E,2018-ncaa-d2-conf-PSAC,ncaa,7,5,10,6,10,8,8,9,10,8,9,5,7,4,7,5,8,11,8,11,11,9,10,6,7,5,5,6,12,14,16,12,8,11,15,8,11,2,5,5,6,4,13,11,,,13,15,,,7,9,5,3,5,4,4,7,9,6,3,9,10,11,4,7,13,12,10,6,5,5,11,,15,,,6,9,8,5,12,13,8,15,3,3,4,3,11,11,11,11,13,5,9,11,13,10,5,3,13,2,8,11,16,10,15,6,6,7,5,5,2,5,11,9,,,14,14,,,7,9,5,9,6,12,11,7,13,11,4,4,14,15,15,8,11,8,15,15,8,6,5,10,,12,,,b'\x11\xe8\xe1I\xd6!s\xf2\x98|\x12\xdf\x17\xaeN\x1e'
11E8E149-D621-73F2-987C-12DF17AE4E1E,2018-ncaa-d2-natl,ncaa,134,87,250,122,252,152,139,178,109,159,200,96,114,124,128,101,213,239,105,248,225,189,235,100,109,79,139,106,238,231,234,249,172,251,245,150,183,24,48,62,75,41,184,170,,,168,245,,,109,230,99,56,65,57,53,88,131,75,71,171,191,202,74,126,197,206,213,96,55,38,157,,258,,,108,85,90,48,238,162,93,250,29,35,91,46,196,196,131,199,234,59,77,205,219,173,61,26,239,83,172,159,234,117,245,77,91,124,71,75,45,73,164,190,,,268,262,,,109,83,91,162,106,203,197,124,248,198,48,56,252,257,260,162,201,153,263,229,150,65,83,204,,248,,,b'\x11\xe8\xe1I\xd6!s\xf2\x98|\x12\xdf\x17\xaeN\x1e'
11E8E149-D621-73F2-987C-12DF17AE4E1E,2019-ncaa-d2-conf-PSAC,ncaa,11,9,13,9,13,12,8,8,9,8,10,9,7,9,7,6,16,16,13,16,17,11,11,9,13,12,12,6,17,10,9,16,10,15,15,6,6,9,9,5,3,2,8,7,,,14,16,,,7,11,5,3,7,4,4,6,6,6,5,16,16,16,5,3,6,13,12,3,10,2,8,,17,,,7,2,3,2,13,2,2,5,4,3,17,3,16,17,12,17,17,2,5,13,14,6,16,4,17,3,10,9,9,5,15,2,5,4,3,3,6,6,6,6,,,17,18,,,7,7,11,4,8,9,4,3,4,5,6,4,16,17,17,6,11,5,14,10,3,2,8,6,,16,,,b'\x11\xe8\xe1I\xd6!s\xf2\x98|\x12\xdf\x17\xaeN\x1e'
11E8E149-D621-73F2-987C-12DF17AE4E1E,2019-ncaa-d2-natl,ncaa,166,184,118,177,157,129,92,92,135,98,108,113,119,114,182,136,247,236,205,238,274,110,124,136,163,145,228,145,277,173,204,236,212,226,245,54,40,135,117,55,19,12,102,113,,,289,302,,,149,112,90,159,115,72,49,82,104,124,108,262,248,252,82,103,171,268,258,29,136,11,105,,300,,,149,200,133,84,209,197,198,164,35,23,228,15,302,298,262,298,286,136,178,183,235,173,137,20,301,145,212,232,204,204,245,103,90,45,42,43,131,110,90,57,,,271,301,,,149,192,154,161,151,193,121,57,189,189,35,12,305,296,296,119,197,134,227,198,96,45,126,80,,296,,,b'\x11\xe8\xe1I\xd6!s\xf2\x98|\x12\xdf\x17\xaeN\x1e'
11E8E149-D621-73F2-987C-12DF17AE4E1E,2020-ncaa-d2-conf-PSAC,ncaa,4,4,3,4,8,13,13,10,13,10,8,14,12,14,11,14,6,6,9,6,8,9,14,14,14,12,10,13,5,11,14,9,7,10,8,4,4,4,4,3,8,9,10,11,,,4,7,,,8,12,16,18,16,15,14,14,10,14,16,8,8,7,13,17,13,12,11,4,2,10,10,,4,,,8,2,3,6,7,9,14,3,1,2,7,2,5,7,2,6,7,4,6,5,3,2,3,1,8,5,7,13,14,8,8,1,2,7,4,1,2,3,15,14,,,11,8,,,8,7,13,2,6,2,3,2,6,11,1,1,5,6,6,3,2,2,12,7,2,7,2,15,,12,,,b'\x11\xe8\xe1I\xd6!s\xf2\x98|\x12\xdf\x17\xaeN\x1e'
11E8E149-D621-73F2-987C-12DF17AE4E1E,2020-ncaa-d2-natl,ncaa,60,88,17,75,38,146,150,125,168,103,73,179,217,221,192,252,77,96,96,88,155,112,151,200,182,143,217,246,64,146,201,113,108,132,162,64,23,68,55,42,117,116,73,118,,,173,162,,,92,153,300,186,220,224,250,170,145,260,266,118,158,146,242,294,204,216,231,105,24,165,97,,83,,,94,80,116,140,116,210,270,58,20,11,170,4,137,162,52,160,86,136,156,68,67,59,18,14,177,127,108,238,201,206,162,28,12,96,89,33,56,50,298,278,,,139,125,,,92,168,148,58,90,19,44,21,122,196,6,2,76,107,107,16,18,63,143,103,12,145,23,288,,235,,,b'\x11\xe8\xe1I\xd6!s\xf2\x98|\x12\xdf\x17\xaeN\x1e'
11E8E149-D621-73F2-987C-12DF17AE4E1E,2022-ncaa-d2-conf-PSAC,ncaa,18,18,12,18,18,18,18,18,16,17,16,18,16,16,7,14,18,18,8,18,18,18,18,15,15,16,10,7,17,17,17,16,16,17,16,11,2,12,18,13,13,12,8,6,,,16,16,,,17,17,9,16,18,18,16,17,11,14,15,18,18,18,18,17,17,14,17,10,16,11,6,,17,,,17,6,4,3,11,7,8,10,4,3,10,4,16,16,1,16,16,3,2,10,11,10,10,4,16,9,16,12,17,12,16,4,9,9,8,9,14,17,17,18,,,18,18,,,17,3,18,11,17,10,9,5,11,12,5,5,16,16,16,9,10,13,16,16,9,8,16,17,,18,,,b'\x11\xe8\xe1I\xd6!s\xf2\x98|\x12\xdf\x17\xaeN\x1e'
11E8E149-D621-73F2-987C-12DF17AE4E1E,2022-ncaa-d2-natl,ncaa,263,276,196,273,215,279,272,247,269,267,210,283,231,253,113,203,289,293,153,293,296,261,248,266,271,277,177,119,257,286,297,208,214,252,284,178,14,215,282,212,182,160,107,91,,,191,254,,,272,225,204,201,294,282,277,276,194,226,255,292,298,298,292,264,286,207,282,167,240,166,89,,231,,,266,72,68,69,144,115,120,140,40,47,92,59,169,192,65,184,206,79,94,121,134,124,93,53,238,161,214,186,297,189,284,127,210,149,115,137,247,281,290,298,,,286,289,,,272,81,289,141,268,104,96,71,151,157,52,51,207,226,223,99,126,193,253,240,150,126,255,294,,294,,,b'\x11\xe8\xe1I\xd6!s\xf2\x98|\x12\xdf\x17\xaeN\x1e'
11E8E149-D621-73F2-987C-12DF17AE4E1E,2023-ncaa-d2-conf-PSAC,ncaa,10,10,9,10,11,15,14,13,16,13,10,16,14,14,12,13,17,14,17,14,12,14,14,16,16,16,13,10,14,13,15,18,15,15,15,4,1,8,11,6,3,2,10,8,,,5,10,,,13,15,15,8,16,16,13,13,9,13,13,17,14,14,13,14,12,18,17,4,10,3,9,,8,,,13,1,1,1,5,3,3,5,2,3,1,3,11,12,7,12,16,1,4,4,5,2,5,3,17,6,15,15,15,13,15,3,5,4,1,1,12,12,15,17,,,14,11,,,13,4,16,2,13,2,2,1,5,4,2,2,14,13,13,1,5,10,13,12,2,2,11,15,,14,,,b'\x11\xe8\xe1I\xd6!s\xf2\x98|\x12\xdf\x17\xaeN\x1e'
11E8E149-D621-73F2-987C-12DF17AE4E1E,2023-ncaa-d2-natl,ncaa,112,139,68,130,101,198,191,146,238,196,96,278,140,192,36,209,249,191,285,185,227,152,142,233,254,246,155,99,236,174,242,175,211,178,264,55,1,181,180,78,59,56,145,165,,,151,133,,,162,129,226,208,268,253,232,248,141,165,236,277,227,221,245,238,214,255,253,50,144,76,169,,107,,,159,75,65,95,86,129,176,80,26,31,54,31,237,233,173,233,201,113,168,53,89,38,78,22,272,199,211,265,242,250,264,57,102,37,30,22,210,209,276,281,,,169,178,,,162,163,258,44,163,24,17,14,81,129,12,13,201,199,198,21,85,158,252,224,36,53,179,276,,228,,,b'\x11\xe8\xe1I\xd6!s\xf2\x98|\x12\xdf\x17\xaeN\x1e'
11E8E149-D621-73F2-987C-12DF17AE4E1E,2024-ncaa-d2-conf-PSAC,ncaa,12,12,8,12,9,17,17,15,16,10,9,17,18,18,18,16,9,10,9,10,14,15,12,18,18,18,17,17,3,11,9,11,10,9,8,14,9,17,18,18,11,11,7,7,,,4,6,,,15,14,15,9,18,17,17,12,8,18,17,10,10,11,16,13,11,9,10,18,17,11,7,,4,,,15,6,6,8,6,7,9,7,9,7,8,8,7,7,6,7,8,9,5,7,6,8,12,11,8,11,10,6,9,8,8,7,8,14,15,12,18,18,18,17,,,10,7,,,15,5,18,9,15,6,8,10,6,8,9,9,7,10,10,10,5,13,8,12,6,15,17,18,,10,,,b'\x11\xe8\xe1I\xd6!s\xf2\x98|\x12\xdf\x17\xaeN\x1e'
11E8E149-D621-73F2-987C-12DF17AE4E1E,2024-ncaa-d2-natl,ncaa,187,212,117,198,171,268,262,239,277,193,93,283,289,287,294,291,184,201,129,193,239,236,207,291,288,290,284,292,33,171,169,176,222,176,202,238,148,243,267,266,193,190,93,97,,,103,118,,,249,217,261,299,297,291,288,224,83,295,295,202,212,204,289,256,182,201,209,264,220,206,99,,82,,,239,61,70,105,70,111,169,53,48,56,83,51,129,142,117,139,109,104,97,54,55,77,88,70,194,214,222,132,169,171,202,63,95,174,153,106,288,291,297,287,,,200,166,,,249,78,289,101,247,37,44,69,91,173,38,37,112,121,120,70,64,209,110,155,59,185,273,297,,233,,,b'\x11\xe8\xe1I\xd6!s\xf2\x98|\x12\xdf\x17\xaeN\x1e'
11E8E149-D621-73F2-987C-12DF17AE4E1E,2025-ncaa-d2-conf-PSAC,genius_ncaa,11,10,10,11,11,12,12,12,9,6,4,11,16,17,10,17,11,12,8,12,16,12,12,10,12,12,17,16,9,11,5,10,2,11,3,6,4,7,11,5,10,7,13,11,,,5,8,,4,11,12,11,7,11,8,8,5,1,16,17,11,12,12,8,9,8,9,9,4,11,11,13,,7,,7,11,3,3,4,6,4,4,7,9,5,13,9,9,7,17,7,9,3,4,9,10,10,14,12,12,2,2,4,5,2,3,8,14,12,6,10,10,13,5,3,,,13,13,,6,11,6,11,6,11,7,4,3,5,3,9,7,10,6,6,2,2,2,8,2,8,8,12,6,,12,,5,b'\x11\xe8\xe1I\xd6!s\xf2\x98|\x12\xdf\x17\xaeN\x1e'
11E8E149-D621-73F2-987C-12DF17AE4E1E,2025-ncaa-d2-natl,genius_ncaa,144,159,109,154,117,144,118,141,98,40,30,153,285,288,223,299,126,164,90,162,272,138,125,180,169,175,299,300,133,119,93,147,68,134,72,59,32,189,183,86,80,66,117,111,,,194,214,,47,127,132,192,39,172,101,143,27,16,297,299,139,165,167,157,142,117,172,152,45,182,87,125,,178,,42,127,110,80,88,126,119,139,120,66,64,114,66,257,233,251,232,236,109,140,107,155,117,149,63,271,62,68,103,93,76,72,116,175,93,76,83,235,226,147,70,,,154,174,,112,127,171,166,83,128,91,59,34,95,108,56,43,243,220,221,55,93,47,87,58,108,93,219,146,,168,,117,b'\x11\xe8\xe1I\xd6!s\xf2\x98|\x12\xdf\x17\xaeN\x1e'
11E8E149-D621-73F2-987C-12DF17AE4E1E,2026-ncaa-d2-conf-PSAC,genius_ncaa,9,8,3,9,3,6,4,5,6,3,3,7,14,16,10,16,11,11,7,11,13,6,6,8,9,8,14,13,11,13,14,10,16,11,15,2,5,7,6,3,4,2,8,10,,,5,4,,8,9,3,1,1,4,2,3,2,1,13,15,10,10,9,4,4,12,9,11,1,8,2,8,,7,,9,9,13,13,13,11,11,10,13,11,15,9,12,7,4,14,4,6,12,13,12,12,9,9,13,8,13,16,13,14,14,15,13,11,4,4,9,6,5,16,14,,,10,10,,11,9,12,10,11,11,15,15,15,13,11,13,16,9,6,6,14,15,15,15,16,14,2,6,16,,8,,9,b'\x11\xe8\xe1I\xd6!s\xf2\x98|\x12\xdf\x17\xaeN\x1e'
11E8E149-D621-73F2-987C-12DF17AE4E1E,2026-ncaa-d2-natl,genius_ncaa,65,53,141,74,168,174,102,91,176,41,26,206,252,252,230,285,274,266,218,266,298,117,144,225,251,207,297,275,295,81,97,190,223,147,182,57,43,69,39,26,43,29,65,69,,,124,110,,17,76,156,82,85,151,46,9,9,4,267,270,292,286,287,30,55,54,181,99,19,79,26,56,,141,,17,76,71,53,106,18,82,155,19,29,66,31,53,192,164,244,164,164,113,145,12,22,17,137,48,279,182,223,156,97,166,182,74,166,74,49,38,93,81,266,199,,,234,283,,188,76,135,184,25,83,42,28,123,72,208,20,44,229,198,196,141,216,224,205,223,72,41,115,278,,273,,194,b'\x11\xe8\xe1I\xd6!s\xf2\x98|\x12\xdf\x17\xaeN\x1e'
11E8E149-D625-B8D6-987C-12DF17AE4E1E,2018-ncaa-d2-conf-Lone Star,ncaa,5,4,5,5,6,8,8,8,9,9,10,8,6,4,9,4,3,4,4,4,1,7,7,8,8,8,2,4,2,3,3,5,2,5,2,9,9,8,7,10,9,9,3,3,,,10,10,,,6,8,9,3,8,10,6,9,10,5,5,3,3,3,6,5,3,4,2,10,8,9,3,,10,,,6,3,1,3,2,3,6,2,1,1,6,1,11,11,11,11,10,4,4,2,3,4,9,2,11,1,2,2,3,2,2,1,1,9,8,1,6,7,4,5,,,4,4,,,6,4,7,3,6,3,2,2,3,8,1,1,11,11,11,6,2,1,3,2,1,10,6,4,,4,,,b'\x11\xe8\xe1I\xd6%\xb8\xd6\x98|\x12\xdf\x17\xaeN\x1e'
11E8E149-D625-B8D6-987C-12DF17AE4E1E,2018-ncaa-d2-natl,ncaa,107,112,105,114,105,171,220,173,265,247,192,267,147,127,191,131,52,50,159,54,21,153,134,252,218,233,30,139,11,51,32,90,48,70,24,235,206,248,243,267,202,197,35,20,,,289,306,,,138,161,223,8,222,283,225,279,224,159,140,41,43,50,183,138,42,81,53,264,243,216,26,,295,,,138,80,18,84,12,39,130,16,23,45,29,29,308,302,282,302,305,141,143,8,67,78,270,25,309,83,48,121,32,100,24,9,47,143,136,31,127,96,140,158,,,75,59,,,138,158,209,60,129,66,7,28,29,105,14,24,306,298,298,104,99,58,88,67,9,165,105,117,,63,,,b'\x11\xe8\xe1I\xd6%\xb8\xd6\x98|\x12\xdf\x17\xaeN\x1e'
11E8E149-D625-B8D6-987C-12DF17AE4E1E,2019-ncaa-d2-conf-Lone Star,ncaa,5,5,3,5,3,5,5,4,7,5,5,4,6,4,9,7,2,4,3,4,5,4,4,7,7,6,6,8,4,4,5,3,4,4,4,4,2,7,5,5,3,3,5,5,,,8,6,,,5,4,5,2,6,6,4,6,5,6,4,3,3,3,3,3,4,1,2,3,5,3,5,,8,,,5,6,6,9,2,5,7,2,6,10,2,9,8,9,6,7,5,9,9,3,3,4,8,6,7,10,4,10,5,10,4,3,3,5,6,4,7,5,3,2,,,5,6,,,5,8,5,4,5,6,5,9,5,5,6,9,7,5,5,9,9,6,9,9,3,3,5,3,,4,,,b'\x11\xe8\xe1I\xd6%\xb8\xd6\x98|\x12\xdf\x17\xaeN\x1e'
11E8E149-D625-B8D6-987C-12DF17AE4E1E,2019-ncaa-d2-natl,ncaa,85,74,118,80,131,103,116,98,171,102,97,139,161,131,229,185,62,68,136,69,103,84,97,185,167,143,172,213,75,94,114,98,114,88,104,72,52,140,96,78,56,57,99,103,,,186,159,,,85,101,88,58,81,108,58,96,89,175,139,47,60,65,50,69,82,68,56,50,139,53,99,,193,,,83,130,108,189,50,113,181,71,123,184,54,162,216,209,153,211,187,192,190,55,64,66,181,143,231,165,114,206,114,197,104,67,63,110,122,60,177,132,122,74,,,121,181,,,85,204,125,66,90,109,93,179,106,168,129,186,207,203,202,195,217,152,202,182,69,95,167,107,,124,,,b'\x11\xe8\xe1I\xd6%\xb8\xd6\x98|\x12\xdf\x17\xaeN\x1e'
11E8E149-D625-B8D6-987C-12DF17AE4E1E,2020-ncaa-d2-conf-Lone Star,ncaa,4,5,2,5,2,6,4,2,14,2,2,12,13,9,17,13,12,5,17,5,18,2,2,17,17,12,18,14,17,2,4,2,2,2,4,6,13,3,2,3,7,7,7,7,,,9,8,,,5,3,8,12,10,6,2,3,2,14,11,14,9,10,2,3,2,2,2,8,4,7,8,,8,,,5,7,9,15,3,9,12,6,10,16,2,12,8,9,2,9,8,14,16,3,3,5,8,10,5,3,2,18,4,14,4,12,13,7,8,9,3,1,14,4,,,6,16,,,5,17,10,5,5,5,8,11,9,8,8,12,6,7,7,9,8,2,17,11,11,7,3,12,,12,,,b'\x11\xe8\xe1I\xd6%\xb8\xd6\x98|\x12\xdf\x17\xaeN\x1e'
11E8E149-D625-B8D6-987C-12DF17AE4E1E,2020-ncaa-d2-natl,ncaa,60,72,54,69,74,109,79,24,226,37,13,219,203,147,276,242,162,81,293,83,247,29,35,251,263,219,282,248,209,13,34,23,17,11,24,105,165,125,38,100,72,84,57,61,,,152,85,,,71,68,100,171,146,102,25,42,18,235,183,198,98,104,28,47,15,27,11,128,80,91,70,,97,,,72,89,110,230,34,117,166,70,121,267,11,248,100,138,47,131,123,212,221,33,28,37,140,163,134,70,17,263,34,197,24,158,217,100,126,114,98,38,268,164,,,108,240,,,71,247,175,26,71,46,62,159,72,105,96,238,68,101,90,143,155,37,207,135,122,131,61,248,,151,,,b'\x11\xe8\xe1I\xd6%\xb8\xd6\x98|\x12\xdf\x17\xaeN\x1e'
11E8E149-D625-B8D6-987C-12DF17AE4E1E,2022-ncaa-d2-conf-Lone Star,ncaa,10,10,11,10,13,13,10,6,14,7,4,15,16,13,16,14,13,7,15,7,14,7,9,16,15,14,14,15,8,3,4,8,6,4,4,16,16,9,8,14,11,10,12,13,,,7,13,,,10,10,6,7,12,9,5,4,2,16,12,10,7,7,5,2,2,7,4,16,8,8,13,,10,,,11,5,6,6,10,4,3,11,13,13,10,13,7,6,9,6,10,5,5,12,11,11,14,14,5,2,6,11,4,6,4,12,12,12,9,13,6,6,5,5,,,10,12,,,10,6,14,8,11,10,8,10,6,3,14,12,7,7,7,8,7,5,12,11,12,10,7,8,,9,,,b'\x11\xe8\xe1I\xd6%\xb8\xd6\x98|\x12\xdf\x17\xaeN\x1e'
11E8E149-D625-B8D6-987C-12DF17AE4E1E,2022-ncaa-d2-natl,ncaa,187,139,248,174,261,244,232,215,238,179,128,249,274,265,252,274,204,176,259,178,206,219,219,257,261,247,269,269,112,100,52,223,106,179,77,282,299,102,157,270,144,100,243,214,,,108,216,,,206,238,79,224,202,176,71,88,21,275,259,147,97,101,56,54,39,126,55,284,197,91,226,,220,,,208,54,47,52,136,26,21,164,212,196,212,277,86,86,171,81,203,47,55,189,188,177,284,277,139,49,106,63,52,46,77,124,234,196,134,173,84,135,68,53,,,223,184,,,206,63,228,155,208,183,158,166,64,52,271,275,163,157,157,171,183,116,175,148,214,125,177,116,,120,,,b'\x11\xe8\xe1I\xd6%\xb8\xd6\x98|\x12\xdf\x17\xaeN\x1e'
11E8E149-D625-B8D6-987C-12DF17AE4E1E,2023-ncaa-d2-conf-Lone Star,ncaa,10,8,9,10,14,8,11,7,14,15,13,12,6,4,12,5,6,4,12,4,2,7,7,13,12,12,3,7,4,3,3,7,9,4,5,13,14,9,9,13,4,4,14,14,,,2,3,,,8,7,2,11,6,10,2,15,11,5,2,4,3,3,2,2,2,5,1,13,11,2,14,,5,,,8,6,9,9,9,6,6,8,13,12,13,13,1,2,8,2,4,7,8,11,9,6,11,13,1,10,9,8,3,10,5,13,10,6,4,10,9,9,14,16,,,9,11,,,8,7,8,8,8,13,15,15,8,7,13,13,3,3,4,12,14,13,13,13,14,4,10,15,,6,,,b'\x11\xe8\xe1I\xd6%\xb8\xd6\x98|\x12\xdf\x17\xaeN\x1e'
11E8E149-D625-B8D6-987C-12DF17AE4E1E,2023-ncaa-d2-natl,ncaa,169,162,197,172,225,179,234,175,276,270,261,246,96,46,233,29,72,42,218,42,3,147,148,249,231,218,7,53,17,58,67,135,133,97,98,251,229,160,162,244,87,59,276,268,,,105,119,,,141,173,70,208,152,241,96,274,254,68,25,23,15,15,48,43,37,62,28,248,202,55,274,,134,,,141,78,86,111,110,52,50,123,226,230,160,272,39,60,67,65,139,94,107,142,123,102,259,275,66,136,133,155,67,147,98,157,223,133,96,130,93,87,222,285,,,99,66,,,141,106,193,107,153,129,142,187,72,66,256,272,74,85,85,166,202,174,223,211,197,83,128,254,,37,,,b'\x11\xe8\xe1I\xd6%\xb8\xd6\x98|\x12\xdf\x17\xaeN\x1e'
11E8E149-D625-B8D6-987C-12DF17AE4E1E,2024-ncaa-d2-conf-Lone Star,ncaa,11,11,10,11,10,15,15,15,13,12,13,12,11,10,9,8,13,14,7,14,12,15,14,12,13,14,9,8,11,8,7,16,11,15,13,15,13,5,10,13,7,5,15,15,,,9,15,,,13,16,14,3,14,14,12,10,10,9,9,12,14,13,13,12,6,16,15,15,9,6,15,,12,,,13,5,5,1,16,13,5,16,2,1,12,2,5,4,11,4,9,1,1,16,16,14,2,1,6,2,11,3,7,4,13,4,4,7,3,7,4,7,5,8,,,14,11,,,13,1,12,14,13,8,10,1,15,7,2,1,8,6,6,1,3,2,7,7,8,4,6,7,,12,,,b'\x11\xe8\xe1I\xd6%\xb8\xd6\x98|\x12\xdf\x17\xaeN\x1e'
11E8E149-D625-B8D6-987C-12DF17AE4E1E,2024-ncaa-d2-natl,ncaa,172,197,117,182,131,195,180,188,171,171,170,160,187,177,188,157,228,248,96,241,232,198,190,168,172,198,196,171,199,178,163,244,76,236,173,239,274,188,213,249,76,45,287,291,,,193,261,,,182,197,246,71,236,213,233,185,188,199,197,246,263,251,253,235,185,284,272,266,173,73,293,,183,,,178,110,134,45,282,182,109,265,61,32,259,47,131,132,170,116,151,45,76,269,273,194,51,64,144,20,76,114,163,59,173,143,161,76,37,90,165,185,131,143,,,215,215,,,182,101,198,157,178,98,129,3,176,70,56,19,114,115,106,5,26,15,87,36,138,74,155,119,,252,,,b'\x11\xe8\xe1I\xd6%\xb8\xd6\x98|\x12\xdf\x17\xaeN\x1e'
11E8E149-D625-B8D6-987C-12DF17AE4E1E,2025-ncaa-d2-conf-Lone Star,genius_ncaa,4,4,4,4,5,5,4,5,5,3,5,6,8,9,3,11,9,6,15,6,9,6,5,5,5,6,12,9,13,2,2,6,10,6,3,8,14,14,11,11,3,4,4,6,,,16,16,,14,5,6,10,7,5,3,7,4,7,7,9,12,9,9,6,5,3,7,5,9,13,5,5,,16,,15,5,10,9,9,8,14,14,8,2,1,5,2,16,16,11,16,11,10,11,7,8,6,2,1,16,12,10,8,2,8,3,8,6,6,7,6,10,8,6,4,,,7,10,,13,5,11,7,5,5,6,6,7,12,14,2,2,15,14,14,7,7,9,5,5,6,8,8,5,,8,,14,b'\x11\xe8\xe1I\xd6%\xb8\xd6\x98|\x12\xdf\x17\xaeN\x1e'
11E8E149-D625-B8D6-987C-12DF17AE4E1E,2025-ncaa-d2-natl,genius_ncaa,67,79,72,73,103,95,78,110,62,79,82,97,119,161,38,206,171,150,218,142,202,115,88,68,94,138,208,152,225,46,26,121,122,81,45,144,243,259,236,212,65,71,81,117,,,286,285,,291,98,97,165,207,113,87,159,77,111,142,207,207,177,173,165,110,58,171,104,184,231,88,98,,265,,294,100,153,138,159,133,229,244,125,30,32,45,18,262,240,260,241,181,177,195,85,118,98,41,13,257,142,122,74,26,88,45,134,123,83,94,82,201,163,44,17,,,124,186,,147,98,205,111,92,96,95,86,57,187,214,16,14,233,212,214,81,118,108,31,47,98,105,170,18,,165,,172,b'\x11\xe8\xe1I\xd6%\xb8\xd6\x98|\x12\xdf\x17\xaeN\x1e'
11E8E149-D625-B8D6-987C-12DF17AE4E1E,2026-ncaa-d2-conf-Lone Star,genius_ncaa,1,1,1,1,1,1,2,1,10,6,2,12,1,1,6,7,2,2,12,2,3,1,1,10,8,6,2,5,7,1,4,1,3,1,6,2,5,15,5,6,1,2,5,9,,,14,12,,5,1,2,7,2,3,7,3,11,9,1,3,4,4,4,3,3,3,3,3,5,8,2,9,,12,,2,2,9,8,14,3,9,15,5,6,12,4,8,6,11,2,11,5,14,16,1,1,1,5,8,5,13,3,17,4,14,6,8,7,1,2,1,15,8,14,10,,,2,8,,3,1,17,5,1,2,1,2,5,4,7,3,3,2,5,5,3,6,5,13,8,2,2,8,9,,4,,9,b'\x11\xe8\xe1I\xd6%\xb8\xd6\x98|\x12\xdf\x17\xaeN\x1e'
11E8E149-D625-B8D6-987C-12DF17AE4E1E,2026-ncaa-d2-natl,genius_ncaa,30,98,13,87,27,18,32,27,125,82,55,181,7,16,39,89,21,17,164,11,35,19,24,90,91,76,21,47,96,28,99,85,45,44,102,32,85,228,92,94,8,14,153,174,,,295,294,,249,18,29,93,88,49,97,80,183,177,22,54,54,48,43,51,70,72,236,158,79,124,24,199,,276,,202,31,216,184,180,186,207,187,201,140,156,103,113,269,269,168,268,257,196,249,172,195,85,161,81,248,88,45,266,99,214,102,217,229,9,12,58,182,58,119,73,,,30,108,,34,18,271,64,50,37,70,55,6,80,38,58,49,213,205,205,11,97,15,178,77,135,26,88,58,,76,,69,b'\x11\xe8\xe1I\xd6%\xb8\xd6\x98|\x12\xdf\x17\xaeN\x1e'
11E8E149-D62B-AA20-987C-12DF17AE4E1E,2018-ncaa-d2-conf-Sunshine State,ncaa,3,3,2,3,2,3,3,2,4,4,7,4,2,2,5,2,3,3,4,3,4,2,2,4,5,5,4,4,6,2,2,2,3,1,1,2,3,10,8,4,2,2,3,3,,,4,2,,,2,3,9,1,3,4,8,8,8,4,2,4,4,4,8,8,4,5,6,3,7,2,4,,2,,,2,6,3,8,2,3,4,2,10,11,9,9,9,10,7,10,9,8,9,4,4,2,11,10,9,4,3,4,2,2,1,5,9,3,3,3,9,6,3,3,,,3,4,,,2,9,3,2,2,2,1,2,1,2,9,8,5,4,6,3,3,3,2,3,4,3,7,3,,3,,,b'\x11\xe8\xe1I\xd6+\xaa \x98|\x12\xdf\x17\xaeN\x1e'
11E8E149-D62B-AA20-987C-12DF17AE4E1E,2018-ncaa-d2-natl,ncaa,47,53,41,55,41,75,73,129,35,125,222,21,24,33,43,28,160,161,187,155,70,134,137,14,24,39,56,28,257,130,73,120,44,127,37,43,42,190,172,59,60,51,165,148,,,121,100,,,46,130,296,21,103,105,261,198,286,34,61,226,218,216,258,268,179,231,218,57,107,94,196,,43,,,48,112,90,115,116,69,86,112,190,176,181,204,174,180,118,185,228,115,150,134,136,100,241,222,207,62,44,63,73,51,37,85,101,92,74,51,159,143,11,16,,,93,85,,,46,179,40,80,39,24,22,15,25,18,135,116,105,106,113,15,15,23,13,6,35,142,101,6,,168,,,b'\x11\xe8\xe1I\xd6+\xaa \x98|\x12\xdf\x17\xaeN\x1e'
11E8E149-D62B-AA20-987C-12DF17AE4E1E,2019-ncaa-d2-conf-Sunshine State,ncaa,2,2,2,2,3,3,3,5,4,4,6,3,3,3,3,3,3,5,3,4,3,5,4,4,4,3,4,3,8,4,5,3,6,4,3,5,5,10,7,6,4,5,6,6,,,7,4,,,2,3,8,9,3,3,9,4,10,3,3,3,7,6,9,9,7,3,5,4,6,5,6,,3,,,2,3,3,5,2,4,5,2,4,5,1,5,7,7,1,7,7,6,8,2,2,1,6,4,8,6,6,5,5,5,3,3,5,3,2,2,8,6,5,5,,,3,5,,,2,8,3,1,2,2,1,4,2,3,3,5,4,5,5,3,4,6,2,4,2,4,5,4,,5,,,b'\x11\xe8\xe1I\xd6+\xaa \x98|\x12\xdf\x17\xaeN\x1e'
11E8E149-D62B-AA20-987C-12DF17AE4E1E,2019-ncaa-d2-natl,ncaa,42,74,16,65,21,46,51,78,46,107,192,27,29,30,70,32,87,157,11,148,120,79,87,35,29,39,61,50,210,148,164,53,69,85,88,43,80,176,119,57,77,97,148,147,,,183,126,,,26,72,288,161,113,128,263,204,284,53,56,185,247,242,267,285,239,168,219,84,61,151,188,,49,,,29,109,102,199,42,95,160,65,185,242,50,242,134,142,124,144,144,190,217,49,43,32,215,224,165,155,69,187,164,178,88,84,91,58,66,41,182,129,98,112,,,77,107,,,26,232,44,28,26,12,19,25,18,27,89,134,41,49,45,19,23,62,35,33,22,151,73,39,,203,,,b'\x11\xe8\xe1I\xd6+\xaa \x98|\x12\xdf\x17\xaeN\x1e'
11E8E149-D62B-AA20-987C-12DF17AE4E1E,2020-ncaa-d2-conf-Sunshine State,ncaa,2,2,1,2,1,1,1,2,2,3,7,2,1,2,1,2,4,4,6,4,3,2,1,1,1,2,4,2,10,4,3,2,3,2,3,3,6,10,8,4,3,7,3,3,,,8,6,,,2,1,9,1,1,1,7,4,11,1,2,5,5,5,9,7,7,2,2,3,8,7,4,,5,,,2,7,4,9,2,2,6,2,11,11,10,9,10,10,7,9,9,10,11,2,2,3,11,11,9,7,3,4,3,5,3,3,4,2,2,2,11,10,6,6,,,3,4,,,2,11,1,3,2,3,3,3,1,3,11,9,8,7,8,4,5,5,2,2,2,3,8,4,,5,,,b'\x11\xe8\xe1I\xd6+\xaa \x98|\x12\xdf\x17\xaeN\x1e'
11E8E149-D62B-AA20-987C-12DF17AE4E1E,2020-ncaa-d2-natl,ncaa,28,22,54,29,55,38,31,167,5,68,234,2,32,71,14,52,160,173,128,183,104,173,158,2,2,10,105,70,278,232,171,58,30,126,41,32,97,202,195,76,143,146,165,151,,,126,101,,,33,124,252,6,46,37,248,86,282,38,90,195,206,229,255,253,263,79,173,34,151,170,187,,70,,,33,139,107,158,74,70,110,65,237,222,201,238,205,174,234,176,206,154,166,108,124,108,287,261,215,67,30,42,171,42,41,115,143,109,108,93,243,243,24,42,,,131,108,,,33,201,14,85,32,75,61,67,37,39,200,186,160,145,146,56,69,33,15,12,78,140,203,16,,187,,,b'\x11\xe8\xe1I\xd6+\xaa \x98|\x12\xdf\x17\xaeN\x1e'
11E8E149-D62B-AA20-987C-12DF17AE4E1E,2022-ncaa-d2-conf-Sunshine State,ncaa,3,2,3,2,4,5,4,7,1,5,9,1,2,1,4,2,8,9,3,9,6,8,8,1,1,2,5,3,11,11,10,2,5,4,2,2,2,10,10,3,7,7,2,2,,,6,5,,,2,6,8,6,5,3,10,7,11,1,3,9,10,10,11,11,11,2,4,1,7,7,2,,4,,,2,2,1,8,1,1,5,1,5,7,2,7,6,6,1,6,5,7,6,1,1,1,9,7,8,11,5,2,10,3,2,1,5,7,8,2,9,9,1,2,,,7,6,,,2,5,4,1,1,1,1,7,1,6,4,6,4,4,4,7,6,8,1,4,1,8,8,1,,8,,,b'\x11\xe8\xe1I\xd6+\xaa \x98|\x12\xdf\x17\xaeN\x1e'
11E8E149-D62B-AA20-987C-12DF17AE4E1E,2022-ncaa-d2-natl,ncaa,46,16,146,24,167,149,141,233,18,199,286,3,47,44,95,3,249,271,37,269,143,245,239,9,9,44,52,18,278,261,204,112,120,184,87,53,9,163,238,65,189,164,76,33,,,67,111,,,37,224,273,144,137,122,282,225,299,32,29,262,284,283,288,286,275,81,205,22,168,193,56,,71,,,31,23,19,99,4,9,61,5,178,216,89,267,63,72,72,81,157,85,92,10,10,21,286,283,158,144,120,38,204,49,87,33,147,178,150,83,180,240,12,31,,,219,142,,,37,83,64,25,30,8,8,66,2,30,181,234,53,73,80,55,50,151,13,38,34,175,190,6,,252,,,b'\x11\xe8\xe1I\xd6+\xaa \x98|\x12\xdf\x17\xaeN\x1e'
11E8E149-D62B-AA20-987C-12DF17AE4E1E,2023-ncaa-d2-conf-Sunshine State,ncaa,2,2,1,2,2,1,1,1,3,2,6,2,1,1,2,2,5,5,2,6,6,1,1,2,2,2,3,2,9,5,7,2,1,1,1,2,6,5,1,2,4,8,3,5,,,2,2,,,2,1,8,5,2,1,5,4,10,1,2,8,9,9,6,7,8,2,2,3,2,9,3,,2,,,2,10,10,10,2,10,10,2,9,9,9,4,3,3,4,3,2,10,10,2,2,2,2,8,2,8,1,10,7,10,1,8,5,4,9,6,4,3,3,3,,,4,9,,,2,11,1,3,2,3,4,10,5,9,6,4,2,2,2,4,4,4,5,4,4,9,3,3,,8,,,b'\x11\xe8\xe1I\xd6+\xaa \x98|\x12\xdf\x17\xaeN\x1e'
11E8E149-D62B-AA20-987C-12DF17AE4E1E,2023-ncaa-d2-natl,ncaa,15,23,17,21,18,17,19,32,12,57,154,8,7,7,22,13,95,126,45,128,114,35,46,6,8,6,43,18,260,159,211,14,31,42,62,8,30,144,62,11,115,186,89,128,,,90,17,,,17,35,210,107,23,24,138,135,281,9,23,176,220,225,173,230,242,42,121,14,46,195,137,,12,,,19,236,251,273,93,212,256,82,272,269,213,214,110,94,201,96,42,268,259,117,107,120,193,246,46,150,31,229,211,215,62,245,206,93,167,176,158,78,74,77,,,79,168,,,17,267,10,99,17,84,108,147,75,121,211,185,35,33,33,92,77,59,70,54,153,188,60,30,,217,,,b'\x11\xe8\xe1I\xd6+\xaa \x98|\x12\xdf\x17\xaeN\x1e'
11E8E149-D62B-AA20-987C-12DF17AE4E1E,2024-ncaa-d2-conf-Sunshine State,ncaa,3,4,2,4,2,2,2,1,5,4,6,5,1,1,7,1,9,8,7,8,10,1,1,4,4,4,2,1,11,2,6,2,6,1,5,2,3,11,5,3,2,6,7,9,,,10,4,,,3,2,4,3,3,3,2,8,11,1,1,11,11,11,3,3,5,2,3,3,7,5,8,,7,,,3,9,7,10,1,8,11,1,5,7,1,3,10,10,6,10,5,10,10,1,1,1,5,4,9,11,6,11,6,11,5,3,2,1,4,1,10,2,11,10,,,4,10,,,3,10,4,1,3,3,2,6,4,8,3,3,7,6,6,8,7,9,9,9,1,4,6,8,,10,,,b'\x11\xe8\xe1I\xd6+\xaa \x98|\x12\xdf\x17\xaeN\x1e'
11E8E149-D62B-AA20-987C-12DF17AE4E1E,2024-ncaa-d2-natl,ncaa,55,115,14,88,16,40,41,26,119,98,149,60,7,6,116,11,116,122,150,120,108,33,34,74,96,82,35,13,252,78,162,23,114,33,119,28,46,192,79,51,98,175,152,211,,,272,187,,,58,30,180,49,90,95,98,205,276,12,10,216,220,218,122,167,162,79,111,52,86,169,209,,170,,,68,241,220,269,45,202,268,36,187,223,94,117,265,260,225,260,166,276,273,45,59,78,187,135,233,247,114,272,162,267,119,154,79,63,144,80,155,66,179,184,,,69,182,,,58,271,83,80,64,78,59,142,62,165,93,114,179,165,165,150,141,151,143,142,57,149,67,112,,193,,,b'\x11\xe8\xe1I\xd6+\xaa \x98|\x12\xdf\x17\xaeN\x1e'
11E8E149-D62B-AA20-987C-12DF17AE4E1E,2025-ncaa-d2-conf-Sunshine State,genius_ncaa,4,4,3,4,4,4,4,5,3,10,11,2,1,1,2,1,9,10,4,10,4,7,4,2,2,2,1,1,9,7,7,2,5,3,5,5,6,9,11,9,10,11,1,1,,,9,8,,6,1,4,6,4,6,7,9,11,11,1,1,10,10,10,10,9,7,1,2,7,10,10,1,,7,,5,1,1,1,10,1,4,11,1,2,3,1,2,9,10,3,10,5,10,8,1,1,1,3,2,10,10,5,8,7,9,5,1,1,8,10,1,9,8,8,11,,,5,4,,5,1,8,4,1,2,1,1,9,3,11,2,3,5,6,7,9,6,9,6,6,1,9,6,9,,5,,5,b'\x11\xe8\xe1I\xd6+\xaa \x98|\x12\xdf\x17\xaeN\x1e'
11E8E149-D62B-AA20-987C-12DF17AE4E1E,2025-ncaa-d2-natl,genius_ncaa,79,62,162,67,178,157,165,203,91,255,287,76,29,39,28,9,208,230,107,230,78,215,227,36,48,73,9,10,229,248,236,41,55,104,76,145,127,113,181,139,288,292,57,60,,,134,194,,138,52,206,226,113,131,161,239,277,295,13,25,218,234,235,253,251,253,3,56,137,140,294,46,,155,,150,46,27,24,148,2,58,196,2,25,78,5,63,184,189,96,190,157,153,97,1,1,27,91,42,258,132,55,113,236,114,76,8,3,268,276,34,73,106,193,283,,,152,65,,102,52,91,98,27,46,26,23,173,58,234,22,70,187,198,196,185,91,151,132,132,2,276,74,212,,127,,94,b'\x11\xe8\xe1I\xd6+\xaa \x98|\x12\xdf\x17\xaeN\x1e'
11E8E149-D62B-AA20-987C-12DF17AE4E1E,2026-ncaa-d2-conf-Sunshine State,genius_ncaa,1,1,1,1,4,2,1,6,1,2,10,1,1,1,3,1,7,9,4,6,5,7,8,1,1,1,3,1,10,7,5,4,2,4,2,3,9,4,4,2,8,6,5,5,,,5,7,,3,2,8,11,4,4,3,8,4,11,1,2,8,9,7,9,10,7,6,6,5,2,8,5,,3,,3,2,4,5,5,6,6,6,8,4,4,3,4,5,5,6,5,5,4,4,6,6,7,2,4,7,2,2,4,5,4,2,1,1,8,8,5,5,5,1,2,,,9,9,,4,2,4,2,5,2,1,2,2,4,4,2,2,4,4,4,1,1,2,1,1,1,8,3,1,,9,,4,b'\x11\xe8\xe1I\xd6+\xaa \x98|\x12\xdf\x17\xaeN\x1e'
11E8E149-D62B-AA20-987C-12DF17AE4E1E,2026-ncaa-d2-natl,genius_ncaa,30,53,59,59,84,97,102,148,54,142,246,4,47,21,179,5,144,94,258,84,10,140,149,31,58,58,69,57,213,146,142,73,32,103,43,85,84,112,98,71,235,245,101,118,,,67,44,,127,80,148,284,88,134,143,262,206,295,60,18,181,127,120,255,275,196,94,149,106,61,264,121,,14,,107,85,144,165,162,157,177,170,163,140,156,103,147,86,74,218,71,45,149,123,152,145,190,82,135,76,77,32,135,142,111,43,108,45,225,254,189,106,98,51,89,,,116,87,,19,80,137,57,148,94,66,96,69,125,102,98,116,50,33,33,34,6,34,39,20,49,281,66,36,,178,,26,b'\x11\xe8\xe1I\xd6+\xaa \x98|\x12\xdf\x17\xaeN\x1e'
11E8E149-D62F-EC52-987C-12DF17AE4E1E,2018-ncaa-d2-conf-PSAC,ncaa,1,1,2,1,4,1,1,1,3,2,2,7,3,8,1,11,3,3,5,3,15,1,1,3,4,3,11,9,15,2,5,1,1,1,1,2,9,6,2,3,7,7,1,2,,,10,2,,,1,1,1,6,2,2,1,2,2,5,9,5,6,6,1,1,2,1,1,3,3,7,1,,4,,,1,7,10,17,1,9,16,1,9,13,2,6,5,8,3,9,2,17,17,1,1,1,8,10,7,8,1,16,5,13,1,8,9,4,6,3,5,2,16,11,,,2,10,,,1,17,3,1,2,3,3,14,3,16,6,9,2,4,4,12,15,2,12,7,3,5,3,15,,5,,,b'\x11\xe8\xe1I\xd6/\xecR\x98|\x12\xdf\x17\xaeN\x1e'
11E8E149-D62F-EC52-987C-12DF17AE4E1E,2018-ncaa-d2-natl,ncaa,17,8,41,14,60,15,15,18,47,19,15,89,59,99,14,210,49,69,70,71,221,20,26,50,54,27,190,158,195,48,85,20,40,20,39,29,131,107,23,27,71,132,11,25,,,210,74,,,6,27,51,226,12,11,18,22,26,73,148,74,104,104,19,53,69,15,16,32,48,105,13,,129,,,6,149,169,269,18,206,285,14,94,134,52,54,147,185,35,191,72,268,278,9,10,9,78,80,149,191,40,250,85,240,39,87,43,41,86,26,75,19,283,183,,,51,165,,,6,285,20,4,5,49,68,217,108,260,47,79,87,115,122,202,228,127,166,141,37,71,48,259,,88,,,b'\x11\xe8\xe1I\xd6/\xecR\x98|\x12\xdf\x17\xaeN\x1e'
11E8E149-D62F-EC52-987C-12DF17AE4E1E,2019-ncaa-d2-conf-PSAC,ncaa,3,3,3,3,4,2,3,4,5,4,5,8,3,3,2,4,1,2,1,2,6,3,4,4,3,2,3,3,6,6,13,5,3,4,7,3,11,3,1,2,5,8,6,6,,,13,14,,,3,3,4,4,1,2,3,9,10,3,3,2,3,3,2,7,10,5,5,4,2,7,7,,15,,,3,17,17,16,7,16,17,8,14,12,10,6,15,15,10,15,14,16,16,6,10,9,10,8,15,11,3,17,13,16,7,17,11,5,11,7,4,3,14,10,,,2,8,,,3,15,2,8,3,13,8,12,11,14,9,8,15,15,15,12,13,8,15,13,11,8,4,12,,5,,,b'\x11\xe8\xe1I\xd6/\xecR\x98|\x12\xdf\x17\xaeN\x1e'
11E8E149-D62F-EC52-987C-12DF17AE4E1E,2019-ncaa-d2-natl,ncaa,65,59,76,64,94,34,47,60,68,80,101,79,52,67,44,111,15,44,8,43,61,49,67,59,36,30,68,109,66,158,209,64,55,98,129,71,153,78,30,44,94,136,76,99,,,229,169,,,55,54,51,153,15,34,44,87,124,51,68,7,48,46,35,79,178,61,100,68,48,113,85,,201,,,53,266,232,233,158,252,247,161,132,143,128,77,278,270,180,270,210,253,242,144,163,189,117,64,242,117,55,254,209,216,129,178,105,126,196,154,68,35,252,214,,,65,110,,,55,258,39,155,59,220,201,200,214,240,113,119,265,251,251,234,221,91,222,162,147,162,52,240,,70,,,b'\x11\xe8\xe1I\xd6/\xecR\x98|\x12\xdf\x17\xaeN\x1e'
11E8E149-D62F-EC52-987C-12DF17AE4E1E,2020-ncaa-d2-conf-PSAC,ncaa,5,6,3,6,3,3,4,2,9,6,7,9,2,4,6,4,3,4,2,4,5,3,2,5,5,4,3,4,6,2,2,5,4,3,5,9,14,8,5,9,6,8,18,18,,,5,5,,,4,3,7,2,3,3,3,9,8,2,4,4,5,5,3,2,2,6,5,10,7,7,18,,5,,,4,14,16,14,13,16,4,18,17,18,3,17,4,4,6,3,5,12,15,15,11,11,6,14,2,6,4,11,2,7,5,16,15,2,6,12,9,4,17,18,,,4,9,,,4,16,3,9,4,10,14,11,14,3,14,17,3,3,2,8,9,3,8,5,16,5,6,17,,5,,,b'\x11\xe8\xe1I\xd6/\xecR\x98|\x12\xdf\x17\xaeN\x1e'
11E8E149-D62F-EC52-987C-12DF17AE4E1E,2020-ncaa-d2-natl,ncaa,112,100,173,110,182,102,118,104,129,153,156,142,85,89,94,96,74,128,29,123,108,104,133,116,98,83,76,93,93,59,45,173,100,114,67,195,267,94,74,141,149,123,277,274,,,97,120,,,77,174,182,44,59,88,59,139,146,63,67,53,109,101,62,90,51,155,75,192,99,132,281,,108,,,76,116,167,119,220,180,71,293,149,231,35,282,47,45,171,42,90,95,103,210,185,166,80,167,50,81,100,106,45,88,67,208,222,127,102,164,107,104,305,305,,,159,161,,,77,116,58,139,83,140,186,137,191,67,163,251,40,45,38,92,116,86,114,96,223,114,124,307,,118,,,b'\x11\xe8\xe1I\xd6/\xecR\x98|\x12\xdf\x17\xaeN\x1e'
11E8E149-D62F-EC52-987C-12DF17AE4E1E,2022-ncaa-d2-conf-PSAC,ncaa,8,8,8,8,8,5,6,6,10,12,10,14,4,6,3,7,4,6,5,7,8,6,6,7,7,8,3,3,5,11,13,12,12,13,14,13,15,10,7,12,2,2,16,16,,,15,13,,,9,5,1,5,5,7,4,12,9,3,5,3,5,5,4,2,11,12,13,13,10,2,16,,13,,,9,14,15,9,17,8,1,16,18,18,18,18,6,6,3,6,11,9,13,17,17,14,17,18,5,7,12,14,13,13,14,11,8,5,3,8,8,5,18,17,,,7,8,,,9,14,7,15,9,16,16,9,7,2,18,18,8,9,10,10,16,9,13,12,11,3,9,18,,4,,,b'\x11\xe8\xe1I\xd6/\xecR\x98|\x12\xdf\x17\xaeN\x1e'
11E8E149-D62F-EC52-987C-12DF17AE4E1E,2022-ncaa-d2-natl,ncaa,116,119,146,118,152,164,172,159,197,199,167,221,110,130,90,112,130,156,74,161,162,159,150,180,162,177,68,83,118,169,201,168,154,173,216,202,217,191,191,225,42,29,219,204,,,159,169,,,183,143,117,74,167,188,149,225,167,92,117,130,157,163,150,134,173,174,187,227,199,33,220,,168,,,180,159,173,132,225,105,78,214,275,242,262,275,45,55,85,59,100,113,149,250,227,170,244,286,32,132,154,202,201,185,216,184,174,71,48,105,139,145,298,297,,,156,159,,,183,153,180,161,182,170,189,128,99,49,275,261,40,53,54,93,172,140,225,196,180,53,145,297,,158,,,b'\x11\xe8\xe1I\xd6/\xecR\x98|\x12\xdf\x17\xaeN\x1e'
11E8E149-D62F-EC52-987C-12DF17AE4E1E,2023-ncaa-d2-conf-PSAC,ncaa,5,5,4,5,5,4,4,1,12,6,5,10,1,1,11,4,9,10,8,10,13,1,2,10,12,8,5,4,16,4,13,6,14,5,13,5,12,4,1,4,1,3,7,7,,,18,16,,,6,1,1,3,3,3,1,6,6,1,1,9,9,10,1,1,4,8,4,5,3,1,7,,18,,,6,16,17,16,15,16,17,15,9,10,12,9,14,16,2,16,14,16,18,13,13,8,6,8,8,17,14,18,13,18,13,15,10,1,2,6,4,3,13,10,,,4,9,,,6,18,8,8,6,14,14,14,16,14,9,11,13,17,16,16,18,15,18,18,13,1,3,13,,3,,,b'\x11\xe8\xe1I\xd6/\xecR\x98|\x12\xdf\x17\xaeN\x1e'
11E8E149-D62F-EC52-987C-12DF17AE4E1E,2023-ncaa-d2-natl,ncaa,84,101,68,97,69,42,43,23,157,71,64,124,23,14,128,42,111,134,81,137,213,28,31,125,127,104,70,48,226,53,182,110,202,84,242,78,196,153,45,89,15,24,89,124,,,288,252,,,74,30,20,13,25,25,6,83,76,22,16,145,169,171,9,16,68,167,102,83,114,17,102,,284,,,74,249,249,214,232,263,240,211,131,119,180,71,244,264,60,263,196,229,267,202,205,109,84,76,177,234,202,293,182,287,242,226,149,14,21,50,120,39,261,229,,,40,129,,,74,268,101,106,81,223,223,173,247,220,108,92,211,231,233,212,275,210,294,280,186,14,82,260,,52,,,b'\x11\xe8\xe1I\xd6/\xecR\x98|\x12\xdf\x17\xaeN\x1e'
11E8E149-D62F-EC52-987C-12DF17AE4E1E,2024-ncaa-d2-conf-PSAC,ncaa,6,6,4,6,6,6,6,8,4,7,6,4,11,11,9,11,5,5,7,5,12,7,8,6,6,3,13,12,8,13,15,4,5,11,12,11,14,3,3,6,10,10,5,4,,,14,13,,,7,5,4,9,5,5,10,6,9,11,12,7,7,6,10,11,17,7,13,9,4,10,3,,11,,,6,11,9,10,7,5,7,6,16,17,11,16,17,13,18,13,15,11,13,8,10,10,17,15,16,7,5,14,15,12,12,8,9,7,10,7,2,5,11,11,,,4,3,,,7,13,6,10,7,10,7,9,4,6,13,15,14,12,12,11,10,5,12,11,5,10,4,10,,3,,,b'\x11\xe8\xe1I\xd6/\xecR\x98|\x12\xdf\x17\xaeN\x1e'
11E8E149-D62F-EC52-987C-12DF17AE4E1E,2024-ncaa-d2-natl,ncaa,98,115,78,110,93,91,90,114,78,64,78,90,172,194,134,225,69,92,69,88,136,107,110,106,92,87,215,230,98,218,250,95,73,144,188,157,240,132,111,142,124,145,32,23,,,249,235,,,123,77,123,167,99,100,166,76,98,201,225,79,107,106,143,178,245,119,197,191,109,148,29,,207,,,123,204,142,158,112,118,155,84,197,172,215,155,274,232,298,234,225,182,197,130,185,159,257,180,268,124,73,227,250,206,188,116,101,95,113,87,102,91,202,160,,,48,33,,,123,212,115,143,129,156,89,93,61,94,179,142,252,188,195,127,137,85,197,141,82,121,87,181,,45,,,b'\x11\xe8\xe1I\xd6/\xecR\x98|\x12\xdf\x17\xaeN\x1e'
11E8E149-D62F-EC52-987C-12DF17AE4E1E,2025-ncaa-d2-conf-PSAC,genius_ncaa,1,1,2,1,4,3,3,5,1,2,2,3,10,13,4,13,2,4,1,4,6,6,4,4,3,2,10,12,6,7,6,2,7,3,5,3,6,12,7,3,6,9,2,2,,,6,2,,7,2,4,6,13,2,4,10,2,4,11,13,3,5,5,7,7,10,2,5,5,5,7,2,,3,,6,2,10,11,15,3,8,11,5,14,16,4,16,6,6,13,5,5,14,14,3,3,3,11,14,5,13,7,7,6,10,5,3,2,4,7,3,13,11,14,10,,,2,2,,1,2,14,3,4,2,6,8,12,6,5,11,16,4,3,3,8,10,11,2,6,3,5,10,13,,4,,1,b'\x11\xe8\xe1I\xd6/\xecR\x98|\x12\xdf\x17\xaeN\x1e'
11E8E149-D62F-EC52-987C-12DF17AE4E1E,2025-ncaa-d2-natl,genius_ncaa,24,31,25,29,31,28,30,46,24,16,18,46,189,230,106,278,12,25,17,24,136,36,37,53,31,35,263,274,52,104,118,33,141,47,92,43,115,198,109,65,53,104,16,18,,,222,84,,199,33,37,128,169,36,38,136,21,45,246,276,27,60,62,108,136,161,78,117,63,111,99,26,,106,,144,40,224,211,257,72,182,231,90,219,250,99,205,229,206,246,202,139,259,271,83,98,70,208,183,180,256,141,187,118,227,92,134,65,37,80,46,217,150,262,149,,,17,29,,11,33,265,37,79,41,98,87,138,78,107,157,186,141,124,118,116,174,175,71,99,58,79,147,225,,41,,12,b'\x11\xe8\xe1I\xd6/\xecR\x98|\x12\xdf\x17\xaeN\x1e'
11E8E149-D62F-EC52-987C-12DF17AE4E1E,2026-ncaa-d2-conf-PSAC,genius_ncaa,2,1,3,1,3,6,9,10,3,6,10,5,10,13,10,10,4,2,14,2,3,9,8,6,6,5,9,12,5,14,13,16,14,15,14,11,12,8,9,12,15,15,3,4,,,15,14,,11,5,4,4,1,4,8,9,5,9,10,12,3,2,2,7,6,14,16,15,10,10,15,2,,15,,12,5,5,5,7,5,4,10,3,5,3,11,2,15,16,4,16,15,10,10,4,5,5,14,8,15,10,14,8,13,9,14,10,14,8,5,10,6,6,6,8,,,1,1,,1,5,9,9,5,7,7,5,8,4,11,5,4,15,16,16,12,12,11,9,11,11,6,6,7,,1,,1,b'\x11\xe8\xe1I\xd6/\xecR\x98|\x12\xdf\x17\xaeN\x1e'
11E8E149-D62F-EC52-987C-12DF17AE4E1E,2026-ncaa-d2-natl,genius_ncaa,157,239,13,202,57,59,37,49,80,28,25,138,129,177,67,250,150,121,223,112,254,54,51,103,132,135,254,198,253,176,262,165,158,173,266,107,242,223,147,174,207,266,248,275,,,258,210,,249,258,38,140,292,171,116,176,78,74,194,259,247,223,221,197,218,263,292,296,194,120,264,281,,176,,202,237,276,274,243,293,248,199,273,294,260,296,231,211,205,207,202,161,234,247,294,295,287,236,261,62,134,158,262,262,232,266,289,236,44,94,225,182,102,191,104,,,26,41,,3,258,257,170,274,240,254,250,88,164,57,279,191,119,104,97,68,90,48,165,101,265,122,88,135,,73,,8,b'\x11\xe8\xe1I\xd6/\xecR\x98|\x12\xdf\x17\xaeN\x1e'
11E8E149-D634-2D9E-987C-12DF17AE4E1E,2018-ncaa-d2-conf-CIAA,ncaa,10,11,4,11,6,10,9,9,10,9,8,10,6,7,7,9,12,11,11,11,8,9,5,10,10,12,7,7,10,6,6,4,5,3,4,4,1,12,12,9,11,12,8,9,,,3,2,,,9,4,7,9,12,12,10,11,9,9,9,11,9,9,11,7,6,2,4,4,12,12,9,,3,,,9,6,7,9,3,6,7,4,11,12,3,12,4,4,7,4,4,8,8,3,2,6,8,12,3,6,5,7,6,7,4,12,12,8,9,10,11,11,12,12,,,6,9,,,9,8,11,5,9,7,7,8,6,6,11,12,3,4,3,8,8,6,6,7,10,8,11,12,,8,,,b'\x11\xe8\xe1I\xd64-\x9e\x98|\x12\xdf\x17\xaeN\x1e'
11E8E149-D634-2D9E-987C-12DF17AE4E1E,2018-ncaa-d2-natl,ncaa,252,254,206,258,222,236,223,199,241,177,118,261,277,285,227,285,202,120,302,117,150,185,119,264,269,297,262,268,108,64,41,86,197,78,63,145,39,307,307,274,160,182,213,225,,,58,20,,,223,133,32,116,243,226,160,145,55,275,284,180,73,72,129,20,31,25,11,116,307,136,207,,75,,,222,77,118,207,51,125,160,106,126,231,13,232,52,87,18,85,87,180,198,47,22,27,103,167,76,243,197,90,41,160,63,193,223,80,90,116,304,296,203,175,,,183,238,,,223,183,288,37,209,146,189,280,181,236,162,272,73,117,115,270,287,277,145,224,226,49,304,234,,129,,,b'\x11\xe8\xe1I\xd64-\x9e\x98|\x12\xdf\x17\xaeN\x1e'
11E8E149-D634-2D9E-987C-12DF17AE4E1E,2019-ncaa-d2-conf-CIAA,ncaa,8,9,1,9,2,2,3,1,8,3,1,8,7,8,7,11,5,6,5,6,10,1,2,8,8,7,10,11,8,5,6,1,6,1,6,2,5,11,10,6,6,8,10,12,,,3,1,,,8,2,7,4,7,6,7,5,3,10,9,7,9,9,7,6,6,3,5,5,8,8,12,,1,,,8,10,12,13,7,12,13,10,9,13,2,12,1,1,12,1,1,12,12,6,5,7,1,7,1,10,6,10,6,10,6,12,5,8,11,10,6,6,13,13,,,5,11,,,8,12,7,6,8,7,11,12,11,11,7,11,1,1,1,9,8,9,9,8,11,10,6,13,,10,,,b'\x11\xe8\xe1I\xd64-\x9e\x98|\x12\xdf\x17\xaeN\x1e'
11E8E149-D634-2D9E-987C-12DF17AE4E1E,2019-ncaa-d2-natl,ncaa,145,184,76,163,83,112,108,64,212,76,31,230,216,204,209,268,83,75,210,74,212,60,38,239,232,243,247,256,105,42,72,61,216,47,136,99,110,291,239,201,82,141,235,274,,,30,7,,,135,41,33,49,140,134,46,83,21,241,243,102,86,88,48,19,38,56,34,121,277,93,256,,12,,,135,202,278,288,117,274,268,175,195,278,21,241,15,20,31,21,8,265,273,101,53,38,24,168,4,279,216,261,72,283,136,187,73,37,72,70,209,97,306,290,,,100,238,,,135,270,233,60,139,149,240,290,251,259,171,261,8,14,14,256,279,264,236,258,153,44,163,305,,127,,,b'\x11\xe8\xe1I\xd64-\x9e\x98|\x12\xdf\x17\xaeN\x1e'
11E8E149-D634-2D9E-987C-12DF17AE4E1E,2020-ncaa-d2-conf-CIAA,ncaa,7,7,3,7,3,8,8,10,4,5,5,8,12,12,4,12,11,10,12,10,10,10,6,6,6,9,12,12,10,9,10,1,8,4,9,5,3,11,10,7,6,8,3,4,,,3,3,,,7,3,6,2,9,8,10,6,7,12,12,11,9,9,10,7,9,1,3,5,9,5,3,,4,,,7,6,9,12,6,8,12,5,11,12,9,11,3,4,3,4,3,12,11,7,6,7,7,12,2,12,8,7,10,12,9,10,11,10,10,10,7,8,8,6,,,10,12,,,7,8,8,7,7,7,8,12,8,12,11,12,4,5,5,12,10,12,7,12,10,10,8,6,,11,,,b'\x11\xe8\xe1I\xd64-\x9e\x98|\x12\xdf\x17\xaeN\x1e'
11E8E149-D634-2D9E-987C-12DF17AE4E1E,2020-ncaa-d2-natl,ncaa,168,220,17,188,23,164,165,119,210,96,38,239,263,276,193,292,117,48,283,44,134,95,38,236,234,270,268,282,82,98,143,31,241,43,149,143,122,311,304,270,67,129,55,107,,,187,47,,,209,26,91,62,249,241,246,159,87,286,300,164,85,80,218,94,146,51,80,196,303,105,81,,104,,,193,212,232,292,42,223,290,41,205,249,87,138,131,213,4,211,109,291,298,43,32,41,122,179,92,306,241,228,143,294,149,204,152,53,116,92,263,188,131,60,,,104,233,,,209,284,273,61,190,101,130,255,132,253,149,187,69,155,153,250,269,292,135,226,134,84,215,92,,195,,,b'\x11\xe8\xe1I\xd64-\x9e\x98|\x12\xdf\x17\xaeN\x1e'
11E8E149-D634-2D9E-987C-12DF17AE4E1E,2022-ncaa-d2-conf-CIAA,ncaa,2,3,1,2,1,2,2,3,4,2,6,3,3,2,6,3,2,2,4,2,3,3,2,4,3,4,3,3,7,3,3,2,3,2,2,2,1,10,6,4,10,12,1,1,,,12,8,,,4,2,10,8,5,7,9,9,11,5,4,8,8,8,9,11,8,2,4,2,5,12,1,,6,,,4,12,12,11,4,12,11,5,5,7,5,3,10,11,1,11,5,11,10,4,3,7,6,4,6,8,3,8,3,7,2,3,1,8,10,9,11,9,4,4,,,2,5,,,4,11,4,6,4,4,5,4,6,8,3,4,5,6,6,3,1,4,1,2,1,12,7,4,,7,,,b'\x11\xe8\xe1I\xd64-\x9e\x98|\x12\xdf\x17\xaeN\x1e'
11E8E149-D634-2D9E-987C-12DF17AE4E1E,2022-ncaa-d2-natl,ncaa,59,35,146,51,152,158,159,194,116,125,136,125,231,236,183,245,97,60,253,55,44,168,145,145,153,176,212,250,66,77,35,143,166,114,55,95,35,221,219,150,277,285,20,16,,,246,281,,,86,170,191,74,163,170,214,109,124,241,251,80,41,33,166,128,71,128,76,71,231,284,17,,264,,,87,60,50,86,63,124,193,41,17,17,55,11,231,274,8,277,258,124,129,37,37,45,61,13,278,175,166,59,35,89,55,19,20,139,137,29,156,165,33,23,,,76,32,,,86,120,156,56,87,48,29,50,117,214,7,7,236,277,279,114,130,175,35,89,13,146,164,27,,38,,,b'\x11\xe8\xe1I\xd64-\x9e\x98|\x12\xdf\x17\xaeN\x1e'
11E8E149-D634-2D9E-987C-12DF17AE4E1E,2023-ncaa-d2-conf-CIAA,ncaa,2,4,1,3,1,1,1,2,2,2,2,2,1,1,6,4,1,2,6,2,5,2,2,2,2,3,4,4,7,7,8,3,2,2,3,1,1,11,5,1,3,5,1,1,,,11,11,,,3,1,6,3,4,3,7,7,9,5,5,3,6,5,8,8,8,7,8,1,5,6,1,,11,,,3,11,5,10,3,7,11,2,5,5,7,3,11,11,5,11,11,11,11,3,4,4,9,3,11,5,2,11,8,9,3,6,5,1,5,5,12,9,2,1,,,2,4,,,3,12,4,3,3,5,2,2,3,4,3,3,11,11,11,3,3,2,1,1,4,6,9,2,,4,,,b'\x11\xe8\xe1I\xd64-\x9e\x98|\x12\xdf\x17\xaeN\x1e'
11E8E149-D634-2D9E-987C-12DF17AE4E1E,2023-ncaa-d2-natl,ncaa,72,82,68,80,87,142,154,109,228,126,66,244,186,181,177,230,81,38,253,33,83,84,55,240,235,243,177,207,60,60,64,104,97,86,66,106,66,273,220,195,80,98,22,23,,,278,275,,,76,62,83,95,200,217,149,176,82,219,223,103,49,39,115,69,80,150,104,124,243,97,27,,264,,,76,70,32,108,15,65,171,10,32,54,35,40,282,295,16,295,287,162,220,8,21,13,205,35,295,127,97,142,64,133,66,27,69,28,37,7,254,208,30,12,,,49,84,,,76,231,237,9,80,19,4,17,21,125,18,26,271,289,289,79,177,91,72,69,3,43,228,20,,63,,,b'\x11\xe8\xe1I\xd64-\x9e\x98|\x12\xdf\x17\xaeN\x1e'
11E8E149-D634-2D9E-987C-12DF17AE4E1E,2024-ncaa-d2-conf-CIAA,ncaa,3,3,1,3,5,4,5,4,9,5,3,8,4,4,5,6,4,5,5,4,5,3,3,8,7,4,6,7,4,3,2,12,5,7,3,4,4,7,4,3,5,6,3,3,,,13,12,,,6,3,5,9,4,5,5,7,7,6,5,5,5,4,5,4,4,12,11,5,5,6,3,,12,,,6,11,11,7,11,12,11,9,2,3,9,2,13,12,7,12,8,8,9,9,10,10,3,2,8,2,5,5,2,4,3,10,8,4,6,8,6,4,10,9,,,1,2,,,6,11,3,6,6,9,9,3,12,9,2,1,10,11,10,5,6,2,3,2,8,7,6,9,,1,,,b'\x11\xe8\xe1I\xd64-\x9e\x98|\x12\xdf\x17\xaeN\x1e'
11E8E149-D634-2D9E-987C-12DF17AE4E1E,2024-ncaa-d2-natl,ncaa,98,93,117,98,141,137,142,113,187,122,90,188,172,161,183,206,89,70,222,65,89,101,87,197,188,194,169,203,86,60,34,227,195,158,102,174,212,226,178,207,70,73,107,139,,,255,258,,,130,102,88,150,132,148,93,127,81,186,176,96,64,60,75,63,58,263,175,192,200,67,113,,251,,,130,133,121,101,170,200,219,122,23,18,143,6,249,264,61,265,218,138,188,124,136,90,39,10,269,135,195,70,34,82,102,102,102,51,46,47,218,180,87,58,,,64,79,,,130,193,161,76,130,114,110,64,204,230,10,7,237,258,259,124,187,119,46,57,96,48,203,80,,46,,,b'\x11\xe8\xe1I\xd64-\x9e\x98|\x12\xdf\x17\xaeN\x1e'
11E8E149-D634-2D9E-987C-12DF17AE4E1E,2025-ncaa-d2-conf-CIAA,genius_ncaa,8,7,9,9,10,10,10,11,6,9,11,4,8,8,7,4,11,11,10,11,10,11,11,6,9,10,10,6,10,11,6,9,2,10,3,6,2,6,11,5,11,11,12,12,,,4,10,,4,9,11,7,12,9,6,8,6,9,7,6,11,9,9,10,7,8,6,8,3,10,11,12,,9,,6,9,3,4,2,9,5,3,10,4,3,9,5,3,5,3,5,9,2,2,8,8,9,3,6,7,2,2,2,6,2,3,4,3,11,10,7,10,12,4,7,,,11,12,,8,9,2,10,8,9,6,6,4,9,6,7,3,8,9,9,6,3,3,2,2,5,11,12,6,,12,,8,b'\x11\xe8\xe1I\xd64-\x9e\x98|\x12\xdf\x17\xaeN\x1e'
11E8E149-D634-2D9E-987C-12DF17AE4E1E,2025-ncaa-d2-natl,genius_ncaa,233,180,275,226,290,284,276,292,184,263,275,166,273,275,251,209,277,251,281,250,153,293,277,207,224,273,241,229,177,221,74,284,236,284,141,232,84,228,296,263,203,134,284,286,,,94,248,,138,216,283,105,286,267,236,263,175,180,253,230,240,167,165,255,116,134,257,223,160,291,125,283,,244,,221,215,16,19,17,165,60,60,148,16,13,98,26,79,144,5,145,208,18,24,115,106,84,40,37,206,80,236,10,74,11,141,31,85,205,100,71,265,298,27,68,,,283,254,,261,216,19,269,108,214,124,133,117,207,236,34,30,200,242,244,154,189,204,20,78,102,85,298,55,,249,,246,b'\x11\xe8\xe1I\xd64-\x9e\x98|\x12\xdf\x17\xaeN\x1e'
11E8E149-D634-2D9E-987C-12DF17AE4E1E,2026-ncaa-d2-conf-CIAA,genius_ncaa,7,8,2,7,2,6,7,5,8,7,6,9,2,2,7,2,3,5,3,5,3,5,5,9,9,8,2,1,2,5,9,4,4,5,8,4,1,6,5,5,7,8,7,7,,,7,4,,1,9,5,7,1,9,9,6,8,8,5,2,5,7,7,6,7,6,5,7,5,4,8,7,,4,,1,8,8,7,6,6,5,5,5,9,8,7,8,5,8,3,8,5,7,6,7,6,7,8,9,2,6,4,7,9,8,8,6,6,3,5,6,7,5,9,9,,,4,3,,2,9,6,8,6,8,8,7,6,3,5,9,8,2,5,5,6,4,5,7,9,6,6,4,9,,6,,2,b'\x11\xe8\xe1I\xd64-\x9e\x98|\x12\xdf\x17\xaeN\x1e'
11E8E149-D634-2D9E-987C-12DF17AE4E1E,2026-ncaa-d2-natl,genius_ncaa,201,196,141,221,170,233,245,230,245,231,213,219,234,196,249,165,111,103,150,102,36,217,206,250,226,236,122,209,24,256,234,275,279,276,286,253,212,153,224,248,155,158,283,286,,,157,213,,60,255,189,173,88,259,274,282,249,234,237,199,77,73,73,261,237,255,298,297,261,186,156,284,,201,,65,254,155,144,91,248,170,107,258,75,86,116,81,216,219,163,223,253,109,117,223,239,218,101,57,234,145,279,102,234,115,286,102,59,143,113,90,203,252,229,280,,,207,160,,188,255,112,252,224,256,195,174,77,205,134,76,76,256,253,259,124,135,173,88,126,99,110,227,260,,211,,194,b'\x11\xe8\xe1I\xd64-\x9e\x98|\x12\xdf\x17\xaeN\x1e'
11E8E149-D638-5C84-987C-12DF17AE4E1E,2018-ncaa-d2-conf-Sunshine State,ncaa,2,2,1,2,1,2,2,3,3,2,6,1,1,3,1,4,4,4,3,4,6,3,3,1,1,2,5,3,7,7,6,6,10,6,7,1,1,11,10,3,3,4,11,11,,,11,7,,,3,2,8,8,4,3,9,7,10,3,5,5,8,7,9,9,10,11,11,1,8,5,11,,6,,,3,11,11,10,10,9,9,9,8,7,6,4,7,5,8,5,3,10,11,10,9,5,4,5,4,10,10,2,6,6,7,4,2,2,2,2,11,10,5,7,,,4,5,,,3,10,2,4,3,4,5,3,6,4,5,3,3,2,2,2,2,5,1,2,2,2,8,5,,6,,,b'\x11\xe8\xe1I\xd68\\\x84\x98|\x12\xdf\x17\xaeN\x1e'
11E8E149-D638-5C84-987C-12DF17AE4E1E,2018-ncaa-d2-natl,ncaa,29,53,12,51,22,59,56,115,15,86,183,13,25,48,16,47,183,198,113,196,171,126,108,7,10,29,99,46,282,215,193,155,142,182,154,16,6,245,220,43,92,126,260,282,,,224,175,,,79,80,290,226,140,115,294,179,288,55,117,266,278,276,299,296,285,293,302,27,116,171,285,,76,,,85,244,270,210,269,278,230,258,183,139,225,104,97,109,108,111,77,198,221,258,239,181,42,114,52,144,142,100,193,111,154,100,8,45,55,35,227,201,157,169,,,104,132,,,79,232,50,157,79,71,125,22,151,64,90,39,29,31,33,13,19,40,6,7,20,111,107,63,,253,,,b'\x11\xe8\xe1I\xd68\\\x84\x98|\x12\xdf\x17\xaeN\x1e'
11E8E149-D638-5C84-987C-12DF17AE4E1E,2019-ncaa-d2-conf-Sunshine State,ncaa,5,5,6,5,8,4,5,6,5,9,11,4,1,1,5,1,8,10,2,10,7,7,7,5,5,5,1,1,9,6,6,9,7,9,8,2,1,3,5,2,5,2,11,11,,,4,6,,,5,7,6,6,4,5,4,10,11,1,1,9,10,10,7,7,5,10,9,2,5,2,11,,5,,,5,7,7,3,11,10,9,9,1,1,9,2,6,5,10,5,4,3,4,10,11,10,1,1,5,2,7,4,6,3,8,1,1,5,3,1,6,7,7,11,,,11,9,,,5,5,4,7,5,7,9,6,11,9,1,1,6,6,6,6,7,4,6,5,1,3,8,7,,10,,,b'\x11\xe8\xe1I\xd68\\\x84\x98|\x12\xdf\x17\xaeN\x1e'
11E8E149-D638-5C84-987C-12DF17AE4E1E,2019-ncaa-d2-natl,ncaa,97,95,118,100,148,120,121,150,93,238,290,34,15,11,76,2,260,290,15,292,218,190,203,40,50,54,12,2,292,177,148,251,107,231,151,55,18,73,108,36,123,87,305,311,,,81,108,,,110,212,261,139,99,115,160,268,304,6,6,275,298,300,230,263,176,276,265,30,69,118,310,,67,,,110,150,220,93,295,280,211,275,31,16,269,14,52,58,113,61,47,80,92,272,261,231,7,23,50,46,107,100,148,63,151,21,4,142,102,37,141,181,157,277,,,282,285,,,110,120,49,200,98,141,226,65,279,230,22,8,42,50,54,47,49,37,81,59,20,157,140,149,,301,,,b'\x11\xe8\xe1I\xd68\\\x84\x98|\x12\xdf\x17\xaeN\x1e'
11E8E149-D638-5C84-987C-12DF17AE4E1E,2020-ncaa-d2-conf-Sunshine State,ncaa,8,9,5,9,7,9,7,5,7,6,6,8,7,5,9,5,7,6,10,6,8,7,4,8,8,10,7,7,7,3,4,8,8,6,7,7,8,9,10,10,2,2,11,11,,,4,2,,,10,6,1,6,9,8,4,5,5,7,5,7,7,7,4,2,3,10,6,7,10,2,11,,4,,,10,10,11,8,11,11,9,11,3,2,5,3,4,3,8,3,2,8,8,10,9,7,1,3,2,8,8,6,4,7,7,7,2,3,3,4,8,8,9,9,,,6,7,,,10,7,9,7,10,10,10,8,11,9,5,5,3,2,2,7,11,8,8,7,7,2,9,9,,7,,,b'\x11\xe8\xe1I\xd68\\\x84\x98|\x12\xdf\x17\xaeN\x1e'
11E8E149-D638-5C84-987C-12DF17AE4E1E,2020-ncaa-d2-natl,ncaa,211,220,173,217,188,175,157,195,101,164,187,107,139,160,108,134,230,231,182,238,228,207,192,105,124,149,168,124,245,206,186,230,168,240,191,155,160,197,207,175,117,100,277,290,,,44,50,,,217,186,164,81,163,137,190,148,183,137,151,235,239,245,203,185,199,252,254,153,207,108,281,,45,,,214,209,264,171,293,283,223,290,90,74,155,77,56,44,259,42,23,133,131,276,270,250,12,59,30,107,168,110,186,109,191,198,89,163,155,186,238,251,126,145,,,207,188,,,217,131,161,242,211,232,274,198,289,251,104,84,56,42,38,153,148,124,119,115,210,153,240,135,,204,,,b'\x11\xe8\xe1I\xd68\\\x84\x98|\x12\xdf\x17\xaeN\x1e'
11E8E149-D638-5C84-987C-12DF17AE4E1E,2022-ncaa-d2-conf-Sunshine State,ncaa,8,7,10,8,10,9,9,10,6,9,8,5,10,9,10,6,9,8,8,8,11,10,10,6,7,8,9,8,9,9,4,8,3,10,3,9,7,8,11,9,10,8,11,11,,,2,3,,,8,10,6,8,9,7,9,4,6,9,7,8,9,9,9,7,5,5,6,7,11,9,11,,3,,,8,1,2,2,4,2,4,4,7,5,6,8,1,1,10,1,2,2,1,4,4,6,6,8,2,1,3,1,4,1,3,2,4,10,7,6,7,8,6,7,,,9,7,,,8,2,8,5,8,5,5,8,5,5,6,7,2,2,2,3,4,4,4,3,6,9,9,6,,9,,,b'\x11\xe8\xe1I\xd68\\\x84\x98|\x12\xdf\x17\xaeN\x1e'
11E8E149-D638-5C84-987C-12DF17AE4E1E,2022-ncaa-d2-natl,ncaa,187,179,196,193,207,217,218,246,122,219,245,123,182,208,112,129,210,208,165,206,149,249,234,113,125,178,136,127,166,216,152,155,45,190,56,176,102,194,260,205,229,201,247,238,,,61,147,,,161,229,241,133,232,229,275,222,243,165,191,204,201,203,274,233,202,100,159,165,232,227,249,,96,,,161,50,58,82,101,52,66,118,154,168,136,249,60,40,268,40,80,63,62,123,129,152,212,236,96,36,45,48,152,36,56,80,140,221,175,166,156,225,115,193,,,199,104,,,161,70,182,126,161,78,89,95,59,66,188,213,71,51,44,66,47,52,46,35,107,207,197,135,,169,,,b'\x11\xe8\xe1I\xd68\\\x84\x98|\x12\xdf\x17\xaeN\x1e'
11E8E149-D638-5C84-987C-12DF17AE4E1E,2023-ncaa-d2-conf-Sunshine State,ncaa,7,7,6,7,8,8,7,9,5,7,6,6,6,8,1,8,10,11,9,11,11,11,10,5,5,6,8,4,11,3,1,10,8,9,7,10,10,8,10,11,9,6,11,11,,,4,7,,,7,10,10,11,8,6,9,6,6,5,9,11,11,11,9,9,4,10,8,10,9,8,11,,4,,,7,3,7,4,9,5,3,10,9,5,10,9,2,2,11,2,3,1,2,10,10,10,6,10,3,5,8,1,1,1,7,5,3,8,6,5,2,4,6,6,,,9,8,,,7,2,5,10,7,6,9,3,8,1,10,8,3,3,3,2,2,7,2,2,5,8,4,9,,9,,,b'\x11\xe8\xe1I\xd68\\\x84\x98|\x12\xdf\x17\xaeN\x1e'
11E8E149-D638-5C84-987C-12DF17AE4E1E,2023-ncaa-d2-natl,ncaa,152,139,197,152,237,195,169,241,33,178,239,57,131,197,19,132,282,285,164,284,276,263,256,32,48,105,193,88,289,201,85,266,151,257,117,223,252,138,230,208,204,132,281,269,,,56,153,,,179,261,268,292,178,121,254,147,212,99,182,284,286,287,274,262,181,268,262,213,186,175,286,,83,,,178,90,118,42,271,74,15,283,225,187,246,282,21,17,279,17,107,28,35,280,279,255,210,267,31,41,151,18,85,12,117,89,99,191,116,150,37,110,99,147,,,259,210,,,179,37,103,249,181,154,185,45,124,13,251,232,47,31,29,22,23,69,17,15,133,173,77,117,,256,,,b'\x11\xe8\xe1I\xd68\\\x84\x98|\x12\xdf\x17\xaeN\x1e'
11E8E149-D638-5C84-987C-12DF17AE4E1E,2024-ncaa-d2-conf-Sunshine State,ncaa,3,3,3,3,3,4,3,4,3,3,4,3,5,4,3,7,4,6,4,6,4,4,3,3,3,3,7,7,7,8,8,9,9,8,8,4,7,5,7,5,4,3,11,10,,,7,3,,,4,3,7,8,4,4,7,3,5,5,6,6,5,5,8,8,8,10,10,4,5,6,10,,3,,,4,10,10,8,10,6,5,9,9,9,11,9,5,5,11,5,4,7,9,10,10,9,6,9,3,6,9,6,8,5,8,11,7,2,2,6,7,4,9,6,,,3,6,,,4,9,3,7,4,7,8,4,5,3,9,8,4,2,2,2,5,4,3,3,5,3,2,6,,7,,,b'\x11\xe8\xe1I\xd68\\\x84\x98|\x12\xdf\x17\xaeN\x1e'
11E8E149-D638-5C84-987C-12DF17AE4E1E,2024-ncaa-d2-natl,ncaa,86,74,117,82,152,93,85,166,18,82,162,26,106,144,33,144,141,162,81,166,165,167,200,18,20,25,161,130,208,194,139,218,112,218,122,78,113,59,86,50,169,146,288,290,,,115,147,,,86,200,236,161,66,54,204,81,178,96,160,149,168,172,206,243,209,259,256,71,67,176,294,,95,,,89,156,145,91,217,70,54,180,268,209,286,254,106,66,290,63,124,76,89,256,258,226,270,276,81,48,112,54,139,49,122,143,149,135,99,134,24,42,103,109,,,159,101,,,86,102,29,210,83,148,140,50,50,28,261,201,92,59,56,27,45,39,25,24,138,137,26,86,,166,,,b'\x11\xe8\xe1I\xd68\\\x84\x98|\x12\xdf\x17\xaeN\x1e'
11E8E149-D638-5C84-987C-12DF17AE4E1E,2025-ncaa-d2-conf-Sunshine State,genius_ncaa,1,1,1,1,2,2,1,2,2,1,1,4,6,6,3,8,4,3,8,3,7,2,2,3,3,4,10,8,8,4,3,1,4,1,1,2,2,10,8,3,4,5,9,10,,,2,1,,1,4,2,8,10,5,2,8,1,4,7,9,8,6,6,8,7,5,2,3,2,8,6,10,,2,,1,4,8,10,11,3,9,9,5,10,11,3,10,2,2,8,2,1,11,11,2,2,2,5,7,2,7,4,5,3,7,1,6,2,4,5,4,11,10,11,10,,,1,2,,9,4,11,3,3,4,4,5,8,5,3,5,11,2,1,1,3,5,4,1,2,3,6,10,11,,2,,10,b'\x11\xe8\xe1I\xd68\\\x84\x98|\x12\xdf\x17\xaeN\x1e'
11E8E149-D638-5C84-987C-12DF17AE4E1E,2025-ncaa-d2-natl,genius_ncaa,15,16,25,15,30,41,38,73,17,35,62,42,83,148,12,214,64,49,177,52,108,69,67,23,24,33,185,165,168,88,84,26,42,36,25,22,30,191,131,37,138,184,193,212,,,54,8,,22,58,68,228,168,66,58,221,60,137,125,219,116,101,103,197,220,142,43,83,30,102,201,238,,9,,11,62,222,247,260,112,197,192,172,266,288,102,272,69,58,244,56,32,242,229,136,114,146,175,256,31,132,42,139,84,125,25,169,78,132,195,153,212,165,272,241,,,30,43,,147,58,241,34,132,51,93,126,150,84,59,216,251,25,16,16,82,57,56,26,32,87,218,142,251,,72,,193,b'\x11\xe8\xe1I\xd68\\\x84\x98|\x12\xdf\x17\xaeN\x1e'
11E8E149-D638-5C84-987C-12DF17AE4E1E,2026-ncaa-d2-conf-Sunshine State,genius_ncaa,5,4,9,5,9,10,10,10,4,2,5,6,11,10,11,11,3,3,6,3,6,10,9,7,7,7,11,11,2,5,2,10,6,10,3,10,8,6,9,7,5,3,9,8,,,3,3,,4,4,9,2,4,3,2,2,1,1,11,10,1,1,1,2,1,2,3,2,3,9,4,7,,6,,7,3,2,2,3,3,2,3,3,3,3,6,6,2,2,5,2,3,3,3,2,2,1,5,6,1,5,6,1,2,3,3,2,4,4,2,2,6,8,8,8,,,3,2,,2,4,3,5,2,4,3,4,8,4,9,5,6,2,3,3,7,10,8,3,7,4,2,9,10,,1,,1,b'\x11\xe8\xe1I\xd68\\\x84\x98|\x12\xdf\x17\xaeN\x1e'
11E8E149-D638-5C84-987C-12DF17AE4E1E,2026-ncaa-d2-natl,genius_ncaa,65,13,221,36,233,184,145,234,10,64,140,18,275,288,202,292,159,192,68,194,222,231,241,33,25,39,292,293,134,210,85,192,39,205,21,138,147,53,111,67,216,147,189,160,,,11,3,,60,25,242,118,88,33,13,115,3,14,274,292,64,97,107,100,118,141,36,57,52,127,159,151,,3,,100,13,29,47,59,68,70,72,112,46,75,44,150,10,9,61,10,4,43,46,56,28,37,25,128,12,37,39,26,85,25,21,19,16,209,101,42,52,121,62,54,,,195,63,,111,25,49,36,30,13,37,103,168,145,189,72,141,7,5,7,97,111,63,37,34,21,118,125,101,,49,,74,b'\x11\xe8\xe1I\xd68\\\x84\x98|\x12\xdf\x17\xaeN\x1e'
11E8E149-D63C-8B9C-987C-12DF17AE4E1E,2018-ncaa-d2-conf-Conference Carolinas,ncaa,5,5,9,5,11,8,9,11,6,6,8,5,8,10,5,6,8,9,5,9,8,11,11,5,4,5,8,6,6,11,9,11,6,11,6,5,2,3,6,3,9,8,8,6,,,5,7,,,5,11,9,7,8,6,10,3,6,7,8,6,8,8,10,10,10,8,11,2,3,8,7,,7,,,5,2,2,3,4,1,5,3,3,3,6,5,6,5,3,5,7,2,1,4,4,5,7,8,6,4,6,1,9,1,6,4,7,11,10,9,4,7,1,1,,,7,4,,,5,1,7,5,5,4,4,6,3,6,5,5,7,7,7,7,4,6,3,3,6,10,6,1,,4,,,b'\x11\xe8\xe1I\xd6<\x8b\x9c\x98|\x12\xdf\x17\xaeN\x1e'
11E8E149-D63C-8B9C-987C-12DF17AE4E1E,2018-ncaa-d2-natl,ncaa,161,87,293,135,295,236,220,265,130,218,228,162,197,242,88,179,256,265,93,267,245,276,287,137,140,127,183,155,201,276,224,258,144,280,178,204,148,21,100,102,278,259,224,198,,,39,128,,,132,284,88,123,106,97,92,99,99,129,161,182,203,213,118,141,226,95,167,103,105,245,183,,173,,,130,20,19,54,42,15,57,34,114,106,168,174,57,80,45,78,160,47,30,61,47,106,234,239,172,59,144,21,224,22,178,23,115,286,261,193,21,75,20,64,,,264,156,,,132,27,151,112,121,160,142,258,100,224,221,231,168,209,212,258,214,182,151,155,114,238,80,83,,155,,,b'\x11\xe8\xe1I\xd6<\x8b\x9c\x98|\x12\xdf\x17\xaeN\x1e'
11E8E149-D63C-8B9C-987C-12DF17AE4E1E,2019-ncaa-d2-conf-Conference Carolinas,ncaa,1,1,1,1,2,3,5,5,2,3,3,5,5,6,2,6,2,4,1,4,5,5,4,2,2,1,5,6,4,9,10,2,7,3,8,4,7,8,6,4,2,3,4,4,,,2,1,,,3,1,8,10,5,6,9,5,8,5,6,5,5,5,9,11,10,4,9,5,6,5,4,,1,,,3,7,7,11,2,8,10,5,7,8,1,7,3,4,6,4,3,11,11,1,1,1,3,6,4,11,7,10,10,10,8,5,4,4,8,4,7,7,9,8,,,2,2,,,3,10,4,3,3,2,2,6,2,4,5,6,3,3,3,4,3,9,4,4,4,8,5,7,,5,,,b'\x11\xe8\xe1I\xd6<\x8b\x9c\x98|\x12\xdf\x17\xaeN\x1e'
11E8E149-D63C-8B9C-987C-12DF17AE4E1E,2019-ncaa-d2-natl,ncaa,48,36,118,39,167,122,131,165,92,157,168,143,89,146,21,153,118,154,72,156,156,168,189,76,71,74,90,97,149,260,282,124,191,197,242,154,201,96,123,132,129,135,142,139,,,81,56,,,101,156,155,245,102,127,194,162,179,90,157,123,156,160,192,225,281,112,230,175,99,137,136,,67,,,100,132,126,184,82,116,157,102,174,215,81,220,143,127,188,134,141,174,166,88,94,103,184,206,158,222,191,217,282,227,242,96,83,149,176,108,70,86,122,119,,,136,97,,,101,147,106,127,109,113,114,175,109,137,181,224,141,117,122,160,165,221,214,222,90,168,69,107,,142,,,b'\x11\xe8\xe1I\xd6<\x8b\x9c\x98|\x12\xdf\x17\xaeN\x1e'
11E8E149-D63C-8B9C-987C-12DF17AE4E1E,2020-ncaa-d2-conf-Conference Carolinas,ncaa,4,3,3,4,4,4,6,7,4,6,6,5,7,9,4,9,2,3,1,3,2,6,6,4,3,4,7,9,2,11,11,2,2,4,5,4,6,3,4,5,7,10,4,4,,,5,3,,,5,3,6,9,5,6,10,7,8,9,9,1,3,3,8,12,11,2,4,6,2,9,4,,3,,,5,6,7,10,2,4,9,2,9,12,4,8,6,8,4,7,6,10,10,3,3,4,10,9,6,5,2,10,11,7,5,5,4,11,12,8,8,9,5,5,,,4,2,,,5,10,5,5,5,5,4,8,4,9,8,10,5,5,6,8,5,4,5,6,4,12,7,5,,4,,,b'\x11\xe8\xe1I\xd6<\x8b\x9c\x98|\x12\xdf\x17\xaeN\x1e'
11E8E149-D63C-8B9C-987C-12DF17AE4E1E,2020-ncaa-d2-natl,ncaa,69,88,54,81,89,107,130,144,114,123,121,146,139,177,75,201,43,78,54,71,72,121,132,118,89,99,122,180,59,249,288,24,101,92,165,183,237,141,128,167,156,179,166,197,,,84,42,,,117,87,148,227,138,174,219,164,166,160,210,63,91,89,195,228,284,29,124,215,94,181,191,,40,,,119,192,200,268,66,157,239,50,262,259,193,205,89,136,38,140,94,258,222,82,64,102,203,259,71,218,101,257,288,247,165,107,52,185,235,141,188,160,105,82,,,94,75,,,117,224,134,118,116,120,136,229,109,177,229,226,58,97,106,209,162,176,203,205,74,229,145,77,,132,,,b'\x11\xe8\xe1I\xd6<\x8b\x9c\x98|\x12\xdf\x17\xaeN\x1e'
11E8E149-D63C-8B9C-987C-12DF17AE4E1E,2021-ncaa-d2-conf-Conference Carolinas,ncaa,3,3,7,3,9,4,4,8,2,3,6,1,7,10,2,9,5,8,1,8,8,9,9,2,2,2,9,9,5,11,6,6,1,8,2,5,7,4,4,5,10,7,5,5,,,1,2,,,3,9,7,6,3,3,7,2,4,7,10,3,6,6,7,9,11,5,7,6,4,7,5,,1,,,3,1,2,3,2,1,3,4,5,5,4,8,1,2,4,3,5,3,3,5,3,3,8,10,4,1,1,1,6,1,2,1,1,10,8,1,4,6,1,1,,,9,7,,,3,3,2,3,2,2,1,2,1,3,6,7,2,4,4,3,2,1,2,2,1,9,5,1,,9,,,b'\x11\xe8\xe1I\xd6<\x8b\x9c\x98|\x12\xdf\x17\xaeN\x1e'
11E8E149-D63C-8B9C-987C-12DF17AE4E1E,2021-ncaa-d2-natl,ncaa,35,35,99,33,104,83,71,120,9,58,90,23,120,157,17,183,86,110,16,110,159,120,121,15,12,18,185,175,127,153,100,115,25,130,12,106,185,109,101,95,128,154,116,125,,,59,10,,,22,109,119,121,45,34,153,30,74,132,201,75,133,132,152,168,199,140,184,114,75,161,137,,4,,,16,90,98,112,47,86,100,59,122,130,74,176,60,70,29,75,60,105,107,50,35,45,138,178,45,51,25,51,100,51,12,35,2,112,95,4,103,89,64,27,,,125,153,,,22,119,28,22,13,27,44,82,38,66,120,144,14,28,37,48,51,12,3,2,1,122,67,35,,178,,,b'\x11\xe8\xe1I\xd6<\x8b\x9c\x98|\x12\xdf\x17\xaeN\x1e'
11E8E149-D63C-8B9C-987C-12DF17AE4E1E,2022-ncaa-d2-conf-Conference Carolinas,ncaa,8,8,3,8,3,7,7,10,6,6,4,6,11,12,5,11,3,4,3,4,7,8,6,6,6,7,7,12,2,8,7,4,1,5,4,4,3,9,10,6,12,12,3,4,,,7,8,,,6,7,10,2,8,9,11,7,6,12,13,2,3,3,10,10,9,5,5,5,8,12,4,,5,,,6,5,5,9,5,6,9,5,3,4,4,7,7,7,10,7,6,8,6,6,5,6,7,5,7,2,1,3,7,3,4,4,4,12,10,6,10,10,8,8,,,4,2,,,6,7,8,5,6,5,6,7,6,8,4,3,5,5,5,5,3,2,2,3,4,11,10,7,,5,,,b'\x11\xe8\xe1I\xd6<\x8b\x9c\x98|\x12\xdf\x17\xaeN\x1e'
11E8E149-D63C-8B9C-987C-12DF17AE4E1E,2022-ncaa-d2-natl,ncaa,174,225,64,195,71,134,144,130,172,106,77,200,221,226,188,258,62,68,114,69,111,116,94,197,173,188,200,253,37,114,113,65,54,71,50,104,74,259,227,179,234,273,70,70,,,174,138,,,146,92,170,39,203,217,223,153,118,255,263,70,91,94,196,158,143,68,86,135,228,274,78,,122,,,148,164,162,214,67,165,210,90,149,205,77,162,157,141,198,139,104,206,198,67,71,102,154,152,159,102,54,147,113,126,50,139,119,143,184,141,237,199,199,159,,,72,90,,,146,208,192,85,143,86,93,154,94,150,119,160,119,112,108,136,114,78,81,64,95,184,206,172,,97,,,b'\x11\xe8\xe1I\xd6<\x8b\x9c\x98|\x12\xdf\x17\xaeN\x1e'
11E8E149-D63C-8B9C-987C-12DF17AE4E1E,2023-ncaa-d2-conf-Conference Carolinas,ncaa,5,4,9,4,9,7,8,9,6,7,9,4,8,8,8,8,5,3,6,3,1,7,7,6,4,4,7,8,2,5,2,8,1,5,1,6,4,8,6,7,12,12,4,4,,,5,7,,,4,8,4,1,2,5,5,5,5,7,5,3,2,2,5,4,4,3,2,3,8,12,3,,7,,,4,2,3,2,4,4,6,4,1,1,6,3,6,6,8,6,8,3,2,4,4,4,7,3,10,1,1,2,2,1,1,2,2,9,8,4,3,4,3,4,,,3,2,,,4,5,4,4,4,3,4,5,5,9,2,2,7,7,7,5,4,1,3,2,3,7,4,3,,1,,,b'\x11\xe8\xe1I\xd6<\x8b\x9c\x98|\x12\xdf\x17\xaeN\x1e'
11E8E149-D63C-8B9C-987C-12DF17AE4E1E,2023-ncaa-d2-natl,ncaa,120,67,255,103,261,224,244,255,200,237,253,156,210,190,220,148,109,104,176,101,18,236,245,196,173,187,96,186,25,107,20,216,35,186,8,202,93,133,204,191,255,221,140,92,,,25,125,,,65,259,125,53,129,190,142,177,166,169,120,25,27,26,100,59,44,97,43,137,234,226,87,,109,,,47,7,9,14,28,20,58,26,16,18,38,46,85,83,139,78,147,12,19,17,27,27,94,47,254,10,35,8,20,6,8,7,42,193,99,32,85,153,63,128,,,138,36,,,65,34,156,17,61,23,21,66,70,180,22,34,165,173,165,78,105,42,35,21,10,111,181,128,,20,,,b'\x11\xe8\xe1I\xd6<\x8b\x9c\x98|\x12\xdf\x17\xaeN\x1e'
11E8E149-D63C-8B9C-987C-12DF17AE4E1E,2024-ncaa-d2-conf-Conference Carolinas,ncaa,4,5,3,5,7,7,11,9,11,11,12,11,4,7,1,7,2,2,4,2,2,7,4,7,6,7,1,3,1,8,6,2,3,4,2,7,3,13,12,10,14,14,10,10,,,9,8,,,6,4,9,8,8,11,13,12,13,3,7,2,2,2,10,7,9,2,3,10,10,14,10,,8,,,6,5,8,13,4,10,11,6,3,8,1,7,6,6,4,6,6,12,10,2,3,4,3,3,8,4,3,2,6,3,2,3,1,13,14,8,11,8,9,10,,,1,1,,,6,11,8,4,6,4,6,9,7,10,1,8,5,6,6,8,5,4,2,3,3,14,9,10,,1,,,b'\x11\xe8\xe1I\xd6<\x8b\x9c\x98|\x12\xdf\x17\xaeN\x1e'
11E8E149-D63C-8B9C-987C-12DF17AE4E1E,2024-ncaa-d2-natl,ncaa,98,93,117,98,141,153,188,193,193,207,182,223,135,169,80,174,44,43,125,40,18,157,125,164,142,180,51,129,20,180,135,53,58,92,34,112,29,265,252,187,236,262,202,224,,,170,151,,,128,102,93,150,171,226,237,244,201,140,186,32,41,37,186,112,187,24,69,101,252,252,215,,160,,,128,95,100,199,31,133,180,66,84,203,10,177,148,166,90,160,127,199,177,31,28,60,120,108,177,129,58,68,135,76,34,111,144,191,215,162,245,223,64,75,,,17,3,,,128,189,195,51,136,83,90,219,113,186,79,197,134,147,142,213,168,109,44,51,108,200,224,56,,2,,,b'\x11\xe8\xe1I\xd6<\x8b\x9c\x98|\x12\xdf\x17\xaeN\x1e'
11E8E149-D63C-8B9C-987C-12DF17AE4E1E,2025-ncaa-d2-conf-Conference Carolinas,genius_ncaa,7,7,10,7,10,9,10,14,6,8,10,6,11,14,9,13,2,8,1,9,4,14,13,6,6,6,8,13,1,13,9,8,5,11,6,8,7,12,12,10,15,15,8,7,,,10,13,,9,8,10,8,8,10,10,14,7,11,12,13,2,6,6,12,10,12,7,11,9,12,15,7,,11,,12,8,7,5,6,5,7,7,6,5,4,6,4,12,11,11,11,11,7,6,6,7,10,8,5,13,3,5,2,9,1,6,4,3,13,11,7,7,9,12,11,,,3,2,,1,8,6,7,10,8,9,9,8,7,8,5,5,12,12,12,10,8,3,3,4,5,12,8,11,,3,,1,b'\x11\xe8\xe1I\xd6<\x8b\x9c\x98|\x12\xdf\x17\xaeN\x1e'
11E8E149-D63C-8B9C-987C-12DF17AE4E1E,2025-ncaa-d2-natl,genius_ncaa,174,180,162,181,192,198,224,248,173,201,211,180,222,228,185,198,92,139,29,142,76,236,201,190,140,198,125,208,25,234,146,190,162,218,111,191,118,251,278,239,273,284,220,228,,,156,177,,245,193,179,147,207,227,257,286,224,225,224,231,65,115,119,278,209,235,193,235,197,254,283,230,,172,,247,188,98,85,127,78,104,133,96,97,128,75,135,200,210,83,210,211,135,135,79,88,99,162,119,219,130,162,20,146,38,111,77,112,162,165,115,192,240,184,238,,,104,34,,10,193,140,216,107,174,112,98,144,111,148,104,146,208,215,217,161,161,148,7,39,96,161,208,208,,60,,8,b'\x11\xe8\xe1I\xd6<\x8b\x9c\x98|\x12\xdf\x17\xaeN\x1e'
11E8E149-D63C-8B9C-987C-12DF17AE4E1E,2026-ncaa-d2-conf-Conference Carolinas,genius_ncaa,1,4,1,4,1,1,2,3,5,1,3,5,4,3,11,7,2,1,5,1,4,2,1,5,5,5,9,10,4,6,10,1,8,1,9,2,7,16,10,9,4,12,1,5,,,13,6,,16,4,1,8,3,9,11,14,8,15,10,9,4,7,7,13,12,12,3,10,8,9,12,6,,5,,15,5,15,14,16,2,12,16,1,15,16,6,15,9,9,10,9,3,16,16,2,2,2,14,15,4,16,8,14,10,16,9,14,8,3,11,10,15,8,8,7,,,1,5,,3,4,16,9,2,6,3,6,13,3,5,14,16,4,2,2,12,11,11,4,7,6,13,6,4,,3,,5,b'\x11\xe8\xe1I\xd6<\x8b\x9c\x98|\x12\xdf\x17\xaeN\x1e'
11E8E149-D63C-8B9C-987C-12DF17AE4E1E,2026-ncaa-d2-natl,genius_ncaa,65,53,141,74,145,193,199,224,119,228,244,97,118,129,115,61,141,176,48,174,70,220,200,98,80,132,46,83,91,279,269,141,136,225,161,158,86,183,243,188,227,239,137,98,,,64,36,,281,118,169,149,29,170,205,269,234,277,97,99,107,168,168,266,224,287,89,245,144,217,228,127,,44,,288,118,96,95,168,19,33,69,17,264,283,150,294,46,35,187,34,53,139,130,43,32,61,289,296,38,134,136,76,269,89,161,123,186,186,191,154,106,151,29,57,,,149,62,,84,118,131,186,65,118,83,82,254,17,43,285,293,32,25,25,196,178,166,36,74,133,179,120,29,,100,,75,b'\x11\xe8\xe1I\xd6<\x8b\x9c\x98|\x12\xdf\x17\xaeN\x1e'
11E8E149-D641-1018-987C-12DF17AE4E1E,2018-ncaa-d2-conf-Mid-America Intercollegiate,ncaa,4,6,3,6,5,4,5,2,7,3,1,8,8,10,5,13,4,2,10,2,4,2,2,9,7,8,9,13,4,1,1,2,1,2,1,5,7,12,7,9,4,7,1,2,,,12,12,,,5,2,3,10,5,3,3,2,1,12,12,4,3,4,3,2,1,5,1,6,9,7,2,,11,,,5,13,8,9,8,11,10,8,4,3,11,1,14,14,2,14,13,12,11,8,10,9,9,2,13,1,1,4,1,2,1,12,10,7,10,9,11,8,14,12,,,2,6,,,5,12,5,6,5,8,6,2,9,8,2,2,13,13,13,6,7,1,4,1,9,9,8,13,,3,,,b'\x11\xe8\xe1I\xd6A\x10\x18\x98|\x12\xdf\x17\xaeN\x1e'
11E8E149-D641-1018-987C-12DF17AE4E1E,2018-ncaa-d2-natl,ncaa,88,87,105,92,122,76,88,111,73,79,87,107,136,180,70,225,30,26,178,31,45,96,104,89,79,68,153,207,58,36,11,159,17,100,7,168,262,97,57,142,204,188,22,14,,,240,278,,,97,142,173,166,46,66,102,63,90,146,199,23,21,22,65,106,30,202,83,189,77,218,19,,231,,,93,230,181,97,264,209,137,245,105,63,243,45,289,288,154,287,289,136,119,251,273,284,170,62,278,16,17,49,11,24,7,113,64,217,211,178,96,69,280,252,,,53,46,,,97,157,31,237,96,210,153,38,184,115,99,37,287,286,286,101,65,11,28,9,94,246,86,283,,37,,,b'\x11\xe8\xe1I\xd6A\x10\x18\x98|\x12\xdf\x17\xaeN\x1e'
11E8E149-D641-1018-987C-12DF17AE4E1E,2019-ncaa-d2-conf-Mid-America Intercollegiate,ncaa,5,4,8,5,10,6,6,4,9,10,8,8,3,3,8,4,7,9,5,9,8,4,6,8,8,7,2,3,12,3,4,9,13,7,8,7,7,3,3,4,1,2,2,1,,,3,2,,,5,7,4,4,4,6,1,10,8,1,1,7,8,8,1,2,3,11,4,5,5,1,1,,6,,,5,4,4,9,4,5,7,4,12,11,8,12,2,3,1,3,5,6,9,6,4,2,9,12,2,14,13,12,4,14,8,14,14,3,3,8,2,2,2,2,,,10,12,,,5,8,6,3,6,7,7,12,5,8,12,12,3,4,5,8,14,14,13,14,14,1,2,2,,9,,,b'\x11\xe8\xe1I\xd6A\x10\x18\x98|\x12\xdf\x17\xaeN\x1e'
11E8E149-D641-1018-987C-12DF17AE4E1E,2019-ncaa-d2-natl,ncaa,48,59,46,60,51,51,60,48,125,121,145,111,24,25,59,42,94,117,95,104,117,50,62,75,80,65,43,42,213,65,91,98,182,78,140,64,126,124,41,62,20,22,15,6,,,146,53,,,52,70,174,72,56,77,67,176,233,25,28,148,164,154,73,132,88,161,108,82,68,25,13,,69,,,52,193,202,252,105,163,192,120,259,275,112,262,88,87,174,90,86,222,251,116,99,76,186,253,71,244,182,245,91,252,140,288,292,48,75,171,15,6,47,40,,,124,229,,,52,248,52,85,52,91,117,150,93,96,218,247,44,42,46,126,173,185,156,171,248,70,7,27,,208,,,b'\x11\xe8\xe1I\xd6A\x10\x18\x98|\x12\xdf\x17\xaeN\x1e'
11E8E149-D641-1018-987C-12DF17AE4E1E,2020-ncaa-d2-conf-Mid-America Intercollegiate,ncaa,2,2,1,2,1,1,1,1,8,8,11,4,1,1,1,2,3,3,3,4,3,1,1,1,1,1,2,2,7,2,4,6,10,2,8,2,9,5,1,3,1,1,7,6,,,13,4,,,2,1,5,6,1,3,2,11,13,1,1,4,5,5,2,5,5,11,10,6,1,1,7,,5,,,2,13,13,13,7,8,4,11,14,14,5,14,7,10,1,10,12,13,14,9,8,3,13,13,5,12,10,12,4,13,8,14,14,1,2,7,3,2,3,3,,,3,6,,,2,14,1,5,2,5,6,2,3,2,10,14,4,6,7,3,9,9,4,7,12,2,2,3,,5,,,b'\x11\xe8\xe1I\xd6A\x10\x18\x98|\x12\xdf\x17\xaeN\x1e'
11E8E149-D641-1018-987C-12DF17AE4E1E,2020-ncaa-d2-natl,ncaa,47,46,102,48,154,62,88,82,105,201,257,72,14,15,61,7,90,163,19,172,68,93,163,50,44,22,12,14,177,124,114,248,181,219,169,124,184,18,12,34,16,5,188,121,,,106,109,,,40,174,217,227,44,79,77,232,281,11,11,94,177,185,97,205,133,287,262,126,12,14,198,,80,,,37,108,104,62,193,55,14,259,267,276,163,304,100,100,158,104,251,58,127,240,225,128,290,296,120,97,181,123,114,113,169,287,309,47,20,150,30,24,45,84,,,188,193,,,40,131,13,119,39,86,89,23,39,5,254,269,86,85,95,19,71,84,98,83,276,50,22,35,,220,,,b'\x11\xe8\xe1I\xd6A\x10\x18\x98|\x12\xdf\x17\xaeN\x1e'
11E8E149-D641-1018-987C-12DF17AE4E1E,2021-ncaa-d2-conf-Mid-America Intercollegiate,ncaa,4,4,4,4,5,2,2,2,6,6,9,5,1,1,1,2,9,9,4,9,9,2,4,1,4,3,2,1,14,2,3,5,14,4,9,4,13,4,3,4,1,1,6,7,,,1,1,,,4,4,4,7,1,1,1,11,12,1,1,9,10,10,2,3,3,6,3,5,4,1,7,,1,,,4,12,12,13,5,7,9,7,14,14,8,13,3,3,9,3,2,13,13,6,4,4,11,13,1,14,14,12,3,13,9,14,13,2,5,12,5,3,4,3,,,9,13,,,4,12,1,6,4,8,10,14,7,5,14,14,1,1,1,11,12,14,8,12,14,3,3,4,,12,,,b'\x11\xe8\xe1I\xd6A\x10\x18\x98|\x12\xdf\x17\xaeN\x1e'
11E8E149-D641-1018-987C-12DF17AE4E1E,2021-ncaa-d2-natl,ncaa,12,66,10,36,11,11,12,5,64,38,45,60,2,2,32,6,47,57,49,56,130,9,13,29,37,22,10,5,208,15,78,18,190,11,136,36,182,146,18,40,8,32,34,71,,,136,4,,,32,15,141,103,34,42,51,145,194,4,5,173,187,184,68,123,75,136,106,117,15,33,87,,5,,,46,212,210,222,81,185,198,91,224,225,123,221,151,140,165,139,29,221,220,118,100,97,180,217,20,226,190,216,78,223,136,224,215,19,110,184,170,39,186,119,,,57,210,,,32,215,10,131,43,112,130,163,69,65,204,217,21,11,10,127,126,186,91,147,203,106,39,77,,215,,,b'\x11\xe8\xe1I\xd6A\x10\x18\x98|\x12\xdf\x17\xaeN\x1e'
11E8E149-D641-1018-987C-12DF17AE4E1E,2022-ncaa-d2-conf-Mid-America Intercollegiate,ncaa,10,10,7,10,10,6,7,5,11,10,12,7,1,1,10,1,8,12,1,12,10,5,5,7,6,6,1,1,14,9,10,12,13,11,13,11,13,3,2,7,4,5,11,11,,,5,1,,,10,5,3,10,5,5,1,11,13,1,1,8,12,12,3,3,6,12,11,11,5,3,11,,7,,,10,12,14,11,12,14,12,12,8,7,10,4,5,5,4,5,4,9,10,11,11,9,4,5,2,14,13,12,10,13,13,11,11,5,6,9,4,4,4,7,,,10,13,,,10,10,6,11,10,12,13,14,14,13,9,7,8,9,9,12,13,14,12,13,11,4,5,4,,11,,,b'\x11\xe8\xe1I\xd6A\x10\x18\x98|\x12\xdf\x17\xaeN\x1e'
11E8E149-D641-1018-987C-12DF17AE4E1E,2022-ncaa-d2-natl,ncaa,150,161,146,161,179,98,117,110,145,197,250,62,20,15,137,4,146,232,2,228,164,128,179,81,78,38,15,9,212,209,242,216,263,228,278,217,286,16,9,95,109,124,160,193,,,98,84,,,170,160,147,224,52,77,62,218,275,9,6,148,243,239,92,195,216,256,256,242,14,116,161,,107,,,171,234,258,177,280,276,218,267,136,100,231,73,129,138,108,135,92,173,152,273,265,267,39,82,65,235,263,212,242,220,278,240,152,189,208,246,35,37,80,161,,,213,230,,,170,136,46,278,173,267,274,219,284,245,141,94,141,151,149,214,182,229,236,243,242,187,30,85,,236,,,b'\x11\xe8\xe1I\xd6A\x10\x18\x98|\x12\xdf\x17\xaeN\x1e'
11E8E149-D641-1018-987C-12DF17AE4E1E,2023-ncaa-d2-conf-Mid-America Intercollegiate,ncaa,8,7,8,8,10,8,8,5,10,8,9,5,6,2,14,1,11,12,7,11,13,6,6,10,12,8,9,4,12,2,3,11,14,10,11,11,14,3,3,8,1,1,5,2,,,6,5,,,8,8,4,11,8,7,1,5,8,5,1,11,11,11,1,3,2,12,11,12,4,1,3,,5,,,8,10,10,8,7,3,2,6,13,13,13,14,5,2,14,1,4,8,9,11,10,7,14,14,2,13,14,11,3,13,11,14,14,2,1,10,1,1,1,2,,,14,13,,,8,7,7,9,8,9,8,10,5,4,14,14,7,5,4,7,12,13,13,13,14,1,3,2,,14,,,b'\x11\xe8\xe1I\xd6A\x10\x18\x98|\x12\xdf\x17\xaeN\x1e'
11E8E149-D641-1018-987C-12DF17AE4E1E,2023-ncaa-d2-natl,ncaa,139,162,110,150,135,115,94,62,198,106,134,82,92,33,275,32,200,214,110,210,229,75,120,184,197,119,162,103,237,68,130,216,280,161,252,236,292,24,10,142,24,18,23,16,,,101,54,,,158,137,161,208,113,84,24,115,168,90,24,214,234,231,43,131,72,265,202,260,13,23,23,,75,,,156,208,209,195,181,118,118,157,285,267,278,273,70,32,289,25,46,160,188,235,224,180,266,284,32,263,280,232,130,256,252,295,294,67,75,235,16,16,40,38,,,251,290,,,158,160,105,224,156,202,208,204,105,78,283,267,65,34,29,138,194,258,240,263,291,72,19,41,,287,,,b'\x11\xe8\xe1I\xd6A\x10\x18\x98|\x12\xdf\x17\xaeN\x1e'
11E8E149-D641-1018-987C-12DF17AE4E1E,2024-ncaa-d2-conf-Mid-America Intercollegiate,ncaa,8,8,4,8,5,8,8,7,11,12,12,12,1,1,8,1,7,4,13,4,1,7,8,9,9,8,1,1,7,6,9,9,11,9,11,9,11,2,4,8,9,10,14,14,,,4,5,,,9,7,13,6,10,11,9,13,13,1,1,7,5,4,9,12,6,12,9,9,2,10,14,,3,,,9,11,11,11,10,8,6,12,14,13,11,13,4,6,3,4,5,8,9,12,10,12,11,13,3,11,11,12,9,13,11,14,14,9,9,12,1,1,14,14,,,4,3,,,9,9,8,12,9,9,10,9,8,2,13,12,4,5,4,4,3,8,11,11,13,9,1,13,,4,,,b'\x11\xe8\xe1I\xd6A\x10\x18\x98|\x12\xdf\x17\xaeN\x1e'
11E8E149-D641-1018-987C-12DF17AE4E1E,2024-ncaa-d2-natl,ncaa,172,183,172,179,178,182,217,184,245,260,262,221,71,53,150,24,145,123,223,120,23,174,228,196,186,124,13,22,100,185,219,201,146,199,228,232,232,11,22,126,240,231,272,257,,,85,138,,,201,233,255,67,185,231,172,280,277,39,27,128,96,95,148,233,175,205,206,250,12,240,275,,96,,,193,153,149,94,213,95,47,243,248,237,213,269,111,94,203,87,173,84,64,242,239,260,241,259,95,100,146,213,219,185,228,236,264,235,221,273,12,16,252,293,,,115,34,,,201,66,134,254,203,187,177,125,106,36,254,253,110,103,98,109,58,111,259,211,251,239,14,272,,77,,,b'\x11\xe8\xe1I\xd6A\x10\x18\x98|\x12\xdf\x17\xaeN\x1e'
11E8E149-D641-1018-987C-12DF17AE4E1E,2025-ncaa-d2-conf-Mid-America Intercollegiate,genius_ncaa,12,12,3,12,4,8,8,5,12,8,5,13,3,3,5,5,8,8,9,8,7,5,5,11,12,11,4,3,5,10,12,3,11,3,12,6,8,7,7,8,9,10,10,11,,,7,4,,13,12,4,6,5,11,10,5,12,7,4,4,8,9,9,6,8,11,2,5,9,7,10,12,,6,,12,12,14,14,14,3,11,10,9,14,14,5,14,7,7,9,7,6,14,13,7,4,10,12,14,4,14,11,14,12,14,12,14,13,9,12,13,5,5,14,14,,,8,11,,8,12,11,12,13,12,12,14,14,8,8,14,14,4,5,5,14,13,12,13,13,14,10,4,14,,10,,12,b'\x11\xe8\xe1I\xd6A\x10\x18\x98|\x12\xdf\x17\xaeN\x1e'
11E8E149-D641-1018-987C-12DF17AE4E1E,2025-ncaa-d2-natl,genius_ncaa,216,236,162,227,171,140,148,133,195,185,170,212,72,79,99,76,179,175,146,175,150,135,172,161,172,116,59,60,186,216,259,99,125,149,230,168,175,32,22,77,225,243,224,221,,,118,105,,210,236,156,121,69,116,132,72,199,160,63,64,161,160,160,88,161,222,44,130,162,30,227,234,,133,,209,227,258,247,218,204,145,107,216,294,289,252,280,147,135,202,136,170,214,154,243,239,280,274,288,77,165,125,266,259,247,230,276,252,263,283,296,29,28,294,296,,,175,160,,253,236,150,144,276,222,274,263,275,179,114,297,292,158,148,147,272,190,185,281,260,272,272,32,296,,166,,261,b'\x11\xe8\xe1I\xd6A\x10\x18\x98|\x12\xdf\x17\xaeN\x1e'
11E8E149-D641-1018-987C-12DF17AE4E1E,2026-ncaa-d2-conf-Mid-America Intercollegiate,genius_ncaa,6,6,3,6,3,6,8,13,5,7,7,5,10,11,6,10,3,3,13,3,1,7,6,5,5,6,7,11,2,4,5,13,14,10,11,7,5,10,10,8,6,8,6,6,,,12,8,,11,6,7,13,1,4,7,13,7,6,9,10,2,2,2,6,4,4,12,8,6,12,5,6,,13,,12,6,10,5,12,3,3,5,6,12,14,5,13,9,6,11,4,6,12,12,5,6,4,12,11,9,13,14,5,5,11,11,6,6,3,3,3,9,12,2,3,,,3,1,,1,6,9,4,9,7,11,5,14,3,5,13,14,10,7,5,13,14,14,5,13,7,2,11,2,,2,,1,b'\x11\xe8\xe1I\xd6A\x10\x18\x98|\x12\xdf\x17\xaeN\x1e'
11E8E149-D641-1018-987C-12DF17AE4E1E,2026-ncaa-d2-natl,genius_ncaa,107,98,141,113,145,160,186,180,185,163,154,171,212,199,206,214,56,48,172,50,28,159,171,199,165,157,159,225,25,136,140,165,267,156,213,143,80,110,110,131,122,133,113,103,,,233,272,,239,120,172,151,29,129,178,168,141,119,219,201,30,21,21,100,119,116,128,121,127,125,104,104,,275,,247,122,117,104,137,43,93,107,65,160,192,81,200,157,188,60,191,231,151,159,50,45,55,219,184,206,260,267,140,140,190,213,127,175,110,107,100,120,136,92,86,,,53,13,,41,120,133,144,99,116,121,97,201,80,134,177,233,183,225,230,222,246,280,170,255,138,73,140,97,,10,,28,b'\x11\xe8\xe1I\xd6A\x10\x18\x98|\x12\xdf\x17\xaeN\x1e'
11E8E149-D645-72B6-987C-12DF17AE4E1E,2018-ncaa-d2-conf-Conference Carolinas,ncaa,7,8,3,8,3,9,7,4,9,4,2,9,11,9,11,10,11,8,10,8,10,4,4,10,11,10,11,11,8,5,8,6,4,5,7,11,11,7,5,10,3,3,9,8,,,8,8,,,9,4,10,1,11,9,5,5,3,11,10,11,9,9,8,8,7,9,6,11,6,3,9,,8,,,9,8,7,5,8,5,4,7,6,5,7,7,8,8,9,8,8,6,7,8,9,8,8,4,8,1,4,11,8,9,7,9,10,4,4,8,9,10,9,4,,,10,10,,,9,8,10,6,9,6,6,1,5,1,6,4,8,8,8,1,2,1,9,7,9,4,9,7,,10,,,b'\x11\xe8\xe1I\xd6Er\xb6\x98|\x12\xdf\x17\xaeN\x1e'
11E8E149-D645-72B6-987C-12DF17AE4E1E,2018-ncaa-d2-natl,ncaa,243,254,148,251,152,232,197,103,288,160,54,294,242,214,273,249,277,235,306,235,294,122,130,294,303,289,281,223,262,139,235,109,102,124,227,277,297,164,140,273,141,160,211,217,,,145,112,,,283,120,81,34,267,217,42,153,27,257,226,287,237,236,70,77,117,66,82,290,188,145,221,,166,,,278,225,207,187,179,173,145,174,223,211,198,200,228,202,239,203,203,191,174,193,205,210,220,196,193,139,102,299,235,267,227,236,225,154,178,215,171,146,218,147,,,285,308,,,283,186,289,202,279,237,213,223,182,172,236,233,240,221,224,235,220,154,302,282,241,150,183,228,,302,,,b'\x11\xe8\xe1I\xd6Er\xb6\x98|\x12\xdf\x17\xaeN\x1e'
11E8E149-D645-72B6-987C-12DF17AE4E1E,2019-ncaa-d2-conf-Conference Carolinas,ncaa,11,11,9,11,9,11,11,9,11,9,4,11,11,9,10,8,5,5,9,5,4,7,8,11,11,10,8,8,2,4,5,8,5,7,5,7,3,6,7,7,6,4,11,10,,,10,11,,,10,11,6,4,11,11,5,8,3,10,8,3,4,4,5,5,3,8,3,7,8,4,11,,10,,,10,3,4,1,9,5,1,10,6,6,5,8,7,8,1,8,10,1,1,9,8,8,8,7,7,3,5,6,5,4,5,8,8,8,4,9,6,6,11,9,,,6,6,,,10,2,10,9,10,7,9,4,7,3,7,8,8,9,9,7,7,5,9,7,8,3,8,11,,4,,,b'\x11\xe8\xe1I\xd6Er\xb6\x98|\x12\xdf\x17\xaeN\x1e'
11E8E149-D645-72B6-987C-12DF17AE4E1E,2019-ncaa-d2-natl,ncaa,271,259,260,271,266,252,264,219,278,244,172,289,252,242,247,228,124,95,230,95,81,201,213,286,279,257,144,222,21,117,100,249,217,203,188,253,188,86,134,211,204,187,276,276,,,213,272,,,265,243,76,60,203,239,79,188,67,227,194,53,28,28,53,58,48,163,76,224,184,159,278,,294,,,267,153,137,72,253,126,58,267,190,154,196,227,200,228,45,225,276,85,88,264,249,232,206,199,199,142,217,142,100,144,188,145,150,172,134,162,57,90,150,146,,,190,146,,,265,84,243,245,254,276,254,204,226,128,254,251,259,277,278,247,255,224,263,256,225,86,124,206,,79,,,b'\x11\xe8\xe1I\xd6Er\xb6\x98|\x12\xdf\x17\xaeN\x1e'
11E8E149-D645-72B6-987C-12DF17AE4E1E,2020-ncaa-d2-conf-Conference Carolinas,ncaa,9,8,9,9,9,9,8,8,8,7,5,8,10,10,10,10,11,11,9,11,11,9,9,9,9,9,11,10,9,8,10,8,11,9,11,6,5,5,7,7,8,7,11,12,,,7,7,,,10,10,5,2,9,7,6,5,3,10,10,11,11,11,6,5,8,8,8,5,7,7,11,,8,,,10,8,9,5,9,7,4,7,11,9,11,9,2,3,1,3,7,5,5,10,9,7,11,12,2,10,11,9,10,11,11,11,11,7,7,10,4,7,6,6,,,8,4,,,10,3,9,9,10,11,10,9,8,6,11,11,4,7,7,10,10,11,12,12,11,7,9,8,,5,,,b'\x11\xe8\xe1I\xd6Er\xb6\x98|\x12\xdf\x17\xaeN\x1e'
11E8E149-D645-72B6-987C-12DF17AE4E1E,2020-ncaa-d2-natl,ncaa,267,279,173,272,187,225,199,139,247,171,83,263,225,224,212,237,281,263,241,260,301,167,145,260,272,265,266,212,274,183,243,203,276,214,280,213,199,231,208,229,169,188,283,291,,,89,55,,,284,130,83,78,245,201,98,156,49,226,233,287,276,272,139,99,177,208,207,212,239,164,286,,100,,,279,241,263,232,228,214,171,216,291,266,283,255,52,81,27,85,74,206,205,257,216,209,186,281,14,268,276,262,243,272,280,273,218,124,149,213,193,172,173,124,,,198,227,,,284,173,274,239,276,255,273,270,224,190,296,278,48,86,81,251,257,277,279,286,274,111,195,176,,192,,,b'\x11\xe8\xe1I\xd6Er\xb6\x98|\x12\xdf\x17\xaeN\x1e'
11E8E149-D645-72B6-987C-12DF17AE4E1E,2021-ncaa-d2-conf-Conference Carolinas,ncaa,10,10,10,10,10,11,11,11,11,11,11,11,6,2,10,1,11,11,11,11,2,11,10,11,11,11,1,1,6,7,8,9,10,9,10,11,11,5,10,11,7,6,11,10,,,2,7,,,10,10,9,5,11,11,8,11,11,5,1,11,11,11,9,7,4,8,6,11,10,6,11,,7,,,10,4,3,2,6,2,1,10,6,7,2,11,5,6,3,5,9,2,2,7,6,8,9,9,8,8,10,7,8,8,10,6,10,9,6,8,5,9,4,10,,,11,11,,,10,2,10,8,10,7,6,5,3,1,8,10,8,8,8,5,5,9,9,9,10,6,8,6,,11,,,b'\x11\xe8\xe1I\xd6Er\xb6\x98|\x12\xdf\x17\xaeN\x1e'
11E8E149-D645-72B6-987C-12DF17AE4E1E,2021-ncaa-d2-natl,ncaa,201,199,132,206,137,177,181,145,222,194,189,216,116,45,217,3,185,166,224,162,35,150,140,218,221,222,3,6,150,94,71,167,211,145,187,192,201,136,205,220,102,74,198,204,,,75,60,,,212,145,159,111,223,223,158,225,225,85,6,219,192,184,171,120,50,207,145,222,200,78,215,,65,,,208,83,79,80,108,73,59,157,114,121,73,210,82,104,22,99,197,82,85,132,114,80,179,182,121,143,211,110,71,114,187,115,187,107,48,94,114,147,84,188,,,174,213,,,212,82,220,119,213,87,74,62,57,18,167,190,99,141,132,73,111,185,150,185,149,49,144,82,,217,,,b'\x11\xe8\xe1I\xd6Er\xb6\x98|\x12\xdf\x17\xaeN\x1e'
11E8E149-D645-72B6-987C-12DF17AE4E1E,2022-ncaa-d2-conf-Conference Carolinas,ncaa,13,13,7,13,8,13,13,13,13,13,13,13,1,1,11,1,13,12,13,12,2,13,12,13,13,13,1,1,13,12,12,12,10,13,13,12,4,7,12,12,9,8,12,12,,,1,2,,,13,12,13,3,13,13,13,13,13,1,1,13,13,13,13,13,12,13,13,13,9,8,12,,1,,,13,6,6,2,11,4,2,12,11,11,10,12,1,2,4,3,9,2,2,12,11,10,10,12,2,7,10,9,12,8,13,10,11,8,2,9,7,11,6,13,,,12,10,,,13,2,13,9,13,7,8,3,3,2,13,12,1,2,2,1,1,8,10,9,9,7,8,7,,11,,,b'\x11\xe8\xe1I\xd6Er\xb6\x98|\x12\xdf\x17\xaeN\x1e'
11E8E149-D645-72B6-987C-12DF17AE4E1E,2022-ncaa-d2-natl,ncaa,290,293,196,291,200,287,291,251,299,298,297,296,42,6,257,1,293,287,296,288,12,264,251,287,292,294,1,1,265,256,275,277,285,283,296,266,70,207,278,273,173,142,285,277,,,30,30,,,285,237,268,42,297,299,283,301,301,17,2,299,290,293,293,268,261,295,296,274,237,156,292,,22,,,281,74,88,61,204,57,19,258,201,228,109,290,56,74,48,71,198,55,82,228,204,151,235,259,70,205,285,176,275,192,296,193,269,111,55,154,146,230,135,300,,,251,188,,,285,66,295,180,285,110,122,51,67,11,241,263,67,90,92,43,91,226,242,244,222,80,191,159,,263,,,b'\x11\xe8\xe1I\xd6Er\xb6\x98|\x12\xdf\x17\xaeN\x1e'
11E8E149-D645-72B6-987C-12DF17AE4E1E,2023-ncaa-d2-conf-Conference Carolinas,ncaa,11,11,9,11,10,13,13,12,13,13,13,13,5,1,12,1,13,13,12,13,9,13,13,13,13,13,1,1,13,11,11,13,13,13,13,13,12,5,11,13,5,2,12,11,,,1,3,,,12,13,13,7,13,13,12,13,13,2,1,13,13,13,13,13,10,12,13,13,7,5,12,,1,,,12,3,4,1,8,3,1,8,11,7,11,12,1,1,1,1,6,1,1,10,9,6,10,12,1,10,13,5,11,7,13,10,13,6,2,7,4,8,6,13,,,13,12,,,12,1,13,7,12,4,5,4,4,2,12,10,1,2,2,3,3,13,11,12,11,4,5,6,,13,,,b'\x11\xe8\xe1I\xd6Er\xb6\x98|\x12\xdf\x17\xaeN\x1e'
11E8E149-D645-72B6-987C-12DF17AE4E1E,2023-ncaa-d2-natl,ncaa,275,226,290,276,293,295,295,295,298,295,295,293,194,41,295,1,294,294,294,294,77,295,295,296,297,297,3,2,255,273,232,295,298,295,295,295,245,78,281,297,105,16,284,250,,,5,32,,,280,295,281,208,297,298,279,298,298,98,4,297,296,296,295,280,207,297,291,298,242,28,271,,26,,,285,4,5,4,125,5,5,164,76,75,137,274,6,9,14,9,140,4,5,154,115,41,220,272,38,154,298,43,232,62,295,54,284,160,17,90,45,238,83,298,,,295,293,,,280,4,297,97,290,28,49,29,22,11,198,212,14,44,47,15,87,276,256,273,208,41,191,186,,296,,,b'\x11\xe8\xe1I\xd6Er\xb6\x98|\x12\xdf\x17\xaeN\x1e'
11E8E149-D645-72B6-987C-12DF17AE4E1E,2024-ncaa-d2-conf-Conference Carolinas,ncaa,13,12,13,13,13,14,14,13,14,14,13,14,10,5,14,2,13,12,14,11,7,13,10,14,14,14,3,1,7,5,4,14,13,13,13,14,14,14,14,14,8,5,13,12,,,10,12,,,13,14,8,7,14,14,5,14,11,7,2,12,11,10,6,3,3,13,13,14,14,5,12,,11,,,14,8,6,1,12,8,3,12,5,4,12,6,11,9,14,9,13,1,1,12,14,11,7,4,12,7,13,8,4,8,13,5,7,5,4,5,9,12,11,14,,,9,6,,,13,1,14,11,14,11,11,4,10,5,7,5,14,12,11,5,8,7,11,11,8,3,12,13,,8,,,b'\x11\xe8\xe1I\xd6Er\xb6\x98|\x12\xdf\x17\xaeN\x1e'
11E8E149-D645-72B6-987C-12DF17AE4E1E,2024-ncaa-d2-natl,ncaa,290,264,287,292,287,293,293,283,297,293,288,298,264,219,290,84,283,261,294,261,113,284,280,297,298,298,55,85,78,135,68,293,287,284,258,292,278,182,285,299,181,80,279,252,,,78,263,,,285,285,94,208,298,297,161,295,200,220,89,256,154,154,164,56,27,296,221,298,292,68,252,,270,,,293,22,21,11,257,32,15,250,32,25,197,96,125,126,154,109,261,11,19,243,259,188,155,86,246,58,287,40,68,40,258,50,204,166,42,94,168,269,140,267,,,268,176,,,285,16,298,204,290,222,182,80,212,127,123,90,261,259,258,140,205,223,261,254,211,36,276,247,,117,,,b'\x11\xe8\xe1I\xd6Er\xb6\x98|\x12\xdf\x17\xaeN\x1e'
11E8E149-D645-72B6-987C-12DF17AE4E1E,2025-ncaa-d2-conf-Conference Carolinas,genius_ncaa,14,14,13,14,13,14,14,9,15,13,9,15,13,7,14,9,9,3,14,3,2,8,4,15,15,15,6,10,3,3,7,12,15,7,12,15,14,15,13,15,9,10,9,10,,,13,12,,5,15,7,2,8,13,13,5,11,3,13,7,6,1,1,3,1,2,8,4,15,15,7,6,,15,,7,15,12,12,13,11,14,14,13,6,9,4,3,15,15,8,15,13,14,15,11,11,11,4,2,12,15,15,11,7,13,12,9,5,11,13,13,15,13,15,15,,,9,10,,15,15,9,15,12,15,14,13,15,15,15,8,12,15,15,15,15,15,15,12,15,11,8,15,15,,5,,15,b'\x11\xe8\xe1I\xd6Er\xb6\x98|\x12\xdf\x17\xaeN\x1e'
11E8E149-D645-72B6-987C-12DF17AE4E1E,2025-ncaa-d2-natl,genius_ncaa,283,271,260,285,266,282,282,205,299,269,180,293,271,198,298,180,218,124,297,122,85,192,172,299,299,299,190,231,51,59,80,259,292,194,251,288,292,230,252,299,157,149,237,247,,,188,207,,71,287,216,17,207,277,282,47,241,70,263,136,149,39,36,39,12,15,202,54,297,280,81,205,,277,,122,290,135,116,118,153,170,148,200,49,97,24,87,244,258,32,258,256,145,141,117,125,143,81,47,241,279,292,172,80,237,251,89,93,158,162,125,237,262,168,212,,,222,232,,227,287,93,297,196,283,272,254,286,281,283,98,187,281,291,291,295,291,297,286,298,194,71,279,253,,105,,200,b'\x11\xe8\xe1I\xd6Er\xb6\x98|\x12\xdf\x17\xaeN\x1e'
11E8E149-D645-72B6-987C-12DF17AE4E1E,2026-ncaa-d2-conf-Conference Carolinas,genius_ncaa,14,4,16,14,16,16,16,16,16,16,16,16,15,15,15,8,15,15,11,15,7,16,16,16,16,16,10,12,3,12,5,16,10,16,12,16,13,1,1,12,13,1,14,11,,,1,16,,2,12,16,9,3,16,15,2,14,3,13,2,7,5,4,2,5,1,15,6,16,2,1,12,,16,,10,14,1,1,1,7,1,1,11,1,1,4,10,5,2,15,2,16,1,1,9,15,11,14,6,16,1,10,2,5,1,12,1,12,15,1,1,1,1,3,9,,,16,13,,15,12,1,16,11,15,8,2,1,4,1,3,7,16,14,14,2,7,5,16,15,5,2,2,9,,10,,10,b'\x11\xe8\xe1I\xd6Er\xb6\x98|\x12\xdf\x17\xaeN\x1e'
11E8E149-D645-72B6-987C-12DF17AE4E1E,2026-ncaa-d2-natl,genius_ncaa,276,98,295,276,295,297,297,295,288,297,295,270,291,290,276,112,294,295,136,296,73,295,295,288,279,281,73,173,22,282,54,296,291,295,227,296,269,6,261,289,284,71,270,148,,,4,262,,9,204,296,124,88,269,286,166,274,202,224,112,82,82,94,144,66,18,217,81,287,265,53,134,,271,,100,255,3,3,3,128,3,4,188,8,4,41,162,6,3,200,3,174,3,2,105,110,106,103,89,193,17,291,3,54,4,227,3,7,294,111,19,21,284,6,43,,,296,212,,271,204,3,268,168,252,183,180,236,199,195,114,199,199,179,199,239,257,291,222,286,17,66,281,39,,163,,184,b'\x11\xe8\xe1I\xd6Er\xb6\x98|\x12\xdf\x17\xaeN\x1e'
11E8E149-D649-CB04-987C-12DF17AE4E1E,2018-ncaa-d2-conf-MEC,ncaa,5,5,3,5,5,7,8,8,10,8,8,8,6,5,10,5,2,3,1,3,4,5,7,10,10,8,5,6,2,11,12,4,6,9,10,9,7,4,4,7,7,8,6,6,,,8,8,,,8,6,7,9,8,10,10,9,8,6,5,2,3,3,10,11,11,4,9,11,2,7,6,,6,,,8,5,4,7,2,4,7,3,7,10,4,9,10,9,12,9,8,7,6,2,3,4,10,8,11,8,6,10,12,10,10,5,7,7,9,7,6,8,6,5,,,3,2,,,8,6,8,4,8,4,2,7,2,7,6,8,9,8,8,6,4,7,10,10,5,8,4,5,,4,,,b'\x11\xe8\xe1I\xd6I\xcb\x04\x98|\x12\xdf\x17\xaeN\x1e'
11E8E149-D649-CB04-987C-12DF17AE4E1E,2018-ncaa-d2-natl,ncaa,107,147,41,134,52,66,82,63,137,89,101,110,90,58,186,115,32,67,34,68,95,59,71,141,118,92,113,156,76,181,267,42,148,84,214,121,213,130,59,120,116,185,96,125,,,247,155,,,136,40,108,182,93,119,114,133,171,123,94,56,100,103,113,157,237,60,137,177,62,172,118,,183,,,136,275,257,273,99,220,242,120,260,286,122,236,272,237,301,238,171,274,268,116,145,179,236,208,212,259,148,294,267,287,214,206,98,127,213,163,202,142,191,144,,,36,57,,,136,266,120,190,141,204,174,233,129,162,223,257,234,188,190,231,198,207,256,254,126,195,138,129,,70,,,b'\x11\xe8\xe1I\xd6I\xcb\x04\x98|\x12\xdf\x17\xaeN\x1e'
11E8E149-D649-CB04-987C-12DF17AE4E1E,2019-ncaa-d2-conf-MEC,ncaa,7,7,7,7,8,7,7,12,4,8,12,5,5,5,3,4,9,10,2,10,9,12,12,5,5,5,4,4,8,12,12,10,11,12,12,8,6,1,4,4,12,11,9,10,,,2,2,,,6,11,12,9,7,6,11,9,11,5,5,9,10,10,11,12,12,10,12,8,1,12,9,,2,,,6,3,5,8,4,6,7,6,3,4,4,4,2,3,6,3,5,5,2,5,5,6,5,5,4,9,11,3,12,7,12,7,8,11,10,10,2,6,1,4,,,9,3,,,6,2,6,7,7,3,4,7,7,7,4,7,3,3,3,6,4,10,3,8,8,10,4,1,,8,,,b'\x11\xe8\xe1I\xd6I\xcb\x04\x98|\x12\xdf\x17\xaeN\x1e'
11E8E149-D649-CB04-987C-12DF17AE4E1E,2019-ncaa-d2-natl,ncaa,145,184,76,163,106,61,58,99,36,59,124,29,90,99,101,124,99,146,38,139,172,107,134,42,41,41,171,151,201,263,287,141,292,221,292,115,227,83,58,87,230,273,153,194,,,148,54,,,145,79,115,221,51,48,128,66,157,103,117,129,177,170,134,197,287,201,277,136,57,262,161,,102,,,145,290,291,274,193,291,273,213,193,219,96,126,235,221,190,228,126,280,254,177,174,228,72,85,130,302,292,241,287,288,292,247,107,192,270,246,166,145,168,137,,,81,57,,,145,211,62,264,164,256,265,272,274,276,168,200,202,186,200,275,240,295,198,267,211,233,128,142,,94,,,b'\x11\xe8\xe1I\xd6I\xcb\x04\x98|\x12\xdf\x17\xaeN\x1e'
11E8E149-D649-CB04-987C-12DF17AE4E1E,2020-ncaa-d2-conf-MEC,ncaa,6,6,7,6,8,7,7,4,8,8,9,10,4,4,4,4,3,8,1,7,6,5,7,7,6,6,3,4,3,12,12,10,10,12,12,7,6,1,2,2,6,6,9,10,,,6,7,,,6,6,4,4,6,7,3,8,7,4,4,2,6,6,4,4,10,10,12,5,1,6,9,,8,,,6,8,9,6,10,9,10,9,2,2,3,3,5,5,10,5,3,5,6,8,8,7,3,2,7,7,10,10,12,11,12,9,8,5,6,6,1,1,6,8,,,5,4,,,6,6,6,7,6,8,8,8,10,10,2,3,8,5,5,6,8,9,11,11,8,6,1,6,,2,,,b'\x11\xe8\xe1I\xd6I\xcb\x04\x98|\x12\xdf\x17\xaeN\x1e'
11E8E149-D649-CB04-987C-12DF17AE4E1E,2020-ncaa-d2-natl,ncaa,131,155,54,145,62,19,23,12,108,45,30,153,24,32,36,104,41,103,10,103,223,15,33,87,70,37,84,73,178,195,293,141,268,170,300,57,193,39,8,26,99,175,202,264,,,243,104,,,149,10,17,58,10,16,8,50,41,27,40,57,130,130,12,42,236,200,234,62,20,123,218,,207,,,149,306,308,300,295,308,305,288,105,98,142,20,271,244,293,241,72,300,299,270,277,262,10,12,130,293,268,307,293,309,300,289,91,76,162,185,44,15,228,140,,,30,117,,,149,296,64,276,155,296,302,294,306,306,79,58,252,211,204,293,298,273,306,301,258,93,26,205,,43,,,b'\x11\xe8\xe1I\xd6I\xcb\x04\x98|\x12\xdf\x17\xaeN\x1e'
11E8E149-D649-CB04-987C-12DF17AE4E1E,2021-ncaa-d2-conf-MEC,ncaa,8,8,5,8,5,4,6,5,9,4,5,9,7,7,6,6,1,1,4,1,2,4,5,8,8,7,5,6,1,10,10,10,11,12,12,10,11,5,4,7,5,5,8,10,,,10,7,,,7,4,3,2,4,4,5,6,6,7,6,1,1,1,3,4,9,12,12,9,4,5,9,,9,,,7,11,12,7,11,12,10,9,7,4,9,4,10,9,10,9,8,9,9,10,10,7,3,5,7,10,11,11,10,12,12,9,7,4,5,6,3,3,12,11,,,1,1,,,7,9,6,9,7,9,10,6,10,8,8,4,9,8,8,6,11,11,10,11,9,3,3,11,,1,,,b'\x11\xe8\xe1I\xd6I\xcb\x04\x98|\x12\xdf\x17\xaeN\x1e'
11E8E149-D649-CB04-987C-12DF17AE4E1E,2021-ncaa-d2-natl,ncaa,106,156,99,134,103,55,59,66,84,49,44,105,94,107,84,179,22,21,100,21,56,58,67,103,89,63,143,166,37,74,143,121,216,115,214,116,212,116,33,110,37,60,146,208,,,167,105,,,144,62,5,77,11,20,12,20,19,98,113,3,3,3,10,10,72,175,129,136,89,26,182,,205,,,131,183,189,162,209,201,190,197,122,104,176,23,164,165,136,162,78,163,171,194,193,162,23,40,86,216,216,171,143,196,214,168,46,30,49,66,92,24,212,179,,,20,7,,,144,164,70,188,129,220,221,213,220,215,120,76,185,180,181,213,223,217,211,220,186,17,51,214,,1,,,b'\x11\xe8\xe1I\xd6I\xcb\x04\x98|\x12\xdf\x17\xaeN\x1e'
11E8E149-D649-CB04-987C-12DF17AE4E1E,2022-ncaa-d2-conf-MEC,ncaa,5,5,6,6,8,4,3,4,6,6,7,6,4,4,3,5,9,9,4,8,7,4,6,4,4,3,4,4,9,12,12,10,12,12,12,7,10,2,2,4,3,3,11,11,,,5,4,,,4,5,3,7,3,3,3,4,7,4,4,6,10,9,3,4,12,11,12,7,2,3,10,,6,,,4,9,9,8,9,10,11,8,2,2,3,2,5,5,5,5,2,9,8,7,7,3,1,2,4,9,12,9,12,9,12,6,7,3,3,3,1,3,6,5,,,6,6,,,4,8,5,4,4,7,9,8,11,11,3,3,3,4,4,8,11,10,10,10,6,3,2,6,,5,,,b'\x11\xe8\xe1I\xd6I\xcb\x04\x98|\x12\xdf\x17\xaeN\x1e'
11E8E149-D649-CB04-987C-12DF17AE4E1E,2022-ncaa-d2-natl,ncaa,108,139,64,122,72,13,18,28,37,40,54,63,14,38,7,108,30,34,86,32,97,26,35,29,32,15,71,66,178,244,280,141,261,194,288,115,281,127,32,106,93,187,225,282,,,244,79,,,75,15,7,43,4,7,11,30,65,12,43,33,46,46,12,25,277,218,271,150,82,126,243,,202,,,73,294,296,284,262,300,296,252,109,126,96,30,216,227,101,226,62,282,287,227,209,184,7,20,68,277,261,272,280,287,288,215,21,29,100,77,95,26,191,117,,,25,86,,,75,284,43,183,84,282,293,293,296,299,78,87,176,182,181,290,293,252,259,268,170,41,67,162,,23,,,b'\x11\xe8\xe1I\xd6I\xcb\x04\x98|\x12\xdf\x17\xaeN\x1e'
11E8E149-D649-CB04-987C-12DF17AE4E1E,2023-ncaa-d2-conf-MEC,ncaa,3,3,4,4,5,3,5,4,5,7,7,7,4,5,2,5,1,1,6,1,1,3,4,3,3,3,3,5,3,5,7,5,9,5,10,4,7,8,4,5,3,3,2,6,,,5,2,,,3,3,5,5,4,5,4,7,8,4,4,1,1,1,3,3,5,7,5,4,6,3,3,,5,,,3,7,10,10,8,11,11,7,3,3,2,2,3,1,6,1,2,7,10,5,3,3,2,3,1,10,9,11,7,11,10,7,6,3,4,4,7,6,12,12,,,1,2,,,3,10,4,4,5,5,8,7,10,11,3,3,1,2,2,7,10,10,11,10,6,3,8,12,,1,,,b'\x11\xe8\xe1I\xd6I\xcb\x04\x98|\x12\xdf\x17\xaeN\x1e'
11E8E149-D649-CB04-987C-12DF17AE4E1E,2023-ncaa-d2-natl,ncaa,36,55,17,52,23,7,13,9,89,20,21,88,26,19,109,127,1,2,96,2,14,5,5,77,56,57,64,146,32,30,128,51,244,31,222,47,218,287,101,153,20,84,48,167,,,283,72,,,53,3,6,113,7,20,10,41,58,53,47,2,4,4,6,6,66,148,92,88,199,39,83,,213,,,59,297,297,296,254,296,296,222,146,157,131,36,218,206,179,211,22,296,297,194,178,115,7,26,49,295,244,294,128,296,222,281,59,9,41,59,279,114,298,283,,,2,15,,,53,295,57,120,69,270,285,281,291,292,73,67,110,103,104,278,293,262,255,268,208,16,205,289,,2,,,b'\x11\xe8\xe1I\xd6I\xcb\x04\x98|\x12\xdf\x17\xaeN\x1e'
11E8E149-D649-CB04-987C-12DF17AE4E1E,2024-ncaa-d2-conf-MEC,ncaa,1,1,1,1,2,2,3,3,2,2,4,3,4,4,3,5,2,2,5,2,3,3,3,3,3,2,5,6,6,5,8,7,11,5,9,4,4,2,2,1,3,3,2,4,,,2,1,,,2,3,7,8,4,4,4,4,6,4,4,4,4,4,4,6,7,9,10,4,1,3,3,,2,,,2,4,9,9,7,9,10,7,3,3,3,3,1,1,8,1,1,7,10,4,3,2,1,3,1,10,11,9,8,9,9,4,2,3,3,2,2,3,10,10,,,1,3,,,2,9,1,2,1,3,6,7,9,10,1,2,1,1,1,4,6,9,7,7,2,3,1,10,,2,,,b'\x11\xe8\xe1I\xd6I\xcb\x04\x98|\x12\xdf\x17\xaeN\x1e'
11E8E149-D649-CB04-987C-12DF17AE4E1E,2024-ncaa-d2-natl,ncaa,13,20,8,14,9,7,12,11,33,14,21,38,26,32,45,159,5,4,157,3,14,9,7,31,32,43,94,148,64,49,125,108,290,61,248,29,176,279,118,112,6,19,46,143,,,274,44,,,36,5,15,197,11,23,55,45,102,58,92,9,9,7,26,33,117,265,229,72,173,14,89,,139,,,42,294,298,295,249,298,297,222,127,127,145,22,178,179,126,190,26,292,297,203,176,65,3,21,38,299,290,283,125,297,248,252,27,4,13,19,274,138,299,277,,,3,19,,,36,295,46,92,43,209,266,240,288,288,44,32,69,75,79,209,289,281,137,235,119,8,177,288,,4,,,b'\x11\xe8\xe1I\xd6I\xcb\x04\x98|\x12\xdf\x17\xaeN\x1e'
11E8E149-D649-CB04-987C-12DF17AE4E1E,2025-ncaa-d2-conf-MEC,genius_ncaa,1,1,1,1,2,2,2,4,3,3,7,2,4,3,2,4,1,1,4,1,2,3,3,2,2,1,2,4,1,6,9,3,6,6,8,5,8,3,1,2,3,3,2,3,,,7,6,,9,1,3,8,6,2,3,6,5,8,4,4,1,1,1,4,7,8,4,8,7,1,3,3,,5,,7,1,3,5,6,1,5,8,1,3,3,4,5,2,3,1,3,1,5,9,1,1,1,3,4,3,6,6,8,9,6,8,6,6,3,3,1,3,2,7,8,,,1,3,,2,1,9,1,1,1,2,2,3,5,6,2,2,1,1,1,3,5,6,5,5,4,3,1,7,,3,,3,b'\x11\xe8\xe1I\xd6I\xcb\x04\x98|\x12\xdf\x17\xaeN\x1e'
11E8E149-D649-CB04-987C-12DF17AE4E1E,2025-ncaa-d2-natl,genius_ncaa,12,16,15,13,17,8,16,17,29,25,54,19,16,18,39,91,4,6,103,7,13,12,11,21,17,17,64,96,73,79,185,45,222,50,205,71,265,225,69,122,11,26,27,74,,,285,114,,293,8,10,27,176,11,23,55,48,149,34,53,11,14,15,32,60,154,149,166,139,109,15,51,,193,,286,9,262,277,293,102,287,292,84,153,197,95,77,123,140,78,145,23,285,294,77,54,19,34,89,54,291,222,283,185,295,205,169,44,7,16,17,192,56,270,230,,,3,19,,2,8,291,21,22,9,97,155,217,201,259,75,83,43,55,58,172,269,237,178,207,71,13,102,231,,6,,6,b'\x11\xe8\xe1I\xd6I\xcb\x04\x98|\x12\xdf\x17\xaeN\x1e'
11E8E149-D649-CB04-987C-12DF17AE4E1E,2026-ncaa-d2-conf-MEC,genius_ncaa,2,2,1,2,1,1,3,2,4,1,2,3,5,2,8,6,3,1,9,1,4,1,1,7,8,7,8,7,4,1,1,5,5,2,2,5,9,9,6,9,1,1,6,7,,,9,7,,6,2,2,3,1,1,3,2,1,3,6,4,3,1,1,1,1,1,5,2,6,9,1,7,,7,,4,2,6,6,4,5,7,7,3,5,5,9,6,5,5,6,5,4,4,10,5,4,1,7,7,4,8,5,6,1,7,2,6,7,2,1,3,9,6,2,2,,,1,2,,1,2,10,3,2,2,5,5,3,4,6,5,5,4,4,4,3,9,6,3,4,6,3,9,2,,1,,3,b'\x11\xe8\xe1I\xd6I\xcb\x04\x98|\x12\xdf\x17\xaeN\x1e'
11E8E149-D649-CB04-987C-12DF17AE4E1E,2026-ncaa-d2-natl,genius_ncaa,9,53,13,51,56,10,17,13,144,13,15,98,105,33,240,180,5,2,133,2,48,10,12,174,146,112,193,231,47,12,86,96,230,36,205,143,291,231,56,207,8,44,248,291,,,279,169,,288,88,12,15,288,22,43,18,31,37,170,90,15,10,8,8,15,38,256,128,239,130,24,281,,243,,264,100,270,277,278,252,292,290,221,160,138,190,23,247,219,276,218,44,277,282,219,225,146,24,44,127,263,230,280,86,285,205,217,42,7,31,48,245,104,137,47,,,2,16,,1,88,285,95,135,110,238,260,213,280,275,70,30,164,120,121,195,266,194,251,231,135,21,167,76,,2,,3,b'\x11\xe8\xe1I\xd6I\xcb\x04\x98|\x12\xdf\x17\xaeN\x1e'
11E8E149-D64D-EFB8-987C-12DF17AE4E1E,2018-ncaa-d2-conf-CIAA,ncaa,5,3,4,5,5,5,3,5,1,1,2,1,12,12,6,12,11,12,8,12,12,7,8,2,2,3,12,12,11,9,8,8,9,9,8,2,5,3,5,2,6,6,3,3,,,8,9,,,3,7,9,5,5,1,6,1,1,12,12,10,12,12,9,10,10,11,11,2,3,7,3,,8,,,3,4,2,4,2,2,4,2,3,2,5,3,9,8,12,8,9,3,6,2,4,3,11,3,12,8,9,5,8,6,8,1,1,5,5,2,5,6,2,1,,,12,11,,,3,4,3,8,3,5,3,4,3,4,2,4,10,9,9,4,5,8,3,6,1,6,4,2,,12,,,b'\x11\xe8\xe1I\xd6M\xef\xb8\x98|\x12\xdf\x17\xaeN\x1e'
11E8E149-D64D-EFB8-987C-12DF17AE4E1E,2018-ncaa-d2-natl,ncaa,134,74,276,113,285,213,158,242,43,72,103,66,307,307,247,307,243,220,243,219,272,246,240,114,134,169,308,308,202,161,49,280,298,252,193,183,199,173,250,193,153,110,159,137,,,134,213,,,85,248,92,162,108,51,111,6,9,307,307,183,141,144,125,75,76,240,158,102,274,83,115,,256,,,75,8,4,22,29,30,79,36,5,8,18,18,222,224,124,227,258,35,74,15,34,13,146,17,305,245,298,8,49,61,193,3,20,77,31,4,60,98,8,3,,,261,251,,,85,54,167,39,86,82,34,106,97,220,12,15,279,283,285,169,253,294,50,194,13,22,132,8,,201,,,b'\x11\xe8\xe1I\xd6M\xef\xb8\x98|\x12\xdf\x17\xaeN\x1e'
11E8E149-D64D-EFB8-987C-12DF17AE4E1E,2019-ncaa-d2-conf-CIAA,ncaa,2,3,3,3,4,4,2,5,3,1,2,2,12,9,10,10,7,9,4,9,12,5,6,4,4,2,13,12,10,8,7,4,9,4,7,3,7,2,3,2,4,6,1,1,,,10,8,,,2,6,11,11,6,5,8,1,4,12,11,9,11,11,9,11,8,7,6,4,1,6,1,,7,,,3,5,4,7,3,3,6,2,11,9,9,10,9,9,4,9,10,8,8,3,3,3,12,11,8,8,9,8,7,8,7,2,1,4,6,2,2,1,1,1,,,12,13,,,2,7,4,3,3,3,3,5,3,4,10,8,8,8,8,6,5,10,7,7,2,8,1,1,,13,,,b'\x11\xe8\xe1I\xd6M\xef\xb8\x98|\x12\xdf\x17\xaeN\x1e'
11E8E149-D64D-EFB8-987C-12DF17AE4E1E,2019-ncaa-d2-natl,ncaa,48,49,76,48,93,153,115,119,138,47,45,125,286,266,295,289,177,146,237,152,259,116,104,204,216,221,306,299,191,98,105,92,263,87,167,133,180,245,215,188,65,93,31,17,,,252,203,,,74,104,166,152,210,139,151,43,42,297,290,211,177,186,166,138,109,99,89,174,221,75,29,,220,,,75,37,25,167,4,22,158,2,123,183,59,169,194,239,18,238,229,185,239,5,8,6,278,226,269,291,263,194,105,261,167,14,35,28,28,7,22,17,9,1,,,223,280,,,74,199,217,10,76,23,15,104,9,97,103,150,153,221,221,117,214,285,136,232,10,30,17,2,,270,,,b'\x11\xe8\xe1I\xd6M\xef\xb8\x98|\x12\xdf\x17\xaeN\x1e'
11E8E149-D64D-EFB8-987C-12DF17AE4E1E,2020-ncaa-d2-conf-CIAA,ncaa,1,1,3,1,5,2,2,3,2,2,2,2,3,8,1,10,3,5,3,5,7,3,7,2,2,1,9,6,8,8,7,2,7,5,6,1,4,2,2,1,7,5,1,1,,,2,1,,,2,6,9,9,3,2,4,2,1,4,8,4,5,5,4,8,8,3,5,2,2,6,1,,1,,,2,5,5,11,1,3,11,1,9,10,8,10,2,2,5,2,2,9,9,2,1,4,6,10,3,11,7,6,7,10,6,2,1,7,9,2,2,2,2,1,,,9,8,,,2,5,1,5,2,3,4,10,4,11,9,10,3,2,2,8,7,11,6,7,2,9,2,2,,8,,,b'\x11\xe8\xe1I\xd6M\xef\xb8\x98|\x12\xdf\x17\xaeN\x1e'
11E8E149-D64D-EFB8-987C-12DF17AE4E1E,2020-ncaa-d2-natl,ncaa,47,59,54,57,89,100,88,108,80,47,41,130,206,258,73,283,71,39,232,36,100,86,77,112,126,139,256,259,87,112,120,55,233,68,134,136,204,240,179,178,82,112,45,51,,,57,10,,,44,76,129,227,129,115,189,52,63,237,287,88,53,49,145,129,142,77,104,166,192,102,49,,27,,,43,65,75,216,18,67,223,10,156,177,114,142,77,133,17,142,104,205,247,27,16,11,206,230,129,292,233,153,120,234,134,25,19,33,52,7,83,46,59,21,,,80,121,,,44,229,140,21,49,24,35,142,33,159,119,135,46,96,109,127,199,272,88,187,14,47,47,41,,107,,,b'\x11\xe8\xe1I\xd6M\xef\xb8\x98|\x12\xdf\x17\xaeN\x1e'
11E8E149-D64D-EFB8-987C-12DF17AE4E1E,2022-ncaa-d2-conf-CIAA,ncaa,4,5,4,5,4,4,5,6,6,5,5,6,7,5,10,7,5,5,6,5,6,5,5,7,7,7,6,8,5,4,5,5,11,5,8,3,2,9,7,6,1,1,2,2,,,4,3,,,3,5,9,4,6,5,7,6,8,7,7,5,6,6,6,5,4,5,3,5,10,1,2,,4,,,3,2,2,9,2,5,8,2,7,8,2,9,5,6,3,6,4,9,9,2,2,2,9,9,5,11,11,7,5,10,8,10,10,4,3,3,8,6,8,7,,,7,11,,,3,7,5,2,5,2,3,8,3,6,7,9,3,4,3,7,9,11,7,10,8,3,6,7,,9,,,b'\x11\xe8\xe1I\xd6M\xef\xb8\x98|\x12\xdf\x17\xaeN\x1e'
11E8E149-D64D-EFB8-987C-12DF17AE4E1E,2022-ncaa-d2-natl,ncaa,150,119,222,134,224,220,229,225,204,167,140,213,278,271,266,275,108,92,207,90,82,211,190,239,220,234,252,284,17,88,50,182,271,148,153,205,143,197,230,231,52,26,57,31,,,81,101,,,110,220,137,29,199,206,155,105,58,280,273,58,36,31,113,72,41,96,49,181,247,25,34,,157,,,106,22,21,81,8,35,100,26,33,95,6,132,122,163,42,154,201,84,115,6,9,9,150,75,253,274,271,71,50,156,153,60,212,100,65,50,109,138,99,99,,,209,200,,,110,77,213,27,116,45,26,175,63,179,47,149,192,225,225,201,241,290,147,247,113,48,171,143,,140,,,b'\x11\xe8\xe1I\xd6M\xef\xb8\x98|\x12\xdf\x17\xaeN\x1e'
11E8E149-D64D-EFB8-987C-12DF17AE4E1E,2023-ncaa-d2-conf-CIAA,ncaa,1,1,4,1,5,4,4,4,1,4,6,1,6,3,10,3,3,5,3,5,4,4,4,3,1,1,6,6,5,5,4,4,7,3,4,7,8,7,7,7,2,2,2,2,,,8,9,,,1,5,4,9,2,2,5,3,8,6,2,2,4,4,6,4,5,2,1,6,8,2,2,,9,,,1,3,1,4,2,1,3,1,6,10,1,10,8,9,7,9,10,7,8,1,2,1,11,10,10,10,7,6,4,10,4,5,9,3,4,4,6,5,6,8,,,6,9,,,1,8,2,2,1,3,1,5,2,2,7,10,8,9,10,7,10,11,3,8,5,2,5,5,,8,,,b'\x11\xe8\xe1I\xd6M\xef\xb8\x98|\x12\xdf\x17\xaeN\x1e'
11E8E149-D64D-EFB8-987C-12DF17AE4E1E,2023-ncaa-d2-natl,ncaa,67,29,197,48,225,207,217,221,197,185,171,178,241,240,237,224,109,90,217,92,61,199,177,221,201,228,197,242,34,107,78,167,233,144,152,234,214,233,249,255,43,32,59,32,,,208,231,,,76,191,90,208,195,213,205,159,113,247,227,69,47,48,157,79,76,108,81,228,258,30,39,,251,,,70,20,12,51,2,11,75,5,29,71,7,95,225,247,64,250,269,73,137,2,3,4,235,63,291,240,233,76,78,146,152,21,166,49,26,11,164,181,92,88,,,188,183,,,76,101,216,10,73,15,3,62,9,117,34,93,261,273,274,125,233,267,123,207,32,25,191,106,,142,,,b'\x11\xe8\xe1I\xd6M\xef\xb8\x98|\x12\xdf\x17\xaeN\x1e'
11E8E149-D64D-EFB8-987C-12DF17AE4E1E,2024-ncaa-d2-conf-CIAA,ncaa,1,1,1,1,2,1,2,2,3,3,2,3,6,5,8,7,3,2,8,2,3,2,2,4,5,2,8,9,5,7,10,1,8,1,9,2,6,6,2,2,1,1,1,1,,,8,2,,,1,1,1,3,1,2,3,4,6,7,6,4,3,3,2,3,8,1,1,3,4,1,1,,5,,,1,7,3,11,1,1,5,1,10,12,1,11,12,11,5,11,12,12,13,1,1,1,12,11,13,12,8,13,10,12,9,4,7,2,3,1,5,3,5,4,,,2,5,,,1,12,2,1,1,1,1,10,1,2,10,12,9,9,9,11,13,12,11,11,3,2,4,5,,3,,,b'\x11\xe8\xe1I\xd6M\xef\xb8\x98|\x12\xdf\x17\xaeN\x1e'
11E8E149-D64D-EFB8-987C-12DF17AE4E1E,2024-ncaa-d2-natl,ncaa,11,6,26,7,33,55,56,27,154,42,27,136,127,81,224,190,35,13,258,13,63,22,16,166,170,164,193,216,90,32,94,32,183,21,139,95,208,269,132,178,8,9,9,5,,,262,105,,,42,15,48,89,87,92,50,81,71,182,137,61,32,29,36,37,65,62,41,162,190,8,12,,180,,,43,171,84,249,3,47,153,16,235,284,30,255,278,285,55,286,283,264,283,11,16,6,287,234,282,284,183,284,94,287,139,88,118,9,19,6,202,81,64,17,,,37,164,,,42,283,150,6,44,42,14,120,9,34,177,252,219,241,242,161,257,237,227,242,34,14,126,27,,87,,,b'\x11\xe8\xe1I\xd6M\xef\xb8\x98|\x12\xdf\x17\xaeN\x1e'
11E8E149-D64D-EFB8-987C-12DF17AE4E1E,2025-ncaa-d2-conf-CIAA,genius_ncaa,2,1,5,2,5,3,4,4,3,4,5,2,2,2,3,3,4,4,5,4,6,4,8,2,3,1,7,4,8,4,7,3,6,4,7,2,3,2,1,1,6,5,2,2,,,2,3,,11,1,8,10,7,2,2,4,4,6,3,3,5,6,6,3,10,6,4,3,1,1,6,2,,2,,11,1,2,2,6,1,2,4,1,3,8,1,9,7,6,6,6,8,5,5,1,1,1,11,8,12,6,6,8,7,7,7,2,5,4,3,1,2,1,7,6,,,7,5,,8,1,5,1,1,1,1,1,2,1,1,2,8,5,6,6,3,4,7,10,8,1,3,1,7,,8,,9,b'\x11\xe8\xe1I\xd6M\xef\xb8\x98|\x12\xdf\x17\xaeN\x1e'
11E8E149-D64D-EFB8-987C-12DF17AE4E1E,2025-ncaa-d2-natl,genius_ncaa,56,47,109,53,134,109,115,98,142,80,86,91,196,140,273,182,75,53,196,55,89,88,102,181,171,146,223,249,76,95,124,115,180,99,165,85,93,127,96,89,26,27,43,20,,,164,119,,280,22,103,104,139,104,98,82,57,84,215,151,61,51,57,66,84,91,118,93,83,126,28,37,,144,,282,17,22,16,111,1,24,103,3,61,147,12,173,140,191,21,190,207,119,197,2,2,1,227,131,246,220,180,209,124,227,165,59,230,21,17,20,115,77,129,97,,,127,167,,263,22,186,136,2,20,8,6,52,9,71,51,135,125,171,171,70,192,210,207,214,51,20,106,127,,132,,275,b'\x11\xe8\xe1I\xd6M\xef\xb8\x98|\x12\xdf\x17\xaeN\x1e'
11E8E149-D64D-EFB8-987C-12DF17AE4E1E,2026-ncaa-d2-conf-CIAA,genius_ncaa,3,4,2,5,2,3,3,4,6,5,5,4,2,3,5,3,6,6,5,6,8,4,4,5,5,6,6,5,9,6,8,2,1,3,2,3,5,7,3,4,3,4,2,3,,,4,1,,8,2,3,6,1,4,4,3,5,4,5,3,9,9,9,4,6,7,3,3,4,5,4,2,,1,,8,2,4,4,7,3,4,7,3,4,6,4,6,3,4,1,4,1,6,5,3,1,2,2,5,1,5,1,5,8,4,2,8,9,4,6,8,3,3,3,3,,,6,9,,8,2,5,6,2,2,1,2,7,2,7,3,5,1,1,1,5,3,4,5,2,8,7,2,3,,9,,8,b'\x11\xe8\xe1I\xd6M\xef\xb8\x98|\x12\xdf\x17\xaeN\x1e'
11E8E149-D64D-EFB8-987C-12DF17AE4E1E,2026-ncaa-d2-natl,genius_ncaa,9,53,13,51,27,66,46,31,173,57,55,129,50,24,186,72,183,148,262,139,226,39,36,153,199,181,180,94,268,30,84,21,209,17,130,19,25,237,137,76,23,54,1,3,,,194,52,,127,41,43,197,88,180,132,102,151,177,115,70,272,247,242,133,139,75,78,58,55,133,55,3,,57,,84,58,153,127,248,9,152,267,11,89,166,30,70,243,262,78,262,180,257,264,9,8,9,155,66,263,284,209,252,84,278,130,91,67,31,82,20,216,135,92,50,,,164,284,,260,41,248,158,21,58,20,11,102,39,173,26,58,156,194,193,118,149,248,143,204,16,82,131,45,,280,,283,b'\x11\xe8\xe1I\xd6M\xef\xb8\x98|\x12\xdf\x17\xaeN\x1e'
11E8E149-D652-3B4A-987C-12DF17AE4E1E,2018-ncaa-d2-conf-CACC,ncaa,8,8,5,8,6,11,11,4,13,10,3,13,8,7,13,9,8,5,13,5,7,5,4,13,13,13,8,8,6,3,5,5,7,3,6,13,14,10,8,13,2,2,1,1,,,14,13,,,8,5,5,8,11,12,2,10,4,10,7,7,5,5,3,3,3,6,2,13,10,2,1,,13,,,8,6,2,5,2,2,8,1,8,3,11,2,14,14,4,14,13,7,11,2,4,3,13,8,14,8,7,14,5,13,6,6,12,2,2,3,10,8,6,4,,,3,4,,,8,10,12,4,8,6,4,4,3,7,5,3,14,14,14,7,10,9,12,12,7,2,9,6,,3,,,b'\x11\xe8\xe1I\xd6R;J\x98|\x12\xdf\x17\xaeN\x1e'
11E8E149-D652-3B4A-987C-12DF17AE4E1E,2018-ncaa-d2-natl,ncaa,213,206,206,217,231,243,244,140,296,225,134,296,237,172,298,184,215,167,289,165,191,151,138,299,302,295,197,203,117,42,61,184,242,110,175,289,299,230,217,299,50,36,37,18,,,213,232,,,202,174,84,176,256,253,55,218,68,235,146,204,118,120,58,37,17,135,34,296,261,33,18,,264,,,202,52,25,81,25,27,98,12,98,87,174,94,240,261,61,260,275,102,146,31,51,31,275,150,294,226,242,220,61,232,175,100,252,68,51,45,227,216,56,47,,,158,185,,,202,130,281,50,204,104,36,129,41,153,133,117,268,281,280,180,236,266,275,277,138,42,258,74,,87,,,b'\x11\xe8\xe1I\xd6R;J\x98|\x12\xdf\x17\xaeN\x1e'
11E8E149-D652-3B4A-987C-12DF17AE4E1E,2019-ncaa-d2-conf-CACC,ncaa,8,7,5,8,6,7,7,2,13,7,7,9,4,2,14,3,7,5,12,5,5,2,2,12,12,12,7,5,7,4,7,7,8,7,11,10,12,5,4,9,1,1,2,2,,,14,14,,,10,2,1,7,8,9,1,7,8,5,2,6,6,6,1,1,2,6,3,12,5,1,2,,14,,,10,12,4,7,5,3,4,5,11,10,12,9,13,13,11,13,14,11,12,7,9,6,14,11,13,9,8,14,7,14,11,10,12,1,2,4,6,5,1,2,,,6,12,,,10,13,11,5,10,11,4,7,3,4,10,10,14,14,13,11,13,8,14,14,9,1,6,1,,4,,,b'\x11\xe8\xe1I\xd6R;J\x98|\x12\xdf\x17\xaeN\x1e'
11E8E149-D652-3B4A-987C-12DF17AE4E1E,2019-ncaa-d2-natl,ncaa,216,222,182,224,200,193,201,91,285,221,196,223,119,37,299,37,201,161,260,162,136,99,100,283,283,268,93,93,172,91,183,175,270,136,262,231,253,192,141,232,33,31,76,61,,,276,268,,,239,106,27,123,187,193,23,212,175,111,16,191,138,142,27,24,62,159,83,238,208,18,64,,302,,,234,195,116,150,110,107,123,119,174,196,124,180,291,292,129,292,301,194,222,114,151,109,264,154,292,272,270,296,183,292,262,209,261,52,57,95,189,144,42,50,,,160,239,,,239,203,258,146,229,235,148,192,130,146,205,230,300,301,300,262,290,281,300,301,228,34,209,42,,135,,,b'\x11\xe8\xe1I\xd6R;J\x98|\x12\xdf\x17\xaeN\x1e'
11E8E149-D652-3B4A-987C-12DF17AE4E1E,2020-ncaa-d2-conf-CACC,ncaa,14,14,9,14,10,13,12,12,11,9,6,10,13,12,12,11,4,3,8,3,5,9,4,11,11,14,9,13,2,5,6,14,14,12,13,14,13,14,14,14,4,6,8,7,,,14,14,,,14,2,1,4,11,12,8,8,6,13,11,3,3,3,7,2,5,13,7,13,14,4,7,,14,,,14,14,11,6,14,4,3,13,12,11,13,10,14,14,6,14,14,13,13,14,14,13,14,11,12,14,14,8,6,10,13,14,13,4,4,7,14,10,10,11,,,4,4,,,14,12,14,14,14,14,13,12,10,5,13,12,14,14,14,13,14,14,9,12,14,2,14,11,,2,,,b'\x11\xe8\xe1I\xd6R;J\x98|\x12\xdf\x17\xaeN\x1e'
11E8E149-D652-3B4A-987C-12DF17AE4E1E,2020-ncaa-d2-natl,ncaa,277,279,223,285,243,249,253,164,292,213,110,286,263,216,294,231,179,128,254,131,167,160,91,294,290,298,209,240,62,74,119,252,295,192,268,258,247,301,292,298,86,113,197,187,,,289,286,,,298,99,13,153,241,247,64,197,51,261,194,129,81,84,63,12,49,245,120,259,307,62,182,,307,,,292,266,217,154,246,176,117,237,255,214,273,188,288,293,72,293,301,196,231,264,275,216,267,193,264,283,295,233,119,266,268,292,298,59,70,170,259,229,208,186,,,156,213,,,298,208,294,249,291,291,263,234,223,163,277,253,305,305,306,279,303,299,287,295,297,34,269,233,,69,,,b'\x11\xe8\xe1I\xd6R;J\x98|\x12\xdf\x17\xaeN\x1e'
11E8E149-D652-3B4A-987C-12DF17AE4E1E,2021-ncaa-d2-conf-CACC,ncaa,7,7,4,7,5,6,6,6,6,6,7,6,3,4,5,3,5,5,7,5,3,6,4,5,6,7,3,3,2,5,2,4,7,5,4,7,6,7,7,7,6,6,4,3,,,4,3,,,7,4,3,7,6,7,7,6,6,4,3,5,5,5,7,3,5,3,4,7,7,6,3,,6,,,7,6,6,6,4,3,3,4,7,7,7,6,5,6,3,6,6,7,4,5,5,6,7,7,4,7,7,2,2,3,4,7,7,6,7,7,7,7,5,5,,,7,7,,,7,4,7,7,7,7,7,7,4,5,7,7,7,7,7,7,7,7,1,3,7,7,7,4,,7,,,b'\x11\xe8\xe1I\xd6R;J\x98|\x12\xdf\x17\xaeN\x1e'
11E8E149-D652-3B4A-987C-12DF17AE4E1E,2021-ncaa-d2-natl,ncaa,211,170,185,211,193,194,193,194,199,191,192,197,197,192,199,146,195,194,212,194,119,193,186,199,205,224,155,148,97,136,7,185,220,180,96,201,153,165,225,225,158,107,122,65,,,45,83,,,200,190,79,225,218,214,215,200,177,204,191,202,173,172,218,59,31,101,46,206,226,77,50,,141,,,211,45,46,50,43,42,49,41,66,62,86,149,40,55,7,55,137,50,46,43,30,42,155,173,82,132,220,29,7,41,96,87,223,172,112,186,133,224,68,191,,,197,211,,,200,39,221,99,208,127,125,191,99,161,173,197,87,162,168,198,205,224,14,168,219,63,225,167,,205,,,b'\x11\xe8\xe1I\xd6R;J\x98|\x12\xdf\x17\xaeN\x1e'
11E8E149-D652-3B4A-987C-12DF17AE4E1E,2022-ncaa-d2-conf-CACC,ncaa,5,5,6,5,7,9,9,8,10,6,6,10,11,11,11,10,2,1,9,1,1,6,2,11,11,11,7,11,1,4,5,6,6,5,5,13,13,13,12,13,3,4,9,9,,,13,12,,,9,2,1,3,7,8,6,6,4,11,10,1,1,1,2,1,3,2,3,13,13,2,9,,13,,,9,9,7,7,10,8,4,10,7,10,3,10,10,11,3,11,10,6,12,10,9,6,10,7,10,7,6,6,5,7,5,9,9,1,3,5,12,11,11,11,,,1,2,,,9,12,11,7,9,9,9,10,9,5,8,11,10,11,11,11,13,7,9,8,10,1,12,13,,1,,,b'\x11\xe8\xe1I\xd6R;J\x98|\x12\xdf\x17\xaeN\x1e'
11E8E149-D652-3B4A-987C-12DF17AE4E1E,2022-ncaa-d2-natl,ncaa,150,179,106,169,121,129,131,75,218,95,43,246,209,210,196,266,90,72,219,70,181,70,38,238,232,261,219,247,83,29,49,107,225,59,128,239,294,298,272,288,54,95,149,199,,,274,210,,,236,52,14,144,151,148,60,96,28,235,235,91,70,75,46,11,29,118,44,270,292,54,164,,273,,,226,249,260,243,215,277,246,217,136,173,87,98,201,216,84,213,137,249,258,190,182,135,52,68,124,259,225,205,49,233,128,282,240,35,64,144,281,220,271,214,,,35,113,,,236,251,249,145,220,250,256,258,273,258,124,159,187,200,195,262,285,245,193,219,274,31,262,270,,15,,,b'\x11\xe8\xe1I\xd6R;J\x98|\x12\xdf\x17\xaeN\x1e'
11E8E149-D652-3B4A-987C-12DF17AE4E1E,2023-ncaa-d2-conf-CACC,ncaa,6,8,3,8,3,4,4,4,8,7,5,10,4,3,3,5,4,4,11,4,7,4,3,8,8,8,4,3,8,4,4,7,6,6,5,9,12,13,11,11,3,3,11,12,,,13,13,,,7,2,1,3,6,7,4,9,7,3,3,7,6,8,3,2,4,12,6,9,12,3,12,,13,,,7,11,9,9,8,10,9,10,5,7,4,4,13,13,10,13,13,10,12,8,10,8,11,3,13,7,6,8,4,7,5,7,8,2,2,2,13,10,9,12,,,1,1,,,7,12,7,6,7,9,5,3,7,5,3,3,13,13,13,7,10,5,5,4,6,2,13,10,,1,,,b'\x11\xe8\xe1I\xd6R;J\x98|\x12\xdf\x17\xaeN\x1e'
11E8E149-D652-3B4A-987C-12DF17AE4E1E,2023-ncaa-d2-natl,ncaa,169,182,148,182,151,164,162,126,223,180,113,248,117,126,110,143,201,187,222,192,221,133,94,206,220,236,118,96,199,39,22,193,219,112,104,181,209,264,235,243,71,73,196,219,,,251,257,,,147,131,74,64,163,154,60,182,86,100,111,196,177,189,83,33,26,208,72,194,262,58,195,,266,,,147,107,77,102,108,129,164,97,44,52,89,45,262,266,178,267,244,129,170,83,121,71,129,36,283,186,219,86,22,131,104,163,240,56,50,82,227,207,216,208,,,109,140,,,147,170,205,83,144,122,92,98,154,196,49,46,276,274,273,157,229,212,92,147,176,44,243,228,,76,,,b'\x11\xe8\xe1I\xd6R;J\x98|\x12\xdf\x17\xaeN\x1e'
11E8E149-D652-3B4A-987C-12DF17AE4E1E,2024-ncaa-d2-conf-CACC,ncaa,5,4,5,5,5,9,6,6,5,3,2,4,10,10,11,10,7,7,8,7,8,8,2,8,10,11,10,10,6,2,2,4,2,3,2,8,10,12,12,11,2,2,5,3,,,11,12,,,5,4,2,1,8,7,5,3,3,10,10,7,6,6,7,1,2,1,2,8,12,2,4,,12,,,5,3,1,5,1,1,3,1,4,10,1,11,10,8,9,8,10,6,6,1,4,4,12,8,12,5,2,2,2,2,2,3,10,6,6,4,9,9,7,8,,,6,8,,,5,8,11,4,5,5,2,8,2,3,6,11,11,8,8,8,9,7,4,5,6,5,10,9,,4,,,b'\x11\xe8\xe1I\xd6R;J\x98|\x12\xdf\x17\xaeN\x1e'
11E8E149-D652-3B4A-987C-12DF17AE4E1E,2024-ncaa-d2-natl,ncaa,172,165,207,174,207,207,166,140,194,76,41,194,283,275,287,286,248,234,250,239,286,158,90,246,256,279,294,288,228,31,13,70,103,43,12,181,188,297,286,271,81,81,60,36,,,258,273,,,167,134,36,8,186,106,38,19,9,287,279,240,194,201,59,11,11,8,3,153,298,56,35,,289,,,165,69,30,131,8,23,94,9,147,203,47,213,256,256,146,253,271,153,164,13,35,37,284,197,288,172,103,70,13,95,12,150,287,120,129,126,237,201,179,115,,,223,284,,,167,162,257,37,165,138,45,233,31,146,191,244,281,280,270,258,265,213,122,171,197,80,254,221,,198,,,b'\x11\xe8\xe1I\xd6R;J\x98|\x12\xdf\x17\xaeN\x1e'
11E8E149-D652-3B4A-987C-12DF17AE4E1E,2025-ncaa-d2-conf-CACC,genius_ncaa,7,7,7,7,7,8,6,8,3,4,7,4,10,11,7,10,12,12,12,12,11,8,8,5,6,7,11,9,12,7,5,6,6,8,3,5,1,9,10,8,8,5,9,8,,,10,11,,12,7,7,5,1,6,4,7,3,3,9,11,12,10,10,7,4,6,6,6,4,10,4,8,,11,,12,7,4,3,3,5,2,2,6,6,5,9,7,10,9,10,9,10,2,3,8,9,8,12,9,10,3,6,1,5,1,3,3,8,6,4,4,8,10,2,1,,,8,5,,2,7,5,6,7,7,9,7,5,4,2,9,7,10,10,10,6,8,7,3,3,7,3,10,3,,5,,2,b'\x11\xe8\xe1I\xd6R;J\x98|\x12\xdf\x17\xaeN\x1e'
11E8E149-D652-3B4A-987C-12DF17AE4E1E,2025-ncaa-d2-natl,genius_ncaa,174,200,109,186,123,159,115,115,118,59,47,141,249,250,223,272,217,188,259,185,268,129,73,178,198,243,296,271,240,75,72,106,134,92,73,58,34,294,281,182,86,118,214,233,,,265,252,,240,193,73,54,75,186,98,109,43,35,266,274,242,211,206,126,52,80,98,78,43,285,93,236,,256,,233,186,182,151,189,114,155,172,145,150,189,97,161,239,236,129,230,209,202,219,114,128,102,177,127,213,165,134,113,72,129,73,233,254,70,88,139,268,239,118,69,,,138,215,,70,193,228,232,100,187,157,139,175,151,158,142,177,221,222,219,196,236,155,99,107,227,67,257,116,,139,,76,b'\x11\xe8\xe1I\xd6R;J\x98|\x12\xdf\x17\xaeN\x1e'
11E8E149-D652-3B4A-987C-12DF17AE4E1E,2026-ncaa-d2-conf-CACC,genius_ncaa,1,1,5,1,6,4,4,8,1,2,6,1,10,10,8,10,4,5,3,5,7,7,5,1,1,5,11,11,5,3,1,4,4,2,1,1,1,9,10,7,3,1,5,3,,,6,8,,4,1,5,1,2,1,1,5,1,3,8,9,3,4,4,4,1,1,2,1,1,11,1,3,,8,,5,1,3,1,3,1,1,3,1,1,5,2,4,6,7,5,7,9,3,5,1,1,1,11,4,10,5,4,1,1,2,1,1,5,5,3,1,10,10,6,7,,,6,7,,5,1,7,2,1,1,2,1,2,1,4,1,4,8,8,8,4,7,5,1,1,1,2,10,8,,7,,5,b'\x11\xe8\xe1I\xd6R;J\x98|\x12\xdf\x17\xaeN\x1e'
11E8E149-D652-3B4A-987C-12DF17AE4E1E,2026-ncaa-d2-natl,genius_ncaa,30,53,59,59,84,79,47,99,24,21,33,58,220,240,117,283,117,108,158,102,238,96,48,67,82,171,284,268,203,24,4,25,46,15,4,25,45,292,281,169,22,26,71,67,,,245,234,,204,38,71,65,88,94,51,130,12,27,248,280,147,151,141,136,33,26,16,8,22,285,28,101,,239,,191,43,129,107,172,25,103,130,66,140,227,32,223,218,246,84,235,258,187,206,24,35,27,225,151,252,134,46,77,4,91,4,147,218,41,53,60,292,286,155,79,,,137,262,,247,38,222,127,24,49,44,30,86,41,48,98,197,189,224,217,114,175,85,8,16,102,51,287,127,,205,,262,b'\x11\xe8\xe1I\xd6R;J\x98|\x12\xdf\x17\xaeN\x1e'
11E8E149-D656-8E70-987C-12DF17AE4E1E,2018-ncaa-d2-conf-GLIAC,ncaa,7,7,3,7,5,3,4,2,6,2,2,6,12,12,12,12,4,3,8,3,8,3,3,9,9,7,12,12,5,1,2,5,7,3,6,3,6,9,5,4,2,2,2,1,,,11,9,,,7,3,2,10,3,3,2,2,1,12,12,4,3,3,2,2,1,8,2,3,6,2,2,,12,,,7,12,9,9,8,7,9,7,9,8,10,5,12,11,12,11,12,10,10,9,10,8,11,6,11,8,7,12,2,10,6,11,11,3,3,5,6,5,8,3,,,3,9,,,7,10,6,8,7,9,8,9,7,8,9,6,12,11,11,10,10,8,8,7,10,2,6,9,,3,,,b'\x11\xe8\xe1I\xd6V\x8ep\x98|\x12\xdf\x17\xaeN\x1e'
11E8E149-D656-8E70-987C-12DF17AE4E1E,2018-ncaa-d2-natl,ncaa,134,147,105,141,120,71,47,35,93,14,9,100,272,249,291,296,107,92,194,90,276,33,42,170,176,142,307,305,190,45,69,131,63,89,89,36,64,151,56,41,14,15,39,28,,,266,247,,,127,46,24,151,43,21,11,4,1,286,267,107,89,95,11,16,36,160,75,16,140,13,35,,274,,,128,264,232,166,231,181,143,201,257,191,290,171,278,248,306,248,246,186,226,248,279,206,258,209,243,72,63,233,69,179,89,287,296,31,39,150,159,80,262,120,,,119,247,,,127,262,121,161,130,251,201,141,156,119,254,183,274,240,240,170,242,46,225,140,279,28,144,256,,132,,,b'\x11\xe8\xe1I\xd6V\x8ep\x98|\x12\xdf\x17\xaeN\x1e'
11E8E149-D656-8E70-987C-12DF17AE4E1E,2019-ncaa-d2-conf-GLIAC,ncaa,5,5,5,5,5,6,4,4,5,2,2,6,12,12,12,12,5,5,7,5,11,4,2,7,7,7,12,12,6,4,4,4,11,5,4,2,1,10,10,4,3,4,4,4,,,10,7,,,6,2,3,1,4,3,3,2,1,12,12,4,3,3,3,3,5,3,4,2,10,3,3,,10,,,6,6,4,10,4,5,9,5,8,9,3,8,11,11,8,10,8,10,10,4,5,5,10,8,10,11,11,5,4,9,4,10,11,6,7,8,8,7,7,3,,,7,8,,,6,11,7,5,6,6,4,10,5,7,9,10,10,10,10,11,11,11,6,9,9,7,9,7,,7,,,b'\x11\xe8\xe1I\xd6V\x8ep\x98|\x12\xdf\x17\xaeN\x1e'
11E8E149-D656-8E70-987C-12DF17AE4E1E,2019-ncaa-d2-natl,ncaa,132,123,182,132,187,151,106,143,77,43,44,94,296,291,273,300,184,215,86,214,291,157,167,154,158,157,310,306,197,148,133,146,172,149,141,59,41,151,154,70,53,39,45,21,,,140,138,,,127,168,113,42,119,61,74,9,9,298,297,177,201,203,90,96,128,101,101,25,181,38,33,,161,,,127,129,108,149,102,88,93,128,215,245,89,268,172,125,275,122,177,134,147,112,123,121,245,236,189,181,172,124,133,154,141,259,300,131,121,209,105,100,213,123,,,236,267,,,127,138,150,135,134,161,140,190,103,103,231,262,186,150,146,182,207,205,160,180,270,101,120,237,,226,,,b'\x11\xe8\xe1I\xd6V\x8ep\x98|\x12\xdf\x17\xaeN\x1e'
11E8E149-D656-8E70-987C-12DF17AE4E1E,2020-ncaa-d2-conf-GLIAC,ncaa,3,3,5,3,5,4,4,5,3,3,4,4,5,9,4,10,1,1,3,1,2,5,5,5,2,2,7,11,2,3,3,5,9,4,6,3,2,4,1,2,3,3,7,7,,,4,3,,,3,5,4,1,2,2,5,3,3,5,6,1,1,1,1,3,3,5,4,2,4,2,7,,5,,,3,10,11,9,9,10,8,9,11,12,6,11,6,5,10,5,6,9,8,9,8,7,7,10,2,10,9,4,3,7,6,12,11,4,5,7,3,1,6,5,,,1,1,,,3,8,2,7,3,10,11,12,9,6,11,11,6,6,6,11,11,10,5,6,12,2,3,6,,1,,,b'\x11\xe8\xe1I\xd6V\x8ep\x98|\x12\xdf\x17\xaeN\x1e'
11E8E149-D656-8E70-987C-12DF17AE4E1E,2020-ncaa-d2-natl,ncaa,60,46,173,53,184,58,61,135,28,49,105,36,134,181,48,207,50,85,51,88,115,116,161,36,30,21,185,204,117,156,124,183,105,184,104,21,19,52,46,12,51,41,156,143,,,53,46,,,88,160,122,55,19,28,91,24,85,128,166,38,66,66,71,121,152,168,158,7,63,37,153,,53,,,88,222,237,172,250,176,95,260,282,268,249,289,86,50,303,52,89,139,146,277,276,248,215,273,58,78,105,85,124,71,104,267,251,131,129,217,56,52,215,201,,,108,60,,,88,160,19,225,84,241,250,201,188,97,289,281,97,51,52,160,178,82,79,74,269,122,53,229,,52,,,b'\x11\xe8\xe1I\xd6V\x8ep\x98|\x12\xdf\x17\xaeN\x1e'
11E8E149-D656-8E70-987C-12DF17AE4E1E,2021-ncaa-d2-conf-GLIAC,ncaa,9,9,7,9,8,8,8,6,10,7,5,11,8,5,11,7,12,12,8,12,12,7,6,10,10,10,9,6,12,6,7,6,5,6,8,9,7,5,4,7,2,1,4,4,,,7,10,,,9,5,4,4,8,7,2,7,4,7,3,12,12,12,2,3,5,5,3,9,4,1,4,,10,,,9,5,6,5,6,4,3,6,7,7,7,11,6,7,4,7,10,6,5,7,7,6,10,8,8,4,5,9,7,7,8,9,12,6,5,10,2,3,8,7,,,12,12,,,9,7,10,5,9,8,7,8,6,3,9,10,8,9,9,9,10,5,12,10,11,4,3,9,,12,,,b'\x11\xe8\xe1I\xd6V\x8ep\x98|\x12\xdf\x17\xaeN\x1e'
11E8E149-D656-8E70-987C-12DF17AE4E1E,2021-ncaa-d2-natl,ncaa,125,191,68,164,70,96,85,65,167,89,68,162,73,57,149,87,137,146,69,147,216,78,82,163,170,153,135,78,199,109,193,58,17,79,123,90,132,136,77,106,31,27,44,42,,,169,170,,,156,70,118,39,158,127,81,134,93,104,82,203,215,218,111,131,159,91,128,141,68,35,59,,130,,,144,146,147,144,138,139,124,148,178,177,135,194,132,127,119,125,120,143,141,153,149,133,158,175,72,74,17,183,193,152,123,197,210,64,87,168,107,42,163,106,,,138,219,,,156,153,162,95,145,103,107,78,81,47,168,162,72,75,69,62,77,15,187,106,188,105,41,118,,222,,,b'\x11\xe8\xe1I\xd6V\x8ep\x98|\x12\xdf\x17\xaeN\x1e'
11E8E149-D656-8E70-987C-12DF17AE4E1E,2022-ncaa-d2-conf-GLIAC,ncaa,2,2,1,2,3,1,2,1,7,4,3,8,1,1,3,2,1,2,6,2,3,1,1,6,5,4,1,1,6,4,5,3,1,3,5,1,2,2,1,1,1,1,4,5,,,11,7,,,2,1,5,10,4,4,2,8,7,1,2,2,4,4,2,3,5,3,4,2,2,1,5,,7,,,2,9,9,10,6,9,7,7,6,9,4,7,5,8,1,8,6,10,10,5,3,3,3,5,5,6,1,11,5,10,5,11,9,2,3,3,1,1,8,6,,,3,8,,,2,11,4,3,2,5,5,5,5,4,4,7,4,5,5,4,4,3,10,7,8,3,1,7,,9,,,b'\x11\xe8\xe1I\xd6V\x8ep\x98|\x12\xdf\x17\xaeN\x1e'
11E8E149-D656-8E70-987C-12DF17AE4E1E,2022-ncaa-d2-natl,ncaa,46,81,18,67,27,29,35,23,109,82,75,146,8,16,24,45,43,48,70,45,75,23,47,70,65,25,19,27,164,86,188,48,8,51,91,14,12,33,3,2,24,27,79,71,,,262,221,,,45,42,218,192,48,85,96,205,221,18,34,96,126,125,94,217,175,151,171,16,2,52,124,,149,,,51,253,249,219,232,224,182,229,262,247,219,213,205,219,86,213,190,225,227,237,228,198,195,210,119,36,8,288,188,219,91,292,280,63,95,205,6,1,216,172,,,91,219,,,45,261,23,134,44,99,100,27,80,28,167,135,105,120,117,22,34,7,191,68,231,152,1,130,,247,,,b'\x11\xe8\xe1I\xd6V\x8ep\x98|\x12\xdf\x17\xaeN\x1e'
11E8E149-D656-8E70-987C-12DF17AE4E1E,2023-ncaa-d2-conf-GLIAC,ncaa,5,6,3,6,4,4,4,3,8,8,9,5,3,1,7,1,3,4,4,4,2,2,2,6,6,4,1,2,3,4,6,5,9,3,9,2,1,3,2,2,2,2,2,2,,,5,3,,,5,2,5,10,4,6,1,9,10,2,1,5,5,5,2,5,5,6,7,2,2,2,2,,3,,,5,7,8,7,8,9,8,8,4,5,5,4,3,3,6,3,3,7,8,8,7,5,3,3,2,7,9,10,6,10,9,8,6,3,3,5,1,1,2,2,,,4,4,,,5,8,4,5,4,5,5,5,6,7,4,4,3,3,3,4,6,8,9,10,7,3,1,2,,4,,,b'\x11\xe8\xe1I\xd6V\x8ep\x98|\x12\xdf\x17\xaeN\x1e'
11E8E149-D656-8E70-987C-12DF17AE4E1E,2023-ncaa-d2-natl,ncaa,102,101,110,105,131,87,104,116,123,172,237,49,45,27,145,22,92,122,46,125,50,114,158,76,74,40,25,40,132,209,246,128,26,164,166,58,41,28,21,21,88,63,38,29,,,151,179,,,92,134,165,185,65,108,99,201,268,30,22,93,130,134,112,191,228,147,206,40,19,86,36,,131,,,91,175,187,125,255,195,127,241,175,144,224,161,120,85,262,78,103,118,126,249,247,226,120,171,89,28,26,223,246,143,166,192,165,148,128,169,6,2,24,60,,,138,103,,,92,155,55,179,94,164,193,91,184,99,170,132,92,72,71,65,64,18,224,115,180,160,2,21,,149,,,b'\x11\xe8\xe1I\xd6V\x8ep\x98|\x12\xdf\x17\xaeN\x1e'
11E8E149-D656-8E70-987C-12DF17AE4E1E,2024-ncaa-d2-conf-GLIAC,ncaa,2,2,3,2,3,4,4,4,2,4,3,3,4,4,2,4,7,7,4,7,6,4,4,2,2,1,6,4,8,2,2,4,4,4,4,1,1,2,3,1,2,2,3,3,,,4,5,,,2,4,6,3,3,2,3,3,4,2,3,6,6,7,3,5,2,4,4,1,3,1,3,,5,,,2,3,4,5,5,1,1,5,8,9,3,10,3,4,3,4,5,5,7,5,4,2,9,10,4,5,4,2,2,3,4,8,10,2,3,5,2,3,2,1,,,6,7,,,2,7,2,2,2,2,2,4,2,1,6,9,2,3,3,2,4,4,3,2,6,3,3,2,,8,,,b'\x11\xe8\xe1I\xd6V\x8ep\x98|\x12\xdf\x17\xaeN\x1e'
11E8E149-D656-8E70-987C-12DF17AE4E1E,2024-ncaa-d2-natl,ncaa,23,20,50,23,59,53,39,59,32,56,139,15,29,22,94,30,190,230,66,231,240,74,102,22,33,22,119,54,284,107,116,67,28,79,49,19,23,55,31,5,20,15,46,18,,,175,159,,,18,108,234,178,63,37,101,91,230,32,32,250,270,271,146,226,148,130,141,12,20,34,54,,97,,,17,110,116,147,91,80,57,189,229,271,45,285,90,84,153,87,159,136,175,127,106,81,230,250,90,55,28,163,116,110,49,230,272,64,62,127,90,71,71,66,,,177,235,,,18,203,21,52,13,27,32,26,28,9,186,240,46,46,47,14,42,24,67,33,171,105,55,38,,258,,,b'\x11\xe8\xe1I\xd6V\x8ep\x98|\x12\xdf\x17\xaeN\x1e'
11E8E149-D656-8E70-987C-12DF17AE4E1E,2025-ncaa-d2-conf-GLIAC,genius_ncaa,5,2,11,3,11,6,6,8,7,9,9,7,2,2,2,1,10,10,1,10,11,8,9,4,4,2,1,1,11,6,6,7,7,7,6,5,2,1,2,2,5,2,5,2,,,1,2,,1,3,11,4,3,2,2,2,7,6,1,1,10,10,10,2,5,3,4,4,2,2,3,3,,3,,1,3,1,1,1,5,1,1,7,5,7,3,10,1,1,4,1,4,1,1,5,5,3,7,9,4,3,7,2,6,2,6,6,11,6,4,6,1,4,1,4,,,11,11,,11,3,1,2,5,3,5,7,5,5,4,9,10,3,2,2,5,8,7,8,7,8,4,4,3,,10,,11,b'\x11\xe8\xe1I\xd6V\x8ep\x98|\x12\xdf\x17\xaeN\x1e'
11E8E149-D656-8E70-987C-12DF17AE4E1E,2025-ncaa-d2-natl,genius_ncaa,132,62,275,98,285,188,178,209,117,257,285,102,43,54,45,10,279,291,14,290,262,247,276,63,72,40,27,11,283,227,197,252,79,254,169,103,51,10,12,13,85,17,155,62,,,13,39,,15,93,278,95,207,34,30,21,164,209,5,6,246,278,274,45,102,139,111,127,28,24,25,89,,57,,19,82,33,50,21,224,28,11,256,200,169,227,284,12,14,45,14,115,15,20,260,231,203,241,284,25,21,79,60,197,35,169,205,291,219,103,245,48,137,34,86,,,287,279,,285,93,23,38,176,89,182,207,161,130,41,278,282,39,59,63,120,156,83,240,179,286,101,145,67,,265,,285,b'\x11\xe8\xe1I\xd6V\x8ep\x98|\x12\xdf\x17\xaeN\x1e'
11E8E149-D656-8E70-987C-12DF17AE4E1E,2026-ncaa-d2-conf-GLIAC,genius_ncaa,5,5,1,5,1,2,3,2,5,8,10,7,1,1,2,1,4,7,1,7,5,2,1,3,2,3,1,1,9,1,1,3,1,1,1,1,1,9,8,6,2,2,10,10,,,5,5,,9,2,2,2,1,2,3,2,8,10,1,1,4,7,7,2,1,1,3,1,1,9,2,10,,5,,9,2,4,5,4,7,5,7,4,7,2,10,4,5,6,4,6,4,3,5,7,7,6,6,7,5,1,1,2,1,1,1,9,10,4,4,6,7,7,1,1,,,8,10,,6,2,8,3,4,3,4,5,4,5,7,7,2,5,6,6,3,5,1,2,1,9,4,7,1,,8,,6,b'\x11\xe8\xe1I\xd6V\x8ep\x98|\x12\xdf\x17\xaeN\x1e'
11E8E149-D656-8E70-987C-12DF17AE4E1E,2026-ncaa-d2-natl,genius_ncaa,9,53,13,51,17,7,7,15,21,23,66,14,4,3,63,23,67,133,6,131,213,18,19,13,12,24,77,40,259,26,42,23,60,15,30,4,15,268,149,28,11,33,92,136,,,191,43,,183,15,20,75,68,8,9,30,56,192,4,8,137,233,231,47,49,69,80,55,2,191,30,150,,54,,141,28,252,259,269,192,221,226,155,290,285,255,254,101,90,200,87,30,260,271,221,204,145,211,272,20,160,60,204,42,194,30,269,212,18,67,139,212,85,179,135,,,88,267,,232,15,279,15,114,33,162,191,177,111,100,269,241,30,23,15,121,171,63,58,50,221,56,124,123,,226,,260,b'\x11\xe8\xe1I\xd6V\x8ep\x98|\x12\xdf\x17\xaeN\x1e'
11E8E149-D65A-BF18-987C-12DF17AE4E1E,2018-ncaa-d2-conf-G-MAC,ncaa,1,2,1,2,1,1,2,2,1,2,2,5,7,9,2,10,3,3,5,2,7,2,2,2,2,2,9,9,10,3,3,3,3,2,2,2,4,4,2,2,5,5,8,9,,,7,4,,,1,3,11,1,2,3,4,4,4,7,11,5,8,7,6,10,6,6,5,3,4,6,10,,2,,,1,5,8,9,5,6,8,7,10,12,4,12,3,3,6,3,4,8,11,6,5,2,9,10,4,4,3,7,3,6,2,7,6,5,4,4,6,5,7,5,,,5,7,,,1,11,2,2,1,2,3,4,2,2,8,9,1,1,1,3,2,1,2,2,5,6,5,7,,7,,,b'\x11\xe8\xe1I\xd6Z\xbf\x18\x98|\x12\xdf\x17\xaeN\x1e'
11E8E149-D65A-BF18-987C-12DF17AE4E1E,2018-ncaa-d2-natl,ncaa,57,53,64,57,69,32,26,83,7,34,81,20,61,115,4,160,112,154,64,146,214,95,114,8,8,7,196,136,259,137,99,81,52,104,46,38,113,76,45,24,107,121,238,234,,,148,111,,,33,112,202,20,17,13,100,26,112,61,149,140,183,182,123,177,164,114,128,28,43,138,259,,89,,,31,212,229,205,187,162,94,241,263,288,127,301,87,70,258,69,102,175,177,210,201,188,213,273,63,95,52,97,99,86,46,183,110,114,124,142,86,65,157,98,,,154,199,,,33,198,8,158,29,143,161,137,104,34,249,274,57,40,38,94,97,53,39,40,130,154,59,109,,212,,,b'\x11\xe8\xe1I\xd6Z\xbf\x18\x98|\x12\xdf\x17\xaeN\x1e'
11E8E149-D65A-BF18-987C-12DF17AE4E1E,2019-ncaa-d2-conf-G-MAC,ncaa,4,4,5,4,5,5,5,8,4,2,2,5,10,10,9,13,4,5,7,5,8,5,7,5,5,4,11,12,6,4,4,4,3,3,3,6,5,3,2,2,5,6,3,1,,,3,5,,,4,9,11,1,6,7,7,3,2,10,11,4,6,6,7,9,4,4,3,6,2,8,3,,4,,,4,3,2,5,4,1,2,5,12,14,8,14,2,3,2,3,8,3,3,5,4,5,13,14,3,3,3,3,4,2,3,8,11,7,6,9,4,7,12,7,,,8,7,,,4,5,5,5,4,4,1,5,1,1,12,12,3,4,4,4,3,3,5,4,8,9,5,11,,8,,,b'\x11\xe8\xe1I\xd6Z\xbf\x18\x98|\x12\xdf\x17\xaeN\x1e'
11E8E149-D65A-BF18-987C-12DF17AE4E1E,2019-ncaa-d2-natl,ncaa,65,49,118,57,152,86,84,127,54,70,105,67,141,164,110,201,112,121,153,121,171,119,178,74,76,48,221,204,181,96,57,106,40,95,33,96,151,19,19,26,127,86,76,13,,,46,80,,,46,199,267,143,66,58,103,53,101,147,180,117,127,127,94,205,84,73,63,86,15,133,72,,30,,,42,66,74,115,87,18,15,135,300,306,159,310,23,31,48,28,150,82,81,156,115,133,307,311,25,66,40,76,57,57,33,143,222,202,177,183,49,54,235,196,,,204,213,,,46,94,34,116,46,59,61,90,10,3,296,305,18,26,23,51,36,59,60,55,133,222,50,239,,223,,,b'\x11\xe8\xe1I\xd6Z\xbf\x18\x98|\x12\xdf\x17\xaeN\x1e'
11E8E149-D65A-BF18-987C-12DF17AE4E1E,2020-ncaa-d2-conf-G-MAC,ncaa,3,3,3,3,4,4,6,6,5,2,2,8,13,13,9,13,1,1,1,2,2,4,3,7,5,6,10,13,1,8,8,1,10,2,6,5,2,13,11,6,3,5,2,1,,,9,6,,,6,3,2,8,6,7,13,2,2,13,13,1,2,2,8,3,8,2,4,5,11,2,2,,7,,,6,11,8,13,1,2,2,2,13,13,6,13,3,3,4,3,6,13,12,4,3,3,13,13,3,13,10,8,8,12,6,13,13,3,5,10,13,10,12,9,,,2,2,,,6,11,7,4,6,7,5,11,1,2,13,13,2,2,2,10,13,12,4,10,12,4,10,11,,2,,,b'\x11\xe8\xe1I\xd6Z\xbf\x18\x98|\x12\xdf\x17\xaeN\x1e'
11E8E149-D65A-BF18-987C-12DF17AE4E1E,2020-ncaa-d2-natl,ncaa,95,124,54,115,101,66,83,99,77,35,42,94,222,246,152,278,7,28,18,26,69,77,62,119,62,120,222,283,19,189,204,32,143,64,128,61,79,284,235,160,55,97,78,46,,,248,152,,,166,31,23,311,77,109,180,40,65,253,277,9,36,31,130,75,225,34,93,69,262,71,92,,211,,,162,287,273,293,99,87,59,177,311,311,202,311,135,128,176,131,197,287,287,204,174,190,311,311,44,266,143,183,204,229,128,310,310,104,170,286,286,246,263,216,,,31,70,,,166,277,146,199,167,259,229,290,49,17,311,311,92,90,90,272,275,238,121,176,307,133,254,244,,44,,,b'\x11\xe8\xe1I\xd6Z\xbf\x18\x98|\x12\xdf\x17\xaeN\x1e'
11E8E149-D65A-BF18-987C-12DF17AE4E1E,2021-ncaa-d2-conf-G-MAC,ncaa,6,7,4,6,4,4,5,5,5,1,2,6,10,10,7,12,1,1,1,1,3,4,4,8,5,6,10,12,1,6,5,3,8,2,4,3,1,11,11,7,2,2,3,1,,,6,4,,,7,4,6,2,6,7,11,2,3,11,12,1,1,1,8,3,7,1,3,4,10,2,4,,4,,,7,8,6,12,2,2,2,4,12,12,4,12,4,4,11,4,7,11,11,3,4,5,12,12,2,11,8,5,5,9,4,12,12,5,8,10,10,8,12,11,,,2,1,,,7,9,6,7,7,7,6,8,1,1,12,12,4,3,3,7,8,10,3,4,11,9,8,12,,1,,,b'\x11\xe8\xe1I\xd6Z\xbf\x18\x98|\x12\xdf\x17\xaeN\x1e'
11E8E149-D65A-BF18-987C-12DF17AE4E1E,2021-ncaa-d2-natl,ncaa,44,170,12,95,12,14,13,13,28,5,7,40,66,76,89,197,2,3,44,3,82,13,9,43,35,41,181,198,57,53,133,6,64,9,58,8,35,222,121,55,19,80,31,34,,,178,27,,,74,8,41,46,29,31,86,16,40,160,186,10,27,25,67,54,150,12,56,17,149,62,76,,45,,,85,220,216,224,82,164,143,162,226,226,117,226,151,138,177,137,97,223,219,154,140,159,221,225,10,213,64,202,133,210,58,226,221,38,169,216,215,111,212,104,,,7,66,,,74,217,63,149,103,181,172,196,36,9,226,226,32,17,16,185,173,117,74,84,221,138,138,161,,36,,,b'\x11\xe8\xe1I\xd6Z\xbf\x18\x98|\x12\xdf\x17\xaeN\x1e'
11E8E149-D65A-BF18-987C-12DF17AE4E1E,2022-ncaa-d2-conf-G-MAC,ncaa,4,5,3,4,3,3,3,4,4,3,2,5,11,12,9,12,1,1,10,1,2,3,3,5,5,8,12,12,1,3,2,3,9,3,3,4,4,12,10,8,4,5,1,1,,,9,8,,,4,3,6,6,6,5,10,3,2,12,12,1,1,1,8,5,3,3,3,5,10,4,1,,8,,,4,10,3,11,1,1,5,1,12,12,6,12,9,9,12,9,9,11,10,2,4,4,12,12,8,12,9,3,2,10,3,9,11,4,7,6,10,8,12,9,,,1,1,,,4,10,6,4,4,5,2,9,1,2,12,11,9,7,9,9,9,11,2,5,6,6,8,11,,1,,,b'\x11\xe8\xe1I\xd6Z\xbf\x18\x98|\x12\xdf\x17\xaeN\x1e'
11E8E149-D65A-BF18-987C-12DF17AE4E1E,2022-ncaa-d2-natl,ncaa,108,179,30,134,37,61,57,117,15,26,55,36,217,246,98,277,50,47,107,47,125,93,71,39,38,85,274,279,94,161,151,73,168,94,107,56,117,284,244,158,70,121,45,26,,,139,42,,,161,58,216,107,124,105,278,45,134,272,288,84,108,112,255,225,235,165,219,94,218,127,59,,43,,,158,274,263,269,138,117,105,177,301,301,247,300,135,89,298,95,127,258,243,229,224,225,300,301,45,245,168,112,151,171,107,271,216,106,178,222,275,235,257,197,,,48,82,,,161,236,109,231,171,186,163,178,23,7,299,299,66,32,36,127,106,155,16,47,201,188,215,211,,129,,,b'\x11\xe8\xe1I\xd6Z\xbf\x18\x98|\x12\xdf\x17\xaeN\x1e'
11E8E149-D65A-BF18-987C-12DF17AE4E1E,2023-ncaa-d2-conf-G-MAC,ncaa,12,12,9,12,10,12,11,10,13,9,5,12,13,12,12,12,12,10,9,10,12,11,9,13,13,13,12,11,8,6,4,10,4,7,4,13,13,6,10,12,6,6,8,7,,,5,8,,,10,12,8,5,12,11,7,7,2,12,12,11,8,8,9,5,3,5,4,13,10,6,7,,8,,,10,4,3,4,8,3,2,6,9,3,11,9,9,9,11,9,11,3,2,9,10,10,12,10,10,2,4,4,4,3,4,2,3,7,6,4,5,9,8,9,,,9,10,,,10,2,11,9,11,9,7,5,4,4,10,6,10,10,10,7,6,4,8,8,4,6,9,10,,9,,,b'\x11\xe8\xe1I\xd6Z\xbf\x18\x98|\x12\xdf\x17\xaeN\x1e'
11E8E149-D65A-BF18-987C-12DF17AE4E1E,2023-ncaa-d2-natl,ncaa,241,250,148,249,150,188,164,187,115,137,142,117,196,210,156,185,249,263,129,266,277,206,210,129,144,171,244,190,245,198,178,184,62,199,129,202,232,146,191,197,137,104,246,215,,,67,102,,,247,206,228,50,211,159,199,124,129,205,209,263,274,275,239,222,201,195,210,214,162,133,251,,71,,,247,200,170,92,272,83,28,266,284,240,288,280,150,121,245,120,223,89,78,286,286,287,287,283,112,34,62,92,178,57,129,150,106,193,165,181,146,183,175,179,,,255,262,,,247,95,180,272,247,239,211,78,95,16,290,255,158,127,126,76,57,45,100,64,158,195,151,188,,270,,,b'\x11\xe8\xe1I\xd6Z\xbf\x18\x98|\x12\xdf\x17\xaeN\x1e'
11E8E149-D65A-BF18-987C-12DF17AE4E1E,2024-ncaa-d2-conf-G-MAC,ncaa,8,9,5,9,7,7,8,9,6,6,9,3,9,10,7,10,3,3,6,2,2,8,9,7,7,5,7,10,4,7,6,7,3,6,7,8,10,2,6,6,9,9,12,11,,,6,10,,,8,10,12,6,5,6,10,7,8,9,10,2,2,2,8,11,8,5,5,10,3,9,12,,9,,,8,6,7,7,8,1,1,9,12,13,10,14,5,5,9,5,11,6,3,9,9,10,14,13,6,4,3,4,6,4,7,10,12,11,10,12,1,2,7,8,,,8,7,,,8,6,5,9,8,7,6,7,1,1,11,12,7,7,7,6,4,4,6,5,11,11,1,7,,8,,,b'\x11\xe8\xe1I\xd6Z\xbf\x18\x98|\x12\xdf\x17\xaeN\x1e'
11E8E149-D65A-BF18-987C-12DF17AE4E1E,2024-ncaa-d2-natl,ncaa,136,165,78,149,93,114,111,133,101,125,190,44,106,71,184,62,149,152,134,152,111,137,165,96,102,81,120,111,185,166,183,101,77,119,117,108,118,53,58,64,184,184,244,229,,,71,58,,,138,167,269,167,147,141,209,158,244,117,76,178,179,186,213,258,197,127,163,127,37,208,269,,33,,,139,175,193,186,161,95,42,253,291,292,124,295,34,35,104,40,97,155,125,214,179,206,261,291,22,124,77,171,183,155,117,259,263,208,216,266,18,15,211,246,,,197,197,,,138,136,82,202,137,115,152,139,47,11,278,293,23,19,22,81,38,85,117,96,237,244,11,193,,255,,,b'\x11\xe8\xe1I\xd6Z\xbf\x18\x98|\x12\xdf\x17\xaeN\x1e'
11E8E149-D65A-BF18-987C-12DF17AE4E1E,2025-ncaa-d2-conf-G-MAC,genius_ncaa,5,5,5,5,7,4,4,6,3,3,2,6,7,11,4,12,4,5,2,5,7,3,6,4,3,3,12,10,5,5,4,6,5,5,4,6,10,4,2,5,7,7,8,7,,,2,4,,12,5,6,7,4,3,3,4,1,1,9,11,2,6,6,3,4,5,5,3,6,3,8,8,,4,,12,5,4,4,8,5,2,1,6,11,11,7,12,9,8,13,8,9,8,6,6,7,5,12,11,7,6,5,2,4,4,4,3,4,9,9,7,3,4,4,2,,,8,9,,11,5,8,2,5,5,4,4,6,3,2,10,12,9,8,8,5,4,5,5,3,3,9,3,4,,7,,11,b'\x11\xe8\xe1I\xd6Z\xbf\x18\x98|\x12\xdf\x17\xaeN\x1e'
11E8E149-D65A-BF18-987C-12DF17AE4E1E,2025-ncaa-d2-natl,genius_ncaa,67,47,162,56,192,92,88,147,42,83,113,56,129,174,43,195,102,140,57,129,154,142,167,41,44,31,188,178,151,139,87,122,46,123,38,139,227,55,57,83,149,115,181,137,,,34,40,,245,56,181,180,207,38,36,101,44,86,113,174,85,117,106,96,151,113,75,89,130,59,138,175,,35,,247,47,95,94,115,111,45,44,161,241,248,144,282,72,44,289,43,118,90,85,155,158,158,267,273,95,50,46,54,87,48,38,57,64,191,157,109,66,57,118,101,,,189,193,,253,56,108,30,143,53,109,107,124,51,26,249,271,83,54,53,80,74,48,67,50,67,188,63,133,,188,,261,b'\x11\xe8\xe1I\xd6Z\xbf\x18\x98|\x12\xdf\x17\xaeN\x1e'
11E8E149-D65A-BF18-987C-12DF17AE4E1E,2026-ncaa-d2-conf-G-MAC,genius_ncaa,5,7,1,7,2,5,5,5,8,4,5,4,6,4,11,6,4,2,10,3,5,4,4,9,9,6,9,10,4,3,4,5,9,4,6,1,1,7,3,2,4,6,3,3,,,7,3,,4,4,5,9,3,5,7,5,6,6,8,5,4,2,3,4,4,3,7,5,2,2,5,3,,3,,4,4,10,10,10,6,10,10,11,10,12,6,11,6,10,2,10,8,11,11,9,6,7,8,8,4,13,9,10,4,11,6,12,12,3,4,10,12,10,8,7,,,3,5,,6,4,8,4,8,6,7,8,6,7,6,9,11,4,7,7,6,8,9,9,10,12,3,10,6,,4,,7,b'\x11\xe8\xe1I\xd6Z\xbf\x18\x98|\x12\xdf\x17\xaeN\x1e'
11E8E149-D65A-BF18-987C-12DF17AE4E1E,2026-ncaa-d2-natl,genius_ncaa,157,196,59,188,84,123,120,121,140,127,139,137,105,103,129,106,172,197,93,194,224,132,131,127,135,150,155,111,219,97,112,121,147,113,118,75,52,177,170,101,181,205,101,125,,,82,40,,204,189,141,260,88,200,172,206,184,209,129,143,231,254,255,239,251,141,192,179,92,122,226,121,,25,,191,187,194,230,195,242,226,181,256,208,203,173,197,46,49,88,49,17,172,163,239,210,220,60,186,9,164,147,146,112,159,118,198,107,159,179,203,216,224,179,187,,,172,211,,213,189,161,135,219,188,133,209,140,199,118,183,167,12,11,12,77,50,122,68,84,175,217,188,160,,242,,234,b'\x11\xe8\xe1I\xd6Z\xbf\x18\x98|\x12\xdf\x17\xaeN\x1e'
11E8E149-D65F-0D98-987C-12DF17AE4E1E,2018-ncaa-d2-conf-Sunshine State,ncaa,1,1,2,1,3,1,1,1,2,1,1,3,6,7,2,10,1,1,1,1,5,1,1,3,2,1,7,9,2,5,5,5,2,4,2,4,8,3,1,1,1,1,4,4,,,7,5,,,1,1,4,2,1,1,4,1,3,7,9,1,2,2,1,5,7,9,8,6,1,1,7,,3,,,1,7,7,5,9,8,6,8,6,5,7,5,2,6,1,6,7,5,10,9,6,1,6,6,2,2,2,5,5,2,2,7,6,1,1,1,4,1,7,4,,,1,1,,,1,11,1,1,1,3,3,1,5,3,6,2,2,3,3,1,5,1,4,3,6,1,2,6,,1,,,b'\x11\xe8\xe1I\xd6_\r\x98\x98|\x12\xdf\x17\xaeN\x1e'
11E8E149-D65F-0D98-987C-12DF17AE4E1E,2018-ncaa-d2-natl,ncaa,22,18,41,22,45,40,46,94,20,23,45,40,167,235,49,281,14,31,48,27,89,75,114,40,20,9,237,269,61,200,205,155,25,176,123,122,277,31,14,49,34,27,142,145,,,154,122,,,20,92,213,101,42,49,187,27,82,218,279,19,52,49,143,235,257,260,278,183,10,46,177,,70,,,16,132,161,107,225,174,139,198,132,83,248,92,83,132,31,132,137,98,179,216,198,83,101,133,96,23,25,162,205,83,123,102,67,24,13,20,49,34,82,35,,,18,6,,,20,219,15,42,15,34,62,12,84,42,84,27,41,75,74,9,45,7,61,22,49,43,22,56,,35,,,b'\x11\xe8\xe1I\xd6_\r\x98\x98|\x12\xdf\x17\xaeN\x1e'
11E8E149-D65F-0D98-987C-12DF17AE4E1E,2019-ncaa-d2-conf-Sunshine State,ncaa,1,1,1,1,1,1,1,1,1,1,2,1,2,5,2,7,1,2,1,2,2,1,1,1,1,1,6,6,2,8,7,2,5,3,4,3,9,4,1,4,2,6,7,8,,,11,8,,,1,1,5,11,1,1,7,1,5,5,6,1,2,2,4,8,10,6,10,6,1,4,8,,8,,,1,11,9,11,5,7,10,4,10,6,11,3,11,10,8,10,8,11,11,5,6,3,10,8,9,7,5,8,7,9,4,11,8,1,1,3,2,2,4,2,,,1,1,,,1,11,1,3,1,3,4,3,4,4,6,3,8,7,7,2,5,5,4,2,5,2,1,2,,1,,,b'\x11\xe8\xe1I\xd6_\r\x98\x98|\x12\xdf\x17\xaeN\x1e'
11E8E149-D65F-0D98-987C-12DF17AE4E1E,2019-ncaa-d2-natl,ncaa,4,14,5,13,8,9,10,25,10,15,36,17,27,57,11,158,4,17,3,17,80,20,29,10,6,4,115,137,103,113,140,28,61,53,65,32,228,95,20,28,28,53,131,172,,,273,185,,,7,16,239,296,16,27,185,56,180,73,148,17,89,94,156,258,232,176,222,112,14,88,189,,117,,,11,252,220,267,97,194,259,63,247,212,236,132,250,229,254,229,146,271,291,102,112,64,223,208,203,181,61,214,140,208,65,195,142,18,37,42,81,23,157,59,,,4,16,,,7,297,3,47,7,34,31,30,35,62,110,62,111,80,80,24,45,48,16,13,60,63,15,49,,65,,,b'\x11\xe8\xe1I\xd6_\r\x98\x98|\x12\xdf\x17\xaeN\x1e'
11E8E149-D65F-0D98-987C-12DF17AE4E1E,2020-ncaa-d2-conf-Sunshine State,ncaa,3,3,3,3,3,3,3,1,6,2,2,5,5,4,4,9,6,7,1,7,11,1,2,5,5,4,8,8,8,2,2,5,6,4,5,2,3,1,1,1,1,1,7,6,,,9,9,,,3,3,8,5,2,3,1,2,1,6,7,6,9,9,1,4,2,8,4,2,1,1,8,,9,,,3,2,2,2,3,3,2,4,4,6,3,8,7,9,2,10,10,3,9,4,4,2,9,5,10,6,6,8,2,8,5,5,10,1,1,1,1,1,8,7,,,5,6,,,3,10,3,2,3,2,2,1,3,2,3,4,7,9,9,1,3,6,6,6,4,1,1,8,,6,,,b'\x11\xe8\xe1I\xd6_\r\x98\x98|\x12\xdf\x17\xaeN\x1e'
11E8E149-D65F-0D98-987C-12DF17AE4E1E,2020-ncaa-d2-natl,ncaa,69,100,17,91,24,68,43,56,71,36,47,90,109,129,72,183,165,218,32,218,291,67,103,78,80,62,221,171,261,120,155,127,53,123,126,27,56,86,42,23,65,67,197,175,,,285,294,,,65,93,257,63,114,75,131,69,103,148,185,221,269,269,171,236,171,229,221,41,29,98,222,,254,,,69,172,111,86,170,113,76,210,133,171,95,187,274,280,132,282,300,132,198,170,189,107,243,127,283,62,53,220,155,157,126,168,231,40,36,69,49,28,146,79,,,88,114,,,65,231,67,80,61,66,39,7,54,14,88,95,239,241,248,14,45,21,120,63,106,67,20,101,,169,,,b'\x11\xe8\xe1I\xd6_\r\x98\x98|\x12\xdf\x17\xaeN\x1e'
11E8E149-D65F-0D98-987C-12DF17AE4E1E,2021-ncaa-d2-conf-Sunshine State,ncaa,2,3,4,2,4,3,4,4,3,5,4,4,3,4,2,2,4,5,1,5,6,4,4,3,3,2,2,2,6,5,6,4,3,4,6,5,4,4,1,2,2,1,4,6,,,3,3,,,2,4,4,3,3,3,3,3,6,2,3,6,6,6,3,6,6,6,7,4,1,1,6,,2,,,2,4,4,4,5,4,4,6,3,4,2,4,4,3,4,3,4,4,4,5,4,1,1,2,4,4,3,4,6,4,6,4,3,3,1,2,3,2,2,2,,,3,4,,,2,4,3,1,2,2,3,2,6,2,2,2,3,2,3,2,4,2,5,4,5,1,2,2,,4,,,b'\x11\xe8\xe1I\xd6_\r\x98\x98|\x12\xdf\x17\xaeN\x1e'
11E8E149-D65F-0D98-987C-12DF17AE4E1E,2021-ncaa-d2-natl,ncaa,140,24,202,63,202,196,196,201,136,203,204,166,172,185,31,51,209,211,102,211,192,204,206,102,118,79,38,25,202,209,160,201,92,203,151,198,121,16,28,50,187,40,206,174,,,17,36,,,75,205,148,4,95,92,58,147,111,22,42,192,194,197,81,124,127,98,108,105,22,42,175,,43,,,54,19,20,19,84,21,19,127,19,22,24,137,17,15,94,16,63,19,20,75,64,39,54,81,65,20,92,26,160,22,151,21,148,196,28,49,15,29,11,28,,,204,86,,,75,22,86,32,49,42,68,78,103,81,55,111,42,43,48,53,115,93,192,172,106,34,20,23,,104,,,b'\x11\xe8\xe1I\xd6_\r\x98\x98|\x12\xdf\x17\xaeN\x1e'
11E8E149-D65F-0D98-987C-12DF17AE4E1E,2022-ncaa-d2-conf-Sunshine State,ncaa,2,3,1,3,1,1,1,1,4,3,3,6,1,2,1,4,4,4,1,4,7,1,1,4,4,3,4,4,7,3,6,3,2,2,7,1,3,1,1,1,2,5,8,10,,,10,9,,,3,1,11,3,2,4,4,5,5,2,4,6,7,7,4,6,4,10,10,2,1,5,10,,5,,,3,10,10,9,8,9,9,10,3,3,3,2,10,10,8,9,8,9,11,6,6,4,2,2,7,5,2,11,6,11,7,8,6,1,1,3,5,2,4,4,,,1,3,,,3,11,2,4,3,4,4,1,7,3,1,2,6,6,6,1,2,2,6,5,5,3,1,3,,3,,,b'\x11\xe8\xe1I\xd6_\r\x98\x98|\x12\xdf\x17\xaeN\x1e'
11E8E149-D65F-0D98-987C-12DF17AE4E1E,2022-ncaa-d2-natl,ncaa,51,81,30,68,32,56,65,61,113,103,114,133,29,37,49,70,61,95,20,90,118,62,79,77,74,54,45,52,146,110,158,143,110,127,174,37,38,89,43,25,63,78,169,172,,,278,273,,,60,80,274,27,101,137,167,209,229,51,69,114,176,169,176,242,178,275,253,59,28,118,205,,204,,,62,205,172,137,217,201,142,243,76,117,48,108,279,272,216,273,271,167,209,196,220,147,132,46,270,107,110,233,158,196,174,180,167,42,33,65,139,88,92,79,,,29,31,,,60,220,47,125,62,61,37,6,84,24,33,43,225,210,216,15,33,45,115,72,91,84,68,45,,89,,,b'\x11\xe8\xe1I\xd6_\r\x98\x98|\x12\xdf\x17\xaeN\x1e'
11E8E149-D65F-0D98-987C-12DF17AE4E1E,2023-ncaa-d2-conf-Sunshine State,ncaa,5,5,4,5,5,5,6,3,8,8,2,9,4,4,5,6,3,6,1,5,9,4,3,8,8,7,4,5,4,1,3,4,6,3,3,6,9,7,5,6,3,3,9,8,,,7,3,,,5,5,6,9,6,8,4,8,4,6,6,5,7,6,4,6,1,4,3,9,5,4,9,,5,,,5,5,6,7,5,9,7,8,4,6,3,6,5,6,1,6,6,7,7,5,4,4,3,4,4,6,6,7,3,7,3,10,9,5,5,7,8,7,7,5,,,5,5,,,5,7,6,4,5,4,5,4,7,5,3,6,5,6,6,3,6,5,7,7,9,6,7,6,,5,,,b'\x11\xe8\xe1I\xd6_\r\x98\x98|\x12\xdf\x17\xaeN\x1e'
11E8E149-D65F-0D98-987C-12DF17AE4E1E,2023-ncaa-d2-natl,ncaa,120,139,110,133,135,102,109,120,122,120,112,128,108,122,92,145,101,157,16,152,179,122,128,111,97,99,121,137,129,103,109,151,71,132,107,129,157,124,122,130,74,61,207,199,,,151,161,,,136,136,153,208,101,114,109,138,127,107,125,113,173,167,120,148,107,194,153,143,121,78,220,,131,,,136,190,203,116,268,191,88,279,212,192,217,222,122,143,39,144,190,122,143,274,264,227,146,201,83,51,71,150,109,110,107,267,261,110,97,206,153,132,105,78,,,124,115,,,136,165,94,195,134,187,204,73,182,49,210,183,97,124,124,73,96,49,122,79,260,112,135,86,,124,,,b'\x11\xe8\xe1I\xd6_\r\x98\x98|\x12\xdf\x17\xaeN\x1e'
11E8E149-D65F-0D98-987C-12DF17AE4E1E,2024-ncaa-d2-conf-Sunshine State,ncaa,6,8,4,8,5,6,6,5,7,7,5,9,7,6,4,8,7,7,5,7,8,6,7,6,6,5,6,5,8,5,7,4,8,5,7,6,6,2,2,6,10,11,4,4,,,2,2,,,8,6,10,6,8,7,6,7,4,6,7,8,8,7,7,9,6,6,5,7,2,10,4,,2,,,8,7,8,9,7,9,8,7,7,6,9,7,3,3,4,3,3,9,7,7,7,8,3,6,2,7,8,9,7,9,7,8,6,10,11,10,3,6,3,4,,,7,5,,,8,6,5,9,7,6,10,8,8,7,7,6,3,4,4,6,6,8,5,7,7,11,3,2,,6,,,b'\x11\xe8\xe1I\xd6_\r\x98\x98|\x12\xdf\x17\xaeN\x1e'
11E8E149-D65F-0D98-987C-12DF17AE4E1E,2024-ncaa-d2-natl,ncaa,115,131,78,126,82,139,129,122,148,164,147,175,94,103,83,111,186,175,201,160,187,126,160,138,150,111,102,72,216,126,161,101,105,105,135,105,88,41,52,56,236,253,79,86,,,91,72,,,162,182,287,36,184,170,192,201,192,101,128,230,211,197,201,254,145,127,139,123,29,262,87,,45,,,159,173,213,189,173,214,204,169,153,146,157,132,90,86,148,87,51,176,133,162,147,198,71,141,60,160,105,203,161,199,135,154,85,225,244,229,82,99,81,82,,,120,86,,,162,132,109,206,151,113,164,149,182,170,125,110,62,64,66,114,45,117,160,129,116,262,65,61,,159,,,b'\x11\xe8\xe1I\xd6_\r\x98\x98|\x12\xdf\x17\xaeN\x1e'
11E8E149-D65F-0D98-987C-12DF17AE4E1E,2025-ncaa-d2-conf-Sunshine State,genius_ncaa,8,7,9,8,9,6,5,4,5,7,8,6,4,4,5,4,10,9,6,9,8,5,8,4,6,5,4,3,10,6,6,8,7,6,8,7,7,3,4,4,6,6,4,4,,,4,4,,8,7,8,2,1,1,1,1,6,6,3,4,9,8,8,2,3,6,6,5,5,5,5,3,,6,,8,7,9,9,6,9,6,5,9,11,7,11,7,3,3,10,3,4,6,5,10,10,10,9,9,4,5,7,7,6,5,8,11,11,7,7,11,6,6,2,1,,,10,10,,8,7,5,5,10,6,10,11,11,9,8,11,8,4,3,3,10,9,6,9,8,11,7,8,2,,10,,8,b'\x11\xe8\xe1I\xd6_\r\x98\x98|\x12\xdf\x17\xaeN\x1e'
11E8E149-D65F-0D98-987C-12DF17AE4E1E,2025-ncaa-d2-natl,genius_ncaa,187,180,207,191,209,133,139,163,109,170,208,103,79,91,74,69,177,181,129,186,124,162,212,86,89,62,74,71,194,179,192,174,91,186,154,115,117,31,35,47,219,198,131,116,,,41,64,,164,176,216,168,67,64,76,81,140,182,54,62,129,138,142,92,154,150,120,137,80,48,206,116,,70,,188,174,199,208,129,266,152,102,231,258,183,295,226,75,62,255,49,69,101,72,280,275,286,202,260,44,66,91,148,192,95,154,288,292,239,229,294,82,113,31,37,,,231,209,,141,176,88,63,268,169,254,264,215,212,159,277,221,102,78,71,181,131,92,206,157,293,224,115,27,,208,,128,b'\x11\xe8\xe1I\xd6_\r\x98\x98|\x12\xdf\x17\xaeN\x1e'
11E8E149-D65F-0D98-987C-12DF17AE4E1E,2026-ncaa-d2-conf-Sunshine State,genius_ncaa,3,1,9,1,9,7,8,9,3,8,8,3,7,9,4,5,3,4,3,4,3,9,10,3,3,2,4,7,5,2,1,9,1,6,1,8,5,1,1,1,4,2,6,6,,,1,2,,1,1,10,4,4,1,1,1,2,2,1,1,1,2,2,1,2,1,1,1,1,4,2,5,,2,,2,1,1,1,1,5,3,2,6,1,1,2,3,1,1,2,1,2,1,2,4,4,2,1,3,2,1,1,3,1,1,1,3,10,7,3,3,2,3,8,11,,,7,5,,6,1,2,1,1,1,2,3,4,9,7,2,3,1,1,1,3,6,1,6,3,6,4,5,10,,2,,6,b'\x11\xe8\xe1I\xd6_\r\x98\x98|\x12\xdf\x17\xaeN\x1e'
11E8E149-D65F-0D98-987C-12DF17AE4E1E,2026-ncaa-d2-natl,genius_ncaa,30,13,141,24,170,58,69,110,38,105,156,35,36,59,66,66,75,80,116,81,67,102,154,24,27,6,72,79,153,69,45,106,2,89,10,37,44,28,3,2,98,57,113,115,,,23,6,,140,5,174,130,88,5,11,26,51,131,13,19,43,52,54,23,75,42,35,13,8,6,79,104,,2,,170,5,80,129,103,198,183,142,237,34,76,36,99,20,27,28,25,8,81,83,161,95,90,3,51,10,10,2,124,45,69,10,116,95,163,93,121,27,7,191,216,,,137,111,,111,5,122,4,44,5,55,146,108,225,183,28,59,8,10,9,45,55,3,136,31,119,136,10,219,,88,,115,b'\x11\xe8\xe1I\xd6_\r\x98\x98|\x12\xdf\x17\xaeN\x1e'
11E8E149-D663-E94E-987C-12DF17AE4E1E,2018-ncaa-d2-conf-Peach Belt,ncaa,4,3,5,4,5,5,5,10,3,4,8,4,12,12,6,12,4,6,3,6,5,10,8,3,3,3,11,12,4,12,7,2,1,3,2,4,4,6,10,4,12,12,3,4,,,2,1,,,4,7,8,5,4,5,11,3,7,12,12,4,5,5,9,9,10,1,2,4,7,12,2,,1,,,4,1,4,11,1,4,10,2,6,8,3,8,1,1,4,1,1,9,6,1,1,3,4,9,2,7,1,1,7,1,2,9,11,12,12,11,7,8,4,4,,,4,1,,,4,6,4,4,4,1,6,12,6,9,6,8,2,2,2,11,4,4,2,3,8,12,7,4,,2,,,b'\x11\xe8\xe1I\xd6c\xe9N\x98|\x12\xdf\x17\xaeN\x1e'
11E8E149-D663-E94E-987C-12DF17AE4E1E,2018-ncaa-d2-natl,ncaa,88,63,206,77,213,158,131,214,41,65,108,54,296,300,209,300,153,147,181,158,208,204,197,96,98,125,302,304,132,202,136,60,108,110,54,109,107,153,211,127,241,249,50,63,,,23,15,,,87,198,135,55,107,76,180,24,41,296,302,108,102,109,167,143,179,6,34,70,211,233,38,,27,,,84,50,102,216,26,137,246,30,64,115,41,88,18,28,42,32,6,172,125,18,8,49,28,101,34,202,108,38,136,92,54,216,276,262,280,282,181,229,164,117,,,122,53,,,87,110,130,64,84,99,163,284,194,293,97,145,21,36,43,262,207,234,77,136,242,263,220,176,,57,,,b'\x11\xe8\xe1I\xd6c\xe9N\x98|\x12\xdf\x17\xaeN\x1e'
11E8E149-D663-E94E-987C-12DF17AE4E1E,2019-ncaa-d2-conf-Peach Belt,ncaa,3,2,5,3,5,5,5,7,3,4,6,3,11,11,5,11,6,5,12,5,7,7,7,3,3,3,12,12,11,9,6,2,3,5,3,3,3,5,5,3,8,7,2,1,,,1,2,,,4,8,10,1,5,3,6,3,4,11,11,6,5,5,6,7,8,2,3,3,6,8,1,,2,,,4,2,2,8,3,2,7,3,10,10,12,10,1,1,9,1,2,7,5,4,3,5,10,11,1,2,3,3,6,3,3,7,9,9,9,11,3,4,1,1,,,6,3,,,4,5,3,4,4,2,3,10,2,7,10,10,2,2,2,6,2,4,4,3,8,10,4,1,,6,,,b'\x11\xe8\xe1I\xd6c\xe9N\x98|\x12\xdf\x17\xaeN\x1e'
11E8E149-D663-E94E-987C-12DF17AE4E1E,2019-ncaa-d2-natl,ncaa,48,49,76,48,75,99,77,108,56,44,51,74,233,245,171,281,148,62,305,62,153,96,98,104,149,140,289,272,205,67,51,42,139,46,49,47,54,184,131,67,102,123,23,24,,,73,28,,,75,118,220,11,126,76,140,30,55,261,275,186,74,74,110,133,71,29,33,40,142,125,22,,31,,,76,118,135,251,30,99,229,13,244,219,213,190,35,53,55,55,31,215,197,46,28,42,207,276,45,253,139,120,51,183,49,244,275,153,201,217,162,113,24,10,,,53,48,,,75,185,107,70,79,66,85,224,64,210,223,200,24,35,37,166,155,222,64,134,209,196,119,20,,55,,,b'\x11\xe8\xe1I\xd6c\xe9N\x98|\x12\xdf\x17\xaeN\x1e'
11E8E149-D663-E94E-987C-12DF17AE4E1E,2020-ncaa-d2-conf-Peach Belt,ncaa,11,11,9,11,9,7,6,5,8,6,5,9,11,11,6,11,8,7,8,7,11,6,9,9,9,7,12,11,6,11,11,5,6,7,10,7,7,2,5,4,7,6,11,11,,,6,5,,,9,6,3,3,6,6,4,5,2,11,11,7,6,6,4,4,9,2,3,5,4,6,11,,11,,,9,7,5,7,6,7,7,9,2,7,1,7,10,8,9,7,8,7,6,5,4,6,7,2,9,6,6,8,11,7,10,5,6,9,9,9,5,7,9,8,,,11,9,,,9,6,8,6,8,12,9,11,12,12,5,10,12,11,11,12,10,10,11,11,7,6,8,10,,9,,,b'\x11\xe8\xe1I\xd6c\xe9N\x98|\x12\xdf\x17\xaeN\x1e'
11E8E149-D663-E94E-987C-12DF17AE4E1E,2020-ncaa-d2-natl,ncaa,254,254,223,260,225,209,177,168,190,110,60,227,272,281,189,291,189,166,228,162,253,167,176,229,231,214,289,276,153,217,256,129,148,178,234,181,166,127,144,156,103,104,230,251,,,147,135,,,209,159,54,29,171,130,71,45,17,271,286,151,126,124,76,73,186,47,101,154,168,78,229,,191,,,209,160,172,173,161,223,202,190,74,116,51,101,148,164,97,151,126,175,161,129,123,132,57,65,145,183,148,252,256,234,234,153,138,145,154,145,188,190,246,206,,,259,280,,,209,154,224,136,199,220,230,259,259,268,107,159,186,197,187,261,267,224,291,284,197,107,224,269,,245,,,b'\x11\xe8\xe1I\xd6c\xe9N\x98|\x12\xdf\x17\xaeN\x1e'
11E8E149-D663-E94E-987C-12DF17AE4E1E,2021-ncaa-d2-conf-Peach Belt,ncaa,4,7,4,5,5,4,4,4,3,4,4,4,4,6,5,9,7,7,6,7,11,4,4,3,3,3,10,7,11,6,9,3,5,5,6,3,6,5,3,3,5,6,5,6,,,3,1,,,8,4,6,7,4,4,2,3,2,7,9,10,9,9,6,7,9,3,5,3,4,6,6,,1,,,7,11,11,10,11,10,8,10,12,12,10,12,3,3,9,3,2,10,9,11,9,10,7,11,1,9,5,7,9,7,6,12,11,6,10,11,7,6,4,3,,,9,12,,,8,9,4,9,6,11,12,11,8,5,11,12,2,1,1,11,9,7,8,7,12,10,7,3,,11,,,b'\x11\xe8\xe1I\xd6c\xe9N\x98|\x12\xdf\x17\xaeN\x1e'
11E8E149-D663-E94E-987C-12DF17AE4E1E,2021-ncaa-d2-natl,ncaa,106,95,144,98,149,140,128,140,59,108,123,77,144,165,51,167,176,175,173,172,211,145,148,66,92,88,197,135,214,136,121,137,113,140,114,110,80,70,78,52,128,104,127,110,,,37,5,,,148,150,86,64,83,46,69,41,39,114,154,199,183,183,89,95,110,61,79,41,88,93,112,,10,,,141,94,106,90,161,89,77,172,146,132,162,211,41,37,149,38,18,83,80,179,156,170,137,210,3,83,113,79,121,77,114,153,198,154,157,208,75,108,34,13,,,187,222,,,148,80,88,174,134,177,191,187,151,114,213,218,15,9,12,172,148,137,141,145,211,141,122,20,,219,,,b'\x11\xe8\xe1I\xd6c\xe9N\x98|\x12\xdf\x17\xaeN\x1e'
11E8E149-D663-E94E-987C-12DF17AE4E1E,2022-ncaa-d2-conf-Peach Belt,ncaa,7,8,3,7,5,5,4,2,4,2,1,4,4,7,4,7,10,10,6,10,10,5,5,4,4,4,10,7,10,10,10,3,8,6,10,3,5,4,3,2,8,7,3,5,,,5,2,,,7,4,1,6,5,2,2,2,2,6,8,10,10,10,4,4,10,2,8,3,3,7,3,,5,,,7,10,10,9,4,10,9,4,9,7,6,4,8,6,10,6,6,9,8,4,4,7,6,6,5,9,8,10,10,10,10,9,7,6,8,7,3,5,6,5,,,9,10,,,7,8,4,8,7,10,10,10,10,10,7,8,9,7,7,10,10,9,10,10,8,6,2,6,,10,,,b'\x11\xe8\xe1I\xd6c\xe9N\x98|\x12\xdf\x17\xaeN\x1e'
11E8E149-D663-E94E-987C-12DF17AE4E1E,2022-ncaa-d2-natl,ncaa,150,225,47,187,53,58,27,29,59,16,13,66,171,178,160,252,224,231,154,239,298,49,50,91,127,113,292,254,295,227,289,28,200,73,266,31,107,201,103,50,82,166,33,72,,,187,29,,,190,22,22,169,72,19,30,9,13,217,230,279,277,281,67,94,274,22,141,33,122,122,43,,109,,,182,288,289,291,118,287,289,121,238,263,108,124,249,219,252,226,74,293,287,114,114,150,96,126,112,295,200,299,289,301,266,286,202,77,201,212,231,150,225,96,,,185,292,,,190,281,162,172,175,257,260,294,256,282,179,218,186,161,168,289,284,265,291,291,248,136,173,180,,281,,,b'\x11\xe8\xe1I\xd6c\xe9N\x98|\x12\xdf\x17\xaeN\x1e'
11E8E149-D663-E94E-987C-12DF17AE4E1E,2023-ncaa-d2-conf-Peach Belt,ncaa,10,10,7,10,7,10,10,9,9,10,8,9,6,7,5,2,9,9,8,9,9,9,9,9,9,10,5,3,9,9,9,4,5,7,8,8,5,9,10,10,10,10,9,9,,,2,1,,,10,8,6,2,10,10,10,10,9,5,5,9,9,9,10,8,9,2,6,7,10,10,8,,1,,,10,5,7,7,6,8,7,8,7,7,4,7,2,2,3,2,1,7,3,6,4,9,2,6,2,6,5,8,9,7,8,8,9,10,10,10,10,10,2,4,,,9,10,,,10,3,10,10,10,8,9,10,9,10,6,9,3,3,3,10,5,6,9,8,9,10,10,2,,10,,,b'\x11\xe8\xe1I\xd6c\xe9N\x98|\x12\xdf\x17\xaeN\x1e'
11E8E149-D663-E94E-987C-12DF17AE4E1E,2023-ncaa-d2-natl,ncaa,256,288,68,269,79,180,169,144,206,176,110,249,134,164,67,176,248,236,233,230,261,160,138,191,222,227,171,101,251,229,272,41,130,89,206,192,215,214,216,227,291,296,222,266,,,61,24,,,278,114,202,86,259,231,227,228,167,152,205,276,273,269,254,233,252,24,112,242,183,296,243,,29,,,269,251,261,271,147,270,262,176,183,235,72,143,169,153,216,151,64,270,208,132,127,239,68,113,90,234,130,270,272,269,206,245,172,281,297,295,281,273,145,111,,,222,266,,,278,195,252,254,267,229,249,274,253,254,160,207,131,109,106,267,148,210,261,252,223,296,261,112,,279,,,b'\x11\xe8\xe1I\xd6c\xe9N\x98|\x12\xdf\x17\xaeN\x1e'
11E8E149-D663-E94E-987C-12DF17AE4E1E,2024-ncaa-d2-conf-Peach Belt,ncaa,7,8,5,7,7,6,7,7,6,8,7,8,2,4,1,4,6,9,1,9,7,7,8,6,5,4,1,1,5,7,10,2,2,6,7,3,2,1,2,1,8,9,8,10,,,4,4,,,7,6,5,9,6,7,4,9,6,1,4,5,8,8,4,8,8,1,5,2,2,9,9,,4,,,7,8,10,9,5,9,9,6,7,9,6,6,5,4,6,4,4,9,5,5,5,8,3,4,2,5,2,9,10,9,7,8,7,8,9,9,2,4,5,5,,,9,9,,,7,5,5,7,7,7,8,10,8,10,6,8,4,4,4,9,6,4,10,9,7,9,3,5,,9,,,b'\x11\xe8\xe1I\xd6c\xe9N\x98|\x12\xdf\x17\xaeN\x1e'
11E8E149-D663-E94E-987C-12DF17AE4E1E,2024-ncaa-d2-natl,ncaa,187,212,117,198,157,145,169,125,225,216,157,255,70,89,56,85,131,156,68,149,142,125,152,180,165,126,34,45,126,211,264,62,119,115,224,130,76,64,62,88,243,269,249,278,,,135,95,,,176,136,117,227,153,191,116,250,173,49,81,131,163,160,127,187,228,33,108,129,69,257,266,,117,,,173,193,197,228,100,224,248,99,97,135,59,79,192,194,149,190,104,234,186,79,79,161,77,73,166,201,119,273,264,257,224,135,81,230,269,228,55,56,131,136,,,187,193,,,176,176,156,176,166,186,189,252,230,266,89,128,177,175,174,247,181,185,278,268,127,256,54,119,,217,,,b'\x11\xe8\xe1I\xd6c\xe9N\x98|\x12\xdf\x17\xaeN\x1e'
11E8E149-D663-E94E-987C-12DF17AE4E1E,2025-ncaa-d2-conf-Peach Belt,genius_ncaa,6,4,6,6,6,4,5,6,8,9,9,7,2,3,4,2,1,1,1,1,1,5,6,3,3,3,1,2,1,4,2,5,7,6,4,4,3,3,2,3,6,6,10,10,,,8,10,,1,5,5,5,2,3,7,3,9,7,2,2,1,1,1,2,3,3,7,3,3,4,6,10,,9,,1,5,8,6,5,10,7,6,10,2,2,9,2,10,10,4,10,10,5,4,9,9,10,7,2,8,3,7,4,2,3,4,5,4,6,6,6,2,2,5,8,,,4,3,,7,5,5,2,10,5,9,8,4,8,7,4,2,10,10,10,7,5,5,5,4,4,7,2,7,,2,,7,b'\x11\xe8\xe1I\xd6c\xe9N\x98|\x12\xdf\x17\xaeN\x1e'
11E8E149-D663-E94E-987C-12DF17AE4E1E,2025-ncaa-d2-natl,genius_ncaa,160,159,162,166,169,95,150,114,213,190,174,205,70,59,144,71,20,27,33,27,10,92,110,189,128,105,17,87,13,53,67,180,196,119,144,143,140,91,64,114,186,202,261,279,,,251,262,,13,150,131,86,55,42,135,56,204,176,62,37,7,16,16,34,61,44,175,85,135,104,179,265,,257,,8,151,224,193,134,249,246,223,201,68,27,256,13,287,292,140,292,263,179,167,221,245,237,88,35,268,179,196,163,67,163,144,145,95,155,178,155,60,32,177,215,,,70,54,,212,150,172,75,240,153,249,220,151,255,262,68,26,289,286,287,232,216,194,191,184,166,150,56,199,,34,,214,b'\x11\xe8\xe1I\xd6c\xe9N\x98|\x12\xdf\x17\xaeN\x1e'
11E8E149-D663-E94E-987C-12DF17AE4E1E,2026-ncaa-d2-conf-Peach Belt,genius_ncaa,8,8,1,8,2,5,3,4,3,7,8,2,1,1,6,1,10,10,1,10,9,7,4,2,3,6,3,2,11,6,9,1,3,4,4,2,4,10,9,6,9,11,8,10,,,10,9,,8,8,4,6,3,6,4,6,8,10,2,2,11,11,11,9,6,8,3,6,3,8,11,9,,9,,8,8,10,7,9,4,8,7,9,6,10,1,9,10,10,2,10,10,11,6,3,3,9,6,5,9,7,3,8,9,6,4,9,5,9,10,9,9,10,5,6,,,9,11,,9,8,7,8,10,8,8,5,7,6,4,5,10,10,10,10,9,3,6,5,4,6,11,9,5,,11,,9,b'\x11\xe8\xe1I\xd6c\xe9N\x98|\x12\xdf\x17\xaeN\x1e'
11E8E149-D663-E94E-987C-12DF17AE4E1E,2026-ncaa-d2-natl,genius_ncaa,107,196,13,157,27,14,17,31,35,29,61,33,19,19,72,78,35,54,55,60,123,35,23,28,23,60,100,97,171,17,23,54,58,23,29,17,82,286,209,122,109,186,203,248,,,285,279,,42,122,30,105,88,30,43,102,80,183,43,61,89,130,140,100,63,48,183,94,49,231,195,253,,254,,26,132,281,263,226,284,267,220,282,220,205,220,116,294,296,112,295,289,265,253,280,286,286,170,99,246,121,58,196,23,166,29,253,120,92,190,206,286,244,179,131,,,57,228,,288,122,265,38,272,151,261,215,60,218,94,164,114,284,288,287,140,101,39,41,22,186,206,257,123,,178,,294,b'\x11\xe8\xe1I\xd6c\xe9N\x98|\x12\xdf\x17\xaeN\x1e'
11E8E149-D668-56A0-987C-12DF17AE4E1E,2018-ncaa-d2-conf-Sunshine State,ncaa,7,7,5,7,6,6,9,6,10,6,2,9,11,9,11,11,2,2,10,2,2,4,5,11,10,9,8,11,1,1,1,11,6,3,4,10,10,5,3,10,6,6,10,8,,,8,11,,,7,7,6,6,8,10,5,5,4,11,10,2,1,1,2,2,1,10,3,10,4,7,10,,9,,,7,4,3,1,8,4,1,11,7,9,5,11,6,8,4,8,11,2,3,11,10,7,8,8,8,3,6,7,1,5,4,9,10,4,4,5,3,2,10,8,,,2,2,,,7,5,8,6,7,6,4,4,4,1,8,9,8,9,9,5,4,4,7,6,8,4,3,10,,2,,,b'\x11\xe8\xe1I\xd6hV\xa0\x98|\x12\xdf\x17\xaeN\x1e'
11E8E149-D668-56A0-987C-12DF17AE4E1E,2018-ncaa-d2-natl,ncaa,213,179,250,212,258,258,253,257,206,182,173,204,300,296,272,286,185,122,280,131,108,239,259,234,240,212,270,286,59,110,38,286,80,238,75,295,305,36,93,258,209,114,274,242,,,76,252,,,176,290,282,126,237,232,216,131,95,295,291,113,60,62,180,210,48,281,181,297,70,169,273,,165,,,177,30,29,10,250,24,7,261,121,76,247,235,65,89,49,88,265,12,14,269,263,207,231,235,167,6,80,27,38,14,75,93,235,197,66,149,18,48,119,129,,,212,80,,,176,17,171,175,183,91,78,10,61,7,184,128,123,159,159,14,14,22,85,45,159,132,45,163,,121,,,b'\x11\xe8\xe1I\xd6hV\xa0\x98|\x12\xdf\x17\xaeN\x1e'
11E8E149-D668-56A0-987C-12DF17AE4E1E,2019-ncaa-d2-conf-Sunshine State,ncaa,10,10,9,10,11,9,9,9,7,7,5,8,11,10,7,11,7,4,11,5,8,9,9,8,8,9,10,11,4,4,4,10,4,10,7,10,10,2,6,8,8,4,10,10,,,3,7,,,7,10,7,9,9,9,8,6,2,11,10,6,3,4,8,6,4,9,6,10,7,6,10,,4,,,7,2,2,1,7,2,1,11,5,4,4,11,5,6,4,6,9,1,1,9,9,7,8,5,7,1,4,2,4,1,7,4,7,6,4,5,3,5,3,4,,,6,3,,,7,2,9,5,7,5,5,1,5,1,7,7,7,8,9,1,2,1,7,6,7,6,6,5,,3,,,b'\x11\xe8\xe1I\xd6hV\xa0\x98|\x12\xdf\x17\xaeN\x1e'
11E8E149-D668-56A0-987C-12DF17AE4E1E,2019-ncaa-d2-natl,ncaa,232,259,118,244,141,224,216,198,225,204,129,270,211,251,85,247,217,171,265,168,195,197,209,231,241,220,187,185,155,120,94,206,70,169,96,217,184,82,126,169,170,137,273,258,,,117,201,,,176,236,294,120,268,251,250,223,132,217,270,229,180,174,242,268,111,240,183,239,81,192,283,,99,,,176,67,71,60,183,73,36,226,159,173,135,258,97,134,47,144,241,59,58,200,182,181,217,229,155,40,70,116,94,71,96,136,213,197,136,176,122,160,122,94,,,172,116,,,176,73,207,152,180,60,59,23,59,13,164,168,89,125,134,26,17,33,96,66,123,217,112,107,,190,,,b'\x11\xe8\xe1I\xd6hV\xa0\x98|\x12\xdf\x17\xaeN\x1e'
11E8E149-D668-56A0-987C-12DF17AE4E1E,2020-ncaa-d2-conf-Sunshine State,ncaa,6,6,5,6,8,6,9,4,10,10,9,9,2,1,7,1,8,11,3,11,9,6,7,7,7,7,1,1,9,5,7,10,9,9,10,6,5,7,6,6,5,5,6,7,,,3,3,,,8,7,5,10,7,9,3,10,9,2,1,10,11,11,3,5,4,11,10,6,6,5,6,,2,,,8,6,9,7,9,9,5,10,6,7,7,5,2,4,3,4,3,7,7,9,7,6,2,4,1,9,9,11,7,10,10,10,7,4,4,6,4,4,2,3,,,8,10,,,8,5,8,8,8,6,9,6,9,6,6,6,2,3,3,6,8,9,10,10,10,4,4,2,,9,,,b'\x11\xe8\xe1I\xd6hV\xa0\x98|\x12\xdf\x17\xaeN\x1e'
11E8E149-D668-56A0-987C-12DF17AE4E1E,2020-ncaa-d2-natl,ncaa,159,182,54,167,74,140,136,90,184,188,182,168,55,44,123,45,227,252,81,246,252,123,126,151,161,156,73,43,272,183,237,198,201,211,253,64,30,160,148,92,82,85,145,164,,,124,78,,,184,108,198,171,189,181,163,239,245,69,54,265,283,282,196,216,219,266,280,72,117,102,173,,69,,,182,225,252,183,267,262,195,264,168,154,192,135,104,123,87,127,110,178,199,258,230,195,60,120,66,173,201,246,237,226,253,277,238,85,97,174,146,136,12,12,,,231,276,,,184,202,177,188,183,154,211,106,222,133,135,110,71,82,86,78,107,130,192,174,237,109,110,6,,286,,,b'\x11\xe8\xe1I\xd6hV\xa0\x98|\x12\xdf\x17\xaeN\x1e'
11E8E149-D668-56A0-987C-12DF17AE4E1E,2021-ncaa-d2-conf-Sunshine State,ncaa,5,5,3,6,3,4,5,3,5,6,6,3,2,1,6,1,5,4,7,4,3,3,3,4,4,6,1,1,7,3,5,3,7,3,7,2,2,5,7,5,1,4,1,2,,,5,4,,,7,3,1,6,5,5,4,7,7,1,1,7,7,7,5,3,5,5,5,3,7,3,1,,4,,,7,5,5,5,6,5,5,4,6,5,7,5,5,5,5,5,3,5,5,6,6,7,6,7,3,5,7,5,5,5,7,5,6,4,4,7,6,7,4,4,,,4,7,,,7,5,7,7,7,7,7,6,5,6,7,6,4,4,4,6,7,5,7,6,6,4,7,3,,7,,,b'\x11\xe8\xe1I\xd6hV\xa0\x98|\x12\xdf\x17\xaeN\x1e'
11E8E149-D668-56A0-987C-12DF17AE4E1E,2021-ncaa-d2-natl,ncaa,175,66,195,158,198,198,197,195,202,211,212,156,159,143,177,1,211,210,210,210,132,197,197,179,189,195,7,2,220,196,159,196,161,197,186,188,39,33,180,148,175,64,113,27,,,27,56,,,173,195,52,121,174,179,73,217,220,18,4,222,216,214,100,74,107,89,88,99,190,52,19,,86,,,193,33,34,33,111,26,32,45,61,39,224,138,25,25,104,25,53,32,30,143,121,131,189,215,42,32,161,35,159,33,186,37,167,198,121,153,47,204,16,91,,,206,216,,,173,32,200,145,194,168,166,180,99,160,215,166,69,72,79,176,169,172,210,201,184,97,205,31,,213,,,b'\x11\xe8\xe1I\xd6hV\xa0\x98|\x12\xdf\x17\xaeN\x1e'
11E8E149-D668-56A0-987C-12DF17AE4E1E,2022-ncaa-d2-conf-Sunshine State,ncaa,11,9,11,11,11,11,11,11,10,10,11,10,5,4,9,3,10,10,10,10,4,11,11,9,9,9,2,2,8,10,11,11,11,11,11,8,1,3,7,7,5,3,5,3,,,3,7,,,10,11,5,1,10,10,5,10,9,4,2,10,8,8,6,4,6,11,11,6,8,4,4,,7,,,10,4,3,1,7,4,2,7,5,2,9,6,4,4,5,4,7,1,2,7,7,8,7,6,6,10,11,4,11,5,11,7,10,8,4,9,3,6,7,10,,,11,10,,,10,1,10,10,10,8,8,9,8,7,8,5,8,8,8,9,8,11,10,11,11,4,5,9,,10,,,b'\x11\xe8\xe1I\xd6hV\xa0\x98|\x12\xdf\x17\xaeN\x1e'
11E8E149-D668-56A0-987C-12DF17AE4E1E,2022-ncaa-d2-natl,ncaa,275,276,222,280,225,251,264,238,267,289,285,278,50,54,80,6,269,265,170,263,132,248,246,201,212,223,4,4,228,249,253,265,255,272,282,131,2,127,213,128,128,92,196,158,,,108,195,,,257,236,194,30,247,266,190,296,291,15,17,260,256,252,232,209,232,279,283,73,189,95,174,,180,,,256,123,104,52,248,93,47,238,157,108,249,189,180,167,186,166,260,59,73,254,266,237,234,194,212,136,255,147,253,140,282,228,283,172,122,224,95,180,144,267,,,270,270,,,257,65,244,258,261,223,187,87,159,76,221,173,241,228,228,126,144,195,240,229,271,121,149,196,,278,,,b'\x11\xe8\xe1I\xd6hV\xa0\x98|\x12\xdf\x17\xaeN\x1e'
11E8E149-D668-56A0-987C-12DF17AE4E1E,2023-ncaa-d2-conf-Sunshine State,ncaa,11,11,9,11,11,11,11,10,11,10,8,11,11,10,11,10,6,4,8,4,4,8,9,11,11,11,6,10,1,7,8,11,11,11,11,7,3,6,7,7,5,5,6,3,,,5,6,,,11,9,4,8,11,11,6,10,2,10,7,3,3,3,3,4,5,11,11,6,7,3,5,,8,,,11,9,8,5,11,7,2,11,8,10,7,11,7,7,7,7,9,4,4,11,11,11,9,7,8,10,11,11,8,11,11,11,11,7,4,11,9,9,9,9,,,7,4,,,11,3,11,11,11,11,11,9,10,4,11,11,8,8,8,10,11,11,11,11,11,2,9,10,,3,,,b'\x11\xe8\xe1I\xd6hV\xa0\x98|\x12\xdf\x17\xaeN\x1e'
11E8E149-D668-56A0-987C-12DF17AE4E1E,2023-ncaa-d2-natl,ncaa,283,266,255,284,271,269,279,261,279,279,249,284,228,227,217,166,156,189,68,191,108,262,270,276,258,240,69,158,21,226,215,292,267,288,283,205,25,46,148,146,179,106,203,105,,,82,208,,,276,267,160,201,243,271,179,261,148,192,169,74,96,102,159,159,159,293,277,146,148,109,162,,199,,,278,117,103,24,288,69,9,293,212,157,263,268,135,99,259,107,259,21,29,291,293,282,250,238,150,96,267,106,215,103,283,290,295,190,106,278,126,220,119,178,,,238,128,,,276,29,243,285,281,272,256,109,196,26,275,254,221,194,201,124,145,190,265,250,297,105,211,180,,147,,,b'\x11\xe8\xe1I\xd6hV\xa0\x98|\x12\xdf\x17\xaeN\x1e'
11E8E149-D668-56A0-987C-12DF17AE4E1E,2024-ncaa-d2-conf-Sunshine State,ncaa,10,10,9,10,10,9,9,9,8,6,3,10,11,11,6,11,5,5,9,5,5,9,9,10,11,9,10,10,3,7,5,11,11,11,11,9,8,3,6,9,8,8,2,2,,,11,11,,,9,10,3,9,7,6,4,4,2,11,11,3,3,3,4,4,4,11,8,8,6,7,2,,11,,,9,5,2,1,8,3,2,10,3,3,3,5,11,11,8,11,11,1,3,9,9,7,8,3,11,9,11,4,5,6,11,4,9,5,3,4,1,3,3,3,,,6,3,,,9,2,9,10,10,10,6,3,7,4,4,5,11,11,11,7,8,11,8,10,6,1,5,7,,1,,,b'\x11\xe8\xe1I\xd6hV\xa0\x98|\x12\xdf\x17\xaeN\x1e'
11E8E149-D668-56A0-987C-12DF17AE4E1E,2024-ncaa-d2-natl,ncaa,187,247,50,208,70,112,114,89,163,67,29,215,229,255,131,285,53,30,233,29,114,71,68,202,189,177,247,272,50,60,81,144,255,102,190,135,170,215,137,166,132,182,41,30,,,294,295,,,190,71,175,213,183,176,187,108,50,268,287,84,54,54,139,134,85,235,177,182,147,173,46,,292,,,179,244,165,179,126,129,141,124,219,214,179,162,294,296,178,296,294,229,243,144,201,169,280,164,294,264,255,200,81,239,190,212,215,64,109,113,146,94,123,39,,,34,46,,,190,226,157,200,177,175,70,54,51,49,176,155,290,291,291,137,151,231,104,167,149,105,96,76,,50,,,b'\x11\xe8\xe1I\xd6hV\xa0\x98|\x12\xdf\x17\xaeN\x1e'
11E8E149-D668-56A0-987C-12DF17AE4E1E,2025-ncaa-d2-conf-Sunshine State,genius_ncaa,10,10,9,10,11,11,11,8,11,8,2,11,11,11,11,11,8,7,9,6,9,8,7,11,11,11,11,11,3,3,2,11,11,8,9,11,10,7,9,10,5,4,5,3,,,7,9,,9,11,10,5,6,11,11,4,7,1,11,11,7,4,3,4,2,2,11,8,11,9,4,4,,9,,9,11,10,8,1,11,8,3,11,5,4,10,5,8,6,9,6,9,1,3,11,11,11,6,5,5,6,11,6,2,6,9,9,6,6,4,7,10,11,3,3,,,9,9,,7,11,2,11,11,11,11,10,3,10,5,8,4,10,10,10,5,6,8,8,9,10,4,11,4,,7,,7,b'\x11\xe8\xe1I\xd6hV\xa0\x98|\x12\xdf\x17\xaeN\x1e'
11E8E149-D668-56A0-987C-12DF17AE4E1E,2025-ncaa-d2-natl,genius_ncaa,243,236,230,253,243,261,255,217,276,177,83,285,289,289,282,297,151,143,185,139,197,202,226,289,285,268,280,292,26,82,77,282,227,237,213,276,274,87,148,254,206,162,155,108,,,106,226,,199,282,256,193,114,249,246,116,115,18,296,294,87,72,71,94,94,39,291,196,282,165,167,125,,191,,236,278,179,158,36,296,141,48,288,188,84,300,150,187,167,197,167,242,39,42,296,298,298,188,182,165,78,227,126,77,91,213,187,191,219,152,236,123,178,100,73,,,189,129,,129,282,41,238,294,284,270,261,87,233,96,239,136,230,221,222,112,108,141,224,189,243,166,193,151,,107,,102,b'\x11\xe8\xe1I\xd6hV\xa0\x98|\x12\xdf\x17\xaeN\x1e'
11E8E149-D668-56A0-987C-12DF17AE4E1E,2026-ncaa-d2-conf-Sunshine State,genius_ncaa,5,6,1,6,8,6,5,4,10,7,6,8,5,2,8,3,5,8,1,10,9,4,3,10,8,9,7,5,6,3,6,1,8,1,5,9,10,8,8,9,8,9,6,9,,,4,1,,7,5,3,5,11,8,7,6,9,7,6,3,6,8,10,6,5,4,2,3,10,7,8,7,,1,,5,5,6,7,10,1,6,10,2,6,10,4,8,4,4,8,4,1,10,10,1,1,3,6,8,3,9,8,7,6,8,5,8,7,6,7,7,8,6,10,9,,,5,8,,6,5,9,7,4,5,5,6,10,4,10,6,9,3,2,2,10,9,9,7,8,7,7,7,8,,7,,7,b'\x11\xe8\xe1I\xd6hV\xa0\x98|\x12\xdf\x17\xaeN\x1e'
11E8E149-D668-56A0-987C-12DF17AE4E1E,2026-ncaa-d2-natl,genius_ncaa,107,144,59,135,140,87,98,113,86,95,130,53,123,104,167,133,56,80,53,84,98,108,112,94,71,84,153,171,82,132,146,35,159,69,105,129,193,190,167,168,207,255,221,251,,,121,31,,268,145,107,115,296,103,129,191,127,197,152,147,69,113,120,176,186,183,30,78,168,144,242,246,,50,,250,147,220,218,259,75,165,205,68,272,277,194,244,118,153,37,164,113,251,223,116,76,140,235,267,58,256,159,150,146,194,105,238,219,184,264,260,143,108,179,175,,,112,146,,188,145,208,100,154,123,177,187,267,109,170,267,279,74,114,122,263,207,227,73,151,222,242,99,160,,175,,224,b'\x11\xe8\xe1I\xd6hV\xa0\x98|\x12\xdf\x17\xaeN\x1e'
11E8E149-D66C-A746-987C-12DF17AE4E1E,2018-ncaa-d2-conf-Mid-America Intercollegiate,ncaa,2,3,1,3,1,3,3,1,5,2,2,5,4,3,11,9,5,5,11,5,6,1,3,6,8,6,11,10,6,2,4,1,4,1,3,6,10,5,2,5,1,1,2,3,,,8,5,,,3,3,9,11,8,5,6,4,6,9,7,6,6,6,4,8,2,2,3,7,3,1,4,,4,,,3,9,10,14,3,7,12,3,13,13,6,9,5,6,1,6,5,13,13,3,3,3,7,11,3,11,4,13,4,13,3,11,7,2,4,6,5,3,12,9,,,5,8,,,3,13,3,3,3,2,4,8,5,5,8,9,2,3,3,5,5,5,7,7,4,7,3,10,,7,,,b'\x11\xe8\xe1I\xd6l\xa7F\x98|\x12\xdf\x17\xaeN\x1e'
11E8E149-D66C-A746-987C-12DF17AE4E1E,2018-ncaa-d2-natl,ncaa,47,43,64,47,88,85,84,95,86,81,123,62,110,95,168,127,91,88,132,87,109,99,150,93,94,44,166,166,148,114,118,56,41,72,57,147,259,14,8,44,68,63,19,13,,,65,45,,,41,153,248,164,90,94,131,89,163,132,115,101,111,108,126,227,137,58,85,194,7,85,20,,24,,,39,87,112,197,55,77,139,55,217,237,130,260,49,47,128,49,63,160,156,76,52,70,206,267,64,112,41,180,118,148,57,85,81,154,158,107,13,9,243,226,,,120,125,,,41,169,36,61,32,35,55,117,42,79,188,207,22,24,28,72,59,69,111,86,54,204,7,230,,174,,,b'\x11\xe8\xe1I\xd6l\xa7F\x98|\x12\xdf\x17\xaeN\x1e'
11E8E149-D66C-A746-987C-12DF17AE4E1E,2019-ncaa-d2-conf-Mid-America Intercollegiate,ncaa,1,1,1,1,1,1,1,1,5,1,1,5,5,5,5,10,1,1,2,1,9,1,1,5,4,1,11,10,5,1,2,1,3,1,2,3,10,4,1,2,3,4,1,2,,,1,1,,,1,1,10,7,1,2,3,3,3,9,9,2,3,4,3,6,1,4,2,6,2,4,2,,1,,,1,3,8,13,2,7,11,3,11,12,5,11,1,1,4,1,1,11,14,2,1,1,6,11,1,6,3,9,2,10,2,5,5,1,2,1,4,3,13,8,,,2,5,,,1,14,1,1,1,1,1,5,1,4,6,9,1,1,1,3,4,5,2,3,3,3,3,11,,4,,,b'\x11\xe8\xe1I\xd6l\xa7F\x98|\x12\xdf\x17\xaeN\x1e'
11E8E149-D66C-A746-987C-12DF17AE4E1E,2019-ncaa-d2-natl,ncaa,12,3,30,4,38,28,31,38,44,34,51,36,79,77,111,164,15,34,20,32,90,35,59,57,43,17,155,189,91,36,28,65,27,40,22,72,222,18,2,18,46,37,19,7,,,20,9,,,14,85,271,177,29,41,82,48,118,114,120,22,72,73,64,195,56,153,77,122,6,78,24,,7,,,12,109,167,203,114,144,166,125,229,240,132,260,16,18,150,18,14,153,179,124,88,54,108,262,11,73,27,164,28,114,22,106,55,57,50,51,30,13,277,231,,,32,47,,,14,218,6,33,9,24,56,51,58,45,146,157,5,6,5,18,28,20,42,22,43,113,12,251,,77,,,b'\x11\xe8\xe1I\xd6l\xa7F\x98|\x12\xdf\x17\xaeN\x1e'
11E8E149-D66C-A746-987C-12DF17AE4E1E,2020-ncaa-d2-conf-Mid-America Intercollegiate,ncaa,4,4,4,4,5,3,5,4,5,4,4,6,5,6,7,11,1,1,6,1,1,3,5,7,4,3,7,10,1,3,2,8,4,6,4,4,5,1,2,2,5,5,5,7,,,2,2,,,4,7,9,5,2,6,5,4,4,7,7,1,1,1,3,7,4,10,6,5,2,5,6,,2,,,4,6,7,6,10,6,6,5,9,5,14,7,3,3,13,3,2,6,9,11,10,8,8,10,3,4,4,5,2,5,4,7,6,3,4,4,1,1,9,8,,,2,3,,,4,8,2,7,4,6,8,4,7,5,8,5,2,1,1,2,3,3,3,2,7,4,1,8,,2,,,b'\x11\xe8\xe1I\xd6l\xa7F\x98|\x12\xdf\x17\xaeN\x1e'
11E8E149-D66C-A746-987C-12DF17AE4E1E,2020-ncaa-d2-natl,ncaa,60,46,173,53,198,101,122,162,86,120,146,88,136,152,109,176,34,51,76,50,41,131,203,90,61,34,116,186,44,124,97,182,32,161,64,101,99,10,10,16,99,57,151,124,,,31,53,,,36,223,237,150,56,92,132,96,140,133,148,21,35,32,89,200,112,167,134,70,10,92,147,,26,,,32,55,69,57,132,55,61,97,180,128,252,222,45,29,287,27,57,43,64,157,150,105,222,264,87,20,32,98,97,50,64,107,190,124,67,101,12,9,165,163,,,82,24,,,36,89,22,78,34,61,79,48,60,53,193,142,37,24,19,25,37,18,100,45,119,111,8,170,,40,,,b'\x11\xe8\xe1I\xd6l\xa7F\x98|\x12\xdf\x17\xaeN\x1e'
11E8E149-D66C-A746-987C-12DF17AE4E1E,2021-ncaa-d2-conf-Mid-America Intercollegiate,ncaa,1,1,1,1,1,1,1,1,2,1,2,2,2,3,4,7,2,2,7,2,5,1,1,4,3,2,7,6,8,6,10,1,2,1,5,1,1,5,1,1,2,4,1,1,,,12,3,,,1,1,7,7,3,2,5,1,7,4,5,6,5,5,5,10,11,3,8,1,2,6,3,,3,,,1,12,13,14,2,11,13,5,12,13,4,11,6,8,2,9,3,14,14,2,2,2,8,10,4,9,2,13,10,12,5,10,8,1,4,4,4,2,13,8,,,1,3,,,1,14,3,2,1,3,4,5,4,4,7,11,2,2,2,5,5,4,6,4,4,6,2,10,,4,,,b'\x11\xe8\xe1I\xd6l\xa7F\x98|\x12\xdf\x17\xaeN\x1e'
11E8E149-D66C-A746-987C-12DF17AE4E1E,2021-ncaa-d2-natl,ncaa,4,35,3,15,4,6,9,7,33,5,8,36,19,18,68,124,3,5,68,5,84,5,7,34,34,15,138,127,106,31,142,3,32,5,64,2,21,154,14,5,20,83,4,18,,,210,65,,,7,9,185,121,57,66,127,60,114,94,117,65,87,88,120,189,156,78,117,23,9,107,36,,32,,,20,204,203,218,60,194,212,83,212,220,57,177,175,192,75,193,69,219,218,62,54,59,121,148,59,182,32,221,142,219,64,189,64,16,106,74,150,21,222,156,,,4,37,,,7,219,22,42,16,25,36,39,45,45,89,127,24,29,31,29,19,34,72,38,40,146,13,165,,96,,,b'\x11\xe8\xe1I\xd6l\xa7F\x98|\x12\xdf\x17\xaeN\x1e'
11E8E149-D66C-A746-987C-12DF17AE4E1E,2022-ncaa-d2-conf-Mid-America Intercollegiate,ncaa,1,1,1,1,2,1,3,4,2,3,3,5,5,5,3,11,1,2,4,2,4,3,4,2,2,1,8,10,2,6,7,3,6,3,6,1,2,6,3,1,2,2,1,1,,,10,4,,,1,3,8,8,3,4,7,3,5,6,11,2,3,3,5,10,10,6,8,2,4,2,3,,4,,,1,7,7,13,2,8,10,4,6,10,2,9,8,7,14,7,6,11,12,2,2,2,5,4,10,10,6,10,7,10,6,6,6,3,2,1,5,3,3,1,,,1,2,,,1,12,1,2,1,3,3,3,3,5,3,5,3,3,3,3,6,5,5,5,4,3,4,2,,2,,,b'\x11\xe8\xe1I\xd6l\xa7F\x98|\x12\xdf\x17\xaeN\x1e'
11E8E149-D66C-A746-987C-12DF17AE4E1E,2022-ncaa-d2-natl,ncaa,5,11,13,10,14,14,20,37,30,19,25,40,86,107,71,218,4,9,33,10,63,28,41,43,33,13,175,225,58,105,163,26,40,39,65,13,30,89,16,6,28,42,42,48,,,199,70,,,16,37,247,190,44,65,189,54,135,177,218,24,59,65,160,245,203,122,178,24,12,76,80,,48,,,23,240,234,266,85,229,237,143,209,272,30,215,216,157,295,154,93,260,262,88,104,96,147,150,157,141,40,240,163,216,65,157,57,54,123,72,126,53,144,48,,,12,24,,,16,271,12,71,20,39,50,52,61,53,97,163,96,55,55,33,43,37,65,37,40,158,31,51,,86,,,b'\x11\xe8\xe1I\xd6l\xa7F\x98|\x12\xdf\x17\xaeN\x1e'
11E8E149-D66C-A746-987C-12DF17AE4E1E,2023-ncaa-d2-conf-Mid-America Intercollegiate,ncaa,6,6,5,6,5,5,6,6,6,4,3,7,8,9,6,11,3,2,6,3,4,5,5,6,6,5,10,11,4,8,11,7,4,6,7,4,2,1,1,1,5,4,8,7,,,3,3,,,6,5,8,3,5,5,5,4,2,8,9,3,2,2,4,10,10,7,6,2,2,4,8,,4,,,6,5,5,7,5,7,4,9,5,9,2,11,4,4,8,4,5,7,7,5,4,4,5,7,3,4,4,12,11,11,7,6,6,5,2,5,2,2,2,1,,,2,3,,,6,10,5,4,6,5,7,5,7,2,6,8,3,4,5,5,6,3,12,8,8,4,2,1,,3,,,b'\x11\xe8\xe1I\xd6l\xa7F\x98|\x12\xdf\x17\xaeN\x1e'
11E8E149-D66C-A746-987C-12DF17AE4E1E,2023-ncaa-d2-natl,ncaa,72,101,47,93,51,69,72,54,128,64,52,141,96,107,94,174,60,68,102,70,150,55,91,124,108,50,145,154,119,122,214,68,42,80,147,38,31,13,3,3,94,108,50,47,,,85,43,,,50,87,241,41,91,102,93,104,93,120,146,95,107,112,95,216,183,101,136,35,3,144,69,,30,,,53,159,182,210,132,182,155,189,187,248,53,246,64,58,204,56,55,181,185,130,116,119,113,197,51,80,42,272,214,224,147,169,133,123,136,140,32,25,167,90,,,50,54,,,50,208,51,91,52,64,103,100,103,56,137,200,31,28,26,47,47,44,225,142,109,178,17,123,,89,,,b'\x11\xe8\xe1I\xd6l\xa7F\x98|\x12\xdf\x17\xaeN\x1e'
11E8E149-D66C-A746-987C-12DF17AE4E1E,2024-ncaa-d2-conf-Mid-America Intercollegiate,ncaa,2,2,1,2,1,2,3,1,6,4,1,7,5,6,3,10,5,5,5,5,13,1,1,5,6,5,10,8,12,3,5,4,2,3,4,1,1,6,1,1,3,3,2,3,,,2,2,,,4,1,12,2,6,6,5,6,3,7,9,8,11,11,6,11,8,7,7,3,1,3,4,,2,,,5,8,10,12,6,10,13,5,8,7,8,5,6,4,12,4,3,11,13,6,5,3,3,8,4,3,2,13,5,11,4,5,2,3,3,2,12,6,4,2,,,3,9,,,4,14,5,2,5,3,4,2,6,9,4,2,2,2,2,2,2,2,6,3,4,4,6,2,,10,,,b'\x11\xe8\xe1I\xd6l\xa7F\x98|\x12\xdf\x17\xaeN\x1e'
11E8E149-D66C-A746-987C-12DF17AE4E1E,2024-ncaa-d2-natl,ncaa,31,45,26,36,28,51,48,48,80,51,47,107,78,95,59,169,68,83,91,83,175,50,69,79,81,57,140,137,167,129,197,50,21,75,107,23,25,69,24,10,52,67,44,49,,,95,32,,,41,57,227,44,85,85,129,104,120,110,163,123,147,146,129,222,196,133,168,31,14,85,60,,20,,,41,175,193,220,102,196,224,101,161,172,114,135,123,94,270,97,47,207,220,100,96,101,99,146,97,58,21,257,197,209,107,79,31,93,125,63,181,131,75,32,,,76,111,,,41,244,59,65,40,44,71,68,85,110,85,88,59,40,39,42,48,19,161,69,30,168,110,30,,162,,,b'\x11\xe8\xe1I\xd6l\xa7F\x98|\x12\xdf\x17\xaeN\x1e'
11E8E149-D66C-A746-987C-12DF17AE4E1E,2025-ncaa-d2-conf-Mid-America Intercollegiate,genius_ncaa,2,2,1,2,2,2,2,3,2,1,1,3,8,11,2,14,3,3,2,3,10,2,1,2,2,2,14,13,7,3,2,2,7,2,2,1,1,8,4,1,1,1,1,1,,,5,1,,4,2,1,5,13,2,2,6,1,2,11,13,4,4,4,5,6,5,4,3,1,6,1,2,,2,,4,2,6,9,12,1,8,13,1,7,11,1,8,2,5,1,6,3,12,14,1,1,1,4,8,3,12,7,5,2,8,2,6,4,2,5,1,12,9,7,4,,,3,4,,11,2,14,2,1,2,1,2,8,3,9,4,9,2,3,3,7,11,10,3,4,3,4,9,5,,4,,13,b'\x11\xe8\xe1I\xd6l\xa7F\x98|\x12\xdf\x17\xaeN\x1e'
11E8E149-D66C-A746-987C-12DF17AE4E1E,2025-ncaa-d2-natl,genius_ncaa,12,16,15,13,17,15,10,24,6,8,10,12,123,170,34,266,22,27,76,28,180,23,26,15,15,11,271,252,163,88,116,12,50,21,39,5,15,133,27,3,34,87,17,32,,,158,24,,178,11,21,126,176,18,14,86,6,37,185,260,54,86,87,83,146,162,29,64,4,43,91,35,,37,,113,12,230,251,287,47,233,267,72,227,275,51,223,130,147,97,150,55,282,278,56,42,54,118,188,75,194,50,209,116,211,39,139,51,68,156,72,172,76,223,83,,,28,98,,147,11,283,13,43,12,73,93,194,91,145,139,211,51,57,61,143,146,89,66,66,43,160,83,142,,96,,208,b'\x11\xe8\xe1I\xd6l\xa7F\x98|\x12\xdf\x17\xaeN\x1e'
11E8E149-D66C-A746-987C-12DF17AE4E1E,2026-ncaa-d2-conf-Mid-America Intercollegiate,genius_ncaa,6,6,3,6,3,11,9,7,10,9,8,6,9,4,10,5,7,7,7,7,6,8,9,10,10,8,8,8,6,14,14,4,8,7,10,8,6,5,7,4,3,4,2,2,,,2,1,,2,6,3,4,1,9,8,6,9,8,8,3,5,7,7,7,8,14,2,5,7,6,2,1,,2,,2,6,5,5,11,4,8,11,3,4,4,7,4,5,3,9,3,2,11,11,3,3,3,5,5,5,10,8,12,14,10,10,10,11,4,4,8,12,13,9,11,,,8,7,,7,6,12,12,3,6,5,5,12,8,12,4,6,5,3,3,12,13,10,14,12,11,3,13,10,,7,,7,b'\x11\xe8\xe1I\xd6l\xa7F\x98|\x12\xdf\x17\xaeN\x1e'
11E8E149-D66C-A746-987C-12DF17AE4E1E,2026-ncaa-d2-natl,genius_ncaa,9,13,59,17,67,37,27,84,11,29,84,16,63,97,49,146,99,133,69,131,187,90,91,10,13,18,202,146,229,186,219,18,52,61,60,7,11,174,103,16,207,254,58,112,,,121,34,,17,48,73,85,51,23,14,99,24,117,82,133,124,175,177,111,128,238,8,61,3,119,242,78,,50,,12,60,218,223,256,92,221,265,83,190,194,140,119,167,158,171,151,50,246,219,87,79,144,105,142,115,160,52,170,219,165,60,186,107,186,266,224,216,186,62,37,,,153,233,,165,48,226,34,123,60,174,195,265,198,265,162,157,124,119,108,259,200,115,96,105,160,247,188,42,,223,,202,b'\x11\xe8\xe1I\xd6l\xa7F\x98|\x12\xdf\x17\xaeN\x1e'
11E8E149-D671-26F4-987C-12DF17AE4E1E,2018-ncaa-d2-conf-RMAC,ncaa,7,6,5,7,7,6,6,5,10,3,2,7,14,10,15,14,5,5,4,5,11,6,5,10,10,9,15,15,2,5,6,7,3,6,4,4,2,6,6,5,4,2,4,4,,,5,6,,,4,5,3,6,5,6,2,2,1,15,10,3,4,5,2,3,4,7,5,3,8,2,4,,6,,,2,4,3,4,2,2,5,1,9,6,13,7,9,8,8,8,8,6,8,2,2,1,13,11,10,2,3,12,6,5,4,5,11,3,2,1,9,8,4,4,,,5,5,,,4,10,9,1,6,4,3,3,3,6,10,5,9,7,7,3,12,3,10,8,7,2,10,6,,3,,,b'\x11\xe8\xe1I\xd6q&\xf4\x98|\x12\xdf\x17\xaeN\x1e'
11E8E149-D671-26F4-987C-12DF17AE4E1E,2018-ncaa-d2-natl,ncaa,78,63,148,69,174,154,160,148,192,103,90,169,274,243,294,260,77,100,51,105,163,146,168,229,196,162,259,293,36,131,115,136,43,140,81,111,65,77,72,77,105,76,142,119,,,123,174,,,58,173,170,132,149,151,107,74,56,281,249,52,83,85,106,139,110,111,101,87,82,97,140,,135,,,57,27,10,63,11,10,76,3,91,79,178,120,155,134,235,126,184,59,90,20,33,20,264,187,259,49,43,139,115,92,81,36,212,90,47,38,107,113,39,24,,,87,44,,,58,119,157,14,63,14,12,36,10,75,109,81,165,144,138,35,88,44,153,100,58,77,113,48,,51,,,b'\x11\xe8\xe1I\xd6q&\xf4\x98|\x12\xdf\x17\xaeN\x1e'
11E8E149-D671-26F4-987C-12DF17AE4E1E,2019-ncaa-d2-conf-RMAC,ncaa,12,12,5,12,9,9,8,6,8,5,6,6,8,7,16,9,11,9,15,9,13,7,8,9,10,10,12,11,13,8,9,6,5,7,9,10,12,4,4,8,8,8,11,11,,,10,9,,,10,8,6,10,10,6,5,5,5,9,8,11,8,9,5,7,7,6,6,11,5,9,11,,10,,,10,9,7,9,7,6,8,8,11,12,4,11,10,8,16,8,9,10,9,7,8,9,11,10,12,6,5,12,9,11,9,11,11,8,9,10,4,5,2,1,,,11,14,,,10,9,10,8,10,9,7,8,7,8,8,10,11,7,8,10,8,7,11,9,8,8,5,2,,13,,,b'\x11\xe8\xe1I\xd6q&\xf4\x98|\x12\xdf\x17\xaeN\x1e'
11E8E149-D671-26F4-987C-12DF17AE4E1E,2019-ncaa-d2-natl,ncaa,194,160,260,193,270,259,238,260,173,227,240,154,220,220,203,152,275,256,247,259,225,264,283,174,198,163,205,161,238,250,237,245,44,256,149,250,234,20,81,143,169,88,278,267,,,67,211,,,136,288,244,104,219,185,190,159,169,178,168,253,218,224,206,251,225,155,193,220,54,121,281,,150,,,136,17,15,15,103,16,20,98,77,69,168,204,118,60,309,61,199,13,20,111,148,135,257,215,247,15,44,73,237,28,149,37,196,219,110,120,33,108,7,13,,,289,237,,,136,27,184,104,132,72,45,46,44,49,155,140,201,124,133,48,46,36,200,109,101,164,78,11,,265,,,b'\x11\xe8\xe1I\xd6q&\xf4\x98|\x12\xdf\x17\xaeN\x1e'
11E8E149-D671-26F4-987C-12DF17AE4E1E,2020-ncaa-d2-conf-RMAC,ncaa,8,7,6,8,7,8,4,4,8,1,2,5,14,10,15,14,9,4,15,4,11,3,3,12,13,10,15,14,8,2,3,4,6,4,5,8,13,2,3,5,11,12,11,11,,,4,4,,,7,5,3,3,5,3,3,2,2,14,10,7,4,4,1,2,2,3,3,8,3,11,11,,5,,,7,8,7,12,5,5,3,8,14,15,6,15,5,4,13,4,6,10,10,5,5,7,13,15,6,7,6,13,3,12,5,13,15,9,10,12,3,2,15,12,,,3,5,,,7,12,7,7,7,10,9,14,6,5,14,15,5,4,4,12,12,9,15,12,12,9,3,15,,2,,,b'\x11\xe8\xe1I\xd6q&\xf4\x98|\x12\xdf\x17\xaeN\x1e'
11E8E149-D671-26F4-987C-12DF17AE4E1E,2020-ncaa-d2-natl,ncaa,159,124,257,141,264,235,214,214,200,162,168,140,263,217,293,202,248,209,280,212,209,223,270,226,239,180,279,249,204,127,112,184,55,169,94,239,259,9,20,99,246,193,243,186,,,30,88,,,119,286,255,73,191,150,87,78,79,249,172,220,144,152,91,186,71,66,52,214,18,216,228,,63,,,117,28,25,40,54,11,11,88,205,242,95,303,33,35,177,33,152,30,22,83,72,101,293,302,101,38,55,116,112,77,94,98,264,257,182,207,7,6,221,238,,,231,116,,,119,25,153,97,117,70,69,130,24,23,261,295,59,58,58,89,56,78,224,173,163,218,7,262,,136,,,b'\x11\xe8\xe1I\xd6q&\xf4\x98|\x12\xdf\x17\xaeN\x1e'
11E8E149-D671-26F4-987C-12DF17AE4E1E,2021-ncaa-d2-conf-RMAC,ncaa,11,6,13,9,13,12,12,13,3,12,13,2,12,12,8,7,10,8,14,8,1,13,13,3,6,9,7,7,3,12,7,11,11,11,9,13,9,3,11,12,11,10,12,12,,,2,4,,,10,12,5,1,5,4,9,5,11,7,7,3,1,1,5,2,7,6,5,8,13,9,12,,6,,,9,2,2,3,10,3,3,7,6,2,13,12,2,2,6,2,4,2,2,10,10,12,9,13,3,2,11,2,7,2,9,9,13,11,10,14,2,11,5,8,,,10,2,,,10,3,9,13,10,14,14,14,11,11,14,13,4,3,3,14,13,12,6,11,14,10,14,6,,1,,,b'\x11\xe8\xe1I\xd6q&\xf4\x98|\x12\xdf\x17\xaeN\x1e'
11E8E149-D671-26F4-987C-12DF17AE4E1E,2021-ncaa-d2-natl,ncaa,159,112,173,158,173,173,173,187,82,174,188,66,163,167,118,92,161,137,208,138,8,183,180,77,95,124,83,97,73,183,127,177,147,181,127,178,167,69,178,184,171,150,184,183,,,42,67,,,159,178,156,2,116,123,162,133,172,94,94,77,19,19,130,101,135,108,118,169,181,139,175,,82,,,164,58,63,60,157,55,54,93,110,73,219,169,41,38,107,40,51,54,50,177,162,183,170,211,24,60,147,44,127,48,127,94,203,186,173,210,78,182,53,120,,,151,13,,,159,49,136,192,166,178,181,174,125,135,215,185,59,61,63,168,138,153,94,121,207,163,183,93,,13,,,b'\x11\xe8\xe1I\xd6q&\xf4\x98|\x12\xdf\x17\xaeN\x1e'
11E8E149-D671-26F4-987C-12DF17AE4E1E,2022-ncaa-d2-conf-RMAC,ncaa,15,15,8,15,11,14,14,11,14,13,13,13,12,7,15,5,11,9,12,8,3,10,11,14,14,14,5,6,4,10,12,12,12,11,13,15,15,9,11,15,7,6,14,11,,,9,11,,,14,10,9,13,14,14,12,13,13,11,7,10,7,7,11,11,10,12,12,15,10,6,14,,10,,,14,11,11,5,13,7,3,15,15,14,12,15,8,10,4,9,11,4,3,15,15,15,13,15,5,7,12,14,12,12,13,14,14,7,6,12,7,9,5,8,,,7,4,,,14,5,14,15,14,11,10,7,8,3,15,14,8,9,9,5,5,10,14,13,14,7,7,6,,5,,,b'\x11\xe8\xe1I\xd6q&\xf4\x98|\x12\xdf\x17\xaeN\x1e'
11E8E149-D671-26F4-987C-12DF17AE4E1E,2022-ncaa-d2-natl,ncaa,290,295,146,292,179,235,256,208,282,272,242,270,162,107,232,79,157,127,258,121,29,197,181,269,265,264,40,74,54,182,215,234,208,230,259,293,301,183,212,294,219,215,270,264,,,185,240,,,286,180,189,224,273,280,241,288,265,153,100,158,114,109,224,203,186,274,257,300,194,225,281,,192,,,280,223,203,116,276,131,53,276,289,256,289,284,129,141,97,139,236,120,108,289,288,283,278,288,77,127,208,200,215,179,259,265,265,190,170,264,125,163,166,236,,,80,15,,,286,106,265,280,284,247,234,102,126,25,290,273,141,154,153,107,84,137,222,189,272,191,136,172,,44,,,b'\x11\xe8\xe1I\xd6q&\xf4\x98|\x12\xdf\x17\xaeN\x1e'
11E8E149-D671-26F4-987C-12DF17AE4E1E,2023-ncaa-d2-conf-RMAC,ncaa,11,11,7,11,10,11,14,14,10,14,14,10,10,10,9,7,3,2,10,3,1,13,10,10,6,12,1,8,1,13,14,13,13,14,13,15,15,15,15,15,6,7,12,11,,,12,14,,,15,9,7,8,13,14,14,14,14,9,9,1,1,1,13,8,13,13,13,15,15,4,11,,14,,,14,13,13,7,14,9,1,15,14,12,14,13,11,11,11,11,14,9,8,15,15,12,14,12,7,11,13,9,14,10,13,15,13,8,7,10,14,13,9,15,,,2,1,,,15,9,14,15,14,13,13,9,10,3,14,15,11,12,12,11,11,12,12,12,14,6,14,9,,1,,,b'\x11\xe8\xe1I\xd6q&\xf4\x98|\x12\xdf\x17\xaeN\x1e'
11E8E149-D671-26F4-987C-12DF17AE4E1E,2023-ncaa-d2-natl,ncaa,241,239,197,245,225,220,259,280,192,276,283,167,163,170,136,99,68,52,180,54,1,257,246,162,114,182,20,113,6,277,266,250,200,274,259,291,294,199,264,290,90,52,250,218,,,201,269,,,253,217,150,208,220,275,296,279,288,140,144,22,22,23,268,220,272,254,282,296,237,60,246,,247,,,253,166,129,65,258,71,27,254,249,201,266,258,191,189,141,187,271,79,81,272,275,256,279,252,190,102,200,111,266,110,259,210,251,168,131,213,205,253,133,255,,,51,2,,,253,80,221,259,255,246,200,105,116,28,270,247,238,232,228,133,140,139,179,167,245,135,237,167,,9,,,b'\x11\xe8\xe1I\xd6q&\xf4\x98|\x12\xdf\x17\xaeN\x1e'
11E8E149-D671-26F4-987C-12DF17AE4E1E,2024-ncaa-d2-conf-RMAC,ncaa,9,9,11,9,11,9,14,14,13,13,14,8,11,8,13,4,1,2,4,2,1,11,11,12,7,7,2,9,1,15,15,14,15,15,15,15,15,8,8,15,3,2,10,6,,,12,11,,,9,7,2,3,8,13,14,14,14,9,6,1,1,1,8,7,15,11,15,15,9,2,9,,14,,,9,8,6,6,8,1,1,11,15,15,7,15,12,12,12,12,13,7,10,10,10,8,15,15,13,14,15,11,15,12,15,15,15,3,3,7,4,6,13,14,,,2,1,,,9,9,10,8,9,14,7,8,5,2,15,15,13,13,13,13,14,15,14,15,15,2,6,13,,1,,,b'\x11\xe8\xe1I\xd6q&\xf4\x98|\x12\xdf\x17\xaeN\x1e'
11E8E149-D671-26F4-987C-12DF17AE4E1E,2024-ncaa-d2-natl,ncaa,201,165,260,189,260,234,272,282,204,278,290,151,204,191,215,86,29,47,28,51,1,269,276,179,104,116,18,166,2,288,288,283,286,291,294,291,297,59,186,286,47,17,224,171,,,133,226,,,197,260,86,56,134,258,270,263,283,150,105,1,5,5,192,185,289,273,294,294,168,19,197,,253,,,201,70,49,32,208,31,16,244,194,170,211,264,150,140,220,139,272,33,54,241,253,171,272,245,203,188,286,88,288,124,294,228,294,89,35,152,37,136,103,250,,,102,2,,,197,42,170,212,197,232,184,152,111,39,260,262,232,222,221,171,244,271,253,270,285,28,123,170,,7,,,b'\x11\xe8\xe1I\xd6q&\xf4\x98|\x12\xdf\x17\xaeN\x1e'
11E8E149-D671-26F4-987C-12DF17AE4E1E,2025-ncaa-d2-conf-RMAC,genius_ncaa,15,15,4,15,4,9,7,4,10,8,5,11,6,4,8,6,13,13,6,13,13,6,6,11,12,11,12,4,14,14,15,9,10,12,13,9,13,12,12,11,6,8,14,15,,,15,12,,9,14,4,6,7,12,6,7,9,6,8,5,14,14,14,8,8,14,13,14,13,11,8,15,,11,,7,14,15,14,11,15,15,13,15,12,9,15,7,12,12,5,12,11,12,11,15,15,15,7,7,9,9,10,12,15,12,13,12,10,5,7,10,5,4,8,7,,,9,14,,2,14,11,13,14,14,15,13,10,14,11,11,7,12,11,11,9,9,7,12,10,12,6,5,6,,14,,2,b'\x11\xe8\xe1I\xd6q&\xf4\x98|\x12\xdf\x17\xaeN\x1e'
11E8E149-D671-26F4-987C-12DF17AE4E1E,2025-ncaa-d2-natl,genius_ncaa,273,271,230,281,244,226,205,218,178,211,223,170,145,148,150,88,275,285,69,285,281,249,252,166,179,181,149,90,264,269,265,255,156,272,254,210,192,71,164,170,211,179,284,287,,,141,251,,118,246,242,133,120,196,153,117,171,162,106,99,266,284,283,176,185,258,232,266,185,148,172,286,,228,,167,248,144,132,47,282,129,62,273,148,92,267,148,180,159,219,150,213,53,49,278,284,273,152,148,175,61,156,144,265,92,254,149,161,219,170,213,24,54,34,52,,,271,250,,47,246,52,207,263,254,245,238,133,226,131,210,157,226,214,210,141,138,112,239,190,224,166,54,46,,262,,27,b'\x11\xe8\xe1I\xd6q&\xf4\x98|\x12\xdf\x17\xaeN\x1e'
11E8E149-D671-26F4-987C-12DF17AE4E1E,2026-ncaa-d2-conf-RMAC,genius_ncaa,3,4,2,4,6,4,2,2,6,2,2,7,10,10,10,14,6,6,11,6,12,2,2,8,9,7,15,13,10,9,12,10,11,11,14,5,11,12,6,7,1,2,4,5,,,14,14,,12,11,2,1,5,4,1,1,1,1,9,10,6,5,5,1,1,10,12,13,5,11,1,4,,15,,12,11,14,10,8,14,14,11,13,9,5,13,2,14,14,7,14,14,10,14,13,14,9,9,3,11,7,11,14,12,13,14,10,6,1,2,2,10,7,8,4,,,5,8,,1,11,14,9,7,10,15,11,7,14,11,8,4,15,15,15,11,15,7,15,14,11,1,11,9,,4,,1,b'\x11\xe8\xe1I\xd6q&\xf4\x98|\x12\xdf\x17\xaeN\x1e'
11E8E149-D671-26F4-987C-12DF17AE4E1E,2026-ncaa-d2-natl,genius_ncaa,9,53,13,51,27,9,8,9,130,10,12,145,38,29,143,173,30,12,234,11,138,9,11,135,153,120,195,160,175,8,69,70,140,20,145,23,161,246,61,92,3,11,36,71,,,298,289,,281,70,10,12,88,21,16,8,26,16,101,84,81,42,43,7,12,16,223,79,64,146,11,72,,297,,257,86,267,249,242,216,240,251,147,228,175,271,62,297,297,120,298,288,272,282,215,243,132,237,124,281,202,140,286,69,278,145,214,113,6,15,32,245,95,255,141,,,15,159,,34,70,289,93,107,88,227,140,80,143,149,168,73,289,294,295,164,266,103,265,204,129,14,167,214,,45,,69,b'\x11\xe8\xe1I\xd6q&\xf4\x98|\x12\xdf\x17\xaeN\x1e'
11E8E149-D675-D8CA-987C-12DF17AE4E1E,2018-ncaa-d2-conf-SIAC,ncaa,12,11,6,12,7,13,13,13,13,13,13,13,8,5,13,2,4,4,7,4,1,11,8,13,13,13,2,6,1,11,12,6,12,10,12,12,9,11,13,13,11,11,2,4,,,5,2,,,12,5,2,3,12,13,13,13,13,9,2,1,1,1,11,5,11,3,9,12,13,11,2,,7,,,12,9,11,12,6,8,8,7,13,13,8,11,5,5,6,5,4,11,9,9,6,10,10,12,4,13,12,11,12,12,12,13,12,11,13,13,12,13,6,11,,,4,3,,,12,9,13,12,12,12,12,13,9,9,13,13,6,7,7,13,13,13,12,13,13,11,13,7,,2,,,b'\x11\xe8\xe1I\xd6u\xd8\xca\x98|\x12\xdf\x17\xaeN\x1e'
11E8E149-D675-D8CA-987C-12DF17AE4E1E,2018-ncaa-d2-natl,ncaa,279,299,148,289,161,282,302,223,308,289,246,304,259,128,308,117,76,25,284,25,1,177,104,308,306,308,34,208,1,177,258,119,302,151,298,294,247,306,306,308,160,236,100,133,,,260,181,,,304,89,26,74,301,306,254,301,263,266,118,50,6,6,171,50,182,74,117,304,305,161,91,,288,,,301,258,246,278,62,229,259,103,214,278,34,187,245,281,12,278,225,287,276,70,49,93,183,148,202,309,302,287,258,306,298,261,232,122,220,214,305,298,223,271,,,43,35,,,304,230,308,184,300,272,257,301,245,284,228,292,258,290,287,308,304,307,293,305,259,99,303,237,,13,,,b'\x11\xe8\xe1I\xd6u\xd8\xca\x98|\x12\xdf\x17\xaeN\x1e'
11E8E149-D675-D8CA-987C-12DF17AE4E1E,2019-ncaa-d2-conf-SIAC,ncaa,10,9,8,10,9,12,11,7,12,10,7,11,9,6,12,6,11,8,10,8,7,7,7,12,12,12,6,6,3,8,10,10,10,9,9,9,5,4,5,9,5,5,5,3,,,9,9,,,11,7,2,10,12,11,2,11,4,8,4,7,7,6,2,2,7,5,6,7,7,2,3,,12,,,11,3,2,5,4,2,3,4,10,10,10,10,8,8,7,8,10,5,6,4,5,3,11,10,9,10,10,11,10,11,9,9,12,5,4,6,2,3,1,1,,,6,7,,,11,6,12,4,10,6,5,6,5,4,10,10,11,11,10,9,11,11,12,12,11,2,4,1,,5,,,b'\x11\xe8\xe1I\xd6u\xd8\xca\x98|\x12\xdf\x17\xaeN\x1e'
11E8E149-D675-D8CA-987C-12DF17AE4E1E,2019-ncaa-d2-natl,ncaa,258,259,227,264,245,280,287,195,309,266,151,308,288,225,309,225,133,56,301,56,43,170,128,310,307,305,167,266,3,132,236,182,298,167,294,272,172,280,272,300,105,148,76,63,,,301,303,,,276,124,11,128,286,298,104,266,88,288,193,83,14,14,57,16,86,109,79,274,296,63,56,,311,,,272,101,32,90,33,55,138,33,51,79,65,50,301,307,22,307,308,168,236,30,55,20,269,53,309,297,298,299,236,300,294,124,262,26,23,22,154,128,66,65,,,93,81,,,276,191,305,46,263,185,67,169,88,217,86,116,310,310,310,281,306,306,310,309,166,9,206,92,,14,,,b'\x11\xe8\xe1I\xd6u\xd8\xca\x98|\x12\xdf\x17\xaeN\x1e'
11E8E149-D675-D8CA-987C-12DF17AE4E1E,2020-ncaa-d2-conf-SIAC,ncaa,7,4,11,7,13,12,10,7,10,7,6,10,11,11,10,10,11,8,13,8,11,9,7,10,12,13,11,11,7,3,3,8,11,4,5,6,4,11,11,8,11,11,1,2,,,8,9,,,6,9,3,7,8,5,1,3,1,11,10,9,7,7,2,1,2,5,3,3,13,10,1,,11,,,7,3,2,6,3,4,8,2,2,3,1,3,10,11,7,11,11,7,6,1,3,2,7,2,11,10,11,5,3,5,5,3,8,9,8,4,6,6,8,8,,,7,7,,,6,5,10,4,6,7,5,10,7,12,2,4,13,13,13,12,12,11,6,10,6,5,7,12,,6,,,b'\x11\xe8\xe1I\xd6u\xd8\xca\x98|\x12\xdf\x17\xaeN\x1e'
11E8E149-D675-D8CA-987C-12DF17AE4E1E,2020-ncaa-d2-natl,ncaa,179,155,257,173,270,248,249,181,277,178,68,283,295,286,299,294,135,37,304,38,76,151,80,292,294,303,281,302,31,11,6,180,300,53,119,231,172,303,295,288,149,176,35,33,,,275,262,,,198,161,10,135,206,209,42,97,10,295,281,68,10,10,29,4,2,64,6,204,310,99,19,,308,,,201,68,34,108,23,94,206,25,11,27,10,15,298,307,15,307,302,185,229,11,26,21,158,9,309,309,300,102,6,236,119,39,84,48,58,19,250,207,228,179,,,53,81,,,198,159,281,43,188,158,88,243,152,293,10,53,309,310,310,303,307,308,196,297,65,14,277,265,,9,,,b'\x11\xe8\xe1I\xd6u\xd8\xca\x98|\x12\xdf\x17\xaeN\x1e'
11E8E149-D675-D8CA-987C-12DF17AE4E1E,2021-ncaa-d2-conf-SIAC,ncaa,4,7,4,5,5,4,4,3,6,4,2,5,4,3,7,4,5,5,8,5,8,3,3,6,6,5,8,5,8,3,6,5,7,4,7,4,8,6,2,5,2,1,6,8,,,8,7,,,7,3,3,3,5,5,3,5,3,6,2,9,8,8,3,3,4,7,5,6,5,1,8,,8,,,6,7,8,5,8,7,5,8,7,5,8,5,8,8,2,8,9,5,5,8,8,8,6,4,6,6,7,8,6,7,7,8,5,2,2,5,4,1,8,6,,,4,6,,,7,6,5,7,6,7,6,3,7,3,4,3,9,8,8,3,5,6,9,8,6,3,1,6,,3,,,b'\x11\xe8\xe1I\xd6u\xd8\xca\x98|\x12\xdf\x17\xaeN\x1e'
11E8E149-D675-D8CA-987C-12DF17AE4E1E,2021-ncaa-d2-natl,ncaa,140,66,185,122,187,187,179,176,197,175,162,192,190,178,209,165,186,179,215,179,167,178,180,204,209,205,192,184,125,116,44,192,210,182,175,187,172,48,126,189,108,20,206,213,,,61,179,,,152,183,44,115,159,130,25,91,31,191,121,152,86,89,27,21,17,178,58,173,183,15,211,,208,,,163,46,42,36,150,48,40,136,32,35,77,28,73,99,10,99,216,37,44,123,113,63,80,31,205,74,210,51,44,60,175,42,96,131,19,24,31,36,41,47,,,184,171,,,152,44,192,88,163,134,105,67,144,130,40,36,205,223,223,140,193,204,200,211,95,14,64,79,,87,,,b'\x11\xe8\xe1I\xd6u\xd8\xca\x98|\x12\xdf\x17\xaeN\x1e'
11E8E149-D675-D8CA-987C-12DF17AE4E1E,2022-ncaa-d2-conf-SIAC,ncaa,7,10,1,9,1,5,4,2,8,4,1,9,8,7,9,11,9,8,9,7,12,2,1,7,8,12,12,10,12,3,5,4,11,2,8,4,6,14,14,9,5,12,6,8,,,12,4,,,11,1,4,1,9,8,7,5,3,11,12,12,13,12,8,2,5,4,4,8,14,8,7,,6,,,10,14,14,14,5,11,12,8,14,14,8,13,13,13,6,13,11,14,14,9,9,7,13,13,8,14,11,12,5,14,8,13,9,1,8,8,14,12,8,2,,,3,10,,,11,14,10,10,10,12,11,13,7,5,14,14,9,10,10,13,13,13,7,11,11,5,13,6,,9,,,b'\x11\xe8\xe1I\xd6u\xd8\xca\x98|\x12\xdf\x17\xaeN\x1e'
11E8E149-D675-D8CA-987C-12DF17AE4E1E,2022-ncaa-d2-natl,ncaa,200,179,222,202,225,211,185,159,217,107,58,237,282,279,271,292,202,142,282,136,219,151,80,253,269,284,291,287,157,33,19,166,292,100,162,173,142,300,293,272,96,145,171,186,,,187,95,,,242,103,8,30,175,122,36,36,4,284,279,160,82,72,37,6,16,71,10,129,298,65,153,,260,,,241,158,116,176,46,122,158,80,118,190,36,142,271,286,18,286,288,213,230,51,53,37,224,110,277,300,292,78,19,222,162,141,186,38,52,39,292,278,92,43,,,131,223,,,242,198,276,96,232,258,199,287,202,259,165,248,295,299,299,296,299,299,157,290,192,12,296,133,,42,,,b'\x11\xe8\xe1I\xd6u\xd8\xca\x98|\x12\xdf\x17\xaeN\x1e'
11E8E149-D675-D8CA-987C-12DF17AE4E1E,2023-ncaa-d2-conf-SIAC,ncaa,10,10,4,11,4,10,9,6,10,6,4,13,13,14,3,13,13,12,7,12,13,7,6,11,12,13,12,11,10,5,7,7,11,6,10,8,4,10,11,9,5,7,6,4,,,9,6,,,10,6,13,13,13,10,10,8,4,13,14,14,13,13,14,13,8,9,9,10,9,8,8,,6,,,10,3,4,6,2,2,1,8,13,14,2,14,7,9,3,9,13,6,9,3,3,2,14,14,10,10,11,9,7,10,10,12,14,4,3,6,2,4,4,2,,,12,10,,,10,9,11,3,8,3,2,4,1,1,13,14,6,7,7,5,5,11,4,10,10,5,3,3,,12,,,b'\x11\xe8\xe1I\xd6u\xd8\xca\x98|\x12\xdf\x17\xaeN\x1e'
11E8E149-D675-D8CA-987C-12DF17AE4E1E,2023-ncaa-d2-natl,ncaa,222,182,255,218,272,287,283,271,280,234,124,290,293,294,272,293,228,203,246,201,226,270,241,289,286,291,280,293,46,80,31,260,283,202,164,270,186,261,289,282,113,75,145,61,,,101,154,,,199,261,76,208,284,277,204,174,25,296,296,168,119,119,184,55,28,198,62,255,289,49,94,,220,,,198,9,7,16,19,10,14,93,27,97,4,198,130,193,4,192,286,25,71,13,18,6,199,85,275,234,283,26,31,85,164,42,252,47,10,18,85,150,63,59,,,218,162,,,199,44,287,14,189,32,14,70,32,43,56,186,215,275,275,134,260,284,117,241,120,9,181,128,,94,,,b'\x11\xe8\xe1I\xd6u\xd8\xca\x98|\x12\xdf\x17\xaeN\x1e'
11E8E149-D675-D8CA-987C-12DF17AE4E1E,2024-ncaa-d2-conf-SIAC,ncaa,4,4,9,4,13,13,12,13,6,9,8,7,12,14,7,13,10,9,3,9,9,13,13,8,7,9,12,12,3,12,13,13,14,13,14,11,8,8,12,10,4,1,5,2,,,4,7,,,6,13,13,13,14,11,14,8,7,13,14,9,10,10,14,14,13,14,14,11,10,1,4,,4,,,6,2,2,2,2,1,2,7,4,11,2,14,3,3,1,3,14,2,4,3,1,1,13,14,6,10,14,2,13,3,14,1,10,3,2,2,5,9,6,10,,,12,7,,,6,2,10,1,6,1,1,1,1,1,7,13,2,3,4,1,4,13,2,5,3,2,5,9,,10,,,b'\x11\xe8\xe1I\xd6u\xd8\xca\x98|\x12\xdf\x17\xaeN\x1e'
11E8E149-D675-D8CA-987C-12DF17AE4E1E,2024-ncaa-d2-natl,ncaa,157,93,275,136,285,282,283,288,219,251,231,249,288,292,223,292,201,202,162,199,116,286,283,254,230,253,269,289,13,232,117,284,295,278,242,275,182,124,277,269,50,10,194,94,,,36,135,,,148,284,176,293,264,274,281,166,74,291,294,82,83,80,259,190,139,246,224,249,260,15,145,,172,,,148,11,9,12,25,8,9,61,30,64,17,227,47,128,2,132,292,12,22,33,20,2,242,175,252,228,295,12,117,47,242,12,156,76,11,8,90,229,53,99,,,274,178,,,148,18,251,17,145,18,12,24,17,22,78,184,150,239,246,61,203,291,75,228,40,13,212,140,,208,,,b'\x11\xe8\xe1I\xd6u\xd8\xca\x98|\x12\xdf\x17\xaeN\x1e'
11E8E149-D675-D8CA-987C-12DF17AE4E1E,2025-ncaa-d2-conf-SIAC,genius_ncaa,12,10,9,12,9,14,14,13,14,13,9,14,13,13,7,12,12,11,11,10,11,13,13,14,14,14,11,10,7,10,6,13,10,14,8,14,13,6,13,14,11,9,5,3,,,4,9,,4,10,12,12,5,14,14,11,13,6,12,13,10,9,6,10,9,8,13,13,14,9,11,5,,7,,6,10,2,2,2,5,2,2,7,4,9,4,13,5,5,5,5,11,2,1,5,5,6,11,10,10,3,10,1,6,3,8,4,12,12,9,8,6,10,6,2,,,13,13,,13,10,2,14,6,11,5,4,4,5,3,9,12,8,8,8,4,4,6,2,5,6,10,8,6,,13,,13,b'\x11\xe8\xe1I\xd6u\xd8\xca\x98|\x12\xdf\x17\xaeN\x1e'
11E8E149-D675-D8CA-987C-12DF17AE4E1E,2025-ncaa-d2-natl,genius_ncaa,243,200,275,241,283,292,292,291,293,282,202,298,293,294,249,295,231,198,274,196,144,288,278,295,294,294,248,279,23,166,51,287,280,275,188,292,288,141,267,297,203,130,193,122,,,37,175,,41,207,288,201,116,295,298,242,247,57,295,296,148,80,75,213,122,67,274,200,299,263,125,142,,175,,82,208,10,10,13,18,11,22,34,21,34,17,113,115,167,18,163,275,14,21,13,21,21,196,73,287,148,280,13,51,26,188,16,132,196,83,37,123,247,14,11,,,280,241,,267,207,13,292,40,216,44,22,62,39,99,42,108,228,260,258,113,167,261,76,159,38,80,232,31,,237,,264,b'\x11\xe8\xe1I\xd6u\xd8\xca\x98|\x12\xdf\x17\xaeN\x1e'
11E8E149-D675-D8CA-987C-12DF17AE4E1E,2026-ncaa-d2-conf-SIAC,genius_ncaa,13,12,10,13,10,12,12,11,12,13,13,12,2,3,5,2,13,13,11,13,4,12,11,8,9,13,1,1,11,8,8,12,9,11,11,14,12,12,14,14,10,8,12,10,,,5,8,,8,12,11,6,1,11,11,9,13,13,1,2,11,11,11,10,5,8,12,9,13,14,7,10,,7,,8,12,7,10,6,14,12,5,14,4,7,1,8,6,6,5,6,11,5,4,14,14,12,1,1,5,7,9,4,8,6,11,6,4,10,8,10,13,14,9,13,,,11,7,,4,12,4,13,12,12,13,14,8,14,7,4,9,8,9,9,7,9,8,10,8,11,7,14,10,,6,,3,b'\x11\xe8\xe1I\xd6u\xd8\xca\x98|\x12\xdf\x17\xaeN\x1e'
11E8E149-D675-D8CA-987C-12DF17AE4E1E,2026-ncaa-d2-natl,genius_ncaa,276,196,268,276,271,280,285,286,250,288,289,251,234,238,167,95,262,245,268,242,56,283,262,232,243,287,59,86,104,210,71,289,269,279,204,283,255,223,297,295,196,95,248,239,,,46,167,,60,255,266,23,88,248,260,225,271,242,132,120,172,113,105,206,19,59,252,157,273,298,61,199,,244,,151,272,48,66,26,289,146,45,296,3,9,2,21,78,102,52,102,232,31,35,242,241,181,2,1,204,82,269,21,71,31,204,38,35,204,60,66,274,297,92,252,,,248,142,,165,255,32,284,201,272,262,276,184,295,263,4,34,259,279,279,236,272,252,156,215,150,33,297,212,,51,,86,b'\x11\xe8\xe1I\xd6u\xd8\xca\x98|\x12\xdf\x17\xaeN\x1e'
11E8E149-D67A-2EC0-987C-12DF17AE4E1E,2018-ncaa-d2-conf-Peach Belt,ncaa,6,6,5,6,6,6,6,4,6,6,5,6,6,5,9,5,12,10,11,9,12,4,4,7,9,9,9,5,12,5,4,6,11,6,7,5,10,9,7,7,4,4,1,2,,,9,7,,,6,4,3,6,6,6,3,6,4,6,5,12,11,10,3,3,5,7,4,5,9,4,1,,8,,,6,6,6,8,5,9,11,6,1,1,1,1,12,11,12,10,8,8,9,3,5,4,3,1,11,11,11,8,4,9,7,4,4,4,4,5,6,5,3,2,,,9,10,,,6,9,7,6,6,8,7,7,9,12,1,1,11,10,10,8,11,11,7,10,5,4,6,3,,9,,,b'\x11\xe8\xe1I\xd6z.\xc0\x98|\x12\xdf\x17\xaeN\x1e'
11E8E149-D67A-2EC0-987C-12DF17AE4E1E,2018-ncaa-d2-natl,ncaa,107,112,105,114,113,120,82,38,195,56,24,188,192,161,243,234,254,213,288,210,299,53,49,218,251,232,293,237,295,20,24,134,283,62,149,127,233,220,118,170,80,118,21,54,,,182,79,,,122,83,70,73,122,59,13,34,10,215,182,273,232,234,21,24,12,168,42,139,202,74,17,,171,,,123,170,192,239,86,275,295,62,6,10,20,2,235,240,119,239,92,242,256,30,36,39,7,2,241,292,283,211,24,262,149,204,174,47,83,83,209,131,164,52,,,183,290,,,122,227,198,65,125,140,167,244,268,306,3,4,227,235,236,251,277,291,198,268,177,50,195,135,,220,,,b'\x11\xe8\xe1I\xd6z.\xc0\x98|\x12\xdf\x17\xaeN\x1e'
11E8E149-D67A-2EC0-987C-12DF17AE4E1E,2019-ncaa-d2-conf-Peach Belt,ncaa,7,7,5,7,7,6,6,6,4,6,7,4,10,9,11,9,5,6,10,6,6,6,5,5,5,6,11,10,7,8,7,10,10,8,7,6,9,11,10,10,6,8,3,4,,,7,5,,,7,5,5,8,6,6,5,5,5,10,9,5,6,6,5,5,7,9,8,7,11,7,3,,6,,,7,9,9,9,10,10,10,9,4,3,7,2,5,5,1,5,4,8,8,9,8,9,2,4,4,11,10,5,7,5,7,11,8,4,6,8,12,11,6,6,,,5,1,,,7,8,7,9,7,11,11,11,11,10,6,4,6,6,6,11,9,11,5,5,10,5,12,6,,2,,,b'\x11\xe8\xe1I\xd6z.\xc0\x98|\x12\xdf\x17\xaeN\x1e'
11E8E149-D67A-2EC0-987C-12DF17AE4E1E,2019-ncaa-d2-natl,ncaa,166,160,182,172,207,158,142,158,130,89,81,129,260,259,241,275,143,92,277,92,160,145,109,168,193,227,284,280,140,83,45,200,259,144,131,154,187,278,264,233,146,171,52,81,,,158,107,,,179,120,41,146,134,104,99,45,41,274,261,126,71,70,72,31,54,184,96,152,285,136,38,,191,,,180,173,206,177,201,274,262,183,24,31,79,16,177,217,32,218,125,186,196,150,128,112,13,17,154,244,259,62,45,139,131,230,199,88,97,143,305,294,144,81,,,46,35,,,179,187,215,137,179,214,243,240,290,296,21,26,190,229,228,252,269,257,82,169,240,55,302,160,,5,,,b'\x11\xe8\xe1I\xd6z.\xc0\x98|\x12\xdf\x17\xaeN\x1e'
11E8E149-D67A-2EC0-987C-12DF17AE4E1E,2020-ncaa-d2-conf-Peach Belt,ncaa,5,5,5,5,6,6,8,10,4,9,11,3,4,4,8,2,6,6,11,5,1,10,6,4,4,6,3,4,4,8,7,9,9,8,6,4,2,12,12,9,9,9,1,1,,,9,11,,,10,5,6,4,7,8,10,9,12,4,3,6,5,5,9,7,10,10,11,4,12,9,1,,10,,,10,9,8,6,9,8,9,5,6,1,12,2,7,7,6,8,6,6,7,8,9,11,8,5,7,7,9,3,7,4,6,7,5,7,8,8,12,12,1,2,,,3,2,,,10,6,7,10,9,9,7,8,7,10,6,2,8,8,8,9,6,8,3,3,6,7,12,1,,2,,,b'\x11\xe8\xe1I\xd6z.\xc0\x98|\x12\xdf\x17\xaeN\x1e'
11E8E149-D67A-2EC0-987C-12DF17AE4E1E,2020-ncaa-d2-natl,ncaa,144,140,173,143,188,203,192,234,130,190,250,71,170,129,237,91,201,135,284,135,46,217,153,137,165,225,163,151,168,151,116,170,198,176,130,131,55,296,298,217,191,211,32,42,,,200,200,,,184,153,111,81,202,191,234,191,255,171,118,202,120,118,216,108,149,148,146,116,295,195,27,,227,,,183,129,149,168,126,205,248,95,51,35,140,25,169,190,95,197,134,176,170,92,89,90,56,41,192,199,198,76,116,114,130,146,154,128,138,129,306,302,77,126,,,120,83,,,184,158,225,111,184,149,163,195,213,274,56,38,187,198,204,208,212,210,72,122,160,119,308,84,,67,,,b'\x11\xe8\xe1I\xd6z.\xc0\x98|\x12\xdf\x17\xaeN\x1e'
11E8E149-D67A-2EC0-987C-12DF17AE4E1E,2021-ncaa-d2-conf-Peach Belt,ncaa,10,10,9,10,9,8,8,9,8,8,9,6,8,8,9,4,8,10,5,10,6,9,9,10,9,7,6,6,8,7,8,10,8,10,10,6,5,3,6,4,7,7,12,12,,,6,11,,,10,9,4,9,6,7,5,8,6,4,4,5,8,8,7,5,7,11,11,4,7,7,12,,10,,,9,5,6,3,12,7,4,12,4,3,8,1,8,7,10,6,10,3,3,12,12,12,4,1,9,2,8,4,8,4,10,5,2,7,6,6,4,9,5,6,,,8,4,,,10,4,6,11,9,12,10,3,12,10,4,1,12,11,11,6,7,2,9,5,6,5,9,6,,4,,,b'\x11\xe8\xe1I\xd6z.\xc0\x98|\x12\xdf\x17\xaeN\x1e'
11E8E149-D67A-2EC0-987C-12DF17AE4E1E,2021-ncaa-d2-natl,ncaa,190,156,173,192,181,175,174,172,168,172,176,130,166,151,181,70,179,182,128,186,161,175,176,166,167,160,120,98,139,160,122,191,176,190,189,157,78,55,142,120,162,122,214,223,,,70,190,,,182,175,68,121,139,126,79,129,113,110,61,153,151,166,92,79,90,210,181,93,147,117,224,,197,,,189,62,59,42,215,87,66,206,37,28,139,7,107,98,172,96,186,51,51,190,213,198,37,7,203,49,176,58,122,54,189,51,51,159,81,91,67,153,68,129,,,171,110,,,182,50,159,196,190,192,176,93,205,176,28,5,221,214,214,132,142,118,162,157,114,74,160,136,,88,,,b'\x11\xe8\xe1I\xd6z.\xc0\x98|\x12\xdf\x17\xaeN\x1e'
11E8E149-D67A-2EC0-987C-12DF17AE4E1E,2022-ncaa-d2-conf-Conference Carolinas,ncaa,3,7,1,6,1,1,1,1,3,1,1,2,3,3,7,8,1,1,7,1,8,1,1,3,3,4,10,10,8,3,4,1,8,1,5,1,5,11,5,4,8,10,8,11,,,11,5,,,7,1,4,4,2,2,5,3,4,6,5,5,4,5,4,3,4,2,4,2,5,10,9,,7,,,7,13,13,13,9,13,13,8,13,12,8,3,11,11,9,11,3,13,13,8,8,11,2,6,3,13,8,12,4,13,5,13,7,10,13,13,12,8,11,4,,,1,9,,,7,13,3,12,7,11,11,13,13,13,6,6,6,8,8,13,10,9,5,7,10,13,9,5,,7,,,b'\x11\xe8\xe1I\xd6z.\xc0\x98|\x12\xdf\x17\xaeN\x1e'
11E8E149-D67A-2EC0-987C-12DF17AE4E1E,2022-ncaa-d2-natl,ncaa,68,139,18,107,20,19,15,16,68,14,16,58,89,63,187,191,39,30,137,32,184,16,13,85,93,94,239,218,175,23,64,15,158,12,72,16,73,268,119,63,144,259,187,268,,,254,75,,,129,12,65,55,37,29,45,21,51,157,140,87,102,106,41,47,70,40,37,23,155,232,230,,134,,,134,298,299,300,172,297,299,157,249,254,143,78,254,246,154,250,58,301,294,147,135,207,49,90,75,286,158,255,64,284,72,296,170,139,273,272,272,151,182,65,,,29,205,,,129,290,77,216,134,254,268,285,276,290,145,158,147,147,150,279,240,222,120,168,241,247,195,108,,124,,,b'\x11\xe8\xe1I\xd6z.\xc0\x98|\x12\xdf\x17\xaeN\x1e'
11E8E149-D67A-2EC0-987C-12DF17AE4E1E,2023-ncaa-d2-conf-Conference Carolinas,ncaa,3,2,7,2,7,1,2,6,1,3,5,1,6,10,3,11,2,4,2,4,3,6,8,1,1,1,8,10,4,7,6,3,5,6,4,1,1,3,4,1,10,10,7,10,,,3,2,,,2,6,8,5,1,1,6,2,4,9,10,1,3,3,6,6,8,4,4,1,3,11,8,,4,,,2,5,7,9,5,6,8,5,7,8,7,8,3,3,6,3,1,9,7,6,5,5,5,9,3,6,5,3,6,3,4,9,10,11,10,10,7,6,1,1,,,4,3,,,2,7,2,5,2,6,6,9,6,8,9,8,3,3,3,6,6,5,2,3,9,11,6,1,,2,,,b'\x11\xe8\xe1I\xd6z.\xc0\x98|\x12\xdf\x17\xaeN\x1e'
11E8E149-D67A-2EC0-987C-12DF17AE4E1E,2023-ncaa-d2-natl,ncaa,59,29,148,46,166,89,103,155,57,88,126,59,155,167,117,191,34,56,38,54,54,136,136,68,45,58,150,205,40,95,63,97,128,96,51,48,19,136,135,50,185,198,191,217,,,32,29,,,40,152,106,146,40,66,120,53,100,146,172,13,34,33,85,86,85,47,48,18,154,181,189,,44,,,34,77,106,172,58,122,184,66,104,131,86,128,46,55,100,57,44,150,145,54,45,57,89,148,71,166,128,68,63,96,51,181,235,154,151,170,196,187,24,21,,,79,53,,,40,141,47,68,39,91,127,229,149,228,115,141,61,63,64,198,185,182,58,106,193,144,200,32,,45,,,b'\x11\xe8\xe1I\xd6z.\xc0\x98|\x12\xdf\x17\xaeN\x1e'
11E8E149-D67A-2EC0-987C-12DF17AE4E1E,2024-ncaa-d2-conf-Conference Carolinas,ncaa,3,2,8,3,8,2,3,4,2,3,5,2,3,3,4,6,6,6,6,6,9,3,3,2,3,3,7,6,11,2,2,1,1,1,1,2,6,4,3,3,12,12,12,13,,,2,3,,,2,8,5,8,1,1,2,2,3,1,3,5,5,5,2,2,2,1,1,1,5,13,13,,3,,,2,3,6,9,6,9,12,3,4,5,6,4,3,4,1,4,2,7,4,5,5,7,2,5,3,2,1,1,2,1,1,10,14,14,13,14,4,4,5,4,,,7,7,,,2,6,1,6,2,5,7,12,9,12,4,4,3,4,4,7,6,3,3,2,9,13,6,5,,6,,,b'\x11\xe8\xe1I\xd6z.\xc0\x98|\x12\xdf\x17\xaeN\x1e'
11E8E149-D67A-2EC0-987C-12DF17AE4E1E,2024-ncaa-d2-natl,ncaa,73,31,207,45,240,116,116,164,59,132,167,75,109,137,50,133,141,162,81,166,158,165,171,58,54,79,117,116,177,73,20,76,30,71,7,105,111,139,153,108,263,259,256,273,,,23,28,,,37,212,97,227,42,43,61,74,105,63,95,103,121,126,70,72,48,11,7,58,187,250,249,,37,,,22,39,58,124,42,95,194,28,51,49,136,45,40,70,10,71,42,100,73,40,18,57,52,102,74,53,30,25,20,25,7,159,253,240,233,242,157,169,42,44,,,181,171,,,37,82,51,44,32,67,115,223,149,272,74,60,58,99,99,202,149,90,27,38,202,217,192,52,,122,,,b'\x11\xe8\xe1I\xd6z.\xc0\x98|\x12\xdf\x17\xaeN\x1e'
11E8E149-D67A-2EC0-987C-12DF17AE4E1E,2025-ncaa-d2-conf-Conference Carolinas,genius_ncaa,2,2,2,2,2,1,1,1,1,1,2,2,2,3,1,5,4,5,8,4,12,1,2,1,1,1,5,3,14,2,4,4,4,2,4,2,8,2,1,1,6,8,2,2,,,2,2,,8,1,2,5,1,1,1,1,1,2,1,2,4,7,5,1,3,3,4,2,2,2,8,2,,2,,8,1,11,11,12,10,11,11,9,10,10,11,7,4,3,2,5,4,11,10,10,8,8,5,8,1,4,4,10,4,9,4,11,9,3,6,8,3,2,3,3,,,5,11,,7,1,14,1,5,2,10,10,11,10,9,10,7,4,4,6,9,11,4,10,8,10,5,3,3,,7,,7,b'\x11\xe8\xe1I\xd6z.\xc0\x98|\x12\xdf\x17\xaeN\x1e'
11E8E149-D67A-2EC0-987C-12DF17AE4E1E,2025-ncaa-d2-natl,genius_ncaa,32,31,43,31,43,23,23,18,52,23,26,69,40,49,40,141,82,72,145,68,200,20,22,50,58,41,165,120,233,24,38,52,71,26,42,44,157,155,34,48,75,136,91,135,,,118,20,,199,18,30,67,19,14,13,14,25,43,55,81,110,108,104,16,33,35,65,23,48,93,120,124,,51,,154,16,215,234,251,118,240,252,131,172,206,106,140,127,163,36,170,93,246,265,111,89,63,84,137,82,150,71,206,38,193,42,234,186,38,75,103,133,36,90,27,,,85,227,,82,18,271,25,51,17,110,145,186,169,194,124,156,77,101,109,158,213,93,123,103,181,66,76,54,,137,,99,b'\x11\xe8\xe1I\xd6z.\xc0\x98|\x12\xdf\x17\xaeN\x1e'
11E8E149-D67A-2EC0-987C-12DF17AE4E1E,2026-ncaa-d2-conf-Conference Carolinas,genius_ncaa,2,1,8,1,10,8,8,8,6,7,9,3,11,7,13,6,11,10,10,10,8,8,8,9,11,6,12,13,11,5,3,14,11,7,5,7,2,4,4,1,5,2,7,6,,,3,1,,5,2,10,7,3,1,1,3,2,5,10,3,8,9,7,3,3,2,12,2,1,6,2,5,,2,,7,2,4,6,5,14,5,6,6,8,2,15,3,3,2,2,2,2,3,7,13,8,5,4,11,2,8,11,5,3,5,5,7,10,6,2,5,8,11,3,4,,,11,10,,11,2,6,4,4,2,5,9,7,8,11,11,1,3,3,3,4,10,8,8,7,12,2,13,5,,8,,10,b'\x11\xe8\xe1I\xd6z.\xc0\x98|\x12\xdf\x17\xaeN\x1e'
11E8E149-D67A-2EC0-987C-12DF17AE4E1E,2026-ncaa-d2-natl,genius_ncaa,65,98,59,100,84,89,90,65,184,64,47,190,151,133,193,202,91,73,192,65,159,61,51,194,203,194,214,199,132,29,33,141,237,84,128,75,101,242,177,158,48,72,58,87,,,144,46,,158,111,69,62,88,112,115,52,85,51,184,175,112,97,86,46,36,32,232,110,92,224,61,78,,69,,157,114,180,210,198,188,216,217,153,168,147,181,109,86,115,44,118,55,191,230,179,149,71,65,134,51,245,237,184,33,201,128,223,206,20,28,83,267,227,216,155,,,69,166,,132,111,222,165,87,119,118,171,152,187,202,125,99,50,64,67,128,226,212,112,163,205,24,253,206,,96,,163,b'\x11\xe8\xe1I\xd6z.\xc0\x98|\x12\xdf\x17\xaeN\x1e'
11E8E149-D67F-8D20-987C-12DF17AE4E1E,2018-ncaa-d2-conf-NE10,ncaa,15,15,14,15,14,15,15,15,15,15,14,15,11,11,9,11,15,14,11,13,11,15,13,14,14,15,5,5,6,14,14,12,12,14,14,14,10,15,15,14,14,12,11,10,,,10,11,,,15,12,3,6,15,15,14,14,12,10,10,11,11,11,14,9,14,10,14,14,15,12,9,,12,,,15,15,15,7,15,14,7,15,14,9,15,9,9,10,4,10,11,8,5,15,15,15,10,14,5,8,12,8,14,7,14,15,15,14,12,15,12,13,7,12,,,14,12,,,15,5,15,15,15,15,15,12,15,9,15,12,11,12,11,14,13,12,10,13,15,12,13,11,,13,,,b'\x11\xe8\xe1I\xd6\x7f\x8d \x98|\x12\xdf\x17\xaeN\x1e'
11E8E149-D67F-8D20-987C-12DF17AE4E1E,2018-ncaa-d2-natl,ncaa,279,286,206,284,215,290,284,266,274,271,218,291,239,260,175,208,273,269,182,266,252,275,245,272,276,291,171,160,161,257,259,204,191,235,246,266,172,256,300,287,247,246,129,131,,,159,224,,,294,237,183,64,303,295,280,281,195,239,252,270,270,260,288,221,248,174,224,270,284,241,113,,221,,,289,142,171,115,224,174,128,213,152,114,234,123,83,109,64,118,134,103,90,220,204,224,112,154,93,144,191,149,259,141,246,277,297,220,206,283,148,226,191,230,,,235,169,,,294,84,297,226,289,209,224,188,227,200,189,141,128,153,161,183,163,190,218,207,286,197,188,217,,212,,,b'\x11\xe8\xe1I\xd6\x7f\x8d \x98|\x12\xdf\x17\xaeN\x1e'
11E8E149-D67F-8D20-987C-12DF17AE4E1E,2019-ncaa-d2-conf-NE10,ncaa,15,15,10,15,11,14,14,13,15,13,10,15,13,14,5,13,7,7,11,5,3,13,9,15,14,15,8,10,2,11,9,11,7,11,10,11,6,14,15,15,12,10,12,13,,,12,14,,,15,8,4,11,15,15,12,13,7,12,13,6,4,4,12,5,10,10,11,13,15,9,12,,15,,,15,13,12,6,13,13,8,14,4,5,5,6,12,11,11,11,12,5,6,13,14,15,3,2,11,5,7,7,9,7,10,13,12,12,11,13,10,11,11,13,,,6,7,,,15,8,15,14,15,15,15,9,15,11,7,5,13,14,13,11,11,7,11,10,13,8,11,13,,5,,,b'\x11\xe8\xe1I\xd6\x7f\x8d \x98|\x12\xdf\x17\xaeN\x1e'
11E8E149-D67F-8D20-987C-12DF17AE4E1E,2019-ncaa-d2-natl,ncaa,278,285,227,284,248,269,258,266,210,227,192,246,266,282,134,271,245,225,213,224,215,263,242,228,231,266,232,232,128,234,216,241,111,245,184,180,58,250,292,229,232,204,198,184,,,174,265,,,269,232,162,192,274,257,273,197,131,265,284,212,196,188,265,187,213,207,232,160,279,204,185,,238,,,266,126,129,64,259,151,83,249,105,85,205,139,149,127,217,128,185,66,61,252,250,237,115,113,172,55,111,91,216,61,184,240,273,205,160,250,81,133,238,265,,,207,132,,,269,73,273,229,268,209,208,118,209,134,166,124,203,181,180,125,110,87,169,127,271,172,123,268,,154,,,b'\x11\xe8\xe1I\xd6\x7f\x8d \x98|\x12\xdf\x17\xaeN\x1e'
11E8E149-D67F-8D20-987C-12DF17AE4E1E,2020-ncaa-d2-conf-NE10,ncaa,10,10,11,10,13,9,7,12,4,5,7,5,12,13,7,13,10,11,10,11,13,12,12,5,7,8,14,12,11,12,8,10,9,11,8,9,10,9,12,10,12,9,13,11,,,5,10,,,10,10,6,8,7,7,11,2,3,12,13,10,9,9,11,8,10,6,7,7,12,8,12,,10,,,10,7,7,6,9,4,3,11,13,13,10,13,6,6,8,6,9,5,4,12,10,12,13,13,4,4,9,4,8,3,8,9,12,12,9,12,6,10,2,2,,,12,10,,,10,5,8,11,10,11,11,9,6,4,14,13,8,8,8,8,7,7,5,5,12,8,10,3,,10,,,b'\x11\xe8\xe1I\xd6\x7f\x8d \x98|\x12\xdf\x17\xaeN\x1e'
11E8E149-D67F-8D20-987C-12DF17AE4E1E,2020-ncaa-d2-natl,ncaa,193,170,257,188,276,255,219,284,56,143,186,74,285,295,185,281,288,284,150,282,296,290,280,110,133,192,304,280,262,269,185,201,141,248,118,162,87,183,281,180,218,169,192,141,,,42,123,,,171,276,201,227,215,158,257,57,102,283,298,270,281,280,278,235,244,97,171,112,256,177,169,,111,,,175,41,50,58,86,31,28,127,205,234,111,298,29,23,257,24,98,42,37,117,99,121,259,291,69,107,141,20,185,31,118,165,286,228,161,220,72,155,77,95,,,283,241,,,171,34,207,134,177,103,115,166,68,46,261,289,51,35,37,128,112,178,50,88,235,170,137,115,,270,,,b'\x11\xe8\xe1I\xd6\x7f\x8d \x98|\x12\xdf\x17\xaeN\x1e'
11E8E149-D67F-8D20-987C-12DF17AE4E1E,2021-ncaa-d2-conf-NE10,ncaa,2,2,2,2,2,2,2,3,1,2,2,1,2,3,1,3,3,3,1,3,3,3,3,1,1,1,3,2,3,3,3,2,2,3,1,2,1,2,3,1,2,2,2,2,,,1,2,,,2,2,1,1,2,1,3,1,1,2,3,3,3,3,3,3,3,1,3,1,3,2,2,,2,,,2,2,2,2,3,1,1,1,2,2,3,3,2,1,2,1,2,2,2,3,3,3,3,3,2,1,2,1,3,1,1,2,1,2,3,2,1,3,1,2,,,2,2,,,2,2,2,3,2,3,3,3,1,1,3,3,3,2,2,3,3,2,1,1,2,2,2,2,,2,,,b'\x11\xe8\xe1I\xd6\x7f\x8d \x98|\x12\xdf\x17\xaeN\x1e'
11E8E149-D67F-8D20-987C-12DF17AE4E1E,2021-ncaa-d2-natl,ncaa,211,8,222,211,223,222,221,225,29,221,224,25,223,225,179,174,222,223,4,223,184,225,225,53,41,143,212,210,122,225,200,223,70,225,79,221,51,6,223,181,222,147,224,102,,,4,223,,,122,223,123,121,172,144,223,82,163,209,215,166,209,207,225,194,220,75,174,86,214,148,130,,218,,,156,4,3,3,38,4,4,16,5,4,162,143,5,5,215,5,222,4,4,57,117,116,222,163,224,4,70,2,200,2,79,1,5,223,100,8,5,191,5,196,,,225,36,,,122,3,168,107,156,103,22,33,12,31,155,134,224,217,217,93,92,82,17,27,2,112,164,178,,96,,,b'\x11\xe8\xe1I\xd6\x7f\x8d \x98|\x12\xdf\x17\xaeN\x1e'
11E8E149-D67F-8D20-987C-12DF17AE4E1E,2022-ncaa-d2-conf-NE10,ncaa,10,10,4,10,9,6,4,3,8,5,4,10,4,6,3,7,9,11,6,11,12,3,4,6,6,6,5,4,11,12,14,9,13,9,14,5,7,10,7,8,1,1,10,12,,,8,6,,,10,3,1,11,4,3,2,5,2,3,5,11,11,11,3,3,12,9,13,4,8,1,10,,9,,,10,13,13,13,12,13,13,13,9,10,3,10,8,7,12,7,5,13,13,11,10,9,5,6,6,14,13,14,14,14,14,14,10,3,6,10,2,2,3,1,,,12,12,,,10,12,8,11,10,14,13,14,13,13,9,10,7,7,7,14,14,14,14,14,14,2,3,3,,12,,,b'\x11\xe8\xe1I\xd6\x7f\x8d \x98|\x12\xdf\x17\xaeN\x1e'
11E8E149-D67F-8D20-987C-12DF17AE4E1E,2022-ncaa-d2-natl,ncaa,150,179,106,169,135,110,96,81,153,98,65,185,113,139,79,178,182,211,48,217,281,93,95,152,158,154,178,133,238,166,228,116,231,138,250,102,137,186,145,137,39,50,125,162,,,177,88,,,160,86,49,206,115,89,66,99,69,112,151,213,245,249,97,101,191,139,174,97,165,37,137,,153,,,160,211,228,238,139,236,239,166,154,204,82,143,129,109,250,110,55,229,225,128,126,112,74,122,83,260,231,246,228,262,250,249,213,70,107,156,52,23,182,133,,,190,266,,,160,219,169,133,155,200,223,253,238,244,137,185,118,93,95,236,252,246,252,263,237,67,33,172,,238,,,b'\x11\xe8\xe1I\xd6\x7f\x8d \x98|\x12\xdf\x17\xaeN\x1e'
11E8E149-D67F-8D20-987C-12DF17AE4E1E,2023-ncaa-d2-conf-NE10,ncaa,12,12,3,12,4,11,11,8,10,10,8,9,11,10,10,9,7,12,2,11,10,10,5,10,9,11,10,12,6,10,11,9,9,10,11,8,4,13,11,12,6,6,6,6,,,12,8,,,12,4,6,7,12,12,10,11,10,12,12,9,12,12,11,9,12,11,12,10,11,6,8,,9,,,12,13,12,10,11,7,5,10,13,13,13,11,8,8,10,9,10,10,10,13,13,12,12,13,4,9,9,8,11,8,11,13,12,9,8,12,12,12,3,2,,,10,11,,,12,10,12,13,12,11,10,9,7,2,13,12,8,6,8,8,8,9,7,6,13,8,12,2,,12,,,b'\x11\xe8\xe1I\xd6\x7f\x8d \x98|\x12\xdf\x17\xaeN\x1e'
11E8E149-D67F-8D20-987C-12DF17AE4E1E,2023-ncaa-d2-natl,ncaa,207,250,68,229,101,209,196,188,173,142,107,197,241,251,197,246,208,259,9,256,280,205,167,210,195,239,256,241,161,214,216,148,166,181,191,129,56,263,271,205,159,176,110,87,,,147,151,,,255,152,254,208,278,258,278,193,164,262,274,244,282,282,292,276,248,224,256,162,226,197,122,,98,,,249,188,193,167,207,122,123,139,276,212,289,232,82,75,156,78,106,150,146,246,225,216,251,279,47,160,166,137,216,149,191,277,277,148,144,246,258,269,40,30,,,218,246,,,255,143,254,226,254,132,152,86,77,57,260,182,56,53,54,53,46,126,68,88,255,184,234,28,,275,,,b'\x11\xe8\xe1I\xd6\x7f\x8d \x98|\x12\xdf\x17\xaeN\x1e'
11E8E149-D67F-8D20-987C-12DF17AE4E1E,2024-ncaa-d2-conf-NE10,ncaa,5,6,1,6,2,3,4,1,10,2,1,10,4,3,8,7,1,1,4,1,3,1,1,10,8,8,3,8,1,1,3,7,5,1,5,4,5,11,7,6,1,2,2,2,,,11,7,,,6,1,2,6,5,9,3,7,4,8,7,1,2,2,2,2,3,7,6,5,8,2,3,,6,,,6,11,11,11,7,7,8,7,12,12,9,11,6,9,1,8,7,10,12,8,7,6,10,11,2,7,5,9,3,8,5,11,10,1,2,6,9,4,10,8,,,1,4,,,6,12,7,5,6,6,6,7,3,4,11,11,5,5,5,4,7,6,5,5,8,2,5,8,,3,,,b'\x11\xe8\xe1I\xd6\x7f\x8d \x98|\x12\xdf\x17\xaeN\x1e'
11E8E149-D67F-8D20-987C-12DF17AE4E1E,2024-ncaa-d2-natl,ncaa,55,93,26,80,47,119,145,83,228,109,51,238,199,198,196,241,41,60,39,56,123,78,80,236,199,179,164,239,32,78,90,99,74,82,75,112,85,188,126,131,94,107,30,24,,,181,128,,,114,73,252,227,222,246,228,196,123,244,250,78,116,115,217,230,131,204,184,174,105,146,38,,73,,,118,139,168,196,93,138,170,80,209,214,170,206,67,81,70,79,53,179,203,113,78,72,162,226,52,121,74,158,90,142,75,196,200,76,90,112,61,36,275,257,,,44,60,,,114,217,167,58,122,23,40,38,39,52,142,132,25,30,29,16,27,41,35,27,107,140,23,259,,108,,,b'\x11\xe8\xe1I\xd6\x7f\x8d \x98|\x12\xdf\x17\xaeN\x1e'
11E8E149-D67F-8D20-987C-12DF17AE4E1E,2025-ncaa-d2-conf-NE10,genius_ncaa,10,10,8,10,9,10,11,11,6,10,11,6,9,10,5,7,5,6,5,6,2,11,10,6,6,8,5,7,1,9,7,7,11,8,7,6,3,8,11,9,10,9,6,6,,,3,5,,2,11,10,7,7,7,11,11,8,9,8,9,3,5,5,10,7,8,6,8,6,11,9,6,,6,,4,11,6,6,6,7,3,3,6,10,8,11,8,3,3,2,3,6,5,3,7,7,9,9,10,3,10,11,1,7,3,7,9,10,11,10,10,7,9,2,5,,,6,2,,8,11,2,8,10,11,8,9,10,7,7,10,10,5,5,5,10,6,10,2,6,10,11,8,5,,4,,8,b'\x11\xe8\xe1I\xd6\x7f\x8d \x98|\x12\xdf\x17\xaeN\x1e'
11E8E149-D67F-8D20-987C-12DF17AE4E1E,2025-ncaa-d2-natl,genius_ncaa,195,200,207,203,219,269,271,281,210,265,259,222,229,245,171,173,215,243,74,246,162,283,270,211,192,222,136,174,83,249,200,195,115,227,133,155,13,165,270,172,238,206,143,99,,,36,115,,71,226,268,284,188,285,291,297,274,254,225,242,202,235,234,297,290,243,154,220,127,209,230,135,,61,,93,222,51,70,72,132,38,49,99,227,179,268,249,14,19,30,22,67,49,33,184,130,181,246,287,24,77,115,34,200,39,133,253,298,264,240,290,93,189,84,161,,,217,88,,245,226,37,234,178,226,86,111,108,55,58,251,220,18,28,37,71,32,107,61,70,265,262,127,99,,182,,238,b'\x11\xe8\xe1I\xd6\x7f\x8d \x98|\x12\xdf\x17\xaeN\x1e'
11E8E149-D67F-8D20-987C-12DF17AE4E1E,2026-ncaa-d2-conf-NE10,genius_ncaa,9,10,2,9,2,6,6,5,10,6,4,10,6,5,8,5,3,4,4,4,5,5,4,10,10,10,4,6,2,3,2,3,10,3,4,5,6,9,10,10,4,6,2,2,,,7,3,,8,10,5,10,1,10,10,10,10,8,9,7,6,7,7,10,7,5,8,7,10,10,5,3,,3,,9,9,8,8,9,8,8,8,8,9,9,7,8,5,5,4,5,3,9,6,8,8,9,7,9,2,9,10,6,2,7,4,10,9,6,8,9,9,9,7,6,,,4,9,,10,10,6,10,9,9,7,7,8,7,5,9,9,2,1,1,7,3,8,2,4,9,9,9,4,,9,,10,b'\x11\xe8\xe1I\xd6\x7f\x8d \x98|\x12\xdf\x17\xaeN\x1e'
11E8E149-D67F-8D20-987C-12DF17AE4E1E,2026-ncaa-d2-natl,genius_ncaa,276,272,141,276,170,264,263,214,288,271,220,289,197,165,231,90,256,257,163,259,257,228,209,283,286,290,92,87,181,166,169,221,285,212,262,241,123,193,270,260,235,243,92,80,,,73,57,,60,282,213,251,88,293,293,255,289,245,194,155,280,282,283,281,246,163,252,231,256,232,240,88,,59,,65,280,142,165,162,157,152,125,204,195,218,111,241,64,62,156,63,61,146,118,171,150,202,134,208,40,263,285,139,169,190,262,266,295,233,262,291,130,178,155,218,,,274,294,,271,282,83,287,265,287,179,212,248,181,156,216,261,58,47,51,211,138,282,168,255,288,255,149,173,,295,,280,b'\x11\xe8\xe1I\xd6\x7f\x8d \x98|\x12\xdf\x17\xaeN\x1e'
11E8E149-D683-FA54-987C-12DF17AE4E1E,2018-ncaa-d2-conf-PacWest,ncaa,7,5,7,6,11,6,9,8,9,8,9,9,6,5,8,7,5,7,5,7,3,8,11,8,8,5,3,5,7,8,10,10,13,9,13,11,13,1,2,6,7,7,3,5,,,10,11,,,7,11,9,5,6,9,7,8,9,5,5,4,5,5,5,10,6,9,8,11,1,6,3,,11,,,7,7,6,8,8,8,11,7,2,1,6,1,10,10,8,10,9,10,7,6,9,7,4,2,11,13,13,10,10,11,13,7,7,6,5,7,1,1,7,5,,,7,4,,,7,6,5,9,7,8,8,8,10,11,3,3,11,11,11,10,9,13,12,12,7,5,1,7,,3,,,b'\x11\xe8\xe1I\xd6\x83\xfaT\x98|\x12\xdf\x17\xaeN\x1e'
11E8E149-D683-FA54-987C-12DF17AE4E1E,2018-ncaa-d2-natl,ncaa,161,132,250,155,264,148,175,167,193,214,228,159,87,66,168,46,118,137,117,135,53,164,200,167,150,109,39,69,104,210,241,209,246,213,268,235,260,19,29,123,177,165,87,89,,,208,241,,,158,200,55,145,61,98,39,171,175,47,18,62,69,68,33,83,162,117,129,206,45,126,60,,280,,,159,156,157,121,206,207,171,211,64,73,116,71,198,206,111,198,182,127,133,184,185,184,76,53,208,212,246,216,241,221,268,190,185,164,147,179,25,35,119,180,,,150,73,,,158,116,116,216,148,259,254,250,278,268,124,126,254,261,258,264,266,272,285,290,243,95,51,163,,48,,,b'\x11\xe8\xe1I\xd6\x83\xfaT\x98|\x12\xdf\x17\xaeN\x1e'
11E8E149-D683-FA54-987C-12DF17AE4E1E,2019-ncaa-d2-conf-PacWest,ncaa,5,5,4,5,5,4,4,2,9,4,5,8,4,1,7,4,1,1,3,1,2,2,3,8,7,4,1,6,3,2,6,5,6,3,6,4,9,1,1,4,7,8,3,3,,,9,6,,,5,3,1,6,4,4,1,4,4,4,1,1,1,1,1,1,3,4,3,5,1,7,3,,9,,,5,10,9,10,6,9,12,6,2,2,8,1,9,10,5,10,5,10,11,5,5,6,3,2,7,10,6,12,6,12,6,4,2,4,6,3,1,1,2,1,,,2,7,,,5,10,4,6,5,9,9,11,9,12,3,2,9,9,9,12,12,9,12,12,4,5,1,2,,2,,,b'\x11\xe8\xe1I\xd6\x83\xfaT\x98|\x12\xdf\x17\xaeN\x1e'
11E8E149-D683-FA54-987C-12DF17AE4E1E,2019-ncaa-d2-natl,ncaa,97,74,182,91,222,83,138,58,257,185,127,248,72,44,207,72,28,28,117,32,28,47,84,237,211,123,32,86,26,61,143,87,187,64,191,154,193,20,9,60,142,176,21,29,,,191,129,,,90,103,18,258,36,95,9,160,98,52,20,6,7,10,7,18,32,25,17,152,20,123,6,,222,,,88,170,167,221,91,207,261,69,88,96,141,42,216,233,52,234,151,229,233,70,71,77,91,66,201,259,187,295,143,289,191,106,55,104,143,81,7,2,47,37,,,82,119,,,90,222,90,89,85,211,208,280,234,294,108,112,233,247,250,289,291,266,299,296,119,67,6,53,,30,,,b'\x11\xe8\xe1I\xd6\x83\xfaT\x98|\x12\xdf\x17\xaeN\x1e'
11E8E149-D683-FA54-987C-12DF17AE4E1E,2020-ncaa-d2-conf-PacWest,ncaa,5,6,1,6,1,3,3,3,6,3,2,5,6,5,8,7,4,3,8,3,3,2,2,7,7,5,6,7,5,5,6,4,7,4,5,6,10,3,2,5,9,11,3,5,,,11,8,,,6,1,4,5,5,4,5,5,3,7,6,5,3,3,4,5,5,6,4,7,2,10,3,,11,,,6,9,9,11,4,10,12,4,4,3,4,2,10,11,2,11,5,12,11,5,4,5,2,2,9,9,7,10,6,10,5,6,2,7,11,5,4,2,5,3,,,2,4,,,6,12,5,4,6,6,8,9,8,10,3,2,9,10,10,9,9,8,9,8,5,9,2,3,,3,,,b'\x11\xe8\xe1I\xd6\x83\xfaT\x98|\x12\xdf\x17\xaeN\x1e'
11E8E149-D683-FA54-987C-12DF17AE4E1E,2020-ncaa-d2-natl,ncaa,112,140,54,133,100,49,56,27,167,64,59,141,89,45,201,117,46,45,160,48,98,28,48,166,163,104,134,147,120,102,176,28,104,42,125,122,229,62,15,75,217,277,136,213,,,267,189,,,102,37,27,309,57,60,28,83,84,104,57,67,60,61,27,60,130,31,44,155,30,252,162,,241,,,105,265,259,291,75,279,301,75,114,169,61,46,260,269,57,269,146,299,280,59,60,125,67,47,203,224,104,279,176,263,125,165,67,193,284,192,86,30,95,43,,,75,168,,,102,281,111,122,102,212,218,288,244,296,86,128,225,251,251,292,264,183,234,222,129,243,51,63,,95,,,b'\x11\xe8\xe1I\xd6\x83\xfaT\x98|\x12\xdf\x17\xaeN\x1e'
11E8E149-D683-FA54-987C-12DF17AE4E1E,2021-ncaa-d2-conf-PacWest,ncaa,3,2,8,3,8,6,5,7,1,4,4,4,7,9,3,9,8,7,9,7,9,7,8,4,6,5,9,9,10,6,4,3,2,4,2,7,9,5,5,8,8,8,4,4,,,5,6,,,2,8,4,4,3,2,3,1,3,7,8,7,5,4,3,4,4,1,1,7,6,8,3,,6,,,2,4,5,4,3,5,7,2,2,3,2,2,4,6,2,6,6,3,3,2,2,2,3,2,6,3,2,3,4,3,2,3,2,8,9,5,3,2,3,2,,,8,10,,,2,3,4,3,2,3,4,8,6,8,3,2,6,7,7,9,5,4,4,3,2,9,2,4,,8,,,b'\x11\xe8\xe1I\xd6\x83\xfaT\x98|\x12\xdf\x17\xaeN\x1e'
11E8E149-D683-FA54-987C-12DF17AE4E1E,2021-ncaa-d2-natl,ncaa,106,35,185,61,188,172,163,177,57,138,156,67,178,187,108,194,183,187,169,187,203,181,183,78,97,72,213,187,190,175,89,161,23,169,25,184,219,31,40,114,204,199,144,127,,,49,152,,,69,183,45,121,48,24,29,12,24,156,173,143,122,129,32,51,85,4,20,163,55,193,86,,164,,,58,44,48,46,68,62,70,69,26,32,31,13,50,57,37,55,77,49,39,36,38,92,17,14,140,30,23,39,89,35,25,25,6,203,217,110,18,8,34,25,,,191,190,,,69,43,77,76,65,123,140,185,184,210,21,30,138,168,168,191,143,67,107,79,18,210,8,64,,154,,,b'\x11\xe8\xe1I\xd6\x83\xfaT\x98|\x12\xdf\x17\xaeN\x1e'
11E8E149-D683-FA54-987C-12DF17AE4E1E,2022-ncaa-d2-conf-PacWest,ncaa,8,8,9,8,9,9,9,8,9,8,6,10,8,8,7,6,6,4,7,4,2,8,7,9,9,9,4,7,1,2,2,7,6,4,4,9,11,7,7,9,11,11,8,8,,,10,11,,,8,9,6,1,9,9,4,9,5,8,6,2,3,3,4,3,2,3,1,9,8,11,7,,11,,,9,4,2,4,6,6,6,4,5,4,8,3,8,11,3,11,9,5,5,8,6,8,6,5,9,5,6,3,2,4,4,2,3,9,9,7,7,7,4,5,,,4,5,,,8,3,9,8,9,8,8,6,6,10,5,4,11,11,11,8,6,6,6,7,4,8,8,5,,2,,,b'\x11\xe8\xe1I\xd6\x83\xfaT\x98|\x12\xdf\x17\xaeN\x1e'
11E8E149-D683-FA54-987C-12DF17AE4E1E,2022-ncaa-d2-natl,ncaa,200,179,222,202,233,225,240,199,277,236,165,276,217,207,218,200,121,99,231,102,74,181,188,274,264,243,100,182,32,46,39,158,130,105,69,279,296,108,135,268,287,292,231,242,,,206,280,,,197,227,133,136,205,241,92,220,88,199,161,66,44,44,57,64,22,53,15,289,171,287,218,,271,,,195,73,79,93,112,124,144,101,46,49,101,53,135,187,25,193,193,107,79,93,82,153,86,61,206,118,130,111,39,114,69,28,31,254,251,148,139,179,115,128,,,119,52,,,197,73,200,160,193,157,162,204,203,247,74,79,199,241,243,226,176,182,208,204,64,233,210,157,,33,,,b'\x11\xe8\xe1I\xd6\x83\xfaT\x98|\x12\xdf\x17\xaeN\x1e'
11E8E149-D683-FA54-987C-12DF17AE4E1E,2023-ncaa-d2-conf-PacWest,ncaa,7,7,6,7,7,7,7,6,9,7,7,9,7,4,10,5,3,2,6,2,3,6,7,9,8,8,5,5,3,1,1,9,7,5,3,8,10,2,4,8,10,8,8,8,,,7,10,,,5,8,5,6,6,7,3,7,3,6,3,3,2,2,1,2,1,9,4,8,5,8,8,,9,,,5,2,1,3,4,3,3,2,3,3,6,4,9,7,8,8,11,3,3,3,5,4,9,3,11,3,7,3,1,2,3,1,4,6,5,2,2,3,6,4,,,4,2,,,5,2,8,4,7,3,1,3,2,5,3,3,10,10,10,6,5,6,5,4,1,6,4,5,,2,,,b'\x11\xe8\xe1I\xd6\x83\xfaT\x98|\x12\xdf\x17\xaeN\x1e'
11E8E149-D683-FA54-987C-12DF17AE4E1E,2023-ncaa-d2-natl,ncaa,152,118,239,147,243,217,227,167,274,219,167,264,191,132,264,135,149,121,237,124,101,160,205,273,274,217,114,157,70,55,32,213,95,146,53,271,288,23,32,202,244,219,237,221,,,134,250,,,96,239,163,60,168,194,32,187,70,156,78,96,53,54,23,60,23,145,42,272,63,222,218,,230,,,93,24,22,33,53,25,57,44,52,49,118,82,138,169,26,172,240,42,41,51,55,63,192,102,257,38,95,64,32,40,53,10,34,193,129,46,11,22,50,69,,,155,80,,,96,48,171,53,100,56,36,65,54,134,76,73,196,237,242,103,114,89,151,111,19,143,42,89,,58,,,b'\x11\xe8\xe1I\xd6\x83\xfaT\x98|\x12\xdf\x17\xaeN\x1e'
11E8E149-D683-FA54-987C-12DF17AE4E1E,2024-ncaa-d2-conf-PacWest,ncaa,2,2,1,2,2,5,5,3,8,7,7,8,3,3,7,2,6,1,11,1,2,2,2,7,7,7,3,2,5,3,3,7,7,3,4,6,7,4,3,6,8,9,9,9,,,10,10,,,4,4,9,5,5,7,6,8,10,3,3,6,3,3,4,5,3,10,5,7,3,10,9,,7,,,4,6,5,4,4,7,10,4,3,2,3,2,7,7,1,7,7,5,6,3,4,4,2,2,9,4,7,6,3,7,4,2,1,6,6,1,4,4,8,9,,,2,3,,,4,5,5,4,4,2,3,2,5,7,2,2,6,7,7,1,2,4,2,2,1,7,3,8,,4,,,b'\x11\xe8\xe1I\xd6\x83\xfaT\x98|\x12\xdf\x17\xaeN\x1e'
11E8E149-D683-FA54-987C-12DF17AE4E1E,2024-ncaa-d2-natl,ncaa,73,59,117,69,141,164,193,137,253,240,233,216,80,36,204,26,125,76,271,78,16,120,132,222,222,201,24,38,93,43,23,205,196,124,83,190,164,122,117,172,195,198,256,267,,,254,284,,,110,189,233,150,193,233,148,271,268,61,26,127,75,75,114,127,34,241,129,207,125,210,270,,250,,,110,61,59,77,90,125,159,91,26,40,35,38,184,218,27,210,196,90,112,60,72,62,63,25,241,160,196,79,23,98,83,20,16,120,98,28,102,107,166,225,,,71,54,,,110,100,147,72,112,37,37,29,108,143,13,24,168,195,186,52,83,144,56,82,13,126,107,165,,55,,,b'\x11\xe8\xe1I\xd6\x83\xfaT\x98|\x12\xdf\x17\xaeN\x1e'
11E8E149-D683-FA54-987C-12DF17AE4E1E,2025-ncaa-d2-conf-PacWest,genius_ncaa,7,7,4,7,4,8,10,4,13,12,10,9,4,3,12,4,7,5,12,5,3,4,5,12,10,11,3,5,5,9,11,12,14,11,13,12,12,9,6,13,5,7,9,10,,,13,11,,7,7,2,3,2,8,12,6,13,10,4,3,5,5,5,5,4,9,12,12,13,9,6,9,,13,,8,7,5,4,7,5,11,13,6,1,2,1,2,13,12,13,12,11,11,13,1,5,1,3,1,14,14,14,13,11,14,13,1,2,1,1,1,13,10,13,13,,,4,5,,2,7,13,11,3,7,6,4,7,9,10,1,2,13,11,11,9,13,13,13,14,2,1,12,12,,4,,2,b'\x11\xe8\xe1I\xd6\x83\xfaT\x98|\x12\xdf\x17\xaeN\x1e'
11E8E149-D683-FA54-987C-12DF17AE4E1E,2025-ncaa-d2-natl,genius_ncaa,132,141,109,139,132,185,205,113,283,246,216,248,94,26,275,27,136,106,230,105,40,110,117,273,273,239,33,62,90,131,215,133,229,128,246,271,286,122,107,259,125,156,205,230,,,258,250,,131,149,115,119,118,231,263,100,281,257,94,17,145,111,108,95,113,130,145,144,291,121,140,223,,247,,124,149,78,64,151,28,105,185,38,40,100,14,78,255,249,155,249,230,173,206,15,32,23,125,46,285,262,229,282,215,280,246,15,7,57,63,5,188,181,242,274,,,80,61,,41,149,185,235,37,147,66,37,107,82,179,29,73,239,236,238,142,205,245,276,275,8,60,185,245,,61,,46,b'\x11\xe8\xe1I\xd6\x83\xfaT\x98|\x12\xdf\x17\xaeN\x1e'
11E8E149-D683-FA54-987C-12DF17AE4E1E,2026-ncaa-d2-conf-PacWest,genius_ncaa,9,9,4,9,4,5,8,4,12,12,4,12,3,3,8,4,4,4,5,4,6,4,4,11,12,12,1,1,4,5,7,6,7,5,8,7,3,8,6,9,11,12,8,9,,,7,8,,9,9,4,2,1,4,9,2,12,2,2,1,3,3,3,2,2,4,4,3,6,10,11,8,,10,,9,9,8,9,9,8,9,6,10,7,8,5,9,8,7,11,7,9,9,9,8,9,9,7,6,8,6,7,9,7,9,8,8,9,6,8,9,5,4,9,12,,,5,5,,7,9,9,10,8,9,10,10,10,9,6,8,9,9,7,8,10,11,7,12,10,8,5,5,12,,3,,8,b'\x11\xe8\xe1I\xd6\x83\xfaT\x98|\x12\xdf\x17\xaeN\x1e'
11E8E149-D683-FA54-987C-12DF17AE4E1E,2026-ncaa-d2-natl,genius_ncaa,157,144,141,167,145,194,228,138,281,262,226,275,63,33,177,20,104,121,98,112,34,140,139,255,244,233,3,15,52,161,224,112,196,131,218,232,227,160,155,238,193,235,164,215,,,132,72,,225,150,136,36,29,174,243,64,284,252,30,6,73,88,81,57,52,158,41,71,248,194,189,160,,159,,237,150,114,127,192,29,146,226,22,103,127,94,80,81,74,195,77,22,180,183,22,20,25,83,118,112,232,196,213,224,218,218,132,151,86,98,80,120,110,179,250,,,109,89,,68,150,174,229,36,139,114,139,278,171,280,109,139,88,77,84,271,282,255,285,283,155,48,140,208,,48,,57,b'\x11\xe8\xe1I\xd6\x83\xfaT\x98|\x12\xdf\x17\xaeN\x1e'
11E8E149-D688-56B2-987C-12DF17AE4E1E,2018-ncaa-d2-conf-Peach Belt,ncaa,10,10,9,10,12,11,9,7,11,9,7,11,11,10,11,10,7,5,12,5,4,6,6,12,12,12,6,9,3,3,3,12,12,9,10,10,9,3,5,9,6,5,8,8,,,6,8,,,11,10,7,11,10,9,5,8,5,10,9,6,3,3,5,5,2,11,3,9,6,5,8,,7,,,11,11,11,5,10,12,9,10,3,3,7,2,7,7,2,7,7,7,5,10,11,11,2,2,4,12,12,9,3,12,10,11,6,6,6,9,2,4,11,10,,,8,8,,,11,2,9,11,11,11,12,9,12,10,4,4,7,9,9,12,10,12,11,12,11,5,4,12,,6,,,b'\x11\xe8\xe1I\xd6\x88V\xb2\x98|\x12\xdf\x17\xaeN\x1e'
11E8E149-D688-56B2-987C-12DF17AE4E1E,2018-ncaa-d2-natl,ncaa,225,229,206,228,221,204,184,124,258,153,75,264,252,229,261,253,174,97,294,97,175,123,139,269,278,256,247,251,114,30,44,249,303,144,251,164,128,128,111,158,127,149,244,279,,,154,129,,,254,183,102,115,178,155,37,100,25,248,220,135,62,63,29,38,10,244,71,137,181,106,246,,211,,,253,219,251,179,262,292,270,249,15,19,81,6,176,226,21,227,130,191,172,208,188,197,3,9,135,297,303,216,44,268,251,243,173,158,181,220,133,119,235,188,,,186,223,,,254,124,218,260,251,266,286,263,304,305,20,14,215,258,259,275,269,302,274,295,260,115,168,265,,137,,,b'\x11\xe8\xe1I\xd6\x88V\xb2\x98|\x12\xdf\x17\xaeN\x1e'
11E8E149-D688-56B2-987C-12DF17AE4E1E,2019-ncaa-d2-conf-Peach Belt,ncaa,11,11,9,11,10,7,7,5,11,7,5,12,4,3,10,4,11,10,5,10,12,5,6,11,11,9,7,4,12,4,9,11,12,10,10,7,8,2,3,4,4,4,8,9,,,5,6,,,9,6,4,5,7,7,2,7,3,2,2,10,9,10,3,3,3,11,9,6,7,4,8,,8,,,9,10,11,4,12,12,10,12,1,1,2,1,9,8,8,8,6,4,7,12,12,12,1,1,7,6,12,10,9,10,10,10,5,5,5,7,4,3,3,2,,,12,12,,,9,7,8,12,9,12,12,9,12,12,1,1,10,9,9,12,11,10,12,12,11,4,5,3,,12,,,b'\x11\xe8\xe1I\xd6\x88V\xb2\x98|\x12\xdf\x17\xaeN\x1e'
11E8E149-D688-56B2-987C-12DF17AE4E1E,2019-ncaa-d2-natl,ncaa,232,259,118,244,142,131,102,29,276,105,32,274,130,81,257,163,201,177,220,176,281,38,46,279,282,250,208,160,245,39,141,230,297,133,285,127,176,163,52,135,36,49,185,247,,,252,167,,,232,47,15,127,116,86,6,105,13,130,72,208,187,189,9,8,26,266,127,137,158,28,187,,248,,,227,282,293,225,283,306,295,281,8,14,5,3,267,273,78,273,147,243,269,212,217,169,3,1,209,279,297,304,141,304,285,259,129,39,63,115,127,51,168,64,,,246,308,,,232,255,235,196,231,275,285,253,305,304,2,7,268,276,273,273,292,279,304,303,249,35,122,169,,275,,,b'\x11\xe8\xe1I\xd6\x88V\xb2\x98|\x12\xdf\x17\xaeN\x1e'
11E8E149-D688-56B2-987C-12DF17AE4E1E,2020-ncaa-d2-conf-Peach Belt,ncaa,9,9,9,9,12,10,10,9,11,10,9,10,6,3,12,1,11,10,9,10,6,8,10,10,11,11,4,2,8,10,10,11,11,12,12,10,8,1,3,5,4,3,2,2,,,4,8,,,7,10,5,8,9,9,5,10,8,3,2,11,10,8,5,6,8,9,10,9,2,4,2,,7,,,7,1,2,2,4,3,2,4,1,2,5,4,6,6,10,6,11,2,3,2,3,3,9,4,11,8,11,9,10,8,12,2,3,5,4,3,1,2,3,6,,,12,12,,,7,3,11,4,6,3,4,4,5,5,4,4,10,10,9,5,8,12,12,12,2,4,1,4,,12,,,b'\x11\xe8\xe1I\xd6\x88V\xb2\x98|\x12\xdf\x17\xaeN\x1e'
11E8E149-D688-56B2-987C-12DF17AE4E1E,2020-ncaa-d2-natl,ncaa,211,170,283,204,287,275,281,256,276,275,273,235,210,128,292,66,244,230,237,225,110,257,272,269,273,243,120,135,129,220,247,283,260,272,286,269,217,44,114,207,30,8,105,71,,,86,169,,,181,270,97,121,222,231,91,236,193,167,49,185,149,143,92,105,144,214,182,239,128,10,55,,209,,,185,32,36,19,137,73,67,134,23,19,82,51,104,128,73,123,186,19,53,107,104,57,82,53,218,165,260,198,247,192,286,51,118,84,30,43,28,66,87,158,,,289,274,,,181,41,244,74,182,115,119,120,165,185,54,55,202,215,213,140,243,258,302,293,111,27,70,145,,248,,,b'\x11\xe8\xe1I\xd6\x88V\xb2\x98|\x12\xdf\x17\xaeN\x1e'
11E8E149-D688-56B2-987C-12DF17AE4E1E,2021-ncaa-d2-conf-Peach Belt,ncaa,4,6,7,4,7,5,5,6,9,6,5,7,8,5,10,8,5,5,7,6,8,6,6,11,11,9,9,10,7,5,7,6,3,6,4,9,11,8,7,11,3,2,2,3,,,8,10,,,5,5,2,1,7,6,3,6,4,10,7,6,5,7,3,3,4,2,3,11,10,2,3,,12,,,5,6,5,6,3,4,7,4,6,6,5,7,9,11,3,11,11,6,7,3,4,4,10,7,10,5,3,6,7,6,4,7,10,4,3,5,5,4,8,7,,,6,9,,,5,8,8,3,5,5,3,4,3,4,7,9,9,12,12,8,11,6,11,8,9,2,4,9,,6,,,b'\x11\xe8\xe1I\xd6\x88V\xb2\x98|\x12\xdf\x17\xaeN\x1e'
11E8E149-D688-56B2-987C-12DF17AE4E1E,2021-ncaa-d2-natl,ncaa,83,66,132,70,132,138,136,128,153,121,121,129,152,134,183,138,132,109,201,109,96,128,131,165,172,159,160,156,103,94,77,118,120,116,95,161,205,106,118,188,38,11,71,51,,,135,198,,,98,134,70,26,126,117,77,94,68,153,107,114,56,61,66,55,50,49,41,186,146,12,53,,215,,,100,78,70,84,51,70,82,55,78,92,84,99,129,168,8,168,214,90,100,49,47,26,173,115,197,117,120,114,77,108,95,90,183,70,32,45,72,56,84,71,,,122,101,,,98,98,152,29,83,74,51,86,51,84,98,113,178,220,221,134,180,155,157,174,121,25,71,82,,65,,,b'\x11\xe8\xe1I\xd6\x88V\xb2\x98|\x12\xdf\x17\xaeN\x1e'
11E8E149-D688-56B2-987C-12DF17AE4E1E,2022-ncaa-d2-conf-Peach Belt,ncaa,3,3,2,3,2,3,3,4,3,3,5,3,2,2,5,2,4,4,5,4,5,4,4,2,3,3,3,3,9,9,9,2,5,4,9,5,7,5,4,4,2,3,4,3,,,10,10,,,3,2,3,8,3,3,5,5,7,2,2,6,6,6,5,5,9,3,9,5,1,3,4,,9,,,3,5,5,7,2,5,6,3,4,8,2,7,9,10,5,10,8,8,9,2,2,1,8,4,9,8,5,8,9,9,9,3,3,2,4,1,2,2,4,3,,,4,6,,,3,9,3,3,3,3,2,5,3,3,3,6,8,9,9,7,8,8,7,8,2,3,1,3,,5,,,b'\x11\xe8\xe1I\xd6\x88V\xb2\x98|\x12\xdf\x17\xaeN\x1e'
11E8E149-D688-56B2-987C-12DF17AE4E1E,2022-ncaa-d2-natl,ncaa,51,35,106,44,124,82,80,87,93,77,102,74,108,99,139,125,114,98,213,95,135,85,91,96,117,114,160,151,193,181,247,75,202,108,236,135,228,176,128,160,14,16,79,75,,,253,181,,,43,73,31,158,64,61,79,74,116,102,110,134,115,108,71,82,200,49,114,162,152,14,73,,246,,,35,93,76,178,16,105,192,30,59,138,14,110,210,251,30,256,225,201,247,9,12,3,151,78,252,264,202,255,247,273,236,80,127,13,20,9,185,133,128,103,,,137,218,,,43,232,142,4,37,51,34,155,68,177,50,123,197,234,240,195,273,250,266,272,71,15,158,114,,166,,,b'\x11\xe8\xe1I\xd6\x88V\xb2\x98|\x12\xdf\x17\xaeN\x1e'
11E8E149-D688-56B2-987C-12DF17AE4E1E,2023-ncaa-d2-conf-Peach Belt,ncaa,1,1,1,1,1,1,1,1,1,1,1,1,2,3,1,7,3,2,5,2,3,1,2,1,1,1,6,4,6,7,8,1,7,3,7,6,10,3,2,6,3,3,2,3,,,9,9,,,1,1,5,7,2,2,5,6,7,2,7,5,4,4,5,7,8,6,8,9,2,3,3,,9,,,1,7,6,10,1,4,10,2,4,9,1,5,9,9,8,9,8,10,10,1,1,1,10,4,9,10,7,9,8,9,7,2,1,4,4,3,2,1,5,3,,,2,5,,,1,10,1,2,1,2,2,4,1,2,4,5,9,9,9,4,6,7,6,6,1,4,1,5,,6,,,b'\x11\xe8\xe1I\xd6\x88V\xb2\x98|\x12\xdf\x17\xaeN\x1e'
11E8E149-D688-56B2-987C-12DF17AE4E1E,2023-ncaa-d2-natl,ncaa,28,29,30,31,37,41,43,60,39,42,50,63,88,121,40,192,41,40,146,36,99,51,60,46,44,36,172,170,125,178,248,49,170,81,211,155,287,109,55,152,28,46,102,125,,,278,230,,,31,47,170,173,67,71,178,65,124,122,188,88,84,82,142,209,245,100,189,235,43,50,141,,232,,,30,171,111,225,21,107,214,28,126,199,39,132,279,275,190,275,234,244,263,24,43,31,240,119,278,260,170,271,248,279,211,51,44,35,69,15,18,6,124,63,,,74,125,,,31,253,53,38,30,42,15,72,24,92,78,118,230,217,221,100,158,203,182,197,6,76,4,62,,173,,,b'\x11\xe8\xe1I\xd6\x88V\xb2\x98|\x12\xdf\x17\xaeN\x1e'
11E8E149-D688-56B2-987C-12DF17AE4E1E,2024-ncaa-d2-conf-Peach Belt,ncaa,1,1,2,1,3,1,1,5,1,2,5,1,6,6,3,7,2,2,4,2,2,4,4,1,1,1,7,7,6,4,1,1,1,1,1,2,7,5,4,2,5,5,1,2,,,2,3,,,1,7,9,3,1,1,7,2,7,6,7,3,3,3,6,9,3,2,2,3,3,7,1,,2,,,1,1,1,6,1,1,6,1,5,4,7,4,3,2,5,2,3,5,4,2,1,3,7,8,4,1,1,2,1,2,1,3,8,6,7,6,5,5,4,4,,,3,3,,,1,4,1,2,1,1,1,4,1,4,4,2,1,2,1,2,1,1,1,1,3,7,5,4,,6,,,b'\x11\xe8\xe1I\xd6\x88V\xb2\x98|\x12\xdf\x17\xaeN\x1e'
11E8E149-D688-56B2-987C-12DF17AE4E1E,2024-ncaa-d2-natl,ncaa,13,10,26,10,28,18,16,59,4,17,54,6,80,109,34,188,30,28,132,25,61,46,53,8,9,8,205,195,156,36,12,16,36,18,3,76,262,166,84,104,148,188,41,61,,,151,71,,,8,64,240,44,19,17,165,16,133,115,181,56,67,58,123,164,67,29,27,131,88,204,57,,55,,,8,155,160,251,33,168,260,25,133,157,98,93,162,164,140,160,68,244,231,37,33,61,130,134,151,164,36,56,12,76,3,118,91,148,206,129,118,53,103,46,,,74,143,,,8,237,5,53,7,28,36,128,58,179,72,74,86,87,87,102,66,72,3,8,50,218,56,45,,158,,,b'\x11\xe8\xe1I\xd6\x88V\xb2\x98|\x12\xdf\x17\xaeN\x1e'
11E8E149-D688-56B2-987C-12DF17AE4E1E,2025-ncaa-d2-conf-Peach Belt,genius_ncaa,4,6,2,5,2,3,3,5,2,2,6,2,4,4,3,4,4,6,3,6,5,6,5,2,2,2,6,5,7,8,9,2,5,4,5,2,4,8,6,2,7,8,1,1,,,6,4,,9,4,4,9,5,4,3,8,5,8,4,4,7,9,9,9,10,9,2,6,2,5,8,1,,4,,8,4,10,10,10,3,10,10,1,6,5,7,1,7,7,9,7,3,10,8,3,4,5,4,3,5,9,5,5,9,7,5,9,7,8,8,8,6,4,6,6,,,5,7,,7,4,7,3,7,4,4,5,7,6,10,3,3,4,4,4,8,4,7,1,3,6,8,3,4,,9,,8,b'\x11\xe8\xe1I\xd6\x88V\xb2\x98|\x12\xdf\x17\xaeN\x1e'
11E8E149-D688-56B2-987C-12DF17AE4E1E,2025-ncaa-d2-natl,genius_ncaa,132,159,72,144,76,66,71,129,37,83,128,41,93,128,46,148,52,62,83,63,60,117,104,31,28,53,115,145,96,141,107,75,201,87,110,88,150,209,178,143,221,264,13,39,,,234,169,,274,108,92,163,85,57,77,201,82,186,105,155,50,77,82,166,158,158,76,115,108,173,245,11,,187,,266,113,241,230,243,119,260,285,58,91,55,234,15,268,257,211,256,136,260,233,88,111,164,79,49,228,270,201,97,107,177,110,174,101,184,244,196,119,82,193,187,,,108,134,,180,108,215,55,191,106,188,180,232,221,290,70,33,242,228,226,252,194,241,47,123,141,223,87,175,,142,,210,b'\x11\xe8\xe1I\xd6\x88V\xb2\x98|\x12\xdf\x17\xaeN\x1e'
11E8E149-D688-56B2-987C-12DF17AE4E1E,2026-ncaa-d2-conf-Peach Belt,genius_ncaa,1,2,1,2,2,2,4,9,1,6,9,1,2,3,3,3,5,3,10,3,2,8,7,1,1,1,4,4,6,11,11,4,9,8,9,2,3,6,6,4,7,10,3,3,,,6,6,,11,7,6,9,3,3,5,11,7,11,3,5,8,5,5,11,10,11,6,10,3,4,10,3,,4,,11,7,11,11,10,8,8,9,6,9,8,7,7,6,5,11,5,3,9,5,8,8,11,7,8,4,9,9,6,11,7,9,6,2,7,9,8,8,6,1,3,,,3,4,,6,7,5,2,11,7,10,9,8,6,6,8,8,5,2,2,7,2,8,3,5,3,9,6,1,,4,,6,b'\x11\xe8\xe1I\xd6\x88V\xb2\x98|\x12\xdf\x17\xaeN\x1e'
11E8E149-D688-56B2-987C-12DF17AE4E1E,2026-ncaa-d2-natl,genius_ncaa,65,98,59,100,84,62,56,125,13,64,166,5,57,75,74,82,128,78,266,78,53,122,104,8,17,57,156,106,226,136,131,79,216,103,132,30,46,237,225,95,155,219,10,18,,,254,252,,288,90,96,142,88,70,57,219,85,250,77,96,163,111,111,201,162,186,102,149,27,215,211,10,,247,,279,91,201,199,198,167,242,259,143,64,81,83,17,236,269,32,262,187,210,213,121,114,122,37,22,213,263,216,135,131,186,132,130,47,94,157,87,106,59,62,68,,,109,151,,97,90,197,61,141,95,144,155,152,235,257,28,21,215,260,251,183,187,245,39,135,83,133,66,42,,167,,129,b'\x11\xe8\xe1I\xd6\x88V\xb2\x98|\x12\xdf\x17\xaeN\x1e'
11E8E149-D68C-A24E-987C-12DF17AE4E1E,2018-ncaa-d2-conf-PSAC,ncaa,7,7,7,7,7,10,13,17,9,16,17,4,6,6,4,1,6,12,1,12,1,17,17,4,3,6,1,2,3,17,17,6,4,11,5,7,1,9,13,7,17,17,6,6,,,1,1,,,8,13,17,5,11,14,17,16,17,7,6,6,13,13,17,17,17,6,14,7,10,17,7,,1,,,8,4,4,12,5,3,9,4,14,14,15,15,1,1,14,1,1,8,6,7,4,12,12,17,1,5,4,2,17,3,5,11,15,16,15,15,8,11,5,14,,,11,4,,,8,6,7,11,8,5,7,8,4,6,15,14,1,1,1,5,1,5,2,2,13,16,8,5,,14,,,b'\x11\xe8\xe1I\xd6\x8c\xa2N\x98|\x12\xdf\x17\xaeN\x1e'
11E8E149-D68C-A24E-987C-12DF17AE4E1E,2018-ncaa-d2-natl,ncaa,125,132,105,131,135,177,204,263,94,263,295,76,77,98,66,26,148,218,10,219,48,257,243,59,39,111,22,32,105,287,272,133,163,220,183,111,22,230,285,161,288,298,121,123,,,39,43,,,174,215,276,222,227,260,306,285,306,74,101,156,240,244,306,297,299,165,271,115,218,301,124,,21,,,173,119,134,170,108,92,154,63,230,179,261,192,59,55,169,49,55,144,104,132,110,172,212,272,69,172,163,46,272,81,183,214,244,250,255,259,148,222,105,248,,,178,75,,,174,93,155,192,179,100,122,149,73,134,224,173,42,41,37,109,54,163,26,57,190,274,127,100,,212,,,b'\x11\xe8\xe1I\xd6\x8c\xa2N\x98|\x12\xdf\x17\xaeN\x1e'
11E8E149-D68C-A24E-987C-12DF17AE4E1E,2019-ncaa-d2-conf-PSAC,ncaa,8,14,3,12,6,7,9,14,2,6,14,2,10,13,9,10,4,5,2,4,3,13,6,5,4,11,9,13,4,16,11,3,2,5,1,5,2,17,16,12,13,14,4,5,,,12,13,,,10,5,14,11,14,15,18,11,16,13,14,4,6,6,18,16,18,3,8,7,16,16,5,,9,,,10,15,12,14,2,9,15,2,15,15,8,11,14,12,18,12,10,15,14,2,4,11,14,14,13,5,2,3,11,2,1,9,9,11,16,10,16,14,8,7,,,6,5,,,10,14,13,6,10,5,6,8,3,10,11,12,12,9,9,9,5,2,1,1,6,16,14,5,,10,,,b'\x11\xe8\xe1I\xd6\x8c\xa2N\x98|\x12\xdf\x17\xaeN\x1e'
11E8E149-D68C-A24E-987C-12DF17AE4E1E,2019-ncaa-d2-natl,ncaa,132,213,30,162,38,93,99,184,29,80,165,19,184,181,201,196,53,77,63,74,60,165,76,52,40,146,216,243,70,219,182,22,42,67,37,74,69,310,302,226,191,253,67,104,,,186,95,,,166,50,173,177,193,199,304,141,262,244,253,98,142,137,299,242,274,36,136,125,292,259,89,,92,,,164,269,261,281,108,266,276,109,169,219,67,121,241,188,303,188,79,283,263,87,101,152,101,94,175,159,42,71,182,97,37,223,127,154,242,201,307,296,122,117,,,59,69,,,166,273,189,126,153,132,144,189,174,223,99,136,157,100,99,166,119,82,11,10,129,244,292,62,,136,,,b'\x11\xe8\xe1I\xd6\x8c\xa2N\x98|\x12\xdf\x17\xaeN\x1e'
11E8E149-D68C-A24E-987C-12DF17AE4E1E,2020-ncaa-d2-conf-PSAC,ncaa,2,2,1,2,2,5,3,9,1,3,13,1,7,9,3,8,9,12,3,12,10,11,7,1,1,1,9,9,13,8,1,4,2,6,2,1,2,15,16,2,3,3,8,3,,,2,2,,,2,9,18,13,7,4,18,5,17,8,11,10,13,14,18,18,12,9,10,1,10,6,9,,1,,,2,4,6,8,4,2,3,9,14,16,4,18,3,1,13,1,6,7,8,7,5,3,16,18,5,1,2,1,1,1,2,9,13,4,3,6,11,10,5,5,,,7,6,,,2,13,1,3,2,3,2,3,2,1,11,13,1,1,1,2,1,1,1,1,6,8,7,4,,11,,,b'\x11\xe8\xe1I\xd6\x8c\xa2N\x98|\x12\xdf\x17\xaeN\x1e'
11E8E149-D68C-A24E-987C-12DF17AE4E1E,2020-ncaa-d2-natl,ncaa,18,37,3,37,13,43,41,137,15,32,137,12,111,135,68,159,72,115,50,115,114,126,101,19,18,42,192,191,164,89,29,90,56,78,14,15,11,263,231,70,77,76,42,27,,,79,49,,,47,105,295,227,122,107,290,94,256,155,211,135,192,194,289,287,161,222,202,24,167,124,63,,14,,,53,176,166,188,124,124,125,139,253,263,159,268,111,84,261,79,101,168,197,147,145,113,225,263,97,87,56,24,29,28,14,198,208,83,82,122,214,164,173,160,,,71,78,,,47,221,29,93,42,44,56,27,42,22,175,174,35,28,23,11,12,28,2,2,109,148,119,109,,193,,,b'\x11\xe8\xe1I\xd6\x8c\xa2N\x98|\x12\xdf\x17\xaeN\x1e'
11E8E149-D68C-A24E-987C-12DF17AE4E1E,2021-ncaa-d2-conf-PSAC,ncaa,1,1,1,1,1,1,1,2,1,1,1,1,3,3,1,3,1,1,1,1,2,1,1,1,1,1,3,3,1,1,1,1,1,1,1,1,2,2,2,1,1,1,1,1,,,1,1,,,1,2,3,1,1,1,2,1,1,3,3,1,1,1,1,2,1,1,1,1,2,1,1,,1,,,1,2,1,2,1,1,1,1,3,3,3,3,1,1,1,1,2,2,2,1,1,1,3,3,1,1,1,1,1,1,1,1,2,1,1,1,2,1,2,1,,,1,1,,,1,2,1,1,1,1,1,1,1,1,3,3,1,1,1,1,1,1,1,1,1,1,1,1,,1,,,b'\x11\xe8\xe1I\xd6\x8c\xa2N\x98|\x12\xdf\x17\xaeN\x1e'
11E8E149-D68C-A24E-987C-12DF17AE4E1E,2021-ncaa-d2-natl,ncaa,35,4,144,4,156,143,147,184,6,138,181,7,149,176,22,130,120,142,12,143,23,179,177,9,2,10,112,134,51,172,47,152,33,163,5,92,4,75,181,37,94,15,100,28,,,48,82,,,30,173,224,121,102,115,226,103,209,118,188,47,96,98,223,224,169,141,167,22,106,48,78,,18,,,13,43,39,46,25,28,37,11,101,88,168,219,38,40,45,37,112,45,48,56,48,29,218,223,69,34,33,31,47,31,5,45,130,135,35,32,69,158,43,85,,,135,4,,,30,54,15,19,6,5,7,6,2,4,161,138,9,12,9,1,3,17,1,1,21,87,105,40,,48,,,b'\x11\xe8\xe1I\xd6\x8c\xa2N\x98|\x12\xdf\x17\xaeN\x1e'
11E8E149-D68C-A24E-987C-12DF17AE4E1E,2022-ncaa-d2-conf-PSAC,ncaa,2,3,1,3,2,2,2,3,3,3,6,3,2,4,2,8,2,2,2,2,2,3,2,2,1,1,5,10,4,4,2,2,5,2,3,1,4,17,11,2,5,5,4,5,,,9,6,,,3,2,14,8,2,4,14,6,16,5,10,2,4,4,13,14,9,8,9,1,9,6,7,,5,,,3,16,16,16,7,13,14,7,17,16,12,10,9,11,4,12,8,17,17,9,8,7,14,14,6,9,5,4,2,4,3,10,6,6,9,7,15,14,4,5,,,2,5,,,3,17,1,5,3,6,6,6,4,4,14,9,6,7,7,5,2,1,2,2,6,9,14,3,,6,,,b'\x11\xe8\xe1I\xd6\x8c\xa2N\x98|\x12\xdf\x17\xaeN\x1e'
11E8E149-D68C-A24E-987C-12DF17AE4E1E,2022-ncaa-d2-natl,ncaa,22,35,18,31,24,43,55,77,45,57,97,41,70,87,73,127,16,42,14,45,60,68,61,46,31,55,104,157,68,71,62,51,67,50,31,27,27,267,197,87,44,60,66,68,,,163,64,,,36,59,262,114,97,135,261,138,238,124,178,59,123,125,251,237,160,155,163,46,153,93,111,,38,,,48,207,203,237,99,178,226,93,238,233,189,186,140,135,168,142,96,233,239,117,110,86,193,222,99,149,67,119,62,128,31,169,104,52,88,75,279,228,85,63,,,43,92,,,36,250,45,65,35,33,47,44,41,60,136,118,50,58,60,25,40,60,9,9,61,142,201,32,,157,,,b'\x11\xe8\xe1I\xd6\x8c\xa2N\x98|\x12\xdf\x17\xaeN\x1e'
11E8E149-D68C-A24E-987C-12DF17AE4E1E,2023-ncaa-d2-conf-PSAC,ncaa,1,1,1,1,2,1,1,4,1,3,6,1,2,4,1,10,3,6,1,6,9,5,4,1,1,1,10,9,11,8,6,2,2,4,2,1,3,12,7,2,5,9,3,4,,,16,13,,,1,2,10,8,1,1,10,4,10,5,9,7,7,8,9,10,13,4,9,1,7,7,5,,11,,,1,13,7,14,2,7,12,3,10,13,8,13,18,18,9,18,18,17,16,5,7,5,16,9,15,8,2,3,6,5,2,6,3,5,8,4,15,8,1,3,,,3,6,,,1,17,1,6,1,5,4,4,3,3,8,9,17,16,17,5,7,2,2,1,3,9,8,1,,7,,,b'\x11\xe8\xe1I\xd6\x8c\xa2N\x98|\x12\xdf\x17\xaeN\x1e'
11E8E149-D68C-A24E-987C-12DF17AE4E1E,2023-ncaa-d2-natl,ncaa,11,15,17,13,26,18,15,35,8,18,62,9,30,54,29,100,48,104,5,104,173,37,37,9,6,11,161,119,214,77,74,44,87,49,33,5,18,230,139,25,58,102,14,20,,,238,143,,,14,34,200,197,24,22,168,39,187,62,107,130,197,202,181,191,169,134,149,8,122,129,31,,111,,,17,230,203,239,105,211,237,103,175,192,134,123,262,258,218,259,198,251,261,106,125,105,187,128,231,186,87,131,74,155,33,95,39,47,95,45,239,170,74,36,,,43,114,,,14,264,13,90,16,76,57,47,71,87,93,95,183,165,165,57,83,92,12,16,29,116,153,30,,156,,,b'\x11\xe8\xe1I\xd6\x8c\xa2N\x98|\x12\xdf\x17\xaeN\x1e'
11E8E149-D68C-A24E-987C-12DF17AE4E1E,2024-ncaa-d2-conf-PSAC,ncaa,1,1,2,1,3,1,1,3,2,4,5,3,2,3,1,10,2,3,1,3,1,3,3,1,1,1,6,9,5,6,8,2,3,3,5,3,12,4,2,3,3,4,4,3,,,18,18,,,1,3,9,9,1,4,7,7,11,5,7,2,4,4,7,10,10,3,7,6,2,5,6,,18,,,1,5,1,11,1,3,11,2,5,15,1,13,18,18,2,18,18,15,16,1,2,1,16,8,18,9,3,13,8,11,5,1,3,2,3,1,2,1,5,4,,,2,4,,,1,16,1,1,1,1,1,1,2,2,3,8,16,16,17,3,6,3,4,2,1,2,1,4,,2,,,b'\x11\xe8\xe1I\xd6\x8c\xa2N\x98|\x12\xdf\x17\xaeN\x1e'
11E8E149-D68C-A24E-987C-12DF17AE4E1E,2024-ncaa-d2-natl,ncaa,1,6,2,4,3,5,6,5,23,6,10,23,14,15,69,130,3,5,6,5,68,3,4,23,13,14,107,153,84,25,102,2,46,2,38,16,177,276,70,75,12,55,24,44,,,298,286,,,4,3,172,200,29,45,145,63,166,86,115,28,84,83,118,163,135,66,88,89,78,65,77,,262,,,4,253,179,283,5,200,282,22,102,258,2,115,298,299,51,299,289,294,296,3,8,7,216,40,297,256,46,292,102,289,38,35,9,7,41,2,252,69,188,61,,,3,39,,,4,297,14,3,4,6,2,5,13,37,8,63,230,253,256,26,101,67,53,48,1,56,68,51,,52,,,b'\x11\xe8\xe1I\xd6\x8c\xa2N\x98|\x12\xdf\x17\xaeN\x1e'
11E8E149-D68C-A24E-987C-12DF17AE4E1E,2025-ncaa-d2-conf-PSAC,genius_ncaa,1,1,2,1,6,4,4,6,4,7,11,2,3,4,3,5,7,9,4,9,7,7,7,2,2,1,5,3,11,12,9,3,3,5,4,5,9,1,1,2,8,8,8,6,,,14,14,,11,1,7,12,15,5,5,11,11,13,3,5,9,11,11,10,15,15,4,7,6,1,12,10,,11,,9,1,4,2,9,2,3,6,4,5,13,2,15,12,11,7,11,14,10,10,2,2,2,16,9,17,6,3,11,9,8,4,2,4,6,4,1,1,1,6,7,,,8,6,,2,1,11,1,1,1,1,1,1,2,2,4,8,9,10,10,3,3,3,6,3,1,7,1,5,,11,,3,b'\x11\xe8\xe1I\xd6\x8c\xa2N\x98|\x12\xdf\x17\xaeN\x1e'
11E8E149-D68C-A24E-987C-12DF17AE4E1E,2025-ncaa-d2-natl,genius_ncaa,19,31,15,28,22,35,36,40,54,46,73,43,56,52,103,112,45,72,36,81,129,42,39,54,43,50,118,131,145,86,119,16,63,27,53,54,139,205,118,90,82,147,61,76,,,278,229,,199,20,42,213,207,81,88,175,100,200,98,120,99,155,164,183,216,160,47,92,102,95,164,97,,184,,127,23,160,116,234,11,133,222,42,85,228,8,156,268,272,113,272,233,256,263,9,20,28,169,80,267,204,63,222,119,222,53,55,48,53,110,30,150,63,138,93,,,36,78,,37,20,262,49,24,21,21,14,45,29,67,38,119,194,196,192,62,77,94,73,74,16,135,52,82,,115,,68,b'\x11\xe8\xe1I\xd6\x8c\xa2N\x98|\x12\xdf\x17\xaeN\x1e'
11E8E149-D68C-A24E-987C-12DF17AE4E1E,2026-ncaa-d2-conf-PSAC,genius_ncaa,2,1,3,1,3,8,10,12,5,10,14,4,8,8,12,5,5,9,2,7,5,11,10,7,2,4,5,8,6,7,4,3,1,5,1,12,13,11,14,14,12,12,3,3,,,10,15,,14,3,11,8,1,6,9,11,9,14,8,6,4,8,6,9,8,5,1,3,11,13,12,2,,12,,15,2,3,3,4,4,5,8,6,1,2,2,3,8,8,8,7,8,4,3,3,3,4,4,1,13,1,1,3,4,1,1,1,1,13,11,1,9,8,1,3,,,7,5,,3,3,7,5,3,3,3,3,5,6,9,1,3,10,9,8,5,4,1,4,1,1,13,11,1,,6,,3,b'\x11\xe8\xe1I\xd6\x8c\xa2N\x98|\x12\xdf\x17\xaeN\x1e'
11E8E149-D68C-A24E-987C-12DF17AE4E1E,2026-ncaa-d2-natl,genius_ncaa,2,13,6,14,8,16,25,16,143,29,36,94,38,14,196,91,20,44,24,41,129,15,19,138,120,91,127,147,95,14,61,5,55,5,27,19,70,223,72,66,38,93,3,11,,,270,200,,225,4,24,258,88,126,154,154,153,204,132,94,96,174,167,159,216,77,25,31,92,64,128,15,,130,,151,14,159,123,265,3,133,279,2,120,170,54,63,254,252,193,254,130,268,279,4,6,5,201,107,272,245,55,266,61,261,27,56,25,21,80,6,120,18,155,81,,,10,48,,41,4,278,66,5,10,1,3,28,10,112,27,27,120,107,108,23,39,84,79,71,3,123,16,58,,76,,107,b'\x11\xe8\xe1I\xd6\x8c\xa2N\x98|\x12\xdf\x17\xaeN\x1e'
11E8E149-D691-46A0-987C-12DF17AE4E1E,2018-ncaa-d2-conf-Peach Belt,ncaa,5,5,3,5,4,4,4,8,2,3,6,3,9,11,3,11,9,8,9,8,10,8,7,2,4,4,12,8,11,9,9,3,2,4,5,3,1,8,9,3,7,8,2,1,,,4,5,,,5,6,10,4,5,4,10,4,8,9,11,11,9,11,11,11,11,3,5,3,5,7,3,,4,,,5,5,5,9,3,3,6,3,10,9,4,10,4,5,3,5,6,10,8,4,3,7,9,10,7,8,2,2,9,6,5,2,3,8,10,6,11,10,2,1,,,11,11,,,5,7,5,7,5,3,3,5,3,5,10,9,5,4,5,5,3,5,4,4,3,10,9,1,,11,,,b'\x11\xe8\xe1I\xd6\x91F\xa0\x98|\x12\xdf\x17\xaeN\x1e'
11E8E149-D691-46A0-987C-12DF17AE4E1E,2018-ncaa-d2-natl,ncaa,78,112,41,98,43,99,60,79,59,31,30,75,220,239,146,279,202,158,272,161,278,94,78,103,137,149,300,270,271,121,160,23,160,37,102,26,13,248,193,55,131,199,25,41,,,115,21,,,113,68,158,48,149,79,163,34,54,263,287,255,217,218,176,163,173,20,64,20,187,194,35,,40,,,117,221,237,283,37,249,279,58,152,243,17,136,174,202,47,205,96,282,269,26,20,61,92,100,127,285,160,219,160,258,102,157,69,164,245,157,282,251,213,108,,,218,294,,,113,248,161,92,114,115,132,255,158,247,108,190,105,140,145,248,199,255,120,189,81,233,247,159,,286,,,b'\x11\xe8\xe1I\xd6\x91F\xa0\x98|\x12\xdf\x17\xaeN\x1e'
11E8E149-D691-46A0-987C-12DF17AE4E1E,2019-ncaa-d2-conf-Peach Belt,ncaa,8,8,5,8,6,10,9,8,10,10,9,9,6,4,9,2,10,9,8,9,8,8,10,9,10,10,3,2,9,12,12,8,8,11,11,10,6,4,8,7,5,5,7,7,,,5,7,,,11,7,7,7,10,10,9,12,11,7,4,12,11,9,9,12,12,8,11,9,4,5,7,,4,,,10,5,5,5,7,5,3,6,9,8,9,8,4,4,3,4,7,6,6,7,7,7,8,9,6,10,8,11,12,11,11,5,7,8,7,6,6,8,7,9,,,8,8,,,11,6,12,8,10,6,6,6,6,3,9,8,5,5,5,5,7,9,11,11,5,7,7,8,,9,,,b'\x11\xe8\xe1I\xd6\x91F\xa0\x98|\x12\xdf\x17\xaeN\x1e'
11E8E149-D691-46A0-987C-12DF17AE4E1E,2019-ncaa-d2-natl,ncaa,194,244,76,223,98,206,201,130,263,198,144,252,161,119,250,127,221,190,241,183,206,140,143,262,271,256,156,139,186,282,306,100,211,192,299,177,149,196,170,191,99,146,122,157,,,207,135,,,259,74,99,172,271,256,180,246,187,189,142,252,219,216,203,207,299,114,257,218,153,120,130,,173,,,248,220,220,240,137,225,252,112,185,158,189,88,200,237,26,235,168,243,247,128,108,116,116,130,144,266,211,306,306,303,299,159,98,97,147,113,230,207,198,187,,,164,208,,,259,238,283,140,249,173,182,208,188,242,158,129,162,219,218,223,227,234,302,293,131,115,193,178,,219,,,b'\x11\xe8\xe1I\xd6\x91F\xa0\x98|\x12\xdf\x17\xaeN\x1e'
11E8E149-D691-46A0-987C-12DF17AE4E1E,2020-ncaa-d2-conf-Peach Belt,ncaa,12,12,9,12,10,12,12,12,12,12,12,12,10,8,10,3,9,9,4,9,3,12,12,12,12,12,1,1,1,12,12,7,1,11,9,12,9,6,11,12,12,12,12,12,,,1,1,,,12,12,12,5,12,12,12,12,11,9,7,8,7,7,12,12,12,5,9,12,10,12,12,,1,,,12,3,7,5,10,5,5,7,10,6,11,10,1,1,12,1,1,1,1,11,10,12,5,11,1,1,1,6,12,5,9,5,4,11,11,11,8,11,11,12,,,8,4,,,12,1,12,12,12,7,11,9,6,8,11,9,1,1,1,4,1,1,10,7,7,11,11,11,,5,,,b'\x11\xe8\xe1I\xd6\x91F\xa0\x98|\x12\xdf\x17\xaeN\x1e'
11E8E149-D691-46A0-987C-12DF17AE4E1E,2020-ncaa-d2-natl,ncaa,267,289,102,275,129,287,295,250,308,295,239,307,217,183,265,148,152,123,229,129,48,237,192,305,299,301,40,127,18,200,254,105,50,149,185,292,232,255,277,301,292,298,263,277,,,7,2,,,285,188,241,149,305,310,294,307,267,236,195,162,133,137,285,248,214,104,157,302,243,303,272,,2,,,277,130,228,212,186,226,218,168,188,160,215,169,7,8,182,7,2,141,110,176,135,171,36,213,1,73,50,274,254,212,185,121,50,216,209,177,292,291,280,298,,,84,28,,,285,128,305,141,279,102,204,194,200,199,176,143,1,1,2,99,53,56,266,196,106,245,276,276,,75,,,b'\x11\xe8\xe1I\xd6\x91F\xa0\x98|\x12\xdf\x17\xaeN\x1e'
11E8E149-D691-46A0-987C-12DF17AE4E1E,2021-ncaa-d2-conf-Peach Belt,ncaa,11,12,4,11,6,9,9,5,12,9,7,12,6,2,12,2,9,8,11,8,10,5,5,12,12,12,4,2,10,4,2,4,4,3,3,10,12,9,8,12,11,12,8,8,,,5,5,,,12,7,12,9,12,12,8,12,10,9,2,11,11,11,8,8,2,5,2,12,6,12,8,,2,,,12,7,7,7,6,8,9,6,9,7,9,9,6,5,8,5,6,7,6,6,7,9,6,9,5,6,4,10,2,10,3,6,4,10,12,10,8,7,12,12,,,5,7,,,12,6,12,8,12,4,6,7,7,7,8,7,6,6,6,5,1,4,12,10,4,12,8,12,,9,,,b'\x11\xe8\xe1I\xd6\x91F\xa0\x98|\x12\xdf\x17\xaeN\x1e'
11E8E149-D691-46A0-987C-12DF17AE4E1E,2021-ncaa-d2-natl,ncaa,201,191,144,204,156,186,187,155,221,188,167,222,159,114,213,33,187,184,204,182,173,156,158,221,223,219,45,40,138,74,53,143,98,124,87,194,199,84,152,214,206,218,169,179,,,50,47,,,207,168,208,121,222,221,118,222,180,142,48,214,207,202,143,143,27,86,34,218,133,220,175,,25,,,205,67,74,73,104,75,79,82,75,69,154,95,57,59,74,61,59,71,61,108,89,147,97,130,58,73,98,107,53,92,87,69,106,190,203,197,78,128,160,221,,,164,139,,,207,58,218,154,210,84,101,114,108,121,122,95,57,63,66,96,30,111,192,176,103,213,130,202,,156,,,b'\x11\xe8\xe1I\xd6\x91F\xa0\x98|\x12\xdf\x17\xaeN\x1e'
11E8E149-D691-46A0-987C-12DF17AE4E1E,2022-ncaa-d2-conf-Peach Belt,ncaa,8,6,10,8,10,10,10,10,10,10,10,10,10,6,9,3,9,9,10,9,4,10,10,10,10,10,2,2,4,5,5,9,2,10,3,10,6,1,6,8,10,10,8,7,,,1,1,,,9,10,10,4,10,10,7,10,8,4,3,7,7,7,7,7,4,4,3,9,2,10,7,,1,,,10,1,1,1,9,1,1,8,7,5,9,10,1,1,3,1,1,1,1,10,8,10,4,10,1,1,2,2,5,1,3,2,4,10,10,10,5,9,6,10,,,10,5,,,9,1,10,9,10,7,9,8,6,7,10,10,1,1,1,6,1,4,8,5,4,10,9,8,,6,,,b'\x11\xe8\xe1I\xd6\x91F\xa0\x98|\x12\xdf\x17\xaeN\x1e'
11E8E149-D691-46A0-987C-12DF17AE4E1E,2022-ncaa-d2-natl,ncaa,215,225,196,227,209,265,270,204,290,260,185,287,244,198,281,175,200,130,295,118,67,192,182,290,291,282,131,179,67,97,133,116,93,104,117,269,246,171,194,271,289,295,149,165,,,7,2,,,269,211,181,144,280,279,173,272,152,243,175,186,87,81,146,125,64,43,36,283,207,296,146,,1,,,265,118,187,168,191,175,173,162,196,146,244,172,8,11,19,12,8,129,89,201,132,206,57,227,7,103,93,205,133,173,117,129,77,272,275,261,266,276,265,271,,,164,134,,,269,85,277,203,273,166,244,252,232,237,236,191,4,7,10,204,112,141,268,223,151,277,273,280,,117,,,b'\x11\xe8\xe1I\xd6\x91F\xa0\x98|\x12\xdf\x17\xaeN\x1e'
11E8E149-D691-46A0-987C-12DF17AE4E1E,2023-ncaa-d2-conf-Peach Belt,ncaa,8,8,7,8,8,8,9,7,10,8,7,10,7,5,9,5,8,8,7,8,6,7,8,10,10,9,2,5,5,3,3,3,2,2,2,6,3,2,3,3,9,9,5,4,,,3,4,,,8,9,10,8,9,9,3,8,6,7,3,7,5,5,3,5,2,1,1,6,3,9,5,,4,,,8,1,2,4,2,1,3,1,6,4,9,4,3,3,4,3,4,3,1,2,2,5,9,9,5,2,2,7,3,3,2,5,7,9,9,9,4,7,9,10,,,7,6,,,8,1,8,5,8,3,4,5,3,6,5,4,4,4,4,3,1,3,7,5,5,9,6,10,,7,,,b'\x11\xe8\xe1I\xd6\x91F\xa0\x98|\x12\xdf\x17\xaeN\x1e'
11E8E149-D691-46A0-987C-12DF17AE4E1E,2023-ncaa-d2-natl,ncaa,112,139,68,130,89,149,150,63,269,160,72,271,122,84,221,130,135,104,243,101,159,62,77,264,273,219,113,125,139,15,38,29,30,17,14,116,82,69,36,73,265,281,122,163,,,43,34,,,125,135,247,115,208,210,58,210,99,141,95,171,134,129,64,128,17,10,4,148,47,285,136,,21,,,126,117,142,224,38,136,241,17,160,144,181,112,77,74,155,78,35,207,149,47,37,111,133,189,85,120,30,234,38,199,14,105,91,260,281,229,172,120,271,258,,,138,206,,,125,160,157,100,125,58,88,195,90,221,128,108,52,52,54,147,51,80,200,149,85,284,133,269,,193,,,b'\x11\xe8\xe1I\xd6\x91F\xa0\x98|\x12\xdf\x17\xaeN\x1e'
11E8E149-D691-46A0-987C-12DF17AE4E1E,2024-ncaa-d2-conf-Peach Belt,ncaa,7,8,5,7,8,5,5,4,5,6,4,6,3,3,5,6,8,8,6,8,9,4,5,5,6,5,4,4,8,2,2,4,3,2,2,4,4,3,3,4,10,10,3,4,,,6,7,,,8,8,8,10,4,3,3,6,4,3,3,8,7,7,3,4,2,3,1,4,4,10,2,,6,,,8,10,8,7,6,6,7,5,10,5,9,3,7,9,3,9,6,8,3,7,6,9,9,9,6,5,3,5,2,4,2,5,2,10,10,10,5,6,7,6,,,5,4,,,8,3,4,9,8,8,7,6,7,7,9,5,9,9,9,8,3,4,5,3,6,10,6,7,,5,,,b'\x11\xe8\xe1I\xd6\x91F\xa0\x98|\x12\xdf\x17\xaeN\x1e'
11E8E149-D691-46A0-987C-12DF17AE4E1E,2024-ncaa-d2-natl,ncaa,157,197,78,178,115,97,100,42,227,126,76,229,75,57,144,97,120,127,142,125,201,54,76,203,203,137,88,78,178,17,35,46,60,24,28,100,130,59,20,67,292,297,86,125,,,170,155,,,162,114,182,284,110,118,30,160,93,75,60,152,153,149,39,92,24,37,13,113,40,299,94,,121,,,159,238,231,241,143,234,257,100,171,131,227,64,234,246,84,242,164,246,173,135,135,243,126,113,182,147,60,216,35,207,28,126,54,283,296,275,68,40,188,147,,,101,162,,,162,178,92,235,161,197,185,215,205,245,140,93,198,208,208,233,102,104,184,146,98,299,51,174,,131,,,b'\x11\xe8\xe1I\xd6\x91F\xa0\x98|\x12\xdf\x17\xaeN\x1e'
11E8E149-D691-46A0-987C-12DF17AE4E1E,2025-ncaa-d2-conf-Peach Belt,genius_ncaa,4,4,3,4,4,6,6,3,10,7,1,10,5,5,2,6,9,7,10,7,10,3,4,10,10,9,5,3,10,1,1,3,2,1,1,6,7,4,3,5,9,10,5,7,,,2,1,,4,6,6,10,7,8,8,2,8,3,5,6,10,10,10,4,6,1,3,1,8,1,10,6,,1,,5,6,4,7,8,4,5,7,3,9,10,4,10,2,1,8,1,1,7,6,4,3,7,6,10,1,5,2,9,1,9,1,6,3,9,9,9,5,3,2,2,,,7,9,,4,6,5,6,6,6,3,6,8,5,5,8,9,1,1,1,5,2,4,7,6,3,10,4,2,,10,,5,b'\x11\xe8\xe1I\xd6\x91F\xa0\x98|\x12\xdf\x17\xaeN\x1e'
11E8E149-D691-46A0-987C-12DF17AE4E1E,2025-ncaa-d2-natl,genius_ncaa,107,131,72,123,102,121,122,44,251,114,34,274,131,141,125,226,116,69,271,68,178,43,55,249,256,212,161,151,147,9,21,42,132,16,51,164,225,119,53,157,280,293,149,192,,,141,83,,245,129,99,182,204,161,158,41,147,38,156,175,150,91,88,40,73,11,33,6,206,89,294,174,,89,,227,130,163,155,246,35,145,240,35,172,225,83,167,151,172,86,170,100,243,202,41,35,95,160,172,145,235,132,247,21,256,51,95,70,234,271,187,104,42,84,31,,,87,155,,76,129,190,153,128,135,103,104,236,102,208,152,192,109,135,134,217,136,202,205,205,69,264,67,62,,108,,89,b'\x11\xe8\xe1I\xd6\x91F\xa0\x98|\x12\xdf\x17\xaeN\x1e'
11E8E149-D691-46A0-987C-12DF17AE4E1E,2026-ncaa-d2-conf-Peach Belt,genius_ncaa,9,8,9,9,9,11,11,11,11,11,10,11,7,9,2,5,7,9,4,8,3,11,11,11,11,11,1,1,1,10,4,9,7,9,5,10,1,4,10,9,11,9,8,8,,,2,7,,3,10,11,11,1,11,11,10,11,8,4,7,4,4,4,10,8,6,2,2,7,9,9,7,,8,,6,11,1,1,2,1,1,4,1,3,3,10,5,1,3,1,2,5,2,2,1,1,3,9,9,5,4,7,2,4,3,5,2,10,11,11,11,6,9,11,11,,,10,5,,2,10,1,11,7,11,3,4,10,4,10,8,5,2,7,5,10,8,11,9,11,10,10,8,11,,6,,2,b'\x11\xe8\xe1I\xd6\x91F\xa0\x98|\x12\xdf\x17\xaeN\x1e'
11E8E149-D691-46A0-987C-12DF17AE4E1E,2026-ncaa-d2-natl,genius_ncaa,246,239,141,256,145,251,259,166,295,262,156,295,188,161,219,148,168,202,75,194,205,172,172,292,290,285,51,116,50,55,53,177,113,120,104,253,167,153,188,248,174,160,239,238,,,124,172,,275,234,202,232,29,283,291,124,284,131,189,149,150,199,192,138,121,28,151,53,261,186,172,250,,141,,286,234,101,109,117,101,66,75,88,228,212,223,271,46,50,75,49,75,101,100,159,117,119,257,283,33,103,113,150,53,141,104,177,268,176,147,208,136,157,266,278,,,197,215,,34,234,105,275,111,232,96,109,145,50,58,258,251,32,37,36,102,95,112,198,172,219,163,153,278,,195,,23,b'\x11\xe8\xe1I\xd6\x91F\xa0\x98|\x12\xdf\x17\xaeN\x1e'
11E8E149-D695-A218-987C-12DF17AE4E1E,2018-ncaa-d2-conf-CACC,ncaa,12,12,9,12,9,8,6,9,3,6,9,8,5,8,1,8,14,14,7,14,14,11,9,5,7,8,11,4,14,12,10,8,11,9,8,4,2,14,13,7,10,11,6,8,,,11,10,,,11,6,2,1,7,3,8,5,6,5,8,14,14,14,9,7,11,3,7,2,14,8,6,,12,,,11,12,12,11,12,14,10,13,10,7,8,5,12,12,6,12,9,13,7,12,12,13,6,4,6,9,11,3,10,8,8,13,8,13,14,13,12,12,10,12,,,14,14,,,11,8,9,13,11,13,13,13,14,13,11,11,12,12,12,13,11,11,6,9,13,13,12,11,,14,,,b'\x11\xe8\xe1I\xd6\x95\xa2\x18\x98|\x12\xdf\x17\xaeN\x1e'
11E8E149-D695-A218-987C-12DF17AE4E1E,2018-ncaa-d2-natl,ncaa,270,272,206,274,210,176,121,160,91,135,139,161,117,199,13,180,300,304,176,303,307,201,175,92,136,191,236,97,308,218,186,149,260,180,202,62,25,265,279,133,209,233,142,181,,,224,216,,,250,156,73,29,141,63,79,85,74,99,184,304,305,305,158,89,203,72,123,24,290,195,127,,271,,,250,239,239,218,190,243,229,181,162,160,158,97,231,259,36,259,215,235,179,182,173,231,134,94,190,268,260,87,186,180,202,237,191,241,277,278,255,268,183,154,,,305,309,,,250,149,215,259,245,278,276,286,280,280,195,201,263,280,279,289,276,290,136,243,256,232,280,202,,309,,,b'\x11\xe8\xe1I\xd6\x95\xa2\x18\x98|\x12\xdf\x17\xaeN\x1e'
11E8E149-D695-A218-987C-12DF17AE4E1E,2019-ncaa-d2-conf-CACC,ncaa,4,4,3,4,4,3,2,5,2,2,2,1,10,9,7,10,10,10,6,10,14,6,1,2,3,6,14,14,14,8,6,2,6,4,5,2,5,14,13,7,3,6,1,1,,,13,11,,,5,1,3,10,3,2,6,2,3,11,10,12,11,12,9,4,11,2,4,1,13,3,1,,12,,,5,14,9,12,3,7,14,3,8,7,11,2,14,14,12,14,13,14,14,2,4,4,13,7,14,14,6,3,6,8,5,7,7,5,12,6,14,13,6,4,,,13,14,,,5,14,8,3,5,8,3,12,4,13,6,5,13,13,14,13,12,13,4,4,6,7,13,3,,14,,,b'\x11\xe8\xe1I\xd6\x95\xa2\x18\x98|\x12\xdf\x17\xaeN\x1e'
11E8E149-D695-A218-987C-12DF17AE4E1E,2019-ncaa-d2-natl,ncaa,145,184,76,163,105,90,47,77,43,32,45,46,192,194,188,238,265,269,156,269,305,105,58,79,110,186,301,248,301,137,129,76,252,99,159,30,55,306,291,166,53,111,10,16,,,274,204,,,220,40,24,208,103,34,72,15,42,219,234,288,293,292,130,44,157,75,102,23,298,59,7,,267,,,212,291,220,269,90,184,271,36,254,194,284,71,306,304,210,304,271,291,277,94,142,171,280,165,293,291,252,146,129,244,159,273,252,104,203,197,302,283,98,35,,,269,309,,,220,266,210,205,218,264,182,267,146,271,233,161,307,302,303,294,286,285,87,206,237,131,293,73,,306,,,b'\x11\xe8\xe1I\xd6\x95\xa2\x18\x98|\x12\xdf\x17\xaeN\x1e'
11E8E149-D695-A218-987C-12DF17AE4E1E,2020-ncaa-d2-conf-CACC,ncaa,8,8,9,8,13,7,3,4,3,2,3,4,10,13,7,13,13,13,11,12,14,6,7,7,7,8,14,12,13,4,3,12,11,9,5,5,8,8,7,5,6,5,2,3,,,12,11,,,7,9,4,11,5,1,1,1,2,10,12,12,11,11,4,3,4,10,6,4,10,5,2,,12,,,7,10,8,3,11,14,9,10,4,2,7,2,13,13,11,13,12,5,7,9,11,10,5,1,13,5,11,5,3,4,5,5,6,5,6,5,4,6,7,6,,,14,14,,,7,8,5,9,6,12,11,5,14,13,4,3,13,13,13,12,11,9,6,7,8,5,6,8,,14,,,b'\x11\xe8\xe1I\xd6\x95\xa2\x18\x98|\x12\xdf\x17\xaeN\x1e'
11E8E149-D695-A218-987C-12DF17AE4E1E,2020-ncaa-d2-natl,ncaa,193,182,223,197,249,158,91,88,99,38,40,122,222,233,186,256,297,286,217,284,311,140,128,141,184,190,306,243,307,70,58,189,245,135,143,107,159,197,176,135,127,133,35,39,,,232,224,,,190,164,32,227,104,31,23,13,9,211,219,300,290,290,53,36,43,123,54,57,237,100,22,,274,,,191,206,180,167,184,233,228,173,66,59,129,36,274,278,141,277,239,191,191,149,168,181,97,35,273,246,245,129,58,184,143,202,195,140,160,166,127,122,237,166,,,298,311,,,190,160,159,205,181,266,235,248,271,286,95,87,297,296,297,276,285,274,188,238,236,103,170,259,,304,,,b'\x11\xe8\xe1I\xd6\x95\xa2\x18\x98|\x12\xdf\x17\xaeN\x1e'
11E8E149-D695-A218-987C-12DF17AE4E1E,2021-ncaa-d2-conf-CACC,ncaa,2,1,6,2,7,2,2,5,1,2,2,2,3,7,2,7,3,3,1,3,5,5,6,2,2,2,6,6,3,6,4,3,1,4,1,5,7,3,3,5,3,4,1,1,,,2,2,,,2,5,1,4,2,2,2,1,1,3,7,1,2,3,2,1,3,1,1,4,5,2,1,,3,,,2,2,3,3,5,5,4,3,1,1,3,1,2,3,1,2,2,2,2,2,2,2,1,1,2,2,1,3,4,2,1,2,2,5,6,2,5,4,3,2,,,5,4,,,2,3,2,2,2,5,6,6,7,7,2,2,3,4,4,6,6,3,3,2,2,2,6,5,,1,,,b'\x11\xe8\xe1I\xd6\x95\xa2\x18\x98|\x12\xdf\x17\xaeN\x1e'
11E8E149-D695-A218-987C-12DF17AE4E1E,2021-ncaa-d2-natl,ncaa,83,8,185,21,188,174,170,180,88,145,144,132,190,202,74,222,176,174,177,176,189,179,177,127,144,155,214,206,133,123,24,176,141,164,41,170,150,75,181,165,139,54,50,13,,,36,48,,,63,181,24,121,69,48,39,18,13,191,216,108,74,79,31,14,22,31,13,84,209,37,5,,103,,,51,36,44,45,55,59,74,49,22,26,28,5,31,38,9,38,22,41,45,28,14,13,6,10,52,58,141,38,24,40,41,45,88,147,47,47,78,176,84,98,,,176,137,,,63,46,135,13,53,64,124,181,183,214,10,11,41,88,88,177,199,180,90,140,107,27,204,189,,37,,,b'\x11\xe8\xe1I\xd6\x95\xa2\x18\x98|\x12\xdf\x17\xaeN\x1e'
11E8E149-D695-A218-987C-12DF17AE4E1E,2022-ncaa-d2-conf-CACC,ncaa,5,6,4,6,5,5,2,2,2,2,3,3,7,7,5,8,13,13,12,13,13,4,4,4,5,5,11,7,13,3,3,5,3,3,2,2,2,9,7,3,5,6,1,1,,,11,11,,,5,6,4,13,4,1,2,1,3,7,8,13,13,13,5,7,5,5,4,1,7,7,1,,10,,,5,7,5,6,7,6,10,3,2,1,8,2,13,13,7,13,12,6,8,5,6,7,9,1,13,4,3,4,3,4,2,1,1,8,8,2,7,6,8,3,,,13,13,,,5,8,5,6,5,6,4,3,6,9,3,2,12,13,13,7,7,4,3,3,3,7,7,7,,13,,,b'\x11\xe8\xe1I\xd6\x95\xa2\x18\x98|\x12\xdf\x17\xaeN\x1e'
11E8E149-D695-A218-987C-12DF17AE4E1E,2022-ncaa-d2-natl,ncaa,129,139,146,134,197,132,71,84,75,42,48,92,201,214,165,238,287,284,245,284,300,117,107,111,165,173,295,234,300,45,37,100,212,73,84,33,25,208,177,64,103,132,8,9,,,212,188,,,103,138,56,301,104,25,28,12,16,207,219,295,294,294,75,60,38,65,31,9,216,107,4,,222,,,97,121,110,162,57,186,255,33,24,20,72,6,257,267,80,266,178,188,190,29,43,53,47,9,276,252,212,112,37,177,84,66,65,115,147,66,171,139,144,70,,,272,301,,,103,171,144,86,95,127,103,196,207,289,9,9,262,265,267,230,235,255,122,188,76,112,179,148,,293,,,b'\x11\xe8\xe1I\xd6\x95\xa2\x18\x98|\x12\xdf\x17\xaeN\x1e'
11E8E149-D695-A218-987C-12DF17AE4E1E,2023-ncaa-d2-conf-CACC,ncaa,6,6,7,6,9,9,8,9,4,5,8,6,9,10,6,10,11,11,3,11,11,11,9,7,7,7,10,10,12,10,8,10,13,10,9,5,4,5,9,6,6,4,5,7,,,5,7,,,8,9,9,5,8,5,10,3,4,9,10,11,11,11,11,10,9,9,10,5,8,5,5,,9,,,8,5,6,7,7,7,8,6,3,4,7,3,7,6,3,6,8,7,5,6,7,7,4,5,8,10,13,5,8,9,9,5,7,9,10,8,4,7,13,13,,,12,13,,,8,5,8,8,8,7,8,8,11,12,5,5,10,9,9,10,8,12,6,9,7,7,5,13,,12,,,b'\x11\xe8\xe1I\xd6\x95\xa2\x18\x98|\x12\xdf\x17\xaeN\x1e'
11E8E149-D695-A218-987C-12DF17AE4E1E,2023-ncaa-d2-natl,ncaa,183,139,255,175,278,262,234,251,162,196,178,190,264,274,194,248,276,280,158,280,283,270,268,201,218,224,269,237,234,172,90,247,294,234,225,167,72,96,206,158,162,118,98,83,,,61,121,,,207,275,171,290,226,171,133,91,55,250,256,262,265,263,184,154,88,163,117,91,203,99,57,,162,,,209,41,52,69,88,83,141,65,44,33,153,49,77,111,28,111,123,64,55,72,59,93,66,74,159,267,294,30,90,124,225,95,211,234,197,189,76,177,263,284,,,288,284,,,207,28,211,170,209,153,176,250,218,278,90,72,159,204,204,257,237,294,133,264,199,170,172,291,,283,,,b'\x11\xe8\xe1I\xd6\x95\xa2\x18\x98|\x12\xdf\x17\xaeN\x1e'
11E8E149-D695-A218-987C-12DF17AE4E1E,2024-ncaa-d2-conf-CACC,ncaa,11,10,12,11,12,10,8,12,2,2,3,2,12,12,12,11,10,10,10,11,11,12,11,5,5,9,11,11,9,8,4,12,7,12,5,9,12,10,11,10,6,3,8,7,,,10,11,,,10,11,6,10,9,3,10,2,2,12,11,9,7,8,9,4,3,12,9,9,11,3,7,,11,,,11,8,5,1,12,6,1,11,6,1,12,4,12,11,11,11,12,1,2,12,12,12,11,4,11,1,7,1,4,1,5,7,6,4,2,6,12,12,6,6,,,11,6,,,10,2,10,10,11,11,8,2,8,4,10,3,12,12,12,5,7,5,2,3,9,2,12,8,,6,,,b'\x11\xe8\xe1I\xd6\x95\xa2\x18\x98|\x12\xdf\x17\xaeN\x1e'
11E8E149-D695-A218-987C-12DF17AE4E1E,2024-ncaa-d2-natl,ncaa,275,247,275,277,281,274,247,270,138,155,143,166,292,291,281,293,284,269,292,273,289,276,262,219,245,275,296,293,257,145,40,279,205,258,120,243,204,234,289,265,161,91,180,146,,,116,252,,,275,274,57,220,230,131,121,20,12,292,292,274,223,233,155,48,50,229,132,176,296,71,122,,272,,,272,73,73,25,285,118,47,273,42,26,254,46,195,181,208,179,250,26,26,276,283,259,105,47,240,43,205,14,40,17,120,176,258,195,97,204,257,289,195,194,,,284,282,,,275,30,263,249,270,269,257,164,267,212,127,62,284,273,275,204,223,170,100,124,278,71,295,275,,244,,,b'\x11\xe8\xe1I\xd6\x95\xa2\x18\x98|\x12\xdf\x17\xaeN\x1e'
11E8E149-D695-A218-987C-12DF17AE4E1E,2025-ncaa-d2-conf-CACC,genius_ncaa,7,7,7,7,10,10,10,10,7,8,8,6,7,8,6,7,8,8,8,8,7,10,10,7,7,9,7,6,7,9,6,7,9,9,6,10,10,10,11,10,2,2,10,10,,,12,12,,11,9,9,4,4,9,9,10,6,7,5,7,6,5,5,10,6,8,7,9,10,11,2,9,,12,,11,9,2,1,2,8,3,4,5,1,1,8,1,12,12,6,12,12,3,4,6,7,7,10,1,12,5,9,2,6,2,6,1,3,5,3,3,11,11,12,12,,,9,6,,2,9,4,10,8,8,8,5,4,7,8,1,1,12,12,12,7,9,9,4,5,5,2,11,12,,7,,2,b'\x11\xe8\xe1I\xd6\x95\xa2\x18\x98|\x12\xdf\x17\xaeN\x1e'
11E8E149-D695-A218-987C-12DF17AE4E1E,2025-ncaa-d2-natl,genius_ncaa,243,271,162,258,189,250,234,230,219,196,157,242,244,261,197,242,237,223,238,220,227,235,153,236,246,287,237,226,164,204,209,229,271,227,252,234,197,296,299,290,145,164,252,271,,,294,296,,153,293,135,78,190,281,270,274,214,140,262,270,251,232,230,276,121,211,249,251,253,297,137,260,,298,,163,289,236,189,139,237,248,227,197,53,27,205,12,297,296,167,296,280,196,189,204,243,230,102,21,293,262,271,141,209,189,252,225,218,127,155,188,295,294,276,278,,,192,212,,57,293,168,289,252,287,258,214,158,257,264,58,26,300,297,297,251,242,259,155,219,236,112,293,280,,189,,54,b'\x11\xe8\xe1I\xd6\x95\xa2\x18\x98|\x12\xdf\x17\xaeN\x1e'
11E8E149-D695-A218-987C-12DF17AE4E1E,2026-ncaa-d2-conf-CACC,genius_ncaa,3,3,5,3,6,7,8,9,4,9,7,8,4,9,1,7,7,7,8,7,6,9,8,4,4,2,4,3,8,10,10,9,10,10,11,8,6,5,5,5,5,6,2,1,,,9,9,,7,7,7,4,2,4,5,6,6,4,4,6,7,7,7,6,7,10,7,10,6,5,6,1,,10,,7,7,7,5,6,4,6,7,4,1,4,4,2,11,10,11,10,11,7,7,4,6,8,6,1,11,8,10,6,10,7,11,4,3,7,9,4,4,4,8,9,,,8,8,,3,7,5,6,9,7,11,4,8,8,10,1,3,11,11,11,10,10,10,8,10,4,7,4,9,,9,,3,b'\x11\xe8\xe1I\xd6\x95\xa2\x18\x98|\x12\xdf\x17\xaeN\x1e'
11E8E149-D695-A218-987C-12DF17AE4E1E,2026-ncaa-d2-natl,genius_ncaa,201,239,59,229,84,165,145,137,163,127,114,192,161,179,135,196,216,143,295,145,171,146,102,170,211,248,219,157,238,189,253,130,258,158,272,167,189,282,277,253,85,138,164,226,,,280,283,,60,283,84,79,88,246,218,241,184,173,194,230,264,187,187,260,156,240,213,254,213,268,114,186,,288,,38,276,255,240,216,212,256,262,179,140,131,169,31,291,290,227,290,259,255,233,190,222,252,140,50,278,269,258,223,253,248,272,277,282,131,221,266,271,258,191,184,,,164,237,,68,283,219,266,270,275,273,225,201,256,260,98,69,296,291,291,266,236,250,202,241,279,185,254,178,,237,,86,b'\x11\xe8\xe1I\xd6\x95\xa2\x18\x98|\x12\xdf\x17\xaeN\x1e'
11E8E149-D69A-06FA-987C-12DF17AE4E1E,2018-ncaa-d2-conf-MEC,ncaa,1,1,1,1,1,1,1,1,5,2,3,1,1,1,6,1,3,1,11,1,3,1,1,4,4,1,1,1,12,1,1,3,3,1,3,1,4,1,1,1,1,1,4,4,,,11,4,,,1,1,1,3,1,1,1,2,6,1,1,3,2,2,1,1,1,5,1,1,1,1,4,,9,,,1,11,12,10,11,11,11,8,3,3,8,2,6,6,3,6,3,9,12,7,7,1,2,2,3,7,3,12,1,12,3,10,8,1,1,1,2,1,10,9,,,1,10,,,1,12,1,1,1,8,9,9,11,10,2,2,3,5,5,8,12,5,12,11,9,1,2,8,,3,,,b'\x11\xe8\xe1I\xd6\x9a\x06\xfa\x98|\x12\xdf\x17\xaeN\x1e'
11E8E149-D69A-06FA-987C-12DF17AE4E1E,2018-ncaa-d2-natl,ncaa,4,2,12,2,12,3,3,1,92,9,26,12,1,1,139,2,25,12,235,12,74,1,2,45,63,16,18,5,297,1,25,18,75,1,79,3,119,107,1,2,3,6,35,102,,,292,57,,,3,2,2,22,1,2,1,20,100,1,1,79,51,52,1,1,1,40,1,3,29,2,54,,213,,,2,306,309,304,271,308,307,264,183,199,121,33,218,232,81,232,41,305,307,228,208,73,5,27,41,237,75,309,25,309,79,304,175,3,8,37,152,6,256,155,,,9,288,,,3,308,3,41,3,269,295,281,303,302,90,96,108,118,123,271,306,131,308,293,274,3,62,186,,41,,,b'\x11\xe8\xe1I\xd6\x9a\x06\xfa\x98|\x12\xdf\x17\xaeN\x1e'
11E8E149-D69A-06FA-987C-12DF17AE4E1E,2019-ncaa-d2-conf-MEC,ncaa,1,1,1,1,1,1,1,1,6,1,1,2,1,1,7,1,1,2,3,2,7,1,1,4,4,2,3,2,9,1,1,3,8,1,4,2,10,6,1,2,1,1,7,9,,,12,3,,,1,1,1,8,1,1,1,1,2,1,1,3,4,4,1,1,1,6,1,2,2,1,7,,10,,,1,12,12,12,11,12,11,11,5,8,5,2,12,11,10,10,3,12,12,9,10,3,2,2,3,11,8,12,1,12,4,11,11,1,1,2,3,1,9,6,,,1,12,,,1,12,1,3,1,10,11,9,12,11,3,2,7,6,5,10,12,8,11,11,11,1,1,8,,4,,,b'\x11\xe8\xe1I\xd6\x9a\x06\xfa\x98|\x12\xdf\x17\xaeN\x1e'
11E8E149-D69A-06FA-987C-12DF17AE4E1E,2019-ncaa-d2-natl,ncaa,4,5,9,5,9,1,1,1,39,2,2,9,1,1,138,7,6,12,73,12,170,1,1,24,31,11,75,32,284,1,13,17,239,1,117,7,267,252,3,21,3,9,41,171,,,307,62,,,6,1,1,82,1,1,1,1,14,1,1,20,49,48,1,1,2,70,3,6,123,3,80,,279,,,7,311,311,311,290,311,310,291,195,227,88,21,302,300,224,300,57,311,311,263,254,147,5,12,97,308,239,310,13,310,117,310,133,2,17,57,268,16,292,167,,,8,302,,,6,311,2,143,15,306,309,309,309,310,79,96,258,238,236,309,311,280,297,298,297,2,147,262,,64,,,b'\x11\xe8\xe1I\xd6\x9a\x06\xfa\x98|\x12\xdf\x17\xaeN\x1e'
11E8E149-D69A-06FA-987C-12DF17AE4E1E,2020-ncaa-d2-conf-MEC,ncaa,1,1,1,1,2,1,1,1,3,1,1,2,1,1,2,2,4,5,4,5,9,1,1,1,1,1,4,2,12,1,1,3,1,1,1,1,12,4,1,1,1,1,10,11,,,12,6,,,1,1,1,11,1,1,1,1,1,1,2,8,8,8,1,1,1,4,1,3,2,1,11,,10,,,1,11,11,9,12,12,11,11,3,3,10,2,7,6,8,6,2,9,11,11,12,4,2,3,4,3,1,9,1,7,1,11,4,1,1,2,5,2,12,10,,,4,12,,,1,12,1,4,1,10,11,7,11,11,3,2,5,6,6,7,11,1,7,4,9,1,4,11,,5,,,b'\x11\xe8\xe1I\xd6\x9a\x06\xfa\x98|\x12\xdf\x17\xaeN\x1e'
11E8E149-D69A-06FA-987C-12DF17AE4E1E,2020-ncaa-d2-natl,ncaa,18,22,17,23,51,1,1,1,12,1,4,3,1,2,39,28,26,40,59,42,248,1,1,5,8,3,114,46,303,1,9,72,142,8,61,21,307,111,2,27,3,19,243,294,,,296,142,,,3,1,1,284,1,1,1,1,5,1,2,48,73,77,1,1,3,150,14,28,45,4,265,,276,,,3,310,310,307,308,310,310,303,99,45,246,5,276,269,193,273,76,307,310,301,302,232,2,5,93,218,142,297,9,283,61,300,51,4,28,71,167,10,286,172,,,27,306,,,3,311,1,192,11,306,308,295,308,310,57,15,240,230,232,300,309,149,243,212,264,4,98,266,,69,,,b'\x11\xe8\xe1I\xd6\x9a\x06\xfa\x98|\x12\xdf\x17\xaeN\x1e'
11E8E149-D69A-06FA-987C-12DF17AE4E1E,2021-ncaa-d2-conf-MEC,ncaa,3,2,11,2,11,2,2,3,3,2,6,1,2,2,7,3,7,9,6,9,8,3,6,3,3,1,6,4,12,2,1,9,1,4,1,6,10,1,2,2,2,1,12,12,,,3,3,,,1,8,2,5,1,1,1,1,3,2,2,5,6,6,1,1,1,7,1,2,3,2,11,,5,,,1,3,4,1,12,8,5,12,2,2,7,3,1,1,5,1,2,1,2,9,8,4,1,4,1,1,1,3,1,1,1,5,3,3,1,2,4,4,4,5,,,9,10,,,1,4,1,4,1,6,9,4,12,10,2,2,3,3,3,3,10,1,6,3,7,2,5,8,,5,,,b'\x11\xe8\xe1I\xd6\x9a\x06\xfa\x98|\x12\xdf\x17\xaeN\x1e'
11E8E149-D69A-06FA-987C-12DF17AE4E1E,2021-ncaa-d2-natl,ncaa,44,35,114,36,123,21,20,22,24,19,47,12,24,12,110,43,94,94,129,91,183,28,44,26,36,11,156,73,216,6,5,100,72,49,21,53,206,91,9,26,11,6,149,206,,,123,52,,,8,64,2,121,1,1,1,2,8,5,3,68,61,57,1,2,2,43,2,18,66,2,175,,156,,,3,140,174,136,216,196,176,202,75,64,167,10,72,73,91,75,7,125,151,192,173,95,5,21,7,104,72,127,5,118,21,133,20,20,13,19,98,18,129,58,,,94,207,,,8,160,2,74,9,202,220,207,222,219,67,28,50,56,57,197,222,103,166,148,150,3,89,133,,33,,,b'\x11\xe8\xe1I\xd6\x9a\x06\xfa\x98|\x12\xdf\x17\xaeN\x1e'
11E8E149-D69A-06FA-987C-12DF17AE4E1E,2022-ncaa-d2-conf-MEC,ncaa,1,1,1,1,1,1,1,1,1,1,1,1,1,1,4,3,2,1,7,1,10,1,1,1,1,1,6,5,11,1,1,3,1,1,1,1,5,1,1,1,1,1,10,10,,,6,3,,,1,1,2,9,1,1,1,1,1,1,2,8,6,5,1,2,2,6,1,1,1,1,12,,3,,,1,2,5,6,4,7,8,4,3,4,7,3,2,1,12,1,1,5,12,4,4,1,4,5,2,2,1,6,1,5,1,4,6,1,1,1,2,1,3,1,,,1,10,,,1,12,1,1,1,1,1,1,2,4,2,2,1,1,1,1,7,1,4,1,3,1,1,2,,6,,,b'\x11\xe8\xe1I\xd6\x9a\x06\xfa\x98|\x12\xdf\x17\xaeN\x1e'
11E8E149-D69A-06FA-987C-12DF17AE4E1E,2022-ncaa-d2-natl,ncaa,1,1,1,1,2,1,1,1,3,1,1,2,1,1,54,57,8,3,209,3,193,1,1,4,7,1,194,90,289,1,4,11,39,1,10,2,254,186,1,4,1,5,187,274,,,291,36,,,1,1,6,209,1,1,1,1,9,3,7,85,71,69,1,5,7,146,14,8,19,4,256,,110,,,1,297,300,301,221,301,300,191,161,187,120,33,188,192,109,202,22,299,301,170,143,25,6,36,39,201,39,296,4,290,10,261,40,1,4,4,185,2,151,13,,,3,268,,,1,301,1,7,1,115,192,136,250,248,36,25,33,38,41,95,268,30,115,61,86,2,23,33,,83,,,b'\x11\xe8\xe1I\xd6\x9a\x06\xfa\x98|\x12\xdf\x17\xaeN\x1e'
11E8E149-D69A-06FA-987C-12DF17AE4E1E,2023-ncaa-d2-conf-MEC,ncaa,1,1,1,1,3,1,1,2,2,2,8,2,1,1,3,2,6,6,4,6,5,2,2,2,2,2,2,2,10,2,2,11,8,6,8,3,5,2,1,1,1,1,12,12,,,10,9,,,1,1,4,10,2,2,2,5,10,2,2,7,6,6,2,2,2,12,10,3,1,1,12,,8,,,1,4,7,3,11,10,7,11,2,2,1,3,4,5,7,5,3,2,11,10,10,2,3,2,4,2,8,10,2,7,8,4,2,1,1,1,1,1,7,6,,,5,9,,,1,11,1,1,1,2,5,2,7,6,2,2,2,1,1,1,6,2,7,5,3,1,1,4,,6,,,b'\x11\xe8\xe1I\xd6\x9a\x06\xfa\x98|\x12\xdf\x17\xaeN\x1e'
11E8E149-D69A-06FA-987C-12DF17AE4E1E,2023-ncaa-d2-natl,ncaa,2,6,2,4,3,1,2,1,49,5,7,24,2,1,65,14,7,5,117,5,111,1,1,28,33,23,38,21,250,2,27,57,235,5,168,6,248,280,14,48,1,2,269,294,,,298,187,,,3,1,5,196,2,2,2,21,79,4,3,57,67,67,2,3,12,276,98,33,107,3,294,,261,,,3,298,298,295,286,298,297,284,78,125,27,16,272,278,88,278,74,297,298,253,237,51,2,6,92,293,235,298,27,297,168,279,29,1,1,2,210,4,266,136,,,4,212,,,3,298,5,36,6,200,257,133,287,259,11,15,113,122,118,123,288,169,222,209,119,1,47,172,,42,,,b'\x11\xe8\xe1I\xd6\x9a\x06\xfa\x98|\x12\xdf\x17\xaeN\x1e'
11E8E149-D69A-06FA-987C-12DF17AE4E1E,2024-ncaa-d2-conf-MEC,ncaa,7,6,7,7,8,3,2,2,9,4,6,4,3,2,10,2,9,7,11,8,9,2,2,8,9,5,3,3,11,2,6,11,9,7,11,5,10,3,1,5,1,1,11,11,,,10,8,,,4,2,1,3,1,1,1,2,4,3,1,8,7,8,1,2,2,11,5,5,5,1,11,,11,,,4,10,10,4,11,10,5,11,1,2,1,2,11,10,6,10,7,4,9,11,11,5,3,2,7,3,9,11,6,11,11,10,7,1,1,1,4,2,3,3,,,9,11,,,4,10,6,4,4,9,10,4,10,8,2,3,10,9,9,6,11,3,11,11,10,1,5,2,,8,,,b'\x11\xe8\xe1I\xd6\x9a\x06\xfa\x98|\x12\xdf\x17\xaeN\x1e'
11E8E149-D69A-06FA-987C-12DF17AE4E1E,2024-ncaa-d2-natl,ncaa,98,93,117,98,121,14,13,5,133,31,43,39,8,2,214,14,71,29,276,29,83,8,6,117,141,113,82,48,248,5,51,258,279,112,259,61,252,275,77,138,2,2,278,289,,,291,207,,,82,7,1,25,2,3,1,8,32,5,2,58,16,19,1,1,4,293,101,46,262,1,284,,296,,,78,292,295,196,299,296,245,299,87,79,169,37,284,281,167,282,234,237,293,297,297,148,15,12,176,216,279,296,51,290,259,278,119,2,3,13,266,111,131,55,,,39,245,,,82,294,85,130,93,296,295,214,298,261,83,64,283,280,282,249,299,211,296,290,275,1,249,119,,16,,,b'\x11\xe8\xe1I\xd6\x9a\x06\xfa\x98|\x12\xdf\x17\xaeN\x1e'
11E8E149-D69A-06FA-987C-12DF17AE4E1E,2025-ncaa-d2-conf-MEC,genius_ncaa,2,5,1,5,3,1,1,1,8,1,1,5,1,1,10,2,8,8,9,7,10,1,1,7,8,8,6,3,11,2,2,5,7,2,4,1,6,9,3,4,2,2,10,11,,,11,11,,11,2,1,1,8,1,1,1,1,2,2,1,10,8,8,1,1,2,5,2,1,6,2,10,,11,,11,3,11,10,9,10,9,6,8,9,7,11,4,11,11,8,11,10,11,11,11,11,5,9,5,11,5,7,11,2,10,4,11,11,2,2,6,10,3,3,1,,,6,11,,5,2,11,4,4,3,11,7,5,8,5,8,5,11,11,11,6,11,5,10,7,11,2,8,2,,9,,5,b'\x11\xe8\xe1I\xd6\x9a\x06\xfa\x98|\x12\xdf\x17\xaeN\x1e'
11E8E149-D69A-06FA-987C-12DF17AE4E1E,2025-ncaa-d2-natl,genius_ncaa,67,112,25,96,36,6,6,2,185,11,6,121,7,2,202,39,110,65,261,63,260,2,2,160,200,176,130,58,286,2,7,89,205,5,81,27,201,298,92,138,5,7,173,231,,,300,283,,297,64,3,1,207,4,3,1,14,9,10,3,188,123,122,1,1,2,210,3,34,266,3,207,,300,,296,70,300,291,276,268,292,276,229,258,203,284,74,301,301,126,301,286,289,298,268,280,126,216,101,265,265,205,301,7,300,81,296,249,4,8,32,295,112,184,49,,,51,295,,25,64,299,89,96,84,288,255,198,245,220,208,118,296,296,294,265,300,191,287,269,267,2,264,119,,120,,34,b'\x11\xe8\xe1I\xd6\x9a\x06\xfa\x98|\x12\xdf\x17\xaeN\x1e'
11E8E149-D69A-06FA-987C-12DF17AE4E1E,2026-ncaa-d2-conf-MEC,genius_ncaa,2,2,1,2,1,3,2,1,5,4,3,4,1,1,5,3,6,7,6,7,9,2,2,4,4,4,3,2,9,2,2,8,9,5,8,2,2,11,9,4,1,2,7,8,,,11,8,,7,7,1,2,1,3,2,1,4,4,2,1,8,8,8,2,2,2,9,5,2,11,1,8,,10,,6,7,11,10,7,8,10,10,6,8,5,11,5,10,11,3,11,9,10,11,9,9,6,9,6,7,10,9,10,2,10,8,11,11,1,2,7,9,7,8,7,,,3,9,,5,7,11,4,6,5,10,9,7,9,9,8,5,10,10,10,9,10,10,8,8,11,1,9,7,,4,,5,b'\x11\xe8\xe1I\xd6\x9a\x06\xfa\x98|\x12\xdf\x17\xaeN\x1e'
11E8E149-D69A-06FA-987C-12DF17AE4E1E,2026-ncaa-d2-natl,genius_ncaa,65,53,141,74,170,85,60,61,110,105,120,89,28,21,111,33,242,222,252,213,262,84,78,88,130,146,121,28,294,34,32,233,263,145,183,69,141,209,164,133,24,28,203,235,,,179,114,,249,129,99,7,88,16,6,4,51,73,6,2,260,230,226,9,9,12,275,95,33,253,17,199,,228,,258,130,210,230,155,287,248,185,284,131,120,166,92,141,153,102,151,125,155,193,274,271,178,33,74,83,182,263,162,32,169,183,282,292,25,18,184,120,55,255,262,,,157,257,,57,129,199,107,171,138,278,284,233,286,246,147,128,158,184,185,238,287,224,219,228,293,12,140,274,,115,,46,b'\x11\xe8\xe1I\xd6\x9a\x06\xfa\x98|\x12\xdf\x17\xaeN\x1e'
11E8E149-D69E-6484-987C-12DF17AE4E1E,2018-ncaa-d2-conf-CACC,ncaa,9,8,9,9,9,13,12,13,10,13,13,7,7,5,12,2,13,13,10,13,12,14,14,10,10,10,6,6,13,11,9,11,6,12,7,10,9,5,9,10,8,7,4,5,,,2,5,,,9,14,13,1,13,11,10,13,13,6,3,13,12,12,11,11,9,9,9,10,6,7,3,,3,,,9,4,6,4,10,7,5,8,5,2,10,4,2,2,12,2,3,2,1,9,9,10,2,7,3,3,6,7,9,3,7,2,1,12,12,7,4,7,4,7,,,13,12,,,9,1,11,7,10,7,7,8,8,8,6,5,3,3,3,4,3,5,10,7,2,12,6,7,,12,,,b'\x11\xe8\xe1I\xd6\x9ed\x84\x98|\x12\xdf\x17\xaeN\x1e'
11E8E149-D69E-6484-987C-12DF17AE4E1E,2018-ncaa-d2-natl,ncaa,213,229,148,221,161,251,227,197,249,228,223,183,192,119,289,80,280,273,238,270,257,221,206,241,259,263,200,137,261,157,157,174,198,169,186,232,193,169,237,236,195,167,90,107,,,37,44,,,241,232,257,74,283,260,215,250,239,202,105,293,285,285,250,225,145,173,155,250,193,191,86,,33,,,239,86,151,157,153,195,221,114,86,70,175,70,33,38,139,39,20,122,93,124,97,141,29,92,44,177,198,145,157,164,186,27,10,240,234,140,214,256,96,159,,,269,276,,,241,81,256,165,238,113,179,191,205,249,95,72,34,33,35,148,94,198,160,174,46,254,225,105,,287,,,b'\x11\xe8\xe1I\xd6\x9ed\x84\x98|\x12\xdf\x17\xaeN\x1e'
11E8E149-D69E-6484-987C-12DF17AE4E1E,2019-ncaa-d2-conf-CACC,ncaa,6,7,3,7,3,5,5,3,9,6,6,8,2,3,10,6,6,7,11,6,6,3,4,9,10,8,6,4,9,3,5,5,3,6,6,9,11,4,5,6,7,7,4,5,,,8,7,,,7,4,9,3,7,7,2,8,10,3,4,8,8,7,4,9,3,10,6,11,4,9,4,,6,,,7,13,14,10,13,14,12,10,9,5,13,6,7,6,4,5,4,9,10,13,12,12,4,9,3,4,3,13,5,13,6,6,3,7,7,7,5,4,11,10,,,5,7,,,7,11,7,10,7,7,11,5,12,10,8,4,5,5,5,5,5,1,12,7,5,9,5,10,,7,,,b'\x11\xe8\xe1I\xd6\x9ed\x84\x98|\x12\xdf\x17\xaeN\x1e'
11E8E149-D69E-6484-987C-12DF17AE4E1E,2019-ncaa-d2-natl,ncaa,132,184,46,152,55,102,111,57,224,173,157,191,52,29,189,39,173,140,240,143,152,64,61,187,210,185,62,48,241,50,93,138,206,90,185,152,225,206,125,173,86,118,125,159,,,188,122,,,175,77,194,77,170,173,86,242,237,60,29,233,200,202,101,127,63,237,137,205,133,127,142,,118,,,171,259,283,237,243,283,246,242,163,160,158,108,128,153,95,144,80,221,238,224,206,191,45,90,68,221,206,274,93,266,185,201,78,83,110,124,238,167,181,175,,,104,189,,,175,234,153,189,173,166,220,136,243,180,116,104,68,90,86,118,143,164,221,205,139,120,177,134,,171,,,b'\x11\xe8\xe1I\xd6\x9ed\x84\x98|\x12\xdf\x17\xaeN\x1e'
11E8E149-D69E-6484-987C-12DF17AE4E1E,2020-ncaa-d2-conf-CACC,ncaa,7,6,9,7,12,11,8,14,5,8,12,2,9,11,8,7,10,8,13,8,4,14,14,6,6,7,8,7,8,11,8,9,5,13,4,12,9,4,9,11,13,13,6,6,,,6,8,,,8,14,12,7,10,7,12,7,11,9,9,9,6,6,11,11,11,5,8,12,6,13,5,,8,,,8,4,5,5,8,3,8,3,8,5,14,6,5,5,12,5,4,3,1,7,7,11,8,9,7,4,5,2,8,3,4,2,1,14,13,9,9,14,3,4,,,11,6,,,8,1,8,11,8,8,8,9,5,12,9,6,7,5,5,7,4,7,5,4,4,14,11,4,,9,,,b'\x11\xe8\xe1I\xd6\x9ed\x84\x98|\x12\xdf\x17\xaeN\x1e'
11E8E149-D69E-6484-987C-12DF17AE4E1E,2020-ncaa-d2-natl,ncaa,211,220,173,217,209,220,190,204,152,178,170,161,195,204,177,179,284,223,305,228,231,220,227,167,215,212,243,170,287,156,162,180,243,182,207,209,201,129,172,186,280,292,117,136,,,143,167,,,238,228,236,211,233,188,203,167,158,188,200,292,231,235,220,227,152,166,154,210,137,291,105,,146,,,233,175,182,186,149,170,225,81,199,113,300,97,96,87,211,89,57,171,114,156,144,203,147,200,91,252,243,150,162,200,207,141,102,253,267,227,209,239,77,86,,,245,225,,,238,87,208,243,236,181,201,223,178,254,210,132,109,94,101,204,131,255,170,217,149,268,209,84,,256,,,b'\x11\xe8\xe1I\xd6\x9ed\x84\x98|\x12\xdf\x17\xaeN\x1e'
11E8E149-D69E-6484-987C-12DF17AE4E1E,2022-ncaa-d2-conf-CACC,ncaa,11,12,6,12,9,8,8,9,7,7,10,7,6,6,7,6,9,7,13,7,7,10,7,7,7,10,6,6,11,9,9,12,12,12,12,8,9,11,11,11,2,2,8,6,,,12,13,,,12,7,3,7,6,6,7,7,8,6,6,10,5,5,8,4,7,13,12,8,11,1,6,,12,,,12,13,10,4,13,9,5,12,9,4,13,4,12,12,12,12,13,5,6,12,13,12,12,8,12,8,12,8,9,9,12,10,11,2,1,7,11,12,10,12,,,8,10,,,12,7,10,12,11,13,11,4,11,6,10,5,13,12,12,8,11,8,11,11,11,2,11,12,,9,,,b'\x11\xe8\xe1I\xd6\x9ed\x84\x98|\x12\xdf\x17\xaeN\x1e'
11E8E149-D69E-6484-987C-12DF17AE4E1E,2022-ncaa-d2-natl,ncaa,215,241,146,229,172,169,135,108,192,128,99,190,148,133,191,149,260,203,290,206,263,119,93,194,227,240,224,142,281,55,84,241,282,169,249,152,178,266,237,228,55,58,104,115,,,274,264,,,224,105,48,181,172,115,55,111,82,135,118,275,218,223,79,37,49,280,186,157,266,41,94,,291,,,217,194,177,118,241,204,202,181,79,40,271,26,262,259,178,259,221,142,207,221,237,141,109,54,246,258,282,197,84,230,249,231,232,23,21,78,272,249,257,232,,,195,272,,,224,189,232,170,218,218,194,114,236,218,91,29,267,259,259,168,259,262,220,251,236,19,268,268,,204,,,b'\x11\xe8\xe1I\xd6\x9ed\x84\x98|\x12\xdf\x17\xaeN\x1e'
11E8E149-D69E-6484-987C-12DF17AE4E1E,2023-ncaa-d2-conf-CACC,ncaa,8,6,12,7,12,6,7,10,2,10,12,5,3,4,1,2,8,8,10,8,2,10,11,1,1,3,2,2,10,11,10,13,11,13,10,6,8,4,7,5,9,8,4,3,,,10,12,,,6,11,2,9,2,2,7,8,11,2,2,5,3,4,6,6,8,11,12,4,7,6,3,,12,,,6,7,7,4,12,8,6,12,3,6,5,8,9,8,11,7,10,5,3,9,11,11,5,4,11,8,11,4,10,4,10,4,2,10,9,7,3,9,5,11,,,7,4,,,6,3,4,12,6,13,13,12,13,8,8,10,12,12,12,12,11,10,8,7,8,6,9,7,,3,,,b'\x11\xe8\xe1I\xd6\x9ed\x84\x98|\x12\xdf\x17\xaeN\x1e'
11E8E149-D69E-6484-987C-12DF17AE4E1E,2023-ncaa-d2-natl,ncaa,183,206,148,199,177,108,117,126,134,178,156,180,54,82,26,84,138,114,236,119,102,120,98,93,106,133,50,41,175,131,170,199,286,178,265,89,77,213,189,145,74,101,78,97,,,259,223,,,181,99,23,208,64,82,60,179,149,31,57,140,89,95,58,40,114,218,186,57,223,62,70,,271,,,179,225,219,201,189,251,227,214,82,117,56,75,259,260,198,256,200,218,229,163,176,163,67,44,229,282,286,204,170,252,265,206,169,76,111,123,254,235,237,251,,,138,179,,,181,199,139,203,177,265,255,261,272,264,92,128,273,269,265,271,282,283,244,275,225,61,264,251,,100,,,b'\x11\xe8\xe1I\xd6\x9ed\x84\x98|\x12\xdf\x17\xaeN\x1e'
11E8E149-D69E-6484-987C-12DF17AE4E1E,2024-ncaa-d2-conf-CACC,ncaa,8,8,2,8,2,6,9,10,7,11,12,11,2,2,3,2,3,3,7,3,1,9,7,4,4,5,1,1,3,11,11,5,9,7,9,11,11,9,9,9,12,12,1,5,,,12,10,,,11,2,10,7,10,11,12,11,12,2,5,5,5,5,12,12,12,4,11,11,8,12,2,,10,,,10,12,12,12,6,12,12,7,9,7,7,1,11,12,7,12,8,12,11,5,6,10,3,2,9,12,9,9,11,11,9,6,1,12,12,9,9,10,8,11,,,3,3,,,11,11,6,11,10,8,9,9,9,11,4,2,9,10,10,9,6,10,6,8,4,12,8,7,,5,,,b'\x11\xe8\xe1I\xd6\x9ed\x84\x98|\x12\xdf\x17\xaeN\x1e'
11E8E149-D69E-6484-987C-12DF17AE4E1E,2024-ncaa-d2-natl,ncaa,216,264,78,234,93,152,190,182,200,256,248,237,40,68,29,46,94,101,141,101,20,169,133,140,126,165,5,15,71,223,253,101,274,156,262,177,133,257,251,228,277,294,61,122,,,252,208,,,270,101,159,167,201,256,271,291,287,37,75,115,116,119,257,216,251,127,207,210,218,292,62,,224,,,260,270,273,270,193,287,289,139,163,114,238,33,227,241,63,238,90,275,244,166,162,239,45,68,123,296,274,224,253,273,262,205,56,235,285,257,247,237,230,279,,,127,128,,,270,197,196,278,260,256,269,271,279,293,132,76,190,205,201,275,212,289,192,264,170,266,208,218,,175,,,b'\x11\xe8\xe1I\xd6\x9ed\x84\x98|\x12\xdf\x17\xaeN\x1e'
11E8E149-D69E-6484-987C-12DF17AE4E1E,2025-ncaa-d2-conf-CACC,genius_ncaa,7,7,7,7,9,6,8,11,4,9,12,2,4,4,3,2,5,6,1,6,1,11,12,1,1,2,3,3,4,12,10,12,12,12,12,9,9,3,7,6,11,10,11,11,,,3,5,,1,8,11,9,3,4,6,11,9,12,3,4,2,4,4,11,11,11,12,12,8,6,9,11,,6,,1,8,10,9,5,11,7,5,10,9,4,11,5,4,4,12,4,7,5,2,11,11,11,6,8,4,10,12,3,10,6,12,5,2,11,8,9,4,8,4,7,,,6,2,,9,8,2,3,11,9,11,11,10,11,9,10,6,7,7,7,9,6,11,5,8,9,9,7,4,,3,,7,b'\x11\xe8\xe1I\xd6\x9ed\x84\x98|\x12\xdf\x17\xaeN\x1e'
11E8E149-D69E-6484-987C-12DF17AE4E1E,2025-ncaa-d2-natl,genius_ncaa,233,236,207,238,211,179,190,253,88,233,283,73,88,113,56,49,171,214,24,216,77,260,252,57,47,75,42,55,135,280,264,267,288,286,287,140,78,101,194,123,234,226,262,268,,,82,109,,6,208,235,217,111,134,175,261,242,280,66,83,124,193,202,262,253,281,287,295,106,155,223,264,,122,,2,202,172,176,106,254,186,142,225,143,92,259,100,155,128,254,124,132,100,90,249,257,256,107,124,142,249,288,77,264,143,287,156,134,208,187,210,143,219,51,124,,,169,52,,272,208,59,124,278,208,234,241,183,237,206,183,119,197,158,157,178,162,263,126,197,207,184,183,57,,117,,278,b'\x11\xe8\xe1I\xd6\x9ed\x84\x98|\x12\xdf\x17\xaeN\x1e'
11E8E149-D69E-6484-987C-12DF17AE4E1E,2026-ncaa-d2-conf-CACC,genius_ncaa,8,10,1,9,1,2,1,4,3,3,4,3,4,3,4,6,3,2,7,2,3,4,4,5,5,8,6,6,4,9,11,1,6,6,9,5,8,10,8,9,8,10,2,7,,,7,4,,4,9,2,4,2,7,7,10,7,9,6,7,6,3,3,9,9,11,4,9,9,8,10,3,,6,,4,9,10,11,11,7,11,11,9,6,9,1,5,6,6,7,6,4,10,10,6,5,7,1,2,5,9,6,9,11,9,9,9,4,6,10,10,9,8,8,8,,,2,4,,5,9,10,9,8,9,7,10,11,11,11,3,9,6,6,6,9,8,8,5,6,7,8,8,7,,4,,6,b'\x11\xe8\xe1I\xd6\x9ed\x84\x98|\x12\xdf\x17\xaeN\x1e'
11E8E149-D69E-6484-987C-12DF17AE4E1E,2026-ncaa-d2-natl,genius_ncaa,246,272,59,268,84,187,168,172,156,155,173,108,176,154,208,137,177,160,216,158,132,171,130,163,181,237,201,169,173,189,220,103,261,139,231,170,169,268,278,244,240,276,92,152,,,179,99,,2,266,120,197,88,265,244,286,215,255,216,196,237,207,207,285,248,240,157,226,219,250,270,113,,109,,2,251,222,245,243,189,270,264,245,58,160,13,79,174,203,72,202,94,234,211,133,107,158,8,17,119,281,261,162,220,223,231,246,189,176,251,261,271,268,167,196,,,99,80,,232,266,185,246,226,254,182,236,245,275,264,24,121,127,162,162,243,181,269,87,197,233,232,254,144,,142,,253,b'\x11\xe8\xe1I\xd6\x9ed\x84\x98|\x12\xdf\x17\xaeN\x1e'
11E8E149-D6A2-C542-987C-12DF17AE4E1E,2018-ncaa-d2-conf-GLIAC,ncaa,2,3,1,3,1,2,2,3,3,4,4,3,2,2,2,4,2,2,5,2,3,2,2,2,2,4,4,3,7,3,3,1,1,1,1,3,7,10,7,6,3,4,3,4,,,4,2,,,2,2,7,1,2,4,9,4,8,3,5,5,5,5,7,6,6,2,4,5,7,4,5,,1,,,2,5,6,11,1,5,10,3,5,10,2,9,4,4,6,4,2,11,11,2,2,2,2,4,3,5,1,9,3,6,1,3,2,2,2,2,11,8,6,7,,,2,3,,,2,11,4,2,2,1,1,2,1,1,2,4,1,1,1,1,5,1,2,2,2,3,8,3,,4,,,b'\x11\xe8\xe1I\xd6\xa2\xc5B\x98|\x12\xdf\x17\xaeN\x1e'
11E8E149-D6A2-C542-987C-12DF17AE4E1E,2018-ncaa-d2-natl,ncaa,29,43,24,40,24,48,51,90,26,91,174,23,15,30,28,38,101,110,106,106,76,99,86,12,13,30,59,39,234,150,158,34,7,61,17,56,154,239,176,112,61,68,73,69,,,74,32,,,16,66,250,13,76,86,235,161,275,33,70,174,194,190,240,231,223,70,135,90,139,108,101,,10,,,15,94,146,213,78,148,163,130,158,238,25,255,32,24,218,26,26,169,207,77,53,37,97,180,40,30,7,162,158,92,17,77,46,53,53,32,261,231,131,138,,,50,70,,,16,238,43,12,16,6,32,41,50,35,89,156,8,6,7,19,32,6,34,8,21,101,190,62,,130,,,b'\x11\xe8\xe1I\xd6\xa2\xc5B\x98|\x12\xdf\x17\xaeN\x1e'
11E8E149-D6A2-C542-987C-12DF17AE4E1E,2019-ncaa-d2-conf-GLIAC,ncaa,2,1,3,1,4,2,2,2,2,3,4,1,5,5,5,6,7,8,2,8,8,3,7,2,2,2,11,10,9,9,9,2,1,3,3,4,8,1,1,2,4,3,2,2,,,1,1,,,2,3,8,9,2,2,6,3,5,7,7,8,9,9,6,8,9,1,2,4,1,4,2,,1,,,2,1,2,8,1,2,7,1,6,8,2,9,1,1,1,1,1,4,6,1,1,1,7,10,1,1,1,2,9,2,3,1,1,3,3,1,1,1,2,2,,,3,3,,,2,10,2,1,1,2,3,4,2,4,5,7,1,1,1,4,4,1,3,3,1,3,1,2,,3,,,b'\x11\xe8\xe1I\xd6\xa2\xc5B\x98|\x12\xdf\x17\xaeN\x1e'
11E8E149-D6A2-C542-987C-12DF17AE4E1E,2019-ncaa-d2-natl,ncaa,20,14,30,17,32,37,30,84,11,31,119,6,82,86,117,107,97,166,14,164,213,91,115,12,13,12,223,170,248,253,272,12,3,58,41,52,168,92,55,40,73,85,6,2,,,16,5,,,10,65,242,80,53,38,213,42,228,118,127,179,235,239,237,275,291,13,112,80,25,129,5,,5,,,6,34,90,252,8,75,170,28,220,289,18,290,9,9,141,8,3,183,202,15,6,8,139,286,5,59,3,196,272,123,41,26,16,66,68,18,105,79,66,49,,,60,49,,,10,247,31,4,6,4,24,108,17,47,134,248,2,2,2,33,40,14,59,25,9,126,45,33,,145,,,b'\x11\xe8\xe1I\xd6\xa2\xc5B\x98|\x12\xdf\x17\xaeN\x1e'
11E8E149-D6A2-C542-987C-12DF17AE4E1E,2020-ncaa-d2-conf-GLIAC,ncaa,2,2,1,2,1,2,2,4,2,2,3,2,7,5,7,9,4,4,4,4,8,3,4,2,3,3,12,12,7,2,2,1,3,1,2,4,5,7,4,4,2,2,1,1,,,1,1,,,2,4,8,6,4,3,7,2,6,9,10,4,6,6,6,7,4,1,1,4,3,3,1,,1,,,2,1,1,10,1,3,10,1,2,8,1,6,1,1,2,1,1,8,9,1,1,1,4,5,1,8,3,5,2,6,2,1,1,2,2,1,10,8,3,3,,,3,5,,,2,9,3,1,2,1,1,5,1,7,2,6,1,1,1,3,5,6,2,4,1,4,7,3,,5,,,b'\x11\xe8\xe1I\xd6\xa2\xc5B\x98|\x12\xdf\x17\xaeN\x1e'
11E8E149-D6A2-C542-987C-12DF17AE4E1E,2020-ncaa-d2-natl,ncaa,8,6,17,8,43,35,26,81,14,16,92,10,127,123,129,168,127,155,90,150,211,88,113,26,26,18,261,216,250,138,102,12,6,29,8,23,90,93,60,24,67,62,2,2,,,11,1,,,4,111,266,227,68,39,198,27,163,158,179,182,221,212,202,258,188,20,61,33,35,105,2,,1,,,4,18,38,209,5,50,196,9,70,193,15,198,14,14,204,11,3,146,162,5,3,5,102,199,46,45,6,85,102,60,8,11,21,106,101,21,122,116,111,68,,,99,104,,,4,207,16,2,3,4,8,78,13,98,44,123,2,2,1,22,21,15,20,10,3,152,65,71,,186,,,b'\x11\xe8\xe1I\xd6\xa2\xc5B\x98|\x12\xdf\x17\xaeN\x1e'
11E8E149-D6A2-C542-987C-12DF17AE4E1E,2021-ncaa-d2-conf-GLIAC,ncaa,3,2,4,2,6,6,6,7,7,6,6,5,5,4,8,8,9,5,12,6,7,6,5,8,8,6,8,7,10,3,4,5,7,4,3,4,4,2,3,5,4,2,3,2,,,1,1,,,3,7,9,7,6,6,7,6,5,5,7,10,6,7,7,6,4,6,2,3,3,3,2,,1,,,3,2,2,7,2,2,5,3,5,9,1,12,1,1,8,1,1,5,7,2,2,2,8,10,2,6,7,5,4,6,3,2,3,4,2,2,8,9,3,3,,,5,7,,,3,6,6,2,3,2,2,5,2,2,4,9,1,1,1,2,3,8,5,6,3,5,8,4,,7,,,b'\x11\xe8\xe1I\xd6\xa2\xc5B\x98|\x12\xdf\x17\xaeN\x1e'
11E8E149-D6A2-C542-987C-12DF17AE4E1E,2021-ncaa-d2-natl,ncaa,27,66,47,44,54,68,65,69,90,75,71,79,56,54,102,90,108,90,184,91,152,73,79,87,106,92,125,81,188,90,149,49,38,60,77,47,74,124,56,47,51,53,25,19,,,82,6,,,40,72,192,74,133,114,140,123,137,91,97,192,174,175,149,184,151,96,124,81,36,85,43,,2,,,48,122,127,152,45,120,130,75,152,189,37,207,74,64,184,65,19,142,143,45,41,37,133,188,30,109,38,167,149,147,77,106,50,53,65,40,157,116,132,83,,,76,115,,,40,152,101,26,48,14,29,46,29,24,106,160,4,2,2,22,18,36,98,53,23,109,88,66,,166,,,b'\x11\xe8\xe1I\xd6\xa2\xc5B\x98|\x12\xdf\x17\xaeN\x1e'
11E8E149-D6A2-C542-987C-12DF17AE4E1E,2022-ncaa-d2-conf-GLIAC,ncaa,1,1,1,1,2,4,4,4,4,1,1,4,6,7,4,10,2,1,9,1,5,3,4,5,6,5,7,9,5,1,1,2,4,2,1,5,6,5,4,5,2,2,1,1,,,5,5,,,1,5,10,9,5,6,7,4,3,6,9,5,2,2,6,7,3,2,2,7,3,2,1,,2,,,1,1,1,6,1,1,6,1,1,5,1,4,3,4,5,4,4,6,9,1,1,1,5,4,9,7,4,6,1,6,1,1,2,1,1,1,6,5,6,5,,,1,4,,,1,8,3,1,1,1,1,1,1,2,1,3,2,3,3,1,2,4,1,2,1,2,5,5,,3,,,b'\x11\xe8\xe1I\xd6\xa2\xc5B\x98|\x12\xdf\x17\xaeN\x1e'
11E8E149-D6A2-C542-987C-12DF17AE4E1E,2022-ncaa-d2-natl,ncaa,2,5,5,3,10,34,33,38,66,41,47,85,52,72,47,168,24,18,190,17,56,32,37,69,66,53,116,141,115,48,117,12,20,18,32,40,120,149,49,45,63,106,13,6,,,212,112,,,10,39,294,193,134,151,242,162,207,120,192,106,100,100,226,272,162,78,106,126,21,158,31,,39,,,14,134,110,245,5,111,227,13,124,244,10,192,216,194,220,195,148,245,251,5,8,11,202,134,239,118,20,252,117,218,32,46,48,51,93,22,185,80,182,105,,,21,59,,,10,262,39,3,10,2,1,12,3,21,31,90,75,65,66,9,10,21,44,20,3,166,43,75,,162,,,b'\x11\xe8\xe1I\xd6\xa2\xc5B\x98|\x12\xdf\x17\xaeN\x1e'
11E8E149-D6A2-C542-987C-12DF17AE4E1E,2023-ncaa-d2-conf-GLIAC,ncaa,1,1,1,1,1,1,1,2,2,1,2,2,2,4,2,4,1,1,7,1,3,1,1,3,3,3,3,4,6,1,1,2,1,1,1,3,7,8,6,5,1,1,1,1,,,2,2,,,1,1,8,8,2,2,8,3,7,4,4,2,2,2,3,3,1,2,1,4,6,1,1,,2,,,1,1,1,6,1,1,4,1,2,8,1,10,2,2,4,2,2,4,9,1,1,1,4,7,3,6,1,2,1,2,1,2,5,1,2,1,9,7,6,3,,,1,2,,,1,10,2,1,1,1,1,3,1,1,1,6,1,1,1,2,2,2,1,1,2,2,7,3,,2,,,b'\x11\xe8\xe1I\xd6\xa2\xc5B\x98|\x12\xdf\x17\xaeN\x1e'
11E8E149-D6A2-C542-987C-12DF17AE4E1E,2023-ncaa-d2-natl,ncaa,5,6,8,5,12,12,16,30,11,27,68,15,15,40,11,92,12,11,69,11,24,29,27,12,10,12,65,90,117,39,44,10,3,15,4,19,113,248,128,63,22,33,7,7,,,157,48,,,2,24,215,143,19,36,196,75,223,41,93,29,55,56,156,170,99,35,46,45,117,56,13,,28,,,2,117,149,254,13,142,233,31,154,248,16,207,74,46,276,44,19,233,262,11,10,10,122,179,77,77,3,172,44,136,4,111,95,26,56,33,279,198,222,173,,,9,27,,,2,274,6,3,2,4,8,42,11,54,69,127,11,8,8,14,34,12,19,5,24,89,187,137,,49,,,b'\x11\xe8\xe1I\xd6\xa2\xc5B\x98|\x12\xdf\x17\xaeN\x1e'
11E8E149-D6A2-C542-987C-12DF17AE4E1E,2024-ncaa-d2-conf-GLIAC,ncaa,1,1,1,1,1,1,1,1,3,1,2,2,1,1,7,3,1,1,8,1,2,1,1,3,4,2,5,7,5,1,1,2,1,1,1,3,7,3,1,2,1,1,1,1,,,3,1,,,1,3,10,5,2,3,2,2,6,4,2,1,1,1,2,4,1,3,1,5,2,2,2,,1,,,1,1,1,6,1,2,7,1,2,5,2,4,1,1,1,1,1,6,8,1,1,1,2,6,1,2,1,6,1,4,1,1,2,1,1,1,1,1,8,5,,,1,4,,,1,9,1,1,1,1,1,1,1,2,1,1,1,1,1,1,1,1,1,1,1,1,1,5,,3,,,b'\x11\xe8\xe1I\xd6\xa2\xc5B\x98|\x12\xdf\x17\xaeN\x1e'
11E8E149-D6A2-C542-987C-12DF17AE4E1E,2024-ncaa-d2-natl,ncaa,6,1,26,1,39,28,21,35,24,39,111,7,28,18,121,38,86,96,128,95,107,38,62,21,29,11,114,76,242,15,11,26,3,16,1,34,120,36,9,11,23,22,10,6,,,44,19,,,3,100,285,185,35,26,87,66,222,36,30,155,159,162,96,209,42,47,23,51,5,54,16,,8,,,3,15,36,153,7,40,134,15,87,186,21,229,6,7,46,7,3,96,169,7,3,1,86,220,17,24,3,102,11,57,1,17,25,40,31,4,33,7,155,138,,,92,152,,,3,210,3,1,1,2,3,9,8,26,46,102,2,3,3,1,6,5,11,4,3,87,9,101,,187,,,b'\x11\xe8\xe1I\xd6\xa2\xc5B\x98|\x12\xdf\x17\xaeN\x1e'
11E8E149-D6A2-C542-987C-12DF17AE4E1E,2025-ncaa-d2-conf-GLIAC,genius_ncaa,1,1,1,1,1,1,1,1,1,1,1,1,1,1,1,3,2,2,6,2,7,1,1,1,1,1,6,4,10,1,1,4,2,1,1,1,4,2,1,1,1,1,1,1,,,5,1,,2,1,1,3,3,1,1,1,1,3,2,2,3,6,5,1,1,1,6,1,1,1,1,1,,1,,2,1,2,2,5,2,3,7,1,2,2,5,4,2,2,8,2,1,4,10,1,1,1,6,6,6,2,2,4,1,3,1,2,3,1,1,1,3,1,5,3,,,1,7,,2,1,11,1,1,1,1,1,1,1,2,1,1,1,1,1,1,4,1,1,1,1,1,1,4,,3,,2,b'\x11\xe8\xe1I\xd6\xa2\xc5B\x98|\x12\xdf\x17\xaeN\x1e'
11E8E149-D6A2-C542-987C-12DF17AE4E1E,2025-ncaa-d2-natl,genius_ncaa,2,2,2,2,2,1,1,4,2,3,11,1,2,5,15,57,33,42,52,38,204,5,5,3,4,2,148,76,279,5,13,7,20,4,5,2,60,148,4,2,6,6,5,7,,,207,17,,71,1,7,118,138,2,2,15,9,103,12,21,134,180,167,21,75,33,87,33,3,17,7,19,,18,,33,1,159,183,269,29,164,262,21,203,242,80,192,67,65,204,62,13,256,292,30,18,2,121,206,57,123,20,247,13,206,5,138,89,6,6,1,197,33,193,67,,,20,202,,34,1,296,1,1,1,3,10,20,11,37,71,81,4,6,5,4,103,19,22,9,19,10,49,80,,154,,85,b'\x11\xe8\xe1I\xd6\xa2\xc5B\x98|\x12\xdf\x17\xaeN\x1e'
11E8E149-D6A2-C542-987C-12DF17AE4E1E,2026-ncaa-d2-conf-GLIAC,genius_ncaa,1,1,1,1,1,1,1,1,2,1,1,1,3,2,5,6,2,2,9,3,4,1,2,2,3,1,6,7,6,1,2,8,3,2,2,2,6,3,2,1,1,1,3,1,,,3,3,,3,1,4,3,1,1,1,1,1,1,3,2,2,2,3,1,2,1,8,2,2,3,1,3,,3,,3,1,1,1,1,2,2,1,6,2,5,2,9,1,2,1,2,6,1,6,1,1,1,5,8,4,2,3,4,2,2,2,1,4,1,1,1,5,3,11,9,,,5,7,,3,1,10,1,1,1,1,1,1,2,1,2,5,1,2,2,1,6,2,4,2,1,1,5,11,,5,,3,b'\x11\xe8\xe1I\xd6\xa2\xc5B\x98|\x12\xdf\x17\xaeN\x1e'
11E8E149-D6A2-C542-987C-12DF17AE4E1E,2026-ncaa-d2-natl,genius_ncaa,30,1,221,1,233,126,121,177,37,118,203,12,129,112,171,68,166,179,124,189,133,182,211,41,40,34,182,143,210,39,1,265,48,176,5,122,135,41,53,36,20,1,51,6,,,29,55,,225,2,245,96,88,6,4,15,13,92,51,16,76,82,94,18,24,2,232,22,24,103,5,27,,46,,264,1,15,19,19,54,22,19,151,21,54,18,228,22,13,267,14,66,17,46,45,42,3,84,115,125,13,48,20,1,14,5,23,133,30,1,4,27,19,82,103,,,224,222,,132,2,59,6,2,1,2,10,4,29,9,28,100,22,9,11,1,111,16,18,11,29,4,39,127,,128,,86,b'\x11\xe8\xe1I\xd6\xa2\xc5B\x98|\x12\xdf\x17\xaeN\x1e'
11E8E149-D6A7-3834-987C-12DF17AE4E1E,2018-ncaa-d2-conf-GAC,ncaa,4,4,1,4,2,3,5,5,2,3,4,2,10,8,10,9,2,1,9,1,2,3,3,6,5,6,9,10,1,2,1,1,1,2,1,2,5,12,12,11,9,10,6,5,,,12,11,,,4,3,9,12,6,9,11,5,7,10,9,2,1,1,9,7,3,2,3,5,12,11,6,,9,,,4,7,5,8,3,5,8,3,7,10,6,9,6,10,1,10,10,8,7,5,4,5,8,9,8,1,1,1,1,1,1,3,6,11,10,7,12,12,12,12,,,1,2,,,4,10,6,3,4,1,1,2,2,4,6,5,6,7,7,4,2,1,1,1,3,11,12,12,,1,,,b'\x11\xe8\xe1I\xd6\xa784\x98|\x12\xdf\x17\xaeN\x1e'
11E8E149-D6A7-3834-987C-12DF17AE4E1E,2018-ncaa-d2-natl,ncaa,78,164,7,128,10,19,49,56,60,44,58,50,96,97,129,193,5,2,205,2,3,27,13,71,56,105,123,209,27,36,50,4,5,5,4,42,95,304,238,160,147,234,28,32,,,309,295,,,84,12,144,288,95,130,256,117,206,172,201,17,7,9,182,146,106,19,30,98,237,244,55,,265,,,88,291,262,282,82,148,240,43,305,301,269,261,293,299,74,300,276,293,285,130,137,185,306,295,242,94,5,203,50,163,4,224,135,129,237,183,303,246,309,307,,,3,8,,,84,299,86,130,92,132,68,108,21,44,265,238,224,241,244,142,89,13,22,11,79,256,240,308,,15,,,b'\x11\xe8\xe1I\xd6\xa784\x98|\x12\xdf\x17\xaeN\x1e'
11E8E149-D6A7-3834-987C-12DF17AE4E1E,2019-ncaa-d2-conf-GAC,ncaa,2,3,3,3,3,3,3,3,4,3,3,3,9,9,11,10,2,1,11,1,2,3,3,4,6,8,10,11,3,1,1,1,1,1,1,2,1,10,8,5,11,11,2,2,,,9,7,,,2,3,6,3,2,4,6,3,3,10,9,2,1,1,3,2,1,1,1,2,8,11,2,,6,,,2,4,4,10,1,4,9,1,6,8,2,6,8,8,2,8,6,10,10,1,1,2,9,6,8,7,1,3,1,3,1,3,4,10,12,7,11,10,12,12,,,1,5,,,2,10,3,2,2,3,3,9,3,10,6,8,7,8,8,10,7,5,1,2,4,10,10,12,,1,,,b'\x11\xe8\xe1I\xd6\xa784\x98|\x12\xdf\x17\xaeN\x1e'
11E8E149-D6A7-3834-987C-12DF17AE4E1E,2019-ncaa-d2-natl,ncaa,73,59,118,68,136,106,120,154,87,101,126,81,173,181,170,213,54,28,261,31,26,123,118,108,111,129,183,226,59,56,17,30,13,33,2,74,47,214,186,115,262,279,80,69,,,221,240,,,62,160,163,90,85,114,167,92,126,188,198,37,16,16,98,89,37,6,8,53,206,279,75,,216,,,60,80,62,191,18,47,149,23,203,240,73,238,172,198,63,199,194,192,144,25,26,75,267,248,213,80,13,40,17,42,2,44,79,257,282,165,266,242,296,299,,,52,38,,,62,155,85,61,60,73,51,185,38,125,202,249,159,184,189,195,118,73,31,36,49,278,256,298,,25,,,b'\x11\xe8\xe1I\xd6\xa784\x98|\x12\xdf\x17\xaeN\x1e'
11E8E149-D6A7-3834-987C-12DF17AE4E1E,2020-ncaa-d2-conf-GAC,ncaa,2,2,5,2,8,6,7,6,7,7,6,9,4,5,6,6,3,3,5,3,6,5,6,6,7,4,5,5,5,2,2,4,5,3,1,2,3,3,2,3,7,6,2,2,,,5,7,,,4,7,7,6,6,6,5,7,6,4,4,4,3,3,4,5,2,4,3,2,3,7,2,,6,,,4,4,5,5,7,5,5,6,8,6,12,8,3,3,1,3,6,5,5,7,6,6,8,10,3,4,5,4,2,5,1,8,9,6,6,7,2,2,12,9,,,6,6,,,4,6,2,7,5,4,5,4,5,5,8,7,3,4,4,5,7,4,5,4,8,6,2,12,,4,,,b'\x11\xe8\xe1I\xd6\xa784\x98|\x12\xdf\x17\xaeN\x1e'
11E8E149-D6A7-3834-987C-12DF17AE4E1E,2020-ncaa-d2-natl,ncaa,69,88,54,81,82,50,80,48,164,123,84,211,47,65,54,131,27,30,111,29,50,42,49,144,132,105,55,82,67,21,25,69,96,27,44,39,42,158,71,62,181,217,46,43,,,253,225,,,95,72,123,179,60,103,54,164,118,56,81,34,43,42,45,61,26,98,33,47,111,213,51,,223,,,96,250,215,225,153,151,175,111,278,247,277,203,241,251,86,251,236,242,222,178,172,189,272,258,190,150,96,168,25,164,44,204,166,137,171,167,146,80,300,288,,,17,53,,,95,238,72,171,99,185,150,150,105,116,253,209,209,222,223,175,162,113,107,100,163,171,110,295,,29,,,b'\x11\xe8\xe1I\xd6\xa784\x98|\x12\xdf\x17\xaeN\x1e'
11E8E149-D6A7-3834-987C-12DF17AE4E1E,2021-ncaa-d2-conf-GAC,ncaa,6,5,8,7,8,9,9,9,9,6,4,9,10,9,11,10,5,4,11,4,4,9,9,10,11,6,11,11,3,3,2,8,2,6,2,8,5,3,3,3,6,5,4,2,,,4,6,,,5,9,7,3,4,4,3,3,2,9,8,1,1,1,2,2,1,3,1,4,3,4,3,,4,,,3,4,3,3,11,3,3,8,5,5,12,8,5,4,7,4,10,3,3,9,8,10,8,9,7,3,2,5,2,3,2,5,7,7,5,7,3,3,6,3,,,7,5,,,5,4,3,8,4,9,8,7,7,6,10,9,8,9,9,7,6,3,7,5,8,6,4,11,,1,,,b'\x11\xe8\xe1I\xd6\xa784\x98|\x12\xdf\x17\xaeN\x1e'
11E8E149-D6A7-3834-987C-12DF17AE4E1E,2021-ncaa-d2-natl,ncaa,106,95,144,98,153,110,111,115,126,92,82,128,158,151,157,191,73,60,143,62,74,110,121,149,142,96,168,195,39,30,10,123,43,91,11,118,129,59,22,53,111,92,57,36,,,90,108,,,86,138,23,68,15,23,8,14,6,137,116,4,2,2,6,6,5,23,3,54,62,68,31,,143,,,80,106,100,87,158,93,87,123,126,97,203,124,116,114,132,111,157,89,86,166,169,180,163,147,141,56,43,95,10,76,11,87,70,138,136,120,73,44,124,80,,,102,71,,,86,90,42,155,85,199,188,178,161,158,193,164,191,189,183,190,189,69,168,134,147,96,120,171,,5,,,b'\x11\xe8\xe1I\xd6\xa784\x98|\x12\xdf\x17\xaeN\x1e'
11E8E149-D6A7-3834-987C-12DF17AE4E1E,2022-ncaa-d2-conf-GAC,ncaa,2,3,3,3,4,4,4,5,8,4,4,8,5,5,8,8,5,3,9,3,5,4,5,6,8,5,9,9,7,4,4,4,7,2,4,2,4,3,2,2,7,8,3,3,,,7,4,,,3,5,7,9,6,5,4,4,4,6,5,7,4,4,3,6,3,3,2,2,4,8,3,,5,,,3,7,7,8,4,8,8,5,2,4,2,4,8,8,3,8,7,8,8,4,4,4,3,3,7,8,7,7,4,7,4,6,5,7,10,7,7,6,7,6,,,5,8,,,3,8,3,5,3,5,5,6,9,8,2,4,7,7,7,7,6,7,4,5,5,9,6,5,,7,,,b'\x11\xe8\xe1I\xd6\xa784\x98|\x12\xdf\x17\xaeN\x1e'
11E8E149-D6A7-3834-987C-12DF17AE4E1E,2022-ncaa-d2-natl,ncaa,59,81,47,70,54,40,45,41,89,39,34,94,94,94,125,199,24,11,225,13,54,31,51,101,105,62,159,193,97,43,96,55,133,41,106,44,123,77,13,23,121,180,57,97,,,227,148,,,85,56,122,175,32,41,51,49,68,121,135,44,18,20,36,95,79,77,59,57,30,174,65,,154,,,88,264,264,263,166,270,269,144,169,175,152,69,263,261,183,259,152,269,241,143,151,208,101,84,194,239,133,249,96,247,106,205,90,173,252,207,132,61,202,119,,,26,63,,,85,235,42,206,94,207,198,218,229,243,116,100,219,206,203,223,164,166,190,180,129,235,78,164,,53,,,b'\x11\xe8\xe1I\xd6\xa784\x98|\x12\xdf\x17\xaeN\x1e'
11E8E149-D6A7-3834-987C-12DF17AE4E1E,2023-ncaa-d2-conf-GAC,ncaa,2,2,1,2,1,2,1,2,3,1,1,5,11,11,11,12,1,1,11,1,9,1,1,8,8,4,11,12,4,1,1,1,1,1,1,3,7,3,1,1,11,11,1,2,,,4,3,,,1,3,9,4,4,3,4,2,2,12,12,1,1,1,3,4,1,1,1,3,1,11,2,,2,,,1,1,3,10,1,4,9,1,6,8,1,7,5,5,5,5,4,10,9,1,1,1,5,8,6,5,1,7,1,5,1,3,3,9,10,7,4,2,12,4,,,4,8,,,1,9,1,1,1,1,1,7,2,7,4,6,4,3,3,6,2,3,5,4,2,11,1,12,,6,,,b'\x11\xe8\xe1I\xd6\xa784\x98|\x12\xdf\x17\xaeN\x1e'
11E8E149-D6A7-3834-987C-12DF17AE4E1E,2023-ncaa-d2-natl,ncaa,36,29,47,34,54,65,58,53,78,22,17,107,251,254,213,287,29,16,213,16,128,34,53,140,129,88,275,284,65,16,8,18,20,16,2,78,167,83,30,57,219,242,28,41,,,122,82,,,30,90,248,47,80,68,92,16,18,273,281,36,31,29,57,125,24,12,7,103,37,255,42,,51,,,28,110,119,232,20,107,220,25,154,212,51,168,113,107,129,107,72,223,177,25,17,66,159,185,129,105,20,93,8,93,2,82,87,229,263,171,139,71,231,103,,,91,169,,,30,196,46,55,31,25,38,149,38,139,103,156,64,63,61,110,38,57,21,19,44,275,78,195,,159,,,b'\x11\xe8\xe1I\xd6\xa784\x98|\x12\xdf\x17\xaeN\x1e'
11E8E149-D6A7-3834-987C-12DF17AE4E1E,2024-ncaa-d2-conf-GAC,ncaa,2,2,3,2,3,3,3,3,3,1,1,7,4,8,3,10,1,1,3,1,6,2,2,4,4,2,10,10,3,1,1,3,1,2,1,2,7,1,1,1,9,10,7,10,,,6,5,,,2,4,8,6,2,1,2,3,2,7,10,2,2,2,1,5,1,4,2,2,1,10,8,,3,,,2,8,8,10,6,10,10,8,2,5,1,4,6,8,4,6,3,9,6,4,4,5,2,3,6,2,1,8,1,2,1,2,2,10,11,7,5,2,12,11,,,3,6,,,2,9,1,4,2,2,5,3,8,7,2,3,5,5,5,4,2,1,3,1,2,12,2,12,,5,,,b'\x11\xe8\xe1I\xd6\xa784\x98|\x12\xdf\x17\xaeN\x1e'
11E8E149-D6A7-3834-987C-12DF17AE4E1E,2024-ncaa-d2-natl,ncaa,18,20,14,16,18,24,32,23,82,25,13,130,114,141,64,248,9,9,47,9,90,20,31,108,74,37,172,228,45,14,24,15,5,10,4,87,236,71,8,57,212,256,135,198,,,236,192,,,23,47,243,93,49,67,89,55,52,172,232,20,36,41,65,147,52,43,28,168,8,276,191,,100,,,27,234,240,261,110,260,271,119,102,152,50,73,203,195,197,187,73,256,228,84,92,163,47,54,145,38,5,186,24,119,4,53,10,211,260,133,77,20,290,224,,,21,67,,,23,250,16,111,29,64,91,96,147,174,41,52,99,95,92,78,14,7,33,10,14,281,24,263,,76,,,b'\x11\xe8\xe1I\xd6\xa784\x98|\x12\xdf\x17\xaeN\x1e'
11E8E149-D6A7-3834-987C-12DF17AE4E1E,2025-ncaa-d2-conf-GAC,genius_ncaa,1,1,1,1,2,1,1,1,2,1,1,7,11,12,1,12,1,1,3,1,1,1,2,6,3,1,9,12,1,2,2,1,2,1,1,3,6,1,1,1,12,12,6,8,,,1,1,,1,2,2,12,9,2,3,5,1,1,11,12,1,1,1,2,7,2,1,1,3,1,12,6,,1,,1,2,7,12,12,5,12,12,9,3,4,1,2,1,1,7,1,1,12,8,3,2,7,1,2,1,5,2,5,2,4,1,4,2,12,12,12,1,1,12,4,,,2,2,,10,2,10,1,7,2,3,8,9,11,11,1,3,1,1,1,7,1,2,2,1,2,12,1,8,,2,,10,b'\x11\xe8\xe1I\xd6\xa784\x98|\x12\xdf\x17\xaeN\x1e'
11E8E149-D6A7-3834-987C-12DF17AE4E1E,2025-ncaa-d2-natl,genius_ncaa,32,23,72,25,76,61,99,123,74,55,38,160,210,277,18,288,5,17,6,19,65,90,160,110,50,14,180,270,9,63,36,74,30,63,11,140,221,8,1,17,284,286,111,158,,,45,72,,29,34,202,296,85,51,107,187,53,48,243,291,2,18,20,119,272,83,74,67,181,1,297,139,,17,,23,30,117,189,198,155,263,242,203,34,92,9,76,36,27,281,25,4,161,70,100,86,212,4,28,43,52,30,56,36,52,11,52,18,290,299,271,12,6,252,168,,,77,28,,256,34,92,6,183,27,68,136,128,223,211,23,53,27,14,14,67,6,32,13,13,29,301,5,240,,89,,271,b'\x11\xe8\xe1I\xd6\xa784\x98|\x12\xdf\x17\xaeN\x1e'
11E8E149-D6A7-3834-987C-12DF17AE4E1E,2026-ncaa-d2-conf-GAC,genius_ncaa,2,3,1,3,1,3,6,7,6,7,8,9,2,5,3,5,1,2,4,2,2,5,4,5,4,3,1,3,1,4,4,7,7,5,5,1,1,5,3,1,6,6,4,5,,,1,1,,2,2,6,8,1,4,7,9,9,9,2,6,1,3,3,6,6,4,8,6,1,3,6,5,,1,,2,2,5,10,7,10,12,9,11,6,6,6,5,2,3,5,1,1,4,5,10,7,8,2,5,1,6,7,7,4,5,5,10,10,4,4,9,8,8,11,11,,,2,2,,3,2,7,3,7,2,5,10,6,12,9,5,4,1,1,1,3,3,6,5,4,10,5,7,11,,3,,3,b'\x11\xe8\xe1I\xd6\xa784\x98|\x12\xdf\x17\xaeN\x1e'
11E8E149-D6A7-3834-987C-12DF17AE4E1E,2026-ncaa-d2-natl,genius_ncaa,5,13,13,15,58,24,28,44,63,49,59,106,19,48,20,121,34,69,28,72,139,44,65,43,28,16,65,78,136,69,122,35,96,42,91,16,40,100,18,10,126,187,27,58,,,114,21,,42,37,66,264,293,61,85,149,145,181,43,120,86,157,164,155,259,161,131,153,42,10,221,59,,13,,26,53,227,254,258,191,230,256,127,255,218,275,156,46,53,49,53,5,223,221,205,169,173,113,242,6,197,96,208,122,207,91,251,168,119,189,222,114,45,255,234,,,64,126,,84,37,222,12,161,51,88,156,126,129,154,207,130,6,5,6,55,30,96,63,65,183,230,29,214,,192,,140,b'\x11\xe8\xe1I\xd6\xa784\x98|\x12\xdf\x17\xaeN\x1e'
11E8E149-D6AB-9316-987C-12DF17AE4E1E,2018-ncaa-d2-conf-PacWest,ncaa,12,12,7,12,10,14,14,14,13,13,12,14,10,13,5,9,8,10,2,10,6,14,14,12,11,11,2,7,1,14,13,12,10,13,12,12,7,5,10,11,14,14,12,12,,,2,10,,,12,13,14,4,14,14,14,13,12,10,12,7,10,10,14,14,14,12,13,12,7,14,12,,3,,,12,6,5,3,10,4,3,11,10,6,11,10,6,7,5,7,11,2,1,10,10,13,10,12,7,6,10,5,13,6,12,9,12,14,13,14,4,7,7,8,,,8,3,,,12,1,12,12,12,7,7,4,4,4,10,8,6,7,7,5,1,6,7,8,10,14,5,7,,8,,,b'\x11\xe8\xe1I\xd6\xab\x93\x16\x98|\x12\xdf\x17\xaeN\x1e'
11E8E149-D6AB-9316-987C-12DF17AE4E1E,2018-ncaa-d2-natl,ncaa,252,179,301,246,301,305,306,305,270,304,299,293,232,267,116,139,261,279,65,280,147,305,305,253,230,224,42,94,60,299,291,281,134,300,266,286,157,17,182,215,305,302,293,280,,,12,127,,,257,304,221,118,272,291,264,286,230,154,187,154,197,198,260,265,286,130,236,257,124,299,279,,96,,,271,14,24,14,198,13,8,218,144,116,206,281,27,31,92,32,189,13,7,219,212,262,233,270,100,29,134,39,291,26,266,77,231,303,284,290,33,193,32,171,,,281,66,,,257,6,248,265,277,207,200,185,143,87,264,269,133,149,154,175,93,156,266,241,237,284,135,125,,153,,,b'\x11\xe8\xe1I\xd6\xab\x93\x16\x98|\x12\xdf\x17\xaeN\x1e'
11E8E149-D6AB-9316-987C-12DF17AE4E1E,2019-ncaa-d2-conf-PacWest,ncaa,10,10,7,10,8,11,11,10,11,11,10,11,8,7,11,5,8,8,4,8,4,10,10,11,11,10,3,8,5,8,10,8,8,9,10,9,5,3,5,5,11,9,9,9,,,11,11,,,10,11,9,5,11,11,9,11,10,8,6,7,7,7,10,10,8,8,9,8,4,10,9,,11,,,10,6,4,2,8,7,3,8,3,3,5,4,11,11,7,11,11,3,3,8,9,8,8,3,11,4,8,11,10,10,10,9,9,8,7,9,3,7,9,11,,,8,2,,,10,2,10,9,9,8,6,3,7,4,5,4,12,12,12,5,5,5,11,11,9,8,4,10,,4,,,b'\x11\xe8\xe1I\xd6\xab\x93\x16\x98|\x12\xdf\x17\xaeN\x1e'
11E8E149-D6AB-9316-987C-12DF17AE4E1E,2019-ncaa-d2-natl,ncaa,258,222,287,257,296,285,295,275,294,294,285,281,225,156,269,78,203,207,161,205,55,273,286,285,275,252,53,114,27,257,271,261,205,270,267,259,93,37,138,178,279,257,278,270,,,174,292,,,249,290,137,216,261,279,184,283,244,159,82,99,103,101,161,186,217,149,177,216,127,253,277,,291,,,250,30,20,20,124,23,22,133,72,80,131,174,246,245,117,244,304,36,36,126,165,179,265,146,295,105,205,167,271,144,267,78,241,243,179,175,57,168,144,260,,,189,22,,,249,25,264,194,251,189,103,116,97,91,178,191,294,298,298,186,185,220,290,280,182,159,157,225,,41,,,b'\x11\xe8\xe1I\xd6\xab\x93\x16\x98|\x12\xdf\x17\xaeN\x1e'
11E8E149-D6AB-9316-987C-12DF17AE4E1E,2020-ncaa-d2-conf-PacWest,ncaa,7,7,7,7,9,9,11,11,10,11,10,10,9,10,7,10,6,8,2,8,4,11,11,10,8,8,5,10,1,12,12,10,6,11,10,10,8,2,7,9,10,8,12,12,,,5,10,,,10,11,11,5,9,11,11,10,10,9,10,4,5,5,11,11,12,10,11,10,4,9,12,,6,,,10,6,5,2,10,5,1,10,5,5,8,7,8,6,6,6,11,2,2,10,10,10,9,6,8,1,6,3,12,3,10,3,5,10,7,7,3,7,9,11,,,4,2,,,10,2,9,10,10,8,7,3,6,2,6,6,10,9,9,3,2,1,6,6,6,10,4,9,,2,,,b'\x11\xe8\xe1I\xd6\xab\x93\x16\x98|\x12\xdf\x17\xaeN\x1e'
11E8E149-D6AB-9316-987C-12DF17AE4E1E,2020-ncaa-d2-natl,ncaa,211,182,257,208,276,284,290,294,267,287,256,284,258,275,182,232,141,199,30,197,96,284,295,265,229,211,96,210,15,302,304,281,129,296,269,268,143,28,136,185,251,209,297,289,,,99,230,,,262,285,223,227,269,288,281,275,199,243,254,72,138,138,263,292,305,250,298,252,75,222,297,,178,,,263,81,63,27,199,55,27,222,160,139,198,235,199,192,179,181,281,38,24,216,243,254,265,216,244,35,129,102,304,64,269,73,119,270,211,189,39,144,122,189,,,188,14,,,262,28,239,238,262,183,133,82,111,41,221,210,254,248,241,110,68,68,196,146,125,240,80,163,,74,,,b'\x11\xe8\xe1I\xd6\xab\x93\x16\x98|\x12\xdf\x17\xaeN\x1e'
11E8E149-D6AB-9316-987C-12DF17AE4E1E,2021-ncaa-d2-conf-PacWest,ncaa,5,6,3,5,6,7,7,6,8,5,3,8,6,7,4,8,7,8,4,7,10,6,7,7,7,7,8,8,7,8,8,5,3,7,7,6,5,3,4,3,6,7,9,7,,,9,10,,,6,7,10,4,9,9,9,7,5,8,9,10,10,10,9,10,8,7,9,6,2,7,10,,8,,,6,5,4,3,2,1,2,4,6,6,5,9,9,9,7,9,10,4,4,3,5,5,10,8,10,4,3,7,8,6,7,5,6,5,4,3,2,1,8,6,,,7,6,,,6,4,7,4,6,2,2,1,1,1,5,5,9,8,8,2,2,2,6,4,3,7,1,7,,10,,,b'\x11\xe8\xe1I\xd6\xab\x93\x16\x98|\x12\xdf\x17\xaeN\x1e'
11E8E149-D6AB-9316-987C-12DF17AE4E1E,2021-ncaa-d2-natl,ncaa,125,66,173,98,181,178,176,183,156,168,161,179,178,188,98,186,183,193,64,193,210,187,192,168,163,115,176,158,142,201,214,173,27,186,149,173,115,21,12,24,190,163,190,147,,,78,224,,,125,187,199,121,173,160,133,117,57,182,203,184,194,193,155,217,205,93,166,144,6,183,191,,207,,,123,41,35,37,33,24,28,66,67,71,64,215,88,78,176,77,223,36,36,52,93,107,219,194,220,26,27,60,214,43,149,34,97,191,134,81,10,2,84,126,,,189,121,,,125,40,140,84,119,41,13,18,8,6,144,182,199,187,189,30,15,21,176,101,28,182,2,162,,194,,,b'\x11\xe8\xe1I\xd6\xab\x93\x16\x98|\x12\xdf\x17\xaeN\x1e'
11E8E149-D6AB-9316-987C-12DF17AE4E1E,2022-ncaa-d2-conf-PacWest,ncaa,6,6,7,6,7,8,7,7,7,7,5,9,7,9,2,10,5,6,3,6,7,7,8,7,7,6,6,5,4,5,6,8,3,8,7,7,7,1,2,4,5,5,11,10,,,6,8,,,6,8,10,5,8,7,5,6,3,6,9,4,7,7,5,7,5,8,8,7,1,5,11,,7,,,6,1,1,2,7,4,3,8,2,3,2,5,7,7,4,7,10,2,4,6,8,5,3,3,10,2,3,7,6,3,7,4,4,5,3,3,1,2,8,8,,,5,3,,,6,4,5,4,6,3,1,1,4,2,2,3,7,8,8,2,2,3,5,4,3,3,1,9,,6,,,b'\x11\xe8\xe1I\xd6\xab\x93\x16\x98|\x12\xdf\x17\xaeN\x1e'
11E8E149-D6AB-9316-987C-12DF17AE4E1E,2022-ncaa-d2-natl,ncaa,150,65,281,108,284,266,270,270,203,265,230,269,228,275,18,244,220,240,104,235,190,272,288,205,185,139,113,150,96,224,143,268,73,267,130,257,186,5,26,85,239,141,281,266,,,30,185,,,89,290,208,122,156,179,114,175,60,138,236,101,124,124,107,194,117,163,149,195,31,160,270,,144,,,82,7,9,8,119,17,14,179,8,15,11,80,60,70,67,66,218,9,12,89,100,75,60,30,244,12,73,36,143,18,130,10,86,228,78,47,11,63,151,219,,,249,38,,,89,12,129,53,74,44,48,32,115,87,16,52,177,196,188,39,69,61,192,128,48,113,58,255,,70,,,b'\x11\xe8\xe1I\xd6\xab\x93\x16\x98|\x12\xdf\x17\xaeN\x1e'
11E8E149-D6AB-9316-987C-12DF17AE4E1E,2023-ncaa-d2-conf-PacWest,ncaa,8,9,6,9,7,8,6,7,7,6,3,7,9,9,6,10,9,10,2,10,11,7,10,7,7,5,11,11,8,8,8,7,2,9,8,6,4,1,1,2,7,7,5,6,,,5,7,,,7,10,8,6,8,5,4,4,2,9,9,7,10,10,5,10,8,7,8,5,1,7,5,,4,,,7,2,2,1,7,4,4,7,1,2,1,2,7,6,10,6,9,2,2,6,7,5,3,2,10,1,2,9,8,6,8,4,8,4,2,3,1,1,10,9,,,8,8,,,7,4,6,3,6,3,3,1,7,6,2,2,9,7,8,2,4,1,9,7,7,3,1,11,,8,,,b'\x11\xe8\xe1I\xd6\xab\x93\x16\x98|\x12\xdf\x17\xaeN\x1e'
11E8E149-D6AB-9316-987C-12DF17AE4E1E,2023-ncaa-d2-natl,ncaa,222,182,255,218,261,251,212,217,184,174,139,205,251,260,201,235,279,287,130,285,293,240,277,216,228,155,271,227,262,267,259,230,47,259,215,172,112,4,12,30,242,191,222,194,,,56,181,,,124,270,179,53,189,118,54,59,36,228,225,265,277,276,110,201,224,115,184,95,10,194,185,,152,,,120,16,19,13,98,45,43,114,18,23,30,59,129,131,117,126,217,14,18,77,98,84,92,38,260,12,47,145,259,63,215,34,167,200,105,94,4,1,181,185,,,276,214,,,124,33,175,59,108,71,62,56,127,150,33,53,212,218,220,84,100,46,281,203,101,119,1,251,,235,,,b'\x11\xe8\xe1I\xd6\xab\x93\x16\x98|\x12\xdf\x17\xaeN\x1e'
11E8E149-D6AB-9316-987C-12DF17AE4E1E,2024-ncaa-d2-conf-PacWest,ncaa,7,5,7,7,7,8,6,9,5,5,9,5,9,10,4,9,10,10,9,10,10,9,11,6,6,6,9,10,9,10,8,11,2,11,7,10,11,1,6,8,9,7,5,6,,,5,6,,,8,11,10,2,7,5,9,4,6,9,9,10,9,9,9,10,9,11,11,10,2,7,5,,6,,,8,5,4,1,8,6,4,7,4,3,8,4,6,5,11,6,5,1,1,7,8,9,5,4,6,1,2,4,8,1,7,5,7,9,8,8,1,1,2,1,,,10,8,,,8,1,7,9,8,8,6,3,9,4,5,3,7,6,6,3,1,1,7,3,7,9,1,3,,9,,,b'\x11\xe8\xe1I\xd6\xab\x93\x16\x98|\x12\xdf\x17\xaeN\x1e'
11E8E149-D6AB-9316-987C-12DF17AE4E1E,2024-ncaa-d2-natl,ncaa,187,131,275,167,279,276,270,286,146,257,275,153,236,256,162,167,282,278,239,278,234,287,288,154,171,171,209,156,241,275,223,281,155,286,216,286,289,17,164,242,265,199,211,158,,,32,220,,,195,289,241,207,238,205,241,176,185,196,209,269,254,252,261,263,237,237,259,287,120,216,165,,159,,,200,14,19,14,174,30,23,190,36,36,115,142,44,39,231,41,150,15,12,164,175,190,117,118,158,22,155,17,223,13,216,21,70,274,193,151,7,6,11,37,,,280,138,,,195,11,192,190,200,118,134,89,150,107,104,109,142,123,126,88,61,99,120,108,80,205,6,26,,227,,,b'\x11\xe8\xe1I\xd6\xab\x93\x16\x98|\x12\xdf\x17\xaeN\x1e'
11E8E149-D6AB-9316-987C-12DF17AE4E1E,2025-ncaa-d2-conf-PacWest,genius_ncaa,11,11,4,11,7,11,14,11,12,10,8,14,12,13,11,12,3,2,10,2,2,8,11,13,11,9,6,12,1,12,13,8,9,10,11,14,14,1,3,10,14,14,7,7,,,10,10,,3,10,9,10,12,12,14,14,12,8,14,12,3,2,2,9,12,12,9,11,14,1,14,7,,10,,3,10,6,8,7,11,12,12,9,3,3,6,3,10,10,1,10,10,7,5,10,8,10,2,3,10,10,9,12,13,12,11,5,5,12,13,11,1,2,3,3,,,5,1,,12,10,4,10,11,11,7,9,7,10,9,3,3,10,10,10,7,5,10,11,11,5,12,1,3,,5,,13,b'\x11\xe8\xe1I\xd6\xab\x93\x16\x98|\x12\xdf\x17\xaeN\x1e'
11E8E149-D6AB-9316-987C-12DF17AE4E1E,2025-ncaa-d2-natl,genius_ncaa,216,200,230,217,258,272,280,274,274,271,235,272,258,253,256,219,159,141,204,139,49,269,285,280,263,213,120,223,15,273,278,208,181,251,256,286,281,13,33,208,276,266,163,128,,,71,189,,71,206,279,261,297,279,295,273,270,188,259,233,93,71,71,241,287,263,122,219,298,14,269,136,,140,,108,203,26,32,42,82,51,69,103,49,70,56,126,67,118,10,117,183,41,31,75,66,123,103,104,169,132,181,175,278,155,256,33,62,272,248,165,8,20,48,77,,,183,25,,250,206,24,230,154,203,78,83,119,119,143,81,117,121,177,178,122,61,207,267,255,53,261,12,64,,98,,236,b'\x11\xe8\xe1I\xd6\xab\x93\x16\x98|\x12\xdf\x17\xaeN\x1e'
11E8E149-D6AB-9316-987C-12DF17AE4E1E,2026-ncaa-d2-conf-PacWest,genius_ncaa,5,5,4,6,5,8,6,10,1,4,8,1,11,11,10,11,6,5,8,4,4,10,11,3,2,3,12,11,6,12,10,7,4,11,7,5,4,5,8,4,10,10,5,7,,,9,11,,12,6,10,11,3,8,5,11,2,7,11,11,6,4,3,10,12,11,5,11,4,6,10,4,,11,,12,6,5,3,3,3,4,6,5,3,4,2,3,11,10,12,10,11,5,3,2,7,8,6,2,12,4,4,3,10,3,7,3,1,9,9,5,4,8,1,1,,,5,2,,5,6,3,4,9,6,5,3,2,5,6,2,3,12,12,12,5,2,4,3,2,2,10,4,1,,3,,4,b'\x11\xe8\xe1I\xd6\xab\x93\x16\x98|\x12\xdf\x17\xaeN\x1e'
11E8E149-D6AB-9316-987C-12DF17AE4E1E,2026-ncaa-d2-natl,genius_ncaa,201,144,221,202,233,258,245,259,118,205,237,77,270,257,276,206,246,263,65,259,243,261,262,173,163,180,274,263,170,263,207,252,224,259,212,222,134,62,204,161,222,151,239,225,,,82,240,,158,187,263,248,88,232,189,244,106,156,270,239,214,248,244,273,265,224,191,228,164,146,168,232,,207,,232,191,50,35,39,59,54,49,120,21,45,27,95,192,171,233,164,266,49,42,44,99,124,164,33,292,118,224,50,207,71,212,28,77,240,180,92,52,168,19,22,,,261,202,,213,187,37,195,146,194,97,54,64,103,112,28,89,281,262,264,122,91,222,109,167,41,198,125,20,,248,,184,b'\x11\xe8\xe1I\xd6\xab\x93\x16\x98|\x12\xdf\x17\xaeN\x1e'
11E8E149-D6AF-E0E2-987C-12DF17AE4E1E,2018-ncaa-d2-conf-PacWest,ncaa,1,1,2,1,2,5,5,4,4,5,4,7,5,9,4,10,2,1,6,1,5,4,4,5,3,3,7,9,6,3,2,4,2,3,3,3,4,3,3,2,2,2,5,4,,,14,14,,,2,5,11,7,4,4,9,7,6,7,9,1,2,2,7,8,3,5,4,3,3,2,5,,14,,,2,3,1,2,3,1,5,2,3,3,5,4,14,14,2,14,14,7,9,3,3,2,14,4,14,3,2,7,2,5,3,1,3,4,3,2,3,3,4,3,,,3,6,,,2,10,2,2,2,1,1,1,1,2,2,2,14,14,14,1,4,2,2,2,1,4,2,3,,5,,,b'\x11\xe8\xe1I\xd6\xaf\xe0\xe2\x98|\x12\xdf\x17\xaeN\x1e'
11E8E149-D6AF-E0E2-987C-12DF17AE4E1E,2018-ncaa-d2-natl,ncaa,22,8,64,16,96,46,54,49,74,63,52,132,53,92,19,162,58,71,88,68,142,43,74,72,70,34,111,113,153,67,89,41,18,39,35,31,48,59,19,17,61,69,83,68,,,289,296,,,24,79,107,226,27,39,41,69,76,57,114,66,82,79,39,100,77,31,38,25,36,73,96,,279,,,20,153,62,140,33,39,112,29,191,195,153,168,292,294,76,296,304,204,208,50,88,79,305,193,303,80,18,222,89,173,35,64,128,93,110,44,58,26,105,57,,,81,143,,,24,227,27,51,22,89,20,57,16,49,155,157,276,288,288,133,142,41,165,103,44,113,44,84,,106,,,b'\x11\xe8\xe1I\xd6\xaf\xe0\xe2\x98|\x12\xdf\x17\xaeN\x1e'
11E8E149-D6AF-E0E2-987C-12DF17AE4E1E,2019-ncaa-d2-conf-PacWest,ncaa,2,2,1,2,1,2,2,3,3,3,3,3,1,2,3,3,5,7,2,7,11,3,2,3,2,2,6,3,9,5,5,3,2,4,4,2,2,5,3,3,2,2,5,5,,,12,12,,,2,1,8,4,3,3,4,3,7,3,5,7,9,9,5,7,7,6,5,3,3,2,6,,12,,,2,3,1,4,3,2,4,3,5,6,2,7,12,12,2,12,12,6,9,3,3,2,11,6,12,2,2,8,5,4,4,2,4,1,1,1,6,3,10,7,,,5,9,,,2,11,3,1,2,1,1,1,1,1,2,3,11,11,11,1,2,2,3,1,1,1,3,8,,9,,,b'\x11\xe8\xe1I\xd6\xaf\xe0\xe2\x98|\x12\xdf\x17\xaeN\x1e'
11E8E149-D6AF-E0E2-987C-12DF17AE4E1E,2019-ncaa-d2-natl,ncaa,36,59,16,54,25,26,27,21,94,49,57,98,25,27,62,70,43,84,27,87,173,26,25,72,68,55,80,70,195,59,124,20,39,28,66,18,27,180,38,25,30,54,125,133,,,311,308,,,24,21,131,188,41,56,53,129,156,45,54,110,167,177,68,121,117,55,68,21,66,62,162,,301,,,27,213,86,214,21,81,188,27,169,230,52,149,309,310,77,310,306,276,280,24,56,41,300,126,308,162,39,282,124,259,66,98,134,36,76,28,201,82,244,178,,,56,191,,,24,290,47,29,32,54,16,34,14,40,81,122,296,300,301,101,131,69,157,104,28,82,91,181,,170,,,b'\x11\xe8\xe1I\xd6\xaf\xe0\xe2\x98|\x12\xdf\x17\xaeN\x1e'
11E8E149-D6AF-E0E2-987C-12DF17AE4E1E,2020-ncaa-d2-conf-PacWest,ncaa,1,1,1,1,1,1,1,2,1,2,6,1,1,2,1,3,3,4,1,4,6,3,4,1,1,1,3,3,8,6,4,2,3,4,4,1,1,1,1,1,5,6,8,8,,,12,12,,,1,3,7,5,1,1,3,3,9,1,3,3,7,6,5,8,6,4,4,1,1,6,8,,12,,,1,5,4,6,2,6,8,3,2,6,1,4,12,12,8,11,9,10,9,2,2,3,6,3,12,6,3,5,4,5,4,1,4,4,4,1,1,1,5,5,,,6,7,,,1,9,1,2,1,4,3,5,5,7,2,3,11,11,10,6,6,5,2,2,1,6,1,3,,8,,,b'\x11\xe8\xe1I\xd6\xaf\xe0\xe2\x98|\x12\xdf\x17\xaeN\x1e'
11E8E149-D6AF-E0E2-987C-12DF17AE4E1E,2020-ncaa-d2-natl,ncaa,2,3,17,3,43,7,11,16,34,32,87,38,5,17,15,48,22,64,4,62,97,16,37,25,17,5,41,41,179,82,123,9,34,20,46,2,3,38,7,1,102,159,207,224,,,295,270,,,7,29,65,227,8,11,29,65,155,7,22,40,111,110,34,93,129,18,36,2,13,147,234,,272,,,8,210,149,258,35,149,196,90,149,287,6,229,291,290,150,287,272,277,275,34,52,62,233,109,290,152,34,222,123,203,46,145,150,91,156,94,65,20,77,45,,,82,202,,,7,288,5,54,9,100,66,157,79,98,98,245,267,261,257,203,193,89,123,101,84,137,28,44,,164,,,b'\x11\xe8\xe1I\xd6\xaf\xe0\xe2\x98|\x12\xdf\x17\xaeN\x1e'
11E8E149-D6AF-E0E2-987C-12DF17AE4E1E,2021-ncaa-d2-conf-PacWest,ncaa,1,1,2,1,2,2,2,3,2,3,5,1,1,1,1,1,3,3,2,3,5,3,3,1,1,1,1,1,9,3,2,2,1,2,1,1,1,4,1,1,5,6,2,2,,,6,5,,,1,3,8,4,2,3,4,6,8,1,1,6,9,9,5,8,3,3,2,1,1,6,2,,2,,,1,3,3,5,1,4,5,1,4,4,1,4,5,5,4,5,5,5,6,1,1,1,6,4,7,2,1,6,2,4,1,4,5,2,2,1,4,4,4,4,,,5,9,,,1,8,1,1,1,1,1,2,2,3,2,3,2,2,2,1,1,1,3,1,1,4,3,2,,9,,,b'\x11\xe8\xe1I\xd6\xaf\xe0\xe2\x98|\x12\xdf\x17\xaeN\x1e'
11E8E149-D6AF-E0E2-987C-12DF17AE4E1E,2021-ncaa-d2-natl,ncaa,44,4,165,5,169,134,133,151,61,156,175,45,60,84,44,13,154,176,10,176,115,153,172,32,32,5,24,20,177,120,48,128,2,132,3,88,13,22,3,1,175,150,71,24,,,41,88,,,5,175,184,121,20,29,44,108,165,6,7,109,161,159,54,141,48,6,12,8,2,176,36,,34,,,1,34,31,44,1,35,52,5,30,49,6,80,45,42,71,42,79,44,43,2,1,5,104,68,181,23,2,53,48,39,3,29,71,169,86,26,25,6,34,49,,,179,185,,,5,51,1,1,1,1,1,24,10,68,11,41,38,49,50,12,13,4,84,24,6,140,5,26,,190,,,b'\x11\xe8\xe1I\xd6\xaf\xe0\xe2\x98|\x12\xdf\x17\xaeN\x1e'
11E8E149-D6AF-E0E2-987C-12DF17AE4E1E,2022-ncaa-d2-conf-PacWest,ncaa,8,9,7,9,7,7,8,9,6,9,10,7,4,2,5,2,3,5,5,5,1,9,9,6,5,5,1,2,3,9,9,9,9,9,9,6,3,2,5,3,7,7,9,11,,,5,6,,,9,7,9,5,6,8,9,10,11,3,1,3,5,5,8,9,9,10,9,6,4,6,10,,6,,,8,10,10,7,9,10,5,10,6,7,5,7,5,5,10,4,4,7,6,9,9,9,4,6,4,8,9,9,9,9,9,9,7,8,7,9,2,5,9,11,,,8,6,,,9,5,7,9,8,9,9,7,10,5,7,7,5,5,5,7,5,7,9,8,9,6,4,10,,7,,,b'\x11\xe8\xe1I\xd6\xaf\xe0\xe2\x98|\x12\xdf\x17\xaeN\x1e'
11E8E149-D6AF-E0E2-987C-12DF17AE4E1E,2022-ncaa-d2-natl,ncaa,200,241,106,218,137,145,175,134,228,249,224,244,43,40,87,29,115,135,124,133,46,136,170,179,168,124,8,16,114,202,251,166,235,192,267,123,68,29,37,48,183,198,247,258,,,194,196,,,214,155,219,224,176,236,162,280,270,37,35,136,146,141,167,238,228,220,241,143,24,205,265,,175,,,206,215,218,184,218,204,143,249,209,233,104,220,161,188,64,176,177,193,161,217,203,231,146,175,110,240,235,234,251,241,267,221,180,204,229,244,66,71,249,277,,,180,167,,,214,144,146,262,209,205,211,171,199,111,190,232,150,169,167,181,122,220,237,238,196,230,49,245,,228,,,b'\x11\xe8\xe1I\xd6\xaf\xe0\xe2\x98|\x12\xdf\x17\xaeN\x1e'
11E8E149-D6AF-E0E2-987C-12DF17AE4E1E,2023-ncaa-d2-conf-PacWest,ncaa,5,6,4,6,4,4,5,5,5,5,5,6,5,7,5,8,1,1,4,1,1,3,4,6,5,4,4,9,1,4,6,2,9,2,7,3,3,6,5,3,8,10,1,2,,,8,8,,,5,5,6,1,4,6,5,5,5,7,7,1,1,1,4,5,5,2,1,3,6,9,1,,8,,,6,8,8,10,2,8,11,1,6,5,8,3,6,8,4,7,6,10,9,1,1,6,6,5,8,10,9,5,6,8,7,5,3,9,10,7,6,6,10,10,,,1,1,,,5,8,3,8,4,9,8,9,8,10,6,5,7,8,7,9,8,9,6,8,5,10,7,10,,1,,,b'\x11\xe8\xe1I\xd6\xaf\xe0\xe2\x98|\x12\xdf\x17\xaeN\x1e'
11E8E149-D6AF-E0E2-987C-12DF17AE4E1E,2023-ncaa-d2-natl,ncaa,152,118,239,147,239,161,201,219,140,180,185,135,204,221,170,205,38,45,87,48,19,187,219,155,104,87,111,221,11,172,126,141,198,155,132,137,59,35,73,65,250,252,94,100,,,137,180,,,123,226,115,3,66,133,117,104,94,178,174,5,10,12,62,92,110,31,50,68,103,233,66,,233,,,122,88,93,143,69,96,186,34,112,89,225,81,117,148,29,144,119,144,96,76,61,130,147,156,146,210,198,63,126,117,132,41,38,257,264,160,76,123,175,207,,,82,12,,,123,78,91,159,105,206,203,276,199,281,185,142,178,213,211,279,250,259,148,214,96,228,141,223,,10,,,b'\x11\xe8\xe1I\xd6\xaf\xe0\xe2\x98|\x12\xdf\x17\xaeN\x1e'
11E8E149-D6AF-E0E2-987C-12DF17AE4E1E,2024-ncaa-d2-conf-PacWest,ncaa,9,9,7,9,9,11,11,11,10,11,10,11,11,11,5,10,1,2,1,2,1,10,9,10,9,10,2,9,1,9,6,3,4,6,5,8,6,10,10,10,11,11,2,2,,,7,8,,,9,8,6,4,11,11,11,11,9,10,11,1,1,1,10,9,7,1,4,8,10,11,2,,9,,,9,1,1,6,1,4,6,2,2,4,1,3,8,8,4,9,8,8,4,1,1,2,6,3,10,6,4,3,6,4,5,1,2,11,11,5,10,10,9,11,,,5,2,,,9,4,11,2,9,4,2,10,4,11,3,5,8,8,9,10,7,8,6,8,2,11,11,10,,2,,,b'\x11\xe8\xe1I\xd6\xaf\xe0\xe2\x98|\x12\xdf\x17\xaeN\x1e'
11E8E149-D6AF-E0E2-987C-12DF17AE4E1E,2024-ncaa-d2-natl,ncaa,245,234,248,251,256,271,288,280,293,288,270,294,249,245,225,194,55,71,76,74,5,270,264,290,255,268,20,184,1,241,207,181,148,224,152,281,167,174,265,285,268,255,28,13,,,159,260,,,222,259,153,126,276,295,295,294,249,235,226,10,14,15,256,199,225,71,142,289,244,244,9,,247,,,223,29,28,70,28,37,122,27,49,68,51,98,123,156,41,156,184,74,48,24,22,69,167,115,231,124,148,43,207,55,152,14,20,262,241,99,196,267,229,285,,,106,8,,,222,48,275,82,221,87,72,209,89,221,88,133,181,210,216,225,164,191,111,147,24,223,241,270,,18,,,b'\x11\xe8\xe1I\xd6\xaf\xe0\xe2\x98|\x12\xdf\x17\xaeN\x1e'
11E8E149-D6AF-E0E2-987C-12DF17AE4E1E,2025-ncaa-d2-conf-PacWest,genius_ncaa,9,9,4,9,8,7,6,6,7,14,12,8,3,3,6,2,10,11,3,11,7,8,7,6,6,7,2,2,11,10,8,2,4,6,6,7,6,8,8,8,13,13,3,5,,,12,13,,11,8,7,9,13,7,8,8,14,14,3,3,10,11,11,9,11,11,2,6,9,8,13,4,,11,,11,8,14,9,12,7,7,14,2,6,5,10,5,12,13,9,13,12,13,9,5,10,13,11,5,11,5,4,7,8,6,6,3,3,14,14,10,4,5,10,14,,,8,8,,8,8,8,7,13,8,12,10,10,8,11,6,6,11,13,12,11,7,6,6,4,3,14,4,11,,8,,8,b'\x11\xe8\xe1I\xd6\xaf\xe0\xe2\x98|\x12\xdf\x17\xaeN\x1e'
11E8E149-D6AF-E0E2-987C-12DF17AE4E1E,2025-ncaa-d2-natl,genius_ncaa,187,180,207,191,229,217,235,211,240,287,286,251,52,54,86,14,243,262,88,262,156,230,248,185,183,182,6,7,216,221,220,84,76,140,124,229,188,73,154,193,268,274,57,43,,,196,274,,138,188,248,210,298,219,237,178,297,285,28,23,245,258,257,220,239,209,15,65,228,115,271,36,,241,,172,182,68,50,113,33,48,133,18,100,114,121,110,216,227,93,226,234,129,63,38,50,151,244,141,254,115,76,142,220,120,124,13,8,286,292,142,74,127,156,266,,,222,150,,172,188,60,189,161,180,119,77,192,75,197,130,148,245,248,248,231,99,158,197,173,12,291,103,201,,189,,161,b'\x11\xe8\xe1I\xd6\xaf\xe0\xe2\x98|\x12\xdf\x17\xaeN\x1e'
11E8E149-D6AF-E0E2-987C-12DF17AE4E1E,2026-ncaa-d2-conf-PacWest,genius_ncaa,2,1,4,1,5,9,10,8,11,9,8,10,9,7,9,7,2,2,6,2,1,5,6,12,11,9,3,10,1,7,6,10,3,8,6,8,5,3,4,6,1,1,8,8,,,11,12,,9,3,6,7,3,9,11,8,10,7,10,7,1,1,1,4,5,6,10,7,9,4,2,8,,12,,9,4,2,2,2,5,3,2,6,1,2,1,1,9,9,3,9,12,2,4,3,5,1,4,1,11,3,3,8,6,6,6,2,2,3,1,1,2,1,5,8,,,4,3,,2,3,5,7,1,4,1,1,1,4,1,1,1,11,11,11,1,3,3,9,6,1,1,1,6,,2,,1,b'\x11\xe8\xe1I\xd6\xaf\xe0\xe2\x98|\x12\xdf\x17\xaeN\x1e'
11E8E149-D6AF-E0E2-987C-12DF17AE4E1E,2026-ncaa-d2-natl,genius_ncaa,157,98,221,135,233,269,271,236,282,277,267,257,188,129,255,30,250,236,225,234,105,242,248,274,276,262,57,73,139,112,62,270,229,235,184,248,104,57,143,192,94,19,221,164,,,191,298,,204,176,264,261,88,269,271,135,278,254,132,31,222,185,179,148,159,32,271,140,206,133,33,178,,292,,250,182,31,24,28,96,38,41,100,19,14,68,43,147,175,69,151,272,35,38,69,108,77,160,43,289,88,229,91,62,83,184,19,71,198,65,33,49,113,62,146,,,211,78,,151,176,35,230,92,191,46,26,9,70,81,18,18,254,268,260,24,54,176,200,194,21,93,111,101,,94,,121,b'\x11\xe8\xe1I\xd6\xaf\xe0\xe2\x98|\x12\xdf\x17\xaeN\x1e'
11E8E149-D6B4-22E2-987C-12DF17AE4E1E,2018-ncaa-d2-conf-GAC,ncaa,3,3,3,3,4,4,3,4,1,5,9,1,3,3,8,2,9,12,5,12,8,5,6,1,3,4,6,3,12,6,4,4,6,4,4,9,11,9,9,12,4,5,3,6,,,6,8,,,3,6,8,9,4,4,6,6,10,3,3,10,12,12,7,9,8,5,5,11,8,5,4,,5,,,3,3,4,7,4,10,11,6,1,1,1,1,7,6,7,6,4,7,7,1,1,2,1,1,9,8,6,4,4,6,4,1,1,6,7,1,9,9,2,3,,,8,9,,,3,8,3,2,3,2,4,5,9,10,1,1,7,6,6,5,5,7,3,3,1,8,8,2,,10,,,"b'\x11\xe8\xe1I\xd6\xb4""\xe2\x98|\x12\xdf\x17\xaeN\x1e'"
11E8E149-D6B4-22E2-987C-12DF17AE4E1E,2018-ncaa-d2-natl,ncaa,67,63,105,67,122,95,88,129,51,131,213,41,37,44,64,35,185,215,83,216,182,152,153,39,41,57,77,44,258,172,169,95,93,138,104,175,278,157,159,185,100,101,79,94,,,181,180,,,77,135,150,166,73,66,150,142,247,36,42,208,236,238,177,180,205,89,136,199,148,109,82,,169,,,78,167,167,170,152,224,223,165,43,90,31,65,218,196,223,196,149,174,168,107,123,137,52,28,223,137,93,125,169,123,104,7,2,149,159,25,181,183,49,85,,,160,167,,,77,180,63,132,75,136,141,149,207,216,31,70,209,190,191,157,153,124,91,95,5,169,164,46,,183,,,"b'\x11\xe8\xe1I\xd6\xb4""\xe2\x98|\x12\xdf\x17\xaeN\x1e'"
11E8E149-D6B4-22E2-987C-12DF17AE4E1E,2019-ncaa-d2-conf-GAC,ncaa,5,5,5,5,6,4,4,5,7,6,8,5,4,3,7,3,6,6,2,6,7,5,5,7,4,4,5,4,6,7,8,8,3,6,5,10,11,5,4,8,7,8,4,6,,,8,8,,,4,4,3,5,3,5,4,7,9,4,3,6,6,6,4,4,7,8,7,9,6,8,4,,7,,,4,6,5,5,7,11,10,6,1,1,1,1,9,9,3,9,8,6,7,5,6,5,1,1,9,2,3,6,8,5,5,1,1,5,5,2,6,6,8,8,,,7,7,,,4,9,6,5,4,5,6,6,12,12,1,1,9,9,9,6,8,2,6,4,1,6,7,8,,7,,,"b'\x11\xe8\xe1I\xd6\xb4""\xe2\x98|\x12\xdf\x17\xaeN\x1e'"
11E8E149-D6B4-22E2-987C-12DF17AE4E1E,2019-ncaa-d2-natl,ncaa,97,95,118,100,160,83,112,129,119,165,212,90,62,53,100,51,76,111,51,117,65,120,144,82,70,67,46,65,122,226,239,166,90,206,179,195,277,117,101,172,161,188,136,174,,,244,244,,,96,104,82,193,60,99,107,171,238,45,39,68,111,116,95,130,244,192,240,219,121,183,131,,241,,,97,187,179,148,200,270,250,190,17,23,40,10,268,266,145,264,202,178,171,140,164,165,25,5,271,75,90,171,239,120,179,11,3,135,149,20,201,182,113,140,,,79,52,,,96,201,89,128,101,178,169,129,262,274,9,12,269,263,265,166,179,70,161,107,7,145,194,96,,59,,,"b'\x11\xe8\xe1I\xd6\xb4""\xe2\x98|\x12\xdf\x17\xaeN\x1e'"
11E8E149-D6B4-22E2-987C-12DF17AE4E1E,2020-ncaa-d2-conf-GAC,ncaa,4,4,3,4,3,2,1,1,4,3,4,5,3,2,4,3,10,9,8,7,11,1,2,4,4,3,7,2,12,4,4,3,6,2,4,4,11,6,3,5,6,7,3,6,,,9,5,,,5,2,2,1,1,1,2,3,3,2,2,10,9,9,3,2,3,3,2,5,5,6,3,,8,,,5,9,10,12,2,11,12,2,1,2,2,1,12,11,9,10,2,12,11,1,2,4,1,1,11,8,6,10,4,10,4,3,1,5,8,5,11,7,8,6,,,6,10,,,5,12,4,4,4,8,9,12,10,12,1,1,10,10,9,12,10,7,8,9,2,7,10,7,,8,,,"b'\x11\xe8\xe1I\xd6\xb4""\xe2\x98|\x12\xdf\x17\xaeN\x1e'"
11E8E149-D6B4-22E2-987C-12DF17AE4E1E,2020-ncaa-d2-natl,ncaa,69,88,54,81,56,26,28,19,107,57,49,135,24,26,46,86,112,97,190,95,193,20,19,83,108,87,91,61,254,53,106,42,121,39,102,105,264,183,64,128,113,187,50,130,,,284,206,,,85,15,22,25,21,23,16,72,70,27,35,137,128,127,18,26,74,50,40,128,131,142,56,,268,,,86,277,264,290,91,292,306,59,56,55,100,9,293,289,199,290,151,304,296,58,75,111,44,13,266,213,121,249,106,244,102,98,15,111,206,86,256,152,250,204,,,37,178,,,85,301,89,108,79,235,220,287,278,307,39,28,283,275,276,296,293,175,198,201,66,141,222,232,,57,,,"b'\x11\xe8\xe1I\xd6\xb4""\xe2\x98|\x12\xdf\x17\xaeN\x1e'"
11E8E149-D6B4-22E2-987C-12DF17AE4E1E,2021-ncaa-d2-conf-GAC,ncaa,6,4,10,5,10,10,10,10,3,10,10,7,5,8,2,5,10,10,9,10,7,10,10,4,4,5,4,3,9,9,8,9,10,10,9,10,7,7,7,7,10,12,7,7,,,3,3,,,9,10,2,2,6,6,6,6,5,2,3,8,8,8,6,4,8,2,6,5,9,11,5,,5,,,9,3,4,4,4,8,7,5,4,4,2,2,4,6,3,6,6,4,4,3,4,5,3,3,8,9,10,3,8,6,9,3,1,9,10,6,5,6,4,7,,,10,6,,,9,3,9,9,9,11,11,12,10,11,3,3,11,12,12,12,11,11,9,11,5,8,6,9,,6,,,"b'\x11\xe8\xe1I\xd6\xb4""\xe2\x98|\x12\xdf\x17\xaeN\x1e'"
11E8E149-D6B4-22E2-987C-12DF17AE4E1E,2021-ncaa-d2-natl,ncaa,106,66,165,89,166,136,133,146,68,141,147,101,91,130,18,89,146,147,135,147,106,147,146,55,64,74,65,45,155,164,170,138,189,149,182,141,156,90,136,128,175,205,100,124,,,80,61,,,140,142,9,51,25,29,28,76,66,20,49,82,78,77,26,18,132,19,53,76,185,176,57,,167,,,135,96,102,97,120,129,131,96,50,59,51,11,113,124,58,120,102,98,88,85,82,127,18,12,153,149,189,83,170,102,182,56,13,159,194,102,90,125,93,121,,,149,132,,,140,85,99,159,130,212,208,223,216,224,53,74,208,216,215,223,221,218,195,217,99,116,171,155,,42,,,"b'\x11\xe8\xe1I\xd6\xb4""\xe2\x98|\x12\xdf\x17\xaeN\x1e'"
11E8E149-D6B4-22E2-987C-12DF17AE4E1E,2022-ncaa-d2-conf-GAC,ncaa,4,4,3,4,3,2,3,3,3,5,5,5,2,3,1,4,2,6,4,6,6,5,4,2,1,2,3,3,9,5,7,2,6,3,6,4,9,6,4,5,9,11,5,7,,,11,10,,,4,4,4,3,2,2,3,5,6,3,3,6,8,8,4,3,5,2,3,7,5,10,5,,10,,,4,9,9,9,5,10,12,3,5,3,10,1,12,12,9,12,10,11,10,5,6,9,6,2,11,10,6,8,7,9,6,2,1,10,11,6,6,4,9,7,,,9,9,,,4,10,2,10,4,10,9,10,10,10,3,2,11,12,12,11,8,8,6,8,2,11,4,8,,10,,,"b'\x11\xe8\xe1I\xd6\xb4""\xe2\x98|\x12\xdf\x17\xaeN\x1e'"
11E8E149-D6B4-22E2-987C-12DF17AE4E1E,2022-ncaa-d2-natl,ncaa,78,107,64,96,92,33,30,43,56,46,52,105,32,72,11,154,49,53,75,52,145,41,59,50,46,26,90,92,165,75,142,44,132,46,115,121,270,92,25,89,126,189,53,104,,,278,236,,,84,56,47,170,14,16,25,46,59,35,91,52,75,76,23,59,101,25,43,159,53,164,53,,259,,,85,281,247,262,123,257,282,55,175,102,276,24,300,300,200,300,243,276,253,119,168,226,192,69,286,246,132,244,142,248,115,65,4,198,271,126,117,54,257,191,,,108,237,,,84,246,19,232,85,269,216,254,235,288,129,60,298,291,290,280,243,209,210,214,35,241,83,238,,161,,,"b'\x11\xe8\xe1I\xd6\xb4""\xe2\x98|\x12\xdf\x17\xaeN\x1e'"
11E8E149-D6B4-22E2-987C-12DF17AE4E1E,2023-ncaa-d2-conf-GAC,ncaa,3,3,5,3,7,6,6,4,10,8,7,11,3,3,5,3,8,6,5,6,4,5,6,7,7,6,3,3,9,6,8,5,5,6,8,9,10,2,4,8,8,8,7,9,,,10,8,,,4,7,6,3,6,6,5,8,7,3,3,8,6,6,5,5,7,4,4,10,3,9,7,,8,,,4,6,8,6,7,10,11,5,1,2,2,2,9,8,4,9,7,7,6,4,5,4,3,2,9,9,5,9,8,9,8,2,2,6,8,3,1,3,8,9,,,6,7,,,4,6,6,3,3,7,10,9,10,11,1,2,9,8,9,10,8,7,9,9,3,8,2,9,,5,,,"b'\x11\xe8\xe1I\xd6\xb4""\xe2\x98|\x12\xdf\x17\xaeN\x1e'"
11E8E149-D6B4-22E2-987C-12DF17AE4E1E,2023-ncaa-d2-natl,ncaa,102,101,110,105,119,107,132,96,212,207,164,238,41,41,55,53,114,131,109,130,112,96,123,149,140,115,19,26,149,115,184,115,180,116,202,176,238,56,43,134,155,194,165,228,,,214,192,,,145,122,141,69,105,147,71,239,200,26,36,132,144,144,80,136,121,118,120,211,53,179,178,,204,,,145,198,191,191,170,253,260,135,40,44,97,18,250,258,120,257,169,211,188,120,134,167,32,18,237,211,180,236,184,235,202,73,27,168,206,115,93,75,229,244,,,129,132,,,145,181,109,173,136,190,196,193,255,273,35,29,247,248,250,232,194,195,246,242,80,187,84,218,,132,,,"b'\x11\xe8\xe1I\xd6\xb4""\xe2\x98|\x12\xdf\x17\xaeN\x1e'"
11E8E149-D6B4-22E2-987C-12DF17AE4E1E,2024-ncaa-d2-conf-GAC,ncaa,3,4,1,4,1,1,2,1,4,5,3,5,1,2,2,4,2,3,1,3,3,1,1,2,3,3,3,3,5,2,4,2,8,1,5,6,12,9,3,5,11,12,4,5,,,11,8,,,4,1,5,2,1,3,3,7,6,1,2,3,4,4,3,4,3,3,3,9,4,12,4,,9,,,4,12,12,12,4,12,12,3,5,4,8,1,12,12,7,12,5,12,12,3,3,7,3,1,8,12,8,11,4,11,5,7,3,7,12,10,8,4,11,10,,,4,8,,,4,12,3,9,4,10,10,12,11,12,3,2,11,11,11,12,11,12,6,11,4,11,5,9,,8,,,"b'\x11\xe8\xe1I\xd6\xb4""\xe2\x98|\x12\xdf\x17\xaeN\x1e'"
11E8E149-D6B4-22E2-987C-12DF17AE4E1E,2024-ncaa-d2-natl,ncaa,55,115,14,88,15,16,36,21,110,92,79,157,5,12,13,57,12,20,17,20,28,21,19,65,40,45,11,25,70,53,123,21,200,22,149,146,282,215,72,173,222,290,34,108,,,292,243,,,109,19,125,20,32,83,82,199,204,10,35,26,65,67,69,97,106,78,74,223,104,282,50,,254,,,115,293,288,291,152,294,296,87,140,109,206,10,293,294,182,294,165,295,284,120,139,207,65,26,242,291,200,277,123,288,149,207,29,152,267,198,172,60,253,233,,,32,120,,,109,282,36,232,110,239,227,253,263,292,63,34,268,262,261,265,211,244,162,212,94,245,82,208,,103,,,"b'\x11\xe8\xe1I\xd6\xb4""\xe2\x98|\x12\xdf\x17\xaeN\x1e'"
11E8E149-D6B4-22E2-987C-12DF17AE4E1E,2025-ncaa-d2-conf-GAC,genius_ncaa,9,8,9,9,12,7,9,7,11,12,11,12,3,3,7,2,5,5,9,5,3,7,6,9,9,8,1,2,6,4,4,8,6,6,7,10,10,7,5,11,11,11,10,11,,,4,6,,4,10,8,1,11,5,8,2,12,10,2,2,5,2,2,1,1,3,6,4,10,8,11,9,,6,,4,10,12,10,7,11,11,11,11,1,1,6,1,12,11,12,11,5,8,4,9,11,12,2,1,11,5,6,10,4,9,7,2,1,11,11,6,8,8,11,12,,,9,10,,7,10,5,8,12,10,12,12,11,12,12,3,1,12,12,12,12,11,8,11,10,3,11,10,12,,8,,7,"b'\x11\xe8\xe1I\xd6\xb4""\xe2\x98|\x12\xdf\x17\xaeN\x1e'"
11E8E149-D6B4-22E2-987C-12DF17AE4E1E,2025-ncaa-d2-natl,genius_ncaa,195,236,109,210,130,158,178,111,267,244,181,273,50,42,105,51,130,148,130,146,99,118,127,218,214,185,12,29,129,104,169,153,137,130,191,252,284,94,80,216,246,269,178,218,,,173,185,,79,243,140,200,82,184,221,95,279,227,46,43,143,148,147,105,147,104,180,146,286,85,264,185,,156,,80,234,259,229,178,233,269,258,188,57,29,213,11,295,266,301,263,195,202,150,197,263,288,78,19,283,128,137,257,169,219,191,52,13,251,273,174,115,98,276,286,,,164,192,,172,243,157,168,275,238,241,210,153,260,272,47,20,293,256,251,196,105,116,249,203,42,268,106,275,,184,,188,"b'\x11\xe8\xe1I\xd6\xb4""\xe2\x98|\x12\xdf\x17\xaeN\x1e'"
11E8E149-D6B4-22E2-987C-12DF17AE4E1E,2026-ncaa-d2-conf-GAC,genius_ncaa,2,3,1,3,1,1,2,4,4,4,1,7,2,7,1,10,1,3,1,3,6,2,3,3,2,2,3,4,5,6,7,3,3,4,4,4,8,3,1,3,8,10,10,11,,,11,12,,3,3,3,6,1,2,3,4,5,1,2,9,1,4,4,2,5,7,4,5,5,1,9,11,,11,,3,3,10,7,4,8,6,5,8,6,7,5,4,12,12,10,12,12,9,9,8,10,10,9,4,12,4,3,8,7,4,4,4,3,6,8,4,2,1,10,9,,,3,5,,5,3,9,1,10,3,10,7,3,6,4,5,5,12,12,12,8,7,3,6,3,4,7,1,10,,4,,5,"b'\x11\xe8\xe1I\xd6\xb4""\xe2\x98|\x12\xdf\x17\xaeN\x1e'"
11E8E149-D6B4-22E2-987C-12DF17AE4E1E,2026-ncaa-d2-natl,genius_ncaa,65,13,221,36,233,157,181,228,75,183,190,157,156,226,13,219,75,148,2,145,97,220,246,74,33,12,85,151,45,178,104,214,34,212,45,232,262,13,4,58,246,199,270,272,,,46,132,,42,63,256,179,88,19,56,73,72,55,92,188,13,49,46,44,147,97,70,67,185,3,214,267,,93,,75,55,72,63,46,180,89,72,162,34,29,115,59,176,105,296,102,188,51,39,158,213,242,123,55,264,23,34,53,104,35,45,38,37,261,222,137,9,8,179,223,,,213,86,,188,63,45,10,200,50,173,127,105,183,189,62,53,274,209,208,129,71,44,123,68,60,232,6,252,,104,,163,"b'\x11\xe8\xe1I\xd6\xb4""\xe2\x98|\x12\xdf\x17\xaeN\x1e'"
11E8E149-D6B8-69BA-987C-12DF17AE4E1E,2018-ncaa-d2-conf-G-MAC,ncaa,4,5,1,5,2,2,1,1,5,1,4,2,5,1,8,6,8,8,7,7,11,1,1,5,5,5,10,7,12,1,1,1,1,1,1,3,8,8,5,4,9,10,2,3,,,10,5,,,3,2,7,8,3,2,1,3,6,6,4,9,10,10,2,2,1,1,1,4,5,10,2,,3,,,3,10,9,13,1,11,13,1,4,8,2,3,10,9,8,10,5,13,12,2,2,5,4,4,8,4,1,4,1,4,1,3,2,13,13,9,7,6,5,4,,,5,10,,,3,12,3,3,3,4,5,8,6,12,3,5,7,7,7,8,4,1,1,1,2,13,7,4,,7,,,b'\x11\xe8\xe1I\xd6\xb8i\xba\x98|\x12\xdf\x17\xaeN\x1e'
11E8E149-D6B8-69BA-987C-12DF17AE4E1E,2018-ncaa-d2-natl,ncaa,67,87,41,81,52,20,16,26,28,27,72,15,28,20,98,68,171,197,99,193,261,35,34,22,36,41,186,92,296,24,16,14,10,12,3,28,124,230,112,53,171,218,42,59,,,173,90,,,61,45,127,182,22,12,31,31,137,39,38,235,253,252,63,79,35,7,6,30,153,225,49,,83,,,63,276,274,281,135,272,273,138,238,255,134,158,230,200,265,199,98,276,230,131,134,242,148,151,137,101,10,141,16,117,3,177,36,271,305,267,202,104,56,30,,,150,278,,,61,252,17,213,66,206,210,247,203,230,185,203,179,137,134,243,132,42,44,39,98,302,138,29,,244,,,b'\x11\xe8\xe1I\xd6\xb8i\xba\x98|\x12\xdf\x17\xaeN\x1e'
11E8E149-D6B8-69BA-987C-12DF17AE4E1E,2019-ncaa-d2-conf-G-MAC,ncaa,5,5,3,5,3,4,4,2,6,8,9,6,2,1,6,2,9,8,6,8,7,3,3,4,4,5,3,2,11,1,2,1,1,1,2,5,9,6,4,6,14,14,4,6,,,8,6,,,5,3,9,2,4,6,2,9,11,2,1,9,8,9,3,5,1,1,1,7,6,14,5,,5,,,5,9,11,13,3,14,14,3,3,4,2,2,10,10,6,10,4,14,12,3,3,7,2,1,9,8,1,8,2,8,2,2,2,14,14,12,5,4,1,2,,,7,9,,,5,12,4,7,5,8,8,11,13,14,3,5,8,10,10,12,6,6,6,6,2,14,4,1,,9,,,b'\x11\xe8\xe1I\xd6\xb8i\xba\x98|\x12\xdf\x17\xaeN\x1e'
11E8E149-D6B8-69BA-987C-12DF17AE4E1E,2019-ncaa-d2-natl,ncaa,97,123,46,112,57,43,45,41,117,152,226,49,5,5,88,3,191,224,68,228,183,53,64,54,63,56,16,4,289,37,47,22,35,21,24,82,171,128,50,76,290,305,93,140,,,139,86,,,83,89,201,151,46,60,43,225,276,3,4,248,270,274,77,134,50,19,20,106,73,305,111,,61,,,85,270,267,282,111,265,282,99,195,207,144,96,225,202,235,199,82,284,211,93,100,230,105,111,145,153,35,208,47,190,24,75,10,297,310,259,154,88,16,21,,,124,228,,,83,226,35,215,84,181,192,258,199,266,136,149,163,137,136,241,95,95,109,91,40,309,97,6,,208,,,b'\x11\xe8\xe1I\xd6\xb8i\xba\x98|\x12\xdf\x17\xaeN\x1e'
11E8E149-D6B8-69BA-987C-12DF17AE4E1E,2020-ncaa-d2-conf-G-MAC,ncaa,12,12,9,12,13,10,11,9,11,13,13,12,3,3,7,1,8,9,3,8,4,10,11,9,9,8,1,1,4,4,3,3,5,3,3,11,8,4,7,8,13,13,11,11,,,7,9,,,8,12,11,11,9,11,6,13,13,2,1,6,8,7,7,9,1,1,1,10,4,13,11,,9,,,8,6,5,8,5,7,9,7,4,6,5,6,5,6,1,5,5,8,2,5,5,11,5,5,6,7,5,6,3,6,3,3,4,13,13,13,5,7,11,13,,,7,6,,,8,2,6,10,8,9,10,10,11,13,7,8,7,8,7,12,3,9,9,9,5,13,5,13,,6,,,b'\x11\xe8\xe1I\xd6\xb8i\xba\x98|\x12\xdf\x17\xaeN\x1e'
11E8E149-D6B8-69BA-987C-12DF17AE4E1E,2020-ncaa-d2-natl,ncaa,254,266,173,263,217,184,208,172,241,292,298,208,23,13,127,3,233,273,23,273,143,200,198,157,158,162,6,4,240,176,194,49,21,88,71,207,170,144,169,189,305,310,255,266,,,99,138,,,235,204,176,280,180,213,146,300,305,14,6,240,284,284,190,194,170,17,45,206,155,310,259,,112,,,228,224,256,236,216,245,180,248,230,258,120,242,63,75,104,72,60,208,92,212,177,291,90,196,31,53,21,172,194,122,71,177,76,305,311,308,198,214,155,268,,,227,208,,,235,109,162,270,231,242,270,274,252,204,240,272,65,73,70,253,87,55,193,134,182,311,200,165,,227,,,b'\x11\xe8\xe1I\xd6\xb8i\xba\x98|\x12\xdf\x17\xaeN\x1e'
11E8E149-D6B8-69BA-987C-12DF17AE4E1E,2021-ncaa-d2-conf-G-MAC,ncaa,10,10,6,10,10,9,9,9,9,10,10,10,3,3,4,2,7,8,6,8,4,9,9,7,6,7,1,1,5,8,9,5,7,7,8,7,3,5,6,6,12,12,1,2,,,5,6,,,10,8,4,10,8,8,8,11,11,2,2,7,8,8,9,8,9,3,6,6,5,12,1,,5,,,10,7,8,6,7,6,9,3,9,6,12,6,6,7,5,7,4,6,4,8,7,10,9,11,7,6,7,8,9,8,8,3,2,11,12,9,4,5,5,10,,,6,6,,,10,4,8,10,10,9,9,9,8,10,9,7,6,6,6,9,7,7,8,9,4,12,5,7,,5,,,b'\x11\xe8\xe1I\xd6\xb8i\xba\x98|\x12\xdf\x17\xaeN\x1e'
11E8E149-D6B8-69BA-987C-12DF17AE4E1E,2021-ncaa-d2-natl,ncaa,159,216,30,188,45,28,31,26,71,70,73,73,7,7,35,16,65,71,85,74,107,28,28,41,45,42,15,14,193,98,198,19,53,34,131,24,51,180,70,43,183,224,18,57,,,158,32,,,177,24,39,121,42,54,57,139,178,7,12,141,157,164,69,84,179,33,92,34,86,222,40,,58,,,153,218,220,211,189,210,208,159,220,213,217,139,167,182,82,183,54,212,199,199,189,219,129,186,28,166,53,214,198,208,131,193,33,122,219,213,148,45,151,101,,,54,164,,,177,201,69,211,153,211,212,201,195,185,218,187,94,100,101,201,156,81,186,154,144,215,50,75,,138,,,b'\x11\xe8\xe1I\xd6\xb8i\xba\x98|\x12\xdf\x17\xaeN\x1e'
11E8E149-D6B8-69BA-987C-12DF17AE4E1E,2022-ncaa-d2-conf-G-MAC,ncaa,7,5,9,7,10,6,7,5,9,10,8,8,4,3,7,3,4,4,5,5,1,5,7,7,7,6,1,2,3,9,11,4,7,5,6,7,8,3,3,3,12,12,3,2,,,1,1,,,8,7,1,12,3,4,3,9,7,2,1,2,2,2,2,3,10,1,2,7,3,12,2,,1,,,8,6,7,9,3,6,7,5,11,11,3,11,3,3,11,3,4,9,6,4,3,6,9,11,3,11,7,11,11,11,6,10,12,12,12,12,2,2,7,10,,,5,3,,,8,6,7,7,8,9,8,12,5,9,11,12,5,4,4,12,12,12,12,12,11,12,3,10,,2,,,b'\x11\xe8\xe1I\xd6\xb8i\xba\x98|\x12\xdf\x17\xaeN\x1e'
11E8E149-D6B8-69BA-987C-12DF17AE4E1E,2022-ncaa-d2-natl,ncaa,129,161,106,148,144,74,84,95,96,159,213,57,19,19,81,15,140,168,80,173,119,100,132,54,58,39,25,17,231,260,286,50,51,119,195,78,112,48,31,32,265,287,86,82,,,25,3,,,138,96,81,289,49,66,89,193,263,11,13,163,191,198,103,185,279,14,131,70,37,283,82,,5,,,138,243,262,265,150,228,180,235,279,296,61,293,72,44,294,41,27,245,188,175,154,239,160,253,24,124,51,258,286,227,195,271,218,266,293,294,33,18,135,189,,,124,130,,,138,203,75,225,141,239,259,283,221,154,270,297,47,31,28,259,174,113,267,209,265,288,20,117,,154,,,b'\x11\xe8\xe1I\xd6\xb8i\xba\x98|\x12\xdf\x17\xaeN\x1e'
11E8E149-D6B8-69BA-987C-12DF17AE4E1E,2023-ncaa-d2-conf-G-MAC,ncaa,6,6,5,6,5,5,6,4,12,8,8,11,3,2,8,3,7,6,8,6,5,4,6,10,11,7,4,4,5,7,10,3,5,5,8,6,10,2,1,4,13,13,2,1,,,2,2,,,5,6,4,2,5,5,1,10,6,3,2,5,4,4,1,2,6,2,2,7,1,12,1,,2,,,5,7,8,10,4,7,12,3,8,10,8,6,2,2,2,2,2,10,8,5,4,5,5,8,2,7,5,13,10,13,8,4,2,9,10,5,1,1,10,10,,,7,4,,,5,8,8,4,6,7,9,12,8,12,8,9,2,4,3,12,11,8,13,12,3,9,1,9,,4,,,b'\x11\xe8\xe1I\xd6\xb8i\xba\x98|\x12\xdf\x17\xaeN\x1e'
11E8E149-D6B8-69BA-987C-12DF17AE4E1E,2023-ncaa-d2-natl,ncaa,120,139,110,133,117,83,82,84,96,158,199,84,19,23,62,21,207,208,162,210,183,104,145,59,79,42,39,16,272,217,257,97,51,134,193,116,184,28,18,41,261,275,71,67,,,12,4,,,130,119,167,39,57,59,52,185,234,13,19,222,229,231,88,173,237,93,165,106,19,274,77,,6,,,130,221,254,223,226,207,169,194,281,259,277,248,21,26,98,25,26,192,146,250,213,253,175,276,13,73,51,248,257,196,193,170,67,246,267,250,22,31,156,191,,,177,197,,,130,173,62,241,142,228,258,250,200,159,278,250,21,30,29,205,113,68,264,185,160,264,27,147,,215,,,b'\x11\xe8\xe1I\xd6\xb8i\xba\x98|\x12\xdf\x17\xaeN\x1e'
11E8E149-D6B8-69BA-987C-12DF17AE4E1E,2024-ncaa-d2-conf-G-MAC,ncaa,6,4,5,6,5,8,6,4,9,5,5,7,7,5,8,5,11,11,11,11,13,4,5,8,9,8,9,6,13,3,3,5,7,4,4,7,8,3,4,5,10,11,7,8,,,2,3,,,6,7,11,2,6,5,4,6,6,7,5,12,11,11,4,6,2,3,4,5,4,11,8,,2,,,6,4,4,8,2,3,4,6,7,10,2,11,8,6,13,6,9,8,6,2,2,5,9,8,10,8,7,8,3,8,4,3,4,12,11,7,10,9,5,5,,,10,11,,,6,7,7,6,6,4,4,10,5,4,8,10,9,8,9,7,5,8,7,8,3,12,10,5,,10,,,b'\x11\xe8\xe1I\xd6\xb8i\xba\x98|\x12\xdf\x17\xaeN\x1e'
11E8E149-D6B8-69BA-987C-12DF17AE4E1E,2024-ncaa-d2-natl,ncaa,98,115,78,110,86,108,90,77,132,115,143,94,68,41,171,47,239,252,146,253,261,101,105,121,144,122,129,60,282,88,109,64,51,71,67,100,151,130,106,107,161,171,152,148,,,60,33,,,104,118,212,79,135,100,80,150,190,65,48,272,274,275,134,162,102,74,72,113,106,192,175,,24,,,106,149,151,192,82,101,101,143,245,279,55,281,94,70,267,77,103,175,152,112,100,135,233,258,72,104,51,183,109,158,67,96,74,190,204,142,242,216,87,89,,,215,266,,,104,170,117,122,115,85,96,156,49,38,220,268,67,48,49,111,72,66,128,99,69,215,202,66,,266,,,b'\x11\xe8\xe1I\xd6\xb8i\xba\x98|\x12\xdf\x17\xaeN\x1e'
11E8E149-D6B8-69BA-987C-12DF17AE4E1E,2025-ncaa-d2-conf-G-MAC,genius_ncaa,2,2,1,2,1,3,2,1,8,2,1,10,3,5,5,9,3,1,12,1,6,1,1,7,8,5,6,7,7,1,3,3,4,1,3,3,5,2,1,2,6,9,4,6,,,6,2,,4,3,1,10,4,4,5,1,3,2,6,7,5,2,2,1,2,1,3,1,4,1,9,7,,2,,2,3,8,9,12,3,8,11,4,8,12,3,11,2,2,1,2,2,12,13,3,3,3,7,9,2,10,4,12,3,11,3,7,6,3,8,4,5,2,11,4,,,1,3,,4,3,13,5,3,3,3,3,9,4,4,6,9,2,2,2,4,3,4,7,7,4,8,2,8,,3,,5,b'\x11\xe8\xe1I\xd6\xb8i\xba\x98|\x12\xdf\x17\xaeN\x1e'
11E8E149-D6B8-69BA-987C-12DF17AE4E1E,2025-ncaa-d2-natl,genius_ncaa,49,79,25,65,31,43,36,32,84,49,49,99,51,67,61,128,130,112,207,112,213,35,46,79,101,72,159,103,255,42,86,43,58,37,55,53,134,104,30,42,103,148,86,93,,,100,28,,98,57,59,214,169,80,53,77,79,112,83,110,211,195,195,96,168,86,100,84,82,38,166,133,,20,,65,61,210,243,254,127,207,182,198,254,282,88,267,41,65,54,66,40,236,237,148,108,115,129,245,18,132,58,232,86,199,55,137,50,96,142,99,184,122,257,191,,,70,133,,85,57,245,52,89,58,77,122,130,92,49,202,243,11,17,18,73,67,56,113,84,60,178,118,209,,150,,116,b'\x11\xe8\xe1I\xd6\xb8i\xba\x98|\x12\xdf\x17\xaeN\x1e'
11E8E149-D6B8-69BA-987C-12DF17AE4E1E,2026-ncaa-d2-conf-G-MAC,genius_ncaa,5,4,9,5,10,10,9,10,2,9,9,6,8,10,2,11,13,13,13,13,13,10,9,2,4,7,12,5,13,9,8,10,11,10,8,7,2,3,11,5,11,12,7,7,,,5,7,,7,6,10,5,3,7,2,10,3,2,5,10,13,13,13,10,7,8,4,8,1,11,11,6,,9,,10,6,1,2,3,4,2,4,2,2,3,8,5,5,7,3,6,9,3,4,3,3,4,9,7,11,7,11,4,8,4,8,1,3,9,7,3,4,9,5,9,,,13,13,,6,6,5,8,4,5,5,5,10,4,11,6,6,8,12,12,11,12,11,7,9,2,7,9,10,,13,,5,b'\x11\xe8\xe1I\xd6\xb8i\xba\x98|\x12\xdf\x17\xaeN\x1e'
11E8E149-D6B8-69BA-987C-12DF17AE4E1E,2026-ncaa-d2-natl,genius_ncaa,107,98,141,113,170,156,124,174,61,158,168,128,77,161,10,124,267,278,94,275,293,195,201,44,70,80,157,49,293,166,119,130,155,148,93,32,4,110,162,24,253,259,27,24,,,71,60,,17,126,208,218,88,122,76,143,135,148,46,149,290,294,294,218,225,163,66,105,5,125,255,26,,56,,17,128,121,126,149,71,99,112,85,201,205,155,237,86,90,150,94,112,141,106,100,85,155,220,241,99,160,155,86,119,108,93,142,172,251,274,257,203,247,155,170,,,261,285,,232,126,96,81,178,122,135,132,222,94,141,222,248,95,100,102,200,115,204,50,110,171,275,227,173,,291,,234,b'\x11\xe8\xe1I\xd6\xb8i\xba\x98|\x12\xdf\x17\xaeN\x1e'
11E8E149-D6BC-FFC0-987C-12DF17AE4E1E,2018-ncaa-d2-conf-CACC,ncaa,7,7,5,7,8,7,9,10,8,8,11,4,6,6,8,5,7,9,5,9,6,10,13,7,6,5,4,7,7,14,14,4,10,10,12,8,6,2,3,4,14,14,10,10,,,1,1,,,7,11,11,14,9,9,12,9,12,7,6,6,9,9,12,13,14,4,12,8,3,14,10,,1,,,7,7,10,12,7,9,10,7,9,12,4,10,1,1,3,1,1,10,5,7,5,8,1,10,1,12,10,10,14,10,12,9,6,14,13,12,1,3,4,6,,,9,5,,,7,4,6,9,7,8,8,10,9,10,10,10,1,1,1,9,5,10,9,10,8,14,3,5,,9,,,b'\x11\xe8\xe1I\xd6\xbc\xff\xc0\x98|\x12\xdf\x17\xaeN\x1e'
11E8E149-D6BC-FFC0-987C-12DF17AE4E1E,2018-ncaa-d2-natl,ncaa,196,229,105,215,145,165,166,175,161,157,168,141,187,168,213,156,169,189,115,193,189,181,190,181,168,156,194,186,143,250,268,94,218,163,237,107,58,99,127,91,237,260,187,228,,,8,1,,,195,167,203,293,216,199,228,173,192,207,190,195,204,209,241,255,273,87,204,108,81,256,195,,3,,,193,162,259,260,146,270,268,151,162,189,94,145,4,6,39,6,1,225,170,126,62,133,10,149,1,259,218,203,268,234,237,222,136,241,274,258,91,111,140,137,,,213,194,,,195,142,196,172,192,133,242,277,258,274,149,182,1,2,3,216,158,252,188,228,211,269,77,117,,250,,,b'\x11\xe8\xe1I\xd6\xbc\xff\xc0\x98|\x12\xdf\x17\xaeN\x1e'
11E8E149-D6BC-FFC0-987C-12DF17AE4E1E,2019-ncaa-d2-conf-CACC,ncaa,11,11,9,11,10,11,11,13,8,13,14,6,3,6,8,2,14,14,9,14,11,14,14,6,7,5,5,2,13,14,14,12,5,14,14,7,4,2,3,3,12,12,11,12,,,2,3,,,8,14,13,5,11,10,13,12,13,2,6,14,13,13,14,13,14,11,14,7,3,12,11,,2,,,8,2,3,2,10,8,5,9,2,3,7,5,2,2,14,2,3,1,1,9,7,13,1,4,5,1,5,5,14,2,14,4,5,13,13,12,3,6,4,8,,,14,8,,,8,1,6,12,9,5,9,4,11,11,4,3,3,2,2,4,2,4,8,6,8,13,3,7,,13,,,b'\x11\xe8\xe1I\xd6\xbc\xff\xc0\x98|\x12\xdf\x17\xaeN\x1e'
11E8E149-D6BC-FFC0-987C-12DF17AE4E1E,2019-ncaa-d2-natl,ncaa,232,244,182,238,186,214,204,226,155,244,266,135,88,97,90,49,282,273,216,275,224,241,263,109,142,109,76,45,275,253,264,236,212,257,252,117,31,28,64,41,216,186,282,295,,,28,46,,,171,263,290,39,217,203,236,255,269,75,79,285,277,280,263,289,264,245,276,85,23,213,290,,28,,,174,81,145,101,205,184,150,221,69,80,103,109,33,26,239,24,27,73,59,189,173,211,35,81,51,145,212,151,264,152,252,155,167,244,212,237,41,103,47,116,,,256,175,,,171,50,131,223,177,108,179,122,212,174,83,91,38,32,30,89,48,162,189,179,179,245,55,53,,260,,,b'\x11\xe8\xe1I\xd6\xbc\xff\xc0\x98|\x12\xdf\x17\xaeN\x1e'
11E8E149-D6BC-FFC0-987C-12DF17AE4E1E,2020-ncaa-d2-conf-CACC,ncaa,4,3,2,4,2,5,7,9,4,6,11,3,4,3,5,4,9,10,4,9,6,11,10,3,4,4,5,4,11,12,12,2,3,6,6,6,7,5,8,6,9,9,7,9,,,2,2,,,5,7,13,8,7,8,13,9,12,4,6,10,10,10,13,13,13,6,12,9,3,11,8,,1,,,5,5,9,12,5,12,13,6,6,7,5,7,2,2,7,2,2,8,6,4,4,4,2,7,1,9,3,6,12,5,6,5,5,10,10,8,12,11,2,2,,,10,11,,,5,6,4,4,5,3,5,6,7,8,5,7,2,2,2,3,2,6,3,3,5,11,9,1,,11,,,b'\x11\xe8\xe1I\xd6\xbc\xff\xc0\x98|\x12\xdf\x17\xaeN\x1e'
11E8E149-D6BC-FFC0-987C-12DF17AE4E1E,2020-ncaa-d2-natl,ncaa,95,100,102,99,151,155,143,170,110,168,190,114,105,109,95,89,232,249,107,248,251,186,214,101,120,103,135,81,264,214,213,124,159,170,170,124,118,79,101,89,226,227,133,166,,,36,32,,,133,206,264,218,177,159,201,189,227,111,120,260,271,271,231,272,232,135,181,126,59,246,143,,22,,,134,119,197,207,155,236,241,155,99,115,99,106,25,28,144,25,10,157,131,127,95,140,23,103,15,191,159,148,213,168,170,172,130,220,221,218,139,168,65,78,,,247,245,,,133,106,120,158,130,96,170,189,212,230,91,97,14,16,16,125,75,180,125,151,158,249,135,54,,282,,,b'\x11\xe8\xe1I\xd6\xbc\xff\xc0\x98|\x12\xdf\x17\xaeN\x1e'
11E8E149-D6BC-FFC0-987C-12DF17AE4E1E,2022-ncaa-d2-conf-CACC,ncaa,7,6,6,7,8,10,10,10,9,11,11,11,5,5,4,5,6,5,7,5,3,9,9,10,9,9,4,4,3,5,6,8,2,6,4,7,7,10,9,9,9,8,12,11,,,8,10,,,6,9,6,5,8,10,9,10,9,5,5,4,2,2,7,6,4,6,5,7,9,8,12,,9,,,6,3,4,5,5,4,5,7,1,5,2,5,9,8,11,8,7,4,4,4,5,4,5,2,9,2,2,5,6,2,4,3,4,9,6,4,9,9,4,7,,,5,5,,,6,5,7,4,7,5,6,5,7,6,4,6,8,8,8,4,5,3,8,6,4,6,9,5,,3,,,b'\x11\xe8\xe1I\xd6\xbc\xff\xc0\x98|\x12\xdf\x17\xaeN\x1e'
11E8E149-D6BC-FFC0-987C-12DF17AE4E1E,2022-ncaa-d2-natl,ncaa,116,139,106,130,114,166,170,88,266,176,107,262,133,96,216,118,146,140,195,140,185,91,87,254,255,246,102,118,136,24,47,98,136,55,82,133,94,223,170,184,101,129,229,253,,,146,120,,,139,121,154,87,216,222,80,230,122,134,104,169,154,154,89,76,25,96,34,161,201,121,239,,125,,,141,112,144,173,86,187,221,110,46,94,25,68,107,102,170,101,61,163,180,57,54,47,34,45,127,189,136,213,47,201,82,156,163,85,91,96,247,210,202,187,,,133,217,,,139,176,212,52,138,63,101,148,172,209,39,69,94,85,82,122,154,155,198,185,127,99,235,209,,160,,,b'\x11\xe8\xe1I\xd6\xbc\xff\xc0\x98|\x12\xdf\x17\xaeN\x1e'
11E8E149-D6BC-FFC0-987C-12DF17AE4E1E,2023-ncaa-d2-conf-CACC,ncaa,4,2,6,4,6,5,5,7,5,4,7,3,6,6,7,6,6,6,13,6,6,7,7,5,6,5,7,6,9,5,5,3,4,5,3,3,1,3,2,2,8,9,7,9,,,7,10,,,3,8,11,2,5,4,8,4,8,6,6,8,6,7,7,9,5,1,3,2,2,9,7,,8,,,3,4,2,6,1,6,10,1,2,2,1,2,6,5,4,5,4,6,7,1,1,2,2,2,10,9,4,6,5,5,3,2,4,8,7,4,10,8,3,3,,,6,6,,,3,7,3,2,3,3,3,6,4,10,2,2,5,4,4,6,5,6,3,5,2,8,7,3,,6,,,b'\x11\xe8\xe1I\xd6\xbc\xff\xc0\x98|\x12\xdf\x17\xaeN\x1e'
11E8E149-D6BC-FFC0-987C-12DF17AE4E1E,2023-ncaa-d2-natl,ncaa,59,67,47,64,47,72,69,39,143,61,51,111,122,84,221,152,85,63,203,64,147,37,49,156,165,125,201,192,144,23,26,52,182,25,60,30,12,128,56,29,109,161,78,145,,,247,191,,,61,74,221,17,106,99,65,73,90,158,114,131,98,100,65,107,29,70,24,23,77,152,101,,187,,,60,154,162,234,47,233,278,46,38,67,23,29,209,219,110,211,102,241,239,31,34,44,30,23,209,268,182,196,26,240,60,167,158,87,142,111,216,154,253,196,,,73,153,,,61,225,81,67,56,57,76,157,169,258,17,30,153,158,154,157,160,232,91,164,107,140,160,217,,127,,,b'\x11\xe8\xe1I\xd6\xbc\xff\xc0\x98|\x12\xdf\x17\xaeN\x1e'
11E8E149-D6BC-FFC0-987C-12DF17AE4E1E,2024-ncaa-d2-conf-CACC,ncaa,3,4,4,4,4,4,4,2,8,5,4,7,4,4,7,5,9,8,6,9,9,2,3,7,8,6,8,6,11,1,1,1,1,1,1,2,1,6,4,3,10,8,7,8,,,3,4,,,2,10,8,3,4,4,1,5,6,4,4,8,11,11,3,6,1,2,1,2,5,10,9,,4,,,2,1,2,6,2,3,7,2,1,4,2,6,2,2,6,2,2,5,3,2,1,3,2,5,2,1,1,3,1,3,1,4,4,9,7,7,8,8,10,9,,,10,11,,,2,4,4,2,2,2,4,5,4,8,1,4,2,2,2,4,3,1,5,2,3,10,9,10,,10,,,b'\x11\xe8\xe1I\xd6\xbc\xff\xc0\x98|\x12\xdf\x17\xaeN\x1e'
11E8E149-D6BC-FFC0-987C-12DF17AE4E1E,2024-ncaa-d2-natl,ncaa,48,45,78,47,92,111,96,46,213,94,53,205,119,83,190,139,186,180,186,189,258,65,63,208,221,186,186,133,239,7,5,26,39,9,5,32,13,155,92,42,155,168,87,115,,,54,25,,,31,126,198,138,139,111,35,121,66,133,94,230,218,223,54,82,7,12,2,21,126,179,102,,23,,,25,35,63,214,4,93,236,3,65,123,26,110,22,26,21,23,9,179,178,4,2,5,43,138,35,152,39,145,5,144,5,160,251,138,156,141,222,165,253,213,,,191,270,,,31,183,114,4,22,5,19,187,44,219,48,92,8,14,14,120,109,110,76,83,117,175,187,248,,246,,,b'\x11\xe8\xe1I\xd6\xbc\xff\xc0\x98|\x12\xdf\x17\xaeN\x1e'
11E8E149-D6BC-FFC0-987C-12DF17AE4E1E,2025-ncaa-d2-conf-CACC,genius_ncaa,2,1,2,2,3,2,2,2,2,2,4,1,2,3,5,4,7,7,5,7,10,3,2,2,3,4,6,5,11,1,1,3,1,2,1,2,4,5,4,3,6,6,5,6,,,5,3,,10,2,4,11,9,2,2,3,4,6,4,3,10,12,12,5,7,2,3,1,1,3,8,7,,2,,9,2,5,7,8,3,5,9,3,5,8,3,6,5,7,2,6,5,8,9,3,3,5,2,5,8,3,1,7,1,5,1,7,6,8,10,6,6,5,9,8,,,5,9,,4,2,9,2,4,2,2,2,3,3,4,2,5,3,4,2,2,2,1,2,1,4,10,5,8,,11,,4,b'\x11\xe8\xe1I\xd6\xbc\xff\xc0\x98|\x12\xdf\x17\xaeN\x1e'
11E8E149-D6BC-FFC0-987C-12DF17AE4E1E,2025-ncaa-d2-natl,genius_ncaa,15,31,9,27,13,30,28,21,90,44,51,83,24,25,64,80,105,130,84,134,231,26,21,70,80,91,101,75,252,12,17,13,34,8,9,20,54,247,126,57,103,171,155,219,,,128,29,,138,24,36,249,273,99,85,112,137,187,69,85,220,241,247,148,176,41,45,18,47,116,200,218,,15,,79,29,207,231,280,46,252,283,63,130,212,32,115,130,128,175,121,27,272,261,39,33,58,54,95,94,165,34,189,17,185,9,251,215,113,205,198,256,159,265,219,,,60,189,,201,24,266,47,50,30,28,52,94,86,153,48,82,35,34,30,57,35,48,23,27,125,240,151,203,,196,,253,b'\x11\xe8\xe1I\xd6\xbc\xff\xc0\x98|\x12\xdf\x17\xaeN\x1e'
11E8E149-D6BC-FFC0-987C-12DF17AE4E1E,2026-ncaa-d2-conf-CACC,genius_ncaa,1,1,5,1,6,5,6,7,2,6,9,2,1,7,2,4,5,5,6,5,4,6,7,2,2,1,5,4,6,6,3,3,1,5,3,3,3,4,3,1,11,11,9,9,,,2,3,,1,2,8,9,2,2,3,3,3,6,1,5,5,4,4,2,4,3,1,2,2,3,11,9,,2,,1,2,4,4,6,2,4,6,2,5,6,6,6,3,3,8,2,2,6,3,2,3,3,5,7,6,4,1,4,3,4,3,2,2,11,11,6,6,6,4,3,,,5,3,,7,2,3,1,3,2,3,3,8,3,8,6,6,5,4,3,8,2,3,3,3,2,11,7,3,,2,,8,b'\x11\xe8\xe1I\xd6\xbc\xff\xc0\x98|\x12\xdf\x17\xaeN\x1e'
11E8E149-D6BC-FFC0-987C-12DF17AE4E1E,2026-ncaa-d2-natl,genius_ncaa,30,53,59,59,67,71,66,55,141,88,90,121,57,40,144,84,114,116,136,112,167,63,96,126,134,74,124,103,205,21,20,19,9,11,7,30,33,62,8,6,231,250,203,249,,,60,18,,9,16,131,265,51,80,73,41,119,126,77,46,142,158,157,49,136,18,12,5,27,14,263,239,,7,,7,20,103,147,190,51,192,233,63,58,112,38,65,46,59,34,55,11,171,146,29,18,53,12,58,31,67,9,179,20,137,7,147,150,215,246,214,120,70,119,85,,,109,170,,271,16,165,31,39,16,22,77,131,140,223,24,42,12,21,15,76,25,25,106,51,102,272,78,91,,167,,284,b'\x11\xe8\xe1I\xd6\xbc\xff\xc0\x98|\x12\xdf\x17\xaeN\x1e'
11E8E149-D6C1-39B4-987C-12DF17AE4E1E,2018-ncaa-d2-conf-PacWest,ncaa,13,13,7,13,12,13,13,11,12,11,8,13,14,14,13,12,11,8,14,8,7,12,10,13,13,14,11,13,2,10,7,11,12,12,11,10,6,14,14,14,11,10,13,13,,,6,8,,,14,10,8,7,13,13,11,11,7,14,13,11,7,7,11,9,8,11,12,10,14,10,13,,8,,,14,13,13,9,14,13,9,12,12,5,14,7,4,6,3,6,5,8,5,14,13,14,5,10,2,8,12,7,7,8,11,12,8,10,10,13,14,14,10,9,,,9,9,,,14,5,14,14,14,14,14,9,14,9,13,7,5,6,6,8,6,8,8,9,12,10,14,10,,9,,,b'\x11\xe8\xe1I\xd6\xc19\xb4\x98|\x12\xdf\x17\xaeN\x1e'
11E8E149-D6C1-39B4-987C-12DF17AE4E1E,2018-ncaa-d2-natl,ncaa,291,302,148,296,188,262,262,200,283,237,169,277,252,214,280,207,210,163,283,161,140,191,156,288,292,296,192,212,96,200,242,220,263,214,278,216,109,292,290,276,224,243,274,293,,,104,71,,,308,135,82,226,289,287,220,256,153,262,226,221,147,146,216,120,207,241,241,229,294,224,280,,107,,,306,288,294,240,300,288,219,296,283,227,300,185,111,117,116,120,89,228,176,306,300,304,111,226,21,224,263,233,242,237,278,302,279,231,264,306,291,284,213,217,,,216,239,,,308,167,298,302,306,301,303,278,298,244,290,249,124,124,131,265,224,232,262,265,303,237,291,223,,222,,,b'\x11\xe8\xe1I\xd6\xc19\xb4\x98|\x12\xdf\x17\xaeN\x1e'
11E8E149-D6C1-39B4-987C-12DF17AE4E1E,2019-ncaa-d2-conf-PacWest,ncaa,11,11,7,11,11,8,7,7,8,9,9,6,7,5,10,2,12,12,12,12,12,8,8,9,10,11,10,2,12,7,7,10,9,10,8,5,6,8,10,6,10,10,11,12,,,3,3,,,11,8,5,11,8,6,6,9,9,7,3,12,12,12,7,4,6,10,10,4,10,9,11,,4,,,11,11,12,8,12,12,8,12,9,10,10,9,2,2,4,2,3,8,5,11,11,12,2,7,1,6,9,5,7,7,8,11,10,11,12,12,9,8,8,8,,,12,12,,,11,5,9,12,11,11,12,12,12,10,10,10,2,3,3,11,7,6,7,7,11,10,10,9,,12,,,b'\x11\xe8\xe1I\xd6\xc19\xb4\x98|\x12\xdf\x17\xaeN\x1e'
11E8E149-D6C1-39B4-987C-12DF17AE4E1E,2019-ncaa-d2-natl,ncaa,290,306,118,298,174,198,175,117,253,207,184,207,110,66,244,57,273,227,292,230,234,138,113,234,264,261,126,71,274,122,162,203,275,169,248,131,92,254,226,192,236,268,298,308,,,113,48,,,306,109,79,272,226,201,86,227,207,108,53,286,237,244,120,86,120,236,183,143,241,250,306,,97,,,296,303,304,272,291,298,233,299,293,275,250,244,92,121,72,121,69,262,215,292,279,297,87,225,18,268,275,239,162,256,248,307,268,236,290,308,292,281,191,201,,,241,292,,,306,192,261,303,297,299,303,292,298,253,285,277,81,113,110,287,246,262,234,257,303,261,285,195,,272,,,b'\x11\xe8\xe1I\xd6\xc19\xb4\x98|\x12\xdf\x17\xaeN\x1e'
11E8E149-D6C1-39B4-987C-12DF17AE4E1E,2020-ncaa-d2-conf-PacWest,ncaa,12,12,7,12,9,12,12,9,12,12,8,12,11,9,12,9,9,9,12,9,7,9,9,12,12,12,8,9,3,8,10,11,12,10,12,11,7,12,12,12,4,5,10,11,,,6,5,,,12,8,3,5,12,12,9,12,7,11,9,9,8,8,8,7,7,11,10,11,12,4,10,,7,,,12,12,11,5,11,9,7,11,10,8,11,6,11,10,10,10,8,8,7,11,11,12,7,5,7,11,12,11,10,12,12,12,11,6,6,11,12,12,8,7,,,9,5,,,12,5,12,12,12,12,11,10,10,8,10,10,12,12,12,11,10,11,11,12,12,5,12,8,,6,,,b'\x11\xe8\xe1I\xd6\xc19\xb4\x98|\x12\xdf\x17\xaeN\x1e'
11E8E149-D6C1-39B4-987C-12DF17AE4E1E,2020-ncaa-d2-natl,ncaa,300,306,223,303,249,299,301,259,310,293,205,310,280,243,297,220,239,161,300,158,102,254,195,311,311,311,143,215,34,253,291,288,299,287,305,278,109,284,300,300,139,139,288,296,,,116,83,,,311,168,41,227,308,306,235,297,161,281,239,227,123,119,217,102,243,289,294,285,299,111,293,,155,,,309,273,254,181,272,227,135,265,271,228,269,220,241,207,271,208,213,189,172,282,288,285,217,221,167,260,299,267,291,269,305,294,282,172,181,272,311,308,131,162,,,201,165,,,311,141,310,289,309,294,285,266,262,197,288,271,268,239,243,274,277,282,296,298,299,138,309,158,,139,,,b'\x11\xe8\xe1I\xd6\xc19\xb4\x98|\x12\xdf\x17\xaeN\x1e'
11E8E149-D6C1-39B4-987C-12DF17AE4E1E,2022-ncaa-d2-conf-PacWest,ncaa,10,11,10,10,10,10,10,10,11,11,9,11,10,10,10,7,11,11,9,11,11,10,10,11,11,11,10,9,8,10,10,11,11,11,11,10,8,10,11,11,10,10,9,9,,,3,3,,,11,10,8,5,11,11,11,11,8,10,11,11,10,10,11,10,10,11,11,11,11,10,9,,5,,,11,11,11,5,11,7,2,11,11,9,11,11,3,2,6,2,3,4,2,11,11,11,10,11,1,9,11,2,10,6,11,11,11,10,10,11,10,11,3,7,,,11,10,,,11,2,11,11,11,11,11,10,9,3,11,11,4,4,4,10,9,11,8,10,11,10,11,4,,10,,,b'\x11\xe8\xe1I\xd6\xc19\xb4\x98|\x12\xdf\x17\xaeN\x1e'
11E8E149-D6C1-39B4-987C-12DF17AE4E1E,2022-ncaa-d2-natl,ncaa,296,299,146,296,179,289,285,236,297,279,212,297,276,225,292,164,288,277,266,277,278,251,209,298,298,299,230,205,190,274,284,286,300,288,300,287,250,268,291,298,243,272,262,279,,,131,104,,,301,186,187,224,299,298,285,292,233,285,232,297,289,290,294,249,282,299,301,299,268,261,275,,142,,,300,276,285,222,289,260,146,290,294,281,277,269,90,103,63,101,101,206,174,294,289,290,180,264,19,297,300,209,284,269,300,301,286,215,249,296,291,294,121,174,,,254,256,,,301,114,299,299,300,292,292,268,274,160,293,290,92,116,110,254,212,293,231,285,299,224,287,121,,283,,,b'\x11\xe8\xe1I\xd6\xc19\xb4\x98|\x12\xdf\x17\xaeN\x1e'
11E8E149-D6C1-39B4-987C-12DF17AE4E1E,2023-ncaa-d2-conf-PacWest,ncaa,10,10,10,10,11,11,10,10,10,11,10,10,8,6,8,3,11,11,7,11,9,11,9,10,10,10,3,3,6,11,11,11,11,11,11,11,9,10,10,11,4,4,11,11,,,4,3,,,11,7,2,11,10,10,7,11,10,5,4,11,9,9,10,3,11,11,11,11,10,3,11,,6,,,11,10,11,8,11,11,8,11,8,4,11,6,3,5,1,4,2,6,6,11,11,11,2,4,2,9,11,8,11,10,11,11,9,5,7,10,11,11,9,11,,,11,10,,,11,5,10,11,11,11,11,10,11,9,9,8,5,5,5,10,10,10,10,10,11,2,11,9,,9,,,b'\x11\xe8\xe1I\xd6\xc19\xb4\x98|\x12\xdf\x17\xaeN\x1e'
11E8E149-D6C1-39B4-987C-12DF17AE4E1E,2023-ncaa-d2-natl,ncaa,292,295,197,295,236,276,275,226,289,280,243,289,200,153,263,97,254,239,238,240,182,234,190,288,284,289,80,98,131,290,293,282,297,294,298,279,260,278,286,293,101,121,292,295,,,125,71,,,298,132,22,285,290,289,222,289,221,193,119,248,224,223,240,105,289,291,297,290,282,74,293,,166,,,298,271,285,216,294,283,230,290,210,153,267,118,64,122,8,126,83,205,195,287,276,277,28,129,18,276,297,220,293,255,298,284,196,150,181,262,294,295,181,246,,,231,247,,,298,158,293,286,297,294,297,283,295,283,239,195,88,161,165,287,283,286,283,290,290,102,294,210,,224,,,b'\x11\xe8\xe1I\xd6\xc19\xb4\x98|\x12\xdf\x17\xaeN\x1e'
11E8E149-D6C5-F760-987C-12DF17AE4E1E,2018-ncaa-d2-conf-CCAA,ncaa,2,3,1,3,1,2,2,2,6,5,6,7,1,1,3,1,6,8,2,8,9,4,4,3,3,2,1,1,9,5,8,10,9,8,8,4,8,1,1,2,3,3,13,13,,,11,9,,,3,5,12,7,3,3,5,11,10,1,1,9,11,11,6,13,10,13,12,7,1,4,13,,7,,,3,10,8,5,10,6,7,9,8,6,13,6,9,8,7,8,9,5,11,11,11,6,9,7,7,10,9,12,8,11,8,7,5,2,2,1,1,1,2,3,,,3,5,,,3,10,2,7,2,3,3,1,5,3,7,4,6,5,6,1,3,3,7,6,5,3,1,2,,7,,,b'\x11\xe8\xe1I\xd6\xc5\xf7`\x98|\x12\xdf\x17\xaeN\x1e'
11E8E149-D6C5-F760-987C-12DF17AE4E1E,2018-ncaa-d2-natl,ncaa,67,132,12,101,15,62,77,38,184,141,106,208,18,19,62,53,87,134,23,127,172,41,68,145,129,88,25,31,172,80,147,185,214,146,228,80,155,72,24,47,44,62,302,305,,,286,265,,,88,73,281,112,149,173,171,257,237,48,64,172,234,230,188,260,159,300,287,165,18,96,307,,197,,,98,248,223,161,217,195,164,188,218,153,277,124,270,259,202,260,249,189,237,225,256,157,226,169,237,186,214,271,147,252,228,234,205,22,27,58,27,8,67,46,,,53,96,,,88,243,76,147,91,79,50,7,56,22,132,49,193,176,167,11,35,72,125,94,112,64,6,20,,173,,,b'\x11\xe8\xe1I\xd6\xc5\xf7`\x98|\x12\xdf\x17\xaeN\x1e'
11E8E149-D6C5-F760-987C-12DF17AE4E1E,2019-ncaa-d2-conf-CCAA,ncaa,3,3,5,3,6,4,4,5,4,8,11,3,2,2,4,2,6,12,1,12,11,6,11,2,2,2,3,3,11,11,10,11,10,12,11,5,4,1,2,2,6,5,13,13,,,2,2,,,2,9,12,6,3,3,5,7,12,2,2,7,13,13,5,13,11,12,13,3,1,7,13,,2,,,2,2,5,3,12,5,2,12,8,12,4,13,1,1,2,1,6,3,4,11,9,5,5,9,2,7,10,4,10,4,11,6,6,5,2,4,1,1,3,3,,,7,4,,,2,5,2,6,2,2,6,4,5,2,7,10,1,3,3,1,1,7,5,5,5,3,1,3,,10,,,b'\x11\xe8\xe1I\xd6\xc5\xf7`\x98|\x12\xdf\x17\xaeN\x1e'
11E8E149-D6C5-F760-987C-12DF17AE4E1E,2019-ncaa-d2-natl,ncaa,73,49,182,59,188,132,146,178,102,165,227,65,104,90,155,68,106,193,5,189,132,185,244,89,64,37,92,104,124,259,261,267,262,273,269,143,157,8,14,27,142,115,287,292,,,56,74,,,78,224,235,45,77,109,134,143,230,87,69,81,176,171,145,259,270,274,293,135,10,123,291,,62,,,74,74,98,80,170,109,64,232,114,168,63,247,66,82,60,79,158,73,101,172,155,115,119,173,104,175,262,114,261,139,269,115,145,118,64,91,8,12,29,44,,,147,45,,,78,85,53,139,71,96,130,100,133,68,138,206,71,104,103,89,116,196,149,169,132,79,8,30,,109,,,b'\x11\xe8\xe1I\xd6\xc5\xf7`\x98|\x12\xdf\x17\xaeN\x1e'
11E8E149-D6C5-F760-987C-12DF17AE4E1E,2020-ncaa-d2-conf-CCAA,ncaa,7,7,5,7,7,5,2,4,2,6,11,3,2,2,5,2,13,13,1,13,13,6,10,2,3,2,3,2,13,9,8,13,12,13,12,8,11,1,1,2,6,6,13,13,,,3,3,,,6,10,12,7,3,1,4,5,9,2,2,13,13,13,6,11,8,13,13,7,1,8,13,,2,,,5,8,10,2,13,10,6,12,6,4,10,5,9,4,13,6,8,2,3,13,13,11,5,5,6,7,12,7,8,7,12,6,6,5,5,9,1,1,8,11,,,13,13,,,6,3,1,11,5,9,9,3,10,5,5,4,9,5,7,1,3,8,7,9,6,6,1,9,,13,,,b'\x11\xe8\xe1I\xd6\xc5\xf7`\x98|\x12\xdf\x17\xaeN\x1e'
11E8E149-D6C5-F760-987C-12DF17AE4E1E,2020-ncaa-d2-natl,ncaa,131,140,102,137,131,104,77,80,98,130,172,77,38,37,86,40,260,289,27,292,304,125,208,67,84,39,103,42,304,180,189,279,261,257,263,136,220,8,6,18,171,158,292,298,,,49,58,,,97,211,276,159,102,60,70,140,207,41,38,281,304,306,141,263,193,301,292,145,2,183,302,,33,,,97,172,180,117,232,205,139,238,120,106,167,126,144,97,290,104,120,108,111,222,224,208,87,108,132,184,261,151,189,166,263,158,137,148,127,152,6,2,165,181,,,288,305,,,97,98,39,223,101,138,156,77,180,115,112,89,129,80,95,53,54,169,133,148,145,160,2,154,,308,,,b'\x11\xe8\xe1I\xd6\xc5\xf7`\x98|\x12\xdf\x17\xaeN\x1e'
11E8E149-D6C5-F760-987C-12DF17AE4E1E,2022-ncaa-d2-conf-CCAA,ncaa,11,3,12,9,12,12,12,12,8,12,12,2,12,11,12,2,12,12,9,12,11,12,12,7,8,7,8,3,12,12,10,12,4,12,9,11,3,1,5,3,12,9,12,11,,,1,1,,,8,12,10,1,7,6,3,5,8,4,2,12,12,12,3,6,8,8,9,3,5,8,9,,4,,,9,1,1,1,10,1,1,7,1,1,12,6,1,1,7,1,4,1,1,11,11,11,8,9,4,1,4,1,10,1,9,1,3,12,9,6,1,7,1,3,,,12,9,,,8,1,7,10,10,12,10,11,11,10,10,8,5,6,6,11,9,3,12,8,5,8,6,3,,9,,,b'\x11\xe8\xe1I\xd6\xc5\xf7`\x98|\x12\xdf\x17\xaeN\x1e'
11E8E149-D6C5-F760-987C-12DF17AE4E1E,2022-ncaa-d2-natl,ncaa,263,65,298,229,298,298,297,298,241,297,298,150,271,262,253,8,299,298,263,298,245,298,298,212,242,224,77,22,293,297,213,298,128,298,224,294,67,3,136,120,296,163,296,276,,,4,131,,,173,298,143,1,190,154,40,238,244,43,8,290,276,276,79,86,150,157,162,83,160,148,271,,156,,,192,4,4,4,127,4,4,167,4,4,84,168,4,5,29,5,181,4,4,129,117,133,136,144,148,4,128,5,213,4,224,4,101,298,154,124,3,216,4,90,,,298,262,,,173,4,237,114,191,163,171,202,175,174,147,193,156,195,194,216,206,122,278,226,120,144,237,44,,225,,,b'\x11\xe8\xe1I\xd6\xc5\xf7`\x98|\x12\xdf\x17\xaeN\x1e'
11E8E149-D6C5-F760-987C-12DF17AE4E1E,2023-ncaa-d2-conf-CCAA,ncaa,9,9,7,9,8,7,10,7,10,10,12,5,1,1,9,1,12,12,3,12,10,9,10,7,8,6,1,1,12,8,8,9,4,10,7,6,1,3,7,5,9,7,4,3,,,3,8,,,9,10,6,5,6,9,5,10,12,1,1,12,12,12,6,8,8,9,9,3,6,8,2,,8,,,9,4,3,2,9,3,5,4,9,4,12,4,6,10,4,10,10,2,1,10,9,9,9,9,8,1,4,2,8,1,7,7,8,11,9,10,2,2,1,3,,,12,12,,,9,2,6,9,9,9,7,3,5,7,10,4,7,10,10,6,3,1,5,4,8,9,3,1,,12,,,b'\x11\xe8\xe1I\xd6\xc5\xf7`\x98|\x12\xdf\x17\xaeN\x1e'
11E8E149-D6C5-F760-987C-12DF17AE4E1E,2023-ncaa-d2-natl,ncaa,207,206,197,211,224,186,201,181,217,265,288,110,48,21,179,4,254,269,106,267,143,198,212,136,158,157,10,8,252,194,160,206,136,213,159,119,35,92,146,99,170,141,114,78,,,143,215,,,185,214,132,206,166,183,102,272,293,17,5,248,266,262,153,158,170,190,190,70,143,148,88,,200,,,186,110,95,86,173,82,101,120,167,102,275,126,154,201,18,205,233,99,79,190,173,200,219,211,171,68,136,82,160,70,159,174,237,220,200,232,45,83,7,40,,,278,285,,,185,88,159,182,184,185,165,138,135,149,216,133,187,240,244,178,139,113,139,123,219,205,87,9,,285,,,b'\x11\xe8\xe1I\xd6\xc5\xf7`\x98|\x12\xdf\x17\xaeN\x1e'
11E8E149-D6C5-F760-987C-12DF17AE4E1E,2024-ncaa-d2-conf-CCAA,ncaa,8,7,7,8,10,11,8,12,6,8,12,6,5,3,7,1,12,12,6,12,12,12,12,5,7,7,7,1,12,11,11,8,5,11,10,9,9,10,11,9,8,7,11,10,,,1,3,,,8,11,10,6,11,8,11,8,11,5,2,12,12,12,12,11,11,6,11,9,10,7,10,,2,,,8,1,1,5,1,1,1,2,7,10,3,12,1,1,5,1,6,4,2,1,1,3,11,11,7,5,5,1,11,2,10,3,8,10,10,6,4,8,2,4,,,12,12,,,8,2,10,3,8,3,1,7,2,2,8,12,5,5,5,6,5,6,3,6,3,9,6,4,,12,,,b'\x11\xe8\xe1I\xd6\xc5\xf7`\x98|\x12\xdf\x17\xaeN\x1e'
11E8E149-D6C5-F760-987C-12DF17AE4E1E,2024-ncaa-d2-natl,ncaa,157,151,207,155,213,231,208,227,180,233,252,152,123,110,164,50,278,281,154,281,271,245,238,152,169,203,108,51,281,243,228,182,176,226,194,203,181,155,227,206,148,115,211,190,,,64,85,,,174,227,154,59,214,183,176,229,236,88,64,279,281,282,230,195,238,126,196,194,199,114,201,,106,,,171,52,43,93,41,24,50,41,209,225,148,258,92,98,87,103,185,87,82,65,63,86,274,271,139,155,176,74,228,88,194,103,219,189,159,154,87,147,50,114,,,278,283,,,174,74,220,95,169,103,84,190,32,74,244,258,117,135,139,183,167,193,127,160,156,146,133,69,,283,,,b'\x11\xe8\xe1I\xd6\xc5\xf7`\x98|\x12\xdf\x17\xaeN\x1e'
11E8E149-D6C5-F760-987C-12DF17AE4E1E,2025-ncaa-d2-conf-CCAA,genius_ncaa,7,7,7,7,10,11,11,12,9,12,12,8,4,3,8,2,10,10,5,11,6,12,12,7,7,9,2,2,9,11,10,8,6,10,7,9,5,10,10,8,11,10,11,8,,,1,2,,10,8,12,10,8,11,11,12,12,12,3,3,10,10,11,12,12,11,6,9,9,10,10,9,,2,,11,8,2,6,4,7,3,1,7,11,10,4,11,1,1,11,1,3,3,1,7,7,7,9,11,3,2,6,1,10,1,7,6,5,11,10,9,5,9,2,3,,,11,9,,2,8,2,9,7,8,6,7,7,5,3,11,11,2,2,2,5,1,4,4,4,7,10,8,2,,11,,2,b'\x11\xe8\xe1I\xd6\xc5\xf7`\x98|\x12\xdf\x17\xaeN\x1e'
11E8E149-D6C5-F760-987C-12DF17AE4E1E,2025-ncaa-d2-natl,genius_ncaa,195,236,109,210,123,197,212,177,235,267,268,206,66,40,161,16,238,233,224,237,126,187,144,194,207,240,26,22,223,170,178,143,161,156,160,180,112,264,275,240,211,224,178,180,,,86,48,,278,255,141,184,75,258,268,241,296,290,71,40,261,250,253,261,195,188,161,194,203,250,224,185,,60,,277,243,201,223,207,183,180,153,211,242,251,146,248,69,72,166,74,68,194,171,195,169,198,148,234,40,165,161,136,178,143,160,205,156,183,206,219,252,269,90,179,,,183,207,,27,255,176,242,188,237,169,204,220,178,125,235,252,64,61,63,176,147,155,111,125,200,203,241,81,,226,,20,b'\x11\xe8\xe1I\xd6\xc5\xf7`\x98|\x12\xdf\x17\xaeN\x1e'
11E8E149-D6C5-F760-987C-12DF17AE4E1E,2026-ncaa-d2-conf-CCAA,genius_ncaa,1,1,1,1,1,1,1,1,3,2,4,2,1,1,3,1,12,12,6,12,12,2,2,2,3,1,8,1,12,5,5,6,3,5,5,1,3,1,1,1,1,1,3,4,,,4,3,,1,1,1,1,1,1,1,1,2,4,1,1,12,12,12,2,2,5,6,5,1,1,1,3,,4,,1,1,3,5,3,8,6,5,4,5,2,11,3,1,1,2,1,4,2,7,8,7,3,6,7,3,1,3,7,5,5,5,6,6,1,1,3,2,1,4,4,,,9,12,,3,1,11,1,3,1,3,5,3,6,5,5,2,1,1,1,2,7,1,7,5,6,1,2,4,,9,,3,b'\x11\xe8\xe1I\xd6\xc5\xf7`\x98|\x12\xdf\x17\xaeN\x1e'
11E8E149-D6C5-F760-987C-12DF17AE4E1E,2026-ncaa-d2-natl,genius_ncaa,157,98,221,135,233,190,155,180,95,199,204,141,66,113,40,60,272,260,250,259,266,200,224,69,116,89,95,21,292,143,58,268,130,241,113,107,61,53,79,39,94,37,177,116,,,55,95,,31,84,230,45,88,39,18,18,98,94,7,17,268,244,244,29,42,53,252,149,17,127,33,134,,124,,38,68,63,44,44,136,33,38,77,150,90,258,183,132,101,268,102,245,47,61,175,202,116,274,231,236,46,130,58,58,44,113,60,161,119,26,55,93,160,62,83,,,254,273,,232,84,69,73,90,69,151,91,84,55,75,222,162,241,203,208,111,207,78,129,96,122,27,190,101,,235,,215,b'\x11\xe8\xe1I\xd6\xc5\xf7`\x98|\x12\xdf\x17\xaeN\x1e'
11E8E149-D6CA-41E4-987C-12DF17AE4E1E,2018-ncaa-d2-conf-GLVC,ncaa,9,8,9,9,9,15,15,10,15,13,10,15,12,9,10,8,11,10,11,10,10,12,13,15,15,15,9,9,4,11,13,6,10,8,11,10,6,3,7,8,13,13,3,6,,,4,6,,,10,11,8,1,14,14,7,13,9,11,8,11,10,10,9,10,10,1,5,9,5,13,2,,6,,,10,2,5,12,3,10,14,3,1,3,2,2,4,4,2,4,5,12,9,2,1,5,2,2,5,14,10,14,13,14,11,6,10,13,14,11,10,13,8,10,,,11,11,,,10,6,15,7,10,8,10,14,11,15,2,5,7,11,10,14,15,15,14,15,8,13,14,10,,10,,,b'\x11\xe8\xe1I\xd6\xcaA\xe4\x98|\x12\xdf\x17\xaeN\x1e'
11E8E149-D6CA-41E4-987C-12DF17AE4E1E,2018-ncaa-d2-natl,ncaa,179,132,276,165,286,269,273,252,250,259,239,245,227,210,219,152,231,250,116,249,194,255,274,243,235,209,135,159,112,260,248,257,243,266,261,239,137,27,99,144,237,207,58,50,,,47,101,,,212,275,138,226,225,229,144,218,145,183,151,162,181,173,148,183,214,152,193,184,86,201,30,,147,,,225,44,66,72,150,122,141,128,26,26,114,32,67,76,94,82,90,65,55,109,99,135,32,44,136,165,243,105,248,122,261,90,147,252,210,206,119,236,105,181,,,264,184,,,212,46,224,169,215,171,202,240,249,278,61,65,153,174,184,236,203,258,253,271,184,190,214,181,,204,,,b'\x11\xe8\xe1I\xd6\xcaA\xe4\x98|\x12\xdf\x17\xaeN\x1e'
11E8E149-D6CA-41E4-987C-12DF17AE4E1E,2019-ncaa-d2-conf-GLVC,ncaa,11,11,9,11,12,11,12,10,12,13,13,13,6,6,4,4,8,9,4,9,5,10,12,12,12,9,2,3,2,14,14,14,14,14,14,11,5,2,5,8,7,7,11,11,,,6,6,,,12,10,7,12,11,12,10,13,12,4,4,4,7,7,9,12,14,14,14,10,5,7,11,,7,,,12,10,13,6,14,14,11,14,2,2,8,2,8,10,6,10,7,5,5,14,14,12,2,2,6,13,14,10,14,12,14,8,7,9,7,9,10,9,9,13,,,12,12,,,12,5,12,13,13,13,14,8,14,13,4,2,9,10,11,10,11,13,13,13,9,7,10,11,,12,,,b'\x11\xe8\xe1I\xd6\xcaA\xe4\x98|\x12\xdf\x17\xaeN\x1e'
11E8E149-D6CA-41E4-987C-12DF17AE4E1E,2019-ncaa-d2-natl,ncaa,258,222,287,257,297,256,273,283,211,279,284,215,156,176,123,98,162,212,26,214,64,279,287,181,146,148,42,91,38,280,268,302,293,302,298,225,98,49,169,157,166,110,246,243,,,48,140,,,251,282,120,257,165,226,200,256,239,101,100,59,113,116,188,189,259,300,301,167,159,94,221,,165,,,251,116,163,37,307,234,104,302,27,18,233,29,84,77,179,76,122,31,39,295,295,280,17,24,110,123,293,51,268,72,298,146,130,211,120,194,154,265,191,289,,,279,177,,,251,30,188,287,256,278,287,167,301,265,85,43,200,188,185,174,203,233,216,235,256,106,255,260,,187,,,b'\x11\xe8\xe1I\xd6\xcaA\xe4\x98|\x12\xdf\x17\xaeN\x1e'
11E8E149-D6CA-41E4-987C-12DF17AE4E1E,2020-ncaa-d2-conf-GLVC,ncaa,13,13,10,13,14,13,15,10,16,12,10,14,14,12,16,13,3,3,4,3,3,8,8,16,15,15,8,14,1,11,14,11,5,11,11,15,12,9,10,14,11,11,10,10,,,14,15,,,13,8,2,10,12,15,9,12,7,14,12,1,2,2,5,2,10,7,7,15,11,11,10,,16,,,13,11,6,5,7,8,9,5,2,1,10,1,16,16,14,16,15,9,7,7,11,11,12,2,16,5,5,9,14,9,11,10,12,9,10,10,14,15,16,16,,,10,8,,,13,9,15,10,13,14,10,8,12,13,4,3,16,16,16,15,14,8,14,12,13,7,16,16,,5,,,b'\x11\xe8\xe1I\xd6\xcaA\xe4\x98|\x12\xdf\x17\xaeN\x1e'
11E8E149-D6CA-41E4-987C-12DF17AE4E1E,2020-ncaa-d2-natl,ncaa,223,241,173,231,179,149,192,196,180,150,140,162,241,224,254,243,9,21,73,18,16,154,137,210,156,159,150,269,7,183,192,173,149,189,179,223,245,192,178,226,176,194,160,183,,,262,261,,,223,121,85,22,130,191,193,135,122,247,233,5,12,12,113,95,177,155,170,230,204,174,158,,281,,,220,254,217,174,219,244,218,208,109,87,168,54,290,274,280,275,242,206,184,191,231,245,134,54,279,147,149,161,192,155,179,267,265,175,194,246,262,259,304,301,,,50,34,,,223,192,180,237,215,267,231,206,249,245,120,101,301,279,280,251,234,160,176,175,269,166,260,306,,26,,,b'\x11\xe8\xe1I\xd6\xcaA\xe4\x98|\x12\xdf\x17\xaeN\x1e'
11E8E149-D6CA-41E4-987C-12DF17AE4E1E,2021-ncaa-d2-conf-GLVC,ncaa,10,7,6,10,6,11,12,6,13,8,4,15,13,12,11,14,1,1,3,1,8,5,5,14,12,12,8,14,1,4,4,7,5,5,5,11,9,10,7,12,8,9,9,8,,,13,13,,,11,7,11,2,11,13,6,10,4,14,14,1,2,2,5,5,3,8,3,12,9,9,9,,12,,,11,9,5,6,7,7,6,10,2,4,2,4,15,14,11,14,14,8,7,8,11,10,11,3,14,6,5,9,4,7,5,8,10,8,11,9,12,12,13,12,,,5,5,,,11,9,12,9,11,8,7,3,8,8,2,2,14,14,14,7,7,4,9,7,9,10,11,14,,4,,,b'\x11\xe8\xe1I\xd6\xcaA\xe4\x98|\x12\xdf\x17\xaeN\x1e'
11E8E149-D6CA-41E4-987C-12DF17AE4E1E,2021-ncaa-d2-natl,ncaa,72,170,30,116,30,50,63,45,141,49,25,163,100,102,117,190,7,13,36,13,62,37,34,155,124,122,124,183,11,25,59,54,67,46,70,64,127,191,98,131,64,114,71,120,,,214,196,,,161,43,155,10,119,140,128,109,62,180,193,12,32,30,104,106,68,161,115,146,118,130,127,,179,,,143,196,180,168,175,187,174,189,130,139,78,52,226,224,167,224,210,183,176,162,182,189,96,35,211,131,67,172,59,159,70,196,163,59,138,164,209,159,215,167,,,23,45,,,161,184,116,167,144,150,117,36,146,94,45,43,219,212,213,92,75,48,78,48,147,156,153,194,,55,,,b'\x11\xe8\xe1I\xd6\xcaA\xe4\x98|\x12\xdf\x17\xaeN\x1e'
11E8E149-D6CA-41E4-987C-12DF17AE4E1E,2022-ncaa-d2-conf-GLVC,ncaa,4,5,3,5,4,5,5,3,11,3,2,10,13,14,11,14,2,2,3,2,4,3,2,11,11,10,12,14,1,4,5,4,8,3,6,11,14,9,6,11,4,4,7,8,,,9,6,,,5,3,6,3,5,10,5,3,3,14,14,2,3,3,4,4,4,9,4,13,6,4,10,,7,,,5,10,11,12,10,13,12,10,6,9,2,5,8,9,3,9,7,11,12,7,5,5,3,4,8,9,8,11,5,10,6,12,10,2,4,5,11,10,14,12,,,2,3,,,5,12,7,4,5,6,7,3,9,7,3,3,7,7,7,4,7,7,7,7,7,3,11,14,,3,,,b'\x11\xe8\xe1I\xd6\xcaA\xe4\x98|\x12\xdf\x17\xaeN\x1e'
11E8E149-D6CA-41E4-987C-12DF17AE4E1E,2022-ncaa-d2-natl,ncaa,98,81,146,94,176,135,159,181,139,113,89,183,251,263,116,280,21,54,15,56,88,154,175,178,115,98,186,275,5,146,116,199,109,187,110,251,291,77,83,215,101,85,213,212,,,114,154,,,95,188,182,213,112,170,185,95,64,268,280,4,31,38,138,193,144,231,206,271,73,106,213,,123,,,95,112,131,96,196,147,111,201,94,104,124,140,108,103,185,104,138,90,104,186,187,161,105,119,138,70,109,85,116,71,110,119,135,129,98,118,113,127,237,207,,,71,14,,,95,120,93,136,90,110,127,61,147,99,106,100,120,116,116,62,78,79,83,65,120,133,110,246,,35,,,b'\x11\xe8\xe1I\xd6\xcaA\xe4\x98|\x12\xdf\x17\xaeN\x1e'
11E8E149-D6CA-41E4-987C-12DF17AE4E1E,2023-ncaa-d2-conf-GLVC,ncaa,12,12,9,12,11,7,8,5,10,12,11,8,2,2,7,2,11,13,2,12,9,7,7,7,7,7,3,2,12,11,8,13,11,13,13,10,10,5,6,10,2,2,13,13,,,11,13,,,12,7,1,8,3,4,2,12,11,2,1,9,12,11,2,2,9,13,13,10,9,2,13,,13,,,12,13,10,3,13,12,5,13,3,1,13,1,13,12,11,12,12,4,6,13,13,13,6,2,12,2,11,7,8,6,13,13,12,2,2,6,1,1,9,13,,,13,13,,,12,7,9,13,12,13,13,4,13,11,3,1,13,13,13,7,12,3,10,8,13,2,2,10,,13,,,b'\x11\xe8\xe1I\xd6\xcaA\xe4\x98|\x12\xdf\x17\xaeN\x1e'
11E8E149-D6CA-41E4-987C-12DF17AE4E1E,2023-ncaa-d2-natl,ncaa,275,293,110,283,135,77,81,72,120,147,208,46,23,13,133,11,166,214,27,210,170,90,114,73,82,61,46,23,238,236,256,288,252,283,293,197,289,65,49,160,84,87,292,296,,,277,284,,,270,80,41,208,50,58,41,172,243,16,9,184,234,231,67,116,250,298,298,230,68,82,295,,280,,,264,295,290,163,298,291,237,298,175,55,297,27,294,285,277,283,246,203,198,298,298,298,71,50,220,109,252,208,256,171,293,293,204,137,161,267,25,21,92,115,,,269,296,,,270,211,100,298,261,297,293,144,293,248,170,38,292,283,282,228,209,100,204,160,286,145,32,69,,292,,,b'\x11\xe8\xe1I\xd6\xcaA\xe4\x98|\x12\xdf\x17\xaeN\x1e'
11E8E149-D6CA-41E4-987C-12DF17AE4E1E,2024-ncaa-d2-conf-GLVC,ncaa,5,5,5,5,7,2,4,1,11,5,3,10,3,2,10,5,2,2,8,1,6,1,1,9,9,9,5,5,4,1,2,14,9,5,9,5,6,12,7,7,1,1,14,14,,,14,14,,,7,1,1,11,2,2,1,4,4,3,2,1,1,1,1,1,1,14,6,3,13,1,14,,14,,,7,14,10,2,14,11,4,14,4,1,10,1,14,14,5,14,14,7,12,14,14,10,10,1,14,4,9,10,2,10,9,9,7,1,1,1,3,1,2,1,,,7,14,,,7,13,6,10,7,14,10,2,12,3,3,1,14,14,14,6,14,4,11,9,9,1,3,2,,7,,,b'\x11\xe8\xe1I\xd6\xcaA\xe4\x98|\x12\xdf\x17\xaeN\x1e'
11E8E149-D6CA-41E4-987C-12DF17AE4E1E,2024-ncaa-d2-natl,ncaa,123,151,78,139,110,29,33,14,149,43,35,117,48,21,192,88,22,27,80,28,91,12,15,145,133,97,104,128,103,12,41,209,138,91,161,65,187,199,54,105,14,21,269,277,,,297,297,,,152,22,5,227,8,15,5,35,39,45,18,24,30,30,5,5,15,274,112,69,160,17,280,,298,,,152,295,274,151,296,283,166,296,177,131,248,77,299,298,213,298,297,233,264,295,298,280,180,45,291,86,138,273,41,225,161,265,151,16,32,77,20,2,27,5,,,96,263,,,152,278,67,247,154,291,271,74,273,112,157,93,299,298,298,200,268,51,265,199,242,21,15,15,,125,,,b'\x11\xe8\xe1I\xd6\xcaA\xe4\x98|\x12\xdf\x17\xaeN\x1e'
11E8E149-D6CA-41E4-987C-12DF17AE4E1E,2025-ncaa-d2-conf-GLVC,genius_ncaa,14,14,9,14,9,13,11,12,9,12,11,6,9,11,11,7,12,13,5,14,13,13,10,9,9,13,8,7,11,10,11,14,13,13,13,12,12,15,15,14,2,1,15,15,,,6,6,,3,14,8,4,4,13,11,10,9,9,8,10,11,13,13,12,7,10,15,13,11,15,1,15,,9,,3,14,8,10,7,14,10,6,13,8,5,14,8,5,6,5,5,6,3,10,14,13,9,5,7,5,9,13,5,11,5,13,11,10,2,1,5,13,14,7,10,,,12,13,,6,14,9,14,9,13,11,13,7,13,8,9,6,5,6,6,3,13,9,7,7,11,1,14,7,,12,,6,b'\x11\xe8\xe1I\xd6\xcaA\xe4\x98|\x12\xdf\x17\xaeN\x1e'
11E8E149-D6CA-41E4-987C-12DF17AE4E1E,2025-ncaa-d2-natl,genius_ncaa,273,271,230,281,241,225,201,234,143,182,208,142,196,204,173,152,257,271,85,272,269,253,235,153,167,204,215,161,230,260,233,273,208,285,250,252,271,197,260,268,60,34,292,296,,,86,120,,85,257,213,65,106,194,149,149,124,132,171,164,241,256,259,195,112,239,282,282,240,255,33,296,,161,,128,257,162,182,63,291,145,59,281,224,128,293,210,66,69,172,67,124,54,80,293,292,252,155,231,50,71,208,74,233,65,250,205,199,100,50,147,143,204,184,237,,,266,252,,92,257,95,224,235,247,262,273,169,235,130,267,204,119,116,114,145,219,130,171,147,253,49,205,246,,245,,65,b'\x11\xe8\xe1I\xd6\xcaA\xe4\x98|\x12\xdf\x17\xaeN\x1e'
11E8E149-D6CA-41E4-987C-12DF17AE4E1E,2026-ncaa-d2-conf-GLVC,genius_ncaa,8,12,1,12,1,3,2,1,13,3,1,14,3,2,5,7,8,6,9,4,13,1,1,10,12,13,4,4,12,2,6,8,15,4,12,6,11,14,14,12,1,2,9,12,,,12,4,,15,10,1,3,1,10,9,4,11,4,5,7,12,12,11,5,2,4,15,10,11,14,2,10,,5,,15,10,13,15,14,12,15,15,10,9,6,6,3,10,5,15,5,1,13,15,10,12,3,1,4,5,15,15,14,6,14,12,11,5,1,1,2,12,11,14,12,,,3,13,,1,10,15,12,6,10,9,12,11,15,14,4,2,6,1,1,7,14,14,13,13,9,1,11,13,,11,,1,b'\x11\xe8\xe1I\xd6\xcaA\xe4\x98|\x12\xdf\x17\xaeN\x1e'
11E8E149-D6CA-41E4-987C-12DF17AE4E1E,2026-ncaa-d2-natl,genius_ncaa,201,239,59,229,84,97,113,100,170,215,148,261,7,50,3,54,183,215,52,211,241,114,91,91,99,153,8,2,255,171,225,211,202,202,250,115,145,254,239,196,30,39,283,293,,,196,121,,256,207,78,76,88,134,162,141,272,220,5,59,242,273,268,186,128,224,289,285,146,233,37,292,,138,,242,204,237,237,165,282,234,181,267,201,140,270,115,225,175,290,178,152,168,202,281,288,237,128,136,161,145,202,201,225,181,250,238,183,25,22,111,227,202,220,249,,,153,233,,13,207,217,176,209,206,223,218,71,212,118,176,89,197,128,135,67,166,94,158,131,222,34,201,217,,223,,20,b'\x11\xe8\xe1I\xd6\xcaA\xe4\x98|\x12\xdf\x17\xaeN\x1e'
11E8E149-D6CE-856A-987C-12DF17AE4E1E,2018-ncaa-d2-conf-PSAC,ncaa,1,1,2,1,2,2,2,4,2,3,4,2,2,5,2,9,9,13,3,13,16,5,6,2,2,2,12,7,17,9,9,3,2,5,2,1,4,4,3,1,2,2,2,1,,,11,9,,,2,5,13,1,3,3,6,4,7,3,8,13,16,16,10,12,14,7,8,1,2,2,2,,6,,,2,2,1,9,2,1,10,2,4,10,1,10,14,15,7,15,15,12,11,2,2,2,13,6,15,4,2,8,9,6,2,1,3,3,3,2,1,3,2,2,,,16,17,,,2,13,2,2,1,1,1,2,1,1,3,5,11,9,10,2,5,1,3,1,1,4,1,2,,17,,,b'\x11\xe8\xe1I\xd6\xce\x85j\x98|\x12\xdf\x17\xaeN\x1e'
11E8E149-D6CE-856A-987C-12DF17AE4E1E,2018-ncaa-d2-natl,ncaa,10,8,12,11,14,16,12,28,18,16,33,31,50,84,24,170,96,122,68,127,246,31,37,18,21,19,220,154,264,124,154,33,86,48,83,13,59,151,55,22,12,17,10,12,,,248,140,,,8,26,192,50,44,30,112,37,114,97,162,196,227,230,145,202,216,105,166,20,44,19,16,,122,,,10,150,97,247,4,110,248,13,98,196,12,117,272,264,201,265,205,259,276,4,16,10,207,81,279,215,86,208,154,219,83,40,51,25,52,12,119,53,39,10,,,143,265,,,8,283,23,6,7,11,8,54,20,93,26,95,197,179,182,60,115,107,43,54,10,76,49,15,,270,,,b'\x11\xe8\xe1I\xd6\xce\x85j\x98|\x12\xdf\x17\xaeN\x1e'
11E8E149-D6CE-856A-987C-12DF17AE4E1E,2019-ncaa-d2-conf-PSAC,ncaa,1,1,1,1,1,1,1,1,1,1,1,1,4,4,1,14,10,9,11,9,18,1,1,1,1,1,15,9,18,2,4,1,4,1,3,1,5,10,3,1,2,3,1,1,,,16,11,,,1,1,15,7,2,1,6,1,4,5,13,15,17,17,9,14,11,7,6,1,1,3,2,,7,,,1,10,6,17,1,6,16,1,15,18,1,17,13,14,9,14,12,17,18,1,1,1,15,16,14,18,4,15,4,17,3,4,3,2,4,2,7,4,3,1,,,10,15,,,1,18,1,1,1,1,1,4,1,1,5,10,2,1,1,2,2,7,2,2,1,5,3,1,,17,,,b'\x11\xe8\xe1I\xd6\xce\x85j\x98|\x12\xdf\x17\xaeN\x1e'
11E8E149-D6CE-856A-987C-12DF17AE4E1E,2019-ncaa-d2-natl,ncaa,4,14,5,13,7,10,5,13,6,3,8,14,55,108,10,224,116,122,155,124,289,16,20,7,12,6,276,193,299,74,89,15,113,23,57,5,50,151,31,5,13,20,5,3,,,256,96,,,4,13,225,225,24,6,95,5,63,115,221,251,254,257,131,228,172,95,126,7,21,33,9,,76,,,4,162,140,286,5,139,264,18,163,272,12,199,231,215,200,221,133,289,299,6,11,9,192,156,224,273,113,226,89,255,57,51,29,16,44,11,122,32,24,2,,,116,279,,,4,299,10,8,5,10,12,60,16,65,45,130,70,63,71,46,81,135,21,52,5,61,27,3,,290,,,b'\x11\xe8\xe1I\xd6\xce\x85j\x98|\x12\xdf\x17\xaeN\x1e'
11E8E149-D6CE-856A-987C-12DF17AE4E1E,2020-ncaa-d2-conf-PSAC,ncaa,1,1,1,1,1,4,2,6,3,5,9,3,4,8,1,9,11,13,8,13,13,6,6,3,2,3,7,6,17,6,3,2,3,2,1,5,10,16,13,10,11,12,1,2,,,14,12,,,1,4,17,3,6,2,13,6,15,5,9,15,16,16,16,15,10,2,3,9,12,14,2,,9,,,1,1,1,15,1,1,10,1,4,13,1,11,10,13,4,13,10,14,14,1,1,1,11,8,16,9,3,2,3,4,1,2,3,13,14,3,14,15,2,2,,,12,15,,,1,14,2,1,1,1,1,8,1,6,2,10,7,8,9,6,3,8,2,2,1,17,12,2,,17,,,b'\x11\xe8\xe1I\xd6\xce\x85j\x98|\x12\xdf\x17\xaeN\x1e'
11E8E149-D6CE-856A-987C-12DF17AE4E1E,2020-ncaa-d2-natl,ncaa,8,6,17,8,22,56,41,119,18,45,103,35,89,172,9,184,152,191,57,189,243,138,117,21,24,43,189,142,259,110,37,24,40,44,9,116,249,225,193,155,156,162,10,7,,,236,241,,,21,121,296,61,106,72,246,82,191,123,221,214,254,252,258,262,163,45,87,169,145,206,11,,163,,,21,45,28,184,6,52,159,18,46,210,1,182,233,227,149,235,225,200,170,4,8,24,212,83,293,142,40,29,37,47,9,10,22,197,216,52,225,204,51,26,,,178,229,,,21,182,33,23,19,9,5,56,15,66,14,137,167,168,175,59,25,71,4,7,2,266,161,26,,273,,,b'\x11\xe8\xe1I\xd6\xce\x85j\x98|\x12\xdf\x17\xaeN\x1e'
11E8E149-D6CE-856A-987C-12DF17AE4E1E,2022-ncaa-d2-conf-PSAC,ncaa,6,7,5,7,6,4,4,9,1,4,11,1,3,9,1,5,15,16,16,16,15,10,10,1,2,2,13,4,18,10,3,8,3,6,2,5,10,6,6,4,10,10,7,4,,,10,12,,,4,10,18,6,3,2,11,3,13,4,8,17,17,17,15,16,12,6,7,3,4,12,8,,11,,,4,8,5,12,3,2,7,6,13,17,8,16,10,7,18,6,10,11,10,6,5,6,18,15,11,3,3,1,3,1,2,6,10,13,14,11,10,8,2,3,,,13,14,,,4,10,2,6,4,5,3,7,2,1,13,14,9,8,8,6,1,3,1,1,7,16,4,2,,16,,,b'\x11\xe8\xe1I\xd6\xce\x85j\x98|\x12\xdf\x17\xaeN\x1e'
11E8E149-D6CE-856A-987C-12DF17AE4E1E,2022-ncaa-d2-natl,ncaa,51,65,47,60,51,79,59,109,27,58,123,23,80,103,74,107,241,223,222,228,264,124,115,34,48,73,229,120,292,108,69,52,46,58,14,57,116,194,167,88,129,150,53,36,,,168,156,,,41,123,283,100,142,72,228,82,217,110,149,285,275,275,254,259,156,73,100,77,117,185,60,,85,,,43,101,84,198,15,57,136,19,196,251,51,254,140,107,278,104,113,181,172,22,27,52,260,238,188,107,46,80,69,88,14,117,177,156,173,131,193,173,51,37,,,170,238,,,41,184,61,43,33,11,12,55,10,43,130,204,89,61,57,38,27,65,11,13,58,221,112,23,,273,,,b'\x11\xe8\xe1I\xd6\xce\x85j\x98|\x12\xdf\x17\xaeN\x1e'
11E8E149-D6CE-856A-987C-12DF17AE4E1E,2023-ncaa-d2-conf-PSAC,ncaa,7,5,9,7,10,8,6,10,4,7,9,5,7,11,3,11,7,7,9,7,6,9,8,3,3,7,9,12,8,11,9,7,3,8,5,9,10,13,12,11,10,10,16,18,,,10,9,,,8,7,5,5,6,6,9,7,8,7,10,5,5,5,7,6,10,3,6,7,14,8,16,,12,,,8,12,12,9,13,13,7,14,8,8,13,10,8,9,11,9,10,9,9,14,14,14,8,10,7,2,3,4,9,3,5,7,4,12,12,9,13,11,18,18,,,6,3,,,8,11,7,13,9,13,13,11,12,12,10,12,9,9,9,12,10,3,7,5,7,12,13,18,,4,,,b'\x11\xe8\xe1I\xd6\xce\x85j\x98|\x12\xdf\x17\xaeN\x1e'
11E8E149-D6CE-856A-987C-12DF17AE4E1E,2023-ncaa-d2-natl,ncaa,84,67,148,77,166,99,106,174,40,103,147,60,127,175,41,182,81,97,73,98,89,164,143,44,36,76,143,164,104,136,93,101,92,110,56,136,180,211,215,180,124,116,232,257,,,116,100,,,81,145,91,146,51,69,170,68,135,115,175,46,74,75,130,90,124,55,70,118,222,110,233,,117,,,77,138,159,148,162,170,174,131,126,109,203,115,98,87,176,87,78,138,144,155,148,144,99,143,95,127,92,69,93,74,56,90,70,143,134,106,168,161,290,293,,,91,58,,,81,145,77,134,84,160,190,197,197,208,149,119,95,90,91,174,181,131,59,86,112,125,173,293,,53,,,b'\x11\xe8\xe1I\xd6\xce\x85j\x98|\x12\xdf\x17\xaeN\x1e'
11E8E149-D6CE-856A-987C-12DF17AE4E1E,2024-ncaa-d2-conf-PSAC,ncaa,5,4,8,4,9,7,7,9,3,8,7,5,9,13,3,12,12,11,11,11,17,9,9,3,4,6,14,11,18,7,5,7,9,8,6,4,5,7,7,4,4,2,12,13,,,4,4,,,4,10,8,9,4,3,6,4,5,10,13,12,12,12,8,7,8,4,6,3,8,2,12,,4,,,3,1,4,9,5,4,12,4,6,9,4,12,2,2,14,2,3,7,10,3,3,3,6,10,2,13,9,2,5,5,6,3,4,5,4,4,2,8,7,7,,,12,15,,,4,9,3,4,3,5,5,11,5,9,7,11,2,2,2,9,12,15,2,6,4,3,7,9,,13,,,b'\x11\xe8\xe1I\xd6\xce\x85j\x98|\x12\xdf\x17\xaeN\x1e'
11E8E149-D6CE-856A-987C-12DF17AE4E1E,2024-ncaa-d2-natl,ncaa,55,45,117,52,157,106,79,136,30,51,85,40,180,218,95,233,183,184,166,172,233,144,138,47,64,89,268,226,240,114,75,120,120,108,65,90,145,172,167,113,54,44,194,209,,,129,119,,,44,146,165,227,89,50,147,29,77,197,237,201,189,178,162,140,109,103,94,75,165,55,207,,109,,,38,56,77,129,61,114,164,67,51,89,37,106,89,69,246,63,49,101,139,47,52,33,69,84,133,155,120,72,75,87,65,32,33,81,60,26,102,110,179,150,,,172,194,,,44,144,79,32,39,31,50,103,93,163,47,71,78,64,56,67,118,143,49,68,26,80,107,181,,196,,,b'\x11\xe8\xe1I\xd6\xce\x85j\x98|\x12\xdf\x17\xaeN\x1e'
11E8E149-D6CE-856A-987C-12DF17AE4E1E,2025-ncaa-d2-conf-PSAC,genius_ncaa,5,4,2,4,2,5,2,3,2,1,1,4,12,14,8,14,8,8,12,8,13,3,4,6,7,5,16,13,12,3,4,1,4,2,2,8,13,8,5,8,5,4,6,7,,,7,4,,4,4,6,13,6,6,3,6,1,3,13,14,10,10,10,5,7,5,1,2,11,4,6,8,,4,,5,4,9,10,13,5,6,12,3,16,15,11,14,3,3,10,3,3,12,11,4,4,4,13,15,4,8,4,10,4,9,2,5,5,10,13,7,6,4,13,8,,,7,10,,17,4,12,5,5,5,4,6,9,4,6,13,11,1,2,2,7,6,4,5,4,4,14,4,12,,9,,17,b'\x11\xe8\xe1I\xd6\xce\x85j\x98|\x12\xdf\x17\xaeN\x1e'
11E8E149-D6CE-856A-987C-12DF17AE4E1E,2025-ncaa-d2-natl,genius_ncaa,40,47,43,47,48,51,33,60,23,15,19,36,240,258,176,282,97,89,162,91,236,66,74,61,66,64,298,286,192,57,66,48,62,45,37,81,219,141,83,94,67,80,86,115,,,179,124,,64,47,80,232,35,69,33,123,12,29,274,288,133,126,129,121,164,96,62,66,117,83,105,120,,94,,44,52,175,173,215,98,175,233,71,159,163,153,123,158,135,226,133,76,212,207,90,96,111,123,147,143,142,62,151,66,145,37,78,39,122,160,80,141,83,252,129,,,83,123,,275,47,218,50,101,57,76,85,104,94,150,107,97,91,76,74,78,73,81,62,63,33,190,85,223,,135,,292,b'\x11\xe8\xe1I\xd6\xce\x85j\x98|\x12\xdf\x17\xaeN\x1e'
11E8E149-D6CE-856A-987C-12DF17AE4E1E,2026-ncaa-d2-conf-PSAC,genius_ncaa,2,1,3,1,3,13,13,16,7,14,15,6,2,7,3,2,10,6,15,5,1,15,13,2,5,10,2,2,8,11,6,10,7,10,6,6,1,12,15,11,2,1,14,13,,,3,8,,8,4,14,11,1,12,13,16,14,15,1,5,9,5,4,15,11,10,9,9,5,14,1,14,,5,,9,4,2,2,2,3,1,1,5,11,14,10,16,2,3,1,3,7,1,5,5,4,2,16,16,3,7,7,2,6,3,6,2,10,3,1,2,10,14,9,16,,,9,6,,11,4,4,11,2,4,2,2,2,1,1,13,15,2,4,4,1,6,7,2,3,2,1,12,10,,7,,9,b'\x11\xe8\xe1I\xd6\xce\x85j\x98|\x12\xdf\x17\xaeN\x1e'
11E8E149-D6CE-856A-987C-12DF17AE4E1E,2026-ncaa-d2-natl,genius_ncaa,65,1,268,1,270,225,235,284,3,221,274,6,234,272,31,229,128,160,73,158,12,275,281,4,4,4,169,214,44,243,8,237,3,246,1,222,165,17,73,54,216,53,248,176,,,28,236,,85,7,282,210,80,9,25,214,21,139,132,225,7,9,9,123,176,97,10,14,74,76,82,199,,164,,181,2,4,6,15,10,6,14,10,34,48,65,245,8,5,110,5,46,13,12,14,9,12,238,257,86,3,3,4,8,3,1,4,3,265,88,5,9,44,27,65,,,220,11,,247,7,18,2,4,2,4,9,64,9,41,137,184,20,19,15,24,35,6,1,1,2,140,39,58,,16,,212,b'\x11\xe8\xe1I\xd6\xce\x85j\x98|\x12\xdf\x17\xaeN\x1e'
11E8E149-D6D2-E902-987C-12DF17AE4E1E,2018-ncaa-d2-conf-CACC,ncaa,2,2,1,2,1,1,2,1,5,3,2,9,2,3,2,6,2,2,4,2,3,1,2,4,4,3,3,3,4,2,2,2,1,2,2,2,4,3,2,2,3,3,8,9,,,3,3,,,3,2,12,5,3,5,6,6,8,3,5,2,2,2,4,8,4,5,4,3,2,3,11,,2,,,3,10,11,13,8,10,13,6,11,9,9,7,3,3,14,3,2,12,12,8,8,7,4,11,4,3,1,9,2,6,2,10,10,6,8,10,3,1,12,9,,,5,9,,,3,13,2,6,3,5,6,6,6,6,9,6,2,2,2,3,2,1,4,3,9,10,2,9,,8,,,b'\x11\xe8\xe1I\xd6\xd2\xe9\x02\x98|\x12\xdf\x17\xaeN\x1e'
11E8E149-D6D2-E902-987C-12DF17AE4E1E,2018-ncaa-d2-natl,ncaa,22,30,24,29,27,39,54,25,148,69,35,203,40,68,32,165,40,45,138,41,128,21,32,133,128,81,84,100,128,8,10,58,115,22,27,40,66,80,16,25,36,44,174,216,,,26,4,,,30,76,240,110,64,91,59,128,91,68,123,83,78,77,51,122,15,150,41,59,25,61,215,,2,,,33,192,251,261,119,256,267,119,194,208,129,159,18,17,182,16,2,237,235,112,75,71,37,175,8,210,115,213,10,220,27,282,266,73,109,191,50,11,256,165,,,84,208,,,30,234,26,77,30,48,126,145,139,169,126,122,4,3,2,61,79,123,81,87,222,144,19,206,,191,,,b'\x11\xe8\xe1I\xd6\xd2\xe9\x02\x98|\x12\xdf\x17\xaeN\x1e'
11E8E149-D6D2-E902-987C-12DF17AE4E1E,2019-ncaa-d2-conf-CACC,ncaa,1,1,1,1,2,1,1,1,1,1,1,2,5,8,3,14,1,2,3,2,9,1,3,1,1,1,10,12,6,2,2,3,7,1,3,3,10,2,1,2,2,2,6,6,,,1,1,,,1,3,12,9,1,1,4,1,1,9,11,2,4,4,3,11,5,3,5,4,2,2,6,,1,,,1,3,10,14,2,2,13,2,14,14,14,13,1,1,10,1,1,12,13,3,2,2,11,14,1,13,7,9,2,11,3,8,8,2,3,3,1,1,3,1,,,3,4,,,1,12,1,2,2,2,2,10,2,6,12,9,1,1,1,2,4,6,3,3,4,5,1,2,,5,,,b'\x11\xe8\xe1I\xd6\xd2\xe9\x02\x98|\x12\xdf\x17\xaeN\x1e'
11E8E149-D6D2-E902-987C-12DF17AE4E1E,2019-ncaa-d2-natl,ncaa,12,5,16,9,23,20,19,22,27,10,10,57,101,141,35,256,21,23,87,24,175,18,35,49,47,19,241,235,142,28,29,32,210,21,71,37,192,34,4,12,38,63,115,170,,,9,1,,,15,45,240,186,26,23,55,13,28,153,233,48,76,78,52,168,53,98,53,73,8,72,156,,1,,,13,179,257,299,41,180,279,25,296,294,206,256,7,8,122,8,1,279,278,57,21,23,131,299,2,295,210,219,29,273,71,251,180,43,104,118,37,11,113,19,,,41,131,,,15,269,8,36,12,33,98,231,65,178,245,236,1,1,1,113,130,240,55,137,135,118,11,45,,139,,,b'\x11\xe8\xe1I\xd6\xd2\xe9\x02\x98|\x12\xdf\x17\xaeN\x1e'
11E8E149-D6D2-E902-987C-12DF17AE4E1E,2020-ncaa-d2-conf-CACC,ncaa,3,3,1,3,1,1,1,1,2,1,1,7,5,8,4,12,5,6,2,6,12,1,1,5,5,2,12,9,10,7,9,7,6,3,9,3,10,2,1,2,1,1,5,4,,,4,3,,,3,1,9,10,4,2,6,3,4,8,13,6,9,9,6,9,8,14,14,5,2,2,6,,3,,,3,11,12,11,10,8,5,12,11,12,9,13,5,3,14,3,5,9,14,10,10,6,10,12,4,7,6,13,9,12,9,10,9,1,2,4,2,1,8,5,,,2,3,,,3,14,3,5,3,5,4,2,2,1,10,10,3,3,3,2,3,2,8,5,7,4,2,7,,8,,,b'\x11\xe8\xe1I\xd6\xd2\xe9\x02\x98|\x12\xdf\x17\xaeN\x1e'
11E8E149-D6D2-E902-987C-12DF17AE4E1E,2020-ncaa-d2-natl,ncaa,60,88,17,75,42,57,32,29,103,25,14,164,127,175,49,250,170,178,133,170,294,42,68,124,146,96,254,201,270,64,134,113,172,77,180,48,148,71,26,36,28,35,84,84,,,62,17,,,82,69,191,224,107,54,52,38,27,158,229,223,245,240,83,164,105,216,153,79,25,42,109,,17,,,82,202,225,229,163,160,150,165,281,278,216,277,72,65,233,64,65,193,236,182,161,109,220,280,49,213,172,284,134,263,180,262,256,44,60,123,83,40,228,106,,,94,172,,,82,236,88,120,89,95,123,105,90,49,238,227,30,23,22,52,108,145,199,190,207,73,39,185,,181,,,b'\x11\xe8\xe1I\xd6\xd2\xe9\x02\x98|\x12\xdf\x17\xaeN\x1e'
11E8E149-D6D2-E902-987C-12DF17AE4E1E,2022-ncaa-d2-conf-CACC,ncaa,3,3,1,3,1,1,1,1,1,1,1,1,8,10,2,11,4,4,4,3,9,1,1,1,1,2,10,10,10,6,7,2,9,2,8,1,5,5,3,1,1,3,5,8,,,7,2,,,2,1,12,10,3,3,10,2,6,10,11,7,11,10,11,12,10,7,9,4,3,4,7,,2,,,2,11,12,13,3,12,12,4,8,13,4,9,3,4,5,2,1,13,13,3,3,2,2,9,3,13,9,10,7,13,8,12,10,3,7,9,10,8,13,8,,,3,4,,,2,13,1,3,2,3,5,8,3,8,6,7,1,1,1,3,4,11,1,5,7,8,6,10,,7,,,b'\x11\xe8\xe1I\xd6\xd2\xe9\x02\x98|\x12\xdf\x17\xaeN\x1e'
11E8E149-D6D2-E902-987C-12DF17AE4E1E,2022-ncaa-d2-natl,ncaa,22,65,5,53,9,32,12,11,63,4,2,88,221,221,202,287,113,113,176,105,292,15,14,119,150,129,299,285,264,17,72,18,242,13,142,10,55,248,86,38,14,45,76,150,,,179,14,,,50,14,201,189,127,46,94,10,12,279,288,249,241,238,123,165,84,131,88,31,86,50,145,,19,,,58,251,275,295,40,274,292,45,238,280,73,155,67,92,47,89,11,289,297,47,17,19,58,183,16,301,242,280,72,300,142,296,271,14,79,142,275,167,296,182,,,32,198,,,50,288,106,41,57,30,90,193,97,190,111,136,5,11,12,117,162,258,97,181,204,83,148,267,,203,,,b'\x11\xe8\xe1I\xd6\xd2\xe9\x02\x98|\x12\xdf\x17\xaeN\x1e'
11E8E149-D6D2-E902-987C-12DF17AE4E1E,2023-ncaa-d2-conf-CACC,ncaa,1,1,3,1,4,2,1,3,1,1,1,1,11,12,10,13,3,3,2,3,10,3,4,3,3,1,13,13,7,3,1,5,2,4,1,1,2,2,1,1,1,1,9,5,,,2,2,,,1,5,10,6,1,1,2,1,1,12,13,1,2,2,2,4,2,10,4,1,1,1,9,,2,,,1,2,2,5,4,3,4,5,8,9,3,11,2,2,13,2,2,3,9,5,5,1,7,10,2,3,2,3,1,3,1,3,10,1,1,1,2,1,12,5,,,3,2,,,1,9,1,1,1,1,1,1,1,2,4,7,2,1,1,1,3,1,1,1,3,1,2,12,,2,,,b'\x11\xe8\xe1I\xd6\xd2\xe9\x02\x98|\x12\xdf\x17\xaeN\x1e'
11E8E149-D6D2-E902-987C-12DF17AE4E1E,2023-ncaa-d2-natl,ncaa,9,15,8,12,13,18,7,8,34,1,1,75,278,280,268,297,26,28,105,28,279,9,8,112,109,73,298,297,166,4,5,21,154,4,15,3,13,150,16,2,8,11,55,90,,,67,3,,,6,22,181,180,41,12,20,1,3,295,297,108,115,113,22,74,14,111,22,5,34,15,105,,4,,,6,147,193,275,22,158,266,7,244,253,158,189,11,12,151,12,1,257,279,36,11,5,130,260,9,271,154,214,5,249,15,263,259,11,15,52,93,7,288,107,,,36,222,,,6,277,30,5,5,7,29,118,18,128,143,130,3,3,3,30,138,170,33,73,143,28,15,264,,164,,,b'\x11\xe8\xe1I\xd6\xd2\xe9\x02\x98|\x12\xdf\x17\xaeN\x1e'
11E8E149-D6D2-E902-987C-12DF17AE4E1E,2024-ncaa-d2-conf-CACC,ncaa,1,1,1,1,1,1,1,1,1,1,1,1,10,11,4,12,2,2,2,2,12,1,1,1,1,1,12,12,10,2,3,2,4,2,3,1,2,3,1,1,1,1,2,2,,,1,1,,,1,1,11,10,2,1,4,1,1,11,12,6,8,7,5,9,7,10,7,1,1,1,5,,1,,,1,5,8,11,4,5,9,4,12,12,5,12,1,1,3,1,1,9,12,4,3,1,8,12,1,8,4,8,3,7,3,9,8,1,1,1,5,1,8,1,,,2,7,,,1,12,1,1,1,1,1,1,1,1,9,9,1,1,1,1,2,2,1,1,2,1,1,6,,9,,,b'\x11\xe8\xe1I\xd6\xd2\xe9\x02\x98|\x12\xdf\x17\xaeN\x1e'
11E8E149-D6D2-E902-987C-12DF17AE4E1E,2024-ncaa-d2-natl,ncaa,3,4,5,2,5,8,3,3,10,1,2,42,278,285,158,299,43,55,55,54,294,6,9,59,63,24,299,297,245,11,30,29,145,13,48,2,15,72,3,1,7,8,22,42,,,14,1,,,6,12,191,23,22,6,14,1,1,294,298,144,172,174,27,106,56,168,86,2,4,16,42,,1,,,6,204,258,287,57,242,280,51,251,275,92,222,10,10,123,8,1,273,287,58,25,10,55,238,2,262,145,242,30,258,48,291,275,8,21,71,155,33,281,68,,,64,257,,,6,288,9,7,5,13,63,134,56,113,135,161,1,1,1,24,129,136,34,53,189,33,41,237,,245,,,b'\x11\xe8\xe1I\xd6\xd2\xe9\x02\x98|\x12\xdf\x17\xaeN\x1e'
11E8E149-D6D2-E902-987C-12DF17AE4E1E,2025-ncaa-d2-conf-CACC,genius_ncaa,1,1,1,1,1,1,1,1,1,1,1,3,11,12,1,12,3,4,2,4,12,1,1,3,2,1,12,12,10,2,3,1,2,1,2,1,6,4,2,1,3,8,2,5,,,1,1,,8,1,1,12,9,5,1,6,1,1,12,12,7,11,11,8,12,7,1,2,2,1,11,5,,1,,6,1,8,11,12,1,10,11,2,11,12,4,12,1,1,1,1,1,12,12,1,1,1,4,11,1,12,2,9,3,10,2,9,7,7,11,10,7,4,8,4,,,4,12,,6,1,12,1,1,1,1,1,7,1,3,8,10,1,1,1,4,1,5,1,2,3,11,4,6,,12,,8,b'\x11\xe8\xe1I\xd6\xd2\xe9\x02\x98|\x12\xdf\x17\xaeN\x1e'
11E8E149-D6D2-E902-987C-12DF17AE4E1E,2025-ncaa-d2-natl,genius_ncaa,40,47,43,47,61,65,38,63,26,10,7,100,278,292,21,301,99,135,49,139,288,77,91,82,71,69,301,299,189,51,41,40,128,41,35,38,64,113,77,30,134,161,173,209,,,9,1,,71,32,101,251,163,91,35,131,8,6,293,301,144,191,197,144,199,84,49,49,37,60,175,198,,1,,52,34,108,193,258,53,176,246,55,203,234,109,216,7,7,35,7,1,218,202,60,24,47,50,235,1,235,128,105,41,154,35,259,256,142,183,227,170,144,200,60,,,159,233,,275,32,190,45,57,32,35,105,202,99,185,156,181,1,1,1,85,70,183,32,75,209,210,125,159,,256,,292,b'\x11\xe8\xe1I\xd6\xd2\xe9\x02\x98|\x12\xdf\x17\xaeN\x1e'
11E8E149-D6D2-E902-987C-12DF17AE4E1E,2026-ncaa-d2-conf-CACC,genius_ncaa,3,6,1,6,1,3,1,1,9,1,1,9,9,8,9,11,2,3,2,3,9,1,3,9,9,9,10,10,3,1,5,5,11,3,6,2,2,7,4,4,1,2,2,2,,,4,2,,10,6,4,7,2,8,7,4,4,2,10,11,4,6,6,3,6,5,9,7,4,4,2,3,,3,,9,6,8,8,9,6,8,9,6,10,11,8,10,5,5,6,5,5,9,9,7,7,4,9,10,4,9,11,10,5,10,6,10,10,2,5,5,7,3,11,11,,,3,5,,2,6,9,8,5,6,4,6,7,4,3,9,11,4,5,5,5,6,8,6,8,9,4,3,11,,5,,2,b'\x11\xe8\xe1I\xd6\xd2\xe9\x02\x98|\x12\xdf\x17\xaeN\x1e'
11E8E149-D6D2-E902-987C-12DF17AE4E1E,2026-ncaa-d2-natl,genius_ncaa,30,98,13,87,27,59,47,21,221,14,3,245,263,249,263,295,38,54,61,55,270,19,34,257,246,182,290,295,73,10,31,90,253,24,149,17,19,136,17,19,13,31,164,209,,,89,5,,105,92,55,223,88,171,137,47,35,5,292,293,94,130,134,51,122,17,245,98,49,29,36,220,,5,,55,102,204,230,250,140,230,214,205,195,256,57,213,68,123,11,118,58,225,257,139,77,52,64,162,26,279,253,252,31,271,149,277,287,21,50,163,227,144,298,256,,,47,141,,165,92,241,128,82,96,56,110,105,129,85,114,171,17,38,35,59,120,229,143,189,242,62,145,291,,140,,230,b'\x11\xe8\xe1I\xd6\xd2\xe9\x02\x98|\x12\xdf\x17\xaeN\x1e'
11E8E149-D6D7-5E6A-987C-12DF17AE4E1E,2018-ncaa-d2-conf-CIAA,ncaa,7,3,10,7,12,7,7,10,5,7,10,7,9,8,9,8,5,7,3,5,5,10,10,7,5,6,6,8,4,4,2,11,4,6,2,8,6,6,7,7,3,1,9,7,,,4,8,,,2,12,6,8,4,5,3,5,6,7,6,2,4,3,3,3,2,7,3,7,8,1,8,,7,,,2,1,1,1,7,1,1,5,1,1,12,2,3,3,2,3,7,1,1,8,7,2,5,8,4,1,4,1,2,1,2,2,4,4,1,1,3,5,1,2,,,10,7,,,2,2,4,2,2,4,5,2,5,3,6,2,5,6,6,3,6,3,2,3,3,1,6,1,,4,,,b'\x11\xe8\xe1I\xd6\xd7^j\x98|\x12\xdf\x17\xaeN\x1e'
11E8E149-D6D7-5E6A-987C-12DF17AE4E1E,2018-ncaa-d2-natl,ncaa,88,74,148,84,185,115,126,129,149,96,79,163,226,227,187,261,37,30,195,30,49,110,73,184,158,199,205,261,28,18,3,173,139,75,19,145,189,296,261,244,31,24,249,255,,,199,179,,,66,114,43,211,84,106,86,64,45,226,236,15,9,8,44,14,6,169,27,146,297,21,254,,224,,,62,71,97,95,171,131,122,153,77,70,147,81,93,178,8,176,194,94,194,148,113,23,88,89,148,128,139,56,3,73,19,80,89,15,7,10,190,130,26,17,,,67,112,,,66,207,138,19,62,97,119,86,145,147,82,72,113,197,197,100,243,147,57,78,88,7,209,35,,26,,,b'\x11\xe8\xe1I\xd6\xd7^j\x98|\x12\xdf\x17\xaeN\x1e'
11E8E149-D6D7-5E6A-987C-12DF17AE4E1E,2019-ncaa-d2-conf-CIAA,ncaa,4,4,9,4,9,5,5,7,4,4,5,5,6,9,2,9,2,2,6,4,5,7,7,5,2,4,7,9,4,2,3,8,3,6,3,4,4,9,7,3,2,2,8,7,,,4,3,,,4,8,4,2,2,3,3,3,2,5,8,1,1,1,1,1,2,6,3,2,10,2,7,,4,,,4,6,6,4,6,6,5,5,7,5,10,7,5,4,9,4,4,4,5,7,8,5,8,8,4,4,3,6,3,3,3,4,8,7,5,5,10,9,9,7,,,6,6,,,4,6,2,5,4,8,7,8,7,7,11,9,6,5,4,7,9,5,4,5,5,2,11,9,,2,,,b'\x11\xe8\xe1I\xd6\xd7^j\x98|\x12\xdf\x17\xaeN\x1e'
11E8E149-D6D7-5E6A-987C-12DF17AE4E1E,2019-ncaa-d2-natl,ncaa,121,123,118,126,135,132,145,100,207,112,56,235,211,227,172,270,58,34,258,36,87,78,56,226,223,237,199,247,45,13,6,118,154,42,34,104,82,290,249,206,44,43,186,197,,,208,153,,,106,91,55,89,125,143,69,110,34,217,241,42,18,19,43,14,8,86,14,96,286,34,192,,211,,,105,128,111,166,78,116,176,79,123,140,119,134,205,209,109,212,191,174,226,76,83,36,175,145,219,195,154,111,6,152,34,115,135,33,31,31,270,203,186,105,,,63,143,,,106,230,194,38,105,105,95,145,109,161,129,143,191,203,208,160,254,193,88,139,104,28,260,185,,36,,,b'\x11\xe8\xe1I\xd6\xd7^j\x98|\x12\xdf\x17\xaeN\x1e'
11E8E149-D6D7-5E6A-987C-12DF17AE4E1E,2020-ncaa-d2-conf-CIAA,ncaa,5,5,7,5,9,6,6,4,9,6,6,6,8,4,11,5,4,3,7,3,5,3,2,9,9,7,7,9,4,1,1,7,2,1,1,4,2,9,8,5,3,3,2,2,,,5,5,,,5,8,3,7,4,4,2,3,2,6,3,3,3,3,2,1,1,4,1,4,11,2,2,,6,,,5,4,4,6,5,4,5,6,4,4,2,4,7,5,6,5,6,5,5,5,5,5,4,7,7,4,2,2,1,2,1,4,6,4,3,4,9,9,4,3,,,4,9,,,5,6,6,4,5,4,5,8,6,6,4,4,6,6,6,6,9,6,4,4,5,3,10,5,,3,,,b'\x11\xe8\xe1I\xd6\xd7^j\x98|\x12\xdf\x17\xaeN\x1e'
11E8E149-D6D7-5E6A-987C-12DF17AE4E1E,2020-ncaa-d2-natl,ncaa,95,100,102,99,149,169,179,96,251,136,66,247,232,204,270,248,72,33,260,34,71,79,40,263,257,271,206,252,39,5,3,108,204,21,31,148,114,305,284,259,41,50,51,58,,,196,141,,,84,89,78,212,197,206,110,146,64,254,222,70,31,33,68,21,4,111,13,165,301,41,52,,172,,,83,49,42,141,27,94,192,28,30,67,22,56,153,210,18,211,181,152,226,25,20,9,103,60,237,246,204,100,3,155,31,37,55,24,21,8,290,244,77,38,,,71,179,,,84,217,223,14,88,31,29,101,70,168,25,51,140,194,198,111,230,235,66,131,25,21,273,68,,51,,,b'\x11\xe8\xe1I\xd6\xd7^j\x98|\x12\xdf\x17\xaeN\x1e'
11E8E149-D6D7-5E6A-987C-12DF17AE4E1E,2022-ncaa-d2-conf-CIAA,ncaa,3,2,9,3,9,3,3,8,1,7,9,2,4,6,1,6,6,7,7,7,4,8,8,1,1,1,5,5,8,7,1,11,4,8,4,6,7,4,4,5,6,5,12,12,,,2,5,,,2,8,3,3,2,2,3,2,5,3,5,2,2,2,3,3,3,10,8,4,6,5,12,,5,,,2,6,9,1,12,7,2,12,9,5,9,8,2,2,4,2,6,1,4,12,12,11,4,8,2,2,4,3,1,1,4,5,4,6,2,4,4,5,6,6,,,6,3,,,2,4,1,9,2,10,11,6,11,3,9,8,4,3,4,4,7,2,4,1,9,2,5,6,,1,,,b'\x11\xe8\xe1I\xd6\xd7^j\x98|\x12\xdf\x17\xaeN\x1e'
11E8E149-D6D7-5E6A-987C-12DF17AE4E1E,2022-ncaa-d2-natl,ncaa,129,65,267,103,270,201,199,255,64,181,203,143,213,268,14,263,175,142,254,140,86,246,243,72,91,134,181,196,123,135,31,284,178,250,95,209,191,132,214,201,160,98,299,301,,,37,121,,,144,255,76,59,58,64,118,58,56,143,249,71,33,32,82,45,46,271,166,128,244,86,301,,145,,,143,52,81,24,292,111,34,285,62,35,267,92,57,84,37,89,191,24,34,284,278,215,69,109,88,35,178,22,31,17,95,48,68,126,29,64,84,170,99,142,,,185,60,,,144,44,110,195,142,234,246,84,252,138,148,85,145,179,186,102,199,112,66,78,149,37,208,198,,31,,,b'\x11\xe8\xe1I\xd6\xd7^j\x98|\x12\xdf\x17\xaeN\x1e'
11E8E149-D6D7-5E6A-987C-12DF17AE4E1E,2023-ncaa-d2-conf-CIAA,ncaa,7,8,1,8,2,2,2,1,8,1,1,10,7,5,9,10,2,1,8,1,6,1,1,9,10,6,8,9,6,1,5,2,4,1,5,5,10,8,3,6,5,7,7,9,,,10,10,,,5,2,7,7,5,6,3,4,2,8,8,4,3,3,2,5,4,6,4,8,3,7,9,,8,,,5,12,12,11,6,12,12,6,7,6,9,4,10,10,2,10,9,12,12,7,7,7,5,4,7,9,4,12,5,12,5,3,1,2,7,3,8,4,12,11,,,1,3,,,5,11,5,7,5,6,7,4,8,8,4,4,7,8,8,6,4,4,10,6,2,7,4,12,,2,,,b'\x11\xe8\xe1I\xd6\xd7^j\x98|\x12\xdf\x17\xaeN\x1e'
11E8E149-D6D7-5E6A-987C-12DF17AE4E1E,2023-ncaa-d2-natl,ncaa,183,182,197,193,209,175,197,184,188,151,107,214,235,249,183,257,107,53,266,54,66,162,156,217,215,209,214,245,54,53,28,206,193,139,87,241,263,177,184,238,141,126,265,270,,,186,236,,,112,187,94,125,147,169,108,99,53,237,241,64,24,23,71,52,35,190,66,238,217,116,267,,242,,,110,57,55,59,122,83,124,86,52,32,184,43,175,235,15,233,231,76,106,102,105,64,117,67,244,139,193,59,28,70,87,13,9,91,61,13,139,136,63,52,,,89,51,,,112,105,178,73,119,103,90,76,139,184,67,40,207,261,262,128,200,180,84,123,16,56,175,83,,27,,,b'\x11\xe8\xe1I\xd6\xd7^j\x98|\x12\xdf\x17\xaeN\x1e'
11E8E149-D6D7-5E6A-987C-12DF17AE4E1E,2024-ncaa-d2-conf-CIAA,ncaa,4,4,1,4,1,5,8,10,5,8,12,5,8,7,7,5,1,1,4,1,1,5,5,5,4,8,2,8,2,10,4,3,1,3,1,8,7,13,12,12,13,13,6,9,,,11,11,,,7,4,12,1,7,11,13,12,13,9,8,2,2,2,12,11,11,5,7,11,12,13,7,,9,,,7,9,10,12,4,11,13,3,2,5,5,3,9,9,13,9,4,11,8,4,5,8,4,3,7,6,1,1,4,3,1,5,3,12,12,11,11,11,7,11,,,3,3,,,7,8,9,9,8,6,7,11,9,13,2,3,7,7,7,10,2,3,1,1,4,13,9,7,,4,,,b'\x11\xe8\xe1I\xd6\xd7^j\x98|\x12\xdf\x17\xaeN\x1e'
11E8E149-D6D7-5E6A-987C-12DF17AE4E1E,2024-ncaa-d2-natl,ncaa,136,115,207,129,207,216,248,264,151,236,249,173,217,238,131,209,83,65,194,61,9,252,205,155,138,219,83,197,12,188,77,180,132,185,60,244,207,279,296,284,230,230,152,182,,,146,212,,,145,209,144,8,200,249,287,233,234,209,233,37,26,22,243,107,146,121,136,240,293,224,140,,195,,,144,39,33,73,39,86,187,23,18,17,80,9,175,181,112,175,141,82,78,22,38,51,70,19,265,108,132,16,77,28,60,18,28,191,160,51,212,244,123,187,,,136,75,,,145,79,225,49,150,67,60,163,134,269,14,15,209,209,207,173,158,150,16,40,27,152,233,151,,70,,,b'\x11\xe8\xe1I\xd6\xd7^j\x98|\x12\xdf\x17\xaeN\x1e'
11E8E149-D6D7-5E6A-987C-12DF17AE4E1E,2025-ncaa-d2-conf-CIAA,genius_ncaa,8,12,3,10,3,6,7,8,9,7,8,8,6,5,11,7,3,2,12,2,1,7,4,8,8,8,3,8,2,10,11,7,11,8,11,7,4,10,8,8,5,6,6,8,,,12,9,,12,11,4,9,9,10,12,12,10,11,8,8,4,2,2,11,11,12,11,12,8,8,5,5,,10,,12,11,11,11,9,11,12,10,11,7,7,4,4,11,11,5,11,7,9,10,9,9,10,2,2,6,11,11,9,11,10,11,11,8,6,8,9,6,6,6,8,,,3,1,,5,11,10,8,12,11,9,11,8,11,9,5,5,9,10,10,10,7,10,8,10,9,9,3,5,,2,,5,b'\x11\xe8\xe1I\xd6\xd7^j\x98|\x12\xdf\x17\xaeN\x1e'
11E8E149-D6D7-5E6A-987C-12DF17AE4E1E,2025-ncaa-d2-natl,genius_ncaa,216,200,230,217,235,253,275,276,245,247,234,228,273,258,285,240,77,17,295,17,1,238,213,260,251,263,135,258,4,214,196,279,270,275,261,272,213,220,261,283,53,32,252,258,,,207,255,,255,231,204,61,59,238,281,277,228,185,266,241,24,1,1,150,82,178,288,268,272,265,24,245,,269,,274,230,77,96,43,238,186,133,235,19,19,44,20,190,229,13,232,239,65,107,189,176,107,18,9,225,165,270,79,196,98,261,66,76,75,37,45,177,224,48,75,,,55,3,,158,231,98,270,130,228,178,193,123,264,246,25,23,235,271,272,175,256,233,180,202,131,31,234,64,,3,,136,b'\x11\xe8\xe1I\xd6\xd7^j\x98|\x12\xdf\x17\xaeN\x1e'
11E8E149-D6D7-5E6A-987C-12DF17AE4E1E,2026-ncaa-d2-conf-CIAA,genius_ncaa,3,4,2,5,2,5,5,6,4,4,4,6,8,8,4,8,3,3,9,3,5,6,6,4,4,4,7,8,4,4,4,5,7,4,6,5,6,5,6,6,4,5,6,6,,,8,7,,3,6,6,8,1,7,7,8,4,3,8,9,5,5,5,8,8,5,6,6,6,3,6,6,,5,,3,6,5,5,5,5,7,6,6,4,3,6,3,7,5,7,5,3,5,4,5,5,6,3,4,6,8,7,4,4,5,6,6,7,7,7,9,2,2,5,5,,,5,4,,4,6,4,3,8,6,4,4,4,6,6,3,2,4,2,2,4,2,7,4,3,6,9,1,5,,7,,4,b'\x11\xe8\xe1I\xd6\xd7^j\x98|\x12\xdf\x17\xaeN\x1e'
11E8E149-D6D7-5E6A-987C-12DF17AE4E1E,2026-ncaa-d2-natl,genius_ncaa,201,98,268,180,271,287,282,287,228,251,244,238,297,297,294,296,282,260,294,259,231,289,285,266,278,276,298,296,148,221,17,286,221,280,75,283,259,41,241,268,181,30,248,183,,,32,246,,158,134,287,269,88,289,249,242,110,41,298,296,249,154,155,254,201,69,246,161,273,226,51,199,,190,,261,126,6,4,11,17,7,17,8,25,14,125,129,20,31,15,31,186,12,14,18,12,11,231,199,196,50,221,7,17,9,75,12,191,237,46,41,9,50,8,12,,,287,256,,232,134,11,269,16,144,7,5,17,11,59,88,88,60,120,125,18,51,186,14,54,39,76,39,18,,264,,176,b'\x11\xe8\xe1I\xd6\xd7^j\x98|\x12\xdf\x17\xaeN\x1e'
11E8E149-D6DB-B050-987C-12DF17AE4E1E,2018-ncaa-d2-conf-SIAC,ncaa,7,8,2,8,3,4,4,6,2,8,8,2,3,4,3,3,9,9,6,9,5,5,4,2,2,6,3,2,11,7,6,2,8,3,5,4,5,13,12,8,12,12,1,3,,,8,6,,,8,4,10,4,7,8,12,9,11,4,5,11,11,11,13,10,10,4,7,4,11,13,1,,4,,,8,12,13,13,7,12,13,4,10,9,11,5,6,6,8,6,3,12,10,5,4,8,4,7,5,11,8,6,6,8,5,9,2,10,12,10,11,10,2,2,,,8,11,,,8,10,7,10,8,10,11,11,11,13,6,5,5,5,5,11,7,9,2,5,5,13,10,2,,12,,,b'\x11\xe8\xe1I\xd6\xdb\xb0P\x98|\x12\xdf\x17\xaeN\x1e'
11E8E149-D6DB-B050-987C-12DF17AE4E1E,2018-ncaa-d2-natl,ncaa,179,229,64,202,71,144,144,143,171,152,148,167,153,151,165,171,140,82,287,82,66,130,63,180,195,254,163,167,134,103,124,51,228,66,146,175,202,309,305,289,96,162,44,73,,,268,196,,,231,56,79,39,217,213,237,194,193,187,192,184,93,98,213,84,124,48,78,216,303,121,44,,251,,,218,240,237,267,80,258,286,57,110,126,97,39,254,277,37,277,168,274,272,58,54,77,96,58,224,293,228,193,124,257,146,183,95,89,168,113,307,289,64,63,,,122,227,,,231,263,255,116,213,178,180,254,214,281,81,98,231,259,261,269,264,282,128,223,130,107,297,44,,178,,,b'\x11\xe8\xe1I\xd6\xdb\xb0P\x98|\x12\xdf\x17\xaeN\x1e'
11E8E149-D6DB-B050-987C-12DF17AE4E1E,2019-ncaa-d2-conf-SIAC,ncaa,8,9,2,9,2,8,6,5,5,5,5,7,10,10,9,10,5,3,12,3,5,5,4,7,8,11,10,10,6,4,4,3,4,2,4,7,10,12,12,11,3,4,4,6,,,10,8,,,8,3,8,2,10,8,12,6,6,10,10,9,5,5,12,6,5,6,5,10,12,4,5,,8,,,8,10,8,9,5,9,9,6,5,7,1,8,9,9,9,10,6,9,10,5,6,5,6,5,7,8,4,6,4,5,4,4,1,4,5,3,9,6,6,6,,,5,11,,,8,11,11,5,8,4,6,3,7,7,5,6,7,5,7,3,5,5,2,2,3,5,7,4,,8,,,b'\x11\xe8\xe1I\xd6\xdb\xb0P\x98|\x12\xdf\x17\xaeN\x1e'
11E8E149-D6DB-B050-987C-12DF17AE4E1E,2019-ncaa-d2-natl,ncaa,145,145,182,145,183,237,226,237,197,131,115,194,303,298,298,302,127,38,307,41,56,200,116,248,259,292,293,307,29,63,27,129,226,95,80,273,288,309,305,304,38,28,61,53,,,241,227,,,156,151,80,19,259,245,262,115,73,309,302,100,12,13,186,36,34,72,39,284,306,22,52,,269,,,156,35,34,112,27,76,146,46,29,94,11,85,211,242,30,240,238,130,187,18,22,11,140,51,282,260,226,61,27,150,80,12,13,35,26,6,201,164,85,54,,,108,135,,,156,164,281,18,154,58,42,134,84,169,38,109,228,257,257,171,266,268,77,177,17,22,224,90,,60,,,b'\x11\xe8\xe1I\xd6\xdb\xb0P\x98|\x12\xdf\x17\xaeN\x1e'
11E8E149-D6DB-B050-987C-12DF17AE4E1E,2020-ncaa-d2-conf-SIAC,ncaa,12,12,7,12,9,13,12,13,3,12,12,5,4,8,1,4,13,13,9,13,8,13,13,4,4,6,5,2,13,13,11,9,2,12,6,10,8,9,13,10,10,8,12,12,,,3,7,,,9,13,13,11,13,11,13,12,12,2,7,13,13,13,13,13,13,6,12,9,10,11,13,,3,,,9,1,4,2,8,2,1,8,11,8,11,12,1,1,2,1,7,1,1,10,11,9,12,13,6,1,2,2,11,1,6,4,10,12,9,10,8,12,3,5,,,12,8,,,9,1,9,9,10,4,4,3,3,1,12,9,1,2,2,2,1,3,3,2,5,12,6,3,,13,,,b'\x11\xe8\xe1I\xd6\xdb\xb0P\x98|\x12\xdf\x17\xaeN\x1e'
11E8E149-D6DB-B050-987C-12DF17AE4E1E,2020-ncaa-d2-natl,ncaa,223,203,257,225,267,277,272,295,144,254,260,187,250,281,103,244,257,218,285,215,129,294,264,165,192,256,203,203,160,211,100,192,144,215,80,261,206,284,308,291,137,83,263,244,,,190,277,,,164,264,187,80,263,249,293,220,206,228,272,237,163,162,287,172,162,73,109,245,305,90,256,,264,,,166,25,16,21,38,18,39,46,46,57,58,128,166,230,14,228,290,35,45,39,50,48,244,129,285,125,144,16,100,27,80,30,136,156,94,58,230,269,87,138,,,239,131,,,164,43,253,56,171,57,34,66,47,86,84,120,235,274,274,109,146,194,37,80,55,100,264,127,,147,,,b'\x11\xe8\xe1I\xd6\xdb\xb0P\x98|\x12\xdf\x17\xaeN\x1e'
11E8E149-D6DB-B050-987C-12DF17AE4E1E,2021-ncaa-d2-conf-SIAC,ncaa,7,4,8,8,8,9,9,8,9,9,8,8,9,8,9,6,8,8,9,8,1,8,8,9,9,9,6,9,1,8,4,8,3,8,5,9,7,2,7,8,8,4,9,7,,,1,6,,,6,8,9,4,9,9,7,9,7,9,8,5,3,3,7,9,5,8,7,8,1,8,7,,2,,,7,1,1,2,1,1,1,1,2,2,5,8,2,1,9,1,5,2,2,3,2,4,9,8,7,2,3,2,4,2,5,1,7,8,6,6,2,5,4,9,,,8,2,,,6,2,9,4,7,1,2,2,1,1,5,6,2,2,2,2,1,1,5,2,4,8,5,9,,6,,,b'\x11\xe8\xe1I\xd6\xdb\xb0P\x98|\x12\xdf\x17\xaeN\x1e'
11E8E149-D6DB-B050-987C-12DF17AE4E1E,2021-ncaa-d2-natl,ncaa,190,95,195,183,198,209,212,203,212,208,200,208,211,208,221,178,192,182,222,182,10,201,199,217,215,214,136,202,4,190,55,208,106,202,104,207,143,37,209,216,159,14,213,182,,,30,189,,,169,199,147,121,216,220,211,204,151,219,203,95,17,17,192,144,74,218,199,211,202,27,206,,153,,,191,26,22,20,102,18,15,92,43,34,157,190,34,35,28,35,217,22,24,136,138,74,210,193,188,15,106,22,55,19,104,27,194,193,27,61,42,213,43,187,,,201,158,,,169,29,217,60,186,46,27,10,15,8,151,128,146,174,176,19,50,30,44,28,101,43,199,174,,171,,,b'\x11\xe8\xe1I\xd6\xdb\xb0P\x98|\x12\xdf\x17\xaeN\x1e'
11E8E149-D6DB-B050-987C-12DF17AE4E1E,2022-ncaa-d2-conf-SIAC,ncaa,9,10,6,10,6,7,7,10,3,7,6,4,4,8,2,8,12,12,10,12,14,10,10,3,5,5,10,6,14,8,4,9,9,10,6,6,4,8,10,5,10,8,8,9,,,10,14,,,8,9,14,8,10,7,9,8,10,8,9,14,14,14,14,13,10,14,13,5,6,11,11,,9,,,8,7,8,4,11,10,7,12,5,4,9,3,11,10,8,10,12,6,6,11,12,13,7,4,10,6,9,3,4,4,6,4,2,10,11,5,10,10,6,5,,,12,14,,,8,5,4,11,8,9,7,2,10,4,2,2,8,7,7,3,2,5,1,1,2,13,8,4,,14,,,b'\x11\xe8\xe1I\xd6\xdb\xb0P\x98|\x12\xdf\x17\xaeN\x1e'
11E8E149-D6DB-B050-987C-12DF17AE4E1E,2022-ncaa-d2-natl,ncaa,215,161,267,209,273,259,225,254,128,181,192,161,268,276,167,265,280,250,294,255,249,256,247,162,200,233,287,245,260,105,11,287,277,247,121,192,122,180,263,213,129,71,225,215,,,168,289,,,185,266,104,124,180,108,113,58,40,245,256,257,178,187,124,55,28,281,152,102,274,62,189,,293,,,189,26,25,19,208,97,81,186,6,7,35,7,216,256,24,254,287,30,38,134,158,120,41,5,295,139,277,10,11,25,121,16,36,156,62,27,177,245,80,111,,,285,283,,,185,34,199,148,188,164,136,62,242,229,6,5,290,296,296,172,221,247,27,121,53,52,256,165,,254,,,b'\x11\xe8\xe1I\xd6\xdb\xb0P\x98|\x12\xdf\x17\xaeN\x1e'
11E8E149-D6DB-B050-987C-12DF17AE4E1E,2023-ncaa-d2-conf-SIAC,ncaa,4,3,8,4,9,7,5,7,5,7,8,6,5,6,5,3,12,14,1,14,12,8,11,5,5,3,10,4,12,9,10,11,1,10,7,3,2,1,2,2,8,3,12,12,,,8,13,,,4,13,10,5,5,4,4,5,7,4,4,13,14,14,6,9,9,7,8,2,2,5,12,,10,,,4,2,1,2,7,3,5,7,1,1,9,1,12,11,13,11,11,2,2,7,10,10,9,1,13,2,1,7,10,2,7,1,2,9,7,2,5,6,11,12,,,14,14,,,4,3,3,6,4,6,4,3,5,9,1,1,13,12,12,4,3,2,10,3,1,8,6,12,,14,,,b'\x11\xe8\xe1I\xd6\xdb\xb0P\x98|\x12\xdf\x17\xaeN\x1e'
11E8E149-D6DB-B050-987C-12DF17AE4E1E,2023-ncaa-d2-natl,ncaa,139,82,255,112,257,234,230,232,208,208,188,213,238,246,209,213,168,193,83,192,163,233,244,227,199,205,196,212,74,109,56,255,195,217,127,197,115,119,198,186,103,53,196,191,,,168,268,,,115,256,96,25,150,166,89,126,61,212,193,89,109,106,89,58,46,177,82,130,225,46,156,,271,,,107,23,17,12,79,55,101,62,5,6,50,5,249,257,128,253,263,26,51,45,92,43,83,4,296,89,195,43,56,42,127,8,23,100,38,9,155,213,216,246,,,269,256,,,115,53,182,50,99,96,45,50,161,237,6,5,289,291,291,136,224,189,153,173,12,39,233,272,,202,,,b'\x11\xe8\xe1I\xd6\xdb\xb0P\x98|\x12\xdf\x17\xaeN\x1e'
11E8E149-D6DB-B050-987C-12DF17AE4E1E,2024-ncaa-d2-conf-SIAC,ncaa,2,1,2,2,4,2,2,2,1,2,5,1,3,3,3,4,4,6,4,6,10,2,3,1,1,1,6,5,13,4,3,6,9,4,4,2,4,11,3,1,2,5,2,4,,,12,8,,,3,3,2,8,1,1,2,2,5,2,3,4,9,8,2,4,4,10,5,1,6,4,2,,10,,,3,13,14,11,13,14,12,14,10,8,9,2,12,12,12,12,7,11,12,13,13,11,4,3,5,8,9,8,3,9,4,13,11,4,6,7,11,3,14,13,,,5,12,,,3,12,1,11,2,13,13,10,14,11,8,5,11,11,11,10,12,5,3,2,12,5,8,13,,8,,,b'\x11\xe8\xe1I\xd6\xdb\xb0P\x98|\x12\xdf\x17\xaeN\x1e'
11E8E149-D6DB-B050-987C-12DF17AE4E1E,2024-ncaa-d2-natl,ncaa,86,31,248,48,252,124,114,153,74,94,125,73,165,180,140,192,138,130,170,129,149,149,144,95,103,108,210,202,168,55,21,222,231,153,89,138,172,168,163,139,63,50,120,121,,,129,129,,,105,199,19,112,25,18,17,15,38,126,118,69,63,63,15,12,19,141,35,66,236,30,85,,215,,,100,115,110,87,179,160,151,155,65,56,160,56,192,202,124,198,190,97,126,154,169,130,97,67,217,185,231,46,21,78,89,111,131,99,69,86,191,190,160,152,,,209,241,,,105,115,77,147,97,241,231,241,256,263,116,99,245,251,250,255,279,247,121,190,192,42,238,216,,119,,,b'\x11\xe8\xe1I\xd6\xdb\xb0P\x98|\x12\xdf\x17\xaeN\x1e'
11E8E149-D6DB-B050-987C-12DF17AE4E1E,2025-ncaa-d2-conf-SIAC,genius_ncaa,8,8,9,8,9,12,9,8,11,8,6,11,10,10,12,9,14,13,14,13,13,9,9,11,11,12,13,9,13,8,10,10,7,11,10,11,8,9,11,12,5,5,9,7,,,8,10,,8,13,11,4,5,11,5,4,5,3,10,9,14,11,11,6,5,6,6,7,9,11,4,7,,11,,8,13,7,7,6,8,5,4,11,11,11,10,12,7,7,14,7,10,5,5,11,11,10,12,13,8,4,7,8,10,6,10,14,14,7,5,12,13,14,12,13,,,11,10,,9,13,5,12,9,12,11,8,10,8,6,13,13,10,9,9,9,11,9,14,12,14,4,14,13,,8,,8,b'\x11\xe8\xe1I\xd6\xdb\xb0P\x98|\x12\xdf\x17\xaeN\x1e'
11E8E149-D6DB-B050-987C-12DF17AE4E1E,2025-ncaa-d2-natl,genius_ncaa,216,200,230,217,248,265,250,235,252,173,132,247,286,279,294,275,208,156,283,160,168,222,170,279,279,288,285,287,79,99,60,233,244,185,157,266,250,283,293,292,81,61,224,208,,,212,249,,98,258,200,46,180,260,235,154,109,54,292,277,167,85,89,134,38,49,168,87,263,298,45,201,,272,,138,258,90,66,64,122,62,75,123,109,112,147,141,235,233,120,230,272,85,122,128,157,105,242,136,253,192,244,62,60,102,157,141,239,88,56,98,285,288,129,131,,,206,213,,227,258,106,283,139,253,196,140,170,137,157,173,174,265,272,271,219,264,252,158,204,214,39,296,202,,124,,213,b'\x11\xe8\xe1I\xd6\xdb\xb0P\x98|\x12\xdf\x17\xaeN\x1e'
11E8E149-D6DB-B050-987C-12DF17AE4E1E,2026-ncaa-d2-conf-SIAC,genius_ncaa,8,10,3,10,3,9,7,6,9,6,5,10,8,11,6,12,8,8,10,8,14,6,7,10,10,9,13,10,12,4,7,5,6,5,5,10,14,7,7,9,4,5,7,9,,,12,14,,10,10,8,11,1,9,8,6,7,3,10,10,10,9,9,6,9,4,7,5,12,5,5,8,,11,,10,10,9,7,8,9,7,9,7,7,6,13,4,11,8,14,7,9,8,7,9,10,10,9,8,12,8,6,11,7,8,5,9,11,7,10,11,6,5,13,11,,,8,13,,14,10,7,7,10,10,8,5,5,6,8,7,5,11,7,7,6,4,7,11,6,8,10,4,13,,12,,14,b'\x11\xe8\xe1I\xd6\xdb\xb0P\x98|\x12\xdf\x17\xaeN\x1e'
11E8E149-D6DB-B050-987C-12DF17AE4E1E,2026-ncaa-d2-natl,genius_ncaa,201,239,59,229,84,119,108,87,195,41,21,218,263,252,260,291,93,63,226,65,208,79,53,245,241,249,286,288,90,21,24,124,177,66,82,172,250,275,240,257,24,38,125,176,,,275,284,,158,236,75,61,88,192,156,108,49,14,285,289,117,79,86,82,37,18,197,64,224,264,32,151,,281,,157,226,235,213,190,204,242,238,177,95,93,142,24,287,283,242,279,236,208,224,180,219,200,108,30,275,182,177,189,24,185,82,223,199,64,105,148,235,179,255,179,,,103,223,,284,236,229,222,182,221,220,177,131,235,229,52,28,286,278,270,179,218,148,119,134,205,84,208,247,,152,,289,b'\x11\xe8\xe1I\xd6\xdb\xb0P\x98|\x12\xdf\x17\xaeN\x1e'
11E8E149-D6E0-179E-987C-12DF17AE4E1E,2018-ncaa-d2-conf-Conference Carolinas,ncaa,4,4,1,4,2,2,2,2,3,3,4,1,3,3,8,5,6,4,11,4,4,2,2,3,5,7,7,5,7,3,3,1,2,2,2,3,8,10,9,7,8,9,6,9,,,7,5,,,4,1,4,10,5,4,6,4,8,5,4,7,4,4,7,5,5,1,2,5,9,9,8,,5,,,4,7,8,11,3,10,11,4,5,8,3,4,7,7,10,7,5,11,11,3,3,3,4,3,5,8,2,7,3,8,2,3,2,9,11,6,11,9,3,3,,,4,7,,,4,11,5,4,4,5,5,10,6,11,3,6,6,5,5,9,7,4,5,5,3,11,10,2,,7,,,b'\x11\xe8\xe1I\xd6\xe0\x17\x9e\x98|\x12\xdf\x17\xaeN\x1e'
11E8E149-D6E0-179E-987C-12DF17AE4E1E,2018-ncaa-d2-natl,ncaa,88,132,41,120,52,63,58,29,151,75,67,136,50,25,153,90,140,77,296,71,127,28,18,144,180,183,129,88,253,47,128,5,89,8,65,96,228,293,175,200,187,262,136,218,,,174,30,,,140,19,28,182,87,69,33,105,129,66,47,208,114,104,38,28,65,2,3,150,245,234,169,,87,,,141,282,281,303,41,285,303,56,214,281,27,138,225,205,214,205,53,302,293,33,23,101,93,109,119,282,89,294,128,296,65,155,14,185,291,173,279,177,213,149,,,96,260,,,140,291,172,124,143,216,232,300,245,300,161,248,157,144,145,295,280,253,256,270,76,252,232,159,,169,,,b'\x11\xe8\xe1I\xd6\xe0\x17\x9e\x98|\x12\xdf\x17\xaeN\x1e'
11E8E149-D6E0-179E-987C-12DF17AE4E1E,2019-ncaa-d2-conf-Conference Carolinas,ncaa,5,5,5,5,6,7,7,7,7,11,11,7,2,1,4,1,11,11,2,11,6,9,10,4,5,5,1,1,9,10,9,6,9,10,9,6,6,3,5,5,8,8,6,7,,,4,6,,,5,9,10,2,7,7,6,11,11,1,1,11,11,11,8,10,9,7,10,6,4,8,6,,6,,,5,1,1,3,5,3,9,1,3,1,11,2,4,5,7,6,4,3,3,5,5,4,4,4,6,8,9,8,9,9,9,1,1,9,7,1,3,5,7,11,,,11,9,,,5,3,6,5,5,3,3,3,4,10,2,1,5,5,5,3,4,8,8,9,1,7,4,8,,11,,,b'\x11\xe8\xe1I\xd6\xe0\x17\x9e\x98|\x12\xdf\x17\xaeN\x1e'
11E8E149-D6E0-179E-987C-12DF17AE4E1E,2019-ncaa-d2-natl,ncaa,132,145,118,140,121,124,125,108,170,216,239,130,35,24,115,12,236,240,116,243,179,135,165,106,124,95,30,12,269,221,267,110,199,147,240,147,190,75,63,114,228,251,186,223,,,178,154,,,113,140,157,41,104,122,80,243,267,19,12,244,256,258,117,174,236,76,152,164,74,238,192,,177,,,113,153,161,209,89,156,256,32,166,91,289,46,147,147,155,155,74,208,176,84,81,113,147,171,139,257,199,263,267,268,240,44,18,177,210,88,75,78,144,197,,,231,259,,,113,153,117,149,116,148,152,232,148,281,174,78,144,135,142,218,196,244,266,269,49,193,70,131,,257,,,b'\x11\xe8\xe1I\xd6\xe0\x17\x9e\x98|\x12\xdf\x17\xaeN\x1e'
11E8E149-D6E0-179E-987C-12DF17AE4E1E,2020-ncaa-d2-conf-Conference Carolinas,ncaa,6,6,5,6,8,5,4,3,5,5,4,4,6,5,8,6,9,9,6,9,10,3,7,6,6,5,10,7,10,6,6,5,6,6,6,7,11,1,1,4,6,5,9,8,,,1,2,,,4,8,8,6,4,4,3,3,4,6,4,9,10,10,3,6,5,5,6,8,1,6,8,,2,,,4,4,6,7,4,4,8,3,6,6,7,5,1,2,6,2,3,4,4,5,5,5,5,8,4,5,6,8,6,6,6,6,6,8,8,6,1,4,9,7,,,11,11,,,4,6,4,6,4,6,5,6,6,8,6,6,2,2,2,4,4,7,7,7,6,8,1,10,,11,,,b'\x11\xe8\xe1I\xd6\xe0\x17\x9e\x98|\x12\xdf\x17\xaeN\x1e'
11E8E149-D6E0-179E-987C-12DF17AE4E1E,2020-ncaa-d2-natl,ncaa,112,140,54,133,74,69,45,25,135,51,53,111,93,47,203,101,181,176,178,170,267,37,67,152,173,111,197,141,276,78,159,68,197,59,195,196,301,52,19,123,85,118,212,243,,,71,18,,,99,65,107,171,82,48,26,58,76,107,58,219,211,209,39,89,98,96,86,228,26,110,225,,35,,,100,230,254,274,138,232,252,119,264,257,205,201,72,80,122,85,38,260,251,146,115,126,136,241,38,268,197,294,159,297,195,195,97,104,147,133,97,48,208,133,,,230,304,,,99,241,103,143,110,163,215,242,170,207,234,223,39,48,47,211,206,241,268,263,151,133,57,176,,285,,,b'\x11\xe8\xe1I\xd6\xe0\x17\x9e\x98|\x12\xdf\x17\xaeN\x1e'
11E8E149-D6E0-179E-987C-12DF17AE4E1E,2021-ncaa-d2-conf-Conference Carolinas,ncaa,4,4,3,4,3,2,3,3,5,6,7,4,2,1,4,2,7,9,5,9,7,4,6,3,3,3,3,2,11,6,9,2,3,5,5,3,4,2,2,2,8,8,4,4,,,3,1,,,4,5,6,3,4,4,2,7,8,1,2,9,9,10,3,5,6,3,4,3,1,8,3,,2,,,4,6,6,8,5,9,9,5,4,4,5,3,3,3,11,2,2,8,7,4,4,4,2,4,3,6,3,9,9,9,5,2,2,6,7,3,3,2,9,9,,,4,4,,,4,7,4,4,4,4,7,10,9,10,4,4,3,2,2,8,6,4,8,8,3,7,4,9,,4,,,b'\x11\xe8\xe1I\xd6\xe0\x17\x9e\x98|\x12\xdf\x17\xaeN\x1e'
11E8E149-D6E0-179E-987C-12DF17AE4E1E,2021-ncaa-d2-natl,ncaa,72,95,99,76,102,85,82,88,92,114,126,81,22,25,48,15,136,130,147,129,129,93,106,54,73,45,23,13,207,82,106,99,102,96,116,69,102,81,26,31,114,148,54,62,,,69,11,,,34,104,98,76,47,53,45,137,162,8,9,180,168,169,55,91,79,92,83,61,30,143,48,,13,,,30,104,115,124,62,122,138,62,101,104,98,72,69,65,142,66,15,115,121,51,44,47,53,100,41,124,102,136,106,133,116,68,16,81,73,28,92,52,151,171,,,104,142,,,34,122,39,39,29,49,86,139,113,165,77,76,23,18,18,107,124,112,151,142,26,71,51,156,,122,,,b'\x11\xe8\xe1I\xd6\xe0\x17\x9e\x98|\x12\xdf\x17\xaeN\x1e'
11E8E149-D6E0-179E-987C-12DF17AE4E1E,2022-ncaa-d2-conf-Conference Carolinas,ncaa,7,6,12,7,12,6,9,5,10,12,12,11,2,2,4,2,2,2,5,2,1,4,9,8,7,6,2,2,1,5,8,11,13,11,10,12,13,2,2,7,4,5,13,13,,,4,3,,,8,10,6,5,3,7,4,11,12,2,2,1,1,1,2,5,5,12,11,12,4,3,13,,4,,,8,9,10,4,12,10,7,10,6,3,13,4,6,5,13,5,4,4,5,11,12,12,4,7,4,9,13,6,8,9,10,8,8,6,6,8,2,1,13,12,,,6,3,,,8,4,5,13,8,13,12,10,12,10,9,5,7,6,6,10,11,10,11,11,11,2,2,13,,1,,,b'\x11\xe8\xe1I\xd6\xe0\x17\x9e\x98|\x12\xdf\x17\xaeN\x1e'
11E8E149-D6E0-179E-987C-12DF17AE4E1E,2022-ncaa-d2-natl,ncaa,129,139,146,134,164,107,166,96,261,232,188,258,44,28,135,39,32,39,72,37,8,75,105,220,182,138,6,36,14,66,114,219,279,161,253,236,278,68,35,193,70,90,277,297,,,125,67,,,175,121,66,106,65,178,42,262,203,29,16,5,19,18,25,56,59,260,168,261,68,66,289,,139,,,174,227,236,202,235,243,212,227,157,156,162,136,161,125,279,126,85,192,207,220,220,187,80,114,103,263,279,221,114,242,253,221,155,73,92,135,23,8,299,301,,,103,127,,,175,187,119,214,162,253,257,244,258,234,164,171,169,129,131,235,259,266,246,270,229,58,21,300,,66,,,b'\x11\xe8\xe1I\xd6\xe0\x17\x9e\x98|\x12\xdf\x17\xaeN\x1e'
11E8E149-D6E0-179E-987C-12DF17AE4E1E,2023-ncaa-d2-conf-Conference Carolinas,ncaa,7,9,3,8,5,6,7,3,10,9,6,11,1,2,6,4,4,2,4,2,2,3,2,9,8,8,2,3,3,2,5,9,11,3,7,10,13,12,9,11,3,5,13,13,,,11,8,,,9,2,2,7,7,9,4,10,6,1,3,5,4,4,4,2,3,10,5,10,12,3,13,,9,,,9,13,13,13,13,13,13,11,6,3,13,1,10,9,7,9,4,12,12,12,11,12,1,2,5,13,11,11,5,13,7,6,1,3,7,6,10,7,13,12,,,5,8,,,9,12,9,12,9,13,13,11,13,13,4,3,9,8,8,12,13,11,7,10,5,3,9,13,,5,,,b'\x11\xe8\xe1I\xd6\xe0\x17\x9e\x98|\x12\xdf\x17\xaeN\x1e'
11E8E149-D6E0-179E-987C-12DF17AE4E1E,2023-ncaa-d2-natl,ncaa,207,266,47,235,64,112,146,41,281,195,79,286,80,43,180,90,55,43,175,44,85,35,25,272,261,269,27,77,52,26,76,129,271,62,227,245,286,295,250,286,25,51,232,277,,,245,99,,,272,26,24,208,194,239,70,265,150,95,67,92,78,76,59,20,38,230,107,283,277,35,258,,184,,,261,289,291,268,278,293,284,253,175,123,260,51,201,225,76,226,95,274,277,268,254,196,27,66,67,287,271,282,76,288,227,272,94,21,64,99,286,218,287,282,,,70,231,,,272,273,259,221,256,268,279,246,286,275,124,73,146,164,165,251,272,260,257,268,224,42,256,278,,117,,,b'\x11\xe8\xe1I\xd6\xe0\x17\x9e\x98|\x12\xdf\x17\xaeN\x1e'
11E8E149-D6E0-179E-987C-12DF17AE4E1E,2024-ncaa-d2-conf-Conference Carolinas,ncaa,12,12,8,12,8,12,12,7,13,13,8,13,6,6,10,4,9,9,11,9,8,9,6,13,13,13,4,4,8,3,5,12,12,10,11,12,11,9,9,12,11,11,7,11,,,4,2,,,14,9,5,8,13,13,4,13,7,6,4,9,9,9,4,4,4,12,8,12,11,11,6,,4,,,13,13,13,11,14,14,13,14,1,3,7,1,7,7,8,7,3,11,9,14,12,14,1,1,4,12,12,11,5,12,11,13,3,12,12,13,13,13,12,12,,,10,11,,,14,7,12,14,13,14,14,14,14,14,2,2,8,9,9,14,10,14,10,12,13,12,13,12,,10,,,b'\x11\xe8\xe1I\xd6\xe0\x17\x9e\x98|\x12\xdf\x17\xaeN\x1e'
11E8E149-D6E0-179E-987C-12DF17AE4E1E,2024-ncaa-d2-natl,ncaa,283,296,117,289,157,236,246,131,294,242,135,292,196,129,271,150,163,96,288,92,82,119,71,292,292,296,91,147,58,41,59,203,271,119,209,241,200,292,279,288,186,226,100,167,,,141,55,,,296,90,60,227,274,288,132,274,146,214,132,167,92,88,108,42,32,238,125,268,284,195,110,,120,,,294,279,290,258,284,295,284,274,108,84,191,27,216,205,218,202,66,254,239,261,257,274,12,27,91,259,271,214,59,245,209,279,174,176,235,267,297,284,188,185,,,139,229,,,296,217,292,282,293,283,292,275,296,295,97,67,200,179,178,274,253,260,229,251,277,189,294,189,,146,,,b'\x11\xe8\xe1I\xd6\xe0\x17\x9e\x98|\x12\xdf\x17\xaeN\x1e'
11E8E149-D6E0-179E-987C-12DF17AE4E1E,2025-ncaa-d2-conf-Conference Carolinas,genius_ncaa,7,8,2,8,8,11,9,12,8,6,5,7,15,13,15,14,4,6,5,5,6,11,8,10,7,9,14,14,4,5,5,9,7,6,7,9,11,10,11,11,4,2,5,3,,,4,5,,5,7,12,12,8,12,12,13,6,7,15,14,4,8,7,11,11,5,10,8,11,7,4,5,,4,,5,7,5,3,2,8,3,1,11,9,13,5,14,8,3,13,4,10,2,5,9,10,6,13,12,11,8,7,6,5,7,7,7,8,5,3,3,12,11,4,5,,,5,4,,6,7,5,9,7,7,5,3,2,4,1,9,11,7,4,5,2,4,7,6,7,6,6,10,4,,7,,6,b'\x11\xe8\xe1I\xd6\xe0\x17\x9e\x98|\x12\xdf\x17\xaeN\x1e'
11E8E149-D6E0-179E-987C-12DF17AE4E1E,2025-ncaa-d2-natl,genius_ncaa,160,159,162,166,192,228,228,219,222,169,155,202,278,248,290,244,130,159,97,154,139,207,204,253,234,232,250,273,41,96,43,224,173,172,94,232,200,170,219,235,97,58,173,101,,,32,49,,118,169,239,257,207,265,267,257,170,134,285,267,118,135,131,244,221,75,239,172,250,191,90,170,,32,,130,167,46,53,53,104,33,28,165,172,208,104,273,59,50,225,43,158,43,65,131,135,86,255,258,131,112,173,44,43,59,94,100,206,113,60,94,212,259,97,94,,,181,143,,112,169,65,212,102,165,54,51,37,25,14,198,227,70,58,53,25,44,128,50,69,121,99,225,100,,177,,105,b'\x11\xe8\xe1I\xd6\xe0\x17\x9e\x98|\x12\xdf\x17\xaeN\x1e'
11E8E149-D6E0-179E-987C-12DF17AE4E1E,2026-ncaa-d2-conf-Conference Carolinas,genius_ncaa,7,4,8,6,10,12,13,9,11,13,13,10,7,8,7,4,13,13,7,13,13,9,9,8,8,10,5,4,14,9,7,11,6,10,7,10,6,6,11,10,9,7,4,2,,,10,15,,15,9,9,6,3,8,9,6,11,9,3,4,13,14,12,6,6,7,6,7,4,11,6,1,,15,,16,9,7,3,2,4,3,4,4,3,4,10,5,11,11,13,10,15,6,6,4,7,8,13,4,15,4,6,6,7,6,7,4,5,8,7,3,8,14,16,16,,,13,14,,9,9,8,10,9,8,10,4,4,5,7,3,4,15,15,14,8,9,6,9,9,3,4,13,16,,14,,9,b'\x11\xe8\xe1I\xd6\xe0\x17\x9e\x98|\x12\xdf\x17\xaeN\x1e'
11E8E149-D6E0-179E-987C-12DF17AE4E1E,2026-ncaa-d2-natl,genius_ncaa,157,144,141,167,145,204,209,166,247,230,209,221,123,84,204,58,150,108,244,102,41,158,154,228,234,229,50,82,100,116,133,190,117,159,153,217,204,174,190,224,162,179,113,104,,,186,217,,249,251,157,86,29,194,221,124,244,228,108,42,121,77,73,98,75,91,181,130,222,205,163,104,,236,,258,249,186,160,144,165,99,112,85,255,198,290,210,208,171,277,178,221,152,142,214,230,247,281,268,197,99,117,150,133,139,153,147,123,182,195,180,203,219,220,276,,,157,143,,151,251,152,220,230,235,256,197,214,94,141,281,242,249,204,214,226,214,104,198,165,179,167,227,253,,115,,157,b'\x11\xe8\xe1I\xd6\xe0\x17\x9e\x98|\x12\xdf\x17\xaeN\x1e'
11E8E149-D6E4-6682-987C-12DF17AE4E1E,2018-ncaa-d2-conf-PSAC,ncaa,9,8,7,9,8,9,9,8,14,11,11,13,5,2,8,4,9,9,13,9,5,8,8,11,12,12,4,4,9,7,11,16,12,14,16,9,8,14,10,10,3,3,15,13,,,16,17,,,10,8,4,6,9,10,9,14,13,4,2,11,9,8,9,4,7,15,15,8,11,3,15,,16,,,10,11,6,1,15,8,1,16,8,5,13,4,16,16,12,16,17,7,10,15,16,9,14,5,16,5,12,12,11,11,16,10,13,2,2,4,10,10,9,7,,,9,13,,,10,10,12,7,10,10,8,3,8,2,8,3,17,16,16,3,10,5,13,11,12,2,11,8,,9,,,b'\x11\xe8\xe1I\xd6\xe4f\x82\x98|\x12\xdf\x17\xaeN\x1e'
11E8E149-D6E4-6682-987C-12DF17AE4E1E,2018-ncaa-d2-natl,ncaa,125,112,148,123,176,155,169,151,203,203,205,182,90,75,154,74,169,142,227,139,82,155,146,182,187,197,64,67,162,131,137,276,230,227,243,134,98,220,209,177,38,25,227,212,,,259,287,,,186,139,96,153,152,161,116,229,208,81,62,160,129,128,124,96,110,295,258,119,235,25,229,,283,,,185,170,120,56,263,154,69,274,89,76,166,96,267,265,170,264,288,82,154,249,270,166,168,70,269,118,230,176,137,150,243,204,239,33,17,54,223,219,164,195,,,170,195,,,186,161,200,150,189,183,140,29,170,65,102,80,271,271,270,75,189,134,196,159,210,21,230,154,,159,,,b'\x11\xe8\xe1I\xd6\xe4f\x82\x98|\x12\xdf\x17\xaeN\x1e'
11E8E149-D6E4-6682-987C-12DF17AE4E1E,2019-ncaa-d2-conf-PSAC,ncaa,4,3,8,4,8,5,7,10,6,16,17,4,2,2,3,1,8,11,4,11,2,10,9,2,2,3,1,1,9,11,7,12,9,13,9,4,3,15,14,9,4,4,9,8,,,18,18,,,4,9,11,12,6,10,13,16,18,2,2,6,9,10,14,13,13,14,17,5,14,4,9,,16,,,4,4,2,3,4,3,4,3,3,5,6,4,18,18,13,18,18,5,10,4,12,3,17,3,18,9,9,5,7,4,9,5,14,3,2,4,13,13,12,18,,,8,7,,,4,11,5,3,4,4,2,2,2,2,2,2,18,18,18,3,8,4,3,3,5,3,12,10,,7,,,b'\x11\xe8\xe1I\xd6\xe4f\x82\x98|\x12\xdf\x17\xaeN\x1e'
11E8E149-D6E4-6682-987C-12DF17AE4E1E,2019-ncaa-d2-natl,ncaa,73,109,30,97,44,60,89,108,91,189,254,38,21,14,87,10,62,95,28,96,17,105,60,48,37,90,13,22,132,123,119,178,214,157,168,46,24,297,270,158,29,36,142,167,,,299,283,,,90,52,180,253,120,178,269,273,303,30,27,112,168,172,255,201,187,290,279,71,257,49,167,,266,,,94,225,145,127,167,215,215,154,27,33,91,18,309,305,270,305,300,197,261,130,212,105,144,14,307,191,214,146,119,173,168,156,170,17,18,25,291,260,198,274,,,69,133,,,90,262,95,99,93,90,40,13,117,95,11,9,303,293,293,43,110,115,34,58,85,33,247,135,,164,,,b'\x11\xe8\xe1I\xd6\xe4f\x82\x98|\x12\xdf\x17\xaeN\x1e'
11E8E149-D6E4-6682-987C-12DF17AE4E1E,2020-ncaa-d2-conf-PSAC,ncaa,5,4,9,5,10,10,16,17,14,18,18,13,1,3,5,1,2,2,10,2,1,14,12,6,4,7,1,1,2,7,5,11,6,8,6,14,7,11,14,14,8,7,2,1,,,13,17,,,7,14,14,9,9,16,17,18,18,1,2,2,3,3,12,13,6,7,7,15,15,8,1,,13,,,6,3,2,4,5,4,8,4,3,4,5,5,14,14,12,14,15,6,3,3,6,6,9,4,18,4,6,4,5,3,6,4,8,12,10,7,12,12,4,12,,,2,1,,,7,4,6,6,7,5,4,4,3,8,4,5,14,15,15,4,4,7,3,3,5,12,13,5,,2,,,b'\x11\xe8\xe1I\xd6\xe4f\x82\x98|\x12\xdf\x17\xaeN\x1e'
11E8E149-D6E4-6682-987C-12DF17AE4E1E,2020-ncaa-d2-natl,ncaa,95,100,102,99,127,144,224,240,189,280,297,143,46,36,120,18,25,31,79,34,2,193,173,122,73,125,5,31,14,112,73,173,132,153,89,175,96,219,222,201,103,86,8,6,,,200,239,,,100,192,261,116,160,260,283,293,309,50,36,20,29,33,241,215,119,204,161,193,201,115,7,,187,,,99,97,85,86,110,126,179,69,46,25,179,23,257,233,254,226,203,110,114,87,128,116,139,43,282,114,132,81,73,84,89,92,148,138,112,100,213,212,116,244,,,23,5,,,100,122,107,113,98,76,63,40,108,155,38,11,246,219,214,54,60,101,45,53,80,149,188,102,,21,,,b'\x11\xe8\xe1I\xd6\xe4f\x82\x98|\x12\xdf\x17\xaeN\x1e'
11E8E149-D6E4-6682-987C-12DF17AE4E1E,2022-ncaa-d2-conf-PSAC,ncaa,2,1,8,1,9,9,10,16,4,16,18,4,1,1,4,1,11,12,1,12,6,16,16,4,3,4,1,2,9,15,15,3,8,10,6,8,5,11,15,10,14,13,1,1,,,1,1,,,2,15,17,12,8,10,18,16,18,1,2,9,15,15,17,18,16,3,6,8,11,15,1,,1,,,2,1,1,11,1,1,6,1,10,14,2,17,1,3,5,3,5,7,7,1,1,1,16,17,7,16,8,2,15,3,6,4,16,12,11,10,11,13,6,12,,,11,3,,,2,3,6,2,2,1,1,12,1,5,10,16,2,3,3,8,3,16,3,4,8,13,10,7,,8,,,b'\x11\xe8\xe1I\xd6\xe4f\x82\x98|\x12\xdf\x17\xaeN\x1e'
11E8E149-D6E4-6682-987C-12DF17AE4E1E,2022-ncaa-d2-natl,ncaa,13,35,5,30,6,42,51,49,82,100,152,53,11,14,89,18,81,142,8,143,146,58,34,53,51,92,32,30,206,158,230,8,157,26,139,40,83,287,223,148,61,137,1,2,,,144,15,,,32,21,266,110,174,191,267,256,292,47,45,207,260,262,281,269,266,42,158,126,156,151,3,,11,,,42,185,177,287,1,146,273,2,238,288,37,205,170,153,210,154,53,283,284,1,2,7,239,228,151,298,157,263,230,292,139,247,258,49,149,123,269,190,182,194,,,42,129,,,32,279,125,14,41,7,9,127,7,103,111,177,44,39,40,81,80,218,66,131,102,164,137,75,,223,,,b'\x11\xe8\xe1I\xd6\xe4f\x82\x98|\x12\xdf\x17\xaeN\x1e'
11E8E149-D6E4-6682-987C-12DF17AE4E1E,2023-ncaa-d2-conf-PSAC,ncaa,7,8,4,8,4,10,13,15,11,17,17,11,3,3,4,1,7,9,3,9,3,13,11,7,7,10,1,1,3,15,12,5,12,9,9,7,5,15,15,12,9,8,1,1,,,11,12,,,4,10,18,1,12,13,16,17,18,3,3,8,8,7,15,16,15,7,11,8,13,9,1,,9,,,4,3,3,6,1,1,10,1,5,5,6,4,13,14,4,14,15,7,10,1,1,1,12,6,16,15,12,5,12,7,9,5,7,7,7,3,14,13,5,7,,,10,5,,,4,9,10,1,4,1,1,3,1,10,5,4,11,12,12,3,6,14,5,8,4,7,12,4,,9,,,b'\x11\xe8\xe1I\xd6\xe4f\x82\x98|\x12\xdf\x17\xaeN\x1e'
11E8E149-D6E4-6682-987C-12DF17AE4E1E,2023-ncaa-d2-natl,ncaa,112,162,47,133,48,130,168,159,166,222,234,174,57,62,72,44,90,132,25,125,52,153,121,118,95,146,12,38,86,156,169,74,174,91,146,111,57,254,236,182,124,148,1,1,,,211,171,,,85,115,275,19,214,256,274,283,290,71,82,139,188,182,275,257,213,113,172,156,196,174,1,,128,,,86,91,78,178,27,118,234,15,61,73,73,48,221,233,94,237,170,190,206,19,25,30,123,56,258,247,174,165,169,212,146,100,160,86,110,78,245,236,160,221,,,102,89,,,85,190,154,47,83,17,11,49,42,166,28,32,163,181,183,61,76,195,60,114,61,138,201,115,,179,,,b'\x11\xe8\xe1I\xd6\xe4f\x82\x98|\x12\xdf\x17\xaeN\x1e'
11E8E149-D6E4-6682-987C-12DF17AE4E1E,2024-ncaa-d2-conf-PSAC,ncaa,8,8,4,8,6,10,12,11,11,14,16,8,1,1,6,1,14,14,6,14,6,11,11,8,8,8,2,2,17,12,12,10,12,10,9,6,2,9,12,5,9,6,2,1,,,11,14,,,5,12,18,9,11,12,13,16,18,2,2,16,18,17,13,16,12,11,12,5,6,9,2,,9,,,5,2,3,6,3,2,6,1,11,8,13,11,5,8,1,8,10,8,7,4,4,5,15,17,13,14,12,8,12,9,9,9,17,10,8,10,12,13,11,16,,,13,11,,,5,7,10,5,5,2,3,5,3,5,10,6,5,7,7,2,1,12,6,9,10,13,9,10,,15,,,b'\x11\xe8\xe1I\xd6\xe4f\x82\x98|\x12\xdf\x17\xaeN\x1e'
11E8E149-D6E4-6682-987C-12DF17AE4E1E,2024-ncaa-d2-natl,ncaa,123,165,50,142,77,151,174,138,221,238,240,202,38,30,118,17,157,172,115,166,72,145,127,156,155,176,17,14,163,124,143,106,210,107,167,104,39,241,223,152,112,132,12,7,,,214,196,,,103,124,272,288,234,259,266,289,293,47,51,215,235,228,268,249,170,169,181,147,172,157,13,,133,,,107,72,61,161,22,58,184,5,133,115,180,97,159,197,31,205,169,174,190,27,21,27,222,187,209,253,210,179,143,219,167,168,266,95,112,116,229,210,211,270,,,136,163,,,103,163,173,45,113,17,13,40,21,98,87,56,98,133,138,47,62,210,83,131,111,141,170,178,,229,,,b'\x11\xe8\xe1I\xd6\xe4f\x82\x98|\x12\xdf\x17\xaeN\x1e'
11E8E149-D6E4-6682-987C-12DF17AE4E1E,2025-ncaa-d2-conf-PSAC,genius_ncaa,3,5,1,5,1,2,5,2,8,11,13,6,1,1,5,1,3,3,5,3,1,2,2,5,5,4,1,1,7,4,7,5,13,4,9,9,12,9,3,9,12,16,3,4,,,11,5,,7,8,2,17,5,7,12,13,15,17,2,3,6,8,8,12,16,11,12,14,12,2,16,5,,5,,4,9,16,17,17,8,17,17,10,10,12,5,5,14,13,9,14,7,17,16,8,6,12,5,6,6,16,13,13,7,16,9,16,11,13,17,16,7,5,12,13,,,3,5,,14,8,16,4,13,9,10,10,11,9,12,5,5,7,7,7,11,5,13,4,8,11,17,3,7,,10,,16,b'\x11\xe8\xe1I\xd6\xe4f\x82\x98|\x12\xdf\x17\xaeN\x1e'
11E8E149-D6E4-6682-987C-12DF17AE4E1E,2025-ncaa-d2-natl,genius_ncaa,49,79,25,65,25,45,77,64,124,153,187,92,19,14,77,26,44,62,51,59,21,63,68,75,59,60,13,33,102,65,97,97,230,80,163,96,160,158,95,113,125,181,38,71,,,204,110,,55,101,72,271,26,100,159,196,258,284,32,30,84,119,117,178,227,121,218,192,166,70,189,55,,88,,38,103,254,264,253,174,282,281,171,70,111,55,40,251,240,163,239,122,262,245,119,127,161,33,33,186,276,230,195,97,252,163,265,202,144,217,229,133,74,223,252,,,83,125,,201,101,229,51,192,104,122,144,127,217,230,31,37,176,166,164,125,89,219,80,130,184,229,57,166,,170,,245,b'\x11\xe8\xe1I\xd6\xe4f\x82\x98|\x12\xdf\x17\xaeN\x1e'
11E8E149-D6E4-6682-987C-12DF17AE4E1E,2026-ncaa-d2-conf-PSAC,genius_ncaa,9,8,3,9,3,15,15,15,15,16,16,12,2,3,7,1,14,14,15,14,9,16,11,13,14,15,1,1,13,12,12,14,11,14,10,15,9,14,16,15,6,3,3,1,,,8,11,,2,13,12,11,1,15,15,15,16,16,1,2,14,13,13,16,9,11,13,14,14,16,5,2,,10,,2,14,4,3,1,8,2,2,9,11,11,13,15,5,11,1,11,16,2,3,13,10,7,15,14,9,8,11,4,12,7,10,10,16,4,2,6,16,16,1,4,,,13,9,,7,13,3,15,6,14,5,3,1,2,2,13,13,7,12,12,2,4,9,5,7,11,2,16,1,,11,,7,b'\x11\xe8\xe1I\xd6\xe4f\x82\x98|\x12\xdf\x17\xaeN\x1e'
11E8E149-D6E4-6682-987C-12DF17AE4E1E,2026-ncaa-d2-natl,genius_ncaa,201,98,268,180,271,277,274,278,175,281,293,85,188,187,191,11,296,295,239,295,239,286,280,132,187,210,112,29,290,243,87,277,141,276,110,201,10,45,237,119,196,49,125,21,,,25,182,,105,98,281,206,88,212,167,155,223,274,70,23,293,286,283,218,163,97,155,123,51,227,61,44,,146,,202,72,10,8,11,34,8,11,46,34,31,99,236,14,24,10,25,215,11,17,46,27,14,226,238,128,27,141,14,87,17,110,19,232,209,14,42,114,271,8,35,,,283,251,,111,98,17,197,17,76,13,16,17,18,19,137,160,39,90,99,14,87,134,97,112,92,37,264,18,,249,,35,b'\x11\xe8\xe1I\xd6\xe4f\x82\x98|\x12\xdf\x17\xaeN\x1e'
11E8E149-D6E8-9D10-987C-12DF17AE4E1E,2018-ncaa-d2-conf-G-MAC,ncaa,7,7,5,7,6,8,9,8,11,11,11,11,6,3,6,3,2,1,12,1,1,7,5,10,10,10,2,3,1,4,8,11,10,8,10,8,6,10,9,10,3,3,9,8,,,13,12,,,8,5,3,6,9,10,6,12,11,5,2,2,1,1,4,3,3,11,9,8,11,3,9,,13,,,8,4,4,3,10,2,3,8,4,3,12,4,13,11,13,11,11,3,8,9,10,4,11,6,13,8,10,11,8,7,10,9,11,1,1,3,9,9,10,12,,,1,1,,,8,9,10,4,7,7,6,2,5,3,5,3,13,11,12,4,9,8,11,7,9,1,8,8,,1,,,b'\x11\xe8\xe1I\xd6\xe8\x9d\x10\x98|\x12\xdf\x17\xaeN\x1e'
11E8E149-D6E8-9D10-987C-12DF17AE4E1E,2018-ncaa-d2-natl,ncaa,179,112,293,156,295,239,270,277,213,289,300,195,97,100,122,27,196,183,202,185,17,266,272,159,152,151,13,22,100,218,162,299,191,290,223,239,142,49,148,168,116,49,267,222,,,59,201,,,174,285,95,123,111,170,122,272,268,27,17,85,67,66,101,102,116,269,223,159,180,47,244,,210,,,179,40,34,12,267,32,11,255,114,50,281,179,125,57,309,60,223,11,21,275,287,209,230,188,217,25,191,45,162,27,223,119,262,109,20,93,63,150,88,250,,,175,21,,,174,24,150,197,174,215,191,74,150,70,221,150,246,175,180,87,191,111,230,182,244,24,171,194,,18,,,b'\x11\xe8\xe1I\xd6\xe8\x9d\x10\x98|\x12\xdf\x17\xaeN\x1e'
11E8E149-D6E8-9D10-987C-12DF17AE4E1E,2019-ncaa-d2-conf-G-MAC,ncaa,2,2,1,2,2,1,2,3,3,7,10,3,1,2,2,3,1,1,2,1,1,2,2,2,2,2,1,3,3,6,7,6,8,5,6,2,3,8,5,4,3,3,9,11,,,13,9,,,2,1,4,9,1,5,8,10,13,1,2,1,1,1,6,7,10,11,10,2,5,3,10,,10,,,2,12,10,12,5,13,12,4,6,6,6,4,11,11,11,11,7,12,14,4,5,4,4,5,11,10,8,7,7,9,6,9,7,1,4,3,9,5,3,6,,,1,1,,,2,14,2,3,2,6,6,6,9,8,5,4,11,9,9,7,10,5,4,5,6,2,6,3,,1,,,b'\x11\xe8\xe1I\xd6\xe8\x9d\x10\x98|\x12\xdf\x17\xaeN\x1e'
11E8E149-D6E8-9D10-987C-12DF17AE4E1E,2019-ncaa-d2-natl,ncaa,48,49,76,48,113,41,82,121,58,204,268,42,9,13,23,11,30,49,59,46,1,95,111,25,20,25,4,11,93,199,192,188,174,207,192,96,155,130,93,101,84,102,235,256,,,213,176,,,50,81,104,278,28,81,156,251,296,5,11,23,55,51,109,158,234,258,267,117,103,99,256,,182,,,47,209,190,188,161,194,193,165,174,168,173,148,229,191,285,192,161,189,213,166,188,145,156,138,198,149,174,133,192,134,192,150,101,64,70,77,177,142,73,157,,,21,8,,,50,228,37,129,53,157,150,121,158,136,147,138,195,154,155,127,175,118,71,82,113,66,148,55,,10,,,b'\x11\xe8\xe1I\xd6\xe8\x9d\x10\x98|\x12\xdf\x17\xaeN\x1e'
11E8E149-D6E8-9D10-987C-12DF17AE4E1E,2020-ncaa-d2-conf-G-MAC,ncaa,2,2,1,2,1,2,2,2,3,3,7,3,1,1,4,2,5,5,8,5,5,2,2,3,3,4,3,3,9,5,4,5,2,5,2,2,1,10,6,4,2,3,10,8,,,12,8,,,2,2,6,5,2,3,4,7,12,1,2,7,5,5,4,6,7,10,6,2,7,4,10,,6,,,2,3,3,6,2,3,5,4,6,11,1,10,10,10,9,9,11,6,11,2,2,2,10,9,11,4,2,4,4,3,2,6,10,2,1,2,8,5,7,7,,,1,3,,,2,12,3,1,2,1,1,1,2,3,4,6,6,6,6,1,5,2,1,1,4,2,6,6,,3,,,b'\x11\xe8\xe1I\xd6\xe8\x9d\x10\x98|\x12\xdf\x17\xaeN\x1e'
11E8E149-D6E8-9D10-987C-12DF17AE4E1E,2020-ncaa-d2-natl,ncaa,28,6,173,13,191,46,39,129,17,115,268,5,16,22,32,10,206,222,144,223,127,151,167,6,11,14,57,18,301,223,138,184,19,217,48,18,25,108,108,21,56,37,226,180,,,73,90,,,9,147,109,86,13,13,86,90,272,6,14,211,226,228,112,137,222,170,212,5,112,46,231,,84,,,6,30,27,45,49,22,24,106,121,217,29,294,63,54,218,50,161,40,102,60,66,29,251,248,161,14,19,31,138,14,48,84,239,35,14,35,107,117,38,73,,,118,61,,,9,151,15,11,6,23,24,31,22,12,137,235,65,54,49,23,113,10,26,11,89,25,124,39,,62,,,b'\x11\xe8\xe1I\xd6\xe8\x9d\x10\x98|\x12\xdf\x17\xaeN\x1e'
11E8E149-D6E8-9D10-987C-12DF17AE4E1E,2021-ncaa-d2-conf-G-MAC,ncaa,2,2,3,3,3,2,2,2,4,4,8,1,2,2,5,3,3,4,10,4,1,2,1,4,3,4,4,4,7,2,2,8,2,5,3,1,2,10,7,5,1,1,5,8,,,8,5,,,3,2,9,1,4,6,7,9,10,3,1,5,3,3,6,6,4,11,9,3,8,1,8,,3,,,3,6,7,4,9,9,7,9,4,4,7,5,5,5,8,5,3,4,10,9,8,3,4,4,5,3,2,6,2,3,3,7,6,1,1,2,7,7,3,3,,,1,2,,,3,11,4,3,3,3,3,1,6,4,2,2,3,4,4,1,4,2,2,1,5,1,7,2,,2,,,b'\x11\xe8\xe1I\xd6\xe8\x9d\x10\x98|\x12\xdf\x17\xaeN\x1e'
11E8E149-D6E8-9D10-987C-12DF17AE4E1E,2021-ncaa-d2-natl,ncaa,12,66,10,36,10,5,5,8,22,13,30,4,4,4,76,18,28,15,160,14,52,8,5,17,23,26,70,38,198,21,74,30,10,18,43,5,50,218,74,29,4,19,81,163,,,191,31,,,17,5,57,32,19,16,54,61,176,10,11,127,103,98,57,66,108,172,149,14,111,24,167,,39,,,29,213,218,206,206,221,206,211,204,198,162,118,155,150,134,157,42,204,216,201,191,123,47,106,21,101,10,205,74,178,43,216,133,3,15,60,203,74,118,39,,,6,82,,,17,222,25,69,30,120,160,53,164,86,115,86,26,22,26,39,112,6,54,15,159,23,95,22,,56,,,b'\x11\xe8\xe1I\xd6\xe8\x9d\x10\x98|\x12\xdf\x17\xaeN\x1e'
11E8E149-D6E8-9D10-987C-12DF17AE4E1E,2022-ncaa-d2-conf-G-MAC,ncaa,3,3,4,3,5,4,4,6,5,4,7,4,5,4,4,5,6,6,7,6,3,6,4,4,4,5,4,4,7,5,4,6,5,4,5,3,2,10,8,6,3,2,12,10,,,12,11,,,3,5,8,11,5,6,9,8,11,4,6,7,8,7,10,7,5,7,7,3,9,2,12,,11,,,3,1,1,3,2,2,2,3,3,9,1,10,7,8,3,8,8,4,9,1,1,1,10,7,9,7,5,2,4,3,5,3,10,2,1,2,11,9,9,11,,,4,2,,,3,9,3,1,3,1,1,1,2,1,3,8,7,9,8,1,5,6,3,3,4,1,10,9,,3,,,b'\x11\xe8\xe1I\xd6\xe8\x9d\x10\x98|\x12\xdf\x17\xaeN\x1e'
11E8E149-D6E8-9D10-987C-12DF17AE4E1E,2022-ncaa-d2-natl,ncaa,59,81,47,70,58,71,64,123,26,76,200,6,58,45,136,37,140,168,80,169,140,129,111,19,29,52,134,89,237,175,148,151,84,159,99,51,84,223,195,96,55,52,286,291,,,262,261,,,57,97,245,184,107,94,247,128,283,79,63,209,228,232,257,251,230,261,269,66,149,84,297,,203,,,57,156,158,127,205,149,79,259,181,236,63,265,122,113,221,114,174,122,187,211,210,106,177,193,123,79,84,91,148,86,99,198,208,26,16,57,255,233,160,209,,,76,66,,,57,207,63,76,54,41,55,13,53,4,123,174,78,66,63,10,39,32,18,10,119,45,202,113,,143,,,b'\x11\xe8\xe1I\xd6\xe8\x9d\x10\x98|\x12\xdf\x17\xaeN\x1e'
11E8E149-D6E8-9D10-987C-12DF17AE4E1E,2023-ncaa-d2-conf-G-MAC,ncaa,2,2,4,2,4,6,5,6,9,4,6,2,11,5,13,8,2,1,12,1,1,5,5,11,10,9,11,13,2,2,2,5,3,4,3,4,5,8,7,8,1,1,10,10,,,12,11,,,2,5,10,4,8,9,9,3,8,13,6,2,1,1,4,4,2,11,5,4,8,1,10,,11,,,2,1,1,3,2,2,4,2,1,1,2,2,8,8,6,8,10,2,9,2,2,1,4,3,12,3,3,9,2,6,3,3,8,1,1,1,8,6,13,13,,,1,1,,,2,9,9,1,2,1,1,1,1,2,2,1,8,9,9,1,4,2,7,7,2,1,6,13,,1,,,b'\x11\xe8\xe1I\xd6\xe8\x9d\x10\x98|\x12\xdf\x17\xaeN\x1e'
11E8E149-D6E8-9D10-987C-12DF17AE4E1E,2023-ncaa-d2-natl,ncaa,42,29,68,35,69,80,75,115,41,71,187,10,91,47,223,48,145,117,238,114,71,111,111,41,61,70,180,133,215,138,148,196,82,184,150,86,145,144,125,92,31,22,242,227,,,182,196,,,59,109,219,13,96,72,175,83,247,102,53,181,149,148,166,186,180,270,261,92,109,38,259,,135,,,56,128,136,80,247,118,60,247,167,144,209,205,110,107,118,103,178,72,153,247,235,117,164,198,118,44,82,146,148,98,150,153,171,24,9,40,155,124,247,270,,,47,39,,,59,184,73,81,60,65,78,6,76,14,145,108,79,79,74,3,54,22,77,40,114,37,116,231,,61,,,b'\x11\xe8\xe1I\xd6\xe8\x9d\x10\x98|\x12\xdf\x17\xaeN\x1e'
11E8E149-D6E8-9D10-987C-12DF17AE4E1E,2024-ncaa-d2-conf-G-MAC,ncaa,2,2,5,2,5,4,4,5,3,3,3,2,6,7,6,9,5,4,9,4,7,5,6,2,4,4,6,7,8,10,11,8,8,8,9,5,12,4,5,4,1,1,7,7,,,5,5,,,2,5,5,2,4,4,5,3,4,4,7,5,3,3,5,7,11,9,8,4,5,1,8,,7,,,2,2,1,5,4,2,2,5,6,8,4,9,4,4,6,4,6,2,11,4,4,2,8,11,7,7,8,9,11,6,9,8,11,1,1,2,4,5,5,4,,,4,4,,,2,11,4,2,2,2,3,2,3,2,7,9,4,4,4,2,9,6,8,6,7,1,6,5,,4,,,b'\x11\xe8\xe1I\xd6\xe8\x9d\x10\x98|\x12\xdf\x17\xaeN\x1e'
11E8E149-D6E8-9D10-987C-12DF17AE4E1E,2024-ncaa-d2-natl,ncaa,55,31,172,40,178,90,79,148,21,111,209,20,41,66,39,51,210,217,140,216,186,159,204,13,23,17,100,52,265,227,226,219,136,237,215,116,190,24,47,47,46,30,202,162,,,48,41,,,28,188,149,67,38,27,94,86,206,23,44,198,200,208,116,191,234,224,248,81,41,37,204,,49,,,15,46,67,58,140,52,32,211,163,198,67,270,36,31,164,29,88,46,103,160,148,47,178,233,56,77,136,127,226,97,215,126,217,34,12,44,55,83,103,142,,,185,132,,,28,118,30,36,16,51,78,49,53,21,184,225,42,34,33,22,139,92,157,121,154,24,74,108,,164,,,b'\x11\xe8\xe1I\xd6\xe8\x9d\x10\x98|\x12\xdf\x17\xaeN\x1e'
11E8E149-D6E8-9D10-987C-12DF17AE4E1E,2025-ncaa-d2-conf-G-MAC,genius_ncaa,6,6,5,6,7,6,6,4,6,5,5,4,6,4,11,5,13,11,13,11,12,7,7,5,7,7,10,5,12,9,11,10,11,9,11,8,11,3,3,6,10,12,13,13,,,8,7,,6,7,4,4,4,7,4,2,4,6,4,4,13,11,10,5,5,9,11,10,9,2,10,13,,9,,6,7,10,12,9,11,13,8,13,7,8,5,9,5,4,7,4,5,9,11,11,11,10,2,6,6,10,11,13,11,12,11,12,12,6,7,12,4,6,9,10,,,10,13,,6,7,9,7,10,7,10,11,10,12,6,7,10,4,4,6,7,9,10,13,12,11,6,6,10,,12,,6,b'\x11\xe8\xe1I\xd6\xe8\x9d\x10\x98|\x12\xdf\x17\xaeN\x1e'
11E8E149-D6E8-9D10-987C-12DF17AE4E1E,2025-ncaa-d2-natl,genius_ncaa,144,95,260,127,266,208,178,242,75,196,279,28,117,106,154,37,288,287,201,285,257,263,280,58,96,70,150,67,288,281,274,286,203,289,280,221,251,15,38,87,210,145,290,292,,,18,52,,38,180,273,170,207,106,55,92,97,232,65,34,278,275,272,145,225,271,284,288,175,29,153,294,,55,,59,181,75,134,30,294,141,27,297,130,133,138,252,14,12,184,13,62,21,26,292,288,266,53,170,13,50,203,95,274,69,280,187,220,211,115,230,29,105,129,251,,,289,283,,147,180,30,101,261,191,224,271,145,262,75,214,233,36,34,39,87,111,123,235,194,260,125,85,224,,287,,114,b'\x11\xe8\xe1I\xd6\xe8\x9d\x10\x98|\x12\xdf\x17\xaeN\x1e'
11E8E149-D6E8-9D10-987C-12DF17AE4E1E,2026-ncaa-d2-conf-G-MAC,genius_ncaa,4,4,1,4,2,3,3,3,6,3,3,4,5,5,8,7,1,1,7,1,1,2,3,6,5,4,4,8,2,6,7,7,4,7,5,8,10,11,4,9,1,1,12,13,,,13,12,,7,8,2,1,3,3,4,3,5,4,6,6,1,1,1,2,3,6,10,9,9,6,1,13,,12,,6,8,13,11,8,12,9,5,13,13,10,13,10,12,12,9,12,12,9,12,13,13,12,12,12,9,5,4,9,7,9,5,13,11,2,2,9,6,4,8,6,,,1,4,,9,8,13,3,11,8,13,10,4,6,1,13,9,11,10,9,4,9,4,8,5,13,2,4,6,,2,,11,b'\x11\xe8\xe1I\xd6\xe8\x9d\x10\x98|\x12\xdf\x17\xaeN\x1e'
11E8E149-D6E8-9D10-987C-12DF17AE4E1E,2026-ncaa-d2-natl,genius_ncaa,107,98,141,113,141,162,159,173,128,169,231,29,129,70,229,31,183,172,201,171,83,174,174,119,137,154,144,116,196,256,271,192,39,228,209,135,106,143,178,147,77,56,293,295,,,135,153,,9,212,148,107,6,137,130,140,148,258,116,29,174,155,153,143,126,255,187,250,109,174,58,296,,164,,9,216,178,175,97,275,141,53,292,228,218,211,279,157,115,274,118,235,98,123,287,289,261,228,232,138,37,39,179,271,120,209,208,228,94,58,166,136,159,82,120,,,190,181,,111,212,147,188,217,214,247,230,99,164,22,258,261,183,134,136,101,154,21,244,132,249,58,153,80,,173,,115,b'\x11\xe8\xe1I\xd6\xe8\x9d\x10\x98|\x12\xdf\x17\xaeN\x1e'
11E8E149-D6EC-CF02-987C-12DF17AE4E1E,2018-ncaa-d2-conf-ECC,ncaa,1,1,4,1,6,2,3,4,2,2,5,1,3,5,3,6,1,1,6,1,1,2,2,2,2,2,4,7,2,1,1,5,1,4,1,2,3,3,3,2,1,1,6,6,,,8,8,,,2,4,1,5,1,1,3,1,3,3,5,1,1,1,1,1,1,5,2,1,4,1,6,,8,,,2,4,4,3,6,5,4,7,2,2,3,2,6,6,6,6,7,3,6,5,6,2,2,2,6,1,1,1,1,1,1,3,3,2,2,2,2,2,2,2,,,1,1,,,2,8,1,2,2,4,4,3,5,4,3,3,6,6,6,3,7,1,2,1,3,2,3,2,,1,,,b'\x11\xe8\xe1I\xd6\xec\xcf\x02\x98|\x12\xdf\x17\xaeN\x1e'
11E8E149-D6EC-CF02-987C-12DF17AE4E1E,2018-ncaa-d2-natl,ncaa,57,30,148,38,188,101,108,150,67,108,171,47,131,119,152,142,62,41,212,43,20,123,124,74,78,101,128,175,73,53,20,193,133,132,49,111,162,196,167,147,21,14,151,157,,,179,194,,,60,150,90,226,47,70,113,78,155,117,105,32,19,20,72,69,34,217,92,87,212,15,151,,199,,,58,104,129,107,197,181,150,191,64,69,136,74,111,114,122,126,127,96,153,177,168,91,57,72,134,101,133,58,20,62,49,125,129,57,41,47,137,105,157,156,,,90,93,,,60,167,58,83,56,126,151,111,197,176,68,69,124,121,138,110,188,115,59,70,139,44,143,146,,53,,,b'\x11\xe8\xe1I\xd6\xec\xcf\x02\x98|\x12\xdf\x17\xaeN\x1e'
11E8E149-D6EC-CF02-987C-12DF17AE4E1E,2019-ncaa-d2-conf-ECC,ncaa,4,4,1,4,2,1,3,1,8,5,3,8,2,1,8,4,1,1,8,1,1,1,1,8,7,6,2,4,2,1,3,3,2,1,2,3,3,10,3,4,2,2,2,5,,,10,10,,,4,1,1,10,2,6,2,7,7,4,3,1,1,1,1,1,1,6,2,5,5,2,4,,10,,,4,10,9,9,7,9,9,4,6,3,10,1,10,10,4,10,10,10,10,6,7,5,6,3,10,8,2,10,3,9,2,6,2,2,2,2,8,3,9,7,,,1,3,,,4,10,5,4,4,7,5,3,7,7,5,1,9,10,10,5,9,3,8,6,4,2,6,7,,1,,,b'\x11\xe8\xe1I\xd6\xec\xcf\x02\x98|\x12\xdf\x17\xaeN\x1e'
11E8E149-D6EC-CF02-987C-12DF17AE4E1E,2019-ncaa-d2-natl,ncaa,73,109,30,97,45,58,87,36,239,96,58,202,110,56,259,144,12,6,243,6,13,24,19,238,228,193,97,182,24,12,36,51,124,26,75,57,57,241,99,119,37,60,52,94,,,285,223,,,104,31,92,274,112,166,65,156,128,152,89,19,6,7,33,42,17,122,43,89,155,55,76,,231,,,106,258,241,260,134,259,284,87,140,100,243,30,256,264,71,268,169,275,276,115,110,94,106,77,207,214,124,280,36,271,75,223,147,38,79,83,182,59,223,148,,,10,60,,,104,280,143,81,108,117,122,127,161,239,78,35,183,215,217,139,191,130,193,163,129,65,99,171,,24,,,b'\x11\xe8\xe1I\xd6\xec\xcf\x02\x98|\x12\xdf\x17\xaeN\x1e'
11E8E149-D6F1-0F4A-987C-12DF17AE4E1E,2018-ncaa-d2-conf-G-MAC,ncaa,8,8,5,8,8,7,7,7,7,4,1,8,12,12,10,13,6,2,13,3,9,8,6,9,9,9,12,13,5,2,2,9,12,7,9,7,9,7,7,8,6,6,3,2,,,3,2,,,11,7,5,13,8,7,5,2,1,12,13,7,2,2,5,4,2,10,7,7,8,5,3,,4,,,11,11,11,9,9,7,6,11,13,13,11,13,4,6,2,6,8,9,10,10,9,11,12,13,2,13,12,6,2,12,9,10,9,6,5,6,11,10,3,2,,,3,6,,,11,7,9,11,11,10,11,9,7,4,13,13,4,6,6,9,11,13,7,10,10,5,11,3,,4,,,b'\x11\xe8\xe1I\xd6\xf1\x0fJ\x98|\x12\xdf\x17\xaeN\x1e'
11E8E149-D6F1-0F4A-987C-12DF17AE4E1E,2018-ncaa-d2-natl,ncaa,146,179,64,167,145,87,60,68,72,31,22,116,220,252,127,292,135,97,241,100,247,69,70,123,144,139,294,273,216,43,40,129,274,86,142,83,186,195,115,118,59,83,28,17,,,115,37,,,185,93,64,307,96,54,72,25,20,249,285,176,133,139,79,91,45,214,100,93,147,69,28,,61,,,180,276,275,257,207,181,127,219,308,308,264,306,97,95,171,98,120,246,244,256,235,225,281,305,28,285,274,166,40,236,142,274,188,84,131,189,253,206,105,31,,,93,173,,,185,218,103,253,182,240,244,242,119,67,305,306,66,65,71,208,212,274,93,187,240,104,217,84,,127,,,b'\x11\xe8\xe1I\xd6\xf1\x0fJ\x98|\x12\xdf\x17\xaeN\x1e'
11E8E149-D6F1-0F4A-987C-12DF17AE4E1E,2019-ncaa-d2-conf-G-MAC,ncaa,9,9,9,9,10,11,12,13,9,11,12,8,11,13,8,12,6,4,14,4,3,13,12,10,9,10,8,9,2,13,13,11,12,14,14,10,2,13,12,11,4,5,7,7,,,5,7,,,13,11,8,6,10,12,13,11,9,11,13,5,3,3,12,11,13,10,14,9,13,4,7,,7,,,13,8,8,7,11,8,8,7,11,7,13,7,5,5,3,5,5,6,5,11,10,10,8,10,4,12,12,6,13,9,14,11,8,8,8,10,10,11,9,13,,,9,4,,,13,3,12,12,12,11,11,10,12,9,11,9,5,5,5,9,9,13,9,13,11,7,10,10,,5,,,b'\x11\xe8\xe1I\xd6\xf1\x0fJ\x98|\x12\xdf\x17\xaeN\x1e'
11E8E149-D6F1-0F4A-987C-12DF17AE4E1E,2019-ncaa-d2-natl,ncaa,183,184,182,188,213,234,241,271,149,231,251,137,211,232,152,183,170,117,274,104,22,257,242,144,159,201,131,175,79,292,294,212,266,264,283,195,109,217,268,218,114,105,181,177,,,102,101,,,270,200,165,212,252,259,298,239,256,204,228,157,88,84,285,256,296,202,284,190,231,92,168,,122,,,263,193,206,174,203,163,145,180,263,217,273,235,71,89,92,83,101,156,137,229,210,227,186,265,60,243,266,143,294,196,283,184,149,196,204,219,230,270,157,226,,,173,76,,,270,111,248,253,264,234,243,239,192,167,269,250,88,108,105,211,192,255,177,226,216,188,240,171,,158,,,b'\x11\xe8\xe1I\xd6\xf1\x0fJ\x98|\x12\xdf\x17\xaeN\x1e'
11E8E149-D6F1-0F4A-987C-12DF17AE4E1E,2020-ncaa-d2-conf-G-MAC,ncaa,8,8,5,8,8,9,8,10,8,7,8,6,9,9,12,8,4,4,9,3,3,7,7,8,8,9,8,12,3,10,9,9,1,9,7,9,11,8,9,10,11,9,9,10,,,11,11,,,9,6,5,13,10,8,12,6,9,11,9,3,3,3,10,10,9,9,11,11,9,11,9,,12,,,9,8,10,4,11,13,10,9,3,1,7,1,11,12,7,12,7,5,5,8,9,10,2,1,10,1,1,5,9,2,7,4,3,10,9,5,9,9,13,12,,,6,5,,,9,8,10,7,9,8,8,5,12,10,3,1,10,11,11,7,4,1,5,3,3,10,9,12,,4,,,b'\x11\xe8\xe1I\xd6\xf1\x0fJ\x98|\x12\xdf\x17\xaeN\x1e'
11E8E149-D6F1-0F4A-987C-12DF17AE4E1E,2020-ncaa-d2-natl,ncaa,193,241,54,216,97,121,122,123,125,115,149,79,141,98,217,120,108,107,168,107,82,113,105,130,139,150,160,173,127,281,296,173,68,239,230,145,174,231,187,183,187,230,175,220,,,265,240,,,237,58,66,302,162,167,200,157,220,163,130,131,135,134,189,180,298,249,293,176,179,224,200,,236,,,227,285,285,238,281,296,259,274,149,128,194,60,251,252,106,251,178,254,226,265,267,267,52,58,156,53,68,214,296,150,230,191,49,163,208,180,251,223,221,233,,,120,145,,,237,257,201,226,227,250,257,175,282,228,116,79,217,224,223,195,168,27,157,86,147,199,217,199,,166,,,b'\x11\xe8\xe1I\xd6\xf1\x0fJ\x98|\x12\xdf\x17\xaeN\x1e'
11E8E149-D6F1-0F4A-987C-12DF17AE4E1E,2021-ncaa-d2-conf-G-MAC,ncaa,11,11,6,11,6,10,10,10,10,9,4,11,11,11,11,11,9,9,11,9,10,10,8,11,11,11,12,11,9,8,10,6,9,8,11,10,11,9,12,12,9,11,6,7,,,7,8,,,11,7,5,3,11,11,9,6,1,12,11,10,10,10,10,7,9,5,7,11,12,11,6,,9,,,11,10,9,5,11,8,5,10,11,8,11,7,7,10,2,10,8,7,6,11,11,11,8,10,6,8,9,9,10,10,11,10,10,9,10,11,7,10,10,7,,,10,11,,,11,6,11,11,11,11,10,7,10,7,10,10,7,11,11,10,9,8,10,11,10,10,9,10,,11,,,b'\x11\xe8\xe1I\xd6\xf1\x0fJ\x98|\x12\xdf\x17\xaeN\x1e'
11E8E149-D6F1-0F4A-987C-12DF17AE4E1E,2021-ncaa-d2-natl,ncaa,175,221,30,194,33,61,42,30,117,26,11,98,124,91,193,181,118,94,192,91,213,33,26,151,169,166,217,197,204,98,202,22,68,37,157,80,194,213,157,177,91,193,82,162,,,186,68,,,222,20,40,48,144,90,75,44,33,197,181,204,186,184,96,77,179,36,94,168,168,180,142,,104,,,212,222,223,210,213,220,202,212,223,217,215,161,180,205,35,202,106,213,204,220,215,223,118,176,26,178,68,220,202,215,157,223,168,96,208,223,203,137,180,76,,,108,225,,,222,207,183,218,212,218,216,195,203,170,220,205,108,133,134,202,177,98,201,181,218,194,149,115,,220,,,b'\x11\xe8\xe1I\xd6\xf1\x0fJ\x98|\x12\xdf\x17\xaeN\x1e'
11E8E149-D6F1-0F4A-987C-12DF17AE4E1E,2022-ncaa-d2-conf-G-MAC,ncaa,12,12,6,12,8,11,10,8,7,5,5,7,12,11,12,10,8,7,9,7,7,8,6,11,11,11,11,11,5,11,10,8,4,9,8,10,10,11,12,12,11,11,5,4,,,10,10,,,12,6,3,10,12,11,11,5,4,11,11,9,7,6,11,6,11,9,9,11,11,11,3,,10,,,12,12,12,7,10,10,9,10,7,3,12,2,12,12,10,12,10,8,7,10,11,12,6,3,12,3,4,9,10,7,8,11,8,11,11,11,12,11,3,3,,,10,12,,,12,7,12,12,12,12,12,10,11,11,8,3,12,12,12,10,10,3,9,8,10,11,11,3,,11,,,b'\x11\xe8\xe1I\xd6\xf1\x0fJ\x98|\x12\xdf\x17\xaeN\x1e'
11E8E149-D6F1-0F4A-987C-12DF17AE4E1E,2022-ncaa-d2-natl,ncaa,286,295,106,289,142,189,159,192,120,125,164,77,231,203,249,174,246,256,141,252,266,209,185,150,164,186,271,228,241,285,291,185,47,240,243,195,225,202,233,226,261,278,131,146,,,185,205,,,292,140,161,284,256,208,254,141,205,253,220,272,274,270,276,260,291,244,290,233,180,279,144,,163,,,289,285,280,170,298,281,190,293,238,120,298,102,269,232,293,234,199,184,137,298,299,301,133,127,173,26,47,190,291,116,243,267,161,259,277,288,231,252,55,60,,,274,295,,,292,174,243,297,288,288,280,134,280,173,232,104,261,223,221,166,63,14,180,88,259,285,217,43,,298,,,b'\x11\xe8\xe1I\xd6\xf1\x0fJ\x98|\x12\xdf\x17\xaeN\x1e'
11E8E149-D6F1-0F4A-987C-12DF17AE4E1E,2023-ncaa-d2-conf-G-MAC,ncaa,9,9,9,9,11,10,9,9,8,6,4,9,12,13,11,13,10,11,4,11,13,10,8,9,9,10,13,12,7,12,12,6,11,10,12,8,7,8,11,10,9,11,5,5,,,4,5,,,11,7,2,7,9,8,6,2,1,11,13,10,9,10,7,3,12,3,8,6,12,8,3,,6,,,11,9,7,8,7,6,8,5,7,7,10,3,10,11,5,11,9,9,7,7,8,9,9,6,9,12,11,10,12,12,12,11,9,9,9,11,12,12,12,11,,,10,11,,,11,7,10,10,10,12,11,13,11,13,9,10,11,11,11,13,12,13,11,13,11,8,12,12,,10,,,b'\x11\xe8\xe1I\xd6\xf1\x0fJ\x98|\x12\xdf\x17\xaeN\x1e'
11E8E149-D6F1-0F4A-987C-12DF17AE4E1E,2023-ncaa-d2-natl,ncaa,183,182,197,193,225,157,127,200,37,111,177,42,158,186,88,158,235,270,29,269,273,216,237,48,49,72,233,159,254,288,287,146,147,234,235,148,176,83,153,123,252,262,110,98,,,22,25,,,228,193,81,208,104,61,148,55,131,133,171,219,268,267,195,203,286,88,229,108,128,247,84,,42,,,229,212,230,186,244,191,141,217,261,225,268,230,70,80,86,84,98,168,120,256,227,270,176,247,28,142,147,131,287,135,235,226,177,267,278,280,199,240,191,222,,,278,281,,,228,114,118,271,221,274,275,275,249,213,279,265,91,105,108,269,212,184,198,195,258,262,226,221,,285,,,b'\x11\xe8\xe1I\xd6\xf1\x0fJ\x98|\x12\xdf\x17\xaeN\x1e'
11E8E149-D6F1-0F4A-987C-12DF17AE4E1E,2024-ncaa-d2-conf-G-MAC,ncaa,13,13,9,13,13,14,14,14,13,13,12,14,14,14,14,12,10,9,13,9,4,14,12,14,13,14,13,13,1,13,13,11,14,13,13,14,13,14,14,14,14,14,5,6,,,1,1,,,14,9,4,11,14,14,14,13,11,14,14,10,8,8,14,9,13,11,13,14,14,14,5,,3,,,14,12,13,12,12,11,10,12,13,12,13,12,3,1,14,1,2,12,10,12,12,13,11,12,1,14,14,5,13,12,13,13,14,14,14,14,14,14,3,7,,,6,2,,,14,5,14,13,14,13,13,14,12,13,14,13,3,3,3,14,14,14,10,13,13,13,14,4,,5,,,b'\x11\xe8\xe1I\xd6\xf1\x0fJ\x98|\x12\xdf\x17\xaeN\x1e'
11E8E149-D6F1-0F4A-987C-12DF17AE4E1E,2024-ncaa-d2-natl,ncaa,275,274,248,279,257,287,285,279,273,281,278,239,268,234,286,123,267,262,237,261,161,281,268,273,281,293,179,192,117,277,268,252,262,269,277,278,201,263,298,294,243,234,152,130,,,13,11,,,297,254,135,227,295,292,294,281,270,261,201,264,249,245,294,215,264,213,268,288,289,225,128,,17,,,296,197,235,136,275,136,62,268,293,262,294,287,11,8,249,8,17,85,59,288,280,289,232,293,4,188,262,90,268,126,277,293,292,255,240,295,271,295,87,200,,,248,148,,,297,46,295,292,296,281,290,274,239,138,297,292,20,12,12,239,190,249,218,245,295,214,291,146,,188,,,b'\x11\xe8\xe1I\xd6\xf1\x0fJ\x98|\x12\xdf\x17\xaeN\x1e'
11E8E149-D6F1-0F4A-987C-12DF17AE4E1E,2025-ncaa-d2-conf-G-MAC,genius_ncaa,13,13,9,13,10,13,13,12,13,12,10,13,13,12,13,11,5,6,9,6,2,10,10,13,13,13,9,13,1,11,10,13,12,13,13,13,13,12,11,13,5,5,7,8,,,4,6,,2,13,10,2,4,13,13,11,12,7,13,12,4,3,3,9,6,10,13,13,13,12,3,6,,7,,4,13,13,13,6,13,12,7,12,9,5,13,4,6,6,5,6,6,3,5,13,12,13,5,8,5,7,12,8,10,8,13,11,11,4,3,9,10,10,6,9,,,3,1,,4,13,5,13,12,13,13,13,8,13,10,11,5,7,9,9,6,12,9,10,10,12,2,11,7,,1,,4,b'\x11\xe8\xe1I\xd6\xf1\x0fJ\x98|\x12\xdf\x17\xaeN\x1e'
11E8E149-D6F1-0F4A-987C-12DF17AE4E1E,2025-ncaa-d2-natl,genius_ncaa,283,281,230,286,256,262,257,260,236,239,241,199,237,196,278,136,218,211,212,212,122,262,251,243,239,245,174,190,103,264,241,292,283,291,291,275,267,127,220,271,134,92,143,113,,,28,37,,29,284,241,100,278,251,249,217,218,196,221,153,182,151,153,211,172,244,300,299,280,204,85,115,,65,,34,283,186,231,62,297,210,69,295,227,119,301,193,32,40,82,40,90,48,64,299,297,289,98,222,17,102,283,97,241,88,291,237,196,132,82,203,160,243,79,132,,,197,102,,112,284,64,254,288,282,280,289,165,277,143,269,185,76,82,81,133,187,172,199,185,273,73,218,110,,116,,88,b'\x11\xe8\xe1I\xd6\xf1\x0fJ\x98|\x12\xdf\x17\xaeN\x1e'
11E8E149-D6F1-0F4A-987C-12DF17AE4E1E,2026-ncaa-d2-conf-G-MAC,genius_ncaa,5,7,1,7,2,7,7,6,12,8,7,13,3,3,4,3,5,5,12,5,6,6,5,12,12,11,2,2,8,2,3,8,10,6,7,6,7,9,5,8,7,8,1,2,,,8,5,,11,6,7,11,3,9,10,6,13,8,3,3,7,6,6,6,5,2,11,7,8,4,8,2,,4,,8,6,8,9,11,5,12,13,6,2,6,5,2,1,3,6,1,1,8,8,5,5,5,1,2,2,12,10,10,3,10,7,9,7,6,5,7,5,2,7,5,,,3,2,,3,6,7,9,5,7,3,7,8,11,12,1,2,1,2,1,3,4,8,9,8,7,6,2,5,,4,,4,b'\x11\xe8\xe1I\xd6\xf1\x0fJ\x98|\x12\xdf\x17\xaeN\x1e'
11E8E149-D6F1-0F4A-987C-12DF17AE4E1E,2026-ncaa-d2-natl,genius_ncaa,246,239,141,256,170,190,161,155,182,169,162,167,141,129,159,117,231,193,273,194,192,164,163,168,205,192,173,112,251,146,168,206,156,185,201,138,115,153,174,152,129,120,46,55,,,98,90,,31,208,161,83,88,166,135,95,148,139,120,99,245,190,192,114,101,128,224,186,115,186,118,39,,97,,33,210,162,199,131,270,237,179,274,75,86,116,69,68,85,77,77,43,121,128,250,227,215,11,56,42,103,156,165,168,145,201,202,167,143,129,199,212,234,216,245,,,187,194,,111,208,137,198,196,211,211,264,186,281,241,76,76,70,90,84,155,169,112,223,180,243,110,236,244,,166,,115,b'\x11\xe8\xe1I\xd6\xf1\x0fJ\x98|\x12\xdf\x17\xaeN\x1e'
11E8E149-D6F5-609A-987C-12DF17AE4E1E,2018-ncaa-d2-conf-GLIAC,ncaa,12,12,9,12,11,11,11,12,7,10,11,9,7,10,6,7,10,11,10,10,9,12,12,6,7,10,7,5,9,11,10,12,9,12,11,7,3,7,10,8,11,10,10,10,,,8,12,,,11,12,11,11,11,11,11,10,9,7,10,10,9,9,12,11,11,12,12,7,9,11,10,,11,,,11,8,7,1,12,8,1,12,5,3,9,6,10,8,7,8,11,1,1,12,12,12,5,3,10,2,9,2,10,2,11,8,8,11,10,12,9,11,3,8,,,11,10,,,11,1,9,12,11,11,10,4,10,5,7,5,11,9,9,7,2,5,5,6,11,11,10,4,,11,,,b'\x11\xe8\xe1I\xd6\xf5`\x9a\x98|\x12\xdf\x17\xaeN\x1e'
11E8E149-D6F5-609A-987C-12DF17AE4E1E,2018-ncaa-d2-natl,ncaa,297,286,276,298,286,295,283,303,147,277,290,165,230,263,115,145,304,302,231,301,279,303,302,149,182,225,203,120,289,305,301,295,157,304,280,218,56,103,283,192,301,282,257,229,,,108,282,,,301,296,229,226,288,260,299,251,264,189,230,299,299,297,303,291,306,286,307,161,225,285,242,,232,,,302,168,167,27,307,166,32,305,167,88,286,176,159,99,304,96,218,27,14,308,308,309,159,155,155,19,157,25,301,16,280,246,273,299,285,307,209,303,96,236,,,301,259,,,301,15,268,308,302,285,283,135,275,108,246,181,251,206,203,144,62,55,119,85,296,288,282,173,,296,,,b'\x11\xe8\xe1I\xd6\xf5`\x9a\x98|\x12\xdf\x17\xaeN\x1e'
11E8E149-D6F5-609A-987C-12DF17AE4E1E,2019-ncaa-d2-conf-GLIAC,ncaa,10,10,9,10,9,12,12,12,11,12,12,11,9,9,9,4,8,10,3,9,5,12,12,11,11,10,1,4,2,12,12,12,7,12,12,12,6,3,7,10,12,12,9,9,,,6,11,,,11,12,10,7,12,12,11,12,12,8,6,7,8,8,11,11,12,11,12,12,4,11,9,,8,,,11,8,9,2,12,10,8,10,5,1,12,1,7,7,5,8,6,2,1,12,12,12,4,5,7,3,7,9,12,4,12,6,5,12,12,11,5,10,9,9,,,11,5,,,11,1,11,12,12,10,10,5,11,10,8,1,7,9,9,5,3,4,10,6,8,12,7,9,,10,,,b'\x11\xe8\xe1I\xd6\xf5`\x9a\x98|\x12\xdf\x17\xaeN\x1e'
11E8E149-D6F5-609A-987C-12DF17AE4E1E,2019-ncaa-d2-natl,ncaa,258,244,260,262,285,292,296,293,279,298,296,290,181,174,198,67,245,264,41,267,122,296,302,265,239,215,29,66,54,302,308,291,68,303,297,285,163,16,124,183,299,291,215,193,,,55,217,,,285,293,268,299,290,302,292,302,280,136,121,192,230,237,294,302,306,280,307,278,35,301,198,,132,,,283,90,125,33,297,146,61,285,105,39,299,101,63,51,196,51,123,26,13,294,293,308,89,141,88,8,68,128,308,38,297,122,122,300,284,291,52,208,244,304,,,287,141,,,285,20,267,288,289,223,246,93,247,141,195,81,131,111,111,85,27,15,256,140,199,301,116,284,,260,,,b'\x11\xe8\xe1I\xd6\xf5`\x9a\x98|\x12\xdf\x17\xaeN\x1e'
11E8E149-D6F5-609A-987C-12DF17AE4E1E,2020-ncaa-d2-conf-GLIAC,ncaa,11,11,9,11,10,12,12,12,11,11,10,11,12,12,11,5,8,6,10,7,3,12,12,12,11,12,4,4,1,11,11,9,4,11,8,11,10,6,12,12,12,12,9,10,,,3,6,,,12,11,11,5,12,12,12,11,10,11,12,6,4,4,11,11,11,7,11,11,9,12,9,,4,,,12,5,6,4,7,4,5,6,7,5,12,5,3,3,6,3,4,4,2,8,7,9,5,8,3,2,4,5,11,4,8,3,2,11,12,12,8,12,8,10,,,9,6,,,12,2,12,9,12,6,9,9,7,8,9,7,4,4,4,7,2,3,6,5,5,11,11,10,,9,,,b'\x11\xe8\xe1I\xd6\xf5`\x9a\x98|\x12\xdf\x17\xaeN\x1e'
11E8E149-D6F5-609A-987C-12DF17AE4E1E,2020-ncaa-d2-natl,ncaa,254,241,257,258,274,298,300,302,266,296,300,267,250,257,221,145,233,235,191,243,56,302,304,257,238,239,77,145,35,305,307,275,15,299,235,290,169,56,218,242,306,311,274,255,,,19,73,,,291,300,292,198,300,302,308,299,291,228,235,189,181,196,308,308,309,234,304,290,113,311,265,,28,,,287,76,120,37,271,94,39,240,230,135,305,260,18,14,276,13,29,18,9,288,278,301,189,284,12,7,15,69,307,16,235,92,90,303,298,295,93,254,197,293,,,272,71,,,291,15,278,278,288,179,221,127,152,86,275,207,24,14,14,60,8,4,153,50,157,307,164,237,,253,,,b'\x11\xe8\xe1I\xd6\xf5`\x9a\x98|\x12\xdf\x17\xaeN\x1e'
11E8E149-D6F5-609A-987C-12DF17AE4E1E,2021-ncaa-d2-conf-GLIAC,ncaa,12,12,7,12,9,11,10,11,11,10,11,10,12,8,12,3,6,6,10,7,2,11,10,11,11,11,5,9,2,12,12,10,11,12,12,8,3,8,11,9,11,11,12,12,,,4,5,,,12,8,3,8,12,11,11,11,10,11,6,6,2,3,11,7,11,9,12,8,11,11,12,,5,,,12,10,10,8,12,10,8,11,12,8,11,9,3,3,6,3,3,8,6,12,11,12,5,9,1,7,11,8,12,9,12,12,11,11,11,12,8,10,10,11,,,7,5,,,12,5,12,12,12,12,12,11,11,11,12,11,5,4,5,11,11,10,11,12,12,11,11,11,,6,,,b'\x11\xe8\xe1I\xd6\xf5`\x9a\x98|\x12\xdf\x17\xaeN\x1e'
11E8E149-D6F5-609A-987C-12DF17AE4E1E,2021-ncaa-d2-natl,ncaa,201,221,68,210,74,117,112,101,174,119,116,141,97,62,186,61,101,97,145,95,78,99,94,173,174,167,85,90,91,186,224,89,76,122,209,82,34,154,154,113,152,208,149,197,,,128,74,,,214,75,111,121,196,188,184,184,196,135,90,164,151,153,189,191,223,165,219,125,115,210,199,,62,,,207,182,190,169,202,177,149,205,209,187,202,184,104,92,162,96,39,157,142,214,203,212,109,184,13,113,76,180,224,160,209,210,195,125,198,222,157,139,200,212,,,85,96,,,214,150,201,209,209,189,195,158,173,108,200,176,43,33,33,135,81,56,181,131,211,204,126,187,,159,,,b'\x11\xe8\xe1I\xd6\xf5`\x9a\x98|\x12\xdf\x17\xaeN\x1e'
11E8E149-D6F5-609A-987C-12DF17AE4E1E,2022-ncaa-d2-conf-GLIAC,ncaa,10,10,11,10,11,11,11,11,10,11,11,10,11,10,10,9,10,8,11,9,1,11,11,10,10,10,8,10,1,11,11,10,8,11,10,9,3,10,11,10,11,11,9,10,,,1,1,,,11,11,4,8,11,11,11,10,10,11,10,8,5,5,11,10,11,8,10,8,11,11,8,,1,,,11,5,7,5,11,10,9,8,2,2,9,1,2,2,9,2,1,4,1,9,8,11,1,2,2,3,8,2,11,3,10,10,10,11,11,11,10,11,1,3,,,10,2,,,11,1,11,11,11,11,11,11,11,11,5,2,5,4,4,11,8,7,9,10,11,11,11,2,,2,,,b'\x11\xe8\xe1I\xd6\xf5`\x9a\x98|\x12\xdf\x17\xaeN\x1e'
11E8E149-D6F5-609A-987C-12DF17AE4E1E,2022-ncaa-d2-natl,ncaa,263,264,222,271,238,277,279,284,237,267,275,174,273,240,287,155,204,179,248,183,45,281,274,245,233,255,172,237,40,298,301,216,70,281,268,229,53,135,251,220,297,301,213,229,,,20,27,,,296,243,176,185,287,289,295,266,274,276,226,174,130,136,289,282,301,169,287,221,196,301,197,,20,,,293,217,241,141,288,235,166,253,215,98,299,109,80,57,280,56,40,116,53,288,286,299,90,187,38,28,70,137,301,85,268,279,250,296,301,301,213,282,45,145,,,206,33,,,296,68,279,296,293,285,290,262,285,262,262,154,121,85,85,242,87,56,233,161,295,301,253,68,,134,,,b'\x11\xe8\xe1I\xd6\xf5`\x9a\x98|\x12\xdf\x17\xaeN\x1e'
11E8E149-D6F5-609A-987C-12DF17AE4E1E,2023-ncaa-d2-conf-GLIAC,ncaa,8,8,9,8,9,9,9,10,6,9,10,7,9,10,8,9,6,5,6,5,4,10,9,8,7,8,7,9,1,10,9,6,3,8,5,10,10,9,10,10,10,10,5,6,,,3,6,,,9,8,2,4,8,9,10,8,6,8,9,4,4,4,10,4,10,3,6,10,10,10,5,,7,,,9,4,5,4,7,5,3,7,5,7,4,6,7,8,5,7,9,5,3,6,6,8,7,5,7,2,3,1,9,1,5,7,9,10,10,10,10,10,4,7,,,9,7,,,9,3,9,8,9,8,7,9,7,8,8,9,9,9,9,9,7,4,5,5,8,10,10,6,,6,,,b'\x11\xe8\xe1I\xd6\xf5`\x9a\x98|\x12\xdf\x17\xaeN\x1e'
11E8E149-D6F5-609A-987C-12DF17AE4E1E,2023-ncaa-d2-natl,ncaa,256,239,239,259,246,228,242,268,139,222,255,121,220,228,195,169,129,145,118,144,49,260,255,151,121,160,134,197,39,289,278,181,9,253,136,258,244,116,218,236,290,289,172,126,,,126,234,,,246,229,102,128,188,218,256,188,209,203,189,70,80,80,231,189,282,90,222,244,198,289,138,,216,,,250,143,122,74,242,107,45,264,160,164,141,227,188,157,265,157,239,81,39,241,256,284,206,173,204,7,9,65,278,20,136,178,217,288,284,287,172,239,63,130,,,227,137,,,246,63,212,260,250,261,233,186,211,106,226,236,252,222,229,225,102,13,154,63,241,280,227,102,,170,,,b'\x11\xe8\xe1I\xd6\xf5`\x9a\x98|\x12\xdf\x17\xaeN\x1e'
11E8E149-D6F5-609A-987C-12DF17AE4E1E,2024-ncaa-d2-conf-GLIAC,ncaa,9,9,9,9,10,10,10,8,10,10,10,10,8,7,9,5,8,9,1,9,8,10,9,10,9,10,1,2,2,9,10,7,10,10,10,9,5,9,9,8,9,8,8,8,,,6,6,,,10,7,2,7,10,10,8,10,8,8,7,8,9,9,8,6,9,6,8,8,9,8,8,,7,,,10,10,10,7,8,10,8,8,3,5,6,3,8,9,7,9,6,8,6,8,8,9,3,1,6,10,10,9,10,10,10,10,9,10,10,10,10,10,6,9,,,10,10,,,10,4,10,10,10,10,10,10,10,10,5,8,9,9,9,10,10,10,10,10,10,8,10,9,,10,,,b'\x11\xe8\xe1I\xd6\xf5`\x9a\x98|\x12\xdf\x17\xaeN\x1e'
11E8E149-D6F5-609A-987C-12DF17AE4E1E,2024-ncaa-d2-natl,ncaa,283,290,207,287,227,262,268,244,283,274,253,276,187,144,232,76,231,256,32,256,198,251,231,265,259,272,63,87,94,283,295,173,207,248,285,244,141,227,269,262,267,277,211,225,,,154,172,,,294,193,70,130,273,285,226,284,237,167,108,205,250,249,240,171,287,103,236,240,253,256,201,,205,,,295,246,244,183,247,239,157,272,200,217,150,194,223,214,194,210,202,194,133,245,248,282,148,148,154,203,207,244,295,237,285,289,284,264,278,296,284,292,211,275,,,258,243,,,294,113,291,286,294,284,282,272,278,231,234,255,254,247,243,280,238,242,287,281,293,253,289,244,,254,,,b'\x11\xe8\xe1I\xd6\xf5`\x9a\x98|\x12\xdf\x17\xaeN\x1e'
11E8E149-D6F5-609A-987C-12DF17AE4E1E,2025-ncaa-d2-conf-GLIAC,genius_ncaa,11,10,9,11,9,11,11,10,11,11,11,11,8,8,7,4,11,11,9,11,10,11,11,11,11,11,4,2,9,11,11,10,8,11,10,10,7,6,10,9,11,10,10,10,,,3,9,,6,10,10,10,3,11,11,10,11,11,7,6,11,11,11,11,11,11,9,11,10,9,10,10,,6,,7,10,9,8,3,10,9,4,10,5,1,9,1,5,9,3,9,10,3,2,10,10,10,2,2,5,5,8,8,11,7,10,9,8,11,10,11,9,11,7,10,,,10,10,,9,10,2,11,10,11,10,10,6,10,8,7,2,8,11,11,7,3,8,10,10,9,10,11,9,,11,,9,b'\x11\xe8\xe1I\xd6\xf5`\x9a\x98|\x12\xdf\x17\xaeN\x1e'
11E8E149-D6F5-609A-987C-12DF17AE4E1E,2025-ncaa-d2-natl,genius_ncaa,261,281,162,272,192,260,250,215,271,272,245,269,136,119,180,59,281,283,137,280,264,242,222,245,257,270,79,50,256,286,294,177,116,249,277,206,100,205,258,229,241,251,241,252,,,164,210,,138,297,172,164,207,289,288,254,293,262,130,106,286,290,289,283,247,292,173,274,215,217,248,249,,181,,150,293,239,263,150,290,266,153,289,170,144,214,146,151,164,107,174,172,149,106,288,283,295,65,120,91,89,116,266,294,210,277,273,238,251,261,292,265,286,215,268,,,267,262,,238,297,124,285,290,294,260,276,177,272,177,195,163,162,170,177,183,104,97,281,240,270,259,268,232,,284,,239,b'\x11\xe8\xe1I\xd6\xf5`\x9a\x98|\x12\xdf\x17\xaeN\x1e'
11E8E149-D6F5-609A-987C-12DF17AE4E1E,2026-ncaa-d2-conf-GLIAC,genius_ncaa,8,8,1,8,1,11,10,10,10,10,11,8,8,5,11,3,8,3,11,2,1,8,3,11,11,11,5,8,3,4,8,5,8,5,7,11,9,10,10,11,8,9,2,5,,,9,6,,9,10,1,1,1,11,10,10,10,11,8,5,8,3,2,8,3,4,5,5,11,10,8,2,,9,,9,10,10,10,10,9,11,11,10,3,4,5,2,9,9,5,9,7,11,11,8,8,8,1,2,7,9,8,8,8,9,7,8,6,8,9,8,9,9,9,10,,,3,5,,9,10,11,11,8,10,10,10,10,11,11,3,4,9,9,9,11,11,9,8,9,8,8,9,9,,3,,9,b'\x11\xe8\xe1I\xd6\xf5`\x9a\x98|\x12\xdf\x17\xaeN\x1e'
11E8E149-D6F5-609A-987C-12DF17AE4E1E,2026-ncaa-d2-natl,genius_ncaa,246,239,141,256,170,218,215,209,177,199,237,59,188,133,252,71,172,146,245,139,40,206,195,177,190,202,167,160,111,199,176,199,187,207,180,253,265,153,214,248,275,287,82,96,,,211,281,,183,271,192,193,88,223,224,245,204,269,189,105,160,117,109,233,207,203,203,221,261,186,288,73,,258,,202,267,197,182,142,225,196,179,192,140,112,212,76,243,221,260,214,204,156,105,210,240,290,146,90,226,129,187,102,176,111,180,205,214,284,296,294,106,147,62,106,,,164,85,,271,271,104,215,286,269,268,239,210,249,241,160,118,277,256,247,242,107,156,88,120,245,293,120,58,,128,,280,b'\x11\xe8\xe1I\xd6\xf5`\x9a\x98|\x12\xdf\x17\xaeN\x1e'
11E8E149-D6F9-8D32-987C-12DF17AE4E1E,2018-ncaa-d2-conf-Peach Belt,ncaa,2,2,1,2,2,1,1,1,4,1,1,2,8,6,10,9,1,2,1,2,8,1,2,4,2,2,10,11,6,2,2,8,6,5,4,2,6,5,1,1,1,1,9,10,,,5,2,,,1,1,2,12,1,1,2,1,1,8,7,2,4,4,2,2,4,12,10,2,3,1,10,,3,,,1,10,12,7,11,11,8,11,4,4,8,5,2,2,7,2,2,5,10,11,10,6,1,4,1,1,6,7,2,4,4,5,2,1,1,1,4,1,12,9,,,1,5,,,1,12,1,1,1,4,9,2,8,4,3,2,1,1,1,1,6,1,3,1,2,1,2,11,,3,,,b'\x11\xe8\xe1I\xd6\xf9\x8d2\x98|\x12\xdf\x17\xaeN\x1e'
11E8E149-D6F9-8D32-987C-12DF17AE4E1E,2018-ncaa-d2-natl,ncaa,22,53,7,50,11,5,5,5,40,3,2,39,147,104,235,264,4,4,52,4,184,4,4,81,65,51,285,290,103,7,17,104,244,32,115,10,110,271,51,40,4,4,171,239,,,236,24,,,13,5,29,302,7,8,16,3,7,229,215,14,43,44,12,17,27,284,144,19,122,4,226,,64,,,18,293,300,287,276,307,300,260,149,129,171,31,117,153,50,157,30,283,305,237,206,55,4,37,22,275,244,259,17,277,115,237,24,4,5,8,202,43,301,178,,,4,139,,,13,303,29,47,23,141,220,130,274,232,43,23,26,37,39,88,258,167,80,106,98,5,81,276,,45,,,b'\x11\xe8\xe1I\xd6\xf9\x8d2\x98|\x12\xdf\x17\xaeN\x1e'
11E8E149-D6F9-8D32-987C-12DF17AE4E1E,2019-ncaa-d2-conf-Peach Belt,ncaa,2,2,2,2,3,1,1,2,2,2,4,2,1,1,2,1,1,3,3,3,1,2,2,2,2,1,1,1,6,3,8,9,9,6,9,2,2,3,2,1,2,2,10,10,,,10,4,,,2,2,2,11,1,1,3,2,6,1,1,1,3,3,2,4,6,10,10,1,1,2,10,,5,,,2,11,12,10,9,11,8,10,5,7,3,6,7,5,12,7,5,10,11,8,9,4,3,5,5,8,9,8,8,8,9,8,3,2,2,2,5,2,11,11,,,1,5,,,2,11,1,3,2,7,10,2,9,6,5,6,4,4,4,2,8,5,6,6,4,2,3,11,,3,,,b'\x11\xe8\xe1I\xd6\xf9\x8d2\x98|\x12\xdf\x17\xaeN\x1e'
11E8E149-D6F9-8D32-987C-12DF17AE4E1E,2019-ncaa-d2-natl,ncaa,31,59,9,47,14,5,8,4,66,11,16,51,12,7,98,85,8,8,119,11,97,4,6,61,61,35,109,99,174,19,108,70,256,35,224,9,68,198,17,15,9,19,169,237,,,292,106,,,22,4,17,205,8,8,7,22,68,31,25,26,40,42,8,13,57,238,133,11,51,13,223,,199,,,23,307,306,302,194,304,303,239,140,253,15,84,266,264,131,266,113,303,305,157,147,74,27,29,134,299,256,308,108,307,224,283,93,7,25,36,141,20,298,235,,,5,153,,,22,305,29,80,39,188,228,207,267,248,51,118,156,169,170,204,281,230,259,253,152,18,43,272,,44,,,b'\x11\xe8\xe1I\xd6\xf9\x8d2\x98|\x12\xdf\x17\xaeN\x1e'
11E8E149-D6F9-8D32-987C-12DF17AE4E1E,2020-ncaa-d2-conf-Peach Belt,ncaa,1,1,1,1,1,1,1,1,2,1,2,2,1,1,3,5,1,1,10,1,2,1,1,2,2,2,6,5,7,2,2,3,5,1,3,1,4,10,2,1,1,1,3,5,,,12,10,,,1,1,1,10,1,1,1,1,5,1,1,1,1,1,1,1,3,8,4,2,5,1,3,,12,,,1,11,11,12,7,12,12,6,3,4,4,1,12,12,5,12,5,12,12,7,8,2,1,1,8,10,5,10,2,10,3,8,2,1,1,1,10,3,8,5,,,1,3,,,1,12,1,1,1,5,6,6,8,9,1,1,6,7,7,7,11,3,6,4,3,1,5,5,,1,,,b'\x11\xe8\xe1I\xd6\xf9\x8d2\x98|\x12\xdf\x17\xaeN\x1e'
11E8E149-D6F9-8D32-987C-12DF17AE4E1E,2020-ncaa-d2-natl,ncaa,11,22,3,20,10,8,7,6,32,9,19,19,49,27,162,140,37,13,271,13,83,4,3,42,54,55,224,189,221,33,68,55,158,35,116,11,105,273,100,58,3,11,63,128,,,292,177,,,19,3,11,207,9,9,21,11,61,88,62,86,41,41,17,17,69,172,108,14,183,5,99,,246,,,23,257,267,285,141,290,297,147,77,134,39,42,216,242,44,246,119,285,309,93,77,38,25,27,144,246,158,258,68,256,116,174,64,3,17,18,246,87,233,125,,,5,84,,,19,309,56,32,28,111,147,158,219,240,32,46,127,162,164,162,284,156,131,139,87,7,158,175,,17,,,b'\x11\xe8\xe1I\xd6\xf9\x8d2\x98|\x12\xdf\x17\xaeN\x1e'
11E8E149-D6F9-8D32-987C-12DF17AE4E1E,2021-ncaa-d2-conf-Peach Belt,ncaa,2,1,2,1,2,2,2,2,1,1,1,1,5,3,11,10,2,2,4,2,4,2,2,2,2,2,12,12,4,3,3,2,1,2,1,2,3,11,1,2,3,4,1,4,,,9,6,,,1,2,5,8,2,1,4,1,3,11,8,2,3,3,2,4,5,1,1,2,3,5,4,,6,,,1,8,10,11,1,11,11,2,6,10,1,6,5,6,1,7,5,11,11,1,1,1,3,4,4,8,1,11,3,11,1,10,8,3,2,4,11,3,6,4,,,2,5,,,1,11,2,1,1,1,2,5,2,8,2,4,1,3,4,3,4,1,2,1,3,3,2,4,,3,,,b'\x11\xe8\xe1I\xd6\xf9\x8d2\x98|\x12\xdf\x17\xaeN\x1e'
11E8E149-D6F9-8D32-987C-12DF17AE4E1E,2021-ncaa-d2-natl,ncaa,8,8,30,8,41,25,26,31,36,12,19,24,107,67,192,171,9,6,152,6,38,24,25,61,61,54,199,207,63,22,57,15,42,14,30,16,23,186,67,30,28,62,38,76,,,172,73,,,6,30,62,96,35,32,76,15,45,182,132,17,12,13,44,53,61,17,23,15,100,61,71,,85,,,8,138,152,189,30,170,193,51,114,163,18,82,93,139,3,140,41,184,193,22,12,8,35,72,37,160,42,177,57,177,30,183,181,20,51,70,175,82,93,18,,,15,49,,,6,196,45,7,10,20,53,122,86,140,36,90,9,52,54,104,136,74,92,77,119,45,113,23,,26,,,b'\x11\xe8\xe1I\xd6\xf9\x8d2\x98|\x12\xdf\x17\xaeN\x1e'
11E8E149-D6F9-8D32-987C-12DF17AE4E1E,2022-ncaa-d2-conf-Peach Belt,ncaa,2,2,3,2,7,2,2,5,2,1,4,2,3,3,8,5,2,3,2,3,3,3,3,3,2,2,8,9,2,1,1,4,3,2,2,2,3,7,5,1,4,4,2,2,,,4,5,,,1,5,4,9,1,1,4,1,4,5,4,1,2,2,2,2,1,5,1,1,7,4,2,,4,,,1,2,1,5,3,3,5,2,3,2,4,2,2,2,7,2,2,3,6,3,3,2,3,5,3,3,3,1,1,2,2,1,2,3,3,2,3,1,3,2,,,2,2,,,1,6,1,2,1,2,3,3,2,4,4,2,2,2,2,2,5,3,2,2,3,4,2,4,,1,,,b'\x11\xe8\xe1I\xd6\xf9\x8d2\x98|\x12\xdf\x17\xaeN\x1e'
11E8E149-D6F9-8D32-987C-12DF17AE4E1E,2022-ncaa-d2-natl,ncaa,13,16,18,16,29,7,7,15,24,8,14,15,78,62,162,207,3,1,177,1,41,8,5,38,39,34,217,239,91,10,13,32,124,11,27,4,28,261,82,27,12,34,25,38,,,271,142,,,3,10,52,287,8,13,33,5,43,131,131,6,11,11,16,23,24,91,29,2,145,34,41,,164,,,4,229,230,264,84,232,267,57,190,183,180,84,185,210,55,208,97,263,285,80,68,26,120,136,125,249,124,222,13,237,27,198,124,8,17,21,225,64,199,76,,,2,26,,,3,287,10,18,4,57,76,93,87,166,99,71,87,113,112,84,208,148,61,96,88,24,111,119,,6,,,b'\x11\xe8\xe1I\xd6\xf9\x8d2\x98|\x12\xdf\x17\xaeN\x1e'
11E8E149-D6F9-8D32-987C-12DF17AE4E1E,2023-ncaa-d2-conf-Peach Belt,ncaa,9,9,10,9,10,9,8,10,4,9,10,7,4,8,3,4,10,10,9,10,10,10,10,3,4,7,4,2,10,10,10,8,8,10,9,9,8,5,9,9,6,5,6,6,,,1,2,,,9,9,4,1,8,8,9,7,8,3,6,10,10,10,9,10,10,7,10,8,8,5,6,,2,,,9,3,4,2,5,3,2,7,4,5,7,9,1,1,1,1,2,2,2,7,3,4,4,7,1,5,8,1,10,4,9,6,8,6,5,6,5,9,3,5,,,10,9,,,9,2,9,6,9,6,7,7,8,7,7,8,1,1,1,7,8,8,8,9,8,5,8,4,,9,,,b'\x11\xe8\xe1I\xd6\xf9\x8d2\x98|\x12\xdf\x17\xaeN\x1e'
11E8E149-D6F9-8D32-987C-12DF17AE4E1E,2023-ncaa-d2-natl,ncaa,222,250,110,240,114,171,177,179,148,193,182,179,116,141,66,120,231,242,161,243,235,190,171,127,139,188,119,79,229,281,290,125,172,212,270,205,225,226,240,233,111,128,145,196,,,47,22,,,234,118,145,36,229,207,238,218,213,117,159,259,262,264,260,224,287,140,263,232,209,119,158,,35,,,227,182,245,205,245,269,232,236,104,111,123,91,34,55,40,57,25,173,184,207,170,161,14,81,21,191,172,237,290,231,270,217,139,105,122,158,168,178,160,182,,,203,216,,,234,181,238,161,224,177,252,218,268,240,98,101,33,50,51,170,187,185,247,236,211,107,146,152,,238,,,b'\x11\xe8\xe1I\xd6\xf9\x8d2\x98|\x12\xdf\x17\xaeN\x1e'
11E8E149-D6F9-8D32-987C-12DF17AE4E1E,2024-ncaa-d2-conf-Peach Belt,ncaa,4,4,2,4,2,4,4,6,4,4,6,4,3,5,4,5,4,7,3,7,6,6,7,4,4,2,6,5,7,10,9,9,10,10,10,5,6,1,1,3,2,1,5,5,,,7,5,,,4,5,10,1,5,4,8,5,9,5,6,6,9,9,8,10,10,10,10,6,1,2,5,,3,,,4,6,6,4,7,6,5,7,1,1,5,1,10,6,9,6,7,4,6,6,8,5,2,1,10,8,10,7,9,8,10,2,3,3,2,2,1,2,8,7,,,7,6,,,4,6,3,6,4,3,3,1,5,3,1,1,8,5,5,1,2,6,6,5,2,3,1,6,,8,,,b'\x11\xe8\xe1I\xd6\xf9\x8d2\x98|\x12\xdf\x17\xaeN\x1e'
11E8E149-D6F9-8D32-987C-12DF17AE4E1E,2024-ncaa-d2-natl,ncaa,86,93,78,90,78,118,107,121,100,113,125,116,109,128,78,134,190,223,84,224,243,139,180,97,110,78,156,110,238,232,259,217,256,238,280,185,261,35,49,109,66,62,71,74,,,127,101,,,96,150,279,6,152,132,189,148,171,122,154,236,255,255,218,270,259,278,287,215,18,76,78,,81,,,95,106,119,104,159,187,191,141,32,38,74,30,195,178,226,181,148,117,167,122,134,88,40,24,220,217,256,226,259,229,280,44,30,58,47,27,21,28,173,165,,,193,180,,,96,148,100,103,94,55,68,23,146,147,15,18,157,139,140,31,92,187,194,203,28,72,16,154,,248,,,b'\x11\xe8\xe1I\xd6\xf9\x8d2\x98|\x12\xdf\x17\xaeN\x1e'
11E8E149-D6F9-8D32-987C-12DF17AE4E1E,2025-ncaa-d2-conf-Peach Belt,genius_ncaa,6,6,3,7,3,5,4,4,4,4,2,5,6,6,9,7,5,3,7,3,6,4,3,6,6,8,8,8,4,3,3,4,6,3,3,3,5,10,9,8,5,5,2,4,,,9,7,,6,7,3,2,3,5,5,5,4,4,8,7,6,3,3,5,2,4,5,2,4,9,5,4,,7,,6,7,9,8,7,8,8,8,8,6,6,6,4,9,9,7,9,6,8,7,8,8,6,8,4,7,7,6,7,3,5,3,10,10,3,4,5,10,9,7,5,,,2,5,,1,7,8,8,4,8,7,7,6,7,6,5,4,8,9,9,6,7,6,4,5,9,4,10,8,,3,,1,b'\x11\xe8\xe1I\xd6\xf9\x8d2\x98|\x12\xdf\x17\xaeN\x1e'
11E8E149-D6F9-8D32-987C-12DF17AE4E1E,2025-ncaa-d2-natl,genius_ncaa,132,131,162,133,171,148,140,146,148,91,65,176,249,254,219,274,89,47,252,43,97,124,81,195,193,225,261,272,61,38,22,128,177,79,62,155,179,287,269,249,95,123,117,143,,,256,247,,138,165,95,42,69,120,115,99,47,36,264,269,62,29,28,67,16,26,91,25,154,286,89,110,,267,,150,165,166,128,149,131,170,201,107,70,70,126,47,267,277,72,275,252,180,204,106,131,96,117,55,259,204,177,87,22,122,62,169,198,68,81,97,265,241,168,109,,,73,104,,50,165,203,205,114,164,186,153,174,198,243,79,67,269,278,278,233,259,221,104,141,186,53,268,189,,35,,45,b'\x11\xe8\xe1I\xd6\xf9\x8d2\x98|\x12\xdf\x17\xaeN\x1e'
11E8E149-D6F9-8D32-987C-12DF17AE4E1E,2026-ncaa-d2-conf-Peach Belt,genius_ncaa,9,11,1,9,2,8,9,5,9,8,6,10,6,6,7,8,3,5,6,5,6,4,2,9,9,10,5,8,5,1,1,6,6,2,2,8,9,11,11,11,3,3,7,7,,,4,1,,9,11,2,5,3,10,9,7,9,7,8,8,5,7,7,6,4,1,8,4,9,11,3,8,,1,,9,10,9,9,7,10,11,8,8,3,4,7,3,8,8,7,8,7,6,7,9,9,8,3,3,8,4,6,3,1,4,2,5,3,4,6,3,11,8,4,4,,,5,7,,6,11,8,9,6,9,7,7,4,9,5,2,2,8,7,8,4,5,3,1,1,2,5,11,4,,7,,6,b'\x11\xe8\xe1I\xd6\xf9\x8d2\x98|\x12\xdf\x17\xaeN\x1e'
11E8E149-D6F9-8D32-987C-12DF17AE4E1E,2026-ncaa-d2-natl,genius_ncaa,201,272,13,241,27,79,76,23,251,93,18,271,72,94,76,201,99,75,212,74,229,24,14,248,250,261,133,118,178,2,6,137,214,27,67,201,287,295,267,285,7,20,137,191,,,259,156,,239,203,23,72,88,202,187,63,201,53,132,186,191,170,174,72,23,8,285,108,276,279,19,195,,187,,198,200,249,240,212,226,248,243,206,160,143,165,57,285,281,225,281,238,234,273,204,229,127,126,63,251,215,214,213,6,215,67,154,38,8,17,21,284,220,295,273,,,51,236,,132,203,275,224,116,201,147,120,40,164,125,70,37,258,235,235,68,179,114,65,82,52,23,252,286,,158,,184,b'\x11\xe8\xe1I\xd6\xf9\x8d2\x98|\x12\xdf\x17\xaeN\x1e'
11E8E149-D6FD-D72A-987C-12DF17AE4E1E,2018-ncaa-d2-conf-SIAC,ncaa,10,9,6,10,11,11,11,9,10,9,6,9,13,12,12,10,11,12,10,12,12,10,12,11,11,9,13,12,9,10,10,13,4,11,11,13,13,2,3,11,6,3,13,12,,,4,10,,,10,12,11,12,11,10,9,6,4,12,11,12,12,12,9,13,9,13,13,13,1,6,13,,6,,,11,6,7,2,13,6,2,13,9,10,10,10,3,3,5,3,7,1,1,13,12,12,5,10,2,1,4,4,10,3,11,10,10,6,5,9,2,5,5,6,,,13,13,,,10,2,10,11,11,7,8,3,7,2,10,9,3,4,4,2,1,1,6,2,11,6,2,6,,13,,,b'\x11\xe8\xe1I\xd6\xfd\xd7*\x98|\x12\xdf\x17\xaeN\x1e'
11E8E149-D6FD-D72A-987C-12DF17AE4E1E,2018-ncaa-d2-natl,ncaa,270,286,148,279,200,248,246,167,292,188,120,275,286,230,303,239,191,135,277,135,170,164,168,298,300,284,254,272,69,148,173,264,212,223,250,305,309,147,164,305,68,55,281,283,,,215,246,,,276,167,129,294,278,282,152,206,96,289,238,191,116,121,140,139,134,285,252,309,169,55,286,,236,,,272,176,193,90,283,195,68,295,162,153,160,188,128,214,4,216,260,95,134,278,259,196,128,143,113,107,212,203,173,173,250,200,167,84,56,120,156,170,183,145,,,233,257,,,276,142,286,188,270,188,204,77,205,61,171,168,138,229,233,103,161,121,228,188,202,68,167,175,,246,,,b'\x11\xe8\xe1I\xd6\xfd\xd7*\x98|\x12\xdf\x17\xaeN\x1e'
11E8E149-D6FD-D72A-987C-12DF17AE4E1E,2019-ncaa-d2-conf-SIAC,ncaa,3,5,1,4,1,5,4,2,9,4,2,9,8,7,7,9,6,4,11,4,11,2,2,10,10,10,9,9,8,3,6,5,6,5,7,11,11,9,6,12,1,1,3,2,,,12,12,,,3,2,10,8,11,9,8,8,5,9,9,12,9,9,8,10,6,11,8,12,5,3,4,,11,,,3,5,3,6,3,3,5,2,5,6,5,6,12,12,2,12,12,8,9,2,2,1,10,7,12,5,6,10,6,10,7,1,2,2,2,1,10,5,11,7,,,3,9,,,3,10,10,1,5,1,1,1,1,1,3,3,10,12,12,2,1,2,6,3,1,4,5,9,,10,,,b'\x11\xe8\xe1I\xd6\xfd\xd7*\x98|\x12\xdf\x17\xaeN\x1e'
11E8E149-D6FD-D72A-987C-12DF17AE4E1E,2019-ncaa-d2-natl,ncaa,166,222,46,193,65,223,211,87,299,138,25,306,280,269,274,298,162,69,304,69,207,71,56,303,304,300,274,284,82,45,82,188,237,113,210,301,311,284,238,308,34,35,46,27,,,310,311,,,201,60,158,180,294,281,159,206,32,296,295,214,101,101,137,93,60,275,176,310,249,44,61,,308,,,191,94,19,65,23,23,102,12,53,61,115,41,311,311,20,311,311,160,239,19,61,16,303,61,311,218,237,272,82,265,210,13,47,15,13,4,238,155,191,76,,,85,182,,,201,239,296,22,201,30,3,6,6,30,26,21,308,309,309,45,150,160,216,201,4,24,177,151,,141,,,b'\x11\xe8\xe1I\xd6\xfd\xd7*\x98|\x12\xdf\x17\xaeN\x1e'
11E8E149-D6FD-D72A-987C-12DF17AE4E1E,2020-ncaa-d2-conf-SIAC,ncaa,7,8,4,8,4,10,11,8,9,5,3,9,13,13,11,13,6,6,12,6,6,6,6,11,11,12,13,12,5,8,9,6,3,7,7,9,9,10,10,11,3,2,6,5,,,10,11,,,7,7,12,1,12,12,11,7,5,13,13,7,6,6,10,10,8,7,9,10,6,2,6,,10,,,6,4,1,4,4,1,2,1,8,6,10,7,11,10,13,10,12,3,5,4,5,6,13,10,12,3,3,10,9,6,7,5,11,6,4,3,3,4,9,7,,,6,6,,,7,7,13,3,7,3,2,2,1,3,7,6,10,10,10,3,3,4,9,6,4,6,4,8,,7,,,b'\x11\xe8\xe1I\xd6\xfd\xd7*\x98|\x12\xdf\x17\xaeN\x1e'
11E8E149-D6FD-D72A-987C-12DF17AE4E1E,2020-ncaa-d2-natl,ncaa,193,203,173,205,174,270,270,232,280,180,63,285,306,300,309,311,117,23,307,24,47,179,127,300,301,304,300,311,13,94,142,158,239,132,210,278,269,281,279,296,56,56,70,66,,,275,287,,,203,150,133,13,290,286,233,169,32,311,309,93,13,14,160,78,83,137,96,293,285,46,64,,294,,,196,45,21,68,19,38,130,15,29,35,54,41,280,288,61,287,292,122,184,19,35,20,253,55,307,256,239,233,142,248,210,42,145,42,32,17,143,133,237,187,,,37,33,,,203,155,299,31,203,51,17,62,36,144,31,38,289,299,299,133,234,259,261,267,45,29,162,241,,19,,,b'\x11\xe8\xe1I\xd6\xfd\xd7*\x98|\x12\xdf\x17\xaeN\x1e'
11E8E149-D6FD-D72A-987C-12DF17AE4E1E,2022-ncaa-d2-conf-SIAC,ncaa,4,6,1,5,2,4,5,5,5,3,2,6,11,12,7,14,3,2,6,2,8,4,4,6,6,6,11,12,3,5,7,2,4,4,5,3,3,13,9,6,9,14,5,5,,,14,13,,,5,3,9,10,7,9,12,4,4,12,14,5,5,5,10,11,11,3,6,7,8,14,5,,13,,,5,12,9,12,1,7,13,1,11,11,7,8,14,14,7,14,13,12,12,1,2,6,12,8,14,12,4,10,7,11,5,3,1,9,13,2,12,11,11,9,,,1,1,,,5,12,6,6,5,7,1,7,2,8,7,9,14,14,14,9,7,9,4,5,1,14,9,9,,2,,,b'\x11\xe8\xe1I\xd6\xfd\xd7*\x98|\x12\xdf\x17\xaeN\x1e'
11E8E149-D6FD-D72A-987C-12DF17AE4E1E,2022-ncaa-d2-natl,ncaa,129,107,222,117,230,201,204,228,152,107,81,189,290,293,261,300,77,33,265,35,49,197,154,222,206,245,289,296,10,75,33,140,245,112,94,173,111,271,276,244,166,181,86,78,,,256,271,,,146,179,34,98,160,162,157,36,14,293,300,21,7,7,90,22,36,33,16,129,287,135,44,,297,,,146,54,28,101,9,60,175,7,27,37,28,21,281,298,13,297,293,149,162,4,13,18,190,23,301,264,245,59,33,133,94,13,17,107,121,11,264,261,115,82,,,62,18,,,146,133,229,39,137,131,52,214,107,271,25,48,299,300,300,276,286,286,113,221,16,55,277,157,,2,,,b'\x11\xe8\xe1I\xd6\xfd\xd7*\x98|\x12\xdf\x17\xaeN\x1e'
11E8E149-D6FD-D72A-987C-12DF17AE4E1E,2023-ncaa-d2-conf-SIAC,ncaa,4,6,5,6,5,4,3,4,2,3,3,1,9,12,6,11,10,11,11,9,10,5,5,2,3,5,13,12,13,4,3,3,7,3,2,5,11,12,9,7,11,12,5,9,,,3,3,,,6,5,5,2,3,3,5,2,3,10,11,10,9,9,4,3,4,2,2,4,11,12,5,,4,,,6,10,13,12,9,11,13,5,12,3,13,3,3,4,4,4,1,10,10,10,7,11,4,9,2,9,7,4,3,7,2,2,1,10,13,7,13,11,13,7,,,7,9,,,6,10,6,10,6,12,12,12,12,12,12,4,3,4,4,12,12,12,1,6,2,11,12,11,,9,,,b'\x11\xe8\xe1I\xd6\xfd\xd7*\x98|\x12\xdf\x17\xaeN\x1e'
11E8E149-D6FD-D72A-987C-12DF17AE4E1E,2023-ncaa-d2-natl,ncaa,152,82,280,122,280,244,219,256,108,130,122,142,290,290,251,291,199,122,283,118,129,241,202,189,211,263,286,294,105,71,11,203,241,151,59,241,226,275,285,274,211,197,145,172,,,77,103,,,170,230,12,22,120,77,78,14,9,287,289,98,25,20,41,7,15,29,9,167,295,125,82,,229,,,170,37,52,69,88,100,199,32,24,9,244,9,98,154,10,156,128,74,87,55,49,48,36,34,179,218,241,11,11,42,59,13,10,147,103,30,278,289,222,220,,,181,133,,,170,64,239,76,170,210,222,279,261,294,64,25,205,265,269,288,291,285,80,218,70,49,295,282,,28,,,b'\x11\xe8\xe1I\xd6\xfd\xd7*\x98|\x12\xdf\x17\xaeN\x1e'
11E8E149-D6FD-D72A-987C-12DF17AE4E1E,2024-ncaa-d2-conf-SIAC,ncaa,7,5,9,7,9,6,7,7,7,5,4,8,13,12,12,14,3,2,13,2,5,7,6,11,11,12,14,14,2,3,2,8,2,5,2,10,12,12,9,11,5,2,6,5,,,9,11,,,5,7,5,4,5,6,3,3,1,14,13,2,1,1,3,1,1,5,1,9,12,2,5,,12,,,5,4,3,6,4,3,4,2,7,5,8,8,6,4,10,4,8,5,6,6,7,3,12,10,10,4,2,3,2,2,2,5,9,5,3,5,9,5,5,1,,,4,6,,,5,7,7,3,5,5,4,6,3,5,10,7,9,8,8,6,11,3,5,4,5,3,9,6,,4,,,b'\x11\xe8\xe1I\xd6\xfd\xd7*\x98|\x12\xdf\x17\xaeN\x1e'
11E8E149-D6FD-D72A-987C-12DF17AE4E1E,2024-ncaa-d2-natl,ncaa,172,74,289,135,289,274,273,280,224,212,172,241,293,293,289,295,160,93,289,95,59,271,273,262,261,264,286,294,10,70,7,266,192,218,42,280,260,117,240,275,74,13,217,160,,,26,156,,,113,281,29,40,129,142,48,26,4,293,290,14,2,2,13,8,5,72,5,219,282,12,139,,222,,,99,10,10,10,36,9,19,24,14,11,111,43,60,78,57,77,209,10,18,38,47,16,170,77,272,48,192,11,7,12,42,7,100,128,20,11,92,193,20,21,,,251,144,,,113,15,219,16,109,81,48,150,79,215,62,49,224,242,244,181,271,239,182,216,63,12,258,95,,28,,,b'\x11\xe8\xe1I\xd6\xfd\xd7*\x98|\x12\xdf\x17\xaeN\x1e'
11E8E149-D6FD-D72A-987C-12DF17AE4E1E,2025-ncaa-d2-conf-SIAC,genius_ncaa,5,5,9,5,9,8,9,6,12,7,4,13,11,12,10,13,5,2,12,2,6,5,6,12,12,11,8,12,3,2,2,14,1,5,2,10,7,10,8,11,3,1,6,5,,,10,14,,10,6,7,2,5,5,5,2,3,1,11,12,3,2,2,2,2,1,14,3,7,12,1,6,,12,,12,6,3,1,1,12,1,1,8,4,2,14,6,9,10,4,9,14,1,4,12,12,5,13,8,14,1,1,4,2,1,2,5,13,3,1,2,12,9,2,1,,,5,4,,5,6,8,9,3,5,6,3,1,3,1,9,3,12,12,12,2,8,1,6,2,8,1,13,3,,2,,3,b'\x11\xe8\xe1I\xd6\xfd\xd7*\x98|\x12\xdf\x17\xaeN\x1e'
11E8E149-D6FD-D72A-987C-12DF17AE4E1E,2025-ncaa-d2-natl,genius_ncaa,144,79,275,119,278,273,282,251,296,242,119,297,289,287,288,292,100,38,285,41,39,209,196,297,293,292,221,289,3,33,9,287,174,212,71,278,241,209,249,287,46,10,210,147,,,200,292,,131,125,255,37,24,218,258,49,149,9,289,285,17,4,5,20,8,4,274,43,268,287,12,166,,292,,208,120,11,9,8,61,10,14,44,14,10,103,23,208,247,12,243,298,9,34,53,84,9,226,40,301,27,174,27,9,20,71,17,177,27,3,3,216,257,12,4,,,146,87,,107,125,43,276,6,126,46,11,5,36,73,26,13,279,292,293,43,245,104,176,138,45,7,283,24,,12,,62,b'\x11\xe8\xe1I\xd6\xfd\xd7*\x98|\x12\xdf\x17\xaeN\x1e'
11E8E149-D6FD-D72A-987C-12DF17AE4E1E,2026-ncaa-d2-conf-SIAC,genius_ncaa,1,2,3,2,3,3,2,3,4,1,1,7,13,14,9,14,5,5,6,5,12,3,4,6,7,5,14,13,5,4,4,6,1,6,1,3,9,8,5,5,1,2,11,8,,,13,13,,2,3,4,4,1,3,2,4,1,1,13,14,4,6,6,4,4,4,9,7,3,7,2,9,,12,,2,3,6,4,5,12,6,6,11,5,4,5,5,13,13,10,13,13,7,8,10,11,8,13,3,14,2,1,8,4,5,1,8,12,2,2,3,8,6,6,4,,,6,14,,3,3,10,5,2,4,4,2,1,3,1,3,3,13,13,13,3,5,1,6,2,7,2,7,4,,10,,6,b'\x11\xe8\xe1I\xd6\xfd\xd7*\x98|\x12\xdf\x17\xaeN\x1e'
11E8E149-D6FD-D72A-987C-12DF17AE4E1E,2026-ncaa-d2-natl,genius_ncaa,65,13,221,36,233,205,170,194,102,73,57,162,293,295,270,298,121,105,180,112,206,183,184,197,184,183,295,297,61,97,27,253,31,212,36,176,181,138,184,182,31,7,221,179,,,150,275,,17,56,205,13,88,60,37,23,5,2,295,298,33,25,26,19,13,18,199,67,92,252,8,178,,271,,29,45,43,28,21,171,67,47,189,5,5,15,5,232,255,87,251,295,37,66,96,174,39,87,3,297,10,31,58,27,30,36,49,178,47,8,10,148,181,38,16,,,218,235,,151,56,89,157,22,59,81,37,5,138,108,2,3,294,297,297,38,226,13,129,53,93,9,234,58,,113,,121,b'\x11\xe8\xe1I\xd6\xfd\xd7*\x98|\x12\xdf\x17\xaeN\x1e'
11E8E149-D702-1678-987C-12DF17AE4E1E,2018-ncaa-d2-conf-NE10,ncaa,4,4,6,4,9,7,5,11,1,3,11,1,9,10,2,10,14,15,3,15,14,13,14,1,1,3,13,10,15,12,5,13,14,13,8,4,5,3,11,3,8,5,3,2,,,9,12,,,3,14,15,11,6,4,12,3,11,9,11,14,15,15,15,15,12,13,15,4,3,7,2,,11,,,3,2,1,2,4,1,2,6,3,6,7,10,11,12,6,12,14,3,2,5,6,6,13,9,12,10,14,1,5,2,8,1,4,12,8,4,4,7,4,4,,,15,11,,,3,2,3,9,3,2,1,1,1,1,5,6,12,11,12,3,1,11,1,2,2,11,4,3,,14,,,b'\x11\xe8\xe1I\xd7\x02\x16x\x98|\x12\xdf\x17\xaeN\x1e'
11E8E149-D702-1678-987C-12DF17AE4E1E,2018-ncaa-d2-natl,ncaa,88,87,105,92,138,161,128,231,31,117,189,45,161,233,38,192,264,283,44,282,291,243,253,42,49,61,245,164,281,221,103,229,211,227,117,96,89,69,154,58,136,86,39,10,,,177,275,,,73,254,307,226,206,138,291,120,217,180,251,278,298,298,300,306,235,270,280,97,52,163,35,,168,,,72,33,16,39,49,12,49,41,98,99,150,153,188,185,133,191,263,55,58,62,80,90,271,179,272,153,211,11,103,29,117,17,111,213,145,84,41,88,140,157,,,250,186,,,73,49,60,121,67,10,4,8,6,17,90,78,169,179,187,12,7,143,4,19,14,239,41,117,,283,,,b'\x11\xe8\xe1I\xd7\x02\x16x\x98|\x12\xdf\x17\xaeN\x1e'
11E8E149-D702-1678-987C-12DF17AE4E1E,2019-ncaa-d2-conf-NE10,ncaa,2,2,3,2,3,5,6,8,1,9,11,2,3,6,1,4,9,9,4,9,10,7,8,1,1,1,3,3,13,6,3,6,8,5,3,6,8,8,10,4,10,7,3,3,,,8,8,,,2,10,15,9,9,9,15,11,15,3,9,11,14,14,15,15,7,9,10,7,4,12,3,,4,,,1,2,2,8,3,5,11,2,3,4,4,3,7,7,5,7,3,9,9,3,3,3,5,6,7,12,8,2,3,4,3,4,9,11,12,8,6,7,10,12,,,9,12,,,2,7,1,4,1,1,1,1,2,6,1,2,4,4,4,1,1,9,1,1,3,15,3,9,,13,,,b'\x11\xe8\xe1I\xd7\x02\x16x\x98|\x12\xdf\x17\xaeN\x1e'
11E8E149-D702-1678-987C-12DF17AE4E1E,2019-ncaa-d2-natl,ncaa,22,27,16,25,24,70,69,125,34,105,149,62,58,97,14,108,143,188,52,189,204,136,149,31,30,42,107,73,246,88,33,74,130,76,35,52,73,140,130,53,181,199,27,37,,,146,133,,,39,169,310,187,177,159,295,202,270,94,178,243,272,273,300,305,159,213,195,108,36,264,50,,29,,,41,84,105,200,43,134,243,29,84,97,125,67,101,75,240,76,44,182,156,35,31,59,100,108,140,203,130,34,33,87,35,184,253,194,215,216,75,69,244,248,,,145,165,,,39,143,30,74,36,9,21,27,33,94,27,20,28,24,25,14,4,105,4,5,87,290,26,181,,281,,,b'\x11\xe8\xe1I\xd7\x02\x16x\x98|\x12\xdf\x17\xaeN\x1e'
11E8E149-D702-1678-987C-12DF17AE4E1E,2020-ncaa-d2-conf-NE10,ncaa,4,4,4,4,7,5,5,7,2,9,13,2,1,3,1,1,11,12,3,12,11,7,10,1,1,1,2,2,13,6,4,9,7,8,4,4,3,2,3,1,10,8,7,5,,,2,5,,,2,14,14,14,5,5,10,11,14,1,3,11,13,13,12,14,7,11,10,3,1,13,8,,1,,,2,3,2,3,5,2,4,4,8,3,11,10,1,1,12,1,5,2,1,7,7,6,11,12,6,3,7,3,4,2,4,1,6,9,6,5,1,2,3,4,,,10,9,,,2,1,1,8,1,2,2,1,2,2,7,4,2,1,1,1,1,3,2,1,2,12,1,2,,12,,,b'\x11\xe8\xe1I\xd7\x02\x16x\x98|\x12\xdf\x17\xaeN\x1e'
11E8E149-D702-1678-987C-12DF17AE4E1E,2020-ncaa-d2-natl,ncaa,69,72,102,71,172,135,105,179,49,196,258,61,29,60,17,27,295,304,11,304,307,232,267,30,37,25,62,13,309,135,61,213,107,197,68,37,17,17,33,7,223,164,84,49,,,27,62,,,39,281,311,306,142,111,214,226,283,26,56,307,311,311,277,305,147,257,230,30,9,240,87,,7,,,36,33,42,43,109,47,66,61,136,75,265,191,16,11,260,11,16,23,27,128,101,99,172,262,34,58,107,34,61,33,68,87,194,203,117,142,8,11,122,193,,,287,270,,,39,27,10,104,33,13,29,11,31,34,126,60,6,4,4,3,2,43,18,15,76,226,3,108,,307,,,b'\x11\xe8\xe1I\xd7\x02\x16x\x98|\x12\xdf\x17\xaeN\x1e'
11E8E149-D702-1678-987C-12DF17AE4E1E,2022-ncaa-d2-conf-NE10,ncaa,4,2,4,4,7,8,9,7,12,4,2,13,13,13,11,14,1,1,8,1,3,4,5,13,9,8,11,13,1,1,1,5,4,2,1,8,3,4,3,6,7,6,5,3,,,1,1,,,5,11,14,7,8,11,5,4,1,13,14,1,1,1,4,5,1,3,1,7,4,7,5,,1,,,5,1,5,5,3,3,3,6,13,14,6,14,1,1,2,1,2,5,3,6,4,5,12,13,1,5,4,1,1,1,1,9,12,12,9,12,7,5,10,6,,,5,4,,,5,4,5,5,5,1,4,7,3,3,13,14,1,1,1,3,1,4,2,2,8,11,6,11,,2,,,b'\x11\xe8\xe1I\xd7\x02\x16x\x98|\x12\xdf\x17\xaeN\x1e'
11E8E149-D702-1678-987C-12DF17AE4E1E,2022-ncaa-d2-natl,ncaa,78,48,196,62,209,210,221,191,250,176,111,259,263,256,225,272,109,118,155,127,166,178,197,267,246,207,208,262,31,28,10,132,71,71,11,167,79,63,87,113,140,91,93,37,,,10,5,,,113,247,280,144,227,238,144,165,55,273,265,77,80,91,120,162,17,60,9,154,87,128,63,,2,,,111,25,55,100,58,23,40,66,254,245,188,296,5,4,133,4,2,58,51,107,56,90,250,300,4,74,71,61,10,54,11,166,267,229,183,233,78,111,216,196,,,161,106,,,113,57,149,90,104,28,78,138,21,33,269,281,1,1,1,46,31,93,84,79,187,222,106,244,,113,,,b'\x11\xe8\xe1I\xd7\x02\x16x\x98|\x12\xdf\x17\xaeN\x1e'
11E8E149-D702-1678-987C-12DF17AE4E1E,2023-ncaa-d2-conf-NE10,ncaa,4,2,6,4,6,3,5,5,8,11,9,7,2,2,6,1,5,4,6,4,3,4,6,6,6,4,1,2,5,2,3,5,10,5,5,4,3,2,1,1,1,1,10,8,,,1,1,,,3,8,8,3,3,4,3,10,8,2,1,3,3,3,3,4,2,5,4,3,4,1,10,,1,,,2,2,5,8,4,3,3,6,9,11,3,13,1,1,2,1,1,5,6,5,3,3,8,12,1,10,10,6,3,6,5,11,13,5,2,8,4,5,7,10,,,4,5,,,3,5,2,3,3,3,6,10,3,4,9,13,1,1,1,4,7,11,6,8,11,2,6,7,,3,,,b'\x11\xe8\xe1I\xd7\x02\x16x\x98|\x12\xdf\x17\xaeN\x1e'
11E8E149-D702-1678-987C-12DF17AE4E1E,2023-ncaa-d2-natl,ncaa,53,29,110,41,125,131,136,123,163,172,141,195,81,97,75,96,149,166,103,166,172,128,171,139,134,91,70,70,171,50,47,144,199,98,114,97,79,27,23,35,46,30,196,185,,,10,9,,,39,212,286,157,138,151,114,201,170,75,88,165,184,184,129,224,50,179,91,90,15,51,211,,3,,,36,33,70,136,41,48,85,59,204,230,112,276,5,5,103,5,4,84,98,65,35,28,166,282,3,205,199,125,47,158,114,230,291,128,84,179,18,38,191,197,,,179,174,,,39,82,50,49,32,9,46,112,17,41,200,224,2,1,1,24,37,191,93,138,222,127,25,189,,220,,,b'\x11\xe8\xe1I\xd7\x02\x16x\x98|\x12\xdf\x17\xaeN\x1e'
11E8E149-D702-1678-987C-12DF17AE4E1E,2024-ncaa-d0-natl,ncaa,127,148,52,142,69,200,196,125,305,173,87,314,251,226,265,257,147,167,131,159,243,130,127,306,300,273,233,253,100,75,136,167,330,128,266,184,150,186,155,198,47,48,104,96,,,52,30,,,230,147,317,230,298,298,241,244,136,280,272,203,231,226,243,270,119,275,216,238,124,71,138,,24,,,222,196,207,249,105,115,133,161,317,334,167,342,63,93,49,104,143,235,263,162,119,83,298,340,44,346,330,290,136,335,266,310,337,85,108,211,205,180,210,131,,,171,222,,,230,214,254,158,225,90,102,143,47,30,296,313,38,53,61,97,134,318,205,269,280,123,139,150,,268,,,b'\x11\xe8\xe1I\xd7\x02\x16x\x98|\x12\xdf\x17\xaeN\x1e'
11E8E149-D702-1678-987C-12DF17AE4E1E,2024-ncaa-d1-conf-NEC,ncaa,2,2,1,2,1,2,2,2,2,2,1,6,6,6,2,8,3,3,5,3,6,2,3,3,3,3,6,7,4,2,2,1,7,2,5,2,3,3,2,2,2,2,1,1,,,1,1,,,2,3,8,5,4,3,5,3,2,6,8,4,4,4,4,7,2,3,2,4,2,3,1,,1,,,2,1,2,9,1,2,4,1,7,9,1,9,1,1,1,1,4,9,8,1,1,2,7,8,1,9,7,7,2,9,5,7,7,2,3,3,3,2,5,1,,,3,6,,,2,7,3,2,2,1,1,2,1,1,6,9,1,1,1,2,3,9,3,7,7,3,2,3,,7,,,b'\x11\xe8\xe1I\xd7\x02\x16x\x98|\x12\xdf\x17\xaeN\x1e'
11E8E149-D702-1678-987C-12DF17AE4E1E,2024-ncaa-d1-natl,ncaa,137,150,78,156,100,245,243,161,318,211,116,332,270,253,277,261,168,197,127,193,246,164,172,325,316,291,231,254,92,105,140,217,335,169,285,222,156,163,161,216,64,60,117,101,,,38,30,,,252,202,321,225,312,314,250,265,142,284,279,205,234,230,254,280,131,288,233,256,126,78,141,,27,,,248,167,184,217,122,85,94,187,313,326,184,342,49,80,47,94,142,199,228,183,140,104,296,342,45,344,335,264,140,320,285,307,340,113,118,226,182,192,194,144,,,203,217,,,252,164,268,185,251,101,114,147,52,31,305,316,44,58,71,103,131,325,212,278,285,139,146,164,,268,,,b'\x11\xe8\xe1I\xd7\x02\x16x\x98|\x12\xdf\x17\xaeN\x1e'
11E8E149-D702-1678-987C-12DF17AE4E1E,2025-ncaa-d0-natl,genius_ncaa,312,332,135,323,145,307,336,297,348,353,329,356,158,155,172,75,190,232,64,231,70,289,269,314,294,314,9,43,45,284,301,223,223,260,292,307,196,277,320,323,339,345,334,331,,,31,33,,297,346,251,334,108,344,359,354,361,345,160,151,198,247,251,345,338,302,263,310,337,248,349,339,,22,,301,342,268,305,247,311,194,95,327,354,339,339,358,9,5,290,4,17,190,123,350,330,355,284,359,2,193,223,222,301,213,292,351,342,330,338,362,189,253,62,192,,,221,138,,325,346,111,323,355,345,270,312,250,174,59,358,354,7,4,3,148,48,192,202,208,350,351,181,64,,257,,329,b'\x11\xe8\xe1I\xd7\x02\x16x\x98|\x12\xdf\x17\xaeN\x1e'
11E8E149-D702-1678-987C-12DF17AE4E1E,2025-ncaa-d1-conf-NEC,genius_ncaa,5,6,3,5,4,5,7,7,7,9,8,9,3,3,5,5,1,3,4,3,2,6,6,6,6,6,1,3,3,7,7,5,8,6,7,6,3,4,5,6,5,5,6,6,,,2,2,,9,7,4,8,5,8,9,9,9,8,4,5,3,4,4,8,8,7,6,7,8,4,6,7,,2,,8,7,7,9,7,7,7,3,7,9,9,6,9,1,1,5,1,2,7,6,9,5,7,5,9,1,7,8,8,7,7,7,8,6,8,8,9,7,7,7,9,,,4,2,,6,7,6,6,8,8,4,8,8,4,2,9,9,1,1,1,3,2,7,7,7,8,8,5,7,,4,,6,b'\x11\xe8\xe1I\xd7\x02\x16x\x98|\x12\xdf\x17\xaeN\x1e'
11E8E149-D702-1678-987C-12DF17AE4E1E,2025-ncaa-d1-natl,genius_ncaa,319,332,172,326,183,329,348,326,352,358,340,357,176,176,172,76,214,248,64,248,71,320,311,321,303,320,10,43,41,306,310,263,237,300,305,331,202,247,328,330,348,346,336,333,,,21,36,,288,348,300,334,93,345,360,354,361,344,165,152,200,249,253,347,341,307,271,316,341,253,349,341,,22,,303,347,246,296,212,320,172,61,334,351,335,339,358,9,4,290,4,18,149,69,355,338,357,285,360,2,172,237,193,310,181,305,350,342,347,342,362,167,260,53,210,,,248,131,,326,348,62,331,358,349,287,315,253,185,61,358,355,9,4,4,154,47,194,212,212,351,351,183,67,,256,,328,b'\x11\xe8\xe1I\xd7\x02\x16x\x98|\x12\xdf\x17\xaeN\x1e'
11E8E149-D702-1678-987C-12DF17AE4E1E,2026-ncaa-d0-natl,genius_ncaa,295,295,206,310,206,305,292,271,311,339,314,311,122,129,136,19,344,354,127,351,331,293,273,261,292,307,22,11,340,289,301,260,200,280,269,219,44,220,324,244,344,354,344,351,,,103,147,,153,341,267,337,11,332,323,305,355,346,81,69,356,360,358,341,329,295,256,302,199,283,358,347,,114,,193,341,242,277,158,342,309,172,351,147,166,155,171,154,129,295,123,107,152,100,333,330,355,37,90,87,100,200,158,301,130,269,289,224,345,357,361,287,336,295,352,,,325,324,,187,341,102,316,351,341,324,341,276,346,277,186,215,195,153,149,267,83,154,210,180,330,362,315,319,,347,,182,b'\x11\xe8\xe1I\xd7\x02\x16x\x98|\x12\xdf\x17\xaeN\x1e'
11E8E149-D702-1678-987C-12DF17AE4E1E,2026-ncaa-d1-natl,genius_ncaa,332,294,271,333,271,357,353,337,331,361,352,334,163,179,152,19,362,361,124,360,338,349,343,293,313,327,20,11,338,339,321,325,219,338,308,297,47,174,336,274,362,359,355,357,,,45,167,,125,348,339,341,6,353,346,330,360,350,88,72,361,361,360,352,339,316,284,335,241,295,360,352,,122,,206,355,202,239,95,354,284,117,360,108,107,180,172,113,85,306,76,112,83,26,350,347,360,32,81,85,59,219,96,321,79,308,269,229,363,360,362,239,349,280,359,,,356,323,,211,348,28,336,358,356,342,350,293,354,287,216,222,208,156,150,283,81,162,228,202,345,363,329,329,,349,,169,b'\x11\xe8\xe1I\xd7\x02\x16x\x98|\x12\xdf\x17\xaeN\x1e'
11E8E149-D706-6250-987C-12DF17AE4E1E,2018-ncaa-d2-conf-SIAC,ncaa,6,6,6,6,6,8,10,10,5,10,10,5,7,8,6,6,6,5,9,5,3,9,10,5,5,5,5,9,3,9,9,5,6,8,4,11,11,9,10,10,8,7,6,6,,,1,1,,,7,9,9,1,6,7,10,8,10,7,7,4,2,2,8,8,8,2,3,11,9,7,5,,1,,,7,3,6,8,3,7,9,2,7,5,9,6,1,2,1,2,1,7,7,4,1,3,2,9,1,6,6,3,9,5,4,6,7,8,8,7,8,8,6,8,,,5,1,,,7,6,6,3,6,4,7,12,8,12,7,7,1,2,3,9,9,7,5,7,6,7,8,7,,3,,,b'\x11\xe8\xe1I\xd7\x06bP\x98|\x12\xdf\x17\xaeN\x1e'
11E8E149-D706-6250-987C-12DF17AE4E1E,2018-ncaa-d2-natl,ncaa,161,87,293,135,293,262,279,295,191,251,247,187,269,277,211,248,130,72,285,73,7,266,251,207,205,234,160,246,18,205,130,198,162,208,118,291,287,173,269,295,179,129,165,162,,,22,49,,,113,256,62,9,156,194,185,148,122,237,234,30,4,3,101,45,99,28,45,274,292,84,107,,117,,,109,4,19,50,50,60,120,47,7,12,38,22,22,73,2,75,97,44,60,25,11,12,17,36,107,115,162,32,130,51,118,17,93,181,100,53,115,203,119,198,,,134,16,,,113,59,231,18,110,101,142,252,213,291,27,55,85,204,208,254,270,240,203,238,105,62,237,218,,5,,,b'\x11\xe8\xe1I\xd7\x06bP\x98|\x12\xdf\x17\xaeN\x1e'
11E8E149-D706-6250-987C-12DF17AE4E1E,2019-ncaa-d2-conf-SIAC,ncaa,4,3,7,3,7,6,5,9,2,7,8,3,2,5,1,5,7,9,2,9,6,9,9,2,2,2,5,3,10,11,9,9,8,10,8,12,12,2,4,10,8,9,9,11,,,3,5,,,4,8,12,1,3,3,10,5,9,4,7,6,10,10,11,12,11,7,10,11,2,11,11,,2,,,4,7,9,8,9,8,8,9,8,5,12,7,2,2,5,2,3,7,5,9,8,10,5,8,3,7,8,2,9,4,8,8,8,10,10,10,1,1,8,10,,,11,6,,,4,5,2,10,3,8,8,10,8,8,8,7,1,1,1,6,3,7,3,7,6,11,1,10,,11,,,b'\x11\xe8\xe1I\xd7\x06bP\x98|\x12\xdf\x17\xaeN\x1e'
11E8E149-D706-6250-987C-12DF17AE4E1E,2019-ncaa-d2-natl,ncaa,183,109,302,151,302,279,280,298,145,261,273,165,271,289,129,244,221,173,266,170,52,298,295,156,164,184,179,223,61,250,153,276,274,281,206,305,309,62,222,302,245,180,266,265,,,32,136,,,139,300,206,9,192,212,258,150,147,222,256,88,52,43,202,169,169,146,155,305,219,167,237,,167,,,139,11,18,24,96,58,85,85,12,12,64,24,29,64,7,65,118,16,22,60,42,47,33,31,153,178,274,12,153,32,206,18,86,239,139,87,13,65,133,216,,,261,83,,,139,11,200,95,137,93,138,196,205,283,28,38,120,202,206,208,218,289,118,221,99,114,62,232,,102,,,b'\x11\xe8\xe1I\xd7\x06bP\x98|\x12\xdf\x17\xaeN\x1e'
11E8E149-D706-6250-987C-12DF17AE4E1E,2020-ncaa-d2-conf-SIAC,ncaa,7,9,2,9,2,6,9,2,13,10,4,13,8,2,12,5,2,2,8,2,3,2,3,13,13,11,4,8,2,5,8,5,10,5,11,13,13,1,1,13,7,9,10,10,,,6,3,,,8,2,11,2,11,13,8,11,8,8,3,4,3,3,5,9,7,8,7,13,1,9,11,,2,,,8,10,10,11,5,8,12,4,9,7,9,6,6,5,10,5,2,12,12,5,4,5,5,7,5,11,10,13,8,13,11,12,12,5,7,9,1,1,12,12,,,3,2,,,8,11,11,6,8,5,6,8,6,9,6,7,3,1,1,7,6,10,12,11,11,8,1,9,,5,,,b'\x11\xe8\xe1I\xd7\x06bP\x98|\x12\xdf\x17\xaeN\x1e'
11E8E149-D706-6250-987C-12DF17AE4E1E,2020-ncaa-d2-natl,ncaa,193,170,257,188,258,274,292,236,309,276,166,302,285,235,308,246,55,20,277,22,11,181,196,309,304,290,115,272,3,71,104,224,291,164,246,305,309,100,117,308,160,135,136,154,,,118,145,,,163,233,131,11,259,294,112,257,77,283,202,16,6,6,47,53,33,141,49,311,165,112,113,,198,,,165,26,23,64,30,66,186,20,14,13,68,11,139,177,29,176,157,69,109,21,21,16,74,20,261,289,291,214,104,256,246,73,219,87,61,55,32,35,250,260,,,37,9,,,163,67,279,40,174,60,65,180,122,287,11,14,203,238,238,207,268,304,293,304,125,42,54,283,,6,,,b'\x11\xe8\xe1I\xd7\x06bP\x98|\x12\xdf\x17\xaeN\x1e'
11E8E149-D706-6250-987C-12DF17AE4E1E,2022-ncaa-d2-conf-SIAC,ncaa,6,6,8,6,8,11,11,11,10,10,10,10,9,9,12,9,4,5,3,5,4,11,11,12,10,10,5,9,2,9,8,6,2,7,3,10,12,9,12,13,11,11,10,12,,,5,2,,,7,10,10,2,11,11,13,12,11,9,8,4,7,7,11,10,9,5,7,14,10,12,12,,2,,,7,5,6,9,8,5,6,6,10,10,11,11,3,3,3,3,1,5,5,8,4,5,6,11,1,3,2,5,8,5,3,8,8,11,10,11,8,7,4,4,,,5,3,,,7,6,11,4,7,2,9,9,8,7,11,11,1,1,1,4,4,1,5,4,6,10,7,3,,5,,,b'\x11\xe8\xe1I\xd7\x06bP\x98|\x12\xdf\x17\xaeN\x1e'
11E8E149-D706-6250-987C-12DF17AE4E1E,2022-ncaa-d2-natl,ncaa,174,81,281,126,281,283,287,286,268,275,256,261,284,284,280,268,143,121,244,131,23,281,261,281,258,275,162,274,4,155,43,259,163,238,75,290,271,218,286,293,186,118,258,252,,,22,57,,,165,274,53,57,244,267,201,213,105,278,262,27,12,12,130,35,44,131,65,282,293,89,230,,105,,,168,12,15,26,74,30,56,77,27,26,74,71,9,16,11,18,51,21,26,55,29,15,36,94,51,49,163,19,43,19,75,29,168,146,39,52,151,247,33,84,,,197,39,,,165,30,266,16,160,64,129,199,171,239,67,86,31,78,89,179,242,168,106,133,140,32,265,102,,9,,,b'\x11\xe8\xe1I\xd7\x06bP\x98|\x12\xdf\x17\xaeN\x1e'
11E8E149-D706-6250-987C-12DF17AE4E1E,2023-ncaa-d2-conf-SIAC,ncaa,13,13,8,13,11,14,14,13,14,14,11,14,12,10,11,10,7,10,10,11,7,13,13,14,14,12,3,9,3,10,9,14,2,12,8,14,13,3,8,13,14,13,13,13,,,11,14,,,13,14,14,8,14,14,13,14,10,12,10,5,6,7,11,14,10,14,12,14,6,14,13,,13,,,13,7,7,1,14,8,4,14,2,2,14,2,5,10,2,10,10,1,1,14,14,14,6,5,6,1,2,2,9,1,8,3,3,13,12,12,3,8,3,5,,,10,4,,,13,1,13,13,13,10,11,2,11,6,5,2,8,11,11,3,1,1,7,1,6,14,5,6,,7,,,b'\x11\xe8\xe1I\xd7\x06bP\x98|\x12\xdf\x17\xaeN\x1e'
11E8E149-D706-6250-987C-12DF17AE4E1E,2023-ncaa-d2-natl,ncaa,275,226,290,276,291,290,293,293,292,289,260,295,291,288,276,278,182,128,267,130,29,289,289,292,288,286,168,269,3,190,72,294,207,288,180,294,279,109,261,294,283,251,253,230,,,165,296,,,249,292,138,119,288,290,251,268,78,286,283,42,13,13,178,87,63,273,203,295,261,252,199,,293,,,262,11,16,5,223,48,32,141,4,4,231,4,157,239,3,231,280,6,6,165,164,147,44,8,284,23,207,13,72,10,180,9,53,238,102,66,76,214,50,118,,,218,41,,,249,7,283,140,264,134,111,30,227,235,9,2,279,294,294,116,143,127,142,132,66,101,225,157,,33,,,b'\x11\xe8\xe1I\xd7\x06bP\x98|\x12\xdf\x17\xaeN\x1e'
11E8E149-D706-6250-987C-12DF17AE4E1E,2024-ncaa-d2-conf-SIAC,ncaa,9,10,9,9,11,12,13,12,13,11,10,13,10,10,10,9,8,8,5,8,6,12,12,13,12,10,4,9,1,9,11,11,12,12,12,12,9,4,8,9,11,11,11,10,,,5,9,,,9,12,14,6,11,13,12,12,10,10,9,3,7,7,12,12,10,11,13,12,5,11,10,,6,,,9,3,4,4,6,4,3,4,2,4,6,7,7,7,8,6,10,4,2,5,6,6,10,4,13,6,12,6,11,6,12,8,12,10,10,8,3,4,3,3,,,12,8,,,9,3,11,8,9,4,5,5,5,4,2,6,10,10,10,5,1,9,12,11,9,11,3,3,,10,,,b'\x11\xe8\xe1I\xd7\x06bP\x98|\x12\xdf\x17\xaeN\x1e'
11E8E149-D706-6250-987C-12DF17AE4E1E,2024-ncaa-d2-natl,ncaa,216,131,289,186,290,289,290,290,282,287,278,285,284,284,265,260,222,203,198,210,47,289,290,287,270,265,151,265,6,224,122,286,272,280,227,290,219,24,215,272,248,162,236,202,,,15,146,,,171,291,181,51,259,284,221,240,101,278,261,44,31,33,171,118,79,173,130,276,206,145,180,,174,,,174,8,8,9,30,12,19,32,8,10,23,40,70,88,48,83,222,9,10,16,27,26,114,28,280,121,272,14,122,27,227,10,160,242,96,57,29,181,7,19,,,286,175,,,171,9,256,60,174,61,34,135,97,215,20,42,228,255,252,175,199,282,230,267,77,90,183,23,,161,,,b'\x11\xe8\xe1I\xd7\x06bP\x98|\x12\xdf\x17\xaeN\x1e'
11E8E149-D706-6250-987C-12DF17AE4E1E,2025-ncaa-d2-conf-SIAC,genius_ncaa,12,14,4,13,4,6,6,7,7,9,10,10,4,5,5,4,11,10,9,11,10,7,7,6,9,8,6,4,12,13,13,6,12,12,14,8,11,4,5,7,13,13,8,11,,,12,11,,11,14,6,9,4,10,9,10,12,11,5,5,12,13,13,13,11,13,10,14,12,5,13,9,,10,,10,14,14,13,11,9,13,13,9,6,6,6,3,13,12,8,12,8,13,10,7,10,14,6,3,9,12,12,12,13,13,14,12,5,13,13,13,3,5,4,3,,,10,11,,12,14,9,11,14,14,12,11,11,12,14,5,5,11,11,11,14,6,11,12,11,10,13,4,2,,12,,12,b'\x11\xe8\xe1I\xd7\x06bP\x98|\x12\xdf\x17\xaeN\x1e'
11E8E149-D706-6250-987C-12DF17AE4E1E,2025-ncaa-d2-natl,genius_ncaa,243,222,260,245,264,279,277,281,250,268,244,255,258,265,232,217,228,203,256,206,109,280,271,256,254,261,182,202,75,260,221,265,282,277,264,281,261,122,248,279,259,238,241,246,,,158,261,,153,238,266,151,108,271,272,246,232,151,245,228,172,108,116,225,170,218,223,242,284,230,218,214,,259,,213,247,44,29,39,74,78,128,62,21,17,68,19,239,255,37,249,260,65,53,51,76,112,96,23,292,230,282,49,221,107,264,28,58,239,208,101,85,180,22,39,,,269,208,,267,238,34,273,167,249,156,113,185,194,271,30,34,280,290,289,255,228,281,183,249,67,177,166,34,,217,,266,b'\x11\xe8\xe1I\xd7\x06bP\x98|\x12\xdf\x17\xaeN\x1e'
11E8E149-D706-6250-987C-12DF17AE4E1E,2026-ncaa-d2-conf-SIAC,genius_ncaa,12,12,3,12,3,10,10,9,11,10,9,13,8,9,8,8,11,10,8,10,11,10,8,12,12,12,10,8,9,12,14,8,12,10,14,6,1,10,11,10,13,14,13,13,,,14,12,,5,14,6,7,1,14,12,10,11,12,10,9,13,12,12,13,11,13,11,14,8,10,14,13,,14,,5,14,13,12,9,11,10,8,13,12,12,8,13,14,14,8,14,14,11,9,12,12,14,14,12,13,10,12,10,14,10,14,13,8,12,13,13,10,10,1,1,,,10,12,,8,14,9,14,14,14,14,11,9,10,5,13,14,14,14,14,12,8,10,9,10,12,12,10,1,,13,,8,b'\x11\xe8\xe1I\xd7\x06bP\x98|\x12\xdf\x17\xaeN\x1e'
11E8E149-D706-6250-987C-12DF17AE4E1E,2026-ncaa-d2-natl,genius_ncaa,246,196,221,250,233,273,269,258,249,243,201,255,279,281,259,272,246,225,258,213,183,258,237,267,270,286,269,271,98,259,208,266,281,264,261,241,98,202,290,264,268,271,283,282,,,179,274,,42,279,230,45,88,282,266,239,184,82,279,282,214,158,141,248,98,214,242,251,201,285,245,277,,290,,75,284,118,81,64,161,114,81,210,46,76,43,77,273,285,68,284,298,98,81,137,182,207,183,34,293,178,281,68,208,98,261,87,131,221,209,159,188,260,4,3,,,245,221,,213,279,69,289,237,284,271,180,191,220,204,72,144,298,298,298,282,268,275,141,229,165,151,262,3,,189,,184,b'\x11\xe8\xe1I\xd7\x06bP\x98|\x12\xdf\x17\xaeN\x1e'
11E8E149-D70A-BB5C-987C-12DF17AE4E1E,2018-ncaa-d2-conf-Gulf South,ncaa,2,3,1,3,1,3,3,4,3,5,7,3,2,2,2,2,12,13,5,13,14,6,5,2,3,3,5,1,14,7,6,4,4,5,4,2,5,13,11,5,6,7,1,1,,,13,14,,,3,4,12,8,6,3,9,7,11,2,3,13,14,14,12,12,11,6,6,3,9,8,1,,10,,,3,4,3,9,1,4,12,1,5,5,3,3,11,11,3,11,8,9,11,1,2,2,7,5,12,7,4,5,6,5,4,3,4,7,8,2,12,12,3,5,,,11,13,,,3,11,4,2,3,1,1,3,1,5,2,2,7,9,9,4,3,3,1,1,2,9,8,2,,13,,,b'\x11\xe8\xe1I\xd7\n\xbb\\\x98|\x12\xdf\x17\xaeN\x1e'
11E8E149-D70A-BB5C-987C-12DF17AE4E1E,2018-ncaa-d2-natl,ncaa,47,53,41,55,52,94,72,108,48,120,203,35,25,31,54,24,260,262,167,262,256,137,123,29,51,86,93,23,303,166,140,48,11,81,16,54,83,241,225,110,123,144,32,26,,,255,267,,,38,108,235,182,137,99,219,186,278,38,54,296,295,296,262,247,225,67,131,71,174,184,41,,203,,,43,66,54,155,13,65,179,19,84,124,45,98,213,249,30,249,232,178,171,14,18,34,204,103,258,47,11,93,140,62,16,14,26,140,153,39,214,199,56,88,,,235,285,,,38,203,98,16,37,8,11,30,19,78,34,65,150,203,201,42,34,15,18,10,6,214,149,29,,295,,,b'\x11\xe8\xe1I\xd7\n\xbb\\\x98|\x12\xdf\x17\xaeN\x1e'
11E8E149-D70A-BB5C-987C-12DF17AE4E1E,2019-ncaa-d2-conf-Gulf South,ncaa,1,2,1,2,1,2,2,1,4,6,7,4,1,2,1,3,6,5,8,5,6,1,2,3,4,3,2,3,11,8,8,2,3,4,4,3,4,7,3,3,1,2,3,3,,,13,13,,,1,1,9,6,3,4,6,9,10,2,2,10,9,7,7,10,9,5,8,4,3,4,5,,13,,,1,3,1,6,1,2,9,1,3,3,2,3,13,13,5,13,12,11,13,1,3,1,6,1,13,5,3,11,8,11,4,2,5,1,2,1,4,3,12,11,,,5,6,,,1,13,2,1,1,1,1,1,1,5,1,2,11,12,12,2,6,3,4,4,1,2,2,10,,7,,,b'\x11\xe8\xe1I\xd7\n\xbb\\\x98|\x12\xdf\x17\xaeN\x1e'
11E8E149-D70A-BB5C-987C-12DF17AE4E1E,2019-ncaa-d2-natl,ncaa,36,36,46,36,63,65,73,86,72,130,169,97,34,47,29,56,154,136,206,130,126,87,108,51,67,59,59,43,252,177,220,93,32,119,123,90,143,117,74,79,50,46,173,162,,,286,296,,,27,84,200,169,88,101,157,187,246,36,60,209,197,192,172,224,229,156,197,123,65,70,199,,262,,,25,52,26,77,34,54,101,60,35,97,14,99,275,285,58,283,302,116,181,27,47,18,230,52,302,65,32,243,220,170,123,17,42,30,21,8,103,73,85,82,,,113,158,,,27,224,66,12,24,18,6,10,19,29,14,46,246,260,260,22,62,28,152,76,6,47,57,46,,188,,,b'\x11\xe8\xe1I\xd7\n\xbb\\\x98|\x12\xdf\x17\xaeN\x1e'
11E8E149-D70A-BB5C-987C-12DF17AE4E1E,2020-ncaa-d2-conf-Gulf South,ncaa,2,2,3,2,4,3,3,5,3,3,7,2,4,2,6,4,8,9,7,9,5,5,4,3,3,4,7,7,10,4,4,4,2,3,2,2,2,8,6,2,2,2,3,3,,,13,13,,,2,6,8,8,4,3,6,5,8,4,3,10,8,8,5,6,5,5,5,1,5,2,5,,13,,,1,1,1,1,2,1,3,2,1,2,1,4,11,13,2,13,13,2,5,2,2,1,11,2,13,2,2,5,4,1,2,1,3,1,1,1,7,5,8,8,,,8,8,,,2,8,2,1,1,1,1,1,1,1,1,1,11,11,12,1,2,1,2,1,1,2,5,8,,7,,,b'\x11\xe8\xe1I\xd7\n\xbb\\\x98|\x12\xdf\x17\xaeN\x1e'
11E8E149-D70A-BB5C-987C-12DF17AE4E1E,2020-ncaa-d2-natl,ncaa,28,14,102,17,154,67,55,86,44,72,159,26,75,58,140,69,134,139,141,140,135,91,112,44,48,50,153,116,223,110,95,69,10,74,27,44,100,121,86,53,48,36,131,95,,,248,271,,,18,119,120,227,47,41,91,60,184,74,53,138,156,159,93,126,117,59,67,40,98,50,137,,242,,,14,37,17,51,21,18,53,27,63,121,27,173,237,254,69,256,294,76,144,28,36,22,279,135,301,17,10,110,95,56,27,18,72,53,31,11,91,74,65,63,,,141,163,,,18,197,47,9,14,17,10,17,10,27,53,113,224,247,252,36,97,11,77,32,15,54,71,54,,155,,,b'\x11\xe8\xe1I\xd7\n\xbb\\\x98|\x12\xdf\x17\xaeN\x1e'
11E8E149-D70A-BB5C-987C-12DF17AE4E1E,2021-ncaa-d2-conf-Gulf South,ncaa,3,4,2,4,2,2,2,2,2,4,5,2,1,2,1,3,6,7,6,7,8,2,2,2,2,2,3,2,13,6,11,3,6,4,7,1,1,11,5,1,2,2,4,6,,,13,11,,,3,1,4,5,2,2,7,6,11,1,3,11,12,12,7,7,12,6,9,1,6,2,6,,10,,,3,11,10,11,3,10,11,3,12,12,10,7,13,13,8,13,11,11,13,4,4,3,12,10,11,10,6,12,11,11,7,11,10,2,2,3,10,6,9,7,,,5,12,,,3,13,2,3,3,5,4,3,3,6,9,6,8,8,10,4,9,5,5,6,3,2,6,5,,11,,,b'\x11\xe8\xe1I\xd7\n\xbb\\\x98|\x12\xdf\x17\xaeN\x1e'
11E8E149-D70A-BB5C-987C-12DF17AE4E1E,2021-ncaa-d2-natl,ncaa,23,112,12,56,15,17,18,20,30,37,64,28,6,8,25,25,50,49,92,48,93,23,20,19,20,29,40,28,196,79,178,20,90,29,124,14,33,206,107,38,9,29,75,130,,,221,168,,,26,16,100,100,52,58,119,122,197,13,30,157,170,168,134,145,187,118,160,27,96,32,151,,155,,,37,191,176,196,61,157,181,65,203,206,131,144,214,215,123,215,183,199,210,76,87,56,191,160,185,193,90,206,178,209,124,180,110,7,37,37,199,115,108,50,,,43,181,,,26,210,43,55,36,60,42,43,32,53,133,122,148,143,151,61,113,87,80,81,60,40,118,21,,187,,,b'\x11\xe8\xe1I\xd7\n\xbb\\\x98|\x12\xdf\x17\xaeN\x1e'
11E8E149-D70A-BB5C-987C-12DF17AE4E1E,2022-ncaa-d2-conf-Gulf South,ncaa,3,3,1,3,1,1,1,2,3,1,3,1,5,3,4,6,4,7,2,7,8,2,2,3,3,3,8,8,10,7,9,1,4,3,4,2,4,11,6,4,3,4,1,1,,,13,11,,,3,1,6,8,4,3,5,1,9,5,7,9,10,10,8,8,10,7,8,3,6,4,1,,10,,,3,11,9,12,3,9,10,3,2,8,1,4,13,13,10,13,13,13,13,3,3,3,7,2,13,7,4,11,9,10,4,9,7,3,3,3,9,6,6,6,,,4,10,,,3,13,3,2,3,3,2,2,5,4,2,3,10,11,11,4,6,4,3,4,4,4,5,6,,10,,,b'\x11\xe8\xe1I\xd7\n\xbb\\\x98|\x12\xdf\x17\xaeN\x1e'
11E8E149-D70A-BB5C-987C-12DF17AE4E1E,2022-ncaa-d2-natl,ncaa,31,35,30,36,42,38,36,73,16,43,127,9,48,50,75,80,56,87,19,87,92,71,77,14,11,18,121,114,172,172,178,58,79,84,83,36,105,177,120,52,76,111,47,40,,,286,267,,,27,68,202,221,50,56,219,86,245,74,101,100,163,161,215,239,242,144,209,56,87,131,67,,229,,,28,187,136,187,49,126,160,85,143,213,47,160,288,289,169,288,289,219,225,54,95,80,259,123,294,161,79,152,178,152,83,115,120,61,94,49,156,100,55,42,,,88,141,,,27,237,29,67,26,49,13,25,26,37,76,112,254,246,247,49,68,82,25,31,41,129,72,21,,202,,,b'\x11\xe8\xe1I\xd7\n\xbb\\\x98|\x12\xdf\x17\xaeN\x1e'
11E8E149-D70A-BB5C-987C-12DF17AE4E1E,2023-ncaa-d2-conf-Gulf South,ncaa,2,2,2,2,2,2,2,2,1,1,4,1,3,3,2,3,7,8,2,8,10,2,3,2,2,2,9,3,13,7,10,3,5,4,5,2,5,1,1,1,4,4,3,3,,,13,13,,,2,2,7,1,2,1,4,1,8,3,3,11,11,11,6,7,12,6,7,2,1,4,4,,11,,,2,5,2,4,3,4,6,3,1,3,1,4,13,13,10,13,13,8,12,2,4,2,9,1,13,5,5,11,10,8,5,3,6,3,3,3,4,3,12,9,,,7,11,,,2,12,2,3,2,3,1,2,3,2,1,3,11,9,9,3,6,4,5,4,3,4,3,9,,9,,,b'\x11\xe8\xe1I\xd7\n\xbb\\\x98|\x12\xdf\x17\xaeN\x1e'
11E8E149-D70A-BB5C-987C-12DF17AE4E1E,2023-ncaa-d2-natl,ncaa,19,29,17,27,18,30,20,34,17,34,93,11,25,32,68,51,136,175,54,165,212,48,57,16,20,21,147,73,278,134,185,93,75,102,138,26,100,113,57,28,50,80,134,133,,,282,267,,,24,49,253,107,55,39,167,70,233,52,64,229,263,258,200,254,227,242,257,41,31,117,191,,205,,,24,203,140,168,114,140,141,133,146,187,81,149,285,277,252,278,272,200,234,114,160,100,242,114,282,113,75,213,185,177,138,143,141,32,46,48,113,55,160,121,,,117,215,,,24,249,24,77,23,39,13,3,23,15,73,91,233,206,209,9,31,32,48,31,49,88,37,81,,254,,,b'\x11\xe8\xe1I\xd7\n\xbb\\\x98|\x12\xdf\x17\xaeN\x1e'
11E8E149-D70A-BB5C-987C-12DF17AE4E1E,2024-ncaa-d2-conf-Gulf South,ncaa,3,3,1,3,1,3,3,3,5,4,8,2,6,3,9,3,2,2,3,2,3,3,4,3,3,3,6,6,7,4,5,3,6,5,5,3,8,6,4,4,3,3,3,2,,,13,13,,,3,3,12,5,5,6,8,5,12,7,4,3,5,6,8,11,6,6,8,5,4,5,4,,13,,,3,3,1,3,1,1,3,2,3,4,3,3,13,13,9,13,13,9,12,2,3,3,13,5,13,8,6,7,5,6,5,2,8,3,3,3,7,5,7,8,,,2,1,,,3,11,4,3,3,2,1,2,1,2,1,2,12,12,12,2,2,4,3,2,2,4,4,4,,2,,,b'\x11\xe8\xe1I\xd7\n\xbb\\\x98|\x12\xdf\x17\xaeN\x1e'
11E8E149-D70A-BB5C-987C-12DF17AE4E1E,2024-ncaa-d2-natl,ncaa,55,93,26,80,38,75,79,109,52,100,208,12,64,29,182,28,76,120,30,116,52,110,117,46,37,50,85,95,144,156,131,135,100,144,95,68,105,128,109,80,116,130,100,64,,,296,299,,,55,105,290,129,133,154,265,175,289,94,61,135,186,185,262,285,224,251,257,121,61,175,136,,287,,,59,156,44,79,58,34,70,47,167,165,149,166,296,295,236,295,298,148,183,70,158,122,293,165,298,112,100,98,131,90,95,56,138,70,67,40,132,114,117,149,,,41,21,,,55,195,57,98,53,29,5,1,7,7,91,82,288,279,278,7,11,35,10,11,20,134,64,58,,89,,,b'\x11\xe8\xe1I\xd7\n\xbb\\\x98|\x12\xdf\x17\xaeN\x1e'
11E8E149-D70A-BB5C-987C-12DF17AE4E1E,2025-ncaa-d2-conf-Gulf South,genius_ncaa,3,3,2,3,2,4,4,4,4,6,9,3,4,4,4,2,7,8,2,7,4,5,4,3,3,3,3,3,8,11,11,3,2,5,2,3,2,6,7,3,5,6,10,9,,,9,9,,6,3,3,8,4,5,6,10,8,12,4,4,8,10,10,10,10,12,4,9,5,4,8,10,,6,,4,3,4,2,5,3,3,6,3,2,6,1,9,11,11,10,11,10,6,9,2,3,3,9,3,11,2,2,8,11,4,2,4,8,2,2,2,4,4,11,11,,,2,1,,1,3,10,3,2,3,1,1,1,1,2,2,6,9,8,8,1,3,1,5,3,3,4,3,10,,3,,2,b'\x11\xe8\xe1I\xd7\n\xbb\\\x98|\x12\xdf\x17\xaeN\x1e'
11E8E149-D70A-BB5C-987C-12DF17AE4E1E,2025-ncaa-d2-natl,genius_ncaa,32,31,43,31,43,79,84,141,46,133,235,11,36,30,78,22,140,185,43,182,92,144,137,24,21,37,52,43,215,216,219,107,32,153,108,63,70,152,159,71,125,135,232,213,,,215,217,,131,44,116,273,19,117,127,267,209,293,48,55,201,237,238,275,284,267,196,253,77,91,171,262,,132,,100,49,106,79,106,96,73,55,184,144,227,36,246,220,218,149,219,269,122,165,103,122,78,247,166,238,44,32,143,219,84,108,78,119,66,52,47,123,125,118,207,,,70,38,,29,44,197,56,52,38,33,21,9,20,5,95,169,160,157,155,15,26,18,54,22,33,104,69,86,,114,,39,b'\x11\xe8\xe1I\xd7\n\xbb\\\x98|\x12\xdf\x17\xaeN\x1e'
11E8E149-D70A-BB5C-987C-12DF17AE4E1E,2026-ncaa-d2-conf-Gulf South,genius_ncaa,3,3,1,3,1,4,5,2,9,5,6,6,3,3,8,4,2,4,5,4,2,2,4,9,6,6,4,4,3,4,7,3,4,4,4,4,2,6,6,6,4,3,1,2,,,11,12,,10,4,3,7,1,6,8,5,8,9,3,3,3,4,4,4,6,6,3,6,5,6,5,2,,9,,10,4,6,5,7,1,4,9,1,7,3,11,1,10,12,4,12,12,8,9,1,2,2,10,6,12,8,4,9,7,7,4,6,10,3,4,5,6,4,4,5,,,5,8,,1,4,10,6,2,5,2,1,3,1,7,5,1,9,11,11,4,5,4,7,4,3,5,3,4,,7,,1,b'\x11\xe8\xe1I\xd7\n\xbb\\\x98|\x12\xdf\x17\xaeN\x1e'
11E8E149-D70A-BB5C-987C-12DF17AE4E1E,2026-ncaa-d2-natl,genius_ncaa,65,53,141,74,170,145,163,180,114,142,185,71,188,161,219,144,81,137,33,131,95,175,202,136,102,69,172,206,54,171,137,163,37,168,58,153,149,41,38,68,188,146,65,49,,,135,249,,183,95,208,235,88,109,139,168,118,175,189,149,52,105,97,146,228,172,122,155,137,32,183,56,,164,,202,87,97,81,68,153,93,103,80,75,30,254,32,198,184,199,178,225,76,77,148,184,169,180,95,258,50,37,98,137,71,58,91,146,200,153,134,27,15,51,58,,,142,52,,57,95,87,70,132,91,87,63,20,80,124,76,16,234,222,214,36,28,34,71,40,94,199,10,49,,92,,46,b'\x11\xe8\xe1I\xd7\n\xbb\\\x98|\x12\xdf\x17\xaeN\x1e'
11E8E149-D70E-F500-987C-12DF17AE4E1E,2018-ncaa-d2-conf-Conference Carolinas,ncaa,7,7,5,7,5,7,6,5,8,8,7,8,5,2,9,2,5,6,3,6,6,5,7,8,8,8,3,4,4,6,5,9,10,8,10,7,5,2,2,4,4,4,4,4,,,11,11,,,7,6,5,3,7,7,2,9,7,4,2,5,6,6,3,4,6,11,9,6,2,5,4,,11,,,7,5,3,2,5,1,2,5,6,4,10,3,11,11,11,11,11,5,8,6,7,6,11,5,11,10,10,10,5,10,10,6,6,3,2,3,5,5,2,2,,,8,6,,,7,7,8,7,7,7,3,2,1,3,7,3,11,11,11,5,8,9,8,9,5,2,5,3,,6,,,b'\x11\xe8\xe1I\xd7\x0e\xf5\x00\x98|\x12\xdf\x17\xaeN\x1e'
11E8E149-D70E-F500-987C-12DF17AE4E1E,2018-ncaa-d2-natl,ncaa,196,206,148,204,156,106,115,50,251,184,145,259,31,17,138,31,140,168,101,174,200,62,94,206,209,148,24,20,187,87,188,150,250,126,265,136,191,59,28,88,119,168,111,116,,,289,276,,,183,95,36,62,62,93,10,203,116,15,7,120,156,162,14,31,63,129,86,128,63,115,103,,302,,,182,257,162,189,121,113,183,74,230,174,271,121,305,297,288,296,290,232,227,144,209,186,290,174,302,259,250,297,188,289,265,136,108,77,113,73,94,59,105,100,,,195,270,,,183,217,137,214,180,270,186,224,128,208,242,193,307,299,299,272,284,273,299,296,151,63,103,113,,195,,,b'\x11\xe8\xe1I\xd7\x0e\xf5\x00\x98|\x12\xdf\x17\xaeN\x1e'
11E8E149-D70E-F500-987C-12DF17AE4E1E,2019-ncaa-d2-conf-Conference Carolinas,ncaa,5,5,5,5,5,6,6,3,8,6,4,8,4,2,6,3,10,9,8,8,10,3,5,7,8,8,4,3,10,6,7,9,10,9,10,3,2,1,2,2,4,5,3,3,,,8,7,,,7,4,2,1,4,4,2,4,5,4,2,10,9,8,2,3,5,9,8,3,2,3,3,,8,,,7,10,9,8,8,7,7,6,8,7,9,6,11,9,11,9,8,7,9,8,9,10,9,8,10,9,10,11,7,11,10,9,9,1,2,8,5,4,5,5,,,9,10,,,7,7,7,10,8,10,10,9,6,8,9,7,10,8,8,8,11,10,11,11,10,1,6,5,,8,,,b'\x11\xe8\xe1I\xd7\x0e\xf5\x00\x98|\x12\xdf\x17\xaeN\x1e'
11E8E149-D70E-F500-987C-12DF17AE4E1E,2019-ncaa-d2-natl,ncaa,145,160,118,153,118,111,102,45,240,170,123,241,48,34,142,48,242,228,196,226,260,63,80,206,229,173,69,36,278,107,223,172,286,145,290,92,94,83,35,64,99,154,54,75,,,252,183,,,212,79,75,6,92,86,13,177,120,34,21,258,242,240,22,46,98,202,147,75,84,103,53,,248,,,205,279,228,235,151,224,242,123,210,173,216,95,288,268,290,262,207,248,259,155,198,180,201,116,259,287,286,302,223,302,290,240,185,74,113,133,95,53,133,93,,,226,288,,,212,234,174,222,197,267,232,262,214,260,209,168,288,266,263,276,284,291,298,302,227,60,89,116,,245,,,b'\x11\xe8\xe1I\xd7\x0e\xf5\x00\x98|\x12\xdf\x17\xaeN\x1e'
11E8E149-D70E-F500-987C-12DF17AE4E1E,2020-ncaa-d2-conf-Conference Carolinas,ncaa,9,8,9,9,9,10,10,10,10,11,8,10,9,8,6,7,10,10,8,10,9,10,10,8,8,8,5,4,7,7,8,11,10,11,10,10,9,2,6,8,3,2,12,10,,,11,12,,,8,11,10,2,10,10,7,11,6,7,7,10,9,9,7,7,6,11,11,10,6,2,12,,12,,,8,7,2,1,11,1,1,11,10,7,9,12,11,11,11,11,12,2,2,11,11,11,12,10,12,3,10,7,8,4,10,9,12,4,2,7,3,6,6,9,,,12,12,,,8,2,8,10,8,8,7,2,1,1,10,8,12,12,12,2,6,5,11,9,10,1,6,8,,12,,,b'\x11\xe8\xe1I\xd7\x0e\xf5\x00\x98|\x12\xdf\x17\xaeN\x1e'
11E8E149-D70E-F500-987C-12DF17AE4E1E,2020-ncaa-d2-natl,ncaa,223,279,17,249,20,132,122,41,249,143,57,268,99,86,151,150,189,142,264,148,249,53,46,239,248,232,133,95,227,58,175,206,288,143,284,210,279,234,145,227,36,64,276,283,,,306,300,,,272,49,139,40,207,197,88,219,115,141,126,252,201,207,109,110,97,292,243,258,153,57,292,,299,,,256,292,278,220,273,242,147,279,289,274,251,231,296,295,145,297,295,258,289,284,292,227,260,210,235,283,288,306,175,305,284,297,280,25,53,137,183,107,188,112,,,193,294,,,272,273,222,244,251,248,207,95,155,47,249,218,271,272,272,145,223,242,284,274,261,46,112,139,,279,,,b'\x11\xe8\xe1I\xd7\x0e\xf5\x00\x98|\x12\xdf\x17\xaeN\x1e'
11E8E149-D70E-F500-987C-12DF17AE4E1E,2021-ncaa-d2-conf-Conference Carolinas,ncaa,6,8,2,8,2,6,6,2,9,5,3,8,7,6,9,8,6,5,7,5,11,2,2,9,9,9,8,8,7,1,5,3,9,2,9,4,3,8,5,6,1,1,6,6,,,11,10,,,8,2,5,6,8,8,4,6,3,8,6,8,7,8,4,3,3,6,5,4,5,1,6,,11,,,8,10,8,9,8,8,6,7,9,9,8,7,11,11,5,11,11,10,10,8,9,9,10,7,9,10,9,11,5,11,9,11,11,1,5,9,9,7,7,6,,,8,10,,,8,10,8,9,8,9,9,7,5,5,9,8,9,10,10,10,10,10,10,10,11,4,7,7,,10,,,b'\x11\xe8\xe1I\xd7\x0e\xf5\x00\x98|\x12\xdf\x17\xaeN\x1e'
11E8E149-D70E-F500-987C-12DF17AE4E1E,2021-ncaa-d2-natl,ncaa,106,156,99,134,104,129,124,96,188,113,81,193,131,111,178,135,138,124,174,124,188,101,100,193,199,193,154,126,147,53,65,124,207,104,178,109,82,126,103,122,41,30,133,150,,,174,200,,,191,107,97,121,170,162,71,135,59,152,115,183,158,161,82,82,44,179,100,119,128,28,164,,210,,,178,129,118,115,110,107,99,106,155,151,142,172,160,189,30,191,211,122,128,134,128,104,193,172,178,188,207,143,65,155,178,161,202,70,68,112,127,101,132,92,,,143,215,,,191,122,170,134,174,144,103,112,71,63,179,175,180,202,202,144,159,198,167,192,181,55,124,113,,212,,,b'\x11\xe8\xe1I\xd7\x0e\xf5\x00\x98|\x12\xdf\x17\xaeN\x1e'
11E8E149-D70E-F500-987C-12DF17AE4E1E,2022-ncaa-d2-conf-Conference Carolinas,ncaa,9,9,3,9,4,9,6,5,8,7,5,8,9,8,6,6,11,11,10,11,12,9,7,7,8,9,8,5,10,9,9,9,12,10,11,7,9,6,8,8,1,2,7,8,,,12,13,,,9,8,9,10,11,8,9,8,7,10,8,12,12,11,11,11,10,11,12,8,6,1,8,,13,,,9,10,7,5,8,5,4,9,8,8,9,9,13,12,11,12,13,9,9,9,10,8,11,8,13,12,12,10,9,11,11,11,13,4,7,11,6,7,2,3,,,11,12,,,9,6,9,11,9,9,7,4,5,3,8,7,13,13,13,6,7,11,9,10,12,8,6,1,,12,,,b'\x11\xe8\xe1I\xd7\x0e\xf5\x00\x98|\x12\xdf\x17\xaeN\x1e'
11E8E149-D70E-F500-987C-12DF17AE4E1E,2022-ncaa-d2-natl,ncaa,200,241,106,218,133,187,169,132,212,148,106,219,199,189,211,195,238,220,221,215,265,145,131,228,239,238,237,187,232,158,207,201,283,197,279,157,134,210,200,195,58,59,154,157,,,258,251,,,250,128,160,179,254,217,159,179,121,220,207,264,253,248,197,179,182,264,243,183,187,58,169,,251,,,239,200,150,158,120,128,133,130,196,205,165,176,277,274,187,275,278,190,203,138,179,159,262,174,271,282,283,226,207,255,279,286,298,82,103,221,139,134,45,28,,,218,267,,,250,168,250,199,243,180,113,118,85,88,177,188,272,263,263,174,200,274,214,260,281,92,118,36,,271,,,b'\x11\xe8\xe1I\xd7\x0e\xf5\x00\x98|\x12\xdf\x17\xaeN\x1e'
11E8E149-D70E-F500-987C-12DF17AE4E1E,2023-ncaa-d2-conf-Conference Carolinas,ncaa,13,13,9,13,10,11,11,11,12,12,12,12,7,3,10,2,12,12,8,12,12,11,11,11,12,11,3,2,10,8,8,11,8,12,8,11,11,9,10,10,13,13,10,9,,,9,12,,,13,12,10,7,11,11,7,12,11,6,2,11,12,12,8,7,6,11,10,11,9,13,9,,10,,,13,10,9,5,11,8,3,12,12,9,12,11,11,11,10,11,13,5,3,13,13,13,11,10,8,5,8,7,8,5,8,7,5,13,12,13,9,11,5,9,,,11,10,,,13,2,11,13,13,12,12,7,9,4,13,12,12,12,12,8,5,7,13,9,10,13,11,5,,11,,,b'\x11\xe8\xe1I\xd7\x0e\xf5\x00\x98|\x12\xdf\x17\xaeN\x1e'
11E8E149-D70E-F500-987C-12DF17AE4E1E,2023-ncaa-d2-natl,ncaa,287,279,255,289,272,288,287,256,291,293,279,292,168,124,235,38,291,291,223,291,260,278,258,285,285,288,52,27,243,149,115,273,226,247,216,283,240,202,276,283,276,271,212,152,,,122,243,,,287,266,147,208,289,285,152,294,237,109,52,287,284,285,216,111,70,225,146,279,274,267,174,,238,,,289,83,63,36,208,60,23,248,117,131,130,223,188,174,184,172,275,48,32,218,233,247,236,168,243,109,226,77,115,79,216,71,147,255,210,198,210,270,125,241,,,290,294,,,287,30,286,264,291,247,199,153,172,76,215,230,271,268,265,209,162,208,229,233,173,203,268,191,,288,,,b'\x11\xe8\xe1I\xd7\x0e\xf5\x00\x98|\x12\xdf\x17\xaeN\x1e'
11E8E149-D70E-F500-987C-12DF17AE4E1E,2024-ncaa-d2-conf-Conference Carolinas,ncaa,13,12,13,13,14,13,13,14,12,11,7,12,14,13,9,12,11,11,10,12,11,14,13,12,12,12,9,9,9,10,10,11,11,12,12,13,13,8,13,13,13,13,9,8,,,5,7,,,12,11,2,14,12,12,8,10,5,13,12,10,10,11,7,6,10,10,11,13,12,12,5,,10,,,12,12,12,4,11,12,10,10,6,2,14,2,10,11,6,11,9,5,5,11,11,13,5,6,9,8,11,12,10,10,12,7,4,11,8,9,14,14,14,13,,,11,8,,,12,3,13,13,12,13,13,11,13,13,10,3,12,13,13,13,12,11,14,14,10,7,14,14,,9,,,b'\x11\xe8\xe1I\xd7\x0e\xf5\x00\x98|\x12\xdf\x17\xaeN\x1e'
11E8E149-D70E-F500-987C-12DF17AE4E1E,2024-ncaa-d2-natl,ncaa,283,264,275,284,286,280,280,276,270,271,247,278,273,270,238,236,246,242,221,245,177,278,272,272,269,285,185,225,61,252,240,264,238,274,268,282,231,202,283,287,242,223,249,244,,,64,163,,,277,264,26,296,261,266,182,225,97,249,240,154,124,130,177,73,191,183,204,263,283,188,221,,221,,,277,65,59,29,244,108,78,203,40,24,249,35,175,184,107,179,226,35,39,223,230,197,102,52,235,117,238,82,240,84,268,88,176,176,95,128,247,285,140,202,,,249,149,,,277,36,286,220,277,259,247,207,265,258,121,58,275,276,275,245,263,243,272,273,233,57,292,232,,100,,,b'\x11\xe8\xe1I\xd7\x0e\xf5\x00\x98|\x12\xdf\x17\xaeN\x1e'
11E8E149-D70E-F500-987C-12DF17AE4E1E,2025-ncaa-d2-conf-Conference Carolinas,genius_ncaa,12,12,10,12,10,8,12,5,14,15,13,14,3,2,5,1,12,11,7,12,8,5,6,13,10,11,2,1,7,11,13,13,12,14,14,10,10,7,7,9,1,3,10,11,,,9,4,,2,12,4,3,8,9,11,3,15,13,3,1,10,10,11,6,5,11,11,13,10,9,2,11,,10,,3,12,14,15,11,14,15,11,14,11,7,12,6,10,10,12,10,8,12,12,14,14,14,3,6,10,13,12,14,13,14,14,13,11,3,7,12,11,10,6,8,,,12,13,,8,12,12,12,14,12,13,14,12,14,13,12,9,11,11,11,12,13,12,15,13,12,2,12,8,,10,,8,b'\x11\xe8\xe1I\xd7\x0e\xf5\x00\x98|\x12\xdf\x17\xaeN\x1e'
11E8E149-D70E-F500-987C-12DF17AE4E1E,2025-ncaa-d2-natl,genius_ncaa,243,222,260,245,266,256,274,223,289,289,272,289,112,84,184,38,213,232,111,233,114,226,232,274,265,254,11,31,100,244,258,277,284,283,292,252,162,117,189,237,52,29,241,241,,,90,116,,41,267,222,26,207,209,247,60,292,217,60,22,142,152,161,75,64,191,264,249,219,224,16,214,,205,,70,266,124,139,60,267,182,110,263,70,50,175,80,134,159,73,145,177,69,97,252,251,193,55,69,159,212,284,209,258,219,292,181,205,101,61,135,181,250,44,92,,,256,225,,195,267,74,264,216,265,265,275,243,285,257,134,115,220,232,227,259,279,270,297,295,258,34,260,74,,160,,154,b'\x11\xe8\xe1I\xd7\x0e\xf5\x00\x98|\x12\xdf\x17\xaeN\x1e'
11E8E149-D70E-F500-987C-12DF17AE4E1E,2026-ncaa-d2-conf-Conference Carolinas,genius_ncaa,2,4,3,5,3,5,6,6,7,7,5,13,5,6,4,10,1,2,1,2,1,6,7,6,4,3,2,6,1,10,16,8,16,9,16,3,4,11,8,5,1,5,2,4,,,11,2,,2,8,5,2,3,5,13,12,12,10,5,10,1,2,1,9,11,15,15,16,4,7,3,2,,7,,2,8,11,11,12,5,14,14,5,11,10,12,2,13,15,8,15,9,12,13,5,5,4,6,5,12,15,16,13,16,14,16,10,6,1,3,2,11,7,13,10,,,2,1,,1,8,13,6,10,7,12,10,11,11,14,7,5,10,12,12,13,15,16,13,14,7,1,7,9,,1,,1,b'\x11\xe8\xe1I\xd7\x0e\xf5\x00\x98|\x12\xdf\x17\xaeN\x1e'
11E8E149-D70E-F500-987C-12DF17AE4E1E,2026-ncaa-d2-natl,genius_ncaa,157,98,221,135,233,209,245,250,179,259,260,231,141,193,46,130,44,88,9,90,7,237,239,128,55,73,5,93,9,284,291,244,255,271,287,217,124,69,168,172,126,97,177,172,,,37,17,,9,134,224,24,88,66,189,196,245,219,62,118,5,17,18,121,111,281,164,262,156,167,57,134,,67,,15,133,91,100,84,169,114,107,114,103,62,233,74,75,123,18,124,159,85,99,166,133,100,121,146,129,160,255,109,291,130,287,108,125,137,78,95,93,183,105,202,,,103,8,,47,134,87,131,117,120,216,228,253,220,267,181,124,150,234,235,267,284,260,254,269,196,37,190,168,,5,,14,b'\x11\xe8\xe1I\xd7\x0e\xf5\x00\x98|\x12\xdf\x17\xaeN\x1e'
11E8E149-D713-4DBC-987C-12DF17AE4E1E,2018-ncaa-d2-conf-SAC,ncaa,8,8,5,8,6,7,6,8,4,8,8,5,5,6,6,4,11,11,2,11,11,9,9,5,4,6,6,5,11,7,6,8,9,8,8,4,2,5,7,4,6,7,6,6,,,1,3,,,7,9,9,6,8,7,9,8,9,5,5,11,11,11,9,9,8,8,8,4,7,7,5,,2,,,7,4,3,5,3,3,2,6,5,8,2,10,3,1,11,1,4,5,4,3,4,6,6,7,6,10,9,1,6,4,8,9,10,7,7,10,7,8,7,10,,,11,11,,,7,3,6,8,7,5,6,7,5,3,7,10,3,3,3,7,4,10,2,6,9,7,8,8,,11,,,b'\x11\xe8\xe1I\xd7\x13M\xbc\x98|\x12\xdf\x17\xaeN\x1e'
11E8E149-D713-4DBC-987C-12DF17AE4E1E,2018-ncaa-d2-natl,ncaa,125,147,64,139,96,105,79,107,61,78,120,57,108,117,110,130,227,254,75,253,286,130,132,69,81,110,227,142,284,113,77,114,276,113,152,33,15,210,181,51,153,191,116,146,,,125,65,,,116,128,207,226,126,87,170,87,158,128,154,262,282,282,213,203,135,172,143,26,159,193,132,,68,,,120,206,220,253,87,213,236,122,177,239,39,183,171,141,258,139,85,243,219,82,86,118,137,135,130,293,276,96,77,212,152,258,258,152,208,230,235,227,203,176,,,204,253,,,116,184,95,177,115,135,148,222,157,192,140,208,130,96,95,201,174,282,38,147,228,202,198,167,,257,,,b'\x11\xe8\xe1I\xd7\x13M\xbc\x98|\x12\xdf\x17\xaeN\x1e'
11E8E149-D713-4DBC-987C-12DF17AE4E1E,2019-ncaa-d2-conf-SAC,ncaa,4,5,3,5,4,5,5,5,5,5,4,5,6,6,7,6,6,8,2,8,11,5,6,6,5,3,8,6,7,6,8,4,3,5,6,5,2,3,4,3,7,7,5,5,,,6,5,,,6,5,9,11,5,5,5,6,6,6,6,6,10,10,6,11,8,4,5,5,2,7,6,,4,,,6,8,6,7,6,3,7,5,9,8,9,8,9,7,11,7,6,6,7,6,6,7,9,8,5,4,3,10,8,8,6,10,9,7,7,10,4,5,4,3,,,6,5,,,6,8,5,7,5,5,4,5,3,4,8,8,8,6,6,4,3,5,7,6,10,9,5,4,,7,,,b'\x11\xe8\xe1I\xd7\x13M\xbc\x98|\x12\xdf\x17\xaeN\x1e'
11E8E149-D713-4DBC-987C-12DF17AE4E1E,2019-ncaa-d2-natl,ncaa,97,123,46,112,49,75,80,63,153,76,61,146,119,117,169,176,82,152,9,150,246,68,71,153,138,116,180,184,148,86,118,67,149,70,120,41,33,163,98,51,133,175,80,93,,,226,157,,,116,76,188,66,121,118,97,119,109,154,162,128,207,208,118,161,114,105,97,45,104,178,94,,155,,,117,237,203,250,109,147,217,66,275,237,276,184,246,226,236,225,176,245,243,127,140,151,260,257,196,238,149,234,118,241,120,290,294,113,166,232,238,176,177,97,,,90,150,,,116,242,99,162,114,152,119,147,78,138,240,184,188,172,175,149,161,180,141,157,255,165,177,123,,155,,,b'\x11\xe8\xe1I\xd7\x13M\xbc\x98|\x12\xdf\x17\xaeN\x1e'
11E8E149-D713-4DBC-987C-12DF17AE4E1E,2020-ncaa-d2-conf-SAC,ncaa,7,7,5,7,5,6,6,5,4,3,6,5,8,7,10,8,6,5,6,5,7,5,5,7,7,6,8,8,6,9,9,3,9,5,9,4,3,3,5,4,9,10,3,4,,,5,3,,,8,5,7,3,6,6,5,5,4,8,8,7,6,6,5,6,9,3,4,4,4,11,3,,4,,,8,10,9,10,3,11,11,3,6,4,6,3,7,8,4,8,2,10,7,4,3,9,4,4,3,11,9,10,9,12,9,7,3,12,12,11,5,4,7,7,,,5,5,,,8,7,6,9,8,10,10,11,10,11,5,6,6,6,6,10,9,11,11,10,6,11,5,8,,5,,,b'\x11\xe8\xe1I\xd7\x13M\xbc\x98|\x12\xdf\x17\xaeN\x1e'
11E8E149-D713-4DBC-987C-12DF17AE4E1E,2020-ncaa-d2-natl,ncaa,179,220,54,203,65,117,106,73,175,84,69,160,174,139,225,196,103,87,189,86,157,68,75,194,194,181,207,217,122,86,148,79,255,69,203,79,67,199,139,111,204,259,32,73,,,206,129,,,193,74,146,85,157,153,118,115,101,197,174,124,119,116,106,113,114,114,107,95,147,239,38,,154,,,190,266,281,288,162,281,299,115,178,152,209,50,152,178,56,170,52,282,256,136,110,177,53,98,83,300,255,258,148,294,203,252,146,189,258,242,170,119,275,242,,,53,103,,,193,231,179,221,202,215,243,273,256,294,139,107,119,150,140,262,217,283,205,260,214,234,138,261,,79,,,b'\x11\xe8\xe1I\xd7\x13M\xbc\x98|\x12\xdf\x17\xaeN\x1e'
11E8E149-D713-4DBC-987C-12DF17AE4E1E,2021-ncaa-d2-conf-SAC,ncaa,11,11,2,11,2,8,6,5,8,6,5,9,8,9,5,9,10,10,3,10,13,8,6,7,8,9,9,8,10,4,6,6,6,5,7,6,5,9,10,7,7,7,11,11,,,11,10,,,10,5,13,3,12,11,11,7,6,10,10,13,13,13,12,12,7,12,10,7,5,9,12,,5,,,10,9,7,6,10,8,8,9,7,4,8,5,11,11,9,10,9,7,7,9,9,9,6,4,10,5,6,7,6,7,7,7,6,7,7,9,8,9,12,11,,,10,11,,,10,9,10,8,10,4,4,2,5,5,5,3,7,6,5,3,1,4,4,3,5,11,3,11,,12,,,b'\x11\xe8\xe1I\xd7\x13M\xbc\x98|\x12\xdf\x17\xaeN\x1e'
11E8E149-D713-4DBC-987C-12DF17AE4E1E,2021-ncaa-d2-natl,ncaa,125,199,47,167,51,87,77,73,129,78,50,164,81,102,59,161,96,107,84,106,191,76,75,132,141,133,149,117,148,46,63,73,122,64,92,60,85,151,90,90,99,160,141,193,,,171,158,,,155,81,214,43,162,142,148,132,86,133,178,181,185,184,160,177,78,166,130,112,63,172,194,,106,,,142,158,157,151,140,166,163,114,139,120,156,62,187,182,155,175,133,153,152,135,146,154,103,80,156,160,122,153,63,152,92,160,100,88,142,133,127,68,206,164,,,88,165,,,155,148,120,158,143,92,84,42,111,99,79,46,137,121,117,50,33,91,70,68,85,176,43,182,,195,,,b'\x11\xe8\xe1I\xd7\x13M\xbc\x98|\x12\xdf\x17\xaeN\x1e'
11E8E149-D713-4DBC-987C-12DF17AE4E1E,2022-ncaa-d2-conf-SAC,ncaa,8,8,8,8,8,7,6,12,3,6,5,4,11,13,5,12,9,10,3,10,13,12,12,4,4,5,12,12,7,11,8,11,10,12,8,5,5,6,8,6,5,4,6,6,,,4,6,,,7,12,10,1,7,6,11,5,4,11,13,9,9,9,12,12,11,10,12,4,8,5,5,,5,,,7,4,3,3,9,2,4,6,8,3,13,6,4,4,11,4,8,3,2,10,10,9,11,10,5,5,10,3,8,3,8,6,6,5,5,8,10,11,9,9,,,7,2,,,7,2,7,10,8,8,9,5,7,7,11,6,4,4,4,4,4,7,4,4,8,5,11,10,,5,,,b'\x11\xe8\xe1I\xd7\x13M\xbc\x98|\x12\xdf\x17\xaeN\x1e'
11E8E149-D713-4DBC-987C-12DF17AE4E1E,2022-ncaa-d2-natl,ncaa,174,179,146,183,147,142,130,187,57,91,120,80,203,241,76,243,156,191,39,193,238,190,192,73,77,95,251,232,181,227,217,175,143,206,185,105,108,135,162,103,119,115,107,96,,,85,103,,,157,175,206,35,128,99,195,65,104,213,258,157,205,207,212,220,238,185,230,83,130,125,103,,87,,,156,163,158,112,226,135,128,141,215,106,297,130,122,120,197,119,141,111,119,236,234,216,213,224,118,112,143,103,217,107,185,184,191,146,135,175,177,201,252,238,,,144,88,,,157,119,123,207,164,174,171,92,129,133,228,107,137,128,129,90,101,122,111,113,180,150,185,265,,128,,,b'\x11\xe8\xe1I\xd7\x13M\xbc\x98|\x12\xdf\x17\xaeN\x1e'
11E8E149-D713-4DBC-987C-12DF17AE4E1E,2023-ncaa-d2-conf-SAC,ncaa,3,3,1,3,3,5,5,3,5,1,1,7,13,10,12,13,1,2,2,2,10,3,4,10,7,3,13,13,1,7,10,11,12,9,12,7,9,1,1,2,2,2,12,13,,,4,3,,,5,3,9,13,6,6,6,1,1,13,13,2,2,2,6,11,11,13,13,8,1,2,12,,1,,,6,11,13,11,13,12,12,12,7,5,10,5,2,2,7,2,2,9,11,12,13,7,1,5,2,10,12,13,10,13,12,11,9,2,1,4,4,3,11,5,,,1,1,,,5,10,5,7,6,5,11,4,11,6,4,4,2,1,1,2,5,9,9,10,10,2,2,7,,1,,,b'\x11\xe8\xe1I\xd7\x13M\xbc\x98|\x12\xdf\x17\xaeN\x1e'
11E8E149-D713-4DBC-987C-12DF17AE4E1E,2023-ncaa-d2-natl,ncaa,19,46,8,39,16,20,17,20,42,9,4,62,212,220,200,284,9,16,14,17,198,16,20,91,68,39,276,287,67,117,236,76,209,84,250,29,137,142,26,33,11,23,159,234,,,134,11,,,27,11,85,288,43,38,81,11,17,265,278,26,77,78,73,146,230,238,254,62,30,27,226,,20,,,35,258,284,276,218,288,281,231,144,198,67,110,52,63,97,57,11,271,287,185,145,52,11,73,17,269,209,292,236,293,250,285,203,7,11,60,129,30,271,129,,,14,61,,,27,287,58,51,38,81,179,121,235,172,66,77,8,9,9,44,193,167,199,188,187,18,34,215,,73,,,b'\x11\xe8\xe1I\xd7\x13M\xbc\x98|\x12\xdf\x17\xaeN\x1e'
11E8E149-D713-4DBC-987C-12DF17AE4E1E,2024-ncaa-d2-conf-SAC,ncaa,3,2,4,2,4,6,5,7,3,4,5,5,11,12,7,10,9,9,5,8,10,7,8,6,7,5,12,11,8,13,13,8,10,12,13,9,12,1,3,6,3,3,9,10,,,1,2,,,3,7,12,8,8,6,8,3,4,11,11,9,9,9,8,13,13,11,13,10,1,3,10,,1,,,3,3,5,5,6,7,9,7,3,4,1,4,1,1,2,1,3,4,7,3,3,1,4,4,6,7,10,10,13,9,13,8,12,2,2,3,2,3,10,10,,,8,5,,,3,7,7,2,3,1,3,3,6,4,3,4,1,1,1,3,3,7,10,10,8,2,2,12,,10,,,b'\x11\xe8\xe1I\xd7\x13M\xbc\x98|\x12\xdf\x17\xaeN\x1e'
11E8E149-D713-4DBC-987C-12DF17AE4E1E,2024-ncaa-d2-natl,ncaa,40,59,26,56,28,50,36,37,54,24,18,93,156,182,98,251,80,118,34,113,250,40,61,93,91,61,261,244,183,217,270,111,220,154,270,90,225,69,21,59,18,32,120,161,,,62,9,,,46,39,151,44,83,51,103,30,46,213,246,139,182,182,111,207,263,209,267,150,14,33,155,,12,,,52,208,251,246,180,263,251,201,130,172,57,128,47,75,34,71,29,226,270,153,111,42,24,94,27,260,220,287,270,282,270,274,250,13,22,78,65,27,281,223,,,117,205,,,46,261,88,54,51,69,153,117,196,162,69,88,15,26,25,62,174,197,240,234,228,29,25,268,,231,,,b'\x11\xe8\xe1I\xd7\x13M\xbc\x98|\x12\xdf\x17\xaeN\x1e'
11E8E149-D713-4DBC-987C-12DF17AE4E1E,2025-ncaa-d2-conf-SAC,genius_ncaa,9,8,9,9,11,12,10,11,8,9,9,9,9,9,6,7,8,10,2,10,7,11,12,8,7,2,6,6,5,13,13,13,12,13,13,8,6,1,1,2,10,8,10,10,,,3,4,,5,8,12,10,10,9,8,9,8,8,7,7,6,7,7,10,12,13,13,13,7,1,10,10,,4,,5,8,5,6,4,11,7,6,8,3,1,11,2,5,5,6,5,6,3,3,10,10,9,4,4,5,6,12,9,13,8,13,7,9,9,7,10,1,1,4,6,,,9,5,,7,8,2,7,9,8,8,9,6,9,9,4,3,6,6,6,7,4,9,13,11,9,7,1,5,,7,,6,b'\x11\xe8\xe1I\xd7\x13M\xbc\x98|\x12\xdf\x17\xaeN\x1e'
11E8E149-D713-4DBC-987C-12DF17AE4E1E,2025-ncaa-d2-natl,genius_ncaa,160,180,109,171,159,122,119,155,73,102,118,82,146,179,88,188,145,188,47,189,212,154,200,85,70,58,203,182,173,271,284,200,260,245,282,93,110,37,47,43,177,193,117,171,,,56,26,,71,162,158,197,274,122,106,191,84,130,160,206,153,211,214,208,264,283,247,284,97,26,186,125,,43,,73,162,204,237,196,229,271,265,183,77,43,238,25,130,114,218,115,39,183,182,202,190,189,24,51,97,256,260,215,284,245,282,245,200,129,150,205,52,53,147,138,,,149,90,,158,162,156,99,213,154,176,226,188,261,275,69,32,117,102,99,159,165,239,209,235,232,149,35,146,,156,,170,b'\x11\xe8\xe1I\xd7\x13M\xbc\x98|\x12\xdf\x17\xaeN\x1e'
11E8E149-D713-4DBC-987C-12DF17AE4E1E,2026-ncaa-d2-conf-SAC,genius_ncaa,3,3,1,3,1,2,1,4,3,1,5,2,3,6,6,7,1,1,7,1,2,1,2,2,2,2,7,8,1,3,4,3,3,4,3,4,7,6,3,4,4,6,3,2,,,8,8,,2,6,2,4,1,2,1,5,3,7,3,6,1,1,1,2,3,4,4,5,4,4,5,3,,8,,2,7,12,9,9,7,5,7,4,12,10,12,9,12,11,11,11,10,9,10,10,12,12,12,11,10,5,3,5,4,4,3,11,10,6,8,11,10,10,6,4,,,1,2,,4,6,12,2,10,6,12,9,9,4,7,12,8,12,11,11,9,9,3,4,3,11,8,10,5,,1,,4,b'\x11\xe8\xe1I\xd7\x13M\xbc\x98|\x12\xdf\x17\xaeN\x1e'
11E8E149-D713-4DBC-987C-12DF17AE4E1E,2026-ncaa-d2-natl,genius_ncaa,65,98,59,100,61,35,60,63,108,44,68,66,129,79,215,163,4,5,41,6,18,42,39,129,72,75,120,222,15,45,56,66,152,52,80,99,191,228,134,171,85,162,21,39,,,275,269,,158,100,48,38,10,17,66,48,53,93,160,102,4,5,7,25,21,61,76,49,129,204,114,30,,281,,157,104,248,189,214,106,156,219,29,242,187,283,107,291,292,204,292,278,251,252,142,189,168,279,192,286,215,152,189,56,197,80,232,242,59,134,147,262,208,229,212,,,16,40,,111,100,252,67,155,102,251,135,195,93,204,236,151,296,293,292,263,264,187,119,156,215,74,240,224,,11,,146,b'\x11\xe8\xe1I\xd7\x13M\xbc\x98|\x12\xdf\x17\xaeN\x1e'
11E8E149-D717-99E4-987C-12DF17AE4E1E,2018-ncaa-d2-conf-GLVC,ncaa,3,3,1,3,1,2,2,3,1,1,2,1,13,13,6,15,2,1,14,1,3,3,3,2,2,3,14,15,3,3,4,2,4,2,1,2,5,15,11,4,4,4,2,2,,,7,2,,,3,3,7,1,2,2,12,1,3,15,15,3,2,2,5,5,7,5,4,2,13,5,3,,3,,,4,15,15,15,4,14,15,5,10,14,1,11,6,8,4,8,4,15,13,4,4,3,5,9,2,12,4,8,4,9,1,12,6,4,7,6,14,12,5,1,,,2,4,,,3,13,3,3,4,6,6,9,8,8,7,9,1,3,3,8,5,6,1,2,6,5,11,3,,4,,,b'\x11\xe8\xe1I\xd7\x17\x99\xe4\x98|\x12\xdf\x17\xaeN\x1e'
11E8E149-D717-99E4-987C-12DF17AE4E1E,2018-ncaa-d2-natl,ncaa,35,53,24,52,34,26,25,93,3,10,48,4,200,221,143,274,28,28,161,27,77,73,58,11,11,26,288,285,122,142,96,58,88,84,43,25,67,258,184,57,71,107,56,64,,,199,93,,,54,37,159,225,50,38,242,15,120,256,280,68,63,64,204,193,215,150,190,34,168,122,81,,82,,,59,261,262,262,138,240,232,170,248,276,93,237,198,170,256,174,119,263,254,141,147,153,167,184,122,176,88,78,96,111,43,234,152,98,161,162,268,221,88,39,,,31,67,,,54,267,39,138,61,128,134,148,120,100,174,210,112,82,86,135,107,84,9,20,144,180,200,52,,91,,,b'\x11\xe8\xe1I\xd7\x17\x99\xe4\x98|\x12\xdf\x17\xaeN\x1e'
11E8E149-D717-99E4-987C-12DF17AE4E1E,2019-ncaa-d2-conf-GLVC,ncaa,2,2,3,2,4,2,2,4,1,2,3,1,5,5,5,8,7,7,7,7,12,5,3,1,1,1,14,10,13,3,2,1,2,2,1,2,8,5,4,3,4,5,1,2,,,1,1,,,2,3,8,8,2,2,3,2,6,7,8,10,11,11,4,6,4,1,1,2,4,5,1,,1,,,2,3,8,13,2,12,14,1,3,3,2,3,1,1,5,1,1,11,10,2,1,2,1,4,1,9,2,1,2,1,1,2,1,4,6,4,6,4,1,1,,,7,9,,,2,11,2,2,2,2,4,10,7,12,3,3,1,1,1,6,5,8,1,1,2,8,5,1,,9,,,b'\x11\xe8\xe1I\xd7\x17\x99\xe4\x98|\x12\xdf\x17\xaeN\x1e'
11E8E149-D717-99E4-987C-12DF17AE4E1E,2019-ncaa-d2-natl,ncaa,22,22,30,22,41,23,18,51,5,9,60,3,90,94,104,168,79,98,96,96,190,54,53,6,9,16,264,215,255,102,55,24,60,39,17,17,76,234,146,38,82,129,15,28,,,109,25,,,20,42,149,223,21,9,132,7,137,128,156,153,169,172,142,163,162,41,75,14,142,139,18,,26,,,18,197,251,283,83,264,287,81,150,187,83,100,50,41,231,36,11,263,264,69,50,60,41,114,28,189,60,54,55,102,17,112,23,90,156,72,137,68,32,14,,,67,155,,,20,265,17,59,20,69,131,198,168,249,84,101,20,16,16,131,125,114,7,12,46,167,67,17,,161,,,b'\x11\xe8\xe1I\xd7\x17\x99\xe4\x98|\x12\xdf\x17\xaeN\x1e'
11E8E149-D717-99E4-987C-12DF17AE4E1E,2020-ncaa-d2-conf-GLVC,ncaa,2,3,1,3,3,3,4,7,4,5,11,4,4,4,5,6,6,8,1,7,8,6,3,4,3,4,4,5,11,11,10,3,3,4,4,3,1,16,12,5,14,15,1,3,,,8,4,,,6,3,14,12,6,7,14,11,14,8,7,10,13,13,15,16,14,5,11,3,12,16,2,,3,,,6,13,13,15,6,14,15,6,11,11,7,3,8,8,8,8,4,15,14,6,5,8,2,5,5,10,3,5,10,8,4,7,3,12,14,9,16,16,4,5,,,4,11,,,6,14,5,9,7,7,9,9,11,11,5,5,4,5,5,7,4,7,2,1,3,14,15,3,,13,,,b'\x11\xe8\xe1I\xd7\x17\x99\xe4\x98|\x12\xdf\x17\xaeN\x1e'
11E8E149-D717-99E4-987C-12DF17AE4E1E,2020-ncaa-d2-natl,ncaa,69,124,3,98,13,37,35,72,37,56,131,30,50,61,74,81,90,166,12,158,177,80,69,35,32,56,131,105,208,166,160,43,130,72,99,14,9,272,203,66,246,293,22,45,,,210,122,,,154,47,197,227,108,98,224,130,247,90,115,167,248,247,243,229,239,131,188,19,180,296,41,,106,,,154,294,297,297,218,288,290,184,287,264,271,153,177,167,202,170,68,290,262,217,204,260,125,202,65,226,130,139,160,178,99,262,104,228,290,274,305,284,131,114,,,102,176,,,154,263,82,260,156,219,237,219,215,209,231,176,96,84,87,192,98,132,32,51,174,295,266,81,,224,,,b'\x11\xe8\xe1I\xd7\x17\x99\xe4\x98|\x12\xdf\x17\xaeN\x1e'
11E8E149-D717-99E4-987C-12DF17AE4E1E,2021-ncaa-d2-conf-GLVC,ncaa,3,5,2,5,4,2,3,3,7,4,7,5,3,1,8,5,2,2,10,2,5,3,2,5,5,6,6,6,7,6,6,8,14,7,12,4,6,14,8,7,2,2,6,10,,,15,14,,,6,1,1,12,2,5,4,5,10,3,3,5,4,4,4,3,6,11,11,7,13,2,7,,14,,,6,14,12,10,12,14,12,11,5,6,4,2,13,15,5,15,12,13,15,11,12,4,4,2,13,15,14,11,6,12,12,12,6,2,2,2,15,10,8,8,,,3,9,,,6,15,6,6,6,11,8,7,11,11,4,3,13,13,13,11,15,13,8,11,10,2,12,8,,6,,,b'\x11\xe8\xe1I\xd7\x17\x99\xe4\x98|\x12\xdf\x17\xaeN\x1e'
11E8E149-D717-99E4-987C-12DF17AE4E1E,2021-ncaa-d2-natl,ncaa,35,135,19,74,27,19,25,25,43,29,41,35,30,24,94,81,19,16,95,16,45,22,19,42,40,51,103,100,101,46,107,62,181,57,172,25,75,211,114,71,7,16,63,129,,,224,205,,,81,19,55,121,45,60,96,71,130,65,73,55,58,59,91,88,128,201,191,51,132,20,124,,213,,,95,210,202,191,191,212,199,198,145,152,93,48,224,225,115,225,193,198,209,174,186,144,69,33,190,214,181,188,107,203,172,205,144,9,38,76,218,150,151,77,,,17,84,,,81,208,58,144,94,169,153,78,178,125,52,49,203,204,203,115,160,144,76,102,158,33,157,66,,70,,,b'\x11\xe8\xe1I\xd7\x17\x99\xe4\x98|\x12\xdf\x17\xaeN\x1e'
11E8E149-D717-99E4-987C-12DF17AE4E1E,2022-ncaa-d2-conf-GLVC,ncaa,4,5,3,5,3,2,3,2,5,4,4,6,2,2,5,7,4,4,12,4,10,2,3,5,6,6,7,5,12,6,7,2,5,4,7,3,9,6,3,5,2,3,5,6,,,13,12,,,6,2,4,2,3,3,3,5,4,3,5,7,4,4,3,5,5,7,5,5,4,3,6,,11,,,6,14,13,14,12,14,13,13,11,12,3,8,11,10,14,10,8,13,13,12,13,9,6,5,9,8,5,12,7,11,7,8,3,4,5,4,7,5,4,4,,,4,9,,,6,13,5,9,6,11,10,7,10,8,5,8,9,8,8,8,9,6,10,8,4,4,5,3,,7,,,b'\x11\xe8\xe1I\xd7\x17\x99\xe4\x98|\x12\xdf\x17\xaeN\x1e'
11E8E149-D717-99E4-987C-12DF17AE4E1E,2022-ncaa-d2-natl,ncaa,129,179,64,156,92,63,72,91,67,79,98,97,66,105,31,151,60,63,113,64,83,80,108,62,57,43,97,121,119,174,205,178,114,184,207,123,224,68,38,74,65,74,187,205,,,268,265,,,123,95,156,170,54,74,139,107,147,80,134,68,85,87,119,198,212,269,264,168,39,87,211,,243,,,127,252,241,172,267,242,159,266,196,178,211,158,260,194,300,187,173,179,192,260,279,254,155,124,201,85,114,202,205,156,207,151,45,92,109,102,78,58,45,25,,,101,115,,,123,208,52,235,121,215,203,76,210,89,156,128,227,159,146,78,107,58,144,103,103,131,47,26,,146,,,b'\x11\xe8\xe1I\xd7\x17\x99\xe4\x98|\x12\xdf\x17\xaeN\x1e'
11E8E149-D717-99E4-987C-12DF17AE4E1E,2023-ncaa-d2-conf-GLVC,ncaa,2,3,1,3,1,3,2,2,3,2,2,2,3,4,2,5,7,7,9,8,11,2,2,2,2,3,7,5,13,5,6,2,4,2,5,1,2,7,4,1,4,7,1,2,,,7,3,,,3,2,12,1,5,3,6,4,10,4,5,12,13,13,11,13,8,3,5,2,3,7,4,,3,,,3,10,9,12,2,6,10,3,13,12,4,12,6,7,2,9,6,12,12,2,2,2,10,13,6,10,4,9,6,10,5,5,1,5,6,2,11,7,4,1,,,3,7,,,3,12,3,2,3,2,2,5,1,3,7,12,5,5,5,4,3,8,5,6,2,6,7,2,,7,,,b'\x11\xe8\xe1I\xd7\x17\x99\xe4\x98|\x12\xdf\x17\xaeN\x1e'
11E8E149-D717-99E4-987C-12DF17AE4E1E,2023-ncaa-d2-natl,ncaa,59,82,30,74,30,32,25,42,20,32,65,20,51,67,39,112,128,152,86,152,228,57,74,21,27,18,189,109,261,163,203,60,105,87,137,21,70,38,13,8,174,231,89,93,,,194,117,,,78,66,245,34,48,29,125,49,160,72,109,199,228,229,164,252,234,132,201,26,9,237,126,,89,,,81,273,254,259,143,195,186,148,285,284,210,257,237,206,251,223,187,265,235,182,185,231,274,262,145,180,105,204,203,205,137,189,82,183,251,207,89,54,111,61,,,76,90,,,78,241,19,229,71,178,154,161,84,62,254,251,157,123,131,151,81,108,74,78,104,258,39,54,,177,,,b'\x11\xe8\xe1I\xd7\x17\x99\xe4\x98|\x12\xdf\x17\xaeN\x1e'
11E8E149-D717-99E4-987C-12DF17AE4E1E,2024-ncaa-d2-conf-GLVC,ncaa,1,1,1,1,1,3,2,5,3,3,6,4,4,7,3,6,5,6,1,6,8,5,4,4,3,2,7,6,9,8,9,3,4,3,3,2,2,9,8,3,4,3,7,7,,,8,7,,,2,4,13,7,7,5,12,7,9,6,8,8,10,10,12,12,9,5,8,5,6,5,9,,3,,,2,4,5,9,3,7,9,2,8,10,6,9,6,7,10,7,4,10,10,3,3,3,6,9,6,5,4,6,9,7,3,7,8,5,6,5,8,6,9,7,,,3,5,,,2,10,3,2,2,2,2,3,2,4,5,5,5,4,4,2,2,3,4,2,3,7,6,6,,8,,,b'\x11\xe8\xe1I\xd7\x17\x99\xe4\x98|\x12\xdf\x17\xaeN\x1e'
11E8E149-D717-99E4-987C-12DF17AE4E1E,2024-ncaa-d2-natl,ncaa,31,59,14,49,20,27,22,29,40,29,38,49,44,61,68,138,51,65,72,67,176,28,41,41,42,28,153,132,187,110,188,32,40,46,98,40,162,89,19,32,106,163,130,170,,,248,169,,,75,35,200,104,59,47,106,68,132,87,122,116,149,150,107,203,194,105,147,82,13,186,181,,116,,,86,275,267,267,178,246,232,179,270,265,208,214,245,224,268,224,160,269,255,191,207,230,208,213,137,146,40,262,188,231,98,259,172,144,219,227,69,21,195,123,,,32,73,,,75,263,33,211,89,170,156,131,119,85,215,192,152,120,119,129,73,38,125,79,160,229,21,130,,103,,,b'\x11\xe8\xe1I\xd7\x17\x99\xe4\x98|\x12\xdf\x17\xaeN\x1e'
11E8E149-D717-99E4-987C-12DF17AE4E1E,2025-ncaa-d2-conf-GLVC,genius_ncaa,1,1,2,1,3,5,4,5,2,4,7,2,7,5,4,6,5,7,4,7,6,6,6,2,2,3,7,6,9,6,3,5,4,3,2,4,4,7,7,6,9,7,5,5,,,7,8,,11,2,8,14,7,6,5,12,6,10,7,6,7,7,7,11,12,7,6,5,6,5,11,5,,4,,10,2,2,2,8,2,1,9,1,6,6,8,7,8,9,3,9,8,7,7,2,3,1,13,10,11,3,4,2,3,2,2,3,7,7,5,3,9,10,11,12,,,3,4,,2,2,8,2,1,1,2,1,1,1,4,5,3,5,7,7,2,2,3,1,1,3,8,8,10,,6,,5,b'\x11\xe8\xe1I\xd7\x17\x99\xe4\x98|\x12\xdf\x17\xaeN\x1e'
11E8E149-D717-99E4-987C-12DF17AE4E1E,2025-ncaa-d2-natl,genius_ncaa,15,13,43,11,61,58,59,109,39,77,131,31,79,91,74,118,86,102,67,103,105,106,123,30,30,24,129,133,156,141,117,77,54,92,58,67,106,84,74,44,160,163,97,82,,,160,151,,284,30,120,274,163,84,89,227,98,226,103,138,120,154,153,219,267,182,130,168,85,39,204,125,,76,,279,32,113,103,164,71,78,136,51,208,191,207,198,123,140,78,136,148,156,159,96,93,88,249,238,150,95,54,130,117,98,58,103,128,124,130,102,85,55,231,226,,,47,24,,27,30,180,29,75,28,38,33,30,23,40,165,127,72,81,77,27,23,45,43,35,55,194,37,187,,73,,31,b'\x11\xe8\xe1I\xd7\x17\x99\xe4\x98|\x12\xdf\x17\xaeN\x1e'
11E8E149-D717-99E4-987C-12DF17AE4E1E,2026-ncaa-d2-conf-GLVC,genius_ncaa,8,7,6,8,6,11,11,14,2,8,11,1,13,11,6,11,10,12,10,11,9,14,14,3,4,5,12,10,10,11,5,15,2,12,2,8,6,2,5,4,8,3,5,5,,,1,1,,1,7,14,14,1,7,7,14,5,8,11,11,7,9,9,14,14,10,14,12,5,2,7,5,,1,,1,7,2,2,1,13,3,1,13,7,4,14,6,4,1,9,1,5,1,1,13,13,14,8,9,6,1,2,1,5,1,2,1,1,13,12,5,7,9,1,1,,,15,10,,15,7,2,5,9,6,4,4,1,6,2,8,5,4,3,3,1,1,2,1,1,1,13,8,1,,14,,15,b'\x11\xe8\xe1I\xd7\x17\x99\xe4\x98|\x12\xdf\x17\xaeN\x1e'
11E8E149-D717-99E4-987C-12DF17AE4E1E,2026-ncaa-d2-natl,genius_ncaa,201,239,59,229,84,154,133,134,137,99,93,139,220,207,211,233,172,154,227,145,197,143,173,180,196,138,263,239,193,202,232,192,39,202,176,197,253,45,24,110,162,161,125,120,,,77,71,,31,200,157,289,88,236,199,236,130,133,248,251,231,200,187,257,292,252,279,285,246,4,214,151,,18,,21,200,171,171,128,232,170,112,254,168,166,145,188,176,108,294,109,136,123,110,226,252,264,149,148,166,37,39,165,232,114,176,74,21,211,215,133,76,88,137,102,,,187,173,,247,200,141,156,228,203,103,107,21,118,34,125,126,132,55,55,12,3,4,91,21,28,267,39,112,,262,,262,b'\x11\xe8\xe1I\xd7\x17\x99\xe4\x98|\x12\xdf\x17\xaeN\x1e'
11E8E149-D71B-ECB0-987C-12DF17AE4E1E,2018-ncaa-d2-conf-Conference Carolinas,ncaa,1,1,5,1,6,4,5,6,7,7,10,7,1,1,3,1,9,7,8,7,5,6,8,4,3,2,2,1,9,4,4,3,1,3,3,4,6,1,1,1,7,6,3,3,,,6,6,,,2,9,8,8,2,3,4,7,9,1,1,8,7,7,5,9,3,2,3,4,1,6,3,,6,,,2,1,1,4,1,3,7,2,1,2,2,2,5,6,1,6,6,3,3,1,2,2,5,2,7,3,1,5,4,4,3,1,3,6,5,2,2,1,8,11,,,6,5,,,2,4,1,2,2,2,1,3,2,5,2,2,5,6,6,3,3,3,7,6,2,5,2,8,,5,,,b'\x11\xe8\xe1I\xd7\x1b\xec\xb0\x98|\x12\xdf\x17\xaeN\x1e'
11E8E149-D71B-ECB0-987C-12DF17AE4E1E,2018-ncaa-d2-natl,ncaa,35,30,64,31,86,63,68,36,164,125,132,158,13,13,90,29,134,144,135,146,181,40,59,119,132,102,37,21,249,63,138,24,53,27,76,124,251,107,39,115,123,180,37,44,,,206,105,,,40,67,77,149,54,62,25,167,170,14,15,173,179,182,36,76,74,10,12,166,66,168,40,,163,,,38,141,115,249,7,120,257,10,126,173,62,95,224,249,44,252,170,256,248,10,13,24,189,119,234,200,53,281,138,260,76,45,42,98,154,42,60,24,243,232,,,108,209,,,40,253,82,23,38,80,56,214,72,231,104,135,194,222,226,225,218,162,260,235,29,124,47,230,,158,,,b'\x11\xe8\xe1I\xd7\x1b\xec\xb0\x98|\x12\xdf\x17\xaeN\x1e'
11E8E149-D71B-ECB0-987C-12DF17AE4E1E,2019-ncaa-d2-conf-Conference Carolinas,ncaa,5,5,5,5,6,4,3,4,4,4,6,2,3,3,3,2,9,10,6,9,11,4,6,3,3,3,6,4,11,7,6,4,6,4,6,5,9,2,3,3,3,2,8,6,,,9,9,,,4,5,3,2,2,2,3,3,6,3,3,9,10,9,3,4,7,3,5,4,3,2,7,,9,,,4,9,6,6,6,2,3,8,9,9,6,9,9,11,2,11,11,8,7,7,6,7,11,10,9,7,6,7,6,8,6,7,7,5,6,7,1,2,5,6,,,7,7,,,4,8,3,7,4,9,6,8,3,2,10,10,9,10,10,10,9,7,7,8,7,4,2,5,,7,,,b'\x11\xe8\xe1I\xd7\x1b\xec\xb0\x98|\x12\xdf\x17\xaeN\x1e'
11E8E149-D71B-ECB0-987C-12DF17AE4E1E,2019-ncaa-d2-natl,ncaa,145,160,118,153,129,73,66,68,97,113,147,75,46,42,91,50,230,223,163,218,243,79,95,71,98,83,101,51,282,121,155,111,176,106,165,109,204,136,90,113,81,107,252,262,,,229,181,,,122,91,57,56,42,32,27,112,151,29,26,237,233,231,44,63,112,77,80,104,138,71,266,,226,,,122,260,210,209,155,154,151,162,277,268,211,251,260,271,56,270,269,231,231,193,191,197,268,251,210,224,176,232,155,237,165,230,194,118,165,173,85,50,85,75,,,162,243,,,122,228,82,201,118,252,213,232,144,126,270,268,254,272,271,261,259,225,227,236,218,111,76,77,,174,,,b'\x11\xe8\xe1I\xd7\x1b\xec\xb0\x98|\x12\xdf\x17\xaeN\x1e'
11E8E149-D71B-ECB0-987C-12DF17AE4E1E,2020-ncaa-d2-conf-Conference Carolinas,ncaa,3,3,1,3,1,3,3,2,3,3,3,3,2,1,2,2,5,5,5,5,8,2,2,2,4,3,4,3,11,4,5,3,3,2,4,3,4,6,3,2,2,4,8,11,,,12,9,,,3,2,3,8,3,3,2,6,7,2,1,7,8,8,2,3,4,3,2,3,3,4,9,,10,,,3,9,10,11,5,12,11,5,2,5,2,2,9,9,3,9,5,11,11,4,4,3,1,1,7,9,3,12,5,12,4,2,1,1,4,1,7,3,11,8,,,5,10,,,3,11,3,3,3,4,6,7,10,11,2,2,9,9,9,6,8,3,6,5,2,4,3,7,,10,,,b'\x11\xe8\xe1I\xd7\x1b\xec\xb0\x98|\x12\xdf\x17\xaeN\x1e'
11E8E149-D71B-ECB0-987C-12DF17AE4E1E,2020-ncaa-d2-natl,ncaa,35,59,3,52,3,12,14,7,100,30,39,97,12,11,63,55,88,69,209,66,165,7,6,73,97,82,85,49,267,31,113,14,120,13,113,29,168,239,73,93,43,111,226,276,,,293,194,,,46,5,44,8,28,30,22,90,123,24,29,157,142,142,31,37,65,41,34,61,130,84,262,,252,,,51,279,282,298,123,297,303,125,95,157,43,40,254,265,54,264,131,303,306,84,76,70,32,25,174,263,120,303,113,301,113,78,3,27,84,25,198,56,173,97,,,51,263,,,46,307,77,70,57,153,174,220,239,278,46,61,176,205,202,235,266,177,233,219,26,61,102,109,,167,,,b'\x11\xe8\xe1I\xd7\x1b\xec\xb0\x98|\x12\xdf\x17\xaeN\x1e'
11E8E149-D71B-ECB0-987C-12DF17AE4E1E,2021-ncaa-d2-conf-SAC,ncaa,8,5,12,8,12,11,12,10,10,12,11,11,4,5,4,2,12,12,11,12,8,12,12,6,7,6,3,1,12,10,11,11,11,12,11,9,6,2,1,4,3,2,8,9,,,4,6,,,8,12,6,7,5,5,2,10,10,1,1,11,10,10,4,8,8,10,9,6,2,2,8,,7,,,8,3,3,2,6,3,3,8,4,6,6,12,6,5,4,5,11,2,2,6,7,6,10,10,11,5,11,6,11,6,11,5,9,5,2,4,3,2,2,2,,,11,8,,,8,2,7,6,8,7,6,6,4,4,9,11,9,10,11,7,8,9,11,11,6,2,2,2,,6,,,b'\x11\xe8\xe1I\xd7\x1b\xec\xb0\x98|\x12\xdf\x17\xaeN\x1e'
11E8E149-D71B-ECB0-987C-12DF17AE4E1E,2021-ncaa-d2-natl,ncaa,97,112,114,98,123,107,110,103,150,137,126,173,40,52,40,31,138,126,161,124,117,107,117,112,131,93,17,16,187,104,153,126,188,119,198,104,101,63,23,42,75,69,127,140,,,114,118,,,96,120,73,121,74,88,38,161,123,10,18,153,136,132,39,83,86,144,112,82,27,59,143,,130,,,98,112,105,103,96,102,93,103,130,128,104,160,139,142,69,140,185,110,114,112,108,86,169,145,159,160,188,148,153,150,198,121,141,84,66,78,59,30,64,51,,,115,130,,,96,106,87,115,101,137,113,129,94,87,155,169,170,172,173,148,164,182,208,207,129,48,29,42,,104,,,b'\x11\xe8\xe1I\xd7\x1b\xec\xb0\x98|\x12\xdf\x17\xaeN\x1e'
11E8E149-D71B-ECB0-987C-12DF17AE4E1E,2022-ncaa-d2-conf-SAC,ncaa,5,5,5,5,6,5,5,4,7,7,7,8,2,4,3,4,10,9,8,9,11,5,6,5,7,6,3,3,11,8,9,7,9,9,11,9,10,2,3,7,3,2,11,11,,,9,7,,,6,6,6,10,5,5,4,7,9,2,4,10,10,10,5,10,8,8,9,9,3,2,11,,9,,,6,8,6,5,8,5,2,11,10,10,8,11,8,9,7,9,12,5,6,8,9,8,12,9,8,6,9,10,9,9,11,10,11,3,3,6,3,5,4,4,,,10,10,,,6,8,5,7,6,9,7,4,5,1,10,10,11,11,11,5,9,6,10,10,9,3,5,3,,11,,,b'\x11\xe8\xe1I\xd7\x1b\xec\xb0\x98|\x12\xdf\x17\xaeN\x1e'
11E8E149-D71B-ECB0-987C-12DF17AE4E1E,2022-ncaa-d2-natl,ncaa,78,107,64,96,98,70,68,60,124,103,109,139,34,38,57,63,152,155,158,154,195,66,85,89,114,86,75,48,245,146,226,109,127,125,221,147,260,102,56,127,50,57,208,202,,,209,149,,,90,74,90,224,68,68,67,147,157,39,43,202,202,202,81,138,187,161,190,195,65,59,224,,159,,,93,218,173,167,170,141,106,206,234,248,139,243,263,264,165,262,275,190,220,194,207,157,266,207,243,156,127,269,226,243,221,215,217,48,57,99,82,46,121,98,,,133,222,,,90,223,99,137,97,154,105,63,71,32,203,223,239,230,229,98,170,120,249,205,170,60,51,97,,200,,,b'\x11\xe8\xe1I\xd7\x1b\xec\xb0\x98|\x12\xdf\x17\xaeN\x1e'
11E8E149-D71B-ECB0-987C-12DF17AE4E1E,2023-ncaa-d2-conf-SAC,ncaa,7,7,6,7,6,6,6,5,4,6,6,5,2,5,3,7,7,9,6,9,12,5,5,4,5,4,7,5,12,6,7,6,4,6,7,9,11,4,3,7,3,3,10,9,,,12,10,,,6,5,3,1,3,1,1,6,4,2,6,9,11,10,2,3,7,5,4,7,4,3,10,,12,,,5,10,6,4,11,9,1,11,5,9,2,9,13,13,6,13,13,7,9,10,11,9,11,4,12,5,4,10,7,7,7,8,10,4,5,5,2,2,4,2,,,11,13,,,6,9,4,5,5,9,7,6,8,2,5,9,13,13,13,7,10,4,11,9,9,4,3,4,,13,,,b'\x11\xe8\xe1I\xd7\x1b\xec\xb0\x98|\x12\xdf\x17\xaeN\x1e'
11E8E149-D71B-ECB0-987C-12DF17AE4E1E,2023-ncaa-d2-natl,ncaa,120,162,68,144,73,60,48,31,103,62,46,137,47,59,42,114,160,183,88,177,259,39,43,89,105,101,130,74,259,95,202,66,83,69,165,102,236,177,91,132,38,58,183,175,,,267,222,,,94,38,33,18,42,30,13,62,56,43,68,193,218,211,25,39,125,63,78,119,139,45,204,,248,,,96,245,176,204,133,160,114,224,210,276,28,249,291,290,168,290,291,234,253,138,180,151,270,150,281,157,83,279,202,253,165,251,263,50,86,132,89,34,199,126,,,165,274,,,94,260,110,124,102,217,131,145,114,44,188,263,285,284,283,229,247,123,276,234,228,64,61,178,,225,,,b'\x11\xe8\xe1I\xd7\x1b\xec\xb0\x98|\x12\xdf\x17\xaeN\x1e'
11E8E149-D71B-ECB0-987C-12DF17AE4E1E,2024-ncaa-d2-conf-SAC,ncaa,12,12,9,12,10,12,11,12,9,8,8,10,13,13,8,13,10,10,3,10,9,12,12,11,10,11,11,12,5,12,10,9,4,11,8,12,11,11,12,12,7,6,10,8,,,11,13,,,10,12,9,5,12,11,12,8,7,13,13,7,10,10,12,9,11,7,11,12,11,5,9,,13,,,10,6,2,2,10,1,1,12,6,5,9,8,10,10,3,10,13,3,1,11,12,11,12,7,13,3,4,2,10,1,8,4,6,9,6,8,10,10,1,2,,,11,9,,,10,2,12,10,10,9,6,5,5,1,8,6,12,13,13,5,2,3,3,1,7,6,10,1,,8,,,b'\x11\xe8\xe1I\xd7\x1b\xec\xb0\x98|\x12\xdf\x17\xaeN\x1e'
11E8E149-D71B-ECB0-987C-12DF17AE4E1E,2024-ncaa-d2-natl,ncaa,201,212,172,208,184,175,176,194,142,132,102,187,238,260,145,269,120,149,57,152,209,186,141,178,154,212,242,259,79,171,171,128,106,146,127,205,228,269,268,259,139,143,133,132,,,240,251,,,211,138,78,92,176,165,181,107,63,254,271,105,137,140,179,88,158,76,105,213,269,127,132,,258,,,208,181,130,118,169,143,125,188,140,152,116,149,260,270,81,267,278,152,157,165,191,178,200,126,259,135,106,141,171,132,127,143,167,138,139,137,218,218,64,43,,,166,173,,,211,164,213,175,208,212,166,168,166,132,160,175,269,280,277,207,204,147,167,154,167,118,225,72,,134,,,b'\x11\xe8\xe1I\xd7\x1b\xec\xb0\x98|\x12\xdf\x17\xaeN\x1e'
11E8E149-D71B-ECB0-987C-12DF17AE4E1E,2025-ncaa-d2-conf-SAC,genius_ncaa,8,8,5,8,6,9,12,9,12,11,10,13,4,7,4,5,3,4,1,4,3,9,8,11,10,10,2,4,2,7,7,5,7,6,7,13,10,7,8,11,11,12,7,4,,,8,7,,11,9,8,8,5,10,12,10,12,11,4,5,3,3,3,8,9,9,3,6,13,7,11,5,,7,,10,9,8,8,7,5,5,4,6,10,12,7,12,8,10,2,9,10,9,6,8,6,10,11,11,10,11,7,6,7,7,7,5,3,11,11,8,4,5,7,10,,,4,4,,3,9,6,10,10,9,10,8,9,7,3,10,11,8,8,8,9,7,8,7,6,6,12,6,9,,3,,3,b'\x11\xe8\xe1I\xd7\x1b\xec\xb0\x98|\x12\xdf\x17\xaeN\x1e'
11E8E149-D71B-ECB0-987C-12DF17AE4E1E,2025-ncaa-d2-natl,genius_ncaa,121,141,72,134,97,88,126,102,175,164,125,226,65,96,35,131,28,45,38,43,44,88,76,143,102,128,31,85,34,106,140,63,154,69,129,155,202,245,188,211,173,210,61,68,,,236,164,,187,156,70,93,181,96,171,146,225,178,77,122,32,59,58,117,92,123,50,75,201,207,202,65,,189,,160,156,252,222,228,129,193,206,142,227,235,155,182,266,274,75,274,249,252,241,144,150,179,238,171,215,246,154,205,140,233,129,169,107,141,211,160,158,103,235,227,,,46,55,,102,156,232,134,186,161,203,173,204,152,161,206,207,238,247,245,241,198,211,163,176,138,185,130,217,,50,,111,b'\x11\xe8\xe1I\xd7\x1b\xec\xb0\x98|\x12\xdf\x17\xaeN\x1e'
11E8E149-D720-81EE-987C-12DF17AE4E1E,2018-ncaa-d2-conf-Mid-America Intercollegiate,ncaa,14,14,13,14,13,14,13,10,14,13,11,13,13,11,14,6,13,13,8,13,14,12,12,14,14,14,13,7,12,8,7,14,14,13,13,14,12,9,11,14,7,4,13,11,,,11,13,,,13,12,5,3,13,12,4,11,5,13,6,13,13,13,8,5,5,13,11,14,14,3,13,,14,,,13,7,3,1,12,2,1,13,12,10,13,13,12,12,10,13,14,1,2,13,14,12,13,12,14,5,14,9,7,8,13,3,11,3,1,2,8,10,10,11,,,14,14,,,13,2,14,12,13,12,9,3,6,2,13,13,14,14,14,7,13,11,12,12,10,1,10,12,,14,,,b'\x11\xe8\xe1I\xd7 \x81\xee\x98|\x12\xdf\x17\xaeN\x1e'
11E8E149-D720-81EE-987C-12DF17AE4E1E,2018-ncaa-d2-natl,ncaa,291,286,250,292,249,280,263,234,261,259,235,251,197,165,245,104,286,290,166,290,284,250,249,256,261,265,165,108,255,193,170,288,208,275,239,286,293,130,233,279,202,145,244,195,,,215,301,,,280,252,199,25,268,245,162,245,184,167,113,279,288,289,212,174,140,283,255,291,221,158,233,,284,,,282,137,66,23,258,38,12,271,209,153,262,265,268,244,291,243,306,39,52,280,299,286,299,240,281,62,208,100,170,75,239,38,77,189,108,103,100,180,209,259,,,299,301,,,280,62,260,271,282,243,156,50,86,19,261,228,295,278,281,114,128,119,208,163,103,118,162,252,,298,,,b'\x11\xe8\xe1I\xd7 \x81\xee\x98|\x12\xdf\x17\xaeN\x1e'
11E8E149-D720-81EE-987C-12DF17AE4E1E,2019-ncaa-d2-conf-Mid-America Intercollegiate,ncaa,14,14,11,14,12,12,10,9,13,7,3,13,14,14,14,14,13,12,8,12,13,9,9,14,14,14,14,14,8,5,3,12,14,10,11,14,14,7,7,14,10,10,11,9,,,7,12,,,14,11,1,8,9,8,2,1,1,14,13,12,11,11,2,1,2,12,6,14,11,9,11,,13,,,14,11,7,4,11,4,1,13,13,13,7,14,9,12,5,10,14,4,5,12,12,12,13,13,9,12,14,6,3,9,11,13,13,10,8,14,12,11,3,1,,,13,13,,,14,4,14,13,13,14,13,10,7,1,14,14,13,14,14,13,13,13,12,13,13,7,14,3,,10,,,b'\x11\xe8\xe1I\xd7 \x81\xee\x98|\x12\xdf\x17\xaeN\x1e'
11E8E149-D720-81EE-987C-12DF17AE4E1E,2019-ncaa-d2-natl,ncaa,258,222,287,257,295,263,227,257,154,148,157,157,294,295,258,284,272,285,91,283,292,267,284,210,212,178,299,291,217,194,87,291,222,275,172,297,305,25,97,239,280,245,215,131,,,67,222,,,238,294,216,183,185,120,100,44,22,286,281,221,244,234,129,175,103,257,199,289,96,256,184,,198,,,238,67,58,26,251,36,7,300,234,230,164,305,104,90,201,83,279,24,18,275,278,284,284,281,162,75,222,20,87,23,172,136,231,280,208,255,49,153,20,15,,,293,246,,,238,17,165,285,246,247,217,128,127,14,289,302,223,203,196,138,100,170,114,141,239,222,150,35,,241,,,b'\x11\xe8\xe1I\xd7 \x81\xee\x98|\x12\xdf\x17\xaeN\x1e'
11E8E149-D720-81EE-987C-12DF17AE4E1E,2020-ncaa-d2-conf-Mid-America Intercollegiate,ncaa,14,14,12,14,13,14,14,11,14,10,1,14,14,14,14,14,14,14,14,14,14,11,11,14,14,14,14,14,13,4,5,13,14,11,11,14,13,12,13,14,7,7,13,11,,,10,13,,,14,12,4,6,14,13,4,7,1,14,14,14,13,13,8,3,2,13,8,14,14,7,13,,13,,,14,12,9,3,13,7,2,13,9,7,13,11,13,13,10,13,13,4,4,13,14,13,11,9,13,11,14,10,5,10,11,11,12,8,8,11,14,14,12,9,,,14,14,,,14,3,14,13,14,13,12,9,10,6,13,11,14,13,13,12,12,13,13,13,11,8,14,13,,14,,,b'\x11\xe8\xe1I\xd7 \x81\xee\x98|\x12\xdf\x17\xaeN\x1e'
11E8E149-D720-81EE-987C-12DF17AE4E1E,2020-ncaa-d2-natl,ncaa,305,296,283,305,296,302,286,279,274,226,135,281,304,303,301,303,303,291,297,290,309,283,278,293,303,305,311,306,258,146,115,293,265,273,238,299,289,172,271,295,240,185,251,216,,,115,237,,,301,292,178,227,296,264,175,138,21,309,304,303,273,273,201,141,72,271,185,296,267,187,226,,234,,,300,131,107,28,277,91,29,277,194,124,280,227,208,171,253,174,269,35,26,290,296,294,256,226,219,132,265,88,115,90,238,179,244,257,191,258,259,295,137,127,,,297,284,,,301,19,297,295,304,275,242,145,196,91,268,239,274,255,255,187,165,230,222,231,259,183,297,211,,277,,,b'\x11\xe8\xe1I\xd7 \x81\xee\x98|\x12\xdf\x17\xaeN\x1e'
11E8E149-D720-81EE-987C-12DF17AE4E1E,2021-ncaa-d2-conf-Mid-America Intercollegiate,ncaa,14,14,6,14,6,7,8,3,14,4,1,14,14,14,14,14,3,3,12,3,7,3,2,14,14,14,14,14,2,3,8,7,9,6,10,12,14,14,7,14,5,7,9,12,,,13,9,,,14,2,1,2,7,9,2,4,1,14,14,4,1,1,1,1,1,9,2,13,12,5,8,,12,,,14,14,14,12,13,14,14,13,9,7,12,5,14,13,11,13,9,12,12,14,14,14,5,5,7,12,9,14,8,14,10,12,6,4,6,7,13,7,14,14,,,3,8,,,14,13,13,13,14,14,14,13,14,14,9,6,12,12,12,14,14,9,14,14,11,2,12,14,,3,,,b'\x11\xe8\xe1I\xd7 \x81\xee\x98|\x12\xdf\x17\xaeN\x1e'
11E8E149-D720-81EE-987C-12DF17AE4E1E,2021-ncaa-d2-natl,ncaa,190,225,19,203,24,47,50,16,186,32,5,202,146,124,189,220,10,7,148,7,123,14,14,201,198,191,191,219,18,18,129,39,126,23,181,102,208,216,94,198,38,116,50,121,,,219,145,,,215,14,46,56,145,147,59,79,20,214,217,36,22,21,36,37,63,147,97,196,145,97,99,,171,,,203,223,222,205,218,224,218,215,188,170,191,46,222,217,171,216,135,210,212,213,218,207,52,55,129,196,126,223,129,222,181,206,58,30,119,129,203,97,226,208,,,15,114,,,215,211,184,207,203,205,201,157,209,182,119,64,190,178,175,173,166,110,214,195,166,92,136,222,,57,,,b'\x11\xe8\xe1I\xd7 \x81\xee\x98|\x12\xdf\x17\xaeN\x1e'
11E8E149-D720-81EE-987C-12DF17AE4E1E,2022-ncaa-d2-conf-Mid-America Intercollegiate,ncaa,13,13,11,13,13,13,13,9,14,12,7,13,13,12,14,9,13,13,13,13,12,10,10,14,14,13,11,9,9,12,14,13,14,13,14,14,14,11,13,14,7,7,5,4,,,11,11,,,14,8,4,10,13,13,6,12,4,11,10,13,11,11,7,4,9,13,13,14,13,7,2,,13,,,14,14,13,6,13,11,7,13,13,6,14,5,13,13,1,13,13,7,9,13,13,14,11,11,8,13,14,11,14,12,14,12,12,7,7,11,13,13,5,4,,,13,14,,,14,7,13,14,14,14,14,12,12,10,13,10,13,13,13,14,12,13,14,14,12,7,13,5,,13,,,b'\x11\xe8\xe1I\xd7 \x81\xee\x98|\x12\xdf\x17\xaeN\x1e'
11E8E149-D720-81EE-987C-12DF17AE4E1E,2022-ncaa-d2-natl,ncaa,275,291,146,284,179,222,210,177,240,190,141,242,225,205,227,196,229,203,234,202,235,187,173,246,250,253,211,192,192,212,252,250,272,245,291,273,298,182,201,277,141,153,84,64,,,201,209,,,293,155,135,224,264,251,178,209,133,233,209,245,218,219,201,184,220,290,285,294,190,147,61,,209,,,291,270,265,148,296,239,149,275,270,135,300,133,236,234,140,234,223,168,149,297,298,291,205,208,135,227,272,227,252,230,291,254,185,185,200,256,261,266,74,71,,,233,263,,,293,135,262,295,290,287,279,167,253,171,273,152,243,239,238,203,172,224,257,251,263,180,252,69,,268,,,b'\x11\xe8\xe1I\xd7 \x81\xee\x98|\x12\xdf\x17\xaeN\x1e'
11E8E149-D720-81EE-987C-12DF17AE4E1E,2023-ncaa-d2-conf-Mid-America Intercollegiate,ncaa,12,12,11,12,13,10,10,10,7,9,7,9,11,12,7,12,13,14,11,13,14,10,11,8,7,10,12,9,10,11,10,14,11,13,12,9,10,11,10,10,7,6,11,11,,,7,9,,,11,10,6,7,9,9,8,6,3,10,11,13,12,12,8,6,9,14,13,9,11,6,11,,10,,,11,11,11,3,14,12,5,13,9,5,14,5,12,9,12,9,9,3,4,14,14,14,7,8,10,10,11,5,10,6,12,10,10,9,9,11,7,10,5,5,,,12,12,,,11,3,10,14,11,14,14,7,12,12,11,5,12,10,11,8,8,11,10,11,10,8,10,5,,10,,,b'\x11\xe8\xe1I\xd7 \x81\xee\x98|\x12\xdf\x17\xaeN\x1e'
11E8E149-D720-81EE-987C-12DF17AE4E1E,2023-ncaa-d2-natl,ncaa,256,266,148,261,161,170,156,171,129,130,120,143,183,207,122,200,227,234,157,236,258,183,183,137,151,169,236,184,221,186,196,250,215,241,239,164,177,155,183,172,155,149,165,171,,,166,211,,,274,172,175,117,185,138,155,114,95,183,207,232,239,245,187,172,185,272,267,169,169,155,164,,188,,,272,252,253,118,293,233,144,275,243,105,296,111,217,180,247,187,194,132,116,295,294,294,172,188,140,131,215,146,196,139,239,235,179,201,199,263,158,182,213,203,,,209,211,,,274,117,177,293,273,277,272,143,254,170,249,114,226,201,204,167,125,135,169,156,252,209,169,219,,223,,,b'\x11\xe8\xe1I\xd7 \x81\xee\x98|\x12\xdf\x17\xaeN\x1e'
11E8E149-D720-81EE-987C-12DF17AE4E1E,2024-ncaa-d2-conf-Mid-America Intercollegiate,ncaa,13,13,11,13,11,12,12,14,9,11,13,5,13,12,14,7,10,11,8,11,5,13,13,11,10,12,13,13,4,12,11,14,14,14,13,14,13,13,13,13,5,4,13,12,,,10,12,,,13,14,8,9,12,12,13,9,11,13,10,9,7,7,13,9,11,14,14,14,13,4,13,,12,,,13,10,9,3,14,9,4,14,10,4,14,6,10,11,5,10,11,2,2,14,14,13,9,9,7,12,14,3,11,5,13,12,12,7,5,11,13,13,7,11,,,9,5,,,13,1,12,13,13,13,13,6,12,8,10,6,10,11,11,9,8,13,7,10,12,5,13,9,,5,,,b'\x11\xe8\xe1I\xd7 \x81\xee\x98|\x12\xdf\x17\xaeN\x1e'
11E8E149-D720-81EE-987C-12DF17AE4E1E,2024-ncaa-d2-natl,ncaa,245,247,207,253,239,227,234,251,178,209,243,120,229,208,267,149,156,136,206,131,41,239,239,193,174,196,171,215,57,258,255,259,254,271,279,258,254,137,211,246,161,126,228,216,,,195,266,,,274,224,147,225,212,225,247,178,225,230,175,113,93,88,222,197,249,276,280,257,184,132,225,,243,,,267,204,182,54,292,165,61,286,205,111,285,159,212,220,94,221,268,69,69,291,291,285,197,188,179,147,254,132,255,134,279,231,225,191,147,237,218,265,155,220,,,126,35,,,274,64,221,288,271,262,249,100,229,88,237,156,238,250,251,151,140,184,212,209,258,152,239,190,,58,,,b'\x11\xe8\xe1I\xd7 \x81\xee\x98|\x12\xdf\x17\xaeN\x1e'
11E8E149-D720-81EE-987C-12DF17AE4E1E,2025-ncaa-d2-conf-GLVC,genius_ncaa,15,15,15,15,15,15,15,15,15,15,12,15,15,12,14,9,15,15,6,15,11,15,15,15,15,15,6,9,5,13,13,15,14,15,15,15,15,4,13,15,11,10,14,14,,,3,9,,2,15,15,12,11,15,15,13,15,8,15,11,12,12,12,14,11,12,14,14,15,9,9,14,,8,,2,15,9,13,1,15,12,5,15,5,3,15,3,4,5,4,5,7,1,2,15,15,15,3,5,4,7,14,14,13,14,15,13,11,13,10,14,8,13,10,13,,,15,11,,4,15,1,15,15,15,15,15,9,15,12,8,4,9,8,9,8,6,12,15,15,13,11,12,13,,13,,3,b'\x11\xe8\xe1I\xd7 \x81\xee\x98|\x12\xdf\x17\xaeN\x1e'
11E8E149-D720-81EE-987C-12DF17AE4E1E,2025-ncaa-d2-natl,genius_ncaa,290,281,275,292,285,293,293,289,297,292,281,292,266,243,281,146,266,268,151,265,179,292,293,293,292,282,104,157,64,288,293,289,251,293,297,294,298,28,157,285,268,231,287,289,,,44,200,,71,299,287,171,207,296,299,229,289,193,239,173,215,223,219,233,245,285,283,294,301,113,228,285,,190,,137,299,126,164,25,298,190,57,294,121,40,296,98,36,44,125,49,107,25,18,297,295,300,51,129,41,74,251,181,293,135,297,183,176,274,239,284,43,171,97,216,,,277,165,,57,299,16,293,299,299,290,293,211,294,227,225,126,135,147,148,203,150,196,299,288,276,233,136,195,,222,,23,b'\x11\xe8\xe1I\xd7 \x81\xee\x98|\x12\xdf\x17\xaeN\x1e'
11E8E149-D720-81EE-987C-12DF17AE4E1E,2026-ncaa-d2-conf-GLVC,genius_ncaa,5,7,1,7,1,5,6,2,14,13,6,15,2,1,6,1,6,6,4,6,10,2,3,11,9,9,1,2,9,5,10,5,13,4,13,10,14,11,7,11,3,5,5,8,,,12,5,,8,11,2,9,1,11,12,5,15,14,2,1,7,12,13,7,8,6,13,10,13,9,4,8,,5,,7,11,14,14,13,10,14,13,11,13,14,9,7,14,14,4,14,11,14,14,12,11,8,11,10,9,13,13,15,10,15,13,14,13,3,5,9,13,14,15,15,,,6,15,,9,11,14,9,8,11,10,10,9,9,9,11,9,8,10,10,10,12,12,14,14,12,6,13,15,,14,,12,b'\x11\xe8\xe1I\xd7 \x81\xee\x98|\x12\xdf\x17\xaeN\x1e'
11E8E149-D720-81EE-987C-12DF17AE4E1E,2026-ncaa-d2-natl,genius_ncaa,201,196,141,221,145,229,230,159,279,262,220,277,77,56,165,14,253,273,42,272,274,179,193,256,259,239,15,8,250,189,261,201,232,207,282,241,235,87,106,212,141,135,137,119,,,144,186,,183,226,191,215,29,255,251,104,284,245,46,15,272,291,290,163,202,198,212,221,256,94,135,127,,183,,202,227,124,129,111,172,119,92,172,190,169,189,207,86,147,13,142,220,115,118,197,165,147,191,218,95,178,232,233,261,221,282,214,283,170,151,231,162,207,266,293,,,272,293,,232,226,106,242,169,231,138,146,133,116,90,212,200,95,178,177,145,138,221,294,285,254,150,186,278,,294,,234,b'\x11\xe8\xe1I\xd7 \x81\xee\x98|\x12\xdf\x17\xaeN\x1e'
11E8E149-D725-3022-987C-12DF17AE4E1E,2018-ncaa-d2-conf-CIAA,ncaa,5,3,4,5,6,6,6,8,8,8,9,8,5,5,8,4,2,2,6,2,2,5,7,8,7,8,2,5,1,7,11,3,2,5,5,9,8,8,6,8,9,7,11,11,,,5,4,,,7,6,8,9,7,8,9,9,11,5,5,3,2,2,7,9,9,1,6,9,6,10,11,,4,,,7,5,6,6,5,7,5,6,5,11,1,10,5,6,5,6,6,5,4,5,3,7,4,5,5,4,2,8,11,5,5,4,5,10,10,7,2,2,11,11,,,1,1,,,7,6,8,7,7,6,6,6,7,5,4,10,6,5,5,7,3,4,9,4,5,11,2,11,,2,,,"b'\x11\xe8\xe1I\xd7%0""\x98|\x12\xdf\x17\xaeN\x1e'"
11E8E149-D725-3022-987C-12DF17AE4E1E,2018-ncaa-d2-natl,ncaa,107,87,148,102,200,140,158,138,207,135,109,199,211,198,228,229,69,43,231,45,51,118,103,219,211,210,178,242,34,61,59,95,177,80,87,172,182,236,197,217,112,141,269,284,,,184,148,,,106,119,54,294,121,150,98,111,79,219,203,37,20,21,61,43,40,53,30,174,248,107,274,,207,,,105,96,110,172,71,166,180,133,47,153,4,131,159,211,20,203,187,179,202,52,42,42,75,57,203,217,177,151,59,184,87,80,79,71,81,40,35,15,218,187,,,81,104,,,106,192,195,45,107,119,129,209,177,205,52,168,176,228,224,218,256,226,167,204,88,55,43,228,,42,,,"b'\x11\xe8\xe1I\xd7%0""\x98|\x12\xdf\x17\xaeN\x1e'"
11E8E149-D725-3022-987C-12DF17AE4E1E,2019-ncaa-d2-conf-CIAA,ncaa,5,6,6,6,6,7,8,9,7,10,12,6,3,4,5,3,3,3,7,2,2,9,9,7,6,5,2,3,3,11,12,4,11,8,11,7,6,3,5,4,11,12,5,6,,,7,4,,,7,7,6,5,5,8,9,11,12,3,3,4,2,2,8,10,11,1,7,8,5,11,4,,9,,,7,8,8,10,4,7,9,4,12,10,7,8,11,11,8,11,6,11,10,4,4,6,11,10,7,13,11,9,12,11,11,7,10,10,12,11,4,5,3,3,,,2,1,,,7,8,6,8,7,9,6,11,6,10,12,10,10,11,11,12,11,13,10,12,8,11,4,3,,1,,,"b'\x11\xe8\xe1I\xd7%0""\x98|\x12\xdf\x17\xaeN\x1e'"
11E8E149-D725-3022-987C-12DF17AE4E1E,2019-ncaa-d2-natl,ncaa,110,145,46,130,56,76,114,81,192,127,120,164,101,78,192,128,33,14,271,13,9,55,37,176,177,197,85,140,47,79,150,40,279,54,222,158,231,288,229,247,140,230,54,84,,,300,228,,,118,34,44,150,129,177,143,184,192,126,103,51,15,15,79,54,106,54,59,212,261,185,68,,288,,,119,231,137,274,11,112,266,5,215,245,89,110,304,308,34,308,293,300,301,14,27,27,292,158,299,310,279,281,150,305,222,177,212,32,99,55,127,49,40,27,,,15,51,,,118,279,208,67,117,147,58,236,57,227,162,197,297,305,305,284,294,304,233,288,118,49,74,24,,23,,,"b'\x11\xe8\xe1I\xd7%0""\x98|\x12\xdf\x17\xaeN\x1e'"
11E8E149-D725-3022-987C-12DF17AE4E1E,2020-ncaa-d2-conf-CIAA,ncaa,4,3,12,4,12,3,4,7,3,8,10,3,1,1,3,3,1,2,1,2,1,7,7,3,3,3,1,2,2,5,4,6,6,7,4,3,1,3,4,2,4,4,8,8,,,7,7,,,3,9,1,3,1,3,1,4,9,1,1,1,1,1,1,2,3,2,2,1,6,3,8,,8,,,3,2,1,4,3,2,2,3,5,6,4,6,6,8,1,8,8,3,4,3,4,3,9,8,8,8,6,5,4,4,4,5,9,5,4,5,3,3,6,9,,,6,5,,,3,4,3,3,3,5,6,9,5,9,7,8,7,8,8,9,12,9,8,8,7,1,4,9,,2,,,"b'\x11\xe8\xe1I\xd7%0""\x98|\x12\xdf\x17\xaeN\x1e'"
11E8E149-D725-3022-987C-12DF17AE4E1E,2020-ncaa-d2-natl,ncaa,42,37,102,40,112,83,118,84,160,138,133,152,105,85,167,129,12,15,141,15,15,60,38,158,138,173,69,150,24,36,33,55,202,36,74,98,91,298,246,206,40,59,197,200,,,272,216,,,26,53,30,50,65,121,84,151,152,111,86,12,15,15,51,19,34,46,25,96,288,35,211,,271,,,27,47,38,164,12,44,152,13,87,160,34,139,172,263,1,264,261,186,269,12,12,3,242,164,263,278,202,137,33,212,74,68,168,7,10,5,157,78,116,98,,,20,87,,,26,259,145,5,31,30,21,125,25,126,82,143,161,256,256,159,286,267,115,196,51,5,148,102,,19,,,"b'\x11\xe8\xe1I\xd7%0""\x98|\x12\xdf\x17\xaeN\x1e'"
11E8E149-D725-3022-987C-12DF17AE4E1E,2021-ncaa-d2-natl,ncaa,211,8,222,211,223,225,223,222,226,222,221,224,226,223,226,202,220,220,193,220,182,222,222,226,226,215,208,224,16,218,33,222,11,221,53,225,221,2,2,173,223,183,221,23,,,3,209,,,120,222,115,121,203,195,7,124,2,225,138,84,37,40,9,23,1,18,1,220,8,190,60,,195,,,151,2,4,4,37,3,3,43,6,5,127,223,3,3,150,3,148,3,3,84,73,58,220,224,70,2,11,5,33,5,53,4,225,222,60,154,1,1,18,226,,,220,52,,,120,3,205,37,152,40,31,63,7,7,209,222,45,39,41,43,70,30,226,213,190,75,1,226,,11,,,"b'\x11\xe8\xe1I\xd7%0""\x98|\x12\xdf\x17\xaeN\x1e'"
11E8E149-D725-3022-987C-12DF17AE4E1E,2022-ncaa-d2-conf-CIAA,ncaa,1,1,1,1,2,1,1,1,5,1,2,5,1,1,5,2,1,1,8,1,8,1,1,5,5,2,4,2,11,1,2,1,1,1,1,1,5,7,1,1,2,2,5,9,,,5,2,,,1,1,1,10,1,1,1,3,3,1,1,4,5,4,1,1,1,1,1,1,2,2,5,,2,,,1,9,10,12,1,9,12,1,6,9,1,7,6,3,12,3,2,12,12,1,1,1,5,6,3,9,1,11,2,11,1,8,5,1,5,2,7,1,10,8,,,1,8,,,1,12,2,1,1,1,2,11,5,10,4,7,2,2,2,8,11,5,10,9,2,4,3,9,,5,,,"b'\x11\xe8\xe1I\xd7%0""\x98|\x12\xdf\x17\xaeN\x1e'"
11E8E149-D725-3022-987C-12DF17AE4E1E,2022-ncaa-d2-natl,ncaa,39,48,30,47,41,37,31,14,173,23,10,175,99,69,198,210,28,11,232,9,130,10,11,191,190,157,197,209,111,4,22,23,111,6,41,55,167,243,71,114,25,53,154,226,,,194,41,,,25,20,44,216,43,48,13,42,20,151,121,60,29,27,11,17,11,35,3,91,138,42,197,,84,,,25,188,214,272,35,256,284,48,55,128,18,45,170,165,166,166,48,267,281,23,20,12,24,34,147,252,111,282,22,282,41,137,55,12,36,19,167,31,237,97,,,20,164,,,25,282,98,11,31,50,84,187,165,253,20,53,95,87,88,157,232,167,207,198,51,34,77,172,,59,,,"b'\x11\xe8\xe1I\xd7%0""\x98|\x12\xdf\x17\xaeN\x1e'"
11E8E149-D725-3022-987C-12DF17AE4E1E,2023-ncaa-d2-conf-CIAA,ncaa,2,2,4,2,5,3,3,3,4,3,3,4,4,4,5,6,7,6,9,6,10,3,3,4,7,2,7,5,12,2,1,6,3,3,1,4,6,3,1,2,6,3,12,12,,,4,4,,,4,6,8,9,1,1,1,1,3,4,3,9,7,7,1,3,1,8,1,4,2,4,12,,2,,,4,7,11,7,11,10,8,12,9,7,5,8,2,1,10,1,1,4,7,11,10,8,2,8,1,2,3,7,1,3,1,9,8,7,6,7,3,2,8,3,,,5,6,,,4,7,1,8,4,7,10,7,9,5,9,7,2,1,1,2,2,3,5,3,9,8,2,6,,7,,,"b'\x11\xe8\xe1I\xd7%0""\x98|\x12\xdf\x17\xaeN\x1e'"
11E8E149-D725-3022-987C-12DF17AE4E1E,2023-ncaa-d2-natl,ncaa,84,55,197,72,221,165,150,123,203,121,71,227,194,195,161,229,186,114,281,117,174,119,114,223,242,221,234,201,174,16,6,224,175,102,48,178,217,169,145,194,94,77,285,292,,,129,156,,,112,176,75,162,117,90,23,60,29,180,180,159,64,69,18,18,6,214,33,165,207,69,288,,177,,,110,75,98,78,192,160,121,204,48,64,68,77,107,111,82,107,134,70,108,164,155,96,41,55,144,105,175,75,6,76,48,129,174,81,52,85,158,129,83,46,,,122,138,,,112,119,152,94,116,124,166,129,226,181,62,75,133,149,143,121,203,141,120,127,168,52,190,99,,59,,,"b'\x11\xe8\xe1I\xd7%0""\x98|\x12\xdf\x17\xaeN\x1e'"
11E8E149-D725-3022-987C-12DF17AE4E1E,2024-ncaa-d2-conf-CIAA,ncaa,10,8,11,10,13,11,9,5,12,8,7,12,9,8,10,8,12,13,2,13,13,5,10,12,11,11,10,6,9,1,1,13,12,9,2,7,2,4,7,4,9,8,11,11,,,12,13,,,10,12,8,13,8,6,1,6,2,8,7,11,13,13,3,2,1,13,4,4,8,8,11,,13,,,10,5,4,1,13,4,1,12,6,2,11,5,10,10,10,10,13,1,2,12,13,13,9,6,12,4,12,3,1,2,2,8,10,8,4,9,7,10,1,1,,,10,9,,,10,2,6,12,10,11,8,1,7,4,8,5,13,12,12,2,3,7,6,6,10,4,11,1,,9,,,"b'\x11\xe8\xe1I\xd7%0""\x98|\x12\xdf\x17\xaeN\x1e'"
11E8E149-D725-3022-987C-12DF17AE4E1E,2024-ncaa-d2-natl,ncaa,201,165,260,189,267,259,255,222,269,222,153,272,259,243,261,232,246,247,205,244,245,230,220,274,282,273,237,232,142,23,3,287,282,210,111,225,153,159,216,226,102,53,284,284,,,203,292,,,186,269,122,201,209,193,40,138,30,236,206,181,158,157,50,29,3,285,64,180,256,48,284,,288,,,187,32,27,17,201,56,43,173,22,15,165,28,178,209,32,208,270,22,37,171,195,109,110,33,274,155,282,24,3,47,111,100,257,106,33,82,177,217,8,3,,,243,223,,,186,29,222,135,190,151,117,40,176,160,42,25,259,277,274,108,196,245,96,180,210,32,246,9,,129,,,"b'\x11\xe8\xe1I\xd7%0""\x98|\x12\xdf\x17\xaeN\x1e'"
11E8E149-D725-3022-987C-12DF17AE4E1E,2025-ncaa-d2-conf-CIAA,genius_ncaa,5,9,2,7,2,2,2,2,4,3,2,5,3,3,2,6,8,9,6,9,11,2,2,4,6,4,9,5,11,1,4,4,9,3,9,3,7,8,4,3,7,10,4,4,,,10,5,,8,8,2,12,2,5,5,5,5,5,5,5,10,11,10,7,9,4,9,6,6,2,10,4,,5,,5,6,12,12,10,10,10,9,9,12,11,11,11,9,8,7,8,4,11,11,10,10,11,10,12,2,10,9,10,4,9,9,12,12,5,9,12,9,5,3,1,,,4,8,,2,8,11,4,11,7,8,9,9,7,5,11,10,4,3,3,7,5,8,7,7,12,10,5,1,,9,,2,"b'\x11\xe8\xe1I\xd7%0""\x98|\x12\xdf\x17\xaeN\x1e'"
11E8E149-D725-3022-987C-12DF17AE4E1E,2025-ncaa-d2-natl,genius_ncaa,174,200,109,186,109,134,122,83,192,92,55,207,192,183,201,235,179,153,220,146,233,90,78,213,222,218,251,228,193,35,24,175,238,99,117,129,166,242,186,197,67,91,143,162,,,239,198,,233,173,96,130,2,154,114,58,67,41,209,208,190,156,147,68,56,30,217,93,143,228,72,161,,225,,223,169,183,165,182,150,160,169,162,178,191,143,176,201,216,67,210,196,192,218,154,152,110,170,158,173,240,238,116,24,163,117,272,277,51,68,161,235,194,51,12,,,116,190,,54,173,209,191,134,162,159,161,162,156,139,178,182,182,202,195,173,235,228,100,145,254,54,219,35,,121,,57,"b'\x11\xe8\xe1I\xd7%0""\x98|\x12\xdf\x17\xaeN\x1e'"
11E8E149-D725-3022-987C-12DF17AE4E1E,2026-ncaa-d2-conf-CIAA,genius_ncaa,7,8,2,7,2,3,4,2,7,3,1,7,9,6,9,9,2,2,6,2,7,2,3,7,8,7,8,9,3,1,1,3,3,2,1,7,8,2,1,7,8,9,3,4,,,6,3,,7,7,3,5,1,4,6,1,3,1,9,8,2,2,1,1,3,1,4,1,8,1,9,4,,3,,6,7,6,7,8,4,8,8,4,2,4,3,2,8,6,9,5,2,8,7,4,4,5,1,2,5,7,3,6,1,7,1,5,4,6,8,7,5,1,8,7,,,2,6,,6,7,6,6,5,7,5,7,8,8,8,2,3,5,3,2,8,5,6,6,7,4,8,3,8,,3,,7,"b'\x11\xe8\xe1I\xd7%0""\x98|\x12\xdf\x17\xaeN\x1e'"
11E8E149-D725-3022-987C-12DF17AE4E1E,2026-ncaa-d2-natl,genius_ncaa,246,272,59,268,67,180,226,84,294,197,38,297,228,219,216,269,24,24,166,24,88,64,76,295,289,271,90,238,8,38,123,73,184,50,179,273,288,160,75,272,162,229,101,185,,,211,130,,204,251,94,145,51,261,287,99,263,34,257,259,31,24,25,53,78,45,94,47,293,103,214,121,,164,,191,240,207,213,235,126,237,280,48,111,66,235,11,202,230,54,231,98,234,221,88,75,121,56,60,167,240,184,268,123,262,179,192,136,143,224,192,162,99,297,291,,,59,100,,188,251,214,264,128,227,158,177,232,220,282,68,14,162,207,208,243,206,209,279,265,165,201,117,293,,76,,224,"b'\x11\xe8\xe1I\xd7%0""\x98|\x12\xdf\x17\xaeN\x1e'"
11E8E149-D729-B53E-987C-12DF17AE4E1E,2018-ncaa-d2-conf-SAC,ncaa,4,3,4,4,4,3,3,2,9,4,3,9,3,3,3,6,4,7,3,7,10,2,2,6,6,5,4,4,10,2,1,3,1,3,4,3,6,8,3,3,3,3,7,7,,,10,9,,,4,2,5,3,2,2,2,5,4,3,4,6,7,7,2,2,1,5,3,3,5,3,7,,9,,,4,9,6,6,8,4,1,7,9,9,7,8,10,10,10,10,11,7,8,8,8,8,11,9,10,1,1,8,1,6,4,6,8,3,6,5,2,2,10,8,,,3,6,,,4,10,3,6,4,7,4,4,3,2,10,9,10,10,10,6,7,1,7,4,5,4,3,9,,2,,,b'\x11\xe8\xe1I\xd7)\xb5>\x98|\x12\xdf\x17\xaeN\x1e'
11E8E149-D729-B53E-987C-12DF17AE4E1E,2018-ncaa-d2-natl,ncaa,88,87,105,92,122,83,74,59,136,82,47,196,84,137,31,201,119,147,95,150,248,66,66,134,138,135,157,135,200,16,9,141,73,64,20,63,102,206,120,96,75,73,129,120,,,286,299,,,85,107,91,166,55,53,27,70,35,93,152,122,157,157,32,39,11,180,46,52,191,70,140,,292,,,83,202,129,112,191,115,108,169,182,139,222,133,278,279,146,280,291,151,182,199,226,171,250,140,277,76,73,129,9,101,20,203,217,67,65,104,97,54,262,192,,,66,120,,,85,208,77,135,83,172,116,62,95,76,166,124,274,276,277,126,171,48,99,69,175,72,89,256,,50,,,b'\x11\xe8\xe1I\xd7)\xb5>\x98|\x12\xdf\x17\xaeN\x1e'
11E8E149-D729-B53E-987C-12DF17AE4E1E,2019-ncaa-d2-conf-SAC,ncaa,6,6,3,6,3,3,4,2,8,4,2,10,6,7,3,9,2,1,5,1,7,1,1,8,8,7,6,7,3,1,2,6,8,3,3,7,7,5,3,6,3,6,7,8,,,11,10,,,5,2,5,6,3,3,2,5,1,6,8,3,1,2,2,1,1,7,3,7,5,5,7,,10,,,5,10,10,6,8,9,9,7,7,4,10,2,11,10,9,11,10,8,10,8,8,8,5,4,8,6,8,9,2,9,3,6,4,4,5,4,3,2,10,7,,,1,1,,,5,10,4,9,6,9,6,4,7,6,7,2,10,9,9,5,6,6,6,8,6,5,3,10,,1,,,b'\x11\xe8\xe1I\xd7)\xb5>\x98|\x12\xdf\x17\xaeN\x1e'
11E8E149-D729-B53E-987C-12DF17AE4E1E,2019-ncaa-d2-natl,ncaa,121,145,76,136,102,56,75,43,174,54,22,231,141,191,57,276,22,25,94,23,145,36,41,193,166,136,175,231,40,10,9,128,200,42,61,91,147,184,59,111,85,120,165,187,,,294,280,,,117,66,78,199,43,67,25,57,12,169,229,10,21,21,15,20,9,169,31,93,142,101,177,,291,,,116,284,241,215,198,237,223,173,210,161,227,92,292,284,227,285,256,241,246,201,223,221,191,107,264,232,200,185,9,213,61,228,158,97,145,153,85,30,286,224,,,10,27,,,117,246,64,225,119,248,206,165,196,196,184,132,284,273,276,220,226,204,128,161,189,115,60,292,,3,,,b'\x11\xe8\xe1I\xd7)\xb5>\x98|\x12\xdf\x17\xaeN\x1e'
11E8E149-D729-B53E-987C-12DF17AE4E1E,2020-ncaa-d2-conf-SAC,ncaa,7,7,5,7,8,8,10,11,8,12,11,9,7,6,4,6,4,3,7,3,3,10,10,6,5,7,5,6,1,8,4,9,8,8,7,7,4,8,8,6,5,5,10,10,,,3,5,,,7,11,12,9,8,12,12,12,10,7,7,4,3,3,11,12,8,9,10,7,6,6,10,,3,,,7,4,5,4,7,3,4,7,10,9,7,9,2,1,8,1,6,3,3,9,8,8,9,10,4,7,8,2,4,2,7,9,11,8,8,9,3,5,7,11,,,2,1,,,7,2,7,7,7,6,7,4,5,3,8,9,3,3,3,3,1,8,1,3,10,10,4,8,,3,,,b'\x11\xe8\xe1I\xd7)\xb5>\x98|\x12\xdf\x17\xaeN\x1e'
11E8E149-D729-B53E-987C-12DF17AE4E1E,2020-ncaa-d2-natl,ncaa,211,203,223,214,249,244,273,271,240,276,268,246,187,202,159,151,127,114,206,113,27,261,248,223,203,220,59,134,26,132,82,245,247,222,155,215,76,165,234,208,165,124,218,195,,,89,157,,,195,265,247,227,235,275,269,276,251,174,171,83,63,63,238,213,104,228,168,198,209,137,212,,129,,,194,70,82,69,133,74,62,146,149,149,151,213,96,117,82,120,187,60,68,144,136,143,204,220,150,197,247,49,82,97,155,179,273,197,153,203,67,123,246,290,,,104,13,,,195,47,205,173,196,118,117,123,106,92,186,196,133,153,155,116,109,239,81,154,219,165,94,269,,32,,,b'\x11\xe8\xe1I\xd7)\xb5>\x98|\x12\xdf\x17\xaeN\x1e'
11E8E149-D729-B53E-987C-12DF17AE4E1E,2021-ncaa-d2-conf-SAC,ncaa,8,9,4,9,6,7,8,11,3,7,10,3,3,6,1,4,9,9,6,9,5,10,11,2,3,4,4,4,11,12,9,7,8,10,8,5,3,9,12,6,11,9,13,13,,,7,7,,,9,9,12,7,9,8,13,11,13,4,7,10,11,12,13,13,12,9,12,4,10,10,13,,4,,,9,7,10,9,11,9,7,11,8,8,5,9,1,1,7,1,1,6,6,10,8,8,2,7,1,8,8,4,9,4,8,12,13,12,11,12,10,11,8,12,,,8,3,,,9,5,5,10,9,6,9,7,10,7,7,7,1,1,1,6,3,7,3,4,12,12,10,7,,11,,,b'\x11\xe8\xe1I\xd7)\xb5>\x98|\x12\xdf\x17\xaeN\x1e'
11E8E149-D729-B53E-987C-12DF17AE4E1E,2021-ncaa-d2-natl,ncaa,83,170,47,124,58,58,67,90,42,93,112,64,29,46,9,50,71,75,87,77,57,87,84,28,27,44,29,33,132,104,135,58,148,76,121,41,46,176,166,79,86,149,206,225,,,159,111,,,103,74,176,121,108,118,196,163,205,35,83,127,143,145,198,198,168,138,165,62,120,154,225,,87,,,104,168,185,179,147,181,176,151,166,175,103,136,84,81,147,79,12,169,162,141,112,139,46,123,9,189,148,139,135,154,121,214,214,85,155,214,161,129,189,197,,,60,56,,,103,157,57,152,98,110,159,147,157,136,125,132,12,8,6,106,80,140,39,70,208,172,104,149,,122,,,b'\x11\xe8\xe1I\xd7)\xb5>\x98|\x12\xdf\x17\xaeN\x1e'
11E8E149-D729-B53E-987C-12DF17AE4E1E,2022-ncaa-d2-conf-SAC,ncaa,10,10,8,10,9,11,12,13,4,13,13,3,1,3,2,1,12,13,6,13,2,13,13,1,1,3,1,1,13,13,13,10,4,13,10,6,1,3,11,4,13,13,13,13,,,5,10,,,8,13,13,3,9,11,13,13,13,1,3,12,13,13,13,13,13,7,13,5,6,13,13,,6,,,8,2,2,2,10,4,1,10,7,6,10,9,1,1,3,2,3,1,1,9,8,10,5,8,3,3,4,2,13,1,10,8,12,13,9,11,2,7,7,13,,,12,1,,,8,1,6,9,7,5,8,3,8,5,7,7,2,2,2,3,1,3,3,2,10,13,3,9,,10,,,b'\x11\xe8\xe1I\xd7)\xb5>\x98|\x12\xdf\x17\xaeN\x1e'
11E8E149-D729-B53E-987C-12DF17AE4E1E,2022-ncaa-d2-natl,ncaa,187,225,106,207,114,150,159,232,51,269,290,48,10,32,6,2,250,259,112,259,78,241,234,11,13,47,5,2,277,293,298,118,55,221,193,86,21,167,239,101,279,286,252,254,,,103,145,,,137,196,278,87,188,208,294,291,300,6,26,276,281,280,299,297,300,141,279,76,143,291,266,,78,,,137,130,165,136,211,149,107,212,205,196,194,225,35,48,60,46,60,112,96,218,186,197,131,226,31,64,55,122,298,95,193,218,228,196,171,237,89,166,194,293,,,167,58,,,137,114,113,171,130,90,145,70,110,61,186,178,23,33,33,37,26,51,89,57,194,220,74,193,,214,,,b'\x11\xe8\xe1I\xd7)\xb5>\x98|\x12\xdf\x17\xaeN\x1e'
11E8E149-D729-B53E-987C-12DF17AE4E1E,2023-ncaa-d2-conf-SAC,ncaa,7,7,6,7,8,9,9,8,11,12,12,8,1,3,8,1,13,10,13,10,3,8,8,7,11,10,2,1,13,8,9,9,3,8,8,10,8,3,7,10,9,9,13,12,,,11,12,,,8,10,12,6,11,11,9,12,13,1,2,13,12,11,11,12,8,11,10,10,3,10,13,,9,,,8,1,2,2,6,4,3,10,1,2,1,3,7,7,11,7,9,2,3,2,5,3,4,2,10,1,3,7,9,4,8,3,4,5,3,2,3,5,12,13,,,6,6,,,8,4,10,3,8,1,1,1,4,3,1,3,10,8,7,1,1,2,8,4,2,5,4,12,,10,,,b'\x11\xe8\xe1I\xd7)\xb5>\x98|\x12\xdf\x17\xaeN\x1e'
11E8E149-D729-B53E-987C-12DF17AE4E1E,2023-ncaa-d2-natl,ncaa,120,101,197,114,212,197,198,199,156,247,276,109,63,52,120,19,274,221,296,219,92,208,224,100,172,156,45,15,282,207,220,199,46,216,179,210,202,67,131,164,198,146,262,260,,,216,289,,,105,222,180,136,180,173,147,252,276,29,28,273,199,198,168,183,188,174,193,198,119,169,264,,257,,,103,39,34,30,140,74,64,165,27,35,37,70,159,148,199,144,202,35,57,111,140,89,87,39,255,20,46,166,220,86,179,33,81,123,57,43,25,63,247,294,,,190,108,,,105,76,160,61,101,60,53,21,124,94,30,48,191,191,187,31,79,27,241,143,54,79,58,271,,151,,,b'\x11\xe8\xe1I\xd7)\xb5>\x98|\x12\xdf\x17\xaeN\x1e'
11E8E149-D729-B53E-987C-12DF17AE4E1E,2024-ncaa-d2-conf-SAC,ncaa,5,3,6,5,7,7,7,8,7,12,13,1,2,2,5,1,11,11,7,11,3,8,11,2,2,4,1,1,11,10,12,12,3,13,9,5,4,2,6,3,6,5,13,13,,,8,11,,,4,11,13,3,6,8,9,13,13,1,1,11,11,11,11,12,12,13,12,5,4,7,13,,9,,,4,1,1,1,9,6,6,8,1,1,2,1,7,7,7,7,8,1,2,5,7,4,2,1,9,1,3,6,12,2,9,2,5,6,4,4,1,4,9,13,,,10,7,,,4,4,5,4,4,2,1,1,9,7,1,1,8,8,8,1,1,1,7,2,3,4,3,11,,12,,,b'\x11\xe8\xe1I\xd7)\xb5>\x98|\x12\xdf\x17\xaeN\x1e'
11E8E149-D729-B53E-987C-12DF17AE4E1E,2024-ncaa-d2-natl,ncaa,86,45,207,63,220,131,138,175,83,227,284,21,19,13,99,2,234,243,163,248,70,191,221,32,46,51,19,4,266,192,174,229,99,229,166,70,37,42,85,38,124,88,280,285,,,156,236,,,54,227,145,66,62,64,81,213,292,6,6,219,213,222,109,145,158,207,199,32,95,95,282,,209,,,45,47,76,40,221,161,131,202,16,15,97,16,106,122,73,128,138,41,67,169,168,103,16,13,172,36,99,102,174,69,166,79,128,91,43,62,24,48,242,297,,,228,196,,,54,80,52,79,41,93,136,46,227,202,11,12,136,156,162,55,134,60,178,120,120,51,50,274,,205,,,b'\x11\xe8\xe1I\xd7)\xb5>\x98|\x12\xdf\x17\xaeN\x1e'
11E8E149-D729-B53E-987C-12DF17AE4E1E,2025-ncaa-d2-conf-SAC,genius_ncaa,7,7,5,7,5,10,11,12,7,13,13,5,2,2,2,1,11,11,6,11,4,12,11,2,2,3,1,1,7,12,8,8,2,9,6,6,3,4,10,6,11,11,13,13,,,6,9,,8,6,11,13,1,12,11,13,13,13,2,1,11,11,11,13,13,12,10,12,6,6,11,13,,6,,9,6,2,5,5,9,8,7,10,1,3,2,3,4,3,11,3,3,2,2,5,4,7,2,2,4,1,2,3,8,2,6,1,1,10,8,5,2,6,12,13,,,10,6,,4,6,3,5,7,6,3,6,5,8,8,2,2,5,3,4,2,1,1,3,2,2,11,4,12,,8,,4,b'\x11\xe8\xe1I\xd7)\xb5>\x98|\x12\xdf\x17\xaeN\x1e'
11E8E149-D729-B53E-987C-12DF17AE4E1E,2025-ncaa-d2-natl,genius_ncaa,144,159,109,154,113,144,162,194,108,250,290,65,29,29,53,6,197,219,89,216,54,200,193,42,52,102,8,13,214,180,155,156,78,177,104,82,29,191,233,118,213,207,280,291,,,182,233,,138,133,195,269,15,172,199,279,285,300,19,24,221,240,239,280,259,201,186,218,76,185,225,287,,166,,135,134,123,176,129,228,265,214,237,25,33,22,33,97,83,210,87,44,111,108,176,165,168,5,12,108,66,78,79,155,67,104,78,38,181,164,128,112,146,265,299,,,206,187,,112,133,130,106,151,117,102,164,75,248,215,15,21,84,69,72,58,45,50,56,48,72,201,101,267,,250,,117,b'\x11\xe8\xe1I\xd7)\xb5>\x98|\x12\xdf\x17\xaeN\x1e'
11E8E149-D729-B53E-987C-12DF17AE4E1E,2026-ncaa-d2-conf-SAC,genius_ncaa,3,3,1,3,3,1,2,5,2,8,12,1,1,1,1,1,2,2,10,2,1,5,6,1,1,1,1,1,6,8,2,7,1,7,1,2,5,4,1,1,1,2,10,10,,,9,9,,12,1,4,5,3,1,3,6,10,12,1,1,2,2,2,6,7,9,8,8,2,2,2,10,,9,,11,1,7,8,5,11,8,5,6,9,5,11,7,6,6,6,6,8,5,5,9,11,7,9,7,7,3,1,2,2,2,1,3,1,4,6,3,3,3,7,9,,,4,3,,4,1,9,1,6,1,7,7,4,7,5,8,5,6,6,6,4,4,1,1,1,2,6,1,6,,4,,4,b'\x11\xe8\xe1I\xd7)\xb5>\x98|\x12\xdf\x17\xaeN\x1e'
11E8E149-D729-B53E-987C-12DF17AE4E1E,2026-ncaa-d2-natl,genius_ncaa,30,13,141,24,170,82,94,124,62,178,219,57,10,25,27,12,149,130,204,124,45,129,160,19,32,21,14,6,231,151,105,168,49,160,49,51,49,53,26,14,48,27,221,241,,,98,98,,204,7,155,66,88,14,26,38,165,239,1,3,119,96,91,38,87,135,135,136,14,48,29,227,,97,,224,7,65,76,102,44,103,161,30,46,48,87,40,86,72,229,71,51,94,123,27,37,23,72,67,182,54,49,93,105,70,49,50,63,81,38,24,35,13,191,259,,,180,185,,57,7,143,19,18,7,33,58,104,100,218,40,26,95,67,70,77,154,40,61,38,32,45,21,219,,155,,46,b'\x11\xe8\xe1I\xd7)\xb5>\x98|\x12\xdf\x17\xaeN\x1e'
11E8E149-D72D-F630-987C-12DF17AE4E1E,2018-ncaa-d2-conf-Mid-America Intercollegiate,ncaa,7,8,1,8,2,1,2,4,3,1,3,3,5,5,8,11,1,1,12,1,2,3,1,3,3,5,7,11,3,3,2,4,7,3,4,8,13,14,10,13,5,9,7,10,,,14,11,,,5,1,4,12,4,4,10,3,7,10,11,3,1,1,7,4,3,11,7,9,13,8,7,,12,,,6,14,14,13,6,13,14,6,6,7,10,2,13,13,14,12,9,14,14,5,8,7,5,3,11,12,7,8,2,11,4,10,2,1,5,4,14,11,9,3,,,1,2,,,5,14,4,7,6,9,10,7,10,12,4,3,12,12,12,8,9,7,2,4,3,4,12,6,,2,,,b'\x11\xe8\xe1I\xd7-\xf60\x98|\x12\xdf\x17\xaeN\x1e'
11E8E149-D72D-F630-987C-12DF17AE4E1E,2018-ncaa-d2-natl,ncaa,107,132,64,125,93,73,92,139,46,88,153,37,131,134,132,168,21,20,151,21,9,115,94,54,48,83,127,198,42,89,54,126,105,115,52,175,270,263,223,234,122,153,114,135,,,273,277,,,94,94,147,190,70,104,225,97,202,152,168,21,26,26,164,132,114,204,150,216,231,165,129,,261,,,96,235,210,183,194,238,227,178,91,96,138,55,278,256,300,257,211,208,197,167,211,199,132,43,260,128,105,75,54,81,52,74,17,121,140,68,251,218,232,231,,,24,26,,,94,212,70,179,104,169,139,100,185,178,55,52,264,233,231,138,127,83,23,37,47,158,215,209,,29,,,b'\x11\xe8\xe1I\xd7-\xf60\x98|\x12\xdf\x17\xaeN\x1e'
11E8E149-D72D-F630-987C-12DF17AE4E1E,2019-ncaa-d2-conf-Mid-America Intercollegiate,ncaa,3,4,3,4,3,3,3,5,1,3,7,2,4,4,10,5,6,6,11,4,4,3,3,2,2,4,9,7,11,2,1,2,1,2,1,4,6,14,12,7,8,8,9,11,,,7,4,,,3,3,8,11,5,3,11,5,11,7,5,9,6,6,12,8,4,3,3,3,12,8,9,,3,,,3,13,14,12,7,14,14,8,2,4,3,1,6,5,13,5,2,13,11,5,6,7,1,1,6,4,1,1,1,1,1,3,1,11,13,5,14,13,10,11,,,6,9,,,3,12,3,7,3,5,8,7,12,12,2,4,6,3,3,6,5,3,1,1,1,13,13,9,,11,,,b'\x11\xe8\xe1I\xd7-\xf60\x98|\x12\xdf\x17\xaeN\x1e'
11E8E149-D72D-F630-987C-12DF17AE4E1E,2019-ncaa-d2-natl,ncaa,48,49,76,48,110,68,58,172,7,65,229,1,82,86,117,61,143,160,128,156,82,174,172,8,10,28,168,128,247,119,22,107,17,103,4,78,140,198,201,106,196,195,136,165,,,130,162,,,71,179,270,254,61,48,264,74,273,92,91,182,192,191,254,254,140,124,116,76,157,231,143,,88,,,68,179,203,177,196,248,225,194,72,87,108,64,150,71,311,75,50,156,111,167,189,236,42,45,133,40,17,8,22,11,4,28,7,271,283,156,248,250,177,222,,,196,212,,,71,135,21,210,61,124,161,113,210,199,53,51,118,46,48,88,29,19,3,3,21,299,218,150,,252,,,b'\x11\xe8\xe1I\xd7-\xf60\x98|\x12\xdf\x17\xaeN\x1e'
11E8E149-D72D-F630-987C-12DF17AE4E1E,2020-ncaa-d2-conf-GLVC,ncaa,2,3,1,3,1,2,2,2,2,2,5,1,3,1,10,5,2,2,10,2,1,2,2,3,2,2,5,7,9,3,5,1,2,1,2,2,4,13,7,3,3,6,6,8,,,1,1,,,3,2,4,6,2,3,7,2,11,4,3,5,4,4,4,3,7,3,3,2,8,5,8,,1,,,3,16,16,16,12,16,16,14,7,14,3,8,1,1,13,1,1,16,15,11,7,7,1,3,1,6,2,10,5,10,2,15,4,4,8,8,15,9,9,8,,,3,14,,,3,15,2,7,3,9,14,15,14,15,3,8,1,1,1,10,7,2,5,2,10,10,11,8,,11,,,b'\x11\xe8\xe1I\xd7-\xf60\x98|\x12\xdf\x17\xaeN\x1e'
11E8E149-D72D-F630-987C-12DF17AE4E1E,2020-ncaa-d2-natl,ncaa,69,72,102,71,119,33,39,102,23,41,166,9,89,73,132,94,36,44,100,42,34,87,95,27,23,31,145,168,112,132,96,95,31,104,40,24,51,174,134,50,136,141,92,139,,,49,31,,,91,85,86,88,17,29,123,33,198,85,72,32,45,44,87,91,143,90,112,15,156,142,91,,33,,,92,269,291,249,284,301,275,289,109,139,94,83,82,54,295,55,17,219,187,259,251,264,9,42,28,48,31,81,96,55,40,245,93,208,241,255,251,217,197,217,,,113,143,,,91,224,25,229,93,251,284,254,299,280,101,122,70,38,40,216,169,32,45,31,227,232,234,187,,95,,,b'\x11\xe8\xe1I\xd7-\xf60\x98|\x12\xdf\x17\xaeN\x1e'
11E8E149-D72D-F630-987C-12DF17AE4E1E,2021-ncaa-d2-conf-GLVC,ncaa,6,5,10,6,12,10,10,11,9,11,12,4,5,5,13,3,9,7,13,7,1,10,9,8,8,10,3,3,8,1,2,6,4,2,2,7,4,12,15,8,13,12,1,2,,,4,4,,,8,12,8,9,7,8,8,9,13,4,1,9,6,5,6,4,1,4,1,6,15,13,1,,3,,,8,7,8,7,8,13,13,5,1,1,5,1,6,5,15,4,2,6,4,5,4,12,1,1,6,7,4,4,2,5,2,3,2,14,13,11,14,15,7,9,,,14,15,,,8,4,7,11,8,10,11,12,15,15,1,1,8,5,4,12,6,6,4,4,2,13,15,6,,14,,,b'\x11\xe8\xe1I\xd7-\xf60\x98|\x12\xdf\x17\xaeN\x1e'
11E8E149-D72D-F630-987C-12DF17AE4E1E,2021-ncaa-d2-natl,ncaa,59,135,47,86,55,49,51,68,62,64,92,32,45,35,131,49,47,37,139,35,26,61,52,56,56,78,82,83,107,23,25,50,57,35,15,38,38,199,165,86,118,184,11,37,,,150,95,,,126,60,135,88,81,91,131,106,184,70,56,80,72,65,115,99,46,98,60,46,164,191,18,,74,,,118,183,193,179,177,211,211,155,90,95,105,9,172,155,203,150,31,176,160,144,151,196,10,8,103,132,57,125,25,125,15,148,14,129,210,177,216,190,118,81,,,73,172,,,126,167,59,183,122,153,177,147,207,203,22,10,120,85,83,142,70,64,19,20,59,216,191,52,,164,,,b'\x11\xe8\xe1I\xd7-\xf60\x98|\x12\xdf\x17\xaeN\x1e'
11E8E149-D72D-F630-987C-12DF17AE4E1E,2023-ncaa-d0-natl,ncaa,358,339,355,358,355,358,358,359,224,359,361,157,216,225,197,28,356,354,311,353,123,360,358,167,203,309,58,35,299,356,329,359,328,360,335,313,55,261,359,326,343,287,339,336,,,13,116,,,348,358,213,291,338,336,358,348,358,127,106,346,334,335,359,312,341,335,357,232,357,282,320,,120,,,353,53,125,19,359,256,61,361,10,15,58,65,45,29,305,33,89,9,6,346,342,349,3,11,78,68,328,5,329,7,335,87,98,352,268,297,310,360,52,321,,,343,128,,,348,4,337,354,353,323,355,245,360,313,49,75,190,144,157,238,164,261,133,191,270,262,356,155,,216,,,b'\x11\xe8\xe1I\xd7-\xf60\x98|\x12\xdf\x17\xaeN\x1e'
11E8E149-D72D-F630-987C-12DF17AE4E1E,2023-ncaa-d1-conf-OVC,ncaa,10,10,10,10,10,10,10,10,7,10,10,6,6,7,4,2,10,10,8,10,1,10,10,4,5,10,2,1,7,10,10,10,9,10,10,10,6,5,10,10,10,10,10,10,,,1,2,,,10,10,8,7,10,10,10,10,10,5,3,9,9,9,10,9,10,8,10,9,10,10,10,,3,,,10,2,4,1,10,7,3,9,1,1,4,1,1,1,7,1,3,1,1,9,9,10,1,1,1,2,9,1,10,1,10,3,2,10,10,10,8,10,1,6,,,10,5,,,10,1,10,10,10,8,9,8,10,9,3,2,4,3,3,8,4,7,2,5,7,10,9,3,,5,,,b'\x11\xe8\xe1I\xd7-\xf60\x98|\x12\xdf\x17\xaeN\x1e'
11E8E149-D72D-F630-987C-12DF17AE4E1E,2023-ncaa-d1-natl,ncaa,355,339,358,355,359,356,355,361,196,359,361,132,212,223,162,28,354,356,291,355,137,361,359,141,166,287,58,35,314,355,324,361,324,361,330,307,53,270,359,320,337,281,341,343,,,13,97,,,342,359,227,291,329,331,358,346,357,114,107,345,338,338,360,314,342,339,358,212,355,275,327,,104,,,347,52,129,14,356,270,62,359,8,12,57,58,33,25,312,25,66,9,3,338,338,343,3,11,65,70,324,1,324,4,330,90,98,350,263,300,304,359,42,308,,,345,126,,,342,3,325,351,349,315,349,236,360,316,40,69,165,114,122,218,156,259,110,165,266,262,355,135,,215,,,b'\x11\xe8\xe1I\xd7-\xf60\x98|\x12\xdf\x17\xaeN\x1e'
11E8E149-D72D-F630-987C-12DF17AE4E1E,2024-ncaa-d0-natl,ncaa,319,297,325,318,332,288,271,312,196,247,291,131,271,228,320,165,264,226,325,219,97,298,328,217,228,193,237,228,170,291,256,360,347,358,353,301,305,24,111,206,192,120,313,303,,,267,355,,,296,327,166,81,192,178,162,153,196,222,152,187,116,110,135,177,213,360,354,260,110,110,294,,347,,,304,158,138,12,359,218,56,353,46,8,352,21,276,266,240,264,317,20,33,358,358,348,99,33,305,99,347,89,256,83,353,129,159,164,61,141,18,67,20,54,,,251,94,,,296,33,202,344,302,329,312,59,330,197,112,22,336,330,330,126,225,227,282,270,264,64,66,53,,109,,,b'\x11\xe8\xe1I\xd7-\xf60\x98|\x12\xdf\x17\xaeN\x1e'
11E8E149-D72D-F630-987C-12DF17AE4E1E,2024-ncaa-d1-conf-OVC,ncaa,10,10,9,10,9,9,8,10,5,7,10,2,8,7,10,7,11,10,9,10,8,9,10,5,7,6,9,8,11,8,7,11,11,11,11,10,10,1,2,6,4,4,10,9,,,7,10,,,10,11,9,5,9,5,8,5,6,8,7,10,9,7,8,9,7,11,11,7,2,4,10,,10,,,10,4,4,2,11,5,3,11,2,1,11,3,9,5,8,5,7,2,3,11,11,10,4,3,6,4,11,2,7,3,11,4,3,3,3,4,2,3,2,6,,,8,3,,,10,1,6,10,10,9,8,2,9,6,4,1,9,8,8,2,4,5,5,6,4,2,2,5,,6,,,b'\x11\xe8\xe1I\xd7-\xf60\x98|\x12\xdf\x17\xaeN\x1e'
11E8E149-D72D-F630-987C-12DF17AE4E1E,2024-ncaa-d1-natl,ncaa,322,296,348,321,349,290,277,318,183,260,296,124,260,225,304,162,274,221,336,216,97,307,339,199,218,190,229,221,186,300,268,362,349,361,353,307,310,17,110,203,182,107,307,281,,,288,360,,,295,343,158,80,182,172,164,151,197,206,144,191,116,108,139,178,225,362,356,255,107,106,270,,355,,,296,167,139,9,361,230,59,358,36,5,351,17,303,288,241,288,325,14,22,361,361,343,95,24,315,91,349,105,268,83,353,118,138,159,66,137,15,52,17,49,,,239,83,,,295,19,198,341,299,330,311,56,334,203,87,17,344,339,339,126,227,223,291,274,246,67,53,48,,97,,,b'\x11\xe8\xe1I\xd7-\xf60\x98|\x12\xdf\x17\xaeN\x1e'
11E8E149-D72D-F630-987C-12DF17AE4E1E,2025-ncaa-d0-natl,genius_ncaa,71,77,54,81,64,76,109,142,87,117,165,77,135,148,116,184,27,36,69,36,25,113,99,89,61,89,106,203,40,210,209,107,159,145,165,96,113,268,194,140,156,212,147,189,,,272,210,,161,123,84,195,131,99,149,267,168,233,165,184,30,42,42,207,221,265,193,248,121,171,205,180,,196,,125,124,278,263,278,175,283,283,181,190,228,137,140,265,241,306,240,161,279,271,158,180,182,141,125,217,222,159,181,209,199,165,63,10,125,177,68,248,193,250,249,,,18,10,,11,123,279,100,173,126,187,185,185,204,216,134,140,204,174,171,178,167,159,70,92,29,176,182,201,,22,,23,b'\x11\xe8\xe1I\xd7-\xf60\x98|\x12\xdf\x17\xaeN\x1e'
11E8E149-D72D-F630-987C-12DF17AE4E1E,2025-ncaa-d1-conf-OVC,genius_ncaa,2,2,3,2,3,4,3,6,1,5,8,1,5,7,4,5,3,3,4,3,2,5,5,1,2,2,4,4,4,7,6,4,4,5,4,2,2,5,8,2,7,8,3,5,,,4,4,,4,3,5,9,6,3,3,11,8,9,4,5,3,4,5,10,10,9,6,8,3,5,8,5,,4,,4,3,5,5,9,2,4,9,2,8,9,7,8,3,3,10,3,3,9,8,4,4,3,9,10,3,6,4,2,6,3,4,3,3,7,9,6,5,5,7,8,,,2,2,,4,3,7,3,3,4,3,2,7,3,5,6,6,4,3,3,6,4,5,1,2,2,9,4,5,,3,,4,b'\x11\xe8\xe1I\xd7-\xf60\x98|\x12\xdf\x17\xaeN\x1e'
11E8E149-D72D-F630-987C-12DF17AE4E1E,2025-ncaa-d1-natl,genius_ncaa,65,77,43,79,53,75,98,138,87,99,148,73,141,149,133,190,24,35,63,35,27,99,92,91,57,86,120,217,38,228,235,88,160,141,177,85,108,253,185,136,155,214,148,199,,,297,227,,178,121,74,188,135,96,146,276,162,235,181,195,28,40,42,217,235,280,185,252,120,163,205,186,,208,,136,125,295,284,292,175,295,297,175,210,240,137,143,276,253,316,251,164,295,284,152,177,192,146,125,219,243,160,191,235,209,177,64,6,123,191,74,238,182,258,248,,,15,9,,10,121,287,103,184,123,191,187,193,214,220,142,148,214,180,178,193,174,166,74,99,30,188,170,198,,18,,17,b'\x11\xe8\xe1I\xd7-\xf60\x98|\x12\xdf\x17\xaeN\x1e'
11E8E149-D72D-F630-987C-12DF17AE4E1E,2026-ncaa-d0-natl,genius_ncaa,87,39,206,62,216,161,163,225,72,189,247,103,93,168,29,94,245,249,185,263,222,233,268,53,58,46,100,58,289,257,225,264,106,269,170,136,103,27,54,33,177,99,306,315,,,48,72,,73,95,268,292,97,96,91,172,153,238,47,113,232,232,257,191,319,255,262,291,75,25,127,324,,48,,95,87,91,104,88,225,84,84,195,181,134,273,248,70,42,328,38,80,74,89,236,239,195,212,278,94,40,106,95,225,70,170,116,174,203,92,143,13,18,107,156,,,205,86,,95,95,100,47,164,80,122,140,76,110,71,231,169,81,47,40,40,42,37,123,68,150,142,15,131,,150,,72,b'\x11\xe8\xe1I\xd7-\xf60\x98|\x12\xdf\x17\xaeN\x1e'
11E8E149-D72D-F630-987C-12DF17AE4E1E,2026-ncaa-d1-natl,genius_ncaa,74,39,177,59,197,138,138,216,65,177,238,102,64,133,23,93,200,216,140,236,194,222,270,49,52,31,83,55,275,253,205,226,86,242,138,79,60,15,32,20,145,77,278,270,,,29,46,,55,63,268,286,100,71,73,150,153,225,38,91,186,203,227,169,298,248,202,235,42,20,105,282,,32,,65,57,71,100,102,141,81,105,125,163,147,215,240,49,27,310,26,47,78,90,166,147,125,194,262,75,39,86,101,205,69,138,106,178,190,106,131,9,16,120,172,,,205,112,,105,63,107,34,105,47,83,108,104,91,96,194,152,54,32,30,52,52,45,110,64,130,157,16,145,,174,,93,b'\x11\xe8\xe1I\xd7-\xf60\x98|\x12\xdf\x17\xaeN\x1e'
11E8E149-D732-4A0A-987C-12DF17AE4E1E,2018-ncaa-d2-conf-CIAA,ncaa,12,11,10,12,10,12,12,6,12,11,7,12,8,6,12,5,8,9,7,9,7,8,6,12,12,11,4,6,3,5,5,12,10,8,11,12,11,9,9,11,8,8,6,6,,,10,11,,,12,8,1,2,9,9,2,8,5,6,3,5,6,6,2,1,3,8,5,11,10,5,5,,12,,,12,11,10,3,12,11,3,12,6,4,9,4,11,11,4,11,12,6,7,12,12,12,6,2,10,5,10,9,5,10,11,10,9,7,6,9,10,10,5,5,,,5,8,,,12,7,10,12,12,12,11,11,11,10,9,9,12,12,12,11,12,10,11,11,11,2,10,7,,1,,,b'\x11\xe8\xe1I\xd72J\n\x98|\x12\xdf\x17\xaeN\x1e'
11E8E149-D732-4A0A-987C-12DF17AE4E1E,2018-ncaa-d2-natl,ncaa,252,272,148,264,172,143,170,71,287,163,68,282,170,113,268,187,72,38,258,40,71,55,28,287,281,282,119,189,37,19,58,198,293,93,241,209,238,304,259,286,56,112,202,240,,,307,272,,,287,38,4,117,129,165,17,156,37,174,103,42,16,17,10,3,7,222,48,218,301,44,204,,308,,,280,294,281,220,291,300,261,292,81,92,100,21,304,308,11,308,297,266,287,267,267,193,47,15,262,290,293,286,58,291,241,278,176,21,43,88,292,234,140,75,,,53,170,,,287,282,266,217,262,305,296,261,305,286,88,100,304,307,307,292,307,293,291,297,276,11,292,132,,19,,,b'\x11\xe8\xe1I\xd72J\n\x98|\x12\xdf\x17\xaeN\x1e'
11E8E149-D732-4A0A-987C-12DF17AE4E1E,2019-ncaa-d2-conf-CIAA,ncaa,10,9,6,10,8,3,4,3,6,6,8,4,1,1,6,2,10,7,11,7,6,4,5,3,7,3,3,2,12,10,13,10,13,11,13,6,10,4,4,5,7,7,13,13,,,10,6,,,10,3,1,8,4,2,2,7,9,1,1,10,7,7,2,4,10,12,12,7,6,7,13,,10,,,10,12,11,9,12,13,10,13,4,7,3,6,12,10,11,10,5,9,11,11,12,12,2,1,6,11,13,11,13,13,13,9,3,6,8,8,5,4,8,8,,,4,5,,,10,11,5,12,9,12,12,10,13,12,3,7,11,10,10,11,12,11,13,13,10,5,5,8,,3,,,b'\x11\xe8\xe1I\xd72J\n\x98|\x12\xdf\x17\xaeN\x1e'
11E8E149-D732-4A0A-987C-12DF17AE4E1E,2019-ncaa-d2-natl,ncaa,216,259,76,233,104,78,80,41,205,88,65,160,108,61,246,121,127,60,291,60,127,39,27,212,230,229,173,156,199,65,177,150,306,107,291,161,270,280,189,238,71,165,270,296,,,283,163,,,239,22,7,204,84,79,22,104,81,120,65,165,73,72,18,9,67,218,130,189,265,81,284,,284,,,229,301,298,285,217,301,278,265,117,224,19,93,282,290,65,289,217,298,302,186,187,136,48,28,206,309,306,303,177,308,291,228,51,23,55,54,195,80,201,129,,,36,140,,,239,287,227,197,226,284,277,288,297,285,100,208,273,288,284,297,307,307,294,304,189,23,156,183,,27,,,b'\x11\xe8\xe1I\xd72J\n\x98|\x12\xdf\x17\xaeN\x1e'
11E8E149-D732-4A0A-987C-12DF17AE4E1E,2020-ncaa-d2-conf-CIAA,ncaa,8,7,7,8,8,7,7,9,5,9,11,4,2,2,7,2,10,11,5,11,8,9,11,5,5,4,3,3,11,11,11,12,12,12,12,8,9,1,1,4,10,9,12,12,,,4,6,,,8,11,10,4,5,5,7,9,10,2,2,9,11,11,8,11,11,12,12,6,1,10,12,,5,,,8,9,10,1,11,12,9,11,3,1,10,1,8,7,9,7,7,1,2,11,11,10,1,2,4,3,12,9,11,7,12,8,3,8,6,8,1,1,3,7,,,11,10,,,8,2,4,10,8,9,10,3,12,10,3,2,8,7,7,2,3,3,11,9,8,7,1,4,,10,,,b'\x11\xe8\xe1I\xd72J\n\x98|\x12\xdf\x17\xaeN\x1e'
11E8E149-D732-4A0A-987C-12DF17AE4E1E,2020-ncaa-d2-natl,ncaa,193,170,257,188,262,243,243,254,216,250,254,186,183,167,213,106,239,206,270,209,120,253,259,212,222,209,130,122,169,216,197,302,293,294,294,275,283,76,147,232,199,166,305,310,,,106,176,,,200,262,167,71,203,203,157,211,196,149,108,206,143,149,152,163,164,308,291,267,133,160,309,,183,,,203,71,94,16,280,197,120,253,9,9,137,7,197,215,66,211,227,30,64,232,248,155,21,6,250,162,293,117,197,134,294,34,18,87,38,30,11,18,33,58,,,261,205,,,200,49,212,169,209,170,179,53,270,220,8,5,253,263,259,89,181,233,225,233,58,42,17,50,,212,,,b'\x11\xe8\xe1I\xd72J\n\x98|\x12\xdf\x17\xaeN\x1e'
11E8E149-D732-4A0A-987C-12DF17AE4E1E,2022-ncaa-d2-conf-CIAA,ncaa,11,12,4,12,5,9,9,4,12,9,3,12,11,9,11,9,7,3,11,3,9,4,3,12,12,12,11,11,2,2,4,6,5,4,5,11,11,11,11,12,4,4,7,8,,,9,7,,,11,4,5,7,12,12,5,10,2,11,9,9,3,3,5,2,2,9,2,12,11,4,7,,9,,,11,7,7,5,9,9,10,8,2,2,11,1,9,8,10,9,8,6,8,8,8,4,2,1,10,3,5,10,4,9,5,4,6,2,1,1,9,7,12,12,,,4,6,,,11,9,12,3,11,6,7,1,7,9,1,1,9,9,9,1,4,3,11,8,3,1,9,12,,4,,,b'\x11\xe8\xe1I\xd72J\n\x98|\x12\xdf\x17\xaeN\x1e'
11E8E149-D732-4A0A-987C-12DF17AE4E1E,2022-ncaa-d2-natl,ncaa,240,264,146,253,171,269,268,178,295,211,78,294,289,269,294,281,169,103,286,102,169,163,103,297,297,296,277,288,22,29,48,221,252,130,188,275,273,292,285,299,70,68,184,210,,,230,242,,,256,144,110,166,291,291,179,241,52,292,284,177,92,93,157,51,23,262,103,296,289,66,188,,247,,,249,79,74,72,151,178,208,111,7,9,68,1,246,259,69,264,224,98,167,84,112,39,18,4,281,216,252,187,48,201,188,57,94,31,15,14,218,191,284,256,,,117,151,,,256,155,294,47,248,71,67,36,196,228,5,2,250,259,262,71,202,215,215,216,72,21,233,288,,93,,,b'\x11\xe8\xe1I\xd72J\n\x98|\x12\xdf\x17\xaeN\x1e'
11E8E149-D732-4A0A-987C-12DF17AE4E1E,2023-ncaa-d2-conf-CIAA,ncaa,9,8,7,9,7,10,8,6,11,7,5,8,10,9,11,8,10,9,11,9,9,5,6,11,11,10,11,10,9,4,2,12,11,9,9,10,9,6,8,9,8,6,4,4,,,12,12,,,10,8,5,4,8,7,4,6,5,10,7,10,5,6,3,1,3,12,9,10,9,5,4,,12,,,10,6,3,1,10,5,4,8,2,1,12,1,12,12,9,12,12,2,6,9,12,9,10,2,12,3,11,3,2,2,9,1,2,5,1,1,2,3,5,5,,,7,7,,,10,5,8,9,10,10,5,1,6,6,2,1,12,12,12,4,9,5,7,5,1,1,3,7,,5,,,b'\x11\xe8\xe1I\xd72J\n\x98|\x12\xdf\x17\xaeN\x1e'
11E8E149-D732-4A0A-987C-12DF17AE4E1E,2023-ncaa-d2-natl,ncaa,256,206,280,248,282,279,271,263,267,234,192,256,287,277,290,261,229,166,282,166,135,258,252,281,283,280,261,267,75,80,25,293,266,270,183,275,246,168,244,273,185,112,216,184,,,257,298,,,237,268,66,98,244,225,97,140,46,278,248,147,54,51,76,28,19,289,154,251,270,91,163,,298,,,241,30,14,6,179,37,39,111,6,5,235,2,289,292,66,292,297,10,28,131,210,128,180,5,298,68,266,22,25,25,183,5,28,119,36,10,62,141,58,80,,,212,110,,,237,30,269,136,242,184,64,13,165,190,10,1,298,298,298,130,227,195,162,179,23,33,188,138,,57,,,b'\x11\xe8\xe1I\xd72J\n\x98|\x12\xdf\x17\xaeN\x1e'
11E8E149-D732-4A0A-987C-12DF17AE4E1E,2024-ncaa-d2-conf-CIAA,ncaa,12,12,7,12,10,10,7,6,10,10,9,7,6,6,6,3,13,10,12,10,10,8,7,7,10,12,7,4,13,8,9,5,7,5,8,9,10,10,10,11,11,11,9,8,,,9,8,,,11,8,3,11,12,9,7,8,10,5,4,13,10,10,9,5,6,4,5,9,11,10,8,,11,,,11,8,7,6,8,10,8,10,4,8,3,6,10,13,1,13,11,9,7,6,6,7,6,4,9,9,7,10,9,10,8,2,2,9,10,4,10,8,6,8,,,11,10,,,11,6,12,8,11,10,10,9,11,8,4,7,12,13,13,12,10,10,10,10,2,9,10,6,,10,,,b'\x11\xe8\xe1I\xd72J\n\x98|\x12\xdf\x17\xaeN\x1e'
11E8E149-D732-4A0A-987C-12DF17AE4E1E,2024-ncaa-d2-natl,ncaa,229,183,275,222,280,272,267,275,217,255,257,207,242,247,213,181,269,248,291,248,151,275,271,223,240,263,206,181,188,195,111,256,224,255,180,271,227,180,274,274,205,156,264,242,,,87,216,,,199,272,64,211,219,199,156,173,127,203,183,235,133,135,145,65,89,152,113,231,273,130,229,,238,,,202,20,16,24,103,41,39,153,10,30,9,61,168,213,14,210,277,28,30,67,81,73,91,16,279,112,224,30,111,43,180,11,21,183,88,29,142,228,27,70,,,269,239,,,199,27,258,90,199,159,120,160,197,201,27,83,267,293,292,217,239,240,183,217,38,61,240,77,,180,,,b'\x11\xe8\xe1I\xd72J\n\x98|\x12\xdf\x17\xaeN\x1e'
11E8E149-D732-4A0A-987C-12DF17AE4E1E,2025-ncaa-d2-conf-CIAA,genius_ncaa,5,6,11,5,11,8,8,9,10,8,6,10,7,7,9,8,4,7,2,7,7,9,9,10,7,6,6,7,3,5,3,8,10,7,8,8,8,3,3,6,8,9,8,10,,,11,12,,2,5,10,1,1,1,4,1,3,1,6,4,2,3,3,1,1,1,2,1,7,9,4,9,,12,,1,5,5,3,4,5,4,5,5,5,4,8,2,10,12,1,12,11,6,4,5,5,6,9,4,11,7,10,5,3,6,8,5,9,9,11,8,5,8,8,10,,,10,9,,11,5,4,5,7,5,12,10,11,10,12,8,7,12,12,12,12,12,11,11,11,10,4,9,10,,5,,12,b'\x11\xe8\xe1I\xd72J\n\x98|\x12\xdf\x17\xaeN\x1e'
11E8E149-D732-4A0A-987C-12DF17AE4E1E,2025-ncaa-d2-natl,genius_ncaa,195,141,275,190,275,205,201,172,231,153,98,244,258,250,257,263,140,116,216,115,159,159,148,257,250,246,243,261,60,55,35,235,264,162,153,240,254,188,199,250,101,97,263,267,,,246,275,,29,186,197,5,3,59,59,6,32,4,230,185,37,25,24,5,4,10,58,9,178,278,37,244,,299,,43,189,81,62,67,105,86,115,95,57,51,115,52,253,295,2,294,294,116,138,92,91,75,174,67,280,230,264,69,35,128,153,75,149,120,106,76,232,251,129,102,,,237,256,,281,186,112,215,118,178,268,225,281,236,287,133,159,295,301,301,297,299,290,248,286,206,32,289,244,,79,,277,b'\x11\xe8\xe1I\xd72J\n\x98|\x12\xdf\x17\xaeN\x1e'
11E8E149-D732-4A0A-987C-12DF17AE4E1E,2026-ncaa-d2-natl,genius_ncaa,276,144,289,276,289,286,280,283,243,256,243,246,293,292,285,288,285,293,144,289,291,287,287,269,272,267,294,289,204,202,39,270,191,260,77,285,273,35,223,265,278,212,248,161,,,9,46,,9,212,289,30,1,129,68,6,11,2,279,263,176,191,179,11,5,5,1,1,213,281,135,151,,164,,38,252,20,20,21,53,9,13,64,131,117,174,289,28,26,115,25,202,19,15,115,93,152,285,290,117,61,191,12,39,19,77,54,271,291,258,267,88,267,119,205,,,292,291,,288,212,10,258,197,247,282,260,297,125,198,294,298,203,219,225,296,294,286,278,291,283,167,290,283,,217,,284,b'\x11\xe8\xe1I\xd72J\n\x98|\x12\xdf\x17\xaeN\x1e'
11E8E149-D736-CF30-987C-12DF17AE4E1E,2018-ncaa-d2-conf-PSAC,ncaa,15,14,16,15,16,16,16,11,16,15,8,17,13,13,14,12,12,4,17,4,2,10,9,17,17,17,7,11,2,3,1,10,9,7,6,17,17,11,11,17,14,16,16,16,,,8,12,,,16,11,3,6,13,13,10,12,4,12,12,8,1,1,6,2,1,3,2,17,15,13,16,,14,,,17,13,13,11,13,10,5,12,16,15,17,16,8,7,4,8,10,11,7,16,15,16,15,15,4,11,9,9,1,7,6,16,16,15,16,17,10,12,10,8,,,4,2,,,16,8,17,16,16,17,17,17,14,13,17,17,13,13,13,17,16,14,14,16,17,15,14,12,,1,,,b'\x11\xe8\xe1I\xd76\xcf0\x98|\x12\xdf\x17\xaeN\x1e'
11E8E149-D736-CF30-987C-12DF17AE4E1E,2018-ncaa-d2-natl,ncaa,279,245,293,280,298,291,293,281,278,271,225,280,277,277,237,246,229,166,301,165,75,269,262,281,285,278,179,224,56,117,52,269,207,212,124,306,308,117,241,306,290,277,290,286,,,92,233,,,290,289,103,226,244,256,140,217,92,246,234,118,49,47,108,71,26,126,54,308,260,266,278,,249,,,292,110,110,55,249,81,41,242,206,136,275,225,106,117,98,111,222,56,29,271,266,293,222,250,125,95,207,35,52,45,124,173,199,294,283,291,141,239,152,200,,,191,52,,,290,23,262,297,292,288,280,260,244,194,285,267,235,242,241,266,213,218,211,227,268,266,262,236,,28,,,b'\x11\xe8\xe1I\xd76\xcf0\x98|\x12\xdf\x17\xaeN\x1e'
11E8E149-D736-CF30-987C-12DF17AE4E1E,2019-ncaa-d2-conf-PSAC,ncaa,8,13,8,8,8,8,10,5,16,11,6,15,6,6,10,7,11,4,17,4,8,5,5,13,15,15,6,7,8,3,3,4,1,3,2,14,15,14,11,16,16,17,13,15,,,6,3,,,11,6,8,12,13,13,8,12,11,8,8,10,4,4,7,6,2,2,1,15,13,17,14,,2,,,11,13,15,13,10,14,13,11,10,11,7,10,8,8,4,7,5,13,11,10,7,12,6,10,7,2,1,14,3,9,2,10,7,10,12,11,14,12,10,9,,,5,9,,,11,13,14,7,12,8,12,11,13,11,10,11,6,7,8,11,9,3,13,7,8,15,13,9,,6,,,b'\x11\xe8\xe1I\xd76\xcf0\x98|\x12\xdf\x17\xaeN\x1e'
11E8E149-D736-CF30-987C-12DF17AE4E1E,2019-ncaa-d2-natl,ncaa,145,145,182,145,218,166,166,146,190,136,127,181,177,160,210,189,166,104,280,104,134,142,146,197,218,199,193,192,154,81,73,86,15,80,43,241,285,173,156,235,275,289,246,261,,,66,72,,,158,170,94,248,143,136,78,126,98,177,153,152,85,84,67,70,52,24,25,248,196,287,251,,77,,,159,140,171,155,179,208,182,195,94,123,77,123,92,104,115,104,99,147,116,158,143,193,61,86,106,40,15,171,73,99,43,130,88,231,240,203,182,165,168,139,,,143,164,,,158,143,182,150,159,182,214,209,237,232,117,148,116,121,125,194,160,47,205,133,143,234,205,188,,106,,,b'\x11\xe8\xe1I\xd76\xcf0\x98|\x12\xdf\x17\xaeN\x1e'
11E8E149-D736-CF30-987C-12DF17AE4E1E,2020-ncaa-d2-conf-PSAC,ncaa,9,9,9,9,11,11,10,7,11,11,12,10,9,6,13,7,10,10,12,10,9,8,8,12,12,13,8,12,8,5,7,3,1,4,3,16,16,10,11,16,16,16,14,14,,,9,9,,,9,11,9,13,11,9,10,12,12,9,7,9,9,9,8,7,5,3,2,16,9,17,14,,10,,,9,7,5,10,3,6,9,2,9,9,6,9,11,10,16,10,9,9,7,4,4,8,13,10,12,3,1,8,7,5,3,6,11,16,16,14,6,7,14,13,,,9,7,,,9,8,10,7,9,7,6,12,5,9,9,9,12,10,10,11,8,4,9,6,8,16,8,14,,8,,,b'\x11\xe8\xe1I\xd76\xcf0\x98|\x12\xdf\x17\xaeN\x1e'
11E8E149-D736-CF30-987C-12DF17AE4E1E,2020-ncaa-d2-natl,ncaa,159,140,223,150,237,203,202,206,174,181,187,138,210,189,247,171,149,150,164,150,111,205,217,191,185,177,184,213,86,89,57,113,36,97,39,254,282,123,155,225,274,268,218,215,,,123,201,,,148,238,188,141,165,171,149,137,148,195,157,104,107,107,134,135,62,40,30,254,162,272,212,,166,,,148,78,64,85,77,79,103,83,90,101,103,136,222,171,282,184,215,99,61,79,102,172,213,128,265,47,36,90,57,62,39,76,121,273,262,204,114,151,255,264,,,166,91,,,148,74,152,147,145,135,103,143,112,151,122,146,251,213,220,163,91,65,130,95,103,272,163,277,,84,,,b'\x11\xe8\xe1I\xd76\xcf0\x98|\x12\xdf\x17\xaeN\x1e'
11E8E149-D736-CF30-987C-12DF17AE4E1E,2022-ncaa-d2-conf-PSAC,ncaa,11,10,5,11,7,12,11,6,14,9,9,10,15,9,17,9,6,3,15,4,4,5,5,14,13,15,9,14,3,2,1,1,1,1,1,12,11,15,12,14,17,17,10,11,,,5,4,,,8,6,13,13,14,14,9,13,12,16,8,5,3,3,8,7,2,1,1,15,14,17,11,,4,,,8,3,9,16,2,9,15,2,11,15,3,14,3,2,12,2,1,16,12,3,2,4,5,11,4,7,1,9,1,11,1,17,17,16,17,18,15,15,13,13,,,9,13,,,8,13,13,3,8,3,5,16,5,14,7,12,1,2,2,13,5,6,8,7,13,17,15,13,,13,,,b'\x11\xe8\xe1I\xd76\xcf0\x98|\x12\xdf\x17\xaeN\x1e'
11E8E149-D736-CF30-987C-12DF17AE4E1E,2022-ncaa-d2-natl,ncaa,116,139,106,130,124,184,195,156,239,173,150,212,209,156,273,158,120,99,227,105,96,141,124,243,236,239,156,204,69,50,66,40,56,38,33,179,138,226,210,222,250,271,118,122,,,53,38,,,120,158,232,158,248,259,204,227,181,235,173,141,116,120,189,164,58,6,8,219,206,275,129,,29,,,122,57,92,210,11,91,172,21,133,231,23,229,27,24,217,22,14,171,145,11,4,34,127,211,46,146,56,165,66,156,33,221,287,209,227,249,252,236,202,220,,,156,192,,,120,145,219,32,122,21,49,208,49,145,120,226,17,13,11,134,79,129,141,134,196,234,236,209,,196,,,b'\x11\xe8\xe1I\xd76\xcf0\x98|\x12\xdf\x17\xaeN\x1e'
11E8E149-D736-CF30-987C-12DF17AE4E1E,2023-ncaa-d2-conf-PSAC,ncaa,14,14,9,14,13,13,12,11,14,10,8,12,17,15,15,14,12,12,14,12,15,12,13,14,14,13,15,14,10,12,14,10,6,11,12,15,9,6,10,10,11,7,3,3,,,13,17,,,12,14,13,18,13,12,11,9,7,17,15,12,12,13,12,12,11,12,12,15,8,10,3,,16,,,12,4,2,2,3,2,4,2,4,4,3,5,16,15,15,15,17,2,3,3,6,4,10,4,18,4,6,10,14,7,12,4,6,9,6,5,8,10,11,8,,,12,10,,,12,5,14,5,12,3,3,2,4,6,4,5,18,18,18,2,4,5,11,9,6,6,9,9,,12,,,b'\x11\xe8\xe1I\xd76\xcf0\x98|\x12\xdf\x17\xaeN\x1e'
11E8E149-D736-CF30-987C-12DF17AE4E1E,2023-ncaa-d2-natl,ncaa,183,206,148,199,195,226,206,172,246,161,102,241,251,240,259,234,226,220,196,221,256,181,188,258,262,244,257,239,168,135,162,177,118,167,177,205,170,112,154,188,149,131,35,19,,,188,255,,,184,202,205,295,253,221,157,163,67,255,246,228,215,222,182,184,119,187,158,217,138,150,28,,222,,,182,62,40,54,102,69,105,98,48,50,106,62,235,212,235,211,232,65,88,92,130,98,162,57,279,80,118,188,162,149,177,39,90,131,80,55,146,168,191,172,,,191,175,,,184,92,240,95,187,70,37,23,78,108,52,45,248,223,223,41,78,102,215,174,47,103,151,203,,198,,,b'\x11\xe8\xe1I\xd76\xcf0\x98|\x12\xdf\x17\xaeN\x1e'
11E8E149-D736-CF30-987C-12DF17AE4E1E,2024-ncaa-d2-conf-PSAC,ncaa,2,2,1,2,1,2,4,2,10,3,1,14,13,15,4,17,1,1,4,1,4,1,2,12,9,9,10,15,1,2,3,1,4,1,2,5,10,16,5,9,5,8,1,2,,,13,1,,,3,1,10,2,6,11,9,8,3,14,16,1,1,1,5,5,3,1,1,10,7,8,1,,2,,,4,10,12,18,2,17,18,3,1,3,2,2,10,10,9,10,2,18,18,2,1,2,1,1,7,17,4,18,3,18,2,4,1,3,9,2,10,2,13,6,,,1,1,,,3,18,7,2,4,4,4,12,9,18,1,2,3,3,3,13,11,9,6,7,2,7,3,8,,1,,,b'\x11\xe8\xe1I\xd76\xcf0\x98|\x12\xdf\x17\xaeN\x1e'
11E8E149-D736-CF30-987C-12DF17AE4E1E,2024-ncaa-d2-natl,ncaa,9,10,8,8,8,38,58,30,150,22,4,231,242,271,96,294,3,3,92,4,66,16,13,212,153,138,241,287,3,9,25,8,64,5,13,88,186,269,125,169,55,116,5,25,,,236,68,,,24,18,174,98,114,164,170,67,17,285,293,7,8,9,88,98,36,39,18,186,147,127,11,,75,,,33,178,197,277,24,270,294,20,15,42,5,3,227,230,127,228,43,280,279,5,6,12,10,4,218,237,64,247,25,252,13,28,5,30,93,10,183,52,179,34,,,2,5,,,24,283,102,8,27,15,22,115,139,273,3,3,104,108,104,103,132,116,63,73,4,103,70,100,,3,,,b'\x11\xe8\xe1I\xd76\xcf0\x98|\x12\xdf\x17\xaeN\x1e'
11E8E149-D736-CF30-987C-12DF17AE4E1E,2025-ncaa-d2-conf-PSAC,genius_ncaa,6,5,7,6,9,8,7,11,6,5,5,7,15,15,9,16,5,6,3,5,5,9,9,7,6,7,14,15,1,8,3,8,1,8,1,7,5,6,9,6,11,12,7,8,,,4,6,,16,5,8,10,17,8,7,14,4,5,14,15,4,4,4,11,12,9,11,11,7,6,13,7,,2,,16,5,5,7,6,9,10,14,6,3,2,12,2,5,3,15,3,2,6,5,7,7,7,3,3,7,1,1,1,3,1,1,6,6,11,8,8,5,6,3,2,,,4,1,,7,5,10,7,3,4,3,7,2,7,11,3,1,5,4,4,1,1,1,1,1,6,11,5,2,,5,,9,b'\x11\xe8\xe1I\xd76\xcf0\x98|\x12\xdf\x17\xaeN\x1e'
11E8E149-D736-CF30-987C-12DF17AE4E1E,2025-ncaa-d2-natl,genius_ncaa,56,62,72,60,107,77,88,117,65,34,32,109,267,278,177,294,13,22,44,22,86,86,97,130,77,80,268,291,14,62,34,114,19,89,13,79,116,148,112,97,117,120,59,80,,,113,92,,268,45,105,178,284,77,95,171,30,34,286,293,10,24,25,113,140,82,160,120,94,114,147,63,,62,,258,48,116,142,136,178,225,255,92,32,15,242,7,147,130,233,127,51,124,156,118,129,100,20,27,170,19,19,51,34,30,13,116,104,96,84,84,128,88,112,55,,,21,9,,70,45,200,61,55,45,67,89,40,185,240,21,5,107,88,86,39,51,6,8,4,84,119,95,94,,16,,86,b'\x11\xe8\xe1I\xd76\xcf0\x98|\x12\xdf\x17\xaeN\x1e'
11E8E149-D736-CF30-987C-12DF17AE4E1E,2026-ncaa-d2-conf-PSAC,genius_ncaa,9,8,3,9,3,11,12,10,13,13,7,15,10,14,6,14,2,1,13,1,2,8,6,14,12,13,3,9,2,7,3,8,4,8,3,6,3,9,11,7,8,9,8,9,,,16,16,,16,9,8,4,1,10,12,9,12,5,10,13,2,1,1,6,4,5,7,6,5,11,8,8,,16,,16,9,8,7,7,12,9,6,10,5,5,7,7,14,15,3,14,14,9,9,10,9,10,7,5,12,2,4,1,3,2,3,6,4,9,10,5,2,2,9,12,,,3,3,,3,9,12,13,8,8,10,8,8,10,6,5,6,14,15,14,11,11,2,1,2,7,7,2,10,,2,,3,b'\x11\xe8\xe1I\xd76\xcf0\x98|\x12\xdf\x17\xaeN\x1e'
11E8E149-D736-CF30-987C-12DF17AE4E1E,2026-ncaa-d2-natl,genius_ncaa,157,98,221,135,264,201,230,227,213,183,165,211,257,249,249,260,23,33,78,31,11,184,195,238,169,164,154,276,5,56,2,168,11,118,2,153,37,96,127,124,148,83,40,16,,,170,290,,275,60,229,41,278,50,143,59,72,34,248,227,1,1,1,20,16,7,19,2,65,206,85,16,,285,,294,49,52,31,42,41,35,53,36,53,54,100,93,190,216,73,218,286,56,56,38,63,83,243,104,291,15,11,16,2,12,2,48,158,218,149,93,44,43,62,66,,,57,9,,97,60,67,102,49,56,98,47,80,61,116,88,100,280,289,289,156,163,19,10,5,84,138,99,101,,1,,52,b'\x11\xe8\xe1I\xd76\xcf0\x98|\x12\xdf\x17\xaeN\x1e'
11E8E149-D73B-484E-987C-12DF17AE4E1E,2018-ncaa-d2-conf-Heartland,ncaa,1,1,1,1,2,1,2,3,1,2,5,1,2,3,1,4,3,3,1,3,3,3,3,1,1,1,5,5,4,7,3,1,2,1,1,1,1,2,4,1,4,3,1,1,,,1,1,,,1,3,8,7,1,2,8,2,8,3,4,3,3,3,6,8,7,1,2,1,1,4,1,,1,,,1,1,2,7,1,2,8,1,2,3,3,1,1,1,3,1,1,7,6,1,1,1,3,4,1,6,2,1,3,2,1,1,1,5,4,2,4,4,1,2,,,3,3,,,1,6,1,1,1,1,1,4,2,8,2,2,1,1,1,4,3,5,1,1,1,6,4,1,,3,,,b'\x11\xe8\xe1I\xd7;HN\x98|\x12\xdf\x17\xaeN\x1e'
11E8E149-D73B-484E-987C-12DF17AE4E1E,2018-ncaa-d2-natl,ncaa,4,2,12,2,22,28,41,119,4,58,169,3,40,75,20,96,41,75,33,74,46,114,111,3,2,6,104,109,151,221,182,15,67,45,29,17,18,166,130,28,187,231,3,3,,,84,28,,,5,81,295,226,79,95,298,119,282,88,155,97,159,161,289,298,288,35,159,31,54,255,4,,7,,,7,67,95,268,1,124,286,1,81,129,30,66,78,65,219,67,7,252,229,1,1,5,82,99,123,231,67,76,182,136,29,10,5,149,209,36,141,103,13,13,,,67,58,,,5,225,10,7,4,1,6,105,27,199,19,33,18,13,13,48,28,124,5,17,1,258,53,5,,196,,,b'\x11\xe8\xe1I\xd7;HN\x98|\x12\xdf\x17\xaeN\x1e'
11E8E149-D73B-484E-987C-12DF17AE4E1E,2019-ncaa-d2-conf-Heartland,ncaa,1,1,1,1,2,1,1,3,1,1,4,1,1,2,1,3,4,6,5,5,5,3,3,1,1,1,5,3,8,4,2,1,1,1,1,1,1,2,2,1,1,1,1,1,,,1,1,,,1,3,8,5,2,1,5,3,6,1,2,6,6,6,6,8,5,1,4,1,1,2,1,,1,,,1,1,1,5,1,1,7,1,1,3,1,2,1,2,4,2,2,4,4,1,1,1,4,3,5,1,1,1,2,1,1,1,1,3,3,1,1,1,1,1,,,5,6,,,1,6,1,1,1,1,1,1,1,5,1,2,1,1,1,1,1,1,1,1,1,6,1,1,,7,,,b'\x11\xe8\xe1I\xd7;HN\x98|\x12\xdf\x17\xaeN\x1e'
11E8E149-D73B-484E-987C-12DF17AE4E1E,2019-ncaa-d2-natl,ncaa,3,22,2,19,2,7,9,35,2,20,87,5,7,33,2,79,20,27,56,24,49,33,23,1,1,3,86,67,214,180,154,9,14,35,16,8,44,263,140,24,27,64,10,19,,,191,40,,,3,10,284,85,39,45,291,118,277,43,124,124,162,159,287,294,286,135,250,20,63,117,45,,16,,,5,200,177,297,7,143,275,6,247,288,49,218,205,182,212,180,76,298,300,12,13,12,235,235,169,135,14,109,154,112,16,106,50,29,90,23,234,98,53,29,,,24,117,,,3,302,7,7,3,6,8,33,7,41,75,117,31,28,27,21,20,10,1,2,11,171,49,10,,229,,,b'\x11\xe8\xe1I\xd7;HN\x98|\x12\xdf\x17\xaeN\x1e'
11E8E149-D73B-484E-987C-12DF17AE4E1E,2020-ncaa-d2-conf-Lone Star,ncaa,2,1,2,2,4,2,2,9,1,5,10,1,2,5,1,5,13,16,1,16,16,10,13,1,1,1,9,4,18,18,17,4,4,9,5,1,3,1,5,1,8,8,2,2,,,6,5,,,2,9,15,18,3,2,12,6,15,2,8,16,18,18,13,18,18,5,13,1,1,11,3,,4,,,1,3,2,11,1,3,14,1,5,8,3,7,5,8,1,8,6,11,10,2,2,2,10,11,10,9,4,5,17,6,5,4,10,10,12,7,1,6,5,7,,,17,18,,,2,10,1,2,1,2,2,9,1,12,4,5,4,5,6,6,3,6,2,2,3,13,1,3,,18,,,b'\x11\xe8\xe1I\xd7;HN\x98|\x12\xdf\x17\xaeN\x1e'
11E8E149-D73B-484E-987C-12DF17AE4E1E,2020-ncaa-d2-natl,ncaa,5,6,3,6,8,30,29,100,16,79,176,22,24,62,8,62,110,178,21,183,166,114,133,9,6,7,79,52,243,280,263,18,93,79,90,17,26,116,99,20,93,127,12,13,,,140,59,,,10,82,269,195,85,85,266,162,278,45,117,183,255,259,283,300,303,48,209,26,34,155,14,,38,,,13,52,42,270,1,51,257,1,126,222,26,152,127,166,32,168,107,265,249,2,2,7,236,217,202,233,93,104,263,150,90,119,243,121,169,108,112,108,173,190,,,206,246,,,10,246,21,7,5,6,7,126,6,137,66,136,50,79,85,100,74,137,16,34,48,196,41,109,,298,,,b'\x11\xe8\xe1I\xd7;HN\x98|\x12\xdf\x17\xaeN\x1e'
11E8E149-D73B-484E-987C-12DF17AE4E1E,2021-ncaa-d2-conf-Lone Star,ncaa,1,1,2,1,3,1,1,5,1,3,6,1,2,2,1,6,2,6,1,5,6,6,6,1,1,1,8,6,11,8,12,3,5,6,6,1,6,6,1,1,1,1,1,1,,,10,2,,,1,4,13,8,2,1,9,4,12,3,6,4,10,10,8,16,15,8,13,1,1,2,1,,1,,,1,6,6,13,1,8,11,1,7,10,1,9,11,9,12,9,4,12,12,1,1,1,11,10,12,11,5,13,12,13,6,3,2,1,2,1,3,1,2,1,,,6,10,,,1,13,1,1,1,1,1,1,1,2,2,5,3,2,2,1,3,4,3,3,1,2,1,1,,13,,,b'\x11\xe8\xe1I\xd7;HN\x98|\x12\xdf\x17\xaeN\x1e'
11E8E149-D73B-484E-987C-12DF17AE4E1E,2021-ncaa-d2-natl,ncaa,2,1,12,1,17,15,16,33,12,27,62,10,12,23,14,57,15,36,3,35,67,32,31,6,3,3,68,58,123,90,144,29,84,43,76,15,54,160,62,14,3,7,2,5,,,167,51,,,1,31,190,106,38,51,174,88,195,33,75,64,142,142,172,211,192,143,180,35,31,14,14,,29,,,2,126,121,171,7,126,175,9,112,153,21,93,154,140,180,144,67,170,197,7,10,1,127,85,173,182,84,163,144,168,76,82,30,4,4,1,118,25,68,20,,,34,98,,,1,198,5,2,2,2,3,9,9,36,18,35,37,21,23,4,37,70,16,21,3,21,15,13,,171,,,b'\x11\xe8\xe1I\xd7;HN\x98|\x12\xdf\x17\xaeN\x1e'
11E8E149-D73B-484E-987C-12DF17AE4E1E,2022-ncaa-d2-conf-Lone Star,ncaa,2,3,1,3,1,2,2,5,1,4,6,1,2,3,1,5,4,4,1,4,5,4,5,1,1,1,4,3,11,14,16,3,2,6,10,3,7,3,3,2,2,1,4,4,,,14,12,,,2,4,16,7,5,7,15,11,15,3,6,9,11,11,15,16,16,13,16,7,1,4,8,,5,,,2,6,9,11,5,10,13,2,6,4,8,4,8,8,6,8,5,10,11,5,5,3,6,8,9,3,2,14,16,13,10,5,5,2,3,3,3,2,6,6,,,6,10,,,2,14,2,2,1,1,1,1,2,2,2,1,3,4,4,1,1,1,6,1,3,7,1,3,,14,,,b'\x11\xe8\xe1I\xd7;HN\x98|\x12\xdf\x17\xaeN\x1e'
11E8E149-D73B-484E-987C-12DF17AE4E1E,2022-ncaa-d2-natl,ncaa,10,35,3,28,4,17,29,46,41,60,111,37,14,22,34,53,12,36,13,30,37,44,63,26,15,6,41,57,106,235,278,45,69,99,204,34,113,87,24,21,10,19,44,59,,,277,201,,,14,30,295,224,122,169,286,235,289,66,111,93,166,160,280,300,295,247,292,137,3,51,109,,95,,,22,213,208,247,94,227,249,94,133,163,93,86,208,216,98,218,128,253,268,78,77,43,100,93,176,158,69,276,278,246,204,172,110,19,43,37,62,13,179,155,,,32,61,,,14,273,25,29,14,6,11,4,28,38,29,26,52,68,67,3,7,24,59,29,27,127,4,59,,233,,,b'\x11\xe8\xe1I\xd7;HN\x98|\x12\xdf\x17\xaeN\x1e'
11E8E149-D73B-484E-987C-12DF17AE4E1E,2023-ncaa-d2-conf-Lone Star,ncaa,4,4,2,4,2,3,3,3,1,3,3,2,5,9,3,10,3,6,1,6,10,3,3,3,1,1,8,9,8,16,16,2,3,3,8,2,5,6,5,2,11,14,5,9,,,6,2,,,2,2,14,3,3,4,13,4,10,9,9,7,9,8,12,14,16,2,11,4,3,14,6,,3,,,2,8,12,15,3,16,16,4,2,4,2,1,8,8,9,6,1,15,15,2,2,2,1,1,7,13,3,14,16,13,8,2,3,9,12,4,4,3,15,13,,,7,10,,,2,14,3,2,2,1,3,9,10,14,1,1,4,4,3,7,4,6,7,7,2,14,3,13,,12,,,b'\x11\xe8\xe1I\xd7;HN\x98|\x12\xdf\x17\xaeN\x1e'
11E8E149-D73B-484E-987C-12DF17AE4E1E,2023-ncaa-d2-natl,ncaa,28,82,4,60,4,16,28,28,46,30,37,55,63,76,57,175,3,6,10,6,35,24,24,53,29,31,94,177,30,198,273,3,64,21,140,33,92,230,97,66,120,234,47,129,,,263,93,,,34,9,249,9,98,145,264,149,216,144,200,20,63,66,241,268,283,37,175,102,61,241,113,,70,,,43,277,270,291,39,278,290,50,136,227,22,74,259,250,234,247,73,292,288,32,39,68,65,60,180,260,64,291,273,289,140,161,32,77,212,97,204,81,278,249,,,12,50,,,34,289,60,70,47,43,60,140,115,203,41,71,107,89,87,112,68,117,107,105,28,226,54,213,,119,,,b'\x11\xe8\xe1I\xd7;HN\x98|\x12\xdf\x17\xaeN\x1e'
11E8E149-D73B-484E-987C-12DF17AE4E1E,2024-ncaa-d2-conf-Lone Star,ncaa,5,4,6,5,6,9,9,10,7,11,10,13,8,11,1,10,9,9,2,9,11,11,12,6,5,3,7,6,7,14,13,10,10,11,12,10,9,2,2,7,12,11,9,9,,,3,6,,,4,12,16,1,11,12,13,9,7,7,13,8,8,8,14,16,12,11,14,10,2,12,9,,4,,,4,1,2,5,8,9,9,7,1,3,1,4,2,3,1,3,3,2,3,4,4,1,1,3,3,7,10,7,13,7,12,1,2,9,6,1,1,1,5,7,,,8,6,,,4,4,5,2,3,1,3,3,8,8,1,3,2,2,2,3,1,10,6,9,2,10,1,5,,8,,,b'\x11\xe8\xe1I\xd7;HN\x98|\x12\xdf\x17\xaeN\x1e'
11E8E149-D73B-484E-987C-12DF17AE4E1E,2024-ncaa-d2-natl,ncaa,48,59,50,61,50,103,119,158,72,126,119,148,116,211,8,213,72,127,7,128,157,155,184,67,41,47,98,135,89,245,256,149,165,199,226,131,159,62,76,87,117,118,181,204,,,129,111,,,64,146,296,2,167,182,279,181,198,144,247,108,170,177,276,297,279,239,277,175,26,162,212,,58,,,69,90,145,144,138,192,177,164,59,96,39,108,63,86,40,83,60,131,154,116,83,76,30,69,66,172,165,169,256,176,226,103,87,99,89,81,16,19,103,81,,,110,63,,,64,153,72,81,59,22,56,22,113,91,31,44,31,47,42,11,21,105,71,76,59,144,8,60,,186,,,b'\x11\xe8\xe1I\xd7;HN\x98|\x12\xdf\x17\xaeN\x1e'
11E8E149-D73B-484E-987C-12DF17AE4E1E,2025-ncaa-d2-conf-Lone Star,genius_ncaa,1,1,1,1,1,2,2,6,2,4,8,3,1,3,1,4,1,1,1,2,2,5,6,1,1,1,2,4,4,12,12,2,6,4,7,2,5,1,1,2,7,10,2,2,,,15,11,,14,2,5,16,5,3,6,15,11,15,3,6,3,4,4,14,15,14,5,9,5,1,12,2,,5,,13,2,6,7,13,3,12,16,2,1,2,3,1,9,13,1,13,3,13,12,2,2,3,1,2,10,13,6,13,12,13,7,1,1,9,15,3,1,1,10,9,,,5,5,,13,2,12,1,3,2,2,3,4,4,11,1,1,2,6,6,4,2,11,3,4,1,16,1,8,,9,,16,b'\x11\xe8\xe1I\xd7;HN\x98|\x12\xdf\x17\xaeN\x1e'
11E8E149-D73B-484E-987C-12DF17AE4E1E,2025-ncaa-d2-natl,genius_ncaa,7,16,2,12,3,22,28,46,18,59,104,30,14,31,8,75,14,27,12,29,32,37,58,11,8,6,37,63,93,209,247,8,72,38,109,30,76,92,25,22,113,187,8,33,,,284,230,,295,12,38,298,191,101,147,294,219,287,61,137,73,142,146,292,299,290,94,233,92,5,226,32,,104,,273,18,211,214,282,31,253,293,11,80,120,67,30,229,242,41,245,98,283,269,17,14,52,56,50,189,250,72,253,247,262,109,89,32,154,247,117,46,10,163,140,,,30,48,,227,12,263,11,59,14,11,17,29,50,163,18,15,72,93,97,31,9,79,28,37,14,279,2,61,,200,,270,b'\x11\xe8\xe1I\xd7;HN\x98|\x12\xdf\x17\xaeN\x1e'
11E8E149-D73B-484E-987C-12DF17AE4E1E,2026-ncaa-d2-conf-Lone Star,genius_ncaa,1,1,1,1,1,2,3,3,4,4,4,7,2,3,3,9,1,1,11,1,1,2,5,3,2,1,4,7,3,9,12,4,9,4,10,4,8,9,2,3,12,15,13,13,,,15,13,,10,3,3,15,2,5,8,15,8,15,5,7,2,2,2,9,16,14,11,12,8,2,15,13,,13,,7,6,15,14,15,6,12,15,6,14,14,8,7,16,16,3,16,13,16,15,6,7,10,13,7,15,16,9,15,12,16,10,12,10,5,12,9,8,4,4,3,,,1,1,,2,3,15,4,9,7,7,5,6,6,7,7,10,14,15,14,7,4,10,8,10,6,13,3,3,,1,,2,b'\x11\xe8\xe1I\xd7;HN\x98|\x12\xdf\x17\xaeN\x1e'
11E8E149-D73B-484E-987C-12DF17AE4E1E,2026-ncaa-d2-natl,genius_ncaa,5,1,59,1,84,89,124,188,30,207,242,70,26,79,8,42,62,73,91,78,9,172,187,11,8,11,6,16,84,263,270,116,103,176,187,51,16,78,91,27,196,208,266,264,,,196,245,,85,35,164,293,88,112,186,292,267,294,21,102,79,97,111,287,296,284,179,268,65,29,237,280,,138,,58,39,109,89,120,47,63,77,62,195,209,132,242,147,203,29,202,264,126,132,78,65,81,265,244,201,134,103,144,270,144,187,123,196,155,139,122,93,129,51,88,,,22,1,,8,35,135,26,86,31,26,18,12,13,11,168,173,102,162,162,16,10,85,59,59,69,206,57,36,,14,,7,b'\x11\xe8\xe1I\xd7;HN\x98|\x12\xdf\x17\xaeN\x1e'
11E8E149-D73F-9570-987C-12DF17AE4E1E,2018-ncaa-d2-conf-Sunshine State,ncaa,9,7,9,9,9,9,7,7,7,5,3,8,8,8,7,7,10,10,8,10,11,8,7,7,7,8,9,7,10,4,3,7,7,5,6,5,6,6,7,7,5,3,5,6,,,2,4,,,8,8,3,3,7,6,2,3,1,8,7,9,9,9,4,1,3,4,2,4,9,3,3,,4,,,8,2,5,4,6,6,7,5,4,2,8,3,3,3,2,3,5,4,3,5,5,6,5,4,5,5,7,6,3,7,6,6,7,6,5,6,6,8,11,10,,,11,11,,,8,4,9,5,8,7,8,9,9,9,7,4,6,8,8,8,9,7,9,8,7,5,9,11,,10,,,b'\x11\xe8\xe1I\xd7?\x95p\x98|\x12\xdf\x17\xaeN\x1e'
11E8E149-D73F-9570-987C-12DF17AE4E1E,2018-ncaa-d2-natl,ncaa,225,179,276,221,283,276,237,251,179,205,185,217,242,285,101,250,293,286,242,284,298,273,269,194,224,226,266,192,279,225,180,274,81,267,164,227,177,85,210,190,177,84,213,191,,,29,138,,,205,276,165,129,232,157,142,118,67,212,254,285,272,265,191,165,165,215,195,172,201,104,188,,110,,,208,37,55,18,243,84,58,216,40,15,253,57,50,67,51,64,136,19,20,227,218,198,66,86,117,18,81,52,180,25,164,38,100,229,118,139,75,173,203,221,,,302,300,,,205,24,228,170,220,158,186,89,211,175,118,41,122,155,149,90,98,54,194,120,141,142,159,270,,297,,,b'\x11\xe8\xe1I\xd7?\x95p\x98|\x12\xdf\x17\xaeN\x1e'
11E8E149-D73F-9570-987C-12DF17AE4E1E,2019-ncaa-d2-conf-Sunshine State,ncaa,6,6,6,6,6,8,8,7,6,5,4,7,9,9,6,9,4,3,10,3,5,6,6,7,6,8,9,10,6,3,3,7,8,5,6,8,7,11,11,10,6,8,8,7,,,6,5,,,8,6,4,1,7,7,6,5,3,9,9,4,4,3,5,3,2,5,2,8,11,7,7,,7,,,8,8,8,10,6,8,8,6,8,8,7,6,3,3,11,3,2,8,7,6,5,6,3,7,3,9,8,3,3,6,6,10,9,7,9,9,11,9,10,9,,,4,7,,,8,7,8,9,8,10,10,10,8,8,9,9,2,2,2,9,9,9,5,8,11,8,10,11,,4,,,b'\x11\xe8\xe1I\xd7?\x95p\x98|\x12\xdf\x17\xaeN\x1e'
11E8E149-D73F-9570-987C-12DF17AE4E1E,2019-ncaa-d2-natl,ncaa,145,95,287,123,289,278,268,289,165,250,249,188,256,276,120,232,270,254,235,253,191,291,291,171,194,207,218,202,179,204,75,273,202,262,122,258,194,85,234,216,224,140,206,178,,,19,87,,,204,298,266,17,235,219,248,160,145,216,255,218,189,180,244,216,117,189,157,211,214,160,168,,66,,,204,23,44,44,149,62,56,145,84,84,161,208,18,11,307,11,18,23,15,152,141,183,98,213,37,86,202,10,75,17,122,78,163,285,222,233,75,204,157,221,,,286,201,,,204,13,204,198,205,136,186,201,179,182,196,198,32,20,20,136,96,190,60,106,182,237,186,238,,218,,,b'\x11\xe8\xe1I\xd7?\x95p\x98|\x12\xdf\x17\xaeN\x1e'
11E8E149-D73F-9570-987C-12DF17AE4E1E,2020-ncaa-d2-conf-Sunshine State,ncaa,8,7,9,8,9,8,8,10,5,4,4,4,10,10,8,10,5,5,7,5,4,9,9,6,6,6,10,10,4,9,5,9,4,10,4,10,9,6,7,9,6,4,5,5,,,2,4,,,6,8,4,2,6,5,6,3,3,10,10,3,3,3,6,6,9,7,8,9,7,4,5,,3,,,6,4,6,3,7,6,4,6,10,4,11,7,6,5,4,5,6,1,2,7,6,9,8,9,6,3,4,2,5,2,4,4,5,9,7,8,7,7,4,4,,,7,5,,,6,4,7,6,6,7,8,7,6,7,10,8,6,5,5,8,4,3,3,4,5,7,7,6,,4,,,b'\x11\xe8\xe1I\xd7?\x95p\x98|\x12\xdf\x17\xaeN\x1e'
11E8E149-D73F-9570-987C-12DF17AE4E1E,2020-ncaa-d2-natl,ncaa,168,182,102,177,112,133,127,183,65,81,110,76,216,242,139,257,99,87,180,91,117,167,165,99,96,115,246,247,95,246,205,171,38,219,98,183,241,160,164,176,117,110,192,201,,,150,158,,,144,133,177,50,140,129,222,73,121,228,263,99,88,92,198,209,264,199,262,199,140,125,202,,125,,,144,184,182,163,190,199,166,197,136,135,162,120,160,182,70,188,175,157,140,181,164,191,111,124,147,34,38,65,205,41,98,107,65,189,184,147,176,171,28,18,,,124,77,,,144,177,147,142,142,150,158,122,167,145,126,119,146,169,172,125,86,20,38,24,94,207,159,25,,117,,,b'\x11\xe8\xe1I\xd7?\x95p\x98|\x12\xdf\x17\xaeN\x1e'
11E8E149-D73F-9570-987C-12DF17AE4E1E,2022-ncaa-d2-conf-Sunshine State,ncaa,7,7,3,7,5,7,7,9,7,8,6,7,7,7,6,7,5,6,4,6,2,7,7,7,6,6,6,6,3,7,3,6,9,7,4,6,4,11,9,8,1,1,4,5,,,4,2,,,5,8,7,9,7,9,11,9,7,7,8,4,6,6,10,9,8,6,8,8,8,1,5,,2,,,5,3,4,7,3,7,6,3,2,6,1,4,3,3,11,3,3,5,4,2,3,2,3,4,5,8,9,3,3,2,4,6,8,5,5,5,10,10,3,5,,,5,4,,,5,4,7,3,5,3,3,5,4,8,3,3,3,3,3,4,5,6,2,2,7,6,10,4,,6,,,b'\x11\xe8\xe1I\xd7?\x95p\x98|\x12\xdf\x17\xaeN\x1e'
11E8E149-D73F-9570-987C-12DF17AE4E1E,2022-ncaa-d2-natl,ncaa,174,139,222,164,242,248,256,281,125,246,267,132,235,250,134,176,179,206,52,200,87,279,273,127,104,163,132,184,63,245,123,255,169,264,105,192,61,138,255,187,111,44,196,153,,,34,91,,,133,268,275,224,246,264,292,240,262,215,237,135,173,173,287,275,226,263,268,166,200,81,174,,55,,,132,19,22,36,69,32,42,107,44,74,40,181,51,29,296,30,75,29,31,66,78,79,130,131,162,62,169,11,123,16,105,85,238,205,119,149,156,259,19,36,,,209,37,,,133,35,171,79,124,26,29,46,54,68,70,113,86,41,42,26,36,105,4,15,135,160,218,17,,140,,,b'\x11\xe8\xe1I\xd7?\x95p\x98|\x12\xdf\x17\xaeN\x1e'
11E8E149-D73F-9570-987C-12DF17AE4E1E,2023-ncaa-d2-conf-Sunshine State,ncaa,3,3,3,3,3,4,4,6,2,3,5,3,7,7,8,7,3,3,6,3,2,6,5,4,4,4,9,9,7,10,10,3,2,6,4,3,1,10,9,4,1,1,7,7,,,8,4,,,4,4,7,9,5,4,10,2,8,8,8,7,6,7,11,10,10,6,10,4,8,2,8,,3,,,4,2,5,8,3,6,8,4,5,6,4,6,6,5,2,5,5,7,8,3,3,3,5,6,5,2,2,4,10,3,4,4,4,1,1,1,5,6,9,8,,,2,2,,,4,8,4,2,4,2,2,1,2,2,2,5,4,4,4,1,3,1,3,1,2,4,5,5,,4,,,b'\x11\xe8\xe1I\xd7?\x95p\x98|\x12\xdf\x17\xaeN\x1e'
11E8E149-D73F-9570-987C-12DF17AE4E1E,2023-ncaa-d2-natl,ncaa,42,55,30,53,37,53,49,140,7,44,144,4,98,118,79,134,68,75,107,76,58,124,96,11,12,30,192,175,154,272,267,80,24,154,119,14,10,240,212,51,50,65,154,161,,,227,178,,,64,55,214,173,94,79,283,69,260,138,183,133,146,146,277,277,291,192,278,20,153,101,197,,120,,,67,213,214,190,204,212,160,223,200,205,149,185,169,166,125,166,171,188,219,199,199,157,142,169,127,41,24,137,267,87,119,160,88,57,73,83,180,149,145,140,,,42,40,,,64,244,56,104,63,88,100,28,101,35,127,123,87,91,92,23,41,10,22,8,87,114,95,74,,108,,,b'\x11\xe8\xe1I\xd7?\x95p\x98|\x12\xdf\x17\xaeN\x1e'
11E8E149-D73F-9570-987C-12DF17AE4E1E,2024-ncaa-d2-conf-Sunshine State,ncaa,6,6,6,6,8,10,7,10,4,8,9,4,9,7,10,5,11,11,6,11,11,10,10,5,5,7,8,8,10,9,10,8,5,10,9,7,5,7,10,7,8,7,3,3,,,4,7,,,7,8,6,10,11,8,10,6,8,9,8,10,10,10,10,10,10,7,9,6,9,8,3,,6,,,7,2,1,2,3,2,3,2,6,4,10,6,7,7,7,7,9,3,2,2,5,4,10,8,10,3,5,7,10,4,9,2,4,7,5,3,6,9,7,9,,,9,4,,,7,4,10,4,8,4,1,2,3,5,6,4,8,7,8,4,4,3,6,5,4,7,8,10,,8,,,b'\x11\xe8\xe1I\xd7?\x95p\x98|\x12\xdf\x17\xaeN\x1e'
11E8E149-D73F-9570-987C-12DF17AE4E1E,2024-ncaa-d2-natl,ncaa,136,165,78,149,108,154,141,175,89,135,167,85,151,165,129,151,220,212,165,203,203,184,175,100,117,129,197,150,224,245,265,99,42,165,165,100,69,192,207,128,169,176,58,43,,,200,219,,,157,142,215,223,206,180,269,170,228,177,204,247,246,243,274,265,271,122,226,113,154,196,56,,150,,,155,136,84,128,85,72,141,42,174,120,253,119,238,227,222,233,232,147,138,103,122,139,256,191,256,70,42,193,265,153,165,70,88,153,158,105,118,137,219,235,,,108,68,,,157,166,168,115,153,77,38,42,35,80,150,85,205,184,188,64,55,36,146,89,45,193,94,202,,139,,,b'\x11\xe8\xe1I\xd7?\x95p\x98|\x12\xdf\x17\xaeN\x1e'
11E8E149-D73F-9570-987C-12DF17AE4E1E,2025-ncaa-d2-conf-Sunshine State,genius_ncaa,7,7,5,7,6,8,8,10,4,6,7,5,9,9,9,7,6,5,5,5,6,9,9,6,5,6,9,9,4,9,8,5,1,6,4,4,5,6,7,6,11,10,6,8,,,5,6,,6,6,7,7,7,8,8,10,4,7,9,8,4,5,5,9,10,9,4,7,6,7,11,7,,4,,7,6,4,6,4,8,7,7,6,3,2,9,3,7,7,5,9,7,5,2,7,7,9,4,3,7,1,1,3,8,1,4,2,3,11,11,10,4,7,4,4,,,7,6,,6,6,3,7,8,7,6,8,5,8,9,3,2,7,7,9,6,2,1,4,3,4,11,5,3,,8,,6,b'\x11\xe8\xe1I\xd7?\x95p\x98|\x12\xdf\x17\xaeN\x1e'
11E8E149-D73F-9570-987C-12DF17AE4E1E,2025-ncaa-d2-natl,genius_ncaa,144,159,109,154,134,132,143,185,77,118,146,84,187,216,119,225,82,91,98,94,81,168,199,96,68,78,181,220,56,235,211,112,25,163,67,89,65,80,114,67,285,288,155,190,,,49,71,,118,148,175,247,139,146,166,260,112,162,205,240,69,89,92,238,262,252,109,203,90,69,296,168,,36,,116,148,160,162,136,212,200,215,141,91,38,277,32,170,193,55,193,140,140,78,191,179,253,69,83,164,29,25,84,211,53,67,83,53,278,285,252,107,142,109,112,,,156,107,,147,148,112,102,214,158,135,156,90,195,216,86,25,147,172,174,96,24,22,63,31,81,295,99,104,,172,,158,b'\x11\xe8\xe1I\xd7?\x95p\x98|\x12\xdf\x17\xaeN\x1e'
11E8E149-D73F-9570-987C-12DF17AE4E1E,2026-ncaa-d2-conf-Sunshine State,genius_ncaa,3,4,1,4,1,5,9,7,7,10,9,5,5,4,6,2,2,2,9,2,1,6,6,5,5,5,1,6,3,10,8,2,4,4,7,3,1,7,6,6,7,8,6,7,,,6,4,,4,5,6,8,1,7,10,9,11,10,6,5,4,4,4,8,8,10,4,6,5,6,7,7,,5,,4,5,7,6,8,4,5,9,1,8,8,9,7,6,6,3,7,4,8,7,3,3,5,9,9,6,7,4,6,8,7,7,7,6,8,9,9,9,9,4,5,,,1,3,,10,5,7,6,6,6,6,4,7,3,8,8,7,5,5,6,8,5,6,3,6,5,8,8,3,,2,,10,b'\x11\xe8\xe1I\xd7?\x95p\x98|\x12\xdf\x17\xaeN\x1e'
11E8E149-D73F-9570-987C-12DF17AE4E1E,2026-ncaa-d2-natl,genius_ncaa,30,53,59,59,66,101,140,144,138,178,213,64,66,44,163,41,44,29,211,29,2,121,133,108,100,82,23,85,49,116,133,86,84,98,85,61,17,112,83,50,222,248,231,256,,,77,29,,60,140,138,273,50,141,209,252,242,284,88,49,54,32,35,196,254,165,115,142,79,61,254,255,,18,,38,140,193,188,202,129,158,181,106,231,227,213,205,132,123,189,124,96,195,161,156,154,215,207,234,92,134,84,150,133,152,85,170,117,228,276,254,155,150,92,132,,,44,17,,165,140,168,83,198,133,129,130,165,98,118,217,197,84,81,75,143,47,85,73,69,127,283,112,58,,42,,202,b'\x11\xe8\xe1I\xd7?\x95p\x98|\x12\xdf\x17\xaeN\x1e'
11E8E149-D743-EEE0-987C-12DF17AE4E1E,2018-ncaa-d2-conf-RMAC,ncaa,2,2,2,2,2,2,2,2,3,1,1,3,9,11,6,15,3,4,5,4,9,2,2,5,4,4,14,13,7,4,3,2,2,3,2,5,13,7,4,7,5,9,7,8,,,13,10,,,2,2,6,7,2,1,5,1,2,12,15,4,5,4,6,6,5,3,4,8,4,7,8,,12,,,4,12,10,13,7,11,15,5,6,8,7,4,13,13,13,13,10,13,14,3,6,8,7,4,15,5,2,8,3,9,2,3,1,5,8,4,5,3,4,3,,,4,4,,,2,14,2,5,3,8,6,7,7,9,4,4,13,13,13,9,9,2,4,2,2,9,3,5,,4,,,b'\x11\xe8\xe1I\xd7C\xee\xe0\x98|\x12\xdf\x17\xaeN\x1e'
11E8E149-D743-EEE0-987C-12DF17AE4E1E,2018-ncaa-d2-natl,ncaa,35,63,12,59,17,55,51,41,78,21,18,97,206,205,190,277,29,54,59,54,197,37,49,128,113,84,275,279,88,68,92,30,22,31,32,103,256,122,47,107,123,178,142,185,,,292,268,,,61,49,245,163,120,109,181,51,78,268,282,86,128,133,170,230,139,85,104,201,35,220,197,,213,,,67,229,171,243,56,193,243,73,120,189,32,105,290,278,253,281,242,262,246,44,85,104,198,74,287,120,22,222,92,187,32,35,11,112,182,43,80,37,96,27,,,17,41,,,61,269,68,84,58,52,26,43,54,87,38,89,238,217,220,63,49,28,51,36,7,221,29,43,,84,,,b'\x11\xe8\xe1I\xd7C\xee\xe0\x98|\x12\xdf\x17\xaeN\x1e'
11E8E149-D743-EEE0-987C-12DF17AE4E1E,2019-ncaa-d2-conf-RMAC,ncaa,3,3,5,3,5,3,2,8,2,2,3,3,12,13,6,13,8,11,3,11,16,8,9,3,2,3,14,13,12,3,2,3,2,4,1,4,8,3,6,3,3,4,14,13,,,14,16,,,2,11,11,1,1,1,6,1,4,12,11,7,10,12,6,9,4,3,2,4,4,5,14,,15,,,2,5,4,6,5,3,3,5,13,9,11,10,8,11,1,11,13,5,6,6,6,6,15,13,10,2,2,2,2,1,1,5,6,10,10,5,2,3,3,3,,,8,10,,,2,6,1,5,2,6,4,4,2,2,9,8,8,11,11,5,6,2,2,1,5,12,3,3,,6,,,b'\x11\xe8\xe1I\xd7C\xee\xe0\x98|\x12\xdf\x17\xaeN\x1e'
11E8E149-D743-EEE0-987C-12DF17AE4E1E,2019-ncaa-d2-natl,ncaa,110,123,76,118,88,138,96,148,57,85,112,73,172,202,119,207,228,240,85,245,276,170,192,84,89,82,256,211,253,170,142,88,8,111,36,109,138,73,94,73,132,99,241,234,,,208,271,,,86,195,287,69,171,121,222,93,141,199,238,254,271,272,251,277,193,89,134,132,43,158,263,,176,,,87,78,72,88,116,61,96,80,193,129,263,173,134,181,35,180,214,93,86,136,120,141,249,241,184,19,8,95,142,39,36,83,117,200,187,134,44,56,66,46,,,188,167,,,86,126,77,88,75,43,38,28,30,41,168,97,98,143,145,31,16,7,50,11,58,243,35,48,,239,,,b'\x11\xe8\xe1I\xd7C\xee\xe0\x98|\x12\xdf\x17\xaeN\x1e'
11E8E149-D743-EEE0-987C-12DF17AE4E1E,2020-ncaa-d2-conf-RMAC,ncaa,8,7,6,8,12,9,9,10,4,4,4,8,12,15,9,15,4,5,7,5,10,11,9,9,7,9,12,13,6,6,5,10,10,10,8,6,6,10,9,7,2,1,2,2,,,10,11,,,9,10,8,16,9,7,7,3,3,13,15,4,5,5,8,8,6,11,8,6,11,1,2,,11,,,9,6,4,6,6,1,2,4,12,9,14,11,14,11,10,10,16,6,5,9,11,8,16,14,14,9,10,4,5,4,8,5,10,5,5,5,9,9,1,2,,,10,11,,,9,5,8,9,9,6,3,5,2,4,13,10,15,13,12,5,8,10,3,6,7,4,10,2,,7,,,b'\x11\xe8\xe1I\xd7C\xee\xe0\x98|\x12\xdf\x17\xaeN\x1e'
11E8E149-D743-EEE0-987C-12DF17AE4E1E,2020-ncaa-d2-natl,ncaa,159,182,54,167,96,181,175,163,192,157,126,195,190,197,178,205,170,181,130,178,215,165,168,198,195,191,188,198,140,156,184,157,133,164,166,148,120,153,156,138,107,95,28,12,,,230,257,,,169,168,280,297,236,229,241,206,168,216,238,204,220,221,250,269,190,227,232,186,101,130,33,,186,,,167,146,87,95,104,47,62,67,255,210,275,236,257,242,206,235,278,126,135,151,178,163,300,272,268,132,133,188,184,168,166,100,156,126,110,99,117,131,111,93,,,192,189,,,169,130,191,155,175,80,41,22,20,18,223,162,223,210,201,33,29,92,132,105,70,162,78,86,,259,,,b'\x11\xe8\xe1I\xd7C\xee\xe0\x98|\x12\xdf\x17\xaeN\x1e'
11E8E149-D743-EEE0-987C-12DF17AE4E1E,2021-ncaa-d2-conf-RMAC,ncaa,6,4,6,4,9,7,8,7,5,5,5,5,9,10,6,12,3,5,2,5,3,7,7,6,4,3,8,12,1,5,3,4,7,5,4,6,3,11,9,5,9,11,8,9,,,9,6,,,7,6,6,14,4,9,11,4,5,11,13,1,3,3,8,7,5,3,4,6,9,11,8,,7,,,7,11,10,8,7,10,7,8,9,11,4,9,10,11,3,11,7,9,8,7,7,10,6,7,6,11,7,7,3,8,4,12,9,9,12,12,11,9,11,11,,,5,3,,,7,8,4,8,8,9,8,10,8,8,8,12,8,8,8,10,9,9,3,5,9,12,9,12,,3,,,b'\x11\xe8\xe1I\xd7C\xee\xe0\x98|\x12\xdf\x17\xaeN\x1e'
11E8E149-D743-EEE0-987C-12DF17AE4E1E,2021-ncaa-d2-natl,ncaa,59,66,99,57,113,104,119,122,106,108,115,116,124,137,92,157,40,63,19,64,31,119,117,110,72,80,86,155,10,100,76,85,78,92,49,114,100,122,124,117,164,204,116,139,,,110,122,,,107,121,164,222,114,150,179,131,127,146,171,9,34,36,150,156,112,57,75,129,108,207,137,,89,,,107,117,118,120,89,118,112,97,133,143,76,155,107,120,54,120,129,117,109,97,86,145,131,137,97,117,78,103,76,104,49,128,117,158,204,195,144,156,170,181,,,73,14,,,107,104,80,137,107,102,103,127,102,95,137,154,91,112,110,123,60,96,46,54,112,209,141,181,,31,,,b'\x11\xe8\xe1I\xd7C\xee\xe0\x98|\x12\xdf\x17\xaeN\x1e'
11E8E149-D743-EEE0-987C-12DF17AE4E1E,2022-ncaa-d2-conf-RMAC,ncaa,2,6,1,6,1,1,2,3,2,2,3,3,11,11,8,12,1,1,3,1,4,2,3,3,2,3,11,13,3,6,5,1,2,1,2,3,7,12,6,5,6,7,4,5,,,15,10,,,5,1,8,1,3,5,10,4,6,12,11,1,3,3,8,6,8,2,2,6,8,7,5,,12,,,5,14,12,15,4,11,14,5,10,13,4,6,14,14,13,14,10,15,15,4,4,8,10,4,11,11,2,9,5,11,2,8,8,6,10,6,9,4,9,6,,,1,3,,,5,15,4,8,5,8,7,9,7,9,7,10,13,12,12,13,10,5,3,3,7,10,4,5,,2,,,b'\x11\xe8\xe1I\xd7C\xee\xe0\x98|\x12\xdf\x17\xaeN\x1e'
11E8E149-D743-EEE0-987C-12DF17AE4E1E,2022-ncaa-d2-natl,ncaa,39,65,18,55,13,35,39,54,48,23,46,47,125,133,131,222,6,16,34,15,52,46,36,60,41,58,184,242,41,78,102,13,62,23,35,66,173,250,144,138,129,211,38,54,,,298,277,,,62,34,242,2,63,92,208,63,144,205,224,20,55,56,174,186,167,31,75,137,125,216,58,,253,,,66,259,216,273,33,196,250,47,220,266,59,166,295,294,192,294,255,281,271,44,66,134,249,142,275,222,62,177,102,198,35,166,95,132,239,150,196,87,166,92,,,7,11,,,62,271,54,120,65,116,57,140,55,124,122,175,256,243,242,186,120,107,31,46,59,236,81,91,,21,,,b'\x11\xe8\xe1I\xd7C\xee\xe0\x98|\x12\xdf\x17\xaeN\x1e'
11E8E149-D743-EEE0-987C-12DF17AE4E1E,2023-ncaa-d2-conf-RMAC,ncaa,5,6,2,6,3,4,9,8,9,9,8,11,7,8,8,10,2,2,4,2,2,4,7,11,7,5,6,9,2,8,11,6,10,9,12,11,11,7,7,9,5,5,14,14,,,14,11,,,6,4,11,8,8,13,13,10,10,10,11,3,3,3,10,12,10,11,12,11,5,6,14,,9,,,7,7,7,12,5,11,11,8,3,6,2,4,13,13,7,13,11,13,12,5,5,4,4,3,13,13,10,13,11,13,12,5,4,4,5,4,5,4,8,7,,,3,2,,,6,12,6,6,7,3,4,3,7,5,3,3,8,10,9,3,5,8,11,10,2,5,3,8,,4,,,b'\x11\xe8\xe1I\xd7C\xee\xe0\x98|\x12\xdf\x17\xaeN\x1e'
11E8E149-D743-EEE0-987C-12DF17AE4E1E,2023-ncaa-d2-natl,ncaa,102,139,47,118,55,98,143,121,195,183,156,187,87,79,125,94,24,24,134,22,10,92,92,163,125,122,32,100,24,125,198,101,142,105,188,163,190,153,120,169,59,69,262,271,,,254,233,,,127,89,237,96,171,233,241,255,246,109,108,32,43,38,191,219,187,198,205,229,97,88,282,,196,,,127,193,169,179,146,173,152,180,165,204,85,177,225,240,93,243,224,195,205,146,154,148,178,141,205,172,142,239,198,226,188,113,73,98,126,91,158,112,199,219,,,19,11,,,127,206,125,146,130,101,91,53,93,52,116,144,171,186,190,69,73,114,176,145,73,156,96,166,,32,,,b'\x11\xe8\xe1I\xd7C\xee\xe0\x98|\x12\xdf\x17\xaeN\x1e'
11E8E149-D743-EEE0-987C-12DF17AE4E1E,2024-ncaa-d2-conf-RMAC,ncaa,10,10,11,10,13,12,13,13,14,12,12,13,10,13,6,6,10,10,10,10,6,12,12,13,12,12,5,6,4,10,8,8,9,9,9,13,9,12,13,13,9,9,8,9,,,5,8,,,10,12,8,6,12,12,13,13,11,7,10,8,8,8,12,9,8,7,7,11,14,9,8,,8,,,10,2,3,4,6,4,6,4,4,4,8,4,7,6,6,7,8,1,4,6,6,7,6,6,8,7,9,5,8,6,9,4,6,9,7,6,14,15,4,7,,,10,8,,,10,4,12,7,10,6,6,6,7,8,5,5,8,7,7,7,8,8,8,9,7,7,15,6,,8,,,b'\x11\xe8\xe1I\xd7C\xee\xe0\x98|\x12\xdf\x17\xaeN\x1e'
11E8E149-D743-EEE0-987C-12DF17AE4E1E,2024-ncaa-d2-natl,ncaa,201,212,172,208,186,234,241,245,215,250,243,226,159,177,123,118,210,210,156,210,110,242,226,194,181,220,72,90,116,218,201,161,131,190,163,218,166,223,259,243,210,212,187,184,,,75,103,,,230,221,219,139,255,268,273,268,250,151,174,198,190,193,273,230,218,142,189,228,223,220,188,,86,,,222,98,101,110,129,90,111,117,177,160,200,192,118,122,120,121,153,106,80,145,143,182,199,212,127,124,131,96,201,95,163,103,129,227,222,205,277,290,64,126,,,208,151,,,230,76,234,189,227,141,141,154,99,114,203,181,124,131,130,146,94,137,119,119,121,225,278,72,,212,,,b'\x11\xe8\xe1I\xd7C\xee\xe0\x98|\x12\xdf\x17\xaeN\x1e'
11E8E149-D743-EEE0-987C-12DF17AE4E1E,2025-ncaa-d2-conf-RMAC,genius_ncaa,13,12,11,13,12,14,14,15,12,13,14,9,12,12,14,8,11,9,12,9,7,15,14,12,13,14,11,11,8,15,13,13,14,15,15,13,5,11,15,12,5,4,11,10,,,11,13,,4,13,12,7,2,14,13,12,13,11,12,12,11,7,7,13,10,13,12,13,10,13,4,11,,13,,8,13,7,5,4,11,4,3,10,9,8,10,10,11,11,2,11,13,4,5,12,11,10,12,11,10,14,14,7,13,9,15,10,12,7,6,7,13,14,5,8,,,13,10,,13,13,4,14,11,13,10,10,9,8,5,10,11,11,13,13,11,10,14,11,12,10,5,14,7,,10,,12,b'\x11\xe8\xe1I\xd7C\xee\xe0\x98|\x12\xdf\x17\xaeN\x1e'
11E8E149-D743-EEE0-987C-12DF17AE4E1E,2025-ncaa-d2-natl,genius_ncaa,243,281,109,263,133,180,183,160,208,168,175,152,171,117,262,114,162,164,159,154,112,153,144,208,204,205,153,169,123,238,261,185,235,218,272,136,86,180,184,163,73,78,205,206,,,250,253,,164,264,119,152,123,223,224,208,198,221,187,128,173,165,159,207,195,254,230,263,150,170,82,223,,239,,156,252,245,223,166,246,195,121,261,227,213,206,207,249,260,39,259,273,190,184,256,254,241,217,180,187,228,235,241,261,250,272,228,193,132,158,201,228,245,79,89,,,164,164,,227,264,173,227,254,262,226,204,134,189,84,217,206,227,245,243,170,172,224,230,242,222,153,215,68,,184,,241,b'\x11\xe8\xe1I\xd7C\xee\xe0\x98|\x12\xdf\x17\xaeN\x1e'
11E8E149-D743-EEE0-987C-12DF17AE4E1E,2026-ncaa-d2-conf-RMAC,genius_ncaa,9,9,2,9,3,2,6,5,8,7,4,9,6,8,4,12,1,1,4,1,2,3,3,7,4,5,5,10,1,7,9,2,14,3,10,10,14,13,11,12,12,15,10,13,,,9,4,,4,9,3,2,2,1,7,5,7,4,6,8,1,1,1,2,2,8,1,3,11,13,13,10,,9,,4,9,13,13,14,5,11,14,4,14,13,10,9,9,10,5,10,7,14,13,7,6,8,11,12,5,15,14,13,9,14,10,13,8,10,13,13,12,12,11,11,,,1,2,,13,9,13,6,12,11,14,14,15,11,15,14,13,8,10,10,15,14,15,14,15,14,12,12,12,,1,,13,b'\x11\xe8\xe1I\xd7C\xee\xe0\x98|\x12\xdf\x17\xaeN\x1e'
11E8E149-D743-EEE0-987C-12DF17AE4E1E,2026-ncaa-d2-natl,genius_ncaa,201,272,13,241,17,33,39,36,120,39,28,164,91,104,96,210,16,26,49,25,102,32,25,131,103,125,150,185,55,155,268,66,278,101,288,101,237,275,195,209,69,189,239,283,,,251,70,,183,246,15,43,68,86,120,127,114,86,156,198,39,65,67,96,73,242,215,256,190,212,142,275,,140,,141,225,292,296,287,254,287,285,250,278,278,224,163,228,228,164,225,77,287,286,256,245,249,106,173,55,290,278,281,268,292,288,294,204,39,168,240,279,216,105,42,,,11,38,,41,246,282,162,273,234,283,289,280,274,257,243,229,137,131,131,279,270,278,254,281,278,103,225,55,,25,,83,b'\x11\xe8\xe1I\xd7C\xee\xe0\x98|\x12\xdf\x17\xaeN\x1e'
11E8E149-D748-39DC-987C-12DF17AE4E1E,2018-ncaa-d2-conf-NSIC,ncaa,2,2,6,2,6,4,3,3,5,4,7,5,4,2,10,4,6,8,5,8,8,4,5,6,5,4,8,7,10,5,5,1,1,2,2,3,4,3,3,4,14,14,11,11,,,5,6,,,4,8,12,1,4,3,3,4,6,2,2,8,8,8,3,4,5,1,1,3,3,15,11,,5,,,4,3,4,10,2,6,9,2,6,10,2,9,2,2,2,2,2,8,5,2,1,3,8,9,4,2,1,7,5,4,2,1,1,13,12,5,1,1,4,6,,,6,8,,,4,9,4,2,4,1,5,9,6,8,6,10,3,3,3,8,5,2,7,4,1,15,1,4,,7,,,b'\x11\xe8\xe1I\xd7H9\xdc\x98|\x12\xdf\x17\xaeN\x1e'
11E8E149-D748-39DC-987C-12DF17AE4E1E,2018-ncaa-d2-natl,ncaa,35,30,64,31,65,81,75,77,102,100,142,79,61,43,123,69,128,192,18,185,212,99,145,85,85,40,105,82,213,110,112,21,1,30,6,45,43,18,11,10,283,297,129,154,,,102,108,,,44,149,278,4,85,81,94,122,188,61,59,161,231,228,126,219,132,5,19,44,9,303,153,,53,,,42,99,151,227,61,137,216,64,183,207,99,195,30,25,157,24,15,183,121,71,40,132,115,220,29,12,1,180,112,80,6,30,15,289,303,219,3,1,164,136,,,155,177,,,44,162,33,81,35,46,97,171,85,155,144,175,13,12,11,107,24,4,111,33,23,306,1,121,,216,,,b'\x11\xe8\xe1I\xd7H9\xdc\x98|\x12\xdf\x17\xaeN\x1e'
11E8E149-D748-39DC-987C-12DF17AE4E1E,2019-ncaa-d2-conf-NSIC,ncaa,1,1,1,1,1,1,1,1,5,2,3,6,1,4,7,6,6,7,6,7,12,1,1,4,4,2,9,6,12,1,1,1,2,1,1,2,10,1,1,2,9,11,7,9,,,11,6,,,2,3,13,6,4,4,5,4,5,4,6,12,12,11,5,9,2,6,3,6,1,11,9,,3,,,2,11,12,15,6,12,16,6,7,7,8,6,2,3,3,4,1,15,13,6,4,6,3,7,3,4,2,11,1,8,1,4,1,9,13,8,1,1,9,4,,,7,10,,,2,14,1,5,2,3,6,5,10,9,4,4,2,2,2,5,2,2,5,2,2,14,1,5,,12,,,b'\x11\xe8\xe1I\xd7H9\xdc\x98|\x12\xdf\x17\xaeN\x1e'
11E8E149-D748-39DC-987C-12DF17AE4E1E,2019-ncaa-d2-natl,ncaa,20,36,5,31,5,29,23,11,100,34,27,101,26,23,84,80,173,212,58,209,296,16,32,88,105,50,157,72,298,19,53,10,4,8,13,35,173,37,5,14,216,267,107,173,,,220,142,,,40,43,299,194,101,68,73,125,150,70,78,282,296,294,131,271,69,66,50,120,2,291,164,,39,,,45,263,288,290,132,281,290,118,207,211,151,102,76,99,87,101,25,285,251,117,91,162,52,127,35,68,4,279,53,223,13,153,31,217,288,207,12,1,213,99,,,129,275,,,40,275,26,111,41,36,79,76,120,131,71,59,17,21,21,40,9,6,70,23,36,304,1,95,,297,,,b'\x11\xe8\xe1I\xd7H9\xdc\x98|\x12\xdf\x17\xaeN\x1e'
11E8E149-D748-39DC-987C-12DF17AE4E1E,2020-ncaa-d2-conf-NSIC,ncaa,8,6,9,8,15,10,10,10,9,11,10,6,10,9,11,6,7,9,10,9,4,10,12,9,8,7,7,8,7,2,3,2,1,3,1,11,8,6,7,7,14,14,10,10,,,11,16,,,5,15,12,14,9,10,8,11,10,8,6,6,8,8,7,7,2,1,2,8,6,14,10,,13,,,5,1,1,1,2,1,2,1,8,8,14,9,5,9,1,9,12,1,1,4,3,6,15,15,12,1,1,4,3,1,1,1,2,13,12,6,2,5,8,10,,,10,5,,,5,2,6,4,4,3,1,2,1,4,12,9,7,11,11,4,1,1,5,3,1,13,2,8,,6,,,b'\x11\xe8\xe1I\xd7H9\xdc\x98|\x12\xdf\x17\xaeN\x1e'
11E8E149-D748-39DC-987C-12DF17AE4E1E,2020-ncaa-d2-natl,ncaa,95,140,17,126,34,60,69,67,91,84,117,78,70,67,113,99,77,91,102,91,107,62,94,80,78,64,108,114,159,74,98,3,1,12,5,80,134,94,50,60,267,286,192,206,,,264,283,,,55,101,268,113,110,114,167,144,214,98,105,118,152,150,161,226,115,4,21,118,37,298,219,,201,,,59,162,127,228,44,91,177,33,246,242,174,214,173,192,103,191,171,221,152,62,62,150,271,260,179,16,1,189,98,97,5,68,42,281,296,198,49,25,203,184,,,73,97,,,55,212,51,86,55,59,48,99,35,78,188,180,120,133,133,88,13,2,89,25,31,305,20,157,,148,,,b'\x11\xe8\xe1I\xd7H9\xdc\x98|\x12\xdf\x17\xaeN\x1e'
11E8E149-D748-39DC-987C-12DF17AE4E1E,2021-ncaa-d2-conf-NSIC,ncaa,9,5,15,9,15,11,12,13,8,11,13,10,13,14,9,13,9,7,15,8,3,12,14,7,8,5,9,12,2,7,3,11,1,11,2,14,14,2,4,8,16,13,13,12,,,6,14,,,9,14,10,9,6,7,8,6,6,9,8,1,2,2,6,8,3,8,4,13,3,13,12,,12,,,9,5,5,1,14,5,3,14,6,3,14,7,6,6,11,6,12,2,1,14,14,14,7,8,12,1,1,4,3,1,2,1,1,16,11,7,2,5,7,10,,,8,2,,,9,3,3,13,9,12,12,4,9,4,9,7,12,10,10,6,4,1,6,4,2,12,6,10,,2,,,b'\x11\xe8\xe1I\xd7H9\xdc\x98|\x12\xdf\x17\xaeN\x1e'
11E8E149-D748-39DC-987C-12DF17AE4E1E,2021-ncaa-d2-natl,ncaa,106,66,165,89,169,150,152,164,93,147,152,110,159,173,70,164,118,118,96,118,40,158,171,98,85,58,108,141,33,142,91,153,3,156,24,165,165,37,31,76,190,185,164,161,,,77,199,,,114,170,121,121,70,95,100,87,72,117,145,15,18,20,79,117,88,74,74,143,29,198,159,,157,,,115,68,68,54,193,76,64,170,67,53,204,59,90,70,214,68,138,54,47,186,207,209,113,79,166,18,3,57,91,38,24,50,22,188,180,124,35,35,108,145,,,139,22,,,114,57,50,178,106,160,147,56,145,109,110,50,182,134,130,68,27,2,105,22,47,197,32,177,,29,,,b'\x11\xe8\xe1I\xd7H9\xdc\x98|\x12\xdf\x17\xaeN\x1e'
11E8E149-D748-39DC-987C-12DF17AE4E1E,2022-ncaa-d2-conf-NSIC,ncaa,11,6,14,10,15,15,13,14,14,12,12,10,15,12,15,6,16,16,16,16,16,15,15,15,15,15,13,9,16,5,3,15,1,13,5,14,14,1,2,6,6,2,13,13,,,4,9,,,9,15,14,7,15,11,4,10,7,13,6,16,16,16,7,11,3,15,9,12,3,3,13,,7,,,9,2,1,1,14,1,1,13,4,3,15,9,3,3,6,3,11,1,2,15,15,12,8,9,7,1,1,4,3,2,5,1,4,10,4,5,1,2,2,4,,,16,16,,,9,2,12,8,10,3,5,2,5,2,6,5,6,7,7,2,2,1,13,5,4,5,1,5,,16,,,b'\x11\xe8\xe1I\xd7H9\xdc\x98|\x12\xdf\x17\xaeN\x1e'
11E8E149-D748-39DC-987C-12DF17AE4E1E,2022-ncaa-d2-natl,ncaa,200,161,248,197,252,257,219,221,195,214,232,151,196,163,236,82,294,294,223,294,294,244,276,193,225,166,238,110,296,184,153,266,5,249,113,223,200,6,17,55,186,75,262,230,,,39,232,,,197,281,277,120,223,143,86,136,145,133,75,298,297,297,147,236,116,254,211,185,17,134,253,,119,,,196,39,46,14,285,53,13,288,94,55,251,211,60,40,268,42,180,12,13,287,292,282,166,191,111,7,5,87,153,22,113,38,92,262,151,176,4,9,40,78,,,294,296,,,197,22,155,237,200,138,156,16,136,18,173,115,116,83,87,14,6,3,212,63,107,219,6,72,,295,,,b'\x11\xe8\xe1I\xd7H9\xdc\x98|\x12\xdf\x17\xaeN\x1e'
11E8E149-D748-39DC-987C-12DF17AE4E1E,2023-ncaa-d2-conf-NSIC,ncaa,8,8,8,8,10,12,7,9,9,6,8,7,11,11,12,11,13,13,10,13,14,10,11,10,10,9,14,13,13,6,4,7,1,7,4,10,11,2,3,6,14,13,14,14,,,1,3,,,8,11,15,5,11,6,6,5,7,13,12,13,13,13,9,11,5,7,3,10,3,14,14,,2,,,8,2,6,6,6,5,3,7,12,12,7,14,1,1,10,1,1,4,4,6,6,7,9,15,1,2,1,5,4,3,4,9,13,14,11,14,8,10,9,10,,,12,15,,,8,5,7,7,8,4,7,8,6,4,14,13,1,1,1,4,2,2,7,5,9,13,9,9,,15,,,b'\x11\xe8\xe1I\xd7H9\xdc\x98|\x12\xdf\x17\xaeN\x1e'
11E8E149-D748-39DC-987C-12DF17AE4E1E,2023-ncaa-d2-natl,ncaa,120,118,148,124,153,163,129,156,95,109,145,79,168,146,205,137,244,255,140,256,268,177,217,109,128,95,241,172,258,169,152,95,6,119,28,166,222,21,34,69,271,274,237,233,,,16,37,,,119,224,267,71,161,104,124,78,132,167,134,253,261,261,171,247,163,45,80,184,24,281,238,,15,,,118,84,140,134,149,114,93,190,187,215,105,262,10,10,197,10,13,95,50,166,131,209,109,236,14,14,6,103,152,46,28,90,86,281,280,265,89,133,145,141,,,266,264,,,119,72,98,162,114,100,168,177,141,89,207,235,7,7,6,88,18,15,116,49,112,292,104,149,,281,,,b'\x11\xe8\xe1I\xd7H9\xdc\x98|\x12\xdf\x17\xaeN\x1e'
11E8E149-D748-39DC-987C-12DF17AE4E1E,2024-ncaa-d2-conf-NSIC,ncaa,8,8,5,8,7,6,6,6,11,7,7,10,7,3,12,7,6,4,12,4,3,5,5,10,9,8,5,8,5,2,3,1,3,1,2,8,6,9,7,8,11,11,10,10,,,4,3,,,8,6,9,6,8,8,5,8,8,7,4,7,4,4,4,5,3,1,1,9,9,12,10,,2,,,8,6,9,14,3,4,7,3,13,14,11,12,3,2,2,2,3,11,8,5,2,7,13,13,2,5,3,13,3,12,2,12,13,14,14,14,6,6,11,9,,,4,9,,,8,9,8,7,8,8,8,14,4,6,12,12,2,2,2,11,4,6,9,9,12,15,6,10,,6,,,b'\x11\xe8\xe1I\xd7H9\xdc\x98|\x12\xdf\x17\xaeN\x1e'
11E8E149-D748-39DC-987C-12DF17AE4E1E,2024-ncaa-d2-natl,ncaa,144,183,78,163,86,136,121,81,195,119,89,185,127,103,179,142,179,165,196,160,222,94,107,189,201,162,173,136,213,76,128,28,16,34,40,120,131,91,64,96,233,251,199,218,,,78,54,,,168,128,221,79,179,157,100,154,118,149,128,223,200,197,117,170,93,13,20,143,71,258,222,,40,,,166,202,229,253,113,148,175,88,284,276,245,262,29,35,50,34,27,219,146,157,109,211,220,282,16,91,16,235,128,201,40,263,234,278,292,294,96,82,263,253,,,144,183,,,168,168,141,197,168,152,183,241,95,134,273,263,12,19,20,186,65,56,211,132,239,297,80,251,,200,,,b'\x11\xe8\xe1I\xd7H9\xdc\x98|\x12\xdf\x17\xaeN\x1e'
11E8E149-D748-39DC-987C-12DF17AE4E1E,2025-ncaa-d2-conf-NSIC,genius_ncaa,7,7,4,7,4,8,10,8,14,9,10,8,9,5,15,5,7,6,7,6,5,7,7,15,11,11,7,9,2,6,5,5,1,7,4,8,7,9,8,9,6,5,15,15,,,10,10,,7,8,8,12,2,9,12,10,11,12,10,6,7,5,6,8,8,5,5,7,10,8,5,15,,7,,7,8,8,7,5,9,4,4,11,11,13,7,12,3,3,14,3,8,3,5,11,10,6,12,13,3,1,1,8,5,3,4,6,6,7,6,5,7,5,15,15,,,4,3,,4,8,8,9,5,8,3,3,2,3,2,10,12,2,2,2,1,1,1,6,3,6,6,6,15,,3,,4,b'\x11\xe8\xe1I\xd7H9\xdc\x98|\x12\xdf\x17\xaeN\x1e'
11E8E149-D748-39DC-987C-12DF17AE4E1E,2025-ncaa-d2-natl,genius_ncaa,132,180,43,152,49,109,135,76,224,150,128,193,101,57,227,87,61,56,138,55,52,72,83,217,195,174,76,123,55,75,147,45,8,49,59,118,132,155,101,142,136,153,287,294,,,171,136,,109,187,79,223,44,190,215,157,229,224,138,87,90,92,93,138,178,118,60,82,179,93,178,295,,84,,83,177,243,252,222,206,167,124,224,288,285,226,279,94,74,257,76,89,207,187,236,224,235,248,278,38,33,8,261,147,172,59,187,100,165,201,194,154,100,290,290,,,51,66,,98,187,226,161,181,177,147,171,122,88,32,266,264,52,34,36,75,43,12,194,87,132,231,97,281,,83,,120,b'\x11\xe8\xe1I\xd7H9\xdc\x98|\x12\xdf\x17\xaeN\x1e'
11E8E149-D748-39DC-987C-12DF17AE4E1E,2026-ncaa-d2-conf-NSIC,genius_ncaa,11,11,2,12,4,10,13,4,16,9,4,16,15,11,16,14,1,1,12,2,2,3,3,16,16,15,9,15,1,2,3,4,1,2,1,16,16,3,4,15,9,9,14,15,,,11,15,,14,8,8,10,5,12,15,5,12,3,15,13,1,1,1,2,4,2,5,1,16,3,9,16,,11,,13,8,6,4,4,4,2,2,3,13,11,14,14,9,7,12,7,16,4,4,8,10,8,16,16,12,1,1,13,3,3,1,4,4,4,3,3,2,2,14,10,,,1,1,,4,8,9,12,4,8,3,1,1,1,1,13,10,9,7,7,1,2,1,13,2,3,4,2,13,,1,,6,b'\x11\xe8\xe1I\xd7H9\xdc\x98|\x12\xdf\x17\xaeN\x1e'
11E8E149-D748-39DC-987C-12DF17AE4E1E,2026-ncaa-d2-natl,genius_ncaa,107,144,59,135,61,71,85,74,160,41,52,90,212,123,282,203,19,12,155,11,39,49,76,198,164,110,220,264,31,42,67,66,13,47,28,147,245,100,22,123,81,92,231,228,,,211,211,,140,78,92,190,10,80,105,70,49,67,245,166,24,14,14,34,78,49,76,44,194,46,108,255,,164,,126,84,180,155,149,152,89,87,130,267,250,250,270,192,184,188,191,252,157,171,207,211,163,286,279,178,46,13,201,67,142,28,91,39,84,85,54,38,4,216,166,,,7,7,,47,78,203,82,110,85,118,84,47,30,17,261,238,148,141,154,53,73,8,158,55,33,107,8,206,,3,,65,b'\x11\xe8\xe1I\xd7H9\xdc\x98|\x12\xdf\x17\xaeN\x1e'
11E8E149-D74C-9914-987C-12DF17AE4E1E,2018-ncaa-d2-conf-Lone Star,ncaa,7,7,5,7,8,6,7,7,6,6,7,5,7,8,7,8,4,3,9,3,2,5,6,6,6,7,6,8,5,6,5,8,8,6,7,5,4,7,6,5,7,8,4,4,,,8,8,,,7,6,3,8,6,6,5,5,4,8,8,4,2,2,5,3,5,8,7,5,6,7,4,,8,,,7,7,7,6,7,8,9,6,3,3,4,3,9,9,4,9,7,9,8,5,6,3,4,3,9,11,8,4,5,9,7,7,6,5,5,8,9,8,10,10,,,3,2,,,7,6,6,7,7,8,6,10,7,10,4,3,9,9,9,10,11,10,5,9,8,4,8,10,,3,,,b'\x11\xe8\xe1I\xd7L\x99\x14\x98|\x12\xdf\x17\xaeN\x1e'
11E8E149-D74C-9914-987C-12DF17AE4E1E,2018-ncaa-d2-natl,ncaa,161,147,206,162,224,191,216,227,200,193,195,180,230,212,232,211,70,31,269,27,4,184,178,208,200,207,125,231,14,89,65,219,262,165,165,161,69,173,204,184,205,198,81,65,,,208,242,,,163,204,131,134,163,219,197,176,157,221,202,26,5,5,119,98,52,197,102,134,229,183,62,,260,,,164,81,60,83,103,89,115,105,44,63,89,67,252,261,91,262,266,103,130,89,111,96,180,61,288,224,262,90,65,145,165,117,206,116,91,99,214,240,267,282,,,63,10,,,163,107,188,129,157,154,107,131,135,182,66,87,272,281,282,183,211,261,145,209,160,83,254,285,,10,,,b'\x11\xe8\xe1I\xd7L\x99\x14\x98|\x12\xdf\x17\xaeN\x1e'
11E8E149-D74C-9914-987C-12DF17AE4E1E,2019-ncaa-d2-conf-Lone Star,ncaa,6,6,6,6,7,7,7,8,8,6,6,6,11,9,10,10,3,3,8,3,2,6,7,8,8,7,10,11,2,6,6,9,9,8,8,6,1,1,2,3,8,8,2,1,,,10,10,,,6,7,7,7,7,7,7,5,3,11,10,1,1,1,5,6,5,10,9,4,3,8,2,,9,,,6,4,3,3,8,6,5,8,1,1,4,1,11,11,5,11,10,3,5,6,7,7,5,1,11,7,9,6,6,8,8,8,10,6,4,7,4,8,6,5,,,3,1,,,6,5,7,7,6,7,7,4,9,6,2,3,10,10,10,6,6,7,8,7,8,4,6,5,,1,,,b'\x11\xe8\xe1I\xd7L\x99\x14\x98|\x12\xdf\x17\xaeN\x1e'
11E8E149-D74C-9914-987C-12DF17AE4E1E,2019-ncaa-d2-natl,ncaa,194,160,260,193,283,222,232,259,162,170,197,122,284,270,285,255,83,88,172,87,46,237,258,205,171,152,244,288,16,194,122,273,242,259,193,161,63,46,103,98,228,189,39,12,,,157,260,,,154,264,146,288,150,170,186,91,106,280,251,18,19,18,116,156,134,243,205,98,110,186,16,,246,,,154,46,44,40,157,93,80,157,29,32,116,51,221,217,148,212,246,50,52,139,168,159,123,42,279,123,242,31,122,48,193,103,210,199,132,152,119,201,122,136,,,107,6,,,154,48,141,176,155,169,137,117,183,185,68,68,272,270,268,150,178,211,119,158,178,128,201,180,,7,,,b'\x11\xe8\xe1I\xd7L\x99\x14\x98|\x12\xdf\x17\xaeN\x1e'
11E8E149-D74C-9914-987C-12DF17AE4E1E,2020-ncaa-d2-conf-Lone Star,ncaa,11,11,8,11,12,10,10,7,13,7,4,14,14,12,14,14,3,2,12,2,6,6,6,15,13,11,10,13,2,5,8,9,12,7,12,7,5,7,7,7,11,10,3,3,,,16,15,,,13,6,2,16,7,10,5,5,3,12,12,2,2,2,4,4,6,10,7,5,8,9,2,,16,,,13,17,14,10,11,13,13,9,15,9,18,6,15,16,16,16,11,13,12,13,14,15,13,8,13,14,12,13,8,15,12,14,14,8,11,13,11,9,15,13,,,5,9,,,13,13,12,15,13,16,13,14,12,14,14,10,15,16,16,15,16,14,15,16,13,8,10,15,,3,,,b'\x11\xe8\xe1I\xd7L\x99\x14\x98|\x12\xdf\x17\xaeN\x1e'
11E8E149-D74C-9914-987C-12DF17AE4E1E,2020-ncaa-d2-natl,ncaa,193,182,223,197,249,181,195,165,222,150,100,224,243,228,251,253,68,46,211,44,57,131,142,240,228,208,200,258,28,74,81,219,257,158,183,130,52,132,121,120,154,153,29,24,,,246,258,,,220,178,51,227,132,164,67,98,39,238,214,30,21,21,46,50,49,183,90,82,174,119,20,,285,,,219,201,161,130,194,163,157,154,172,101,276,93,265,259,164,257,255,160,153,200,219,211,216,140,252,238,257,157,81,195,183,218,241,150,152,187,211,191,280,258,,,122,101,,,220,129,186,236,220,262,223,213,209,223,208,146,286,282,282,254,260,269,221,253,244,110,234,291,,39,,,b'\x11\xe8\xe1I\xd7L\x99\x14\x98|\x12\xdf\x17\xaeN\x1e'
11E8E149-D74C-9914-987C-12DF17AE4E1E,2021-ncaa-d2-conf-Lone Star,ncaa,4,7,4,5,4,4,4,4,3,2,2,4,9,8,9,13,3,2,12,2,7,2,2,5,5,6,13,12,8,3,4,2,7,1,5,4,12,14,7,8,9,13,2,2,,,14,13,,,7,3,4,3,4,4,4,3,2,11,12,5,3,3,4,3,5,1,2,5,10,12,2,,14,,,7,15,15,15,6,15,16,3,11,8,12,2,15,15,8,15,9,15,15,4,5,8,6,6,14,15,7,14,4,15,5,13,4,7,13,11,16,12,12,4,,,4,12,,,7,14,5,10,6,12,11,16,12,16,7,2,14,15,15,16,13,13,6,8,6,12,14,7,,7,,,b'\x11\xe8\xe1I\xd7L\x99\x14\x98|\x12\xdf\x17\xaeN\x1e'
11E8E149-D74C-9914-987C-12DF17AE4E1E,2021-ncaa-d2-natl,ncaa,59,95,82,68,83,83,78,93,63,62,66,71,134,136,123,185,58,42,157,46,81,89,76,88,87,125,180,190,69,49,38,65,142,59,55,69,110,199,193,154,104,165,29,50,,,185,181,,,101,80,74,36,86,81,107,50,54,179,187,56,33,35,96,50,52,56,43,83,201,146,32,,201,,,102,139,135,145,76,151,173,47,105,91,161,16,198,204,109,204,154,152,153,60,79,79,98,50,193,180,142,119,38,136,55,135,78,75,113,85,221,212,137,79,,,71,103,,,101,147,114,98,104,135,108,144,137,194,62,25,195,200,200,175,171,170,53,98,82,83,212,102,,64,,,b'\x11\xe8\xe1I\xd7L\x99\x14\x98|\x12\xdf\x17\xaeN\x1e'
11E8E149-D74C-9914-987C-12DF17AE4E1E,2022-ncaa-d2-conf-Lone Star,ncaa,9,8,5,9,7,7,7,8,6,6,5,10,9,11,2,12,6,5,12,6,8,8,8,7,7,9,10,10,7,13,14,6,9,7,14,8,6,13,10,10,14,14,2,1,,,12,7,,,11,6,2,7,6,6,7,5,6,9,13,6,6,6,7,9,14,6,7,6,11,14,1,,11,,,10,16,15,12,9,16,15,5,8,3,14,1,13,14,11,14,8,14,12,6,10,12,8,3,13,14,9,12,14,14,14,13,9,10,13,12,14,12,2,2,,,4,4,,,11,11,11,11,9,14,15,14,16,16,9,5,13,13,13,15,14,13,11,14,10,13,13,2,,3,,,b'\x11\xe8\xe1I\xd7L\x99\x14\x98|\x12\xdf\x17\xaeN\x1e'
11E8E149-D74C-9914-987C-12DF17AE4E1E,2022-ncaa-d2-natl,ncaa,129,81,248,114,261,203,208,257,74,179,201,138,239,272,30,267,152,145,206,147,95,250,232,94,95,159,195,223,84,268,249,206,221,239,231,179,121,210,266,214,223,218,18,12,,,125,172,,,210,212,24,224,110,120,193,88,94,204,267,74,56,62,161,83,246,85,181,107,272,172,5,,239,,,212,121,116,95,174,167,193,105,40,24,242,16,228,225,161,220,187,114,102,136,166,181,83,37,248,183,221,67,249,101,231,129,162,192,169,174,275,286,51,77,,,146,36,,,210,88,193,196,212,265,241,259,267,293,84,34,282,280,280,277,277,254,188,222,217,119,292,100,,28,,,b'\x11\xe8\xe1I\xd7L\x99\x14\x98|\x12\xdf\x17\xaeN\x1e'
11E8E149-D74C-9914-987C-12DF17AE4E1E,2023-ncaa-d2-conf-Lone Star,ncaa,15,15,9,15,9,6,8,9,11,5,4,11,14,14,11,16,4,2,8,2,4,8,4,11,11,13,11,14,3,4,4,12,16,8,10,11,12,15,12,14,12,13,2,2,,,15,14,,,16,6,1,1,4,7,5,3,2,14,13,2,1,1,3,1,3,11,4,11,16,10,2,,16,,,16,16,16,11,16,14,12,11,11,7,16,6,13,14,3,15,10,14,12,15,15,16,10,8,11,15,16,7,4,12,10,16,11,12,14,15,16,15,12,12,,,5,5,,,16,11,11,16,16,16,16,16,16,16,12,8,14,15,15,16,16,16,11,15,16,8,16,12,,2,,,b'\x11\xe8\xe1I\xd7L\x99\x14\x98|\x12\xdf\x17\xaeN\x1e'
11E8E149-D74C-9914-987C-12DF17AE4E1E,2023-ncaa-d2-natl,ncaa,267,279,148,273,148,139,183,151,211,147,103,219,204,197,206,231,20,20,144,18,17,118,71,229,179,207,120,238,7,49,48,168,258,108,157,183,189,273,237,249,210,247,23,36,,,289,291,,,259,102,45,2,107,184,110,142,68,215,203,7,8,8,53,22,39,173,68,197,272,212,18,,296,,,256,276,240,203,240,239,227,181,183,119,269,66,292,293,131,293,270,238,220,226,248,258,201,96,266,259,258,126,48,195,157,254,216,167,224,243,291,272,222,202,,,32,33,,,259,197,188,276,252,286,263,262,263,264,203,131,295,295,295,286,274,269,152,230,266,162,283,235,,6,,,b'\x11\xe8\xe1I\xd7L\x99\x14\x98|\x12\xdf\x17\xaeN\x1e'
11E8E149-D74C-9914-987C-12DF17AE4E1E,2024-ncaa-d2-conf-Lone Star,ncaa,11,11,10,11,10,8,7,6,14,3,1,15,15,14,15,15,7,7,5,7,13,6,10,15,15,10,14,15,6,2,3,11,15,6,10,13,16,1,1,8,8,8,11,12,,,1,1,,,14,11,8,3,6,4,2,2,1,15,14,6,6,6,1,5,2,8,2,13,1,7,10,,2,,,14,15,16,11,15,15,11,15,14,9,14,9,3,2,7,2,1,9,7,15,12,16,5,10,1,14,15,12,3,12,10,15,9,15,13,16,2,2,16,15,,,7,8,,,14,6,6,16,14,16,16,16,16,15,16,10,3,3,3,14,12,15,16,16,15,13,2,16,,7,,,b'\x11\xe8\xe1I\xd7L\x99\x14\x98|\x12\xdf\x17\xaeN\x1e'
11E8E149-D74C-9914-987C-12DF17AE4E1E,2024-ncaa-d2-natl,ncaa,229,264,117,243,141,135,127,64,242,69,25,225,255,217,283,259,79,88,119,88,216,66,93,258,249,173,271,280,66,38,60,197,248,114,193,222,286,28,10,140,136,151,224,256,,,75,38,,,263,136,141,150,131,127,22,58,15,270,229,70,85,86,21,81,28,231,107,254,26,141,234,,61,,,253,274,285,230,291,286,212,289,242,210,243,173,118,94,247,91,48,212,182,287,284,290,57,160,33,230,248,227,60,234,193,285,201,206,238,279,74,50,278,237,,,108,140,,,263,165,136,290,251,280,289,254,287,224,231,203,102,88,85,235,176,227,242,244,282,213,78,289,,105,,,b'\x11\xe8\xe1I\xd7L\x99\x14\x98|\x12\xdf\x17\xaeN\x1e'
11E8E149-D74C-9914-987C-12DF17AE4E1E,2025-ncaa-d2-conf-Lone Star,genius_ncaa,8,7,11,8,12,9,10,9,12,6,4,12,15,15,15,15,4,1,10,1,5,8,8,13,13,10,13,15,2,3,3,9,9,7,4,11,11,3,5,8,4,2,13,11,,,11,13,,7,8,11,5,7,6,8,4,3,2,14,14,2,1,1,3,3,2,6,3,11,7,2,13,,14,,8,8,7,6,4,10,8,6,11,5,6,6,8,10,10,4,10,13,6,5,9,9,8,9,3,11,6,9,7,3,6,4,10,14,7,5,9,3,3,15,16,,,6,3,,4,8,5,8,9,8,9,9,9,10,6,5,9,11,12,12,10,12,10,10,10,12,3,5,16,,2,,2,b'\x11\xe8\xe1I\xd7L\x99\x14\x98|\x12\xdf\x17\xaeN\x1e'
11E8E149-D74C-9914-987C-12DF17AE4E1E,2025-ncaa-d2-natl,genius_ncaa,144,159,109,154,149,136,148,92,233,95,44,234,258,231,287,268,49,34,169,30,98,79,89,264,249,215,247,278,24,27,29,126,107,72,56,178,195,148,104,180,42,41,205,203,,,228,225,,233,146,117,115,207,159,181,74,75,33,279,253,38,30,27,54,70,22,134,39,200,145,47,223,,209,,223,146,146,135,140,159,141,103,217,137,199,50,220,186,204,58,198,217,149,176,151,147,119,136,130,179,121,107,154,29,142,56,210,243,85,85,137,128,81,299,292,,,53,58,,32,146,184,178,110,144,121,121,95,136,71,120,191,161,184,179,105,154,111,134,120,203,83,120,300,,39,,28,b'\x11\xe8\xe1I\xd7L\x99\x14\x98|\x12\xdf\x17\xaeN\x1e'
11E8E149-D74C-9914-987C-12DF17AE4E1E,2026-ncaa-d2-conf-Lone Star,genius_ncaa,8,7,6,8,7,15,15,9,15,12,9,14,16,11,16,13,6,7,7,7,7,8,11,16,15,12,8,14,1,10,11,13,14,14,13,16,17,3,4,15,3,3,3,6,,,2,1,,3,10,13,9,2,13,14,5,12,4,16,9,5,5,5,4,7,8,12,11,17,3,3,4,,1,,2,10,8,10,9,14,15,10,15,1,4,2,4,2,2,11,2,2,6,8,10,10,9,1,1,2,10,14,12,11,11,13,6,2,7,6,8,3,2,12,11,,,8,9,,12,10,5,12,10,10,11,14,14,17,15,1,4,3,2,3,9,12,13,15,15,9,4,2,12,,7,,12,b'\x11\xe8\xe1I\xd7L\x99\x14\x98|\x12\xdf\x17\xaeN\x1e'
11E8E149-D74C-9914-987C-12DF17AE4E1E,2026-ncaa-d2-natl,genius_ncaa,246,144,268,246,271,287,292,282,296,292,281,296,270,257,276,169,206,215,119,213,55,277,278,296,293,284,28,187,7,241,182,290,212,287,249,293,292,21,123,291,196,55,71,20,,,15,67,,42,261,280,184,88,289,296,178,291,161,242,170,50,56,57,137,149,89,267,203,296,122,61,16,,60,,112,274,32,47,23,273,54,26,252,89,26,284,144,12,9,88,10,25,18,19,278,265,243,91,205,13,37,212,68,182,44,249,91,216,257,104,215,27,130,119,257,,,250,58,,188,261,19,280,239,276,206,258,156,239,165,222,142,25,28,29,113,126,156,287,257,255,116,119,246,,62,,124,b'\x11\xe8\xe1I\xd7L\x99\x14\x98|\x12\xdf\x17\xaeN\x1e'
11E8E149-D750-C246-987C-12DF17AE4E1E,2018-ncaa-d2-conf-G-MAC,ncaa,9,8,9,9,10,10,11,13,10,13,13,10,2,6,3,2,11,12,1,12,6,13,13,8,8,8,1,1,7,12,10,7,5,10,7,9,7,5,11,9,13,13,12,12,,,2,9,,,7,13,13,5,10,11,13,13,13,1,3,10,12,12,13,13,12,7,10,9,6,13,12,,5,,,7,1,3,2,8,5,5,10,2,1,6,2,1,1,3,1,3,2,1,8,7,8,1,2,5,2,5,2,10,2,7,2,3,11,10,5,8,11,12,13,,,13,8,,,7,1,8,7,8,3,7,5,10,9,2,2,2,3,2,5,1,4,6,6,3,10,10,13,,13,,,b'\x11\xe8\xe1I\xd7P\xc2F\x98|\x12\xdf\x17\xaeN\x1e'
11E8E149-D750-C246-987C-12DF17AE4E1E,2018-ncaa-d2-natl,ncaa,196,179,206,197,226,206,220,245,155,287,297,207,33,69,15,14,234,275,12,270,135,262,264,76,75,107,6,6,207,264,233,222,59,248,151,212,171,81,189,173,293,286,292,297,,,51,152,,,177,257,269,140,182,224,262,295,301,12,34,224,277,271,273,279,262,205,250,204,113,293,296,,72,,,178,78,138,69,268,186,86,275,86,73,161,129,33,32,167,29,62,49,37,250,240,259,33,96,47,27,59,67,233,37,151,47,25,270,232,209,159,253,200,296,,,278,242,,,177,50,122,236,184,152,203,99,235,137,122,107,47,42,41,66,29,35,109,64,86,271,204,226,,279,,,b'\x11\xe8\xe1I\xd7P\xc2F\x98|\x12\xdf\x17\xaeN\x1e'
11E8E149-D750-C246-987C-12DF17AE4E1E,2019-ncaa-d2-conf-G-MAC,ncaa,6,6,5,6,8,10,10,10,11,14,14,12,4,3,7,1,14,14,4,14,10,12,13,9,11,9,2,1,14,14,14,3,4,9,11,9,6,4,8,8,13,13,10,12,,,1,1,,,7,12,12,13,12,10,12,14,14,4,3,14,14,14,14,14,14,3,9,10,3,13,9,,1,,,7,2,3,8,2,6,11,2,1,2,5,3,3,2,14,2,1,5,4,2,2,2,1,4,5,4,4,14,14,11,11,3,5,12,11,6,6,10,7,14,,,13,11,,,7,4,11,2,6,1,3,8,5,13,1,1,4,2,2,6,4,4,13,9,4,12,8,8,,14,,,b'\x11\xe8\xe1I\xd7P\xc2F\x98|\x12\xdf\x17\xaeN\x1e'
11E8E149-D750-C246-987C-12DF17AE4E1E,2019-ncaa-d2-natl,ncaa,121,145,76,136,89,189,193,154,226,278,280,209,27,20,108,4,288,297,54,297,254,195,210,145,169,153,8,1,295,279,297,67,47,160,211,185,175,76,118,148,275,290,230,260,,,22,16,,,151,177,272,118,253,248,231,301,305,22,17,301,308,308,282,292,295,64,223,229,46,297,253,,10,,,151,102,145,212,64,147,222,58,150,154,138,150,33,24,261,27,15,176,128,64,49,108,92,200,41,94,47,266,297,219,211,57,33,257,279,179,173,214,181,282,,,267,271,,,151,139,209,96,144,56,92,159,108,194,126,128,22,18,19,112,43,71,240,168,42,294,144,164,,304,,,b'\x11\xe8\xe1I\xd7P\xc2F\x98|\x12\xdf\x17\xaeN\x1e'
11E8E149-D750-C246-987C-12DF17AE4E1E,2020-ncaa-d2-conf-G-MAC,ncaa,4,5,3,5,3,3,4,3,4,8,11,4,2,2,3,3,6,6,5,6,6,3,4,4,4,3,2,2,8,9,11,4,6,7,9,4,4,2,3,3,9,11,12,13,,,4,4,,,4,4,9,4,3,4,3,10,11,3,3,8,6,6,5,12,12,6,7,4,3,12,13,,3,,,5,10,11,11,9,12,12,8,8,5,10,5,4,4,5,3,2,10,10,9,7,7,4,7,4,7,6,13,11,11,9,10,6,6,6,6,4,4,9,10,,,5,4,,,4,10,4,6,5,6,9,6,9,8,8,5,3,3,2,5,6,5,11,7,8,6,3,9,,5,,,b'\x11\xe8\xe1I\xd7P\xc2F\x98|\x12\xdf\x17\xaeN\x1e'
11E8E149-D750-C246-987C-12DF17AE4E1E,2020-ncaa-d2-natl,ncaa,95,100,102,99,119,76,75,89,79,152,209,58,27,29,53,33,142,203,28,194,151,106,147,47,46,40,49,35,228,249,273,86,26,162,144,99,155,71,53,59,208,223,281,293,,,104,77,,,98,104,125,88,54,57,100,172,242,23,32,144,224,215,123,181,270,75,176,100,51,225,289,,76,,,98,219,256,192,261,249,209,230,223,154,293,144,61,69,134,69,44,168,159,262,237,231,85,190,27,45,26,219,273,146,144,234,155,145,151,193,93,92,137,178,,,136,127,,,98,202,70,179,103,198,241,171,233,183,211,138,44,49,51,136,126,30,201,121,218,157,74,132,,145,,,b'\x11\xe8\xe1I\xd7P\xc2F\x98|\x12\xdf\x17\xaeN\x1e'
11E8E149-D750-C246-987C-12DF17AE4E1E,2021-ncaa-d2-conf-G-MAC,ncaa,7,8,6,8,8,8,7,6,6,6,9,2,7,5,9,5,10,10,7,10,12,8,10,5,8,5,8,6,12,7,8,10,5,10,9,6,6,3,2,2,7,6,12,12,,,10,11,,,6,10,10,6,7,4,1,3,8,6,5,11,11,11,7,9,8,10,11,5,2,6,12,,11,,,6,3,2,2,8,4,3,6,3,2,10,3,10,7,12,8,9,2,2,7,10,7,7,5,9,4,5,7,8,4,9,5,7,4,2,5,3,3,4,6,,,9,7,,,6,3,5,6,6,5,5,3,4,5,5,3,9,6,7,3,3,3,7,5,7,2,2,6,,10,,,b'\x11\xe8\xe1I\xd7P\xc2F\x98|\x12\xdf\x17\xaeN\x1e'
11E8E149-D750-C246-987C-12DF17AE4E1E,2021-ncaa-d2-natl,ncaa,83,184,30,128,36,27,16,16,38,17,34,17,21,11,128,32,141,145,101,145,222,26,29,35,53,35,166,62,223,86,189,46,28,56,134,20,79,135,29,10,59,117,187,222,,,203,156,,,70,29,60,91,41,13,20,33,91,37,25,218,221,221,59,93,161,125,155,20,32,122,223,,140,,,76,199,198,176,197,191,180,185,191,164,206,91,196,182,187,187,115,182,189,196,200,184,107,116,101,106,28,212,189,188,134,202,135,30,67,115,116,22,137,59,,,69,188,,,70,197,51,139,87,167,167,100,155,106,145,92,130,100,104,89,108,16,173,97,167,68,21,59,,177,,,b'\x11\xe8\xe1I\xd7P\xc2F\x98|\x12\xdf\x17\xaeN\x1e'
11E8E149-D750-C246-987C-12DF17AE4E1E,2022-ncaa-d2-conf-G-MAC,ncaa,6,4,9,5,9,7,6,10,3,6,9,3,7,8,3,7,12,10,12,10,11,10,11,3,3,3,8,6,12,12,12,10,10,11,12,6,6,4,7,4,5,6,11,12,,,5,7,,,5,10,5,8,4,3,8,4,8,5,7,12,10,10,9,11,12,10,11,4,7,6,11,,7,,,5,3,6,3,9,7,6,7,5,2,10,4,2,2,9,2,3,2,3,8,8,8,4,6,2,4,10,4,12,4,12,5,5,5,3,5,3,5,6,5,,,6,4,,,5,3,4,8,7,7,7,6,9,8,7,4,4,3,3,6,7,8,8,9,7,3,5,5,,6,,,b'\x11\xe8\xe1I\xd7P\xc2F\x98|\x12\xdf\x17\xaeN\x1e'
11E8E149-D750-C246-987C-12DF17AE4E1E,2022-ncaa-d2-natl,ncaa,116,119,146,118,174,117,79,188,7,84,221,4,79,103,67,54,283,281,216,277,274,213,232,7,16,19,213,78,299,289,287,236,99,271,256,93,149,42,88,40,175,147,281,293,,,56,92,,,121,200,230,205,78,32,197,56,241,69,85,291,292,290,246,277,293,276,294,65,45,173,293,,60,,,124,168,218,102,290,230,129,284,147,87,274,129,33,19,286,16,18,74,89,285,285,263,40,140,20,40,99,116,287,80,256,181,117,155,110,180,18,32,68,113,,,232,185,,,121,102,48,248,127,185,242,74,248,136,155,82,28,16,13,30,41,33,125,74,177,154,12,65,,266,,,b'\x11\xe8\xe1I\xd7P\xc2F\x98|\x12\xdf\x17\xaeN\x1e'
11E8E149-D750-C246-987C-12DF17AE4E1E,2023-ncaa-d2-conf-G-MAC,ncaa,4,4,3,4,3,2,3,3,2,3,2,6,2,6,2,9,5,5,7,5,8,3,3,2,2,3,8,6,10,4,5,4,8,3,5,2,3,10,6,2,4,5,12,12,,,10,9,,,3,3,9,7,4,3,8,6,5,4,8,7,7,7,8,7,5,8,7,3,6,5,12,,9,,,3,10,9,11,5,10,10,7,6,11,4,7,11,10,13,10,8,11,11,4,5,3,3,5,8,10,8,7,5,8,5,9,7,4,5,3,10,4,11,8,,,6,8,,,3,12,2,3,3,4,4,6,6,7,4,4,9,8,8,4,7,7,4,5,6,5,5,8,,8,,,b'\x11\xe8\xe1I\xd7P\xc2F\x98|\x12\xdf\x17\xaeN\x1e'
11E8E149-D750-C246-987C-12DF17AE4E1E,2023-ncaa-d2-natl,ncaa,67,67,68,70,101,67,59,122,16,80,153,31,38,89,5,82,180,201,97,201,203,133,147,14,16,24,100,51,268,159,127,136,85,141,90,49,87,102,106,37,115,113,275,275,,,90,66,,,71,141,236,208,52,46,190,98,214,36,98,213,243,240,214,245,196,206,219,39,78,146,284,,47,,,72,201,225,182,234,195,116,258,255,256,174,264,58,43,244,43,63,156,148,244,226,224,154,237,26,84,85,79,127,73,90,204,152,157,160,196,116,103,133,135,,,206,244,,,71,170,23,206,66,144,192,122,152,47,231,227,39,29,32,64,49,60,27,26,171,197,79,104,,266,,,b'\x11\xe8\xe1I\xd7P\xc2F\x98|\x12\xdf\x17\xaeN\x1e'
11E8E149-D750-C246-987C-12DF17AE4E1E,2024-ncaa-d2-conf-G-MAC,ncaa,6,7,3,7,3,6,5,7,4,7,8,5,4,6,4,7,8,6,10,6,6,7,4,5,5,7,4,5,9,11,7,6,2,7,2,3,2,10,10,7,12,13,10,12,,,4,4,,,7,4,14,1,8,7,12,9,10,5,9,9,10,10,12,12,12,8,9,3,10,13,11,,1,,,7,9,10,11,9,12,14,8,4,5,7,3,2,2,10,2,1,10,8,7,7,8,1,4,3,2,2,3,7,2,2,5,2,10,13,9,9,7,11,10,,,3,1,,,7,10,8,7,7,6,8,8,11,14,2,3,1,1,1,4,1,2,2,2,4,14,7,10,,2,,,b'\x11\xe8\xe1I\xd7P\xc2F\x98|\x12\xdf\x17\xaeN\x1e'
11E8E149-D750-C246-987C-12DF17AE4E1E,2024-ncaa-d2-natl,ncaa,123,131,117,130,120,139,133,188,65,174,217,87,75,113,21,78,210,232,95,224,185,195,189,44,53,94,78,53,235,198,121,154,7,181,22,83,49,174,205,110,227,224,236,248,,,16,18,,,126,185,249,17,142,138,233,188,245,57,111,224,244,239,249,234,213,177,216,73,166,242,253,,9,,,126,118,201,142,227,198,133,252,167,177,123,218,14,11,215,11,8,90,70,224,187,213,35,185,9,11,7,32,121,16,22,111,58,232,223,215,177,194,175,222,,,136,89,,,126,106,103,165,131,104,195,137,203,106,161,174,7,6,6,52,16,4,9,3,108,257,165,177,,145,,,b'\x11\xe8\xe1I\xd7P\xc2F\x98|\x12\xdf\x17\xaeN\x1e'
11E8E149-D750-C246-987C-12DF17AE4E1E,2025-ncaa-d2-conf-G-MAC,genius_ncaa,3,3,3,3,4,5,5,3,5,7,8,8,2,2,2,2,10,10,5,10,10,4,5,3,4,4,1,1,11,2,2,4,2,3,2,2,2,5,6,3,2,2,10,10,,,8,9,,11,2,7,13,13,6,6,7,11,9,2,3,10,12,12,6,10,2,6,4,2,5,4,10,,5,,11,2,2,2,2,2,3,3,5,2,4,1,5,7,7,12,7,8,1,2,2,2,2,4,3,10,2,2,4,2,3,2,2,2,5,4,2,1,1,7,8,,,8,10,,7,2,3,4,2,2,2,2,3,2,1,2,4,8,6,4,2,2,2,2,2,2,7,1,5,,11,,7,b'\x11\xe8\xe1I\xd7P\xc2F\x98|\x12\xdf\x17\xaeN\x1e'
11E8E149-D750-C246-987C-12DF17AE4E1E,2025-ncaa-d2-natl,genius_ncaa,49,47,72,51,108,78,64,101,53,128,188,48,24,35,31,36,201,233,73,227,210,126,124,27,39,51,63,32,270,66,42,129,26,99,24,56,74,138,133,62,77,49,228,215,,,96,128,,259,26,152,262,292,82,70,145,169,251,24,48,244,262,258,192,217,88,183,139,61,103,100,251,,53,,246,24,65,89,80,164,121,77,228,74,141,23,213,82,57,285,56,99,69,93,141,146,106,74,99,133,25,26,73,42,43,24,59,72,106,69,62,128,116,138,184,,,178,219,,141,26,132,33,69,29,30,43,12,70,21,54,104,58,33,32,8,15,11,29,6,31,147,95,118,,251,,164,b'\x11\xe8\xe1I\xd7P\xc2F\x98|\x12\xdf\x17\xaeN\x1e'
11E8E149-D750-C246-987C-12DF17AE4E1E,2026-ncaa-d2-conf-G-MAC,genius_ncaa,1,1,1,1,2,2,2,1,7,5,4,7,2,2,5,4,3,2,4,2,3,1,1,7,6,5,3,3,5,1,1,6,3,2,1,3,6,7,2,3,4,5,6,8,,,10,8,,1,1,5,8,3,2,3,1,7,5,2,2,3,2,2,1,1,1,8,2,5,2,5,8,,7,,1,1,7,7,6,9,8,7,10,6,7,3,7,8,9,4,6,6,6,7,7,7,3,3,5,6,3,3,7,1,6,1,7,5,1,1,1,6,3,1,1,,,2,6,,6,1,9,1,2,1,2,2,1,5,3,3,4,5,6,4,1,3,2,4,1,5,1,4,1,,3,,7,b'\x11\xe8\xe1I\xd7P\xc2F\x98|\x12\xdf\x17\xaeN\x1e'
11E8E149-D750-C246-987C-12DF17AE4E1E,2026-ncaa-d2-natl,genius_ncaa,2,1,13,1,24,12,11,26,27,27,39,65,17,40,16,135,43,54,74,55,161,25,26,20,21,45,109,90,197,12,9,21,22,10,9,13,83,264,154,83,64,113,177,214,,,236,147,,105,11,34,144,82,25,28,78,67,117,37,112,102,130,134,79,74,38,78,36,38,177,134,236,,120,,55,18,220,220,229,144,214,197,209,201,252,71,216,176,194,106,191,155,221,245,150,134,96,127,159,126,103,22,170,9,148,9,166,78,36,73,65,279,218,155,82,,,32,110,,84,11,261,17,68,18,74,90,64,101,54,121,168,80,90,92,52,84,26,25,14,67,93,225,90,,87,,140,b'\x11\xe8\xe1I\xd7P\xc2F\x98|\x12\xdf\x17\xaeN\x1e'
11E8E149-D755-14E0-987C-12DF17AE4E1E,2018-ncaa-d2-conf-PSAC,ncaa,14,14,10,14,10,14,14,12,15,14,14,14,11,9,17,6,14,14,12,14,9,12,11,15,15,16,8,10,7,9,8,7,11,8,10,13,7,17,16,16,12,13,7,8,,,4,6,,,15,10,11,3,15,15,12,15,14,11,7,12,12,12,13,11,5,5,5,14,17,12,6,,8,,,15,5,5,10,7,6,11,6,10,11,9,11,9,6,6,6,7,10,8,6,7,11,10,11,9,14,11,7,8,8,10,2,1,14,14,9,16,15,8,12,,,13,12,,,15,7,16,13,15,9,10,16,10,14,11,11,8,8,8,14,9,16,11,12,4,14,15,9,,11,,,b'\x11\xe8\xe1I\xd7U\x14\xe0\x98|\x12\xdf\x17\xaeN\x1e'
11E8E149-D755-14E0-987C-12DF17AE4E1E,2018-ncaa-d2-natl,ncaa,252,254,206,258,226,272,277,269,246,258,258,185,242,195,293,121,209,211,173,210,99,259,216,249,238,276,154,193,72,177,135,171,224,178,153,248,138,288,304,282,259,264,138,139,,,84,107,,,265,233,175,140,279,285,285,263,261,242,171,194,180,179,271,179,153,103,119,245,298,261,123,,133,,,260,98,112,144,102,115,141,121,126,164,79,163,116,130,96,120,131,136,102,104,96,152,149,147,143,213,224,66,135,115,153,20,9,254,257,133,301,305,131,212,,,213,154,,,265,77,277,193,259,165,181,237,173,211,162,202,154,172,165,230,178,250,106,173,45,248,301,146,,172,,,b'\x11\xe8\xe1I\xd7U\x14\xe0\x98|\x12\xdf\x17\xaeN\x1e'
11E8E149-D755-14E0-987C-12DF17AE4E1E,2019-ncaa-d2-conf-PSAC,ncaa,16,18,10,17,10,17,17,15,17,17,16,17,14,8,17,3,17,17,14,17,12,17,13,17,17,17,5,5,14,14,16,8,15,10,14,13,1,18,18,17,12,13,3,3,,,9,6,,,18,10,12,2,17,17,16,18,17,12,6,18,18,18,17,11,12,6,7,13,18,13,1,,11,,,17,11,13,12,8,10,10,12,13,14,5,13,7,9,1,9,9,11,9,7,5,10,9,13,8,17,15,11,16,15,14,17,16,15,13,16,18,18,10,14,,,16,17,,,18,9,17,14,17,11,13,15,14,12,14,14,9,11,11,14,12,16,11,15,15,14,18,11,,18,,,b'\x11\xe8\xe1I\xd7U\x14\xe0\x98|\x12\xdf\x17\xaeN\x1e'
11E8E149-D755-14E0-987C-12DF17AE4E1E,2019-ncaa-d2-natl,ncaa,290,294,227,293,237,294,284,268,277,277,271,244,237,171,287,91,297,295,255,292,248,277,221,277,286,302,176,129,249,228,207,172,243,212,213,206,29,303,308,285,208,211,48,43,,,64,64,,,304,213,119,67,299,290,275,279,259,223,144,297,291,288,292,145,199,96,142,184,305,187,27,,106,,,301,157,185,172,182,200,167,207,140,182,86,185,76,110,66,111,111,160,123,169,145,212,84,142,80,238,243,100,207,165,213,204,189,246,257,260,309,308,177,268,,,296,296,,,304,97,303,239,299,244,258,274,259,252,204,245,139,161,167,272,241,274,179,240,251,224,307,215,,295,,,b'\x11\xe8\xe1I\xd7U\x14\xe0\x98|\x12\xdf\x17\xaeN\x1e'
11E8E149-D755-14E0-987C-12DF17AE4E1E,2020-ncaa-d2-conf-PSAC,ncaa,18,18,13,18,17,18,18,16,18,17,17,18,10,10,15,5,18,18,16,18,18,17,15,18,18,18,6,3,16,16,18,15,12,18,17,11,1,18,18,15,6,5,17,17,,,11,13,,,18,15,5,13,18,18,11,17,16,10,6,18,18,18,15,10,15,14,17,6,18,5,17,,12,,,18,10,12,5,16,7,2,17,14,12,13,15,7,8,5,8,13,4,5,17,18,13,12,15,7,8,12,16,18,13,17,18,18,8,5,15,18,18,13,15,,,18,18,,,18,5,18,13,18,14,15,9,12,4,17,15,8,11,11,10,12,10,17,16,18,3,18,13,,18,,,b'\x11\xe8\xe1I\xd7U\x14\xe0\x98|\x12\xdf\x17\xaeN\x1e'
11E8E149-D755-14E0-987C-12DF17AE4E1E,2020-ncaa-d2-natl,ncaa,292,306,102,296,154,267,260,180,291,272,202,289,170,111,253,82,291,282,194,284,292,215,160,283,285,294,119,74,253,192,251,241,279,236,293,136,4,284,290,212,86,93,246,246,,,236,231,,,293,149,165,227,295,290,216,289,235,181,128,302,302,302,260,202,206,280,282,145,277,95,258,,231,,,288,218,212,157,237,205,114,269,194,216,134,217,212,199,185,199,216,155,194,239,253,192,161,156,170,246,279,279,251,277,293,273,275,79,75,161,306,303,275,287,,,255,283,,,293,166,298,216,287,195,188,114,180,82,182,199,200,183,181,120,175,235,273,264,251,77,302,273,,292,,,b'\x11\xe8\xe1I\xd7U\x14\xe0\x98|\x12\xdf\x17\xaeN\x1e'
11E8E149-D755-14E0-987C-12DF17AE4E1E,2022-ncaa-d2-conf-PSAC,ncaa,15,15,12,15,14,16,16,11,18,15,12,16,11,8,16,4,16,12,17,14,14,11,9,18,18,18,7,8,13,3,7,15,6,11,8,8,1,8,10,9,9,9,18,18,,,12,15,,,15,13,6,4,16,16,3,15,7,11,4,15,12,13,3,1,1,10,5,4,13,9,18,,14,,,15,9,6,2,16,6,2,14,8,7,15,8,13,14,8,15,15,2,1,15,16,15,13,10,14,1,6,14,7,7,8,16,18,8,7,13,12,12,16,16,,,15,15,,,15,5,16,12,15,13,11,4,9,6,12,7,14,14,15,7,9,2,17,13,18,6,13,16,,14,,,b'\x11\xe8\xe1I\xd7U\x14\xe0\x98|\x12\xdf\x17\xaeN\x1e'
11E8E149-D755-14E0-987C-12DF17AE4E1E,2022-ncaa-d2-natl,ncaa,233,254,146,243,152,255,244,136,293,255,158,293,184,111,268,102,261,230,268,231,244,153,133,291,295,288,118,94,208,52,110,189,107,134,166,133,8,206,199,174,114,105,258,269,,,194,243,,,247,173,177,74,284,274,109,275,149,194,103,277,240,242,135,113,47,211,107,131,213,119,271,,204,,,237,96,101,79,185,128,109,178,71,71,148,101,147,132,207,129,166,81,117,165,184,125,117,94,198,71,107,236,110,190,166,197,261,84,49,125,218,223,294,292,,,214,259,,,247,131,278,99,239,94,94,42,122,97,80,64,162,142,143,42,99,80,271,202,193,68,233,293,,240,,,b'\x11\xe8\xe1I\xd7U\x14\xe0\x98|\x12\xdf\x17\xaeN\x1e'
11E8E149-D755-14E0-987C-12DF17AE4E1E,2023-ncaa-d2-conf-PSAC,ncaa,17,17,9,17,11,17,15,9,17,14,11,17,16,9,18,8,17,14,17,15,11,10,7,17,18,17,14,13,13,7,10,17,17,12,14,12,4,18,16,16,12,12,9,11,,,1,1,,,17,8,3,8,17,17,8,16,11,14,8,17,14,15,10,4,6,17,13,9,18,11,8,,1,,,17,18,18,12,18,18,15,18,13,11,15,11,6,5,14,5,2,12,12,18,18,17,3,11,3,16,17,17,10,16,14,16,14,10,10,15,18,17,14,16,,,13,16,,,17,12,17,16,17,17,18,17,18,16,14,13,6,5,6,17,16,16,15,16,16,8,18,14,,13,,,b'\x11\xe8\xe1I\xd7U\x14\xe0\x98|\x12\xdf\x17\xaeN\x1e'
11E8E149-D755-14E0-987C-12DF17AE4E1E,2023-ncaa-d2-natl,ncaa,283,288,197,285,225,270,257,189,285,252,190,283,200,146,271,119,275,239,287,236,217,201,168,284,287,287,166,117,220,89,125,245,236,200,236,159,15,249,265,222,142,136,172,183,,,35,38,,,290,190,81,208,281,272,122,262,154,193,113,278,224,220,160,75,59,252,164,133,267,123,157,,64,,,291,184,222,117,281,236,144,277,136,104,233,124,96,78,214,84,97,111,122,275,269,243,56,116,58,166,236,194,125,180,236,251,233,144,121,224,281,281,269,289,,,236,265,,,290,110,285,252,289,263,271,217,275,216,183,136,122,101,108,203,215,213,270,256,279,98,280,286,,227,,,b'\x11\xe8\xe1I\xd7U\x14\xe0\x98|\x12\xdf\x17\xaeN\x1e'
11E8E149-D755-14E0-987C-12DF17AE4E1E,2024-ncaa-d2-conf-PSAC,ncaa,12,12,8,12,9,9,9,7,13,9,11,12,6,4,12,6,10,8,17,8,8,8,5,10,13,12,9,7,11,5,7,9,6,6,7,7,4,15,14,10,8,9,11,12,,,6,3,,,12,7,2,9,10,9,5,9,10,6,4,11,6,7,4,3,4,6,5,4,16,7,10,,6,,,12,14,13,15,13,13,13,11,14,13,12,9,8,6,15,6,4,12,12,13,13,13,10,12,3,5,6,16,7,13,7,13,11,11,14,13,16,15,14,13,,,7,10,,,12,12,11,13,12,14,14,16,13,14,12,12,10,9,9,15,15,7,17,15,12,9,16,14,,8,,,b'\x11\xe8\xe1I\xd7U\x14\xe0\x98|\x12\xdf\x17\xaeN\x1e'
11E8E149-D755-14E0-987C-12DF17AE4E1E,2024-ncaa-d2-natl,ncaa,187,197,172,191,201,176,177,156,203,189,178,183,138,115,180,110,193,132,284,131,96,150,129,184,207,221,115,112,181,104,142,124,122,108,143,127,59,245,230,179,141,147,164,194,,,110,75,,,203,138,65,227,177,166,112,174,158,129,90,190,112,113,100,68,86,60,54,97,249,131,162,,119,,,197,166,177,170,163,202,199,156,93,103,108,87,162,155,179,156,110,163,160,139,141,145,74,85,143,152,122,208,142,200,143,162,135,150,169,165,280,275,219,242,,,127,139,,,203,167,215,151,194,199,209,225,244,243,111,122,173,163,164,231,210,169,249,227,181,135,281,235,,95,,,b'\x11\xe8\xe1I\xd7U\x14\xe0\x98|\x12\xdf\x17\xaeN\x1e'
11E8E149-D755-14E0-987C-12DF17AE4E1E,2025-ncaa-d2-conf-PSAC,genius_ncaa,13,13,13,13,15,14,17,13,17,17,16,17,6,3,14,2,10,7,15,7,3,10,13,17,17,15,2,2,5,6,15,9,6,10,13,17,14,2,6,14,12,13,9,9,,,1,1,,13,13,13,3,15,14,17,4,17,14,6,2,8,3,3,4,4,4,3,3,16,7,10,6,,1,,15,13,8,13,10,10,11,9,13,6,10,7,8,2,1,15,1,1,7,6,12,9,11,4,8,1,5,6,17,15,14,13,13,12,14,15,15,3,7,9,15,,,10,11,,16,13,5,15,11,13,12,15,16,15,15,10,10,2,1,1,14,14,7,17,16,14,13,6,14,,6,,15,b'\x11\xe8\xe1I\xd7U\x14\xe0\x98|\x12\xdf\x17\xaeN\x1e'
11E8E149-D755-14E0-987C-12DF17AE4E1E,2025-ncaa-d2-natl,genius_ncaa,216,200,230,217,257,247,269,205,291,280,246,280,168,107,266,73,149,95,270,95,15,188,210,285,281,257,38,93,31,137,177,173,163,156,201,262,199,92,143,232,168,142,104,120,,,25,22,,153,229,228,71,290,232,274,103,278,207,134,56,82,32,32,74,79,74,57,48,257,169,119,71,,57,,198,229,84,129,132,167,195,189,174,48,61,63,72,55,37,266,40,25,101,82,124,112,149,19,54,79,147,163,216,177,194,201,139,144,227,209,204,107,154,184,258,,,171,119,,256,229,79,243,164,225,190,235,267,268,286,80,110,104,75,81,254,225,220,289,277,213,179,171,246,,76,,259,b'\x11\xe8\xe1I\xd7U\x14\xe0\x98|\x12\xdf\x17\xaeN\x1e'
11E8E149-D755-14E0-987C-12DF17AE4E1E,2026-ncaa-d2-conf-PSAC,genius_ncaa,9,8,3,9,3,16,16,12,16,14,13,16,15,9,16,8,6,7,5,7,6,11,15,16,16,16,9,15,1,14,15,10,12,13,13,12,2,2,3,6,16,16,12,12,,,1,1,,1,16,12,13,1,16,16,11,14,13,15,7,5,6,6,9,14,14,9,13,11,2,16,11,,1,,1,16,6,10,11,13,12,6,15,5,12,4,13,2,1,16,1,1,8,5,11,8,12,2,6,2,9,12,12,15,10,13,7,7,16,16,16,6,9,6,10,,,11,8,,11,16,2,16,14,16,8,12,13,14,6,5,14,2,1,1,9,6,10,14,12,8,16,6,7,,9,,9,b'\x11\xe8\xe1I\xd7U\x14\xe0\x98|\x12\xdf\x17\xaeN\x1e'
11E8E149-D755-14E0-987C-12DF17AE4E1E,2026-ncaa-d2-natl,genius_ncaa,246,239,141,256,141,221,235,168,276,240,223,228,167,70,275,43,114,100,171,90,21,157,110,271,261,279,57,132,40,155,203,168,241,164,239,217,154,286,285,279,98,130,153,222,,,108,37,,60,285,101,21,6,228,258,128,262,248,165,29,82,67,62,94,17,141,135,143,222,294,79,147,,109,,65,283,236,259,222,271,279,272,269,103,120,106,49,114,90,242,94,18,204,193,243,236,248,7,37,36,223,241,196,203,202,239,246,129,141,193,235,291,291,155,220,,,129,188,,213,285,190,283,254,280,290,295,293,296,297,109,128,127,100,102,292,287,251,269,271,276,102,295,173,,76,,217,b'\x11\xe8\xe1I\xd7U\x14\xe0\x98|\x12\xdf\x17\xaeN\x1e'
11E8E149-D759-924A-987C-12DF17AE4E1E,2018-ncaa-d2-conf-SAC,ncaa,10,10,9,10,11,11,11,9,11,11,10,11,6,4,8,1,10,10,4,10,9,8,8,11,11,11,1,1,4,10,11,10,11,10,11,10,9,7,9,10,10,10,11,11,,,2,1,,,11,8,2,6,11,11,6,11,10,4,3,9,10,10,7,6,9,9,10,10,9,10,11,,5,,,11,11,11,9,10,11,8,11,11,11,10,11,4,4,6,4,2,9,9,11,11,11,10,11,1,11,11,11,11,11,11,11,11,10,11,11,11,10,11,11,,,10,10,,,11,5,11,11,11,11,11,11,11,9,11,11,6,5,5,11,11,11,11,11,11,9,11,11,,10,,,b'\x11\xe8\xe1I\xd7Y\x92J\x98|\x12\xdf\x17\xaeN\x1e'
11E8E149-D759-924A-987C-12DF17AE4E1E,2018-ncaa-d2-natl,ncaa,297,305,148,300,188,257,278,171,305,277,178,305,188,141,262,124,171,203,80,207,202,179,154,303,297,293,61,126,48,257,297,186,307,226,308,268,208,258,266,290,257,299,307,309,,,126,35,,,309,115,45,226,286,298,169,288,174,195,133,163,198,205,175,114,267,201,255,283,265,270,308,,142,,,307,303,305,291,284,297,262,285,307,304,278,277,97,117,82,111,59,286,260,291,276,299,156,280,10,308,307,302,297,307,308,308,304,228,292,309,297,291,280,290,,,204,225,,,309,205,302,309,307,308,308,307,301,287,308,309,117,124,124,306,298,306,304,307,309,231,294,292,,205,,,b'\x11\xe8\xe1I\xd7Y\x92J\x98|\x12\xdf\x17\xaeN\x1e'
11E8E149-D759-924A-987C-12DF17AE4E1E,2019-ncaa-d2-conf-SAC,ncaa,11,11,9,11,10,11,11,8,11,11,8,11,8,8,11,7,8,9,6,9,9,9,7,11,11,11,7,8,2,11,11,7,11,10,11,11,10,9,9,11,9,9,10,10,,,1,1,,,11,7,1,9,11,11,7,10,7,8,7,7,7,7,7,4,10,6,9,11,9,9,10,,2,,,11,11,11,10,10,10,5,11,11,11,8,11,1,1,2,1,3,10,9,10,9,11,10,11,1,11,11,11,11,11,11,11,11,8,9,11,10,10,5,6,,,5,2,,,11,5,11,11,11,11,11,11,11,7,11,11,2,3,3,11,11,11,11,11,11,7,11,5,,2,,,b'\x11\xe8\xe1I\xd7Y\x92J\x98|\x12\xdf\x17\xaeN\x1e'
11E8E149-D759-924A-987C-12DF17AE4E1E,2019-ncaa-d2-natl,ncaa,304,294,302,304,304,303,303,278,303,292,266,300,273,238,294,156,255,263,126,262,197,282,279,302,297,296,123,177,50,269,284,287,307,288,305,292,165,132,250,278,281,286,257,235,,,14,13,,,307,270,22,262,279,280,106,271,125,226,133,168,174,168,112,67,207,182,211,253,270,239,224,,52,,,305,165,196,122,258,128,50,280,287,271,239,296,25,32,67,32,93,91,75,277,253,270,221,291,16,274,307,198,284,248,305,293,298,249,229,302,209,280,113,194,,,231,74,,,307,44,300,299,304,304,304,308,286,235,307,311,110,130,119,305,302,309,307,310,306,135,289,220,,47,,,b'\x11\xe8\xe1I\xd7Y\x92J\x98|\x12\xdf\x17\xaeN\x1e'
11E8E149-D759-924A-987C-12DF17AE4E1E,2020-ncaa-d2-conf-SAC,ncaa,12,12,9,12,9,11,11,10,11,8,4,12,12,12,9,12,7,9,3,10,11,11,11,12,9,11,10,12,3,12,12,10,10,11,12,10,8,10,11,11,12,11,12,12,,,7,6,,,12,8,3,8,10,10,9,6,2,12,12,6,7,9,9,9,12,8,11,9,11,10,12,,10,,,12,12,12,8,12,9,5,12,12,12,11,11,10,10,7,9,10,8,6,12,12,12,10,11,5,10,10,8,12,10,12,12,10,10,10,12,10,10,11,9,,,6,4,,,12,8,12,12,12,12,12,10,11,7,12,12,10,10,10,11,11,10,12,12,12,9,10,11,,4,,,b'\x11\xe8\xe1I\xd7Y\x92J\x98|\x12\xdf\x17\xaeN\x1e'
11E8E149-D759-924A-987C-12DF17AE4E1E,2020-ncaa-d2-natl,ncaa,292,296,173,294,203,238,240,214,250,149,53,274,301,303,267,310,90,91,153,95,192,196,150,280,262,273,293,308,20,246,284,203,294,241,299,241,222,277,280,276,202,252,299,301,,,221,161,,,307,110,35,189,258,262,209,133,25,307,310,73,72,72,186,104,250,208,257,255,280,208,303,,251,,,302,292,286,249,270,241,134,285,305,304,262,291,237,260,43,257,262,266,244,291,284,278,263,277,119,300,294,265,284,296,299,303,272,131,180,265,282,275,302,284,,,61,39,,,307,220,286,293,296,301,292,289,247,149,303,304,250,269,266,298,296,301,283,296,300,122,281,302,,31,,,b'\x11\xe8\xe1I\xd7Y\x92J\x98|\x12\xdf\x17\xaeN\x1e'
11E8E149-D759-924A-987C-12DF17AE4E1E,2021-ncaa-d2-conf-SAC,ncaa,12,13,2,12,3,6,7,3,11,5,2,12,11,11,11,11,1,1,5,1,7,3,2,12,12,12,10,12,1,11,13,5,10,7,12,11,13,13,11,13,12,13,8,12,,,13,4,,,13,1,1,7,11,12,9,5,4,12,13,3,4,3,9,6,13,5,11,13,12,13,11,,10,,,13,13,13,13,12,13,12,12,13,13,12,10,12,12,10,12,6,13,13,12,12,12,8,12,2,13,10,13,13,13,12,13,12,1,12,13,13,12,11,7,,,3,9,,,13,13,12,12,12,13,13,13,13,10,13,13,10,9,9,13,13,10,12,12,13,9,13,10,,9,,,b'\x11\xe8\xe1I\xd7Y\x92J\x98|\x12\xdf\x17\xaeN\x1e'
11E8E149-D759-924A-987C-12DF17AE4E1E,2021-ncaa-d2-natl,ncaa,190,221,47,201,58,72,78,49,169,56,22,174,144,131,170,209,29,30,90,28,112,48,39,185,175,165,174,205,21,109,209,52,180,73,213,123,209,196,137,201,123,210,127,196,,,193,91,,,224,35,28,121,140,144,94,90,35,201,211,40,44,42,84,72,178,103,152,197,148,197,187,,150,,,216,219,217,204,201,206,197,196,218,214,211,152,201,200,161,201,114,205,200,212,210,214,139,165,60,221,180,219,209,221,213,222,185,76,191,217,199,154,203,124,,,58,152,,,224,192,177,220,215,221,217,211,204,184,219,206,173,158,159,211,202,194,212,216,223,150,164,178,,115,,,b'\x11\xe8\xe1I\xd7Y\x92J\x98|\x12\xdf\x17\xaeN\x1e'
11E8E149-D759-924A-987C-12DF17AE4E1E,2022-ncaa-d2-conf-SAC,ncaa,13,13,8,13,12,13,13,10,13,12,9,13,13,10,13,8,8,8,12,8,6,10,9,13,13,13,6,9,1,9,11,11,12,10,12,13,13,10,10,13,10,10,12,12,,,1,1,,,13,9,4,10,13,13,9,11,8,13,10,7,6,7,9,7,9,10,10,13,11,8,12,,3,,,13,13,13,11,13,12,6,13,13,13,11,13,3,3,2,3,2,9,8,13,13,13,10,13,1,10,12,12,11,12,12,12,9,11,12,13,9,10,12,12,,,9,6,,,13,5,13,13,13,13,13,13,12,8,13,13,3,3,3,11,11,11,13,12,12,9,10,12,,7,,,b'\x11\xe8\xe1I\xd7Y\x92J\x98|\x12\xdf\x17\xaeN\x1e'
11E8E149-D759-924A-987C-12DF17AE4E1E,2022-ncaa-d2-natl,ncaa,290,295,146,292,179,245,262,172,292,246,144,290,247,196,283,193,134,134,200,133,134,165,127,294,288,286,123,203,23,212,273,164,260,194,286,276,282,259,248,290,208,255,243,263,,,73,26,,,299,103,37,224,279,284,169,270,140,261,194,137,122,118,159,100,220,162,212,297,260,211,250,,79,,,295,291,293,259,284,270,185,286,300,294,288,281,71,95,43,92,67,250,216,293,284,289,191,284,10,264,260,276,273,283,286,293,195,192,248,283,234,227,287,284,,,150,173,,,299,201,291,293,295,296,298,295,283,206,301,298,65,89,91,288,266,268,293,292,291,194,240,289,,144,,,b'\x11\xe8\xe1I\xd7Y\x92J\x98|\x12\xdf\x17\xaeN\x1e'
11E8E149-D759-924A-987C-12DF17AE4E1E,2023-ncaa-d2-conf-SAC,ncaa,13,12,12,13,12,13,13,11,13,13,13,13,9,6,13,2,10,10,10,11,1,11,12,13,13,13,1,4,2,11,11,12,13,13,13,13,12,6,9,12,12,12,11,11,,,1,2,,,13,12,6,6,12,13,8,13,12,7,3,7,8,8,8,8,9,10,12,13,9,11,9,,3,,,13,9,12,9,12,11,9,13,10,11,7,12,1,1,2,1,1,5,4,13,12,13,3,8,1,13,13,6,11,12,13,13,12,13,13,13,5,8,8,12,,,13,7,,,13,2,13,13,13,13,13,13,13,12,12,12,1,2,2,13,11,13,13,13,13,13,8,11,,8,,,b'\x11\xe8\xe1I\xd7Y\x92J\x98|\x12\xdf\x17\xaeN\x1e'
11E8E149-D759-924A-987C-12DF17AE4E1E,2023-ncaa-d2-natl,ncaa,267,226,280,266,285,280,288,279,284,290,292,253,199,124,279,36,218,223,153,223,44,279,280,278,272,261,37,86,47,249,239,262,275,268,279,289,262,53,188,267,262,248,227,225,,,7,14,,,286,277,88,208,247,273,151,278,259,129,35,129,118,120,137,124,177,125,148,278,192,223,177,,38,,,290,113,191,114,266,202,92,281,167,176,145,238,8,7,47,7,12,69,38,269,221,267,35,209,2,221,275,116,239,160,279,267,269,284,279,296,32,147,207,291,,,250,109,,,286,21,266,287,288,281,294,290,288,268,263,284,13,24,27,285,254,287,288,293,295,245,150,274,,109,,,b'\x11\xe8\xe1I\xd7Y\x92J\x98|\x12\xdf\x17\xaeN\x1e'
11E8E149-D759-924A-987C-12DF17AE4E1E,2024-ncaa-d2-conf-SAC,ncaa,9,8,9,9,10,11,13,13,11,13,12,11,9,9,9,7,3,2,12,2,1,10,10,10,9,10,2,8,1,7,6,4,6,6,2,13,9,11,10,13,13,12,3,2,,,7,10,,,9,10,8,5,11,13,13,12,12,8,7,2,1,1,9,8,5,1,2,13,11,13,3,,10,,,9,5,6,7,2,2,3,4,8,9,4,11,2,2,1,2,6,6,3,4,2,7,7,11,5,5,6,4,6,4,2,6,9,12,12,11,5,7,8,12,,,2,1,,,9,3,9,7,9,8,10,11,7,10,9,11,3,5,5,10,8,10,5,8,11,12,7,9,,1,,,b'\x11\xe8\xe1I\xd7Y\x92J\x98|\x12\xdf\x17\xaeN\x1e'
11E8E149-D759-924A-987C-12DF17AE4E1E,2024-ncaa-d2-natl,ncaa,144,197,50,168,54,105,146,115,181,180,170,176,84,72,128,94,44,11,286,11,4,83,35,153,156,223,37,82,47,51,69,10,93,15,30,165,192,298,287,281,205,265,45,72,,,265,182,,,185,36,73,86,173,218,229,251,257,103,97,62,15,14,170,55,74,2,9,216,294,243,52,,204,,,177,249,265,286,76,242,267,81,269,285,109,232,77,113,11,116,40,283,268,88,54,117,142,241,25,255,93,206,69,235,30,256,165,171,253,241,259,177,242,265,,,8,20,,,185,262,216,126,175,182,221,284,181,234,243,269,38,78,75,270,225,218,113,159,202,216,203,222,,9,,,b'\x11\xe8\xe1I\xd7Y\x92J\x98|\x12\xdf\x17\xaeN\x1e'
11E8E149-D759-924A-987C-12DF17AE4E1E,2025-ncaa-d2-conf-SAC,genius_ncaa,6,6,5,6,8,4,6,7,5,5,7,2,11,8,13,9,2,2,11,2,1,4,4,7,3,9,8,12,3,3,1,7,4,4,1,11,13,13,11,13,5,4,2,2,,,11,12,,13,4,5,4,9,5,5,7,4,5,11,8,2,1,1,5,3,1,6,2,11,12,4,3,,12,,13,4,7,3,3,8,4,4,4,5,4,10,5,12,12,3,12,12,5,7,9,9,5,9,6,11,2,4,1,1,1,1,3,6,4,3,3,9,9,11,11,,,2,1,,2,4,9,3,4,4,7,5,3,4,3,5,4,12,13,13,6,8,4,1,1,3,3,9,11,,1,,2,b'\x11\xe8\xe1I\xd7Y\x92J\x98|\x12\xdf\x17\xaeN\x1e'
11E8E149-D759-924A-987C-12DF17AE4E1E,2025-ncaa-d2-natl,genius_ncaa,95,112,72,109,81,49,60,78,67,38,64,40,189,146,253,224,17,9,194,9,18,51,34,103,88,127,220,262,29,19,11,83,105,43,22,159,276,285,224,244,53,81,29,35,,,286,268,,264,76,53,58,90,39,54,97,34,78,222,178,12,11,11,53,26,19,108,22,204,259,70,29,,265,,255,77,217,170,181,158,182,213,109,141,109,216,64,277,283,118,284,255,213,245,146,168,113,182,94,252,150,105,97,11,111,22,156,137,36,49,58,249,169,276,247,,,13,36,,85,76,251,87,94,82,155,118,93,146,172,105,65,255,262,264,144,222,118,47,65,126,47,214,269,,9,,98,b'\x11\xe8\xe1I\xd7Y\x92J\x98|\x12\xdf\x17\xaeN\x1e'
11E8E149-D759-924A-987C-12DF17AE4E1E,2026-ncaa-d2-conf-SAC,genius_ncaa,6,8,1,8,3,7,8,8,10,11,8,6,5,4,9,3,6,4,11,4,3,7,4,8,8,10,3,4,4,8,10,6,11,6,9,12,12,11,11,12,12,12,11,12,,,3,1,,6,11,3,3,3,9,10,10,11,10,5,4,6,4,4,8,5,9,7,7,12,11,12,11,,1,,6,11,11,12,12,12,12,10,12,11,11,8,8,3,4,1,4,3,11,11,12,10,11,3,9,2,11,11,8,10,10,9,8,3,12,12,10,12,11,10,12,,,3,4,,2,11,10,10,12,11,11,12,12,12,10,10,9,3,3,3,11,10,11,7,9,7,12,12,10,,3,,2,b'\x11\xe8\xe1I\xd7Y\x92J\x98|\x12\xdf\x17\xaeN\x1e'
11E8E149-D759-924A-987C-12DF17AE4E1E,2026-ncaa-d2-natl,genius_ncaa,201,196,141,221,170,174,170,148,210,207,199,176,85,64,161,44,203,154,281,154,92,152,140,179,208,209,66,46,217,136,161,214,292,186,280,232,271,187,199,251,119,150,239,277,,,55,7,,127,235,142,39,88,151,155,76,212,213,57,24,202,123,124,73,53,116,237,189,248,227,97,250,,36,,147,235,197,237,211,220,256,259,185,131,117,174,54,65,72,88,77,14,196,183,195,160,162,14,82,23,277,292,175,161,226,280,198,102,143,187,196,235,243,105,139,,,142,140,,68,235,156,209,236,230,268,288,292,289,294,147,125,63,67,84,287,282,288,236,287,238,110,258,118,,92,,57,b'\x11\xe8\xe1I\xd7Y\x92J\x98|\x12\xdf\x17\xaeN\x1e'
11E8E149-D75E-3C00-987C-12DF17AE4E1E,2018-ncaa-d2-conf-NSIC,ncaa,12,11,9,12,10,9,11,14,7,11,10,6,11,12,7,12,7,7,10,7,4,12,11,7,6,8,11,12,7,12,8,7,5,9,6,11,11,9,12,12,13,13,3,4,,,3,4,,,8,9,7,6,6,9,13,8,7,11,12,6,4,4,10,9,10,3,7,10,10,11,3,,4,,,8,5,7,5,6,12,13,6,1,1,7,1,9,7,15,7,5,5,4,5,6,8,1,3,10,6,5,6,8,5,6,2,3,14,14,11,13,15,7,8,,,7,5,,,8,8,9,9,8,9,11,11,14,16,2,1,11,7,7,12,8,7,8,7,3,13,14,8,,5,,,b'\x11\xe8\xe1I\xd7^<\x00\x98|\x12\xdf\x17\xaeN\x1e'
11E8E149-D75E-3C00-987C-12DF17AE4E1E,2018-ncaa-d2-natl,ncaa,213,179,250,212,251,214,205,263,95,212,248,112,164,206,86,141,221,245,125,244,158,264,274,97,102,108,138,133,176,283,260,175,46,233,140,218,201,40,125,140,296,284,51,45,,,15,58,,,153,264,239,33,162,147,233,165,204,135,169,190,196,195,239,253,272,64,176,185,79,286,27,,30,,,154,53,77,86,159,133,167,107,38,24,215,27,61,39,298,39,37,67,33,128,125,221,39,69,111,39,46,67,260,42,140,40,62,300,295,255,137,247,140,210,,,245,128,,,153,38,129,208,161,149,190,200,228,267,79,36,115,74,75,166,73,73,155,113,104,298,207,179,,197,,,b'\x11\xe8\xe1I\xd7^<\x00\x98|\x12\xdf\x17\xaeN\x1e'
11E8E149-D75E-3C00-987C-12DF17AE4E1E,2019-ncaa-d2-conf-NSIC,ncaa,6,5,9,5,15,10,11,15,1,10,13,1,10,11,1,9,4,6,9,5,3,12,13,1,1,3,8,12,5,16,13,8,5,12,6,6,4,12,15,7,14,13,6,8,,,13,16,,,7,12,8,13,8,8,14,8,13,8,10,4,6,5,12,11,16,3,10,2,13,13,6,,15,,,7,5,4,3,5,10,12,4,1,1,1,1,13,14,6,14,12,6,4,3,3,7,2,1,16,2,5,1,13,2,6,2,3,15,14,9,9,11,5,9,,,4,1,,,7,5,7,6,7,8,9,9,11,13,1,1,15,15,15,9,9,5,1,3,4,15,9,7,,3,,,b'\x11\xe8\xe1I\xd7^<\x00\x98|\x12\xdf\x17\xaeN\x1e'
11E8E149-D75E-3C00-987C-12DF17AE4E1E,2019-ncaa-d2-natl,ncaa,110,59,260,86,280,209,211,292,22,216,283,24,164,239,34,148,166,198,74,189,42,289,293,22,22,43,120,143,113,298,277,179,25,263,85,129,45,52,196,85,300,302,102,97,,,160,294,,,99,282,213,283,110,135,290,144,261,123,186,87,129,116,280,276,301,58,224,58,131,302,71,,254,,,95,25,29,48,88,99,142,94,11,18,23,22,177,176,142,173,180,58,25,51,67,167,51,16,272,20,25,11,277,8,85,23,48,304,305,248,62,192,98,207,,,190,13,,,99,36,72,138,95,98,96,137,190,261,13,24,243,235,233,172,63,46,39,30,59,307,137,156,,79,,,b'\x11\xe8\xe1I\xd7^<\x00\x98|\x12\xdf\x17\xaeN\x1e'
11E8E149-D75E-3C00-987C-12DF17AE4E1E,2020-ncaa-d2-conf-NSIC,ncaa,4,4,5,4,6,5,5,11,1,7,11,1,5,10,5,8,2,2,5,2,1,11,11,1,1,1,6,10,2,16,14,7,4,13,7,3,2,7,9,3,9,9,7,7,,,6,6,,,8,8,8,6,5,6,14,8,12,6,11,2,2,3,13,14,16,6,13,2,7,9,7,,6,,,8,12,14,13,13,13,14,11,8,7,15,7,3,3,11,3,2,11,9,12,12,12,5,7,3,5,4,3,14,4,7,12,11,10,10,13,10,9,3,5,,,2,1,,,8,10,2,12,8,12,13,11,12,13,8,7,3,5,5,10,8,6,4,4,11,12,9,2,,1,,,b'\x11\xe8\xe1I\xd7^<\x00\x98|\x12\xdf\x17\xaeN\x1e'
11E8E149-D75E-3C00-987C-12DF17AE4E1E,2020-ncaa-d2-natl,ncaa,95,72,223,85,231,129,145,262,22,153,266,18,127,177,45,121,90,142,40,146,44,255,274,24,16,15,107,143,90,292,266,184,41,256,120,85,44,26,76,28,259,240,172,178,,,60,131,,,118,254,225,76,62,82,245,101,246,95,146,54,96,96,224,276,296,116,246,37,40,259,161,,92,,,115,156,191,120,243,180,147,201,199,101,303,145,49,30,292,31,28,90,47,253,244,276,108,218,42,31,41,36,266,23,120,225,216,287,281,297,72,148,28,59,,,153,18,,,118,66,26,255,105,217,245,200,225,209,236,146,63,36,35,154,70,40,59,39,246,294,103,40,,66,,,b'\x11\xe8\xe1I\xd7^<\x00\x98|\x12\xdf\x17\xaeN\x1e'
11E8E149-D75E-3C00-987C-12DF17AE4E1E,2021-ncaa-d2-conf-NSIC,ncaa,11,11,9,12,11,15,14,15,10,13,15,7,13,12,12,7,14,13,11,13,9,14,13,8,10,11,12,10,9,16,15,15,7,15,13,10,2,6,9,7,15,14,12,14,,,12,15,,,13,12,12,9,14,14,14,12,14,13,10,14,13,13,15,15,15,15,15,9,6,14,13,,15,,,13,6,7,4,13,8,6,11,4,2,12,3,7,9,2,9,13,5,5,12,13,13,4,4,10,3,7,6,15,5,13,11,14,11,10,15,9,12,5,6,,,9,3,,,13,5,13,11,13,7,9,3,12,10,6,4,10,12,12,5,5,3,7,5,15,10,11,6,,8,,,b'\x11\xe8\xe1I\xd7^<\x00\x98|\x12\xdf\x17\xaeN\x1e'
11E8E149-D75E-3C00-987C-12DF17AE4E1E,2021-ncaa-d2-natl,ncaa,140,135,144,152,156,160,157,165,103,151,160,87,159,163,121,125,147,159,48,156,114,166,170,104,96,102,127,128,87,191,213,163,44,178,153,135,44,54,87,68,185,194,158,175,,,103,213,,,160,159,154,121,156,154,183,136,145,142,147,123,150,149,186,210,212,159,212,86,52,202,165,,187,,,155,77,79,63,187,93,81,158,61,47,197,25,93,91,106,88,144,64,62,175,177,193,64,53,152,35,44,69,213,58,153,117,188,172,165,203,75,145,78,112,,,145,29,,,160,68,137,164,155,131,133,44,161,133,63,15,158,159,155,64,34,20,115,50,185,185,122,98,,96,,,b'\x11\xe8\xe1I\xd7^<\x00\x98|\x12\xdf\x17\xaeN\x1e'
11E8E149-D75E-3C00-987C-12DF17AE4E1E,2022-ncaa-d2-conf-NSIC,ncaa,11,10,9,12,9,8,8,12,3,10,8,4,6,8,1,9,11,8,15,8,5,11,11,3,3,5,6,7,11,12,13,7,10,8,11,7,5,11,12,10,11,10,8,8,,,10,10,,,10,9,8,3,5,5,10,9,11,5,11,10,9,8,11,9,12,3,8,5,12,10,8,,10,,,10,11,11,10,9,12,12,7,9,9,7,5,9,9,10,8,9,10,9,9,9,11,6,5,9,12,10,9,13,11,11,16,15,12,14,15,11,11,9,11,,,12,12,,,10,7,6,12,9,14,14,14,13,13,9,10,9,10,10,16,12,12,8,11,15,11,10,11,,10,,,b'\x11\xe8\xe1I\xd7^<\x00\x98|\x12\xdf\x17\xaeN\x1e'
11E8E149-D75E-3C00-987C-12DF17AE4E1E,2022-ncaa-d2-natl,ncaa,174,203,106,189,118,103,92,141,55,113,155,70,70,116,22,115,181,159,220,159,173,140,141,47,59,82,125,75,242,232,255,57,53,113,118,112,166,163,155,130,203,236,125,156,,,192,178,,,170,108,129,99,96,81,174,123,186,71,124,210,188,188,184,196,259,23,123,119,132,222,137,,173,,,170,231,231,236,155,211,228,148,230,230,185,183,157,129,244,127,83,230,177,161,160,233,162,198,98,112,53,179,255,161,118,271,255,250,288,289,201,192,225,231,,,178,213,,,170,193,117,219,165,216,229,250,206,213,223,222,143,121,121,239,146,97,169,136,265,281,183,219,,227,,,b'\x11\xe8\xe1I\xd7^<\x00\x98|\x12\xdf\x17\xaeN\x1e'
11E8E149-D75E-3C00-987C-12DF17AE4E1E,2023-ncaa-d2-conf-NSIC,ncaa,6,6,4,6,4,5,6,10,5,7,11,5,9,9,6,9,2,2,12,2,1,9,6,6,5,6,4,8,2,10,11,3,9,5,7,5,2,15,16,9,7,8,3,3,,,13,13,,,6,5,5,9,6,9,14,8,13,9,10,2,2,2,11,5,11,2,6,5,15,7,3,,12,,,6,9,9,13,5,11,10,5,3,9,1,7,10,9,11,9,9,11,12,3,3,4,5,4,12,11,9,13,11,11,7,14,14,6,8,11,14,14,2,2,,,2,2,,,6,11,8,5,7,6,6,13,10,11,3,6,11,11,11,13,10,11,10,10,12,8,14,2,,1,,,b'\x11\xe8\xe1I\xd7^<\x00\x98|\x12\xdf\x17\xaeN\x1e'
11E8E149-D75E-3C00-987C-12DF17AE4E1E,2023-ncaa-d2-natl,ncaa,120,118,148,124,165,143,158,207,68,167,223,65,118,137,89,117,101,108,137,110,43,188,187,62,58,86,85,127,100,269,263,87,34,159,134,125,94,163,195,148,204,192,48,48,,,164,202,,,112,158,112,142,115,142,237,168,228,106,127,85,83,85,207,182,266,36,140,99,182,190,38,,183,,,114,116,142,155,129,188,174,161,75,117,24,122,124,92,257,96,85,142,119,104,112,158,55,71,138,49,34,152,263,113,134,178,210,227,236,239,191,210,24,53,,,117,55,,,112,135,126,123,122,131,170,208,213,208,79,128,125,97,100,191,127,64,178,120,188,231,196,32,,80,,,b'\x11\xe8\xe1I\xd7^<\x00\x98|\x12\xdf\x17\xaeN\x1e'
11E8E149-D75E-3C00-987C-12DF17AE4E1E,2024-ncaa-d2-conf-NSIC,ncaa,2,2,1,2,3,3,4,7,3,3,5,3,9,11,6,12,1,1,6,1,1,3,2,3,2,4,6,12,1,6,5,2,1,3,1,5,8,15,11,10,3,4,2,2,,,13,14,,,2,2,3,10,3,5,11,4,9,11,13,1,1,1,8,4,8,5,7,6,12,4,2,,13,,,2,10,8,12,4,11,11,5,3,7,4,4,14,14,6,14,14,13,12,3,4,5,3,2,15,2,1,1,5,1,1,7,8,4,7,6,14,10,6,5,,,1,1,,,2,13,3,4,3,6,5,7,8,9,2,4,13,13,13,8,8,2,1,1,6,8,13,2,,1,,,b'\x11\xe8\xe1I\xd7^<\x00\x98|\x12\xdf\x17\xaeN\x1e'
11E8E149-D75E-3C00-987C-12DF17AE4E1E,2024-ncaa-d2-natl,ncaa,73,93,50,83,59,61,84,109,63,62,87,70,147,159,135,215,13,19,60,17,21,76,74,83,52,69,134,229,22,110,113,38,14,50,18,83,125,203,135,121,142,170,18,19,,,269,265,,,79,67,164,178,71,122,217,99,154,191,215,13,20,17,152,152,154,46,76,107,140,190,18,,214,,,81,222,189,211,118,218,241,104,87,103,100,55,265,253,262,253,183,232,200,95,124,177,116,49,249,48,14,153,113,102,18,176,137,197,236,208,234,184,166,137,,,25,26,,,79,233,69,137,88,123,105,114,153,190,59,50,223,192,188,139,80,23,58,28,112,248,174,135,,37,,,b'\x11\xe8\xe1I\xd7^<\x00\x98|\x12\xdf\x17\xaeN\x1e'
11E8E149-D75E-3C00-987C-12DF17AE4E1E,2025-ncaa-d2-conf-NSIC,genius_ncaa,5,5,4,5,7,6,7,5,11,8,7,11,6,4,11,4,6,3,11,3,2,5,4,9,9,9,3,5,3,2,4,4,6,5,7,7,6,12,11,10,3,4,2,2,,,14,14,,9,6,5,4,11,6,9,6,9,8,6,4,6,2,2,5,3,2,4,4,6,11,4,3,,14,,11,6,4,3,10,3,7,11,3,4,5,5,4,9,11,3,11,10,9,11,3,3,3,5,5,12,8,6,10,4,10,7,7,7,3,4,4,14,15,9,10,,,2,2,,7,6,11,8,3,6,2,2,5,7,9,3,3,8,11,9,6,9,7,9,7,7,4,15,7,,2,,7,b'\x11\xe8\xe1I\xd7^<\x00\x98|\x12\xdf\x17\xaeN\x1e'
11E8E149-D75E-3C00-987C-12DF17AE4E1E,2025-ncaa-d2-natl,genius_ncaa,121,112,162,120,175,126,144,138,177,191,200,177,58,61,101,55,118,120,155,115,66,130,133,132,142,126,41,52,143,119,132,107,51,105,89,100,77,120,124,105,111,99,46,40,,,228,260,,98,117,144,111,101,89,122,80,205,204,42,42,102,100,100,78,85,100,53,59,79,150,97,30,,237,,110,117,137,126,135,141,137,176,108,106,90,184,86,193,180,179,163,143,131,125,133,148,160,116,112,193,62,51,183,132,125,89,149,169,184,181,178,232,229,147,205,,,92,75,,180,117,147,125,147,123,151,147,157,174,204,112,87,201,185,168,153,140,62,211,144,170,180,238,171,,54,,184,b'\x11\xe8\xe1I\xd7^<\x00\x98|\x12\xdf\x17\xaeN\x1e'
11E8E149-D75E-3C00-987C-12DF17AE4E1E,2026-ncaa-d2-conf-NSIC,genius_ncaa,3,4,2,4,9,5,5,7,7,9,10,10,3,3,4,4,6,6,7,6,8,6,10,6,5,5,3,3,7,10,12,2,2,6,7,1,2,7,7,2,3,4,1,1,,,12,13,,5,2,6,6,11,6,6,9,12,12,3,4,6,7,7,8,12,12,1,8,1,6,5,1,,13,,5,3,5,7,7,8,12,12,7,2,3,2,3,4,6,2,5,4,7,7,5,3,5,1,3,7,4,2,8,12,7,7,7,7,9,8,7,10,8,12,11,,,7,10,,15,2,8,4,2,3,2,4,5,12,12,2,3,2,6,5,5,5,4,8,6,6,10,9,11,,10,,15,b'\x11\xe8\xe1I\xd7^<\x00\x98|\x12\xdf\x17\xaeN\x1e'
11E8E149-D75E-3C00-987C-12DF17AE4E1E,2026-ncaa-d2-natl,genius_ncaa,5,98,1,73,2,3,5,6,32,9,16,60,3,6,22,99,6,19,14,19,130,7,9,22,15,13,67,81,135,92,248,3,53,8,139,3,35,239,51,13,33,141,2,26,,,294,199,,239,33,5,181,88,42,65,151,129,193,39,109,74,147,162,156,236,260,84,202,23,35,167,16,,155,,139,64,296,291,294,178,297,295,165,176,218,69,37,295,292,257,293,157,295,293,143,177,198,55,29,224,249,53,296,248,288,139,253,55,42,214,149,257,111,255,158,,,13,154,,165,33,294,24,151,66,132,129,110,204,216,37,31,226,187,191,124,66,57,151,95,79,231,92,146,,204,,248,b'\x11\xe8\xe1I\xd7^<\x00\x98|\x12\xdf\x17\xaeN\x1e'
11E8E149-D762-9282-987C-12DF17AE4E1E,2018-ncaa-d2-conf-GLVC,ncaa,13,13,9,13,9,14,13,15,11,12,12,9,9,7,9,6,13,13,4,13,12,14,15,11,12,6,8,7,12,15,15,15,13,15,15,15,15,1,1,7,12,12,9,10,,,1,1,,,11,15,14,1,13,11,13,12,11,8,7,13,13,13,14,15,15,14,15,15,1,12,9,,1,,,11,4,9,1,14,11,4,13,3,2,13,4,2,1,15,1,2,1,1,13,13,12,3,3,3,5,13,10,15,8,15,13,14,9,8,13,1,3,5,9,,,12,8,,,11,1,9,11,11,9,12,4,12,11,5,4,5,2,2,4,3,8,13,12,13,9,2,7,,12,,,b'\x11\xe8\xe1I\xd7b\x92\x82\x98|\x12\xdf\x17\xaeN\x1e'
11E8E149-D762-9282-987C-12DF17AE4E1E,2018-ncaa-d2-natl,ncaa,252,179,301,246,304,292,294,306,142,288,304,148,202,244,102,99,268,288,21,284,152,306,306,125,116,95,80,95,135,306,300,305,264,306,302,285,241,4,67,136,283,220,268,237,,,5,80,,,220,306,270,226,209,223,270,248,267,116,142,177,239,235,268,294,302,304,308,254,30,246,239,,48,,,233,17,38,5,299,73,17,290,22,6,259,69,27,14,307,13,81,4,4,288,294,291,34,67,98,20,264,14,300,12,302,140,274,287,155,274,16,148,21,177,,,288,45,,,220,4,141,288,240,208,234,78,266,161,116,38,133,77,76,51,47,141,182,151,273,210,81,104,,170,,,b'\x11\xe8\xe1I\xd7b\x92\x82\x98|\x12\xdf\x17\xaeN\x1e'
11E8E149-D762-9282-987C-12DF17AE4E1E,2019-ncaa-d2-conf-GLVC,ncaa,5,5,5,5,6,4,4,3,9,5,5,4,4,3,9,3,6,8,2,8,11,3,6,7,6,3,6,6,10,8,12,9,13,6,13,6,11,1,1,2,6,9,7,9,,,7,3,,,5,6,4,5,3,3,2,4,5,3,2,6,10,9,2,3,9,8,9,7,1,6,8,,4,,,5,12,14,14,6,13,13,8,7,7,7,5,7,4,13,4,3,13,12,6,6,7,4,6,5,14,13,14,12,14,13,14,13,7,8,10,1,2,11,10,,,8,11,,,5,10,4,9,5,11,12,14,13,14,8,7,7,4,4,13,13,14,14,14,14,6,2,12,,10,,,b'\x11\xe8\xe1I\xd7b\x92\x82\x98|\x12\xdf\x17\xaeN\x1e'
11E8E149-D762-9282-987C-12DF17AE4E1E,2019-ncaa-d2-natl,ncaa,85,74,118,80,152,63,65,74,86,86,117,70,78,69,136,96,104,161,21,164,216,77,133,83,75,44,140,121,203,135,163,200,259,172,235,107,202,22,11,33,111,133,117,154,,,140,91,,,107,133,114,143,34,31,30,63,115,71,57,104,163,167,42,113,139,231,194,100,16,112,119,,131,,,107,245,272,213,245,276,254,209,140,100,243,57,167,127,259,122,60,204,195,226,225,223,58,80,103,244,259,216,163,234,235,295,272,121,148,247,52,44,201,168,,,116,130,,,107,186,40,241,107,245,261,235,277,278,138,92,155,117,115,214,224,235,211,233,284,123,53,202,,110,,,b'\x11\xe8\xe1I\xd7b\x92\x82\x98|\x12\xdf\x17\xaeN\x1e'
11E8E149-D762-9282-987C-12DF17AE4E1E,2020-ncaa-d2-conf-GLVC,ncaa,8,9,5,9,5,5,5,4,6,4,3,10,6,9,3,9,14,14,7,14,16,5,5,6,7,5,10,6,14,9,13,4,6,5,8,9,15,3,3,7,8,9,12,13,,,11,11,,,5,5,5,2,4,4,2,4,3,7,9,14,14,14,3,4,11,2,4,9,2,8,12,,12,,,5,10,10,13,5,9,10,8,5,15,2,12,10,11,2,11,9,13,12,4,4,5,9,7,10,11,6,13,13,13,8,14,13,7,9,13,6,6,11,9,,,13,15,,,5,12,6,6,5,8,8,14,8,9,6,15,10,10,10,14,13,11,13,13,15,9,6,11,,14,,,b'\x11\xe8\xe1I\xd7b\x92\x82\x98|\x12\xdf\x17\xaeN\x1e'
11E8E149-D762-9282-987C-12DF17AE4E1E,2020-ncaa-d2-natl,ncaa,112,124,102,119,118,77,49,64,60,61,64,126,65,127,19,175,206,242,85,239,295,83,114,56,66,53,176,99,295,141,170,98,145,112,145,113,230,79,49,79,133,150,212,229,,,233,214,,,113,109,130,75,55,35,43,44,62,65,143,232,260,261,81,130,158,93,116,119,59,139,217,,229,,,113,239,230,221,173,212,188,193,218,222,152,190,233,221,190,224,192,230,205,175,176,206,188,166,180,201,145,190,170,204,145,270,259,172,205,247,117,112,255,221,,,198,255,,,113,202,66,210,115,226,212,208,190,165,202,215,218,206,211,230,187,189,172,191,247,181,107,249,,230,,,b'\x11\xe8\xe1I\xd7b\x92\x82\x98|\x12\xdf\x17\xaeN\x1e'
11E8E149-D762-9282-987C-12DF17AE4E1E,2021-ncaa-d2-conf-GLVC,ncaa,6,7,2,8,3,3,2,2,8,2,2,9,7,9,4,11,5,5,11,5,11,2,4,9,9,5,12,9,9,10,13,5,11,10,14,10,14,4,2,6,5,6,6,7,,,3,2,,,7,4,6,5,3,3,3,4,3,8,10,8,7,7,3,8,12,9,12,10,2,7,7,,2,,,7,12,14,13,11,11,9,13,15,14,9,14,3,3,2,3,3,11,12,12,9,6,6,13,2,11,11,15,13,15,14,15,15,3,4,8,6,4,15,11,,,6,10,,,7,12,8,8,7,9,10,11,9,7,13,14,2,2,2,10,10,10,13,14,14,4,4,13,,10,,,b'\x11\xe8\xe1I\xd7b\x92\x82\x98|\x12\xdf\x17\xaeN\x1e'
11E8E149-D762-9282-987C-12DF17AE4E1E,2021-ncaa-d2-natl,ncaa,59,170,19,98,20,22,23,23,49,16,12,65,54,69,57,172,23,22,107,22,121,20,26,59,59,36,164,157,111,96,197,47,132,62,190,50,188,139,27,67,26,70,63,116,,,147,26,,,83,22,110,28,60,57,90,45,53,118,161,74,80,81,88,136,189,172,202,132,21,71,124,,24,,,96,206,209,200,190,203,189,209,211,210,134,170,147,148,64,146,52,196,203,188,175,157,74,140,22,190,132,213,197,213,190,219,191,22,70,162,170,78,217,154,,,31,106,,,83,202,60,151,100,152,175,125,166,93,164,156,39,53,44,102,119,99,148,135,201,69,64,193,,122,,,b'\x11\xe8\xe1I\xd7b\x92\x82\x98|\x12\xdf\x17\xaeN\x1e'
11E8E149-D762-9282-987C-12DF17AE4E1E,2022-ncaa-d2-conf-GLVC,ncaa,9,9,7,9,8,9,9,9,8,8,9,8,6,9,6,5,9,8,10,8,11,9,9,8,8,7,5,4,8,10,10,7,11,9,12,8,2,3,7,7,9,10,8,7,,,3,2,,,7,9,10,13,11,11,9,9,9,6,9,10,9,10,9,9,11,6,9,7,7,10,7,,3,,,7,6,5,7,1,2,4,1,13,14,9,14,4,3,12,3,6,6,6,2,2,4,13,14,4,10,11,9,10,8,12,12,14,8,7,10,4,6,6,7,,,8,6,,,7,6,11,6,7,4,3,9,1,3,13,14,4,3,5,8,6,12,8,11,13,7,3,7,,6,,,b'\x11\xe8\xe1I\xd7b\x92\x82\x98|\x12\xdf\x17\xaeN\x1e'
11E8E149-D762-9282-987C-12DF17AE4E1E,2022-ncaa-d2-natl,ncaa,187,139,248,174,266,238,239,265,127,252,268,152,173,212,72,109,220,235,127,235,137,268,281,107,111,104,88,97,152,283,263,246,184,274,238,232,176,23,109,133,261,217,225,173,,,23,63,,,161,275,239,296,186,194,238,219,231,105,144,162,179,185,239,263,272,192,255,198,66,230,200,,54,,,162,31,30,42,87,8,17,67,246,200,259,289,47,21,299,24,123,32,24,158,174,188,296,297,102,85,184,49,263,48,238,134,276,250,189,240,35,125,51,140,,,248,84,,,161,24,143,198,176,130,98,132,19,31,286,278,104,54,58,97,66,163,139,151,220,205,90,100,,175,,,b'\x11\xe8\xe1I\xd7b\x92\x82\x98|\x12\xdf\x17\xaeN\x1e'
11E8E149-D762-9282-987C-12DF17AE4E1E,2023-ncaa-d2-conf-GLVC,ncaa,5,6,3,6,4,5,4,3,7,6,8,5,4,3,8,4,6,8,5,7,7,3,5,6,6,5,5,4,9,6,7,5,9,4,10,6,7,3,2,4,8,8,6,7,,,8,5,,,5,6,6,5,6,5,3,7,9,3,4,8,8,8,3,6,7,5,7,6,2,8,6,,7,,,5,12,13,11,9,11,11,8,10,11,7,9,7,9,3,7,5,10,10,9,8,10,7,9,5,11,9,13,7,13,10,12,10,7,8,11,4,3,4,4,,,5,6,,,5,8,5,9,5,11,10,11,10,9,10,10,6,8,7,11,10,10,12,12,12,8,1,3,,5,,,b'\x11\xe8\xe1I\xd7b\x92\x82\x98|\x12\xdf\x17\xaeN\x1e'
11E8E149-D762-9282-987C-12DF17AE4E1E,2023-ncaa-d2-natl,ncaa,139,118,197,133,212,135,137,156,106,155,189,90,105,99,141,79,132,169,47,169,139,163,214,97,92,46,102,107,150,207,217,190,164,206,214,162,194,6,11,42,242,238,196,213,,,73,98,,,167,212,159,136,59,70,63,108,152,76,58,106,137,140,75,166,188,155,182,140,11,234,182,,108,,,166,180,212,131,264,219,150,245,180,125,262,136,89,89,134,78,87,126,86,263,253,274,93,165,55,131,164,152,217,143,214,210,176,258,256,274,12,33,46,65,,,152,62,,,167,78,54,275,169,262,267,235,262,223,225,171,111,111,105,231,147,164,219,206,245,246,36,59,,82,,,b'\x11\xe8\xe1I\xd7b\x92\x82\x98|\x12\xdf\x17\xaeN\x1e'
11E8E149-D762-9282-987C-12DF17AE4E1E,2024-ncaa-d2-conf-GLVC,ncaa,3,4,3,4,4,4,5,3,8,6,5,11,6,4,6,7,1,1,5,2,5,2,3,8,7,7,6,7,2,3,5,4,10,2,8,4,3,4,2,2,3,4,6,9,,,6,5,,,3,4,9,6,3,7,4,8,8,8,6,2,4,4,2,5,5,4,1,7,2,3,6,,5,,,3,3,8,12,2,9,13,1,6,7,7,3,4,4,2,4,3,12,11,2,1,1,3,7,3,14,10,11,5,12,8,2,3,3,4,2,5,4,14,12,,,1,2,,,3,11,4,1,3,3,6,9,6,11,4,4,4,5,5,8,10,14,7,11,2,4,4,13,,2,,,b'\x11\xe8\xe1I\xd7b\x92\x82\x98|\x12\xdf\x17\xaeN\x1e'
11E8E149-D762-9282-987C-12DF17AE4E1E,2024-ncaa-d2-natl,ncaa,86,93,78,90,93,53,75,61,129,96,97,131,58,58,102,105,17,22,46,27,30,48,72,119,87,52,57,115,39,80,136,64,162,61,153,88,147,48,12,48,142,187,123,174,,,202,124,,,64,69,98,167,31,74,49,123,128,56,62,11,21,28,34,89,97,74,68,95,35,166,138,,157,,,61,226,239,250,137,245,261,107,167,141,182,80,140,162,78,162,67,243,234,128,104,138,75,125,85,232,162,236,136,248,153,83,17,137,195,97,50,22,235,214,,,26,32,,,64,225,42,159,70,178,203,239,222,255,137,107,105,122,121,222,195,206,220,220,58,173,40,228,,21,,,b'\x11\xe8\xe1I\xd7b\x92\x82\x98|\x12\xdf\x17\xaeN\x1e'
11E8E149-D762-9282-987C-12DF17AE4E1E,2025-ncaa-d2-conf-GLVC,genius_ncaa,4,5,2,5,5,4,3,3,10,9,8,11,1,1,3,2,10,11,9,11,8,3,3,6,7,6,4,1,15,7,8,6,7,4,9,2,1,4,1,1,7,6,9,7,,,11,11,,9,5,4,9,9,5,4,3,12,13,1,1,13,14,14,4,6,8,7,6,2,3,7,9,,10,,8,5,13,10,10,8,7,8,7,15,15,12,15,10,10,2,10,10,11,12,9,8,7,14,15,7,12,7,15,8,15,9,10,9,6,7,7,2,1,3,4,,,13,15,,11,5,12,6,8,5,6,7,8,2,3,15,15,7,9,8,6,4,8,12,13,8,7,1,3,,15,,11,b'\x11\xe8\xe1I\xd7b\x92\x82\x98|\x12\xdf\x17\xaeN\x1e'
11E8E149-D762-9282-987C-12DF17AE4E1E,2025-ncaa-d2-natl,genius_ncaa,132,159,72,144,83,67,62,38,163,163,162,164,11,7,55,12,192,207,110,208,207,52,92,99,117,68,18,8,271,154,237,73,74,96,200,48,56,34,8,15,171,197,178,172,,,252,243,,274,120,74,140,102,58,64,30,221,233,7,7,234,244,243,57,132,179,68,124,40,14,198,192,,214,,266,122,251,223,216,166,124,123,166,289,280,254,270,212,208,170,206,215,225,200,214,202,227,287,280,147,132,74,288,237,272,200,223,180,169,218,224,16,3,109,126,,,197,271,,102,120,211,77,202,136,200,176,172,77,55,280,275,180,165,163,171,132,96,278,237,188,214,8,90,,264,,111,b'\x11\xe8\xe1I\xd7b\x92\x82\x98|\x12\xdf\x17\xaeN\x1e'
11E8E149-D762-9282-987C-12DF17AE4E1E,2026-ncaa-d2-conf-GLVC,genius_ncaa,2,4,1,4,1,2,2,5,7,2,4,6,8,5,12,9,2,3,2,3,6,4,4,7,7,8,10,11,4,9,12,2,5,3,10,4,7,12,10,8,6,10,2,2,,,15,12,,11,4,3,10,1,8,9,13,8,10,12,9,5,7,8,12,11,12,7,9,8,10,12,2,,10,,8,5,10,7,12,1,8,10,4,2,12,1,8,15,15,13,15,12,12,12,1,1,1,9,1,15,9,5,13,12,12,10,7,7,2,3,1,11,8,3,3,,,1,1,,2,4,13,8,1,5,2,1,3,2,1,1,7,14,11,11,3,5,4,8,6,2,5,9,2,,1,,3,b'\x11\xe8\xe1I\xd7b\x92\x82\x98|\x12\xdf\x17\xaeN\x1e'
11E8E149-D762-9282-987C-12DF17AE4E1E,2026-ncaa-d2-natl,genius_ncaa,30,53,59,59,84,122,155,122,218,175,159,193,113,79,194,83,67,108,31,102,87,126,136,201,156,143,61,121,57,249,282,86,73,148,226,122,75,120,94,107,70,81,51,29,,,179,143,,204,76,111,182,88,197,234,216,237,243,132,102,87,151,141,210,258,276,115,240,156,67,94,69,,109,,191,81,110,81,142,20,63,65,108,168,265,21,286,204,205,178,191,270,153,176,21,36,32,266,199,254,121,73,249,282,209,226,154,265,62,62,75,136,122,179,206,,,51,21,,25,76,188,180,27,84,27,12,39,13,4,125,267,166,168,154,44,86,73,249,176,107,79,93,160,,47,,31,b'\x11\xe8\xe1I\xd7b\x92\x82\x98|\x12\xdf\x17\xaeN\x1e'
11E8E149-D766-D658-987C-12DF17AE4E1E,2018-ncaa-d2-conf-GLVC,ncaa,8,8,5,8,5,7,9,11,9,6,6,10,15,14,13,13,3,3,12,3,1,6,6,14,9,13,11,12,1,5,3,5,3,5,4,7,3,14,14,15,8,9,7,7,,,12,8,,,8,6,5,1,9,12,14,6,8,14,14,1,1,1,11,3,3,4,2,7,15,8,7,,10,,,8,10,10,11,11,7,10,6,10,10,12,10,9,7,9,6,8,11,11,10,9,9,10,11,6,3,3,1,3,3,4,11,12,7,9,9,15,15,13,12,,,5,2,,,8,10,11,9,7,10,11,11,10,9,12,10,10,8,7,9,7,4,5,5,10,6,15,13,,1,,,b'\x11\xe8\xe1I\xd7f\xd6X\x98|\x12\xdf\x17\xaeN\x1e'
11E8E149-D766-D658-987C-12DF17AE4E1E,2018-ncaa-d2-natl,ncaa,179,147,250,174,271,221,252,285,139,211,233,146,266,277,195,252,80,84,121,87,24,256,246,176,126,180,162,260,7,195,72,246,56,231,40,188,74,214,278,218,171,106,151,105,,,115,237,,,192,247,143,226,173,228,278,163,179,261,263,20,29,31,231,157,143,192,172,145,270,124,122,,204,,,194,68,70,35,218,57,44,187,177,96,288,175,97,73,267,71,164,32,45,239,257,229,223,231,156,17,56,7,72,7,40,125,193,195,112,167,240,281,152,203,,,112,13,,,192,63,182,191,195,179,171,94,122,94,233,152,172,134,129,93,103,34,20,23,196,129,283,190,,22,,,b'\x11\xe8\xe1I\xd7f\xd6X\x98|\x12\xdf\x17\xaeN\x1e'
11E8E149-D766-D658-987C-12DF17AE4E1E,2019-ncaa-d2-conf-GLVC,ncaa,8,8,5,8,5,7,8,11,4,6,7,5,14,14,12,14,2,2,8,2,1,8,8,8,5,8,10,14,1,10,11,6,6,8,8,6,4,13,14,10,7,8,13,13,,,11,12,,,6,7,6,3,9,8,13,7,7,14,14,1,1,1,12,9,11,6,10,7,14,9,13,,11,,,7,6,6,7,8,11,9,11,4,4,4,6,5,8,10,8,8,8,8,7,7,6,5,3,8,3,6,4,11,6,8,5,3,6,5,5,12,12,12,11,,,3,1,,,6,8,9,6,7,6,8,6,10,7,5,5,6,7,7,5,6,4,4,3,5,5,11,13,,1,,,b'\x11\xe8\xe1I\xd7f\xd6X\x98|\x12\xdf\x17\xaeN\x1e'
11E8E149-D766-D658-987C-12DF17AE4E1E,2019-ncaa-d2-natl,ncaa,183,160,227,182,234,199,211,255,112,138,175,118,280,283,233,283,58,74,105,74,57,233,219,157,117,158,239,293,9,198,121,233,77,234,92,141,60,203,243,167,133,81,261,257,,,193,278,,,142,224,140,36,147,181,254,97,112,282,285,11,23,25,189,140,161,194,179,101,239,89,260,,257,,,142,71,102,56,236,163,98,244,35,42,97,79,97,83,207,88,142,51,64,210,214,175,47,44,150,28,77,26,121,22,92,47,44,145,83,73,223,253,220,229,,,88,11,,,142,81,167,142,143,151,175,101,227,155,60,70,149,133,141,100,121,54,62,56,91,88,254,252,,11,,,b'\x11\xe8\xe1I\xd7f\xd6X\x98|\x12\xdf\x17\xaeN\x1e'
11E8E149-D766-D658-987C-12DF17AE4E1E,2020-ncaa-d2-conf-GLVC,ncaa,12,12,10,12,11,11,12,16,7,8,9,5,16,16,15,16,4,4,9,4,5,14,12,11,9,12,15,16,2,8,4,7,7,10,5,7,2,12,14,10,13,12,16,16,,,13,16,,,11,13,8,3,11,11,13,5,6,16,16,3,3,3,11,7,6,6,5,6,16,12,16,,15,,,11,9,7,7,8,6,7,7,5,6,12,4,12,14,5,14,11,8,5,8,8,12,13,9,13,8,7,1,4,2,5,10,11,14,13,14,8,10,15,14,,,6,2,,,11,4,11,11,11,13,11,10,9,10,10,9,12,14,14,13,12,10,3,7,13,13,9,15,,2,,,b'\x11\xe8\xe1I\xd7f\xd6X\x98|\x12\xdf\x17\xaeN\x1e'
11E8E149-D766-D658-987C-12DF17AE4E1E,2020-ncaa-d2-natl,ncaa,168,182,102,177,110,127,155,200,88,78,98,87,278,279,250,289,10,9,156,8,17,148,120,146,112,141,247,300,10,117,85,74,112,79,58,81,29,243,209,134,194,219,272,281,,,271,276,,,167,126,154,48,131,175,249,68,104,291,291,10,9,9,175,140,127,65,79,64,222,214,275,,267,,,168,227,205,215,156,202,212,137,194,187,190,132,244,246,135,246,204,228,196,154,154,204,190,151,210,165,112,90,85,110,58,207,179,205,240,225,215,183,295,276,,,15,12,,,167,197,138,198,163,208,184,199,171,191,182,169,231,232,233,228,176,147,53,79,185,230,192,290,,14,,,b'\x11\xe8\xe1I\xd7f\xd6X\x98|\x12\xdf\x17\xaeN\x1e'
11E8E149-D766-D658-987C-12DF17AE4E1E,2021-ncaa-d2-conf-GLVC,ncaa,11,12,6,12,9,7,8,9,6,6,8,7,9,10,6,9,6,4,12,3,3,9,10,7,7,7,9,8,6,8,5,13,15,12,13,5,2,6,5,5,9,10,14,15,,,11,11,,,10,10,10,11,9,9,13,6,9,9,11,4,3,3,11,12,8,15,14,5,4,10,15,,11,,,10,11,13,9,14,12,7,14,8,9,10,7,6,6,13,6,4,7,10,13,13,11,2,6,3,14,15,7,5,9,13,11,5,6,7,6,5,5,13,15,,,4,1,,,10,6,5,13,10,12,13,10,12,10,7,8,5,3,3,6,8,14,5,8,11,6,6,14,,2,,,b'\x11\xe8\xe1I\xd7f\xd6X\x98|\x12\xdf\x17\xaeN\x1e'
11E8E149-D766-D658-987C-12DF17AE4E1E,2021-ncaa-d2-natl,ncaa,97,191,30,143,44,41,44,62,40,41,48,52,69,84,66,155,25,20,126,20,39,54,54,50,46,52,140,146,65,65,101,109,205,96,185,27,19,165,83,36,67,126,172,220,,,208,174,,,150,48,145,120,90,96,169,84,118,128,167,51,46,46,141,167,141,220,216,38,61,132,218,,158,,,136,201,204,183,212,208,185,218,166,161,137,85,172,157,194,159,76,181,185,204,209,195,43,67,63,208,205,151,101,170,185,204,119,40,90,140,164,95,215,194,,,19,17,,,150,179,55,200,136,171,183,107,192,118,99,87,97,76,76,88,95,149,33,69,175,94,80,194,,40,,,b'\x11\xe8\xe1I\xd7f\xd6X\x98|\x12\xdf\x17\xaeN\x1e'
11E8E149-D766-D658-987C-12DF17AE4E1E,2022-ncaa-d2-conf-GLVC,ncaa,13,13,9,13,12,13,13,11,12,13,11,11,14,13,12,9,8,9,4,9,1,11,12,12,12,12,4,11,2,12,13,14,13,14,13,13,3,7,12,13,10,11,12,12,,,4,4,,,13,11,12,11,13,13,13,13,12,13,12,4,8,9,12,13,12,12,14,12,11,9,12,,6,,,13,13,14,9,14,11,7,14,14,13,14,13,3,4,2,5,5,7,4,14,14,14,8,13,1,13,13,6,13,9,13,14,13,11,11,14,2,7,9,13,,,10,7,,,13,4,13,14,13,14,14,14,14,11,14,13,6,6,6,13,11,13,11,13,14,11,4,11,,10,,,b'\x11\xe8\xe1I\xd7f\xd6X\x98|\x12\xdf\x17\xaeN\x1e'
11E8E149-D766-D658-987C-12DF17AE4E1E,2022-ncaa-d2-natl,ncaa,286,283,222,288,247,282,280,285,259,279,270,252,264,255,239,173,203,243,47,242,136,286,280,255,228,249,115,194,29,291,288,273,280,291,293,269,179,108,247,258,268,256,280,288,,,27,34,,,297,265,264,282,289,293,298,284,268,266,248,170,213,211,296,294,289,287,298,273,171,259,284,,34,,,294,214,244,118,295,215,95,295,260,200,284,245,31,33,214,34,46,92,59,296,295,295,114,243,11,209,280,88,288,124,293,229,150,281,284,292,54,172,144,246,,,261,137,,,297,43,271,300,294,283,291,243,281,167,284,260,51,45,50,214,115,249,170,212,273,283,92,196,,257,,,b'\x11\xe8\xe1I\xd7f\xd6X\x98|\x12\xdf\x17\xaeN\x1e'
11E8E149-D766-D658-987C-12DF17AE4E1E,2023-ncaa-d2-conf-GLVC,ncaa,7,7,7,7,7,8,7,11,4,3,7,3,12,12,11,12,7,5,12,5,5,10,9,4,5,6,12,12,5,12,13,8,13,12,11,7,6,8,12,7,6,4,4,4,,,2,2,,,11,8,9,7,8,7,13,3,6,12,12,6,4,4,13,10,12,10,12,8,8,4,2,,2,,,11,7,12,9,11,13,12,11,6,6,6,5,1,2,8,2,2,7,7,10,9,9,1,3,2,13,13,6,13,7,11,10,6,8,7,8,6,8,8,5,,,9,10,,,11,6,7,10,11,10,12,12,12,13,6,5,2,2,2,9,9,13,8,10,10,7,8,6,,12,,,b'\x11\xe8\xe1I\xd7f\xd6X\x98|\x12\xdf\x17\xaeN\x1e'
11E8E149-D766-D658-987C-12DF17AE4E1E,2023-ncaa-d2-natl,ncaa,183,182,197,193,223,189,181,252,32,99,179,32,271,274,247,260,177,179,159,175,153,248,259,70,77,92,278,275,130,279,252,247,245,277,251,176,178,62,160,144,213,189,128,146,,,13,23,,,230,239,223,199,173,132,266,45,134,272,273,149,153,147,258,266,278,253,286,164,112,189,108,,25,,,231,157,233,146,273,244,183,260,126,95,237,116,12,11,240,11,9,106,69,264,236,265,18,130,8,175,245,54,252,82,251,161,72,263,255,266,53,142,46,57,,,227,131,,,230,57,129,279,236,238,276,255,281,255,173,126,18,12,10,195,111,223,76,136,202,256,98,59,,221,,,b'\x11\xe8\xe1I\xd7f\xd6X\x98|\x12\xdf\x17\xaeN\x1e'
11E8E149-D766-D658-987C-12DF17AE4E1E,2024-ncaa-d2-conf-GLVC,ncaa,3,3,5,3,5,6,6,10,2,4,7,5,9,13,2,13,6,7,4,7,9,10,9,2,2,3,11,9,8,9,6,6,8,8,6,7,5,7,10,4,5,5,1,1,,,2,1,,,4,8,12,1,4,3,10,3,7,9,13,6,6,6,9,10,8,8,7,4,8,4,1,,2,,,4,7,12,11,10,13,11,12,5,8,5,6,1,1,6,1,1,9,8,9,6,7,2,6,1,11,8,3,6,5,6,6,2,8,9,8,6,7,10,8,,,10,9,,,4,7,2,9,4,7,12,11,13,12,7,8,1,1,1,9,5,10,2,4,7,9,7,10,,10,,,b'\x11\xe8\xe1I\xd7f\xd6X\x98|\x12\xdf\x17\xaeN\x1e'
11E8E149-D766-D658-987C-12DF17AE4E1E,2024-ncaa-d2-natl,ncaa,55,59,78,64,85,44,42,108,9,40,70,29,101,202,3,238,47,52,94,53,94,95,102,11,11,12,184,187,132,158,134,90,129,111,92,46,108,117,94,46,155,195,55,89,,,72,23,,,93,89,139,39,23,25,154,28,82,112,230,49,69,69,119,151,184,113,145,43,97,179,49,,35,,,94,261,287,271,250,292,277,266,172,210,78,137,30,23,221,26,4,253,225,230,188,235,9,91,7,191,129,99,134,134,92,217,42,207,256,244,109,88,175,133,,,91,95,,,93,232,19,231,82,237,283,276,289,278,144,179,16,13,15,244,180,156,48,74,180,235,90,161,,109,,,b'\x11\xe8\xe1I\xd7f\xd6X\x98|\x12\xdf\x17\xaeN\x1e'
11E8E149-D766-D658-987C-12DF17AE4E1E,2025-ncaa-d2-conf-GLVC,genius_ncaa,6,5,9,6,11,6,6,11,3,3,4,3,14,14,10,14,3,4,3,5,5,10,9,5,4,5,13,14,4,8,6,12,12,11,5,6,5,11,12,7,4,4,11,10,,,8,10,,15,6,10,6,11,4,3,7,3,3,14,13,3,4,4,6,5,6,12,10,4,13,4,10,,11,,15,6,4,9,9,12,9,3,14,9,8,6,12,1,2,1,2,5,4,6,12,10,8,4,12,1,10,12,1,6,3,5,14,13,4,4,11,12,12,11,11,,,5,3,,5,6,4,4,10,6,9,12,10,11,5,10,11,1,3,2,4,10,13,2,4,14,4,13,12,,3,,4,b'\x11\xe8\xe1I\xd7f\xd6X\x98|\x12\xdf\x17\xaeN\x1e'
11E8E149-D766-D658-987C-12DF17AE4E1E,2025-ncaa-d2-natl,genius_ncaa,144,95,260,127,266,168,171,261,35,116,176,38,253,275,172,261,84,120,25,122,88,246,261,67,40,45,238,269,40,201,100,247,171,247,120,148,129,42,110,76,192,138,232,197,,,73,179,,259,116,263,109,207,37,45,133,28,65,236,254,14,37,36,98,115,136,158,156,71,124,131,200,,186,,289,110,67,107,49,242,93,33,274,178,183,166,260,17,23,34,24,95,34,37,259,226,219,127,239,22,85,171,18,100,21,120,175,231,232,166,237,58,119,147,185,,,133,20,,63,116,38,41,218,114,216,250,219,211,102,251,269,50,67,69,184,181,174,72,100,252,156,131,238,,23,,33,b'\x11\xe8\xe1I\xd7f\xd6X\x98|\x12\xdf\x17\xaeN\x1e'
11E8E149-D766-D658-987C-12DF17AE4E1E,2026-ncaa-d2-conf-GLVC,genius_ncaa,5,4,6,5,6,9,9,6,8,9,10,8,7,6,9,5,5,4,6,6,7,6,7,8,8,7,6,7,5,3,2,10,7,7,3,7,5,7,6,5,2,1,15,15,,,7,9,,14,5,8,4,1,4,5,1,6,7,6,3,3,3,4,1,3,1,6,2,4,8,1,15,,11,,14,4,2,2,2,8,2,4,8,10,7,8,10,1,3,2,3,9,2,8,11,8,2,10,11,1,5,7,4,2,3,3,5,8,5,2,3,5,2,11,10,,,6,9,,7,5,8,6,3,4,4,4,4,5,5,10,8,1,6,6,4,11,6,5,3,7,2,5,11,,4,,5,b'\x11\xe8\xe1I\xd7f\xd6X\x98|\x12\xdf\x17\xaeN\x1e'
11E8E149-D766-D658-987C-12DF17AE4E1E,2026-ncaa-d2-natl,genius_ncaa,157,53,268,110,271,256,262,275,125,249,274,78,245,238,219,143,159,211,20,213,64,270,272,141,90,86,146,211,32,210,36,279,104,270,48,241,139,26,117,132,155,35,288,269,,,36,215,,183,116,276,116,88,68,114,111,89,139,177,120,22,51,57,78,89,59,162,91,115,142,35,276,,206,,271,110,27,36,16,246,28,16,260,103,63,230,251,26,22,118,22,149,16,20,264,251,196,196,245,56,20,104,10,36,11,48,50,162,231,63,125,19,66,62,157,,,242,49,,84,116,22,63,164,104,180,196,111,141,52,246,225,72,79,91,93,143,98,57,60,197,63,91,166,,37,,14,b'\x11\xe8\xe1I\xd7f\xd6X\x98|\x12\xdf\x17\xaeN\x1e'
11E8E149-D76B-249C-987C-12DF17AE4E1E,2018-ncaa-d2-conf-ECC,ncaa,8,8,4,8,4,8,9,8,9,9,9,9,5,3,9,1,4,4,5,4,2,8,8,9,9,9,1,1,1,9,9,6,9,9,9,9,7,7,7,9,5,6,7,8,,,2,1,,,9,3,2,3,8,9,8,9,9,5,2,4,4,4,8,7,9,6,9,9,7,5,7,,3,,,9,7,8,8,7,8,6,8,6,9,1,8,4,3,2,3,3,8,8,7,5,7,4,7,2,9,9,9,9,9,9,9,8,4,7,8,9,8,5,9,,,7,5,,,9,6,9,8,9,8,9,9,9,8,7,9,4,4,4,9,9,9,9,9,9,3,9,6,,6,,,b'\x11\xe8\xe1I\xd7k$\x9c\x98|\x12\xdf\x17\xaeN\x1e'
11E8E149-D76B-249C-987C-12DF17AE4E1E,2018-ncaa-d2-natl,ncaa,243,229,250,244,260,274,296,241,301,302,289,303,126,85,216,30,163,145,211,155,16,232,225,284,274,274,7,26,29,284,302,231,288,265,304,277,170,180,248,277,199,195,198,204,,,51,40,,,276,193,53,134,262,296,186,303,275,91,32,99,72,80,151,110,274,155,238,269,257,156,180,,109,,,274,130,180,163,173,181,145,195,162,181,104,199,46,57,67,56,66,139,145,171,129,129,86,170,43,268,288,268,302,278,304,227,236,138,129,195,223,263,131,247,,,185,108,,,276,111,290,185,276,236,267,283,263,256,217,259,89,101,100,274,282,297,305,303,270,81,272,171,,83,,,b'\x11\xe8\xe1I\xd7k$\x9c\x98|\x12\xdf\x17\xaeN\x1e'
11E8E149-D76B-249C-987C-12DF17AE4E1E,2019-ncaa-d2-conf-ECC,ncaa,10,10,7,10,10,8,10,8,9,9,7,9,9,7,10,6,3,3,5,4,3,8,8,10,10,10,5,8,1,10,10,10,10,10,10,10,10,4,4,10,7,8,10,10,,,6,3,,,10,6,2,8,8,10,7,9,5,8,6,2,2,3,5,5,9,9,10,10,7,6,10,,7,,,10,9,10,7,10,10,8,10,9,8,9,6,8,7,8,7,4,8,7,10,10,10,4,7,3,9,10,9,10,10,10,10,8,5,8,9,8,9,10,10,,,3,2,,,10,6,10,10,10,10,10,10,10,10,9,8,8,8,8,10,10,10,10,10,10,4,9,10,,2,,,b'\x11\xe8\xe1I\xd7k$\x9c\x98|\x12\xdf\x17\xaeN\x1e'
11E8E149-D76B-249C-987C-12DF17AE4E1E,2019-ncaa-d2-natl,ncaa,278,298,118,287,176,196,221,154,273,188,120,263,246,196,278,218,61,54,183,59,67,137,121,282,263,254,161,253,10,162,235,197,305,187,296,275,290,225,200,284,208,265,252,286,,,188,102,,,296,112,63,279,225,258,167,199,117,266,216,45,41,50,119,99,160,229,216,291,217,223,266,,195,,,286,297,300,270,265,299,274,256,220,184,208,91,200,201,139,196,92,270,260,256,239,239,56,91,77,304,305,276,235,296,296,302,258,120,197,266,264,245,309,307,,,57,40,,,296,222,257,281,281,292,296,291,300,289,216,186,185,192,183,291,285,301,276,295,300,117,252,309,,28,,,b'\x11\xe8\xe1I\xd7k$\x9c\x98|\x12\xdf\x17\xaeN\x1e'
11E8E149-D76B-249C-987C-12DF17AE4E1E,2020-ncaa-d2-conf-ECC,ncaa,8,9,5,8,5,8,8,8,8,8,7,8,7,7,9,5,2,2,6,2,1,7,6,8,7,9,2,8,1,5,7,4,5,5,5,8,9,7,8,9,8,9,6,9,,,4,4,,,9,5,2,1,9,9,9,9,7,8,7,1,1,1,7,4,6,3,5,9,8,9,7,,7,,,9,9,9,6,9,9,7,7,5,5,8,3,5,5,4,5,3,6,6,9,9,9,1,3,3,6,5,6,7,5,5,7,3,7,6,8,8,8,8,8,,,2,1,,,9,5,9,8,9,9,9,7,9,9,6,4,6,6,6,6,7,6,6,6,8,7,8,7,,1,,,b'\x11\xe8\xe1I\xd7k$\x9c\x98|\x12\xdf\x17\xaeN\x1e'
11E8E149-D76B-249C-987C-12DF17AE4E1E,2020-ncaa-d2-natl,ncaa,223,203,257,225,264,265,288,264,283,289,249,291,229,217,233,180,82,68,192,78,19,250,221,282,259,268,56,183,8,139,132,172,188,164,146,273,186,249,278,285,295,301,212,227,,,136,166,,,279,226,71,73,231,282,202,277,177,201,172,27,22,26,143,65,90,56,49,265,287,292,185,,221,,,276,171,193,165,203,204,180,182,156,113,222,108,89,130,42,131,116,149,104,196,160,214,88,145,85,184,188,122,132,146,146,179,151,245,246,243,259,268,268,295,,,42,6,,,279,93,264,231,267,265,272,286,275,283,216,189,155,187,189,281,261,251,228,243,241,194,287,292,,7,,,b'\x11\xe8\xe1I\xd7k$\x9c\x98|\x12\xdf\x17\xaeN\x1e'
11E8E149-D76B-249C-987C-12DF17AE4E1E,2021-ncaa-d2-conf-ECC,ncaa,5,6,4,6,5,4,5,4,5,5,5,5,5,5,5,4,5,3,6,2,1,4,4,6,6,6,4,5,2,5,5,5,5,5,5,5,5,2,5,6,5,5,4,4,,,3,6,,,6,4,4,3,5,6,5,6,6,5,5,2,1,1,5,4,6,6,6,6,5,5,4,,6,,,5,4,5,3,5,5,4,6,1,2,3,1,5,5,3,5,5,3,3,5,5,5,1,1,5,4,5,3,5,3,5,4,1,4,5,5,3,5,4,6,,,4,1,,,6,3,6,5,5,5,5,4,5,5,1,1,6,5,5,5,4,5,5,5,4,5,5,6,,1,,,b'\x11\xe8\xe1I\xd7k$\x9c\x98|\x12\xdf\x17\xaeN\x1e'
11E8E149-D76B-249C-987C-12DF17AE4E1E,2021-ncaa-d2-natl,ncaa,201,112,195,200,198,206,210,202,211,212,204,214,195,198,162,109,198,195,217,194,22,202,200,209,208,213,50,80,41,204,164,203,209,201,210,204,76,29,194,200,204,139,136,48,,,29,147,,,185,200,173,121,212,218,205,219,190,164,132,155,82,67,196,172,138,196,194,194,173,136,43,,124,,,204,29,30,28,162,36,30,160,25,22,83,51,30,31,44,29,111,30,29,139,130,137,41,47,110,38,209,32,164,32,210,33,125,202,129,147,32,181,113,225,,,194,8,,,185,27,213,175,207,125,145,113,172,152,51,51,109,130,127,114,98,192,173,191,137,136,158,223,,27,,,b'\x11\xe8\xe1I\xd7k$\x9c\x98|\x12\xdf\x17\xaeN\x1e'
11E8E149-D76B-249C-987C-12DF17AE4E1E,2022-ncaa-d2-conf-ECC,ncaa,5,5,4,5,6,5,5,7,6,6,5,5,8,6,10,7,1,1,5,1,1,5,5,6,6,5,5,8,1,6,7,8,7,8,8,6,9,2,3,5,5,5,10,10,,,9,10,,,4,5,5,10,6,7,8,7,6,8,7,1,1,1,3,6,7,9,9,9,4,5,10,,9,,,4,5,6,4,7,7,6,7,3,1,8,2,7,8,3,8,8,4,5,6,6,4,5,4,7,3,7,8,7,6,8,3,3,2,1,2,3,4,4,4,,,1,1,,,4,6,5,5,4,5,5,2,5,6,3,1,5,7,7,2,5,5,7,5,3,2,3,4,,1,,,b'\x11\xe8\xe1I\xd7k$\x9c\x98|\x12\xdf\x17\xaeN\x1e'
11E8E149-D76B-249C-987C-12DF17AE4E1E,2022-ncaa-d2-natl,ncaa,174,179,146,183,193,177,183,141,235,188,146,231,155,127,205,126,131,124,214,127,122,137,140,231,221,198,105,135,108,146,206,135,167,141,222,143,92,138,129,145,137,154,252,265,,,144,141,,,151,141,93,288,191,205,115,207,143,140,114,133,111,115,105,118,144,114,125,146,133,143,262,,158,,,151,108,132,145,105,111,147,87,161,131,216,150,77,89,94,86,78,132,160,120,103,66,165,205,80,189,167,239,206,229,222,184,220,79,67,115,100,91,182,192,,,62,21,,,151,158,209,84,154,107,130,161,104,168,169,143,76,84,83,135,196,186,275,248,180,63,99,204,,25,,,b'\x11\xe8\xe1I\xd7k$\x9c\x98|\x12\xdf\x17\xaeN\x1e'
11E8E149-D76B-249C-987C-12DF17AE4E1E,2023-ncaa-d2-conf-ECC,ncaa,3,3,5,3,5,4,6,6,5,5,6,4,7,8,8,7,1,2,1,2,1,6,6,6,4,4,5,8,1,2,1,7,3,7,2,8,7,6,6,7,4,4,8,8,,,3,5,,,4,6,8,5,4,6,7,5,4,7,8,1,2,2,5,5,3,8,5,7,6,6,8,,4,,,4,4,7,3,9,7,8,6,2,1,9,1,2,2,8,2,1,2,3,9,9,6,1,2,2,1,3,1,1,1,2,4,3,4,1,3,9,9,2,2,,,1,1,,,4,4,4,6,4,5,7,2,8,9,2,1,3,1,1,2,2,2,2,2,4,2,8,2,,1,,,b'\x11\xe8\xe1I\xd7k$\x9c\x98|\x12\xdf\x17\xaeN\x1e'
11E8E149-D76B-249C-987C-12DF17AE4E1E,2023-ncaa-d2-natl,ncaa,84,67,148,77,177,203,225,182,262,204,134,257,226,197,253,202,84,119,33,119,120,171,152,265,229,241,136,223,18,62,57,148,114,106,79,210,143,220,225,232,113,88,141,177,,,76,78,,,111,175,155,208,225,252,185,209,118,241,203,49,94,95,162,104,51,127,64,219,232,103,133,,76,,,110,43,76,104,100,140,218,45,32,15,236,12,26,26,109,30,17,76,117,71,54,34,19,54,69,97,114,111,57,109,79,109,186,79,53,76,254,256,125,117,,,76,43,,,111,125,219,27,109,33,89,104,166,253,31,9,36,41,43,58,126,114,127,113,123,66,264,135,,41,,,b'\x11\xe8\xe1I\xd7k$\x9c\x98|\x12\xdf\x17\xaeN\x1e'
11E8E149-D76B-249C-987C-12DF17AE4E1E,2024-ncaa-d2-conf-ECC,ncaa,2,2,1,2,1,3,4,4,2,1,1,5,7,8,5,8,1,1,5,1,2,3,2,5,3,4,6,7,1,4,4,3,4,3,4,8,9,9,8,9,2,2,5,5,,,7,6,,,3,2,5,5,4,6,8,4,4,7,8,1,1,1,7,3,6,6,4,9,7,3,5,,5,,,3,3,4,8,3,7,9,4,1,4,2,3,6,6,5,6,5,6,8,2,3,1,1,3,6,8,4,5,4,5,4,3,2,1,1,1,9,9,7,7,,,1,1,,,3,8,5,1,4,3,2,2,4,6,1,1,5,5,5,3,5,5,2,4,2,2,8,7,,1,,,b'\x11\xe8\xe1I\xd7k$\x9c\x98|\x12\xdf\x17\xaeN\x1e'
11E8E149-D76B-249C-987C-12DF17AE4E1E,2024-ncaa-d2-natl,ncaa,55,74,50,72,59,131,155,128,192,102,52,227,233,249,166,273,32,33,102,32,86,106,63,220,168,216,203,268,16,98,106,60,98,66,79,177,194,285,257,254,80,99,100,136,,,190,120,,,91,58,150,178,202,234,245,161,94,269,283,46,58,63,212,126,130,106,119,227,250,112,123,,112,,,92,82,103,191,40,161,226,43,51,103,24,78,129,144,110,144,75,187,230,34,29,17,60,56,161,179,98,166,106,177,79,148,195,42,52,55,290,261,273,256,,,12,12,,,91,234,212,15,102,20,27,76,69,164,24,50,80,86,88,63,124,114,68,77,87,69,250,264,,17,,,b'\x11\xe8\xe1I\xd7k$\x9c\x98|\x12\xdf\x17\xaeN\x1e'
11E8E149-D76B-249C-987C-12DF17AE4E1E,2025-ncaa-d2-conf-ECC,genius_ncaa,3,3,1,3,1,4,4,5,1,2,4,2,6,8,4,8,1,1,3,1,2,5,5,4,1,2,6,8,2,7,6,2,2,3,2,4,4,5,6,5,6,7,7,8,,,2,3,,9,2,3,8,3,5,6,9,4,5,7,8,1,1,1,8,8,7,2,5,5,4,7,8,,2,,8,2,3,5,8,3,8,8,5,2,4,2,3,1,1,2,1,1,6,6,2,2,2,2,2,1,3,2,2,6,3,2,3,3,6,7,6,7,7,7,7,,,1,1,,2,2,6,2,3,2,2,3,4,6,6,2,3,1,1,1,2,2,1,1,1,3,7,6,6,,1,,2,b'\x11\xe8\xe1I\xd7k$\x9c\x98|\x12\xdf\x17\xaeN\x1e'
11E8E149-D76B-249C-987C-12DF17AE4E1E,2025-ncaa-d2-natl,genius_ncaa,79,79,109,80,134,142,150,224,50,108,145,70,235,265,133,262,68,76,94,71,58,191,194,81,57,100,224,259,43,212,181,95,112,143,88,96,67,163,201,116,228,233,155,194,,,56,57,,178,73,179,247,139,170,183,290,92,161,257,281,52,74,69,269,260,234,79,170,99,158,242,168,,43,,168,72,48,99,178,49,160,235,56,36,68,19,59,24,26,106,25,5,136,122,29,16,45,12,53,46,150,112,56,181,81,88,111,152,204,199,172,192,227,184,198,,,60,7,,165,73,122,116,47,70,31,76,153,156,244,27,47,16,20,20,90,59,146,40,67,105,222,190,183,,46,,178,b'\x11\xe8\xe1I\xd7k$\x9c\x98|\x12\xdf\x17\xaeN\x1e'
11E8E149-D76B-249C-987C-12DF17AE4E1E,2026-ncaa-d2-conf-ECC,genius_ncaa,1,1,1,1,3,4,2,4,2,2,6,1,3,4,5,4,8,8,3,8,8,4,6,2,2,2,5,3,7,3,1,2,3,2,1,4,7,1,1,2,5,5,4,4,,,1,2,,8,1,8,7,3,4,2,4,2,6,3,4,8,8,8,4,6,3,2,2,4,1,5,4,,1,,8,1,1,3,3,2,8,8,1,1,1,2,1,1,1,1,1,1,1,1,2,1,2,1,2,1,3,3,1,1,1,1,1,1,7,7,3,4,7,4,5,,,6,4,,2,1,1,2,2,1,1,3,3,8,8,1,1,1,1,1,1,1,3,1,1,1,7,4,4,,6,,2,b'\x11\xe8\xe1I\xd7k$\x9c\x98|\x12\xdf\x17\xaeN\x1e'
11E8E149-D76B-249C-987C-12DF17AE4E1E,2026-ncaa-d2-natl,genius_ncaa,107,98,141,113,170,213,215,217,164,183,199,115,220,194,227,160,121,186,7,194,156,222,224,182,127,142,177,212,51,199,186,140,154,165,143,141,47,100,172,111,241,242,51,52,,,67,77,,204,118,218,270,88,209,224,258,176,213,225,196,92,177,192,269,273,203,80,146,120,113,248,44,,52,,224,118,79,107,115,93,131,159,82,75,85,122,86,42,56,25,53,27,101,89,76,43,86,47,116,44,151,154,114,186,128,143,177,273,215,198,245,177,238,167,219,,,218,180,,111,118,79,142,105,117,53,102,142,142,213,76,70,26,42,39,102,61,184,111,145,219,224,200,187,,240,,115,b'\x11\xe8\xe1I\xd7k$\x9c\x98|\x12\xdf\x17\xaeN\x1e'
11E8E149-D76F-7E16-987C-12DF17AE4E1E,2018-ncaa-d2-conf-PSAC,ncaa,12,12,10,12,12,12,11,13,6,12,15,9,9,11,3,8,16,17,9,17,13,16,15,5,5,9,6,5,13,12,2,13,10,13,4,6,2,15,15,8,14,14,10,9,,,2,4,,,14,17,16,6,12,11,14,11,15,9,10,15,17,17,16,15,10,14,11,5,14,15,9,,3,,,14,8,11,7,11,12,7,13,12,12,8,14,2,2,9,2,5,6,1,12,12,15,6,12,2,9,10,1,2,1,4,9,10,17,17,16,12,14,6,10,,,17,16,,,14,1,9,15,14,11,12,10,11,10,12,13,3,3,3,9,2,12,1,3,14,17,13,7,,16,,,b'\x11\xe8\xe1I\xd7o~\x16\x98|\x12\xdf\x17\xaeN\x1e'
11E8E149-D76F-7E16-987C-12DF17AE4E1E,2018-ncaa-d2-natl,ncaa,213,229,148,221,176,209,197,258,83,197,242,113,155,212,55,151,231,251,110,251,198,260,236,79,87,165,141,128,191,195,83,181,206,191,90,127,43,258,298,198,283,293,142,142,,,67,88,,,241,240,271,153,233,217,297,223,258,157,223,237,255,256,297,264,202,188,202,110,265,291,140,,65,,,239,180,220,175,209,205,131,237,200,215,140,239,64,60,172,64,79,149,83,211,191,263,117,192,49,182,206,13,83,42,90,209,163,292,299,296,255,283,96,174,,,257,248,,,241,70,170,273,241,193,225,211,214,154,204,235,68,68,72,178,80,201,11,48,217,299,268,105,,277,,,b'\x11\xe8\xe1I\xd7o~\x16\x98|\x12\xdf\x17\xaeN\x1e'
11E8E149-D76F-7E16-987C-12DF17AE4E1E,2019-ncaa-d2-conf-PSAC,ncaa,14,14,10,15,12,12,12,11,11,15,13,12,5,6,5,5,13,15,7,15,11,12,14,10,8,10,4,4,13,9,8,15,12,14,13,11,8,4,8,7,10,7,13,11,,,4,10,,,14,15,16,18,12,11,9,14,12,4,4,12,15,15,11,15,8,16,14,9,7,11,12,,5,,,14,12,7,5,15,7,5,16,11,7,16,9,11,10,17,10,15,4,4,16,16,17,12,11,11,7,12,8,8,7,13,7,6,11,10,8,7,8,13,12,,,13,11,,,14,4,9,16,14,12,9,5,9,3,13,7,13,13,13,4,1,6,9,6,7,11,7,13,,12,,,b'\x11\xe8\xe1I\xd7o~\x16\x98|\x12\xdf\x17\xaeN\x1e'
11E8E149-D76F-7E16-987C-12DF17AE4E1E,2019-ncaa-d2-natl,ncaa,194,222,118,212,155,145,141,144,147,165,166,166,93,118,65,115,180,199,108,201,209,155,176,126,127,112,110,87,204,139,138,254,193,222,200,133,146,96,111,120,157,160,198,205,,,75,85,,,213,180,221,157,139,140,139,171,174,93,116,194,210,214,164,203,141,282,255,145,99,173,213,,53,,,207,236,239,130,286,243,151,288,174,123,252,137,221,164,304,170,172,126,121,281,290,287,109,109,161,107,193,158,138,132,200,199,122,188,191,215,141,156,272,284,,,178,183,,,213,127,98,274,210,239,236,108,244,126,181,115,215,151,161,110,84,111,144,121,197,207,140,273,,196,,,b'\x11\xe8\xe1I\xd7o~\x16\x98|\x12\xdf\x17\xaeN\x1e'
11E8E149-D76F-7E16-987C-12DF17AE4E1E,2020-ncaa-d2-conf-PSAC,ncaa,12,12,13,12,13,16,14,18,4,14,16,5,11,15,4,11,16,17,15,16,11,18,18,4,6,9,13,10,14,17,11,13,8,15,7,2,3,8,17,4,17,15,7,6,,,12,18,,,15,18,15,4,14,12,16,13,13,11,12,16,15,13,17,16,17,11,13,2,14,16,6,,14,,,15,9,7,1,15,11,10,13,2,1,17,1,16,17,11,16,16,3,1,13,16,18,5,2,17,1,8,3,11,2,7,3,1,17,15,8,9,16,6,9,,,17,13,,,15,1,12,14,15,12,10,5,15,14,3,2,17,17,16,9,6,5,4,4,3,15,11,6,,15,,,b'\x11\xe8\xe1I\xd7o~\x16\x98|\x12\xdf\x17\xaeN\x1e'
11E8E149-D76F-7E16-987C-12DF17AE4E1E,2020-ncaa-d2-natl,ncaa,223,254,102,239,119,178,157,212,82,119,151,80,210,228,160,219,198,196,184,204,208,218,210,108,123,146,252,225,192,236,229,165,78,213,138,93,41,174,200,113,231,231,59,88,,,233,269,,,242,190,246,88,204,176,261,126,174,225,250,222,217,224,265,266,253,194,252,87,156,253,62,,229,,,232,238,213,123,269,273,244,235,28,16,183,8,295,283,272,282,238,164,116,223,272,287,48,8,287,62,78,117,229,89,138,45,5,247,257,135,176,203,173,176,,,215,184,,,242,139,170,266,228,223,191,80,265,235,18,7,295,276,275,134,61,49,90,64,34,277,159,160,,251,,,b'\x11\xe8\xe1I\xd7o~\x16\x98|\x12\xdf\x17\xaeN\x1e'
11E8E149-D76F-7E16-987C-12DF17AE4E1E,2021-ncaa-d2-conf-PSAC,ncaa,2,2,1,2,1,2,2,1,3,2,2,3,1,1,2,1,2,2,2,2,1,2,2,3,3,2,1,1,2,2,3,2,2,2,2,2,1,1,1,2,3,3,2,2,,,3,3,,,3,1,2,1,3,3,1,3,3,1,1,2,3,2,2,3,3,2,2,2,1,3,2,,3,,,2,3,3,3,2,3,3,2,2,2,2,1,3,3,3,3,3,3,3,2,2,3,2,2,3,3,2,3,3,3,2,2,1,2,3,2,3,3,3,3,,,2,3,,,3,3,2,2,2,2,2,2,2,2,2,1,3,3,3,2,2,2,3,3,2,3,3,3,,3,,,b'\x11\xe8\xe1I\xd7o~\x16\x98|\x12\xdf\x17\xaeN\x1e'
11E8E149-D76F-7E16-987C-12DF17AE4E1E,2021-ncaa-d2-natl,ncaa,59,49,114,46,116,128,139,138,127,151,154,122,86,97,81,59,91,99,88,99,14,134,135,100,86,97,22,53,40,148,173,79,100,110,101,84,5,95,120,60,174,207,27,22,,,129,185,,,61,134,166,70,132,175,186,183,200,69,77,57,67,64,168,177,175,14,66,57,85,209,13,,177,,,60,72,71,110,6,85,135,8,51,78,13,37,126,123,131,120,101,109,96,3,8,22,79,37,202,139,100,113,173,114,101,49,11,154,195,51,85,92,103,141,,,114,43,,,61,93,119,33,61,26,22,137,63,180,15,45,153,142,140,146,96,165,110,138,4,195,69,93,,100,,,b'\x11\xe8\xe1I\xd7o~\x16\x98|\x12\xdf\x17\xaeN\x1e'
11E8E149-D76F-7E16-987C-12DF17AE4E1E,2022-ncaa-d2-conf-PSAC,ncaa,12,12,12,12,12,10,9,13,5,8,13,6,10,13,6,11,12,14,4,12,12,14,15,5,5,6,8,9,12,18,18,5,2,13,13,7,7,4,5,3,18,18,5,7,,,17,18,,,10,9,4,1,7,5,8,5,8,7,11,12,13,12,9,12,18,2,8,2,5,18,2,,18,,,10,12,7,10,6,12,16,3,2,2,9,2,17,18,7,18,17,15,9,4,6,13,7,2,18,2,2,11,18,8,13,1,1,18,18,5,3,6,3,7,,,13,7,,,10,9,8,13,10,15,12,15,16,18,3,4,18,18,18,18,18,5,15,14,1,18,5,5,,7,,,b'\x11\xe8\xe1I\xd7o~\x16\x98|\x12\xdf\x17\xaeN\x1e'
11E8E149-D76F-7E16-987C-12DF17AE4E1E,2022-ncaa-d2-natl,ncaa,200,254,64,226,65,113,107,103,130,97,104,114,138,116,189,137,152,164,133,161,211,105,112,139,149,144,198,164,204,262,295,24,35,81,182,108,141,157,127,121,268,293,51,95,,,294,297,,,181,77,150,7,170,145,156,126,153,170,152,202,211,209,179,208,285,4,115,142,106,288,50,,288,,,178,218,156,226,43,196,275,12,53,43,199,10,299,301,135,301,262,259,221,31,59,155,168,24,300,136,35,281,295,245,182,9,2,222,276,38,185,162,85,68,,,113,140,,,181,227,184,130,169,154,85,179,148,278,33,17,297,293,293,243,175,92,272,210,1,265,132,60,,177,,,b'\x11\xe8\xe1I\xd7o~\x16\x98|\x12\xdf\x17\xaeN\x1e'
11E8E149-D76F-7E16-987C-12DF17AE4E1E,2023-ncaa-d2-conf-PSAC,ncaa,12,10,14,12,14,11,10,12,6,12,12,8,4,6,2,5,16,18,6,18,17,15,16,4,6,6,6,2,18,18,18,9,4,17,16,10,8,1,6,5,14,14,5,6,,,7,11,,,9,13,6,8,9,8,6,11,12,2,4,16,18,18,11,13,18,5,16,6,5,14,4,,14,,,9,5,5,4,8,12,14,8,3,2,5,2,12,11,12,11,9,5,5,6,8,11,2,2,14,3,4,11,18,9,16,1,1,15,11,2,3,6,8,9,,,16,12,,,9,6,9,9,8,11,10,10,17,17,3,3,16,15,15,13,11,7,14,13,1,11,5,10,,15,,,b'\x11\xe8\xe1I\xd7o~\x16\x98|\x12\xdf\x17\xaeN\x1e'
11E8E149-D76F-7E16-987C-12DF17AE4E1E,2023-ncaa-d2-natl,ncaa,120,139,110,133,120,81,76,102,60,117,129,103,33,75,10,69,211,251,35,251,270,123,138,35,41,44,77,36,276,270,285,103,72,177,228,94,164,92,90,72,175,208,52,70,,,211,198,,,88,99,86,80,54,49,76,134,157,24,69,226,268,272,121,167,280,98,224,86,93,191,57,,202,,,86,177,174,156,182,235,242,130,65,39,210,23,230,219,217,217,144,171,176,148,168,160,52,32,216,89,72,245,285,201,228,19,2,112,124,28,76,72,213,216,,,173,190,,,88,198,87,131,90,170,174,139,236,251,54,23,220,205,204,163,175,77,260,189,4,113,71,202,,200,,,b'\x11\xe8\xe1I\xd7o~\x16\x98|\x12\xdf\x17\xaeN\x1e'
11E8E149-D76F-7E16-987C-12DF17AE4E1E,2024-ncaa-d1-natl,ncaa,137,72,320,108,327,270,280,347,125,296,337,106,187,215,139,107,251,277,80,271,112,341,350,116,108,127,112,120,167,361,360,247,9,348,262,304,302,60,196,242,297,242,252,217,,,159,312,,,123,307,165,83,209,216,304,245,299,144,155,188,232,223,290,316,361,127,337,284,147,259,230,,261,,,120,12,5,12,84,35,43,168,3,24,3,69,249,268,114,267,326,18,19,46,83,59,116,11,352,1,9,115,360,21,262,2,6,209,107,6,30,96,2,6,,,201,21,,,123,55,224,30,121,59,29,37,104,108,7,51,313,321,322,74,96,11,254,99,5,137,69,2,,87,,,b'\x11\xe8\xe1I\xd7o~\x16\x98|\x12\xdf\x17\xaeN\x1e'
11E8E149-D76F-7E16-987C-12DF17AE4E1E,2024-ncaa-d2-conf-PSAC,ncaa,7,6,8,7,8,8,10,13,5,12,15,6,4,6,2,3,8,12,5,12,2,13,14,2,2,5,3,3,12,18,18,12,2,16,15,12,11,5,11,8,12,12,14,14,,,15,17,,,8,9,7,6,9,10,15,13,17,3,6,9,13,13,14,17,18,12,17,11,5,12,14,,16,,,8,7,5,2,9,9,4,14,2,4,3,7,14,16,4,16,17,5,6,9,9,9,7,2,17,1,2,9,18,4,15,2,2,9,5,3,1,7,1,2,,,5,2,,,8,10,9,7,8,8,6,3,8,4,2,4,15,15,15,6,7,1,11,3,3,6,2,1,,4,,,b'\x11\xe8\xe1I\xd7o~\x16\x98|\x12\xdf\x17\xaeN\x1e'
11E8E149-D76F-7E16-987C-12DF17AE4E1E,2024-ncaa-d2-natl,ncaa,86,93,78,90,86,120,122,169,71,149,204,57,91,96,91,74,160,195,59,184,124,171,183,62,57,80,99,83,195,288,296,114,13,218,207,173,223,114,134,147,198,217,141,149,,,232,248,,,84,111,189,79,160,160,258,177,263,97,114,195,234,221,264,276,297,140,275,206,96,231,163,,184,,,83,82,73,90,95,143,134,149,26,72,6,72,248,256,103,257,257,126,142,62,89,82,90,15,281,19,13,211,296,122,207,15,8,111,94,18,37,49,11,11,,,79,23,,,84,189,140,39,84,36,24,14,87,72,7,39,217,226,226,37,57,12,176,61,6,131,29,3,,90,,,b'\x11\xe8\xe1I\xd7o~\x16\x98|\x12\xdf\x17\xaeN\x1e'
11E8E149-D76F-7E16-987C-12DF17AE4E1E,2025-ncaa-d0-natl,genius_ncaa,325,227,362,316,362,347,355,362,169,356,362,144,252,279,147,80,253,262,167,261,10,362,361,140,117,177,42,97,48,361,356,356,112,362,320,356,306,75,329,324,358,343,362,362,,,52,307,,130,265,356,86,23,211,274,338,311,338,126,119,67,72,72,306,240,359,238,355,312,318,334,361,,314,,291,290,16,31,1,349,126,36,346,3,3,91,20,79,84,133,79,206,2,3,308,309,302,10,8,224,3,112,4,356,1,320,11,20,335,190,142,79,303,5,128,,,252,6,,14,265,7,273,257,281,296,317,203,353,325,33,36,278,291,289,238,239,67,209,146,125,166,293,39,,19,,1,b'\x11\xe8\xe1I\xd7o~\x16\x98|\x12\xdf\x17\xaeN\x1e'
11E8E149-D76F-7E16-987C-12DF17AE4E1E,2025-ncaa-d1-conf-NEC,genius_ncaa,7,5,9,7,9,6,9,9,5,8,9,2,4,4,6,3,2,1,5,1,1,9,9,4,3,4,2,4,1,9,9,8,2,9,8,8,8,8,9,8,9,8,9,9,,,6,8,,5,6,6,1,7,5,6,8,8,9,3,3,1,1,1,6,4,9,7,9,7,9,7,9,,9,,6,6,3,5,1,9,8,6,9,2,1,5,2,6,6,4,6,6,1,1,7,8,8,2,1,8,1,2,2,9,1,8,2,2,5,4,2,8,8,1,1,,,1,1,,1,6,4,7,5,6,9,9,4,9,9,2,2,8,9,9,8,8,1,5,4,3,3,9,1,,1,,1,b'\x11\xe8\xe1I\xd7o~\x16\x98|\x12\xdf\x17\xaeN\x1e'
11E8E149-D76F-7E16-987C-12DF17AE4E1E,2025-ncaa-d1-natl,genius_ncaa,312,226,361,306,361,327,343,360,158,345,360,117,225,247,152,83,219,227,134,221,10,357,357,126,101,162,50,110,45,360,355,349,107,362,306,342,302,101,323,318,348,317,362,362,,,104,317,,157,238,348,70,26,183,254,325,295,331,123,113,59,72,70,290,231,355,233,352,301,313,304,361,,321,,290,247,31,50,7,331,167,61,321,3,4,65,18,125,126,123,125,220,8,11,274,282,251,13,7,249,5,107,9,355,3,306,8,13,294,157,94,107,285,5,94,,,192,7,,9,238,15,255,211,248,276,297,188,349,314,21,36,283,300,298,228,242,61,198,138,86,145,279,28,,17,,1,b'\x11\xe8\xe1I\xd7o~\x16\x98|\x12\xdf\x17\xaeN\x1e'
11E8E149-D76F-7E16-987C-12DF17AE4E1E,2026-ncaa-d0-natl,genius_ncaa,332,329,206,332,216,288,309,292,324,353,348,302,103,82,166,6,279,311,36,306,81,298,268,249,231,298,3,7,169,318,312,353,362,351,362,270,105,260,336,308,283,300,354,356,,,289,361,,281,357,256,270,97,313,337,336,363,361,51,27,274,317,312,347,319,328,363,363,278,314,298,358,,351,,318,354,313,316,105,363,325,114,363,242,118,348,146,297,265,319,265,309,124,118,363,363,363,115,107,203,233,362,128,312,157,362,343,323,234,198,343,211,299,245,358,,,295,280,,66,357,100,312,363,357,358,354,123,352,140,290,139,324,311,314,184,151,292,179,237,360,199,274,287,,309,,50,b'\x11\xe8\xe1I\xd7o~\x16\x98|\x12\xdf\x17\xaeN\x1e'
11E8E149-D76F-7E16-987C-12DF17AE4E1E,2026-ncaa-d1-natl,genius_ncaa,354,327,271,354,286,346,359,348,341,363,361,324,135,121,184,6,323,347,30,343,77,350,341,282,265,319,3,6,144,355,329,363,362,363,363,337,110,205,347,331,339,325,359,358,,,251,363,,265,359,331,280,100,342,358,351,363,362,57,32,283,329,326,354,330,344,363,363,319,321,320,358,,352,,325,361,293,299,43,363,310,61,363,210,56,356,144,274,228,330,227,317,58,41,363,363,363,107,106,193,190,362,67,329,105,363,334,327,309,240,351,169,317,227,361,,,345,268,,86,359,27,334,363,362,361,359,134,356,149,308,137,341,319,320,199,141,301,194,258,362,236,283,297,,313,,43,b'\x11\xe8\xe1I\xd7o~\x16\x98|\x12\xdf\x17\xaeN\x1e'
11E8E149-D773-D4DE-987C-12DF17AE4E1E,2018-ncaa-d2-conf-NE10,ncaa,7,7,3,7,5,9,6,7,8,10,12,4,6,6,12,2,12,12,7,12,13,9,5,6,6,10,9,4,13,15,15,4,13,7,15,3,2,12,12,4,1,1,2,3,,,10,5,,,7,3,5,7,11,10,11,12,14,7,5,15,14,14,12,13,15,5,10,3,12,1,3,,8,,,7,4,6,13,2,6,13,2,4,7,5,4,4,4,5,3,4,12,13,2,2,1,6,7,6,13,13,13,15,14,15,14,14,1,3,7,11,10,7,10,,,13,15,,,7,13,12,2,6,3,6,10,5,12,3,7,4,4,2,9,15,14,12,15,12,1,8,5,,15,,,b'\x11\xe8\xe1I\xd7s\xd4\xde\x98|\x12\xdf\x17\xaeN\x1e'
11E8E149-D773-D4DE-987C-12DF17AE4E1E,2018-ncaa-d2-natl,ncaa,125,112,148,123,174,218,190,221,152,191,230,117,161,143,202,91,275,271,193,273,254,232,241,155,174,186,187,124,268,286,292,141,227,223,271,76,3,116,201,65,75,57,56,56,,,84,84,,,106,211,208,132,245,210,251,213,243,160,137,282,284,287,267,273,293,115,252,54,130,57,48,,91,,,105,23,40,133,14,65,206,9,44,66,77,72,23,25,85,23,16,96,138,12,6,3,68,117,82,239,227,187,292,215,271,183,292,82,57,108,71,123,131,189,,,256,232,,,106,112,225,15,100,13,39,156,70,227,49,60,19,27,25,110,165,254,210,247,185,67,76,127,,274,,,b'\x11\xe8\xe1I\xd7s\xd4\xde\x98|\x12\xdf\x17\xaeN\x1e'
11E8E149-D773-D4DE-987C-12DF17AE4E1E,2019-ncaa-d2-conf-NE10,ncaa,5,6,4,6,4,3,2,4,2,3,7,1,1,1,2,2,14,13,10,13,15,5,4,2,2,2,5,2,15,12,14,3,12,6,11,3,5,10,9,2,1,4,4,6,,,1,1,,,5,3,1,3,1,1,2,6,10,1,2,15,15,15,5,4,15,3,7,2,10,3,4,,1,,,5,14,15,14,4,15,15,4,10,9,9,5,2,2,1,2,1,14,14,5,4,4,2,8,1,15,12,14,14,15,11,15,14,2,6,12,9,3,9,10,,,13,14,,,5,13,5,5,6,7,14,15,13,15,9,8,2,2,2,15,15,15,12,15,14,2,6,8,,14,,,b'\x11\xe8\xe1I\xd7s\xd4\xde\x98|\x12\xdf\x17\xaeN\x1e'
11E8E149-D773-D4DE-987C-12DF17AE4E1E,2019-ncaa-d2-natl,ncaa,65,74,46,72,52,40,33,40,48,63,103,63,18,35,26,52,248,247,168,247,282,56,54,37,60,68,113,40,306,187,258,27,224,67,227,15,13,234,147,37,30,66,19,64,,,43,8,,,48,33,54,73,44,26,42,106,161,20,37,283,287,286,81,91,242,27,95,8,171,41,20,,11,,,49,206,284,301,58,295,304,44,98,120,87,27,21,30,53,25,2,295,294,40,18,24,8,54,6,303,224,287,258,297,227,306,306,48,131,235,173,94,213,173,,,217,298,,,48,276,93,43,56,103,221,296,261,305,57,69,13,15,15,270,274,290,244,274,295,70,109,177,,286,,,b'\x11\xe8\xe1I\xd7s\xd4\xde\x98|\x12\xdf\x17\xaeN\x1e'
11E8E149-D773-D4DE-987C-12DF17AE4E1E,2020-ncaa-d0-natl,ncaa,104,55,312,70,319,243,271,304,191,339,338,215,40,60,46,25,277,290,150,290,101,308,327,98,101,113,10,10,257,326,314,106,278,222,273,165,48,59,159,107,258,246,14,31,,,1,2,,,82,312,151,176,160,200,202,324,323,15,24,231,246,245,220,250,304,16,101,94,137,216,7,,2,,,67,14,63,245,13,199,339,12,4,18,6,10,3,2,112,3,1,157,99,6,4,10,1,17,7,326,278,142,314,249,273,190,290,306,299,292,71,154,57,210,,,331,294,,,82,42,160,25,68,51,181,350,300,351,7,37,6,5,6,325,295,344,276,335,266,251,140,107,,304,,,b'\x11\xe8\xe1I\xd7s\xd4\xde\x98|\x12\xdf\x17\xaeN\x1e'
11E8E149-D773-D4DE-987C-12DF17AE4E1E,2020-ncaa-d1-conf-NEC,ncaa,3,3,9,3,9,3,4,7,4,10,11,4,2,2,2,1,6,5,10,5,1,8,8,3,3,2,2,2,6,11,10,2,11,5,7,5,5,2,3,2,7,8,1,2,,,1,1,,,3,8,3,5,3,3,4,10,10,2,1,5,4,4,4,7,9,1,4,4,3,7,1,,1,,,3,2,5,11,2,10,11,2,1,1,2,1,1,2,6,2,1,11,9,2,1,2,1,1,2,11,11,7,10,10,7,9,11,9,10,9,4,5,2,6,,,10,10,,,3,4,3,2,3,2,8,11,10,11,1,1,1,2,2,11,11,11,8,11,10,9,5,2,,10,,,b'\x11\xe8\xe1I\xd7s\xd4\xde\x98|\x12\xdf\x17\xaeN\x1e'
11E8E149-D773-D4DE-987C-12DF17AE4E1E,2020-ncaa-d1-natl,ncaa,76,55,257,67,283,198,219,232,197,323,326,222,23,34,50,26,262,282,137,282,139,252,283,101,107,115,12,10,271,307,310,41,259,157,263,120,54,87,143,93,187,196,8,27,,,1,2,,,57,249,130,183,142,187,157,317,312,14,20,241,263,265,195,216,279,16,79,86,132,168,6,,2,,,54,26,115,308,13,250,350,10,4,25,6,12,4,4,90,5,1,252,197,5,3,8,1,18,6,334,259,248,310,309,263,214,274,257,279,264,84,123,73,192,,,331,320,,,57,104,161,17,53,47,163,348,290,351,6,36,4,5,7,325,302,343,291,337,243,235,119,93,,314,,,b'\x11\xe8\xe1I\xd7s\xd4\xde\x98|\x12\xdf\x17\xaeN\x1e'
11E8E149-D773-D4DE-987C-12DF17AE4E1E,2021-ncaa-d0-natl,ncaa,265,143,304,243,304,294,294,307,185,310,315,229,194,246,49,60,309,312,138,312,233,306,308,127,146,181,55,31,280,303,204,302,188,306,195,295,181,46,250,224,236,68,326,308,,,46,239,,,187,305,172,28,162,168,170,267,251,48,70,262,278,277,207,161,194,167,185,181,252,61,315,,235,,,200,42,40,38,207,38,30,268,74,72,130,299,41,36,268,37,193,35,36,223,226,195,236,245,137,38,188,36,204,35,195,44,172,295,130,154,89,302,114,317,,,321,313,,,187,37,188,202,199,213,200,188,156,85,262,292,160,133,143,177,208,202,186,190,202,119,302,298,,306,,,b'\x11\xe8\xe1I\xd7s\xd4\xde\x98|\x12\xdf\x17\xaeN\x1e'
11E8E149-D773-D4DE-987C-12DF17AE4E1E,2021-ncaa-d1-conf-NEC,ncaa,7,6,9,7,9,9,9,9,5,10,10,7,4,5,2,1,8,10,5,10,7,9,9,4,4,4,1,1,8,10,7,9,8,9,7,8,6,3,7,7,4,4,9,9,,,5,9,,,6,9,3,4,2,3,6,8,8,2,3,7,8,8,6,7,6,6,6,6,8,4,9,,9,,,7,3,4,2,8,2,2,10,4,5,4,9,4,4,8,4,8,2,2,7,9,8,8,7,6,3,8,3,7,2,7,3,6,8,6,5,6,9,5,9,,,10,10,,,6,2,4,7,7,7,7,7,8,3,7,9,7,7,7,8,8,8,6,8,7,7,9,8,,10,,,b'\x11\xe8\xe1I\xd7s\xd4\xde\x98|\x12\xdf\x17\xaeN\x1e'
11E8E149-D773-D4DE-987C-12DF17AE4E1E,2021-ncaa-d1-natl,ncaa,277,143,307,251,307,300,298,310,194,314,316,236,198,256,48,60,311,314,137,314,234,309,310,127,149,187,51,31,274,305,206,304,195,310,199,299,186,42,254,231,244,70,326,309,,,39,240,,,204,308,176,26,169,172,175,275,252,49,70,265,280,280,211,166,199,172,190,189,255,63,316,,239,,,214,38,37,36,215,36,28,272,70,67,131,297,38,34,267,34,195,34,33,233,236,209,236,243,138,35,195,32,206,31,199,43,174,298,134,160,81,305,111,320,,,321,311,,,204,34,193,220,212,219,212,191,165,86,264,290,159,135,144,181,208,206,192,195,208,125,304,302,,307,,,b'\x11\xe8\xe1I\xd7s\xd4\xde\x98|\x12\xdf\x17\xaeN\x1e'
11E8E149-D773-D4DE-987C-12DF17AE4E1E,2022-ncaa-d0-natl,ncaa,268,233,295,264,298,258,219,269,125,239,257,163,169,220,66,145,323,300,344,302,270,275,276,120,175,191,184,108,331,243,200,289,261,283,243,208,157,160,245,189,299,281,326,331,,,47,95,,,270,279,107,40,165,121,126,161,153,101,142,314,255,256,169,109,166,214,203,134,268,259,318,,145,,,273,156,200,121,308,176,124,276,224,141,324,201,38,40,102,35,60,88,84,314,284,292,125,256,37,139,261,91,200,94,243,189,170,262,208,260,84,159,147,216,,,280,212,,,270,77,208,303,276,306,328,292,302,267,310,251,89,94,89,265,268,253,248,250,297,171,184,235,,177,,,b'\x11\xe8\xe1I\xd7s\xd4\xde\x98|\x12\xdf\x17\xaeN\x1e'
11E8E149-D773-D4DE-987C-12DF17AE4E1E,2022-ncaa-d1-conf-NEC,ncaa,8,6,10,8,10,7,7,10,3,5,6,3,7,6,5,6,8,8,9,8,6,10,10,3,4,4,8,6,10,9,6,8,8,9,9,6,5,2,4,3,8,7,9,9,,,2,5,,,5,9,1,2,2,1,1,2,2,5,4,8,7,7,1,1,5,2,4,3,6,6,9,,7,,,5,5,5,3,8,2,1,10,7,7,3,10,6,6,5,6,7,3,2,9,9,8,7,8,6,5,8,3,6,4,9,5,7,8,6,7,1,5,6,6,,,9,8,,,5,2,5,8,5,10,10,10,9,7,9,10,7,7,7,10,10,9,9,9,9,5,5,7,,6,,,b'\x11\xe8\xe1I\xd7s\xd4\xde\x98|\x12\xdf\x17\xaeN\x1e'
11E8E149-D773-D4DE-987C-12DF17AE4E1E,2022-ncaa-d1-natl,ncaa,283,233,326,272,328,291,264,314,140,272,288,178,190,242,64,147,333,312,344,313,268,316,319,129,182,209,182,107,329,271,214,318,274,320,260,244,161,129,253,200,322,295,337,335,,,32,96,,,283,317,114,38,181,134,143,171,162,106,145,314,259,258,181,116,178,224,222,146,271,276,327,,150,,,285,126,174,79,316,162,99,291,207,111,335,202,32,30,110,26,63,50,42,323,298,308,122,253,37,116,274,53,214,61,260,176,173,296,220,275,67,165,138,223,,,302,211,,,283,44,227,315,289,313,335,294,312,269,314,251,94,98,91,268,264,256,251,255,304,191,184,248,,178,,,b'\x11\xe8\xe1I\xd7s\xd4\xde\x98|\x12\xdf\x17\xaeN\x1e'
11E8E149-D773-D4DE-987C-12DF17AE4E1E,2023-ncaa-d0-natl,ncaa,181,188,164,191,222,230,229,185,268,266,246,263,138,115,207,100,256,245,220,240,198,201,192,244,251,255,97,91,222,119,124,276,299,213,250,261,262,192,221,259,242,248,179,169,,,140,156,,,280,231,219,291,248,252,178,285,246,127,103,257,250,244,207,188,107,306,233,277,216,237,181,,152,,,276,211,227,151,268,204,134,280,214,200,220,227,165,145,260,143,180,147,146,278,278,271,187,204,155,246,299,174,124,207,250,184,142,182,161,195,200,226,232,273,,,199,189,,,280,130,242,291,276,238,248,165,228,130,233,211,183,165,164,162,157,268,209,238,199,166,215,250,,186,,,b'\x11\xe8\xe1I\xd7s\xd4\xde\x98|\x12\xdf\x17\xaeN\x1e'
11E8E149-D773-D4DE-987C-12DF17AE4E1E,2023-ncaa-d1-conf-NEC,ncaa,3,3,3,3,4,3,3,3,4,4,5,6,2,2,2,4,3,4,4,4,3,3,3,2,2,3,1,3,6,3,5,4,6,3,6,3,4,5,5,4,6,6,2,3,,,4,2,,,4,3,4,4,3,4,4,5,5,2,2,4,4,4,3,3,4,5,4,4,5,6,2,,3,,,4,9,8,8,5,8,7,5,7,6,4,7,4,4,6,4,4,7,7,5,5,5,5,4,3,8,6,7,5,7,6,6,4,4,5,5,6,4,8,9,,,4,7,,,4,7,4,4,3,6,6,7,7,5,4,6,4,4,4,7,6,8,6,7,5,5,5,8,,5,,,b'\x11\xe8\xe1I\xd7s\xd4\xde\x98|\x12\xdf\x17\xaeN\x1e'
11E8E149-D773-D4DE-987C-12DF17AE4E1E,2023-ncaa-d1-natl,ncaa,185,186,151,193,205,235,232,168,266,267,241,258,143,111,227,103,263,257,222,247,218,187,186,247,256,258,113,98,240,101,88,277,301,197,226,268,268,200,222,261,239,237,170,151,,,131,155,,,279,234,234,291,252,246,173,275,241,137,105,273,264,257,209,185,75,300,212,280,215,237,166,,147,,,275,206,219,156,268,200,132,270,217,195,224,221,161,138,253,133,173,139,142,275,278,266,184,201,139,244,301,164,88,205,226,186,139,178,160,191,203,220,237,269,,,208,210,,,279,124,233,287,272,227,235,160,217,126,222,199,172,147,147,150,146,261,184,228,191,171,212,251,,202,,,b'\x11\xe8\xe1I\xd7s\xd4\xde\x98|\x12\xdf\x17\xaeN\x1e'
11E8E149-D773-D4DE-987C-12DF17AE4E1E,2024-ncaa-d0-natl,ncaa,225,251,143,243,168,235,251,177,321,274,205,318,180,135,261,131,165,162,181,165,128,169,136,302,292,307,85,135,81,44,36,161,218,105,98,245,202,312,297,301,142,146,216,197,,,310,338,,,224,190,210,186,273,306,213,314,228,182,141,167,166,171,207,136,37,178,75,274,305,141,222,,321,,,223,139,84,144,67,44,93,69,244,246,202,272,256,274,105,279,309,177,189,99,121,99,336,292,293,217,218,144,36,171,98,109,182,128,123,100,287,270,338,345,,,82,65,,,224,184,276,114,219,122,64,120,32,58,238,244,245,266,271,152,187,216,134,163,105,127,281,339,,65,,,b'\x11\xe8\xe1I\xd7s\xd4\xde\x98|\x12\xdf\x17\xaeN\x1e'
11E8E149-D773-D4DE-987C-12DF17AE4E1E,2024-ncaa-d1-conf-NEC,ncaa,4,4,3,4,4,3,4,3,8,5,4,9,3,3,5,4,1,1,2,1,1,3,2,8,5,5,1,4,1,1,1,4,1,1,1,6,6,6,5,6,4,4,7,7,,,9,8,,,4,2,1,9,2,5,3,7,5,4,4,1,1,1,2,1,1,2,1,7,6,4,7,,8,,,4,7,6,7,5,5,5,5,6,7,6,6,8,9,6,9,7,8,7,5,5,5,6,6,8,2,1,5,1,4,1,6,4,4,4,4,7,6,9,9,,,1,1,,,4,8,4,3,4,5,5,6,5,5,7,5,7,6,6,6,6,1,1,1,6,4,6,9,,1,,,b'\x11\xe8\xe1I\xd7s\xd4\xde\x98|\x12\xdf\x17\xaeN\x1e'
11E8E149-D773-D4DE-987C-12DF17AE4E1E,2024-ncaa-d1-natl,ncaa,243,253,194,253,221,276,300,227,334,315,246,335,205,164,271,132,184,192,180,196,129,222,188,319,307,319,84,134,71,61,43,211,228,139,114,281,216,296,305,313,174,159,233,202,,,297,343,,,247,253,219,169,290,323,227,325,232,191,150,174,172,176,221,144,42,197,86,296,311,156,227,,324,,,249,105,59,104,82,28,66,78,225,228,214,270,237,256,113,259,313,127,135,114,142,118,340,295,291,198,228,112,43,136,114,86,185,164,132,122,275,274,335,350,,,101,58,,,247,123,286,132,245,133,71,122,36,62,255,244,260,275,278,159,184,225,140,174,116,143,287,342,,64,,,b'\x11\xe8\xe1I\xd7s\xd4\xde\x98|\x12\xdf\x17\xaeN\x1e'
11E8E149-D773-D4DE-987C-12DF17AE4E1E,2025-ncaa-d0-natl,genius_ncaa,184,199,135,197,177,224,240,198,271,246,224,234,217,164,286,136,170,183,131,185,128,199,150,264,250,294,129,183,96,113,83,193,163,159,110,210,152,338,330,297,105,95,338,347,,,291,308,,235,209,164,178,269,277,286,255,275,247,229,165,177,198,195,256,161,118,224,171,227,334,102,349,,295,,244,211,140,178,156,217,226,179,271,92,149,47,160,118,154,24,156,177,165,204,188,156,110,66,94,130,152,163,116,83,126,110,116,89,94,84,80,349,346,306,331,,,136,134,,67,209,208,285,110,208,121,160,123,220,147,86,126,118,150,150,114,162,143,86,98,107,90,344,309,,134,,60,b'\x11\xe8\xe1I\xd7s\xd4\xde\x98|\x12\xdf\x17\xaeN\x1e'
11E8E149-D773-D4DE-987C-12DF17AE4E1E,2025-ncaa-d1-conf-MAAC,genius_ncaa,6,6,3,6,5,5,7,5,7,7,8,5,7,7,10,6,2,1,9,1,2,4,2,8,8,9,7,7,4,1,2,6,7,3,3,9,9,11,10,10,5,6,11,12,,,13,10,,12,8,3,4,7,5,8,8,7,8,7,6,4,3,3,7,2,1,6,2,9,10,6,11,,10,,10,8,11,13,12,9,13,13,10,3,8,3,4,9,9,1,9,7,11,12,8,8,7,2,2,5,9,7,5,2,5,3,7,3,6,8,3,13,11,12,13,,,1,3,,2,8,11,9,8,8,8,11,10,12,13,2,5,8,8,8,10,10,8,4,5,4,6,11,12,,3,,2,b'\x11\xe8\xe1I\xd7s\xd4\xde\x98|\x12\xdf\x17\xaeN\x1e'
11E8E149-D773-D4DE-987C-12DF17AE4E1E,2025-ncaa-d1-natl,genius_ncaa,193,199,172,204,226,271,279,248,285,277,256,252,233,187,294,138,190,205,128,204,126,245,194,279,267,305,128,183,92,144,89,234,170,197,122,246,162,332,335,306,122,105,341,349,,,276,314,,228,240,213,186,269,292,304,271,285,253,233,168,179,197,194,271,172,129,232,185,247,337,111,348,,297,,250,240,113,156,117,225,199,145,278,75,122,53,157,102,134,29,135,180,114,152,202,175,131,65,94,129,130,170,82,89,93,122,97,90,113,95,90,347,349,297,335,,,161,127,,71,240,164,297,127,234,133,170,125,232,149,89,125,124,152,154,118,159,147,86,101,113,101,344,313,,129,,59,b'\x11\xe8\xe1I\xd7s\xd4\xde\x98|\x12\xdf\x17\xaeN\x1e'
11E8E149-D773-D4DE-987C-12DF17AE4E1E,2026-ncaa-d0-natl,genius_ncaa,260,250,206,273,216,206,180,197,182,197,223,168,130,137,161,86,302,308,187,306,323,211,222,161,199,189,174,82,330,239,280,236,203,240,271,184,191,133,169,171,184,159,154,152,,,158,195,,205,236,216,75,97,171,137,82,166,179,97,78,307,315,312,140,134,236,194,223,146,191,137,132,,221,,247,238,196,199,135,285,194,147,268,196,148,267,161,196,211,125,213,244,148,148,283,267,266,169,177,178,140,203,207,280,194,271,229,231,211,188,243,151,197,150,182,,,241,227,,205,236,149,204,257,238,279,277,228,274,231,249,197,238,263,268,260,263,197,301,285,279,150,208,186,,206,,207,b'\x11\xe8\xe1I\xd7s\xd4\xde\x98|\x12\xdf\x17\xaeN\x1e'
11E8E149-D773-D4DE-987C-12DF17AE4E1E,2026-ncaa-d1-natl,genius_ncaa,256,249,177,275,197,190,168,176,172,190,221,156,110,104,159,79,291,289,225,286,284,200,193,147,183,186,143,82,318,215,251,223,207,220,241,178,186,188,194,181,145,124,138,151,,,183,204,,201,220,187,68,100,154,126,87,175,197,77,56,292,282,283,133,115,209,196,189,137,216,105,124,,222,,224,220,217,222,169,272,236,188,263,163,135,228,126,201,208,152,221,214,179,174,270,264,252,125,137,170,164,207,215,251,197,241,255,219,178,182,231,188,211,120,158,,,212,218,,198,220,176,198,238,220,281,285,237,295,263,194,145,235,246,255,265,275,204,275,260,284,149,231,145,,179,,191,b'\x11\xe8\xe1I\xd7s\xd4\xde\x98|\x12\xdf\x17\xaeN\x1e'
11E8E149-D778-5FAE-987C-12DF17AE4E1E,2018-ncaa-d2-conf-GLIAC,ncaa,3,2,3,2,3,5,3,4,2,3,3,2,5,6,3,5,9,10,2,11,12,5,7,3,3,2,10,7,12,8,9,3,5,4,4,2,5,2,4,2,7,7,1,3,,,10,11,,,3,4,10,7,5,2,3,3,4,6,7,9,11,11,8,9,9,4,8,2,2,7,1,,10,,,3,3,1,4,2,6,12,2,1,1,1,1,11,12,2,12,10,6,7,1,1,3,1,1,12,6,5,3,9,4,4,1,1,6,7,3,2,3,5,2,,,9,11,,,3,8,3,3,3,2,2,1,6,12,1,1,10,12,12,4,4,6,3,4,1,8,2,5,,10,,,b'\x11\xe8\xe1I\xd7x_\xae\x98|\x12\xdf\x17\xaeN\x1e'
11E8E149-D778-5FAE-987C-12DF17AE4E1E,2018-ncaa-d2-natl,ncaa,35,30,64,31,78,74,34,90,10,37,92,18,77,124,25,134,288,303,20,303,309,136,182,10,19,11,277,125,309,255,257,90,35,165,125,38,93,23,26,9,192,181,12,15,,,234,254,,,41,152,264,93,72,23,115,29,127,95,156,305,309,309,225,283,287,140,244,28,14,223,12,,191,,,39,112,103,125,113,222,260,89,4,4,33,3,261,267,127,267,197,157,137,56,87,122,20,3,286,70,35,137,257,105,125,47,54,207,212,128,35,42,119,79,,,254,280,,,41,155,22,95,36,56,48,37,168,237,2,1,241,243,243,69,37,32,74,49,31,255,20,90,,299,,,b'\x11\xe8\xe1I\xd7x_\xae\x98|\x12\xdf\x17\xaeN\x1e'
11E8E149-D778-5FAE-987C-12DF17AE4E1E,2019-ncaa-d2-conf-GLIAC,ncaa,4,3,3,3,3,4,3,6,3,4,5,4,2,7,2,7,11,12,9,12,12,7,8,3,3,3,8,5,12,10,10,5,4,6,6,5,7,7,8,6,2,1,1,1,,,8,8,,,4,4,9,5,5,4,9,4,7,3,9,12,12,12,10,10,11,6,10,5,8,1,1,,7,,,4,3,1,3,3,3,5,3,1,4,4,4,10,9,10,9,9,3,7,3,3,2,9,6,11,5,4,7,10,5,6,2,3,2,1,2,9,9,1,1,,,10,10,,,4,7,5,2,4,3,2,2,3,3,1,3,9,6,7,3,5,5,4,5,2,1,8,1,,12,,,b'\x11\xe8\xe1I\xd7x_\xae\x98|\x12\xdf\x17\xaeN\x1e'
11E8E149-D778-5FAE-987C-12DF17AE4E1E,2019-ncaa-d2-natl,ncaa,48,59,46,60,58,99,71,133,28,109,160,59,56,102,13,88,292,298,118,298,303,176,176,26,44,61,159,52,309,283,295,82,23,174,180,74,116,165,179,92,56,44,18,4,,,135,110,,,48,119,258,164,168,98,246,147,241,65,143,305,309,309,291,291,303,133,272,92,105,82,19,,55,,,49,57,56,121,46,79,143,61,81,123,56,146,167,110,300,104,124,110,164,48,68,30,171,122,233,61,23,229,295,158,180,47,95,47,35,21,173,184,113,108,,,231,250,,,48,192,105,24,48,21,22,24,29,51,47,72,104,57,55,20,38,23,133,70,26,68,109,69,,293,,,b'\x11\xe8\xe1I\xd7x_\xae\x98|\x12\xdf\x17\xaeN\x1e'
11E8E149-D778-5FAE-987C-12DF17AE4E1E,2020-ncaa-d2-conf-GLIAC,ncaa,7,6,5,7,6,7,6,6,6,5,5,6,6,8,5,7,11,12,1,12,12,7,7,6,6,6,11,5,12,10,10,4,7,5,9,5,4,5,6,5,6,6,4,5,,,10,8,,,4,6,6,3,8,6,6,6,5,6,5,11,12,12,7,6,10,3,6,5,7,5,4,,7,,,4,6,4,6,3,2,6,2,8,7,10,8,7,7,4,7,8,6,7,3,5,4,12,11,10,7,7,12,10,9,9,5,5,4,4,3,6,9,5,6,,,12,12,,,4,7,7,4,4,5,4,8,3,4,8,8,7,8,8,8,7,9,10,10,4,2,9,4,,12,,,b'\x11\xe8\xe1I\xd7x_\xae\x98|\x12\xdf\x17\xaeN\x1e'
11E8E149-D778-5FAE-987C-12DF17AE4E1E,2020-ncaa-d2-natl,ncaa,179,203,102,192,131,167,140,155,122,147,164,125,125,120,124,100,268,299,2,296,308,191,226,120,135,119,181,103,297,293,305,146,90,242,267,135,136,63,89,86,113,102,100,82,,,185,202,,,171,167,208,159,196,154,183,163,192,135,135,288,308,307,239,284,306,161,284,143,46,120,100,,158,,,170,176,142,128,167,106,111,118,240,182,281,197,190,167,237,164,190,131,136,186,201,188,262,249,186,87,90,267,305,209,267,139,144,142,133,132,107,145,188,199,,,290,303,,,171,146,174,165,168,141,113,88,86,75,227,164,173,154,152,82,80,70,255,195,123,155,90,171,,310,,,b'\x11\xe8\xe1I\xd7x_\xae\x98|\x12\xdf\x17\xaeN\x1e'
11E8E149-D778-5FAE-987C-12DF17AE4E1E,2021-ncaa-d2-conf-GLIAC,ncaa,1,1,2,1,2,3,3,2,3,2,1,3,7,9,7,12,3,2,4,2,9,2,3,3,3,4,12,12,5,8,10,2,6,3,6,3,8,3,2,4,3,4,2,3,,,10,6,,,1,3,7,6,4,4,5,2,3,12,12,3,5,5,6,9,9,1,5,5,2,4,3,,6,,,1,4,3,9,1,5,10,1,2,6,2,3,8,10,1,10,9,10,10,1,1,1,7,4,10,10,6,12,10,12,6,3,2,2,1,1,3,2,2,1,,,3,4,,,1,10,4,1,1,1,1,2,1,7,1,2,7,8,8,5,6,7,7,8,1,1,2,1,,5,,,b'\x11\xe8\xe1I\xd7x_\xae\x98|\x12\xdf\x17\xaeN\x1e'
11E8E149-D778-5FAE-987C-12DF17AE4E1E,2021-ncaa-d2-natl,ncaa,7,8,19,7,23,36,33,34,51,24,24,54,69,72,101,154,44,60,33,59,175,34,45,65,60,37,175,163,134,134,217,15,22,42,113,40,140,126,32,39,36,71,21,38,,,180,101,,,23,34,149,55,101,83,136,59,85,145,166,126,162,166,140,200,217,40,145,107,19,88,47,,73,,,28,142,141,178,20,145,178,27,143,173,45,114,161,170,78,168,103,178,191,25,28,19,132,112,147,135,22,208,217,191,113,112,29,25,54,14,110,26,113,30,,,36,74,,,23,193,79,12,27,12,15,34,28,74,48,78,65,73,68,36,53,35,131,76,9,73,17,29,,147,,,b'\x11\xe8\xe1I\xd7x_\xae\x98|\x12\xdf\x17\xaeN\x1e'
11E8E149-D778-5FAE-987C-12DF17AE4E1E,2022-ncaa-d2-conf-GLIAC,ncaa,4,3,4,3,4,3,1,5,1,2,5,2,4,5,1,3,6,9,1,8,10,5,7,1,1,1,6,3,11,9,9,4,9,5,7,3,5,1,2,2,4,3,3,3,,,3,2,,,4,6,7,2,2,1,3,1,4,4,4,7,10,9,4,6,9,4,7,3,1,3,3,,4,,,3,10,8,9,4,7,8,5,7,8,7,5,10,7,11,7,5,9,7,4,6,8,7,6,8,9,9,5,9,8,7,3,1,9,10,4,4,4,4,2,,,9,10,,,4,6,1,8,3,8,7,9,8,9,8,8,8,7,7,10,9,9,5,9,2,10,4,4,,10,,,b'\x11\xe8\xe1I\xd7x_\xae\x98|\x12\xdf\x17\xaeN\x1e'
11E8E149-D778-5FAE-987C-12DF17AE4E1E,2022-ncaa-d2-natl,ncaa,68,81,64,79,70,54,43,93,10,59,126,22,34,78,8,88,189,252,5,246,277,112,164,10,8,5,138,58,285,276,282,77,50,156,164,53,145,25,19,10,137,159,47,41,,,94,60,,,82,110,237,23,38,22,143,64,182,39,97,236,282,279,188,266,288,95,235,49,10,177,46,,51,,,84,239,222,213,184,182,182,168,268,236,252,206,208,161,285,154,144,210,175,208,218,249,241,232,145,89,50,179,282,147,164,141,54,219,255,204,41,39,99,94,,,206,240,,,82,196,15,228,77,194,174,153,124,112,247,207,166,125,124,141,67,63,127,93,96,262,18,70,,279,,,b'\x11\xe8\xe1I\xd7x_\xae\x98|\x12\xdf\x17\xaeN\x1e'
11E8E149-D778-5FAE-987C-12DF17AE4E1E,2023-ncaa-d2-conf-GLIAC,ncaa,2,2,1,2,2,2,1,1,3,4,6,3,1,2,1,2,8,8,1,8,8,3,4,1,2,1,2,1,9,6,5,1,4,2,2,1,2,2,1,1,6,6,3,3,,,10,7,,,2,3,9,9,3,2,5,6,9,1,2,8,9,9,7,10,7,1,2,1,1,7,4,,4,,,2,5,4,10,2,4,7,2,9,10,3,8,9,9,1,9,10,10,10,2,2,3,10,9,9,9,4,9,5,8,2,1,1,8,9,3,3,3,7,6,,,6,8,,,2,9,1,4,2,3,3,4,2,4,6,8,4,6,7,5,3,7,3,4,1,9,2,4,,9,,,b'\x11\xe8\xe1I\xd7x_\xae\x98|\x12\xdf\x17\xaeN\x1e'
11E8E149-D778-5FAE-987C-12DF17AE4E1E,2023-ncaa-d2-natl,ncaa,28,29,30,31,37,35,36,55,27,70,134,29,13,25,20,28,149,223,3,223,240,70,104,18,17,9,59,28,273,223,255,16,21,54,84,43,119,34,17,16,198,235,69,66,,,248,220,,,36,76,251,173,53,52,162,153,251,20,41,218,279,281,212,284,274,22,124,61,6,244,93,,148,,,38,205,175,244,56,153,198,87,216,262,76,219,212,230,81,226,186,246,216,75,76,138,222,204,176,120,21,234,255,199,84,57,16,199,253,120,22,18,150,144,,,155,200,,,36,230,16,114,29,73,65,116,44,71,152,194,130,142,137,105,39,52,112,74,15,268,5,85,,265,,,b'\x11\xe8\xe1I\xd7x_\xae\x98|\x12\xdf\x17\xaeN\x1e'
11E8E149-D778-5FAE-987C-12DF17AE4E1E,2024-ncaa-d2-conf-GLIAC,ncaa,4,4,5,4,6,7,6,6,7,8,8,7,5,5,4,2,9,10,3,10,10,6,8,7,7,7,2,1,10,7,4,5,7,5,6,7,6,4,6,7,6,6,6,5,,,2,4,,,5,10,9,7,7,6,7,8,9,3,4,9,10,10,7,9,7,5,5,6,4,6,6,,4,,,5,2,2,4,4,3,5,3,3,7,5,8,4,3,9,3,3,4,2,4,3,4,7,7,5,8,7,3,4,5,6,2,1,6,7,3,4,6,1,2,,,8,5,,,5,2,6,6,5,4,4,6,4,7,4,6,4,4,4,5,3,8,4,7,2,7,4,1,,9,,,b'\x11\xe8\xe1I\xd7x_\xae\x98|\x12\xdf\x17\xaeN\x1e'
11E8E149-D778-5FAE-987C-12DF17AE4E1E,2024-ncaa-d2-natl,ncaa,123,115,172,123,201,170,161,234,51,198,251,68,86,123,28,58,255,277,8,276,252,247,258,37,43,67,89,44,269,237,202,164,79,201,113,144,112,65,149,97,253,236,123,85,,,44,93,,,140,248,286,227,168,140,252,197,266,52,102,266,283,281,275,287,242,145,215,119,92,254,118,,44,,,140,76,90,82,153,77,67,167,177,178,167,235,60,53,214,51,99,67,41,170,164,209,185,229,70,64,79,53,202,50,113,42,45,265,246,196,102,183,59,128,,,223,127,,,140,50,80,215,139,102,124,105,81,60,203,198,73,61,64,71,18,75,52,49,52,272,130,64,,235,,,b'\x11\xe8\xe1I\xd7x_\xae\x98|\x12\xdf\x17\xaeN\x1e'
11E8E149-D778-5FAE-987C-12DF17AE4E1E,2025-ncaa-d2-conf-GLIAC,genius_ncaa,6,8,4,8,4,5,5,5,6,4,4,6,9,7,10,8,7,9,2,9,9,6,6,7,7,6,10,9,6,7,8,1,3,4,5,8,9,3,4,6,10,11,7,8,,,7,8,,4,6,7,8,1,7,6,6,3,2,10,8,9,9,9,6,7,7,1,2,8,4,11,6,,5,,4,6,7,6,10,3,5,8,3,8,8,6,6,9,10,5,10,6,10,6,4,3,6,8,5,8,7,3,10,8,9,5,4,2,9,11,7,1,2,8,5,,,5,3,,4,6,6,6,6,6,7,5,8,6,7,6,9,6,8,7,8,6,6,6,6,4,11,2,7,,5,,3,b'\x11\xe8\xe1I\xd7x_\xae\x98|\x12\xdf\x17\xaeN\x1e'
11E8E149-D778-5FAE-987C-12DF17AE4E1E,2025-ncaa-d2-natl,genius_ncaa,160,200,72,180,87,95,62,86,69,63,96,51,109,104,141,124,218,255,34,254,286,118,130,77,93,74,228,140,275,199,239,36,66,83,146,132,244,77,72,104,265,283,124,150,,,134,99,,85,157,112,202,155,113,64,111,61,127,128,132,257,282,281,168,232,238,28,107,170,54,286,144,,86,,78,157,234,238,255,116,182,204,137,265,271,156,244,140,114,256,117,82,244,189,139,136,223,219,249,80,160,66,245,239,224,146,156,75,264,288,261,66,46,177,144,,,166,191,,102,157,190,96,217,156,177,190,253,146,155,242,261,103,79,80,221,102,126,202,166,126,286,34,156,,232,,111,b'\x11\xe8\xe1I\xd7x_\xae\x98|\x12\xdf\x17\xaeN\x1e'
11E8E149-D778-5FAE-987C-12DF17AE4E1E,2026-ncaa-d2-conf-GLIAC,genius_ncaa,1,1,1,1,1,7,5,6,6,5,3,9,5,9,3,9,9,9,5,7,9,7,10,4,6,5,7,5,8,7,7,5,2,6,3,4,2,4,4,2,8,8,3,3,,,4,9,,6,4,11,10,1,7,5,6,5,3,5,9,9,9,7,7,10,7,5,6,4,4,8,3,,4,,6,4,2,2,3,3,3,3,5,5,8,3,8,6,5,7,5,8,2,1,2,3,3,7,6,8,2,2,5,7,4,3,6,11,5,5,5,3,5,6,5,,,5,3,,3,4,2,5,2,4,2,2,3,3,3,5,8,6,5,5,2,1,2,5,4,6,5,3,6,,5,,3,b'\x11\xe8\xe1I\xd7x_\xae\x98|\x12\xdf\x17\xaeN\x1e'
11E8E149-D778-5FAE-987C-12DF17AE4E1E,2026-ncaa-d2-natl,genius_ncaa,30,53,59,59,67,92,100,128,73,109,120,100,97,144,60,152,104,169,12,171,203,137,168,70,48,32,139,129,149,202,227,70,28,120,84,135,198,50,28,61,241,261,153,139,,,135,131,,31,92,153,285,51,125,133,222,146,187,123,183,131,221,223,249,289,252,87,189,177,7,273,174,,64,,21,95,160,152,180,90,106,102,119,238,257,158,276,114,95,226,87,111,163,138,140,138,177,253,263,98,77,28,150,227,130,84,202,248,211,241,256,44,27,119,105,,,142,93,,47,92,154,44,136,77,80,80,98,43,27,222,246,67,45,40,56,15,34,73,42,181,267,10,91,,213,,65,b'\x11\xe8\xe1I\xd7x_\xae\x98|\x12\xdf\x17\xaeN\x1e'
11E8E149-D77D-0496-987C-12DF17AE4E1E,2018-ncaa-d2-conf-SIAC,ncaa,9,12,1,9,1,6,6,2,12,4,2,11,12,7,11,12,1,1,5,1,6,2,2,12,12,12,9,13,2,4,11,1,7,1,9,6,6,12,8,9,5,9,7,9,,,13,11,,,11,1,12,5,13,12,11,12,9,13,12,7,8,8,12,11,6,8,10,9,7,10,9,,9,,,9,13,10,11,5,11,11,5,2,8,1,2,13,13,10,13,10,13,12,3,8,6,7,2,12,9,7,13,11,13,9,3,1,3,6,4,13,9,13,13,,,2,4,,,11,13,11,6,10,3,2,4,3,6,2,2,11,10,10,3,3,5,10,9,1,9,9,13,,7,,,b'\x11\xe8\xe1I\xd7}\x04\x96\x98|\x12\xdf\x17\xaeN\x1e'
11E8E149-D77D-0496-987C-12DF17AE4E1E,2018-ncaa-d2-natl,ncaa,213,272,41,235,45,207,240,128,298,181,80,297,291,224,305,263,32,10,273,9,23,103,56,306,299,299,180,292,2,55,143,95,210,77,207,255,216,302,270,298,68,103,121,150,,,297,270,,,230,64,151,101,292,303,258,267,143,306,271,56,18,16,195,121,83,200,124,295,273,101,149,,272,,,214,157,83,147,65,186,241,71,8,30,9,9,303,307,19,307,300,226,253,28,56,30,121,7,307,252,210,294,143,286,207,23,18,28,44,7,300,262,293,266,,,16,34,,,230,245,294,32,217,57,19,25,86,156,4,7,286,300,300,99,176,202,256,249,10,48,269,281,,30,,,b'\x11\xe8\xe1I\xd7}\x04\x96\x98|\x12\xdf\x17\xaeN\x1e'
11E8E149-D77D-0496-987C-12DF17AE4E1E,2019-ncaa-d2-conf-SIAC,ncaa,4,5,2,5,5,7,9,4,11,6,4,12,10,11,8,11,1,1,7,1,4,3,5,11,11,9,7,11,1,1,3,7,5,4,5,5,4,5,3,6,4,2,7,7,,,11,11,,,6,6,11,7,9,12,6,10,3,10,11,2,2,2,5,9,1,9,7,8,3,5,8,,9,,,6,5,4,3,7,6,6,5,3,3,4,2,11,11,6,11,11,6,7,6,9,4,7,2,11,3,5,9,3,6,5,5,6,3,1,2,6,4,5,2,,,1,1,,,6,7,8,3,6,2,2,2,4,2,2,2,9,10,11,1,2,1,7,4,4,3,3,2,,1,,,b'\x11\xe8\xe1I\xd7}\x04\x96\x98|\x12\xdf\x17\xaeN\x1e'
11E8E149-D77D-0496-987C-12DF17AE4E1E,2019-ncaa-d2-natl,ncaa,132,74,287,109,293,288,299,277,302,269,173,307,304,304,299,304,70,30,279,32,12,251,256,305,298,290,197,302,1,53,12,293,234,223,101,289,174,100,191,268,116,34,206,160,,,217,310,,,114,292,192,99,269,293,189,212,36,308,299,5,2,2,70,65,11,259,62,268,227,43,168,,304,,,111,8,7,7,48,9,19,52,5,6,16,4,240,273,8,275,307,8,24,22,46,10,127,4,310,84,234,29,12,34,101,7,67,55,7,3,57,122,40,38,,,73,2,,,114,19,263,11,111,20,5,3,40,82,1,1,291,306,306,23,141,182,168,178,7,14,157,84,,1,,,b'\x11\xe8\xe1I\xd7}\x04\x96\x98|\x12\xdf\x17\xaeN\x1e'
11E8E149-D77D-0496-987C-12DF17AE4E1E,2020-ncaa-d2-conf-SIAC,ncaa,2,2,2,2,3,3,6,4,11,8,2,12,2,5,4,8,4,3,6,3,5,3,2,9,8,8,3,6,4,4,4,7,4,3,4,4,5,8,3,4,1,1,4,4,,,13,13,,,2,3,8,9,7,10,9,9,7,6,6,5,4,4,7,8,5,12,5,6,2,1,4,,13,,,2,5,5,3,7,6,5,7,1,2,4,1,13,13,6,13,13,5,9,6,10,3,8,1,13,3,4,11,4,7,4,1,2,1,1,1,4,3,9,6,,,2,1,,,2,12,6,2,2,2,1,1,4,2,1,1,12,12,12,1,2,2,7,4,1,3,2,6,,4,,,b'\x11\xe8\xe1I\xd7}\x04\x96\x98|\x12\xdf\x17\xaeN\x1e'
11E8E149-D77D-0496-987C-12DF17AE4E1E,2020-ncaa-d2-natl,ncaa,112,59,283,75,288,280,295,267,299,283,165,304,284,290,239,288,53,25,262,25,14,236,230,302,287,283,102,265,1,45,26,282,203,190,117,291,226,150,190,277,96,47,117,64,,,286,311,,,112,272,99,124,229,285,140,248,38,274,275,8,3,3,57,35,11,206,38,281,253,40,69,,311,,,108,9,8,7,37,14,37,34,7,8,8,2,269,300,7,300,309,12,39,22,37,12,143,2,311,87,203,94,26,82,117,7,31,51,8,2,49,77,243,251,,,42,4,,,112,40,251,12,104,28,9,6,56,122,2,3,307,309,309,48,204,185,230,218,7,8,133,285,,3,,,b'\x11\xe8\xe1I\xd7}\x04\x96\x98|\x12\xdf\x17\xaeN\x1e'
11E8E149-D77D-0496-987C-12DF17AE4E1E,2021-ncaa-d2-conf-SIAC,ncaa,3,8,1,4,1,3,3,1,8,3,1,9,2,2,6,7,1,1,4,1,7,1,1,8,8,8,5,6,2,1,5,2,5,1,6,3,6,9,4,6,1,2,1,2,,,9,8,,,4,1,7,4,7,7,5,6,4,8,7,4,5,5,5,5,3,9,4,7,4,3,4,,7,,,5,8,7,8,4,8,9,6,4,7,1,2,9,9,7,9,8,9,9,2,5,1,3,1,9,8,5,9,5,9,6,7,4,1,1,1,9,7,9,8,,,1,1,,,4,9,7,1,5,2,1,1,2,2,1,1,8,7,7,1,2,2,8,6,1,1,6,8,,1,,,b'\x11\xe8\xe1I\xd7}\x04\x96\x98|\x12\xdf\x17\xaeN\x1e'
11E8E149-D77D-0496-987C-12DF17AE4E1E,2021-ncaa-d2-natl,ncaa,106,184,68,149,74,131,140,55,224,123,26,226,168,126,214,204,68,42,186,43,149,55,54,225,224,218,137,193,8,3,37,112,182,51,148,140,130,173,100,203,28,31,66,78,,,200,202,,,149,75,108,121,211,212,61,192,29,213,190,98,57,56,49,42,10,198,64,204,141,34,96,,202,,,137,105,87,104,24,112,125,70,44,82,2,26,215,216,83,218,221,120,159,14,33,7,95,6,225,179,182,199,37,200,148,118,184,6,3,3,183,134,212,155,,,41,70,,,149,151,216,10,138,11,8,7,36,50,2,8,214,219,222,21,121,150,205,193,44,7,156,202,,32,,,b'\x11\xe8\xe1I\xd7}\x04\x96\x98|\x12\xdf\x17\xaeN\x1e'
11E8E149-D77D-0496-987C-12DF17AE4E1E,2022-ncaa-d2-conf-SIAC,ncaa,5,5,6,4,7,6,6,5,7,5,3,8,12,11,13,13,8,6,12,6,11,6,5,9,9,8,13,13,11,2,3,5,6,5,4,7,5,12,7,7,2,1,1,1,,,11,11,,,4,6,6,9,8,6,5,3,2,13,13,11,10,10,6,4,1,7,3,6,11,2,1,,10,,,4,6,5,7,7,4,9,3,8,6,14,4,10,11,5,11,10,9,10,5,8,3,11,9,11,8,6,9,3,7,4,6,4,3,1,1,11,8,8,3,,,6,13,,,4,10,7,5,4,6,3,3,4,6,8,3,7,8,8,5,8,7,8,6,4,1,10,10,,10,,,b'\x11\xe8\xe1I\xd7}\x04\x96\x98|\x12\xdf\x17\xaeN\x1e'
11E8E149-D77D-0496-987C-12DF17AE4E1E,2022-ncaa-d2-natl,ncaa,150,48,287,99,288,275,266,267,202,185,155,223,294,296,288,299,235,167,292,164,178,258,250,256,266,274,296,297,78,51,3,270,254,209,66,227,109,193,268,245,66,15,51,14,,,81,228,,,134,278,16,188,154,109,37,17,3,293,295,89,17,16,22,7,2,107,4,87,294,10,7,,286,,,131,10,8,10,50,14,46,18,8,6,177,9,112,182,9,182,267,15,32,36,41,10,118,25,290,121,254,18,3,30,66,10,100,87,10,6,180,250,68,72,,,257,224,,,134,25,248,17,126,119,73,147,141,265,24,12,274,292,292,221,290,278,161,232,78,8,283,201,,56,,,b'\x11\xe8\xe1I\xd7}\x04\x96\x98|\x12\xdf\x17\xaeN\x1e'
11E8E149-D77D-0496-987C-12DF17AE4E1E,2023-ncaa-d2-conf-SIAC,ncaa,2,3,1,2,1,2,2,2,9,2,2,9,2,2,7,4,6,6,9,4,11,2,1,9,10,6,9,3,11,1,1,1,5,1,1,2,7,13,4,3,2,2,1,1,,,13,7,,,2,2,11,12,7,5,3,6,5,5,5,12,11,11,3,6,1,11,3,5,4,2,2,,2,,,2,11,10,11,5,6,10,1,13,11,12,8,11,12,9,12,7,12,13,5,6,3,12,12,11,8,5,13,1,12,1,13,11,2,2,3,8,3,9,3,,,4,13,,,2,13,4,2,2,2,1,1,2,2,7,3,5,3,3,1,2,3,2,2,5,4,4,7,,13,,,b'\x11\xe8\xe1I\xd7}\x04\x96\x98|\x12\xdf\x17\xaeN\x1e'
11E8E149-D77D-0496-987C-12DF17AE4E1E,2023-ncaa-d2-natl,ncaa,84,46,239,61,251,213,212,169,260,176,99,261,245,233,255,241,142,100,252,100,132,157,132,268,269,266,224,243,66,11,2,232,222,94,23,220,185,223,217,241,17,4,33,17,,,130,193,,,62,216,63,203,160,170,33,97,30,239,202,86,36,36,20,11,2,189,11,188,266,6,16,,224,,,48,10,6,17,16,14,86,3,12,8,107,14,169,186,45,176,222,24,84,7,22,3,149,30,289,156,222,41,2,61,23,19,193,29,6,6,139,119,133,99,,,191,241,,,62,72,201,4,58,11,6,25,29,176,14,10,235,253,247,54,222,228,88,153,46,6,199,181,,98,,,b'\x11\xe8\xe1I\xd7}\x04\x96\x98|\x12\xdf\x17\xaeN\x1e'
11E8E149-D77D-0496-987C-12DF17AE4E1E,2024-ncaa-d2-conf-SIAC,ncaa,1,1,1,1,1,1,1,1,4,1,1,4,1,2,4,5,1,1,9,1,8,1,1,3,3,6,5,4,10,1,1,1,6,1,1,1,2,13,11,7,1,4,1,1,,,13,5,,,1,1,8,2,4,4,5,7,8,5,6,8,5,9,6,6,2,7,4,2,11,5,1,,5,,,1,12,12,14,1,13,14,3,9,13,1,6,13,14,7,13,9,14,14,1,2,2,6,1,12,14,6,13,1,13,1,12,7,1,4,3,13,12,11,5,,,1,9,,,1,14,2,2,1,2,2,4,4,3,1,3,6,7,7,3,8,8,1,1,4,4,13,4,,7,,,b'\x11\xe8\xe1I\xd7}\x04\x96\x98|\x12\xdf\x17\xaeN\x1e'
11E8E149-D77D-0496-987C-12DF17AE4E1E,2024-ncaa-d2-natl,ncaa,48,31,117,33,128,127,142,107,197,126,81,214,163,173,147,218,76,35,262,43,73,92,54,200,195,224,141,196,68,8,2,121,237,35,31,123,107,290,258,222,21,28,69,67,,,175,98,,,62,97,89,34,124,148,83,132,72,176,193,66,33,40,60,21,6,107,11,117,278,24,61,,163,,,57,60,46,141,17,103,187,33,29,80,7,62,208,237,38,234,205,161,235,8,10,4,96,31,270,269,237,78,2,179,31,49,94,20,25,12,289,249,151,108,,,104,204,,,62,210,158,9,58,34,26,135,74,199,17,65,192,225,225,162,249,273,54,163,42,22,274,150,,96,,,b'\x11\xe8\xe1I\xd7}\x04\x96\x98|\x12\xdf\x17\xaeN\x1e'
11E8E149-D77D-0496-987C-12DF17AE4E1E,2025-ncaa-d2-conf-SIAC,genius_ncaa,1,1,1,1,1,2,2,1,2,2,2,4,1,3,1,3,4,3,6,3,9,2,1,3,2,3,3,3,11,1,1,2,5,1,1,1,2,14,9,3,2,4,2,2,,,9,7,,5,2,2,10,10,4,4,6,9,9,3,4,7,7,9,7,6,2,7,1,1,8,5,3,,3,,4,2,11,9,13,4,9,10,5,9,12,3,10,11,11,6,11,9,12,13,3,4,2,7,6,11,10,5,10,1,10,1,8,7,2,2,3,14,7,9,8,,,3,9,,2,2,13,2,2,2,2,2,2,2,2,3,7,7,7,7,3,3,4,1,1,3,5,7,7,,7,,4,b'\x11\xe8\xe1I\xd7}\x04\x96\x98|\x12\xdf\x17\xaeN\x1e'
11E8E149-D77D-0496-987C-12DF17AE4E1E,2025-ncaa-d2-natl,genius_ncaa,49,31,109,37,149,139,158,144,199,153,109,225,150,163,123,204,88,55,234,53,64,121,76,200,190,224,109,171,58,11,4,141,192,51,21,129,111,289,273,236,43,43,77,73,,,134,104,,55,62,123,139,207,166,195,151,172,116,162,181,79,53,52,115,53,8,156,15,143,279,49,80,,124,,54,60,43,27,84,20,45,131,20,39,66,20,75,220,242,31,241,251,109,185,12,23,10,164,60,284,212,192,42,4,86,21,37,103,31,20,14,283,266,66,48,,,104,154,,76,62,178,171,13,64,20,12,31,31,97,28,46,211,231,230,55,173,200,18,77,21,28,271,51,,92,,81,b'\x11\xe8\xe1I\xd7}\x04\x96\x98|\x12\xdf\x17\xaeN\x1e'
11E8E149-D77D-0496-987C-12DF17AE4E1E,2026-ncaa-d2-conf-SIAC,genius_ncaa,1,1,10,1,10,7,6,7,8,8,10,2,6,2,13,4,7,7,9,7,5,7,9,7,8,4,8,7,7,3,2,12,7,7,4,5,2,3,1,2,2,1,5,4,,,6,10,,13,1,9,3,1,1,1,1,2,4,4,1,4,3,3,1,2,2,12,3,1,3,1,5,,10,,14,1,2,2,2,3,2,1,9,1,3,2,7,3,3,7,3,6,2,4,2,4,1,3,4,7,4,7,6,2,4,4,7,14,1,1,2,3,2,9,8,,,8,11,,4,1,5,3,1,1,1,1,2,2,3,1,6,4,4,3,2,9,5,14,7,13,1,3,10,,4,,3,b'\x11\xe8\xe1I\xd7}\x04\x96\x98|\x12\xdf\x17\xaeN\x1e'
11E8E149-D77D-0496-987C-12DF17AE4E1E,2026-ncaa-d2-natl,genius_ncaa,9,13,59,17,84,45,43,33,145,38,39,114,113,64,205,168,51,25,249,25,93,28,28,160,177,166,203,191,124,8,7,175,249,61,86,59,151,242,121,145,5,5,113,147,,,280,270,,256,17,43,18,88,37,39,16,36,40,132,81,62,28,29,12,11,5,270,61,78,224,6,143,,288,,242,21,144,149,171,97,204,208,137,34,101,18,51,204,225,100,223,179,183,256,51,61,13,35,18,222,237,249,159,7,189,86,217,276,4,6,29,195,77,191,119,,,53,193,,111,17,254,111,12,25,66,78,83,161,183,12,35,166,196,194,102,271,205,81,138,201,6,153,178,,56,,146,b'\x11\xe8\xe1I\xd7}\x04\x96\x98|\x12\xdf\x17\xaeN\x1e'
11E8E149-D781-560E-987C-12DF17AE4E1E,2018-ncaa-d2-conf-PSAC,ncaa,6,8,2,8,2,5,5,5,5,3,3,6,12,12,12,16,1,1,10,1,6,4,3,9,9,7,15,15,5,5,10,2,7,2,7,10,15,9,7,9,5,6,11,12,,,14,5,,,6,3,7,1,6,6,8,4,3,14,15,1,2,2,5,5,9,2,4,13,8,6,14,,9,,,7,16,15,16,6,11,12,7,17,17,7,17,15,13,15,13,12,16,16,8,8,8,16,16,10,16,7,14,10,15,7,12,7,6,7,7,13,7,6,3,,,1,3,,,6,15,6,6,7,7,9,12,5,3,16,16,12,6,6,11,12,11,10,10,7,7,9,4,,2,,,b'\x11\xe8\xe1I\xd7\x81V\x0e\x98|\x12\xdf\x17\xaeN\x1e'
11E8E149-D781-560E-987C-12DF17AE4E1E,2018-ncaa-d2-natl,ncaa,107,112,105,114,109,108,108,123,99,59,53,111,266,264,246,289,46,46,155,47,106,112,111,161,139,138,278,299,46,128,119,109,161,118,126,192,268,159,124,201,83,85,165,167,,,147,94,,,124,113,133,40,101,102,140,42,43,280,289,35,41,41,100,107,128,107,110,214,150,81,175,,128,,,124,200,184,203,125,125,125,150,255,263,157,272,166,153,199,148,159,195,191,160,165,146,237,256,132,195,161,151,119,177,126,144,99,112,132,118,214,190,82,41,,,47,40,,,124,190,128,152,133,167,159,191,106,103,245,263,149,133,127,177,184,186,123,137,115,119,206,82,,32,,,b'\x11\xe8\xe1I\xd7\x81V\x0e\x98|\x12\xdf\x17\xaeN\x1e'
11E8E149-D781-560E-987C-12DF17AE4E1E,2019-ncaa-d2-conf-PSAC,ncaa,11,9,13,9,16,14,13,16,3,13,15,3,9,14,6,8,12,12,12,12,7,16,17,3,5,6,10,8,10,17,17,14,17,17,17,12,10,12,13,10,11,11,11,12,,,7,8,,,9,14,7,16,10,8,14,10,14,7,10,9,5,5,13,12,17,11,16,8,12,10,11,,13,,,9,5,10,9,14,13,9,13,6,8,3,8,2,2,5,2,2,8,7,12,8,5,4,6,2,14,17,4,17,8,17,8,8,6,6,6,9,10,7,8,,,9,2,,,9,5,10,9,9,10,15,14,15,17,7,9,4,5,4,13,17,17,6,14,12,6,10,7,,2,,,b'\x11\xe8\xe1I\xd7\x81V\x0e\x98|\x12\xdf\x17\xaeN\x1e'
11E8E149-D781-560E-987C-12DF17AE4E1E,2019-ncaa-d2-natl,ncaa,166,184,118,177,179,140,132,203,49,109,169,43,188,203,163,203,97,91,207,91,69,183,161,73,73,128,215,227,106,228,212,202,281,227,247,118,119,254,254,176,116,157,215,251,,,152,83,,,179,125,86,298,133,129,256,107,181,202,218,91,84,87,215,165,246,234,259,123,241,116,225,,139,,,178,217,274,223,233,284,243,250,111,140,79,106,59,73,64,73,40,204,233,207,176,129,21,67,29,277,281,111,212,201,247,209,102,52,61,95,230,220,63,67,,,57,18,,,179,208,152,167,157,213,264,251,287,264,111,143,46,69,67,214,260,276,88,189,203,48,220,59,,28,,,b'\x11\xe8\xe1I\xd7\x81V\x0e\x98|\x12\xdf\x17\xaeN\x1e'
11E8E149-D781-560E-987C-12DF17AE4E1E,2020-ncaa-d2-conf-PSAC,ncaa,16,16,13,16,15,8,9,8,10,13,15,8,8,5,7,6,7,8,4,7,6,10,11,7,8,6,5,7,7,15,15,12,14,13,15,15,12,7,9,12,12,13,9,8,,,17,15,,,14,10,2,6,5,7,5,10,11,6,5,6,6,6,6,4,11,10,9,14,13,9,8,,18,,,14,16,13,12,12,13,13,10,10,8,18,7,15,16,8,16,14,13,12,14,15,14,10,9,11,14,14,10,15,11,15,10,9,11,11,13,13,13,7,7,,,10,10,,,14,10,9,15,14,18,16,15,16,17,13,8,16,16,16,15,18,15,13,14,12,9,15,8,,6,,,b'\x11\xe8\xe1I\xd7\x81V\x0e\x98|\x12\xdf\x17\xaeN\x1e'
11E8E149-D781-560E-987C-12DF17AE4E1E,2020-ncaa-d2-natl,ncaa,223,241,173,231,193,119,122,155,97,115,145,85,141,141,141,156,99,127,82,121,112,146,140,104,93,109,156,177,118,173,164,205,274,207,233,181,243,169,162,182,174,198,78,106,,,236,219,,,211,134,74,118,84,92,116,90,137,140,134,75,106,96,101,97,166,212,197,175,182,168,76,,259,,,207,271,246,198,230,249,236,196,180,111,278,59,282,276,215,277,232,228,207,225,256,255,162,97,246,264,274,131,164,197,233,174,87,166,199,172,242,233,183,180,,,146,138,,,211,178,122,274,207,281,254,236,258,266,193,130,293,281,281,269,258,271,149,215,178,158,242,189,,95,,,b'\x11\xe8\xe1I\xd7\x81V\x0e\x98|\x12\xdf\x17\xaeN\x1e'
11E8E149-D781-560E-987C-12DF17AE4E1E,2022-ncaa-d2-conf-PSAC,ncaa,15,15,12,15,15,17,17,17,15,9,8,13,18,17,18,17,10,4,18,3,3,15,14,17,17,17,18,18,2,14,11,18,18,18,17,15,8,14,17,15,6,4,13,12,,,14,14,,,16,13,8,9,17,17,15,7,4,18,17,4,2,2,12,9,13,18,18,14,18,3,12,,15,,,16,6,3,1,13,4,4,9,6,3,17,6,14,15,11,13,14,1,5,14,15,9,12,7,15,17,18,5,11,10,17,8,12,4,2,4,9,11,9,8,,,6,2,,,16,1,17,14,16,10,8,3,8,9,8,5,15,15,14,4,14,18,10,15,10,2,12,10,,2,,,b'\x11\xe8\xe1I\xd7\x81V\x0e\x98|\x12\xdf\x17\xaeN\x1e'
11E8E149-D781-560E-987C-12DF17AE4E1E,2022-ncaa-d2-natl,ncaa,233,264,106,249,124,238,225,193,254,132,81,226,293,282,297,291,140,84,275,84,141,173,123,285,284,281,294,298,35,141,160,242,287,215,272,182,95,279,269,253,46,40,125,119,,,224,208,,,251,126,169,158,286,272,258,152,92,296,293,163,94,92,236,163,158,291,274,223,263,43,137,,204,,,242,130,121,108,148,128,141,113,109,82,223,77,205,204,143,196,196,122,184,144,167,72,179,120,234,262,287,173,160,222,272,184,233,32,19,55,226,222,191,149,,,98,85,,,251,159,285,113,249,90,75,41,85,106,101,54,190,187,177,53,161,248,163,207,156,29,212,186,,96,,,b'\x11\xe8\xe1I\xd7\x81V\x0e\x98|\x12\xdf\x17\xaeN\x1e'
11E8E149-D781-560E-987C-12DF17AE4E1E,2023-ncaa-d2-conf-PSAC,ncaa,7,8,4,8,5,9,8,7,7,5,4,7,18,18,16,18,5,2,15,2,7,6,6,11,11,11,18,18,5,6,5,8,9,6,7,11,11,17,14,15,4,4,15,15,,,15,15,,,10,6,7,3,10,9,12,5,4,18,18,6,2,2,8,5,7,14,8,14,15,4,17,,15,,,10,11,10,11,9,9,8,9,12,9,14,12,10,10,10,10,12,10,14,10,10,7,13,12,9,10,9,6,5,6,7,13,15,2,3,8,16,14,3,2,,,5,8,,,10,13,11,7,10,10,9,7,7,7,11,10,8,8,8,8,14,9,6,6,12,3,16,3,,6,,,b'\x11\xe8\xe1I\xd7\x81V\x0e\x98|\x12\xdf\x17\xaeN\x1e'
11E8E149-D781-560E-987C-12DF17AE4E1E,2023-ncaa-d2-natl,ncaa,102,101,110,105,120,137,117,158,75,55,48,98,277,281,261,289,74,48,208,46,125,137,99,145,130,175,281,292,57,68,45,138,150,104,65,150,195,255,227,217,66,64,183,193,,,205,183,,,116,116,114,80,145,125,203,32,44,289,288,63,46,42,146,89,72,161,103,173,240,68,194,,195,,,117,132,139,137,142,129,138,124,162,148,189,151,120,107,148,103,118,132,181,149,146,78,158,187,122,150,150,73,45,98,65,193,221,44,39,84,196,163,40,13,,,104,119,,,116,191,155,78,107,109,121,114,113,122,159,134,92,94,90,89,183,134,41,67,181,47,180,41,,95,,,b'\x11\xe8\xe1I\xd7\x81V\x0e\x98|\x12\xdf\x17\xaeN\x1e'
11E8E149-D781-560E-987C-12DF17AE4E1E,2024-ncaa-d2-conf-PSAC,ncaa,9,11,4,10,5,12,8,6,8,5,3,10,17,17,17,18,13,9,18,9,18,6,6,13,14,13,18,18,13,10,10,6,14,7,11,8,8,12,9,7,7,7,6,6,,,12,7,,,11,6,5,8,13,7,8,3,1,17,18,13,9,9,9,6,9,8,9,8,10,6,5,,10,,,11,12,11,16,8,12,16,8,8,12,5,6,12,12,16,12,6,16,15,6,7,7,8,5,14,16,14,14,10,16,11,16,13,8,13,14,5,3,16,12,,,9,14,,,11,14,13,8,11,11,10,14,11,15,8,10,11,11,11,14,14,16,12,14,13,11,5,15,,12,,,b'\x11\xe8\xe1I\xd7\x81V\x0e\x98|\x12\xdf\x17\xaeN\x1e'
11E8E149-D781-560E-987C-12DF17AE4E1E,2024-ncaa-d2-natl,ncaa,144,197,50,168,57,160,111,90,156,32,11,186,290,288,296,296,174,138,252,135,277,100,82,245,247,241,297,295,173,110,159,80,182,85,170,135,173,246,194,188,102,141,57,79,,,216,142,,,205,70,185,116,252,174,190,32,14,297,296,238,192,191,199,176,154,146,151,182,178,144,66,,135,,,191,193,189,238,84,229,257,92,74,123,34,66,218,208,223,214,118,240,240,61,75,95,67,43,199,243,182,225,159,241,170,228,210,114,163,172,116,73,268,171,,,144,220,,,205,228,244,105,196,90,105,165,164,209,42,66,162,142,148,160,142,192,144,172,165,164,69,256,,232,,,b'\x11\xe8\xe1I\xd7\x81V\x0e\x98|\x12\xdf\x17\xaeN\x1e'
11E8E149-D781-560E-987C-12DF17AE4E1E,2025-ncaa-d2-conf-PSAC,genius_ncaa,10,10,7,10,7,11,10,9,7,8,8,9,11,12,7,11,14,13,13,13,14,11,11,9,9,11,12,11,14,13,8,7,15,7,10,10,8,13,12,10,7,6,3,3,,,12,10,,17,7,9,15,4,12,10,12,9,9,10,11,15,13,13,15,14,14,5,8,9,9,5,3,,12,,17,7,1,1,12,1,2,10,1,8,13,3,11,8,9,1,9,8,13,12,1,1,1,15,13,13,17,15,8,8,12,10,4,8,8,11,6,2,2,4,4,,,14,14,,12,7,9,12,2,8,2,2,13,3,9,8,14,6,11,11,13,12,16,7,12,5,9,2,4,,14,,14,b'\x11\xe8\xe1I\xd7\x81V\x0e\x98|\x12\xdf\x17\xaeN\x1e'
11E8E149-D781-560E-987C-12DF17AE4E1E,2025-ncaa-d2-natl,genius_ncaa,95,131,43,118,43,102,78,92,81,47,37,131,206,244,107,273,120,120,161,126,238,101,87,119,125,149,277,254,179,99,99,56,243,59,138,82,131,241,195,151,50,82,17,24,,,247,165,,282,77,78,225,19,175,120,198,56,68,251,282,184,176,185,209,188,138,77,101,119,181,78,20,,180,,276,80,117,101,240,4,114,251,4,117,194,40,121,205,222,50,222,145,247,255,6,4,16,180,128,216,295,243,152,99,254,138,85,110,72,128,53,128,79,112,59,,,121,188,,212,77,227,148,36,77,41,28,164,43,193,76,129,138,163,161,163,185,271,64,163,39,108,73,84,,201,,244,b'\x11\xe8\xe1I\xd7\x81V\x0e\x98|\x12\xdf\x17\xaeN\x1e'
11E8E149-D781-560E-987C-12DF17AE4E1E,2026-ncaa-d2-conf-PSAC,genius_ncaa,9,8,3,9,16,5,6,3,11,8,4,14,6,9,2,11,6,5,12,5,7,3,3,12,11,11,6,7,7,2,2,6,8,4,5,9,10,10,10,10,11,13,3,6,,,10,13,,2,9,6,3,16,3,5,1,7,2,5,7,5,4,4,1,1,1,5,2,8,12,11,2,,12,,2,9,14,8,10,7,9,12,7,8,6,12,4,16,14,11,14,13,13,12,7,11,14,13,7,14,12,8,9,2,10,5,3,2,13,15,8,12,13,9,9,,,4,7,,3,9,10,8,15,10,16,10,11,10,14,10,7,16,14,14,15,14,13,11,12,4,13,14,10,,3,,3,b'\x11\xe8\xe1I\xd7\x81V\x0e\x98|\x12\xdf\x17\xaeN\x1e'
11E8E149-D781-560E-987C-12DF17AE4E1E,2026-ncaa-d2-natl,genius_ncaa,201,98,268,180,287,265,263,248,256,270,233,276,205,234,92,183,258,242,261,238,191,253,261,251,258,232,110,99,189,97,18,263,170,226,69,248,135,26,67,140,235,122,177,86,,,42,220,,42,160,269,71,295,118,124,12,158,21,94,111,150,102,93,16,18,3,47,4,125,142,111,95,,238,,112,163,27,17,23,38,10,24,12,95,34,275,131,141,115,230,109,275,28,25,68,139,143,290,232,290,63,170,41,18,42,69,17,94,271,175,91,38,124,229,285,,,254,187,,232,160,23,163,158,178,180,75,156,33,151,238,165,289,285,282,216,207,226,262,254,71,154,180,294,,76,,176,b'\x11\xe8\xe1I\xd7\x81V\x0e\x98|\x12\xdf\x17\xaeN\x1e'
11E8E149-D785-AAEC-987C-12DF17AE4E1E,2018-ncaa-d2-conf-NSIC,ncaa,6,6,9,6,9,14,10,8,12,7,4,12,12,13,9,13,15,12,15,12,15,9,10,12,14,11,15,13,13,9,11,14,4,14,12,5,3,1,1,3,4,3,6,3,,,7,11,,,5,12,10,5,12,6,4,6,3,12,13,14,11,11,4,8,8,12,11,4,1,4,4,,8,,,5,1,2,2,9,5,4,11,3,2,4,6,8,9,7,9,11,2,3,8,8,5,6,4,11,4,4,15,11,8,12,5,11,4,3,3,2,2,1,1,,,15,14,,,5,6,11,4,5,4,4,2,7,6,3,3,9,10,9,2,6,4,16,10,6,3,2,1,,14,,,b'\x11\xe8\xe1I\xd7\x85\xaa\xec\x98|\x12\xdf\x17\xaeN\x1e'
11E8E149-D785-AAEC-987C-12DF17AE4E1E,2018-ncaa-d2-natl,ncaa,107,87,148,102,151,164,124,109,182,135,90,229,134,170,71,185,280,277,220,273,302,146,201,185,216,137,224,119,298,186,252,166,14,179,189,58,16,7,6,7,90,50,69,38,,,80,159,,,90,213,234,32,165,103,52,111,56,122,165,293,289,287,106,218,189,162,179,36,3,77,58,,84,,,87,49,63,60,164,84,73,168,69,80,113,134,73,64,203,61,112,51,68,150,154,115,110,111,141,6,14,258,252,150,189,132,220,139,76,131,7,7,32,19,,,274,287,,,90,99,133,69,88,53,66,35,89,73,71,83,83,73,67,26,43,9,280,159,147,123,5,40,,291,,,b'\x11\xe8\xe1I\xd7\x85\xaa\xec\x98|\x12\xdf\x17\xaeN\x1e'
11E8E149-D785-AAEC-987C-12DF17AE4E1E,2019-ncaa-d2-conf-NSIC,ncaa,2,2,1,2,2,2,2,2,6,1,1,9,8,9,3,14,10,10,7,9,16,2,2,9,10,5,16,14,13,6,12,2,4,2,8,1,1,4,2,1,1,1,1,1,,,8,5,,,1,1,10,15,9,5,6,2,2,13,15,14,14,14,8,10,11,8,9,1,2,1,2,,2,,,1,4,3,11,2,4,6,2,6,10,2,9,10,11,7,11,10,10,14,2,2,1,12,9,12,6,4,16,12,14,8,7,13,1,1,1,4,4,2,1,,,8,11,,,1,16,5,1,1,1,1,1,1,3,2,8,3,4,4,1,5,3,14,7,3,2,4,2,,13,,,b'\x11\xe8\xe1I\xd7\x85\xaa\xec\x98|\x12\xdf\x17\xaeN\x1e'
11E8E149-D785-AAEC-987C-12DF17AE4E1E,2019-ncaa-d2-natl,ncaa,36,36,46,36,74,95,62,65,103,51,43,148,119,164,51,215,254,269,89,269,306,90,163,116,144,66,257,167,296,206,269,78,12,124,160,27,20,10,6,2,41,18,31,10,,,73,67,,,38,144,269,304,158,84,100,78,66,154,219,289,297,296,175,280,254,129,208,24,1,50,35,,24,,,40,33,36,96,38,44,86,59,99,154,39,222,119,92,250,98,157,88,132,44,48,28,219,195,211,33,12,284,269,210,160,127,255,71,43,65,30,31,24,7,,,235,265,,,38,162,79,17,38,11,13,15,15,21,61,102,60,48,49,11,20,10,238,115,80,98,16,15,,294,,,b'\x11\xe8\xe1I\xd7\x85\xaa\xec\x98|\x12\xdf\x17\xaeN\x1e'
11E8E149-D785-AAEC-987C-12DF17AE4E1E,2020-ncaa-d2-conf-NSIC,ncaa,1,1,1,1,1,3,1,3,2,2,2,2,4,11,4,14,10,10,9,10,14,3,4,3,3,3,14,13,15,14,16,4,7,6,13,1,1,3,2,1,3,3,1,1,,,3,1,,,1,2,13,2,6,3,9,2,6,12,14,14,12,12,9,15,15,9,14,1,2,3,1,,1,,,1,3,7,15,1,9,16,2,5,6,3,6,7,6,8,7,3,13,15,1,1,1,4,6,8,13,7,14,16,14,13,5,4,3,3,3,6,7,1,1,,,5,8,,,1,15,5,1,1,1,2,4,7,10,2,2,2,2,3,1,5,7,10,9,3,3,5,1,,12,,,b'\x11\xe8\xe1I\xd7\x85\xaa\xec\x98|\x12\xdf\x17\xaeN\x1e'
11E8E149-D785-AAEC-987C-12DF17AE4E1E,2020-ncaa-d2-natl,ncaa,11,37,1,34,1,25,20,33,36,21,32,46,75,103,40,187,122,146,88,140,262,49,73,43,45,27,215,167,263,273,302,24,37,99,204,8,24,43,16,4,63,96,13,20,,,143,54,,,49,31,260,34,101,59,185,62,143,139,197,218,247,249,199,291,304,117,271,18,5,125,25,,30,,,58,228,247,278,100,242,284,73,203,193,196,102,146,130,209,134,46,271,264,97,85,91,105,155,95,138,37,302,302,275,204,198,114,89,146,124,134,89,15,4,,,46,86,,,49,280,59,76,56,62,96,96,107,154,106,65,49,43,43,58,51,36,189,120,86,174,43,3,,201,,,b'\x11\xe8\xe1I\xd7\x85\xaa\xec\x98|\x12\xdf\x17\xaeN\x1e'
11E8E149-D785-AAEC-987C-12DF17AE4E1E,2021-ncaa-d2-conf-NSIC,ncaa,1,1,9,1,14,9,8,14,1,8,14,1,10,13,1,8,11,14,3,14,12,15,15,1,1,1,11,8,15,14,10,12,8,13,7,6,3,1,2,1,13,11,3,2,,,1,1,,,1,15,16,16,9,5,13,5,12,7,11,12,14,14,16,16,14,13,14,2,1,12,3,,1,,,1,1,1,3,3,2,5,3,3,1,11,4,2,1,16,1,1,3,3,4,5,5,6,9,7,5,8,2,10,2,7,2,10,13,7,8,1,3,1,1,,,15,6,,,1,2,1,5,1,2,2,2,2,6,4,2,1,1,1,2,2,5,3,2,3,13,1,1,,14,,,b'\x11\xe8\xe1I\xd7\x85\xaa\xec\x98|\x12\xdf\x17\xaeN\x1e'
11E8E149-D785-AAEC-987C-12DF17AE4E1E,2021-ncaa-d2-natl,ncaa,27,8,114,11,120,110,107,134,23,100,129,42,100,139,20,129,129,150,14,150,171,137,150,27,21,6,142,107,156,177,190,121,51,143,102,69,47,35,10,4,162,174,38,26,,,42,12,,,41,144,221,78,88,76,170,77,131,89,149,135,181,181,176,225,207,127,187,40,4,200,27,,3,,,40,79,83,89,56,82,106,26,88,72,172,68,76,49,226,52,17,85,79,53,72,103,123,124,114,62,51,82,190,74,102,73,85,167,182,149,37,27,20,6,,,141,87,,,41,83,12,92,28,33,43,52,53,116,80,40,62,10,10,32,10,46,49,31,50,208,10,6,,193,,,b'\x11\xe8\xe1I\xd7\x85\xaa\xec\x98|\x12\xdf\x17\xaeN\x1e'
11E8E149-D785-AAEC-987C-12DF17AE4E1E,2022-ncaa-d2-conf-NSIC,ncaa,1,1,1,1,1,2,2,4,1,1,5,1,8,10,5,13,10,11,3,11,14,5,6,1,1,1,15,13,14,13,14,1,2,5,3,1,1,4,3,1,5,6,1,1,,,3,1,,,1,4,13,11,4,2,13,2,9,12,15,13,13,13,13,16,15,4,11,1,1,7,1,,1,,,1,3,5,12,1,10,13,1,2,5,1,3,5,5,13,5,1,11,12,1,1,1,2,2,8,8,2,6,14,9,3,2,2,5,8,3,9,7,1,1,,,8,8,,,1,14,1,1,1,1,1,5,3,11,1,3,2,2,2,4,4,5,1,1,1,9,4,1,,13,,,b'\x11\xe8\xe1I\xd7\x85\xaa\xec\x98|\x12\xdf\x17\xaeN\x1e'
11E8E149-D785-AAEC-987C-12DF17AE4E1E,2022-ncaa-d2-natl,ncaa,22,16,47,19,54,66,46,102,11,34,101,8,113,121,108,135,179,216,21,211,267,115,165,16,23,11,258,186,270,277,279,45,14,124,85,23,33,27,21,3,118,133,11,10,,,37,13,,,26,110,267,175,88,45,215,41,183,150,181,243,272,266,245,293,296,57,224,17,7,170,15,,3,,,26,103,140,219,26,178,243,42,55,124,19,90,88,64,266,63,25,200,167,20,16,59,42,65,100,49,14,162,279,110,85,98,78,211,242,165,109,113,40,20,,,170,168,,,26,200,32,34,23,13,29,99,83,182,26,65,39,28,31,61,21,16,60,22,42,267,57,19,,273,,,b'\x11\xe8\xe1I\xd7\x85\xaa\xec\x98|\x12\xdf\x17\xaeN\x1e'
11E8E149-D785-AAEC-987C-12DF17AE4E1E,2023-ncaa-d2-conf-NSIC,ncaa,1,1,1,1,1,2,2,4,1,2,6,1,4,4,4,6,3,5,2,5,5,4,5,1,1,1,12,12,12,13,10,1,8,4,3,2,3,6,4,1,5,6,1,2,,,8,2,,,1,3,13,10,3,2,15,2,14,8,11,7,10,10,14,15,15,6,10,3,2,6,2,,1,,,1,5,3,14,1,6,15,1,5,4,11,3,7,13,1,10,6,14,15,1,1,1,7,5,10,13,8,2,10,5,3,3,5,3,3,2,9,7,1,1,,,4,4,,,1,14,1,1,1,1,1,3,3,10,2,2,3,8,7,3,5,10,1,1,1,4,5,1,,10,,,b'\x11\xe8\xe1I\xd7\x85\xaa\xec\x98|\x12\xdf\x17\xaeN\x1e'
11E8E149-D785-AAEC-987C-12DF17AE4E1E,2023-ncaa-d2-natl,ncaa,4,10,2,8,2,6,4,15,4,8,31,3,41,39,102,109,29,65,12,64,184,17,20,8,7,4,230,174,222,229,274,5,27,29,94,10,139,188,50,26,40,122,2,9,,,201,31,,,10,7,238,183,47,28,229,33,218,118,133,161,223,226,243,290,292,80,236,53,21,154,9,,17,,,14,272,263,290,35,267,291,14,204,199,172,61,242,250,115,251,77,291,291,40,38,53,118,121,155,194,27,275,274,261,94,157,36,46,156,70,227,107,50,11,,,24,117,,,10,292,17,34,12,20,30,70,49,171,70,47,77,78,78,51,40,34,31,20,14,199,63,7,,229,,,b'\x11\xe8\xe1I\xd7\x85\xaa\xec\x98|\x12\xdf\x17\xaeN\x1e'
11E8E149-D785-AAEC-987C-12DF17AE4E1E,2024-ncaa-d2-conf-NSIC,ncaa,5,6,1,6,1,4,3,3,2,2,2,2,5,8,4,10,4,3,5,3,5,4,4,2,3,3,11,10,9,9,9,7,7,9,10,4,9,4,4,2,5,8,4,4,,,10,4,,,6,4,8,8,4,3,8,2,6,9,12,5,6,5,9,9,11,9,11,5,1,8,5,,5,,,6,12,12,11,7,13,12,6,6,5,7,3,13,13,10,13,8,12,11,6,7,6,5,4,13,11,7,11,9,13,10,8,7,3,6,5,4,5,2,2,,,3,2,,,6,12,4,6,6,7,7,6,9,10,4,3,11,11,11,7,7,8,4,4,7,5,4,1,,4,,,b'\x11\xe8\xe1I\xd7\x85\xaa\xec\x98|\x12\xdf\x17\xaeN\x1e'
11E8E149-D785-AAEC-987C-12DF17AE4E1E,2024-ncaa-d2-natl,ncaa,73,74,78,76,93,87,67,118,27,51,97,30,140,172,88,199,149,165,99,160,218,124,155,36,44,36,239,200,226,256,267,111,59,170,183,92,169,42,51,45,191,205,29,32,,,132,114,,,78,121,199,167,92,58,183,53,128,165,212,178,200,197,193,252,274,138,237,99,30,219,28,,83,,,77,159,163,166,132,202,217,125,59,72,73,48,205,185,245,181,123,169,154,105,119,143,66,41,205,79,59,192,267,154,183,131,111,180,197,168,67,72,87,59,,,117,85,,,78,174,68,129,78,99,108,102,171,194,40,39,170,143,140,104,75,48,141,92,101,206,48,66,,154,,,b'\x11\xe8\xe1I\xd7\x85\xaa\xec\x98|\x12\xdf\x17\xaeN\x1e'
11E8E149-D785-AAEC-987C-12DF17AE4E1E,2025-ncaa-d2-conf-NSIC,genius_ncaa,10,10,9,10,10,12,9,10,7,7,5,13,12,11,9,11,15,15,15,15,15,11,11,11,15,13,13,11,15,9,11,9,7,9,9,9,8,3,6,6,15,15,7,7,,,3,5,,6,10,12,14,6,13,8,8,5,4,11,12,15,15,15,11,12,11,7,8,8,3,15,7,,2,,6,10,5,2,4,4,5,9,2,6,4,15,7,12,8,15,8,9,5,3,5,7,13,9,6,13,5,7,9,11,9,9,2,4,13,14,9,6,10,7,6,,,12,13,,9,10,4,13,11,10,7,4,6,6,11,7,5,13,7,7,8,2,6,11,10,4,15,7,10,,14,,8,b'\x11\xe8\xe1I\xd7\x85\xaa\xec\x98|\x12\xdf\x17\xaeN\x1e'
11E8E149-D785-AAEC-987C-12DF17AE4E1E,2025-ncaa-d2-natl,genius_ncaa,187,222,109,201,134,155,104,112,112,101,86,148,128,153,72,163,284,283,203,283,299,147,180,116,166,118,244,121,296,201,234,102,56,146,159,91,124,37,40,41,291,297,86,105,,,65,69,,85,224,169,237,139,182,90,98,83,84,133,171,293,293,293,172,246,221,95,173,93,26,299,86,,49,,84,212,231,233,196,223,212,207,164,227,143,292,122,197,122,299,117,80,185,104,231,248,292,167,187,137,71,56,209,234,156,159,116,43,284,295,274,99,115,138,104,,,243,249,,238,224,126,139,281,220,219,218,188,202,202,217,132,181,109,104,160,41,55,207,139,108,296,81,136,,279,,246,b'\x11\xe8\xe1I\xd7\x85\xaa\xec\x98|\x12\xdf\x17\xaeN\x1e'
11E8E149-D785-AAEC-987C-12DF17AE4E1E,2026-ncaa-d2-conf-NSIC,genius_ncaa,1,1,2,1,4,6,4,3,11,3,3,9,13,6,15,11,8,10,2,10,14,4,8,14,13,7,15,14,8,4,5,11,7,7,8,9,12,2,1,3,6,7,5,6,,,6,9,,1,4,13,15,5,7,4,3,2,2,13,9,9,12,12,3,9,4,13,9,10,1,8,6,,4,,1,4,4,5,5,5,8,10,4,1,2,5,2,11,8,11,8,9,5,6,2,5,4,4,1,16,7,7,7,5,8,8,2,2,2,2,1,3,3,9,6,,,10,12,,1,4,4,5,3,4,1,2,2,6,9,1,2,11,9,9,2,4,6,7,7,1,3,3,8,,13,,3,b'\x11\xe8\xe1I\xd7\x85\xaa\xec\x98|\x12\xdf\x17\xaeN\x1e'
11E8E149-D785-AAEC-987C-12DF17AE4E1E,2026-ncaa-d2-natl,genius_ncaa,30,53,59,59,61,50,43,72,57,49,90,50,50,64,79,94,128,202,1,189,253,88,117,54,42,23,163,110,242,123,156,121,133,120,147,57,148,53,10,17,188,216,40,74,,,174,146,,60,73,123,267,10,50,39,64,64,126,66,81,163,258,244,100,211,175,192,189,71,9,230,54,,106,,38,79,205,206,183,217,245,243,178,67,66,133,19,232,184,289,185,100,187,166,177,203,232,38,26,210,154,133,184,156,168,147,60,9,172,210,76,64,32,191,161,,,129,165,,97,73,172,20,227,87,154,162,111,242,233,38,14,210,141,141,114,62,110,112,111,19,228,27,178,,199,,129,b'\x11\xe8\xe1I\xd7\x85\xaa\xec\x98|\x12\xdf\x17\xaeN\x1e'
11E8E149-D789-FB56-987C-12DF17AE4E1E,2018-ncaa-d2-conf-NSIC,ncaa,13,12,9,13,14,11,13,10,10,13,14,7,8,7,13,5,8,9,2,9,6,11,16,11,9,5,4,9,5,16,16,13,15,16,16,13,12,2,4,6,10,10,10,10,,,1,1,,,12,14,9,14,8,12,7,11,13,8,4,7,9,9,9,15,15,10,16,13,2,10,9,,3,,,12,9,12,8,12,13,10,12,9,9,12,7,5,5,12,5,4,6,7,11,11,12,5,8,3,11,15,8,16,11,16,6,4,10,11,10,3,4,10,11,,,9,4,,,12,3,8,13,12,13,14,15,15,12,11,9,5,5,5,13,11,14,13,14,9,8,3,11,,6,,,b'\x11\xe8\xe1I\xd7\x89\xfbV\x98|\x12\xdf\x17\xaeN\x1e'
11E8E149-D789-FB56-987C-12DF17AE4E1E,2018-ncaa-d2-natl,ncaa,225,245,148,236,188,179,182,195,173,205,234,137,126,105,179,72,183,248,15,244,188,206,256,156,135,80,91,98,152,292,305,191,193,255,285,209,212,7,12,47,276,279,108,113,,,17,16,,,227,240,260,226,188,195,211,232,250,112,92,179,250,247,237,293,298,213,286,218,3,282,97,,9,,,224,196,241,183,232,220,200,204,209,146,272,147,48,29,287,26,21,142,82,230,220,276,94,200,24,159,193,216,305,194,285,140,50,289,293,275,17,45,253,289,,,219,100,,,227,73,127,278,221,211,247,221,239,221,218,161,44,28,29,168,78,173,245,226,156,294,17,267,,226,,,b'\x11\xe8\xe1I\xd7\x89\xfbV\x98|\x12\xdf\x17\xaeN\x1e'
11E8E149-D789-FB56-987C-12DF17AE4E1E,2019-ncaa-d2-conf-NSIC,ncaa,14,14,9,14,16,12,13,11,10,12,11,13,12,12,6,12,3,4,5,5,5,11,10,10,8,10,6,11,2,13,15,10,13,13,14,13,12,9,10,13,12,15,10,11,,,2,3,,,14,9,5,14,11,13,11,12,8,11,11,3,4,5,10,6,13,9,13,13,10,12,10,,4,,,14,13,13,13,12,11,14,12,10,9,11,8,9,6,16,6,5,13,8,12,12,13,5,8,7,13,13,8,15,10,14,11,6,14,16,14,12,13,5,7,,,9,5,,,14,8,13,13,14,15,14,14,13,16,10,10,11,9,8,15,11,14,12,13,12,13,13,7,,6,,,b'\x11\xe8\xe1I\xd7\x89\xfbV\x98|\x12\xdf\x17\xaeN\x1e'
11E8E149-D789-FB56-987C-12DF17AE4E1E,2019-ncaa-d2-natl,ncaa,232,244,182,238,225,169,195,232,123,197,212,142,150,200,61,178,91,132,37,133,83,224,245,114,84,80,102,157,56,290,293,172,160,247,257,223,250,52,107,161,285,295,178,198,,,38,41,,,236,204,178,291,148,183,253,178,204,139,192,64,115,113,226,260,292,154,264,232,71,290,165,,40,,,231,222,257,198,246,262,219,228,174,134,234,111,108,57,305,56,38,172,110,236,229,286,67,121,66,149,160,183,293,171,257,182,97,291,301,293,135,202,133,158,,,167,67,,,236,103,128,282,232,258,273,266,280,275,205,156,129,68,72,236,140,166,220,207,215,300,159,137,,152,,,b'\x11\xe8\xe1I\xd7\x89\xfbV\x98|\x12\xdf\x17\xaeN\x1e'
11E8E149-D789-FB56-987C-12DF17AE4E1E,2020-ncaa-d2-conf-NSIC,ncaa,14,14,9,14,16,14,15,12,15,15,14,14,12,7,14,3,13,12,11,12,5,12,14,15,15,14,3,3,5,11,13,16,16,15,16,16,15,10,11,15,7,7,12,13,,,4,5,,,15,12,5,15,14,15,11,15,13,11,4,11,10,10,10,9,11,16,15,16,12,7,11,,7,,,15,16,16,9,16,16,15,16,6,4,13,4,2,1,16,1,1,6,6,16,16,15,1,4,1,11,16,12,13,12,16,12,7,9,9,12,11,12,5,9,,,10,4,,,15,6,15,15,15,16,16,14,16,16,7,6,4,1,1,12,11,14,14,14,14,6,13,7,,6,,,b'\x11\xe8\xe1I\xd7\x89\xfbV\x98|\x12\xdf\x17\xaeN\x1e'
11E8E149-D789-FB56-987C-12DF17AE4E1E,2020-ncaa-d2-natl,ncaa,267,279,173,272,210,212,229,208,223,243,248,182,150,105,218,73,178,166,176,172,78,209,223,208,197,197,86,102,103,243,268,194,103,229,231,256,273,120,157,224,248,249,230,262,,,104,133,,,287,201,170,227,212,236,207,249,252,144,96,152,160,164,205,219,248,186,239,269,123,260,238,,114,,,284,272,288,198,303,295,244,296,172,91,288,76,115,60,310,61,26,171,96,299,299,307,29,89,48,70,103,213,268,157,231,255,126,284,292,301,193,220,105,156,,,159,67,,,287,112,215,301,282,282,293,236,298,273,184,105,125,57,56,204,102,72,246,182,257,296,195,106,,118,,,b'\x11\xe8\xe1I\xd7\x89\xfbV\x98|\x12\xdf\x17\xaeN\x1e'
11E8E149-D789-FB56-987C-12DF17AE4E1E,2021-ncaa-d2-conf-NSIC,ncaa,15,15,4,15,7,10,14,8,15,15,6,16,9,10,5,11,8,8,10,7,6,9,8,15,15,15,2,6,1,15,16,14,15,14,16,16,16,12,14,16,4,5,11,13,,,9,6,,,15,6,11,9,15,16,15,16,10,11,14,11,10,9,14,13,16,16,16,16,9,4,11,,6,,,15,12,14,9,16,16,10,16,7,8,8,5,9,10,5,11,8,10,11,15,15,12,3,5,3,12,15,13,16,12,16,14,7,4,2,6,14,14,16,16,,,6,4,,,15,10,15,14,15,11,13,5,16,9,7,5,6,7,8,4,7,10,13,12,11,3,13,16,,7,,,b'\x11\xe8\xe1I\xd7\x89\xfbV\x98|\x12\xdf\x17\xaeN\x1e'
11E8E149-D789-FB56-987C-12DF17AE4E1E,2021-ncaa-d2-natl,ncaa,175,191,114,191,123,146,157,139,187,161,131,213,128,153,42,152,104,119,39,116,92,139,139,184,168,161,36,85,23,189,220,159,168,176,222,178,213,98,140,205,94,81,136,164,,,93,94,,,201,131,129,121,192,202,191,207,133,126,177,84,126,113,182,192,221,216,226,215,94,87,156,,78,,,196,119,127,91,217,147,108,214,78,69,173,47,101,92,144,92,93,92,94,207,208,190,34,54,77,96,168,133,220,120,222,137,105,111,71,119,129,172,192,215,,,110,31,,,201,94,193,185,199,154,173,63,190,131,73,31,102,91,94,60,84,89,188,162,156,82,142,208,,91,,,b'\x11\xe8\xe1I\xd7\x89\xfbV\x98|\x12\xdf\x17\xaeN\x1e'
11E8E149-D789-FB56-987C-12DF17AE4E1E,2022-ncaa-d2-conf-NSIC,ncaa,16,13,16,16,16,16,16,16,9,16,16,13,12,15,2,7,15,15,2,14,6,16,16,5,6,10,5,5,9,16,15,16,7,16,9,16,13,3,15,14,16,16,12,11,,,1,4,,,14,16,11,6,13,13,14,13,12,6,12,11,11,11,16,13,14,9,13,14,14,16,11,,4,,,14,1,2,2,16,3,2,12,3,2,14,6,1,1,5,1,4,2,1,14,13,15,3,6,2,2,7,1,15,1,9,4,9,16,12,13,5,16,7,10,,,14,4,,,14,1,14,15,15,13,15,8,15,12,10,6,5,5,5,6,5,7,5,6,14,13,16,9,,7,,,b'\x11\xe8\xe1I\xd7\x89\xfbV\x98|\x12\xdf\x17\xaeN\x1e'
11E8E149-D789-FB56-987C-12DF17AE4E1E,2022-ncaa-d2-natl,ncaa,263,254,248,269,258,264,263,271,170,270,271,194,184,218,96,105,255,263,91,263,186,279,282,156,155,158,87,76,180,287,277,214,44,256,179,259,223,36,163,203,292,290,213,189,,,16,43,,,232,276,244,142,240,244,252,252,242,117,154,220,234,233,269,270,281,111,226,245,104,292,187,,23,,,231,53,106,57,245,105,48,256,129,119,158,239,11,10,152,8,24,36,20,246,220,258,78,209,13,17,44,64,277,36,179,134,175,288,267,282,109,242,179,264,,,247,73,,,232,26,194,247,233,181,239,190,228,128,214,228,22,25,18,121,42,46,179,114,220,286,205,248,,173,,,b'\x11\xe8\xe1I\xd7\x89\xfbV\x98|\x12\xdf\x17\xaeN\x1e'
11E8E149-D789-FB56-987C-12DF17AE4E1E,2023-ncaa-d2-conf-NSIC,ncaa,10,10,8,10,11,10,10,11,10,11,12,9,7,8,8,4,10,11,3,11,11,11,10,8,8,10,5,4,8,12,12,6,14,11,12,14,15,14,12,16,16,16,8,8,,,3,1,,,13,9,6,7,9,11,10,11,11,6,7,10,12,12,10,8,12,5,9,15,14,16,8,,4,,,13,13,15,16,10,15,12,14,11,16,4,12,5,5,4,6,2,16,9,10,7,15,4,7,3,16,14,8,12,14,12,15,9,15,16,16,15,16,5,8,,,9,5,,,13,8,10,16,14,15,16,16,14,14,11,15,5,4,6,16,13,15,11,14,15,15,15,6,,7,,,b'\x11\xe8\xe1I\xd7\x89\xfbV\x98|\x12\xdf\x17\xaeN\x1e'
11E8E149-D789-FB56-987C-12DF17AE4E1E,2023-ncaa-d2-natl,ncaa,183,239,68,217,79,122,111,106,153,151,128,169,72,81,78,78,196,239,22,246,263,124,117,126,122,138,84,61,228,249,277,57,148,114,224,210,274,186,164,218,293,298,83,138,,,60,16,,,265,78,117,86,170,157,137,205,186,77,90,230,275,277,194,193,273,51,171,249,147,298,92,,27,,,255,283,288,280,229,285,267,257,239,271,91,191,126,101,213,111,39,275,230,216,191,276,47,139,23,231,148,259,277,258,224,265,97,275,296,294,276,266,175,169,,,159,192,,,265,223,184,278,251,273,284,285,284,267,221,252,82,74,82,280,204,204,238,239,236,294,254,155,,219,,,b'\x11\xe8\xe1I\xd7\x89\xfbV\x98|\x12\xdf\x17\xaeN\x1e'
11E8E149-D789-FB56-987C-12DF17AE4E1E,2024-ncaa-d2-conf-NSIC,ncaa,12,10,13,12,14,11,14,11,15,14,9,15,11,13,5,9,9,7,14,8,4,10,9,15,15,15,4,6,2,10,13,6,15,10,15,14,14,13,13,15,15,15,5,7,,,2,2,,,15,8,2,10,10,11,6,13,5,6,9,8,3,3,5,2,9,2,6,14,15,15,4,,4,,,15,14,15,15,8,14,14,8,12,13,9,11,2,5,1,5,1,15,13,8,6,10,6,12,1,15,15,15,13,15,15,15,12,15,15,15,13,14,13,13,,,7,6,,,15,8,15,15,15,15,15,15,15,15,13,15,3,6,6,15,15,15,15,15,15,14,14,14,,3,,,b'\x11\xe8\xe1I\xd7\x89\xfbV\x98|\x12\xdf\x17\xaeN\x1e'
11E8E149-D789-FB56-987C-12DF17AE4E1E,2024-ncaa-d2-natl,ncaa,229,234,207,235,240,212,214,204,230,227,174,258,147,203,66,178,220,190,230,184,180,198,200,209,217,217,92,98,159,262,282,75,251,162,271,247,257,164,197,245,293,299,65,100,,,23,8,,,282,158,33,227,189,196,125,213,109,125,168,173,148,142,124,96,260,9,79,245,202,298,37,,37,,,279,256,280,279,191,274,269,176,264,256,221,193,24,41,13,38,7,265,193,194,132,256,53,225,6,289,251,254,282,280,271,271,170,288,299,297,245,259,278,291,,,144,90,,,282,140,245,285,278,289,296,299,291,297,281,282,33,64,60,298,285,294,289,296,287,293,262,296,,75,,,b'\x11\xe8\xe1I\xd7\x89\xfbV\x98|\x12\xdf\x17\xaeN\x1e'
11E8E149-D789-FB56-987C-12DF17AE4E1E,2025-ncaa-d2-conf-NSIC,genius_ncaa,12,13,9,13,10,9,8,7,10,11,11,12,3,1,6,2,11,11,5,11,11,9,9,8,8,6,4,2,12,8,9,13,14,10,12,12,14,4,4,11,11,11,5,5,,,5,4,,2,11,9,8,6,8,7,3,12,11,2,1,11,11,11,6,7,8,12,9,13,4,10,6,,8,,2,11,14,15,11,14,14,8,12,10,8,14,9,6,4,11,6,7,10,7,13,12,14,7,9,4,13,14,14,9,15,12,12,8,11,12,14,10,11,6,12,,,11,12,,11,11,7,7,15,11,15,15,14,13,10,12,10,6,6,6,14,10,13,15,15,12,11,11,7,,11,,11,b'\x11\xe8\xe1I\xd7\x89\xfbV\x98|\x12\xdf\x17\xaeN\x1e'
11E8E149-D789-FB56-987C-12DF17AE4E1E,2025-ncaa-d2-natl,genius_ncaa,195,258,72,223,87,87,74,51,145,136,153,130,24,21,96,29,208,253,21,249,266,82,108,102,116,84,57,28,274,183,253,105,175,138,248,173,268,67,37,121,238,277,43,55,,,120,51,,15,247,86,138,155,93,84,54,180,212,24,20,252,279,279,102,171,219,142,204,211,44,268,44,,73,,7,232,291,293,270,278,283,253,250,292,257,294,206,155,125,264,133,60,266,222,286,279,297,150,244,33,223,175,284,253,278,248,290,197,247,284,298,197,184,147,160,,,206,260,,201,247,218,105,297,233,287,290,274,266,232,285,238,112,84,93,264,176,193,268,250,274,274,168,122,,271,,226,b'\x11\xe8\xe1I\xd7\x89\xfbV\x98|\x12\xdf\x17\xaeN\x1e'
11E8E149-D789-FB56-987C-12DF17AE4E1E,2026-ncaa-d2-conf-NSIC,genius_ncaa,15,15,2,15,4,12,12,11,12,13,7,15,8,15,2,12,9,6,14,7,10,11,11,11,10,9,6,8,6,13,13,8,10,11,13,14,13,10,8,13,15,15,3,3,,,12,12,,3,14,9,11,5,15,14,13,15,9,10,14,10,7,8,14,14,13,10,14,14,8,15,3,,13,,3,14,13,14,11,14,12,9,14,11,10,7,9,14,15,7,15,15,13,9,15,14,16,11,9,11,10,10,14,13,13,13,11,9,15,16,15,6,7,9,8,,,6,6,,15,14,6,14,16,15,14,14,9,12,8,10,9,15,16,16,12,7,9,15,12,11,16,6,8,,8,,15,b'\x11\xe8\xe1I\xd7\x89\xfbV\x98|\x12\xdf\x17\xaeN\x1e'
11E8E149-D789-FB56-987C-12DF17AE4E1E,2026-ncaa-d2-natl,genius_ncaa,246,272,59,268,67,93,108,111,113,133,107,208,66,140,18,164,96,116,85,112,154,114,141,101,95,62,76,88,138,259,287,121,175,176,271,187,261,66,36,141,253,282,71,97,,,206,179,,60,275,115,216,51,128,156,188,192,161,88,181,120,158,157,186,267,280,192,268,241,20,283,101,,161,,38,259,265,267,226,292,265,200,291,246,238,221,190,243,240,186,235,218,230,186,292,291,295,133,160,130,182,175,246,287,235,271,210,53,245,291,283,76,64,137,111,,,129,125,,188,275,186,112,294,260,286,285,217,271,161,240,219,228,219,217,235,113,148,248,212,192,290,39,112,,199,,224,b'\x11\xe8\xe1I\xd7\x89\xfbV\x98|\x12\xdf\x17\xaeN\x1e'
11E8E149-D78F-A808-987C-12DF17AE4E1E,2018-ncaa-d2-conf-NSIC,ncaa,9,9,6,10,8,6,7,2,13,5,3,14,14,14,11,15,4,2,16,2,3,2,2,14,13,14,14,15,3,1,3,11,6,4,5,12,13,12,8,13,2,2,12,12,,,15,14,,,9,2,2,10,5,7,2,5,2,15,14,3,2,2,2,1,1,11,4,11,12,2,12,,16,,,9,10,10,4,14,8,6,16,6,8,9,8,14,14,14,14,13,4,12,12,14,7,9,6,13,5,6,11,3,7,5,7,6,2,2,2,11,9,16,14,,,5,6,,,9,15,13,7,10,11,10,3,9,7,6,8,15,14,14,5,13,5,12,8,7,2,11,16,,4,,,b'\x11\xe8\xe1I\xd7\x8f\xa8\x08\x98|\x12\xdf\x17\xaeN\x1e'
11E8E149-D78F-A808-987C-12DF17AE4E1E,2018-ncaa-d2-natl,ncaa,146,206,41,176,52,102,98,47,204,76,29,225,158,158,164,242,93,56,257,50,155,39,39,212,228,201,217,216,127,39,101,100,29,68,106,155,257,201,91,189,43,52,129,147,,,252,223,,,177,50,128,182,157,140,82,107,53,208,221,127,80,74,71,97,57,210,106,223,119,60,165,,195,,,175,263,253,201,240,235,184,238,227,197,230,166,236,207,275,208,191,212,224,241,261,208,182,168,181,53,29,289,101,223,106,226,148,56,69,111,199,110,308,286,,,72,166,,,177,259,175,156,176,168,168,71,148,84,177,132,191,148,149,74,110,19,233,116,161,88,129,305,,125,,,b'\x11\xe8\xe1I\xd7\x8f\xa8\x08\x98|\x12\xdf\x17\xaeN\x1e'
11E8E149-D78F-A808-987C-12DF17AE4E1E,2019-ncaa-d2-conf-NSIC,ncaa,9,9,9,9,10,5,5,5,8,3,2,11,14,15,8,15,2,1,14,1,8,4,3,12,13,12,13,15,4,2,2,6,7,3,4,9,14,15,9,11,4,4,9,7,,,16,15,,,9,3,2,2,1,2,2,1,1,14,14,1,1,1,1,1,1,2,1,9,15,4,7,,16,,,9,12,9,9,9,7,4,8,14,12,12,13,16,15,5,15,15,11,12,10,10,9,15,14,13,7,7,7,2,7,4,8,8,3,4,5,14,10,15,10,,,1,9,,,9,12,9,8,9,12,10,13,8,6,14,14,16,16,16,13,14,7,11,10,10,3,14,15,,1,,,b'\x11\xe8\xe1I\xd7\x8f\xa8\x08\x98|\x12\xdf\x17\xaeN\x1e'
11E8E149-D78F-A808-987C-12DF17AE4E1E,2019-ncaa-d2-natl,ncaa,166,123,260,147,262,160,161,182,133,121,112,174,225,261,86,265,124,114,197,114,161,176,197,149,152,131,226,234,107,143,126,166,30,163,84,189,229,70,88,139,127,73,153,95,,,193,275,,,123,207,72,7,50,53,36,40,16,179,227,53,43,38,24,33,77,47,49,140,156,61,117,,285,,,120,108,66,56,172,33,27,151,254,196,278,272,203,186,194,182,274,65,66,222,234,225,299,283,228,23,30,120,126,53,84,101,164,185,125,137,105,124,272,257,,,173,149,,,123,88,115,177,133,241,171,151,86,66,290,270,263,245,243,192,211,61,248,164,175,106,184,296,,61,,,b'\x11\xe8\xe1I\xd7\x8f\xa8\x08\x98|\x12\xdf\x17\xaeN\x1e'
11E8E149-D78F-A808-987C-12DF17AE4E1E,2020-ncaa-d2-conf-NSIC,ncaa,5,5,3,5,4,1,2,1,13,1,1,12,14,8,16,15,1,1,14,1,12,1,1,13,13,13,15,15,6,1,1,5,12,1,6,4,13,11,4,9,1,1,5,5,,,16,15,,,4,1,1,15,1,1,1,1,1,15,8,3,1,1,1,1,1,5,1,7,10,1,6,,16,,,4,14,9,11,7,5,7,7,15,12,12,8,14,16,2,16,16,15,16,8,9,3,14,10,13,16,12,16,1,16,6,10,14,1,1,2,8,3,15,8,,,1,15,,,4,16,8,2,5,7,7,7,6,5,11,10,13,14,14,9,16,12,15,15,10,1,7,14,,3,,,b'\x11\xe8\xe1I\xd7\x8f\xa8\x08\x98|\x12\xdf\x17\xaeN\x1e'
11E8E149-D78F-A808-987C-12DF17AE4E1E,2020-ncaa-d2-natl,ncaa,95,100,102,99,154,41,34,21,138,23,10,149,157,125,207,234,56,56,146,56,222,19,34,174,177,114,249,236,149,24,60,131,102,55,115,95,213,63,13,54,10,7,151,140,,,279,268,,,73,55,24,227,27,22,6,14,4,170,139,56,55,58,6,18,22,143,39,90,46,7,163,,284,,,74,219,175,155,188,121,96,191,267,236,253,243,252,226,246,230,257,166,235,219,240,139,281,250,220,107,102,276,60,222,115,218,227,27,26,76,39,14,233,109,,,104,238,,,73,251,81,114,81,198,149,112,104,64,254,229,238,214,218,135,241,97,269,211,205,24,35,226,,93,,,b'\x11\xe8\xe1I\xd7\x8f\xa8\x08\x98|\x12\xdf\x17\xaeN\x1e'
11E8E149-D78F-A808-987C-12DF17AE4E1E,2021-ncaa-d2-conf-NSIC,ncaa,6,9,4,8,4,2,2,1,12,1,1,12,6,5,13,14,2,1,16,1,10,1,1,14,14,13,15,15,10,1,2,4,10,1,9,3,11,11,3,3,1,1,15,16,,,16,16,,,6,1,1,1,1,1,1,1,1,8,7,2,1,1,1,1,1,5,2,3,7,1,16,,16,,,6,13,12,12,10,12,9,13,11,13,2,10,14,14,8,14,16,12,16,9,10,3,8,6,15,11,10,16,2,14,9,13,13,1,1,1,5,1,15,7,,,1,11,,,6,16,8,4,6,13,11,8,10,5,8,10,16,15,15,12,16,9,16,15,10,1,5,15,,1,,,b'\x11\xe8\xe1I\xd7\x8f\xa8\x08\x98|\x12\xdf\x17\xaeN\x1e'
11E8E149-D78F-A808-987C-12DF17AE4E1E,2021-ncaa-d2-natl,ncaa,83,95,114,81,114,75,73,66,130,60,33,146,117,119,122,187,65,42,183,42,118,62,81,150,153,108,173,176,89,35,66,105,59,77,105,76,135,85,16,41,16,9,184,210,,,197,218,,,49,90,10,11,16,14,6,13,1,113,106,18,9,7,5,5,20,53,18,52,54,4,208,,224,,,53,124,115,109,126,124,105,168,98,118,38,121,180,163,188,162,200,111,133,119,148,69,126,61,201,83,59,169,66,142,105,130,140,27,12,25,59,12,189,114,,,75,109,,,49,137,82,54,54,172,139,133,147,113,92,147,213,201,199,164,212,78,220,198,145,4,29,202,,9,,,b'\x11\xe8\xe1I\xd7\x8f\xa8\x08\x98|\x12\xdf\x17\xaeN\x1e'
11E8E149-D78F-A808-987C-12DF17AE4E1E,2022-ncaa-d2-conf-NSIC,ncaa,3,3,3,3,5,1,1,1,5,2,1,8,2,3,6,12,4,2,14,3,9,1,1,7,9,3,10,10,10,1,4,9,16,4,16,4,9,9,1,3,1,1,14,15,,,16,15,,,3,1,1,10,1,1,1,1,1,4,5,4,4,4,1,1,1,13,6,3,5,1,15,,16,,,3,15,9,11,7,7,8,9,14,16,5,15,16,16,14,16,15,12,16,8,10,2,16,14,15,15,16,16,4,16,16,15,16,1,1,1,3,1,16,12,,,2,9,,,3,16,3,3,3,9,4,7,2,3,14,15,15,13,13,7,16,15,16,16,13,1,2,16,,2,,,b'\x11\xe8\xe1I\xd7\x8f\xa8\x08\x98|\x12\xdf\x17\xaeN\x1e'
11E8E149-D78F-A808-987C-12DF17AE4E1E,2022-ncaa-d2-natl,ncaa,51,35,106,44,124,45,31,25,87,36,26,120,59,79,59,172,105,101,164,102,232,36,56,87,109,63,179,136,233,78,182,158,201,126,244,69,199,65,11,33,5,4,276,283,,,287,258,,,40,54,18,158,15,11,6,16,11,59,73,111,117,117,9,21,87,202,146,50,46,3,290,,292,,,34,209,175,162,175,141,96,225,238,259,111,263,246,212,262,213,256,176,248,202,216,81,258,221,223,205,201,286,182,274,244,240,247,9,8,35,41,6,290,249,,,82,182,,,40,248,57,77,46,196,153,126,103,46,232,257,230,194,195,143,276,176,289,273,224,7,24,291,,77,,,b'\x11\xe8\xe1I\xd7\x8f\xa8\x08\x98|\x12\xdf\x17\xaeN\x1e'
11E8E149-D78F-A808-987C-12DF17AE4E1E,2023-ncaa-d2-conf-NSIC,ncaa,2,2,1,2,2,1,1,1,3,1,1,4,2,2,7,15,1,1,11,1,7,1,1,4,4,4,15,15,7,1,1,10,12,1,9,1,7,13,1,2,1,1,9,9,,,16,16,,,2,1,1,11,1,1,1,1,1,5,6,1,1,1,1,1,1,14,4,1,5,1,11,,16,,,2,16,13,10,14,10,8,13,16,15,13,13,16,16,12,16,16,12,16,15,15,2,15,11,16,12,12,16,1,16,9,16,16,1,1,1,6,1,15,9,,,1,16,,,2,16,2,2,2,11,5,2,4,1,12,10,16,16,16,2,16,8,15,12,16,1,4,14,,3,,,b'\x11\xe8\xe1I\xd7\x8f\xa8\x08\x98|\x12\xdf\x17\xaeN\x1e'
11E8E149-D78F-A808-987C-12DF17AE4E1E,2023-ncaa-d2-natl,ncaa,19,15,47,15,64,10,6,6,31,7,6,34,76,69,115,211,22,22,132,24,208,7,11,52,51,27,249,219,192,28,88,122,108,62,162,24,193,86,7,18,2,1,172,162,,,294,282,,,11,13,8,208,4,4,3,2,6,94,94,29,38,47,4,10,40,226,107,19,39,1,206,,291,,,8,257,222,174,243,179,113,249,257,244,221,233,281,269,275,269,267,197,276,254,272,95,269,215,240,117,108,287,88,256,162,291,287,2,2,44,53,3,281,177,,,82,271,,,11,281,15,64,15,199,140,43,100,25,224,193,252,219,217,71,265,63,271,192,265,4,33,275,,142,,,b'\x11\xe8\xe1I\xd7\x8f\xa8\x08\x98|\x12\xdf\x17\xaeN\x1e'
11E8E149-D78F-A808-987C-12DF17AE4E1E,2024-ncaa-d2-conf-NSIC,ncaa,1,1,1,1,3,1,1,1,1,1,1,4,6,5,9,15,2,2,3,2,10,1,1,4,4,2,15,15,7,1,1,12,12,2,6,1,12,11,1,1,1,1,14,15,,,15,12,,,1,1,1,10,1,1,1,1,1,10,8,2,2,2,1,1,1,14,4,1,6,1,15,,15,,,1,9,7,6,9,8,3,15,10,12,3,13,9,10,7,10,15,7,15,10,10,1,11,10,7,14,12,14,1,14,6,14,14,1,1,1,7,1,8,1,,,2,13,,,1,15,2,1,1,3,4,2,6,1,9,11,8,8,8,2,14,11,11,10,13,1,5,7,,2,,,b'\x11\xe8\xe1I\xd7\x8f\xa8\x08\x98|\x12\xdf\x17\xaeN\x1e'
11E8E149-D78F-A808-987C-12DF17AE4E1E,2024-ncaa-d2-natl,ncaa,4,16,4,13,4,1,1,1,45,2,1,62,53,33,155,258,2,2,100,2,220,1,1,84,83,42,275,266,162,2,28,35,140,3,109,6,218,263,5,34,1,1,230,271,,,299,262,,,5,1,3,227,4,4,3,2,2,153,157,23,23,26,3,4,9,243,62,34,76,2,284,,286,,,5,298,294,288,215,290,250,284,270,294,42,251,289,288,180,288,242,291,299,220,227,24,168,153,181,254,140,299,28,299,109,299,273,1,1,14,247,12,268,42,,,5,234,,,5,299,18,13,8,134,128,37,120,19,141,210,166,154,150,48,278,81,238,172,235,2,81,180,,64,,,b'\x11\xe8\xe1I\xd7\x8f\xa8\x08\x98|\x12\xdf\x17\xaeN\x1e'
11E8E149-D78F-A808-987C-12DF17AE4E1E,2025-ncaa-d2-conf-NSIC,genius_ncaa,3,3,2,3,2,1,1,1,2,1,1,3,11,13,5,15,1,1,13,1,8,1,1,5,5,5,15,15,5,1,1,8,12,2,5,2,11,15,5,4,1,1,10,9,,,15,15,,9,2,1,1,10,1,1,1,1,1,14,15,1,1,1,1,1,1,13,2,2,14,1,10,,15,,8,2,15,12,9,12,7,5,13,13,12,11,11,15,15,1,15,15,13,15,12,13,2,13,10,15,10,12,15,1,14,5,15,14,1,1,1,15,7,11,2,,,1,9,,8,2,15,4,2,2,10,5,1,5,3,9,9,15,15,15,4,15,9,8,8,14,1,14,11,,1,,10,b'\x11\xe8\xe1I\xd7\x8f\xa8\x08\x98|\x12\xdf\x17\xaeN\x1e'
11E8E149-D78F-A808-987C-12DF17AE4E1E,2025-ncaa-d2-natl,genius_ncaa,24,47,15,37,21,3,3,5,9,1,2,27,143,157,124,287,2,2,183,2,120,4,4,32,38,26,291,288,110,4,23,58,149,10,80,17,222,279,50,66,2,3,202,225,,,301,295,,221,14,2,2,202,1,1,3,1,1,211,247,4,6,6,3,3,12,170,28,27,194,1,251,,301,,145,14,301,290,270,273,276,190,286,296,297,229,250,300,300,111,300,297,288,299,283,290,129,277,220,243,244,149,291,23,286,80,300,282,2,7,43,287,107,265,58,,,7,156,,201,14,300,16,90,25,277,227,125,175,36,265,260,284,284,284,202,295,142,202,171,283,3,226,221,,15,,246,b'\x11\xe8\xe1I\xd7\x8f\xa8\x08\x98|\x12\xdf\x17\xaeN\x1e'
11E8E149-D78F-A808-987C-12DF17AE4E1E,2026-ncaa-d2-conf-NSIC,genius_ncaa,1,1,2,1,9,1,1,1,2,1,1,8,4,8,3,15,3,3,6,3,13,1,1,5,4,4,14,13,10,1,1,11,12,3,6,3,11,9,3,4,1,1,10,11,,,15,14,,9,1,2,1,11,1,1,1,1,1,6,10,2,2,2,1,1,1,13,3,4,7,1,10,,16,,8,1,10,9,7,12,11,11,8,9,6,15,6,11,10,8,10,10,8,16,12,11,1,8,8,10,9,12,8,1,10,6,12,12,1,1,2,5,4,7,3,,,4,14,,11,1,16,1,1,1,9,8,5,10,10,7,4,11,11,11,6,16,8,8,9,12,1,5,6,,4,,11,b'\x11\xe8\xe1I\xd7\x8f\xa8\x08\x98|\x12\xdf\x17\xaeN\x1e'
11E8E149-D78F-A808-987C-12DF17AE4E1E,2026-ncaa-d2-natl,genius_ncaa,2,1,13,1,27,1,1,1,7,1,1,25,33,85,23,263,2,7,23,6,221,1,2,12,10,5,250,235,169,11,36,73,128,22,94,6,222,258,35,43,1,2,153,219,,,293,181,,256,1,2,1,88,1,1,1,1,1,86,171,10,32,30,1,1,18,226,88,11,161,1,199,,270,,219,3,271,272,259,276,272,267,246,250,198,287,111,239,233,190,235,135,262,295,277,278,78,124,161,113,193,128,258,36,242,94,275,181,1,3,18,249,61,220,62,,,13,227,,213,1,297,5,56,6,241,243,127,238,173,197,100,150,144,146,135,293,90,155,127,239,2,175,184,,41,,249,b'\x11\xe8\xe1I\xd7\x8f\xa8\x08\x98|\x12\xdf\x17\xaeN\x1e'
11E8E149-D79D-E74C-987C-12DF17AE4E1E,2018-ncaa-d2-conf-NSIC,ncaa,9,7,9,9,14,10,8,12,4,7,11,4,7,11,5,11,14,15,8,15,14,14,13,4,4,7,13,10,15,4,2,10,7,5,3,8,8,11,14,10,9,8,16,15,,,9,15,,,10,15,14,14,7,5,10,6,8,6,11,13,15,15,13,11,3,7,3,6,13,9,15,,11,,,10,7,3,3,7,1,1,7,16,15,14,15,6,6,8,6,16,3,2,14,13,15,16,16,9,6,7,1,2,2,3,12,16,11,10,13,9,12,9,9,,,16,16,,,10,2,5,12,9,10,7,4,1,1,16,16,6,6,6,6,4,7,2,2,14,9,12,10,,16,,,b'\x11\xe8\xe1I\xd7\x9d\xe7L\x98|\x12\xdf\x17\xaeN\x1e'
11E8E149-D79D-E74C-987C-12DF17AE4E1E,2018-ncaa-d2-natl,ncaa,179,112,293,156,298,264,226,299,53,245,286,65,158,226,45,108,300,306,111,306,295,302,304,48,66,87,181,75,300,205,26,275,61,254,12,198,126,20,158,89,290,237,297,263,,,25,227,,,152,305,299,226,161,101,210,135,211,94,141,295,300,300,259,271,99,148,108,94,96,266,291,,126,,,152,14,10,13,170,3,3,132,287,240,295,309,16,16,224,17,231,8,5,260,251,287,309,309,70,8,61,4,26,3,12,143,302,304,278,303,45,194,176,267,,,306,306,,,152,5,53,269,149,157,111,83,4,1,309,308,67,53,60,55,11,50,7,12,253,295,130,254,,308,,,b'\x11\xe8\xe1I\xd7\x9d\xe7L\x98|\x12\xdf\x17\xaeN\x1e'
11E8E149-D79D-E74C-987C-12DF17AE4E1E,2019-ncaa-d2-conf-NSIC,ncaa,12,12,9,12,9,13,10,12,2,8,11,3,13,13,4,10,16,16,10,16,15,14,15,3,3,9,14,10,15,12,10,14,8,14,9,8,6,11,14,10,11,9,16,16,,,5,10,,,12,15,14,1,13,7,12,6,8,12,12,16,16,16,13,13,12,14,14,7,12,9,16,,10,,,12,8,10,2,13,2,1,14,16,15,15,16,4,4,9,3,13,2,2,14,14,14,16,16,5,4,8,2,10,3,9,14,14,12,8,15,4,8,8,8,,,16,16,,,12,2,10,14,12,10,11,8,3,1,16,16,5,6,6,7,6,6,2,4,14,11,7,9,,16,,,b'\x11\xe8\xe1I\xd7\x9d\xe7L\x98|\x12\xdf\x17\xaeN\x1e'
11E8E149-D79D-E74C-987C-12DF17AE4E1E,2019-ncaa-d2-natl,ncaa,216,184,260,209,261,232,193,273,30,189,252,41,168,242,33,155,298,300,131,300,297,288,294,38,56,72,234,126,300,270,196,270,86,282,125,135,81,39,164,68,281,239,282,246,,,43,205,,,208,295,302,3,166,97,244,114,199,125,194,294,299,298,279,286,257,226,261,65,102,271,282,,110,,,209,81,66,29,250,13,8,224,302,251,306,307,55,39,272,36,220,21,12,293,296,302,309,310,84,21,86,13,196,10,125,161,265,296,262,296,18,91,90,159,,,304,287,,,208,16,83,294,223,219,171,87,37,10,305,295,119,87,83,68,26,56,43,38,244,295,51,145,,307,,,b'\x11\xe8\xe1I\xd7\x9d\xe7L\x98|\x12\xdf\x17\xaeN\x1e'
11E8E149-D79D-E74C-987C-12DF17AE4E1E,2020-ncaa-d2-conf-NSIC,ncaa,14,14,9,14,13,15,14,13,14,10,4,15,16,16,10,16,14,14,2,14,16,14,13,14,14,15,16,16,8,5,2,14,14,11,5,9,3,15,15,13,15,15,9,9,,,6,9,,,14,13,10,11,15,13,12,6,2,16,16,13,14,14,12,8,3,14,8,6,15,15,9,,8,,,14,11,10,6,11,2,1,8,16,16,16,16,6,4,12,4,9,5,3,14,14,14,16,16,5,10,14,1,2,3,5,16,16,14,15,15,13,14,2,2,,,13,11,,,14,3,14,14,14,13,11,12,3,1,16,16,8,6,6,11,7,13,1,5,16,14,14,4,,11,,,b'\x11\xe8\xe1I\xd7\x9d\xe7L\x98|\x12\xdf\x17\xaeN\x1e'
11E8E149-D79D-E74C-987C-12DF17AE4E1E,2020-ncaa-d2-natl,ncaa,277,254,283,278,290,281,265,286,181,205,162,237,292,299,144,300,251,284,20,282,299,291,290,227,205,217,294,284,134,243,128,273,124,271,100,197,54,92,205,146,302,299,237,182,,,41,186,,,278,296,229,130,234,205,204,103,35,288,303,199,263,262,233,214,182,173,180,122,194,300,215,,140,,,280,114,102,45,222,22,13,171,302,261,309,305,67,41,301,37,165,35,12,286,291,304,307,308,80,36,124,11,128,10,100,258,302,303,305,310,134,252,51,46,,,271,162,,,278,12,220,302,285,269,234,211,78,38,309,303,152,103,92,187,72,103,45,54,298,303,231,92,,208,,,b'\x11\xe8\xe1I\xd7\x9d\xe7L\x98|\x12\xdf\x17\xaeN\x1e'
11E8E149-D79D-E74C-987C-12DF17AE4E1E,2021-ncaa-d2-conf-NSIC,ncaa,14,13,9,14,13,13,9,11,5,4,4,8,16,16,15,16,16,16,2,16,16,11,11,13,13,14,16,16,16,12,9,10,4,10,6,9,7,8,11,11,10,12,10,10,,,8,13,,,12,11,7,15,12,6,6,2,2,16,16,16,16,16,9,10,11,7,8,8,11,11,9,,10,,,12,9,7,6,9,6,7,5,10,5,15,9,8,7,9,7,9,7,6,8,8,10,11,10,9,6,4,5,9,6,6,4,2,15,14,10,7,9,2,2,,,16,16,,,12,6,14,10,12,9,9,10,7,13,10,8,11,9,9,9,8,6,5,6,6,14,10,2,,16,,,b'\x11\xe8\xe1I\xd7\x9d\xe7L\x98|\x12\xdf\x17\xaeN\x1e'
11E8E149-D79D-E74C-987C-12DF17AE4E1E,2021-ncaa-d2-natl,ncaa,159,156,144,172,164,154,138,149,78,99,110,88,194,191,184,221,172,188,13,187,225,152,156,134,135,129,226,222,173,179,174,140,30,153,74,130,92,72,99,80,171,181,122,112,,,92,171,,,156,152,89,218,134,82,93,27,26,217,221,185,211,211,127,137,182,68,123,75,98,187,102,,149,,,153,82,79,80,108,79,88,68,93,66,206,69,98,79,201,81,104,79,69,115,127,174,147,127,145,42,30,64,174,59,74,58,49,184,201,167,67,103,47,21,,,173,198,,,156,73,147,143,154,148,133,143,116,162,145,92,161,119,126,151,89,40,95,52,66,206,101,46,,207,,,b'\x11\xe8\xe1I\xd7\x9d\xe7L\x98|\x12\xdf\x17\xaeN\x1e'
11E8E149-D79D-E74C-987C-12DF17AE4E1E,2022-ncaa-d2-conf-NSIC,ncaa,13,10,14,13,14,13,12,13,10,11,10,5,14,13,14,10,14,14,7,14,15,13,14,10,11,7,14,11,13,11,10,14,15,14,14,11,12,2,4,5,15,14,10,9,,,2,2,,,16,14,9,2,7,4,3,5,6,11,9,14,14,14,6,10,9,11,12,9,4,13,10,,3,,,16,9,11,5,15,9,4,16,16,14,16,16,2,2,11,2,5,4,3,16,16,16,11,16,1,11,15,2,10,4,14,12,14,15,15,16,2,3,4,6,,,15,14,,,16,3,7,16,16,16,16,16,14,7,16,16,4,3,3,12,11,14,9,12,16,15,3,6,,15,,,b'\x11\xe8\xe1I\xd7\x9d\xe7L\x98|\x12\xdf\x17\xaeN\x1e'
11E8E149-D79D-E74C-987C-12DF17AE4E1E,2022-ncaa-d2-natl,ncaa,215,241,146,229,152,144,110,145,70,91,143,54,155,142,179,119,257,268,67,269,289,174,200,76,102,83,254,162,283,227,225,193,162,217,214,123,170,36,60,51,248,258,187,179,,,35,19,,,244,195,226,74,131,69,121,65,138,140,128,268,283,283,177,232,238,224,246,113,42,263,193,,17,,,236,247,268,197,281,199,88,292,298,291,265,297,33,29,239,28,45,161,109,291,287,293,228,294,9,112,162,122,225,118,214,271,209,267,280,295,59,79,109,108,,,240,247,,,244,111,103,289,238,276,282,238,224,64,298,296,28,24,25,192,89,122,133,127,277,282,62,109,,272,,,b'\x11\xe8\xe1I\xd7\x9d\xe7L\x98|\x12\xdf\x17\xaeN\x1e'
11E8E149-D79D-E74C-987C-12DF17AE4E1E,2023-ncaa-d2-conf-NSIC,ncaa,11,10,13,11,15,13,13,12,12,10,9,10,12,10,14,7,14,15,4,15,16,13,13,12,14,14,13,10,14,9,8,15,13,15,11,9,5,4,9,7,6,3,12,11,,,5,8,,,10,13,10,11,13,10,5,6,5,11,8,14,15,15,8,9,7,15,14,6,8,3,12,,9,,,11,4,4,2,8,4,2,15,9,11,6,15,3,3,14,3,7,2,3,12,12,9,11,12,4,10,13,4,8,4,11,6,6,9,7,8,4,5,4,4,,,14,13,,,10,1,13,11,12,8,8,6,8,3,13,14,4,3,3,6,7,13,6,9,8,6,6,4,,13,,,b'\x11\xe8\xe1I\xd7\x9d\xe7L\x98|\x12\xdf\x17\xaeN\x1e'
11E8E149-D79D-E74C-987C-12DF17AE4E1E,2023-ncaa-d2-natl,ncaa,169,182,148,182,177,201,172,138,220,151,123,185,181,134,244,129,267,286,32,285,295,170,200,230,232,193,238,155,271,174,174,216,127,214,186,140,111,48,80,80,111,70,172,135,,,53,85,,,216,201,217,208,221,172,82,146,97,181,123,274,292,291,161,202,175,241,233,130,71,100,170,,56,,,208,135,154,112,216,103,54,244,226,224,183,269,53,24,286,23,84,87,70,238,228,236,202,245,53,55,127,137,174,104,186,136,123,211,189,195,62,97,105,82,,,256,267,,,216,80,198,227,228,155,182,128,133,37,236,241,67,38,38,75,45,70,163,108,144,219,86,103,,272,,,b'\x11\xe8\xe1I\xd7\x9d\xe7L\x98|\x12\xdf\x17\xaeN\x1e'
11E8E149-D79D-E74C-987C-12DF17AE4E1E,2024-ncaa-d2-conf-NSIC,ncaa,10,10,9,10,10,13,11,13,10,9,11,6,14,12,15,8,13,12,13,13,11,12,12,11,12,11,14,11,12,10,10,14,14,13,13,10,4,5,10,9,8,6,13,12,,,3,6,,,11,13,15,5,14,12,12,9,10,14,11,13,13,13,11,14,10,15,14,11,8,7,13,,3,,,11,7,6,3,11,3,2,11,14,11,14,14,4,4,13,2,9,2,3,15,15,15,14,14,5,13,14,6,10,9,13,13,15,7,5,13,4,9,4,6,,,11,3,,,11,2,11,14,12,10,9,3,3,3,14,13,5,4,3,3,2,13,7,12,14,6,7,5,,9,,,b'\x11\xe8\xe1I\xd7\x9d\xe7L\x98|\x12\xdf\x17\xaeN\x1e'
11E8E149-D79D-E74C-987C-12DF17AE4E1E,2024-ncaa-d2-natl,ncaa,201,247,78,218,93,181,163,150,173,151,172,115,176,118,253,99,238,235,219,236,227,167,190,175,196,168,213,168,237,231,260,224,246,239,278,131,89,81,107,95,155,149,269,259,,,95,80,,,253,166,282,167,244,215,232,183,231,207,143,270,265,264,255,282,257,280,288,157,64,179,280,,52,,,241,233,233,160,255,152,70,271,287,272,262,284,92,73,241,69,117,143,133,280,274,266,253,279,45,205,246,230,260,225,278,287,288,163,167,269,128,150,87,105,,,127,78,,,253,111,193,271,256,188,193,95,98,20,275,260,64,51,46,57,45,175,203,199,270,199,99,66,,175,,,b'\x11\xe8\xe1I\xd7\x9d\xe7L\x98|\x12\xdf\x17\xaeN\x1e'
11E8E149-D79D-E74C-987C-12DF17AE4E1E,2025-ncaa-d2-conf-NSIC,genius_ncaa,9,9,9,9,10,11,13,13,9,15,15,6,5,3,7,1,10,10,12,10,3,12,13,7,7,8,1,1,9,14,14,10,13,12,15,15,12,7,12,15,12,13,12,12,,,9,8,,1,13,11,10,6,11,14,15,15,15,4,2,10,9,9,14,15,14,10,13,15,9,11,11,,10,,1,12,10,8,8,6,2,3,10,14,14,4,14,11,10,9,10,14,8,8,8,8,11,14,14,9,14,13,11,14,13,15,11,13,9,9,13,5,9,1,5,,,10,5,,5,13,6,11,12,12,12,10,12,4,4,14,14,12,13,12,12,11,14,13,14,11,9,5,1,,10,,3,b'\x11\xe8\xe1I\xd7\x9d\xe7L\x98|\x12\xdf\x17\xaeN\x1e'
11E8E149-D79D-E74C-987C-12DF17AE4E1E,2025-ncaa-d2-natl,genius_ncaa,195,200,207,203,218,209,222,245,170,275,293,126,60,65,109,11,244,248,166,250,93,255,264,105,119,121,15,15,228,289,295,187,182,259,279,258,264,53,140,203,271,278,270,262,,,55,74,,10,265,237,198,152,207,216,245,287,296,36,28,247,242,245,258,275,295,136,270,267,81,272,273,,87,,5,261,200,178,144,220,101,45,258,276,274,207,290,130,104,253,104,192,126,82,253,258,276,275,282,102,150,182,200,295,187,279,237,247,262,266,287,69,145,37,121,,,235,128,,158,265,77,186,284,258,255,243,239,154,53,292,291,174,145,140,224,148,199,259,246,255,257,92,39,,213,,143,b'\x11\xe8\xe1I\xd7\x9d\xe7L\x98|\x12\xdf\x17\xaeN\x1e'
11E8E149-D79D-E74C-987C-12DF17AE4E1E,2026-ncaa-d2-conf-NSIC,genius_ncaa,6,7,2,7,9,4,5,12,1,14,16,1,1,2,1,1,10,11,5,11,1,13,12,1,1,1,1,1,13,16,16,7,9,14,15,6,5,11,14,8,14,14,5,5,,,7,6,,3,8,5,4,11,4,6,15,16,16,1,2,12,13,13,16,15,16,9,16,7,10,13,6,,6,,3,8,12,11,10,7,6,5,9,12,12,9,11,15,13,15,13,12,11,10,6,12,12,13,10,14,10,9,6,16,8,15,6,5,10,12,8,10,11,1,2,,,5,3,,1,8,11,6,13,9,12,10,8,4,5,11,12,16,14,14,10,8,9,5,7,5,11,9,1,,7,,3,b'\x11\xe8\xe1I\xd7\x9d\xe7L\x98|\x12\xdf\x17\xaeN\x1e'
11E8E149-D79D-E74C-987C-12DF17AE4E1E,2026-ncaa-d2-natl,genius_ncaa,107,53,221,87,233,165,175,260,4,245,292,3,31,104,6,2,222,248,39,247,46,260,267,1,1,2,10,4,246,295,297,231,93,285,252,158,133,29,100,41,278,270,137,94,,,44,104,,31,125,249,153,88,26,48,250,194,296,2,13,144,215,216,270,284,298,120,291,68,56,264,96,,86,,38,123,116,116,74,230,114,67,243,150,134,186,199,118,68,293,71,147,68,48,235,254,285,174,176,157,55,93,58,297,51,252,69,54,287,285,263,33,107,8,33,,,211,27,,188,125,47,16,281,130,265,251,230,220,163,222,229,222,146,159,220,116,100,129,112,138,284,63,11,,94,,163,b'\x11\xe8\xe1I\xd7\x9d\xe7L\x98|\x12\xdf\x17\xaeN\x1e'
11E8E149-D7A2-384C-987C-12DF17AE4E1E,2018-ncaa-d2-conf-Gulf South,ncaa,11,11,9,11,10,10,9,10,10,8,6,8,14,14,14,12,7,7,8,7,8,10,9,11,11,11,14,13,3,11,10,9,12,8,11,6,1,12,14,7,5,5,8,7,,,10,10,,,12,8,3,3,10,9,8,4,4,14,11,6,4,4,8,4,9,8,7,4,13,3,8,,12,,,12,10,8,6,11,6,6,11,8,9,11,9,10,10,5,10,12,7,8,11,11,9,11,9,7,13,12,8,10,10,11,11,11,3,2,7,2,3,1,1,,,10,11,,,12,7,12,11,11,13,12,12,10,11,12,13,12,12,12,13,14,13,12,13,11,2,3,1,,10,,,b'\x11\xe8\xe1I\xd7\xa28L\x98|\x12\xdf\x17\xaeN\x1e'
11E8E149-D7A2-384C-987C-12DF17AE4E1E,2018-ncaa-d2-natl,ncaa,252,179,301,246,302,296,291,302,212,249,249,172,306,301,302,266,251,239,230,239,151,299,294,250,245,264,287,300,75,273,222,289,236,293,252,200,14,121,277,186,182,93,218,160,,,63,200,,,256,292,57,119,234,214,182,101,93,301,266,129,97,97,158,93,186,184,190,73,283,65,162,,253,,,269,36,34,16,222,32,15,233,114,85,213,215,75,99,57,98,253,16,24,236,234,178,214,207,180,85,236,27,222,36,252,64,184,174,61,105,26,93,6,5,,,294,252,,,256,20,274,194,257,247,230,199,200,133,250,240,232,248,251,224,263,239,238,257,231,40,107,14,,217,,,b'\x11\xe8\xe1I\xd7\xa28L\x98|\x12\xdf\x17\xaeN\x1e'
11E8E149-D7A2-384C-987C-12DF17AE4E1E,2019-ncaa-d2-conf-Gulf South,ncaa,11,11,9,11,11,8,7,6,7,3,2,10,12,12,10,12,5,6,5,6,10,6,5,10,8,11,12,12,3,3,3,11,12,9,8,7,9,13,13,12,2,1,2,2,,,10,10,,,9,4,1,11,7,6,1,2,2,12,12,3,5,5,1,1,3,11,4,7,13,1,2,,11,,,10,11,10,3,11,10,5,11,11,4,13,7,10,10,8,10,10,4,10,11,11,10,9,11,9,7,12,4,3,5,8,13,13,2,1,8,13,10,11,6,,,9,10,,,9,10,10,10,9,12,12,7,11,8,11,7,12,11,11,11,13,11,9,10,13,1,13,12,,8,,,b'\x11\xe8\xe1I\xd7\xa28L\x98|\x12\xdf\x17\xaeN\x1e'
11E8E149-D7A2-384C-987C-12DF17AE4E1E,2019-ncaa-d2-natl,ncaa,232,222,227,234,244,205,197,221,142,114,110,150,290,292,254,294,120,152,79,152,203,213,180,202,173,225,286,297,57,146,90,234,195,215,144,214,226,272,280,261,77,52,165,138,,,200,233,,,217,180,56,116,160,145,153,55,39,292,293,71,99,103,133,59,100,196,144,187,289,42,140,,264,,,215,142,119,70,231,108,68,210,185,115,267,167,215,224,100,221,262,82,126,249,244,187,225,203,217,123,195,58,90,76,144,252,291,81,45,155,228,229,57,39,,,192,198,,,217,128,221,175,213,231,203,130,172,114,230,172,250,253,253,163,243,175,123,146,277,39,257,82,,131,,,b'\x11\xe8\xe1I\xd7\xa28L\x98|\x12\xdf\x17\xaeN\x1e'
11E8E149-D7A2-384C-987C-12DF17AE4E1E,2020-ncaa-d2-conf-Gulf South,ncaa,7,8,5,8,5,9,8,8,7,7,4,10,10,11,4,11,9,8,11,7,9,8,8,7,7,9,9,11,5,5,6,12,12,9,7,10,12,10,10,10,1,1,12,12,,,12,12,,,6,9,7,4,9,8,7,6,3,10,11,6,6,6,6,5,4,12,9,10,11,1,12,,12,,,6,7,7,3,9,7,2,12,6,9,4,11,7,8,4,9,12,4,6,10,10,5,7,8,8,7,12,6,6,7,7,11,13,2,2,4,9,8,11,10,,,9,10,,,6,6,8,5,6,8,8,2,7,3,7,8,8,9,9,3,8,8,6,8,11,1,9,11,,8,,,b'\x11\xe8\xe1I\xd7\xa28L\x98|\x12\xdf\x17\xaeN\x1e'
11E8E149-D7A2-384C-987C-12DF17AE4E1E,2020-ncaa-d2-natl,ncaa,193,155,283,183,285,234,233,266,133,203,177,213,236,285,51,269,205,206,196,204,194,267,269,163,164,182,212,219,128,166,99,285,234,262,177,249,257,116,192,216,51,17,292,284,,,82,173,,,171,277,127,42,143,135,139,99,51,196,262,122,112,108,127,96,87,230,151,211,219,16,294,,197,,,177,60,78,25,236,81,15,294,117,152,86,271,72,82,107,89,226,20,41,244,226,162,159,187,125,105,234,39,99,56,177,158,260,118,55,130,122,206,122,128,,,286,265,,,171,37,164,166,166,197,205,135,185,60,205,262,157,165,173,141,211,205,154,188,245,51,226,193,,241,,,b'\x11\xe8\xe1I\xd7\xa28L\x98|\x12\xdf\x17\xaeN\x1e'
11E8E149-D7A2-384C-987C-12DF17AE4E1E,2021-ncaa-d2-conf-Gulf South,ncaa,12,7,13,11,13,13,13,13,13,13,13,10,13,12,13,10,13,13,5,13,9,13,13,13,12,12,11,11,3,11,5,13,9,13,8,13,10,1,6,10,13,7,11,9,,,1,13,,,9,13,13,1,12,12,10,9,5,11,11,8,8,9,9,8,5,9,6,11,7,9,9,,12,,,11,1,1,1,10,1,1,11,1,2,1,2,1,1,12,1,6,1,1,6,7,6,2,2,12,1,9,1,5,1,8,1,12,13,6,11,1,7,5,12,,,13,5,,,9,1,11,9,11,7,8,4,10,9,1,2,10,4,4,3,5,8,7,8,11,9,8,12,,7,,,b'\x11\xe8\xe1I\xd7\xa28L\x98|\x12\xdf\x17\xaeN\x1e'
11E8E149-D7A2-384C-987C-12DF17AE4E1E,2021-ncaa-d2-natl,ncaa,175,135,173,179,174,184,188,186,195,183,181,175,188,177,215,132,166,172,80,172,100,186,183,200,190,189,147,181,25,154,96,183,143,183,135,184,128,44,122,168,170,120,187,178,,,60,187,,,164,186,213,4,198,199,155,164,126,199,137,97,110,117,153,159,76,160,126,184,105,135,186,,160,,,168,50,50,41,129,59,45,186,32,47,11,83,66,59,193,58,152,40,41,102,120,111,49,26,186,49,143,46,96,49,135,62,196,176,94,148,51,123,73,142,,,179,99,,,164,42,174,121,167,82,81,45,138,84,22,69,164,123,127,57,62,118,128,129,165,114,121,144,,135,,,b'\x11\xe8\xe1I\xd7\xa28L\x98|\x12\xdf\x17\xaeN\x1e'
11E8E149-D7A2-384C-987C-12DF17AE4E1E,2022-ncaa-d2-conf-Gulf South,ncaa,6,6,6,6,6,7,7,4,12,5,2,13,9,9,7,12,2,2,9,2,6,4,4,13,13,13,9,11,1,1,3,6,6,4,6,9,10,13,8,11,4,3,3,3,,,12,13,,,6,4,3,5,7,9,3,5,1,10,11,3,1,1,3,2,1,5,2,10,13,3,4,,13,,,6,8,6,8,4,10,11,4,1,2,2,1,11,12,5,12,11,10,11,4,4,4,4,1,12,9,6,9,3,8,6,2,2,4,4,2,7,5,13,12,,,1,3,,,6,10,10,4,6,7,5,7,7,12,1,1,12,12,12,9,11,8,9,8,2,3,8,13,,1,,,b'\x11\xe8\xe1I\xd7\xa28L\x98|\x12\xdf\x17\xaeN\x1e'
11E8E149-D7A2-384C-987C-12DF17AE4E1E,2022-ncaa-d2-natl,ncaa,174,119,248,154,254,231,238,242,206,214,180,234,254,258,181,259,118,96,230,97,51,226,228,227,210,203,163,238,25,114,56,226,161,192,96,247,229,119,183,237,156,110,137,111,,,205,294,,,152,242,102,128,162,189,134,136,73,231,243,47,22,21,87,68,43,135,67,230,218,103,98,,289,,,153,37,26,32,108,63,86,104,23,22,54,32,237,234,151,226,268,44,57,73,127,114,129,22,297,88,161,57,56,52,96,15,33,177,114,34,59,96,166,198,,,160,64,,,152,60,179,121,156,137,87,89,157,200,28,31,287,284,283,167,191,165,155,165,32,101,120,237,,40,,,b'\x11\xe8\xe1I\xd7\xa28L\x98|\x12\xdf\x17\xaeN\x1e'
11E8E149-D7A2-384C-987C-12DF17AE4E1E,2023-ncaa-d2-conf-Gulf South,ncaa,12,12,9,12,13,12,12,12,12,12,9,13,10,10,3,10,11,11,9,11,9,11,12,12,12,12,4,4,7,4,2,12,11,11,8,12,11,7,10,12,12,11,10,10,,,7,12,,,12,13,11,11,12,12,9,12,7,10,10,10,10,10,10,9,3,12,9,12,10,11,9,,10,,,12,8,6,1,9,6,4,9,3,2,11,2,11,9,12,9,12,1,2,9,11,10,7,3,12,8,11,3,2,6,8,4,4,10,8,8,6,9,8,8,,,9,7,,,12,2,12,11,12,10,8,5,8,9,5,4,12,10,10,8,5,8,6,9,7,8,8,10,,8,,,b'\x11\xe8\xe1I\xd7\xa28L\x98|\x12\xdf\x17\xaeN\x1e'
11E8E149-D7A2-384C-987C-12DF17AE4E1E,2023-ncaa-d2-natl,ncaa,256,266,148,261,177,246,255,235,258,268,221,281,163,217,60,167,192,206,125,201,151,239,242,241,226,234,57,92,92,141,79,262,225,237,167,263,243,158,223,261,267,273,237,240,,,122,200,,,269,248,282,208,272,282,273,284,226,160,214,188,203,200,278,273,135,279,259,277,173,280,238,,125,,,263,149,133,71,253,138,110,195,126,70,281,88,212,183,229,176,213,83,64,245,260,266,177,134,214,134,225,45,79,54,167,119,122,244,221,218,93,157,92,124,,,197,106,,,269,58,226,274,266,182,157,48,163,119,149,68,223,203,199,68,33,138,32,59,128,244,110,90,,207,,,b'\x11\xe8\xe1I\xd7\xa28L\x98|\x12\xdf\x17\xaeN\x1e'
11E8E149-D7A2-384C-987C-12DF17AE4E1E,2024-ncaa-d2-conf-Gulf South,ncaa,8,7,7,8,10,10,11,10,10,10,6,12,9,12,5,12,8,8,10,8,10,10,10,11,11,11,7,9,1,3,2,9,8,7,4,11,11,11,11,12,12,12,7,6,,,11,11,,,10,13,11,6,10,11,10,10,4,9,12,8,6,5,10,8,3,5,5,11,12,12,5,,11,,,10,5,3,1,6,5,8,5,1,1,10,1,11,11,10,11,11,4,2,6,7,9,9,1,12,5,8,2,2,4,4,3,5,12,12,7,3,6,4,5,,,7,5,,,10,1,10,10,10,7,4,3,5,9,3,1,11,11,11,7,4,9,5,5,5,12,6,6,,6,,,b'\x11\xe8\xe1I\xd7\xa28L\x98|\x12\xdf\x17\xaeN\x1e'
11E8E149-D7A2-384C-987C-12DF17AE4E1E,2024-ncaa-d2-natl,ncaa,172,165,207,174,227,264,268,269,240,253,215,271,249,272,93,253,217,218,147,216,172,268,260,242,224,247,150,206,54,155,54,242,174,228,87,287,292,188,270,292,281,271,206,189,,,163,280,,,264,271,288,130,279,285,292,260,172,246,276,172,169,173,286,253,111,233,198,293,226,284,196,,217,,,259,79,49,38,182,63,57,158,81,54,225,88,245,233,232,234,280,50,33,178,220,257,221,104,285,79,174,18,54,24,87,40,70,274,249,202,44,123,103,144,,,221,115,,,264,31,237,257,263,164,95,33,103,87,115,68,274,260,263,92,31,123,18,35,67,265,89,133,,190,,,b'\x11\xe8\xe1I\xd7\xa28L\x98|\x12\xdf\x17\xaeN\x1e'
11E8E149-D7A2-384C-987C-12DF17AE4E1E,2025-ncaa-d2-conf-Gulf South,genius_ncaa,6,6,5,6,5,6,7,6,8,8,5,7,9,6,11,9,5,6,5,5,8,6,6,9,9,8,9,10,4,4,3,9,10,7,7,10,12,8,9,11,6,4,8,10,,,8,10,,3,6,7,9,1,7,8,6,7,5,9,7,5,4,4,6,5,3,10,7,11,8,5,9,,10,,3,6,6,6,3,8,8,8,6,1,1,7,1,4,4,5,4,5,3,5,6,7,4,1,1,7,6,10,5,3,5,7,3,3,4,4,3,6,5,9,8,,,4,4,,7,6,4,7,6,6,6,7,6,9,9,1,1,6,6,6,6,5,7,6,5,4,2,7,11,,4,,7,b'\x11\xe8\xe1I\xd7\xa28L\x98|\x12\xdf\x17\xaeN\x1e'
11E8E149-D7A2-384C-987C-12DF17AE4E1E,2025-ncaa-d2-natl,genius_ncaa,144,141,162,147,134,173,173,188,127,146,165,107,203,191,214,186,107,113,122,112,90,178,162,150,143,173,194,222,70,108,56,220,212,178,128,240,279,216,234,264,115,98,224,238,,,164,205,,79,134,187,256,1,169,174,218,123,154,210,191,91,99,95,186,139,85,235,177,259,223,104,234,,181,,88,135,87,115,82,205,157,156,178,63,40,174,55,97,114,65,110,106,79,113,181,166,116,48,72,134,160,212,50,56,79,128,46,35,93,57,42,172,199,156,180,,,131,97,,180,134,101,155,138,143,105,132,63,190,181,61,35,101,131,122,65,116,179,60,96,54,76,195,177,,95,,184,b'\x11\xe8\xe1I\xd7\xa28L\x98|\x12\xdf\x17\xaeN\x1e'
11E8E149-D7A2-384C-987C-12DF17AE4E1E,2026-ncaa-d2-conf-Gulf South,genius_ncaa,3,3,1,3,1,2,2,1,6,2,2,5,6,4,10,6,2,3,6,3,5,1,1,5,5,7,7,7,4,2,3,4,11,2,6,7,9,11,10,8,5,8,5,7,,,12,6,,7,7,2,2,1,4,4,3,3,4,6,4,3,3,3,3,2,3,5,4,9,10,8,6,,12,,6,7,12,10,12,3,8,10,2,11,12,8,10,12,11,8,11,11,12,12,3,5,5,11,11,9,12,11,6,3,12,6,10,8,1,6,7,10,7,3,3,,,1,5,,3,7,12,5,6,6,12,7,12,4,8,11,12,11,10,10,12,11,12,3,10,9,3,9,2,,1,,4,b'\x11\xe8\xe1I\xd7\xa28L\x98|\x12\xdf\x17\xaeN\x1e'
11E8E149-D7A2-384C-987C-12DF17AE4E1E,2026-ncaa-d2-natl,genius_ncaa,157,196,59,188,84,94,84,91,109,52,93,51,161,95,246,141,128,88,233,90,142,90,98,137,157,136,236,210,192,126,189,130,208,130,214,232,295,143,87,232,137,202,231,252,,,236,206,,158,208,93,99,88,129,104,113,68,133,194,129,163,124,126,111,143,179,213,211,278,90,189,255,,218,,157,205,240,210,201,176,194,168,212,220,240,143,209,278,262,265,262,261,214,220,192,220,221,241,169,241,223,208,213,189,216,214,154,73,90,155,108,114,62,29,14,,,84,109,,41,208,216,141,229,197,231,171,162,145,99,204,226,276,249,251,193,203,198,179,190,107,127,73,17,,124,,51,b'\x11\xe8\xe1I\xd7\xa28L\x98|\x12\xdf\x17\xaeN\x1e'
11E8E149-D7A6-9E14-987C-12DF17AE4E1E,2018-ncaa-d2-conf-GLVC,ncaa,13,13,9,13,15,8,11,12,12,9,7,12,10,15,4,11,7,7,3,7,7,10,11,12,10,8,6,10,2,14,14,9,8,12,13,14,13,2,5,10,14,14,15,15,,,3,5,,,14,7,3,15,7,10,8,8,4,10,12,4,5,4,7,9,14,7,12,14,4,14,15,,5,,,14,14,14,13,13,12,4,14,15,13,15,13,1,2,5,2,3,13,7,14,14,14,9,15,1,7,8,15,14,13,13,14,8,15,15,15,4,6,15,15,,,8,5,,,14,8,12,14,14,15,15,15,13,11,15,15,3,4,4,15,11,11,15,14,14,15,6,15,,7,,,b'\x11\xe8\xe1I\xd7\xa6\x9e\x14\x98|\x12\xdf\x17\xaeN\x1e'
11E8E149-D7A6-9E14-987C-12DF17AE4E1E,2018-ncaa-d2-natl,ncaa,243,206,276,240,292,224,234,282,112,221,226,173,217,284,29,243,176,210,81,202,131,279,276,118,108,123,147,183,84,297,284,266,111,290,234,261,250,66,190,214,281,269,294,294,,,41,118,,,261,259,100,305,138,149,218,139,132,173,250,88,119,112,206,191,290,189,264,224,170,262,293,,132,,,262,179,209,84,294,115,35,289,280,221,299,293,33,30,184,32,105,61,39,303,297,305,228,298,19,34,111,47,284,33,234,144,84,291,272,279,73,178,200,244,,,216,55,,,261,50,169,299,263,294,294,249,247,126,307,296,93,84,87,232,170,99,186,135,238,265,157,262,,78,,,b'\x11\xe8\xe1I\xd7\xa6\x9e\x14\x98|\x12\xdf\x17\xaeN\x1e'
11E8E149-D7A6-9E14-987C-12DF17AE4E1E,2019-ncaa-d2-conf-GLVC,ncaa,11,11,9,11,12,10,7,9,5,7,6,9,8,13,2,13,13,12,14,12,13,9,9,6,8,7,9,8,11,12,13,5,3,10,9,4,3,8,11,5,11,12,5,5,,,2,2,,,12,9,2,12,7,6,8,6,4,8,13,13,12,12,7,5,12,2,6,3,11,11,2,,2,,,12,13,12,11,11,5,6,9,14,14,14,13,6,7,12,6,9,10,7,13,13,14,12,14,4,4,3,7,13,7,9,10,8,12,13,12,11,13,8,8,,,11,10,,,12,6,10,11,12,14,13,13,8,9,14,14,8,9,9,14,12,9,11,11,11,12,13,9,,11,,,b'\x11\xe8\xe1I\xd7\xa6\x9e\x14\x98|\x12\xdf\x17\xaeN\x1e'
11E8E149-D7A6-9E14-987C-12DF17AE4E1E,2019-ncaa-d2-natl,ncaa,258,184,305,251,305,276,264,296,79,248,257,169,246,297,12,261,287,285,190,286,247,300,301,95,107,150,224,183,227,292,254,266,88,287,154,174,30,57,236,122,300,292,122,65,,,13,44,,,248,301,64,93,132,103,158,97,72,163,269,198,190,197,174,126,249,42,128,38,237,285,56,,84,,,258,48,62,34,229,42,25,191,220,114,295,252,42,34,249,33,132,25,11,261,258,289,247,278,93,24,88,15,254,11,154,103,176,301,294,292,154,282,109,180,,,292,162,,,248,12,192,277,250,291,279,287,228,225,301,283,204,177,170,285,231,143,197,173,266,270,280,235,,144,,,b'\x11\xe8\xe1I\xd7\xa6\x9e\x14\x98|\x12\xdf\x17\xaeN\x1e'
11E8E149-D7A6-9E14-987C-12DF17AE4E1E,2020-ncaa-d2-conf-GLVC,ncaa,13,13,10,13,16,9,7,9,5,9,7,7,10,13,1,12,15,16,14,16,15,12,14,5,5,6,13,8,15,16,16,6,12,14,16,5,3,5,8,4,16,16,2,4,,,4,3,,,14,10,3,16,7,5,8,7,5,9,13,15,15,15,10,11,16,4,13,5,7,15,1,,5,,,14,14,15,14,14,14,14,12,14,10,13,7,7,9,1,10,6,14,9,14,13,15,4,8,4,14,12,11,16,12,16,6,2,16,16,15,13,14,1,2,,,15,13,,,14,7,9,15,15,15,16,16,16,16,15,14,11,11,12,16,15,16,15,15,8,15,14,2,,15,,,b'\x11\xe8\xe1I\xd7\xa6\x9e\x14\x98|\x12\xdf\x17\xaeN\x1e'
11E8E149-D7A6-9E14-987C-12DF17AE4E1E,2020-ncaa-d2-natl,ncaa,277,241,300,277,303,235,216,282,59,210,240,136,176,270,10,210,290,293,120,292,289,287,293,59,77,101,191,125,285,295,289,263,226,290,255,148,61,46,167,90,297,294,77,63,,,47,143,,,251,290,53,300,105,56,119,79,80,110,207,247,257,256,153,151,280,99,203,39,166,275,35,,191,,,260,169,177,78,276,184,105,251,168,87,284,137,115,117,131,120,155,71,32,279,274,298,119,165,102,142,226,46,289,70,255,87,43,301,300,276,151,262,12,20,,,281,181,,,251,24,143,303,257,297,295,296,292,285,270,236,230,233,235,301,259,260,220,247,216,288,259,33,,178,,,b'\x11\xe8\xe1I\xd7\xa6\x9e\x14\x98|\x12\xdf\x17\xaeN\x1e'
11E8E149-D7A6-9E14-987C-12DF17AE4E1E,2021-ncaa-d2-conf-GLVC,ncaa,14,14,6,14,8,6,4,6,4,3,3,8,11,14,1,15,12,14,6,14,15,7,6,4,4,8,14,10,13,14,14,3,9,8,10,9,12,12,13,10,11,13,3,6,,,7,3,,,14,5,3,10,6,2,6,3,2,11,15,13,14,14,10,9,15,2,9,8,14,12,4,,6,,,14,15,15,15,9,15,15,7,13,13,12,5,12,11,14,11,5,15,11,10,10,14,7,7,8,13,9,10,14,11,10,14,9,13,14,15,13,13,9,6,,,9,13,,,14,11,10,15,14,15,15,15,14,14,14,13,12,9,9,15,13,12,12,12,15,14,13,9,,13,,,b'\x11\xe8\xe1I\xd7\xa6\x9e\x14\x98|\x12\xdf\x17\xaeN\x1e'
11E8E149-D7A6-9E14-987C-12DF17AE4E1E,2021-ncaa-d2-natl,ncaa,159,216,30,188,36,40,32,45,25,21,21,56,76,117,13,198,68,75,76,74,190,50,40,36,38,60,194,165,171,132,206,32,114,58,156,47,159,199,149,111,102,195,37,92,,,180,78,,,199,32,72,91,79,56,128,39,50,139,208,144,163,164,137,137,210,71,159,105,133,189,68,,94,,,177,216,215,209,180,218,215,166,199,191,169,73,212,210,196,210,95,211,196,173,179,213,77,82,113,200,114,182,206,198,156,218,158,128,221,224,212,170,160,64,,,47,117,,,199,194,98,216,179,208,202,193,200,197,165,140,181,156,154,200,149,135,116,123,205,217,159,82,,132,,,b'\x11\xe8\xe1I\xd7\xa6\x9e\x14\x98|\x12\xdf\x17\xaeN\x1e'
11E8E149-D7A6-9E14-987C-12DF17AE4E1E,2022-ncaa-d2-conf-GLVC,ncaa,10,11,5,11,5,6,6,6,7,6,7,5,9,3,10,6,5,5,9,5,7,6,5,7,7,8,11,10,6,8,11,1,10,7,11,5,4,11,8,8,7,8,3,4,,,10,7,,,9,4,3,1,8,6,6,7,8,9,6,6,6,6,6,6,10,3,6,6,9,6,3,,8,,,9,11,10,13,4,9,14,2,8,7,13,4,10,11,6,11,9,12,11,3,3,6,10,6,10,11,10,13,11,13,11,10,9,6,8,7,9,9,5,5,,,7,10,,,9,11,10,7,9,10,9,12,8,13,9,6,10,10,10,12,12,11,14,12,8,5,9,6,,9,,,b'\x11\xe8\xe1I\xd7\xa6\x9e\x14\x98|\x12\xdf\x17\xaeN\x1e'
11E8E149-D7A6-9E14-987C-12DF17AE4E1E,2022-ncaa-d2-natl,ncaa,233,203,248,233,253,230,230,259,121,222,256,104,203,215,171,130,195,206,111,202,123,255,268,121,122,121,146,161,121,282,274,229,137,258,237,224,183,33,131,152,230,193,134,105,,,56,158,,,202,254,153,127,161,167,202,159,199,158,153,129,145,146,199,221,268,148,228,187,103,195,91,,155,,,204,75,68,55,190,78,86,132,105,52,264,99,129,113,227,114,165,55,41,200,206,228,185,155,197,68,137,85,274,69,237,88,134,250,216,206,45,126,43,104,,,252,139,,,202,48,161,222,197,211,190,173,181,200,180,110,222,199,198,193,145,139,209,186,163,205,100,79,,182,,,b'\x11\xe8\xe1I\xd7\xa6\x9e\x14\x98|\x12\xdf\x17\xaeN\x1e'
11E8E149-D7A6-9E14-987C-12DF17AE4E1E,2023-ncaa-d2-conf-GLVC,ncaa,5,5,7,5,8,9,10,8,11,10,5,12,9,11,6,11,5,5,8,6,8,8,10,11,11,8,8,8,4,9,11,4,3,6,8,11,11,1,3,9,12,12,8,8,,,3,4,,,9,9,10,13,10,12,9,10,3,9,11,5,4,5,6,11,10,2,3,11,1,12,8,,4,,,9,4,6,7,5,8,7,9,5,8,3,11,4,3,9,3,3,6,5,5,4,7,2,5,3,5,3,10,11,7,8,4,3,11,12,9,3,6,10,7,,,7,3,,,9,5,10,7,7,5,8,10,9,7,5,11,3,3,3,8,4,6,11,10,5,11,4,9,,4,,,b'\x11\xe8\xe1I\xd7\xa6\x9e\x14\x98|\x12\xdf\x17\xaeN\x1e'
11E8E149-D7A6-9E14-987C-12DF17AE4E1E,2023-ncaa-d2-natl,ncaa,152,139,197,152,238,173,193,194,150,157,132,166,212,238,139,227,126,160,59,162,169,191,248,172,138,103,202,217,87,237,241,143,58,191,161,261,291,9,29,157,288,291,196,205,,,49,89,,,200,235,187,294,144,153,140,113,73,212,226,97,126,125,134,226,223,78,141,267,18,290,182,,77,,,196,145,173,131,214,190,125,239,146,162,124,190,68,46,258,50,66,118,65,204,200,257,86,153,56,47,58,151,241,110,161,107,66,283,287,271,18,68,105,83,,,177,72,,,200,74,116,246,191,222,247,235,245,185,191,209,89,71,75,221,94,78,217,167,148,283,53,126,,116,,,b'\x11\xe8\xe1I\xd7\xa6\x9e\x14\x98|\x12\xdf\x17\xaeN\x1e'
11E8E149-D7A6-9E14-987C-12DF17AE4E1E,2024-ncaa-d2-conf-GLVC,ncaa,12,12,9,12,11,14,14,14,10,11,12,8,12,11,12,8,12,9,12,9,7,14,13,10,10,12,10,8,7,11,12,10,11,13,12,12,7,8,13,13,14,14,11,12,,,3,3,,,14,12,10,5,13,14,14,11,11,12,10,11,7,7,14,11,11,9,13,12,9,14,11,,4,,,14,8,13,8,13,14,10,13,2,5,4,4,2,2,1,2,2,8,4,11,10,11,1,2,2,9,11,9,12,9,12,11,6,14,12,14,11,12,3,5,,,11,6,,,14,4,13,11,14,10,14,12,14,14,6,7,2,3,2,12,7,11,10,12,11,13,11,4,,6,,,b'\x11\xe8\xe1I\xd7\xa6\x9e\x14\x98|\x12\xdf\x17\xaeN\x1e'
11E8E149-D7A6-9E14-987C-12DF17AE4E1E,2024-ncaa-d2-natl,ncaa,245,247,207,253,234,197,210,236,168,200,227,126,202,174,228,140,128,112,202,110,33,214,222,163,161,159,131,185,59,232,233,191,151,223,212,205,185,98,154,183,282,291,233,264,,,64,78,,,265,216,106,137,170,187,196,168,186,190,139,84,68,66,156,146,223,144,192,197,155,285,232,,106,,,262,228,269,188,287,288,208,291,102,133,75,127,32,37,92,38,24,157,89,272,242,284,7,61,15,114,151,132,233,115,212,223,83,279,284,287,160,202,64,113,,,123,44,,,265,86,179,281,258,275,293,281,295,282,145,180,49,57,60,260,184,163,212,195,255,276,195,86,,53,,,b'\x11\xe8\xe1I\xd7\xa6\x9e\x14\x98|\x12\xdf\x17\xaeN\x1e'
11E8E149-D7A6-9E14-987C-12DF17AE4E1E,2025-ncaa-d2-conf-GLVC,genius_ncaa,8,7,6,8,7,10,9,4,11,6,5,7,10,8,13,8,13,10,14,8,9,7,7,12,12,10,12,10,12,9,9,4,5,6,6,11,13,3,6,9,13,14,3,3,,,4,4,,8,9,6,11,6,12,10,5,7,6,9,8,14,10,9,7,9,9,4,4,13,4,14,2,,3,,11,9,5,6,11,3,5,11,2,12,9,10,10,2,1,14,1,1,10,11,4,4,5,8,14,3,5,5,9,9,8,6,4,6,12,14,8,2,3,9,9,,,8,8,,6,9,11,12,5,8,3,8,13,5,13,12,10,2,1,1,11,5,5,11,9,5,13,3,9,,8,,8,b'\x11\xe8\xe1I\xd7\xa6\x9e\x14\x98|\x12\xdf\x17\xaeN\x1e'
11E8E149-D7A6-9E14-987C-12DF17AE4E1E,2025-ncaa-d2-natl,genius_ncaa,174,112,275,151,283,255,236,273,128,220,256,119,201,216,158,137,270,260,245,258,195,276,289,133,170,122,196,139,235,275,244,199,47,249,139,261,259,12,48,128,281,270,71,42,,,16,62,,187,160,285,153,116,149,113,118,103,133,144,133,230,194,184,132,203,240,26,106,213,46,258,34,,71,,251,161,24,40,46,93,32,52,59,144,104,243,211,13,8,292,9,12,28,16,112,100,170,185,261,34,23,47,45,244,28,139,28,49,285,269,208,10,34,84,159,,,257,92,,112,160,18,151,157,151,153,186,264,142,223,243,225,46,22,23,218,137,85,215,160,93,263,30,169,,119,,67,b'\x11\xe8\xe1I\xd7\xa6\x9e\x14\x98|\x12\xdf\x17\xaeN\x1e'
11E8E149-D7A6-9E14-987C-12DF17AE4E1E,2026-ncaa-d2-conf-GLVC,genius_ncaa,8,7,6,8,6,13,13,10,10,7,5,10,15,15,14,15,7,6,7,6,11,11,9,14,10,11,15,15,2,8,9,4,4,8,6,12,9,9,12,10,8,8,3,3,,,10,15,,8,8,8,6,1,12,11,7,4,1,15,15,4,5,4,8,6,8,1,3,9,12,7,3,,14,,11,8,5,1,3,2,1,2,1,11,9,10,11,12,12,8,12,15,6,5,3,3,7,15,13,14,4,4,9,9,7,6,4,10,10,8,6,8,10,8,8,,,8,6,,7,8,5,10,5,8,7,3,5,1,3,12,11,15,14,14,9,7,5,12,8,6,8,10,9,,5,,5,b'\x11\xe8\xe1I\xd7\xa6\x9e\x14\x98|\x12\xdf\x17\xaeN\x1e'
11E8E149-D7A6-9E14-987C-12DF17AE4E1E,2026-ncaa-d2-natl,genius_ncaa,201,144,221,202,233,242,245,244,187,189,193,158,284,270,290,270,121,108,170,112,69,235,242,233,209,186,257,290,20,210,160,177,21,194,52,232,173,57,129,176,246,207,177,109,,,94,256,,204,172,247,120,88,177,189,179,78,57,288,269,33,27,26,118,124,141,23,46,185,133,214,134,,224,,250,178,60,51,55,99,52,36,159,111,143,75,252,109,99,184,87,228,55,45,117,151,176,230,189,211,23,21,83,160,51,52,130,277,259,227,255,52,127,92,110,,,172,28,,165,172,52,191,130,177,140,113,151,92,65,186,249,207,197,177,154,106,44,185,112,232,227,125,147,,29,,140,b'\x11\xe8\xe1I\xd7\xa6\x9e\x14\x98|\x12\xdf\x17\xaeN\x1e'
11E8E149-D7AB-2272-987C-12DF17AE4E1E,2018-ncaa-d2-conf-Mid-America Intercollegiate,ncaa,11,13,3,12,3,11,11,11,10,10,6,10,14,14,10,14,9,9,9,9,10,11,11,11,12,13,14,14,7,9,6,13,10,12,10,11,8,9,9,12,9,8,10,7,,,13,14,,,11,11,14,5,14,14,14,13,9,14,14,10,11,11,14,14,11,14,14,13,7,9,11,,13,,,11,5,5,2,13,6,3,11,2,2,9,5,11,11,9,11,12,2,3,12,13,10,10,4,12,4,10,4,6,4,10,6,12,5,2,5,7,9,3,2,,,8,5,,,11,4,12,11,12,4,2,1,4,3,1,1,10,11,11,1,1,3,4,2,4,6,6,1,,8,,,"b'\x11\xe8\xe1I\xd7\xab""r\x98|\x12\xdf\x17\xaeN\x1e'"
11E8E149-D7AB-2272-987C-12DF17AE4E1E,2018-ncaa-d2-natl,ncaa,179,229,64,202,74,193,176,205,132,154,161,147,220,237,159,216,205,216,146,214,222,207,220,160,157,153,234,217,173,181,149,271,120,250,181,249,280,90,142,212,147,105,193,163,,,268,308,,,194,234,306,51,270,247,296,199,215,249,269,247,254,254,296,303,224,306,301,285,51,181,220,,251,,,191,123,90,30,274,132,55,279,60,51,159,93,245,230,245,230,278,49,72,259,281,233,153,60,264,36,120,79,149,50,181,53,68,122,62,60,48,71,88,99,,,161,71,,,194,86,159,206,190,64,40,1,80,11,32,15,218,202,200,1,3,16,30,18,33,161,32,69,,228,,,"b'\x11\xe8\xe1I\xd7\xab""r\x98|\x12\xdf\x17\xaeN\x1e'"
11E8E149-D7AB-2272-987C-12DF17AE4E1E,2019-ncaa-d2-conf-Mid-America Intercollegiate,ncaa,8,8,4,8,6,9,8,8,7,5,2,10,13,13,6,13,8,7,12,8,12,8,10,9,12,8,13,13,7,10,11,13,9,13,13,12,13,1,2,10,2,1,13,12,,,14,13,,,9,9,13,9,12,10,9,4,2,13,14,11,9,10,10,13,11,13,13,13,1,2,13,,10,,,9,7,6,2,13,8,3,12,7,2,14,5,10,10,9,11,13,2,4,13,13,10,8,7,11,2,9,14,11,8,13,9,9,2,1,4,1,1,9,4,,,11,10,,,9,6,9,9,9,6,5,1,6,2,5,2,8,8,8,2,2,4,9,5,7,2,1,8,,13,,,"b'\x11\xe8\xe1I\xd7\xab""r\x98|\x12\xdf\x17\xaeN\x1e'"
11E8E149-D7AB-2272-987C-12DF17AE4E1E,2019-ncaa-d2-natl,ncaa,145,184,76,163,91,151,135,149,129,92,74,156,237,263,146,277,151,163,135,164,245,154,193,161,160,113,266,264,153,191,214,257,87,243,218,267,304,43,37,196,62,32,181,148,,,259,299,,,168,185,282,121,208,171,226,111,97,268,282,187,198,200,232,279,228,299,295,296,19,68,196,,225,,,166,175,123,45,278,124,61,258,157,71,294,116,270,242,291,240,287,62,97,283,299,251,233,133,278,27,87,200,214,106,218,98,94,85,40,62,10,9,213,151,,,211,205,,,168,129,118,221,165,115,76,7,85,17,131,44,253,222,224,12,22,12,146,68,76,92,5,196,,264,,,"b'\x11\xe8\xe1I\xd7\xab""r\x98|\x12\xdf\x17\xaeN\x1e'"
11E8E149-D7AB-2272-987C-12DF17AE4E1E,2020-ncaa-d2-conf-Mid-America Intercollegiate,ncaa,5,4,8,5,10,8,4,6,1,2,2,3,12,12,5,12,13,10,13,10,13,8,8,4,8,6,13,11,14,7,7,5,1,5,2,5,6,6,6,4,4,4,12,10,,,3,9,,,3,9,6,6,6,2,3,1,2,11,12,13,11,11,5,6,6,2,2,3,6,4,12,,6,,,3,1,1,2,3,2,5,3,1,4,2,8,1,1,6,1,4,1,3,3,2,2,6,7,6,1,1,7,7,2,2,1,1,5,3,1,5,5,11,10,,,11,11,,,3,6,7,1,3,2,2,3,4,4,3,6,1,2,2,1,5,1,8,3,2,3,5,11,,10,,,"b'\x11\xe8\xe1I\xd7\xab""r\x98|\x12\xdf\x17\xaeN\x1e'"
11E8E149-D7AB-2272-987C-12DF17AE4E1E,2020-ncaa-d2-natl,ncaa,82,59,223,68,235,162,117,218,33,86,143,43,187,239,60,229,259,216,288,215,234,227,240,45,74,78,274,205,293,193,140,165,11,188,50,116,133,67,111,74,105,52,246,221,,,89,193,,,56,240,205,123,111,50,159,32,98,174,232,261,189,182,166,199,165,91,118,67,93,81,242,,129,,,46,29,32,31,90,42,41,112,77,85,93,199,59,69,118,66,154,24,36,98,92,76,184,185,155,11,11,61,140,21,50,14,23,161,80,41,58,102,137,132,,,252,218,,,56,62,91,49,52,45,51,39,64,44,111,134,82,89,84,34,43,8,99,36,20,130,77,164,,240,,,"b'\x11\xe8\xe1I\xd7\xab""r\x98|\x12\xdf\x17\xaeN\x1e'"
11E8E149-D7AB-2272-987C-12DF17AE4E1E,2021-ncaa-d2-conf-Mid-America Intercollegiate,ncaa,11,11,9,11,12,12,10,11,9,10,8,9,12,11,9,10,13,13,13,13,14,12,10,9,11,12,13,8,13,8,5,11,13,10,8,11,11,11,14,13,4,2,13,11,,,8,10,,,10,11,6,7,11,8,8,8,3,12,10,13,13,13,10,5,5,11,9,11,13,2,13,,10,,,10,5,3,3,7,2,1,12,11,12,2,14,10,7,7,7,14,4,5,9,8,6,12,12,9,12,13,2,5,7,8,6,11,6,1,5,10,13,6,4,,,14,14,,,10,4,12,7,9,7,7,7,5,1,12,13,10,10,10,8,10,13,7,9,10,1,13,8,,14,,,"b'\x11\xe8\xe1I\xd7\xab""r\x98|\x12\xdf\x17\xaeN\x1e'"
11E8E149-D7AB-2272-987C-12DF17AE4E1E,2021-ncaa-d2-natl,ncaa,140,210,47,179,58,95,76,73,124,64,54,118,110,95,151,151,135,119,172,118,208,79,69,139,156,164,190,142,200,52,85,68,173,66,129,101,169,197,177,180,34,47,100,106,,,178,146,,,181,69,157,121,177,133,148,106,94,178,170,208,205,205,169,153,102,158,132,175,152,53,152,,120,,,161,164,150,158,91,135,111,182,193,216,43,222,189,189,140,184,203,162,165,120,132,113,194,185,155,196,173,158,85,173,129,165,134,45,80,92,186,157,192,136,,,128,217,,,181,162,157,130,159,103,72,76,52,10,172,215,142,132,124,85,94,155,75,108,92,84,142,157,,221,,,"b'\x11\xe8\xe1I\xd7\xab""r\x98|\x12\xdf\x17\xaeN\x1e'"
11E8E149-D7AB-2272-987C-12DF17AE4E1E,2022-ncaa-d2-conf-Mid-America Intercollegiate,ncaa,4,5,1,4,1,2,1,1,6,1,1,6,10,7,13,14,2,1,8,1,8,1,1,8,7,8,13,14,3,2,3,1,2,1,3,3,7,12,7,6,3,3,3,7,,,13,8,,,3,1,2,2,4,3,3,2,1,13,12,3,2,2,1,2,2,1,1,4,9,4,6,,12,,,3,11,12,14,4,12,14,3,9,12,6,7,12,12,2,12,7,14,14,5,3,3,7,8,7,7,2,13,3,11,3,8,4,2,4,3,9,6,14,9,,,2,7,,,3,14,8,3,3,7,7,11,8,9,8,9,4,6,7,10,11,3,10,10,6,2,8,14,,3,,,"b'\x11\xe8\xe1I\xd7\xab""r\x98|\x12\xdf\x17\xaeN\x1e'"
11E8E149-D7AB-2272-987C-12DF17AE4E1E,2022-ncaa-d2-natl,ncaa,31,81,5,58,5,9,8,7,44,7,5,46,99,91,153,231,12,15,116,15,179,7,6,65,62,56,261,256,154,35,125,7,18,10,38,20,158,246,66,54,27,76,41,92,,,287,167,,,28,4,107,59,35,27,77,15,45,202,214,75,93,95,62,108,127,37,63,61,84,83,85,,152,,,37,287,287,288,124,286,286,125,246,257,131,119,249,245,139,253,105,290,295,122,119,113,104,128,115,141,18,289,125,255,38,181,27,33,127,54,226,66,274,131,,,13,149,,,28,298,51,64,38,101,128,128,145,164,113,109,107,110,118,120,137,27,121,60,46,135,84,189,,126,,,"b'\x11\xe8\xe1I\xd7\xab""r\x98|\x12\xdf\x17\xaeN\x1e'"
11E8E149-D7AB-2272-987C-12DF17AE4E1E,2023-ncaa-d2-conf-Mid-America Intercollegiate,ncaa,4,3,8,3,9,6,5,8,3,3,6,1,7,7,8,6,10,7,13,8,10,8,7,2,4,6,13,7,14,12,12,4,9,5,6,1,1,8,9,5,3,3,9,9,,,8,6,,,4,6,3,2,3,3,7,3,7,6,7,9,8,8,7,4,12,2,3,1,9,3,9,,9,,,4,3,3,9,1,1,8,1,8,7,4,8,3,6,1,6,6,9,10,2,2,1,9,10,5,11,9,6,12,9,6,3,3,5,5,1,6,8,7,6,,,10,11,,,4,9,6,2,4,4,5,11,4,11,8,10,4,7,7,10,13,10,6,9,2,3,7,6,,9,,,"b'\x11\xe8\xe1I\xd7\xab""r\x98|\x12\xdf\x17\xaeN\x1e'"
11E8E149-D7AB-2272-987C-12DF17AE4E1E,2023-ncaa-d2-natl,ncaa,42,29,68,35,69,44,34,70,14,38,95,12,63,71,71,95,153,147,178,148,192,75,87,19,26,26,206,121,266,194,219,43,59,82,101,16,38,106,71,19,39,49,102,121,,,201,146,,,35,68,111,13,27,16,76,25,139,66,79,190,182,183,102,142,226,26,95,11,84,48,116,,153,,,33,176,176,228,83,147,207,69,226,220,191,176,126,143,49,141,108,224,223,101,88,94,198,231,98,150,59,191,219,174,101,107,63,112,146,93,110,69,231,212,,,162,228,,,35,227,36,86,35,115,131,209,102,168,205,188,82,102,97,188,182,118,131,118,86,142,73,208,,222,,,"b'\x11\xe8\xe1I\xd7\xab""r\x98|\x12\xdf\x17\xaeN\x1e'"
11E8E149-D7AB-2272-987C-12DF17AE4E1E,2024-ncaa-d2-conf-Mid-America Intercollegiate,ncaa,1,1,4,1,6,3,2,2,3,3,4,3,3,3,6,4,13,13,12,13,14,4,4,2,4,4,12,4,14,9,10,3,5,4,6,3,2,4,3,2,1,2,3,1,,,12,9,,,1,3,3,12,4,2,2,3,7,2,3,14,13,13,5,5,9,3,3,1,3,2,3,,9,,,1,1,2,8,1,2,8,1,3,8,1,9,7,8,1,8,9,9,12,1,1,1,8,5,11,6,5,9,10,9,6,1,3,1,2,1,3,3,1,1,,,12,13,,,1,12,4,1,1,1,1,7,1,7,2,7,7,8,8,5,11,6,8,8,1,2,3,1,,13,,,"b'\x11\xe8\xe1I\xd7\xab""r\x98|\x12\xdf\x17\xaeN\x1e'"
11E8E149-D7AB-2272-987C-12DF17AE4E1E,2024-ncaa-d2-natl,ncaa,31,20,78,26,116,66,44,76,31,48,117,19,68,60,113,75,186,180,186,178,211,87,114,26,47,34,190,103,272,190,221,39,38,78,100,39,90,54,36,17,49,57,52,40,,,252,240,,,19,91,116,287,54,28,78,49,159,65,63,230,218,213,99,182,217,25,89,35,39,59,47,,224,,,12,78,63,173,21,77,147,40,87,191,14,180,192,220,49,227,221,185,205,19,19,21,189,131,238,117,38,214,221,188,100,38,47,84,108,31,48,43,14,6,,,167,210,,,19,221,50,20,14,30,19,110,36,89,70,165,156,177,182,133,145,80,181,125,19,108,38,5,,228,,,"b'\x11\xe8\xe1I\xd7\xab""r\x98|\x12\xdf\x17\xaeN\x1e'"
11E8E149-D7AB-2272-987C-12DF17AE4E1E,2025-ncaa-d2-conf-Mid-America Intercollegiate,genius_ncaa,3,3,3,3,5,3,3,4,5,7,13,1,1,1,10,1,9,9,5,9,3,4,3,3,4,3,1,1,14,11,11,4,4,5,8,3,2,9,8,3,2,4,11,9,,,13,9,,7,3,2,2,9,4,4,3,10,14,1,1,10,11,11,3,2,12,5,9,2,8,3,13,,12,,8,3,10,8,9,8,7,5,13,9,12,2,12,12,13,2,13,13,9,11,8,8,3,9,7,10,5,4,12,11,11,8,11,12,1,2,5,2,2,10,13,,,3,3,,1,3,12,3,3,3,6,6,5,5,3,8,12,10,11,11,5,12,4,12,9,10,2,3,10,,3,,1,"b'\x11\xe8\xe1I\xd7\xab""r\x98|\x12\xdf\x17\xaeN\x1e'"
11E8E149-D7AB-2272-987C-12DF17AE4E1E,2025-ncaa-d2-natl,genius_ncaa,56,79,43,67,61,29,32,35,61,131,247,5,3,3,93,2,133,151,123,154,47,39,52,19,26,22,7,5,267,204,270,49,73,98,214,26,47,122,54,28,77,141,188,200,,,282,238,,138,72,32,53,163,27,29,48,203,298,3,2,195,213,220,72,106,256,63,179,26,68,123,219,,240,,109,74,275,252,234,180,229,170,246,237,277,64,242,277,290,59,289,283,263,265,185,189,169,232,160,223,158,73,289,270,276,214,243,179,60,122,134,60,15,207,265,,,55,110,,16,72,270,43,149,73,202,171,156,155,63,200,250,241,255,249,194,213,99,257,213,185,97,23,165,,90,,16,"b'\x11\xe8\xe1I\xd7\xab""r\x98|\x12\xdf\x17\xaeN\x1e'"
11E8E149-D7AB-2272-987C-12DF17AE4E1E,2026-ncaa-d2-conf-Mid-America Intercollegiate,genius_ncaa,11,10,3,11,7,14,13,8,14,14,14,13,4,1,11,1,14,14,9,13,7,13,11,11,14,14,2,2,11,8,9,10,11,12,12,11,8,10,12,13,11,10,12,12,,,9,10,,13,11,12,12,5,14,13,7,14,14,4,1,14,13,12,12,10,7,9,10,10,12,10,12,,10,,14,12,7,8,5,10,8,8,8,6,4,9,7,7,8,3,9,8,5,6,10,9,8,7,7,6,11,11,11,9,11,12,7,9,10,9,10,7,9,8,13,,,13,12,,3,11,1,14,11,13,7,8,5,8,8,6,6,7,9,10,6,6,12,13,13,9,9,9,8,,12,,2,"b'\x11\xe8\xe1I\xd7\xab""r\x98|\x12\xdf\x17\xaeN\x1e'"
11E8E149-D7AB-2272-987C-12DF17AE4E1E,2026-ncaa-d2-natl,genius_ncaa,246,196,221,250,233,240,238,230,219,257,247,243,113,144,77,48,269,265,200,264,232,238,251,171,201,170,44,14,263,226,215,221,115,231,199,262,249,35,82,179,241,206,239,204,,,108,258,,256,216,251,153,88,175,163,82,237,197,30,41,262,259,257,123,170,165,92,125,228,83,210,232,,241,,287,232,101,76,52,187,28,32,75,242,151,295,258,125,133,131,134,271,60,51,248,256,263,294,291,190,75,115,119,215,95,199,138,256,241,205,247,21,28,137,235,,,265,258,,165,216,48,167,264,225,242,162,148,43,49,293,259,232,239,241,173,141,146,270,224,240,206,29,210,,259,,140,"b'\x11\xe8\xe1I\xd7\xab""r\x98|\x12\xdf\x17\xaeN\x1e'"
11E8E149-D7AF-88A8-987C-12DF17AE4E1E,2018-ncaa-d2-conf-Mid-America Intercollegiate,ncaa,9,9,8,9,10,9,10,12,9,11,12,7,9,9,9,8,3,3,3,4,1,10,9,8,4,4,2,8,1,13,13,11,8,11,11,13,14,7,8,10,13,13,9,8,,,10,10,,,10,8,6,4,7,10,12,10,12,5,8,2,2,3,9,6,13,9,12,12,8,13,9,,10,,,10,11,9,6,11,9,4,12,10,11,2,11,10,9,11,9,11,8,6,11,11,13,6,7,8,9,8,7,13,7,11,9,5,11,11,12,1,2,3,7,,,3,1,,,10,6,7,13,10,11,12,10,12,6,11,11,11,9,9,11,10,9,9,9,11,11,2,4,,1,,,b'\x11\xe8\xe1I\xd7\xaf\x88\xa8\x98|\x12\xdf\x17\xaeN\x1e'
11E8E149-D7AF-88A8-987C-12DF17AE4E1E,2018-ncaa-d2-natl,ncaa,213,179,250,212,250,187,235,278,128,256,278,122,153,184,120,116,63,93,30,95,6,251,270,111,60,67,31,140,12,291,286,247,92,284,226,282,291,35,106,213,296,289,165,127,,,108,231,,,200,251,197,26,109,197,263,235,265,114,134,8,42,42,218,236,291,196,268,277,69,286,134,,198,,,201,143,142,67,277,147,53,288,158,142,182,220,141,114,240,105,199,62,44,274,280,294,157,160,145,34,92,79,286,48,226,80,53,278,249,228,5,10,131,235,,,90,1,,,200,61,108,277,203,248,245,159,238,111,210,213,213,191,189,163,102,68,183,121,153,262,8,171,,11,,,b'\x11\xe8\xe1I\xd7\xaf\x88\xa8\x98|\x12\xdf\x17\xaeN\x1e'
11E8E149-D7AF-88A8-987C-12DF17AE4E1E,2019-ncaa-d2-conf-Mid-America Intercollegiate,ncaa,10,11,8,11,9,10,11,10,11,12,9,9,10,8,13,7,8,7,12,7,7,10,8,12,13,13,7,9,4,7,8,8,12,9,9,11,12,13,13,13,9,11,5,5,,,9,9,,,11,8,6,3,10,11,8,11,9,10,7,10,7,5,8,3,5,8,7,11,14,10,5,,12,,,11,12,11,8,10,10,9,11,6,8,6,7,13,14,7,14,8,9,7,8,8,9,7,5,10,13,12,8,8,12,9,11,8,7,9,9,6,6,12,13,,,7,8,,,11,7,12,10,11,11,11,11,10,11,7,8,12,13,13,12,12,12,10,11,10,8,6,13,,7,,,b'\x11\xe8\xe1I\xd7\xaf\x88\xa8\x98|\x12\xdf\x17\xaeN\x1e'
11E8E149-D7AF-88A8-987C-12DF17AE4E1E,2019-ncaa-d2-natl,ncaa,194,184,227,201,210,215,214,243,150,200,234,102,208,176,236,138,195,209,137,201,133,243,225,150,151,191,177,190,138,165,92,198,157,191,107,285,298,214,258,291,256,247,61,45,,,115,180,,,232,238,255,1,183,182,210,148,211,183,149,162,161,154,209,152,113,131,111,286,254,251,39,,171,,,232,143,148,104,207,159,106,233,127,136,147,181,172,150,223,144,179,99,76,205,220,247,130,129,174,123,157,38,92,61,107,143,137,261,251,243,105,151,264,296,,,234,194,,,232,70,191,254,234,232,230,194,222,164,192,210,222,197,194,203,158,175,90,127,195,247,153,285,,179,,,b'\x11\xe8\xe1I\xd7\xaf\x88\xa8\x98|\x12\xdf\x17\xaeN\x1e'
11E8E149-D7AF-88A8-987C-12DF17AE4E1E,2020-ncaa-d2-conf-Mid-America Intercollegiate,ncaa,9,9,4,9,6,9,9,10,10,9,9,9,10,11,9,8,7,7,10,7,9,10,6,10,10,11,8,6,6,9,9,3,11,7,10,8,3,14,14,11,9,11,1,1,,,11,8,,,9,3,3,6,10,9,12,10,10,12,11,9,7,8,12,9,10,4,7,8,13,10,1,,11,,,9,11,6,12,4,5,9,2,12,12,10,10,11,11,8,11,10,12,12,4,4,7,12,11,10,14,11,11,9,11,10,8,7,7,7,6,13,12,7,7,,,7,9,,,9,10,11,8,9,9,7,10,5,9,9,10,12,11,11,11,13,12,10,11,8,5,12,7,,7,,,b'\x11\xe8\xe1I\xd7\xaf\x88\xa8\x98|\x12\xdf\x17\xaeN\x1e'
11E8E149-D7AF-88A8-987C-12DF17AE4E1E,2020-ncaa-d2-natl,ncaa,223,220,223,227,237,219,228,264,117,217,263,103,183,198,150,139,193,187,186,188,77,264,244,121,129,174,141,152,130,255,224,189,171,230,172,187,116,201,259,202,278,282,17,11,,,126,175,,,201,230,171,141,201,200,256,200,239,166,165,158,159,155,247,210,246,123,191,162,242,278,12,,170,,,199,111,97,105,117,89,101,100,168,147,200,180,208,169,268,167,199,108,86,131,153,183,246,194,229,156,171,69,224,90,172,107,153,220,193,168,151,215,99,159,,,219,133,,,201,80,198,193,206,177,139,172,119,148,204,193,237,202,204,186,164,196,106,145,144,184,191,120,,168,,,b'\x11\xe8\xe1I\xd7\xaf\x88\xa8\x98|\x12\xdf\x17\xaeN\x1e'
11E8E149-D7AF-88A8-987C-12DF17AE4E1E,2021-ncaa-d2-conf-Mid-America Intercollegiate,ncaa,8,7,9,8,10,9,12,12,7,11,12,8,13,13,7,13,5,6,8,6,2,11,11,7,7,9,8,13,1,11,9,8,6,8,6,9,5,9,13,11,12,12,3,2,,,11,13,,,8,10,5,3,8,11,11,9,6,13,13,3,4,4,9,6,9,2,4,8,11,12,2,,13,,,8,6,2,5,6,3,4,2,9,6,14,8,12,12,10,12,13,5,4,5,9,9,14,11,14,6,6,4,9,3,6,4,9,13,12,8,5,9,5,5,,,5,2,,,8,5,9,9,8,11,6,9,6,9,11,9,14,14,13,10,9,8,9,7,7,11,7,7,,2,,,b'\x11\xe8\xe1I\xd7\xaf\x88\xa8\x98|\x12\xdf\x17\xaeN\x1e'
11E8E149-D7AF-88A8-987C-12DF17AE4E1E,2021-ncaa-d2-natl,ncaa,83,170,47,124,55,74,88,87,115,72,64,117,128,123,146,180,23,27,70,28,44,77,71,136,109,126,148,188,15,81,136,45,85,53,90,78,104,185,163,141,132,200,17,21,,,205,194,,,171,66,150,88,147,171,189,119,109,194,198,31,41,42,162,164,144,73,106,147,130,204,28,,185,,,152,176,149,163,78,136,156,54,188,166,195,109,217,214,168,214,201,172,163,100,134,161,207,152,207,168,85,162,136,161,90,158,102,105,183,146,154,105,189,139,,,33,23,,,171,164,134,160,151,132,71,99,54,91,158,114,206,199,194,122,86,102,88,86,79,189,86,149,,50,,,b'\x11\xe8\xe1I\xd7\xaf\x88\xa8\x98|\x12\xdf\x17\xaeN\x1e'
11E8E149-D7AF-88A8-987C-12DF17AE4E1E,2022-ncaa-d2-conf-Mid-America Intercollegiate,ncaa,2,1,3,2,3,4,5,2,9,7,5,10,2,2,6,3,5,3,9,3,3,2,3,10,10,7,3,3,5,3,9,2,7,2,9,5,8,4,1,4,5,6,2,3,,,12,7,,,2,4,5,10,6,6,4,9,9,2,2,5,4,4,4,5,5,2,2,5,2,6,1,,9,,,2,4,4,12,1,5,11,1,5,9,3,8,7,11,6,11,8,13,11,1,1,1,9,6,11,12,7,14,9,14,9,3,5,4,3,2,2,1,13,13,,,4,6,,,2,11,7,1,2,4,2,8,2,7,5,6,7,5,5,7,10,11,13,12,3,5,2,13,,5,,,b'\x11\xe8\xe1I\xd7\xaf\x88\xa8\x98|\x12\xdf\x17\xaeN\x1e'
11E8E149-D7AF-88A8-987C-12DF17AE4E1E,2022-ncaa-d2-natl,ncaa,31,35,30,36,36,43,54,35,143,75,66,126,34,24,114,72,45,40,115,39,73,34,58,112,113,59,63,70,125,103,216,36,68,45,154,76,169,49,4,30,76,122,53,61,,,218,136,,,33,52,180,105,62,96,81,161,173,58,45,82,98,99,72,183,176,62,99,136,8,131,77,,112,,,36,197,193,249,62,204,241,99,129,217,27,146,210,191,222,191,122,250,241,53,58,69,112,99,190,183,68,295,216,280,154,109,46,77,140,61,35,5,274,240,,,67,143,,,33,247,59,59,42,55,61,97,88,130,66,119,125,115,114,88,93,88,254,194,36,153,7,234,,164,,,b'\x11\xe8\xe1I\xd7\xaf\x88\xa8\x98|\x12\xdf\x17\xaeN\x1e'
11E8E149-D7AF-88A8-987C-12DF17AE4E1E,2023-ncaa-d2-conf-Mid-America Intercollegiate,ncaa,3,4,1,4,1,3,3,1,5,5,5,6,1,1,2,2,4,5,3,5,5,1,2,5,5,4,2,2,9,3,7,2,5,3,5,5,9,4,2,3,6,8,1,1,,,12,8,,,3,2,11,11,4,4,6,9,11,1,2,6,7,7,6,11,7,5,5,5,3,8,1,,6,,,3,8,7,12,3,6,13,3,10,10,5,9,8,8,10,8,8,12,12,3,3,3,10,9,9,9,5,13,7,12,5,9,9,3,7,6,5,3,10,9,,,3,6,,,3,12,4,3,3,2,2,4,2,3,7,7,6,6,6,3,3,7,7,5,6,7,1,8,,5,,,b'\x11\xe8\xe1I\xd7\xaf\x88\xa8\x98|\x12\xdf\x17\xaeN\x1e'
11E8E149-D7AF-88A8-987C-12DF17AE4E1E,2023-ncaa-d2-natl,ncaa,9,29,4,24,7,11,11,5,67,24,26,69,9,9,54,60,40,65,42,59,188,8,12,54,53,28,78,57,224,35,141,6,61,7,89,17,132,77,5,10,85,187,5,10,,,264,108,,,21,12,234,208,49,50,66,117,171,37,49,164,207,201,94,211,126,66,79,66,4,210,15,,72,,,26,278,272,289,63,257,282,78,261,281,101,182,230,195,254,205,88,288,283,79,80,99,170,194,128,247,61,295,141,292,89,258,154,63,187,151,110,14,284,236,,,29,172,,,21,288,21,96,27,55,69,120,61,107,131,153,80,57,60,81,52,95,157,116,102,213,6,227,,213,,,b'\x11\xe8\xe1I\xd7\xaf\x88\xa8\x98|\x12\xdf\x17\xaeN\x1e'
11E8E149-D7AF-88A8-987C-12DF17AE4E1E,2024-ncaa-d2-conf-Mid-America Intercollegiate,ncaa,5,2,7,4,7,5,5,8,4,6,7,4,5,8,1,8,7,10,2,10,9,9,9,3,2,3,6,6,11,7,3,7,9,8,5,5,7,3,5,5,4,6,7,6,,,5,6,,,3,10,11,3,3,4,6,4,6,3,7,6,9,10,7,7,5,5,6,5,6,5,7,,7,,,2,3,3,6,3,5,5,7,7,11,2,11,2,3,6,3,4,5,5,5,3,2,7,11,6,9,9,2,3,3,5,8,10,5,4,5,2,2,3,3,,,10,10,,,3,4,3,4,2,4,5,10,5,4,8,11,5,4,5,6,7,11,3,6,8,3,2,3,,9,,,b'\x11\xe8\xe1I\xd7\xaf\x88\xa8\x98|\x12\xdf\x17\xaeN\x1e'
11E8E149-D7AF-88A8-987C-12DF17AE4E1E,2024-ncaa-d2-natl,ncaa,55,59,78,64,86,55,49,82,28,47,67,65,88,146,12,205,60,113,11,110,193,85,115,29,26,16,158,159,157,114,100,71,125,83,82,71,178,48,32,41,112,134,111,116,,,175,140,,,35,118,196,79,34,35,104,48,80,91,187,72,139,137,98,184,127,89,98,79,35,137,125,,129,,,35,161,157,201,75,141,162,105,183,241,54,224,158,134,269,132,112,196,192,78,84,114,183,190,141,196,125,124,100,155,82,168,181,141,175,160,27,14,208,157,,,122,136,,,35,188,15,117,31,101,103,174,82,103,163,213,115,96,95,149,126,161,65,96,132,178,19,188,,163,,,b'\x11\xe8\xe1I\xd7\xaf\x88\xa8\x98|\x12\xdf\x17\xaeN\x1e'
11E8E149-D7AF-88A8-987C-12DF17AE4E1E,2025-ncaa-d2-conf-Mid-America Intercollegiate,genius_ncaa,6,7,3,7,3,4,4,2,8,3,2,9,9,9,7,12,7,6,11,6,12,3,4,10,11,8,11,10,8,1,5,9,9,4,7,4,7,4,2,4,4,6,13,14,,,12,10,,6,6,5,9,2,6,5,2,4,1,9,9,7,7,7,2,3,1,11,6,5,3,7,14,,9,,7,6,12,11,8,12,10,9,11,9,8,13,6,11,9,13,9,7,8,10,12,13,7,7,5,9,8,9,11,5,12,7,7,5,3,4,3,7,4,7,5,,,6,9,,2,6,10,6,6,6,9,8,4,7,6,8,4,9,8,8,4,7,6,10,10,5,3,5,6,,8,,2,b'\x11\xe8\xe1I\xd7\xaf\x88\xa8\x98|\x12\xdf\x17\xaeN\x1e'
11E8E149-D7AF-88A8-987C-12DF17AE4E1E,2025-ncaa-d2-natl,genius_ncaa,79,112,43,101,43,51,47,30,126,45,27,174,89,104,83,191,114,127,121,122,254,33,60,139,154,81,202,148,219,57,139,82,60,71,130,84,198,44,6,38,131,173,198,216,,,243,199,,85,98,65,190,19,69,46,36,54,46,115,150,175,181,180,48,128,96,146,119,123,12,173,232,,168,,66,101,239,234,212,198,219,196,195,215,208,187,179,211,193,227,196,166,220,225,203,196,182,161,168,158,97,60,277,139,233,130,93,26,89,129,69,85,31,215,99,,,112,201,,50,98,237,69,155,97,140,145,98,144,100,177,158,142,133,138,87,101,46,221,143,48,143,37,176,,186,,70,b'\x11\xe8\xe1I\xd7\xaf\x88\xa8\x98|\x12\xdf\x17\xaeN\x1e'
11E8E149-D7AF-88A8-987C-12DF17AE4E1E,2026-ncaa-d2-conf-Mid-America Intercollegiate,genius_ncaa,1,1,3,1,7,3,3,3,1,4,5,4,7,12,2,11,4,5,6,4,7,4,5,2,2,1,10,10,7,7,4,11,9,10,5,11,13,1,2,9,7,6,10,11,,,5,5,,2,2,5,1,5,1,1,1,2,4,6,11,3,4,3,2,3,6,10,8,10,2,6,10,,6,,2,2,4,9,10,6,11,11,9,2,2,3,3,2,2,8,2,1,10,10,4,4,5,1,3,2,9,9,1,4,3,5,4,4,8,10,5,7,7,2,2,,,5,3,,10,2,8,1,5,2,4,9,11,12,12,3,3,2,2,2,11,11,9,1,3,5,7,9,2,,3,,10,b'\x11\xe8\xe1I\xd7\xaf\x88\xa8\x98|\x12\xdf\x17\xaeN\x1e'
11E8E149-D7AF-88A8-987C-12DF17AE4E1E,2026-ncaa-d2-natl,genius_ncaa,9,98,6,86,6,5,3,4,50,2,2,92,50,79,65,255,10,3,150,3,148,3,5,73,75,50,225,218,128,4,64,14,63,7,72,51,275,231,30,126,43,142,82,158,,,288,189,,225,44,6,74,74,15,12,23,10,13,151,211,48,45,41,22,40,46,172,87,172,71,135,162,,192,,151,70,292,287,284,243,278,281,214,278,258,261,128,285,275,261,276,172,286,290,247,264,236,184,173,171,182,63,286,64,276,72,266,106,13,87,119,267,119,293,217,,,3,51,,7,44,293,27,188,79,218,201,122,177,138,201,136,206,171,169,131,159,50,163,104,163,87,153,266,,23,,13,b'\x11\xe8\xe1I\xd7\xaf\x88\xa8\x98|\x12\xdf\x17\xaeN\x1e'
11E8E149-D7B3-DE94-987C-12DF17AE4E1E,2018-ncaa-d2-conf-GLVC,ncaa,4,3,4,4,4,4,4,5,3,5,5,4,6,10,1,10,4,5,8,5,6,5,5,3,3,2,12,11,5,7,6,3,1,6,2,4,4,9,4,2,7,7,11,13,,,2,3,,,4,5,12,1,3,5,10,5,6,9,10,5,4,5,10,12,9,6,7,3,2,10,12,,2,,,3,5,8,10,6,9,12,4,5,4,14,3,3,3,11,3,1,8,10,5,5,7,4,6,4,1,1,5,6,1,2,3,1,5,5,4,8,5,14,11,,,4,1,,,4,11,2,4,3,3,5,3,6,10,4,3,2,1,1,3,2,1,2,1,2,7,4,12,,3,,,b'\x11\xe8\xe1I\xd7\xb3\xde\x94\x98|\x12\xdf\x17\xaeN\x1e'
11E8E149-D7B3-DE94-987C-12DF17AE4E1E,2018-ncaa-d2-natl,ncaa,62,30,206,43,226,130,131,232,33,133,197,51,139,222,18,198,115,129,129,125,68,212,228,36,31,45,145,163,123,169,71,204,23,198,25,94,72,85,141,64,156,90,218,213,,,32,87,,,49,240,210,140,66,76,209,82,161,115,212,78,77,75,184,192,141,174,153,53,126,128,216,,54,,,37,35,49,41,165,69,97,104,51,21,257,50,40,35,224,36,60,30,50,143,138,109,83,108,106,11,23,15,71,9,25,16,37,170,82,48,133,191,157,179,,,98,14,,,49,67,42,76,41,61,86,52,109,152,74,21,53,44,46,29,55,18,21,15,40,125,168,169,,31,,,b'\x11\xe8\xe1I\xd7\xb3\xde\x94\x98|\x12\xdf\x17\xaeN\x1e'
11E8E149-D7B3-DE94-987C-12DF17AE4E1E,2019-ncaa-d2-conf-GLVC,ncaa,9,8,9,9,11,13,14,12,13,11,12,12,11,8,14,6,11,10,12,10,6,11,11,13,13,13,5,7,4,6,3,10,4,7,5,14,12,6,10,14,10,6,12,12,,,4,9,,,10,12,12,11,13,14,11,11,10,10,7,11,8,8,10,11,2,7,5,14,7,10,12,,5,,,10,2,3,1,10,8,10,7,1,1,6,1,10,5,14,5,4,1,1,5,8,9,3,1,10,1,4,4,3,3,5,4,4,11,10,8,7,6,4,6,,,9,5,,,10,2,13,8,10,4,7,5,12,11,1,1,10,8,8,4,1,3,8,6,6,11,7,5,,6,,,b'\x11\xe8\xe1I\xd7\xb3\xde\x94\x98|\x12\xdf\x17\xaeN\x1e'
11E8E149-D7B3-DE94-987C-12DF17AE4E1E,2019-ncaa-d2-natl,ncaa,166,160,182,172,218,201,209,215,178,209,215,175,164,168,168,149,159,170,122,171,128,214,200,167,161,183,125,148,109,155,113,226,79,212,106,223,231,197,225,230,105,58,241,268,,,115,188,,,178,213,199,248,195,216,218,200,210,156,166,142,148,151,212,188,134,235,196,232,216,84,243,,133,,,179,114,158,70,272,255,215,223,15,9,232,5,138,110,248,111,78,68,71,221,227,222,10,10,166,32,79,75,113,42,106,133,106,191,137,166,147,180,206,244,,,149,85,,,178,87,179,185,182,146,197,78,273,268,10,4,158,127,130,70,61,40,94,67,145,178,168,227,,113,,,b'\x11\xe8\xe1I\xd7\xb3\xde\x94\x98|\x12\xdf\x17\xaeN\x1e'
11E8E149-D7B3-DE94-987C-12DF17AE4E1E,2020-ncaa-d2-conf-GLVC,ncaa,8,6,10,8,10,10,9,8,10,11,6,9,12,11,11,11,8,9,3,10,11,9,13,13,12,9,11,12,6,2,2,14,4,7,3,10,11,2,5,9,5,2,15,14,,,5,9,,,7,16,16,1,9,8,6,8,4,11,10,6,7,7,6,8,2,13,2,10,5,4,15,,7,,,7,1,4,2,11,4,3,9,4,2,15,9,4,5,7,5,8,1,1,13,14,9,10,12,6,3,4,3,2,1,3,2,8,8,5,5,3,4,5,3,,,9,5,,,7,1,4,8,6,6,6,4,6,4,9,4,6,6,6,2,1,4,4,3,5,5,4,7,,4,,,b'\x11\xe8\xe1I\xd7\xb3\xde\x94\x98|\x12\xdf\x17\xaeN\x1e'
11E8E149-D7B3-DE94-987C-12DF17AE4E1E,2020-ncaa-d2-natl,ncaa,112,124,102,119,105,130,135,147,120,105,102,134,186,199,158,221,84,107,101,111,142,134,142,148,134,128,194,224,77,47,21,193,79,107,43,131,139,139,133,124,66,45,230,239,,,187,233,,,126,196,277,20,135,144,173,106,116,194,216,84,104,111,154,174,46,233,115,136,120,69,244,,161,,,126,166,177,98,255,180,125,227,172,87,292,123,107,110,151,111,136,92,94,261,257,222,123,173,98,50,79,74,21,53,43,153,127,152,115,151,98,100,146,110,,,49,29,,,126,116,93,191,126,128,152,49,149,96,161,69,93,95,104,43,36,34,44,29,142,163,83,136,,42,,,b'\x11\xe8\xe1I\xd7\xb3\xde\x94\x98|\x12\xdf\x17\xaeN\x1e'
11E8E149-D7B3-DE94-987C-12DF17AE4E1E,2021-ncaa-d2-conf-GLVC,ncaa,4,4,10,4,13,9,7,10,5,5,5,6,12,13,7,12,11,11,5,12,13,11,13,6,6,4,13,12,10,2,1,12,3,11,3,6,5,2,3,2,7,3,15,14,,,5,8,,,2,14,15,12,5,4,5,2,5,12,13,11,12,12,8,13,2,12,7,4,3,6,14,,4,,,2,2,3,2,13,3,2,12,10,3,14,11,4,4,6,5,9,2,2,14,14,13,12,12,7,1,3,2,1,2,3,5,8,9,6,7,2,2,2,1,,,12,8,,,2,2,2,10,3,3,4,1,3,2,9,5,4,4,5,1,1,1,2,1,8,9,2,2,,11,,,b'\x11\xe8\xe1I\xd7\xb3\xde\x94\x98|\x12\xdf\x17\xaeN\x1e'
11E8E149-D7B3-DE94-987C-12DF17AE4E1E,2021-ncaa-d2-natl,ncaa,44,112,47,70,58,46,40,63,32,31,36,43,94,107,84,175,53,65,60,64,157,63,72,48,42,33,187,179,129,24,19,100,46,70,22,29,45,113,37,12,43,35,176,211,,,152,151,,,55,86,211,121,67,59,117,36,65,148,180,101,127,124,121,170,53,203,144,33,22,69,217,,76,,,65,161,161,126,210,156,128,204,170,133,213,123,156,149,148,155,158,129,134,217,217,200,135,135,107,74,46,118,19,102,22,181,155,72,79,143,121,54,47,8,,,63,80,,,55,141,16,176,64,97,97,13,98,20,132,57,92,82,85,8,8,11,12,6,130,142,40,12,,129,,,b'\x11\xe8\xe1I\xd7\xb3\xde\x94\x98|\x12\xdf\x17\xaeN\x1e'
11E8E149-D7B3-DE94-987C-12DF17AE4E1E,2022-ncaa-d2-conf-GLVC,ncaa,2,4,2,3,2,3,2,4,3,2,3,4,5,7,3,11,10,10,11,10,14,5,5,3,4,4,14,9,14,5,3,5,2,5,2,4,11,4,4,4,5,5,11,11,,,7,8,,,2,6,14,4,10,5,11,4,7,10,13,13,13,13,11,14,6,13,10,9,1,7,11,,2,,,3,3,7,5,7,7,8,5,2,3,5,1,5,4,7,4,3,5,5,6,4,2,1,2,6,2,2,3,3,3,2,3,1,5,3,2,2,1,2,2,,,6,8,,,2,9,3,2,2,1,2,2,3,2,2,1,1,2,1,1,1,2,1,1,1,8,1,2,,12,,,b'\x11\xe8\xe1I\xd7\xb3\xde\x94\x98|\x12\xdf\x17\xaeN\x1e'
11E8E149-D7B3-DE94-987C-12DF17AE4E1E,2022-ncaa-d2-natl,ncaa,51,26,146,34,179,162,131,212,34,116,180,52,148,215,25,181,252,257,151,257,268,227,254,36,49,33,225,145,274,166,45,236,2,225,5,179,233,16,46,58,203,112,247,224,,,42,200,,,38,261,301,224,164,103,250,100,190,135,222,266,266,268,272,296,169,276,250,194,14,209,257,,35,,,32,21,22,19,182,30,28,152,49,36,222,120,57,38,272,38,124,17,18,181,195,174,157,145,167,6,2,13,45,9,5,12,23,223,104,51,12,29,4,1,,,226,121,,,38,35,18,88,29,5,10,1,16,6,53,22,49,34,34,1,1,2,1,1,4,232,8,2,,259,,,b'\x11\xe8\xe1I\xd7\xb3\xde\x94\x98|\x12\xdf\x17\xaeN\x1e'
11E8E149-D7B3-DE94-987C-12DF17AE4E1E,2023-ncaa-d2-conf-GLVC,ncaa,10,9,9,10,9,11,9,11,5,4,4,9,13,13,9,13,13,12,13,13,13,13,13,9,9,9,13,13,11,2,2,12,2,9,1,13,13,2,5,12,10,10,12,12,,,4,9,,,8,13,13,2,11,6,8,2,2,13,13,13,11,12,12,12,2,11,6,13,5,10,12,,5,,,8,2,1,1,10,2,2,7,4,2,12,4,7,5,13,5,9,1,1,11,12,12,9,6,9,1,2,1,2,1,1,1,7,12,11,10,2,4,4,2,,,11,8,,,8,1,4,11,9,4,3,2,4,3,4,3,9,7,6,2,1,1,1,1,3,12,3,7,,9,,,b'\x11\xe8\xe1I\xd7\xb3\xde\x94\x98|\x12\xdf\x17\xaeN\x1e'
11E8E149-D7B3-DE94-987C-12DF17AE4E1E,2023-ncaa-d2-natl,ncaa,207,206,197,211,205,193,146,210,55,78,86,99,269,285,129,282,254,266,120,269,289,227,257,99,113,102,289,273,246,114,33,266,65,225,27,285,298,24,72,229,274,259,289,290,,,64,217,,,203,270,298,66,177,88,184,27,38,269,286,248,260,267,221,263,79,268,213,292,40,277,289,,93,,,200,125,115,34,283,111,53,256,131,62,290,114,165,101,294,98,183,33,14,282,287,296,171,154,178,11,65,15,33,9,27,86,96,287,269,272,15,70,74,51,,,247,182,,,203,25,67,288,215,198,184,24,176,74,177,69,199,136,130,26,4,16,14,6,129,291,43,91,,242,,,b'\x11\xe8\xe1I\xd7\xb3\xde\x94\x98|\x12\xdf\x17\xaeN\x1e'
11E8E149-D7B3-DE94-987C-12DF17AE4E1E,2024-ncaa-d2-conf-GLVC,ncaa,8,7,5,8,7,12,7,11,5,2,1,7,14,14,14,14,13,12,13,11,14,11,12,11,11,10,14,14,11,6,3,9,1,10,2,13,14,3,5,14,10,8,9,6,,,1,2,,,5,14,14,11,14,8,11,2,1,14,14,14,12,11,13,13,7,10,9,13,4,11,8,,1,,,5,1,1,1,6,1,2,4,7,3,12,10,3,3,4,3,5,1,1,7,7,6,9,12,4,1,1,2,3,1,2,3,10,11,8,9,4,5,4,2,,,13,8,,,5,1,10,5,6,1,1,1,1,2,10,3,3,2,3,1,1,1,1,1,4,11,5,3,,12,,,b'\x11\xe8\xe1I\xd7\xb3\xde\x94\x98|\x12\xdf\x17\xaeN\x1e'
11E8E149-D7B3-DE94-987C-12DF17AE4E1E,2024-ncaa-d2-natl,ncaa,157,183,117,170,157,150,92,135,48,23,17,92,290,290,277,297,193,178,217,172,283,143,200,144,157,102,298,296,214,124,74,154,11,150,19,256,299,15,13,151,253,237,170,153,,,31,61,,,150,220,284,227,169,68,143,6,6,296,297,212,183,178,158,243,121,177,158,280,6,268,176,,18,,,150,136,160,89,240,127,89,215,214,143,273,204,77,68,169,71,106,76,44,249,235,270,174,230,61,12,11,58,74,25,19,139,130,267,254,258,19,35,75,15,,,177,129,,,150,70,90,230,157,120,150,48,110,55,210,139,66,62,67,27,5,6,31,9,134,285,22,70,,206,,,b'\x11\xe8\xe1I\xd7\xb3\xde\x94\x98|\x12\xdf\x17\xaeN\x1e'
11E8E149-D7B3-DE94-987C-12DF17AE4E1E,2025-ncaa-d2-conf-GLVC,genius_ncaa,4,4,6,4,8,9,8,8,7,5,3,8,11,13,9,13,9,8,11,9,15,9,12,8,10,9,14,12,10,5,4,8,3,5,3,8,6,2,3,5,12,12,10,11,,,1,2,,1,4,14,15,10,11,8,8,4,4,13,14,10,9,10,9,15,5,5,3,8,1,12,11,,1,,1,4,1,1,3,4,4,10,3,1,1,3,2,3,3,7,3,4,2,1,3,2,3,2,3,8,1,3,4,4,1,3,1,2,14,12,4,4,7,1,1,,,10,10,,14,4,2,7,3,4,1,2,2,3,7,1,1,3,2,4,1,1,1,3,2,1,14,4,1,,11,,14,b'\x11\xe8\xe1I\xd7\xb3\xde\x94\x98|\x12\xdf\x17\xaeN\x1e'
11E8E149-D7B3-DE94-987C-12DF17AE4E1E,2025-ncaa-d2-natl,genius_ncaa,95,62,207,75,223,186,164,215,80,130,143,116,218,254,94,246,201,205,173,206,218,216,255,104,113,86,246,224,188,157,81,136,14,143,17,183,183,22,42,72,263,220,220,207,,,11,23,,41,63,267,283,205,148,112,186,68,87,208,256,183,168,174,194,255,114,51,70,157,25,253,210,,5,,50,54,17,26,37,63,43,82,65,42,40,86,90,30,27,158,30,57,30,23,58,49,94,66,100,121,15,14,33,81,17,17,12,11,272,238,89,29,67,9,3,,,192,89,,165,63,33,64,66,50,22,41,43,67,118,52,52,44,46,51,35,14,16,57,26,10,270,41,4,,152,,150,b'\x11\xe8\xe1I\xd7\xb3\xde\x94\x98|\x12\xdf\x17\xaeN\x1e'
11E8E149-D7B3-DE94-987C-12DF17AE4E1E,2026-ncaa-d2-conf-GLVC,genius_ncaa,1,1,1,1,1,1,1,3,5,1,2,2,9,9,10,12,9,11,3,11,15,5,5,6,6,6,14,13,13,6,4,1,1,1,1,2,10,10,8,7,11,13,9,10,,,3,2,,11,2,5,12,1,6,4,8,1,5,13,10,14,15,15,13,12,7,5,5,6,7,13,10,,2,,8,2,7,8,11,3,11,14,2,5,2,11,1,7,8,11,8,2,11,10,2,2,4,5,5,10,2,1,10,4,2,1,8,6,8,11,7,9,6,6,4,,,4,12,,5,2,11,7,2,2,1,2,2,3,11,2,1,4,2,2,2,2,1,2,2,3,12,7,4,,13,,8,b'\x11\xe8\xe1I\xd7\xb3\xde\x94\x98|\x12\xdf\x17\xaeN\x1e'
11E8E149-D7B3-DE94-987C-12DF17AE4E1E,2026-ncaa-d2-natl,genius_ncaa,9,13,59,17,84,101,85,132,36,57,109,37,161,173,151,182,144,197,27,194,247,148,152,57,46,59,240,205,208,157,135,60,1,93,11,61,75,125,114,60,227,232,189,205,,,49,27,,140,25,146,278,88,141,105,229,72,167,194,219,181,254,255,265,278,211,65,130,79,71,257,221,,4,,126,30,85,87,125,32,93,147,28,95,124,82,122,97,87,197,94,85,117,112,26,33,56,145,140,170,17,1,109,135,67,11,91,129,192,176,127,93,89,119,96,,,142,123,,84,25,144,65,29,24,9,14,16,33,69,52,56,57,39,45,8,4,2,22,3,33,250,57,91,,213,,110,b'\x11\xe8\xe1I\xd7\xb3\xde\x94\x98|\x12\xdf\x17\xaeN\x1e'
11E8E149-D7B8-33D6-987C-12DF17AE4E1E,2018-ncaa-d2-conf-ECC,ncaa,7,7,4,7,6,9,8,9,6,8,8,5,7,7,6,5,9,9,8,9,6,9,9,6,7,7,7,5,8,8,7,7,6,8,8,6,1,8,9,6,6,5,8,7,,,1,4,,,7,9,9,5,9,8,9,8,8,7,7,9,9,9,9,9,8,7,8,6,8,6,8,,1,,,7,2,2,4,3,1,1,3,9,7,7,9,1,1,9,1,4,2,1,6,7,5,9,9,4,4,6,3,7,3,8,6,9,6,4,7,8,9,2,5,,,9,9,,,7,1,8,7,7,2,2,4,2,1,9,8,2,1,1,2,1,7,3,3,7,6,8,2,,9,,,b'\x11\xe8\xe1I\xd7\xb83\xd6\x98|\x12\xdf\x17\xaeN\x1e'
11E8E149-D7B8-33D6-987C-12DF17AE4E1E,2018-ncaa-d2-natl,ncaa,213,206,206,217,238,298,286,289,239,270,267,226,247,238,249,140,303,286,305,286,258,294,268,240,266,288,226,148,276,236,192,242,251,247,213,239,86,238,302,265,147,89,206,149,,,73,165,,,236,272,287,226,305,297,301,280,269,245,230,307,292,292,305,286,221,236,248,234,269,120,200,,108,,,237,13,9,56,16,4,16,11,230,231,183,305,39,21,299,22,126,37,57,53,57,50,307,306,133,186,251,52,192,102,213,109,291,154,79,126,186,272,82,191,,,293,282,,,236,43,292,82,239,22,16,79,1,15,260,272,50,30,31,39,69,221,92,145,154,109,224,111,,303,,,b'\x11\xe8\xe1I\xd7\xb83\xd6\x98|\x12\xdf\x17\xaeN\x1e'
11E8E149-D7B8-33D6-987C-12DF17AE4E1E,2019-ncaa-d2-conf-ECC,ncaa,8,8,7,8,9,10,8,10,7,8,8,7,6,9,2,5,10,10,10,10,9,10,9,5,8,9,6,5,10,9,9,7,9,9,9,7,6,5,10,7,5,5,7,7,,,8,8,,,7,9,7,4,10,8,10,5,6,6,8,10,10,10,10,9,8,7,9,7,8,5,7,,8,,,7,4,3,2,4,5,4,8,5,6,4,7,7,6,5,6,9,2,2,3,5,6,8,5,8,7,9,3,9,4,9,5,7,8,5,6,6,8,8,9,,,10,8,,,7,2,9,6,7,4,4,4,6,4,6,7,7,7,7,4,5,8,6,7,7,7,8,9,,8,,,b'\x11\xe8\xe1I\xd7\xb83\xd6\x98|\x12\xdf\x17\xaeN\x1e'
11E8E149-D7B8-33D6-987C-12DF17AE4E1E,2019-ncaa-d2-natl,ncaa,194,222,118,212,154,219,177,186,166,148,134,193,199,236,113,216,294,268,293,264,287,208,194,169,225,235,259,171,294,163,157,185,255,181,217,166,141,208,232,186,146,142,131,118,,,221,247,,,195,198,257,145,265,205,225,152,135,208,249,302,286,283,257,240,163,222,206,178,201,155,125,,216,,,189,88,90,133,98,104,141,100,117,139,107,159,130,164,73,162,170,126,138,91,90,91,163,166,178,252,255,151,157,201,217,190,267,137,123,174,137,162,244,238,,,246,260,,,195,110,234,123,192,75,78,110,87,112,125,141,126,151,151,110,106,239,138,189,191,150,135,248,,275,,,b'\x11\xe8\xe1I\xd7\xb83\xd6\x98|\x12\xdf\x17\xaeN\x1e'
11E8E149-D7B8-33D6-987C-12DF17AE4E1E,2020-ncaa-d2-conf-ECC,ncaa,1,4,1,3,1,1,1,1,2,1,1,3,3,3,4,7,1,1,5,1,3,1,1,4,3,3,6,7,3,3,4,1,3,1,2,1,4,8,6,4,1,3,1,3,,,8,6,,,3,1,9,1,3,3,6,3,6,6,8,2,3,3,6,9,5,4,4,4,5,3,5,,4,,,3,8,6,9,1,4,8,1,9,9,2,8,7,7,6,7,5,9,9,1,1,1,9,9,5,8,3,9,4,9,2,6,7,2,4,4,7,6,7,4,,,1,5,,,3,9,3,1,3,1,1,4,1,3,4,5,4,3,4,4,2,4,2,3,3,4,5,6,,5,,,b'\x11\xe8\xe1I\xd7\xb83\xd6\x98|\x12\xdf\x17\xaeN\x1e'
11E8E149-D7B8-33D6-987C-12DF17AE4E1E,2020-ncaa-d2-natl,ncaa,47,46,102,48,154,206,192,223,141,153,146,148,236,240,210,235,160,172,132,169,173,216,188,175,172,201,237,238,96,135,93,131,194,137,106,114,36,233,248,159,50,33,65,37,,,86,97,,,69,205,273,227,232,223,265,173,167,256,259,168,183,181,261,238,147,143,143,121,213,52,72,,65,,,66,17,19,100,10,10,71,8,136,200,70,264,35,36,159,36,69,63,112,14,13,8,278,286,131,226,194,69,93,122,106,107,294,77,51,68,216,235,212,225,,,184,153,,,69,92,193,15,70,7,13,52,4,35,126,179,19,20,21,27,57,206,43,93,94,74,202,206,,216,,,b'\x11\xe8\xe1I\xd7\xb83\xd6\x98|\x12\xdf\x17\xaeN\x1e'
11E8E149-D7B8-33D6-987C-12DF17AE4E1E,2021-ncaa-d2-conf-ECC,ncaa,4,2,4,4,4,5,4,5,3,4,4,2,6,6,6,6,4,5,5,5,2,5,5,4,3,5,6,6,1,4,2,4,2,4,2,4,4,4,6,5,4,2,2,2,,,2,4,,,3,5,6,1,6,5,6,3,5,6,6,1,2,2,6,6,4,2,3,4,6,3,2,,3,,,3,1,1,2,2,1,2,2,3,3,5,3,2,2,4,2,2,2,2,2,2,2,6,6,4,1,2,2,2,1,2,1,5,5,4,3,4,6,2,2,,,5,2,,,3,2,5,2,2,2,2,2,2,2,3,2,2,2,3,2,1,2,2,2,2,6,6,2,,3,,,b'\x11\xe8\xe1I\xd7\xb83\xd6\x98|\x12\xdf\x17\xaeN\x1e'
11E8E149-D7B8-33D6-987C-12DF17AE4E1E,2021-ncaa-d2-natl,ncaa,159,49,195,126,196,208,208,206,182,202,202,171,209,209,204,168,196,200,170,200,68,205,203,194,187,204,162,191,27,200,82,193,60,196,39,202,55,30,207,191,200,90,100,4,,,22,117,,,111,203,225,36,215,213,224,189,181,215,213,149,131,127,220,216,119,54,78,178,176,127,9,,51,,,114,17,15,23,3,12,20,1,38,30,147,164,18,19,70,19,58,21,22,11,7,11,214,221,100,24,60,21,82,20,39,23,216,206,103,105,33,199,41,178,,,200,55,,,111,23,202,11,110,4,6,30,3,33,128,105,13,16,20,16,11,79,40,44,64,159,164,154,,149,,,b'\x11\xe8\xe1I\xd7\xb83\xd6\x98|\x12\xdf\x17\xaeN\x1e'
11E8E149-D7B8-33D6-987C-12DF17AE4E1E,2022-ncaa-d2-conf-ECC,ncaa,2,2,1,2,3,4,4,4,4,1,1,3,9,9,6,9,3,3,2,3,8,4,4,5,5,3,9,9,4,8,8,1,3,4,3,4,5,5,4,3,2,2,1,1,,,3,1,,,2,3,9,6,7,6,10,1,3,9,9,4,6,6,10,10,10,4,5,4,3,3,1,,1,,,2,2,2,9,1,1,7,1,8,8,4,7,2,2,8,2,3,8,8,1,1,1,9,9,6,7,3,7,8,8,3,2,5,3,4,3,9,7,2,1,,,5,5,,,2,8,4,2,2,2,1,4,1,4,4,6,2,2,2,4,3,3,4,4,2,4,6,2,,8,,,b'\x11\xe8\xe1I\xd7\xb83\xd6\x98|\x12\xdf\x17\xaeN\x1e'
11E8E149-D7B8-33D6-987C-12DF17AE4E1E,2022-ncaa-d2-natl,ncaa,78,65,146,74,152,178,171,164,181,148,116,208,203,223,156,224,143,184,38,186,230,170,174,196,181,171,201,208,117,150,155,83,149,103,127,122,66,119,138,111,107,107,3,1,,,49,39,,,77,182,205,74,193,184,152,142,97,213,229,143,195,196,173,188,146,29,68,105,120,111,2,,53,,,74,32,36,152,3,19,127,1,205,210,170,232,29,27,229,24,28,124,136,8,7,14,270,287,67,219,149,156,155,185,127,158,278,118,111,132,119,147,174,152,,,175,155,,,77,118,166,21,73,18,19,182,8,126,213,221,26,22,23,114,143,217,172,196,151,118,128,187,,181,,,b'\x11\xe8\xe1I\xd7\xb83\xd6\x98|\x12\xdf\x17\xaeN\x1e'
11E8E149-D7B8-33D6-987C-12DF17AE4E1E,2023-ncaa-d2-conf-ECC,ncaa,8,7,7,8,8,9,9,8,9,9,8,9,8,7,9,5,6,7,4,7,5,8,7,9,9,9,4,6,2,3,2,5,4,4,3,9,4,9,9,9,6,6,4,1,,,4,7,,,8,7,3,5,9,9,6,9,8,8,5,4,6,6,7,2,2,2,2,9,9,5,1,,7,,,8,2,1,2,3,1,2,2,8,7,6,7,3,5,1,5,8,3,2,3,3,3,8,8,5,4,4,3,2,4,3,3,6,7,6,5,8,8,4,6,,,7,9,,,8,2,9,3,8,4,3,4,2,4,8,7,5,6,6,5,6,6,3,4,5,5,9,5,,5,,,b'\x11\xe8\xe1I\xd7\xb83\xd6\x98|\x12\xdf\x17\xaeN\x1e'
11E8E149-D7B8-33D6-987C-12DF17AE4E1E,2023-ncaa-d2-natl,ncaa,267,250,239,270,252,289,290,250,296,286,241,297,275,222,296,160,238,245,165,246,196,259,233,297,296,296,153,225,27,103,92,163,190,141,148,271,88,243,279,280,204,153,43,27,,,30,80,,,267,254,174,208,294,296,220,293,173,276,179,200,207,205,230,117,55,64,38,272,278,151,20,,86,,,270,26,31,81,30,28,88,19,107,105,150,154,14,40,24,37,75,58,56,46,28,45,185,228,79,172,190,115,92,141,148,127,264,208,163,182,245,279,175,235,,,273,270,,,267,40,294,72,272,61,80,206,57,178,169,173,51,84,81,173,161,238,228,248,190,165,273,223,,253,,,b'\x11\xe8\xe1I\xd7\xb83\xd6\x98|\x12\xdf\x17\xaeN\x1e'
11E8E149-D7B8-33D6-987C-12DF17AE4E1E,2024-ncaa-d2-conf-ECC,ncaa,7,7,7,7,7,8,8,6,9,4,3,9,8,7,9,7,4,5,3,5,7,6,4,9,9,9,8,8,3,3,5,6,7,5,7,7,6,6,6,7,3,3,3,3,,,3,3,,,7,5,3,1,8,7,2,2,1,8,7,3,4,4,2,2,3,5,3,7,8,2,2,,6,,,7,5,6,4,6,4,6,2,7,1,8,2,4,3,7,3,1,4,4,6,6,5,5,7,3,5,7,6,5,6,7,7,8,4,5,6,8,8,4,3,,,8,8,,,7,4,9,5,7,5,6,8,7,8,7,4,6,6,6,7,7,8,7,7,8,3,9,5,,7,,,b'\x11\xe8\xe1I\xd7\xb83\xd6\x98|\x12\xdf\x17\xaeN\x1e'
11E8E149-D7B8-33D6-987C-12DF17AE4E1E,2024-ncaa-d2-natl,ncaa,187,197,172,191,173,199,185,106,268,146,64,257,245,209,281,226,167,199,88,199,264,117,99,277,274,266,248,250,113,60,84,108,226,76,160,120,42,236,201,168,105,123,16,20,,,92,40,,,193,125,83,12,203,189,37,124,31,257,200,158,176,183,58,36,46,44,25,91,239,94,7,,103,,,185,114,156,227,50,157,251,26,153,123,194,90,63,57,185,51,23,200,201,49,45,54,104,177,57,264,226,209,84,243,160,258,285,124,154,212,250,219,265,238,,,239,287,,,193,171,249,88,189,154,178,277,183,285,175,148,74,72,64,259,258,279,250,272,262,102,243,280,,251,,,b'\x11\xe8\xe1I\xd7\xb83\xd6\x98|\x12\xdf\x17\xaeN\x1e'
11E8E149-D7B8-33D6-987C-12DF17AE4E1E,2025-ncaa-d2-conf-ECC,genius_ncaa,4,5,1,4,1,3,2,1,7,1,1,8,4,4,5,7,4,3,6,3,6,1,1,6,6,6,8,6,7,1,2,3,7,1,4,2,5,7,3,4,1,1,1,2,,,9,7,,4,5,1,2,3,3,2,1,1,1,5,5,5,6,6,1,1,1,5,1,2,6,1,2,,8,,2,5,9,7,9,4,5,7,3,8,8,8,4,8,8,5,8,8,9,9,5,6,4,7,7,8,9,7,9,2,9,4,6,5,1,3,1,8,6,9,9,,,4,6,,3,5,9,5,4,5,6,4,7,3,5,7,6,7,7,7,6,9,9,7,7,4,1,7,9,,6,,4,b'\x11\xe8\xe1I\xd7\xb83\xd6\x98|\x12\xdf\x17\xaeN\x1e'
11E8E149-D7B8-33D6-987C-12DF17AE4E1E,2025-ncaa-d2-natl,genius_ncaa,107,141,43,131,53,88,81,26,241,74,17,271,136,135,151,233,91,90,142,89,240,27,20,247,248,228,195,189,138,14,48,27,214,12,115,36,14,270,167,99,30,77,3,6,,,270,168,,79,103,31,56,74,132,123,29,93,26,177,180,127,127,127,35,27,18,31,8,35,218,54,4,,229,,59,105,188,170,275,17,186,273,16,137,219,30,112,226,252,25,245,151,277,282,14,11,18,126,108,201,294,214,281,48,293,115,259,267,34,90,114,284,209,301,287,,,116,275,,227,103,273,199,29,105,90,82,250,110,248,89,162,169,206,204,257,267,268,226,261,209,58,254,298,,194,,256,b'\x11\xe8\xe1I\xd7\xb83\xd6\x98|\x12\xdf\x17\xaeN\x1e'
11E8E149-D7B8-33D6-987C-12DF17AE4E1E,2026-ncaa-d2-conf-ECC,genius_ncaa,6,6,1,6,3,3,4,1,5,1,1,6,6,5,7,6,1,2,1,2,4,1,1,7,6,6,6,6,2,1,2,3,1,1,2,2,1,7,2,3,2,2,8,8,,,6,6,,5,7,1,2,3,3,4,1,1,1,6,5,1,2,2,1,1,1,3,1,2,7,2,8,,6,,5,7,8,8,6,8,6,4,8,7,6,8,6,6,6,6,6,6,6,6,8,8,8,7,7,5,1,1,6,2,3,2,7,3,4,5,7,5,3,6,6,,,3,8,,5,7,7,5,8,8,8,8,6,6,4,7,6,6,6,6,6,6,1,6,3,7,4,5,6,,3,,5,b'\x11\xe8\xe1I\xd7\xb83\xd6\x98|\x12\xdf\x17\xaeN\x1e'
11E8E149-D7B8-33D6-987C-12DF17AE4E1E,2026-ncaa-d2-natl,genius_ncaa,201,297,1,249,2,32,22,8,224,17,11,214,118,45,241,192,47,66,63,60,255,12,4,240,233,242,230,216,154,37,205,1,193,3,188,1,1,296,231,84,148,284,5,42,,,256,22,,42,287,3,166,88,241,228,184,165,122,240,213,217,251,244,218,174,191,50,100,16,221,279,29,,39,,14,261,298,298,298,147,295,298,95,297,297,256,169,266,256,235,257,35,298,297,176,166,246,185,240,54,297,193,298,205,298,188,298,284,115,289,295,295,256,293,245,,,78,289,,260,287,295,244,269,265,237,246,275,190,254,260,223,93,59,66,268,170,249,190,230,285,286,244,251,,289,,288,b'\x11\xe8\xe1I\xd7\xb83\xd6\x98|\x12\xdf\x17\xaeN\x1e'
11E8E149-D7BC-97A0-987C-12DF17AE4E1E,2018-ncaa-d2-conf-Great Northwest,ncaa,3,4,1,4,1,2,2,1,7,4,4,7,1,1,6,2,2,2,4,2,4,1,1,7,7,4,2,2,6,4,8,1,3,1,8,3,6,6,1,3,4,9,1,4,,,9,5,,,4,1,7,8,5,7,7,9,10,2,2,4,4,4,6,8,7,2,7,7,1,10,2,,5,,,4,11,11,11,2,10,11,3,9,10,2,5,10,11,7,11,4,11,11,2,2,5,4,6,6,11,3,11,8,11,8,10,10,4,9,8,7,3,7,7,,,1,4,,,4,11,5,5,4,4,5,8,6,8,4,6,4,4,3,7,4,5,7,7,5,9,2,5,,5,,,b'\x11\xe8\xe1I\xd7\xbc\x97\xa0\x98|\x12\xdf\x17\xaeN\x1e'
11E8E149-D7BC-97A0-987C-12DF17AE4E1E,2018-ncaa-d2-natl,ncaa,35,112,2,72,2,11,19,9,121,47,46,106,11,8,107,55,8,16,54,16,57,9,9,91,77,52,44,68,110,103,244,13,74,25,158,22,61,201,34,37,127,255,48,122,,,301,184,,,103,7,137,226,83,112,138,181,232,52,51,72,112,111,130,199,238,110,190,68,34,254,106,,170,,,107,307,302,306,147,301,304,109,284,281,223,103,301,290,243,290,138,307,304,139,167,200,175,141,191,249,74,306,244,304,158,301,238,76,235,246,242,83,183,93,,,7,95,,,103,305,74,178,102,181,176,191,165,215,167,127,207,184,179,193,149,76,169,117,225,241,74,55,,122,,,b'\x11\xe8\xe1I\xd7\xbc\x97\xa0\x98|\x12\xdf\x17\xaeN\x1e'
11E8E149-D7BC-97A0-987C-12DF17AE4E1E,2019-ncaa-d2-conf-Great Northwest,ncaa,7,7,7,7,11,7,8,5,10,9,9,10,5,3,5,3,6,6,6,6,4,6,8,9,9,6,2,2,4,9,10,7,6,8,10,6,4,1,2,3,11,11,4,4,,,6,7,,,7,7,2,11,5,8,3,9,8,2,3,4,5,4,3,5,8,4,5,6,2,11,4,,7,,,7,7,6,3,8,7,8,7,4,3,7,3,10,9,10,9,8,8,5,9,9,9,6,2,9,5,6,11,10,10,10,2,2,10,10,7,4,6,7,9,,,7,4,,,7,5,6,9,7,9,8,6,9,9,6,5,11,10,10,11,10,7,11,11,5,9,6,9,,4,,,b'\x11\xe8\xe1I\xd7\xbc\x97\xa0\x98|\x12\xdf\x17\xaeN\x1e'
11E8E149-D7BC-97A0-987C-12DF17AE4E1E,2019-ncaa-d2-natl,ncaa,194,145,287,184,301,245,253,252,221,273,275,222,127,135,137,65,234,256,29,258,166,260,282,191,175,138,54,64,141,257,256,280,192,285,260,152,21,15,46,42,293,285,112,89,,,37,134,,,229,285,124,294,141,174,91,232,202,72,58,137,194,192,102,171,217,221,240,60,56,281,65,,144,,,235,94,85,41,244,124,89,204,60,30,259,52,210,147,302,150,193,47,29,230,259,277,121,70,240,68,192,106,256,80,260,130,186,286,254,262,70,186,122,210,,,274,178,,,229,29,151,269,235,266,245,185,258,251,156,88,276,239,240,221,174,161,267,244,232,242,182,200,,177,,,b'\x11\xe8\xe1I\xd7\xbc\x97\xa0\x98|\x12\xdf\x17\xaeN\x1e'
11E8E149-D7BC-97A0-987C-12DF17AE4E1E,2020-ncaa-d2-conf-Great Northwest,ncaa,6,7,4,7,6,6,6,5,6,8,7,9,2,3,3,3,10,10,5,10,10,6,7,5,5,6,1,1,11,8,8,3,3,5,6,3,2,4,4,3,7,7,5,5,,,6,6,,,6,6,5,6,6,6,5,9,10,2,3,10,10,10,6,8,8,4,4,3,4,7,5,,6,,,6,8,8,7,7,9,7,7,1,1,2,2,9,9,10,9,6,8,5,5,7,9,4,1,9,5,3,8,8,7,6,3,3,6,6,5,7,7,4,5,,,8,9,,,6,6,6,8,6,8,6,4,9,9,1,1,8,8,8,9,6,6,7,6,4,6,7,3,,9,,,b'\x11\xe8\xe1I\xd7\xbc\x97\xa0\x98|\x12\xdf\x17\xaeN\x1e'
11E8E149-D7BC-97A0-987C-12DF17AE4E1E,2020-ncaa-d2-natl,ncaa,179,140,283,166,294,245,245,280,137,278,288,198,105,166,29,60,283,286,123,288,239,284,295,107,125,122,51,28,265,276,234,274,137,283,194,165,43,28,136,84,265,215,136,111,,,49,180,,,161,295,206,147,166,170,182,247,234,47,83,256,265,267,208,234,237,177,225,75,96,220,95,,147,,,161,42,42,22,183,100,69,185,26,21,101,58,142,109,266,101,169,20,15,153,171,198,81,44,228,50,137,42,234,39,194,28,38,264,186,127,107,238,42,105,,,283,183,,,161,17,139,190,161,156,154,132,206,192,64,59,226,191,192,141,101,129,164,150,72,205,207,80,,232,,,b'\x11\xe8\xe1I\xd7\xbc\x97\xa0\x98|\x12\xdf\x17\xaeN\x1e'
11E8E149-D7BC-97A0-987C-12DF17AE4E1E,2021-ncaa-d2-conf-Great Northwest,ncaa,5,2,5,2,5,5,5,5,1,5,5,1,5,5,1,2,4,5,1,5,3,5,5,1,1,1,3,2,5,5,5,5,1,5,1,5,1,3,6,6,5,5,5,5,,,2,3,,,2,5,1,3,1,1,4,3,5,1,3,1,3,2,4,1,6,2,4,1,6,5,4,,4,,,2,2,2,2,4,3,2,5,2,2,1,3,2,2,5,2,2,2,2,3,3,5,2,1,3,2,1,2,5,2,1,2,3,5,6,5,3,6,2,3,,,5,2,,,2,2,2,4,2,5,5,5,5,5,1,3,5,4,4,6,6,1,1,1,4,4,6,3,,1,,,b'\x11\xe8\xe1I\xd7\xbc\x97\xa0\x98|\x12\xdf\x17\xaeN\x1e'
11E8E149-D7BC-97A0-987C-12DF17AE4E1E,2021-ncaa-d2-natl,ncaa,190,8,217,98,217,216,216,218,3,218,218,3,214,215,10,94,216,217,27,217,65,218,218,2,1,49,113,96,130,221,138,217,26,218,10,214,11,13,222,133,218,180,217,159,,,9,125,,,102,217,8,121,26,27,155,47,151,52,104,59,100,98,144,39,208,51,138,4,223,158,108,,169,,,77,10,10,10,171,13,10,223,3,10,1,44,10,9,204,9,34,10,9,103,103,134,2,1,87,8,26,7,138,8,10,10,74,218,179,179,12,219,9,137,,,217,41,,,102,10,94,91,88,185,207,202,224,211,1,96,133,98,105,203,194,30,4,5,186,134,222,118,,15,,,b'\x11\xe8\xe1I\xd7\xbc\x97\xa0\x98|\x12\xdf\x17\xaeN\x1e'
11E8E149-D7BC-97A0-987C-12DF17AE4E1E,2022-ncaa-d2-conf-Great Northwest,ncaa,5,2,9,4,10,8,9,9,5,10,10,4,8,8,6,4,4,5,1,6,2,9,10,4,3,2,3,6,2,7,3,8,3,7,2,5,1,1,1,1,9,3,7,6,,,2,6,,,3,10,9,6,5,5,6,4,5,3,5,2,2,2,5,8,3,4,4,2,1,6,6,,3,,,3,1,1,1,4,1,2,4,3,4,5,8,2,2,8,2,4,1,1,4,5,3,8,9,4,1,3,1,3,1,2,3,6,9,3,6,1,1,5,8,,,4,1,,,3,1,2,3,3,3,4,2,3,3,8,7,3,3,3,2,1,3,4,3,3,6,1,7,,1,,,b'\x11\xe8\xe1I\xd7\xbc\x97\xa0\x98|\x12\xdf\x17\xaeN\x1e'
11E8E149-D7BC-97A0-987C-12DF17AE4E1E,2022-ncaa-d2-natl,ncaa,78,81,106,89,134,101,111,119,115,102,120,101,135,125,173,142,76,120,25,127,155,110,151,118,101,72,149,178,100,98,73,100,30,95,34,49,20,44,40,17,183,172,169,139,,,155,198,,,72,166,243,180,90,110,132,103,141,139,133,73,129,130,126,210,100,110,89,36,34,205,177,,138,,,68,124,106,131,103,74,89,126,212,225,141,256,140,120,241,116,169,127,112,133,144,172,256,241,172,42,30,98,73,66,34,153,201,191,182,186,66,62,135,118,,,43,9,,,72,142,50,132,67,82,69,60,40,35,194,214,128,109,102,58,37,24,64,30,124,217,49,117,,26,,,b'\x11\xe8\xe1I\xd7\xbc\x97\xa0\x98|\x12\xdf\x17\xaeN\x1e'
11E8E149-D7BC-97A0-987C-12DF17AE4E1E,2023-ncaa-d2-conf-Great Northwest,ncaa,2,2,1,2,1,3,3,3,5,10,6,10,2,3,2,3,2,2,3,2,2,2,7,4,3,3,1,2,3,2,4,5,4,4,4,3,2,1,1,1,8,5,7,7,,,1,3,,,3,8,10,4,3,7,7,10,9,2,3,3,4,4,7,10,3,8,7,3,1,8,9,,1,,,3,4,7,6,7,6,5,8,7,9,6,8,1,1,5,1,2,4,4,7,6,7,4,6,1,2,4,8,4,4,4,7,5,3,4,5,2,2,8,8,,,1,1,,,3,4,3,4,3,3,4,3,6,3,6,5,1,1,1,3,2,2,4,3,4,5,2,6,,1,,,b'\x11\xe8\xe1I\xd7\xbc\x97\xa0\x98|\x12\xdf\x17\xaeN\x1e'
11E8E149-D7BC-97A0-987C-12DF17AE4E1E,2023-ncaa-d2-natl,ncaa,36,46,30,43,31,50,66,48,124,104,82,163,29,51,23,87,48,80,40,77,122,48,72,84,78,34,47,52,126,66,112,89,43,78,88,32,23,30,8,7,140,169,180,208,,,97,50,,,49,87,273,101,90,126,134,204,193,48,81,110,151,153,133,249,127,209,185,36,5,213,224,,24,,,55,199,229,206,205,230,186,219,187,196,146,178,74,61,223,57,43,177,188,197,186,169,80,166,41,62,43,221,112,164,88,245,218,103,120,183,60,40,199,165,,,16,9,,,49,215,33,132,48,69,114,40,134,62,117,113,25,18,18,18,15,19,89,42,177,182,23,145,,36,,,b'\x11\xe8\xe1I\xd7\xbc\x97\xa0\x98|\x12\xdf\x17\xaeN\x1e'
11E8E149-D7BC-97A0-987C-12DF17AE4E1E,2024-ncaa-d2-conf-Great Northwest,ncaa,1,1,1,1,1,1,3,2,3,4,5,3,1,1,4,1,1,1,1,1,1,2,2,3,2,2,1,2,1,2,2,3,1,1,2,2,1,2,2,2,2,2,4,7,,,2,1,,,1,1,9,7,1,7,5,10,10,1,1,1,1,1,4,5,3,7,5,2,2,2,7,,1,,,1,4,6,8,5,9,9,5,3,4,4,5,1,1,7,1,1,5,8,5,3,1,2,2,1,2,1,5,2,3,2,4,1,2,2,1,7,4,6,5,,,1,1,,,1,10,2,1,1,1,4,2,6,4,2,2,1,1,1,1,1,1,2,2,2,4,4,3,,1,,,b'\x11\xe8\xe1I\xd7\xbc\x97\xa0\x98|\x12\xdf\x17\xaeN\x1e'
11E8E149-D7BC-97A0-987C-12DF17AE4E1E,2024-ncaa-d2-natl,ncaa,18,20,14,16,21,23,47,41,91,105,125,102,10,16,19,44,8,25,2,23,17,35,50,48,24,15,10,34,42,65,76,58,32,54,33,14,12,98,30,8,66,87,111,155,,,123,45,,,14,51,238,193,47,117,173,218,264,18,46,19,79,75,138,224,124,182,167,22,23,124,156,,22,,,13,208,250,244,186,265,255,194,123,146,88,111,53,50,198,49,18,213,241,158,129,108,22,89,29,74,32,177,76,136,33,150,51,54,80,69,160,92,188,178,,,10,22,,,14,251,11,71,12,37,111,50,162,124,54,47,11,11,10,13,29,16,26,13,54,133,73,126,,51,,,b'\x11\xe8\xe1I\xd7\xbc\x97\xa0\x98|\x12\xdf\x17\xaeN\x1e'
11E8E149-D7BC-97A0-987C-12DF17AE4E1E,2025-ncaa-d2-conf-Great Northwest,genius_ncaa,2,3,3,3,3,4,2,2,4,6,8,5,1,2,1,2,8,10,8,9,6,5,5,3,4,3,3,1,10,3,2,2,1,2,3,2,1,2,3,2,5,4,6,7,,,1,1,,8,2,7,9,2,5,4,7,8,8,1,3,10,10,10,7,8,5,3,4,2,1,5,7,,1,,9,2,2,3,2,5,5,8,5,2,2,2,3,1,1,1,1,2,2,2,4,4,2,2,2,2,1,1,6,2,3,3,1,1,5,5,2,3,3,4,4,,,7,6,,5,2,5,3,2,2,2,3,3,5,5,2,2,1,1,1,2,1,1,5,4,1,6,3,3,,10,,6,b'\x11\xe8\xe1I\xd7\xbc\x97\xa0\x98|\x12\xdf\x17\xaeN\x1e'
11E8E149-D7BC-97A0-987C-12DF17AE4E1E,2025-ncaa-d2-natl,genius_ncaa,49,31,109,37,149,99,109,138,87,171,205,111,31,51,13,47,181,185,135,182,116,139,164,46,56,49,34,25,232,96,73,125,24,107,32,39,8,59,63,18,107,73,71,69,,,39,50,,187,34,196,242,207,83,92,137,207,246,20,52,197,207,196,158,223,93,132,105,17,52,116,76,,24,,177,26,54,86,89,139,131,132,175,44,73,37,93,36,49,109,53,54,73,86,108,95,74,29,64,84,26,24,93,73,55,32,71,94,132,93,88,82,80,200,244,,,114,82,,92,34,127,32,48,24,34,65,35,127,101,33,51,32,42,43,22,30,19,74,34,65,153,62,198,,118,,93,b'\x11\xe8\xe1I\xd7\xbc\x97\xa0\x98|\x12\xdf\x17\xaeN\x1e'
11E8E149-D7BC-97A0-987C-12DF17AE4E1E,2026-ncaa-d2-conf-Great Northwest,genius_ncaa,6,7,1,6,1,6,3,2,7,3,1,8,4,4,5,7,8,7,9,7,9,3,5,7,8,8,8,4,9,1,2,8,4,5,6,2,2,4,3,2,4,4,9,10,,,7,8,,5,8,7,9,1,8,4,2,5,1,5,4,9,9,8,4,6,1,9,5,3,3,5,10,,6,,5,7,8,7,4,9,6,4,9,9,7,8,7,9,5,7,5,9,4,4,9,9,8,8,7,6,3,4,5,2,4,6,7,6,3,4,7,7,6,9,8,,,6,6,,2,8,4,7,8,7,7,6,3,4,2,8,6,8,4,4,3,2,2,4,4,6,4,6,9,,6,,2,b'\x11\xe8\xe1I\xd7\xbc\x97\xa0\x98|\x12\xdf\x17\xaeN\x1e'
11E8E149-D7BC-97A0-987C-12DF17AE4E1E,2026-ncaa-d2-natl,genius_ncaa,157,272,6,219,8,43,39,17,217,40,23,197,85,33,210,139,67,71,125,60,189,16,18,219,216,190,187,159,162,26,132,19,43,12,103,42,107,254,109,135,66,155,92,153,,,280,242,,275,226,19,230,88,221,208,160,180,160,187,156,201,214,203,173,210,115,195,161,156,97,188,173,,164,,235,208,274,272,273,253,273,272,249,246,240,216,132,269,274,144,272,203,275,277,253,257,254,138,149,152,145,43,284,132,263,103,262,135,61,162,194,235,123,283,248,,,34,150,,25,226,281,179,214,210,149,154,44,163,80,157,106,143,158,150,49,31,24,161,76,150,220,108,236,,191,,85,b'\x11\xe8\xe1I\xd7\xbc\x97\xa0\x98|\x12\xdf\x17\xaeN\x1e'
11E8E149-D7C0-FB24-987C-12DF17AE4E1E,2018-ncaa-d2-conf-Gulf South,ncaa,14,14,9,14,12,11,12,8,13,13,10,13,6,3,9,4,10,11,6,11,9,8,8,13,12,13,2,3,9,8,11,13,13,12,14,11,9,7,8,12,8,8,12,12,,,11,13,,,14,9,4,9,11,12,2,13,7,4,2,10,11,10,4,3,6,13,11,10,12,7,12,,13,,,14,14,13,4,13,14,5,14,6,3,7,4,13,13,13,13,13,6,6,14,14,14,5,3,13,8,13,14,11,14,14,14,12,8,6,11,6,9,10,12,,,9,10,,,14,6,13,14,14,14,14,6,14,10,6,6,14,13,13,11,11,11,14,14,14,5,10,11,,9,,,b'\x11\xe8\xe1I\xd7\xc0\xfb$\x98|\x12\xdf\x17\xaeN\x1e'
11E8E149-D7C0-FB24-987C-12DF17AE4E1E,2018-ncaa-d2-natl,ncaa,291,286,250,292,271,248,273,207,293,282,236,288,150,113,226,88,194,188,188,183,97,202,207,276,267,259,38,76,79,217,264,283,247,279,297,273,231,111,165,251,119,96,305,304,,,221,269,,,295,213,59,226,231,259,99,278,187,111,65,127,124,117,97,90,171,279,260,265,194,79,305,,291,,,293,234,189,44,303,215,49,308,102,110,141,137,290,289,151,289,308,85,97,302,305,297,164,55,280,107,247,252,264,211,297,258,278,136,95,218,103,145,140,201,,,201,146,,,295,103,269,290,291,298,271,115,284,99,158,170,305,304,305,209,230,183,298,285,292,79,170,179,,105,,,b'\x11\xe8\xe1I\xd7\xc0\xfb$\x98|\x12\xdf\x17\xaeN\x1e'
11E8E149-D7C0-FB24-987C-12DF17AE4E1E,2019-ncaa-d2-conf-Gulf South,ncaa,8,8,9,8,12,11,11,12,8,9,8,7,11,11,11,10,11,7,9,7,8,11,10,8,7,10,11,10,4,7,6,10,5,10,5,8,7,10,12,8,9,7,9,9,,,11,12,,,8,11,5,12,10,9,11,6,4,10,10,9,6,6,10,4,6,7,6,8,12,7,9,,12,,,8,5,2,1,8,1,1,9,7,6,8,10,11,11,11,11,13,2,3,9,9,8,12,7,11,4,5,3,6,3,5,10,12,7,5,9,11,12,3,4,,,6,5,,,8,3,11,7,8,8,6,4,5,2,10,9,13,13,13,6,8,6,6,5,10,5,12,4,,5,,,b'\x11\xe8\xe1I\xd7\xc0\xfb$\x98|\x12\xdf\x17\xaeN\x1e'
11E8E149-D7C0-FB24-987C-12DF17AE4E1E,2019-ncaa-d2-natl,ncaa,166,160,182,172,206,209,203,205,186,152,146,178,242,239,239,227,165,157,188,156,168,197,187,214,206,218,236,244,108,148,128,162,64,163,95,202,191,211,227,219,152,130,241,218,,,213,267,,,183,186,151,131,209,196,187,136,116,249,236,150,134,132,178,139,128,141,123,195,229,147,243,,240,,,182,107,81,68,173,85,48,225,134,168,98,240,216,213,146,208,268,77,96,185,200,170,228,178,238,55,64,116,128,77,95,216,285,131,89,180,228,234,98,85,,,166,157,,,183,119,219,141,186,139,104,74,100,44,175,206,233,228,226,97,107,65,151,96,230,101,239,104,,146,,,b'\x11\xe8\xe1I\xd7\xc0\xfb$\x98|\x12\xdf\x17\xaeN\x1e'
11E8E149-D7C0-FB24-987C-12DF17AE4E1E,2020-ncaa-d2-conf-Gulf South,ncaa,5,5,5,5,7,4,4,4,4,5,5,7,3,4,3,8,4,3,9,3,4,4,5,4,4,3,5,4,8,8,7,11,9,10,11,4,6,1,1,3,5,5,9,10,,,10,8,,,5,5,3,7,2,2,2,4,4,3,4,4,3,3,3,3,7,11,11,4,1,4,9,,11,,,5,11,11,8,12,10,5,11,13,11,12,9,4,6,1,6,7,7,9,12,12,11,6,11,2,6,9,10,7,9,11,10,8,3,3,6,2,2,5,3,,,7,4,,,5,9,3,10,5,10,10,9,10,5,13,11,3,6,7,8,11,7,11,10,10,3,4,5,,6,,,b'\x11\xe8\xe1I\xd7\xc0\xfb$\x98|\x12\xdf\x17\xaeN\x1e'
11E8E149-D7C0-FB24-987C-12DF17AE4E1E,2020-ncaa-d2-natl,ncaa,95,100,102,99,148,46,53,51,95,73,88,96,60,68,83,124,79,66,183,66,101,54,72,84,94,67,117,108,170,120,191,156,237,144,242,107,216,91,34,82,73,99,230,251,,,247,188,,,101,66,34,204,29,36,33,63,91,54,65,74,64,64,33,56,131,180,150,113,72,76,244,,240,,,102,262,260,218,239,245,202,232,246,215,237,155,190,249,11,250,218,238,250,245,217,179,149,183,115,255,237,270,191,270,242,227,133,66,96,117,103,59,65,37,,,116,180,,,101,244,76,183,108,244,246,207,231,176,233,198,173,236,239,240,265,240,262,261,211,62,88,54,,101,,,b'\x11\xe8\xe1I\xd7\xc0\xfb$\x98|\x12\xdf\x17\xaeN\x1e'
11E8E149-D7C0-FB24-987C-12DF17AE4E1E,2021-ncaa-d2-conf-Gulf South,ncaa,4,3,3,3,4,3,3,1,6,2,1,6,3,3,6,9,1,1,4,1,7,1,1,5,5,4,9,9,6,1,3,4,7,2,6,3,7,7,2,3,1,1,5,5,,,12,6,,,4,3,2,6,1,1,1,2,2,6,6,1,2,2,1,1,2,4,3,3,5,1,5,,11,,,4,9,9,10,5,11,10,5,8,11,3,9,12,12,5,12,12,10,11,5,5,2,7,7,8,9,7,13,3,12,6,10,7,1,1,1,6,2,13,8,,,1,3,,,4,11,4,2,4,9,9,11,7,8,7,9,9,11,11,10,11,10,11,10,7,1,3,13,,1,,,b'\x11\xe8\xe1I\xd7\xc0\xfb$\x98|\x12\xdf\x17\xaeN\x1e'
11E8E149-D7C0-FB24-987C-12DF17AE4E1E,2021-ncaa-d2-natl,ncaa,27,95,30,49,43,23,30,15,120,33,16,102,42,26,138,110,8,10,77,11,70,15,16,120,107,81,106,123,61,6,49,39,123,17,88,39,113,176,44,69,6,12,77,115,,,208,126,,,35,23,33,107,32,52,19,58,43,76,64,13,21,22,18,25,30,102,42,64,81,13,133,,158,,,42,179,171,184,85,170,159,132,175,205,39,179,205,213,90,213,189,188,206,91,99,51,154,117,171,192,123,209,49,210,88,174,103,5,20,23,154,37,198,100,,,13,75,,,35,205,56,51,40,108,82,108,86,64,116,168,161,165,165,116,181,130,165,165,84,19,62,148,,22,,,b'\x11\xe8\xe1I\xd7\xc0\xfb$\x98|\x12\xdf\x17\xaeN\x1e'
11E8E149-D7C0-FB24-987C-12DF17AE4E1E,2022-ncaa-d2-conf-Gulf South,ncaa,6,8,3,7,4,4,5,1,13,7,4,12,4,1,10,3,1,1,3,1,5,1,1,12,10,8,1,3,2,2,5,7,10,5,8,5,5,8,2,6,1,2,7,11,,,8,2,,,7,2,2,7,5,5,1,13,4,3,2,1,2,2,1,1,2,10,6,6,4,1,8,,4,,,7,12,13,13,11,13,12,12,10,12,4,8,6,7,3,7,3,12,12,11,11,5,1,5,2,13,10,13,5,13,8,13,8,2,2,5,11,8,12,7,,,3,9,,,7,12,8,7,7,11,11,11,11,9,8,11,5,4,4,10,12,10,13,13,11,1,10,9,,3,,,b'\x11\xe8\xe1I\xd7\xc0\xfb$\x98|\x12\xdf\x17\xaeN\x1e'
11E8E149-D7C0-FB24-987C-12DF17AE4E1E,2022-ncaa-d2-natl,ncaa,150,203,64,177,97,72,112,58,223,156,111,220,54,34,158,77,27,31,76,32,38,52,65,198,169,141,28,71,39,66,156,129,189,100,219,112,139,151,68,118,40,55,225,244,,,158,62,,,190,66,60,204,74,153,61,214,160,65,38,29,45,46,40,70,97,191,148,147,102,44,243,,108,,,184,271,280,243,270,280,196,289,252,270,103,238,151,160,107,153,132,239,235,266,257,229,89,161,56,220,189,274,156,266,219,284,211,67,117,195,218,154,202,190,,,64,135,,,190,238,136,223,183,255,269,217,257,132,217,246,113,124,123,205,222,164,263,234,269,89,187,182,,83,,,b'\x11\xe8\xe1I\xd7\xc0\xfb$\x98|\x12\xdf\x17\xaeN\x1e'
11E8E149-D7C0-FB24-987C-12DF17AE4E1E,2023-ncaa-d2-conf-Gulf South,ncaa,5,5,5,5,5,5,9,5,11,13,12,11,2,2,6,2,2,2,4,2,1,4,6,11,8,6,1,2,1,8,12,9,9,8,13,7,3,1,3,6,2,2,8,8,,,8,8,,,5,5,4,6,6,9,6,13,12,2,2,1,1,1,4,4,7,10,10,8,3,2,7,,9,,,5,10,8,6,8,7,2,10,9,9,6,11,8,8,2,8,9,7,8,8,8,6,6,8,7,11,9,13,12,13,13,8,10,4,4,4,3,4,7,11,,,2,2,,,5,7,6,7,5,8,7,7,7,3,9,9,8,8,8,7,10,10,13,12,8,3,5,8,,1,,,b'\x11\xe8\xe1I\xd7\xc0\xfb$\x98|\x12\xdf\x17\xaeN\x1e'
11E8E149-D7C0-FB24-987C-12DF17AE4E1E,2023-ncaa-d2-natl,ncaa,152,206,68,179,98,105,181,118,252,273,257,259,16,16,76,12,45,59,85,59,7,99,104,166,131,121,2,7,45,149,223,202,232,195,273,111,47,124,99,109,29,27,183,157,,,196,172,,,157,102,182,187,141,242,182,296,292,15,20,48,71,71,140,175,194,271,268,138,100,36,204,,146,,,155,215,199,137,256,164,76,271,249,242,206,252,175,174,91,166,221,149,192,265,258,194,224,232,136,215,232,262,223,250,273,232,219,50,48,114,116,84,83,151,,,36,23,,,157,183,134,200,168,166,159,51,118,21,228,216,136,147,134,50,118,175,243,224,205,64,79,56,,43,,,b'\x11\xe8\xe1I\xd7\xc0\xfb$\x98|\x12\xdf\x17\xaeN\x1e'
11E8E149-D7C0-FB24-987C-12DF17AE4E1E,2024-ncaa-d2-conf-Gulf South,ncaa,8,7,7,8,12,7,8,6,11,13,12,11,2,2,3,2,6,9,4,9,5,7,7,9,9,6,1,1,8,6,8,10,11,9,11,6,4,1,3,5,4,4,10,11,,,2,2,,,7,8,5,9,6,8,2,13,11,2,2,5,8,8,2,3,4,7,7,6,2,3,10,,2,,,7,7,8,8,8,8,9,8,10,8,8,9,4,6,2,6,6,7,6,8,8,8,5,7,5,11,11,11,8,11,11,10,7,5,5,6,8,7,13,13,,,11,13,,,7,6,6,9,7,10,11,10,11,10,11,11,5,8,7,10,11,12,12,12,11,5,8,13,,10,,,b'\x11\xe8\xe1I\xd7\xc0\xfb$\x98|\x12\xdf\x17\xaeN\x1e'
11E8E149-D7C0-FB24-987C-12DF17AE4E1E,2024-ncaa-d2-natl,ncaa,157,151,207,155,240,177,219,210,233,279,271,251,33,47,40,13,149,186,52,184,40,206,244,147,136,95,2,6,105,201,200,251,250,249,255,169,75,13,37,61,169,128,236,230,,,30,48,,,169,245,204,227,125,200,138,287,278,9,14,107,142,142,133,212,173,253,238,134,31,136,234,,50,,,169,123,151,78,241,120,52,262,209,189,203,245,60,78,57,79,147,71,62,251,228,233,173,231,53,172,250,148,200,161,255,160,171,211,183,217,61,127,230,288,,,239,187,,,169,54,95,252,172,205,223,172,184,78,244,236,88,105,103,154,123,213,231,232,206,186,104,258,,219,,,b'\x11\xe8\xe1I\xd7\xc0\xfb$\x98|\x12\xdf\x17\xaeN\x1e'
11E8E149-D7C0-FB24-987C-12DF17AE4E1E,2025-ncaa-d2-conf-Gulf South,genius_ncaa,8,9,5,9,6,8,9,8,11,9,10,9,5,5,8,5,3,3,6,3,1,7,7,10,10,10,2,6,1,6,9,6,7,6,10,9,9,11,10,10,7,7,7,8,,,6,5,,5,9,5,6,2,9,9,9,9,8,5,5,2,3,3,7,6,7,6,5,9,10,7,7,,5,,5,9,8,9,7,9,9,7,10,6,5,8,3,6,7,1,8,8,9,8,9,9,9,4,4,6,7,7,9,9,9,10,7,4,8,7,7,12,12,6,7,,,7,8,,11,9,8,10,9,9,9,9,7,10,8,7,7,7,9,9,7,7,8,10,9,9,8,11,7,,6,,11,b'\x11\xe8\xe1I\xd7\xc0\xfb$\x98|\x12\xdf\x17\xaeN\x1e'
11E8E149-D7C0-FB24-987C-12DF17AE4E1E,2025-ncaa-d2-natl,genius_ncaa,187,200,162,194,163,192,217,210,207,220,238,173,146,127,206,90,123,130,152,134,46,195,188,193,177,196,77,119,63,170,173,228,215,217,216,234,228,189,230,245,186,180,214,211,,,126,156,,85,238,191,233,10,216,239,247,252,252,149,115,111,106,112,228,194,165,245,234,253,205,179,222,,143,,100,235,190,193,108,270,180,101,265,193,147,258,177,138,180,33,177,199,114,110,272,267,254,139,175,114,150,215,132,173,132,216,166,122,177,163,186,270,283,72,110,,,168,127,,212,238,105,202,258,239,211,220,114,206,106,211,166,148,185,183,121,113,170,141,151,183,175,275,72,,155,,214,b'\x11\xe8\xe1I\xd7\xc0\xfb$\x98|\x12\xdf\x17\xaeN\x1e'
11E8E149-D7C0-FB24-987C-12DF17AE4E1E,2026-ncaa-d2-conf-Gulf South,genius_ncaa,10,11,1,10,1,9,9,8,11,9,9,11,4,4,7,3,8,6,10,6,3,8,8,11,11,10,3,3,5,10,10,7,3,7,9,9,8,8,8,9,11,12,5,5,,,8,9,,5,12,7,11,1,11,11,11,12,12,4,4,10,9,8,11,12,10,10,9,10,8,12,6,,4,,3,11,9,8,6,12,9,7,10,10,8,10,6,9,10,9,10,9,7,5,11,11,12,8,7,8,2,3,12,10,10,9,11,11,9,9,12,11,11,4,7,,,6,6,,1,12,5,11,12,11,7,4,2,6,3,8,5,8,7,7,3,1,1,10,7,10,11,10,4,,9,,1,b'\x11\xe8\xe1I\xd7\xc0\xfb$\x98|\x12\xdf\x17\xaeN\x1e'
11E8E149-D7C0-FB24-987C-12DF17AE4E1E,2026-ncaa-d2-natl,genius_ncaa,246,196,221,250,233,271,266,264,216,257,277,117,240,205,256,70,255,248,199,247,113,265,265,215,218,216,174,152,151,285,284,270,160,287,276,274,240,48,192,223,283,264,270,274,,,49,160,,42,253,260,239,88,275,259,280,237,276,213,133,233,215,216,277,280,284,271,293,261,116,272,267,,102,,75,260,81,89,44,267,127,77,238,53,18,235,35,97,64,287,63,110,40,37,252,270,271,66,65,174,50,160,86,284,65,276,83,101,261,204,213,136,262,51,137,,,236,72,,47,253,38,247,268,266,197,202,84,245,200,88,24,189,127,131,83,44,83,191,147,156,232,223,86,,169,,14,b'\x11\xe8\xe1I\xd7\xc0\xfb$\x98|\x12\xdf\x17\xaeN\x1e'
11E8E149-D7C5-66DC-987C-12DF17AE4E1E,2018-ncaa-d2-conf-Conference Carolinas,ncaa,5,6,5,6,6,5,3,3,5,2,3,4,7,7,7,7,10,10,4,10,11,3,5,6,7,6,10,7,11,2,2,8,9,4,5,8,10,4,3,6,2,1,5,7,,,1,1,,,6,7,6,8,3,1,1,1,1,6,6,9,10,10,2,3,2,10,4,8,4,1,5,,1,,,6,9,11,8,10,11,8,9,10,6,11,8,2,2,6,2,2,7,5,10,8,10,3,10,2,6,9,3,2,3,5,11,11,7,7,10,3,3,10,8,,,11,11,,,6,5,4,9,6,8,10,9,10,9,10,7,2,2,2,6,6,7,4,4,11,6,3,11,,11,,,b'\x11\xe8\xe1I\xd7\xc5f\xdc\x98|\x12\xdf\x17\xaeN\x1e'
11E8E149-D7C5-66DC-987C-12DF17AE4E1E,2018-ncaa-d2-natl,ncaa,161,206,64,186,90,52,35,17,126,25,19,114,110,80,194,176,110,158,55,150,282,23,22,148,148,122,250,199,245,16,28,75,234,36,111,111,279,199,60,149,63,119,129,197,,,77,9,,,171,32,40,178,33,24,9,21,17,132,97,138,189,188,13,15,18,96,26,142,149,76,153,,36,,,170,299,301,294,245,294,289,205,300,272,303,173,69,79,99,78,13,287,279,264,232,251,113,261,7,282,234,236,28,265,111,305,268,116,214,286,154,61,256,140,,,209,305,,,171,275,81,263,175,287,299,294,288,288,293,255,40,48,47,284,275,271,184,244,300,156,111,240,,261,,,b'\x11\xe8\xe1I\xd7\xc5f\xdc\x98|\x12\xdf\x17\xaeN\x1e'
11E8E149-D7C5-66DC-987C-12DF17AE4E1E,2019-ncaa-d2-conf-Conference Carolinas,ncaa,4,4,3,4,3,5,4,2,6,2,2,4,9,7,11,9,5,7,4,7,9,2,3,8,7,7,11,10,6,2,2,10,4,5,3,11,11,5,4,9,1,1,7,8,,,6,5,,,5,6,9,7,6,3,4,2,2,11,7,7,7,7,4,6,2,11,6,11,5,1,8,,5,,,6,8,10,5,10,11,8,9,5,4,10,4,1,1,8,1,2,2,6,10,10,9,2,5,1,1,4,2,2,2,3,10,10,2,1,10,2,1,3,3,,,8,11,,,5,6,5,8,6,6,8,1,10,6,6,3,1,1,1,1,1,1,2,2,9,5,1,3,,9,,,b'\x11\xe8\xe1I\xd7\xc5f\xdc\x98|\x12\xdf\x17\xaeN\x1e'
11E8E149-D7C5-66DC-987C-12DF17AE4E1E,2019-ncaa-d2-natl,ncaa,97,95,118,100,151,108,95,104,114,60,77,93,216,174,245,217,99,133,57,130,220,108,125,148,140,115,254,259,139,82,34,259,218,194,114,281,310,115,91,266,65,50,219,241,,,133,125,,,111,158,160,142,89,78,76,46,64,224,196,97,144,135,75,105,70,293,225,298,118,56,229,,115,,,112,168,212,147,254,234,202,220,127,83,262,82,66,51,214,51,43,114,148,240,224,188,55,110,58,122,218,44,34,66,114,209,166,91,67,135,42,34,24,12,,,196,252,,,111,151,91,168,113,160,218,123,230,200,132,74,53,45,42,99,134,123,37,61,203,76,42,22,,217,,,b'\x11\xe8\xe1I\xd7\xc5f\xdc\x98|\x12\xdf\x17\xaeN\x1e'
11E8E149-D7C5-66DC-987C-12DF17AE4E1E,2020-ncaa-d2-conf-Conference Carolinas,ncaa,5,5,5,5,7,7,5,4,6,2,2,6,12,12,11,12,7,8,3,8,12,5,5,7,7,7,12,12,4,3,3,10,5,7,3,5,7,4,5,6,1,1,7,7,,,9,10,,,6,7,9,5,7,5,4,1,1,12,12,5,6,6,5,4,3,10,7,4,5,1,7,,9,,,6,1,1,2,6,2,2,8,3,3,6,7,6,4,12,4,9,1,3,6,7,6,6,5,8,1,5,2,3,2,3,4,5,3,1,3,1,2,1,1,,,6,8,,,6,5,6,4,6,3,3,1,3,2,4,3,8,4,3,1,1,1,2,2,5,2,1,1,,6,,,b'\x11\xe8\xe1I\xd7\xc5f\xdc\x98|\x12\xdf\x17\xaeN\x1e'
11E8E149-D7C5-66DC-987C-12DF17AE4E1E,2020-ncaa-d2-natl,ncaa,82,72,173,75,194,168,131,104,143,32,21,166,293,291,286,305,165,158,165,155,284,114,124,221,220,202,310,307,152,53,28,263,191,187,96,191,253,150,131,177,49,34,255,248,,,148,163,,,102,166,132,122,156,99,59,17,6,304,301,142,150,144,67,74,48,279,163,188,160,34,259,,152,,,103,72,97,78,151,119,105,167,84,87,104,143,92,97,133,98,140,67,133,138,133,72,104,122,141,94,191,52,28,66,96,62,54,61,39,37,80,65,15,2,,,178,214,,,102,139,178,69,107,85,104,79,125,109,97,101,105,113,117,62,153,111,57,65,61,48,87,13,,165,,,b'\x11\xe8\xe1I\xd7\xc5f\xdc\x98|\x12\xdf\x17\xaeN\x1e'
11E8E149-D7C5-66DC-987C-12DF17AE4E1E,2021-ncaa-d2-conf-Conference Carolinas,ncaa,6,4,10,5,11,8,8,10,4,8,8,5,5,8,3,6,9,10,4,10,9,10,11,4,4,5,7,5,9,8,7,11,8,11,8,6,5,1,3,4,6,5,9,8,,,8,11,,,6,11,11,6,6,6,5,5,5,3,7,7,10,9,6,10,8,10,10,5,2,5,8,,10,,,6,2,1,1,7,3,2,6,3,3,3,4,9,9,6,9,10,1,1,6,7,7,7,3,10,2,8,2,7,2,8,3,9,8,3,7,2,4,2,3,,,10,3,,,6,1,5,7,6,6,4,1,4,4,3,3,10,9,9,2,4,7,3,5,6,5,3,3,,5,,,b'\x11\xe8\xe1I\xd7\xc5f\xdc\x98|\x12\xdf\x17\xaeN\x1e'
11E8E149-D7C5-66DC-987C-12DF17AE4E1E,2021-ncaa-d2-natl,ncaa,106,95,144,98,156,148,141,154,85,142,144,121,121,156,33,122,171,169,127,166,174,154,161,80,94,71,115,70,178,142,83,182,201,179,171,142,139,42,46,65,139,101,180,181,,,107,210,,,87,162,181,121,118,103,114,115,103,76,122,179,178,173,133,175,125,219,213,120,28,114,193,,199,,,82,61,55,59,99,65,59,105,61,60,72,84,111,122,59,119,208,61,67,96,110,85,151,70,206,91,201,50,83,63,171,60,137,129,61,68,42,46,56,61,,,160,90,,,87,65,75,109,78,70,50,26,66,56,63,61,184,197,192,45,75,151,30,67,69,75,33,59,,141,,,b'\x11\xe8\xe1I\xd7\xc5f\xdc\x98|\x12\xdf\x17\xaeN\x1e'
11E8E149-D7C5-66DC-987C-12DF17AE4E1E,2022-ncaa-d2-conf-Conference Carolinas,ncaa,6,2,13,2,13,11,8,12,4,8,8,5,12,13,3,10,12,13,6,13,13,12,13,4,5,5,13,8,12,10,5,13,3,12,6,8,7,1,3,2,7,1,9,5,,,3,12,,,2,13,8,8,4,3,2,2,3,8,10,11,11,12,5,7,6,10,8,3,3,2,7,,10,,,2,1,1,1,7,2,1,7,2,2,2,2,4,3,7,2,10,1,1,4,7,2,5,2,11,1,3,1,5,1,6,1,2,10,1,1,1,4,1,1,,,13,13,,,2,1,4,2,2,3,2,1,4,4,2,2,9,9,9,2,4,1,3,2,1,1,4,2,,13,,,b'\x11\xe8\xe1I\xd7\xc5f\xdc\x98|\x12\xdf\x17\xaeN\x1e'
11E8E149-D7C5-66DC-987C-12DF17AE4E1E,2022-ncaa-d2-natl,ncaa,78,16,267,33,274,213,183,229,94,148,159,142,241,260,91,247,267,276,92,277,290,239,265,120,135,103,275,219,262,178,53,279,142,262,92,143,92,12,51,35,129,54,174,110,,,63,226,,,50,277,132,125,75,39,43,25,19,192,225,221,235,244,65,123,84,259,188,40,58,62,124,,204,,,27,9,9,15,41,16,27,86,12,20,9,67,77,82,130,75,189,14,23,28,42,16,85,32,259,22,142,16,53,12,92,8,29,135,26,7,16,51,27,21,,,291,291,,,50,29,85,13,25,23,17,40,70,113,13,50,178,177,172,50,139,84,47,55,11,42,64,61,,286,,,b'\x11\xe8\xe1I\xd7\xc5f\xdc\x98|\x12\xdf\x17\xaeN\x1e'
11E8E149-D7C5-66DC-987C-12DF17AE4E1E,2023-ncaa-d2-conf-Conference Carolinas,ncaa,6,6,3,6,4,5,1,2,3,1,2,6,12,13,4,13,7,7,10,7,13,2,3,5,6,5,13,12,11,4,7,12,12,11,12,4,9,6,3,4,2,1,11,12,,,12,13,,,6,3,5,6,6,2,3,1,1,11,13,8,8,10,3,5,5,13,12,4,4,1,10,,13,,,6,12,11,6,12,11,7,13,2,2,9,2,13,13,11,13,11,6,11,11,12,10,3,1,12,9,12,9,7,9,12,12,9,1,1,5,5,3,11,2,,,7,6,,,6,11,6,9,6,10,7,3,11,5,1,1,13,13,13,4,9,8,5,6,8,1,3,10,,7,,,b'\x11\xe8\xe1I\xd7\xc5f\xdc\x98|\x12\xdf\x17\xaeN\x1e'
11E8E149-D7C5-66DC-987C-12DF17AE4E1E,2023-ncaa-d2-natl,ncaa,112,162,47,133,51,88,57,33,117,21,12,154,251,256,212,286,171,146,226,149,286,43,39,185,205,184,291,279,232,56,123,213,291,148,269,83,173,217,132,139,14,19,134,160,,,290,266,,,140,46,97,41,143,67,50,15,8,273,282,224,205,207,78,78,90,294,250,109,157,18,166,,273,,,140,224,197,161,219,249,209,233,61,86,45,53,283,288,112,288,262,203,264,179,204,72,73,21,268,281,291,256,123,277,269,217,207,12,8,31,205,118,237,84,,,89,198,,,140,254,181,103,143,137,113,37,202,132,28,43,265,271,270,80,242,248,194,240,158,8,147,196,,157,,,b'\x11\xe8\xe1I\xd7\xc5f\xdc\x98|\x12\xdf\x17\xaeN\x1e'
11E8E149-D7C5-66DC-987C-12DF17AE4E1E,2024-ncaa-d2-conf-Conference Carolinas,ncaa,11,11,8,11,8,11,10,9,10,9,9,9,12,9,12,5,14,14,5,14,14,12,12,11,11,11,12,8,13,9,7,13,14,14,14,10,5,7,11,9,2,2,7,6,,,13,14,,,11,13,10,8,11,10,9,8,9,11,8,14,14,14,13,11,7,14,14,8,9,2,6,,13,,,11,10,10,2,13,11,4,13,1,1,11,3,13,12,7,12,14,3,6,13,13,10,4,2,13,11,14,5,7,7,14,12,13,2,2,6,6,10,6,8,,,14,13,,,11,2,11,10,11,9,9,2,11,6,2,1,13,14,14,3,7,10,7,7,12,2,8,7,,12,,,b'\x11\xe8\xe1I\xd7\xc5f\xdc\x98|\x12\xdf\x17\xaeN\x1e'
11E8E149-D7C5-66DC-987C-12DF17AE4E1E,2024-ncaa-d2-natl,ncaa,216,234,172,224,186,252,228,173,266,215,151,259,221,191,250,162,279,287,108,286,295,217,186,263,278,282,236,167,263,165,166,285,292,264,282,185,79,241,254,217,22,12,187,181,,,264,289,,,252,200,168,139,280,253,158,228,121,229,188,285,290,291,225,153,142,297,289,179,243,21,188,,281,,,247,92,83,44,233,129,99,204,51,34,216,42,218,236,83,232,255,56,120,211,226,120,121,50,253,213,292,147,166,180,282,207,276,38,18,76,222,241,131,127,,,260,275,,,252,93,281,145,249,131,107,15,151,99,61,27,227,242,239,44,156,234,177,210,230,27,226,142,,272,,,b'\x11\xe8\xe1I\xd7\xc5f\xdc\x98|\x12\xdf\x17\xaeN\x1e'
11E8E149-D7C5-66DC-987C-12DF17AE4E1E,2025-ncaa-d2-conf-Conference Carolinas,genius_ncaa,15,15,13,15,13,15,15,15,13,14,15,13,12,12,12,7,15,15,13,15,15,15,15,14,14,14,12,7,15,7,8,14,13,13,10,10,3,13,15,13,13,9,3,4,,,5,10,,2,14,15,11,8,15,14,10,13,10,11,8,15,15,15,13,9,7,12,10,8,14,10,3,,8,,4,14,10,10,3,13,6,3,12,12,6,14,8,7,8,5,8,9,3,2,13,13,12,11,13,8,11,13,7,8,8,10,12,14,14,10,14,10,15,8,10,,,15,15,,11,14,1,14,13,14,11,11,9,11,7,13,10,9,9,9,11,9,13,8,10,13,11,13,10,,15,,10,b'\x11\xe8\xe1I\xd7\xc5f\xdc\x98|\x12\xdf\x17\xaeN\x1e'
11E8E149-D7C5-66DC-987C-12DF17AE4E1E,2025-ncaa-d2-natl,genius_ncaa,287,281,260,289,266,291,286,280,281,286,250,283,253,245,254,160,292,288,288,288,277,286,267,284,289,297,218,143,258,183,106,281,276,270,236,223,40,236,294,257,213,166,155,114,,,45,137,,55,281,275,177,207,297,293,234,273,173,236,201,292,281,280,264,148,112,276,227,177,283,157,109,,150,,100,281,50,59,34,188,48,55,126,121,54,281,117,82,101,48,94,175,32,36,201,186,175,194,193,156,181,276,24,106,61,236,187,278,210,134,228,221,284,84,154,,,293,293,,195,281,27,296,211,285,174,179,152,158,182,209,125,169,190,184,156,177,258,118,186,260,124,278,139,,294,,154,b'\x11\xe8\xe1I\xd7\xc5f\xdc\x98|\x12\xdf\x17\xaeN\x1e'
11E8E149-D7C5-66DC-987C-12DF17AE4E1E,2026-ncaa-d2-conf-Conference Carolinas,genius_ncaa,14,11,8,14,8,14,14,10,13,14,14,12,8,9,8,2,16,16,12,16,16,13,10,10,13,15,7,2,16,13,14,7,9,8,10,9,1,10,16,7,14,11,9,8,,,6,7,,1,13,8,11,1,14,12,7,13,11,4,5,16,16,16,14,7,10,1,4,2,16,11,7,,10,,1,12,8,7,9,3,8,7,14,2,9,1,11,7,7,4,7,8,9,9,3,3,3,1,1,9,12,9,10,14,10,10,6,3,14,13,11,7,13,10,13,,,15,16,,11,13,9,15,7,13,11,12,14,14,12,1,12,9,10,10,15,14,13,14,13,7,12,12,12,,16,,10,b'\x11\xe8\xe1I\xd7\xc5f\xdc\x98|\x12\xdf\x17\xaeN\x1e'
11E8E149-D7C5-66DC-987C-12DF17AE4E1E,2026-ncaa-d2-natl,genius_ncaa,246,144,268,246,269,282,278,264,275,287,278,282,188,199,155,45,297,297,215,297,297,276,270,260,281,275,83,11,297,231,170,279,231,274,237,228,13,50,222,156,246,169,231,189,,,5,2,,5,248,272,133,19,267,230,45,265,152,70,38,298,297,297,128,80,77,162,116,79,236,135,162,,12,,10,268,38,63,33,247,89,38,275,34,48,65,155,15,15,107,14,21,29,27,222,197,183,20,93,17,70,231,71,170,65,237,119,243,251,140,239,114,261,220,296,,,295,298,,260,248,28,274,203,261,224,273,258,279,236,137,184,43,40,42,219,234,237,289,282,280,100,264,292,,297,,234,b'\x11\xe8\xe1I\xd7\xc5f\xdc\x98|\x12\xdf\x17\xaeN\x1e'
11E8E149-D7C9-F418-987C-12DF17AE4E1E,2018-ncaa-d2-conf-RMAC,ncaa,15,15,9,15,12,15,15,13,15,15,15,15,7,4,13,3,13,12,10,11,5,14,15,15,15,15,2,3,9,12,13,14,14,15,15,15,14,9,12,15,13,12,14,13,,,3,3,,,15,15,12,11,15,15,13,15,14,5,4,13,12,11,14,13,12,14,15,15,11,12,14,,3,,,15,14,15,7,14,12,2,15,15,12,15,15,3,3,10,3,7,6,4,15,14,15,9,15,2,9,14,6,13,8,15,15,13,15,15,15,15,15,11,14,,,15,15,,,15,2,15,15,15,14,15,11,13,4,15,14,4,4,5,12,6,12,11,11,15,15,15,12,,15,,,b'\x11\xe8\xe1I\xd7\xc9\xf4\x18\x98|\x12\xdf\x17\xaeN\x1e'
11E8E149-D7C9-F418-987C-12DF17AE4E1E,2018-ncaa-d2-natl,ncaa,291,299,206,295,232,302,304,294,302,305,302,298,175,122,271,25,267,264,174,264,88,292,286,291,286,285,21,33,92,293,289,303,295,302,306,299,234,114,257,293,254,232,281,276,,,47,114,,,305,273,293,202,307,308,305,307,302,163,90,263,258,258,302,300,295,307,309,302,165,252,282,,67,,,303,195,205,78,295,110,41,282,278,199,307,280,78,60,250,61,153,68,49,304,301,303,243,294,59,139,295,108,289,113,306,249,250,269,241,293,251,302,82,253,,,285,224,,,305,38,296,303,304,245,248,122,167,47,294,247,114,87,88,97,52,184,158,164,263,269,277,111,,289,,,b'\x11\xe8\xe1I\xd7\xc9\xf4\x18\x98|\x12\xdf\x17\xaeN\x1e'
11E8E149-D7C9-F418-987C-12DF17AE4E1E,2019-ncaa-d2-conf-RMAC,ncaa,14,15,5,15,7,14,16,14,15,15,14,16,7,6,11,6,10,8,13,8,2,13,13,14,14,14,2,4,4,16,16,14,16,16,16,16,14,11,12,15,9,11,15,15,,,1,1,,,16,10,9,5,16,16,15,16,15,7,6,9,7,7,14,15,16,14,16,16,11,10,15,,1,,,16,16,16,16,16,16,13,16,16,16,16,16,1,2,11,2,1,15,14,16,16,16,12,16,1,16,16,16,16,16,16,16,16,11,14,16,15,15,12,14,,,10,6,,,16,7,16,16,16,16,16,16,16,11,16,16,1,1,2,15,13,16,16,16,16,13,15,11,,12,,,b'\x11\xe8\xe1I\xd7\xc9\xf4\x18\x98|\x12\xdf\x17\xaeN\x1e'
11E8E149-D7C9-F418-987C-12DF17AE4E1E,2019-ncaa-d2-natl,ncaa,290,298,182,295,205,286,294,280,287,298,290,296,147,151,159,60,256,253,200,253,104,281,272,267,267,272,19,41,117,302,309,272,295,298,309,295,260,155,262,293,161,156,287,294,,,8,3,,,309,239,256,130,303,308,303,311,299,133,138,264,255,255,305,300,309,292,309,303,187,164,291,,3,,,304,266,293,195,299,202,90,294,311,291,308,303,10,10,116,10,10,123,105,309,306,306,218,307,1,244,295,268,309,268,309,309,309,234,233,309,276,295,133,255,,,271,200,,,309,75,294,307,305,281,298,260,233,100,310,301,6,7,8,164,124,257,286,285,307,238,273,137,,285,,,b'\x11\xe8\xe1I\xd7\xc9\xf4\x18\x98|\x12\xdf\x17\xaeN\x1e'
11E8E149-D7C9-F418-987C-12DF17AE4E1E,2020-ncaa-d2-conf-RMAC,ncaa,16,16,6,16,9,15,15,13,15,16,16,16,3,2,8,1,16,16,6,16,5,15,14,15,15,15,1,1,10,13,14,16,16,16,16,15,8,16,16,16,7,8,14,14,,,1,1,,,16,14,13,8,15,16,15,16,16,3,1,16,16,16,16,11,13,16,16,15,15,8,14,,1,,,16,16,16,16,16,16,11,15,16,16,16,16,2,2,14,2,2,14,15,16,16,16,12,16,1,16,16,11,14,16,16,16,16,10,12,16,16,16,14,16,,,16,15,,,16,3,15,16,16,16,16,16,16,9,16,16,2,2,2,15,15,16,13,16,16,10,16,14,,16,,,b'\x11\xe8\xe1I\xd7\xc9\xf4\x18\x98|\x12\xdf\x17\xaeN\x1e'
11E8E149-D7C9-F418-987C-12DF17AE4E1E,2020-ncaa-d2-natl,ncaa,305,309,223,305,237,293,298,290,294,305,305,293,70,45,164,2,293,294,118,296,80,296,283,246,243,264,1,1,206,276,272,304,311,303,308,275,135,194,289,274,181,154,290,287,,,8,4,,,310,283,293,141,297,303,301,311,311,46,24,293,298,299,306,296,269,310,309,282,235,159,296,,4,,,307,252,266,148,301,143,42,301,308,301,310,307,21,21,255,21,48,101,76,309,308,305,277,307,4,300,311,132,272,232,308,308,306,232,200,304,275,304,237,309,,,301,291,,,310,28,277,310,308,286,288,230,194,45,310,305,28,18,18,172,138,305,194,282,308,200,288,259,,309,,,b'\x11\xe8\xe1I\xd7\xc9\xf4\x18\x98|\x12\xdf\x17\xaeN\x1e'
11E8E149-D7C9-F418-987C-12DF17AE4E1E,2022-ncaa-d2-conf-RMAC,ncaa,14,14,8,14,11,15,15,10,15,14,11,15,10,8,9,7,14,14,8,14,12,13,9,15,15,15,4,3,9,15,15,13,15,15,15,14,12,14,15,14,8,13,5,6,,,5,2,,,15,7,2,13,15,15,11,14,10,10,8,14,14,14,13,8,14,14,15,14,15,9,4,,5,,,15,15,14,14,9,12,11,7,14,15,10,14,9,6,14,6,5,14,12,9,10,10,9,13,4,15,15,12,15,15,15,13,10,8,9,11,15,15,8,10,,,13,14,,,15,10,15,13,15,15,14,15,13,13,14,15,9,8,8,15,15,15,13,15,13,8,15,9,,11,,,b'\x11\xe8\xe1I\xd7\xc9\xf4\x18\x98|\x12\xdf\x17\xaeN\x1e'
11E8E149-D7C9-F418-987C-12DF17AE4E1E,2022-ncaa-d2-natl,ncaa,275,283,196,282,216,267,275,222,287,283,251,292,148,124,203,59,241,246,146,249,188,230,200,282,281,278,27,43,130,254,259,261,296,270,295,267,231,243,270,279,198,226,98,94,,,131,110,,,287,181,88,224,283,288,222,293,253,117,93,237,242,245,241,169,257,288,289,279,262,186,75,,170,,,287,198,195,196,164,171,147,183,223,233,149,218,159,159,153,163,162,194,169,171,173,203,194,206,120,289,296,137,259,224,295,203,176,194,224,225,287,292,144,225,,,219,208,,,287,120,287,266,287,263,249,274,225,211,257,271,196,190,200,274,256,292,195,276,233,168,291,167,,208,,,b'\x11\xe8\xe1I\xd7\xc9\xf4\x18\x98|\x12\xdf\x17\xaeN\x1e'
11E8E149-D7C9-F418-987C-12DF17AE4E1E,2023-ncaa-d2-conf-RMAC,ncaa,10,9,13,10,15,13,13,12,14,11,12,13,12,12,12,11,9,11,2,12,10,12,14,13,12,11,9,10,5,11,9,12,11,11,10,14,13,2,6,11,13,12,3,4,,,1,3,,,11,14,9,15,11,11,9,9,9,11,10,7,8,8,8,9,9,8,10,13,6,12,3,,3,,,11,6,8,10,8,7,10,6,11,9,11,9,1,1,4,1,2,5,2,9,6,10,5,11,2,7,11,3,9,3,10,13,15,14,13,15,7,11,4,4,,,11,8,,,11,2,9,10,9,10,12,14,11,13,12,12,4,3,3,14,8,13,8,11,15,13,9,5,,9,,,b'\x11\xe8\xe1I\xd7\xc9\xf4\x18\x98|\x12\xdf\x17\xaeN\x1e'
11E8E149-D7C9-F418-987C-12DF17AE4E1E,2023-ncaa-d2-natl,ncaa,183,139,255,175,279,258,263,267,232,262,263,223,200,195,198,123,211,223,128,223,126,272,288,228,206,163,91,138,96,255,209,245,152,265,190,276,267,6,60,178,271,263,118,63,,,19,101,,,197,286,216,296,216,232,194,229,194,153,126,144,154,154,186,244,209,160,195,269,36,265,72,,80,,,197,35,44,61,101,37,48,95,146,125,198,220,16,22,71,23,92,46,17,125,109,190,203,242,61,55,152,49,209,37,190,145,254,291,283,284,56,190,11,35,,,233,64,,,197,13,164,189,192,143,167,230,120,157,234,222,72,83,84,207,92,142,174,162,235,279,154,26,,127,,,b'\x11\xe8\xe1I\xd7\xc9\xf4\x18\x98|\x12\xdf\x17\xaeN\x1e'
11E8E149-D7C9-F418-987C-12DF17AE4E1E,2024-ncaa-d2-conf-RMAC,ncaa,12,14,7,13,10,13,11,10,15,11,7,15,13,10,15,9,13,13,13,13,13,9,10,15,15,15,12,8,12,9,12,12,12,11,13,11,7,7,7,9,11,12,6,7,,,7,6,,,15,11,9,10,15,14,7,11,7,13,9,13,13,13,10,12,10,12,13,13,7,12,6,,7,,,15,13,11,12,9,10,9,9,12,10,10,11,10,9,13,9,7,11,8,9,8,9,9,11,7,10,12,10,12,10,13,14,14,10,10,12,9,9,5,4,,,13,12,,,15,7,15,11,14,12,12,12,10,9,12,12,10,8,8,14,10,12,13,13,14,9,9,3,,13,,,b'\x11\xe8\xe1I\xd7\xc9\xf4\x18\x98|\x12\xdf\x17\xaeN\x1e'
11E8E149-D7C9-F418-987C-12DF17AE4E1E,2024-ncaa-d2-natl,ncaa,261,264,207,266,227,269,257,224,272,240,196,261,225,206,257,145,285,284,257,284,290,243,257,268,286,269,231,143,271,224,224,248,222,256,252,220,135,65,147,174,227,222,152,147,,,72,122,,,279,249,210,130,286,263,171,242,151,221,173,287,285,285,229,238,211,247,250,212,118,223,140,,115,,,274,130,116,102,165,101,95,147,187,160,217,201,154,108,287,107,149,92,64,176,198,237,213,207,160,140,222,132,224,131,252,202,248,259,245,272,172,239,39,53,,,273,264,,,279,61,273,242,272,210,186,200,154,148,224,211,189,144,144,192,130,178,212,205,247,246,201,48,,280,,,b'\x11\xe8\xe1I\xd7\xc9\xf4\x18\x98|\x12\xdf\x17\xaeN\x1e'
11E8E149-D7C9-F418-987C-12DF17AE4E1E,2025-ncaa-d2-conf-RMAC,genius_ncaa,8,8,8,9,8,6,3,7,2,1,1,6,14,15,4,15,10,11,4,11,14,7,7,4,7,9,15,15,11,12,11,15,9,14,11,6,11,9,10,8,2,2,9,9,,,13,14,,4,9,6,2,5,4,2,3,1,1,14,15,10,12,12,3,2,12,15,15,6,12,2,9,,15,,5,9,10,8,5,14,8,4,14,6,4,7,5,15,15,10,13,15,6,8,13,14,8,10,3,15,6,9,8,11,7,11,9,9,2,1,2,11,11,7,3,,,10,13,,14,9,10,10,8,9,11,8,4,9,3,7,6,14,14,14,8,11,6,8,8,9,1,12,8,,12,,14,b'\x11\xe8\xe1I\xd7\xc9\xf4\x18\x98|\x12\xdf\x17\xaeN\x1e'
11E8E149-D7C9-F418-987C-12DF17AE4E1E,2025-ncaa-d2-natl,genius_ncaa,160,131,230,149,242,166,126,183,49,76,80,93,246,280,79,280,204,240,56,242,280,195,222,90,92,99,289,267,213,239,208,268,187,271,233,163,207,79,136,127,88,54,232,202,,,226,279,,178,152,207,64,109,63,27,68,16,17,241,279,158,210,212,90,90,206,269,262,105,159,52,216,,276,,216,152,122,69,32,226,90,40,248,77,84,118,132,279,269,240,263,293,56,72,222,268,214,237,82,295,66,187,68,208,58,233,85,150,117,72,85,104,156,37,9,,,253,231,,245,152,88,123,190,155,227,158,70,180,80,123,136,294,288,285,149,209,124,164,140,160,61,165,49,,199,,229,b'\x11\xe8\xe1I\xd7\xc9\xf4\x18\x98|\x12\xdf\x17\xaeN\x1e'
11E8E149-D7C9-F418-987C-12DF17AE4E1E,2026-ncaa-d2-conf-RMAC,genius_ncaa,9,13,1,12,1,1,1,1,4,1,1,6,3,2,9,13,4,4,8,4,13,1,1,6,7,9,12,12,12,3,10,1,8,1,8,2,13,14,12,11,3,6,1,7,,,15,13,,14,6,1,4,5,8,4,4,4,3,11,14,12,13,12,6,5,12,7,8,8,12,5,6,,13,,14,6,15,15,15,8,15,15,8,2,6,2,1,15,15,9,15,11,15,15,4,5,4,1,1,14,14,8,15,10,15,8,14,5,2,8,7,14,10,11,3,,,2,9,,4,6,15,10,4,7,6,7,8,15,13,1,2,12,13,13,10,12,10,11,10,5,6,10,8,,9,,12,b'\x11\xe8\xe1I\xd7\xc9\xf4\x18\x98|\x12\xdf\x17\xaeN\x1e'
11E8E149-D7C9-F418-987C-12DF17AE4E1E,2026-ncaa-d2-natl,genius_ncaa,107,196,13,157,27,21,9,24,26,7,19,32,97,86,146,191,104,108,123,124,267,31,29,53,65,70,262,203,256,136,223,45,78,73,152,47,217,253,144,139,16,39,153,219,,,271,232,,291,23,18,53,88,58,22,64,16,56,166,179,199,215,224,93,98,229,149,215,113,156,37,199,,229,,270,37,222,204,224,116,240,267,118,75,127,48,29,269,289,38,289,242,256,270,73,73,50,73,28,244,164,78,246,223,226,152,132,51,17,54,27,235,148,62,17,,,84,248,,213,23,277,106,41,52,78,76,58,143,173,17,23,213,255,258,109,166,69,133,92,38,52,153,26,,225,,249,b'\x11\xe8\xe1I\xd7\xc9\xf4\x18\x98|\x12\xdf\x17\xaeN\x1e'
11E8E149-D7CE-B96C-987C-12DF17AE4E1E,2019-ncaa-d2-conf-ECC,ncaa,2,3,1,3,1,2,2,3,2,4,6,3,1,3,1,3,2,2,2,2,4,3,2,1,1,2,3,3,4,4,4,1,8,2,3,2,2,9,7,3,3,4,1,1,,,2,1,,,2,2,8,5,3,4,8,6,8,2,4,4,4,4,8,8,5,2,3,3,4,4,1,,1,,,2,3,5,10,1,6,10,1,2,7,1,2,2,2,6,2,1,9,9,1,1,1,1,2,2,10,8,6,4,8,3,3,5,3,3,4,7,6,6,5,,,2,1,,,2,9,2,1,2,1,3,8,4,9,1,3,1,2,2,3,6,9,1,3,3,5,4,4,,3,,,b'\x11\xe8\xe1I\xd7\xce\xb9l\x98|\x12\xdf\x17\xaeN\x1e'
11E8E149-D7CE-B96C-987C-12DF17AE4E1E,2019-ncaa-d2-natl,ncaa,36,59,16,54,26,49,62,51,127,99,81,161,54,70,37,122,37,62,61,64,107,48,43,98,81,104,70,90,115,45,56,26,231,30,94,56,87,269,182,129,49,104,27,73,,,91,14,,,28,44,237,189,124,151,198,193,217,89,129,91,135,143,193,191,91,80,70,116,166,107,50,,14,,,35,112,184,296,10,245,299,24,43,161,1,59,28,34,94,36,5,287,288,4,3,7,11,38,30,306,231,214,56,284,94,157,126,44,112,68,236,131,264,225,,,17,54,,,28,268,76,13,30,13,44,202,121,270,12,63,9,11,13,128,152,271,52,152,68,121,117,203,,83,,,b'\x11\xe8\xe1I\xd7\xce\xb9l\x98|\x12\xdf\x17\xaeN\x1e'
11E8E149-D7D3-2650-987C-12DF17AE4E1E,2018-ncaa-d2-conf-Mid-America Intercollegiate,ncaa,4,3,8,4,8,8,8,9,6,8,6,9,10,13,1,12,6,7,5,7,7,8,9,7,6,3,5,9,5,11,12,7,3,8,8,10,11,3,5,6,11,11,14,14,,,2,1,,,8,9,7,1,6,8,7,8,4,7,13,5,5,5,6,6,10,3,6,10,4,11,14,,3,,,8,6,7,7,9,8,8,10,9,8,7,8,2,3,5,3,3,5,4,9,7,11,3,9,1,2,3,10,12,6,8,13,14,12,12,13,3,4,13,14,,,7,4,,,8,6,6,8,8,10,11,11,11,11,10,10,4,5,5,9,8,4,10,8,13,12,4,14,,6,,,b'\x11\xe8\xe1I\xd7\xd3&P\x98|\x12\xdf\x17\xaeN\x1e'
11E8E149-D7D3-2650-987C-12DF17AE4E1E,2018-ncaa-d2-natl,ncaa,88,43,276,62,276,203,209,271,90,214,239,143,167,244,27,195,140,194,37,193,107,263,292,88,69,37,107,150,78,279,254,231,21,261,135,268,283,6,22,105,296,273,294,296,,,7,42,,,125,291,251,5,92,121,183,134,145,113,200,58,94,96,158,241,247,92,182,242,19,281,293,,23,,,119,47,82,44,233,98,52,246,110,94,186,198,16,12,271,10,32,26,16,226,221,260,79,173,33,5,21,47,254,20,135,98,137,296,270,273,4,16,253,291,,,222,37,,,125,19,54,230,116,182,227,183,226,164,193,188,46,29,26,139,63,26,186,101,194,277,9,297,,86,,,b'\x11\xe8\xe1I\xd7\xd3&P\x98|\x12\xdf\x17\xaeN\x1e'
11E8E149-D7D3-2650-987C-12DF17AE4E1E,2019-ncaa-d2-conf-Mid-America Intercollegiate,ncaa,9,8,8,9,8,11,12,12,10,8,6,11,11,11,11,12,5,4,9,6,6,11,11,11,11,11,10,12,3,9,7,5,5,4,4,8,3,9,11,9,11,14,9,7,,,4,7,,,7,10,12,1,11,12,12,9,5,11,12,3,2,2,11,10,7,1,1,9,10,14,8,,7,,,7,2,1,7,1,1,6,2,8,10,2,10,11,11,8,12,12,8,6,1,2,6,11,9,14,9,5,3,7,5,4,7,11,14,14,13,11,12,14,14,,,4,4,,,7,5,10,6,7,4,3,8,4,7,8,11,10,11,11,9,6,10,5,8,8,14,12,14,,3,,,b'\x11\xe8\xe1I\xd7\xd3&P\x98|\x12\xdf\x17\xaeN\x1e'
11E8E149-D7D3-2650-987C-12DF17AE4E1E,2019-ncaa-d2-natl,ncaa,194,145,287,184,287,274,274,294,158,252,263,163,267,274,178,229,210,219,133,218,114,292,296,170,157,156,189,230,62,252,179,222,92,249,98,225,96,32,157,134,286,246,165,100,,,30,179,,,157,302,279,14,214,229,272,164,167,238,254,107,124,124,247,261,200,69,114,167,116,267,120,,123,,,163,14,12,19,65,15,18,93,64,92,72,226,124,90,273,90,230,17,10,74,103,174,253,191,265,50,92,19,179,19,98,34,207,299,276,242,66,213,272,301,,,244,46,,,157,10,163,174,166,95,65,114,66,81,160,211,239,203,212,128,58,128,108,108,125,291,172,299,,123,,,b'\x11\xe8\xe1I\xd7\xd3&P\x98|\x12\xdf\x17\xaeN\x1e'
11E8E149-D7D3-2650-987C-12DF17AE4E1E,2020-ncaa-d2-conf-Mid-America Intercollegiate,ncaa,3,3,4,3,6,7,6,7,3,5,8,2,9,8,8,9,5,4,12,3,4,6,9,2,5,4,10,9,8,10,10,1,2,3,3,3,1,2,3,1,12,13,4,8,,,4,5,,,6,8,10,6,7,7,9,5,9,8,10,5,3,3,9,13,11,1,3,2,3,14,5,,3,,,6,4,4,9,2,9,10,4,2,8,1,6,9,5,14,5,6,9,7,2,3,4,5,3,11,3,2,9,10,8,3,3,4,13,12,9,6,6,6,6,,,4,1,,,6,7,5,3,5,3,4,8,8,10,1,7,8,7,6,8,2,2,9,6,3,14,6,6,,4,,,b'\x11\xe8\xe1I\xd7\xd3&P\x98|\x12\xdf\x17\xaeN\x1e'
11E8E149-D7D3-2650-987C-12DF17AE4E1E,2020-ncaa-d2-natl,ncaa,47,37,173,41,210,123,118,224,31,130,238,27,117,135,76,116,139,83,273,82,28,196,246,32,42,26,137,132,166,264,252,75,7,158,72,71,49,11,21,10,251,232,130,109,,,57,112,,,59,231,240,227,92,88,220,108,238,105,127,115,59,57,186,277,267,35,131,43,11,265,127,,59,,,55,64,73,95,80,105,105,123,66,124,31,175,131,92,269,85,117,78,54,71,86,145,117,104,193,15,7,117,252,56,72,40,36,264,243,139,58,109,116,161,,,136,27,,,59,85,37,99,51,71,82,102,110,109,76,141,139,108,81,73,28,12,139,55,42,279,55,124,,91,,,b'\x11\xe8\xe1I\xd7\xd3&P\x98|\x12\xdf\x17\xaeN\x1e'
11E8E149-D7D3-2650-987C-12DF17AE4E1E,2021-ncaa-d2-conf-Mid-America Intercollegiate,ncaa,2,1,2,2,2,4,4,5,1,2,4,1,7,7,8,8,7,5,14,5,4,5,6,3,5,5,12,12,10,7,6,2,1,2,2,2,3,7,6,2,8,10,8,10,,,6,5,,,2,5,13,7,6,6,13,3,11,11,11,10,6,6,12,13,10,1,5,3,5,10,11,,2,,,2,2,4,10,1,7,12,1,2,4,1,2,8,10,1,10,6,9,9,1,1,1,3,3,11,2,1,6,6,6,2,2,2,8,9,1,9,6,9,10,,,4,5,,,2,10,5,1,2,1,1,2,3,8,1,2,5,7,7,2,2,1,2,2,1,13,5,6,,9,,,b'\x11\xe8\xe1I\xd7\xd3&P\x98|\x12\xdf\x17\xaeN\x1e'
11E8E149-D7D3-2650-987C-12DF17AE4E1E,2021-ncaa-d2-natl,ncaa,6,35,6,17,7,20,19,21,27,11,17,21,58,44,144,145,37,12,205,12,75,18,23,40,54,40,189,168,161,31,98,8,8,7,19,22,73,165,48,25,59,138,41,97,,,180,76,,,15,26,223,121,134,108,202,75,155,177,175,172,111,116,201,221,146,65,99,73,18,178,105,,17,,,26,165,168,201,29,184,216,44,93,145,10,32,192,207,55,204,80,201,198,18,16,32,33,22,160,143,8,196,98,186,19,140,39,56,163,72,180,86,220,185,,,22,88,,,15,204,40,24,18,6,11,17,47,90,3,9,51,64,62,9,2,13,25,14,8,205,42,170,,185,,,b'\x11\xe8\xe1I\xd7\xd3&P\x98|\x12\xdf\x17\xaeN\x1e'
11E8E149-D7D3-2650-987C-12DF17AE4E1E,2022-ncaa-d2-conf-Mid-America Intercollegiate,ncaa,3,3,3,3,3,7,6,6,5,5,8,1,7,4,11,4,7,5,14,5,5,6,7,5,5,4,10,8,11,4,4,5,1,6,2,6,5,2,4,2,10,10,9,9,,,7,10,,,4,9,14,10,9,9,12,7,11,8,5,11,8,8,12,13,7,8,7,6,1,12,10,,2,,,5,2,2,4,6,4,5,7,4,4,7,6,3,3,5,4,5,5,3,6,7,6,6,7,6,1,1,6,4,3,2,2,3,11,10,5,3,5,1,2,,,6,4,,,4,6,5,4,4,1,1,1,1,2,4,2,2,2,2,1,1,1,2,1,1,12,3,1,,9,,,b'\x11\xe8\xe1I\xd7\xd3&P\x98|\x12\xdf\x17\xaeN\x1e'
11E8E149-D7D3-2650-987C-12DF17AE4E1E,2022-ncaa-d2-natl,ncaa,39,48,30,47,43,73,67,113,40,69,146,19,85,79,138,95,126,87,257,87,68,98,153,41,56,28,165,134,219,155,176,56,3,77,37,70,124,20,8,11,255,264,160,180,,,165,206,,,59,148,299,224,165,140,270,139,267,127,136,212,163,161,265,299,229,131,200,125,1,290,201,,62,,,61,149,145,150,121,149,164,114,136,120,175,123,176,145,247,151,147,151,107,127,142,210,167,141,189,16,3,169,176,94,37,51,37,263,269,197,21,12,45,41,,,93,49,,,59,148,28,156,58,20,18,9,37,41,69,49,100,77,79,8,2,6,39,3,14,297,3,20,,213,,,b'\x11\xe8\xe1I\xd7\xd3&P\x98|\x12\xdf\x17\xaeN\x1e'
11E8E149-D7D3-2650-987C-12DF17AE4E1E,2023-ncaa-d2-conf-Mid-America Intercollegiate,ncaa,1,1,2,1,4,4,4,7,4,6,10,4,2,3,1,3,9,10,8,10,12,7,8,3,3,2,3,3,13,7,5,3,1,4,2,3,4,2,4,2,9,9,3,5,,,1,4,,,1,9,13,10,6,6,9,8,13,2,4,12,13,13,10,14,11,3,4,4,1,9,5,,1,,,1,1,2,6,2,5,11,2,2,4,1,4,2,1,7,2,2,5,6,1,1,2,3,3,7,2,1,7,5,1,2,1,2,8,8,2,4,5,4,4,,,7,7,,,1,6,3,1,1,1,1,2,3,5,1,2,2,1,1,1,1,1,2,1,1,10,4,3,,12,,,b'\x11\xe8\xe1I\xd7\xd3&P\x98|\x12\xdf\x17\xaeN\x1e'
11E8E149-D7D3-2650-987C-12DF17AE4E1E,2023-ncaa-d2-natl,ncaa,19,15,47,15,63,73,65,97,38,88,150,33,46,58,43,56,183,193,143,196,201,112,161,31,37,25,103,55,265,141,161,38,1,56,19,42,54,11,9,4,227,220,18,18,,,51,65,,,15,165,296,198,109,81,200,154,239,55,75,239,251,256,233,292,210,46,99,42,2,263,26,,13,,,15,51,78,139,50,128,179,77,54,90,17,99,36,48,78,50,41,120,95,43,30,59,37,77,87,15,1,169,161,82,19,13,3,220,216,74,32,48,156,156,,,165,144,,,15,133,18,29,11,5,11,18,49,84,23,51,16,21,21,6,1,3,61,14,1,271,17,106,,247,,,b'\x11\xe8\xe1I\xd7\xd3&P\x98|\x12\xdf\x17\xaeN\x1e'
11E8E149-D7D3-2650-987C-12DF17AE4E1E,2024-ncaa-d2-conf-Mid-America Intercollegiate,ncaa,7,7,4,7,4,6,6,4,5,5,2,8,8,11,4,14,1,2,4,2,8,3,3,6,5,6,11,11,5,1,2,2,1,1,1,6,6,10,8,6,12,11,12,13,,,6,4,,,7,4,6,1,5,5,4,5,1,9,13,2,3,3,4,2,2,2,1,6,9,11,12,,6,,,7,13,12,13,9,12,10,9,13,14,7,12,3,2,10,2,2,13,11,8,7,11,6,12,2,4,1,5,2,4,1,11,8,13,12,13,11,8,11,6,,,6,7,,,7,11,6,9,7,11,12,12,10,11,12,14,3,3,3,12,9,4,5,2,10,13,9,11,,6,,,b'\x11\xe8\xe1I\xd7\xd3&P\x98|\x12\xdf\x17\xaeN\x1e'
11E8E149-D7D3-2650-987C-12DF17AE4E1E,2024-ncaa-d2-natl,ncaa,115,93,172,109,175,108,117,158,67,86,105,109,184,227,72,244,64,88,62,95,117,147,175,94,68,66,194,227,69,139,108,49,6,73,11,110,116,65,75,73,236,238,217,215,,,116,153,,,124,191,160,26,65,73,118,59,65,181,235,39,61,72,91,125,113,5,21,76,92,239,218,,130,,,124,168,184,184,147,133,123,177,252,260,162,267,73,50,271,46,61,156,91,174,167,238,201,261,48,28,6,90,108,54,11,202,191,277,282,283,77,101,223,197,,,131,96,,,124,122,60,208,114,203,218,249,156,130,258,276,79,58,58,216,114,27,106,54,224,283,103,240,,98,,,b'\x11\xe8\xe1I\xd7\xd3&P\x98|\x12\xdf\x17\xaeN\x1e'
11E8E149-D7D3-2650-987C-12DF17AE4E1E,2025-ncaa-d2-conf-Mid-America Intercollegiate,genius_ncaa,7,4,14,6,14,12,11,14,7,12,14,5,10,7,12,3,12,10,14,10,4,14,13,6,7,9,8,6,10,5,4,14,3,13,4,8,3,2,9,6,8,3,14,8,,,4,12,,1,4,14,12,3,8,7,8,7,11,6,3,9,6,6,7,5,2,10,4,4,9,4,10,,8,,3,4,1,1,1,6,1,1,7,3,3,6,9,3,3,12,3,9,1,1,6,10,4,11,9,11,2,3,1,4,1,4,4,11,8,3,6,5,12,1,3,,,11,8,,14,4,1,9,4,4,4,1,2,1,2,5,8,8,7,7,2,2,2,6,5,7,6,12,2,,6,,14,b'\x11\xe8\xe1I\xd7\xd3&P\x98|\x12\xdf\x17\xaeN\x1e'
11E8E149-D7D3-2650-987C-12DF17AE4E1E,2025-ncaa-d2-natl,genius_ncaa,132,62,275,98,281,218,217,267,104,213,275,53,163,158,174,86,228,207,244,209,79,267,282,95,111,92,134,117,190,194,129,249,15,241,70,184,114,16,59,61,199,84,202,101,,,51,257,,10,100,286,191,54,79,78,90,91,180,91,71,137,95,97,87,134,102,107,95,81,63,113,154,,195,,9,90,14,13,11,172,16,8,208,77,81,130,238,78,43,293,43,221,11,11,187,206,185,250,198,207,8,15,39,129,13,70,46,219,244,113,148,41,129,41,88,,,264,132,,256,100,16,76,136,94,114,88,42,66,23,184,199,198,144,146,49,52,8,201,91,162,152,134,83,,131,,234,b'\x11\xe8\xe1I\xd7\xd3&P\x98|\x12\xdf\x17\xaeN\x1e'
11E8E149-D7D3-2650-987C-12DF17AE4E1E,2026-ncaa-d2-conf-Mid-America Intercollegiate,genius_ncaa,11,10,3,11,7,9,6,8,3,6,9,1,7,6,7,4,10,10,8,9,9,9,11,3,3,5,9,7,10,11,10,14,10,14,13,9,10,7,8,11,2,1,13,13,,,8,9,,2,10,8,5,5,7,4,7,6,9,6,5,9,9,8,8,10,10,14,14,8,8,1,13,,9,,2,10,11,11,3,14,11,6,14,4,3,8,5,9,8,7,7,7,3,6,13,14,13,4,4,7,6,10,7,10,6,13,12,12,5,2,11,3,6,11,14,,,13,12,,11,10,6,7,12,10,12,13,3,12,6,4,4,10,9,8,3,6,6,7,6,13,4,4,12,,12,,11,b'\x11\xe8\xe1I\xd7\xd3&P\x98|\x12\xdf\x17\xaeN\x1e'
11E8E149-D7D3-2650-987C-12DF17AE4E1E,2026-ncaa-d2-natl,genius_ncaa,157,239,13,202,26,54,76,42,209,93,52,210,72,50,162,134,32,40,97,38,90,37,32,195,175,174,87,137,71,53,154,54,105,47,157,124,206,261,171,204,28,60,189,240,,,245,138,,158,178,32,119,86,158,187,144,201,172,132,126,82,100,94,129,120,126,183,167,212,167,67,242,,134,,122,174,251,258,247,234,261,231,255,213,229,138,153,218,252,66,242,183,251,261,227,216,171,104,131,131,193,105,270,154,251,157,231,107,33,83,112,249,170,255,229,,,40,128,,151,178,265,168,140,175,157,176,97,185,106,145,143,127,167,159,102,133,90,188,155,146,88,175,214,,126,,210,b'\x11\xe8\xe1I\xd7\xd3&P\x98|\x12\xdf\x17\xaeN\x1e'
11E8E149-D7D7-CA3E-987C-12DF17AE4E1E,2018-ncaa-d2-conf-NE10,ncaa,11,10,15,11,15,14,14,14,14,13,9,12,15,15,15,14,5,6,12,6,4,14,15,15,15,14,14,15,1,9,9,15,11,15,11,15,15,1,7,15,7,3,14,14,,,1,4,,,12,15,13,5,14,14,10,9,3,15,14,2,2,2,8,8,6,15,11,15,7,3,14,,3,,,12,1,2,1,13,3,1,13,2,2,9,8,1,1,7,1,5,1,1,13,13,7,2,6,1,2,11,4,9,3,11,5,9,8,1,5,6,12,2,3,,,10,2,,,12,1,13,6,12,5,9,5,11,5,6,4,1,1,1,2,3,4,13,9,9,3,11,4,,3,,,b'\x11\xe8\xe1I\xd7\xd7\xca>\x98|\x12\xdf\x17\xaeN\x1e'
11E8E149-D7D7-CA3E-987C-12DF17AE4E1E,2018-ncaa-d2-natl,ncaa,161,147,206,162,215,260,248,229,248,169,135,231,305,296,306,293,176,147,231,140,167,215,229,278,271,257,292,306,50,116,91,271,180,216,180,300,306,91,149,283,100,47,202,183,,,28,82,,,160,250,265,64,269,255,205,132,69,308,296,137,102,99,190,194,73,271,200,303,132,71,193,,50,,,160,21,49,31,193,69,59,183,51,46,152,132,9,9,193,9,25,20,48,183,159,75,43,131,36,67,180,122,91,84,180,74,160,96,29,52,137,197,140,114,,,164,69,,,160,55,236,72,177,31,86,32,109,82,74,61,12,10,9,16,51,90,178,126,106,60,176,155,,96,,,b'\x11\xe8\xe1I\xd7\xd7\xca>\x98|\x12\xdf\x17\xaeN\x1e'
11E8E149-D7D7-CA3E-987C-12DF17AE4E1E,2019-ncaa-d2-conf-NE10,ncaa,7,7,7,7,7,11,10,12,6,7,6,6,15,15,15,15,8,5,15,6,8,12,10,10,9,13,15,15,7,4,1,10,9,8,5,15,15,11,14,14,2,1,12,8,,,4,4,,,9,13,14,1,14,13,14,5,5,15,15,10,7,7,14,12,3,12,8,15,12,1,13,,2,,,9,1,1,4,6,1,1,12,14,15,2,15,1,1,7,1,7,2,3,7,6,6,15,15,2,9,9,1,1,1,5,8,13,7,2,6,14,15,11,11,,,6,4,,,9,3,11,6,9,3,2,3,1,1,13,15,1,1,1,2,2,8,2,2,8,6,15,12,,8,,,b'\x11\xe8\xe1I\xd7\xd7\xca>\x98|\x12\xdf\x17\xaeN\x1e'
11E8E149-D7D7-CA3E-987C-12DF17AE4E1E,2019-ncaa-d2-natl,ncaa,85,109,46,104,47,163,129,159,106,51,59,106,291,280,279,296,154,128,225,136,241,157,131,175,180,204,303,301,146,77,31,122,105,92,42,173,230,259,244,222,20,11,134,79,,,54,30,,,100,163,293,30,256,213,277,78,108,307,301,209,183,198,275,257,95,195,140,227,203,25,153,,18,,,104,57,92,154,67,33,24,159,290,308,62,311,12,14,91,16,49,101,157,119,75,33,276,306,7,132,105,55,31,78,42,235,290,48,33,107,278,263,270,208,,,113,126,,,100,156,186,31,96,21,32,43,8,1,260,296,4,5,6,17,34,83,13,19,164,70,234,247,,188,,,b'\x11\xe8\xe1I\xd7\xd7\xca>\x98|\x12\xdf\x17\xaeN\x1e'
11E8E149-D7D7-CA3E-987C-12DF17AE4E1E,2020-ncaa-d2-conf-NE10,ncaa,6,6,8,6,10,10,10,13,6,7,5,8,13,14,11,14,9,10,6,10,12,13,8,9,9,9,13,14,3,7,2,7,6,7,2,11,11,14,14,12,3,2,4,1,,,8,11,,,7,11,12,8,11,10,13,6,5,13,14,8,10,10,14,11,6,5,6,12,14,3,5,,9,,,7,1,1,4,1,1,1,1,14,14,4,14,4,5,2,5,12,4,6,2,2,1,14,14,9,6,6,1,2,1,2,5,14,4,4,4,14,13,1,1,,,8,6,,,7,6,9,1,7,1,1,5,1,1,13,14,6,7,7,3,3,6,1,2,7,5,13,1,,8,,,b'\x11\xe8\xe1I\xd7\xd7\xca>\x98|\x12\xdf\x17\xaeN\x1e'
11E8E149-D7D7-CA3E-987C-12DF17AE4E1E,2020-ncaa-d2-natl,ncaa,82,72,173,75,210,259,230,270,116,157,156,147,287,294,199,284,276,283,93,284,303,275,245,169,178,238,302,281,223,151,47,130,95,146,29,189,110,278,305,243,81,42,78,18,,,79,148,,,107,261,286,227,280,238,298,142,146,294,302,280,297,297,302,274,149,89,114,182,283,65,76,,88,,,104,13,11,50,9,7,7,14,251,297,59,310,24,23,207,23,153,33,67,29,24,15,310,309,114,99,95,12,47,18,29,121,307,98,49,87,286,301,42,33,,,247,191,,,107,61,229,18,95,8,6,36,1,2,258,300,18,17,17,15,39,119,10,18,133,84,286,42,,262,,,b'\x11\xe8\xe1I\xd7\xd7\xca>\x98|\x12\xdf\x17\xaeN\x1e'
11E8E149-D7D7-CA3E-987C-12DF17AE4E1E,2022-ncaa-d2-conf-NE10,ncaa,13,13,11,13,14,12,11,12,9,11,9,9,12,12,7,12,13,13,13,13,13,13,12,9,10,13,13,10,13,5,4,12,8,11,6,10,9,11,14,12,4,2,14,14,,,4,9,,,12,13,8,12,11,10,8,9,5,12,12,13,13,13,13,6,4,12,8,9,14,2,14,,8,,,12,7,2,1,10,1,1,5,14,12,14,13,7,5,9,5,13,1,2,14,14,13,14,14,7,4,8,3,4,2,6,12,14,5,4,9,13,14,6,9,,,13,13,,,12,3,11,13,12,12,8,3,1,2,14,13,9,8,8,4,7,6,6,7,13,4,14,9,,13,,,b'\x11\xe8\xe1I\xd7\xd7\xca>\x98|\x12\xdf\x17\xaeN\x1e'
11E8E149-D7D7-CA3E-987C-12DF17AE4E1E,2022-ncaa-d2-natl,ncaa,187,203,146,199,167,206,181,166,198,161,115,227,209,229,143,226,267,225,283,228,270,183,160,209,235,251,255,189,263,94,88,170,146,139,129,188,181,242,242,236,96,87,200,174,,,137,162,,,205,176,173,144,250,201,161,163,96,221,240,283,237,239,192,143,82,177,120,210,241,99,199,,146,,,201,106,74,103,89,24,65,31,279,220,293,262,115,101,254,98,168,94,123,160,176,126,299,296,154,121,146,146,88,133,129,206,282,89,60,140,226,232,225,218,,,211,248,,,205,129,241,124,199,102,67,75,12,34,281,235,126,104,99,67,121,131,156,145,210,78,237,236,,234,,,b'\x11\xe8\xe1I\xd7\xd7\xca>\x98|\x12\xdf\x17\xaeN\x1e'
11E8E149-D7D7-CA3E-987C-12DF17AE4E1E,2023-ncaa-d2-conf-NE10,ncaa,5,5,10,5,12,10,10,12,1,8,12,1,10,12,7,8,11,10,9,10,7,12,12,1,1,7,11,9,8,9,2,4,2,7,1,9,8,10,12,11,11,9,11,11,,,3,5,,,6,12,9,7,8,5,12,3,11,9,10,10,9,9,12,8,6,4,6,6,12,10,11,,5,,,6,3,1,1,5,1,1,5,8,10,7,12,6,2,13,2,8,1,1,6,6,8,11,11,8,1,2,1,2,1,1,4,10,12,10,9,11,11,1,4,,,11,7,,,6,1,7,7,6,6,4,5,1,1,10,11,6,4,4,5,3,3,1,1,6,12,11,3,,9,,,b'\x11\xe8\xe1I\xd7\xd7\xca>\x98|\x12\xdf\x17\xaeN\x1e'
11E8E149-D7D7-CA3E-987C-12DF17AE4E1E,2023-ncaa-d2-natl,ncaa,84,67,148,77,152,186,164,241,30,139,201,45,191,247,52,204,245,232,241,230,207,251,227,40,63,135,242,183,240,166,61,120,56,134,12,125,84,220,270,175,185,139,203,186,,,39,90,,,102,237,279,70,207,159,280,130,205,195,253,257,233,236,287,256,160,94,110,99,232,181,201,,50,,,99,44,50,93,55,36,71,48,162,152,182,221,31,19,256,19,49,62,58,85,83,97,226,248,84,63,56,16,61,15,12,143,249,213,179,199,217,263,33,56,,,227,195,,,102,61,127,92,98,34,47,80,25,67,181,168,40,27,28,36,24,74,5,9,150,220,229,45,,245,,,b'\x11\xe8\xe1I\xd7\xd7\xca>\x98|\x12\xdf\x17\xaeN\x1e'
11E8E149-D7D7-CA3E-987C-12DF17AE4E1E,2024-ncaa-d2-conf-NE10,ncaa,11,11,7,11,11,10,10,10,9,11,11,7,6,6,6,3,12,12,9,12,12,12,10,8,9,10,8,3,12,2,2,8,4,8,2,6,3,8,11,8,11,10,12,11,,,7,12,,,10,11,11,6,10,10,8,11,10,4,3,12,12,12,11,9,1,8,5,6,10,11,12,,8,,,10,6,7,2,11,3,2,12,8,7,10,9,3,4,3,4,9,2,2,11,10,12,7,9,3,2,4,3,2,2,2,12,12,12,10,12,8,8,4,5,,,12,12,,,10,1,10,11,11,8,9,2,7,3,9,8,6,6,6,2,2,2,3,2,12,12,9,5,,12,,,b'\x11\xe8\xe1I\xd7\xd7\xca>\x98|\x12\xdf\x17\xaeN\x1e'
11E8E149-D7D7-CA3E-987C-12DF17AE4E1E,2024-ncaa-d2-natl,ncaa,229,234,207,235,240,261,237,254,175,224,229,184,214,227,156,161,291,291,208,291,292,267,277,172,212,197,238,131,289,167,85,222,19,210,37,197,110,33,133,119,290,276,249,236,,,62,256,,,189,279,298,227,272,229,257,208,190,205,218,292,295,294,285,295,123,190,172,181,72,294,244,,105,,,182,28,46,31,203,63,46,192,74,49,218,133,23,23,64,26,70,25,15,207,177,236,85,163,49,10,19,31,85,15,37,168,278,289,274,290,16,79,123,169,,,287,273,,,189,21,164,214,192,46,94,18,103,65,103,60,30,38,41,9,1,13,43,15,222,298,36,151,,293,,,b'\x11\xe8\xe1I\xd7\xd7\xca>\x98|\x12\xdf\x17\xaeN\x1e'
11E8E149-D7D7-CA3E-987C-12DF17AE4E1E,2025-ncaa-d2-conf-NE10,genius_ncaa,3,3,6,3,7,7,10,10,5,9,9,10,6,8,2,6,7,9,3,9,7,10,9,5,5,5,2,4,6,7,4,5,2,5,2,7,6,8,10,11,6,5,11,11,,,2,6,,9,4,9,11,9,9,8,10,10,8,5,8,7,9,9,11,9,7,4,4,7,8,7,11,,3,,10,4,2,2,3,3,1,1,3,8,9,6,10,2,1,9,1,3,2,2,5,5,5,10,9,5,1,2,2,4,1,2,4,6,9,7,7,10,11,7,9,,,8,8,,8,4,3,6,5,4,3,3,4,1,1,8,9,2,2,2,3,1,2,3,2,5,9,11,8,,10,,10,b'\x11\xe8\xe1I\xd7\xd7\xca>\x98|\x12\xdf\x17\xaeN\x1e'
11E8E149-D7D7-CA3E-987C-12DF17AE4E1E,2025-ncaa-d2-natl,genius_ncaa,95,95,109,100,123,212,220,240,172,211,188,237,178,238,37,211,190,229,46,220,203,244,233,173,160,190,124,138,126,197,160,98,11,138,31,134,42,171,238,160,149,86,248,217,,,65,145,,210,106,236,295,75,273,277,296,263,234,193,266,212,246,240,295,294,216,84,161,147,163,160,258,,49,,194,108,23,31,60,48,26,42,68,141,172,94,255,21,13,273,12,30,36,45,64,64,59,214,253,62,16,11,59,160,32,31,124,262,192,119,166,184,254,129,176,,,224,170,,227,106,62,193,38,108,9,18,20,10,16,125,164,10,7,7,6,5,9,44,14,119,212,182,127,,266,,241,b'\x11\xe8\xe1I\xd7\xd7\xca>\x98|\x12\xdf\x17\xaeN\x1e'
11E8E149-D7D7-CA3E-987C-12DF17AE4E1E,2026-ncaa-d0-natl,genius_ncaa,332,295,279,332,291,337,331,322,315,332,324,270,297,275,318,100,343,343,291,343,267,327,314,309,319,335,196,140,262,196,40,318,174,295,98,257,18,226,350,276,252,124,344,323,,,48,225,,263,279,324,327,97,345,329,321,319,305,254,176,337,324,324,336,238,74,301,199,176,343,162,338,,137,,337,295,49,35,31,222,28,26,201,129,90,272,276,134,67,363,69,267,33,35,242,284,276,320,270,278,34,174,24,40,17,98,118,341,304,180,270,229,335,107,250,,,345,338,,324,279,38,328,253,304,177,117,40,79,35,262,206,252,155,176,53,23,82,49,42,260,246,326,190,,340,,301,b'\x11\xe8\xe1I\xd7\xd7\xca>\x98|\x12\xdf\x17\xaeN\x1e'
11E8E149-D7D7-CA3E-987C-12DF17AE4E1E,2026-ncaa-d1-natl,genius_ncaa,301,294,177,317,197,264,239,228,262,220,214,209,260,195,323,158,298,278,290,271,272,240,200,276,301,309,270,208,255,36,10,263,159,156,36,132,16,270,303,199,116,56,289,258,,,99,174,,292,207,266,300,100,274,238,184,208,186,252,175,298,270,268,206,131,14,268,81,89,307,82,296,,113,,313,207,89,67,69,148,51,53,144,210,176,235,277,151,104,351,112,226,72,85,187,216,168,314,286,237,77,159,50,10,50,36,159,307,178,91,168,295,315,83,101,,,282,315,,211,207,92,245,157,213,103,67,42,49,33,235,203,183,117,124,39,44,89,41,41,185,149,314,98,,289,,208,b'\x11\xe8\xe1I\xd7\xd7\xca>\x98|\x12\xdf\x17\xaeN\x1e'
11E8E149-D7DC-3EF2-987C-12DF17AE4E1E,2018-ncaa-d2-conf-SAC,ncaa,6,6,5,6,5,9,9,10,5,9,11,2,8,8,9,5,9,9,8,9,2,10,10,7,7,7,8,7,6,9,9,6,6,9,6,6,1,4,10,6,11,11,4,3,,,3,6,,,8,11,11,5,9,9,10,10,11,8,8,10,9,9,10,11,10,4,9,5,6,11,3,,4,,,8,1,1,4,1,1,6,2,4,5,3,6,5,6,4,5,6,3,1,1,2,5,9,4,7,5,6,2,9,1,6,1,1,11,9,6,6,9,1,3,,,8,3,,,8,1,8,5,8,2,1,6,1,5,3,5,5,6,6,3,1,6,4,3,1,11,7,2,,9,,,b'\x11\xe8\xe1I\xd7\xdc>\xf2\x98|\x12\xdf\x17\xaeN\x1e'
11E8E149-D7DC-3EF2-987C-12DF17AE4E1E,2018-ncaa-d2-natl,ncaa,107,112,105,114,135,190,170,205,125,173,232,59,158,118,233,85,246,244,203,235,180,212,210,126,147,158,191,141,243,223,197,103,82,154,97,84,21,137,198,86,293,301,87,93,,,71,97,,,131,209,279,222,241,207,274,201,271,176,131,265,256,255,277,282,242,102,185,75,117,304,93,,52,,,132,56,57,125,38,62,176,17,105,81,208,77,120,127,125,132,118,120,85,38,37,94,188,162,195,118,82,85,197,89,97,6,4,258,256,87,173,225,17,48,,,161,83,,,131,86,181,98,137,29,30,88,48,157,99,58,103,103,108,84,31,106,54,62,3,278,156,17,,185,,,b'\x11\xe8\xe1I\xd7\xdc>\xf2\x98|\x12\xdf\x17\xaeN\x1e'
11E8E149-D7DC-3EF2-987C-12DF17AE4E1E,2019-ncaa-d2-conf-SAC,ncaa,7,6,5,7,8,8,7,11,3,10,11,2,3,4,2,1,9,11,7,11,2,11,9,2,3,6,1,1,9,10,9,3,4,6,5,3,1,11,11,7,10,10,4,4,,,5,6,,,7,8,7,8,8,7,11,11,11,3,3,9,11,11,11,9,11,2,6,1,11,10,4,,7,,,7,5,3,8,4,6,10,4,4,6,4,4,6,6,7,5,4,9,5,4,4,5,4,3,6,8,4,2,9,3,5,2,2,10,10,7,11,11,2,4,,,8,7,,,7,4,8,5,7,4,5,8,6,10,4,7,7,8,7,10,8,8,2,3,2,10,10,2,,8,,,b'\x11\xe8\xe1I\xd7\xdc>\xf2\x98|\x12\xdf\x17\xaeN\x1e'
11E8E149-D7DC-3EF2-987C-12DF17AE4E1E,2019-ncaa-d2-natl,ncaa,110,109,118,111,128,113,133,189,64,213,269,44,47,54,45,29,154,173,107,174,59,193,138,39,39,122,31,28,200,193,135,54,135,102,67,42,5,296,295,153,296,308,46,70,,,165,111,,,126,114,101,55,94,133,232,235,285,32,42,169,181,184,234,119,203,23,72,22,291,303,42,,154,,,126,189,180,262,49,170,257,42,195,204,150,133,189,174,183,173,91,256,200,56,59,122,161,182,156,229,135,48,135,113,67,72,25,242,289,170,288,279,66,156,,,106,102,,,126,196,138,147,125,186,176,282,169,282,198,213,174,168,165,280,230,229,40,98,73,264,275,63,,90,,,b'\x11\xe8\xe1I\xd7\xdc>\xf2\x98|\x12\xdf\x17\xaeN\x1e'
11E8E149-D7DC-3EF2-987C-12DF17AE4E1E,2020-ncaa-d2-conf-SAC,ncaa,5,5,5,5,6,7,7,6,10,11,12,6,5,5,7,3,8,12,2,11,5,7,6,5,6,8,3,3,10,6,6,8,7,7,6,6,5,11,10,8,7,7,8,9,,,8,10,,,5,7,8,4,7,8,8,11,11,4,3,8,11,11,8,8,6,6,7,6,10,8,8,,9,,,5,2,4,5,5,7,8,8,1,2,1,4,8,7,12,4,5,5,5,2,4,4,1,1,10,4,7,5,6,4,6,2,2,4,3,2,8,8,4,8,,,7,6,,,5,6,8,4,5,5,5,5,9,8,1,2,7,5,4,4,5,5,5,4,2,3,8,4,,6,,,b'\x11\xe8\xe1I\xd7\xdc>\xf2\x98|\x12\xdf\x17\xaeN\x1e'
11E8E149-D7DC-3EF2-987C-12DF17AE4E1E,2020-ncaa-d2-natl,ncaa,112,124,102,119,103,165,186,130,239,233,222,207,93,51,195,47,148,171,114,162,90,139,87,209,200,231,52,62,135,65,64,121,185,83,114,157,125,294,273,239,171,202,192,223,,,248,226,,,147,101,145,5,192,215,151,255,253,87,45,154,182,176,157,82,67,129,81,177,282,183,202,,242,,,147,118,132,179,83,203,241,101,37,71,25,47,207,221,78,216,159,188,215,57,63,56,54,23,224,221,185,148,64,180,114,48,20,80,90,38,267,242,250,275,,,92,132,,,147,211,216,67,141,94,106,151,172,230,28,55,191,206,200,170,205,204,125,162,37,80,247,246,,86,,,b'\x11\xe8\xe1I\xd7\xdc>\xf2\x98|\x12\xdf\x17\xaeN\x1e'
11E8E149-D7DC-3EF2-987C-12DF17AE4E1E,2021-ncaa-d2-conf-SAC,ncaa,5,5,7,6,11,9,10,12,4,11,12,4,2,2,3,1,8,8,7,8,1,11,10,4,4,5,1,3,6,6,3,8,7,9,5,7,8,11,13,11,13,10,5,6,,,8,12,,,7,11,10,13,7,10,12,13,12,3,3,6,6,6,11,10,5,6,8,8,13,11,5,,9,,,7,4,5,4,9,6,5,7,3,2,7,4,4,7,2,8,7,4,3,7,6,7,4,3,5,4,7,3,3,3,5,4,2,10,5,5,11,13,4,6,,,4,2,,,7,3,6,7,7,5,7,5,9,6,4,2,4,7,8,5,4,5,2,2,4,10,12,3,,2,,,b'\x11\xe8\xe1I\xd7\xdc>\xf2\x98|\x12\xdf\x17\xaeN\x1e'
11E8E149-D7DC-3EF2-987C-12DF17AE4E1E,2021-ncaa-d2-natl,ncaa,72,112,82,83,97,89,100,112,96,131,134,114,35,48,26,30,82,73,124,70,16,104,95,57,55,83,8,23,90,58,45,85,125,77,57,100,118,163,170,152,128,170,86,122,,,157,176,,,81,101,152,219,103,129,166,188,210,22,46,84,85,80,145,132,66,116,84,133,157,182,111,,148,,,89,130,137,129,139,147,142,100,112,102,155,50,118,147,15,150,128,130,126,127,105,114,66,78,90,156,125,116,45,119,57,94,27,108,131,79,168,162,100,99,,,70,33,,,81,125,71,124,91,94,115,97,133,138,78,44,80,124,137,99,83,128,32,59,45,151,151,57,,54,,,b'\x11\xe8\xe1I\xd7\xdc>\xf2\x98|\x12\xdf\x17\xaeN\x1e'
11E8E149-D7DC-3EF2-987C-12DF17AE4E1E,2022-ncaa-d2-conf-SAC,ncaa,6,7,5,7,5,9,9,9,9,10,11,10,8,6,9,5,7,6,10,6,1,8,5,9,9,11,4,5,5,5,4,4,6,5,4,10,11,13,13,12,11,11,3,3,,,10,12,,,10,7,9,2,11,12,12,10,11,7,7,6,7,5,11,6,5,5,4,12,13,12,3,,12,,,10,5,4,7,5,6,9,5,2,5,3,4,10,12,1,12,11,8,5,4,5,7,4,2,12,7,6,4,4,5,4,4,4,10,11,5,12,12,11,10,,,6,5,,,10,5,10,6,10,6,6,7,9,9,3,4,12,13,13,8,6,9,6,5,4,11,12,11,,3,,,b'\x11\xe8\xe1I\xd7\xdc>\xf2\x98|\x12\xdf\x17\xaeN\x1e'
11E8E149-D7DC-3EF2-987C-12DF17AE4E1E,2022-ncaa-d2-natl,ncaa,150,203,64,177,72,155,172,133,225,199,191,196,110,68,215,67,118,115,192,105,57,129,73,208,201,254,66,87,107,63,85,59,104,53,64,217,242,297,287,280,198,244,47,58,,,265,253,,,230,81,148,43,238,256,229,263,261,125,86,159,148,142,217,105,94,52,57,262,285,239,46,,242,,,220,215,203,216,134,232,234,161,109,149,61,87,253,269,40,267,208,237,212,118,123,167,94,64,221,202,104,173,85,191,64,105,39,167,221,129,290,273,249,259,,,94,162,,,230,211,251,164,226,153,155,163,192,192,78,106,211,238,237,198,147,150,119,132,68,209,274,229,,131,,,b'\x11\xe8\xe1I\xd7\xdc>\xf2\x98|\x12\xdf\x17\xaeN\x1e'
11E8E149-D7DC-3EF2-987C-12DF17AE4E1E,2023-ncaa-d2-conf-SAC,ncaa,12,12,9,12,9,12,12,12,10,9,10,11,12,11,11,8,12,12,12,12,8,12,11,12,12,12,10,10,8,10,8,10,11,11,9,11,5,12,13,11,13,13,2,2,,,9,11,,,12,11,11,6,13,12,13,10,11,12,10,12,9,12,13,13,10,9,11,11,11,13,2,,11,,,12,4,3,3,3,3,4,5,4,4,3,4,10,12,9,11,11,4,2,4,8,12,8,6,11,8,11,3,8,3,9,1,1,12,12,8,11,11,2,3,,,10,3,,,12,3,12,12,12,8,6,8,6,8,6,6,11,11,11,9,4,10,3,7,3,12,11,2,,9,,,b'\x11\xe8\xe1I\xd7\xdc>\xf2\x98|\x12\xdf\x17\xaeN\x1e'
11E8E149-D7DC-3EF2-987C-12DF17AE4E1E,2023-ncaa-d2-natl,ncaa,222,250,110,240,135,229,222,222,196,204,206,159,217,190,231,162,208,183,234,188,146,219,176,203,209,255,198,193,140,186,165,131,242,155,192,189,122,280,284,259,276,290,8,5,,,257,265,,,264,166,211,208,274,269,284,235,240,243,216,225,201,204,286,228,211,152,194,222,265,286,6,,249,,,257,174,136,188,74,142,194,84,123,154,92,121,259,268,153,267,228,212,167,78,103,164,204,110,261,260,242,98,165,176,192,42,20,225,254,121,245,261,63,89,,,119,70,,,264,138,265,207,259,163,115,189,132,182,120,145,260,258,256,233,157,254,63,169,34,242,242,57,,119,,,b'\x11\xe8\xe1I\xd7\xdc>\xf2\x98|\x12\xdf\x17\xaeN\x1e'
11E8E149-D7DC-3EF2-987C-12DF17AE4E1E,2024-ncaa-d2-conf-SAC,ncaa,10,10,9,10,10,13,12,11,12,11,10,12,10,8,12,6,12,13,8,13,12,13,13,12,12,13,9,7,9,8,5,13,12,9,11,10,7,9,11,10,10,8,4,3,,,5,7,,,11,13,11,5,13,12,11,11,10,9,6,12,13,13,13,10,7,10,9,9,9,8,4,,8,,,11,4,3,4,3,3,5,3,5,6,3,5,9,8,13,7,9,5,4,2,4,6,6,5,8,11,12,1,5,5,11,2,4,10,7,7,7,9,2,4,,,13,10,,,11,1,13,9,11,7,7,8,8,11,6,7,10,9,9,8,9,12,2,11,6,8,9,3,,13,,,b'\x11\xe8\xe1I\xd7\xdc>\xf2\x98|\x12\xdf\x17\xaeN\x1e'
11E8E149-D7DC-3EF2-987C-12DF17AE4E1E,2024-ncaa-d2-natl,ncaa,216,247,117,228,140,177,158,155,158,154,155,139,159,134,191,131,242,227,245,236,235,170,122,157,179,227,204,139,244,110,98,170,269,151,201,135,103,278,276,214,169,210,40,46,,,235,199,,,257,126,113,119,207,173,180,165,170,168,145,262,240,250,210,110,107,196,159,136,267,176,30,,223,,,248,237,236,218,188,238,232,151,183,143,233,100,203,206,157,206,133,224,219,179,184,189,122,136,136,273,269,124,98,213,201,216,142,128,176,177,252,236,87,94,,,162,195,,,257,185,224,229,239,231,236,245,243,246,188,139,188,181,181,241,224,276,101,208,202,132,229,80,,173,,,b'\x11\xe8\xe1I\xd7\xdc>\xf2\x98|\x12\xdf\x17\xaeN\x1e'
11E8E149-D7DC-3EF2-987C-12DF17AE4E1E,2025-ncaa-d2-conf-SAC,genius_ncaa,12,12,13,12,13,13,13,13,13,12,11,12,12,12,12,8,13,13,13,13,12,13,13,13,13,13,11,8,12,10,6,12,11,12,8,11,5,12,13,12,13,13,6,1,,,5,10,,8,13,13,11,3,13,13,12,11,10,12,12,13,13,13,12,10,8,11,8,9,13,13,2,,9,,11,13,1,1,1,4,2,2,5,7,6,6,10,7,6,4,6,9,1,1,4,5,8,8,10,8,8,11,2,6,3,8,2,4,12,9,7,12,13,1,2,,,13,9,,9,13,1,13,8,13,9,7,8,6,6,9,9,7,7,7,8,5,12,6,7,5,10,13,2,,10,,8,b'\x11\xe8\xe1I\xd7\xdc>\xf2\x98|\x12\xdf\x17\xaeN\x1e'
11E8E149-D7DC-3EF2-987C-12DF17AE4E1E,2025-ncaa-d2-natl,genius_ncaa,243,271,162,258,176,259,225,211,223,188,172,209,242,215,270,179,285,265,287,262,270,230,181,239,267,284,270,198,265,159,151,172,239,169,194,181,90,271,284,242,236,253,63,50,,,188,206,,153,278,193,203,103,288,260,252,202,167,256,221,291,271,271,273,184,146,157,165,183,271,239,53,,203,,163,272,156,149,171,145,151,160,167,153,174,125,170,165,176,115,180,176,165,143,147,140,176,142,149,163,247,239,126,151,172,194,142,125,205,216,189,290,293,62,64,,,242,240,,219,278,117,280,201,273,170,181,205,183,183,175,188,179,178,185,210,175,253,138,191,159,206,287,53,,260,,223,b'\x11\xe8\xe1I\xd7\xdc>\xf2\x98|\x12\xdf\x17\xaeN\x1e'
11E8E149-D7DC-3EF2-987C-12DF17AE4E1E,2026-ncaa-d2-conf-SAC,genius_ncaa,11,11,1,11,3,9,9,7,11,7,2,12,9,11,5,10,10,10,12,9,11,8,8,11,12,11,10,9,12,5,9,9,9,9,10,11,11,10,10,10,5,5,4,4,,,12,12,,11,10,8,10,3,11,11,9,9,4,10,11,12,11,10,10,9,6,11,10,11,10,6,4,,12,,10,10,5,4,3,3,5,4,5,1,3,1,3,11,12,7,12,11,5,6,3,5,4,8,1,12,6,9,8,9,8,10,4,4,3,5,4,4,6,3,3,,,10,11,,3,10,4,11,5,10,4,2,1,4,4,1,3,11,12,12,4,5,6,7,7,3,5,3,3,,11,,3,b'\x11\xe8\xe1I\xd7\xdc>\xf2\x98|\x12\xdf\x17\xaeN\x1e'
11E8E149-D7DC-3EF2-987C-12DF17AE4E1E,2026-ncaa-d2-natl,genius_ncaa,65,98,59,100,84,135,116,107,172,105,78,185,161,165,164,197,206,165,269,166,237,111,116,184,212,189,232,179,249,123,190,79,126,96,169,197,264,169,136,206,98,118,101,128,,,226,227,,183,144,121,202,88,217,170,163,140,111,194,210,258,219,216,181,207,175,102,134,246,114,132,121,,198,,174,144,146,138,160,76,152,189,76,103,127,94,85,211,221,138,218,197,173,179,64,83,74,142,85,232,182,126,219,190,209,169,65,29,81,89,35,130,96,92,59,,,120,147,,84,144,177,200,83,147,68,60,64,89,132,61,63,180,188,183,80,103,148,192,176,20,104,86,58,,186,,110,b'\x11\xe8\xe1I\xd7\xdc>\xf2\x98|\x12\xdf\x17\xaeN\x1e'
11E8E149-D7E0-A06E-987C-12DF17AE4E1E,2018-ncaa-d2-conf-Heartland,ncaa,4,4,5,4,5,4,5,7,3,6,6,3,6,5,5,6,1,1,3,1,1,5,6,3,2,2,1,6,1,8,8,3,3,6,6,7,6,1,2,3,6,6,5,5,,,5,5,,,3,4,2,1,4,4,6,6,5,6,5,1,1,1,3,4,8,3,5,7,2,6,4,,5,,,3,4,3,5,3,5,5,4,3,4,2,4,5,5,1,5,4,4,5,3,2,4,4,2,5,3,3,5,8,5,6,4,4,6,6,5,2,2,4,5,,,1,1,,,3,5,3,4,3,5,4,7,6,7,3,4,5,6,6,6,7,4,6,6,5,5,2,4,,1,,,b'\x11\xe8\xe1I\xd7\xe0\xa0n\x98|\x12\xdf\x17\xaeN\x1e'
11E8E149-D7E0-A06E-987C-12DF17AE4E1E,2018-ncaa-d2-natl,ncaa,161,112,276,141,278,218,258,290,146,254,269,142,211,231,156,163,82,115,42,117,18,271,288,151,99,89,75,184,10,287,273,223,64,272,184,262,218,15,74,153,254,214,234,208,,,97,243,,,113,279,172,52,119,192,240,188,207,168,175,11,40,37,186,220,278,78,201,226,57,221,209,,223,,,111,29,25,24,129,44,45,148,35,48,71,108,126,160,52,152,239,29,25,118,118,143,154,82,240,28,64,50,273,29,184,30,157,258,196,166,9,36,131,223,,,140,4,,,113,31,123,127,109,130,118,121,141,143,94,118,219,245,242,152,126,80,192,129,122,201,30,197,,17,,,b'\x11\xe8\xe1I\xd7\xe0\xa0n\x98|\x12\xdf\x17\xaeN\x1e'
11E8E149-D7E0-A06E-987C-12DF17AE4E1E,2019-ncaa-d2-conf-Heartland,ncaa,2,2,1,2,1,3,3,2,5,5,6,3,2,1,4,1,2,2,4,2,2,2,1,4,3,3,1,2,4,5,7,4,6,5,7,3,4,6,4,5,3,3,5,5,,,4,3,,,2,1,3,4,3,6,4,7,8,2,1,3,4,4,4,6,7,7,7,4,3,3,6,,3,,,2,6,6,7,6,6,5,6,6,5,7,4,4,4,2,4,3,6,7,6,6,3,3,5,3,6,6,8,7,8,7,5,5,1,1,3,2,2,3,5,,,2,3,,,2,8,3,4,2,5,6,3,5,3,4,3,4,4,4,3,6,4,5,5,5,1,2,3,,3,,,b'\x11\xe8\xe1I\xd7\xe0\xa0n\x98|\x12\xdf\x17\xaeN\x1e'
11E8E149-D7E0-A06E-987C-12DF17AE4E1E,2019-ncaa-d2-natl,ncaa,110,74,227,96,247,202,223,248,163,270,295,105,79,72,131,20,177,196,112,205,30,249,259,102,93,94,22,34,136,263,259,263,127,274,231,180,111,56,144,127,224,178,178,122,,,60,137,,,131,252,215,147,157,206,230,274,294,48,32,136,151,161,223,246,261,252,278,160,108,202,157,,103,,,131,56,60,35,221,69,32,234,127,109,203,225,115,120,128,118,225,35,46,233,233,198,208,212,182,50,127,93,259,59,231,98,171,154,71,116,16,48,53,185,,,204,78,,,131,52,121,171,138,129,118,45,105,43,192,155,167,175,172,54,69,76,172,126,141,106,36,79,,147,,,b'\x11\xe8\xe1I\xd7\xe0\xa0n\x98|\x12\xdf\x17\xaeN\x1e'
11E8E149-D7E0-A06E-987C-12DF17AE4E1E,2020-ncaa-d2-conf-Mid-America Intercollegiate,ncaa,11,9,12,11,12,12,11,14,9,13,13,10,4,9,3,3,11,12,4,12,7,14,14,8,7,9,3,3,10,13,12,12,6,12,9,10,3,9,12,9,9,8,5,4,,,1,1,,,10,14,12,2,9,10,13,13,12,3,4,11,12,12,13,12,13,6,12,9,11,8,4,,1,,,10,3,5,5,8,4,3,9,8,10,9,12,2,2,7,2,5,3,1,8,7,11,9,12,2,5,6,2,12,1,9,12,13,14,13,13,9,13,1,1,,,13,10,,,10,1,9,11,10,11,10,12,9,8,12,12,5,3,3,9,7,6,6,9,13,13,11,1,,11,,,b'\x11\xe8\xe1I\xd7\xe0\xa0n\x98|\x12\xdf\x17\xaeN\x1e'
11E8E149-D7E0-A06E-987C-12DF17AE4E1E,2020-ncaa-d2-natl,ncaa,211,203,223,214,230,240,252,281,148,280,295,167,112,141,64,51,237,258,97,257,118,277,285,113,121,134,37,40,174,294,294,238,80,282,209,210,103,74,180,139,208,151,142,97,,,20,41,,,196,273,290,69,226,244,287,283,293,83,111,226,252,251,292,298,299,215,288,187,102,190,131,,12,,,195,77,101,65,182,62,35,203,251,222,227,296,39,26,278,25,93,45,28,215,210,240,254,294,57,32,80,84,294,49,209,265,305,275,233,299,91,197,7,23,,,278,207,,,196,35,182,219,205,131,141,117,91,36,271,268,45,29,30,68,27,41,122,78,285,273,139,5,,287,,,b'\x11\xe8\xe1I\xd7\xe0\xa0n\x98|\x12\xdf\x17\xaeN\x1e'
11E8E149-D7E0-A06E-987C-12DF17AE4E1E,2021-ncaa-d2-conf-Mid-America Intercollegiate,ncaa,13,13,9,13,12,13,13,13,12,13,13,13,9,8,13,3,12,12,6,12,11,13,13,13,13,13,4,4,6,13,13,10,11,12,12,13,6,6,11,12,10,8,11,8,,,2,2,,,13,13,11,7,13,13,12,13,13,7,4,12,12,12,13,12,13,10,12,12,9,9,9,,4,,,13,3,4,2,8,1,2,6,13,11,13,12,1,1,3,1,7,2,2,10,7,8,13,14,3,8,11,7,13,10,12,13,14,10,8,14,8,12,1,1,,,11,9,,,13,2,14,8,13,6,8,6,1,2,13,12,4,4,4,6,6,10,10,11,13,9,11,1,,10,,,b'\x11\xe8\xe1I\xd7\xe0\xa0n\x98|\x12\xdf\x17\xaeN\x1e'
11E8E149-D7E0-A06E-987C-12DF17AE4E1E,2021-ncaa-d2-natl,ncaa,175,216,47,193,58,118,114,93,183,121,108,172,93,63,175,64,107,117,66,113,142,96,93,183,181,181,77,79,100,125,204,63,137,88,188,115,107,157,156,160,78,118,61,72,,,127,62,,,205,87,211,121,207,206,204,209,198,147,107,191,199,198,215,218,202,152,196,187,74,145,101,,33,,,186,151,152,157,98,124,131,84,214,202,192,209,120,126,80,125,109,153,149,142,126,146,205,218,51,176,137,179,204,186,188,209,222,94,148,209,160,140,68,40,,,89,119,,,205,143,194,156,193,80,76,72,33,26,197,184,47,55,53,50,28,121,143,139,198,182,102,16,,199,,,b'\x11\xe8\xe1I\xd7\xe0\xa0n\x98|\x12\xdf\x17\xaeN\x1e'
11E8E149-D7E0-A06E-987C-12DF17AE4E1E,2022-ncaa-d2-conf-Mid-America Intercollegiate,ncaa,13,13,11,13,13,14,14,14,13,14,13,14,14,14,4,10,14,14,6,14,14,14,14,13,13,14,9,6,10,14,13,11,11,12,10,10,1,14,14,13,12,11,14,14,,,5,12,,,13,14,12,10,14,14,14,14,12,12,13,14,14,14,14,12,14,11,12,9,14,11,14,,10,,,13,6,6,2,10,1,1,10,14,14,12,14,2,2,8,2,12,2,2,12,12,13,14,14,3,4,11,2,13,2,10,13,13,12,12,14,14,14,6,8,,,14,11,,,13,1,14,13,13,8,9,4,5,1,14,14,5,4,4,4,3,7,6,8,13,11,14,6,,14,,,b'\x11\xe8\xe1I\xd7\xe0\xa0n\x98|\x12\xdf\x17\xaeN\x1e'
11E8E149-D7E0-A06E-987C-12DF17AE4E1E,2022-ncaa-d2-natl,ncaa,290,295,146,292,179,270,265,256,234,256,228,254,241,246,166,192,266,274,105,272,259,263,249,235,230,263,167,159,189,264,260,196,87,236,192,167,16,210,281,207,282,282,262,248,,,117,220,,,289,234,289,224,293,290,297,277,252,249,265,282,286,285,300,295,278,227,275,178,218,289,275,,127,,,288,203,181,104,266,96,32,270,292,265,283,294,122,100,282,101,214,96,60,286,291,294,287,293,87,52,87,97,260,70,192,271,290,284,286,299,266,287,68,116,,,236,153,,,289,69,273,288,291,227,201,78,78,12,292,283,137,103,110,69,16,54,94,62,277,293,258,65,,270,,,b'\x11\xe8\xe1I\xd7\xe0\xa0n\x98|\x12\xdf\x17\xaeN\x1e'
11E8E149-D7E0-A06E-987C-12DF17AE4E1E,2023-ncaa-d2-conf-Mid-America Intercollegiate,ncaa,10,10,8,11,8,11,11,11,9,14,14,12,4,6,3,4,14,13,12,13,11,11,9,7,8,11,1,1,11,14,14,6,7,9,9,8,3,14,14,11,12,13,13,13,,,13,13,,,13,7,5,1,11,11,12,14,14,3,6,14,14,14,13,9,14,4,7,8,14,9,13,,13,,,13,12,12,11,11,11,7,11,12,12,10,13,11,12,6,11,10,11,8,12,11,13,11,11,6,7,7,10,14,10,9,12,11,14,14,14,14,14,8,12,,,9,8,,,13,8,13,12,13,12,12,13,10,10,12,13,10,12,10,13,11,8,11,10,12,14,14,9,,8,,,b'\x11\xe8\xe1I\xd7\xe0\xa0n\x98|\x12\xdf\x17\xaeN\x1e'
11E8E149-D7E0-A06E-987C-12DF17AE4E1E,2023-ncaa-d2-natl,ncaa,222,226,197,231,199,230,230,239,194,265,262,232,102,136,48,71,235,230,210,230,141,247,221,143,155,213,42,37,182,275,271,133,123,203,203,159,48,230,274,210,258,268,256,259,,,219,262,,,282,192,127,8,232,237,252,272,257,74,104,219,209,210,257,177,268,59,179,133,257,256,254,,258,,,279,220,202,169,220,165,112,234,249,236,214,240,191,180,182,169,206,169,105,239,239,281,232,230,151,129,123,141,271,133,203,241,239,276,288,290,249,278,191,268,,,186,104,,,282,109,248,280,280,276,262,265,230,164,270,277,238,225,215,270,198,161,206,194,275,277,268,221,,137,,,b'\x11\xe8\xe1I\xd7\xe0\xa0n\x98|\x12\xdf\x17\xaeN\x1e'
11E8E149-D7E0-A06E-987C-12DF17AE4E1E,2024-ncaa-d2-conf-Mid-America Intercollegiate,ncaa,14,14,11,14,11,14,14,13,14,14,14,14,9,5,11,2,14,14,6,14,11,14,14,14,14,14,2,2,6,14,14,11,12,13,14,13,3,14,14,14,13,13,4,2,,,9,8,,,14,11,2,9,14,14,12,14,14,8,2,13,14,14,14,10,14,6,13,12,14,12,2,,11,,,14,14,13,10,13,13,9,13,11,9,13,8,14,14,9,14,12,12,8,13,13,14,10,7,9,13,12,14,14,14,14,13,9,14,14,14,14,14,6,10,,,13,11,,,14,6,14,14,14,14,14,13,14,12,14,10,14,14,14,14,14,14,14,14,14,12,14,7,,11,,,b'\x11\xe8\xe1I\xd7\xe0\xa0n\x98|\x12\xdf\x17\xaeN\x1e'
11E8E149-D7E0-A06E-987C-12DF17AE4E1E,2024-ncaa-d2-natl,ncaa,290,296,172,294,201,270,281,222,296,289,258,297,165,94,266,48,201,197,171,203,84,222,197,295,293,294,12,47,36,271,293,140,167,216,286,258,98,236,255,276,245,266,46,39,,,242,249,,,299,146,76,227,293,296,230,297,274,160,68,194,175,188,235,175,275,111,225,272,239,248,32,,263,,,298,280,258,186,270,241,158,275,255,222,264,171,292,291,175,290,290,234,167,279,286,297,238,170,251,182,167,290,293,271,286,247,173,268,287,288,269,279,114,186,,,177,130,,,299,161,296,294,297,295,279,251,262,197,259,235,296,297,297,277,214,193,295,288,257,275,270,116,,155,,,b'\x11\xe8\xe1I\xd7\xe0\xa0n\x98|\x12\xdf\x17\xaeN\x1e'
11E8E149-D7E0-A06E-987C-12DF17AE4E1E,2025-ncaa-d2-conf-Mid-America Intercollegiate,genius_ncaa,13,13,7,13,7,13,14,8,14,14,12,14,6,2,13,2,14,14,7,14,14,11,10,14,14,14,2,2,12,13,14,7,13,10,14,14,9,10,12,13,13,13,2,3,,,14,14,,3,14,9,11,7,14,14,10,14,13,8,2,14,14,14,14,13,13,7,12,14,10,13,1,,14,,2,14,13,10,10,7,13,12,6,2,2,4,2,14,14,5,14,12,11,7,3,5,14,3,2,14,13,13,13,14,13,14,9,8,13,14,14,10,11,3,6,,,14,14,,6,14,6,13,14,14,13,11,9,14,13,2,2,14,14,14,13,8,14,14,14,9,13,7,3,,14,,5,b'\x11\xe8\xe1I\xd7\xe0\xa0n\x98|\x12\xdf\x17\xaeN\x1e'
11E8E149-D7E0-A06E-987C-12DF17AE4E1E,2025-ncaa-d2-natl,genius_ncaa,261,271,207,270,220,267,267,213,286,288,278,275,114,77,220,20,272,281,106,282,239,241,259,270,274,238,30,24,224,281,292,165,144,234,271,264,212,36,103,198,293,299,30,27,,,212,282,,12,288,244,221,193,282,289,182,299,273,86,39,276,285,284,240,268,282,103,229,274,57,298,14,,246,,6,285,187,147,113,213,210,188,194,53,44,136,34,282,280,151,281,267,158,61,179,204,291,101,38,275,126,144,256,292,214,271,89,71,294,301,295,55,114,41,91,,,279,272,,201,288,55,262,293,289,244,212,192,250,258,67,57,291,289,290,260,95,168,290,267,136,300,70,45,,290,,190,b'\x11\xe8\xe1I\xd7\xe0\xa0n\x98|\x12\xdf\x17\xaeN\x1e'
11E8E149-D7E0-A06E-987C-12DF17AE4E1E,2026-ncaa-d2-conf-Mid-America Intercollegiate,genius_ncaa,6,6,3,6,7,12,10,11,9,11,11,10,2,4,4,3,12,12,4,12,10,14,13,7,7,7,4,3,9,13,13,11,7,13,9,2,1,7,9,2,12,12,8,9,,,2,2,,6,9,10,3,5,10,9,11,11,11,2,3,11,11,11,13,13,13,10,13,1,8,12,8,,2,,6,9,8,5,7,8,5,7,5,10,8,12,9,9,11,6,9,9,8,8,9,10,10,10,10,10,5,7,8,13,7,9,11,13,8,8,13,6,8,5,6,,,11,9,,3,9,9,8,8,9,8,5,8,5,7,11,10,10,12,10,9,9,5,9,7,12,7,7,5,,10,,2,b'\x11\xe8\xe1I\xd7\xe0\xa0n\x98|\x12\xdf\x17\xaeN\x1e'
11E8E149-D7E0-A06E-987C-12DF17AE4E1E,2026-ncaa-d2-natl,genius_ncaa,157,144,141,167,170,206,215,209,177,224,233,136,151,149,167,87,133,148,121,145,49,209,218,149,136,131,74,120,75,287,293,187,82,247,251,161,78,75,118,113,259,268,203,230,,,170,233,,60,224,178,121,88,198,224,245,230,261,132,120,103,121,115,236,263,294,173,281,150,84,259,199,,214,,65,223,162,152,117,214,177,170,163,95,66,205,36,218,252,66,251,247,139,116,198,196,241,116,69,227,70,82,156,293,128,251,113,69,228,253,197,76,136,38,67,,,88,12,,68,224,131,201,207,217,211,188,145,215,226,103,44,260,277,276,196,134,63,205,145,115,248,99,40,,32,,57,b'\x11\xe8\xe1I\xd7\xe0\xa0n\x98|\x12\xdf\x17\xaeN\x1e'
11E8E149-D7E4-EDD6-987C-12DF17AE4E1E,2018-ncaa-d2-conf-Gulf South,ncaa,2,2,5,2,5,2,2,2,2,1,3,2,4,4,6,9,2,2,3,2,4,2,2,3,2,2,9,9,7,6,7,3,5,4,5,1,3,10,2,2,3,6,2,4,,,9,6,,,1,2,2,5,1,1,1,1,5,7,6,2,3,3,1,2,7,1,2,1,5,4,3,,8,,,1,5,5,11,3,12,14,3,1,2,1,1,5,9,1,9,5,12,12,2,1,1,1,1,5,9,5,11,7,11,5,1,1,1,4,1,5,2,9,6,,,3,6,,,1,12,2,1,1,4,5,14,9,14,1,3,5,8,8,12,12,9,9,9,1,3,4,7,,3,,,b'\x11\xe8\xe1I\xd7\xe4\xed\xd6\x98|\x12\xdf\x17\xaeN\x1e'
11E8E149-D7E4-EDD6-987C-12DF17AE4E1E,2018-ncaa-d2-natl,ncaa,35,18,105,26,132,38,44,81,22,36,97,11,101,96,145,153,31,33,172,31,41,63,76,32,29,24,201,205,120,160,183,35,24,66,58,27,36,137,65,31,57,71,83,114,,,160,86,,,8,50,30,191,8,17,50,18,104,107,95,24,24,22,28,48,176,12,47,12,117,56,89,,149,,,4,62,86,204,23,161,256,35,26,75,10,40,109,173,15,181,103,208,224,11,7,6,30,33,177,107,24,193,183,167,58,4,3,48,64,2,91,52,77,60,,,47,77,,,8,239,41,2,8,41,65,195,138,257,17,54,95,161,171,192,233,88,173,124,2,52,77,72,,32,,,b'\x11\xe8\xe1I\xd7\xe4\xed\xd6\x98|\x12\xdf\x17\xaeN\x1e'
11E8E149-D7E4-EDD6-987C-12DF17AE4E1E,2019-ncaa-d0-natl,ncaa,136,45,335,87,335,253,258,328,72,260,327,34,206,198,202,109,204,231,105,232,60,325,325,69,67,111,140,172,122,333,312,316,176,342,265,150,32,156,274,141,203,131,166,128,,,51,138,,,97,307,53,16,91,111,206,132,255,121,103,77,114,113,179,112,311,197,282,39,285,101,92,,215,,,86,7,23,18,182,95,79,198,4,9,15,27,50,55,123,53,116,12,34,105,98,30,9,14,190,38,176,33,312,28,265,9,49,83,16,9,122,244,58,194,,,248,78,,,97,44,171,28,87,121,171,160,277,287,13,30,156,172,169,150,299,171,224,215,83,12,260,151,,56,,,b'\x11\xe8\xe1I\xd7\xe4\xed\xd6\x98|\x12\xdf\x17\xaeN\x1e'
11E8E149-D7E4-EDD6-987C-12DF17AE4E1E,2019-ncaa-d1-conf-ASUN,ncaa,4,3,5,4,5,4,4,6,4,6,5,3,4,3,6,4,3,2,4,3,3,5,6,3,3,3,5,5,4,7,8,6,5,6,7,3,2,4,4,4,5,6,6,6,,,2,2,,,2,5,1,1,2,2,5,5,5,4,3,1,1,1,3,2,7,5,6,3,4,4,3,,4,,,2,3,5,4,6,8,9,6,2,2,2,1,4,4,3,3,2,4,5,4,4,2,1,1,4,4,5,6,8,6,7,2,2,2,2,2,4,4,4,6,,,2,2,,,2,5,5,2,2,4,5,6,8,9,2,2,3,5,3,6,8,5,7,6,3,2,4,6,,1,,,b'\x11\xe8\xe1I\xd7\xe4\xed\xd6\x98|\x12\xdf\x17\xaeN\x1e'
11E8E149-D7E4-EDD6-987C-12DF17AE4E1E,2019-ncaa-d1-natl,ncaa,93,44,233,61,235,130,137,257,38,146,278,25,140,139,148,120,117,123,165,122,45,242,208,48,46,85,160,177,138,314,301,191,191,265,240,62,22,265,275,112,126,128,84,109,,,114,93,,,53,154,52,20,74,85,212,104,252,119,118,70,79,81,173,107,306,111,233,26,289,99,65,,171,,,42,38,77,123,86,179,239,98,12,22,14,27,90,106,97,105,80,113,202,45,44,15,10,17,178,197,191,103,301,134,240,24,39,42,25,9,250,262,80,139,,,101,54,,,53,199,132,14,47,88,136,206,244,314,15,39,133,145,145,191,310,251,186,223,54,20,277,106,,32,,,b'\x11\xe8\xe1I\xd7\xe4\xed\xd6\x98|\x12\xdf\x17\xaeN\x1e'
11E8E149-D7E4-EDD6-987C-12DF17AE4E1E,2020-ncaa-d0-natl,ncaa,81,55,260,68,274,77,101,246,21,201,328,6,29,41,52,30,106,184,32,195,35,245,251,12,10,19,44,46,184,337,322,162,118,272,206,22,9,168,201,47,223,222,64,70,,,183,211,,,42,182,46,97,22,46,181,163,320,14,21,70,134,143,183,151,331,76,243,12,212,197,44,,253,,,36,100,88,109,104,197,221,127,17,43,14,43,276,235,333,235,208,129,159,60,99,80,66,14,316,103,118,105,322,90,206,33,28,129,105,35,103,134,13,59,,,158,85,,,42,170,47,68,39,171,148,206,251,298,20,54,304,268,268,240,289,162,174,171,52,78,146,18,,87,,,b'\x11\xe8\xe1I\xd7\xe4\xed\xd6\x98|\x12\xdf\x17\xaeN\x1e'
11E8E149-D7E4-EDD6-987C-12DF17AE4E1E,2020-ncaa-d1-conf-ASUN,ncaa,3,3,1,3,2,3,3,5,3,4,6,1,2,2,5,3,2,3,1,3,2,4,4,2,1,2,3,3,5,7,8,2,6,6,8,1,1,7,6,2,3,3,1,2,,,4,3,,,2,1,4,3,4,5,6,5,6,2,3,2,3,4,5,5,8,2,6,1,6,3,1,,3,,,2,4,7,8,3,9,9,4,1,2,1,2,5,4,9,4,2,9,9,1,2,2,1,1,6,9,6,6,8,9,8,2,1,2,3,2,7,5,1,1,,,2,3,,,2,8,4,2,2,4,6,7,8,9,1,2,3,3,3,8,9,9,6,8,2,3,5,1,,3,,,b'\x11\xe8\xe1I\xd7\xe4\xed\xd6\x98|\x12\xdf\x17\xaeN\x1e'
11E8E149-D7E4-EDD6-987C-12DF17AE4E1E,2020-ncaa-d1-natl,ncaa,60,55,128,62,168,20,32,155,12,113,305,6,15,21,36,32,78,125,55,134,38,150,139,8,7,12,48,47,226,317,290,80,103,207,163,11,10,210,187,31,140,163,61,77,,,246,194,,,15,59,35,110,17,18,142,110,309,11,17,72,122,131,127,113,318,53,202,7,210,137,52,,245,,,15,116,106,186,70,217,281,92,13,50,7,37,295,264,314,260,198,195,274,41,65,36,62,11,320,156,103,137,290,136,163,27,21,49,68,17,148,134,14,50,,,94,106,,,15,294,29,33,17,123,112,195,223,298,11,50,296,264,263,223,295,162,133,144,34,46,164,17,,89,,,b'\x11\xe8\xe1I\xd7\xe4\xed\xd6\x98|\x12\xdf\x17\xaeN\x1e'
11E8E149-D7E4-EDD6-987C-12DF17AE4E1E,2021-ncaa-d0-natl,ncaa,225,318,59,277,80,68,90,91,119,137,190,56,34,24,143,28,51,55,131,56,21,82,65,80,74,107,38,42,115,185,285,99,239,131,291,60,68,315,241,148,122,231,103,206,,,299,207,,,298,47,27,224,100,133,182,242,311,43,25,76,86,94,161,102,277,211,268,75,260,196,155,,257,,,273,333,331,299,329,331,314,310,272,227,304,74,319,316,166,315,195,306,299,322,324,331,84,94,152,290,239,301,285,300,291,309,109,103,242,263,284,204,170,181,,,102,222,,,298,300,149,324,263,332,331,280,340,308,209,131,281,277,277,311,310,232,242,262,274,193,222,103,,183,,,b'\x11\xe8\xe1I\xd7\xe4\xed\xd6\x98|\x12\xdf\x17\xaeN\x1e'
11E8E149-D7E4-EDD6-987C-12DF17AE4E1E,2021-ncaa-d1-conf-ASUN,ncaa,6,5,6,6,8,5,5,8,4,9,9,4,3,4,3,3,2,2,2,2,1,7,6,4,3,4,1,3,3,5,5,7,6,7,5,4,1,8,9,4,7,6,4,4,,,2,2,,,5,7,2,7,4,4,8,8,8,3,3,2,1,2,7,5,5,6,8,4,8,5,3,,4,,,5,6,7,5,8,8,8,6,4,2,9,2,5,5,9,5,2,4,3,8,8,8,4,3,5,7,6,2,5,2,5,3,2,6,6,5,6,7,3,4,,,6,5,,,5,4,4,9,5,8,8,8,8,9,4,2,6,5,5,7,7,7,3,4,4,5,7,2,,5,,,b'\x11\xe8\xe1I\xd7\xe4\xed\xd6\x98|\x12\xdf\x17\xaeN\x1e'
11E8E149-D7E4-EDD6-987C-12DF17AE4E1E,2021-ncaa-d1-natl,ncaa,230,317,70,282,93,78,100,104,124,152,209,62,38,28,147,28,58,64,131,65,20,95,77,82,76,112,38,42,108,199,289,114,247,143,297,63,68,308,245,151,138,237,109,211,,,291,214,,,301,55,30,225,101,143,185,250,313,46,25,76,86,95,165,105,284,213,274,77,265,204,158,,258,,,283,331,328,295,330,329,308,311,267,217,306,74,309,308,169,307,197,303,289,324,326,331,80,92,154,281,247,291,289,295,297,306,110,120,251,270,276,209,162,184,,,118,222,,,301,294,153,328,271,334,332,282,340,312,214,129,285,284,282,312,308,237,242,265,276,199,229,105,,185,,,b'\x11\xe8\xe1I\xd7\xe4\xed\xd6\x98|\x12\xdf\x17\xaeN\x1e'
11E8E149-D7E4-EDD6-987C-12DF17AE4E1E,2022-ncaa-d0-natl,ncaa,254,180,319,236,319,265,297,324,173,349,355,111,45,50,60,4,262,293,73,296,19,323,338,63,55,77,1,4,199,350,345,295,268,337,332,188,25,32,182,103,329,316,125,133,,,60,156,,,251,317,137,18,124,201,240,347,353,9,6,168,207,216,240,250,346,158,311,66,157,293,67,,215,,,258,111,159,92,292,250,211,244,14,7,210,10,130,124,205,126,113,83,57,229,236,288,15,14,175,145,268,108,345,108,332,31,11,326,306,228,36,155,83,333,,,303,132,,,251,47,147,308,238,311,329,311,349,350,61,41,249,258,259,313,290,288,301,310,141,277,133,173,,180,,,b'\x11\xe8\xe1I\xd7\xe4\xed\xd6\x98|\x12\xdf\x17\xaeN\x1e'
11E8E149-D7E4-EDD6-987C-12DF17AE4E1E,2022-ncaa-d1-conf-ASUN,ncaa,6,5,8,6,8,6,7,9,5,11,12,4,2,2,1,2,5,8,3,8,2,9,10,3,3,3,2,2,6,11,10,6,11,9,11,3,3,3,3,3,10,10,2,5,,,1,2,,,5,8,8,2,4,6,6,11,11,2,2,4,7,8,7,9,11,4,7,3,3,10,1,,3,,,5,8,8,10,4,10,12,3,2,2,6,2,7,5,9,6,2,11,5,3,4,7,3,2,8,11,11,6,10,11,11,3,4,12,12,10,5,7,4,9,,,8,7,,,5,5,4,7,5,10,11,12,12,12,3,2,9,8,8,12,11,11,8,11,5,11,7,4,,7,,,b'\x11\xe8\xe1I\xd7\xe4\xed\xd6\x98|\x12\xdf\x17\xaeN\x1e'
11E8E149-D7E4-EDD6-987C-12DF17AE4E1E,2022-ncaa-d1-natl,ncaa,219,209,213,225,218,143,194,229,124,324,351,68,12,14,50,3,195,239,59,241,22,238,240,41,35,65,1,3,222,328,335,181,235,263,298,91,24,173,209,104,264,284,65,98,,,186,169,,,198,190,102,24,92,161,215,343,353,5,5,164,214,222,228,200,332,124,265,41,206,253,47,,231,,,198,223,256,216,243,313,296,216,40,40,121,14,230,236,167,237,135,217,194,187,183,237,22,15,199,249,235,220,335,232,298,77,9,240,267,155,153,200,106,307,,,203,151,,,198,181,113,250,181,285,307,295,341,346,49,48,251,264,267,309,298,277,272,284,106,221,185,118,,168,,,b'\x11\xe8\xe1I\xd7\xe4\xed\xd6\x98|\x12\xdf\x17\xaeN\x1e'
11E8E149-D7E4-EDD6-987C-12DF17AE4E1E,2023-ncaa-d0-natl,ncaa,223,160,326,204,338,281,272,302,216,342,356,164,51,48,113,5,353,356,155,360,314,330,345,133,156,137,14,4,353,346,346,314,334,339,351,190,61,18,101,82,316,294,49,30,,,97,205,,,191,336,215,182,191,186,141,330,344,13,10,352,355,355,241,290,335,241,315,112,74,276,18,,225,,,195,39,49,50,183,147,167,154,7,8,81,9,154,197,44,193,205,59,47,118,119,138,25,14,261,255,334,175,346,211,351,21,43,270,196,104,16,107,192,345,,,350,323,,,191,26,171,210,192,184,208,194,297,329,18,27,260,281,280,248,239,336,331,338,75,188,73,266,,338,,,b'\x11\xe8\xe1I\xd7\xe4\xed\xd6\x98|\x12\xdf\x17\xaeN\x1e'
11E8E149-D7E4-EDD6-987C-12DF17AE4E1E,2023-ncaa-d1-conf-ASUN,ncaa,7,6,6,7,7,6,6,5,10,12,13,7,2,2,6,2,12,12,4,14,11,9,10,6,6,7,2,2,12,10,14,9,14,9,13,4,4,6,6,4,7,9,2,2,,,9,10,,,5,8,6,6,6,6,6,14,13,2,2,12,13,14,9,9,11,11,11,4,7,8,2,,11,,,5,6,4,9,4,8,11,4,3,4,3,3,10,10,3,10,8,9,9,3,3,3,3,2,11,14,14,12,14,14,13,5,6,6,7,4,4,3,13,14,,,11,12,,,5,6,7,4,5,4,4,7,8,14,3,3,11,12,12,8,10,14,11,13,5,5,3,11,,12,,,b'\x11\xe8\xe1I\xd7\xe4\xed\xd6\x98|\x12\xdf\x17\xaeN\x1e'
11E8E149-D7E4-EDD6-987C-12DF17AE4E1E,2023-ncaa-d1-natl,ncaa,185,160,219,179,266,196,202,174,213,323,343,162,22,16,93,5,344,350,106,352,304,243,287,114,143,119,13,4,353,317,335,213,321,278,337,120,52,36,91,61,281,301,23,30,,,189,214,,,167,257,180,201,150,158,98,320,340,7,6,344,352,353,197,254,310,169,260,79,73,272,15,,249,,,167,116,114,156,134,219,283,98,25,26,110,11,251,273,70,270,216,181,159,77,90,120,51,20,288,321,321,288,335,317,337,36,41,216,216,90,37,85,203,328,,,336,330,,,167,110,147,182,166,190,189,243,273,344,31,34,273,297,297,278,270,337,333,339,59,192,68,233,,333,,,b'\x11\xe8\xe1I\xd7\xe4\xed\xd6\x98|\x12\xdf\x17\xaeN\x1e'
11E8E149-D7E4-EDD6-987C-12DF17AE4E1E,2024-ncaa-d0-natl,ncaa,264,228,298,262,306,222,225,274,141,285,335,88,92,83,155,36,289,273,259,271,100,286,275,107,122,170,56,42,278,329,326,270,280,316,319,188,120,198,271,205,273,274,149,181,,,118,148,,,286,247,60,84,142,147,175,248,314,52,33,251,233,229,196,130,311,188,278,123,292,232,115,,223,,,287,225,245,146,310,286,228,295,70,62,211,50,239,220,295,217,177,160,124,274,287,319,53,39,224,207,280,151,326,167,319,130,58,264,249,219,239,293,155,304,,,294,253,,,286,117,207,317,285,338,338,313,346,343,134,114,302,279,280,325,312,292,291,304,227,190,303,222,,227,,,b'\x11\xe8\xe1I\xd7\xe4\xed\xd6\x98|\x12\xdf\x17\xaeN\x1e'
11E8E149-D7E4-EDD6-987C-12DF17AE4E1E,2024-ncaa-d1-conf-ASUN,ncaa,7,6,6,7,8,8,5,6,4,11,10,3,2,3,5,3,11,11,11,11,8,8,8,3,5,7,3,3,12,11,12,6,10,9,11,2,2,8,7,3,9,10,2,3,,,4,3,,,10,6,2,5,5,3,5,11,10,2,3,12,11,11,6,5,10,4,8,2,9,8,2,,5,,,10,11,12,10,9,12,12,6,5,3,9,2,9,7,12,7,2,10,8,9,9,9,2,2,6,11,10,10,12,11,11,11,8,10,10,10,10,10,11,11,,,11,11,,,10,5,9,10,10,10,12,11,12,12,8,4,10,7,7,11,11,12,11,11,11,9,11,11,,10,,,b'\x11\xe8\xe1I\xd7\xe4\xed\xd6\x98|\x12\xdf\x17\xaeN\x1e'
11E8E149-D7E4-EDD6-987C-12DF17AE4E1E,2024-ncaa-d1-natl,ncaa,243,230,254,247,269,188,202,244,138,279,330,92,61,57,118,33,248,243,212,241,76,241,230,101,106,155,39,39,256,318,316,235,265,285,307,150,100,263,282,205,248,263,143,195,,,170,154,,,265,173,47,88,126,143,177,258,321,38,27,212,209,202,180,111,304,166,257,111,303,216,121,,232,,,264,268,282,207,304,323,287,288,80,68,198,38,253,244,254,245,171,225,203,264,268,308,39,33,222,238,265,203,316,223,307,173,64,222,239,204,279,295,180,302,,,258,249,,,265,183,195,303,262,333,334,313,347,346,109,100,301,284,284,326,316,285,285,300,227,173,310,219,,217,,,b'\x11\xe8\xe1I\xd7\xe4\xed\xd6\x98|\x12\xdf\x17\xaeN\x1e'
11E8E149-D7E4-EDD6-987C-12DF17AE4E1E,2025-ncaa-d0-natl,genius_ncaa,246,199,301,241,307,231,209,272,123,207,217,175,211,273,53,220,297,330,47,329,327,289,315,133,130,132,219,170,273,250,195,206,96,233,123,246,256,74,170,178,361,359,209,211,,,58,168,,93,212,319,236,76,150,122,152,132,127,168,228,259,303,301,202,224,197,76,130,197,156,360,175,,139,,136,215,133,172,117,271,201,171,242,136,84,264,114,91,107,74,104,128,103,38,257,236,330,104,150,97,56,96,49,195,40,123,39,14,360,357,302,130,229,170,214,,,351,341,,304,212,43,130,316,215,282,303,279,309,299,210,165,162,190,181,268,123,133,153,141,93,358,207,254,,331,,287,b'\x11\xe8\xe1I\xd7\xe4\xed\xd6\x98|\x12\xdf\x17\xaeN\x1e'
11E8E149-D7E4-EDD6-987C-12DF17AE4E1E,2025-ncaa-d1-conf-ASUN,genius_ncaa,7,6,7,7,8,8,6,8,5,7,6,6,6,9,4,7,12,12,3,12,12,10,10,5,5,5,9,8,11,8,8,6,3,7,5,7,7,3,8,6,12,12,3,6,,,1,3,,5,9,10,9,6,8,5,8,4,5,6,9,11,12,12,11,11,8,5,7,7,5,12,3,,3,,6,9,4,10,7,8,11,9,6,4,4,8,3,1,1,3,1,1,4,3,8,7,9,2,4,1,3,3,2,8,2,5,4,2,12,12,11,11,12,5,4,,,12,12,,10,9,3,6,10,8,5,10,10,12,12,4,4,1,1,1,7,4,5,3,4,5,12,11,5,,12,,10,b'\x11\xe8\xe1I\xd7\xe4\xed\xd6\x98|\x12\xdf\x17\xaeN\x1e'
11E8E149-D7E4-EDD6-987C-12DF17AE4E1E,2025-ncaa-d1-natl,genius_ncaa,222,199,244,224,259,189,170,226,116,176,187,157,195,245,69,217,259,292,81,292,306,242,264,125,127,127,217,180,265,212,159,137,82,168,84,206,234,97,159,165,360,359,180,198,,,75,126,,102,200,269,228,81,134,114,156,118,128,170,219,240,275,275,191,213,180,66,90,179,151,360,160,,110,,128,201,181,218,199,247,256,237,221,155,120,225,109,92,114,82,108,94,180,88,229,202,311,81,141,80,91,82,85,159,76,84,46,11,355,355,288,171,231,197,205,,,333,338,,283,200,95,118,298,202,266,298,292,309,311,193,161,139,154,147,276,130,137,146,134,72,353,207,235,,322,,271,b'\x11\xe8\xe1I\xd7\xe4\xed\xd6\x98|\x12\xdf\x17\xaeN\x1e'
11E8E149-D7E4-EDD6-987C-12DF17AE4E1E,2026-ncaa-d0-natl,genius_ncaa,212,80,327,171,328,325,320,319,262,309,303,260,290,297,254,173,341,333,315,333,280,325,335,268,299,239,228,155,277,296,239,289,119,307,191,308,210,13,92,157,307,214,248,140,,,25,144,,73,196,334,136,21,209,175,59,167,102,177,135,284,234,232,83,113,146,42,57,182,110,198,136,,173,,207,202,10,7,22,43,13,21,92,23,63,23,230,146,96,343,103,299,27,25,40,78,132,283,118,348,34,119,63,239,45,191,2,11,335,279,69,44,192,20,95,,,354,314,,344,196,30,232,128,194,188,92,251,108,176,112,276,326,297,308,287,262,195,341,311,18,252,217,124,,283,,318,b'\x11\xe8\xe1I\xd7\xe4\xed\xd6\x98|\x12\xdf\x17\xaeN\x1e'
11E8E149-D7E4-EDD6-987C-12DF17AE4E1E,2026-ncaa-d1-natl,genius_ncaa,163,80,271,145,276,282,237,243,237,206,201,210,275,243,306,195,346,337,325,338,347,259,290,260,299,243,330,217,339,198,201,200,89,198,152,245,214,49,99,146,284,238,166,111,,,84,180,,125,162,295,119,24,209,135,36,99,56,229,148,332,306,312,77,95,86,39,35,163,137,218,107,,198,,206,154,22,14,63,25,26,68,52,26,101,15,179,208,199,240,202,291,74,67,17,36,63,256,94,347,59,89,163,201,126,152,4,4,284,211,22,81,133,54,63,,,337,329,,245,162,70,238,64,147,108,51,200,82,184,62,215,304,295,300,255,247,162,332,287,10,184,159,106,,292,,216,b'\x11\xe8\xe1I\xd7\xe4\xed\xd6\x98|\x12\xdf\x17\xaeN\x1e'
11E8E149-D7E9-76D0-987C-12DF17AE4E1E,2018-ncaa-d2-conf-Peach Belt,ncaa,1,1,1,1,1,2,2,3,1,2,3,1,3,8,1,7,3,3,2,3,7,3,3,1,1,1,7,7,10,11,10,1,3,2,3,1,2,11,6,2,5,10,4,6,,,7,6,,,2,2,5,9,2,2,8,2,6,5,10,5,7,7,7,7,12,2,8,1,4,10,5,,6,,,2,8,9,12,2,7,12,1,8,7,9,3,6,6,1,6,3,12,12,2,2,1,7,7,5,10,3,4,10,7,3,1,1,5,9,4,12,11,8,6,,,3,3,,,2,10,2,2,2,2,4,11,5,11,5,5,4,5,4,10,8,8,1,2,1,8,12,6,,5,,,b'\x11\xe8\xe1I\xd7\xe9v\xd0\x98|\x12\xdf\x17\xaeN\x1e'
11E8E149-D7E9-76D0-987C-12DF17AE4E1E,2018-ncaa-d2-natl,ncaa,7,18,4,17,4,7,4,6,17,4,4,33,100,130,63,269,32,35,171,31,232,8,6,34,44,49,289,254,240,79,151,3,121,7,66,5,38,298,123,38,87,229,31,112,,,272,61,,,19,4,60,113,30,16,66,8,29,192,247,123,132,130,68,82,204,18,69,13,167,205,63,,103,,,21,285,289,309,9,296,309,6,162,211,53,24,255,281,23,281,65,309,306,6,5,21,46,56,160,302,121,274,151,299,66,169,12,53,221,63,306,224,284,128,,,10,148,,,19,306,64,27,33,93,121,275,166,301,41,64,121,178,175,267,247,225,68,122,26,178,240,213,,98,,,b'\x11\xe8\xe1I\xd7\xe9v\xd0\x98|\x12\xdf\x17\xaeN\x1e'
11E8E149-D7E9-76D0-987C-12DF17AE4E1E,2019-ncaa-d2-conf-Peach Belt,ncaa,1,1,1,1,1,2,2,4,1,1,3,1,2,5,1,8,2,4,4,4,2,4,4,1,1,2,8,7,4,7,5,1,2,2,2,1,1,8,4,2,9,11,1,3,,,3,1,,,1,3,6,9,2,2,7,1,7,3,8,3,4,4,7,8,9,1,4,2,3,11,2,,1,,,1,7,8,12,2,8,12,2,6,6,5,5,2,2,4,2,1,12,9,1,1,1,5,6,2,8,2,4,5,4,2,1,1,7,8,3,8,6,10,8,,,2,2,,,1,10,2,1,1,1,2,12,4,11,4,5,1,1,1,8,4,3,1,2,1,8,6,9,,5,,,b'\x11\xe8\xe1I\xd7\xe9v\xd0\x98|\x12\xdf\x17\xaeN\x1e'
11E8E149-D7E9-76D0-987C-12DF17AE4E1E,2019-ncaa-d2-natl,ncaa,4,22,4,20,4,6,6,7,18,6,4,23,70,88,50,233,7,5,170,5,110,6,7,28,28,40,238,228,151,30,39,2,56,4,11,4,19,289,121,30,105,241,4,36,,,171,11,,,12,5,100,191,23,20,94,14,70,142,211,55,58,58,69,87,101,8,23,8,149,232,10,,15,,,14,288,299,309,19,300,309,14,190,262,34,49,92,171,14,164,12,308,306,11,4,13,29,84,27,288,56,243,39,275,11,171,20,51,219,79,292,139,298,199,,,3,106,,,12,308,36,16,14,39,96,270,155,292,44,83,16,33,28,226,200,157,15,51,33,202,163,250,,73,,,b'\x11\xe8\xe1I\xd7\xe9v\xd0\x98|\x12\xdf\x17\xaeN\x1e'
11E8E149-D7E9-76D0-987C-12DF17AE4E1E,2020-ncaa-d2-conf-Peach Belt,ncaa,2,2,2,2,3,3,2,4,1,2,7,1,3,5,1,7,5,5,5,6,4,4,4,1,1,1,9,8,11,7,5,1,2,4,2,2,1,11,9,2,6,7,4,4,,,3,3,,,2,4,9,12,4,3,11,3,10,5,8,9,8,9,11,11,11,3,6,1,8,7,4,,3,,,2,5,6,10,2,6,10,2,5,8,2,5,3,3,2,3,3,9,9,1,1,1,2,7,4,4,2,1,5,1,2,1,1,6,6,2,8,9,2,3,,,2,1,,,2,9,2,2,2,1,1,7,4,6,2,5,2,3,3,1,2,2,1,1,1,8,7,2,,3,,,b'\x11\xe8\xe1I\xd7\xe9v\xd0\x98|\x12\xdf\x17\xaeN\x1e'
11E8E149-D7E9-76D0-987C-12DF17AE4E1E,2020-ncaa-d2-natl,ncaa,18,22,17,23,54,55,37,157,8,27,151,6,119,135,85,153,137,91,248,95,74,142,93,14,21,54,232,192,239,139,79,17,66,37,18,13,8,292,274,91,149,178,92,131,,,139,67,,,29,79,192,307,103,64,273,49,243,151,191,193,152,157,262,225,191,28,69,13,248,194,123,,57,,,30,86,120,252,28,175,265,35,56,166,12,100,82,133,23,127,61,245,239,23,15,27,46,73,113,199,66,38,79,86,18,26,10,107,143,32,269,245,71,64,,,15,21,,,29,243,73,28,29,22,46,144,99,188,27,92,32,71,65,115,118,134,7,20,10,154,223,43,,44,,,b'\x11\xe8\xe1I\xd7\xe9v\xd0\x98|\x12\xdf\x17\xaeN\x1e'
11E8E149-D7E9-76D0-987C-12DF17AE4E1E,2021-ncaa-d2-conf-Peach Belt,ncaa,1,2,1,2,1,1,1,1,2,2,3,2,1,1,3,3,1,1,3,1,2,1,1,1,1,1,5,5,2,2,4,1,2,1,2,1,1,12,2,1,2,3,7,9,,,10,4,,,2,1,7,5,1,3,6,4,8,2,3,1,2,2,4,6,6,4,6,1,2,3,9,,4,,,2,12,12,12,7,12,12,7,9,9,3,2,10,10,6,10,4,12,12,4,3,3,1,2,6,12,2,12,4,12,2,10,1,1,4,2,12,5,11,9,,,1,1,,,2,12,1,2,2,3,5,6,9,11,1,2,4,5,5,4,5,3,1,2,1,4,3,7,,1,,,b'\x11\xe8\xe1I\xd7\xe9v\xd0\x98|\x12\xdf\x17\xaeN\x1e'
11E8E149-D7E9-76D0-987C-12DF17AE4E1E,2021-ncaa-d2-natl,ncaa,12,8,47,9,50,30,38,52,31,47,76,27,27,34,41,63,12,19,54,19,15,45,53,25,18,17,55,68,64,49,58,48,86,48,56,16,7,144,60,11,46,73,144,202,,,121,28,,,12,54,125,40,21,45,99,80,150,32,55,11,25,26,76,100,84,95,86,7,57,79,197,,22,,,12,140,158,164,115,178,187,102,90,110,46,35,120,134,57,132,37,160,168,83,67,53,12,34,67,159,86,141,58,146,56,123,25,35,55,31,142,65,168,133,,,17,16,,,12,172,8,52,12,51,91,101,149,159,22,24,47,59,56,69,101,88,48,51,36,59,63,114,,14,,,b'\x11\xe8\xe1I\xd7\xe9v\xd0\x98|\x12\xdf\x17\xaeN\x1e'
11E8E149-D7E9-76D0-987C-12DF17AE4E1E,2022-ncaa-d2-conf-Peach Belt,ncaa,1,1,1,1,1,1,1,1,1,4,8,1,1,1,2,1,1,2,1,2,1,1,1,1,1,1,1,1,3,4,3,1,1,1,1,1,2,10,9,3,7,8,9,9,,,8,3,,,2,1,7,10,2,4,9,7,10,1,1,3,3,3,8,8,6,1,2,2,9,8,9,,2,,,2,9,8,10,1,9,10,1,5,10,1,5,7,8,4,8,3,10,10,1,1,3,2,3,8,5,1,5,3,5,1,3,1,5,7,4,9,7,2,4,,,1,1,,,2,10,2,1,2,1,1,4,1,5,1,3,3,3,3,4,2,1,1,1,1,8,6,1,,2,,,b'\x11\xe8\xe1I\xd7\xe9v\xd0\x98|\x12\xdf\x17\xaeN\x1e'
11E8E149-D7E9-76D0-987C-12DF17AE4E1E,2022-ncaa-d2-natl,ncaa,2,11,3,9,3,10,16,22,43,56,93,44,6,10,16,41,7,7,138,6,5,19,7,17,20,57,16,33,113,44,118,1,27,5,15,3,4,299,228,78,90,206,160,239,,,282,123,,,18,3,149,197,57,112,240,223,286,24,54,67,79,73,208,170,168,8,48,12,227,210,229,,114,,,29,272,271,294,32,281,293,50,169,262,21,100,263,282,27,281,143,297,299,26,24,42,84,74,186,238,27,265,118,259,15,175,41,45,162,70,296,229,160,125,,,1,16,,,18,299,56,28,28,38,54,130,92,181,45,92,115,164,152,132,118,76,38,41,29,173,225,46,,35,,,b'\x11\xe8\xe1I\xd7\xe9v\xd0\x98|\x12\xdf\x17\xaeN\x1e'
11E8E149-D7E9-76D0-987C-12DF17AE4E1E,2023-ncaa-d2-conf-Peach Belt,ncaa,4,4,3,4,3,6,6,6,6,7,9,3,1,1,4,1,7,6,6,5,1,6,6,2,3,4,1,1,7,4,4,5,1,5,3,2,1,6,7,4,5,6,7,7,,,8,8,,,3,6,8,4,6,6,7,9,10,1,1,6,7,6,7,6,5,4,4,2,5,6,7,,7,,,3,4,5,3,8,7,8,4,1,1,6,1,8,8,5,8,7,4,3,5,7,6,1,1,7,1,1,4,4,1,3,3,2,7,6,4,5,6,6,8,,,3,2,,,3,5,4,4,4,4,5,2,7,8,1,1,8,8,8,2,2,1,4,1,3,7,4,6,,2,,,b'\x11\xe8\xe1I\xd7\xe9v\xd0\x98|\x12\xdf\x17\xaeN\x1e'
11E8E149-D7E9-76D0-987C-12DF17AE4E1E,2023-ncaa-d2-natl,ncaa,72,82,68,80,76,90,101,113,114,174,213,91,33,38,91,27,124,108,214,107,46,107,95,72,90,108,30,32,178,80,99,70,25,64,32,72,68,191,157,111,149,168,193,237,,,173,175,,,108,111,209,78,114,136,169,222,269,34,33,162,135,136,163,160,98,73,70,74,151,187,215,,124,,,109,186,187,181,175,226,236,125,99,76,222,52,201,192,169,191,136,186,155,157,162,205,82,75,175,47,25,172,99,126,32,90,47,203,231,159,178,143,167,217,,,70,68,,,108,188,97,163,113,130,148,117,192,206,83,50,169,166,162,113,58,31,109,62,77,241,137,140,,84,,,b'\x11\xe8\xe1I\xd7\xe9v\xd0\x98|\x12\xdf\x17\xaeN\x1e'
11E8E149-D7E9-76D0-987C-12DF17AE4E1E,2024-ncaa-d2-conf-Peach Belt,ncaa,5,5,5,5,6,7,6,8,3,7,10,2,3,2,6,1,9,5,10,5,1,8,6,2,3,6,5,3,10,9,8,5,6,7,6,1,1,10,9,5,6,6,7,7,,,5,2,,,5,4,3,8,7,6,9,7,10,3,2,10,6,6,10,5,9,4,7,1,9,5,7,,5,,,5,3,5,8,2,5,8,2,3,7,3,5,4,3,10,3,2,7,9,1,2,2,6,5,5,9,6,3,8,6,6,3,4,5,5,5,10,9,9,9,,,2,1,,,5,7,7,4,5,5,6,9,6,8,5,6,3,3,3,7,8,8,4,6,4,5,9,8,,2,,,b'\x11\xe8\xe1I\xd7\xe9v\xd0\x98|\x12\xdf\x17\xaeN\x1e'
11E8E149-D7E9-76D0-987C-12DF17AE4E1E,2024-ncaa-d2-natl,ncaa,115,115,117,116,155,98,93,144,39,89,193,14,116,76,194,73,137,88,273,88,34,129,115,43,66,96,162,138,196,182,192,89,163,118,155,25,7,227,200,58,136,169,249,276,,,156,94,,,77,93,72,205,78,69,164,89,227,108,70,145,85,86,131,103,190,61,121,11,201,141,266,,144,,,75,125,127,206,51,169,231,50,76,129,36,91,168,151,217,151,82,203,213,41,48,50,89,78,178,217,163,156,192,195,155,85,70,94,122,65,187,167,195,228,,,57,51,,,77,207,119,59,74,108,125,224,162,244,71,119,151,134,133,218,222,216,139,185,78,98,176,195,,39,,,b'\x11\xe8\xe1I\xd7\xe9v\xd0\x98|\x12\xdf\x17\xaeN\x1e'
11E8E149-D7E9-76D0-987C-12DF17AE4E1E,2025-ncaa-d2-conf-Peach Belt,genius_ncaa,1,1,1,1,1,1,1,2,1,1,7,1,1,1,1,1,2,2,2,2,2,2,2,1,1,1,2,1,8,6,8,1,1,2,2,1,1,7,4,1,2,4,8,9,,,7,3,,8,1,1,6,10,1,1,7,6,10,1,3,3,6,6,7,8,8,4,7,1,2,4,9,,2,,4,1,6,9,9,1,9,9,4,8,9,2,8,3,3,1,4,4,9,10,2,1,2,3,6,3,6,1,8,8,6,2,4,2,2,5,3,9,5,8,9,,,1,1,,2,1,10,1,2,1,2,2,3,3,3,2,7,2,2,2,3,3,3,2,1,2,5,5,6,,1,,2,b'\x11\xe8\xe1I\xd7\xe9v\xd0\x98|\x12\xdf\x17\xaeN\x1e'
11E8E149-D7E9-76D0-987C-12DF17AE4E1E,2025-ncaa-d2-natl,genius_ncaa,7,7,9,8,14,10,20,29,13,36,80,15,10,21,10,70,8,11,53,11,14,23,19,10,7,10,36,64,92,106,150,21,106,34,84,4,5,248,122,19,48,129,117,195,,,253,78,,252,13,14,102,291,19,37,168,106,244,22,73,29,46,50,127,153,205,96,159,5,120,124,182,,100,,176,15,271,271,289,92,273,286,85,184,230,96,96,239,246,63,249,123,287,290,78,72,60,92,111,162,254,106,228,150,250,84,178,63,27,96,55,169,52,231,186,,,4,13,,29,13,288,15,58,15,84,100,140,131,186,87,97,111,141,143,126,169,129,51,72,62,92,60,129,,25,,57,b'\x11\xe8\xe1I\xd7\xe9v\xd0\x98|\x12\xdf\x17\xaeN\x1e'
11E8E149-D7E9-76D0-987C-12DF17AE4E1E,2026-ncaa-d2-conf-Peach Belt,genius_ncaa,1,1,9,1,10,9,8,8,4,9,7,6,4,7,1,4,11,11,2,11,10,9,9,3,4,2,6,3,9,5,2,7,1,6,1,4,2,1,1,1,9,8,11,11,,,1,2,,2,2,10,2,3,1,1,1,1,1,1,3,7,9,9,1,2,2,1,1,1,3,8,11,,3,,2,1,3,2,2,7,4,5,5,2,2,5,2,3,2,3,2,2,2,3,5,2,7,2,2,3,2,1,1,2,1,1,2,6,10,8,10,1,2,10,9,,,11,10,,10,2,3,1,5,1,11,10,10,10,11,2,3,5,5,5,10,9,5,6,3,10,8,2,10,,9,,10,b'\x11\xe8\xe1I\xd7\xe9v\xd0\x98|\x12\xdf\x17\xaeN\x1e'
11E8E149-D7E9-76D0-987C-12DF17AE4E1E,2026-ncaa-d2-natl,genius_ncaa,9,144,1,99,2,2,3,3,72,10,14,104,1,2,28,73,8,21,15,19,140,2,3,47,29,25,40,53,147,19,121,2,20,2,32,2,26,258,55,18,141,272,113,223,,,253,45,,158,34,4,163,88,36,60,88,143,179,19,58,75,150,162,95,158,153,55,81,18,55,275,218,,33,,81,65,297,294,297,145,277,291,102,295,295,244,191,273,257,254,259,86,297,293,178,180,222,221,239,102,197,20,286,121,277,32,295,233,62,245,264,169,14,295,267,,,5,136,,111,34,296,21,162,63,153,152,167,107,133,235,183,106,76,74,144,66,30,72,36,214,258,18,256,,159,,214,b'\x11\xe8\xe1I\xd7\xe9v\xd0\x98|\x12\xdf\x17\xaeN\x1e'
11E8E149-D7ED-D194-987C-12DF17AE4E1E,2018-ncaa-d2-conf-Conference Carolinas,ncaa,7,8,3,8,4,3,4,7,1,5,9,2,2,4,2,3,7,11,1,11,9,7,3,1,2,3,4,2,10,8,10,4,11,6,9,6,9,11,11,9,6,7,2,2,,,10,9,,,8,3,3,2,4,5,8,6,10,2,3,10,11,11,9,7,11,6,10,7,10,7,2,,9,,,8,11,9,10,7,9,9,6,9,10,8,6,10,10,8,10,9,10,10,7,6,9,9,6,9,11,11,6,10,11,9,8,5,5,8,7,8,8,4,7,,,9,9,,,8,9,6,10,8,10,9,8,9,7,8,8,9,9,9,11,10,11,6,8,7,7,7,4,,9,,,b'\x11\xe8\xe1I\xd7\xed\xd1\x94\x98|\x12\xdf\x17\xaeN\x1e'
11E8E149-D7ED-D194-987C-12DF17AE4E1E,2018-ncaa-d2-natl,ncaa,225,272,64,245,67,78,75,61,129,112,127,134,40,37,84,73,131,169,66,171,210,76,43,105,114,146,83,61,225,192,263,54,268,103,267,149,261,297,245,248,165,254,28,43,,,306,257,,,239,24,33,10,78,81,64,140,165,46,49,167,208,210,89,52,230,55,125,196,276,206,28,,301,,,234,301,279,285,142,267,274,127,270,273,207,142,309,306,123,306,281,299,291,153,182,213,252,164,271,304,268,281,263,302,267,244,109,104,229,177,235,151,235,214,,,173,286,,,239,284,184,250,232,295,258,287,232,261,257,256,301,301,301,301,296,295,260,287,208,135,198,216,,242,,,b'\x11\xe8\xe1I\xd7\xed\xd1\x94\x98|\x12\xdf\x17\xaeN\x1e'
11E8E149-D7ED-D194-987C-12DF17AE4E1E,2019-ncaa-d2-conf-Conference Carolinas,ncaa,8,8,5,8,8,9,8,8,9,10,8,9,6,5,7,5,8,8,5,9,8,8,9,9,9,9,3,5,7,8,8,5,3,8,7,10,10,7,8,10,9,9,2,1,,,7,8,,,8,7,7,8,10,9,7,10,7,6,5,8,8,9,7,8,8,5,7,10,7,9,2,,7,,,8,2,2,4,3,3,6,4,4,5,2,5,8,7,4,7,7,5,4,3,4,5,6,3,8,3,3,9,8,7,7,2,2,10,10,2,8,9,2,4,,,10,8,,,8,5,9,4,7,5,4,5,4,7,3,5,7,7,7,6,5,3,10,6,2,9,9,2,,10,,,b'\x11\xe8\xe1I\xd7\xed\xd1\x94\x98|\x12\xdf\x17\xaeN\x1e'
11E8E149-D7ED-D194-987C-12DF17AE4E1E,2019-ncaa-d2-natl,ncaa,232,274,76,250,103,148,160,100,235,211,148,265,73,80,89,84,191,212,113,218,242,117,118,209,205,196,65,56,209,204,263,96,140,132,225,237,286,207,172,246,215,259,39,47,,,261,225,,,227,88,105,201,201,217,130,259,197,81,87,228,239,250,167,167,241,106,171,275,167,247,43,,233,,,221,237,199,228,121,188,217,116,203,204,157,136,275,278,96,278,243,252,231,122,134,172,209,135,249,194,140,273,263,260,225,64,14,154,218,90,217,177,29,25,,,199,261,,,227,236,225,166,211,196,156,182,152,186,177,171,264,267,267,231,204,163,257,229,48,198,173,21,,254,,,b'\x11\xe8\xe1I\xd7\xed\xd1\x94\x98|\x12\xdf\x17\xaeN\x1e'
11E8E149-D7ED-D194-987C-12DF17AE4E1E,2020-ncaa-d2-conf-Conference Carolinas,ncaa,7,7,5,7,5,6,7,9,7,8,10,7,4,7,5,4,3,7,2,6,3,8,8,5,5,6,3,5,3,10,7,6,8,8,7,9,10,9,9,10,11,11,5,6,,,3,4,,,7,6,7,1,6,8,9,8,10,5,8,4,5,5,10,10,10,6,9,9,8,11,6,,5,,,7,10,11,9,7,11,10,10,8,8,5,6,4,6,2,6,4,9,8,7,6,9,3,6,3,5,8,3,7,3,7,9,7,12,11,12,5,8,6,10,,,9,6,,,7,7,7,8,7,9,11,12,11,10,9,7,3,6,5,12,7,7,3,3,9,11,8,6,,8,,,b'\x11\xe8\xe1I\xd7\xed\xd1\x94\x98|\x12\xdf\x17\xaeN\x1e'
11E8E149-D7ED-D194-987C-12DF17AE4E1E,2020-ncaa-d2-natl,ncaa,179,170,223,182,226,208,204,238,150,226,225,181,136,176,71,130,198,239,67,231,187,244,225,139,142,175,98,91,165,233,188,224,229,246,193,258,284,205,244,265,232,238,188,202,,,35,29,,,206,210,118,37,170,177,188,208,189,115,144,170,215,202,192,152,211,195,223,259,244,215,177,,47,,,206,158,204,189,179,221,184,209,149,184,95,179,45,73,35,69,50,164,134,166,127,173,58,149,37,181,229,58,188,94,193,168,120,227,229,221,122,158,105,134,,,259,262,,,206,114,194,176,192,218,252,278,254,257,186,230,57,97,89,257,227,218,93,147,213,191,167,130,,245,,,b'\x11\xe8\xe1I\xd7\xed\xd1\x94\x98|\x12\xdf\x17\xaeN\x1e'
11E8E149-D7ED-D194-987C-12DF17AE4E1E,2021-ncaa-d2-conf-Conference Carolinas,ncaa,5,6,3,5,4,5,7,6,7,7,5,7,4,7,7,5,2,4,3,4,3,5,4,7,6,6,4,7,2,5,4,8,7,6,6,8,10,6,6,8,2,2,8,9,,,7,8,,,7,4,4,6,7,7,6,8,6,6,5,2,3,3,5,4,5,9,8,8,7,2,9,,8,,,7,7,7,6,9,6,5,8,7,6,9,5,7,8,2,8,6,6,8,9,8,6,6,5,7,8,7,5,4,5,6,8,8,2,2,6,5,5,11,11,,,5,8,,,7,8,7,6,7,8,8,4,8,6,7,6,6,7,7,4,7,6,4,3,7,2,6,10,,6,,,b'\x11\xe8\xe1I\xd7\xed\xd1\x94\x98|\x12\xdf\x17\xaeN\x1e'
11E8E149-D7ED-D194-987C-12DF17AE4E1E,2021-ncaa-d2-natl,ncaa,97,112,114,98,123,126,131,124,155,132,124,165,114,120,99,117,84,88,75,87,41,123,123,148,128,136,63,103,30,106,56,148,184,139,128,167,214,123,146,202,62,36,172,192,,,104,97,,,113,125,94,121,124,153,123,152,119,102,107,37,47,49,107,97,90,206,173,200,144,38,198,,97,,,111,103,103,93,132,100,88,128,126,115,144,150,88,109,24,111,156,95,105,145,123,76,146,156,84,124,184,75,56,92,128,112,120,73,40,58,90,76,170,198,,,130,157,,,113,102,132,89,115,99,100,83,88,70,149,137,78,114,117,86,129,140,35,65,110,37,78,196,,145,,,b'\x11\xe8\xe1I\xd7\xed\xd1\x94\x98|\x12\xdf\x17\xaeN\x1e'
11E8E149-D7ED-D194-987C-12DF17AE4E1E,2022-ncaa-d2-conf-Conference Carolinas,ncaa,10,9,7,10,7,8,10,9,9,9,10,9,7,5,10,4,7,5,8,4,3,7,4,10,10,10,3,4,3,6,6,10,11,9,8,11,12,13,11,13,6,7,6,6,,,10,9,,,10,3,2,1,9,10,8,9,10,7,4,4,2,2,7,2,7,9,9,11,13,6,6,,11,,,10,12,11,10,10,11,8,11,5,10,5,8,10,10,6,10,8,10,11,10,9,9,6,4,8,10,11,4,6,6,8,12,12,5,9,12,11,12,4,5,,,5,5,,,10,11,10,8,10,12,10,11,10,9,5,11,11,11,11,11,13,12,6,8,13,4,12,4,,4,,,b'\x11\xe8\xe1I\xd7\xed\xd1\x94\x98|\x12\xdf\x17\xaeN\x1e'
11E8E149-D7ED-D194-987C-12DF17AE4E1E,2022-ncaa-d2-natl,ncaa,215,264,64,237,69,151,175,89,274,194,133,257,123,66,237,97,83,66,208,64,53,77,45,263,249,269,64,112,51,82,121,143,276,117,232,222,244,296,274,281,76,139,104,136,,,234,114,,,267,42,46,22,231,263,137,259,195,145,84,104,90,87,115,39,106,221,179,263,283,101,124,,186,,,253,263,266,268,163,265,242,218,205,269,31,200,249,250,121,248,172,271,271,149,149,145,111,118,163,294,276,208,121,258,232,298,289,56,131,219,289,257,166,158,,,91,221,,,267,253,268,178,254,242,240,264,243,208,158,245,209,217,214,268,278,278,152,225,285,71,272,131,,127,,,b'\x11\xe8\xe1I\xd7\xed\xd1\x94\x98|\x12\xdf\x17\xaeN\x1e'
11E8E149-D7ED-D194-987C-12DF17AE4E1E,2023-ncaa-d2-conf-Conference Carolinas,ncaa,9,10,3,10,5,10,10,8,8,8,8,7,10,6,9,5,11,11,11,11,11,9,6,8,9,10,9,6,12,10,10,7,10,8,10,9,5,10,12,9,7,9,3,5,,,7,6,,,10,5,9,7,10,10,11,9,10,10,8,12,11,11,11,10,11,9,11,9,10,8,4,,6,,,10,11,12,11,9,12,12,10,8,11,3,7,5,5,3,5,3,11,10,8,8,9,2,6,2,12,10,10,10,11,10,13,11,8,9,12,11,12,8,11,,,12,13,,,10,10,10,11,10,9,11,10,12,10,7,9,4,5,5,10,7,9,6,8,13,9,10,8,,12,,,b'\x11\xe8\xe1I\xd7\xed\xd1\x94\x98|\x12\xdf\x17\xaeN\x1e'
11E8E149-D7ED-D194-987C-12DF17AE4E1E,2023-ncaa-d2-natl,ncaa,222,250,110,240,135,243,223,204,231,220,231,176,178,128,249,77,266,260,242,260,224,215,160,232,245,275,174,112,233,239,254,170,248,207,266,196,129,290,292,272,120,143,98,96,,,132,83,,,284,124,116,208,282,270,267,260,263,191,131,284,278,278,283,198,251,216,255,226,281,131,94,,115,,,276,211,221,209,176,220,172,216,187,220,96,200,140,133,166,132,116,199,202,183,171,170,114,159,99,251,248,199,254,228,266,271,253,119,143,217,284,284,185,243,,,285,297,,,284,179,281,197,274,205,219,227,219,165,189,218,123,110,113,218,213,243,191,231,263,122,272,184,,297,,,b'\x11\xe8\xe1I\xd7\xed\xd1\x94\x98|\x12\xdf\x17\xaeN\x1e'
11E8E149-D7ED-D194-987C-12DF17AE4E1E,2024-ncaa-d2-conf-Conference Carolinas,ncaa,7,7,3,7,6,6,6,8,5,8,11,5,5,4,6,3,4,7,2,6,4,8,5,4,4,4,5,5,4,12,11,4,9,7,7,1,1,10,10,4,7,10,3,3,,,14,13,,,5,3,4,5,6,7,12,9,12,4,5,4,7,7,12,8,13,3,7,2,8,8,3,,14,,,5,6,3,12,2,3,9,2,9,11,4,10,12,13,5,13,12,13,13,1,4,3,13,11,14,13,9,6,11,11,7,4,5,5,7,4,10,9,7,9,,,2,3,,,5,12,6,3,5,6,3,7,3,8,8,12,11,11,12,10,11,13,4,8,4,6,7,6,,3,,,b'\x11\xe8\xe1I\xd7\xed\xd1\x94\x98|\x12\xdf\x17\xaeN\x1e'
11E8E149-D7ED-D194-987C-12DF17AE4E1E,2024-ncaa-d2-natl,ncaa,115,74,207,95,236,188,214,255,116,235,262,128,133,174,71,101,112,176,10,172,50,252,224,99,58,135,54,97,53,279,258,154,216,233,213,82,5,251,281,141,132,125,125,99,,,231,253,,,90,191,75,195,148,196,264,231,256,102,139,65,135,131,243,148,277,84,213,37,266,104,112,,277,,,84,29,23,81,9,20,88,8,93,139,49,178,138,185,15,190,233,92,131,12,9,13,255,196,239,222,216,51,258,100,213,44,183,83,59,35,229,262,45,116,,,141,64,,,90,102,187,19,91,47,23,179,29,133,136,190,172,216,223,192,236,257,82,178,75,47,247,62,,72,,,b'\x11\xe8\xe1I\xd7\xed\xd1\x94\x98|\x12\xdf\x17\xaeN\x1e'
11E8E149-D7ED-D194-987C-12DF17AE4E1E,2025-ncaa-d2-conf-Conference Carolinas,genius_ncaa,10,11,2,11,9,13,13,13,12,12,11,12,10,10,10,8,14,12,11,11,10,13,12,11,12,13,7,6,8,14,12,7,11,12,11,12,5,14,14,14,11,11,15,15,,,7,7,,7,10,8,10,15,14,15,15,14,14,10,11,14,13,13,15,14,15,9,14,12,13,11,15,,6,,6,10,8,9,10,7,8,9,7,7,11,7,9,5,7,3,7,6,9,9,8,6,5,6,7,7,10,11,9,12,10,11,8,10,8,9,9,13,14,13,14,,,7,6,,4,10,7,13,8,11,7,8,7,5,6,6,8,6,7,7,6,7,10,9,9,9,9,11,12,,9,,5,b'\x11\xe8\xe1I\xd7\xed\xd1\x94\x98|\x12\xdf\x17\xaeN\x1e'
11E8E149-D7ED-D194-987C-12DF17AE4E1E,2025-ncaa-d2-natl,genius_ncaa,233,271,109,245,162,251,244,191,272,251,184,281,171,170,162,142,251,245,228,237,225,206,166,261,272,281,107,97,197,263,267,195,221,232,262,213,141,263,279,269,143,150,275,283,,,123,100,,153,249,126,154,295,292,294,278,286,229,187,187,272,260,253,284,226,276,241,281,246,249,150,284,,107,,145,236,104,123,156,110,125,148,134,130,152,105,159,102,137,25,140,144,146,170,110,94,71,114,150,128,194,221,192,267,197,262,127,138,89,86,90,270,280,168,214,,,197,204,,39,249,164,291,81,242,85,102,112,111,122,113,143,86,128,132,101,145,188,186,175,122,90,261,173,,240,,44,b'\x11\xe8\xe1I\xd7\xed\xd1\x94\x98|\x12\xdf\x17\xaeN\x1e'
11E8E149-D7ED-D194-987C-12DF17AE4E1E,2026-ncaa-d2-conf-Conference Carolinas,genius_ncaa,7,11,3,11,3,3,3,4,12,4,4,11,5,4,9,9,3,6,4,5,10,4,4,12,10,8,8,8,7,3,2,4,3,4,1,3,9,11,6,5,11,13,12,14,,,12,9,,5,7,4,3,3,3,3,4,7,2,5,7,5,8,9,4,2,5,8,3,4,7,14,14,,9,,3,7,12,11,11,8,13,13,8,12,12,7,9,14,12,16,12,7,11,10,8,12,15,8,8,13,4,3,8,2,8,1,12,7,8,14,15,13,6,15,12,,,6,12,,4,7,10,5,13,10,13,10,10,10,10,10,8,11,9,9,9,5,2,2,1,11,15,11,14,,9,,4,b'\x11\xe8\xe1I\xd7\xed\xd1\x94\x98|\x12\xdf\x17\xaeN\x1e'
11E8E149-D7ED-D194-987C-12DF17AE4E1E,2026-ncaa-d2-natl,genius_ncaa,157,144,141,167,216,174,175,163,201,215,190,225,91,109,90,80,177,197,109,194,168,169,166,156,160,173,60,58,187,136,52,219,120,194,71,143,103,165,193,163,271,278,248,273,,,105,128,,225,167,167,134,279,151,163,114,217,184,63,77,167,195,192,131,109,116,249,205,127,196,281,262,,104,,237,167,131,149,126,185,200,187,183,46,63,56,47,152,78,298,71,36,116,102,144,181,208,27,27,180,77,120,58,52,60,71,91,44,218,220,155,162,177,167,208,,,180,169,,25,167,112,166,172,189,159,185,174,253,249,40,43,173,84,70,147,98,76,23,23,94,226,186,187,,155,,14,b'\x11\xe8\xe1I\xd7\xed\xd1\x94\x98|\x12\xdf\x17\xaeN\x1e'
11E8E149-D7F2-FE62-987C-12DF17AE4E1E,2018-ncaa-d2-conf-Mid-America Intercollegiate,ncaa,11,11,8,11,12,12,12,13,8,12,13,6,10,12,7,4,12,10,14,10,9,13,13,5,9,11,8,4,11,12,11,8,13,10,9,4,2,11,14,7,12,12,4,4,,,7,8,,,12,12,8,14,11,11,13,12,13,7,9,12,9,9,13,11,12,4,8,4,12,12,3,,8,,,12,3,4,8,4,5,5,4,11,12,4,12,9,9,6,10,10,9,7,4,4,5,12,10,9,14,13,3,11,10,9,4,6,13,13,11,13,14,2,6,,,10,10,,,12,3,11,9,11,7,8,12,7,7,12,12,9,9,10,12,11,14,6,10,7,13,14,3,,10,,,b'\x11\xe8\xe1I\xd7\xf2\xfeb\x98|\x12\xdf\x17\xaeN\x1e'
11E8E149-D7F2-FE62-987C-12DF17AE4E1E,2018-ncaa-d2-natl,ncaa,196,206,148,204,200,180,173,211,115,186,230,109,115,135,106,95,234,222,213,226,161,218,231,101,122,134,120,89,236,238,232,139,189,187,199,117,63,103,171,104,269,276,48,35,,,157,203,,,211,223,219,294,189,166,243,204,243,109,127,241,223,232,248,256,246,113,196,100,109,278,43,,179,,,211,182,146,161,134,122,125,144,200,204,155,208,210,183,260,176,192,164,111,146,171,240,224,191,209,199,189,131,232,158,199,105,78,275,290,239,109,168,77,141,,,229,174,,,211,91,149,254,210,194,172,201,142,149,204,222,221,201,197,204,119,209,142,169,109,283,117,91,,238,,,b'\x11\xe8\xe1I\xd7\xf2\xfeb\x98|\x12\xdf\x17\xaeN\x1e'
11E8E149-D7F2-FE62-987C-12DF17AE4E1E,2019-ncaa-d2-conf-Mid-America Intercollegiate,ncaa,13,13,11,13,11,13,13,13,12,13,13,12,12,12,12,11,2,3,3,2,1,13,13,13,10,12,5,11,1,13,13,11,6,12,10,10,5,10,14,12,13,12,4,3,,,12,14,,,12,13,5,5,13,13,13,13,10,12,11,1,1,1,13,9,13,6,12,10,13,12,3,,14,,,12,6,3,3,9,6,5,7,9,6,9,9,12,9,14,9,9,3,2,9,10,11,10,8,12,5,6,2,13,3,10,8,10,13,12,12,8,10,5,10,,,5,1,,,12,2,13,11,12,12,10,9,9,10,11,10,14,12,12,10,9,6,8,10,11,12,10,10,,1,,,b'\x11\xe8\xe1I\xd7\xf2\xfeb\x98|\x12\xdf\x17\xaeN\x1e'
11E8E149-D7F2-FE62-987C-12DF17AE4E1E,2019-ncaa-d2-natl,ncaa,271,285,182,275,196,226,260,250,241,256,231,251,208,221,177,184,70,120,17,119,54,237,237,235,178,189,71,178,5,260,274,169,119,232,223,229,137,136,210,212,275,280,51,35,,,178,241,,,260,219,211,108,241,278,281,270,234,200,214,35,93,92,260,249,273,152,239,236,168,287,37,,214,,,257,191,171,132,210,151,116,202,226,176,246,203,198,153,288,150,173,121,84,228,242,274,210,220,171,96,119,177,274,147,223,161,151,273,275,268,112,166,168,212,,,120,23,,,260,90,224,262,260,227,214,160,180,133,238,215,220,173,173,159,94,120,215,175,193,277,129,188,,71,,,b'\x11\xe8\xe1I\xd7\xf2\xfeb\x98|\x12\xdf\x17\xaeN\x1e'
11E8E149-D7F2-FE62-987C-12DF17AE4E1E,2020-ncaa-d2-conf-Mid-America Intercollegiate,ncaa,12,12,12,12,13,13,13,13,11,11,12,11,13,13,13,13,10,11,9,11,11,13,13,12,12,12,12,13,4,12,11,14,13,14,12,13,14,8,10,13,13,12,9,9,,,6,11,,,12,13,7,6,12,11,11,8,6,13,13,10,10,10,11,10,12,14,13,13,10,12,8,,12,,,12,7,10,4,12,11,7,12,4,2,6,3,6,6,3,6,9,5,2,12,11,12,2,2,7,8,13,3,11,7,12,10,8,11,10,12,7,11,8,11,,,8,5,,,12,2,12,12,12,12,13,11,13,12,6,4,10,12,12,13,10,11,11,10,10,9,10,9,,6,,,b'\x11\xe8\xe1I\xd7\xf2\xfeb\x98|\x12\xdf\x17\xaeN\x1e'
11E8E149-D7F2-FE62-987C-12DF17AE4E1E,2020-ncaa-d2-natl,ncaa,277,266,257,281,270,282,276,287,209,253,262,178,263,261,245,194,253,274,68,275,250,293,289,216,206,218,216,221,138,300,300,296,253,304,296,281,263,94,214,246,285,272,216,222,,,65,170,,,266,279,221,135,265,258,267,218,213,249,242,225,258,260,284,282,301,293,306,274,164,276,196,,138,,,265,92,136,56,251,223,141,252,23,22,71,38,117,106,203,101,118,55,35,207,208,244,19,18,148,99,253,63,300,69,296,131,131,278,245,250,129,248,105,169,,,253,95,,,266,31,243,252,266,202,232,161,283,255,45,43,180,164,166,168,104,170,145,160,193,255,205,146,,196,,,b'\x11\xe8\xe1I\xd7\xf2\xfeb\x98|\x12\xdf\x17\xaeN\x1e'
11E8E149-D7F2-FE62-987C-12DF17AE4E1E,2021-ncaa-d2-conf-Mid-America Intercollegiate,ncaa,12,12,9,12,9,10,9,9,8,9,5,10,11,12,6,12,11,11,10,11,13,9,12,10,10,7,11,11,11,10,11,13,10,12,11,8,7,3,5,6,13,13,14,14,,,5,8,,,11,12,9,1,9,7,3,5,2,10,12,11,11,11,6,8,8,13,12,6,6,13,14,,9,,,11,8,10,4,14,13,7,14,3,2,3,4,5,4,12,4,4,3,3,13,13,13,1,1,6,4,10,8,11,8,11,5,3,11,10,10,3,5,3,2,,,10,10,,,11,3,7,14,11,12,13,8,13,11,3,4,8,8,8,7,8,6,11,10,9,10,6,3,,7,,,b'\x11\xe8\xe1I\xd7\xf2\xfeb\x98|\x12\xdf\x17\xaeN\x1e'
11E8E149-D7F2-FE62-987C-12DF17AE4E1E,2021-ncaa-d2-natl,ncaa,159,214,47,187,51,77,68,59,123,54,35,125,108,98,137,166,103,108,98,108,205,70,76,141,147,117,186,161,170,70,154,94,127,88,183,64,117,117,41,64,139,201,141,199,,,152,112,,,194,72,194,43,150,119,109,89,63,175,174,189,188,190,135,179,135,199,196,123,25,206,194,,76,,,174,186,195,161,219,213,182,222,93,113,44,38,172,158,185,155,71,161,155,198,206,206,9,9,94,146,127,183,154,179,183,162,36,101,168,157,147,93,124,46,,,76,126,,,194,154,122,208,175,162,185,96,208,150,27,27,120,94,85,78,44,72,146,114,90,184,69,58,,166,,,b'\x11\xe8\xe1I\xd7\xf2\xfeb\x98|\x12\xdf\x17\xaeN\x1e'
11E8E149-D7F2-FE62-987C-12DF17AE4E1E,2022-ncaa-d2-conf-Mid-America Intercollegiate,ncaa,12,12,11,12,12,12,12,11,12,11,9,12,11,11,12,6,9,8,11,8,6,12,11,12,12,12,6,7,4,7,6,10,10,10,11,8,4,8,11,9,11,12,10,10,,,2,3,,,12,12,9,3,12,11,9,10,7,9,8,7,7,7,9,6,4,10,9,7,10,10,9,,5,,,12,8,9,4,11,10,8,11,3,3,9,3,4,4,3,3,3,4,3,10,10,11,3,3,4,4,10,9,6,9,11,10,10,10,9,12,12,12,8,11,,,11,9,,,12,3,12,10,12,10,11,10,11,11,6,4,6,7,6,9,7,7,11,11,10,9,12,11,,8,,,b'\x11\xe8\xe1I\xd7\xf2\xfeb\x98|\x12\xdf\x17\xaeN\x1e'
11E8E149-D7F2-FE62-987C-12DF17AE4E1E,2022-ncaa-d2-natl,ncaa,240,264,146,253,152,195,199,201,199,209,198,204,167,169,168,124,165,164,175,161,133,195,210,192,184,164,110,125,122,200,224,209,140,217,233,173,115,63,100,116,274,275,149,166,,,73,130,,,249,213,265,74,233,240,227,239,209,162,156,171,165,163,222,250,206,248,246,182,64,281,154,,79,,,243,189,220,129,278,251,177,269,79,67,190,62,119,115,191,116,98,124,91,263,264,280,27,55,93,84,140,173,224,142,233,193,129,261,261,270,132,189,160,206,,,203,147,,,249,91,170,274,245,213,245,125,272,196,91,62,135,127,126,114,46,85,203,153,190,273,142,168,,221,,,b'\x11\xe8\xe1I\xd7\xf2\xfeb\x98|\x12\xdf\x17\xaeN\x1e'
11E8E149-D7F2-FE62-987C-12DF17AE4E1E,2023-ncaa-d2-conf-Mid-America Intercollegiate,ncaa,13,13,11,13,14,13,13,14,12,12,13,11,12,13,11,10,7,7,5,7,3,14,14,12,11,12,6,12,2,13,13,12,12,14,14,10,5,10,12,12,14,14,7,6,,,5,7,,,12,14,12,11,13,13,14,12,12,12,12,7,5,5,14,12,13,11,14,10,10,14,4,,7,,,12,6,9,4,13,13,12,12,3,2,7,2,7,7,9,7,7,3,3,9,9,12,2,2,8,12,12,3,13,7,14,8,7,13,12,12,11,12,6,8,,,8,4,,,12,1,11,13,12,10,11,8,13,13,3,3,9,8,9,8,7,12,8,12,9,11,11,7,,4,,,b'\x11\xe8\xe1I\xd7\xf2\xfeb\x98|\x12\xdf\x17\xaeN\x1e'
11E8E149-D7F2-FE62-987C-12DF17AE4E1E,2023-ncaa-d2-natl,ncaa,275,250,255,280,272,273,277,289,189,274,275,212,241,266,137,189,204,228,93,223,98,286,290,190,168,181,123,181,50,280,250,284,250,290,267,254,123,40,197,189,288,283,59,35,,,19,113,,,257,290,264,208,254,268,285,242,226,218,237,137,157,154,280,281,260,257,281,220,133,284,23,,80,,,265,68,95,39,265,142,93,229,70,29,265,60,60,52,212,54,99,32,13,251,244,273,49,87,103,129,250,37,250,49,267,104,135,286,266,273,82,225,160,259,,,224,38,,,257,8,209,283,271,226,248,168,259,234,121,65,141,116,121,162,71,227,138,181,206,270,177,226,,112,,,b'\x11\xe8\xe1I\xd7\xf2\xfeb\x98|\x12\xdf\x17\xaeN\x1e'
11E8E149-D7F2-FE62-987C-12DF17AE4E1E,2024-ncaa-d2-conf-Mid-America Intercollegiate,ncaa,9,8,7,9,10,10,11,11,8,10,9,9,10,14,5,13,6,3,10,3,3,11,11,8,8,9,4,9,2,13,13,10,10,10,10,10,12,9,11,11,7,7,10,10,,,3,3,,,8,12,10,13,11,10,14,10,9,10,14,4,2,2,12,13,13,10,12,11,10,7,10,,5,,,8,5,6,5,7,3,2,8,12,12,9,14,5,5,7,6,8,6,4,9,9,7,13,14,5,8,10,7,13,6,10,10,13,6,8,9,5,10,9,9,,,4,1,,,8,3,9,8,8,7,6,8,2,1,11,13,6,6,6,8,6,10,9,9,11,6,7,10,,2,,,b'\x11\xe8\xe1I\xd7\xf2\xfeb\x98|\x12\xdf\x17\xaeN\x1e'
11E8E149-D7F2-FE62-987C-12DF17AE4E1E,2024-ncaa-d2-natl,ncaa,157,165,172,165,206,185,224,253,145,227,228,199,176,226,61,204,60,64,127,67,15,232,240,143,115,115,62,162,15,259,254,184,141,232,220,232,217,89,158,201,189,167,148,112,,,101,145,,,172,224,213,289,188,241,286,248,233,171,231,34,45,47,252,257,262,172,240,250,116,185,150,,111,,,170,102,88,82,148,55,43,172,232,226,184,260,131,113,216,121,210,81,75,182,193,192,262,254,146,114,141,124,254,109,220,194,252,197,168,219,92,158,179,240,,,83,6,,,172,75,145,196,170,147,121,105,57,33,241,239,143,129,130,101,91,128,154,133,207,188,116,205,,36,,,b'\x11\xe8\xe1I\xd7\xf2\xfeb\x98|\x12\xdf\x17\xaeN\x1e'
11E8E149-D7F2-FE62-987C-12DF17AE4E1E,2025-ncaa-d2-conf-Mid-America Intercollegiate,genius_ncaa,10,9,9,10,12,9,12,11,11,11,9,12,12,12,9,9,2,2,10,1,1,10,9,12,9,12,3,9,1,8,6,13,12,11,10,9,4,11,11,11,3,2,8,6,,,11,13,,11,11,11,4,12,9,12,11,11,9,10,10,1,1,1,9,4,6,14,11,8,11,2,7,,13,,11,11,5,3,3,13,2,2,12,8,7,11,11,13,12,8,12,14,3,5,14,14,8,14,10,13,7,12,6,6,6,10,13,14,4,1,8,8,8,12,12,,,2,2,,4,11,4,11,8,11,10,4,3,2,1,11,10,13,13,13,3,10,11,7,8,13,1,10,12,,2,,4,b'\x11\xe8\xe1I\xd7\xf2\xfeb\x98|\x12\xdf\x17\xaeN\x1e'
11E8E149-D7F2-FE62-987C-12DF17AE4E1E,2025-ncaa-d2-natl,genius_ncaa,195,180,230,197,249,210,258,265,227,251,228,241,226,232,189,218,35,21,215,19,3,214,240,230,189,170,55,209,1,198,193,240,95,234,176,242,163,57,117,192,149,89,181,103,,,172,276,,178,209,247,124,195,160,251,235,231,175,199,197,6,5,3,111,135,149,189,190,222,125,93,151,,245,,216,207,109,77,27,245,50,23,260,184,145,245,235,216,205,214,206,289,37,47,267,278,257,273,223,235,36,95,107,193,63,176,192,270,187,116,214,36,64,223,264,,,77,4,,219,209,54,176,228,204,220,167,56,111,28,238,218,259,246,247,104,126,64,212,146,244,121,72,260,,8,,203,b'\x11\xe8\xe1I\xd7\xf2\xfeb\x98|\x12\xdf\x17\xaeN\x1e'
11E8E149-D7F2-FE62-987C-12DF17AE4E1E,2026-ncaa-d2-conf-Mid-America Intercollegiate,genius_ncaa,1,1,3,1,7,4,6,8,3,11,13,7,1,3,3,2,8,9,5,9,5,9,13,1,1,2,1,1,8,10,7,7,6,9,4,2,3,2,5,1,8,7,10,8,,,10,13,,12,1,13,11,5,2,4,7,11,13,1,2,6,8,8,8,13,9,5,7,1,3,7,10,,11,,13,1,1,1,1,1,1,1,1,6,10,6,11,5,6,4,7,14,1,3,2,2,1,14,13,12,6,6,3,7,3,4,2,5,2,1,1,1,1,1,1,,,6,5,,3,1,4,2,1,1,1,1,1,1,1,6,11,5,7,8,1,3,6,3,3,2,1,1,1,,5,,2,b'\x11\xe8\xe1I\xd7\xf2\xfeb\x98|\x12\xdf\x17\xaeN\x1e'
11E8E149-D7F2-FE62-987C-12DF17AE4E1E,2026-ncaa-d2-natl,genius_ncaa,5,13,13,15,27,24,50,37,155,70,62,146,38,30,137,109,3,11,8,11,29,29,37,133,73,55,35,141,21,62,144,8,18,14,41,34,60,177,57,52,70,134,125,159,,,268,242,,294,22,38,141,88,61,141,129,169,185,101,87,11,40,43,84,142,141,29,54,86,58,152,175,,211,,277,36,216,178,232,46,131,208,20,250,235,235,170,243,247,165,254,222,242,248,75,87,87,275,246,215,118,18,250,144,209,41,142,90,47,100,64,52,5,105,64,,,7,18,,25,22,262,51,62,34,70,43,68,23,73,197,150,156,161,175,77,94,34,140,72,48,128,5,55,,21,,52,b'\x11\xe8\xe1I\xd7\xf2\xfeb\x98|\x12\xdf\x17\xaeN\x1e'
11E8E149-D7F7-9710-987C-12DF17AE4E1E,2018-ncaa-d2-conf-GLIAC,ncaa,6,6,6,6,6,7,9,11,5,9,10,5,11,11,7,9,5,6,4,6,2,10,10,5,5,6,6,11,1,9,5,4,2,7,2,11,12,6,8,11,12,11,5,5,,,1,3,,,5,11,12,3,8,9,12,8,10,11,11,2,4,4,11,12,8,1,5,11,8,12,4,,2,,,5,1,2,5,3,2,6,1,2,2,7,2,2,3,4,3,3,3,2,3,3,5,4,7,2,4,2,1,5,1,2,2,3,12,12,8,8,9,2,5,,,4,1,,,5,2,7,5,6,3,3,5,3,9,3,2,3,4,4,3,1,4,1,1,3,12,9,2,,2,,,b'\x11\xe8\xe1I\xd7\xf7\x97\x10\x98|\x12\xdf\x17\xaeN\x1e'
11E8E149-D7F7-9710-987C-12DF17AE4E1E,2018-ncaa-d2-natl,ncaa,125,147,64,139,78,173,190,246,89,175,224,73,211,223,176,183,93,157,16,140,60,236,225,109,74,126,156,221,39,247,187,86,15,158,31,258,276,201,258,263,276,274,51,48,,,31,63,,,168,219,303,93,252,274,309,240,280,243,258,105,187,174,307,305,281,131,230,289,152,296,56,,8,,,166,115,154,151,163,152,190,108,167,113,255,110,53,41,246,42,36,115,75,163,143,219,116,177,60,30,15,31,187,23,31,164,158,284,289,284,276,292,96,162,,,93,12,,,168,96,148,182,163,62,102,64,93,121,134,68,28,19,19,28,5,12,8,3,110,305,251,76,,127,,,b'\x11\xe8\xe1I\xd7\xf7\x97\x10\x98|\x12\xdf\x17\xaeN\x1e'
11E8E149-D7F7-9710-987C-12DF17AE4E1E,2019-ncaa-d2-conf-GLIAC,ncaa,3,4,1,4,1,3,5,7,4,5,6,5,6,7,4,8,2,3,6,3,3,5,5,4,4,4,6,8,4,3,2,3,2,2,1,8,12,6,6,8,11,11,6,5,,,3,3,,,3,8,12,2,8,8,12,8,10,9,11,6,7,7,12,12,6,5,5,10,3,12,7,,2,,,3,2,3,7,2,1,2,2,11,10,5,11,3,3,12,3,3,6,5,2,2,3,11,11,6,4,2,1,2,1,1,4,9,9,8,6,6,6,5,5,,,1,1,,,3,5,3,3,3,1,1,1,1,1,7,8,2,2,2,1,1,2,1,1,3,11,3,3,,1,,,b'\x11\xe8\xe1I\xd7\xf7\x97\x10\x98|\x12\xdf\x17\xaeN\x1e'
11E8E149-D7F7-9710-987C-12DF17AE4E1E,2019-ncaa-d2-natl,ncaa,42,74,16,65,18,116,127,180,65,138,207,68,104,122,72,109,103,150,39,156,112,182,185,63,51,70,105,118,133,132,60,43,9,71,5,189,262,161,181,187,289,299,107,83,,,47,71,,,50,192,311,88,255,255,308,260,295,157,210,200,241,251,308,309,222,148,182,273,47,308,147,,8,,,54,43,60,175,22,29,77,35,254,286,71,299,24,17,310,14,19,116,86,42,35,85,272,300,46,33,9,26,60,23,5,161,269,256,253,253,177,194,140,161,,,39,4,,,50,117,57,58,47,3,7,16,4,6,170,219,7,3,3,3,1,5,2,1,74,305,71,60,,134,,,b'\x11\xe8\xe1I\xd7\xf7\x97\x10\x98|\x12\xdf\x17\xaeN\x1e'
11E8E149-D7F7-9710-987C-12DF17AE4E1E,2020-ncaa-d2-conf-GLIAC,ncaa,5,5,5,5,7,9,9,11,9,9,9,8,10,10,12,4,9,9,5,9,6,11,10,9,9,9,5,8,4,8,5,6,1,6,3,12,12,2,9,11,11,11,5,4,,,2,5,,,6,12,12,6,11,11,11,10,9,12,7,9,11,11,12,12,7,6,8,12,2,11,5,,2,,,7,2,1,2,4,1,2,3,6,4,8,7,2,2,5,2,5,1,1,4,3,6,9,9,5,1,1,1,5,1,3,2,3,12,11,10,5,10,1,2,,,8,2,,,6,1,9,5,7,2,2,1,2,2,5,4,3,2,2,1,1,1,3,2,2,12,5,1,,8,,,b'\x11\xe8\xe1I\xd7\xf7\x97\x10\x98|\x12\xdf\x17\xaeN\x1e'
11E8E149-D7F7-9710-987C-12DF17AE4E1E,2020-ncaa-d2-natl,ncaa,159,182,54,167,84,256,254,256,235,257,263,190,195,157,248,87,251,274,65,272,237,265,257,230,223,227,140,130,176,235,209,131,5,186,57,286,287,141,212,269,300,302,90,50,,,34,86,,,215,255,310,209,299,295,307,288,294,219,192,284,300,298,309,310,268,190,261,300,94,307,104,,8,,,204,66,85,89,108,41,57,57,262,206,296,274,31,25,264,27,62,59,31,158,138,205,276,304,54,8,5,97,209,28,57,156,254,293,282,283,216,264,28,54,,,186,56,,,215,54,233,144,216,26,38,19,17,16,229,157,11,11,12,7,1,1,36,8,121,308,176,22,,255,,,b'\x11\xe8\xe1I\xd7\xf7\x97\x10\x98|\x12\xdf\x17\xaeN\x1e'
11E8E149-D7F7-9710-987C-12DF17AE4E1E,2021-ncaa-d2-conf-GLIAC,ncaa,7,3,12,6,12,12,12,12,6,11,12,6,10,12,4,4,10,11,7,11,3,12,12,5,4,7,3,3,4,10,5,9,1,10,1,11,9,4,12,11,12,12,7,5,,,2,4,,,7,12,12,8,9,10,12,10,12,6,10,8,9,9,12,12,8,7,8,10,9,12,5,,2,,,7,1,1,2,3,1,1,2,2,3,5,7,2,2,2,2,6,1,1,3,3,5,11,11,6,2,1,1,5,1,1,1,1,12,12,8,6,12,1,2,,,11,6,,,7,1,8,4,7,3,3,6,3,4,6,6,2,3,3,4,1,2,1,1,2,12,10,2,,11,,,b'\x11\xe8\xe1I\xd7\xf7\x97\x10\x98|\x12\xdf\x17\xaeN\x1e'
11E8E149-D7F7-9710-987C-12DF17AE4E1E,2021-ncaa-d2-natl,ncaa,72,112,82,83,93,121,119,129,80,128,138,83,81,102,59,75,122,130,57,129,98,130,129,70,66,99,71,60,121,163,157,85,6,117,23,135,160,133,179,166,184,212,82,89,,,85,59,,,107,118,217,121,178,182,218,179,212,100,128,170,184,184,221,223,211,116,182,184,99,221,106,,14,,,108,108,109,117,58,98,108,63,143,144,121,174,77,83,85,83,65,113,98,71,58,126,161,190,55,48,6,71,157,65,23,66,21,175,212,156,142,169,73,74,,,122,111,,,107,108,128,87,108,31,40,49,31,52,134,128,27,31,29,34,4,8,6,3,13,222,125,31,,204,,,b'\x11\xe8\xe1I\xd7\xf7\x97\x10\x98|\x12\xdf\x17\xaeN\x1e'
11E8E149-D7F7-9710-987C-12DF17AE4E1E,2022-ncaa-d2-conf-GLIAC,ncaa,8,8,4,8,6,8,8,8,9,8,6,9,8,9,9,8,11,11,7,11,11,8,8,9,9,9,11,7,10,6,4,7,3,6,4,8,9,7,8,8,7,7,7,7,,,2,6,,,8,8,9,7,9,9,9,7,5,8,8,11,11,11,9,9,6,9,8,9,6,7,7,,3,,,8,3,4,3,5,3,4,4,9,6,11,9,1,1,2,1,3,3,4,7,5,4,8,11,1,1,3,4,4,1,4,6,7,6,5,7,9,10,2,1,,,11,11,,,8,4,9,4,8,3,4,2,4,1,9,6,1,1,1,2,1,1,2,1,7,6,9,1,,11,,,b'\x11\xe8\xe1I\xd7\xf7\x97\x10\x98|\x12\xdf\x17\xaeN\x1e'
11E8E149-D7F7-9710-987C-12DF17AE4E1E,2022-ncaa-d2-natl,ncaa,174,203,106,189,124,211,193,178,209,183,172,188,192,161,230,120,253,254,182,252,256,194,200,216,224,202,205,154,236,184,172,139,4,157,49,198,182,94,134,170,238,221,196,163,,,89,173,,,189,206,290,158,271,255,239,237,216,207,179,280,273,270,268,281,207,171,208,235,78,267,206,,67,,,183,84,84,87,130,44,67,106,227,187,255,251,66,66,137,63,133,77,70,172,161,190,263,278,78,8,4,103,172,40,49,169,236,231,206,238,185,224,92,115,,,221,210,,,189,97,217,127,186,36,42,22,20,20,218,169,43,50,49,18,4,5,75,11,139,259,158,80,,275,,,b'\x11\xe8\xe1I\xd7\xf7\x97\x10\x98|\x12\xdf\x17\xaeN\x1e'
11E8E149-D7F7-9710-987C-12DF17AE4E1E,2023-ncaa-d2-conf-GLIAC,ncaa,5,4,5,5,8,8,8,5,9,6,1,9,8,8,9,8,9,10,9,10,10,8,8,9,9,9,10,8,10,3,3,7,2,5,3,8,9,1,3,6,5,4,6,4,,,1,1,,,4,10,10,6,9,7,2,4,1,9,8,9,10,10,6,9,2,7,3,9,3,5,7,,1,,,4,2,2,1,3,2,1,6,1,3,2,7,1,1,8,1,1,1,1,3,3,2,2,2,1,1,2,5,3,3,3,3,4,6,4,4,4,4,1,1,,,8,6,,,4,1,8,2,5,2,2,2,4,2,2,3,2,2,2,1,1,1,6,3,3,6,4,1,,8,,,b'\x11\xe8\xe1I\xd7\xf7\x97\x10\x98|\x12\xdf\x17\xaeN\x1e'
11E8E149-D7F7-9710-987C-12DF17AE4E1E,2023-ncaa-d2-natl,ncaa,120,118,148,124,174,208,188,175,185,134,113,161,245,225,265,216,224,233,139,236,264,185,235,224,223,165,264,246,181,132,119,151,2,144,39,220,231,18,38,110,228,165,141,80,,,11,42,,,125,246,293,168,235,193,171,122,86,254,230,223,237,245,198,265,116,135,127,227,17,230,133,,9,,,125,45,63,49,166,61,34,197,109,125,119,234,17,14,282,14,51,30,26,175,165,188,134,207,60,5,2,110,119,34,39,45,75,252,190,154,18,62,33,26,,,167,63,,,125,42,143,128,135,36,68,19,59,23,124,137,27,13,13,5,2,1,126,32,57,253,41,45,,145,,,b'\x11\xe8\xe1I\xd7\xf7\x97\x10\x98|\x12\xdf\x17\xaeN\x1e'
11E8E149-D7F7-9710-987C-12DF17AE4E1E,2024-ncaa-d2-conf-GLIAC,ncaa,3,3,1,3,1,3,3,2,6,3,1,6,1,3,3,6,3,2,5,2,7,2,2,6,6,4,4,3,7,3,6,1,2,2,2,5,8,1,2,3,7,9,4,4,,,5,3,,,4,2,8,5,5,5,4,5,3,4,5,7,8,8,5,8,6,2,3,7,1,9,5,,2,,,4,9,8,10,3,8,10,4,5,8,1,6,7,7,8,7,4,10,9,3,2,6,4,3,7,3,2,10,6,9,2,4,3,8,9,7,3,2,9,6,,,2,3,,,4,10,4,4,4,3,3,5,5,8,2,5,5,5,5,6,2,2,8,4,3,10,2,6,,4,,,b'\x11\xe8\xe1I\xd7\xf7\x97\x10\x98|\x12\xdf\x17\xaeN\x1e'
11E8E149-D7F7-9710-987C-12DF17AE4E1E,2024-ncaa-d2-natl,ncaa,48,74,26,71,39,68,64,50,127,108,106,150,29,36,49,65,119,152,48,149,207,62,91,101,106,59,61,42,221,142,206,18,1,42,29,98,189,22,6,37,269,287,87,84,,,120,77,,,69,79,259,185,115,125,135,192,205,38,65,196,237,237,168,261,210,31,93,165,3,293,120,,27,,,72,188,202,232,104,187,165,184,194,263,32,243,122,132,115,135,113,222,176,115,94,167,138,183,80,14,1,252,206,158,29,124,65,232,264,222,34,17,246,234,,,71,80,,,69,227,62,100,61,52,82,81,71,45,129,207,56,64,70,58,9,3,150,34,56,287,13,209,,156,,,b'\x11\xe8\xe1I\xd7\xf7\x97\x10\x98|\x12\xdf\x17\xaeN\x1e'
11E8E149-D7F7-9710-987C-12DF17AE4E1E,2025-ncaa-d2-conf-GLIAC,genius_ncaa,2,2,3,2,3,3,4,4,3,5,5,3,3,4,4,6,4,6,7,5,5,4,5,2,2,3,5,6,7,5,5,2,1,3,2,3,3,3,3,3,8,8,3,3,,,2,3,,2,2,4,11,3,5,5,8,5,8,5,5,8,7,7,8,9,6,2,5,5,3,8,5,,2,,3,2,3,3,6,1,2,5,2,7,9,1,9,6,5,9,4,8,6,5,2,2,2,10,7,11,4,1,5,5,4,2,3,4,8,7,5,4,3,2,2,,,4,4,,5,2,5,3,2,2,2,2,3,2,3,4,7,5,4,4,3,1,3,2,2,3,8,3,1,,6,,6,b'\x11\xe8\xe1I\xd7\xf7\x97\x10\x98|\x12\xdf\x17\xaeN\x1e'
11E8E149-D7F7-9710-987C-12DF17AE4E1E,2025-ncaa-d2-natl,genius_ncaa,32,62,15,52,17,42,38,37,71,70,91,67,23,27,50,58,168,181,112,182,229,46,56,51,62,57,95,54,268,125,198,10,5,22,41,36,61,141,76,35,181,221,55,51,,,126,47,,64,50,49,241,176,110,91,158,155,238,56,75,253,259,262,204,249,208,20,81,62,50,244,83,,22,,37,63,208,199,262,50,133,194,76,263,290,90,266,137,100,284,105,75,254,233,70,70,118,245,262,96,65,5,268,198,200,41,217,187,164,231,216,204,152,94,71,,,111,205,,107,50,254,62,78,59,51,53,97,29,39,199,237,54,31,33,58,27,15,125,56,110,260,113,44,,257,,147,b'\x11\xe8\xe1I\xd7\xf7\x97\x10\x98|\x12\xdf\x17\xaeN\x1e'
11E8E149-D7F7-9710-987C-12DF17AE4E1E,2026-ncaa-d2-conf-GLIAC,genius_ncaa,1,1,1,1,1,4,4,3,4,2,2,2,8,8,9,8,7,7,2,7,10,4,8,6,7,4,11,9,7,6,5,1,5,3,4,7,10,1,1,5,11,11,6,8,,,1,2,,1,6,9,8,1,4,4,3,2,2,8,8,7,7,7,4,8,6,1,3,7,1,11,6,,1,,1,6,7,7,9,5,4,8,2,9,9,8,7,2,4,3,3,3,9,4,6,4,7,8,9,2,5,5,6,5,6,4,7,7,11,11,10,3,4,2,2,,,9,8,,6,6,4,4,7,5,7,7,9,4,8,9,9,2,4,3,9,4,5,6,6,7,11,3,2,,9,,6,b'\x11\xe8\xe1I\xd7\xf7\x97\x10\x98|\x12\xdf\x17\xaeN\x1e'
11E8E149-D7F7-9710-987C-12DF17AE4E1E,2026-ncaa-d2-natl,genius_ncaa,1,13,1,13,1,4,2,1,33,4,10,67,2,4,24,103,86,94,103,90,282,4,10,27,41,14,164,70,282,4,47,4,42,1,25,11,236,120,2,11,81,200,113,203,,,233,56,,127,12,10,286,76,48,24,54,63,112,30,88,257,275,275,105,250,81,98,80,124,1,231,218,,21,,38,32,281,281,291,149,270,283,138,288,293,196,214,192,194,166,202,47,290,282,170,152,184,167,229,48,223,42,277,47,274,25,266,115,77,238,216,93,3,167,49,,,35,232,,68,12,288,7,143,26,79,106,92,80,77,190,166,36,26,28,48,11,41,49,28,112,266,1,57,,258,,169,b'\x11\xe8\xe1I\xd7\xf7\x97\x10\x98|\x12\xdf\x17\xaeN\x1e'
11E8E149-D7FC-4A4E-987C-12DF17AE4E1E,2018-ncaa-d2-conf-NSIC,ncaa,2,3,3,3,3,2,2,4,1,1,1,2,16,16,2,16,5,4,6,4,12,3,4,2,2,3,16,16,9,2,1,2,2,1,1,2,1,5,5,1,12,11,8,5,,,2,2,,,2,7,13,4,3,2,5,1,1,16,16,4,5,5,5,7,2,2,2,1,6,12,10,,1,,,3,6,5,9,4,3,5,4,14,13,11,14,3,3,1,3,6,7,9,6,5,6,14,14,2,3,2,2,1,1,1,4,5,9,8,8,13,11,6,3,,,3,3,,,2,10,1,6,2,3,3,5,3,4,13,14,2,2,2,3,2,1,1,1,2,11,10,6,,3,,,b'\x11\xe8\xe1I\xd7\xfcJN\x98|\x12\xdf\x17\xaeN\x1e'
11E8E149-D7FC-4A4E-987C-12DF17AE4E1E,2018-ncaa-d2-natl,ncaa,22,30,24,29,25,22,14,53,5,5,12,30,172,265,5,301,82,107,58,100,271,55,86,16,15,12,297,276,233,52,14,19,4,21,1,6,2,81,32,5,269,291,90,85,,,78,53,,,25,98,288,47,45,25,154,9,33,234,301,139,186,186,157,231,90,27,39,4,26,300,125,,11,,,24,215,210,251,83,73,137,51,302,298,260,302,71,70,158,71,83,233,182,140,114,187,298,307,42,41,4,41,14,29,1,179,124,235,273,234,227,171,229,96,,,39,50,,,25,216,6,134,20,69,68,101,14,28,281,270,20,22,22,56,12,8,3,1,73,291,131,158,,103,,,b'\x11\xe8\xe1I\xd7\xfcJN\x98|\x12\xdf\x17\xaeN\x1e'
11E8E149-D7FC-4A4E-987C-12DF17AE4E1E,2019-ncaa-d2-conf-NSIC,ncaa,13,13,9,13,13,15,14,14,14,13,6,15,16,16,15,16,14,14,4,14,13,15,16,15,15,15,15,16,7,8,3,11,1,10,2,14,7,8,12,12,16,14,15,13,,,4,14,,,13,16,16,7,15,14,13,13,3,16,16,10,13,13,14,15,4,10,8,14,9,16,15,,8,,,13,2,2,1,11,1,2,10,9,7,10,12,5,5,10,6,14,1,1,11,11,12,13,11,9,1,1,3,3,1,2,2,5,16,15,12,10,12,12,11,,,13,7,,,13,1,14,11,13,6,4,2,2,2,9,9,8,8,8,2,1,1,3,1,4,16,10,14,,10,,,b'\x11\xe8\xe1I\xd7\xfcJN\x98|\x12\xdf\x17\xaeN\x1e'
11E8E149-D7FC-4A4E-987C-12DF17AE4E1E,2019-ncaa-d2-natl,ncaa,216,244,118,229,162,238,227,240,193,194,149,227,258,273,143,272,210,237,62,233,249,245,256,218,201,192,243,245,120,165,98,135,6,147,29,179,100,76,159,137,300,304,230,203,,,88,224,,,225,265,306,206,280,266,289,203,153,277,292,217,252,247,295,299,166,143,152,194,75,307,245,,75,,,217,90,81,66,178,55,43,167,234,187,245,267,114,83,247,88,196,62,26,213,219,282,262,274,146,8,6,50,98,20,29,67,92,303,307,288,99,169,257,259,,,184,63,,,225,45,178,248,225,78,71,32,42,18,229,190,107,78,88,27,2,3,41,6,69,310,90,254,,201,,,b'\x11\xe8\xe1I\xd7\xfcJN\x98|\x12\xdf\x17\xaeN\x1e'
11E8E149-D7FC-4A4E-987C-12DF17AE4E1E,2020-ncaa-d2-conf-NSIC,ncaa,12,12,5,12,8,12,12,14,10,12,12,9,13,12,9,7,6,5,15,5,2,13,10,10,9,12,5,9,3,10,6,10,3,10,4,8,4,13,14,12,12,10,15,15,,,10,12,,,12,11,14,13,13,14,15,13,15,13,13,8,6,7,14,13,10,12,10,10,13,13,15,,9,,,12,4,3,3,8,4,3,9,11,9,10,13,10,11,6,11,11,3,5,10,10,9,12,13,10,2,3,2,6,2,4,6,8,8,7,9,12,13,11,13,,,4,3,,,12,5,13,9,12,6,6,1,5,2,10,11,10,10,10,2,2,2,3,1,8,10,12,11,,4,,,b'\x11\xe8\xe1I\xd7\xfcJN\x98|\x12\xdf\x17\xaeN\x1e'
11E8E149-D7FC-4A4E-987C-12DF17AE4E1E,2020-ncaa-d2-natl,ncaa,144,182,17,163,28,116,127,173,81,129,177,70,132,134,118,143,86,91,122,95,62,159,122,77,65,124,129,157,97,200,180,60,29,108,59,97,83,253,236,153,238,265,251,257,,,206,197,,,167,96,267,104,190,202,288,204,265,162,189,127,152,157,280,271,252,132,205,139,186,282,270,,126,,,163,245,230,225,171,176,156,180,273,269,206,247,213,178,248,176,174,215,178,188,196,241,240,246,154,62,29,105,180,82,59,196,141,222,251,231,265,256,197,222,,,41,36,,,167,212,142,208,169,142,127,98,102,62,225,208,145,124,123,84,33,21,28,17,130,286,218,152,,100,,,b'\x11\xe8\xe1I\xd7\xfcJN\x98|\x12\xdf\x17\xaeN\x1e'
11E8E149-D7FC-4A4E-987C-12DF17AE4E1E,2021-ncaa-d2-conf-NSIC,ncaa,11,11,9,12,11,14,13,12,9,10,11,13,15,15,3,15,12,11,12,11,13,13,12,10,11,12,14,14,7,11,5,13,9,12,5,13,13,7,12,13,9,6,13,11,,,4,7,,,10,13,14,9,13,13,12,10,7,15,15,13,12,12,12,12,10,14,13,14,8,7,14,,3,,,10,4,2,5,6,1,1,6,13,12,7,16,4,3,10,3,11,4,4,7,7,8,16,16,5,7,9,1,5,3,5,6,15,11,8,11,6,11,3,3,,,13,10,,,10,4,12,7,10,4,4,6,1,1,14,16,3,3,3,3,3,7,1,3,9,10,8,3,,13,,,b'\x11\xe8\xe1I\xd7\xfcJN\x98|\x12\xdf\x17\xaeN\x1e'
11E8E149-D7FC-4A4E-987C-12DF17AE4E1E,2021-ncaa-d2-natl,ncaa,140,135,144,152,156,159,153,163,100,143,139,148,166,179,28,196,142,154,52,154,153,161,163,108,99,106,151,150,76,174,128,158,56,165,72,157,157,62,111,126,138,86,164,143,,,57,99,,,122,160,175,121,148,140,178,116,80,162,214,113,137,132,173,188,173,154,174,165,70,109,171,,54,,,120,65,58,66,73,47,51,72,126,111,153,216,64,55,205,57,131,62,60,110,111,138,212,216,109,44,56,47,128,45,72,82,193,172,158,180,65,120,56,55,,,166,102,,,122,66,123,111,123,75,62,69,21,19,193,195,82,57,59,49,25,42,27,18,132,185,92,59,,161,,,b'\x11\xe8\xe1I\xd7\xfcJN\x98|\x12\xdf\x17\xaeN\x1e'
11E8E149-D7FC-4A4E-987C-12DF17AE4E1E,2022-ncaa-d2-conf-NSIC,ncaa,7,10,3,9,3,6,5,5,8,3,2,12,16,15,10,16,6,6,11,6,11,4,3,11,13,14,16,16,6,3,1,3,6,1,1,8,10,15,11,12,14,15,3,2,,,9,7,,,11,6,12,4,12,9,9,4,2,16,16,8,8,9,9,7,2,7,2,11,13,15,3,,8,,,11,14,13,15,8,11,11,5,15,15,13,12,7,8,2,9,10,14,11,10,6,10,12,15,5,10,6,5,1,6,1,14,13,13,16,14,16,13,10,7,,,7,13,,,11,12,9,10,11,8,8,10,6,9,15,12,7,8,8,10,6,6,2,3,12,16,14,7,,11,,,b'\x11\xe8\xe1I\xd7\xfcJN\x98|\x12\xdf\x17\xaeN\x1e'
11E8E149-D7FC-4A4E-987C-12DF17AE4E1E,2022-ncaa-d2-natl,ncaa,129,179,64,156,83,98,83,91,97,45,36,137,231,242,142,276,97,113,100,116,229,87,103,142,134,117,278,268,139,92,81,70,22,65,23,139,230,119,84,131,246,269,23,20,,,106,89,,,182,108,220,92,132,99,139,44,35,267,275,123,147,149,133,187,114,75,79,186,79,278,26,,62,,,179,244,253,242,201,191,197,165,292,267,280,248,75,84,103,89,59,222,159,234,199,270,227,281,26,47,22,129,81,91,23,244,173,276,296,293,167,129,225,138,,,135,181,,,182,193,107,243,178,201,224,214,140,135,280,244,41,48,56,179,53,23,55,25,206,296,114,208,,205,,,b'\x11\xe8\xe1I\xd7\xfcJN\x98|\x12\xdf\x17\xaeN\x1e'
11E8E149-D7FC-4A4E-987C-12DF17AE4E1E,2023-ncaa-d2-conf-NSIC,ncaa,6,6,4,6,5,6,5,5,8,3,2,8,16,16,13,16,7,6,9,6,12,5,9,11,11,7,16,16,3,4,5,4,4,3,5,7,9,1,2,4,11,11,2,1,,,11,11,,,7,10,14,11,8,5,7,3,2,16,16,8,5,4,5,12,6,3,2,7,1,12,1,,8,,,7,6,2,8,2,2,7,2,12,10,12,9,14,10,16,10,14,8,6,2,4,6,16,14,15,4,4,10,5,7,5,5,10,12,14,10,2,3,7,3,,,11,9,,,7,7,6,6,6,3,3,4,1,5,9,9,12,12,12,5,3,4,8,7,5,14,3,7,,11,,,b'\x11\xe8\xe1I\xd7\xfcJN\x98|\x12\xdf\x17\xaeN\x1e'
11E8E149-D7FC-4A4E-987C-12DF17AE4E1E,2023-ncaa-d2-natl,ncaa,84,101,68,97,101,104,84,79,110,38,25,131,264,263,234,283,107,118,119,114,244,79,141,180,176,83,284,281,138,115,168,49,18,56,63,122,199,5,1,23,257,269,6,2,,,108,107,,,90,151,250,208,140,96,94,25,21,279,280,143,152,148,107,235,152,32,59,154,1,275,5,,58,,,92,142,101,185,42,61,149,26,232,214,216,211,181,130,291,137,141,174,133,68,95,166,276,249,194,53,18,222,168,163,63,61,62,259,275,191,30,35,125,39,,,149,152,,,90,146,85,144,92,78,50,125,19,82,213,184,147,88,93,94,27,35,181,101,38,282,20,97,,208,,,b'\x11\xe8\xe1I\xd7\xfcJN\x98|\x12\xdf\x17\xaeN\x1e'
11E8E149-D7FC-4A4E-987C-12DF17AE4E1E,2024-ncaa-d2-conf-NSIC,ncaa,3,2,5,3,5,5,5,5,5,4,3,5,7,10,2,11,5,6,2,6,7,6,6,5,5,5,10,9,6,8,8,3,4,4,3,2,2,8,6,3,10,10,3,3,,,12,8,,,5,5,7,3,5,4,4,3,4,7,10,4,5,6,6,7,7,4,3,2,7,10,3,,10,,,4,5,4,10,2,5,10,2,9,9,8,7,11,9,15,9,6,10,10,2,3,4,12,9,12,3,4,7,8,6,3,1,2,8,10,3,10,7,7,4,,,5,8,,,5,11,5,5,5,5,3,10,5,8,8,9,10,9,9,10,10,4,5,5,1,9,9,6,,7,,,b'\x11\xe8\xe1I\xd7\xfcJN\x98|\x12\xdf\x17\xaeN\x1e'
11E8E149-D7FC-4A4E-987C-12DF17AE4E1E,2024-ncaa-d2-natl,ncaa,55,59,78,64,86,89,74,96,61,56,82,67,140,151,127,186,133,156,73,158,226,107,130,78,84,68,229,198,202,170,194,37,22,69,63,60,80,74,57,39,195,218,37,41,,,166,164,,,81,117,203,79,94,71,131,61,103,165,192,159,188,192,143,210,200,20,70,60,49,226,34,,118,,,80,156,151,219,56,135,220,34,183,176,177,141,159,113,283,111,64,207,158,57,67,141,186,192,148,86,22,186,194,151,63,55,37,235,262,174,153,143,151,110,,,141,158,,,81,180,76,121,81,97,96,192,77,198,163,144,118,89,89,163,86,51,130,87,39,266,122,131,,192,,,b'\x11\xe8\xe1I\xd7\xfcJN\x98|\x12\xdf\x17\xaeN\x1e'
11E8E149-D7FC-4A4E-987C-12DF17AE4E1E,2025-ncaa-d2-conf-NSIC,genius_ncaa,4,4,4,4,5,4,4,4,3,2,3,2,13,14,10,14,5,7,4,6,9,4,6,4,4,4,14,14,7,7,6,3,2,4,2,3,3,1,1,1,10,10,4,4,,,7,6,,3,4,6,9,5,4,3,5,2,2,15,14,5,7,6,4,6,7,2,3,1,1,13,4,,3,,4,4,9,11,13,7,12,14,4,8,6,13,6,5,6,5,5,2,11,9,6,5,7,6,7,5,3,2,4,6,2,2,4,2,12,15,8,2,2,2,1,,,9,7,,12,4,9,3,8,4,6,8,11,9,12,8,6,5,5,5,10,4,3,3,2,2,14,2,2,,8,,13,b'\x11\xe8\xe1I\xd7\xfcJN\x98|\x12\xdf\x17\xaeN\x1e'
11E8E149-D7FC-4A4E-987C-12DF17AE4E1E,2025-ncaa-d2-natl,genius_ncaa,67,95,43,86,55,36,27,42,16,12,25,14,171,170,162,250,64,91,55,84,216,44,71,37,41,21,283,263,185,127,166,19,12,39,33,18,53,59,14,8,247,280,36,63,,,116,55,,27,75,62,176,93,33,21,70,11,40,214,226,95,129,123,77,162,172,16,47,13,22,282,42,,47,,17,79,268,274,263,186,269,274,122,219,167,269,84,177,157,215,160,48,263,211,180,164,248,93,151,84,64,12,203,166,148,33,111,19,261,290,241,119,62,105,40,,,106,162,,253,75,234,24,199,85,183,211,222,210,253,178,103,106,90,94,194,76,28,120,68,64,289,64,76,,171,,269,b'\x11\xe8\xe1I\xd7\xfcJN\x98|\x12\xdf\x17\xaeN\x1e'
11E8E149-D7FC-4A4E-987C-12DF17AE4E1E,2026-ncaa-d2-conf-NSIC,genius_ncaa,6,11,1,10,1,2,2,2,6,2,2,6,15,14,14,16,2,1,15,1,6,2,2,10,9,10,16,16,4,3,6,1,5,1,4,4,9,15,10,10,6,12,5,8,,,16,16,,16,12,1,16,10,14,13,14,4,6,16,16,8,4,3,13,13,10,15,12,9,9,14,9,,12,,12,12,16,15,16,15,15,12,15,10,13,6,8,16,16,16,16,13,16,15,14,16,15,7,6,15,8,5,15,6,12,4,14,10,2,9,10,13,9,16,15,,,3,8,,9,12,15,10,12,12,8,7,3,9,3,5,6,13,8,8,3,1,3,2,1,8,12,8,14,,9,,11,b'\x11\xe8\xe1I\xd7\xfcJN\x98|\x12\xdf\x17\xaeN\x1e'
11E8E149-D7FC-4A4E-987C-12DF17AE4E1E,2026-ncaa-d2-natl,genius_ncaa,65,144,13,127,13,56,37,61,59,18,27,56,212,194,213,266,79,42,264,41,152,51,61,105,129,106,276,270,165,50,93,37,38,36,44,94,207,177,80,116,222,263,101,144,,,228,194,,183,178,69,287,15,161,116,210,44,78,263,272,157,104,104,188,244,123,139,128,175,58,276,158,,93,,141,174,250,250,236,228,248,220,241,208,218,146,149,258,210,295,214,144,230,206,216,244,267,131,123,187,111,38,208,93,176,44,205,89,176,250,228,148,74,277,226,,,67,139,,188,178,227,94,246,173,152,144,75,164,94,132,130,177,106,108,61,14,33,63,32,116,276,55,243,,198,,234,b'\x11\xe8\xe1I\xd7\xfcJN\x98|\x12\xdf\x17\xaeN\x1e'
11E8E149-D800-989C-987C-12DF17AE4E1E,2018-ncaa-d2-conf-Mid-America Intercollegiate,ncaa,13,12,13,13,14,13,14,14,13,14,14,14,2,2,2,1,14,14,2,14,13,14,14,10,11,12,1,1,14,14,14,12,11,14,14,12,6,8,12,11,14,14,11,12,,,1,4,,,14,14,12,6,12,13,11,14,14,1,1,14,14,14,12,12,14,12,13,11,10,14,10,,5,,,14,8,12,3,14,14,9,14,1,1,5,3,4,4,8,4,4,4,1,14,12,14,1,1,4,7,11,6,14,5,14,5,1,14,14,14,9,13,5,13,,,13,12,,,14,1,13,14,14,13,14,13,14,13,3,5,6,6,6,13,6,12,11,11,12,14,11,9,,13,,,b'\x11\xe8\xe1I\xd8\x00\x98\x9c\x98|\x12\xdf\x17\xaeN\x1e'
11E8E149-D800-989C-987C-12DF17AE4E1E,2018-ncaa-d2-natl,ncaa,279,272,250,281,252,267,270,267,229,298,301,235,76,77,100,13,288,301,38,302,253,285,290,171,175,171,16,7,273,279,269,277,173,289,263,271,223,43,166,206,306,309,234,235,,,43,167,,,284,288,277,56,250,254,236,296,293,34,27,288,302,302,272,284,268,261,285,262,89,309,224,,94,,,284,177,226,70,302,258,117,301,69,41,232,60,106,85,230,88,116,65,22,296,295,308,21,48,94,49,173,93,269,67,263,70,13,306,306,298,55,161,119,263,,,291,237,,,284,22,207,305,288,268,285,172,295,233,128,71,184,154,159,164,46,98,202,149,140,308,102,163,,281,,,b'\x11\xe8\xe1I\xd8\x00\x98\x9c\x98|\x12\xdf\x17\xaeN\x1e'
11E8E149-D800-989C-987C-12DF17AE4E1E,2019-ncaa-d2-conf-Mid-America Intercollegiate,ncaa,12,12,11,12,14,14,14,14,14,14,14,14,7,7,4,2,10,13,1,13,2,14,14,10,9,10,1,1,2,14,14,14,11,14,14,13,11,2,9,11,14,9,14,14,,,2,8,,,13,14,14,14,14,14,14,14,14,4,4,5,12,12,14,14,14,14,14,12,3,13,14,,2,,,13,1,5,1,14,9,2,14,1,1,13,2,3,2,10,2,6,1,1,14,14,14,3,3,4,1,11,7,14,2,14,4,6,9,4,6,6,14,1,3,,,12,2,,,13,1,11,14,14,9,12,2,13,5,3,1,5,5,4,1,1,2,14,6,6,6,8,1,,8,,,b'\x11\xe8\xe1I\xd8\x00\x98\x9c\x98|\x12\xdf\x17\xaeN\x1e'
11E8E149-D800-989C-987C-12DF17AE4E1E,2019-ncaa-d2-natl,ncaa,271,259,260,271,282,281,291,301,185,302,304,208,113,154,41,27,252,294,1,295,93,304,305,113,79,87,7,16,116,304,307,305,241,305,307,281,199,12,152,170,297,277,289,284,,,24,190,,,263,303,305,285,275,289,307,307,310,69,99,204,281,282,309,310,308,311,311,277,24,299,288,,55,,,262,62,112,8,310,168,33,308,35,13,300,48,59,37,293,34,121,9,8,310,310,309,34,49,102,22,241,48,307,26,307,67,58,284,174,224,66,264,16,133,,,285,53,,,263,9,166,305,275,191,234,17,263,78,82,14,120,76,73,13,6,58,158,97,138,260,143,25,,258,,,b'\x11\xe8\xe1I\xd8\x00\x98\x9c\x98|\x12\xdf\x17\xaeN\x1e'
11E8E149-D800-989C-987C-12DF17AE4E1E,2020-ncaa-d2-conf-Mid-America Intercollegiate,ncaa,10,11,4,10,4,10,11,12,12,14,14,12,2,2,6,1,12,13,2,13,6,12,12,11,11,10,1,1,11,14,14,11,9,13,14,12,12,4,7,10,11,9,3,3,,,8,12,,,11,11,14,1,13,14,14,14,14,2,2,12,14,14,14,14,14,12,14,12,4,11,3,,8,,,11,9,11,7,11,13,12,10,3,1,8,1,7,9,4,9,7,7,6,7,9,10,1,1,8,7,9,13,14,12,14,4,3,9,9,8,7,9,2,5,,,9,7,,,11,5,10,10,11,7,9,7,11,11,2,1,7,8,8,6,1,6,12,12,4,10,8,2,,13,,,b'\x11\xe8\xe1I\xd8\x00\x98\x9c\x98|\x12\xdf\x17\xaeN\x1e'
11E8E149-D800-989C-987C-12DF17AE4E1E,2020-ncaa-d2-natl,ncaa,211,220,173,217,177,251,269,273,233,302,304,202,41,33,114,4,271,296,15,294,124,280,294,143,143,131,3,3,231,306,311,269,177,300,304,258,207,22,106,161,267,245,55,48,,,108,199,,,223,271,304,17,273,284,300,309,310,32,27,277,305,303,305,311,311,284,310,275,23,277,48,,117,,,220,87,117,54,229,189,142,211,34,18,171,30,127,120,173,117,127,54,42,198,194,215,35,39,163,84,177,206,311,161,304,64,39,243,188,143,75,187,8,67,,,268,141,,,223,46,204,212,221,99,128,44,198,157,36,12,134,135,131,44,16,91,231,185,63,250,72,4,,294,,,b'\x11\xe8\xe1I\xd8\x00\x98\x9c\x98|\x12\xdf\x17\xaeN\x1e'
11E8E149-D800-989C-987C-12DF17AE4E1E,2021-ncaa-d2-conf-Mid-America Intercollegiate,ncaa,9,9,9,9,12,14,14,14,13,14,14,12,5,2,12,1,14,14,3,14,8,14,14,12,12,8,1,2,12,14,14,14,5,14,14,14,10,1,2,5,14,14,7,5,,,3,12,,,9,14,14,7,14,14,14,14,14,3,2,14,14,14,14,14,14,14,14,14,1,14,5,,8,,,9,1,1,1,10,4,3,9,1,1,6,1,7,5,13,5,11,1,1,8,10,11,4,2,12,1,5,11,14,5,14,1,1,14,14,9,1,1,2,9,,,13,6,,,9,1,11,11,10,4,3,1,10,7,2,1,9,9,9,1,1,2,13,8,2,14,1,2,,13,,,b'\x11\xe8\xe1I\xd8\x00\x98\x9c\x98|\x12\xdf\x17\xaeN\x1e'
11E8E149-D800-989C-987C-12DF17AE4E1E,2021-ncaa-d2-natl,ncaa,125,199,47,167,58,124,127,102,185,158,157,136,39,12,169,2,145,155,55,156,128,111,124,161,161,119,5,7,185,185,223,97,58,126,211,132,149,52,17,61,192,221,38,49,,,143,188,,,180,108,226,121,210,210,213,223,226,60,22,215,222,222,224,226,224,200,224,203,1,224,55,,69,,,160,133,131,118,149,155,146,131,71,75,79,20,180,163,188,165,142,123,111,116,142,185,48,19,191,91,58,193,223,165,211,82,18,157,206,152,45,15,113,159,,,115,108,,,180,117,153,171,170,30,34,8,92,76,9,3,131,103,105,6,1,19,168,94,12,223,4,49,,218,,,b'\x11\xe8\xe1I\xd8\x00\x98\x9c\x98|\x12\xdf\x17\xaeN\x1e'
11E8E149-D800-989C-987C-12DF17AE4E1E,2022-ncaa-d2-conf-Mid-America Intercollegiate,ncaa,7,6,7,7,9,11,11,13,10,13,14,8,4,3,5,2,10,9,10,9,2,13,13,9,9,9,2,2,7,11,11,9,3,9,8,13,12,1,5,10,13,13,6,6,,,8,13,,,8,13,13,7,11,12,13,13,14,4,3,9,10,10,13,14,12,7,10,13,3,13,5,,8,,,8,1,1,1,7,7,9,5,1,1,1,1,10,9,11,9,9,1,1,3,5,7,1,1,13,2,3,8,11,5,8,1,2,14,13,7,1,2,8,14,,,9,3,,,8,2,9,7,8,2,4,2,9,12,1,1,11,11,11,2,2,2,9,6,2,14,1,9,,7,,,b'\x11\xe8\xe1I\xd8\x00\x98\x9c\x98|\x12\xdf\x17\xaeN\x1e'
11E8E149-D800-989C-987C-12DF17AE4E1E,2022-ncaa-d2-natl,ncaa,78,119,47,104,52,138,144,163,131,194,236,83,59,51,126,30,160,174,143,164,79,162,199,93,103,74,47,45,196,224,257,89,10,141,116,209,259,24,36,112,291,296,68,90,,,168,250,,,103,193,300,134,241,250,288,269,293,83,77,230,232,229,285,301,270,167,242,264,4,299,84,,85,,,108,117,126,113,149,220,240,120,8,12,29,2,237,204,259,204,142,130,88,77,122,200,10,3,262,20,10,215,257,124,116,31,18,275,282,191,7,4,237,272,,,108,27,,,103,110,90,153,102,17,24,8,142,169,2,1,174,146,141,12,3,9,123,33,8,299,2,203,,201,,,b'\x11\xe8\xe1I\xd8\x00\x98\x9c\x98|\x12\xdf\x17\xaeN\x1e'
11E8E149-D800-989C-987C-12DF17AE4E1E,2023-ncaa-d2-conf-Mid-America Intercollegiate,ncaa,7,7,5,7,6,9,9,9,8,10,8,10,8,8,9,8,8,9,9,9,8,9,10,9,9,7,5,5,8,6,4,8,2,7,4,13,13,5,7,9,11,10,10,10,,,9,11,,,7,11,14,6,10,10,10,11,10,8,8,10,10,10,11,13,5,8,8,14,5,12,10,,8,,,7,4,4,2,10,8,9,7,1,1,9,1,9,12,3,13,11,2,1,8,7,9,4,1,13,1,2,8,4,3,4,4,8,12,10,9,3,4,9,11,,,6,5,,,7,4,8,7,7,3,3,1,8,7,2,1,8,9,8,2,2,2,5,3,7,12,5,10,,7,,,b'\x11\xe8\xe1I\xd8\x00\x98\x9c\x98|\x12\xdf\x17\xaeN\x1e'
11E8E149-D800-989C-987C-12DF17AE4E1E,2023-ncaa-d2-natl,ncaa,120,162,68,144,79,146,139,131,160,155,124,189,111,123,93,136,168,178,135,181,200,138,181,153,152,106,124,105,176,117,153,117,14,120,92,205,259,19,19,101,235,222,124,140,,,145,221,,,122,197,297,86,204,198,206,207,183,123,151,201,213,216,217,287,154,188,181,246,7,259,146,,95,,,124,122,136,90,228,200,178,175,54,26,229,28,169,178,73,176,164,96,73,188,190,220,46,45,187,17,14,197,153,113,92,121,121,240,223,212,17,37,266,271,,,135,78,,,122,103,93,167,118,62,78,10,156,131,32,11,131,150,148,12,3,4,141,47,92,269,13,268,,189,,,b'\x11\xe8\xe1I\xd8\x00\x98\x9c\x98|\x12\xdf\x17\xaeN\x1e'
11E8E149-D800-989C-987C-12DF17AE4E1E,2024-ncaa-d2-conf-Mid-America Intercollegiate,ncaa,4,5,2,5,2,7,7,5,7,8,10,6,4,2,7,3,9,6,9,6,4,5,5,7,7,7,3,3,8,4,4,5,7,5,7,7,10,8,7,7,8,8,5,7,,,8,7,,,6,5,14,7,8,8,11,11,12,5,4,10,8,8,11,14,7,11,8,8,5,9,6,,4,,,6,4,5,7,5,7,11,2,1,1,4,1,9,7,13,7,6,7,10,3,4,4,2,1,12,5,7,8,4,8,7,4,4,4,6,3,5,5,7,8,,,2,4,,,6,10,7,3,6,2,2,1,4,10,1,1,8,7,7,1,1,5,4,5,3,8,5,5,,7,,,b'\x11\xe8\xe1I\xd8\x00\x98\x9c\x98|\x12\xdf\x17\xaeN\x1e'
11E8E149-D800-989C-987C-12DF17AE4E1E,2024-ncaa-d2-natl,ncaa,40,45,50,42,58,81,98,92,122,143,159,113,48,48,92,63,69,77,116,78,48,90,120,103,95,64,50,64,112,128,173,82,35,94,104,153,222,47,33,94,169,181,71,73,,,203,217,,,62,116,264,166,113,155,194,207,242,59,69,106,114,116,181,245,176,147,164,203,16,212,90,,123,,,66,148,113,137,105,152,189,76,81,72,151,54,240,226,238,228,191,157,151,92,116,137,149,72,254,61,35,216,173,168,104,40,24,156,172,68,50,46,202,210,,,58,50,,,62,175,63,108,66,48,30,19,63,101,50,35,183,166,168,30,17,25,131,63,16,208,28,168,,101,,,b'\x11\xe8\xe1I\xd8\x00\x98\x9c\x98|\x12\xdf\x17\xaeN\x1e'
11E8E149-D800-989C-987C-12DF17AE4E1E,2025-ncaa-d2-conf-Mid-America Intercollegiate,genius_ncaa,9,8,9,9,10,11,10,12,9,13,11,10,7,8,4,6,11,13,8,13,9,13,14,8,8,7,5,4,9,12,9,11,2,12,5,13,13,1,1,7,14,14,9,10,,,1,6,,2,9,13,14,4,12,11,12,13,12,7,7,12,13,13,13,14,10,12,13,13,1,14,8,,4,,1,9,2,2,2,14,8,8,10,1,1,12,1,3,4,11,4,4,2,2,10,11,13,1,1,6,1,2,3,9,2,5,2,3,14,13,11,1,3,5,9,,,11,5,,8,9,2,7,10,8,3,3,1,13,12,1,1,5,4,4,1,1,1,4,3,4,14,1,7,,12,,8,b'\x11\xe8\xe1I\xd8\x00\x98\x9c\x98|\x12\xdf\x17\xaeN\x1e'
11E8E149-D800-989C-987C-12DF17AE4E1E,2025-ncaa-d2-natl,genius_ncaa,160,131,230,149,235,229,236,268,150,265,277,181,126,160,52,82,228,237,157,237,113,272,292,113,118,61,54,59,176,258,230,240,27,257,148,251,239,7,5,56,295,300,163,161,,,30,211,,15,146,291,300,59,201,204,250,255,253,82,116,200,200,208,249,296,237,189,236,237,2,301,136,,72,,13,146,34,55,20,241,133,126,190,10,8,168,4,104,102,132,99,112,19,9,186,191,268,9,8,199,10,27,65,230,23,148,34,46,295,296,275,7,8,97,213,,,259,86,,261,146,11,70,239,146,92,123,27,229,233,7,1,163,164,158,37,1,10,160,71,56,299,3,141,,214,,263,b'\x11\xe8\xe1I\xd8\x00\x98\x9c\x98|\x12\xdf\x17\xaeN\x1e'
11E8E149-D800-989C-987C-12DF17AE4E1E,2026-ncaa-d2-conf-Mid-America Intercollegiate,genius_ncaa,1,1,3,1,3,5,5,5,7,7,6,9,2,9,1,9,13,11,11,11,12,5,7,4,6,4,6,4,14,3,2,4,1,4,2,9,11,4,6,7,8,5,8,7,,,5,11,,6,4,14,14,1,3,3,3,7,5,2,7,12,10,10,4,5,2,2,2,8,5,7,8,,6,,6,4,3,3,2,5,2,4,4,10,6,13,10,2,8,1,9,13,2,1,8,5,6,11,12,4,1,1,5,2,2,2,4,7,11,7,6,3,4,6,5,,,11,11,,7,4,3,3,4,3,3,3,2,2,4,11,8,2,9,10,2,1,1,5,2,5,10,4,6,,10,,7,b'\x11\xe8\xe1I\xd8\x00\x98\x9c\x98|\x12\xdf\x17\xaeN\x1e'
11E8E149-D800-989C-987C-12DF17AE4E1E,2026-ncaa-d2-natl,genius_ncaa,30,13,141,24,145,168,173,162,193,215,182,239,85,115,67,96,183,165,213,171,141,166,194,151,171,118,55,48,194,81,75,73,8,77,17,213,244,37,25,118,162,116,58,46,,,117,221,,42,46,218,277,29,145,161,111,217,170,57,86,174,142,153,115,205,54,13,10,217,22,163,49,,127,,38,47,54,43,81,22,47,107,9,75,60,179,68,101,120,79,118,148,83,73,19,23,49,203,157,220,32,8,140,75,91,17,23,26,228,206,63,38,36,155,177,,,172,92,,165,46,86,79,33,32,21,15,48,26,134,76,38,113,139,136,50,21,18,170,80,8,248,31,173,,137,,170,b'\x11\xe8\xe1I\xd8\x00\x98\x9c\x98|\x12\xdf\x17\xaeN\x1e'
11E8E149-D805-0A94-987C-12DF17AE4E1E,2018-ncaa-d2-conf-Great Northwest,ncaa,2,1,4,2,4,1,3,4,1,2,3,5,4,6,1,9,1,1,3,1,3,3,3,1,1,1,3,8,2,7,6,3,7,5,5,5,7,9,7,6,2,3,5,6,,,10,7,,,1,3,1,1,1,2,4,2,3,4,7,1,1,1,3,1,6,3,6,6,8,2,5,,10,,,1,8,7,10,6,7,8,7,6,8,1,8,6,8,2,8,6,10,9,4,4,3,3,4,7,9,7,5,6,7,5,8,9,2,2,2,4,2,9,8,,,2,2,,,1,9,1,3,3,5,7,6,8,6,5,8,7,8,7,6,11,7,3,4,6,2,4,10,,2,,,b'\x11\xe8\xe1I\xd8\x05\n\x94\x98|\x12\xdf\x17\xaeN\x1e'
11E8E149-D805-0A94-987C-12DF17AE4E1E,2018-ncaa-d2-natl,ncaa,47,18,148,27,161,57,70,124,30,72,114,58,94,172,8,209,16,40,46,41,43,111,109,33,14,23,115,171,55,163,107,157,167,161,112,81,164,153,121,98,42,42,157,151,,,264,264,,,44,97,47,74,9,29,80,41,84,86,166,5,17,18,47,54,155,141,138,60,179,34,156,,289,,,34,178,140,140,157,154,118,200,139,181,61,177,234,220,205,223,233,157,198,151,175,110,179,110,233,164,167,62,107,86,112,209,224,48,50,89,80,58,223,197,,,31,19,,,44,203,32,109,46,190,169,174,170,136,147,199,248,237,238,196,250,179,63,97,217,37,90,237,,8,,,b'\x11\xe8\xe1I\xd8\x05\n\x94\x98|\x12\xdf\x17\xaeN\x1e'
11E8E149-D805-0A94-987C-12DF17AE4E1E,2019-ncaa-d2-conf-Great Northwest,ncaa,2,2,1,2,1,1,1,2,1,1,2,2,3,5,1,9,1,1,1,1,2,2,1,1,1,1,5,7,2,1,1,3,5,1,1,3,10,10,4,5,2,2,6,7,,,11,9,,,2,1,1,4,1,1,4,1,2,4,6,1,1,1,2,1,1,7,2,5,5,2,7,,11,,,2,8,4,10,3,3,5,3,9,10,5,9,9,9,8,9,9,10,11,4,5,2,10,9,8,9,5,1,1,4,1,7,10,2,2,2,3,2,6,4,,,1,5,,,2,11,1,2,2,3,3,3,3,2,7,8,9,9,9,2,11,4,1,1,2,2,2,6,,3,,,b'\x11\xe8\xe1I\xd8\x05\n\x94\x98|\x12\xdf\x17\xaeN\x1e'
11E8E149-D805-0A94-987C-12DF17AE4E1E,2019-ncaa-d2-natl,ncaa,16,5,30,11,43,12,15,30,14,11,21,30,58,125,4,240,4,13,13,14,94,23,21,13,8,8,160,194,87,34,11,80,101,49,21,32,217,222,68,69,11,14,145,150,,,304,290,,,11,24,65,242,6,5,45,11,40,82,197,4,24,24,32,52,49,177,87,49,126,15,173,,295,,,9,237,192,208,138,173,178,148,226,235,142,198,275,262,211,262,247,228,281,146,172,71,232,170,249,162,101,79,11,105,21,259,259,10,14,47,182,64,257,131,,,12,72,,,11,291,5,53,10,100,75,63,77,58,138,151,229,211,213,78,199,86,12,17,173,21,99,214,,35,,,b'\x11\xe8\xe1I\xd8\x05\n\x94\x98|\x12\xdf\x17\xaeN\x1e'
11E8E149-D805-0A94-987C-12DF17AE4E1E,2020-ncaa-d2-conf-Great Northwest,ncaa,2,2,4,2,4,3,2,2,4,2,2,2,5,4,9,4,3,1,11,1,3,1,2,4,4,4,8,8,7,3,5,9,7,5,7,7,10,3,2,6,1,1,7,6,,,7,7,,,3,2,2,4,1,2,1,2,3,5,4,1,1,1,1,1,1,9,4,7,3,1,7,,8,,,3,7,4,2,9,4,3,8,7,5,10,6,7,7,8,7,7,5,10,10,10,2,7,8,6,3,7,10,5,8,7,9,10,1,1,2,3,2,6,6,,,2,2,,,3,10,4,2,3,5,5,2,5,2,8,5,7,7,7,2,10,4,9,7,8,1,3,7,,1,,,b'\x11\xe8\xe1I\xd8\x05\n\x94\x98|\x12\xdf\x17\xaeN\x1e'
11E8E149-D805-0A94-987C-12DF17AE4E1E,2020-ncaa-d2-natl,ncaa,60,46,173,53,198,70,54,75,54,39,107,31,132,91,206,132,110,81,231,78,87,69,107,64,86,57,211,196,190,98,127,257,214,212,214,200,299,56,31,130,8,4,160,132,,,218,215,,,58,114,48,150,25,20,35,21,88,125,69,90,58,53,32,55,88,271,200,200,65,3,158,,242,,,54,152,117,69,215,112,65,221,172,145,211,193,226,199,251,199,252,78,182,220,254,103,230,180,232,138,214,194,127,171,214,191,249,16,9,54,86,63,173,141,,,57,55,,,58,194,54,101,64,160,128,64,117,58,184,158,236,209,210,73,228,141,214,200,204,10,92,176,,28,,,b'\x11\xe8\xe1I\xd8\x05\n\x94\x98|\x12\xdf\x17\xaeN\x1e'
11E8E149-D805-0A94-987C-12DF17AE4E1E,2021-ncaa-d2-conf-Great Northwest,ncaa,2,4,1,2,2,1,1,1,3,1,1,2,3,1,6,3,1,2,2,2,5,1,1,3,2,3,5,6,4,3,6,3,3,3,4,1,5,6,3,2,1,1,3,3,,,6,4,,,3,1,2,3,2,3,1,1,2,6,2,2,4,4,1,2,5,6,6,2,5,1,5,,5,,,3,6,6,5,5,6,5,4,6,5,5,5,3,5,2,5,4,5,6,5,6,3,3,5,2,4,3,6,6,5,4,6,6,1,1,3,6,3,4,2,,,2,5,,,3,6,3,3,3,4,4,3,4,2,6,5,2,3,3,2,5,1,5,3,6,1,4,2,,4,,,b'\x11\xe8\xe1I\xd8\x05\n\x94\x98|\x12\xdf\x17\xaeN\x1e'
11E8E149-D805-0A94-987C-12DF17AE4E1E,2021-ncaa-d2-natl,ncaa,140,95,173,132,181,165,161,167,112,145,166,48,171,153,203,91,173,176,105,172,145,169,167,125,133,142,178,162,140,168,137,190,96,187,169,152,111,73,153,124,89,18,169,117,,,76,178,,,128,165,19,121,82,69,47,49,75,133,65,118,125,117,46,32,115,195,172,71,187,17,146,,203,,,127,55,56,43,195,52,36,219,84,80,146,208,55,49,112,47,163,43,57,206,205,115,160,180,75,31,96,58,137,47,169,108,218,104,7,89,69,133,27,23,,,169,146,,,128,59,146,85,127,163,162,95,118,25,189,190,106,107,103,84,178,57,162,116,214,6,164,27,,71,,,b'\x11\xe8\xe1I\xd8\x05\n\x94\x98|\x12\xdf\x17\xaeN\x1e'
11E8E149-D805-0A94-987C-12DF17AE4E1E,2022-ncaa-d2-conf-Great Northwest,ncaa,4,5,2,5,3,2,2,2,3,2,1,6,5,6,5,10,1,1,5,1,3,2,2,5,4,6,6,9,1,1,1,6,9,4,8,3,9,10,5,6,2,2,9,8,,,10,9,,,5,2,3,3,2,3,3,1,1,8,7,1,1,1,2,1,1,9,6,6,8,2,9,,10,,,5,9,9,7,9,8,3,10,8,9,7,9,10,10,3,10,10,8,9,9,9,5,9,7,8,8,9,8,1,8,8,9,9,1,2,1,9,6,7,4,,,2,5,,,5,9,6,6,5,8,7,3,6,2,9,10,9,9,9,5,9,9,6,7,8,1,9,6,,3,,,b'\x11\xe8\xe1I\xd8\x05\n\x94\x98|\x12\xdf\x17\xaeN\x1e'
11E8E149-D805-0A94-987C-12DF17AE4E1E,2022-ncaa-d2-natl,ncaa,98,81,146,94,151,90,104,120,99,71,73,99,201,204,197,233,47,41,130,42,71,95,87,128,110,136,210,259,46,73,61,201,234,151,155,115,153,237,185,173,48,48,247,240,,,265,257,,,117,93,40,49,45,63,75,35,47,207,206,16,20,22,45,30,68,232,147,89,239,36,257,,280,,,117,201,162,134,202,103,72,228,262,254,200,271,240,234,159,234,281,147,205,233,239,156,282,251,220,212,234,116,61,149,155,257,281,33,24,113,239,198,80,46,,,64,83,,,117,204,126,157,129,226,176,133,95,45,267,272,247,239,238,175,254,210,125,167,268,23,242,85,,27,,,b'\x11\xe8\xe1I\xd8\x05\n\x94\x98|\x12\xdf\x17\xaeN\x1e'
11E8E149-D805-0A94-987C-12DF17AE4E1E,2023-ncaa-d2-conf-Great Northwest,ncaa,7,6,7,7,7,7,8,8,6,4,5,6,10,10,10,10,1,1,4,1,1,7,8,9,6,7,8,10,1,6,7,8,9,7,8,10,10,8,9,10,2,2,8,8,,,9,9,,,8,6,2,1,5,6,5,3,1,9,9,1,1,1,3,2,5,7,5,10,9,2,7,,9,,,8,7,5,4,6,3,3,3,9,7,10,7,9,8,6,8,8,5,6,6,7,4,10,9,6,8,9,3,7,6,8,4,8,2,2,2,9,9,9,9,,,2,2,,,8,6,7,6,7,9,6,6,3,4,9,9,9,9,9,6,9,8,6,7,7,1,9,10,,2,,,b'\x11\xe8\xe1I\xd8\x05\n\x94\x98|\x12\xdf\x17\xaeN\x1e'
11E8E149-D805-0A94-987C-12DF17AE4E1E,2023-ncaa-d2-natl,ncaa,169,162,197,172,196,154,179,168,174,136,139,120,220,166,274,181,58,77,61,77,68,149,153,202,160,158,188,244,26,163,172,241,272,224,256,210,227,148,152,203,32,25,216,210,,,219,214,,,182,150,58,1,97,131,79,76,80,217,141,18,35,35,50,49,122,244,212,198,194,19,207,,258,,,180,168,122,101,183,72,81,129,239,154,286,188,224,189,253,182,229,108,171,223,246,150,280,239,218,228,272,159,172,190,256,228,270,32,23,92,227,230,231,233,,,98,60,,,182,152,161,165,174,251,195,166,121,124,261,202,258,232,224,202,271,257,232,259,261,17,257,263,,35,,,b'\x11\xe8\xe1I\xd8\x05\n\x94\x98|\x12\xdf\x17\xaeN\x1e'
11E8E149-D805-0A94-987C-12DF17AE4E1E,2024-ncaa-d2-conf-Great Northwest,ncaa,7,7,8,7,9,6,7,7,6,8,9,4,4,3,5,3,8,8,6,8,6,7,7,4,5,7,3,4,7,9,8,8,6,8,8,4,3,9,9,6,4,4,4,6,,,6,7,,,8,7,2,4,6,6,4,6,6,4,2,5,7,7,5,3,6,6,7,4,9,3,3,,8,,,7,7,8,4,10,7,5,8,8,7,9,6,5,5,8,5,4,4,3,9,9,8,6,7,4,5,6,6,8,5,8,7,6,5,5,7,8,9,3,4,,,9,9,,,8,4,6,8,7,9,9,8,9,8,9,7,7,7,7,9,8,7,9,9,8,3,9,4,,8,,,b'\x11\xe8\xe1I\xd8\x05\n\x94\x98|\x12\xdf\x17\xaeN\x1e'
11E8E149-D805-0A94-987C-12DF17AE4E1E,2024-ncaa-d2-natl,ncaa,216,165,275,204,278,241,235,266,115,246,273,112,151,187,87,79,259,267,149,267,196,274,274,98,116,150,97,67,232,252,213,272,227,277,233,165,45,128,249,148,174,102,152,111,,,36,104,,,215,267,49,118,109,105,114,153,177,60,74,204,200,203,135,83,191,206,220,55,261,78,104,,172,,,221,71,82,35,256,59,35,210,187,89,291,195,67,45,264,43,121,31,35,267,268,234,210,240,84,84,227,33,213,41,233,162,233,186,92,191,175,260,53,153,,,263,192,,,215,32,169,238,219,265,268,236,226,188,270,222,171,141,137,227,245,212,201,213,271,63,266,140,,142,,,b'\x11\xe8\xe1I\xd8\x05\n\x94\x98|\x12\xdf\x17\xaeN\x1e'
11E8E149-D805-0A94-987C-12DF17AE4E1E,2025-ncaa-d2-conf-Great Northwest,genius_ncaa,6,5,5,5,6,2,3,4,3,2,2,4,6,8,5,8,3,2,5,2,3,4,3,5,3,5,8,7,3,5,6,7,6,7,6,5,6,9,7,7,2,2,7,6,,,9,9,,1,6,3,1,10,2,2,5,3,3,6,7,2,2,2,3,2,4,5,5,6,9,2,6,,10,,1,6,8,7,5,7,4,3,8,10,9,8,9,9,10,4,10,9,9,9,7,7,7,9,9,8,6,6,7,6,6,6,9,9,2,2,4,10,10,8,7,,,2,4,,8,6,8,6,6,6,7,7,5,6,3,9,9,9,9,9,6,8,6,6,6,8,2,10,7,,2,,8,b'\x11\xe8\xe1I\xd8\x05\n\x94\x98|\x12\xdf\x17\xaeN\x1e'
11E8E149-D805-0A94-987C-12DF17AE4E1E,2025-ncaa-d2-natl,genius_ncaa,107,95,162,105,206,81,96,137,56,94,130,58,114,135,97,153,52,80,39,84,83,123,94,60,46,97,126,168,78,147,127,150,158,149,145,73,85,259,239,161,32,44,124,87,,,270,267,,85,134,75,14,294,30,39,79,52,107,101,124,30,58,60,64,32,122,129,130,51,267,26,117,,281,,100,135,236,178,159,201,96,79,186,281,254,272,256,262,249,206,249,284,180,221,239,259,187,295,269,217,150,158,132,127,132,145,281,285,39,42,151,287,278,272,270,,,77,95,,135,134,231,103,174,133,258,200,196,104,68,289,276,262,251,255,233,271,170,141,151,280,29,285,277,,40,,133,b'\x11\xe8\xe1I\xd8\x05\n\x94\x98|\x12\xdf\x17\xaeN\x1e'
11E8E149-D805-0A94-987C-12DF17AE4E1E,2026-ncaa-d2-conf-Great Northwest,genius_ncaa,6,6,9,6,9,9,9,9,8,8,9,6,9,9,8,9,7,8,2,8,6,9,9,8,7,7,9,10,2,9,4,10,6,10,8,9,8,1,4,7,6,2,9,9,,,1,3,,1,6,10,4,1,6,8,3,2,2,8,7,1,2,3,3,3,3,10,10,8,5,2,9,,3,,1,9,2,2,1,10,1,1,10,7,1,10,6,1,1,10,1,3,1,1,10,10,10,9,9,2,1,6,2,4,2,8,5,7,7,2,6,1,2,3,4,,,9,7,,8,6,2,6,9,8,9,10,2,7,3,9,2,4,3,3,1,3,1,4,3,9,2,3,5,,6,,6,b'\x11\xe8\xe1I\xd8\x05\n\x94\x98|\x12\xdf\x17\xaeN\x1e'
11E8E149-D805-0A94-987C-12DF17AE4E1E,2026-ncaa-d2-natl,genius_ncaa,107,98,141,113,219,145,181,140,242,224,198,226,91,63,181,50,86,116,61,112,59,143,123,213,185,200,22,75,60,87,48,244,254,190,178,210,223,219,219,243,33,24,203,180,,,203,225,,85,210,137,33,291,109,173,68,230,208,63,21,54,82,81,58,29,63,280,200,210,258,18,199,,253,,94,212,190,184,117,272,137,74,271,255,216,278,262,118,158,33,151,241,119,156,290,281,225,247,266,73,154,254,107,48,126,178,251,272,53,31,161,220,222,204,258,,,126,145,,188,210,156,187,222,216,258,249,145,159,53,281,253,135,191,185,153,244,195,98,141,281,25,246,234,,75,,194,b'\x11\xe8\xe1I\xd8\x05\n\x94\x98|\x12\xdf\x17\xaeN\x1e'
11E8E149-D809-66D4-987C-12DF17AE4E1E,2018-ncaa-d2-conf-GAC,ncaa,7,6,6,7,7,6,8,9,9,10,10,9,4,5,2,5,3,3,8,3,3,6,4,7,6,8,3,4,3,3,3,11,9,7,7,7,4,10,10,9,5,4,8,7,,,10,10,,,11,7,6,6,5,7,7,10,9,4,5,3,3,3,6,4,2,11,7,4,11,4,8,,11,,,11,11,10,6,11,9,4,11,9,9,10,10,9,7,10,7,9,6,6,11,11,12,7,8,7,7,9,3,3,3,7,10,9,3,5,10,9,8,11,11,,,2,4,,,11,6,7,12,10,11,11,6,10,5,10,9,9,8,8,7,7,8,4,4,11,4,10,11,,2,,,b'\x11\xe8\xe1I\xd8\tf\xd4\x98|\x12\xdf\x17\xaeN\x1e'
11E8E149-D809-66D4-987C-12DF17AE4E1E,2018-ncaa-d2-natl,ncaa,179,179,148,188,176,111,149,160,150,221,217,189,49,77,34,81,54,56,140,58,12,143,140,106,89,113,15,40,52,89,70,207,221,159,147,127,108,196,177,159,152,163,138,118,,,244,253,,,209,150,101,153,69,134,143,242,225,31,63,29,35,36,103,88,72,230,133,110,212,150,137,,267,,,210,272,253,174,272,174,82,276,294,274,282,289,239,219,251,220,255,181,168,286,288,292,279,283,164,177,221,112,70,135,147,271,233,170,189,243,190,181,294,302,,,60,32,,,209,165,89,287,205,282,266,210,186,86,299,287,253,236,234,227,209,198,122,143,267,159,209,302,,21,,,b'\x11\xe8\xe1I\xd8\tf\xd4\x98|\x12\xdf\x17\xaeN\x1e'
11E8E149-D809-66D4-987C-12DF17AE4E1E,2019-ncaa-d2-conf-GAC,ncaa,8,8,5,8,7,7,8,8,8,8,10,8,5,5,6,6,3,5,3,5,3,7,7,8,5,5,3,6,2,6,6,10,10,8,8,8,6,4,5,7,3,3,12,11,,,2,3,,,8,8,9,10,7,8,9,9,10,6,6,4,5,5,7,9,6,10,9,8,4,3,12,,1,,,8,8,9,4,11,7,3,11,10,11,8,12,1,1,5,1,3,4,5,11,11,9,4,11,1,5,10,4,6,6,8,12,12,4,4,8,6,8,10,11,,,8,6,,,8,4,5,9,8,9,9,5,7,3,10,10,1,1,1,4,4,7,5,6,12,4,7,10,,8,,,b'\x11\xe8\xe1I\xd8\tf\xd4\x98|\x12\xdf\x17\xaeN\x1e'
11E8E149-D809-66D4-987C-12DF17AE4E1E,2019-ncaa-d2-natl,ncaa,166,222,46,193,73,88,159,114,223,219,186,238,65,58,106,74,19,33,35,28,7,84,94,182,136,121,14,68,11,148,202,153,168,153,221,161,169,155,106,165,68,91,298,300,,,180,112,,,202,78,169,289,144,241,212,277,258,79,80,15,50,47,162,202,195,254,252,214,97,100,308,,108,,,193,288,282,218,262,180,93,279,308,304,277,300,143,134,176,131,181,209,230,285,280,240,275,298,61,170,168,257,202,236,221,305,301,59,78,239,220,163,263,281,,,41,37,,,202,244,127,240,183,218,219,119,114,23,299,288,77,77,74,102,129,117,185,150,289,85,151,236,,63,,,b'\x11\xe8\xe1I\xd8\tf\xd4\x98|\x12\xdf\x17\xaeN\x1e'
11E8E149-D809-66D4-987C-12DF17AE4E1E,2020-ncaa-d2-conf-GAC,ncaa,9,9,9,9,9,10,9,9,6,10,10,7,7,9,5,7,6,6,4,5,3,9,10,5,6,8,4,6,3,8,6,10,9,9,7,11,9,4,7,9,5,5,11,9,,,2,4,,,10,12,11,8,9,9,9,10,9,7,8,5,5,4,7,8,7,10,9,10,7,5,10,,2,,,10,2,4,3,9,2,1,9,12,12,7,12,1,1,7,2,5,2,3,9,8,8,11,12,2,7,9,1,6,2,7,11,12,7,5,10,4,8,7,11,,,8,3,,,10,1,7,10,10,5,6,5,4,1,12,12,1,1,2,4,6,9,2,5,11,5,7,8,,6,,,b'\x11\xe8\xe1I\xd8\tf\xd4\x98|\x12\xdf\x17\xaeN\x1e'
11E8E149-D809-66D4-987C-12DF17AE4E1E,2020-ncaa-d2-natl,ncaa,168,170,173,171,218,177,224,249,162,252,251,203,123,160,58,125,65,101,53,95,30,229,212,138,109,142,33,88,29,166,108,212,211,207,136,234,227,190,216,236,97,74,263,235,,,111,137,,,191,218,203,288,172,227,255,258,257,113,151,49,74,72,229,207,157,219,197,244,203,89,268,,121,,,192,187,169,144,191,49,25,199,307,306,302,308,47,39,217,39,141,110,105,275,264,238,305,310,24,173,211,51,108,87,136,273,290,161,141,238,230,253,237,272,,,92,26,,,191,96,141,251,193,203,190,160,48,13,308,307,40,34,36,116,119,186,52,94,274,151,234,241,,46,,,b'\x11\xe8\xe1I\xd8\tf\xd4\x98|\x12\xdf\x17\xaeN\x1e'
11E8E149-D809-66D4-987C-12DF17AE4E1E,2021-ncaa-d2-conf-GAC,ncaa,8,11,6,10,6,8,7,7,8,7,8,6,7,6,9,8,7,7,7,6,6,7,5,8,8,11,7,7,7,2,1,4,1,3,1,3,1,12,11,9,7,10,9,8,,,11,12,,,10,6,10,5,10,9,10,8,9,8,9,9,9,9,10,9,3,6,5,6,11,10,10,,12,,,10,9,7,8,9,6,4,9,11,10,10,11,11,10,11,10,11,8,7,11,11,12,10,11,10,4,1,6,1,4,1,10,11,10,12,12,11,11,8,9,,,6,8,,,10,7,10,12,10,6,4,3,3,3,11,11,9,7,7,3,1,1,1,1,9,12,10,4,,10,,,b'\x11\xe8\xe1I\xd8\tf\xd4\x98|\x12\xdf\x17\xaeN\x1e'
11E8E149-D809-66D4-987C-12DF17AE4E1E,2021-ncaa-d2-natl,ncaa,159,199,82,183,84,102,104,109,113,96,104,90,110,99,140,121,93,97,99,95,101,106,92,116,115,158,130,129,93,29,9,68,21,52,2,68,48,207,208,161,120,159,136,155,,,186,220,,,192,98,151,80,146,134,161,127,132,136,126,120,131,127,156,95,33,67,34,80,210,167,175,,204,,,179,154,139,131,145,112,96,139,204,194,185,213,194,167,208,165,204,135,119,176,192,218,213,208,177,70,21,96,9,81,2,162,161,163,215,218,195,194,144,131,,,100,177,,,192,127,133,206,180,173,127,110,58,21,209,209,193,163,160,117,39,22,15,12,154,219,196,118,,163,,,b'\x11\xe8\xe1I\xd8\tf\xd4\x98|\x12\xdf\x17\xaeN\x1e'
11E8E149-D809-66D4-987C-12DF17AE4E1E,2022-ncaa-d2-conf-GAC,ncaa,7,6,5,7,6,10,10,11,7,8,10,4,11,11,11,10,3,7,3,7,3,9,9,7,6,9,8,10,1,6,3,6,4,6,2,3,1,10,11,9,10,7,12,12,,,5,7,,,11,10,10,6,11,11,12,9,11,11,11,3,6,7,11,11,6,7,7,3,10,9,12,,6,,,11,5,6,6,10,5,2,10,12,12,9,12,2,1,4,1,6,4,2,10,10,10,11,12,2,4,4,1,3,1,2,10,12,8,6,11,10,11,12,12,,,8,5,,,11,3,11,8,10,7,8,4,4,2,12,12,1,1,1,3,1,4,1,1,10,7,10,12,,6,,,b'\x11\xe8\xe1I\xd8\tf\xd4\x98|\x12\xdf\x17\xaeN\x1e'
11E8E149-D809-66D4-987C-12DF17AE4E1E,2022-ncaa-d2-natl,ncaa,150,161,146,161,175,166,190,226,123,168,201,113,213,215,192,201,52,70,61,70,19,207,182,138,97,148,124,230,9,153,86,123,81,135,45,123,42,210,236,165,191,185,289,290,,,202,248,,,222,194,185,211,171,225,271,183,219,224,222,25,50,51,237,205,150,88,113,113,218,196,295,,212,,,214,194,184,156,206,84,51,220,297,289,257,298,94,97,125,95,179,138,120,252,242,256,292,298,55,97,81,53,86,52,45,248,252,227,234,274,257,267,265,280,,,106,34,,,222,128,147,256,207,218,209,186,69,23,297,294,97,99,96,162,104,101,28,42,252,237,249,271,,68,,,b'\x11\xe8\xe1I\xd8\tf\xd4\x98|\x12\xdf\x17\xaeN\x1e'
11E8E149-D809-66D4-987C-12DF17AE4E1E,2023-ncaa-d2-conf-GAC,ncaa,7,7,9,7,12,10,11,11,5,7,8,8,9,12,2,10,7,8,3,8,5,11,11,5,5,9,8,9,2,6,3,8,6,7,3,6,3,10,12,10,3,2,9,8,,,5,9,,,6,12,11,12,9,10,11,6,5,9,11,5,7,7,11,10,5,8,5,5,11,2,9,,9,,,6,3,1,2,6,1,1,9,10,11,6,12,6,6,6,6,11,2,2,9,7,7,12,11,8,4,6,1,3,1,3,7,12,8,6,9,8,11,1,3,,,10,5,,,6,1,8,8,7,4,3,3,1,1,11,12,6,6,6,3,4,6,2,2,8,7,9,1,,9,,,b'\x11\xe8\xe1I\xd8\tf\xd4\x98|\x12\xdf\x17\xaeN\x1e'
11E8E149-D809-66D4-987C-12DF17AE4E1E,2023-ncaa-d2-natl,ncaa,222,139,290,205,295,275,277,294,82,270,285,138,251,285,27,232,211,247,41,249,110,294,294,90,69,127,139,195,55,229,39,287,165,282,49,238,81,51,248,183,175,43,278,180,,,32,263,,,164,294,257,291,179,203,272,181,178,190,264,78,123,125,267,231,99,204,162,135,216,66,257,,217,,,164,12,8,7,139,4,4,220,196,191,177,297,36,37,142,40,284,5,4,217,217,214,293,295,169,29,165,4,39,4,49,48,262,270,147,202,56,234,19,86,,,282,100,,,164,5,111,225,162,138,84,57,5,5,288,295,166,171,176,66,53,137,6,23,189,186,207,79,,167,,,b'\x11\xe8\xe1I\xd8\tf\xd4\x98|\x12\xdf\x17\xaeN\x1e'
11E8E149-D809-66D4-987C-12DF17AE4E1E,2024-ncaa-d2-conf-GAC,ncaa,3,3,5,3,7,4,6,9,2,4,5,2,12,12,7,12,3,2,4,2,2,8,7,3,2,4,11,12,1,5,2,9,10,7,4,3,4,10,12,7,3,3,9,4,,,3,4,,,3,7,7,7,4,5,10,2,3,12,12,1,1,1,7,6,5,8,6,4,10,3,10,,5,,,3,2,3,4,3,1,1,5,11,12,4,12,3,4,2,4,9,4,7,6,5,3,12,12,3,10,10,1,2,1,4,10,12,3,2,5,12,12,10,9,,,2,2,,,3,6,4,3,3,3,3,4,1,1,11,12,3,3,4,5,7,11,1,3,9,2,12,11,,1,,,b'\x11\xe8\xe1I\xd8\tf\xd4\x98|\x12\xdf\x17\xaeN\x1e'
11E8E149-D809-66D4-987C-12DF17AE4E1E,2024-ncaa-d2-natl,ncaa,55,31,172,40,201,130,148,232,34,79,122,53,262,272,161,279,34,40,61,40,38,192,179,75,45,93,246,283,17,101,22,213,212,174,54,155,168,215,229,186,56,38,211,129,,,120,143,,,57,203,171,227,88,115,248,46,86,271,286,12,19,18,190,129,84,217,160,142,217,45,213,,132,,,49,48,34,63,60,10,11,98,282,287,173,299,52,61,98,63,245,55,98,138,115,55,297,299,93,169,212,13,22,33,54,150,280,53,30,67,242,250,238,241,,,52,11,,,57,89,75,69,50,56,28,58,4,1,290,296,63,77,77,41,136,183,4,26,173,38,235,252,,13,,,b'\x11\xe8\xe1I\xd8\tf\xd4\x98|\x12\xdf\x17\xaeN\x1e'
11E8E149-D809-66D4-987C-12DF17AE4E1E,2025-ncaa-d2-conf-GAC,genius_ncaa,5,6,3,6,3,5,5,3,8,3,2,9,8,8,9,10,3,3,4,3,9,3,1,8,7,7,10,10,2,1,1,6,11,2,2,5,7,12,10,9,2,3,5,3,,,7,5,,5,5,3,10,5,7,7,4,3,2,10,9,3,4,4,5,2,1,9,3,6,10,2,5,,4,,5,5,6,6,10,3,3,3,8,11,12,4,12,2,2,1,3,8,9,11,5,4,3,10,11,2,12,11,2,1,8,2,12,12,4,3,7,12,7,7,5,,,4,8,,12,5,9,5,6,5,5,5,5,2,2,10,12,2,3,3,5,7,11,1,6,12,3,9,6,,6,,12,b'\x11\xe8\xe1I\xd8\tf\xd4\x98|\x12\xdf\x17\xaeN\x1e'
11E8E149-D809-66D4-987C-12DF17AE4E1E,2025-ncaa-d2-natl,genius_ncaa,144,159,109,154,117,130,140,151,134,118,91,191,180,220,92,239,86,128,22,131,177,146,152,155,120,117,175,207,67,43,16,225,254,143,101,159,182,106,123,149,125,112,117,53,,,149,178,,118,138,203,281,39,142,159,173,112,94,196,244,74,131,133,170,202,46,272,170,182,99,140,125,,129,,116,141,150,108,122,137,35,31,158,287,276,249,293,140,132,203,130,240,113,128,213,203,188,299,298,144,223,254,39,16,90,101,242,275,138,123,209,95,91,207,170,,,141,118,,285,138,100,73,212,134,128,90,61,15,6,286,285,125,119,119,61,71,215,15,79,231,157,79,204,,147,,295,b'\x11\xe8\xe1I\xd8\tf\xd4\x98|\x12\xdf\x17\xaeN\x1e'
11E8E149-D809-66D4-987C-12DF17AE4E1E,2026-ncaa-d2-conf-GAC,genius_ncaa,1,1,1,1,10,4,4,9,2,3,3,4,7,9,2,11,6,8,3,9,11,9,7,2,3,4,9,9,8,7,5,1,4,2,1,3,3,11,12,7,5,5,2,3,,,6,5,,10,3,5,7,12,5,5,11,4,4,8,11,8,9,10,11,9,8,2,3,4,11,5,3,,4,,10,3,4,4,9,2,4,4,2,9,9,7,9,5,5,2,5,3,6,7,3,3,3,8,9,4,7,4,3,5,3,1,10,12,5,6,10,11,12,5,6,,,5,6,,12,3,8,5,3,4,3,3,8,2,3,9,8,3,3,3,5,5,7,1,1,10,6,11,5,,6,,12,b'\x11\xe8\xe1I\xd8\tf\xd4\x98|\x12\xdf\x17\xaeN\x1e'
11E8E149-D809-66D4-987C-12DF17AE4E1E,2026-ncaa-d2-natl,genius_ncaa,30,13,141,24,165,151,126,180,49,111,127,101,176,229,43,234,206,248,10,253,287,197,209,62,64,67,235,186,237,116,15,192,80,160,16,167,208,87,132,134,162,114,101,37,,,105,203,,127,70,227,288,49,116,78,168,61,77,173,244,209,271,276,223,246,91,187,136,156,94,163,99,,104,,147,73,81,72,81,64,23,26,89,246,249,209,295,62,66,71,69,233,73,70,160,127,134,292,294,78,67,80,26,15,32,16,166,290,215,163,230,76,132,119,107,,,234,244,,288,70,74,45,120,65,59,50,48,6,3,275,286,49,51,59,33,18,60,6,6,198,224,99,138,,273,,292,b'\x11\xe8\xe1I\xd8\tf\xd4\x98|\x12\xdf\x17\xaeN\x1e'
11E8E149-D80E-4AF0-987C-12DF17AE4E1E,2018-ncaa-d2-conf-GLIAC,ncaa,5,5,3,5,3,4,5,5,4,7,9,4,3,1,5,1,3,5,3,4,1,4,6,4,4,3,1,2,4,6,6,6,4,6,5,3,2,3,3,3,9,9,9,9,,,8,10,,,6,5,9,7,4,5,6,9,11,2,1,3,7,7,6,8,7,11,10,3,3,9,9,,7,,,6,11,11,8,11,12,8,9,10,6,12,4,8,7,11,6,5,8,6,11,11,11,9,10,5,3,4,4,6,3,5,7,5,8,8,9,3,4,7,9,,,5,2,,,6,9,2,9,5,8,9,7,9,6,10,3,7,6,6,6,3,2,6,3,5,9,3,7,,6,,,b'\x11\xe8\xe1I\xd8\x0eJ\xf0\x98|\x12\xdf\x17\xaeN\x1e'
11E8E149-D80E-4AF0-987C-12DF17AE4E1E,2018-ncaa-d2-natl,ncaa,88,87,105,92,122,103,131,184,68,213,273,48,31,35,56,19,72,129,11,120,14,176,198,44,22,22,12,24,87,228,202,171,28,200,99,75,35,52,69,39,250,252,159,159,,,199,255,,,154,189,241,166,88,143,252,255,299,23,28,64,139,132,235,269,251,220,254,64,39,269,170,,193,,,155,249,249,135,290,215,123,265,257,160,306,169,182,138,295,139,150,128,93,292,296,301,197,227,112,22,28,88,202,44,99,232,161,254,252,280,63,81,176,260,,,108,39,,,154,137,35,286,144,230,229,96,199,101,254,140,163,114,112,91,39,14,60,28,221,275,55,146,,111,,,b'\x11\xe8\xe1I\xd8\x0eJ\xf0\x98|\x12\xdf\x17\xaeN\x1e'
11E8E149-D80E-4AF0-987C-12DF17AE4E1E,2019-ncaa-d2-conf-GLIAC,ncaa,6,6,5,6,6,7,7,9,7,9,10,7,3,3,3,3,6,6,5,6,1,8,10,6,5,5,2,2,5,7,6,11,5,11,8,6,5,2,3,3,6,5,12,12,,,5,9,,,5,11,11,3,6,6,10,9,11,2,3,5,5,4,9,9,7,12,11,7,2,6,12,,5,,,5,4,7,1,11,8,3,12,3,2,10,5,4,4,11,4,5,1,2,10,10,10,2,2,4,1,5,3,6,3,8,7,6,4,2,5,2,3,10,12,,,4,2,,,5,2,4,8,5,5,8,3,9,5,4,4,5,4,4,2,2,3,5,4,6,4,2,10,,2,,,b'\x11\xe8\xe1I\xd8\x0eJ\xf0\x98|\x12\xdf\x17\xaeN\x1e'
11E8E149-D80E-4AF0-987C-12DF17AE4E1E,2019-ncaa-d2-natl,ncaa,145,160,118,153,144,174,198,206,181,258,273,158,68,65,107,31,175,195,115,193,66,203,231,125,121,96,25,27,165,199,199,269,49,252,189,167,120,46,73,100,140,77,257,254,,,91,182,,,158,235,286,135,197,235,261,281,287,55,48,190,205,203,252,284,210,298,291,180,28,150,270,,79,,,157,134,183,52,303,214,88,301,103,52,282,107,44,27,301,28,54,38,54,300,301,268,43,103,52,10,49,158,199,52,189,235,229,140,59,195,21,45,305,309,,,184,104,,,158,80,96,226,152,114,181,19,206,62,101,39,39,22,23,9,14,4,144,50,221,155,25,306,,201,,,b'\x11\xe8\xe1I\xd8\x0eJ\xf0\x98|\x12\xdf\x17\xaeN\x1e'
11E8E149-D80E-4AF0-987C-12DF17AE4E1E,2020-ncaa-d2-conf-GLIAC,ncaa,8,6,9,8,12,10,11,8,12,12,12,12,4,2,6,2,12,11,12,11,4,9,9,11,12,11,2,2,9,7,8,10,6,8,7,9,7,3,8,9,7,4,11,11,,,9,11,,,8,10,9,12,9,10,8,12,11,4,2,12,10,10,8,8,5,8,5,9,6,7,10,,11,,,8,3,3,1,6,7,7,7,1,1,2,2,4,4,3,4,3,2,3,5,4,3,1,1,7,3,6,7,8,5,7,4,7,8,3,4,2,2,11,11,,,7,3,,,8,3,10,3,8,4,5,2,10,10,1,1,5,5,5,2,3,5,9,7,6,7,2,12,,3,,,b'\x11\xe8\xe1I\xd8\x0eJ\xf0\x98|\x12\xdf\x17\xaeN\x1e'
11E8E149-D80E-4AF0-987C-12DF17AE4E1E,2020-ncaa-d2-natl,ncaa,211,220,173,217,219,235,238,222,242,286,282,232,81,58,149,23,289,262,274,263,172,241,246,195,224,204,31,16,281,211,231,238,72,243,206,218,154,83,140,162,187,148,255,248,,,198,285,,,216,247,272,292,255,256,218,290,290,59,41,297,274,279,248,277,202,256,264,219,82,191,259,,222,,,212,94,127,45,262,199,105,273,34,32,76,73,137,92,283,89,124,45,47,230,249,219,33,33,166,27,72,190,231,118,206,188,237,188,128,199,38,79,274,303,,,188,72,,,216,67,211,182,213,108,138,31,210,109,36,35,141,108,101,30,22,26,211,125,199,175,42,279,,176,,,b'\x11\xe8\xe1I\xd8\x0eJ\xf0\x98|\x12\xdf\x17\xaeN\x1e'
11E8E149-D80E-4AF0-987C-12DF17AE4E1E,2021-ncaa-d2-conf-GLIAC,ncaa,5,3,7,5,9,5,4,4,5,5,4,8,4,6,2,10,6,8,9,8,11,5,9,6,7,3,7,4,11,4,6,7,4,7,7,7,10,1,1,2,7,6,10,11,,,5,8,,,4,9,5,8,3,3,1,4,1,3,4,6,7,6,1,5,3,8,4,7,1,6,10,,7,,,4,3,5,3,8,6,6,5,2,2,9,6,5,4,9,4,5,3,3,8,8,7,3,5,7,3,4,7,6,5,7,5,7,7,6,5,1,1,12,12,,,10,11,,,4,3,2,6,4,5,6,4,8,8,5,4,6,6,6,3,5,3,10,9,7,7,1,12,,9,,,b'\x11\xe8\xe1I\xd8\x0eJ\xf0\x98|\x12\xdf\x17\xaeN\x1e'
11E8E149-D80E-4AF0-987C-12DF17AE4E1E,2021-ncaa-d2-natl,ncaa,59,135,47,86,58,51,43,37,94,48,38,111,44,53,58,107,98,103,109,100,194,44,70,90,103,47,132,76,197,82,177,53,12,67,118,72,181,65,6,19,82,121,106,149,,,163,149,,,52,64,146,121,85,70,60,82,67,67,92,182,182,180,73,161,147,123,137,137,5,148,156,,91,,,63,150,161,153,156,166,153,138,151,145,145,117,126,109,192,107,46,147,145,150,150,148,84,118,56,70,12,199,177,161,118,170,126,77,107,127,39,3,223,216,,,86,174,,,52,161,54,101,66,78,97,48,111,80,101,81,52,30,27,33,20,10,179,86,113,153,3,217,,191,,,b'\x11\xe8\xe1I\xd8\x0eJ\xf0\x98|\x12\xdf\x17\xaeN\x1e'
11E8E149-D80E-4AF0-987C-12DF17AE4E1E,2022-ncaa-d2-conf-GLIAC,ncaa,5,4,4,5,5,2,3,2,5,3,2,6,3,3,2,4,3,3,4,3,6,2,3,3,3,3,3,4,8,3,3,5,2,4,3,6,8,2,3,4,8,10,10,8,,,4,4,,,6,3,2,5,1,2,1,2,1,3,3,1,1,1,1,1,1,5,3,4,4,10,10,,6,,,6,11,11,7,10,8,5,11,11,10,6,11,6,6,7,6,8,7,6,11,11,10,6,8,4,2,2,8,3,5,3,8,5,8,8,10,3,2,10,10,,,5,9,,,6,9,2,10,6,10,10,7,9,5,11,11,6,6,6,7,6,2,8,4,9,7,2,11,,7,,,b'\x11\xe8\xe1I\xd8\x0eJ\xf0\x98|\x12\xdf\x17\xaeN\x1e'
11E8E149-D80E-4AF0-987C-12DF17AE4E1E,2022-ncaa-d2-natl,ncaa,68,81,64,79,81,46,52,51,79,79,99,91,22,31,35,66,64,84,62,84,114,53,78,57,55,30,51,51,179,89,137,92,13,81,61,57,132,51,14,20,189,210,213,217,,,131,100,,,79,84,136,85,25,34,46,107,148,23,36,78,119,116,42,117,111,127,115,52,23,226,230,,77,,,81,254,260,211,258,214,126,278,283,282,224,276,134,112,256,109,130,196,176,276,270,275,210,255,60,22,13,225,137,135,61,277,222,178,211,266,41,11,271,248,,,103,166,,,79,212,20,234,86,224,235,145,174,50,268,266,102,80,76,110,70,11,176,71,246,228,18,255,,151,,,b'\x11\xe8\xe1I\xd8\x0eJ\xf0\x98|\x12\xdf\x17\xaeN\x1e'
11E8E149-D80E-4AF0-987C-12DF17AE4E1E,2023-ncaa-d2-conf-G-MAC,ncaa,5,5,5,5,7,4,4,5,4,5,7,4,6,4,10,5,1,3,3,3,4,6,4,6,4,4,7,9,3,5,6,7,12,6,9,3,2,11,9,5,3,3,6,6,,,8,7,,,6,4,1,7,2,2,3,5,4,6,4,1,2,2,2,1,4,7,6,2,11,2,6,,10,,,6,11,11,9,10,9,6,10,12,12,9,12,4,4,3,4,6,8,10,10,9,6,10,11,3,11,12,8,6,9,9,13,13,3,2,6,8,5,5,5,,,4,5,,,6,10,5,5,5,11,12,10,9,8,11,13,6,6,6,10,13,12,9,9,13,2,10,5,,3,,,b'\x11\xe8\xe1I\xd8\x0eJ\xf0\x98|\x12\xdf\x17\xaeN\x1e'
11E8E149-D80E-4AF0-987C-12DF17AE4E1E,2023-ncaa-d2-natl,ncaa,120,139,110,133,135,74,79,94,77,108,161,47,56,43,113,49,111,179,4,175,162,105,109,60,50,54,76,71,177,149,192,190,213,184,232,44,34,128,108,45,63,76,222,216,,,99,44,,,160,106,67,208,44,53,67,119,192,44,37,128,196,192,92,109,171,239,231,22,124,64,235,,74,,,157,256,269,197,282,202,83,287,293,283,279,289,50,44,180,44,93,169,203,289,284,250,244,288,16,180,213,199,192,196,232,297,282,58,67,227,110,79,63,74,,,155,196,,,160,200,63,251,151,266,270,210,193,39,293,289,44,43,44,161,217,173,191,185,292,60,94,57,,174,,,b'\x11\xe8\xe1I\xd8\x0eJ\xf0\x98|\x12\xdf\x17\xaeN\x1e'
11E8E149-D80E-4AF0-987C-12DF17AE4E1E,2024-ncaa-d2-conf-G-MAC,ncaa,2,2,5,2,7,3,3,3,5,4,2,9,2,3,1,6,4,7,1,7,10,3,3,3,3,3,2,3,10,4,4,3,6,3,5,2,3,7,3,2,4,5,12,13,,,8,6,,,3,3,1,6,3,3,2,5,3,2,4,3,7,6,2,2,4,1,2,2,6,4,12,,10,,,3,7,9,12,5,10,11,7,9,11,3,10,1,3,3,2,3,13,13,5,3,3,4,10,2,10,6,10,4,9,5,7,6,4,5,4,2,3,10,6,,,5,10,,,3,12,3,3,3,8,9,13,9,10,9,11,2,2,2,12,13,9,9,9,6,4,4,8,,7,,,b'\x11\xe8\xe1I\xd8\x0eJ\xf0\x98|\x12\xdf\x17\xaeN\x1e'
11E8E149-D80E-4AF0-987C-12DF17AE4E1E,2024-ncaa-d2-natl,ncaa,55,45,117,52,131,60,61,67,60,113,147,89,13,31,10,39,166,213,41,216,229,89,110,30,36,32,49,18,264,146,181,82,71,101,123,43,67,62,43,21,84,90,244,249,,,85,42,,,49,107,95,71,24,24,34,119,157,8,22,180,228,232,57,100,143,55,80,25,68,82,257,,68,,,46,178,227,208,177,182,126,247,252,277,87,280,25,28,68,23,34,172,187,196,155,140,133,252,14,134,71,209,181,187,123,194,114,110,118,136,77,62,146,145,,,172,221,,,49,193,32,128,46,173,224,228,176,90,247,279,13,21,21,172,185,115,216,177,179,107,83,143,,196,,,b'\x11\xe8\xe1I\xd8\x0eJ\xf0\x98|\x12\xdf\x17\xaeN\x1e'
11E8E149-D80E-4AF0-987C-12DF17AE4E1E,2025-ncaa-d2-conf-G-MAC,genius_ncaa,3,3,3,3,3,2,2,7,1,1,3,2,5,6,1,8,2,2,3,2,4,5,3,1,1,2,7,8,6,10,8,2,3,4,5,4,7,8,8,4,13,13,1,1,,,3,3,,3,4,2,5,4,1,2,8,2,5,5,10,3,5,4,8,7,11,1,5,3,7,13,1,,3,,3,4,9,10,13,4,9,13,3,9,10,8,8,3,4,2,4,3,13,12,4,4,4,8,10,4,9,3,5,8,7,5,9,9,10,13,11,12,9,1,1,,,2,4,,8,4,12,2,4,4,5,6,12,6,12,9,8,3,3,3,12,8,6,4,4,9,13,9,1,,4,,10,b'\x11\xe8\xe1I\xd8\x0eJ\xf0\x98|\x12\xdf\x17\xaeN\x1e'
11E8E149-D80E-4AF0-987C-12DF17AE4E1E,2025-ncaa-d2-natl,genius_ncaa,79,95,72,93,87,61,57,129,20,75,140,24,75,117,30,134,95,116,66,109,111,126,118,18,18,29,138,126,178,249,255,49,77,114,140,87,173,173,161,112,175,205,24,22,,,73,21,,55,97,82,134,155,51,49,201,72,195,89,146,107,145,137,192,201,275,40,163,107,137,208,23,,30,,46,99,221,260,255,157,217,210,163,266,265,186,239,33,48,91,53,24,237,212,178,132,177,138,257,10,165,77,177,255,174,140,212,118,190,234,226,247,246,31,18,,,133,149,,219,97,212,60,173,102,161,213,253,176,169,247,249,22,24,27,201,149,130,121,121,178,228,210,13,,174,,243,b'\x11\xe8\xe1I\xd8\x0eJ\xf0\x98|\x12\xdf\x17\xaeN\x1e'
11E8E149-D80E-4AF0-987C-12DF17AE4E1E,2026-ncaa-d2-conf-G-MAC,genius_ncaa,1,1,1,1,1,1,1,2,3,1,1,8,4,8,1,13,2,2,2,3,7,2,2,3,2,1,5,9,3,5,5,1,2,1,2,8,12,13,7,10,6,7,4,5,,,3,1,,11,3,1,3,1,1,1,2,1,1,4,9,2,2,3,2,2,5,2,1,9,9,7,4,,1,,8,3,11,11,13,8,11,11,7,11,10,11,9,3,1,13,1,2,12,10,10,9,8,7,11,1,4,2,7,5,7,2,11,8,7,10,11,11,7,5,4,,,6,10,,9,3,12,2,7,3,10,10,11,8,9,11,9,2,1,1,9,7,3,4,2,11,8,8,4,,8,,11,b'\x11\xe8\xe1I\xd8\x0eJ\xf0\x98|\x12\xdf\x17\xaeN\x1e'
11E8E149-D80E-4AF0-987C-12DF17AE4E1E,2026-ncaa-d2-natl,genius_ncaa,9,53,13,51,16,13,11,30,20,16,45,19,38,40,106,131,27,59,26,55,147,32,34,25,18,26,176,156,152,112,178,11,85,31,90,107,280,209,95,166,66,153,27,72,,,105,4,,60,73,27,112,28,27,28,98,41,135,101,112,71,137,134,96,122,214,51,118,194,106,135,59,,8,,36,90,262,276,286,195,276,277,225,264,287,128,225,123,102,213,98,13,281,276,201,179,211,85,188,18,237,85,217,178,226,90,271,155,101,230,244,262,192,191,126,,,59,199,,188,73,275,37,194,92,215,257,266,245,214,214,247,42,30,26,224,186,131,77,92,226,216,197,135,,184,,234,b'\x11\xe8\xe1I\xd8\x0eJ\xf0\x98|\x12\xdf\x17\xaeN\x1e'
11E8E149-D813-6990-987C-12DF17AE4E1E,2018-ncaa-d2-conf-MEC,ncaa,2,2,1,2,2,2,2,3,2,3,6,4,4,4,3,4,5,8,4,7,8,3,3,2,2,2,6,4,10,6,8,5,4,4,4,3,9,8,7,5,2,2,7,7,,,10,7,,,2,3,5,11,4,4,5,5,10,4,4,9,11,10,6,7,8,8,7,4,7,2,8,,7,,,2,6,8,8,8,9,8,9,9,7,7,8,3,5,1,5,7,8,10,8,6,2,4,7,4,6,4,6,8,5,4,5,4,2,2,2,10,7,7,7,,,8,11,,,2,11,2,2,2,2,4,3,7,4,5,4,2,3,3,3,5,3,3,2,3,2,6,7,,12,,,b'\x11\xe8\xe1I\xd8\x13i\x90\x98|\x12\xdf\x17\xaeN\x1e'
11E8E149-D813-6990-987C-12DF17AE4E1E,2018-ncaa-d2-natl,ncaa,35,63,12,59,16,12,10,14,37,30,50,36,10,12,39,54,97,131,62,120,219,16,14,25,30,32,102,51,278,98,198,37,106,47,162,33,184,252,97,74,16,33,159,215,,,281,141,,,81,10,65,114,23,26,47,67,161,19,35,197,229,224,73,94,188,136,162,62,128,30,212,,189,,,86,304,304,293,270,303,281,273,289,287,228,186,207,231,69,231,114,294,301,270,253,215,106,181,51,229,106,293,198,281,162,282,83,28,93,122,278,163,278,220,,,144,297,,,81,302,45,199,87,242,265,213,252,177,234,209,99,116,118,197,222,120,185,146,193,82,187,222,,271,,,b'\x11\xe8\xe1I\xd8\x13i\x90\x98|\x12\xdf\x17\xaeN\x1e'
11E8E149-D813-6990-987C-12DF17AE4E1E,2019-ncaa-d2-conf-MEC,ncaa,5,5,7,5,7,6,5,5,7,5,4,6,4,4,6,5,11,11,8,11,11,6,8,6,6,6,7,5,10,5,5,7,2,7,5,3,4,2,2,3,4,4,5,5,,,7,9,,,5,7,5,4,6,3,3,4,3,4,4,11,11,11,4,6,6,4,6,3,3,4,4,,7,,,5,4,3,2,5,2,2,2,7,3,12,5,6,7,5,6,9,2,3,6,6,5,11,9,11,1,2,6,5,3,5,3,6,4,4,4,1,2,2,1,,,12,11,,,5,6,5,4,5,4,3,2,2,4,8,4,8,7,7,3,5,1,6,4,4,4,2,3,,12,,,b'\x11\xe8\xe1I\xd8\x13i\x90\x98|\x12\xdf\x17\xaeN\x1e'
11E8E149-D813-6990-987C-12DF17AE4E1E,2019-ncaa-d2-natl,ncaa,121,145,76,136,96,54,35,37,69,37,35,88,90,99,101,179,195,206,148,201,290,46,55,90,112,88,248,164,283,74,106,93,100,81,111,44,130,165,67,56,48,61,68,86,,,217,141,,,132,51,49,156,40,17,14,17,27,103,117,232,232,233,29,41,76,103,73,32,129,54,73,,186,,,132,294,289,254,242,255,231,192,285,224,298,165,238,224,205,220,155,248,247,259,252,243,199,231,126,155,100,249,106,222,111,265,152,108,164,188,201,115,186,80,,,229,299,,,132,259,75,234,136,270,257,230,219,213,267,208,210,190,184,227,227,122,209,172,229,133,162,170,,273,,,b'\x11\xe8\xe1I\xd8\x13i\x90\x98|\x12\xdf\x17\xaeN\x1e'
11E8E149-D813-6990-987C-12DF17AE4E1E,2020-ncaa-d2-conf-MEC,ncaa,2,2,1,2,1,3,2,3,5,2,2,4,6,5,6,7,9,7,6,7,10,3,3,5,5,5,9,7,10,5,7,4,7,5,6,3,7,5,4,3,2,3,3,4,,,8,5,,,3,3,8,5,5,4,5,4,4,6,7,9,10,10,5,6,8,5,8,4,4,3,4,,5,,,3,5,4,7,4,4,5,4,5,5,6,5,8,7,5,7,11,7,9,3,3,3,6,5,9,9,7,7,7,8,6,8,9,2,3,3,6,6,5,3,,,7,8,,,3,10,4,3,3,2,3,3,4,4,5,4,7,7,7,2,7,5,5,5,5,3,5,3,,10,,,b'\x11\xe8\xe1I\xd8\x13i\x90\x98|\x12\xdf\x17\xaeN\x1e'
11E8E149-D813-6990-987C-12DF17AE4E1E,2020-ncaa-d2-natl,ncaa,11,22,3,20,7,9,5,3,35,3,2,40,120,118,121,255,45,76,69,80,285,5,9,53,57,35,290,251,241,65,158,35,166,34,167,27,233,119,17,35,13,31,46,101,,,236,69,,,51,4,25,188,12,8,14,5,8,172,193,101,146,156,19,52,122,102,105,55,36,23,71,,133,,,57,297,293,301,180,291,296,159,260,242,214,111,254,237,225,235,115,302,307,171,167,129,116,139,137,280,166,301,158,302,167,277,135,17,69,90,183,54,183,36,,,69,264,,,51,308,34,131,62,227,225,233,226,238,181,155,176,156,156,233,281,201,219,220,186,52,89,118,,190,,,b'\x11\xe8\xe1I\xd8\x13i\x90\x98|\x12\xdf\x17\xaeN\x1e'
11E8E149-D813-6990-987C-12DF17AE4E1E,2021-ncaa-d2-conf-MEC,ncaa,2,3,2,3,3,5,8,6,7,9,7,8,5,5,3,5,3,5,2,5,5,6,7,7,5,5,3,5,3,7,8,7,4,8,8,9,9,4,5,6,4,3,11,9,,,5,4,,,3,7,12,5,6,9,9,11,9,5,5,3,9,9,8,11,10,10,11,10,2,3,12,,3,,,3,2,2,4,3,2,3,6,6,6,4,6,4,4,3,4,4,3,5,5,3,3,6,7,5,4,4,6,8,6,8,3,6,5,4,3,5,5,10,8,,,7,7,,,3,6,5,3,3,1,2,1,2,2,4,6,1,2,2,1,1,3,4,4,3,5,4,9,,10,,,b'\x11\xe8\xe1I\xd8\x13i\x90\x98|\x12\xdf\x17\xaeN\x1e'
11E8E149-D813-6990-987C-12DF17AE4E1E,2021-ncaa-d2-natl,ncaa,27,35,82,29,93,59,63,75,77,76,69,96,48,70,38,108,56,78,25,79,138,74,85,73,65,48,87,86,108,63,90,97,152,86,130,111,202,113,47,103,24,21,158,200,,,116,44,,,33,84,64,121,39,50,50,74,61,52,79,50,94,98,47,70,73,142,105,149,53,23,200,,71,,,34,125,136,137,94,144,139,111,117,138,62,129,81,89,50,92,47,132,144,90,69,49,57,104,43,160,152,145,90,148,130,102,37,39,36,22,121,64,163,109,,,83,144,,,33,140,41,47,33,73,109,126,122,120,82,118,31,45,51,105,154,145,132,141,48,32,77,144,,107,,,b'\x11\xe8\xe1I\xd8\x13i\x90\x98|\x12\xdf\x17\xaeN\x1e'
11E8E149-D813-6990-987C-12DF17AE4E1E,2022-ncaa-d2-conf-MEC,ncaa,4,5,2,5,3,9,9,7,7,8,3,9,8,9,8,9,6,4,8,4,6,7,8,9,7,8,9,9,3,5,8,6,11,5,9,10,12,4,5,8,4,4,9,8,,,4,5,,,7,8,12,2,9,9,10,8,6,8,10,9,3,6,9,11,7,8,7,10,4,4,9,,5,,,7,6,8,9,5,5,5,5,10,9,9,10,1,2,1,3,3,7,7,6,5,5,8,10,1,12,11,8,8,8,9,10,9,4,4,8,7,7,11,10,,,7,7,,,7,5,8,6,7,3,5,6,5,5,9,8,2,2,2,3,3,11,6,8,9,4,7,11,,9,,,b'\x11\xe8\xe1I\xd8\x13i\x90\x98|\x12\xdf\x17\xaeN\x1e'
11E8E149-D813-6990-987C-12DF17AE4E1E,2022-ncaa-d2-natl,ncaa,108,161,47,133,47,75,80,51,179,65,32,201,165,145,195,229,52,32,198,30,128,48,44,200,188,170,199,227,77,68,146,105,250,86,230,215,295,202,102,238,114,191,213,255,,,212,78,,,234,45,108,13,126,134,91,98,62,206,202,76,62,63,61,88,113,206,175,267,123,168,238,,133,,,221,289,291,277,244,289,262,241,277,278,206,195,122,153,62,154,65,275,270,243,213,220,87,195,33,281,250,261,146,281,230,261,98,95,190,194,177,82,252,169,,,74,177,,,234,258,165,246,217,260,273,266,262,219,248,238,78,100,101,252,234,242,202,227,212,155,101,218,,137,,,b'\x11\xe8\xe1I\xd8\x13i\x90\x98|\x12\xdf\x17\xaeN\x1e'
11E8E149-D813-6990-987C-12DF17AE4E1E,2023-ncaa-d2-conf-MEC,ncaa,10,9,6,10,9,11,11,10,12,10,9,12,8,10,8,10,8,7,8,7,8,10,11,12,11,10,7,8,5,10,11,12,11,12,12,11,11,3,7,10,8,8,7,5,,,3,3,,,11,11,10,9,11,11,11,10,7,8,10,8,8,8,11,11,10,11,12,11,4,8,7,,3,,,11,8,9,4,12,6,4,12,8,8,9,9,6,6,8,6,6,4,3,12,12,11,5,5,2,6,11,8,11,10,12,12,12,6,5,10,9,9,6,5,,,8,4,,,11,2,10,11,11,9,11,4,8,4,8,8,6,6,6,4,4,7,10,9,12,5,9,8,,7,,,b'\x11\xe8\xe1I\xd8\x13i\x90\x98|\x12\xdf\x17\xaeN\x1e'
11E8E149-D813-6990-987C-12DF17AE4E1E,2023-ncaa-d2-natl,ncaa,241,279,68,258,96,123,120,79,213,85,42,230,198,187,199,242,95,88,172,86,185,72,67,234,224,204,229,236,101,121,201,226,290,198,287,222,276,206,151,235,92,156,98,119,,,216,109,,,289,59,52,177,172,177,94,112,50,235,232,126,110,109,95,85,157,287,272,258,171,121,112,,169,,,281,293,294,252,295,287,216,295,278,266,259,213,218,197,206,205,159,258,260,294,290,285,115,186,62,275,290,260,201,275,287,298,231,65,130,242,271,232,199,120,,,55,82,,,289,246,215,289,278,290,290,258,285,177,264,243,185,177,182,255,259,253,239,262,289,86,249,178,,69,,,b'\x11\xe8\xe1I\xd8\x13i\x90\x98|\x12\xdf\x17\xaeN\x1e'
11E8E149-D813-6990-987C-12DF17AE4E1E,2024-ncaa-d2-conf-MEC,ncaa,8,8,3,8,5,8,8,7,8,9,10,8,5,5,5,4,6,5,10,5,2,6,5,6,8,10,4,4,5,8,9,3,10,4,8,8,5,10,11,10,7,9,1,1,,,8,5,,,10,5,8,7,9,11,9,10,10,5,5,7,6,6,8,8,8,5,4,8,10,8,1,,7,,,10,9,8,10,4,6,5,4,11,11,8,8,10,11,1,11,9,10,8,6,5,8,9,10,8,11,10,7,9,8,8,8,8,7,8,9,11,11,5,5,,,4,5,,,10,6,10,8,10,8,7,9,5,5,10,9,8,10,10,9,8,11,6,9,9,8,11,4,,5,,,b'\x11\xe8\xe1I\xd8\x13i\x90\x98|\x12\xdf\x17\xaeN\x1e'
11E8E149-D813-6990-987C-12DF17AE4E1E,2024-ncaa-d2-natl,ncaa,172,234,50,195,64,70,71,69,99,74,72,123,91,110,70,180,52,24,266,24,43,60,29,102,114,148,116,144,108,107,168,82,275,85,230,119,206,294,250,227,97,196,13,22,,,277,139,,,245,23,20,183,84,98,133,117,124,118,158,80,42,44,89,47,148,147,151,163,265,134,15,,230,,,228,296,289,284,196,271,263,196,292,282,236,210,280,290,44,291,241,289,285,219,212,220,229,218,162,298,275,241,168,281,230,281,182,67,191,203,295,256,155,106,,,20,66,,,245,279,160,250,224,282,274,278,246,226,268,266,249,267,268,289,288,286,175,257,254,109,271,117,,26,,,b'\x11\xe8\xe1I\xd8\x13i\x90\x98|\x12\xdf\x17\xaeN\x1e'
11E8E149-D818-1788-987C-12DF17AE4E1E,2018-ncaa-d2-conf-PacWest,ncaa,9,9,7,9,7,7,6,9,6,6,6,5,13,10,11,11,3,3,11,3,4,7,7,10,10,10,12,14,3,4,5,13,8,10,8,8,8,10,9,9,4,4,10,11,,,11,12,,,10,6,4,1,7,6,8,4,3,13,10,2,1,1,4,4,4,13,9,7,11,3,10,,13,,,10,11,12,5,13,11,6,13,9,4,12,8,11,11,11,11,12,6,10,13,14,10,8,6,10,5,8,4,5,4,8,13,13,2,2,6,9,8,13,13,,,2,2,,,10,9,10,11,10,13,13,6,13,7,9,6,12,12,12,7,12,5,6,6,13,2,11,13,,1,,,b'\x11\xe8\xe1I\xd8\x18\x17\x88\x98|\x12\xdf\x17\xaeN\x1e'
11E8E149-D818-1788-987C-12DF17AE4E1E,2018-ncaa-d2-natl,ncaa,179,206,105,194,109,99,94,101,98,66,86,81,170,152,203,204,87,60,214,65,104,102,86,127,131,143,229,236,115,151,189,159,150,157,198,86,127,240,178,148,96,140,259,271,,,248,202,,,232,64,39,40,82,72,85,54,88,193,172,82,57,57,66,59,168,202,189,76,233,102,271,,247,,,227,286,286,228,292,275,161,300,278,264,240,251,222,210,191,205,198,231,238,293,292,268,176,211,101,149,150,225,189,194,198,290,242,60,84,204,246,202,262,218,,,27,38,,,232,254,165,248,212,286,288,225,268,144,271,264,212,205,203,229,261,135,213,175,288,53,231,256,,16,,,b'\x11\xe8\xe1I\xd8\x18\x17\x88\x98|\x12\xdf\x17\xaeN\x1e'
11E8E149-D818-1788-987C-12DF17AE4E1E,2019-ncaa-d2-conf-PacWest,ncaa,8,7,7,8,11,12,12,12,7,12,12,7,10,12,5,6,10,10,11,10,3,12,12,6,8,9,5,4,7,12,11,11,11,12,11,10,4,6,12,9,8,7,12,11,,,2,7,,,8,12,12,11,12,12,12,12,12,9,12,10,10,10,12,12,11,11,12,10,8,8,12,,3,,,8,1,3,1,7,3,2,7,7,5,9,10,1,1,9,1,2,1,1,7,7,7,6,10,2,7,11,1,11,2,11,10,12,12,9,10,5,10,5,12,,,11,6,,,8,1,11,8,10,2,5,2,5,3,8,8,1,1,1,2,1,7,2,4,10,12,7,7,,11,,,b'\x11\xe8\xe1I\xd8\x18\x17\x88\x98|\x12\xdf\x17\xaeN\x1e'
11E8E149-D818-1788-987C-12DF17AE4E1E,2019-ncaa-d2-natl,ncaa,216,213,227,220,256,300,297,303,230,300,300,254,184,234,92,94,280,248,285,247,38,302,299,196,217,253,38,58,131,295,281,271,276,291,274,260,77,136,290,244,249,197,300,299,,,41,149,,,251,296,303,275,304,307,311,309,307,166,209,269,224,220,310,308,296,263,300,254,200,229,303,,80,,,247,21,32,55,84,30,41,101,127,143,113,264,21,21,162,20,62,37,27,98,86,120,197,261,69,200,276,29,281,80,274,166,297,275,221,272,169,285,122,286,,,275,99,,,251,15,275,183,258,49,67,99,55,61,192,220,27,30,29,56,31,248,67,149,224,265,221,158,,262,,,b'\x11\xe8\xe1I\xd8\x18\x17\x88\x98|\x12\xdf\x17\xaeN\x1e'
11E8E149-D818-1788-987C-12DF17AE4E1E,2020-ncaa-d2-conf-PacWest,ncaa,9,9,7,9,9,11,10,12,8,9,11,8,8,8,10,8,12,12,9,12,12,12,12,9,10,10,11,8,12,10,7,9,8,9,7,9,6,4,9,8,11,9,11,10,,,1,2,,,8,12,12,5,11,10,12,9,11,8,8,12,12,12,12,12,9,9,9,9,5,11,11,,1,,,8,1,1,1,5,3,2,7,3,2,3,9,1,1,9,1,3,1,1,6,6,4,4,7,2,4,8,2,7,2,7,8,12,11,9,12,2,9,4,6,,,12,11,,,8,1,10,6,9,1,4,2,4,3,4,4,1,1,1,1,1,6,3,4,9,11,3,7,,12,,,b'\x11\xe8\xe1I\xd8\x18\x17\x88\x98|\x12\xdf\x17\xaeN\x1e'
11E8E149-D818-1788-987C-12DF17AE4E1E,2020-ncaa-d2-natl,ncaa,211,241,102,224,131,272,249,251,232,240,218,230,214,211,209,155,300,300,219,300,300,268,261,232,247,247,223,144,296,248,244,164,113,217,163,216,128,146,220,200,250,229,285,285,,,25,27,,,226,257,305,159,298,281,296,268,248,227,236,311,309,308,304,302,265,192,259,236,124,274,295,,5,,,222,58,90,108,92,98,91,138,121,184,57,237,37,39,126,44,71,82,58,96,74,123,121,197,67,92,113,125,244,111,163,254,303,253,228,288,146,226,65,96,,,268,247,,,226,56,255,128,226,42,70,70,74,54,114,167,22,25,29,40,9,80,101,81,240,289,143,54,,301,,,b'\x11\xe8\xe1I\xd8\x18\x17\x88\x98|\x12\xdf\x17\xaeN\x1e'
11E8E149-D81C-A8C0-987C-12DF17AE4E1E,2018-ncaa-d2-conf-Sunshine State,ncaa,6,6,5,6,7,5,5,8,5,9,10,5,4,4,4,5,4,5,2,5,3,6,6,5,4,4,2,5,4,7,6,8,9,9,8,3,2,8,9,4,4,5,9,10,,,10,9,,,6,5,2,8,2,2,7,9,7,2,3,3,3,3,6,4,5,7,7,2,10,4,9,,11,,,6,10,9,7,11,10,10,10,1,1,3,1,11,11,11,11,8,9,7,8,11,11,2,1,11,9,9,2,6,4,8,11,5,5,6,7,10,11,9,9,,,6,7,,,6,7,4,11,6,10,10,8,11,10,2,1,11,11,11,9,10,9,5,5,9,6,11,9,,5,,,b'\x11\xe8\xe1I\xd8\x1c\xa8\xc0\x98|\x12\xdf\x17\xaeN\x1e'
11E8E149-D81C-A8C0-987C-12DF17AE4E1E,2018-ncaa-d2-natl,ncaa,146,147,148,152,188,135,143,224,55,188,254,52,71,102,44,61,165,187,118,185,64,217,215,41,38,65,54,54,179,244,210,229,110,242,172,73,26,124,187,70,141,117,253,264,,,143,207,,,154,207,201,226,113,127,255,206,273,53,88,157,174,171,247,242,255,249,269,51,144,145,262,,162,,,156,187,184,89,281,235,167,256,47,25,239,20,225,188,270,196,180,92,84,255,269,266,48,29,218,59,110,70,210,55,172,132,86,201,164,175,159,220,152,222,,,224,178,,,154,106,83,247,150,198,199,76,250,196,52,12,236,208,216,95,81,56,72,55,147,200,174,145,,230,,,b'\x11\xe8\xe1I\xd8\x1c\xa8\xc0\x98|\x12\xdf\x17\xaeN\x1e'
11E8E149-D81C-A8C0-987C-12DF17AE4E1E,2019-ncaa-d2-conf-Sunshine State,ncaa,3,4,2,4,2,2,2,3,3,2,3,2,4,4,4,5,2,1,5,1,1,2,2,2,3,2,5,5,3,2,2,5,3,2,2,1,4,9,3,1,3,3,1,1,,,10,9,,,3,2,3,7,2,2,3,2,6,4,4,2,1,1,3,4,3,7,3,1,4,3,1,,9,,,3,10,10,8,10,11,11,7,2,2,10,1,9,8,7,8,6,10,9,7,7,9,2,2,6,4,3,5,2,4,2,5,2,4,6,4,7,3,9,8,,,2,4,,,3,10,2,6,3,6,7,7,9,11,2,2,9,9,8,7,6,2,2,1,4,5,4,8,,2,,,b'\x11\xe8\xe1I\xd8\x1c\xa8\xc0\x98|\x12\xdf\x17\xaeN\x1e'
11E8E149-D81C-A8C0-987C-12DF17AE4E1E,2019-ncaa-d2-natl,ncaa,48,109,9,87,13,19,24,44,15,33,101,11,31,41,38,82,24,30,78,28,41,37,33,11,11,21,104,100,163,98,99,56,58,61,59,20,83,245,135,52,92,163,22,57,,,290,238,,,60,23,219,175,37,46,218,97,251,62,92,76,108,104,198,223,192,219,226,41,113,189,41,,189,,,70,306,305,279,284,305,302,252,105,63,260,12,263,253,165,253,97,288,272,262,256,258,16,21,132,132,58,184,99,168,59,204,17,99,194,142,273,173,164,115,,,16,64,,,60,286,23,231,72,179,222,86,275,247,33,11,145,145,138,84,54,34,17,9,82,227,154,68,,121,,,b'\x11\xe8\xe1I\xd8\x1c\xa8\xc0\x98|\x12\xdf\x17\xaeN\x1e'
11E8E149-D81C-A8C0-987C-12DF17AE4E1E,2020-ncaa-d2-conf-Sunshine State,ncaa,5,4,5,5,6,5,5,8,3,7,10,3,4,3,6,3,2,2,5,2,2,8,6,3,4,5,3,4,3,6,6,6,5,7,6,4,1,8,9,5,3,3,1,1,,,10,10,,,5,5,2,4,4,4,8,6,10,3,3,2,2,2,7,3,8,6,7,4,9,3,1,,10,,,5,9,7,3,8,7,8,7,1,1,8,1,8,8,5,8,8,5,6,8,11,8,5,2,8,4,5,5,6,4,6,8,8,5,5,5,9,9,3,5,,,4,3,,,5,6,5,5,5,9,6,5,7,8,4,1,10,10,10,5,7,4,5,5,8,5,10,3,,2,,,b'\x11\xe8\xe1I\xd8\x1c\xa8\xc0\x98|\x12\xdf\x17\xaeN\x1e'
11E8E149-D81C-A8C0-987C-12DF17AE4E1E,2020-ncaa-d2-natl,ncaa,144,155,102,150,112,118,136,221,45,166,265,29,95,96,107,63,97,117,109,115,33,202,184,40,39,73,87,98,116,275,261,161,89,226,168,74,39,217,225,118,165,167,65,89,,,226,242,,,156,145,190,50,124,148,264,187,286,92,103,97,122,123,249,232,291,189,275,58,197,178,72,,219,,,156,223,217,149,249,252,221,220,90,44,234,35,253,235,238,230,185,161,147,227,252,246,83,48,223,75,89,117,261,99,168,208,175,180,176,208,248,257,38,69,,,136,82,,,156,166,117,222,160,201,196,108,235,202,85,33,242,221,218,131,99,59,90,71,190,188,229,30,,145,,,b'\x11\xe8\xe1I\xd8\x1c\xa8\xc0\x98|\x12\xdf\x17\xaeN\x1e'
11E8E149-D81C-A8C0-987C-12DF17AE4E1E,2022-ncaa-d2-conf-Sunshine State,ncaa,5,6,3,6,5,4,6,6,5,6,7,4,4,5,5,5,1,1,7,1,1,5,6,5,5,5,3,5,1,6,7,7,4,8,8,7,9,2,3,5,5,6,5,7,,,11,11,,,6,5,4,9,4,6,6,8,8,5,5,1,1,1,5,5,7,7,9,9,3,6,6,,10,,,6,9,9,5,11,11,11,11,1,1,7,1,11,9,9,10,6,6,7,9,10,10,1,1,11,3,4,7,7,6,8,5,1,6,6,4,2,4,11,11,,,2,1,,,6,7,5,9,6,7,9,2,11,11,2,1,11,9,9,6,7,3,7,6,3,7,4,11,,1,,,b'\x11\xe8\xe1I\xd8\x1c\xa8\xc0\x98|\x12\xdf\x17\xaeN\x1e'
11E8E149-D81C-A8C0-987C-12DF17AE4E1E,2022-ncaa-d2-natl,ncaa,98,119,64,108,98,89,135,152,111,169,213,84,62,63,102,68,33,25,187,27,2,118,127,80,73,76,26,73,30,180,210,176,95,184,201,138,157,127,111,134,105,127,184,211,,,233,244,,,125,116,200,224,120,196,249,242,281,73,82,35,23,25,200,229,219,265,264,184,82,141,207,,184,,,129,209,208,130,273,262,209,255,43,40,134,27,255,219,267,226,184,138,166,244,258,218,32,16,229,76,95,200,210,150,201,158,93,89,87,109,89,78,252,273,,,23,4,,,125,188,88,189,125,145,160,30,239,148,21,16,218,178,181,36,56,44,143,94,111,130,65,233,,22,,,b'\x11\xe8\xe1I\xd8\x1c\xa8\xc0\x98|\x12\xdf\x17\xaeN\x1e'
11E8E149-D81C-A8C0-987C-12DF17AE4E1E,2023-ncaa-d2-conf-Sunshine State,ncaa,4,4,4,4,4,3,3,2,4,4,9,4,2,2,4,3,2,2,7,2,1,2,2,3,3,3,2,3,5,6,4,5,4,4,6,4,4,3,4,3,5,7,4,9,,,10,9,,,3,3,1,2,1,3,1,7,9,2,3,2,1,1,1,2,7,7,7,2,4,6,6,,9,,,3,11,11,9,10,11,9,9,1,1,2,1,8,8,8,8,4,9,9,9,7,7,1,1,7,4,4,6,4,5,6,2,1,3,7,2,6,5,8,10,,,3,3,,,3,9,3,5,3,8,10,8,11,11,1,1,7,7,7,7,7,2,6,5,3,5,6,7,,2,,,b'\x11\xe8\xe1I\xd8\x1c\xa8\xc0\x98|\x12\xdf\x17\xaeN\x1e'
11E8E149-D81C-A8C0-987C-12DF17AE4E1E,2023-ncaa-d2-natl,ncaa,59,55,68,55,75,29,46,89,19,97,196,17,12,31,13,34,19,26,64,24,8,66,80,13,9,7,15,34,110,181,205,144,48,161,145,25,33,96,58,22,80,86,162,206,,,240,224,,,41,67,95,65,9,26,119,137,258,11,29,17,32,31,82,133,217,219,239,15,70,97,184,,215,,,39,246,261,159,291,280,224,289,74,65,151,47,191,174,202,176,133,163,199,277,278,238,15,24,132,36,48,182,205,120,145,111,11,61,68,65,124,77,175,218,,,59,67,,,41,229,9,186,45,219,249,77,277,192,55,37,162,147,148,83,133,20,115,55,89,81,88,155,,74,,,b'\x11\xe8\xe1I\xd8\x1c\xa8\xc0\x98|\x12\xdf\x17\xaeN\x1e'
11E8E149-D81C-A8C0-987C-12DF17AE4E1E,2024-ncaa-d2-conf-Sunshine State,ncaa,2,1,4,2,4,3,4,7,2,5,8,2,2,3,2,3,1,1,2,1,1,5,5,2,2,2,3,4,2,6,3,7,3,7,1,3,2,5,8,2,3,2,8,8,,,5,5,,,2,5,8,1,1,5,8,5,9,2,4,1,2,2,6,7,7,9,7,2,8,2,7,,4,,,1,1,6,5,9,10,9,6,2,1,8,1,2,2,1,2,2,4,6,6,4,2,1,2,4,1,3,1,3,1,1,1,1,4,1,2,4,5,7,8,,,2,2,,,2,7,2,2,2,1,4,1,9,9,1,1,2,3,3,1,2,1,1,1,2,2,4,5,,2,,,b'\x11\xe8\xe1I\xd8\x1c\xa8\xc0\x98|\x12\xdf\x17\xaeN\x1e'
11E8E149-D81C-A8C0-987C-12DF17AE4E1E,2024-ncaa-d2-natl,ncaa,21,20,26,21,26,39,53,94,22,68,142,22,44,66,44,93,18,31,35,31,24,75,82,17,12,19,69,109,75,139,99,146,66,151,73,35,51,168,115,53,72,83,224,260,,,211,177,,,25,68,271,7,64,91,242,134,252,72,113,41,80,77,215,239,205,264,261,54,90,117,261,,99,,,23,172,219,156,230,251,239,168,71,38,252,23,115,128,95,128,58,151,199,192,181,125,26,46,82,56,66,77,99,64,73,91,36,49,50,41,123,78,179,181,,,22,16,,,25,231,24,85,28,43,92,11,157,140,30,8,53,63,63,8,22,18,8,6,36,100,59,138,,49,,,b'\x11\xe8\xe1I\xd8\x1c\xa8\xc0\x98|\x12\xdf\x17\xaeN\x1e'
11E8E149-D81C-A8C0-987C-12DF17AE4E1E,2025-ncaa-d2-conf-Sunshine State,genius_ncaa,2,3,1,3,1,1,2,1,6,2,5,3,2,2,8,3,3,2,10,2,2,1,1,5,4,3,3,4,7,2,4,4,3,2,3,1,1,8,3,2,2,3,3,6,,,11,11,,11,2,1,9,9,3,3,3,8,8,4,2,6,3,3,3,4,3,9,6,1,3,3,5,,11,,11,3,7,7,5,6,10,10,7,1,1,2,1,11,11,6,11,11,8,10,3,4,3,1,1,11,3,3,9,4,8,3,4,5,1,1,2,5,1,9,7,,,3,7,,1,2,10,2,2,3,3,2,1,7,6,1,1,11,11,11,1,3,2,5,4,2,3,2,6,,6,,2,b'\x11\xe8\xe1I\xd8\x1c\xa8\xc0\x98|\x12\xdf\x17\xaeN\x1e'
11E8E149-D81C-A8C0-987C-12DF17AE4E1E,2025-ncaa-d2-natl,genius_ncaa,12,31,6,24,6,19,23,19,51,26,58,17,34,17,145,83,15,13,128,12,31,14,14,43,45,34,100,132,117,16,28,64,43,23,30,11,18,205,61,21,22,45,77,141,,,299,301,,301,16,19,244,174,48,67,148,87,228,90,80,58,66,68,122,186,59,251,167,22,56,80,157,,279,,295,21,256,219,199,200,279,272,176,29,25,54,8,298,298,135,298,266,241,272,129,174,101,46,6,296,88,43,229,28,179,30,216,168,17,35,57,107,17,286,262,,,12,63,,22,16,285,18,64,19,43,26,2,118,88,3,2,248,243,242,10,21,14,34,7,70,84,21,250,,87,,49,b'\x11\xe8\xe1I\xd8\x1c\xa8\xc0\x98|\x12\xdf\x17\xaeN\x1e'
11E8E149-D81C-A8C0-987C-12DF17AE4E1E,2026-ncaa-d2-conf-Sunshine State,genius_ncaa,1,1,1,1,4,1,2,2,6,2,1,10,2,8,1,9,1,1,7,1,4,1,2,4,4,4,2,4,4,1,3,6,3,3,6,1,2,9,5,5,1,1,4,4,,,11,11,,11,3,2,3,4,2,4,4,4,3,3,9,3,3,3,3,4,3,9,5,1,8,1,4,,11,,11,4,5,4,4,7,9,7,9,2,2,1,1,10,10,9,10,11,5,9,7,9,4,4,1,11,4,3,8,3,6,6,5,11,1,1,1,6,4,1,1,,,2,4,,2,3,10,4,3,3,4,1,1,8,5,1,1,10,10,10,2,8,3,8,4,2,1,4,1,,4,,3,b'\x11\xe8\xe1I\xd8\x1c\xa8\xc0\x98|\x12\xdf\x17\xaeN\x1e'
11E8E149-D81C-A8C0-987C-12DF17AE4E1E,2026-ncaa-d2-natl,genius_ncaa,9,1,141,1,170,76,90,100,101,86,57,186,118,182,33,244,40,39,149,35,79,87,85,113,98,104,142,175,70,31,14,168,44,98,23,79,113,197,146,130,11,8,153,109,,,274,295,,281,13,107,9,88,11,23,20,34,12,97,178,21,13,10,10,10,11,135,23,44,238,7,147,,298,,288,9,95,53,52,114,76,67,152,34,66,40,83,272,278,110,276,296,83,164,86,164,26,209,39,295,50,44,129,14,89,23,127,267,11,5,14,88,35,62,30,,,64,95,,34,13,190,68,14,14,82,28,6,65,39,28,44,289,296,296,50,254,34,145,74,138,5,109,58,,18,,23,b'\x11\xe8\xe1I\xd8\x1c\xa8\xc0\x98|\x12\xdf\x17\xaeN\x1e'
11E8E149-D821-54F6-987C-12DF17AE4E1E,2018-ncaa-d2-conf-CACC,ncaa,14,14,9,14,14,12,13,14,12,11,12,11,13,10,14,7,5,8,6,8,4,13,10,12,12,12,9,12,2,8,7,14,12,14,11,12,10,13,14,12,10,9,14,14,,,13,14,,,14,12,7,12,12,13,11,11,11,11,10,4,8,8,10,10,7,13,11,12,13,8,14,,14,,,14,11,7,2,13,6,1,12,12,10,12,13,13,13,8,13,14,4,3,13,13,12,14,13,9,6,12,5,7,5,11,12,13,10,6,11,7,10,9,13,,,7,3,,,14,3,13,12,14,11,9,5,7,3,13,12,13,13,13,8,8,6,7,8,12,8,8,10,,5,,,b'\x11\xe8\xe1I\xd8!T\xf6\x98|\x12\xdf\x17\xaeN\x1e'
11E8E149-D821-54F6-987C-12DF17AE4E1E,2018-ncaa-d2-natl,ncaa,297,308,105,301,138,241,269,164,303,240,157,289,262,161,304,166,110,127,123,135,126,162,129,305,298,298,143,243,16,98,142,216,254,165,242,250,173,284,275,284,165,184,285,291,,,276,284,,,302,130,139,226,293,301,207,276,180,277,182,110,137,150,205,134,97,262,205,278,271,179,295,,281,,,297,270,244,165,252,153,98,227,292,250,298,258,266,268,142,269,283,203,188,281,285,275,287,279,210,217,254,238,142,237,242,292,300,130,149,250,227,210,229,228,,,157,192,,,302,181,293,276,297,264,215,140,127,66,291,253,262,262,262,182,181,206,229,231,291,138,212,220,,177,,,b'\x11\xe8\xe1I\xd8!T\xf6\x98|\x12\xdf\x17\xaeN\x1e'
11E8E149-D821-54F6-987C-12DF17AE4E1E,2019-ncaa-d2-conf-CACC,ncaa,14,14,9,14,12,14,14,12,14,14,12,14,9,5,11,4,11,9,10,9,4,12,9,14,13,14,2,3,5,6,4,13,11,11,8,13,8,13,14,14,13,13,14,14,,,10,12,,,14,11,7,11,14,14,11,14,12,8,5,9,9,9,10,5,4,13,9,13,14,13,14,,11,,,14,9,12,5,14,13,3,14,6,9,3,11,4,7,2,7,9,4,3,14,14,14,2,5,4,3,11,11,4,5,8,14,14,12,9,13,12,12,12,14,,,8,6,,,14,2,14,14,14,12,13,11,14,5,7,11,6,8,8,8,7,5,11,10,14,8,12,12,,6,,,b'\x11\xe8\xe1I\xd8!T\xf6\x98|\x12\xdf\x17\xaeN\x1e'
11E8E149-D821-54F6-987C-12DF17AE4E1E,2019-ncaa-d2-natl,ncaa,290,298,182,295,225,249,270,191,301,286,248,297,119,79,243,53,168,133,231,133,48,187,129,288,284,293,21,57,55,67,68,236,230,160,183,225,103,294,293,288,212,223,300,303,,,232,259,,,287,164,91,291,272,283,164,299,255,111,55,154,116,113,149,53,36,245,117,235,299,204,305,,260,,,282,222,255,142,289,269,122,305,140,187,75,210,124,188,25,182,200,144,142,282,269,254,59,92,83,170,230,187,68,184,183,303,305,148,144,279,255,238,244,294,,,153,188,,,287,135,285,258,286,258,272,176,285,139,180,222,146,208,203,189,201,191,225,218,302,132,264,261,,122,,,b'\x11\xe8\xe1I\xd8!T\xf6\x98|\x12\xdf\x17\xaeN\x1e'
11E8E149-D821-54F6-987C-12DF17AE4E1E,2020-ncaa-d2-conf-CACC,ncaa,10,10,4,10,4,10,14,11,13,12,10,12,11,7,13,8,1,2,7,2,1,7,6,13,12,11,4,10,1,8,10,11,8,10,10,13,11,13,12,13,8,8,13,13,,,9,9,,,13,4,7,1,12,14,11,12,10,12,8,1,2,2,9,8,7,11,9,14,12,8,13,,9,,,13,13,13,8,12,6,2,14,13,14,10,14,8,7,13,7,9,7,9,13,13,14,12,13,6,5,8,11,10,9,10,13,12,8,8,13,6,5,9,10,,,1,1,,,13,10,12,13,13,11,12,8,6,3,12,13,8,7,7,6,7,5,10,9,12,7,4,9,,3,,,b'\x11\xe8\xe1I\xd8!T\xf6\x98|\x12\xdf\x17\xaeN\x1e'
11E8E149-D821-54F6-987C-12DF17AE4E1E,2020-ncaa-d2-natl,ncaa,243,241,223,247,229,246,276,220,290,271,225,275,217,146,287,135,97,64,234,60,23,188,180,287,278,267,82,187,17,117,150,234,219,200,224,261,198,186,194,258,176,168,274,268,,,156,181,,,274,200,113,67,238,277,161,267,189,207,114,58,30,29,105,81,85,207,138,262,227,153,271,,205,,,269,190,200,134,245,160,80,263,255,240,219,275,85,87,166,89,144,120,113,268,258,234,194,255,68,162,219,203,150,194,224,281,289,155,140,245,46,51,193,238,,,108,49,,,274,105,261,241,269,247,251,216,207,118,277,277,122,121,124,197,201,200,270,250,291,124,67,222,,34,,,b'\x11\xe8\xe1I\xd8!T\xf6\x98|\x12\xdf\x17\xaeN\x1e'
11E8E149-D821-54F6-987C-12DF17AE4E1E,2021-ncaa-d2-conf-CACC,ncaa,5,6,1,5,1,3,4,2,5,5,6,5,2,1,3,1,6,6,4,6,4,3,3,4,4,3,1,1,7,7,7,6,6,6,7,4,3,2,2,2,5,7,5,7,,,6,5,,,6,3,6,1,4,4,4,7,7,2,1,7,7,7,5,7,7,6,7,5,2,7,6,,4,,,5,7,7,5,7,7,7,7,3,4,4,3,6,4,6,4,3,5,5,6,7,7,2,3,5,6,6,7,7,7,7,6,3,3,5,6,3,3,2,4,,,3,2,,,6,5,4,6,5,6,5,4,6,6,3,3,4,3,3,4,2,5,7,7,6,5,2,2,,6,,,b'\x11\xe8\xe1I\xd8!T\xf6\x98|\x12\xdf\x17\xaeN\x1e'
11E8E149-D821-54F6-987C-12DF17AE4E1E,2021-ncaa-d2-natl,ncaa,159,112,173,158,178,183,184,182,198,190,191,189,134,122,158,9,200,198,202,196,158,185,185,181,191,188,20,10,212,183,175,188,213,188,215,160,16,41,112,91,157,108,158,152,,,52,104,,,154,182,144,108,197,186,116,215,211,47,17,220,213,212,148,162,135,183,174,96,92,100,130,,107,,,159,48,52,48,106,67,62,110,32,40,30,40,44,41,66,41,45,46,48,74,65,50,15,29,83,104,213,63,175,72,215,58,178,140,42,85,47,118,56,157,,,181,104,,,154,45,190,80,158,67,102,115,158,167,22,34,64,76,70,97,137,208,194,210,151,39,109,102,,138,,,b'\x11\xe8\xe1I\xd8!T\xf6\x98|\x12\xdf\x17\xaeN\x1e'
11E8E149-D821-54F6-987C-12DF17AE4E1E,2022-ncaa-d2-conf-CACC,ncaa,10,10,12,10,13,11,11,12,11,13,13,9,3,2,9,2,11,11,10,11,6,12,13,9,10,7,2,2,9,13,13,13,13,13,13,11,10,1,1,7,8,5,13,13,,,3,5,,,10,11,5,6,9,9,5,13,12,2,2,11,10,8,6,9,13,12,13,10,2,5,13,,6,,,10,6,8,2,12,5,1,13,11,9,10,13,4,5,4,5,8,2,3,13,12,11,11,12,4,6,13,13,13,11,13,11,12,5,2,10,2,2,1,9,,,10,7,,,10,3,9,11,10,11,12,7,10,2,12,12,6,7,7,6,10,9,13,13,12,3,3,4,,8,,,b'\x11\xe8\xe1I\xd8!T\xf6\x98|\x12\xdf\x17\xaeN\x1e'
11E8E149-D821-54F6-987C-12DF17AE4E1E,2022-ncaa-d2-natl,ncaa,240,203,267,242,275,263,261,235,262,281,272,250,120,97,186,25,279,275,243,271,197,246,271,230,245,190,43,20,251,269,281,285,289,286,298,255,209,11,45,139,153,103,262,246,,,42,106,,,237,261,84,143,198,191,59,258,208,45,21,256,229,227,82,150,233,272,277,224,50,80,246,,162,,,235,60,97,38,264,93,29,279,136,112,201,235,24,49,15,53,154,33,54,270,247,186,124,212,42,199,289,202,281,200,298,225,288,127,50,188,7,24,63,166,,,274,236,,,237,39,224,221,236,241,255,198,240,117,251,243,85,130,133,194,246,278,298,296,290,39,26,128,,219,,,b'\x11\xe8\xe1I\xd8!T\xf6\x98|\x12\xdf\x17\xaeN\x1e'
11E8E149-D821-54F6-987C-12DF17AE4E1E,2023-ncaa-d2-conf-CACC,ncaa,12,11,7,12,11,12,12,12,12,13,13,11,10,7,12,3,10,10,4,10,5,12,10,12,12,12,6,9,1,12,13,12,9,12,13,12,11,8,12,12,7,6,12,6,,,6,11,,,12,10,8,9,12,12,12,13,12,10,5,9,9,9,12,11,12,13,13,13,9,7,10,,10,,,12,8,5,3,13,2,1,13,13,12,12,13,5,4,6,4,11,4,4,13,13,10,13,13,5,5,9,11,13,10,13,13,13,5,3,11,8,12,4,10,,,10,7,,,12,4,12,9,12,10,7,5,3,1,13,12,7,6,5,5,6,7,13,10,13,4,10,4,,10,,,b'\x11\xe8\xe1I\xd8!T\xf6\x98|\x12\xdf\x17\xaeN\x1e'
11E8E149-D821-54F6-987C-12DF17AE4E1E,2023-ncaa-d2-natl,ncaa,275,239,280,278,285,292,291,285,294,294,289,287,259,178,292,57,286,281,202,281,189,285,287,291,290,292,101,122,120,227,206,280,279,280,275,287,159,128,266,276,218,142,162,73,,,51,170,,,279,287,164,208,293,291,215,291,245,227,80,256,250,249,238,157,128,213,192,275,253,132,94,,193,,,282,28,28,25,131,16,13,140,136,133,161,254,19,40,34,34,166,16,22,162,139,125,241,253,101,180,279,82,206,128,275,173,292,206,114,219,152,252,133,263,,,287,255,,,279,9,291,176,284,161,160,192,98,80,244,259,100,132,122,184,207,275,278,282,278,95,252,216,,243,,,b'\x11\xe8\xe1I\xd8!T\xf6\x98|\x12\xdf\x17\xaeN\x1e'
11E8E149-D825-C2A2-987C-12DF17AE4E1E,2018-ncaa-d2-natl,ncaa,305,30,308,305,308,308,308,308,300,308,308,306,308,309,221,173,308,308,32,308,308,308,308,300,304,304,212,127,286,308,309,308,306,308,309,308,32,2,268,225,308,148,301,22,,,1,2,,,235,308,48,12,295,275,74,257,69,205,180,300,307,307,158,105,300,276,303,152,274,87,10,,17,,,308,2,2,2,308,2,2,307,2,2,245,213,2,2,210,2,80,2,2,307,305,302,56,163,25,2,306,2,309,2,309,2,263,308,191,288,2,307,2,132,,,308,307,,,235,2,307,307,308,309,309,296,308,272,287,281,188,168,149,288,294,300,309,308,307,96,307,181,,300,,,b'\x11\xe8\xe1I\xd8%\xc2\xa2\x98|\x12\xdf\x17\xaeN\x1e'
11E8E149-D825-C2A2-987C-12DF17AE4E1E,2019-ncaa-d2-natl,ncaa,304,5,311,304,311,311,311,311,232,311,311,214,309,311,211,90,310,310,278,310,223,311,311,219,244,289,136,85,263,310,305,311,309,311,310,310,90,1,307,290,311,225,310,263,,,1,20,,,186,311,5,225,229,209,114,212,188,121,86,277,240,232,150,17,290,285,302,145,310,139,214,,133,,,307,1,1,1,309,2,1,311,1,1,8,89,2,2,308,2,134,1,1,307,309,305,6,9,131,1,309,1,305,1,310,2,287,311,133,282,2,311,1,113,,,310,276,,,186,1,302,308,306,311,311,306,311,302,105,237,294,265,257,307,308,305,309,308,309,42,311,93,,177,,,b'\x11\xe8\xe1I\xd8%\xc2\xa2\x98|\x12\xdf\x17\xaeN\x1e'
11E8E149-D825-C2A2-987C-12DF17AE4E1E,2020-ncaa-d2-natl,ncaa,305,14,310,305,310,310,310,311,259,309,310,265,311,311,216,186,311,311,218,311,214,311,310,259,258,300,165,174,141,310,65,311,284,310,218,310,112,2,311,304,311,285,311,305,,,1,3,,,220,310,14,227,267,264,206,246,160,212,202,229,204,210,218,33,86,307,273,209,311,249,299,,15,,,311,2,2,2,311,2,2,311,3,3,203,263,2,1,311,1,15,2,2,311,311,311,6,95,2,1,284,1,65,1,218,3,299,311,295,311,2,311,2,231,,,311,251,,,220,2,301,311,311,311,311,306,311,292,298,301,111,37,46,304,290,190,87,126,311,261,311,224,,142,,,b'\x11\xe8\xe1I\xd8%\xc2\xa2\x98|\x12\xdf\x17\xaeN\x1e'
11E8E149-D82A-2D9C-987C-12DF17AE4E1E,2018-ncaa-d2-conf-G-MAC,ncaa,6,6,5,6,5,4,3,3,3,3,3,4,9,10,5,11,1,4,3,4,8,3,3,4,3,4,11,11,6,9,9,5,7,6,8,4,3,9,6,5,2,4,7,10,,,7,3,,,5,1,1,2,1,1,2,1,2,9,10,1,3,3,1,1,10,4,4,2,10,2,7,,7,,,5,12,12,12,7,12,12,6,7,7,5,5,5,4,12,4,1,12,13,5,6,3,2,5,3,9,7,10,9,11,8,12,10,4,6,7,10,8,12,8,,,2,4,,,5,13,5,5,6,11,12,13,12,13,7,8,5,4,4,13,13,9,9,9,12,4,9,12,,2,,,b'\x11\xe8\xe1I\xd8*-\x9c\x98|\x12\xdf\x17\xaeN\x1e'
11E8E149-D82A-2D9C-987C-12DF17AE4E1E,2018-ncaa-d2-natl,ncaa,78,87,64,87,78,20,23,44,21,18,44,28,90,112,73,194,58,91,25,90,211,45,38,28,23,33,230,202,183,165,221,56,174,95,185,30,114,248,145,72,41,78,211,261,,,229,77,,,92,23,14,93,11,9,36,14,48,108,147,66,120,126,41,41,210,58,114,22,216,45,232,,187,,,95,296,296,288,220,299,280,247,248,266,133,165,204,167,281,172,67,285,286,213,215,202,69,121,79,253,174,241,221,253,185,298,259,64,143,231,262,196,243,168,,,64,152,,,92,286,55,205,103,277,292,288,289,271,213,244,162,119,125,282,286,219,193,215,297,87,236,230,,73,,,b'\x11\xe8\xe1I\xd8*-\x9c\x98|\x12\xdf\x17\xaeN\x1e'
11E8E149-D82A-2D9C-987C-12DF17AE4E1E,2019-ncaa-d2-conf-G-MAC,ncaa,7,7,5,7,6,8,8,6,8,9,8,9,5,5,4,5,12,12,5,12,13,9,6,6,6,8,5,5,13,8,8,5,9,4,7,4,1,11,11,7,10,11,13,13,,,9,8,,,10,5,5,3,8,8,6,8,8,5,5,12,13,13,8,8,8,5,4,4,11,11,13,,8,,,10,11,12,11,6,10,10,6,10,11,9,8,7,8,10,8,6,11,11,6,6,8,7,9,7,13,9,8,8,12,7,12,9,10,12,11,13,12,13,12,,,10,13,,,10,10,7,9,10,10,10,12,11,10,10,11,6,6,6,11,11,12,7,10,12,10,12,12,,12,,,b'\x11\xe8\xe1I\xd8*-\x9c\x98|\x12\xdf\x17\xaeN\x1e'
11E8E149-D82A-2D9C-987C-12DF17AE4E1E,2019-ncaa-d2-natl,ncaa,121,123,118,126,158,113,91,113,95,159,167,152,42,73,16,63,284,292,90,290,299,149,154,65,82,103,83,21,304,182,189,123,181,141,175,82,85,187,176,103,181,213,206,220,,,117,77,,,202,142,123,174,94,71,83,163,177,27,66,291,301,297,152,155,184,107,141,56,175,201,222,,99,,,199,268,275,255,192,212,172,214,296,293,209,280,84,70,228,71,70,226,180,225,209,246,213,279,34,216,181,175,189,200,175,255,174,220,268,274,237,227,231,237,,,281,300,,,202,178,112,257,191,255,266,273,202,157,293,293,73,61,62,254,205,215,165,188,245,246,229,233,,300,,,b'\x11\xe8\xe1I\xd8*-\x9c\x98|\x12\xdf\x17\xaeN\x1e'
11E8E149-D82A-2D9C-987C-12DF17AE4E1E,2020-ncaa-d2-conf-G-MAC,ncaa,6,5,5,6,6,6,5,4,7,5,3,5,6,5,8,5,7,7,2,7,8,6,6,5,6,5,5,5,5,1,1,7,3,6,1,6,6,7,5,5,6,7,7,9,,,1,3,,,5,8,7,7,5,5,2,5,5,6,5,5,9,9,3,5,2,5,3,6,6,6,8,,1,,,4,5,8,7,6,9,11,5,6,3,9,4,1,1,3,1,1,4,6,6,6,5,3,6,2,2,3,1,1,1,1,8,8,7,8,7,7,8,6,6,,,7,9,,,5,7,5,5,4,4,7,9,8,11,6,4,1,1,1,6,6,3,3,2,9,7,8,7,,8,,,b'\x11\xe8\xe1I\xd8*-\x9c\x98|\x12\xdf\x17\xaeN\x1e'
11E8E149-D82A-2D9C-987C-12DF17AE4E1E,2020-ncaa-d2-natl,ncaa,95,124,54,115,73,36,33,49,61,52,92,48,55,56,93,90,99,163,22,167,224,59,58,55,52,72,142,111,214,71,77,86,106,67,77,52,152,236,152,116,97,128,166,211,,,133,57,,,111,56,69,158,41,40,55,61,128,69,68,121,200,201,79,69,93,126,98,59,187,118,191,,77,,,112,281,292,276,264,285,258,245,273,241,258,186,60,61,184,52,22,255,247,266,241,226,71,204,10,144,106,157,77,154,77,295,213,96,144,219,267,211,146,102,,,147,261,,,111,262,68,203,111,240,276,245,268,225,242,200,31,30,27,197,199,108,92,91,273,126,238,121,,202,,,b'\x11\xe8\xe1I\xd8*-\x9c\x98|\x12\xdf\x17\xaeN\x1e'
11E8E149-D82A-2D9C-987C-12DF17AE4E1E,2021-ncaa-d2-conf-G-MAC,ncaa,5,5,6,5,8,5,6,8,2,7,6,7,4,7,1,8,5,6,3,6,8,7,7,2,2,2,5,5,8,4,3,7,11,6,5,5,4,7,5,4,6,5,4,5,,,3,2,,,4,8,7,6,2,2,5,4,4,4,8,4,7,7,4,2,2,6,2,1,7,3,5,,2,,,4,4,5,7,4,7,8,7,4,7,2,8,2,2,3,2,2,5,7,4,3,4,2,6,1,10,11,3,3,6,5,8,9,7,6,7,7,9,8,9,,,8,10,,,4,5,3,5,4,6,8,10,9,9,6,8,1,2,2,8,10,11,4,7,8,3,9,9,,8,,,b'\x11\xe8\xe1I\xd8*-\x9c\x98|\x12\xdf\x17\xaeN\x1e'
11E8E149-D82A-2D9C-987C-12DF17AE4E1E,2021-ncaa-d2-natl,ncaa,27,95,30,49,36,16,14,19,17,18,23,44,10,33,4,96,52,66,46,64,180,21,24,12,13,13,100,51,203,40,84,24,116,21,71,13,60,190,68,23,41,105,63,142,,,133,14,,,38,24,42,91,10,10,35,34,56,14,71,121,148,147,40,47,89,38,54,9,110,86,112,,28,,,47,205,212,212,163,214,207,188,204,215,79,163,91,105,40,105,10,206,207,156,115,140,38,134,2,212,116,174,84,195,71,217,156,45,151,193,203,124,170,82,,,68,201,,,38,203,14,138,50,179,200,206,197,181,174,199,8,12,14,189,185,158,86,118,204,118,149,109,,171,,,b'\x11\xe8\xe1I\xd8*-\x9c\x98|\x12\xdf\x17\xaeN\x1e'
11E8E149-D82A-2D9C-987C-12DF17AE4E1E,2022-ncaa-d2-conf-G-MAC,ncaa,10,11,6,10,7,10,11,9,12,12,12,12,6,5,10,1,7,11,1,11,9,9,9,10,9,10,2,3,4,7,6,11,12,10,10,5,1,8,9,7,9,9,10,11,,,2,3,,,10,11,12,2,11,12,12,12,12,8,5,6,12,12,12,12,7,11,10,6,8,10,10,,3,,,10,8,11,6,11,11,8,12,6,6,8,5,1,1,1,1,1,5,5,11,10,9,2,4,1,9,12,5,6,6,10,12,9,8,8,10,8,10,4,4,,,10,10,,,10,2,10,10,10,8,11,8,12,7,6,6,1,1,1,5,2,9,6,7,12,10,9,4,,11,,,b'\x11\xe8\xe1I\xd8*-\x9c\x98|\x12\xdf\x17\xaeN\x1e'
11E8E149-D82A-2D9C-987C-12DF17AE4E1E,2022-ncaa-d2-natl,ncaa,255,291,64,268,83,166,164,172,156,222,249,129,56,51,105,19,232,286,1,288,276,205,187,104,99,142,44,21,249,235,243,239,224,243,262,91,26,186,221,122,208,212,270,286,,,47,37,,,274,164,292,92,245,246,273,273,290,67,57,274,299,299,290,291,269,294,297,109,131,249,286,,15,,,260,260,290,199,299,288,162,299,265,223,266,226,15,14,120,14,10,152,134,299,297,292,29,204,1,140,224,150,243,143,262,290,203,200,207,284,261,272,63,126,,,266,287,,,274,139,163,291,267,237,281,121,277,91,246,185,3,3,3,48,25,100,85,80,276,245,229,40,,299,,,b'\x11\xe8\xe1I\xd8*-\x9c\x98|\x12\xdf\x17\xaeN\x1e'
11E8E149-D82A-2D9C-987C-12DF17AE4E1E,2023-ncaa-d2-conf-G-MAC,ncaa,13,13,9,13,13,11,13,13,10,13,13,13,9,11,3,10,8,8,5,8,3,13,11,8,7,11,1,5,1,11,8,13,13,13,10,11,4,13,13,13,5,4,13,13,,,13,13,,,12,11,5,12,11,13,13,13,13,8,11,3,5,5,13,10,11,13,13,10,13,4,13,,13,,,12,8,4,2,12,5,2,13,4,2,7,4,13,13,7,13,13,4,5,11,11,11,8,4,13,6,13,1,8,2,10,8,11,5,4,8,13,13,8,12,,,5,2,,,12,3,13,11,12,10,8,3,10,4,5,3,13,13,13,8,10,9,3,6,10,4,13,10,,2,,,b'\x11\xe8\xe1I\xd8*-\x9c\x98|\x12\xdf\x17\xaeN\x1e'
11E8E149-D82A-2D9C-987C-12DF17AE4E1E,2023-ncaa-d2-natl,ncaa,256,266,148,261,175,167,185,244,48,229,265,105,70,148,3,74,211,250,36,248,156,255,232,29,28,100,41,31,204,274,231,277,251,284,253,143,99,238,278,199,124,93,288,287,,,269,294,,,254,206,212,189,174,188,285,250,278,50,138,207,253,253,291,260,279,295,295,141,247,110,291,,286,,,251,233,212,84,292,202,47,296,215,185,234,231,250,236,239,228,274,101,99,293,296,291,207,170,206,142,251,38,231,55,253,223,198,162,133,210,217,264,150,231,,,200,122,,,254,95,137,290,253,269,251,61,231,34,232,201,263,242,235,95,101,146,25,61,233,152,229,160,,210,,,b'\x11\xe8\xe1I\xd8*-\x9c\x98|\x12\xdf\x17\xaeN\x1e'
11E8E149-D82A-2D9C-987C-12DF17AE4E1E,2024-ncaa-d2-conf-G-MAC,ncaa,11,11,9,11,10,10,10,11,10,8,4,10,13,13,10,13,7,8,2,8,9,10,8,10,10,10,14,14,2,11,10,13,12,12,11,9,4,13,11,11,5,2,14,14,,,13,12,,,11,8,3,5,10,10,8,4,2,13,13,4,4,4,7,3,9,13,12,7,13,2,14,,13,,,11,11,11,4,13,13,7,13,4,4,8,4,12,12,2,12,12,5,7,13,13,11,3,2,9,10,12,5,10,7,11,12,10,6,4,10,13,12,13,12,,,7,6,,,11,8,10,12,11,12,12,9,13,11,5,5,12,12,12,10,11,12,10,10,12,3,13,13,,6,,,b'\x11\xe8\xe1I\xd8*-\x9c\x98|\x12\xdf\x17\xaeN\x1e'
11E8E149-D82A-2D9C-987C-12DF17AE4E1E,2024-ncaa-d2-natl,ncaa,229,247,172,242,195,188,171,226,86,117,181,52,238,224,260,203,193,224,89,228,213,226,195,123,121,172,267,252,169,224,193,260,249,263,235,138,91,252,271,192,63,46,249,238,,,238,267,,,255,172,131,148,192,156,235,93,162,254,227,190,215,217,242,169,231,289,285,105,257,52,255,,252,,,250,230,226,76,293,216,68,295,177,162,198,208,195,207,102,202,248,89,118,290,290,271,132,145,138,143,249,62,193,75,235,267,254,106,72,207,277,282,208,227,,,198,174,,,255,117,200,266,250,252,253,86,251,63,203,183,203,207,204,123,153,153,64,91,272,88,278,226,,185,,,b'\x11\xe8\xe1I\xd8*-\x9c\x98|\x12\xdf\x17\xaeN\x1e'
11E8E149-D82A-2D9C-987C-12DF17AE4E1E,2025-ncaa-d2-conf-G-MAC,genius_ncaa,9,8,9,9,9,8,8,8,11,7,4,12,10,10,6,10,1,4,1,4,5,8,8,11,6,6,5,9,2,7,9,7,7,7,9,10,9,1,4,8,3,3,11,11,,,12,12,,4,6,8,3,2,5,8,5,6,3,10,8,1,1,1,2,3,7,7,7,10,6,2,11,,12,,7,6,5,5,4,8,4,5,8,6,7,9,7,11,11,3,11,11,6,3,9,8,8,10,7,8,5,7,11,9,10,9,4,5,7,5,3,2,3,4,3,,,4,2,,2,6,4,6,6,6,8,7,5,7,7,8,7,11,11,11,9,10,8,12,11,5,3,4,6,,2,,2,b'\x11\xe8\xe1I\xd8*-\x9c\x98|\x12\xdf\x17\xaeN\x1e'
11E8E149-D82A-2D9C-987C-12DF17AE4E1E,2025-ncaa-d2-natl,genius_ncaa,160,180,109,171,134,106,120,124,116,111,117,110,133,131,153,147,77,118,19,115,130,122,133,123,100,93,144,176,85,209,238,113,114,152,197,151,210,96,90,133,97,110,248,255,,,233,219,,178,155,111,107,139,92,107,124,95,129,146,140,64,122,120,116,160,226,113,187,172,86,109,258,,214,,168,155,220,228,190,218,186,156,213,237,221,222,215,160,183,64,185,180,194,186,229,209,208,183,213,112,140,114,224,238,198,197,95,33,131,159,107,154,153,147,137,,,110,103,,32,155,196,112,194,150,206,209,180,182,128,229,214,140,161,165,176,179,130,216,177,89,151,144,146,,109,,28,b'\x11\xe8\xe1I\xd8*-\x9c\x98|\x12\xdf\x17\xaeN\x1e'
11E8E149-D82A-2D9C-987C-12DF17AE4E1E,2026-ncaa-d2-conf-G-MAC,genius_ncaa,11,7,9,11,10,12,13,13,4,12,13,3,13,13,9,9,9,10,1,10,4,13,13,5,3,9,7,11,1,13,12,13,8,13,12,13,13,6,13,13,10,10,7,6,,,6,13,,7,11,12,10,3,11,13,13,9,13,12,13,5,7,7,13,13,12,13,13,13,13,10,6,,12,,10,11,3,3,1,10,3,2,9,1,1,2,4,11,11,7,11,13,1,2,8,10,9,6,1,13,2,8,2,12,1,12,2,4,10,9,4,9,13,2,3,,,9,1,,4,11,2,11,9,11,8,6,2,9,7,1,3,13,13,13,6,6,5,3,4,3,8,13,3,,1,,3,b'\x11\xe8\xe1I\xd8*-\x9c\x98|\x12\xdf\x17\xaeN\x1e'
11E8E149-D82A-2D9C-987C-12DF17AE4E1E,2026-ncaa-d2-natl,genius_ncaa,201,144,221,202,233,261,258,270,134,236,269,43,257,229,273,123,239,271,11,266,200,271,266,166,140,184,233,233,123,290,290,233,190,272,241,276,263,78,250,255,284,277,248,253,,,39,86,,140,192,258,212,88,256,238,287,170,260,248,194,194,264,261,291,283,291,129,263,269,184,276,242,,78,,202,203,45,63,71,78,89,77,149,34,97,23,154,42,43,88,44,63,61,49,52,38,94,36,78,82,99,190,65,290,71,241,60,114,268,243,201,106,242,105,227,,,247,101,,84,192,42,225,109,196,88,127,211,183,200,62,171,65,71,75,179,124,203,137,167,122,244,198,168,,205,,40,b'\x11\xe8\xe1I\xd8*-\x9c\x98|\x12\xdf\x17\xaeN\x1e'
11E8E149-D82F-4002-987C-12DF17AE4E1E,2018-ncaa-d2-conf-G-MAC,ncaa,13,13,9,13,12,13,13,10,13,9,7,13,11,11,13,9,11,11,9,10,10,10,9,13,13,13,7,10,4,10,13,13,13,13,13,13,12,12,12,13,7,8,11,11,,,7,7,,,13,8,2,8,13,13,8,9,7,11,9,10,9,9,10,5,8,13,13,13,12,7,11,,12,,,13,13,13,7,13,13,4,13,12,10,10,11,9,9,5,9,10,7,6,13,13,13,6,8,6,10,13,13,13,13,13,13,12,7,7,13,12,12,11,10,,,11,13,,,13,5,13,13,13,13,13,11,13,8,12,12,11,12,11,12,12,11,13,13,13,7,12,11,,10,,,b'\x11\xe8\xe1I\xd8/@\x02\x98|\x12\xdf\x17\xaeN\x1e'
11E8E149-D82F-4002-987C-12DF17AE4E1E,2018-ncaa-d2-natl,ncaa,305,305,250,305,269,268,261,219,271,245,207,255,233,190,285,138,254,256,158,256,237,228,212,271,270,273,193,178,170,231,266,290,291,286,303,266,236,190,249,270,199,176,270,273,,,115,144,,,306,212,63,217,253,243,110,214,138,214,139,233,233,229,144,101,197,290,277,259,259,156,272,,204,,,305,274,278,128,309,260,67,309,275,246,266,286,168,160,189,141,207,122,112,309,309,307,172,233,77,195,291,231,266,225,303,293,277,203,199,292,280,293,196,224,,,272,279,,,306,95,282,306,303,306,304,262,296,142,300,295,233,226,215,261,252,259,289,291,304,145,298,243,,255,,,b'\x11\xe8\xe1I\xd8/@\x02\x98|\x12\xdf\x17\xaeN\x1e'
11E8E149-D82F-4002-987C-12DF17AE4E1E,2019-ncaa-d2-conf-G-MAC,ncaa,14,14,9,14,14,14,14,11,14,13,7,14,14,11,14,9,13,13,12,13,14,11,9,14,14,14,14,11,9,9,9,10,14,8,13,14,14,14,14,14,7,7,2,2,,,11,11,,,14,8,3,14,14,14,9,13,7,14,10,13,12,12,11,4,7,8,6,14,14,5,1,,13,,,14,14,14,10,12,6,5,10,14,13,12,11,13,13,9,13,14,10,10,12,12,14,14,12,12,14,14,12,9,14,13,14,14,13,13,14,14,14,13,11,,,14,14,,,14,6,14,14,14,14,14,14,10,6,14,14,13,13,13,14,14,14,14,14,14,11,14,14,,13,,,b'\x11\xe8\xe1I\xd8/@\x02\x98|\x12\xdf\x17\xaeN\x1e'
11E8E149-D82F-4002-987C-12DF17AE4E1E,2019-ncaa-d2-natl,ncaa,304,309,227,304,258,293,282,236,297,267,223,286,260,185,303,134,294,289,244,288,278,254,208,299,301,304,222,180,230,203,231,240,289,238,277,303,301,275,296,307,164,173,61,30,,,198,216,,,310,209,87,303,298,284,192,267,178,262,158,292,284,285,236,114,167,202,191,307,293,148,39,,259,,,306,283,228,175,237,113,59,254,306,301,279,297,257,251,171,248,292,196,140,279,283,299,305,295,193,271,289,204,231,241,277,298,295,269,292,305,298,298,181,219,,,299,303,,,310,106,304,306,307,302,278,279,181,88,306,309,281,281,280,295,261,293,273,286,301,255,298,222,,299,,,b'\x11\xe8\xe1I\xd8/@\x02\x98|\x12\xdf\x17\xaeN\x1e'
11E8E149-D82F-4002-987C-12DF17AE4E1E,2020-ncaa-d2-conf-G-MAC,ncaa,13,13,9,13,9,12,13,12,12,12,6,13,9,12,5,11,10,11,12,10,11,12,9,12,12,13,7,6,7,12,13,10,12,11,13,13,13,10,12,13,8,8,13,12,,,8,7,,,13,9,4,2,12,13,10,12,4,9,12,10,11,10,12,7,11,8,10,13,12,8,12,,10,,,13,12,12,10,10,11,8,12,9,10,8,8,9,11,2,11,9,11,9,10,10,12,6,8,7,12,12,12,13,13,13,9,5,12,12,11,10,11,3,4,,,11,12,,,13,5,13,13,13,12,12,13,13,12,9,11,11,12,12,13,12,13,13,13,10,12,11,4,,11,,,b'\x11\xe8\xe1I\xd8/@\x02\x98|\x12\xdf\x17\xaeN\x1e'
11E8E149-D82F-4002-987C-12DF17AE4E1E,2020-ncaa-d2-natl,ncaa,292,266,283,292,284,273,246,269,176,238,231,200,221,250,133,193,301,302,220,301,298,278,274,181,211,234,239,154,298,291,295,263,244,288,283,288,292,180,272,278,214,182,300,303,,,62,100,,,294,255,62,33,213,173,150,154,112,178,199,299,289,286,193,123,276,160,242,266,273,150,299,,171,,,294,216,242,136,290,219,102,291,240,207,250,232,86,111,75,104,147,129,75,293,282,295,133,225,62,173,244,114,295,136,283,188,110,278,277,277,222,276,33,48,,,303,309,,,294,60,259,297,292,299,298,298,289,247,295,286,175,195,196,295,278,265,264,272,265,228,278,61,,299,,,b'\x11\xe8\xe1I\xd8/@\x02\x98|\x12\xdf\x17\xaeN\x1e'
11E8E149-D82F-4002-987C-12DF17AE4E1E,2021-ncaa-d2-conf-G-MAC,ncaa,12,12,11,12,11,11,11,11,12,11,11,12,8,4,10,1,11,11,5,11,11,11,11,12,12,12,3,2,10,12,12,11,12,11,12,11,9,4,9,11,9,10,11,11,,,4,3,,,12,11,3,10,12,12,10,12,12,7,3,12,12,12,11,10,12,12,12,10,6,10,11,,6,,,12,12,12,8,12,12,6,12,10,10,9,9,8,6,9,6,6,8,5,12,12,12,5,7,4,12,12,11,12,12,12,11,11,10,11,12,12,12,10,12,,,11,12,,,12,2,12,12,12,12,12,12,12,11,11,11,10,9,8,12,12,12,12,12,12,11,12,11,,12,,,b'\x11\xe8\xe1I\xd8/@\x02\x98|\x12\xdf\x17\xaeN\x1e'
11E8E149-D82F-4002-987C-12DF17AE4E1E,2021-ncaa-d2-natl,ncaa,211,225,47,211,58,94,85,42,189,116,100,169,30,10,161,7,154,160,82,160,214,64,64,176,185,179,35,15,217,175,226,105,219,131,226,93,144,170,110,146,91,189,149,214,,,142,22,,,226,39,38,121,176,168,78,193,191,41,14,221,223,223,124,127,222,210,225,167,109,160,204,,66,,,225,226,226,213,225,226,203,226,222,219,201,180,183,178,152,171,66,214,201,226,225,226,67,139,16,225,219,222,226,226,226,225,174,114,216,225,221,200,180,173,,,139,226,,,226,189,204,226,223,226,226,220,223,193,221,220,132,118,115,217,204,213,224,225,225,198,194,139,,226,,,b'\x11\xe8\xe1I\xd8/@\x02\x98|\x12\xdf\x17\xaeN\x1e'
11E8E149-D833-E3C8-987C-12DF17AE4E1E,2018-ncaa-d2-conf-GAC,ncaa,9,11,6,11,6,5,4,3,7,6,6,7,6,4,7,6,6,7,2,7,7,4,7,5,4,3,5,8,6,10,11,8,12,8,11,8,9,3,3,3,6,7,9,10,,,8,5,,,7,5,2,2,3,3,3,4,6,6,4,5,6,6,3,6,10,9,9,8,3,6,9,,8,,,7,12,12,10,10,12,10,10,5,8,2,3,8,8,8,8,7,11,10,10,9,10,2,2,6,12,12,9,11,12,11,5,2,7,9,6,2,3,5,5,,,9,8,,,7,9,5,10,6,12,12,11,12,11,4,8,8,9,9,12,12,12,9,12,6,7,3,5,,8,,,b'\x11\xe8\xe1I\xd83\xe3\xc8\x98|\x12\xdf\x17\xaeN\x1e'
11E8E149-D833-E3C8-987C-12DF17AE4E1E,2018-ncaa-d2-natl,ncaa,179,179,148,188,157,86,104,122,76,141,163,120,57,92,22,106,82,147,9,150,138,127,170,60,47,25,55,72,129,260,278,163,257,210,277,131,210,40,36,61,157,190,174,196,,,221,191,,,189,129,75,68,34,56,76,116,148,37,79,58,135,135,81,147,270,153,228,118,39,159,173,,239,,,189,280,277,241,248,275,222,266,220,224,177,160,243,245,173,246,201,244,213,243,254,274,144,125,161,256,257,213,278,242,277,157,21,197,242,190,27,23,173,164,,,161,145,,,189,193,51,283,168,296,291,279,287,250,235,245,257,251,256,283,262,270,240,269,166,196,31,162,,143,,,b'\x11\xe8\xe1I\xd83\xe3\xc8\x98|\x12\xdf\x17\xaeN\x1e'
11E8E149-D833-E3C8-987C-12DF17AE4E1E,2019-ncaa-d2-conf-GAC,ncaa,10,10,9,10,9,9,5,7,3,5,7,2,6,6,5,5,11,12,5,12,12,8,9,3,3,6,7,5,12,9,10,7,4,7,6,4,3,8,9,6,6,5,9,9,,,5,6,,,10,7,4,2,6,3,5,4,6,5,5,11,12,12,8,6,9,4,6,3,9,5,9,,8,,,10,9,10,7,10,8,6,10,10,9,10,10,6,5,9,4,5,5,4,10,10,11,6,9,5,4,4,5,10,4,6,10,10,9,8,11,8,9,3,3,,,11,11,,,10,7,8,10,10,11,11,11,9,6,11,11,6,5,5,9,10,4,7,8,10,8,9,3,,10,,,b'\x11\xe8\xe1I\xd83\xe3\xc8\x98|\x12\xdf\x17\xaeN\x1e'
11E8E149-D833-E3C8-987C-12DF17AE4E1E,2019-ncaa-d2-natl,ncaa,232,222,227,234,236,177,156,221,62,181,237,60,107,126,69,76,263,274,109,282,253,240,221,58,66,117,139,83,273,267,265,169,63,237,161,122,89,210,255,154,152,131,257,236,,,183,236,,,222,194,83,61,106,85,153,135,220,76,90,255,265,270,204,145,266,94,188,69,251,115,253,,243,,,223,197,175,114,240,98,51,235,294,262,288,287,138,117,232,104,197,101,99,271,273,272,285,289,109,53,63,100,265,69,161,204,205,197,188,228,182,228,32,58,,,241,219,,,222,122,157,249,215,271,250,210,150,79,302,289,187,171,162,205,198,81,179,135,251,161,232,40,,205,,,b'\x11\xe8\xe1I\xd83\xe3\xc8\x98|\x12\xdf\x17\xaeN\x1e'
11E8E149-D833-E3C8-987C-12DF17AE4E1E,2020-ncaa-d2-conf-GAC,ncaa,11,11,9,11,9,11,10,11,9,11,11,6,9,8,9,5,7,7,3,9,4,11,9,9,8,10,6,7,2,11,11,12,12,12,12,8,1,10,11,8,9,9,9,10,,,3,1,,,12,8,4,8,11,10,11,11,10,9,7,6,6,6,10,7,11,11,12,6,11,8,8,,3,,,12,12,12,9,11,10,6,12,10,9,9,10,7,7,11,7,7,9,6,12,12,12,5,5,4,12,12,5,11,9,12,12,10,9,9,12,10,12,8,12,,,9,5,,,12,5,11,12,12,12,12,10,11,7,11,11,8,8,8,10,9,12,9,11,12,8,11,10,,7,,,b'\x11\xe8\xe1I\xd83\xe3\xc8\x98|\x12\xdf\x17\xaeN\x1e'
11E8E149-D833-E3C8-987C-12DF17AE4E1E,2020-ncaa-d2-natl,ncaa,292,289,223,293,237,199,220,253,146,233,244,169,153,186,99,141,112,149,56,153,67,246,223,140,122,161,80,128,60,285,287,249,275,277,288,158,77,215,252,194,261,283,202,207,,,129,115,,,288,182,60,141,155,190,208,215,219,136,153,68,103,112,194,149,283,241,285,130,251,263,188,,173,,,285,283,275,189,291,245,149,283,275,229,294,215,237,216,232,211,209,199,154,294,297,302,207,223,143,233,275,141,287,188,288,265,189,228,247,275,225,255,246,279,,,163,76,,,288,136,202,305,281,302,294,278,281,213,294,273,266,250,247,282,262,263,206,239,285,195,245,269,,81,,,b'\x11\xe8\xe1I\xd83\xe3\xc8\x98|\x12\xdf\x17\xaeN\x1e'
11E8E149-D833-E3C8-987C-12DF17AE4E1E,2021-ncaa-d2-conf-GAC,ncaa,11,12,3,11,3,6,8,8,10,8,5,10,8,7,10,9,1,2,3,2,1,5,4,11,9,10,6,10,1,6,7,3,8,5,6,6,3,11,10,10,4,6,5,5,,,7,5,,,12,4,9,7,11,11,11,9,10,11,11,3,5,5,11,10,9,8,9,9,8,8,7,,1,,,11,11,10,10,5,7,6,10,12,12,7,12,7,5,12,5,7,10,10,10,10,11,12,12,4,11,8,9,7,9,6,12,12,6,8,11,10,10,8,6,,,4,3,,,12,9,11,11,11,5,5,5,2,2,12,12,3,2,2,5,5,6,3,4,12,9,7,3,,7,,,b'\x11\xe8\xe1I\xd83\xe3\xc8\x98|\x12\xdf\x17\xaeN\x1e'
11E8E149-D833-E3C8-987C-12DF17AE4E1E,2021-ncaa-d2-natl,ncaa,159,216,30,188,42,71,90,77,154,79,59,153,110,93,154,162,18,26,32,27,48,69,47,164,130,157,107,167,9,66,131,37,144,47,125,63,70,221,198,174,57,112,67,86,,,154,45,,,206,44,134,101,167,185,200,157,134,187,184,33,66,66,178,149,142,100,120,142,184,114,120,,49,,,185,198,191,198,116,147,136,141,225,223,149,224,157,129,213,129,105,193,190,164,164,181,215,222,48,211,144,175,131,193,125,220,220,65,166,215,223,195,207,177,,,32,51,,,206,183,160,193,185,163,151,164,50,16,223,224,73,41,38,143,109,152,89,111,210,166,185,171,,80,,,b'\x11\xe8\xe1I\xd83\xe3\xc8\x98|\x12\xdf\x17\xaeN\x1e'
11E8E149-D833-E3C8-987C-12DF17AE4E1E,2022-ncaa-d2-conf-GAC,ncaa,8,6,9,8,9,11,11,10,9,11,12,9,9,6,9,5,4,8,2,8,1,9,11,8,7,7,4,8,2,8,5,8,5,9,5,8,3,5,8,6,8,6,10,8,,,1,3,,,8,12,11,1,8,10,9,10,12,7,6,1,5,5,9,10,7,6,6,6,7,6,10,,1,,,9,3,4,3,7,4,3,9,9,10,6,11,1,2,2,1,4,3,1,7,5,7,9,11,3,5,5,2,5,3,5,8,10,11,9,10,8,9,3,8,,,11,7,,,8,1,5,7,7,6,6,5,5,4,10,11,2,3,3,5,5,5,3,3,9,10,9,6,,9,,,b'\x11\xe8\xe1I\xd83\xe3\xc8\x98|\x12\xdf\x17\xaeN\x1e'
11E8E149-D833-E3C8-987C-12DF17AE4E1E,2022-ncaa-d2-natl,ncaa,116,161,64,134,72,78,119,127,118,131,130,153,95,129,56,163,18,37,25,37,33,101,110,103,68,75,62,143,16,131,145,73,101,78,98,98,103,145,114,100,126,155,146,148,,,89,46,,,132,106,217,43,92,166,206,186,191,109,165,13,51,53,170,202,166,80,111,122,98,164,173,,47,,,133,232,222,230,137,154,135,170,291,292,204,286,117,129,106,128,150,227,197,192,175,212,268,285,64,181,101,170,145,179,98,232,189,205,247,251,201,178,237,228,,,89,93,,,132,199,69,209,128,177,174,201,76,63,278,288,91,97,97,182,113,134,110,120,179,250,149,215,,122,,,b'\x11\xe8\xe1I\xd83\xe3\xc8\x98|\x12\xdf\x17\xaeN\x1e'
11E8E149-D833-E3C8-987C-12DF17AE4E1E,2023-ncaa-d2-conf-GAC,ncaa,4,4,3,4,4,7,7,9,4,5,6,7,6,8,3,7,5,7,2,7,7,9,8,4,3,2,6,7,5,9,7,4,10,4,6,5,5,7,7,4,9,9,4,1,,,2,1,,,7,9,12,7,8,9,10,7,8,6,10,7,8,8,10,11,9,5,6,6,6,10,3,,1,,,7,8,10,12,3,6,6,4,12,12,8,11,2,1,11,1,1,11,7,5,4,6,9,12,1,12,10,5,7,7,6,11,11,12,12,12,7,8,10,8,,,7,6,,,7,5,3,10,6,5,8,11,3,6,12,11,1,1,1,9,6,11,4,6,11,12,5,8,,10,,,b'\x11\xe8\xe1I\xd83\xe3\xc8\x98|\x12\xdf\x17\xaeN\x1e'
11E8E149-D833-E3C8-987C-12DF17AE4E1E,2023-ncaa-d2-natl,ncaa,84,118,47,108,62,95,115,149,90,117,106,140,118,181,24,203,50,96,13,96,119,140,149,86,59,67,104,156,61,166,154,99,243,123,181,99,103,107,117,88,117,147,28,26,,,118,55,,,166,138,278,193,169,199,268,189,196,155,238,79,150,151,265,288,221,193,226,151,60,167,42,,46,,,162,228,228,256,97,114,152,102,291,290,230,288,91,57,280,54,54,239,213,161,147,201,282,293,35,280,243,114,154,205,181,288,279,197,249,279,172,171,207,188,,,113,81,,,166,177,72,242,148,145,155,219,40,52,285,288,46,26,25,156,84,247,29,110,257,255,111,171,,196,,,b'\x11\xe8\xe1I\xd83\xe3\xc8\x98|\x12\xdf\x17\xaeN\x1e'
11E8E149-D833-E3C8-987C-12DF17AE4E1E,2024-ncaa-d2-conf-GAC,ncaa,7,7,5,7,6,10,10,8,10,9,8,10,10,7,12,6,9,10,6,10,11,9,9,11,10,11,8,8,8,9,8,7,7,8,7,11,11,5,5,9,7,7,3,2,,,3,7,,,10,10,12,5,11,10,8,9,10,10,6,9,10,10,10,9,8,7,7,11,4,7,3,,5,,,10,7,6,6,7,3,3,4,12,11,12,11,5,5,1,5,7,5,3,10,8,11,11,11,4,7,7,9,8,10,7,11,11,11,9,11,3,5,1,2,,,12,11,,,10,3,10,12,11,8,7,5,3,3,12,11,6,6,6,7,4,5,7,7,10,9,6,1,,12,,,b'\x11\xe8\xe1I\xd83\xe3\xc8\x98|\x12\xdf\x17\xaeN\x1e'
11E8E149-D833-E3C8-987C-12DF17AE4E1E,2024-ncaa-d2-natl,ncaa,172,197,117,182,141,202,204,197,220,204,191,189,187,155,222,125,179,222,50,215,192,202,214,216,198,189,135,161,123,192,198,184,193,190,211,241,258,97,139,212,174,152,34,8,,,154,209,,,228,219,278,150,245,248,244,237,226,199,166,197,238,229,254,266,204,211,231,268,102,183,27,,140,,,219,154,122,114,154,37,49,96,287,252,287,275,109,146,28,148,223,117,94,221,199,212,290,292,92,172,193,155,198,165,211,200,236,208,203,234,61,103,45,60,,,239,230,,,228,81,188,228,225,144,114,82,27,24,285,251,94,128,129,87,52,167,138,144,186,219,63,31,,267,,,b'\x11\xe8\xe1I\xd83\xe3\xc8\x98|\x12\xdf\x17\xaeN\x1e'
11E8E149-D833-E3C8-987C-12DF17AE4E1E,2025-ncaa-d2-conf-GAC,genius_ncaa,4,3,5,3,5,3,3,2,5,8,12,1,1,1,6,1,6,11,2,11,7,4,4,1,2,2,2,1,12,3,3,4,9,3,4,1,1,3,3,2,5,6,1,1,,,12,12,,7,3,5,6,3,1,1,1,8,12,1,1,7,11,11,3,3,4,2,2,1,4,6,1,,12,,8,3,4,4,8,2,6,8,2,4,6,3,5,11,12,10,12,10,10,9,2,3,4,7,4,12,10,9,6,3,7,4,3,6,7,8,4,5,3,2,2,,,10,11,,7,3,8,2,5,3,7,4,8,6,9,4,6,11,11,11,9,9,10,6,9,4,7,6,1,,11,,9,b'\x11\xe8\xe1I\xd83\xe3\xc8\x98|\x12\xdf\x17\xaeN\x1e'
11E8E149-D833-E3C8-987C-12DF17AE4E1E,2025-ncaa-d2-natl,genius_ncaa,56,62,72,60,73,74,93,81,119,202,267,50,8,6,65,4,168,243,1,244,141,109,130,49,49,30,3,4,250,111,108,120,168,111,131,77,107,62,45,45,131,139,20,9,,,254,271,,164,52,145,268,45,68,97,106,269,297,4,5,205,269,270,156,232,129,166,160,91,33,162,17,,220,,141,50,139,97,168,57,109,161,75,113,168,62,151,255,235,238,232,225,178,162,59,92,121,220,117,255,209,168,150,108,170,131,74,87,168,189,116,60,39,57,105,,,179,218,,180,52,150,28,145,52,79,48,65,60,85,90,128,222,205,203,83,63,169,93,112,47,213,31,32,,255,,210,b'\x11\xe8\xe1I\xd83\xe3\xc8\x98|\x12\xdf\x17\xaeN\x1e'
11E8E149-D833-E3C8-987C-12DF17AE4E1E,2026-ncaa-d2-conf-GAC,genius_ncaa,7,8,1,8,1,7,8,6,9,11,10,8,1,1,7,1,9,8,6,8,4,6,7,7,7,9,2,1,10,3,3,10,11,9,10,11,10,9,9,11,7,7,11,12,,,5,3,,1,9,7,10,1,8,9,7,12,12,1,1,10,9,9,8,9,3,10,10,11,8,7,12,,3,,1,9,6,8,7,7,9,8,9,4,7,3,6,7,10,3,7,7,8,6,6,5,7,3,2,7,11,11,5,3,10,10,6,6,6,7,6,10,11,5,10,,,5,6,,6,9,3,7,8,9,6,8,6,9,7,2,5,6,10,7,7,4,11,3,10,6,7,10,5,,6,,6,b'\x11\xe8\xe1I\xd83\xe3\xc8\x98|\x12\xdf\x17\xaeN\x1e'
11E8E149-D833-E3C8-987C-12DF17AE4E1E,2026-ncaa-d2-natl,genius_ncaa,65,144,13,127,27,39,52,39,152,116,132,116,7,5,104,16,60,103,22,99,108,45,67,102,87,53,18,22,157,90,184,37,138,55,165,101,211,100,19,79,148,225,153,186,,,211,113,,60,80,64,255,88,102,146,137,236,273,22,14,123,206,204,158,260,186,139,174,190,10,236,199,,69,,36,94,232,223,250,117,221,200,218,190,270,35,235,247,229,238,225,199,251,233,108,131,151,152,121,202,240,138,257,184,249,165,198,122,127,211,183,169,100,220,241,,,74,144,,19,80,235,48,159,90,100,91,105,111,63,105,206,164,133,131,102,53,136,152,147,106,236,75,184,,209,,43,b'\x11\xe8\xe1I\xd83\xe3\xc8\x98|\x12\xdf\x17\xaeN\x1e'
11E8E149-D838-87A2-987C-12DF17AE4E1E,2018-ncaa-d2-conf-Heartland,ncaa,5,5,3,5,3,3,3,2,5,4,3,4,3,2,7,3,2,2,4,2,2,2,2,4,4,4,4,4,2,2,7,2,5,2,4,3,7,6,3,4,3,4,5,6,,,7,6,,,5,1,1,6,2,3,1,4,3,2,1,2,2,2,1,1,3,2,1,5,5,3,6,,7,,,5,8,8,8,6,8,6,6,8,8,4,7,8,8,2,8,7,8,8,6,6,6,5,6,4,7,5,8,7,8,4,8,6,4,5,6,7,5,7,4,,,1,2,,,5,8,4,6,5,8,8,8,8,6,8,8,7,8,8,8,8,7,8,7,7,4,6,6,,2,,,b'\x11\xe8\xe1I\xd88\x87\xa2\x98|\x12\xdf\x17\xaeN\x1e'
11E8E149-D838-87A2-987C-12DF17AE4E1E,2018-ncaa-d2-natl,ncaa,196,229,105,215,138,68,97,82,140,112,135,119,79,51,155,105,19,39,63,39,34,64,76,129,103,91,66,134,47,149,225,62,226,93,221,135,219,147,76,145,179,245,148,182,,,266,199,,,188,57,20,226,38,78,51,110,139,77,55,10,30,28,31,48,158,38,79,153,134,202,158,,274,,,184,288,269,273,126,224,226,158,282,294,142,256,297,293,135,293,274,289,271,154,176,226,267,224,245,282,226,272,225,285,221,287,269,166,260,260,213,152,275,257,,,19,25,,,188,265,104,241,172,292,260,290,207,219,275,299,293,295,294,299,290,286,273,280,279,182,201,272,,9,,,b'\x11\xe8\xe1I\xd88\x87\xa2\x98|\x12\xdf\x17\xaeN\x1e'
11E8E149-D838-87A2-987C-12DF17AE4E1E,2019-ncaa-d2-conf-Heartland,ncaa,7,7,5,7,7,2,2,4,2,2,3,2,5,3,6,6,1,1,1,1,1,1,2,2,2,2,6,7,1,3,5,3,7,3,6,2,3,3,3,2,2,2,4,4,,,7,5,,,6,2,1,6,1,2,1,1,3,4,3,1,1,1,1,1,3,2,2,2,5,1,4,,7,,,6,8,7,8,7,7,8,7,7,7,8,7,8,8,6,8,6,8,8,7,7,7,6,7,6,7,7,5,5,5,6,7,6,5,7,7,4,4,8,6,,,1,1,,,6,7,2,7,5,8,7,8,7,8,8,7,8,8,8,8,8,7,6,7,7,3,5,8,,1,,,b'\x11\xe8\xe1I\xd88\x87\xa2\x98|\x12\xdf\x17\xaeN\x1e'
11E8E149-D838-87A2-987C-12DF17AE4E1E,2019-ncaa-d2-natl,ncaa,194,160,260,193,275,117,161,212,81,168,233,47,127,121,174,106,31,57,36,56,5,183,211,80,53,45,77,163,18,248,243,179,196,230,208,135,122,44,51,72,129,122,148,117,,,126,119,,,192,191,14,218,18,53,63,88,154,88,64,3,5,5,31,56,219,58,119,65,109,63,113,,220,,,195,248,208,170,213,139,79,240,290,283,222,283,244,217,241,216,249,179,143,253,260,279,279,274,186,180,196,94,243,124,208,265,249,229,249,276,68,101,177,228,,,85,12,,,192,133,60,278,174,303,290,298,242,184,303,306,283,270,270,299,296,251,226,249,292,176,149,234,,4,,,b'\x11\xe8\xe1I\xd88\x87\xa2\x98|\x12\xdf\x17\xaeN\x1e'
11E8E149-D838-87A2-987C-12DF17AE4E1E,2020-ncaa-d2-conf-Lone Star,ncaa,12,14,8,14,10,11,11,10,10,12,11,10,6,6,6,8,8,10,2,10,8,9,10,8,8,8,6,8,7,13,18,8,14,10,18,3,1,6,9,2,10,12,5,4,,,10,9,,,12,8,5,10,9,11,10,12,11,6,6,6,12,12,10,11,14,8,8,2,7,8,5,,11,,,12,14,10,14,6,7,8,4,17,17,15,16,15,15,17,15,12,16,14,8,10,10,18,17,14,17,14,16,18,17,18,17,17,9,13,15,13,12,13,14,,,7,6,,,12,12,11,13,11,15,9,16,8,11,17,17,15,15,15,16,17,17,18,18,15,10,12,13,,8,,,b'\x11\xe8\xe1I\xd88\x87\xa2\x98|\x12\xdf\x17\xaeN\x1e'
11E8E149-D838-87A2-987C-12DF17AE4E1E,2020-ncaa-d2-natl,ncaa,223,241,173,231,201,187,204,183,219,237,222,212,127,99,179,84,129,159,75,158,88,182,181,199,183,186,63,89,80,243,281,146,258,199,275,74,2,160,175,97,125,147,38,21,,,179,125,,,245,152,89,157,182,211,170,241,226,119,88,106,152,148,163,158,248,106,179,45,170,117,31,,185,,,238,235,160,212,89,69,109,63,297,296,254,284,272,257,252,257,275,232,212,143,165,193,304,295,253,283,258,252,281,278,275,282,300,156,185,252,272,271,237,263,,,163,129,,,245,173,210,233,233,254,169,250,73,112,300,298,282,266,266,270,263,286,275,288,287,146,270,241,,126,,,b'\x11\xe8\xe1I\xd88\x87\xa2\x98|\x12\xdf\x17\xaeN\x1e'
11E8E149-D838-87A2-987C-12DF17AE4E1E,2021-ncaa-d2-conf-Lone Star,ncaa,8,7,10,7,13,10,9,11,6,10,10,8,7,9,2,7,9,9,7,9,5,10,12,6,6,5,5,7,7,15,15,9,8,12,14,9,3,3,5,3,8,9,11,9,,,3,1,,,5,11,6,12,8,6,8,8,9,6,8,7,7,7,7,10,16,4,12,4,3,8,10,,4,,,5,3,3,5,3,4,4,5,13,13,9,15,6,6,6,6,10,6,8,5,4,5,15,14,5,6,8,6,15,6,14,8,14,9,7,9,4,6,9,10,,,10,3,,,5,8,7,5,4,5,4,12,3,3,14,15,7,7,7,10,11,9,12,12,13,7,5,12,,5,,,b'\x11\xe8\xe1I\xd88\x87\xa2\x98|\x12\xdf\x17\xaeN\x1e'
11E8E149-D838-87A2-987C-12DF17AE4E1E,2021-ncaa-d2-natl,ncaa,106,112,132,119,139,141,144,149,122,155,153,143,100,128,46,84,133,135,117,135,63,146,142,99,98,127,47,52,94,177,199,134,138,150,179,111,20,111,176,101,77,48,136,109,,,73,41,,,97,139,84,121,134,152,167,168,169,68,102,117,117,111,157,139,197,113,168,67,163,45,139,,61,,,99,71,67,85,39,52,69,50,126,123,96,206,87,85,120,85,164,83,90,59,59,40,208,206,146,107,138,103,199,99,179,108,206,81,33,65,110,149,118,162,,,119,34,,,97,88,150,38,95,56,45,102,20,30,177,196,107,106,107,93,145,140,138,144,140,31,140,140,,58,,,b'\x11\xe8\xe1I\xd88\x87\xa2\x98|\x12\xdf\x17\xaeN\x1e'
11E8E149-D838-87A2-987C-12DF17AE4E1E,2022-ncaa-d2-conf-Lone Star,ncaa,15,14,16,15,16,15,15,14,15,16,16,12,8,5,14,3,8,11,4,11,2,15,14,14,12,12,3,6,2,11,10,15,15,16,15,10,5,7,9,9,8,5,13,12,,,5,10,,,14,15,3,7,9,14,6,14,13,5,2,3,4,4,6,3,8,11,8,8,9,5,12,,15,,,15,7,5,3,12,3,2,12,12,12,11,14,11,9,16,9,15,3,4,14,14,15,15,13,12,13,15,9,10,9,15,9,13,14,12,15,10,11,11,14,,,13,9,,,14,3,13,16,14,16,16,13,9,7,16,16,16,15,15,16,16,16,15,15,15,4,11,13,,6,,,b'\x11\xe8\xe1I\xd88\x87\xa2\x98|\x12\xdf\x17\xaeN\x1e'
11E8E149-D838-87A2-987C-12DF17AE4E1E,2022-ncaa-d2-natl,ncaa,286,241,287,287,289,274,280,287,244,287,291,177,203,172,243,35,195,220,64,221,22,287,285,226,187,197,31,82,33,241,164,289,275,285,261,242,65,60,209,194,166,80,247,194,,,41,179,,,260,287,45,286,153,224,123,250,250,91,31,51,78,79,102,72,118,239,204,133,238,55,201,,236,,,271,56,39,22,247,22,12,250,201,127,270,273,122,97,288,95,269,23,19,275,283,274,288,271,209,103,275,32,164,39,261,139,264,239,143,226,118,262,121,274,,,267,122,,,260,14,203,281,266,289,265,240,186,89,295,291,278,250,250,257,263,270,228,265,283,91,269,252,,72,,,b'\x11\xe8\xe1I\xd88\x87\xa2\x98|\x12\xdf\x17\xaeN\x1e'
11E8E149-D838-87A2-987C-12DF17AE4E1E,2023-ncaa-d2-conf-Lone Star,ncaa,11,11,9,11,12,11,10,11,10,10,6,13,12,13,7,12,8,7,13,7,5,10,8,9,10,14,9,11,5,4,1,11,4,7,2,9,4,14,14,10,8,6,13,13,,,14,16,,,9,12,5,7,10,9,8,7,5,10,12,6,4,4,5,3,3,9,3,7,15,6,13,,15,,,9,5,3,3,10,9,8,12,1,2,3,5,14,13,11,13,14,6,6,7,11,11,7,2,16,2,4,3,1,2,2,3,8,10,7,5,11,11,16,15,,,6,4,,,9,6,10,6,9,12,8,4,13,9,2,6,15,14,14,10,11,3,5,5,6,6,12,16,,4,,,b'\x11\xe8\xe1I\xd88\x87\xa2\x98|\x12\xdf\x17\xaeN\x1e'
11E8E149-D838-87A2-987C-12DF17AE4E1E,2023-ncaa-d2-natl,ncaa,222,226,197,231,212,204,230,203,256,213,166,252,223,213,225,206,73,47,205,45,22,176,140,256,233,252,109,211,12,46,21,189,88,122,31,186,91,258,254,240,92,68,259,258,,,268,293,,,195,173,65,136,190,237,165,206,109,221,190,24,19,17,104,34,25,146,44,176,275,65,261,,292,,,192,96,57,48,150,94,68,193,36,68,21,84,283,281,209,282,290,86,102,122,184,153,184,29,292,49,88,65,21,46,31,44,84,123,83,57,203,196,269,287,,,67,37,,,195,128,228,118,190,171,94,55,153,104,53,88,294,292,292,141,191,85,94,85,79,79,231,286,,16,,,b'\x11\xe8\xe1I\xd88\x87\xa2\x98|\x12\xdf\x17\xaeN\x1e'
11E8E149-D838-87A2-987C-12DF17AE4E1E,2024-ncaa-d2-conf-Lone Star,ncaa,15,14,10,15,14,10,11,9,11,8,6,9,12,12,14,13,5,5,10,4,4,8,9,13,11,12,11,14,4,3,2,8,5,6,2,11,10,11,12,12,13,13,11,11,,,14,16,,,11,10,4,11,7,9,5,6,5,12,10,4,4,4,5,4,3,6,2,9,12,13,10,,15,,,11,9,11,6,13,12,8,14,6,5,13,6,11,14,5,13,12,7,6,13,13,15,7,6,11,3,5,2,2,2,2,13,11,9,7,13,8,6,12,11,,,6,7,,,11,7,9,13,10,14,14,8,13,10,6,7,12,14,14,10,9,3,5,4,13,6,10,12,,6,,,b'\x11\xe8\xe1I\xd88\x87\xa2\x98|\x12\xdf\x17\xaeN\x1e'
11E8E149-D838-87A2-987C-12DF17AE4E1E,2024-ncaa-d2-natl,ncaa,245,247,207,253,240,190,204,212,196,167,154,180,245,236,255,234,74,77,137,81,54,187,192,218,180,183,192,256,23,84,50,206,49,167,51,208,193,142,171,202,191,157,224,226,,,195,270,,,199,223,110,227,151,179,149,125,90,241,221,31,35,35,97,90,54,171,92,199,188,163,223,,243,,,196,141,134,55,262,158,99,239,114,58,270,84,182,172,171,165,203,61,63,259,264,247,131,116,185,20,49,64,50,37,51,184,202,183,132,200,89,122,81,87,,,139,91,,,199,83,153,219,185,220,208,101,223,152,155,75,213,197,193,131,128,28,109,56,231,139,141,111,,71,,,b'\x11\xe8\xe1I\xd88\x87\xa2\x98|\x12\xdf\x17\xaeN\x1e'
11E8E149-D838-87A2-987C-12DF17AE4E1E,2025-ncaa-d2-conf-Lone Star,genius_ncaa,11,11,11,11,11,13,14,16,13,15,11,11,12,11,13,10,3,3,8,3,1,11,13,12,11,12,5,12,1,13,11,11,8,12,9,14,9,13,14,14,16,15,11,12,,,8,12,,12,13,13,8,2,12,15,13,15,10,11,11,1,2,2,11,11,12,10,11,14,14,14,10,,11,,14,13,11,12,7,12,11,9,12,7,5,11,5,8,7,15,7,6,7,4,12,13,14,6,7,6,1,8,3,11,1,9,4,2,16,14,10,13,14,10,13,,,3,1,,9,13,4,12,13,13,12,13,11,13,12,11,6,9,9,9,11,11,4,6,6,7,12,14,12,,1,,9,b'\x11\xe8\xe1I\xd88\x87\xa2\x98|\x12\xdf\x17\xaeN\x1e'
11E8E149-D838-87A2-987C-12DF17AE4E1E,2025-ncaa-d2-natl,genius_ncaa,195,180,230,197,240,236,268,284,201,261,270,185,232,232,215,171,75,84,91,93,9,271,266,203,150,168,78,201,8,274,222,261,117,281,178,249,156,98,212,215,255,227,228,227,,,93,201,,245,222,258,181,73,210,271,285,248,245,213,197,21,27,30,246,235,267,244,275,231,176,233,208,,177,,268,219,93,121,68,236,137,98,220,91,68,202,111,72,55,270,61,77,56,43,227,219,239,70,118,100,30,117,21,222,19,178,52,41,251,219,174,141,235,79,165,,,100,1,,195,222,51,201,208,211,199,224,178,230,203,154,113,127,98,103,149,110,59,65,54,113,220,201,110,,19,,171,b'\x11\xe8\xe1I\xd88\x87\xa2\x98|\x12\xdf\x17\xaeN\x1e'
11E8E149-D838-87A2-987C-12DF17AE4E1E,2026-ncaa-d2-conf-Lone Star,genius_ncaa,11,16,1,11,1,5,7,4,11,2,1,10,14,13,13,17,3,3,10,3,6,4,2,13,11,13,14,17,2,10,13,3,16,4,12,8,10,16,15,14,5,14,11,12,,,17,15,,16,16,1,7,2,14,16,16,7,7,17,17,6,6,6,15,10,15,10,12,14,14,10,12,,17,,12,14,17,16,17,8,17,17,13,10,15,1,6,17,17,4,17,17,17,17,7,9,11,6,2,17,17,16,14,13,17,12,11,1,4,13,7,16,15,8,5,,,2,4,,12,16,16,15,11,14,12,10,13,12,13,4,12,16,17,17,16,15,16,7,14,5,12,13,5,,4,,13,b'\x11\xe8\xe1I\xd88\x87\xa2\x98|\x12\xdf\x17\xaeN\x1e'
11E8E149-D838-87A2-987C-12DF17AE4E1E,2026-ncaa-d2-natl,genius_ncaa,157,196,59,188,84,131,192,180,190,158,149,174,228,214,224,241,14,6,178,5,3,136,110,208,152,196,107,252,6,123,83,124,129,124,78,217,232,254,255,266,162,211,239,255,,,288,296,,296,163,109,169,88,210,266,291,221,224,257,256,14,6,5,246,181,175,197,198,261,233,214,265,,293,,291,161,166,122,153,58,127,128,116,140,194,51,171,276,280,133,281,290,187,186,62,98,104,244,116,288,151,129,104,83,123,78,162,213,101,130,118,220,209,62,60,,,12,2,,111,163,194,203,91,160,92,45,51,55,45,98,157,273,275,275,114,113,104,17,30,114,144,195,42,,6,,146,b'\x11\xe8\xe1I\xd88\x87\xa2\x98|\x12\xdf\x17\xaeN\x1e'
11E8E149-D83C-C52E-987C-12DF17AE4E1E,2018-ncaa-d2-conf-GAC,ncaa,6,6,3,6,3,7,6,6,5,7,8,4,7,7,5,7,10,6,12,6,6,7,5,4,7,10,7,6,11,8,8,5,8,6,8,3,6,11,11,10,9,11,7,8,,,5,3,,,9,4,7,4,9,6,9,8,8,7,7,11,9,9,10,8,9,6,6,6,10,10,7,,4,,,8,9,9,9,7,7,9,5,11,7,11,6,4,4,5,4,3,9,9,8,6,7,6,10,4,10,8,6,8,7,8,6,4,8,8,8,11,11,4,4,,,7,6,,,9,7,10,7,9,7,8,10,6,9,9,6,5,4,5,8,6,10,5,6,4,9,9,4,,6,,,b'\x11\xe8\xe1I\xd8<\xc5.\x98|\x12\xdf\x17\xaeN\x1e'
11E8E149-D83C-C52E-987C-12DF17AE4E1E,2018-ncaa-d2-natl,ncaa,161,179,105,178,119,120,112,154,85,148,179,103,82,109,60,114,189,137,271,140,117,157,147,73,100,130,114,83,231,193,206,98,188,147,187,100,117,224,216,152,209,235,126,136,,,152,103,,,193,118,141,104,122,116,189,160,209,87,116,214,151,155,192,161,217,93,152,101,209,229,128,,134,,,192,241,236,237,160,143,202,83,291,243,302,222,156,149,179,148,121,227,191,200,187,218,262,293,95,226,188,176,206,198,187,148,60,189,222,171,201,200,96,126,,,120,130,,,193,182,144,232,197,219,211,238,117,181,289,243,141,129,127,217,184,211,149,183,117,212,189,94,,134,,,b'\x11\xe8\xe1I\xd8<\xc5.\x98|\x12\xdf\x17\xaeN\x1e'
11E8E149-D83C-C52E-987C-12DF17AE4E1E,2019-ncaa-d2-conf-GAC,ncaa,11,11,9,11,12,11,10,9,11,8,9,10,10,10,8,8,10,10,12,10,10,9,8,10,11,11,8,7,10,8,11,9,12,9,11,6,4,12,11,10,7,9,6,5,,,1,1,,,11,6,2,11,11,10,8,8,7,8,7,10,9,9,9,5,8,9,8,6,12,7,5,,2,,,11,10,10,8,8,6,4,9,12,12,11,11,3,3,8,3,4,7,8,9,8,10,11,12,2,12,12,7,11,10,11,11,11,8,7,9,12,11,4,4,,,10,9,,,11,6,11,11,11,12,11,12,8,4,12,12,4,4,4,12,11,12,10,12,11,5,12,4,,9,,,b'\x11\xe8\xe1I\xd8<\xc5.\x98|\x12\xdf\x17\xaeN\x1e'
11E8E149-D83C-C52E-987C-12DF17AE4E1E,2019-ncaa-d2-natl,ncaa,271,274,227,274,259,247,236,243,201,238,228,216,173,196,133,157,263,245,263,243,199,249,217,192,215,248,148,123,223,263,276,228,264,260,275,193,113,248,284,240,221,224,173,145,,,43,36,,,291,190,53,307,239,225,210,217,188,151,169,255,215,215,223,136,261,187,254,177,278,199,151,,82,,,288,231,238,185,238,116,68,230,308,296,297,301,62,46,243,45,96,154,131,280,272,275,289,305,23,216,264,164,276,194,275,275,243,205,214,273,282,290,16,24,,,213,171,,,291,111,270,286,290,288,284,283,182,114,309,307,92,71,70,266,250,259,243,260,287,172,291,23,,166,,,b'\x11\xe8\xe1I\xd8<\xc5.\x98|\x12\xdf\x17\xaeN\x1e'
11E8E149-D83C-C52E-987C-12DF17AE4E1E,2020-ncaa-d2-conf-GAC,ncaa,11,11,9,11,12,12,12,12,8,9,8,11,12,12,8,10,12,12,9,12,10,12,11,10,11,12,9,10,8,9,9,9,8,11,10,12,7,9,12,11,10,10,12,12,,,1,2,,,11,10,8,12,12,12,12,8,7,11,11,12,12,12,12,10,9,8,11,11,10,10,12,,1,,,11,6,8,6,10,9,7,10,5,4,11,4,1,2,6,1,1,4,2,10,10,11,3,4,1,5,8,3,9,3,10,4,2,11,11,9,5,10,4,4,,,12,8,,,11,2,12,11,11,9,11,9,9,8,7,6,1,2,1,7,5,6,6,6,7,11,8,6,,10,,,b'\x11\xe8\xe1I\xd8<\xc5.\x98|\x12\xdf\x17\xaeN\x1e'
11E8E149-D83C-C52E-987C-12DF17AE4E1E,2020-ncaa-d2-natl,ncaa,297,296,223,298,256,256,246,277,155,221,216,189,243,274,131,241,242,238,214,231,197,273,249,176,189,233,218,214,161,273,240,226,173,261,198,238,196,250,291,266,274,273,292,300,,,84,139,,,275,232,150,310,256,239,280,205,171,238,268,231,212,202,279,217,261,196,259,234,274,272,298,,127,,,271,179,225,144,263,233,165,241,164,110,240,130,49,45,186,46,39,114,76,256,229,258,59,150,33,121,173,59,240,74,198,103,35,251,239,205,176,237,155,209,,,207,107,,,275,79,246,261,271,233,266,224,271,233,198,153,63,61,60,190,138,158,96,117,140,244,213,191,,158,,,b'\x11\xe8\xe1I\xd8<\xc5.\x98|\x12\xdf\x17\xaeN\x1e'
11E8E149-D83C-C52E-987C-12DF17AE4E1E,2021-ncaa-d2-conf-GAC,ncaa,8,3,11,8,11,11,11,11,6,11,11,8,11,11,5,11,11,11,10,11,8,11,11,7,7,8,10,9,5,10,5,11,7,11,5,11,11,2,6,11,11,7,12,12,,,2,9,,,7,11,6,1,5,5,5,4,4,7,10,2,3,2,4,3,4,5,3,10,7,5,12,,10,,,7,2,2,2,10,2,2,6,2,2,11,4,2,2,2,2,5,2,2,8,6,7,5,5,5,1,7,2,5,2,5,2,2,11,7,5,2,5,3,11,,,11,7,,,7,2,8,6,8,10,9,8,9,9,8,5,5,8,8,8,8,7,6,6,6,5,8,12,,3,,,b'\x11\xe8\xe1I\xd8<\xc5.\x98|\x12\xdf\x17\xaeN\x1e'
11E8E149-D83C-C52E-987C-12DF17AE4E1E,2021-ncaa-d2-natl,ncaa,159,49,195,126,195,182,183,192,98,179,184,127,186,200,72,195,178,180,137,181,116,191,194,115,114,109,163,170,72,181,46,193,115,194,66,200,218,31,84,179,188,119,219,224,,,35,120,,,117,194,17,8,23,26,16,24,16,115,141,16,16,15,13,8,34,54,32,164,182,82,221,,189,,,121,38,39,34,154,44,39,115,45,32,189,56,35,34,52,34,73,34,33,149,137,151,71,88,74,29,115,27,46,28,66,28,23,197,156,99,34,119,84,172,,,193,133,,,117,33,97,142,124,201,203,212,200,209,166,123,154,169,164,212,211,148,126,136,114,90,175,213,,23,,,b'\x11\xe8\xe1I\xd8<\xc5.\x98|\x12\xdf\x17\xaeN\x1e'
11E8E149-D83C-C52E-987C-12DF17AE4E1E,2022-ncaa-d2-conf-GAC,ncaa,10,10,9,10,10,6,7,8,5,7,8,7,5,7,2,9,6,5,7,5,2,8,7,4,3,6,6,6,3,10,10,10,10,10,10,11,12,9,10,11,4,4,9,9,,,10,12,,,7,6,3,2,5,6,8,6,7,4,7,2,2,2,7,4,10,8,10,11,9,4,9,,12,,,7,8,5,4,6,6,6,7,4,5,4,5,11,10,11,10,11,6,7,6,7,6,7,5,12,9,10,4,10,5,10,5,7,5,5,5,2,3,10,11,,,4,3,,,7,7,6,6,8,8,7,7,8,6,6,6,12,11,11,8,11,11,8,10,7,4,3,10,,1,,,b'\x11\xe8\xe1I\xd8<\xc5.\x98|\x12\xdf\x17\xaeN\x1e'
11E8E149-D83C-C52E-987C-12DF17AE4E1E,2022-ncaa-d2-natl,ncaa,215,203,222,218,233,140,158,204,91,173,197,147,118,185,23,166,82,80,145,82,36,186,186,75,70,90,69,116,62,237,239,189,213,219,240,236,280,131,156,232,86,79,187,195,,,260,290,,,165,161,25,136,40,76,111,116,125,72,127,23,24,23,66,62,213,112,177,233,193,49,171,,298,,,165,175,116,105,152,138,133,139,88,88,153,76,294,278,284,278,282,134,144,141,212,202,229,67,298,194,213,137,239,154,240,103,113,139,148,111,47,57,216,241,,,99,25,,,165,136,122,208,163,272,199,223,214,222,132,131,300,294,294,269,274,236,233,245,144,87,86,257,,10,,,b'\x11\xe8\xe1I\xd8<\xc5.\x98|\x12\xdf\x17\xaeN\x1e'
11E8E149-D83C-C52E-987C-12DF17AE4E1E,2023-ncaa-d2-conf-GAC,ncaa,5,6,3,6,3,4,5,7,2,4,4,2,4,5,4,6,3,3,12,3,1,6,3,1,2,5,7,6,8,5,5,6,4,5,4,4,8,12,11,11,2,4,5,7,,,12,11,,,5,2,2,5,3,4,8,4,6,4,6,6,2,2,7,3,8,7,7,4,12,4,6,,12,,,5,11,9,7,8,8,5,6,8,7,7,8,11,12,9,12,10,9,11,7,8,8,8,6,10,8,4,3,5,4,4,8,6,5,7,6,12,10,6,6,,,2,4,,,5,11,7,9,5,10,6,5,8,5,7,8,11,11,11,8,9,5,3,3,4,4,10,6,,3,,,b'\x11\xe8\xe1I\xd8<\xc5.\x98|\x12\xdf\x17\xaeN\x1e'
11E8E149-D83C-C52E-987C-12DF17AE4E1E,2023-ncaa-d2-natl,ncaa,139,118,197,133,208,133,127,223,22,134,218,30,118,178,30,154,138,104,245,110,45,209,186,23,30,77,141,135,159,190,70,220,161,219,76,150,183,223,247,198,133,100,183,150,,,238,286,,,135,178,101,106,56,61,218,74,188,93,153,113,58,60,174,101,164,210,204,110,252,102,166,,274,,,135,154,101,77,198,88,63,191,167,138,226,167,255,242,236,244,276,99,89,213,240,235,261,178,262,91,161,10,70,18,76,119,153,181,154,153,180,202,99,134,,,130,69,,,135,98,88,231,150,234,172,127,142,88,216,179,280,270,272,178,168,128,9,25,161,155,208,117,,64,,,b'\x11\xe8\xe1I\xd8<\xc5.\x98|\x12\xdf\x17\xaeN\x1e'
11E8E149-D83C-C52E-987C-12DF17AE4E1E,2024-ncaa-d2-conf-GAC,ncaa,7,7,5,7,5,7,7,6,6,6,7,4,8,9,8,9,5,6,7,6,4,6,6,5,6,6,9,9,4,5,5,5,5,5,6,8,10,12,11,12,5,5,11,12,,,10,9,,,6,6,4,1,6,6,6,5,4,8,7,5,5,5,6,2,5,6,4,8,12,5,12,,10,,,6,10,10,8,9,8,9,9,8,7,11,7,8,7,10,8,6,7,8,8,9,8,5,7,7,6,5,4,5,5,6,6,6,4,4,6,9,7,4,3,,,5,5,,,6,7,5,6,6,11,11,10,10,9,7,7,7,7,7,9,10,4,5,5,8,4,8,4,,2,,,b'\x11\xe8\xe1I\xd8<\xc5.\x98|\x12\xdf\x17\xaeN\x1e'
11E8E149-D83C-C52E-987C-12DF17AE4E1E,2024-ncaa-d2-natl,ncaa,187,183,207,185,207,174,184,213,139,181,191,138,180,182,172,164,120,140,87,140,92,203,196,148,132,151,128,180,80,152,97,209,127,196,112,219,242,174,210,229,130,100,256,255,,,195,254,,,165,208,128,8,123,147,150,140,143,156,151,75,97,97,130,94,103,174,143,211,212,100,249,,243,,,163,106,98,68,194,106,95,159,147,91,256,134,166,113,288,111,156,66,85,199,221,183,184,168,184,72,127,60,97,55,112,59,61,128,85,72,82,116,131,154,,,123,70,,,165,90,146,172,162,194,176,143,158,148,191,131,196,150,151,143,171,108,103,105,102,92,129,157,,53,,,b'\x11\xe8\xe1I\xd8<\xc5.\x98|\x12\xdf\x17\xaeN\x1e'
11E8E149-D83C-C52E-987C-12DF17AE4E1E,2025-ncaa-d2-conf-GAC,genius_ncaa,11,11,9,11,10,9,7,12,3,5,6,5,10,10,5,8,12,12,7,12,12,12,12,5,6,6,11,9,10,9,6,11,7,11,6,6,5,9,12,8,10,9,11,9,,,5,9,,12,9,12,9,2,8,5,11,4,5,8,10,12,12,12,12,10,9,10,11,5,11,10,11,,7,,12,9,5,5,3,9,1,1,7,12,10,12,11,9,8,9,6,12,3,1,12,12,11,12,12,7,2,7,1,6,1,6,5,8,9,7,10,7,10,6,10,,,12,12,,6,9,1,7,10,9,8,7,4,4,3,12,10,10,10,10,4,3,3,3,2,9,9,8,9,,12,,6,b'\x11\xe8\xe1I\xd8<\xc5.\x98|\x12\xdf\x17\xaeN\x1e'
11E8E149-D83C-C52E-987C-12DF17AE4E1E,2025-ncaa-d2-natl,genius_ncaa,216,200,230,217,232,238,221,279,70,204,242,113,194,256,36,190,259,278,61,275,251,284,280,74,75,123,197,142,226,253,148,259,88,268,98,175,89,89,227,145,272,237,237,169,,,51,212,,268,195,280,286,33,212,185,281,161,197,166,239,249,267,264,286,280,225,240,256,121,166,263,227,,120,,292,193,56,30,22,154,12,10,110,256,191,291,281,119,78,294,78,247,22,18,228,252,263,301,297,190,19,88,13,148,9,98,42,124,269,220,193,48,149,223,273,,,281,239,,158,195,20,142,238,197,136,80,41,12,9,288,256,189,139,136,47,19,43,11,16,94,256,90,260,,283,,136,b'\x11\xe8\xe1I\xd8<\xc5.\x98|\x12\xdf\x17\xaeN\x1e'
11E8E149-D83C-C52E-987C-12DF17AE4E1E,2026-ncaa-d2-conf-GAC,genius_ncaa,2,1,11,1,12,11,11,12,1,10,12,2,8,10,5,6,7,6,9,6,1,11,12,1,1,1,5,6,6,12,11,8,1,11,2,8,4,1,5,2,12,9,11,10,,,1,6,,12,1,11,3,11,1,1,8,3,9,4,5,3,1,1,4,4,12,1,2,3,5,7,10,,6,,12,1,2,2,2,1,2,2,3,3,5,4,8,3,2,8,1,4,2,1,1,1,4,6,8,8,2,1,2,11,2,2,1,1,12,12,4,1,4,1,2,,,10,1,,8,1,1,2,5,1,4,5,12,4,8,8,10,7,6,4,12,8,3,10,7,1,12,3,2,,1,,6,b'\x11\xe8\xe1I\xd8<\xc5.\x98|\x12\xdf\x17\xaeN\x1e'
11E8E149-D83C-C52E-987C-12DF17AE4E1E,2026-ncaa-d2-natl,genius_ncaa,65,13,221,36,230,180,225,240,85,251,271,109,77,143,34,51,81,116,51,112,6,233,253,45,22,17,4,38,42,282,288,168,145,234,232,161,65,22,34,33,293,293,266,267,,,67,126,,288,105,237,150,27,31,116,166,225,266,12,37,18,29,26,108,185,276,19,130,76,36,292,255,,158,,297,93,88,89,97,86,96,95,125,103,138,73,185,86,68,246,63,88,90,60,82,91,191,141,152,151,126,145,124,288,126,232,38,20,284,286,195,27,46,19,39,,,197,46,,132,105,52,41,215,109,205,202,271,196,237,181,244,175,146,131,275,197,235,273,266,60,280,39,20,,56,,86,b'\x11\xe8\xe1I\xd8<\xc5.\x98|\x12\xdf\x17\xaeN\x1e'
11E8E149-D841-25CE-987C-12DF17AE4E1E,2018-ncaa-d2-natl,ncaa,305,8,309,305,309,309,309,309,243,309,309,22,309,308,309,5,309,309,274,309,217,309,309,231,264,302,211,99,299,309,231,309,305,309,291,309,217,1,308,301,309,189,309,265,,,2,258,,,181,309,8,226,265,212,126,218,292,155,4,302,296,295,196,30,195,73,120,233,309,98,227,,307,,,281,1,1,1,92,1,1,196,1,1,1,53,1,1,59,1,235,1,1,42,55,41,15,4,268,1,305,1,231,1,291,1,41,309,59,23,1,288,1,6,,,309,159,,,181,1,304,114,275,246,236,291,293,297,8,158,291,296,297,303,308,309,248,301,126,15,300,2,,71,,,b'\x11\xe8\xe1I\xd8A%\xce\x98|\x12\xdf\x17\xaeN\x1e'
11E8E149-D841-25CE-987C-12DF17AE4E1E,2019-ncaa-d2-natl,ncaa,300,27,308,287,308,308,308,308,231,308,308,189,307,308,261,110,308,308,311,308,251,308,308,230,285,299,251,119,308,308,255,308,228,308,259,308,210,4,303,297,307,42,307,210,,,4,127,,,193,308,6,225,270,191,109,171,152,171,104,309,258,247,144,22,176,77,113,206,307,21,205,,244,,,278,4,4,4,133,4,4,73,3,4,296,176,4,4,29,4,263,4,4,165,160,80,287,269,221,4,228,4,255,4,259,3,198,308,22,40,4,306,4,109,,,308,283,,,193,4,301,87,265,246,199,237,125,191,277,233,257,286,283,267,304,267,292,289,213,10,308,107,,212,,,b'\x11\xe8\xe1I\xd8A%\xce\x98|\x12\xdf\x17\xaeN\x1e'
11E8E149-D841-25CE-987C-12DF17AE4E1E,2020-ncaa-d2-natl,ncaa,305,59,307,305,307,308,308,308,297,307,308,173,309,308,311,146,307,307,311,307,5,308,308,301,307,310,271,293,25,307,282,308,309,308,306,308,250,5,309,311,308,241,308,278,,,4,288,,,229,308,238,202,311,311,311,292,304,310,244,264,67,70,310,288,292,311,311,309,300,238,278,,274,,,306,4,4,4,286,4,4,257,4,4,247,31,4,4,3,4,284,4,4,271,245,187,77,52,212,5,309,4,282,4,306,4,246,307,73,144,5,306,4,100,,,307,48,,,229,4,311,234,306,174,172,43,221,140,77,25,219,284,286,98,144,276,146,216,229,84,298,26,,157,,,b'\x11\xe8\xe1I\xd8A%\xce\x98|\x12\xdf\x17\xaeN\x1e'
11E8E149-D841-25CE-987C-12DF17AE4E1E,2022-ncaa-d2-natl,ncaa,296,1,300,296,300,300,300,300,300,300,301,300,300,300,293,235,301,301,301,301,283,300,300,300,300,300,273,189,286,300,124,301,301,301,301,300,1,2,301,282,300,6,301,300,,,1,7,,,164,301,68,224,300,300,289,298,183,291,276,301,293,285,295,51,77,301,291,81,301,5,299,,62,,,297,1,1,1,181,1,2,231,1,1,1,20,2,1,39,1,19,1,1,90,60,4,1,1,57,2,301,1,124,1,301,1,300,300,3,97,2,301,1,26,,,300,68,,,164,1,300,83,298,110,216,220,290,283,2,23,46,79,67,188,292,301,228,300,300,1,301,21,,35,,,b'\x11\xe8\xe1I\xd8A%\xce\x98|\x12\xdf\x17\xaeN\x1e'
11E8E149-D841-25CE-987C-12DF17AE4E1E,2023-ncaa-d2-natl,ncaa,297,3,297,297,297,297,298,298,245,298,298,202,297,297,293,267,297,297,271,297,34,298,298,269,259,282,251,285,13,298,228,297,240,298,244,298,73,2,296,277,298,54,298,293,,,1,52,,,155,297,72,208,285,288,297,214,196,291,279,113,40,52,279,144,275,281,292,224,293,52,297,,69,,,275,2,2,1,202,1,1,282,2,1,64,287,2,1,298,1,260,1,1,224,267,178,273,210,249,1,240,1,228,1,244,2,298,298,28,233,2,298,1,40,,,298,226,,,155,1,289,177,282,191,131,60,93,9,220,272,255,155,165,74,179,164,34,72,296,39,298,32,,216,,,b'\x11\xe8\xe1I\xd8A%\xce\x98|\x12\xdf\x17\xaeN\x1e'
11E8E149-D841-25CE-987C-12DF17AE4E1E,2024-ncaa-d2-natl,ncaa,290,10,295,265,295,295,295,296,125,295,296,63,296,297,293,198,295,295,272,295,297,296,295,170,223,249,295,270,297,295,289,295,293,295,295,295,184,5,273,224,295,20,295,175,,,4,168,,,183,295,11,227,226,111,113,43,76,273,210,294,289,289,189,95,292,291,297,155,270,13,192,,257,,,289,5,5,5,261,4,4,278,5,5,280,288,4,4,29,4,291,5,5,286,281,252,286,289,117,4,293,4,289,4,295,4,295,296,91,245,5,299,5,73,,,296,296,,,183,5,282,261,282,294,281,266,189,67,298,298,242,265,273,279,293,269,241,261,297,39,298,110,,292,,,b'\x11\xe8\xe1I\xd8A%\xce\x98|\x12\xdf\x17\xaeN\x1e'
11E8E149-D841-25CE-987C-12DF17AE4E1E,2025-ncaa-d2-natl,genius_ncaa,290,13,297,264,297,297,297,297,167,297,297,127,297,297,203,72,296,296,266,296,289,297,297,162,211,241,212,92,295,296,256,298,301,298,296,296,41,5,274,176,297,267,300,300,,,5,223,,7,180,297,12,207,191,107,69,124,142,106,72,293,287,285,124,63,267,285,289,55,277,199,297,,288,,279,277,5,5,5,179,5,5,257,4,5,2,65,5,5,141,5,258,5,5,105,134,159,26,7,264,5,301,5,256,5,296,6,284,297,210,258,5,223,3,72,,,296,268,,297,180,5,265,244,275,292,285,297,298,294,32,197,298,298,298,299,298,301,182,291,296,87,251,71,,223,,148,b'\x11\xe8\xe1I\xd8A%\xce\x98|\x12\xdf\x17\xaeN\x1e'
11E8E149-D841-25CE-987C-12DF17AE4E1E,2026-ncaa-d2-natl,genius_ncaa,276,98,295,276,295,296,296,296,241,296,297,110,289,289,265,49,283,291,134,289,4,296,297,229,193,158,45,150,18,295,292,297,297,297,298,297,290,2,63,234,297,247,288,190,,,6,276,,140,240,297,209,88,213,262,261,261,283,179,61,39,41,40,208,269,281,284,295,289,36,224,199,,285,,297,288,5,5,4,261,3,3,280,58,22,250,290,8,13,20,10,273,4,2,285,276,292,272,282,84,55,297,5,292,8,298,50,297,297,275,296,1,30,8,186,,,297,164,,288,240,2,199,297,292,295,291,274,199,78,296,295,215,262,260,289,257,297,276,297,296,244,19,101,,226,,272,b'\x11\xe8\xe1I\xd8A%\xce\x98|\x12\xdf\x17\xaeN\x1e'
11E8E149-D845-746C-987C-12DF17AE4E1E,2019-ncaa-d2-natl,ncaa,304,22,309,304,309,309,309,309,304,309,309,301,311,310,310,252,309,309,309,309,308,309,309,308,309,307,307,278,285,309,270,309,271,309,303,311,307,3,283,309,309,68,309,141,,,3,237,,,241,309,50,225,306,286,112,209,47,303,264,308,295,298,190,94,164,301,284,309,283,52,179,,271,,,311,3,3,3,311,3,3,310,4,3,311,309,3,3,298,3,236,3,3,311,311,311,302,309,33,2,271,3,270,3,303,4,311,310,128,311,1,272,3,130,,,309,306,,,241,3,307,311,311,309,307,254,260,33,311,310,224,174,164,242,253,170,308,292,311,83,272,206,,303,,,b'\x11\xe8\xe1I\xd8Etl\x98|\x12\xdf\x17\xaeN\x1e'
11E8E149-D845-746C-987C-12DF17AE4E1E,2020-ncaa-d2-natl,ncaa,305,59,307,305,307,307,307,307,305,308,307,306,308,307,269,161,308,308,303,308,275,307,307,307,310,308,147,110,229,308,309,307,266,307,309,307,240,4,262,294,307,258,310,311,,,5,255,,,254,307,75,202,307,301,211,295,181,228,187,308,275,277,245,204,302,226,295,297,246,231,311,,278,,,310,5,5,5,305,5,5,309,5,5,270,149,5,5,5,5,270,5,5,307,303,303,99,134,117,4,266,5,309,5,309,6,304,308,236,305,4,299,3,19,,,308,310,,,254,5,309,306,310,298,296,236,295,199,254,217,247,296,295,273,250,261,311,308,309,189,295,20,,311,,,b'\x11\xe8\xe1I\xd8Etl\x98|\x12\xdf\x17\xaeN\x1e'
11E8E149-D845-746C-987C-12DF17AE4E1E,2022-ncaa-d2-natl,ncaa,296,1,300,296,300,301,301,301,301,301,300,301,301,301,298,288,300,300,78,300,239,301,301,301,301,301,37,283,1,301,300,300,299,300,299,301,58,1,300,301,300,9,300,232,,,2,165,,,178,300,15,224,301,301,298,300,156,300,299,204,223,235,298,88,283,194,271,301,300,5,230,,276,,,301,2,2,2,263,1,1,301,2,2,33,301,1,2,1,2,229,2,2,278,200,213,139,282,3,1,299,2,300,2,299,2,301,301,197,298,1,300,2,183,,,301,174,,,178,2,301,277,301,295,299,301,290,106,300,301,21,183,220,300,297,300,301,301,301,84,300,172,,134,,,b'\x11\xe8\xe1I\xd8Etl\x98|\x12\xdf\x17\xaeN\x1e'
11E8E149-D845-746C-987C-12DF17AE4E1E,2023-ncaa-d2-natl,ncaa,292,2,297,133,297,297,297,297,268,297,297,274,297,298,291,288,298,297,298,297,175,297,297,286,295,285,297,285,284,297,186,297,292,297,291,297,141,1,89,163,297,7,297,58,,,2,136,,,148,298,59,208,285,222,87,89,16,291,285,294,40,52,71,87,75,281,230,200,112,7,94,,205,,,232,1,1,2,44,2,2,269,1,2,1,271,1,2,6,2,268,2,2,38,20,14,51,49,186,2,292,2,186,2,291,1,177,297,40,38,1,184,2,40,,,297,87,,,148,2,284,20,199,68,84,175,158,37,36,280,133,210,237,215,264,264,292,289,121,27,191,106,,80,,,b'\x11\xe8\xe1I\xd8Etl\x98|\x12\xdf\x17\xaeN\x1e'
11E8E149-D845-746C-987C-12DF17AE4E1E,2024-ncaa-d2-natl,ncaa,296,16,295,296,295,296,296,295,285,296,295,267,296,296,295,202,296,296,275,296,298,295,296,289,296,292,291,237,298,296,298,296,297,296,299,296,255,4,192,252,296,54,296,172,,,5,298,,,180,296,28,227,289,236,58,159,51,273,202,299,299,298,163,123,293,299,299,261,191,36,234,,299,,,288,3,3,3,202,3,3,261,3,4,229,286,5,5,5,5,299,4,4,260,263,153,298,274,295,3,297,5,298,5,299,3,271,295,17,49,4,277,4,8,,,295,289,,,180,4,297,181,284,247,113,35,25,4,286,286,297,299,299,175,269,254,294,292,225,11,272,17,,285,,,b'\x11\xe8\xe1I\xd8Etl\x98|\x12\xdf\x17\xaeN\x1e'
11E8E149-D845-746C-987C-12DF17AE4E1E,2025-ncaa-d2-natl,genius_ncaa,297,31,296,297,296,296,296,296,285,296,296,291,296,296,195,126,298,297,299,296,301,296,296,283,297,295,231,65,300,296,298,296,293,296,300,297,191,6,256,266,296,65,297,273,,,6,299,,5,213,296,207,207,300,296,265,294,216,199,192,301,301,300,294,289,298,294,300,281,193,66,281,,297,,84,297,6,6,6,175,6,6,227,6,6,65,200,6,6,152,6,300,6,6,171,219,207,264,110,299,6,293,6,298,6,300,5,164,296,138,129,6,234,6,181,,,297,301,,297,213,6,299,247,298,206,110,71,111,44,142,203,296,292,292,164,180,267,271,284,142,126,172,146,,301,,246,b'\x11\xe8\xe1I\xd8Etl\x98|\x12\xdf\x17\xaeN\x1e'
11E8E149-D845-746C-987C-12DF17AE4E1E,2026-ncaa-d2-natl,genius_ncaa,276,196,268,276,271,292,289,284,287,279,253,278,295,290,295,274,290,284,290,282,269,287,272,294,296,296,293,292,159,221,113,286,272,280,235,278,87,125,291,278,193,76,270,224,,,49,214,,31,292,275,83,88,295,289,214,214,57,295,283,282,234,232,239,89,69,246,161,234,288,56,248,,250,,82,296,72,57,31,264,25,12,279,213,160,259,293,81,108,46,102,294,34,31,291,284,280,288,287,164,90,272,32,113,44,235,181,296,261,177,279,209,294,62,127,,,288,281,,247,292,29,295,287,295,289,269,219,135,24,295,294,264,281,279,262,251,260,221,257,294,129,293,166,,275,,212,b'\x11\xe8\xe1I\xd8Etl\x98|\x12\xdf\x17\xaeN\x1e'
11E8E149-D849-B2C0-987C-12DF17AE4E1E,2019-ncaa-d2-natl,ncaa,304,14,310,304,310,310,310,310,308,310,310,302,309,309,306,83,311,311,308,311,311,310,310,306,310,308,267,103,311,311,311,310,311,310,311,309,12,2,273,225,310,207,311,310,,,2,6,,,191,310,28,225,311,301,145,285,181,251,115,311,311,311,257,199,310,283,310,182,260,139,309,,22,,,303,2,2,2,163,1,2,247,2,2,57,291,1,1,206,1,32,2,2,188,152,44,114,258,15,3,311,2,311,2,311,1,140,309,10,24,3,309,2,215,,,311,311,,,191,2,310,117,302,217,255,275,214,146,262,298,26,25,26,240,303,310,311,311,218,4,309,217,,311,,,b'\x11\xe8\xe1I\xd8I\xb2\xc0\x98|\x12\xdf\x17\xaeN\x1e'
11E8E149-D849-B2C0-987C-12DF17AE4E1E,2020-ncaa-d2-natl,ncaa,305,37,309,305,309,309,309,309,304,310,309,309,307,309,153,37,309,309,308,309,18,309,309,285,292,302,4,9,121,309,303,309,310,309,311,309,59,3,296,279,309,137,307,236,,,3,89,,,212,309,218,227,306,308,303,310,308,103,83,276,166,163,297,251,281,306,305,272,269,129,188,,122,,,305,3,3,3,294,3,3,272,2,2,124,3,3,3,37,3,172,3,3,249,232,253,3,3,183,3,310,3,303,3,311,2,209,309,224,267,3,307,1,9,,,309,109,,,212,3,307,298,307,256,274,196,302,298,9,6,240,265,269,242,191,307,307,309,265,196,306,2,,181,,,b'\x11\xe8\xe1I\xd8I\xb2\xc0\x98|\x12\xdf\x17\xaeN\x1e'
11E8E149-D849-B2C0-987C-12DF17AE4E1E,2023-ncaa-d2-natl,ncaa,297,10,296,297,296,296,296,296,236,296,296,162,296,296,236,46,296,296,279,296,116,296,296,214,239,231,89,75,212,296,298,296,288,296,297,296,44,3,192,159,296,120,296,235,,,3,51,,,187,296,19,293,213,204,126,229,229,101,46,235,160,169,131,110,294,261,294,94,199,76,203,,130,,,293,3,3,3,276,3,3,172,3,3,298,224,3,3,290,3,105,3,3,290,289,290,286,289,48,3,288,3,298,3,297,3,296,296,183,293,3,294,3,5,,,296,201,,,187,3,272,294,293,296,291,282,242,242,298,278,188,128,140,282,281,272,295,292,298,107,291,2,,179,,,b'\x11\xe8\xe1I\xd8I\xb2\xc0\x98|\x12\xdf\x17\xaeN\x1e'
11E8E149-D849-B2C0-987C-12DF17AE4E1E,2024-ncaa-d2-natl,ncaa,296,10,297,296,297,297,297,297,286,297,297,164,295,295,297,7,297,297,283,297,281,297,297,278,291,291,148,55,294,297,291,297,299,297,298,297,213,3,245,263,297,296,297,294,,,3,37,,,210,297,41,294,285,260,98,265,280,147,9,297,294,296,185,114,266,260,279,254,242,291,284,,140,,,299,4,4,4,297,5,5,287,3,3,299,197,3,3,77,3,45,3,3,298,296,299,166,272,12,5,299,3,291,3,298,5,297,297,295,299,3,220,3,119,,,297,288,,,210,3,294,299,299,299,299,298,297,296,299,283,139,158,157,298,290,299,299,299,299,266,219,44,,275,,,b'\x11\xe8\xe1I\xd8I\xb2\xc0\x98|\x12\xdf\x17\xaeN\x1e'
11E8E149-D849-B2C0-987C-12DF17AE4E1E,2025-ncaa-d2-natl,genius_ncaa,297,3,300,297,300,301,301,300,301,301,300,286,301,300,301,1,300,299,301,299,2,300,300,301,301,301,44,57,137,300,291,300,300,300,301,300,1,2,301,300,298,8,298,118,,,2,180,,2,184,300,20,207,301,301,301,301,301,266,13,297,221,214,300,108,284,301,301,261,301,8,67,,249,,3,301,2,2,2,301,2,2,301,2,1,179,5,2,2,1,2,189,2,2,300,293,201,1,3,4,2,300,2,291,2,301,2,289,299,11,179,2,301,2,231,,,300,291,,299,184,2,301,200,301,281,298,142,301,287,18,6,46,253,265,189,286,257,272,279,300,9,301,18,,285,,128,b'\x11\xe8\xe1I\xd8I\xb2\xc0\x98|\x12\xdf\x17\xaeN\x1e'
11E8E149-D849-B2C0-987C-12DF17AE4E1E,2026-ncaa-d2-natl,genius_ncaa,276,13,298,276,298,298,298,298,298,298,298,243,298,298,298,1,298,298,297,298,1,298,298,297,297,298,13,187,1,298,298,298,257,298,297,298,119,1,298,298,298,279,298,298,,,1,11,,1,221,298,48,88,298,298,298,298,298,279,70,150,47,62,297,228,297,293,298,295,297,264,298,,22,,1,298,1,1,1,298,1,1,298,1,1,298,264,1,1,1,1,2,1,1,298,298,298,53,277,1,1,257,1,298,1,297,1,193,298,237,293,1,298,1,1,,,298,23,,288,221,1,298,296,298,297,298,290,297,225,297,283,1,5,3,260,226,156,279,246,295,206,298,1,,44,,86,b'\x11\xe8\xe1I\xd8I\xb2\xc0\x98|\x12\xdf\x17\xaeN\x1e'
11E8E149-D84E-20BC-987C-12DF17AE4E1E,2018-ncaa-d2-conf-NE10,ncaa,8,7,6,8,13,6,6,10,4,9,10,6,7,7,8,7,9,10,5,10,7,10,10,4,4,4,7,7,9,11,10,11,6,11,9,12,12,6,10,10,4,4,12,13,,,13,14,,,4,10,8,15,5,6,9,10,10,6,7,9,9,9,10,10,11,11,9,11,8,4,12,,14,,,4,3,3,4,7,10,8,10,1,1,1,1,13,14,3,14,12,4,6,4,5,4,1,1,14,4,6,4,10,5,9,2,2,4,5,2,3,3,5,7,,,12,10,,,4,7,7,4,4,4,4,4,12,8,1,1,13,14,14,5,7,3,6,4,3,4,3,6,,12,,,b'\x11\xe8\xe1I\xd8N \xbc\x98|\x12\xdf\x17\xaeN\x1e'
11E8E149-D84E-20BC-987C-12DF17AE4E1E,2018-ncaa-d2-natl,ncaa,134,147,105,141,147,168,150,160,154,144,151,152,185,187,182,177,212,226,133,224,242,174,180,175,177,170,223,182,205,163,159,196,154,189,170,194,230,134,160,187,71,53,148,156,,,231,263,,,89,178,226,303,219,182,201,152,160,204,207,238,251,248,233,234,184,251,239,221,114,67,158,,221,,,89,43,46,65,107,143,161,125,3,7,3,10,204,226,65,216,204,78,123,51,70,38,18,5,273,114,154,131,159,115,170,21,52,66,40,18,41,49,209,202,,,201,190,,,89,133,176,29,90,17,23,18,117,144,1,3,200,220,213,25,73,95,103,89,15,69,41,197,,241,,,b'\x11\xe8\xe1I\xd8N \xbc\x98|\x12\xdf\x17\xaeN\x1e'
11E8E149-D84E-20BC-987C-12DF17AE4E1E,2019-ncaa-d2-conf-NE10,ncaa,12,11,14,12,14,13,13,15,5,11,14,3,14,13,14,12,10,10,6,9,7,15,15,6,6,7,13,13,8,15,10,15,14,15,12,13,11,3,8,11,5,2,14,14,,,6,12,,,11,14,13,4,11,10,13,7,9,13,12,8,8,8,13,14,13,15,15,12,5,4,14,,10,,,11,3,5,1,15,10,7,13,1,1,15,1,6,6,6,6,5,1,1,14,13,11,1,1,6,8,14,3,10,2,12,5,6,10,3,7,1,5,1,3,,,12,2,,,11,1,8,12,11,8,12,4,14,14,3,1,7,7,7,3,4,11,5,7,10,3,3,3,,7,,,b'\x11\xe8\xe1I\xd8N \xbc\x98|\x12\xdf\x17\xaeN\x1e'
11E8E149-D84E-20BC-987C-12DF17AE4E1E,2019-ncaa-d2-natl,ncaa,194,222,118,212,139,207,178,203,144,127,132,138,249,252,215,242,234,244,102,238,262,211,230,172,179,159,271,250,196,214,210,260,247,251,249,180,185,59,114,131,102,67,252,278,,,153,206,,,176,230,285,103,244,207,256,134,134,269,271,241,258,252,262,283,231,294,289,199,55,104,266,,141,,,176,103,158,82,257,225,225,153,31,11,304,7,69,73,101,71,48,71,89,216,201,164,18,33,89,165,247,140,210,157,249,161,172,127,82,144,20,38,186,164,,,180,101,,,176,79,171,179,178,88,149,49,220,246,22,5,55,69,62,41,44,152,127,142,157,136,18,185,,198,,,b'\x11\xe8\xe1I\xd8N \xbc\x98|\x12\xdf\x17\xaeN\x1e'
11E8E149-D84E-20BC-987C-12DF17AE4E1E,2020-ncaa-d2-conf-NE10,ncaa,6,6,8,6,8,7,8,11,7,8,9,7,9,10,4,9,8,6,12,6,3,10,11,8,8,7,9,10,6,11,10,8,3,10,9,6,4,3,5,4,9,6,8,7,,,3,7,,,6,9,13,1,8,8,12,8,8,8,10,7,4,3,10,13,11,10,11,6,3,7,7,,4,,,6,2,3,2,7,6,7,8,1,1,3,2,3,3,4,3,6,3,2,6,6,5,3,2,8,2,3,7,10,5,9,2,3,8,7,6,3,5,8,7,,,5,1,,,6,4,7,5,6,4,3,2,8,6,2,1,4,5,4,2,2,2,8,6,3,7,3,7,,5,,,b'\x11\xe8\xe1I\xd8N \xbc\x98|\x12\xdf\x17\xaeN\x1e'
11E8E149-D84E-20BC-987C-12DF17AE4E1E,2020-ncaa-d2-natl,ncaa,82,88,102,87,109,156,133,188,68,111,151,67,163,194,116,181,226,209,233,197,203,191,228,79,111,95,231,182,252,218,219,146,109,184,147,46,20,51,80,31,175,149,125,137,,,36,51,,,72,217,298,47,179,138,227,117,174,178,208,251,230,217,239,288,238,161,215,42,39,189,130,,22,,,73,44,104,126,101,167,199,103,37,43,56,63,17,20,125,20,9,78,83,72,55,60,14,68,22,105,109,141,219,130,147,81,86,167,136,112,44,70,173,176,,,162,65,,,72,87,108,66,74,27,89,86,138,175,28,30,7,9,10,37,25,94,118,99,67,179,36,160,,180,,,b'\x11\xe8\xe1I\xd8N \xbc\x98|\x12\xdf\x17\xaeN\x1e'
11E8E149-D84E-20BC-987C-12DF17AE4E1E,2022-ncaa-d2-conf-NE10,ncaa,2,2,3,3,3,5,5,5,5,5,7,4,7,4,6,6,6,2,11,2,1,5,7,5,5,5,4,7,4,13,12,3,2,6,6,6,8,1,1,2,11,10,3,4,,,7,8,,,4,5,10,12,7,9,13,10,12,7,7,4,2,2,7,14,14,4,12,8,1,11,4,,5,,,4,4,7,10,4,8,12,2,3,4,4,2,6,8,4,8,6,11,9,3,3,4,6,4,8,3,2,11,12,7,6,1,2,11,10,6,1,1,5,7,,,3,1,,,4,10,7,1,4,2,1,5,4,7,3,2,5,5,5,5,4,2,8,4,2,10,1,5,,3,,,b'\x11\xe8\xe1I\xd8N \xbc\x98|\x12\xdf\x17\xaeN\x1e'
11E8E149-D84E-20BC-987C-12DF17AE4E1E,2022-ncaa-d2-natl,ncaa,22,48,13,40,16,49,48,27,133,43,39,131,73,58,154,139,66,55,171,52,161,29,39,135,140,102,155,155,173,132,231,19,36,41,124,40,90,126,34,39,153,239,16,34,,,249,143,,,66,25,215,217,159,150,160,143,159,144,146,165,159,156,171,240,236,93,180,103,20,253,34,,94,,,70,233,240,276,54,251,287,34,149,165,133,58,170,177,119,173,47,273,266,50,40,68,72,100,108,146,36,291,231,264,124,203,112,101,198,146,52,7,269,205,,,31,101,,,66,275,127,49,69,31,58,105,90,203,58,42,60,67,65,76,51,38,164,105,77,223,5,200,,167,,,b'\x11\xe8\xe1I\xd8N \xbc\x98|\x12\xdf\x17\xaeN\x1e'
11E8E149-D84E-20BC-987C-12DF17AE4E1E,2023-ncaa-d2-conf-NE10,ncaa,7,8,3,8,3,8,9,4,11,12,4,11,4,3,5,3,12,9,12,9,9,5,7,9,11,10,4,1,12,5,8,8,7,6,9,7,9,4,5,6,8,7,8,9,,,10,11,,,7,6,12,5,11,11,5,12,7,4,3,12,10,10,6,10,4,10,9,9,2,9,9,,8,,,7,8,7,5,9,8,9,9,2,1,9,1,13,13,4,13,11,7,7,8,8,7,5,2,13,6,7,11,8,9,9,5,6,6,4,4,1,1,13,13,,,6,9,,,7,8,9,6,7,5,5,1,8,8,2,1,11,13,13,1,4,4,9,7,5,6,1,13,,11,,,b'\x11\xe8\xe1I\xd8N \xbc\x98|\x12\xdf\x17\xaeN\x1e'
11E8E149-D84E-20BC-987C-12DF17AE4E1E,2023-ncaa-d2-natl,ncaa,120,182,47,149,59,178,164,88,261,188,98,275,108,102,149,118,263,219,284,219,255,109,128,245,275,232,140,69,275,91,191,138,103,121,200,129,90,73,64,90,128,127,124,154,,,177,185,,,152,141,284,170,271,255,189,257,180,137,135,290,271,270,228,275,150,237,223,190,32,177,160,,102,,,149,89,90,109,128,158,211,72,35,21,199,13,183,206,55,205,160,123,151,95,100,70,58,31,229,97,103,269,191,226,200,82,115,83,70,69,25,28,296,295,,,173,203,,,152,166,227,58,145,13,20,5,80,135,16,6,127,152,151,8,12,55,218,145,44,130,11,290,,258,,,b'\x11\xe8\xe1I\xd8N \xbc\x98|\x12\xdf\x17\xaeN\x1e'
11E8E149-D84E-20BC-987C-12DF17AE4E1E,2024-ncaa-d2-conf-NE10,ncaa,7,7,5,7,5,7,7,5,8,5,3,8,10,10,9,12,7,9,6,8,11,6,7,9,10,9,12,12,9,3,6,2,3,2,4,10,11,4,3,9,12,12,7,7,,,5,5,,,7,8,10,6,9,7,7,6,2,12,11,8,9,8,7,7,5,3,3,10,2,12,7,,4,,,7,2,3,6,5,4,9,5,3,5,5,5,2,3,5,3,4,6,4,6,5,7,3,6,6,4,3,8,6,6,4,4,4,11,12,11,6,6,9,10,,,11,11,,,7,5,8,6,7,5,5,9,4,10,3,5,4,3,3,8,3,4,8,6,5,11,6,9,,11,,,b'\x11\xe8\xe1I\xd8N \xbc\x98|\x12\xdf\x17\xaeN\x1e'
11E8E149-D84E-20BC-987C-12DF17AE4E1E,2024-ncaa-d2-natl,ncaa,86,115,50,106,71,177,159,120,214,102,49,232,245,245,218,266,174,191,133,191,266,129,164,240,234,185,272,262,154,99,149,54,27,61,76,202,243,39,50,133,282,292,130,164,,,110,127,,,128,197,297,227,266,240,236,161,87,279,280,238,246,247,251,290,137,95,114,258,11,296,161,,42,,,131,63,90,164,54,161,221,49,36,65,28,52,77,63,211,63,33,143,96,39,34,83,28,44,106,70,27,218,149,169,76,59,69,242,243,179,24,26,273,255,,,200,208,,,128,110,162,68,123,10,21,45,69,150,12,29,38,29,32,17,4,26,134,71,32,282,12,264,,273,,,b'\x11\xe8\xe1I\xd8N \xbc\x98|\x12\xdf\x17\xaeN\x1e'
11E8E149-D84E-20BC-987C-12DF17AE4E1E,2025-ncaa-d2-conf-NE10,genius_ncaa,7,5,8,7,11,10,9,9,8,6,5,7,11,11,9,11,9,8,7,8,8,9,11,8,8,6,10,9,7,8,9,11,6,10,8,8,8,2,4,4,9,7,8,7,,,4,10,,4,5,11,9,10,7,7,6,4,4,10,10,8,6,6,6,8,6,10,9,8,5,8,8,,7,,5,5,1,1,1,6,4,4,7,1,1,4,1,9,7,10,7,7,1,1,6,6,6,3,1,11,2,6,3,9,2,8,1,5,6,4,5,1,2,7,6,,,7,6,,5,5,1,7,6,6,5,4,1,8,8,1,1,9,9,9,2,3,4,7,4,3,5,2,9,,6,,4,b'\x11\xe8\xe1I\xd8N \xbc\x98|\x12\xdf\x17\xaeN\x1e'
11E8E149-D84E-20BC-987C-12DF17AE4E1E,2025-ncaa-d2-natl,genius_ncaa,144,180,72,165,94,183,174,165,182,135,109,194,226,224,210,230,162,168,147,162,193,159,190,205,197,166,232,236,119,211,224,190,65,205,184,134,97,64,84,91,217,201,184,196,,,200,265,,118,144,176,288,162,256,241,270,179,152,255,262,198,197,200,266,292,250,267,276,171,34,240,199,,151,,104,145,75,78,64,163,157,168,160,19,22,31,21,235,211,252,210,197,81,84,104,142,135,38,10,260,42,65,175,224,105,184,124,195,157,124,141,13,11,242,229,,,131,67,,65,144,114,187,109,149,36,31,4,111,95,6,9,204,168,169,13,12,23,117,61,90,205,6,229,,173,,80,b'\x11\xe8\xe1I\xd8N \xbc\x98|\x12\xdf\x17\xaeN\x1e'
11E8E149-D84E-20BC-987C-12DF17AE4E1E,2026-ncaa-d2-conf-NE10,genius_ncaa,4,7,2,6,2,4,4,4,4,5,5,5,2,2,4,1,7,6,9,5,9,4,5,3,5,5,3,1,10,8,9,4,8,5,10,4,4,7,7,4,6,7,8,9,,,4,1,,5,8,4,8,1,7,6,7,7,10,1,1,10,10,10,9,10,9,9,10,4,5,8,9,,1,,4,8,6,7,7,7,6,6,2,10,8,10,9,7,6,8,5,4,6,7,7,7,7,10,10,3,7,8,7,9,6,10,7,8,4,5,6,6,3,2,1,,,5,10,,1,8,7,5,6,8,5,6,5,1,1,10,8,3,2,1,4,4,6,4,3,7,6,3,1,,10,,1,b'\x11\xe8\xe1I\xd8N \xbc\x98|\x12\xdf\x17\xaeN\x1e'
11E8E149-D84E-20BC-987C-12DF17AE4E1E,2026-ncaa-d2-natl,genius_ncaa,107,144,59,135,84,162,159,144,191,224,229,149,38,33,127,8,242,252,100,247,223,168,164,130,155,172,32,10,266,226,246,141,181,181,224,79,21,165,189,99,148,178,203,218,,,73,23,,85,193,144,271,88,244,237,252,277,290,51,40,289,292,289,283,286,268,232,274,102,111,207,239,,17,,58,193,162,162,177,120,127,132,109,231,229,202,247,109,78,269,77,81,159,160,157,158,139,239,256,87,168,181,179,246,172,224,223,266,131,145,211,130,140,273,294,,,213,254,,151,193,159,196,139,190,83,89,93,55,51,217,205,66,36,37,54,45,127,106,118,205,185,86,262,,282,,181,b'\x11\xe8\xe1I\xd8N \xbc\x98|\x12\xdf\x17\xaeN\x1e'
11E8E149-D853-0EC4-987C-12DF17AE4E1E,2018-ncaa-d2-conf-SIAC,ncaa,13,13,12,13,12,12,12,11,11,12,9,10,9,10,7,9,12,11,11,11,8,12,11,10,10,11,8,7,8,12,13,12,11,13,13,8,4,6,9,7,13,13,9,10,,,7,9,,,13,11,1,6,10,11,7,10,5,8,9,10,9,9,7,4,12,11,12,5,10,12,8,,11,,,13,11,9,5,12,10,7,12,7,2,13,3,11,11,13,11,9,6,6,12,13,13,8,5,11,8,11,10,13,9,13,11,9,7,7,12,9,12,4,5,,,10,5,,,13,4,12,13,13,13,13,9,13,10,9,6,12,12,12,12,12,12,13,12,12,5,12,5,,5,,,b'\x11\xe8\xe1I\xd8S\x0e\xc4\x98|\x12\xdf\x17\xaeN\x1e'
11E8E149-D853-0EC4-987C-12DF17AE4E1E,2018-ncaa-d2-natl,ncaa,305,302,276,305,281,287,280,244,279,238,172,276,300,294,286,278,227,163,300,165,144,238,199,292,293,300,256,274,67,225,255,270,301,261,299,262,175,273,297,291,225,240,189,209,,,219,225,,,297,190,10,121,259,251,128,166,49,285,268,152,65,65,105,27,165,195,182,226,302,166,152,,300,,,298,190,140,95,230,227,210,203,20,11,169,7,288,294,40,295,284,146,166,191,210,174,73,11,293,272,301,206,255,246,299,164,164,95,87,109,299,304,67,78,,,195,149,,,297,134,301,219,295,297,276,266,297,303,51,30,308,306,306,293,302,301,296,302,247,29,305,126,,58,,,b'\x11\xe8\xe1I\xd8S\x0e\xc4\x98|\x12\xdf\x17\xaeN\x1e'
11E8E149-D853-0EC4-987C-12DF17AE4E1E,2019-ncaa-d2-conf-SIAC,ncaa,11,11,10,11,11,11,10,12,7,11,10,5,7,8,6,4,10,11,3,11,3,12,12,5,4,4,3,5,5,12,12,11,9,11,11,6,2,3,8,3,10,10,10,10,,,2,4,,,10,11,6,10,8,7,11,9,10,5,6,5,6,7,9,11,12,8,11,3,6,7,9,,6,,,10,4,7,2,11,7,4,11,2,2,6,4,3,3,8,3,5,1,2,11,11,11,4,4,5,4,9,4,12,3,11,6,7,9,8,9,4,9,3,8,,,12,5,,,10,1,9,11,11,10,10,9,9,9,6,5,6,8,8,8,8,8,9,9,9,8,8,7,,9,,,b'\x11\xe8\xe1I\xd8S\x0e\xc4\x98|\x12\xdf\x17\xaeN\x1e'
11E8E149-D853-0EC4-987C-12DF17AE4E1E,2019-ncaa-d2-natl,ncaa,290,259,302,291,303,298,297,297,265,282,277,261,286,276,268,220,198,169,238,174,47,297,288,275,260,278,153,241,12,283,273,282,296,291,295,268,104,192,289,273,243,209,266,272,,,64,146,,,250,279,43,225,262,277,249,238,160,271,237,69,45,51,199,95,248,171,235,215,287,166,237,,223,,,256,24,34,27,171,111,113,146,10,10,69,11,104,182,9,182,204,31,47,120,104,78,23,13,227,224,296,62,273,124,295,31,96,145,60,56,163,268,66,166,,,270,163,,,250,26,289,130,257,198,212,213,276,291,16,17,244,285,287,258,283,300,272,291,146,37,271,171,,126,,,b'\x11\xe8\xe1I\xd8S\x0e\xc4\x98|\x12\xdf\x17\xaeN\x1e'
11E8E149-D853-0EC4-987C-12DF17AE4E1E,2020-ncaa-d2-conf-SIAC,ncaa,10,9,7,10,8,8,7,6,8,6,7,8,9,8,9,9,9,9,11,8,9,7,8,7,10,10,10,9,8,9,12,12,7,10,12,5,3,7,8,5,6,5,2,1,,,11,12,,,13,6,2,8,9,7,6,5,4,10,7,10,9,9,9,6,9,11,11,5,8,4,3,,12,,,13,11,8,5,12,7,5,12,6,4,12,5,9,9,12,8,9,4,8,12,12,11,6,6,9,6,7,12,12,8,12,8,5,2,3,6,11,10,6,4,,,9,12,,,13,8,12,10,12,10,9,6,10,5,8,5,11,11,11,6,11,5,13,9,8,2,12,7,,9,,,b'\x11\xe8\xe1I\xd8S\x0e\xc4\x98|\x12\xdf\x17\xaeN\x1e'
11E8E149-D853-0EC4-987C-12DF17AE4E1E,2020-ncaa-d2-natl,ncaa,243,203,283,236,289,285,281,248,281,213,125,280,297,289,304,286,204,122,296,123,146,234,215,296,297,293,287,295,52,142,183,286,272,258,276,263,190,199,228,264,99,75,70,59,,,233,280,,,250,224,18,127,240,231,63,122,19,296,271,120,42,38,54,27,70,231,144,226,280,42,42,,302,,,254,67,60,24,212,135,119,188,11,10,115,10,250,269,33,264,277,48,97,159,170,79,61,10,291,173,272,214,183,207,276,60,83,51,19,29,202,224,261,250,,,215,177,,,250,93,292,96,249,216,178,134,251,264,20,9,298,304,304,219,297,265,305,300,127,8,261,294,,56,,,b'\x11\xe8\xe1I\xd8S\x0e\xc4\x98|\x12\xdf\x17\xaeN\x1e'
11E8E149-D857-6B18-987C-12DF17AE4E1E,2018-ncaa-d2-conf-Sunshine State,ncaa,11,11,9,11,11,10,10,9,9,7,4,10,10,10,10,9,8,8,9,8,9,9,8,10,11,10,10,10,5,10,10,3,5,7,10,11,11,4,5,11,8,8,7,7,,,3,3,,,11,6,1,7,10,9,3,4,2,10,8,6,6,6,5,3,8,1,4,11,6,8,5,,7,,,11,8,8,9,7,5,5,3,11,10,11,8,5,2,5,2,4,7,6,7,7,9,9,11,3,8,5,11,10,10,10,8,8,8,8,8,8,9,5,5,,,8,8,,,11,6,10,9,11,11,11,11,8,8,11,11,7,7,7,11,11,10,11,11,10,7,10,7,,7,,,b'\x11\xe8\xe1I\xd8Wk\x18\x98|\x12\xdf\x17\xaeN\x1e'
11E8E149-D857-6B18-987C-12DF17AE4E1E,2018-ncaa-d2-natl,ncaa,279,286,206,284,235,242,228,195,253,179,114,268,277,288,218,282,221,220,200,218,266,199,233,268,265,238,267,263,131,264,287,136,62,202,231,302,307,51,90,278,209,183,174,172,,,107,158,,,270,217,126,219,254,236,149,150,50,275,288,217,192,193,154,197,262,65,164,305,73,195,161,,161,,,266,162,169,121,216,137,116,179,206,136,275,154,117,130,109,132,151,111,88,221,217,245,187,221,108,67,62,246,287,185,231,164,144,237,230,233,86,135,157,115,,,243,207,,,270,108,261,223,260,222,219,202,194,184,240,184,155,172,176,199,159,90,284,252,200,226,112,169,,233,,,b'\x11\xe8\xe1I\xd8Wk\x18\x98|\x12\xdf\x17\xaeN\x1e'
11E8E149-D857-6B18-987C-12DF17AE4E1E,2019-ncaa-d2-conf-Sunshine State,ncaa,10,10,9,10,10,10,10,8,11,10,8,11,10,8,11,6,6,6,6,6,6,8,8,11,11,11,7,8,1,10,10,6,9,8,9,11,11,6,8,11,10,10,9,9,,,2,2,,,10,8,2,8,10,10,5,9,4,10,7,5,5,5,6,5,9,2,4,11,9,10,9,,2,,,10,5,6,7,3,5,6,3,9,9,6,8,2,2,9,2,3,6,5,3,3,4,7,10,4,11,9,10,10,10,9,6,6,10,10,10,9,10,2,3,,,9,8,,,10,4,11,8,10,9,8,11,6,10,10,11,3,3,3,11,10,11,10,11,8,10,9,3,,8,,,b'\x11\xe8\xe1I\xd8Wk\x18\x98|\x12\xdf\x17\xaeN\x1e'
11E8E149-D857-6B18-987C-12DF17AE4E1E,2019-ncaa-d2-natl,ncaa,271,259,260,271,273,297,290,272,286,274,241,280,277,247,296,187,267,252,245,250,186,274,288,291,291,276,206,218,111,275,289,212,244,255,278,304,300,35,137,282,258,229,224,215,,,18,29,,,272,284,230,210,295,286,241,262,176,275,212,240,206,201,240,265,268,89,190,306,93,233,209,,33,,,271,41,64,108,81,58,86,83,185,180,163,250,26,27,157,28,55,77,45,97,79,157,195,267,63,212,244,187,289,206,278,75,116,293,293,252,105,225,24,43,,,298,254,,,272,27,286,216,277,154,168,265,128,198,251,259,57,55,57,233,156,277,279,287,142,287,184,38,,284,,,b'\x11\xe8\xe1I\xd8Wk\x18\x98|\x12\xdf\x17\xaeN\x1e'
11E8E149-D857-6B18-987C-12DF17AE4E1E,2020-ncaa-d2-conf-Sunshine State,ncaa,11,11,9,11,11,11,11,11,11,11,11,11,9,9,10,7,10,8,11,8,5,11,11,11,11,11,5,5,2,8,10,11,10,10,11,11,10,11,11,11,9,9,10,10,,,6,8,,,11,10,3,11,11,11,10,11,8,9,9,9,6,6,10,9,6,9,8,11,11,8,9,,8,,,11,8,8,6,10,8,6,9,9,3,9,4,5,6,1,6,5,6,4,11,10,11,4,6,4,10,10,10,10,9,11,11,11,10,9,11,10,11,11,11,,,11,9,,,11,2,11,11,11,11,11,11,10,10,9,7,5,6,6,10,9,10,11,11,11,9,11,11,,10,,,b'\x11\xe8\xe1I\xd8Wk\x18\x98|\x12\xdf\x17\xaeN\x1e'
11E8E149-D857-6B18-987C-12DF17AE4E1E,2020-ncaa-d2-natl,ncaa,297,289,257,297,276,300,303,292,302,300,278,303,243,237,235,164,254,242,244,239,132,287,282,297,296,297,66,117,58,279,290,280,212,285,285,302,270,155,263,297,273,253,288,292,,,99,196,,,303,278,194,227,304,304,276,302,237,220,206,229,195,192,274,244,255,247,279,301,226,258,287,,178,,,301,164,169,75,274,185,98,262,149,96,234,146,124,133,105,127,166,71,40,272,268,293,107,146,110,99,212,181,290,152,285,231,248,291,285,298,170,260,165,252,,,285,235,,,303,36,304,284,303,257,262,202,255,188,213,173,183,190,186,212,125,170,280,251,283,283,232,218,,271,,,b'\x11\xe8\xe1I\xd8Wk\x18\x98|\x12\xdf\x17\xaeN\x1e'
11E8E149-D857-6B18-987C-12DF17AE4E1E,2021-ncaa-d2-conf-Sunshine State,ncaa,4,7,1,5,2,2,2,2,6,3,2,6,4,3,5,4,1,1,3,1,2,2,2,6,6,5,5,4,2,2,3,2,6,2,4,4,6,7,6,6,3,6,3,5,,,7,5,,,6,2,6,5,6,6,5,5,5,4,4,2,2,2,6,5,4,3,3,6,5,6,5,,5,,,5,6,6,6,2,6,7,2,5,6,1,1,7,7,6,7,5,6,6,1,1,2,4,1,6,7,6,6,3,6,4,6,5,2,6,5,7,6,7,7,,,1,3,,,6,6,5,2,5,4,2,4,2,5,1,1,6,5,5,4,3,7,4,5,3,6,6,6,,2,,,b'\x11\xe8\xe1I\xd8Wk\x18\x98|\x12\xdf\x17\xaeN\x1e'
11E8E149-D857-6B18-987C-12DF17AE4E1E,2021-ncaa-d2-natl,ncaa,159,95,185,150,186,191,192,189,208,189,186,211,186,184,173,156,168,169,121,170,73,189,190,206,196,194,80,143,12,155,73,179,160,177,107,195,161,39,128,192,193,167,176,160,,,47,160,,,141,193,174,52,189,201,142,181,100,182,160,61,54,63,129,121,56,44,40,199,124,162,145,,147,,,140,35,36,40,19,38,45,30,32,44,15,78,53,47,117,45,122,39,35,17,22,46,102,60,189,64,160,43,73,45,107,38,162,195,177,136,56,177,93,192,,,182,50,,,141,34,172,63,142,45,47,140,74,148,40,101,150,144,142,149,114,184,144,182,83,180,172,199,,67,,,b'\x11\xe8\xe1I\xd8Wk\x18\x98|\x12\xdf\x17\xaeN\x1e'
11E8E149-D857-6B18-987C-12DF17AE4E1E,2022-ncaa-d2-conf-Sunshine State,ncaa,9,9,7,9,9,8,8,5,9,7,5,9,11,8,11,9,6,5,9,5,5,6,5,11,10,10,8,9,2,1,1,9,10,6,9,11,11,9,6,11,3,2,9,6,,,9,10,,,9,7,3,9,8,8,3,6,3,11,9,5,3,3,3,2,1,8,3,11,10,2,7,,11,,,9,7,5,3,6,3,1,6,9,8,10,9,9,11,2,10,11,4,5,10,9,7,11,9,10,6,10,9,1,10,9,10,11,2,2,7,11,11,9,6,,,8,8,,,9,6,9,7,9,9,6,3,3,1,10,9,10,11,11,8,9,9,9,10,10,1,11,8,,7,,,b'\x11\xe8\xe1I\xd8Wk\x18\x98|\x12\xdf\x17\xaeN\x1e'
11E8E149-D857-6B18-987C-12DF17AE4E1E,2022-ncaa-d2-natl,ncaa,255,276,146,263,179,200,203,152,256,175,134,240,228,182,272,187,155,132,247,133,148,142,138,258,259,250,190,215,92,71,100,216,170,162,189,248,266,177,175,256,87,77,204,177,,,250,282,,,258,163,140,224,243,242,142,196,119,239,180,156,120,118,128,116,66,256,172,268,185,84,204,,266,,,250,196,150,80,252,102,54,251,238,186,268,221,263,268,126,267,298,110,131,274,277,243,283,225,249,99,170,187,100,161,189,242,273,104,82,183,245,241,155,147,,,214,258,,,258,143,238,236,247,220,159,43,93,26,253,200,270,271,269,87,135,115,215,176,244,97,246,161,,240,,,b'\x11\xe8\xe1I\xd8Wk\x18\x98|\x12\xdf\x17\xaeN\x1e'
11E8E149-D857-6B18-987C-12DF17AE4E1E,2023-ncaa-d2-conf-Sunshine State,ncaa,9,8,9,9,9,9,9,10,9,9,10,8,8,6,10,4,8,8,5,7,3,9,8,9,9,9,5,7,2,8,5,7,7,8,9,9,8,9,8,9,7,4,8,6,,,9,10,,,10,8,3,3,9,9,6,9,7,7,4,4,4,4,5,1,6,5,5,8,10,5,7,,10,,,10,6,3,2,8,3,4,7,2,3,8,3,10,10,5,10,10,3,3,8,8,9,7,2,10,3,7,5,5,4,9,9,10,9,8,9,10,10,5,7,,,8,7,,,10,4,10,8,10,10,8,5,9,8,5,3,10,10,10,9,8,6,8,8,10,7,10,8,,6,,,b'\x11\xe8\xe1I\xd8Wk\x18\x98|\x12\xdf\x17\xaeN\x1e'
11E8E149-D857-6B18-987C-12DF17AE4E1E,2023-ncaa-d2-natl,ncaa,222,182,255,218,258,236,250,262,193,255,271,177,171,173,148,103,154,189,63,185,63,261,262,173,136,172,60,111,59,235,193,242,89,254,158,214,97,104,203,185,145,82,193,132,,,160,277,,,220,258,113,27,154,200,183,213,206,111,101,73,96,92,155,119,178,151,170,149,210,81,149,,262,,,224,85,55,22,239,58,26,226,97,74,227,139,240,212,261,196,279,30,32,237,270,249,243,133,270,29,89,58,193,32,158,204,289,210,135,244,191,250,92,176,,,233,145,,,220,38,183,239,222,250,178,95,168,93,186,143,286,277,276,157,162,79,187,139,281,132,259,150,,127,,,b'\x11\xe8\xe1I\xd8Wk\x18\x98|\x12\xdf\x17\xaeN\x1e'
11E8E149-D857-6B18-987C-12DF17AE4E1E,2024-ncaa-d2-conf-Sunshine State,ncaa,6,6,6,6,6,5,5,3,6,2,2,6,10,10,11,10,5,4,10,4,9,3,4,9,9,6,11,11,5,4,4,3,2,2,3,8,10,4,1,8,6,5,5,5,,,8,9,,,5,4,2,2,5,2,1,1,1,10,9,5,4,4,1,2,3,1,1,9,4,4,6,,9,,,5,6,5,7,4,4,4,5,8,8,5,8,9,8,9,8,8,8,8,4,6,5,9,7,8,5,2,10,4,7,3,10,10,6,6,7,9,8,3,2,,,5,7,,,5,8,7,5,5,8,7,10,6,6,8,9,9,9,9,10,11,7,11,8,11,5,9,4,,5,,,b'\x11\xe8\xe1I\xd8Wk\x18\x98|\x12\xdf\x17\xaeN\x1e'
11E8E149-D857-6B18-987C-12DF17AE4E1E,2024-ncaa-d2-natl,ncaa,123,151,78,139,82,92,76,54,143,44,24,158,207,191,219,250,99,99,158,92,225,56,67,181,178,136,266,257,150,54,82,43,62,38,61,174,276,106,53,143,142,180,141,168,,,244,221,,,112,72,134,36,103,76,43,38,25,232,224,121,113,110,44,84,66,35,30,209,87,166,163,,202,,,114,191,151,210,67,141,194,62,174,198,104,153,256,254,159,253,216,231,208,64,86,129,223,157,247,160,62,222,82,210,61,192,203,160,208,193,151,102,179,90,,,95,160,,,112,216,121,119,119,142,96,181,82,159,150,170,225,221,217,196,154,117,191,152,153,197,120,167,,123,,,b'\x11\xe8\xe1I\xd8Wk\x18\x98|\x12\xdf\x17\xaeN\x1e'
11E8E149-D857-6B18-987C-12DF17AE4E1E,2025-ncaa-d2-conf-Sunshine State,genius_ncaa,6,6,5,6,5,9,10,6,10,9,6,9,10,5,10,6,2,4,3,4,5,4,5,10,10,9,7,10,2,8,9,10,10,11,11,9,8,2,2,7,3,1,9,7,,,8,7,,3,9,6,4,3,9,10,6,9,5,10,5,2,2,2,5,5,7,10,10,9,2,2,9,,8,,3,9,5,4,3,7,2,2,8,9,7,8,8,10,9,7,8,10,3,6,8,9,6,10,8,8,9,10,11,9,11,11,10,10,3,2,5,2,3,5,6,,,6,5,,4,9,6,10,6,9,7,6,2,4,2,9,7,9,9,8,4,8,10,11,11,9,2,3,5,,4,,4,b'\x11\xe8\xe1I\xd8Wk\x18\x98|\x12\xdf\x17\xaeN\x1e'
11E8E149-D857-6B18-987C-12DF17AE4E1E,2025-ncaa-d2-natl,genius_ncaa,132,159,72,144,85,120,153,115,215,138,116,188,171,123,258,154,22,37,37,39,37,99,120,221,176,133,99,210,12,235,268,176,199,207,270,168,170,74,52,126,50,56,131,136,,,186,141,,64,182,88,162,119,158,213,170,181,165,199,148,26,50,53,133,204,264,260,277,207,51,63,158,,137,,53,175,223,197,176,209,137,141,173,254,200,278,196,222,222,130,221,218,182,199,230,237,197,257,233,178,181,199,273,268,258,270,254,250,76,87,163,99,71,124,119,,,85,73,,98,182,204,170,185,186,162,142,78,96,74,230,168,190,189,182,86,129,145,236,209,223,96,61,106,,103,,106,b'\x11\xe8\xe1I\xd8Wk\x18\x98|\x12\xdf\x17\xaeN\x1e'
11E8E149-D857-6B18-987C-12DF17AE4E1E,2026-ncaa-d2-conf-Sunshine State,genius_ncaa,5,6,1,6,3,8,7,5,9,8,4,11,4,5,5,7,9,5,11,4,8,3,5,9,10,8,6,2,8,8,9,8,10,9,10,6,3,4,2,3,3,4,9,10,,,7,5,,7,7,5,7,3,9,9,7,10,6,5,6,10,6,6,5,7,8,11,11,8,2,5,10,,6,,5,7,8,7,6,9,6,4,10,6,9,7,9,6,6,3,5,6,6,6,9,7,6,7,7,5,7,10,9,9,9,10,5,2,3,4,4,1,1,11,10,,,6,7,,4,7,6,9,7,7,7,6,3,4,2,6,8,5,5,4,3,4,6,9,9,2,5,1,9,,8,,4,b'\x11\xe8\xe1I\xd8Wk\x18\x98|\x12\xdf\x17\xaeN\x1e'
11E8E149-D857-6B18-987C-12DF17AE4E1E,2026-ncaa-d2-natl,genius_ncaa,157,239,13,202,23,116,116,76,234,122,87,229,105,73,187,127,144,88,265,90,149,75,68,222,236,223,137,119,186,136,243,91,166,109,242,85,64,221,166,149,43,74,113,150,,,165,54,,140,170,57,236,79,265,248,235,247,225,170,162,244,193,200,258,262,229,251,260,165,115,92,168,,40,,100,166,188,218,219,156,230,213,208,150,209,47,158,95,138,26,134,72,206,240,141,90,58,42,110,52,207,166,273,243,263,242,186,116,24,44,68,188,131,204,178,,,74,138,,25,170,244,228,61,161,39,88,53,129,84,62,120,27,44,41,27,68,104,211,174,99,66,97,147,,209,,52,b'\x11\xe8\xe1I\xd8Wk\x18\x98|\x12\xdf\x17\xaeN\x1e'
11E8E149-D85B-BBDC-987C-12DF17AE4E1E,2018-ncaa-d2-conf-PSAC,ncaa,13,13,10,13,12,15,15,15,13,13,13,15,14,15,9,13,13,10,11,10,7,14,12,14,13,14,9,13,4,11,3,11,5,10,3,12,3,16,17,14,9,8,8,7,,,7,14,,,13,15,14,6,16,16,16,12,12,13,13,10,8,9,14,13,6,10,6,11,16,9,8,,11,,,12,1,3,2,8,5,2,8,4,6,3,9,4,8,2,7,11,1,2,5,5,5,7,7,12,1,5,3,3,2,3,3,8,13,10,10,17,17,4,6,,,12,6,,,13,3,14,4,12,4,6,4,7,5,5,7,6,10,9,4,3,7,4,4,5,13,17,6,,10,,,b'\x11\xe8\xe1I\xd8[\xbb\xdc\x98|\x12\xdf\x17\xaeN\x1e'
11E8E149-D85B-BBDC-987C-12DF17AE4E1E,2018-ncaa-d2-natl,ncaa,213,206,206,217,235,243,257,267,202,214,214,193,269,271,248,240,156,151,190,146,81,247,222,220,212,249,207,252,43,124,43,226,181,184,74,218,122,245,287,259,171,137,104,87,,,126,211,,,197,246,212,219,256,272,281,209,182,270,264,111,106,102,253,188,80,211,127,208,278,151,83,,181,,,198,48,56,66,123,104,114,129,23,38,59,47,141,172,56,166,185,71,70,96,98,105,71,38,227,115,181,22,43,39,74,44,103,195,139,114,290,300,49,87,,,173,91,,,197,68,230,117,194,94,100,92,152,179,28,40,189,216,210,118,104,161,36,68,80,167,296,66,,112,,,b'\x11\xe8\xe1I\xd8[\xbb\xdc\x98|\x12\xdf\x17\xaeN\x1e'
11E8E149-D85B-BBDC-987C-12DF17AE4E1E,2019-ncaa-d2-conf-PSAC,ncaa,8,14,3,12,3,11,14,12,13,12,12,10,12,10,13,9,5,6,5,6,4,9,7,12,9,13,7,10,3,14,14,6,7,7,5,8,4,16,15,11,17,18,2,2,,,10,7,,,15,7,18,1,16,16,17,15,15,14,12,5,7,7,16,17,16,8,10,11,11,18,3,,3,,,15,16,16,15,5,12,12,7,18,17,12,15,8,7,7,7,6,14,12,8,6,13,11,18,4,12,7,10,14,12,5,13,10,14,17,14,17,16,5,5,,,4,4,,,15,12,15,12,15,6,7,9,6,9,15,13,3,3,4,8,3,10,4,5,9,18,15,4,,9,,,b'\x11\xe8\xe1I\xd8[\xbb\xdc\x98|\x12\xdf\x17\xaeN\x1e'
11E8E149-D85B-BBDC-987C-12DF17AE4E1E,2019-ncaa-d2-natl,ncaa,145,184,76,163,87,161,189,220,131,133,175,103,249,239,248,226,43,77,34,79,58,199,169,155,113,170,192,267,15,232,217,103,146,152,138,128,75,264,267,195,273,294,27,34,,,105,69,,,211,142,223,68,220,246,296,167,229,276,268,49,92,89,283,248,260,120,207,163,233,293,25,,55,,,202,203,228,242,148,237,238,149,169,194,117,147,101,104,135,111,61,218,177,137,114,184,77,137,76,195,146,95,217,144,138,153,74,222,266,220,306,303,42,41,,,85,42,,,211,175,206,188,200,150,194,211,196,221,138,161,63,73,78,177,113,168,50,87,122,268,297,28,,99,,,b'\x11\xe8\xe1I\xd8[\xbb\xdc\x98|\x12\xdf\x17\xaeN\x1e'
11E8E149-D85B-BBDC-987C-12DF17AE4E1E,2020-ncaa-d2-conf-PSAC,ncaa,10,10,9,10,9,9,11,13,7,8,10,6,12,12,14,13,4,5,6,5,4,13,9,8,9,10,11,14,4,14,12,14,18,14,16,2,5,14,15,6,3,4,11,9,,,16,14,,,12,7,8,1,8,11,12,7,9,13,13,5,4,4,11,9,14,15,18,3,17,3,11,,15,,,12,12,11,9,10,8,7,12,13,10,12,12,12,12,15,12,12,10,13,11,12,12,14,13,10,16,18,6,12,10,16,14,16,6,7,10,17,17,3,3,,,3,3,,,12,9,14,12,13,11,9,10,9,7,15,11,13,13,13,12,13,16,7,11,13,4,17,3,,3,,,b'\x11\xe8\xe1I\xd8[\xbb\xdc\x98|\x12\xdf\x17\xaeN\x1e'
11E8E149-D85B-BBDC-987C-12DF17AE4E1E,2020-ncaa-d2-natl,ncaa,112,140,54,133,60,95,98,139,76,71,112,52,187,183,196,209,32,54,60,52,64,109,89,103,68,121,198,239,47,151,156,177,280,181,225,44,38,261,215,126,38,51,60,78,,,269,232,,,141,74,152,56,119,133,210,89,156,213,215,45,70,69,185,155,189,251,247,56,221,49,79,,249,,,143,239,199,214,148,199,207,144,186,184,164,124,276,262,240,261,233,234,245,145,169,141,205,131,255,288,280,145,156,220,225,196,165,65,88,96,309,294,146,119,,,21,31,,,141,233,131,170,147,175,134,136,137,146,150,140,260,237,237,161,198,262,80,169,155,81,294,121,,37,,,b'\x11\xe8\xe1I\xd8[\xbb\xdc\x98|\x12\xdf\x17\xaeN\x1e'
11E8E149-D85B-BBDC-987C-12DF17AE4E1E,2022-ncaa-d2-conf-PSAC,ncaa,8,10,3,10,3,7,7,5,11,11,7,15,6,11,5,10,5,5,9,5,7,4,4,9,9,11,4,5,6,8,9,9,13,8,10,4,3,18,14,11,7,6,2,3,,,18,17,,,12,4,12,14,12,13,13,14,14,8,13,7,8,8,14,11,8,16,14,6,15,8,3,,16,,,12,17,13,8,15,16,13,13,5,5,11,3,17,17,9,17,18,13,16,13,14,12,9,3,17,12,13,13,9,15,10,7,5,3,5,3,18,18,12,9,,,4,6,,,12,16,11,10,12,8,7,2,10,10,4,2,17,17,17,2,6,8,7,6,5,5,18,9,,5,,,b'\x11\xe8\xe1I\xd8[\xbb\xdc\x98|\x12\xdf\x17\xaeN\x1e'
11E8E149-D85B-BBDC-987C-12DF17AE4E1E,2022-ncaa-d2-natl,ncaa,129,225,30,176,38,122,135,83,220,154,96,238,105,95,144,123,111,124,148,118,168,81,62,214,207,230,92,103,135,60,127,118,180,90,177,82,43,288,245,197,76,117,62,62,,,293,270,,,209,65,212,182,249,257,231,254,212,156,161,196,200,197,234,189,123,255,216,148,234,131,83,,240,,,197,234,207,189,193,232,230,171,113,102,172,55,285,282,127,283,250,215,233,164,194,146,135,57,261,220,180,237,127,237,177,144,72,43,63,46,297,280,231,208,,,72,150,,,209,234,230,144,204,100,79,28,120,100,55,30,237,235,232,45,83,127,128,125,62,94,270,171,,180,,,b'\x11\xe8\xe1I\xd8[\xbb\xdc\x98|\x12\xdf\x17\xaeN\x1e'
11E8E149-D85B-BBDC-987C-12DF17AE4E1E,2023-ncaa-d2-conf-PSAC,ncaa,5,5,4,5,8,6,9,14,3,8,14,2,6,5,6,6,2,3,4,3,1,11,12,2,2,2,3,8,2,14,8,12,10,12,8,3,2,7,9,3,15,16,12,13,,,12,14,,,5,11,16,8,7,11,14,12,16,6,7,2,4,4,14,17,14,16,15,3,6,16,13,,10,,,5,7,8,8,12,15,11,12,6,6,9,7,9,7,18,7,7,8,8,9,11,13,4,5,11,8,10,2,8,2,8,8,8,14,13,13,7,7,8,12,,,2,2,,,5,8,4,14,5,7,7,5,11,11,6,6,7,7,7,4,1,6,3,3,8,15,6,8,,2,,,b'\x11\xe8\xe1I\xd8[\xbb\xdc\x98|\x12\xdf\x17\xaeN\x1e'
11E8E149-D85B-BBDC-987C-12DF17AE4E1E,2023-ncaa-d2-natl,ncaa,84,118,47,108,64,66,78,128,35,82,158,26,83,83,114,91,36,54,50,50,31,106,93,34,31,43,88,141,85,97,77,127,192,117,115,35,16,197,161,55,194,229,165,220,,,249,229,,,101,101,230,208,83,119,245,145,248,104,112,54,88,85,218,223,155,228,218,30,129,235,200,,190,,,102,235,235,210,206,264,253,200,85,95,102,56,256,212,293,211,138,214,211,171,206,211,60,40,213,211,192,84,77,136,115,201,134,137,173,168,205,179,191,211,,,24,17,,,101,202,40,220,97,156,162,100,225,188,57,54,210,155,154,97,82,143,20,43,141,190,147,158,,47,,,b'\x11\xe8\xe1I\xd8[\xbb\xdc\x98|\x12\xdf\x17\xaeN\x1e'
11E8E149-D85B-BBDC-987C-12DF17AE4E1E,2024-ncaa-d2-conf-PSAC,ncaa,11,9,13,11,13,11,11,14,7,13,14,7,5,7,5,4,10,13,3,13,3,14,16,5,5,4,4,4,9,15,14,14,8,14,13,2,1,1,4,2,16,16,10,9,,,2,5,,,9,16,14,3,7,8,12,11,14,4,3,8,11,10,12,14,14,13,14,2,3,16,9,,3,,,9,4,7,2,11,8,3,13,4,6,6,10,6,3,17,3,7,2,2,11,11,11,5,6,6,4,8,4,14,3,13,6,6,13,11,8,7,12,4,8,,,13,5,,,9,3,5,11,9,9,11,7,12,7,6,7,9,5,5,7,4,6,10,8,8,12,10,5,,9,,,b'\x11\xe8\xe1I\xd8[\xbb\xdc\x98|\x12\xdf\x17\xaeN\x1e'
11E8E149-D85B-BBDC-987C-12DF17AE4E1E,2024-ncaa-d2-natl,ncaa,123,131,117,130,141,122,146,200,69,188,233,74,71,98,37,69,113,149,43,142,56,189,203,45,38,63,52,57,137,235,230,170,164,201,200,40,8,109,146,40,212,228,100,104,,,109,107,,,108,184,220,150,118,153,253,209,268,51,93,117,156,151,237,248,250,196,241,23,115,233,110,,89,,,108,119,124,131,141,174,161,162,61,93,46,104,178,127,294,135,115,127,123,123,142,142,79,57,195,160,164,118,230,128,200,66,55,155,145,101,165,191,103,155,,,111,56,,,108,114,86,153,106,105,118,109,167,153,56,80,163,112,117,100,95,144,88,110,61,172,155,86,,112,,,b'\x11\xe8\xe1I\xd8[\xbb\xdc\x98|\x12\xdf\x17\xaeN\x1e'
11E8E149-D85B-BBDC-987C-12DF17AE4E1E,2025-ncaa-d2-conf-PSAC,genius_ncaa,17,17,16,17,16,17,15,15,16,15,15,15,13,10,17,8,16,17,9,17,17,16,16,16,15,17,11,10,16,14,13,17,12,17,17,12,3,14,17,12,14,11,16,16,,,3,7,,7,17,16,9,2,17,15,7,13,11,12,8,16,17,17,13,6,7,16,16,10,17,9,16,,8,,10,17,12,14,1,17,12,1,17,11,6,16,13,4,5,8,5,10,1,1,17,17,17,7,10,3,3,12,9,13,4,17,11,9,15,12,13,16,17,8,11,,,17,17,,11,17,2,17,17,17,16,17,10,16,7,15,12,8,8,9,12,9,9,14,13,15,12,17,11,,17,,10,b'\x11\xe8\xe1I\xd8[\xbb\xdc\x98|\x12\xdf\x17\xaeN\x1e'
11E8E149-D85B-BBDC-987C-12DF17AE4E1E,2025-ncaa-d2-natl,genius_ncaa,283,296,162,287,166,229,207,180,226,177,160,220,216,179,250,156,253,267,102,267,279,197,140,237,238,276,229,186,221,144,136,244,256,220,239,123,49,288,292,233,113,117,250,257,,,160,148,,153,292,148,141,14,266,229,181,193,143,218,179,262,273,277,232,97,120,277,237,116,290,103,256,,179,,163,286,261,268,158,292,272,151,293,159,163,153,160,206,196,194,193,187,162,164,289,289,272,68,96,135,204,256,144,136,160,239,234,146,129,141,202,300,299,168,194,,,259,285,,125,292,152,275,279,286,278,279,195,284,173,182,179,213,204,200,204,203,221,160,182,241,115,299,189,,275,,122,b'\x11\xe8\xe1I\xd8[\xbb\xdc\x98|\x12\xdf\x17\xaeN\x1e'
11E8E149-D85B-BBDC-987C-12DF17AE4E1E,2026-ncaa-d2-conf-PSAC,genius_ncaa,9,8,3,9,3,9,6,6,10,8,6,8,6,5,8,6,13,13,4,13,12,7,8,10,10,9,12,5,12,5,7,9,5,9,8,5,6,6,4,4,12,14,16,16,,,3,6,,2,8,9,7,1,8,5,4,7,4,5,4,12,12,12,5,6,3,8,8,4,7,12,16,,5,,2,8,12,13,7,15,14,8,16,3,4,3,8,5,8,5,7,8,7,7,15,15,15,1,3,7,5,5,10,7,8,8,7,6,10,9,12,10,12,15,15,,,14,14,,11,8,7,7,13,9,14,15,8,16,9,3,5,7,9,8,8,8,5,12,10,8,8,12,15,,12,,9,b'\x11\xe8\xe1I\xd8[\xbb\xdc\x98|\x12\xdf\x17\xaeN\x1e'
11E8E149-D85B-BBDC-987C-12DF17AE4E1E,2026-ncaa-d2-natl,genius_ncaa,201,196,141,221,145,108,94,164,16,70,124,34,156,207,62,205,168,225,17,225,268,177,189,23,20,27,237,192,228,186,162,253,225,242,225,79,99,78,96,42,181,175,270,284,,,236,292,,204,160,186,203,29,50,26,118,22,76,145,208,150,234,236,152,192,192,288,277,44,85,176,278,,276,,224,160,190,182,86,294,234,165,281,29,18,161,8,267,240,281,235,240,105,109,275,292,278,39,7,265,111,225,104,162,106,225,170,139,159,124,178,59,72,167,153,,,195,156,,47,160,112,33,278,159,258,239,57,278,222,20,8,288,266,266,117,123,123,93,106,204,129,69,187,,188,,37,b'\x11\xe8\xe1I\xd8[\xbb\xdc\x98|\x12\xdf\x17\xaeN\x1e'
11E8E149-D860-000C-987C-12DF17AE4E1E,2018-ncaa-d2-conf-Mid-America Intercollegiate,ncaa,2,2,3,2,4,2,1,3,2,4,8,2,1,1,3,2,8,6,13,6,5,4,5,2,2,2,4,2,10,7,9,5,2,5,5,3,5,1,1,2,9,10,8,9,,,5,7,,,2,4,10,7,1,1,5,5,11,2,2,8,7,7,5,10,9,8,9,3,1,9,8,,6,,,2,10,11,11,7,10,11,7,6,6,12,6,6,5,13,5,2,10,10,7,6,6,4,6,7,2,2,11,9,9,5,7,4,8,9,7,2,1,8,8,,,4,3,,,2,10,2,4,2,6,7,5,8,9,6,4,5,4,4,3,2,2,8,6,6,10,1,8,,5,,,b'\x11\xe8\xe1I\xd8`\x00\x0c\x98|\x12\xdf\x17\xaeN\x1e'
11E8E149-D860-000C-987C-12DF17AE4E1E,2018-ncaa-d2-natl,ncaa,47,43,64,47,78,67,66,97,45,93,179,25,37,32,103,43,138,99,245,100,65,105,157,38,52,17,98,66,248,176,218,86,27,135,116,102,220,9,2,20,182,170,159,180,,,115,117,,,52,144,253,93,59,58,134,109,241,44,40,181,136,139,133,251,220,131,186,133,2,215,182,,61,,,51,154,179,172,158,189,176,164,144,160,117,151,120,83,292,82,78,153,135,148,155,175,108,128,115,54,27,208,218,139,116,58,22,193,203,121,6,3,218,237,,,67,23,,,52,159,18,141,48,90,110,90,125,112,119,118,86,49,50,58,36,25,148,77,39,245,3,192,,76,,,b'\x11\xe8\xe1I\xd8`\x00\x0c\x98|\x12\xdf\x17\xaeN\x1e'
11E8E149-D860-000C-987C-12DF17AE4E1E,2019-ncaa-d2-conf-Mid-America Intercollegiate,ncaa,5,6,4,6,7,4,5,7,4,6,5,3,6,6,3,8,4,5,6,4,5,5,5,3,3,3,8,6,6,11,12,3,4,5,5,6,8,8,5,5,7,6,6,8,,,10,5,,,4,4,3,12,2,4,7,6,7,6,8,4,4,3,5,7,12,2,5,7,7,6,6,,8,,,4,8,12,14,5,12,12,6,4,9,1,6,4,4,2,4,3,14,12,3,3,5,4,4,3,8,4,11,12,11,5,10,7,8,11,10,4,4,7,7,,,3,6,,,4,11,4,5,4,8,9,14,11,13,4,7,4,6,6,11,10,8,6,7,9,11,5,6,,5,,,b'\x11\xe8\xe1I\xd8`\x00\x0c\x98|\x12\xdf\x17\xaeN\x1e'
11E8E149-D860-000C-987C-12DF17AE4E1E,2019-ncaa-d2-natl,ncaa,85,59,182,72,221,115,102,201,26,119,205,33,99,148,27,125,184,219,74,214,184,206,235,27,26,31,149,110,242,256,247,113,82,178,124,158,241,39,60,88,224,214,102,112,,,90,117,,,77,219,191,256,63,57,182,95,194,83,134,177,207,203,197,247,267,45,148,155,40,218,93,,107,,,72,90,154,180,119,187,193,160,77,146,29,166,32,25,222,28,23,140,100,95,78,143,38,97,38,112,82,88,247,87,124,96,60,270,278,225,18,37,168,193,,,225,160,,,77,101,45,145,66,119,191,242,214,241,97,182,33,29,32,185,114,129,112,113,109,276,28,188,,210,,,b'\x11\xe8\xe1I\xd8`\x00\x0c\x98|\x12\xdf\x17\xaeN\x1e'
11E8E149-D860-000C-987C-12DF17AE4E1E,2020-ncaa-d2-conf-Mid-America Intercollegiate,ncaa,5,4,8,5,8,4,8,8,4,6,7,7,6,10,4,10,4,5,1,5,5,7,10,5,3,2,4,8,2,8,6,7,7,8,6,9,11,2,4,6,13,14,11,13,,,4,7,,,7,10,8,3,3,5,6,6,5,4,8,2,4,4,4,8,7,5,4,7,5,13,11,,7,,,7,8,12,8,9,11,13,6,5,3,7,2,4,4,12,4,1,8,5,6,6,9,3,4,4,6,7,3,6,6,6,6,5,10,11,10,2,3,10,12,,,5,4,,,7,4,4,9,7,10,11,13,12,13,7,2,6,4,4,10,8,10,5,8,9,11,3,10,,3,,,b'\x11\xe8\xe1I\xd8`\x00\x0c\x98|\x12\xdf\x17\xaeN\x1e'
11E8E149-D860-000C-987C-12DF17AE4E1E,2020-ncaa-d2-natl,ncaa,131,100,223,117,243,122,134,218,41,125,196,42,148,187,76,163,79,152,7,162,122,212,253,48,34,19,144,179,81,222,157,216,117,234,122,168,214,14,28,51,282,276,207,218,,,49,107,,,102,258,224,153,51,60,159,71,154,130,155,43,113,124,146,230,192,178,196,140,20,284,193,,81,,,101,148,195,115,254,227,175,226,109,49,263,72,63,47,265,47,37,91,52,241,227,268,42,106,63,67,117,45,157,45,122,131,77,282,268,256,19,36,183,219,,,188,62,,,102,57,20,258,100,213,249,191,262,241,147,72,88,62,62,155,78,95,75,73,165,282,25,209,,120,,,b'\x11\xe8\xe1I\xd8`\x00\x0c\x98|\x12\xdf\x17\xaeN\x1e'
11E8E149-D860-000C-987C-12DF17AE4E1E,2021-ncaa-d2-conf-Mid-America Intercollegiate,ncaa,5,5,7,5,7,5,5,7,4,7,11,4,3,5,2,4,6,7,1,7,6,8,8,5,2,1,3,3,7,9,7,9,7,8,7,6,9,2,4,3,11,11,12,13,,,4,4,,,5,8,8,5,2,3,4,6,8,2,3,5,7,7,4,9,7,8,10,4,3,11,12,,6,,,5,7,11,8,12,12,11,10,4,3,10,3,2,2,5,1,1,7,6,11,11,10,2,4,2,5,7,5,7,4,7,7,4,12,13,11,2,4,6,6,,,8,4,,,5,7,2,10,5,9,11,10,12,13,4,3,3,3,3,9,7,7,5,6,6,12,4,5,,6,,,b'\x11\xe8\xe1I\xd8`\x00\x0c\x98|\x12\xdf\x17\xaeN\x1e'
11E8E149-D860-000C-987C-12DF17AE4E1E,2021-ncaa-d2-natl,ncaa,35,112,30,65,36,33,37,40,47,45,63,50,30,38,43,76,29,47,11,49,95,42,63,39,30,14,75,71,102,61,112,51,91,53,94,44,145,102,21,27,108,182,77,157,,,147,71,,,50,57,193,91,55,73,112,97,135,55,76,62,121,125,119,182,134,145,148,101,11,194,133,,42,,,62,185,197,186,183,205,204,167,133,119,129,36,135,128,122,125,20,178,168,159,147,178,11,46,33,160,91,168,112,164,94,169,38,102,187,161,130,55,192,143,,,43,64,,,50,171,13,168,58,114,165,118,187,173,47,26,40,38,34,87,38,74,68,55,74,200,37,137,,127,,,b'\x11\xe8\xe1I\xd8`\x00\x0c\x98|\x12\xdf\x17\xaeN\x1e'
11E8E149-D860-000C-987C-12DF17AE4E1E,2022-ncaa-d2-conf-Mid-America Intercollegiate,ncaa,9,8,7,9,7,5,4,7,1,4,6,4,3,8,1,7,6,7,5,7,7,7,9,1,1,2,7,5,8,10,8,7,8,8,7,4,6,5,6,3,14,14,7,8,,,3,5,,,7,6,6,4,2,2,5,4,6,3,6,6,6,6,6,9,11,5,6,3,6,14,7,,6,,,7,9,11,10,9,13,13,8,2,2,5,2,11,8,13,8,2,9,7,8,8,10,2,2,9,9,8,4,8,6,7,3,1,13,14,10,6,7,7,6,,,7,5,,,7,8,2,9,7,9,10,13,13,14,2,3,12,10,10,12,8,10,4,7,7,13,6,7,,6,,,b'\x11\xe8\xe1I\xd8`\x00\x0c\x98|\x12\xdf\x17\xaeN\x1e'
11E8E149-D860-000C-987C-12DF17AE4E1E,2022-ncaa-d2-natl,ncaa,129,139,146,134,152,95,88,183,14,100,176,31,89,167,17,132,149,172,94,169,159,184,215,15,17,14,147,115,218,241,219,125,59,175,101,103,146,26,47,31,295,300,107,130,,,85,137,,,96,203,253,74,51,44,187,73,178,75,155,151,170,172,195,258,256,92,191,78,27,298,103,,87,,,96,173,190,157,212,236,224,197,52,58,94,43,174,134,270,129,88,153,93,166,185,259,33,35,168,68,59,83,219,68,101,43,11,288,298,250,47,72,109,132,,,188,118,,,96,101,17,255,92,192,213,188,251,251,56,55,183,150,143,184,54,70,80,59,49,298,46,109,,190,,,b'\x11\xe8\xe1I\xd8`\x00\x0c\x98|\x12\xdf\x17\xaeN\x1e'
11E8E149-D860-000C-987C-12DF17AE4E1E,2023-ncaa-d2-conf-Mid-America Intercollegiate,ncaa,4,5,2,5,2,1,1,2,2,2,2,2,3,5,4,7,1,1,1,1,2,2,1,1,1,1,7,8,5,4,2,1,3,1,3,6,12,7,6,6,9,12,6,8,,,2,1,,,5,1,2,8,1,1,3,2,5,4,5,1,3,3,3,2,4,1,1,6,7,9,7,,2,,,5,13,14,14,8,14,14,10,6,8,3,6,1,3,2,3,1,14,13,7,5,8,1,4,1,6,3,9,2,8,3,7,1,11,13,8,9,6,11,10,,,5,9,,,5,14,2,8,5,8,13,14,14,14,5,6,1,2,2,12,10,6,3,4,5,13,6,11,,6,,,b'\x11\xe8\xe1I\xd8`\x00\x0c\x98|\x12\xdf\x17\xaeN\x1e'
11E8E149-D860-000C-987C-12DF17AE4E1E,2023-ncaa-d2-natl,ncaa,53,46,68,51,93,31,37,59,25,44,84,23,55,61,63,98,44,91,11,92,134,59,73,27,21,16,125,123,155,84,100,30,19,43,17,61,186,53,27,36,245,272,43,77,,,43,20,,,48,83,120,165,12,19,51,35,122,57,70,45,113,116,54,123,106,11,32,63,35,269,56,,21,,,50,243,278,270,215,281,277,221,157,187,93,120,21,23,138,21,8,252,196,186,149,234,12,95,10,78,19,161,100,132,17,136,8,264,289,257,85,51,278,279,,,135,205,,,48,219,11,209,49,214,268,273,280,274,123,152,15,16,14,249,130,56,90,66,103,287,59,279,,189,,,b'\x11\xe8\xe1I\xd8`\x00\x0c\x98|\x12\xdf\x17\xaeN\x1e'
11E8E149-D860-000C-987C-12DF17AE4E1E,2024-ncaa-d2-conf-Mid-America Intercollegiate,ncaa,3,2,2,3,3,1,1,3,1,2,5,1,2,4,2,6,3,8,1,7,7,2,2,1,1,1,9,7,13,10,7,1,6,2,3,2,4,12,9,4,10,12,1,5,,,1,1,,,2,2,4,8,1,3,8,2,10,4,6,5,10,9,8,8,12,1,2,2,8,13,1,,1,,,3,12,14,14,2,14,14,3,6,10,3,3,1,1,2,1,1,14,14,2,2,5,1,4,1,14,6,4,7,7,3,2,1,11,13,7,4,4,9,7,,,8,12,,,2,13,2,6,3,6,11,14,13,14,6,8,1,1,1,13,12,9,2,4,2,14,4,8,,12,,,b'\x11\xe8\xe1I\xd8`\x00\x0c\x98|\x12\xdf\x17\xaeN\x1e'
11E8E149-D860-000C-987C-12DF17AE4E1E,2024-ncaa-d2-natl,ncaa,31,45,26,36,37,17,15,45,5,19,65,5,48,65,50,126,44,87,14,83,143,47,55,6,6,5,183,155,201,149,165,5,31,19,14,26,119,143,65,31,225,281,25,60,,,42,7,,,27,41,142,105,16,13,124,18,152,76,112,90,151,146,125,183,215,1,31,36,70,277,31,,7,,,26,248,267,291,62,274,293,45,191,232,84,103,111,119,93,116,19,287,260,50,36,132,41,133,47,210,31,174,165,205,14,35,2,255,294,153,69,30,247,211,,,111,213,,,27,260,8,125,25,140,191,273,217,284,124,152,48,56,55,256,147,127,50,62,9,294,31,215,,230,,,b'\x11\xe8\xe1I\xd8`\x00\x0c\x98|\x12\xdf\x17\xaeN\x1e'
11E8E149-D860-000C-987C-12DF17AE4E1E,2025-ncaa-d2-conf-Mid-America Intercollegiate,genius_ncaa,1,1,1,1,1,1,1,1,1,2,3,2,2,4,1,8,4,4,3,4,6,1,2,1,1,1,10,8,13,2,1,1,1,1,1,2,5,6,3,2,6,8,6,12,,,6,3,,7,1,3,7,11,1,1,4,2,5,2,8,5,5,5,4,7,3,1,1,3,2,8,9,,3,,6,1,7,12,13,2,14,14,2,4,4,3,3,1,1,10,1,1,13,11,2,2,2,2,3,1,4,1,4,1,4,1,3,1,7,10,4,3,1,13,11,,,5,6,,5,1,13,1,2,1,2,7,12,12,14,3,3,1,1,1,9,4,3,2,1,1,11,2,13,,7,,6,b'\x11\xe8\xe1I\xd8`\x00\x0c\x98|\x12\xdf\x17\xaeN\x1e'
11E8E149-D860-000C-987C-12DF17AE4E1E,2025-ncaa-d2-natl,genius_ncaa,4,7,6,6,7,4,4,9,1,4,14,3,21,42,9,168,18,20,81,21,125,10,12,2,2,1,205,150,217,66,123,1,7,7,12,10,126,113,9,7,145,235,51,163,,,232,41,,153,9,12,148,187,8,7,78,10,89,67,144,68,93,91,76,166,183,5,37,20,13,237,106,,48,,76,11,295,299,300,142,298,299,116,200,219,133,54,203,165,282,177,9,300,287,113,105,194,25,71,58,142,7,251,123,217,12,166,10,187,282,190,93,9,290,235,,,22,121,,129,9,290,2,152,11,149,203,251,241,281,82,69,66,45,47,206,96,35,46,30,36,282,15,257,,134,,202,b'\x11\xe8\xe1I\xd8`\x00\x0c\x98|\x12\xdf\x17\xaeN\x1e'
11E8E149-D860-000C-987C-12DF17AE4E1E,2026-ncaa-d2-conf-Mid-America Intercollegiate,genius_ncaa,1,1,3,1,7,8,12,6,13,5,4,11,14,14,14,14,1,1,3,1,2,3,3,14,11,11,11,14,1,1,1,3,5,2,1,14,14,6,4,14,13,14,5,5,,,10,12,,8,3,8,6,5,6,12,5,3,2,14,14,1,1,1,1,1,1,1,1,14,7,13,4,,11,,8,3,2,2,4,2,6,10,2,1,1,1,2,12,12,5,12,10,8,5,1,1,2,3,1,14,8,5,3,1,5,1,1,1,13,12,2,10,10,12,12,,,2,2,,7,3,5,6,2,4,2,2,4,6,11,1,1,13,13,13,9,5,8,3,5,1,12,12,14,,1,,7,b'\x11\xe8\xe1I\xd8`\x00\x0c\x98|\x12\xdf\x17\xaeN\x1e'
11E8E149-D860-000C-987C-12DF17AE4E1E,2026-ncaa-d2-natl,genius_ncaa,30,13,141,24,141,133,199,190,197,172,162,175,220,199,218,223,12,16,70,11,5,152,170,207,128,101,80,246,4,81,41,103,92,93,34,248,268,78,69,209,284,292,51,93,,,82,83,,183,110,186,231,6,95,205,189,154,139,225,201,2,3,3,73,115,54,30,16,259,85,294,44,,76,,202,108,122,149,168,104,204,251,57,34,24,139,6,118,111,159,109,34,157,113,58,52,149,18,23,144,129,92,97,41,103,34,28,5,276,289,141,68,69,216,245,,,37,5,,188,110,111,77,147,105,136,185,254,255,292,28,11,135,129,127,249,128,156,66,102,12,289,83,244,,4,,194,b'\x11\xe8\xe1I\xd8`\x00\x0c\x98|\x12\xdf\x17\xaeN\x1e'
11E8E149-D864-83E8-987C-12DF17AE4E1E,2018-ncaa-d2-conf-PacWest,ncaa,3,5,1,5,1,4,4,3,7,2,2,4,9,7,12,8,1,4,1,4,10,3,1,9,7,7,10,11,5,7,12,2,11,2,10,7,12,9,5,7,6,12,1,1,,,12,5,,,4,1,5,6,5,5,6,5,5,9,8,3,8,8,8,7,11,2,5,9,5,11,1,,9,,,5,12,11,14,2,12,14,1,6,12,4,2,13,13,7,13,7,14,14,2,2,4,7,3,12,14,11,14,12,14,10,6,2,5,12,3,12,9,2,2,,,1,5,,,4,14,7,4,5,6,5,12,5,13,4,4,10,10,10,13,13,14,9,13,2,9,10,2,,4,,,b'\x11\xe8\xe1I\xd8d\x83\xe8\x98|\x12\xdf\x17\xaeN\x1e'
11E8E149-D864-83E8-987C-12DF17AE4E1E,2018-ncaa-d2-natl,ncaa,67,87,41,81,52,26,37,21,103,34,32,83,88,61,177,159,26,53,50,53,156,22,24,116,104,78,185,190,118,141,251,7,119,19,155,56,180,155,46,63,153,251,2,5,,,244,73,,,68,16,25,182,32,36,28,38,58,118,99,46,74,78,24,47,192,3,14,74,83,208,2,,180,,,69,273,255,300,6,235,299,7,238,269,90,113,276,279,106,278,142,303,299,13,17,66,208,158,229,297,119,303,251,305,155,140,31,143,275,141,249,141,44,12,,,23,110,,,68,295,100,90,76,197,170,295,148,294,185,225,243,247,247,297,288,278,279,281,67,217,191,22,,54,,,b'\x11\xe8\xe1I\xd8d\x83\xe8\x98|\x12\xdf\x17\xaeN\x1e'
11E8E149-D864-83E8-987C-12DF17AE4E1E,2019-ncaa-d2-conf-PacWest,ncaa,3,4,2,4,2,5,5,4,6,5,6,9,5,6,4,8,2,4,1,4,7,4,4,5,4,5,2,9,2,4,3,1,3,2,2,7,10,9,6,8,8,11,2,2,,,10,8,,,4,4,7,3,5,5,7,8,6,6,7,2,6,6,6,5,4,1,2,9,7,11,2,,7,,,4,5,6,12,2,5,10,1,8,7,4,3,7,7,1,7,7,12,8,2,1,3,9,8,8,5,3,6,3,6,2,1,3,9,11,5,7,5,7,6,,,3,5,,,4,9,5,3,4,4,3,8,3,8,6,5,6,7,7,8,6,4,4,5,2,9,6,5,,5,,,b'\x11\xe8\xe1I\xd8d\x83\xe8\x98|\x12\xdf\x17\xaeN\x1e'
11E8E149-D864-83E8-987C-12DF17AE4E1E,2019-ncaa-d2-natl,ncaa,73,95,46,88,50,81,122,59,244,146,80,264,87,81,134,135,32,66,24,64,109,51,49,225,195,179,63,116,35,55,88,16,81,18,56,183,261,240,149,221,176,236,9,11,,,237,166,,,94,53,128,71,136,190,89,212,138,109,106,44,94,96,76,84,73,10,16,244,177,228,8,,179,,,96,177,150,273,20,132,265,11,215,233,110,141,225,246,44,247,166,280,258,21,20,49,229,210,208,244,81,259,88,263,56,57,30,172,248,94,268,190,223,170,,,75,172,,,94,253,159,65,104,84,70,225,67,224,162,181,163,201,201,232,184,185,194,199,30,239,219,193,,129,,,b'\x11\xe8\xe1I\xd8d\x83\xe8\x98|\x12\xdf\x17\xaeN\x1e'
11E8E149-D864-83E8-987C-12DF17AE4E1E,2020-ncaa-d2-conf-PacWest,ncaa,5,4,5,5,6,4,5,5,7,6,3,7,5,6,3,6,2,2,5,2,2,4,3,6,6,4,4,4,4,1,1,3,1,2,2,4,4,8,4,4,7,7,4,2,,,9,9,,,5,6,5,4,3,5,4,6,5,5,5,2,2,2,3,2,1,2,1,4,8,8,4,,8,,,5,8,6,6,7,4,5,5,12,12,7,12,6,9,1,9,10,7,6,7,7,7,11,12,6,3,1,4,1,4,2,9,9,9,10,9,8,4,11,10,,,3,6,,,5,8,4,7,5,7,5,7,3,5,11,12,6,8,8,8,7,3,5,3,7,8,8,11,,4,,,b'\x11\xe8\xe1I\xd8d\x83\xe8\x98|\x12\xdf\x17\xaeN\x1e'
11E8E149-D864-83E8-987C-12DF17AE4E1E,2020-ncaa-d2-natl,ncaa,95,100,102,99,130,50,83,52,157,106,76,183,75,81,88,154,14,27,71,28,49,47,59,155,127,97,67,129,41,25,32,20,28,14,17,67,88,129,56,73,180,214,111,113,,,229,191,,,76,77,50,155,30,70,37,113,72,74,79,13,25,24,25,34,23,8,7,53,108,197,114,,224,,,77,213,169,246,60,106,162,54,287,294,181,265,220,238,50,235,223,260,219,91,82,147,291,283,178,107,28,177,32,152,17,218,235,201,248,228,157,95,228,185,,,103,200,,,76,241,60,121,73,188,145,251,86,141,279,287,204,226,226,260,218,97,155,126,205,224,148,224,,92,,,b'\x11\xe8\xe1I\xd8d\x83\xe8\x98|\x12\xdf\x17\xaeN\x1e'
11E8E149-D864-83E8-987C-12DF17AE4E1E,2021-ncaa-d2-conf-PacWest,ncaa,3,5,3,4,4,3,3,2,5,2,2,5,2,2,5,4,2,1,5,1,2,2,2,5,5,2,4,3,4,1,1,3,5,3,3,4,6,6,3,2,3,5,7,9,,,10,8,,,4,2,3,2,1,1,2,4,4,2,2,1,2,2,2,2,1,6,3,3,4,4,9,,9,,,4,9,8,8,10,7,6,10,7,7,9,6,10,10,8,10,9,9,9,10,10,9,7,6,9,6,5,8,1,8,3,7,8,2,3,8,6,5,10,10,,,2,4,,,4,9,2,9,4,10,8,6,5,4,8,6,10,10,10,8,9,5,7,7,8,2,5,10,,2,,,b'\x11\xe8\xe1I\xd8d\x83\xe8\x98|\x12\xdf\x17\xaeN\x1e'
11E8E149-D864-83E8-987C-12DF17AE4E1E,2021-ncaa-d2-natl,ncaa,97,49,165,67,168,125,129,132,109,140,148,85,76,86,87,45,100,106,108,106,25,132,141,82,76,39,28,47,70,66,30,151,93,134,59,127,116,40,19,32,149,144,184,189,,,101,182,,,95,153,26,61,8,21,9,70,70,9,8,7,10,10,8,12,12,66,14,44,43,111,190,,211,,,91,99,92,75,172,80,67,179,117,100,183,166,129,113,181,107,199,77,76,185,202,201,185,153,176,58,93,72,30,70,59,99,145,149,135,166,58,48,186,222,,,135,78,,,95,77,20,197,76,214,194,182,167,122,206,204,218,207,204,194,196,113,181,169,195,86,114,220,,11,,,b'\x11\xe8\xe1I\xd8d\x83\xe8\x98|\x12\xdf\x17\xaeN\x1e'
11E8E149-D864-83E8-987C-12DF17AE4E1E,2022-ncaa-d2-conf-PacWest,ncaa,7,7,1,7,3,6,6,5,5,3,4,3,9,7,9,8,2,3,8,3,3,4,3,5,6,8,9,10,6,3,3,1,2,1,1,2,2,11,10,7,7,9,3,3,,,11,10,,,7,2,4,11,7,6,8,3,6,9,8,5,4,4,6,4,3,1,2,3,10,9,3,,8,,,7,9,8,9,2,5,9,2,8,8,7,6,9,8,8,9,8,9,9,3,3,6,8,7,7,3,2,5,3,2,1,6,6,6,8,8,11,10,11,9,,,2,4,,,7,10,8,7,7,5,4,5,3,4,6,6,6,6,6,5,4,2,2,2,5,9,10,11,,3,,,b'\x11\xe8\xe1I\xd8d\x83\xe8\x98|\x12\xdf\x17\xaeN\x1e'
11E8E149-D864-83E8-987C-12DF17AE4E1E,2022-ncaa-d2-natl,ncaa,116,161,64,134,105,95,90,110,88,67,87,69,186,170,213,209,88,52,252,52,80,89,71,114,130,168,236,236,124,57,55,35,19,34,6,57,50,275,229,153,177,213,66,77,,,218,180,,,105,81,96,294,130,119,169,78,130,219,204,113,72,76,139,102,86,11,25,52,242,212,67,,167,,,109,177,169,228,56,164,234,37,181,183,164,117,189,210,66,213,153,234,206,59,51,116,186,173,181,79,19,125,55,103,6,112,69,186,236,159,285,258,274,245,,,55,99,,,105,223,157,80,105,108,99,192,91,192,138,129,152,171,175,197,138,49,53,39,73,231,257,263,,69,,,b'\x11\xe8\xe1I\xd8d\x83\xe8\x98|\x12\xdf\x17\xaeN\x1e'
11E8E149-D864-83E8-987C-12DF17AE4E1E,2023-ncaa-d2-conf-PacWest,ncaa,4,4,1,4,1,5,4,3,4,3,4,2,6,5,7,6,7,4,11,5,6,3,2,5,6,7,9,7,10,3,3,3,4,3,4,2,2,9,8,6,3,5,3,3,,,11,9,,,8,3,7,3,7,4,6,3,8,8,6,9,6,6,6,7,4,6,5,2,8,5,3,,10,,,8,7,6,6,6,6,7,4,5,5,7,5,11,11,9,11,10,9,8,5,6,7,10,6,9,7,4,7,3,7,4,6,6,2,4,4,8,5,7,7,,,2,5,,,8,10,7,6,8,7,2,4,4,4,5,4,8,9,9,5,6,5,3,3,4,4,5,7,,4,,,b'\x11\xe8\xe1I\xd8d\x83\xe8\x98|\x12\xdf\x17\xaeN\x1e'
11E8E149-D864-83E8-987C-12DF17AE4E1E,2023-ncaa-d2-natl,ncaa,102,139,47,118,48,100,80,73,111,62,77,77,147,103,232,147,179,77,295,82,130,66,48,128,187,196,239,191,227,64,133,47,63,47,91,46,43,271,208,131,120,175,63,82,,,256,199,,,179,50,133,19,175,127,144,93,146,185,136,234,119,125,135,103,101,67,61,48,215,170,80,,198,,,171,232,214,237,124,215,252,92,187,164,212,97,252,263,113,265,191,252,241,119,128,152,173,135,208,154,63,238,133,223,91,174,114,115,177,142,260,211,181,142,,,63,118,,,179,248,195,125,166,151,135,159,146,187,137,102,202,212,214,185,164,98,170,131,117,174,219,143,,106,,,b'\x11\xe8\xe1I\xd8d\x83\xe8\x98|\x12\xdf\x17\xaeN\x1e'
11E8E149-D864-83E8-987C-12DF17AE4E1E,2024-ncaa-d2-conf-PacWest,ncaa,3,3,1,3,1,2,2,2,1,2,2,1,9,9,11,11,5,4,8,4,6,3,3,3,3,2,11,11,7,4,4,3,1,2,2,2,2,5,4,2,6,6,4,5,,,6,5,,,2,3,8,1,2,2,4,2,2,11,10,5,5,5,5,6,4,5,3,2,4,6,4,,5,,,2,7,8,8,6,8,7,5,5,5,5,6,5,6,10,5,4,7,7,6,6,6,4,5,5,3,1,2,4,3,2,6,5,5,7,6,6,6,11,10,,,4,6,,,2,9,2,5,2,5,5,4,6,5,4,4,5,5,5,2,4,3,1,1,5,6,5,11,,6,,,b'\x11\xe8\xe1I\xd8d\x83\xe8\x98|\x12\xdf\x17\xaeN\x1e'
11E8E149-D864-83E8-987C-12DF17AE4E1E,2024-ncaa-d2-natl,ncaa,98,131,50,118,56,74,57,80,36,41,68,34,133,132,136,193,131,103,236,101,178,78,73,60,80,92,243,204,223,64,45,90,133,65,59,42,72,210,144,84,129,159,100,117,,,225,184,,,95,75,206,106,95,66,157,54,117,173,195,181,146,145,154,150,87,157,118,52,144,168,123,,145,,,97,217,222,216,156,202,193,165,197,218,140,179,172,169,142,169,128,214,216,156,154,147,147,172,120,198,133,114,45,149,59,148,76,118,149,118,256,204,247,215,,,79,110,,,95,215,73,161,98,119,143,123,128,104,154,160,106,109,107,112,104,133,28,50,87,169,198,230,,128,,,b'\x11\xe8\xe1I\xd8d\x83\xe8\x98|\x12\xdf\x17\xaeN\x1e'
11E8E149-D864-83E8-987C-12DF17AE4E1E,2025-ncaa-d2-conf-PacWest,genius_ncaa,1,1,2,1,2,4,2,8,1,1,5,1,9,11,3,11,5,7,2,7,9,6,6,2,1,2,13,11,7,6,4,4,7,4,3,1,1,7,7,1,10,10,1,1,,,2,1,,4,2,8,13,5,5,3,13,2,7,9,13,6,8,8,13,13,7,8,9,1,6,11,1,,1,,4,3,2,6,11,4,5,11,1,8,7,12,7,2,3,8,2,1,6,8,4,1,4,7,10,3,8,7,2,4,3,3,7,6,7,8,4,7,8,12,8,,,7,7,,6,2,7,2,4,2,2,2,3,2,6,5,4,2,2,2,3,3,5,1,2,4,10,6,10,,10,,7,b'\x11\xe8\xe1I\xd8d\x83\xe8\x98|\x12\xdf\x17\xaeN\x1e'
11E8E149-D864-83E8-987C-12DF17AE4E1E,2025-ncaa-d2-natl,genius_ncaa,19,23,25,20,36,54,53,106,30,53,76,61,109,167,16,221,61,91,42,89,133,103,96,33,29,48,173,183,132,117,85,52,109,61,47,41,38,198,168,60,213,252,25,36,,,116,43,,164,49,89,263,207,111,111,269,90,171,158,245,104,153,152,257,265,177,115,151,53,111,262,38,,28,,115,57,166,180,242,55,149,241,37,213,215,170,175,91,80,196,79,29,228,219,65,55,80,153,218,70,211,109,84,85,122,47,116,73,132,184,121,221,195,279,257,,,69,72,,41,49,221,48,84,49,47,62,104,56,124,149,134,31,26,24,63,39,125,5,29,46,218,152,255,,144,,69,b'\x11\xe8\xe1I\xd8d\x83\xe8\x98|\x12\xdf\x17\xaeN\x1e'
11E8E149-D864-83E8-987C-12DF17AE4E1E,2026-ncaa-d2-conf-PacWest,genius_ncaa,1,1,1,1,3,1,1,1,3,1,2,2,1,2,7,2,7,8,9,7,8,2,2,2,3,2,7,5,9,2,5,2,5,2,4,1,1,10,3,3,3,7,3,5,,,10,6,,4,2,3,6,12,3,3,4,4,11,4,3,10,10,9,8,7,8,5,7,1,3,7,7,,5,,3,3,10,7,10,1,7,10,2,9,10,4,6,12,12,10,12,10,10,10,1,1,3,11,7,10,10,5,9,5,10,4,7,7,2,6,4,7,2,9,5,,,1,6,,1,2,10,3,4,3,4,2,6,1,4,6,8,10,10,10,7,6,5,2,2,3,7,2,4,,7,,2,b'\x11\xe8\xe1I\xd8d\x83\xe8\x98|\x12\xdf\x17\xaeN\x1e'
11E8E149-D864-83E8-987C-12DF17AE4E1E,2026-ncaa-d2-natl,genius_ncaa,9,53,13,51,55,29,17,49,14,37,98,13,11,25,36,56,183,169,209,166,215,62,48,7,16,42,143,45,288,105,116,37,116,61,65,8,48,251,187,53,70,136,27,48,,,228,117,,140,27,43,189,286,76,43,176,101,238,29,74,272,266,261,222,214,205,139,188,20,153,152,59,,93,,100,42,209,189,263,33,168,231,38,220,260,93,208,208,175,273,178,105,257,253,39,44,69,215,198,175,223,116,144,116,169,65,163,99,69,156,97,240,182,244,243,,,39,73,,13,27,252,46,73,39,63,61,138,54,106,164,191,111,69,72,118,101,117,12,25,62,167,161,203,,120,,38,b'\x11\xe8\xe1I\xd8d\x83\xe8\x98|\x12\xdf\x17\xaeN\x1e'
11E8E149-D868-F522-987C-12DF17AE4E1E,2018-ncaa-d2-conf-CACC,ncaa,9,8,9,9,12,10,10,8,11,9,8,12,10,9,11,10,3,4,8,4,5,7,6,11,11,11,7,9,3,4,3,10,3,4,3,11,11,12,10,11,10,10,11,11,,,9,11,,,10,8,4,6,8,8,7,8,5,9,9,3,3,3,6,2,2,8,3,11,12,8,9,,11,,,10,9,9,6,11,11,9,11,5,1,13,1,8,7,9,8,7,5,4,11,11,11,3,1,7,2,3,6,3,2,3,8,5,9,7,8,9,9,10,11,,,2,2,,,10,7,10,10,9,10,11,9,12,12,6,2,10,9,10,10,9,4,8,5,10,7,11,11,,2,,,"b'\x11\xe8\xe1I\xd8h\xf5""\x98|\x12\xdf\x17\xaeN\x1e'"
11E8E149-D868-F522-987C-12DF17AE4E1E,2018-ncaa-d2-natl,ncaa,225,206,250,224,259,227,235,178,273,202,144,270,247,217,277,217,163,151,206,150,160,173,161,280,275,271,198,231,65,39,21,239,179,142,85,255,229,227,240,268,222,204,234,257,,,142,193,,,244,216,67,131,192,197,53,151,46,231,185,99,75,76,48,25,9,171,32,230,281,175,224,,227,,,248,146,193,107,259,240,217,208,51,15,284,15,109,97,195,96,71,93,99,224,229,212,23,41,109,101,179,97,21,96,85,162,114,170,133,164,223,235,203,194,,,134,116,,,244,109,238,212,242,249,274,239,290,292,107,25,186,171,168,233,234,176,205,193,227,97,272,248,,34,,,"b'\x11\xe8\xe1I\xd8h\xf5""\x98|\x12\xdf\x17\xaeN\x1e'"
11E8E149-D868-F522-987C-12DF17AE4E1E,2019-ncaa-d2-conf-CACC,ncaa,6,6,5,6,8,9,10,6,12,11,11,10,8,4,12,5,3,3,4,3,2,5,5,11,11,10,3,7,1,1,1,10,4,2,1,14,14,8,6,13,11,9,10,11,,,6,8,,,6,12,11,13,10,11,3,11,11,7,3,3,3,3,2,3,1,12,2,14,7,11,10,,4,,,6,4,7,4,8,10,7,7,2,1,9,3,10,5,13,6,7,3,2,8,8,9,3,2,9,2,4,1,1,1,1,3,2,11,8,5,4,3,10,11,,,2,3,,,6,3,5,9,6,3,6,2,8,8,2,2,9,6,6,3,3,2,1,1,3,11,4,11,,3,,,"b'\x11\xe8\xe1I\xd8h\xf5""\x98|\x12\xdf\x17\xaeN\x1e'"
11E8E149-D868-F522-987C-12DF17AE4E1E,2019-ncaa-d2-natl,ncaa,132,123,182,132,227,184,206,160,247,215,203,200,141,91,255,93,110,122,134,119,74,150,157,236,224,211,91,130,72,9,1,249,194,95,15,268,292,187,178,271,181,159,203,214,,,121,193,,,149,242,250,300,169,209,102,205,191,129,72,85,96,92,84,83,5,256,39,282,204,181,208,,140,,,150,105,140,81,232,184,164,197,60,35,229,43,88,95,147,90,100,75,74,211,203,217,49,63,118,116,194,18,1,27,15,89,59,210,181,149,112,102,157,181,,,124,124,,,149,68,108,214,149,138,170,102,212,201,73,36,113,112,114,93,66,137,14,41,102,205,129,171,,87,,,"b'\x11\xe8\xe1I\xd8h\xf5""\x98|\x12\xdf\x17\xaeN\x1e'"
11E8E149-D868-F522-987C-12DF17AE4E1E,2020-ncaa-d2-conf-CACC,ncaa,2,2,4,2,5,3,4,3,6,5,9,5,2,2,3,3,3,5,6,5,3,4,5,2,3,3,3,3,6,1,1,1,1,1,1,9,14,7,5,9,12,12,1,2,,,1,1,,,2,10,10,2,1,5,5,6,9,2,2,4,5,5,5,7,1,1,1,11,5,12,1,,2,,,2,2,2,13,2,8,14,1,2,1,3,1,1,1,4,1,1,11,3,1,1,2,1,2,3,3,1,1,1,1,1,4,4,12,12,6,4,4,1,1,,,6,8,,,2,7,2,2,2,2,2,13,9,14,2,2,1,1,1,9,5,3,1,2,3,12,3,2,,6,,,"b'\x11\xe8\xe1I\xd8h\xf5""\x98|\x12\xdf\x17\xaeN\x1e'"
11E8E149-D868-F522-987C-12DF17AE4E1E,2020-ncaa-d2-natl,ncaa,47,22,223,36,232,126,112,159,83,162,206,81,63,87,55,67,198,199,179,197,161,163,182,57,71,79,93,64,251,22,1,52,44,22,1,192,268,111,116,152,267,263,25,36,,,20,11,,,27,251,212,79,52,46,58,112,162,40,46,170,167,167,69,85,9,7,3,167,146,267,16,,12,,,24,23,59,170,26,121,267,16,22,19,53,18,9,10,127,10,1,107,72,17,9,34,7,46,20,99,44,13,1,19,1,67,111,261,249,171,39,45,10,13,,,238,250,,,27,74,24,33,20,35,101,253,157,302,19,24,8,10,8,185,123,140,17,35,85,254,57,8,,197,,,"b'\x11\xe8\xe1I\xd8h\xf5""\x98|\x12\xdf\x17\xaeN\x1e'"
11E8E149-D868-F522-987C-12DF17AE4E1E,2022-ncaa-d2-conf-CACC,ncaa,4,3,6,4,11,6,7,4,8,12,12,6,1,1,8,1,7,8,6,8,5,5,8,6,6,6,1,1,8,1,1,11,7,7,3,10,12,3,4,8,4,1,3,2,,,6,9,,,4,10,10,11,2,4,1,11,11,1,1,6,7,7,1,5,1,11,6,11,5,3,3,,7,,,4,1,1,1,8,2,3,5,5,2,11,3,5,3,13,2,5,1,1,7,8,5,7,6,6,3,7,2,1,1,3,5,7,6,4,3,1,1,4,10,,,6,6,,,4,2,3,5,4,4,3,2,5,4,5,3,7,5,4,2,3,5,5,4,5,4,1,5,,4,,,"b'\x11\xe8\xe1I\xd8h\xf5""\x98|\x12\xdf\x17\xaeN\x1e'"
11E8E149-D868-F522-987C-12DF17AE4E1E,2022-ncaa-d2-natl,ncaa,68,48,146,59,194,116,119,69,210,188,215,119,28,7,214,5,223,197,237,198,172,83,97,164,189,160,34,11,269,13,6,191,220,69,63,190,261,119,77,176,62,41,70,67,,,117,134,,,65,169,162,291,77,83,18,207,235,14,4,239,214,214,35,42,5,214,30,213,120,53,52,,127,,,59,79,125,117,133,160,204,81,59,38,241,34,64,58,194,56,34,101,134,116,108,64,44,85,76,199,220,143,6,155,63,119,144,81,56,78,14,3,76,122,,,161,244,,,65,126,76,87,66,71,120,111,167,224,65,24,58,56,52,75,142,192,152,173,120,66,9,78,,163,,,"b'\x11\xe8\xe1I\xd8h\xf5""\x98|\x12\xdf\x17\xaeN\x1e'"
11E8E149-D868-F522-987C-12DF17AE4E1E,2023-ncaa-d2-conf-CACC,ncaa,3,2,2,3,2,3,3,2,7,9,9,4,1,1,5,1,2,2,7,2,1,2,2,4,4,4,1,1,5,2,3,2,1,1,2,7,13,10,5,8,4,7,1,4,,,11,9,,,2,3,7,13,4,5,5,11,13,1,1,4,4,3,4,5,3,3,2,11,5,8,2,,7,,,2,9,10,11,5,12,12,4,1,1,6,1,12,11,9,11,3,11,10,2,2,4,1,1,12,4,1,10,3,6,2,6,5,4,6,6,5,3,1,2,,,4,9,,,2,11,2,3,2,4,4,4,8,13,1,1,9,8,8,3,4,2,2,2,5,9,4,1,,5,,,"b'\x11\xe8\xe1I\xd8h\xf5""\x98|\x12\xdf\x17\xaeN\x1e'"
11E8E149-D868-F522-987C-12DF17AE4E1E,2023-ncaa-d2-natl,ncaa,53,67,30,63,46,70,86,26,250,165,133,194,17,6,186,18,94,86,170,82,80,30,30,195,202,174,14,22,162,7,7,36,131,11,18,125,201,217,113,173,101,160,20,72,,,160,63,,,59,55,207,289,137,182,57,259,249,27,13,158,159,156,74,82,11,79,12,204,132,168,33,,59,,,61,159,207,263,54,277,293,30,16,17,41,3,150,152,130,154,18,262,251,21,15,39,5,3,142,242,131,211,7,231,18,249,241,129,194,201,210,104,145,133,,,116,263,,,59,244,104,45,57,35,95,179,229,289,1,3,78,76,79,142,112,160,79,107,178,201,130,74,,233,,,"b'\x11\xe8\xe1I\xd8h\xf5""\x98|\x12\xdf\x17\xaeN\x1e'"
11E8E149-D868-F522-987C-12DF17AE4E1E,2024-ncaa-d2-conf-CACC,ncaa,3,2,5,3,6,2,3,4,4,8,9,6,1,1,1,4,5,6,4,6,3,4,6,2,2,2,3,3,7,5,7,7,3,5,6,4,4,4,3,4,8,7,10,10,,,9,9,,,4,9,7,2,1,2,2,8,9,1,1,3,4,4,1,3,5,6,3,3,4,7,10,,9,,,4,7,7,3,10,8,5,9,3,3,9,5,8,7,12,7,9,3,4,10,10,9,7,3,10,3,3,6,7,5,6,1,2,4,4,3,6,5,4,5,,,4,4,,,4,6,2,7,4,7,7,6,7,7,5,5,8,7,7,6,5,3,8,7,5,4,6,4,,2,,,"b'\x11\xe8\xe1I\xd8h\xf5""\x98|\x12\xdf\x17\xaeN\x1e'"
11E8E149-D868-F522-987C-12DF17AE4E1E,2024-ncaa-d2-natl,ncaa,115,74,207,95,225,129,138,116,165,196,177,204,41,69,36,66,177,180,161,189,183,126,146,124,137,110,44,24,215,82,88,154,102,128,105,95,65,86,87,77,174,164,181,193,,,175,213,,,116,177,62,123,56,64,20,163,114,13,29,143,140,144,28,45,53,84,44,50,139,139,170,,228,,,113,124,138,105,183,176,147,193,76,87,103,94,150,172,62,172,171,114,116,161,163,149,80,79,159,96,102,151,88,115,105,154,175,150,137,158,109,120,103,117,,,191,207,,,116,128,93,138,107,207,211,205,245,223,106,123,182,197,197,220,217,129,235,195,199,112,153,133,,132,,,"b'\x11\xe8\xe1I\xd8h\xf5""\x98|\x12\xdf\x17\xaeN\x1e'"
11E8E149-D868-F522-987C-12DF17AE4E1E,2025-ncaa-d2-conf-CACC,genius_ncaa,6,5,5,6,5,7,7,6,9,7,6,7,9,5,11,6,4,3,6,3,3,6,5,10,9,10,8,8,3,3,2,8,8,6,5,7,7,11,9,9,1,1,12,12,,,7,7,,6,5,5,2,6,8,8,4,5,4,8,6,4,3,3,3,1,1,11,5,7,9,1,12,,8,,7,5,3,5,4,10,9,6,9,2,3,5,4,3,3,4,3,3,3,7,9,8,3,1,4,3,2,8,5,2,4,5,4,5,1,1,1,9,7,5,5,,,2,3,,1,5,8,8,3,5,5,8,2,9,6,3,3,2,3,4,3,7,3,7,4,6,1,9,5,,1,,1,"b'\x11\xe8\xe1I\xd8h\xf5""\x98|\x12\xdf\x17\xaeN\x1e'"
11E8E149-D868-F522-987C-12DF17AE4E1E,2025-ncaa-d2-natl,genius_ncaa,187,222,109,201,117,165,153,85,255,126,76,233,199,137,283,177,136,103,235,107,170,85,45,262,261,272,216,219,122,28,45,204,216,111,158,101,68,291,262,214,38,55,273,284,,,261,232,,85,204,67,48,39,200,188,59,135,72,217,145,145,105,111,61,19,24,256,110,104,281,44,281,,249,,84,198,194,216,143,262,263,202,255,69,59,137,50,180,199,53,198,164,152,232,234,222,91,31,48,149,180,216,203,45,200,158,246,229,15,12,61,252,198,184,133,,,36,64,,6,204,235,244,85,198,165,199,96,246,196,59,41,155,179,179,107,255,167,200,183,234,12,241,183,,22,,7,"b'\x11\xe8\xe1I\xd8h\xf5""\x98|\x12\xdf\x17\xaeN\x1e'"
11E8E149-D868-F522-987C-12DF17AE4E1E,2026-ncaa-d2-conf-CACC,genius_ncaa,10,6,11,10,11,11,11,11,11,11,11,11,11,11,10,8,8,8,9,8,1,11,11,11,10,10,1,8,1,11,9,11,8,11,10,11,11,1,9,11,9,4,11,11,,,1,1,,4,10,11,10,2,11,11,11,11,10,11,9,2,2,2,10,10,8,11,11,11,8,5,11,,1,,6,11,1,3,1,11,1,1,10,8,1,11,9,1,1,2,1,1,1,1,11,11,10,8,11,1,1,8,2,9,1,10,6,11,9,4,9,3,9,1,6,,,9,2,,7,10,1,10,11,11,9,11,6,7,5,11,8,1,1,1,3,4,6,9,6,11,5,9,4,,3,,6,"b'\x11\xe8\xe1I\xd8h\xf5""\x98|\x12\xdf\x17\xaeN\x1e'"
11E8E149-D868-F522-987C-12DF17AE4E1E,2026-ncaa-d2-natl,genius_ncaa,246,144,268,246,268,281,288,289,269,286,283,260,272,272,253,209,203,186,210,183,13,281,278,272,255,256,105,228,10,266,206,281,270,283,260,290,283,39,227,283,207,89,293,291,,,15,25,,60,260,277,171,18,264,283,270,260,195,248,225,45,26,22,195,149,162,173,180,291,219,71,284,,60,,151,273,45,75,40,236,61,32,233,150,101,235,246,5,7,39,5,12,32,30,254,213,219,125,259,5,111,270,38,206,60,260,166,288,259,161,273,93,266,38,128,,,242,31,,188,260,24,263,259,267,260,281,279,251,217,277,277,12,20,15,256,248,278,252,279,292,123,259,117,,37,,124,"b'\x11\xe8\xe1I\xd8h\xf5""\x98|\x12\xdf\x17\xaeN\x1e'"
11E8E149-D86D-BE40-987C-12DF17AE4E1E,2018-ncaa-d2-conf-GLIAC,ncaa,11,11,9,11,9,12,12,9,12,12,8,12,8,7,10,6,7,4,11,4,4,8,4,12,12,12,3,6,2,4,4,10,12,5,9,12,9,10,11,12,8,8,8,8,,,2,1,,,12,7,3,2,12,12,7,12,6,8,6,6,2,2,5,3,2,6,3,12,12,8,8,,4,,,12,10,12,10,10,10,5,11,12,12,8,12,1,1,8,1,1,9,8,10,9,9,8,11,1,12,12,10,4,12,9,12,10,9,9,11,12,12,12,12,,,6,7,,,12,6,12,10,12,12,12,12,11,10,12,12,2,2,2,12,11,12,11,12,12,7,12,12,,5,,,b'\x11\xe8\xe1I\xd8m\xbe@\x98|\x12\xdf\x17\xaeN\x1e'
11E8E149-D86D-BE40-987C-12DF17AE4E1E,2018-ncaa-d2-natl,ncaa,279,272,250,281,252,283,294,248,295,296,252,301,188,178,204,119,205,169,253,168,54,241,203,290,287,294,32,91,49,151,146,231,231,202,209,291,252,269,295,300,237,238,174,166,,,19,18,,,299,228,98,56,274,294,200,292,216,158,125,150,101,94,185,86,88,155,107,293,299,213,147,,44,,,299,209,255,196,255,211,105,281,267,270,204,297,15,11,278,13,17,135,100,272,250,278,141,281,6,182,231,144,146,164,209,285,275,257,262,300,309,308,306,308,,,229,193,,,299,84,291,282,299,281,297,292,283,214,297,303,32,18,23,273,235,245,252,263,301,225,308,309,,152,,,b'\x11\xe8\xe1I\xd8m\xbe@\x98|\x12\xdf\x17\xaeN\x1e'
11E8E149-D86D-BE40-987C-12DF17AE4E1E,2019-ncaa-d2-conf-GLIAC,ncaa,12,12,9,12,12,11,11,8,12,11,8,12,8,6,6,5,10,7,12,7,6,9,4,12,12,12,3,3,7,4,7,10,12,7,10,11,10,12,12,12,8,8,8,8,,,7,5,,,12,6,1,12,11,11,5,11,6,6,5,10,6,6,4,2,3,9,6,11,12,7,8,,9,,,12,11,11,11,8,9,6,11,10,11,1,10,9,10,6,10,10,11,10,8,8,8,5,7,8,12,12,11,7,12,10,11,10,8,9,9,12,12,11,11,,,8,9,,,12,8,12,10,11,12,12,12,10,8,11,11,11,11,11,12,12,12,11,12,11,6,12,12,,5,,,b'\x11\xe8\xe1I\xd8m\xbe@\x98|\x12\xdf\x17\xaeN\x1e'
11E8E149-D86D-BE40-987C-12DF17AE4E1E,2019-ncaa-d2-natl,ncaa,290,294,227,293,246,271,269,214,292,288,242,299,117,113,165,62,286,267,262,266,233,232,198,272,281,288,39,30,240,185,227,226,269,227,265,261,213,260,281,287,216,226,173,158,,,91,89,,,303,197,73,132,276,272,136,295,231,91,71,277,260,259,185,90,144,185,167,256,281,194,151,,146,,,300,226,224,180,227,188,97,284,252,274,99,281,185,138,279,138,184,169,141,242,243,263,189,228,123,232,269,229,227,238,265,289,286,216,231,286,299,301,302,308,,,244,253,,,303,121,290,273,296,285,275,281,253,151,276,299,230,187,186,282,263,269,278,284,299,180,300,308,,211,,,b'\x11\xe8\xe1I\xd8m\xbe@\x98|\x12\xdf\x17\xaeN\x1e'
11E8E149-D86D-BE40-987C-12DF17AE4E1E,2020-ncaa-d2-conf-GLIAC,ncaa,10,10,9,10,9,11,10,10,10,10,8,10,11,11,10,6,10,10,9,9,9,10,11,10,10,10,6,7,5,12,12,12,8,12,12,10,9,1,3,6,10,9,8,9,,,7,9,,,11,9,10,2,10,9,9,9,7,10,11,10,9,9,10,10,12,11,12,10,1,10,8,,9,,,11,7,5,3,8,5,4,8,5,3,7,4,10,7,12,8,9,3,4,7,9,8,6,4,11,5,8,9,12,8,12,6,6,9,8,6,1,3,7,8,,,10,7,,,11,4,11,8,11,7,6,3,8,5,6,5,11,10,10,4,6,7,12,11,7,9,1,9,,10,,,b'\x11\xe8\xe1I\xd8m\xbe@\x98|\x12\xdf\x17\xaeN\x1e'
11E8E149-D86D-BE40-987C-12DF17AE4E1E,2020-ncaa-d2-natl,ncaa,267,266,223,269,233,289,280,276,244,263,270,220,232,209,262,122,291,289,148,287,270,281,297,248,246,221,186,161,216,304,310,284,125,302,302,237,129,19,92,125,241,186,230,208,,,145,273,,,276,279,294,96,291,279,274,262,254,223,184,290,295,293,296,306,308,286,308,232,28,233,229,,189,,,272,98,90,23,266,109,44,255,99,51,231,141,213,157,300,151,240,28,23,267,289,277,191,117,243,24,125,206,310,126,302,139,212,241,164,215,26,111,212,265,,,278,166,,,276,32,260,259,278,157,132,25,140,48,133,74,243,188,187,41,17,35,274,192,171,223,38,235,,287,,,b'\x11\xe8\xe1I\xd8m\xbe@\x98|\x12\xdf\x17\xaeN\x1e'
11E8E149-D86D-BE40-987C-12DF17AE4E1E,2021-ncaa-d2-conf-GLIAC,ncaa,11,11,7,11,7,9,9,10,9,9,9,9,11,10,10,6,11,9,11,9,5,10,11,9,9,9,6,8,7,7,8,12,3,11,10,10,11,5,7,10,9,7,11,10,,,8,12,,,10,11,10,2,10,9,10,8,8,10,8,11,8,8,9,10,7,12,11,11,4,7,11,,11,,,10,7,3,1,11,3,2,10,6,1,12,1,12,12,12,12,12,2,2,11,12,11,12,6,12,1,3,4,8,2,10,4,4,9,7,4,4,5,6,8,,,6,3,,,10,2,9,11,10,9,5,1,4,1,7,1,12,12,12,1,2,1,8,4,4,8,4,7,,4,,,b'\x11\xe8\xe1I\xd8m\xbe@\x98|\x12\xdf\x17\xaeN\x1e'
11E8E149-D86D-BE40-987C-12DF17AE4E1E,2021-ncaa-d2-natl,ncaa,159,210,68,186,68,103,101,95,142,102,101,123,86,78,147,86,125,111,156,112,148,97,98,140,149,147,118,89,152,128,196,117,9,119,160,129,183,136,116,163,106,137,122,144,,,177,212,,,196,93,200,17,181,176,176,160,168,125,107,194,180,182,184,204,191,208,217,195,68,165,169,,162,,,181,155,141,114,200,137,113,183,159,117,218,98,209,189,221,189,205,118,122,210,222,210,182,121,199,44,9,166,196,124,160,144,79,100,105,114,121,84,144,128,,,80,69,,,196,135,158,187,182,136,85,11,77,23,139,54,198,161,163,17,12,3,136,40,73,162,49,106,,143,,,b'\x11\xe8\xe1I\xd8m\xbe@\x98|\x12\xdf\x17\xaeN\x1e'
11E8E149-D86D-BE40-987C-12DF17AE4E1E,2022-ncaa-d2-conf-GLIAC,ncaa,9,8,10,9,10,9,9,10,6,9,9,5,10,11,8,11,7,5,8,5,4,10,10,8,8,8,10,11,2,10,10,11,10,10,9,10,11,6,10,9,10,9,6,6,,,10,11,,,9,10,8,1,8,8,10,5,6,10,11,4,3,3,10,8,10,10,11,10,8,9,6,,11,,,9,4,3,1,9,5,2,6,3,1,10,2,11,11,4,11,11,1,2,8,9,9,4,3,11,4,10,3,10,4,9,2,4,7,4,2,7,8,7,8,,,6,1,,,9,3,8,7,9,6,6,4,7,7,3,1,11,11,11,5,5,6,7,6,3,4,7,8,,1,,,b'\x11\xe8\xe1I\xd8m\xbe@\x98|\x12\xdf\x17\xaeN\x1e'
11E8E149-D86D-BE40-987C-12DF17AE4E1E,2022-ncaa-d2-natl,ncaa,233,241,196,241,195,199,213,253,90,184,223,98,235,246,140,220,122,104,226,113,39,238,244,105,106,130,169,221,53,290,293,226,77,268,252,227,216,92,174,196,259,254,114,83,,,250,301,,,228,217,258,3,204,216,284,170,214,229,252,90,65,78,256,261,292,236,288,232,119,262,93,,282,,,225,148,105,48,259,115,93,198,113,39,296,50,263,270,100,270,292,74,72,255,272,269,218,111,273,28,77,125,293,76,252,109,132,219,180,184,84,171,135,195,,,108,7,,,228,86,176,249,227,210,151,34,151,106,135,37,281,283,285,83,57,35,183,110,133,202,107,159,,48,,,b'\x11\xe8\xe1I\xd8m\xbe@\x98|\x12\xdf\x17\xaeN\x1e'
11E8E149-D86D-BE40-987C-12DF17AE4E1E,2023-ncaa-d2-conf-GLIAC,ncaa,8,9,5,9,6,6,5,8,4,3,3,4,10,9,10,10,4,3,8,3,5,6,7,5,5,5,9,10,2,9,10,9,8,10,10,5,3,5,5,4,9,9,4,5,,,9,10,,,8,6,3,2,6,4,7,2,2,10,10,3,3,3,4,8,9,9,10,5,5,9,3,,10,,,8,10,10,5,10,10,10,9,3,1,8,1,10,10,3,10,7,6,4,9,9,9,1,1,8,4,8,7,10,7,10,4,2,6,6,7,5,5,8,8,,,3,3,,,8,4,6,9,8,10,10,7,10,10,3,1,10,10,10,7,8,5,8,7,5,6,5,8,,3,,,b'\x11\xe8\xe1I\xd8m\xbe@\x98|\x12\xdf\x17\xaeN\x1e'
11E8E149-D86D-BE40-987C-12DF17AE4E1E,2023-ncaa-d2-natl,ncaa,241,266,110,254,120,126,126,186,56,71,120,35,249,234,258,238,55,68,89,68,72,166,181,94,75,75,248,266,41,281,284,184,33,246,205,123,128,81,112,93,276,286,134,164,,,260,288,,,223,133,169,80,129,137,250,57,140,259,258,37,60,59,213,243,287,227,289,129,80,286,139,,253,,,211,241,230,122,284,261,211,251,87,39,282,24,269,265,230,263,216,155,129,271,280,289,70,42,238,18,33,156,284,74,205,85,18,220,235,167,67,95,167,153,,,68,18,,,223,169,121,265,213,255,235,84,263,218,86,23,270,257,255,129,70,9,135,51,90,240,66,163,,54,,,b'\x11\xe8\xe1I\xd8m\xbe@\x98|\x12\xdf\x17\xaeN\x1e'
11E8E149-D86D-BE40-987C-12DF17AE4E1E,2024-ncaa-d2-conf-GLIAC,ncaa,8,8,5,8,6,6,7,9,4,7,9,5,7,8,1,8,5,6,7,6,1,8,10,4,3,6,3,6,3,10,9,6,9,9,8,6,2,5,7,6,10,10,5,7,,,1,2,,,8,8,7,7,6,7,9,7,10,7,9,4,4,4,9,10,10,7,10,4,5,10,4,,3,,,8,5,9,8,7,9,9,6,7,2,9,1,2,2,5,2,2,7,4,7,7,7,1,5,2,9,9,4,9,7,8,6,5,9,8,9,6,8,3,3,,,5,2,,,8,3,7,8,8,7,9,9,9,9,7,3,3,2,2,8,6,9,6,8,7,9,7,3,,2,,,b'\x11\xe8\xe1I\xd8m\xbe@\x98|\x12\xdf\x17\xaeN\x1e'
11E8E149-D86D-BE40-987C-12DF17AE4E1E,2024-ncaa-d2-natl,ncaa,172,212,78,187,110,144,156,220,66,179,223,78,114,149,46,114,113,144,56,136,67,211,213,56,49,75,77,100,110,286,292,138,228,235,275,72,26,122,177,82,286,295,69,93,,,103,64,,,222,155,242,227,191,206,296,232,279,128,188,146,173,166,291,294,296,191,283,83,100,295,73,,59,,,215,241,266,246,239,271,246,231,191,180,181,138,67,47,256,46,20,217,172,225,203,251,34,140,24,248,228,196,292,222,275,238,108,235,268,274,189,224,75,124,,,111,43,,,222,145,133,269,220,204,254,229,261,232,170,150,44,32,31,184,100,229,151,193,205,266,160,53,,151,,,b'\x11\xe8\xe1I\xd8m\xbe@\x98|\x12\xdf\x17\xaeN\x1e'
11E8E149-D86D-BE40-987C-12DF17AE4E1E,2025-ncaa-d2-conf-GLIAC,genius_ncaa,10,10,6,10,6,8,9,7,10,8,6,10,5,5,5,5,8,8,4,8,8,7,7,9,9,9,3,3,5,9,9,11,11,9,11,7,8,5,5,7,6,6,11,11,,,7,5,,5,11,6,1,3,8,9,4,9,5,3,4,6,8,8,4,3,9,11,10,7,5,6,11,,10,,6,11,11,11,9,11,11,3,11,11,11,11,11,10,7,11,7,9,9,9,11,11,11,9,11,3,10,11,11,9,11,11,11,7,5,6,9,10,8,9,9,,,8,8,,6,11,8,9,11,10,11,11,11,11,6,11,11,10,7,9,11,11,10,11,11,11,6,8,10,,9,,5,b'\x11\xe8\xe1I\xd8m\xbe@\x98|\x12\xdf\x17\xaeN\x1e'
11E8E149-D86D-BE40-987C-12DF17AE4E1E,2025-ncaa-d2-natl,genius_ncaa,261,281,162,272,179,171,166,121,229,209,173,246,66,72,113,56,226,246,100,246,243,144,146,201,205,187,53,40,238,229,277,226,202,236,286,132,102,106,119,120,138,151,281,288,,,129,102,,210,296,123,63,131,167,164,64,237,170,57,50,238,251,250,99,107,231,243,259,122,133,129,289,,145,,209,292,292,296,206,300,277,87,300,298,291,289,288,127,88,291,94,141,198,181,301,301,301,211,270,21,140,202,284,277,266,286,293,211,172,200,279,237,252,231,249,,,255,282,,135,296,182,210,300,290,300,300,266,290,85,300,293,136,96,107,256,233,157,295,273,292,171,243,249,,270,,133,b'\x11\xe8\xe1I\xd8m\xbe@\x98|\x12\xdf\x17\xaeN\x1e'
11E8E149-D86D-BE40-987C-12DF17AE4E1E,2026-ncaa-d2-conf-GLIAC,genius_ncaa,8,8,1,8,1,10,10,9,11,11,9,11,5,7,6,4,10,10,3,10,7,10,9,10,10,10,2,3,4,11,11,10,11,11,11,9,7,8,9,9,5,5,9,9,,,1,1,,6,11,7,7,1,10,10,9,11,9,5,7,10,10,10,10,9,11,10,11,9,8,5,9,,1,,6,11,11,11,11,10,5,4,7,11,11,11,11,3,1,11,1,2,10,8,11,11,11,10,11,1,11,11,11,11,11,11,11,9,6,8,11,9,11,4,6,,,11,11,,9,11,5,10,11,11,11,11,11,5,4,11,11,3,1,1,10,8,11,11,11,11,6,9,4,,11,,9,b'\x11\xe8\xe1I\xd8m\xbe@\x98|\x12\xdf\x17\xaeN\x1e'
11E8E149-D86D-BE40-987C-12DF17AE4E1E,2026-ncaa-d2-natl,genius_ncaa,246,272,59,268,84,135,163,125,230,199,166,236,85,75,141,67,114,148,64,145,115,130,126,202,183,185,38,74,101,221,276,165,218,190,283,182,196,190,186,214,181,222,231,261,,,191,134,,291,286,106,172,88,217,242,219,264,250,111,96,142,196,187,232,228,264,266,279,234,144,226,255,,126,,285,278,263,266,222,291,247,197,272,286,240,292,211,202,144,292,151,116,211,190,293,293,294,205,243,65,202,218,252,276,242,283,273,207,196,256,284,230,232,137,148,,,197,260,,247,286,189,217,293,283,284,283,211,248,158,284,226,162,105,108,187,127,171,258,224,274,253,203,112,,278,,262,b'\x11\xe8\xe1I\xd8m\xbe@\x98|\x12\xdf\x17\xaeN\x1e'
11E8E149-D872-F6E4-987C-12DF17AE4E1E,2018-ncaa-d2-conf-SAC,ncaa,10,10,9,10,10,10,10,11,7,10,9,7,11,10,11,9,8,8,10,8,4,11,11,8,8,10,10,10,2,11,10,11,10,11,10,11,11,11,11,11,7,6,10,10,,,6,7,,,10,10,8,2,10,10,11,9,8,11,10,8,8,8,11,10,11,11,11,11,11,6,9,,8,,,10,8,9,1,11,8,3,10,6,2,11,3,6,5,7,5,7,1,2,10,10,10,3,5,5,7,10,4,10,3,10,8,7,6,3,7,10,11,4,7,,,7,2,,,10,2,10,10,10,10,10,5,10,7,9,2,8,7,7,4,6,9,6,8,10,3,10,6,,4,,,b'\x11\xe8\xe1I\xd8r\xf6\xe4\x98|\x12\xdf\x17\xaeN\x1e'
11E8E149-D872-F6E4-987C-12DF17AE4E1E,2018-ncaa-d2-natl,ncaa,279,286,206,284,219,252,241,287,116,176,203,129,302,302,231,290,195,178,209,175,129,281,247,173,163,235,283,297,77,276,240,294,292,298,288,276,267,271,303,297,162,142,249,256,,,134,187,,,279,228,179,83,263,246,300,143,169,304,304,166,143,143,291,224,279,303,306,282,293,141,250,,190,,,276,183,214,75,298,217,132,262,152,40,309,49,97,91,188,88,107,71,96,294,289,254,85,127,91,182,292,34,240,76,288,227,200,98,54,155,271,297,173,199,,,126,20,,,279,82,258,266,280,235,261,118,262,204,189,44,142,127,126,118,173,215,64,115,249,61,289,188,,60,,,b'\x11\xe8\xe1I\xd8r\xf6\xe4\x98|\x12\xdf\x17\xaeN\x1e'
11E8E149-D872-F6E4-987C-12DF17AE4E1E,2019-ncaa-d2-conf-SAC,ncaa,9,9,9,9,9,9,9,10,7,6,5,7,11,10,9,10,7,3,9,3,4,8,9,9,9,9,11,10,4,7,6,11,10,9,9,10,11,7,8,9,5,4,9,9,,,7,7,,,9,11,4,7,9,9,9,4,3,10,10,5,1,1,5,6,5,10,8,10,8,3,9,,9,,,9,4,3,4,7,7,6,8,3,1,6,1,7,9,1,9,9,3,3,7,7,6,3,2,7,10,10,4,6,7,9,3,3,3,3,2,9,9,6,8,,,7,4,,,9,1,9,6,9,7,7,7,10,8,3,3,9,10,10,6,9,10,8,9,5,3,9,7,,3,,,b'\x11\xe8\xe1I\xd8r\xf6\xe4\x98|\x12\xdf\x17\xaeN\x1e'
11E8E149-D872-F6E4-987C-12DF17AE4E1E,2019-ncaa-d2-natl,ncaa,216,184,260,209,277,241,230,242,191,145,139,182,298,290,290,292,164,100,281,96,113,227,214,240,235,241,287,298,58,148,101,285,300,253,244,233,209,173,218,228,89,55,228,221,,,180,230,,,206,231,59,251,182,160,129,67,38,294,283,84,33,32,79,60,80,262,186,188,247,39,212,,277,,,203,63,79,50,197,132,98,197,33,37,121,54,164,207,38,208,227,64,105,171,169,99,80,43,223,229,300,67,101,134,244,47,69,78,34,34,173,216,223,206,,,156,84,,,206,76,238,144,202,192,192,139,229,219,76,80,240,262,264,191,267,283,195,252,114,27,246,271,,48,,,b'\x11\xe8\xe1I\xd8r\xf6\xe4\x98|\x12\xdf\x17\xaeN\x1e'
11E8E149-D872-F6E4-987C-12DF17AE4E1E,2020-ncaa-d2-conf-SAC,ncaa,11,11,9,11,12,12,12,12,9,10,9,8,9,9,12,9,12,10,10,9,6,12,12,10,11,10,9,9,4,11,11,12,11,12,11,12,10,7,9,12,6,6,11,11,,,4,8,,,11,12,10,12,12,11,11,9,8,9,9,10,9,7,12,11,11,12,12,12,8,5,11,,7,,,11,6,7,3,11,5,2,11,7,8,9,10,6,5,10,5,8,2,2,11,10,10,7,9,7,9,11,3,11,6,11,5,7,6,4,6,6,7,4,4,,,12,7,,,11,1,11,11,11,7,8,7,7,2,9,10,8,8,7,7,6,9,7,9,8,4,7,5,,11,,,b'\x11\xe8\xe1I\xd8r\xf6\xe4\x98|\x12\xdf\x17\xaeN\x1e'
11E8E149-D872-F6E4-987C-12DF17AE4E1E,2020-ncaa-d2-natl,ncaa,267,289,102,275,166,224,231,202,237,174,121,233,277,263,281,266,142,95,255,86,95,185,149,258,252,260,255,275,55,180,198,266,301,251,291,248,254,263,260,275,123,145,218,225,,,226,192,,,269,141,143,282,270,269,253,196,133,287,282,144,94,88,230,184,193,294,289,276,250,128,232,,219,,,264,211,203,177,189,190,130,229,211,231,127,224,194,213,63,218,224,187,218,197,180,149,185,181,158,291,301,178,198,245,291,212,196,71,79,120,246,241,221,218,,,141,130,,,269,178,269,189,263,186,180,149,157,103,197,224,178,201,204,164,213,284,159,232,201,68,227,219,,155,,,b'\x11\xe8\xe1I\xd8r\xf6\xe4\x98|\x12\xdf\x17\xaeN\x1e'
11E8E149-D872-F6E4-987C-12DF17AE4E1E,2021-ncaa-d2-conf-SAC,ncaa,13,12,7,13,8,12,11,8,13,10,7,13,9,3,13,5,11,11,9,11,10,9,9,13,13,13,6,6,9,8,12,12,13,11,13,10,9,6,8,10,5,5,4,5,,,12,11,,,12,7,4,6,13,13,7,9,8,9,4,12,12,11,8,9,9,13,13,11,9,5,4,,12,,,12,12,12,7,13,12,9,13,11,5,13,6,10,10,8,10,8,8,8,13,13,13,5,6,7,11,13,12,12,12,13,11,8,4,6,11,5,7,8,9,,,12,13,,,12,7,13,13,13,12,12,8,12,9,11,6,11,11,10,9,9,12,13,13,11,3,5,9,,13,,,b'\x11\xe8\xe1I\xd8r\xf6\xe4\x98|\x12\xdf\x17\xaeN\x1e'
11E8E149-D872-F6E4-987C-12DF17AE4E1E,2021-ncaa-d2-natl,ncaa,201,216,82,209,92,113,109,78,193,112,87,178,91,49,197,62,124,112,146,110,162,82,87,190,195,185,104,84,135,82,171,129,215,118,220,121,152,131,75,142,82,132,75,111,,,176,167,,,218,84,67,112,163,163,62,155,105,111,47,174,160,157,72,85,114,212,198,170,95,110,97,,194,,,213,189,188,154,220,182,165,199,183,126,223,65,184,179,154,175,132,155,154,221,220,216,99,113,98,208,215,194,171,204,220,192,128,83,133,183,110,51,168,146,,,119,206,,,218,139,178,224,216,215,208,169,200,179,185,102,183,174,170,181,176,201,217,218,202,108,57,160,,202,,,b'\x11\xe8\xe1I\xd8r\xf6\xe4\x98|\x12\xdf\x17\xaeN\x1e'
11E8E149-D872-F6E4-987C-12DF17AE4E1E,2022-ncaa-d2-conf-SAC,ncaa,11,11,8,11,12,10,10,7,12,8,8,12,9,8,12,7,6,7,5,7,5,7,7,12,11,10,7,7,4,10,12,13,13,11,13,11,8,7,7,10,9,8,7,7,,,6,5,,,12,5,2,10,8,9,5,8,7,9,5,4,4,4,4,4,10,13,11,10,9,7,6,,7,,,12,12,12,9,12,13,10,12,8,8,9,8,7,7,10,7,6,10,9,12,12,12,2,6,4,11,13,11,12,13,13,13,13,5,7,12,8,8,6,8,,,8,7,,,12,9,11,12,12,12,12,11,13,12,11,9,10,9,9,12,12,12,12,13,13,5,9,8,,6,,,b'\x11\xe8\xe1I\xd8r\xf6\xe4\x98|\x12\xdf\x17\xaeN\x1e'
11E8E149-D872-F6E4-987C-12DF17AE4E1E,2022-ncaa-d2-natl,ncaa,240,254,196,252,216,189,207,155,258,203,175,217,193,114,279,106,115,137,110,140,112,151,163,250,237,221,119,172,56,218,269,207,269,221,289,244,257,138,140,239,198,238,125,142,,,89,56,,,278,136,29,224,183,211,83,197,142,186,81,83,103,110,76,80,204,194,220,252,173,186,117,,129,,,275,246,258,206,260,261,199,262,201,202,179,167,167,144,224,145,121,201,185,253,255,253,91,132,86,252,269,253,269,262,289,284,254,162,193,265,132,149,155,181,,,180,191,,,278,164,245,272,274,286,288,281,286,256,241,239,202,180,178,278,275,271,294,293,292,140,180,188,,139,,,b'\x11\xe8\xe1I\xd8r\xf6\xe4\x98|\x12\xdf\x17\xaeN\x1e'
11E8E149-D872-F6E4-987C-12DF17AE4E1E,2023-ncaa-d0-natl,ncaa,339,301,345,340,354,347,350,332,350,333,262,348,331,319,327,264,236,204,263,212,134,328,341,352,350,328,183,266,34,292,297,349,267,353,342,361,361,45,182,360,280,215,303,283,,,253,356,,,339,337,98,354,309,329,170,278,120,299,252,132,89,93,141,147,200,322,307,361,195,208,269,,349,,,345,93,60,8,354,139,37,349,20,5,255,20,300,308,158,308,348,16,22,339,355,332,113,18,346,45,267,198,297,116,342,124,222,235,99,197,9,66,142,206,,,277,106,,,339,23,331,329,340,320,273,61,329,194,65,34,357,354,355,178,232,176,350,328,269,100,76,249,,113,,,b'\x11\xe8\xe1I\xd8r\xf6\xe4\x98|\x12\xdf\x17\xaeN\x1e'
11E8E149-D872-F6E4-987C-12DF17AE4E1E,2023-ncaa-d1-conf-ASUN,ncaa,13,14,10,14,12,11,13,8,14,11,7,14,9,9,12,9,5,5,7,5,3,8,9,14,13,13,6,9,1,8,12,12,13,12,14,13,14,9,9,13,6,6,10,11,,,14,14,,,14,7,2,14,11,13,5,12,4,9,9,2,3,4,3,3,6,12,12,13,10,5,10,,14,,,14,13,11,4,14,13,7,14,5,3,11,4,14,14,7,14,14,7,8,14,14,14,5,3,14,9,13,14,12,12,14,12,11,5,5,8,5,5,12,11,,,5,3,,,14,8,13,14,14,14,12,6,14,10,5,4,14,14,14,10,13,9,14,14,12,3,7,12,,2,,,b'\x11\xe8\xe1I\xd8r\xf6\xe4\x98|\x12\xdf\x17\xaeN\x1e'
11E8E149-D872-F6E4-987C-12DF17AE4E1E,2023-ncaa-d1-natl,ncaa,312,301,310,315,341,314,322,265,340,282,185,340,308,275,325,263,199,165,257,168,155,255,258,343,338,322,205,266,52,208,260,337,260,322,325,359,361,125,186,353,168,125,276,265,,,297,348,,,320,271,84,354,294,300,141,250,99,293,237,136,113,116,125,118,161,327,284,361,213,114,258,,345,,,321,164,111,18,342,234,92,338,18,11,154,14,315,328,142,328,341,43,79,315,334,289,69,10,343,82,260,285,260,226,325,162,194,111,53,99,52,90,164,154,,,232,173,,,320,91,323,273,317,284,239,51,321,195,28,25,349,350,349,143,238,175,346,320,239,47,109,217,,138,,,b'\x11\xe8\xe1I\xd8r\xf6\xe4\x98|\x12\xdf\x17\xaeN\x1e'
11E8E149-D872-F6E4-987C-12DF17AE4E1E,2024-ncaa-d0-natl,ncaa,341,312,347,341,353,341,345,318,337,295,196,344,346,340,339,320,264,230,321,230,212,308,319,349,349,337,301,321,63,221,201,351,313,336,324,360,360,111,226,358,207,137,304,230,,,326,360,,,335,326,64,156,288,283,97,187,40,333,309,154,96,96,91,56,96,308,239,360,283,103,262,,360,,,342,105,30,10,283,20,5,324,117,117,197,238,343,349,135,349,360,32,37,299,334,312,344,152,358,117,313,135,201,112,324,72,209,214,117,130,64,153,70,72,,,269,148,,,335,34,336,308,339,331,201,113,171,37,260,259,359,359,359,261,296,276,342,335,215,82,194,167,,86,,,b'\x11\xe8\xe1I\xd8r\xf6\xe4\x98|\x12\xdf\x17\xaeN\x1e'
11E8E149-D872-F6E4-987C-12DF17AE4E1E,2024-ncaa-d1-conf-ASUN,ncaa,12,12,11,12,12,11,11,10,12,10,5,12,11,11,11,11,10,9,9,9,9,10,10,12,12,12,12,11,4,5,6,12,12,12,12,12,12,6,6,12,7,5,8,8,,,12,12,,,12,10,3,4,10,10,4,3,2,11,9,8,5,5,4,2,4,12,10,12,11,3,8,,12,,,12,10,3,1,11,2,1,11,10,8,10,7,12,12,10,12,12,4,4,11,11,11,12,7,12,8,12,7,6,8,12,8,11,5,4,8,5,7,7,4,,,8,8,,,12,3,12,12,12,11,8,5,6,1,11,10,12,12,12,8,10,9,10,10,10,2,8,9,,6,,,b'\x11\xe8\xe1I\xd8r\xf6\xe4\x98|\x12\xdf\x17\xaeN\x1e'
11E8E149-D872-F6E4-987C-12DF17AE4E1E,2024-ncaa-d1-natl,ncaa,322,314,320,326,339,300,273,222,313,195,113,319,333,324,327,320,239,188,326,190,243,217,227,331,338,324,319,322,123,140,168,320,299,276,293,361,362,183,198,353,124,97,307,249,,,350,361,,,306,250,53,170,246,214,67,113,27,322,301,179,108,111,61,51,71,283,187,360,273,79,283,,362,,,311,182,60,29,248,51,16,302,160,172,162,246,356,355,167,355,362,85,115,261,304,260,347,162,359,180,299,223,168,207,293,93,191,118,83,97,73,99,95,63,,,217,197,,,306,109,315,274,305,306,171,110,136,37,244,263,360,360,360,250,301,269,331,328,177,52,154,155,,112,,,b'\x11\xe8\xe1I\xd8r\xf6\xe4\x98|\x12\xdf\x17\xaeN\x1e'
11E8E149-D872-F6E4-987C-12DF17AE4E1E,2025-ncaa-d0-natl,genius_ncaa,296,249,335,294,335,298,291,266,292,230,167,300,329,320,321,312,205,164,296,165,160,246,272,320,316,295,290,317,65,128,91,346,147,289,187,330,338,87,168,299,237,181,272,200,,,313,359,,171,300,309,100,11,216,210,81,126,43,313,291,89,54,55,65,55,42,300,169,311,233,159,231,,361,,267,306,136,62,10,347,59,16,329,116,40,341,110,341,341,213,343,361,34,36,348,356,332,313,126,354,14,147,105,91,41,187,31,63,189,85,75,29,68,170,167,,,216,129,,176,300,62,269,298,297,321,220,55,207,81,226,111,359,358,358,171,243,70,282,206,111,75,107,280,,69,,122,b'\x11\xe8\xe1I\xd8r\xf6\xe4\x98|\x12\xdf\x17\xaeN\x1e'
11E8E149-D872-F6E4-987C-12DF17AE4E1E,2025-ncaa-d1-conf-ASUN,genius_ncaa,11,11,11,11,11,11,11,10,10,10,4,12,12,12,11,11,8,6,10,6,8,9,9,12,12,11,11,11,3,4,3,12,6,10,6,10,9,5,7,10,6,4,10,4,,,12,12,,8,11,12,7,4,10,10,6,6,2,11,11,5,3,3,4,3,3,12,9,10,9,4,8,,12,,10,11,3,1,1,11,1,1,10,4,2,12,6,12,12,5,12,12,1,1,11,12,11,12,6,12,1,6,1,3,1,6,2,7,4,2,3,2,5,11,11,,,7,4,,6,11,2,10,9,11,8,4,1,4,1,6,5,12,12,12,3,5,1,9,3,4,2,4,12,,4,,3,b'\x11\xe8\xe1I\xd8r\xf6\xe4\x98|\x12\xdf\x17\xaeN\x1e'
11E8E149-D872-F6E4-987C-12DF17AE4E1E,2025-ncaa-d1-natl,genius_ncaa,279,249,304,273,304,243,241,207,253,180,120,263,306,304,302,312,163,123,302,122,157,193,206,288,291,268,291,314,86,96,78,318,133,245,160,294,313,131,156,264,177,144,251,192,,,333,359,,157,255,247,74,13,170,162,69,88,42,298,282,89,51,50,53,43,38,279,147,268,231,135,217,,361,,221,260,170,76,20,321,87,36,299,121,45,320,97,348,350,199,350,361,56,95,326,349,292,306,111,354,24,133,137,78,72,160,38,57,107,66,51,55,72,197,142,,,164,118,,131,255,129,231,240,250,299,189,53,183,86,187,92,359,358,359,167,258,68,266,185,94,53,114,265,,57,,94,b'\x11\xe8\xe1I\xd8r\xf6\xe4\x98|\x12\xdf\x17\xaeN\x1e'
11E8E149-D872-F6E4-987C-12DF17AE4E1E,2026-ncaa-d0-natl,genius_ncaa,212,152,279,209,291,305,299,294,299,323,286,332,186,235,93,123,302,297,243,289,199,296,286,267,284,295,47,50,213,208,134,309,283,289,231,303,237,159,284,294,252,192,232,206,,,138,288,,47,289,295,91,97,244,254,158,309,201,95,128,253,230,213,166,92,97,264,178,269,309,162,169,,314,,86,298,125,100,69,290,135,93,277,59,53,198,74,261,278,138,276,334,83,76,264,283,297,170,63,328,125,283,73,134,89,231,102,145,304,283,253,263,333,321,354,,,316,302,,324,289,69,274,304,298,315,274,215,305,266,136,119,349,355,355,299,281,264,230,262,235,246,342,355,,250,,301,b'\x11\xe8\xe1I\xd8r\xf6\xe4\x98|\x12\xdf\x17\xaeN\x1e'
11E8E149-D872-F6E4-987C-12DF17AE4E1E,2026-ncaa-d1-natl,genius_ncaa,203,152,271,192,286,312,310,296,303,330,292,323,200,253,108,161,276,252,272,244,139,291,288,271,283,289,64,81,151,215,172,302,300,293,256,317,262,195,293,307,251,213,225,206,,,180,288,,90,288,291,79,100,247,264,170,297,188,128,155,204,167,163,164,89,117,216,154,292,309,175,169,,326,,142,299,147,116,78,234,130,111,225,84,81,168,114,275,295,126,292,326,113,86,211,243,271,203,95,321,205,300,109,172,141,256,114,171,299,263,249,277,331,322,350,,,312,270,,321,288,74,277,290,297,313,271,262,279,271,175,189,345,351,351,323,316,310,251,301,237,212,342,353,,223,,301,b'\x11\xe8\xe1I\xd8r\xf6\xe4\x98|\x12\xdf\x17\xaeN\x1e'
11E8E149-D878-1EA8-987C-12DF17AE4E1E,2018-ncaa-d2-conf-ECC,ncaa,4,4,4,4,4,6,5,5,5,4,1,7,8,9,2,9,6,7,2,7,8,5,7,7,6,6,8,8,5,5,5,4,4,5,4,4,2,3,5,5,4,3,4,5,,,3,6,,,5,7,6,3,6,5,4,2,1,8,9,5,7,7,4,5,5,4,5,3,4,4,4,,5,,,5,5,5,5,8,4,5,4,4,4,8,3,5,5,5,3,5,4,3,8,8,8,6,6,5,3,4,5,5,5,4,5,6,5,3,4,5,5,6,3,,,8,8,,,5,3,6,5,5,6,5,5,4,5,5,4,5,5,4,4,4,3,5,5,6,4,5,7,,7,,,b'\x11\xe8\xe1I\xd8x\x1e\xa8\x98|\x12\xdf\x17\xaeN\x1e'
11E8E149-D878-1EA8-987C-12DF17AE4E1E,2018-ncaa-d2-natl,ncaa,146,87,276,129,278,266,255,260,205,227,191,249,254,290,113,255,249,261,119,259,260,266,263,213,214,218,225,213,154,167,87,241,132,214,101,202,92,106,222,179,157,80,108,70,,,42,139,,,166,280,181,52,215,188,159,147,73,222,260,200,215,214,172,144,87,112,93,130,227,91,64,,139,,,168,19,22,27,106,34,65,67,47,30,216,80,65,60,185,56,123,24,31,103,105,98,160,130,188,72,132,30,87,32,101,30,166,207,111,117,97,198,105,134,,,269,215,,,166,26,214,108,164,111,108,135,113,187,125,81,150,144,136,137,145,164,133,133,122,111,193,181,,208,,,b'\x11\xe8\xe1I\xd8x\x1e\xa8\x98|\x12\xdf\x17\xaeN\x1e'
11E8E149-D878-1EA8-987C-12DF17AE4E1E,2019-ncaa-d2-conf-ECC,ncaa,8,8,7,8,7,9,7,9,5,6,4,6,10,10,5,10,9,9,7,9,10,9,10,7,6,7,10,10,7,8,6,6,6,8,6,9,9,3,5,8,10,10,6,6,,,3,4,,,8,10,10,2,9,7,9,4,2,10,10,9,9,9,9,10,7,4,8,9,3,10,6,,3,,,8,5,4,4,6,4,3,5,8,9,6,9,6,4,9,4,5,3,1,7,8,8,9,9,6,4,6,2,6,3,6,8,9,10,10,10,3,4,7,6,,,7,4,,,8,1,8,9,9,8,7,7,5,3,8,9,6,5,5,7,4,7,5,5,8,10,3,8,,6,,,b'\x11\xe8\xe1I\xd8x\x1e\xa8\x98|\x12\xdf\x17\xaeN\x1e'
11E8E149-D878-1EA8-987C-12DF17AE4E1E,2019-ncaa-d2-natl,ncaa,258,259,227,264,235,246,210,217,189,138,98,240,279,296,139,297,267,276,122,275,301,234,240,227,233,231,294,274,235,140,81,217,186,195,133,233,236,117,193,202,270,264,164,151,,,79,145,,,262,261,232,40,237,179,145,97,25,281,298,261,268,266,195,184,92,165,115,217,179,266,138,,135,,,260,148,156,104,218,159,116,218,150,123,201,160,157,104,297,98,136,93,66,219,231,267,138,153,159,135,186,60,81,82,133,256,279,275,263,297,94,148,231,188,,,257,223,,,262,59,218,268,259,237,235,194,222,187,209,180,211,159,153,188,127,183,126,151,281,265,138,258,,224,,,b'\x11\xe8\xe1I\xd8x\x1e\xa8\x98|\x12\xdf\x17\xaeN\x1e'
11E8E149-D878-1EA8-987C-12DF17AE4E1E,2020-ncaa-d2-conf-ECC,ncaa,7,8,5,7,5,7,7,7,6,4,3,6,8,8,5,9,4,3,9,3,4,8,7,6,6,6,9,9,2,6,6,6,8,8,7,7,5,6,7,8,7,8,4,5,,,2,3,,,8,7,5,1,7,7,8,4,3,9,9,4,2,2,8,7,7,7,9,7,7,8,4,,3,,,8,7,8,7,8,8,6,6,7,6,7,5,2,2,1,2,2,5,3,8,6,8,2,7,1,5,8,3,6,4,7,8,6,8,9,9,6,7,3,2,,,5,3,,,8,2,7,9,8,8,8,8,8,7,9,6,2,4,3,5,5,5,5,4,9,9,7,3,,4,,,b'\x11\xe8\xe1I\xd8x\x1e\xa8\x98|\x12\xdf\x17\xaeN\x1e'
11E8E149-D878-1EA8-987C-12DF17AE4E1E,2020-ncaa-d2-natl,ncaa,254,220,283,251,296,294,284,297,161,217,179,236,302,305,136,309,277,240,289,239,241,299,286,228,237,263,303,299,148,281,210,262,165,280,158,228,82,206,297,237,265,224,125,96,,,33,96,,,248,287,147,227,277,243,279,128,58,305,311,243,164,165,268,201,245,157,218,173,284,220,78,,107,,,252,40,66,55,129,85,80,132,87,84,126,168,30,49,28,48,96,47,24,122,93,158,100,174,70,81,165,21,210,25,158,184,285,289,261,285,258,298,126,139,,,276,201,,,248,22,280,163,258,152,188,231,186,214,173,197,77,122,119,215,152,174,82,116,262,257,295,197,,223,,,b'\x11\xe8\xe1I\xd8x\x1e\xa8\x98|\x12\xdf\x17\xaeN\x1e'
11E8E149-D878-1EA8-987C-12DF17AE4E1E,2022-ncaa-d2-conf-ECC,ncaa,10,10,7,10,8,9,9,8,7,5,2,8,10,10,5,10,5,5,3,5,9,8,8,8,8,9,10,10,3,7,3,9,9,9,9,7,4,10,9,9,6,7,8,8,,,4,3,,,10,8,3,3,9,9,7,2,1,10,10,3,4,4,5,3,4,8,8,6,9,5,7,,6,,,10,10,10,7,10,10,9,10,4,5,7,4,5,3,10,3,2,6,7,10,10,10,1,3,2,10,9,3,3,4,9,10,4,6,6,9,10,10,9,6,,,9,7,,,10,5,9,10,10,10,10,10,10,10,5,5,7,5,5,9,9,10,6,7,10,5,10,9,,6,,,b'\x11\xe8\xe1I\xd8x\x1e\xa8\x98|\x12\xdf\x17\xaeN\x1e'
11E8E149-D878-1EA8-987C-12DF17AE4E1E,2022-ncaa-d2-natl,ncaa,263,276,196,273,203,197,180,166,196,135,62,255,252,279,53,285,198,192,162,192,271,176,138,224,218,242,267,257,171,108,90,179,256,152,190,120,45,255,249,189,175,195,142,175,,,153,135,,,266,154,57,69,196,159,98,87,17,259,286,185,185,182,112,53,77,152,94,75,269,157,136,,197,,,261,221,234,199,237,245,212,233,143,149,140,127,140,123,237,119,81,186,178,219,214,214,62,101,91,248,256,119,90,179,190,278,257,145,166,248,255,248,231,179,,,203,246,,,266,157,239,245,252,274,277,276,282,266,176,197,180,155,155,270,265,269,174,228,287,122,261,253,,178,,,b'\x11\xe8\xe1I\xd8x\x1e\xa8\x98|\x12\xdf\x17\xaeN\x1e'
11E8E149-D878-1EA8-987C-12DF17AE4E1E,2023-ncaa-d2-conf-ECC,ncaa,7,7,1,7,1,6,5,5,6,3,1,8,9,9,6,9,5,6,8,6,9,5,5,8,8,8,9,9,5,8,8,3,7,5,7,6,8,8,8,8,2,3,6,6,,,5,2,,,6,4,6,2,8,8,8,3,1,9,9,7,7,7,8,7,8,5,6,8,8,2,6,,2,,,6,8,8,7,4,8,5,9,6,8,1,8,4,3,4,3,2,7,8,5,4,4,2,5,1,7,7,8,8,8,7,7,7,1,4,6,7,6,6,4,,,6,7,,,6,7,8,4,6,6,5,5,5,2,4,8,1,2,2,4,5,7,6,6,7,3,6,6,,8,,,b'\x11\xe8\xe1I\xd8x\x1e\xa8\x98|\x12\xdf\x17\xaeN\x1e'
11E8E149-D878-1EA8-987C-12DF17AE4E1E,2023-ncaa-d2-natl,ncaa,207,239,110,226,111,225,188,160,216,87,30,267,289,293,153,298,231,203,255,196,285,169,136,261,276,273,294,295,180,125,149,117,207,124,182,148,102,245,239,207,80,83,114,112,,,82,45,,,225,139,206,9,270,220,208,72,13,294,298,259,217,214,220,163,140,122,130,170,229,80,118,,62,,,216,97,146,194,78,168,160,152,99,207,11,210,55,69,87,68,57,165,177,73,53,56,62,122,65,234,207,176,149,210,182,237,273,101,115,173,172,166,199,94,,,210,258,,,225,162,271,80,217,83,125,196,160,148,94,205,50,56,56,149,176,231,164,198,230,104,157,192,,248,,,b'\x11\xe8\xe1I\xd8x\x1e\xa8\x98|\x12\xdf\x17\xaeN\x1e'
11E8E149-D878-1EA8-987C-12DF17AE4E1E,2024-ncaa-d2-conf-ECC,ncaa,7,7,7,7,7,9,9,9,6,5,4,8,9,9,7,9,8,4,9,4,4,9,9,8,8,8,9,9,4,6,2,9,6,7,2,9,7,8,9,8,6,5,6,6,,,1,1,,,9,9,7,1,9,8,9,3,2,9,9,5,3,3,9,6,4,7,7,8,9,4,6,,1,,,9,6,8,2,9,3,1,9,9,9,7,9,1,1,1,1,3,2,1,9,9,9,8,9,1,2,6,1,2,1,2,9,7,7,6,9,5,6,7,8,,,5,3,,,9,1,8,9,9,8,9,6,6,2,9,9,1,1,1,5,4,4,1,1,9,6,6,8,,3,,,b'\x11\xe8\xe1I\xd8x\x1e\xa8\x98|\x12\xdf\x17\xaeN\x1e'
11E8E149-D878-1EA8-987C-12DF17AE4E1E,2024-ncaa-d2-natl,ncaa,229,234,207,235,213,263,253,248,238,186,123,245,284,283,272,287,242,225,246,221,241,248,212,260,263,286,288,286,118,88,36,194,166,158,69,194,66,273,288,251,150,109,141,114,,,7,4,,,256,238,195,59,277,255,239,144,57,290,289,233,178,176,236,116,59,149,75,172,276,119,126,,5,,,254,74,140,114,175,86,68,182,250,232,232,276,7,9,30,8,16,69,67,210,159,160,171,280,5,135,166,37,36,52,69,280,296,200,161,278,239,263,259,263,,,233,219,,,256,62,270,178,252,155,215,218,134,97,266,265,6,8,8,151,134,176,55,95,291,165,257,284,,214,,,b'\x11\xe8\xe1I\xd8x\x1e\xa8\x98|\x12\xdf\x17\xaeN\x1e'
11E8E149-D878-1EA8-987C-12DF17AE4E1E,2025-ncaa-d2-conf-ECC,genius_ncaa,7,7,5,7,8,8,7,7,5,5,2,7,9,9,7,9,6,6,9,6,5,7,6,7,8,8,9,9,3,2,1,9,5,6,3,7,9,8,8,8,3,2,5,4,,,5,6,,6,7,7,5,7,8,7,5,3,2,9,9,6,5,5,5,3,2,9,4,7,8,2,4,,5,,7,7,4,4,1,9,6,1,9,3,3,3,8,4,4,8,4,5,1,2,9,9,7,4,3,5,2,5,1,1,1,3,4,4,3,1,3,6,8,6,3,,,3,3,,4,7,3,7,7,7,5,7,1,7,1,3,4,5,5,5,1,4,5,2,3,6,2,8,7,,3,,3,b'\x11\xe8\xe1I\xd8x\x1e\xa8\x98|\x12\xdf\x17\xaeN\x1e'
11E8E149-D878-1EA8-987C-12DF17AE4E1E,2025-ncaa-d2-natl,genius_ncaa,187,159,230,183,251,271,260,243,269,206,137,276,281,282,239,279,222,172,279,175,186,238,214,281,282,286,262,266,87,52,20,263,220,192,99,219,120,218,259,246,38,12,111,61,,,41,94,,41,178,256,169,207,268,255,167,168,55,283,284,184,102,102,150,83,20,259,101,198,264,17,75,,102,,58,179,18,32,23,144,45,37,187,57,74,72,186,22,23,80,22,81,20,50,134,115,43,76,133,73,104,220,30,20,51,99,122,259,63,14,65,188,244,223,220,,,179,126,,201,178,46,256,45,176,56,83,49,108,76,91,122,40,51,50,38,143,176,94,119,195,25,247,260,,94,,180,b'\x11\xe8\xe1I\xd8x\x1e\xa8\x98|\x12\xdf\x17\xaeN\x1e'
11E8E149-D878-1EA8-987C-12DF17AE4E1E,2026-ncaa-d2-conf-ECC,genius_ncaa,6,6,1,6,3,5,5,3,6,6,5,5,5,2,6,3,6,5,6,4,6,3,3,6,7,7,3,4,6,2,4,8,8,6,7,6,6,5,3,6,3,3,3,3,,,2,1,,1,6,3,3,3,5,5,3,6,5,5,2,6,5,4,3,3,2,8,6,6,5,3,3,,2,,1,6,7,6,3,7,3,3,6,6,5,7,5,4,3,5,3,4,4,5,7,7,6,6,6,3,6,8,6,4,8,7,8,8,2,3,5,5,5,6,7,,,3,5,,3,6,5,6,6,7,7,6,3,3,3,6,5,4,3,3,4,5,6,6,8,8,2,5,6,,3,,3,b'\x11\xe8\xe1I\xd8x\x1e\xa8\x98|\x12\xdf\x17\xaeN\x1e'
11E8E149-D878-1EA8-987C-12DF17AE4E1E,2026-ncaa-d2-natl,genius_ncaa,157,272,6,219,12,49,35,7,267,15,4,242,228,73,292,240,60,17,287,19,202,8,6,281,285,269,279,278,130,1,30,16,266,4,171,42,119,288,125,173,59,191,27,113,,,233,26,,183,258,12,127,285,234,199,39,92,25,278,207,180,95,105,39,45,8,173,26,156,172,175,87,,53,,112,231,286,289,296,139,287,293,144,220,265,80,118,254,240,223,242,48,293,292,114,105,125,58,92,111,295,266,297,30,297,171,296,289,27,165,250,289,205,281,169,,,5,120,,111,258,287,240,167,226,172,202,251,231,253,113,146,120,98,99,227,226,273,249,275,277,140,231,230,,70,,193,b'\x11\xe8\xe1I\xd8x\x1e\xa8\x98|\x12\xdf\x17\xaeN\x1e'
11E8E149-D87C-8C90-987C-12DF17AE4E1E,2018-ncaa-d2-conf-GLVC,ncaa,13,13,9,13,9,10,7,6,13,11,9,14,3,6,2,7,15,15,7,15,15,8,9,10,14,11,4,2,15,11,11,13,11,13,12,5,1,4,6,3,9,8,8,9,,,5,9,,,13,8,4,1,10,6,3,11,7,3,6,15,15,15,4,7,10,12,13,4,7,7,8,,11,,,13,11,12,9,12,12,7,12,9,9,10,9,11,5,14,4,7,9,8,12,12,13,7,8,7,6,11,7,11,5,12,8,7,11,12,10,3,4,12,13,,,14,14,,,13,9,13,12,13,13,13,13,13,13,11,11,12,12,10,13,12,10,10,8,11,10,5,14,,14,,,b'\x11\xe8\xe1I\xd8|\x8c\x90\x98|\x12\xdf\x17\xaeN\x1e'
11E8E149-D87C-8C90-987C-12DF17AE4E1E,2018-ncaa-d2-natl,ncaa,252,229,276,254,277,259,248,262,190,283,268,258,97,165,17,78,291,300,97,295,283,283,279,146,164,174,49,16,288,275,216,291,204,294,218,157,30,66,199,117,216,147,198,164,,,100,238,,,245,278,177,22,199,179,168,264,205,42,91,281,294,291,219,204,239,273,282,76,170,155,166,,225,,,251,90,106,53,247,101,39,270,158,128,197,233,103,65,302,64,158,41,35,261,268,282,178,182,131,46,204,19,216,19,218,116,142,268,224,237,88,207,152,238,,,297,284,,,245,36,208,268,247,250,246,197,230,135,238,235,206,151,149,187,155,124,97,98,219,222,182,214,,283,,,b'\x11\xe8\xe1I\xd8|\x8c\x90\x98|\x12\xdf\x17\xaeN\x1e'
11E8E149-D87C-8C90-987C-12DF17AE4E1E,2019-ncaa-d2-conf-GLVC,ncaa,14,14,9,14,10,14,13,8,14,12,9,14,10,9,13,7,14,14,11,14,14,12,10,14,14,14,7,4,14,9,8,12,12,12,12,12,10,10,12,12,9,10,6,6,,,3,4,,,14,11,11,4,14,13,7,12,8,9,9,14,14,14,11,10,6,9,8,11,13,8,6,,3,,,14,9,9,8,12,6,5,10,13,11,12,11,3,3,2,3,6,7,4,12,9,11,9,13,3,12,12,7,8,9,12,11,10,10,11,11,8,8,3,4,,,13,13,,,14,4,14,12,14,12,11,11,9,6,13,13,4,6,6,12,8,12,11,12,12,10,8,4,,13,,,b'\x11\xe8\xe1I\xd8|\x8c\x90\x98|\x12\xdf\x17\xaeN\x1e'
11E8E149-D87C-8C90-987C-12DF17AE4E1E,2019-ncaa-d2-natl,ncaa,278,274,260,279,269,284,276,269,255,274,259,262,201,210,180,117,299,303,111,301,298,284,272,241,249,269,151,92,272,231,176,277,240,271,226,237,123,176,271,234,196,145,136,91,,,32,94,,,284,276,224,100,281,260,217,262,212,158,159,295,304,302,268,222,180,253,246,200,248,154,101,,90,,,281,105,119,63,249,79,44,229,254,173,293,269,42,43,186,36,114,49,43,269,266,273,240,284,64,117,240,36,176,53,226,190,244,260,213,271,182,271,73,147,,,296,269,,,284,34,269,276,285,240,237,174,163,99,290,256,102,95,83,145,117,198,142,164,265,219,251,123,,282,,,b'\x11\xe8\xe1I\xd8|\x8c\x90\x98|\x12\xdf\x17\xaeN\x1e'
11E8E149-D87C-8C90-987C-12DF17AE4E1E,2020-ncaa-d2-conf-GLVC,ncaa,16,16,5,16,8,16,16,12,15,13,12,15,11,10,12,8,12,12,6,12,10,13,10,14,14,16,6,10,5,15,15,9,16,13,15,12,9,15,16,15,12,13,3,1,,,10,10,,,16,9,10,12,16,16,15,13,10,12,11,12,12,12,16,15,15,11,14,14,15,13,3,,9,,,16,12,12,11,9,11,8,10,14,13,9,13,8,7,12,6,7,12,10,10,10,10,11,11,7,15,16,12,15,13,15,13,9,10,11,12,12,13,6,7,,,11,9,,,16,8,16,14,16,11,12,11,10,8,12,13,9,9,8,12,8,15,11,13,12,11,13,5,,10,,,b'\x11\xe8\xe1I\xd8|\x8c\x90\x98|\x12\xdf\x17\xaeN\x1e'
11E8E149-D87C-8C90-987C-12DF17AE4E1E,2020-ncaa-d2-natl,ncaa,277,266,257,281,270,254,259,274,206,248,242,222,225,246,161,198,195,223,91,223,162,271,273,207,187,206,154,190,76,240,213,251,231,263,227,240,178,134,219,218,271,260,78,55,,,116,195,,,260,266,179,135,210,225,221,210,164,198,217,133,170,168,222,197,204,188,213,217,211,257,50,,196,,,261,144,147,90,221,120,79,215,211,169,244,221,131,102,244,98,160,82,54,234,235,261,209,232,126,156,231,85,213,103,227,147,160,267,244,253,107,185,71,108,,,214,68,,,260,45,217,279,264,249,240,221,201,156,265,244,192,160,160,224,173,225,171,206,221,238,175,107,,105,,,b'\x11\xe8\xe1I\xd8|\x8c\x90\x98|\x12\xdf\x17\xaeN\x1e'
11E8E149-D87C-8C90-987C-12DF17AE4E1E,2021-ncaa-d2-conf-GLVC,ncaa,15,15,10,15,10,14,13,12,15,13,10,13,14,11,15,8,7,8,1,8,10,12,11,15,14,15,11,15,2,13,15,11,13,13,15,14,13,7,9,15,6,7,12,12,,,8,7,,,15,9,5,1,14,15,9,13,8,15,8,3,8,8,9,6,13,10,13,15,11,5,12,,10,,,15,10,10,8,10,10,11,8,6,5,11,3,10,10,7,10,7,9,9,9,8,9,3,4,10,12,13,13,15,13,15,13,13,7,9,10,8,9,4,4,,,12,12,,,15,8,15,12,15,14,14,13,13,12,6,6,11,12,11,14,14,15,15,15,13,7,10,4,,11,,,b'\x11\xe8\xe1I\xd8|\x8c\x90\x98|\x12\xdf\x17\xaeN\x1e'
11E8E149-D87C-8C90-987C-12DF17AE4E1E,2021-ncaa-d2-natl,ncaa,190,221,47,201,47,79,89,72,161,72,57,126,131,87,201,150,34,45,23,40,85,68,65,175,151,150,152,189,19,125,212,77,177,103,212,116,180,178,127,178,38,77,133,198,,,192,131,,,208,47,103,7,152,173,142,119,104,195,150,44,88,84,132,133,202,180,210,191,123,65,189,,144,,,192,197,196,182,184,200,195,175,148,141,150,49,203,206,156,204,125,187,184,172,174,179,56,56,133,196,177,201,212,205,212,206,177,53,122,175,175,130,93,33,,,63,113,,,208,181,166,186,192,187,186,156,196,177,93,63,176,167,166,165,155,155,180,183,197,109,134,30,,129,,,b'\x11\xe8\xe1I\xd8|\x8c\x90\x98|\x12\xdf\x17\xaeN\x1e'
11E8E149-D87C-8C90-987C-12DF17AE4E1E,2022-ncaa-d2-conf-GLVC,ncaa,12,11,9,12,9,12,12,10,13,11,10,13,12,11,13,4,12,13,2,13,13,10,10,13,13,13,10,8,7,9,9,10,9,10,10,12,8,5,10,10,11,9,13,14,,,2,5,,,12,12,13,4,12,12,10,12,10,12,8,12,14,14,10,10,8,8,7,11,10,11,14,,4,,,12,2,2,3,6,5,3,7,5,4,6,11,2,2,11,2,4,2,3,8,7,7,5,10,5,6,9,5,9,4,10,2,2,10,9,6,6,11,6,10,,,12,13,,,12,3,12,10,12,5,5,4,6,6,7,7,5,4,4,3,3,8,9,9,3,10,10,9,,13,,,b'\x11\xe8\xe1I\xd8|\x8c\x90\x98|\x12\xdf\x17\xaeN\x1e'
11E8E149-D87C-8C90-987C-12DF17AE4E1E,2022-ncaa-d2-natl,ncaa,240,225,248,245,261,273,275,272,219,274,279,203,221,209,220,89,271,287,36,286,234,285,283,215,205,200,120,105,187,264,218,264,126,278,199,255,168,44,182,200,275,223,286,285,,,24,115,,,240,283,279,224,269,265,255,261,258,182,138,250,270,269,278,280,241,251,267,241,112,256,287,,57,,,244,41,57,31,243,67,33,240,90,73,208,197,35,18,291,18,69,27,17,241,238,262,119,182,66,27,126,42,218,28,199,18,14,286,250,177,66,200,35,120,,,276,171,,,240,17,227,264,253,144,177,82,170,83,166,145,82,45,48,54,17,75,106,85,45,278,141,67,,262,,,b'\x11\xe8\xe1I\xd8|\x8c\x90\x98|\x12\xdf\x17\xaeN\x1e'
11E8E149-D87C-8C90-987C-12DF17AE4E1E,2023-ncaa-d2-conf-GLVC,ncaa,7,9,3,8,6,6,6,4,8,6,3,10,7,8,4,8,9,9,7,9,12,5,4,8,8,11,9,6,7,4,4,7,7,5,4,4,3,13,13,8,5,5,9,9,,,9,8,,,7,5,4,8,9,9,5,7,4,8,10,10,9,9,7,5,4,6,8,4,13,6,9,,9,,,7,8,7,8,4,4,8,4,10,10,8,10,9,7,7,8,7,9,8,6,6,4,11,11,8,8,7,4,4,4,4,8,8,4,4,3,12,12,11,10,,,8,12,,,7,9,11,5,6,6,6,6,5,5,10,9,7,6,8,6,6,9,2,2,7,5,12,11,,11,,,b'\x11\xe8\xe1I\xd8|\x8c\x90\x98|\x12\xdf\x17\xaeN\x1e'
11E8E149-D87C-8C90-987C-12DF17AE4E1E,2023-ncaa-d2-natl,ncaa,169,182,148,182,153,151,138,166,98,113,101,151,178,225,61,228,175,192,114,185,223,168,163,120,120,141,220,194,173,166,84,190,104,194,75,99,78,166,179,125,209,207,242,246,,,151,188,,,176,160,136,71,135,116,132,86,65,176,230,169,186,178,147,137,160,205,198,69,184,209,244,,167,,,175,164,157,124,195,138,110,195,193,175,204,194,159,125,268,132,163,127,121,201,212,218,196,199,152,60,104,30,84,30,75,136,118,176,174,161,172,185,119,81,,,182,187,,,176,134,144,190,175,195,188,154,163,119,212,191,174,130,135,145,131,71,23,27,144,179,185,121,,184,,,b'\x11\xe8\xe1I\xd8|\x8c\x90\x98|\x12\xdf\x17\xaeN\x1e'
11E8E149-D87C-8C90-987C-12DF17AE4E1E,2024-ncaa-d2-conf-GLVC,ncaa,10,10,9,10,12,13,10,7,13,9,3,13,13,12,13,11,14,14,11,14,13,9,8,14,14,14,13,13,12,4,4,8,6,5,7,11,11,11,11,12,7,7,4,4,,,4,8,,,10,9,4,8,12,9,3,6,2,13,11,13,13,14,6,3,3,7,4,11,12,7,3,,8,,,10,2,2,5,4,5,5,8,1,4,2,7,7,5,14,4,8,2,6,4,4,2,5,3,11,3,6,8,4,6,7,4,9,4,3,3,9,10,8,6,,,6,7,,,10,5,14,3,10,4,5,7,9,7,1,6,8,6,6,3,9,6,9,8,6,3,10,9,,5,,,b'\x11\xe8\xe1I\xd8|\x8c\x90\x98|\x12\xdf\x17\xaeN\x1e'
11E8E149-D87C-8C90-987C-12DF17AE4E1E,2024-ncaa-d2-natl,ncaa,201,212,172,208,198,156,140,93,211,101,57,211,212,198,221,227,186,199,143,199,267,114,117,229,231,207,251,231,192,88,109,161,80,135,121,169,199,139,116,161,207,229,80,81,,,143,123,,,215,129,54,206,136,107,27,70,26,216,194,176,176,183,42,52,72,142,85,164,161,214,67,,162,,,211,213,216,170,211,218,168,230,147,155,121,143,198,149,296,144,114,160,154,200,223,225,107,105,156,68,80,183,109,138,121,168,107,159,180,178,109,98,155,95,,,84,76,,,215,178,186,199,201,243,243,225,254,211,167,178,207,151,146,223,201,79,232,166,187,147,134,173,,38,,,b'\x11\xe8\xe1I\xd8|\x8c\x90\x98|\x12\xdf\x17\xaeN\x1e'
11E8E149-D87C-8C90-987C-12DF17AE4E1E,2025-ncaa-d2-conf-GLVC,genius_ncaa,1,2,1,2,1,1,1,1,4,1,1,5,8,9,12,15,1,1,10,1,7,1,1,7,5,4,15,15,6,1,1,1,1,1,1,1,7,14,4,4,1,3,1,4,,,12,5,,7,3,1,1,1,2,2,1,1,1,11,12,2,2,2,1,1,1,3,1,1,11,3,3,,7,,6,3,15,14,15,5,13,15,5,13,13,9,6,14,14,13,14,11,15,15,6,6,4,12,6,12,8,1,12,1,12,1,8,5,1,3,1,14,6,15,5,,,1,1,,1,3,15,3,4,3,8,6,11,7,10,6,7,12,11,11,13,15,2,5,3,4,3,9,11,,1,,1,b'\x11\xe8\xe1I\xd8|\x8c\x90\x98|\x12\xdf\x17\xaeN\x1e'
11E8E149-D87C-8C90-987C-12DF17AE4E1E,2025-ncaa-d2-natl,genius_ncaa,24,47,15,37,15,12,13,11,38,7,5,64,168,184,134,281,6,7,160,6,104,9,10,73,64,67,276,277,72,13,25,4,9,6,6,31,149,261,94,84,62,158,34,64,,,268,126,,271,59,11,39,27,15,16,32,4,8,235,268,18,15,14,17,18,34,12,7,52,168,136,57,,170,,239,68,294,282,291,148,275,284,121,269,256,228,134,293,291,262,291,203,296,289,158,183,190,230,157,222,100,9,241,25,194,6,218,67,51,167,112,247,89,252,79,,,1,10,,9,59,292,39,144,68,218,185,210,173,197,207,172,251,225,227,235,226,31,95,53,114,132,157,181,,2,,11,b'\x11\xe8\xe1I\xd8|\x8c\x90\x98|\x12\xdf\x17\xaeN\x1e'
11E8E149-D87C-8C90-987C-12DF17AE4E1E,2026-ncaa-d2-conf-GLVC,genius_ncaa,8,7,6,8,6,8,8,13,3,4,8,5,11,12,3,14,1,2,5,2,1,10,12,3,2,3,9,12,1,13,13,14,9,13,11,12,13,4,2,6,11,9,3,4,,,9,13,,8,9,11,8,1,3,3,11,2,3,8,12,1,1,1,6,10,13,12,13,9,4,10,3,,13,,11,9,12,11,7,15,3,6,9,14,10,15,12,5,5,10,5,10,7,5,15,15,15,14,15,3,6,9,6,13,6,11,13,14,11,10,15,2,3,2,2,,,5,3,,9,9,4,3,15,9,15,14,10,6,7,15,12,9,8,8,10,7,7,8,7,15,10,2,3,,3,,9,b'\x11\xe8\xe1I\xd8|\x8c\x90\x98|\x12\xdf\x17\xaeN\x1e'
11E8E149-D87C-8C90-987C-12DF17AE4E1E,2026-ncaa-d2-natl,genius_ncaa,107,144,59,135,84,52,65,157,9,60,132,20,97,182,9,204,38,52,79,45,42,132,121,6,5,22,149,165,83,210,199,116,194,154,163,38,53,207,210,91,88,119,113,107,,,236,230,,281,131,105,156,88,54,72,276,77,201,123,233,47,63,60,239,219,255,179,248,47,178,121,143,,218,,274,136,241,225,202,205,141,122,176,291,281,277,283,198,198,170,185,223,200,198,258,259,255,284,288,122,215,194,115,199,152,163,261,259,110,159,236,182,167,38,28,,,59,47,,111,131,196,40,261,137,235,199,165,75,40,290,280,154,159,141,157,152,187,27,69,253,156,144,20,,76,,146,b'\x11\xe8\xe1I\xd8|\x8c\x90\x98|\x12\xdf\x17\xaeN\x1e'
11E8E149-D880-E7F4-987C-12DF17AE4E1E,2018-ncaa-d2-conf-RMAC,ncaa,4,6,4,6,4,3,3,3,7,7,8,10,3,3,4,4,6,6,8,6,6,3,3,6,7,6,3,4,10,1,1,3,1,2,1,7,11,7,5,8,12,14,11,14,,,10,8,,,2,6,13,1,3,4,3,9,8,3,3,8,8,8,3,4,1,5,1,7,6,15,12,,8,,,3,10,11,11,11,15,14,12,1,3,1,3,6,7,4,7,3,10,8,10,9,9,1,1,5,1,1,5,1,3,1,7,4,7,7,8,6,4,15,15,,,6,8,,,2,11,4,4,2,7,8,6,14,12,1,1,5,6,6,5,3,1,5,1,5,10,5,15,,6,,,b'\x11\xe8\xe1I\xd8\x80\xe7\xf4\x98|\x12\xdf\x17\xaeN\x1e'
11E8E149-D880-E7F4-987C-12DF17AE4E1E,2018-ncaa-d2-natl,ncaa,107,132,64,125,64,117,122,110,178,180,176,181,53,49,81,60,150,158,148,158,123,121,144,139,143,121,41,36,180,58,45,85,8,74,10,142,192,93,70,123,245,248,260,278,,,188,244,,,78,167,298,1,159,168,173,249,240,57,68,193,189,191,181,217,66,128,90,191,56,272,276,,146,,,82,99,142,130,178,230,206,214,19,56,11,48,113,111,145,111,94,117,105,127,117,145,12,19,140,10,8,131,45,57,10,53,27,213,204,134,97,82,271,278,,,96,81,,,78,150,85,93,70,46,90,40,179,138,10,20,79,80,79,30,13,1,66,21,33,257,69,250,,133,,,b'\x11\xe8\xe1I\xd8\x80\xe7\xf4\x98|\x12\xdf\x17\xaeN\x1e'
11E8E149-D880-E7F4-987C-12DF17AE4E1E,2019-ncaa-d2-conf-RMAC,ncaa,6,7,3,7,3,6,9,1,14,12,11,12,1,1,13,1,6,6,8,6,3,2,1,12,12,11,1,1,8,1,1,7,3,2,3,12,16,6,3,11,11,10,9,10,,,13,13,,,5,5,13,13,7,11,1,13,12,1,1,8,9,8,3,4,1,11,3,14,3,11,10,,12,,,5,7,7,5,12,9,10,11,2,4,5,2,13,12,10,12,11,6,7,11,12,10,3,2,15,1,3,13,1,4,3,2,1,5,7,3,6,4,12,12,,,5,9,,,5,13,4,6,5,5,5,2,8,3,2,1,10,9,10,3,2,1,8,5,2,9,4,7,,5,,,b'\x11\xe8\xe1I\xd8\x80\xe7\xf4\x98|\x12\xdf\x17\xaeN\x1e'
11E8E149-D880-E7F4-987C-12DF17AE4E1E,2019-ncaa-d2-natl,ncaa,97,109,76,106,111,157,192,118,266,272,258,253,39,16,166,8,180,193,129,193,85,126,164,216,214,168,6,8,189,44,46,148,5,92,32,237,269,62,48,179,181,152,246,231,,,167,258,,,93,205,296,263,212,247,149,298,289,33,15,213,226,226,181,245,41,209,94,275,31,216,265,,124,,,92,50,53,47,152,81,72,139,69,56,171,98,172,160,199,164,212,55,63,149,166,137,157,104,235,7,5,179,46,59,32,18,24,154,94,44,85,83,140,204,,,134,129,,,93,105,109,78,88,29,29,8,47,32,49,28,138,115,118,7,7,1,124,28,14,198,60,100,,175,,,b'\x11\xe8\xe1I\xd8\x80\xe7\xf4\x98|\x12\xdf\x17\xaeN\x1e'
11E8E149-D880-E7F4-987C-12DF17AE4E1E,2020-ncaa-d2-conf-RMAC,ncaa,12,12,4,12,4,4,6,2,14,9,7,13,4,1,12,3,10,9,12,9,9,2,2,11,12,11,6,4,11,4,7,3,4,3,9,9,15,7,5,11,13,14,3,5,,,11,8,,,12,2,4,2,6,6,4,11,9,5,2,10,10,10,4,3,5,5,4,10,6,14,3,,9,,,12,14,14,14,12,15,16,12,7,8,11,2,15,14,9,14,8,15,14,12,12,12,3,4,9,5,4,16,7,15,9,11,4,12,14,10,11,8,7,6,,,11,14,,,12,15,10,12,11,13,13,11,13,15,8,6,12,11,11,13,11,3,16,14,10,13,11,7,,12,,,b'\x11\xe8\xe1I\xd8\x80\xe7\xf4\x98|\x12\xdf\x17\xaeN\x1e'
11E8E149-D880-E7F4-987C-12DF17AE4E1E,2020-ncaa-d2-natl,ncaa,179,203,102,192,110,184,189,116,248,248,243,218,65,27,204,24,221,231,158,231,171,145,175,215,225,189,45,32,219,112,163,106,43,103,123,228,258,68,65,169,261,271,100,98,,,169,210,,,176,194,271,48,208,220,137,274,269,65,30,249,253,253,170,222,119,109,110,253,50,283,100,,135,,,174,146,138,125,165,141,136,152,136,121,176,131,184,192,129,197,195,135,95,160,155,200,169,142,197,62,43,240,163,175,123,106,99,237,232,188,122,138,65,103,,,215,224,,,176,111,176,172,172,116,111,84,120,113,126,113,170,178,178,91,40,49,226,158,93,267,114,54,,251,,,b'\x11\xe8\xe1I\xd8\x80\xe7\xf4\x98|\x12\xdf\x17\xaeN\x1e'
11E8E149-D880-E7F4-987C-12DF17AE4E1E,2021-ncaa-d2-conf-RMAC,ncaa,8,10,6,8,6,8,7,5,8,8,8,6,5,4,12,5,6,6,6,6,6,5,6,9,8,8,6,5,5,3,2,3,3,4,3,7,8,6,5,4,12,13,3,6,,,6,3,,,8,7,10,5,9,8,3,9,8,6,4,5,6,6,3,6,3,1,1,7,7,13,4,,2,,,8,8,11,11,5,12,12,5,2,8,1,2,6,7,2,7,3,12,9,2,2,7,2,2,4,9,3,9,2,9,3,5,2,10,13,10,7,7,6,4,,,6,5,,,8,9,6,7,7,7,10,12,14,14,2,6,3,6,4,12,11,8,7,9,6,13,7,3,,5,,,b'\x11\xe8\xe1I\xd8\x80\xe7\xf4\x98|\x12\xdf\x17\xaeN\x1e'
11E8E149-D880-E7F4-987C-12DF17AE4E1E,2021-ncaa-d2-natl,ncaa,106,156,99,134,101,115,114,113,151,125,125,119,86,73,156,60,98,104,104,105,72,114,114,144,140,118,69,74,84,68,64,63,54,71,38,124,146,92,63,102,179,213,44,60,,,97,63,,,109,124,177,75,131,143,115,154,161,86,63,110,109,115,116,148,64,21,31,159,46,217,45,,50,,,109,110,123,132,66,140,149,76,77,107,32,60,84,92,47,90,32,124,110,44,39,102,32,57,61,114,54,122,64,116,38,78,19,178,220,176,107,90,73,62,,,94,48,,,109,111,100,100,97,79,118,167,148,185,46,84,56,71,67,155,74,90,103,93,37,220,82,41,,78,,,b'\x11\xe8\xe1I\xd8\x80\xe7\xf4\x98|\x12\xdf\x17\xaeN\x1e'
11E8E149-D880-E7F4-987C-12DF17AE4E1E,2022-ncaa-d2-conf-RMAC,ncaa,10,10,6,10,7,5,5,4,7,7,6,6,3,5,7,8,12,11,10,12,13,5,6,6,7,5,9,5,14,4,4,6,4,6,6,4,8,4,3,3,10,10,11,15,,,1,1,,,8,8,10,11,5,4,2,7,7,3,4,12,13,13,4,7,4,6,6,5,3,12,11,,1,,,8,13,15,13,15,15,15,12,12,2,15,2,1,1,1,1,1,11,8,13,12,12,1,9,1,4,4,8,4,7,6,11,4,12,12,14,6,5,15,13,,,12,15,,,8,8,5,11,8,10,15,14,14,15,11,2,1,1,1,9,4,2,9,9,10,13,5,14,,14,,,b'\x11\xe8\xe1I\xd8\x80\xe7\xf4\x98|\x12\xdf\x17\xaeN\x1e'
11E8E149-D880-E7F4-987C-12DF17AE4E1E,2022-ncaa-d2-natl,ncaa,150,203,64,177,95,86,86,74,138,105,118,124,64,60,120,90,137,138,180,138,174,77,102,116,133,107,107,81,215,52,68,110,98,78,73,91,130,96,62,67,206,237,240,278,,,47,22,,,154,119,228,173,114,111,106,151,169,76,70,184,181,179,115,175,81,163,111,109,56,248,260,,15,,,154,234,277,238,261,283,261,207,209,108,291,64,20,29,74,30,3,206,172,251,217,247,17,153,8,124,98,163,68,146,73,158,22,218,253,218,180,143,285,279,,,99,124,,,154,178,83,242,153,189,262,209,263,255,163,68,6,8,7,136,62,87,96,91,111,258,125,281,,138,,,b'\x11\xe8\xe1I\xd8\x80\xe7\xf4\x98|\x12\xdf\x17\xaeN\x1e'
11E8E149-D880-E7F4-987C-12DF17AE4E1E,2023-ncaa-d2-conf-RMAC,ncaa,1,1,1,1,1,1,1,2,3,1,2,3,3,3,7,9,1,1,5,1,4,1,1,2,2,1,10,11,4,2,3,1,1,1,1,2,5,12,3,3,8,10,8,12,,,6,1,,,2,1,5,4,2,3,3,5,6,5,4,2,2,2,3,4,4,1,1,4,7,10,12,,1,,,2,15,15,15,6,15,15,9,9,15,1,7,3,3,2,3,1,15,15,3,2,5,1,5,1,12,1,14,3,14,1,12,3,7,10,7,9,3,15,13,,,1,5,,,2,15,2,3,2,6,10,15,14,14,4,10,1,1,1,13,12,3,4,5,8,10,4,12,,3,,,b'\x11\xe8\xe1I\xd8\x80\xe7\xf4\x98|\x12\xdf\x17\xaeN\x1e'
11E8E149-D880-E7F4-987C-12DF17AE4E1E,2023-ncaa-d2-natl,ncaa,19,29,17,27,18,24,33,25,76,44,57,51,33,28,121,81,13,12,141,11,32,22,26,65,62,48,75,108,102,30,62,9,29,10,16,39,114,188,59,58,137,226,165,247,,,171,46,,,43,25,139,107,39,63,84,101,177,69,56,34,44,41,60,100,66,16,18,64,80,224,225,,53,,,46,266,281,287,127,279,283,145,230,273,69,173,74,98,33,103,21,280,273,115,77,133,48,157,19,172,29,251,62,234,16,206,57,150,246,184,172,59,240,190,,,13,48,,,43,276,37,110,46,119,202,250,208,217,146,192,19,36,39,213,137,72,99,83,105,238,69,176,,48,,,b'\x11\xe8\xe1I\xd8\x80\xe7\xf4\x98|\x12\xdf\x17\xaeN\x1e'
11E8E149-D880-E7F4-987C-12DF17AE4E1E,2024-ncaa-d2-conf-RMAC,ncaa,1,1,1,1,1,1,1,1,7,2,2,5,1,1,9,3,4,4,12,4,7,1,1,5,6,2,6,4,10,1,3,1,5,1,3,4,12,1,1,2,7,8,8,14,,,2,1,,,1,3,12,10,2,3,2,5,6,4,1,5,6,6,1,5,2,2,1,6,1,8,11,,1,,,2,10,15,15,4,15,15,6,5,14,1,8,1,1,1,1,1,15,13,4,2,4,1,4,1,13,5,14,3,14,3,12,8,8,9,10,1,1,9,5,,,3,9,,,1,13,1,5,2,3,8,15,12,15,3,10,1,1,1,10,5,9,12,10,8,10,1,5,,7,,,b'\x11\xe8\xe1I\xd8\x80\xe7\xf4\x98|\x12\xdf\x17\xaeN\x1e'
11E8E149-D880-E7F4-987C-12DF17AE4E1E,2024-ncaa-d2-natl,ncaa,18,20,14,16,24,20,20,15,92,45,62,58,12,8,104,36,64,45,200,43,87,14,35,66,88,26,68,50,227,26,80,13,67,12,57,54,195,14,1,7,89,139,199,254,,,35,6,,,21,45,226,227,40,44,41,114,180,22,19,140,118,117,45,168,69,38,33,102,2,159,240,,4,,,24,238,279,289,119,281,283,161,235,277,48,221,9,14,16,14,2,278,255,118,53,123,18,195,1,226,67,277,80,262,57,250,93,194,259,253,65,11,103,52,,,62,170,,,21,251,12,120,26,72,194,246,207,203,153,214,3,4,4,155,73,122,162,138,148,264,17,32,,179,,,b'\x11\xe8\xe1I\xd8\x80\xe7\xf4\x98|\x12\xdf\x17\xaeN\x1e'
11E8E149-D880-E7F4-987C-12DF17AE4E1E,2025-ncaa-d2-conf-RMAC,genius_ncaa,7,8,4,7,7,5,4,1,11,6,6,7,2,1,11,1,9,7,10,7,9,2,4,10,11,6,5,1,12,1,4,4,7,4,7,4,10,1,1,3,13,14,5,6,,,2,1,,12,10,7,8,15,3,3,1,5,7,1,1,9,9,9,2,5,3,5,3,9,2,12,5,,3,,12,10,14,15,15,10,13,10,9,15,15,13,14,3,2,11,2,3,14,10,14,12,14,9,15,2,11,7,13,4,13,7,13,11,11,15,15,1,1,1,1,,,6,9,,7,10,9,4,15,10,12,15,15,10,9,15,14,3,3,3,13,8,9,13,11,14,13,1,1,,5,,6,b'\x11\xe8\xe1I\xd8\x80\xe7\xf4\x98|\x12\xdf\x17\xaeN\x1e'
11E8E149-D880-E7F4-987C-12DF17AE4E1E,2025-ncaa-d2-natl,genius_ncaa,144,159,109,154,148,84,95,49,186,141,151,137,38,16,156,31,123,134,144,131,117,58,109,149,163,77,49,45,206,82,163,100,93,87,162,116,189,18,2,32,237,259,188,205,,,37,16,,164,163,117,142,183,50,66,25,155,169,30,10,134,137,133,26,95,81,90,72,128,6,252,195,,23,,156,164,267,278,236,250,256,183,264,274,266,219,251,64,50,242,56,33,223,165,265,247,282,122,246,15,123,93,276,163,239,162,269,171,259,280,293,19,7,15,7,,,138,166,,125,163,179,58,271,167,253,278,265,240,175,272,273,60,43,44,236,135,114,269,229,246,275,17,10,,139,,128,b'\x11\xe8\xe1I\xd8\x80\xe7\xf4\x98|\x12\xdf\x17\xaeN\x1e'
11E8E149-D880-E7F4-987C-12DF17AE4E1E,2026-ncaa-d2-conf-RMAC,genius_ncaa,13,9,14,13,14,15,15,14,14,14,14,13,15,15,15,9,13,12,13,12,6,14,14,15,15,14,10,14,4,12,8,13,1,14,4,15,12,4,14,14,10,8,14,14,,,2,7,,1,13,14,3,5,14,14,9,10,9,15,10,9,7,7,8,4,6,2,4,14,14,6,13,,8,,1,13,2,2,2,11,2,2,11,4,3,9,7,4,3,8,2,8,2,2,11,11,11,6,8,8,1,1,2,8,2,4,2,2,12,9,9,11,15,15,15,,,13,7,,4,13,2,14,9,13,11,10,10,10,9,9,8,9,9,9,9,10,2,12,7,6,8,15,15,,7,,3,b'\x11\xe8\xe1I\xd8\x80\xe7\xf4\x98|\x12\xdf\x17\xaeN\x1e'
11E8E149-D880-E7F4-987C-12DF17AE4E1E,2026-ncaa-d2-natl,genius_ncaa,276,196,268,276,271,289,286,277,285,285,273,271,266,252,270,145,288,281,282,282,242,279,271,286,292,293,208,166,201,249,174,253,16,257,81,288,257,66,263,282,259,166,266,229,,,17,64,,42,262,271,70,88,291,274,130,254,136,235,156,272,229,232,161,82,110,25,38,281,262,162,235,,66,,112,277,34,41,26,231,32,21,195,120,60,273,222,26,20,138,19,89,22,21,249,234,234,200,253,47,7,16,46,174,22,81,69,210,268,154,212,201,292,229,297,,,273,184,,68,262,29,291,165,274,209,223,184,158,123,265,211,72,65,68,149,147,29,271,163,237,149,291,294,,154,,11,b'\x11\xe8\xe1I\xd8\x80\xe7\xf4\x98|\x12\xdf\x17\xaeN\x1e'
11E8E149-D885-3B7E-987C-12DF17AE4E1E,2018-ncaa-d2-conf-ECC,ncaa,3,3,1,3,1,1,1,1,3,1,3,3,1,1,5,2,2,2,1,2,4,1,1,3,3,3,2,3,4,7,8,1,2,1,5,3,8,1,1,3,3,4,3,4,,,6,2,,,3,1,3,2,2,3,1,4,6,2,1,2,3,3,2,4,7,1,4,4,1,3,3,,2,,,3,8,9,9,4,9,9,6,8,7,6,7,2,2,4,2,1,9,9,4,3,4,5,8,1,7,2,8,8,8,5,7,4,3,5,5,4,4,8,7,,,2,4,,,3,9,3,4,3,7,7,8,6,6,6,7,1,2,2,7,8,5,7,6,5,5,4,5,,4,,,b'\x11\xe8\xe1I\xd8\x85;~\x98|\x12\xdf\x17\xaeN\x1e'
11E8E149-D885-3B7E-987C-12DF17AE4E1E,2018-ncaa-d2-natl,ncaa,78,74,105,80,109,80,90,96,106,120,162,86,59,45,108,71,82,117,36,108,101,105,127,84,76,54,68,80,141,186,229,71,123,120,174,131,224,65,41,87,86,97,96,117,,,65,22,,,74,105,116,40,49,68,75,126,183,51,44,77,130,122,77,128,212,52,112,147,50,93,99,,41,,,73,194,239,248,124,207,231,117,238,233,187,206,36,32,190,29,9,218,205,135,101,124,125,243,18,202,123,225,229,221,174,242,192,132,163,207,109,91,256,258,,,126,153,,,74,199,69,128,78,162,212,257,183,226,229,227,25,23,18,211,200,195,213,208,229,148,98,253,,144,,,b'\x11\xe8\xe1I\xd8\x85;~\x98|\x12\xdf\x17\xaeN\x1e'
11E8E149-D885-3B7E-987C-12DF17AE4E1E,2019-ncaa-d2-conf-ECC,ncaa,5,4,3,5,3,5,4,6,3,3,5,1,7,6,7,7,7,8,4,7,6,6,4,3,3,4,8,7,8,7,8,4,3,5,5,5,7,8,9,6,4,3,5,4,,,1,2,,,5,3,4,1,5,2,6,3,4,7,7,7,8,7,7,4,10,3,6,4,10,3,5,,2,,,5,6,6,8,3,1,2,3,10,10,8,10,1,1,7,1,2,7,8,5,3,4,10,10,1,6,3,5,8,5,5,9,10,4,4,7,10,10,1,1,,,8,9,,,5,8,6,5,5,5,6,9,1,2,10,10,2,1,1,8,8,6,4,4,9,3,10,1,,9,,,b'\x11\xe8\xe1I\xd8\x85;~\x98|\x12\xdf\x17\xaeN\x1e'
11E8E149-D885-3B7E-987C-12DF17AE4E1E,2019-ncaa-d2-natl,ncaa,132,160,76,142,80,129,98,123,107,62,68,117,225,228,193,248,151,182,81,176,257,127,109,142,143,164,273,255,190,163,172,88,163,108,143,94,118,245,219,156,91,121,112,102,,,49,19,,,130,93,145,28,161,123,161,70,83,246,257,187,214,212,184,154,186,89,131,114,221,111,121,,25,,,130,176,177,246,70,88,136,82,300,302,190,295,55,60,120,58,85,213,224,118,96,93,283,302,39,229,163,179,172,208,143,290,302,89,114,210,245,212,73,36,,,192,263,,,130,220,183,100,128,116,132,218,53,74,286,292,34,38,39,162,193,200,124,155,272,105,217,55,,247,,,b'\x11\xe8\xe1I\xd8\x85;~\x98|\x12\xdf\x17\xaeN\x1e'
11E8E149-D885-3B7E-987C-12DF17AE4E1E,2020-ncaa-d2-conf-ECC,ncaa,4,5,2,4,2,4,4,5,4,6,6,4,2,2,2,2,6,6,2,6,5,5,4,3,4,5,3,2,5,8,8,2,4,3,4,4,1,9,9,7,5,6,3,4,,,3,1,,,5,2,1,1,4,5,7,6,8,2,4,6,7,7,9,5,9,1,3,3,9,6,3,,2,,,4,5,7,8,2,7,9,2,8,8,4,7,3,4,3,4,1,8,8,2,2,4,6,8,2,7,4,5,8,7,4,9,9,5,7,7,9,9,6,6,,,6,8,,,5,8,5,4,4,5,6,9,4,8,8,8,1,2,2,9,9,7,4,5,7,6,9,5,,7,,,b'\x11\xe8\xe1I\xd8\x85;~\x98|\x12\xdf\x17\xaeN\x1e'
11E8E149-D885-3B7E-987C-12DF17AE4E1E,2020-ncaa-d2-natl,ncaa,144,100,257,128,269,260,263,277,212,283,287,221,141,163,112,61,260,278,70,279,211,278,271,168,171,222,61,51,197,288,267,141,136,224,157,145,6,225,288,179,181,156,92,67,,,17,6,,,159,243,110,120,224,235,232,272,264,96,104,242,266,266,254,189,274,32,121,71,278,131,57,,25,,,159,35,37,139,17,15,84,11,205,236,107,283,28,26,213,27,45,100,81,30,23,45,284,300,81,156,136,74,267,94,157,204,308,214,179,232,230,272,95,196,,,275,257,,,159,73,241,48,153,78,92,268,40,162,261,290,47,41,44,243,222,225,156,198,256,159,264,134,,261,,,b'\x11\xe8\xe1I\xd8\x85;~\x98|\x12\xdf\x17\xaeN\x1e'
11E8E149-D885-3B7E-987C-12DF17AE4E1E,2021-ncaa-d2-conf-ECC,ncaa,2,2,1,2,1,2,2,1,2,2,1,3,1,1,1,2,3,4,4,3,5,1,1,2,2,2,3,2,5,2,4,2,3,2,3,1,1,6,4,3,1,1,3,5,,,6,5,,,2,1,2,2,2,2,3,2,4,2,3,5,5,5,3,2,2,3,2,2,4,1,5,,5,,,2,6,6,6,3,6,6,3,6,6,2,6,6,6,6,6,6,6,6,3,3,4,5,2,6,6,3,6,4,6,3,6,4,1,3,4,6,1,6,3,,,2,6,,,2,6,2,4,3,4,4,5,4,3,5,5,5,4,4,4,5,4,4,4,5,3,2,3,,6,,,b'\x11\xe8\xe1I\xd8\x85;~\x98|\x12\xdf\x17\xaeN\x1e'
11E8E149-D885-3B7E-987C-12DF17AE4E1E,2021-ncaa-d2-natl,ncaa,59,95,82,68,82,105,104,83,178,126,99,198,45,42,90,42,149,148,136,149,204,88,86,167,177,178,42,26,205,58,110,61,129,64,126,53,14,169,155,94,47,50,95,103,,,134,106,,,105,88,116,14,151,134,66,177,125,42,39,205,210,210,95,76,66,50,49,53,168,49,122,,109,,,106,116,111,145,18,91,115,35,159,197,35,214,123,107,197,102,99,140,140,29,31,35,196,201,128,173,129,170,110,172,126,162,211,65,89,113,118,62,207,211,,,117,205,,,105,134,165,44,118,52,51,144,26,61,160,211,86,65,60,129,138,164,189,186,154,78,72,202,,197,,,b'\x11\xe8\xe1I\xd8\x85;~\x98|\x12\xdf\x17\xaeN\x1e'
11E8E149-D885-3B7E-987C-12DF17AE4E1E,2022-ncaa-d2-conf-ECC,ncaa,4,4,1,4,2,3,3,2,5,4,6,2,2,2,4,3,8,8,8,9,7,3,2,3,3,4,3,3,10,5,6,5,5,5,5,3,3,6,6,4,3,4,7,7,,,7,4,,,6,2,8,5,5,4,6,9,8,2,3,10,9,10,8,8,9,7,7,3,5,4,8,,2,,,6,9,9,10,6,5,3,6,10,10,9,10,3,4,6,4,6,10,9,7,7,7,10,10,1,7,5,4,6,5,5,9,8,5,8,8,2,2,7,8,,,8,10,,,6,9,3,6,6,6,6,6,3,1,10,10,3,3,3,5,4,3,2,3,6,7,2,6,,10,,,b'\x11\xe8\xe1I\xd8\x85;~\x98|\x12\xdf\x17\xaeN\x1e'
11E8E149-D885-3B7E-987C-12DF17AE4E1E,2022-ncaa-d2-natl,ncaa,116,119,146,118,150,176,152,145,171,194,183,199,73,93,69,65,269,271,149,274,284,175,170,141,163,172,89,41,284,150,150,112,196,128,149,94,40,160,172,110,137,146,160,143,,,77,65,,,173,178,196,41,187,154,121,215,193,61,65,284,284,288,181,176,146,81,98,69,160,143,161,,82,,,173,134,138,194,51,47,100,39,286,286,228,292,49,49,128,53,73,169,148,111,86,129,290,299,43,235,196,142,150,179,149,218,260,188,203,232,126,156,166,201,,,252,280,,,173,130,168,158,172,135,144,231,32,80,289,292,42,49,47,206,171,229,151,189,227,183,139,172,,282,,,b'\x11\xe8\xe1I\xd8\x85;~\x98|\x12\xdf\x17\xaeN\x1e'
11E8E149-D885-3B7E-987C-12DF17AE4E1E,2023-ncaa-d2-conf-ECC,ncaa,9,9,7,9,8,8,8,9,4,8,9,5,6,6,4,2,8,8,2,8,7,9,9,4,5,5,3,2,6,9,9,8,9,9,9,7,2,4,7,6,9,9,5,5,,,8,9,,,9,8,4,5,6,7,9,8,9,4,4,6,8,8,9,9,9,6,9,5,7,9,4,,9,,,9,6,5,4,8,5,4,7,5,4,7,5,7,8,2,8,9,4,4,7,8,9,7,6,7,8,9,5,9,5,9,6,4,9,9,8,3,7,3,5,,,9,8,,,9,3,6,9,9,9,9,9,9,8,7,6,8,9,9,9,9,9,7,9,6,9,7,3,,9,,,b'\x11\xe8\xe1I\xd8\x85;~\x98|\x12\xdf\x17\xaeN\x1e'
11E8E149-D885-3B7E-987C-12DF17AE4E1E,2023-ncaa-d2-natl,ncaa,275,239,280,278,285,283,280,286,235,284,282,260,189,230,86,107,278,289,91,288,239,290,291,208,208,222,74,63,193,293,292,247,246,287,285,218,28,53,221,161,268,266,75,42,,,43,141,,,257,285,104,208,252,250,228,267,215,113,142,246,267,265,255,227,290,99,243,112,192,246,30,,185,,,267,50,49,58,115,23,55,38,204,101,292,166,42,65,52,68,132,52,31,158,135,183,275,277,105,177,246,73,292,116,285,132,246,265,233,256,37,188,46,145,,,292,269,,,257,20,264,230,262,236,217,269,127,233,281,221,149,178,179,268,243,272,267,274,250,193,159,114,,280,,,b'\x11\xe8\xe1I\xd8\x85;~\x98|\x12\xdf\x17\xaeN\x1e'
11E8E149-D885-3B7E-987C-12DF17AE4E1E,2024-ncaa-d2-conf-ECC,ncaa,9,9,7,9,9,7,5,7,4,8,9,4,3,3,3,2,9,9,7,9,9,8,8,3,5,5,5,1,9,9,9,5,9,9,9,3,5,3,5,4,8,8,7,7,,,8,8,,,8,6,2,3,5,2,3,7,6,2,2,9,9,9,4,4,9,4,8,2,5,8,7,,8,,,8,9,7,7,5,8,7,7,2,7,1,5,8,8,8,8,8,9,5,5,5,8,4,1,8,9,9,7,9,8,9,5,5,9,9,8,6,7,1,1,,,9,9,,,8,5,7,8,8,9,8,9,9,9,5,8,8,8,8,9,9,9,8,9,5,9,7,2,,9,,,b'\x11\xe8\xe1I\xd8\x85;~\x98|\x12\xdf\x17\xaeN\x1e'
11E8E149-D885-3B7E-987C-12DF17AE4E1E,2024-ncaa-d2-natl,ncaa,229,197,260,226,262,243,225,243,184,265,266,217,86,115,41,32,289,292,85,292,291,261,275,135,159,145,56,9,295,287,290,231,245,269,287,161,53,31,127,90,248,239,202,196,,,84,141,,,240,256,69,115,164,133,72,235,193,20,34,283,291,290,152,165,285,110,235,74,127,213,169,,199,,,243,96,94,97,135,111,95,170,118,150,66,182,162,166,132,162,198,98,61,134,144,208,164,144,189,200,245,158,290,184,287,133,193,272,270,260,46,145,36,96,,,290,292,,,240,46,202,239,234,260,250,280,250,241,209,249,244,248,247,283,256,275,280,285,248,224,141,74,,290,,,b'\x11\xe8\xe1I\xd8\x85;~\x98|\x12\xdf\x17\xaeN\x1e'
11E8E149-D885-3B7E-987C-12DF17AE4E1E,2025-ncaa-d2-conf-ECC,genius_ncaa,8,8,5,8,8,9,9,9,8,8,8,9,7,7,6,5,7,8,2,8,7,9,8,8,7,9,4,4,6,8,8,8,9,9,9,9,8,9,9,9,8,9,5,5,,,5,5,,1,9,8,6,7,9,9,8,8,6,6,7,7,7,7,9,7,8,7,9,9,9,8,4,,5,,1,9,8,9,5,8,7,4,8,7,6,6,5,7,7,3,7,7,5,3,8,8,9,5,4,6,8,9,4,8,6,9,9,7,8,9,9,9,9,8,8,,,8,7,,5,9,2,9,9,9,9,9,9,9,7,8,8,8,8,8,9,6,8,6,6,9,8,9,8,,7,,5,b'\x11\xe8\xe1I\xd8\x85;~\x98|\x12\xdf\x17\xaeN\x1e'
11E8E149-D885-3B7E-987C-12DF17AE4E1E,2025-ncaa-d2-natl,genius_ncaa,287,281,260,289,265,286,284,285,265,273,249,266,263,269,231,203,275,275,181,278,253,290,274,266,264,285,210,192,157,272,248,247,258,268,258,277,223,208,287,286,259,236,149,124,,,28,58,,15,285,265,123,200,287,286,259,253,166,248,234,256,252,253,277,182,247,158,225,275,275,218,101,,96,,16,288,94,110,86,194,105,81,196,159,141,194,199,61,80,70,79,126,77,48,205,178,224,146,203,81,200,258,74,248,114,258,243,276,266,257,289,258,295,207,267,,,288,286,,281,285,36,290,259,291,239,252,268,224,218,236,239,139,159,160,266,217,266,213,254,288,230,291,265,,285,,281,b'\x11\xe8\xe1I\xd8\x85;~\x98|\x12\xdf\x17\xaeN\x1e'
11E8E149-D885-3B7E-987C-12DF17AE4E1E,2026-ncaa-d2-natl,genius_ncaa,201,144,221,202,267,253,245,242,194,207,201,168,266,257,264,245,222,184,267,174,112,239,234,227,239,245,259,260,106,226,212,224,274,233,256,187,55,125,232,183,103,65,125,89,,,98,137,,158,246,233,51,289,215,189,172,115,82,263,239,144,90,75,140,88,165,96,127,108,240,37,81,,232,,232,255,103,118,111,137,125,81,223,140,194,51,260,68,68,145,69,119,104,91,146,121,141,130,175,88,240,274,109,212,154,256,173,250,211,196,238,195,263,92,123,,,236,209,,271,246,65,249,212,251,249,254,288,240,204,215,288,139,146,141,284,276,289,254,289,269,125,264,147,,169,,272,b'\x11\xe8\xe1I\xd8\x85;~\x98|\x12\xdf\x17\xaeN\x1e'
11E8E149-D889-84D6-987C-12DF17AE4E1E,2018-ncaa-d2-conf-GLVC,ncaa,10,10,9,10,9,8,8,9,8,7,8,11,8,11,5,9,9,9,9,9,11,9,8,9,11,10,10,8,7,8,7,12,15,11,9,12,12,9,12,14,5,5,5,3,,,14,15,,,9,10,9,1,7,7,6,7,5,7,9,8,9,9,6,6,6,11,10,11,12,4,5,,15,,,9,8,3,3,10,4,3,9,7,6,7,7,15,15,6,15,15,3,6,8,11,10,12,7,15,13,15,3,7,6,9,7,13,6,6,8,6,10,7,6,,,9,9,,,9,5,7,10,9,11,8,6,7,5,9,8,15,15,15,10,10,14,8,10,9,4,10,8,,8,,,b'\x11\xe8\xe1I\xd8\x89\x84\xd6\x98|\x12\xdf\x17\xaeN\x1e'
11E8E149-D889-84D6-987C-12DF17AE4E1E,2018-ncaa-d2-natl,ncaa,243,179,293,234,298,284,282,297,197,281,277,220,209,247,114,150,266,276,104,273,207,298,297,190,185,192,118,122,155,241,134,301,267,298,229,281,221,47,205,228,219,109,174,91,,,115,294,,,221,300,211,226,221,222,208,237,186,148,173,203,221,218,229,208,152,289,262,241,173,125,114,,269,,,232,31,10,7,201,14,10,207,60,42,202,146,216,198,209,191,298,14,12,207,255,234,256,124,295,70,267,11,134,17,229,64,255,246,128,180,80,230,21,103,,,259,102,,,221,10,197,245,234,189,111,47,96,54,157,129,292,285,283,113,109,194,107,127,199,149,202,89,,139,,,b'\x11\xe8\xe1I\xd8\x89\x84\xd6\x98|\x12\xdf\x17\xaeN\x1e'
11E8E149-D889-84D6-987C-12DF17AE4E1E,2019-ncaa-d2-conf-GLVC,ncaa,9,8,9,9,12,9,10,14,6,14,14,11,2,7,1,2,10,11,3,11,2,13,14,3,3,5,1,1,5,12,10,13,11,13,10,10,7,3,6,6,13,11,10,8,,,10,13,,,9,14,13,12,6,9,14,14,14,1,6,7,9,10,13,14,12,11,13,9,6,12,10,,12,,,9,7,4,2,7,3,3,5,11,5,13,7,13,12,7,12,12,3,3,9,10,13,14,11,12,10,11,2,10,4,10,12,14,13,12,13,3,7,2,7,,,10,3,,,9,1,5,14,9,10,9,7,5,5,11,9,13,13,13,9,3,11,2,7,13,13,6,3,,8,,,b'\x11\xe8\xe1I\xd8\x89\x84\xd6\x98|\x12\xdf\x17\xaeN\x1e'
11E8E149-D889-84D6-987C-12DF17AE4E1E,2019-ncaa-d2-natl,ncaa,232,184,287,224,291,255,275,299,105,295,298,206,99,204,3,75,206,240,46,245,44,299,300,55,45,78,9,23,94,288,229,294,258,297,234,245,133,68,240,184,294,281,194,156,,,149,295,,,237,299,264,34,164,232,293,285,278,41,123,103,153,154,287,273,269,264,288,185,190,286,153,,278,,,236,81,53,25,235,52,38,170,134,51,303,114,238,205,271,206,273,31,17,255,274,293,261,201,276,96,258,7,229,16,234,172,281,298,281,300,75,231,16,87,,,246,43,,,237,13,101,297,239,260,205,124,162,142,246,135,290,278,279,174,99,207,48,101,275,280,186,31,,125,,,b'\x11\xe8\xe1I\xd8\x89\x84\xd6\x98|\x12\xdf\x17\xaeN\x1e'
11E8E149-D889-84D6-987C-12DF17AE4E1E,2020-ncaa-d2-conf-GLVC,ncaa,13,13,10,13,13,7,11,11,11,14,14,13,4,5,4,4,5,6,2,6,2,10,11,7,6,7,1,1,3,10,9,15,9,15,13,14,13,6,9,12,9,7,11,11,,,12,14,,,14,11,6,7,5,10,10,14,13,3,2,4,6,6,9,6,9,14,15,13,9,7,11,,14,,,14,15,13,3,16,13,4,16,13,4,16,6,13,13,10,13,12,4,4,16,16,16,7,6,9,4,9,7,9,5,13,16,15,10,7,16,4,5,7,11,,,8,4,,,14,5,7,16,14,16,15,6,15,7,14,6,13,13,13,8,9,5,10,9,16,8,5,9,,3,,,b'\x11\xe8\xe1I\xd8\x89\x84\xd6\x98|\x12\xdf\x17\xaeN\x1e'
11E8E149-D889-84D6-987C-12DF17AE4E1E,2020-ncaa-d2-natl,ncaa,254,220,283,251,293,196,233,274,121,270,286,156,105,149,38,78,90,142,40,140,26,266,276,85,58,71,23,65,43,236,177,295,189,292,223,246,248,50,138,184,214,160,175,148,,,192,290,,,258,274,102,134,69,135,162,223,233,47,70,24,49,48,126,132,171,275,270,208,135,150,138,,286,,,262,242,235,38,310,221,67,307,223,65,311,117,220,187,247,188,245,51,33,310,310,310,175,178,159,40,189,41,177,36,223,285,281,271,231,302,34,94,71,165,,,175,32,,,258,41,87,308,255,305,297,193,291,185,287,160,276,260,263,236,184,118,161,138,303,210,93,131,,33,,,b'\x11\xe8\xe1I\xd8\x89\x84\xd6\x98|\x12\xdf\x17\xaeN\x1e'
11E8E149-D889-84D6-987C-12DF17AE4E1E,2021-ncaa-d2-conf-GLVC,ncaa,11,11,10,11,11,12,11,5,12,12,9,14,7,6,10,7,14,10,15,10,12,6,7,12,15,14,7,4,12,7,8,9,7,9,9,13,15,8,6,14,4,4,4,3,,,14,15,,,9,8,4,6,13,10,2,12,6,5,5,14,10,10,2,1,5,6,4,14,12,3,5,,15,,,9,3,2,4,3,2,3,2,7,10,7,12,14,13,12,13,15,4,6,3,5,3,15,10,15,8,7,12,8,10,9,4,14,4,3,3,7,6,10,10,,,10,14,,,9,5,14,3,9,7,2,4,2,4,8,11,15,15,15,8,11,9,14,13,7,3,8,11,,9,,,b'\x11\xe8\xe1I\xd8\x89\x84\xd6\x98|\x12\xdf\x17\xaeN\x1e'
11E8E149-D889-84D6-987C-12DF17AE4E1E,2021-ncaa-d2-natl,ncaa,97,184,47,138,51,64,59,44,137,68,50,138,54,50,115,103,87,58,196,58,125,46,42,135,152,146,119,87,157,51,118,67,97,61,139,106,198,182,93,169,21,37,43,52,,,223,221,,,147,45,88,43,123,110,80,114,86,90,89,159,114,114,78,81,95,155,127,177,126,39,70,,218,,,130,174,143,149,90,137,137,90,162,166,114,131,225,223,190,223,218,166,173,105,153,124,204,105,221,151,97,190,118,182,139,176,179,33,57,77,172,100,176,111,,,50,120,,,147,178,143,105,133,128,61,37,56,51,118,114,223,214,216,95,123,77,156,130,125,54,127,129,,94,,,b'\x11\xe8\xe1I\xd8\x89\x84\xd6\x98|\x12\xdf\x17\xaeN\x1e'
11E8E149-D889-84D6-987C-12DF17AE4E1E,2022-ncaa-d2-conf-GLVC,ncaa,8,7,7,8,7,8,8,8,10,9,8,12,4,5,1,8,7,6,13,6,9,8,8,9,10,11,2,2,9,3,2,3,4,2,3,9,13,13,11,12,8,7,4,3,,,12,13,,,8,8,5,4,7,8,4,10,5,2,7,9,5,5,5,3,3,2,1,10,12,8,4,,13,,,8,7,5,6,3,3,6,3,12,11,11,10,13,13,5,13,13,8,9,4,6,8,14,11,13,7,4,4,2,5,3,7,11,9,10,9,12,12,8,6,,,9,12,,,8,7,8,11,8,9,3,6,4,5,10,10,13,13,13,10,8,9,5,6,6,9,12,8,,8,,,b'\x11\xe8\xe1I\xd8\x89\x84\xd6\x98|\x12\xdf\x17\xaeN\x1e'
11E8E149-D889-84D6-987C-12DF17AE4E1E,2022-ncaa-d2-natl,ncaa,150,119,222,134,242,189,205,230,151,232,217,225,117,200,13,147,174,184,118,181,139,228,236,115,121,132,56,63,138,118,38,186,105,158,40,251,269,84,153,224,250,230,118,60,,,189,293,,,158,250,221,224,135,164,163,216,161,70,150,126,140,132,165,168,69,103,71,248,144,234,85,,262,,,159,85,47,59,117,38,51,119,136,120,175,196,228,208,208,208,273,72,49,137,180,230,271,196,267,74,105,34,38,35,40,80,166,276,265,243,119,195,99,150,,,233,179,,,158,54,95,227,158,173,102,113,73,81,193,199,269,257,257,164,77,122,41,66,130,268,193,143,,189,,,b'\x11\xe8\xe1I\xd8\x89\x84\xd6\x98|\x12\xdf\x17\xaeN\x1e'
11E8E149-D889-84D6-987C-12DF17AE4E1E,2023-ncaa-d2-conf-GLVC,ncaa,9,7,9,9,10,10,12,9,12,11,9,11,10,10,10,9,3,3,6,3,3,9,8,12,10,10,6,10,1,2,3,10,8,8,6,9,8,10,10,11,7,3,7,5,,,10,11,,,5,10,7,4,7,11,4,9,5,10,9,2,1,1,4,3,2,8,4,9,12,5,5,,10,,,6,3,2,2,8,1,1,6,8,5,11,8,10,10,10,10,11,2,3,8,10,8,13,10,11,4,8,3,3,3,6,7,13,6,3,5,9,10,3,3,,,3,1,,,5,4,8,8,8,9,4,3,2,2,12,6,12,11,10,3,5,7,7,7,9,4,11,5,,1,,,b'\x11\xe8\xe1I\xd8\x89\x84\xd6\x98|\x12\xdf\x17\xaeN\x1e'
11E8E149-D889-84D6-987C-12DF17AE4E1E,2023-ncaa-d2-natl,ncaa,183,162,239,189,246,168,203,212,154,180,162,175,207,232,135,218,68,85,70,86,60,188,225,174,123,109,138,214,22,103,52,270,194,222,130,229,230,31,63,147,232,200,154,85,,,177,280,,,173,250,177,128,85,134,103,104,66,182,198,14,29,28,69,106,55,251,152,201,86,199,120,,255,,,174,127,82,40,238,52,28,188,216,130,287,208,212,185,222,182,266,55,43,260,273,268,283,241,233,68,194,38,52,35,130,168,244,238,191,240,39,90,40,50,,,113,26,,,173,41,79,269,186,249,185,111,108,61,262,199,267,252,252,144,115,133,86,104,232,194,108,64,,25,,,b'\x11\xe8\xe1I\xd8\x89\x84\xd6\x98|\x12\xdf\x17\xaeN\x1e'
11E8E149-D889-84D6-987C-12DF17AE4E1E,2024-ncaa-d2-conf-GLVC,ncaa,6,6,5,6,6,8,9,4,14,13,10,14,2,1,8,1,9,11,3,12,10,4,5,13,13,11,1,1,10,4,8,11,14,11,13,8,9,6,6,9,2,2,3,3,,,13,13,,,9,6,5,10,10,12,2,14,10,2,1,10,11,12,3,4,4,11,10,10,7,2,4,,13,,,9,6,3,6,8,6,7,7,3,2,8,2,13,13,9,13,11,6,9,6,9,4,8,4,13,13,14,13,8,14,13,10,12,2,2,4,10,9,12,11,,,9,11,,,9,9,11,6,9,6,3,4,5,6,2,2,12,12,12,4,11,13,13,13,10,2,9,11,,9,,,b'\x11\xe8\xe1I\xd8\x89\x84\xd6\x98|\x12\xdf\x17\xaeN\x1e'
11E8E149-D889-84D6-987C-12DF17AE4E1E,2024-ncaa-d2-natl,ncaa,157,115,260,142,268,196,218,188,246,252,245,235,94,74,152,35,170,219,40,221,120,194,237,205,182,128,28,33,125,167,176,262,244,253,256,217,196,15,39,114,167,117,135,107,,,211,281,,,169,245,50,215,69,116,13,203,138,26,11,84,123,125,16,49,81,222,162,167,81,97,101,,290,,,172,87,56,37,205,84,57,199,68,49,194,83,253,233,265,228,273,49,51,198,241,210,194,82,286,132,244,158,176,147,256,131,229,166,110,157,40,90,123,182,,,219,156,,,169,52,128,226,173,255,204,177,218,193,147,116,294,289,288,228,241,230,280,277,243,73,127,191,,92,,,b'\x11\xe8\xe1I\xd8\x89\x84\xd6\x98|\x12\xdf\x17\xaeN\x1e'
11E8E149-D889-84D6-987C-12DF17AE4E1E,2025-ncaa-d2-conf-GLVC,genius_ncaa,10,10,9,10,14,12,14,10,14,13,13,14,6,4,7,4,6,6,12,6,3,8,8,14,13,11,2,3,3,4,7,10,11,9,10,13,9,8,10,12,14,13,2,1,,,13,15,,11,10,12,8,15,10,14,6,13,12,4,4,5,5,5,5,4,3,10,7,12,10,13,1,,14,,13,10,6,4,4,9,5,6,8,4,4,4,4,12,13,9,13,14,9,5,7,9,11,9,4,14,10,11,7,7,7,10,9,12,11,11,13,11,11,4,6,,,6,6,,12,10,3,11,12,11,10,5,4,8,8,4,5,14,14,14,10,9,13,10,12,10,12,11,4,,5,,12,b'\x11\xe8\xe1I\xd8\x89\x84\xd6\x98|\x12\xdf\x17\xaeN\x1e'
11E8E149-D889-84D6-987C-12DF17AE4E1E,2025-ncaa-d2-natl,genius_ncaa,216,141,291,196,293,274,288,286,277,293,292,287,141,164,98,68,190,195,150,197,25,282,291,242,223,191,5,39,36,194,121,278,153,267,173,283,232,16,81,201,290,282,81,23,,,147,297,,199,204,293,155,299,179,244,110,290,214,59,60,49,56,54,89,114,77,165,113,256,96,279,27,,289,,269,209,25,17,12,187,29,18,202,46,37,128,127,177,162,190,158,276,13,10,183,208,250,205,98,262,32,153,31,121,25,173,59,227,287,258,256,24,126,70,197,,,224,41,,245,204,9,172,243,212,214,168,142,181,142,138,155,277,274,274,199,127,149,229,198,219,251,135,161,,43,,192,b'\x11\xe8\xe1I\xd8\x89\x84\xd6\x98|\x12\xdf\x17\xaeN\x1e'
11E8E149-D889-84D6-987C-12DF17AE4E1E,2026-ncaa-d2-conf-GLVC,genius_ncaa,8,7,6,8,6,12,12,9,9,10,12,4,12,7,13,3,12,9,14,9,4,8,8,9,11,10,11,9,11,14,14,12,10,14,15,9,8,8,9,9,8,11,11,9,,,7,7,,3,14,7,2,1,9,8,6,7,11,9,4,10,6,6,3,4,14,10,14,7,11,7,9,,11,,3,14,11,12,9,14,8,2,15,12,13,7,15,8,9,6,9,13,9,9,14,14,13,12,12,8,9,10,12,14,11,15,11,12,6,4,11,9,12,3,5,,,13,11,,13,14,9,13,14,15,14,15,14,12,3,14,15,11,12,12,14,13,10,15,15,14,3,11,4,,10,,13,b'\x11\xe8\xe1I\xd8\x89\x84\xd6\x98|\x12\xdf\x17\xaeN\x1e'
11E8E149-D889-84D6-987C-12DF17AE4E1E,2026-ncaa-d2-natl,genius_ncaa,246,98,289,229,290,290,290,294,232,291,294,117,279,270,283,97,278,279,181,278,58,294,294,241,230,221,181,206,65,294,294,293,213,294,292,288,184,9,180,213,289,204,270,169,,,14,201,,9,232,291,67,88,229,239,207,198,230,229,116,112,106,101,181,181,290,217,283,224,156,189,199,,218,,38,269,16,17,8,265,15,5,288,67,45,202,285,22,24,59,22,262,7,7,279,273,259,240,248,101,15,213,18,294,13,292,38,225,286,122,205,21,221,38,233,,,290,112,,284,232,6,262,263,268,267,251,168,173,30,273,287,166,209,208,179,207,198,292,277,256,93,203,187,,142,,262,b'\x11\xe8\xe1I\xd8\x89\x84\xd6\x98|\x12\xdf\x17\xaeN\x1e'
11E8E149-D88D-F5DE-987C-12DF17AE4E1E,2018-ncaa-d2-conf-Heartland,ncaa,6,5,5,6,7,6,7,8,6,7,7,7,5,6,2,5,4,6,2,6,4,8,7,5,5,5,2,2,3,6,2,5,4,5,3,5,3,8,8,7,8,8,2,3,,,6,7,,,6,7,5,4,5,7,7,7,6,5,6,4,5,5,8,5,6,4,3,4,8,8,2,,6,,,6,5,5,3,5,3,4,3,5,5,7,5,3,3,6,3,3,3,2,5,5,7,6,7,3,4,4,2,2,1,3,3,3,8,8,7,5,6,5,7,,,5,4,,,6,2,5,7,6,6,6,5,3,5,5,6,4,4,4,5,4,6,2,3,3,8,5,5,,4,,,b'\x11\xe8\xe1I\xd8\x8d\xf5\xde\x98|\x12\xdf\x17\xaeN\x1e'
11E8E149-D88D-F5DE-987C-12DF17AE4E1E,2018-ncaa-d2-natl,ncaa,225,206,250,224,269,256,272,296,167,271,275,202,175,233,65,146,202,229,86,234,105,289,278,153,130,172,69,107,85,242,155,225,32,241,60,222,101,127,262,208,301,285,165,104,,,158,303,,,208,285,267,217,236,257,290,269,256,147,205,146,176,185,283,262,213,146,187,187,214,294,134,,245,,,212,53,38,25,174,26,26,134,167,102,270,203,162,120,290,111,240,28,19,202,231,269,276,245,238,14,32,17,155,10,60,47,155,296,271,245,88,204,96,211,,,219,56,,,208,20,187,244,227,149,106,60,64,48,219,163,229,196,194,76,23,27,48,32,111,287,147,146,,136,,,b'\x11\xe8\xe1I\xd8\x8d\xf5\xde\x98|\x12\xdf\x17\xaeN\x1e'
11E8E149-D88D-F5DE-987C-12DF17AE4E1E,2019-ncaa-d2-conf-Heartland,ncaa,5,3,5,5,5,6,7,7,3,7,7,4,3,7,2,4,6,5,6,5,4,7,8,3,5,5,4,4,5,5,4,6,2,7,3,4,2,5,6,4,7,7,2,2,,,6,7,,,5,8,4,1,4,5,6,5,4,3,5,5,5,5,5,5,4,4,5,3,6,7,2,,6,,,5,3,3,2,4,4,3,3,3,2,4,3,6,6,7,5,7,2,1,3,5,6,5,4,7,2,2,3,4,3,3,3,2,7,6,5,6,7,2,2,,,4,4,,,5,2,4,6,7,6,3,4,4,4,3,4,6,6,5,6,3,3,4,4,3,7,6,2,,4,,,b'\x11\xe8\xe1I\xd8\x8d\xf5\xde\x98|\x12\xdf\x17\xaeN\x1e'
11E8E149-D88D-F5DE-987C-12DF17AE4E1E,2019-ncaa-d2-natl,ncaa,183,145,260,176,268,235,244,279,122,256,278,133,150,196,64,116,215,204,198,209,71,276,277,99,101,133,84,98,130,246,190,273,83,276,153,198,107,86,212,163,262,216,136,80,,,164,297,,,182,276,228,97,173,194,265,216,247,110,147,149,132,134,246,234,212,243,253,157,184,236,101,,256,,,185,53,41,16,228,46,23,208,111,65,264,177,198,142,296,131,250,19,23,244,271,255,246,189,255,18,83,28,190,18,153,30,72,239,141,123,90,191,53,141,,,219,59,,,182,33,139,232,187,180,127,50,115,60,199,127,256,223,215,67,57,41,107,69,86,186,160,91,,118,,,b'\x11\xe8\xe1I\xd8\x8d\xf5\xde\x98|\x12\xdf\x17\xaeN\x1e'
11E8E149-D88D-F5DE-987C-12DF17AE4E1E,2020-ncaa-d2-conf-Mid-America Intercollegiate,ncaa,13,13,8,13,10,11,10,9,13,12,10,13,11,7,11,6,9,8,11,7,8,9,7,13,13,13,5,5,5,11,13,9,12,10,13,11,10,13,11,12,8,10,9,12,,,7,3,,,13,4,1,6,11,12,7,12,7,10,6,7,6,6,7,2,9,8,11,11,12,9,10,,10,,,13,14,14,14,14,14,14,14,11,9,12,4,9,8,11,7,3,14,12,14,13,14,4,5,1,13,12,14,13,14,13,13,11,11,14,14,11,10,14,14,,,9,12,,,13,11,13,14,13,14,14,14,14,14,11,9,11,10,10,14,14,14,14,14,14,12,13,14,,9,,,b'\x11\xe8\xe1I\xd8\x8d\xf5\xde\x98|\x12\xdf\x17\xaeN\x1e'
11E8E149-D88D-F5DE-987C-12DF17AE4E1E,2020-ncaa-d2-natl,ncaa,292,296,173,294,204,222,227,158,264,229,170,254,162,115,238,109,241,215,253,214,210,167,162,256,266,249,136,113,201,223,283,243,248,250,298,221,194,176,177,215,186,212,207,238,,,140,103,,,305,142,72,191,237,228,121,237,158,155,107,253,209,206,139,124,222,258,274,227,188,187,209,,143,,,297,298,302,240,306,302,251,304,240,171,298,112,163,138,270,134,78,225,190,305,307,308,47,114,59,206,248,295,283,279,298,297,193,217,252,296,193,176,299,299,,,258,288,,,305,176,265,307,298,304,305,280,304,279,248,182,182,149,148,268,238,216,299,289,294,215,195,299,,275,,,b'\x11\xe8\xe1I\xd8\x8d\xf5\xde\x98|\x12\xdf\x17\xaeN\x1e'
11E8E149-D88D-F5DE-987C-12DF17AE4E1E,2021-ncaa-d2-conf-Mid-America Intercollegiate,ncaa,9,9,9,9,10,11,11,10,11,11,10,11,10,10,10,9,10,10,9,10,12,10,9,11,9,11,10,9,5,12,12,12,12,11,13,10,8,8,10,10,9,9,2,3,,,9,11,,,12,9,3,3,10,10,7,9,5,9,9,7,8,8,7,4,12,12,11,9,10,7,1,,11,,,12,10,8,6,11,10,8,11,5,5,11,6,11,11,14,11,10,6,7,12,12,12,6,6,10,10,12,10,12,11,13,11,12,9,11,13,5,8,10,13,,,12,12,,,12,6,10,12,12,13,12,12,11,12,8,7,11,11,11,12,11,12,12,13,12,8,7,13,,11,,,b'\x11\xe8\xe1I\xd8\x8d\xf5\xde\x98|\x12\xdf\x17\xaeN\x1e'
11E8E149-D88D-F5DE-987C-12DF17AE4E1E,2021-ncaa-d2-natl,ncaa,125,199,47,167,55,82,81,70,138,72,55,133,100,88,153,147,64,73,73,74,146,71,68,153,146,139,153,151,82,100,185,76,162,83,192,86,138,160,109,125,72,135,13,29,,,193,165,,,204,59,131,88,155,148,141,119,98,170,153,119,138,140,138,152,162,171,183,151,90,134,20,,150,,,184,195,187,173,182,190,184,173,148,142,148,57,211,203,207,202,139,175,170,167,185,199,78,59,164,186,162,192,185,196,192,198,147,87,172,191,154,102,217,206,,,91,186,,,204,168,149,201,187,176,170,124,180,154,93,65,189,160,162,141,103,134,159,161,179,174,86,207,,201,,,b'\x11\xe8\xe1I\xd8\x8d\xf5\xde\x98|\x12\xdf\x17\xaeN\x1e'
11E8E149-D88D-F5DE-987C-12DF17AE4E1E,2022-ncaa-d2-conf-Mid-America Intercollegiate,ncaa,11,11,11,11,11,10,10,10,8,9,10,11,6,9,2,5,12,10,12,10,9,10,12,6,8,10,4,4,12,13,12,14,12,14,12,9,9,7,8,8,6,4,13,13,,,8,9,,,11,11,7,1,8,8,8,8,8,5,4,10,9,9,7,8,13,14,14,8,8,5,13,,11,,,11,10,10,3,14,9,2,14,9,5,13,10,6,5,7,5,11,3,5,14,14,12,8,10,5,8,12,3,12,4,12,14,14,6,5,13,7,8,2,3,,,12,10,,,11,4,10,12,11,13,12,5,10,6,12,8,10,12,12,8,9,12,8,9,14,6,7,3,,10,,,b'\x11\xe8\xe1I\xd8\x8d\xf5\xde\x98|\x12\xdf\x17\xaeN\x1e'
11E8E149-D88D-F5DE-987C-12DF17AE4E1E,2022-ncaa-d2-natl,ncaa,187,225,106,207,108,111,118,156,69,130,154,103,96,155,28,152,122,132,172,127,113,146,169,64,69,70,114,108,170,250,246,261,244,269,271,143,196,82,90,104,117,131,234,245,,,180,186,,,227,139,223,19,116,121,204,146,185,95,168,144,136,130,198,234,273,297,299,171,62,137,248,,161,,,215,256,256,149,293,246,140,287,227,163,275,163,221,188,257,184,185,155,153,290,293,286,144,157,129,129,244,105,246,113,271,295,284,149,155,275,95,106,76,85,,,126,94,,,227,162,105,282,219,264,253,96,244,105,218,142,200,169,169,108,102,118,77,84,289,167,79,63,,156,,,b'\x11\xe8\xe1I\xd8\x8d\xf5\xde\x98|\x12\xdf\x17\xaeN\x1e'
11E8E149-D88D-F5DE-987C-12DF17AE4E1E,2023-ncaa-d2-conf-Mid-America Intercollegiate,ncaa,13,13,11,13,11,14,14,12,14,13,12,14,13,11,13,9,12,11,10,12,9,13,12,14,14,14,8,10,3,10,6,13,10,12,10,12,6,13,13,14,8,7,14,14,,,11,10,,,14,12,7,4,14,14,11,13,9,13,10,8,9,9,12,7,8,13,12,11,13,7,14,,12,,,14,9,8,5,12,9,3,14,7,6,6,7,9,11,4,11,13,6,5,13,12,11,6,6,11,8,10,2,6,5,10,11,13,10,11,13,13,13,3,3,,,13,10,,,14,4,14,11,14,11,9,9,11,8,9,11,11,13,13,11,9,9,4,7,13,9,13,4,,11,,,b'\x11\xe8\xe1I\xd8\x8d\xf5\xde\x98|\x12\xdf\x17\xaeN\x1e'
11E8E149-D88D-F5DE-987C-12DF17AE4E1E,2023-ncaa-d2-natl,ncaa,283,288,197,285,205,271,264,235,273,252,221,270,235,217,257,161,257,253,212,253,218,250,240,275,278,277,183,167,152,217,188,264,221,259,230,237,120,198,259,248,194,163,281,286,,,145,218,,,288,230,208,66,287,280,244,262,191,237,195,251,240,243,259,207,200,264,265,234,235,163,286,,201,,,286,156,162,102,259,184,97,273,117,136,117,158,159,159,123,160,208,106,76,242,232,254,107,111,153,124,221,72,188,78,230,278,288,246,238,286,210,255,74,106,,,264,252,,,288,75,280,263,285,237,238,169,240,141,162,178,191,202,210,195,132,155,114,130,287,230,244,91,,260,,,b'\x11\xe8\xe1I\xd8\x8d\xf5\xde\x98|\x12\xdf\x17\xaeN\x1e'
11E8E149-D88D-F5DE-987C-12DF17AE4E1E,2024-ncaa-d2-conf-Mid-America Intercollegiate,ncaa,12,12,11,12,11,13,13,12,13,13,11,13,14,13,13,11,12,9,14,9,6,12,12,13,13,13,8,10,3,11,12,12,3,11,8,12,8,10,12,12,10,9,9,9,,,13,14,,,12,13,5,9,13,13,10,12,8,14,12,12,6,6,10,6,10,9,10,10,12,8,9,,13,,,12,2,1,1,4,1,3,4,2,2,5,4,12,12,8,12,13,1,1,4,6,6,12,3,14,1,3,6,12,2,8,3,6,10,10,6,10,12,2,4,,,11,8,,,12,2,13,5,12,5,3,4,3,6,3,4,12,12,12,7,5,1,10,7,5,10,12,4,,8,,,b'\x11\xe8\xe1I\xd8\x8d\xf5\xde\x98|\x12\xdf\x17\xaeN\x1e'
11E8E149-D88D-F5DE-987C-12DF17AE4E1E,2024-ncaa-d2-natl,ncaa,245,212,260,243,271,279,279,273,279,280,255,284,249,243,226,182,248,221,270,216,98,271,279,275,280,261,112,172,72,262,242,255,17,267,172,265,128,31,145,198,245,193,174,120,,,149,293,,,237,277,166,227,275,282,222,265,167,226,206,186,126,122,208,217,235,192,233,232,127,209,134,,269,,,238,27,17,23,114,24,27,118,47,46,120,126,175,162,206,154,259,23,20,121,161,196,214,111,277,7,17,62,242,18,172,26,103,282,229,183,44,155,42,98,,,249,104,,,237,24,268,141,238,129,75,65,80,93,102,103,257,246,238,116,59,9,221,86,76,250,138,86,,146,,,b'\x11\xe8\xe1I\xd8\x8d\xf5\xde\x98|\x12\xdf\x17\xaeN\x1e'
11E8E149-D88D-F5DE-987C-12DF17AE4E1E,2025-ncaa-d2-conf-Mid-America Intercollegiate,genius_ncaa,14,13,9,14,11,14,13,12,13,9,8,11,14,14,14,13,13,12,13,12,13,12,12,13,13,13,13,14,6,14,13,12,6,14,13,12,10,14,14,14,5,5,7,7,,,10,11,,12,13,10,3,6,13,13,12,8,6,14,14,13,12,12,12,11,14,13,14,12,14,5,6,,11,,13,13,3,3,4,5,3,4,4,6,6,10,7,9,10,4,10,10,4,4,5,6,5,10,6,12,3,6,8,13,5,13,1,2,6,6,2,13,14,2,1,,,10,10,,11,13,5,14,5,13,5,4,6,4,5,7,7,11,10,10,6,9,5,9,6,2,7,13,1,,11,,10,b'\x11\xe8\xe1I\xd8\x8d\xf5\xde\x98|\x12\xdf\x17\xaeN\x1e'
11E8E149-D88D-F5DE-987C-12DF17AE4E1E,2025-ncaa-d2-natl,genius_ncaa,261,258,230,264,235,265,249,262,211,205,196,215,263,264,244,232,249,231,255,230,209,265,259,232,237,235,253,240,159,281,272,233,57,263,206,258,233,102,210,234,178,126,149,110,,,153,264,,164,238,244,137,59,260,233,226,165,117,261,249,233,185,190,226,207,278,168,252,248,184,132,121,,235,,203,241,70,60,41,161,54,54,151,109,88,198,142,195,191,137,182,243,51,46,166,184,204,234,153,232,18,57,92,272,49,206,23,24,235,185,86,139,220,31,34,,,231,131,,250,238,61,260,160,235,163,130,113,124,120,173,149,237,237,232,138,124,39,195,117,32,196,199,40,,162,,236,b'\x11\xe8\xe1I\xd8\x8d\xf5\xde\x98|\x12\xdf\x17\xaeN\x1e'
11E8E149-D88D-F5DE-987C-12DF17AE4E1E,2026-ncaa-d2-conf-Mid-America Intercollegiate,genius_ncaa,6,10,1,10,1,1,1,2,6,2,2,2,4,2,8,8,5,8,2,8,13,2,2,8,9,9,12,9,13,4,11,1,13,3,14,1,4,14,13,5,5,11,3,10,,,14,14,,13,13,1,8,5,11,6,10,5,7,11,9,13,14,14,14,12,12,8,12,5,11,10,5,,14,,11,12,14,14,14,9,14,14,11,3,9,2,1,14,14,10,14,11,14,14,6,7,12,2,2,13,14,13,13,11,14,14,7,2,5,13,7,13,11,12,9,,,4,14,,11,13,14,10,13,12,13,12,13,14,14,2,2,14,14,14,14,12,13,8,11,3,13,8,9,,14,,14,b'\x11\xe8\xe1I\xd8\x8d\xf5\xde\x98|\x12\xdf\x17\xaeN\x1e'
11E8E149-D88D-F5DE-987C-12DF17AE4E1E,2026-ncaa-d2-natl,genius_ncaa,201,272,13,241,27,104,102,54,237,103,68,200,129,64,233,126,117,108,158,102,181,59,58,231,237,220,184,158,156,136,260,25,247,55,257,71,69,223,153,144,117,213,23,83,,,280,247,,275,271,43,191,88,242,236,195,208,196,194,149,218,215,215,216,228,229,85,174,154,120,206,53,,244,,249,250,261,252,283,69,253,289,37,208,198,185,55,289,284,272,284,168,285,275,67,103,193,176,101,250,289,247,284,260,291,257,177,58,172,278,204,227,169,167,117,,,106,226,,132,271,251,227,242,255,201,153,247,169,270,132,100,272,240,244,265,183,272,264,278,90,273,145,101,,247,,184,b'\x11\xe8\xe1I\xd8\x8d\xf5\xde\x98|\x12\xdf\x17\xaeN\x1e'
11E8E149-D892-8482-987C-12DF17AE4E1E,2018-ncaa-d2-conf-Sunshine State,ncaa,9,7,9,9,10,8,8,5,8,10,5,7,7,6,9,6,10,11,5,11,10,7,9,8,8,7,6,6,11,3,4,10,8,8,9,6,5,1,2,2,7,7,2,1,,,5,8,,,9,10,7,5,6,7,1,6,5,6,4,9,10,10,3,7,2,6,5,5,2,6,1,,8,,,9,5,2,2,5,1,2,4,9,8,10,10,8,9,6,9,10,3,2,6,8,10,10,9,10,6,8,8,4,8,9,10,11,9,9,11,2,3,2,2,,,9,9,,,9,2,7,10,9,9,7,6,3,5,10,10,10,10,10,7,6,8,10,9,11,9,4,2,,9,,,b'\x11\xe8\xe1I\xd8\x92\x84\x82\x98|\x12\xdf\x17\xaeN\x1e'
11E8E149-D892-8482-987C-12DF17AE4E1E,2018-ncaa-d2-natl,ncaa,213,147,293,196,297,279,250,275,162,250,261,151,201,209,171,118,298,298,185,297,290,290,303,166,192,133,213,123,291,225,132,286,97,283,137,216,136,3,17,36,262,171,127,47,,,19,195,,,180,303,291,128,194,129,120,144,149,140,122,286,287,284,174,259,133,225,180,121,11,222,76,,100,,,183,10,15,11,199,8,9,154,144,66,292,221,40,49,86,47,217,10,6,223,222,256,257,275,142,14,97,18,132,11,137,47,214,301,258,266,10,67,6,8,,,300,244,,,180,7,114,249,186,142,127,69,71,50,251,179,140,158,157,73,26,65,139,105,181,279,50,12,,273,,,b'\x11\xe8\xe1I\xd8\x92\x84\x82\x98|\x12\xdf\x17\xaeN\x1e'
11E8E149-D892-8482-987C-12DF17AE4E1E,2019-ncaa-d2-conf-Sunshine State,ncaa,7,7,4,7,4,5,4,2,9,3,1,10,7,7,8,8,11,11,7,11,11,3,3,9,10,7,11,9,11,1,1,4,1,1,1,3,3,1,2,3,7,7,3,3,,,9,11,,,6,5,10,2,6,4,1,3,1,8,8,11,11,11,1,2,1,4,1,3,2,8,4,,10,,,6,6,4,4,4,3,3,5,6,7,2,9,10,11,6,11,11,5,6,4,4,5,11,6,11,3,1,9,1,8,1,7,11,7,8,7,1,1,11,7,,,10,11,,,6,6,6,4,6,4,3,2,3,2,5,6,10,10,10,5,3,3,8,7,6,9,2,10,,11,,,b'\x11\xe8\xe1I\xd8\x92\x84\x82\x98|\x12\xdf\x17\xaeN\x1e'
11E8E149-D892-8482-987C-12DF17AE4E1E,2019-ncaa-d2-natl,ncaa,194,184,227,201,232,257,204,174,219,146,108,234,255,253,231,239,303,304,211,304,310,223,253,244,273,234,297,225,305,67,26,220,38,149,38,131,65,27,43,48,237,162,112,41,,,109,270,,,142,290,301,25,254,152,66,108,31,250,242,306,307,307,150,220,24,170,61,88,38,214,88,,160,,,142,19,14,14,94,14,11,130,81,112,70,254,162,163,170,157,285,19,16,105,132,163,273,214,277,17,38,51,26,25,38,47,228,279,205,193,16,43,168,127,,,303,307,,,142,21,176,133,147,45,28,20,25,11,128,167,214,207,204,29,13,26,106,65,91,269,36,204,,309,,,b'\x11\xe8\xe1I\xd8\x92\x84\x82\x98|\x12\xdf\x17\xaeN\x1e'
11E8E149-D892-8482-987C-12DF17AE4E1E,2020-ncaa-d2-conf-Sunshine State,ncaa,7,7,5,7,5,6,6,3,9,8,3,10,6,8,3,6,11,10,8,9,10,4,3,9,10,8,6,3,11,1,1,4,2,1,2,5,2,5,3,3,8,8,4,2,,,11,11,,,7,8,10,3,7,7,2,9,2,5,6,11,10,10,2,1,1,3,1,5,5,9,3,,11,,,7,5,1,1,5,1,1,8,8,10,2,11,11,11,9,11,11,3,1,6,8,10,10,7,11,2,2,3,1,3,2,2,3,11,11,7,6,5,4,2,,,10,11,,,7,3,6,9,7,4,4,2,4,1,7,11,11,11,11,3,2,2,4,3,3,10,5,5,,11,,,b'\x11\xe8\xe1I\xd8\x92\x84\x82\x98|\x12\xdf\x17\xaeN\x1e'
11E8E149-D892-8482-987C-12DF17AE4E1E,2020-ncaa-d2-natl,ncaa,159,155,173,160,180,189,162,130,191,160,106,226,150,177,98,185,260,236,272,228,277,156,194,184,218,171,195,126,283,38,17,158,9,82,12,107,65,33,39,46,184,121,215,149,,,156,274,,,131,249,299,41,185,143,89,145,86,144,162,270,243,235,117,187,27,137,42,83,38,182,214,,165,,,129,74,49,29,164,45,17,218,160,180,118,267,224,223,148,216,297,44,30,179,209,233,286,223,271,9,9,76,17,22,12,59,94,264,214,162,36,44,24,16,,,274,296,,,131,51,115,174,136,87,55,15,43,6,170,194,229,229,227,29,7,5,72,22,52,279,40,26,,295,,,b'\x11\xe8\xe1I\xd8\x92\x84\x82\x98|\x12\xdf\x17\xaeN\x1e'
11E8E149-D892-8482-987C-12DF17AE4E1E,2021-ncaa-d2-conf-Sunshine State,ncaa,7,2,7,7,7,7,7,7,7,7,7,7,7,7,7,5,7,7,6,7,1,7,7,7,7,7,4,5,1,7,2,7,2,7,2,7,5,1,5,7,7,3,7,1,,,1,7,,,4,7,7,1,7,7,5,6,3,7,5,1,1,1,4,4,2,7,4,7,6,4,3,,7,,,6,1,1,1,1,1,1,1,1,1,3,6,1,1,7,1,7,1,1,2,5,5,7,4,7,1,2,1,2,1,2,1,4,7,2,1,1,1,1,1,,,7,2,,,4,1,6,3,6,3,1,1,1,1,3,3,7,7,7,1,1,1,3,2,2,2,1,1,,1,,,b'\x11\xe8\xe1I\xd8\x92\x84\x82\x98|\x12\xdf\x17\xaeN\x1e'
11E8E149-D892-8482-987C-12DF17AE4E1E,2021-ncaa-d2-natl,ncaa,211,8,222,211,222,224,225,224,217,223,223,218,223,224,216,182,219,219,189,219,4,223,223,220,212,207,66,200,1,221,15,225,87,223,52,224,125,4,102,199,220,55,221,14,,,6,226,,,118,225,218,1,198,215,142,194,81,209,179,5,1,1,85,85,15,192,70,205,127,79,60,,226,,,146,3,2,2,14,1,2,15,3,3,60,178,6,6,224,6,226,2,2,26,116,75,226,120,226,3,87,3,15,3,52,2,150,221,41,17,2,10,1,3,,,221,26,,,118,2,186,65,149,44,2,3,4,5,82,119,226,225,225,25,42,50,98,60,18,61,11,2,,20,,,b'\x11\xe8\xe1I\xd8\x92\x84\x82\x98|\x12\xdf\x17\xaeN\x1e'
11E8E149-D892-8482-987C-12DF17AE4E1E,2022-ncaa-d2-conf-Sunshine State,ncaa,9,9,7,9,8,10,10,8,11,11,10,11,3,3,8,1,11,11,11,11,9,9,9,10,11,11,1,1,10,4,8,10,8,9,10,10,5,7,8,10,11,11,10,8,,,5,8,,,11,9,9,7,11,11,7,11,10,3,1,11,11,11,8,8,3,9,7,10,6,11,9,,6,,,11,8,8,4,10,6,2,8,11,10,11,11,5,5,4,5,9,3,3,11,11,11,10,11,3,4,8,10,8,9,10,9,9,11,11,11,6,7,8,9,,,10,11,,,11,3,11,11,11,10,10,4,6,2,11,11,5,5,5,5,3,5,11,9,8,10,6,7,,11,,,b'\x11\xe8\xe1I\xd8\x92\x84\x82\x98|\x12\xdf\x17\xaeN\x1e'
11E8E149-D892-8482-987C-12DF17AE4E1E,2022-ncaa-d2-natl,ncaa,255,254,222,259,240,284,285,258,294,296,289,299,82,74,141,9,286,284,228,284,163,266,266,276,282,273,3,3,222,210,209,251,156,246,239,259,99,96,220,240,248,197,221,159,,,73,225,,,281,270,282,208,290,295,256,299,296,44,28,287,280,278,279,267,179,249,232,259,154,228,207,,148,,,277,79,60,39,222,24,16,193,265,195,290,282,86,99,88,100,253,38,27,261,259,264,294,295,113,57,156,132,209,100,239,153,242,265,217,260,95,204,109,260,,,280,253,,,281,33,272,267,281,165,138,48,35,14,288,251,131,149,156,59,30,95,226,179,208,250,149,153,,287,,,b'\x11\xe8\xe1I\xd8\x92\x84\x82\x98|\x12\xdf\x17\xaeN\x1e'
11E8E149-D892-8482-987C-12DF17AE4E1E,2023-ncaa-d2-conf-Sunshine State,ncaa,10,10,9,10,10,10,10,8,10,11,11,10,3,3,9,1,11,10,10,10,7,10,11,10,10,10,1,1,10,4,6,6,3,5,8,8,5,1,3,5,11,10,10,10,,,3,8,,,9,11,11,6,10,10,3,11,11,3,1,10,10,10,7,8,2,3,1,7,3,10,10,,6,,,9,1,1,3,4,1,1,6,6,8,5,10,4,4,3,4,7,2,1,4,5,8,8,9,6,1,3,9,6,6,8,2,6,11,10,10,1,1,11,11,,,11,10,,,9,1,9,9,9,5,6,7,3,3,9,10,6,5,5,5,1,3,10,10,6,10,2,11,,11,,,b'\x11\xe8\xe1I\xd8\x92\x84\x82\x98|\x12\xdf\x17\xaeN\x1e'
11E8E149-D892-8482-987C-12DF17AE4E1E,2023-ncaa-d2-natl,ncaa,222,182,255,218,267,265,262,253,254,286,294,215,90,68,168,9,283,274,256,275,124,267,283,193,225,183,11,9,249,201,189,227,39,232,141,197,52,10,77,74,270,245,265,224,,,66,249,,,218,288,265,93,227,229,139,285,286,32,17,267,241,237,180,229,118,110,109,130,52,264,255,,172,,,222,46,39,19,211,24,7,255,173,162,176,283,58,58,161,65,226,13,7,243,231,260,263,261,134,9,39,99,189,37,141,73,201,288,252,268,6,42,99,248,,,281,227,,,218,11,167,243,227,168,151,82,88,17,250,262,139,126,132,82,26,36,258,162,175,272,29,163,,251,,,b'\x11\xe8\xe1I\xd8\x92\x84\x82\x98|\x12\xdf\x17\xaeN\x1e'
11E8E149-D892-8482-987C-12DF17AE4E1E,2024-ncaa-d2-conf-Sunshine State,ncaa,5,5,6,5,7,8,7,6,10,9,10,7,4,2,9,2,10,9,11,8,3,8,8,7,8,8,4,2,9,3,2,5,1,3,2,5,1,1,3,4,11,10,9,7,,,3,6,,,6,11,11,5,9,8,5,10,10,3,2,9,7,8,5,6,2,4,2,5,3,11,9,,5,,,6,3,3,3,5,1,1,8,10,10,6,11,4,3,10,3,10,2,1,8,8,10,11,10,5,2,1,2,2,2,2,9,11,11,10,11,5,7,2,7,,,11,11,,,6,1,6,8,6,5,3,5,1,1,11,11,5,5,5,3,1,2,4,4,9,10,7,3,,11,,,b'\x11\xe8\xe1I\xd8\x92\x84\x82\x98|\x12\xdf\x17\xaeN\x1e'
11E8E149-D892-8482-987C-12DF17AE4E1E,2024-ncaa-d2-natl,ncaa,157,151,207,155,213,229,237,211,254,267,267,220,100,62,198,18,248,251,179,251,140,220,252,221,227,181,33,23,203,91,67,146,43,127,45,157,36,20,63,72,272,244,264,206,,,54,176,,,166,268,293,59,213,229,141,275,267,53,23,240,233,234,172,225,63,69,42,107,56,270,259,,90,,,164,44,32,50,74,13,10,146,266,280,132,297,63,47,243,49,228,43,25,143,145,202,295,295,111,36,43,86,67,60,45,118,259,279,250,263,50,121,59,148,,,274,269,,,166,28,139,195,167,86,55,84,11,5,282,294,90,80,80,65,12,60,156,109,172,276,95,79,,281,,,b'\x11\xe8\xe1I\xd8\x92\x84\x82\x98|\x12\xdf\x17\xaeN\x1e'
11E8E149-D892-8482-987C-12DF17AE4E1E,2025-ncaa-d2-conf-Sunshine State,genius_ncaa,10,10,9,10,10,10,9,8,9,11,10,7,3,3,7,2,11,11,11,11,11,10,10,7,9,10,2,2,11,5,5,7,6,5,6,6,4,4,6,5,8,7,6,5,,,3,5,,5,8,11,10,5,10,9,4,10,9,2,3,11,11,11,7,8,4,3,4,4,6,8,6,,3,,6,8,3,2,2,2,1,1,2,7,9,6,9,5,4,11,4,6,2,1,5,5,7,11,10,9,4,6,4,5,4,6,3,9,10,9,8,6,9,5,9,,,11,11,,11,8,1,8,7,8,5,4,7,2,4,10,9,8,4,5,7,4,5,7,7,6,8,8,8,,11,,11,b'\x11\xe8\xe1I\xd8\x92\x84\x82\x98|\x12\xdf\x17\xaeN\x1e'
11E8E149-D892-8482-987C-12DF17AE4E1E,2025-ncaa-d2-natl,genius_ncaa,243,222,260,245,262,253,247,264,202,284,287,214,91,112,66,33,286,277,258,276,190,273,284,144,181,150,39,18,272,172,120,209,87,200,106,168,45,20,82,58,278,250,181,104,,,24,127,,109,174,289,276,57,203,192,144,271,255,38,45,274,254,251,186,240,103,64,71,86,58,260,141,,80,,173,176,31,23,28,89,14,24,69,178,145,231,254,75,38,296,36,161,26,14,130,153,217,288,271,171,47,87,51,120,45,106,66,207,288,270,260,39,132,94,224,,,292,289,,285,174,14,133,215,172,131,99,141,41,59,251,244,157,105,101,114,40,117,190,153,164,278,105,162,,293,,287,b'\x11\xe8\xe1I\xd8\x92\x84\x82\x98|\x12\xdf\x17\xaeN\x1e'
11E8E149-D892-8482-987C-12DF17AE4E1E,2026-ncaa-d2-conf-Sunshine State,genius_ncaa,10,11,1,10,4,9,5,3,11,6,2,9,9,7,7,8,11,11,8,11,11,5,7,11,11,10,9,8,11,4,7,3,9,2,8,7,7,3,3,4,10,10,2,1,,,8,8,,1,10,7,9,4,10,7,5,8,4,9,8,11,11,11,7,9,5,5,4,9,1,10,2,,8,,1,9,9,7,9,2,4,5,4,11,11,8,10,8,8,11,8,7,9,5,5,5,9,10,10,8,10,9,10,7,10,8,9,8,10,11,11,2,2,4,3,,,11,11,,8,10,5,10,10,9,8,6,9,2,3,10,11,8,7,7,9,3,10,10,10,8,11,2,3,,11,,9,b'\x11\xe8\xe1I\xd8\x92\x84\x82\x98|\x12\xdf\x17\xaeN\x1e'
11E8E149-D892-8482-987C-12DF17AE4E1E,2026-ncaa-d2-natl,genius_ncaa,201,98,268,180,288,276,272,271,212,282,286,207,167,190,121,25,290,288,241,289,248,278,289,167,206,141,63,16,275,216,103,259,82,249,76,228,39,5,15,20,295,274,153,27,,,10,78,,9,140,290,280,297,191,163,91,233,221,40,26,282,267,272,139,245,66,30,20,79,10,286,63,,41,,28,135,19,15,20,24,5,8,23,160,147,163,296,36,35,88,34,265,21,11,66,60,172,297,293,173,27,82,29,103,24,76,28,222,296,295,280,6,37,19,63,,,291,271,,232,140,9,98,185,134,83,48,144,4,7,283,291,127,153,150,145,26,134,201,179,120,297,26,46,,280,,176,b'\x11\xe8\xe1I\xd8\x92\x84\x82\x98|\x12\xdf\x17\xaeN\x1e'
11E8E149-D896-C2FE-987C-12DF17AE4E1E,2018-ncaa-d2-conf-Peach Belt,ncaa,10,10,9,10,11,12,12,12,9,11,12,7,5,3,8,2,11,9,10,10,2,12,12,8,8,10,3,3,7,7,8,10,10,11,9,12,7,4,11,10,10,7,6,3,,,1,4,,,10,12,12,10,12,12,12,11,12,3,2,10,8,8,12,12,7,8,11,10,8,9,6,,2,,,10,3,3,3,7,2,2,7,12,11,12,12,3,3,5,3,5,1,1,9,9,10,11,12,3,5,10,3,8,2,9,10,12,10,7,10,10,12,6,11,,,10,4,,,10,1,11,10,10,9,8,4,2,2,12,12,3,3,3,4,2,9,6,6,10,9,11,8,,10,,,b'\x11\xe8\xe1I\xd8\x96\xc2\xfe\x98|\x12\xdf\x17\xaeN\x1e'
11E8E149-D896-C2FE-987C-12DF17AE4E1E,2018-ncaa-d2-natl,ncaa,225,254,105,241,122,208,208,160,259,241,211,244,126,87,215,79,205,154,281,150,90,163,140,236,249,262,74,77,159,108,141,131,275,127,222,184,125,258,251,242,168,194,65,66,,,92,50,,,255,144,174,166,260,271,201,277,245,139,87,230,161,157,207,154,104,160,120,209,250,186,65,,66,,,246,207,226,230,141,154,184,118,263,248,237,238,83,136,26,136,117,217,198,174,128,151,215,276,62,285,275,225,141,260,222,278,282,147,186,240,266,259,213,246,,,131,142,,,255,156,252,215,250,180,198,230,130,166,262,252,77,112,109,210,194,287,213,266,255,168,263,205,,146,,,b'\x11\xe8\xe1I\xd8\x96\xc2\xfe\x98|\x12\xdf\x17\xaeN\x1e'
11E8E149-D896-C2FE-987C-12DF17AE4E1E,2019-ncaa-d2-conf-Peach Belt,ncaa,6,5,5,5,8,8,8,9,5,8,10,5,5,7,3,6,7,7,7,7,5,9,8,4,4,7,5,5,10,5,1,3,1,3,1,4,4,10,11,9,12,12,5,5,,,2,3,,,6,9,12,10,8,8,12,8,12,5,7,9,8,8,12,9,5,3,2,4,10,12,5,,3,,,6,2,4,6,4,4,5,5,7,9,6,9,3,3,5,3,3,5,4,5,4,6,7,8,3,1,1,1,1,1,1,2,2,12,12,10,9,10,5,7,,,7,6,,,6,4,5,5,5,2,4,7,3,5,7,9,3,3,3,4,1,1,2,1,2,12,10,5,,7,,,b'\x11\xe8\xe1I\xd8\x96\xc2\xfe\x98|\x12\xdf\x17\xaeN\x1e'
11E8E149-D896-C2FE-987C-12DF17AE4E1E,2019-ncaa-d2-natl,ncaa,110,123,76,118,101,144,127,147,120,133,160,127,113,124,103,137,198,143,273,136,143,146,93,111,145,200,152,122,234,45,18,25,52,29,8,67,28,295,286,177,249,275,82,110,,,140,92,,,140,125,179,196,180,155,215,167,214,127,152,235,175,166,214,122,43,14,11,63,280,274,87,,96,,,140,161,185,262,56,202,259,68,132,196,53,130,115,142,61,144,64,248,192,54,36,102,88,117,108,170,52,66,18,102,8,124,71,251,295,222,282,256,168,163,,,93,123,,,140,204,168,103,123,101,142,255,164,254,113,163,75,106,108,227,153,138,27,64,93,289,258,142,,112,,,b'\x11\xe8\xe1I\xd8\x96\xc2\xfe\x98|\x12\xdf\x17\xaeN\x1e'
11E8E149-D896-C2FE-987C-12DF17AE4E1E,2020-ncaa-d2-conf-Peach Belt,ncaa,5,5,5,5,8,5,5,8,3,5,6,4,7,10,4,9,10,8,6,8,9,7,8,3,3,4,7,9,10,4,1,2,3,3,1,3,3,5,7,3,11,11,7,6,,,2,2,,,5,9,10,11,5,5,8,6,6,8,9,10,9,10,7,9,4,1,1,3,6,11,7,,2,,,5,6,4,9,1,2,4,1,12,12,10,12,2,2,7,2,2,8,4,3,2,10,12,12,2,4,3,2,1,2,1,10,12,12,12,12,6,8,9,11,,,9,7,,,5,4,4,11,5,6,5,12,1,4,12,12,3,2,2,11,4,6,2,2,10,12,6,9,,10,,,b'\x11\xe8\xe1I\xd8\x96\xc2\xfe\x98|\x12\xdf\x17\xaeN\x1e'
11E8E149-D896-C2FE-987C-12DF17AE4E1E,2020-ncaa-d2-natl,ncaa,131,155,54,145,99,124,102,109,109,82,95,120,167,180,156,208,142,111,236,107,149,102,79,128,149,176,219,208,171,57,39,15,57,17,16,76,72,271,221,149,228,264,84,103,,,47,19,,,128,94,166,308,164,145,191,110,132,189,212,177,136,134,178,138,78,11,20,92,232,266,96,,24,,,131,185,207,282,56,126,209,47,295,303,166,292,22,53,10,50,33,263,210,80,48,106,234,303,8,187,57,101,39,131,16,237,221,244,287,273,254,210,271,247,,,153,228,,,128,212,156,116,132,105,142,258,84,147,280,292,9,26,26,218,129,150,42,69,192,290,221,253,,213,,,b'\x11\xe8\xe1I\xd8\x96\xc2\xfe\x98|\x12\xdf\x17\xaeN\x1e'
11E8E149-D896-C2FE-987C-12DF17AE4E1E,2021-ncaa-d2-conf-Peach Belt,ncaa,12,3,12,12,12,12,12,12,11,12,12,11,12,12,4,1,12,12,1,12,12,12,12,8,10,10,2,1,12,12,6,12,12,12,12,12,7,1,11,8,12,11,10,1,,,1,3,,,7,12,11,9,10,9,7,10,9,1,1,12,12,12,10,10,8,12,12,8,9,11,2,,3,,,10,1,1,1,4,1,1,3,1,1,12,10,1,1,12,1,3,1,1,9,8,8,12,12,3,1,12,1,6,1,12,1,6,12,7,8,1,12,1,1,,,12,11,,,7,1,9,12,10,8,8,10,3,6,12,10,5,2,2,7,6,12,6,12,8,9,12,1,,12,,,b'\x11\xe8\xe1I\xd8\x96\xc2\xfe\x98|\x12\xdf\x17\xaeN\x1e'
11E8E149-D896-C2FE-987C-12DF17AE4E1E,2021-ncaa-d2-natl,ncaa,211,24,219,211,219,220,220,220,173,220,220,201,216,218,37,21,224,225,1,225,226,220,221,142,160,170,37,3,226,220,93,221,226,222,217,219,122,7,185,162,221,209,206,7,,,5,25,,,136,221,201,121,189,164,103,204,174,27,42,225,226,226,190,174,97,226,215,152,151,208,7,,26,,,189,6,7,8,92,6,8,37,10,8,222,174,4,4,212,4,27,7,8,137,131,135,202,219,36,9,226,6,93,9,217,7,129,220,123,128,7,223,1,1,,,221,218,,,136,6,161,205,195,140,138,162,63,119,215,173,53,19,24,137,125,221,98,196,137,120,214,1,,223,,,b'\x11\xe8\xe1I\xd8\x96\xc2\xfe\x98|\x12\xdf\x17\xaeN\x1e'
11E8E149-D896-C2FE-987C-12DF17AE4E1E,2022-ncaa-d2-conf-Peach Belt,ncaa,10,10,3,10,4,9,9,9,5,8,7,9,7,10,1,10,7,7,3,7,9,9,7,5,5,9,6,5,6,6,6,5,10,5,4,6,4,9,10,10,9,9,1,1,,,3,4,,,10,8,9,5,9,9,10,8,6,8,10,8,8,8,10,9,7,6,7,6,10,9,1,,3,,,9,8,9,8,6,7,7,6,10,9,7,8,3,4,2,4,5,7,5,7,5,9,7,8,2,10,10,2,6,6,4,8,8,9,9,9,10,10,9,9,,,6,7,,,10,4,8,10,9,9,8,9,7,8,9,9,4,4,4,9,4,10,3,4,7,9,10,9,,8,,,b'\x11\xe8\xe1I\xd8\x96\xc2\xfe\x98|\x12\xdf\x17\xaeN\x1e'
11E8E149-D896-C2FE-987C-12DF17AE4E1E,2022-ncaa-d2-natl,ncaa,215,254,106,235,120,198,190,202,177,202,129,266,160,253,3,254,218,214,157,206,243,209,161,169,178,231,137,111,201,161,159,85,239,110,170,105,22,280,283,206,283,297,23,32,,,159,117,,,252,150,199,141,261,254,268,247,150,174,274,252,249,241,276,219,183,70,117,112,265,294,23,,140,,,246,199,208,246,95,220,252,88,143,154,127,82,156,204,20,204,116,252,200,82,61,166,92,116,116,283,239,137,159,215,170,198,146,245,290,267,293,288,283,276,,,183,196,,,252,163,242,205,241,179,196,261,215,267,127,133,139,187,184,263,193,275,104,200,172,276,282,284,,231,,,b'\x11\xe8\xe1I\xd8\x96\xc2\xfe\x98|\x12\xdf\x17\xaeN\x1e'
11E8E149-D896-C2FE-987C-12DF17AE4E1E,2023-ncaa-d2-conf-Peach Belt,ncaa,3,3,3,3,3,4,3,5,2,4,3,5,8,9,2,9,1,4,2,3,5,5,5,4,2,3,7,8,2,6,5,6,6,6,4,3,4,7,6,5,7,7,9,8,,,5,6,,,7,4,3,4,3,3,6,2,2,8,9,2,3,3,6,4,6,5,5,3,6,7,9,,5,,,7,9,8,8,7,6,4,9,9,10,5,10,6,6,9,6,6,8,7,8,8,8,8,8,6,7,6,2,5,5,4,7,4,5,7,5,9,8,10,9,,,4,3,,,7,7,3,8,6,9,8,8,6,3,9,10,6,6,6,8,7,5,2,4,6,6,9,9,,3,,,b'\x11\xe8\xe1I\xd8\x96\xc2\xfe\x98|\x12\xdf\x17\xaeN\x1e'
11E8E149-D896-C2FE-987C-12DF17AE4E1E,2023-ncaa-d2-natl,ncaa,72,82,68,80,69,75,88,114,69,68,55,144,140,224,14,256,42,73,37,70,149,99,77,83,66,89,173,200,72,88,80,59,115,59,58,77,104,227,185,141,222,256,227,261,,,163,87,,,144,84,146,13,82,101,172,77,64,165,260,41,86,85,140,128,111,53,60,80,191,248,248,,113,,,144,244,248,247,158,244,234,184,183,230,75,160,205,166,264,169,121,250,228,143,153,197,108,124,141,199,115,121,80,155,58,181,83,171,239,190,239,212,278,266,,,72,83,,,144,226,90,191,129,215,220,248,232,205,160,203,172,134,138,245,197,158,56,94,142,215,214,279,,86,,,b'\x11\xe8\xe1I\xd8\x96\xc2\xfe\x98|\x12\xdf\x17\xaeN\x1e'
11E8E149-D896-C2FE-987C-12DF17AE4E1E,2024-ncaa-d2-conf-Peach Belt,ncaa,10,10,9,10,9,9,9,9,10,10,9,7,7,7,8,3,10,10,5,10,8,9,9,8,8,8,3,6,4,8,7,8,7,9,9,8,3,4,8,6,9,8,9,9,,,1,1,,,10,9,6,7,9,9,6,10,8,7,5,9,10,10,7,6,6,8,9,5,6,8,8,,1,,,9,5,7,3,10,6,3,9,8,2,10,2,1,1,8,1,1,2,2,10,10,10,1,7,1,3,7,4,7,3,9,6,5,8,8,8,7,8,10,10,,,10,10,,,10,2,9,10,10,10,10,8,10,9,10,4,2,1,2,6,5,7,9,8,9,8,8,10,,10,,,b'\x11\xe8\xe1I\xd8\x96\xc2\xfe\x98|\x12\xdf\x17\xaeN\x1e'
11E8E149-D896-C2FE-987C-12DF17AE4E1E,2024-ncaa-d2-natl,ncaa,261,274,172,269,176,194,195,175,218,198,186,198,170,138,211,124,174,159,211,169,138,177,157,211,205,218,123,141,129,177,195,143,179,162,199,151,71,210,220,181,265,279,256,281,,,64,47,,,261,159,119,27,198,202,160,197,169,164,126,164,145,153,160,111,164,117,138,133,211,269,258,,76,,,255,227,247,203,235,269,253,207,97,80,178,49,131,90,284,95,36,189,146,204,204,245,27,55,71,194,179,179,195,197,199,122,35,227,251,218,242,245,230,259,,,203,214,,,261,139,226,251,255,249,274,265,285,286,117,91,143,102,105,251,197,204,226,225,147,225,235,246,,201,,,b'\x11\xe8\xe1I\xd8\x96\xc2\xfe\x98|\x12\xdf\x17\xaeN\x1e'
11E8E149-D896-C2FE-987C-12DF17AE4E1E,2025-ncaa-d2-conf-Peach Belt,genius_ncaa,10,9,10,10,10,10,10,10,9,10,10,9,7,7,7,5,8,10,6,10,3,10,10,9,7,6,3,6,2,10,10,8,8,10,10,8,2,1,8,6,10,9,9,8,,,1,2,,2,9,10,7,4,10,10,9,10,9,6,5,4,5,5,10,9,10,1,8,5,7,9,8,,3,,2,9,2,2,2,6,3,2,5,2,3,5,9,1,2,6,2,2,2,1,5,5,9,5,8,2,4,8,2,10,2,10,2,5,10,10,10,3,10,10,10,,,10,2,,10,9,1,9,9,9,8,9,10,9,9,9,10,3,3,3,9,6,9,9,10,8,9,7,10,,6,,10,b'\x11\xe8\xe1I\xd8\x96\xc2\xfe\x98|\x12\xdf\x17\xaeN\x1e'
11E8E149-D896-C2FE-987C-12DF17AE4E1E,2025-ncaa-d2-natl,genius_ncaa,243,236,230,253,247,241,258,252,257,259,224,254,210,201,213,159,142,135,174,134,53,240,230,248,232,233,89,166,33,201,210,170,245,191,231,213,108,158,225,213,283,289,214,251,,,53,60,,22,273,231,94,124,220,251,194,244,168,186,160,77,68,67,152,104,156,54,97,192,226,285,193,,123,,24,268,163,197,185,189,238,239,157,85,76,173,53,104,122,69,124,66,174,104,157,138,225,37,77,88,256,245,149,210,191,231,85,36,278,286,254,162,221,260,285,,,170,93,,285,273,72,236,262,267,263,280,293,289,298,145,124,163,182,186,290,250,278,242,274,160,269,223,281,,75,,290,b'\x11\xe8\xe1I\xd8\x96\xc2\xfe\x98|\x12\xdf\x17\xaeN\x1e'
11E8E149-D896-C2FE-987C-12DF17AE4E1E,2026-ncaa-d2-conf-Peach Belt,genius_ncaa,9,8,9,9,10,10,10,10,10,10,10,9,9,5,11,2,6,7,5,7,1,10,10,10,10,9,2,5,2,7,7,11,4,11,7,11,8,5,7,10,7,7,6,4,,,3,10,,3,9,9,3,3,9,10,5,10,8,6,1,2,3,3,4,3,4,9,7,11,10,7,3,,10,,6,9,2,3,1,11,5,3,10,1,1,4,1,2,1,4,1,4,1,1,11,11,10,1,1,2,1,4,4,7,2,7,1,4,7,5,5,4,7,7,10,,,7,3,,10,9,2,10,9,10,9,11,5,11,9,1,1,3,4,4,3,4,1,11,8,7,4,7,9,,1,,10,b'\x11\xe8\xe1I\xd8\x96\xc2\xfe\x98|\x12\xdf\x17\xaeN\x1e'
11E8E149-D896-C2FE-987C-12DF17AE4E1E,2026-ncaa-d2-natl,genius_ncaa,201,239,59,229,67,158,181,131,252,207,155,252,118,95,170,107,104,78,207,74,57,125,94,237,235,250,54,100,72,132,195,141,237,142,236,193,186,265,256,258,81,112,7,15,,,198,127,,31,238,85,159,51,239,261,227,267,232,144,129,131,111,101,207,134,183,232,229,245,246,108,7,,148,,21,229,208,210,206,163,220,263,91,160,97,264,28,192,171,233,172,68,202,204,154,170,142,97,108,153,245,237,216,195,229,236,163,80,88,138,113,259,240,287,295,,,67,84,,188,238,200,259,153,237,161,171,176,193,262,117,32,148,126,126,160,173,212,184,202,118,120,238,287,,91,,224,b'\x11\xe8\xe1I\xd8\x96\xc2\xfe\x98|\x12\xdf\x17\xaeN\x1e'
11E8E149-D89B-5E54-987C-12DF17AE4E1E,2018-ncaa-d2-conf-GLIAC,ncaa,8,8,9,8,10,8,8,8,11,8,5,10,10,9,9,11,8,7,9,7,7,7,9,11,10,8,8,10,3,10,11,7,3,10,10,9,8,4,6,7,6,6,10,11,,,6,7,,,8,8,4,5,7,8,5,6,3,9,9,8,6,6,4,5,10,5,9,8,5,5,10,,6,,,8,4,4,2,7,4,4,8,5,4,6,7,6,6,9,6,8,4,3,7,7,7,10,5,9,1,3,11,11,5,10,6,7,6,6,7,3,6,11,11,,,8,4,,,8,5,8,6,8,7,7,10,8,7,7,7,8,8,8,9,7,3,12,10,8,6,4,11,,7,,,b'\x11\xe8\xe1I\xd8\x9b^T\x98|\x12\xdf\x17\xaeN\x1e'
11E8E149-D89B-5E54-987C-12DF17AE4E1E,2018-ncaa-d2-natl,ncaa,252,272,148,264,176,220,213,185,238,193,150,263,220,231,173,226,199,173,229,175,201,186,183,245,246,242,188,194,121,274,295,146,68,211,257,196,147,178,212,211,94,81,260,266,,,137,133,,,273,144,93,153,249,244,191,215,126,224,239,202,162,163,201,172,283,123,231,203,198,82,266,,153,,,265,215,218,154,223,181,111,248,227,219,194,244,159,120,286,126,156,148,144,233,244,238,191,214,121,64,68,266,295,203,257,253,246,153,151,224,167,192,306,304,,,209,197,,,273,174,273,210,261,229,222,187,197,118,241,241,176,128,138,176,177,60,282,236,252,147,178,306,,209,,,b'\x11\xe8\xe1I\xd8\x9b^T\x98|\x12\xdf\x17\xaeN\x1e'
11E8E149-D89B-5E54-987C-12DF17AE4E1E,2019-ncaa-d2-conf-GLIAC,ncaa,9,9,9,9,11,10,9,10,9,10,11,9,6,4,7,1,12,11,11,11,10,11,11,8,9,8,4,1,11,11,11,7,6,10,11,9,9,4,5,7,10,10,11,11,,,2,2,,,9,10,6,11,10,9,7,10,9,5,2,11,11,11,8,7,10,4,9,8,5,10,10,,3,,,9,5,10,9,9,11,11,9,4,5,6,6,2,2,4,2,2,7,3,9,6,9,1,3,2,6,6,12,11,11,11,9,7,11,11,10,3,4,5,8,,,12,11,,,9,3,10,9,9,9,11,11,12,11,6,6,3,3,3,10,7,7,12,11,10,10,4,8,,11,,,b'\x11\xe8\xe1I\xd8\x9b^T\x98|\x12\xdf\x17\xaeN\x1e'
11E8E149-D89B-5E54-987C-12DF17AE4E1E,2019-ncaa-d2-natl,ncaa,258,259,227,264,257,263,261,251,243,286,293,212,96,85,173,16,291,293,169,294,208,268,275,190,209,195,33,18,259,297,304,192,145,268,287,225,132,51,158,162,295,301,235,253,,,17,21,,,277,258,195,282,266,262,243,292,291,64,40,287,288,289,271,278,304,128,267,209,101,298,228,,21,,,274,155,232,169,256,251,173,269,134,151,122,195,19,16,268,14,9,111,66,238,216,271,26,132,10,112,145,234,304,191,287,278,250,293,300,307,52,147,109,240,,,284,225,,,277,63,247,266,273,243,280,271,291,257,201,225,23,17,17,222,127,158,280,259,288,298,93,136,,280,,,b'\x11\xe8\xe1I\xd8\x9b^T\x98|\x12\xdf\x17\xaeN\x1e'
11E8E149-D89B-5E54-987C-12DF17AE4E1E,2020-ncaa-d2-conf-GLIAC,ncaa,8,9,5,9,7,6,8,9,4,8,11,3,3,3,3,3,7,5,11,5,1,8,8,3,5,5,3,3,8,9,7,7,5,9,5,7,8,11,11,8,9,8,9,8,,,11,10,,,9,8,7,6,7,8,10,8,12,3,3,8,5,5,9,9,9,9,9,7,10,9,11,,10,,,9,8,8,5,10,6,1,12,9,9,5,10,8,10,7,10,12,5,5,10,10,11,10,7,9,4,5,3,7,2,5,8,8,10,10,11,4,6,12,12,,,6,4,,,9,5,5,10,9,9,8,4,5,1,10,10,9,9,9,5,4,2,4,3,8,10,4,11,,6,,,b'\x11\xe8\xe1I\xd8\x9b^T\x98|\x12\xdf\x17\xaeN\x1e'
11E8E149-D89B-5E54-987C-12DF17AE4E1E,2020-ncaa-d2-natl,ncaa,168,203,54,184,95,131,138,192,73,196,273,37,50,53,92,30,188,183,197,178,54,193,178,46,53,98,58,44,222,226,203,123,16,180,79,119,117,206,206,144,208,208,207,169,,,236,279,,,179,158,262,287,178,182,278,245,301,60,64,228,222,221,281,283,257,182,241,149,158,245,221,,194,,,179,232,207,152,240,129,50,275,292,290,228,299,182,155,263,151,228,144,108,278,280,286,282,288,133,18,16,106,203,54,79,242,232,228,219,262,103,120,283,304,,,161,124,,,179,152,121,246,178,164,142,59,88,10,273,270,143,120,121,47,15,7,48,16,203,271,66,268,,219,,,b'\x11\xe8\xe1I\xd8\x9b^T\x98|\x12\xdf\x17\xaeN\x1e'
11E8E149-D89B-5E54-987C-12DF17AE4E1E,2021-ncaa-d2-conf-GLIAC,ncaa,7,7,4,8,4,7,7,8,8,8,10,4,3,2,5,1,8,10,5,10,6,8,6,4,5,5,2,1,8,5,2,8,9,8,4,6,5,9,9,6,8,8,7,6,,,12,11,,,8,6,11,1,7,8,8,9,11,2,2,9,11,11,8,8,6,10,9,6,8,8,7,,12,,,8,6,7,6,5,9,7,7,1,4,3,4,10,8,10,8,11,7,8,5,6,8,4,1,11,5,9,3,2,3,4,6,8,8,8,6,7,7,9,10,,,8,10,,,8,8,7,8,8,6,4,3,7,6,2,5,10,11,11,6,4,6,3,3,5,9,6,10,,10,,,b'\x11\xe8\xe1I\xd8\x9b^T\x98|\x12\xdf\x17\xaeN\x1e'
11E8E149-D89B-5E54-987C-12DF17AE4E1E,2021-ncaa-d2-natl,ncaa,72,156,47,98,48,70,71,78,97,96,113,72,33,32,88,23,106,119,41,122,150,84,82,69,75,87,46,31,182,103,140,75,47,85,82,62,99,160,138,99,97,153,82,114,,,198,207,,,121,71,203,9,137,128,164,169,208,46,45,190,205,207,181,193,165,169,185,118,90,167,130,,168,,,116,152,151,150,130,159,144,150,135,150,68,115,188,158,209,159,136,150,148,122,145,152,101,74,163,99,47,140,140,130,82,165,132,90,137,144,148,106,176,184,,,86,155,,,121,154,103,122,113,84,73,38,104,71,72,89,139,94,96,42,23,23,43,26,92,178,74,129,,191,,,b'\x11\xe8\xe1I\xd8\x9b^T\x98|\x12\xdf\x17\xaeN\x1e'
11E8E149-D89B-5E54-987C-12DF17AE4E1E,2022-ncaa-d2-conf-GLIAC,ncaa,7,4,8,7,8,7,7,9,3,6,8,3,7,8,7,7,9,10,5,10,9,9,9,4,4,6,9,8,9,7,7,8,6,9,6,7,7,2,5,6,9,8,5,4,,,6,10,,,7,9,11,3,7,5,8,3,9,7,7,10,9,10,8,11,7,7,6,6,5,8,4,,9,,,7,2,2,2,3,2,1,3,5,3,5,6,8,5,10,5,9,2,3,3,4,5,11,7,10,5,6,1,7,2,6,4,6,10,7,8,2,3,3,4,,,7,3,,,7,2,6,5,7,4,2,3,3,3,6,5,10,8,8,3,3,5,3,3,4,9,3,3,,6,,,b'\x11\xe8\xe1I\xd8\x9b^T\x98|\x12\xdf\x17\xaeN\x1e'
11E8E149-D89B-5E54-987C-12DF17AE4E1E,2022-ncaa-d2-natl,ncaa,98,107,106,101,110,113,106,189,28,116,209,27,82,116,50,84,195,238,35,235,215,203,220,22,30,27,140,88,247,237,199,138,31,187,70,119,159,57,95,59,219,190,98,53,,,218,292,,,92,208,296,38,125,101,251,130,256,85,124,228,259,260,270,290,260,166,234,124,43,245,107,,200,,,92,137,96,85,154,57,73,117,215,158,260,210,223,177,280,171,242,93,77,195,220,242,285,240,240,32,31,65,199,41,70,176,243,244,231,255,28,44,85,134,,,147,53,,,92,91,35,212,88,97,53,21,27,22,207,136,202,166,161,24,8,18,24,12,146,270,16,73,,184,,,b'\x11\xe8\xe1I\xd8\x9b^T\x98|\x12\xdf\x17\xaeN\x1e'
11E8E149-D89B-5E54-987C-12DF17AE4E1E,2023-ncaa-d2-conf-GLIAC,ncaa,4,4,3,4,3,7,5,4,7,5,4,8,6,5,6,7,7,6,5,6,6,5,3,7,8,7,8,7,7,2,2,8,5,4,4,7,8,10,8,9,3,3,7,8,,,8,9,,,6,5,7,7,7,8,9,7,5,7,7,7,7,7,9,7,3,10,8,8,8,3,9,,6,,,6,3,3,3,4,3,5,3,5,2,9,2,8,5,10,5,5,3,5,4,8,4,9,8,10,4,5,3,2,4,4,6,7,2,1,2,7,6,10,10,,,5,5,,,6,6,7,3,6,4,4,1,3,3,5,2,6,4,4,3,4,3,2,2,4,1,6,10,,5,,,b'\x11\xe8\xe1I\xd8\x9b^T\x98|\x12\xdf\x17\xaeN\x1e'
11E8E149-D89B-5E54-987C-12DF17AE4E1E,2023-ncaa-d2-natl,ncaa,102,139,47,118,58,106,106,136,93,92,116,85,158,137,189,163,92,111,66,110,127,127,88,108,98,147,191,199,112,97,83,117,23,106,36,146,208,264,231,219,72,74,134,123,,,260,272,,,137,96,227,126,186,189,258,158,208,207,196,141,163,162,251,213,155,220,208,210,205,106,166,,214,,,137,189,152,118,191,122,119,147,203,141,270,142,253,193,295,199,218,137,166,205,243,191,252,190,242,27,23,108,83,57,36,187,209,65,66,104,249,227,255,256,,,87,92,,,137,209,142,135,138,97,67,12,43,31,153,86,203,141,142,13,30,5,24,7,122,106,203,229,,152,,,b'\x11\xe8\xe1I\xd8\x9b^T\x98|\x12\xdf\x17\xaeN\x1e'
11E8E149-D89B-5E54-987C-12DF17AE4E1E,2024-ncaa-d2-conf-GLIAC,ncaa,7,7,5,7,6,8,8,10,8,6,7,8,10,10,8,10,4,5,6,5,3,9,6,8,8,8,10,10,1,8,7,8,6,6,5,8,9,10,10,9,4,4,7,6,,,8,10,,,7,6,5,7,8,8,10,6,7,10,10,3,3,3,10,7,8,8,7,9,10,4,7,,9,,,7,4,3,1,6,5,4,7,1,1,7,2,6,6,6,6,8,1,3,6,6,5,5,2,9,4,6,1,7,1,5,3,4,4,4,2,7,7,7,8,,,3,1,,,7,5,8,5,7,5,5,2,6,4,3,2,7,7,7,3,5,5,2,3,4,4,8,8,,1,,,b'\x11\xe8\xe1I\xd8\x9b^T\x98|\x12\xdf\x17\xaeN\x1e'
11E8E149-D89B-5E54-987C-12DF17AE4E1E,2024-ncaa-d2-natl,ncaa,187,212,117,198,157,192,188,234,126,162,200,77,229,213,262,175,149,159,121,152,97,223,194,149,143,195,223,240,92,211,187,225,117,231,168,236,266,247,262,270,50,31,148,134,,,244,283,,,179,180,214,227,232,226,284,172,235,250,223,156,165,164,277,237,228,262,270,262,228,50,159,,236,,,176,106,90,49,226,120,75,228,84,76,174,118,208,190,235,190,237,60,93,218,233,168,158,98,234,48,117,79,187,64,168,86,105,84,48,60,181,198,211,252,,,86,27,,,179,108,205,148,180,95,80,6,101,40,79,55,192,174,174,12,49,39,56,39,79,94,168,211,,68,,,b'\x11\xe8\xe1I\xd8\x9b^T\x98|\x12\xdf\x17\xaeN\x1e'
11E8E149-D89B-5E54-987C-12DF17AE4E1E,2025-ncaa-d2-conf-GLIAC,genius_ncaa,6,6,6,6,6,9,7,9,5,6,8,4,9,10,8,7,5,5,8,5,3,9,8,6,6,7,9,8,3,8,7,9,6,8,7,9,10,10,9,10,4,4,8,5,,,6,11,,8,7,8,9,3,9,7,9,6,9,9,7,4,5,6,9,8,8,10,8,9,10,4,7,,8,,8,7,4,4,2,9,4,2,6,9,3,10,7,8,4,10,4,11,2,3,9,9,8,11,10,10,1,6,1,7,1,7,5,6,3,2,2,6,7,4,6,,,6,1,,9,7,4,7,7,7,6,3,2,3,1,10,4,9,6,6,2,2,2,5,3,5,2,7,5,,2,,10,b'\x11\xe8\xe1I\xd8\x9b^T\x98|\x12\xdf\x17\xaeN\x1e'
11E8E149-D89B-5E54-987C-12DF17AE4E1E,2025-ncaa-d2-natl,genius_ncaa,121,131,109,130,149,143,133,178,68,128,206,31,140,119,194,98,185,192,139,189,127,179,139,72,82,153,179,144,200,177,165,207,75,201,134,168,203,262,272,231,29,15,131,79,,,186,222,,210,144,127,167,207,171,143,248,138,247,152,129,203,216,214,251,179,197,261,249,189,248,29,145,,169,,194,144,140,108,55,234,66,46,206,236,153,290,229,173,138,259,140,227,62,125,263,270,167,269,254,176,41,75,95,165,60,134,164,212,45,21,67,225,230,138,203,,,116,108,,180,144,158,167,141,152,111,90,18,48,18,222,145,151,130,132,20,65,34,77,45,158,45,211,136,,121,,198,b'\x11\xe8\xe1I\xd8\x9b^T\x98|\x12\xdf\x17\xaeN\x1e'
11E8E149-D89B-5E54-987C-12DF17AE4E1E,2026-ncaa-d2-conf-GLIAC,genius_ncaa,5,5,1,5,1,8,9,11,3,6,7,3,11,11,7,11,3,4,7,4,3,11,6,5,4,9,10,10,2,8,4,7,6,8,5,8,8,10,11,10,7,7,6,7,,,10,10,,8,9,5,6,1,8,9,11,6,7,11,11,3,4,4,11,6,8,7,8,8,10,7,6,,10,,8,9,9,8,7,8,9,6,9,8,7,7,6,11,10,6,10,9,8,7,9,9,9,9,5,10,5,6,1,4,2,5,5,2,6,6,4,11,10,10,11,,,2,2,,5,9,6,9,9,9,9,8,7,9,6,8,7,11,10,10,8,7,5,1,2,5,6,11,10,,2,,5,b'\x11\xe8\xe1I\xd8\x9b^T\x98|\x12\xdf\x17\xaeN\x1e'
11E8E149-D89B-5E54-987C-12DF17AE4E1E,2026-ncaa-d2-natl,genius_ncaa,201,196,141,221,170,227,221,204,203,167,182,119,257,221,289,187,177,215,44,213,218,217,187,230,210,243,260,262,99,189,192,137,182,160,172,201,157,209,273,235,188,188,125,129,,,206,266,,204,241,180,158,88,249,234,232,144,170,272,220,167,227,226,261,180,198,75,136,199,253,183,115,,256,,224,241,139,112,115,113,133,139,126,89,112,84,97,254,236,237,231,250,134,127,93,159,164,177,71,276,175,182,129,192,145,172,83,74,196,197,120,249,275,244,275,,,172,103,,132,241,116,251,191,243,171,116,142,147,180,88,118,282,262,265,184,162,216,145,180,80,194,264,266,,137,,134,b'\x11\xe8\xe1I\xd8\x9b^T\x98|\x12\xdf\x17\xaeN\x1e'
11E8E149-D89F-9CDA-987C-12DF17AE4E1E,2018-ncaa-d2-conf-CIAA,ncaa,9,10,4,9,4,9,8,4,11,6,3,11,11,10,10,10,4,6,2,5,10,4,2,11,11,10,10,11,2,12,12,7,12,10,12,11,12,11,10,12,7,11,6,8,,,12,10,,,11,2,2,4,11,11,5,7,3,11,11,8,8,8,6,4,12,10,12,12,9,8,7,,11,,,11,12,11,11,9,9,10,7,12,9,11,5,12,12,1,12,11,12,12,10,10,9,9,7,9,12,12,12,12,12,12,8,3,3,7,5,9,7,10,8,,,7,10,,,11,11,12,9,11,10,9,9,9,9,12,7,11,11,11,10,11,11,12,12,7,3,8,10,,9,,,b'\x11\xe8\xe1I\xd8\x9f\x9c\xda\x98|\x12\xdf\x17\xaeN\x1e'
11E8E149-D89F-9CDA-987C-12DF17AE4E1E,2018-ncaa-d2-natl,ncaa,252,229,276,254,282,254,263,217,280,184,100,287,304,302,281,304,119,105,198,108,157,197,161,297,283,290,263,303,17,202,238,261,304,245,300,291,296,288,288,304,99,125,234,246,,,256,249,,,274,141,3,125,190,205,56,98,5,301,297,38,31,32,37,7,121,170,134,286,304,43,209,,306,,,277,165,120,101,196,166,150,167,77,54,193,30,263,304,1,304,303,157,211,181,157,86,155,59,266,295,304,229,238,270,300,80,70,40,42,24,176,185,73,56,,,201,212,,,274,159,295,148,272,284,263,271,275,282,150,123,299,308,308,302,309,305,301,306,178,9,266,140,,69,,,b'\x11\xe8\xe1I\xd8\x9f\x9c\xda\x98|\x12\xdf\x17\xaeN\x1e'
11E8E149-D89F-9CDA-987C-12DF17AE4E1E,2019-ncaa-d2-conf-CIAA,ncaa,12,13,1,13,1,10,10,6,13,11,7,12,8,3,12,5,12,11,13,11,11,6,1,13,13,13,9,4,11,7,10,2,7,3,9,10,9,13,12,13,10,11,6,9,,,13,13,,,13,1,2,1,13,12,11,12,11,11,6,13,13,13,11,5,9,8,8,11,13,10,9,,13,,,13,13,10,11,11,11,11,11,9,8,11,3,13,13,3,13,13,13,13,10,11,11,9,5,12,9,7,12,10,12,9,10,7,1,7,6,12,10,6,6,,,3,8,,,13,13,13,11,13,11,10,7,10,8,7,4,13,13,13,10,10,8,11,10,7,7,10,4,,8,,,b'\x11\xe8\xe1I\xd8\x9f\x9c\xda\x98|\x12\xdf\x17\xaeN\x1e'
11E8E149-D89F-9CDA-987C-12DF17AE4E1E,2019-ncaa-d2-natl,ncaa,290,285,260,292,265,304,292,264,298,282,250,294,256,217,288,140,301,269,310,267,232,270,202,298,303,306,196,141,251,170,151,224,246,217,214,294,243,305,309,306,259,272,211,201,,,262,287,,,300,213,34,38,302,291,203,278,193,237,164,300,236,237,227,43,96,125,93,287,308,235,190,,305,,,298,98,56,46,163,99,93,143,45,36,170,38,270,301,4,301,305,87,129,151,154,101,177,46,294,195,246,124,151,160,214,44,89,81,47,35,147,185,42,83,,,219,195,,,300,116,306,119,293,224,159,135,190,209,95,79,302,308,308,251,289,265,251,268,112,29,231,75,,118,,,b'\x11\xe8\xe1I\xd8\x9f\x9c\xda\x98|\x12\xdf\x17\xaeN\x1e'
11E8E149-D89F-9CDA-987C-12DF17AE4E1E,2020-ncaa-d2-conf-CIAA,ncaa,10,9,7,10,7,9,9,6,11,7,7,11,11,6,12,6,6,3,9,4,4,6,4,11,11,11,6,11,3,4,5,9,9,8,8,11,8,10,9,10,9,10,6,7,,,11,12,,,10,4,2,1,6,9,3,8,4,11,5,5,3,4,3,3,2,9,8,8,12,9,6,,12,,,10,11,8,3,9,9,6,9,2,3,6,3,12,12,11,12,12,8,8,9,10,9,8,1,12,5,9,8,5,8,8,6,4,6,8,7,4,4,6,5,,,1,1,,,10,9,9,9,10,11,9,5,9,7,2,3,12,12,12,11,11,8,10,10,6,4,5,7,,1,,,b'\x11\xe8\xe1I\xd8\x9f\x9c\xda\x98|\x12\xdf\x17\xaeN\x1e'
11E8E149-D89F-9CDA-987C-12DF17AE4E1E,2020-ncaa-d2-natl,ncaa,223,241,173,231,175,232,244,160,284,206,115,277,260,203,296,223,139,72,279,80,85,140,70,291,286,299,199,245,42,38,49,221,259,130,178,273,281,309,301,309,117,144,166,172,,,307,310,,,246,87,39,15,254,264,130,214,94,266,198,115,47,54,95,23,27,239,94,291,308,108,171,,310,,,239,160,68,59,121,143,142,149,15,24,17,16,310,311,46,311,311,157,228,76,137,68,171,4,310,238,259,190,49,218,178,35,32,29,27,9,198,130,71,53,,,46,96,,,246,222,291,77,238,166,77,54,151,157,7,21,311,311,311,191,282,249,211,235,35,17,200,75,,24,,,b'\x11\xe8\xe1I\xd8\x9f\x9c\xda\x98|\x12\xdf\x17\xaeN\x1e'
11E8E149-D89F-9CDA-987C-12DF17AE4E1E,2022-ncaa-d2-conf-CIAA,ncaa,10,8,7,10,8,7,8,9,2,8,7,4,9,11,4,10,7,8,5,8,5,9,7,3,2,5,9,9,4,10,7,8,9,9,9,10,12,11,12,11,8,9,4,4,,,10,9,,,10,7,4,10,4,4,10,4,7,9,10,3,4,5,10,6,10,11,11,10,12,9,4,,11,,,10,11,11,7,11,11,7,11,7,6,7,6,11,10,11,10,11,7,6,10,11,12,7,5,9,5,9,4,7,4,9,7,3,7,8,6,10,11,2,2,,,5,2,,,10,6,6,11,10,11,10,7,9,7,8,6,12,11,11,10,10,8,2,5,6,7,11,2,,2,,,b'\x11\xe8\xe1I\xd8\x9f\x9c\xda\x98|\x12\xdf\x17\xaeN\x1e'
11E8E149-D89F-9CDA-987C-12DF17AE4E1E,2022-ncaa-d2-natl,ncaa,215,179,248,215,261,248,251,282,107,204,220,149,280,290,176,283,134,106,250,113,40,266,244,157,146,214,250,282,18,189,80,274,247,256,165,289,300,246,289,297,268,247,142,102,,,194,296,,,215,245,124,224,212,221,279,118,127,281,292,61,26,28,235,121,125,270,226,295,284,244,110,,284,,,216,57,41,26,233,74,58,190,37,22,226,40,233,228,164,223,279,35,46,210,236,191,163,50,283,107,247,25,80,34,165,30,81,161,72,60,89,176,6,4,,,170,42,,,215,44,223,201,230,188,140,45,177,142,71,31,284,281,281,105,157,201,37,106,92,77,184,5,,51,,,b'\x11\xe8\xe1I\xd8\x9f\x9c\xda\x98|\x12\xdf\x17\xaeN\x1e'
11E8E149-D89F-9CDA-987C-12DF17AE4E1E,2023-ncaa-d2-conf-CIAA,ncaa,12,12,12,12,12,12,11,12,3,8,9,5,12,12,7,12,12,12,7,12,11,12,12,8,8,11,12,12,11,11,11,10,12,12,11,11,12,10,12,12,12,12,9,8,,,1,1,,,12,10,1,12,11,8,10,2,4,12,12,12,11,10,10,7,10,5,10,11,12,10,6,,3,,,12,9,9,8,9,8,2,10,11,11,8,11,4,4,6,4,6,6,4,10,9,11,8,11,3,11,12,1,11,5,11,8,7,10,11,10,11,12,8,10,,,12,12,,,12,2,12,11,12,12,12,12,11,11,12,11,6,6,6,12,12,12,8,12,10,10,12,11,,12,,,b'\x11\xe8\xe1I\xd8\x9f\x9c\xda\x98|\x12\xdf\x17\xaeN\x1e'
11E8E149-D89F-9CDA-987C-12DF17AE4E1E,2023-ncaa-d2-natl,ncaa,241,162,290,228,290,285,272,291,138,233,227,218,288,295,95,290,263,238,268,236,197,291,284,198,214,268,277,276,127,255,106,289,281,286,207,293,297,210,291,298,264,241,259,249,,,18,79,,,236,284,47,63,234,196,226,81,43,282,292,180,112,108,206,63,147,212,196,294,291,211,222,,145,,,244,22,25,15,119,28,31,109,57,46,148,105,104,125,38,123,219,17,25,116,120,103,167,120,223,166,281,5,106,15,207,17,68,191,101,67,105,221,30,62,,,283,230,,,236,12,268,151,245,209,181,232,186,227,151,148,244,267,265,258,268,279,53,184,106,62,248,106,,171,,,b'\x11\xe8\xe1I\xd8\x9f\x9c\xda\x98|\x12\xdf\x17\xaeN\x1e'
11E8E149-D89F-9CDA-987C-12DF17AE4E1E,2024-ncaa-d2-conf-CIAA,ncaa,6,8,1,8,4,3,3,1,7,1,1,6,12,10,12,12,2,4,3,5,7,1,1,10,8,6,11,12,3,2,3,4,4,2,5,6,11,8,3,6,2,2,8,7,,,10,7,,,4,2,2,6,3,4,2,2,1,12,11,3,4,5,1,1,2,7,3,7,6,2,9,,7,,,4,10,8,9,7,2,3,5,12,11,13,12,5,7,2,7,10,7,11,10,9,4,13,12,4,7,4,12,3,11,5,11,13,1,1,6,4,1,12,7,,,4,8,,,4,13,4,3,3,7,4,4,2,1,12,11,5,6,5,4,11,4,9,7,11,1,2,10,,6,,,b'\x11\xe8\xe1I\xd8\x9f\x9c\xda\x98|\x12\xdf\x17\xaeN\x1e'
11E8E149-D89F-9CDA-987C-12DF17AE4E1E,2024-ncaa-d2-natl,ncaa,172,131,260,161,266,242,243,239,236,181,133,230,281,272,275,272,145,136,173,140,160,228,234,256,243,231,262,282,37,101,52,245,134,205,96,254,238,109,179,234,60,25,256,219,,,80,166,,,133,251,53,149,162,162,60,77,24,281,255,51,48,51,49,41,41,161,61,217,215,25,230,,196,,,129,16,15,26,83,14,22,46,133,84,250,211,59,105,4,103,238,23,45,126,101,32,271,260,170,43,134,46,52,39,96,59,246,59,14,34,74,134,123,112,,,223,179,,,133,58,208,25,118,88,67,90,30,62,222,185,133,189,185,116,228,135,179,156,162,15,169,191,,102,,,b'\x11\xe8\xe1I\xd8\x9f\x9c\xda\x98|\x12\xdf\x17\xaeN\x1e'
11E8E149-D8A3-C878-987C-12DF17AE4E1E,2018-ncaa-d2-conf-Sunshine State,ncaa,7,7,5,7,7,11,11,10,11,11,11,11,5,5,8,3,7,6,11,6,1,10,10,9,9,11,1,2,3,9,9,9,11,10,11,9,4,9,11,9,9,9,8,9,,,9,10,,,10,9,10,8,11,11,10,11,11,5,6,8,5,5,10,10,9,8,9,9,11,9,8,,10,,,10,3,6,6,3,7,7,7,3,6,2,6,4,4,3,4,6,6,5,3,2,3,3,3,6,11,11,9,9,11,11,3,4,7,7,4,5,7,8,11,,,5,3,,,10,3,11,7,10,5,6,7,7,7,3,7,4,6,5,6,7,11,8,10,5,8,5,8,,4,,,b'\x11\xe8\xe1I\xd8\xa3\xc8x\x98|\x12\xdf\x17\xaeN\x1e'
11E8E149-D8A3-C878-987C-12DF17AE4E1E,2018-ncaa-d2-natl,ncaa,196,179,206,197,238,286,288,293,242,297,296,240,150,154,148,56,271,245,282,241,58,288,277,204,229,243,35,37,171,279,271,263,270,281,282,245,88,128,263,230,236,205,218,207,,,131,234,,,249,271,285,226,298,299,304,300,300,137,129,267,224,223,301,292,280,259,290,243,181,230,216,,185,,,249,55,85,73,183,115,81,217,69,102,65,150,40,69,27,67,111,63,58,170,131,160,59,104,85,191,270,109,271,137,282,95,121,236,200,188,67,167,119,255,,,240,98,,,249,43,263,207,255,107,144,114,173,125,105,130,53,95,92,96,71,229,163,201,124,224,94,142,,223,,,b'\x11\xe8\xe1I\xd8\xa3\xc8x\x98|\x12\xdf\x17\xaeN\x1e'
11E8E149-D8A3-C878-987C-12DF17AE4E1E,2019-ncaa-d2-conf-Sunshine State,ncaa,9,9,9,9,9,11,11,10,10,11,10,9,8,6,10,4,9,8,8,8,4,10,10,10,9,10,3,4,5,9,8,11,10,11,10,9,6,8,10,9,9,9,5,4,,,8,10,,,11,11,9,5,11,11,10,11,9,6,5,8,6,7,10,10,8,11,11,9,10,9,3,,11,,,11,4,5,2,8,6,2,10,3,3,5,4,8,8,3,9,10,2,2,8,10,11,5,3,10,8,10,7,8,7,10,8,10,9,7,8,10,11,8,10,,,7,6,,,11,1,10,11,11,8,6,5,7,6,4,4,11,11,11,8,8,8,9,9,9,7,11,9,,7,,,b'\x11\xe8\xe1I\xd8\xa3\xc8x\x98|\x12\xdf\x17\xaeN\x1e'
11E8E149-D8A3-C878-987C-12DF17AE4E1E,2019-ncaa-d2-natl,ncaa,232,222,227,234,239,287,286,287,267,290,287,250,192,164,237,69,284,266,252,264,144,285,284,247,258,264,81,82,183,255,250,277,232,283,263,250,95,106,241,217,240,184,117,72,,,121,256,,,264,287,295,109,296,296,294,296,281,172,130,273,257,254,298,290,251,272,286,242,169,219,95,,180,,,261,44,46,28,199,73,40,205,72,65,167,145,150,168,112,164,248,34,34,202,213,219,170,118,234,107,232,100,250,96,263,113,218,244,178,200,154,261,133,252,,,264,152,,,264,23,272,235,269,102,91,36,113,59,115,99,206,217,214,52,37,154,179,174,150,220,206,167,,243,,,b'\x11\xe8\xe1I\xd8\xa3\xc8x\x98|\x12\xdf\x17\xaeN\x1e'
11E8E149-D8A3-C878-987C-12DF17AE4E1E,2020-ncaa-d2-conf-Sunshine State,ncaa,4,4,3,4,4,4,4,6,4,5,5,6,3,7,2,8,1,1,2,1,1,3,4,4,3,3,2,6,1,9,11,3,11,5,9,8,11,3,2,8,10,10,2,4,,,7,5,,,4,2,7,7,3,6,9,7,7,4,8,1,1,1,5,10,10,5,11,10,3,10,2,,7,,,4,11,10,11,4,10,11,3,1,5,1,2,9,7,11,7,7,11,10,3,3,5,3,1,7,11,11,8,11,11,9,9,6,6,10,9,2,2,10,10,,,1,1,,,4,9,4,10,4,8,7,10,8,11,1,3,9,8,7,11,10,11,6,9,6,8,3,10,,1,,,b'\x11\xe8\xe1I\xd8\xa3\xc8x\x98|\x12\xdf\x17\xaeN\x1e'
11E8E149-D8A3-C878-987C-12DF17AE4E1E,2020-ncaa-d2-natl,ncaa,131,170,17,150,17,44,74,92,75,103,121,108,65,105,31,166,18,18,134,16,20,66,90,58,50,48,70,123,48,220,260,53,190,108,222,147,244,115,63,121,241,291,92,146,,,218,150,,,105,63,215,7,86,132,213,170,216,94,161,33,38,30,168,221,266,112,205,201,49,286,123,,141,,,109,268,267,280,145,288,293,172,84,159,33,55,257,248,192,244,132,283,257,106,111,175,39,24,196,272,190,258,260,275,222,239,149,185,255,229,75,43,193,170,,,12,11,,,105,245,78,194,114,168,185,210,243,262,48,85,205,186,185,220,158,218,169,203,166,251,34,146,,30,,,b'\x11\xe8\xe1I\xd8\xa3\xc8x\x98|\x12\xdf\x17\xaeN\x1e'
11E8E149-D8A3-C878-987C-12DF17AE4E1E,2021-ncaa-d2-conf-Sunshine State,ncaa,5,3,6,3,6,6,6,5,2,4,3,2,6,5,3,6,6,6,4,6,7,5,5,2,2,3,7,6,5,4,1,6,4,6,1,6,7,2,3,4,5,2,4,4,,,4,6,,,3,6,2,4,1,1,1,1,1,5,6,4,4,4,1,1,1,4,1,5,4,2,4,,6,,,3,2,2,2,7,2,2,7,2,2,5,2,3,4,1,4,6,2,2,7,7,6,3,3,5,2,4,2,1,2,1,3,7,5,3,6,2,3,5,6,,,6,6,,,3,2,2,6,3,6,6,3,7,3,4,3,5,6,6,5,5,3,2,3,7,3,5,7,,5,,,b'\x11\xe8\xe1I\xd8\xa3\xc8x\x98|\x12\xdf\x17\xaeN\x1e'
11E8E149-D8A3-C878-987C-12DF17AE4E1E,2021-ncaa-d2-natl,ncaa,175,24,213,98,213,211,204,212,48,197,203,69,215,214,113,218,214,213,149,213,217,212,212,84,102,86,224,213,201,201,6,215,94,212,17,211,216,12,55,118,209,51,206,113,,,20,211,,,91,214,75,13,31,11,15,4,2,189,206,149,141,132,20,23,13,84,21,127,112,46,116,,216,,,59,14,14,13,164,15,12,177,18,16,99,101,13,21,6,21,194,13,13,157,125,109,83,84,112,14,94,11,6,11,17,18,200,211,83,150,12,61,34,152,,,213,189,,,91,13,44,104,62,146,152,121,154,110,111,119,119,191,198,150,157,105,57,63,196,64,103,215,,114,,,b'\x11\xe8\xe1I\xd8\xa3\xc8x\x98|\x12\xdf\x17\xaeN\x1e'
11E8E149-D8A3-C878-987C-12DF17AE4E1E,2022-ncaa-d2-conf-Sunshine State,ncaa,4,4,3,4,3,3,3,4,3,2,2,3,9,11,3,11,2,2,5,2,3,2,3,3,3,4,10,10,4,8,9,4,6,5,6,4,10,4,2,4,7,9,3,4,,,8,4,,,4,2,1,4,1,1,2,1,1,8,10,2,2,2,2,3,10,3,5,4,4,7,3,,8,,,4,11,11,10,9,9,10,9,8,9,8,5,7,7,6,7,4,11,10,8,8,9,4,5,4,8,6,6,9,7,6,11,7,4,9,10,1,1,4,3,,,4,5,,,4,10,3,8,4,11,11,11,10,10,9,8,7,7,7,11,10,6,5,7,9,5,2,5,,2,,,b'\x11\xe8\xe1I\xd8\xa3\xc8x\x98|\x12\xdf\x17\xaeN\x1e'
11E8E149-D8A3-C878-987C-12DF17AE4E1E,2022-ncaa-d2-natl,ncaa,78,119,47,104,50,39,37,67,31,20,39,50,138,187,60,256,20,27,94,24,85,56,64,48,43,42,221,244,90,141,170,94,91,108,122,70,195,173,89,90,69,114,111,128,,,269,227,,,102,50,98,91,31,35,133,22,71,193,242,36,48,41,95,131,197,178,207,98,100,110,148,,214,,,107,279,268,225,255,251,210,247,258,221,256,159,274,265,219,264,222,240,239,258,269,240,200,170,196,127,91,183,170,170,122,289,248,63,108,198,75,27,135,57,,,54,117,,,102,252,53,218,111,236,215,107,194,106,211,157,235,221,215,133,159,77,93,77,254,110,32,93,,105,,,b'\x11\xe8\xe1I\xd8\xa3\xc8x\x98|\x12\xdf\x17\xaeN\x1e'
11E8E149-D8A3-C878-987C-12DF17AE4E1E,2023-ncaa-d2-conf-Sunshine State,ncaa,8,8,6,8,7,6,5,5,7,6,4,7,5,5,6,5,7,7,4,8,8,5,7,7,6,5,7,6,6,9,9,9,10,10,10,11,11,4,6,10,2,2,2,1,,,11,11,,,6,6,2,7,4,5,2,5,5,4,5,6,5,5,2,5,9,9,9,11,6,1,1,,11,,,6,8,2,1,7,2,5,3,3,2,11,2,11,11,6,11,11,5,6,7,9,6,11,3,11,7,10,8,9,9,10,7,8,2,2,3,6,8,4,4,,,9,11,,,6,6,7,7,6,9,3,2,4,6,4,2,11,11,11,6,10,8,9,9,8,1,8,4,,9,,,b'\x11\xe8\xe1I\xd8\xa3\xc8x\x98|\x12\xdf\x17\xaeN\x1e'
11E8E149-D8A3-C878-987C-12DF17AE4E1E,2023-ncaa-d2-natl,ncaa,152,162,148,162,162,115,117,153,85,133,174,81,102,113,107,104,111,154,34,156,137,154,178,75,67,60,108,120,137,223,227,212,117,227,217,227,281,61,84,171,61,42,94,54,,,265,292,,,139,160,109,118,70,82,111,118,169,87,91,100,148,152,119,165,222,231,248,236,90,47,81,,282,,,139,180,108,59,250,101,74,205,136,80,273,94,288,286,200,286,292,103,132,248,274,233,264,117,288,53,117,157,227,119,217,145,187,98,76,103,53,74,24,34,,,217,235,,,139,144,82,211,133,224,129,32,131,70,157,81,293,290,290,98,150,67,186,125,154,82,74,32,,234,,,b'\x11\xe8\xe1I\xd8\xa3\xc8x\x98|\x12\xdf\x17\xaeN\x1e'
11E8E149-D8A3-C878-987C-12DF17AE4E1E,2024-ncaa-d2-conf-Sunshine State,ncaa,9,9,9,9,9,11,11,11,9,10,11,8,8,8,8,4,8,10,3,10,7,11,11,8,7,11,5,6,4,10,9,6,10,9,10,10,9,10,11,11,7,4,1,1,,,6,8,,,11,9,5,4,10,11,9,9,7,8,5,7,9,9,9,5,9,3,6,10,11,3,1,,8,,,11,4,4,6,6,5,6,4,4,5,7,4,6,6,2,6,6,6,5,5,3,6,4,5,6,8,10,5,9,7,10,5,8,9,9,9,11,11,10,11,,,10,9,,,11,3,11,6,11,9,9,11,10,10,5,7,6,8,7,11,10,10,10,11,8,8,11,11,,9,,,b'\x11\xe8\xe1I\xd8\xa3\xc8x\x98|\x12\xdf\x17\xaeN\x1e'
11E8E149-D8A3-C878-987C-12DF17AE4E1E,2024-ncaa-d2-natl,ncaa,201,183,248,196,250,257,266,265,237,260,256,233,223,231,189,163,171,219,45,221,101,266,262,227,192,222,95,170,43,261,249,176,184,230,214,277,271,158,253,282,208,194,25,10,,,156,247,,,222,254,162,52,240,264,260,253,212,204,199,110,150,152,248,198,240,56,150,283,230,178,5,,241,,,223,53,39,66,69,52,106,52,71,70,125,101,186,190,122,181,211,74,57,63,80,131,190,120,250,178,184,88,249,110,214,63,159,242,218,181,151,227,160,248,,,221,108,,,222,45,243,169,226,165,122,198,126,210,126,134,239,245,241,225,183,241,208,236,126,200,209,216,,143,,,b'\x11\xe8\xe1I\xd8\xa3\xc8x\x98|\x12\xdf\x17\xaeN\x1e'
11E8E149-D8A3-C878-987C-12DF17AE4E1E,2025-ncaa-d2-conf-Sunshine State,genius_ncaa,8,9,5,9,6,7,7,6,7,4,4,8,8,10,4,9,7,8,1,8,10,6,6,8,7,7,8,6,5,10,10,8,9,8,10,8,9,5,5,8,7,8,8,9,,,6,3,,4,10,5,3,7,7,6,6,2,3,8,10,5,9,9,6,6,10,8,9,8,4,7,8,,5,,4,10,11,11,9,10,11,8,10,4,5,5,4,4,5,2,5,3,9,7,9,8,8,2,4,3,11,9,10,10,10,10,8,4,5,6,6,3,5,7,5,,,8,8,,2,10,7,9,9,10,9,9,10,11,10,4,5,3,5,4,11,10,11,10,10,8,5,4,7,,9,,1,b'\x11\xe8\xe1I\xd8\xa3\xc8x\x98|\x12\xdf\x17\xaeN\x1e'
11E8E149-D8A3-C878-987C-12DF17AE4E1E,2025-ncaa-d2-natl,genius_ncaa,195,200,207,203,213,176,170,202,105,148,132,183,187,256,22,248,171,227,9,228,252,212,247,112,98,87,199,191,141,285,290,195,224,254,275,191,204,40,86,111,250,255,117,127,,,78,87,,109,190,213,159,126,128,119,166,89,74,175,257,124,215,221,184,237,288,154,257,173,61,241,95,,114,,134,185,144,170,147,210,190,174,191,130,109,199,102,85,104,47,99,85,128,103,200,173,206,71,126,78,198,224,180,290,189,275,143,114,231,224,218,48,84,105,96,,,237,171,,92,190,84,140,225,188,209,236,241,239,249,169,139,113,145,139,227,186,235,241,248,190,209,65,132,,220,,78,b'\x11\xe8\xe1I\xd8\xa3\xc8x\x98|\x12\xdf\x17\xaeN\x1e'
11E8E149-D8A3-C878-987C-12DF17AE4E1E,2026-ncaa-d2-conf-Sunshine State,genius_ncaa,5,6,1,6,2,4,3,1,8,1,2,7,7,3,9,6,7,9,4,6,10,2,1,8,9,11,8,9,9,9,10,5,11,8,11,2,4,11,10,11,2,5,1,3,,,10,10,,10,11,1,1,2,6,5,3,3,4,8,4,8,9,7,4,3,9,8,9,3,11,3,1,,10,,10,11,11,11,11,10,11,11,7,5,6,5,2,11,11,10,11,8,11,11,8,8,8,3,2,10,11,11,11,10,11,11,11,5,2,5,6,11,10,6,4,,,9,10,,11,11,11,11,8,11,11,11,11,11,11,4,4,11,11,11,11,11,11,11,11,11,3,11,6,,9,,11,b'\x11\xe8\xe1I\xd8\xa3\xc8x\x98|\x12\xdf\x17\xaeN\x1e'
11E8E149-D8A3-C878-987C-12DF17AE4E1E,2026-ncaa-d2-natl,genius_ncaa,201,144,221,202,224,224,209,220,149,205,213,126,176,178,175,118,234,234,185,234,209,226,214,146,161,203,183,134,220,275,286,263,298,274,296,135,38,177,249,160,48,48,101,131,,,186,151,,60,243,182,10,21,105,91,50,106,113,119,84,184,181,179,67,26,265,229,270,42,274,14,59,,291,,100,253,151,142,145,123,177,194,123,64,90,60,48,225,230,132,225,211,166,170,81,101,98,92,47,239,293,298,146,286,255,296,208,270,94,103,166,182,237,105,149,,,269,287,,295,243,109,238,233,249,285,276,295,283,298,114,162,293,295,292,298,298,298,292,298,287,18,260,168,,264,,296,b'\x11\xe8\xe1I\xd8\xa3\xc8x\x98|\x12\xdf\x17\xaeN\x1e'
11E8E149-D8A8-24FE-987C-12DF17AE4E1E,2018-ncaa-d2-conf-Great Northwest,ncaa,10,10,8,10,10,10,10,10,9,9,8,9,11,11,10,10,3,4,7,3,2,9,10,10,8,8,4,11,1,10,11,10,9,10,10,11,11,2,8,10,11,11,10,9,,,2,2,,,10,9,4,8,10,10,9,8,6,11,11,2,2,2,8,9,10,10,10,11,7,11,10,,3,,,10,4,6,4,8,4,1,10,10,11,4,11,3,3,9,3,7,3,3,9,8,10,10,10,3,8,9,7,11,9,10,6,8,8,7,9,8,8,2,1,,,3,1,,,10,2,10,10,10,10,8,9,7,2,11,11,5,5,5,9,8,10,10,11,9,7,8,2,,1,,,b'\x11\xe8\xe1I\xd8\xa8$\xfe\x98|\x12\xdf\x17\xaeN\x1e'
11E8E149-D8A8-24FE-987C-12DF17AE4E1E,2018-ncaa-d2-natl,ncaa,252,254,206,258,238,200,228,239,189,191,184,197,254,265,185,254,58,58,134,57,25,208,221,203,167,159,137,253,4,267,261,245,265,259,274,254,231,93,150,219,262,272,238,219,,,102,110,,,247,199,120,226,175,236,249,175,141,251,261,16,23,19,178,184,265,238,265,255,138,262,236,,150,,,245,208,189,138,211,105,59,252,270,275,195,300,171,138,263,132,208,134,120,240,252,257,263,282,129,207,265,126,261,160,274,251,267,211,207,251,227,265,56,74,,,43,2,,,247,101,205,270,249,262,237,231,158,82,292,300,211,182,176,226,196,241,189,224,272,181,258,74,,3,,,b'\x11\xe8\xe1I\xd8\xa8$\xfe\x98|\x12\xdf\x17\xaeN\x1e'
11E8E149-D8A8-24FE-987C-12DF17AE4E1E,2019-ncaa-d2-conf-Great Northwest,ncaa,9,9,7,9,8,8,7,8,7,6,3,8,9,10,7,11,3,3,9,3,3,7,6,8,8,9,8,10,1,5,3,10,3,8,5,11,11,5,7,11,9,9,9,10,,,1,2,,,10,7,3,4,6,6,6,6,3,9,10,2,2,2,5,3,4,8,5,11,7,9,9,,2,,,10,10,11,7,11,10,9,10,8,4,11,4,2,4,5,2,2,4,2,11,11,11,3,7,1,1,3,4,3,1,5,9,4,9,7,11,9,8,3,3,,,3,2,,,10,4,7,10,10,10,11,8,11,10,9,6,3,4,3,7,6,3,7,4,10,8,9,5,,1,,,b'\x11\xe8\xe1I\xd8\xa8$\xfe\x98|\x12\xdf\x17\xaeN\x1e'
11E8E149-D8A8-24FE-987C-12DF17AE4E1E,2019-ncaa-d2-natl,ncaa,258,274,182,267,184,168,180,185,169,135,120,192,230,249,154,254,83,88,172,87,106,168,174,189,172,171,201,242,49,123,78,228,125,199,118,246,279,151,165,231,245,244,198,209,,,59,66,,,258,183,159,22,146,156,150,124,82,228,250,57,61,60,113,111,97,239,170,251,181,248,202,,65,,,252,272,280,157,298,245,158,283,271,166,305,187,110,79,251,73,84,134,114,302,302,304,135,232,49,66,125,88,78,69,118,276,202,237,241,285,238,243,150,114,,,77,29,,,258,129,156,292,253,282,286,215,266,192,278,204,136,101,93,182,147,78,112,88,278,240,248,168,,26,,,b'\x11\xe8\xe1I\xd8\xa8$\xfe\x98|\x12\xdf\x17\xaeN\x1e'
11E8E149-D8A8-24FE-987C-12DF17AE4E1E,2020-ncaa-d2-conf-Great Northwest,ncaa,6,6,7,6,11,7,9,8,9,9,8,8,8,7,8,7,5,5,7,5,2,8,8,9,8,8,6,7,2,5,4,7,4,4,3,9,9,6,7,8,10,10,11,11,,,2,2,,,7,9,6,11,7,9,7,8,6,8,7,4,4,4,7,6,2,6,3,9,7,10,11,,2,,,7,2,6,6,8,7,5,9,3,6,4,8,1,1,7,1,1,3,2,7,5,8,1,7,1,2,4,2,4,2,3,6,5,8,7,9,6,8,10,11,,,3,1,,,7,2,7,5,7,4,9,9,8,6,5,7,1,1,1,5,4,5,4,5,6,8,8,11,,2,,,b'\x11\xe8\xe1I\xd8\xa8$\xfe\x98|\x12\xdf\x17\xaeN\x1e'
11E8E149-D8A8-24FE-987C-12DF17AE4E1E,2020-ncaa-d2-natl,ncaa,193,140,300,175,304,287,287,298,211,283,291,191,241,254,194,162,217,227,167,231,70,298,302,206,190,193,123,175,65,200,67,290,131,279,91,282,221,31,165,209,295,250,302,299,,,13,70,,,181,304,256,301,209,233,231,228,217,185,176,110,114,117,210,218,101,202,148,241,134,271,301,,39,,,186,22,42,14,213,65,22,243,79,78,121,252,6,6,214,6,18,10,7,208,173,213,73,214,7,21,131,9,67,7,91,78,163,296,222,248,86,236,215,289,,,221,17,,,181,8,167,204,187,137,209,164,195,122,196,222,10,12,11,101,50,100,64,67,189,253,212,282,,36,,,b'\x11\xe8\xe1I\xd8\xa8$\xfe\x98|\x12\xdf\x17\xaeN\x1e'
11E8E149-D8A8-24FE-987C-12DF17AE4E1E,2021-ncaa-d2-conf-Great Northwest,ncaa,3,5,1,4,2,2,2,3,4,2,3,4,1,2,2,4,2,1,4,1,2,2,2,4,4,4,2,3,1,2,2,2,6,2,5,2,3,5,5,5,3,4,4,6,,,5,5,,,6,2,4,3,4,4,6,4,4,3,5,3,1,1,5,5,3,5,5,3,4,4,6,,3,,,5,5,5,6,3,5,6,3,4,4,6,4,6,6,3,6,5,6,5,4,4,4,4,4,4,6,6,4,2,6,5,5,5,3,3,4,4,2,5,6,,,1,1,,,6,5,4,5,5,3,3,4,3,4,4,4,4,5,5,4,3,6,2,4,3,3,2,5,,2,,,b'\x11\xe8\xe1I\xd8\xa8$\xfe\x98|\x12\xdf\x17\xaeN\x1e'
11E8E149-D8A8-24FE-987C-12DF17AE4E1E,2021-ncaa-d2-natl,ncaa,175,49,202,144,205,201,203,207,110,201,210,106,195,205,96,126,198,202,131,201,58,206,207,105,104,131,102,113,71,207,79,210,200,210,164,196,58,24,174,121,210,150,202,171,,,25,162,,,139,208,142,121,142,151,177,140,141,118,129,103,92,86,159,146,115,204,186,93,153,148,167,,144,,,145,24,24,21,148,22,21,129,26,20,151,100,24,23,92,23,118,20,19,148,139,132,100,114,93,26,200,17,79,18,164,26,159,208,104,132,21,107,30,163,,,199,12,,,139,19,129,157,147,126,133,111,126,116,125,99,98,107,113,110,106,172,47,96,156,106,98,157,,25,,,b'\x11\xe8\xe1I\xd8\xa8$\xfe\x98|\x12\xdf\x17\xaeN\x1e'
11E8E149-D8A8-24FE-987C-12DF17AE4E1E,2022-ncaa-d2-conf-Great Northwest,ncaa,8,8,7,8,7,10,10,10,6,7,9,5,10,10,10,9,7,8,4,8,7,10,9,7,7,7,10,10,5,10,8,4,7,9,6,10,10,9,10,10,10,9,8,7,,,4,3,,,8,9,6,9,9,9,10,7,6,10,10,7,7,7,10,9,10,5,8,10,10,9,7,,4,,,8,3,4,4,3,3,4,3,6,5,6,7,3,3,7,3,3,4,2,3,3,4,7,8,2,6,7,2,8,3,6,5,7,10,9,8,5,9,3,5,,,3,2,,,8,2,9,5,8,5,5,7,4,5,7,6,4,4,4,7,5,6,2,4,6,7,8,4,,2,,,b'\x11\xe8\xe1I\xd8\xa8$\xfe\x98|\x12\xdf\x17\xaeN\x1e'
11E8E149-D8A8-24FE-987C-12DF17AE4E1E,2022-ncaa-d2-natl,ncaa,200,161,248,197,259,256,250,269,148,221,244,135,266,259,223,217,193,212,73,211,152,269,259,173,157,195,215,246,76,232,126,239,176,241,109,205,98,171,264,216,250,231,231,223,,,81,194,,,199,253,144,196,220,215,246,150,163,254,245,124,155,152,240,176,189,160,193,158,252,217,210,,188,,,198,40,44,67,83,53,73,109,79,107,78,184,82,72,212,71,135,59,50,91,93,139,169,163,165,92,176,19,126,25,109,129,245,247,215,234,156,246,31,61,,,113,3,,,199,50,215,149,194,143,149,213,136,176,154,210,159,140,140,211,166,170,26,76,217,201,241,50,,8,,,b'\x11\xe8\xe1I\xd8\xa8$\xfe\x98|\x12\xdf\x17\xaeN\x1e'
11E8E149-D8A8-24FE-987C-12DF17AE4E1E,2023-ncaa-d2-conf-Great Northwest,ncaa,9,9,7,9,9,9,9,10,7,7,7,8,8,9,5,8,3,4,1,3,4,10,10,6,5,5,5,8,2,9,8,9,8,10,7,6,5,3,4,5,5,4,9,9,,,5,8,,,9,10,6,8,8,9,8,6,4,8,8,2,2,2,8,7,6,9,9,5,5,4,8,,8,,,9,6,6,3,10,8,6,10,3,2,2,4,4,4,1,4,6,3,1,8,8,9,2,3,4,5,8,2,8,3,7,7,7,8,6,8,3,3,6,7,,,5,4,,,9,1,6,9,9,7,8,5,9,6,3,4,4,6,5,5,5,6,5,6,8,8,3,8,,3,,,b'\x11\xe8\xe1I\xd8\xa8$\xfe\x98|\x12\xdf\x17\xaeN\x1e'
11E8E149-D8A8-24FE-987C-12DF17AE4E1E,2023-ncaa-d2-natl,ncaa,222,182,255,218,272,254,247,269,164,220,234,168,245,256,192,208,192,234,30,229,175,275,274,188,162,170,199,213,84,240,187,256,188,266,194,183,62,52,176,137,222,154,242,223,,,67,197,,,212,272,183,208,191,197,197,156,116,224,221,123,168,160,191,181,184,180,197,103,157,157,212,,177,,,212,56,80,44,222,114,51,263,69,90,49,164,53,53,158,48,122,38,24,196,197,225,59,90,108,80,188,41,187,39,194,191,265,269,227,275,39,151,133,192,,,251,136,,,212,24,176,240,223,201,229,190,248,162,118,179,129,119,115,182,123,183,147,164,270,225,131,196,,164,,,b'\x11\xe8\xe1I\xd8\xa8$\xfe\x98|\x12\xdf\x17\xaeN\x1e'
11E8E149-D8A8-24FE-987C-12DF17AE4E1E,2024-ncaa-d2-conf-Great Northwest,ncaa,7,9,6,8,7,9,9,8,10,9,4,10,9,8,10,7,7,6,10,6,7,8,9,10,10,9,7,9,2,4,6,9,10,9,9,8,6,5,7,8,3,3,6,2,,,9,9,,,9,9,10,8,10,10,8,9,5,10,7,8,5,6,8,7,5,10,10,9,6,4,5,,9,,,9,2,2,2,2,2,3,7,7,8,1,8,10,9,10,7,8,2,2,4,7,5,8,6,10,9,10,4,6,8,9,6,9,4,3,3,4,5,1,1,,,7,3,,,9,2,9,6,9,5,2,3,2,2,6,8,10,8,8,3,4,9,6,6,5,5,5,1,,5,,,b'\x11\xe8\xe1I\xd8\xa8$\xfe\x98|\x12\xdf\x17\xaeN\x1e'
11E8E149-D8A8-24FE-987C-12DF17AE4E1E,2024-ncaa-d2-natl,ncaa,229,183,275,222,282,280,274,278,234,263,265,213,267,259,242,191,277,270,255,269,230,282,284,238,246,234,233,205,197,235,167,291,268,282,250,235,81,28,181,153,202,104,141,56,,,27,180,,,230,286,225,227,261,235,210,187,144,233,214,255,226,225,221,219,151,279,253,170,151,122,88,,147,,,233,19,18,15,172,18,13,197,83,76,165,231,73,37,297,31,172,14,15,186,216,187,227,206,183,86,268,27,167,34,250,75,255,223,101,176,40,173,27,72,,,265,103,,,230,12,236,221,240,157,131,91,92,53,206,200,176,119,112,85,110,220,170,202,220,120,151,77,,146,,,b'\x11\xe8\xe1I\xd8\xa8$\xfe\x98|\x12\xdf\x17\xaeN\x1e'
11E8E149-D8A8-24FE-987C-12DF17AE4E1E,2025-ncaa-d2-conf-Great Northwest,genius_ncaa,5,6,1,6,1,3,4,5,5,3,4,3,7,7,7,7,1,1,6,1,1,3,2,6,6,7,7,8,2,4,3,5,5,3,5,3,2,10,9,6,3,5,5,4,,,8,7,,9,5,2,7,1,7,8,10,5,6,8,8,3,3,3,8,7,7,8,9,5,7,4,5,,5,,6,5,6,6,7,6,6,6,7,6,7,6,7,7,7,5,7,8,7,8,6,6,5,5,5,6,4,5,5,3,5,5,7,6,3,3,3,8,6,3,2,,,1,1,,1,5,9,7,5,5,5,4,2,3,2,5,5,3,5,5,3,3,3,3,3,5,4,7,2,,1,,2,b'\x11\xe8\xe1I\xd8\xa8$\xfe\x98|\x12\xdf\x17\xaeN\x1e'
11E8E149-D8A8-24FE-987C-12DF17AE4E1E,2025-ncaa-d2-natl,genius_ncaa,107,95,162,105,190,163,183,229,96,159,192,89,196,212,148,202,63,86,65,87,34,198,187,111,73,125,143,218,27,189,133,193,83,198,95,93,35,201,241,146,118,95,51,21,,,145,204,,240,112,181,179,198,145,191,272,150,198,199,220,39,62,61,234,193,189,199,217,74,215,111,41,,162,,245,111,71,70,59,152,71,72,155,125,115,178,169,140,130,207,130,191,64,87,163,170,128,204,167,188,52,83,43,133,39,95,156,251,106,66,131,184,217,124,171,,,55,8,,76,112,111,143,105,116,88,78,38,72,57,134,114,152,142,144,46,79,52,49,41,180,91,201,143,,26,,74,b'\x11\xe8\xe1I\xd8\xa8$\xfe\x98|\x12\xdf\x17\xaeN\x1e'
11E8E149-D8A8-24FE-987C-12DF17AE4E1E,2026-ncaa-d2-conf-Great Northwest,genius_ncaa,1,1,1,1,1,2,2,1,6,1,2,4,3,1,6,3,1,5,4,3,6,1,1,5,5,4,5,6,4,2,3,6,5,4,7,1,1,2,1,1,1,1,6,7,,,6,4,,2,2,4,6,1,3,3,1,1,2,4,1,2,6,3,1,1,2,7,4,1,1,1,7,,5,,2,2,4,4,3,5,4,3,8,2,4,3,5,5,6,1,6,10,3,6,5,4,2,3,2,7,6,5,6,3,7,7,4,4,1,1,1,2,1,7,6,,,3,5,,3,2,7,4,2,2,2,2,1,2,1,1,2,3,5,5,2,5,5,6,7,3,1,1,7,,3,,3,b'\x11\xe8\xe1I\xd8\xa8$\xfe\x98|\x12\xdf\x17\xaeN\x1e'
11E8E149-D8A8-24FE-987C-12DF17AE4E1E,2026-ncaa-d2-natl,genius_ncaa,107,13,268,47,271,267,274,273,214,266,270,194,245,242,212,161,198,215,84,211,66,267,286,217,189,92,125,187,43,249,155,285,35,284,141,176,3,4,1,1,162,15,293,265,,,18,154,,5,55,285,239,88,121,167,106,150,120,177,131,41,56,50,65,204,110,238,185,21,2,37,284,,79,,10,26,8,10,5,199,10,6,265,25,21,91,234,13,35,3,34,281,5,10,209,144,35,158,182,93,4,35,34,155,15,141,11,87,200,10,12,3,2,105,229,,,231,14,,132,55,13,80,23,23,11,22,1,33,2,88,109,28,153,150,2,13,10,229,108,31,31,2,230,,25,,50,b'\x11\xe8\xe1I\xd8\xa8$\xfe\x98|\x12\xdf\x17\xaeN\x1e'
11E8E149-D8AC-64F6-987C-12DF17AE4E1E,2018-ncaa-d2-conf-NE10,ncaa,14,14,6,14,6,13,9,6,12,4,2,14,14,14,5,15,13,13,9,14,15,7,7,13,13,13,15,14,11,10,12,9,8,9,12,6,7,9,9,7,10,11,8,9,,,6,7,,,13,5,4,1,13,8,5,4,1,14,15,13,13,13,6,6,9,9,7,6,11,10,8,,7,,,13,10,11,8,12,13,11,11,9,5,11,3,5,3,10,3,6,7,9,12,12,11,4,4,4,5,8,11,12,12,12,8,5,5,6,8,10,9,12,5,,,11,13,,,13,10,14,11,13,13,13,8,14,11,10,5,7,7,7,8,10,6,15,14,8,5,10,13,,11,,,b'\x11\xe8\xe1I\xd8\xacd\xf6\x98|\x12\xdf\x17\xaeN\x1e'
11E8E149-D8AC-64F6-987C-12DF17AE4E1E,2018-ncaa-d2-natl,ncaa,225,229,206,228,215,245,206,190,226,148,71,265,297,304,161,305,268,265,164,267,303,214,223,258,258,250,301,283,223,213,227,223,147,222,220,157,84,98,161,138,227,206,151,158,,,69,102,,,215,227,180,64,258,193,139,95,23,297,305,264,262,266,187,189,193,207,212,131,146,211,136,,97,,,215,64,108,93,189,146,152,139,77,42,233,58,40,44,138,44,47,73,76,172,152,130,45,97,74,91,147,180,227,137,220,109,127,158,106,127,103,157,240,196,,,240,202,,,215,80,251,125,218,120,173,142,201,223,112,48,53,62,62,121,135,128,244,201,154,115,141,274,,223,,,b'\x11\xe8\xe1I\xd8\xacd\xf6\x98|\x12\xdf\x17\xaeN\x1e'
11E8E149-D8AC-64F6-987C-12DF17AE4E1E,2019-ncaa-d2-conf-NE10,ncaa,12,13,10,13,12,12,12,9,14,12,9,14,8,8,8,8,15,15,12,15,14,11,13,14,15,14,7,6,11,10,12,12,13,12,13,9,4,5,7,6,6,5,5,4,,,1,2,,,14,12,9,12,12,12,7,12,6,8,6,13,13,13,8,11,9,11,12,5,8,5,5,,3,,,14,9,10,10,9,2,3,10,15,13,13,14,4,4,8,4,6,8,8,11,10,10,14,14,4,13,13,10,12,13,13,14,15,13,13,15,4,9,4,4,,,15,15,,,14,5,14,13,14,13,13,14,7,4,15,14,6,6,6,14,13,14,14,14,15,9,9,6,,15,,,b'\x11\xe8\xe1I\xd8\xacd\xf6\x98|\x12\xdf\x17\xaeN\x1e'
11E8E149-D8AC-64F6-987C-12DF17AE4E1E,2019-ncaa-d2-natl,ncaa,194,160,260,193,278,271,249,240,227,246,211,257,188,225,125,165,300,301,139,303,304,262,274,222,236,223,195,107,286,234,234,261,248,261,254,149,25,46,139,90,232,185,89,48,,,12,17,,,242,279,214,260,250,204,119,190,119,146,170,296,302,304,205,230,187,202,211,81,110,188,58,,19,,,239,54,101,83,165,69,49,171,247,213,235,285,13,12,192,12,24,55,44,206,175,207,203,290,12,162,248,124,234,139,254,265,304,254,206,289,45,130,90,121,,,305,305,,,242,34,232,230,243,183,225,238,140,116,284,282,19,19,18,158,146,236,251,255,292,211,106,145,,308,,,b'\x11\xe8\xe1I\xd8\xacd\xf6\x98|\x12\xdf\x17\xaeN\x1e'
11E8E149-D8AC-64F6-987C-12DF17AE4E1E,2020-ncaa-d2-conf-NE10,ncaa,13,13,11,13,13,12,11,8,12,12,10,11,10,8,12,6,14,14,11,14,14,9,9,12,12,12,10,6,14,10,12,11,11,12,12,10,7,4,7,8,13,13,4,4,,,9,9,,,13,8,3,8,10,9,2,10,6,7,5,14,14,14,6,6,9,9,8,8,7,11,3,,11,,,13,10,12,9,13,10,8,12,5,4,9,6,9,12,9,12,8,8,7,11,11,13,6,5,10,9,11,11,12,10,12,12,11,13,12,13,9,11,9,10,,,13,13,,,13,7,12,13,13,13,13,13,13,12,10,9,11,13,13,13,12,12,13,13,13,9,11,11,,13,,,b'\x11\xe8\xe1I\xd8\xacd\xf6\x98|\x12\xdf\x17\xaeN\x1e'
11E8E149-D8AC-64F6-987C-12DF17AE4E1E,2020-ncaa-d2-natl,ncaa,243,203,283,236,296,286,258,243,260,257,229,249,203,181,246,102,305,305,225,305,310,269,281,255,275,246,225,106,306,226,241,206,138,228,220,171,32,36,113,96,270,243,60,47,,,42,128,,,241,287,128,227,247,188,56,191,108,155,100,310,307,309,133,159,156,60,91,86,110,231,34,,142,,,244,53,75,59,136,103,112,113,70,46,172,96,67,65,216,69,100,51,34,124,117,169,101,126,128,94,138,176,241,145,220,124,211,267,226,230,67,153,155,215,,,304,308,,,241,32,245,168,237,182,201,236,211,259,152,139,152,140,150,236,186,197,294,280,222,206,155,228,,302,,,b'\x11\xe8\xe1I\xd8\xacd\xf6\x98|\x12\xdf\x17\xaeN\x1e'
11E8E149-D8AC-64F6-987C-12DF17AE4E1E,2022-ncaa-d2-conf-NE10,ncaa,14,14,11,14,11,14,12,13,11,13,13,12,8,5,9,2,14,14,10,14,14,14,14,10,11,12,6,2,14,14,11,10,3,12,9,11,6,8,12,10,14,14,13,13,,,2,3,,,14,14,11,4,14,12,11,13,13,6,2,14,14,14,14,13,13,6,10,10,10,14,13,,4,,,14,12,12,8,14,14,10,14,4,3,8,5,4,4,14,4,4,7,1,12,12,14,1,3,4,2,3,5,11,4,9,8,5,14,14,14,10,13,2,3,,,14,14,,,14,1,14,14,14,13,14,12,14,14,7,7,6,4,4,12,5,3,10,8,12,14,13,4,,14,,,b'\x11\xe8\xe1I\xd8\xacd\xf6\x98|\x12\xdf\x17\xaeN\x1e'
11E8E149-D8AC-64F6-987C-12DF17AE4E1E,2022-ncaa-d2-natl,ncaa,275,276,222,280,233,272,246,238,233,262,248,245,162,176,130,71,297,297,188,297,301,260,262,211,244,248,154,42,301,241,227,182,85,215,157,195,86,110,224,175,292,294,187,207,,,26,51,,,275,257,251,136,278,248,190,260,220,111,116,300,301,301,271,257,222,96,169,170,174,297,171,,33,,,273,105,169,125,223,194,175,188,88,64,218,83,19,12,289,11,5,85,43,205,183,257,20,113,15,58,85,95,227,73,157,151,125,291,297,291,114,221,182,251,,,293,297,,,275,52,258,263,271,203,254,247,269,271,132,103,30,15,16,202,63,102,189,147,202,295,181,235,,300,,,b'\x11\xe8\xe1I\xd8\xacd\xf6\x98|\x12\xdf\x17\xaeN\x1e'
11E8E149-D8AC-64F6-987C-12DF17AE4E1E,2023-ncaa-d2-conf-NE10,ncaa,13,13,10,13,10,13,13,13,13,13,13,13,12,9,13,2,13,13,13,13,13,13,13,13,13,13,9,5,13,11,10,11,11,11,10,13,10,12,13,13,12,12,3,2,,,4,7,,,13,13,13,1,13,13,13,13,13,11,5,13,13,13,13,13,10,9,10,13,13,12,1,,7,,,13,5,6,4,8,6,7,8,4,3,8,5,3,6,3,5,7,3,2,7,7,9,4,6,5,8,11,5,10,5,10,6,7,11,11,10,13,13,5,8,,,13,13,,,13,2,13,9,13,8,9,10,10,11,5,4,5,7,6,11,6,10,8,10,8,11,13,5,,13,,,b'\x11\xe8\xe1I\xd8\xacd\xf6\x98|\x12\xdf\x17\xaeN\x1e'
11E8E149-D8AC-64F6-987C-12DF17AE4E1E,2023-ncaa-d2-natl,ncaa,292,293,239,294,243,293,289,280,287,285,277,280,245,194,280,72,295,295,297,295,297,287,282,287,292,293,237,83,297,264,243,219,179,250,226,265,108,181,282,269,271,264,71,56,,,31,142,,,282,281,285,60,296,292,270,290,261,239,152,298,298,298,297,282,236,153,211,262,246,272,44,,87,,,283,29,40,53,104,72,133,61,40,22,220,44,30,26,144,25,40,40,23,90,84,132,53,86,110,117,179,90,243,98,226,67,183,273,243,230,249,293,92,193,,,293,291,,,282,15,292,158,286,72,107,137,162,241,71,36,73,69,70,101,44,186,201,199,136,260,275,132,,294,,,b'\x11\xe8\xe1I\xd8\xacd\xf6\x98|\x12\xdf\x17\xaeN\x1e'
11E8E149-D8AC-64F6-987C-12DF17AE4E1E,2024-ncaa-d2-conf-NE10,ncaa,12,12,7,12,10,12,12,9,12,12,12,12,8,1,12,1,11,10,11,10,6,9,9,12,12,12,2,2,4,8,10,12,10,11,12,11,8,9,10,12,4,5,11,12,,,6,6,,,12,7,4,5,12,12,6,12,12,7,1,11,8,9,6,5,8,12,11,11,11,4,11,,7,,,12,10,10,5,12,12,5,11,7,2,12,4,7,6,10,5,6,5,5,12,12,11,6,7,4,6,10,12,10,12,12,10,8,6,3,10,10,10,11,12,,,7,6,,,12,6,12,12,12,12,12,8,12,9,8,4,7,7,7,9,8,8,12,12,11,3,10,12,,5,,,b'\x11\xe8\xe1I\xd8\xacd\xf6\x98|\x12\xdf\x17\xaeN\x1e'
11E8E149-D8AC-64F6-987C-12DF17AE4E1E,2024-ncaa-d2-natl,ncaa,245,284,78,264,109,255,258,146,295,263,194,288,176,79,279,60,254,227,281,228,202,160,161,294,295,289,86,77,175,171,245,228,170,217,273,229,150,132,141,215,124,112,236,266,,,135,154,,,280,163,260,224,296,293,225,293,254,207,88,277,261,258,246,255,203,283,274,271,109,148,264,,88,,,270,183,216,119,268,234,208,191,114,33,295,26,116,89,259,91,50,101,120,254,250,224,44,90,77,100,170,285,245,247,273,188,121,122,105,148,102,125,276,294,,,135,105,,,280,132,290,217,274,124,169,30,205,180,82,13,83,73,71,21,33,63,273,219,146,158,87,282,,184,,,b'\x11\xe8\xe1I\xd8\xacd\xf6\x98|\x12\xdf\x17\xaeN\x1e'
11E8E149-D8AC-64F6-987C-12DF17AE4E1E,2025-ncaa-d2-conf-NE10,genius_ncaa,8,8,8,8,8,8,8,7,9,11,10,8,3,2,8,1,10,10,9,10,9,8,7,9,9,11,4,3,10,2,2,7,7,7,6,9,9,6,7,8,5,4,10,9,,,6,7,,5,9,8,5,3,6,6,3,9,7,2,1,10,10,10,4,4,2,6,2,9,7,3,9,,8,,8,9,5,8,4,10,8,7,10,3,2,7,4,4,4,1,4,5,3,4,8,8,7,1,5,4,6,7,5,2,5,6,6,3,7,8,8,6,6,10,11,,,10,9,,8,9,4,9,7,10,7,10,9,10,11,5,6,6,6,6,8,7,8,8,8,7,6,6,10,,9,,8,b'\x11\xe8\xe1I\xd8\xacd\xf6\x98|\x12\xdf\x17\xaeN\x1e'
11E8E149-D8AC-64F6-987C-12DF17AE4E1E,2025-ncaa-d2-natl,genius_ncaa,174,159,207,177,209,249,230,196,246,239,239,208,158,111,242,62,283,272,246,271,245,221,239,231,253,234,141,82,262,111,75,194,89,160,74,200,125,96,171,171,181,127,198,179,,,49,129,,178,188,261,267,67,264,234,160,249,235,141,82,283,270,269,212,211,70,148,98,187,147,159,184,,79,,199,182,42,70,51,170,85,82,156,91,79,179,137,20,32,15,32,61,40,40,164,116,133,77,164,37,56,89,69,75,56,74,149,241,230,169,221,82,130,200,259,,,251,210,,180,188,45,214,129,182,75,111,77,129,118,121,97,24,52,52,52,38,75,119,97,196,207,115,242,,239,,174,b'\x11\xe8\xe1I\xd8\xacd\xf6\x98|\x12\xdf\x17\xaeN\x1e'
11E8E149-D8AC-64F6-987C-12DF17AE4E1E,2026-ncaa-d2-conf-NE10,genius_ncaa,4,7,2,6,2,2,2,3,3,3,3,4,3,3,5,2,2,2,3,2,2,3,3,4,3,3,1,4,3,4,7,5,5,4,8,3,7,6,4,3,3,4,3,6,,,9,8,,2,5,2,2,1,3,3,5,4,6,3,2,2,2,2,2,2,7,10,9,3,4,3,4,,8,,2,5,9,8,7,9,10,9,9,6,6,8,1,10,9,10,9,7,8,9,9,9,8,3,2,8,6,5,8,7,8,8,7,3,3,4,5,8,8,8,7,,,1,1,,3,5,9,3,8,5,8,7,5,8,9,4,1,9,9,9,6,8,3,7,5,7,3,8,5,,1,,3,b'\x11\xe8\xe1I\xd8\xacd\xf6\x98|\x12\xdf\x17\xaeN\x1e'
11E8E149-D8AC-64F6-987C-12DF17AE4E1E,2026-ncaa-d2-natl,genius_ncaa,157,98,221,135,233,215,209,238,67,224,249,73,147,185,71,102,198,197,177,194,84,239,250,55,67,65,97,95,163,202,114,273,198,261,177,197,163,48,115,117,174,101,177,141,,,71,161,,17,167,252,153,88,82,91,155,137,202,72,101,112,108,107,140,163,134,277,242,122,116,99,134,,164,,29,169,98,109,49,279,135,66,278,67,53,183,105,101,95,191,87,171,51,51,268,277,260,74,82,158,63,198,41,114,42,177,87,81,206,110,136,75,173,119,213,,,180,26,,132,167,51,60,251,155,234,241,117,259,162,125,97,199,186,177,129,141,117,81,92,165,107,166,187,,35,,86,b'\x11\xe8\xe1I\xd8\xacd\xf6\x98|\x12\xdf\x17\xaeN\x1e'
11E8E149-D8B0-9A6C-987C-12DF17AE4E1E,2018-ncaa-d2-conf-NE10,ncaa,10,11,6,10,6,12,12,12,5,8,8,7,13,13,10,13,6,2,14,4,3,11,11,9,8,12,12,13,3,13,11,8,15,10,10,9,6,11,13,12,13,13,7,7,,,4,3,,,14,8,9,1,12,12,13,8,9,13,13,6,3,4,11,11,13,8,8,8,13,13,6,,5,,,14,14,13,12,11,11,10,8,13,11,10,12,10,9,8,9,8,13,12,10,9,14,11,13,8,15,15,4,11,10,10,11,8,13,14,13,14,15,1,1,,,6,4,,,14,8,11,14,14,14,14,14,13,10,13,14,10,10,10,15,12,15,6,11,11,14,15,1,,5,,,b'\x11\xe8\xe1I\xd8\xb0\x9al\x98|\x12\xdf\x17\xaeN\x1e'
11E8E149-D8B0-9A6C-987C-12DF17AE4E1E,2018-ncaa-d2-natl,ncaa,196,206,148,204,161,238,216,249,145,174,177,155,277,290,207,271,216,172,278,172,149,243,238,188,197,221,271,267,133,244,223,175,248,209,212,161,69,193,256,188,250,256,165,179,,,51,64,,,245,226,261,74,273,250,292,169,173,283,293,227,160,159,284,266,255,177,227,163,207,259,163,,51,,,242,132,155,175,130,106,155,88,230,181,258,191,53,52,134,51,57,147,109,156,121,183,196,266,53,243,248,81,223,150,212,206,210,246,247,252,214,264,70,95,,,186,99,,,245,74,239,225,248,156,183,211,123,183,242,199,49,59,52,172,114,256,89,159,214,260,225,78,,179,,,b'\x11\xe8\xe1I\xd8\xb0\x9al\x98|\x12\xdf\x17\xaeN\x1e'
11E8E149-D8B0-9A6C-987C-12DF17AE4E1E,2019-ncaa-d2-conf-NE10,ncaa,14,14,14,14,15,15,15,14,12,15,15,12,12,11,12,6,11,12,5,11,5,14,14,13,13,11,4,7,4,13,11,14,15,14,14,12,7,1,4,8,13,9,6,5,,,5,9,,,13,14,12,13,13,14,10,14,11,9,7,9,10,9,11,13,12,13,13,11,2,8,6,,8,,,13,4,2,2,11,4,4,8,4,2,10,7,9,9,12,9,11,3,2,9,11,12,8,4,13,11,15,5,11,8,14,2,2,15,14,11,3,10,3,7,,,14,5,,,13,1,12,15,13,12,8,8,11,9,8,6,12,12,12,9,7,13,10,13,6,14,7,6,,10,,,b'\x11\xe8\xe1I\xd8\xb0\x9al\x98|\x12\xdf\x17\xaeN\x1e'
11E8E149-D8B0-9A6C-987C-12DF17AE4E1E,2019-ncaa-d2-natl,ncaa,183,184,182,188,223,224,225,233,200,238,224,221,149,173,99,142,221,225,130,226,182,234,251,184,181,167,103,102,158,224,222,208,268,229,243,138,34,59,132,97,245,233,41,38,,,38,51,,,185,253,276,265,236,242,255,249,226,135,172,205,217,219,253,272,216,197,229,128,83,248,31,,40,,,186,75,87,122,100,128,178,91,64,75,102,73,134,115,229,111,103,112,83,78,87,138,99,82,191,250,268,139,222,191,243,84,104,257,252,196,62,123,144,184,,,219,125,,,185,57,177,195,188,99,112,152,154,229,77,85,154,131,130,141,90,260,171,223,99,262,83,160,,204,,,b'\x11\xe8\xe1I\xd8\xb0\x9al\x98|\x12\xdf\x17\xaeN\x1e'
11E8E149-D8B0-9A6C-987C-12DF17AE4E1E,2020-ncaa-d2-conf-NE10,ncaa,13,13,11,13,11,14,14,14,10,11,12,9,14,12,14,11,6,7,9,7,1,14,14,10,10,13,11,13,1,14,11,14,14,14,13,13,12,11,13,13,8,7,10,10,,,1,2,,,14,13,11,5,13,13,14,9,11,14,12,5,2,1,13,12,14,14,14,13,13,6,10,,3,,,14,11,10,5,14,8,5,14,12,8,13,11,10,10,11,9,11,6,5,14,14,14,9,10,11,11,14,5,11,6,13,13,13,14,11,14,13,14,7,9,,,10,8,,,14,2,13,14,14,14,12,8,12,7,12,12,12,11,11,9,9,14,7,9,14,13,14,8,,9,,,b'\x11\xe8\xe1I\xd8\xb0\x9al\x98|\x12\xdf\x17\xaeN\x1e'
11E8E149-D8B0-9A6C-987C-12DF17AE4E1E,2020-ncaa-d2-natl,ncaa,243,241,223,247,234,278,268,283,208,204,218,151,296,284,305,260,215,212,216,204,153,274,266,242,236,257,292,292,73,240,223,255,242,265,243,241,163,217,282,256,176,134,175,168,,,22,14,,,277,260,244,117,283,272,291,176,172,303,288,200,172,169,288,245,232,248,267,239,254,153,166,,16,,,273,119,152,102,210,130,114,175,194,119,285,170,71,64,239,64,87,76,69,218,212,229,165,229,79,177,242,98,223,119,243,248,284,233,189,269,275,297,116,147,,,212,88,,,277,50,266,248,274,187,214,168,168,161,232,165,102,76,76,146,110,211,142,179,271,204,288,140,,162,,,b'\x11\xe8\xe1I\xd8\xb0\x9al\x98|\x12\xdf\x17\xaeN\x1e'
11E8E149-D8B0-9A6C-987C-12DF17AE4E1E,2021-ncaa-d2-conf-NE10,ncaa,2,2,2,2,2,3,3,2,3,3,3,3,3,2,3,1,2,2,2,2,2,2,2,3,3,3,2,3,2,2,2,3,3,2,3,3,2,1,2,3,3,3,3,3,,,2,3,,,3,3,3,1,3,3,1,3,3,3,1,2,2,2,2,1,1,3,1,3,2,3,3,,3,,,3,1,1,1,1,2,2,2,1,1,1,1,1,2,1,2,3,1,1,1,1,2,2,1,3,2,3,2,2,2,3,1,2,3,2,1,1,2,3,3,,,2,3,,,3,1,3,2,3,2,1,1,2,3,1,1,2,3,3,2,1,3,3,3,1,3,2,3,,2,,,b'\x11\xe8\xe1I\xd8\xb0\x9al\x98|\x12\xdf\x17\xaeN\x1e'
11E8E149-D8B0-9A6C-987C-12DF17AE4E1E,2021-ncaa-d2-natl,ncaa,211,66,213,211,215,217,218,216,194,216,216,151,218,213,225,137,215,215,103,215,105,216,216,208,200,206,183,210,31,214,184,216,140,216,204,217,166,15,199,209,212,78,217,164,,,13,217,,,158,216,222,121,218,217,222,185,192,223,189,166,176,176,222,220,186,225,222,212,137,124,191,,153,,,198,13,12,11,192,11,11,192,15,14,177,125,15,12,198,12,175,11,11,189,211,182,148,108,175,11,140,12,184,11,204,17,208,214,53,145,17,210,25,218,,,214,28,,,158,11,212,169,205,64,56,5,63,11,82,47,133,104,88,3,5,47,112,63,159,114,173,200,,122,,,b'\x11\xe8\xe1I\xd8\xb0\x9al\x98|\x12\xdf\x17\xaeN\x1e'
11E8E149-D8B0-9A6C-987C-12DF17AE4E1E,2022-ncaa-d2-conf-NE10,ncaa,12,11,11,12,11,13,13,14,10,8,11,8,14,14,14,13,11,7,14,7,4,12,13,12,13,14,14,14,5,8,8,11,12,13,11,13,12,9,11,13,4,4,9,7,,,10,12,,,13,11,5,4,13,13,14,7,7,14,13,9,5,4,11,8,8,11,11,13,11,2,7,,13,,,13,5,6,4,8,4,4,10,8,6,10,8,9,9,11,9,11,4,5,9,11,10,10,10,10,8,12,7,8,8,11,7,9,8,5,8,7,9,10,12,,,10,9,,,13,6,13,10,13,11,10,6,7,6,10,8,11,10,10,8,10,11,11,12,7,6,9,13,,10,,,b'\x11\xe8\xe1I\xd8\xb0\x9al\x98|\x12\xdf\x17\xaeN\x1e'
11E8E149-D8B0-9A6C-987C-12DF17AE4E1E,2022-ncaa-d2-natl,ncaa,240,225,248,245,254,276,267,262,224,220,216,186,285,265,290,239,272,241,278,235,204,261,263,249,267,266,288,281,176,215,185,248,198,244,217,261,214,102,217,246,124,61,134,86,,,77,203,,,239,264,195,128,274,253,221,149,120,286,259,251,186,185,230,199,159,197,196,247,197,75,91,,181,,,234,28,35,35,142,39,48,128,76,58,202,148,67,49,246,51,118,31,37,153,159,137,173,177,150,93,198,75,185,76,217,91,207,178,89,128,73,177,245,269,,,258,175,,,239,38,263,146,235,124,124,104,112,128,150,125,130,111,107,92,133,173,197,191,166,103,149,285,,206,,,b'\x11\xe8\xe1I\xd8\xb0\x9al\x98|\x12\xdf\x17\xaeN\x1e'
11E8E149-D8B0-9A6C-987C-12DF17AE4E1E,2023-ncaa-d2-conf-NE10,ncaa,9,9,6,9,7,9,6,3,12,4,2,12,9,7,11,11,10,7,11,7,12,3,3,12,12,12,12,10,10,1,1,12,8,4,7,11,13,8,8,10,5,3,13,12,,,13,12,,,11,5,3,4,9,6,1,4,1,10,6,11,8,8,1,1,1,12,2,12,9,3,13,,13,,,11,11,9,6,12,9,4,13,12,8,11,9,12,11,9,11,12,8,9,12,12,11,10,9,10,5,8,10,1,7,7,10,8,6,6,7,9,7,7,5,,,7,12,,,11,9,10,10,11,12,11,4,11,5,11,9,13,12,12,9,10,6,10,9,10,3,9,7,,7,,,b'\x11\xe8\xe1I\xd8\xb0\x9al\x98|\x12\xdf\x17\xaeN\x1e'
11E8E149-D8B0-9A6C-987C-12DF17AE4E1E,2023-ncaa-d2-natl,ncaa,169,182,148,182,173,201,162,97,255,113,45,258,231,217,245,240,261,221,276,228,284,117,124,267,280,256,272,233,257,14,13,220,176,98,100,178,204,113,110,168,120,89,207,204,,,157,207,,,205,194,204,154,221,154,29,86,23,245,214,269,219,227,51,68,10,248,53,192,141,105,209,,175,,,199,120,122,81,224,129,104,199,123,90,239,127,140,127,194,123,165,79,96,220,223,177,144,149,154,113,176,169,13,148,100,181,220,114,72,144,139,113,207,132,,,195,250,,,205,103,203,166,202,140,146,58,154,102,147,99,152,135,129,62,99,124,197,172,193,92,145,212,,205,,,b'\x11\xe8\xe1I\xd8\xb0\x9al\x98|\x12\xdf\x17\xaeN\x1e'
11E8E149-D8B0-9A6C-987C-12DF17AE4E1E,2024-ncaa-d2-conf-NE10,ncaa,3,3,7,3,9,9,9,12,5,8,9,3,12,11,10,9,8,7,10,7,7,11,11,6,7,7,11,11,8,3,1,5,1,5,1,8,7,5,9,7,6,1,10,8,,,1,3,,,3,11,12,3,8,6,11,5,7,11,10,7,5,5,10,11,2,2,2,8,7,5,10,,1,,,3,1,1,1,1,1,1,1,10,11,4,12,1,1,7,1,2,1,1,1,1,1,12,12,1,1,1,1,1,1,1,1,9,9,7,4,4,7,3,3,,,9,9,,,3,1,5,1,3,1,1,1,1,1,12,12,1,1,1,1,1,1,2,1,1,9,7,3,,9,,,b'\x11\xe8\xe1I\xd8\xb0\x9al\x98|\x12\xdf\x17\xaeN\x1e'
11E8E149-D8B0-9A6C-987C-12DF17AE4E1E,2024-ncaa-d2-natl,ncaa,48,31,117,33,127,201,183,229,117,139,132,149,249,266,153,265,217,193,215,193,214,225,243,151,158,141,264,251,166,139,70,56,4,80,6,181,158,55,119,120,193,135,174,127,,,11,16,,,32,256,299,33,243,217,277,144,140,266,281,227,200,204,278,292,132,27,53,198,59,206,183,,3,,,28,12,12,57,2,7,30,2,127,202,33,279,7,6,183,6,15,36,31,1,1,3,266,285,46,13,4,41,70,19,6,18,164,220,155,75,27,63,131,121,,,235,181,,,32,43,124,2,19,1,1,13,1,15,122,195,5,5,5,3,2,8,17,7,12,238,27,119,,264,,,b'\x11\xe8\xe1I\xd8\xb0\x9al\x98|\x12\xdf\x17\xaeN\x1e'
11E8E149-D8B4-C812-987C-12DF17AE4E1E,2018-ncaa-d2-natl,ncaa,279,206,306,278,306,306,305,298,297,291,282,271,297,235,307,122,306,285,309,289,235,300,299,302,307,306,255,200,250,300,298,284,176,301,287,304,292,39,188,285,254,187,230,192,,,4,14,,,281,295,16,215,287,260,61,221,110,252,96,291,202,212,84,73,276,77,198,294,232,154,164,,58,,,294,18,46,46,143,41,28,209,121,168,67,290,4,5,148,5,19,23,13,159,109,170,120,254,11,41,176,88,298,58,287,136,257,293,254,285,50,188,56,163,,,298,243,,,281,12,306,166,293,254,281,298,261,251,272,307,35,35,34,286,273,210,300,292,290,199,216,187,,189,,,b'\x11\xe8\xe1I\xd8\xb4\xc8\x12\x98|\x12\xdf\x17\xaeN\x1e'
11E8E149-D8B4-C812-987C-12DF17AE4E1E,2019-ncaa-d2-natl,ncaa,258,244,260,262,267,98,100,31,274,181,160,204,41,6,260,9,210,179,233,183,187,40,47,242,252,222,48,25,261,26,41,234,254,114,186,252,303,190,72,249,74,106,125,153,,,277,262,,,230,58,2,94,11,16,2,109,60,8,2,144,104,109,2,2,6,147,13,222,258,30,90,,310,,,233,292,265,179,274,288,233,278,57,71,92,26,307,306,156,306,298,235,241,245,270,252,86,15,296,205,254,253,41,245,186,235,144,99,142,160,169,81,90,83,,,264,310,,,230,245,185,252,230,307,302,300,304,301,120,142,311,311,311,310,309,272,301,297,280,38,242,145,,207,,,b'\x11\xe8\xe1I\xd8\xb4\xc8\x12\x98|\x12\xdf\x17\xaeN\x1e'
11E8E149-D8B4-C812-987C-12DF17AE4E1E,2020-ncaa-d2-natl,ncaa,267,220,300,265,302,183,183,124,238,262,267,216,34,21,145,8,269,265,205,267,219,162,191,172,198,168,21,11,292,105,144,291,303,255,292,249,288,60,68,196,121,101,84,68,,,111,121,,,232,219,4,216,24,34,3,180,127,5,3,201,184,193,4,5,30,218,88,184,190,42,40,,261,,,240,226,217,107,289,216,99,295,186,157,217,181,228,199,258,203,230,124,124,285,293,270,153,138,188,264,303,218,144,245,292,267,265,150,134,224,146,165,33,65,,,278,301,,,232,86,149,286,242,308,303,302,301,282,281,282,299,285,289,306,308,306,309,310,304,53,255,83,,172,,,b'\x11\xe8\xe1I\xd8\xb4\xc8\x12\x98|\x12\xdf\x17\xaeN\x1e'
11E8E149-D8B4-C812-987C-12DF17AE4E1E,2021-ncaa-d2-natl,ncaa,211,4,226,211,226,226,226,226,218,226,226,220,225,226,190,36,225,226,2,226,120,226,226,216,207,209,6,43,17,226,208,226,225,226,224,226,225,1,184,223,223,39,224,54,,,1,21,,,130,226,4,121,164,195,41,214,116,71,22,49,128,132,41,20,151,57,98,224,206,10,11,,130,,,217,1,1,1,97,2,1,129,1,1,14,53,2,2,73,2,110,1,1,65,71,93,27,23,144,4,225,1,208,1,224,3,226,226,170,219,2,203,3,209,,,226,209,,,130,1,214,180,214,219,214,225,219,223,82,176,209,217,217,226,225,226,223,226,226,49,214,202,,171,,,b'\x11\xe8\xe1I\xd8\xb4\xc8\x12\x98|\x12\xdf\x17\xaeN\x1e'
11E8E149-D8B4-C812-987C-12DF17AE4E1E,2022-ncaa-d2-natl,ncaa,240,119,293,218,294,247,255,245,229,273,284,144,144,88,248,21,232,216,203,217,48,251,277,204,203,152,48,53,156,189,140,293,291,288,281,285,293,7,27,188,222,144,286,287,,,125,284,,,221,280,2,215,11,15,2,70,70,13,3,38,21,19,2,3,25,221,77,214,148,62,255,,301,,,233,66,62,17,294,147,39,294,19,13,88,35,195,215,71,211,286,26,22,279,282,266,43,14,258,103,291,58,140,61,281,88,143,225,133,171,5,10,19,62,,,277,231,,,221,20,139,279,231,301,300,296,301,298,117,134,301,301,301,301,300,291,300,299,288,30,86,98,,24,,,b'\x11\xe8\xe1I\xd8\xb4\xc8\x12\x98|\x12\xdf\x17\xaeN\x1e'
11E8E149-D8B4-C812-987C-12DF17AE4E1E,2023-ncaa-d2-natl,ncaa,183,206,148,199,153,162,184,154,210,188,142,226,138,141,124,157,119,111,192,107,100,145,125,194,192,203,95,132,103,113,117,47,139,55,82,256,283,217,210,268,235,260,145,115,,,228,213,,,192,125,61,71,157,185,116,190,129,124,129,118,87,84,111,72,95,3,15,270,230,236,142,,246,,,189,164,98,230,8,25,79,24,285,293,88,291,201,228,69,225,254,234,193,44,44,116,294,291,203,233,139,148,117,180,82,136,188,241,276,222,76,64,111,100,,,149,167,,,192,178,202,137,180,195,120,280,13,73,291,297,216,234,231,283,255,244,171,215,144,239,92,113,,114,,,b'\x11\xe8\xe1I\xd8\xb4\xc8\x12\x98|\x12\xdf\x17\xaeN\x1e'
11E8E149-D8B4-C812-987C-12DF17AE4E1E,2024-ncaa-d2-natl,ncaa,269,290,117,274,122,165,129,178,75,169,210,88,80,105,38,61,280,285,155,282,285,215,142,57,97,184,133,37,296,218,204,96,225,146,181,134,134,291,295,233,258,285,52,50,,,203,160,,,272,121,132,28,194,136,224,179,238,61,106,289,296,292,271,158,236,72,154,130,281,271,41,,187,,,263,264,247,263,130,181,208,93,285,269,263,230,226,218,166,221,176,263,210,168,170,258,264,266,132,267,225,99,204,197,181,223,133,266,293,282,206,205,75,120,,,272,294,,,272,180,209,275,262,264,251,283,174,220,284,275,212,195,203,281,218,270,77,186,214,284,197,70,,291,,,b'\x11\xe8\xe1I\xd8\xb4\xc8\x12\x98|\x12\xdf\x17\xaeN\x1e'
11E8E149-D8B4-C812-987C-12DF17AE4E1E,2025-ncaa-d2-natl,genius_ncaa,290,301,109,296,149,211,178,170,187,125,138,124,255,192,293,183,253,251,195,250,273,181,115,220,235,277,286,255,236,216,235,184,287,206,274,258,289,297,298,294,178,222,263,278,,,191,91,,240,300,87,59,207,272,221,233,133,147,276,216,273,268,268,254,108,242,229,254,288,293,188,275,,176,,233,298,290,291,274,274,281,183,291,295,298,188,283,146,104,288,110,88,265,247,281,276,285,181,263,30,293,287,184,235,267,274,298,260,151,228,285,297,290,193,196,,,224,276,,275,300,215,284,296,297,296,294,292,276,175,296,294,133,91,91,286,266,287,173,251,294,173,292,188,,266,,288,b'\x11\xe8\xe1I\xd8\xb4\xc8\x12\x98|\x12\xdf\x17\xaeN\x1e'
11E8E149-D8B4-C812-987C-12DF17AE4E1E,2026-ncaa-d2-natl,genius_ncaa,276,196,268,276,271,294,294,287,297,292,285,292,292,265,297,140,285,279,279,278,175,290,277,298,298,297,228,255,56,275,254,283,189,289,259,294,293,96,286,297,253,166,270,242,,,94,293,,204,284,273,90,88,297,297,242,291,215,291,182,266,225,222,268,141,210,195,218,298,278,150,248,,294,,279,294,38,28,25,160,25,19,198,67,66,133,218,109,78,269,71,263,26,23,181,218,224,246,171,253,43,189,65,254,44,259,59,231,271,166,200,130,278,167,288,,,278,218,,188,284,24,297,220,294,224,158,161,135,93,201,237,278,256,255,192,187,170,286,257,218,154,273,277,,212,,124,b'\x11\xe8\xe1I\xd8\xb4\xc8\x12\x98|\x12\xdf\x17\xaeN\x1e'
11E8E149-D8B9-48D8-987C-12DF17AE4E1E,2018-ncaa-d2-conf-CCAA,ncaa,13,13,9,13,11,11,10,13,5,10,12,6,7,10,5,8,11,11,13,11,7,13,13,5,7,7,8,5,10,11,11,13,13,13,13,11,10,4,8,10,7,6,11,11,,,1,1,,,12,11,6,8,10,9,11,7,9,6,9,11,10,10,12,10,11,12,13,10,6,6,11,,2,,,12,11,11,8,13,10,6,13,10,11,7,11,1,1,13,1,4,6,5,13,13,13,5,8,1,11,13,8,11,9,13,13,12,10,10,12,8,10,4,6,,,11,7,,,12,4,8,13,12,13,13,12,11,8,12,12,4,3,3,11,10,12,9,10,13,7,9,6,,8,,,b'\x11\xe8\xe1I\xd8\xb9H\xd8\x98|\x12\xdf\x17\xaeN\x1e'
11E8E149-D8B9-48D8-987C-12DF17AE4E1E,2018-ncaa-d2-natl,ncaa,270,254,250,270,260,230,219,275,104,232,256,128,164,217,68,147,256,236,255,232,124,277,271,98,125,145,136,114,211,284,256,282,285,292,283,215,176,81,206,175,187,143,253,252,,,10,12,,,236,261,191,134,198,178,260,193,222,135,185,234,182,176,251,244,274,274,295,182,154,143,245,,16,,,241,115,162,105,234,148,88,235,188,150,218,212,36,25,238,26,58,79,67,238,225,237,124,212,38,195,285,42,256,89,283,224,243,232,202,249,167,261,44,116,,,246,134,,,236,58,180,261,236,226,259,234,240,189,239,224,72,56,56,198,175,259,121,190,264,186,229,80,,202,,,b'\x11\xe8\xe1I\xd8\xb9H\xd8\x98|\x12\xdf\x17\xaeN\x1e'
11E8E149-D8B9-48D8-987C-12DF17AE4E1E,2019-ncaa-d2-conf-CCAA,ncaa,7,9,5,9,7,7,7,7,5,5,5,8,10,11,3,11,5,5,8,5,10,7,6,8,7,6,10,9,6,8,7,9,13,10,12,10,12,10,11,11,5,7,4,3,,,8,6,,,12,6,2,11,7,8,11,6,4,10,11,6,5,5,11,4,8,9,11,11,10,5,4,,7,,,12,13,12,9,11,11,9,11,10,10,9,7,11,11,7,11,10,9,10,10,11,12,7,7,8,13,13,3,7,11,12,12,9,6,7,11,9,11,9,8,,,6,8,,,12,8,10,13,12,13,13,11,11,8,9,8,11,10,9,11,12,13,3,10,13,7,10,10,,7,,,b'\x11\xe8\xe1I\xd8\xb9H\xd8\x98|\x12\xdf\x17\xaeN\x1e'
11E8E149-D8B9-48D8-987C-12DF17AE4E1E,2019-ncaa-d2-natl,ncaa,194,222,118,212,144,159,161,138,199,116,63,233,235,253,156,278,108,108,174,111,200,131,105,223,219,232,237,252,89,158,160,169,280,168,237,214,263,267,237,259,71,108,97,107,,,232,152,,,257,87,47,135,176,168,118,122,48,248,273,110,110,111,108,74,155,200,181,237,259,58,91,,229,,,246,275,224,234,147,208,214,137,232,223,177,156,279,279,126,279,254,261,256,153,167,176,222,157,244,283,280,171,160,240,237,281,266,103,169,204,250,217,243,183,,,138,204,,,257,231,241,213,241,262,227,261,200,233,225,229,278,284,286,283,278,284,161,241,269,89,243,246,,149,,,b'\x11\xe8\xe1I\xd8\xb9H\xd8\x98|\x12\xdf\x17\xaeN\x1e'
11E8E149-D8B9-48D8-987C-12DF17AE4E1E,2020-ncaa-d2-conf-CCAA,ncaa,13,13,9,13,9,12,12,12,12,12,10,12,13,13,13,12,9,8,10,8,6,12,9,13,13,13,12,13,1,12,13,10,13,11,13,13,12,12,13,13,8,9,7,7,,,1,1,,,13,8,5,4,12,12,10,11,6,13,12,8,7,7,10,6,12,7,11,13,13,7,7,,1,,,13,13,13,12,9,12,8,13,11,13,4,12,3,2,7,2,2,12,8,9,9,13,4,10,1,13,13,10,13,13,13,10,7,12,13,11,13,13,6,6,,,10,8,,,13,6,13,13,13,13,13,13,12,10,12,13,4,3,2,13,13,13,12,13,11,10,13,6,,7,,,b'\x11\xe8\xe1I\xd8\xb9H\xd8\x98|\x12\xdf\x17\xaeN\x1e'
11E8E149-D8B9-48D8-987C-12DF17AE4E1E,2020-ncaa-d2-natl,ncaa,300,296,257,301,268,282,283,263,271,247,210,248,283,256,298,226,201,175,243,178,131,262,239,279,276,276,233,260,51,259,257,247,285,269,282,298,296,212,264,299,199,196,175,179,,,32,25,,,297,224,64,119,265,271,199,209,130,276,231,141,101,113,183,109,232,184,224,298,270,160,149,,64,,,293,206,237,200,217,212,137,246,240,256,146,262,77,84,123,82,95,180,121,224,203,252,130,228,53,256,285,145,257,199,282,229,180,262,280,282,277,292,59,74,,,221,149,,,297,91,289,280,293,285,287,301,279,250,283,297,138,146,139,297,279,290,258,285,280,231,300,90,,114,,,b'\x11\xe8\xe1I\xd8\xb9H\xd8\x98|\x12\xdf\x17\xaeN\x1e'
11E8E149-D8B9-48D8-987C-12DF17AE4E1E,2022-ncaa-d2-conf-CCAA,ncaa,7,10,2,8,3,5,6,5,12,6,3,9,5,3,10,6,3,2,5,3,4,4,4,12,9,8,5,9,2,5,8,5,11,4,12,6,6,5,4,7,2,4,3,6,,,12,8,,,10,3,6,7,9,10,8,8,7,7,6,3,4,5,8,7,7,9,10,9,3,3,4,,7,,,10,12,10,11,6,10,11,5,10,8,8,3,12,12,10,12,9,11,11,6,5,7,10,5,9,12,11,12,8,12,12,7,5,2,6,3,5,3,3,1,,,4,4,,,10,11,9,8,9,8,5,9,4,9,5,5,10,9,9,8,10,11,11,12,3,4,3,1,,5,,,b'\x11\xe8\xe1I\xd8\xb9H\xd8\x98|\x12\xdf\x17\xaeN\x1e'
11E8E149-D8B9-48D8-987C-12DF17AE4E1E,2022-ncaa-d2-natl,ncaa,200,179,222,202,241,227,237,200,265,242,217,236,190,125,263,94,169,168,179,173,110,199,221,252,248,211,93,132,82,197,220,232,266,232,270,217,155,49,79,154,99,84,184,184,,,123,159,,,203,219,80,222,210,232,95,233,161,151,62,119,121,121,93,127,163,203,203,200,95,70,165,,201,,,202,77,58,92,79,65,113,58,113,95,193,116,166,171,113,176,205,101,112,92,101,94,217,160,232,222,266,172,220,194,270,49,99,132,113,74,29,47,9,8,,,196,125,,,203,91,225,129,192,161,135,200,116,198,158,149,226,229,234,220,239,257,274,278,104,79,56,7,,110,,,b'\x11\xe8\xe1I\xd8\xb9H\xd8\x98|\x12\xdf\x17\xaeN\x1e'
11E8E149-D8B9-48D8-987C-12DF17AE4E1E,2023-ncaa-d2-conf-CCAA,ncaa,10,10,7,10,10,11,11,11,12,12,11,12,7,6,7,3,6,8,7,8,3,11,12,12,10,9,2,3,5,9,10,10,10,11,11,11,9,2,6,9,10,10,9,9,,,7,10,,,10,12,11,7,11,11,9,12,9,5,3,6,8,8,9,10,9,10,11,11,3,9,9,,9,,,10,7,5,4,10,8,8,10,3,3,9,3,11,12,10,12,7,6,2,9,10,11,4,3,10,9,10,10,10,10,11,8,7,12,10,11,3,8,3,7,,,10,5,,,10,1,10,12,10,10,10,7,11,10,3,3,11,12,12,12,6,12,11,12,9,10,6,4,,9,,,b'\x11\xe8\xe1I\xd8\xb9H\xd8\x98|\x12\xdf\x17\xaeN\x1e'
11E8E149-D8B9-48D8-987C-12DF17AE4E1E,2023-ncaa-d2-natl,ncaa,241,250,148,249,177,218,237,184,271,264,231,276,112,99,160,65,175,136,244,136,64,178,188,248,253,230,26,50,108,140,195,173,216,167,234,231,166,101,138,200,170,177,232,256,,,222,246,,,245,199,185,208,246,263,192,282,235,96,74,169,125,122,172,184,130,178,158,243,125,171,233,,240,,,242,153,130,121,154,160,166,132,87,83,152,67,246,253,106,259,235,153,139,135,156,185,138,77,252,205,216,217,195,222,234,151,173,193,202,185,116,138,58,97,,,167,105,,,245,122,232,204,237,186,156,148,188,199,95,85,257,262,271,208,165,224,259,254,163,195,126,63,,145,,,b'\x11\xe8\xe1I\xd8\xb9H\xd8\x98|\x12\xdf\x17\xaeN\x1e'
11E8E149-D8B9-48D8-987C-12DF17AE4E1E,2024-ncaa-d2-conf-CCAA,ncaa,11,11,7,11,9,12,12,10,12,12,10,11,8,7,10,5,8,10,5,10,7,10,11,12,11,10,4,5,3,12,12,12,12,12,12,11,6,3,7,8,10,10,6,6,,,10,9,,,12,8,5,5,12,12,9,11,9,8,4,8,9,9,10,8,12,12,12,11,3,10,5,,10,,,12,12,10,3,11,11,6,10,8,3,12,2,12,11,10,11,11,6,7,11,11,11,8,5,12,12,12,12,12,12,12,10,7,4,3,7,3,7,1,3,,,6,3,,,12,5,12,12,12,12,12,6,12,8,9,4,12,11,11,9,10,12,12,12,10,3,5,2,,5,,,b'\x11\xe8\xe1I\xd8\xb9H\xd8\x98|\x12\xdf\x17\xaeN\x1e'
11E8E149-D8B9-48D8-987C-12DF17AE4E1E,2024-ncaa-d2-natl,ncaa,269,274,207,272,226,247,263,215,289,273,217,293,165,151,186,116,179,162,210,169,100,212,224,279,275,252,41,75,55,256,280,276,298,279,297,262,198,82,129,221,165,172,115,105,,,228,238,,,284,206,90,128,257,277,152,282,174,142,110,147,121,129,141,148,247,290,291,260,135,133,95,,273,,,282,224,180,82,267,171,128,226,177,84,288,86,264,263,160,264,269,123,146,271,278,242,206,147,243,268,298,267,280,275,297,200,192,92,76,132,109,157,87,140,,,131,57,,,284,98,269,274,281,274,248,180,241,196,219,120,286,285,286,229,254,287,292,294,246,52,153,123,,62,,,b'\x11\xe8\xe1I\xd8\xb9H\xd8\x98|\x12\xdf\x17\xaeN\x1e'
11E8E149-D8B9-48D8-987C-12DF17AE4E1E,2025-ncaa-d2-conf-CCAA,genius_ncaa,9,9,7,9,7,9,9,11,5,10,10,7,7,7,6,4,5,7,4,7,2,10,11,5,5,7,3,4,4,12,12,12,12,12,12,11,11,3,9,9,3,3,8,11,,,7,6,,8,9,8,7,1,9,9,11,10,10,5,4,5,7,6,10,11,12,12,12,11,8,3,8,,7,,10,9,8,9,3,11,10,6,11,3,3,8,4,7,6,10,6,5,4,5,11,11,9,2,3,7,10,12,8,12,10,12,10,7,3,3,5,3,7,1,1,,,5,2,,6,9,5,8,10,9,9,10,5,11,8,5,5,9,7,7,6,11,11,11,11,10,2,7,1,,4,,6,b'\x11\xe8\xe1I\xd8\xb9H\xd8\x98|\x12\xdf\x17\xaeN\x1e'
11E8E149-D8B9-48D8-987C-12DF17AE4E1E,2025-ncaa-d2-natl,genius_ncaa,195,222,162,208,164,190,207,182,221,219,197,238,136,141,138,123,155,130,223,129,75,174,179,206,202,197,71,100,94,258,282,263,291,272,294,237,242,138,174,226,34,38,170,185,,,185,154,,252,245,151,143,12,215,229,199,250,202,130,134,138,106,106,179,177,266,292,293,255,164,30,164,,199,,254,238,202,223,144,264,248,185,251,109,87,203,79,158,189,38,187,165,147,188,250,240,173,52,81,129,275,291,254,282,274,294,219,178,57,51,118,143,167,12,8,,,103,44,,70,245,154,223,210,234,222,247,166,257,219,117,84,169,198,193,179,240,272,270,285,233,41,160,9,,58,,64,b'\x11\xe8\xe1I\xd8\xb9H\xd8\x98|\x12\xdf\x17\xaeN\x1e'
11E8E149-D8B9-48D8-987C-12DF17AE4E1E,2026-ncaa-d2-conf-CCAA,genius_ncaa,9,9,1,9,1,4,5,5,8,9,11,7,2,3,8,2,3,2,7,3,2,5,6,6,6,6,1,3,2,2,3,12,12,12,10,6,6,7,7,6,2,2,7,8,,,10,10,,11,7,9,8,1,4,5,5,9,11,2,3,3,2,3,5,6,2,12,12,6,7,2,7,,10,,11,7,10,10,2,12,11,5,12,3,1,8,1,9,7,8,7,7,2,5,11,11,11,1,2,7,7,12,3,3,7,10,9,10,2,2,8,3,4,8,9,,,4,5,,9,7,5,4,11,7,10,10,2,11,5,3,1,9,7,7,2,5,7,3,7,9,2,3,8,,4,,9,b'\x11\xe8\xe1I\xd8\xb9H\xd8\x98|\x12\xdf\x17\xaeN\x1e'
11E8E149-D8B9-48D8-987C-12DF17AE4E1E,2026-ncaa-d2-natl,genius_ncaa,201,239,59,229,84,133,178,103,270,247,180,284,29,28,95,29,99,126,80,124,86,100,97,234,221,215,2,9,88,95,171,224,268,181,274,161,142,202,183,203,33,42,248,276,,,226,207,,281,225,101,161,88,211,254,147,291,263,30,32,124,169,171,157,140,137,293,274,208,170,48,272,,198,,274,217,224,240,177,274,245,205,253,185,120,265,75,123,147,61,142,95,173,192,270,260,206,61,127,59,215,268,228,171,234,274,257,226,44,51,162,120,73,277,292,,,99,133,,188,225,190,216,210,223,186,225,93,242,170,153,53,78,107,104,80,140,187,215,210,246,54,78,266,,142,,224,b'\x11\xe8\xe1I\xd8\xb9H\xd8\x98|\x12\xdf\x17\xaeN\x1e'
11E8E149-D8BE-7308-987C-12DF17AE4E1E,2018-ncaa-d2-conf-Great Northwest,ncaa,3,3,2,3,3,4,4,3,3,3,5,2,5,4,4,4,6,6,5,6,7,4,4,4,4,2,5,4,7,3,3,2,1,3,2,2,2,5,2,1,3,2,8,8,,,4,3,,,2,4,11,11,3,4,6,4,7,5,4,8,7,7,7,7,5,5,5,2,2,3,8,,2,,,2,2,4,7,3,6,6,4,8,7,7,9,2,2,3,1,2,6,8,3,1,2,6,9,2,4,1,6,3,3,2,3,2,3,3,1,5,4,9,9,,,5,7,,,2,8,2,1,1,1,2,1,2,3,6,5,1,1,1,1,1,1,2,2,2,3,3,8,,7,,,b'\x11\xe8\xe1I\xd8\xbes\x08\x98|\x12\xdf\x17\xaeN\x1e'
11E8E149-D8BE-7308-987C-12DF17AE4E1E,2018-ncaa-d2-natl,ncaa,35,53,24,52,35,45,49,43,71,52,61,69,73,70,111,137,52,78,57,78,146,41,55,75,72,55,142,151,150,75,88,61,39,60,55,17,10,132,52,21,32,34,171,189,,,238,172,,,43,53,185,226,74,80,129,90,151,110,126,95,144,145,128,185,129,158,132,18,47,51,208,,124,,,49,210,206,232,110,148,202,94,253,240,203,218,166,143,233,145,115,224,234,129,124,95,225,249,126,105,39,207,88,176,55,169,112,53,75,63,130,66,262,208,,,59,122,,,43,261,47,70,44,65,63,65,50,58,181,158,81,63,61,44,77,30,69,46,65,101,61,211,,140,,,b'\x11\xe8\xe1I\xd8\xbes\x08\x98|\x12\xdf\x17\xaeN\x1e'
11E8E149-D8BE-7308-987C-12DF17AE4E1E,2019-ncaa-d2-conf-Great Northwest,ncaa,8,8,7,8,7,9,10,11,8,9,10,9,7,7,4,4,8,8,2,8,5,10,11,7,7,8,3,4,3,11,9,8,10,10,9,10,9,7,9,10,8,8,10,9,,,2,3,,,8,10,8,3,9,10,11,9,9,7,5,5,7,7,10,11,11,5,9,10,8,8,10,,3,,,8,6,6,9,5,4,2,6,11,11,4,11,1,1,9,1,3,7,4,6,6,7,8,11,4,10,10,3,9,6,9,4,3,8,8,6,7,9,11,11,,,10,7,,,8,2,9,8,8,8,8,10,4,5,11,11,2,2,2,10,9,11,6,9,7,7,8,11,,9,,,b'\x11\xe8\xe1I\xd8\xbes\x08\x98|\x12\xdf\x17\xaeN\x1e'
11E8E149-D8BE-7308-987C-12DF17AE4E1E,2019-ncaa-d2-natl,ncaa,232,244,182,238,215,196,198,228,141,198,199,177,156,210,63,181,180,217,65,218,193,230,225,137,123,151,138,144,143,233,208,222,245,241,228,206,208,155,213,198,196,200,215,212,,,70,79,,,253,213,184,219,191,189,239,183,184,150,206,171,202,210,245,232,235,227,251,204,187,197,220,,83,,,245,216,224,170,234,173,109,251,271,258,224,274,90,64,281,65,105,149,121,258,246,266,194,266,65,200,245,82,208,126,228,247,208,222,230,264,230,262,238,272,,,246,226,,,253,103,173,272,245,251,256,234,203,122,278,273,115,79,81,197,164,227,102,159,261,226,240,253,,249,,,b'\x11\xe8\xe1I\xd8\xbes\x08\x98|\x12\xdf\x17\xaeN\x1e'
11E8E149-D8BE-7308-987C-12DF17AE4E1E,2020-ncaa-d2-conf-Great Northwest,ncaa,8,8,7,8,9,9,7,11,5,7,10,5,7,9,4,6,11,11,1,11,11,11,11,6,6,7,7,5,9,11,11,4,1,9,5,6,1,8,11,7,11,11,6,8,,,3,5,,,8,11,8,7,9,7,11,5,9,7,9,11,11,11,11,11,11,3,9,4,10,11,6,,4,,,8,4,5,3,6,5,6,6,3,3,8,5,3,4,5,3,5,4,1,6,6,10,6,5,4,1,1,4,11,1,5,1,2,11,10,7,11,11,5,7,,,11,11,,,8,3,8,7,8,7,8,6,7,8,5,6,4,4,4,7,3,1,5,4,2,10,11,6,,11,,,b'\x11\xe8\xe1I\xd8\xbes\x08\x98|\x12\xdf\x17\xaeN\x1e'
11E8E149-D8BE-7308-987C-12DF17AE4E1E,2020-ncaa-d2-natl,ncaa,223,254,102,239,154,200,169,216,92,166,191,105,155,191,91,147,274,292,46,290,297,248,222,98,114,166,201,133,288,262,239,90,52,176,97,81,22,236,267,132,290,297,172,188,,,136,156,,,230,191,232,227,223,186,263,187,230,165,201,291,306,305,294,279,278,81,190,64,215,301,183,,115,,,225,199,223,217,169,197,187,166,230,220,191,204,113,92,226,94,81,194,122,172,157,247,152,222,82,84,52,90,239,75,97,86,24,290,303,239,272,285,155,188,,,251,253,,,230,135,195,228,223,176,200,204,166,164,220,213,94,75,75,176,63,64,53,46,73,302,253,149,,289,,,b'\x11\xe8\xe1I\xd8\xbes\x08\x98|\x12\xdf\x17\xaeN\x1e'
11E8E149-D8BE-7308-987C-12DF17AE4E1E,2021-ncaa-d2-conf-Great Northwest,ncaa,3,5,1,4,1,3,3,2,5,4,2,5,2,3,3,6,3,3,5,3,4,3,3,5,5,5,4,4,3,1,1,1,4,1,3,3,2,4,4,4,2,2,2,2,,,4,2,,,4,3,5,2,5,5,5,5,3,4,6,4,5,5,6,6,2,3,3,4,3,2,2,,2,,,4,4,4,4,2,4,4,2,5,6,4,6,5,3,6,3,3,4,4,2,2,2,6,6,5,5,4,5,1,4,3,4,2,2,2,1,4,4,6,5,,,3,4,,,4,4,5,2,4,2,2,2,1,1,5,6,3,2,2,1,2,4,3,2,1,2,2,6,,5,,,b'\x11\xe8\xe1I\xd8\xbes\x08\x98|\x12\xdf\x17\xaeN\x1e'
11E8E149-D8BE-7308-987C-12DF17AE4E1E,2021-ncaa-d2-natl,ncaa,175,49,202,144,204,205,207,205,170,207,206,176,201,207,133,139,203,208,132,208,151,207,208,171,173,173,123,118,105,206,70,205,131,206,84,197,27,23,168,115,196,59,180,63,,,17,55,,,118,210,179,32,186,183,160,161,116,148,151,162,156,155,161,153,104,148,122,98,137,72,85,,43,,,122,18,18,18,31,15,16,31,28,27,102,193,23,14,221,15,86,18,18,41,56,43,195,196,134,22,131,18,70,17,84,16,54,199,46,21,21,110,34,161,,,205,79,,,118,18,164,43,117,34,28,63,19,44,141,152,76,35,41,43,84,115,51,61,27,56,98,169,,116,,,b'\x11\xe8\xe1I\xd8\xbes\x08\x98|\x12\xdf\x17\xaeN\x1e'
11E8E149-D8BE-7308-987C-12DF17AE4E1E,2022-ncaa-d2-conf-Great Northwest,ncaa,6,7,2,7,2,6,6,6,8,4,5,7,9,7,9,7,8,7,9,7,8,4,3,8,8,8,9,8,7,8,9,2,1,2,3,7,5,8,9,7,5,6,3,3,,,3,2,,,6,3,10,1,10,8,9,9,8,9,8,9,9,9,9,10,9,1,2,9,5,8,4,,2,,,6,4,5,9,1,4,8,1,5,6,3,6,4,4,6,4,2,7,7,2,1,1,6,6,3,5,1,9,9,6,3,2,1,7,8,2,7,8,4,2,,,8,8,,,6,8,8,1,6,1,2,6,2,4,2,4,2,2,2,3,2,2,7,6,1,9,6,3,,10,,,b'\x11\xe8\xe1I\xd8\xbes\x08\x98|\x12\xdf\x17\xaeN\x1e'
11E8E149-D8BE-7308-987C-12DF17AE4E1E,2022-ncaa-d2-natl,ncaa,187,241,64,214,66,172,152,131,189,142,131,169,180,143,222,144,193,190,169,183,217,139,130,195,204,199,204,170,202,199,238,52,34,89,104,109,76,191,180,147,157,173,89,78,,,129,102,,,170,110,250,10,251,233,225,200,192,207,182,242,239,231,238,231,240,38,130,144,137,197,99,,76,,,169,137,116,209,22,69,162,15,223,239,135,219,163,129,261,135,134,203,171,41,46,97,267,246,187,89,34,222,238,177,104,51,52,202,232,122,218,215,166,156,,,200,250,,,170,191,231,78,166,58,38,135,25,91,184,212,123,97,104,123,61,63,171,118,30,248,187,131,,276,,,b'\x11\xe8\xe1I\xd8\xbes\x08\x98|\x12\xdf\x17\xaeN\x1e'
11E8E149-D8BE-7308-987C-12DF17AE4E1E,2023-ncaa-d2-conf-Great Northwest,ncaa,4,5,1,5,4,6,4,4,3,3,1,4,9,8,9,9,9,9,9,9,9,6,5,5,9,8,10,9,8,4,5,4,1,3,3,9,9,5,5,8,3,3,4,3,,,6,6,,,4,5,9,8,10,8,9,4,3,10,10,9,9,9,10,9,7,6,6,9,4,6,4,,4,,,4,2,1,2,2,2,2,2,6,4,7,6,5,5,9,5,7,2,2,4,4,2,8,7,7,1,1,4,5,2,3,2,2,3,3,1,4,5,3,1,,,8,8,,,4,5,8,2,4,2,1,2,1,2,4,3,5,3,3,1,1,1,2,2,2,5,4,3,,9,,,b'\x11\xe8\xe1I\xd8\xbes\x08\x98|\x12\xdf\x17\xaeN\x1e'
11E8E149-D8BE-7308-987C-12DF17AE4E1E,2023-ncaa-d2-natl,ncaa,120,118,148,124,177,191,169,192,113,121,127,115,231,238,204,222,233,231,197,234,254,203,216,146,169,159,263,234,217,149,89,166,15,166,26,159,148,87,143,136,162,109,55,21,,,96,184,,,120,227,260,208,212,168,213,95,103,245,244,241,231,239,234,241,141,169,156,158,108,162,47,,96,,,123,51,38,50,96,21,34,67,180,129,260,218,108,80,246,78,177,50,44,133,152,149,277,259,173,8,15,55,89,19,26,54,145,197,137,117,76,116,133,119,,,231,220,,,120,69,148,102,121,46,32,20,8,23,199,139,104,86,86,17,9,6,44,13,74,202,92,143,,250,,,b'\x11\xe8\xe1I\xd8\xbes\x08\x98|\x12\xdf\x17\xaeN\x1e'
11E8E149-D8BE-7308-987C-12DF17AE4E1E,2024-ncaa-d2-conf-Great Northwest,ncaa,6,7,2,6,4,7,6,6,8,5,3,7,7,7,8,6,6,5,9,5,4,5,6,8,8,8,6,6,4,8,9,4,4,7,7,9,10,6,6,9,6,6,3,5,,,8,8,,,6,6,8,8,9,9,10,7,7,7,9,7,6,5,9,10,9,5,8,10,5,7,4,,6,,,6,5,5,5,3,6,6,2,5,3,6,3,6,6,4,6,5,6,5,3,4,6,4,5,6,4,4,10,9,9,7,3,4,6,7,6,5,7,7,6,,,6,5,,,6,5,8,4,6,3,5,5,5,5,4,3,4,4,3,4,2,4,7,5,3,7,6,6,,9,,,b'\x11\xe8\xe1I\xd8\xbes\x08\x98|\x12\xdf\x17\xaeN\x1e'
11E8E149-D8BE-7308-987C-12DF17AE4E1E,2024-ncaa-d2-natl,ncaa,187,212,117,198,169,215,200,198,206,178,165,172,226,203,263,179,216,187,227,182,181,195,188,226,228,226,226,218,145,176,182,168,128,172,171,210,205,182,208,220,130,110,125,133,,,166,210,,,222,195,222,290,260,244,249,195,182,241,216,226,191,187,249,230,183,194,202,235,170,135,131,,152,,,217,128,127,126,157,143,150,131,133,107,201,123,144,128,234,121,116,120,105,151,166,172,144,150,149,114,128,156,182,138,171,154,179,180,171,180,148,164,138,146,,,167,124,,,222,109,231,170,218,112,125,98,123,136,130,96,128,113,109,91,78,100,139,116,143,194,147,129,,182,,,b'\x11\xe8\xe1I\xd8\xbes\x08\x98|\x12\xdf\x17\xaeN\x1e'
11E8E149-D8BE-7308-987C-12DF17AE4E1E,2025-ncaa-d2-conf-Great Northwest,genius_ncaa,9,9,7,9,7,8,7,8,7,4,3,6,10,9,10,9,6,6,4,7,9,8,6,7,7,8,9,9,4,8,7,8,9,9,8,9,9,7,8,9,9,9,4,5,,,7,8,,3,9,5,2,2,6,5,4,2,2,9,9,5,5,5,5,4,8,6,8,9,8,9,4,,8,,4,9,9,9,10,8,9,9,6,7,4,10,2,10,8,9,8,7,10,7,8,9,9,6,6,7,9,9,4,7,7,8,5,3,8,8,8,7,8,4,3,,,9,8,,4,9,7,8,9,9,9,9,10,9,10,7,6,10,10,10,10,10,9,7,7,6,8,8,5,,7,,4,b'\x11\xe8\xe1I\xd8\xbes\x08\x98|\x12\xdf\x17\xaeN\x1e'
11E8E149-D8BE-7308-987C-12DF17AE4E1E,2025-ncaa-d2-natl,genius_ncaa,233,258,162,243,192,127,106,134,86,62,84,71,218,192,237,222,181,201,96,202,256,140,116,122,126,160,279,250,205,159,156,177,242,178,204,120,180,239,222,188,191,219,46,52,,,209,166,,79,261,102,38,207,97,51,73,31,60,223,193,170,192,198,93,68,146,173,177,113,240,187,30,,221,,88,251,277,276,227,259,260,242,199,263,181,299,120,216,187,277,190,113,232,207,266,269,275,171,199,123,242,242,134,156,174,204,267,167,192,235,255,246,237,193,148,,,197,248,,98,261,195,174,287,248,293,288,283,270,277,273,198,223,195,196,280,261,249,146,193,259,189,256,212,,197,,91,b'\x11\xe8\xe1I\xd8\xbes\x08\x98|\x12\xdf\x17\xaeN\x1e'
11E8E149-D8BE-7308-987C-12DF17AE4E1E,2026-ncaa-d2-conf-Great Northwest,genius_ncaa,6,7,1,6,1,7,7,4,9,5,3,7,8,6,9,2,9,9,3,9,10,6,7,9,9,9,10,8,10,7,9,6,9,8,9,8,9,7,6,9,2,3,1,1,,,9,10,,10,9,6,8,1,9,9,5,7,4,8,6,10,10,10,7,9,8,7,9,9,6,3,1,,9,,10,8,7,6,6,6,5,8,2,8,3,9,2,6,8,2,8,5,6,5,7,6,6,7,8,5,8,9,8,9,9,9,6,5,2,3,5,4,4,9,10,,,8,10,,3,9,5,9,6,9,5,4,5,3,7,7,1,4,7,8,5,4,7,8,9,5,3,3,9,,10,,3,b'\x11\xe8\xe1I\xd8\xbes\x08\x98|\x12\xdf\x17\xaeN\x1e'
11E8E149-D8BE-7308-987C-12DF17AE4E1E,2026-ncaa-d2-natl,genius_ncaa,201,239,59,229,139,172,145,105,236,122,95,222,167,129,223,153,222,215,169,213,275,124,93,236,247,255,224,167,245,171,241,96,242,126,248,153,170,265,254,231,66,110,10,17,,,259,238,,275,254,79,73,287,251,218,153,179,138,206,171,271,273,273,203,130,224,132,204,198,246,91,10,,259,,269,245,219,189,204,131,196,248,54,185,124,262,38,258,275,51,276,228,221,233,125,129,117,182,130,225,270,242,233,241,255,248,154,84,64,123,78,265,248,244,242,,,129,213,,232,254,218,270,137,241,176,135,171,148,241,153,56,246,262,266,217,236,254,226,253,107,84,245,236,,199,,253,b'\x11\xe8\xe1I\xd8\xbes\x08\x98|\x12\xdf\x17\xaeN\x1e'
11E8E149-D8C3-2326-987C-12DF17AE4E1E,2018-ncaa-d2-conf-PSAC,ncaa,5,5,2,5,4,4,6,3,11,7,7,11,1,1,6,2,2,2,2,2,4,3,4,8,8,4,2,3,8,6,12,3,3,4,12,4,5,1,1,2,8,10,9,15,,,9,3,,,5,4,9,6,4,7,3,10,11,1,1,3,5,5,3,9,11,7,7,4,1,10,12,,2,,,5,17,17,15,16,17,17,11,2,2,10,1,13,14,10,14,3,15,14,10,10,13,1,1,8,12,3,17,12,17,12,14,2,8,12,13,7,6,17,17,,,7,15,,,5,14,4,12,5,13,14,9,17,17,2,2,9,7,7,10,8,4,16,13,9,11,6,17,,15,,,b'\x11\xe8\xe1I\xd8\xc3#&\x98|\x12\xdf\x17\xaeN\x1e'
11E8E149-D8C3-2326-987C-12DF17AE4E1E,2018-ncaa-d2-natl,ncaa,62,74,41,69,61,50,64,37,144,112,131,130,22,15,112,36,45,81,31,78,83,34,69,110,93,46,29,49,126,137,217,65,87,91,177,51,90,36,10,18,182,230,151,230,,,113,38,,,75,54,124,290,51,88,58,172,200,26,19,70,121,117,62,153,185,121,148,63,13,231,186,,38,,,80,265,284,263,221,304,301,184,30,27,135,4,193,191,128,187,46,265,240,169,162,190,2,10,104,165,87,284,217,254,177,211,49,158,227,198,127,68,303,300,,,150,246,,,75,249,48,173,82,174,233,205,291,295,13,5,126,121,116,189,154,94,226,168,135,228,70,301,,244,,,b'\x11\xe8\xe1I\xd8\xc3#&\x98|\x12\xdf\x17\xaeN\x1e'
11E8E149-D8C3-2326-987C-12DF17AE4E1E,2019-ncaa-d2-conf-PSAC,ncaa,6,7,3,6,5,4,4,3,12,9,8,11,1,1,4,2,6,8,3,8,9,4,3,6,6,4,2,2,12,4,15,2,5,2,6,7,12,8,4,6,5,9,4,9,,,8,2,,,6,4,2,7,3,5,2,13,13,1,1,7,10,9,4,5,7,1,2,10,5,7,5,,1,,,6,18,18,18,12,18,18,4,4,6,9,1,6,6,3,6,1,18,17,5,2,8,1,2,1,14,5,18,15,18,6,14,2,13,18,15,12,7,16,13,,,12,16,,,6,17,3,10,6,14,17,18,17,18,3,3,1,2,2,18,16,13,17,17,10,17,9,14,,15,,,b'\x11\xe8\xe1I\xd8\xc3#&\x98|\x12\xdf\x17\xaeN\x1e'
11E8E149-D8C3-2326-987C-12DF17AE4E1E,2019-ncaa-d2-natl,ncaa,73,95,46,88,69,32,36,26,118,80,86,107,18,17,73,54,40,69,43,66,108,32,34,78,72,52,56,60,170,79,159,18,84,32,99,80,211,114,27,66,77,151,59,161,,,129,22,,,89,29,29,222,18,30,19,121,144,20,23,59,101,97,20,45,106,15,29,103,60,109,77,,51,,,91,299,307,303,195,307,308,168,48,71,60,9,153,176,99,177,16,302,289,131,102,196,4,11,44,241,84,293,159,287,99,225,22,203,299,241,201,95,279,269,,,149,282,,,89,285,48,181,91,254,289,301,303,308,18,27,91,110,112,296,264,181,254,237,151,267,139,266,,228,,,b'\x11\xe8\xe1I\xd8\xc3#&\x98|\x12\xdf\x17\xaeN\x1e'
11E8E149-D8C3-2326-987C-12DF17AE4E1E,2020-ncaa-d2-conf-PSAC,ncaa,12,13,9,13,11,6,6,4,12,9,14,4,5,1,17,2,8,9,7,8,7,4,5,11,10,8,4,5,9,4,8,8,11,5,10,13,11,6,3,7,13,14,5,10,,,3,3,,,13,5,3,13,4,6,2,11,14,4,1,7,7,8,4,3,4,5,6,10,5,13,5,,3,,,13,18,18,17,14,18,18,11,7,5,16,3,9,6,18,6,1,16,16,10,10,15,2,3,6,15,11,15,8,17,10,15,5,15,17,16,7,6,9,11,,,15,17,,,13,15,7,16,12,16,18,18,18,18,7,6,9,7,7,17,15,14,14,15,15,14,9,11,,16,,,b'\x11\xe8\xe1I\xd8\xc3#&\x98|\x12\xdf\x17\xaeN\x1e'
11E8E149-D8C3-2326-987C-12DF17AE4E1E,2020-ncaa-d2-natl,ncaa,144,170,54,157,74,41,57,30,156,101,139,73,35,13,219,31,60,89,62,88,81,36,52,135,131,92,68,72,156,47,107,64,205,45,156,76,146,110,35,64,133,180,40,114,,,97,26,,,151,60,80,171,49,65,31,136,202,49,16,77,121,122,38,63,59,87,51,92,71,162,45,,48,,,151,288,300,299,223,306,308,169,105,65,225,13,216,143,308,142,19,288,266,173,179,236,13,19,96,278,205,288,107,292,156,235,56,192,269,235,151,83,263,257,,,172,281,,,151,258,75,254,149,270,283,293,300,308,79,36,172,110,109,277,245,248,253,256,187,239,115,244,,243,,,b'\x11\xe8\xe1I\xd8\xc3#&\x98|\x12\xdf\x17\xaeN\x1e'
11E8E149-D8C3-2326-987C-12DF17AE4E1E,2022-ncaa-d2-conf-PSAC,ncaa,6,5,8,6,10,6,5,10,6,7,15,5,7,2,12,3,7,9,10,9,5,9,11,6,6,5,6,6,8,6,4,14,15,12,7,10,13,2,3,5,3,3,11,10,,,2,3,,,6,12,15,17,6,6,7,8,15,6,3,6,6,6,6,10,5,13,10,11,3,4,10,,2,,,6,5,10,7,9,5,9,8,13,8,16,11,1,1,17,1,2,4,8,11,10,8,11,16,2,13,15,6,4,6,7,17,15,7,6,12,2,2,15,15,,,12,10,,,6,6,3,8,6,7,10,8,6,7,15,10,2,1,1,3,7,15,6,8,14,7,2,15,,12,,,b'\x11\xe8\xe1I\xd8\xc3#&\x98|\x12\xdf\x17\xaeN\x1e'
11E8E149-D8C3-2326-987C-12DF17AE4E1E,2022-ncaa-d2-natl,ncaa,59,107,30,88,43,68,75,56,155,89,123,68,66,26,231,51,77,77,152,75,72,59,66,144,143,125,101,107,150,41,87,77,210,55,147,89,147,161,80,102,28,37,70,93,,,71,12,,,71,76,249,224,152,163,154,184,239,107,52,145,149,144,154,211,92,183,139,163,69,46,101,,12,,,76,181,212,251,81,182,238,62,246,231,207,191,52,43,234,44,16,224,235,101,74,55,143,235,30,272,210,237,87,259,147,283,291,47,71,168,196,118,257,242,,,84,160,,,71,226,97,81,72,37,82,112,62,118,158,136,12,5,6,52,88,203,128,164,230,100,98,211,,197,,,b'\x11\xe8\xe1I\xd8\xc3#&\x98|\x12\xdf\x17\xaeN\x1e'
11E8E149-D8C3-2326-987C-12DF17AE4E1E,2023-ncaa-d2-conf-PSAC,ncaa,10,10,9,10,9,7,7,8,5,8,13,3,5,2,10,3,6,4,12,4,2,8,9,5,5,5,4,5,7,9,11,10,13,10,11,13,13,9,8,9,7,6,2,2,,,17,18,,,10,9,8,2,5,7,7,8,14,4,2,3,3,3,6,7,9,12,10,10,11,5,2,,17,,,11,14,14,10,17,13,13,10,14,7,18,6,15,13,16,12,11,11,11,15,17,15,14,13,10,11,13,8,11,10,11,18,18,13,15,17,10,9,12,15,,,9,7,,,10,10,5,15,11,16,15,13,12,15,16,8,15,14,13,15,12,12,9,11,17,13,10,12,,5,,,b'\x11\xe8\xe1I\xd8\xc3#&\x98|\x12\xdf\x17\xaeN\x1e'
11E8E149-D8C3-2326-987C-12DF17AE4E1E,2023-ncaa-d2-natl,ncaa,102,139,47,118,55,56,64,76,62,80,165,19,53,35,158,41,54,59,126,54,28,65,52,50,46,74,73,89,133,64,95,88,173,74,133,86,163,238,173,156,64,96,11,15,,,274,248,,,116,54,143,96,61,78,146,142,250,63,38,87,91,90,126,122,101,165,132,117,178,96,11,,241,,,119,265,259,242,210,250,265,116,226,114,294,57,233,236,147,231,130,245,245,208,208,207,145,152,149,228,173,197,95,220,133,296,285,93,148,260,239,189,246,261,,,76,150,,,116,242,64,213,120,212,207,170,203,236,186,66,182,183,180,176,173,172,95,125,283,147,191,207,,133,,,b'\x11\xe8\xe1I\xd8\xc3#&\x98|\x12\xdf\x17\xaeN\x1e'
11E8E149-D8C3-2326-987C-12DF17AE4E1E,2024-ncaa-d2-conf-PSAC,ncaa,9,9,8,9,9,5,5,5,6,6,8,2,7,5,13,9,6,4,15,4,5,4,4,7,7,7,11,10,10,3,2,7,7,5,4,9,17,13,8,11,5,5,8,10,,,16,12,,,10,4,1,9,2,2,1,2,6,7,5,5,3,3,1,1,2,4,2,7,15,4,8,,17,,,10,17,15,13,15,15,15,10,10,5,15,4,16,17,7,17,14,14,14,14,14,14,9,7,15,8,7,7,2,7,4,14,10,6,7,11,13,9,9,10,,,6,13,,,10,15,4,14,10,15,15,15,16,16,11,5,17,17,16,16,18,10,9,10,14,4,13,12,,5,,,b'\x11\xe8\xe1I\xd8\xc3#&\x98|\x12\xdf\x17\xaeN\x1e'
11E8E149-D8C3-2326-987C-12DF17AE4E1E,2024-ncaa-d2-natl,ncaa,136,165,78,149,110,48,40,38,64,35,49,36,109,73,185,148,76,57,204,59,128,37,32,80,99,101,217,191,184,16,27,72,124,36,46,100,241,255,152,171,62,95,61,102,,,275,224,,,122,46,24,227,28,18,21,17,60,122,79,99,77,79,19,18,23,93,26,113,216,72,62,,255,,,121,269,258,222,238,282,274,198,76,58,188,14,287,287,173,287,212,251,258,193,222,195,58,18,255,194,124,188,27,204,46,231,122,59,116,123,212,129,211,151,,,68,185,,,122,258,70,186,116,250,239,197,269,275,58,30,282,272,269,237,250,159,133,139,196,79,180,193,,80,,,b'\x11\xe8\xe1I\xd8\xc3#&\x98|\x12\xdf\x17\xaeN\x1e'
11E8E149-D8C3-2326-987C-12DF17AE4E1E,2025-ncaa-d2-conf-PSAC,genius_ncaa,3,3,2,3,4,1,1,1,3,3,6,1,2,2,6,3,1,1,10,1,4,1,1,1,1,3,3,5,8,2,2,4,9,1,6,1,7,17,10,7,1,1,1,1,,,17,17,,15,3,1,1,13,1,1,1,3,10,1,1,2,2,2,1,1,2,6,1,1,16,1,1,,17,,11,3,17,16,16,11,16,16,12,6,7,9,4,17,17,2,17,15,16,17,11,11,9,9,4,15,14,9,12,2,15,6,10,3,1,2,2,17,8,11,9,,,1,3,,5,3,17,2,10,3,15,13,14,14,16,7,4,17,17,17,16,16,12,11,11,7,2,14,9,,1,,5,b'\x11\xe8\xe1I\xd8\xc3#&\x98|\x12\xdf\x17\xaeN\x1e'
11E8E149-D8C3-2326-987C-12DF17AE4E1E,2025-ncaa-d2-natl,genius_ncaa,24,31,25,29,31,7,11,12,22,16,39,8,22,15,112,89,9,8,132,8,28,11,9,22,20,39,108,136,127,14,27,39,176,19,65,22,138,295,177,117,9,16,5,17,,,297,280,,261,29,9,8,169,5,12,18,21,97,41,31,16,17,17,8,9,27,88,26,30,253,11,5,,296,,230,35,293,283,280,215,294,291,207,104,135,79,31,299,299,94,299,259,292,293,170,194,130,62,22,263,278,176,236,27,270,65,193,42,13,45,33,291,179,247,164,,,6,53,,54,29,293,27,133,47,246,228,214,269,270,55,58,287,287,288,268,288,223,115,156,117,21,252,196,,5,,84,b'\x11\xe8\xe1I\xd8\xc3#&\x98|\x12\xdf\x17\xaeN\x1e'
11E8E149-D8C3-2326-987C-12DF17AE4E1E,2026-ncaa-d2-conf-PSAC,genius_ncaa,2,1,3,1,3,4,3,4,4,5,7,3,2,2,9,4,9,11,3,11,11,5,4,3,3,6,8,6,9,3,1,4,3,3,2,3,8,12,13,8,8,10,2,2,,,7,7,,2,5,4,1,1,2,1,2,4,5,1,1,8,10,9,3,2,2,2,1,2,14,8,1,,9,,2,5,8,10,12,9,13,14,8,4,1,7,1,4,4,9,4,5,11,10,8,7,8,3,4,5,5,3,4,1,5,2,14,12,10,12,14,13,15,6,7,,,11,13,,7,5,14,4,7,5,10,12,14,15,16,4,1,6,6,6,13,12,5,5,5,16,8,15,7,,9,,7,b'\x11\xe8\xe1I\xd8\xc3#&\x98|\x12\xdf\x17\xaeN\x1e'
11E8E149-D8C3-2326-987C-12DF17AE4E1E,2026-ncaa-d2-natl,genius_ncaa,65,53,141,74,170,57,30,52,48,26,84,8,118,39,245,69,193,206,111,206,272,69,63,68,92,108,266,184,276,45,50,112,143,77,95,71,197,231,176,148,39,52,82,137,,,231,208,,281,61,75,4,88,3,2,2,4,31,97,9,187,208,210,4,4,14,41,10,37,269,20,73,,274,,288,63,185,199,175,221,253,249,197,29,34,69,7,204,216,127,214,120,184,204,165,176,107,13,9,195,168,143,179,50,172,95,192,152,38,48,85,203,146,105,72,,,129,247,,68,61,214,87,100,81,252,264,260,287,291,20,19,244,248,247,276,292,210,244,233,234,16,227,118,,76,,57,b'\x11\xe8\xe1I\xd8\xc3#&\x98|\x12\xdf\x17\xaeN\x1e'
11E8E149-D8C7-C4DA-987C-12DF17AE4E1E,2018-ncaa-d2-conf-CIAA,ncaa,10,9,10,10,11,11,11,12,4,10,11,5,10,9,11,7,9,8,9,8,3,12,11,5,6,9,8,9,6,10,7,9,11,11,10,7,4,10,11,10,11,9,4,5,,,1,1,,,10,10,3,3,8,6,11,6,10,10,8,7,5,4,10,5,8,5,7,6,11,9,4,,1,,,10,8,12,10,11,12,12,11,7,8,7,8,1,1,6,1,1,7,3,11,9,10,1,6,1,11,11,3,7,4,10,11,6,12,12,12,11,12,4,9,,,11,5,,,10,3,9,11,10,11,12,12,12,12,10,11,1,2,2,12,10,12,5,10,12,10,12,6,,5,,,b'\x11\xe8\xe1I\xd8\xc7\xc4\xda\x98|\x12\xdf\x17\xaeN\x1e'
11E8E149-D8C7-C4DA-987C-12DF17AE4E1E,2018-ncaa-d2-natl,ncaa,270,272,206,274,224,181,179,189,157,116,138,131,284,254,296,258,112,72,264,74,72,169,126,200,203,244,273,289,62,119,98,166,300,150,225,153,134,300,293,254,141,193,148,206,,,27,6,,,268,120,18,134,148,135,133,65,72,278,242,73,37,34,94,26,75,100,80,124,300,114,131,,49,,,264,251,285,264,219,295,282,226,121,145,103,73,55,80,33,84,22,251,239,197,148,161,8,63,14,304,300,122,98,245,225,237,87,116,175,185,307,301,88,86,,,146,182,,,268,197,242,229,252,289,301,306,306,307,159,189,77,107,111,304,301,304,178,283,256,83,306,122,,74,,,b'\x11\xe8\xe1I\xd8\xc7\xc4\xda\x98|\x12\xdf\x17\xaeN\x1e'
11E8E149-D8C7-C4DA-987C-12DF17AE4E1E,2019-ncaa-d2-conf-CIAA,ncaa,12,12,9,12,10,9,9,11,2,7,10,3,11,12,4,8,13,13,9,13,13,12,11,2,5,9,11,8,13,12,9,6,12,10,10,5,1,12,13,9,13,13,2,5,,,1,2,,,12,9,3,3,10,7,12,6,10,9,12,12,12,12,12,9,12,4,9,3,12,13,3,,2,,,12,11,13,12,10,10,12,9,13,11,13,11,2,3,10,3,2,10,7,12,10,13,4,12,2,12,12,5,9,7,10,13,9,13,13,13,13,13,1,2,,,13,12,,,12,5,11,13,12,13,13,13,12,13,13,13,2,2,2,13,13,12,3,9,13,13,13,2,,12,,,b'\x11\xe8\xe1I\xd8\xc7\xc4\xda\x98|\x12\xdf\x17\xaeN\x1e'
11E8E149-D8C7-C4DA-987C-12DF17AE4E1E,2019-ncaa-d2-natl,ncaa,258,274,182,267,199,213,188,215,132,131,141,140,252,265,179,260,239,182,283,180,210,216,116,160,189,274,272,249,198,140,83,117,278,119,158,135,86,311,310,281,242,283,89,120,,,40,12,,,281,106,25,122,216,167,218,115,110,259,274,225,158,163,216,36,116,51,64,127,309,240,77,,43,,,275,260,284,278,154,250,262,127,277,265,247,196,49,83,24,83,36,267,247,170,118,168,118,251,17,300,278,62,83,210,158,276,188,154,228,245,311,305,12,9,,,176,241,,,281,204,276,227,270,280,291,305,268,296,282,275,54,105,105,301,299,303,82,245,278,143,306,12,,162,,,b'\x11\xe8\xe1I\xd8\xc7\xc4\xda\x98|\x12\xdf\x17\xaeN\x1e'
11E8E149-D8C7-C4DA-987C-12DF17AE4E1E,2020-ncaa-d2-conf-CIAA,ncaa,11,11,7,11,11,12,12,12,6,12,12,5,3,5,4,1,12,12,2,12,11,12,12,4,4,6,2,1,12,12,12,10,11,11,11,9,5,7,12,9,12,11,11,11,,,1,2,,,11,12,11,12,12,12,12,12,12,3,4,12,12,12,12,12,12,10,11,7,8,12,11,,2,,,11,10,12,10,10,10,6,10,11,11,11,12,1,1,10,1,1,6,1,10,9,11,3,11,1,10,11,2,12,5,11,12,10,12,12,12,12,12,1,8,,,12,11,,,11,1,11,12,11,10,12,11,10,7,12,11,1,1,1,7,2,10,4,5,12,12,12,1,,12,,,b'\x11\xe8\xe1I\xd8\xc7\xc4\xda\x98|\x12\xdf\x17\xaeN\x1e'
11E8E149-D8C7-C4DA-987C-12DF17AE4E1E,2020-ncaa-d2-natl,ncaa,277,254,283,278,283,304,304,304,236,300,303,225,254,265,202,103,295,288,199,288,128,304,303,219,219,282,101,112,125,298,265,293,290,301,279,295,171,266,310,306,261,216,305,308,,,9,15,,,281,303,284,12,303,300,310,296,302,217,224,270,267,267,311,293,295,271,300,287,302,218,308,,20,,,283,36,61,34,175,87,57,178,70,57,149,161,13,19,74,18,31,16,20,167,147,148,78,159,21,191,290,16,265,48,279,92,174,222,132,158,272,309,14,99,,,295,164,,,281,10,295,197,283,132,182,169,189,174,152,152,25,33,31,124,128,280,68,170,179,139,305,32,,263,,,b'\x11\xe8\xe1I\xd8\xc7\xc4\xda\x98|\x12\xdf\x17\xaeN\x1e'
11E8E149-D8C7-C4DA-987C-12DF17AE4E1E,2022-ncaa-d2-conf-CIAA,ncaa,6,5,12,6,12,12,12,12,9,10,11,7,12,12,12,12,3,4,2,3,1,12,12,10,8,10,8,12,1,12,12,11,12,12,12,12,10,5,10,10,12,11,10,7,,,1,1,,,12,12,6,5,10,10,12,8,9,12,12,1,1,1,8,9,12,6,10,11,9,10,8,,1,,,12,2,8,6,8,1,1,10,12,12,8,12,1,1,2,1,1,3,1,11,9,10,10,12,1,10,12,2,12,5,12,12,11,12,11,12,5,10,9,11,,,8,1,,,12,1,11,12,12,12,12,12,8,4,12,12,1,1,1,12,12,12,6,11,12,10,10,10,,3,,,b'\x11\xe8\xe1I\xd8\xc7\xc4\xda\x98|\x12\xdf\x17\xaeN\x1e'
11E8E149-D8C7-C4DA-987C-12DF17AE4E1E,2022-ncaa-d2-natl,ncaa,233,161,281,218,283,285,288,290,242,258,254,218,296,294,296,294,102,110,139,105,15,288,284,283,240,259,266,299,2,252,168,281,293,284,269,295,285,106,257,286,259,220,234,200,,,14,11,,,261,284,126,117,257,273,276,158,101,297,297,2,9,9,210,147,170,226,215,292,253,188,195,,31,,,269,33,54,44,179,36,26,194,161,141,198,261,16,26,33,28,94,34,29,207,172,179,198,263,35,242,293,26,168,66,269,158,263,237,159,235,59,187,194,258,,,240,47,,,261,16,260,254,272,240,250,269,200,170,274,287,69,107,108,255,248,294,146,267,280,124,196,283,,60,,,b'\x11\xe8\xe1I\xd8\xc7\xc4\xda\x98|\x12\xdf\x17\xaeN\x1e'
11E8E149-D8C7-C4DA-987C-12DF17AE4E1E,2023-ncaa-d2-conf-CIAA,ncaa,4,6,3,6,3,6,5,7,6,5,7,3,8,8,8,7,5,8,2,7,7,7,5,6,3,9,5,7,4,10,10,1,5,5,7,8,5,12,11,10,7,9,6,6,,,6,2,,,6,3,11,1,10,10,12,10,10,8,10,7,9,9,12,12,11,1,7,7,11,8,6,,1,,,6,4,6,12,1,3,7,3,12,12,2,12,3,3,1,3,3,10,10,2,1,2,12,12,2,12,5,8,10,11,7,10,11,8,9,8,7,8,1,2,,,7,8,,,6,9,10,4,6,2,3,10,1,1,11,12,1,2,2,8,7,10,2,4,7,9,6,1,,11,,,b'\x11\xe8\xe1I\xd8\xc7\xc4\xda\x98|\x12\xdf\x17\xaeN\x1e'
11E8E149-D8C7-C4DA-987C-12DF17AE4E1E,2023-ncaa-d2-natl,ncaa,169,118,255,157,261,282,284,290,242,260,259,237,286,284,266,259,183,177,187,177,79,284,269,260,240,274,217,264,19,243,140,240,229,256,163,278,220,245,293,285,149,97,258,229,,,55,124,,,175,265,142,53,275,281,291,225,174,280,275,112,85,85,271,156,191,143,178,274,283,84,238,,147,,,177,8,10,35,5,6,18,12,94,135,61,244,28,75,7,74,199,29,45,16,8,11,272,243,163,160,229,14,140,31,163,52,258,140,63,75,132,222,13,37,,,243,147,,,175,36,279,19,167,29,23,150,7,72,174,234,86,160,158,148,218,250,46,137,134,54,217,32,,157,,,b'\x11\xe8\xe1I\xd8\xc7\xc4\xda\x98|\x12\xdf\x17\xaeN\x1e'
11E8E149-D8C7-C4DA-987C-12DF17AE4E1E,2024-ncaa-d2-conf-CIAA,ncaa,6,8,1,8,2,7,6,9,4,7,11,4,1,3,2,2,11,10,11,11,9,11,6,2,3,7,5,1,12,12,13,2,13,4,13,5,3,11,11,10,10,12,2,2,,,1,1,,,12,6,10,3,9,8,11,10,12,1,3,12,12,12,13,13,13,3,8,6,10,11,2,,1,,,12,13,13,13,2,8,12,2,13,13,10,13,2,2,6,2,1,13,12,5,3,9,11,13,1,13,13,9,13,13,13,13,12,11,13,13,13,13,3,5,,,12,12,,,12,9,11,13,13,13,13,13,4,12,13,13,1,1,1,13,12,13,7,13,13,12,13,3,,13,,,b'\x11\xe8\xe1I\xd8\xc7\xc4\xda\x98|\x12\xdf\x17\xaeN\x1e'
11E8E149-D8C7-C4DA-987C-12DF17AE4E1E,2024-ncaa-d2-natl,ncaa,187,165,248,181,249,253,248,261,174,243,260,167,196,213,169,121,260,255,258,257,197,264,248,159,177,242,145,119,218,245,214,206,284,241,240,215,137,253,291,256,197,201,90,78,,,9,2,,,233,236,102,24,235,216,231,215,220,159,155,254,224,231,247,121,227,125,182,185,279,156,51,,13,,,230,67,95,176,53,56,137,31,239,220,228,234,18,19,33,19,25,131,111,77,51,75,205,278,20,275,284,44,214,147,240,188,239,199,196,216,280,293,10,24,,,270,267,,,233,67,260,139,228,183,216,292,129,250,271,274,27,44,40,273,266,293,115,255,253,130,293,10,,262,,,b'\x11\xe8\xe1I\xd8\xc7\xc4\xda\x98|\x12\xdf\x17\xaeN\x1e'
11E8E149-D8C7-C4DA-987C-12DF17AE4E1E,2025-ncaa-d2-conf-CIAA,genius_ncaa,7,7,5,8,5,7,6,7,5,6,7,7,4,6,1,5,6,5,7,5,5,8,5,5,4,7,4,3,6,3,2,2,8,2,2,5,1,12,12,7,10,12,1,1,,,3,2,,10,7,6,6,7,8,7,9,8,10,4,7,7,7,8,9,5,5,1,2,5,11,12,1,,3,,10,8,8,8,11,2,8,11,2,9,10,7,8,2,2,9,2,1,10,9,2,2,5,6,9,3,12,8,6,2,8,2,8,7,10,12,11,12,11,2,2,,,6,6,,10,7,7,7,6,6,7,8,12,8,11,10,9,2,2,2,11,10,12,4,9,6,12,11,2,,7,,10,b'\x11\xe8\xe1I\xd8\xc7\xc4\xda\x98|\x12\xdf\x17\xaeN\x1e'
11E8E149-D8C7-C4DA-987C-12DF17AE4E1E,2025-ncaa-d2-natl,genius_ncaa,195,180,230,197,244,242,239,254,198,203,190,217,243,261,186,238,204,154,280,157,107,247,185,214,220,269,217,227,109,123,49,136,269,127,125,184,79,282,295,258,184,195,2,4,,,92,65,,164,203,207,51,120,221,210,205,158,109,234,243,158,83,85,171,57,63,30,16,134,296,142,1,,173,,203,201,61,76,193,14,101,217,10,70,125,38,91,91,99,100,99,56,176,157,11,8,34,89,109,154,289,269,24,49,139,125,95,158,177,193,136,289,291,24,23,,,192,177,,267,203,101,252,74,196,146,165,295,193,293,108,190,142,156,158,291,286,298,83,244,173,111,297,28,,111,,268,b'\x11\xe8\xe1I\xd8\xc7\xc4\xda\x98|\x12\xdf\x17\xaeN\x1e'
11E8E149-D8C7-C4DA-987C-12DF17AE4E1E,2026-ncaa-d2-conf-CIAA,genius_ncaa,1,4,1,4,1,1,1,1,3,1,3,3,1,1,2,4,1,1,2,1,4,1,1,2,2,3,3,3,5,2,5,1,8,1,7,2,9,9,7,8,2,7,1,2,,,9,5,,9,3,1,4,1,2,3,5,6,5,1,4,4,4,4,5,5,8,1,2,7,7,5,1,,7,,9,5,9,9,9,2,9,9,2,7,9,2,4,9,9,6,9,4,9,9,2,3,3,6,3,7,9,8,9,5,9,7,9,5,2,9,4,9,6,4,4,,,1,7,,3,3,9,4,4,4,7,5,9,7,9,5,7,8,9,9,9,8,8,2,8,5,5,7,4,,4,,4,b'\x11\xe8\xe1I\xd8\xc7\xc4\xda\x98|\x12\xdf\x17\xaeN\x1e'
11E8E149-D8C7-C4DA-987C-12DF17AE4E1E,2026-ncaa-d2-natl,genius_ncaa,201,144,221,202,233,262,272,243,277,277,247,281,197,196,187,115,214,225,103,225,130,248,230,268,257,274,37,91,63,243,173,187,220,220,160,277,247,195,280,286,212,193,6,4,,,117,184,,204,204,225,34,88,257,272,175,278,197,146,125,131,158,164,172,61,194,27,81,275,282,148,1,,249,,250,213,55,47,111,14,96,185,16,15,34,8,20,127,138,124,134,104,113,86,6,7,30,41,13,249,182,220,50,173,91,160,54,107,245,261,153,230,283,8,13,,,228,197,,271,204,73,282,53,213,107,103,288,196,295,12,70,237,242,241,291,273,277,109,217,105,215,281,11,,148,,272,b'\x11\xe8\xe1I\xd8\xc7\xc4\xda\x98|\x12\xdf\x17\xaeN\x1e'
11E8E149-D8CC-2638-987C-12DF17AE4E1E,2018-ncaa-d2-conf-MEC,ncaa,5,5,3,5,3,8,7,5,6,5,2,9,7,10,2,11,6,7,6,8,11,6,5,7,8,9,10,9,5,9,10,7,10,10,9,7,8,9,9,9,8,9,9,10,,,9,9,,,9,7,8,7,9,7,9,6,3,9,11,8,8,9,11,9,9,9,10,9,8,8,11,,10,,,9,7,7,6,7,7,6,11,4,6,2,7,11,11,8,11,11,6,7,6,9,7,6,3,10,9,10,6,10,9,9,4,3,4,4,4,4,6,12,11,,,7,6,,,9,7,9,8,9,7,6,6,8,5,4,7,10,10,10,5,7,9,6,4,4,4,3,12,,8,,,b'\x11\xe8\xe1I\xd8\xcc&8\x98|\x12\xdf\x17\xaeN\x1e'
11E8E149-D8CC-2638-987C-12DF17AE4E1E,2018-ncaa-d2-natl,ncaa,125,164,41,141,47,82,67,67,88,50,33,145,144,203,51,256,123,154,91,161,277,77,64,113,119,129,248,214,203,145,204,69,222,98,205,94,200,242,173,157,127,213,218,258,,,251,146,,,213,44,105,105,114,92,124,62,59,189,256,189,211,218,146,145,206,125,163,136,177,189,252,,194,,,205,295,291,279,214,291,265,259,238,277,70,193,261,257,183,254,169,284,280,204,214,222,126,113,154,276,222,253,204,276,205,211,34,93,190,138,235,171,300,261,,,140,235,,,213,277,140,234,196,252,254,246,257,202,185,239,217,214,207,250,232,238,175,216,135,146,172,296,,232,,,b'\x11\xe8\xe1I\xd8\xcc&8\x98|\x12\xdf\x17\xaeN\x1e'
11E8E149-D8CC-2638-987C-12DF17AE4E1E,2019-ncaa-d2-conf-MEC,ncaa,8,8,7,8,10,8,8,10,5,7,5,7,8,11,2,11,8,6,12,5,4,10,10,7,7,7,10,9,7,10,9,8,9,9,8,7,3,5,9,6,6,6,8,7,,,9,12,,,8,10,8,12,9,8,10,5,4,9,11,7,5,5,10,10,9,8,10,5,5,7,8,,11,,,8,7,6,5,7,5,2,8,10,10,7,9,7,8,8,8,10,6,4,7,7,10,10,8,7,6,9,5,9,6,8,6,5,8,9,9,7,8,10,11,,,8,4,,,8,3,7,10,8,8,6,6,5,4,11,10,10,8,8,7,6,7,5,5,7,9,7,11,,6,,,b'\x11\xe8\xe1I\xd8\xcc&8\x98|\x12\xdf\x17\xaeN\x1e'
11E8E149-D8CC-2638-987C-12DF17AE4E1E,2019-ncaa-d2-natl,ncaa,183,222,76,204,107,72,61,107,31,41,39,92,184,267,15,295,91,57,268,53,157,92,86,60,74,84,269,261,173,184,221,114,203,134,207,64,124,211,155,108,111,164,125,149,,,279,253,,,226,62,66,225,71,50,138,21,33,214,291,115,69,63,103,107,209,137,173,62,176,139,131,,276,,,219,304,296,261,261,273,227,241,288,258,283,186,274,273,125,276,232,277,257,265,268,278,211,218,177,253,203,226,221,245,207,243,81,152,232,212,250,205,284,236,,,69,91,,,226,250,104,279,216,287,271,249,249,204,268,239,261,261,262,267,245,222,178,209,206,194,225,283,,76,,,b'\x11\xe8\xe1I\xd8\xcc&8\x98|\x12\xdf\x17\xaeN\x1e'
11E8E149-D8CC-2638-987C-12DF17AE4E1E,2020-ncaa-d2-conf-PSAC,ncaa,5,6,3,6,5,1,1,5,2,1,6,2,6,7,2,10,12,11,13,11,12,5,4,2,3,2,16,8,18,18,17,7,15,12,13,5,15,12,10,8,2,6,4,4,,,18,11,,,6,2,4,10,1,1,7,1,7,7,8,12,11,11,7,8,18,8,15,7,8,4,4,,16,,,7,17,14,16,9,11,15,8,16,14,10,10,17,15,14,15,11,17,17,8,8,10,15,12,13,18,15,9,17,14,13,13,10,2,8,9,14,14,9,8,,,8,12,,,6,17,4,11,8,13,11,14,10,12,12,12,15,14,14,14,16,17,6,12,11,5,14,9,,9,,,b'\x11\xe8\xe1I\xd8\xcc&8\x98|\x12\xdf\x17\xaeN\x1e'
11E8E149-D8CC-2638-987C-12DF17AE4E1E,2020-ncaa-d2-natl,ncaa,47,72,17,64,33,27,19,69,11,19,77,14,75,118,26,173,135,146,131,137,216,74,73,17,19,30,226,163,277,239,255,106,263,179,254,88,261,223,159,131,37,69,31,52,,,274,198,,,90,38,117,109,43,27,169,30,150,106,170,190,202,199,180,188,287,210,277,125,141,58,44,,233,,,93,282,261,273,154,263,278,136,191,199,158,94,286,263,275,261,179,281,290,139,162,156,151,94,234,298,263,194,255,260,254,161,58,61,113,84,254,205,243,210,,,80,134,,,90,268,52,185,94,205,172,190,192,218,136,129,256,223,216,210,231,270,95,184,101,96,189,204,,160,,,b'\x11\xe8\xe1I\xd8\xcc&8\x98|\x12\xdf\x17\xaeN\x1e'
11E8E149-D8CC-2638-987C-12DF17AE4E1E,2022-ncaa-d2-conf-PSAC,ncaa,2,3,1,3,1,1,1,2,2,1,2,2,8,7,9,13,3,6,3,6,13,2,1,3,4,3,16,16,15,13,14,7,14,7,15,2,14,13,4,6,3,7,12,15,,,13,7,,,5,1,2,7,1,1,5,1,5,9,14,8,10,10,5,8,14,11,15,7,6,5,15,,8,,,5,18,18,18,10,18,17,11,12,13,6,7,15,13,16,13,7,18,18,8,9,5,3,6,9,18,14,18,14,18,15,9,3,2,4,2,13,7,7,2,,,3,11,,,5,18,4,7,5,9,13,11,13,13,6,8,10,10,9,12,17,14,9,10,4,4,8,4,,9,,,b'\x11\xe8\xe1I\xd8\xcc&8\x98|\x12\xdf\x17\xaeN\x1e'
11E8E149-D8CC-2638-987C-12DF17AE4E1E,2022-ncaa-d2-natl,ncaa,17,48,5,39,7,12,11,17,29,10,15,34,76,83,103,202,57,93,17,93,252,20,16,45,44,61,257,214,227,138,229,34,192,52,210,32,202,284,154,125,33,99,98,183,,,246,55,,,39,5,119,111,60,38,141,28,103,173,201,172,227,226,168,172,252,173,231,106,141,90,167,,69,,,53,280,283,290,104,291,291,127,175,243,41,104,242,225,213,220,64,288,298,83,84,56,53,70,122,286,192,284,229,295,210,172,25,11,61,26,284,182,121,24,,,37,211,,,39,295,87,62,61,84,116,139,167,187,59,89,101,82,81,112,180,177,108,139,38,62,176,38,,212,,,b'\x11\xe8\xe1I\xd8\xcc&8\x98|\x12\xdf\x17\xaeN\x1e'
11E8E149-D8CC-2638-987C-12DF17AE4E1E,2023-ncaa-d2-conf-PSAC,ncaa,18,17,14,18,14,18,18,17,18,18,18,18,10,8,17,2,13,11,16,11,5,16,15,18,17,18,2,3,4,16,16,14,18,16,18,18,15,16,18,18,17,18,17,17,,,1,2,,,18,16,9,8,18,18,17,18,17,9,6,13,10,9,16,11,16,9,14,18,17,17,15,,3,,,18,15,16,13,16,9,5,13,18,17,17,17,4,4,5,4,4,13,7,17,16,18,18,18,2,18,18,16,16,17,18,17,17,18,18,18,17,18,1,6,,,18,18,,,18,3,18,18,18,18,17,18,14,13,18,18,5,6,5,18,15,18,17,17,18,18,17,5,,18,,,b'\x11\xe8\xe1I\xd8\xcc&8\x98|\x12\xdf\x17\xaeN\x1e'
11E8E149-D8CC-2638-987C-12DF17AE4E1E,2023-ncaa-d2-natl,ncaa,292,298,148,296,177,272,280,237,288,292,274,291,138,112,202,45,245,213,263,210,90,243,201,279,281,283,13,29,123,263,276,150,278,203,288,277,235,277,288,289,266,285,216,252,,,85,53,,,297,169,140,208,292,294,275,297,289,124,89,257,211,209,282,204,258,131,225,291,276,276,219,,88,,,295,255,263,250,199,228,206,182,283,272,256,237,113,111,121,103,81,242,171,225,203,279,200,257,36,288,278,230,276,271,288,279,230,280,295,297,273,285,74,170,,,264,273,,,297,130,290,292,296,278,282,287,252,247,289,286,114,114,112,288,230,288,274,287,285,290,271,71,,276,,,b'\x11\xe8\xe1I\xd8\xcc&8\x98|\x12\xdf\x17\xaeN\x1e'
11E8E149-D8CC-2638-987C-12DF17AE4E1E,2024-ncaa-d2-conf-PSAC,ncaa,16,16,13,16,16,16,14,16,14,15,12,13,9,12,7,8,18,18,13,18,15,16,15,11,11,14,7,6,16,16,17,16,18,15,17,17,15,14,17,17,18,18,16,16,,,10,10,,,17,13,6,9,16,14,14,14,12,9,10,18,17,18,15,12,15,16,15,16,18,18,16,,15,,,17,18,17,14,14,14,14,12,12,10,14,5,15,15,12,15,13,13,11,15,15,16,11,9,11,18,18,11,17,17,17,15,12,18,18,16,17,17,6,9,,,17,17,,,17,6,16,17,17,18,17,18,17,17,14,13,18,18,18,18,17,18,16,18,16,18,18,6,,17,,,b'\x11\xe8\xe1I\xd8\xcc&8\x98|\x12\xdf\x17\xaeN\x1e'
11E8E149-D8CC-2638-987C-12DF17AE4E1E,2024-ncaa-d2-natl,ncaa,261,264,207,266,240,260,263,258,252,266,239,269,199,219,139,160,235,240,183,239,168,254,247,243,237,255,87,108,115,262,271,233,294,259,290,268,226,203,264,279,274,286,244,272,,,162,189,,,289,231,138,227,269,277,267,272,221,184,206,221,206,201,265,214,260,210,260,275,238,272,242,,216,,,287,219,210,161,207,226,206,181,118,88,207,58,238,238,134,238,194,184,128,189,205,254,109,75,211,286,294,175,271,245,290,192,141,252,272,259,267,287,138,192,,,243,190,,,289,72,271,287,289,270,265,264,268,279,159,127,264,264,264,276,233,292,256,283,236,232,283,163,,225,,,b'\x11\xe8\xe1I\xd8\xcc&8\x98|\x12\xdf\x17\xaeN\x1e'
11E8E149-D8CC-2638-987C-12DF17AE4E1E,2025-ncaa-d2-conf-PSAC,genius_ncaa,15,16,10,16,12,15,13,10,15,14,12,16,8,6,13,6,16,15,17,15,15,13,10,15,16,16,9,7,17,10,14,13,11,13,15,13,11,16,15,15,9,10,17,17,,,15,16,,4,16,10,5,12,16,14,5,14,12,9,7,17,16,16,9,5,6,13,13,14,15,8,17,,15,,7,16,13,12,7,14,13,7,15,4,4,6,6,11,12,6,12,13,8,9,13,14,13,6,5,10,7,11,15,14,13,15,9,7,7,5,9,15,15,2,5,,,15,16,,7,16,8,16,12,16,11,11,8,12,8,6,6,13,14,14,9,11,10,15,14,10,4,15,3,,15,,8,b'\x11\xe8\xe1I\xd8\xcc&8\x98|\x12\xdf\x17\xaeN\x1e'
11E8E149-D8CC-2638-987C-12DF17AE4E1E,2025-ncaa-d2-natl,genius_ncaa,243,271,162,258,179,216,196,158,242,176,149,232,192,151,247,149,250,188,296,192,196,157,128,244,270,274,211,159,227,134,180,213,234,186,241,212,209,253,255,265,88,101,281,293,,,281,284,,109,269,128,70,131,246,214,132,189,126,195,147,260,174,182,143,80,111,227,190,226,257,79,289,,285,,119,260,190,149,103,227,212,166,226,63,59,111,51,275,280,99,281,279,147,179,206,219,174,99,41,266,200,234,223,180,224,241,108,83,79,79,68,264,271,100,98,,,187,229,,102,269,174,272,184,260,211,181,102,227,191,61,62,278,280,280,179,231,217,246,245,129,63,267,108,,183,,94,b'\x11\xe8\xe1I\xd8\xcc&8\x98|\x12\xdf\x17\xaeN\x1e'
11E8E149-D8CC-2638-987C-12DF17AE4E1E,2026-ncaa-d2-conf-PSAC,genius_ncaa,9,8,3,9,3,14,13,14,14,11,9,10,15,15,15,13,8,7,8,7,8,13,13,15,15,14,13,16,4,16,16,13,13,16,16,16,16,4,7,16,7,8,14,15,,,9,12,,11,14,9,8,1,14,13,13,10,7,15,14,7,6,6,11,11,16,12,16,16,4,6,14,,11,,12,15,7,6,5,10,6,4,12,8,9,6,11,13,7,15,7,12,5,8,9,13,11,12,10,11,10,13,14,16,12,16,3,3,6,3,3,3,4,9,13,,,4,2,,2,14,6,14,10,15,9,7,6,7,4,10,11,13,8,8,6,9,11,16,14,4,4,3,10,,3,,2,b'\x11\xe8\xe1I\xd8\xcc&8\x98|\x12\xdf\x17\xaeN\x1e'
11E8E149-D8CC-2638-987C-12DF17AE4E1E,2026-ncaa-d2-natl,genius_ncaa,201,144,221,202,224,238,199,203,157,155,159,135,245,226,243,217,262,240,283,238,264,222,227,189,228,214,277,236,262,275,289,214,165,249,275,217,215,87,157,186,103,65,248,263,,,108,149,,183,178,201,20,21,149,73,35,36,32,229,188,253,198,197,47,47,265,70,189,156,196,37,242,,241,,241,183,75,76,73,114,84,112,51,75,34,235,42,114,111,140,118,145,73,91,103,104,72,147,120,200,103,165,159,289,143,275,74,119,119,55,62,64,114,167,188,,,224,195,,11,178,90,243,76,187,183,162,222,178,269,145,70,215,223,229,247,276,205,296,283,147,27,147,236,,128,,5,b'\x11\xe8\xe1I\xd8\xcc&8\x98|\x12\xdf\x17\xaeN\x1e'
11E8E149-D8D1-2FF2-987C-12DF17AE4E1E,2018-ncaa-d2-conf-PSAC,ncaa,15,14,16,15,16,11,10,16,4,8,12,3,17,16,16,15,7,8,7,8,3,13,14,7,6,8,14,16,1,16,13,15,13,16,13,14,13,8,12,13,10,9,5,3,,,5,11,,,12,12,6,6,7,9,13,6,8,16,14,2,3,3,11,10,15,11,13,12,13,8,3,,12,,,13,6,9,6,10,7,3,10,12,8,16,12,3,4,5,4,8,4,5,13,14,14,9,13,6,9,13,4,13,5,13,5,5,10,8,11,15,16,12,13,,,10,5,,,12,4,11,14,13,15,13,14,12,12,14,12,10,11,11,15,13,13,6,8,10,8,16,13,,6,,,b'\x11\xe8\xe1I\xd8\xd1/\xf2\x98|\x12\xdf\x17\xaeN\x1e'
11E8E149-D8D1-2FF2-987C-12DF17AE4E1E,2018-ncaa-d2-natl,ncaa,270,272,206,274,226,196,197,252,87,145,185,78,284,287,240,268,100,110,100,108,67,235,219,136,115,154,253,284,34,260,211,217,239,242,206,212,209,215,267,238,227,222,73,71,,,124,156,,,221,203,140,140,165,170,266,91,144,278,286,58,70,70,236,182,254,191,239,204,251,211,52,,175,,,219,166,184,137,210,195,164,188,150,116,221,109,120,120,147,126,122,132,114,203,192,220,107,134,110,202,239,37,211,89,206,105,55,223,215,176,288,299,267,279,,,177,103,,,221,90,194,239,226,224,235,229,241,238,183,146,156,162,169,222,192,234,73,134,146,203,295,285,,119,,,b'\x11\xe8\xe1I\xd8\xd1/\xf2\x98|\x12\xdf\x17\xaeN\x1e'
11E8E149-D8D1-2FF2-987C-12DF17AE4E1E,2019-ncaa-d2-conf-PSAC,ncaa,14,9,17,14,17,15,16,17,14,14,11,14,16,16,16,17,2,1,10,1,1,14,15,16,12,14,11,18,1,8,2,9,6,11,4,15,14,13,12,15,15,15,7,4,,,2,9,,,11,16,3,15,8,14,11,7,3,16,16,1,1,1,6,1,3,4,3,14,15,14,4,,12,,,13,3,4,7,6,5,6,9,11,10,13,14,4,5,6,5,7,6,3,9,9,14,13,17,9,8,6,2,2,3,4,12,15,17,14,17,15,15,15,15,,,7,3,,,11,3,12,13,13,15,14,16,12,15,16,16,11,12,12,16,15,11,7,9,16,12,16,16,,1,,,b'\x11\xe8\xe1I\xd8\xd1/\xf2\x98|\x12\xdf\x17\xaeN\x1e'
11E8E149-D8D1-2FF2-987C-12DF17AE4E1E,2019-ncaa-d2-natl,ncaa,166,184,118,177,177,107,153,201,84,65,66,121,298,300,235,308,2,2,182,2,4,125,82,162,106,165,250,309,2,101,65,69,131,81,54,210,264,286,266,276,232,266,61,90,,,156,93,,,158,83,48,280,87,153,252,49,52,305,307,1,1,1,100,49,93,33,46,230,282,244,62,,144,,,157,228,254,265,141,245,255,136,210,218,143,155,138,134,151,134,66,253,214,134,116,186,97,155,85,211,131,82,65,132,54,235,154,211,264,249,307,297,286,278,,,14,9,,,158,212,162,184,175,230,249,286,246,279,209,228,134,125,122,277,244,206,65,121,221,232,301,295,,2,,,b'\x11\xe8\xe1I\xd8\xd1/\xf2\x98|\x12\xdf\x17\xaeN\x1e'
11E8E149-D8D1-2FF2-987C-12DF17AE4E1E,2020-ncaa-d2-conf-PSAC,ncaa,3,3,3,3,4,2,5,3,6,2,1,7,15,13,12,17,1,1,11,1,2,2,1,9,7,5,12,17,1,3,4,1,5,1,4,9,13,16,8,13,14,17,3,5,,,8,4,,,3,1,1,7,2,5,4,2,1,15,15,1,1,1,2,1,3,1,1,10,16,15,3,,7,,,3,13,15,18,2,15,17,7,12,17,2,13,6,5,7,5,3,18,18,2,2,4,7,11,4,13,5,12,4,12,4,10,7,10,13,11,16,11,17,16,,,1,2,,,3,18,5,5,3,9,12,17,13,15,10,16,6,5,5,16,17,11,10,9,9,11,16,17,,1,,,b'\x11\xe8\xe1I\xd8\xd1/\xf2\x98|\x12\xdf\x17\xaeN\x1e'
11E8E149-D8D1-2FF2-987C-12DF17AE4E1E,2020-ncaa-d2-natl,ncaa,47,72,17,64,28,29,51,50,94,18,17,93,236,224,242,285,1,2,125,2,24,26,15,154,107,110,241,297,9,33,48,6,81,9,38,129,251,257,142,192,176,247,20,34,,,165,48,,,74,17,61,104,50,90,113,29,33,273,268,2,4,5,49,45,56,15,16,179,191,222,30,,78,,,80,260,279,304,82,272,287,120,230,291,40,210,107,107,168,101,35,295,291,78,65,96,84,168,52,238,81,208,48,228,38,242,132,123,212,184,282,200,308,292,,,3,20,,,74,289,99,100,85,155,210,283,204,239,173,255,53,53,54,255,233,173,110,132,172,176,239,305,,11,,,b'\x11\xe8\xe1I\xd8\xd1/\xf2\x98|\x12\xdf\x17\xaeN\x1e'
11E8E149-D8D1-2FF2-987C-12DF17AE4E1E,2022-ncaa-d2-conf-PSAC,ncaa,8,8,8,8,10,11,12,14,7,5,5,8,17,18,14,18,1,1,11,1,1,12,8,12,8,10,17,17,1,9,8,6,4,4,4,16,16,16,16,18,15,16,9,9,,,3,2,,,11,8,3,17,9,12,17,4,3,17,18,1,1,1,10,4,7,4,2,16,17,16,9,,3,,,11,11,14,15,8,14,12,12,8,11,4,9,5,4,15,4,3,12,11,7,7,11,2,9,3,4,4,3,8,2,4,12,11,15,15,16,17,16,14,11,,,1,1,,,11,11,10,9,11,12,15,17,17,16,9,11,4,4,4,16,11,7,5,3,12,14,17,14,,1,,,b'\x11\xe8\xe1I\xd8\xd1/\xf2\x98|\x12\xdf\x17\xaeN\x1e'
11E8E149-D8D1-2FF2-987C-12DF17AE4E1E,2022-ncaa-d2-natl,ncaa,98,139,47,116,60,91,109,120,106,46,33,145,274,276,228,295,12,8,205,8,42,77,60,176,142,182,270,291,8,62,76,38,92,39,43,148,211,290,246,248,148,209,57,84,,,89,17,,,142,62,113,224,168,185,244,68,66,287,296,15,13,13,178,115,107,44,58,222,249,204,65,,25,,,142,222,247,270,107,257,254,150,175,246,32,177,82,87,156,85,29,257,237,95,70,109,50,129,40,213,92,163,76,187,43,254,204,118,196,213,295,274,269,200,,,6,1,,,142,240,173,105,144,122,178,227,201,207,118,194,36,37,37,191,155,138,62,92,195,181,271,241,,3,,,b'\x11\xe8\xe1I\xd8\xd1/\xf2\x98|\x12\xdf\x17\xaeN\x1e'
11E8E149-D8D1-2FF2-987C-12DF17AE4E1E,2023-ncaa-d2-conf-PSAC,ncaa,3,2,4,3,7,2,5,5,9,4,3,9,9,12,8,16,1,1,7,1,4,3,3,8,8,4,12,16,1,2,4,3,5,2,4,8,17,2,2,7,12,13,11,10,,,8,3,,,2,4,2,6,2,4,3,3,2,12,14,1,1,1,2,2,2,2,2,12,2,12,12,,6,,,2,8,13,17,6,7,9,7,15,16,11,14,1,2,1,2,1,15,15,8,3,3,11,15,1,12,5,12,4,14,4,9,11,3,4,7,1,1,17,11,,,1,1,,,2,15,3,3,2,8,11,15,6,8,15,14,1,1,1,11,17,11,10,10,11,4,2,16,,1,,,b'\x11\xe8\xe1I\xd8\xd1/\xf2\x98|\x12\xdf\x17\xaeN\x1e'
11E8E149-D8D1-2FF2-987C-12DF17AE4E1E,2023-ncaa-d2-natl,ncaa,19,29,17,27,18,15,21,19,80,13,8,116,136,151,99,274,2,3,152,3,57,11,10,110,91,64,216,257,28,22,75,15,156,14,106,81,258,193,37,121,74,182,128,197,,,254,76,,,28,15,48,107,22,41,44,20,20,211,242,4,5,5,14,36,48,43,30,160,85,149,185,,126,,,32,269,271,285,80,240,263,106,278,287,115,241,128,163,22,164,86,282,290,103,68,54,174,240,40,284,156,288,75,291,106,267,192,18,81,95,150,27,296,239,,,1,1,,,28,286,44,63,34,120,161,241,123,152,227,249,42,77,77,226,249,226,202,220,174,59,50,285,,1,,,b'\x11\xe8\xe1I\xd8\xd1/\xf2\x98|\x12\xdf\x17\xaeN\x1e'
11E8E149-D8D1-2FF2-987C-12DF17AE4E1E,2024-ncaa-d2-conf-PSAC,ncaa,15,15,13,15,16,14,16,12,15,11,10,16,16,16,15,14,7,6,10,7,10,12,13,17,16,16,12,14,2,9,6,15,13,13,10,17,13,6,10,14,13,15,13,11,,,7,15,,,13,15,12,9,14,16,11,10,7,15,15,4,5,5,11,9,7,15,11,16,9,13,13,,12,,,13,8,8,4,12,5,2,15,13,14,9,17,3,4,11,3,9,3,4,12,12,12,13,14,4,5,13,5,6,6,10,12,14,12,6,15,9,11,17,14,,,11,6,,,13,4,14,12,13,12,12,8,7,3,15,16,6,6,5,8,9,11,14,13,15,8,12,17,,7,,,b'\x11\xe8\xe1I\xd8\xd1/\xf2\x98|\x12\xdf\x17\xaeN\x1e'
11E8E149-D8D1-2FF2-987C-12DF17AE4E1E,2024-ncaa-d2-natl,ncaa,245,274,117,261,157,226,240,198,258,189,97,274,276,269,259,276,96,93,160,101,129,180,157,276,262,260,228,277,19,104,120,189,186,161,184,251,230,215,222,261,233,242,192,183,,,163,198,,,245,187,216,227,268,279,249,210,88,286,285,102,89,94,224,194,101,218,178,277,195,247,200,,151,,,234,147,149,114,187,151,91,233,153,187,70,220,144,144,176,144,182,114,123,184,192,173,152,159,135,165,186,173,120,173,184,223,249,140,124,197,228,230,281,278,,,119,87,,,245,111,247,183,235,133,144,82,133,57,147,187,128,125,122,84,95,152,169,157,214,145,210,291,,121,,,b'\x11\xe8\xe1I\xd8\xd1/\xf2\x98|\x12\xdf\x17\xaeN\x1e'
11E8E149-D8D1-2FF2-987C-12DF17AE4E1E,2025-ncaa-d2-conf-PSAC,genius_ncaa,14,14,13,14,13,13,14,16,13,13,10,13,17,16,16,15,9,11,7,11,9,15,15,14,13,13,15,17,3,15,11,15,8,16,11,15,16,11,14,16,17,17,15,15,,,9,15,,12,14,15,7,10,13,13,15,10,6,17,16,7,9,9,14,10,13,15,15,15,12,17,15,,14,,14,14,10,9,3,16,7,2,16,12,8,15,10,10,10,4,10,16,4,3,16,16,16,12,11,9,4,8,2,11,3,11,12,13,15,14,14,9,14,16,16,,,11,4,,10,14,3,13,16,14,14,12,7,10,4,14,9,15,15,15,10,7,6,9,7,13,15,11,17,,7,,7,b'\x11\xe8\xe1I\xd8\xd1/\xf2\x98|\x12\xdf\x17\xaeN\x1e'
11E8E149-D8D1-2FF2-987C-12DF17AE4E1E,2025-ncaa-d2-natl,genius_ncaa,216,236,162,227,179,220,225,225,214,149,95,240,287,286,276,293,95,103,92,100,138,198,184,259,229,237,274,296,16,177,183,236,225,222,228,239,218,209,245,260,228,228,237,239,,,196,244,,138,263,185,196,131,254,260,262,136,67,299,297,66,88,84,234,188,176,265,244,258,221,232,246,,213,,150,254,175,151,85,256,176,111,249,109,91,190,92,229,237,76,238,253,107,116,245,253,228,115,92,210,160,225,130,183,135,228,205,228,151,136,192,217,256,300,300,,,92,37,,47,263,107,239,236,261,195,183,72,204,121,117,89,229,241,240,110,121,179,139,153,225,144,227,301,,54,,43,b'\x11\xe8\xe1I\xd8\xd1/\xf2\x98|\x12\xdf\x17\xaeN\x1e'
11E8E149-D8D1-2FF2-987C-12DF17AE4E1E,2026-ncaa-d2-natl,genius_ncaa,246,196,221,250,224,274,269,264,231,243,237,202,279,269,284,248,256,212,291,213,143,262,251,253,262,280,273,269,129,267,256,253,259,264,277,274,232,183,284,280,271,265,203,166,,,94,202,,9,266,241,157,21,286,266,280,184,156,279,265,241,138,141,275,170,242,199,251,261,276,249,168,,224,,15,271,75,51,58,88,47,62,56,120,90,215,130,176,181,149,185,268,65,64,110,146,136,259,181,259,154,259,93,256,111,277,69,165,218,160,135,162,257,229,289,,,203,55,,68,266,52,286,179,271,183,113,160,80,155,194,162,274,270,277,215,217,258,208,249,138,138,250,283,,63,,29,b'\x11\xe8\xe1I\xd8\xd1/\xf2\x98|\x12\xdf\x17\xaeN\x1e'
11E8E149-D8D5-783C-987C-12DF17AE4E1E,2018-ncaa-d2-conf-Gulf South,ncaa,11,11,9,11,10,12,11,9,12,11,11,10,9,5,13,5,11,9,14,9,7,9,10,12,13,12,8,8,11,5,5,14,11,14,12,14,14,5,7,14,4,2,13,13,,,7,11,,,11,11,8,3,12,11,5,10,9,8,4,11,9,9,7,6,2,14,13,14,10,2,13,,11,,,11,8,7,1,14,11,3,13,2,1,13,2,9,8,7,8,10,1,4,13,13,12,2,2,8,5,11,9,5,6,12,7,8,2,1,3,6,10,7,9,,,8,7,,,11,4,11,12,12,11,11,2,13,3,4,1,11,11,10,2,8,7,13,10,10,1,10,8,,6,,,b'\x11\xe8\xe1I\xd8\xd5x<\x98|\x12\xdf\x17\xaeN\x1e'
11E8E149-D8D5-783C-987C-12DF17AE4E1E,2018-ncaa-d2-natl,ncaa,252,245,250,257,260,272,275,228,282,269,257,236,192,108,297,62,249,203,290,202,93,226,234,273,282,270,108,118,145,131,110,300,266,277,258,297,300,114,183,288,87,40,303,302,,,126,239,,,263,249,168,134,261,266,137,265,227,164,56,222,146,147,135,124,62,302,257,299,200,48,304,,218,,,263,96,103,17,301,125,34,294,91,30,293,89,156,162,140,148,245,21,53,301,303,252,138,95,192,80,266,135,110,107,258,120,156,90,25,76,156,223,44,119,,,193,113,,,263,60,257,246,271,213,205,26,220,80,146,53,220,227,221,40,131,150,242,206,188,39,223,80,,92,,,b'\x11\xe8\xe1I\xd8\xd5x<\x98|\x12\xdf\x17\xaeN\x1e'
11E8E149-D8D5-783C-987C-12DF17AE4E1E,2019-ncaa-d2-conf-Gulf South,ncaa,13,13,9,13,9,12,12,11,13,11,10,13,9,6,13,4,12,12,7,12,13,12,12,13,13,13,8,5,12,9,9,12,11,12,12,13,13,6,8,13,7,6,10,10,,,3,5,,,13,12,10,2,12,12,5,11,8,7,5,12,12,12,12,11,8,12,12,13,8,6,10,,5,,,13,9,9,2,12,7,2,12,12,9,12,12,4,6,9,6,9,1,2,13,13,13,11,12,5,2,11,6,9,4,12,9,8,10,8,10,6,6,8,10,,,12,13,,,13,2,12,12,13,11,11,5,9,4,12,11,9,8,8,4,4,4,10,9,9,7,6,9,,12,,,b'\x11\xe8\xe1I\xd8\xd5x<\x98|\x12\xdf\x17\xaeN\x1e'
11E8E149-D8D5-783C-987C-12DF17AE4E1E,2019-ncaa-d2-natl,ncaa,300,309,182,302,190,290,280,224,300,279,243,291,192,120,280,58,302,299,249,299,295,252,237,294,299,297,143,75,280,227,233,288,169,278,256,302,302,204,256,303,192,166,278,280,,,56,100,,,305,234,247,47,305,297,229,294,253,190,97,307,306,306,278,249,224,304,297,308,223,191,286,,62,,,299,173,185,72,292,156,60,293,241,150,287,236,76,102,82,101,189,68,70,299,291,281,167,238,75,44,169,156,233,91,256,157,121,193,140,192,166,221,38,69,,,282,272,,,305,83,299,259,300,214,229,79,186,56,252,188,105,119,120,70,60,50,192,117,184,183,191,36,,289,,,b'\x11\xe8\xe1I\xd8\xd5x<\x98|\x12\xdf\x17\xaeN\x1e'
11E8E149-D8D5-783C-987C-12DF17AE4E1E,2020-ncaa-d2-conf-Gulf South,ncaa,13,13,5,13,8,10,9,6,11,10,6,11,8,6,7,7,10,10,3,10,12,7,7,10,10,10,6,6,9,13,13,13,13,13,13,12,13,9,8,13,7,9,13,13,,,7,3,,,13,4,2,8,10,9,4,10,7,7,6,11,11,11,4,4,13,13,13,13,9,7,13,,9,,,13,13,13,12,13,13,13,13,10,3,13,1,13,12,11,12,4,13,12,13,13,13,1,1,4,13,13,12,13,13,13,13,4,8,11,12,11,9,12,12,,,11,13,,,13,10,12,13,13,13,13,13,13,13,10,4,13,13,13,13,13,13,12,13,13,8,11,13,,11,,,b'\x11\xe8\xe1I\xd8\xd5x<\x98|\x12\xdf\x17\xaeN\x1e'
11E8E149-D8D5-783C-987C-12DF17AE4E1E,2020-ncaa-d2-natl,ncaa,300,296,257,301,281,231,240,206,257,259,213,262,157,149,169,110,217,248,89,248,230,232,231,238,230,223,92,86,157,299,306,301,307,305,310,287,294,121,166,261,232,255,301,309,,,65,52,,,308,179,15,294,187,196,76,229,134,123,94,175,203,208,100,92,300,299,307,280,196,201,305,,138,,,308,299,304,224,309,307,283,305,136,40,307,19,216,202,194,201,106,222,173,308,309,309,15,34,84,275,307,238,306,261,310,222,30,241,270,263,151,201,151,197,,,276,286,,,308,133,252,309,305,309,309,305,309,309,201,88,262,254,254,305,302,300,300,305,272,186,225,203,,266,,,b'\x11\xe8\xe1I\xd8\xd5x<\x98|\x12\xdf\x17\xaeN\x1e'
11E8E149-D8D5-783C-987C-12DF17AE4E1E,2021-ncaa-d2-conf-Gulf South,ncaa,9,13,5,11,5,6,6,5,10,7,2,12,8,8,11,11,3,3,8,3,5,5,5,11,10,11,8,10,2,7,12,8,13,7,13,11,13,13,11,13,5,10,6,8,,,11,4,,,13,4,1,8,9,10,5,8,3,9,9,4,3,3,5,3,8,13,13,13,13,6,7,,9,,,13,13,13,12,12,13,13,12,10,9,11,5,10,11,1,11,1,12,10,12,12,12,3,6,1,13,13,11,12,13,13,12,1,5,11,9,13,13,12,9,,,4,6,,,13,10,12,13,13,13,13,13,13,13,12,12,4,10,7,13,13,12,12,13,12,7,13,11,,4,,,b'\x11\xe8\xe1I\xd8\xd5x<\x98|\x12\xdf\x17\xaeN\x1e'
11E8E149-D8D5-783C-987C-12DF17AE4E1E,2021-ncaa-d2-natl,ncaa,140,210,47,179,58,76,92,56,179,82,53,182,99,73,176,141,33,24,120,24,50,51,35,187,176,186,101,149,20,82,181,102,212,98,216,157,222,220,189,217,57,133,100,177,,,183,69,,,217,33,25,121,149,180,106,146,90,163,124,42,35,33,93,52,147,205,207,217,199,92,152,,125,,,209,211,213,203,198,216,200,210,199,199,136,126,170,198,43,193,92,203,202,195,181,192,55,98,44,221,212,203,181,214,216,191,42,48,150,135,226,208,176,115,,,36,100,,,217,195,198,204,204,213,213,205,211,190,180,179,117,148,143,207,207,194,184,196,171,93,210,129,,63,,,b'\x11\xe8\xe1I\xd8\xd5x<\x98|\x12\xdf\x17\xaeN\x1e'
11E8E149-D8D5-783C-987C-12DF17AE4E1E,2022-ncaa-d2-conf-Gulf South,ncaa,12,12,13,12,13,13,13,13,10,12,11,10,12,12,11,10,13,13,12,13,13,13,13,11,12,12,11,10,11,9,6,13,12,13,12,13,13,4,10,13,11,8,13,13,,,6,12,,,13,13,5,8,13,12,7,7,3,11,10,13,12,12,9,7,7,13,13,13,10,10,13,,11,,,13,9,10,1,13,11,3,13,2,1,13,2,9,8,12,8,9,1,1,13,13,13,2,4,7,3,12,2,6,1,12,3,1,11,7,6,7,11,7,8,,,13,12,,,13,1,13,13,13,12,13,6,13,8,10,2,11,10,10,6,7,6,5,5,8,8,11,11,,13,,,b'\x11\xe8\xe1I\xd8\xd5x<\x98|\x12\xdf\x17\xaeN\x1e'
11E8E149-D8D5-783C-987C-12DF17AE4E1E,2022-ncaa-d2-natl,ncaa,263,225,281,265,285,278,278,289,165,271,273,195,256,269,122,208,259,250,224,246,144,289,289,175,180,184,164,176,133,263,166,295,232,295,254,286,275,29,189,251,257,171,296,299,,,58,260,,,282,289,163,224,228,217,232,192,158,203,227,175,144,140,221,213,198,298,295,266,164,182,299,,234,,,284,100,115,12,301,141,24,298,71,13,301,51,122,118,203,122,249,13,15,301,301,300,97,92,177,15,232,15,166,11,254,39,38,269,164,189,77,237,45,141,,,287,207,,,282,13,196,298,282,291,284,71,288,162,200,45,266,251,254,125,108,70,86,67,169,174,222,127,,231,,,b'\x11\xe8\xe1I\xd8\xd5x<\x98|\x12\xdf\x17\xaeN\x1e'
11E8E149-D8D5-783C-987C-12DF17AE4E1E,2023-ncaa-d2-conf-Gulf South,ncaa,13,13,9,13,9,13,13,10,13,11,7,12,11,11,12,11,9,7,10,7,8,10,9,13,13,13,8,11,2,9,7,13,13,13,12,13,13,13,13,13,10,12,6,5,,,6,5,,,13,9,5,3,13,13,8,11,6,11,11,8,7,7,7,6,4,13,13,13,13,9,5,,8,,,13,12,12,10,12,10,7,11,13,12,12,10,10,11,9,10,11,10,6,12,12,13,13,11,6,12,13,5,7,9,12,12,12,12,12,12,13,13,8,7,,,13,13,,,13,6,13,13,13,12,12,11,11,10,13,13,10,12,11,11,11,12,10,10,13,10,13,10,,11,,,b'\x11\xe8\xe1I\xd8\xd5x<\x98|\x12\xdf\x17\xaeN\x1e'
11E8E149-D8D5-783C-987C-12DF17AE4E1E,2023-ncaa-d2-natl,ncaa,287,295,148,292,166,257,258,214,282,251,184,282,228,207,250,180,192,171,219,181,155,214,195,280,279,276,135,178,62,174,151,279,293,266,271,281,278,208,241,281,252,265,145,142,,,149,164,,,294,194,198,146,283,286,247,271,184,244,207,188,165,176,247,197,175,296,288,293,220,258,142,,165,,,294,262,249,158,280,215,121,272,265,206,283,199,242,232,220,237,237,172,140,283,285,293,233,222,161,226,293,93,151,152,271,239,200,249,261,276,224,246,150,168,,,266,279,,,294,112,278,296,294,280,269,215,238,138,272,222,254,236,240,241,166,239,102,177,259,247,235,160,,281,,,b'\x11\xe8\xe1I\xd8\xd5x<\x98|\x12\xdf\x17\xaeN\x1e'
11E8E149-D8D5-783C-987C-12DF17AE4E1E,2024-ncaa-d2-conf-Gulf South,ncaa,12,12,7,12,8,11,12,13,9,9,10,8,12,10,12,9,9,12,5,12,9,13,13,10,10,10,10,11,2,11,9,13,13,13,12,12,13,9,12,13,10,10,8,7,,,5,6,,,13,12,10,2,11,12,13,9,8,12,10,9,12,12,13,13,11,13,13,12,9,9,8,,5,,,13,13,13,9,13,12,5,13,13,13,13,13,5,3,13,3,4,6,5,13,13,13,7,13,2,10,13,1,9,5,12,13,12,8,9,13,12,12,1,1,,,13,6,,,13,3,11,13,13,13,13,11,13,6,13,13,6,3,3,9,8,10,4,7,13,7,12,1,,13,,,b'\x11\xe8\xe1I\xd8\xd5x<\x98|\x12\xdf\x17\xaeN\x1e'
11E8E149-D8D5-783C-987C-12DF17AE4E1E,2024-ncaa-d2-natl,ncaa,283,293,172,288,177,256,258,260,212,226,223,196,262,250,247,219,210,213,148,213,144,258,254,228,216,235,218,243,73,250,208,289,285,285,274,289,295,180,256,293,253,252,181,163,,,80,115,,,293,240,268,55,282,281,297,247,232,271,260,198,198,196,295,283,254,298,298,297,194,254,179,,92,,,291,247,257,135,294,216,79,292,272,242,277,261,103,60,295,60,100,109,77,296,294,298,181,247,40,155,285,35,208,58,274,272,221,235,234,285,196,258,45,76,,,234,155,,,293,68,250,297,292,273,278,185,251,71,279,256,107,76,74,153,93,173,24,59,279,239,203,46,,243,,,b'\x11\xe8\xe1I\xd8\xd5x<\x98|\x12\xdf\x17\xaeN\x1e'
11E8E149-D8D5-783C-987C-12DF17AE4E1E,2025-ncaa-d2-conf-Conference Carolinas,genius_ncaa,3,3,2,3,5,6,7,8,4,5,8,4,8,9,7,10,3,4,4,6,5,9,9,5,5,5,10,11,5,6,2,10,9,9,5,14,15,5,9,12,8,7,14,13,,,6,9,,12,6,11,13,4,7,7,11,5,12,8,10,3,5,8,10,12,6,13,9,14,5,9,14,,5,,13,6,3,6,7,9,9,8,10,2,3,1,5,2,2,9,2,3,4,4,7,5,4,2,4,4,7,9,1,2,2,5,5,2,9,8,6,5,7,4,6,,,10,9,,13,6,4,5,4,6,3,5,4,8,5,2,3,2,2,2,3,3,6,1,1,4,10,6,4,,11,,13,b'\x11\xe8\xe1I\xd8\xd5x<\x98|\x12\xdf\x17\xaeN\x1e'
11E8E149-D8D5-783C-987C-12DF17AE4E1E,2025-ncaa-d2-natl,genius_ncaa,56,31,162,45,174,177,177,207,111,157,168,132,189,220,120,210,142,167,113,171,145,202,204,124,112,143,183,194,105,113,18,237,195,192,49,256,290,155,202,252,164,124,273,281,,,65,103,,221,66,233,272,72,185,186,243,144,156,192,223,123,139,150,239,221,92,266,205,276,174,155,278,,68,,219,65,20,48,78,58,109,145,91,23,44,10,71,26,29,104,29,28,60,68,37,28,30,14,44,89,118,195,12,18,18,49,23,27,149,99,35,101,133,51,53,,,217,194,,180,66,67,118,30,61,16,46,59,120,166,17,38,28,32,35,42,49,135,1,11,18,139,112,48,,229,,184,b'\x11\xe8\xe1I\xd8\xd5x<\x98|\x12\xdf\x17\xaeN\x1e'
11E8E149-D8D5-783C-987C-12DF17AE4E1E,2026-ncaa-d2-conf-Conference Carolinas,genius_ncaa,7,4,8,6,10,10,8,12,2,9,8,4,9,12,1,13,14,14,13,14,15,12,10,2,3,4,13,9,15,7,1,15,13,11,3,10,11,8,13,11,8,4,14,15,,,7,10,,5,6,14,12,3,6,1,9,3,4,8,12,15,15,15,11,7,4,14,8,4,13,5,15,,11,,7,4,5,4,3,11,3,3,9,9,7,13,12,5,6,9,6,9,4,5,12,9,9,11,13,8,10,13,1,1,2,3,8,16,8,5,9,5,10,6,8,,,13,11,,11,6,4,3,12,4,6,7,5,5,4,13,11,7,7,8,6,8,10,1,2,13,4,9,8,,14,,10,b'\x11\xe8\xe1I\xd8\xd5x<\x98|\x12\xdf\x17\xaeN\x1e'
11E8E149-D8D5-783C-987C-12DF17AE4E1E,2026-ncaa-d2-natl,genius_ncaa,157,144,141,167,170,150,153,204,44,133,140,147,176,257,4,264,133,165,67,158,164,203,179,58,45,117,197,190,117,126,10,237,280,207,116,210,252,201,262,239,119,109,189,211,,,94,76,,85,171,192,170,88,112,122,232,105,98,173,274,103,142,130,230,154,103,277,221,210,245,97,181,,90,,94,173,157,194,155,237,208,155,260,160,160,135,175,39,43,70,44,20,128,134,231,193,174,34,154,15,232,280,21,10,78,116,223,224,142,133,217,216,249,82,70,,,178,129,,260,171,117,104,218,162,198,259,233,260,208,177,182,24,32,31,174,195,255,4,48,262,106,240,80,,147,,268,b'\x11\xe8\xe1I\xd8\xd5x<\x98|\x12\xdf\x17\xaeN\x1e'
11E8E149-D8D9-F236-987C-12DF17AE4E1E,2018-ncaa-d2-conf-Great Northwest,ncaa,6,6,5,6,5,6,8,8,6,11,11,6,2,3,3,1,4,8,1,8,1,8,8,3,2,3,1,1,4,11,10,11,11,11,11,7,4,7,9,5,9,8,9,10,,,1,1,,,8,7,9,4,6,8,11,11,11,1,1,3,8,8,9,11,11,11,11,5,9,9,9,,1,,,8,7,10,5,11,11,9,11,1,1,3,2,1,1,1,2,1,5,7,11,11,7,1,1,1,7,11,2,10,4,11,9,7,5,4,7,10,9,1,6,,,8,3,,,8,5,6,8,7,8,11,7,11,10,1,1,2,2,2,5,7,9,5,6,11,4,9,1,,6,,,b'\x11\xe8\xe1I\xd8\xd9\xf26\x98|\x12\xdf\x17\xaeN\x1e'
11E8E149-D8D9-F236-987C-12DF17AE4E1E,2018-ncaa-d2-natl,ncaa,134,164,64,148,90,88,120,140,118,218,252,108,18,22,57,16,56,109,7,108,26,138,136,66,42,66,8,18,81,268,279,235,258,253,286,53,12,206,185,80,136,177,187,227,,,140,69,,,163,91,132,178,97,162,231,275,294,20,24,65,148,149,227,211,292,291,304,56,157,173,203,,73,,,162,266,290,236,293,302,266,293,94,106,123,56,93,104,126,111,52,219,223,273,258,227,6,32,37,209,258,197,279,203,286,290,237,73,98,216,282,277,39,101,,,72,47,,,163,222,112,221,153,218,275,176,294,243,59,59,62,76,79,155,180,172,129,138,275,93,265,26,,85,,,b'\x11\xe8\xe1I\xd8\xd9\xf26\x98|\x12\xdf\x17\xaeN\x1e'
11E8E149-D8D9-F236-987C-12DF17AE4E1E,2019-ncaa-d2-conf-Great Northwest,ncaa,3,3,5,3,6,4,5,4,9,11,11,5,1,1,8,1,6,7,3,7,1,4,5,6,6,5,1,1,7,3,4,9,8,6,8,4,1,6,5,4,3,3,3,2,,,7,6,,,4,5,4,4,4,5,2,11,11,1,1,7,8,8,4,2,3,10,8,3,6,3,3,,6,,,4,3,8,2,9,8,10,8,1,1,6,2,6,6,1,6,6,2,7,8,8,4,1,1,6,6,8,10,4,9,8,6,9,3,3,4,2,3,4,8,,,6,6,,,4,7,4,4,4,5,5,4,7,7,1,1,5,6,5,3,5,6,9,8,8,3,3,4,,6,,,b'\x11\xe8\xe1I\xd8\xd9\xf26\x98|\x12\xdf\x17\xaeN\x1e'
11E8E149-D8D9-F236-987C-12DF17AE4E1E,2019-ncaa-d2-natl,ncaa,97,95,118,100,144,104,150,139,176,262,282,124,17,10,96,5,127,173,33,176,36,144,146,91,78,93,3,5,175,126,116,248,219,208,190,40,4,194,174,63,68,51,54,59,,,135,132,,,109,153,168,135,83,149,121,282,301,10,5,133,181,189,136,135,123,273,244,19,183,57,53,,120,,,109,169,192,122,252,244,206,231,60,47,186,40,162,150,195,144,112,118,146,217,222,192,39,37,142,149,219,128,116,129,190,271,264,104,86,189,163,149,150,261,,,124,142,,,109,146,87,182,115,161,198,106,245,211,55,34,150,137,134,104,123,140,111,116,259,91,155,139,,133,,,b'\x11\xe8\xe1I\xd8\xd9\xf26\x98|\x12\xdf\x17\xaeN\x1e'
11E8E149-D8D9-F236-987C-12DF17AE4E1E,2020-ncaa-d2-conf-Great Northwest,ncaa,5,4,4,5,4,5,5,4,8,6,5,7,4,1,6,2,4,6,2,6,4,4,4,7,7,5,3,3,6,4,6,8,8,7,9,5,4,2,3,2,4,4,8,9,,,5,4,,,5,5,4,4,4,5,2,6,7,4,1,6,6,6,3,4,5,8,7,5,2,4,9,,5,,,5,9,10,8,10,10,8,10,2,4,5,3,5,5,11,5,4,7,8,9,9,5,2,3,5,8,8,9,6,10,9,8,6,4,4,4,2,3,9,9,,,5,4,,,5,7,5,6,5,10,10,5,10,10,2,3,5,5,5,6,9,7,8,9,7,3,2,8,,4,,,b'\x11\xe8\xe1I\xd8\xd9\xf26\x98|\x12\xdf\x17\xaeN\x1e'
11E8E149-D8D9-F236-987C-12DF17AE4E1E,2020-ncaa-d2-natl,ncaa,112,124,102,119,119,88,110,84,151,182,212,110,38,23,146,35,59,84,74,84,38,81,111,117,106,76,30,53,89,129,141,230,207,203,202,81,70,79,47,52,93,98,166,196,,,156,127,,,128,112,136,88,71,117,84,207,243,41,26,62,87,86,75,125,135,274,240,64,59,104,178,,131,,,130,237,249,176,256,265,237,231,121,72,242,53,208,130,309,127,85,171,187,237,266,225,66,75,153,144,207,170,141,163,202,210,142,100,106,140,80,61,263,281,,,44,43,,,128,196,84,215,133,221,227,148,250,224,114,57,194,118,118,138,169,131,150,143,195,102,62,256,,41,,,b'\x11\xe8\xe1I\xd8\xd9\xf26\x98|\x12\xdf\x17\xaeN\x1e'
11E8E149-D8D9-F236-987C-12DF17AE4E1E,2022-ncaa-d2-conf-Great Northwest,ncaa,6,6,9,6,9,5,4,5,4,6,8,3,2,2,4,2,9,9,8,9,9,7,8,3,6,4,4,2,10,5,5,10,6,8,7,2,2,2,2,2,7,4,5,4,,,5,4,,,7,8,2,4,3,1,1,3,4,2,2,8,8,8,1,2,2,6,5,1,4,3,3,,6,,,7,6,6,3,10,7,5,9,2,2,8,3,7,6,10,5,5,3,3,8,8,10,3,2,6,4,6,5,5,5,7,4,3,6,4,4,4,4,6,9,,,9,9,,,7,3,4,9,7,9,10,8,10,8,3,3,8,7,7,9,8,5,9,9,5,3,5,8,,8,,,b'\x11\xe8\xe1I\xd8\xd9\xf26\x98|\x12\xdf\x17\xaeN\x1e'
11E8E149-D8D9-F236-987C-12DF17AE4E1E,2022-ncaa-d2-natl,ncaa,174,161,196,173,201,118,101,89,140,122,152,87,70,47,175,50,236,235,184,233,250,107,116,117,152,143,139,67,280,94,82,215,195,167,156,57,37,148,121,62,109,130,125,133,,,168,168,,,177,132,33,66,47,33,14,75,107,46,22,232,223,225,29,27,61,217,134,14,181,94,117,,213,,,177,211,203,152,240,215,167,234,141,124,182,118,215,171,276,171,160,159,164,232,245,221,110,102,182,129,195,125,82,123,156,193,138,122,138,162,201,181,166,176,,,224,281,,,177,173,131,213,174,271,261,235,260,226,172,167,246,210,208,244,249,160,183,175,222,94,232,206,,222,,,b'\x11\xe8\xe1I\xd8\xd9\xf26\x98|\x12\xdf\x17\xaeN\x1e'
11E8E149-D8D9-F236-987C-12DF17AE4E1E,2023-ncaa-d2-conf-Great Northwest,ncaa,6,6,5,6,6,4,6,5,4,9,10,3,3,2,4,2,5,6,8,6,3,5,3,3,4,4,2,3,5,8,9,3,7,5,9,5,6,7,6,6,6,8,2,2,,,7,5,,,6,3,5,3,4,4,4,9,10,3,2,6,5,5,6,5,8,3,4,6,7,7,2,,6,,,6,8,8,8,5,9,8,5,4,5,4,3,6,6,4,6,5,9,8,3,3,5,5,4,5,9,7,10,9,10,9,5,4,6,8,7,7,7,1,2,,,4,5,,,6,8,5,8,6,8,7,8,7,8,5,6,7,7,7,8,8,9,9,9,5,7,7,1,,7,,,b'\x11\xe8\xe1I\xd8\xd9\xf26\x98|\x12\xdf\x17\xaeN\x1e'
11E8E149-D8D9-F236-987C-12DF17AE4E1E,2023-ncaa-d2-natl,ncaa,183,118,280,168,280,219,229,265,126,262,284,122,102,131,56,54,201,212,136,214,65,269,275,80,85,97,31,42,143,237,173,252,206,259,196,167,76,40,150,113,222,164,30,13,,,49,148,,,152,274,100,22,71,110,104,200,219,33,42,109,105,107,106,95,151,103,119,65,164,139,10,,191,,,154,54,60,44,168,80,77,143,73,61,164,101,104,78,243,73,127,42,30,156,167,198,110,103,164,117,206,36,173,44,196,132,228,254,201,237,82,192,33,127,,,257,156,,,152,27,108,218,155,244,236,259,243,252,155,140,214,193,191,260,238,237,195,222,250,176,202,95,,121,,,b'\x11\xe8\xe1I\xd8\xd9\xf26\x98|\x12\xdf\x17\xaeN\x1e'
11E8E149-D8D9-F236-987C-12DF17AE4E1E,2024-ncaa-d2-conf-Great Northwest,ncaa,5,4,6,5,6,5,5,3,5,3,2,8,4,6,3,5,3,2,7,2,3,3,3,5,4,5,5,5,3,3,5,6,7,5,6,7,9,7,5,7,5,7,1,1,,,7,6,,,5,3,1,5,3,3,3,3,3,5,4,2,2,2,2,1,2,4,2,8,8,5,1,,7,,,5,7,7,7,7,8,8,4,6,5,7,2,8,10,2,10,7,8,10,6,5,4,3,3,7,8,7,9,5,10,6,5,3,3,4,2,3,3,5,2,,,5,6,,,5,8,5,5,5,8,7,7,8,9,5,5,8,9,9,8,9,8,8,8,4,2,3,5,,3,,,b'\x11\xe8\xe1I\xd8\xd9\xf26\x98|\x12\xdf\x17\xaeN\x1e'
11E8E149-D8D9-F236-987C-12DF17AE4E1E,2024-ncaa-d2-natl,ncaa,98,131,50,118,59,43,55,48,94,60,61,114,58,75,65,147,32,36,71,34,81,39,26,86,72,106,93,123,97,68,103,44,204,44,131,62,132,285,214,170,81,155,1,9,,,242,91,,,125,24,25,178,45,63,68,98,108,73,107,46,71,71,61,35,98,67,62,77,250,115,4,,179,,,127,272,271,277,164,278,287,123,200,180,209,68,237,243,99,250,111,281,278,146,138,133,95,107,128,279,204,218,103,255,131,254,125,44,127,124,206,118,155,97,,,44,145,,,125,275,113,156,132,229,240,262,253,277,158,121,178,186,187,261,274,251,134,205,198,76,158,117,,73,,,b'\x11\xe8\xe1I\xd8\xd9\xf26\x98|\x12\xdf\x17\xaeN\x1e'
11E8E149-D8D9-F236-987C-12DF17AE4E1E,2025-ncaa-d2-conf-Great Northwest,genius_ncaa,7,7,7,7,7,7,8,3,8,8,6,8,5,3,8,4,2,2,2,2,2,2,4,9,8,6,2,6,1,2,4,10,10,8,9,6,4,1,2,3,4,3,3,3,,,4,3,,2,7,6,4,2,3,6,2,4,4,4,2,1,1,1,1,1,2,10,6,4,4,3,2,,6,,2,7,7,8,3,9,8,5,9,5,5,7,4,5,5,7,5,4,3,6,9,8,8,3,3,3,8,10,8,4,8,9,8,5,4,4,6,2,2,6,6,,,6,5,,3,7,6,5,8,7,8,8,7,8,7,6,7,8,7,7,7,9,8,8,8,9,3,2,6,,3,,3,b'\x11\xe8\xe1I\xd8\xd9\xf26\x98|\x12\xdf\x17\xaeN\x1e'
11E8E149-D8D9-F236-987C-12DF17AE4E1E,2025-ncaa-d2-natl,genius_ncaa,160,112,260,139,266,151,188,176,209,215,212,210,109,107,136,96,45,94,11,91,29,156,214,188,123,79,29,99,18,150,138,273,255,252,244,126,66,22,19,40,88,53,43,19,,,56,93,,41,140,230,29,207,28,83,24,143,100,58,36,5,22,21,10,36,64,255,176,60,62,43,9,,170,,70,139,128,144,51,281,173,88,271,100,61,235,101,109,90,229,87,127,50,69,271,273,220,72,106,125,132,255,139,138,125,244,196,223,113,64,159,18,24,270,288,,,159,94,,65,140,67,68,227,141,267,277,227,282,239,188,139,205,174,170,229,263,232,265,264,266,41,55,292,,42,,37,b'\x11\xe8\xe1I\xd8\xd9\xf26\x98|\x12\xdf\x17\xaeN\x1e'
11E8E149-D8D9-F236-987C-12DF17AE4E1E,2026-ncaa-d2-conf-Great Northwest,genius_ncaa,1,1,1,1,1,3,3,6,4,7,7,9,2,4,3,4,5,3,8,3,3,5,3,4,4,5,1,1,7,5,6,2,3,3,4,4,4,9,8,5,2,5,2,2,,,3,1,,5,4,2,2,1,4,4,7,9,8,3,4,6,4,3,6,4,6,2,3,5,8,3,2,,1,,5,5,6,7,10,2,9,9,4,5,9,4,9,2,2,6,2,1,8,10,2,2,3,2,6,1,8,3,4,6,6,4,8,9,4,7,8,9,8,7,9,,,3,4,,5,4,8,5,3,5,4,6,10,8,9,5,9,1,1,1,8,10,7,3,6,7,5,8,7,,3,,5,b'\x11\xe8\xe1I\xd8\xd9\xf26\x98|\x12\xdf\x17\xaeN\x1e'
11E8E149-D8D9-F236-987C-12DF17AE4E1E,2026-ncaa-d2-natl,genius_ncaa,65,98,59,100,84,165,175,118,253,189,97,273,129,169,75,198,144,94,258,99,146,117,100,247,248,252,94,114,114,102,188,62,225,81,210,176,175,239,228,233,98,156,82,126,,,174,80,,127,231,104,137,88,246,253,203,256,139,160,214,181,127,137,192,147,150,69,101,233,220,132,104,,106,,107,218,194,213,253,81,234,229,187,120,246,15,194,147,129,209,124,56,234,224,55,50,95,46,75,108,276,225,237,188,258,210,242,235,131,207,227,245,228,191,168,,,94,121,,111,231,202,250,124,219,133,177,259,212,220,84,234,102,87,75,243,218,260,232,263,227,185,222,178,,134,,146,b'\x11\xe8\xe1I\xd8\xd9\xf26\x98|\x12\xdf\x17\xaeN\x1e'
11E8E149-D8DE-5268-987C-12DF17AE4E1E,2018-ncaa-d2-conf-NSIC,ncaa,6,7,3,7,4,8,6,6,9,9,8,10,3,4,6,3,12,11,13,11,13,7,7,9,10,10,6,2,14,11,14,5,8,7,11,6,7,7,7,7,5,6,5,7,,,14,12,,,7,5,11,11,13,11,6,12,12,3,6,15,14,14,11,13,13,8,12,7,7,6,7,,12,,,7,8,8,11,5,14,14,5,2,3,1,2,13,13,11,12,9,12,13,4,4,4,3,2,12,8,8,13,14,13,11,10,10,5,6,7,6,7,13,12,,,14,15,,,7,12,10,5,7,5,6,7,8,11,1,2,10,11,10,7,7,9,10,9,8,6,7,12,,15,,,b'\x11\xe8\xe1I\xd8\xdeRh\x98|\x12\xdf\x17\xaeN\x1e'
11E8E149-D8DE-5268-987C-12DF17AE4E1E,2018-ncaa-d2-natl,ncaa,125,132,105,131,122,163,146,144,174,197,211,171,69,64,104,37,272,274,149,273,273,175,205,138,161,124,82,27,290,263,285,122,98,188,235,131,121,32,49,54,165,154,69,86,,,145,182,,,134,188,249,166,210,174,176,247,245,60,66,290,291,294,234,280,282,142,237,147,24,179,72,,123,,,133,83,116,158,91,190,233,87,32,51,51,37,126,89,277,85,56,142,121,69,72,111,31,34,169,122,98,241,285,199,235,193,227,220,216,225,20,29,278,295,,,272,283,,,134,125,160,113,127,68,103,134,163,228,23,28,109,78,77,105,67,109,231,186,169,249,15,280,,300,,,b'\x11\xe8\xe1I\xd8\xdeRh\x98|\x12\xdf\x17\xaeN\x1e'
11E8E149-D8DE-5268-987C-12DF17AE4E1E,2019-ncaa-d2-conf-NSIC,ncaa,3,4,3,4,3,3,3,4,3,4,4,2,3,3,9,4,15,15,2,15,14,5,6,2,2,1,10,4,16,10,11,9,10,8,11,7,13,3,3,3,5,5,12,14,,,14,13,,,4,6,9,9,3,1,3,3,7,3,3,15,15,15,6,8,10,12,11,8,3,5,12,,12,,,4,7,8,10,7,9,10,5,5,5,9,5,13,13,12,13,11,9,11,7,8,5,10,4,14,11,10,13,11,12,11,5,7,3,3,2,2,2,14,12,,,13,14,,,4,11,2,7,4,7,5,4,9,8,6,3,12,12,12,6,8,9,8,9,6,5,2,11,,14,,,b'\x11\xe8\xe1I\xd8\xdeRh\x98|\x12\xdf\x17\xaeN\x1e'
11E8E149-D8DE-5268-987C-12DF17AE4E1E,2019-ncaa-d2-natl,ncaa,48,49,76,48,115,65,52,72,55,94,159,35,42,39,82,40,241,264,30,269,283,102,171,47,55,26,118,53,297,188,230,134,78,156,166,101,224,11,7,19,105,96,211,216,,,217,242,,,44,162,238,301,58,42,61,113,213,37,35,266,289,292,123,252,223,181,218,126,5,134,232,,186,,,43,120,92,104,127,106,136,108,114,102,191,113,223,186,269,182,192,109,132,125,156,123,193,134,241,86,78,224,230,173,166,92,113,108,81,74,6,4,252,258,,,237,268,,,44,148,32,107,45,70,54,35,68,74,96,73,182,149,149,42,50,63,173,111,72,133,2,240,,288,,,b'\x11\xe8\xe1I\xd8\xdeRh\x98|\x12\xdf\x17\xaeN\x1e'
11E8E149-D8DE-5268-987C-12DF17AE4E1E,2020-ncaa-d2-conf-NSIC,ncaa,3,2,3,3,3,2,4,2,7,4,3,11,2,5,2,10,4,3,7,2,9,2,3,6,6,2,4,5,10,4,8,6,9,5,10,6,12,1,1,2,4,4,10,11,,,14,10,,,2,4,7,8,3,2,3,5,3,2,7,4,5,6,3,6,5,11,9,9,1,5,12,,11,,,2,9,5,8,5,7,11,4,4,5,4,5,15,14,13,14,13,12,14,3,5,5,9,5,15,8,9,13,8,13,10,8,10,4,4,4,1,1,16,14,,,3,7,,,2,14,1,6,2,5,4,3,8,8,4,3,14,13,13,6,10,8,11,10,7,4,1,16,,9,,,b'\x11\xe8\xe1I\xd8\xdeRh\x98|\x12\xdf\x17\xaeN\x1e'
11E8E149-D8DE-5268-987C-12DF17AE4E1E,2020-ncaa-d2-natl,ncaa,11,37,1,34,2,10,15,13,66,26,26,121,20,35,16,128,19,34,48,32,130,11,35,49,43,13,75,75,150,108,220,43,83,56,173,35,180,12,1,6,89,140,197,237,,,280,228,,,32,24,214,112,31,45,75,104,126,44,98,64,110,109,74,220,197,173,195,104,1,166,241,,184,,,38,275,237,260,119,231,268,89,205,183,218,88,296,282,289,281,214,276,281,113,156,153,218,121,275,169,83,303,220,285,173,242,206,68,122,131,10,1,285,234,,,17,64,,,32,290,11,129,37,106,83,63,98,121,110,62,245,200,203,72,79,61,195,142,131,147,1,234,,112,,,b'\x11\xe8\xe1I\xd8\xdeRh\x98|\x12\xdf\x17\xaeN\x1e'
11E8E149-D8DE-5268-987C-12DF17AE4E1E,2021-ncaa-d2-conf-NSIC,ncaa,8,5,9,7,10,8,7,7,11,9,7,11,5,6,10,6,10,10,5,10,14,7,10,12,12,8,5,4,13,3,4,9,3,9,4,8,8,5,5,4,7,7,9,6,,,3,2,,,8,10,6,5,5,4,3,7,4,4,4,10,11,11,3,3,2,3,3,6,5,5,7,,2,,,7,7,6,7,7,4,4,9,12,11,10,15,5,5,14,5,5,6,7,10,9,9,14,15,6,4,3,7,4,8,4,12,16,8,9,14,3,4,11,12,,,12,14,,,8,7,6,8,7,8,8,11,6,3,13,14,8,5,5,7,9,4,10,8,16,7,3,12,,11,,,b'\x11\xe8\xe1I\xd8\xdeRh\x98|\x12\xdf\x17\xaeN\x1e'
11E8E149-D8DE-5268-987C-12DF17AE4E1E,2021-ncaa-d2-natl,ncaa,97,66,144,78,149,133,132,133,128,135,132,144,110,125,75,97,130,151,18,151,165,136,145,117,105,75,81,77,109,116,97,130,16,134,51,127,96,50,35,51,134,103,113,91,,,55,49,,,91,146,78,64,59,73,37,95,58,59,70,72,128,131,38,68,65,42,45,68,44,101,90,,52,,,84,81,77,82,95,70,76,77,117,100,183,168,79,62,223,62,84,76,72,121,141,156,184,191,119,37,16,87,97,68,51,124,205,163,160,200,37,19,137,153,,,155,168,,,91,81,72,117,86,145,129,150,83,105,187,172,127,74,73,138,106,24,154,91,190,164,24,190,,133,,,b'\x11\xe8\xe1I\xd8\xdeRh\x98|\x12\xdf\x17\xaeN\x1e'
11E8E149-D8DE-5268-987C-12DF17AE4E1E,2022-ncaa-d2-conf-NSIC,ncaa,6,5,9,5,10,10,10,7,13,7,6,15,11,14,9,15,7,7,6,7,10,7,8,14,14,12,11,14,5,6,5,12,4,10,6,9,7,7,6,8,4,4,11,12,,,11,14,,,7,9,5,11,8,8,5,7,3,15,14,6,7,6,4,4,5,12,10,8,7,2,12,,12,,,7,7,3,3,10,2,3,11,11,8,11,13,13,12,12,12,14,3,6,11,11,8,15,13,14,3,4,10,5,5,6,8,12,3,3,4,4,4,13,8,,,9,6,,,7,6,11,6,7,4,3,3,4,1,12,8,13,12,12,3,7,3,12,7,6,2,5,12,,5,,,b'\x11\xe8\xe1I\xd8\xdeRh\x98|\x12\xdf\x17\xaeN\x1e'
11E8E149-D8DE-5268-987C-12DF17AE4E1E,2022-ncaa-d2-natl,ncaa,129,119,196,128,216,157,148,165,132,137,125,170,177,210,88,212,163,193,50,187,227,172,193,143,137,123,189,181,174,206,211,187,32,205,143,167,188,74,92,117,111,82,234,212,,,149,234,,,139,186,106,224,108,98,97,91,76,155,197,142,187,176,106,151,196,158,194,154,96,100,230,,191,,,139,119,98,66,214,74,42,223,181,162,203,233,179,149,242,154,257,68,84,230,241,211,252,215,214,18,32,144,211,72,143,124,181,164,124,143,72,90,237,224,,,183,146,,,139,108,140,167,149,168,137,57,89,39,215,209,215,183,189,77,95,22,196,108,147,141,94,261,,145,,,b'\x11\xe8\xe1I\xd8\xdeRh\x98|\x12\xdf\x17\xaeN\x1e'
11E8E149-D8DE-5268-987C-12DF17AE4E1E,2023-ncaa-d2-conf-NSIC,ncaa,14,13,13,14,13,16,15,15,13,15,13,15,13,14,11,12,15,14,14,14,15,15,15,14,16,16,11,6,15,15,15,12,11,13,14,15,10,9,14,14,12,12,13,13,,,2,6,,,15,15,12,1,16,15,13,15,10,12,14,15,14,14,15,14,14,9,12,13,12,11,13,,6,,,15,7,8,5,9,9,5,11,7,8,5,10,4,4,6,4,8,5,5,9,9,10,6,8,5,8,11,9,15,8,14,8,8,12,10,12,5,11,14,15,,,16,14,,,15,4,16,13,15,10,11,11,11,9,8,11,6,7,5,11,8,11,14,11,10,12,8,15,,16,,,b'\x11\xe8\xe1I\xd8\xdeRh\x98|\x12\xdf\x17\xaeN\x1e'
11E8E149-D8DE-5268-987C-12DF17AE4E1E,2023-ncaa-d2-natl,ncaa,241,250,148,249,149,242,219,205,225,218,198,225,173,162,174,124,271,275,193,273,265,223,239,219,236,223,179,110,248,286,291,158,91,238,255,247,242,96,171,215,249,250,242,255,,,59,68,,,262,202,222,35,267,247,232,236,204,174,164,280,281,279,263,270,285,149,264,257,115,254,244,,61,,,259,150,182,141,227,208,133,250,136,161,108,181,61,63,159,57,70,125,93,215,201,228,63,140,52,67,91,226,291,171,255,154,103,232,230,225,67,130,247,276,,,254,237,,,262,106,263,215,257,183,226,181,234,154,157,179,75,67,64,143,90,84,269,202,166,235,90,267,,269,,,b'\x11\xe8\xe1I\xd8\xdeRh\x98|\x12\xdf\x17\xaeN\x1e'
11E8E149-D8DE-5268-987C-12DF17AE4E1E,2024-ncaa-d2-conf-NSIC,ncaa,10,12,5,11,6,10,10,10,12,12,12,9,12,7,14,4,10,10,11,10,8,11,10,13,13,14,9,7,10,13,12,11,9,12,11,12,11,14,14,14,5,7,12,11,,,6,5,,,12,7,10,4,15,15,15,14,12,12,7,12,12,11,14,12,13,12,13,13,13,6,11,,6,,,12,13,13,9,12,9,6,10,11,10,12,10,4,6,5,6,4,8,9,13,13,9,9,11,4,3,9,12,12,11,11,11,9,5,4,8,12,13,12,15,,,10,10,,,12,10,14,9,11,9,10,8,10,5,11,10,4,5,5,5,5,4,8,8,10,4,12,12,,11,,,b'\x11\xe8\xe1I\xd8\xdeRh\x98|\x12\xdf\x17\xaeN\x1e'
11E8E149-D8DE-5268-987C-12DF17AE4E1E,2024-ncaa-d2-natl,ncaa,216,212,207,220,223,251,241,250,199,237,254,159,192,169,216,82,274,273,192,269,238,255,267,186,209,210,167,106,251,279,276,219,70,260,232,239,211,72,180,199,212,186,222,214,,,39,97,,,241,249,232,111,263,238,243,239,240,175,134,276,276,274,269,271,277,184,265,234,124,205,217,,67,,,236,76,119,64,231,116,81,209,161,102,242,174,34,34,133,34,59,51,40,233,213,227,115,200,43,31,70,144,276,78,232,109,117,245,205,220,132,213,235,283,,,253,168,,,241,51,240,213,236,158,192,132,176,125,200,150,50,53,54,96,56,46,224,135,159,220,166,261,,239,,,b'\x11\xe8\xe1I\xd8\xdeRh\x98|\x12\xdf\x17\xaeN\x1e'
11E8E149-D8DE-5268-987C-12DF17AE4E1E,2025-ncaa-d2-conf-NSIC,genius_ncaa,5,5,4,5,8,5,5,9,4,6,8,5,1,7,1,7,4,4,3,4,4,8,8,2,2,3,2,4,4,12,12,6,5,8,8,5,5,10,9,3,8,7,11,13,,,12,12,,12,5,4,3,15,5,5,11,8,10,1,7,3,4,4,9,9,13,6,10,5,10,8,13,,13,,12,5,13,13,12,10,9,6,7,12,11,12,10,9,12,2,12,13,12,12,9,9,10,11,11,7,6,5,5,12,5,8,13,12,8,7,11,3,4,9,11,,,5,4,,6,5,12,5,9,5,11,11,10,8,7,11,11,8,12,13,11,13,4,4,5,10,7,4,7,,5,,6,b'\x11\xe8\xe1I\xd8\xdeRh\x98|\x12\xdf\x17\xaeN\x1e'
11E8E149-D8DE-5268-987C-12DF17AE4E1E,2025-ncaa-d2-natl,genius_ncaa,132,141,109,139,158,58,80,143,40,142,171,90,27,85,2,93,73,107,23,105,74,132,143,17,13,18,28,42,139,255,254,107,52,174,150,73,101,89,91,53,186,204,263,274,,,179,162,,131,112,110,91,272,32,50,150,160,210,16,92,56,113,108,141,191,273,101,215,66,80,205,275,,163,,124,112,248,258,210,230,223,167,242,260,247,220,233,134,132,173,133,125,207,173,248,238,260,172,230,67,66,52,159,254,111,150,254,192,213,241,259,78,61,156,188,,,116,100,,125,112,199,35,226,107,235,248,224,208,138,251,247,120,119,123,207,151,50,137,94,240,236,59,155,,121,,128,b'\x11\xe8\xe1I\xd8\xdeRh\x98|\x12\xdf\x17\xaeN\x1e'
11E8E149-D8DE-5268-987C-12DF17AE4E1E,2026-ncaa-d2-conf-NSIC,genius_ncaa,3,1,14,1,16,14,11,14,3,11,12,5,10,12,5,8,15,16,3,16,16,14,16,2,3,2,12,7,15,12,11,14,11,16,10,8,6,1,2,1,11,3,14,14,,,2,5,,5,2,16,5,11,2,2,2,2,4,5,6,14,15,15,4,9,11,3,6,5,2,3,14,,5,,11,2,1,1,1,2,1,1,10,6,8,3,15,1,2,1,2,5,1,2,4,2,3,10,12,1,5,11,2,11,2,10,1,3,14,5,5,1,1,12,14,,,15,5,,4,2,1,2,5,2,5,6,10,3,4,9,14,1,3,3,8,10,12,6,11,4,6,1,15,,4,,1,b'\x11\xe8\xe1I\xd8\xdeRh\x98|\x12\xdf\x17\xaeN\x1e'
11E8E149-D8DE-5268-987C-12DF17AE4E1E,2026-ncaa-d2-natl,genius_ncaa,30,53,59,59,84,43,39,94,19,49,98,40,38,88,31,131,93,105,89,112,162,94,108,17,19,20,136,105,214,161,202,52,86,89,114,42,107,125,68,37,103,139,164,175,,,165,94,,225,62,94,122,88,34,33,116,64,146,51,120,117,145,157,122,175,217,56,124,55,71,135,186,,91,,202,75,213,220,216,164,170,155,191,267,275,184,272,86,120,41,109,106,203,198,202,175,169,212,264,32,168,86,189,202,176,114,198,124,119,169,177,93,54,204,192,,,99,118,,111,62,205,28,152,74,169,189,201,118,83,261,273,50,71,55,165,152,127,119,124,175,167,57,187,,142,,146,b'\x11\xe8\xe1I\xd8\xdeRh\x98|\x12\xdf\x17\xaeN\x1e'
11E8E149-D8E2-81C6-987C-12DF17AE4E1E,2018-ncaa-d2-conf-PSAC,ncaa,10,10,6,10,6,7,7,7,12,6,5,12,10,10,13,10,5,7,4,7,12,7,5,13,11,10,13,12,6,4,6,5,14,3,8,15,16,13,9,15,11,11,4,4,,,17,16,,,9,6,8,6,8,8,7,8,5,10,11,7,7,7,8,6,4,4,3,15,9,11,4,,17,,,9,15,7,14,3,4,13,3,15,16,11,13,17,17,8,17,16,14,13,3,3,4,17,14,17,17,14,10,6,16,8,13,17,9,13,12,13,9,15,15,,,6,11,,,9,11,10,10,9,8,5,11,2,8,13,15,16,17,17,16,14,17,9,14,11,9,10,16,,8,,,b'\x11\xe8\xe1I\xd8\xe2\x81\xc6\x98|\x12\xdf\x17\xaeN\x1e'
11E8E149-D8E2-81C6-987C-12DF17AE4E1E,2018-ncaa-d2-natl,ncaa,161,179,105,178,138,130,126,116,175,106,85,175,192,193,196,218,98,122,74,127,195,120,120,193,173,166,214,230,93,89,90,109,223,104,141,250,301,188,152,255,229,258,69,61,,,288,293,,,190,124,121,226,141,137,106,102,86,215,214,96,134,135,121,117,89,107,94,278,170,247,72,,294,,,188,225,123,199,64,87,158,52,220,221,180,172,299,291,163,292,293,239,210,84,120,168,291,190,297,253,223,166,90,210,141,221,265,185,228,221,245,228,286,264,,,134,176,,,190,188,164,200,187,199,109,184,69,139,208,211,294,293,293,244,202,244,134,192,207,208,228,293,,151,,,b'\x11\xe8\xe1I\xd8\xe2\x81\xc6\x98|\x12\xdf\x17\xaeN\x1e'
11E8E149-D8E2-81C6-987C-12DF17AE4E1E,2019-ncaa-d2-conf-PSAC,ncaa,11,9,13,9,14,9,11,8,15,10,9,13,12,10,13,11,3,3,6,3,5,7,11,14,14,7,8,12,2,5,6,10,11,9,10,17,17,2,2,13,14,16,10,10,,,17,17,,,13,13,6,6,5,7,4,8,5,9,7,3,2,2,1,3,4,9,4,17,3,15,10,,18,,,12,13,5,8,9,4,3,10,17,13,14,16,16,16,14,16,16,10,6,14,13,15,18,15,16,10,11,13,6,11,10,11,13,16,15,13,2,1,17,17,,,11,6,,,13,5,6,15,11,17,11,13,7,8,18,18,16,16,16,15,14,12,16,16,13,13,1,17,,3,,,b'\x11\xe8\xe1I\xd8\xe2\x81\xc6\x98|\x12\xdf\x17\xaeN\x1e'
11E8E149-D8E2-81C6-987C-12DF17AE4E1E,2019-ncaa-d2-natl,ncaa,166,184,118,177,163,89,107,79,184,83,63,144,201,143,266,211,33,44,106,46,95,65,103,215,183,114,209,257,33,102,169,150,250,130,238,279,308,45,22,210,196,240,173,179,,,292,284,,,222,100,61,213,69,89,37,59,48,211,151,16,26,29,23,72,94,166,121,294,26,210,175,,303,,,216,293,244,222,191,200,180,187,271,256,231,206,300,294,258,291,284,255,228,215,247,265,270,207,283,263,250,271,169,275,238,272,226,168,225,244,26,22,303,292,,,100,136,,,222,214,102,270,207,286,238,248,194,166,266,254,304,294,294,278,258,253,274,272,262,179,31,301,,82,,,b'\x11\xe8\xe1I\xd8\xe2\x81\xc6\x98|\x12\xdf\x17\xaeN\x1e'
11E8E149-D8E2-81C6-987C-12DF17AE4E1E,2020-ncaa-d2-conf-PSAC,ncaa,15,15,13,15,16,14,15,11,15,12,5,15,17,16,18,15,5,3,14,3,3,7,13,15,15,16,14,16,3,9,13,6,13,7,11,17,18,2,2,17,18,18,12,12,,,15,16,,,16,13,6,8,12,14,6,8,3,17,14,3,2,2,5,6,6,4,4,17,3,18,12,,17,,,16,15,9,13,6,5,5,6,18,15,14,14,18,18,9,18,18,15,9,9,9,16,18,17,15,17,13,14,13,16,11,12,14,18,18,18,2,2,12,10,,,6,4,,,16,6,15,18,16,17,13,16,7,10,18,18,18,18,18,18,14,18,15,18,14,18,3,12,,4,,,b'\x11\xe8\xe1I\xd8\xe2\x81\xc6\x98|\x12\xdf\x17\xaeN\x1e'
11E8E149-D8E2-81C6-987C-12DF17AE4E1E,2020-ncaa-d2-natl,ncaa,223,254,102,239,131,153,179,130,225,106,55,229,276,259,278,282,24,29,112,26,61,91,124,254,221,184,229,291,12,116,173,77,249,88,212,296,311,89,58,271,276,300,111,126,,,251,223,,,267,139,157,159,176,206,151,113,46,285,276,18,26,23,93,150,123,67,85,307,70,294,114,,250,,,258,286,244,257,135,192,207,133,275,281,197,211,303,295,222,292,276,279,220,161,186,274,285,215,276,298,249,247,173,288,212,222,158,283,308,291,98,88,263,225,,,77,57,,,267,175,181,290,261,278,222,263,161,181,267,276,304,295,294,288,219,296,240,279,208,298,83,256,,63,,,b'\x11\xe8\xe1I\xd8\xe2\x81\xc6\x98|\x12\xdf\x17\xaeN\x1e'
11E8E149-D8E2-81C6-987C-12DF17AE4E1E,2022-ncaa-d2-conf-PSAC,ncaa,12,12,12,12,13,14,14,12,13,14,14,9,14,12,15,6,14,11,14,11,11,13,13,13,14,14,11,12,10,12,12,13,10,15,12,17,18,5,9,16,12,11,13,13,,,6,9,,,14,11,7,2,13,11,6,11,10,13,6,14,9,9,7,6,10,9,11,17,8,10,12,,10,,,14,10,11,5,12,11,5,17,7,9,5,13,10,10,10,9,12,6,6,12,12,16,8,8,10,5,10,8,12,5,12,13,14,11,10,14,7,10,10,10,,,10,4,,,14,8,14,16,14,14,14,13,15,11,11,13,13,13,12,14,15,10,12,11,15,10,11,11,,3,,,b'\x11\xe8\xe1I\xd8\xe2\x81\xc6\x98|\x12\xdf\x17\xaeN\x1e'
11E8E149-D8E2-81C6-987C-12DF17AE4E1E,2022-ncaa-d2-natl,ncaa,150,203,64,177,64,137,114,82,180,78,75,130,196,115,282,156,184,159,236,169,236,86,76,206,216,213,262,221,223,89,134,79,123,75,114,212,279,252,196,254,105,149,134,141,,,155,81,,,211,83,168,4,207,158,116,102,115,230,148,235,208,212,131,112,111,99,93,256,212,141,159,,102,,,205,228,217,227,146,196,154,215,223,275,50,257,195,182,195,176,166,220,222,156,162,164,183,190,143,197,123,216,134,208,114,254,237,96,145,190,231,183,191,148,,,94,154,,,211,222,221,151,201,169,168,182,148,84,184,252,157,143,137,175,181,144,165,156,226,137,199,162,,131,,,b'\x11\xe8\xe1I\xd8\xe2\x81\xc6\x98|\x12\xdf\x17\xaeN\x1e'
11E8E149-D8E2-81C6-987C-12DF17AE4E1E,2023-ncaa-d2-conf-PSAC,ncaa,12,10,14,12,14,12,11,6,15,11,7,15,8,7,13,9,13,16,10,16,18,7,10,15,15,15,11,7,17,5,7,13,8,7,10,16,18,5,5,13,2,1,18,14,,,6,8,,,13,12,4,8,11,10,2,10,5,8,5,13,16,16,3,3,1,6,3,16,9,2,18,,13,,,14,6,6,5,10,4,1,17,11,14,4,18,2,1,17,1,3,4,6,12,9,10,9,14,5,5,8,13,7,11,10,11,16,8,5,12,5,5,15,14,,,15,15,,,13,7,13,10,14,12,12,12,8,2,13,16,3,2,2,10,13,8,16,14,14,5,7,17,,10,,,b'\x11\xe8\xe1I\xd8\xe2\x81\xc6\x98|\x12\xdf\x17\xaeN\x1e'
11E8E149-D8E2-81C6-987C-12DF17AE4E1E,2023-ncaa-d2-natl,ncaa,112,118,110,117,135,126,106,57,226,116,61,236,108,95,157,139,196,199,156,201,269,69,68,225,227,201,169,115,225,51,118,105,160,82,174,172,253,171,119,192,48,62,212,226,,,175,131,,,155,86,54,208,129,112,19,133,54,107,85,209,214,218,34,47,53,105,56,208,159,52,229,,160,,,153,179,217,213,171,214,139,246,200,263,44,259,64,53,224,50,56,184,209,174,157,126,100,192,39,193,160,263,118,248,174,245,232,70,87,157,180,117,281,269,,,122,199,,,155,203,187,127,161,174,215,233,206,126,195,264,62,48,48,190,220,187,277,257,240,74,165,288,,122,,,b'\x11\xe8\xe1I\xd8\xe2\x81\xc6\x98|\x12\xdf\x17\xaeN\x1e'
11E8E149-D8E2-81C6-987C-12DF17AE4E1E,2024-ncaa-d2-conf-PSAC,ncaa,17,17,13,17,13,18,18,17,17,17,18,15,13,8,14,5,17,17,14,16,9,17,17,16,17,17,8,8,6,16,16,18,17,18,18,14,6,10,16,15,13,14,18,18,,,1,2,,,18,17,16,3,17,18,16,17,16,13,8,17,16,15,17,15,15,18,18,14,13,13,18,,1,,,18,13,18,7,18,18,5,18,15,11,16,14,1,1,5,1,1,4,3,18,18,18,2,13,1,10,17,10,16,10,18,18,15,17,16,18,15,16,9,15,,,18,16,,,18,2,17,18,18,16,18,13,18,10,17,14,1,1,1,12,8,14,15,16,18,17,15,13,,18,,,b'\x11\xe8\xe1I\xd8\xe2\x81\xc6\x98|\x12\xdf\x17\xaeN\x1e'
11E8E149-D8E2-81C6-987C-12DF17AE4E1E,2024-ncaa-d2-natl,ncaa,283,284,248,285,254,286,286,277,284,284,282,247,256,215,288,81,262,266,184,263,139,280,281,281,283,281,127,165,102,281,275,288,263,289,292,273,157,93,244,255,250,220,292,296,,,18,67,,,291,276,265,123,294,294,289,286,281,245,156,259,253,248,292,284,270,294,296,273,177,232,296,,47,,,290,110,212,47,295,232,76,297,102,67,234,151,11,13,151,13,21,32,24,293,288,288,13,122,8,91,263,132,275,103,292,254,241,250,192,280,132,246,211,289,,,278,212,,,291,23,288,289,295,235,280,162,286,169,174,130,20,16,17,93,63,165,254,226,286,204,189,255,,270,,,b'\x11\xe8\xe1I\xd8\xe2\x81\xc6\x98|\x12\xdf\x17\xaeN\x1e'
11E8E149-D8E2-81C6-987C-12DF17AE4E1E,2025-ncaa-d2-conf-PSAC,genius_ncaa,15,14,16,15,16,16,16,17,14,16,17,14,9,8,11,4,15,16,11,16,10,17,17,13,14,14,4,4,10,16,16,14,14,15,14,14,10,5,16,13,16,15,10,10,,,2,3,,10,15,17,14,2,15,16,16,16,16,7,6,14,15,15,16,13,16,8,12,13,13,15,9,,6,,12,15,6,8,5,12,5,5,8,15,9,17,12,1,2,5,2,4,4,2,14,12,15,10,16,2,12,14,6,16,7,14,14,16,17,16,17,11,16,7,14,,,16,15,,14,15,1,14,15,15,13,14,15,11,13,16,15,3,5,5,15,13,15,13,15,16,16,16,10,,16,,12,b'\x11\xe8\xe1I\xd8\xe2\x81\xc6\x98|\x12\xdf\x17\xaeN\x1e'
11E8E149-D8E2-81C6-987C-12DF17AE4E1E,2025-ncaa-d2-natl,genius_ncaa,233,236,207,238,207,215,223,232,197,230,235,195,146,151,147,108,208,221,133,220,148,236,224,184,178,201,91,94,149,176,170,180,248,189,209,173,81,180,242,189,231,230,91,88,,,65,66,,118,241,229,224,5,217,220,223,238,231,132,130,196,208,210,227,180,148,126,142,141,220,218,67,,97,,145,240,153,173,153,203,157,165,168,188,137,262,145,85,102,52,105,101,134,113,211,181,215,128,194,72,250,248,108,170,163,209,249,255,227,222,261,252,282,168,245,,,252,224,,172,241,81,204,245,236,221,237,247,214,229,223,183,113,143,145,240,193,265,168,233,264,204,272,215,,242,,161,b'\x11\xe8\xe1I\xd8\xe2\x81\xc6\x98|\x12\xdf\x17\xaeN\x1e'
11E8E149-D8E2-81C6-987C-12DF17AE4E1E,2026-ncaa-d2-conf-PSAC,genius_ncaa,2,1,3,1,3,9,4,7,2,4,10,2,10,4,14,3,14,16,1,16,16,10,11,5,7,3,15,11,16,9,5,5,2,6,4,9,11,1,1,1,8,7,8,7,,,5,9,,2,2,15,13,1,8,2,5,3,9,10,3,14,16,16,8,9,7,4,4,8,1,8,8,,7,,2,1,1,1,5,1,2,5,1,1,7,1,10,10,8,12,7,11,5,2,1,1,1,7,2,16,2,2,4,5,4,4,3,15,15,14,11,1,1,4,5,,,16,16,,16,2,4,3,1,1,1,1,6,2,5,1,8,11,9,8,6,3,2,5,4,4,15,1,5,,16,,16,b'\x11\xe8\xe1I\xd8\xe2\x81\xc6\x98|\x12\xdf\x17\xaeN\x1e'
11E8E149-D8E2-81C6-987C-12DF17AE4E1E,2026-ncaa-d2-natl,genius_ncaa,157,144,141,167,145,168,133,140,125,136,149,131,123,133,122,120,260,251,235,247,279,167,183,121,168,137,210,104,285,210,239,141,188,173,220,119,105,66,70,65,216,227,36,63,,,114,103,,183,184,172,167,29,145,87,68,111,114,108,105,286,277,269,119,169,216,89,166,88,75,222,32,,123,,202,185,146,171,175,148,196,234,78,111,66,235,27,86,90,150,87,24,159,132,128,106,161,51,100,75,175,188,184,239,176,220,186,195,222,257,262,68,79,8,7,,,258,288,,213,184,126,152,183,184,188,221,260,249,282,118,44,95,100,94,251,185,216,246,238,230,237,83,5,,288,,217,b'\x11\xe8\xe1I\xd8\xe2\x81\xc6\x98|\x12\xdf\x17\xaeN\x1e'
11E8E149-D8E6-DBD6-987C-12DF17AE4E1E,2018-ncaa-d2-conf-CCAA,ncaa,8,9,5,9,6,8,4,5,3,2,1,8,13,13,4,13,12,12,11,12,13,6,7,8,8,9,13,13,13,7,4,8,6,7,4,3,2,9,9,4,5,4,7,7,,,9,11,,,9,9,9,4,11,4,8,1,1,13,13,12,12,12,8,7,7,9,8,2,8,3,7,,10,,,9,6,4,4,8,4,4,7,12,9,12,10,7,7,4,7,10,4,4,9,9,9,11,11,9,3,6,1,4,3,4,9,11,4,5,9,7,8,5,2,,,10,10,,,9,5,7,9,9,7,5,2,3,4,11,10,9,8,8,3,5,5,2,3,9,6,8,4,,12,,,b'\x11\xe8\xe1I\xd8\xe6\xdb\xd6\x98|\x12\xdf\x17\xaeN\x1e'
11E8E149-D8E6-DBD6-987C-12DF17AE4E1E,2018-ncaa-d2-natl,ncaa,161,164,148,170,161,187,140,190,82,84,68,153,286,305,69,306,237,223,218,226,289,198,191,147,159,185,304,294,235,146,55,211,152,186,64,66,17,188,228,90,89,61,195,175,,,218,271,,,151,207,224,74,202,123,199,50,37,289,306,244,225,232,230,198,130,233,194,41,204,75,198,,238,,,151,79,61,71,131,37,62,84,203,134,273,194,176,176,149,170,236,77,88,168,179,142,282,258,226,99,152,20,55,28,64,132,226,133,88,124,199,237,26,15,,,197,171,,,151,93,174,142,156,109,64,48,40,43,211,147,198,194,188,57,85,112,15,31,147,114,213,35,,199,,,b'\x11\xe8\xe1I\xd8\xe6\xdb\xd6\x98|\x12\xdf\x17\xaeN\x1e'
11E8E149-D8E6-DBD6-987C-12DF17AE4E1E,2019-ncaa-d2-conf-CCAA,ncaa,7,9,5,9,8,9,11,13,7,12,13,6,5,7,6,5,8,6,11,6,1,13,7,6,6,10,4,4,7,13,12,7,5,8,6,7,3,12,13,10,13,12,9,10,,,10,11,,,10,7,7,12,12,12,13,13,13,5,7,11,6,6,13,12,13,5,9,7,13,13,10,,10,,,10,6,3,7,2,2,5,2,11,11,11,9,8,7,6,7,8,6,6,4,4,9,12,12,10,6,5,1,12,1,6,9,10,12,12,13,13,13,6,9,,,5,3,,,10,7,12,9,10,4,4,6,2,6,11,9,6,7,7,7,4,6,1,2,8,13,12,6,,6,,,b'\x11\xe8\xe1I\xd8\xe6\xdb\xd6\x98|\x12\xdf\x17\xaeN\x1e'
11E8E149-D8E6-DBD6-987C-12DF17AE4E1E,2019-ncaa-d2-natl,ncaa,183,160,227,182,250,262,272,276,213,268,276,201,216,208,206,139,183,141,254,143,25,269,254,213,203,240,94,147,52,260,240,155,121,225,139,244,136,225,279,256,256,242,203,186,,,167,249,,,188,240,171,225,264,275,286,269,263,192,181,143,95,95,272,221,258,71,163,231,262,251,192,,227,,,190,28,24,90,24,21,75,21,150,161,127,228,124,155,81,138,195,89,69,34,34,82,277,254,229,112,121,44,240,57,139,121,270,261,245,230,249,284,98,190,,,167,56,,,188,66,262,82,195,76,53,169,36,123,209,231,179,199,186,178,137,158,95,125,162,247,270,128,,101,,,b'\x11\xe8\xe1I\xd8\xe6\xdb\xd6\x98|\x12\xdf\x17\xaeN\x1e'
11E8E149-D8E6-DBD6-987C-12DF17AE4E1E,2020-ncaa-d2-conf-CCAA,ncaa,7,7,5,7,7,10,10,11,8,11,12,6,8,11,7,7,8,10,4,10,8,11,12,7,7,8,7,6,7,10,6,3,1,8,3,9,9,9,10,10,12,11,10,10,,,10,11,,,9,11,11,7,11,11,12,10,11,8,10,9,10,10,12,12,9,3,6,10,10,12,11,,10,,,9,1,1,4,4,5,7,4,2,2,3,3,7,8,4,7,7,4,2,3,3,4,3,3,9,1,1,2,6,2,3,4,5,13,11,7,8,11,5,7,,,11,5,,,9,4,10,4,8,3,4,6,6,7,2,3,7,8,8,3,1,1,3,2,4,12,8,5,,11,,,b'\x11\xe8\xe1I\xd8\xe6\xdb\xd6\x98|\x12\xdf\x17\xaeN\x1e'
11E8E149-D8E6-DBD6-987C-12DF17AE4E1E,2020-ncaa-d2-natl,ncaa,131,140,102,137,131,202,207,234,159,206,191,194,170,208,96,178,149,184,94,176,145,230,209,164,157,185,124,153,88,193,145,89,18,135,42,216,197,202,233,220,218,206,258,265,,,213,267,,,127,208,265,159,228,242,277,238,230,181,228,159,196,191,275,264,208,78,140,236,185,234,267,,200,,,128,63,71,111,61,98,157,49,74,69,131,80,124,146,60,147,145,114,89,61,57,86,129,118,185,29,18,66,145,40,42,43,46,217,192,107,157,180,45,51,,,186,137,,,127,116,188,65,119,43,50,73,74,132,69,54,106,138,138,57,31,17,40,21,33,246,148,35,,218,,,b'\x11\xe8\xe1I\xd8\xe6\xdb\xd6\x98|\x12\xdf\x17\xaeN\x1e'
11E8E149-D8E6-DBD6-987C-12DF17AE4E1E,2022-ncaa-d2-conf-CCAA,ncaa,6,8,2,7,4,8,9,9,4,9,9,5,6,7,7,4,2,3,3,2,1,9,8,5,4,6,3,6,1,11,9,3,5,9,7,6,1,12,11,9,6,6,2,3,,,4,2,,,7,8,12,8,11,11,12,11,12,8,10,2,5,4,12,12,12,7,12,9,9,7,3,,1,,,7,5,5,8,3,5,8,2,10,7,9,7,3,3,1,3,2,6,5,3,2,3,6,10,2,6,5,5,9,5,7,9,10,6,8,10,10,9,9,11,,,5,3,,,7,6,8,4,6,1,3,3,3,4,5,4,1,2,2,1,2,6,4,4,6,10,9,6,,8,,,b'\x11\xe8\xe1I\xd8\xe6\xdb\xd6\x98|\x12\xdf\x17\xaeN\x1e'
11E8E149-D8E6-DBD6-987C-12DF17AE4E1E,2022-ncaa-d2-natl,ncaa,187,203,146,199,179,227,246,250,201,256,261,178,182,178,190,104,129,124,204,116,11,235,214,189,175,212,59,122,38,205,169,143,147,167,123,187,64,226,265,229,148,135,154,144,,,68,94,,,193,215,252,224,266,275,293,277,287,187,170,125,111,103,284,256,211,128,185,207,233,150,158,,72,,,190,67,80,123,68,56,108,44,196,166,221,204,43,64,36,66,87,109,99,97,62,88,226,261,62,151,147,69,169,95,123,124,196,183,157,163,216,254,109,217,,,156,77,,,193,94,234,102,185,56,74,117,44,93,209,179,37,64,72,85,72,153,57,98,125,179,226,109,,158,,,b'\x11\xe8\xe1I\xd8\xe6\xdb\xd6\x98|\x12\xdf\x17\xaeN\x1e'
11E8E149-D8E6-DBD6-987C-12DF17AE4E1E,2023-ncaa-d2-conf-CCAA,ncaa,6,5,5,6,5,6,8,9,7,6,6,8,10,12,10,11,5,5,6,5,6,7,7,8,7,8,10,11,2,6,4,5,2,6,4,7,2,8,9,8,4,4,6,5,,,5,7,,,6,7,8,2,9,10,10,5,5,11,12,5,5,5,8,6,5,2,4,6,8,4,6,,7,,,6,2,2,7,2,4,6,3,4,5,7,5,2,4,3,4,5,7,7,4,3,4,6,6,6,3,2,5,4,3,4,5,5,7,6,5,8,9,11,10,,,6,6,,,6,7,7,3,6,3,3,4,4,6,4,5,5,6,6,4,5,3,4,5,5,6,9,11,,8,,,b'\x11\xe8\xe1I\xd8\xe6\xdb\xd6\x98|\x12\xdf\x17\xaeN\x1e'
11E8E149-D8E6-DBD6-987C-12DF17AE4E1E,2023-ncaa-d2-natl,ncaa,102,118,68,111,93,145,150,137,183,109,83,170,212,188,226,225,78,56,194,54,91,115,76,211,196,211,208,240,51,66,82,46,106,47,61,134,117,264,226,206,56,67,75,76,,,219,174,,,107,94,151,165,203,210,217,157,119,249,234,94,69,68,174,127,86,30,37,171,227,72,86,,171,,,108,103,103,207,29,106,192,47,117,196,29,152,147,180,27,182,157,208,214,34,23,37,157,147,168,205,106,176,82,186,61,65,77,108,140,73,260,231,216,183,,,84,102,,,107,206,206,37,110,49,51,156,63,143,97,163,101,153,152,154,159,168,113,135,48,137,240,194,,104,,,b'\x11\xe8\xe1I\xd8\xe6\xdb\xd6\x98|\x12\xdf\x17\xaeN\x1e'
11E8E149-D8E6-DBD6-987C-12DF17AE4E1E,2024-ncaa-d2-conf-CCAA,ncaa,6,7,5,7,5,8,9,11,9,11,11,9,4,4,4,3,5,9,3,9,4,11,10,7,5,6,1,2,4,9,9,6,4,9,9,5,1,5,9,4,6,5,12,11,,,2,5,,,7,12,12,4,9,11,12,12,12,4,5,7,10,10,11,12,9,10,10,5,5,6,12,,2,,,7,2,3,4,8,7,7,9,1,4,1,5,2,2,9,2,3,3,3,6,7,6,1,1,6,4,4,7,9,6,9,5,5,9,9,8,9,10,8,11,,,8,4,,,7,4,6,6,6,2,4,2,7,6,2,2,4,3,3,1,2,4,7,4,5,10,9,8,,8,,,b'\x11\xe8\xe1I\xd8\xe6\xdb\xd6\x98|\x12\xdf\x17\xaeN\x1e'
11E8E149-D8E6-DBD6-987C-12DF17AE4E1E,2024-ncaa-d2-natl,ncaa,115,151,50,134,55,101,137,88,207,185,117,250,63,86,43,122,53,65,90,56,58,81,85,162,151,130,32,63,65,82,140,66,149,70,146,52,17,159,112,68,84,105,230,262,,,170,100,,,132,85,208,100,161,209,186,256,194,77,119,84,103,93,165,189,120,123,124,64,107,116,262,,94,,,134,196,210,222,116,211,214,138,153,190,61,146,154,170,88,175,119,226,229,114,98,112,100,129,119,222,149,238,140,242,146,233,209,109,143,171,189,154,263,264,,,54,71,,,132,223,126,118,125,94,123,141,140,141,101,137,97,111,115,135,122,171,173,174,175,159,146,245,,94,,,b'\x11\xe8\xe1I\xd8\xe6\xdb\xd6\x98|\x12\xdf\x17\xaeN\x1e'
11E8E149-D8E6-DBD6-987C-12DF17AE4E1E,2025-ncaa-d2-conf-CCAA,genius_ncaa,5,5,3,5,3,6,6,6,6,5,7,5,9,5,9,6,4,4,2,4,4,6,6,9,6,6,7,10,2,8,9,7,10,7,10,6,7,8,6,5,2,2,4,5,,,11,11,,6,6,6,8,11,6,7,9,7,8,10,7,4,4,4,9,9,8,9,11,7,5,2,5,,11,,5,6,4,4,6,3,4,9,1,5,6,9,3,10,11,1,11,8,8,9,3,2,2,8,5,10,12,10,9,9,11,10,7,6,2,2,3,10,8,6,7,,,4,4,,12,6,8,7,3,6,3,3,4,3,6,4,4,11,11,11,4,5,10,6,9,5,3,9,4,,6,,12,b'\x11\xe8\xe1I\xd8\xe6\xdb\xd6\x98|\x12\xdf\x17\xaeN\x1e'
11E8E149-D8E6-DBD6-987C-12DF17AE4E1E,2025-ncaa-d2-natl,genius_ncaa,107,131,72,123,95,150,166,118,232,133,96,221,206,155,269,201,59,58,114,55,84,104,99,246,221,209,167,237,28,113,149,135,262,118,226,187,187,198,169,207,22,28,91,112,,,275,259,,245,129,91,156,167,211,232,172,174,127,242,190,63,73,73,147,143,133,198,180,224,167,27,107,,253,,227,130,110,82,188,30,86,210,7,130,125,163,83,222,251,22,253,212,209,239,31,34,22,231,146,237,281,262,209,149,268,226,143,216,40,55,56,217,193,177,144,,,74,85,,158,129,210,211,42,129,60,39,104,45,169,99,79,190,219,224,131,196,262,167,228,112,56,192,156,,80,,181,b'\x11\xe8\xe1I\xd8\xe6\xdb\xd6\x98|\x12\xdf\x17\xaeN\x1e'
11E8E149-D8EB-31CC-987C-12DF17AE4E1E,2018-ncaa-d2-conf-RMAC,ncaa,9,9,5,9,5,8,9,10,6,14,14,6,1,1,2,1,12,13,2,13,8,10,12,4,3,2,1,1,13,15,14,13,10,14,12,9,3,1,2,3,11,10,15,15,,,2,1,,,9,10,14,2,9,9,10,14,15,1,1,12,13,13,11,15,15,13,14,6,1,11,15,,1,,,9,6,13,10,12,13,7,13,10,10,5,12,1,1,1,1,2,9,6,12,10,11,3,10,1,3,10,3,14,4,12,12,9,12,13,14,3,7,9,12,,,11,9,,,9,7,5,11,9,9,12,12,8,8,11,11,1,1,1,6,2,4,7,6,12,14,4,9,,11,,,b'\x11\xe8\xe1I\xd8\xeb1\xcc\x98|\x12\xdf\x17\xaeN\x1e'
11E8E149-D8EB-31CC-987C-12DF17AE4E1E,2018-ncaa-d2-natl,ncaa,146,132,206,141,208,210,216,259,131,284,303,121,46,51,59,10,251,271,56,273,113,271,296,70,73,43,10,8,239,302,304,268,116,296,260,164,78,5,27,30,250,209,299,298,,,8,26,,,128,282,301,27,191,219,275,289,303,21,23,243,271,275,285,307,307,264,305,137,6,249,300,,5,,,126,41,86,75,181,90,51,251,132,185,50,284,7,8,62,8,28,45,28,188,130,189,74,225,9,36,116,56,304,37,260,129,180,284,259,264,21,86,70,241,,,244,64,,,128,33,92,174,112,78,146,118,140,57,167,232,6,8,8,52,15,45,95,64,172,282,38,97,,237,,,b'\x11\xe8\xe1I\xd8\xeb1\xcc\x98|\x12\xdf\x17\xaeN\x1e'
11E8E149-D8EB-31CC-987C-12DF17AE4E1E,2019-ncaa-d2-conf-RMAC,ncaa,13,12,11,13,16,15,15,15,13,16,16,14,5,5,4,4,16,16,14,16,6,16,16,11,13,13,3,2,10,12,12,16,13,15,12,11,4,14,14,12,4,2,12,12,,,2,2,,,13,16,15,14,14,15,14,15,16,5,5,16,16,16,16,14,11,16,15,8,14,2,12,,2,,,13,2,6,2,13,9,4,13,1,3,6,4,1,1,14,1,2,1,1,13,11,7,1,3,2,9,13,1,12,3,12,7,10,9,4,8,8,13,6,15,,,16,12,,,13,1,13,10,13,4,10,6,11,9,5,5,2,2,1,4,3,10,4,7,9,7,10,10,,16,,,b'\x11\xe8\xe1I\xd8\xeb1\xcc\x98|\x12\xdf\x17\xaeN\x1e'
11E8E149-D8EB-31CC-987C-12DF17AE4E1E,2019-ncaa-d2-natl,ncaa,194,145,287,184,298,301,301,305,237,305,303,259,139,176,71,36,293,296,147,296,125,305,303,178,185,219,15,14,193,294,253,298,116,301,205,256,46,58,263,194,181,47,274,255,,,7,10,,,188,304,300,267,289,295,302,308,305,86,100,271,279,277,307,301,283,281,298,202,177,109,269,,6,,,196,9,17,9,184,26,16,172,35,27,185,182,8,7,299,7,13,7,7,180,161,150,68,197,19,12,116,8,253,7,205,32,177,274,115,172,75,259,57,267,,,301,220,,,188,7,245,131,209,37,83,39,104,73,105,82,15,8,7,15,10,39,57,43,121,215,186,121,,292,,,b'\x11\xe8\xe1I\xd8\xeb1\xcc\x98|\x12\xdf\x17\xaeN\x1e'
11E8E149-D8EB-31CC-987C-12DF17AE4E1E,2020-ncaa-d2-conf-RMAC,ncaa,6,6,6,6,6,3,3,3,5,12,10,11,1,3,3,2,15,15,10,14,15,5,4,2,6,4,4,2,16,3,2,2,1,2,1,4,4,5,4,3,10,10,12,13,,,2,2,,,5,9,9,1,2,1,1,8,8,1,3,15,15,15,5,4,3,1,1,3,5,9,12,,2,,,5,7,12,11,10,14,13,11,4,7,4,7,1,1,16,1,1,8,3,8,6,9,1,3,2,1,1,8,2,3,1,4,2,14,13,9,4,5,12,11,,,14,16,,,5,8,3,8,5,7,11,13,14,16,4,8,1,1,1,10,6,2,8,4,6,14,5,11,,15,,,b'\x11\xe8\xe1I\xd8\xeb1\xcc\x98|\x12\xdf\x17\xaeN\x1e'
11E8E149-D8EB-31CC-987C-12DF17AE4E1E,2020-ncaa-d2-natl,ncaa,159,124,257,141,259,215,202,228,147,273,285,180,36,63,35,17,302,303,198,303,288,258,278,91,136,108,26,7,308,151,111,151,8,157,36,168,119,23,69,72,253,183,263,256,,,12,36,,,93,291,285,24,147,125,106,252,262,17,25,305,303,303,172,223,107,37,43,115,54,229,256,,10,,,87,27,52,44,118,97,83,150,43,63,45,156,12,7,302,8,7,22,13,99,79,144,31,113,25,9,8,64,111,19,36,30,34,294,253,176,15,33,131,240,,,302,300,,,93,21,96,102,82,63,120,140,156,160,78,127,12,6,7,69,20,13,146,62,55,291,27,176,,303,,,b'\x11\xe8\xe1I\xd8\xeb1\xcc\x98|\x12\xdf\x17\xaeN\x1e'
11E8E149-D8EB-31CC-987C-12DF17AE4E1E,2021-ncaa-d2-conf-RMAC,ncaa,7,8,4,7,5,6,5,4,2,7,6,3,3,3,1,2,9,10,4,10,11,6,4,2,2,5,4,2,14,6,5,8,5,7,5,5,6,13,13,8,4,4,9,11,,,10,5,,,6,4,4,9,6,3,8,11,13,2,5,11,14,14,11,8,8,8,8,5,11,4,11,,5,,,6,12,13,10,8,13,11,9,3,3,6,1,9,10,4,10,5,10,10,8,8,5,1,1,5,6,5,8,5,7,5,12,6,6,7,6,13,10,12,12,,,7,13,,,6,11,7,4,5,5,6,8,13,12,1,1,5,5,6,7,8,4,2,1,7,6,10,11,,12,,,b'\x11\xe8\xe1I\xd8\xeb1\xcc\x98|\x12\xdf\x17\xaeN\x1e'
11E8E149-D8EB-31CC-987C-12DF17AE4E1E,2021-ncaa-d2-natl,ncaa,83,135,82,98,93,97,92,105,67,114,120,95,37,59,12,40,154,160,82,156,195,115,101,46,58,95,54,21,215,107,88,110,74,112,67,93,131,165,188,144,53,44,133,180,,,124,116,,,79,99,137,121,125,109,151,159,186,30,68,209,219,219,175,162,139,168,169,121,167,55,173,,81,,,83,121,130,123,131,152,145,98,78,87,113,31,103,112,62,117,57,118,123,109,92,88,31,49,80,93,74,106,88,97,67,128,75,93,97,98,161,166,180,199,,,125,191,,,79,128,105,75,79,61,90,63,140,144,37,20,60,70,74,56,56,54,21,17,77,120,146,174,,208,,,b'\x11\xe8\xe1I\xd8\xeb1\xcc\x98|\x12\xdf\x17\xaeN\x1e'
11E8E149-D8EB-31CC-987C-12DF17AE4E1E,2022-ncaa-d2-conf-RMAC,ncaa,11,10,8,11,11,8,9,8,11,12,12,11,2,4,6,2,10,12,4,12,9,9,10,9,8,9,2,2,8,11,11,9,7,9,9,9,6,7,7,8,11,12,10,10,,,4,4,,,12,9,4,13,7,10,8,11,12,2,2,8,10,11,9,10,11,9,10,9,7,11,10,,4,,,11,12,13,11,12,14,12,13,8,3,11,3,5,5,11,5,3,9,7,12,11,13,3,3,3,6,7,3,11,4,9,10,6,13,13,13,12,11,10,11,,,13,13,,,12,7,8,12,11,12,13,13,15,14,10,3,7,6,6,14,8,6,5,7,11,11,12,10,,11,,,b'\x11\xe8\xe1I\xd8\xeb1\xcc\x98|\x12\xdf\x17\xaeN\x1e'
11E8E149-D8EB-31CC-987C-12DF17AE4E1E,2022-ncaa-d2-natl,ncaa,215,264,64,237,92,141,168,124,226,232,207,243,45,42,97,32,131,174,56,169,131,131,109,182,170,183,11,19,147,161,167,155,172,159,173,155,133,236,205,209,194,240,154,206,,,149,99,,,262,98,166,170,217,248,198,282,272,49,48,180,215,212,218,200,199,241,238,206,186,233,178,,100,,,248,266,276,240,257,285,248,237,181,141,225,79,193,182,184,187,99,242,202,247,240,272,55,91,95,171,172,147,167,152,173,198,51,216,263,241,270,255,249,265,,,144,193,,,262,205,197,268,246,244,258,210,270,238,138,97,155,143,146,209,129,128,81,95,142,257,243,229,,220,,,b'\x11\xe8\xe1I\xd8\xeb1\xcc\x98|\x12\xdf\x17\xaeN\x1e'
11E8E149-D8EB-31CC-987C-12DF17AE4E1E,2023-ncaa-d2-conf-RMAC,ncaa,11,11,7,11,7,9,11,7,15,12,9,15,4,5,1,6,12,10,14,9,11,8,5,12,13,13,4,2,11,5,5,7,7,6,5,9,8,14,12,12,12,13,13,13,,,7,5,,,13,6,4,1,6,8,6,11,8,2,3,12,11,11,6,2,5,6,5,9,14,13,13,,8,,,13,14,14,14,13,14,14,13,4,3,6,2,14,14,8,14,7,14,9,11,11,15,2,2,8,5,7,5,5,4,5,4,1,11,12,8,15,12,7,5,,,10,12,,,13,10,12,13,13,15,15,13,15,15,5,4,14,14,14,15,13,5,5,7,7,11,15,7,,11,,,b'\x11\xe8\xe1I\xd8\xeb1\xcc\x98|\x12\xdf\x17\xaeN\x1e'
11E8E149-D8EB-31CC-987C-12DF17AE4E1E,2023-ncaa-d2-natl,ncaa,256,279,110,267,114,156,172,123,237,225,163,269,60,78,49,70,201,182,227,177,165,131,102,187,207,216,33,25,207,92,97,122,101,110,96,167,174,234,211,224,237,254,269,284,,,196,195,,,252,113,126,36,193,202,114,264,196,51,71,216,199,196,132,98,97,138,115,205,219,250,279,,189,,,248,247,246,199,252,264,216,252,117,138,114,92,247,262,79,257,210,218,165,222,222,261,74,64,182,109,101,135,97,127,96,78,6,246,271,186,268,248,111,108,,,144,181,,,252,184,214,253,249,259,254,213,266,222,112,125,243,251,250,242,156,100,106,95,84,264,263,93,,155,,,b'\x11\xe8\xe1I\xd8\xeb1\xcc\x98|\x12\xdf\x17\xaeN\x1e'
11E8E149-D8EB-31CC-987C-12DF17AE4E1E,2024-ncaa-d2-conf-RMAC,ncaa,11,11,7,11,9,10,9,9,9,8,6,11,9,11,5,12,13,14,8,14,14,10,9,10,13,11,10,7,14,8,6,9,3,8,5,8,8,10,10,8,10,10,15,15,,,4,5,,,12,10,11,7,11,9,6,8,5,8,12,13,14,14,11,10,9,10,9,8,10,11,15,,5,,,12,12,13,9,13,13,9,14,8,6,11,6,5,5,5,5,5,8,5,13,13,13,4,7,4,1,3,2,6,1,5,3,1,12,12,9,11,10,11,9,,,14,14,,,12,5,11,12,12,10,13,9,13,9,9,6,5,5,6,6,4,1,2,2,4,13,10,11,,14,,,b'\x11\xe8\xe1I\xd8\xeb1\xcc\x98|\x12\xdf\x17\xaeN\x1e'
11E8E149-D8EB-31CC-987C-12DF17AE4E1E,2024-ncaa-d2-natl,ncaa,229,264,117,243,141,191,169,150,185,181,139,218,127,158,85,143,262,272,120,272,288,182,185,161,187,191,163,84,273,156,112,184,48,176,77,162,154,143,169,154,218,221,284,292,,,98,125,,,265,202,237,150,228,191,177,200,153,134,172,278,284,284,231,228,163,211,209,177,136,235,291,,78,,,256,235,241,146,273,224,143,269,227,167,265,175,140,122,244,121,122,145,83,277,275,293,136,186,75,28,48,66,112,44,77,75,15,273,280,240,209,231,166,166,,,266,286,,,265,107,183,277,254,225,241,147,230,126,218,164,126,106,109,136,35,22,39,20,72,289,200,165,,288,,,b'\x11\xe8\xe1I\xd8\xeb1\xcc\x98|\x12\xdf\x17\xaeN\x1e'
11E8E149-D8EB-31CC-987C-12DF17AE4E1E,2025-ncaa-d2-conf-RMAC,genius_ncaa,10,10,11,10,15,13,13,12,14,14,10,15,11,10,7,9,14,14,8,14,12,12,13,14,14,13,9,2,13,3,2,11,4,9,5,7,2,6,7,6,11,9,8,7,,,3,8,,4,11,15,11,9,13,12,6,14,5,10,8,13,13,13,5,7,2,8,5,2,8,10,7,,5,,8,11,5,4,2,12,10,5,12,1,2,2,3,6,7,7,7,8,3,1,9,9,12,2,1,8,2,4,3,2,2,5,2,2,15,11,11,9,9,11,11,,,14,12,,12,11,2,11,9,11,8,9,6,12,10,1,5,8,9,9,7,4,3,7,5,5,12,10,11,,13,,11,b'\x11\xe8\xe1I\xd8\xeb1\xcc\x98|\x12\xdf\x17\xaeN\x1e'
11E8E149-D8EB-31CC-987C-12DF17AE4E1E,2025-ncaa-d2-natl,genius_ncaa,216,236,162,227,188,206,193,148,253,206,162,258,130,114,165,102,255,270,86,267,278,165,175,235,242,221,110,80,244,117,104,180,53,153,90,120,59,122,162,130,264,268,170,188,,,96,142,,98,260,201,205,185,235,212,107,235,144,119,102,263,277,277,161,167,98,175,135,113,152,270,164,,104,,110,250,195,219,144,263,266,191,272,66,82,77,73,184,144,267,150,116,138,79,232,241,279,27,45,151,33,53,134,104,73,90,146,80,274,281,272,167,197,129,152,,,257,270,,219,260,108,213,256,252,215,242,166,272,224,63,78,187,154,156,165,64,38,146,85,169,284,187,154,,273,,223,b'\x11\xe8\xe1I\xd8\xeb1\xcc\x98|\x12\xdf\x17\xaeN\x1e'
11E8E149-D8EB-31CC-987C-12DF17AE4E1E,2026-ncaa-d2-conf-RMAC,genius_ncaa,1,1,2,1,6,7,8,11,5,9,13,1,9,3,11,4,2,2,5,2,1,10,12,4,2,2,6,8,2,15,15,11,15,15,15,8,9,3,2,3,7,9,4,4,,,4,3,,8,3,10,10,5,7,9,13,9,15,8,3,2,2,2,12,14,15,13,15,9,2,9,4,,3,,8,3,4,7,9,3,8,10,7,2,7,1,5,7,7,10,6,4,7,10,3,3,3,2,2,9,13,15,5,15,10,15,3,3,6,5,5,1,1,5,10,,,3,1,,3,3,6,4,3,4,3,6,9,7,10,2,5,6,6,5,6,9,14,4,11,2,5,1,5,,2,,5,b'\x11\xe8\xe1I\xd8\xeb1\xcc\x98|\x12\xdf\x17\xaeN\x1e'
11E8E149-D8EB-31CC-987C-12DF17AE4E1E,2026-ncaa-d2-natl,genius_ncaa,157,196,59,188,67,110,126,128,151,169,168,156,66,75,98,77,99,100,135,90,71,127,145,118,124,90,52,77,119,231,242,206,260,229,268,107,91,92,64,77,133,171,164,168,,,165,123,,127,191,127,257,51,165,196,222,232,253,88,96,124,138,126,215,270,271,286,294,139,42,186,186,,91,,107,190,213,189,187,177,168,149,199,220,231,164,229,218,205,240,191,213,190,173,199,212,235,224,197,192,223,260,146,242,176,268,223,227,166,201,237,64,47,229,269,,,69,37,,57,191,165,130,247,202,169,135,120,110,70,204,207,189,168,154,124,78,198,68,124,205,222,27,224,,96,,77,b'\x11\xe8\xe1I\xd8\xeb1\xcc\x98|\x12\xdf\x17\xaeN\x1e'
11E8E149-D8EF-7034-987C-12DF17AE4E1E,2018-ncaa-d2-conf-GAC,ncaa,5,5,6,5,7,8,10,12,6,11,11,3,5,6,3,3,4,5,3,5,1,12,12,2,1,2,2,2,2,11,10,7,5,10,6,5,1,5,6,2,12,12,12,12,,,2,4,,,5,12,12,6,8,11,12,11,11,5,6,4,4,4,12,12,11,7,10,3,5,12,12,,2,,,5,2,6,5,9,8,6,9,2,4,4,5,2,1,6,1,2,3,1,9,7,9,3,4,2,2,5,2,10,2,6,6,7,12,12,11,3,5,6,9,,,5,1,,,5,2,4,8,5,4,7,4,7,7,2,4,1,1,1,3,1,2,2,2,7,12,4,6,,5,,,b'\x11\xe8\xe1I\xd8\xefp4\x98|\x12\xdf\x17\xaeN\x1e'
11E8E149-D8EF-7034-987C-12DF17AE4E1E,2018-ncaa-d2-natl,ncaa,146,164,105,159,122,124,170,222,97,234,271,94,66,79,61,42,58,89,27,87,5,193,207,65,43,48,17,50,41,253,249,109,72,175,133,104,47,84,122,76,303,307,294,299,,,108,135,,,139,192,252,166,130,207,287,274,295,55,82,48,88,83,261,281,277,107,216,106,64,308,302,,80,,,139,193,202,183,176,158,149,159,230,202,229,209,120,97,234,92,99,162,115,195,186,249,195,238,97,95,72,116,249,104,133,190,153,267,281,271,109,156,209,285,,,75,7,,,139,127,73,233,135,161,177,160,133,127,224,196,103,86,82,140,57,75,87,74,167,286,98,197,,63,,,b'\x11\xe8\xe1I\xd8\xefp4\x98|\x12\xdf\x17\xaeN\x1e'
11E8E149-D8EF-7034-987C-12DF17AE4E1E,2019-ncaa-d2-conf-GAC,ncaa,6,6,5,6,5,8,9,10,2,11,12,4,2,4,1,1,7,8,4,8,1,10,11,1,2,2,1,1,7,12,12,5,8,10,12,5,2,3,6,2,12,12,11,12,,,4,4,,,7,10,11,4,8,9,10,12,12,2,4,7,7,7,11,12,12,3,10,5,3,12,11,,3,,,7,7,6,9,5,5,7,5,9,10,6,9,2,2,7,2,2,9,6,6,3,8,5,10,4,9,8,9,12,9,12,7,7,11,11,10,4,7,6,9,,,6,1,,,7,3,4,8,7,7,7,10,5,7,9,9,3,3,3,8,6,11,8,9,7,11,3,6,,6,,,b'\x11\xe8\xe1I\xd8\xefp4\x98|\x12\xdf\x17\xaeN\x1e'
11E8E149-D8EF-7034-987C-12DF17AE4E1E,2019-ncaa-d2-natl,ncaa,166,123,260,147,271,228,258,290,113,297,302,145,58,94,18,14,206,230,76,233,11,290,297,45,38,53,1,6,137,305,310,205,117,289,280,189,71,23,136,94,288,278,296,297,,,36,103,,,164,274,208,105,159,233,287,297,308,18,43,138,171,176,286,293,311,82,287,140,62,280,298,,98,,,165,48,74,78,130,48,53,124,229,196,212,275,26,27,157,25,77,60,41,163,144,216,236,285,56,80,117,116,310,89,280,91,141,289,273,251,35,152,57,253,,,184,5,,,164,43,123,209,160,172,188,229,119,120,273,270,57,55,51,179,115,144,245,213,163,272,85,99,,69,,,b'\x11\xe8\xe1I\xd8\xefp4\x98|\x12\xdf\x17\xaeN\x1e'
11E8E149-D8EF-7034-987C-12DF17AE4E1E,2020-ncaa-d2-conf-GAC,ncaa,1,1,1,1,1,1,3,7,1,6,9,1,2,3,1,2,4,10,1,9,7,7,7,1,1,1,3,3,9,12,12,1,1,7,6,1,2,5,6,2,8,8,10,11,,,7,6,,,1,4,6,7,4,3,8,6,12,3,5,7,11,11,11,12,12,2,8,1,4,9,10,,5,,,1,8,7,10,3,6,9,4,7,10,4,6,5,6,8,6,3,10,8,3,3,7,6,7,5,2,1,9,12,6,6,5,6,8,10,8,9,6,4,5,,,2,2,,,1,10,1,5,1,3,4,7,6,6,6,8,5,3,3,6,4,1,4,2,4,10,6,3,,5,,,b'\x11\xe8\xe1I\xd8\xefp4\x98|\x12\xdf\x17\xaeN\x1e'
11E8E149-D8EF-7034-987C-12DF17AE4E1E,2020-ncaa-d2-natl,ncaa,47,46,102,48,119,60,71,183,21,140,245,28,31,78,7,53,96,197,1,194,116,190,204,11,4,8,50,48,180,303,308,33,12,175,121,36,46,102,132,38,221,234,230,247,,,190,184,,,67,119,137,88,42,53,222,154,271,29,77,96,219,215,235,259,310,16,189,29,83,237,244,,164,,,62,180,152,194,87,117,164,72,223,218,188,194,203,182,200,184,173,196,156,105,106,168,247,231,191,39,12,157,308,103,121,129,115,217,237,182,139,161,137,207,,,76,19,,,67,200,41,124,65,145,122,177,103,143,211,202,185,169,170,178,124,29,137,72,114,246,135,132,,61,,,b'\x11\xe8\xe1I\xd8\xefp4\x98|\x12\xdf\x17\xaeN\x1e'
11E8E149-D8EF-7034-987C-12DF17AE4E1E,2021-ncaa-d2-conf-GAC,ncaa,2,8,1,4,1,2,3,3,2,5,9,2,2,2,1,2,4,5,1,5,5,4,3,2,2,3,3,2,8,11,12,1,3,4,8,2,4,9,8,5,8,11,10,11,,,9,7,,,4,2,11,6,8,8,12,10,12,3,7,10,10,10,12,12,12,4,11,7,4,12,11,,2,,,5,10,11,12,2,10,11,4,9,11,3,9,6,6,4,7,2,12,11,4,3,3,6,7,1,10,3,10,12,11,8,11,9,5,9,10,9,8,12,12,,,2,2,,,4,11,6,2,3,1,3,4,5,5,5,8,1,1,1,4,3,5,5,3,7,11,3,6,,8,,,b'\x11\xe8\xe1I\xd8\xefp4\x98|\x12\xdf\x17\xaeN\x1e'
11E8E149-D8EF-7034-987C-12DF17AE4E1E,2021-ncaa-d2-natl,ncaa,35,112,30,65,36,48,54,84,37,86,105,58,22,43,8,52,53,78,17,79,77,83,80,22,16,30,27,36,124,191,225,26,62,74,168,45,86,170,148,83,123,202,164,216,,,174,110,,,83,49,153,91,115,124,209,166,214,43,99,122,175,178,216,219,226,46,200,104,67,205,213,,88,,,93,173,183,195,87,178,190,95,173,195,68,141,118,124,88,125,30,189,180,89,68,99,72,125,34,170,62,180,225,183,168,184,113,85,181,170,174,146,192,193,,,29,10,,,83,182,84,97,80,83,123,144,120,127,111,145,29,32,34,120,82,85,109,90,122,188,105,137,,76,,,b'\x11\xe8\xe1I\xd8\xefp4\x98|\x12\xdf\x17\xaeN\x1e'
11E8E149-D8EF-7034-987C-12DF17AE4E1E,2022-ncaa-d2-conf-GAC,ncaa,8,9,5,9,7,9,8,9,2,6,9,2,8,9,4,7,11,11,8,11,11,11,12,3,4,3,10,7,11,12,12,5,8,11,11,10,8,1,5,3,11,10,11,11,,,4,6,,,5,11,12,7,10,8,11,7,10,8,9,11,12,12,12,12,12,4,11,10,2,11,11,,4,,,5,2,3,5,3,3,4,6,7,11,1,10,4,5,5,5,8,5,2,3,3,3,10,10,6,6,8,5,12,6,11,6,11,9,8,9,3,8,2,4,,,9,1,,,5,2,8,3,5,2,3,3,3,3,7,9,5,4,4,4,1,6,5,7,6,8,5,2,,8,,,b'\x11\xe8\xe1I\xd8\xefp4\x98|\x12\xdf\x17\xaeN\x1e'
11E8E149-D8EF-7034-987C-12DF17AE4E1E,2022-ncaa-d2-natl,ncaa,174,225,64,195,91,112,99,140,60,91,135,61,123,151,94,146,175,186,117,187,220,143,175,67,79,65,196,152,230,287,299,76,151,171,260,143,217,57,63,82,198,241,200,208,,,211,182,,,159,124,233,157,166,130,233,121,204,145,187,226,236,235,249,285,299,90,249,193,32,239,215,,160,,,157,207,195,222,111,168,149,172,234,275,75,258,183,186,132,191,183,218,195,130,128,182,215,218,144,231,151,240,299,240,260,209,187,198,240,229,126,161,128,121,,,84,20,,,159,180,128,191,151,139,142,170,101,79,203,252,144,148,151,173,111,177,205,201,155,241,93,102,,114,,,b'\x11\xe8\xe1I\xd8\xefp4\x98|\x12\xdf\x17\xaeN\x1e'
11E8E149-D8EF-7034-987C-12DF17AE4E1E,2023-ncaa-d2-conf-GAC,ncaa,12,12,9,12,10,12,12,12,7,11,12,4,8,6,9,5,9,10,1,11,6,12,12,6,6,7,5,5,6,12,12,7,9,10,9,10,6,6,9,9,12,12,12,12,,,1,4,,,9,11,10,9,12,12,12,9,12,7,5,9,10,10,12,12,12,6,10,9,7,12,12,,3,,,9,2,4,5,5,2,2,8,9,10,3,10,1,2,2,2,6,4,3,6,6,5,7,10,2,7,9,6,12,6,9,10,10,11,9,11,9,12,4,10,,,8,3,,,9,2,10,6,9,3,7,8,6,3,9,10,3,4,4,7,5,9,7,8,10,9,12,7,,7,,,b'\x11\xe8\xe1I\xd8\xefp4\x98|\x12\xdf\x17\xaeN\x1e'
11E8E149-D8EF-7034-987C-12DF17AE4E1E,2023-ncaa-d2-natl,ncaa,241,250,148,249,177,204,217,245,130,229,270,100,147,143,140,73,161,214,18,214,107,253,263,106,88,114,72,102,107,292,295,160,212,259,277,190,127,67,174,155,228,228,289,291,,,97,115,,,217,223,243,208,231,244,287,250,282,135,130,155,212,212,289,295,296,159,283,203,95,230,292,,97,,,210,131,121,134,123,74,66,153,232,247,140,266,110,117,90,119,184,135,100,153,143,186,254,254,117,215,212,148,295,170,277,198,245,231,232,258,224,277,191,274,,,164,31,,,217,82,172,219,207,148,144,177,85,58,242,266,108,120,125,168,108,229,171,201,215,234,235,203,,135,,,b'\x11\xe8\xe1I\xd8\xefp4\x98|\x12\xdf\x17\xaeN\x1e'
11E8E149-D8EF-7034-987C-12DF17AE4E1E,2024-ncaa-d2-conf-GAC,ncaa,10,10,9,10,11,11,11,12,9,11,12,9,6,6,4,3,6,7,2,7,1,12,11,7,5,5,1,4,2,12,11,6,6,9,8,9,1,3,7,4,12,11,10,9,,,2,3,,,9,11,9,7,10,11,12,11,12,4,5,4,6,6,12,11,12,5,8,6,7,11,9,,4,,,9,3,4,5,5,5,4,6,10,9,10,10,2,2,3,2,4,3,2,7,6,9,8,10,2,4,6,5,11,6,8,8,10,12,10,12,1,6,3,6,,,6,1,,,9,2,7,10,9,7,8,9,6,5,10,10,4,4,3,8,5,6,8,8,11,10,4,3,,3,,,b'\x11\xe8\xe1I\xd8\xefp4\x98|\x12\xdf\x17\xaeN\x1e'
11E8E149-D8EF-7034-987C-12DF17AE4E1E,2024-ncaa-d2-natl,ncaa,201,212,172,208,178,200,256,257,223,274,276,219,120,127,107,59,56,104,18,107,7,241,244,169,119,131,9,62,9,278,278,128,113,205,219,199,74,113,196,182,269,272,199,188,,,92,116,,,204,221,217,67,211,280,291,290,291,98,104,30,82,82,272,268,281,76,217,202,142,275,197,,103,,,198,119,123,140,115,72,74,145,248,254,159,274,82,82,131,79,125,128,91,150,137,184,246,270,68,143,113,161,278,155,219,176,206,227,228,243,82,148,81,190,,,71,4,,,204,84,178,192,188,160,157,195,76,68,254,271,87,90,90,169,114,153,204,188,190,225,106,94,,29,,,b'\x11\xe8\xe1I\xd8\xefp4\x98|\x12\xdf\x17\xaeN\x1e'
11E8E149-D8EF-7034-987C-12DF17AE4E1E,2025-ncaa-d2-conf-GAC,genius_ncaa,3,4,1,4,1,2,4,4,4,4,8,3,2,2,4,4,2,2,1,2,2,2,3,3,1,3,3,4,3,12,12,2,4,5,9,4,3,11,8,4,4,4,8,10,,,8,2,,7,4,1,2,6,3,4,9,10,11,3,4,2,6,6,9,8,12,4,8,4,7,4,10,,3,,6,4,11,11,11,4,10,10,5,6,9,5,7,8,7,8,8,2,11,12,4,5,5,4,5,5,9,4,11,12,11,9,7,3,3,5,3,6,5,5,9,,,1,1,,2,4,12,4,3,4,6,6,7,8,7,6,5,3,2,2,6,8,6,9,7,5,4,5,4,,1,,3,b'\x11\xe8\xe1I\xd8\xefp4\x98|\x12\xdf\x17\xaeN\x1e'
11E8E149-D8EF-7034-987C-12DF17AE4E1E,2025-ncaa-d2-natl,genius_ncaa,56,95,25,78,27,55,81,76,115,127,148,105,41,37,73,60,42,98,3,103,96,81,101,87,55,46,43,70,86,223,260,84,119,141,221,90,145,102,73,79,118,170,149,182,,,219,138,,138,110,66,239,51,112,167,224,227,258,72,84,78,173,181,222,271,274,204,264,158,36,182,189,,103,,99,116,255,245,228,182,215,215,154,246,222,255,181,208,178,275,182,129,231,237,193,195,183,206,207,140,174,119,262,260,245,221,153,68,87,135,106,34,13,223,233,,,24,16,,14,110,239,79,172,111,125,125,76,100,90,196,138,122,87,92,66,67,87,152,122,79,164,11,166,,59,,15,b'\x11\xe8\xe1I\xd8\xefp4\x98|\x12\xdf\x17\xaeN\x1e'
11E8E149-D8EF-7034-987C-12DF17AE4E1E,2026-ncaa-d2-conf-GAC,genius_ncaa,11,11,1,11,1,6,7,3,11,6,9,5,5,2,10,2,5,7,2,7,7,4,5,11,11,7,6,5,7,10,12,5,9,7,12,6,6,3,2,4,8,11,9,9,,,9,8,,4,12,4,5,1,7,8,3,8,11,6,2,7,8,8,5,7,11,6,8,7,1,9,9,,9,,4,12,12,12,12,12,11,6,12,11,11,11,10,8,9,7,10,8,12,10,12,12,11,10,10,5,9,9,12,12,12,12,12,9,9,10,12,6,5,5,7,,,9,9,,2,12,10,11,11,12,12,12,11,11,5,11,11,8,9,10,11,10,9,12,12,12,9,5,5,,10,,2,b'\x11\xe8\xe1I\xd8\xefp4\x98|\x12\xdf\x17\xaeN\x1e'
11E8E149-D8EF-7034-987C-12DF17AE4E1E,2026-ncaa-d2-natl,genius_ncaa,157,239,13,202,27,26,29,39,76,79,106,72,6,11,58,35,49,88,21,84,120,43,48,42,30,30,29,36,176,157,252,33,200,69,228,24,73,174,66,38,129,236,58,100,,,292,271,,249,145,40,136,88,65,90,137,177,247,20,34,111,193,186,153,214,247,110,206,67,56,224,104,,266,,202,148,269,254,271,143,226,241,135,267,271,199,180,293,292,219,294,274,283,278,169,199,233,260,185,256,279,200,270,252,282,228,217,107,90,223,173,162,76,220,224,,,94,214,,19,145,267,49,244,135,233,156,182,123,122,221,210,283,274,277,228,197,229,188,216,135,205,71,184,,231,,43,b'\x11\xe8\xe1I\xd8\xefp4\x98|\x12\xdf\x17\xaeN\x1e'
11E8E149-D8F3-D688-987C-12DF17AE4E1E,2018-ncaa-d2-conf-GAC,ncaa,9,6,10,9,10,9,7,7,8,4,3,8,12,11,12,11,8,8,7,8,11,8,9,9,10,9,11,12,8,9,9,9,10,9,9,11,10,4,5,7,2,2,5,3,,,7,9,,,10,9,5,1,7,5,4,2,2,12,10,8,7,6,4,5,7,8,8,10,6,1,3,,10,,,10,6,3,4,6,4,3,7,6,5,8,7,11,11,9,11,11,5,5,6,8,8,11,6,10,11,10,8,9,8,9,8,8,5,4,4,6,4,1,1,,,12,11,,,10,4,9,9,11,10,6,8,5,6,8,7,12,11,12,10,10,11,11,11,9,3,6,1,,12,,,b'\x11\xe8\xe1I\xd8\xf3\xd6\x88\x98|\x12\xdf\x17\xaeN\x1e'
11E8E149-D8F3-D688-987C-12DF17AE4E1E,2018-ncaa-d2-natl,ncaa,225,245,148,236,157,145,128,117,177,93,77,157,233,203,259,231,156,173,124,172,240,125,150,202,202,175,269,256,156,177,246,179,241,184,270,179,235,99,86,155,75,75,65,46,,,239,229,,,233,125,85,68,134,108,62,59,40,241,213,141,162,159,75,104,182,185,188,180,108,57,57,,261,,,230,242,175,151,180,95,100,140,270,227,285,227,282,273,227,273,285,182,186,214,248,230,300,262,255,233,241,255,246,255,270,227,240,111,126,170,130,124,39,20,,,219,256,,,233,177,199,243,233,261,194,181,105,106,278,249,289,277,278,228,231,242,278,276,234,94,136,48,,226,,,b'\x11\xe8\xe1I\xd8\xf3\xd6\x88\x98|\x12\xdf\x17\xaeN\x1e'
11E8E149-D8F3-D688-987C-12DF17AE4E1E,2019-ncaa-d2-conf-GAC,ncaa,12,12,9,12,10,12,12,12,12,11,11,11,11,11,12,7,12,11,8,11,9,12,12,12,12,12,9,9,8,11,9,12,7,12,9,11,5,11,12,11,10,7,8,8,,,3,5,,,12,12,12,7,12,12,12,11,11,11,11,12,11,11,12,11,11,12,12,11,11,9,8,,4,,,12,5,7,3,12,10,4,12,2,2,9,3,5,6,1,6,7,2,1,12,12,12,3,2,6,1,7,1,9,1,9,8,9,12,10,12,10,12,5,5,,,12,10,,,12,1,12,12,12,8,10,3,11,4,3,3,5,6,6,3,1,1,2,1,9,12,11,5,,12,,,b'\x11\xe8\xe1I\xd8\xf3\xd6\x88\x98|\x12\xdf\x17\xaeN\x1e'
11E8E149-D8F3-D688-987C-12DF17AE4E1E,2019-ncaa-d2-natl,ncaa,298,298,227,299,241,294,292,291,262,285,288,226,242,217,265,101,260,256,187,255,115,294,277,256,251,281,117,142,102,266,218,296,129,295,209,268,144,232,297,283,249,181,252,232,,,81,232,,,294,271,281,113,299,303,305,290,283,234,185,250,238,235,303,281,265,307,304,271,268,229,250,,138,,,292,121,142,30,305,170,54,304,88,41,274,104,110,132,69,122,208,30,21,303,300,303,76,95,128,16,129,23,218,14,209,180,216,288,244,290,266,293,32,118,,,271,190,,,294,31,287,289,301,204,223,38,240,83,133,67,160,183,178,49,18,21,47,24,233,288,279,40,,259,,,b'\x11\xe8\xe1I\xd8\xf3\xd6\x88\x98|\x12\xdf\x17\xaeN\x1e'
11E8E149-D8F3-D688-987C-12DF17AE4E1E,2020-ncaa-d2-conf-GAC,ncaa,8,8,5,8,7,5,5,3,11,5,3,8,7,4,12,8,2,1,10,1,5,3,1,12,12,11,8,9,4,1,1,11,11,5,9,7,10,12,10,12,1,1,6,7,,,12,11,,,8,1,1,5,5,4,3,4,2,8,3,2,1,1,2,1,1,12,4,8,12,1,6,,12,,,8,10,11,7,12,12,10,11,2,1,6,2,10,12,3,12,10,8,12,11,11,5,2,2,7,10,11,11,1,11,9,10,7,1,1,1,12,11,10,8,,,3,11,,,8,11,10,6,9,11,10,6,12,11,2,2,11,11,11,9,12,10,11,10,10,1,12,9,,3,,,b'\x11\xe8\xe1I\xd8\xf3\xd6\x88\x98|\x12\xdf\x17\xaeN\x1e'
11E8E149-D8F3-D688-987C-12DF17AE4E1E,2020-ncaa-d2-natl,ncaa,112,124,102,119,117,63,80,23,229,86,46,205,101,49,232,136,31,16,223,17,51,17,5,225,217,230,109,164,66,6,12,228,286,61,152,126,202,310,242,249,2,3,145,185,,,303,265,,,140,8,3,65,45,68,9,85,37,108,43,26,16,16,5,3,6,270,48,133,306,2,155,,305,,,140,274,269,202,275,286,255,254,95,67,189,32,267,265,128,268,210,225,303,250,262,84,50,31,214,268,286,247,12,265,152,231,123,2,3,23,310,258,255,208,,,24,219,,,140,303,189,89,138,260,253,184,284,260,88,51,261,258,259,226,306,257,240,255,217,2,307,249,,22,,,b'\x11\xe8\xe1I\xd8\xf3\xd6\x88\x98|\x12\xdf\x17\xaeN\x1e'
11E8E149-D8F3-D688-987C-12DF17AE4E1E,2021-ncaa-d2-conf-GAC,ncaa,8,10,8,9,9,7,5,5,5,4,6,4,6,5,8,7,9,6,12,7,9,6,7,5,10,7,9,6,10,4,3,10,11,9,7,7,6,8,5,6,2,2,8,9,,,5,2,,,8,8,1,8,3,3,1,2,3,4,2,6,2,3,1,1,2,12,4,3,10,2,6,,7,,,8,6,9,5,12,12,10,12,3,3,4,1,3,3,6,3,1,5,5,12,12,9,1,1,2,7,11,7,3,7,7,6,3,4,2,2,8,7,5,4,,,8,10,,,8,6,4,10,7,12,12,10,12,12,1,1,6,6,5,9,12,10,10,9,11,2,11,10,,5,,,b'\x11\xe8\xe1I\xd8\xf3\xd6\x88\x98|\x12\xdf\x17\xaeN\x1e'
11E8E149-D8F3-D688-987C-12DF17AE4E1E,2021-ncaa-d2-natl,ncaa,159,156,144,172,156,101,94,100,86,83,96,74,100,93,135,118,120,91,197,100,124,99,105,96,116,103,158,125,162,43,27,164,203,123,140,98,142,108,66,84,45,25,116,168,,,97,53,,,127,115,3,121,5,6,4,8,15,50,29,47,14,16,3,3,7,163,33,31,187,6,98,,173,,,124,131,156,111,224,188,153,220,48,52,75,3,91,88,116,87,25,107,115,205,199,168,3,5,46,132,203,112,27,113,140,125,34,62,43,67,151,144,118,84,,,129,193,,,127,114,68,170,120,222,224,217,225,225,31,21,156,154,148,215,224,200,197,205,193,12,208,166,,30,,,b'\x11\xe8\xe1I\xd8\xf3\xd6\x88\x98|\x12\xdf\x17\xaeN\x1e'
11E8E149-D8F3-D688-987C-12DF17AE4E1E,2022-ncaa-d2-conf-GAC,ncaa,10,10,9,10,11,5,5,3,10,9,6,11,3,2,6,2,7,2,11,3,4,3,2,10,10,11,1,1,6,1,2,12,11,7,9,5,5,11,9,10,2,3,8,10,,,9,5,,,10,3,1,8,3,3,2,8,5,2,2,4,1,1,1,1,1,12,5,4,11,1,7,,11,,,10,10,11,7,12,12,9,12,2,2,8,3,7,7,8,7,3,7,9,12,12,11,1,1,4,7,11,9,2,8,9,9,4,2,2,4,11,10,11,10,,,6,10,,,10,9,10,11,11,11,11,11,12,12,4,3,8,8,8,10,12,10,12,11,11,1,11,11,,4,,,b'\x11\xe8\xe1I\xd8\xf3\xd6\x88\x98|\x12\xdf\x17\xaeN\x1e'
11E8E149-D8F3-D688-987C-12DF17AE4E1E,2022-ncaa-d2-natl,ncaa,150,161,146,161,178,51,63,34,182,111,73,205,20,21,78,64,52,29,217,29,47,30,24,148,154,147,30,46,132,15,34,211,243,93,184,98,189,251,126,172,17,24,177,227,,,264,193,,,178,40,3,223,10,18,4,92,47,9,11,25,15,15,4,4,9,253,56,74,248,11,178,,278,,,176,292,291,218,297,294,259,296,105,72,230,28,256,243,202,244,149,231,255,292,294,251,11,21,121,209,243,246,34,239,184,252,71,19,34,87,285,218,245,213,,,61,215,,,178,259,100,250,177,297,297,267,300,291,114,66,260,244,245,275,294,207,281,266,257,16,278,251,,20,,,b'\x11\xe8\xe1I\xd8\xf3\xd6\x88\x98|\x12\xdf\x17\xaeN\x1e'
11E8E149-D8F3-D688-987C-12DF17AE4E1E,2023-ncaa-d2-conf-GAC,ncaa,7,9,5,9,6,1,2,1,8,10,10,6,1,1,1,1,10,9,10,9,8,2,2,3,4,3,1,1,12,4,9,10,12,8,11,1,1,9,6,2,1,1,10,11,,,6,5,,,8,1,1,2,1,1,1,11,11,1,1,11,9,11,1,1,3,12,9,1,9,1,10,,6,,,8,12,12,9,12,12,12,12,2,1,9,1,8,7,10,7,5,8,12,12,12,12,1,1,5,10,12,12,9,12,11,12,5,1,1,5,11,6,3,7,,,11,12,,,8,12,4,12,8,12,12,10,12,12,3,1,8,7,7,11,12,10,11,12,12,1,11,3,,11,,,b'\x11\xe8\xe1I\xd8\xf3\xd6\x88\x98|\x12\xdf\x17\xaeN\x1e'
11E8E149-D8F3-D688-987C-12DF17AE4E1E,2023-ncaa-d2-natl,ncaa,207,206,197,211,200,78,94,82,146,256,281,119,4,4,33,2,223,208,209,214,75,101,106,43,73,68,1,1,285,128,200,282,273,252,290,45,20,116,96,43,36,31,262,285,,,126,81,,,182,108,14,26,13,27,8,266,285,1,1,197,185,193,12,17,91,291,249,12,168,23,264,,170,,,180,264,282,148,297,295,254,297,48,25,218,15,165,132,263,132,65,147,187,296,295,272,4,13,70,171,273,246,200,230,290,249,104,53,55,137,215,194,63,175,,,221,280,,,182,191,68,270,178,292,296,257,297,287,62,31,199,175,175,253,280,220,289,278,276,29,247,83,,203,,,b'\x11\xe8\xe1I\xd8\xf3\xd6\x88\x98|\x12\xdf\x17\xaeN\x1e'
11E8E149-D8F3-D688-987C-12DF17AE4E1E,2024-ncaa-d2-conf-GAC,ncaa,9,7,9,9,9,8,8,7,7,7,9,3,7,5,10,5,10,9,12,9,7,7,8,6,9,8,6,5,11,5,6,12,12,10,10,7,3,8,8,6,1,1,8,8,,,1,1,,,7,8,2,3,7,7,5,6,5,6,4,10,8,8,5,3,4,12,10,3,9,1,7,,1,,,7,6,11,2,12,11,6,12,2,1,6,5,1,1,12,1,1,2,4,12,12,6,1,4,1,7,12,6,6,8,10,12,8,2,1,4,10,10,5,4,,,11,12,,,7,4,8,7,8,9,12,7,12,8,5,4,1,1,1,2,8,9,9,10,12,1,10,5,,10,,,b'\x11\xe8\xe1I\xd8\xf3\xd6\x88\x98|\x12\xdf\x17\xaeN\x1e'
11E8E149-D8F3-D688-987C-12DF17AE4E1E,2024-ncaa-d2-natl,ncaa,172,165,207,174,227,162,159,179,124,169,204,98,127,118,163,91,207,141,280,142,85,176,168,120,145,155,126,107,204,126,105,282,276,257,251,153,140,174,191,167,15,6,194,195,,,23,15,,,139,189,77,130,105,96,89,126,160,95,73,166,99,99,81,67,83,295,255,104,212,6,186,,37,,,138,84,184,56,290,234,120,290,56,48,155,99,16,11,274,11,12,39,108,281,265,119,8,63,18,149,276,109,105,115,251,184,152,18,5,39,187,197,146,177,,,218,237,,,139,99,144,123,142,172,252,111,275,177,76,57,19,9,9,45,209,189,188,195,231,9,218,176,,178,,,b'\x11\xe8\xe1I\xd8\xf3\xd6\x88\x98|\x12\xdf\x17\xaeN\x1e'
11E8E149-D8F3-D688-987C-12DF17AE4E1E,2025-ncaa-d2-conf-GAC,genius_ncaa,7,7,5,7,5,6,6,8,6,7,9,4,6,6,8,5,4,4,5,4,4,8,8,4,5,5,5,5,4,10,10,9,5,10,8,7,8,6,6,5,6,5,4,5,,,11,10,,11,8,6,7,3,6,6,8,6,9,6,5,4,5,5,8,9,11,8,10,8,6,7,4,,11,,11,8,10,8,6,10,8,5,10,10,8,9,8,10,6,11,7,7,6,5,10,9,10,9,8,6,4,5,4,10,3,8,7,5,8,9,8,4,6,3,3,,,6,5,,11,8,6,6,8,8,9,9,6,7,5,9,9,9,6,7,8,5,5,5,4,7,8,4,3,,5,,11,b'\x11\xe8\xe1I\xd8\xf3\xd6\x88\x98|\x12\xdf\x17\xaeN\x1e'
11E8E149-D8F3-D688-987C-12DF17AE4E1E,2025-ncaa-d2-natl,genius_ncaa,160,159,162,166,167,175,174,230,79,172,218,86,133,170,60,129,181,207,64,212,149,232,250,69,61,76,105,116,152,242,189,232,148,245,156,189,181,64,141,137,168,119,81,44,,,120,216,,228,153,246,287,37,181,179,274,183,242,127,172,170,217,223,274,286,249,254,269,190,72,162,73,,138,,232,154,104,82,73,169,41,47,135,237,186,273,241,144,92,297,94,185,72,57,210,223,231,284,268,172,79,148,34,189,42,156,70,92,233,191,162,24,51,124,202,,,220,135,,272,153,58,94,221,157,127,94,47,44,29,245,202,153,100,107,50,31,84,36,44,82,235,28,143,,233,,282,b'\x11\xe8\xe1I\xd8\xf3\xd6\x88\x98|\x12\xdf\x17\xaeN\x1e'
11E8E149-D8F3-D688-987C-12DF17AE4E1E,2026-ncaa-d2-conf-GAC,genius_ncaa,7,3,11,7,11,12,12,11,12,12,11,10,12,12,12,9,11,11,5,11,9,12,11,12,12,12,10,10,3,11,6,12,8,12,9,12,12,2,8,12,3,1,5,1,,,3,7,,4,7,12,4,1,12,11,5,7,3,12,8,6,7,7,7,3,6,12,11,12,9,1,1,,8,,9,7,1,1,1,4,1,1,10,1,1,1,11,1,1,1,1,10,1,2,4,4,1,4,6,6,1,8,1,6,1,9,2,2,6,1,1,4,6,3,3,,,12,12,,10,7,2,12,1,7,2,1,1,3,1,3,7,4,4,4,1,9,2,7,2,2,2,7,3,,11,,10,b'\x11\xe8\xe1I\xd8\xf3\xd6\x88\x98|\x12\xdf\x17\xaeN\x1e'
11E8E149-D8F3-D688-987C-12DF17AE4E1E,2026-ncaa-d2-natl,genius_ncaa,65,98,59,100,84,77,74,87,98,82,71,150,85,118,64,177,91,77,181,74,134,81,114,100,114,61,152,136,158,97,127,70,64,86,74,101,179,62,13,45,77,87,92,77,,,267,288,,225,43,117,196,88,87,88,108,108,98,111,163,112,106,101,87,190,141,87,114,135,14,102,113,,266,,202,54,142,100,155,31,84,112,51,168,212,64,202,265,262,154,259,277,179,174,33,64,84,264,170,283,121,64,175,127,156,74,50,30,119,150,39,68,33,82,43,,,149,206,,213,43,186,54,72,45,64,25,55,28,34,125,177,252,249,245,94,82,73,101,81,11,167,34,54,,217,,234,b'\x11\xe8\xe1I\xd8\xf3\xd6\x88\x98|\x12\xdf\x17\xaeN\x1e'
11E8E149-D8F8-6860-987C-12DF17AE4E1E,2018-ncaa-d2-conf-NE10,ncaa,3,3,3,3,3,5,9,5,13,14,15,13,1,1,4,1,11,11,10,11,8,5,8,10,10,7,1,1,12,8,13,9,9,8,13,8,9,2,3,5,2,2,15,15,,,15,13,,,9,6,12,3,9,11,6,15,15,1,1,12,12,12,9,14,10,12,13,9,1,2,15,,13,,,9,7,5,5,8,4,5,9,4,8,4,11,14,13,11,13,13,5,10,8,10,5,12,3,13,8,9,15,13,13,13,3,3,2,2,1,1,2,10,14,,,8,7,,,9,11,8,5,8,6,2,3,3,2,3,8,14,13,13,4,5,5,14,12,4,2,1,9,,10,,,b'\x11\xe8\xe1I\xd8\xf8h`\x98|\x12\xdf\x17\xaeN\x1e'
11E8E149-D8F8-6860-987C-12DF17AE4E1E,2018-ncaa-d2-natl,ncaa,67,74,64,73,78,168,185,120,266,267,220,278,36,27,117,20,221,236,150,235,190,145,159,211,227,202,14,11,227,155,226,162,136,160,233,173,141,105,101,151,55,43,213,203,,,260,288,,,128,154,258,93,246,269,188,298,277,41,31,260,261,262,232,254,191,243,234,213,61,63,240,,240,,,131,69,42,81,67,64,89,93,51,101,37,114,258,253,213,249,268,98,162,63,100,52,216,73,298,135,136,268,226,234,233,14,38,42,32,9,38,39,243,284,,,153,141,,,128,171,210,43,113,23,14,14,32,29,29,57,239,225,223,23,68,87,243,185,12,57,22,230,,211,,,b'\x11\xe8\xe1I\xd8\xf8h`\x98|\x12\xdf\x17\xaeN\x1e'
11E8E149-D8F8-6860-987C-12DF17AE4E1E,2019-ncaa-d2-conf-NE10,ncaa,11,11,10,11,10,10,11,7,13,14,13,13,4,3,6,1,13,14,7,13,11,9,12,11,12,9,1,1,12,14,15,13,11,13,15,14,14,2,1,12,3,3,15,15,,,9,11,,,12,9,5,6,10,11,4,15,14,2,1,12,11,11,6,10,14,14,14,14,1,2,15,,12,,,12,10,9,3,14,8,2,15,7,8,8,12,10,10,10,10,14,4,4,15,15,14,10,9,10,4,11,12,15,11,15,3,4,4,1,3,2,2,2,5,,,10,10,,,12,6,13,11,12,14,11,5,12,2,11,11,11,11,11,5,9,6,15,12,7,1,2,1,,9,,,b'\x11\xe8\xe1I\xd8\xf8h`\x98|\x12\xdf\x17\xaeN\x1e'
11E8E149-D8F8-6860-987C-12DF17AE4E1E,2019-ncaa-d2-natl,ncaa,132,160,76,142,99,119,112,70,209,179,137,232,50,52,68,59,242,246,152,241,264,87,120,164,192,141,67,33,276,186,257,184,132,197,250,124,158,59,34,81,65,62,257,259,,,174,151,,,153,97,156,173,151,138,57,220,173,44,49,267,273,269,96,179,221,255,260,154,29,75,276,,137,,,153,213,201,144,241,202,119,268,174,191,134,211,224,196,253,192,203,147,174,241,248,206,146,131,188,101,132,285,257,247,250,187,160,69,54,102,49,40,90,72,,,134,174,,,153,198,155,172,161,161,158,73,164,62,147,158,184,160,155,69,104,75,269,210,153,73,38,66,,175,,,b'\x11\xe8\xe1I\xd8\xf8h`\x98|\x12\xdf\x17\xaeN\x1e'
11E8E149-D8F8-6860-987C-12DF17AE4E1E,2020-ncaa-d2-conf-NE10,ncaa,12,11,11,12,12,13,13,10,13,14,14,14,4,4,10,2,13,13,7,13,10,11,13,13,13,10,1,1,12,13,14,13,13,13,14,12,6,1,2,7,4,4,14,13,,,10,14,,,11,12,10,6,12,12,5,14,13,3,2,12,12,12,7,10,12,12,13,11,2,4,14,,14,,,11,6,4,1,12,3,2,10,11,5,12,12,11,11,10,9,14,1,3,13,13,11,12,11,13,5,13,14,14,11,14,7,9,6,5,8,2,4,4,8,,,14,14,,,11,3,11,10,11,10,8,4,4,3,11,11,13,12,11,5,6,9,14,14,8,3,4,6,,14,,,b'\x11\xe8\xe1I\xd8\xf8h`\x98|\x12\xdf\x17\xaeN\x1e'
11E8E149-D8F8-6860-987C-12DF17AE4E1E,2020-ncaa-d2-natl,ncaa,193,182,223,197,236,263,270,213,285,299,289,298,57,40,135,9,293,298,104,299,256,249,276,252,256,213,9,6,275,233,271,271,213,270,290,214,73,14,37,87,121,65,237,191,,,119,217,,,198,275,279,135,262,273,156,304,287,34,23,293,301,301,207,281,211,259,276,194,20,94,235,,160,,,197,54,40,29,150,27,21,148,199,160,232,276,93,82,223,82,202,26,43,183,190,142,288,278,169,114,213,252,271,212,290,124,252,131,65,119,14,26,45,122,,,300,299,,,198,39,218,154,195,89,81,38,45,21,236,203,131,117,114,38,59,154,291,265,161,97,14,52,,306,,,b'\x11\xe8\xe1I\xd8\xf8h`\x98|\x12\xdf\x17\xaeN\x1e'
11E8E149-D8F8-6860-987C-12DF17AE4E1E,2022-ncaa-d2-conf-NE10,ncaa,8,8,4,8,4,7,7,8,4,12,14,6,1,1,4,1,12,12,6,12,10,8,9,4,4,4,1,1,12,10,10,8,10,8,10,2,1,5,6,1,12,11,10,11,,,9,10,,,7,8,9,1,6,6,6,12,14,1,1,12,12,12,8,10,10,8,9,1,6,10,10,,10,,,7,10,9,9,7,6,5,9,10,11,9,11,5,6,1,6,8,9,8,7,8,8,11,11,5,11,10,10,10,10,10,13,11,10,8,11,9,10,1,4,,,11,11,,,7,8,4,9,7,10,11,10,5,5,11,11,4,6,6,9,9,11,9,10,11,9,8,1,,11,,,b'\x11\xe8\xe1I\xd8\xf8h`\x98|\x12\xdf\x17\xaeN\x1e'
11E8E149-D8F8-6860-987C-12DF17AE4E1E,2022-ncaa-d2-natl,ncaa,129,161,106,148,106,119,133,104,188,207,204,181,32,27,93,23,190,216,57,221,205,120,121,136,139,146,22,15,235,145,196,97,150,116,191,48,7,166,143,60,177,202,154,181,,,189,164,,,116,116,167,15,140,156,100,251,246,27,23,224,250,253,136,154,165,94,128,32,135,201,169,,165,,,116,152,164,191,102,156,189,96,181,180,173,157,102,115,75,116,91,180,189,109,94,95,158,197,90,204,150,229,196,224,191,198,205,104,130,145,174,157,237,255,,,167,226,,,116,186,154,103,119,120,139,180,119,172,158,165,88,105,102,153,177,171,223,208,172,123,146,231,,214,,,b'\x11\xe8\xe1I\xd8\xf8h`\x98|\x12\xdf\x17\xaeN\x1e'
11E8E149-D8F8-6860-987C-12DF17AE4E1E,2023-ncaa-d2-conf-NE10,ncaa,5,6,6,6,8,7,6,6,6,6,7,6,7,8,8,7,9,11,5,12,11,8,8,7,8,8,8,6,9,8,5,6,6,9,6,3,1,6,9,4,7,4,2,1,,,10,13,,,5,9,7,6,7,6,7,7,6,6,7,8,11,11,8,6,5,6,8,1,8,4,2,,10,,,5,4,3,3,6,4,6,4,5,4,5,6,9,9,11,8,9,4,4,4,5,5,9,7,12,4,6,3,5,3,6,2,5,8,5,3,7,9,1,1,,,9,8,,,5,6,8,5,5,4,3,2,5,6,4,5,9,9,9,3,5,5,5,5,3,5,7,1,,8,,,b'\x11\xe8\xe1I\xd8\xf8h`\x98|\x12\xdf\x17\xaeN\x1e'
11E8E149-D8F8-6860-987C-12DF17AE4E1E,2023-ncaa-d2-natl,ncaa,84,82,110,89,133,172,140,160,127,125,111,147,173,197,105,190,265,278,104,279,292,185,198,130,153,161,246,163,281,132,91,142,112,138,86,63,17,119,166,62,185,170,52,46,,,168,228,,,87,209,271,200,230,175,208,144,121,188,224,282,289,290,256,259,149,176,168,44,118,201,57,,150,,,85,39,35,88,33,61,139,29,48,60,77,65,135,134,136,126,137,88,90,33,40,42,124,80,226,105,112,71,91,70,86,34,85,153,117,63,134,164,22,18,,,223,233,,,87,94,146,39,76,10,10,31,36,126,36,42,116,112,110,27,32,97,39,48,25,171,121,19,,267,,,b'\x11\xe8\xe1I\xd8\xf8h`\x98|\x12\xdf\x17\xaeN\x1e'
11E8E149-D8F8-6860-987C-12DF17AE4E1E,2024-ncaa-d2-conf-NE10,ncaa,4,5,1,5,1,4,3,2,7,6,2,9,3,7,3,8,6,6,1,6,8,3,2,7,6,6,5,5,6,10,11,6,6,6,8,2,2,10,8,3,5,6,4,4,,,12,9,,,5,2,7,4,7,8,9,9,8,5,8,6,11,11,8,10,10,6,10,4,5,6,5,,10,,,5,9,2,9,2,2,6,2,11,10,6,10,12,12,6,12,12,11,11,3,4,3,11,10,12,8,6,10,11,10,8,5,6,2,4,1,4,3,7,7,,,5,7,,,5,11,9,2,5,3,2,3,2,2,7,9,10,11,11,5,6,7,7,7,3,5,2,7,,8,,,b'\x11\xe8\xe1I\xd8\xf8h`\x98|\x12\xdf\x17\xaeN\x1e'
11E8E149-D8F8-6860-987C-12DF17AE4E1E,2024-ncaa-d2-natl,ncaa,73,131,14,108,23,121,120,86,176,105,54,228,143,189,73,223,134,189,22,184,255,104,104,177,163,147,181,178,160,243,273,63,104,138,221,50,21,151,122,65,160,203,30,31,,,267,237,,,121,65,283,210,256,243,272,218,167,215,253,234,269,268,282,296,286,198,273,96,57,228,43,,158,,,125,138,88,215,14,95,211,18,140,182,56,130,242,243,141,242,200,236,238,18,32,38,228,151,260,185,104,252,273,238,221,111,163,95,138,84,43,32,242,193,,,141,188,,,121,239,191,35,121,14,8,20,15,61,63,77,148,145,143,25,25,77,105,84,35,192,10,186,,269,,,b'\x11\xe8\xe1I\xd8\xf8h`\x98|\x12\xdf\x17\xaeN\x1e'
11E8E149-D8F8-6860-987C-12DF17AE4E1E,2025-ncaa-d2-conf-NE10,genius_ncaa,3,4,3,4,3,2,2,2,3,2,1,4,5,6,3,8,1,2,1,2,6,1,1,2,2,2,8,8,4,6,8,10,10,9,10,3,4,4,2,2,3,3,2,2,,,11,11,,8,3,1,3,1,2,2,2,2,1,7,6,1,3,3,2,3,5,11,10,2,3,2,2,,11,,7,3,10,10,7,11,10,9,9,6,4,10,3,11,11,8,11,10,7,10,11,11,8,6,3,9,8,10,6,8,8,10,10,8,1,2,6,4,3,4,2,,,2,4,,2,3,10,2,8,3,9,7,5,9,6,6,3,10,10,10,6,10,7,5,5,8,1,3,3,,2,,2,b'\x11\xe8\xe1I\xd8\xf8h`\x98|\x12\xdf\x17\xaeN\x1e'
11E8E149-D8F8-6860-987C-12DF17AE4E1E,2025-ncaa-d2-natl,genius_ncaa,67,95,43,86,43,49,54,53,103,55,56,122,105,125,100,187,37,79,13,75,158,55,81,108,78,56,154,185,88,125,130,177,80,156,136,21,9,81,28,14,53,60,41,28,,,260,254,,118,38,69,206,19,67,86,103,74,88,145,170,48,118,114,101,175,166,280,255,19,35,86,49,,198,,91,41,151,125,126,156,120,156,101,153,107,260,95,215,196,245,202,194,130,204,161,177,81,213,152,212,59,80,166,130,111,136,227,266,23,19,70,65,21,156,90,,,29,31,,16,38,233,57,53,42,61,45,16,51,51,103,44,154,138,140,19,72,26,78,40,173,41,24,115,,49,,16,b'\x11\xe8\xe1I\xd8\xf8h`\x98|\x12\xdf\x17\xaeN\x1e'
11E8E149-D8F8-6860-987C-12DF17AE4E1E,2026-ncaa-d2-conf-NE10,genius_ncaa,4,7,2,6,5,3,3,2,6,2,2,3,5,4,10,6,3,3,6,3,8,2,2,7,7,7,9,9,7,2,4,2,6,2,6,1,1,7,5,1,2,1,1,1,,,8,7,,7,6,3,3,10,5,4,1,3,2,8,3,6,6,6,1,1,2,6,5,1,5,1,1,,7,,5,6,7,6,6,6,7,7,5,7,7,9,6,8,8,6,8,9,7,8,6,6,5,9,8,9,8,6,9,4,9,6,6,6,2,1,3,7,6,5,2,,,3,5,,1,6,8,7,5,6,6,4,3,3,3,7,4,8,8,7,5,7,7,8,6,3,1,7,2,,5,,1,b'\x11\xe8\xe1I\xd8\xf8h`\x98|\x12\xdf\x17\xaeN\x1e'
11E8E149-D8F8-6860-987C-12DF17AE4E1E,2026-ncaa-d2-natl,genius_ncaa,65,53,141,74,220,94,108,144,68,116,153,82,97,133,70,142,81,85,114,84,78,137,162,61,59,47,111,125,107,105,80,156,81,142,70,15,2,69,58,3,39,16,101,59,,,162,228,,127,20,167,101,294,28,52,72,76,116,73,105,52,61,59,50,93,83,121,92,1,79,20,99,,210,,147,19,86,61,69,67,44,63,43,160,127,218,178,167,175,126,172,260,77,110,106,130,62,271,225,240,82,81,115,80,98,70,142,281,69,21,74,93,97,82,74,,,149,119,,132,20,123,30,54,20,65,34,23,24,32,177,139,194,206,202,39,125,80,116,88,171,40,115,80,,100,,134,b'\x11\xe8\xe1I\xd8\xf8h`\x98|\x12\xdf\x17\xaeN\x1e'
11E8E149-D8FC-BF00-987C-12DF17AE4E1E,2018-ncaa-d2-conf-GLVC,ncaa,2,2,1,2,1,3,2,2,4,2,1,3,11,8,15,12,5,4,13,4,13,2,2,4,4,4,15,14,13,2,5,1,5,1,5,3,10,13,9,6,2,3,1,1,,,13,4,,,2,2,6,1,5,2,4,2,2,13,13,7,7,7,3,4,5,2,3,5,11,3,1,,4,,,2,12,10,14,1,5,13,2,14,15,3,12,13,12,10,12,6,14,14,1,2,2,13,12,8,15,5,13,5,15,5,9,11,2,3,2,13,9,10,3,,,3,7,,,2,14,4,2,2,2,2,8,2,4,10,12,6,5,5,6,9,9,4,7,5,3,9,6,,6,,,b'\x11\xe8\xe1I\xd8\xfc\xbf\x00\x98|\x12\xdf\x17\xaeN\x1e'
11E8E149-D8FC-BF00-987C-12DF17AE4E1E,2018-ncaa-d2-natl,ncaa,29,18,64,24,96,77,57,105,23,23,66,16,211,196,229,232,126,143,114,146,229,113,104,47,53,69,295,275,214,121,80,98,90,109,56,79,194,190,144,109,25,19,20,9,,,164,123,,,32,108,152,226,77,41,153,19,98,243,237,158,175,182,153,168,148,149,140,84,142,26,23,,113,,,30,75,66,136,43,50,92,60,183,217,74,257,149,125,242,126,167,129,196,67,68,26,248,237,205,132,90,81,80,96,56,93,151,31,26,22,232,209,88,51,,,85,101,,,32,210,61,22,27,27,24,53,22,32,144,186,107,85,90,38,123,85,31,43,57,41,194,69,,110,,,b'\x11\xe8\xe1I\xd8\xfc\xbf\x00\x98|\x12\xdf\x17\xaeN\x1e'
11E8E149-D8FC-BF00-987C-12DF17AE4E1E,2019-ncaa-d2-conf-GLVC,ncaa,4,3,5,4,6,6,6,6,3,4,4,3,12,11,10,11,9,6,10,6,8,6,5,5,7,6,13,13,9,5,6,3,1,4,4,5,9,12,8,7,5,4,4,4,,,12,11,,,4,5,3,5,5,4,5,3,3,11,10,8,6,5,5,2,5,3,3,4,12,4,4,,13,,,4,4,2,5,3,2,4,2,6,9,3,8,12,13,1,13,13,9,9,3,3,3,10,7,13,5,1,9,6,8,4,3,5,3,3,2,12,10,6,3,,,5,6,,,4,9,6,3,4,3,2,4,2,4,7,8,12,12,12,7,9,5,9,8,4,3,11,6,,4,,,b'\x11\xe8\xe1I\xd8\xfc\xbf\x00\x98|\x12\xdf\x17\xaeN\x1e'
11E8E149-D8FC-BF00-987C-12DF17AE4E1E,2019-ncaa-d2-natl,ncaa,85,59,182,72,204,122,100,170,41,70,110,58,220,244,124,253,118,101,208,101,151,163,156,70,77,108,258,254,149,169,130,142,48,153,79,104,128,217,209,140,99,78,89,55,,,246,279,,,81,152,77,129,70,55,125,26,69,210,247,90,80,80,99,81,143,100,110,72,231,80,77,,279,,,77,90,59,66,131,67,65,126,127,117,181,172,237,237,106,238,282,84,124,142,159,107,251,179,270,46,48,92,130,55,79,106,183,85,49,66,258,252,206,172,,,99,65,,,81,148,113,75,89,119,77,70,76,70,165,146,249,252,254,108,166,53,122,77,119,54,266,227,,51,,,b'\x11\xe8\xe1I\xd8\xfc\xbf\x00\x98|\x12\xdf\x17\xaeN\x1e'
11E8E149-D8FC-BF00-987C-12DF17AE4E1E,2020-ncaa-d2-conf-GLVC,ncaa,5,3,5,5,8,8,8,5,14,3,2,16,13,14,14,15,10,7,12,8,14,4,6,15,16,13,16,13,8,5,11,9,14,9,14,11,14,1,2,8,2,4,8,2,,,9,8,,,7,6,7,12,10,9,3,3,2,13,14,9,8,8,2,5,3,11,10,12,1,2,6,,8,,,8,3,1,4,4,1,1,4,16,16,6,16,6,6,3,6,13,3,11,5,6,3,16,16,11,12,14,16,11,16,14,9,14,3,2,3,1,2,14,10,,,7,10,,,7,11,12,3,8,4,3,5,1,1,16,16,7,8,8,4,11,12,16,16,7,2,1,13,,9,,,b'\x11\xe8\xe1I\xd8\xfc\xbf\x00\x98|\x12\xdf\x17\xaeN\x1e'
11E8E149-D8FC-BF00-987C-12DF17AE4E1E,2020-ncaa-d2-natl,ncaa,82,72,173,75,210,161,154,127,177,100,61,206,232,248,184,271,129,148,110,146,238,129,171,213,196,154,258,254,108,150,208,213,216,204,249,187,219,48,44,114,61,48,127,57,,,192,208,,,137,172,138,227,145,128,83,70,29,240,252,106,132,129,88,145,145,221,193,180,53,53,122,,204,,,138,113,87,82,128,29,19,158,285,285,213,302,154,149,188,148,265,86,137,184,187,118,303,305,181,178,216,245,208,225,249,188,277,68,48,97,61,64,255,220,,,163,136,,,137,124,157,133,143,133,99,81,29,8,291,291,165,157,157,80,167,190,272,244,199,55,63,264,,126,,,b'\x11\xe8\xe1I\xd8\xfc\xbf\x00\x98|\x12\xdf\x17\xaeN\x1e'
11E8E149-D8FC-BF00-987C-12DF17AE4E1E,2021-ncaa-d2-conf-GLVC,ncaa,6,2,15,3,15,15,15,15,10,15,15,10,15,15,9,10,13,13,9,13,2,15,15,10,10,9,10,11,3,15,10,14,8,15,8,15,8,1,4,9,10,8,8,1,,,2,12,,,5,15,7,8,10,11,10,7,7,13,12,2,1,1,7,7,9,5,5,9,5,8,3,,13,,,3,1,1,1,1,1,1,3,3,8,1,15,2,2,1,2,13,1,1,1,2,2,14,15,11,2,8,1,10,1,8,1,11,11,5,4,1,3,3,5,,,15,2,,,5,1,9,2,4,2,1,9,1,1,15,15,6,11,11,9,9,11,10,10,3,5,3,7,,1,,,b'\x11\xe8\xe1I\xd8\xfc\xbf\x00\x98|\x12\xdf\x17\xaeN\x1e'
11E8E149-D8FC-BF00-987C-12DF17AE4E1E,2021-ncaa-d2-natl,ncaa,59,49,114,46,116,115,116,131,70,104,118,76,142,147,111,169,70,70,94,73,33,125,131,89,74,69,141,172,29,138,146,118,111,128,120,120,120,93,82,97,99,97,67,35,,,136,195,,,65,127,112,70,91,111,152,85,97,157,172,19,26,27,117,135,155,106,133,115,78,95,66,,196,,,68,95,90,95,59,74,72,101,137,154,53,218,107,136,21,136,209,97,103,87,75,67,203,197,150,109,111,103,146,100,120,102,166,106,76,87,83,71,78,60,,,91,18,,,65,101,89,66,67,76,56,91,30,15,170,207,116,164,166,101,117,114,85,92,98,75,61,62,,28,,,b'\x11\xe8\xe1I\xd8\xfc\xbf\x00\x98|\x12\xdf\x17\xaeN\x1e'
11E8E149-D8FC-BF00-987C-12DF17AE4E1E,2022-ncaa-d2-conf-GLVC,ncaa,3,1,9,2,9,4,4,5,6,5,5,7,8,6,8,12,3,3,6,3,2,4,4,6,5,5,9,12,3,2,4,8,3,6,4,6,12,2,2,3,3,2,6,5,,,8,9,,,3,7,1,4,2,2,1,2,2,4,3,1,1,1,1,1,1,4,2,3,5,2,5,,10,,,2,5,4,4,9,4,2,11,8,10,8,12,7,7,1,7,11,4,7,11,9,3,11,12,7,3,3,8,4,6,4,6,12,3,2,3,5,4,13,11,,,3,2,,,3,8,2,3,3,7,8,5,5,4,11,12,8,9,9,6,13,4,12,10,10,2,8,13,,1,,,b'\x11\xe8\xe1I\xd8\xfc\xbf\x00\x98|\x12\xdf\x17\xaeN\x1e'
11E8E149-D8FC-BF00-987C-12DF17AE4E1E,2022-ncaa-d2-natl,ncaa,51,26,146,34,169,60,69,77,77,68,70,89,99,116,85,180,35,58,24,61,103,69,96,79,60,45,130,171,73,57,67,168,72,123,80,115,207,74,33,66,59,46,187,164,,,240,256,,,53,113,58,155,17,23,24,33,44,87,112,7,40,39,18,41,51,174,85,89,72,45,193,,257,,,41,174,157,109,229,131,77,246,215,213,191,246,185,168,199,163,232,115,155,238,248,183,240,220,180,53,72,153,67,105,80,119,103,63,42,58,119,89,202,162,,,49,40,,,53,182,24,138,47,195,169,88,126,47,228,227,193,175,174,101,187,55,167,112,120,47,128,221,,12,,,b'\x11\xe8\xe1I\xd8\xfc\xbf\x00\x98|\x12\xdf\x17\xaeN\x1e'
11E8E149-D8FC-BF00-987C-12DF17AE4E1E,2023-ncaa-d0-natl,ncaa,281,203,345,270,347,318,326,352,215,287,294,215,331,337,271,282,152,203,35,198,89,346,327,241,188,265,211,303,17,265,138,295,163,300,114,254,63,293,347,294,258,197,257,149,,,108,264,,,223,326,62,170,219,257,289,181,164,299,292,40,83,82,242,92,159,120,128,159,354,173,200,,282,,,224,29,11,10,128,5,9,162,127,132,167,287,251,255,124,251,352,17,31,163,210,134,340,257,342,49,163,10,138,8,114,28,197,178,53,48,338,356,113,201,,,189,33,,,223,36,270,125,227,210,91,94,58,43,257,278,330,335,335,182,275,184,113,129,142,45,358,221,,23,,,b'\x11\xe8\xe1I\xd8\xfc\xbf\x00\x98|\x12\xdf\x17\xaeN\x1e'
11E8E149-D8FC-BF00-987C-12DF17AE4E1E,2023-ncaa-d1-conf-OVC,ncaa,8,6,6,8,6,9,9,9,9,8,7,7,8,8,9,6,4,6,2,6,4,8,6,9,7,9,6,8,1,6,4,5,5,5,2,8,3,9,9,8,8,9,8,5,,,4,3,,,6,6,4,1,7,9,8,7,7,8,8,2,4,4,7,4,3,2,2,6,9,8,6,,5,,,6,4,2,4,3,2,2,4,5,10,3,10,5,7,2,5,9,4,5,3,3,3,9,8,7,5,5,3,4,4,2,2,3,7,4,2,9,9,7,9,,,3,1,,,6,5,8,3,6,4,3,5,2,3,7,10,5,8,7,6,7,6,4,6,2,3,10,8,,2,,,b'\x11\xe8\xe1I\xd8\xfc\xbf\x00\x98|\x12\xdf\x17\xaeN\x1e'
11E8E149-D8FC-BF00-987C-12DF17AE4E1E,2023-ncaa-d1-natl,ncaa,243,203,310,242,319,241,263,315,180,209,220,206,294,312,209,287,101,158,25,154,117,294,213,204,159,250,222,295,30,183,92,210,145,200,83,157,36,346,350,273,162,132,197,122,,,172,227,,,174,223,49,172,180,225,257,149,139,274,295,45,94,93,220,66,130,99,90,100,359,105,170,,270,,,173,59,22,29,104,17,19,134,157,178,123,274,278,291,116,287,348,50,110,129,170,79,336,239,341,86,145,23,92,22,83,34,155,73,35,26,356,357,196,213,,,125,57,,,174,128,254,69,178,167,67,84,53,49,225,260,317,328,329,164,286,176,82,108,84,28,359,249,,38,,,b'\x11\xe8\xe1I\xd8\xfc\xbf\x00\x98|\x12\xdf\x17\xaeN\x1e'
11E8E149-D8FC-BF00-987C-12DF17AE4E1E,2024-ncaa-d0-natl,ncaa,51,30,196,37,235,119,123,188,47,145,211,65,92,161,32,140,162,190,101,188,147,189,193,43,41,67,132,115,226,240,204,74,121,123,93,132,177,178,196,138,251,267,223,202,,,267,301,,,78,181,104,205,68,71,170,112,203,70,136,132,163,168,170,155,232,23,55,108,200,244,213,,301,,,71,130,76,204,15,26,93,32,263,316,61,322,246,241,255,238,284,212,183,32,50,89,345,314,299,223,121,91,204,136,93,59,97,233,246,131,259,265,138,179,,,149,100,,,78,178,74,108,77,161,78,259,34,97,289,343,267,251,247,276,251,250,130,180,70,221,274,150,,100,,,b'\x11\xe8\xe1I\xd8\xfc\xbf\x00\x98|\x12\xdf\x17\xaeN\x1e'
11E8E149-D8FC-BF00-987C-12DF17AE4E1E,2024-ncaa-d1-conf-OVC,ncaa,1,1,2,1,5,1,1,4,1,2,6,1,2,4,2,3,4,4,5,5,4,5,5,1,1,1,5,3,10,7,5,1,1,1,1,2,4,5,7,2,9,10,6,7,,,9,6,,,1,4,7,8,1,1,9,2,9,3,5,3,4,5,7,8,9,1,2,2,4,11,5,,5,,,1,3,3,8,1,3,5,1,7,10,1,10,6,4,9,4,4,9,8,1,1,1,10,10,8,6,1,3,5,4,1,2,2,8,9,3,6,7,2,4,,,3,2,,,1,7,1,1,1,2,2,7,2,5,5,11,3,3,3,7,6,4,2,2,2,8,7,2,,3,,,b'\x11\xe8\xe1I\xd8\xfc\xbf\x00\x98|\x12\xdf\x17\xaeN\x1e'
11E8E149-D8FC-BF00-987C-12DF17AE4E1E,2024-ncaa-d1-natl,ncaa,39,30,130,36,171,92,98,165,34,119,198,58,70,144,18,141,134,171,92,169,151,163,151,31,33,60,125,110,230,219,197,52,113,91,78,112,185,239,213,148,221,247,205,192,,,294,301,,,56,125,119,224,69,66,192,111,209,66,142,139,176,174,190,162,231,24,63,105,224,234,208,,302,,,55,151,78,238,12,31,107,26,281,330,49,328,268,257,246,253,289,248,241,30,44,70,348,313,300,246,113,112,197,161,78,59,95,191,221,111,293,281,140,157,,,110,102,,,56,229,68,89,60,125,65,236,24,77,275,342,264,245,242,256,248,236,95,143,55,198,286,136,,105,,,b'\x11\xe8\xe1I\xd8\xfc\xbf\x00\x98|\x12\xdf\x17\xaeN\x1e'
11E8E149-D8FC-BF00-987C-12DF17AE4E1E,2025-ncaa-d0-natl,genius_ncaa,96,113,54,109,71,70,68,88,77,62,72,118,125,179,36,249,76,96,115,90,186,79,76,84,87,95,209,207,183,105,117,69,180,74,113,76,150,250,145,116,82,106,263,259,,,330,272,,187,99,80,134,232,86,81,132,79,108,159,234,115,147,137,126,146,156,112,122,95,157,107,293,,280,,139,103,274,225,270,113,117,114,186,335,349,148,353,254,300,36,297,313,283,297,173,151,130,337,335,202,285,180,211,117,246,113,121,62,69,108,60,271,196,250,155,,,49,71,,64,99,292,88,136,94,180,127,177,51,25,324,348,190,237,233,191,242,229,97,140,62,98,203,201,,77,,75,b'\x11\xe8\xe1I\xd8\xfc\xbf\x00\x98|\x12\xdf\x17\xaeN\x1e'
11E8E149-D8FC-BF00-987C-12DF17AE4E1E,2025-ncaa-d1-conf-OVC,genius_ncaa,4,4,1,4,1,1,1,1,2,1,2,2,3,5,2,8,6,7,5,7,7,1,1,3,3,3,7,6,8,2,2,2,2,1,3,1,5,10,3,1,4,5,9,10,,,11,7,,8,4,2,7,8,2,1,5,2,5,5,6,6,8,8,4,5,4,4,2,2,3,5,10,,8,,8,4,10,9,10,4,5,4,5,11,11,9,11,6,8,1,8,9,10,10,7,5,4,11,11,2,7,2,7,2,8,3,5,2,2,4,2,10,6,8,4,,,5,6,,2,4,10,2,4,3,5,4,5,2,1,11,11,3,4,4,5,5,4,4,3,4,4,7,4,,5,,3,b'\x11\xe8\xe1I\xd8\xfc\xbf\x00\x98|\x12\xdf\x17\xaeN\x1e'
11E8E149-D8FC-BF00-987C-12DF17AE4E1E,2025-ncaa-d1-natl,genius_ncaa,65,113,15,98,21,42,42,33,62,31,30,102,96,146,40,255,48,61,96,55,195,37,21,78,80,93,224,221,189,62,111,30,150,32,91,48,168,313,149,122,40,76,234,245,,,347,264,,251,74,23,108,247,80,68,121,62,97,166,234,111,144,134,115,120,147,98,104,89,174,71,287,,271,,154,81,322,281,329,89,168,185,157,347,356,134,352,297,324,39,322,307,334,346,141,135,90,339,329,211,304,150,280,111,309,91,166,58,29,82,38,325,201,288,136,,,25,93,,45,74,342,90,100,77,141,102,161,38,21,313,345,187,228,226,170,245,208,93,125,52,74,212,189,,84,,72,b'\x11\xe8\xe1I\xd8\xfc\xbf\x00\x98|\x12\xdf\x17\xaeN\x1e'
11E8E149-D8FC-BF00-987C-12DF17AE4E1E,2026-ncaa-d0-natl,genius_ncaa,260,39,363,171,363,360,356,359,153,343,347,212,357,362,141,331,361,363,243,363,363,362,363,197,239,169,357,299,355,343,93,359,95,358,100,361,362,1,37,201,349,130,330,75,,,2,305,,13,131,363,281,11,133,43,15,29,3,254,294,342,341,342,43,87,40,58,29,317,53,137,169,,271,,118,107,1,1,1,17,1,1,21,16,14,150,359,23,6,356,6,363,1,1,47,134,139,363,356,358,2,95,2,93,2,100,1,140,360,164,75,1,58,1,6,,,362,285,,286,131,1,132,129,118,109,13,72,1,3,327,350,339,303,293,122,101,133,250,210,38,177,69,23,,241,,72,b'\x11\xe8\xe1I\xd8\xfc\xbf\x00\x98|\x12\xdf\x17\xaeN\x1e'
11E8E149-D8FC-BF00-987C-12DF17AE4E1E,2026-ncaa-d1-natl,genius_ncaa,163,39,345,95,346,267,213,285,80,156,208,108,287,320,139,278,355,358,249,356,359,302,342,113,148,91,355,260,352,162,25,307,13,276,16,286,341,4,24,73,116,11,289,83,,,13,184,,17,40,352,217,21,51,22,10,12,5,183,211,323,318,316,21,57,18,61,19,137,44,18,219,,128,,49,16,1,1,2,9,1,2,13,26,54,50,346,61,50,168,46,352,3,4,14,20,7,361,330,352,3,13,14,25,4,16,1,58,191,10,1,18,72,5,7,,,347,272,,162,40,9,51,2,17,3,1,2,1,3,145,257,213,217,211,7,73,15,160,62,1,24,93,23,,206,,70,b'\x11\xe8\xe1I\xd8\xfc\xbf\x00\x98|\x12\xdf\x17\xaeN\x1e'
11E8E149-D901-1F8C-987C-12DF17AE4E1E,2018-ncaa-d2-conf-NE10,ncaa,4,6,3,6,3,3,3,3,11,6,4,10,5,5,13,4,3,7,2,7,10,3,3,11,11,5,6,8,5,4,8,3,1,3,4,11,13,3,1,8,5,6,10,11,,,2,2,,,5,4,7,3,4,5,2,7,6,5,4,4,7,8,2,3,4,4,3,13,2,6,11,,2,,,5,11,10,11,9,5,9,5,15,13,13,14,3,5,1,5,7,11,11,11,8,10,14,15,3,3,1,12,8,9,4,7,6,10,10,9,1,1,10,8,,,3,8,,,5,12,5,7,5,10,10,7,4,7,14,13,3,6,5,6,6,2,11,8,6,9,1,9,,7,,,b'\x11\xe8\xe1I\xd9\x01\x1f\x8c\x98|\x12\xdf\x17\xaeN\x1e'
11E8E149-D901-1F8C-987C-12DF17AE4E1E,2018-ncaa-d2-natl,ncaa,88,112,64,109,78,132,128,74,232,133,95,213,137,89,241,125,131,171,61,169,224,91,109,230,225,178,149,157,146,72,113,53,36,50,67,218,284,75,43,172,100,98,157,178,,,55,31,,,94,127,225,93,185,180,90,174,133,162,108,167,212,207,116,171,84,51,61,266,39,128,179,,20,,,96,94,136,205,79,92,189,42,247,201,244,205,20,40,22,37,29,164,163,101,58,76,192,288,17,107,36,247,113,203,67,125,117,147,152,132,31,13,267,233,,,125,172,,,94,178,158,62,97,45,85,137,52,120,206,166,9,17,15,85,72,63,206,138,78,194,18,247,,181,,,b'\x11\xe8\xe1I\xd9\x01\x1f\x8c\x98|\x12\xdf\x17\xaeN\x1e'
11E8E149-D901-1F8C-987C-12DF17AE4E1E,2019-ncaa-d2-conf-NE10,ncaa,7,7,7,7,9,6,7,6,9,6,5,8,6,5,11,7,3,4,2,4,6,6,6,8,7,5,9,9,9,9,13,7,3,7,9,8,10,7,3,7,7,6,10,11,,,7,5,,,7,4,2,5,2,3,3,4,4,6,4,4,5,5,2,2,11,5,6,8,7,6,10,,7,,,7,11,11,11,10,11,10,11,9,10,7,10,8,8,13,8,9,11,11,10,9,8,7,10,8,3,3,13,13,9,9,12,10,6,5,9,7,6,13,14,,,5,8,,,7,11,6,8,7,10,9,10,10,8,10,10,9,9,9,10,12,4,13,11,11,4,8,15,,4,,,b'\x11\xe8\xe1I\xd9\x01\x1f\x8c\x98|\x12\xdf\x17\xaeN\x1e'
11E8E149-D901-1F8C-987C-12DF17AE4E1E,2019-ncaa-d2-natl,ncaa,97,109,76,106,90,65,57,56,101,56,73,86,93,89,149,130,131,179,32,176,252,67,79,105,104,79,188,149,236,129,186,65,33,86,102,50,84,117,56,45,116,139,117,130,,,99,47,,,73,68,95,119,58,47,41,62,96,106,94,166,212,212,59,98,152,63,86,42,88,144,126,,54,,,73,189,196,211,140,188,205,141,195,208,140,189,134,104,244,104,88,200,198,138,136,126,128,182,111,83,33,255,186,199,102,242,221,102,118,164,119,76,279,256,,,147,233,,,73,236,84,92,81,133,153,156,152,150,171,178,98,73,76,137,162,57,224,147,200,125,88,278,,191,,,b'\x11\xe8\xe1I\xd9\x01\x1f\x8c\x98|\x12\xdf\x17\xaeN\x1e'
11E8E149-D901-1F8C-987C-12DF17AE4E1E,2020-ncaa-d2-conf-NE10,ncaa,8,8,1,8,1,3,3,3,5,4,6,3,3,2,6,3,4,3,8,2,2,3,3,3,4,3,4,4,7,9,13,5,10,6,10,7,13,8,6,9,6,12,6,9,,,11,4,,,8,1,2,3,4,4,4,7,10,4,4,4,5,4,3,4,13,7,9,10,6,9,6,,6,,,8,14,14,14,11,14,14,13,7,12,5,4,13,13,6,13,7,14,14,9,9,10,2,3,5,14,10,13,13,14,10,14,5,7,13,11,4,1,12,13,,,1,4,,,8,14,6,12,8,12,14,14,14,14,5,7,9,10,10,14,13,13,10,12,11,10,2,12,,2,,,b'\x11\xe8\xe1I\xd9\x01\x1f\x8c\x98|\x12\xdf\x17\xaeN\x1e'
11E8E149-D901-1F8C-987C-12DF17AE4E1E,2020-ncaa-d2-natl,ncaa,131,140,102,137,112,99,88,91,93,120,172,60,65,57,128,57,168,191,78,189,181,108,136,75,83,75,110,78,230,240,274,98,156,164,229,131,200,97,77,104,187,222,105,144,,,73,43,,,123,95,126,50,91,79,103,128,207,65,51,178,210,204,124,166,259,93,177,136,77,211,106,,54,,,123,215,261,261,177,275,265,198,149,193,85,133,54,58,162,55,21,239,209,155,120,164,26,107,23,213,156,240,274,239,229,248,173,181,215,233,28,19,286,294,,,128,120,,,123,206,110,167,131,191,247,264,267,271,137,175,34,39,40,241,191,199,226,223,233,190,18,286,,125,,,b'\x11\xe8\xe1I\xd9\x01\x1f\x8c\x98|\x12\xdf\x17\xaeN\x1e'
11E8E149-D901-1F8C-987C-12DF17AE4E1E,2022-ncaa-d2-conf-NE10,ncaa,2,1,4,1,4,3,3,4,1,3,5,2,5,9,2,11,3,5,2,5,6,5,3,1,1,3,7,8,7,7,7,2,5,3,4,3,4,12,10,7,8,8,4,5,,,6,5,,,2,4,2,1,1,1,4,1,4,4,9,2,3,3,5,1,7,1,3,3,12,8,3,,6,,,2,9,8,12,1,7,9,3,5,9,2,9,10,10,7,10,9,12,12,2,1,2,8,7,11,9,5,4,7,6,4,4,4,9,11,7,11,11,9,8,,,4,7,,,2,11,3,4,2,9,9,13,8,10,5,9,10,11,11,13,13,9,4,6,5,8,11,10,,1,,,b'\x11\xe8\xe1I\xd9\x01\x1f\x8c\x98|\x12\xdf\x17\xaeN\x1e'
11E8E149-D901-1F8C-987C-12DF17AE4E1E,2022-ncaa-d2-natl,ncaa,46,35,64,40,83,52,53,64,58,46,57,78,86,127,48,189,64,119,11,123,213,67,67,63,53,71,166,165,159,112,141,29,60,43,52,43,81,231,152,83,160,216,36,51,,,149,61,,,49,63,64,92,34,36,76,46,78,100,161,78,151,155,84,81,140,7,35,37,182,202,40,,100,,,46,183,191,255,42,222,257,83,84,196,16,112,195,174,226,182,89,256,230,34,34,62,71,60,184,183,60,190,141,193,52,112,50,118,191,104,200,120,264,212,,,76,145,,,49,242,68,54,49,121,133,242,180,246,60,146,157,134,139,233,214,136,137,135,73,163,147,243,,101,,,b'\x11\xe8\xe1I\xd9\x01\x1f\x8c\x98|\x12\xdf\x17\xaeN\x1e'
11E8E149-D901-1F8C-987C-12DF17AE4E1E,2023-ncaa-d2-conf-NE10,ncaa,1,2,2,2,2,2,2,1,7,1,1,10,5,4,4,10,1,1,4,1,2,1,1,8,7,5,5,8,1,4,9,1,5,2,8,1,2,9,3,3,4,8,1,4,,,9,3,,,4,1,1,7,2,2,2,2,2,5,8,1,1,1,2,2,8,1,1,2,6,5,3,,4,,,4,12,13,13,3,11,13,2,10,12,4,7,11,12,6,12,6,13,13,3,4,4,7,8,7,13,5,13,9,13,8,8,3,1,9,5,8,4,11,7,,,1,2,,,4,13,5,4,4,7,8,12,9,12,8,8,7,8,7,12,12,8,11,11,4,7,5,10,,1,,,b'\x11\xe8\xe1I\xd9\x01\x1f\x8c\x98|\x12\xdf\x17\xaeN\x1e'
11E8E149-D901-1F8C-987C-12DF17AE4E1E,2023-ncaa-d2-natl,ncaa,42,46,47,47,59,86,90,49,187,64,33,224,153,161,126,233,74,92,67,90,209,52,62,204,190,139,204,204,113,85,181,19,80,38,116,60,69,102,46,52,145,210,43,75,,,94,28,,,69,62,157,170,139,141,83,104,51,198,220,117,140,137,90,149,133,15,39,77,50,208,66,,33,,,71,145,166,261,24,199,269,22,112,173,60,100,102,104,96,99,32,256,237,23,12,40,76,118,93,218,80,272,181,266,116,136,98,144,207,128,89,45,255,180,,,59,88,,,69,234,138,40,72,50,84,231,119,246,82,111,55,59,58,197,149,152,225,205,88,204,47,229,,102,,,b'\x11\xe8\xe1I\xd9\x01\x1f\x8c\x98|\x12\xdf\x17\xaeN\x1e'
11E8E149-D901-1F8C-987C-12DF17AE4E1E,2024-ncaa-d2-conf-NE10,ncaa,5,4,7,4,7,5,5,7,3,4,7,2,5,8,5,6,4,2,8,2,1,5,6,3,3,3,6,6,3,8,8,1,9,4,7,5,6,6,6,4,10,11,1,3,,,4,2,,,4,6,1,1,3,2,2,2,3,3,5,2,1,1,1,1,8,1,1,3,9,10,1,,5,,,4,7,9,12,3,8,12,3,5,9,1,7,8,8,4,9,5,12,9,2,2,4,4,4,8,12,9,6,8,9,7,3,1,10,11,9,11,11,6,6,,,3,2,,,4,7,3,7,4,9,10,12,11,12,5,10,8,9,9,12,12,12,9,10,6,10,11,6,,1,,,b'\x11\xe8\xe1I\xd9\x01\x1f\x8c\x98|\x12\xdf\x17\xaeN\x1e'
11E8E149-D901-1F8C-987C-12DF17AE4E1E,2024-ncaa-d2-natl,ncaa,98,93,117,98,129,139,129,143,123,115,116,135,165,179,141,201,134,126,175,125,145,138,154,141,140,117,189,188,141,190,216,56,154,97,164,127,122,82,90,93,260,284,22,37,,,59,26,,,118,146,187,35,142,136,162,120,116,179,198,136,128,127,147,193,199,27,78,124,84,274,14,,41,,,116,102,157,236,46,215,272,39,38,70,27,32,109,108,113,121,35,219,180,29,17,68,21,29,113,239,154,196,216,220,164,70,48,221,257,169,140,146,234,221,,,96,61,,,118,158,130,93,111,91,148,255,220,287,29,53,94,100,109,238,173,236,202,229,68,243,136,239,,84,,,b'\x11\xe8\xe1I\xd9\x01\x1f\x8c\x98|\x12\xdf\x17\xaeN\x1e'
11E8E149-D901-1F8C-987C-12DF17AE4E1E,2025-ncaa-d2-conf-NE10,genius_ncaa,8,9,6,9,6,4,4,8,4,5,7,3,7,4,7,4,2,4,4,4,1,6,5,4,3,3,6,6,3,10,10,3,8,6,9,5,7,10,8,7,11,11,7,8,,,1,1,,6,10,3,1,2,3,4,5,3,6,6,5,2,2,2,5,2,10,1,5,5,10,11,7,,2,,6,10,11,11,11,8,11,8,11,11,11,5,11,5,4,3,4,4,11,11,9,9,10,7,11,1,11,8,10,10,10,9,11,7,10,11,11,8,8,2,3,,,3,3,,4,10,9,5,11,9,11,11,11,11,10,11,11,3,4,4,11,11,11,9,10,11,10,9,2,,1,,5,b'\x11\xe8\xe1I\xd9\x01\x1f\x8c\x98|\x12\xdf\x17\xaeN\x1e'
11E8E149-D901-1F8C-987C-12DF17AE4E1E,2025-ncaa-d2-natl,genius_ncaa,160,180,109,171,116,147,160,178,123,157,197,77,150,131,204,119,92,108,75,109,62,164,141,129,103,152,113,167,66,267,281,34,103,113,174,116,88,235,240,181,267,285,137,145,,,35,6,,187,192,99,114,36,176,197,248,173,241,162,140,89,114,115,229,183,280,10,112,128,216,280,150,,21,,177,184,198,234,265,85,152,147,182,284,299,71,295,17,29,17,28,26,240,207,120,71,140,200,289,2,217,103,206,281,221,174,284,272,223,264,286,210,214,105,143,,,82,45,,65,192,202,198,153,183,168,222,289,149,117,282,298,7,21,21,267,211,208,202,206,269,244,200,98,,63,,72,b'\x11\xe8\xe1I\xd9\x01\x1f\x8c\x98|\x12\xdf\x17\xaeN\x1e'
11E8E149-D901-1F8C-987C-12DF17AE4E1E,2026-ncaa-d2-conf-NE10,genius_ncaa,9,4,9,9,9,10,10,10,9,10,10,7,10,9,9,7,10,10,8,10,6,10,10,9,9,9,8,7,6,9,8,10,4,10,9,10,3,2,8,8,10,10,10,10,,,1,2,,2,9,10,6,1,9,8,8,8,6,10,8,8,8,8,7,9,8,6,8,7,8,10,10,,2,,5,10,1,2,1,10,1,1,10,3,2,4,10,1,1,1,1,2,1,1,10,10,10,2,6,1,1,4,2,8,1,9,3,4,10,9,10,1,2,2,9,,,10,3,,6,9,1,9,10,10,9,10,9,9,6,8,10,1,3,1,8,5,4,9,7,9,10,2,9,,3,,4,b'\x11\xe8\xe1I\xd9\x01\x1f\x8c\x98|\x12\xdf\x17\xaeN\x1e'
11E8E149-D901-1F8C-987C-12DF17AE4E1E,2026-ncaa-d2-natl,genius_ncaa,201,98,268,180,271,274,274,273,214,259,278,125,252,226,267,104,258,266,103,266,173,274,275,224,214,204,209,194,142,261,177,251,233,257,196,193,7,29,152,74,271,231,203,146,,,3,1,,42,164,274,90,88,186,167,106,138,152,194,90,150,182,179,116,113,133,22,38,35,156,205,118,,6,,112,170,23,41,46,73,44,36,146,67,115,49,249,2,9,2,10,16,38,32,80,24,51,50,221,3,126,233,36,177,60,196,36,64,276,216,145,52,212,27,69,,,265,127,,213,164,27,204,96,167,122,223,291,199,227,201,283,3,28,29,277,256,284,236,279,131,167,213,58,,121,,156,b'\x11\xe8\xe1I\xd9\x01\x1f\x8c\x98|\x12\xdf\x17\xaeN\x1e'
11E8E149-D905-7A5A-987C-12DF17AE4E1E,2018-ncaa-d2-conf-GAC,ncaa,9,6,10,9,11,11,9,8,11,9,5,11,8,10,4,8,12,11,11,11,10,9,8,11,12,12,8,7,10,5,5,6,3,5,5,6,2,8,8,5,8,6,1,1,,,4,7,,,8,8,3,3,10,8,5,9,3,8,8,12,10,10,5,3,5,4,4,1,9,7,1,,7,,,9,1,1,3,2,1,5,1,4,2,9,2,10,8,11,8,8,4,4,2,5,3,10,5,11,3,3,7,5,5,5,4,10,8,6,5,8,10,8,6,,,11,12,,,8,5,12,4,8,6,5,7,4,8,5,3,10,10,10,9,9,4,8,8,8,6,11,8,,11,,,b'\x11\xe8\xe1I\xd9\x05zZ\x98|\x12\xdf\x17\xaeN\x1e'
11E8E149-D905-7A5A-987C-12DF17AE4E1E,2018-ncaa-d2-natl,ncaa,196,179,206,197,219,197,190,155,240,203,147,272,140,171,105,178,200,162,268,158,166,159,166,228,243,227,117,115,168,156,196,107,45,135,132,136,71,134,139,141,157,151,16,8,,,172,208,,,201,161,71,83,169,164,67,190,89,120,144,177,113,109,67,74,119,34,63,104,189,133,7,,226,,,200,134,57,103,68,36,104,28,194,122,274,127,285,269,268,270,282,131,129,94,156,162,304,216,301,72,45,225,196,169,132,125,222,183,167,153,145,149,235,229,,,206,216,,,201,145,226,136,200,199,105,170,59,160,231,164,296,287,289,221,210,97,276,230,168,140,185,265,,164,,,b'\x11\xe8\xe1I\xd9\x05zZ\x98|\x12\xdf\x17\xaeN\x1e'
11E8E149-D905-7A5A-987C-12DF17AE4E1E,2019-ncaa-d2-conf-GAC,ncaa,2,3,3,3,4,6,7,6,10,4,4,9,8,7,9,9,4,3,9,3,6,4,4,11,10,9,6,10,4,4,2,4,5,4,2,9,10,7,7,9,9,10,1,1,,,11,10,,,5,5,10,6,9,7,7,6,4,9,8,5,4,4,6,7,4,6,4,10,7,10,1,,11,,,5,3,2,6,2,3,8,2,3,3,5,2,11,10,12,11,10,8,9,2,2,3,7,3,12,7,5,8,2,8,2,5,8,6,6,6,5,4,11,10,,,3,3,,,5,8,9,4,5,1,2,4,2,8,2,2,11,10,10,5,3,5,4,5,5,7,5,11,,3,,,b'\x11\xe8\xe1I\xd9\x05zZ\x98|\x12\xdf\x17\xaeN\x1e'
11E8E149-D905-7A5A-987C-12DF17AE4E1E,2019-ncaa-d2-natl,ncaa,97,123,46,112,67,127,149,115,204,142,117,210,130,126,161,174,70,64,193,62,77,98,83,201,190,187,114,162,67,111,137,103,74,101,100,175,221,236,187,214,193,227,10,5,,,283,288,,,132,82,196,200,200,229,214,207,186,168,177,101,89,91,190,182,151,164,160,234,173,244,11,,254,,,133,183,95,160,59,83,183,31,195,130,266,87,293,283,254,282,270,201,188,77,119,130,293,190,297,107,74,212,137,178,100,124,165,122,150,104,191,135,279,280,,,32,28,,,132,216,196,109,142,86,33,48,30,90,136,76,274,256,256,91,68,67,116,80,78,181,124,266,,52,,,b'\x11\xe8\xe1I\xd9\x05zZ\x98|\x12\xdf\x17\xaeN\x1e'
11E8E149-D905-7A5A-987C-12DF17AE4E1E,2020-ncaa-d2-conf-GAC,ncaa,6,4,5,5,5,8,8,8,2,4,5,2,10,11,2,12,11,8,12,7,9,8,8,3,3,7,11,11,10,7,5,5,3,8,2,6,6,7,9,7,4,4,1,1,,,4,8,,,3,9,12,3,7,7,7,2,5,10,12,11,8,8,9,9,8,6,6,7,8,4,1,,4,,,3,1,1,2,1,3,3,1,4,3,3,5,4,4,2,4,8,3,4,2,1,1,7,6,8,3,3,2,5,1,2,1,5,4,4,2,7,9,4,3,,,11,9,,,3,4,6,1,2,1,1,2,2,4,4,3,4,5,5,2,1,3,1,1,1,4,9,5,,11,,,b'\x11\xe8\xe1I\xd9\x05zZ\x98|\x12\xdf\x17\xaeN\x1e'
11E8E149-D905-7A5A-987C-12DF17AE4E1E,2020-ncaa-d2-natl,ncaa,95,88,173,93,178,163,150,226,53,125,142,106,176,250,27,249,191,123,282,123,123,209,199,62,99,132,213,194,194,183,137,149,75,172,84,156,173,176,196,170,59,40,9,5,,,169,204,,,79,202,209,18,151,122,226,100,131,176,253,186,102,101,205,195,177,110,141,157,188,51,6,,176,,,78,43,30,61,40,29,76,32,114,109,145,158,166,196,79,184,235,67,100,51,61,49,269,201,260,73,75,73,137,64,84,45,108,100,66,45,211,228,155,155,,,158,90,,,79,119,135,42,72,48,28,55,29,73,123,124,184,199,194,62,111,75,70,61,47,87,215,165,,113,,,b'\x11\xe8\xe1I\xd9\x05zZ\x98|\x12\xdf\x17\xaeN\x1e'
11E8E149-D905-7A5A-987C-12DF17AE4E1E,2021-ncaa-d2-conf-GAC,ncaa,4,5,3,3,4,3,4,2,7,3,3,5,4,4,7,6,3,1,8,1,3,2,2,6,5,9,5,5,4,1,4,5,4,2,3,5,8,10,9,8,3,3,1,1,,,11,10,,,3,3,8,8,7,7,8,7,8,6,6,5,4,4,7,8,5,9,7,8,6,6,1,,9,,,4,8,8,9,7,9,9,3,7,6,9,6,10,11,9,11,9,9,9,6,7,6,7,6,9,5,4,8,4,8,3,7,6,2,4,3,12,9,7,2,,,3,4,,,3,10,7,3,5,3,2,2,4,4,6,2,7,4,4,2,4,2,2,2,1,4,9,2,,4,,,b'\x11\xe8\xe1I\xd9\x05zZ\x98|\x12\xdf\x17\xaeN\x1e'
11E8E149-D905-7A5A-987C-12DF17AE4E1E,2021-ncaa-d2-natl,ncaa,44,112,47,70,58,52,57,50,111,60,55,89,66,57,130,123,34,25,118,25,51,47,38,111,101,116,110,130,62,18,31,56,79,39,40,80,164,198,145,158,49,79,5,9,,,202,186,,,87,51,93,121,89,102,95,98,98,112,103,44,37,37,80,67,38,129,65,148,160,83,10,,179,,,94,170,159,158,127,161,168,87,155,136,188,67,199,199,157,199,150,165,166,130,144,129,141,102,169,141,79,150,31,145,40,153,60,45,82,71,207,163,144,86,,,25,39,,,87,173,90,110,96,115,95,76,106,115,109,58,168,152,152,91,99,68,65,49,65,84,174,86,,24,,,b'\x11\xe8\xe1I\xd9\x05zZ\x98|\x12\xdf\x17\xaeN\x1e'
11E8E149-D905-7A5A-987C-12DF17AE4E1E,2022-ncaa-d2-conf-GAC,ncaa,2,2,5,2,8,7,6,6,6,3,3,6,12,12,12,12,9,4,12,2,7,6,6,9,11,10,12,12,10,2,1,8,3,5,1,6,6,7,7,7,3,2,1,1,,,6,8,,,2,7,8,9,7,7,6,2,1,12,12,9,3,3,5,5,2,10,4,5,8,3,1,,7,,,2,1,1,1,1,2,5,1,1,1,5,2,6,6,12,6,5,1,4,1,2,1,5,4,9,3,3,3,1,2,1,1,3,3,1,1,4,5,6,5,,,2,4,,,2,4,7,1,2,1,1,1,2,5,1,1,6,6,6,1,3,3,2,2,1,2,7,7,,2,,,b'\x11\xe8\xe1I\xd9\x05zZ\x98|\x12\xdf\x17\xaeN\x1e'
11E8E149-D905-7A5A-987C-12DF17AE4E1E,2022-ncaa-d2-natl,ncaa,59,81,47,70,60,68,61,56,102,30,24,109,213,200,221,271,68,23,279,23,100,50,43,151,171,156,276,270,126,19,24,107,139,55,51,95,197,222,122,151,18,18,25,25,,,270,247,,,43,67,134,224,105,87,100,34,39,265,253,102,34,34,70,85,37,208,87,149,146,30,32,,218,,,45,129,99,159,44,131,218,29,67,74,113,49,259,219,287,223,171,176,224,39,67,29,172,66,272,177,139,156,24,163,51,62,72,18,22,10,193,94,225,123,,,13,28,,,43,230,124,22,52,25,14,31,42,119,38,27,202,161,165,29,123,109,48,69,21,39,112,180,,16,,,b'\x11\xe8\xe1I\xd9\x05zZ\x98|\x12\xdf\x17\xaeN\x1e'
11E8E149-D905-7A5A-987C-12DF17AE4E1E,2023-ncaa-d2-conf-GAC,ncaa,1,1,1,1,2,3,2,5,1,3,3,1,7,7,6,9,2,2,6,2,2,4,4,2,1,1,9,10,3,3,2,3,2,3,2,2,2,11,8,3,4,5,3,4,,,7,7,,,2,4,8,8,5,5,9,3,4,8,9,2,3,3,8,9,4,3,3,2,8,6,4,,5,,,2,4,6,8,4,9,10,3,3,4,4,3,3,4,3,4,2,6,8,2,2,2,4,4,4,3,2,4,2,3,2,1,1,4,4,1,10,9,7,5,,,1,1,,,2,10,2,2,2,2,2,4,7,8,2,3,2,2,2,1,1,1,1,1,1,5,8,5,,1,,,b'\x11\xe8\xe1I\xd9\x05zZ\x98|\x12\xdf\x17\xaeN\x1e'
11E8E149-D905-7A5A-987C-12DF17AE4E1E,2023-ncaa-d2-natl,ncaa,11,10,30,9,43,55,60,101,29,40,75,28,143,143,130,199,26,29,101,33,67,78,61,39,34,56,210,232,79,72,58,40,45,45,9,41,58,242,182,90,78,99,16,31,,,211,152,,,28,65,225,195,100,106,253,63,179,201,219,58,73,81,227,212,138,91,96,54,155,134,25,,105,,,29,140,170,231,68,220,264,56,82,94,94,55,82,94,62,92,30,218,225,52,41,47,33,79,73,134,45,87,58,105,9,62,25,87,127,58,217,172,199,159,,,11,8,,,28,233,49,31,28,21,58,87,112,194,44,41,28,42,41,42,50,58,10,11,21,168,142,145,,24,,,b'\x11\xe8\xe1I\xd9\x05zZ\x98|\x12\xdf\x17\xaeN\x1e'
11E8E149-D905-7A5A-987C-12DF17AE4E1E,2024-ncaa-d2-conf-GAC,ncaa,1,1,1,1,2,2,1,4,1,2,4,1,3,3,1,7,4,5,5,5,8,4,5,1,1,1,7,6,10,8,7,1,3,4,2,1,2,6,4,2,6,6,2,3,,,3,2,,,1,3,10,7,3,2,9,4,8,5,8,7,9,9,9,10,9,2,5,1,3,6,2,,2,,,1,3,7,11,1,7,11,1,4,3,3,2,4,3,8,3,2,11,10,1,1,1,4,6,5,3,3,2,7,4,2,1,1,6,8,1,2,1,8,5,,,1,3,,,1,10,2,1,1,1,1,6,5,11,1,1,2,2,2,6,3,3,2,2,1,8,1,6,,4,,,b'\x11\xe8\xe1I\xd9\x05zZ\x98|\x12\xdf\x17\xaeN\x1e'
11E8E149-D905-7A5A-987C-12DF17AE4E1E,2024-ncaa-d2-natl,ncaa,6,6,8,5,10,32,26,52,19,32,59,27,55,83,32,152,50,62,75,67,125,52,49,20,17,31,157,142,179,160,178,11,29,32,27,36,114,219,121,71,109,177,8,26,,,187,62,,,12,32,235,227,91,86,246,100,208,120,188,137,164,169,241,264,246,49,146,85,82,201,19,,36,,,11,165,184,275,11,202,291,4,114,129,99,44,131,105,261,106,22,269,262,9,7,23,73,96,112,168,29,175,178,180,27,26,4,104,188,30,153,80,223,168,,,9,13,,,12,268,45,21,11,11,18,113,45,214,35,33,43,27,27,60,41,44,15,16,2,211,49,145,,61,,,b'\x11\xe8\xe1I\xd9\x05zZ\x98|\x12\xdf\x17\xaeN\x1e'
11E8E149-D905-7A5A-987C-12DF17AE4E1E,2025-ncaa-d2-conf-GAC,genius_ncaa,2,1,3,2,4,4,2,6,1,2,3,2,4,5,3,7,8,9,8,9,11,6,5,2,4,4,7,6,11,7,7,3,3,4,3,1,2,4,4,3,3,2,2,2,,,3,3,,3,1,3,8,8,4,2,6,2,6,5,6,10,10,9,7,11,8,3,6,2,3,3,2,,2,,3,1,1,1,5,1,4,9,1,1,2,2,3,6,10,4,8,3,5,10,1,1,1,3,3,10,7,3,8,7,6,3,1,4,2,2,1,10,9,8,7,,,3,4,,4,1,11,3,1,1,1,1,3,3,6,2,2,4,4,4,3,4,7,4,5,1,2,7,7,,4,,5,b'\x11\xe8\xe1I\xd9\x05zZ\x98|\x12\xdf\x17\xaeN\x1e'
11E8E149-D905-7A5A-987C-12DF17AE4E1E,2025-ncaa-d2-natl,genius_ncaa,40,31,72,34,76,117,102,136,76,107,135,78,104,129,81,132,189,206,117,200,217,143,174,71,87,63,170,122,234,183,195,118,143,148,152,103,142,44,43,51,118,116,38,34,,,141,146,,109,43,164,282,85,151,121,212,134,191,122,157,231,239,236,230,281,219,164,216,132,21,151,38,,89,,94,44,52,46,124,27,71,177,12,53,70,69,69,166,147,223,136,114,117,145,21,31,35,130,86,231,174,143,144,195,147,152,31,45,102,89,29,95,102,219,217,,,120,74,,57,43,140,74,35,36,14,15,32,33,115,35,36,124,109,98,34,37,138,89,95,15,138,58,197,,159,,71,b'\x11\xe8\xe1I\xd9\x05zZ\x98|\x12\xdf\x17\xaeN\x1e'
11E8E149-D905-7A5A-987C-12DF17AE4E1E,2026-ncaa-d2-conf-GAC,genius_ncaa,2,3,1,3,1,9,8,5,10,9,7,12,4,6,4,4,10,10,7,10,10,7,6,9,9,10,3,2,11,2,2,9,10,6,7,6,5,10,10,9,3,3,7,7,,,4,2,,10,6,8,9,1,10,9,6,11,8,4,7,11,11,11,9,8,2,9,7,7,10,4,7,,2,,10,6,3,3,3,5,6,9,5,2,2,2,3,4,4,4,4,2,3,4,2,2,2,1,1,3,10,10,5,2,6,7,3,4,2,3,2,9,9,12,12,,,8,8,,4,6,5,9,2,6,1,2,2,6,9,1,1,2,2,2,1,2,10,3,5,3,3,9,12,,9,,4,b'\x11\xe8\xe1I\xd9\x05zZ\x98|\x12\xdf\x17\xaeN\x1e'
11E8E149-D905-7A5A-987C-12DF17AE4E1E,2026-ncaa-d2-natl,genius_ncaa,157,196,59,188,84,160,199,154,248,247,213,256,57,53,118,32,111,121,110,112,43,150,135,210,194,205,7,20,76,146,204,183,172,165,222,187,159,198,211,220,109,115,164,195,,,206,223,,298,215,132,239,88,240,273,275,291,284,77,65,136,164,157,267,256,196,276,261,241,160,143,186,,161,,296,214,186,204,147,258,216,191,220,150,97,253,67,132,108,241,109,70,143,161,245,249,212,71,112,97,134,172,207,204,186,222,154,76,86,79,105,201,194,229,280,,,74,50,,57,215,168,210,195,218,123,161,45,187,146,106,32,84,55,55,29,47,85,169,135,107,117,163,224,,104,,77,b'\x11\xe8\xe1I\xd9\x05zZ\x98|\x12\xdf\x17\xaeN\x1e'
11E8E149-D909-D82A-987C-12DF17AE4E1E,2018-ncaa-d2-conf-Conference Carolinas,ncaa,10,8,9,10,9,10,10,9,10,10,5,11,9,11,4,11,3,3,7,3,3,9,9,9,9,9,6,8,2,10,11,7,8,10,11,9,4,5,7,8,11,11,7,5,,,2,2,,,11,8,2,4,9,10,9,8,4,9,11,2,2,2,6,6,8,5,8,9,8,11,6,,3,,,11,10,10,7,11,8,6,11,11,11,9,11,3,3,4,3,3,7,4,11,10,11,6,11,3,6,8,8,11,7,11,10,9,10,9,11,6,6,7,9,,,2,2,,,11,3,9,11,11,11,11,11,11,8,11,11,3,3,3,10,9,10,10,11,10,9,8,9,,2,,,b'\x11\xe8\xe1I\xd9\t\xd8*\x98|\x12\xdf\x17\xaeN\x1e'
11E8E149-D909-D82A-987C-12DF17AE4E1E,2018-ncaa-d2-natl,ncaa,270,254,250,270,252,224,258,193,284,251,145,300,220,246,135,251,102,90,189,90,98,179,189,282,263,246,94,187,20,238,281,193,279,219,296,264,225,99,126,235,272,288,202,220,,,19,7,,,292,171,35,56,186,242,77,227,51,198,222,44,38,39,54,61,210,88,141,256,183,260,185,,44,,,291,254,280,242,273,270,208,272,276,253,256,254,20,35,29,32,23,212,164,276,243,271,89,260,3,268,279,268,281,278,296,255,131,229,248,272,91,108,176,153,,,146,90,,,292,135,265,289,290,303,306,305,300,285,302,298,38,68,64,296,291,297,305,303,287,174,150,219,,44,,,b'\x11\xe8\xe1I\xd9\t\xd8*\x98|\x12\xdf\x17\xaeN\x1e'
11E8E149-D909-D82A-987C-12DF17AE4E1E,2019-ncaa-d2-conf-Conference Carolinas,ncaa,9,9,9,9,11,8,9,11,5,7,10,6,8,10,5,7,3,2,7,2,1,11,11,6,4,6,7,7,1,11,11,11,11,11,11,7,8,9,9,8,11,11,10,11,,,1,3,,,11,10,5,9,8,8,11,6,9,7,9,1,1,1,10,9,11,10,11,7,9,10,10,,4,,,11,11,11,7,11,9,2,11,11,10,8,11,6,3,9,3,6,6,2,11,11,11,7,9,2,10,11,3,11,6,11,11,11,11,11,11,10,11,1,1,,,3,1,,,11,1,8,11,11,11,11,11,11,5,11,11,6,6,6,11,8,11,5,10,11,11,10,1,,1,,,b'\x11\xe8\xe1I\xd9\t\xd8*\x98|\x12\xdf\x17\xaeN\x1e'
11E8E149-D909-D82A-987C-12DF17AE4E1E,2019-ncaa-d2-natl,ncaa,232,222,227,234,249,195,216,263,108,200,237,89,220,229,186,190,78,84,160,83,15,242,240,117,96,130,132,212,25,275,275,256,288,276,288,218,200,145,216,205,284,298,282,290,,,34,26,,,271,210,110,203,142,185,267,148,220,194,200,29,32,33,207,184,278,232,280,197,205,289,285,,55,,,268,253,277,187,277,231,98,303,277,282,183,288,72,68,197,61,108,164,120,284,277,292,149,256,31,260,288,95,275,177,288,285,237,254,269,299,195,249,6,11,,,93,7,,,271,86,175,302,271,296,297,285,282,155,295,303,120,107,105,274,235,282,175,248,296,236,238,4,,14,,,b'\x11\xe8\xe1I\xd9\t\xd8*\x98|\x12\xdf\x17\xaeN\x1e'
11E8E149-D909-D82A-987C-12DF17AE4E1E,2020-ncaa-d2-conf-Conference Carolinas,ncaa,11,11,9,11,11,11,11,12,9,10,11,9,11,11,12,11,4,2,12,2,1,12,11,11,10,11,9,11,1,12,12,12,12,12,12,12,8,12,12,12,9,8,10,9,,,4,5,,,12,9,2,9,11,11,12,10,9,11,11,3,1,1,12,9,12,12,12,11,12,8,10,,7,,,12,12,12,6,12,10,3,12,12,10,12,11,5,5,5,4,8,6,6,12,12,12,9,11,1,11,12,4,12,8,12,12,8,6,6,11,12,12,1,3,,,2,1,,,12,4,12,12,12,12,12,10,12,4,12,12,7,8,8,11,12,12,8,11,12,6,12,2,,1,,,b'\x11\xe8\xe1I\xd9\t\xd8*\x98|\x12\xdf\x17\xaeN\x1e'
11E8E149-D909-D82A-987C-12DF17AE4E1E,2020-ncaa-d2-natl,ncaa,277,296,102,288,154,253,261,239,269,239,182,253,250,219,275,216,162,62,301,66,39,205,154,271,274,281,174,228,46,278,301,257,302,275,307,265,239,280,283,290,148,177,277,288,,,145,71,,,309,98,95,227,289,291,282,265,222,268,246,170,62,64,253,192,293,289,301,289,271,156,284,,123,,,303,290,294,245,296,271,192,281,302,272,308,240,135,158,58,158,135,243,240,302,294,280,192,271,36,294,302,290,301,298,307,289,187,98,137,212,295,287,20,22,,,64,37,,,309,210,296,292,302,287,289,249,257,168,301,265,118,148,147,244,252,287,282,290,284,101,284,15,,48,,,b'\x11\xe8\xe1I\xd9\t\xd8*\x98|\x12\xdf\x17\xaeN\x1e'
11E8E149-D909-D82A-987C-12DF17AE4E1E,2021-ncaa-d2-conf-Conference Carolinas,ncaa,10,11,3,11,4,10,10,7,10,9,9,10,10,5,11,4,10,7,10,7,4,7,7,10,10,10,6,6,4,9,11,10,11,10,11,10,9,10,11,10,9,11,9,11,,,5,3,,,11,3,3,6,10,10,10,9,9,11,4,10,8,7,10,6,9,11,11,10,11,9,10,,4,,,11,11,11,10,11,11,8,11,10,10,10,9,6,5,10,6,4,9,9,11,11,11,4,8,2,11,11,10,11,10,11,10,3,7,10,10,11,11,3,4,,,5,5,,,11,9,11,11,11,11,11,11,11,8,10,11,5,5,5,11,11,11,11,11,9,8,11,2,,6,,,b'\x11\xe8\xe1I\xd9\t\xd8*\x98|\x12\xdf\x17\xaeN\x1e'
11E8E149-D909-D82A-987C-12DF17AE4E1E,2021-ncaa-d2-natl,ncaa,201,214,99,208,104,166,168,130,215,164,141,203,156,90,220,58,163,126,223,124,80,130,110,214,218,221,105,101,104,138,195,156,223,155,225,181,210,207,216,222,139,190,180,212,,,85,18,,,225,103,85,121,221,219,197,218,199,190,93,207,165,161,203,118,176,221,220,219,213,179,209,,27,,,223,167,179,148,203,168,126,216,196,183,181,199,93,87,135,88,55,140,132,216,204,204,116,189,17,210,223,148,195,167,225,144,28,113,154,130,186,207,78,88,,,112,148,,,225,121,222,221,224,203,211,189,194,126,214,214,66,62,65,184,172,210,181,203,134,128,197,48,,151,,,b'\x11\xe8\xe1I\xd9\t\xd8*\x98|\x12\xdf\x17\xaeN\x1e'
11E8E149-D909-D82A-987C-12DF17AE4E1E,2022-ncaa-d2-conf-Conference Carolinas,ncaa,11,11,7,11,10,10,11,4,12,10,9,10,6,4,13,3,9,8,12,9,5,5,5,11,12,11,4,3,6,6,10,8,7,7,9,9,10,5,6,10,10,9,10,10,,,2,1,,,11,6,3,9,10,11,6,10,9,5,3,9,7,7,6,6,7,8,6,9,7,9,10,,2,,,11,11,12,8,13,12,6,13,9,7,11,10,2,1,8,1,2,5,7,13,13,13,3,10,1,4,7,13,10,10,9,7,5,3,5,7,8,9,6,9,,,6,4,,,11,8,11,10,11,10,13,9,11,7,10,9,2,1,1,7,8,5,13,12,7,3,11,7,,6,,,b'\x11\xe8\xe1I\xd9\t\xd8*\x98|\x12\xdf\x17\xaeN\x1e'
11E8E149-D909-D82A-987C-12DF17AE4E1E,2022-ncaa-d2-natl,ncaa,240,276,106,258,124,188,195,94,285,209,146,256,148,56,286,69,175,121,273,123,117,90,86,284,285,271,99,109,144,103,212,160,171,137,258,188,162,223,168,230,157,194,213,234,,,60,20,,,273,89,62,158,255,259,88,253,175,166,47,206,132,128,86,74,108,205,165,229,201,175,223,,46,,,263,237,267,207,274,267,200,277,205,202,187,175,72,77,112,66,43,183,211,267,254,205,48,148,27,168,171,294,212,276,258,207,87,59,68,108,226,186,160,167,,,107,161,,,273,215,270,193,262,233,266,204,265,184,186,184,47,60,53,161,213,147,297,277,176,57,212,150,,112,,,b'\x11\xe8\xe1I\xd9\t\xd8*\x98|\x12\xdf\x17\xaeN\x1e'
11E8E149-D909-D82A-987C-12DF17AE4E1E,2023-ncaa-d2-conf-Conference Carolinas,ncaa,7,7,7,7,8,9,9,10,5,10,10,3,3,5,5,3,9,8,9,8,5,10,10,4,5,6,5,4,8,12,12,5,9,9,9,7,3,7,8,6,8,8,6,7,,,2,1,,,8,7,7,7,9,8,9,8,12,4,4,9,10,9,10,9,12,6,9,6,6,7,6,,3,,,8,8,10,10,7,10,10,7,10,10,8,9,4,4,9,4,2,10,9,7,7,8,6,8,4,11,9,8,12,10,9,8,7,10,11,9,8,10,2,5,,,8,5,,,8,8,7,8,8,8,10,13,7,11,10,11,5,4,4,11,8,10,9,11,7,10,8,2,,8,,,b'\x11\xe8\xe1I\xd9\t\xd8*\x98|\x12\xdf\x17\xaeN\x1e'
11E8E149-D909-D82A-987C-12DF17AE4E1E,2023-ncaa-d2-natl,ncaa,207,250,68,229,109,166,177,163,181,186,192,132,126,103,196,85,173,142,235,137,97,159,122,164,185,212,106,106,158,234,262,100,263,148,272,140,107,260,245,212,133,190,110,148,,,39,6,,,249,94,118,286,241,236,257,237,253,145,115,208,179,171,253,205,257,139,228,185,221,159,122,,18,,,243,229,258,264,144,242,246,160,235,259,132,202,73,72,145,72,27,254,243,150,122,141,96,202,24,291,263,239,262,280,272,216,108,104,166,156,260,249,119,143,,,130,141,,,249,215,244,184,239,194,240,267,224,229,219,231,49,49,49,250,233,277,210,265,179,133,240,82,,183,,,b'\x11\xe8\xe1I\xd9\t\xd8*\x98|\x12\xdf\x17\xaeN\x1e'
11E8E149-D909-D82A-987C-12DF17AE4E1E,2024-ncaa-d2-conf-Conference Carolinas,ncaa,10,8,8,9,8,8,9,12,4,7,10,4,8,10,8,10,7,8,7,8,5,11,11,5,5,5,8,10,5,13,12,10,7,10,9,11,8,6,8,8,5,4,2,2,,,5,4,,,9,7,3,8,7,5,11,6,10,8,10,6,6,6,9,9,12,7,8,9,7,3,2,,7,,,9,11,11,10,8,6,5,9,13,13,8,12,5,5,11,5,8,10,11,9,9,9,12,12,5,9,7,9,12,9,9,11,9,7,6,7,7,11,1,1,,,7,5,,,9,10,7,9,8,10,10,13,6,7,14,14,6,5,5,12,13,8,9,10,11,4,10,1,,6,,,b'\x11\xe8\xe1I\xd9\t\xd8*\x98|\x12\xdf\x17\xaeN\x1e'
11E8E149-D909-D82A-987C-12DF17AE4E1E,2024-ncaa-d2-natl,ncaa,187,197,172,191,201,186,178,192,160,159,162,137,212,188,233,177,171,147,224,148,131,182,170,174,176,202,211,210,140,250,272,137,197,196,253,167,138,199,212,191,121,144,78,57,,,54,17,,,242,133,43,227,190,172,179,136,142,216,184,162,134,134,173,120,254,97,195,161,204,111,59,,63,,,235,211,202,206,136,120,130,134,279,268,237,268,105,83,255,86,91,189,203,181,173,151,259,277,58,214,197,221,272,221,253,259,256,102,119,195,260,270,8,4,,,156,119,,,242,191,233,174,222,237,234,267,141,145,287,284,109,92,96,251,260,235,263,260,264,78,264,4,,124,,,b'\x11\xe8\xe1I\xd9\t\xd8*\x98|\x12\xdf\x17\xaeN\x1e'
11E8E149-D909-D82A-987C-12DF17AE4E1E,2025-ncaa-d2-conf-Conference Carolinas,genius_ncaa,13,12,13,13,13,10,11,9,10,11,14,10,5,5,6,3,9,9,10,8,3,10,10,7,8,8,3,4,6,15,15,15,14,15,15,6,4,8,10,7,2,5,11,9,,,11,8,,1,13,6,1,8,5,8,5,10,9,4,4,6,4,4,4,4,14,15,15,4,11,1,10,,13,,1,13,15,14,8,15,13,5,15,14,12,13,12,11,14,4,13,15,10,13,15,15,15,10,10,9,14,14,13,15,12,15,14,13,1,2,10,14,12,11,12,,,8,7,,2,13,11,11,15,13,15,15,13,13,10,15,14,13,14,14,14,14,14,13,14,15,1,14,13,,4,,2,b'\x11\xe8\xe1I\xd9\t\xd8*\x98|\x12\xdf\x17\xaeN\x1e'
11E8E149-D909-D82A-987C-12DF17AE4E1E,2025-ncaa-d2-natl,genius_ncaa,261,258,230,264,251,207,227,196,237,237,222,227,150,131,204,106,145,110,233,107,36,185,175,223,218,223,70,111,65,255,276,269,296,278,295,191,109,191,221,210,64,72,188,177,,,199,157,,47,280,146,9,207,153,198,88,215,159,111,79,80,54,47,70,44,230,270,273,145,246,36,163,,262,,66,276,243,208,123,275,178,94,266,227,174,270,184,258,261,92,263,282,156,198,276,281,218,239,181,209,276,296,238,276,270,295,246,232,44,39,123,241,268,90,134,,,166,140,,50,280,175,246,250,268,297,286,263,259,201,269,241,282,285,285,284,294,295,294,299,278,15,277,123,,70,,30,b'\x11\xe8\xe1I\xd9\t\xd8*\x98|\x12\xdf\x17\xaeN\x1e'
11E8E149-D909-D82A-987C-12DF17AE4E1E,2026-ncaa-d2-conf-Conference Carolinas,genius_ncaa,7,11,3,11,3,6,7,6,9,12,7,14,3,5,3,5,7,4,16,4,2,7,6,4,6,11,1,1,10,8,12,6,15,6,15,7,8,13,14,16,6,10,10,11,,,9,3,,5,16,6,4,3,10,14,12,16,16,2,8,11,6,6,12,9,11,13,14,11,13,10,11,,6,,3,16,14,15,14,15,15,11,16,14,15,9,14,10,10,11,10,6,13,12,15,14,13,9,12,6,14,15,12,12,13,15,16,13,5,12,16,16,16,14,14,,,4,6,,9,16,12,13,15,16,15,15,15,12,9,16,14,8,7,7,14,13,15,11,12,16,11,16,11,,6,,10,b'\x11\xe8\xe1I\xd9\t\xd8*\x98|\x12\xdf\x17\xaeN\x1e'
11E8E149-D909-D82A-987C-12DF17AE4E1E,2026-ncaa-d2-natl,genius_ncaa,201,239,59,229,84,120,150,113,222,207,173,240,47,53,94,63,117,60,277,55,26,101,81,176,198,224,20,30,126,157,236,177,289,170,290,129,116,271,252,221,141,233,137,171,,,135,20,,85,289,61,48,88,195,229,191,267,255,60,65,147,75,71,160,91,211,273,264,168,257,198,165,,64,,58,282,276,281,267,283,273,205,293,282,288,193,267,186,164,212,164,113,263,251,288,283,282,139,209,41,285,289,237,236,271,290,291,239,92,186,270,281,265,244,272,,,78,132,,97,289,231,235,291,282,293,293,282,282,170,276,289,140,123,122,278,263,281,232,276,289,129,264,236,,110,,129,b'\x11\xe8\xe1I\xd9\t\xd8*\x98|\x12\xdf\x17\xaeN\x1e'
11E8E149-D90E-6174-987C-12DF17AE4E1E,2018-ncaa-d2-conf-Mid-America Intercollegiate,ncaa,10,10,8,10,9,6,9,6,11,7,4,11,12,7,13,10,2,4,1,3,3,5,4,13,10,9,3,12,2,6,10,10,12,7,12,9,9,6,6,8,2,3,12,13,,,6,6,,,9,4,1,2,2,9,2,7,2,11,4,1,4,2,1,1,6,7,4,8,6,2,12,,7,,,9,12,13,12,10,12,13,9,6,4,14,4,7,7,4,7,6,11,12,10,9,8,2,5,6,13,12,14,10,14,12,14,9,6,6,10,10,7,11,10,,,6,7,,,9,10,9,10,9,14,13,14,13,14,9,7,7,7,7,14,14,13,14,14,14,2,9,11,,4,,,b'\x11\xe8\xe1I\xd9\x0eat\x98|\x12\xdf\x17\xaeN\x1e'
11E8E149-D90E-6174-987C-12DF17AE4E1E,2018-ncaa-d2-natl,ncaa,161,147,206,162,206,108,150,157,165,156,156,164,155,154,163,174,12,62,1,61,42,135,172,172,91,70,76,204,3,183,201,206,220,205,232,242,289,43,44,164,123,135,218,232,,,87,76,,,143,161,94,7,40,107,71,103,103,142,129,1,28,27,43,85,160,179,170,236,65,103,216,,137,,,143,224,244,163,253,243,174,257,183,148,214,140,146,120,236,120,110,156,149,247,249,248,102,132,99,177,220,179,201,183,232,157,61,170,166,161,103,116,218,213,,,126,97,,,143,139,75,251,145,271,279,251,280,241,207,192,192,162,165,249,239,214,241,248,192,125,141,246,,60,,,b'\x11\xe8\xe1I\xd9\x0eat\x98|\x12\xdf\x17\xaeN\x1e'
11E8E149-D90E-6174-987C-12DF17AE4E1E,2019-ncaa-d2-conf-Mid-America Intercollegiate,ncaa,10,10,11,10,13,8,9,11,6,9,12,6,9,10,2,6,11,11,4,10,10,12,12,6,5,6,6,5,9,12,10,10,10,11,12,9,9,6,8,8,12,13,12,13,,,6,11,,,10,12,2,13,6,7,5,7,6,5,6,7,10,9,4,4,10,5,10,8,8,11,12,,11,,,10,10,10,5,12,10,10,10,5,3,12,4,8,8,11,7,7,5,3,11,11,13,5,6,8,11,10,4,10,7,12,1,2,12,10,7,9,9,11,12,,,9,7,,,10,3,7,12,10,13,14,13,14,14,10,5,11,10,10,14,11,11,11,12,5,10,11,12,,6,,,b'\x11\xe8\xe1I\xd9\x0eat\x98|\x12\xdf\x17\xaeN\x1e'
11E8E149-D90E-6174-987C-12DF17AE4E1E,2019-ncaa-d2-natl,ncaa,250,213,287,243,299,202,189,262,45,189,243,53,155,208,58,146,242,256,64,252,189,265,280,53,57,64,165,134,226,246,194,263,188,265,197,222,254,42,129,141,291,287,241,239,,,63,173,,,210,279,117,286,62,52,113,76,142,99,126,162,194,178,125,151,183,151,166,162,133,277,214,,190,,,214,141,170,62,293,199,109,276,105,44,290,78,97,68,283,68,107,55,37,285,289,298,71,102,107,91,188,33,194,40,197,57,21,289,267,229,85,187,235,288,,,261,161,,,210,32,65,298,220,290,292,252,294,273,220,125,218,176,176,243,188,197,187,196,153,251,194,286,,160,,,b'\x11\xe8\xe1I\xd9\x0eat\x98|\x12\xdf\x17\xaeN\x1e'
11E8E149-D90E-6174-987C-12DF17AE4E1E,2020-ncaa-d2-conf-GLVC,ncaa,10,10,10,10,11,14,13,13,13,15,15,12,8,6,8,3,11,11,8,11,4,15,15,10,11,10,2,3,7,14,12,13,10,12,10,16,16,7,11,16,10,10,13,15,,,3,5,,,10,14,13,3,13,12,11,15,15,6,4,8,9,9,12,12,13,8,12,16,10,10,13,,4,,,10,8,11,9,13,12,10,11,7,4,14,5,3,3,11,3,3,5,3,12,12,13,3,10,2,7,10,8,12,7,10,7,5,13,12,11,9,11,10,13,,,12,7,,,10,3,10,12,10,12,13,12,13,14,11,6,3,4,3,11,6,9,12,10,9,12,12,10,,8,,,b'\x11\xe8\xe1I\xd9\x0eat\x98|\x12\xdf\x17\xaeN\x1e'
11E8E149-D90E-6174-987C-12DF17AE4E1E,2020-ncaa-d2-natl,ncaa,168,140,257,161,261,217,236,260,173,268,279,170,117,120,106,58,181,201,103,197,58,259,267,136,137,137,42,60,109,195,153,230,160,233,151,265,276,88,158,214,228,190,223,233,,,56,118,,,202,267,185,70,149,185,184,244,249,71,66,109,140,138,173,178,140,151,145,250,142,192,210,,124,,,205,122,172,93,253,195,151,213,126,51,295,89,51,38,250,39,40,63,49,246,228,251,64,141,55,99,160,78,153,76,151,153,138,253,220,240,143,225,137,241,,,205,66,,,202,48,133,257,194,236,264,227,269,263,195,116,90,65,66,193,157,170,163,170,226,214,220,192,,89,,,b'\x11\xe8\xe1I\xd9\x0eat\x98|\x12\xdf\x17\xaeN\x1e'
11E8E149-D90E-6174-987C-12DF17AE4E1E,2021-ncaa-d2-conf-GLVC,ncaa,13,13,14,13,14,13,14,14,11,14,13,11,9,8,12,4,10,12,2,11,4,14,14,11,11,11,2,5,4,11,11,15,10,14,11,12,10,5,10,13,12,11,11,9,,,6,9,,,13,13,12,3,12,12,12,14,12,7,6,6,9,9,13,11,10,14,15,13,8,11,10,,8,,,13,5,6,3,15,4,4,15,9,2,15,8,5,7,3,7,11,3,3,15,15,15,10,9,5,2,10,5,11,4,11,10,12,10,10,13,9,14,5,7,,,11,4,,,13,2,11,14,13,13,12,5,10,6,12,7,10,10,10,3,4,5,7,5,12,11,14,5,,5,,,b'\x11\xe8\xe1I\xd9\x0eat\x98|\x12\xdf\x17\xaeN\x1e'
11E8E149-D90E-6174-987C-12DF17AE4E1E,2021-ncaa-d2-natl,ncaa,140,199,68,176,68,78,91,92,104,94,105,80,69,65,119,80,49,67,28,62,43,90,90,93,77,89,73,95,56,112,152,120,118,121,159,99,151,153,129,138,113,166,95,126,,,160,161,,,188,79,163,17,120,131,168,142,175,97,95,60,102,93,154,158,172,215,218,156,112,175,135,,115,,,169,180,182,135,223,180,139,221,168,128,214,87,168,186,79,187,172,145,138,224,223,220,92,103,102,109,118,132,152,121,159,200,175,96,130,198,186,179,100,70,,,58,35,,,188,141,110,212,178,182,180,51,177,82,152,80,149,157,157,69,54,52,55,37,194,158,162,44,,69,,,b'\x11\xe8\xe1I\xd9\x0eat\x98|\x12\xdf\x17\xaeN\x1e'
11E8E149-D90E-6174-987C-12DF17AE4E1E,2022-ncaa-d2-conf-GLVC,ncaa,7,7,5,7,6,7,7,7,9,7,6,9,6,10,4,10,6,7,7,7,12,7,7,10,9,9,6,6,5,7,8,9,6,8,9,6,5,10,9,9,6,6,9,9,,,5,3,,,10,5,7,4,9,9,8,8,6,7,11,8,10,8,8,7,9,11,12,8,8,5,8,,5,,,10,8,12,11,13,12,10,12,7,6,12,6,6,6,8,5,2,9,10,13,12,10,2,7,2,5,6,7,8,7,9,11,6,7,6,8,8,8,11,9,,,5,5,,,10,10,9,8,10,8,12,8,11,9,8,5,3,5,3,5,4,3,6,5,9,6,7,10,,4,,,b'\x11\xe8\xe1I\xd9\x0eat\x98|\x12\xdf\x17\xaeN\x1e'
11E8E149-D90E-6174-987C-12DF17AE4E1E,2022-ncaa-d2-natl,ncaa,174,139,222,164,242,205,210,244,119,211,219,168,177,233,43,184,192,220,59,211,183,242,258,108,107,108,126,129,148,250,187,270,125,276,178,200,165,36,117,123,213,152,204,185,,,29,66,,,186,252,227,224,169,173,218,177,165,126,204,155,192,183,220,243,234,285,284,173,80,179,185,,44,,,185,87,132,55,269,141,75,257,109,74,233,153,44,35,271,33,56,40,35,262,263,255,76,151,53,22,125,38,187,23,178,99,97,243,177,199,47,117,85,143,,,214,81,,,186,51,133,238,189,176,219,90,222,122,157,113,72,52,45,64,44,40,45,32,143,209,86,125,,150,,,b'\x11\xe8\xe1I\xd9\x0eat\x98|\x12\xdf\x17\xaeN\x1e'
11E8E149-D90E-6174-987C-12DF17AE4E1E,2023-ncaa-d2-conf-GLVC,ncaa,10,9,9,10,11,12,11,10,9,9,10,6,11,9,12,6,12,11,11,11,10,11,12,10,12,12,11,11,8,7,5,9,6,10,7,8,5,4,7,6,9,9,2,1,,,5,6,,,10,12,11,8,12,10,7,5,7,11,7,11,10,10,9,9,5,7,10,7,6,9,1,,6,,,10,1,3,4,7,3,4,5,2,3,10,3,3,3,4,3,4,3,2,7,5,6,3,4,4,3,6,2,5,2,7,2,5,10,10,7,8,11,4,6,,,10,9,,,10,2,12,6,10,3,7,7,7,10,2,4,4,4,4,5,2,4,4,4,4,10,10,7,,8,,,b'\x11\xe8\xe1I\xd9\x0eat\x98|\x12\xdf\x17\xaeN\x1e'
11E8E149-D90E-6174-987C-12DF17AE4E1E,2023-ncaa-d2-natl,ncaa,207,162,255,198,272,238,215,259,97,201,248,92,212,223,185,156,247,254,177,249,193,265,278,113,124,118,221,179,201,243,136,275,96,279,110,192,133,22,103,95,282,267,141,107,,,28,160,,,193,276,199,208,156,122,161,96,144,172,157,194,194,186,170,206,191,232,237,121,92,271,90,,121,,,193,61,89,47,246,103,77,202,94,62,257,107,33,30,146,34,82,37,12,234,214,264,81,142,64,13,96,9,136,8,110,46,55,292,282,264,32,144,33,75,,,261,154,,,193,22,122,247,200,213,242,194,239,215,174,116,90,93,94,172,62,54,36,29,126,281,124,71,,191,,,b'\x11\xe8\xe1I\xd9\x0eat\x98|\x12\xdf\x17\xaeN\x1e'
11E8E149-D90E-6174-987C-12DF17AE4E1E,2024-ncaa-d2-conf-GLVC,ncaa,11,11,9,11,14,10,11,8,12,10,9,12,11,8,11,9,8,3,14,3,2,7,7,12,12,13,9,12,5,2,1,13,12,9,4,9,8,10,9,11,6,6,8,5,,,12,12,,,11,11,8,11,9,10,5,9,6,11,7,5,2,2,4,2,2,13,5,8,11,6,7,,12,,,11,9,6,3,11,2,1,11,14,12,13,14,8,8,7,8,12,3,2,13,13,13,14,14,7,7,12,1,1,2,4,14,14,6,5,11,12,11,11,9,,,2,3,,,11,3,8,13,11,11,8,5,3,1,14,13,9,10,10,5,4,9,5,5,14,5,12,12,,1,,,b'\x11\xe8\xe1I\xd9\x0eat\x98|\x12\xdf\x17\xaeN\x1e'
11E8E149-D90E-6174-987C-12DF17AE4E1E,2024-ncaa-d2-natl,ncaa,229,197,260,226,271,198,204,224,179,201,203,165,192,185,187,165,154,107,268,107,44,204,231,173,175,149,130,176,87,69,15,270,187,225,78,201,175,39,89,130,236,211,192,124,,,147,272,,,236,262,87,227,73,93,41,106,75,136,96,54,18,19,23,39,21,245,86,132,143,197,152,,267,,,237,174,127,41,286,44,18,277,282,210,297,277,171,150,239,147,274,42,31,294,295,296,291,287,142,41,187,20,15,19,78,202,230,258,213,271,55,108,131,162,,,133,53,,,236,35,111,293,242,285,273,191,155,43,296,281,247,232,230,213,170,129,86,102,273,198,150,201,,14,,,b'\x11\xe8\xe1I\xd9\x0eat\x98|\x12\xdf\x17\xaeN\x1e'
11E8E149-D90E-6174-987C-12DF17AE4E1E,2025-ncaa-d2-conf-GLVC,genius_ncaa,11,11,9,11,11,8,10,7,12,7,6,10,11,10,15,10,4,3,15,3,2,5,5,13,14,12,9,13,2,2,2,13,15,10,11,10,11,10,9,11,3,2,4,2,,,15,14,,14,12,7,3,11,7,9,4,5,5,10,7,4,1,1,3,2,2,13,8,10,12,2,4,,15,,14,12,12,5,2,11,3,1,12,11,12,7,13,15,15,12,15,15,8,9,11,14,13,15,9,15,14,15,6,2,6,11,15,15,3,2,9,10,9,7,8,,,4,7,,15,12,7,10,13,12,14,9,3,6,1,14,14,15,15,15,9,12,15,8,11,15,2,10,7,,2,,15,b'\x11\xe8\xe1I\xd9\x0eat\x98|\x12\xdf\x17\xaeN\x1e'
11E8E149-D90E-6174-987C-12DF17AE4E1E,2025-ncaa-d2-natl,genius_ncaa,243,200,275,241,285,232,241,255,205,215,225,178,229,206,248,176,155,84,286,81,16,227,254,212,216,189,156,200,50,121,50,284,231,253,168,250,226,33,87,177,171,93,129,38,,,200,294,,245,218,274,68,207,105,129,63,94,83,178,125,43,13,13,31,47,31,257,126,195,142,77,64,,292,,287,217,87,50,18,251,29,9,278,188,155,230,263,237,217,224,216,299,24,27,274,287,269,291,237,256,74,231,29,50,36,168,183,281,223,133,235,48,97,112,193,,,173,57,,250,218,28,152,269,221,275,207,129,135,25,275,277,290,282,282,200,206,196,185,181,276,106,145,228,,31,,220,b'\x11\xe8\xe1I\xd9\x0eat\x98|\x12\xdf\x17\xaeN\x1e'
11E8E149-D90E-6174-987C-12DF17AE4E1E,2026-ncaa-d2-conf-GLVC,genius_ncaa,8,12,1,12,1,7,7,4,12,4,3,12,6,4,11,8,3,1,15,1,3,3,2,12,14,14,8,8,6,1,3,3,14,2,9,10,12,13,13,14,4,7,1,1,,,12,8,,4,12,4,11,1,13,13,12,12,9,10,8,6,2,2,9,5,3,9,6,13,13,5,1,,5,,3,12,15,13,15,4,11,12,3,15,15,13,14,12,10,14,11,7,15,13,9,9,10,13,14,7,14,14,11,3,13,9,15,15,4,9,13,13,13,8,6,,,1,4,,3,12,12,11,12,12,11,9,12,3,8,13,14,7,5,5,12,9,13,6,12,13,9,13,7,,1,,5,b'\x11\xe8\xe1I\xd9\x0eat\x98|\x12\xdf\x17\xaeN\x1e'
11E8E149-D90E-6174-987C-12DF17AE4E1E,2026-ncaa-d2-natl,genius_ncaa,246,239,141,256,170,233,230,209,229,236,213,234,161,169,157,122,222,160,289,158,82,213,181,212,238,254,101,102,168,143,128,224,271,200,230,232,205,209,270,261,155,163,23,14,,,144,175,,85,270,189,193,88,259,251,245,258,234,155,158,228,134,130,247,161,124,261,212,248,253,156,23,,183,,94,265,168,155,133,183,99,92,139,250,217,266,256,141,115,230,109,169,128,123,224,226,244,268,273,134,232,271,126,128,161,230,257,294,192,184,272,255,276,51,75,,,137,71,,97,270,99,252,271,270,222,192,190,94,90,278,258,158,134,127,174,154,255,139,211,284,190,271,49,,88,,86,b'\x11\xe8\xe1I\xd9\x0eat\x98|\x12\xdf\x17\xaeN\x1e'
11E8E149-D912-A7B6-987C-12DF17AE4E1E,2018-ncaa-d2-conf-NSIC,ncaa,14,14,9,14,11,13,14,11,14,14,13,13,10,8,14,9,3,5,3,5,2,10,9,13,12,13,2,11,2,6,4,12,16,8,9,15,16,13,13,15,8,9,7,6,,,8,8,,,14,10,6,8,11,14,9,14,11,10,7,2,3,3,6,3,4,9,6,15,14,8,6,,9,,,14,12,13,12,11,10,8,10,11,12,10,11,7,8,4,8,8,11,10,9,9,13,10,11,6,15,16,5,4,9,9,15,13,11,13,16,15,13,11,13,,,11,12,,,14,3,12,15,14,15,15,16,12,10,12,13,7,8,8,16,14,16,6,13,16,9,15,13,,10,,,b'\x11\xe8\xe1I\xd9\x12\xa7\xb6\x98|\x12\xdf\x17\xaeN\x1e'
11E8E149-D912-A7B6-987C-12DF17AE4E1E,2018-ncaa-d2-natl,ncaa,279,272,250,281,260,245,276,252,256,277,264,247,181,161,206,100,155,206,41,202,80,249,257,232,210,204,53,121,40,177,131,253,282,231,215,289,290,73,169,264,274,263,100,79,,,55,104,,,260,270,232,134,229,270,213,273,233,150,109,92,150,147,209,207,127,216,172,292,141,262,70,,112,,,258,134,175,131,204,125,102,193,230,191,245,240,38,37,175,37,61,100,64,218,200,270,171,264,32,233,282,58,131,123,215,265,286,298,300,308,137,233,239,293,,,261,211,,,260,32,201,298,269,241,264,267,220,210,273,265,74,72,73,246,156,284,141,233,294,290,207,282,,243,,,b'\x11\xe8\xe1I\xd9\x12\xa7\xb6\x98|\x12\xdf\x17\xaeN\x1e'
11E8E149-D912-A7B6-987C-12DF17AE4E1E,2019-ncaa-d2-conf-NSIC,ncaa,11,10,9,11,11,9,12,8,13,14,14,10,4,2,13,1,8,11,1,9,7,8,7,11,12,13,2,1,9,3,4,12,9,9,10,11,15,14,11,15,3,2,11,12,,,12,12,,,10,7,4,4,7,10,4,14,14,1,2,7,8,8,4,3,3,11,5,11,14,3,11,,13,,,10,10,11,7,14,13,13,13,4,2,13,2,6,9,4,10,6,7,9,13,13,10,1,2,6,8,9,8,4,9,10,13,10,5,5,7,11,9,16,16,,,11,12,,,10,10,12,10,10,11,12,11,15,15,7,5,9,10,11,10,12,10,12,12,13,4,11,16,,8,,,b'\x11\xe8\xe1I\xd9\x12\xa7\xb6\x98|\x12\xdf\x17\xaeN\x1e'
11E8E149-D912-A7B6-987C-12DF17AE4E1E,2019-ncaa-d2-natl,ncaa,183,184,182,188,200,136,166,141,202,252,260,180,39,31,109,13,140,207,16,205,98,148,173,134,118,107,11,13,169,148,181,158,96,160,163,212,259,101,109,175,94,79,186,206,,,193,221,,,165,173,102,123,80,136,64,264,264,17,10,122,191,195,78,101,128,132,117,210,130,74,180,,224,,,168,211,241,160,267,252,208,236,159,93,280,74,108,115,134,122,95,154,132,260,236,244,64,112,73,85,96,217,181,166,163,227,153,194,202,236,105,104,286,306,,,213,236,,,165,150,97,233,158,250,268,219,269,255,189,106,129,131,146,207,186,106,255,200,236,185,120,297,,197,,,b'\x11\xe8\xe1I\xd9\x12\xa7\xb6\x98|\x12\xdf\x17\xaeN\x1e'
11E8E149-D912-A7B6-987C-12DF17AE4E1E,2020-ncaa-d2-conf-NSIC,ncaa,10,10,9,10,10,11,11,9,12,14,14,13,1,1,7,2,12,13,4,13,7,9,9,11,10,10,2,2,11,9,9,9,8,8,8,14,14,8,8,14,8,8,6,6,,,8,8,,,10,10,6,3,10,11,6,14,13,1,1,9,11,11,6,5,9,3,5,14,9,8,5,,10,,,10,5,10,7,10,14,13,12,2,3,1,3,4,7,5,5,4,7,6,7,4,8,2,2,7,6,8,9,9,10,8,7,5,11,11,10,7,8,12,15,,,14,14,,,10,7,10,8,10,8,11,13,14,15,3,5,6,8,7,13,11,9,12,12,9,9,8,12,,14,,,b'\x11\xe8\xe1I\xd9\x12\xa7\xb6\x98|\x12\xdf\x17\xaeN\x1e'
11E8E149-D912-A7B6-987C-12DF17AE4E1E,2020-ncaa-d2-natl,ncaa,131,124,173,130,186,134,172,153,183,244,247,188,38,42,70,38,122,187,16,185,93,161,189,127,113,90,19,27,124,214,233,116,61,158,142,226,274,59,62,157,194,189,96,116,,,181,209,,,124,182,158,68,109,160,114,250,250,31,34,95,179,175,128,176,207,72,131,233,68,198,85,,190,,,123,156,177,178,159,233,221,181,64,100,42,90,142,120,221,115,83,166,117,118,121,184,40,51,138,78,61,190,233,148,142,141,105,250,260,223,61,75,203,255,,,231,230,,,124,133,106,162,125,162,199,217,240,247,73,118,147,135,125,201,134,82,211,168,149,263,63,215,,236,,,b'\x11\xe8\xe1I\xd9\x12\xa7\xb6\x98|\x12\xdf\x17\xaeN\x1e'
11E8E149-D912-A7B6-987C-12DF17AE4E1E,2021-ncaa-d2-conf-NSIC,ncaa,6,2,9,5,9,7,10,9,14,14,12,14,2,4,4,2,7,9,1,9,5,10,9,9,7,9,1,1,5,6,6,3,5,4,3,11,12,9,8,14,7,8,2,3,,,5,3,,,5,9,4,4,4,9,4,14,9,1,2,3,6,4,4,2,4,1,1,12,15,5,2,,7,,,2,2,4,10,1,7,11,2,1,9,1,8,3,4,4,4,2,9,8,1,1,1,2,2,4,10,5,10,6,9,3,3,5,7,12,5,10,8,9,14,,,11,12,,,5,8,10,1,3,3,5,16,8,16,3,9,2,4,4,15,15,13,11,13,5,6,12,11,,9,,,b'\x11\xe8\xe1I\xd9\x12\xa7\xb6\x98|\x12\xdf\x17\xaeN\x1e'
11E8E149-D912-A7B6-987C-12DF17AE4E1E,2021-ncaa-d2-natl,ncaa,83,49,144,59,146,132,141,141,140,160,148,170,79,115,30,68,101,133,8,129,64,140,143,106,84,82,13,39,52,138,141,83,36,106,42,146,154,83,86,134,134,127,54,46,,,65,50,,,44,141,53,22,58,103,70,156,115,26,50,20,77,67,61,60,113,1,7,134,131,101,21,,79,,,36,56,65,95,10,84,110,21,46,77,3,63,58,61,130,58,21,88,81,8,6,18,26,39,106,77,36,98,141,85,42,56,69,159,185,102,78,98,129,174,,,148,147,,,44,86,93,14,39,47,77,194,135,202,26,108,68,66,64,187,170,123,172,165,63,161,130,178,,101,,,b'\x11\xe8\xe1I\xd9\x12\xa7\xb6\x98|\x12\xdf\x17\xaeN\x1e'
11E8E149-D912-A7B6-987C-12DF17AE4E1E,2022-ncaa-d2-conf-NSIC,ncaa,7,9,8,7,8,7,11,8,15,13,14,14,3,1,11,2,2,3,5,2,2,6,5,13,10,13,2,1,2,9,11,4,11,6,10,12,15,16,14,15,7,9,4,5,,,14,13,,,8,3,4,1,10,14,11,14,14,1,1,3,3,3,8,5,10,2,5,15,15,9,4,,14,,,8,10,10,13,2,13,15,2,5,4,10,2,11,11,8,11,7,15,14,2,2,4,4,3,11,14,11,13,11,14,10,10,10,7,10,10,15,12,14,15,,,5,7,,,8,13,15,5,8,7,7,13,11,16,3,2,11,11,11,15,13,13,11,13,9,8,13,14,,6,,,b'\x11\xe8\xe1I\xd9\x12\xa7\xb6\x98|\x12\xdf\x17\xaeN\x1e'
11E8E149-D912-A7B6-987C-12DF17AE4E1E,2022-ncaa-d2-natl,ncaa,129,139,146,134,147,139,178,169,185,228,243,166,62,57,128,36,69,104,31,99,17,155,167,147,118,112,13,49,45,239,262,85,78,147,163,216,239,113,124,199,212,227,38,50,,,215,241,,,139,141,128,35,119,197,165,257,266,52,37,49,95,90,143,167,250,32,133,239,111,214,33,,226,,,140,153,168,204,97,195,244,64,79,79,167,41,140,127,201,129,66,195,147,74,75,165,65,79,142,121,78,183,262,168,163,149,122,245,270,242,132,160,252,283,,,153,136,,,139,152,152,150,147,160,183,245,219,279,91,72,153,137,143,238,165,131,211,183,141,263,142,265,,149,,,b'\x11\xe8\xe1I\xd9\x12\xa7\xb6\x98|\x12\xdf\x17\xaeN\x1e'
11E8E149-D912-A7B6-987C-12DF17AE4E1E,2023-ncaa-d2-conf-NSIC,ncaa,4,4,3,4,3,3,4,2,4,5,13,2,1,1,2,1,5,4,5,4,2,2,2,2,2,2,1,1,11,8,9,8,10,9,8,6,12,11,6,8,4,5,14,16,,,14,14,,,5,2,7,6,4,4,8,9,15,1,1,6,6,7,6,7,9,13,11,8,6,5,15,,14,,,5,15,16,15,16,16,16,16,1,2,3,1,11,11,7,10,4,15,14,14,14,13,1,1,6,9,10,13,9,10,8,10,2,4,6,7,3,2,13,14,,,5,8,,,5,15,4,10,5,12,14,9,16,15,1,1,9,10,10,10,9,6,5,6,6,5,1,11,,9,,,b'\x11\xe8\xe1I\xd9\x12\xa7\xb6\x98|\x12\xdf\x17\xaeN\x1e'
11E8E149-D912-A7B6-987C-12DF17AE4E1E,2023-ncaa-d2-natl,ncaa,72,82,68,80,88,43,53,87,28,111,207,22,11,23,18,24,100,128,62,128,73,91,116,15,15,13,24,20,216,209,229,126,55,161,160,140,273,62,47,103,130,145,259,288,,,233,226,,,89,92,154,100,26,37,112,161,267,10,27,134,162,161,122,190,244,201,239,185,42,156,273,,203,,,89,260,280,218,289,294,272,286,40,51,84,21,168,137,260,139,45,208,181,270,266,271,3,11,78,55,55,189,229,136,160,170,24,179,219,192,14,13,263,288,,,146,171,,,89,210,22,245,87,243,273,180,289,271,24,22,126,96,96,154,107,39,129,75,130,222,7,262,,199,,,b'\x11\xe8\xe1I\xd9\x12\xa7\xb6\x98|\x12\xdf\x17\xaeN\x1e'
11E8E149-D912-A7B6-987C-12DF17AE4E1E,2024-ncaa-d2-conf-NSIC,ncaa,3,5,1,5,2,2,2,2,4,6,13,1,1,1,1,1,3,5,1,5,2,2,3,1,1,1,1,1,11,5,7,5,6,6,5,6,13,6,3,6,7,9,11,13,,,14,15,,,4,3,4,9,2,2,3,10,15,1,1,3,8,8,3,6,6,8,8,7,3,9,12,,14,,,5,15,14,13,14,15,15,14,1,2,2,1,15,15,9,15,12,14,14,11,12,12,1,1,14,10,6,8,7,9,5,10,3,6,11,11,3,4,9,10,,,8,11,,,4,14,1,10,4,13,13,9,14,13,1,1,15,15,15,12,12,3,3,3,8,10,3,9,,12,,,b'\x11\xe8\xe1I\xd9\x12\xa7\xb6\x98|\x12\xdf\x17\xaeN\x1e'
11E8E149-D912-A7B6-987C-12DF17AE4E1E,2024-ncaa-d2-natl,ncaa,98,115,78,110,107,45,62,74,57,166,236,35,4,7,16,6,103,155,19,145,57,80,110,16,16,9,6,3,230,149,177,121,63,125,129,116,220,38,23,60,179,197,217,258,,,271,276,,,102,105,146,219,26,46,74,211,285,4,7,126,184,175,90,178,177,155,170,135,25,202,233,,248,,,105,265,270,204,281,293,266,283,32,54,38,20,258,239,250,238,142,224,184,240,254,279,11,5,190,86,63,196,177,164,129,210,63,219,255,252,46,41,151,209,,,187,236,,,102,206,13,259,95,244,259,178,290,262,15,26,229,203,201,189,113,51,151,104,174,258,37,131,,241,,,b'\x11\xe8\xe1I\xd9\x12\xa7\xb6\x98|\x12\xdf\x17\xaeN\x1e'
11E8E149-D912-A7B6-987C-12DF17AE4E1E,2025-ncaa-d2-conf-NSIC,genius_ncaa,2,2,2,2,3,2,2,3,1,3,4,1,2,2,3,6,3,5,1,5,6,3,2,1,1,1,8,8,8,4,2,1,8,1,1,6,15,11,3,7,5,8,9,10,,,13,11,,9,3,3,2,11,2,2,2,3,5,3,5,2,8,8,2,2,4,1,1,7,6,7,9,,11,,8,3,12,14,15,2,15,15,5,2,7,1,2,13,13,7,13,4,15,14,2,2,4,1,1,10,15,8,1,2,8,1,8,5,6,10,7,12,6,7,4,,,5,10,,13,3,13,1,4,3,5,9,15,14,15,1,4,11,9,11,15,14,12,1,4,8,8,9,4,,9,,14,b'\x11\xe8\xe1I\xd9\x12\xa7\xb6\x98|\x12\xdf\x17\xaeN\x1e'
11E8E149-D912-A7B6-987C-12DF17AE4E1E,2025-ncaa-d2-natl,genius_ncaa,15,16,25,15,36,9,9,23,4,14,44,4,18,28,20,100,27,59,8,59,146,21,24,7,6,5,128,108,204,54,78,11,69,14,28,70,280,158,41,80,145,217,81,187,,,264,149,,252,17,23,66,207,7,9,37,20,106,31,63,46,116,117,42,78,108,13,17,111,70,209,125,,185,,202,19,283,286,297,138,297,297,153,85,163,29,41,253,225,265,226,49,294,279,91,102,171,17,29,161,235,69,177,78,205,28,239,81,169,268,232,166,59,193,106,,,80,214,,219,17,278,4,166,18,201,231,273,275,292,45,76,183,149,150,271,208,154,58,88,163,250,93,125,,161,,254,b'\x11\xe8\xe1I\xd9\x12\xa7\xb6\x98|\x12\xdf\x17\xaeN\x1e'
11E8E149-D912-A7B6-987C-12DF17AE4E1E,2026-ncaa-d2-conf-NSIC,genius_ncaa,6,7,2,7,4,3,3,5,4,6,13,2,2,1,9,2,6,8,4,8,5,5,9,3,2,3,2,2,9,8,8,9,3,8,5,4,4,5,5,5,13,10,13,13,,,4,8,,2,5,9,14,5,3,3,6,9,15,2,1,6,9,9,6,11,9,11,10,6,5,12,13,,2,,2,5,8,9,6,13,14,15,13,3,1,10,1,7,11,4,8,6,6,5,10,9,10,2,2,9,3,3,5,8,4,5,9,8,13,13,11,8,6,9,13,,,13,16,,11,5,5,3,9,5,6,8,4,14,14,3,1,7,12,9,4,3,2,4,4,7,14,7,8,,16,,11,b'\x11\xe8\xe1I\xd9\x12\xa7\xb6\x98|\x12\xdf\x17\xaeN\x1e'
11E8E149-D912-A7B6-987C-12DF17AE4E1E,2026-ncaa-d2-natl,genius_ncaa,107,144,59,135,67,62,69,84,88,136,192,45,11,9,80,6,141,169,71,166,116,95,117,52,61,37,24,12,239,75,102,79,47,77,51,63,118,75,31,30,241,262,137,197,,,144,141,,85,90,132,276,51,70,77,99,198,275,8,5,176,221,216,123,211,101,102,96,87,27,273,165,,69,,58,91,201,225,187,241,258,255,203,75,58,187,16,152,153,134,142,56,186,142,206,198,262,17,35,106,90,47,179,102,145,51,132,32,251,282,249,114,78,204,251,,,187,246,,247,90,153,22,240,100,144,199,120,258,251,44,12,104,114,104,110,19,47,106,60,86,291,73,187,,262,,262,b'\x11\xe8\xe1I\xd9\x12\xa7\xb6\x98|\x12\xdf\x17\xaeN\x1e'
11E8E149-D917-019E-987C-12DF17AE4E1E,2018-ncaa-d2-conf-GAC,ncaa,2,1,3,2,5,1,2,2,4,2,2,5,1,2,1,4,1,2,4,2,5,2,2,3,2,1,4,5,5,4,6,2,2,3,3,1,8,1,1,1,6,8,2,2,,,3,1,,,1,2,1,11,1,1,1,3,5,2,2,1,2,2,1,1,4,1,1,2,1,8,2,,1,,,1,10,11,12,5,11,12,4,7,11,3,8,3,3,12,3,1,12,11,4,3,4,4,7,3,6,2,12,6,11,3,9,3,10,11,9,1,1,10,7,,,3,5,,,1,11,1,5,1,8,9,12,11,12,7,11,3,2,2,11,11,6,10,9,5,10,1,9,,3,,,b'\x11\xe8\xe1I\xd9\x17\x01\x9e\x98|\x12\xdf\x17\xaeN\x1e'
11E8E149-D917-019E-987C-12DF17AE4E1E,2018-ncaa-d2-natl,ncaa,17,18,24,20,35,6,11,10,70,42,40,92,7,10,36,84,2,3,39,3,35,7,11,49,34,10,27,64,71,58,178,11,37,16,95,59,254,57,3,34,84,169,18,39,,,217,52,,,35,9,23,226,4,19,14,68,105,9,16,3,11,15,8,34,103,13,24,95,20,144,31,,98,,,44,302,297,301,139,279,291,102,303,298,267,223,258,226,303,220,86,300,298,176,178,216,242,268,114,215,37,304,178,293,95,256,71,106,236,197,40,5,302,276,,,14,123,,,35,300,9,198,52,265,253,285,189,245,282,270,203,142,130,279,260,130,272,234,174,192,10,295,,47,,,b'\x11\xe8\xe1I\xd9\x17\x01\x9e\x98|\x12\xdf\x17\xaeN\x1e'
11E8E149-D917-019E-987C-12DF17AE4E1E,2019-ncaa-d2-conf-GAC,ncaa,1,1,1,1,2,1,1,1,1,1,2,1,1,1,4,4,1,2,1,2,5,1,1,2,1,1,4,3,5,2,5,3,9,3,7,1,8,1,1,1,1,1,3,3,,,7,2,,,1,1,1,9,1,1,1,1,2,1,1,1,2,2,1,1,2,5,3,1,1,1,3,,5,,,1,11,12,12,6,12,12,7,4,6,3,4,4,4,6,4,1,11,12,7,4,1,2,4,3,11,9,12,5,12,7,9,5,1,1,3,2,1,9,7,,,2,8,,,1,12,1,1,1,6,8,8,10,11,4,4,2,2,2,7,12,10,12,11,8,1,1,9,,4,,,b'\x11\xe8\xe1I\xd9\x17\x01\x9e\x98|\x12\xdf\x17\xaeN\x1e'
11E8E149-D917-019E-987C-12DF17AE4E1E,2019-ncaa-d2-natl,ncaa,1,3,1,3,1,2,3,2,96,8,6,76,2,2,60,43,1,1,18,1,16,2,2,64,42,10,20,54,64,24,211,4,138,5,215,12,166,106,1,6,4,6,41,127,,,303,75,,,9,2,35,4,5,13,8,97,139,9,7,2,9,11,6,26,126,119,107,46,7,7,112,,148,,,15,309,308,310,162,307,307,178,299,307,118,153,282,276,209,277,81,310,310,159,150,72,85,120,99,301,138,311,211,311,215,304,128,3,20,39,131,5,307,271,,,2,113,,,9,310,13,62,17,184,208,216,211,218,157,170,114,99,101,187,275,151,283,262,170,15,14,269,,40,,,b'\x11\xe8\xe1I\xd9\x17\x01\x9e\x98|\x12\xdf\x17\xaeN\x1e'
11E8E149-D917-019E-987C-12DF17AE4E1E,2020-ncaa-d2-conf-GAC,ncaa,2,2,5,2,5,4,6,2,12,8,7,12,1,1,10,1,1,2,7,2,1,2,4,11,10,5,1,1,6,5,8,7,10,6,11,5,4,1,1,1,2,2,5,4,,,7,3,,,2,5,3,3,2,5,1,9,8,1,1,1,2,2,1,3,4,7,5,4,1,2,5,,7,,,2,7,6,8,6,8,8,8,3,5,1,3,6,5,12,5,4,7,10,5,5,2,4,3,6,11,10,12,8,12,11,9,8,2,2,3,1,1,11,10,,,1,4,,,2,8,5,3,3,7,7,8,8,10,3,5,7,6,6,8,11,11,12,12,9,2,1,11,,1,,,b'\x11\xe8\xe1I\xd9\x17\x01\x9e\x98|\x12\xdf\x17\xaeN\x1e'
11E8E149-D917-019E-987C-12DF17AE4E1E,2020-ncaa-d2-natl,ncaa,47,59,54,57,67,24,61,15,221,172,137,197,9,4,134,20,11,12,152,12,10,10,25,162,152,74,10,21,69,82,238,86,224,73,271,76,142,32,4,32,6,14,65,105,,,243,119,,,62,14,20,100,18,69,10,221,200,10,5,17,19,19,7,30,110,126,111,92,15,6,84,,207,,,65,260,251,266,152,257,260,163,178,210,106,122,237,202,284,203,125,266,295,135,148,81,110,105,175,275,224,311,238,310,271,239,172,13,41,64,49,13,292,285,,,7,30,,,62,294,85,92,75,204,203,225,213,229,139,162,208,158,161,231,291,247,308,303,198,19,29,280,,12,,,b'\x11\xe8\xe1I\xd9\x17\x01\x9e\x98|\x12\xdf\x17\xaeN\x1e'
11E8E149-D917-019E-987C-12DF17AE4E1E,2021-ncaa-d2-conf-GAC,ncaa,1,2,2,2,2,1,1,1,4,2,1,3,1,1,3,1,6,8,2,8,10,1,1,3,3,2,1,1,12,5,9,2,9,1,10,1,2,6,1,1,1,1,2,4,,,8,1,,,1,1,3,8,2,2,2,5,6,1,1,11,11,11,3,5,6,7,8,1,2,1,4,,3,,,1,12,12,11,8,11,12,7,8,8,6,5,9,9,8,9,4,11,12,5,5,1,4,4,6,12,9,12,9,12,10,9,5,1,1,1,7,1,11,8,,,5,11,,,1,12,2,1,1,4,6,6,8,7,4,4,2,3,3,6,7,8,12,10,4,1,2,7,,11,,,b'\x11\xe8\xe1I\xd9\x17\x01\x9e\x98|\x12\xdf\x17\xaeN\x1e'
11E8E149-D917-019E-987C-12DF17AE4E1E,2021-ncaa-d2-natl,ncaa,12,35,19,21,27,7,6,2,65,20,18,53,3,1,45,10,58,84,20,79,202,4,8,37,44,16,32,12,219,25,163,31,156,22,194,7,68,119,5,2,2,2,23,68,,,198,35,,,10,10,12,121,4,5,5,55,76,1,2,151,189,189,7,17,82,108,90,5,13,3,49,,97,,,15,209,207,207,142,209,214,126,180,183,119,71,199,194,169,197,62,208,221,129,129,62,62,76,89,221,156,225,163,225,194,184,44,2,14,15,133,16,200,117,,,54,212,,,10,218,18,61,20,155,168,166,174,175,104,97,112,90,99,162,209,166,219,215,85,8,27,141,,176,,,b'\x11\xe8\xe1I\xd9\x17\x01\x9e\x98|\x12\xdf\x17\xaeN\x1e'
11E8E149-D917-019E-987C-12DF17AE4E1E,2022-ncaa-d2-conf-GAC,ncaa,1,1,1,1,1,1,1,1,1,1,2,1,1,1,3,1,10,10,6,10,12,1,1,1,2,1,7,2,12,3,6,1,1,1,3,1,2,3,1,1,1,1,4,5,,,3,2,,,1,1,2,5,1,1,1,1,3,1,1,10,10,10,2,2,4,1,1,1,1,2,6,,3,,,1,6,8,11,2,7,11,2,6,6,3,6,5,4,10,4,1,10,12,2,1,2,4,6,5,2,1,12,6,11,3,4,2,1,3,2,5,2,5,3,,,7,11,,,1,12,1,2,1,3,4,8,6,9,5,5,3,2,2,6,9,1,11,6,3,3,2,4,,11,,,b'\x11\xe8\xe1I\xd9\x17\x01\x9e\x98|\x12\xdf\x17\xaeN\x1e'
11E8E149-D917-019E-987C-12DF17AE4E1E,2022-ncaa-d2-natl,ncaa,5,5,18,4,25,3,4,2,47,12,18,42,2,3,26,31,96,101,132,99,246,3,8,31,42,9,84,28,291,35,181,3,11,7,67,4,87,71,2,1,9,32,53,114,,,192,25,,,5,6,21,186,2,2,5,20,74,2,9,187,203,201,7,28,95,2,12,2,11,28,87,,66,,,5,275,278,289,91,273,288,60,262,252,210,122,180,165,193,166,41,285,293,96,80,73,125,185,69,132,11,300,181,297,67,178,35,22,97,44,130,15,231,114,,,57,271,,,5,297,8,38,9,141,173,237,166,242,167,148,83,74,75,217,236,47,287,206,75,72,45,152,,188,,,b'\x11\xe8\xe1I\xd9\x17\x01\x9e\x98|\x12\xdf\x17\xaeN\x1e'
11E8E149-D917-019E-987C-12DF17AE4E1E,2023-ncaa-d2-conf-GAC,ncaa,7,7,9,7,11,8,8,6,11,12,11,9,2,2,8,2,11,10,9,10,10,8,9,9,10,10,2,2,10,10,10,12,11,11,12,11,9,1,2,7,5,3,11,10,,,3,2,,,10,8,4,11,7,7,3,12,10,2,2,10,10,9,4,6,10,11,11,11,2,3,11,,4,,,10,7,11,4,11,11,7,11,5,3,11,4,4,3,8,3,3,3,4,11,11,11,2,3,3,6,11,11,10,11,12,9,4,3,2,4,3,4,8,12,,,8,9,,,10,4,9,11,11,11,11,6,11,9,6,4,5,5,5,5,10,8,12,11,9,2,4,11,,7,,,b'\x11\xe8\xe1I\xd9\x17\x01\x9e\x98|\x12\xdf\x17\xaeN\x1e'
11E8E149-D917-019E-987C-12DF17AE4E1E,2023-ncaa-d2-natl,ncaa,222,239,148,237,192,158,156,99,247,227,228,198,41,18,166,10,262,265,181,263,234,126,168,186,217,152,28,11,283,209,269,269,270,263,294,219,257,24,20,120,98,91,276,283,,,99,75,,,238,156,98,280,150,138,30,242,231,21,8,270,276,273,68,147,212,285,284,225,25,85,281,,104,,,233,219,254,130,290,264,165,288,146,100,253,109,98,73,242,74,69,123,149,284,281,246,39,100,45,191,270,283,269,272,294,210,116,84,71,139,51,67,231,273,,,200,213,,,238,141,165,261,235,260,274,172,279,198,164,104,95,82,83,139,201,215,297,288,227,68,72,244,,210,,,b'\x11\xe8\xe1I\xd9\x17\x01\x9e\x98|\x12\xdf\x17\xaeN\x1e'
11E8E149-D917-019E-987C-12DF17AE4E1E,2024-ncaa-d2-conf-GAC,ncaa,5,6,3,5,4,6,5,2,11,8,6,11,2,1,9,1,11,11,10,11,12,3,3,10,11,10,4,2,12,4,9,8,11,6,12,5,5,4,2,3,2,2,5,6,,,12,12,,,8,2,6,7,8,8,1,10,9,2,1,12,12,12,4,7,7,11,9,7,2,2,6,,12,,,8,11,9,7,11,8,8,10,6,8,7,6,10,11,5,11,11,8,11,9,10,4,6,5,11,11,11,12,9,12,12,9,7,1,3,3,6,3,9,8,,,8,10,,,8,11,9,5,7,6,6,2,7,4,6,5,10,10,10,3,6,7,12,12,7,3,3,8,,11,,,b'\x11\xe8\xe1I\xd9\x17\x01\x9e\x98|\x12\xdf\x17\xaeN\x1e'
11E8E149-D917-019E-987C-12DF17AE4E1E,2024-ncaa-d2-natl,ncaa,144,183,78,163,110,160,157,65,271,224,157,268,37,20,174,20,257,260,189,260,272,91,122,244,258,209,39,11,280,133,237,232,236,198,283,188,203,46,34,117,34,34,135,131,,,279,287,,,202,118,178,227,218,207,52,270,214,35,16,280,279,279,105,192,158,286,269,218,34,43,157,,274,,,188,187,143,79,232,156,106,225,133,103,205,120,263,261,193,261,276,117,188,231,243,146,193,114,264,179,236,292,237,273,283,126,124,33,29,43,48,44,238,260,,,181,225,,,202,186,203,160,187,136,93,12,102,41,105,69,236,230,231,31,116,142,285,264,98,43,38,233,,238,,,b'\x11\xe8\xe1I\xd9\x17\x01\x9e\x98|\x12\xdf\x17\xaeN\x1e'
11E8E149-D917-019E-987C-12DF17AE4E1E,2025-ncaa-d2-conf-GAC,genius_ncaa,5,5,5,5,8,8,8,4,12,11,6,11,4,4,11,3,7,10,6,10,10,5,7,12,12,9,4,3,7,6,11,10,8,9,11,12,12,2,2,6,1,1,7,6,,,9,8,,1,6,6,3,12,10,11,3,11,7,4,3,8,9,10,4,6,6,11,9,12,2,1,7,,9,,2,6,3,3,2,8,5,4,4,5,3,10,4,7,9,6,10,9,2,5,8,8,2,6,6,9,3,8,12,11,12,11,6,10,1,1,2,2,2,9,11,,,7,7,,1,6,7,9,2,6,4,3,2,5,4,5,4,7,8,8,2,5,4,12,12,6,1,2,10,,9,,1,b'\x11\xe8\xe1I\xd9\x17\x01\x9e\x98|\x12\xdf\x17\xaeN\x1e'
11E8E149-D917-019E-987C-12DF17AE4E1E,2025-ncaa-d2-natl,genius_ncaa,107,131,72,123,103,141,155,91,244,184,156,236,83,54,183,64,145,194,32,200,201,112,148,219,209,141,62,72,148,191,252,204,178,207,269,247,291,26,10,154,58,48,163,155,,,212,228,,38,120,139,240,207,206,217,130,256,223,95,68,181,233,236,159,258,227,279,277,289,9,74,181,,165,,31,122,107,89,89,143,84,105,97,157,108,263,131,187,157,247,160,186,93,152,162,175,93,236,185,200,138,178,280,252,255,269,124,172,47,28,52,36,29,260,263,,,137,112,,15,120,158,156,91,124,57,43,17,38,43,126,64,137,118,124,18,48,102,253,201,90,64,22,252,,176,,13,b'\x11\xe8\xe1I\xd9\x17\x01\x9e\x98|\x12\xdf\x17\xaeN\x1e'
11E8E149-D917-019E-987C-12DF17AE4E1E,2026-ncaa-d2-conf-GAC,genius_ncaa,7,8,1,8,1,5,5,2,7,5,4,6,5,3,8,3,8,5,12,5,8,2,2,8,10,11,8,7,9,1,1,2,6,1,3,2,2,11,11,5,1,2,1,2,,,10,10,,4,8,2,2,1,6,6,2,6,5,6,3,9,6,6,2,2,1,3,1,2,11,2,2,,10,,4,8,8,5,10,3,3,3,1,10,12,8,12,9,7,11,7,11,10,11,5,6,6,12,11,9,7,6,10,1,8,3,9,11,3,5,7,11,10,9,8,,,5,10,,6,8,11,10,6,8,8,4,9,1,2,10,12,9,7,7,9,11,7,9,8,9,4,11,9,,6,,6,b'\x11\xe8\xe1I\xd9\x17\x01\x9e\x98|\x12\xdf\x17\xaeN\x1e'
11E8E149-D917-019E-987C-12DF17AE4E1E,2026-ncaa-d2-natl,genius_ncaa,157,196,59,188,137,125,126,118,174,113,124,111,167,115,233,149,104,63,256,60,65,103,94,185,195,206,198,195,103,42,38,91,134,61,57,107,91,231,212,181,47,50,18,7,,,251,265,,256,164,121,201,281,203,196,203,156,190,206,160,131,79,80,166,134,49,122,61,139,208,60,25,,240,,242,165,172,118,165,40,59,85,40,255,265,177,282,263,247,230,251,285,184,179,91,143,126,296,276,261,178,134,150,38,163,57,181,261,104,132,146,230,211,92,78,,,82,105,,165,164,180,175,122,163,105,40,71,12,15,252,267,249,230,233,107,103,142,73,96,152,148,203,58,,119,,202,b'\x11\xe8\xe1I\xd9\x17\x01\x9e\x98|\x12\xdf\x17\xaeN\x1e'
11E8E149-D91B-3796-987C-12DF17AE4E1E,2018-ncaa-d2-conf-SIAC,ncaa,3,1,12,2,13,3,2,12,1,2,11,1,4,9,1,5,10,13,1,13,13,13,13,1,1,1,10,4,13,12,7,11,10,12,7,2,3,1,5,1,7,5,12,13,,,2,3,,,1,13,8,13,1,1,8,1,7,3,8,8,13,13,10,12,12,7,11,1,2,4,12,,3,,,1,2,5,6,8,5,6,8,6,7,4,9,2,1,9,1,2,3,2,7,7,7,3,8,3,6,10,1,7,1,7,5,8,13,11,11,1,6,11,12,,,12,9,,,1,1,1,8,1,9,10,10,10,8,8,10,4,3,1,8,6,10,1,3,10,10,3,12,,11,,,b'\x11\xe8\xe1I\xd9\x1b7\x96\x98|\x12\xdf\x17\xaeN\x1e'
11E8E149-D91B-3796-987C-12DF17AE4E1E,2018-ncaa-d2-natl,ncaa,78,18,293,36,294,182,166,286,14,147,241,24,206,274,37,224,200,217,127,216,139,282,281,17,17,36,231,210,174,276,176,251,229,277,160,130,96,62,191,83,141,79,270,277,,,61,157,,,59,277,78,120,37,32,161,28,109,145,225,90,96,101,138,125,226,76,149,37,203,59,264,,216,,,47,6,17,32,59,47,83,70,8,21,21,44,71,108,28,98,155,34,46,36,29,45,58,35,216,156,229,5,176,21,160,19,113,199,116,69,73,184,196,249,,,253,133,,,59,29,56,63,49,122,130,226,188,264,33,92,201,238,232,242,253,275,56,150,108,86,192,275,,118,,,b'\x11\xe8\xe1I\xd9\x1b7\x96\x98|\x12\xdf\x17\xaeN\x1e'
11E8E149-D91B-3796-987C-12DF17AE4E1E,2019-ncaa-d2-conf-SIAC,ncaa,8,7,6,8,6,3,3,6,3,3,6,2,6,9,5,8,9,7,9,7,10,6,6,3,3,5,11,8,12,9,7,1,7,3,6,1,1,11,11,1,9,12,8,9,,,5,3,,,9,5,5,5,5,2,9,3,7,7,8,11,11,11,10,7,10,2,4,1,10,12,7,,4,,,9,11,11,12,8,10,12,8,7,9,2,5,4,5,1,5,2,12,11,7,3,9,3,6,2,11,7,5,7,9,6,10,3,11,12,12,12,12,12,11,,,10,12,,,9,8,7,9,9,11,11,12,11,11,7,8,2,3,3,12,9,10,4,8,7,12,12,11,,12,,,b'\x11\xe8\xe1I\xd9\x1b7\x96\x98|\x12\xdf\x17\xaeN\x1e'
11E8E149-D91B-3796-987C-12DF17AE4E1E,2019-ncaa-d2-natl,ncaa,216,160,287,205,290,267,247,286,116,195,225,120,280,287,219,262,258,204,296,201,147,277,247,152,191,259,279,265,184,210,123,142,249,174,134,126,10,275,299,204,266,269,211,245,,,75,99,,,216,248,42,33,195,148,202,85,103,273,272,197,98,98,180,46,122,12,30,33,304,222,176,,207,,,222,38,83,138,74,178,236,77,15,25,17,20,63,160,1,157,94,132,93,39,23,62,12,18,129,267,249,24,123,99,134,54,70,267,272,182,296,300,201,247,,,287,278,,,216,60,259,118,222,202,242,302,289,307,22,71,161,246,246,302,295,302,140,263,148,195,304,270,,221,,,b'\x11\xe8\xe1I\xd9\x1b7\x96\x98|\x12\xdf\x17\xaeN\x1e'
11E8E149-D91B-3796-987C-12DF17AE4E1E,2020-ncaa-d2-conf-SIAC,ncaa,5,4,7,6,7,7,5,12,1,4,11,1,7,10,2,7,10,11,2,11,10,12,11,1,1,2,9,7,11,11,7,3,6,8,3,1,1,12,12,2,13,13,11,11,,,4,4,,,10,11,9,5,5,3,12,4,11,7,9,11,11,11,12,11,11,2,6,1,12,13,10,,4,,,10,12,12,10,10,13,11,10,6,9,6,8,4,4,8,4,1,10,3,9,8,13,2,5,2,7,6,1,7,3,3,11,7,13,13,13,13,13,2,2,,,11,10,,,10,4,2,12,9,12,12,12,12,13,8,10,4,4,4,11,5,8,1,3,12,13,13,2,,12,,,b'\x11\xe8\xe1I\xd9\x1b7\x96\x98|\x12\xdf\x17\xaeN\x1e'
11E8E149-D91B-3796-987C-12DF17AE4E1E,2020-ncaa-d2-natl,ncaa,179,155,257,173,266,221,216,287,48,160,229,49,270,287,155,264,185,185,172,185,126,276,254,76,72,172,267,267,101,223,104,152,227,195,95,102,10,261,302,172,293,296,175,199,,,132,178,,,206,258,141,77,168,156,267,76,151,259,284,114,116,120,251,156,175,39,83,35,293,287,149,,213,,,210,105,132,146,131,190,213,117,51,48,90,44,147,178,45,181,148,148,86,102,87,174,55,49,171,243,227,13,104,59,95,124,122,285,288,257,280,300,87,118,,,231,135,,,206,59,184,218,208,225,228,276,261,295,93,112,211,241,241,280,237,285,29,133,183,270,303,127,,136,,,b'\x11\xe8\xe1I\xd9\x1b7\x96\x98|\x12\xdf\x17\xaeN\x1e'
11E8E149-D91B-3796-987C-12DF17AE4E1E,2021-ncaa-d2-conf-SIAC,ncaa,6,6,6,6,6,7,7,6,5,7,7,4,6,6,3,2,6,6,7,6,2,6,6,5,5,6,1,2,5,7,9,6,8,6,8,5,1,4,9,7,6,8,4,5,,,5,3,,,8,6,6,4,6,6,9,7,9,3,4,7,6,6,9,7,9,5,8,5,9,6,5,,4,,,8,4,4,4,6,4,4,7,5,4,4,6,4,4,8,4,2,4,4,6,6,6,2,5,2,4,8,4,9,4,8,4,6,6,7,7,5,8,4,7,,,6,8,,,8,4,6,8,8,6,8,8,8,7,6,8,4,3,3,8,8,9,3,7,7,6,8,4,,9,,,b'\x11\xe8\xe1I\xd9\x1b7\x96\x98|\x12\xdf\x17\xaeN\x1e'
11E8E149-D91B-3796-987C-12DF17AE4E1E,2021-ncaa-d2-natl,ncaa,175,49,202,144,205,212,213,210,166,213,213,152,202,206,155,102,201,199,209,199,9,209,204,158,164,208,74,106,44,208,92,204,224,205,191,204,53,43,224,212,196,109,190,153,,,23,64,,,167,204,83,121,204,203,220,197,206,161,142,134,61,55,211,107,122,127,118,160,222,72,108,,126,,,194,23,23,29,32,24,31,40,19,22,24,54,28,26,105,26,68,28,28,23,27,31,58,52,148,64,224,19,92,26,191,22,115,199,111,84,39,221,15,87,,,208,182,,,167,24,211,94,188,124,130,198,156,205,55,111,147,151,146,205,210,225,57,199,126,56,214,42,,179,,,b'\x11\xe8\xe1I\xd9\x1b7\x96\x98|\x12\xdf\x17\xaeN\x1e'
11E8E149-D91B-3796-987C-12DF17AE4E1E,2022-ncaa-d2-conf-SIAC,ncaa,12,12,12,13,12,12,12,12,12,12,12,14,5,6,3,3,11,11,13,11,1,12,12,10,11,13,1,2,4,12,14,12,14,12,13,12,10,4,11,11,12,13,12,13,,,4,5,,,13,12,12,7,12,14,14,14,14,4,5,10,9,9,13,12,13,10,12,12,7,13,13,,4,,,13,4,4,3,9,6,4,7,2,3,2,5,6,5,10,5,4,4,3,4,6,9,2,3,7,11,14,6,14,8,13,7,10,12,14,14,9,13,12,13,,,11,4,,,13,3,13,12,14,10,12,10,11,13,3,6,5,5,5,11,9,14,13,13,12,12,12,12,,6,,,b'\x11\xe8\xe1I\xd9\x1b7\x96\x98|\x12\xdf\x17\xaeN\x1e'
11E8E149-D91B-3796-987C-12DF17AE4E1E,2022-ncaa-d2-natl,ncaa,275,254,267,277,268,288,290,283,291,288,276,291,258,238,255,161,229,141,299,143,13,274,260,289,289,293,67,146,21,216,203,267,295,265,292,288,237,190,279,289,208,178,281,293,,,81,153,,,280,259,89,53,285,292,236,289,215,225,176,151,32,35,187,98,133,221,195,288,275,136,278,,227,,,283,46,62,62,156,138,129,147,27,32,57,29,108,180,10,176,192,68,78,110,97,101,35,26,200,279,295,107,203,195,292,144,231,181,141,172,254,284,174,262,,,205,62,,,280,42,290,192,279,221,233,255,271,285,54,67,228,272,274,273,281,296,282,295,250,74,289,259,,52,,,b'\x11\xe8\xe1I\xd9\x1b7\x96\x98|\x12\xdf\x17\xaeN\x1e'
11E8E149-D91B-3796-987C-12DF17AE4E1E,2023-ncaa-d2-conf-SIAC,ncaa,14,14,14,14,14,13,12,14,6,12,13,8,8,10,2,9,13,13,3,13,9,14,14,7,7,11,8,7,8,14,13,10,14,14,13,13,14,9,14,14,13,14,8,11,,,1,2,,,14,11,3,4,10,9,12,9,9,7,9,9,12,12,13,7,13,4,10,13,14,13,4,,3,,,14,12,12,10,10,13,12,10,4,9,3,7,9,6,14,6,3,9,7,9,9,13,2,3,5,14,14,3,13,9,13,11,6,14,14,14,14,14,12,14,,,13,11,,,14,4,12,14,14,13,13,14,13,13,8,12,11,8,8,14,13,14,11,13,13,13,14,13,,11,,,b'\x11\xe8\xe1I\xd9\x1b7\x96\x98|\x12\xdf\x17\xaeN\x1e'
11E8E149-D91B-3796-987C-12DF17AE4E1E,2023-ncaa-d2-natl,ncaa,287,279,255,289,260,265,269,277,239,239,210,247,274,279,229,266,138,132,189,133,81,263,211,252,230,278,203,258,20,248,213,208,296,239,268,286,282,289,295,296,222,243,118,169,,,94,57,,,285,189,10,49,227,249,221,180,85,261,267,52,44,44,167,27,195,89,125,284,297,157,72,,212,,,284,163,166,179,141,251,257,149,20,47,10,22,233,242,114,242,151,194,174,89,104,137,17,10,234,294,296,67,213,188,268,157,132,175,209,175,296,297,240,275,,,200,164,,,285,123,282,216,279,282,283,293,292,296,39,97,284,286,286,297,295,298,203,291,244,90,297,283,,75,,,b'\x11\xe8\xe1I\xd9\x1b7\x96\x98|\x12\xdf\x17\xaeN\x1e'
11E8E149-D91B-3796-987C-12DF17AE4E1E,2024-ncaa-d2-conf-SIAC,ncaa,12,12,9,12,12,9,9,11,10,10,11,10,5,5,6,3,9,11,1,10,7,11,11,6,6,5,3,3,7,13,14,7,3,11,13,9,6,2,4,6,14,14,9,9,,,2,1,,,12,10,7,9,7,8,9,11,12,4,4,6,12,11,9,10,14,3,11,8,3,14,8,,1,,,12,10,10,8,11,10,8,11,12,6,11,10,2,2,6,2,1,7,5,11,10,13,1,13,1,5,3,12,14,10,13,10,8,13,13,14,10,13,2,4,,,7,3,,,12,5,9,14,12,11,14,13,13,13,13,10,1,1,1,12,6,4,13,13,11,13,12,2,,6,,,b'\x11\xe8\xe1I\xd9\x1b7\x96\x98|\x12\xdf\x17\xaeN\x1e'
11E8E149-D91B-3796-987C-12DF17AE4E1E,2024-ncaa-d2-natl,ncaa,245,197,275,241,277,272,278,274,275,283,268,277,233,231,220,153,185,211,111,210,71,273,278,266,251,237,67,151,28,267,262,248,214,265,266,272,179,45,176,223,279,263,206,200,,,12,20,,,235,275,80,117,219,262,153,258,156,183,141,67,88,85,126,109,219,108,166,233,180,241,158,,51,,,240,37,53,43,168,76,93,112,65,35,251,65,37,58,22,51,74,38,27,155,126,150,82,137,73,124,214,120,262,107,266,56,116,248,194,184,177,274,17,48,,,256,122,,,235,25,253,184,241,213,238,256,249,276,173,106,113,159,154,248,227,245,282,278,191,155,268,40,,113,,,b'\x11\xe8\xe1I\xd9\x1b7\x96\x98|\x12\xdf\x17\xaeN\x1e'
11E8E149-D91B-3796-987C-12DF17AE4E1E,2025-ncaa-d2-conf-SIAC,genius_ncaa,10,12,4,11,5,9,11,11,10,14,14,7,2,1,3,1,9,14,3,12,3,11,12,5,6,6,1,1,10,14,14,4,4,7,11,5,1,3,6,5,14,14,7,10,,,2,1,,5,11,10,13,10,13,13,14,14,14,2,2,11,14,14,14,14,14,1,12,8,4,14,8,,2,,7,11,10,14,12,11,14,12,10,9,7,9,5,3,2,12,2,1,11,5,9,7,13,1,7,1,5,4,12,14,10,11,10,4,14,14,14,4,6,1,4,,,12,8,,7,11,4,8,13,10,8,12,12,13,13,6,6,1,1,1,7,2,5,12,7,7,14,5,1,,14,,7,b'\x11\xe8\xe1I\xd9\x1b7\x96\x98|\x12\xdf\x17\xaeN\x1e'
11E8E149-D91B-3796-987C-12DF17AE4E1E,2025-ncaa-d2-natl,genius_ncaa,216,236,162,227,192,234,255,239,264,284,284,239,119,87,198,42,184,174,172,162,22,229,224,224,217,226,21,51,77,243,245,129,164,183,218,224,137,168,229,224,252,261,210,249,,,45,46,,55,227,207,215,207,270,292,283,298,291,104,76,176,158,138,271,248,251,93,188,239,187,256,212,,54,,64,218,103,143,171,130,219,250,98,40,34,108,22,94,112,57,105,41,153,110,89,81,142,16,39,117,189,164,173,245,183,218,40,20,246,252,143,157,207,10,24,,,215,163,,135,227,97,241,165,219,118,175,205,231,280,39,31,95,127,117,185,113,205,198,200,41,252,169,5,,224,,133,b'\x11\xe8\xe1I\xd9\x1b7\x96\x98|\x12\xdf\x17\xaeN\x1e'
11E8E149-D91B-3796-987C-12DF17AE4E1E,2026-ncaa-d2-conf-SIAC,genius_ncaa,8,8,10,9,10,13,13,14,6,14,14,4,4,5,3,1,14,14,2,14,7,14,14,3,3,6,2,2,13,14,13,11,3,14,7,12,5,4,13,8,14,13,14,14,,,1,1,,10,11,14,14,1,12,13,14,14,14,2,5,14,14,14,14,14,14,7,13,11,8,13,14,,1,,13,11,4,6,4,13,3,3,10,14,10,14,14,1,1,13,1,1,3,2,13,13,13,10,14,1,3,3,2,13,2,7,3,2,14,12,12,4,11,4,9,,,14,9,,9,11,1,8,11,11,7,12,6,4,4,14,12,1,1,1,4,1,3,1,1,4,14,6,4,,14,,9,b'\x11\xe8\xe1I\xd9\x1b7\x96\x98|\x12\xdf\x17\xaeN\x1e'
11E8E149-D91B-3796-987C-12DF17AE4E1E,2026-ncaa-d2-natl,genius_ncaa,107,144,59,135,84,139,153,197,66,163,223,30,129,123,150,76,125,143,103,145,61,190,160,60,54,140,118,131,113,236,231,94,95,148,121,205,246,252,276,259,207,230,293,297,,,90,53,,204,196,138,252,88,222,233,295,225,288,160,166,159,187,187,294,281,273,126,240,254,230,242,297,,27,,191,196,178,216,192,207,200,190,167,220,187,248,174,46,59,34,55,19,173,157,217,183,204,110,227,11,145,95,126,231,134,121,108,19,176,202,128,212,233,51,80,,,142,114,,188,196,161,171,190,199,116,183,135,153,140,204,151,12,21,15,80,42,94,33,45,49,232,183,36,,213,,224,b'\x11\xe8\xe1I\xd9\x1b7\x96\x98|\x12\xdf\x17\xaeN\x1e'
11E8E149-D91F-6456-987C-12DF17AE4E1E,2018-ncaa-d2-conf-NE10,ncaa,4,4,6,4,9,8,6,8,6,5,6,5,10,8,14,9,8,9,6,9,9,8,9,8,7,6,11,11,8,6,4,5,5,4,3,5,8,5,6,6,15,15,4,5,,,3,6,,,8,11,11,11,7,6,7,5,7,11,8,8,8,7,7,7,5,3,4,5,6,15,4,,4,,,8,5,8,9,6,9,12,3,8,3,14,2,2,2,2,2,1,9,4,6,4,9,5,8,2,5,5,3,4,4,3,10,10,15,15,14,5,5,6,6,,,4,1,,,8,4,6,8,7,7,11,9,10,15,8,2,2,2,4,10,4,6,4,3,10,15,5,7,,2,,,b'\x11\xe8\xe1I\xd9\x1fdV\x98|\x12\xdf\x17\xaeN\x1e'
11E8E149-D91F-6456-987C-12DF17AE4E1E,2018-ncaa-d2-natl,ncaa,88,87,105,92,138,151,124,147,124,92,117,90,236,201,274,212,180,191,139,185,226,160,179,163,165,141,279,257,178,85,53,73,71,75,28,117,132,69,73,75,274,278,111,144,,,67,83,,,94,217,273,226,184,133,179,79,123,258,229,205,206,199,199,233,81,54,62,122,52,284,111,,46,,,91,62,129,187,88,158,250,38,105,56,254,43,10,19,48,19,4,136,98,78,35,97,35,145,13,128,71,85,53,98,28,153,159,261,266,242,37,44,176,133,,,105,54,,,94,99,109,104,89,41,116,167,133,252,99,32,7,9,10,101,44,114,54,66,126,280,33,146,,109,,,b'\x11\xe8\xe1I\xd9\x1fdV\x98|\x12\xdf\x17\xaeN\x1e'
11E8E149-D91F-6456-987C-12DF17AE4E1E,2019-ncaa-d2-conf-NE10,ncaa,3,3,1,3,1,1,1,1,11,1,1,11,10,10,10,14,1,1,9,1,4,1,1,12,11,12,14,14,1,1,2,1,6,1,2,4,9,15,11,13,4,11,1,2,,,15,7,,,3,1,3,10,6,6,5,2,1,14,14,1,1,1,1,1,1,2,1,6,13,7,2,,9,,,3,15,14,15,1,14,14,3,11,14,1,11,13,14,9,13,8,15,15,1,2,2,9,7,9,14,6,15,2,14,2,10,5,1,8,2,15,8,14,8,,,1,6,,,3,15,10,2,3,4,5,12,5,10,5,12,8,8,8,13,14,10,8,8,4,5,10,11,,2,,,b'\x11\xe8\xe1I\xd9\x1fdV\x98|\x12\xdf\x17\xaeN\x1e'
11E8E149-D91F-6456-987C-12DF17AE4E1E,2019-ncaa-d2-natl,ncaa,42,74,16,65,26,44,39,27,137,25,7,183,181,221,116,290,40,47,138,46,239,30,15,173,168,166,270,271,121,23,48,5,26,6,18,27,59,283,163,109,137,220,10,26,,,248,109,,,45,18,111,189,111,93,80,47,17,255,279,96,111,112,71,76,46,9,10,51,197,208,23,,127,,,46,188,189,295,15,221,288,34,99,252,3,138,209,195,185,195,65,295,293,8,12,17,83,72,183,205,26,269,48,257,18,146,100,59,151,71,255,120,286,186,,,45,203,,,45,294,132,14,51,35,47,184,91,214,39,145,81,82,82,153,171,107,120,102,54,152,152,265,,148,,,b'\x11\xe8\xe1I\xd9\x1fdV\x98|\x12\xdf\x17\xaeN\x1e'
11E8E149-D91F-6456-987C-12DF17AE4E1E,2020-ncaa-d2-conf-NE10,ncaa,3,3,1,3,2,2,1,2,3,1,1,4,10,11,5,12,1,1,5,1,7,2,2,4,3,5,12,11,4,2,1,1,2,1,1,3,8,10,8,5,14,14,2,3,,,12,8,,,5,3,4,8,2,2,3,1,1,11,11,1,1,2,2,2,3,1,2,5,8,14,2,,8,,,5,12,13,13,4,11,13,3,10,11,8,5,8,8,3,8,3,13,12,4,4,7,5,8,2,8,2,6,1,7,1,6,2,10,14,10,11,7,11,6,,,2,7,,,5,12,4,7,5,7,9,11,9,13,6,6,3,4,5,12,8,4,4,3,4,14,8,10,,3,,,b'\x11\xe8\xe1I\xd9\x1fdV\x98|\x12\xdf\x17\xaeN\x1e'
11E8E149-D91F-6456-987C-12DF17AE4E1E,2020-ncaa-d2-natl,ncaa,47,46,102,48,154,73,45,78,40,22,27,50,206,235,130,273,108,161,34,162,281,84,106,71,60,68,291,271,187,53,31,24,35,23,10,31,66,132,97,45,258,278,25,40,,,109,92,,,45,136,161,227,53,32,66,12,22,221,256,108,175,176,85,103,61,13,15,22,115,279,26,,84,,,41,99,157,240,55,151,271,24,164,106,248,70,37,37,153,37,11,201,149,55,39,87,96,192,41,118,35,66,31,77,10,97,70,247,271,191,93,72,237,152,,,147,187,,,45,156,46,81,47,81,125,235,130,276,151,89,22,22,24,184,105,104,40,49,83,277,74,231,,159,,,b'\x11\xe8\xe1I\xd9\x1fdV\x98|\x12\xdf\x17\xaeN\x1e'
11E8E149-D91F-6456-987C-12DF17AE4E1E,2022-ncaa-d2-conf-NE10,ncaa,6,7,4,7,7,4,6,11,3,10,12,7,2,7,1,4,3,6,1,6,2,9,11,3,2,1,2,3,3,6,6,7,7,5,5,6,5,2,2,3,13,12,8,10,,,3,2,,,3,10,13,7,3,5,12,11,11,2,6,2,4,5,9,12,6,7,4,6,2,12,8,,2,,,3,5,10,7,9,10,11,8,5,2,13,3,2,2,3,2,1,6,4,8,6,12,2,8,2,7,7,2,6,3,5,10,7,13,13,13,4,6,6,11,,,8,6,,,3,5,1,12,3,5,12,9,12,12,5,3,2,3,3,6,3,7,3,3,9,13,5,6,,9,,,b'\x11\xe8\xe1I\xd9\x1fdV\x98|\x12\xdf\x17\xaeN\x1e'
11E8E149-D91F-6456-987C-12DF17AE4E1E,2022-ncaa-d2-natl,ncaa,116,139,106,130,114,124,150,158,150,169,159,198,99,145,45,136,70,136,6,137,127,149,175,126,92,80,60,100,61,152,147,125,141,135,133,151,152,70,75,97,219,229,79,101,,,46,40,,,101,185,270,87,144,187,207,216,196,97,158,65,150,148,203,244,172,149,164,177,49,245,73,,24,,,98,132,187,183,161,203,236,108,120,85,237,63,23,19,218,18,6,145,125,142,115,163,30,130,17,161,141,132,147,143,133,184,156,214,223,230,89,108,225,233,,,138,97,,,101,120,74,168,98,92,170,169,197,236,109,58,13,9,8,96,55,145,99,119,156,243,74,219,,170,,,b'\x11\xe8\xe1I\xd9\x1fdV\x98|\x12\xdf\x17\xaeN\x1e'
11E8E149-D91F-6456-987C-12DF17AE4E1E,2023-ncaa-d2-conf-NE10,ncaa,9,9,6,9,9,6,8,9,5,5,4,5,8,11,3,12,4,5,1,5,5,9,10,5,5,3,7,11,2,6,4,6,4,8,4,6,5,5,7,5,13,13,8,10,,,5,9,,,8,11,11,7,5,8,9,6,4,8,11,2,5,5,9,12,3,6,7,5,5,13,7,,6,,,8,9,10,7,13,10,10,11,7,2,12,2,3,3,8,3,3,6,3,11,11,13,3,4,2,2,4,2,4,2,4,7,4,13,13,11,3,6,9,9,,,5,3,,,8,3,3,11,8,10,12,6,12,10,7,2,4,5,5,6,2,2,3,3,7,13,4,11,,5,,,b'\x11\xe8\xe1I\xd9\x1fdV\x98|\x12\xdf\x17\xaeN\x1e'
11E8E149-D91F-6456-987C-12DF17AE4E1E,2023-ncaa-d2-natl,ncaa,152,162,148,162,177,175,194,224,99,161,152,160,210,262,51,251,124,187,15,181,180,221,250,122,96,90,194,210,82,186,137,163,113,178,97,138,80,40,109,71,276,278,180,208,,,82,163,,,132,253,292,208,195,201,263,163,136,220,270,125,177,176,261,286,185,164,186,126,54,283,175,,85,,,132,73,127,100,196,191,186,144,44,27,193,39,34,37,122,40,31,76,48,160,133,193,16,53,59,84,113,52,137,49,97,100,101,265,248,236,45,106,213,225,,,179,71,,,132,47,95,188,131,86,149,92,220,231,49,20,45,51,50,58,16,104,40,53,116,274,64,219,,176,,,b'\x11\xe8\xe1I\xd9\x1fdV\x98|\x12\xdf\x17\xaeN\x1e'
11E8E149-D91F-6456-987C-12DF17AE4E1E,2024-ncaa-d2-conf-NE10,ncaa,9,9,7,9,12,8,8,11,4,7,8,5,9,12,4,10,9,11,7,10,9,10,12,4,5,5,10,10,11,12,12,9,7,12,10,7,9,2,5,5,9,9,9,9,,,8,11,,,9,10,6,12,6,5,10,3,5,9,12,9,10,9,9,12,12,9,12,7,4,9,9,,11,,,9,8,5,3,9,5,3,9,6,3,7,6,10,10,8,11,11,4,3,9,9,9,8,5,11,5,7,7,12,5,10,7,7,8,8,8,7,9,2,2,,,8,5,,,9,3,6,9,9,10,8,4,8,5,6,6,12,12,12,7,5,5,10,8,7,7,8,2,,7,,,b'\x11\xe8\xe1I\xd9\x1fdV\x98|\x12\xdf\x17\xaeN\x1e'
11E8E149-D91F-6456-987C-12DF17AE4E1E,2024-ncaa-d2-natl,ncaa,187,234,78,207,106,182,161,196,114,119,110,155,223,253,103,254,230,225,178,224,249,200,217,142,152,134,260,234,212,275,281,184,96,245,243,160,161,75,120,116,235,241,148,176,,,181,222,,,206,186,277,218,250,210,276,154,149,253,276,260,259,255,284,298,291,249,290,196,53,261,172,,131,,,195,159,163,103,219,209,182,186,51,37,185,29,213,189,257,190,158,116,103,185,211,205,56,36,213,61,96,196,281,151,243,164,169,180,166,190,100,151,117,88,,,187,114,,,206,124,184,191,193,99,108,21,175,142,33,17,175,146,149,29,15,32,151,87,123,206,85,85,,241,,,b'\x11\xe8\xe1I\xd9\x1fdV\x98|\x12\xdf\x17\xaeN\x1e'
11E8E149-D91F-6456-987C-12DF17AE4E1E,2025-ncaa-d2-conf-NE10,genius_ncaa,2,2,3,2,4,3,3,3,2,1,2,2,8,7,10,9,8,7,6,7,10,3,4,3,4,4,11,10,9,3,5,3,4,2,5,1,2,7,6,3,4,6,3,4,,,8,3,,2,2,5,4,4,4,3,4,1,2,9,7,9,8,8,3,5,3,3,3,1,6,5,4,,5,,1,2,7,5,8,4,5,5,4,7,10,3,9,8,8,6,8,8,8,8,3,4,3,8,7,7,7,4,8,5,9,5,5,4,3,3,3,11,10,1,1,,,5,7,,3,2,7,3,4,2,6,6,7,3,2,7,8,8,7,7,7,9,6,6,7,4,3,10,1,,5,,3,b'\x11\xe8\xe1I\xd9\x1fdV\x98|\x12\xdf\x17\xaeN\x1e'
11E8E149-D91F-6456-987C-12DF17AE4E1E,2025-ncaa-d2-natl,genius_ncaa,79,79,109,80,123,164,110,151,64,71,104,47,210,190,226,194,270,263,225,265,290,166,183,98,138,132,290,232,284,166,158,110,35,130,69,28,4,100,135,24,196,185,104,75,,,63,79,,71,87,189,259,75,197,94,173,49,113,231,215,285,283,282,231,250,180,105,146,10,92,213,112,,46,,73,86,45,62,89,68,51,77,94,125,154,93,227,52,62,144,62,103,75,87,82,75,62,173,202,119,46,35,119,158,76,69,105,201,132,95,113,160,192,62,42,,,197,184,,65,87,117,138,46,80,29,35,35,35,38,110,151,48,49,48,23,33,37,103,58,99,153,155,47,,240,,72,b'\x11\xe8\xe1I\xd9\x1fdV\x98|\x12\xdf\x17\xaeN\x1e'
11E8E149-D91F-6456-987C-12DF17AE4E1E,2026-ncaa-d2-conf-NE10,genius_ncaa,4,1,9,1,9,9,9,9,1,9,9,2,9,10,1,10,7,9,1,9,1,9,9,1,1,1,7,8,1,10,10,9,9,9,7,9,5,1,3,2,9,8,9,7,,,2,6,,1,4,9,1,1,1,2,6,2,4,5,10,1,1,1,3,4,10,1,4,2,3,7,4,,10,,1,4,1,1,2,5,2,2,7,1,1,1,4,2,2,7,2,5,2,2,3,5,6,1,1,6,2,9,1,10,2,7,1,2,9,10,8,2,10,1,5,,,9,2,,6,4,2,2,7,4,9,9,10,10,10,3,7,10,10,10,10,10,10,2,10,3,8,10,5,,2,,4,b'\x11\xe8\xe1I\xd9\x1fdV\x98|\x12\xdf\x17\xaeN\x1e'
11E8E149-D91F-6456-987C-12DF17AE4E1E,2026-ncaa-d2-natl,genius_ncaa,65,1,268,1,271,255,243,271,43,240,274,38,205,229,109,114,262,266,153,272,201,273,282,49,60,44,190,127,240,269,197,274,248,280,219,193,66,10,46,22,268,203,137,105,,,22,87,,17,65,278,160,88,61,49,91,56,139,94,94,172,182,199,113,184,186,119,161,35,45,189,52,,109,,38,41,18,25,30,87,59,77,50,9,3,88,4,17,17,82,17,10,24,24,40,30,42,4,16,67,96,248,24,197,38,219,28,104,241,109,99,5,22,105,238,,,248,43,,111,65,21,43,71,36,74,138,215,245,289,10,5,47,50,46,172,204,265,176,239,120,89,20,230,,51,,35,b'\x11\xe8\xe1I\xd9\x1fdV\x98|\x12\xdf\x17\xaeN\x1e'
11E8E149-D923-CC3A-987C-12DF17AE4E1E,2018-ncaa-d2-conf-NSIC,ncaa,5,5,9,5,12,12,12,13,8,12,12,11,6,10,4,10,13,14,9,14,11,13,15,8,8,9,9,4,12,7,6,15,3,13,4,10,9,4,10,8,6,5,14,13,,,11,16,,,6,16,15,9,9,10,11,10,9,5,10,12,13,13,12,14,6,15,10,9,8,5,14,,13,,,6,2,1,1,13,2,2,14,8,6,13,12,10,10,13,10,14,1,1,15,15,9,12,10,14,1,3,3,6,3,4,8,14,6,4,6,4,6,5,7,,,13,11,,,6,1,6,8,6,6,2,1,5,3,8,7,12,12,12,1,1,3,3,3,11,5,4,7,,12,,,b'\x11\xe8\xe1I\xd9#\xcc:\x98|\x12\xdf\x17\xaeN\x1e'
11E8E149-D923-CC3A-987C-12DF17AE4E1E,2018-ncaa-d2-natl,ncaa,125,74,250,98,264,229,214,261,127,257,258,176,113,184,23,98,284,288,136,286,267,278,292,95,121,104,88,35,280,234,150,271,16,269,80,198,151,12,64,67,209,92,260,202,,,87,286,,,130,298,300,145,196,163,223,239,228,68,134,275,286,286,255,287,200,248,242,157,32,169,254,,176,,,125,22,19,9,228,15,6,254,114,86,210,263,68,54,241,54,241,9,10,242,260,235,238,230,185,3,16,24,150,7,80,120,285,246,114,217,8,40,82,182,,,283,206,,,130,14,93,181,118,72,54,9,47,3,172,139,129,97,97,8,6,3,71,23,188,215,16,130,,269,,,b'\x11\xe8\xe1I\xd9#\xcc:\x98|\x12\xdf\x17\xaeN\x1e'
11E8E149-D923-CC3A-987C-12DF17AE4E1E,2019-ncaa-d2-conf-NSIC,ncaa,5,6,3,6,3,7,6,6,9,6,5,8,5,7,5,7,10,9,11,11,10,7,8,6,7,6,7,5,11,5,7,4,3,5,5,4,5,5,6,4,7,6,2,2,,,10,8,,,5,8,11,9,10,9,9,10,10,6,7,11,10,12,9,12,8,5,7,5,5,8,3,,6,,,5,6,5,6,4,8,7,3,3,6,3,7,11,8,15,8,8,4,7,4,5,4,7,5,10,3,3,10,7,6,5,6,9,7,7,6,8,7,5,6,,,15,13,,,5,9,3,4,5,2,2,3,6,7,3,6,6,5,5,4,4,4,7,6,7,10,5,4,,15,,,b'\x11\xe8\xe1I\xd9#\xcc:\x98|\x12\xdf\x17\xaeN\x1e'
11E8E149-D923-CC3A-987C-12DF17AE4E1E,2019-ncaa-d2-natl,ncaa,97,74,182,91,217,171,170,208,115,200,221,134,101,129,53,99,236,250,66,255,240,221,260,92,92,57,98,74,239,210,191,146,11,178,76,120,79,9,21,20,212,155,58,31,,,61,175,,,82,265,292,225,152,144,193,186,225,85,112,219,250,260,219,288,201,101,148,91,11,204,49,,72,,,79,27,39,53,115,62,67,113,71,75,130,152,74,49,292,48,106,45,35,109,121,166,145,148,179,13,11,106,191,37,76,89,192,275,224,226,26,77,98,132,,,279,240,,,82,47,55,121,69,47,49,42,73,76,87,85,93,59,52,34,12,9,131,63,102,279,39,104,,287,,,b'\x11\xe8\xe1I\xd9#\xcc:\x98|\x12\xdf\x17\xaeN\x1e'
11E8E149-D923-CC3A-987C-12DF17AE4E1E,2020-ncaa-d2-conf-NSIC,ncaa,2,2,1,2,2,4,3,5,3,3,5,4,2,6,1,9,7,11,3,11,13,5,2,2,2,5,10,4,14,3,4,1,2,2,2,2,5,12,10,5,5,6,3,3,,,11,7,,,3,3,15,9,7,7,10,9,8,3,9,12,13,13,11,11,7,4,4,3,8,6,3,,5,,,3,8,8,16,3,6,12,3,7,13,2,10,10,7,15,5,6,16,13,2,2,4,10,8,9,8,2,8,4,7,2,9,9,6,6,8,14,11,5,4,,,6,10,,,3,13,3,5,3,2,3,8,4,6,6,8,5,3,2,3,3,3,2,2,6,8,11,3,,13,,,b'\x11\xe8\xe1I\xd9#\xcc:\x98|\x12\xdf\x17\xaeN\x1e'
11E8E149-D923-CC3A-987C-12DF17AE4E1E,2020-ncaa-d2-natl,ncaa,42,46,54,47,71,83,70,113,42,96,128,75,64,123,18,142,157,213,37,209,244,136,164,41,41,38,128,85,238,183,169,75,24,119,63,52,86,83,70,40,143,125,63,65,,,126,147,,,67,157,274,114,100,87,197,127,181,79,158,191,249,250,211,265,219,108,167,59,41,170,83,,70,,,67,134,152,179,103,132,146,121,188,218,110,230,104,61,307,55,56,150,126,109,122,160,174,209,105,48,24,114,169,84,63,150,161,208,204,197,134,142,54,40,,,185,186,,,67,148,44,127,68,72,97,97,95,83,154,177,71,30,28,49,24,23,58,33,116,256,100,34,,250,,,b'\x11\xe8\xe1I\xd9#\xcc:\x98|\x12\xdf\x17\xaeN\x1e'
11E8E149-D923-CC3A-987C-12DF17AE4E1E,2021-ncaa-d2-conf-NSIC,ncaa,2,2,1,2,2,4,4,5,6,4,5,6,7,8,11,10,6,6,4,6,8,5,5,6,6,6,13,13,6,2,1,6,2,5,1,4,6,10,6,5,5,4,3,4,,,11,11,,,1,7,15,8,11,12,11,8,8,12,12,9,9,10,11,14,5,11,7,10,4,8,4,,4,,,3,7,9,8,5,9,8,7,4,7,3,6,10,8,12,8,7,8,9,3,4,4,5,3,13,2,2,9,1,7,1,7,12,5,4,4,8,6,12,9,,,7,8,,,1,11,4,2,2,1,1,1,3,2,1,3,4,2,2,1,1,2,2,1,1,8,4,9,,12,,,b'\x11\xe8\xe1I\xd9#\xcc:\x98|\x12\xdf\x17\xaeN\x1e'
11E8E149-D923-CC3A-987C-12DF17AE4E1E,2021-ncaa-d2-natl,ncaa,44,66,82,49,84,99,99,111,89,89,94,86,117,121,115,148,77,102,15,103,131,108,112,101,82,66,146,153,66,90,72,93,5,94,26,82,83,94,61,56,89,84,48,44,,,110,137,,,45,115,216,80,128,125,163,104,112,148,164,77,135,139,158,202,119,134,121,99,34,127,52,,55,,,49,97,99,101,79,114,119,85,70,84,50,58,120,89,219,92,81,99,102,61,84,77,70,48,165,44,5,115,72,78,26,97,111,116,99,95,78,43,151,127,,,99,93,,,45,112,65,52,45,19,24,15,61,69,19,19,84,45,51,7,6,5,31,11,46,169,26,132,,162,,,b'\x11\xe8\xe1I\xd9#\xcc:\x98|\x12\xdf\x17\xaeN\x1e'
11E8E149-D923-CC3A-987C-12DF17AE4E1E,2022-ncaa-d2-conf-NSIC,ncaa,2,2,1,2,1,4,3,2,6,4,4,7,4,4,8,8,9,10,10,10,13,3,4,6,8,4,9,8,12,2,2,5,3,2,2,3,3,6,5,2,2,3,5,3,,,5,3,,,2,7,16,11,9,7,8,8,8,9,10,12,12,12,10,12,4,10,7,4,2,4,5,,2,,,2,4,7,8,5,6,10,4,8,7,9,7,4,4,4,4,3,6,10,4,3,3,7,10,4,4,3,11,2,10,2,3,3,2,2,2,10,5,6,2,,,5,10,,,2,10,2,2,2,2,2,1,1,4,4,4,1,1,1,1,1,2,4,2,2,3,7,2,,12,,,b'\x11\xe8\xe1I\xd9#\xcc:\x98|\x12\xdf\x17\xaeN\x1e'
11E8E149-D923-CC3A-987C-12DF17AE4E1E,2022-ncaa-d2-natl,ncaa,22,16,47,19,54,81,65,64,100,72,95,72,73,59,145,87,216,235,102,239,279,82,119,95,123,77,182,99,282,101,139,71,17,70,53,44,69,39,20,12,81,64,27,17,,,59,58,,,41,130,288,175,150,97,128,117,171,96,94,271,279,281,183,262,149,121,138,57,13,120,36,,14,,,43,93,132,154,92,120,154,84,149,138,174,165,46,45,180,44,35,131,138,100,79,84,126,202,52,42,17,209,139,138,53,88,79,129,129,90,143,122,63,34,,,161,220,,,41,167,62,51,39,10,25,24,36,54,104,81,14,14,15,13,9,13,114,43,33,198,89,29,,269,,,b'\x11\xe8\xe1I\xd9#\xcc:\x98|\x12\xdf\x17\xaeN\x1e'
11E8E149-D923-CC3A-987C-12DF17AE4E1E,2023-ncaa-d2-conf-NSIC,ncaa,5,4,8,5,9,11,9,13,6,9,7,11,10,15,1,14,11,10,16,10,10,12,12,7,7,5,9,9,9,3,2,11,5,8,2,3,1,5,8,3,8,7,5,5,,,4,7,,,4,14,16,3,10,8,12,7,6,10,15,11,8,9,12,13,2,8,5,2,4,8,5,,5,,,4,1,1,1,4,1,6,3,5,3,15,5,6,6,13,5,11,1,2,5,5,5,13,10,14,3,5,2,2,2,2,2,7,7,4,5,13,13,11,11,,,8,3,,,4,3,5,4,4,2,2,1,2,7,6,4,7,6,4,1,1,3,2,2,2,7,13,12,,5,,,b'\x11\xe8\xe1I\xd9#\xcc:\x98|\x12\xdf\x17\xaeN\x1e'
11E8E149-D923-CC3A-987C-12DF17AE4E1E,2023-ncaa-d2-natl,ncaa,112,67,239,93,241,227,214,249,116,212,203,199,181,252,17,215,239,229,224,230,204,255,276,114,126,116,170,140,190,194,113,209,16,217,43,93,5,15,78,24,239,157,106,51,,,17,118,,,99,282,290,45,187,179,219,169,120,143,235,203,181,190,218,261,136,128,133,29,44,213,75,,49,,,95,21,21,17,92,11,33,37,87,41,280,108,70,35,287,32,114,11,10,113,138,162,237,213,195,6,16,33,113,11,43,24,107,262,182,145,101,204,199,238,,,224,79,,,99,13,102,116,91,44,34,25,26,77,136,64,121,80,73,19,6,8,81,30,58,236,163,248,,163,,,b'\x11\xe8\xe1I\xd9#\xcc:\x98|\x12\xdf\x17\xaeN\x1e'
11E8E149-D923-CC3A-987C-12DF17AE4E1E,2024-ncaa-d2-conf-NSIC,ncaa,7,6,5,7,7,7,9,8,9,10,8,13,3,6,3,6,7,9,4,9,6,8,8,8,6,7,2,4,3,4,2,10,10,8,7,3,1,10,9,4,2,2,7,5,,,9,10,,,7,9,13,6,9,9,9,11,11,4,6,9,9,9,10,10,4,11,10,3,10,2,9,,8,,,7,2,2,2,6,6,5,9,2,8,1,9,8,8,8,8,11,4,7,4,5,3,4,5,11,6,10,2,2,2,7,4,6,2,2,2,11,12,14,14,,,6,4,,,7,7,7,3,7,2,2,1,7,4,3,7,7,7,7,1,3,7,2,2,2,2,11,13,,8,,,b'\x11\xe8\xe1I\xd9#\xcc:\x98|\x12\xdf\x17\xaeN\x1e'
11E8E149-D923-CC3A-987C-12DF17AE4E1E,2024-ncaa-d2-natl,ncaa,98,74,172,86,186,180,185,217,140,209,216,170,121,155,74,113,179,206,109,203,147,218,242,128,125,105,80,79,155,182,152,191,78,194,118,72,14,36,98,36,124,78,75,38,,,80,161,,,98,244,276,139,182,189,223,217,217,104,142,168,185,188,228,260,169,189,193,48,66,113,55,,92,,,93,41,54,52,133,93,62,208,42,99,16,184,55,44,230,46,94,44,46,119,108,102,61,87,116,43,78,85,152,62,118,56,113,166,103,104,142,195,253,282,,,181,84,,,98,59,105,87,85,33,64,28,105,54,52,115,70,55,58,18,28,54,96,64,74,156,157,276,,160,,,b'\x11\xe8\xe1I\xd9#\xcc:\x98|\x12\xdf\x17\xaeN\x1e'
11E8E149-D923-CC3A-987C-12DF17AE4E1E,2025-ncaa-d2-conf-NSIC,genius_ncaa,7,7,4,7,6,7,6,6,6,5,6,7,7,9,4,10,9,9,9,9,10,6,5,6,6,7,9,6,10,3,3,7,3,6,3,4,1,14,13,5,7,6,8,8,,,11,13,,8,7,7,6,9,7,6,7,6,7,8,9,9,10,10,7,4,3,9,6,4,13,6,8,,12,,10,7,10,10,5,13,13,10,9,5,2,9,3,14,14,10,14,12,7,10,10,11,8,4,4,14,2,3,3,3,1,3,8,10,5,5,6,13,12,13,13,,,8,8,,2,7,10,6,7,7,8,7,2,10,8,4,2,14,14,14,3,5,2,2,1,9,5,13,13,,7,,2,b'\x11\xe8\xe1I\xd9#\xcc:\x98|\x12\xdf\x17\xaeN\x1e'
11E8E149-D923-CC3A-987C-12DF17AE4E1E,2025-ncaa-d2-natl,genius_ncaa,121,141,72,134,96,92,73,74,106,99,89,135,66,94,42,122,197,211,116,209,261,96,98,93,106,113,142,86,259,56,71,91,33,74,46,31,12,178,144,39,125,143,71,90,,,167,143,,138,150,108,183,175,108,82,93,109,122,79,119,239,247,248,131,141,76,124,88,21,144,161,87,,115,,121,150,235,254,190,257,256,207,236,172,133,244,104,173,161,199,160,110,188,179,251,249,242,83,123,110,52,33,161,71,101,46,239,170,150,176,220,206,182,252,225,,,121,168,,129,150,208,88,197,140,180,202,109,216,162,152,93,128,122,124,99,86,32,107,60,212,198,176,240,,163,,146,b'\x11\xe8\xe1I\xd9#\xcc:\x98|\x12\xdf\x17\xaeN\x1e'
11E8E149-D923-CC3A-987C-12DF17AE4E1E,2026-ncaa-d2-conf-NSIC,genius_ncaa,15,15,2,15,9,9,9,6,15,7,5,14,5,8,6,10,13,14,8,14,15,7,3,13,15,14,10,5,14,6,9,13,15,9,12,2,1,14,15,7,3,8,10,12,,,7,4,,5,14,4,2,11,11,11,8,10,5,7,10,15,16,16,9,4,7,16,11,2,15,5,10,,6,,5,14,15,15,14,16,16,12,16,7,9,4,7,7,8,6,10,8,14,13,16,15,14,3,5,5,16,15,8,9,14,12,15,11,6,10,13,15,14,3,4,,,10,13,,1,14,13,15,15,14,16,16,13,16,12,6,8,7,9,11,14,13,15,8,13,15,7,15,3,,13,,3,b'\x11\xe8\xe1I\xd9#\xcc:\x98|\x12\xdf\x17\xaeN\x1e'
11E8E149-D923-CC3A-987C-12DF17AE4E1E,2026-ncaa-d2-natl,genius_ncaa,157,239,13,202,17,30,20,19,87,21,23,96,38,40,106,135,133,193,16,189,288,25,27,92,101,98,213,126,264,18,40,63,235,30,120,5,5,242,119,21,70,165,40,85,,,222,74,,85,173,37,177,68,79,50,37,55,69,101,112,233,279,278,79,94,52,207,117,4,141,152,81,,82,,38,171,272,281,281,255,273,274,247,282,272,245,196,132,162,65,172,59,275,271,263,238,250,122,222,19,277,235,217,40,249,120,285,208,77,192,252,265,189,119,48,,,56,210,,47,173,259,72,266,172,242,268,231,244,183,250,212,53,54,60,189,171,223,77,147,259,182,202,58,,177,,86,b'\x11\xe8\xe1I\xd9#\xcc:\x98|\x12\xdf\x17\xaeN\x1e'
11E8E149-D928-2DD4-987C-12DF17AE4E1E,2018-ncaa-d2-conf-Heartland,ncaa,7,7,5,7,6,8,8,6,8,8,8,8,4,4,3,1,8,8,6,8,7,7,8,7,7,7,3,1,7,5,6,8,7,8,7,6,5,4,6,5,7,7,8,8,,,2,3,,,7,8,7,3,8,8,4,8,7,4,3,8,8,8,7,7,4,8,8,6,6,7,8,,2,,,7,2,3,1,8,4,2,7,4,1,6,3,2,2,5,2,2,1,1,8,7,5,2,3,2,2,7,4,6,4,7,5,5,2,2,3,6,7,8,8,,,8,5,,,7,1,7,5,7,4,4,2,5,2,4,3,2,2,2,1,2,2,5,5,6,2,7,8,,7,,,b'\x11\xe8\xe1I\xd9(-\xd4\x98|\x12\xdf\x17\xaeN\x1e'
11E8E149-D928-2DD4-987C-12DF17AE4E1E,2018-ncaa-d2-natl,ncaa,225,206,250,224,267,293,289,279,269,292,284,269,172,172,183,77,286,281,248,280,206,286,283,248,255,261,71,56,218,209,161,297,186,288,219,237,62,87,234,197,247,174,244,199,,,59,222,,,215,293,292,208,294,292,268,290,272,144,121,279,265,263,279,274,156,297,283,207,166,228,233,,127,,,220,12,25,8,256,41,19,236,36,13,242,90,46,47,112,47,175,6,18,244,246,147,105,105,147,25,186,60,161,33,219,62,201,136,28,77,133,250,88,215,,,248,117,,,215,16,253,137,224,55,68,5,94,31,69,22,89,92,93,5,21,49,144,96,132,79,203,141,,206,,,b'\x11\xe8\xe1I\xd9(-\xd4\x98|\x12\xdf\x17\xaeN\x1e'
11E8E149-D928-2DD4-987C-12DF17AE4E1E,2019-ncaa-d2-conf-Heartland,ncaa,3,3,3,3,3,4,6,5,6,6,5,5,4,5,3,5,3,3,2,3,3,5,5,5,4,4,2,5,2,7,6,5,3,6,5,7,8,4,5,7,4,4,6,6,,,2,2,,,3,4,7,3,5,7,7,6,5,5,6,2,2,2,7,7,6,6,6,7,4,4,5,,2,,,3,4,5,3,5,5,6,5,2,1,3,1,2,1,8,1,1,3,3,4,4,4,1,1,2,3,3,4,6,4,5,4,3,2,2,4,5,5,7,7,,,3,2,,,3,4,5,2,3,2,5,5,6,6,2,1,2,2,2,2,2,2,3,3,4,2,4,7,,2,,,b'\x11\xe8\xe1I\xd9(-\xd4\x98|\x12\xdf\x17\xaeN\x1e'
11E8E149-D928-2DD4-987C-12DF17AE4E1E,2019-ncaa-d2-natl,ncaa,166,145,227,161,229,216,239,267,161,249,272,132,168,168,176,105,122,165,50,164,45,259,265,141,109,118,79,133,41,283,279,230,76,269,202,264,271,62,161,215,243,210,136,123,,,26,52,,,137,254,233,16,186,234,274,233,260,138,137,72,117,116,249,264,282,190,270,264,117,224,114,,34,,,137,42,87,59,211,167,127,216,20,26,74,47,39,23,306,22,29,39,48,173,183,153,19,32,98,28,76,86,279,44,202,72,84,170,88,100,122,218,98,189,,,155,20,,,137,61,164,122,129,97,163,103,232,205,31,32,65,36,35,59,73,54,163,100,111,122,174,128,,74,,,b'\x11\xe8\xe1I\xd9(-\xd4\x98|\x12\xdf\x17\xaeN\x1e'
11E8E149-D928-2DD4-987C-12DF17AE4E1E,2020-ncaa-d2-conf-Lone Star,ncaa,7,7,2,7,3,3,3,3,5,3,3,5,8,8,8,11,7,4,15,4,13,3,3,6,6,6,13,11,15,9,12,10,16,8,15,13,18,5,4,11,4,6,4,5,,,15,10,,,6,2,7,13,5,3,6,4,5,9,10,10,6,6,6,9,9,12,12,15,5,6,4,,10,,,6,16,16,17,12,18,18,10,7,3,14,2,10,10,18,10,4,15,17,10,12,6,2,2,7,16,16,17,12,18,15,11,5,2,6,5,7,7,11,3,,,3,5,,,6,16,7,7,6,9,11,12,14,17,5,3,10,9,9,11,12,13,16,14,9,6,7,7,,7,,,b'\x11\xe8\xe1I\xd9(-\xd4\x98|\x12\xdf\x17\xaeN\x1e'
11E8E149-D928-2DD4-987C-12DF17AE4E1E,2020-ncaa-d2-natl,ncaa,112,100,173,110,206,128,110,119,113,98,107,116,161,165,157,189,147,121,222,123,158,116,158,126,145,113,202,195,173,156,196,255,270,234,270,223,291,63,54,163,73,68,38,38,,,162,149,,,96,156,106,194,98,81,74,67,88,153,156,127,100,101,71,114,152,269,251,230,73,61,31,,168,,,95,111,147,120,178,209,211,161,46,30,131,37,144,102,286,97,73,112,169,140,149,82,38,40,164,226,270,214,196,222,270,90,69,49,42,47,103,115,183,148,,,128,102,,,96,149,119,105,96,130,161,138,218,234,49,31,154,116,115,118,209,237,248,242,99,36,118,189,,82,,,b'\x11\xe8\xe1I\xd9(-\xd4\x98|\x12\xdf\x17\xaeN\x1e'
11E8E149-D928-2DD4-987C-12DF17AE4E1E,2021-ncaa-d2-conf-Lone Star,ncaa,9,11,8,9,8,8,8,8,9,7,7,9,12,12,14,14,8,7,13,7,9,7,7,13,12,12,14,14,6,6,6,11,13,8,9,11,15,13,12,14,4,2,5,5,,,11,11,,,10,7,2,10,10,7,6,5,3,15,13,8,4,4,5,2,4,14,6,13,14,1,5,,12,,,10,8,8,7,10,11,9,8,3,3,7,1,10,11,4,11,6,9,9,7,7,2,1,1,8,10,13,11,6,10,9,5,3,4,1,2,15,13,10,7,,,7,9,,,10,10,13,3,10,6,8,5,13,14,1,1,9,10,10,6,15,10,11,11,5,1,15,11,,4,,,b'\x11\xe8\xe1I\xd9(-\xd4\x98|\x12\xdf\x17\xaeN\x1e'
11E8E149-D928-2DD4-987C-12DF17AE4E1E,2021-ncaa-d2-natl,ncaa,125,135,132,138,138,147,145,137,160,123,117,147,174,170,200,193,126,104,194,103,86,134,125,180,180,198,188,204,55,86,51,166,192,142,145,152,158,184,213,211,35,10,82,81,,,117,157,,,128,129,37,113,161,155,120,96,55,206,194,91,42,38,102,35,45,202,134,172,217,9,73,,189,,,125,74,83,76,128,107,98,112,46,49,67,14,93,97,72,92,108,78,101,93,96,20,25,16,157,116,192,89,51,96,145,71,77,29,1,6,185,214,124,108,,,105,85,,,128,99,197,25,126,62,78,41,143,149,14,7,115,126,124,54,183,153,112,132,66,2,220,149,,34,,,b'\x11\xe8\xe1I\xd9(-\xd4\x98|\x12\xdf\x17\xaeN\x1e'
11E8E149-D928-2DD4-987C-12DF17AE4E1E,2022-ncaa-d2-conf-Lone Star,ncaa,10,11,5,11,5,9,9,10,9,9,11,5,11,10,15,8,7,9,7,9,9,9,10,10,10,11,11,11,6,6,7,12,13,10,9,11,13,14,12,13,13,13,6,7,,,16,16,,,12,9,12,2,13,11,12,8,10,11,9,8,8,8,11,11,7,14,12,13,12,13,5,,14,,,12,11,7,5,13,8,8,8,9,2,16,3,15,13,15,13,13,8,8,11,13,13,10,6,15,10,13,6,7,7,9,5,6,7,8,7,13,13,6,7,,,5,3,,,12,8,12,13,12,11,6,4,8,10,10,3,15,12,12,5,6,10,5,7,6,11,12,7,,4,,,b'\x11\xe8\xe1I\xd9(-\xd4\x98|\x12\xdf\x17\xaeN\x1e'
11E8E149-D928-2DD4-987C-12DF17AE4E1E,2022-ncaa-d2-natl,ncaa,215,179,248,215,250,252,253,274,147,227,264,81,260,237,267,162,165,183,97,190,66,270,257,166,138,192,183,235,48,195,91,276,274,266,215,265,245,183,273,266,208,157,118,66,,,174,283,,,218,260,198,64,215,231,257,171,223,246,196,88,117,123,242,171,130,278,236,253,264,155,70,,272,,,222,63,37,30,198,60,71,135,49,28,258,47,233,198,255,200,266,37,46,188,225,196,201,81,280,156,274,28,91,44,215,45,131,181,101,98,247,283,74,170,,,166,22,,,218,37,190,224,224,191,132,68,155,163,107,44,284,269,271,129,157,238,52,138,118,105,279,124,,46,,,b'\x11\xe8\xe1I\xd9(-\xd4\x98|\x12\xdf\x17\xaeN\x1e'
11E8E149-D928-2DD4-987C-12DF17AE4E1E,2023-ncaa-d2-conf-Lone Star,ncaa,7,8,6,8,6,12,13,16,9,6,7,8,15,15,13,14,5,5,7,5,3,11,11,10,8,9,12,15,2,11,10,13,12,15,9,15,16,12,13,16,10,7,4,3,,,11,10,,,12,9,10,5,13,14,16,8,7,15,16,5,5,5,13,11,12,13,15,16,10,9,3,,10,,,12,9,11,8,15,13,11,14,5,3,14,3,6,7,4,8,7,8,9,13,12,13,2,4,5,6,12,4,10,3,9,7,5,7,8,7,13,13,4,3,,,3,1,,,12,9,12,13,11,10,14,8,15,12,5,3,9,7,8,8,8,4,3,2,8,7,13,4,,3,,,b'\x11\xe8\xe1I\xd9(-\xd4\x98|\x12\xdf\x17\xaeN\x1e'
11E8E149-D928-2DD4-987C-12DF17AE4E1E,2023-ncaa-d2-natl,ncaa,183,206,148,199,153,223,249,245,221,211,190,217,267,261,260,250,65,54,167,61,21,221,199,243,204,238,165,261,5,214,166,236,171,242,184,269,269,236,267,278,142,133,86,68,,,188,235,,,242,185,190,71,251,278,287,220,195,268,268,29,33,34,261,200,215,262,269,287,245,145,78,,222,,,239,137,149,99,231,188,132,228,78,78,133,86,159,158,134,157,181,103,113,198,207,182,72,70,165,88,171,62,166,57,184,136,131,142,112,124,239,265,46,67,,,55,10,,,242,125,249,164,233,158,173,90,213,153,87,76,174,181,184,98,119,106,51,64,144,121,253,50,,23,,,b'\x11\xe8\xe1I\xd9(-\xd4\x98|\x12\xdf\x17\xaeN\x1e'
11E8E149-D928-2DD4-987C-12DF17AE4E1E,2024-ncaa-d2-conf-Lone Star,ncaa,13,13,10,13,13,11,10,12,6,4,4,7,16,16,16,16,4,3,12,3,5,10,8,10,10,13,15,16,1,9,6,14,7,12,8,14,14,14,15,16,3,2,13,13,,,13,14,,,10,7,3,10,8,7,8,4,2,16,16,3,3,3,6,3,7,13,10,14,16,2,13,,14,,,10,7,8,3,12,5,4,11,7,7,16,8,14,12,12,12,14,6,8,12,14,11,12,9,14,4,7,1,6,3,8,7,8,4,2,2,14,15,5,2,,,4,2,,,10,9,14,10,12,13,12,6,9,6,10,8,15,13,13,9,13,7,3,5,12,2,15,7,,3,,,b'\x11\xe8\xe1I\xd9(-\xd4\x98|\x12\xdf\x17\xaeN\x1e'
11E8E149-D928-2DD4-987C-12DF17AE4E1E,2024-ncaa-d2-natl,ncaa,245,212,260,243,270,238,233,267,105,155,189,97,286,280,280,282,126,111,199,110,69,255,255,160,149,190,279,291,29,240,175,274,107,276,169,268,277,164,248,267,100,43,276,247,,,141,269,,,187,243,61,226,148,146,206,44,54,288,284,39,24,24,137,85,198,257,249,248,259,47,265,,259,,,189,59,37,21,248,32,21,216,140,61,282,169,173,142,278,139,263,19,29,262,277,221,260,203,237,16,107,22,175,13,169,72,189,136,45,93,186,251,14,10,,,120,15,,,187,39,207,185,212,217,165,56,118,59,225,147,256,224,221,97,160,42,88,55,182,49,256,21,,12,,,b'\x11\xe8\xe1I\xd9(-\xd4\x98|\x12\xdf\x17\xaeN\x1e'
11E8E149-D928-2DD4-987C-12DF17AE4E1E,2025-ncaa-d2-conf-Lone Star,genius_ncaa,12,11,15,12,16,14,12,11,10,11,9,13,10,12,5,9,13,14,5,14,14,14,14,11,12,11,9,10,11,11,10,14,11,13,11,12,10,6,9,10,9,3,8,7,,,12,15,,11,11,15,7,7,10,10,8,6,6,9,10,11,13,13,7,8,8,11,8,10,10,4,6,,15,,12,11,3,2,1,11,4,4,9,4,3,16,3,12,11,6,12,14,1,1,10,10,10,10,5,14,3,11,6,10,4,11,2,3,8,4,4,6,12,3,3,,,16,13,,7,11,2,10,10,11,8,7,6,8,8,6,3,14,15,15,6,9,8,12,11,5,5,12,4,,13,,7,b'\x11\xe8\xe1I\xd9(-\xd4\x98|\x12\xdf\x17\xaeN\x1e'
11E8E149-D928-2DD4-987C-12DF17AE4E1E,2025-ncaa-d2-natl,genius_ncaa,195,200,207,203,228,200,190,196,171,177,165,203,180,206,117,178,218,255,34,257,263,217,237,179,173,163,177,149,191,216,207,239,123,244,192,191,152,84,158,158,162,108,163,132,,,173,266,,228,174,232,185,288,198,175,160,159,115,165,189,208,249,249,198,208,207,232,240,173,134,130,147,,224,,243,171,74,75,45,193,78,73,159,117,74,257,119,151,151,162,158,206,51,58,198,199,180,195,156,197,55,123,101,207,72,192,66,105,175,120,111,122,186,62,62,,,243,199,,125,174,69,181,163,173,132,114,53,111,98,158,90,196,183,190,76,88,71,156,116,103,142,163,66,,231,,107,b'\x11\xe8\xe1I\xd9(-\xd4\x98|\x12\xdf\x17\xaeN\x1e'
11E8E149-D928-2DD4-987C-12DF17AE4E1E,2026-ncaa-d2-conf-Lone Star,genius_ncaa,3,1,6,1,7,8,9,11,6,8,7,6,12,15,9,15,5,5,13,5,4,8,8,7,5,6,12,16,5,8,7,6,5,6,4,5,1,8,9,4,10,9,2,4,,,8,7,,11,6,7,2,2,3,5,7,3,3,12,15,3,3,2,4,3,6,2,2,1,10,7,3,,8,,12,4,4,4,10,2,4,12,1,6,2,15,1,5,5,12,5,3,11,11,3,2,4,10,12,7,7,5,6,7,7,4,5,9,7,8,4,12,13,8,9,,,9,11,,7,6,11,6,4,4,5,6,15,6,16,9,1,6,6,6,15,16,7,9,9,8,4,15,10,,8,,6,b'\x11\xe8\xe1I\xd9(-\xd4\x98|\x12\xdf\x17\xaeN\x1e'
11E8E149-D928-2DD4-987C-12DF17AE4E1E,2026-ncaa-d2-natl,genius_ncaa,65,53,141,74,145,158,199,217,129,175,176,161,212,229,128,236,35,66,36,72,37,193,182,145,84,126,115,227,13,241,221,184,205,212,206,147,74,183,230,178,122,127,22,33,,,142,116,,158,145,166,94,29,127,205,258,162,159,219,244,17,38,39,205,163,239,167,231,131,217,104,16,,179,,183,146,128,139,145,112,149,191,60,120,93,210,61,125,120,167,118,80,143,154,98,96,91,118,125,149,168,205,104,221,130,206,138,147,105,96,109,267,288,29,29,,,120,60,,68,145,149,153,97,125,150,159,216,175,261,135,91,142,139,136,209,240,210,93,154,164,66,278,29,,71,,57,b'\x11\xe8\xe1I\xd9(-\xd4\x98|\x12\xdf\x17\xaeN\x1e'
11E8E149-D930-AE96-987C-12DF17AE4E1E,2018-ncaa-d2-conf-Heartland,ncaa,3,3,3,3,4,5,4,4,4,3,2,5,7,8,6,8,6,5,5,5,8,4,4,6,6,6,7,8,5,4,4,4,1,4,2,8,8,5,5,8,2,2,4,2,,,4,4,,,4,5,6,8,6,5,5,3,1,8,8,5,7,7,5,6,5,5,4,8,4,2,3,,3,,,4,3,1,2,2,1,1,2,7,6,8,8,3,4,4,4,6,2,3,4,4,3,8,8,6,1,1,3,4,3,2,6,8,3,3,4,3,3,2,1,,,6,7,,,4,4,6,3,4,2,2,1,1,1,6,5,3,3,3,2,1,1,3,2,4,3,3,3,,8,,,b'\x11\xe8\xe1I\xd90\xae\x96\x98|\x12\xdf\x17\xaeN\x1e'
11E8E149-D930-AE96-987C-12DF17AE4E1E,2018-ncaa-d2-natl,ncaa,134,132,148,137,176,255,239,233,228,197,175,224,261,255,244,223,246,258,108,259,270,240,242,239,237,239,244,233,163,186,168,189,78,195,130,288,302,145,232,281,141,87,180,121,,,61,131,,,196,245,289,153,285,275,271,223,172,267,262,253,263,264,280,276,189,208,208,300,164,145,176,,60,,,195,42,30,38,98,11,26,78,194,150,235,259,106,125,89,120,244,43,63,137,144,120,288,284,206,54,78,100,168,72,130,163,293,177,94,168,66,109,26,44,,,276,267,,,196,64,240,110,199,37,25,21,12,13,198,165,120,131,131,22,25,51,114,76,170,163,71,35,,293,,,b'\x11\xe8\xe1I\xd90\xae\x96\x98|\x12\xdf\x17\xaeN\x1e'
11E8E149-D930-AE96-987C-12DF17AE4E1E,2019-ncaa-d2-conf-Heartland,ncaa,3,3,3,3,4,5,4,1,7,4,2,7,6,6,5,7,7,7,3,7,7,4,4,7,7,6,7,6,6,1,3,2,4,2,4,5,7,1,1,3,4,5,7,7,,,3,4,,,7,5,6,8,7,4,2,4,2,6,7,7,7,7,2,4,2,3,1,6,2,4,7,,4,,,7,5,4,4,3,3,1,4,8,8,6,8,3,3,1,3,5,5,6,5,3,5,8,8,1,5,4,7,3,6,4,6,8,4,5,6,3,3,3,3,,,7,7,,,7,4,6,5,4,4,4,6,3,1,7,8,3,3,3,4,4,5,7,6,6,5,3,4,,6,,,b'\x11\xe8\xe1I\xd90\xae\x96\x98|\x12\xdf\x17\xaeN\x1e'
11E8E149-D930-AE96-987C-12DF17AE4E1E,2019-ncaa-d2-natl,ncaa,85,74,118,80,134,176,156,136,196,175,134,225,115,136,79,145,253,256,144,260,285,162,184,180,196,169,150,95,265,107,96,136,104,123,97,198,247,86,102,163,212,208,228,190,,,97,118,,,115,202,262,70,199,161,116,181,135,116,146,268,275,278,179,218,98,145,104,221,86,226,240,,86,,,115,70,80,107,106,37,34,140,261,275,133,298,44,97,11,96,211,93,111,143,107,100,281,293,78,107,104,149,96,126,97,148,230,142,109,138,47,57,66,53,,,211,217,,,115,113,144,94,110,65,65,80,28,12,256,277,39,93,94,61,64,111,134,114,137,157,47,63,,232,,,b'\x11\xe8\xe1I\xd90\xae\x96\x98|\x12\xdf\x17\xaeN\x1e'
11E8E149-D930-AE96-987C-12DF17AE4E1E,2020-ncaa-d2-conf-Lone Star,ncaa,8,7,5,8,5,7,8,6,11,10,6,13,3,4,4,9,10,12,3,12,15,7,7,10,11,9,8,5,14,3,2,6,5,3,3,8,10,9,8,9,9,9,11,9,,,13,13,,,7,11,16,3,8,8,7,11,7,4,5,12,14,14,8,10,3,7,3,9,6,10,11,,12,,,7,9,6,8,5,6,7,5,11,14,9,13,14,14,14,14,14,9,8,5,6,9,16,14,16,8,5,11,2,9,3,9,12,14,14,12,1,2,6,5,,,13,17,,,7,9,6,9,7,8,6,7,4,4,11,11,13,11,11,8,5,7,6,7,10,15,2,6,,15,,,b'\x11\xe8\xe1I\xd90\xae\x96\x98|\x12\xdf\x17\xaeN\x1e'
11E8E149-D930-AE96-987C-12DF17AE4E1E,2020-ncaa-d2-natl,ncaa,144,155,102,150,104,136,142,101,178,190,162,210,60,73,65,75,191,206,140,204,202,122,123,145,159,153,64,50,225,41,35,109,110,60,52,107,92,169,151,122,133,119,111,92,,,224,251,,,122,179,258,19,144,157,117,222,187,54,72,212,228,224,138,146,40,113,47,113,148,139,114,,216,,,121,145,97,136,76,75,99,91,191,213,136,212,260,250,183,249,264,155,137,95,126,157,280,208,274,141,110,121,35,124,52,150,226,193,190,183,78,60,188,198,,,225,267,,,122,136,113,153,123,114,75,93,62,69,180,195,248,240,234,120,83,123,94,97,139,211,56,171,,264,,,b'\x11\xe8\xe1I\xd90\xae\x96\x98|\x12\xdf\x17\xaeN\x1e'
11E8E149-D930-AE96-987C-12DF17AE4E1E,2021-ncaa-d2-conf-Lone Star,ncaa,9,11,8,9,9,11,12,10,13,9,9,13,10,10,10,9,13,14,11,14,14,9,9,12,13,13,11,8,13,7,7,6,3,7,4,13,14,8,13,13,13,12,6,4,,,6,3,,,13,10,14,12,14,13,11,11,8,9,10,14,14,14,14,13,6,3,3,14,11,13,7,,2,,,12,7,7,9,7,6,7,6,15,11,15,13,4,3,9,3,2,7,7,11,9,12,14,15,2,4,3,5,7,5,4,11,15,12,12,13,9,11,13,14,,,13,14,,,13,7,14,9,13,4,6,6,4,5,15,13,2,1,1,4,1,3,8,4,14,14,10,13,,14,,,b'\x11\xe8\xe1I\xd90\xae\x96\x98|\x12\xdf\x17\xaeN\x1e'
11E8E149-D930-AE96-987C-12DF17AE4E1E,2021-ncaa-d2-natl,ncaa,125,135,132,138,139,167,166,157,175,163,146,185,152,157,127,119,175,176,153,176,185,157,146,178,182,199,121,91,157,114,67,132,48,136,46,162,136,143,214,207,153,156,95,61,,,68,86,,,177,151,188,121,206,198,199,187,159,153,158,205,204,206,210,169,92,103,91,187,203,171,84,,47,,,170,69,75,79,86,58,71,64,140,109,209,198,50,44,127,44,50,73,74,128,106,108,198,220,32,55,48,69,67,65,46,122,207,142,109,171,140,198,144,201,,,161,170,,,177,75,199,93,172,53,67,58,25,37,195,159,19,15,15,37,24,49,62,39,167,152,184,183,,189,,,b'\x11\xe8\xe1I\xd90\xae\x96\x98|\x12\xdf\x17\xaeN\x1e'
11E8E149-D930-AE96-987C-12DF17AE4E1E,2022-ncaa-d2-conf-Lone Star,ncaa,14,16,5,14,10,12,12,9,12,12,11,13,7,8,7,7,14,12,11,12,11,10,6,12,13,15,6,7,9,4,3,4,8,3,3,9,4,15,16,12,15,15,8,8,,,10,11,,,15,8,10,15,15,15,10,15,10,7,8,14,13,12,12,6,5,3,3,9,16,15,7,,9,,,14,13,12,13,6,9,10,9,14,15,6,12,9,10,7,10,9,12,9,8,7,14,11,12,6,15,8,5,3,8,3,15,16,15,15,16,15,15,12,11,,,10,13,,,15,9,15,14,15,12,12,16,10,11,11,14,9,8,8,13,9,14,4,8,16,15,16,10,,12,,,b'\x11\xe8\xe1I\xd90\xae\x96\x98|\x12\xdf\x17\xaeN\x1e'
11E8E149-D930-AE96-987C-12DF17AE4E1E,2022-ncaa-d2-natl,ncaa,275,293,106,285,142,186,194,182,208,204,173,222,162,170,146,141,163,164,168,164,160,182,99,203,195,265,111,124,128,57,40,84,183,66,57,139,62,301,296,263,234,274,114,127,,,238,219,,,277,114,123,284,252,258,245,248,218,179,183,192,189,191,248,106,72,67,52,164,295,266,124,,225,,,267,245,220,231,131,189,193,163,252,259,137,214,257,247,189,244,210,245,201,150,171,232,238,200,204,246,183,89,40,150,57,271,266,241,283,285,301,298,155,180,,,138,206,,,277,179,254,259,269,243,214,248,176,178,245,257,248,232,230,259,195,227,42,129,265,266,297,140,,170,,,b'\x11\xe8\xe1I\xd90\xae\x96\x98|\x12\xdf\x17\xaeN\x1e'
11E8E149-D930-AE96-987C-12DF17AE4E1E,2023-ncaa-d2-conf-Lone Star,ncaa,15,15,9,15,10,15,15,12,13,9,5,14,16,16,16,15,11,11,15,11,12,12,14,15,16,15,14,16,7,7,6,15,14,14,13,16,13,7,10,12,5,3,8,7,,,7,12,,,14,15,13,2,15,15,10,6,4,16,15,9,7,7,9,9,6,15,12,15,8,3,7,,11,,,14,3,3,1,14,6,4,15,4,6,7,8,9,9,10,8,11,1,3,12,13,10,8,6,13,7,14,6,6,6,13,11,14,4,2,8,5,7,9,7,,,12,6,,,14,2,15,11,15,7,8,1,8,4,7,7,11,12,12,2,6,9,9,10,13,2,7,10,,8,,,b'\x11\xe8\xe1I\xd90\xae\x96\x98|\x12\xdf\x17\xaeN\x1e'
11E8E149-D930-AE96-987C-12DF17AE4E1E,2023-ncaa-d2-natl,ncaa,267,239,255,268,255,277,273,278,257,246,233,243,275,274,277,245,204,158,259,152,86,273,272,271,270,258,232,259,44,185,124,286,223,273,220,273,233,64,187,246,155,79,193,102,,,101,242,,,233,278,244,6,263,260,229,195,110,271,256,137,67,57,188,171,96,266,227,265,174,90,149,,220,,,238,32,29,10,217,41,11,259,70,76,90,195,133,117,195,111,257,9,19,214,229,171,188,131,232,65,223,49,124,41,220,113,260,162,58,134,62,174,111,158,,,194,47,,,233,19,253,172,241,133,110,34,126,30,121,150,218,209,204,43,105,154,174,170,215,73,164,174,,67,,,b'\x11\xe8\xe1I\xd90\xae\x96\x98|\x12\xdf\x17\xaeN\x1e'
11E8E149-D930-AE96-987C-12DF17AE4E1E,2024-ncaa-d2-conf-Lone Star,ncaa,13,14,6,14,8,13,14,11,15,12,14,11,10,7,12,6,10,10,13,10,9,12,11,14,14,15,8,7,9,11,12,7,16,9,14,8,5,16,16,14,15,16,3,4,,,10,7,,,16,9,7,9,15,15,14,14,13,10,7,10,10,10,15,9,11,5,8,8,15,16,4,,10,,,16,14,12,14,7,11,13,8,9,11,7,10,11,8,14,8,7,13,9,9,9,12,10,8,8,16,16,11,12,15,14,14,14,14,15,15,16,16,14,16,,,9,10,,,16,8,15,15,16,12,13,14,11,13,9,12,11,11,11,15,11,16,12,15,14,14,16,15,,9,,,b'\x11\xe8\xe1I\xd90\xae\x96\x98|\x12\xdf\x17\xaeN\x1e'
11E8E149-D930-AE96-987C-12DF17AE4E1E,2024-ncaa-d2-natl,ncaa,245,274,117,261,156,213,212,206,222,207,223,145,191,121,264,80,193,207,145,199,127,208,168,217,210,236,139,154,134,203,211,158,199,182,206,167,82,254,261,216,250,264,135,144,,,181,197,,,267,155,184,222,258,254,258,244,258,206,127,212,221,215,263,208,220,181,222,184,237,263,149,,168,,,257,212,192,181,171,174,137,205,205,231,117,223,200,168,280,169,178,181,142,177,197,232,188,182,165,201,199,149,211,170,206,243,244,217,239,264,284,280,195,251,,,162,133,,,267,127,246,240,265,201,180,189,167,115,207,228,185,149,152,185,121,185,124,153,241,233,269,195,,173,,,b'\x11\xe8\xe1I\xd90\xae\x96\x98|\x12\xdf\x17\xaeN\x1e'
11E8E149-D930-AE96-987C-12DF17AE4E1E,2025-ncaa-d2-conf-Lone Star,genius_ncaa,8,8,8,9,8,12,13,14,8,14,15,5,9,7,12,5,8,8,12,8,3,12,10,9,9,13,6,6,5,7,5,4,2,5,1,9,6,15,15,13,15,14,3,3,,,10,10,,16,10,11,12,1,14,13,14,16,13,10,7,8,8,8,15,12,6,1,2,8,15,15,3,,8,,16,10,2,4,10,4,5,8,6,3,9,1,10,2,2,5,2,5,9,6,3,3,4,8,6,8,4,2,2,5,3,1,7,12,14,12,11,15,15,8,11,,,8,7,,6,10,7,13,4,10,5,5,10,5,7,3,11,4,4,4,9,5,6,4,3,8,13,15,9,,6,,6,b'\x11\xe8\xe1I\xd90\xae\x96\x98|\x12\xdf\x17\xaeN\x1e'
11E8E149-D930-AE96-987C-12DF17AE4E1E,2025-ncaa-d2-natl,genius_ncaa,132,141,109,139,117,193,199,237,130,191,261,49,180,134,260,79,166,154,192,152,35,225,177,138,136,207,139,158,101,158,91,67,41,90,20,148,80,274,285,225,247,256,63,47,,,123,150,,299,153,185,252,39,247,253,295,240,286,196,143,179,157,153,293,242,164,34,76,169,261,267,61,,107,,301,153,65,93,178,44,88,120,93,148,235,28,247,36,39,152,38,46,142,119,52,40,73,137,204,68,85,41,37,91,46,20,162,233,225,225,225,250,273,72,136,,,127,83,,35,153,136,209,65,145,52,72,153,65,82,137,231,32,37,34,100,55,67,14,28,156,245,236,59,,132,,36,b'\x11\xe8\xe1I\xd90\xae\x96\x98|\x12\xdf\x17\xaeN\x1e'
11E8E149-D930-AE96-987C-12DF17AE4E1E,2026-ncaa-d2-conf-Lone Star,genius_ncaa,3,1,6,1,7,7,6,9,2,8,15,2,5,7,7,2,10,12,2,12,12,11,14,1,1,2,10,6,14,6,2,8,10,8,5,6,3,6,6,2,10,6,1,1,,,7,6,,7,6,16,14,2,2,2,5,3,14,3,4,9,11,12,7,10,4,4,4,2,7,7,1,,6,,8,4,6,4,7,4,3,8,2,14,9,16,9,6,6,14,6,7,5,4,8,6,6,15,17,8,10,10,2,2,5,5,4,5,13,10,6,6,5,4,8,,,12,12,,7,6,3,2,8,3,8,6,11,2,12,15,11,7,7,7,8,7,13,2,6,6,10,6,7,,12,,6,b'\x11\xe8\xe1I\xd90\xae\x96\x98|\x12\xdf\x17\xaeN\x1e'
11E8E149-D930-AE96-987C-12DF17AE4E1E,2026-ncaa-d2-natl,genius_ncaa,9,1,141,1,145,212,204,214,146,236,261,93,97,90,140,22,214,231,87,230,121,225,233,112,118,96,41,39,199,171,118,108,99,134,55,170,111,50,93,96,246,240,10,1,,,98,176,,225,95,240,296,29,208,214,255,258,284,73,50,221,243,244,276,290,172,37,75,163,44,251,4,,97,,237,87,57,44,108,11,18,49,6,231,240,170,291,46,40,155,44,102,95,77,23,17,54,295,297,77,134,99,80,118,94,55,74,194,245,248,191,24,23,62,132,,,190,64,,97,95,64,86,75,67,24,21,128,2,20,266,281,32,27,31,86,28,166,43,83,72,269,7,58,,173,,86,b'\x11\xe8\xe1I\xd90\xae\x96\x98|\x12\xdf\x17\xaeN\x1e'
11E8E149-D935-1832-987C-12DF17AE4E1E,2018-ncaa-d2-conf-ECC,ncaa,2,2,2,2,3,3,2,3,1,3,7,2,1,2,1,3,5,5,4,5,5,4,3,1,1,1,3,2,7,2,2,8,8,6,3,1,4,5,4,1,2,2,5,3,,,7,7,,,1,5,8,5,3,2,5,3,7,1,3,6,6,6,5,6,4,8,6,2,3,2,5,,6,,,1,1,1,1,2,2,2,2,3,3,4,4,8,8,7,8,8,1,5,2,4,1,8,3,9,4,8,2,2,2,3,1,5,1,1,1,1,1,9,8,,,3,2,,,1,5,2,1,1,1,1,1,1,2,1,1,8,7,7,1,2,4,1,2,1,1,1,9,,2,,,b'\x11\xe8\xe1I\xd95\x182\x98|\x12\xdf\x17\xaeN\x1e'
11E8E149-D935-1832-987C-12DF17AE4E1E,2018-ncaa-d2-natl,ncaa,29,18,64,24,103,92,86,121,50,125,187,56,35,59,26,63,191,195,156,198,185,138,124,35,46,82,79,38,265,68,19,211,217,149,68,76,123,242,229,139,23,18,87,55,,,164,163,,,14,139,230,292,98,96,192,167,248,40,80,232,235,241,227,196,79,282,214,83,205,23,102,,113,,,11,23,14,50,28,15,62,31,69,88,87,143,141,156,105,157,229,58,166,32,41,1,240,165,250,171,217,33,19,70,68,36,203,11,4,3,176,153,271,281,,,81,78,,,14,162,52,1,10,2,1,2,2,14,39,46,100,104,106,3,76,133,10,27,25,12,133,250,,106,,,b'\x11\xe8\xe1I\xd95\x182\x98|\x12\xdf\x17\xaeN\x1e'
11E8E149-D935-1832-987C-12DF17AE4E1E,2019-ncaa-d2-conf-ECC,ncaa,1,1,3,1,4,3,1,2,1,1,1,2,5,5,4,8,5,5,3,5,7,2,3,2,2,1,7,6,6,2,2,8,4,6,4,1,1,1,1,1,1,1,8,8,,,4,5,,,1,4,5,6,1,1,1,1,1,5,5,5,5,5,2,3,2,10,7,1,1,1,9,,4,,,1,2,2,1,5,3,1,6,4,2,5,8,3,3,3,3,7,1,5,4,4,3,7,8,5,1,4,4,2,2,4,2,3,1,1,1,1,1,3,2,,,4,5,,,1,7,1,2,1,3,2,1,3,1,4,2,3,3,3,1,2,1,3,2,2,1,1,3,,4,,,b'\x11\xe8\xe1I\xd95\x182\x98|\x12\xdf\x17\xaeN\x1e'
11E8E149-D935-1832-987C-12DF17AE4E1E,2019-ncaa-d2-natl,ncaa,22,22,30,22,42,47,32,24,98,23,15,119,133,131,158,236,148,144,176,143,288,33,40,133,153,100,278,229,268,22,35,153,173,74,112,25,72,106,28,23,10,8,173,175,,,211,131,,,32,55,186,225,78,43,33,20,20,187,202,226,221,223,51,108,31,269,146,26,30,10,210,,109,,,32,121,121,134,136,121,154,107,159,120,221,135,121,150,85,150,148,124,253,141,127,22,164,193,141,175,173,248,35,227,112,122,132,8,5,9,55,21,186,51,,,72,186,,,32,260,59,20,29,27,30,14,41,37,94,49,47,64,65,10,98,100,117,95,53,12,23,119,,168,,,b'\x11\xe8\xe1I\xd95\x182\x98|\x12\xdf\x17\xaeN\x1e'
11E8E149-D935-1832-987C-12DF17AE4E1E,2020-ncaa-d2-conf-ECC,ncaa,3,3,2,2,2,3,2,2,1,2,2,2,4,5,1,8,5,5,7,5,6,2,2,2,2,2,7,5,9,2,2,7,2,4,3,2,7,2,2,2,2,1,7,8,,,6,7,,,2,3,6,1,2,1,2,1,1,3,6,5,5,5,2,2,4,9,8,1,2,1,9,,5,,,2,3,4,3,6,2,3,5,4,4,9,4,4,2,7,3,4,2,5,7,7,3,5,6,4,2,2,4,2,3,3,3,2,1,1,2,2,1,4,1,,,4,4,,,2,7,2,3,2,3,3,1,2,2,3,2,3,1,1,1,2,1,3,2,2,1,1,2,,3,,,b'\x11\xe8\xe1I\xd95\x182\x98|\x12\xdf\x17\xaeN\x1e'
11E8E149-D935-1832-987C-12DF17AE4E1E,2020-ncaa-d2-natl,ncaa,60,37,223,43,249,138,98,183,38,66,107,51,193,243,62,247,212,227,136,225,273,195,233,51,59,51,273,227,255,135,62,292,176,267,135,100,123,33,59,41,32,9,202,147,,,69,155,,,30,244,202,227,72,38,105,23,50,177,239,187,199,197,122,175,108,298,269,50,58,18,188,,115,,,28,21,30,11,196,40,32,141,79,25,299,125,20,22,159,22,75,8,44,206,183,47,144,219,75,43,176,35,62,26,135,54,128,23,2,15,16,21,87,57,,,221,156,,,30,55,45,38,27,32,49,8,58,33,113,32,19,20,20,4,65,62,56,44,69,6,19,105,,175,,,b'\x11\xe8\xe1I\xd95\x182\x98|\x12\xdf\x17\xaeN\x1e'
11E8E149-D935-1832-987C-12DF17AE4E1E,2021-ncaa-d2-conf-ECC,ncaa,3,5,3,3,3,3,3,3,6,3,3,6,3,3,2,5,2,2,3,3,3,3,3,5,5,4,2,3,3,3,3,3,4,3,4,3,6,2,2,4,3,3,6,6,,,4,3,,,4,3,5,3,4,4,4,5,2,4,4,4,3,3,4,5,3,5,4,5,1,2,6,,2,,,4,5,4,4,4,4,3,4,5,4,4,5,4,4,5,4,3,4,4,4,4,3,3,3,2,5,4,5,3,5,4,5,6,3,1,2,2,2,5,4,,,3,3,,,4,4,3,3,4,3,3,1,3,1,4,4,3,3,2,1,2,3,3,3,3,2,1,4,,4,,,b'\x11\xe8\xe1I\xd95\x182\x98|\x12\xdf\x17\xaeN\x1e'
11E8E149-D935-1832-987C-12DF17AE4E1E,2021-ncaa-d2-natl,ncaa,140,135,144,152,156,176,180,161,216,185,154,223,165,169,126,143,168,157,176,156,136,162,162,213,213,210,52,69,59,128,114,155,136,152,146,176,95,65,119,176,134,87,153,118,,,66,128,,,151,169,205,121,213,216,175,220,128,158,162,176,148,149,174,186,83,145,113,198,76,101,162,,82,,,149,52,51,58,42,43,48,48,84,92,95,203,47,45,53,45,116,57,64,54,45,24,190,207,79,77,136,87,114,79,146,82,219,118,26,82,51,70,170,220,,,164,92,,,151,59,207,30,148,13,16,25,11,14,136,148,25,37,39,13,40,123,154,153,132,46,44,212,,156,,,b'\x11\xe8\xe1I\xd95\x182\x98|\x12\xdf\x17\xaeN\x1e'
11E8E149-D935-1832-987C-12DF17AE4E1E,2022-ncaa-d2-conf-ECC,ncaa,3,3,1,3,1,2,2,1,3,2,4,6,3,4,1,6,7,9,7,8,10,2,3,4,4,2,8,5,9,1,2,3,2,1,2,2,2,4,2,2,9,9,4,4,,,8,9,,,3,4,10,4,3,3,4,4,5,5,6,9,10,9,6,9,5,5,4,2,2,10,4,,5,,,3,6,4,6,4,2,4,3,9,9,3,9,8,5,9,5,7,7,6,4,4,5,8,8,8,2,2,5,2,3,2,5,7,8,9,7,7,6,4,3,,,7,9,,,3,7,2,4,3,3,3,3,2,2,6,8,4,4,4,3,2,2,3,2,4,9,4,3,,9,,,b'\x11\xe8\xe1I\xd95\x182\x98|\x12\xdf\x17\xaeN\x1e'
11E8E149-D935-1832-987C-12DF17AE4E1E,2022-ncaa-d2-natl,ncaa,116,203,30,155,35,108,89,42,231,98,28,264,96,112,91,194,200,186,197,183,286,53,53,229,241,222,171,113,258,39,122,26,66,25,81,35,17,231,133,79,206,262,102,118,,,242,174,,,169,60,210,102,234,193,99,195,86,148,189,269,261,259,140,160,87,45,51,54,124,268,147,,143,,,164,223,215,257,70,163,217,63,281,283,192,247,119,138,83,135,95,255,232,104,85,119,246,270,74,197,66,278,122,254,81,281,277,113,179,231,245,174,290,250,,,118,252,,,169,240,202,107,170,79,88,137,46,78,234,229,54,72,71,104,82,98,200,160,216,199,162,279,,253,,,b'\x11\xe8\xe1I\xd95\x182\x98|\x12\xdf\x17\xaeN\x1e'
11E8E149-D935-1832-987C-12DF17AE4E1E,2023-ncaa-d2-conf-ECC,ncaa,2,2,1,2,3,2,3,2,3,4,4,2,2,1,2,3,3,3,3,3,3,2,3,2,2,2,1,3,4,5,6,1,2,1,4,2,6,3,2,4,7,7,2,2,,,2,1,,,2,2,5,4,3,3,2,4,5,2,2,3,3,3,2,4,5,1,1,4,2,7,5,,1,,,2,5,4,8,1,2,3,1,9,9,4,9,4,4,3,3,4,8,7,1,1,2,9,9,3,6,2,6,6,7,4,5,5,5,7,4,6,3,1,1,,,3,3,,,2,8,3,2,2,2,2,7,1,1,9,9,1,4,2,6,4,4,5,5,3,6,4,1,,3,,,b'\x11\xe8\xe1I\xd95\x182\x98|\x12\xdf\x17\xaeN\x1e'
11E8E149-D935-1832-987C-12DF17AE4E1E,2023-ncaa-d2-natl,ncaa,53,55,47,54,57,79,76,38,165,68,44,173,99,93,142,153,126,163,53,161,251,53,57,171,174,137,187,145,196,72,159,13,109,24,112,84,138,142,75,84,136,201,40,50,,,85,21,,,55,60,152,105,124,113,59,120,72,126,124,186,221,217,93,134,112,5,23,113,89,185,63,,30,,,57,124,151,266,6,92,220,9,244,279,65,255,32,44,56,39,20,249,251,15,4,19,214,271,29,256,109,275,159,276,112,224,250,80,138,146,146,73,191,114,,,113,208,,,55,238,130,23,55,30,63,239,28,139,202,258,12,20,17,183,184,217,230,238,165,128,81,158,,196,,,b'\x11\xe8\xe1I\xd95\x182\x98|\x12\xdf\x17\xaeN\x1e'
11E8E149-D935-1832-987C-12DF17AE4E1E,2024-ncaa-d2-conf-ECC,ncaa,3,3,1,3,1,2,2,2,5,5,6,2,2,1,4,1,6,8,1,8,8,2,3,4,2,3,2,2,7,7,8,1,2,4,5,3,8,5,4,5,4,7,2,2,,,5,2,,,2,3,6,5,3,4,5,8,8,3,3,8,8,8,6,7,8,2,5,6,3,6,3,,3,,,2,2,4,9,2,5,5,3,6,8,4,7,3,4,2,4,2,5,7,3,2,3,3,5,4,4,2,8,8,7,5,4,4,3,3,2,3,4,3,4,,,4,6,,,2,7,3,3,2,2,2,4,3,3,3,6,2,2,2,2,3,3,6,6,4,4,3,3,,8,,,b'\x11\xe8\xe1I\xd95\x182\x98|\x12\xdf\x17\xaeN\x1e'
11E8E149-D935-1832-987C-12DF17AE4E1E,2024-ncaa-d2-natl,ncaa,86,115,50,106,67,108,106,71,182,155,138,174,44,39,114,45,205,254,13,254,268,99,84,146,147,153,71,40,249,91,141,47,108,55,110,92,101,232,182,135,158,192,20,16,,,127,57,,,93,77,202,203,178,163,134,226,224,55,57,253,278,278,195,188,125,70,82,126,163,199,24,,57,,,96,130,138,234,34,109,203,29,214,232,135,203,99,90,144,94,56,214,218,44,43,52,196,232,89,207,108,229,141,223,110,196,213,117,146,144,234,189,242,254,,,181,250,,,93,214,148,56,99,40,46,157,38,122,171,177,54,54,53,112,106,149,148,148,124,167,174,222,,261,,,b'\x11\xe8\xe1I\xd95\x182\x98|\x12\xdf\x17\xaeN\x1e'
11E8E149-D935-1832-987C-12DF17AE4E1E,2025-ncaa-d2-conf-ECC,genius_ncaa,8,8,5,8,5,7,8,6,9,7,6,6,8,6,9,6,3,4,1,4,3,6,7,9,9,7,5,7,1,6,7,7,8,7,8,8,7,4,7,7,7,6,8,6,,,7,8,,7,8,6,4,1,7,8,4,6,4,8,6,2,3,3,3,4,5,6,6,8,7,6,7,,7,,9,8,7,6,4,7,3,3,7,9,9,9,9,6,6,4,6,6,4,4,7,7,8,8,9,4,7,8,7,7,8,8,8,8,7,5,8,4,5,5,6,,,6,5,,8,8,4,8,8,8,8,8,8,4,4,9,9,6,6,6,8,7,7,8,9,8,5,5,5,,5,,7,b'\x11\xe8\xe1I\xd95\x182\x98|\x12\xdf\x17\xaeN\x1e'
11E8E149-D935-1832-987C-12DF17AE4E1E,2025-ncaa-d2-natl,genius_ncaa,273,236,275,276,277,281,284,277,278,273,251,264,263,235,286,162,213,236,95,236,147,277,279,282,266,252,157,205,48,246,223,256,217,262,242,246,96,53,172,187,247,208,205,154,,,73,203,,47,254,281,157,11,245,262,134,223,124,233,158,109,128,130,135,129,168,131,162,188,175,195,162,,219,,92,263,46,46,35,160,23,26,129,224,158,276,257,47,70,62,69,190,30,27,212,188,205,281,286,104,108,217,90,223,86,242,198,288,254,194,267,43,135,168,255,,,274,220,,294,254,21,250,220,263,223,201,237,103,110,291,278,145,169,172,239,206,234,266,265,282,172,136,259,,206,,296,b'\x11\xe8\xe1I\xd95\x182\x98|\x12\xdf\x17\xaeN\x1e'
11E8E149-D935-1832-987C-12DF17AE4E1E,2026-ncaa-d2-conf-ECC,genius_ncaa,4,4,1,4,1,7,8,7,8,8,8,8,2,1,2,1,4,6,4,4,2,7,7,5,5,5,1,1,4,8,8,7,5,8,8,7,5,2,5,7,4,4,7,7,,,8,8,,3,4,4,6,1,7,8,7,8,8,2,1,4,6,4,7,7,8,7,8,7,2,4,7,,8,,3,4,3,1,1,5,2,2,5,3,2,3,2,8,8,3,8,8,3,4,4,5,3,5,3,8,4,5,6,8,6,8,3,6,3,2,2,1,1,8,8,,,6,3,,8,4,3,7,3,4,3,1,1,2,2,3,2,8,8,8,3,4,4,6,6,3,3,1,8,,6,,8,b'\x11\xe8\xe1I\xd95\x182\x98|\x12\xdf\x17\xaeN\x1e'
11E8E149-D935-1832-987C-12DF17AE4E1E,2026-ncaa-d2-natl,genius_ncaa,201,239,59,229,67,194,221,140,272,234,144,285,129,144,124,150,86,121,58,102,103,140,123,261,244,246,26,101,39,161,235,69,114,107,193,182,121,209,216,222,137,181,113,142,,,236,254,,140,211,117,220,51,268,284,250,283,216,160,183,108,164,141,255,226,217,80,160,234,181,189,143,,218,,126,207,162,129,174,52,141,195,45,120,136,113,82,258,266,119,262,246,193,182,48,72,99,194,98,269,182,114,228,235,218,193,210,280,131,164,198,177,163,277,283,,,107,107,,284,211,183,257,104,207,83,59,90,75,153,84,83,246,254,251,136,108,148,215,193,192,185,133,266,,162,,289,b'\x11\xe8\xe1I\xd95\x182\x98|\x12\xdf\x17\xaeN\x1e'
11E8E149-D939-5B5E-987C-12DF17AE4E1E,2018-ncaa-d2-conf-CCAA,ncaa,10,9,9,10,10,10,12,6,12,12,7,13,8,9,7,10,4,3,7,3,2,5,5,12,12,12,2,8,2,9,10,12,12,12,12,13,11,12,12,13,2,2,5,2,,,13,13,,,10,4,2,2,9,12,2,12,5,7,6,2,2,2,2,2,5,11,10,13,13,2,4,,13,,,10,7,3,3,7,1,1,8,13,13,10,13,12,12,10,12,13,2,9,10,12,5,13,13,12,7,12,11,10,10,12,11,13,1,1,2,3,4,13,13,,,6,8,,,10,9,12,5,11,10,4,6,2,1,13,13,12,12,12,7,11,10,12,11,12,1,7,13,,4,,,b'\x11\xe8\xe1I\xd99[^\x98|\x12\xdf\x17\xaeN\x1e'
11E8E149-D939-5B5E-987C-12DF17AE4E1E,2018-ncaa-d2-natl,ncaa,179,179,148,188,149,165,202,151,260,195,141,273,175,180,181,197,75,59,186,59,52,129,100,259,234,251,89,179,26,131,139,253,272,207,249,243,245,279,252,280,28,23,79,36,,,276,279,,,190,96,61,15,174,230,116,222,111,181,174,45,39,40,82,42,110,272,222,260,287,18,74,,296,,,190,148,69,105,93,18,35,69,280,258,263,292,241,246,160,243,294,121,202,166,184,80,308,301,249,207,272,180,139,191,249,272,306,23,16,95,173,133,243,242,,,112,155,,,190,196,246,91,198,164,82,101,17,23,287,275,255,253,252,145,256,213,201,218,269,14,184,260,,75,,,b'\x11\xe8\xe1I\xd99[^\x98|\x12\xdf\x17\xaeN\x1e'
11E8E149-D939-5B5E-987C-12DF17AE4E1E,2019-ncaa-d2-conf-CCAA,ncaa,11,9,9,11,12,11,12,10,11,10,10,11,9,8,9,6,7,8,3,8,8,11,12,10,10,7,5,7,2,10,11,13,12,13,13,11,7,4,6,7,1,1,11,6,,,11,13,,,9,10,5,9,10,11,8,10,8,7,6,4,7,7,9,10,9,13,12,10,5,1,9,,13,,,9,3,1,1,8,1,1,9,9,7,10,10,12,10,13,10,13,2,3,9,12,7,13,10,12,5,12,7,11,6,13,8,11,1,1,3,3,3,8,11,,,13,13,,,9,4,11,7,9,8,3,1,1,1,10,7,12,11,12,3,8,8,10,9,9,1,3,9,,13,,,b'\x11\xe8\xe1I\xd99[^\x98|\x12\xdf\x17\xaeN\x1e'
11E8E149-D939-5B5E-987C-12DF17AE4E1E,2019-ncaa-d2-natl,ncaa,216,213,227,220,239,240,256,231,264,258,215,275,192,190,197,166,140,171,77,180,139,229,233,259,234,226,87,150,37,234,245,282,257,278,281,237,167,96,166,199,25,10,206,164,,,241,289,,,222,228,125,109,223,252,172,252,155,172,167,89,130,133,163,170,213,286,282,225,161,9,201,,290,,,223,87,39,39,150,26,21,144,203,153,222,255,257,226,295,225,299,52,90,190,230,148,301,246,288,128,257,166,245,154,281,182,299,71,27,99,90,136,223,264,,,264,251,,,222,89,240,157,214,168,82,62,48,31,242,227,281,254,261,103,189,178,246,226,235,32,133,256,,243,,,b'\x11\xe8\xe1I\xd99[^\x98|\x12\xdf\x17\xaeN\x1e'
11E8E149-D939-5B5E-987C-12DF17AE4E1E,2020-ncaa-d2-conf-CCAA,ncaa,6,6,3,6,4,3,5,3,9,5,2,11,4,5,6,6,2,3,8,2,4,2,1,9,9,9,4,5,6,3,4,7,6,3,7,6,7,10,8,7,1,1,2,2,,,12,12,,,4,1,3,9,6,7,2,8,4,5,6,4,3,3,2,2,3,9,5,8,9,1,2,,12,,,4,10,5,5,6,1,1,8,11,12,5,13,12,12,10,12,13,8,13,7,8,5,13,11,12,5,6,13,4,10,7,11,13,1,1,5,10,5,13,13,,,7,12,,,4,12,9,5,6,6,3,1,1,1,10,12,12,12,12,6,9,6,8,6,10,1,7,13,,8,,,b'\x11\xe8\xe1I\xd99[^\x98|\x12\xdf\x17\xaeN\x1e'
11E8E149-D939-5B5E-987C-12DF17AE4E1E,2020-ncaa-d2-natl,ncaa,131,155,54,145,67,90,97,44,215,112,44,245,99,101,100,190,65,34,240,32,92,39,42,205,204,179,104,140,99,59,118,165,152,106,175,107,149,190,91,133,18,20,100,70,,,298,297,,,108,41,67,100,112,127,45,150,68,126,136,81,46,46,42,54,81,242,152,135,136,19,119,,296,,,110,208,125,161,107,81,75,140,255,273,141,266,289,286,152,286,304,195,242,141,166,94,296,244,286,160,152,263,118,230,175,248,291,31,44,91,157,82,221,151,,,94,217,,,108,259,172,87,128,144,74,71,46,24,223,246,272,273,273,112,197,122,207,180,209,44,120,199,,132,,,b'\x11\xe8\xe1I\xd99[^\x98|\x12\xdf\x17\xaeN\x1e'
11E8E149-D939-5B5E-987C-12DF17AE4E1E,2022-ncaa-d2-conf-CCAA,ncaa,7,4,10,6,10,10,10,10,10,10,10,10,10,10,8,8,10,9,8,9,5,10,10,11,10,11,7,10,3,7,6,10,3,10,6,12,12,3,9,12,4,1,8,1,,,3,12,,,6,10,1,11,8,8,7,7,3,9,8,4,3,3,7,4,5,4,2,12,10,1,5,,12,,,6,2,2,2,2,2,2,6,4,4,5,12,5,5,9,5,12,2,3,5,7,4,12,12,11,3,3,4,6,4,6,5,12,7,1,5,4,8,5,7,,,10,8,,,6,3,10,3,7,4,2,1,1,1,11,11,12,12,12,2,7,4,8,7,12,2,8,9,,6,,,b'\x11\xe8\xe1I\xd99[^\x98|\x12\xdf\x17\xaeN\x1e'
11E8E149-D939-5B5E-987C-12DF17AE4E1E,2022-ncaa-d2-natl,ncaa,150,65,281,108,286,271,274,263,245,265,255,239,249,234,233,167,222,193,241,195,105,259,267,244,243,232,143,180,79,158,95,243,164,229,138,292,297,62,165,275,83,20,204,89,,,115,279,,,131,279,67,295,179,195,84,175,102,190,126,103,77,80,63,57,50,66,40,287,211,22,151,,281,,,121,13,7,16,19,7,7,54,90,137,45,287,98,103,81,107,295,18,21,46,55,36,298,267,264,71,164,56,95,46,138,62,297,166,47,95,47,131,25,56,,,264,186,,,131,23,216,42,131,81,23,100,8,16,231,285,234,242,241,147,218,208,245,239,200,43,175,70,,121,,,b'\x11\xe8\xe1I\xd99[^\x98|\x12\xdf\x17\xaeN\x1e'
11E8E149-D939-5B5E-987C-12DF17AE4E1E,2023-ncaa-d2-conf-CCAA,ncaa,11,11,7,11,9,10,9,6,9,5,5,10,11,10,11,9,8,6,12,6,8,5,5,10,12,11,11,10,8,4,6,11,11,9,10,12,12,9,8,12,2,2,1,1,,,10,9,,,11,5,1,6,10,8,4,4,3,10,10,8,3,3,3,3,3,11,8,12,10,2,1,,11,,,11,12,7,3,11,5,2,11,11,9,11,10,12,11,12,11,12,3,8,11,11,10,11,11,9,6,11,11,6,9,10,10,10,2,2,7,6,7,6,5,,,8,10,,,11,8,11,10,11,12,11,6,7,4,11,10,12,11,11,8,12,11,12,11,11,2,8,7,,7,,,b'\x11\xe8\xe1I\xd99[^\x98|\x12\xdf\x17\xaeN\x1e'
11E8E149-D939-5B5E-987C-12DF17AE4E1E,2023-ncaa-d2-natl,ncaa,241,266,110,254,134,159,146,95,243,113,58,240,200,175,228,226,156,68,289,70,140,84,64,247,265,260,235,218,147,46,94,178,257,114,229,224,268,249,196,256,33,40,38,22,,,271,254,,,251,74,36,207,198,180,69,129,52,226,199,173,60,63,55,32,47,222,116,245,239,32,36,,275,,,246,237,180,165,184,99,96,173,278,254,271,247,268,270,189,271,277,189,232,236,252,175,288,263,235,256,257,247,94,263,229,276,278,30,42,122,194,126,119,64,,,99,173,,,251,221,245,196,244,252,183,146,92,55,277,248,268,260,260,201,258,249,262,266,269,36,177,101,,90,,,b'\x11\xe8\xe1I\xd99[^\x98|\x12\xdf\x17\xaeN\x1e'
11E8E149-D939-5B5E-987C-12DF17AE4E1E,2024-ncaa-d2-conf-CCAA,ncaa,8,7,7,8,10,9,10,8,11,10,7,12,7,10,5,9,3,2,7,2,3,7,9,10,9,9,3,6,1,4,5,10,10,8,7,12,11,4,6,10,4,2,3,2,,,11,12,,,8,10,8,6,8,9,7,10,6,6,10,3,1,1,4,6,2,9,4,12,8,3,3,,11,,,8,3,2,2,7,3,4,7,4,5,7,6,9,9,6,9,9,2,4,8,8,7,7,7,9,7,10,8,5,9,7,11,12,7,7,12,5,6,5,6,,,9,7,,,8,3,7,7,9,7,5,3,3,5,5,6,9,9,9,5,6,8,10,10,11,7,7,6,,7,,,b'\x11\xe8\xe1I\xd99[^\x98|\x12\xdf\x17\xaeN\x1e'
11E8E149-D939-5B5E-987C-12DF17AE4E1E,2024-ncaa-d2-natl,ncaa,136,197,26,162,45,88,117,34,265,149,30,290,83,99,57,210,38,17,254,19,75,27,18,253,244,225,53,101,48,13,64,72,247,31,186,159,214,267,143,219,26,68,46,58,,,295,285,,,172,31,99,192,174,214,71,241,73,119,171,68,37,43,53,53,31,176,65,226,186,58,69,,285,,,167,260,224,256,94,192,235,74,235,236,176,144,286,289,130,289,260,269,276,109,128,107,249,173,263,288,247,288,64,292,186,283,290,32,79,149,239,135,223,139,,,28,112,,,172,266,190,134,171,163,104,140,78,128,177,158,246,252,253,182,207,250,243,258,245,68,162,175,,69,,,b'\x11\xe8\xe1I\xd99[^\x98|\x12\xdf\x17\xaeN\x1e'
11E8E149-D939-5B5E-987C-12DF17AE4E1E,2025-ncaa-d2-conf-CCAA,genius_ncaa,11,11,7,11,10,10,10,9,12,8,8,11,11,11,11,8,7,7,7,8,7,9,9,12,12,10,8,9,3,10,11,9,11,9,11,12,9,2,7,10,7,7,7,6,,,6,5,,3,11,9,6,8,10,10,8,8,7,11,8,6,7,8,8,8,9,7,8,12,7,7,7,,6,,3,11,10,8,7,8,6,2,9,12,12,12,12,7,7,6,7,9,6,4,10,10,11,12,12,5,11,11,12,11,12,11,12,12,10,8,12,2,6,4,5,,,9,5,,10,11,4,11,11,11,11,9,10,7,4,12,12,9,9,9,10,10,12,12,12,12,9,6,5,,8,,10,b'\x11\xe8\xe1I\xd99[^\x98|\x12\xdf\x17\xaeN\x1e'
11E8E149-D939-5B5E-987C-12DF17AE4E1E,2025-ncaa-d2-natl,genius_ncaa,261,293,109,275,134,195,207,124,279,173,90,278,222,165,271,205,136,133,175,134,184,125,107,286,280,271,176,211,68,131,212,162,273,151,273,217,205,225,196,248,122,169,109,92,,,228,155,,178,291,98,88,139,257,264,124,220,92,240,184,145,133,136,123,93,130,202,184,251,211,135,119,,209,,168,282,276,264,226,214,137,119,204,298,293,285,277,212,218,108,219,231,238,230,262,255,244,293,294,113,286,273,279,212,288,273,294,286,109,168,257,217,202,207,169,,,146,183,,107,291,201,271,272,279,273,251,257,134,81,298,289,203,207,207,261,254,279,272,289,290,116,207,204,,153,,109,b'\x11\xe8\xe1I\xd99[^\x98|\x12\xdf\x17\xaeN\x1e'
11E8E149-D939-5B5E-987C-12DF17AE4E1E,2026-ncaa-d2-conf-CCAA,genius_ncaa,9,9,1,9,1,11,8,8,7,6,7,8,9,7,10,7,11,10,11,10,9,8,8,7,8,9,9,9,11,12,12,6,7,10,11,9,9,8,8,10,9,10,3,5,,,6,6,,11,11,4,3,1,11,8,8,6,7,9,7,11,10,10,8,8,12,6,10,9,8,9,3,,6,,11,11,9,9,11,7,9,8,8,8,9,4,10,5,1,12,1,2,10,10,6,6,7,5,6,4,6,7,8,12,9,11,9,11,8,9,11,7,8,1,2,,,9,9,,6,11,10,11,7,11,9,9,11,9,8,8,9,5,1,1,10,10,6,8,9,9,8,7,1,,9,,6,b'\x11\xe8\xe1I\xd99[^\x98|\x12\xdf\x17\xaeN\x1e'
11E8E149-D939-5B5E-987C-12DF17AE4E1E,2026-ncaa-d2-natl,genius_ncaa,276,144,289,276,294,293,290,293,262,290,284,274,289,293,182,268,290,285,280,285,230,293,292,270,277,264,238,229,144,290,264,292,123,292,245,294,298,10,163,287,291,214,270,196,,,7,92,,105,218,292,52,298,263,239,120,173,38,248,267,219,138,141,123,116,217,132,189,294,163,207,199,,109,,250,257,14,16,10,179,12,7,226,58,42,159,274,10,8,104,8,128,9,6,208,186,194,202,251,50,9,123,16,264,10,245,23,169,291,182,209,13,154,5,5,,,293,242,,260,218,8,277,174,258,208,218,239,153,98,261,283,78,90,96,210,193,127,288,250,215,167,153,5,,226,,202,b'\x11\xe8\xe1I\xd99[^\x98|\x12\xdf\x17\xaeN\x1e'
11E8E149-D93D-A90C-987C-12DF17AE4E1E,2018-ncaa-d2-conf-NE10,ncaa,1,1,1,1,1,1,1,1,3,1,1,2,3,2,3,6,2,4,1,3,12,1,1,3,3,2,8,6,10,3,7,1,2,1,2,1,1,13,4,1,12,14,1,1,,,7,1,,,1,1,2,10,2,2,4,1,4,4,6,5,10,10,4,4,7,1,1,1,4,14,1,,1,,,1,13,13,15,1,15,15,1,4,14,2,5,11,11,12,10,2,15,15,1,1,2,3,2,11,13,2,14,7,15,2,3,1,6,13,3,15,11,14,9,,,2,9,,,1,15,2,1,1,1,3,15,6,14,2,9,5,5,6,13,11,10,5,6,1,13,12,12,,8,,,b'\x11\xe8\xe1I\xd9=\xa9\x0c\x98|\x12\xdf\x17\xaeN\x1e'
11E8E149-D93D-A90C-987C-12DF17AE4E1E,2018-ncaa-d2-natl,ncaa,7,8,7,9,7,17,21,15,80,29,25,98,40,40,76,133,86,131,26,120,259,17,16,78,84,77,176,129,242,36,84,2,33,4,18,4,1,233,75,12,237,294,1,1,,,191,47,,,22,18,193,199,86,64,96,86,129,100,124,198,249,240,131,167,106,8,17,6,72,290,1,,37,,,23,218,229,297,3,254,302,8,102,227,5,83,203,190,192,191,45,297,289,2,2,19,65,64,179,258,33,267,84,270,18,40,6,133,250,61,271,162,298,245,,,41,181,,,22,290,59,20,26,18,33,204,77,240,24,105,75,70,67,167,105,139,86,93,4,261,154,264,,184,,,b'\x11\xe8\xe1I\xd9=\xa9\x0c\x98|\x12\xdf\x17\xaeN\x1e'
11E8E149-D93D-A90C-987C-12DF17AE4E1E,2019-ncaa-d2-conf-NE10,ncaa,4,3,4,4,5,7,5,3,10,4,4,9,5,2,13,3,12,10,13,11,13,3,3,9,10,10,10,5,14,2,4,4,5,3,6,1,1,9,6,1,11,12,2,1,,,11,10,,,6,5,7,7,8,5,1,8,8,5,3,14,12,12,3,3,2,4,3,1,9,11,1,,11,,,6,6,6,12,5,9,12,5,2,3,6,2,10,12,2,12,10,12,12,4,5,5,6,3,12,7,5,9,4,10,6,1,1,5,4,1,13,13,7,2,,,8,13,,,6,12,7,3,4,5,6,7,9,12,2,3,10,10,10,7,8,5,9,6,1,7,14,5,,12,,,b'\x11\xe8\xe1I\xd9=\xa9\x0c\x98|\x12\xdf\x17\xaeN\x1e'
11E8E149-D93D-A90C-987C-12DF17AE4E1E,2019-ncaa-d2-natl,ncaa,65,74,46,72,63,77,56,48,109,78,93,91,65,55,121,73,279,278,192,280,302,71,77,94,134,125,190,77,307,53,58,51,57,48,47,10,1,178,116,13,206,237,8,9,,,193,164,,,58,99,227,169,131,69,67,120,149,79,76,299,300,301,137,172,68,74,54,4,110,258,4,,128,,,59,124,126,197,63,182,266,48,45,49,114,23,194,215,70,216,119,206,192,47,44,55,66,36,212,135,57,194,58,176,47,78,54,124,158,78,243,188,157,103,,,204,281,,,58,213,86,49,57,40,50,91,115,227,17,15,132,156,158,95,72,85,91,77,41,184,186,103,,283,,,b'\x11\xe8\xe1I\xd9=\xa9\x0c\x98|\x12\xdf\x17\xaeN\x1e'
11E8E149-D93D-A90C-987C-12DF17AE4E1E,2020-ncaa-d2-conf-NE10,ncaa,1,1,1,1,2,4,4,4,8,3,3,6,6,5,8,8,1,2,4,3,4,4,4,7,5,6,7,9,2,4,5,2,4,3,5,2,1,6,4,3,7,11,1,2,,,4,1,,,3,4,9,8,6,6,6,5,7,6,8,1,3,6,4,7,4,3,3,2,4,12,1,,2,,,3,5,8,12,3,12,12,5,2,6,1,3,2,3,1,4,1,12,11,1,1,2,1,1,1,12,4,8,5,9,5,3,1,5,8,1,10,8,5,3,,,2,2,,,3,11,5,2,3,3,4,7,10,9,1,3,1,2,2,7,5,8,6,7,1,6,7,4,,3,,,b'\x11\xe8\xe1I\xd9=\xa9\x0c\x98|\x12\xdf\x17\xaeN\x1e'
11E8E149-D93D-A90C-987C-12DF17AE4E1E,2020-ncaa-d2-natl,ncaa,42,22,173,33,208,171,168,188,126,183,199,133,123,129,110,97,203,256,25,258,257,208,232,115,117,102,126,97,211,132,101,101,126,108,78,40,1,68,105,30,236,221,25,23,,,23,13,,,64,244,270,208,159,155,179,181,204,113,118,210,264,265,204,241,124,61,72,20,76,244,21,,9,,,60,34,75,149,43,126,180,64,30,86,16,118,11,13,142,15,6,98,80,35,22,44,16,81,18,160,126,90,101,107,78,56,63,206,173,109,129,173,99,113,,,231,174,,,64,72,97,45,53,25,84,162,133,204,33,99,5,7,9,96,67,167,83,111,50,202,152,99,,236,,,b'\x11\xe8\xe1I\xd9=\xa9\x0c\x98|\x12\xdf\x17\xaeN\x1e'
11E8E149-D93D-A90C-987C-12DF17AE4E1E,2022-ncaa-d2-conf-NE10,ncaa,4,5,1,5,1,2,2,1,7,1,1,3,6,2,13,3,2,3,4,3,7,1,1,8,7,7,10,12,6,1,2,1,6,1,2,1,2,14,8,4,10,13,1,2,,,14,7,,,6,1,4,10,5,4,3,3,6,10,2,5,7,6,2,2,2,2,2,2,9,13,2,,7,,,6,14,13,14,5,12,14,1,10,8,12,6,14,14,6,14,7,14,14,4,5,7,9,9,9,13,6,12,2,13,2,3,1,7,12,4,14,8,13,5,,,2,10,,,6,14,6,7,6,7,7,11,6,11,8,6,8,9,9,11,8,8,5,5,1,12,10,7,,8,,,b'\x11\xe8\xe1I\xd9=\xa9\x0c\x98|\x12\xdf\x17\xaeN\x1e'
11E8E149-D93D-A90C-987C-12DF17AE4E1E,2022-ncaa-d2-natl,ncaa,98,65,196,86,209,178,166,168,162,146,169,111,196,151,250,121,168,201,41,198,209,178,182,181,166,161,203,195,161,78,41,132,89,107,39,95,31,124,149,86,278,283,19,11,,,70,132,,,106,216,190,144,146,132,100,104,132,191,115,151,196,193,120,125,52,60,41,48,151,280,8,,110,,,102,64,68,111,65,80,156,28,94,62,234,72,90,80,205,75,63,100,83,65,65,123,148,156,140,93,89,66,41,65,39,25,26,237,222,114,109,128,231,243,,,200,189,,,106,84,135,119,113,89,96,168,98,215,125,77,111,101,94,145,94,122,88,102,31,229,138,253,,176,,,b'\x11\xe8\xe1I\xd9=\xa9\x0c\x98|\x12\xdf\x17\xaeN\x1e'
11E8E149-D93D-A90C-987C-12DF17AE4E1E,2023-ncaa-d0-natl,ncaa,300,284,290,304,318,303,295,318,249,311,318,230,190,179,196,96,327,332,134,332,267,326,339,216,228,222,115,96,270,252,204,268,121,273,169,160,18,61,200,109,361,360,242,256,,,23,96,,,274,339,327,225,283,263,273,291,283,152,123,307,322,320,294,310,201,187,209,104,140,361,209,,59,,,274,72,167,75,304,243,180,266,38,23,198,44,30,35,111,33,40,58,18,268,235,321,8,51,41,37,121,64,204,42,169,41,26,360,347,313,144,261,170,268,,,293,164,,,274,20,226,307,279,196,275,184,334,303,65,48,62,76,72,142,35,84,173,128,96,355,223,225,,234,,,b'\x11\xe8\xe1I\xd9=\xa9\x0c\x98|\x12\xdf\x17\xaeN\x1e'
11E8E149-D93D-A90C-987C-12DF17AE4E1E,2023-ncaa-d1-conf-NEC,ncaa,7,6,9,7,9,6,6,9,6,8,8,2,4,5,5,3,8,8,2,8,4,8,9,3,3,2,2,4,7,6,6,7,3,7,4,2,1,1,4,2,9,9,5,6,,,1,3,,,6,9,9,1,5,5,5,6,8,3,3,5,7,6,6,8,6,7,6,1,3,9,5,,2,,,6,3,7,2,9,8,4,9,2,1,9,1,2,2,7,2,3,1,1,9,9,9,2,2,2,2,3,1,6,1,4,2,2,9,9,8,2,6,5,8,,,8,3,,,6,1,2,9,6,9,9,6,9,9,3,1,3,3,3,5,1,2,5,3,4,9,4,5,,6,,,b'\x11\xe8\xe1I\xd9=\xa9\x0c\x98|\x12\xdf\x17\xaeN\x1e'
11E8E149-D93D-A90C-987C-12DF17AE4E1E,2023-ncaa-d1-natl,ncaa,299,284,310,299,332,306,299,329,244,317,320,230,192,182,183,105,306,325,122,323,228,330,345,213,221,212,111,100,226,271,211,274,116,292,171,171,18,60,206,112,361,359,258,276,,,24,106,,,287,345,323,226,276,274,289,291,286,152,132,284,303,302,298,312,222,196,232,110,143,360,237,,63,,,289,83,186,64,320,268,186,288,40,24,226,40,35,42,126,41,48,44,13,287,262,332,9,45,49,33,116,67,211,28,171,41,23,361,346,313,157,275,164,261,,,291,142,,,287,16,224,322,291,215,292,182,334,300,70,46,74,88,84,149,34,79,166,124,100,355,230,217,,218,,,b'\x11\xe8\xe1I\xd9=\xa9\x0c\x98|\x12\xdf\x17\xaeN\x1e'
11E8E149-D93D-A90C-987C-12DF17AE4E1E,2024-ncaa-d0-natl,ncaa,341,348,196,346,255,332,332,254,353,345,277,351,213,164,298,94,330,330,219,327,301,281,228,345,350,353,95,81,235,199,217,267,334,252,311,241,60,329,346,309,356,358,255,301,,,34,31,,,349,237,213,347,352,354,277,353,281,205,144,333,333,330,306,211,179,280,256,243,342,358,258,,47,,,347,226,292,226,316,330,287,313,93,96,147,66,43,76,29,75,35,199,157,277,238,293,6,52,26,301,334,221,217,268,311,197,71,285,296,274,354,356,214,290,,,243,217,,,349,115,349,321,348,266,332,293,344,336,92,102,66,106,100,265,222,325,259,302,219,279,356,235,,235,,,b'\x11\xe8\xe1I\xd9=\xa9\x0c\x98|\x12\xdf\x17\xaeN\x1e'
11E8E149-D93D-A90C-987C-12DF17AE4E1E,2024-ncaa-d1-conf-NEC,ncaa,7,8,5,8,8,7,7,6,7,9,8,8,4,5,4,2,9,9,6,8,7,7,6,6,7,7,3,2,8,5,5,7,9,6,7,4,1,6,7,5,9,9,4,6,,,2,2,,,8,7,6,8,8,8,6,9,7,2,3,9,9,8,7,5,5,7,6,1,7,9,4,,3,,,8,6,9,8,7,9,8,8,1,3,2,3,4,4,4,3,2,7,3,6,6,7,1,1,3,8,9,3,5,6,7,2,1,8,8,7,9,9,6,6,,,5,5,,,8,3,7,8,8,7,9,9,9,9,2,4,4,5,5,9,5,8,6,8,4,8,9,6,,5,,,b'\x11\xe8\xe1I\xd9=\xa9\x0c\x98|\x12\xdf\x17\xaeN\x1e'
11E8E149-D93D-A90C-987C-12DF17AE4E1E,2024-ncaa-d1-natl,ncaa,352,350,254,353,317,349,354,309,357,355,315,357,231,191,307,91,343,342,217,342,304,328,286,351,354,356,92,78,229,232,233,306,339,296,322,275,60,323,350,320,362,361,272,311,,,25,31,,,353,295,222,349,355,357,287,356,287,213,153,335,337,334,315,229,189,292,271,265,343,361,263,,49,,,353,204,283,190,321,324,266,321,74,72,163,66,35,61,31,56,38,163,99,287,251,313,6,53,25,286,339,185,233,243,322,182,73,315,305,286,353,359,200,296,,,282,208,,,353,64,355,329,354,280,337,299,350,340,97,104,74,112,107,271,220,330,271,313,237,298,359,244,,238,,,b'\x11\xe8\xe1I\xd9=\xa9\x0c\x98|\x12\xdf\x17\xaeN\x1e'
11E8E149-D93D-A90C-987C-12DF17AE4E1E,2025-ncaa-d0-natl,genius_ncaa,147,176,90,167,95,158,131,138,154,179,208,140,81,81,118,66,323,349,3,349,352,176,166,124,135,156,128,58,346,181,167,122,181,143,156,44,7,270,242,83,356,362,232,274,,,83,48,,15,224,155,276,120,205,159,195,236,264,86,87,339,356,356,281,274,208,165,198,35,212,362,250,,54,,9,216,275,293,273,232,281,268,207,266,245,251,203,140,113,261,119,78,264,220,231,214,278,139,221,68,230,181,159,167,193,156,227,105,274,313,295,333,325,179,215,,,214,252,,9,224,215,158,281,212,224,263,247,252,238,243,208,112,89,99,212,116,205,94,127,190,322,306,149,,285,,13,b'\x11\xe8\xe1I\xd9=\xa9\x0c\x98|\x12\xdf\x17\xaeN\x1e'
11E8E149-D93D-A90C-987C-12DF17AE4E1E,2025-ncaa-d1-conf-NEC,genius_ncaa,2,2,1,2,1,2,2,3,3,4,3,3,2,2,2,2,7,9,1,9,9,3,2,2,2,3,4,2,9,2,2,1,4,1,2,1,1,9,4,2,7,9,5,5,,,5,3,,1,2,2,5,6,4,3,4,5,6,2,2,7,9,9,5,5,5,2,2,1,5,9,5,,3,,1,2,8,8,9,3,9,9,4,4,6,1,3,5,5,7,5,3,9,8,3,3,3,3,3,4,6,4,6,2,6,2,5,3,4,7,4,9,9,8,8,,,3,6,,2,2,8,3,3,2,3,5,5,8,8,3,3,3,4,4,6,3,3,3,2,2,7,8,8,,7,,2,b'\x11\xe8\xe1I\xd9=\xa9\x0c\x98|\x12\xdf\x17\xaeN\x1e'
11E8E149-D93D-A90C-987C-12DF17AE4E1E,2025-ncaa-d1-natl,genius_ncaa,161,176,113,177,118,181,155,172,166,215,238,151,92,97,122,65,332,351,3,351,352,219,214,131,142,165,126,56,343,212,184,152,192,180,169,49,7,240,251,89,359,362,248,279,,,64,50,,10,252,198,280,113,218,173,217,246,272,89,89,340,356,356,294,280,217,177,211,36,212,362,257,,55,,11,248,252,279,254,241,270,257,222,254,230,260,198,125,100,269,105,78,237,186,241,220,300,138,223,67,210,192,128,184,162,169,216,107,301,320,307,320,327,162,230,,,238,248,,12,252,172,177,300,243,237,272,250,265,244,247,208,113,92,98,219,113,210,97,131,201,327,313,157,,287,,14,b'\x11\xe8\xe1I\xd9=\xa9\x0c\x98|\x12\xdf\x17\xaeN\x1e'
11E8E149-D93D-A90C-987C-12DF17AE4E1E,2026-ncaa-d0-natl,genius_ncaa,260,152,327,241,334,347,343,342,277,323,320,266,347,339,318,272,334,323,319,323,225,343,341,305,310,309,300,293,162,307,187,326,243,327,212,290,36,60,282,214,312,218,306,289,,,3,8,,13,269,343,183,97,296,276,245,207,147,322,287,256,201,206,249,190,164,181,154,144,281,210,269,,11,,29,297,32,52,26,305,51,50,204,89,26,361,115,4,9,3,7,48,20,23,314,256,258,101,280,11,50,243,28,187,29,212,144,337,330,216,324,165,342,197,322,,,327,123,,187,269,21,305,273,295,261,313,264,294,310,307,136,31,78,80,241,224,251,225,257,351,197,339,334,,134,,85,b'\x11\xe8\xe1I\xd9=\xa9\x0c\x98|\x12\xdf\x17\xaeN\x1e'
11E8E149-D93D-A90C-987C-12DF17AE4E1E,2026-ncaa-d1-natl,genius_ncaa,256,152,345,230,350,359,349,352,253,323,327,238,348,343,309,259,342,339,277,338,273,354,354,279,296,288,312,285,202,312,224,335,186,335,198,314,110,62,268,236,307,190,336,327,,,3,14,,10,266,355,170,100,280,250,222,192,143,307,278,270,239,237,236,204,192,160,163,188,262,186,318,,22,,32,279,17,42,13,299,52,28,221,84,20,349,134,2,15,2,16,76,9,10,307,251,227,103,259,16,31,186,25,224,18,198,135,323,314,151,276,163,333,227,322,,,340,153,,184,266,11,283,219,274,226,289,204,271,257,277,121,35,104,106,174,201,202,237,230,328,145,328,334,,178,,90,b'\x11\xe8\xe1I\xd9=\xa9\x0c\x98|\x12\xdf\x17\xaeN\x1e'
11E8E149-D941-D130-987C-12DF17AE4E1E,2018-ncaa-d2-conf-Sunshine State,ncaa,5,5,5,5,5,7,6,11,1,3,8,2,9,11,3,8,9,9,6,9,8,11,11,2,3,3,11,8,8,11,11,4,1,11,5,8,7,2,4,6,11,11,6,5,,,1,1,,,4,11,11,4,9,7,11,2,6,9,11,11,11,11,11,11,11,3,10,8,3,11,6,,1,,,4,1,1,3,1,2,3,1,4,3,4,7,1,1,9,1,1,1,1,1,1,4,7,7,1,1,1,1,11,1,5,1,3,11,10,10,1,4,1,1,,,10,6,,,4,1,5,3,4,1,2,5,2,6,4,6,1,1,1,4,1,2,3,1,1,11,1,1,,11,,,b'\x11\xe8\xe1I\xd9A\xd10\x98|\x12\xdf\x17\xaeN\x1e'
11E8E149-D941-D130-987C-12DF17AE4E1E,2018-ncaa-d2-natl,ncaa,88,87,105,92,120,177,146,273,13,120,215,29,217,280,35,247,221,218,204,219,186,270,284,19,27,28,261,222,221,303,303,89,6,221,73,196,239,21,94,95,300,290,198,194,,,6,17,,,80,257,308,151,227,174,308,126,253,236,294,248,240,244,309,309,309,80,272,225,21,307,213,,1,,,79,32,52,102,58,45,102,44,132,119,167,179,14,12,255,11,12,70,33,73,50,140,158,244,46,4,6,44,303,18,73,21,45,302,298,238,29,89,3,1,,,233,68,,,80,56,80,100,71,7,27,45,33,71,129,112,10,7,6,20,1,2,24,5,15,309,22,1,,262,,,b'\x11\xe8\xe1I\xd9A\xd10\x98|\x12\xdf\x17\xaeN\x1e'
11E8E149-D941-D130-987C-12DF17AE4E1E,2019-ncaa-d2-conf-Sunshine State,ncaa,3,2,4,3,5,7,7,11,2,6,9,5,6,11,1,10,5,7,4,7,9,11,11,3,2,4,8,7,7,11,11,1,2,6,5,6,2,5,9,5,11,11,4,5,,,1,1,,,4,9,11,4,8,8,11,7,8,7,11,7,8,8,11,11,11,1,8,5,3,11,5,,1,,,4,1,1,6,1,1,4,1,7,11,3,10,1,1,2,1,1,4,3,1,1,2,9,11,1,5,2,1,11,2,5,2,3,11,11,11,4,8,1,1,,,5,2,,,4,3,5,2,4,1,2,8,1,5,8,8,1,1,1,4,1,7,1,3,3,11,3,1,,6,,,b'\x11\xe8\xe1I\xd9A\xd10\x98|\x12\xdf\x17\xaeN\x1e'
11E8E149-D941-D130-987C-12DF17AE4E1E,2019-ncaa-d2-natl,ncaa,42,59,30,58,33,132,110,245,9,94,183,22,164,264,9,241,172,199,88,199,185,244,245,14,15,36,235,200,207,298,296,20,46,117,81,61,37,136,214,65,303,309,117,137,,,10,4,,,55,189,309,117,243,215,310,155,272,221,296,247,264,265,311,311,307,30,243,102,58,311,148,,2,,,57,40,92,247,12,78,212,8,207,242,78,239,11,15,39,17,7,191,124,16,7,39,136,277,9,170,46,67,296,104,81,36,36,292,302,214,125,189,7,5,,,138,41,,,55,115,74,51,54,7,25,105,22,92,127,160,3,4,4,39,5,93,10,15,18,308,58,1,,256,,,b'\x11\xe8\xe1I\xd9A\xd10\x98|\x12\xdf\x17\xaeN\x1e'
11E8E149-D941-D130-987C-12DF17AE4E1E,2020-ncaa-d2-conf-Sunshine State,ncaa,1,1,1,1,2,2,2,7,1,1,1,1,11,11,5,11,3,3,4,3,6,5,8,2,2,1,11,11,5,11,8,1,1,3,1,1,4,4,4,2,11,11,9,9,,,1,1,,,1,4,11,8,5,2,11,1,4,11,11,4,4,4,11,11,11,1,3,1,2,11,10,,1,,,1,1,3,9,1,4,10,1,5,8,4,6,1,1,6,1,1,9,5,1,1,1,6,10,3,1,1,1,8,1,1,1,1,7,8,3,3,3,1,1,,,2,2,,,1,7,2,1,1,1,1,3,2,4,2,2,1,1,1,2,1,1,1,1,1,11,2,1,,3,,,b'\x11\xe8\xe1I\xd9A\xd10\x98|\x12\xdf\x17\xaeN\x1e'
11E8E149-D941-D130-987C-12DF17AE4E1E,2020-ncaa-d2-natl,ncaa,28,22,54,29,70,103,68,255,2,20,112,4,274,297,57,301,129,152,98,148,186,247,251,7,7,11,307,298,175,296,270,36,2,154,15,33,47,63,123,22,303,308,270,272,,,14,7,,,31,220,306,103,134,78,306,18,156,290,306,156,194,184,303,309,307,38,217,38,31,308,279,,3,,,31,39,71,141,46,70,137,38,130,149,119,192,19,17,224,17,12,92,56,52,38,83,127,238,32,13,2,25,270,11,15,54,62,278,265,173,49,103,6,1,,,131,22,,,31,89,27,57,30,12,31,50,37,74,103,104,4,5,5,13,4,3,5,1,29,299,29,1,,187,,,b'\x11\xe8\xe1I\xd9A\xd10\x98|\x12\xdf\x17\xaeN\x1e'
11E8E149-D941-D130-987C-12DF17AE4E1E,2021-ncaa-d2-conf-Sunshine State,ncaa,1,1,5,1,5,5,3,6,1,1,5,1,5,6,1,7,3,3,2,3,4,6,6,1,1,1,6,7,3,6,7,5,1,5,3,3,3,3,4,1,6,5,6,7,,,2,1,,,1,5,5,7,2,2,7,2,2,6,7,3,3,3,7,7,7,1,6,1,2,5,7,,1,,,1,3,3,3,3,3,3,3,4,3,4,3,2,2,2,2,1,3,3,3,2,3,2,5,1,3,1,3,7,3,3,2,1,6,7,3,4,5,2,3,,,5,1,,,1,3,1,4,1,1,4,5,4,7,5,5,1,1,1,3,2,4,1,1,1,7,3,4,,3,,,b'\x11\xe8\xe1I\xd9A\xd10\x98|\x12\xdf\x17\xaeN\x1e'
11E8E149-D941-D130-987C-12DF17AE4E1E,2021-ncaa-d2-natl,ncaa,106,1,208,1,212,200,194,213,1,186,207,6,210,215,2,223,203,209,113,209,154,213,213,1,5,4,218,215,154,215,194,202,73,211,60,189,59,14,71,13,210,88,216,203,,,11,13,,,56,212,158,226,40,17,181,6,42,193,225,99,96,94,170,205,212,15,103,16,42,97,196,,9,,,19,15,16,17,41,17,18,33,21,19,97,127,11,10,14,10,3,16,15,35,24,60,68,162,4,16,73,14,194,14,60,11,7,216,207,96,16,121,11,31,,,210,20,,,56,15,11,71,19,39,89,170,93,168,122,130,2,4,4,133,66,130,22,46,10,212,92,46,,71,,,b'\x11\xe8\xe1I\xd9A\xd10\x98|\x12\xdf\x17\xaeN\x1e'
11E8E149-D941-D130-987C-12DF17AE4E1E,2022-ncaa-d2-conf-Sunshine State,ncaa,1,1,2,1,2,2,2,2,2,1,1,2,8,10,2,10,3,3,2,3,8,3,2,2,2,1,11,11,5,5,5,1,1,1,1,3,6,5,4,2,9,10,7,9,,,1,1,,,1,3,10,5,3,2,8,2,4,10,11,3,4,4,7,10,9,1,2,3,2,10,8,,1,,,1,5,6,11,2,5,8,2,9,11,4,10,2,2,7,2,1,10,9,3,2,3,8,10,1,2,1,5,5,4,1,4,3,9,10,8,4,3,2,1,,,3,2,,,1,9,1,2,2,2,2,6,2,4,7,10,1,1,1,2,1,1,3,1,2,11,3,2,,4,,,b'\x11\xe8\xe1I\xd9A\xd10\x98|\x12\xdf\x17\xaeN\x1e'
11E8E149-D941-D130-987C-12DF17AE4E1E,2022-ncaa-d2-natl,ncaa,4,26,1,18,1,11,10,21,8,5,9,18,138,182,66,273,11,26,49,24,177,22,19,21,18,31,279,267,142,110,161,4,25,14,28,12,88,276,147,57,98,196,137,196,,,177,23,,,21,9,271,167,99,71,269,31,131,259,282,108,153,153,263,271,249,74,176,55,91,235,221,,8,,,30,269,272,293,36,224,260,69,296,300,90,279,108,109,175,110,38,292,286,64,47,82,232,279,37,194,25,235,161,228,28,234,111,76,199,151,242,107,55,10,,,5,17,,,21,293,40,55,32,16,27,77,18,29,192,240,10,10,9,32,18,29,12,7,54,244,69,10,,92,,,b'\x11\xe8\xe1I\xd9A\xd10\x98|\x12\xdf\x17\xaeN\x1e'
11E8E149-D941-D130-987C-12DF17AE4E1E,2023-ncaa-d2-conf-Sunshine State,ncaa,1,1,1,1,1,2,2,4,1,1,1,1,10,11,3,11,1,1,3,1,5,3,4,1,1,1,11,11,3,11,11,1,5,2,2,1,2,2,2,1,10,11,1,2,,,1,1,,,1,2,9,1,3,2,11,1,1,11,11,1,2,2,10,11,11,1,4,1,1,11,2,,1,,,1,3,9,11,1,8,11,1,9,11,1,8,1,1,10,1,1,11,11,1,1,1,4,10,1,11,5,3,11,8,2,1,2,10,11,8,2,2,1,1,,,1,1,,,1,10,2,1,1,1,1,11,1,10,6,9,1,1,1,11,5,10,1,3,1,11,1,1,,1,,,b'\x11\xe8\xe1I\xd9A\xd10\x98|\x12\xdf\x17\xaeN\x1e'
11E8E149-D941-D130-987C-12DF17AE4E1E,2023-ncaa-d2-natl,ncaa,2,3,4,2,5,4,5,43,2,2,24,2,112,197,7,273,8,13,24,14,103,31,34,2,2,2,267,262,134,281,286,1,69,23,55,2,9,205,105,5,219,282,30,95,,,38,2,,,7,14,256,51,28,21,293,9,162,216,284,50,106,104,273,294,298,8,191,7,41,282,85,,2,,,11,267,279,298,11,260,292,11,281,292,70,228,39,30,225,32,3,298,289,18,2,55,126,244,12,284,69,172,286,241,55,187,37,172,285,194,164,65,18,2,,,5,6,,,7,285,4,65,10,31,93,263,66,207,176,225,4,4,4,192,73,150,4,17,37,285,26,1,,60,,,b'\x11\xe8\xe1I\xd9A\xd10\x98|\x12\xdf\x17\xaeN\x1e'
11E8E149-D941-D130-987C-12DF17AE4E1E,2024-ncaa-d2-conf-Sunshine State,ncaa,1,1,1,1,1,1,1,2,1,1,1,1,3,9,1,9,2,2,1,2,6,2,2,1,1,1,9,9,6,11,11,1,4,4,6,1,4,9,4,1,5,9,10,11,,,1,1,,,1,1,9,7,2,1,11,2,6,7,10,4,6,6,11,11,11,5,11,1,1,9,11,,1,,,2,11,11,11,2,7,10,3,11,11,4,10,1,1,5,1,1,11,11,3,2,3,7,11,1,10,4,8,11,10,6,7,3,3,8,5,1,1,1,1,,,1,1,,,1,11,1,3,1,2,5,9,2,2,10,10,1,1,1,5,3,5,2,2,3,9,1,1,,3,,,b'\x11\xe8\xe1I\xd9A\xd10\x98|\x12\xdf\x17\xaeN\x1e'
11E8E149-D941-D130-987C-12DF17AE4E1E,2024-ncaa-d2-natl,ncaa,6,31,2,19,2,9,9,21,3,8,16,10,41,114,4,220,21,44,12,51,204,25,23,4,3,4,212,186,186,268,286,4,61,37,141,9,83,225,91,26,89,200,262,283,,,90,5,,,26,8,289,109,96,79,293,73,209,155,257,153,225,236,293,299,298,115,271,67,21,227,290,,2,,,40,285,292,298,55,222,254,85,299,299,132,296,26,20,165,19,6,297,293,110,56,104,269,297,3,256,61,265,286,270,141,267,92,64,207,173,72,10,123,28,,,6,18,,,26,292,27,91,34,26,74,166,16,18,276,290,4,2,2,49,20,67,14,18,71,241,5,16,,136,,,b'\x11\xe8\xe1I\xd9A\xd10\x98|\x12\xdf\x17\xaeN\x1e'
11E8E149-D941-D130-987C-12DF17AE4E1E,2025-ncaa-d2-conf-Sunshine State,genius_ncaa,3,1,3,2,3,3,3,11,1,3,9,1,5,7,1,5,5,6,2,6,3,11,11,1,1,1,6,5,6,11,11,3,2,10,7,3,3,1,1,1,9,9,11,11,,,1,2,,2,3,9,11,2,4,4,11,5,10,5,7,3,7,7,11,11,11,5,11,3,1,9,11,,1,,2,2,2,3,8,4,3,4,4,8,10,4,11,1,1,1,1,2,4,4,4,3,5,7,11,1,2,2,2,11,2,7,5,8,9,8,9,1,2,1,2,,,4,1,,3,3,4,1,4,1,2,3,4,1,1,7,10,1,2,2,2,1,3,2,1,5,10,1,1,,3,,3,b'\x11\xe8\xe1I\xd9A\xd10\x98|\x12\xdf\x17\xaeN\x1e'
11E8E149-D941-D130-987C-12DF17AE4E1E,2025-ncaa-d2-natl,genius_ncaa,32,31,43,31,52,73,75,195,3,88,184,9,91,179,4,169,68,101,30,100,61,181,236,5,3,4,116,137,121,294,299,61,17,197,132,51,52,26,32,11,252,265,263,264,,,15,4,,47,42,159,294,53,107,117,300,130,267,121,236,97,149,151,296,301,300,89,283,64,4,284,279,,2,,34,45,121,151,203,88,92,91,139,266,282,122,289,16,17,105,17,22,164,121,127,87,155,233,290,5,33,17,108,299,63,132,199,217,250,263,265,22,40,27,28,,,66,2,,82,42,152,20,123,31,42,70,81,28,20,231,259,3,3,4,36,8,12,35,8,145,285,9,11,,105,,99,b'\x11\xe8\xe1I\xd9A\xd10\x98|\x12\xdf\x17\xaeN\x1e'
11E8E149-D941-D130-987C-12DF17AE4E1E,2026-ncaa-d2-conf-Sunshine State,genius_ncaa,10,6,9,10,9,11,11,11,5,11,11,4,10,10,10,10,9,6,10,6,2,11,11,6,6,6,10,10,1,11,11,11,5,11,9,11,11,2,7,8,11,11,11,11,,,2,6,,4,9,11,10,4,11,11,11,6,8,10,10,5,5,5,11,11,11,7,10,11,5,11,11,,4,,7,10,3,3,2,7,1,1,5,8,5,11,11,3,3,1,3,10,2,1,10,10,11,11,11,4,3,5,1,11,2,9,4,9,11,10,10,2,7,3,6,,,8,1,,8,9,1,8,11,10,9,9,5,1,1,11,10,7,8,8,5,2,5,3,5,9,10,5,5,,5,,7,b'\x11\xe8\xe1I\xd9A\xd10\x98|\x12\xdf\x17\xaeN\x1e'
11E8E149-D941-D130-987C-12DF17AE4E1E,2026-ncaa-d2-natl,genius_ncaa,107,196,13,157,27,73,56,140,6,63,127,27,63,165,1,171,163,164,168,158,174,150,156,5,7,15,175,108,258,269,285,9,50,83,100,46,81,125,120,40,284,297,248,247,,,67,12,,268,64,126,298,88,190,152,296,164,272,125,246,256,260,259,296,298,296,39,225,107,24,297,281,,1,,236,83,174,178,256,26,61,61,110,296,298,98,298,34,39,56,38,76,220,177,83,40,130,293,298,7,168,50,184,285,175,100,214,240,241,288,282,93,92,137,125,,,69,33,,34,64,177,42,126,70,30,43,125,3,1,289,297,4,2,2,47,2,71,31,29,129,296,23,76,,203,,69,b'\x11\xe8\xe1I\xd9A\xd10\x98|\x12\xdf\x17\xaeN\x1e'
11E8E149-D946-3BBC-987C-12DF17AE4E1E,2018-ncaa-d2-conf-Lone Star,ncaa,3,4,1,4,1,2,5,4,4,5,3,6,3,5,2,6,1,2,1,2,3,3,2,4,2,3,3,5,1,9,10,9,9,9,9,2,2,4,3,2,2,2,7,9,,,3,2,,,4,2,7,6,5,7,8,8,8,4,6,2,4,4,7,9,10,10,9,3,2,2,9,,2,,,4,11,11,9,9,11,7,9,9,9,5,8,1,2,2,2,3,7,11,9,9,7,1,6,1,10,9,9,10,10,9,11,9,1,2,7,4,3,9,6,,,1,1,,,4,10,3,8,5,5,10,3,10,4,5,7,1,2,2,1,6,6,4,5,9,2,4,6,,1,,,b'\x11\xe8\xe1I\xd9F;\xbc\x98|\x12\xdf\x17\xaeN\x1e'
11E8E149-D946-3BBC-987C-12DF17AE4E1E,2018-ncaa-d2-natl,ncaa,67,112,24,91,27,84,117,105,176,148,122,200,94,110,82,158,11,23,35,25,29,82,81,164,117,120,45,144,15,124,172,238,299,189,284,73,46,224,151,121,22,29,206,223,,,134,41,,,112,69,233,110,160,235,259,246,223,143,181,25,59,60,226,222,201,305,300,126,112,38,247,,35,,,116,244,271,220,260,274,195,287,200,226,115,207,82,106,63,105,93,210,259,253,228,119,54,139,39,288,299,244,172,270,284,280,216,15,18,74,167,101,289,283,,,6,3,,,112,233,126,154,128,110,165,51,176,53,131,137,30,39,40,27,118,230,115,162,212,32,84,268,,14,,,b'\x11\xe8\xe1I\xd9F;\xbc\x98|\x12\xdf\x17\xaeN\x1e'
11E8E149-D946-3BBC-987C-12DF17AE4E1E,2019-ncaa-d2-conf-Lone Star,ncaa,3,3,3,3,4,4,4,5,2,3,3,2,8,10,4,11,8,7,4,7,10,5,5,3,3,3,11,10,7,10,9,6,6,9,9,2,4,2,3,1,1,1,4,3,,,3,4,,,4,5,6,8,5,4,8,1,2,9,11,8,8,8,7,8,10,8,10,2,2,1,4,,3,,,4,2,4,4,6,3,3,6,6,5,7,6,3,7,2,8,7,4,6,7,6,5,7,8,5,4,6,7,9,7,9,5,8,2,2,3,2,3,8,6,,,7,3,,,4,7,3,5,4,3,3,2,2,2,6,4,3,4,6,2,5,5,5,6,5,2,2,8,,6,,,b'\x11\xe8\xe1I\xd9F;\xbc\x98|\x12\xdf\x17\xaeN\x1e'
11E8E149-D946-3BBC-987C-12DF17AE4E1E,2019-ncaa-d2-natl,ncaa,48,59,46,60,53,57,54,92,35,36,54,39,192,217,153,258,43,59,101,55,141,75,89,67,62,58,263,270,112,194,225,157,155,181,203,48,88,132,78,47,14,13,115,125,,,229,178,,,78,63,161,74,72,66,173,28,91,236,260,66,87,86,141,193,247,260,275,55,78,17,131,,159,,,81,218,210,168,224,227,201,206,140,115,204,83,229,239,68,244,213,186,235,214,208,131,111,98,192,158,155,204,225,189,203,180,138,33,36,61,154,105,244,171,,,36,30,,,78,249,68,114,82,122,127,55,160,106,98,65,169,195,199,66,139,104,99,90,127,50,97,221,,56,,,b'\x11\xe8\xe1I\xd9F;\xbc\x98|\x12\xdf\x17\xaeN\x1e'
11E8E149-D946-3BBC-987C-12DF17AE4E1E,2020-ncaa-d2-conf-Lone Star,ncaa,5,4,8,4,9,12,12,14,3,9,9,3,16,17,11,16,4,6,7,6,5,14,14,4,4,7,12,16,4,11,9,14,9,13,8,11,4,10,10,10,6,3,10,6,,,5,7,,,4,14,17,4,12,12,14,8,10,16,17,4,4,4,12,12,10,16,15,7,10,5,10,,5,,,4,2,4,1,8,5,6,7,1,2,6,4,4,4,10,3,9,1,4,6,5,4,4,3,11,5,9,3,9,4,8,2,3,3,1,1,8,13,8,11,,,2,1,,,4,5,8,4,4,3,3,1,6,5,1,2,7,6,5,1,4,5,3,3,2,2,9,9,,1,,,b'\x11\xe8\xe1I\xd9F;\xbc\x98|\x12\xdf\x17\xaeN\x1e'
11E8E149-D946-3BBC-987C-12DF17AE4E1E,2020-ncaa-d2-natl,ncaa,69,59,173,62,182,188,197,268,64,159,210,66,232,263,143,240,84,90,121,95,45,255,236,88,63,129,196,244,40,171,74,252,178,236,109,119,37,206,255,144,67,38,109,74,,,44,76,,,60,239,283,44,184,198,295,143,218,240,265,66,71,72,272,249,160,267,253,103,217,59,94,,45,,,56,20,24,25,78,54,71,76,25,23,75,67,72,77,138,72,133,17,72,67,69,31,91,74,204,92,178,25,74,35,109,22,59,43,11,12,202,240,155,203,,,36,3,,,60,77,124,30,50,16,22,10,55,67,21,20,80,78,70,8,52,109,21,30,22,35,204,165,,18,,,b'\x11\xe8\xe1I\xd9F;\xbc\x98|\x12\xdf\x17\xaeN\x1e'
11E8E149-D946-3BBC-987C-12DF17AE4E1E,2021-ncaa-d0-natl,ncaa,265,296,191,291,206,240,282,241,325,283,251,314,227,164,331,128,32,33,130,37,2,209,222,317,282,261,32,213,1,276,323,223,180,248,314,277,173,112,150,260,207,212,212,217,,,83,44,,,289,201,147,224,282,330,306,328,294,243,148,8,6,8,215,248,311,239,304,313,122,211,212,,42,,,279,148,168,143,249,184,165,247,152,138,200,147,121,124,175,125,117,142,138,242,230,225,99,152,97,126,180,233,323,196,314,151,113,191,155,171,137,168,96,152,,,47,1,,,289,145,286,206,277,202,235,180,247,202,166,148,121,123,126,166,159,133,315,283,179,160,152,86,,3,,,b'\x11\xe8\xe1I\xd9F;\xbc\x98|\x12\xdf\x17\xaeN\x1e'
11E8E149-D946-3BBC-987C-12DF17AE4E1E,2021-ncaa-d1-conf-WAC,ncaa,6,6,3,6,5,5,6,6,7,6,6,7,6,3,8,3,1,1,1,1,1,5,5,7,4,4,1,6,1,7,8,5,6,6,7,5,3,5,4,5,6,6,5,7,,,3,1,,,6,5,6,6,7,7,7,8,8,6,4,1,1,1,6,7,8,6,8,7,3,6,6,,1,,,6,7,8,5,7,8,5,7,5,4,7,3,3,4,5,4,2,5,4,7,7,6,2,3,2,5,6,6,8,5,7,5,1,5,4,5,3,4,3,4,,,1,1,,,6,4,5,6,6,5,6,4,6,4,5,3,2,2,2,3,2,3,5,3,3,4,3,2,,1,,,b'\x11\xe8\xe1I\xd9F;\xbc\x98|\x12\xdf\x17\xaeN\x1e'
11E8E149-D946-3BBC-987C-12DF17AE4E1E,2021-ncaa-d1-natl,ncaa,202,294,70,242,93,138,194,134,303,220,167,282,140,80,277,117,11,12,96,13,5,108,116,287,229,202,37,171,2,199,296,104,155,135,278,165,115,201,126,182,96,145,131,185,,,151,35,,,180,98,158,225,230,311,271,312,283,195,121,9,10,10,202,234,284,186,257,247,104,144,181,,40,,,178,210,234,245,148,239,247,154,205,221,134,161,165,171,168,173,87,234,250,137,114,104,117,163,108,224,155,305,296,284,278,172,71,70,113,82,230,166,148,142,,,11,1,,,180,249,234,98,173,120,147,156,161,185,141,144,88,88,87,129,155,138,283,238,89,113,158,85,,5,,,b'\x11\xe8\xe1I\xd9F;\xbc\x98|\x12\xdf\x17\xaeN\x1e'
11E8E149-D946-3BBC-987C-12DF17AE4E1E,2022-ncaa-d0-natl,ncaa,214,134,319,198,328,329,333,346,221,318,315,255,296,316,170,239,281,277,244,277,141,344,342,236,229,269,193,219,104,320,246,301,251,319,238,314,205,131,310,300,259,175,122,73,,,19,81,,,245,340,273,140,304,312,337,271,239,259,280,207,187,191,317,291,271,203,262,281,278,177,62,,71,,,253,20,29,30,151,53,71,127,23,16,173,71,58,80,33,79,183,23,23,134,121,123,98,101,193,105,251,15,246,28,238,61,227,295,170,192,197,336,83,202,,,312,131,,,245,18,284,147,250,120,138,130,180,214,83,67,150,215,217,149,153,247,142,188,182,184,311,173,,199,,,b'\x11\xe8\xe1I\xd9F;\xbc\x98|\x12\xdf\x17\xaeN\x1e'
11E8E149-D946-3BBC-987C-12DF17AE4E1E,2022-ncaa-d1-conf-WAC,ncaa,9,5,11,9,12,12,12,13,8,12,11,8,10,10,10,9,11,11,10,11,7,13,13,9,8,9,9,10,4,11,10,12,12,13,11,11,9,3,9,9,8,7,3,5,,,1,2,,,10,13,11,6,12,12,12,8,6,10,9,10,8,8,12,11,11,8,11,9,6,8,2,,1,,,10,2,3,4,8,6,7,4,2,2,12,2,3,6,1,6,6,1,1,7,4,4,2,4,5,8,12,2,10,5,11,5,10,11,7,8,3,9,7,9,,,12,6,,,10,1,11,5,10,5,8,7,9,11,4,2,6,6,6,6,6,9,6,9,7,9,9,9,,8,,,b'\x11\xe8\xe1I\xd9F;\xbc\x98|\x12\xdf\x17\xaeN\x1e'
11E8E149-D946-3BBC-987C-12DF17AE4E1E,2022-ncaa-d1-natl,ncaa,157,134,213,153,233,246,237,275,165,222,235,182,238,258,177,219,219,193,259,195,144,268,261,184,185,224,207,215,153,220,176,198,191,213,145,220,136,217,275,221,139,107,71,52,,,49,76,,,174,264,249,156,246,243,293,206,211,237,247,195,166,170,282,246,202,152,169,201,246,122,53,,69,,,171,59,62,102,88,85,143,67,83,72,155,96,118,187,20,187,202,112,115,79,70,69,144,141,220,177,191,79,176,103,145,132,246,191,141,147,254,294,88,130,,,235,172,,,174,99,230,86,158,78,81,121,115,192,93,80,145,219,222,143,152,212,106,151,155,155,274,103,,206,,,b'\x11\xe8\xe1I\xd9F;\xbc\x98|\x12\xdf\x17\xaeN\x1e'
11E8E149-D946-3BBC-987C-12DF17AE4E1E,2023-ncaa-d0-natl,ncaa,325,301,326,326,326,301,330,327,306,344,335,304,181,177,193,101,165,169,162,168,29,314,323,268,244,246,26,90,35,326,319,339,319,346,347,291,125,94,231,238,229,179,303,288,,,151,256,,,289,305,151,11,237,307,242,335,288,120,99,76,72,72,199,169,287,315,326,239,228,158,283,,286,,,295,94,76,39,302,121,51,319,78,84,139,152,226,241,94,242,308,46,76,288,292,229,159,95,279,158,319,166,319,162,347,124,187,147,65,111,107,215,179,303,,,178,28,,,289,63,269,248,284,280,259,150,276,153,149,159,297,310,312,224,291,288,326,321,238,49,212,251,,41,,,b'\x11\xe8\xe1I\xd9F;\xbc\x98|\x12\xdf\x17\xaeN\x1e'
11E8E149-D946-3BBC-987C-12DF17AE4E1E,2023-ncaa-d1-conf-WAC,ncaa,13,12,13,13,13,13,13,13,12,13,11,12,8,7,8,6,8,9,2,9,5,12,13,13,10,13,3,6,2,11,11,13,13,13,13,13,7,4,9,11,9,9,12,11,,,4,5,,,12,13,9,1,12,13,11,13,10,7,6,6,8,8,10,9,11,12,13,13,9,9,9,,6,,,12,2,3,1,11,6,4,12,2,3,9,3,5,7,1,8,9,1,2,10,9,8,5,2,7,8,13,10,11,10,13,4,5,7,4,4,3,6,9,11,,,11,4,,,12,1,13,10,12,12,9,5,11,8,5,4,8,9,9,8,10,12,12,13,7,3,7,10,,6,,,b'\x11\xe8\xe1I\xd9F;\xbc\x98|\x12\xdf\x17\xaeN\x1e'
11E8E149-D946-3BBC-987C-12DF17AE4E1E,2023-ncaa-d1-natl,ncaa,312,301,310,315,310,272,316,313,293,338,323,286,164,152,194,104,117,126,177,130,20,285,295,255,227,233,30,96,26,311,314,326,302,335,336,272,138,131,226,240,182,146,286,279,,,187,251,,,266,270,149,10,226,292,254,325,293,123,103,68,56,58,199,173,289,291,314,237,226,125,266,,277,,,269,135,111,50,276,158,82,289,84,81,157,127,236,257,76,258,300,70,110,270,273,193,147,91,269,191,302,210,314,209,336,129,159,107,61,74,124,196,203,305,,,116,23,,,266,103,262,209,259,260,239,145,260,171,131,140,285,300,304,212,286,272,315,314,210,45,192,257,,34,,,b'\x11\xe8\xe1I\xd9F;\xbc\x98|\x12\xdf\x17\xaeN\x1e'
11E8E149-D946-3BBC-987C-12DF17AE4E1E,2024-ncaa-d0-natl,ncaa,264,276,196,276,241,253,259,228,286,271,218,301,201,201,193,177,203,235,96,238,200,230,254,270,254,242,124,154,113,268,288,141,75,188,197,202,87,119,180,177,323,324,99,61,,,137,182,,,278,243,201,263,262,282,240,283,210,188,191,188,225,235,248,258,264,87,164,188,152,322,93,,160,,,272,176,117,138,149,74,70,183,268,268,203,311,252,244,252,240,299,151,112,188,216,274,331,294,277,88,75,235,288,167,197,190,259,294,292,287,70,106,155,194,,,236,192,,,278,127,256,256,267,214,148,173,74,61,293,300,271,254,251,203,124,103,271,222,210,299,85,170,,233,,,b'\x11\xe8\xe1I\xd9F;\xbc\x98|\x12\xdf\x17\xaeN\x1e'
11E8E149-D946-3BBC-987C-12DF17AE4E1E,2024-ncaa-d1-conf-WAC,ncaa,7,7,3,7,4,8,9,6,10,7,5,10,8,8,7,8,5,8,4,8,7,6,5,9,9,9,7,6,3,10,9,5,4,6,7,8,3,7,7,9,8,8,4,4,,,4,6,,,9,4,9,9,10,10,11,10,7,8,9,8,8,9,11,10,10,4,9,9,6,9,4,,4,,,9,7,5,6,6,3,6,5,9,8,9,7,10,8,7,8,8,6,7,6,6,8,8,7,8,4,4,7,9,6,7,4,6,8,9,7,5,7,8,7,,,6,4,,,9,8,9,8,8,4,3,4,3,3,7,6,9,7,7,4,2,3,7,3,4,9,4,9,,9,,,b'\x11\xe8\xe1I\xd9F;\xbc\x98|\x12\xdf\x17\xaeN\x1e'
11E8E149-D946-3BBC-987C-12DF17AE4E1E,2024-ncaa-d1-natl,ncaa,266,278,194,279,238,249,257,233,274,267,212,285,205,210,187,182,200,233,104,238,198,233,257,258,235,219,135,165,119,263,284,133,89,190,196,176,73,121,180,150,323,327,82,39,,,150,195,,,259,248,199,264,255,274,234,274,204,191,193,184,220,231,245,253,260,87,161,165,156,324,74,,173,,,259,173,111,155,118,58,69,175,271,286,172,312,266,254,240,250,307,168,112,167,196,252,335,294,284,100,89,237,284,180,196,188,257,293,284,268,62,102,160,196,,,225,180,,,259,124,247,238,256,204,134,177,75,64,293,305,283,273,268,212,145,124,270,226,198,292,86,176,,219,,,b'\x11\xe8\xe1I\xd9F;\xbc\x98|\x12\xdf\x17\xaeN\x1e'
11E8E149-D946-3BBC-987C-12DF17AE4E1E,2025-ncaa-d0-natl,genius_ncaa,122,130,90,130,130,160,161,155,187,155,134,208,193,208,165,217,141,178,85,185,215,158,137,190,177,190,190,212,151,61,29,167,84,104,32,184,206,277,229,224,212,211,115,98,,,291,333,,220,133,182,299,350,213,208,238,198,171,216,237,178,218,225,238,229,57,233,136,211,216,249,131,,254,,190,133,119,69,94,119,85,140,101,83,77,152,88,326,328,150,325,338,138,150,107,141,148,264,99,349,79,84,69,29,56,32,70,137,167,140,95,196,173,285,261,,,132,122,,30,133,171,143,121,132,69,29,18,53,67,60,49,303,310,306,43,29,43,26,23,45,194,159,272,,161,,35,b'\x11\xe8\xe1I\xd9F;\xbc\x98|\x12\xdf\x17\xaeN\x1e'
11E8E149-D946-3BBC-987C-12DF17AE4E1E,2025-ncaa-d1-conf-WAC,genius_ncaa,3,2,3,3,4,3,3,3,5,3,3,6,6,8,3,6,6,7,1,7,9,4,5,4,5,4,7,6,7,1,1,5,1,2,1,5,9,1,2,4,7,7,5,6,,,4,7,,4,2,7,9,3,5,3,2,3,2,6,7,6,8,8,3,6,1,5,1,6,1,7,5,,4,,3,2,3,2,3,4,3,4,3,2,1,4,1,4,6,4,6,5,4,1,4,4,5,4,2,8,1,1,1,1,1,1,2,2,7,5,4,2,2,8,5,,,5,8,,1,2,2,2,3,2,2,2,3,3,4,2,1,4,5,5,3,1,2,2,2,2,7,2,8,,9,,1,b'\x11\xe8\xe1I\xd9F;\xbc\x98|\x12\xdf\x17\xaeN\x1e'
11E8E149-D946-3BBC-987C-12DF17AE4E1E,2025-ncaa-d1-natl,genius_ncaa,130,130,113,135,169,186,193,188,191,191,162,213,211,227,165,216,168,200,87,204,213,198,174,195,184,198,190,209,141,71,33,200,94,136,34,211,214,247,239,242,243,222,128,100,,,276,335,,207,143,227,303,350,224,222,252,217,178,217,241,180,219,227,255,240,65,242,151,228,218,263,141,,258,,197,143,90,47,66,126,67,105,115,70,58,164,91,320,324,156,320,340,90,102,114,162,163,263,98,350,64,94,40,33,29,34,58,138,203,150,103,176,177,278,267,,,150,111,,38,143,126,153,139,142,72,33,20,61,68,66,50,311,311,306,44,28,45,27,23,51,210,165,278,,163,,35,b'\x11\xe8\xe1I\xd9F;\xbc\x98|\x12\xdf\x17\xaeN\x1e'
11E8E149-D946-3BBC-987C-12DF17AE4E1E,2026-ncaa-d0-natl,genius_ncaa,212,152,279,209,279,310,316,313,280,309,310,235,285,264,304,147,188,176,215,179,37,309,290,287,251,291,107,200,38,329,323,175,57,247,164,319,252,187,323,328,299,285,232,218,,,122,272,,118,222,275,142,1,253,292,275,277,269,231,166,78,67,68,216,110,298,16,87,298,323,262,169,,288,,201,227,54,59,79,108,84,107,130,35,70,62,109,97,145,30,145,210,81,74,86,72,123,90,84,215,50,57,119,323,92,164,50,114,304,278,196,151,268,150,289,,,269,153,,140,222,82,311,112,237,189,199,273,247,304,83,151,209,273,274,295,271,158,308,267,137,246,285,257,,129,,80,b'\x11\xe8\xe1I\xd9F;\xbc\x98|\x12\xdf\x17\xaeN\x1e'
11E8E149-D946-3BBC-987C-12DF17AE4E1E,2026-ncaa-d1-natl,genius_ncaa,163,152,177,171,177,213,227,233,216,214,224,191,228,189,273,171,107,111,147,117,64,213,168,227,207,242,137,210,57,230,248,53,36,106,98,269,287,306,314,316,202,208,121,143,,,207,227,,201,176,154,92,1,187,214,193,201,204,214,166,66,70,73,156,64,222,7,29,270,334,183,104,,263,,224,174,135,134,189,71,137,208,65,126,157,138,121,168,222,40,227,203,200,184,66,61,99,180,162,206,97,36,196,248,159,98,114,136,215,237,169,231,238,192,223,,,183,210,,149,176,200,260,86,180,164,170,276,172,299,158,166,201,258,265,295,289,122,248,201,140,189,281,216,,144,,139,b'\x11\xe8\xe1I\xd9F;\xbc\x98|\x12\xdf\x17\xaeN\x1e'
11E8E149-D94A-DCD0-987C-12DF17AE4E1E,2018-ncaa-d2-conf-Heartland,ncaa,8,8,5,8,7,7,6,5,7,5,4,6,8,7,8,7,7,7,8,7,6,6,5,8,8,8,8,7,6,3,5,7,8,7,8,4,4,7,7,6,5,5,7,7,,,3,2,,,8,6,4,4,7,6,3,5,2,7,7,7,6,6,4,3,1,7,7,3,7,5,7,,4,,,8,7,7,4,7,5,3,8,6,7,5,6,7,6,8,6,8,5,4,7,8,8,7,5,7,8,8,6,5,6,8,7,7,7,7,8,8,8,6,6,,,7,8,,,8,3,8,8,8,7,7,6,6,3,7,7,8,7,7,7,6,8,7,8,8,7,8,7,,6,,,b'\x11\xe8\xe1I\xd9J\xdc\xd0\x98|\x12\xdf\x17\xaeN\x1e'
11E8E149-D94A-DCD0-987C-12DF17AE4E1E,2018-ncaa-d2-natl,ncaa,302,305,206,303,234,277,265,226,272,230,196,246,264,207,299,181,248,200,286,198,168,222,210,279,288,281,233,229,136,191,209,278,287,259,289,206,82,167,236,216,171,152,288,292,,,87,113,,,298,222,153,210,282,278,195,231,159,265,195,239,165,165,203,166,170,287,265,192,226,151,288,,137,,,296,220,218,111,280,190,80,284,218,181,236,224,192,170,217,166,216,109,102,283,286,289,190,189,151,210,287,188,209,197,289,274,280,201,180,263,221,258,164,186,,,226,187,,,298,79,284,294,298,267,262,180,236,122,256,229,226,213,210,194,178,246,251,262,284,172,256,176,,192,,,b'\x11\xe8\xe1I\xd9J\xdc\xd0\x98|\x12\xdf\x17\xaeN\x1e'
11E8E149-D94A-DCD0-987C-12DF17AE4E1E,2019-ncaa-d2-conf-Heartland,ncaa,8,8,5,8,8,8,8,8,8,8,8,8,7,4,8,2,8,8,8,8,8,8,7,8,8,8,3,1,7,8,8,8,8,8,8,8,5,8,8,8,8,8,8,8,,,5,6,,,8,5,2,7,8,8,8,8,7,7,4,8,8,8,8,3,8,8,8,8,8,8,8,,5,,,8,7,8,6,8,8,4,8,5,6,2,6,5,5,5,6,4,7,5,8,8,8,2,2,4,8,8,6,8,7,8,8,7,8,8,8,8,8,6,8,,,8,8,,,8,3,8,8,8,7,8,7,8,7,6,6,5,5,6,7,7,8,8,8,8,8,8,6,,8,,,b'\x11\xe8\xe1I\xd9J\xdc\xd0\x98|\x12\xdf\x17\xaeN\x1e'
11E8E149-D94A-DCD0-987C-12DF17AE4E1E,2019-ncaa-d2-natl,ncaa,304,306,260,304,284,305,305,280,311,304,292,310,237,140,302,44,304,301,264,302,272,292,264,307,308,309,78,61,237,280,285,301,283,300,302,299,197,273,304,305,266,255,300,302,,,94,177,,,311,251,103,293,309,310,266,310,274,206,85,303,302,303,290,180,275,308,306,301,300,243,301,,197,,,309,204,218,75,304,237,76,306,140,123,194,183,153,142,189,150,201,76,60,304,305,301,81,105,117,107,283,136,285,117,302,265,239,249,220,283,297,304,73,205,,,300,289,,,311,58,308,300,309,294,295,217,296,177,227,221,236,223,225,230,202,189,260,243,292,202,299,123,,291,,,b'\x11\xe8\xe1I\xd9J\xdc\xd0\x98|\x12\xdf\x17\xaeN\x1e'
11E8E149-D94A-DCD0-987C-12DF17AE4E1E,2020-ncaa-d2-conf-Lone Star,ncaa,12,11,13,12,13,13,14,12,12,15,17,6,5,3,10,2,14,12,13,12,2,12,11,7,9,13,2,3,9,14,15,17,13,18,17,12,7,18,16,13,3,4,18,17,,,11,11,,,14,10,4,1,13,14,11,15,17,3,2,11,11,11,11,7,13,17,18,12,18,3,18,,13,,,14,10,7,4,17,8,2,16,14,11,16,14,10,13,7,13,15,4,7,18,18,11,15,16,12,7,13,7,15,7,17,13,16,4,3,8,16,15,15,17,,,10,7,,,14,8,14,10,14,12,12,6,10,2,16,13,11,14,14,7,14,9,10,10,16,1,16,16,,6,,,b'\x11\xe8\xe1I\xd9J\xdc\xd0\x98|\x12\xdf\x17\xaeN\x1e'
11E8E149-D94A-DCD0-987C-12DF17AE4E1E,2020-ncaa-d2-natl,ncaa,193,203,173,205,176,197,220,228,197,263,296,101,83,38,200,15,174,156,185,155,21,220,154,149,150,216,25,37,123,253,245,289,246,289,274,148,58,297,299,235,23,18,285,279,,,218,220,,,222,112,81,16,194,222,229,279,303,61,31,146,145,144,220,111,254,304,302,141,297,17,291,,242,,,217,190,164,66,278,135,46,298,218,197,220,245,205,216,77,211,274,85,174,287,287,170,223,212,184,122,246,112,245,116,274,279,296,26,16,101,293,286,275,307,,,123,92,,,222,186,236,151,222,207,183,60,143,30,226,205,213,227,222,76,216,135,129,124,279,13,291,281,,73,,,b'\x11\xe8\xe1I\xd9J\xdc\xd0\x98|\x12\xdf\x17\xaeN\x1e'
11E8E149-D94A-DCD0-987C-12DF17AE4E1E,2021-ncaa-d2-conf-Lone Star,ncaa,6,4,10,4,13,9,10,13,4,13,14,3,4,6,4,4,10,10,8,10,1,12,10,3,3,9,2,5,9,13,8,12,2,13,3,8,2,10,14,10,7,5,12,12,,,8,9,,,6,9,7,12,7,10,14,13,16,4,4,9,8,8,10,7,12,9,14,2,13,6,12,,8,,,6,4,5,3,9,7,6,10,6,6,10,12,7,5,11,5,7,3,4,10,11,10,10,11,6,2,2,3,8,3,3,5,11,10,8,10,6,10,6,13,,,11,6,,,6,6,9,6,8,7,7,4,7,7,9,9,8,6,6,5,6,1,2,1,8,8,11,8,,8,,,b'\x11\xe8\xe1I\xd9J\xdc\xd0\x98|\x12\xdf\x17\xaeN\x1e'
11E8E149-D94A-DCD0-987C-12DF17AE4E1E,2021-ncaa-d2-natl,ncaa,59,49,114,46,123,122,130,146,54,147,174,33,63,80,65,24,94,92,133,91,2,140,126,30,31,112,14,37,68,149,102,136,49,144,45,74,9,202,218,157,49,17,127,131,,,104,113,,,67,117,63,121,111,132,207,175,222,39,53,68,60,57,195,105,181,167,192,45,219,24,143,,97,,,70,92,93,88,93,93,92,113,84,99,66,130,101,92,144,96,134,91,99,92,97,61,112,93,139,54,49,55,102,55,45,106,153,73,34,54,178,209,103,182,,,96,38,,,67,108,138,36,73,57,66,50,79,75,76,98,102,91,97,47,102,25,7,7,105,37,203,93,,44,,,b'\x11\xe8\xe1I\xd9J\xdc\xd0\x98|\x12\xdf\x17\xaeN\x1e'
11E8E149-D94A-DCD0-987C-12DF17AE4E1E,2022-ncaa-d2-conf-Lone Star,ncaa,4,8,3,8,3,5,6,7,2,5,7,3,5,9,3,10,2,2,13,2,1,6,3,2,2,7,7,8,4,10,9,9,14,8,12,2,1,16,14,7,1,2,10,11,,,4,1,,,8,2,7,4,8,8,16,6,12,8,10,4,2,3,14,10,13,15,15,2,14,1,11,,1,,,8,15,16,15,7,11,12,10,16,16,9,15,4,4,13,3,3,15,16,10,9,5,12,15,1,16,14,8,9,11,12,16,14,1,2,9,16,14,15,16,,,2,2,,,8,15,8,6,8,7,7,11,5,4,13,13,2,1,1,6,13,12,2,4,14,1,15,15,,2,,,b'\x11\xe8\xe1I\xd9J\xdc\xd0\x98|\x12\xdf\x17\xaeN\x1e'
11E8E149-D94A-DCD0-987C-12DF17AE4E1E,2022-ncaa-d2-natl,ncaa,78,81,106,89,114,84,123,211,22,121,204,35,121,185,27,182,24,10,233,12,1,163,99,23,22,106,85,166,20,188,109,221,252,220,168,39,5,295,290,165,23,21,171,169,,,146,68,,,107,85,55,87,69,131,281,133,246,122,203,12,8,8,228,106,215,282,278,20,286,21,182,,125,,,110,193,183,178,168,160,129,187,227,239,151,236,174,151,225,145,161,178,223,183,189,107,216,219,146,216,252,40,109,80,168,253,268,24,25,101,300,295,279,286,,,21,8,,,107,221,137,110,107,172,165,155,125,86,218,236,161,136,132,148,237,188,7,40,240,27,295,274,,7,,,b'\x11\xe8\xe1I\xd9J\xdc\xd0\x98|\x12\xdf\x17\xaeN\x1e'
11E8E149-D94A-DCD0-987C-12DF17AE4E1E,2023-ncaa-d2-conf-Lone Star,ncaa,14,14,9,14,12,10,6,10,6,6,12,5,10,10,8,8,14,14,9,14,13,13,13,6,6,6,10,8,12,13,9,14,13,16,12,3,2,10,11,8,7,5,16,16,,,10,13,,,10,11,6,7,9,5,7,5,9,8,8,12,11,11,10,7,11,14,16,1,12,4,16,,13,,,10,7,7,4,13,2,2,10,15,13,15,14,9,6,12,6,12,3,5,16,16,15,15,15,8,4,13,1,9,1,12,14,15,5,3,14,14,16,13,14,,,13,13,,,10,5,9,14,10,14,10,5,2,3,16,14,11,11,11,6,10,5,4,3,15,3,15,14,,9,,,b'\x11\xe8\xe1I\xd9J\xdc\xd0\x98|\x12\xdf\x17\xaeN\x1e'
11E8E149-D94A-DCD0-987C-12DF17AE4E1E,2023-ncaa-d2-natl,ncaa,207,206,197,211,212,174,199,226,102,190,245,64,173,150,211,110,133,136,155,144,59,216,207,107,100,154,133,162,99,241,179,254,162,264,176,105,26,204,243,154,100,72,269,244,,,205,261,,,169,182,89,136,146,176,222,165,224,151,117,107,92,105,195,138,231,256,270,52,241,71,269,,250,,,168,102,61,51,155,15,12,151,264,234,264,285,186,170,193,169,282,59,90,219,230,168,291,286,224,64,162,30,179,33,176,196,280,89,54,129,268,282,160,227,,,138,59,,,169,106,185,155,172,176,102,62,14,9,280,276,229,216,215,91,171,105,45,57,234,55,274,187,,68,,,b'\x11\xe8\xe1I\xd9J\xdc\xd0\x98|\x12\xdf\x17\xaeN\x1e'
11E8E149-D94A-DCD0-987C-12DF17AE4E1E,2024-ncaa-d2-conf-Lone Star,ncaa,4,4,4,4,4,2,3,3,2,5,11,2,3,3,3,4,2,2,8,2,1,2,1,2,2,2,3,5,3,5,5,9,9,10,9,3,3,15,11,5,1,1,14,14,,,16,11,,,5,1,1,2,1,3,4,7,11,3,2,1,1,1,3,1,5,14,11,2,14,1,14,,16,,,5,16,15,12,14,16,15,13,8,8,15,5,16,16,9,16,13,14,16,14,15,10,8,7,13,6,9,9,5,8,9,16,16,1,1,5,15,11,13,14,,,2,3,,,5,16,3,8,5,15,15,10,14,11,8,6,16,16,16,11,16,6,4,6,16,1,13,13,,2,,,b'\x11\xe8\xe1I\xd9J\xdc\xd0\x98|\x12\xdf\x17\xaeN\x1e'
11E8E149-D94A-DCD0-987C-12DF17AE4E1E,2024-ncaa-d2-natl,ncaa,40,31,78,32,82,31,52,74,42,83,160,28,25,24,67,56,11,8,97,8,3,53,39,24,15,41,30,71,38,129,118,214,123,184,155,18,16,260,174,63,11,11,275,282,,,280,241,,,52,29,13,36,9,40,74,110,218,19,25,3,7,8,37,30,152,275,251,8,225,10,283,,275,,,51,259,245,148,278,251,172,267,174,115,258,89,273,264,219,265,246,183,259,275,279,157,146,93,224,64,123,128,118,89,155,286,281,10,9,74,260,188,247,268,,,10,31,,,52,273,54,109,56,230,214,72,232,129,150,79,248,237,237,130,255,34,66,41,267,10,227,243,,8,,,b'\x11\xe8\xe1I\xd9J\xdc\xd0\x98|\x12\xdf\x17\xaeN\x1e'
11E8E149-D94A-DCD0-987C-12DF17AE4E1E,2025-ncaa-d2-conf-Lone Star,genius_ncaa,14,14,15,14,15,16,16,15,15,16,10,15,14,14,11,12,11,11,13,11,8,16,16,14,14,14,11,11,3,9,7,16,15,16,14,16,16,8,13,15,12,7,16,15,,,2,9,,8,14,16,11,4,15,14,10,12,8,13,13,9,7,5,10,10,7,16,16,16,12,7,16,,9,,10,14,8,8,2,15,10,3,15,6,4,10,7,5,5,14,5,9,2,1,15,15,15,5,4,7,7,15,1,7,1,14,15,16,10,6,16,5,10,4,6,,,15,11,,15,14,1,14,15,14,14,14,8,14,5,10,7,10,10,10,8,9,13,7,9,15,7,10,6,,11,,11,b'\x11\xe8\xe1I\xd9J\xdc\xd0\x98|\x12\xdf\x17\xaeN\x1e'
11E8E149-D94A-DCD0-987C-12DF17AE4E1E,2025-ncaa-d2-natl,genius_ncaa,273,236,275,276,282,288,286,290,268,278,260,267,271,274,246,216,259,257,205,250,175,291,290,272,269,258,201,206,99,244,137,294,267,294,249,293,301,56,204,288,223,137,295,298,,,33,193,,109,267,290,220,107,278,278,231,234,136,249,227,206,183,165,223,206,163,299,296,300,179,152,299,,158,,187,269,39,57,14,285,66,17,285,74,49,192,188,44,31,278,30,156,12,13,277,282,258,100,132,120,39,267,17,137,14,249,191,280,235,109,249,52,168,11,20,,,282,221,,256,267,12,255,248,272,204,217,79,219,83,172,152,142,115,116,74,92,130,91,93,281,129,153,16,,246,,234,b'\x11\xe8\xe1I\xd9J\xdc\xd0\x98|\x12\xdf\x17\xaeN\x1e'
11E8E149-D94A-DCD0-987C-12DF17AE4E1E,2026-ncaa-d2-conf-Lone Star,genius_ncaa,8,7,6,8,6,14,13,16,13,12,13,11,12,12,11,11,8,8,14,8,5,12,8,12,12,14,7,11,4,12,8,8,2,10,2,14,15,14,16,16,14,13,11,11,,,5,2,,14,9,6,1,1,12,12,12,12,10,12,10,7,7,7,8,3,10,4,7,14,17,10,10,,4,,15,9,7,10,11,12,14,13,12,4,3,9,2,1,1,6,1,1,8,7,9,8,8,2,3,1,3,2,3,8,3,2,10,12,12,9,12,8,10,15,14,,,7,7,,15,9,11,14,6,9,9,14,16,16,17,5,2,1,1,1,12,11,3,4,3,12,8,10,14,,3,,13,b'\x11\xe8\xe1I\xd9J\xdc\xd0\x98|\x12\xdf\x17\xaeN\x1e'
11E8E149-D94A-DCD0-987C-12DF17AE4E1E,2026-ncaa-d2-natl,genius_ncaa,201,144,221,202,222,247,261,238,254,245,194,266,252,267,199,262,96,88,156,90,47,230,220,264,240,253,131,242,11,180,91,240,120,231,99,285,294,169,248,293,193,154,189,176,,,81,139,,270,226,218,69,5,193,244,155,194,62,244,254,26,17,18,84,33,107,146,125,292,271,126,151,,200,,292,238,100,123,86,224,119,92,172,168,106,257,159,45,33,196,32,33,68,73,232,213,197,129,210,29,63,120,44,91,44,99,147,185,192,127,190,59,94,155,193,,,142,36,,247,226,75,254,163,236,239,260,257,228,229,243,191,67,49,46,220,241,117,90,96,247,86,136,222,,15,,234,b'\x11\xe8\xe1I\xd9J\xdc\xd0\x98|\x12\xdf\x17\xaeN\x1e'
11E8E149-D94F-6AB6-987C-12DF17AE4E1E,2018-ncaa-d2-conf-Lone Star,ncaa,3,3,3,3,3,4,4,1,7,3,1,7,8,7,10,9,2,1,3,1,4,1,1,7,7,5,8,10,3,1,4,4,3,3,4,7,11,6,2,7,5,5,9,8,,,6,5,,,3,1,1,5,4,4,3,3,1,9,7,1,1,1,1,1,1,7,4,8,3,4,8,,6,,,3,10,9,8,8,7,4,8,11,10,10,10,6,6,6,6,6,8,10,8,8,5,8,10,4,4,3,8,4,7,4,8,5,3,3,2,7,6,11,9,,,2,3,,,3,11,5,4,4,7,8,4,6,3,10,10,5,5,5,5,8,3,8,3,6,3,7,11,,2,,,b'\x11\xe8\xe1I\xd9Oj\xb6\x98|\x12\xdf\x17\xaeN\x1e'
11E8E149-D94F-6AB6-987C-12DF17AE4E1E,2018-ncaa-d2-natl,ncaa,107,112,105,114,106,123,154,100,244,123,73,227,229,178,284,230,18,20,128,18,40,78,75,262,226,208,159,262,6,31,39,139,138,79,88,205,244,217,133,231,100,124,180,174,,,191,162,,,135,100,117,17,128,185,83,130,69,247,195,7,10,10,45,46,23,176,66,235,197,109,189,,186,,,135,180,155,149,169,110,110,161,223,209,200,229,181,188,95,184,209,155,201,187,181,113,232,236,174,153,138,199,39,185,88,149,138,42,46,46,209,147,297,274,,,29,49,,,135,208,173,106,136,153,131,123,92,81,214,204,160,183,178,136,195,143,177,152,125,45,195,299,,20,,,b'\x11\xe8\xe1I\xd9Oj\xb6\x98|\x12\xdf\x17\xaeN\x1e'
11E8E149-D94F-6AB6-987C-12DF17AE4E1E,2019-ncaa-d2-conf-Lone Star,ncaa,3,3,3,3,5,3,3,2,4,4,1,7,5,6,5,9,1,2,6,1,7,2,3,6,6,5,8,9,5,1,1,4,3,3,3,5,5,8,4,6,4,5,3,4,,,7,5,,,3,3,1,11,2,3,2,2,1,5,7,2,2,2,1,1,1,6,1,5,6,4,3,,6,,,3,3,5,5,5,7,8,5,3,2,6,2,4,6,4,6,3,5,8,5,4,1,2,4,6,3,3,8,1,6,3,7,9,1,1,2,10,6,11,10,,,2,5,,,3,9,4,2,3,4,4,3,7,7,3,1,4,3,3,4,8,2,6,5,7,1,8,11,,2,,,b'\x11\xe8\xe1I\xd9Oj\xb6\x98|\x12\xdf\x17\xaeN\x1e'
11E8E149-D94F-6AB6-987C-12DF17AE4E1E,2019-ncaa-d2-natl,ncaa,73,95,46,88,54,47,46,32,157,40,20,171,141,138,181,245,29,22,185,22,140,31,24,179,170,142,219,239,84,16,19,118,72,49,44,86,179,214,71,124,51,74,107,135,,,258,195,,,59,37,74,75,48,62,26,41,18,185,187,33,30,31,17,23,15,186,55,115,148,73,127,,200,,,62,224,232,201,206,259,239,186,117,106,192,61,205,208,121,199,129,207,254,192,190,111,70,75,147,96,72,206,19,166,44,246,191,27,32,80,238,112,296,241,,,28,121,,,59,272,92,79,77,130,155,96,193,163,80,54,142,147,136,96,177,51,104,73,179,43,177,293,,42,,,b'\x11\xe8\xe1I\xd9Oj\xb6\x98|\x12\xdf\x17\xaeN\x1e'
11E8E149-D94F-6AB6-987C-12DF17AE4E1E,2020-ncaa-d2-conf-Lone Star,ncaa,1,1,1,1,1,1,1,1,6,1,1,11,12,13,7,17,1,1,6,1,9,1,1,11,10,4,15,17,1,1,1,1,1,1,2,4,15,4,1,4,1,1,6,8,,,8,4,,,1,1,3,15,1,1,1,1,1,15,16,1,1,1,1,1,1,4,1,10,3,2,7,,6,,,2,6,8,13,4,10,15,3,8,10,7,8,9,7,13,7,5,12,18,4,4,3,7,7,6,2,1,14,1,11,2,7,6,1,2,2,10,4,18,15,,,1,8,,,1,18,2,3,2,4,4,5,5,9,6,4,5,4,4,4,9,1,9,4,4,3,8,18,,2,,,b'\x11\xe8\xe1I\xd9Oj\xb6\x98|\x12\xdf\x17\xaeN\x1e'
11E8E149-D94F-6AB6-987C-12DF17AE4E1E,2020-ncaa-d2-natl,ncaa,5,6,3,6,12,16,21,4,136,12,1,184,198,214,165,296,3,3,124,3,125,3,4,196,167,118,260,288,27,3,5,19,14,5,6,61,211,157,23,85,9,12,40,54,,,176,63,,,8,12,77,225,34,43,20,15,1,251,270,7,11,11,9,25,8,63,10,120,69,15,59,,61,,,9,107,127,223,47,146,249,36,105,135,89,95,131,112,212,115,67,203,277,41,42,17,106,123,146,58,14,242,5,172,6,121,124,8,15,20,216,68,311,270,,,9,128,,,8,300,49,8,13,18,32,51,59,120,51,48,52,46,45,32,137,16,109,48,49,23,134,309,,35,,,b'\x11\xe8\xe1I\xd9Oj\xb6\x98|\x12\xdf\x17\xaeN\x1e'
11E8E149-D94F-6AB6-987C-12DF17AE4E1E,2021-ncaa-d2-conf-Lone Star,ncaa,3,2,6,2,6,5,5,6,5,4,1,6,11,11,7,16,1,1,4,1,8,5,5,9,7,3,12,16,3,2,1,5,6,3,1,7,16,7,3,6,3,3,4,6,,,9,6,,,3,6,1,7,1,2,1,1,1,12,14,2,2,2,1,1,1,5,1,8,8,3,4,,9,,,3,12,12,11,11,12,13,9,5,5,8,4,8,10,5,9,3,10,11,9,8,6,2,5,4,7,6,9,1,7,1,10,6,5,4,3,10,4,16,8,,,3,5,,,3,11,2,4,3,9,12,11,15,15,6,4,6,5,5,9,12,6,7,5,9,4,8,14,,2,,,b'\x11\xe8\xe1I\xd9Oj\xb6\x98|\x12\xdf\x17\xaeN\x1e'
11E8E149-D94F-6AB6-987C-12DF17AE4E1E,2021-ncaa-d2-natl,ncaa,27,35,82,29,91,56,62,61,108,43,20,140,138,147,95,219,11,17,53,18,90,52,48,138,108,113,170,212,14,5,2,81,105,39,13,84,162,186,115,150,21,26,56,84,,,140,84,,,39,67,29,105,30,49,24,24,14,185,207,2,6,6,16,11,6,97,15,103,187,22,65,,116,,,41,135,146,140,137,173,166,122,90,96,87,33,110,119,61,124,49,139,157,114,94,54,21,43,64,139,105,120,2,121,13,140,63,27,24,34,183,127,203,122,,,34,63,,,39,158,62,48,41,109,149,134,175,183,43,38,70,81,81,124,179,109,63,71,94,22,179,201,,6,,,b'\x11\xe8\xe1I\xd9Oj\xb6\x98|\x12\xdf\x17\xaeN\x1e'
11E8E149-D94F-6AB6-987C-12DF17AE4E1E,2022-ncaa-d2-conf-Lone Star,ncaa,3,1,4,2,4,1,1,2,3,1,1,4,13,14,9,16,1,1,8,1,6,2,2,5,4,3,16,16,3,1,1,2,5,2,1,4,9,8,5,4,9,12,3,5,,,3,2,,,1,3,4,7,1,1,3,1,1,15,15,1,1,1,1,1,1,2,2,3,7,11,4,,3,,,1,10,14,14,4,14,14,3,10,8,7,5,5,3,14,4,1,13,14,4,4,6,1,9,3,8,5,7,1,5,1,8,7,5,11,10,11,5,16,15,,,1,5,,,1,13,1,5,2,5,10,12,13,14,7,6,4,3,3,11,12,6,3,2,8,8,8,16,,1,,,b'\x11\xe8\xe1I\xd9Oj\xb6\x98|\x12\xdf\x17\xaeN\x1e'
11E8E149-D94F-6AB6-987C-12DF17AE4E1E,2022-ncaa-d2-natl,ncaa,22,11,64,12,98,22,21,32,49,9,6,71,241,252,149,296,1,2,123,2,84,21,22,88,75,60,285,289,26,7,1,52,65,14,2,63,213,177,53,84,114,165,47,74,,,98,28,,,15,51,38,224,6,10,15,3,2,271,278,1,2,2,8,10,6,38,1,63,126,149,46,,56,,,13,201,225,252,109,230,264,72,178,138,220,81,99,80,245,81,20,237,229,106,90,92,79,147,58,144,65,93,1,108,2,181,106,75,128,110,218,98,301,285,,,9,44,,,15,245,13,73,22,134,179,230,188,257,132,95,61,44,46,198,211,106,30,45,134,106,187,301,,4,,,b'\x11\xe8\xe1I\xd9Oj\xb6\x98|\x12\xdf\x17\xaeN\x1e'
11E8E149-D94F-6AB6-987C-12DF17AE4E1E,2023-ncaa-d0-natl,ncaa,195,257,81,232,97,130,146,110,220,80,51,213,328,295,339,333,26,17,274,16,52,83,65,259,246,242,298,346,12,54,85,103,173,77,121,182,237,303,218,248,91,142,121,168,,,135,45,,,261,78,63,252,167,205,163,88,55,343,325,22,13,12,95,68,61,137,73,233,254,118,144,,82,,,254,320,337,305,295,336,303,278,292,267,283,188,101,112,143,114,54,299,296,295,269,260,76,210,27,238,173,280,85,276,121,342,278,100,167,280,334,287,338,283,,,51,94,,,261,299,223,243,236,289,329,299,320,284,264,222,71,83,87,272,283,190,218,211,327,139,312,330,,62,,,b'\x11\xe8\xe1I\xd9Oj\xb6\x98|\x12\xdf\x17\xaeN\x1e'
11E8E149-D94F-6AB6-987C-12DF17AE4E1E,2023-ncaa-d1-conf-Southland,ncaa,4,4,1,4,2,2,2,3,2,1,1,2,10,10,10,10,1,1,8,1,1,1,1,5,5,4,9,10,1,3,3,3,4,2,3,4,8,8,5,7,2,6,3,3,,,4,1,,,4,2,5,7,2,3,8,1,3,10,10,1,1,1,2,3,3,5,4,6,5,6,4,,1,,,4,9,10,9,7,9,8,8,9,10,6,9,4,2,9,3,1,9,9,9,6,8,5,9,1,5,4,5,3,5,3,9,8,3,6,9,7,4,8,5,,,1,1,,,4,9,4,6,4,6,7,8,5,5,9,9,2,1,1,6,6,4,3,3,8,7,5,7,,1,,,b'\x11\xe8\xe1I\xd9Oj\xb6\x98|\x12\xdf\x17\xaeN\x1e'
11E8E149-D94F-6AB6-987C-12DF17AE4E1E,2023-ncaa-d1-natl,ncaa,202,257,56,234,78,122,137,99,217,66,45,208,327,301,340,332,20,11,286,10,44,66,51,260,238,239,296,345,10,52,91,97,170,60,126,186,238,309,216,247,84,139,122,172,,,131,43,,,260,55,61,254,165,205,176,76,58,343,325,21,11,11,86,71,68,134,76,224,255,112,150,,83,,,258,326,343,321,295,344,320,264,297,266,300,181,99,110,151,113,52,313,313,294,268,258,77,214,26,246,170,280,91,284,126,346,283,90,163,277,337,289,338,275,,,38,76,,,260,317,219,244,241,294,326,304,323,291,270,215,69,79,84,272,288,194,218,215,326,131,311,327,,51,,,b'\x11\xe8\xe1I\xd9Oj\xb6\x98|\x12\xdf\x17\xaeN\x1e'
11E8E149-D94F-6AB6-987C-12DF17AE4E1E,2024-ncaa-d0-natl,ncaa,206,176,258,207,274,181,181,123,280,215,135,320,121,141,100,173,206,220,156,210,241,134,184,255,258,184,104,100,206,301,352,109,271,173,337,301,348,17,21,193,266,308,192,266,,,71,33,,,275,144,21,171,125,127,20,183,68,87,96,165,172,160,28,62,290,30,93,307,40,237,169,,125,,,273,269,288,302,168,324,332,165,108,149,75,57,228,252,112,251,117,300,257,122,118,244,40,47,178,333,271,352,352,353,337,193,78,307,347,306,47,60,239,215,,,278,310,,,275,223,224,283,260,340,343,358,347,358,151,201,277,288,286,359,350,350,360,359,254,285,79,290,,249,,,b'\x11\xe8\xe1I\xd9Oj\xb6\x98|\x12\xdf\x17\xaeN\x1e'
11E8E149-D94F-6AB6-987C-12DF17AE4E1E,2024-ncaa-d1-conf-Southland,ncaa,5,5,1,5,1,1,1,1,4,4,3,7,1,1,1,3,7,5,7,5,8,1,1,3,3,2,1,1,9,8,9,1,10,3,10,5,10,5,1,5,6,9,2,6,,,8,1,,,8,1,1,6,2,2,1,5,4,1,1,7,8,7,2,3,8,1,7,6,1,8,2,,5,,,8,10,10,10,7,10,10,5,8,8,8,3,8,9,2,9,4,10,10,6,4,7,3,4,4,10,10,10,9,10,10,9,4,6,10,8,2,1,10,10,,,5,8,,,8,10,4,8,6,9,9,10,9,10,8,7,6,9,9,10,10,10,10,10,8,7,2,10,,8,,,b'\x11\xe8\xe1I\xd9Oj\xb6\x98|\x12\xdf\x17\xaeN\x1e'
11E8E149-D94F-6AB6-987C-12DF17AE4E1E,2024-ncaa-d1-natl,ncaa,190,177,194,197,222,139,149,76,282,200,110,325,87,107,67,163,184,200,151,190,249,96,125,240,250,178,86,75,220,292,353,69,259,135,338,268,338,35,25,176,232,295,173,264,,,114,39,,,254,90,19,189,111,118,20,196,72,68,89,174,180,166,25,59,287,22,80,274,58,220,163,,137,,,254,300,316,328,150,337,349,142,117,157,83,54,262,280,103,279,124,333,305,106,101,212,46,52,193,344,259,359,353,359,338,217,79,265,341,266,73,64,285,248,,,248,321,,,254,277,217,259,247,334,339,357,346,360,145,186,282,293,293,359,350,348,362,361,240,262,99,312,,251,,,b'\x11\xe8\xe1I\xd9Oj\xb6\x98|\x12\xdf\x17\xaeN\x1e'
11E8E149-D94F-6AB6-987C-12DF17AE4E1E,2025-ncaa-d0-natl,genius_ncaa,332,313,335,332,341,315,302,286,286,322,303,317,171,180,127,97,348,350,166,350,341,313,336,245,275,255,90,47,329,339,347,275,299,322,340,240,102,46,154,157,328,324,201,216,,,81,167,,59,314,320,105,74,250,226,116,287,197,89,88,333,337,337,183,204,313,124,245,159,150,295,147,,229,,116,318,137,174,125,269,244,215,246,64,51,187,60,138,164,52,169,167,122,68,229,212,287,48,61,158,222,299,227,347,233,340,155,147,343,329,322,109,238,83,185,,,361,361,,286,314,45,294,317,317,323,335,333,346,352,154,132,246,285,287,340,302,325,353,353,284,296,220,166,,360,,249,b'\x11\xe8\xe1I\xd9Oj\xb6\x98|\x12\xdf\x17\xaeN\x1e'
11E8E149-D94F-6AB6-987C-12DF17AE4E1E,2025-ncaa-d1-conf-Southland,genius_ncaa,11,11,9,11,9,11,9,11,7,10,10,7,4,4,5,3,12,12,9,12,12,11,11,7,7,7,4,3,12,12,12,10,10,11,12,4,2,3,5,5,10,9,4,5,,,4,6,,4,10,10,5,2,11,6,6,10,8,3,4,12,12,12,9,9,12,5,10,3,4,9,1,,7,,8,10,8,9,8,10,11,10,10,1,2,7,1,6,6,7,6,4,8,5,9,8,10,2,1,6,9,10,9,12,9,12,10,5,11,10,11,4,8,8,10,,,12,12,,10,10,3,10,11,10,10,10,10,12,11,4,3,9,7,7,10,9,10,10,10,10,11,6,8,,12,,10,b'\x11\xe8\xe1I\xd9Oj\xb6\x98|\x12\xdf\x17\xaeN\x1e'
11E8E149-D94F-6AB6-987C-12DF17AE4E1E,2025-ncaa-d1-natl,genius_ncaa,331,312,341,330,345,320,308,283,302,334,305,323,154,169,138,79,344,350,152,348,338,312,329,254,287,262,77,41,327,335,344,266,283,315,342,227,88,62,158,156,331,326,189,197,,,90,170,,59,315,317,99,71,257,235,109,302,212,82,71,333,338,337,175,191,306,115,236,157,158,297,134,,231,,109,317,152,186,126,263,256,220,245,58,49,165,55,148,181,64,186,163,135,71,224,208,288,43,50,168,217,283,252,344,249,342,150,129,333,324,315,134,251,82,181,,,361,361,,273,315,49,299,312,315,316,333,332,348,351,139,128,252,285,287,340,301,318,354,355,277,287,244,153,,359,,236,b'\x11\xe8\xe1I\xd9Oj\xb6\x98|\x12\xdf\x17\xaeN\x1e'
11E8E149-D94F-6AB6-987C-12DF17AE4E1E,2026-ncaa-d0-natl,genius_ncaa,295,152,354,292,356,354,355,352,238,350,352,250,333,342,203,211,334,343,162,343,150,356,358,239,229,209,158,182,119,360,355,360,342,362,355,355,328,4,161,253,335,216,273,158,,,13,218,,20,267,356,51,97,204,210,159,196,148,199,186,141,153,145,146,159,346,314,355,296,173,174,108,,281,,89,312,13,12,8,303,21,10,259,35,10,325,124,88,53,329,50,272,6,7,306,325,329,232,160,286,50,342,25,355,26,355,34,222,348,257,283,35,285,20,187,,,357,156,,286,267,7,256,342,319,346,330,308,316,311,303,210,342,326,326,329,328,340,354,352,311,180,287,211,,150,,148,b'\x11\xe8\xe1I\xd9Oj\xb6\x98|\x12\xdf\x17\xaeN\x1e'
11E8E149-D94F-6AB6-987C-12DF17AE4E1E,2026-ncaa-d1-conf-Southland,genius_ncaa,5,4,2,5,3,3,4,2,6,3,5,2,5,1,7,2,3,3,7,3,2,2,3,6,7,4,6,7,3,4,6,7,7,7,7,6,5,1,1,1,6,6,1,1,,,3,3,,5,4,3,3,2,2,3,1,2,4,5,1,2,2,2,1,2,3,7,7,5,1,5,1,,3,,5,4,5,4,3,6,4,4,5,5,1,7,1,5,5,6,5,6,3,3,6,6,6,5,5,6,4,7,6,6,6,7,2,1,3,3,1,1,1,3,4,,,3,2,,2,4,2,4,7,6,6,4,3,4,4,6,1,6,6,6,3,3,4,7,7,2,2,1,3,,2,,2,b'\x11\xe8\xe1I\xd9Oj\xb6\x98|\x12\xdf\x17\xaeN\x1e'
11E8E149-D94F-6AB6-987C-12DF17AE4E1E,2026-ncaa-d1-natl,genius_ncaa,256,152,345,230,350,300,305,337,169,289,317,177,303,314,212,243,163,182,121,179,58,330,345,189,153,143,161,256,41,348,317,346,344,353,345,297,192,21,116,155,196,99,174,96,,,84,237,,69,191,340,28,100,94,141,111,115,112,211,199,22,30,26,74,75,276,236,277,159,162,58,76,,322,,160,182,36,18,19,128,44,38,179,20,42,56,153,231,185,338,179,304,29,33,113,190,166,219,64,348,213,344,67,317,114,345,71,271,255,124,154,81,221,158,264,,,271,68,,131,191,23,178,220,200,295,224,289,263,275,123,241,354,343,343,328,349,350,333,349,266,63,269,297,,39,,43,b'\x11\xe8\xe1I\xd9Oj\xb6\x98|\x12\xdf\x17\xaeN\x1e'
11E8E149-D953-A5B8-987C-12DF17AE4E1E,2018-ncaa-d2-conf-Lone Star,ncaa,10,10,9,10,9,10,10,10,8,8,5,9,11,11,5,11,7,8,5,8,9,10,10,10,9,9,9,11,4,8,7,7,5,7,6,10,7,4,8,9,11,10,7,7,,,3,6,,,9,10,10,1,10,9,7,7,2,11,11,6,6,6,8,7,7,3,6,9,7,9,7,,5,,,9,2,3,4,4,1,2,5,10,11,3,11,5,4,8,3,5,3,2,6,5,8,11,11,5,3,5,3,7,3,6,5,8,11,11,10,8,10,5,4,,,9,8,,,9,2,9,6,9,4,4,9,2,2,11,11,6,4,4,8,5,4,7,6,7,11,10,5,,7,,,b'\x11\xe8\xe1I\xd9S\xa5\xb8\x98|\x12\xdf\x17\xaeN\x1e'
11E8E149-D953-A5B8-987C-12DF17AE4E1E,2018-ncaa-d2-natl,ncaa,225,254,105,241,104,223,237,180,275,178,84,284,295,293,270,295,103,86,210,84,133,167,142,293,279,280,239,288,22,73,64,100,155,90,84,245,203,263,253,275,199,202,195,184,,,187,198,,,234,159,246,2,276,285,238,216,85,303,300,103,79,81,211,156,64,96,77,271,252,209,206,,178,,,231,122,83,167,45,48,73,86,230,278,63,295,188,180,164,175,230,168,161,75,81,99,284,269,211,200,155,139,64,172,84,189,254,168,172,181,280,276,183,122,,,114,114,,,234,148,271,122,231,102,61,143,37,36,224,279,169,170,162,147,130,190,113,125,165,183,274,153,,117,,,b'\x11\xe8\xe1I\xd9S\xa5\xb8\x98|\x12\xdf\x17\xaeN\x1e'
11E8E149-D953-A5B8-987C-12DF17AE4E1E,2019-ncaa-d2-conf-Lone Star,ncaa,8,9,6,9,8,8,9,6,10,10,8,11,4,5,7,3,5,6,5,6,1,7,6,10,10,9,1,3,1,8,11,8,10,7,11,10,11,4,6,9,9,9,11,11,,,2,2,,,10,6,2,9,8,9,6,10,7,4,3,4,4,4,6,5,7,7,8,11,4,9,11,,4,,,10,11,11,8,10,10,6,10,9,11,5,10,2,8,1,8,6,8,7,10,9,8,4,9,1,11,10,11,11,11,11,9,2,7,9,8,4,7,10,11,,,8,7,,,10,6,9,8,10,10,10,10,10,8,9,11,6,7,7,10,11,11,11,11,9,7,6,10,,5,,,b'\x11\xe8\xe1I\xd9S\xa5\xb8\x98|\x12\xdf\x17\xaeN\x1e'
11E8E149-D953-A5B8-987C-12DF17AE4E1E,2019-ncaa-d2-natl,ncaa,216,244,118,229,174,191,235,151,281,242,164,293,161,131,229,162,50,47,180,46,23,127,134,284,261,239,57,154,6,188,260,168,221,188,270,275,287,165,148,270,160,203,230,240,,,221,192,,,261,114,71,272,221,271,162,272,171,175,139,31,29,29,105,117,197,198,217,291,162,180,245,,216,,,254,241,244,196,230,229,146,271,232,255,106,243,192,239,15,240,238,210,209,232,207,209,141,186,124,212,221,287,260,275,270,187,111,114,135,145,135,118,238,245,,,98,88,,,261,210,253,206,248,242,238,203,224,124,225,253,180,232,234,225,237,213,284,272,187,104,132,243,,78,,,b'\x11\xe8\xe1I\xd9S\xa5\xb8\x98|\x12\xdf\x17\xaeN\x1e'
11E8E149-D953-A5B8-987C-12DF17AE4E1E,2020-ncaa-d2-conf-Lone Star,ncaa,17,17,13,17,16,18,18,17,18,16,15,18,17,16,18,10,18,18,18,18,17,18,15,18,18,18,14,12,13,12,11,15,6,16,11,17,9,17,18,18,14,13,16,16,,,7,12,,,16,18,14,7,18,18,16,16,12,17,14,18,17,17,18,13,12,13,16,17,17,14,16,,9,,,16,4,5,2,9,4,3,12,4,5,4,11,6,5,12,5,10,2,1,9,8,7,9,6,8,1,6,6,11,2,11,5,9,12,7,10,18,18,12,16,,,16,12,,,16,1,18,6,16,6,7,2,7,3,7,8,8,8,8,3,2,3,7,5,7,11,18,14,,16,,,b'\x11\xe8\xe1I\xd9S\xa5\xb8\x98|\x12\xdf\x17\xaeN\x1e'
11E8E149-D953-A5B8-987C-12DF17AE4E1E,2020-ncaa-d2-natl,ncaa,277,254,283,278,295,305,305,301,301,298,290,297,293,278,306,182,304,296,302,296,255,303,298,306,309,309,245,222,189,256,179,299,154,295,196,289,64,240,307,292,238,157,263,225,,,59,222,,,280,301,251,193,310,307,299,291,241,293,248,309,282,283,300,246,200,281,281,270,294,185,244,,159,,,281,13,13,10,95,18,11,151,43,59,48,216,53,50,178,55,193,9,11,100,97,85,187,154,195,24,154,27,179,15,196,52,214,213,93,110,263,305,193,271,,,291,203,,,280,11,308,79,284,54,57,41,67,37,99,154,126,123,125,42,48,74,104,82,115,136,301,249,,257,,,b'\x11\xe8\xe1I\xd9S\xa5\xb8\x98|\x12\xdf\x17\xaeN\x1e'
11E8E149-D953-A5B8-987C-12DF17AE4E1E,2021-ncaa-d2-conf-Lone Star,ncaa,7,9,6,7,7,7,7,7,7,8,11,5,3,3,3,2,12,11,5,11,11,8,8,4,4,8,3,3,14,10,11,8,15,9,12,5,4,9,11,7,11,14,8,10,,,12,12,,,8,8,10,11,9,8,10,14,14,2,3,12,13,13,11,12,12,12,16,6,9,14,9,,11,,,8,11,9,10,4,10,12,2,4,4,6,3,13,13,3,13,12,11,10,3,3,4,5,4,15,14,15,6,11,11,12,7,5,8,11,7,8,9,3,5,,,7,4,,,8,9,8,7,7,3,3,8,8,13,4,3,12,13,13,12,10,15,4,9,3,9,7,2,,10,,,b'\x11\xe8\xe1I\xd9S\xa5\xb8\x98|\x12\xdf\x17\xaeN\x1e'
11E8E149-D953-A5B8-987C-12DF17AE4E1E,2021-ncaa-d2-natl,ncaa,97,112,114,98,122,135,137,136,116,161,167,112,51,67,49,12,159,163,91,162,109,142,134,71,78,134,12,11,186,145,129,142,208,146,180,108,37,151,206,145,146,177,108,119,,,129,173,,,105,132,128,119,153,164,182,207,218,25,34,197,200,204,202,165,165,185,205,90,196,173,108,,177,,,105,88,85,93,50,98,115,46,64,66,59,30,141,153,38,150,170,101,108,33,42,38,90,44,196,166,208,77,129,105,180,73,82,90,64,42,132,167,56,89,,,105,42,,,105,95,145,58,105,50,49,83,85,142,32,29,172,188,187,111,133,189,38,103,50,56,148,36,,81,,,b'\x11\xe8\xe1I\xd9S\xa5\xb8\x98|\x12\xdf\x17\xaeN\x1e'
11E8E149-D953-A5B8-987C-12DF17AE4E1E,2022-ncaa-d2-conf-Lone Star,ncaa,4,5,5,5,5,8,8,11,8,14,15,9,4,4,5,2,10,10,10,10,4,11,13,4,6,6,2,2,10,14,13,7,10,11,13,6,3,6,7,6,9,9,7,6,,,5,6,,,5,12,15,2,11,10,14,16,16,2,4,11,9,9,13,15,15,8,13,5,6,10,6,,7,,,5,2,2,7,2,5,6,4,4,7,2,10,3,5,4,5,4,4,6,2,2,2,4,7,7,9,10,10,13,10,13,4,8,9,7,5,4,8,1,4,,,8,7,,,5,5,7,4,5,2,3,5,4,6,3,7,5,6,6,4,3,8,9,10,5,12,5,1,,11,,,b'\x11\xe8\xe1I\xd9S\xa5\xb8\x98|\x12\xdf\x17\xaeN\x1e'
11E8E149-D953-A5B8-987C-12DF17AE4E1E,2022-ncaa-d2-natl,ncaa,78,65,146,74,152,174,190,218,135,244,264,128,66,88,65,38,146,150,160,151,28,220,208,84,86,119,20,35,127,245,235,188,207,225,227,141,75,141,187,142,100,86,104,81,,,123,163,,,88,197,246,74,181,225,264,267,288,57,61,148,143,147,253,247,258,209,250,140,136,104,94,,135,,,89,49,72,98,90,117,116,155,40,105,12,144,88,93,136,86,107,87,109,68,64,50,56,62,153,181,207,105,235,129,227,99,158,107,77,84,163,207,35,102,,,142,51,,,88,100,153,68,89,35,60,64,111,101,41,102,90,88,83,57,89,180,112,142,100,102,168,31,,125,,,b'\x11\xe8\xe1I\xd9S\xa5\xb8\x98|\x12\xdf\x17\xaeN\x1e'
11E8E149-D953-A5B8-987C-12DF17AE4E1E,2023-ncaa-d2-conf-Lone Star,ncaa,5,4,6,5,7,7,7,15,4,12,16,4,3,6,2,4,13,13,10,13,8,15,16,2,5,5,4,2,13,15,12,10,11,13,7,4,1,1,6,1,15,15,15,15,,,1,4,,,6,16,16,6,11,8,15,13,16,4,7,13,13,12,16,16,14,12,13,3,4,16,15,,2,,,6,2,5,7,6,5,7,7,8,10,5,12,2,1,16,1,3,5,1,6,6,7,5,12,3,9,11,2,12,4,7,12,13,16,15,16,3,8,1,2,,,14,7,,,6,1,5,10,6,4,6,7,5,5,9,9,2,2,2,5,1,8,1,4,11,16,4,1,,13,,,b'\x11\xe8\xe1I\xd9S\xa5\xb8\x98|\x12\xdf\x17\xaeN\x1e'
11E8E149-D953-A5B8-987C-12DF17AE4E1E,2023-ncaa-d2-natl,ncaa,72,82,68,80,74,131,145,193,72,213,264,71,50,65,37,31,148,140,185,133,26,184,208,38,47,53,21,24,167,251,233,107,163,171,173,69,24,73,123,47,247,257,246,254,,,132,150,,,94,184,295,44,184,208,282,269,294,46,72,187,175,168,281,297,276,162,246,72,48,270,262,,84,,,96,105,103,171,59,101,115,134,123,230,15,239,150,127,228,123,152,158,135,63,79,124,165,154,170,194,163,102,233,143,173,178,234,220,240,234,105,140,13,40,,,124,49,,,94,115,83,150,93,51,51,89,55,45,101,203,103,87,88,70,28,157,43,81,138,259,70,6,,172,,,b'\x11\xe8\xe1I\xd9S\xa5\xb8\x98|\x12\xdf\x17\xaeN\x1e'
11E8E149-D953-A5B8-987C-12DF17AE4E1E,2024-ncaa-d2-conf-Lone Star,ncaa,8,8,10,8,14,12,13,16,4,16,16,4,6,8,5,5,14,13,15,13,8,16,16,3,7,8,5,4,12,15,14,12,13,14,15,5,1,7,13,3,11,9,7,7,,,4,8,,,8,15,13,11,12,13,16,13,15,5,6,14,12,11,16,15,15,9,13,4,10,9,5,,6,,,8,2,1,4,6,4,7,6,4,4,2,7,4,6,3,5,8,4,4,2,3,3,4,5,10,11,13,4,14,6,15,6,13,11,9,11,5,10,2,3,,,12,9,,,8,2,11,5,8,5,5,7,7,9,4,5,6,10,10,6,6,13,9,12,11,11,7,2,,10,,,b'\x11\xe8\xe1I\xd9S\xa5\xb8\x98|\x12\xdf\x17\xaeN\x1e'
11E8E149-D953-A5B8-987C-12DF17AE4E1E,2024-ncaa-d2-natl,ncaa,144,165,117,153,157,169,174,232,88,218,261,83,84,101,58,52,227,216,203,213,88,231,222,61,77,109,59,39,222,239,232,167,172,213,196,56,6,159,219,76,183,173,152,159,,,116,133,,,137,211,247,227,199,201,282,252,286,67,101,244,230,226,283,279,258,192,247,40,155,193,166,,98,,,137,75,98,123,111,129,140,129,84,115,68,139,85,98,54,95,93,108,102,104,88,106,94,127,103,166,172,92,232,110,196,190,238,166,150,194,175,212,17,40,,,174,99,,,137,92,138,114,134,62,87,92,112,121,79,101,76,93,91,76,71,157,70,101,177,181,163,7,,203,,,b'\x11\xe8\xe1I\xd9S\xa5\xb8\x98|\x12\xdf\x17\xaeN\x1e'
11E8E149-D953-A5B8-987C-12DF17AE4E1E,2025-ncaa-d2-conf-Lone Star,genius_ncaa,5,5,4,5,5,8,8,13,1,8,13,2,6,8,2,6,14,13,14,13,7,15,15,2,2,4,7,5,14,16,15,8,4,10,10,5,3,5,10,4,11,9,9,9,,,3,8,,10,6,14,15,7,11,11,16,9,14,6,8,15,14,14,16,16,16,9,14,6,4,11,9,,3,,7,6,4,3,6,6,2,5,5,11,8,9,12,6,4,16,5,8,4,3,6,7,7,14,14,9,5,4,4,15,5,10,3,4,15,11,8,10,13,1,2,,,11,8,,11,6,3,6,7,6,4,4,2,3,3,9,8,6,3,3,2,1,3,2,2,3,15,8,1,,15,,12,b'\x11\xe8\xe1I\xd9S\xa5\xb8\x98|\x12\xdf\x17\xaeN\x1e'
11E8E149-D953-A5B8-987C-12DF17AE4E1E,2025-ncaa-d2-natl,genius_ncaa,79,112,43,101,66,131,121,189,27,142,221,29,75,119,29,78,240,239,210,233,181,204,220,20,34,52,122,69,273,277,266,123,70,199,161,61,33,98,163,46,143,113,170,133,,,101,131,,228,90,184,299,207,222,194,299,222,289,99,165,280,275,273,300,300,294,221,286,75,53,184,194,,38,,184,95,73,70,120,62,33,63,47,242,228,224,258,79,58,280,62,108,95,99,109,109,114,286,285,122,80,70,104,266,83,161,129,210,160,139,145,143,196,16,26,,,204,151,,165,90,115,93,103,91,18,19,14,5,7,204,171,38,23,22,7,2,40,30,21,74,226,88,6,,282,,203,b'\x11\xe8\xe1I\xd9S\xa5\xb8\x98|\x12\xdf\x17\xaeN\x1e'
11E8E149-D953-A5B8-987C-12DF17AE4E1E,2026-ncaa-d2-conf-Lone Star,genius_ncaa,11,16,1,11,1,6,4,6,5,4,8,4,5,5,10,5,10,9,16,8,8,6,3,5,9,11,15,8,15,4,5,7,6,7,8,1,2,17,17,10,7,11,9,10,,,13,11,,17,15,4,16,2,15,11,17,8,16,11,10,16,12,11,17,14,9,17,15,4,16,14,11,,7,,17,12,16,17,13,17,16,11,14,17,13,16,14,12,8,17,7,4,13,13,17,17,16,8,13,4,6,6,11,5,10,8,15,8,3,5,11,16,16,2,2,,,5,10,,7,15,13,11,13,13,10,12,3,11,3,14,7,5,3,2,1,1,2,3,1,11,9,13,2,,12,,11,b'\x11\xe8\xe1I\xd9S\xa5\xb8\x98|\x12\xdf\x17\xaeN\x1e'
11E8E149-D953-A5B8-987C-12DF17AE4E1E,2026-ncaa-d2-natl,genius_ncaa,276,272,141,276,170,267,268,264,223,266,278,154,228,199,233,74,242,234,208,225,68,263,237,215,223,273,125,138,118,202,114,266,118,254,122,187,9,246,295,242,196,126,221,182,,,60,124,,291,274,237,295,88,294,294,297,287,297,233,201,260,252,236,297,294,206,293,289,182,275,200,227,,42,,293,270,110,118,60,266,76,49,216,217,124,294,232,59,29,297,25,40,51,53,283,287,270,242,270,49,46,118,41,114,35,122,173,250,200,97,220,220,282,14,31,,,228,171,,188,274,57,278,257,277,109,122,10,65,20,247,133,45,11,9,4,1,32,11,9,209,199,246,10,,261,,194,b'\x11\xe8\xe1I\xd9S\xa5\xb8\x98|\x12\xdf\x17\xaeN\x1e'
11E8E149-D958-06B2-987C-12DF17AE4E1E,2018-ncaa-d2-conf-Lone Star,ncaa,9,9,9,9,10,9,9,5,10,10,9,11,2,2,4,1,10,10,10,10,10,8,9,9,10,10,1,1,11,7,8,11,11,10,11,8,5,2,5,6,1,1,11,11,,,11,11,,,10,9,4,7,9,8,2,10,7,2,2,10,10,10,4,4,6,11,10,7,4,1,11,,11,,,10,5,5,1,10,6,1,11,5,5,8,9,7,7,3,7,11,1,3,10,11,10,6,5,7,9,11,10,8,10,11,9,11,2,1,5,1,1,6,7,,,10,10,,,10,3,10,10,10,10,9,1,8,1,7,8,7,8,8,2,9,11,11,11,10,1,1,7,,10,,,b'\x11\xe8\xe1I\xd9X\x06\xb2\x98|\x12\xdf\x17\xaeN\x1e'
11E8E149-D958-06B2-987C-12DF17AE4E1E,2018-ncaa-d2-natl,ncaa,243,254,148,251,176,228,228,129,294,275,193,302,84,59,170,45,275,255,265,255,243,161,164,274,290,272,33,19,260,77,111,302,309,258,301,208,146,143,147,204,17,9,285,275,,,294,307,,,269,190,188,153,266,265,86,286,197,71,43,282,259,257,132,133,51,309,289,212,162,12,290,,303,,,261,189,127,42,286,103,21,302,206,187,205,266,247,266,70,268,307,74,151,289,290,192,254,199,244,272,309,241,111,259,301,286,305,26,11,129,29,25,271,287,,,261,296,,,269,114,254,240,268,202,150,23,114,6,216,205,260,272,274,50,182,285,268,278,289,16,35,278,,280,,,b'\x11\xe8\xe1I\xd9X\x06\xb2\x98|\x12\xdf\x17\xaeN\x1e'
11E8E149-D958-06B2-987C-12DF17AE4E1E,2019-ncaa-d2-conf-Lone Star,ncaa,11,11,9,11,10,10,10,9,11,9,7,10,10,7,11,4,11,11,2,11,11,9,10,11,11,11,9,6,9,3,2,11,11,10,7,9,10,5,8,10,6,2,9,6,,,6,11,,,11,11,11,6,10,10,5,9,6,10,5,11,11,11,8,7,2,11,7,9,8,2,7,,10,,,11,5,2,1,11,1,1,11,11,8,11,11,7,3,10,3,11,1,1,11,11,11,11,11,8,5,11,4,2,4,7,11,11,8,3,9,1,4,2,3,,,11,11,,,11,1,10,11,11,9,8,1,3,1,11,10,8,8,8,1,2,9,7,8,11,5,4,4,,11,,,b'\x11\xe8\xe1I\xd9X\x06\xb2\x98|\x12\xdf\x17\xaeN\x1e'
11E8E149-D958-06B2-987C-12DF17AE4E1E,2019-ncaa-d2-natl,ncaa,290,298,182,295,208,270,255,198,280,242,194,273,233,163,284,133,278,283,159,283,280,226,204,287,287,285,203,166,219,74,42,299,302,244,233,287,283,204,235,286,58,25,230,176,,,239,298,,,290,249,275,148,287,274,179,253,172,232,155,281,285,287,231,194,42,310,262,293,223,40,234,,268,,,284,192,139,51,280,60,13,287,296,248,302,294,212,192,220,196,296,61,78,305,307,283,306,296,190,185,302,86,42,119,233,254,283,131,73,205,62,92,57,71,,,290,295,,,290,63,266,291,291,228,166,41,69,9,300,263,232,213,216,57,74,210,105,153,264,101,83,65,,302,,,b'\x11\xe8\xe1I\xd9X\x06\xb2\x98|\x12\xdf\x17\xaeN\x1e'
11E8E149-D958-06B2-987C-12DF17AE4E1E,2020-ncaa-d2-conf-Lone Star,ncaa,15,14,13,15,17,14,13,11,15,14,13,16,7,7,9,6,15,14,14,14,11,11,9,13,14,15,7,6,12,6,5,18,18,12,13,14,14,14,12,14,2,2,13,12,,,14,14,,,15,12,6,8,14,13,8,13,8,7,4,13,13,13,9,5,5,18,10,13,16,1,12,,15,,,15,11,11,6,16,11,4,18,11,13,11,15,12,11,9,11,13,5,9,17,17,14,11,12,9,12,18,10,5,10,13,16,15,6,5,11,8,10,6,9,,,14,13,,,15,7,13,14,15,14,14,10,11,6,15,16,12,12,12,12,15,15,12,12,17,4,11,10,,11,,,b'\x11\xe8\xe1I\xd9X\x06\xb2\x98|\x12\xdf\x17\xaeN\x1e'
11E8E149-D958-06B2-987C-12DF17AE4E1E,2020-ncaa-d2-natl,ncaa,243,203,283,236,290,266,275,258,263,288,273,266,157,138,188,71,250,240,230,239,141,262,242,245,245,251,60,67,162,104,54,305,304,284,259,244,158,187,251,247,35,13,182,122,,,195,272,,,247,268,92,130,205,221,104,254,193,97,59,194,164,165,108,57,41,309,228,205,276,11,142,,289,,,251,91,83,18,260,75,18,286,143,121,187,239,184,182,154,184,286,29,58,273,281,196,231,188,227,187,304,56,54,100,259,216,297,93,43,138,146,209,137,232,,,265,252,,,247,43,231,227,252,246,217,118,172,65,235,237,264,259,259,158,250,279,186,237,288,33,241,211,,173,,,b'\x11\xe8\xe1I\xd9X\x06\xb2\x98|\x12\xdf\x17\xaeN\x1e'
11E8E149-D958-06B2-987C-12DF17AE4E1E,2021-ncaa-d2-conf-Lone Star,ncaa,9,14,4,12,5,6,6,2,14,6,4,14,8,4,15,8,6,5,9,6,10,4,3,14,14,14,10,9,5,1,2,7,11,5,7,6,9,16,9,12,6,6,9,11,,,15,16,,,14,5,9,5,11,12,3,7,6,10,7,10,9,9,6,5,2,16,4,11,12,7,11,,16,,,13,14,14,12,15,13,10,14,14,12,13,7,14,14,10,14,15,13,12,14,14,13,12,9,13,12,11,15,2,14,7,14,10,3,3,5,14,8,7,2,,,5,13,,,14,12,11,12,12,10,10,2,9,6,11,7,13,12,12,3,9,7,9,7,10,6,9,3,,9,,,b'\x11\xe8\xe1I\xd9X\x06\xb2\x98|\x12\xdf\x17\xaeN\x1e'
11E8E149-D958-06B2-987C-12DF17AE4E1E,2021-ncaa-d2-natl,ncaa,125,184,82,158,84,123,126,91,200,117,90,188,124,82,202,105,87,78,141,78,94,91,78,198,197,203,111,132,50,17,14,138,185,88,103,113,88,204,195,193,44,41,116,128,,,211,222,,,188,96,122,80,182,184,102,164,108,171,101,112,94,95,103,58,18,217,111,152,205,43,155,,221,,,173,137,129,106,186,128,107,181,137,112,187,103,179,179,133,184,206,113,136,184,195,121,157,107,187,143,185,129,14,131,103,151,143,26,11,38,182,164,93,56,,,76,118,,,188,133,176,118,168,121,88,23,96,40,117,67,179,174,176,34,116,116,79,89,120,20,177,50,,77,,,b'\x11\xe8\xe1I\xd9X\x06\xb2\x98|\x12\xdf\x17\xaeN\x1e'
11E8E149-D958-06B2-987C-12DF17AE4E1E,2022-ncaa-d2-conf-Lone Star,ncaa,12,12,11,12,12,14,13,12,11,13,14,8,6,6,12,4,15,15,16,15,7,13,12,9,11,13,8,5,13,5,2,16,16,15,11,12,11,10,11,11,4,3,15,14,,,8,14,,,9,13,14,5,14,12,9,12,14,6,5,15,12,13,10,12,4,16,14,11,10,3,15,,12,,,9,4,3,2,14,1,1,16,15,14,13,16,2,2,12,2,12,2,3,15,15,10,16,16,4,11,16,1,2,2,11,14,15,4,1,8,8,10,4,10,,,9,8,,,9,2,10,12,10,6,5,2,1,1,15,15,6,5,5,2,5,15,1,5,13,2,9,6,,8,,,b'\x11\xe8\xe1I\xd9X\x06\xb2\x98|\x12\xdf\x17\xaeN\x1e'
11E8E149-D958-06B2-987C-12DF17AE4E1E,2022-ncaa-d2-natl,ncaa,240,241,222,250,237,241,235,243,184,236,260,118,193,153,241,78,245,195,267,195,93,240,229,183,199,227,144,123,194,85,14,291,294,258,205,240,219,194,252,255,50,13,258,209,,,180,276,,,208,251,240,168,237,227,213,220,246,161,95,225,161,166,213,152,40,300,260,238,246,23,260,,254,,,209,65,50,29,236,20,10,263,249,223,229,299,90,68,247,69,264,28,66,268,271,173,293,290,137,202,294,24,14,45,205,193,292,69,11,106,119,188,85,186,,,167,72,,,208,49,191,202,216,140,108,29,29,1,276,277,136,116,118,23,127,243,19,104,243,28,193,125,,82,,,b'\x11\xe8\xe1I\xd9X\x06\xb2\x98|\x12\xdf\x17\xaeN\x1e'
11E8E149-D958-06B2-987C-12DF17AE4E1E,2023-ncaa-d2-conf-Lone Star,ncaa,7,7,9,7,16,9,16,8,16,16,15,16,4,1,14,1,2,3,5,3,1,6,9,16,13,8,1,4,1,1,2,16,15,10,11,12,8,2,2,9,3,1,10,6,,,8,11,,,7,13,9,16,8,16,3,16,14,3,1,1,2,2,1,4,1,16,7,12,6,1,8,,12,,,7,4,2,2,12,3,1,16,14,14,9,15,6,5,13,5,13,2,4,14,14,9,14,14,9,11,15,10,2,11,11,9,12,2,1,3,5,4,6,11,,,2,2,,,7,4,6,12,7,9,7,3,4,2,14,15,10,8,7,4,9,14,15,14,12,1,7,8,,1,,,b'\x11\xe8\xe1I\xd9X\x06\xb2\x98|\x12\xdf\x17\xaeN\x1e'
11E8E149-D958-06B2-987C-12DF17AE4E1E,2023-ncaa-d2-natl,ncaa,152,162,148,162,197,151,226,141,283,278,267,266,61,21,224,17,25,33,82,31,2,115,130,259,219,179,4,30,8,41,53,271,265,176,221,216,147,90,82,176,27,13,203,89,,,235,271,,,129,170,123,298,135,254,91,292,279,40,12,9,18,19,47,77,27,288,176,223,111,22,201,,252,,,129,114,72,62,164,22,6,267,265,278,127,296,169,154,210,151,285,63,133,227,234,134,290,285,196,180,265,185,53,180,221,181,266,41,19,79,129,108,40,101,,,32,13,,,129,120,131,153,139,125,82,38,10,3,272,291,184,172,161,38,154,200,212,215,193,34,138,48,,6,,,b'\x11\xe8\xe1I\xd9X\x06\xb2\x98|\x12\xdf\x17\xaeN\x1e'
11E8E149-D958-06B2-987C-12DF17AE4E1E,2024-ncaa-d2-conf-Lone Star,ncaa,2,2,2,2,2,3,4,1,12,9,9,8,1,1,7,2,6,4,11,4,3,1,2,9,8,6,2,2,8,1,1,5,8,1,1,4,6,9,3,4,2,3,10,10,,,11,9,,,2,3,10,8,4,5,3,12,12,2,1,7,7,7,4,6,1,10,5,5,5,3,12,,8,,,2,8,7,10,3,2,1,9,16,16,4,16,6,5,15,5,11,10,13,7,7,5,15,16,5,10,8,8,1,9,1,10,12,2,4,3,7,3,4,4,,,3,5,,,2,12,2,4,2,4,2,4,2,1,15,16,5,4,4,4,5,8,2,2,4,3,5,4,,4,,,b'\x11\xe8\xe1I\xd9X\x06\xb2\x98|\x12\xdf\x17\xaeN\x1e'
11E8E149-D958-06B2-987C-12DF17AE4E1E,2024-ncaa-d2-natl,ncaa,40,45,50,42,68,65,82,58,144,146,164,110,23,14,119,23,59,62,126,67,36,58,66,111,109,84,27,30,128,20,14,142,137,61,41,54,55,117,59,55,66,72,202,165,,,208,181,,,51,98,231,204,79,119,97,212,246,25,17,101,99,103,87,130,33,232,114,70,73,93,227,,127,,,53,170,140,182,87,45,33,185,285,293,96,294,139,101,277,99,204,162,195,149,160,127,288,290,110,149,137,114,14,122,41,205,226,73,81,119,123,67,30,31,,,23,25,,,51,202,40,113,49,73,52,61,14,6,263,288,82,60,62,38,68,88,28,37,140,116,75,12,,31,,,b'\x11\xe8\xe1I\xd9X\x06\xb2\x98|\x12\xdf\x17\xaeN\x1e'
11E8E149-D958-06B2-987C-12DF17AE4E1E,2025-ncaa-d2-conf-Lone Star,genius_ncaa,8,8,8,9,9,6,7,7,9,12,12,8,3,1,7,2,7,7,7,7,4,7,7,7,6,5,1,2,10,4,4,10,7,8,8,6,4,4,4,5,7,6,14,14,,,4,5,,4,7,8,9,7,4,5,3,13,12,2,1,6,6,7,4,6,4,14,7,4,5,6,14,,6,,5,7,9,10,5,14,6,2,14,14,13,14,15,4,3,3,3,12,3,8,14,14,11,13,16,3,1,7,11,4,7,8,9,7,2,1,5,4,4,12,14,,,4,2,,1,7,10,4,11,7,10,10,5,6,2,14,14,5,5,5,5,6,2,11,8,9,1,4,13,,3,,1,b'\x11\xe8\xe1I\xd9X\x06\xb2\x98|\x12\xdf\x17\xaeN\x1e'
11E8E149-D958-06B2-987C-12DF17AE4E1E,2025-ncaa-d2-natl,genius_ncaa,160,180,109,171,149,116,129,102,180,196,218,133,36,24,130,18,162,156,165,152,73,113,129,126,145,110,25,26,202,92,109,217,129,166,166,73,50,76,66,49,107,102,293,297,,,123,130,,98,132,149,186,207,109,134,87,243,261,27,16,173,159,153,100,150,90,268,206,66,65,116,300,,107,,97,133,178,165,102,252,101,33,280,273,258,237,287,90,85,161,83,188,90,137,275,272,210,261,281,65,74,129,184,109,139,166,183,173,74,44,110,88,66,219,260,,,66,42,,4,132,155,90,180,130,152,161,46,79,8,271,262,78,71,70,40,84,58,173,118,177,70,68,219,,48,,5,b'\x11\xe8\xe1I\xd9X\x06\xb2\x98|\x12\xdf\x17\xaeN\x1e'
11E8E149-D958-06B2-987C-12DF17AE4E1E,2026-ncaa-d2-conf-Lone Star,genius_ncaa,3,7,1,7,1,3,1,2,1,1,3,3,3,6,8,10,6,5,15,6,10,3,4,2,3,4,16,12,11,3,3,2,7,2,3,3,12,13,7,5,6,10,14,15,,,16,17,,13,4,5,17,2,6,4,14,5,11,10,13,9,9,9,13,15,7,7,6,7,4,13,15,,14,,11,7,14,13,15,5,10,13,7,13,16,5,13,15,15,5,15,11,15,14,4,4,7,11,6,13,15,7,10,3,12,3,9,4,7,16,10,12,9,8,6,,,4,6,,12,4,13,3,7,6,4,4,6,5,5,6,13,12,11,11,6,2,9,1,4,3,16,6,5,,11,,13,b'\x11\xe8\xe1I\xd9X\x06\xb2\x98|\x12\xdf\x17\xaeN\x1e'
11E8E149-D958-06B2-987C-12DF17AE4E1E,2026-ncaa-d2-natl,genius_ncaa,65,144,13,127,17,104,133,111,189,127,149,113,141,79,226,101,40,47,99,45,27,98,75,186,148,193,98,168,41,65,76,37,122,41,62,161,199,275,260,246,54,79,283,289,,,296,297,,294,138,79,283,68,242,265,290,250,278,205,169,99,116,115,284,266,149,139,148,252,212,113,294,,279,,277,139,184,129,198,27,103,130,66,208,265,55,261,277,272,209,272,281,211,228,34,70,75,278,193,282,232,122,170,76,192,62,116,95,64,115,59,220,176,38,34,,,30,34,,68,138,225,185,84,136,37,13,19,15,10,132,201,231,209,213,35,38,125,25,47,21,160,136,15,,76,,127,b'\x11\xe8\xe1I\xd9X\x06\xb2\x98|\x12\xdf\x17\xaeN\x1e'
11E8E149-D95D-7BC4-987C-12DF17AE4E1E,2018-ncaa-d2-conf-Lone Star,ncaa,8,8,5,8,7,7,6,9,3,4,6,3,10,10,8,10,8,7,8,7,7,9,8,5,4,6,11,9,6,10,9,6,7,8,8,6,10,8,9,8,8,7,5,5,,,7,7,,,8,7,5,4,7,5,9,4,3,10,10,8,7,7,9,8,9,5,8,6,8,8,5,,7,,,8,6,4,5,5,4,5,4,8,8,7,7,8,8,10,8,8,5,5,7,7,9,10,8,8,6,7,4,9,5,8,3,2,7,7,6,10,9,1,2,,,7,5,,,8,5,8,9,8,6,5,7,5,5,8,9,8,7,7,9,7,8,5,7,4,6,9,2,,6,,,b'\x11\xe8\xe1I\xd9]{\xc4\x98|\x12\xdf\x17\xaeN\x1e'
11E8E149-D95D-7BC4-987C-12DF17AE4E1E,2018-ncaa-d2-natl,ncaa,179,179,148,188,152,182,176,214,122,135,159,118,247,251,212,245,146,117,217,108,103,194,187,157,154,184,246,255,101,172,163,154,216,168,179,173,165,200,235,196,187,179,116,101,,,231,250,,,187,185,194,34,193,177,245,111,142,259,257,121,95,87,219,186,177,137,151,175,217,177,108,,244,,,186,124,71,119,84,69,108,90,139,158,108,157,255,253,194,246,257,140,141,90,119,128,249,142,274,217,216,114,163,158,179,61,94,151,141,90,232,255,119,123,,,155,109,,,187,125,192,155,185,144,89,133,79,116,147,171,267,260,256,165,172,226,124,169,70,137,240,123,,131,,,b'\x11\xe8\xe1I\xd9]{\xc4\x98|\x12\xdf\x17\xaeN\x1e'
11E8E149-D95D-7BC4-987C-12DF17AE4E1E,2019-ncaa-d2-conf-Lone Star,ncaa,7,7,6,7,6,9,8,10,6,7,9,5,7,8,8,6,7,8,1,8,4,10,9,5,5,8,5,7,3,9,7,5,5,5,5,8,6,10,10,8,11,10,8,8,,,4,7,,,8,9,10,1,9,8,10,8,11,7,8,5,7,7,10,10,8,3,5,8,10,11,8,,7,,,8,7,7,7,7,4,4,4,10,7,10,8,1,2,3,1,4,6,3,8,8,9,10,10,2,7,5,1,7,3,5,4,4,11,10,10,11,11,1,1,,,6,2,,,8,3,8,9,8,8,9,7,6,4,10,8,5,6,4,8,4,7,2,3,6,11,11,1,,3,,,b'\x11\xe8\xe1I\xd9]{\xc4\x98|\x12\xdf\x17\xaeN\x1e'
11E8E149-D95D-7BC4-987C-12DF17AE4E1E,2019-ncaa-d2-natl,ncaa,232,244,182,238,191,221,243,261,177,224,235,149,235,231,225,186,91,125,60,125,53,248,239,186,148,182,130,216,19,216,165,164,185,202,146,253,239,194,246,252,271,274,211,219,,,201,264,,,246,237,251,48,232,261,288,226,243,233,222,64,100,100,274,253,204,144,174,259,211,276,214,,232,,,243,162,156,138,180,147,146,158,174,136,219,143,194,209,86,202,198,146,97,184,184,235,176,176,187,178,185,53,165,91,146,110,76,278,285,238,214,258,32,55,,,111,17,,,246,81,201,255,237,206,195,171,177,169,205,164,216,225,222,193,109,199,68,117,124,282,228,32,,62,,,b'\x11\xe8\xe1I\xd9]{\xc4\x98|\x12\xdf\x17\xaeN\x1e'
11E8E149-D95D-7BC4-987C-12DF17AE4E1E,2020-ncaa-d2-conf-Lone Star,ncaa,12,11,13,12,14,15,15,18,7,11,8,9,18,18,16,18,11,11,8,11,10,16,18,12,12,14,17,18,3,15,13,11,8,14,9,16,17,12,15,16,16,15,14,13,,,12,16,,,11,17,13,5,15,15,17,9,6,18,18,9,10,9,15,16,15,9,11,16,13,15,14,,14,,,11,5,3,3,7,1,1,8,9,12,5,17,13,12,11,12,18,3,2,7,9,8,17,15,17,6,8,2,13,3,9,3,8,11,9,6,15,16,1,1,,,8,2,,,11,2,15,8,12,7,5,4,3,1,10,15,14,13,13,5,6,8,4,6,5,9,15,1,,5,,,b'\x11\xe8\xe1I\xd9]{\xc4\x98|\x12\xdf\x17\xaeN\x1e'
11E8E149-D95D-7BC4-987C-12DF17AE4E1E,2020-ncaa-d2-natl,ncaa,211,182,257,208,260,291,285,296,185,228,213,209,299,301,256,299,193,203,147,197,152,295,284,234,213,240,283,301,33,283,226,221,135,265,140,275,224,187,286,272,261,226,160,85,,,179,284,,,208,282,259,35,279,274,302,179,134,306,305,130,141,138,291,255,260,134,219,267,257,243,135,,256,,,211,31,17,19,57,13,10,104,109,175,46,285,165,160,196,163,288,25,29,69,96,89,292,236,280,86,135,30,226,36,140,48,186,203,123,98,236,290,45,56,,,210,40,,,208,26,256,106,219,74,40,58,28,19,172,249,233,220,225,75,81,144,71,92,81,144,268,70,,95,,,b'\x11\xe8\xe1I\xd9]{\xc4\x98|\x12\xdf\x17\xaeN\x1e'
11E8E149-D95D-7BC4-987C-12DF17AE4E1E,2021-ncaa-d2-conf-Lone Star,ncaa,12,11,10,11,10,13,13,14,10,11,12,7,12,13,12,10,7,8,3,8,3,14,14,10,10,10,9,11,2,11,10,10,9,10,8,12,5,5,10,11,15,15,15,15,,,4,5,,,11,14,16,2,13,14,16,10,11,14,11,3,5,5,15,15,10,7,8,12,7,15,16,,5,,,11,5,4,4,5,5,5,7,8,9,5,14,9,8,15,8,11,5,3,6,6,11,13,12,10,5,9,4,10,4,8,4,12,14,14,12,7,14,4,6,,,9,1,,,11,3,10,13,11,8,5,9,6,4,12,14,10,9,9,8,4,8,5,6,7,15,12,5,,3,,,b'\x11\xe8\xe1I\xd9]{\xc4\x98|\x12\xdf\x17\xaeN\x1e'
11E8E149-D95D-7BC4-987C-12DF17AE4E1E,2021-ncaa-d2-natl,ncaa,140,135,144,152,146,171,175,179,164,168,173,137,174,175,190,144,113,128,38,129,20,174,166,172,139,162,97,177,5,157,113,148,146,159,108,155,43,99,204,175,185,197,202,215,,,61,90,,,164,167,215,22,195,205,221,180,193,198,184,38,69,67,217,206,149,126,140,155,178,202,219,,67,,,162,62,57,68,64,56,55,99,78,107,40,201,82,73,186,72,162,67,66,73,88,105,175,149,167,88,146,54,113,64,108,69,164,166,143,138,130,215,64,107,,,110,2,,,164,63,163,125,162,72,60,87,49,31,130,183,133,109,101,76,55,146,41,75,103,168,193,71,,10,,,b'\x11\xe8\xe1I\xd9]{\xc4\x98|\x12\xdf\x17\xaeN\x1e'
11E8E149-D95D-7BC4-987C-12DF17AE4E1E,2022-ncaa-d2-conf-Lone Star,ncaa,8,3,14,4,14,11,11,15,4,8,8,6,15,16,6,15,9,8,9,8,10,14,16,6,5,5,12,14,5,12,8,13,4,14,5,13,14,1,6,8,12,8,11,10,,,1,3,,,4,16,13,7,7,5,8,3,4,14,16,5,5,5,9,14,11,9,10,12,5,9,10,,2,,,4,1,1,1,8,2,4,7,2,1,12,6,1,1,3,1,2,1,1,7,6,4,2,10,2,1,4,2,8,1,5,1,2,13,5,1,1,4,13,12,,,12,1,,,4,1,6,3,4,4,4,3,7,8,5,4,1,2,2,3,2,3,8,3,2,6,4,14,,7,,,b'\x11\xe8\xe1I\xd9]{\xc4\x98|\x12\xdf\x17\xaeN\x1e'
11E8E149-D95D-7BC4-987C-12DF17AE4E1E,2022-ncaa-d2-natl,ncaa,78,48,196,62,198,165,174,220,86,122,119,157,260,283,62,286,59,66,96,68,64,203,211,131,100,97,223,278,13,220,197,179,102,206,145,230,262,76,113,186,135,113,187,182,,,68,124,,,83,209,224,9,118,149,220,75,67,269,291,17,27,26,164,197,210,152,198,240,97,123,184,,106,,,79,47,66,75,128,87,99,123,76,83,144,131,65,74,79,71,103,64,86,126,118,89,108,143,105,76,102,90,197,83,145,14,3,132,83,18,57,83,252,237,,,90,10,,,83,87,116,82,83,70,95,80,105,123,108,93,81,90,92,68,105,98,132,115,10,107,73,273,,29,,,b'\x11\xe8\xe1I\xd9]{\xc4\x98|\x12\xdf\x17\xaeN\x1e'
11E8E149-D95D-7BC4-987C-12DF17AE4E1E,2023-ncaa-d2-conf-Lone Star,ncaa,1,1,2,1,4,1,2,2,2,2,2,3,11,11,6,13,1,1,2,1,11,2,2,5,4,3,13,13,6,6,5,3,1,2,1,5,11,5,1,4,6,10,7,10,,,4,1,,,1,3,12,11,2,2,9,2,3,12,14,3,6,6,8,13,7,4,5,8,2,12,10,,1,,,1,11,13,14,5,12,13,5,9,8,10,7,3,3,6,3,2,13,13,5,4,4,4,9,2,3,1,11,5,7,1,5,4,8,9,6,10,5,11,6,,,1,3,,,1,15,1,3,1,2,4,6,6,11,4,5,1,1,1,3,2,1,2,1,3,13,5,9,,5,,,b'\x11\xe8\xe1I\xd9]{\xc4\x98|\x12\xdf\x17\xaeN\x1e'
11E8E149-D95D-7BC4-987C-12DF17AE4E1E,2023-ncaa-d2-natl,ncaa,15,23,17,21,24,34,53,50,70,32,35,78,168,153,188,239,6,7,55,7,40,32,41,98,71,47,200,256,16,58,102,25,36,31,37,102,223,116,42,100,117,174,128,179,,,156,64,,,33,48,240,178,89,128,216,64,105,242,245,11,28,30,145,217,132,84,92,193,33,198,185,,41,,,37,196,199,252,66,201,249,70,193,219,110,145,150,142,167,141,76,247,247,69,67,76,139,174,115,136,36,227,102,202,37,86,33,93,149,77,164,76,222,131,,,8,5,,,33,255,41,62,33,37,54,85,56,111,104,117,63,55,53,51,43,47,67,45,26,188,62,153,,17,,,b'\x11\xe8\xe1I\xd9]{\xc4\x98|\x12\xdf\x17\xaeN\x1e'
11E8E149-D95D-7BC4-987C-12DF17AE4E1E,2024-ncaa-d2-conf-Lone Star,ncaa,1,1,1,1,1,1,1,5,1,1,3,1,7,9,4,12,1,1,1,1,2,3,3,1,1,1,10,12,2,10,11,1,4,2,4,1,4,12,8,2,5,10,6,8,,,6,2,,,1,2,9,11,2,2,15,3,9,11,12,2,2,2,9,10,14,3,6,3,7,10,8,,1,,,1,13,13,16,1,10,14,3,11,14,3,12,7,11,2,11,6,16,15,3,2,2,11,11,4,13,4,10,11,11,4,12,6,3,8,4,12,9,14,13,,,1,1,,,1,15,1,1,1,3,4,9,3,4,7,9,4,5,5,7,8,9,1,1,3,8,8,14,,1,,,b'\x11\xe8\xe1I\xd9]{\xc4\x98|\x12\xdf\x17\xaeN\x1e'
11E8E149-D95D-7BC4-987C-12DF17AE4E1E,2024-ncaa-d2-natl,ncaa,2,16,1,12,1,3,7,10,11,4,8,11,58,64,84,223,1,1,15,1,12,5,5,15,5,7,152,245,14,73,179,1,56,4,53,4,28,283,102,29,38,160,93,179,,,272,34,,,10,2,183,227,37,70,263,52,175,192,238,2,12,12,196,227,239,54,144,29,80,171,195,,28,,,19,297,296,299,66,285,292,86,293,297,62,240,274,276,108,276,135,299,298,75,70,93,207,223,122,275,56,289,179,290,53,288,158,20,157,130,293,170,290,204,,,1,1,,,10,298,17,78,18,65,69,130,48,66,179,224,85,91,93,110,99,83,21,31,100,177,149,200,,6,,,b'\x11\xe8\xe1I\xd9]{\xc4\x98|\x12\xdf\x17\xaeN\x1e'
11E8E149-D95D-7BC4-987C-12DF17AE4E1E,2025-ncaa-d2-conf-Lone Star,genius_ncaa,1,1,1,1,1,1,1,2,3,1,1,4,12,13,10,16,2,4,3,4,11,1,2,4,4,3,16,16,8,5,6,1,1,1,2,1,1,7,2,1,5,8,4,5,,,5,2,,3,1,1,14,5,2,2,9,1,4,15,16,4,5,6,8,13,9,3,6,1,2,10,7,,1,,2,1,5,5,12,1,3,11,1,10,12,4,11,1,1,12,1,1,12,14,1,1,1,11,12,5,8,1,12,6,12,2,6,8,1,3,1,12,7,14,8,,,2,6,,3,1,16,2,1,1,1,1,3,2,4,4,4,1,1,1,1,3,1,1,1,2,9,3,14,,5,,5,b'\x11\xe8\xe1I\xd9]{\xc4\x98|\x12\xdf\x17\xaeN\x1e'
11E8E149-D95D-7BC4-987C-12DF17AE4E1E,2025-ncaa-d2-natl,genius_ncaa,4,3,9,5,10,27,22,31,14,9,9,25,203,219,160,277,39,78,15,81,255,29,40,40,35,23,294,280,155,82,90,18,18,29,15,13,37,108,29,12,93,140,86,107,,,98,25,,98,7,43,280,182,76,40,179,17,56,266,286,114,187,194,196,266,181,92,134,29,19,190,152,,8,,51,8,95,112,233,8,90,209,9,200,239,91,225,48,34,263,36,19,214,239,25,13,17,191,240,64,85,18,154,90,119,15,129,153,49,78,59,181,108,235,87,,,38,80,,25,7,253,23,10,7,4,8,24,6,33,93,112,6,5,6,9,17,17,6,5,27,158,66,135,,151,,48,b'\x11\xe8\xe1I\xd9]{\xc4\x98|\x12\xdf\x17\xaeN\x1e'
11E8E149-D95D-7BC4-987C-12DF17AE4E1E,2026-ncaa-d2-conf-Lone Star,genius_ncaa,3,1,6,1,7,9,8,15,3,6,6,5,14,16,2,16,14,16,1,16,17,16,16,4,4,5,17,15,16,16,15,14,7,16,11,10,16,4,8,7,13,7,3,3,,,4,5,,3,5,15,13,2,7,3,11,2,2,14,16,13,17,17,14,17,17,14,17,9,5,9,4,,3,,2,3,2,3,2,7,6,4,11,1,4,2,12,4,4,13,4,6,2,2,5,5,3,3,5,9,4,7,5,15,4,11,3,6,6,3,3,4,6,8,7,,,9,5,,1,5,2,7,3,5,2,3,1,9,3,1,4,4,4,4,2,3,4,6,5,3,3,4,10,,8,,1,b'\x11\xe8\xe1I\xd9]{\xc4\x98|\x12\xdf\x17\xaeN\x1e'
11E8E149-D95D-7BC4-987C-12DF17AE4E1E,2026-ncaa-d2-natl,genius_ncaa,9,13,59,17,84,65,60,152,8,33,75,24,197,247,45,275,47,85,19,84,157,145,157,15,6,8,249,259,87,249,228,149,169,194,174,161,272,105,90,142,196,221,40,32,,,186,192,,17,23,132,252,88,74,66,271,28,106,236,286,59,122,120,259,279,276,244,280,208,49,237,54,,121,,12,29,126,112,122,91,106,98,131,150,170,89,193,186,188,148,191,239,132,155,101,113,82,208,165,218,154,169,99,228,120,174,91,83,81,69,50,88,83,204,167,,,33,4,,3,23,154,23,89,30,40,35,14,43,25,106,137,140,151,154,19,37,110,15,26,33,104,52,187,,24,,4,b'\x11\xe8\xe1I\xd9]{\xc4\x98|\x12\xdf\x17\xaeN\x1e'
11E8E149-D961-DE26-987C-12DF17AE4E1E,2018-ncaa-d2-conf-GLIAC,ncaa,10,9,9,10,11,10,10,10,10,11,12,11,4,5,4,2,12,12,7,12,10,11,11,7,8,9,2,1,11,12,12,11,11,11,12,10,10,8,9,10,10,12,12,12,,,5,6,,,10,10,6,11,10,10,10,11,12,4,4,12,12,12,10,10,12,7,11,10,10,10,12,,5,,,10,7,8,7,9,10,7,10,4,5,5,3,8,10,1,10,9,7,5,8,8,10,3,2,8,10,11,7,12,10,12,5,4,10,11,10,5,7,1,4,,,10,8,,,10,3,10,11,10,10,11,11,11,11,6,8,9,10,10,11,8,11,10,11,6,10,7,1,,9,,,b'\x11\xe8\xe1I\xd9a\xde&\x98|\x12\xdf\x17\xaeN\x1e'
11E8E149-D961-DE26-987C-12DF17AE4E1E,2018-ncaa-d2-natl,ncaa,225,245,148,236,185,235,215,234,185,271,280,191,74,88,75,21,299,305,98,305,296,260,250,132,160,198,48,13,302,304,308,175,141,274,292,243,222,159,255,241,283,295,274,288,,,131,168,,,284,209,198,211,271,248,273,284,290,54,72,308,307,308,297,288,308,177,298,260,184,291,280,,144,,,279,221,232,156,242,227,164,239,177,142,211,130,185,194,84,185,173,161,107,235,236,281,130,122,138,126,141,222,308,189,292,183,105,272,286,276,152,238,21,104,,,248,188,,,284,114,249,272,281,233,238,189,242,193,182,154,204,215,206,200,111,145,250,211,185,281,158,33,,263,,,b'\x11\xe8\xe1I\xd9a\xde&\x98|\x12\xdf\x17\xaeN\x1e'
11E8E149-D961-DE26-987C-12DF17AE4E1E,2019-ncaa-d2-conf-G-MAC,ncaa,9,9,9,9,11,7,7,9,5,3,6,4,8,9,10,7,8,7,13,7,4,7,5,8,7,7,12,10,8,10,10,9,2,10,8,8,10,9,9,9,9,8,8,8,,,14,14,,,11,4,1,8,7,4,3,2,5,8,7,7,5,4,2,1,9,7,7,8,10,7,8,,14,,,11,13,13,4,14,12,9,12,8,1,14,1,14,14,8,14,13,7,7,14,14,13,9,3,14,1,2,11,10,5,8,6,3,6,5,5,11,8,4,3,,,6,6,,,11,11,8,13,11,13,13,7,14,11,9,2,14,14,14,10,12,1,12,7,7,5,11,5,,3,,,b'\x11\xe8\xe1I\xd9a\xde&\x98|\x12\xdf\x17\xaeN\x1e'
11E8E149-D961-DE26-987C-12DF17AE4E1E,2019-ncaa-d2-natl,ncaa,194,213,182,207,214,117,96,130,85,104,153,55,119,105,195,113,188,156,248,152,164,133,155,93,120,106,194,152,244,216,248,162,64,200,199,161,246,106,100,136,188,201,194,199,,,270,291,,,234,122,36,215,67,51,51,64,122,111,83,180,133,131,58,80,204,141,172,156,137,184,191,,298,,,230,287,251,125,294,217,160,245,252,106,310,80,286,286,133,286,289,172,152,297,303,295,231,177,245,55,64,241,248,162,199,139,40,179,200,163,191,179,109,95,,,138,151,,,234,189,126,275,227,295,270,154,250,195,263,123,298,297,297,236,222,65,265,193,149,170,213,114,,103,,,b'\x11\xe8\xe1I\xd9a\xde&\x98|\x12\xdf\x17\xaeN\x1e'
11E8E149-D961-DE26-987C-12DF17AE4E1E,2020-ncaa-d2-conf-G-MAC,ncaa,7,7,5,7,5,7,9,7,10,9,5,10,7,8,11,9,2,2,11,1,1,5,5,11,10,10,4,11,2,2,5,6,7,4,5,8,9,6,4,7,10,10,4,4,,,13,13,,,7,5,8,1,8,9,9,9,7,8,7,2,1,1,2,1,3,4,2,9,5,9,4,,13,,,7,9,6,5,7,8,6,11,5,9,3,7,13,13,12,13,13,9,8,7,8,8,8,4,12,6,7,11,5,9,5,7,7,9,10,9,6,6,8,8,,,3,1,,,7,9,8,9,7,10,6,7,7,5,5,7,13,13,13,9,8,6,10,8,6,9,7,8,,1,,,b'\x11\xe8\xe1I\xd9a\xde&\x98|\x12\xdf\x17\xaeN\x1e'
11E8E149-D961-DE26-987C-12DF17AE4E1E,2020-ncaa-d2-natl,ncaa,179,182,173,186,173,141,183,168,202,192,184,172,146,111,190,138,34,23,221,22,6,118,129,187,168,157,72,160,23,120,146,127,45,123,110,158,132,141,125,148,191,204,151,145,,,243,264,,,205,144,119,4,117,179,142,194,178,142,106,21,13,13,73,84,111,85,89,159,150,195,147,,263,,,198,242,207,159,231,227,127,278,143,201,74,185,279,257,267,257,266,183,144,221,260,269,157,87,257,56,45,194,146,136,110,222,198,222,234,249,170,150,151,175,,,53,42,,,205,171,154,245,198,258,226,178,237,139,157,211,288,266,266,225,177,57,214,157,231,220,181,159,,27,,,b'\x11\xe8\xe1I\xd9a\xde&\x98|\x12\xdf\x17\xaeN\x1e'
11E8E149-D961-DE26-987C-12DF17AE4E1E,2021-ncaa-d2-conf-G-MAC,ncaa,3,6,1,4,1,6,4,3,8,3,1,9,9,9,8,10,4,3,12,3,5,3,2,9,9,9,11,10,3,3,6,1,1,1,2,8,7,12,10,9,3,4,6,6,,,12,10,,,5,3,12,5,10,10,12,7,6,10,10,8,4,4,12,11,6,2,5,9,9,5,9,,8,,,5,5,4,9,1,3,4,1,8,11,1,11,11,11,7,11,11,10,9,1,2,1,11,8,12,2,1,10,6,7,2,4,5,3,3,3,6,4,8,4,,,4,4,,,5,10,10,1,5,1,1,2,2,2,4,6,5,5,5,2,1,1,5,3,2,6,4,5,,7,,,b'\x11\xe8\xe1I\xd9a\xde&\x98|\x12\xdf\x17\xaeN\x1e'
11E8E149-D961-DE26-987C-12DF17AE4E1E,2021-ncaa-d2-natl,ncaa,12,135,1,49,1,10,7,4,52,2,3,57,42,37,114,173,17,3,199,3,127,3,1,68,90,100,195,171,165,18,139,1,4,2,31,20,148,224,117,104,21,123,67,156,,,225,133,,,60,1,104,62,110,80,125,54,73,164,176,148,101,104,125,119,140,32,72,108,119,136,174,,97,,,73,224,218,226,83,206,217,118,220,224,71,197,218,221,98,221,143,226,225,99,91,96,162,166,111,138,4,224,139,220,31,211,87,10,116,100,194,38,197,53,,,5,149,,,60,226,111,57,70,71,69,90,59,39,142,174,81,83,81,71,64,7,101,32,70,136,36,63,,155,,,b'\x11\xe8\xe1I\xd9a\xde&\x98|\x12\xdf\x17\xaeN\x1e'
11E8E149-D961-DE26-987C-12DF17AE4E1E,2022-ncaa-d2-conf-G-MAC,ncaa,7,8,6,8,6,8,8,7,8,7,4,11,10,10,8,11,5,5,3,4,6,7,8,9,10,9,9,10,2,4,5,7,1,7,4,8,9,5,6,9,6,7,7,7,,,8,9,,,7,8,11,1,9,9,7,6,3,10,10,4,5,3,6,8,2,8,5,9,6,7,8,,9,,,7,2,2,2,6,3,4,6,4,5,7,6,10,10,8,10,11,3,2,7,7,7,8,5,11,1,1,7,5,2,4,1,3,6,5,4,5,7,2,2,,,6,7,,,7,5,9,5,5,4,3,2,3,3,4,5,10,10,10,2,1,1,7,4,3,5,6,2,,8,,,b'\x11\xe8\xe1I\xd9a\xde&\x98|\x12\xdf\x17\xaeN\x1e'
11E8E149-D961-DE26-987C-12DF17AE4E1E,2022-ncaa-d2-natl,ncaa,129,179,64,156,78,124,125,128,126,107,107,155,144,175,109,188,126,159,53,156,200,135,147,133,129,115,168,167,160,146,165,141,6,149,71,164,222,100,98,143,129,125,211,197,,,155,202,,,150,146,276,54,185,177,211,157,155,181,212,168,208,204,225,252,187,218,221,220,59,169,227,,102,,,150,179,161,90,254,154,84,254,189,141,232,194,210,182,251,173,233,98,105,259,273,248,207,179,203,11,6,168,165,73,71,105,67,143,126,116,78,77,55,35,,,175,203,,,150,156,121,188,148,109,91,10,76,17,143,97,170,143,135,16,13,4,105,18,68,184,47,33,,256,,,b'\x11\xe8\xe1I\xd9a\xde&\x98|\x12\xdf\x17\xaeN\x1e'
11E8E149-D961-DE26-987C-12DF17AE4E1E,2023-ncaa-d2-conf-G-MAC,ncaa,10,10,9,10,9,13,12,12,11,12,12,10,10,10,9,6,13,13,13,13,9,12,13,12,12,12,9,7,12,9,7,12,2,11,7,12,9,5,12,11,10,7,11,8,,,11,12,,,13,13,13,1,13,12,12,12,12,9,9,13,13,13,12,13,8,12,11,12,9,9,11,,12,,,13,3,2,1,11,1,1,9,10,4,13,11,12,12,9,12,12,1,1,12,13,12,13,13,11,1,2,2,7,1,7,6,12,12,8,12,6,11,7,7,,,12,9,,,13,1,12,12,13,8,5,2,2,1,12,8,12,12,12,2,1,1,6,3,9,10,11,7,,11,,,b'\x11\xe8\xe1I\xd9a\xde&\x98|\x12\xdf\x17\xaeN\x1e'
11E8E149-D961-DE26-987C-12DF17AE4E1E,2023-ncaa-d2-natl,ncaa,222,250,110,240,130,216,194,216,125,206,251,95,127,120,152,59,287,275,262,275,236,232,236,103,148,178,164,72,288,251,245,194,44,230,172,214,211,146,213,204,145,103,250,189,,,180,274,,,265,220,291,164,266,230,277,238,275,130,122,293,285,286,294,293,261,246,275,237,133,166,260,,174,,,260,194,157,71,270,39,10,265,296,277,295,295,138,115,231,111,261,66,61,292,292,292,295,297,107,22,44,126,245,65,172,206,226,217,186,251,153,206,99,160,,,261,251,,,265,77,207,281,263,189,141,16,12,4,295,280,120,98,95,16,5,14,97,41,201,237,135,77,,289,,,b'\x11\xe8\xe1I\xd9a\xde&\x98|\x12\xdf\x17\xaeN\x1e'
11E8E149-D961-DE26-987C-12DF17AE4E1E,2024-ncaa-d2-conf-G-MAC,ncaa,13,13,9,13,13,13,13,13,14,14,14,12,12,9,13,4,14,14,12,14,12,13,14,13,14,13,8,8,11,14,14,10,9,11,12,13,11,11,13,13,13,12,6,5,,,12,13,,,12,14,9,11,13,13,13,14,13,12,6,14,14,14,13,14,14,10,11,13,11,12,6,,12,,,12,10,8,3,11,6,3,10,10,7,12,7,13,13,11,13,13,4,2,11,11,12,12,9,13,6,9,13,14,10,12,6,7,13,12,11,12,13,8,13,,,14,13,,,12,1,13,11,12,11,10,6,8,6,10,8,13,13,13,9,7,7,13,11,8,10,12,9,,14,,,b'\x11\xe8\xe1I\xd9a\xde&\x98|\x12\xdf\x17\xaeN\x1e'
11E8E149-D961-DE26-987C-12DF17AE4E1E,2024-ncaa-d2-natl,ncaa,269,290,117,274,157,258,244,229,250,253,281,101,151,49,284,8,289,289,247,289,253,249,215,231,253,276,121,49,288,273,285,151,89,226,247,204,117,258,284,253,202,209,174,156,,,166,214,,,290,182,211,227,291,283,277,283,298,157,39,296,297,297,298,273,283,167,264,230,245,222,183,,152,,,283,224,206,133,252,148,82,248,261,228,271,241,183,170,189,169,214,134,100,270,271,278,245,244,126,79,89,234,285,191,247,213,184,215,214,247,277,286,140,260,,,283,290,,,290,115,287,264,288,216,197,112,131,48,256,226,167,155,152,115,68,70,244,182,200,228,267,139,,297,,,b'\x11\xe8\xe1I\xd9a\xde&\x98|\x12\xdf\x17\xaeN\x1e'
11E8E149-D961-DE26-987C-12DF17AE4E1E,2025-ncaa-d2-conf-G-MAC,genius_ncaa,11,11,9,11,10,12,12,13,12,13,13,11,8,7,8,4,7,8,4,8,3,13,13,12,11,11,2,4,4,13,13,11,13,12,12,11,6,9,12,11,8,8,9,9,,,5,5,,1,12,12,8,4,12,12,13,13,13,7,5,7,7,7,13,13,13,10,12,11,10,5,9,,8,,1,12,11,11,10,9,6,2,10,13,13,11,13,4,3,9,3,7,11,8,10,10,11,13,13,3,13,13,9,13,13,12,13,13,12,12,13,9,11,12,13,,,13,12,,13,12,2,12,13,12,12,12,13,8,5,13,13,6,7,7,13,13,13,11,13,13,11,10,12,,13,,13,b'\x11\xe8\xe1I\xd9a\xde&\x98|\x12\xdf\x17\xaeN\x1e'
11E8E149-D961-DE26-987C-12DF17AE4E1E,2025-ncaa-d2-natl,genius_ncaa,195,236,109,210,134,187,198,219,159,218,263,94,126,98,188,54,155,175,99,173,50,211,189,135,122,184,69,91,107,278,286,165,275,230,283,196,151,225,257,218,95,122,124,95,,,101,45,,64,277,147,189,139,234,248,287,268,288,129,100,168,189,187,285,254,291,207,279,217,211,106,134,,78,,63,267,265,269,243,202,136,89,233,301,300,247,299,52,58,159,62,94,227,201,254,230,246,283,300,12,286,275,187,286,261,283,299,297,177,221,291,225,263,269,295,,,215,200,,275,277,161,217,277,266,247,257,272,132,54,301,299,48,47,48,249,200,279,179,247,295,200,211,271,,261,,288,b'\x11\xe8\xe1I\xd9a\xde&\x98|\x12\xdf\x17\xaeN\x1e'
11E8E149-D961-DE26-987C-12DF17AE4E1E,2026-ncaa-d2-conf-G-MAC,genius_ncaa,11,7,9,11,10,11,11,9,11,11,10,9,9,9,10,2,11,11,6,11,11,9,10,11,11,10,6,4,10,10,10,11,13,11,13,12,11,1,9,11,8,4,9,9,,,2,4,,1,13,9,6,3,9,9,8,8,8,7,4,11,11,11,9,10,9,8,10,12,8,4,9,,6,,3,13,5,6,5,7,7,5,5,2,2,9,3,6,4,11,4,4,5,5,6,8,10,5,4,7,10,13,5,10,5,13,2,1,11,12,6,2,6,11,13,,,12,12,,13,13,4,10,12,12,12,13,13,12,13,6,5,9,8,8,13,13,13,11,13,3,11,4,13,,12,,13,b'\x11\xe8\xe1I\xd9a\xde&\x98|\x12\xdf\x17\xaeN\x1e'
11E8E149-D961-DE26-987C-12DF17AE4E1E,2026-ncaa-d2-natl,genius_ncaa,107,144,59,135,84,74,71,97,79,73,127,36,91,59,185,86,86,84,136,84,99,93,105,82,85,68,161,145,155,236,277,79,126,138,234,115,195,136,77,109,62,94,164,216,,,198,111,,31,134,77,62,88,83,82,126,93,194,118,78,108,120,120,120,163,273,102,220,146,82,84,186,,148,,21,137,226,220,207,190,216,229,142,195,156,229,91,225,236,109,242,184,214,224,187,185,157,150,138,177,182,126,241,277,229,234,132,36,77,135,73,136,91,255,265,,,78,88,,165,134,229,116,142,131,200,189,181,187,220,168,116,197,216,225,193,218,148,236,202,86,101,93,247,,110,,202,b'\x11\xe8\xe1I\xd9a\xde&\x98|\x12\xdf\x17\xaeN\x1e'
11E8E149-D966-2B84-987C-12DF17AE4E1E,2018-ncaa-d2-conf-G-MAC,ncaa,9,8,9,9,11,11,12,9,12,12,10,12,10,8,11,7,9,9,10,9,5,9,12,12,12,11,4,6,2,11,12,12,8,12,12,10,5,2,3,7,4,2,9,7,,,5,13,,,10,12,10,7,11,12,7,11,8,10,8,6,5,5,7,11,11,12,12,10,3,4,8,,10,,,10,3,1,1,11,1,1,9,8,4,13,8,6,8,1,8,13,1,2,12,12,6,13,12,9,1,8,12,12,8,12,4,8,3,2,2,1,1,8,11,,,8,3,,,10,2,11,6,10,5,2,1,1,1,10,4,8,10,10,1,5,3,12,11,6,2,1,9,,5,,,b'\x11\xe8\xe1I\xd9f+\x84\x98|\x12\xdf\x17\xaeN\x1e'
11E8E149-D966-2B84-987C-12DF17AE4E1E,2018-ncaa-d2-natl,ncaa,196,179,206,197,214,217,228,183,262,259,236,250,119,85,214,52,196,208,143,210,130,188,229,235,233,193,50,65,125,251,288,259,169,267,293,202,129,32,54,114,90,60,189,132,,,151,218,,,218,220,154,63,213,236,123,268,219,102,52,169,169,179,135,194,243,256,270,186,46,62,178,,206,,,216,119,99,42,254,53,24,243,253,172,294,273,131,149,78,152,261,51,79,282,277,204,277,287,150,78,169,262,288,208,293,132,169,82,38,80,14,20,176,225,,,191,115,,,218,91,219,195,222,184,157,54,81,21,268,217,167,192,196,67,144,108,294,273,173,51,21,196,,142,,,b'\x11\xe8\xe1I\xd9f+\x84\x98|\x12\xdf\x17\xaeN\x1e'
11E8E149-D966-2B84-987C-12DF17AE4E1E,2019-ncaa-d2-conf-G-MAC,ncaa,8,8,5,8,7,9,9,5,12,5,3,11,8,8,11,8,5,6,11,6,6,4,4,12,12,11,9,8,4,3,5,12,10,6,10,11,12,6,7,10,1,2,6,5,,,10,12,,,8,6,6,4,9,9,5,6,6,9,8,6,7,7,5,6,3,12,8,11,8,2,6,,12,,,8,6,5,3,10,5,4,13,9,9,7,9,9,9,5,9,12,4,9,10,11,6,11,7,10,9,10,13,5,13,10,5,6,2,1,2,2,2,9,5,,,3,5,,,8,8,9,6,9,7,7,4,3,4,7,8,10,11,11,5,8,11,10,12,5,1,2,9,,4,,,b'\x11\xe8\xe1I\xd9f+\x84\x98|\x12\xdf\x17\xaeN\x1e'
11E8E149-D966-2B84-987C-12DF17AE4E1E,2019-ncaa-d2-natl,ncaa,166,184,118,177,138,175,185,132,249,185,155,213,153,105,256,119,133,104,229,104,102,122,138,243,238,217,128,158,104,113,158,224,198,183,230,241,274,144,127,223,42,27,178,132,,,235,250,,,193,149,147,92,198,218,111,194,158,165,102,139,106,107,97,119,108,261,209,260,141,32,178,,234,,,188,164,150,99,220,109,45,277,244,258,149,286,164,176,119,173,253,101,158,250,241,160,242,249,151,149,198,250,158,219,230,78,43,45,30,31,55,46,150,134,,,96,73,,,193,154,216,159,193,156,145,75,102,20,239,258,152,170,165,76,157,140,249,214,79,45,56,139,,71,,,b'\x11\xe8\xe1I\xd9f+\x84\x98|\x12\xdf\x17\xaeN\x1e'
11E8E149-D966-2B84-987C-12DF17AE4E1E,2020-ncaa-d2-conf-G-MAC,ncaa,9,8,9,9,11,13,12,11,13,11,12,11,12,7,13,6,13,10,13,11,7,11,13,13,13,12,11,7,12,6,7,12,11,10,11,12,12,5,8,11,5,2,8,6,,,6,10,,,10,13,13,6,13,12,8,11,8,12,6,13,10,11,9,11,4,12,8,12,8,5,7,,8,,,10,2,1,1,8,1,1,6,11,8,13,11,7,7,10,7,12,1,1,11,11,6,12,12,9,9,11,10,7,8,11,5,11,4,3,4,2,3,9,11,,,12,11,,,10,1,12,8,11,5,4,2,3,1,11,10,9,9,9,2,2,10,12,12,7,3,4,10,,12,,,b'\x11\xe8\xe1I\xd9f+\x84\x98|\x12\xdf\x17\xaeN\x1e'
11E8E149-D966-2B84-987C-12DF17AE4E1E,2020-ncaa-d2-natl,ncaa,211,220,173,217,195,229,200,174,220,192,197,157,180,105,274,83,299,267,299,267,278,199,176,222,250,250,227,138,302,149,190,216,167,205,221,235,260,224,230,251,123,109,246,232,,,162,179,,,248,185,151,125,251,204,147,194,201,180,96,306,280,281,188,153,141,225,194,248,233,114,251,,168,,,241,172,156,106,208,89,52,200,278,236,289,279,127,126,146,134,208,103,128,254,242,194,283,290,108,122,167,208,190,180,221,186,207,108,81,134,129,146,188,224,,,250,269,,,248,126,249,181,248,180,164,111,97,39,285,257,134,140,148,107,143,135,234,207,188,92,152,196,,267,,,b'\x11\xe8\xe1I\xd9f+\x84\x98|\x12\xdf\x17\xaeN\x1e'
11E8E149-D966-2B84-987C-12DF17AE4E1E,2021-ncaa-d2-conf-G-MAC,ncaa,9,2,12,7,12,12,12,12,11,12,12,8,12,12,12,6,12,12,2,12,7,12,12,10,10,10,7,9,2,11,7,12,6,12,7,12,12,1,3,10,11,8,10,3,,,1,12,,,8,12,2,9,9,9,4,8,7,9,7,3,6,6,2,4,5,4,4,12,3,8,3,,12,,,8,1,1,1,6,1,1,8,1,1,6,10,1,1,1,1,12,1,1,6,6,8,10,9,10,1,6,1,7,1,7,1,4,12,7,6,1,2,1,2,,,12,5,,,8,1,9,8,8,8,7,6,3,3,8,9,12,12,12,6,6,6,11,10,5,8,3,3,,3,,,b'\x11\xe8\xe1I\xd9f+\x84\x98|\x12\xdf\x17\xaeN\x1e'
11E8E149-D966-2B84-987C-12DF17AE4E1E,2021-ncaa-d2-natl,ncaa,125,66,173,98,180,161,160,161,118,149,170,46,169,138,206,65,163,173,45,172,135,165,174,130,125,98,159,144,119,172,165,161,37,168,111,182,217,36,39,132,168,143,116,59,,,64,169,,,145,171,35,116,64,64,34,53,79,116,37,81,115,117,34,57,122,34,61,179,49,131,69,,184,,,139,62,61,53,178,63,42,195,93,83,160,191,62,77,23,77,202,56,52,187,178,191,165,174,108,32,37,65,165,55,111,61,95,181,153,160,28,17,27,26,,,177,163,,,145,56,109,165,140,192,178,151,142,79,197,201,158,185,189,171,149,60,202,159,159,134,22,27,,117,,,b'\x11\xe8\xe1I\xd9f+\x84\x98|\x12\xdf\x17\xaeN\x1e'
11E8E149-D966-2B84-987C-12DF17AE4E1E,2022-ncaa-d2-conf-G-MAC,ncaa,11,10,11,11,11,12,12,11,11,11,11,9,9,7,11,4,10,9,8,9,5,11,10,12,12,12,5,8,6,8,7,9,8,8,7,10,7,9,11,11,10,10,8,8,,,11,12,,,11,9,2,7,10,10,5,10,9,9,4,8,6,8,5,1,6,5,6,8,12,9,7,,12,,,11,9,5,5,8,4,3,9,10,8,9,8,11,11,7,11,12,6,4,9,9,10,11,9,10,5,8,8,7,5,7,6,6,10,10,9,9,12,5,6,,,9,8,,,11,4,11,9,11,11,10,11,6,5,10,10,11,11,11,11,11,10,10,10,8,8,12,6,,7,,,b'\x11\xe8\xe1I\xd9f+\x84\x98|\x12\xdf\x17\xaeN\x1e'
11E8E149-D966-2B84-987C-12DF17AE4E1E,2022-ncaa-d2-natl,ncaa,255,276,146,263,177,185,178,196,154,204,253,65,113,69,217,28,251,258,126,262,216,216,189,130,147,181,109,62,255,231,245,182,75,213,194,185,180,208,240,219,257,265,243,243,,,224,263,,,284,172,152,219,222,197,215,236,277,94,50,263,268,273,250,216,244,200,240,204,216,271,250,,238,,,279,261,251,144,291,207,94,291,282,238,286,253,225,200,223,196,244,153,114,295,296,296,242,242,128,46,75,156,245,104,194,218,128,248,264,278,216,243,80,164,,,258,279,,,284,141,205,287,278,281,270,158,237,71,283,250,232,212,209,184,96,48,172,111,227,264,226,85,,289,,,b'\x11\xe8\xe1I\xd9f+\x84\x98|\x12\xdf\x17\xaeN\x1e'
11E8E149-D966-2B84-987C-12DF17AE4E1E,2023-ncaa-d2-conf-G-MAC,ncaa,3,3,2,3,2,3,2,2,3,2,1,3,7,7,7,11,4,2,11,2,6,2,2,4,6,8,10,10,9,1,1,2,9,2,2,4,12,12,8,9,8,12,3,2,,,6,6,,,4,2,12,13,7,7,10,4,3,10,10,9,6,6,10,8,1,4,1,11,7,13,4,,3,,,4,13,12,13,3,8,11,4,13,13,5,13,6,6,8,5,4,12,12,3,3,4,11,12,5,13,9,5,1,10,2,10,6,8,12,10,6,3,6,2,,,3,6,,,4,10,3,6,4,3,3,8,3,3,7,12,1,1,1,5,2,11,2,2,5,13,3,2,,7,,,b'\x11\xe8\xe1I\xd9f+\x84\x98|\x12\xdf\x17\xaeN\x1e'
11E8E149-D966-2B84-987C-12DF17AE4E1E,2023-ncaa-d2-natl,ncaa,42,67,17,57,29,48,38,37,52,48,69,43,51,47,82,86,149,147,173,144,215,47,50,45,65,59,163,91,263,25,18,67,132,39,22,90,239,169,88,118,179,224,75,64,,,56,18,,,103,72,288,297,116,76,174,121,202,86,99,240,245,242,199,239,57,200,105,180,64,251,121,,5,,,106,270,274,268,201,210,150,230,297,297,240,292,21,20,196,20,23,248,216,252,215,251,253,294,4,211,132,144,18,167,22,260,149,201,257,269,103,44,50,27,,,109,223,,,103,211,35,258,115,121,180,134,68,19,284,287,5,5,5,55,10,109,18,24,164,278,30,18,,252,,,b'\x11\xe8\xe1I\xd9f+\x84\x98|\x12\xdf\x17\xaeN\x1e'
11E8E149-D966-2B84-987C-12DF17AE4E1E,2024-ncaa-d2-conf-G-MAC,ncaa,4,4,1,4,1,2,2,1,2,1,1,4,4,8,3,14,1,1,3,1,5,1,1,4,2,2,11,12,3,1,2,2,10,2,3,4,14,6,2,3,2,4,1,1,,,9,2,,,4,1,2,9,2,2,1,1,1,6,12,1,1,1,1,1,1,4,3,6,2,3,1,,4,,,4,13,12,14,6,9,12,3,14,14,11,13,7,8,5,9,5,14,14,8,8,7,13,14,4,13,10,12,2,14,3,11,8,3,7,8,3,1,14,11,,,1,3,,,4,14,2,8,4,10,11,12,6,5,13,14,5,5,5,13,12,11,5,7,10,6,2,14,,1,,,b'\x11\xe8\xe1I\xd9f+\x84\x98|\x12\xdf\x17\xaeN\x1e'
11E8E149-D966-2B84-987C-12DF17AE4E1E,2024-ncaa-d2-natl,ncaa,73,115,26,97,39,19,19,32,25,21,23,51,71,108,22,212,23,32,49,34,156,29,38,33,30,21,182,183,131,41,46,68,202,47,97,78,253,124,41,86,43,79,41,33,,,110,14,,,60,47,148,185,21,22,63,25,64,106,179,48,81,88,64,113,71,166,109,137,60,74,57,,25,,,67,276,277,275,195,187,146,214,298,298,269,292,49,65,80,63,57,266,267,255,218,201,278,296,10,261,202,190,46,229,97,277,197,59,130,189,92,38,253,175,,,42,100,,,60,258,10,222,60,208,229,220,71,32,295,297,17,23,23,166,169,199,60,112,233,119,43,225,,93,,,b'\x11\xe8\xe1I\xd9f+\x84\x98|\x12\xdf\x17\xaeN\x1e'
11E8E149-D966-2B84-987C-12DF17AE4E1E,2025-ncaa-d2-conf-Gulf South,genius_ncaa,10,10,9,10,10,12,12,12,10,11,12,10,10,10,10,7,11,11,11,11,10,12,11,11,11,12,8,8,7,9,4,7,12,9,9,11,8,12,12,12,12,12,1,1,,,1,1,,12,11,11,10,7,12,12,12,11,9,10,10,11,11,11,12,9,9,5,6,10,12,12,1,,1,,12,11,2,4,9,2,2,4,4,8,12,2,12,1,1,12,1,1,4,2,3,2,5,7,10,1,11,12,1,4,7,9,5,6,12,12,10,3,6,5,6,,,11,9,,12,11,2,11,8,11,7,8,11,6,7,10,12,2,1,1,8,6,12,2,8,8,11,5,5,,9,,12,b'\x11\xe8\xe1I\xd9f+\x84\x98|\x12\xdf\x17\xaeN\x1e'
11E8E149-D966-2B84-987C-12DF17AE4E1E,2025-ncaa-d2-natl,genius_ncaa,216,258,109,233,123,242,232,249,190,213,230,161,210,192,225,138,242,225,249,226,157,252,207,199,210,255,193,164,187,159,103,164,279,168,187,213,153,264,289,270,265,279,27,8,,,26,10,,261,251,220,291,75,291,287,298,264,264,231,216,264,243,244,298,276,173,205,207,246,250,278,21,,12,,258,239,119,147,207,65,96,84,170,249,293,48,294,24,20,193,19,34,175,136,97,73,134,218,276,20,290,279,46,103,166,187,162,165,238,253,240,128,170,100,167,,,173,124,,238,251,76,245,204,257,99,129,220,71,45,240,289,16,13,15,146,82,283,27,150,156,258,120,93,,207,,246,b'\x11\xe8\xe1I\xd9f+\x84\x98|\x12\xdf\x17\xaeN\x1e'
11E8E149-D966-2B84-987C-12DF17AE4E1E,2026-ncaa-d2-conf-Gulf South,genius_ncaa,3,3,1,3,1,3,2,6,3,1,5,2,7,6,11,5,5,7,2,7,11,7,7,3,3,4,9,8,7,9,9,8,10,8,10,1,4,4,4,3,1,1,2,3,,,6,3,,11,6,6,10,1,5,4,9,2,7,9,6,7,11,10,10,10,9,12,10,3,4,1,4,,2,,11,6,8,7,5,10,4,5,5,12,10,12,12,8,8,11,7,7,5,8,12,12,11,12,12,7,9,10,8,9,9,10,6,4,2,2,3,3,2,10,10,,,7,7,,9,6,7,4,11,7,6,3,1,1,1,12,10,6,5,4,1,4,5,6,6,3,4,2,10,,10,,10,b'\x11\xe8\xe1I\xd9f+\x84\x98|\x12\xdf\x17\xaeN\x1e'
11E8E149-D966-2B84-987C-12DF17AE4E1E,2026-ncaa-d2-natl,genius_ncaa,65,53,141,74,145,129,116,170,44,145,204,31,72,90,78,46,231,257,32,253,251,186,198,32,39,52,130,62,267,180,140,187,108,186,112,101,112,87,112,70,77,45,164,101,,,55,50,,256,48,200,234,29,89,61,130,123,222,41,50,245,282,276,179,217,186,173,189,70,94,58,160,,36,,267,49,81,72,79,79,38,42,97,201,194,172,280,81,78,183,77,217,70,95,136,135,80,277,274,150,96,108,86,140,83,112,74,134,105,45,57,38,38,137,190,,,275,296,,260,48,96,52,78,46,59,50,42,20,13,222,238,88,84,84,31,75,101,50,57,72,66,31,153,,296,,268,b'\x11\xe8\xe1I\xd9f+\x84\x98|\x12\xdf\x17\xaeN\x1e'
11E8E149-D96A-59B6-987C-12DF17AE4E1E,2018-ncaa-d2-conf-GLVC,ncaa,6,6,5,6,5,6,6,7,6,7,11,8,4,4,8,5,8,6,15,6,2,6,7,5,7,7,2,4,9,4,2,4,2,4,3,9,14,8,8,11,15,15,4,4,,,5,11,,,6,9,13,1,6,8,9,10,12,4,4,9,6,6,11,11,2,3,1,13,6,15,4,,7,,,6,1,1,6,2,2,8,1,8,5,11,5,7,6,7,7,9,5,4,3,3,6,11,10,14,3,2,4,2,4,3,1,3,10,10,7,7,7,11,14,,,6,3,,,6,7,6,6,6,4,3,5,4,7,8,6,9,7,8,5,4,4,7,6,3,12,7,11,,5,,,b'\x11\xe8\xe1I\xd9jY\xb6\x98|\x12\xdf\x17\xaeN\x1e'
11E8E149-D96A-59B6-987C-12DF17AE4E1E,2018-ncaa-d2-natl,ncaa,146,87,276,129,286,234,247,284,135,266,293,95,149,148,158,65,213,200,215,202,37,280,289,115,123,118,72,86,130,205,82,248,38,238,42,250,207,25,116,154,293,267,180,124,,,55,228,,,103,297,247,226,158,176,222,226,270,98,78,133,110,112,208,223,122,139,120,202,80,279,133,,160,,,99,5,6,15,89,8,30,49,64,33,250,112,80,52,294,56,166,15,11,105,122,139,239,183,232,9,38,9,82,6,42,8,88,265,169,119,58,165,164,269,,,197,22,,,103,13,101,123,93,70,45,54,46,98,141,85,185,126,136,47,40,36,53,41,51,219,126,225,,62,,,b'\x11\xe8\xe1I\xd9jY\xb6\x98|\x12\xdf\x17\xaeN\x1e'
11E8E149-D96A-59B6-987C-12DF17AE4E1E,2019-ncaa-d2-conf-GLVC,ncaa,3,3,3,3,3,3,5,5,7,8,8,6,1,1,3,1,3,4,6,4,3,4,4,4,4,4,3,2,8,2,5,2,5,3,3,3,6,4,3,4,12,14,9,10,,,8,7,,,3,4,10,2,4,5,4,9,13,2,1,5,3,3,3,8,3,4,2,5,2,13,9,,8,,,3,10,11,12,4,9,12,4,10,12,5,10,8,9,9,8,5,14,11,4,4,4,7,9,6,8,5,11,5,10,3,6,2,8,9,6,3,3,13,12,,,4,7,,,3,12,3,5,3,5,6,9,6,8,9,11,5,5,5,8,7,7,7,9,3,9,3,10,,7,,,b'\x11\xe8\xe1I\xd9jY\xb6\x98|\x12\xdf\x17\xaeN\x1e'
11E8E149-D96A-59B6-987C-12DF17AE4E1E,2019-ncaa-d2-natl,ncaa,42,49,46,44,46,42,73,82,82,119,178,64,42,39,82,55,25,41,44,37,14,66,70,62,48,49,36,69,71,94,95,73,43,77,53,67,101,155,85,83,224,263,169,183,,,248,210,,,76,71,181,24,45,101,144,174,252,47,46,25,66,62,107,157,125,118,105,87,97,267,192,,194,,,80,253,239,231,174,217,207,179,240,235,166,197,233,205,252,206,164,229,222,181,192,204,169,187,167,86,43,179,95,137,53,127,37,122,183,106,119,66,223,239,,,50,61,,,76,251,42,160,70,165,159,133,147,113,189,182,173,141,143,130,110,43,79,62,80,181,66,193,,75,,,b'\x11\xe8\xe1I\xd9jY\xb6\x98|\x12\xdf\x17\xaeN\x1e'
11E8E149-D96A-59B6-987C-12DF17AE4E1E,2020-ncaa-d2-conf-GLVC,ncaa,2,2,5,2,6,4,3,6,3,7,13,2,2,2,7,1,16,15,16,15,13,7,7,2,4,3,7,4,16,7,6,2,1,3,1,4,6,4,4,2,15,14,9,9,,,2,2,,,2,7,9,8,3,2,4,6,12,2,1,16,16,16,8,10,8,1,1,4,3,14,9,,2,,,2,5,8,12,3,6,13,1,7,9,8,10,2,2,9,2,2,10,6,3,2,6,6,13,3,1,1,5,6,4,1,1,1,15,15,6,2,3,3,6,,,16,16,,,2,10,3,5,2,5,5,13,7,12,7,10,2,2,2,9,3,1,6,4,1,16,2,4,,16,,,b'\x11\xe8\xe1I\xd9jY\xb6\x98|\x12\xdf\x17\xaeN\x1e'
11E8E149-D96A-59B6-987C-12DF17AE4E1E,2020-ncaa-d2-natl,ncaa,69,59,173,62,198,94,57,141,27,88,224,11,47,54,80,41,265,249,238,250,226,163,189,22,35,33,159,66,305,156,121,64,13,94,28,52,104,76,83,39,282,289,156,170,,,73,105,,,89,198,175,150,48,24,101,54,228,37,39,274,256,257,136,176,152,30,53,31,79,293,153,,84,,,89,178,187,187,158,170,184,126,205,179,224,171,96,69,294,72,59,162,90,163,152,243,150,211,88,24,13,83,121,44,28,40,7,295,304,194,46,55,95,123,,,243,249,,,89,121,28,202,86,184,208,226,178,206,218,190,109,64,70,196,82,25,76,40,42,301,46,95,,247,,,b'\x11\xe8\xe1I\xd9jY\xb6\x98|\x12\xdf\x17\xaeN\x1e'
11E8E149-D96A-59B6-987C-12DF17AE4E1E,2021-ncaa-d2-conf-GLVC,ncaa,2,2,6,2,7,5,6,13,2,10,14,1,1,2,2,1,15,15,14,14,6,13,12,1,1,2,1,1,15,12,12,1,1,4,1,3,3,9,14,4,15,15,2,4,,,1,1,,,3,11,13,7,4,6,15,11,15,1,2,15,15,14,15,15,14,1,2,2,7,15,2,,1,,,4,6,9,14,2,6,14,1,12,11,13,6,1,1,10,1,1,12,5,2,1,7,5,14,1,5,1,3,12,3,1,2,1,15,15,14,4,7,1,3,,,6,3,,,3,7,3,4,2,5,9,14,7,13,11,10,1,1,1,13,3,3,1,2,1,15,5,1,,7,,,b'\x11\xe8\xe1I\xd9jY\xb6\x98|\x12\xdf\x17\xaeN\x1e'
11E8E149-D96A-59B6-987C-12DF17AE4E1E,2021-ncaa-d2-natl,ncaa,18,49,19,32,21,29,27,51,10,44,92,2,13,22,19,28,87,71,167,69,71,57,50,4,10,20,76,34,211,112,155,12,14,24,14,18,22,194,147,34,188,225,15,58,,,117,15,,,51,38,178,52,71,65,193,110,216,28,62,195,179,177,200,209,206,20,101,25,87,225,42,,8,,,66,189,200,214,75,197,220,56,195,189,152,81,105,102,143,107,4,207,188,72,52,150,61,138,12,136,14,138,155,139,14,143,8,168,225,211,167,94,47,17,,,23,25,,,51,191,31,123,57,96,146,184,139,191,135,109,11,7,8,159,42,39,11,10,29,225,60,8,,92,,,b'\x11\xe8\xe1I\xd9jY\xb6\x98|\x12\xdf\x17\xaeN\x1e'
11E8E149-D96A-59B6-987C-12DF17AE4E1E,2022-ncaa-d2-conf-GLVC,ncaa,6,3,14,4,14,11,11,14,4,10,12,2,10,12,9,3,11,11,5,11,5,14,14,4,3,2,8,7,11,11,6,11,1,11,1,10,6,1,5,2,14,14,14,13,,,1,1,,,4,14,11,14,4,4,7,6,11,5,2,5,7,7,7,8,7,1,3,4,3,14,13,,1,,,4,1,1,1,2,1,1,4,1,1,4,9,1,1,13,1,1,1,1,1,1,11,4,9,3,1,1,1,6,1,1,1,4,14,14,13,1,3,1,1,,,13,4,,,4,1,4,5,4,3,6,11,7,10,6,9,2,1,2,7,2,1,3,2,5,14,2,1,,5,,,b'\x11\xe8\xe1I\xd9jY\xb6\x98|\x12\xdf\x17\xaeN\x1e'
11E8E149-D96A-59B6-987C-12DF17AE4E1E,2022-ncaa-d2-natl,ncaa,116,48,267,87,280,203,197,275,21,193,282,7,186,191,174,73,216,248,45,249,107,277,287,27,25,22,161,153,191,264,136,211,1,241,1,198,174,8,64,49,298,299,272,260,,,9,48,,,90,288,238,298,61,57,199,72,240,101,87,128,171,177,207,254,223,53,136,108,41,300,264,,13,,,86,24,39,28,209,39,34,176,94,54,254,180,18,7,301,7,21,19,10,214,215,278,138,213,50,3,1,9,136,7,1,27,58,297,299,286,12,69,3,2,,,261,91,,,90,15,22,211,78,149,184,144,160,138,206,151,56,20,21,79,11,1,14,2,105,300,40,1,,172,,,b'\x11\xe8\xe1I\xd9jY\xb6\x98|\x12\xdf\x17\xaeN\x1e'
11E8E149-D96A-59B6-987C-12DF17AE4E1E,2023-ncaa-d2-conf-GLVC,ncaa,3,2,3,2,3,2,3,7,1,8,12,1,1,1,1,1,4,4,3,4,1,6,6,1,1,1,1,1,10,12,12,1,1,3,2,2,1,11,8,2,13,13,9,11,,,1,1,,,2,4,5,3,2,2,12,11,13,1,2,4,6,6,8,8,13,1,1,1,7,13,9,,1,,,2,9,11,13,1,10,13,1,12,13,2,13,1,1,12,1,1,13,9,1,1,5,4,12,1,7,1,5,12,5,2,6,2,13,13,13,6,5,1,8,,,6,5,,,2,10,2,4,2,7,9,13,8,12,13,13,1,1,1,13,7,5,3,3,6,13,5,1,,6,,,b'\x11\xe8\xe1I\xd9jY\xb6\x98|\x12\xdf\x17\xaeN\x1e'
11E8E149-D96A-59B6-987C-12DF17AE4E1E,2023-ncaa-d2-natl,ncaa,59,67,47,64,48,21,23,66,6,74,204,7,6,12,4,16,76,92,74,95,39,63,70,4,4,3,16,12,230,266,264,11,4,52,25,12,32,119,76,14,287,295,216,267,,,32,5,,,66,45,105,19,8,13,127,123,277,7,21,120,140,150,124,176,281,1,77,9,75,295,247,,10,,,66,286,289,292,145,274,268,169,291,294,170,275,47,18,297,18,6,284,238,178,150,278,153,274,6,73,4,180,264,140,25,238,64,295,298,298,105,60,24,49,,,74,99,,,66,256,7,248,65,264,277,291,241,244,285,293,20,6,7,281,153,38,75,44,185,298,55,14,,130,,,b'\x11\xe8\xe1I\xd9jY\xb6\x98|\x12\xdf\x17\xaeN\x1e'
11E8E149-D96A-59B6-987C-12DF17AE4E1E,2024-ncaa-d2-conf-GLVC,ncaa,13,13,9,13,9,9,12,13,6,12,14,2,8,4,9,2,7,8,6,7,1,13,11,5,5,8,3,4,3,12,11,7,7,12,10,6,1,14,14,10,9,9,12,11,,,5,9,,,12,7,3,2,8,11,13,12,14,5,3,4,5,5,11,7,12,6,12,2,14,8,12,,9,,,12,12,11,10,9,8,8,9,13,13,11,13,5,6,11,6,6,11,7,10,11,12,11,13,5,6,7,4,11,3,10,13,11,13,13,13,14,14,7,13,,,14,10,,,12,8,12,12,12,13,13,14,10,10,13,14,6,7,7,13,12,8,6,6,13,12,14,8,,11,,,b'\x11\xe8\xe1I\xd9jY\xb6\x98|\x12\xdf\x17\xaeN\x1e'
11E8E149-D96A-59B6-987C-12DF17AE4E1E,2024-ncaa-d2-natl,ncaa,229,264,117,243,131,77,104,163,43,142,240,16,64,55,126,42,27,39,37,37,6,136,109,28,18,60,43,92,46,265,257,106,92,176,154,43,22,243,218,100,220,261,206,234,,,223,171,,,214,65,37,71,43,89,200,151,275,46,43,18,39,34,140,99,276,83,209,25,220,237,219,,201,,,205,284,280,267,237,253,202,236,293,286,255,257,200,187,229,186,143,267,222,257,249,287,231,263,67,135,92,102,257,103,154,273,180,261,290,289,251,226,117,172,,,84,77,,,214,236,99,279,205,287,287,288,259,207,292,289,185,172,169,285,230,119,79,85,265,274,228,105,,63,,,b'\x11\xe8\xe1I\xd9jY\xb6\x98|\x12\xdf\x17\xaeN\x1e'
11E8E149-D96A-59B6-987C-12DF17AE4E1E,2025-ncaa-d2-conf-GLVC,genius_ncaa,6,7,2,7,3,3,5,6,5,8,14,1,2,2,6,3,2,2,2,2,1,4,4,3,1,2,3,5,1,12,12,7,9,8,12,7,8,12,11,8,8,8,8,9,,,8,3,,13,7,3,5,7,3,7,14,11,14,3,3,1,3,3,8,8,13,8,12,7,8,8,8,,5,,12,7,14,15,13,10,14,12,10,14,14,11,11,6,4,15,4,3,13,13,10,11,12,7,13,2,13,9,10,12,13,12,6,3,5,8,6,6,5,2,2,,,2,2,,10,7,13,5,11,7,12,14,12,12,11,13,12,4,4,3,12,11,10,9,8,7,6,5,2,,4,,10,b'\x11\xe8\xe1I\xd9jY\xb6\x98|\x12\xdf\x17\xaeN\x1e'
11E8E149-D96A-59B6-987C-12DF17AE4E1E,2025-ncaa-d2-natl,genius_ncaa,132,200,25,164,31,33,52,67,66,105,179,26,27,19,115,40,11,15,78,15,5,47,53,39,27,27,24,74,42,249,288,62,101,122,240,86,174,165,85,109,122,194,131,178,,,215,80,,278,134,28,92,169,43,110,200,191,278,47,35,20,28,29,139,190,286,133,248,146,75,185,176,,101,,257,137,288,294,285,243,284,248,262,292,295,218,253,119,94,268,94,36,276,269,261,246,249,141,250,23,185,101,286,288,275,240,228,52,102,196,173,107,44,16,14,,,15,21,,82,134,273,66,230,142,233,260,244,220,136,262,265,59,40,41,191,168,101,219,168,153,193,40,3,,38,,108,b'\x11\xe8\xe1I\xd9jY\xb6\x98|\x12\xdf\x17\xaeN\x1e'
11E8E149-D96A-59B6-987C-12DF17AE4E1E,2026-ncaa-d2-conf-GLVC,genius_ncaa,5,4,6,5,6,6,5,7,6,4,9,3,4,8,4,6,4,5,1,4,5,6,10,5,3,2,5,6,7,7,7,6,3,9,4,2,2,1,1,1,7,6,12,11,,,4,6,,5,1,12,7,1,2,2,2,2,6,3,5,2,4,3,1,7,5,2,4,2,1,6,12,,4,,5,1,2,4,5,6,5,7,6,6,5,5,5,3,3,3,3,5,4,4,6,5,6,6,8,4,3,3,7,7,5,4,10,11,9,7,10,1,1,6,9,,,10,8,,13,1,5,2,4,1,4,6,7,8,10,7,6,3,6,6,6,6,3,10,5,11,7,1,8,,7,,13,b'\x11\xe8\xe1I\xd9jY\xb6\x98|\x12\xdf\x17\xaeN\x1e'
11E8E149-D96A-59B6-987C-12DF17AE4E1E,2026-ncaa-d2-natl,genius_ncaa,107,196,13,157,27,21,30,47,65,64,101,55,14,18,57,64,24,27,130,27,32,39,43,39,36,36,36,64,109,132,233,48,36,74,148,13,34,187,76,30,109,180,231,259,,,211,100,,127,120,34,137,88,58,91,162,165,240,30,57,68,68,69,133,187,228,161,216,38,74,195,267,,69,,84,127,264,270,252,277,258,191,285,285,278,235,257,198,194,180,191,160,244,243,286,282,272,187,237,61,103,36,265,233,218,148,279,215,69,146,232,148,56,137,108,,,37,82,,188,120,260,50,245,140,221,238,109,178,44,256,229,100,90,92,90,77,26,172,84,244,167,55,76,,113,,234,b'\x11\xe8\xe1I\xd9jY\xb6\x98|\x12\xdf\x17\xaeN\x1e'
11E8E149-D96E-A3D6-987C-12DF17AE4E1E,2018-ncaa-d2-conf-SAC,ncaa,6,6,5,6,6,5,5,4,6,6,7,6,2,2,5,2,6,3,11,3,1,4,3,4,5,4,2,2,7,5,7,9,8,7,9,8,8,6,5,8,2,2,8,8,,,11,10,,,5,4,3,6,3,3,3,6,7,2,2,4,2,2,3,3,4,10,7,8,8,2,8,,10,,,5,6,7,3,9,9,7,9,2,1,8,1,9,9,9,9,9,4,7,9,9,7,1,1,9,3,8,9,7,9,9,6,6,2,1,3,5,5,5,6,,,5,7,,,5,8,5,7,5,8,8,3,9,8,2,1,9,9,9,5,8,4,10,9,7,2,5,5,,6,,,b'\x11\xe8\xe1I\xd9n\xa3\xd6\x98|\x12\xdf\x17\xaeN\x1e'
11E8E149-D96E-A3D6-987C-12DF17AE4E1E,2018-ncaa-d2-natl,ncaa,107,87,148,102,188,93,92,99,111,117,155,105,65,55,97,89,126,80,275,74,56,97,93,87,120,119,92,79,189,64,75,251,178,170,173,111,188,193,129,143,15,10,142,161,,,276,290,,,71,103,37,226,41,48,35,93,136,43,41,104,54,53,26,29,44,268,160,87,207,10,140,,296,,,68,154,171,79,278,254,197,253,17,9,192,8,210,216,120,214,188,90,182,231,247,108,16,13,221,85,178,192,75,146,173,193,177,20,10,33,115,74,105,109,,,134,204,,,71,202,99,87,74,170,192,63,264,218,15,6,221,232,230,89,225,89,221,157,195,10,119,113,,101,,,b'\x11\xe8\xe1I\xd9n\xa3\xd6\x98|\x12\xdf\x17\xaeN\x1e'
11E8E149-D96E-A3D6-987C-12DF17AE4E1E,2019-ncaa-d2-conf-SAC,ncaa,4,4,5,4,5,7,6,7,6,9,10,4,2,1,6,2,10,10,10,10,3,7,11,4,6,5,2,2,11,8,10,8,9,8,10,6,4,4,5,5,1,1,3,2,,,8,8,,,4,10,10,1,7,6,6,9,10,2,1,11,9,9,8,10,9,8,11,6,4,1,2,,8,,,4,1,1,1,3,1,1,3,1,2,3,5,5,5,3,5,8,1,4,2,2,1,6,5,10,9,9,8,10,10,10,4,8,1,1,1,1,3,7,10,,,11,10,,,4,3,6,1,4,1,2,1,2,2,2,1,5,7,7,2,5,9,10,10,3,1,1,8,,11,,,b'\x11\xe8\xe1I\xd9n\xa3\xd6\x98|\x12\xdf\x17\xaeN\x1e'
11E8E149-D96E-A3D6-987C-12DF17AE4E1E,2019-ncaa-d2-natl,ncaa,73,59,118,68,126,126,118,105,160,168,199,115,65,50,147,46,217,163,276,162,130,111,140,122,155,134,82,55,256,132,166,214,273,183,246,109,115,103,84,96,7,4,36,15,,,246,231,,,37,138,134,53,108,111,77,175,227,54,34,229,166,165,83,124,134,248,209,104,107,5,32,,245,,,33,20,21,74,26,50,115,41,22,71,10,90,121,172,37,188,206,81,189,17,17,5,113,57,246,262,273,222,166,249,246,92,254,12,6,12,26,24,276,295,,,195,242,,,37,168,120,6,34,14,20,37,39,86,15,60,117,164,179,50,215,250,219,247,87,7,31,279,,216,,,b'\x11\xe8\xe1I\xd9n\xa3\xd6\x98|\x12\xdf\x17\xaeN\x1e'
11E8E149-D96E-A3D6-987C-12DF17AE4E1E,2020-ncaa-d2-conf-SAC,ncaa,2,2,1,2,2,3,3,3,6,9,10,3,2,1,8,1,2,2,8,2,1,1,3,4,4,4,1,2,7,2,8,5,4,4,8,2,2,1,1,2,1,1,6,6,,,11,7,,,3,2,6,6,5,4,4,10,12,2,1,5,2,2,3,4,2,7,6,2,1,1,7,,5,,,3,7,8,7,9,8,7,10,3,5,4,7,1,3,3,2,4,7,10,8,7,2,3,5,2,5,4,12,8,11,8,6,6,1,2,3,1,1,9,10,,,4,8,,,3,11,3,2,3,2,4,2,6,5,3,3,1,2,1,1,4,4,9,8,4,2,1,7,,7,,,b'\x11\xe8\xe1I\xd9n\xa3\xd6\x98|\x12\xdf\x17\xaeN\x1e'
11E8E149-D96E-A3D6-987C-12DF17AE4E1E,2020-ncaa-d2-natl,ncaa,35,46,17,44,28,48,80,33,205,176,199,115,22,5,191,11,44,31,203,31,13,33,43,150,151,112,18,30,115,33,89,135,163,63,154,63,85,125,41,65,7,6,84,86,,,281,254,,,37,57,156,104,93,139,65,243,275,30,9,76,61,60,61,100,56,237,128,102,62,12,109,,247,,,40,132,138,146,140,163,153,164,103,139,80,129,169,204,53,201,191,152,254,123,116,42,115,102,189,187,163,289,89,262,154,168,201,6,6,28,26,5,271,283,,,69,171,,,37,261,92,37,41,49,60,24,92,56,60,63,117,147,143,26,150,126,210,189,106,11,9,237,,142,,,b'\x11\xe8\xe1I\xd9n\xa3\xd6\x98|\x12\xdf\x17\xaeN\x1e'
11E8E149-D96E-A3D6-987C-12DF17AE4E1E,2021-ncaa-d2-conf-SAC,ncaa,1,1,4,1,4,4,5,7,5,8,9,7,1,1,2,3,5,7,4,7,3,6,8,5,5,3,2,2,7,5,7,3,1,4,4,3,2,3,2,2,2,3,7,10,,,2,3,,,1,8,11,1,4,6,10,12,11,2,2,7,8,8,10,11,6,4,4,3,1,4,9,,2,,,1,2,2,5,1,2,4,1,4,9,2,11,3,2,6,2,4,5,5,1,1,1,9,11,8,3,1,9,7,5,4,3,3,1,3,2,2,1,5,5,,,7,4,,,1,6,4,1,1,1,2,3,2,3,6,8,2,2,2,2,2,2,7,5,2,6,1,4,,10,,,b'\x11\xe8\xe1I\xd9n\xa3\xd6\x98|\x12\xdf\x17\xaeN\x1e'
11E8E149-D96E-A3D6-987C-12DF17AE4E1E,2021-ncaa-d2-natl,ncaa,18,35,30,26,33,39,45,38,99,87,74,131,10,15,16,35,42,39,93,40,53,37,48,58,57,38,11,19,126,41,99,20,63,20,65,29,30,129,34,21,56,96,86,138,,,132,33,,,14,50,180,48,68,99,101,167,179,14,35,96,104,106,104,150,97,35,52,46,26,112,146,,23,,,18,135,131,175,12,121,164,12,159,188,49,157,144,142,110,144,85,173,174,19,15,21,168,164,124,175,63,185,99,189,65,134,84,50,102,55,73,11,151,102,,,42,89,,,14,177,33,23,15,17,18,87,18,77,91,133,54,54,55,58,57,92,119,100,34,127,7,75,,120,,,b'\x11\xe8\xe1I\xd9n\xa3\xd6\x98|\x12\xdf\x17\xaeN\x1e'
11E8E149-D96E-A3D6-987C-12DF17AE4E1E,2022-ncaa-d2-conf-SAC,ncaa,8,9,5,9,6,8,8,6,11,11,12,11,4,1,8,2,11,11,4,12,9,6,10,10,10,9,2,2,9,6,7,9,7,6,7,8,6,1,4,5,4,3,4,4,,,11,13,,,5,10,12,10,10,8,6,12,12,3,1,11,12,12,7,11,6,12,8,7,2,4,4,,13,,,5,1,1,1,4,1,3,3,1,2,7,2,11,11,5,11,13,2,4,6,6,5,9,3,13,4,7,9,7,6,7,2,5,4,2,2,1,2,2,2,,,11,8,,,5,3,9,3,5,1,1,1,1,2,2,1,13,12,12,2,2,4,9,9,3,4,1,2,,12,,,b'\x11\xe8\xe1I\xd9n\xa3\xd6\x98|\x12\xdf\x17\xaeN\x1e'
11E8E149-D96E-A3D6-987C-12DF17AE4E1E,2022-ncaa-d2-natl,ncaa,150,225,47,187,59,126,135,63,257,217,195,224,26,11,194,10,204,213,125,219,212,74,83,210,217,187,17,8,252,92,189,89,116,78,198,109,101,165,108,129,68,88,64,55,,,285,286,,,123,90,211,220,229,234,119,279,279,38,14,265,269,272,172,207,138,167,161,169,93,108,79,,248,,,130,157,106,155,64,122,180,53,105,114,107,88,275,272,179,270,259,185,209,58,98,71,219,96,285,171,116,284,189,259,198,68,70,62,74,31,70,35,55,81,,,119,197,,,123,212,186,66,133,42,16,26,38,73,63,57,238,227,227,41,71,104,247,195,26,109,27,25,,224,,,b'\x11\xe8\xe1I\xd9n\xa3\xd6\x98|\x12\xdf\x17\xaeN\x1e'
11E8E149-D96E-A3D6-987C-12DF17AE4E1E,2023-ncaa-d2-conf-SAC,ncaa,6,4,6,5,7,7,7,6,9,8,8,6,5,2,10,3,9,8,9,8,7,7,7,9,10,8,5,3,11,5,6,4,2,5,4,5,3,5,5,3,5,5,6,6,,,5,6,,,4,7,8,2,8,8,5,8,10,4,1,10,9,9,5,5,4,2,2,4,5,5,6,,7,,,3,3,3,5,1,2,5,1,6,6,5,7,3,3,10,3,4,3,5,1,1,1,6,10,5,2,2,9,6,6,4,2,2,3,4,1,7,7,3,4,,,7,12,,,4,8,7,2,3,2,3,7,2,5,9,8,3,3,3,5,6,3,10,6,1,3,7,3,,11,,,b'\x11\xe8\xe1I\xd9n\xa3\xd6\x98|\x12\xdf\x17\xaeN\x1e'
11E8E149-D96E-A3D6-987C-12DF17AE4E1E,2023-ncaa-d2-natl,ncaa,84,55,197,72,203,150,130,150,107,165,218,67,81,64,146,40,252,255,182,253,219,171,197,87,111,111,112,54,279,128,132,89,10,100,29,50,8,59,93,31,155,129,59,37,,,27,59,,,53,210,156,33,95,65,53,136,188,49,32,245,246,243,91,119,91,14,31,16,110,139,39,,57,,,44,31,50,98,52,52,99,54,108,119,121,180,13,16,164,15,28,61,72,57,48,50,137,220,50,23,10,126,132,66,29,27,46,157,108,56,113,139,133,181,,,245,261,,,53,95,99,26,42,47,81,160,72,146,148,165,24,25,22,93,120,37,196,112,40,118,144,167,,238,,,b'\x11\xe8\xe1I\xd9n\xa3\xd6\x98|\x12\xdf\x17\xaeN\x1e'
11E8E149-D96E-A3D6-987C-12DF17AE4E1E,2024-ncaa-d2-conf-SAC,ncaa,13,13,9,13,9,10,9,8,10,9,9,7,6,4,10,2,13,12,11,12,11,9,7,9,11,9,6,2,13,8,9,7,13,8,12,8,5,10,9,9,12,13,6,7,,,3,3,,,13,8,4,2,9,7,6,9,9,4,4,13,12,12,6,6,7,6,7,7,10,12,5,,5,,,13,12,11,10,11,12,10,11,12,10,12,10,3,5,6,5,2,10,8,12,11,13,5,9,1,13,13,5,9,10,12,13,13,13,13,13,12,12,6,9,,,12,13,,,13,6,10,13,13,13,13,13,13,12,13,12,6,7,7,13,13,13,11,13,13,13,12,7,,11,,,b'\x11\xe8\xe1I\xd9n\xa3\xd6\x98|\x12\xdf\x17\xaeN\x1e'
11E8E149-D96E-A3D6-987C-12DF17AE4E1E,2024-ncaa-d2-natl,ncaa,275,284,207,281,213,159,133,129,141,162,175,127,98,81,148,67,264,258,240,258,262,155,128,133,164,204,147,65,287,133,157,198,291,180,260,110,94,255,246,176,208,247,128,172,,,116,50,,,283,123,17,59,98,60,26,111,113,50,40,271,260,254,55,26,91,157,122,61,272,198,116,,171,,,281,287,291,265,279,283,242,270,274,247,276,187,159,140,252,128,54,254,221,284,276,291,118,204,44,292,291,183,157,253,260,296,240,216,265,291,286,276,175,196,,,232,272,,,283,173,199,296,280,298,298,297,293,294,291,277,194,173,162,296,295,295,262,289,296,196,290,214,,211,,,b'\x11\xe8\xe1I\xd9n\xa3\xd6\x98|\x12\xdf\x17\xaeN\x1e'
11E8E149-D96E-A3D6-987C-12DF17AE4E1E,2025-ncaa-d2-conf-SAC,genius_ncaa,11,11,9,11,12,5,4,5,2,4,6,4,10,10,7,10,6,5,12,5,6,5,5,4,5,8,10,11,6,7,9,6,13,7,9,5,7,8,7,8,8,10,2,5,,,7,5,,3,11,4,1,13,3,3,4,2,3,9,10,5,4,5,3,1,5,2,4,5,10,7,1,,8,,3,11,13,11,12,10,12,11,9,11,10,12,8,9,8,10,8,7,12,10,11,11,12,7,9,6,13,13,7,9,12,9,12,7,8,12,12,8,10,8,8,,,5,7,,13,11,10,9,12,11,13,12,13,13,13,11,10,9,9,9,13,13,13,10,13,12,6,11,10,,5,,13,b'\x11\xe8\xe1I\xd9n\xa3\xd6\x98|\x12\xdf\x17\xaeN\x1e'
11E8E149-D96E-A3D6-987C-12DF17AE4E1E,2025-ncaa-d2-natl,genius_ncaa,195,236,109,210,160,47,44,68,31,28,41,45,155,177,110,245,81,41,240,42,118,62,41,55,63,104,259,245,162,144,191,60,250,76,203,57,130,268,203,141,138,215,38,77,,,240,82,,27,228,33,6,280,25,19,42,13,32,167,200,67,38,35,30,14,143,27,52,42,252,145,32,,226,,22,216,299,295,294,221,290,289,179,277,252,271,128,275,266,220,266,147,295,281,224,228,259,165,173,157,296,250,229,191,280,203,291,203,139,251,264,259,200,252,173,,,55,122,,291,228,268,127,274,207,299,296,300,292,297,276,254,264,256,252,301,296,292,220,275,287,159,249,254,,44,,299,b'\x11\xe8\xe1I\xd9n\xa3\xd6\x98|\x12\xdf\x17\xaeN\x1e'
11E8E149-D96E-A3D6-987C-12DF17AE4E1E,2026-ncaa-d2-conf-SAC,genius_ncaa,11,11,1,11,3,10,12,10,12,12,11,11,7,3,11,2,9,9,5,9,9,10,7,12,11,12,4,2,9,5,8,8,12,8,12,9,9,12,12,11,6,9,5,8,,,6,6,,1,12,7,7,3,12,12,12,12,11,7,3,9,10,10,12,8,6,9,9,10,12,7,5,,6,,1,12,9,10,10,10,10,10,8,5,8,5,5,6,7,2,7,5,10,9,7,6,8,2,4,6,12,12,7,8,12,12,8,6,11,10,9,11,12,3,6,,,9,8,,12,12,6,12,11,12,9,10,10,10,10,4,6,6,7,7,10,8,12,6,12,7,11,11,3,,9,,12,b'\x11\xe8\xe1I\xd9n\xa3\xd6\x98|\x12\xdf\x17\xaeN\x1e'
11E8E149-D96E-A3D6-987C-12DF17AE4E1E,2026-ncaa-d2-natl,genius_ncaa,276,272,141,276,170,252,254,201,280,271,223,288,141,133,152,65,250,242,198,242,217,217,164,265,269,288,30,26,202,216,258,116,282,155,281,222,109,279,292,277,212,251,82,130,,,174,109,,204,290,145,44,88,284,282,221,289,248,120,105,269,263,266,261,103,222,45,120,231,289,212,73,,222,,224,292,210,227,236,159,253,236,228,103,202,25,124,176,225,31,225,158,234,193,122,89,178,29,54,133,287,282,203,258,258,281,223,173,222,280,274,230,253,38,61,,,213,254,,247,290,156,292,256,289,278,280,294,287,284,109,245,209,259,262,295,287,296,277,295,262,237,256,40,,233,,256,b'\x11\xe8\xe1I\xd9n\xa3\xd6\x98|\x12\xdf\x17\xaeN\x1e'
11E8E149-D973-0638-987C-12DF17AE4E1E,2018-ncaa-d2-conf-SIAC,ncaa,10,9,6,10,10,10,8,5,7,6,5,8,10,10,10,11,13,10,13,10,11,7,7,8,8,10,12,10,12,6,4,9,5,9,6,3,1,8,7,3,4,4,11,8,,,12,13,,,9,9,5,11,8,4,2,3,3,10,10,13,10,10,5,3,4,9,6,3,8,3,10,,13,,,10,7,3,1,10,3,3,11,4,3,6,7,12,12,11,12,13,4,5,11,11,11,12,4,13,4,5,7,4,4,6,8,11,5,3,5,10,11,11,10,,,11,12,,,9,7,9,9,9,11,4,2,4,3,5,4,13,13,13,4,5,4,9,6,9,3,11,11,,10,,,b'\x11\xe8\xe1I\xd9s\x068\x98|\x12\xdf\x17\xaeN\x1e'
11E8E149-D973-0638-987C-12DF17AE4E1E,2018-ncaa-d2-natl,ncaa,252,254,206,258,235,232,225,186,257,165,109,257,297,280,295,288,162,83,303,83,112,170,142,277,284,286,275,291,63,80,81,166,135,133,122,155,57,277,276,237,65,58,224,210,,,299,309,,,218,156,46,219,239,231,132,124,42,297,278,119,46,43,95,40,41,100,58,127,296,41,222,,309,,,216,81,25,26,120,62,71,116,13,15,67,17,307,309,17,309,309,91,158,93,150,65,235,16,308,128,135,172,81,153,122,45,179,39,23,19,295,285,200,161,,,169,198,,,218,162,278,57,207,154,36,24,91,113,16,11,309,309,309,160,249,171,234,217,83,17,299,226,,108,,,b'\x11\xe8\xe1I\xd9s\x068\x98|\x12\xdf\x17\xaeN\x1e'
11E8E149-D973-0638-987C-12DF17AE4E1E,2019-ncaa-d2-conf-SIAC,ncaa,1,2,2,2,4,2,2,3,4,1,1,6,12,12,11,12,4,5,8,5,12,4,3,6,6,8,12,12,9,1,2,2,3,1,2,3,7,10,7,7,6,7,1,1,,,8,6,,,2,4,9,4,7,6,5,1,1,12,12,8,8,8,7,5,1,4,2,5,8,7,1,,5,,,2,8,6,10,1,5,7,1,12,12,9,9,10,9,11,9,7,10,8,1,1,2,9,9,8,8,3,7,2,8,2,3,4,6,7,4,11,10,7,3,,,4,10,,,2,9,4,2,2,3,3,4,2,5,9,9,8,5,5,4,4,5,5,6,2,9,10,5,,7,,,b'\x11\xe8\xe1I\xd9s\x068\x98|\x12\xdf\x17\xaeN\x1e'
11E8E149-D973-0638-987C-12DF17AE4E1E,2019-ncaa-d2-natl,ncaa,65,36,182,42,185,235,214,169,254,99,37,255,305,305,308,311,139,82,284,80,196,152,134,289,288,286,308,311,39,35,24,79,150,51,50,235,240,243,231,263,125,124,31,14,,,145,130,,,97,184,142,31,258,224,122,60,6,310,311,121,56,55,88,57,14,22,7,243,263,106,17,,166,,,98,13,11,100,2,17,151,1,25,75,13,70,179,230,13,229,223,114,152,1,2,4,227,93,289,224,150,146,24,186,50,10,49,79,52,10,223,199,98,32,,,162,207,,,97,134,260,5,92,16,9,120,19,175,32,85,193,243,239,146,222,243,186,220,12,51,235,104,,137,,,b'\x11\xe8\xe1I\xd9s\x068\x98|\x12\xdf\x17\xaeN\x1e'
11E8E149-D973-0638-987C-12DF17AE4E1E,2020-ncaa-d2-conf-SIAC,ncaa,3,4,1,3,1,2,1,1,7,1,1,6,11,7,13,12,1,1,4,1,4,1,1,8,7,7,8,13,1,1,2,1,5,1,2,7,12,13,6,12,2,7,9,9,,,12,8,,,5,1,7,6,3,6,7,2,3,12,11,1,1,1,4,3,1,4,1,12,11,7,9,,9,,,5,13,13,13,6,12,13,6,13,12,8,11,12,12,9,12,8,13,13,7,7,8,10,11,8,9,5,9,2,11,2,6,1,7,10,7,12,9,13,10,,,1,5,,,5,13,3,8,5,8,8,9,5,6,11,12,9,9,9,9,8,7,4,5,3,10,11,11,,3,,,b'\x11\xe8\xe1I\xd9s\x068\x98|\x12\xdf\x17\xaeN\x1e'
11E8E149-D973-0638-987C-12DF17AE4E1E,2020-ncaa-d2-natl,ncaa,112,140,54,133,60,108,148,60,253,41,9,242,297,277,310,306,2,1,267,1,12,25,7,284,260,262,270,310,2,2,4,21,218,2,30,254,303,306,245,303,67,130,121,160,,,299,244,,,131,30,33,56,139,194,80,46,13,308,295,1,1,1,26,6,1,21,1,292,298,87,134,,297,,,133,200,138,275,22,169,280,26,90,203,18,75,301,305,25,305,279,293,300,20,27,35,202,62,297,303,218,187,4,266,30,47,17,53,120,24,301,230,286,214,,,1,8,,,131,291,213,44,121,136,87,244,115,258,67,156,291,302,302,283,299,293,128,223,24,66,279,278,,1,,,b'\x11\xe8\xe1I\xd9s\x068\x98|\x12\xdf\x17\xaeN\x1e'
11E8E149-D973-0638-987C-12DF17AE4E1E,2021-ncaa-d2-conf-SIAC,ncaa,1,1,4,1,4,2,2,4,1,1,3,3,3,5,2,9,2,2,2,2,5,4,5,1,1,1,7,8,4,4,3,3,6,3,3,2,4,5,5,3,3,5,2,3,,,6,4,,,2,5,5,1,4,4,6,2,5,5,9,1,2,2,6,6,6,3,3,4,2,4,2,,5,,,3,5,5,6,3,5,6,2,8,8,6,7,6,6,6,6,6,6,6,5,4,5,8,6,5,7,6,5,3,5,3,4,1,4,4,2,6,4,2,1,,,3,3,,,2,5,2,5,2,5,4,5,3,5,7,7,6,6,6,5,6,7,1,4,2,4,4,1,,2,,,b'\x11\xe8\xe1I\xd9s\x068\x98|\x12\xdf\x17\xaeN\x1e'
11E8E149-D973-0638-987C-12DF17AE4E1E,2021-ncaa-d2-natl,ncaa,72,8,173,18,176,157,154,175,45,132,151,61,182,189,104,210,122,124,79,124,54,172,173,72,52,65,179,209,26,130,29,165,193,157,69,142,89,58,134,93,123,57,110,70,,,56,103,,,47,173,71,58,43,55,90,29,34,186,205,6,11,11,63,45,41,39,28,58,166,41,54,,144,,,31,48,41,55,9,39,63,4,57,58,107,70,70,81,34,81,165,58,59,15,13,16,186,128,195,117,193,39,29,52,69,32,31,144,69,10,53,91,20,9,,,170,140,,,47,53,47,35,32,67,39,160,40,169,106,105,175,194,196,180,195,215,41,148,20,41,132,15,,81,,,b'\x11\xe8\xe1I\xd9s\x068\x98|\x12\xdf\x17\xaeN\x1e'
11E8E149-D973-0638-987C-12DF17AE4E1E,2022-ncaa-d2-conf-SIAC,ncaa,3,3,8,3,9,3,3,4,2,2,4,3,9,10,8,12,6,10,2,10,13,5,8,4,3,2,14,11,13,4,2,7,3,6,2,5,8,3,1,1,5,3,7,6,,,3,1,,,2,11,11,4,3,1,1,1,1,9,11,9,11,11,2,7,2,6,2,3,1,5,6,,1,,,1,3,3,5,6,3,3,9,12,12,5,12,4,4,12,4,2,3,4,7,5,2,9,12,2,4,3,4,2,3,2,9,13,8,3,7,3,2,3,1,,,9,8,,,2,4,1,1,1,1,5,4,3,3,12,12,2,2,2,2,3,3,3,2,7,7,2,1,,11,,,b'\x11\xe8\xe1I\xd9s\x068\x98|\x12\xdf\x17\xaeN\x1e'
11E8E149-D973-0638-987C-12DF17AE4E1E,2022-ncaa-d2-natl,ncaa,98,16,281,38,282,192,156,206,81,73,86,90,288,286,285,293,184,181,183,178,241,208,240,161,167,126,298,293,162,40,2,253,193,177,29,176,187,19,41,61,89,31,174,106,,,12,8,,,30,273,51,61,22,12,7,2,1,283,272,62,53,48,6,12,3,109,5,47,105,24,112,,28,,,12,8,11,21,53,18,23,103,27,46,17,164,12,21,26,18,86,16,30,48,30,8,67,106,94,78,193,17,2,21,29,36,226,96,13,32,35,65,19,6,,,236,176,,,30,30,49,9,13,51,86,160,118,156,67,161,57,94,89,138,250,216,100,152,161,13,140,41,,58,,,b'\x11\xe8\xe1I\xd9s\x068\x98|\x12\xdf\x17\xaeN\x1e'
11E8E149-D973-0638-987C-12DF17AE4E1E,2023-ncaa-d2-conf-SIAC,ncaa,1,1,2,1,2,1,1,1,1,1,1,2,7,9,1,14,3,4,4,4,14,1,2,1,1,1,14,13,14,2,2,2,8,2,3,1,9,5,1,1,1,1,4,5,,,2,1,,,1,1,6,13,1,1,2,1,1,8,12,6,10,10,2,2,3,8,4,1,1,1,6,,1,,,1,9,9,13,1,10,11,4,7,13,1,11,4,1,12,1,2,11,14,1,1,1,5,8,4,12,8,12,2,13,3,10,10,1,1,1,3,1,6,1,,,1,8,,,1,14,1,1,1,1,3,5,4,5,2,8,2,1,1,2,8,6,6,7,3,1,1,2,,8,,,b'\x11\xe8\xe1I\xd9s\x068\x98|\x12\xdf\x17\xaeN\x1e'
11E8E149-D973-0638-987C-12DF17AE4E1E,2023-ncaa-d2-natl,ncaa,15,6,68,7,101,40,28,22,88,11,2,155,251,278,98,295,52,33,211,33,252,20,19,154,163,140,288,290,153,5,4,116,247,34,70,57,197,241,104,127,6,6,102,144,,,143,33,,,9,32,16,208,21,8,5,3,1,266,287,60,42,39,5,5,5,184,16,55,204,4,116,,92,,,7,66,74,175,23,172,247,41,15,55,2,33,183,186,111,192,129,178,270,5,9,1,23,12,251,273,247,185,4,236,70,73,127,3,3,1,171,50,156,17,,,31,157,,,9,264,80,1,9,18,27,103,127,230,4,27,156,159,163,102,277,252,121,196,59,3,127,131,,34,,,b'\x11\xe8\xe1I\xd9s\x068\x98|\x12\xdf\x17\xaeN\x1e'
11E8E149-D973-0638-987C-12DF17AE4E1E,2024-ncaa-d2-conf-SIAC,ncaa,4,5,5,5,7,7,6,8,3,7,7,3,8,8,5,8,13,14,2,14,14,8,8,4,4,4,11,7,14,10,12,3,1,7,5,5,7,6,6,4,12,13,8,8,,,3,2,,,7,8,10,11,8,7,8,6,6,7,8,14,14,14,11,11,11,1,6,5,4,12,9,,2,,,7,6,9,10,5,9,9,5,4,9,3,9,4,6,2,7,3,10,8,4,3,7,2,5,3,7,1,7,12,7,5,9,6,12,14,13,8,8,7,8,,,14,14,,,7,8,6,6,7,7,8,11,8,10,3,9,4,6,6,11,5,7,6,6,7,14,6,7,,14,,,b'\x11\xe8\xe1I\xd9s\x068\x98|\x12\xdf\x17\xaeN\x1e'
11E8E149-D973-0638-987C-12DF17AE4E1E,2024-ncaa-d2-natl,ncaa,136,74,260,113,265,254,235,256,162,192,175,197,268,276,177,264,258,258,207,258,262,258,266,199,208,214,274,248,207,203,154,170,177,186,137,231,202,85,190,200,227,215,221,221,,,17,30,,,152,270,108,127,197,152,127,90,48,252,262,228,209,209,150,115,122,21,43,189,193,189,190,,72,,,153,17,26,53,38,60,120,59,16,43,8,59,73,147,3,148,177,57,42,23,12,36,37,32,187,169,177,52,154,78,137,29,89,230,199,117,118,203,42,49,,,280,261,,,152,37,206,57,146,89,116,235,188,259,28,98,149,229,233,246,220,256,193,240,90,166,203,86,,256,,,b'\x11\xe8\xe1I\xd9s\x068\x98|\x12\xdf\x17\xaeN\x1e'
11E8E149-D973-0638-987C-12DF17AE4E1E,2025-ncaa-d2-conf-SIAC,genius_ncaa,3,3,3,3,3,3,3,3,5,3,3,6,6,6,9,8,7,7,4,7,12,3,3,7,7,4,9,8,9,4,5,3,2,3,4,2,3,2,2,1,6,7,11,12,,,6,3,,3,3,5,14,9,8,7,8,7,8,8,8,9,12,12,12,13,5,5,5,3,1,12,13,,1,,1,3,5,4,10,1,7,11,1,3,4,2,4,6,5,11,6,4,9,12,1,1,1,4,2,7,6,2,11,5,9,4,2,1,4,6,1,2,1,10,10,,,4,5,,4,3,12,3,1,3,1,1,3,1,5,1,2,2,2,2,1,1,3,5,4,1,11,1,10,,10,,5,b'\x11\xe8\xe1I\xd9s\x068\x98|\x12\xdf\x17\xaeN\x1e'
11E8E149-D973-0638-987C-12DF17AE4E1E,2025-ncaa-d2-natl,genius_ncaa,56,79,43,67,61,152,155,89,247,110,42,257,240,225,255,264,67,54,164,54,142,83,86,268,252,227,230,264,35,28,47,79,155,46,86,177,184,191,145,199,86,111,252,270,,,173,117,,79,82,108,243,163,244,245,188,166,73,274,271,96,90,90,162,181,47,138,68,230,132,134,272,,91,,59,84,56,43,151,6,95,223,5,24,44,13,28,247,247,71,245,200,170,213,3,5,8,90,25,288,221,155,209,47,230,86,19,21,45,48,6,143,93,138,78,,,62,84,,85,82,207,196,12,71,10,7,25,32,141,7,16,185,203,204,41,83,162,128,136,4,75,88,101,,97,,104,b'\x11\xe8\xe1I\xd9s\x068\x98|\x12\xdf\x17\xaeN\x1e'
11E8E149-D973-0638-987C-12DF17AE4E1E,2026-ncaa-d2-conf-SIAC,genius_ncaa,4,2,10,4,10,11,11,12,3,11,11,6,11,12,4,10,12,12,7,12,10,13,12,5,6,7,11,9,10,13,10,10,4,12,6,9,7,5,9,7,11,6,5,7,,,4,6,,8,6,12,12,1,10,9,11,9,10,8,11,9,10,10,12,12,10,5,10,7,9,8,5,,4,,8,6,3,3,3,5,4,4,8,1,2,3,3,5,4,11,4,7,4,3,3,5,4,2,2,9,4,4,3,10,3,6,1,1,11,4,1,5,9,11,12,,,12,4,,4,6,3,6,4,6,3,4,4,5,6,1,2,6,5,5,5,3,5,4,4,1,8,9,12,,7,,3,b'\x11\xe8\xe1I\xd9s\x068\x98|\x12\xdf\x17\xaeN\x1e'
11E8E149-D973-0638-987C-12DF17AE4E1E,2026-ncaa-d2-natl,genius_ncaa,107,53,221,87,224,248,239,256,103,199,196,169,257,282,99,281,216,172,275,174,126,250,243,144,162,201,251,251,112,236,175,244,149,247,168,213,138,125,245,200,137,73,177,151,,,82,196,,105,126,242,146,21,195,166,229,98,72,248,285,137,70,75,197,131,182,164,182,148,240,75,134,,207,,165,124,42,39,38,122,84,84,134,9,10,17,14,132,144,117,142,227,43,57,53,82,48,28,5,274,70,149,68,175,60,168,19,27,143,39,16,148,239,167,215,,,203,66,,132,126,57,211,48,126,74,73,53,178,211,6,10,241,252,256,97,174,136,141,142,21,43,234,236,,63,,86,b'\x11\xe8\xe1I\xd9s\x068\x98|\x12\xdf\x17\xaeN\x1e'
11E8E149-D977-6F66-987C-12DF17AE4E1E,2018-ncaa-d2-conf-CCAA,ncaa,1,1,1,1,2,1,1,3,1,1,4,1,2,2,1,4,5,4,3,4,8,2,3,1,1,1,6,2,11,3,2,1,1,1,1,1,3,3,2,1,11,11,8,9,,,2,2,,,1,2,10,9,1,1,6,2,7,2,4,5,9,9,5,9,6,1,2,1,2,11,9,,1,,,1,8,10,11,6,9,11,4,8,8,11,5,4,3,9,3,1,10,7,6,6,10,7,9,3,1,1,3,2,1,1,2,2,11,11,8,10,7,10,9,,,5,9,,,1,12,1,4,1,2,7,7,6,7,7,6,1,1,1,2,1,1,1,1,1,12,6,8,,11,,,b'\x11\xe8\xe1I\xd9wof\x98|\x12\xdf\x17\xaeN\x1e'
11E8E149-D977-6F66-987C-12DF17AE4E1E,2018-ncaa-d2-natl,ncaa,10,18,7,18,7,13,13,22,34,27,39,53,23,50,7,143,50,68,76,68,179,25,27,26,26,20,124,101,212,39,47,6,2,6,2,12,45,155,50,23,207,257,121,186,,,141,48,,,23,29,254,199,52,52,156,81,156,63,143,129,168,170,150,215,113,21,37,33,38,277,181,,13,,,26,259,264,286,75,230,288,32,261,230,268,122,153,138,207,136,40,280,251,88,73,155,184,241,84,51,2,198,47,134,2,149,30,223,287,211,223,114,218,124,,,46,150,,,23,280,12,102,24,60,77,126,66,165,167,108,39,32,30,86,18,5,17,4,30,297,93,116,,200,,,b'\x11\xe8\xe1I\xd9wof\x98|\x12\xdf\x17\xaeN\x1e'
11E8E149-D977-6F66-987C-12DF17AE4E1E,2019-ncaa-d2-conf-CCAA,ncaa,1,1,1,1,1,1,1,2,1,3,6,1,1,1,1,1,4,4,2,4,7,3,3,1,1,1,1,1,13,4,6,1,2,2,2,1,2,2,1,1,9,11,3,4,,,3,1,,,1,3,6,8,1,1,2,4,9,1,1,5,8,8,3,5,6,1,2,1,2,11,3,,1,,,1,5,8,12,1,9,12,1,5,6,1,4,4,3,12,3,1,12,11,1,1,1,3,5,5,8,2,11,6,9,2,2,2,8,10,5,6,5,10,10,,,4,9,,,1,11,1,1,1,1,1,9,3,11,2,4,4,1,1,6,5,4,4,3,2,10,4,8,,9,,,b'\x11\xe8\xe1I\xd9wof\x98|\x12\xdf\x17\xaeN\x1e'
11E8E149-D977-6F66-987C-12DF17AE4E1E,2019-ncaa-d2-natl,ncaa,4,1,30,2,30,21,25,23,51,56,99,52,6,9,28,38,42,67,71,69,99,28,45,34,33,14,37,35,221,64,109,8,31,13,39,16,36,39,8,3,196,261,87,143,,,112,24,,,13,39,164,78,13,24,31,123,198,11,19,82,121,130,37,123,102,7,21,13,13,263,115,,27,,,10,159,167,289,14,202,291,16,94,184,20,76,182,167,204,157,42,286,268,7,10,29,82,76,173,191,31,259,109,251,39,63,26,164,247,92,182,87,264,234,,,66,173,,,13,270,12,27,11,42,56,223,99,263,42,100,80,75,69,181,138,115,150,131,24,249,99,224,,159,,,b'\x11\xe8\xe1I\xd9wof\x98|\x12\xdf\x17\xaeN\x1e'
11E8E149-D977-6F66-987C-12DF17AE4E1E,2020-ncaa-d2-conf-CCAA,ncaa,1,1,1,1,1,1,1,1,4,7,9,4,1,1,4,1,6,9,2,9,7,3,4,3,2,3,1,1,11,8,9,1,4,2,5,1,3,2,2,1,13,13,8,9,,,8,6,,,1,3,8,3,1,4,5,12,13,1,1,7,12,12,5,10,11,1,4,2,2,13,9,,4,,,1,3,2,13,1,4,12,1,4,11,2,7,10,10,9,10,5,13,12,1,1,1,9,7,10,8,4,9,9,8,5,2,3,11,12,4,4,3,12,12,,,4,7,,,1,11,3,1,1,2,1,9,2,9,4,7,6,7,5,9,4,4,4,4,1,13,2,10,,10,,,b'\x11\xe8\xe1I\xd9wof\x98|\x12\xdf\x17\xaeN\x1e'
11E8E149-D977-6F66-987C-12DF17AE4E1E,2020-ncaa-d2-natl,ncaa,18,22,17,23,28,40,63,40,134,153,169,128,15,10,76,21,90,151,31,150,139,52,91,89,82,44,24,19,202,175,207,34,86,62,112,46,94,21,9,13,280,304,237,267,,,181,110,,,34,71,213,104,79,104,81,230,258,20,21,140,214,212,103,224,235,57,127,74,4,304,264,,93,,,35,132,113,277,15,106,255,12,180,254,44,183,197,171,219,168,108,273,232,18,18,52,229,198,211,187,86,208,207,215,112,52,29,222,278,118,60,32,155,168,,,88,122,,,34,235,55,53,40,49,42,197,44,171,121,191,132,118,116,177,94,126,110,109,19,286,24,114,,169,,,b'\x11\xe8\xe1I\xd9wof\x98|\x12\xdf\x17\xaeN\x1e'
11E8E149-D977-6F66-987C-12DF17AE4E1E,2021-ncaa-d0-natl,ncaa,249,104,304,211,307,304,309,307,296,327,322,319,160,191,68,13,313,317,126,317,214,311,314,218,228,192,4,1,282,313,284,309,87,313,240,289,54,17,96,104,321,295,315,293,,,26,114,,,221,313,258,109,241,278,170,336,321,16,20,286,301,301,214,275,252,198,247,151,67,303,293,,71,,,243,39,44,37,232,41,36,205,71,56,285,213,27,26,332,27,55,33,28,249,251,281,186,239,75,22,87,50,284,37,240,40,130,318,265,265,48,242,51,269,,,320,269,,,221,31,208,260,250,193,220,177,182,159,246,190,93,51,52,126,63,59,286,201,181,288,215,175,,298,,,b'\x11\xe8\xe1I\xd9wof\x98|\x12\xdf\x17\xaeN\x1e'
11E8E149-D977-6F66-987C-12DF17AE4E1E,2021-ncaa-d1-conf-Big West,ncaa,8,6,6,8,7,7,7,6,10,10,8,10,2,1,3,1,10,8,5,9,7,7,7,7,9,7,1,1,9,6,8,8,5,7,8,6,4,3,2,3,7,8,9,9,,,2,4,,,9,6,3,4,7,8,2,10,8,1,1,8,9,9,5,5,7,5,4,4,3,8,7,,3,,,9,5,6,4,9,6,5,8,5,5,7,4,3,2,10,2,3,4,5,10,9,10,4,5,1,1,5,6,8,5,8,5,3,8,7,8,6,9,7,9,,,8,8,,,9,5,7,9,9,9,9,7,9,7,6,5,4,2,2,7,7,3,10,10,7,7,8,9,,8,,,b'\x11\xe8\xe1I\xd9wof\x98|\x12\xdf\x17\xaeN\x1e'
11E8E149-D977-6F66-987C-12DF17AE4E1E,2021-ncaa-d1-natl,ncaa,258,104,307,220,308,307,314,310,300,328,325,321,164,194,70,13,314,319,127,319,218,313,316,222,233,196,4,1,281,314,288,309,90,315,248,294,53,16,97,106,324,298,317,295,,,26,115,,,230,316,265,109,247,286,175,337,324,16,20,287,304,304,223,278,260,206,256,157,66,306,294,,72,,,251,36,41,35,241,39,33,209,66,54,289,212,27,26,332,27,56,32,25,255,259,291,182,235,74,22,90,45,288,32,248,38,132,320,268,272,46,246,46,274,,,320,268,,,230,28,216,270,258,204,228,178,189,162,248,189,96,52,52,132,61,61,288,206,187,291,219,179,,300,,,b'\x11\xe8\xe1I\xd9wof\x98|\x12\xdf\x17\xaeN\x1e'
11E8E149-D977-6F66-987C-12DF17AE4E1E,2022-ncaa-d0-natl,ncaa,214,157,295,208,305,292,297,270,309,339,334,312,76,70,131,21,344,352,87,352,333,295,316,234,255,236,20,11,343,289,284,165,126,224,194,204,39,43,160,115,346,334,157,100,,,62,183,,,197,311,231,176,259,251,138,340,314,36,25,340,350,350,231,245,254,35,82,127,137,334,111,,171,,,199,32,31,103,18,30,67,59,118,232,20,310,73,43,328,40,119,81,44,22,36,91,259,253,197,116,126,161,284,133,194,44,181,337,322,262,183,293,154,309,,,350,344,,,197,42,243,120,201,104,95,271,80,157,193,324,146,111,92,246,161,234,307,299,123,321,270,247,,349,,,b'\x11\xe8\xe1I\xd9wof\x98|\x12\xdf\x17\xaeN\x1e'
11E8E149-D977-6F66-987C-12DF17AE4E1E,2022-ncaa-d1-conf-Big West,ncaa,5,5,5,5,6,6,6,4,7,11,9,8,1,2,3,2,10,11,2,11,10,6,6,3,6,5,2,1,11,9,10,3,3,4,7,4,2,4,4,2,11,11,6,6,,,2,1,,,7,6,5,5,7,4,3,11,8,1,1,11,11,11,6,7,8,2,2,2,4,11,6,,2,,,7,5,7,9,2,6,7,3,4,10,4,7,2,2,8,1,2,8,7,3,3,6,4,6,2,8,3,8,10,9,7,6,4,8,10,8,9,9,11,11,,,11,11,,,7,7,5,7,7,8,8,11,7,10,5,10,2,2,1,10,9,10,9,10,7,10,9,10,,11,,,b'\x11\xe8\xe1I\xd9wof\x98|\x12\xdf\x17\xaeN\x1e'
11E8E149-D977-6F66-987C-12DF17AE4E1E,2022-ncaa-d1-natl,ncaa,219,157,304,208,315,300,296,274,294,341,338,292,76,76,106,24,344,351,131,351,333,310,327,207,244,218,29,11,346,297,280,157,133,227,194,190,33,38,153,105,344,332,129,79,,,57,188,,,190,321,238,177,247,238,142,336,313,38,31,345,350,350,234,254,258,32,81,102,124,327,86,,174,,,189,27,30,103,12,31,67,44,117,229,14,306,72,43,322,35,110,78,40,19,21,85,256,243,195,140,133,157,280,136,194,38,185,340,321,259,169,288,167,310,,,350,349,,,190,34,238,105,190,85,86,269,73,166,187,320,138,102,93,240,162,240,303,297,125,318,261,253,,350,,,b'\x11\xe8\xe1I\xd9wof\x98|\x12\xdf\x17\xaeN\x1e'
11E8E149-D977-6F66-987C-12DF17AE4E1E,2023-ncaa-d0-natl,ncaa,195,203,164,209,222,252,273,288,250,331,346,181,91,62,199,20,262,304,50,310,125,295,279,177,170,206,22,20,206,325,322,123,47,204,186,173,36,215,287,195,294,279,220,177,,,105,172,,,236,259,276,291,282,302,320,345,352,75,45,266,317,322,331,320,334,76,222,168,231,299,213,,116,,,236,127,98,126,143,55,72,137,272,244,259,302,122,129,122,121,212,121,90,191,176,245,308,318,160,64,47,177,322,119,186,101,135,297,289,257,271,320,131,301,,,249,171,,,236,98,249,216,244,137,122,125,65,63,289,273,138,150,137,108,54,68,211,143,109,313,278,139,,250,,,b'\x11\xe8\xe1I\xd9wof\x98|\x12\xdf\x17\xaeN\x1e'
11E8E149-D977-6F66-987C-12DF17AE4E1E,2023-ncaa-d1-conf-Big West,ncaa,6,6,8,6,8,9,9,10,7,11,11,5,3,3,5,2,10,10,2,10,6,11,11,5,5,6,1,2,9,11,11,4,1,9,3,5,1,7,10,4,11,10,5,4,,,2,3,,,6,9,3,8,8,8,9,11,11,2,2,9,10,10,11,10,10,1,5,2,9,10,3,,2,,,6,3,6,4,7,6,4,6,5,5,7,7,2,3,2,3,5,3,3,7,7,9,6,10,3,1,1,2,11,2,3,3,4,11,10,10,8,11,4,7,,,11,10,,,6,3,8,7,7,7,9,9,7,6,10,7,5,6,6,5,2,1,7,2,5,10,10,5,,10,,,b'\x11\xe8\xe1I\xd9wof\x98|\x12\xdf\x17\xaeN\x1e'
11E8E149-D977-6F66-987C-12DF17AE4E1E,2023-ncaa-d1-natl,ncaa,219,203,219,219,293,292,304,328,258,345,356,188,106,73,203,18,279,322,50,328,122,331,329,188,177,217,22,20,205,340,329,158,51,258,199,204,40,188,293,209,322,300,237,180,,,79,180,,,263,311,281,291,292,313,326,349,354,78,48,271,321,324,334,324,338,84,237,179,232,310,216,,117,,,264,82,74,81,165,44,45,156,256,223,272,301,99,114,129,108,217,72,39,215,200,272,309,319,160,46,51,140,329,83,199,86,137,330,300,270,253,323,121,307,,,274,160,,,263,46,261,245,273,154,135,129,72,64,295,274,147,152,145,113,52,70,213,147,127,322,285,148,,250,,,b'\x11\xe8\xe1I\xd9wof\x98|\x12\xdf\x17\xaeN\x1e'
11E8E149-D977-6F66-987C-12DF17AE4E1E,2024-ncaa-d0-natl,ncaa,264,251,258,268,259,318,328,297,333,339,319,306,213,160,305,74,258,253,192,250,107,295,290,313,311,314,62,109,95,197,174,186,74,188,126,305,221,194,283,305,251,185,204,131,,,65,178,,,221,304,322,24,320,343,287,343,307,185,114,225,228,227,279,251,154,102,116,315,258,221,189,,124,,,226,28,16,60,41,12,22,68,191,223,122,325,106,76,302,79,233,47,44,71,89,102,337,325,227,63,74,124,174,81,126,55,201,262,169,143,320,345,130,260,,,147,27,,,221,47,312,95,239,56,38,85,13,19,246,288,151,126,127,64,48,89,219,155,90,215,339,173,,59,,,b'\x11\xe8\xe1I\xd9wof\x98|\x12\xdf\x17\xaeN\x1e'
11E8E149-D977-6F66-987C-12DF17AE4E1E,2024-ncaa-d1-conf-Big West,ncaa,8,7,8,8,8,10,11,10,10,10,8,9,6,6,10,5,8,8,8,8,4,9,9,10,10,10,5,5,3,3,3,6,6,5,4,11,8,6,7,11,10,10,7,6,,,5,10,,,6,11,9,2,10,11,7,9,7,6,6,8,6,6,6,6,3,3,1,11,8,10,7,,8,,,6,1,1,4,1,1,2,2,4,6,1,8,7,7,9,7,10,4,1,1,3,3,10,5,10,7,6,3,3,5,4,2,6,9,7,6,7,11,5,5,,,4,2,,,6,1,10,3,6,3,1,4,1,4,4,8,9,9,9,6,4,7,7,6,4,8,9,6,,3,,,b'\x11\xe8\xe1I\xd9wof\x98|\x12\xdf\x17\xaeN\x1e'
11E8E149-D977-6F66-987C-12DF17AE4E1E,2024-ncaa-d1-natl,ncaa,243,253,194,253,199,292,307,253,323,326,296,289,194,131,298,76,221,233,191,231,110,255,252,298,293,302,75,115,106,153,146,142,64,153,103,273,180,220,255,280,202,154,186,116,,,74,151,,,193,273,317,30,303,330,258,334,294,184,109,216,220,222,266,239,137,96,100,288,241,185,176,,93,,,193,28,20,74,34,14,26,73,204,271,71,340,109,74,321,76,208,61,66,58,73,71,333,328,219,68,64,162,146,108,103,61,203,206,139,127,323,337,164,256,,,108,35,,,193,76,284,62,202,44,28,74,12,17,224,296,130,99,96,56,47,77,205,137,79,188,327,186,,70,,,b'\x11\xe8\xe1I\xd9wof\x98|\x12\xdf\x17\xaeN\x1e'
11E8E149-D977-6F66-987C-12DF17AE4E1E,2025-ncaa-d0-natl,genius_ncaa,122,176,29,148,30,112,114,49,276,124,69,274,141,87,252,175,113,112,211,119,234,53,55,270,278,234,167,171,177,98,247,53,134,60,236,188,293,235,105,211,18,21,161,138,,,317,217,,314,114,46,191,13,207,201,97,215,134,193,147,204,194,205,102,133,173,114,135,268,115,23,213,,214,,271,117,192,147,252,33,56,103,105,314,345,74,351,204,253,37,245,280,259,304,80,77,25,335,328,212,251,134,360,247,348,236,238,304,20,29,43,179,94,209,115,,,45,108,,94,114,314,233,28,122,59,36,79,12,7,266,325,128,156,147,78,195,161,339,299,147,27,100,135,,98,,139,b'\x11\xe8\xe1I\xd9wof\x98|\x12\xdf\x17\xaeN\x1e'
11E8E149-D977-6F66-987C-12DF17AE4E1E,2025-ncaa-d1-conf-Big West,genius_ncaa,1,3,1,3,1,1,1,1,6,1,1,5,3,4,4,8,6,6,8,6,11,1,1,5,5,3,9,7,10,2,5,4,6,3,8,4,9,5,2,4,1,1,6,6,,,8,6,,7,2,1,3,5,2,2,2,2,3,5,6,8,7,7,2,3,3,6,6,6,2,1,6,,4,,7,3,7,6,8,5,4,7,6,10,10,4,9,5,5,3,5,6,8,11,5,4,4,10,9,3,10,6,11,5,11,8,9,10,1,1,3,4,1,6,3,,,2,6,,4,2,11,3,4,4,4,4,5,2,1,9,8,3,4,4,5,7,7,9,7,8,1,3,4,,4,,4,b'\x11\xe8\xe1I\xd9wof\x98|\x12\xdf\x17\xaeN\x1e'
11E8E149-D977-6F66-987C-12DF17AE4E1E,2025-ncaa-d1-natl,genius_ncaa,117,176,25,146,26,114,109,41,281,120,62,282,130,82,253,171,132,127,226,138,248,48,48,275,286,240,173,167,192,89,245,55,137,51,244,184,288,228,102,210,16,21,142,109,,,312,209,,309,107,47,203,11,214,204,93,221,133,193,145,224,206,216,109,147,168,130,148,272,110,23,193,,202,,262,113,183,146,258,38,54,95,103,308,344,70,350,203,249,33,239,280,262,318,75,71,25,335,326,207,259,137,360,245,353,244,229,298,17,28,43,176,88,229,131,,,42,110,,104,107,315,236,24,113,44,31,69,11,8,256,323,121,148,143,67,185,161,339,302,129,29,97,158,,102,,148,b'\x11\xe8\xe1I\xd9wof\x98|\x12\xdf\x17\xaeN\x1e'
11E8E149-D977-6F66-987C-12DF17AE4E1E,2025-ncaa-d1-ncaatournament,genius_ncaa,37,2,37,37,38,54,53,52,53,60,55,62,32,40,25,11,61,64,10,63,63,56,56,44,47,49,6,2,59,54,54,57,6,58,47,39,4,17,39,31,49,27,39,27,,,17,55,,24,39,50,41,7,53,50,33,60,50,5,11,60,63,62,42,47,49,54,57,16,36,34,23,,37,,43,42,6,6,4,51,7,15,34,12,2,67,3,17,16,40,16,41,3,6,50,53,47,35,30,41,4,6,15,54,7,47,17,58,41,15,33,23,56,15,43,,,54,47,,22,39,10,51,34,47,28,25,6,29,34,31,2,42,40,41,5,7,5,49,27,44,19,49,30,,46,,3,b'\x11\xe8\xe1I\xd9wof\x98|\x12\xdf\x17\xaeN\x1e'
11E8E149-D977-6F66-987C-12DF17AE4E1E,2026-ncaa-d0-natl,genius_ncaa,163,152,206,171,216,185,165,189,146,161,206,117,151,145,206,107,293,288,231,289,314,198,230,139,175,136,234,136,325,296,337,243,296,264,338,184,239,63,76,114,84,49,166,114,,,170,172,,141,108,215,72,97,141,100,67,107,145,122,84,298,290,295,111,172,301,208,279,146,78,46,144,,236,,154,105,82,71,118,60,51,78,110,181,234,95,318,129,174,37,178,283,124,159,84,71,40,302,289,214,266,296,260,337,268,338,135,296,71,31,61,44,59,184,202,,,306,335,,157,108,151,174,60,108,105,85,171,53,54,231,301,170,223,226,184,315,315,349,342,186,16,57,223,,326,,140,b'\x11\xe8\xe1I\xd9wof\x98|\x12\xdf\x17\xaeN\x1e'
11E8E149-D977-6F66-987C-12DF17AE4E1E,2026-ncaa-d1-conf-Big West,genius_ncaa,4,1,10,1,10,10,10,10,1,10,11,1,8,9,4,2,10,10,11,10,10,11,10,2,2,3,9,5,10,10,3,10,4,10,2,7,2,2,6,3,4,1,8,5,,,1,1,,2,4,11,6,1,2,2,2,2,5,3,1,10,10,10,5,5,4,5,2,1,6,2,6,,1,,5,2,1,1,1,2,1,1,1,2,1,5,11,1,1,1,1,1,1,2,4,3,2,11,11,1,2,4,1,3,1,2,3,11,8,1,5,2,6,4,9,,,11,10,,10,4,1,2,2,2,2,2,2,1,1,9,10,1,1,1,1,4,3,2,1,7,2,7,7,,10,,3,b'\x11\xe8\xe1I\xd9wof\x98|\x12\xdf\x17\xaeN\x1e'
11E8E149-D977-6F66-987C-12DF17AE4E1E,2026-ncaa-d1-natl,genius_ncaa,163,152,177,171,197,182,145,174,119,138,195,84,163,141,239,114,302,303,229,299,316,202,227,129,155,126,279,164,333,306,334,200,271,255,331,178,237,67,78,99,82,71,150,103,,,157,139,,152,105,200,100,100,137,87,83,87,152,147,104,305,302,302,138,200,308,153,249,137,77,65,140,,188,,160,98,74,67,148,46,40,73,74,228,272,103,323,113,163,34,161,260,133,184,64,54,40,320,313,176,273,271,276,334,284,331,171,320,74,52,94,46,61,158,173,,,325,335,,162,105,164,164,58,106,90,67,182,37,54,258,319,128,193,192,178,289,306,339,336,204,42,58,182,,332,,155,b'\x11\xe8\xe1I\xd9wof\x98|\x12\xdf\x17\xaeN\x1e'
11E8E149-D97B-B3C8-987C-12DF17AE4E1E,2018-ncaa-d2-conf-RMAC,ncaa,10,9,9,10,11,13,11,11,12,12,11,11,8,8,10,5,14,15,11,15,15,11,11,11,13,11,8,5,14,11,12,8,5,9,11,12,12,5,10,10,10,8,10,10,,,5,11,,,10,12,10,9,13,11,8,12,11,7,5,14,14,14,10,10,11,6,7,12,10,8,10,,10,,,10,2,2,3,4,2,1,7,8,9,3,13,5,5,6,5,11,2,1,4,4,6,12,13,9,3,5,9,12,7,11,2,5,13,10,7,7,10,2,1,,,12,12,,,10,4,12,7,10,5,5,8,5,3,12,12,7,9,9,7,4,8,13,10,3,12,9,2,,12,,,b'\x11\xe8\xe1I\xd9{\xb3\xc8\x98|\x12\xdf\x17\xaeN\x1e'
11E8E149-D97B-B3C8-987C-12DF17AE4E1E,2018-ncaa-d2-natl,ncaa,196,206,148,204,170,270,241,200,263,247,216,239,191,143,265,92,294,293,177,295,301,231,244,261,267,260,199,110,287,255,275,134,49,195,194,257,215,96,174,222,241,217,260,245,,,184,274,,,238,237,275,87,296,279,220,266,220,200,137,301,304,304,266,278,266,104,208,268,104,250,266,,207,,,236,59,43,88,66,31,38,113,171,219,57,285,162,148,206,141,237,83,66,91,103,165,266,242,231,54,49,210,275,141,194,40,122,266,246,196,119,189,11,14,,,255,228,,,238,68,275,146,244,74,42,73,34,26,180,241,181,160,155,78,30,51,236,154,59,276,120,11,,272,,,b'\x11\xe8\xe1I\xd9{\xb3\xc8\x98|\x12\xdf\x17\xaeN\x1e'
11E8E149-D97B-B3C8-987C-12DF17AE4E1E,2019-ncaa-d2-conf-RMAC,ncaa,7,6,11,6,15,10,10,9,10,10,7,10,6,8,2,8,12,14,4,14,15,9,11,8,8,8,9,7,14,10,10,4,4,6,5,3,1,7,9,2,14,13,4,3,,,5,6,,,7,13,4,11,9,7,7,9,6,6,7,10,13,13,7,8,8,2,4,1,10,12,2,,5,,,7,4,3,8,3,2,7,2,11,7,10,9,5,7,2,7,7,7,3,3,3,4,14,14,7,8,4,6,10,6,5,8,15,12,11,13,11,11,10,10,,,14,15,,,7,4,9,4,7,8,6,12,5,12,13,9,6,8,7,11,11,8,10,10,11,10,11,13,,14,,,b'\x11\xe8\xe1I\xd9{\xb3\xc8\x98|\x12\xdf\x17\xaeN\x1e'
11E8E149-D97B-B3C8-987C-12DF17AE4E1E,2019-ncaa-d2-natl,ncaa,145,160,118,153,170,200,174,192,152,183,169,190,134,185,54,171,265,281,103,280,286,216,207,140,154,174,169,111,267,221,215,96,22,138,87,87,17,169,211,105,230,215,101,82,,,99,144,,,148,201,249,255,233,198,235,192,181,140,204,280,290,290,269,266,236,65,135,67,163,242,104,,89,,,147,77,74,119,77,44,92,54,241,196,241,248,86,87,166,79,138,104,85,107,105,139,271,280,135,54,22,136,215,84,87,169,260,226,211,234,223,248,164,162,,,246,244,,,148,108,198,112,146,71,61,97,34,67,235,202,76,81,75,77,42,42,121,74,160,250,210,162,,275,,,b'\x11\xe8\xe1I\xd9{\xb3\xc8\x98|\x12\xdf\x17\xaeN\x1e'
11E8E149-D97B-B3C8-987C-12DF17AE4E1E,2020-ncaa-d2-conf-RMAC,ncaa,10,10,13,10,16,12,7,6,7,1,1,7,16,16,14,16,13,13,14,13,16,6,5,13,14,14,16,16,15,5,4,8,9,6,6,7,9,13,10,8,7,7,7,4,,,13,12,,,10,8,1,13,7,2,2,1,1,16,16,13,11,11,3,1,4,2,2,5,13,6,4,,14,,,10,4,3,7,4,3,5,3,10,10,10,10,9,13,2,13,14,7,9,4,4,3,15,11,12,12,9,9,4,10,6,10,12,6,6,6,12,12,4,1,,,9,10,,,10,11,13,3,10,11,7,12,5,8,12,12,14,16,16,14,16,13,14,15,11,3,14,4,,6,,,b'\x11\xe8\xe1I\xd9{\xb3\xc8\x98|\x12\xdf\x17\xaeN\x1e'
11E8E149-D97B-B3C8-987C-12DF17AE4E1E,2020-ncaa-d2-natl,ncaa,179,203,102,192,131,193,147,93,203,91,45,214,236,231,228,259,267,249,245,250,306,127,114,231,244,235,295,242,284,96,136,90,116,83,127,143,147,212,183,171,139,143,111,83,,,214,213,,,179,130,149,159,218,163,108,88,36,256,251,286,271,274,148,130,109,81,81,156,195,148,114,,202,,,181,137,106,161,72,60,85,71,265,264,199,269,177,216,41,220,256,168,176,111,98,98,294,287,194,156,116,224,136,205,127,203,270,114,121,153,220,193,77,28,,,173,221,,,179,182,228,103,179,109,91,119,41,42,251,260,164,203,208,136,151,138,204,193,181,127,206,68,,203,,,b'\x11\xe8\xe1I\xd9{\xb3\xc8\x98|\x12\xdf\x17\xaeN\x1e'
11E8E149-D97B-B3C8-987C-12DF17AE4E1E,2021-ncaa-d2-conf-RMAC,ncaa,9,10,10,9,10,10,10,10,10,10,10,9,10,11,7,9,11,11,9,11,12,10,10,11,11,11,10,8,10,10,12,10,9,10,10,10,10,10,12,13,8,8,5,4,,,5,2,,,11,10,2,3,12,12,7,7,4,9,9,10,9,10,10,5,11,5,6,10,12,6,3,,3,,,10,5,6,5,6,7,6,6,4,7,3,6,6,8,1,8,8,5,5,5,4,4,4,3,7,5,9,6,12,5,10,7,7,8,9,7,10,13,2,1,,,11,12,,,11,5,12,6,9,10,9,11,9,10,4,9,9,10,12,13,12,10,8,10,8,8,11,1,,11,,,b'\x11\xe8\xe1I\xd9{\xb3\xc8\x98|\x12\xdf\x17\xaeN\x1e'
11E8E149-D97B-B3C8-987C-12DF17AE4E1E,2021-ncaa-d2-natl,ncaa,140,156,132,158,133,155,148,143,159,144,136,167,142,149,109,128,174,169,150,170,196,149,144,157,162,175,145,99,175,169,188,132,107,146,144,162,175,113,183,194,120,113,50,33,,,70,43,,,174,140,114,29,183,173,147,147,109,131,140,200,197,199,167,147,188,103,157,187,168,108,33,,57,,,166,87,93,92,77,93,94,88,84,103,58,120,84,100,27,101,130,94,87,69,61,82,94,99,118,86,107,92,188,87,144,81,83,146,167,121,133,187,30,15,,,157,176,,,174,87,189,86,161,107,111,152,117,134,101,142,104,135,139,156,130,107,117,104,89,157,176,14,,185,,,b'\x11\xe8\xe1I\xd9{\xb3\xc8\x98|\x12\xdf\x17\xaeN\x1e'
11E8E149-D97B-B3C8-987C-12DF17AE4E1E,2022-ncaa-d2-conf-RMAC,ncaa,7,8,2,7,3,6,4,5,5,1,1,9,15,15,11,15,9,3,15,3,11,3,2,11,11,12,15,15,11,2,2,3,3,2,1,6,10,15,13,11,5,5,6,7,,,14,12,,,7,2,5,4,12,6,7,1,1,15,15,11,6,6,5,3,3,4,1,7,14,5,6,,13,,,7,10,6,10,5,5,8,4,9,12,9,5,15,15,10,15,12,12,14,5,5,5,12,5,14,10,3,7,2,8,1,9,11,4,5,5,14,13,3,2,,,3,8,,,7,14,11,4,7,6,4,6,3,6,8,7,15,15,14,7,12,8,4,4,9,4,14,3,,6,,,b'\x11\xe8\xe1I\xd9{\xb3\xc8\x98|\x12\xdf\x17\xaeN\x1e'
11E8E149-D97B-B3C8-987C-12DF17AE4E1E,2022-ncaa-d2-natl,ncaa,174,203,106,189,108,158,126,139,108,53,38,154,283,287,235,298,161,69,300,64,176,120,89,184,214,237,297,292,169,31,15,104,97,61,21,130,163,282,250,227,95,116,95,69,,,261,262,,,168,115,158,19,208,136,172,32,23,290,298,188,67,66,136,78,31,113,45,152,267,115,96,,258,,,166,146,81,126,66,69,123,59,147,146,156,145,277,277,158,275,284,159,179,79,130,100,275,157,291,129,97,71,15,91,21,129,199,82,86,85,282,256,85,29,,,52,57,,,168,191,208,91,159,110,40,56,39,75,128,127,272,270,263,111,151,118,33,53,109,92,264,73,,41,,,b'\x11\xe8\xe1I\xd9{\xb3\xc8\x98|\x12\xdf\x17\xaeN\x1e'
11E8E149-D97B-B3C8-987C-12DF17AE4E1E,2023-ncaa-d2-conf-RMAC,ncaa,9,9,7,9,10,12,7,5,12,5,1,12,15,15,14,15,13,8,15,8,14,6,8,15,15,15,15,15,13,3,2,11,12,5,8,9,10,9,9,10,7,6,6,6,,,8,10,,,8,10,10,8,14,6,5,3,1,15,15,13,10,9,4,6,2,12,4,9,10,7,6,,10,,,8,5,3,2,7,4,8,4,6,4,10,6,8,8,14,8,6,2,6,7,8,7,11,7,12,10,12,6,2,8,8,2,6,6,6,5,6,5,14,9,,,13,13,,,8,6,13,7,8,5,5,5,5,8,7,5,9,8,8,5,6,11,6,9,3,4,7,15,,13,,,b'\x11\xe8\xe1I\xd9{\xb3\xc8\x98|\x12\xdf\x17\xaeN\x1e'
11E8E149-D97B-B3C8-987C-12DF17AE4E1E,2023-ncaa-d2-natl,ncaa,183,206,148,199,177,198,158,130,207,77,41,210,278,273,282,281,229,150,292,149,248,132,134,250,277,249,292,283,211,33,23,203,205,108,111,172,203,127,126,167,78,55,134,103,,,201,244,,,190,188,189,208,219,142,68,43,14,284,277,238,142,143,79,83,20,221,68,189,149,63,125,,231,,,188,97,74,88,121,74,93,117,112,111,154,137,218,204,187,192,230,101,115,126,158,139,225,145,253,160,205,121,23,142,111,48,71,137,107,72,105,92,185,102,,,169,185,,,190,101,208,154,193,116,84,74,85,89,130,124,231,220,213,95,122,178,143,161,68,115,117,196,,150,,,b'\x11\xe8\xe1I\xd9{\xb3\xc8\x98|\x12\xdf\x17\xaeN\x1e'
11E8E149-D97B-B3C8-987C-12DF17AE4E1E,2024-ncaa-d2-conf-RMAC,ncaa,2,4,1,4,1,2,3,2,4,1,1,7,7,12,2,15,3,1,15,1,5,2,2,6,8,6,11,12,5,6,7,6,13,6,12,6,11,9,6,6,2,3,2,3,,,15,15,,,4,1,6,10,6,5,9,4,2,11,13,4,3,3,5,8,6,14,12,7,5,3,3,,15,,,4,9,2,8,2,4,7,3,2,9,2,5,15,15,14,15,15,13,15,2,5,1,14,1,15,15,13,13,7,15,12,2,3,2,2,2,7,3,14,11,,,1,2,,,4,15,6,3,4,2,1,1,1,1,1,3,15,15,15,1,11,14,9,12,1,3,4,14,,2,,,b'\x11\xe8\xe1I\xd9{\xb3\xc8\x98|\x12\xdf\x17\xaeN\x1e'
11E8E149-D97B-B3C8-987C-12DF17AE4E1E,2024-ncaa-d2-natl,ncaa,40,45,50,42,71,76,73,99,53,59,60,111,125,198,18,242,57,21,282,21,46,72,89,72,94,73,178,194,106,120,155,182,257,164,229,116,197,103,61,99,28,41,80,51,,,285,279,,,59,82,190,227,100,108,203,96,107,162,243,97,34,36,142,202,165,270,252,160,62,49,105,,268,,,60,161,49,98,52,65,104,75,76,139,29,129,297,297,272,297,296,163,236,48,127,59,275,62,299,250,257,202,155,227,229,30,50,22,26,5,123,89,211,159,,,18,9,,,59,222,74,77,57,63,9,4,23,25,45,81,295,294,293,39,138,200,107,149,10,37,75,178,,20,,,b'\x11\xe8\xe1I\xd9{\xb3\xc8\x98|\x12\xdf\x17\xaeN\x1e'
11E8E149-D97B-B3C8-987C-12DF17AE4E1E,2025-ncaa-d2-conf-RMAC,genius_ncaa,3,4,2,4,2,4,5,5,6,5,7,5,7,6,10,10,3,1,11,1,3,4,3,5,5,7,8,12,3,5,7,8,12,5,8,10,14,9,6,10,4,5,3,3,,,14,10,,8,5,3,9,10,6,8,10,7,10,11,11,4,2,2,7,11,6,11,10,14,6,5,3,,10,,4,5,11,9,8,5,5,8,5,10,6,14,4,14,13,8,13,12,10,14,6,7,6,13,8,13,13,12,10,7,10,8,8,8,4,4,3,10,8,14,14,,,1,1,,1,5,13,7,7,5,5,3,2,3,2,9,3,13,12,12,4,7,8,6,7,6,4,7,13,,1,,1,b'\x11\xe8\xe1I\xd9{\xb3\xc8\x98|\x12\xdf\x17\xaeN\x1e'
11E8E149-D97B-B3C8-987C-12DF17AE4E1E,2025-ncaa-d2-natl,genius_ncaa,67,112,25,96,36,61,70,64,113,86,111,66,89,59,196,105,47,26,221,24,24,53,66,109,109,94,103,141,91,109,182,89,150,96,181,164,266,120,68,159,107,155,67,72,,,278,256,,109,119,61,218,207,121,148,196,153,236,135,101,88,61,62,155,218,170,210,210,235,55,169,92,,211,,75,121,252,173,199,124,141,195,83,213,179,248,116,296,293,235,293,281,232,242,140,193,172,271,155,289,204,150,262,182,256,181,152,120,76,121,93,159,101,163,146,,,13,12,,7,119,237,91,171,119,120,56,33,53,65,149,88,266,252,250,69,78,120,152,133,76,148,84,105,,36,,10,b'\x11\xe8\xe1I\xd9{\xb3\xc8\x98|\x12\xdf\x17\xaeN\x1e'
11E8E149-D97B-B3C8-987C-12DF17AE4E1E,2026-ncaa-d2-conf-RMAC,genius_ncaa,9,9,2,9,6,10,7,8,7,5,6,3,12,10,12,9,12,9,15,9,10,8,10,9,12,11,14,11,14,9,11,9,9,8,12,14,15,4,4,13,5,3,10,10,,,11,12,,9,8,8,8,5,11,8,8,5,6,12,10,13,10,10,8,11,10,11,10,15,3,4,10,,11,,9,8,5,4,4,7,6,7,5,6,4,11,4,11,11,13,10,12,4,5,6,8,5,13,4,12,6,9,12,11,11,12,3,9,4,3,3,7,6,11,12,,,5,4,,4,8,6,11,5,8,4,3,2,5,6,5,3,11,11,10,3,4,6,13,12,2,3,6,12,,4,,6,b'\x11\xe8\xe1I\xd9{\xb3\xc8\x98|\x12\xdf\x17\xaeN\x1e'
11E8E149-D97B-B3C8-987C-12DF17AE4E1E,2026-ncaa-d2-natl,genius_ncaa,107,196,13,157,27,27,16,38,17,10,34,21,97,97,120,193,79,48,240,45,145,36,46,30,44,38,244,201,224,166,267,54,91,93,216,115,276,143,37,120,48,99,137,181,,,271,255,,158,103,34,132,88,66,38,134,26,108,166,192,157,119,115,127,203,255,183,249,197,36,101,195,,229,,122,109,257,227,212,196,221,220,157,201,178,206,96,296,291,275,290,276,246,259,196,246,214,229,103,287,168,91,273,267,255,216,138,33,37,86,52,68,12,273,222,,,35,67,,13,103,264,58,180,108,178,100,40,111,94,121,82,287,270,266,95,122,71,211,158,41,97,10,235,,103,,38,b'\x11\xe8\xe1I\xd9{\xb3\xc8\x98|\x12\xdf\x17\xaeN\x1e'
11E8E149-D980-15EE-987C-12DF17AE4E1E,2018-ncaa-d2-conf-GLVC,ncaa,11,11,9,11,14,11,10,13,7,10,13,5,7,5,11,3,12,11,10,11,8,13,14,6,6,9,7,6,11,13,12,11,12,10,10,12,11,6,13,13,11,11,13,11,,,8,13,,,12,14,11,14,11,9,11,9,13,6,5,12,11,11,13,13,13,9,9,11,10,11,10,,13,,,12,9,4,5,8,3,2,11,13,12,8,14,12,11,13,10,13,4,3,11,10,11,14,13,12,11,12,6,12,7,10,15,15,14,13,14,1,2,3,8,,,13,13,,,12,2,8,13,12,12,9,12,5,3,14,14,13,13,13,11,6,13,9,11,15,14,2,5,,13,,,b'\x11\xe8\xe1I\xd9\x80\x15\xee\x98|\x12\xdf\x17\xaeN\x1e'
11E8E149-D980-15EE-987C-12DF17AE4E1E,2018-ncaa-d2-natl,ncaa,243,254,148,251,200,204,190,216,159,186,245,84,167,119,256,82,205,228,102,219,145,218,214,162,156,168,155,149,169,247,247,239,200,248,244,209,205,139,207,205,119,95,249,224,,,210,260,,,250,204,205,294,222,210,246,204,260,170,105,215,230,225,248,240,258,255,275,218,156,115,254,,228,,,247,212,175,110,236,98,39,268,267,262,227,298,212,153,305,157,248,105,95,268,282,283,283,278,187,126,200,127,247,117,244,269,289,205,188,264,127,174,88,167,,,246,229,,,250,98,206,275,254,225,194,116,107,27,277,277,225,167,170,129,95,145,137,123,265,207,125,102,,259,,,b'\x11\xe8\xe1I\xd9\x80\x15\xee\x98|\x12\xdf\x17\xaeN\x1e'
11E8E149-D980-15EE-987C-12DF17AE4E1E,2019-ncaa-d2-conf-GLVC,ncaa,11,11,9,11,9,12,11,13,10,10,11,8,13,12,7,10,12,13,1,13,10,14,13,10,9,12,8,9,6,11,9,8,9,11,6,8,2,7,13,9,14,13,8,7,,,5,8,,,11,13,14,1,12,11,12,8,9,12,11,12,13,13,14,13,10,5,7,6,10,14,7,,6,,,11,5,7,10,5,7,8,6,9,8,11,9,2,2,4,2,2,6,2,8,5,10,6,10,2,6,9,3,9,2,6,9,9,14,14,14,9,10,14,14,,,14,14,,,11,3,11,10,11,9,10,12,11,10,10,10,2,2,2,11,2,10,3,5,10,14,9,14,,14,,,b'\x11\xe8\xe1I\xd9\x80\x15\xee\x98|\x12\xdf\x17\xaeN\x1e'
11E8E149-D980-15EE-987C-12DF17AE4E1E,2019-ncaa-d2-natl,ncaa,183,184,182,188,182,179,180,249,50,152,202,83,199,256,47,221,137,190,31,183,155,246,227,68,58,111,185,208,110,240,156,138,95,192,72,101,35,223,265,145,259,262,153,166,,,133,184,,,209,221,236,10,163,156,279,136,188,193,259,119,170,164,273,238,243,89,165,70,236,270,137,,152,,,206,177,216,180,215,212,183,196,215,158,240,175,44,47,164,48,45,152,91,218,199,259,94,210,32,96,95,22,156,29,72,232,187,287,297,298,191,235,298,305,,,258,247,,,209,100,130,251,198,221,253,242,239,234,231,199,51,51,52,200,103,120,24,46,241,297,213,303,,267,,,b'\x11\xe8\xe1I\xd9\x80\x15\xee\x98|\x12\xdf\x17\xaeN\x1e'
11E8E149-D980-15EE-987C-12DF17AE4E1E,2020-ncaa-d2-conf-GLVC,ncaa,7,6,5,7,6,12,10,14,8,10,8,6,15,15,13,14,7,5,15,5,7,11,9,12,13,14,14,15,4,6,3,8,15,8,7,8,5,14,15,11,6,5,7,7,,,6,7,,,9,11,15,8,15,13,16,10,9,15,15,7,5,5,14,14,4,10,9,8,14,6,5,,6,,,9,2,3,10,2,2,6,2,7,12,5,14,5,4,15,4,5,7,8,2,3,4,14,15,8,13,15,2,3,6,7,12,16,6,6,7,11,12,12,12,,,5,1,,,9,5,14,4,9,3,4,7,2,6,7,12,5,3,4,6,5,14,1,5,11,6,10,12,,7,,,b'\x11\xe8\xe1I\xd9\x80\x15\xee\x98|\x12\xdf\x17\xaeN\x1e'
11E8E149-D980-15EE-987C-12DF17AE4E1E,2020-ncaa-d2-natl,ncaa,82,88,102,87,141,147,138,209,51,64,99,65,268,281,170,287,82,66,195,62,84,184,157,97,88,140,280,287,68,117,38,143,183,126,55,95,68,245,243,143,105,107,48,44,,,183,174,,,136,170,211,169,161,152,259,51,107,278,296,79,64,62,228,196,127,153,133,90,224,116,47,,151,,,137,148,134,202,63,103,159,52,235,226,182,223,148,102,296,104,112,184,159,86,94,127,250,254,152,206,183,27,38,67,55,191,236,184,187,196,222,221,212,183,,,87,50,,,136,147,130,137,129,117,107,184,80,136,222,219,136,87,95,157,126,193,14,38,169,192,208,206,,76,,,b'\x11\xe8\xe1I\xd9\x80\x15\xee\x98|\x12\xdf\x17\xaeN\x1e'
11E8E149-D980-15EE-987C-12DF17AE4E1E,2021-ncaa-d2-conf-GLVC,ncaa,6,7,2,8,2,4,5,8,3,7,11,3,2,3,5,2,8,9,7,9,7,8,8,3,3,3,4,2,11,9,9,2,2,3,4,1,1,11,12,3,14,14,10,11,,,9,10,,,4,6,14,4,8,7,14,8,14,2,4,12,13,13,14,14,11,3,6,1,6,14,11,,7,,,5,8,7,11,4,8,10,4,11,12,6,10,8,8,4,8,6,10,8,4,3,8,8,8,4,4,2,6,9,6,4,6,3,12,12,12,10,11,11,14,,,8,11,,,4,10,4,5,5,4,6,8,6,9,5,9,3,6,6,5,2,2,3,3,4,12,9,10,,15,,,b'\x11\xe8\xe1I\xd9\x80\x15\xee\x98|\x12\xdf\x17\xaeN\x1e'
11E8E149-D980-15EE-987C-12DF17AE4E1E,2021-ncaa-d2-natl,ncaa,59,170,19,98,19,31,34,48,19,42,77,13,28,27,63,47,46,47,89,46,59,52,43,20,19,31,90,66,149,90,120,27,19,39,29,8,1,195,144,22,149,215,86,158,,,203,172,,,64,41,195,27,84,86,188,105,202,63,78,131,146,143,188,196,185,87,139,11,93,218,160,,110,,,72,191,191,193,146,189,192,143,173,180,106,102,184,195,81,197,117,192,179,138,133,173,81,89,96,121,19,141,120,137,29,188,90,110,200,194,197,152,192,170,,,46,107,,,64,186,37,135,71,98,114,85,123,97,90,94,87,96,99,75,21,17,13,8,100,210,133,116,,168,,,b'\x11\xe8\xe1I\xd9\x80\x15\xee\x98|\x12\xdf\x17\xaeN\x1e'
11E8E149-D980-15EE-987C-12DF17AE4E1E,2022-ncaa-d2-conf-GLVC,ncaa,11,9,13,10,13,10,10,13,1,12,14,1,3,4,2,1,13,14,1,14,6,13,13,1,1,3,1,1,13,14,12,12,7,13,8,2,1,8,13,6,13,13,10,10,,,6,11,,,11,13,9,4,6,7,12,11,13,1,1,11,12,12,13,12,14,5,11,1,13,13,9,,9,,,11,4,3,2,11,6,5,8,3,2,7,3,9,8,10,8,10,3,2,10,11,13,7,3,11,4,7,2,12,2,8,4,7,13,13,12,10,13,3,8,,,14,14,,,11,2,6,12,11,12,11,10,13,12,4,4,12,11,11,11,5,10,2,3,11,13,13,4,,14,,,b'\x11\xe8\xe1I\xd9\x80\x15\xee\x98|\x12\xdf\x17\xaeN\x1e'
11E8E149-D980-15EE-987C-12DF17AE4E1E,2022-ncaa-d2-natl,ncaa,215,203,222,218,222,181,186,272,12,238,288,10,66,132,15,24,224,265,9,266,120,283,269,6,3,37,42,29,226,291,254,204,82,255,100,89,13,155,267,99,284,280,221,221,,,135,255,,,187,249,257,14,111,126,290,224,294,34,71,199,256,257,291,273,289,147,258,28,225,281,207,,211,,,187,126,126,78,227,141,104,209,94,83,196,113,185,143,274,145,186,82,43,215,230,277,141,107,215,45,82,13,254,15,100,80,76,290,292,273,174,264,27,139,,,263,172,,,187,56,79,270,187,231,212,165,222,185,144,122,245,209,213,188,63,83,8,14,130,292,230,39,,260,,,b'\x11\xe8\xe1I\xd9\x80\x15\xee\x98|\x12\xdf\x17\xaeN\x1e'
11E8E149-D980-15EE-987C-12DF17AE4E1E,2023-ncaa-d2-conf-GLVC,ncaa,4,4,3,4,4,4,5,6,6,5,5,7,6,7,5,7,1,2,1,2,2,4,3,5,4,4,4,7,2,10,10,3,10,7,9,5,4,12,9,5,3,6,3,3,,,12,10,,,4,3,3,5,4,8,10,6,8,7,8,1,2,2,5,4,11,4,9,5,11,3,3,,11,,,4,11,5,10,3,4,9,2,9,9,5,6,11,11,1,11,10,11,11,3,3,3,12,8,10,12,10,8,10,12,9,11,11,3,5,4,13,13,11,11,,,2,2,,,4,11,6,3,4,8,5,8,5,6,8,8,11,12,12,12,13,12,9,9,8,3,13,11,,3,,,b'\x11\xe8\xe1I\xd9\x80\x15\xee\x98|\x12\xdf\x17\xaeN\x1e'
11E8E149-D980-15EE-987C-12DF17AE4E1E,2023-ncaa-d2-natl,ncaa,84,101,68,97,79,63,86,112,71,74,84,93,131,143,106,198,10,18,21,19,25,80,79,82,42,49,107,203,15,205,224,95,196,129,201,73,98,155,111,83,149,217,94,117,,,278,253,,,133,61,68,86,45,100,164,85,122,150,181,6,23,25,109,130,239,121,199,76,120,187,106,,264,,,134,267,240,241,165,225,222,146,232,220,207,141,279,282,107,280,238,259,245,173,188,208,218,161,228,243,196,187,224,219,201,233,190,135,196,193,235,205,181,148,,,21,19,,,133,237,78,223,137,254,209,228,190,186,213,188,266,272,265,256,235,221,124,171,207,169,206,165,,21,,,b'\x11\xe8\xe1I\xd9\x80\x15\xee\x98|\x12\xdf\x17\xaeN\x1e'
11E8E149-D980-15EE-987C-12DF17AE4E1E,2024-ncaa-d2-conf-GLVC,ncaa,9,7,9,9,10,7,8,9,7,8,8,9,10,10,5,10,3,4,10,3,4,8,10,6,6,6,8,10,1,7,7,5,3,4,5,10,12,2,3,5,11,10,2,2,,,7,10,,,6,10,6,3,5,6,6,5,5,10,9,2,3,2,5,6,6,3,3,9,5,10,2,,10,,,6,5,4,7,7,3,6,6,11,9,9,11,9,9,8,8,10,5,5,8,8,9,12,10,10,2,3,7,7,4,5,12,13,10,10,12,7,8,13,14,,,5,4,,,6,6,5,7,5,8,7,8,7,8,11,11,10,11,10,10,8,2,7,7,12,8,8,14,,4,,,b'\x11\xe8\xe1I\xd9\x80\x15\xee\x98|\x12\xdf\x17\xaeN\x1e'
11E8E149-D980-15EE-987C-12DF17AE4E1E,2024-ncaa-d2-natl,ncaa,157,151,207,155,221,96,109,140,79,96,123,82,143,163,117,184,48,65,58,61,64,120,173,92,67,44,137,199,56,159,156,132,33,143,84,177,248,19,17,85,245,257,100,92,,,195,231,,,148,176,51,95,20,38,38,39,57,121,125,15,26,22,22,74,114,41,58,147,45,236,81,,243,,,149,231,195,148,210,178,132,220,205,188,193,186,242,227,248,224,229,167,115,222,237,273,203,174,212,34,33,138,156,81,84,245,242,253,263,281,55,65,173,163,,,99,58,,,148,150,43,245,133,277,260,256,247,203,237,233,270,257,255,268,216,58,219,140,268,235,98,207,,30,,,b'\x11\xe8\xe1I\xd9\x80\x15\xee\x98|\x12\xdf\x17\xaeN\x1e'
11E8E149-D980-15EE-987C-12DF17AE4E1E,2025-ncaa-d2-conf-GLVC,genius_ncaa,11,11,9,11,10,14,12,14,8,10,8,12,13,15,8,12,11,12,8,12,10,14,13,11,11,14,11,11,8,11,10,9,8,12,7,9,3,13,14,13,5,5,7,6,,,5,7,,4,11,12,10,5,14,12,15,8,7,12,15,9,11,11,15,10,11,9,11,9,14,5,6,,6,,5,11,3,3,5,6,2,2,9,7,10,2,14,9,8,8,8,12,4,4,8,7,6,11,11,9,5,8,3,10,4,7,12,14,9,6,10,15,15,13,14,,,11,9,,6,11,5,13,6,10,5,4,5,4,2,7,13,10,10,10,4,8,7,4,5,12,5,15,14,,10,,6,b'\x11\xe8\xe1I\xd9\x80\x15\xee\x98|\x12\xdf\x17\xaeN\x1e'
11E8E149-D980-15EE-987C-12DF17AE4E1E,2025-ncaa-d2-natl,genius_ncaa,233,236,207,238,213,226,211,249,125,166,177,140,244,263,190,236,223,240,118,242,232,260,233,159,165,206,255,242,165,266,240,190,152,231,195,203,155,214,266,223,138,107,139,84,,,129,190,,187,233,210,144,126,233,201,255,128,135,250,265,214,230,232,262,200,262,141,226,191,241,107,125,,188,,206,228,124,101,92,168,62,38,214,219,237,142,271,166,156,200,156,244,92,94,196,198,199,268,251,181,115,152,79,240,82,195,199,263,172,144,211,212,272,200,231,,,229,181,,85,233,93,231,187,229,187,159,147,93,42,248,274,207,187,187,155,166,158,131,137,238,140,245,242,,204,,75,b'\x11\xe8\xe1I\xd9\x80\x15\xee\x98|\x12\xdf\x17\xaeN\x1e'
11E8E149-D980-15EE-987C-12DF17AE4E1E,2026-ncaa-d2-conf-GLVC,genius_ncaa,14,12,6,14,6,15,15,15,11,14,15,9,14,14,15,10,10,10,13,10,2,15,15,13,13,12,13,14,3,15,15,12,10,15,14,15,15,6,11,13,14,14,13,13,,,5,11,,5,13,14,15,1,15,15,15,13,15,14,14,7,8,7,15,15,15,10,15,15,6,14,13,,5,,5,13,1,5,4,9,6,4,14,3,8,2,13,1,2,5,1,4,3,2,7,6,9,2,6,2,9,10,5,15,9,14,9,9,14,13,14,2,7,3,7,,,14,5,,3,13,1,14,10,13,3,7,6,10,5,5,10,1,4,3,5,3,10,7,10,10,14,2,4,,12,,2,b'\x11\xe8\xe1I\xd9\x80\x15\xee\x98|\x12\xdf\x17\xaeN\x1e'
11E8E149-D980-15EE-987C-12DF17AE4E1E,2026-ncaa-d2-natl,genius_ncaa,276,291,59,276,67,199,186,169,211,158,130,215,220,214,207,224,133,130,176,124,136,164,149,226,215,225,211,220,80,261,281,147,250,199,285,253,277,193,215,263,119,157,113,127,,,174,119,,158,276,127,245,51,273,263,285,221,197,248,256,169,172,171,280,275,283,239,283,284,152,161,143,,106,,157,263,227,230,208,206,204,164,240,250,260,180,263,132,105,252,102,91,199,189,229,221,239,190,236,63,256,250,222,281,239,285,270,274,143,194,265,195,203,266,270,,,137,116,,111,276,173,256,262,263,201,209,188,161,89,245,253,84,51,50,148,121,227,197,221,268,201,153,257,,205,,146,b'\x11\xe8\xe1I\xd9\x80\x15\xee\x98|\x12\xdf\x17\xaeN\x1e'
11E8E149-D984-A78A-987C-12DF17AE4E1E,2018-ncaa-d2-conf-Peach Belt,ncaa,8,8,5,8,8,8,8,6,8,8,9,8,6,7,4,4,8,11,4,10,11,7,9,9,7,7,5,4,8,6,6,5,5,7,6,6,8,2,3,6,8,6,7,7,,,10,12,,,8,11,11,8,11,8,7,9,9,6,6,8,12,12,8,10,6,6,6,8,1,8,7,,10,,,8,4,1,2,6,1,1,4,11,12,11,11,8,8,6,8,12,3,2,7,7,8,12,11,10,2,5,6,6,3,6,7,9,7,5,7,1,3,7,8,,,6,6,,,8,3,6,8,8,6,1,3,1,1,11,11,8,8,7,3,1,2,5,5,7,7,1,7,,7,,,b'\x11\xe8\xe1I\xd9\x84\xa7\x8a\x98|\x12\xdf\x17\xaeN\x1e'
11E8E149-D984-A78A-987C-12DF17AE4E1E,2018-ncaa-d2-natl,ncaa,196,206,148,204,161,195,174,124,234,161,111,252,185,182,192,189,233,242,163,241,280,153,167,237,247,220,215,169,217,55,48,165,203,114,114,164,160,111,114,150,168,158,189,176,,,191,230,,,198,202,209,74,214,170,80,155,80,188,176,240,243,243,122,136,37,155,74,169,120,167,190,,219,,,196,128,95,123,111,55,77,99,238,211,220,253,176,193,75,187,238,125,128,145,151,154,280,271,201,191,203,142,48,169,114,200,256,180,157,200,144,144,189,143,,,209,222,,,198,117,193,176,193,147,115,139,62,77,248,233,198,212,209,153,146,205,156,181,202,170,152,185,,209,,,b'\x11\xe8\xe1I\xd9\x84\xa7\x8a\x98|\x12\xdf\x17\xaeN\x1e'
11E8E149-D984-A78A-987C-12DF17AE4E1E,2019-ncaa-d2-conf-Peach Belt,ncaa,9,8,9,9,9,11,11,11,9,12,11,8,9,8,8,5,12,12,1,12,11,12,11,8,8,11,4,6,8,10,10,6,6,9,8,12,7,7,9,11,10,9,4,2,,,9,11,,,8,12,11,2,11,11,10,11,9,8,6,11,12,12,11,10,10,4,7,11,8,9,4,,10,,,8,1,1,2,1,1,1,1,11,11,8,12,8,8,6,9,11,2,1,2,2,3,12,12,12,7,6,6,10,6,8,3,12,10,10,9,7,9,2,5,,,11,10,,,8,1,10,6,8,4,1,5,1,1,12,12,9,9,10,9,3,12,7,7,6,9,9,2,,11,,,b'\x11\xe8\xe1I\xd9\x84\xa7\x8a\x98|\x12\xdf\x17\xaeN\x1e'
11E8E149-D984-A78A-987C-12DF17AE4E1E,2019-ncaa-d2-natl,ncaa,232,259,118,244,124,250,239,187,275,233,180,268,204,160,249,147,249,262,83,260,270,208,190,269,272,273,163,155,178,182,206,82,170,114,171,231,178,236,248,254,204,218,72,44,,,235,255,,,235,182,231,50,283,276,227,265,200,212,174,263,278,278,257,227,184,49,91,252,228,217,66,,234,,,228,94,43,165,13,18,81,9,261,273,148,277,231,248,50,248,280,186,155,33,33,73,308,287,261,241,170,209,206,230,171,161,284,205,227,206,243,255,90,98,,,226,224,,,235,132,277,98,228,79,34,144,10,57,256,274,225,240,241,180,154,232,203,230,157,229,236,80,,245,,,b'\x11\xe8\xe1I\xd9\x84\xa7\x8a\x98|\x12\xdf\x17\xaeN\x1e'
11E8E149-D984-A78A-987C-12DF17AE4E1E,2020-ncaa-d2-conf-Peach Belt,ncaa,10,10,9,10,11,11,11,11,9,11,10,8,8,7,7,4,7,10,1,11,5,11,11,8,7,9,2,3,3,8,8,10,8,9,7,9,6,7,10,10,10,10,9,3,,,5,12,,,8,11,11,6,11,11,9,11,9,6,5,5,10,11,10,10,7,7,8,8,11,10,8,,9,,,8,2,1,1,5,1,1,10,8,11,3,11,8,11,3,11,12,3,2,6,6,8,11,10,12,2,8,4,8,3,7,3,10,10,10,10,7,10,5,9,,,7,5,,,8,2,9,9,10,4,2,1,2,1,10,11,11,12,12,6,3,6,4,6,5,10,10,7,,4,,,b'\x11\xe8\xe1I\xd9\x84\xa7\x8a\x98|\x12\xdf\x17\xaeN\x1e'
11E8E149-D984-A78A-987C-12DF17AE4E1E,2020-ncaa-d2-natl,ncaa,179,182,173,186,202,252,257,247,255,260,234,250,193,183,211,133,209,231,117,231,176,250,229,247,235,244,106,136,111,204,211,124,153,162,171,227,144,219,257,241,253,256,188,158,,,176,218,,,189,222,239,170,275,276,254,273,236,187,169,216,239,239,259,231,196,80,136,235,229,268,186,,180,,,188,62,47,93,51,55,62,96,105,208,24,233,169,238,9,246,283,128,93,54,51,77,228,170,241,186,153,162,211,172,171,96,204,222,203,160,265,281,197,243,,,147,52,,,189,81,248,98,204,69,53,100,60,55,117,221,187,249,253,139,92,203,178,202,105,220,262,208,,102,,,b'\x11\xe8\xe1I\xd9\x84\xa7\x8a\x98|\x12\xdf\x17\xaeN\x1e'
11E8E149-D984-A78A-987C-12DF17AE4E1E,2021-ncaa-d2-conf-Peach Belt,ncaa,8,11,4,9,4,6,7,7,10,7,8,9,3,4,6,5,4,4,8,4,3,7,7,9,8,8,3,4,3,9,12,5,6,7,11,5,4,6,9,5,8,10,9,10,,,12,12,,,11,6,9,2,9,10,11,9,12,6,6,7,6,6,11,12,12,8,10,7,5,10,11,,11,,,11,9,8,8,9,6,6,9,11,11,7,11,11,12,5,12,12,8,8,10,10,11,11,10,8,10,6,9,12,9,11,9,9,8,11,12,6,8,10,11,,,4,2,,,11,7,10,10,11,10,7,8,5,1,10,11,10,10,10,10,3,8,10,9,10,11,5,10,,7,,,b'\x11\xe8\xe1I\xd9\x84\xa7\x8a\x98|\x12\xdf\x17\xaeN\x1e'
11E8E149-D984-A78A-987C-12DF17AE4E1E,2021-ncaa-d2-natl,ncaa,175,170,144,185,145,168,172,171,158,178,178,159,138,145,103,74,158,144,188,143,28,171,168,143,148,152,44,54,75,191,215,145,139,171,195,145,40,75,160,116,175,191,202,218,,,114,219,,,198,158,182,21,188,191,206,198,204,106,105,141,105,98,204,208,212,119,188,130,106,192,219,,212,,,198,89,78,74,135,70,56,156,122,113,141,195,114,129,39,132,215,79,69,160,160,197,199,179,174,86,139,86,215,84,195,102,180,184,201,212,69,136,100,183,,,155,60,,,198,68,169,202,198,170,132,119,83,46,191,199,187,205,206,151,89,140,153,164,175,206,105,135,,133,,,b'\x11\xe8\xe1I\xd9\x84\xa7\x8a\x98|\x12\xdf\x17\xaeN\x1e'
11E8E149-D984-A78A-987C-12DF17AE4E1E,2022-ncaa-d2-conf-Conference Carolinas,ncaa,3,4,3,5,5,5,5,7,5,5,7,3,8,6,8,5,4,6,1,6,6,6,11,5,4,3,5,7,5,11,11,7,2,6,7,5,8,4,4,3,5,6,10,9,,,9,10,,,4,9,11,11,7,6,10,6,8,9,6,3,8,8,8,12,11,7,10,6,2,7,11,,8,,,4,3,2,3,1,1,3,2,11,13,6,13,8,8,12,8,12,3,4,2,3,3,13,13,10,3,2,8,11,5,7,5,10,7,4,4,3,2,10,10,,,3,1,,,4,5,6,3,4,2,1,2,1,1,12,13,8,7,7,3,2,3,8,6,5,9,1,10,,2,,,b'\x11\xe8\xe1I\xd9\x84\xa7\x8a\x98|\x12\xdf\x17\xaeN\x1e'
11E8E149-D984-A78A-987C-12DF17AE4E1E,2022-ncaa-d2-natl,ncaa,59,81,47,70,60,85,100,79,158,88,90,122,135,97,219,134,62,89,43,87,138,73,92,163,141,118,151,191,81,175,240,62,86,90,176,79,91,116,69,68,70,97,221,201,,,254,233,,,54,79,184,224,158,173,168,148,166,188,143,94,141,138,169,222,230,102,182,120,52,114,247,,185,,,55,108,45,173,2,12,64,8,269,293,64,295,243,219,232,223,277,187,215,16,31,27,301,291,266,161,86,259,240,236,176,144,259,56,66,63,47,17,231,204,,,51,48,,,54,216,141,19,60,15,4,38,1,3,226,276,182,161,165,44,81,96,201,159,82,98,14,191,,98,,,b'\x11\xe8\xe1I\xd9\x84\xa7\x8a\x98|\x12\xdf\x17\xaeN\x1e'
11E8E149-D984-A78A-987C-12DF17AE4E1E,2023-ncaa-d2-conf-Conference Carolinas,ncaa,2,3,1,3,2,3,4,4,4,6,4,5,2,4,1,6,6,5,3,5,6,4,4,3,3,3,4,5,7,9,9,2,2,2,5,2,2,1,1,2,6,6,9,6,,,8,9,,,3,4,11,4,8,7,8,7,7,3,6,6,6,6,7,11,9,5,6,2,1,6,11,,5,,,3,4,2,7,1,1,2,3,13,13,4,13,8,8,13,8,12,7,8,3,3,3,13,13,11,2,2,12,9,5,5,3,4,5,5,2,2,2,8,8,,,2,1,,,3,9,3,3,3,2,1,2,1,1,11,13,6,6,6,2,2,2,4,4,2,8,2,7,,4,,,b'\x11\xe8\xe1I\xd9\x84\xa7\x8a\x98|\x12\xdf\x17\xaeN\x1e'
11E8E149-D984-A78A-987C-12DF17AE4E1E,2023-ncaa-d2-natl,ncaa,42,67,17,57,17,82,109,68,215,127,81,220,92,87,134,141,28,27,116,27,48,58,54,192,171,144,62,136,36,97,204,22,38,44,109,75,64,174,98,104,64,92,207,168,,,260,216,,,47,51,263,46,210,246,246,241,220,149,162,80,90,85,222,251,199,81,126,155,69,135,255,,137,,,58,107,44,191,4,8,40,6,275,291,66,293,237,244,118,247,283,206,240,20,29,18,297,290,263,138,38,279,204,246,109,65,170,31,51,25,49,19,247,224,,,18,24,,,47,250,147,12,50,6,1,11,2,2,223,275,135,140,146,11,35,48,168,100,11,85,8,185,,70,,,b'\x11\xe8\xe1I\xd9\x84\xa7\x8a\x98|\x12\xdf\x17\xaeN\x1e'
11E8E149-D984-A78A-987C-12DF17AE4E1E,2024-ncaa-d2-conf-Conference Carolinas,ncaa,1,1,3,1,4,5,7,11,3,10,14,3,1,1,7,1,3,5,1,5,1,10,14,3,1,1,2,2,3,14,14,5,6,9,6,5,2,1,1,1,10,9,6,5,,,3,5,,,3,12,13,2,5,8,14,11,14,2,1,3,4,4,14,14,14,4,12,4,1,10,9,,2,,,3,2,1,5,1,1,1,1,12,14,5,14,2,2,2,2,5,4,2,3,1,2,14,14,2,6,6,7,14,6,6,1,2,8,5,2,2,2,3,6,,,4,2,,,3,3,3,2,3,2,2,3,1,2,13,13,2,2,2,2,2,6,5,5,1,9,2,3,,5,,,b'\x11\xe8\xe1I\xd9\x84\xa7\x8a\x98|\x12\xdf\x17\xaeN\x1e'
11E8E149-D984-A78A-987C-12DF17AE4E1E,2024-ncaa-d2-natl,ncaa,31,45,26,36,28,82,122,101,167,176,204,108,51,26,173,29,24,61,5,61,22,92,121,132,89,65,23,66,34,227,266,32,86,84,182,56,24,58,42,30,117,150,164,152,,,123,53,,,39,80,281,44,155,222,255,261,288,80,56,50,119,123,234,286,272,62,188,90,10,182,205,,30,,,39,79,81,225,6,22,101,6,277,290,101,290,49,66,59,63,86,202,222,26,13,18,289,294,62,207,86,261,266,250,182,86,132,73,100,53,14,5,24,30,,,35,14,,,39,217,91,24,36,9,11,73,2,17,240,271,17,24,23,35,51,125,172,143,33,138,4,6,,86,,,b'\x11\xe8\xe1I\xd9\x84\xa7\x8a\x98|\x12\xdf\x17\xaeN\x1e'
11E8E149-D984-A78A-987C-12DF17AE4E1E,2025-ncaa-d2-conf-Conference Carolinas,genius_ncaa,3,3,2,3,6,3,3,7,2,3,3,3,6,8,3,11,8,10,6,10,11,7,11,2,4,4,11,9,13,4,3,2,3,4,2,3,2,4,4,2,14,14,13,14,,,3,6,,9,4,13,14,5,3,3,9,3,5,6,9,11,11,10,9,13,4,2,3,3,4,14,12,,3,,9,4,4,7,9,4,10,15,2,1,1,10,1,3,3,1,3,2,8,3,4,3,9,1,1,5,6,3,4,3,5,2,1,1,15,15,5,2,3,10,7,,,4,3,,10,4,3,3,9,4,4,6,6,9,14,1,1,3,4,4,5,2,5,4,6,1,15,2,9,,6,,11,b'\x11\xe8\xe1I\xd9\x84\xa7\x8a\x98|\x12\xdf\x17\xaeN\x1e'
11E8E149-D984-A78A-987C-12DF17AE4E1E,2025-ncaa-d2-natl,genius_ncaa,40,62,25,54,31,72,51,61,72,49,56,87,123,144,91,207,115,135,109,126,221,72,63,88,97,108,222,187,208,37,31,32,98,30,27,35,27,220,160,59,196,229,241,280,,,200,133,,264,50,80,258,169,137,105,185,79,120,172,214,199,222,218,205,212,79,70,58,41,131,247,269,,85,,235,59,143,186,238,60,258,287,45,36,48,42,14,112,184,6,177,43,239,225,35,25,51,10,26,118,212,98,113,31,148,27,23,5,156,215,41,152,85,235,162,,,92,158,,92,50,224,81,56,54,32,64,100,164,254,14,12,53,99,87,79,46,127,12,43,7,241,71,177,,189,,123,b'\x11\xe8\xe1I\xd9\x84\xa7\x8a\x98|\x12\xdf\x17\xaeN\x1e'
11E8E149-D984-A78A-987C-12DF17AE4E1E,2026-ncaa-d2-conf-Conference Carolinas,genius_ncaa,7,4,8,6,10,10,10,14,1,9,11,2,13,16,5,16,10,7,14,7,3,14,15,1,1,1,13,14,6,16,15,13,7,15,14,15,16,2,3,2,16,16,12,13,,,8,13,,10,13,15,16,3,6,4,15,3,7,13,16,5,1,2,15,16,16,10,15,15,1,16,12,,12,,13,12,9,9,7,16,9,8,15,6,3,14,1,8,8,12,8,12,7,4,16,16,16,5,2,10,7,7,6,15,7,14,2,1,16,16,11,2,2,1,1,,,10,3,,11,13,3,1,16,12,14,14,9,16,13,8,3,12,13,12,10,4,7,9,10,1,16,1,1,,5,,10,b'\x11\xe8\xe1I\xd9\x84\xa7\x8a\x98|\x12\xdf\x17\xaeN\x1e'
11E8E149-D984-A78A-987C-12DF17AE4E1E,2026-ncaa-d2-natl,genius_ncaa,246,239,141,256,169,218,204,209,158,158,162,143,249,236,244,243,150,121,223,131,104,203,211,191,192,179,242,258,79,249,265,150,112,197,211,268,284,96,148,236,278,288,270,285,,,174,264,,85,233,198,213,87,223,214,245,135,139,260,255,121,88,97,230,251,249,111,208,277,109,290,278,,222,,94,233,155,155,122,203,177,174,156,103,76,207,52,174,188,101,191,181,132,95,191,188,256,96,84,186,118,112,162,265,150,211,43,8,275,284,170,68,109,191,221,,,193,115,,213,233,90,206,255,244,195,192,158,215,228,109,59,202,225,230,179,75,133,219,188,21,287,83,219,,178,,217,b'\x11\xe8\xe1I\xd9\x84\xa7\x8a\x98|\x12\xdf\x17\xaeN\x1e'
11E8E149-D989-099C-987C-12DF17AE4E1E,2018-ncaa-d2-conf-CACC,ncaa,1,1,1,1,2,4,5,6,6,14,14,3,1,1,3,1,9,12,1,12,2,8,12,2,2,1,1,1,11,7,6,9,4,7,5,3,1,1,1,1,7,8,5,4,,,6,7,,,2,13,14,9,6,10,14,14,14,1,1,11,13,13,14,14,12,14,14,5,1,13,5,,4,,,2,1,1,1,3,1,2,3,2,4,5,6,5,5,13,5,8,1,2,3,3,4,12,9,13,5,4,8,6,4,5,1,4,7,3,2,2,2,1,8,,,10,10,,,2,2,1,3,2,1,1,1,1,1,2,1,4,4,4,1,1,2,1,1,1,11,1,1,,13,,,b'\x11\xe8\xe1I\xd9\x89\t\x9c\x98|\x12\xdf\x17\xaeN\x1e'
11E8E149-D989-099C-987C-12DF17AE4E1E,2018-ncaa-d2-natl,ncaa,4,8,4,8,5,29,64,47,120,232,274,77,2,2,42,1,79,151,5,155,30,58,92,37,25,15,3,1,208,100,144,71,187,81,156,35,29,54,21,15,114,164,90,99,,,195,115,,,21,85,309,201,144,209,279,304,309,2,3,207,269,270,287,308,222,275,276,91,5,237,160,,25,,,25,173,127,231,36,102,197,45,209,243,95,210,218,194,232,208,183,235,232,49,59,56,246,219,220,250,187,237,144,249,156,144,154,71,105,72,115,72,105,215,,,79,119,,,21,223,11,73,17,3,2,6,3,9,87,103,71,55,65,4,2,101,25,42,18,216,28,31,,260,,,b'\x11\xe8\xe1I\xd9\x89\t\x9c\x98|\x12\xdf\x17\xaeN\x1e'
11E8E149-D989-099C-987C-12DF17AE4E1E,2019-ncaa-d2-conf-CACC,ncaa,1,1,1,1,1,2,3,4,5,9,13,3,1,1,4,1,8,12,1,12,7,4,7,3,2,2,1,1,11,5,3,4,2,3,2,1,1,1,2,1,5,3,3,3,,,5,5,,,2,10,14,4,4,6,9,13,14,1,1,10,14,14,12,14,7,8,7,2,1,7,5,,3,,,2,1,1,6,1,1,10,1,1,2,1,1,5,4,7,4,5,6,5,1,1,1,7,1,10,8,2,7,3,7,2,1,4,8,6,2,2,2,7,9,,,7,5,,,2,5,2,1,1,1,1,1,1,3,1,1,2,3,3,1,1,3,2,2,1,12,2,6,,12,,,b'\x11\xe8\xe1I\xd9\x89\t\x9c\x98|\x12\xdf\x17\xaeN\x1e'
11E8E149-D989-099C-987C-12DF17AE4E1E,2019-ncaa-d2-natl,ncaa,4,5,9,5,9,33,43,46,70,164,252,25,4,4,56,1,106,185,7,193,91,61,99,29,24,13,5,3,257,71,69,49,134,56,78,19,14,32,13,4,92,117,122,146,,,201,165,,,19,117,308,82,98,141,237,280,311,7,8,224,280,284,266,303,153,212,185,35,4,189,168,,45,,,20,119,113,217,35,139,231,38,94,146,38,103,182,200,80,202,140,216,207,31,29,40,126,101,202,232,134,192,69,215,78,166,219,129,182,148,42,26,133,195,,,75,89,,,19,200,9,56,13,8,14,18,26,54,20,40,48,67,68,16,8,113,18,37,57,258,9,42,,231,,,b'\x11\xe8\xe1I\xd9\x89\t\x9c\x98|\x12\xdf\x17\xaeN\x1e'
11E8E149-D989-099C-987C-12DF17AE4E1E,2020-ncaa-d2-conf-CACC,ncaa,1,1,2,1,2,2,2,4,1,11,14,1,1,1,1,1,14,14,3,14,11,8,12,1,1,1,1,1,14,9,4,6,2,4,2,1,2,1,2,1,5,4,2,1,,,11,13,,,1,13,14,8,2,3,9,13,14,1,1,14,14,14,12,14,10,9,10,1,1,6,3,,10,,,1,1,1,1,1,1,4,2,1,3,2,3,10,11,5,11,11,1,2,2,2,1,9,4,14,1,2,3,4,2,2,1,2,6,5,1,1,2,5,8,,,12,12,,,1,2,1,1,1,1,1,1,1,2,1,1,10,10,10,1,1,1,2,1,1,9,1,5,,13,,,b'\x11\xe8\xe1I\xd9\x89\t\x9c\x98|\x12\xdf\x17\xaeN\x1e'
11E8E149-D989-099C-987C-12DF17AE4E1E,2020-ncaa-d2-natl,ncaa,18,14,54,14,87,90,77,133,46,222,284,44,4,16,12,5,286,300,36,301,276,180,215,18,25,20,11,2,311,127,84,150,119,140,76,24,14,52,72,15,109,78,53,31,,,200,263,,,16,229,307,220,112,100,205,270,307,4,18,304,310,310,264,299,159,213,192,25,26,136,65,,148,,,17,19,13,42,20,37,92,31,15,35,4,66,199,210,90,208,244,56,82,16,25,23,148,30,296,118,119,69,84,79,76,36,159,117,72,48,22,29,95,191,,,239,212,,,16,81,9,27,8,5,2,4,14,31,5,17,158,176,171,6,5,77,24,28,18,150,11,63,,291,,,b'\x11\xe8\xe1I\xd9\x89\t\x9c\x98|\x12\xdf\x17\xaeN\x1e'
11E8E149-D989-099C-987C-12DF17AE4E1E,2022-ncaa-d2-conf-CACC,ncaa,1,1,1,1,2,2,3,3,5,7,9,8,2,3,1,3,1,3,1,4,4,2,5,2,2,1,3,3,5,10,11,3,4,4,9,4,3,2,2,2,7,9,6,7,,,9,7,,,1,4,13,12,10,11,13,12,13,3,3,5,9,11,13,13,11,10,11,6,1,11,8,,4,,,1,2,3,9,1,3,8,2,3,6,1,7,6,6,6,6,6,6,11,1,1,1,3,4,7,9,4,11,11,10,9,4,6,4,5,1,3,3,12,13,,,2,1,,,1,8,2,1,1,1,1,1,1,1,1,4,2,3,3,1,1,2,2,2,1,9,2,9,,6,,,b'\x11\xe8\xe1I\xd9\x89\t\x9c\x98|\x12\xdf\x17\xaeN\x1e'
11E8E149-D989-099C-987C-12DF17AE4E1E,2022-ncaa-d2-natl,ncaa,17,16,30,17,46,92,104,100,129,165,162,173,31,54,20,55,158,186,66,190,198,109,143,82,89,68,38,26,229,123,144,93,188,98,150,49,24,51,42,19,121,138,146,167,,,141,128,,,22,153,298,300,211,213,253,265,273,53,106,244,261,265,273,298,194,215,222,82,9,194,190,,45,,,24,34,49,160,6,84,190,11,44,110,13,111,67,78,78,75,49,138,165,3,3,5,77,89,136,243,188,181,144,212,150,91,183,93,90,62,57,49,202,223,,,101,69,,,22,145,55,12,17,1,2,15,11,55,12,38,19,27,27,7,5,152,54,97,22,169,11,143,,226,,,b'\x11\xe8\xe1I\xd9\x89\t\x9c\x98|\x12\xdf\x17\xaeN\x1e'
11E8E149-D98D-6F5A-987C-12DF17AE4E1E,2018-ncaa-d2-conf-MEC,ncaa,12,12,11,12,11,12,12,11,11,12,7,11,11,11,12,10,11,6,12,6,5,11,9,12,12,12,9,10,4,4,4,9,7,5,5,10,3,10,11,11,10,10,8,8,,,6,11,,,12,10,10,1,11,11,8,11,4,11,10,10,4,4,8,5,3,3,3,7,12,9,7,,11,,,12,2,2,4,3,1,4,2,5,4,9,5,7,6,4,6,9,4,3,3,2,5,9,9,9,4,7,5,4,4,5,7,9,10,10,9,6,9,7,8,,,4,4,,,12,1,12,5,12,5,3,8,3,8,7,5,8,9,9,7,6,8,7,9,8,9,10,9,,2,,,b'\x11\xe8\xe1I\xd9\x8doZ\x98|\x12\xdf\x17\xaeN\x1e'
11E8E149-D98D-6F5A-987C-12DF17AE4E1E,2018-ncaa-d2-natl,ncaa,252,272,148,264,148,202,186,153,235,163,112,253,227,217,210,235,180,119,279,114,154,150,121,251,254,266,219,220,124,68,76,102,196,87,127,136,79,275,254,220,231,253,227,249,,,210,197,,,258,134,134,3,220,200,121,156,81,230,228,175,99,93,111,63,46,61,40,128,280,235,229,,228,,,252,223,214,219,145,178,211,124,223,202,217,162,201,200,137,202,165,222,185,161,161,195,203,201,163,233,196,189,76,213,127,220,187,206,238,235,232,214,243,219,,,85,89,,,258,171,245,218,253,234,218,259,192,234,236,220,214,219,222,260,227,242,216,245,230,211,240,260,,46,,,b'\x11\xe8\xe1I\xd9\x8doZ\x98|\x12\xdf\x17\xaeN\x1e'
11E8E149-D98D-6F5A-987C-12DF17AE4E1E,2019-ncaa-d2-conf-MEC,ncaa,6,6,7,6,9,10,10,6,9,9,7,9,7,8,8,8,7,8,7,8,8,8,6,9,9,10,6,6,6,3,2,4,3,4,1,11,7,11,12,10,11,10,6,6,,,8,10,,,7,9,7,10,10,11,7,10,5,8,7,6,7,7,7,4,3,3,2,10,11,10,5,,9,,,7,1,1,3,2,3,4,3,2,5,1,6,9,10,3,11,12,4,5,1,2,2,7,4,12,4,3,3,2,2,1,2,7,6,6,3,12,12,4,5,,,4,5,,,7,5,9,2,6,2,2,5,3,6,2,8,11,11,11,5,7,5,3,3,3,5,12,5,,3,,,b'\x11\xe8\xe1I\xd9\x8doZ\x98|\x12\xdf\x17\xaeN\x1e'
11E8E149-D98D-6F5A-987C-12DF17AE4E1E,2019-ncaa-d2-natl,ncaa,145,184,76,163,109,92,86,55,183,74,45,197,147,139,184,212,116,116,177,114,238,58,48,199,202,203,220,203,176,33,43,49,137,34,70,109,164,273,204,185,189,250,89,108,,,269,212,,,152,56,46,244,105,94,39,81,42,174,171,151,140,140,46,28,20,39,19,132,250,221,96,,253,,,152,245,214,248,120,252,236,182,84,206,9,115,286,287,107,289,257,268,266,90,109,119,103,34,273,236,137,245,43,250,70,216,168,94,163,141,286,226,213,124,,,51,134,,,152,261,172,124,140,200,164,220,214,219,67,175,275,282,284,260,257,208,201,211,174,110,265,196,,54,,,b'\x11\xe8\xe1I\xd9\x8doZ\x98|\x12\xdf\x17\xaeN\x1e'
11E8E149-D98D-6F5A-987C-12DF17AE4E1E,2020-ncaa-d2-conf-SAC,ncaa,9,7,9,9,10,5,5,7,2,6,8,2,6,8,3,7,5,4,5,4,4,6,9,3,2,3,6,7,5,10,10,6,12,9,10,5,6,5,6,5,8,9,7,7,,,2,2,,,6,6,2,9,3,3,6,4,7,6,6,2,4,4,6,5,10,5,8,3,7,7,6,,2,,,6,9,11,9,8,12,10,9,4,7,2,5,4,4,2,6,3,9,8,7,5,7,2,3,1,12,12,7,10,9,10,11,8,8,9,10,12,12,6,5,,,3,3,,,6,5,5,10,6,11,11,12,12,12,6,7,5,7,8,12,12,12,8,11,11,8,12,6,,2,,,b'\x11\xe8\xe1I\xd9\x8doZ\x98|\x12\xdf\x17\xaeN\x1e'
11E8E149-D98D-6F5A-987C-12DF17AE4E1E,2020-ncaa-d2-natl,ncaa,168,182,102,177,154,79,75,127,47,68,124,45,135,152,101,188,50,52,154,51,55,99,85,52,51,91,173,200,91,156,166,101,287,125,217,93,145,252,201,150,139,191,90,142,,,89,16,,,141,72,38,227,58,57,148,56,136,147,163,51,48,50,115,79,174,100,129,87,238,148,88,,66,,,141,262,270,282,157,277,285,156,172,204,113,98,184,204,83,206,111,278,271,133,114,137,70,96,109,305,287,153,166,256,217,253,170,109,174,181,297,270,263,253,,,24,35,,,141,240,105,196,140,244,256,292,273,291,161,183,170,185,190,287,289,303,136,249,238,118,285,256,,22,,,b'\x11\xe8\xe1I\xd9\x8doZ\x98|\x12\xdf\x17\xaeN\x1e'
11E8E149-D98D-6F5A-987C-12DF17AE4E1E,2021-ncaa-d2-conf-SAC,ncaa,3,3,7,3,9,2,3,6,2,3,6,2,7,8,6,8,2,4,1,3,6,5,7,3,1,1,8,9,3,9,10,4,9,6,9,2,1,4,3,1,6,8,3,3,,,1,1,,,3,4,3,7,2,2,4,2,5,6,8,1,2,2,3,5,11,3,5,1,3,6,3,,3,,,3,6,8,10,5,10,11,5,2,3,1,1,5,4,5,4,3,10,10,4,4,4,1,1,3,12,9,5,10,9,9,6,5,7,8,6,4,3,10,10,,,2,1,,,3,10,1,5,3,10,11,12,11,13,1,5,5,4,4,12,12,13,8,9,8,5,4,12,,1,,,b'\x11\xe8\xe1I\xd9\x8doZ\x98|\x12\xdf\x17\xaeN\x1e'
11E8E149-D98D-6F5A-987C-12DF17AE4E1E,2021-ncaa-d2-natl,ncaa,23,35,68,27,74,35,36,53,26,33,46,37,58,79,52,149,20,33,21,33,76,49,61,31,24,21,144,145,67,77,126,33,164,44,115,19,10,133,50,9,78,161,25,64,,,107,7,,,31,52,34,121,13,18,55,26,46,79,112,8,30,31,37,62,126,13,44,1,59,125,34,,21,,,33,158,173,194,63,185,209,71,108,134,34,39,143,144,87,140,23,190,185,39,34,57,19,41,68,221,164,159,126,190,115,174,91,67,159,125,133,60,200,148,,,30,30,,,31,176,24,83,35,141,169,208,189,213,50,91,85,87,88,204,198,206,125,184,142,112,75,187,,16,,,b'\x11\xe8\xe1I\xd9\x8doZ\x98|\x12\xdf\x17\xaeN\x1e'
11E8E149-D98D-6F5A-987C-12DF17AE4E1E,2022-ncaa-d2-conf-SAC,ncaa,6,6,8,6,11,6,7,11,5,5,6,2,12,12,10,11,4,5,1,5,4,9,8,6,5,8,11,13,2,12,10,5,11,8,9,3,4,12,12,8,6,6,7,8,,,3,2,,,9,4,3,5,6,7,10,4,5,12,11,2,2,3,8,5,12,4,7,3,12,6,6,,4,,,9,9,10,10,6,11,11,7,4,7,1,7,5,6,6,6,5,11,10,5,3,6,1,4,6,12,11,5,10,7,9,9,8,9,10,10,13,13,5,5,,,5,3,,,9,10,8,8,9,11,11,12,11,13,5,8,6,8,8,13,13,13,7,11,11,7,13,5,,1,,,b'\x11\xe8\xe1I\xd9\x8doZ\x98|\x12\xdf\x17\xaeN\x1e'
11E8E149-D98D-6F5A-987C-12DF17AE4E1E,2022-ncaa-d2-natl,ncaa,150,203,64,177,90,83,96,106,104,62,63,93,221,202,229,237,40,62,27,62,126,88,70,149,112,155,234,266,42,206,256,48,223,86,225,62,54,280,235,159,103,182,95,155,,,148,32,,,206,47,36,115,109,128,158,67,95,255,239,43,83,85,134,92,247,30,127,62,245,139,121,,98,,,198,267,274,277,126,283,273,174,181,248,42,138,223,231,87,232,112,277,271,113,105,154,70,88,114,293,223,240,256,278,225,264,172,115,219,214,293,275,216,157,,,64,116,,,206,255,185,181,196,246,251,288,263,277,138,223,181,189,185,285,278,277,205,256,235,159,276,192,,83,,,b'\x11\xe8\xe1I\xd9\x8doZ\x98|\x12\xdf\x17\xaeN\x1e'
11E8E149-D98D-6F5A-987C-12DF17AE4E1E,2023-ncaa-d2-conf-SAC,ncaa,9,9,9,9,9,8,8,10,2,7,7,4,10,13,2,11,6,6,7,6,9,10,10,2,3,6,11,12,7,13,13,7,9,10,10,2,1,13,11,5,8,10,1,1,,,2,1,,,10,8,1,6,7,7,11,5,5,11,11,6,7,7,10,7,13,1,8,1,12,7,1,,2,,,10,8,9,10,7,7,7,7,12,12,11,13,4,4,5,4,5,10,8,9,7,8,12,13,3,11,9,4,13,5,10,10,11,9,9,11,13,13,6,9,,,8,8,,,10,6,9,10,10,12,12,12,10,10,13,13,5,6,6,12,13,11,5,11,11,6,13,8,,6,,,b'\x11\xe8\xe1I\xd9\x8doZ\x98|\x12\xdf\x17\xaeN\x1e'
11E8E149-D98D-6F5A-987C-12DF17AE4E1E,2023-ncaa-d2-natl,ncaa,120,118,148,124,166,129,111,183,36,67,89,73,223,264,77,272,104,125,100,119,160,174,135,64,60,123,252,253,116,264,253,60,169,126,169,36,4,261,257,102,130,172,8,8,,,43,12,,,158,102,26,146,92,73,188,37,60,236,271,90,104,95,165,84,259,9,85,13,260,118,3,,52,,,158,182,197,246,76,184,223,88,212,236,113,184,113,138,37,139,96,236,224,94,69,110,150,208,75,253,169,142,253,193,169,220,208,157,213,204,283,276,231,209,,,147,149,,,158,205,163,130,152,225,237,284,210,261,230,253,114,146,147,284,276,263,165,228,231,148,277,244,,110,,,b'\x11\xe8\xe1I\xd9\x8doZ\x98|\x12\xdf\x17\xaeN\x1e'
11E8E149-D98D-6F5A-987C-12DF17AE4E1E,2024-ncaa-d2-conf-SAC,ncaa,8,8,6,8,6,5,6,6,5,6,6,8,5,7,2,8,5,7,4,7,7,6,6,5,4,7,5,6,7,6,7,5,8,5,6,2,1,8,8,5,10,10,11,11,,,9,9,,,8,5,5,1,5,4,5,5,6,5,8,5,5,5,5,5,6,3,4,2,8,9,11,,11,,,8,8,8,9,4,4,8,2,10,8,13,9,12,12,9,12,11,9,9,7,8,10,13,10,11,8,8,7,7,7,6,9,7,8,9,9,11,11,11,11,,,5,3,,,8,9,6,11,8,11,9,9,3,9,11,9,13,12,12,12,12,9,8,9,10,7,11,13,,3,,,b'\x11\xe8\xe1I\xd9\x8doZ\x98|\x12\xdf\x17\xaeN\x1e'
11E8E149-D98D-6F5A-987C-12DF17AE4E1E,2024-ncaa-d2-natl,ncaa,157,183,117,170,118,71,64,79,73,60,58,122,101,146,26,208,80,109,54,109,199,76,52,76,70,114,160,164,158,66,73,52,118,50,68,15,2,279,236,81,135,189,170,191,,,232,149,,,151,52,23,13,36,34,44,47,49,92,161,73,104,107,43,19,67,23,24,4,271,140,176,,217,,,151,266,234,243,150,161,178,106,280,261,275,217,265,268,135,267,247,252,248,188,202,204,279,253,204,205,118,163,73,191,68,245,205,113,177,192,294,273,265,232,,,74,146,,,151,245,110,201,152,266,233,261,148,184,280,259,260,261,262,271,275,196,155,182,243,113,288,273,,56,,,b'\x11\xe8\xe1I\xd9\x8doZ\x98|\x12\xdf\x17\xaeN\x1e'
11E8E149-D98D-6F5A-987C-12DF17AE4E1E,2025-ncaa-d2-conf-SAC,genius_ncaa,10,10,9,10,10,6,5,4,4,7,5,8,8,11,3,11,9,8,5,8,11,6,7,3,4,6,9,7,8,9,11,10,10,10,12,3,4,6,6,4,6,6,9,8,,,9,8,,6,10,6,2,4,4,4,3,3,2,6,11,7,6,6,4,4,10,8,9,2,9,5,9,,11,,8,10,10,10,6,12,10,9,12,8,5,9,6,10,8,12,10,8,7,9,12,12,11,6,5,9,10,10,7,11,9,12,10,10,5,5,9,7,8,6,5,,,8,8,,1,10,8,8,11,10,11,11,10,11,11,8,8,11,9,12,11,12,11,10,12,11,4,7,8,,6,,1,b'\x11\xe8\xe1I\xd9\x8doZ\x98|\x12\xdf\x17\xaeN\x1e'
11E8E149-D98D-6F5A-987C-12DF17AE4E1E,2025-ncaa-d2-natl,genius_ncaa,174,200,109,186,123,57,46,64,43,30,33,74,155,202,57,256,112,113,140,115,235,74,54,62,67,107,266,235,211,128,164,136,226,129,208,39,58,257,197,95,91,157,71,119,,,266,208,,98,196,46,16,75,31,22,38,15,22,167,222,121,120,120,43,28,127,150,145,17,242,101,76,,261,,97,187,285,280,239,258,286,256,244,188,171,210,88,283,268,271,273,205,261,262,244,265,236,108,85,205,261,226,202,164,240,208,276,184,70,132,180,225,166,207,103,,,92,176,,31,196,255,119,242,185,289,283,269,286,269,191,161,274,259,263,278,285,244,196,230,256,67,211,204,,81,,26,b'\x11\xe8\xe1I\xd9\x8doZ\x98|\x12\xdf\x17\xaeN\x1e'
11E8E149-D98D-6F5A-987C-12DF17AE4E1E,2026-ncaa-d2-conf-SAC,genius_ncaa,1,1,1,1,3,8,7,9,4,5,7,4,8,7,10,4,8,8,4,8,8,8,10,5,6,8,8,7,8,5,6,4,8,5,7,6,2,8,9,7,10,10,6,7,,,4,4,,5,3,10,12,3,10,9,11,7,9,8,8,8,8,8,10,12,6,5,6,7,8,11,7,,3,,4,3,3,3,6,1,3,8,1,1,1,3,2,5,4,4,4,4,4,4,1,1,1,1,5,4,8,8,4,6,6,7,1,2,2,3,1,9,9,1,1,,,6,6,,1,3,3,8,1,3,1,1,5,2,8,1,1,4,3,3,3,3,8,3,5,1,4,9,1,,6,,1,b'\x11\xe8\xe1I\xd9\x8doZ\x98|\x12\xdf\x17\xaeN\x1e'
11E8E149-D98D-6F5A-987C-12DF17AE4E1E,2026-ncaa-d2-natl,genius_ncaa,30,53,59,59,84,82,80,113,55,52,87,54,156,175,132,208,62,88,46,90,149,109,107,76,57,78,215,215,94,180,213,86,146,124,155,88,143,202,194,146,246,285,164,207,,,198,129,,140,105,85,104,88,98,100,191,68,124,193,220,79,124,126,178,173,236,115,198,110,170,280,186,,148,,126,107,190,175,197,103,170,212,70,176,152,182,103,228,221,192,225,182,200,203,102,116,115,178,143,212,197,146,159,213,172,155,154,107,88,136,106,209,184,38,20,,,44,35,,6,105,206,115,112,107,127,113,148,118,191,141,110,203,188,201,157,168,164,81,118,107,120,178,20,,42,,5,b'\x11\xe8\xe1I\xd9\x8doZ\x98|\x12\xdf\x17\xaeN\x1e'
11E8E149-D991-F82C-987C-12DF17AE4E1E,2018-ncaa-d2-conf-Gulf South,ncaa,1,1,1,1,2,1,1,1,1,3,9,1,1,1,4,1,3,4,1,4,3,1,3,1,1,1,1,2,10,12,13,6,7,7,10,4,10,1,1,1,2,4,9,10,,,12,9,,,2,1,6,9,2,2,3,6,13,1,1,4,6,6,5,9,13,9,14,6,1,5,9,,9,,,2,12,14,13,9,13,11,8,11,11,9,6,12,12,2,12,9,14,14,10,9,7,10,8,9,11,7,13,13,13,10,9,6,4,7,6,1,1,4,7,,,2,3,,,2,14,1,7,2,8,7,5,8,4,7,5,8,10,11,6,7,5,5,5,6,8,1,3,,4,,,"b'\x11\xe8\xe1I\xd9\x91\xf8,\x98|\x12\xdf\x17\xaeN\x1e'"
11E8E149-D991-F82C-987C-12DF17AE4E1E,2018-ncaa-d2-natl,ncaa,7,8,7,9,9,8,9,23,16,60,181,2,3,4,33,7,42,70,49,65,33,24,46,4,4,2,20,14,246,269,294,44,99,123,216,48,240,27,5,13,46,91,180,211,,,279,186,,,16,17,175,226,19,35,158,159,298,3,6,115,172,166,149,270,304,193,291,114,1,111,231,,151,,,19,281,271,284,109,251,252,147,267,294,86,249,251,276,34,276,224,290,288,123,106,125,218,215,171,217,99,275,294,262,216,237,139,68,165,147,12,2,21,40,,,36,88,,,16,294,7,115,18,105,99,110,74,62,176,216,132,181,183,127,101,79,102,84,98,189,2,10,,175,,,"b'\x11\xe8\xe1I\xd9\x91\xf8,\x98|\x12\xdf\x17\xaeN\x1e'"
11E8E149-D991-F82C-987C-12DF17AE4E1E,2019-ncaa-d2-conf-Gulf South,ncaa,1,1,3,1,4,1,1,2,1,2,5,1,4,3,3,6,1,4,4,4,5,2,4,1,1,1,5,6,8,11,11,5,7,8,9,1,3,1,1,1,3,3,5,5,,,7,3,,,2,2,2,10,1,1,3,3,7,4,3,1,4,4,2,7,12,6,11,2,1,3,6,,6,,,2,8,8,13,4,9,11,4,10,12,6,9,4,5,12,5,4,13,12,5,4,3,5,10,7,9,7,10,11,10,9,5,3,3,7,2,1,1,3,3,,,4,4,,,2,12,1,3,2,7,7,9,6,9,8,10,4,2,3,9,11,9,5,6,4,4,1,2,,4,,,"b'\x11\xe8\xe1I\xd9\x91\xf8,\x98|\x12\xdf\x17\xaeN\x1e'"
11E8E149-D991-F82C-987C-12DF17AE4E1E,2019-ncaa-d2-natl,ncaa,31,14,118,20,172,59,68,153,19,90,190,16,73,103,36,102,74,104,47,104,75,147,196,18,14,7,116,120,157,289,286,126,62,223,162,59,91,23,25,17,94,89,191,196,,,49,34,,,30,153,127,268,30,37,164,73,219,66,98,63,106,107,146,244,296,116,256,39,17,96,200,,32,,,21,71,102,173,57,105,162,76,150,191,76,213,37,34,233,36,41,136,148,67,58,56,133,221,72,80,62,113,286,86,162,42,41,127,119,59,24,36,20,18,,,138,87,,,30,161,27,40,22,67,89,157,95,143,150,195,36,31,33,119,134,73,92,75,47,136,29,16,,149,,,"b'\x11\xe8\xe1I\xd9\x91\xf8,\x98|\x12\xdf\x17\xaeN\x1e'"
11E8E149-D991-F82C-987C-12DF17AE4E1E,2020-ncaa-d2-conf-Gulf South,ncaa,1,1,1,1,1,1,1,3,1,2,2,1,1,9,1,10,5,7,4,8,11,3,3,1,1,1,10,9,12,7,5,1,4,2,1,1,5,7,3,1,8,10,1,1,,,6,4,,,1,3,11,1,1,1,9,2,5,5,10,8,9,9,9,12,8,1,3,2,2,11,1,,3,,,2,5,4,13,1,3,11,1,12,13,2,12,4,4,12,4,2,12,10,1,1,2,12,13,5,12,4,1,5,5,1,7,10,10,12,11,13,7,1,1,,,6,9,,,1,11,1,2,2,2,2,10,2,7,8,13,1,1,1,10,6,9,1,2,6,12,6,1,,10,,,"b'\x11\xe8\xe1I\xd9\x91\xf8,\x98|\x12\xdf\x17\xaeN\x1e'"
11E8E149-D991-F82C-987C-12DF17AE4E1E,2020-ncaa-d2-natl,ncaa,35,22,102,32,102,31,25,104,6,24,81,24,85,196,3,227,125,135,126,137,205,110,133,8,10,9,210,165,257,166,103,10,59,38,20,52,182,104,85,49,226,248,16,17,,,119,81,,,23,127,199,3,15,12,125,16,81,80,213,125,148,153,129,165,176,2,26,46,84,246,15,,95,,,22,100,103,261,16,75,205,21,215,286,38,257,124,112,191,104,91,252,180,24,19,63,249,256,142,202,59,46,103,96,20,113,147,273,299,234,209,175,21,10,,,195,231,,,23,169,7,75,24,82,85,264,62,179,199,280,106,102,95,249,160,190,27,68,96,297,183,21,,225,,,"b'\x11\xe8\xe1I\xd9\x91\xf8,\x98|\x12\xdf\x17\xaeN\x1e'"
11E8E149-D991-F82C-987C-12DF17AE4E1E,2021-ncaa-d2-conf-Gulf South,ncaa,1,2,1,2,1,1,1,3,1,1,7,1,2,1,2,2,2,2,10,2,1,3,3,1,1,1,4,3,12,8,9,1,4,3,4,2,2,12,7,2,7,13,1,3,,,10,1,,,2,2,11,7,4,4,12,7,13,3,4,9,7,7,11,13,13,2,7,2,4,13,3,,1,,,2,12,11,13,2,9,12,1,13,13,9,13,11,9,13,10,2,13,12,2,2,4,13,13,4,11,4,10,9,10,4,13,13,4,12,13,12,9,3,3,,,3,8,,,2,12,1,4,2,2,2,9,1,4,11,11,2,1,1,6,3,6,3,3,9,12,7,1,,10,,,"b'\x11\xe8\xe1I\xd9\x91\xf8,\x98|\x12\xdf\x17\xaeN\x1e'"
11E8E149-D991-F82C-987C-12DF17AE4E1E,2021-ncaa-d2-natl,ncaa,8,66,6,34,6,13,15,24,13,24,80,1,8,6,77,17,16,11,130,10,5,19,18,5,8,12,61,46,144,79,168,7,82,13,73,12,49,217,131,48,75,186,34,75,,,188,39,,,24,12,197,118,72,85,208,124,223,38,41,115,106,105,205,213,204,64,142,50,64,199,95,,20,,,38,203,193,219,23,169,201,23,218,222,90,202,205,188,216,193,91,220,215,37,46,73,206,205,123,220,82,195,168,212,73,213,204,43,175,181,218,143,47,14,,,27,138,,,24,214,26,82,38,38,33,103,16,43,163,181,74,40,46,66,32,99,23,35,127,191,115,5,,198,,,"b'\x11\xe8\xe1I\xd9\x91\xf8,\x98|\x12\xdf\x17\xaeN\x1e'"
11E8E149-D991-F82C-987C-12DF17AE4E1E,2022-ncaa-d2-conf-Gulf South,ncaa,1,1,3,1,5,3,3,7,1,4,8,2,1,5,1,2,7,8,7,8,4,7,8,1,1,1,3,1,12,13,13,5,7,9,11,3,6,1,1,1,5,5,2,2,,,3,3,,,2,6,11,8,2,2,12,8,13,1,5,8,8,8,10,13,13,8,12,4,1,5,2,,1,,,2,2,3,9,2,4,9,1,8,6,9,5,5,5,2,5,2,8,8,2,2,2,8,10,5,10,7,8,13,8,11,4,6,5,5,4,1,3,2,4,,,7,2,,,2,8,1,3,2,2,3,5,2,6,5,4,3,3,3,3,4,7,6,7,3,5,1,1,,9,,,"b'\x11\xe8\xe1I\xd9\x91\xf8,\x98|\x12\xdf\x17\xaeN\x1e'"
11E8E149-D991-F82C-987C-12DF17AE4E1E,2022-ncaa-d2-natl,ncaa,13,5,47,6,60,41,50,129,5,90,195,13,12,61,1,62,70,75,120,75,25,114,155,2,2,3,36,34,200,280,283,87,119,169,211,70,171,42,39,28,111,140,79,65,,,119,73,,,19,101,259,224,36,53,259,155,279,19,96,107,125,122,243,288,297,159,276,98,16,167,100,,52,,,18,159,140,201,52,84,160,24,257,227,243,203,155,161,110,161,156,196,193,87,83,98,274,265,155,177,119,171,283,179,211,138,139,124,152,121,105,102,31,33,,,111,87,,,19,197,6,100,19,46,29,58,17,62,208,164,99,106,106,56,45,109,78,82,79,186,53,14,,211,,,"b'\x11\xe8\xe1I\xd9\x91\xf8,\x98|\x12\xdf\x17\xaeN\x1e'"
11E8E149-D991-F82C-987C-12DF17AE4E1E,2023-ncaa-d2-conf-Gulf South,ncaa,1,1,1,1,1,1,1,1,2,6,11,2,1,1,1,1,1,1,6,1,2,1,1,1,1,1,2,1,9,2,9,2,7,2,6,3,8,8,2,4,1,1,7,9,,,12,7,,,1,1,3,7,1,2,5,8,13,1,1,2,3,3,5,5,9,8,8,5,2,1,8,,7,,,1,6,7,9,4,8,12,6,2,5,2,3,7,6,7,6,4,9,13,4,3,1,3,2,9,6,7,12,9,11,6,7,7,1,1,1,5,2,11,12,,,3,5,,,1,13,1,1,1,2,3,3,5,5,2,1,4,4,4,2,9,5,7,6,4,1,2,7,,6,,,"b'\x11\xe8\xe1I\xd9\x91\xf8,\x98|\x12\xdf\x17\xaeN\x1e'"
11E8E149-D991-F82C-987C-12DF17AE4E1E,2023-ncaa-d2-natl,ncaa,11,10,30,9,41,22,35,52,26,127,244,13,3,5,16,5,31,39,80,36,6,42,47,10,11,8,5,5,164,117,150,129,137,127,156,51,154,163,83,64,12,12,172,187,,,243,169,,,5,41,158,182,14,48,145,221,295,5,6,65,82,82,123,169,198,258,252,79,83,20,217,,139,,,4,120,130,145,120,153,154,142,97,142,63,140,143,134,172,141,142,146,249,110,114,20,105,106,156,142,137,193,150,171,156,154,181,10,5,12,101,41,145,206,,,55,113,,,5,256,12,13,3,12,25,8,44,32,59,70,70,65,68,4,103,65,55,50,82,12,40,74,,140,,,"b'\x11\xe8\xe1I\xd9\x91\xf8,\x98|\x12\xdf\x17\xaeN\x1e'"
11E8E149-D991-F82C-987C-12DF17AE4E1E,2024-ncaa-d2-conf-Gulf South,ncaa,2,2,3,2,3,1,1,1,2,1,3,1,1,1,4,1,1,1,6,1,1,1,1,1,1,1,2,2,13,1,4,7,9,3,8,1,6,3,1,1,1,1,12,12,,,10,3,,,1,1,1,3,1,1,1,1,6,1,1,1,1,1,1,1,1,11,4,1,3,1,12,,10,,,1,11,11,10,10,13,10,11,5,5,5,5,8,8,6,8,8,10,13,9,9,2,1,3,7,9,9,12,4,12,8,11,10,1,1,1,5,1,4,3,,,1,8,,,1,13,1,2,1,6,6,4,8,4,4,3,7,7,8,3,13,6,10,11,9,1,5,3,,1,,,"b'\x11\xe8\xe1I\xd9\x91\xf8,\x98|\x12\xdf\x17\xaeN\x1e'"
11E8E149-D991-F82C-987C-12DF17AE4E1E,2024-ncaa-d2-natl,ncaa,13,10,26,10,33,2,4,4,12,15,101,2,1,1,47,4,16,17,101,18,19,4,8,3,4,3,22,8,243,21,57,153,152,74,142,5,68,130,4,3,3,3,236,263,,,258,82,,,2,6,6,89,1,1,4,13,203,1,1,27,37,39,4,9,49,268,165,3,65,3,274,,175,,,2,254,254,198,259,262,181,281,177,193,126,163,205,197,201,202,170,205,288,248,245,35,92,112,124,155,152,259,57,232,142,259,196,3,2,7,123,8,87,62,,,13,159,,,2,293,2,22,3,149,163,44,187,64,113,112,121,114,116,40,276,69,165,113,183,3,59,42,,35,,,"b'\x11\xe8\xe1I\xd9\x91\xf8,\x98|\x12\xdf\x17\xaeN\x1e'"
11E8E149-D991-F82C-987C-12DF17AE4E1E,2025-ncaa-d2-conf-Gulf South,genius_ncaa,1,1,1,1,1,1,1,1,3,1,6,1,1,1,2,1,1,2,1,2,2,1,1,2,2,1,1,1,11,2,7,4,6,3,11,1,1,5,1,1,1,1,2,3,,,12,2,,1,1,1,1,12,1,1,1,4,11,1,1,4,5,5,1,1,4,8,8,1,2,1,3,,7,,1,1,10,11,11,7,11,11,9,7,8,5,6,7,10,2,10,7,11,12,7,6,1,3,6,4,9,6,12,7,12,11,9,5,1,1,1,7,2,9,9,,,1,10,,3,1,12,2,1,1,5,6,5,8,6,4,5,3,3,4,5,12,5,11,11,5,1,4,8,,5,,4,"b'\x11\xe8\xe1I\xd9\x91\xf8,\x98|\x12\xdf\x17\xaeN\x1e'"
11E8E149-D991-F82C-987C-12DF17AE4E1E,2025-ncaa-d2-natl,genius_ncaa,7,7,9,8,11,5,5,6,34,42,126,6,1,1,25,3,68,83,82,87,87,7,8,8,11,9,4,1,280,31,143,91,223,52,237,6,63,209,23,15,4,5,63,81,,,267,63,,55,5,5,25,186,3,10,8,127,274,1,1,162,196,205,14,35,89,271,209,7,74,5,113,,139,,32,5,282,287,272,239,288,245,269,249,267,127,221,162,202,29,206,133,270,297,238,205,41,85,162,52,272,223,299,143,298,237,257,106,3,2,10,210,47,215,209,,,44,247,,76,5,297,8,33,6,123,168,66,176,62,160,170,56,74,78,54,262,164,233,221,135,6,94,114,,167,,125,"b'\x11\xe8\xe1I\xd9\x91\xf8,\x98|\x12\xdf\x17\xaeN\x1e'"
11E8E149-D991-F82C-987C-12DF17AE4E1E,2026-ncaa-d2-conf-Gulf South,genius_ncaa,6,3,9,6,9,7,7,9,10,11,11,8,2,1,3,1,8,9,1,9,6,9,9,4,4,3,1,1,6,4,4,10,7,9,7,1,1,1,1,1,7,7,12,12,,,4,5,,2,2,9,1,1,1,1,1,7,8,1,1,2,5,5,1,1,1,7,1,1,1,6,12,,9,,4,1,3,4,4,8,7,4,12,1,2,1,5,4,3,6,3,5,4,4,6,4,3,1,1,6,4,7,3,4,3,7,5,9,6,3,6,3,3,8,9,,,10,12,,5,2,4,2,3,1,10,11,11,12,11,1,6,7,8,8,11,12,10,11,11,12,1,5,8,,6,,3,"b'\x11\xe8\xe1I\xd9\x91\xf8,\x98|\x12\xdf\x17\xaeN\x1e'"
11E8E149-D991-F82C-987C-12DF17AE4E1E,2026-ncaa-d2-natl,genius_ncaa,107,144,59,135,84,18,32,20,171,109,111,126,5,1,105,7,32,66,25,65,85,21,32,104,88,56,9,13,143,65,158,156,251,117,247,27,75,150,27,34,54,111,189,236,,,242,122,,85,85,31,8,88,4,18,5,146,168,2,1,37,87,86,6,14,86,257,183,24,92,72,221,,232,,58,89,257,261,232,269,267,217,286,195,218,111,143,239,247,153,242,198,241,264,260,262,189,80,91,147,249,251,263,158,258,247,262,180,14,36,116,177,67,119,99,,,59,205,,84,85,263,53,184,103,277,275,228,273,202,168,188,224,230,225,250,286,220,273,263,256,17,133,91,,76,,110,"b'\x11\xe8\xe1I\xd9\x91\xf8,\x98|\x12\xdf\x17\xaeN\x1e'"
11E8E149-D996-67EA-987C-12DF17AE4E1E,2018-ncaa-d2-conf-NSIC,ncaa,16,16,9,16,14,16,16,15,16,16,16,16,13,6,16,1,10,13,7,13,9,15,12,16,16,16,1,3,4,12,12,16,14,15,15,16,15,16,16,16,16,16,8,9,,,6,7,,,16,11,4,14,16,16,15,16,16,13,3,10,12,12,15,10,10,16,15,16,16,16,8,,7,,,16,15,15,6,16,9,7,13,13,11,16,10,12,11,10,11,10,9,6,16,16,16,11,13,8,10,14,10,12,12,15,14,9,14,15,15,16,16,13,16,,,10,9,,,16,7,16,16,16,16,16,12,11,9,15,11,13,13,13,14,9,10,14,15,15,13,16,14,,9,,,b'\x11\xe8\xe1I\xd9\x96g\xea\x98|\x12\xdf\x17\xaeN\x1e'
11E8E149-D996-67EA-987C-12DF17AE4E1E,2018-ncaa-d2-natl,ncaa,302,309,105,304,122,288,297,210,307,301,263,307,140,82,263,33,242,256,87,258,187,227,193,304,301,303,19,30,90,238,276,198,199,223,275,295,266,247,280,302,299,306,116,111,,,97,91,,,307,177,236,166,306,307,282,308,288,155,84,259,279,280,290,263,264,252,274,307,242,305,120,,69,,,304,267,267,215,246,186,136,215,301,267,305,274,149,120,248,120,133,204,131,279,275,300,261,297,72,156,199,249,276,228,275,269,208,287,304,305,288,295,289,306,,,200,164,,,307,131,303,300,305,257,251,206,158,114,301,266,133,100,103,185,82,148,247,211,248,300,281,294,,239,,,b'\x11\xe8\xe1I\xd9\x96g\xea\x98|\x12\xdf\x17\xaeN\x1e'
11E8E149-D996-67EA-987C-12DF17AE4E1E,2019-ncaa-d2-conf-NSIC,ncaa,16,16,9,16,14,16,16,16,16,16,15,16,15,14,12,11,6,5,15,4,1,16,11,16,16,16,3,8,1,13,14,15,16,15,16,12,2,16,16,16,14,16,5,5,,,3,4,,,16,10,6,8,16,16,16,15,15,15,13,6,5,4,15,7,13,15,15,12,16,13,5,,5,,,16,16,16,14,15,14,8,15,15,11,14,11,3,2,13,2,3,12,10,15,15,15,8,12,2,15,16,6,14,13,16,16,16,11,12,16,16,16,10,14,,,6,4,,,16,6,16,15,16,16,16,15,16,11,15,13,4,3,3,14,13,16,10,14,16,8,16,12,,4,,,b'\x11\xe8\xe1I\xd9\x96g\xea\x98|\x12\xdf\x17\xaeN\x1e'
11E8E149-D996-67EA-987C-12DF17AE4E1E,2019-ncaa-d2-natl,ncaa,300,311,76,303,92,254,276,256,268,276,243,279,192,193,191,160,120,95,222,93,20,239,182,257,240,282,58,132,17,272,291,177,284,242,293,195,48,300,300,280,274,303,74,96,,,79,27,,,308,131,203,134,297,306,306,300,279,219,231,155,125,116,302,269,293,249,294,241,284,295,82,,38,,,302,298,302,283,266,288,245,262,302,290,268,261,50,42,226,45,21,266,217,274,251,290,112,268,8,285,284,219,291,264,293,308,296,248,296,310,302,299,231,287,,,82,31,,,308,183,293,301,303,279,294,284,270,231,292,276,30,27,31,257,182,275,170,238,304,286,293,216,,96,,,b'\x11\xe8\xe1I\xd9\x96g\xea\x98|\x12\xdf\x17\xaeN\x1e'
11E8E149-D996-67EA-987C-12DF17AE4E1E,2020-ncaa-d2-conf-NSIC,ncaa,16,16,9,16,13,16,16,15,16,16,16,16,5,3,13,1,16,16,13,16,10,16,15,16,16,16,1,1,13,13,15,13,13,14,15,15,9,16,16,16,16,16,14,14,,,1,3,,,16,14,11,11,16,16,13,16,16,4,2,16,16,16,16,12,12,10,11,15,16,16,14,,2,,,16,15,15,12,15,14,5,15,13,15,5,15,7,5,9,7,7,10,4,15,15,16,7,9,4,7,13,11,15,11,15,15,12,16,16,16,16,16,14,16,,,16,13,,,16,4,16,16,16,15,15,15,14,9,14,15,9,7,8,15,9,11,13,13,15,16,16,15,,15,,,b'\x11\xe8\xe1I\xd9\x96g\xea\x98|\x12\xdf\x17\xaeN\x1e'
11E8E149-D996-67EA-987C-12DF17AE4E1E,2020-ncaa-d2-natl,ncaa,297,309,102,299,140,261,273,205,289,294,279,288,97,55,208,22,263,270,137,267,185,237,210,266,268,269,20,17,200,266,297,139,140,202,262,253,176,219,250,263,304,309,243,254,,,121,116,,,302,181,222,168,292,296,258,305,298,100,47,283,292,289,285,266,285,149,238,278,201,309,253,,98,,,295,276,274,242,233,256,172,276,260,280,130,254,211,174,256,181,168,243,147,242,246,297,154,189,118,165,140,274,297,243,262,270,197,300,310,307,289,293,215,282,,,225,198,,,302,142,283,294,295,264,260,241,241,150,244,275,198,159,167,244,99,147,266,230,247,310,272,214,,264,,,b'\x11\xe8\xe1I\xd9\x96g\xea\x98|\x12\xdf\x17\xaeN\x1e'
11E8E149-D996-67EA-987C-12DF17AE4E1E,2021-ncaa-d2-conf-NSIC,ncaa,16,16,4,16,5,11,11,6,16,12,8,15,11,3,16,3,12,12,9,12,15,6,6,16,16,16,7,7,12,9,14,7,16,8,15,15,15,15,16,15,11,16,6,5,,,13,9,,,16,5,8,6,16,15,10,15,13,14,6,15,15,15,10,9,12,9,11,15,16,15,6,,11,,,16,16,15,15,11,13,13,10,16,16,13,12,13,16,3,16,15,15,13,11,12,15,13,12,11,16,16,14,14,16,15,16,9,13,16,16,16,16,13,15,,,9,15,,,16,12,16,16,16,16,15,15,13,12,16,15,14,16,16,16,12,16,15,16,14,16,16,14,,15,,,b'\x11\xe8\xe1I\xd9\x96g\xea\x98|\x12\xdf\x17\xaeN\x1e'
11E8E149-D996-67EA-987C-12DF17AE4E1E,2021-ncaa-d2-natl,ncaa,201,210,114,207,116,150,149,125,203,150,133,191,137,100,196,71,142,156,37,155,176,133,130,196,194,196,98,94,99,160,210,114,171,132,207,167,179,126,173,204,179,217,77,87,,,122,130,,,220,122,90,70,198,189,126,182,138,144,84,175,194,192,146,129,190,81,141,200,165,211,80,,152,,,218,148,139,126,160,129,121,133,170,145,198,140,178,185,114,175,190,133,112,168,176,215,178,155,161,160,171,145,210,148,207,153,112,181,223,221,164,196,170,204,,,145,192,,,220,103,208,222,220,209,192,190,165,156,204,192,209,213,210,206,161,182,206,204,183,218,190,196,,200,,,b'\x11\xe8\xe1I\xd9\x96g\xea\x98|\x12\xdf\x17\xaeN\x1e'
11E8E149-D996-67EA-987C-12DF17AE4E1E,2022-ncaa-d2-conf-NSIC,ncaa,15,16,11,15,13,14,15,11,16,15,11,16,10,6,12,5,11,12,4,12,7,12,12,16,16,16,3,3,4,7,9,10,9,9,12,13,8,5,7,13,12,11,7,7,,,8,11,,,15,13,7,11,16,16,6,16,10,7,3,9,10,10,5,6,6,6,3,13,8,11,7,,11,,,15,5,4,6,4,5,6,8,7,10,2,10,12,14,9,12,13,7,5,5,7,9,13,7,13,9,9,14,9,12,12,5,6,14,13,11,7,9,8,9,,,13,15,,,15,4,16,11,14,11,6,11,8,8,7,13,14,15,14,11,10,10,15,15,5,12,9,10,,14,,,b'\x11\xe8\xe1I\xd9\x96g\xea\x98|\x12\xdf\x17\xaeN\x1e'
11E8E149-D996-67EA-987C-12DF17AE4E1E,2022-ncaa-d2-natl,ncaa,255,254,222,259,242,213,216,174,255,239,193,260,125,120,157,92,238,260,54,257,257,193,224,234,231,185,83,61,209,212,237,160,74,190,197,217,194,28,57,132,265,260,149,120,,,98,176,,,241,221,99,224,184,182,54,228,123,84,59,216,246,243,85,141,181,56,102,200,63,257,131,,171,,,238,150,138,113,176,108,83,210,190,212,122,242,183,153,240,148,211,119,76,198,205,261,230,201,193,58,74,197,237,141,197,85,66,283,291,257,78,130,151,184,,,279,288,,,241,81,198,257,240,252,227,233,187,137,250,270,242,222,217,246,152,102,286,230,135,284,133,207,,284,,,b'\x11\xe8\xe1I\xd9\x96g\xea\x98|\x12\xdf\x17\xaeN\x1e'
11E8E149-D996-67EA-987C-12DF17AE4E1E,2023-ncaa-d2-conf-NSIC,ncaa,13,13,8,13,8,8,11,6,16,13,5,16,7,7,9,10,9,9,8,9,6,6,8,13,13,12,3,5,5,11,14,5,6,10,13,11,12,7,7,10,12,14,10,12,,,12,12,,,14,6,2,2,7,12,2,13,3,6,5,9,7,6,2,3,10,4,8,12,10,13,9,,13,,,14,14,14,11,12,12,11,9,10,6,14,6,13,14,3,14,13,12,10,13,13,16,8,6,9,7,6,15,14,15,13,7,3,10,13,9,11,8,8,7,,,7,6,,,14,12,14,14,13,16,15,15,13,13,10,7,14,14,14,15,14,9,16,16,7,10,12,8,,4,,,b'\x11\xe8\xe1I\xd9\x96g\xea\x98|\x12\xdf\x17\xaeN\x1e'
11E8E149-D996-67EA-987C-12DF17AE4E1E,2023-ncaa-d2-natl,ncaa,183,226,110,208,111,109,104,81,178,130,77,231,86,110,53,146,156,181,84,169,231,89,110,158,167,126,105,87,197,261,289,69,17,128,210,178,261,69,53,151,259,280,191,238,,,216,182,,,230,71,50,9,111,108,48,152,69,81,110,173,198,187,66,112,267,34,139,215,73,273,198,,210,,,225,262,263,235,241,267,249,203,204,164,243,103,212,200,165,203,135,239,199,230,219,259,104,132,126,38,17,286,289,233,210,121,13,234,272,205,134,102,207,166,,,132,161,,,230,227,169,233,218,271,266,264,267,256,200,154,197,197,197,266,210,33,292,237,110,252,121,196,,138,,,b'\x11\xe8\xe1I\xd9\x96g\xea\x98|\x12\xdf\x17\xaeN\x1e'
11E8E149-D996-67EA-987C-12DF17AE4E1E,2024-ncaa-d2-conf-GLVC,ncaa,6,7,3,7,3,5,3,6,4,7,11,3,1,3,4,3,11,13,7,13,11,6,6,3,4,4,4,2,14,13,13,2,5,7,11,3,4,13,12,6,7,11,5,8,,,9,4,,,8,3,2,4,6,4,8,10,12,1,4,12,14,13,8,8,13,2,11,6,10,9,5,,7,,,8,13,14,13,5,12,14,5,8,11,3,5,11,10,13,10,7,13,14,5,5,8,4,5,8,9,5,12,13,11,11,7,4,9,11,10,13,13,1,3,,,12,13,,,8,13,7,8,8,9,11,13,11,13,9,10,11,9,9,14,13,7,12,10,5,10,13,1,,14,,,b'\x11\xe8\xe1I\xd9\x96g\xea\x98|\x12\xdf\x17\xaeN\x1e'
11E8E149-D996-67EA-987C-12DF17AE4E1E,2024-ncaa-d2-natl,ncaa,144,131,207,142,222,107,103,180,26,153,237,25,44,76,23,43,210,240,67,241,174,193,219,14,19,27,73,41,253,292,297,88,57,215,225,112,144,57,101,69,263,273,162,192,,,101,89,,,160,154,38,103,33,31,91,101,213,14,36,169,206,210,110,134,295,14,174,62,113,250,147,,148,,,161,223,214,199,167,228,207,183,121,157,58,121,234,190,291,190,140,204,131,141,171,253,103,80,198,98,57,191,297,161,225,88,34,279,291,256,123,161,20,35,,,223,198,,,160,150,84,237,156,272,270,285,270,281,165,209,262,219,223,287,236,134,264,232,137,276,161,19,,198,,,b'\x11\xe8\xe1I\xd9\x96g\xea\x98|\x12\xdf\x17\xaeN\x1e'
11E8E149-D996-67EA-987C-12DF17AE4E1E,2025-ncaa-d2-conf-GLVC,genius_ncaa,8,7,6,8,6,7,7,9,6,11,10,9,4,6,2,5,14,14,7,13,14,11,11,4,6,7,5,4,14,14,14,3,2,7,8,5,2,6,8,3,15,15,12,13,,,2,1,,5,8,5,13,2,8,6,9,10,11,5,5,15,15,15,13,14,14,1,9,5,6,15,12,,2,,4,8,7,12,11,7,15,14,6,2,2,5,1,6,7,10,7,2,11,8,5,5,10,1,1,6,2,2,11,14,9,8,4,4,15,15,15,5,8,5,7,,,14,14,,12,8,10,8,7,9,7,10,13,14,15,2,2,8,5,5,14,3,4,13,10,5,15,6,5,,14,,13,b'\x11\xe8\xe1I\xd9\x96g\xea\x98|\x12\xdf\x17\xaeN\x1e'
11E8E149-D996-67EA-987C-12DF17AE4E1E,2025-ncaa-d2-natl,genius_ncaa,174,141,230,169,235,184,166,235,55,200,239,106,83,158,7,99,266,273,108,272,249,258,273,35,53,42,88,47,276,290,296,102,13,225,177,106,62,20,67,31,294,301,205,232,,,20,30,,98,159,251,160,59,103,79,154,151,190,43,112,254,261,259,202,252,296,9,174,57,41,300,187,,33,,138,160,97,132,117,190,190,199,152,57,36,185,36,75,70,208,72,38,97,39,153,144,251,30,61,99,16,13,154,296,73,177,64,47,292,297,282,19,68,72,113,,,278,246,,219,159,53,107,205,159,205,238,260,267,289,91,60,131,121,126,246,100,36,252,161,130,297,45,95,,280,,203,b'\x11\xe8\xe1I\xd9\x96g\xea\x98|\x12\xdf\x17\xaeN\x1e'
11E8E149-D996-67EA-987C-12DF17AE4E1E,2026-ncaa-d2-conf-GLVC,genius_ncaa,2,1,6,1,6,4,2,8,1,12,12,7,1,3,2,2,14,15,8,15,12,8,11,1,1,1,2,1,15,12,11,6,6,10,8,1,3,5,3,2,11,12,5,7,,,2,3,,2,3,8,5,1,1,1,3,10,11,1,2,13,14,14,3,9,11,2,7,1,5,10,5,,3,,2,3,8,8,8,11,13,11,5,3,1,11,2,10,10,7,9,8,8,7,8,10,12,4,3,13,7,6,7,11,8,8,2,2,12,13,8,6,5,11,14,,,11,7,,5,3,7,1,11,3,12,11,13,14,15,5,2,13,13,12,13,9,8,10,9,4,11,6,11,,8,,4,b'\x11\xe8\xe1I\xd9\x96g\xea\x98|\x12\xdf\x17\xaeN\x1e'
11E8E149-D996-67EA-987C-12DF17AE4E1E,2026-ncaa-d2-natl,genius_ncaa,107,98,141,113,170,201,192,207,117,250,253,191,33,88,17,17,250,266,47,272,246,227,231,59,68,77,11,3,265,287,295,202,211,256,289,138,62,78,159,97,253,257,153,165,,,90,108,,60,226,207,221,88,187,183,238,276,281,11,46,269,286,290,277,287,294,217,290,115,85,255,147,,84,,65,227,169,171,122,240,192,177,174,131,66,272,45,184,158,220,151,131,124,103,230,242,266,107,104,176,154,211,170,295,163,289,142,98,233,251,243,114,188,92,173,,,220,153,,97,226,94,146,276,229,226,221,158,241,238,147,44,215,191,185,166,99,195,230,219,171,255,132,97,,244,,86,b'\x11\xe8\xe1I\xd9\x96g\xea\x98|\x12\xdf\x17\xaeN\x1e'
11E8E149-D99A-E824-987C-12DF17AE4E1E,2018-ncaa-d2-conf-MEC,ncaa,7,5,7,7,8,6,6,7,4,4,5,5,9,6,11,7,8,11,2,11,10,8,8,5,5,4,11,11,7,8,6,11,12,11,11,11,12,5,6,8,6,6,10,11,,,12,12,,,10,8,9,4,6,6,6,3,5,7,6,6,9,8,7,8,7,11,11,10,6,6,10,,12,,,10,9,5,5,9,5,5,5,10,5,12,4,12,12,10,12,12,5,5,11,12,12,12,6,12,10,12,4,6,7,11,3,6,6,7,6,9,10,3,2,,,10,7,,,10,5,5,12,11,10,7,4,5,6,9,6,12,12,12,9,8,10,5,6,6,7,9,3,,9,,,b'\x11\xe8\xe1I\xd9\x9a\xe8$\x98|\x12\xdf\x17\xaeN\x1e'
11E8E149-D99A-E824-987C-12DF17AE4E1E,2018-ncaa-d2-natl,ncaa,161,164,148,170,152,110,87,118,62,52,94,38,217,183,260,199,158,213,29,207,264,132,155,102,96,90,286,259,206,171,175,202,271,197,238,179,285,87,78,146,131,156,230,238,,,270,273,,,225,143,110,34,68,40,63,23,64,220,178,145,213,205,88,119,172,226,211,180,93,128,237,,293,,,221,279,243,182,239,211,147,234,245,204,238,164,301,287,283,287,287,220,189,245,278,290,251,156,270,246,271,145,175,193,238,176,76,185,218,186,154,154,77,58,,,226,254,,,225,175,97,293,216,293,252,220,231,173,253,222,300,294,295,259,237,261,160,222,176,177,161,91,,236,,,b'\x11\xe8\xe1I\xd9\x9a\xe8$\x98|\x12\xdf\x17\xaeN\x1e'
11E8E149-D99A-E824-987C-12DF17AE4E1E,2019-ncaa-d2-conf-MEC,ncaa,11,11,11,11,11,9,11,9,8,10,9,8,9,7,9,6,5,5,6,6,3,9,9,8,8,8,5,8,1,8,10,11,10,11,11,9,5,4,6,9,7,7,11,12,,,6,7,,,11,8,4,1,8,9,6,8,6,7,6,5,3,3,5,3,7,9,9,9,9,6,11,,12,,,11,9,8,7,12,9,8,12,4,2,6,3,11,9,9,9,8,8,6,12,12,12,4,3,10,8,10,8,10,9,11,9,3,7,8,8,9,11,7,8,,,7,6,,,11,4,10,12,11,11,10,8,10,9,5,3,12,12,12,9,10,11,10,10,10,6,11,9,,2,,,b'\x11\xe8\xe1I\xd9\x9a\xe8$\x98|\x12\xdf\x17\xaeN\x1e'
11E8E149-D99A-E824-987C-12DF17AE4E1E,2019-ncaa-d2-natl,ncaa,278,285,227,284,233,155,155,142,182,118,116,159,225,176,252,206,108,113,164,111,154,139,153,211,197,175,225,237,97,174,226,221,294,216,286,158,170,127,122,150,193,231,198,244,,,211,174,,,293,145,20,32,76,83,32,58,45,196,149,62,68,67,26,27,127,173,145,129,191,171,185,,270,,,291,305,301,245,300,303,268,297,166,128,230,53,272,257,216,257,182,256,211,288,294,307,46,40,164,282,294,252,226,279,286,256,75,222,280,275,261,254,244,223,,,156,176,,,293,177,193,309,282,308,308,303,306,303,222,185,292,291,292,306,300,298,291,300,281,197,276,274,,81,,,b'\x11\xe8\xe1I\xd9\x9a\xe8$\x98|\x12\xdf\x17\xaeN\x1e'
11E8E149-D99A-E824-987C-12DF17AE4E1E,2020-ncaa-d2-conf-MEC,ncaa,5,5,7,5,7,4,4,5,4,4,4,3,5,7,3,8,4,6,2,6,8,4,4,4,4,3,8,6,7,4,3,2,11,3,5,4,5,7,7,6,6,7,4,5,,,5,4,,,5,5,3,2,3,2,4,2,2,5,6,3,5,5,3,3,4,2,2,2,7,6,3,,7,,,5,10,10,10,6,8,7,7,8,10,4,6,8,10,3,9,9,10,8,5,4,8,5,6,8,11,11,4,3,6,5,7,5,10,11,9,8,7,7,5,,,9,9,,,5,8,3,9,5,11,9,10,8,8,9,10,9,10,10,11,10,11,4,7,7,9,8,8,,9,,,b'\x11\xe8\xe1I\xd9\x9a\xe8$\x98|\x12\xdf\x17\xaeN\x1e'
11E8E149-D99A-E824-987C-12DF17AE4E1E,2020-ncaa-d2-natl,ncaa,112,124,102,119,112,13,10,28,19,8,6,33,141,194,50,268,37,73,38,71,246,32,22,33,31,36,277,255,182,67,71,40,222,41,103,29,188,242,122,94,113,192,65,134,,,221,79,,,138,16,7,50,7,5,13,4,2,150,208,36,69,67,11,8,68,26,28,21,220,120,72,,212,,,139,307,305,308,238,305,298,258,271,291,116,164,268,272,115,269,156,308,297,228,220,273,86,111,121,296,222,164,71,242,103,273,68,199,293,266,248,147,208,88,,,127,272,,,138,292,31,281,139,307,304,307,303,303,259,285,263,264,262,309,304,291,140,229,251,217,229,201,,123,,,b'\x11\xe8\xe1I\xd9\x9a\xe8$\x98|\x12\xdf\x17\xaeN\x1e'
11E8E149-D99F-562A-987C-12DF17AE4E1E,2018-ncaa-d2-conf-G-MAC,ncaa,5,4,5,4,7,6,5,4,6,6,6,7,3,7,4,8,10,10,8,11,12,4,8,6,7,3,6,5,13,5,5,4,9,4,6,1,1,1,1,1,11,11,1,1,,,1,1,,,6,9,8,8,5,4,3,5,5,4,5,12,11,11,3,8,4,2,2,1,1,11,1,,1,,,6,9,10,11,4,9,11,3,11,11,7,9,2,2,9,2,2,11,7,4,3,7,7,11,1,11,9,9,5,10,6,8,7,12,12,12,3,3,2,3,,,10,12,,,6,6,4,9,5,8,8,12,8,11,9,10,3,2,3,11,8,10,8,8,8,11,3,2,,12,,,b'\x11\xe8\xe1I\xd9\x9fV*\x98|\x12\xdf\x17\xaeN\x1e'
11E8E149-D99F-562A-987C-12DF17AE4E1E,2018-ncaa-d2-natl,ncaa,67,74,64,73,96,42,30,41,36,51,87,42,29,39,46,86,180,200,107,207,269,60,99,30,40,18,146,73,294,144,184,47,158,71,143,20,31,40,15,8,229,268,14,24,,,75,19,,,100,87,115,226,25,20,34,46,118,29,53,223,242,251,64,149,175,37,84,11,22,257,15,,34,,,101,283,288,289,172,265,263,163,295,294,219,269,103,87,212,92,43,277,240,194,170,250,185,277,26,259,158,233,184,251,143,282,181,252,301,297,130,85,67,38,,,189,261,,,100,229,19,257,95,255,273,289,229,239,283,288,69,60,63,276,205,224,180,210,250,285,92,51,,254,,,b'\x11\xe8\xe1I\xd9\x9fV*\x98|\x12\xdf\x17\xaeN\x1e'
11E8E149-D99F-562A-987C-12DF17AE4E1E,2019-ncaa-d2-conf-G-MAC,ncaa,11,11,9,11,9,6,6,4,7,5,4,10,6,7,3,6,11,11,10,11,12,6,8,7,8,6,6,6,12,11,12,8,7,7,9,7,4,2,3,3,10,10,5,4,,,4,4,,,9,7,2,5,5,3,1,4,1,6,6,11,10,10,1,3,11,6,5,5,4,9,4,,6,,,9,10,8,9,8,3,6,8,13,12,11,12,6,7,4,6,9,9,8,9,9,11,12,13,6,5,7,10,12,7,9,13,13,9,10,13,3,6,11,8,,,12,12,,,9,9,6,10,8,12,11,13,7,7,13,13,7,8,7,13,13,8,11,11,13,8,7,13,,11,,,b'\x11\xe8\xe1I\xd9\x9fV*\x98|\x12\xdf\x17\xaeN\x1e'
11E8E149-D99F-562A-987C-12DF17AE4E1E,2019-ncaa-d2-natl,ncaa,232,259,118,244,137,108,94,80,164,124,93,205,75,101,42,131,230,239,100,230,275,100,122,139,156,119,127,80,271,210,252,124,144,158,220,104,139,80,49,77,196,234,86,68,,,117,59,,,215,95,67,91,89,75,38,132,85,68,95,237,253,244,62,102,230,112,168,96,79,210,84,,99,,,210,281,271,258,181,151,123,189,310,309,255,302,138,147,127,138,162,239,203,235,221,249,296,303,62,174,144,251,252,229,220,285,248,203,258,278,131,109,220,174,,,246,291,,,215,215,145,247,203,274,260,277,138,101,304,308,134,135,129,269,234,167,250,226,276,228,126,223,,275,,,b'\x11\xe8\xe1I\xd9\x9fV*\x98|\x12\xdf\x17\xaeN\x1e'
11E8E149-D99F-562A-987C-12DF17AE4E1E,2020-ncaa-d2-conf-G-MAC,ncaa,10,10,9,10,12,8,7,8,6,6,4,7,8,10,6,10,9,8,6,8,9,9,8,6,7,7,12,9,6,11,10,11,9,13,10,7,10,9,10,9,12,12,6,7,,,1,2,,,11,7,1,8,7,6,5,3,3,7,10,9,7,7,6,2,10,11,13,7,10,10,6,,4,,,11,13,13,9,13,6,4,13,12,12,12,12,2,2,11,2,4,7,7,13,13,13,11,11,1,5,9,3,10,4,10,12,9,11,11,12,11,12,4,5,,,10,10,,,11,6,9,12,10,13,13,12,10,7,12,12,5,4,4,11,11,7,8,6,13,11,12,5,,9,,,b'\x11\xe8\xe1I\xd9\x9fV*\x98|\x12\xdf\x17\xaeN\x1e'
11E8E149-D99F-562A-987C-12DF17AE4E1E,2020-ncaa-d2-natl,ncaa,223,266,54,245,89,64,48,61,57,49,86,56,95,97,105,144,146,186,63,185,254,73,66,61,64,107,193,149,246,259,286,116,170,192,244,86,179,275,202,166,165,233,182,214,,,129,34,,,259,19,21,227,74,49,95,55,119,116,124,181,232,232,120,86,290,169,266,107,241,200,206,,72,,,247,308,307,305,282,293,243,299,309,308,272,297,141,126,197,123,77,298,283,296,290,296,208,292,13,210,170,232,286,232,244,309,255,175,266,300,297,261,122,77,,,168,268,,,259,287,158,285,247,300,301,300,280,180,305,308,100,88,79,291,270,166,177,183,301,213,271,94,,234,,,b'\x11\xe8\xe1I\xd9\x9fV*\x98|\x12\xdf\x17\xaeN\x1e'
11E8E149-D99F-562A-987C-12DF17AE4E1E,2021-ncaa-d2-conf-G-MAC,ncaa,7,8,6,8,6,7,8,7,7,8,7,5,5,6,6,7,6,5,9,5,6,6,6,6,7,8,6,7,6,5,4,9,10,8,6,9,8,8,8,8,8,9,9,9,,,9,9,,,9,5,1,3,5,5,2,5,5,5,6,6,5,5,1,1,3,9,7,8,11,9,7,,10,,,9,9,11,9,10,11,11,11,6,5,8,2,9,9,6,9,5,9,8,10,9,9,3,2,8,9,10,4,4,5,6,9,8,8,9,8,11,11,7,8,,,5,8,,,9,8,7,9,9,10,11,11,11,12,7,5,8,10,10,11,11,9,6,6,9,4,11,8,,4,,,b'\x11\xe8\xe1I\xd9\x9fV*\x98|\x12\xdf\x17\xaeN\x1e'
11E8E149-D99F-562A-987C-12DF17AE4E1E,2021-ncaa-d2-natl,ncaa,83,184,30,128,33,18,21,18,39,21,29,34,20,15,83,66,57,41,155,43,134,17,17,38,48,61,126,72,195,42,103,41,108,37,110,31,141,212,105,92,82,188,95,184,,,201,79,,,171,17,21,48,22,15,27,39,77,34,35,133,108,111,30,28,101,111,94,54,161,159,158,,135,,,150,221,225,216,211,225,219,213,212,201,178,86,193,200,85,199,56,216,211,208,198,205,45,87,38,182,108,190,103,193,110,221,136,48,174,205,218,142,163,78,,,50,196,,,171,213,66,198,141,217,219,209,214,200,182,156,122,127,120,208,201,106,127,111,213,125,178,88,,136,,,b'\x11\xe8\xe1I\xd9\x9fV*\x98|\x12\xdf\x17\xaeN\x1e'
11E8E149-D99F-562A-987C-12DF17AE4E1E,2022-ncaa-d2-conf-G-MAC,ncaa,9,9,11,9,12,9,9,12,6,9,10,6,8,9,5,8,11,12,2,12,12,12,12,6,6,4,7,7,8,10,8,12,11,12,11,12,12,1,5,10,7,4,9,9,,,2,6,,,9,12,10,8,7,7,6,6,6,6,8,10,11,11,7,10,9,12,12,12,5,5,9,,6,,,9,4,3,1,12,5,1,11,8,7,11,9,5,4,5,4,7,1,1,12,12,11,7,10,5,2,11,1,8,1,11,8,7,9,6,8,1,4,10,12,,,12,9,,,9,1,5,11,9,10,9,4,8,4,9,9,6,6,6,4,3,5,5,6,9,7,2,12,,9,,,b'\x11\xe8\xe1I\xd9\x9fV*\x98|\x12\xdf\x17\xaeN\x1e'
11E8E149-D99F-562A-987C-12DF17AE4E1E,2022-ncaa-d2-natl,ncaa,187,179,196,193,216,142,128,209,35,154,234,32,80,121,40,60,244,282,3,283,273,229,253,24,28,21,128,64,272,283,264,278,134,286,248,205,267,20,58,93,170,119,272,260,,,17,24,,,195,234,255,224,79,60,181,112,228,56,89,240,287,285,233,276,284,296,300,212,28,152,279,,9,,,191,191,225,68,300,178,34,300,275,205,295,278,27,23,235,22,71,49,45,300,300,298,176,275,12,21,134,51,264,32,248,238,194,231,181,271,23,60,202,254,,,281,276,,,195,64,37,292,203,256,271,69,234,27,287,241,35,30,29,34,23,24,49,28,260,227,29,239,,292,,,b'\x11\xe8\xe1I\xd9\x9fV*\x98|\x12\xdf\x17\xaeN\x1e'
11E8E149-D99F-562A-987C-12DF17AE4E1E,2023-ncaa-d2-conf-G-MAC,ncaa,8,8,5,8,8,9,10,11,6,11,11,7,8,9,5,7,6,4,10,4,2,9,10,5,5,6,5,8,4,10,9,8,6,9,6,9,6,4,5,7,11,9,9,11,,,7,10,,,8,10,11,11,10,10,11,11,10,7,7,4,3,3,11,12,10,9,10,8,5,11,9,,7,,,8,2,5,5,6,4,5,8,5,9,6,10,5,5,4,6,7,5,4,6,6,8,7,7,6,5,6,3,9,4,6,5,5,11,11,9,3,7,2,4,,,8,3,,,8,5,7,8,8,5,6,7,7,6,6,7,7,7,7,6,3,5,5,4,7,12,4,3,,6,,,b'\x11\xe8\xe1I\xd9\x9fV*\x98|\x12\xdf\x17\xaeN\x1e'
11E8E149-D99F-562A-987C-12DF17AE4E1E,2023-ncaa-d2-natl,ncaa,139,182,68,159,97,121,116,143,94,167,216,74,59,56,96,39,186,200,123,194,148,150,184,66,83,62,61,43,223,241,240,168,74,209,178,150,198,37,52,76,162,159,246,242,,,114,126,,,154,160,270,184,165,167,225,216,270,59,59,217,238,234,244,289,265,249,279,195,23,204,262,,60,,,151,192,217,163,249,165,82,269,265,265,208,279,47,48,149,50,101,140,117,261,238,252,195,265,22,46,74,137,240,93,178,195,138,213,222,241,36,61,74,104,,,213,224,,,154,136,92,238,157,135,177,83,122,22,246,242,30,35,35,40,14,25,68,38,157,254,31,52,,273,,,b'\x11\xe8\xe1I\xd9\x9fV*\x98|\x12\xdf\x17\xaeN\x1e'
11E8E149-D99F-562A-987C-12DF17AE4E1E,2024-ncaa-d2-conf-G-MAC,ncaa,8,8,9,8,11,9,9,12,8,9,10,6,10,12,9,11,9,10,5,10,8,11,13,9,8,9,12,11,5,9,5,9,5,9,8,10,7,5,7,9,11,10,9,9,,,3,8,,,9,13,10,8,9,8,9,8,7,10,11,8,9,9,9,10,7,7,6,8,8,10,7,,8,,,9,2,2,2,7,5,5,4,3,3,6,5,6,7,4,6,7,1,1,6,6,6,6,5,8,3,5,1,5,3,8,4,5,8,6,5,7,10,9,9,,,11,9,,,9,2,9,5,9,5,5,5,7,7,4,4,10,10,10,5,6,5,4,4,5,7,8,11,,9,,,b'\x11\xe8\xe1I\xd9\x9fV*\x98|\x12\xdf\x17\xaeN\x1e'
11E8E149-D99F-562A-987C-12DF17AE4E1E,2024-ncaa-d2-natl,ncaa,98,93,117,98,154,126,104,150,49,111,187,32,109,97,130,77,232,253,79,251,237,173,178,53,65,88,174,102,261,163,96,130,55,140,39,76,78,143,160,91,142,127,162,151,,,87,88,,,87,180,209,191,121,89,177,115,211,99,91,248,267,267,216,220,171,131,148,68,136,150,171,,69,,,90,86,106,119,128,114,115,157,140,164,91,205,87,84,138,83,105,98,107,131,117,124,139,178,99,56,55,49,96,44,39,100,109,145,123,109,191,206,114,129,,,235,246,,,87,131,89,96,76,74,99,87,93,76,134,162,77,81,78,66,79,47,19,20,93,157,182,99,,264,,,b'\x11\xe8\xe1I\xd9\x9fV*\x98|\x12\xdf\x17\xaeN\x1e'
11E8E149-D99F-562A-987C-12DF17AE4E1E,2025-ncaa-d2-conf-G-MAC,genius_ncaa,9,8,9,9,10,11,11,11,9,9,7,9,12,13,7,13,12,13,8,13,13,12,11,10,12,12,13,12,8,6,6,9,10,8,6,9,8,13,13,10,12,10,6,4,,,7,8,,7,10,13,9,4,11,10,10,7,4,12,13,11,10,11,11,8,6,9,8,8,13,11,5,,10,,8,10,3,3,5,7,7,6,7,4,6,4,6,10,10,10,10,10,4,1,5,6,7,6,5,9,8,10,1,6,2,6,6,8,11,10,8,13,13,7,7,,,12,11,,10,10,1,11,7,11,7,5,7,9,8,4,6,10,10,10,8,6,11,3,5,7,10,13,9,,10,,9,b'\x11\xe8\xe1I\xd9\x9fV*\x98|\x12\xdf\x17\xaeN\x1e'
11E8E149-D99F-562A-987C-12DF17AE4E1E,2025-ncaa-d2-natl,genius_ncaa,233,258,162,243,192,195,176,245,59,142,194,63,216,235,146,199,244,253,154,254,244,258,209,84,99,192,256,197,239,229,161,187,157,212,123,154,133,268,290,227,200,192,104,85,,,106,135,,210,252,199,199,207,226,182,284,121,199,218,246,258,257,261,291,231,231,184,230,152,270,203,96,,117,,209,244,197,191,140,232,160,105,238,219,198,223,224,147,140,181,140,178,133,101,246,244,265,186,208,126,123,157,24,161,49,123,181,155,242,243,251,291,296,156,208,,,229,211,,238,252,101,208,260,250,217,216,163,191,111,231,216,158,152,153,156,98,140,19,52,204,249,288,177,,247,,239,b'\x11\xe8\xe1I\xd9\x9fV*\x98|\x12\xdf\x17\xaeN\x1e'
11E8E149-D99F-562A-987C-12DF17AE4E1E,2026-ncaa-d2-conf-G-MAC,genius_ncaa,11,7,9,11,10,13,12,11,10,12,12,10,11,11,7,8,12,12,5,12,12,12,12,10,10,12,10,6,12,8,6,12,12,11,9,11,9,4,12,12,12,11,12,12,,,3,10,,7,12,13,13,3,13,10,11,9,11,9,11,12,12,12,12,12,7,12,10,11,12,12,12,,8,,10,12,4,4,2,11,5,3,8,2,4,7,6,2,1,12,3,3,1,1,11,11,11,4,6,5,7,12,1,6,2,9,6,9,12,11,13,1,5,4,8,,,11,8,,9,12,1,12,13,13,9,9,7,10,8,6,7,7,3,3,6,2,11,2,6,10,12,3,6,,9,,9,b'\x11\xe8\xe1I\xd9\x9fV*\x98|\x12\xdf\x17\xaeN\x1e'
11E8E149-D99F-562A-987C-12DF17AE4E1E,2026-ncaa-d2-natl,genius_ncaa,246,239,141,256,170,174,163,191,97,197,204,130,91,140,53,75,216,240,59,242,233,209,185,79,81,139,82,58,235,146,82,184,222,168,129,126,79,195,253,170,259,269,283,290,,,129,145,,60,245,196,192,88,151,139,194,197,222,63,110,224,260,266,236,177,128,167,155,98,237,259,284,,153,,65,246,205,216,160,260,216,149,277,185,182,144,184,152,150,147,142,156,159,120,257,255,284,100,139,100,193,222,83,82,117,129,235,217,261,283,290,195,231,167,228,,,220,240,,232,245,106,129,289,246,274,274,245,268,193,200,217,173,179,177,251,144,231,47,129,270,282,220,187,,244,,234,b'\x11\xe8\xe1I\xd9\x9fV*\x98|\x12\xdf\x17\xaeN\x1e'
11E8E149-D9A3-D8B2-987C-12DF17AE4E1E,2018-ncaa-d2-conf-Gulf South,ncaa,4,3,3,4,3,4,5,6,6,7,5,9,3,7,1,8,4,5,2,5,6,5,6,6,4,4,4,7,4,3,2,1,1,1,1,7,8,11,6,6,12,13,14,14,,,4,2,,,4,6,11,6,4,8,10,9,8,6,9,5,7,7,9,8,5,2,3,7,4,13,14,,1,,,4,9,12,14,4,8,13,4,13,12,10,8,3,3,11,3,1,11,7,5,4,8,6,12,3,3,1,3,2,3,1,5,2,14,14,12,10,6,4,3,,,5,5,,,4,9,3,6,4,5,8,11,7,12,10,8,2,1,1,8,2,1,2,2,4,14,7,5,,7,,,b'\x11\xe8\xe1I\xd9\xa3\xd8\xb2\x98|\x12\xdf\x17\xaeN\x1e'
11E8E149-D9A3-D8B2-987C-12DF17AE4E1E,2018-ncaa-d2-natl,ncaa,47,63,24,61,30,69,94,76,143,128,127,166,53,55,67,107,37,64,47,63,61,69,72,120,95,100,47,84,80,89,108,17,3,26,8,90,143,187,108,119,262,292,306,308,,,106,59,,,65,73,228,192,127,169,204,234,229,89,111,81,125,123,197,214,157,22,59,158,78,297,309,,22,,,70,197,223,266,57,177,255,50,248,254,156,201,75,80,128,75,38,252,208,74,46,126,174,252,55,44,3,199,108,128,8,105,32,244,288,210,179,121,56,43,,,52,87,,,65,236,90,85,68,54,83,154,67,140,174,180,24,26,24,106,33,10,62,25,32,296,96,21,,135,,,b'\x11\xe8\xe1I\xd9\xa3\xd8\xb2\x98|\x12\xdf\x17\xaeN\x1e'
11E8E149-D9A3-D8B2-987C-12DF17AE4E1E,2019-ncaa-d2-conf-Gulf South,ncaa,4,4,1,4,2,5,6,3,9,4,3,9,7,9,7,9,2,1,10,2,4,3,1,9,10,7,9,9,2,1,1,4,6,1,3,9,12,12,6,11,6,8,7,7,,,12,11,,,6,3,11,8,9,10,9,8,5,9,9,6,3,3,8,6,1,10,3,11,7,10,8,,10,,,6,7,4,8,5,5,7,5,4,8,3,5,12,12,10,12,11,10,11,4,5,4,8,6,12,10,6,5,1,8,3,7,7,4,6,4,4,2,13,12,,,1,3,,,6,11,7,5,6,3,2,2,2,3,4,3,10,10,10,1,2,5,1,3,5,8,2,13,,3,,,b'\x11\xe8\xe1I\xd9\xa3\xd8\xb2\x98|\x12\xdf\x17\xaeN\x1e'
11E8E149-D9A3-D8B2-987C-12DF17AE4E1E,2019-ncaa-d2-natl,ncaa,65,74,46,72,70,141,148,106,206,127,104,198,164,141,216,197,81,42,282,44,63,87,88,217,222,198,162,198,83,29,16,95,53,51,26,218,276,201,142,227,111,113,191,181,,,185,196,,,84,146,274,243,211,228,207,184,162,207,190,126,67,71,172,190,28,160,57,270,128,157,219,,111,,,86,75,69,116,76,102,119,114,72,138,28,161,194,204,110,202,215,120,154,68,76,52,153,96,237,90,53,140,16,110,26,72,108,85,62,50,81,47,191,145,,,67,86,,,84,172,140,39,83,25,26,22,43,36,41,84,132,140,139,25,32,44,53,42,38,128,44,151,,117,,,b'\x11\xe8\xe1I\xd9\xa3\xd8\xb2\x98|\x12\xdf\x17\xaeN\x1e'
11E8E149-D9A3-D8B2-987C-12DF17AE4E1E,2020-ncaa-d2-conf-Gulf South,ncaa,7,8,5,8,9,8,10,9,8,11,11,9,6,6,5,6,2,2,8,2,1,9,10,6,6,6,2,5,3,10,11,8,10,8,10,10,10,3,5,7,6,6,5,5,,,9,10,,,9,8,5,12,7,10,10,12,10,6,6,2,2,2,7,9,9,8,8,10,4,6,4,,10,,,9,9,8,6,8,9,8,6,4,5,11,5,12,11,6,11,11,8,7,7,8,8,8,6,12,9,10,9,11,10,10,8,11,7,7,7,12,12,3,5,,,3,1,,,9,5,7,9,8,9,9,7,8,9,5,5,12,12,11,9,9,10,9,11,8,6,13,4,,1,,,b'\x11\xe8\xe1I\xd9\xa3\xd8\xb2\x98|\x12\xdf\x17\xaeN\x1e'
11E8E149-D9A3-D8B2-987C-12DF17AE4E1E,2020-ncaa-d2-natl,ncaa,95,100,102,99,142,96,109,119,111,141,161,118,89,93,89,111,50,55,143,56,43,97,116,100,85,85,81,109,75,200,249,82,182,132,215,171,242,134,109,151,113,138,145,173,,,169,99,,,115,90,90,180,83,116,143,158,186,85,99,51,52,58,110,132,214,71,139,190,118,120,155,,135,,,116,213,194,221,122,192,217,116,180,192,148,134,235,247,89,241,194,236,225,119,125,135,179,143,209,245,182,249,249,251,215,191,167,118,157,146,251,234,38,30,,,118,119,,,115,219,109,152,120,188,167,208,161,198,168,171,220,234,229,232,229,232,244,240,169,135,234,30,,104,,,b'\x11\xe8\xe1I\xd9\xa3\xd8\xb2\x98|\x12\xdf\x17\xaeN\x1e'
11E8E149-D9A3-D8B2-987C-12DF17AE4E1E,2021-ncaa-d2-conf-Gulf South,ncaa,2,1,3,1,3,4,4,4,3,3,2,3,4,6,3,7,4,5,9,5,6,4,4,3,3,3,10,8,10,3,2,2,2,1,1,4,8,10,10,7,3,5,3,2,,,7,2,,,1,5,7,4,3,3,6,3,6,7,8,6,6,6,6,5,3,1,2,4,8,5,2,,2,,,1,7,7,9,1,6,8,2,9,10,6,11,7,7,4,7,3,8,9,1,1,1,11,12,3,8,2,7,2,8,1,7,2,3,4,2,8,5,10,6,,,2,2,,,1,9,3,1,1,1,1,7,2,5,8,7,1,2,2,5,8,4,1,1,1,3,5,6,,3,,,b'\x11\xe8\xe1I\xd9\xa3\xd8\xb2\x98|\x12\xdf\x17\xaeN\x1e'
11E8E149-D9A3-D8B2-987C-12DF17AE4E1E,2021-ncaa-d2-natl,ncaa,12,35,19,21,25,26,28,29,50,28,31,41,40,35,106,95,29,23,122,22,69,25,21,51,50,64,128,116,120,16,28,13,34,8,6,32,112,213,132,96,27,65,50,80,,,160,40,,,18,28,117,97,63,72,105,68,121,87,91,83,84,81,99,92,55,26,30,72,136,75,99,,37,,,22,156,155,191,26,140,169,36,190,209,65,189,158,168,60,171,124,191,195,34,32,28,174,183,116,158,34,155,28,151,6,148,62,22,63,33,190,96,132,52,,,14,58,,,18,200,48,21,21,29,30,78,23,54,125,155,58,69,75,63,91,61,20,19,33,69,117,45,,53,,,b'\x11\xe8\xe1I\xd9\xa3\xd8\xb2\x98|\x12\xdf\x17\xaeN\x1e'
11E8E149-D9A3-D8B2-987C-12DF17AE4E1E,2022-ncaa-d2-conf-Gulf South,ncaa,2,2,2,2,2,2,2,3,2,2,5,3,2,4,2,7,5,3,11,3,3,3,3,2,2,2,5,4,9,4,2,3,1,2,1,1,2,12,7,3,2,1,8,7,,,9,5,,,1,3,10,8,3,4,9,4,12,4,6,7,5,5,7,6,5,6,5,1,7,2,10,,3,,,1,1,1,6,1,2,5,2,6,9,3,10,3,2,7,2,5,5,9,1,1,1,9,9,6,1,1,6,2,3,1,1,4,1,1,1,12,9,5,3,,,2,5,,,1,11,2,1,1,1,1,1,1,1,3,5,1,1,1,1,2,1,2,1,1,2,9,3,,5,,,b'\x11\xe8\xe1I\xd9\xa3\xd8\xb2\x98|\x12\xdf\x17\xaeN\x1e'
11E8E149-D9A3-D8B2-987C-12DF17AE4E1E,2022-ncaa-d2-natl,ncaa,13,26,13,23,17,31,34,53,38,60,110,38,22,29,38,75,29,21,201,20,14,47,33,32,35,51,61,68,137,46,70,25,16,27,12,19,29,270,171,72,44,63,174,188,,,226,140,,,12,36,254,224,82,118,248,177,271,64,99,99,84,85,231,224,139,116,118,42,134,109,225,,68,,,11,145,137,221,23,108,153,74,181,268,22,250,176,181,118,187,175,217,250,35,32,20,220,199,191,79,16,181,70,145,12,76,60,29,46,17,282,214,27,17,,,17,55,,,12,263,38,8,11,4,7,14,6,9,72,154,63,71,73,11,20,12,20,6,9,108,192,7,,107,,,b'\x11\xe8\xe1I\xd9\xa3\xd8\xb2\x98|\x12\xdf\x17\xaeN\x1e'
11E8E149-D9A3-D8B2-987C-12DF17AE4E1E,2023-ncaa-d2-conf-Gulf South,ncaa,3,4,2,4,3,4,4,7,3,5,8,3,5,5,4,5,4,4,7,4,4,5,4,3,3,3,6,6,6,5,5,4,1,3,3,4,4,10,7,5,3,3,9,7,,,10,11,,,4,3,10,2,7,7,11,7,10,6,8,5,6,6,11,11,10,7,5,6,6,3,10,,6,,,4,2,3,2,6,3,1,8,10,10,5,13,3,3,3,3,6,3,7,7,6,3,10,12,3,1,1,7,5,2,3,2,2,2,2,2,9,7,5,5,,,1,1,,,4,11,4,2,4,1,2,1,1,1,4,7,2,3,3,1,2,1,2,2,2,2,6,4,,2,,,b'\x11\xe8\xe1I\xd9\xa3\xd8\xb2\x98|\x12\xdf\x17\xaeN\x1e'
11E8E149-D9A3-D8B2-987C-12DF17AE4E1E,2023-ncaa-d2-natl,ncaa,42,29,68,35,90,112,132,194,47,158,234,37,92,115,73,88,81,82,131,80,16,180,173,36,35,65,67,104,91,163,105,162,37,170,50,86,53,176,194,116,56,35,216,158,,,183,237,,,51,168,276,128,153,191,290,208,280,105,137,103,102,99,272,278,203,243,244,92,136,72,238,,136,,,52,65,66,54,167,47,21,207,193,195,157,270,77,80,127,84,203,53,104,193,189,85,258,250,124,23,37,57,105,27,50,67,130,45,16,34,146,159,33,70,,,30,4,,,51,139,66,52,44,16,18,1,6,6,164,160,52,54,57,1,8,7,16,4,51,58,105,23,,29,,,b'\x11\xe8\xe1I\xd9\xa3\xd8\xb2\x98|\x12\xdf\x17\xaeN\x1e'
11E8E149-D9A3-D8B2-987C-12DF17AE4E1E,2024-ncaa-d2-conf-Gulf South,ncaa,1,1,1,1,2,2,2,2,1,2,1,3,3,6,1,8,4,5,1,5,11,2,2,2,2,2,8,7,11,4,3,4,1,6,1,2,3,2,2,2,2,2,5,5,,,9,8,,,2,2,7,13,2,2,3,2,3,5,8,7,9,9,4,9,6,10,9,2,1,2,7,,6,,,2,1,2,2,3,2,1,3,4,12,1,12,10,7,12,8,10,1,10,3,2,1,12,9,10,1,1,3,3,1,1,1,4,2,2,2,2,2,9,6,,,3,3,,,2,12,2,1,2,1,2,1,2,1,2,6,8,6,6,1,1,1,1,1,1,2,1,8,,4,,,b'\x11\xe8\xe1I\xd9\xa3\xd8\xb2\x98|\x12\xdf\x17\xaeN\x1e'
11E8E149-D9A3-D8B2-987C-12DF17AE4E1E,2024-ncaa-d2-natl,ncaa,9,6,14,6,25,22,17,55,8,27,63,18,35,83,9,146,63,100,33,95,173,58,57,7,8,6,143,117,219,104,48,116,8,102,8,21,60,149,78,22,39,48,187,157,,,226,190,,,7,55,245,291,46,42,211,64,181,67,164,138,180,181,214,251,189,250,242,33,55,84,228,,87,,,7,97,63,130,47,36,51,79,223,258,65,272,205,200,192,206,264,141,211,71,90,34,283,249,236,17,8,42,48,22,8,67,110,23,23,21,137,76,166,118,,,35,59,,,7,248,7,12,6,7,4,2,5,3,133,173,100,97,100,2,10,2,2,1,17,66,52,97,,120,,,b'\x11\xe8\xe1I\xd9\xa3\xd8\xb2\x98|\x12\xdf\x17\xaeN\x1e'
11E8E149-D9A3-D8B2-987C-12DF17AE4E1E,2025-ncaa-d2-conf-Gulf South,genius_ncaa,5,5,5,5,6,7,5,7,2,4,3,4,7,7,7,8,12,12,12,12,12,10,10,4,5,5,12,9,12,12,10,10,3,11,5,5,6,3,6,4,3,2,11,11,,,3,7,,8,5,9,7,2,8,4,8,2,4,8,9,12,12,12,9,8,11,12,12,4,5,3,11,,3,,9,5,3,3,2,6,6,3,7,4,4,6,5,7,6,7,6,9,2,3,8,8,6,6,5,9,1,3,4,10,2,5,5,9,5,3,5,4,8,1,1,,,12,12,,10,5,5,5,4,5,4,4,2,4,5,3,2,8,7,7,3,4,2,4,2,6,3,6,1,,12,,9,b'\x11\xe8\xe1I\xd9\xa3\xd8\xb2\x98|\x12\xdf\x17\xaeN\x1e'
11E8E149-D9A3-D8B2-987C-12DF17AE4E1E,2025-ncaa-d2-natl,genius_ncaa,107,112,109,115,110,129,88,153,33,63,114,33,163,178,131,181,264,235,277,237,267,159,171,47,85,103,278,193,285,204,184,203,28,214,93,96,146,122,155,103,67,47,255,242,,,173,224,,187,107,157,231,6,139,61,176,46,123,180,203,279,253,253,218,234,224,253,260,99,121,72,268,,156,,177,109,114,94,55,211,99,60,219,125,122,159,171,206,212,128,216,264,76,109,215,215,157,201,142,224,14,28,69,184,30,93,103,140,93,54,75,115,128,48,32,,,235,245,,201,107,160,122,98,101,94,73,18,76,24,110,101,199,194,201,26,47,4,52,12,97,93,106,33,,272,,218,b'\x11\xe8\xe1I\xd9\xa3\xd8\xb2\x98|\x12\xdf\x17\xaeN\x1e'
11E8E149-D9A3-D8B2-987C-12DF17AE4E1E,2026-ncaa-d2-conf-Gulf South,genius_ncaa,6,3,9,6,9,10,7,10,2,5,7,3,9,11,1,11,10,9,7,9,12,10,10,2,2,2,11,10,9,7,1,9,5,10,2,8,7,2,2,2,7,6,5,4,,,2,8,,2,5,12,6,1,2,1,2,1,1,7,10,6,5,5,2,5,3,4,3,2,2,6,3,,7,,4,5,4,2,1,7,3,3,7,2,1,6,2,7,5,10,5,10,3,1,7,10,10,5,2,11,1,5,1,1,1,2,1,1,12,10,4,5,6,8,8,,,11,9,,11,5,2,3,10,4,11,9,6,10,10,3,3,12,11,12,9,7,7,2,2,1,9,6,8,,7,,11,b'\x11\xe8\xe1I\xd9\xa3\xd8\xb2\x98|\x12\xdf\x17\xaeN\x1e'
11E8E149-D9A3-D8B2-987C-12DF17AE4E1E,2026-ncaa-d2-natl,genius_ncaa,157,144,141,167,170,140,108,136,77,60,77,91,228,225,190,253,216,228,112,225,284,156,185,117,133,87,282,250,254,126,100,192,62,165,79,153,224,41,29,68,196,176,189,170,,,117,188,,158,142,199,205,88,100,52,57,18,24,233,242,224,241,236,90,177,103,187,146,137,32,200,181,,127,,183,141,141,129,79,251,158,87,276,75,101,79,125,216,181,280,172,237,86,81,236,267,257,120,61,237,55,62,109,100,83,79,83,48,186,144,115,88,115,137,91,,,231,263,,132,142,99,78,232,148,175,146,42,191,79,76,100,256,209,202,58,52,42,104,57,80,179,109,153,,264,,134,b'\x11\xe8\xe1I\xd9\xa3\xd8\xb2\x98|\x12\xdf\x17\xaeN\x1e'
11E8E149-D9A8-3588-987C-12DF17AE4E1E,2018-ncaa-d2-conf-CIAA,ncaa,3,2,8,2,9,8,10,11,6,12,12,3,2,1,5,1,7,5,5,5,1,11,12,4,4,4,1,1,5,11,10,10,3,12,6,6,3,5,8,6,5,3,12,12,,,2,3,,,5,11,11,9,6,10,12,12,12,1,1,6,7,7,12,11,11,9,10,8,7,3,12,,2,,,4,2,2,2,6,3,2,9,2,6,2,11,2,2,11,2,2,2,2,6,5,5,3,9,2,2,3,4,10,2,6,7,11,9,4,8,6,9,3,10,,,9,3,,,5,1,7,3,5,3,4,3,4,2,5,6,2,1,1,2,2,2,4,2,8,7,7,3,,7,,,b'\x11\xe8\xe1I\xd9\xa85\x88\x98|\x12\xdf\x17\xaeN\x1e'
11E8E149-D9A8-3588-987C-12DF17AE4E1E,2018-ncaa-d2-natl,ncaa,62,30,206,43,238,159,181,197,162,218,258,93,104,71,201,44,116,84,244,86,8,183,177,140,142,155,52,85,86,139,78,235,126,194,108,153,116,169,202,176,48,22,270,270,,,32,56,,,48,187,113,226,110,148,157,212,261,82,37,80,47,48,114,95,91,224,147,124,228,28,275,,54,,,36,7,22,47,60,54,61,137,14,83,2,155,44,45,121,45,106,36,81,37,30,8,44,52,159,76,126,60,78,54,108,70,219,48,15,29,119,134,49,127,,,168,144,,,48,96,146,5,50,15,29,58,83,85,18,114,59,71,66,37,152,102,98,90,102,25,155,66,,104,,,b'\x11\xe8\xe1I\xd9\xa85\x88\x98|\x12\xdf\x17\xaeN\x1e'
11E8E149-D9A8-3588-987C-12DF17AE4E1E,2019-ncaa-d2-conf-CIAA,ncaa,10,9,6,10,7,12,13,13,11,13,13,11,4,5,8,1,9,8,10,8,1,11,12,9,9,11,1,1,2,12,11,9,2,13,8,11,3,9,11,10,12,10,12,10,,,5,10,,,11,11,13,7,12,13,13,13,13,4,5,8,8,8,13,13,13,10,13,10,7,12,10,,5,,,11,4,5,3,8,5,3,7,6,6,8,9,4,5,2,6,8,3,3,9,7,8,10,9,3,2,2,7,11,4,8,8,12,12,9,12,8,12,5,9,,,9,4,,,11,3,12,7,11,5,5,4,4,2,9,6,3,4,6,4,1,1,5,2,9,12,8,5,,11,,,b'\x11\xe8\xe1I\xd9\xa85\x88\x98|\x12\xdf\x17\xaeN\x1e'
11E8E149-D9A8-3588-987C-12DF17AE4E1E,2019-ncaa-d2-natl,ncaa,216,184,260,209,272,291,302,295,283,301,297,284,211,184,234,92,187,111,289,117,2,287,276,270,270,280,27,88,13,245,201,265,162,265,197,274,99,180,275,274,254,219,246,217,,,102,226,,,207,275,210,198,288,305,297,304,288,170,128,118,39,44,275,231,208,211,231,258,253,225,227,,204,,,208,12,13,20,72,25,37,95,25,42,46,117,76,160,12,168,255,27,38,65,60,43,154,99,236,73,162,44,201,40,197,57,247,182,84,103,137,247,32,142,,,230,70,,,207,39,282,50,204,48,41,60,70,87,57,94,165,227,229,86,101,136,155,145,128,100,227,52,,130,,,b'\x11\xe8\xe1I\xd9\xa85\x88\x98|\x12\xdf\x17\xaeN\x1e'
11E8E149-D9A8-3588-987C-12DF17AE4E1E,2020-ncaa-d2-conf-CIAA,ncaa,9,9,3,9,6,10,10,11,8,10,9,10,9,11,6,7,5,5,6,6,2,11,10,8,7,10,4,5,1,10,9,8,5,9,7,9,7,12,11,11,11,12,6,6,,,10,10,,,9,7,7,11,11,11,11,11,11,9,11,6,5,6,11,9,10,7,9,11,10,11,7,,10,,,9,8,7,9,8,7,4,8,8,9,7,8,10,10,4,10,10,11,7,8,8,8,11,5,10,6,5,2,9,3,7,11,12,11,11,11,10,11,10,10,,,7,2,,,9,7,10,8,9,8,7,7,7,4,8,9,10,11,11,10,5,4,2,3,11,11,9,10,,7,,,b'\x11\xe8\xe1I\xd9\xa85\x88\x98|\x12\xdf\x17\xaeN\x1e'
11E8E149-D9A8-3588-987C-12DF17AE4E1E,2020-ncaa-d2-natl,ncaa,223,254,102,239,168,241,262,243,268,231,151,272,268,260,259,261,87,43,259,44,35,201,109,273,264,287,166,253,16,105,70,178,240,151,132,271,262,308,306,307,154,174,151,150,,,294,302,,,244,118,114,289,281,293,284,253,174,278,278,89,44,45,246,117,113,211,159,295,304,163,163,,298,,,236,140,79,126,59,110,140,84,64,119,30,91,300,305,22,306,305,198,214,53,70,71,227,56,306,243,240,88,70,142,132,165,267,91,107,111,293,278,193,200,,,90,100,,,244,205,285,83,234,112,57,86,94,117,55,106,300,307,307,179,202,229,51,114,154,94,280,176,,83,,,b'\x11\xe8\xe1I\xd9\xa85\x88\x98|\x12\xdf\x17\xaeN\x1e'
11E8E149-D9A8-3588-987C-12DF17AE4E1E,2022-ncaa-d2-conf-CIAA,ncaa,6,11,3,9,3,6,7,2,11,3,1,11,10,10,9,11,4,6,3,5,11,2,4,11,11,9,10,10,3,5,11,3,8,3,11,5,3,2,2,3,3,3,8,6,,,11,6,,,6,3,11,1,8,9,4,7,1,10,11,6,9,9,4,8,6,7,7,6,1,3,9,,7,,,6,10,5,10,3,3,5,4,11,11,3,11,12,12,9,12,12,10,11,3,4,3,12,11,12,11,8,11,11,12,11,11,12,3,4,7,3,2,11,10,,,3,4,,,6,10,9,4,6,5,1,3,1,1,11,11,10,10,10,6,6,10,12,12,11,5,1,11,,6,,,b'\x11\xe8\xe1I\xd9\xa85\x88\x98|\x12\xdf\x17\xaeN\x1e'
11E8E149-D9A8-3588-987C-12DF17AE4E1E,2022-ncaa-d2-natl,ncaa,200,203,196,211,196,208,210,169,249,132,56,268,287,289,264,297,107,130,109,121,214,160,190,278,262,215,286,290,24,124,149,211,251,189,242,171,100,44,59,98,92,72,240,225,,,183,235,,,149,210,235,5,225,214,105,82,8,289,294,69,87,83,90,145,93,212,156,160,67,74,236,,224,,,149,45,27,50,61,32,58,78,65,86,85,135,243,252,92,250,291,65,111,62,102,44,257,121,293,222,251,183,149,203,242,134,279,67,27,68,17,14,257,199,,,135,71,,,149,89,207,75,150,68,20,35,33,57,89,96,264,268,270,74,178,239,251,259,158,38,22,277,,72,,,b'\x11\xe8\xe1I\xd9\xa85\x88\x98|\x12\xdf\x17\xaeN\x1e'
11E8E149-D9A8-3588-987C-12DF17AE4E1E,2023-ncaa-d2-conf-CIAA,ncaa,7,7,4,7,4,7,9,10,9,12,11,9,2,2,3,1,6,7,5,7,2,10,8,7,6,8,1,1,3,12,12,8,9,11,12,3,2,9,10,5,4,4,7,7,,,9,7,,,9,4,3,2,9,11,11,12,12,2,1,6,8,8,11,10,12,10,12,3,10,3,6,,10,,,9,8,7,9,5,6,9,5,8,9,4,7,9,8,12,8,8,9,9,5,5,6,7,5,9,8,9,9,12,8,12,12,12,4,8,9,10,10,10,12,,,3,2,,,9,10,11,6,8,8,8,8,7,9,8,8,9,7,7,10,11,7,6,7,11,4,10,8,,3,,,b'\x11\xe8\xe1I\xd9\xa85\x88\x98|\x12\xdf\x17\xaeN\x1e'
11E8E149-D9A8-3588-987C-12DF17AE4E1E,2023-ncaa-d2-natl,ncaa,169,182,148,182,160,230,255,225,266,250,215,265,212,184,239,165,87,72,183,73,20,203,165,266,243,264,68,187,10,261,249,223,277,251,276,229,121,267,273,265,72,85,212,231,,,183,147,,,197,126,56,99,257,282,265,270,222,225,186,53,50,49,234,141,255,250,274,241,263,61,213,,218,,,191,71,66,154,25,83,163,42,78,142,18,131,159,163,84,162,161,158,207,26,24,16,148,101,215,256,277,121,249,184,276,185,272,42,44,80,236,245,125,171,,,68,25,,,197,184,276,25,182,80,71,207,95,189,87,157,174,190,192,222,263,268,143,219,198,35,251,135,,30,,,b'\x11\xe8\xe1I\xd9\xa85\x88\x98|\x12\xdf\x17\xaeN\x1e'
11E8E149-D9A8-3588-987C-12DF17AE4E1E,2024-ncaa-d2-conf-CIAA,ncaa,2,2,7,2,8,6,4,8,1,4,4,2,10,12,4,11,10,12,7,12,12,10,8,3,2,3,12,11,10,13,11,8,10,13,10,3,5,9,9,5,4,3,10,10,,,3,4,,,2,7,4,7,5,3,10,1,3,11,12,10,11,11,10,8,12,8,13,2,9,3,10,,4,,,2,3,6,8,3,7,7,6,5,9,2,9,3,3,9,3,3,6,6,3,2,2,5,5,5,8,10,1,11,4,10,6,5,6,7,5,8,9,7,6,,,13,13,,,2,6,8,2,2,2,6,12,6,7,5,9,3,3,3,9,9,9,2,4,6,5,8,8,,12,,,b'\x11\xe8\xe1I\xd9\xa85\x88\x98|\x12\xdf\x17\xaeN\x1e'
11E8E149-D9A8-3588-987C-12DF17AE4E1E,2024-ncaa-d2-natl,ncaa,48,16,207,20,227,163,128,194,56,78,102,86,238,260,145,267,225,176,261,182,231,190,165,107,127,161,280,263,220,206,153,209,252,222,198,146,163,231,238,185,26,26,228,251,,,126,99,,,73,151,34,130,107,55,108,21,40,239,256,187,135,139,102,61,179,174,191,94,258,20,225,,182,,,63,36,45,105,35,127,182,55,10,43,3,39,102,128,47,135,98,103,166,14,11,8,19,11,192,222,252,50,153,98,198,34,57,45,38,17,212,222,117,80,,,243,259,,,73,147,176,10,71,60,88,205,192,265,6,46,130,160,166,206,267,257,78,175,51,25,233,148,,225,,,b'\x11\xe8\xe1I\xd9\xa85\x88\x98|\x12\xdf\x17\xaeN\x1e'
11E8E149-D9A8-3588-987C-12DF17AE4E1E,2025-ncaa-d2-conf-CIAA,genius_ncaa,1,1,1,1,1,1,1,1,2,1,1,1,5,4,8,9,2,3,4,3,3,1,1,3,1,2,11,12,5,2,9,1,3,1,4,1,6,11,6,4,1,7,5,7,,,9,1,,5,2,1,4,5,3,3,6,2,4,10,9,3,4,4,4,4,10,3,5,4,5,8,6,,1,,3,2,10,10,12,3,9,12,4,11,12,3,12,4,4,8,4,2,12,12,3,3,2,8,10,1,9,3,11,9,11,4,9,6,2,6,5,11,7,9,5,,,1,3,,3,2,12,3,3,3,4,5,10,2,7,9,12,1,1,1,8,9,6,6,5,4,6,7,8,,4,,4,b'\x11\xe8\xe1I\xd9\xa85\x88\x98|\x12\xdf\x17\xaeN\x1e'
11E8E149-D9A8-3588-987C-12DF17AE4E1E,2025-ncaa-d2-natl,genius_ncaa,32,23,72,25,75,76,69,74,93,27,23,85,278,260,289,286,21,10,247,10,57,50,35,170,162,180,288,297,30,73,92,72,160,66,103,92,167,277,207,196,16,31,139,181,,,215,73,,52,52,33,22,83,75,74,93,23,24,288,283,23,12,12,50,30,99,66,69,118,244,21,167,,167,,41,50,129,129,245,21,131,237,28,137,225,25,165,134,195,14,193,120,245,273,19,9,11,120,144,153,235,160,173,92,202,103,105,99,18,40,25,259,190,163,74,,,27,70,,135,52,268,177,11,62,74,79,233,90,205,102,192,93,153,151,228,268,202,116,148,77,27,228,138,,29,,151,b'\x11\xe8\xe1I\xd9\xa85\x88\x98|\x12\xdf\x17\xaeN\x1e'
11E8E149-D9A8-3588-987C-12DF17AE4E1E,2026-ncaa-d2-conf-CIAA,genius_ncaa,1,1,2,1,2,2,2,3,5,2,2,5,4,5,6,7,5,4,8,3,9,3,2,6,6,5,9,7,7,3,7,6,5,6,9,1,4,7,2,2,1,2,5,5,,,5,2,,3,3,2,3,1,2,2,2,2,2,7,6,7,6,5,2,2,4,8,9,2,5,2,5,,2,,3,3,7,6,4,8,6,4,8,8,7,8,7,5,6,4,5,6,4,8,8,8,4,7,7,4,3,5,8,7,6,9,3,2,1,1,3,7,4,7,6,,,3,8,,1,3,8,5,3,5,6,6,3,4,2,7,6,2,3,2,2,6,2,8,6,3,2,4,6,,5,,1,b'\x11\xe8\xe1I\xd9\xa85\x88\x98|\x12\xdf\x17\xaeN\x1e'
11E8E149-D9A8-3588-987C-12DF17AE4E1E,2026-ncaa-d2-natl,genius_ncaa,30,53,59,59,138,123,133,66,255,70,17,262,257,240,261,290,49,44,154,45,182,56,80,278,264,231,261,285,37,102,198,127,77,118,194,172,225,120,41,164,54,69,65,73,,,259,268,,60,150,73,58,283,200,199,55,89,11,279,280,61,58,60,41,86,150,205,187,224,67,72,91,,259,,38,151,167,142,147,118,152,170,117,120,136,113,100,254,260,123,259,255,176,206,104,142,67,181,94,260,99,77,250,198,202,194,103,68,28,29,22,93,40,266,185,,,53,76,,25,150,233,226,47,149,95,66,45,89,102,84,83,238,245,245,84,175,52,253,170,47,36,57,257,,56,,31,b'\x11\xe8\xe1I\xd9\xa85\x88\x98|\x12\xdf\x17\xaeN\x1e'
11E8E149-D9AC-6F4A-987C-12DF17AE4E1E,2018-ncaa-d2-conf-CIAA,ncaa,1,1,2,1,3,1,2,3,2,2,5,2,3,4,2,6,1,1,4,1,4,3,4,1,1,1,5,4,7,2,1,2,6,2,1,1,2,3,3,1,4,5,1,1,,,7,6,,,1,5,10,9,1,4,7,3,7,3,7,1,3,5,5,8,4,4,2,1,2,5,1,,5,,,1,3,5,12,1,5,9,1,10,10,4,9,6,5,9,5,3,11,10,1,1,1,10,11,7,9,6,2,1,3,1,5,10,6,8,6,4,3,6,3,,,2,4,,,1,10,1,1,1,2,2,7,2,7,7,5,4,3,3,6,4,7,1,1,4,9,3,4,,6,,,b'\x11\xe8\xe1I\xd9\xacoJ\x98|\x12\xdf\x17\xaeN\x1e'
11E8E149-D9AC-6F4A-987C-12DF17AE4E1E,2018-ncaa-d2-natl,ncaa,10,4,24,6,40,14,17,19,39,11,14,44,117,122,137,241,10,5,168,6,84,14,12,68,58,64,235,247,95,5,2,46,252,13,26,31,153,266,104,81,18,38,13,27,,,282,161,,,10,22,76,289,18,28,45,16,39,175,197,22,22,25,25,36,13,96,21,45,175,31,24,,220,,,8,185,157,277,5,166,271,15,150,242,16,141,225,240,71,243,144,278,296,5,9,2,177,120,219,301,252,111,2,239,26,190,185,14,45,27,179,57,105,26,,,26,180,,,10,288,24,9,9,38,35,191,60,188,80,162,137,164,164,188,255,280,14,108,85,30,96,59,,80,,,b'\x11\xe8\xe1I\xd9\xacoJ\x98|\x12\xdf\x17\xaeN\x1e'
11E8E149-D9AC-6F4A-987C-12DF17AE4E1E,2019-ncaa-d2-conf-CIAA,ncaa,1,1,3,1,4,1,1,2,1,2,6,1,2,2,3,6,1,4,1,2,3,2,3,1,1,1,5,6,7,4,4,3,4,2,1,1,8,7,2,1,3,5,3,3,,,12,7,,,1,5,8,11,1,1,5,2,8,2,4,3,5,5,5,7,4,2,4,1,3,3,5,,8,,,1,3,2,8,1,2,4,1,8,12,1,13,7,7,1,7,9,7,9,1,1,1,13,13,9,7,4,2,4,6,1,6,13,1,3,4,3,2,7,5,,,7,9,,,1,10,1,1,1,2,2,6,1,1,6,12,4,6,5,5,6,6,1,1,4,3,2,6,,9,,,b'\x11\xe8\xe1I\xd9\xacoJ\x98|\x12\xdf\x17\xaeN\x1e'
11E8E149-D9AC-6F4A-987C-12DF17AE4E1E,2019-ncaa-d2-natl,ncaa,16,5,30,11,35,27,28,33,53,30,39,45,86,75,144,175,17,16,132,15,62,29,22,69,65,60,166,197,99,16,10,32,156,15,28,62,219,230,79,117,20,33,99,88,,,272,191,,,5,34,108,162,27,33,52,37,95,119,119,24,31,26,38,55,22,62,27,110,135,31,128,,209,,,3,35,26,230,1,20,130,3,174,299,2,282,153,233,3,231,237,233,286,2,1,2,297,270,239,274,156,133,10,213,28,133,276,9,12,14,47,10,150,56,,,41,170,,,5,277,38,3,4,5,4,84,3,26,102,257,67,163,159,87,212,216,26,84,61,17,18,83,,100,,,b'\x11\xe8\xe1I\xd9\xacoJ\x98|\x12\xdf\x17\xaeN\x1e'
11E8E149-D9AC-6F4A-987C-12DF17AE4E1E,2020-ncaa-d2-conf-CIAA,ncaa,1,1,3,1,4,1,1,5,1,1,4,1,5,10,2,11,2,1,8,1,3,5,5,1,1,2,10,10,7,6,2,5,3,6,2,2,6,6,5,3,1,2,4,3,,,8,8,,,1,2,4,6,2,1,8,1,3,5,9,2,2,2,5,5,7,5,7,3,4,1,4,,7,,,1,3,2,8,2,1,8,2,7,7,5,9,5,3,7,3,4,7,10,1,2,1,10,9,6,7,3,1,2,1,2,3,8,2,2,3,6,7,9,4,,,5,7,,,1,11,2,2,1,2,2,6,1,5,6,7,5,4,4,3,8,7,1,1,3,2,7,8,,6,,,b'\x11\xe8\xe1I\xd9\xacoJ\x98|\x12\xdf\x17\xaeN\x1e'
11E8E149-D9AC-6F4A-987C-12DF17AE4E1E,2020-ncaa-d2-natl,ncaa,35,14,173,18,207,124,112,181,52,68,91,84,222,272,82,280,79,42,249,40,60,154,119,81,92,135,253,262,78,79,20,154,186,117,47,162,228,251,223,211,28,22,105,89,,,200,203,,,24,148,88,205,94,84,168,35,60,224,274,61,28,27,113,68,63,125,77,163,258,22,89,,227,,,19,16,13,73,11,15,114,6,54,70,63,107,82,140,19,140,163,70,167,10,10,2,224,175,230,197,186,22,20,62,47,37,162,21,13,6,167,141,87,50,,,153,169,,,24,157,118,4,23,11,15,76,16,122,59,70,91,151,151,67,208,207,19,58,40,11,174,91,,110,,,b'\x11\xe8\xe1I\xd9\xacoJ\x98|\x12\xdf\x17\xaeN\x1e'
11E8E149-D9AC-6F4A-987C-12DF17AE4E1E,2022-ncaa-d2-conf-CIAA,ncaa,11,8,9,11,11,10,10,11,8,11,10,9,6,7,3,5,10,11,1,11,7,11,11,6,6,6,2,4,6,11,8,8,7,11,7,9,9,6,9,9,9,8,3,3,,,8,12,,,9,11,7,10,7,8,8,11,10,6,6,10,11,11,11,10,11,8,9,8,7,8,3,,12,,,9,4,3,3,7,6,9,7,1,1,10,2,8,8,7,8,9,5,2,7,7,9,3,2,11,4,7,1,8,3,7,1,2,11,12,11,6,8,1,1,,,12,9,,,9,3,7,10,9,8,8,9,10,12,2,2,11,12,12,11,5,7,3,4,5,11,8,1,,11,,,b'\x11\xe8\xe1I\xd9\xacoJ\x98|\x12\xdf\x17\xaeN\x1e'
11E8E149-D9AC-6F4A-987C-12DF17AE4E1E,2022-ncaa-d2-natl,ncaa,215,161,267,209,278,268,277,279,207,258,240,247,266,281,118,262,175,178,167,176,89,273,264,225,198,228,153,229,28,210,94,259,236,252,152,271,243,147,254,267,243,208,133,123,,,168,285,,,211,268,86,224,224,245,224,199,113,240,269,71,74,70,186,120,121,189,170,258,258,183,72,,293,,,218,29,29,34,114,80,129,56,14,7,197,3,198,239,32,241,248,48,42,71,89,121,64,12,287,117,236,23,94,32,152,24,59,231,176,103,64,164,9,12,,,244,128,,,211,40,235,139,206,175,148,174,230,285,17,5,283,290,291,241,230,231,74,144,85,151,167,11,,111,,,b'\x11\xe8\xe1I\xd9\xacoJ\x98|\x12\xdf\x17\xaeN\x1e'
11E8E149-D9AC-6F4A-987C-12DF17AE4E1E,2023-ncaa-d2-conf-CIAA,ncaa,9,8,7,9,8,8,6,5,10,5,4,11,9,11,1,11,10,10,4,10,12,8,9,10,9,7,10,8,10,6,6,5,6,6,6,6,4,2,4,4,10,10,3,3,,,7,8,,,8,9,9,5,6,4,2,5,1,7,11,10,10,11,5,6,6,3,3,5,4,11,3,,7,,,8,5,8,6,8,11,10,9,1,2,3,2,7,7,11,7,4,8,3,6,8,10,1,1,8,6,6,5,6,4,6,7,4,12,12,11,4,7,10,4,,,10,11,,,8,4,6,10,9,9,9,11,12,12,1,2,10,10,9,11,6,8,11,9,8,12,7,10,,9,,,b'\x11\xe8\xe1I\xd9\xacoJ\x98|\x12\xdf\x17\xaeN\x1e'
11E8E149-D9AC-6F4A-987C-12DF17AE4E1E,2023-ncaa-d2-natl,ncaa,169,139,239,167,242,240,239,201,263,202,104,279,262,272,191,275,154,161,145,162,199,195,205,274,263,250,226,248,53,63,24,209,197,151,73,234,169,136,181,220,232,215,86,91,,,140,225,,,151,238,137,59,209,214,85,148,33,252,266,105,93,98,81,60,29,128,47,209,208,199,62,,235,,,152,33,35,63,64,107,197,43,8,7,55,6,175,204,31,199,173,75,67,35,42,62,25,9,264,146,197,34,24,53,73,25,60,208,180,89,93,121,58,47,,,191,160,,,151,59,223,79,160,95,97,163,211,284,7,8,241,266,261,217,190,218,82,140,62,165,158,96,,98,,,b'\x11\xe8\xe1I\xd9\xacoJ\x98|\x12\xdf\x17\xaeN\x1e'
11E8E149-D9AC-6F4A-987C-12DF17AE4E1E,2024-ncaa-d2-conf-CIAA,ncaa,6,4,11,6,11,9,11,12,6,11,10,11,4,9,1,9,7,9,1,9,8,13,13,6,6,5,3,3,7,11,12,6,3,11,7,9,8,3,8,8,8,7,5,5,,,7,9,,,3,11,9,2,6,7,8,9,9,3,9,6,8,8,8,10,10,2,6,8,7,7,5,,10,,,3,1,1,3,5,5,6,4,1,1,4,1,7,7,4,8,6,4,3,2,4,3,2,1,11,3,3,6,12,6,7,1,1,10,9,2,2,6,2,2,,,8,6,,,3,3,5,4,5,3,2,6,8,11,1,2,8,10,11,8,7,5,12,8,1,10,5,2,,7,,,b'\x11\xe8\xe1I\xd9\xacoJ\x98|\x12\xdf\x17\xaeN\x1e'
11E8E149-D9AC-6F4A-987C-12DF17AE4E1E,2024-ncaa-d2-natl,ncaa,144,115,248,137,253,224,231,247,186,219,184,244,214,258,50,243,165,169,144,172,153,239,240,188,167,192,136,182,77,171,124,214,144,201,138,260,263,136,209,247,109,70,130,142,,,179,264,,,115,247,111,114,175,185,168,167,79,188,244,104,101,101,149,108,104,135,116,243,205,64,108,,260,,,111,21,21,34,64,95,154,57,6,7,4,1,200,233,35,234,227,48,58,20,39,31,17,2,292,91,144,64,124,64,138,6,6,147,86,9,118,175,24,25,,,190,93,,,115,60,180,28,100,54,43,79,194,264,1,1,258,271,281,159,186,165,166,161,7,85,181,29,,87,,,b'\x11\xe8\xe1I\xd9\xacoJ\x98|\x12\xdf\x17\xaeN\x1e'
11E8E149-D9AC-6F4A-987C-12DF17AE4E1E,2025-ncaa-d2-conf-CIAA,genius_ncaa,3,3,5,3,7,4,3,3,1,2,3,3,9,10,5,12,7,10,1,10,12,5,6,1,2,3,12,10,9,7,5,5,1,5,1,3,5,5,5,2,4,3,3,3,,,7,7,,7,3,5,3,11,4,1,3,1,1,9,12,9,10,11,5,6,7,5,4,2,3,2,3,,7,,7,3,4,6,7,4,6,7,3,6,5,5,3,8,9,2,9,6,7,6,4,4,3,5,5,8,4,1,4,5,4,1,3,1,7,5,2,3,2,10,9,,,8,11,,6,3,8,2,2,2,3,2,5,3,8,4,2,6,8,8,5,6,1,1,1,2,5,2,9,,10,,7,b'\x11\xe8\xe1I\xd9\xacoJ\x98|\x12\xdf\x17\xaeN\x1e'
11E8E149-D9AC-6F4A-987C-12DF17AE4E1E,2025-ncaa-d2-natl,genius_ncaa,79,62,162,67,192,127,100,95,114,41,31,144,267,273,228,285,171,168,180,162,271,107,95,183,186,194,297,285,195,86,53,160,97,126,60,110,168,230,185,173,25,21,91,96,,,221,196,,164,60,93,24,207,97,43,40,18,7,278,280,155,141,138,47,34,66,143,91,98,232,19,79,,232,,175,53,48,44,94,42,109,179,49,16,29,11,24,222,264,8,261,250,123,192,23,27,12,58,15,274,80,97,69,53,69,60,36,61,32,24,12,192,164,168,81,,,151,216,,180,60,212,182,7,56,55,42,83,120,210,13,29,225,270,270,134,248,88,88,80,26,17,208,189,,125,,184,b'\x11\xe8\xe1I\xd9\xacoJ\x98|\x12\xdf\x17\xaeN\x1e'
11E8E149-D9AC-6F4A-987C-12DF17AE4E1E,2026-ncaa-d2-conf-CIAA,genius_ncaa,3,1,7,1,7,8,8,8,2,7,7,2,6,7,3,5,9,9,3,9,6,9,9,3,3,2,4,4,8,8,2,8,6,9,3,8,3,1,4,1,9,6,7,7,,,1,8,,1,5,9,9,1,4,5,7,7,6,3,5,8,8,8,9,9,3,7,8,3,2,7,7,,6,,1,4,2,2,1,7,2,2,7,1,1,5,1,1,1,5,1,7,1,1,6,7,8,4,1,8,2,6,2,2,1,3,1,1,9,4,2,1,7,1,1,,,9,2,,8,5,1,2,7,3,3,2,1,4,3,1,1,6,6,6,1,1,3,2,1,1,4,6,1,,7,,8,b'\x11\xe8\xe1I\xd9\xacoJ\x98|\x12\xdf\x17\xaeN\x1e'
11E8E149-D9AC-6F4A-987C-12DF17AE4E1E,2026-ncaa-d2-natl,genius_ncaa,65,13,221,36,265,259,245,244,187,231,204,235,234,257,106,228,277,255,285,256,259,254,264,196,231,178,231,164,260,166,74,253,135,235,111,262,238,18,41,128,162,59,203,121,,,73,260,,17,80,268,292,282,238,189,179,160,94,194,239,279,234,235,208,274,79,199,140,228,21,92,168,,180,,29,66,16,10,17,15,18,21,47,11,27,3,123,132,138,141,124,284,25,33,11,21,15,188,21,296,59,135,48,74,44,111,5,4,186,33,2,27,71,7,6,,,263,203,,288,80,33,139,19,48,3,2,2,16,18,7,49,241,242,235,6,22,104,101,96,1,79,39,5,,252,,291,b'\x11\xe8\xe1I\xd9\xacoJ\x98|\x12\xdf\x17\xaeN\x1e'
11E8E149-D9B0-AF24-987C-12DF17AE4E1E,2018-ncaa-d2-conf-G-MAC,ncaa,3,2,3,3,4,5,6,5,4,5,8,1,8,5,9,5,7,5,11,6,4,5,4,3,4,6,8,8,11,6,6,6,4,5,4,5,2,11,8,6,1,1,4,4,,,11,8,,,2,4,6,12,6,6,9,6,9,8,7,8,6,8,8,6,7,5,6,5,7,1,4,,6,,,2,2,2,5,2,2,9,2,1,2,1,1,8,7,7,7,6,5,9,1,1,1,3,1,12,6,4,5,6,5,4,1,1,2,3,1,5,4,1,1,,,9,9,,,2,10,6,1,2,1,1,3,3,5,1,1,6,5,5,2,6,5,4,4,1,3,4,1,,9,,,b'\x11\xe8\xe1I\xd9\xb0\xaf$\x98|\x12\xdf\x17\xaeN\x1e'
11E8E149-D9B0-AF24-987C-12DF17AE4E1E,2018-ncaa-d2-natl,ncaa,57,63,41,63,61,53,45,73,27,55,158,5,57,25,161,40,140,145,153,140,136,84,67,23,33,59,169,104,263,121,129,78,91,102,93,36,76,254,194,79,38,46,64,77,,,220,151,,,50,54,124,290,58,45,146,72,242,70,47,208,205,201,156,150,173,166,171,38,195,52,85,,145,,,52,201,200,211,133,213,224,143,121,152,85,111,213,184,266,176,129,214,236,119,132,82,127,85,200,150,91,174,129,169,93,70,19,37,48,21,176,107,17,22,,,145,240,,,50,249,62,67,54,95,100,87,121,128,70,97,150,111,104,81,143,78,70,63,28,58,107,13,,240,,,b'\x11\xe8\xe1I\xd9\xb0\xaf$\x98|\x12\xdf\x17\xaeN\x1e'
11E8E149-D9B0-AF24-987C-12DF17AE4E1E,2019-ncaa-d2-conf-G-MAC,ncaa,1,1,1,1,1,2,1,1,2,1,1,2,7,6,5,10,2,2,9,2,5,1,1,3,3,3,10,7,7,2,1,2,6,2,1,1,8,10,6,5,5,9,1,3,,,6,2,,,1,2,7,7,2,1,4,1,3,7,9,3,4,5,4,2,2,2,2,1,7,10,2,,3,,,1,5,7,14,1,11,13,1,5,8,3,6,4,4,1,4,2,13,13,1,1,1,3,6,2,11,6,2,1,4,1,1,1,4,7,1,7,3,2,1,,,2,8,,,1,13,3,1,1,3,5,9,4,12,4,6,2,3,3,8,7,7,1,2,1,6,3,2,,7,,,b'\x11\xe8\xe1I\xd9\xb0\xaf$\x98|\x12\xdf\x17\xaeN\x1e'
11E8E149-D9B0-AF24-987C-12DF17AE4E1E,2019-ncaa-d2-natl,ncaa,28,36,16,32,22,17,16,19,21,13,26,18,63,61,78,161,37,50,114,50,169,19,18,32,32,32,213,176,222,32,20,19,54,14,14,26,160,225,61,50,116,194,31,54,,,165,39,,,23,20,129,184,17,14,47,16,94,97,114,91,118,121,54,85,58,50,42,44,106,196,55,,37,,,22,271,279,298,79,248,280,84,266,284,137,202,117,132,89,150,52,297,282,85,62,96,132,230,59,195,54,162,20,181,14,57,6,104,207,53,189,58,66,17,,,53,210,,,23,288,22,77,28,89,134,206,124,179,191,213,35,41,47,157,144,101,23,39,19,213,79,26,,169,,,b'\x11\xe8\xe1I\xd9\xb0\xaf$\x98|\x12\xdf\x17\xaeN\x1e'
11E8E149-D9B0-AF24-987C-12DF17AE4E1E,2020-ncaa-d2-conf-G-MAC,ncaa,1,1,1,1,2,1,1,1,1,1,1,1,4,6,1,12,3,3,7,3,10,1,1,1,1,1,13,10,11,2,2,2,8,1,4,1,5,2,1,1,1,1,1,2,,,5,1,,,1,1,3,12,1,1,1,1,1,5,8,4,4,4,1,4,6,3,5,1,2,1,1,,2,,,1,4,4,12,3,10,13,1,1,4,2,2,7,8,6,8,3,12,13,1,1,1,1,2,8,10,8,7,2,10,4,2,1,1,2,1,3,1,4,1,,,4,7,,,1,13,1,2,1,2,3,4,5,9,1,2,4,5,5,4,10,8,2,4,1,1,2,3,,7,,,b'\x11\xe8\xe1I\xd9\xb0\xaf$\x98|\x12\xdf\x17\xaeN\x1e'
11E8E149-D9B0-AF24-987C-12DF17AE4E1E,2020-ncaa-d2-natl,ncaa,5,4,17,5,50,5,3,20,3,2,12,7,43,116,4,225,74,103,72,103,264,22,44,3,3,2,263,197,291,166,165,51,60,79,83,7,157,41,11,3,20,32,48,75,,,133,38,,,5,20,45,283,5,4,32,3,26,64,168,111,161,161,41,106,217,105,160,9,14,29,67,,50,,,5,217,237,247,143,252,254,157,143,190,84,119,154,156,174,158,99,248,279,120,108,64,76,101,116,132,60,145,165,140,83,65,11,22,46,16,34,8,33,5,,,64,160,,,5,295,4,50,4,107,135,141,163,167,94,117,98,97,101,122,203,66,55,47,27,45,13,18,,135,,,b'\x11\xe8\xe1I\xd9\xb0\xaf$\x98|\x12\xdf\x17\xaeN\x1e'
11E8E149-D9B0-AF24-987C-12DF17AE4E1E,2021-ncaa-d2-conf-G-MAC,ncaa,3,1,5,1,5,3,3,4,1,1,3,3,5,8,3,9,8,6,8,7,9,5,5,3,4,3,9,8,11,1,1,4,3,3,1,2,5,6,4,3,5,3,2,4,,,2,1,,,1,6,11,8,3,1,3,1,2,8,9,9,9,9,3,5,1,7,1,2,4,4,2,,1,,,1,2,3,3,3,5,10,2,2,2,3,1,3,3,4,3,1,3,3,2,1,2,1,1,3,5,3,2,1,2,1,2,1,6,4,1,5,6,2,1,,,6,9,,,1,7,2,2,1,2,2,5,7,8,1,1,2,1,1,4,2,4,1,2,1,7,6,1,,9,,,b'\x11\xe8\xe1I\xd9\xb0\xaf$\x98|\x12\xdf\x17\xaeN\x1e'
11E8E149-D9B0-AF24-987C-12DF17AE4E1E,2021-ncaa-d2-natl,ncaa,18,66,12,40,14,8,3,9,14,3,6,22,16,27,24,131,65,56,140,57,209,11,10,14,22,23,184,112,218,10,34,11,20,6,7,6,84,202,57,20,31,91,27,83,,,141,16,,,9,11,80,98,14,7,33,10,38,54,96,186,177,179,43,63,54,41,37,12,72,90,67,,12,,,17,200,208,214,125,217,223,117,164,179,82,61,132,129,101,129,9,209,208,104,83,90,16,66,19,149,20,178,34,171,7,157,9,36,128,57,189,67,43,5,,,38,203,,,9,216,6,70,17,90,150,154,171,178,65,60,16,14,13,113,100,30,36,23,30,132,83,7,,182,,,b'\x11\xe8\xe1I\xd9\xb0\xaf$\x98|\x12\xdf\x17\xaeN\x1e'
11E8E149-D9B0-AF24-987C-12DF17AE4E1E,2022-ncaa-d2-conf-G-MAC,ncaa,2,2,1,2,1,2,1,1,1,1,1,2,3,6,1,9,3,2,11,2,10,1,1,2,2,2,10,9,11,1,1,1,3,1,1,2,5,6,2,2,2,3,2,3,,,6,2,,,2,2,7,3,2,1,1,1,1,7,9,5,3,4,1,2,1,2,1,2,2,3,3,,2,,,2,11,10,12,4,8,11,4,8,10,4,7,6,6,4,6,5,12,11,5,5,3,5,8,6,10,3,5,1,8,1,4,2,3,4,3,6,1,1,1,,,3,6,,,2,11,1,3,2,3,5,5,4,6,5,7,3,5,5,7,6,4,1,1,2,4,4,1,,5,,,b'\x11\xe8\xe1I\xd9\xb0\xaf$\x98|\x12\xdf\x17\xaeN\x1e'
11E8E149-D9B0-AF24-987C-12DF17AE4E1E,2022-ncaa-d2-natl,ncaa,5,16,5,13,7,4,3,9,1,3,12,5,16,40,9,150,100,96,159,97,258,13,20,3,4,4,242,128,294,37,60,17,48,19,26,6,151,149,23,8,36,69,73,108,,,108,10,,,7,17,234,111,16,4,85,6,100,55,129,231,229,230,111,204,128,125,124,19,21,102,141,,6,,,9,278,284,282,167,263,255,173,288,290,195,244,105,94,228,92,33,273,280,187,155,138,161,249,28,177,48,216,60,205,26,224,62,40,102,89,116,19,23,3,,,38,187,,,7,285,2,111,7,73,119,83,81,65,200,189,16,12,14,35,52,43,21,16,80,149,17,3,,217,,,b'\x11\xe8\xe1I\xd9\xb0\xaf$\x98|\x12\xdf\x17\xaeN\x1e'
11E8E149-D9B0-AF24-987C-12DF17AE4E1E,2023-ncaa-d2-conf-G-MAC,ncaa,6,6,5,6,6,7,7,7,7,7,9,5,5,3,6,2,11,9,6,9,10,7,7,7,8,5,6,3,11,8,11,9,10,8,11,10,11,3,4,6,7,8,7,9,,,3,4,,,7,8,7,3,6,6,5,8,9,5,3,11,11,9,6,9,9,10,9,9,4,7,7,,5,,,7,6,10,7,9,13,9,12,3,5,3,5,3,3,1,3,5,7,6,8,7,7,1,2,4,8,10,11,11,11,11,6,4,6,7,7,2,2,3,3,,,10,12,,,7,6,6,7,7,6,10,9,12,10,3,5,4,5,5,9,8,10,10,10,8,7,2,4,,12,,,b'\x11\xe8\xe1I\xd9\xb0\xaf$\x98|\x12\xdf\x17\xaeN\x1e'
11E8E149-D9B0-AF24-987C-12DF17AE4E1E,2023-ncaa-d2-natl,ncaa,152,206,68,179,91,96,83,104,79,144,204,54,28,36,69,23,259,267,149,263,246,128,153,47,76,63,63,17,293,206,235,163,158,191,231,135,219,65,69,94,162,188,227,248,,,35,26,,,189,129,233,155,123,93,135,196,266,23,31,283,287,284,202,250,240,245,266,173,45,204,248,,16,,,185,248,276,216,285,275,159,294,230,254,125,250,28,26,133,30,33,181,161,279,268,269,42,181,11,142,158,211,235,185,231,241,124,179,203,249,93,91,74,95,,,238,277,,,189,175,84,266,185,221,264,176,263,98,208,226,17,17,19,106,66,110,166,133,221,222,65,52,,290,,,b'\x11\xe8\xe1I\xd9\xb0\xaf$\x98|\x12\xdf\x17\xaeN\x1e'
11E8E149-D9B0-AF24-987C-12DF17AE4E1E,2024-ncaa-d2-conf-G-MAC,ncaa,10,10,9,10,9,12,12,10,12,12,13,11,8,4,12,2,13,13,14,13,11,12,11,11,12,12,5,4,12,5,9,12,11,10,10,11,6,11,12,12,6,6,4,4,,,14,14,,,10,12,7,4,12,12,7,11,12,8,2,13,13,13,10,8,5,12,10,11,11,5,4,,14,,,10,8,6,1,10,8,6,11,2,1,9,2,14,14,7,14,14,3,5,10,10,9,7,3,14,12,11,11,9,11,10,9,9,5,3,6,11,11,1,2,,,13,14,,,10,4,12,10,10,9,7,3,10,8,3,2,14,14,14,8,10,13,12,12,9,2,11,1,,13,,,b'\x11\xe8\xe1I\xd9\xb0\xaf$\x98|\x12\xdf\x17\xaeN\x1e'
11E8E149-D9B0-AF24-987C-12DF17AE4E1E,2024-ncaa-d2-natl,ncaa,216,212,207,220,213,246,228,213,247,259,274,161,109,51,231,9,287,288,235,288,260,238,229,206,235,245,70,19,290,206,218,241,189,243,237,174,64,187,242,189,92,61,92,47,,,174,242,,,250,230,155,59,249,220,150,267,282,63,15,288,287,287,220,161,179,227,230,144,224,63,70,,227,,,249,113,95,46,243,111,52,249,121,93,189,156,189,200,114,198,258,57,72,238,244,203,177,139,215,104,189,166,218,140,237,168,223,128,73,145,234,268,30,104,,,288,295,,,250,73,248,203,245,196,174,67,173,78,165,138,222,228,228,118,148,146,247,214,222,92,251,33,,294,,,b'\x11\xe8\xe1I\xd9\xb0\xaf$\x98|\x12\xdf\x17\xaeN\x1e'
11E8E149-D9B0-AF24-987C-12DF17AE4E1E,2025-ncaa-d2-conf-G-MAC,genius_ncaa,11,11,9,11,10,10,9,10,4,11,12,5,9,8,9,6,11,12,7,12,9,11,12,6,5,9,8,6,9,12,12,8,6,11,10,12,12,11,10,12,8,6,4,5,,,11,11,,7,11,11,1,4,9,9,9,9,10,8,6,9,9,9,10,9,12,8,9,12,11,5,4,,11,,8,11,7,6,3,10,10,9,9,3,2,6,2,12,12,6,12,12,7,4,8,9,9,3,2,11,4,6,7,12,5,10,5,3,8,6,6,11,12,2,6,,,11,7,,8,11,7,10,9,10,9,10,4,11,13,3,3,12,12,12,10,11,7,9,9,6,5,12,3,,8,,8,b'\x11\xe8\xe1I\xd9\xb0\xaf$\x98|\x12\xdf\x17\xaeN\x1e'
11E8E149-D9B0-AF24-987C-12DF17AE4E1E,2025-ncaa-d2-natl,genius_ncaa,195,236,109,210,149,162,132,161,94,136,191,62,119,110,155,81,248,258,125,259,259,176,142,94,110,172,186,106,269,215,226,145,99,181,175,209,275,253,263,261,118,133,59,57,,,226,220,,164,214,120,110,207,192,141,215,152,237,122,113,268,274,275,247,187,241,163,224,238,238,133,58,,208,,156,204,212,211,153,248,248,185,251,85,101,117,82,232,226,138,226,201,166,177,225,233,209,61,57,191,97,99,165,226,132,175,121,56,111,127,105,250,265,118,163,,,237,264,,180,214,190,197,182,200,192,198,110,232,179,83,77,214,216,216,132,157,79,144,110,111,122,236,116,,274,,198,b'\x11\xe8\xe1I\xd9\xb0\xaf$\x98|\x12\xdf\x17\xaeN\x1e'
11E8E149-D9B0-AF24-987C-12DF17AE4E1E,2026-ncaa-d2-conf-G-MAC,genius_ncaa,1,1,1,1,2,6,4,8,5,2,2,2,9,7,13,10,7,6,8,6,10,8,7,8,8,8,13,13,9,4,2,3,7,3,3,4,8,12,8,6,3,2,4,4,,,9,6,,4,2,8,12,3,8,5,9,2,3,13,8,9,8,8,8,8,4,5,3,6,7,3,4,,5,,4,2,6,5,7,1,3,7,1,9,9,4,8,8,7,5,6,6,7,6,1,1,1,10,9,8,9,7,6,2,8,3,5,6,5,3,2,10,8,13,11,,,7,9,,2,2,6,6,1,2,1,1,3,1,3,5,8,5,5,4,2,1,6,1,3,1,5,7,11,,10,,2,b'\x11\xe8\xe1I\xd9\xb0\xaf$\x98|\x12\xdf\x17\xaeN\x1e'
11E8E149-D9B0-AF24-987C-12DF17AE4E1E,2026-ncaa-d2-natl,genius_ncaa,30,53,59,59,61,111,74,96,84,48,66,87,151,151,158,176,246,254,103,253,296,116,105,110,139,167,270,182,286,92,88,106,171,103,109,94,156,223,208,157,70,90,125,117,,,98,38,,158,107,110,237,10,167,88,120,60,90,184,195,291,293,292,190,163,131,160,149,115,196,94,151,,34,,157,110,151,169,186,119,119,105,128,255,260,200,284,39,53,23,55,52,166,183,167,101,73,233,285,16,197,171,140,88,161,109,175,170,57,61,98,249,236,287,282,,,180,252,,13,107,180,155,85,112,72,101,119,51,30,252,253,9,17,15,60,110,164,50,86,138,72,223,287,,251,,20,b'\x11\xe8\xe1I\xd9\xb0\xaf$\x98|\x12\xdf\x17\xaeN\x1e'
11E8E149-D9B5-1E2E-987C-12DF17AE4E1E,2018-ncaa-d2-conf-Mid-America Intercollegiate,ncaa,7,6,6,7,6,7,6,8,4,6,9,4,7,8,6,7,11,12,7,12,11,9,7,4,5,7,12,5,13,5,3,6,6,6,2,1,1,12,13,4,7,6,5,5,,,4,2,,,7,7,11,8,10,7,9,6,8,6,10,11,12,12,11,9,7,6,5,1,11,6,5,,2,,,7,4,6,9,5,1,2,5,14,14,8,14,3,2,12,2,7,7,9,6,5,4,14,14,5,6,6,1,3,1,2,8,13,9,7,8,12,12,7,5,,,11,11,,,7,9,8,5,7,5,5,6,1,1,14,14,3,2,2,4,4,6,1,3,8,8,13,6,,12,,,b'\x11\xe8\xe1I\xd9\xb5\x1e.\x98|\x12\xdf\x17\xaeN\x1e'
11E8E149-D9B5-1E2E-987C-12DF17AE4E1E,2018-ncaa-d2-natl,ncaa,88,74,148,84,171,157,141,219,56,157,219,49,135,158,92,120,218,242,122,239,196,223,231,56,64,96,173,130,241,218,152,152,54,182,62,92,53,117,192,85,192,150,104,40,,,47,78,,,118,231,259,105,155,125,250,138,231,126,157,229,243,239,253,256,219,134,184,67,135,185,95,,47,,,115,84,72,98,118,25,22,157,276,281,188,307,73,51,269,51,176,80,70,186,180,191,302,304,103,51,54,36,152,35,62,25,33,222,183,112,109,168,70,121,,,252,233,,,118,77,102,168,119,112,92,93,24,8,280,294,83,58,52,64,48,47,37,35,41,222,117,78,,268,,,b'\x11\xe8\xe1I\xd9\xb5\x1e.\x98|\x12\xdf\x17\xaeN\x1e'
11E8E149-D9B5-1E2E-987C-12DF17AE4E1E,2019-ncaa-d2-conf-Mid-America Intercollegiate,ncaa,3,3,4,3,4,5,3,3,3,2,4,4,8,9,1,9,14,14,14,14,14,6,7,3,6,5,12,8,14,8,6,6,7,7,6,1,1,5,4,1,4,3,3,4,,,11,10,,,6,6,9,2,7,1,4,2,4,8,10,14,14,14,6,11,8,9,11,1,4,3,4,,9,,,6,5,2,6,3,3,8,1,10,7,10,8,14,13,12,13,10,7,8,4,7,4,12,10,13,7,7,5,6,6,6,1,3,5,5,2,3,5,7,5,,,14,14,,,6,9,5,4,5,3,2,4,3,6,9,6,9,9,9,5,7,7,4,4,2,4,4,6,,14,,,b'\x11\xe8\xe1I\xd9\xb5\x1e.\x98|\x12\xdf\x17\xaeN\x1e'
11E8E149-D9B5-1E2E-987C-12DF17AE4E1E,2019-ncaa-d2-natl,ncaa,73,74,76,78,78,97,49,88,37,42,70,32,134,145,141,177,296,290,242,290,307,124,157,56,91,75,291,191,310,143,132,114,85,122,93,50,97,79,62,35,74,65,61,50,,,201,208,,,88,161,246,26,122,36,93,23,93,160,176,304,305,305,177,233,170,137,154,42,49,86,69,,170,,,90,138,87,138,86,62,132,43,234,161,275,179,244,212,266,218,219,149,162,108,137,118,291,250,248,115,85,133,132,117,93,35,38,114,103,45,60,55,201,135,,,267,294,,,88,168,70,108,78,85,48,67,32,71,213,132,217,178,181,75,82,90,71,72,27,139,46,183,,304,,,b'\x11\xe8\xe1I\xd9\xb5\x1e.\x98|\x12\xdf\x17\xaeN\x1e'
11E8E149-D9B5-1E2E-987C-12DF17AE4E1E,2020-ncaa-d2-conf-Mid-America Intercollegiate,ncaa,7,8,2,8,2,6,7,5,7,7,6,8,3,5,2,4,5,6,8,6,10,5,3,6,6,8,6,4,9,6,8,4,8,4,7,7,8,10,9,8,6,6,14,14,,,12,10,,,8,5,13,6,8,8,10,9,11,6,9,8,9,9,10,11,8,7,9,10,7,6,14,,9,,,8,10,7,10,5,10,8,7,7,11,3,9,12,12,9,11,11,11,11,5,5,6,7,6,12,8,8,8,8,9,7,9,9,6,6,5,10,7,13,13,,,6,8,,,8,13,8,6,8,4,5,5,6,3,5,8,9,9,9,7,6,5,2,4,6,7,7,12,,8,,,b'\x11\xe8\xe1I\xd9\xb5\x1e.\x98|\x12\xdf\x17\xaeN\x1e'
11E8E149-D9B5-1E2E-987C-12DF17AE4E1E,2020-ncaa-d2-natl,ncaa,131,124,173,130,210,153,165,228,78,185,225,95,112,164,41,127,152,191,57,193,138,231,242,60,56,60,97,96,158,229,187,196,87,224,124,148,137,52,102,95,199,172,270,259,,,121,187,,,134,237,250,227,133,151,229,185,232,101,154,136,188,183,231,270,231,191,226,141,63,204,269,,128,,,135,126,113,84,181,115,74,217,143,165,123,207,203,162,274,164,221,92,71,180,205,228,201,158,216,56,87,78,187,61,124,144,183,235,202,210,75,126,208,248,,,244,173,,,134,83,79,206,124,147,124,85,121,71,157,178,210,172,174,87,47,57,74,57,153,242,72,221,,248,,,b'\x11\xe8\xe1I\xd9\xb5\x1e.\x98|\x12\xdf\x17\xaeN\x1e'
11E8E149-D9B5-1E2E-987C-12DF17AE4E1E,2021-ncaa-d2-conf-Mid-America Intercollegiate,ncaa,6,7,4,7,4,8,7,6,10,8,7,7,8,6,11,5,8,8,11,8,10,6,7,8,8,10,9,7,9,4,4,4,3,5,4,7,4,10,9,8,7,5,5,6,,,7,6,,,7,7,12,6,12,12,9,12,9,8,7,8,9,9,11,11,6,5,7,7,7,8,6,,5,,,7,4,6,7,3,5,5,4,6,8,5,10,4,6,6,6,8,8,8,3,3,3,9,9,8,3,3,9,4,9,4,3,7,5,3,2,11,11,12,12,,,6,7,,,7,8,8,3,7,2,2,3,2,3,5,8,7,6,6,3,3,3,4,3,3,7,10,12,,8,,,b'\x11\xe8\xe1I\xd9\xb5\x1e.\x98|\x12\xdf\x17\xaeN\x1e'
11E8E149-D9B5-1E2E-987C-12DF17AE4E1E,2021-ncaa-d2-natl,ncaa,44,170,12,95,16,54,48,36,132,46,38,100,72,46,164,111,53,49,115,51,133,36,32,137,143,135,150,131,114,27,80,28,40,19,47,45,93,193,108,100,55,99,31,53,,,172,100,,,77,42,219,102,180,178,185,144,157,169,136,165,170,171,194,212,111,132,116,145,56,142,76,,35,,,87,163,159,177,69,161,172,81,155,182,63,135,170,173,128,175,121,180,181,64,66,70,125,111,135,142,40,187,80,180,47,153,60,44,101,69,192,126,219,202,,,38,112,,,77,185,124,56,81,18,21,20,35,29,54,68,62,58,61,10,7,27,52,29,25,167,91,184,,182,,,b'\x11\xe8\xe1I\xd9\xb5\x1e.\x98|\x12\xdf\x17\xaeN\x1e'
11E8E149-D9B5-1E2E-987C-12DF17AE4E1E,2022-ncaa-d2-conf-Mid-America Intercollegiate,ncaa,7,8,5,8,5,9,8,8,7,6,4,9,12,13,7,13,11,11,7,11,13,8,6,11,11,11,14,13,13,7,5,4,4,5,5,7,10,9,9,11,9,9,3,2,,,4,6,,,9,7,11,6,10,10,10,5,3,14,14,12,13,13,11,11,8,3,5,10,7,9,4,,3,,,9,5,3,8,3,3,4,6,7,11,4,12,9,9,10,9,10,8,8,4,4,5,12,9,12,3,4,7,5,8,5,5,7,9,11,6,8,10,12,10,,,8,8,,,9,9,11,5,9,5,5,6,4,4,7,12,9,8,8,6,4,4,7,4,5,10,9,12,,12,,,b'\x11\xe8\xe1I\xd9\xb5\x1e.\x98|\x12\xdf\x17\xaeN\x1e'
11E8E149-D9B5-1E2E-987C-12DF17AE4E1E,2022-ncaa-d2-natl,ncaa,129,179,64,156,72,158,127,143,105,84,90,121,217,226,180,230,229,223,186,219,275,157,172,140,160,150,280,233,250,178,191,62,23,92,58,159,203,100,118,140,230,249,68,49,,,104,125,,,176,165,291,43,242,181,237,115,135,251,263,267,265,264,258,284,216,59,137,211,59,272,71,,61,,,172,155,142,175,82,117,139,100,193,217,118,212,170,137,260,135,151,172,124,102,120,192,222,203,183,55,23,167,191,118,58,74,53,254,268,200,130,159,237,211,,,190,178,,,176,150,159,162,157,76,64,81,51,69,153,176,132,108,104,70,19,28,102,54,44,291,95,215,,266,,,b'\x11\xe8\xe1I\xd9\xb5\x1e.\x98|\x12\xdf\x17\xaeN\x1e'
11E8E149-D9B5-1E2E-987C-12DF17AE4E1E,2023-ncaa-d2-conf-Mid-America Intercollegiate,ncaa,10,9,11,10,11,12,12,13,13,11,11,13,14,14,10,13,6,4,14,4,1,12,13,13,13,13,11,13,1,9,8,10,8,11,8,14,11,12,11,13,13,11,12,12,,,10,12,,,9,13,9,4,12,12,13,10,6,14,14,4,1,1,9,8,6,10,10,13,12,13,12,,11,,,9,2,1,1,6,2,1,5,4,3,8,3,13,9,13,9,12,1,1,6,8,6,8,5,14,3,8,4,8,4,8,2,4,7,3,3,12,11,14,14,,,4,1,,,9,2,12,6,9,7,6,3,6,6,4,4,13,10,11,6,5,4,9,6,3,5,12,14,,1,,,b'\x11\xe8\xe1I\xd9\xb5\x1e.\x98|\x12\xdf\x17\xaeN\x1e'
11E8E149-D9B5-1E2E-987C-12DF17AE4E1E,2023-ncaa-d2-natl,ncaa,207,206,197,211,205,252,253,248,232,239,194,262,231,259,123,236,181,141,247,137,95,237,246,239,234,237,152,196,64,170,145,215,77,210,135,241,156,128,201,226,263,249,253,251,,,128,238,,,206,248,252,66,260,262,262,233,159,232,261,154,101,94,242,220,137,203,188,238,179,265,252,,173,,,203,55,42,38,153,67,70,128,61,48,159,80,169,127,284,126,189,41,40,137,174,172,143,83,245,31,77,84,145,51,135,27,48,203,139,88,196,242,292,297,,,120,22,,,206,51,236,149,206,93,72,36,109,110,72,60,204,168,165,39,36,49,146,91,40,183,223,298,,56,,,b'\x11\xe8\xe1I\xd9\xb5\x1e.\x98|\x12\xdf\x17\xaeN\x1e'
11E8E149-D9B5-1E2E-987C-12DF17AE4E1E,2024-ncaa-d2-conf-Mid-America Intercollegiate,ncaa,10,10,7,10,7,9,10,9,12,7,6,11,12,9,12,9,2,1,11,1,2,8,6,12,12,10,7,12,1,5,6,6,8,6,9,11,14,5,6,10,14,14,11,11,,,11,11,,,10,6,7,3,9,9,7,7,4,12,8,1,1,1,3,3,3,4,4,13,7,14,11,,10,,,10,9,8,9,8,11,12,6,4,3,6,2,11,9,14,8,7,10,7,7,8,10,4,2,10,7,8,11,6,12,9,6,5,12,11,10,7,7,13,13,,,1,2,,,10,7,10,11,11,10,9,11,11,13,5,3,11,9,9,11,10,7,12,12,6,11,8,14,,1,,,b'\x11\xe8\xe1I\xd9\xb5\x1e.\x98|\x12\xdf\x17\xaeN\x1e'
11E8E149-D9B5-1E2E-987C-12DF17AE4E1E,2024-ncaa-d2-natl,ncaa,157,183,117,170,136,125,142,127,163,122,113,154,172,154,199,189,67,50,181,49,53,112,139,167,160,118,146,207,51,149,189,86,52,105,114,210,272,48,48,150,269,283,181,207,,,229,250,,,157,141,170,76,120,148,123,127,110,186,165,53,49,48,85,142,147,57,84,235,50,283,193,,212,,,156,188,165,180,120,182,199,116,108,120,105,95,253,209,293,208,168,186,128,111,153,223,151,83,245,91,52,212,189,173,114,98,68,257,275,225,128,126,281,281,,,53,24,,,157,148,122,209,163,181,154,186,176,205,97,108,243,187,183,190,108,74,225,157,91,273,118,291,,34,,,b'\x11\xe8\xe1I\xd9\xb5\x1e.\x98|\x12\xdf\x17\xaeN\x1e'
11E8E149-D9B5-1E2E-987C-12DF17AE4E1E,2025-ncaa-d2-conf-Mid-America Intercollegiate,genius_ncaa,4,6,7,5,7,7,7,10,3,6,7,4,12,13,6,11,1,1,6,2,2,8,8,5,3,5,9,12,2,4,3,6,8,7,3,9,11,13,13,12,12,12,5,5,,,9,8,,13,7,8,8,7,5,8,14,6,8,12,12,2,2,2,11,9,7,6,7,10,13,11,5,,7,,14,7,8,7,7,9,6,6,8,11,10,9,10,8,8,7,8,8,7,6,11,9,12,8,12,7,9,8,2,3,3,3,8,7,10,9,10,14,13,6,8,,,1,1,,8,7,7,4,11,7,11,10,7,6,7,12,11,7,9,9,11,6,9,1,2,8,9,14,8,,1,,9,b'\x11\xe8\xe1I\xd9\xb5\x1e.\x98|\x12\xdf\x17\xaeN\x1e'
11E8E149-D9B5-1E2E-987C-12DF17AE4E1E,2025-ncaa-d2-natl,genius_ncaa,107,112,109,115,134,75,88,165,21,71,138,22,150,186,85,215,35,24,166,24,17,135,132,28,23,36,171,221,49,152,96,115,64,125,50,140,229,147,149,153,231,247,77,70,,,224,246,,255,104,128,173,139,41,61,222,49,147,162,210,28,20,22,146,157,151,118,136,156,143,246,80,,204,,249,104,213,193,169,216,166,126,221,219,208,196,219,203,202,164,206,214,168,145,226,225,245,212,195,166,80,64,54,96,57,50,153,109,213,227,212,201,203,177,178,,,40,15,,195,104,161,36,219,109,193,184,135,161,91,215,205,193,181,189,136,94,64,38,38,150,236,197,177,,28,,209,b'\x11\xe8\xe1I\xd9\xb5\x1e.\x98|\x12\xdf\x17\xaeN\x1e'
11E8E149-D9B5-1E2E-987C-12DF17AE4E1E,2026-ncaa-d2-conf-Mid-America Intercollegiate,genius_ncaa,1,1,3,1,7,6,4,3,2,3,3,3,13,13,12,13,10,12,1,13,14,5,8,9,8,3,14,12,12,11,12,6,2,6,6,5,7,2,3,3,10,9,6,4,,,1,4,,8,5,5,2,5,4,2,1,1,1,12,13,9,11,12,4,7,10,4,4,4,3,9,6,,1,,8,5,6,4,6,7,6,2,13,6,11,4,12,8,4,12,4,12,4,3,7,8,9,9,8,11,3,2,10,12,7,6,9,10,12,11,12,3,5,9,7,,,10,8,,11,5,7,5,7,5,6,4,6,6,2,6,12,8,5,5,5,3,3,12,7,10,11,4,10,,9,,11,b'\x11\xe8\xe1I\xd9\xb5\x1e.\x98|\x12\xdf\x17\xaeN\x1e'
11E8E149-D9B5-1E2E-987C-12DF17AE4E1E,2026-ncaa-d2-natl,genius_ncaa,30,53,59,59,67,111,78,80,122,52,47,160,151,169,123,213,233,231,190,234,295,97,109,143,178,163,264,182,278,87,139,103,72,96,115,47,57,153,101,62,77,75,58,50,,,211,235,,183,73,117,243,51,167,98,85,68,51,184,214,281,280,283,144,179,119,157,134,62,100,102,78,,164,,174,79,120,116,132,77,141,134,148,67,149,28,139,198,194,180,202,224,146,157,56,74,70,119,64,235,108,72,204,139,169,115,132,174,101,90,101,169,142,244,204,,,161,229,,271,73,171,143,63,93,36,39,26,75,60,38,100,154,153,162,32,42,61,166,112,86,144,125,236,,232,,284,b'\x11\xe8\xe1I\xd9\xb5\x1e.\x98|\x12\xdf\x17\xaeN\x1e'
11E8E149-D9B9-7AD2-987C-12DF17AE4E1E,2018-ncaa-d2-conf-GLIAC,ncaa,4,4,6,4,8,6,6,6,8,6,7,7,5,4,7,3,6,8,6,8,5,6,8,8,6,5,5,4,6,7,8,8,8,8,7,8,11,1,2,5,5,5,7,6,,,3,4,,,4,9,8,6,6,6,4,7,7,5,2,7,8,8,3,7,5,9,6,9,1,6,6,,3,,,4,2,3,3,4,3,2,6,3,7,3,10,3,2,10,2,4,2,4,4,5,4,6,9,4,7,8,7,8,7,7,4,6,5,5,4,1,1,9,10,,,7,6,,,4,4,5,4,4,4,4,3,4,2,4,10,4,3,3,2,6,9,9,8,4,5,1,10,,8,,,b'\x11\xe8\xe1I\xd9\xb9z\xd2\x98|\x12\xdf\x17\xaeN\x1e'
11E8E149-D9B9-7AD2-987C-12DF17AE4E1E,2018-ncaa-d2-natl,ncaa,88,53,250,66,252,192,189,211,158,230,254,126,101,92,149,41,220,252,79,251,165,224,258,131,133,97,73,59,198,195,174,242,95,227,167,232,242,10,31,94,131,64,127,72,,,15,60,,,83,267,238,56,117,124,103,191,221,59,39,186,218,217,134,209,143,187,165,200,28,90,98,,30,,,76,26,40,33,156,45,31,202,98,122,76,264,13,10,280,11,54,22,31,165,146,117,135,206,54,43,95,107,174,65,167,95,195,192,89,145,11,28,253,297,,,267,217,,,83,35,84,111,77,75,113,91,100,59,154,195,31,15,17,46,70,81,212,148,162,122,27,291,,247,,,b'\x11\xe8\xe1I\xd9\xb9z\xd2\x98|\x12\xdf\x17\xaeN\x1e'
11E8E149-D9B9-7AD2-987C-12DF17AE4E1E,2019-ncaa-d2-conf-GLIAC,ncaa,8,8,5,8,7,8,8,3,10,7,3,10,10,10,10,10,3,1,10,1,4,2,3,10,10,9,7,9,3,2,3,6,8,4,5,9,11,5,4,9,5,6,7,7,,,4,4,,,8,7,7,4,7,7,2,7,3,10,8,3,1,1,2,4,1,7,3,9,6,5,6,,4,,,8,7,6,6,6,6,4,7,9,7,7,7,8,6,9,6,7,8,8,7,9,7,8,9,9,9,8,10,3,10,5,8,8,7,6,7,4,5,12,10,,,6,6,,,8,6,8,7,8,7,7,7,6,6,10,9,8,7,6,6,6,8,9,10,7,8,6,11,,6,,,b'\x11\xe8\xe1I\xd9\xb9z\xd2\x98|\x12\xdf\x17\xaeN\x1e'
11E8E149-D9B9-7AD2-987C-12DF17AE4E1E,2019-ncaa-d2-natl,ncaa,145,184,76,163,86,150,169,90,258,179,105,272,125,109,196,151,124,94,232,96,149,83,106,251,250,213,111,127,119,51,84,108,91,73,113,206,248,115,70,181,110,112,87,74,,,94,82,,,186,138,229,65,206,223,98,220,127,141,122,161,123,128,91,144,51,126,65,246,87,138,92,,47,,,184,196,196,190,175,159,132,200,254,262,169,266,119,96,237,90,116,169,161,198,196,210,200,247,94,123,91,266,84,230,113,244,227,160,186,221,95,63,308,303,,,153,216,,,186,163,187,187,189,143,153,125,122,71,233,242,78,66,66,107,77,103,240,184,209,201,64,307,,200,,,b'\x11\xe8\xe1I\xd9\xb9z\xd2\x98|\x12\xdf\x17\xaeN\x1e'
11E8E149-D9B9-7AD2-987C-12DF17AE4E1E,2020-ncaa-d2-conf-GLIAC,ncaa,5,6,3,6,3,5,5,2,8,4,2,9,8,6,8,11,3,3,8,3,7,2,2,8,8,8,9,10,3,1,1,3,10,3,4,8,11,12,7,10,4,7,2,2,,,8,4,,,7,3,5,4,6,7,3,5,2,8,8,3,2,2,3,1,1,4,2,8,11,6,2,,6,,,6,9,9,12,5,9,9,5,10,10,4,9,10,11,9,11,7,12,11,6,6,5,8,6,8,12,10,9,1,12,4,10,12,6,9,8,7,4,10,7,,,4,9,,,7,10,6,6,6,8,7,10,6,9,7,9,8,7,7,10,9,11,7,9,9,8,8,8,,2,,,b'\x11\xe8\xe1I\xd9\xb9z\xd2\x98|\x12\xdf\x17\xaeN\x1e'
11E8E149-D9B9-7AD2-987C-12DF17AE4E1E,2020-ncaa-d2-natl,ncaa,131,155,54,145,74,106,115,74,182,91,64,174,176,155,214,214,42,60,87,65,137,64,71,201,174,165,179,229,57,63,91,60,88,52,85,177,246,202,143,197,169,199,15,16,,,154,93,,,178,78,140,171,137,161,122,120,95,203,190,60,80,87,102,107,84,84,65,213,151,205,18,,102,,,178,264,250,251,168,187,190,145,292,284,261,256,189,146,285,144,121,247,217,195,198,230,255,270,111,147,88,204,91,191,85,284,268,170,213,260,157,114,261,228,,,44,89,,,178,234,150,211,176,210,198,203,129,127,273,261,149,114,112,182,142,110,146,128,249,209,120,239,,68,,,b'\x11\xe8\xe1I\xd9\xb9z\xd2\x98|\x12\xdf\x17\xaeN\x1e'
11E8E149-D9B9-7AD2-987C-12DF17AE4E1E,2021-ncaa-d2-conf-GLIAC,ncaa,4,3,4,4,5,4,5,5,4,4,3,7,6,11,3,11,4,4,6,4,8,4,4,7,6,8,10,11,6,1,1,4,10,1,2,5,6,11,10,8,10,9,1,1,,,3,3,,,5,4,8,3,5,5,3,5,2,9,11,4,2,4,4,1,1,2,1,4,12,10,1,,4,,,5,8,8,10,4,7,9,4,11,12,6,10,4,5,5,5,4,9,9,4,4,4,9,12,3,12,10,2,1,4,2,8,10,10,10,11,10,6,7,4,,,4,8,,,5,9,5,7,5,7,8,10,5,9,11,12,3,2,2,10,9,12,2,5,9,10,9,6,,2,,,b'\x11\xe8\xe1I\xd9\xb9z\xd2\x98|\x12\xdf\x17\xaeN\x1e'
11E8E149-D9B9-7AD2-987C-12DF17AE4E1E,2021-ncaa-d2-natl,ncaa,44,112,47,70,49,57,52,60,74,57,49,94,60,81,53,140,73,82,56,83,170,66,58,79,80,101,139,114,137,31,39,38,61,29,28,52,108,192,151,109,108,172,14,17,,,125,38,,,80,62,168,20,105,92,111,92,84,107,131,132,151,156,128,112,62,57,50,91,137,184,21,,31,,,90,158,166,181,80,153,160,79,198,199,130,192,105,105,129,107,40,171,161,101,81,125,150,200,31,153,61,136,39,140,28,193,186,115,192,207,164,104,160,90,,,62,125,,,80,163,81,114,93,92,116,149,78,96,178,179,30,27,27,119,73,80,37,41,173,199,109,100,,128,,,b'\x11\xe8\xe1I\xd9\xb9z\xd2\x98|\x12\xdf\x17\xaeN\x1e'
11E8E149-D9B9-7AD2-987C-12DF17AE4E1E,2022-ncaa-d2-conf-GLIAC,ncaa,3,4,1,4,1,6,6,3,8,4,4,7,5,4,5,5,4,4,3,4,7,4,1,7,7,7,4,5,4,2,2,1,5,1,2,4,4,11,9,7,3,5,2,2,,,7,3,,,3,2,6,6,6,7,6,8,8,5,6,6,6,6,7,3,4,1,1,5,10,6,2,,5,,,4,6,5,11,2,4,11,2,10,11,3,10,3,3,8,3,2,11,11,2,2,2,10,10,3,11,5,9,2,9,2,7,8,4,9,9,11,9,11,11,,,2,6,,,3,10,7,2,4,2,3,10,2,8,7,10,2,2,2,9,7,10,4,5,6,8,10,10,,5,,,b'\x11\xe8\xe1I\xd9\xb9z\xd2\x98|\x12\xdf\x17\xaeN\x1e'
11E8E149-D9B9-7AD2-987C-12DF17AE4E1E,2022-ncaa-d2-natl,ncaa,68,81,64,79,79,80,95,116,85,116,136,115,64,101,42,110,92,109,90,105,109,105,101,71,71,96,82,84,149,118,132,16,21,33,16,68,60,218,173,108,141,170,20,15,,,142,107,,,61,99,179,63,102,125,182,169,206,76,119,117,139,142,179,174,148,1,24,68,162,180,25,,90,,,60,132,123,240,7,47,187,3,277,277,209,259,99,78,253,80,54,216,190,24,22,63,289,292,97,99,21,160,132,137,16,211,262,202,243,236,234,202,282,278,,,94,119,,,61,205,94,50,59,53,44,210,13,116,259,255,61,43,43,170,100,73,91,73,160,248,200,275,,131,,,b'\x11\xe8\xe1I\xd9\xb9z\xd2\x98|\x12\xdf\x17\xaeN\x1e'
11E8E149-D9B9-7AD2-987C-12DF17AE4E1E,2023-ncaa-d2-conf-GLIAC,ncaa,7,7,5,7,5,5,7,7,5,7,5,6,5,6,5,6,5,7,2,7,7,7,6,4,4,6,6,6,5,7,7,4,10,6,7,6,5,7,7,7,4,5,10,10,,,6,4,,,7,7,4,1,5,5,4,5,3,6,6,6,6,6,5,2,6,5,4,6,7,4,10,,5,,,7,8,7,8,5,6,6,5,10,9,6,9,4,7,2,7,8,8,6,7,4,6,8,10,4,10,10,6,7,9,7,10,10,4,5,8,8,8,9,9,,,7,9,,,7,5,5,7,7,6,6,8,5,5,10,10,5,8,8,8,9,10,7,9,10,4,8,9,,7,,,b'\x11\xe8\xe1I\xd9\xb9z\xd2\x98|\x12\xdf\x17\xaeN\x1e'
11E8E149-D9B9-7AD2-987C-12DF17AE4E1E,2023-ncaa-d2-natl,ncaa,139,118,197,133,202,160,164,220,64,144,212,44,180,173,165,142,129,195,8,194,152,216,222,74,55,81,182,189,114,275,261,133,99,203,175,132,95,113,186,129,145,135,232,232,,,111,123,,,138,196,108,32,110,117,202,94,181,157,148,101,167,166,195,180,268,59,179,82,165,128,227,,140,,,138,105,119,122,138,118,108,177,131,179,78,204,113,104,154,107,145,120,114,136,132,154,141,164,135,97,99,101,261,102,175,210,256,176,171,221,180,224,207,250,,,203,134,,,138,124,120,145,126,181,191,225,181,155,177,220,144,137,143,227,206,136,166,152,245,150,208,237,,162,,,b'\x11\xe8\xe1I\xd9\xb9z\xd2\x98|\x12\xdf\x17\xaeN\x1e'
11E8E149-D9B9-7AD2-987C-12DF17AE4E1E,2024-ncaa-d2-conf-GLIAC,ncaa,6,6,5,6,5,5,5,5,5,5,5,4,6,6,6,7,2,4,2,4,4,5,5,5,5,5,7,8,4,5,5,9,5,7,7,4,3,6,4,5,3,3,10,10,,,8,9,,,6,5,3,2,4,4,5,4,2,6,6,2,2,2,4,2,5,10,9,3,6,3,10,,9,,,6,8,7,3,10,6,3,9,9,4,10,7,5,5,2,5,9,2,5,10,10,8,8,8,3,1,5,5,5,2,7,7,7,3,2,6,5,4,10,10,,,7,8,,,6,6,5,7,6,8,7,3,7,3,10,4,6,6,6,4,7,3,7,5,8,2,5,10,,6,,,b'\x11\xe8\xe1I\xd9\xb9z\xd2\x98|\x12\xdf\x17\xaeN\x1e'
11E8E149-D9B9-7AD2-987C-12DF17AE4E1E,2024-ncaa-d2-natl,ncaa,123,115,172,123,186,104,108,164,46,117,185,45,106,123,76,112,109,158,27,152,118,163,186,42,35,48,111,121,151,210,196,239,110,243,195,66,50,80,104,49,39,24,272,253,,,195,246,,,136,174,127,139,61,56,130,93,165,83,102,93,143,140,128,153,208,260,258,38,108,32,275,,213,,,136,197,187,60,288,123,36,285,264,184,292,246,131,135,150,132,224,62,94,292,292,265,250,265,96,35,110,108,196,71,195,234,227,84,49,155,140,159,278,292,,,200,191,,,136,119,61,234,138,226,220,53,143,27,267,208,143,140,136,54,117,37,126,80,250,64,152,294,,194,,,b'\x11\xe8\xe1I\xd9\xb9z\xd2\x98|\x12\xdf\x17\xaeN\x1e'
11E8E149-D9B9-7AD2-987C-12DF17AE4E1E,2025-ncaa-d2-conf-GLIAC,genius_ncaa,3,5,1,5,1,2,2,2,4,3,2,5,4,6,3,9,1,1,5,1,4,2,2,3,3,4,7,7,4,3,3,3,5,2,4,2,1,11,8,4,3,5,5,7,,,11,4,,6,4,2,6,3,4,4,7,4,4,6,9,2,4,4,7,6,5,5,7,3,7,5,8,,4,,5,4,10,10,11,6,8,9,5,10,10,8,8,4,6,1,4,3,11,11,6,6,4,5,8,2,8,5,7,3,8,4,8,5,2,3,4,11,9,9,7,,,2,5,,3,4,10,4,3,4,3,6,4,4,5,8,8,2,3,3,4,5,4,4,4,6,5,10,6,,4,,4,b'\x11\xe8\xe1I\xd9\xb9z\xd2\x98|\x12\xdf\x17\xaeN\x1e'
11E8E149-D9B9-7AD2-987C-12DF17AE4E1E,2025-ncaa-d2-natl,genius_ncaa,56,112,15,92,22,32,31,43,41,39,61,54,52,83,27,150,52,57,93,59,121,40,31,34,37,65,132,129,161,96,131,23,48,35,54,16,19,276,192,63,31,67,111,151,,,257,144,,261,78,25,132,207,72,75,189,88,164,96,159,115,132,135,182,163,173,69,122,23,189,83,171,,134,,213,87,274,274,276,151,240,225,181,277,286,165,245,166,175,122,182,117,270,274,177,154,141,210,248,69,148,48,224,131,202,54,273,208,48,118,158,298,277,207,135,,,34,101,,47,78,280,72,116,75,126,138,137,98,70,220,229,69,70,76,102,122,53,75,57,187,128,263,121,,110,,83,b'\x11\xe8\xe1I\xd9\xb9z\xd2\x98|\x12\xdf\x17\xaeN\x1e'
11E8E149-D9B9-7AD2-987C-12DF17AE4E1E,2026-ncaa-d2-conf-GLIAC,genius_ncaa,1,1,1,1,1,3,2,5,1,3,5,5,2,6,1,7,5,6,8,6,8,5,4,1,1,2,4,4,10,4,3,3,7,4,6,2,4,6,5,4,3,3,6,4,,,5,4,,2,3,5,5,1,3,2,5,3,5,2,6,5,6,6,5,4,4,3,4,2,6,3,6,,5,,2,3,4,3,5,1,1,2,1,10,10,6,10,8,8,10,8,10,6,10,4,5,2,11,10,9,8,7,2,3,5,6,3,5,3,3,3,7,8,4,4,,,4,4,,1,3,9,2,3,2,4,3,5,1,2,10,10,8,8,8,6,10,8,2,5,3,3,7,4,,4,,1,b'\x11\xe8\xe1I\xd9\xb9z\xd2\x98|\x12\xdf\x17\xaeN\x1e'
11E8E149-D9B9-7AD2-987C-12DF17AE4E1E,2026-ncaa-d2-natl,genius_ncaa,30,98,13,87,27,17,26,39,56,33,30,120,47,110,15,221,18,8,174,8,60,29,38,56,47,35,119,149,81,68,150,37,138,42,137,25,94,143,33,30,24,61,46,68,,,245,125,,183,85,41,137,88,46,71,137,88,97,110,204,42,34,32,84,163,155,139,153,68,36,61,93,,134,,141,96,259,257,269,162,230,208,219,272,291,126,266,239,198,291,202,142,267,267,188,200,192,213,220,143,240,138,246,150,246,137,210,86,52,142,124,162,63,229,163,,,23,56,,97,85,269,32,177,80,190,170,177,129,73,222,263,150,96,97,152,158,136,133,137,122,132,71,187,,63,,161,b'\x11\xe8\xe1I\xd9\xb9z\xd2\x98|\x12\xdf\x17\xaeN\x1e'
11E8E149-D9BD-D28A-987C-12DF17AE4E1E,2018-ncaa-d2-conf-NSIC,ncaa,4,3,6,4,7,3,5,9,2,3,6,3,9,15,1,14,1,1,1,1,1,8,8,1,1,1,7,14,1,15,13,4,10,11,7,4,5,9,9,5,3,4,2,2,,,9,5,,,3,4,3,7,2,4,14,3,5,9,15,1,1,1,7,5,16,4,9,5,9,3,2,,6,,,2,4,9,13,3,11,15,3,5,5,5,4,4,4,6,4,1,12,14,3,3,2,2,5,5,13,10,4,13,6,7,9,8,3,5,4,5,5,2,2,,,1,1,,,3,13,3,3,3,7,9,14,10,15,5,5,4,4,4,11,15,13,4,6,10,4,6,2,,1,,,b'\x11\xe8\xe1I\xd9\xbd\xd2\x8a\x98|\x12\xdf\x17\xaeN\x1e'
11E8E149-D9BD-D28A-987C-12DF17AE4E1E,2018-ncaa-d2-natl,ncaa,35,43,41,45,42,35,62,113,25,61,99,46,90,161,12,213,6,17,6,19,31,93,117,27,9,8,96,188,24,269,280,39,118,117,176,43,73,69,38,29,50,72,23,52,,,170,72,,,25,72,169,46,36,83,230,84,168,123,224,4,36,35,173,236,294,56,210,57,31,68,32,,81,,,22,190,247,275,77,265,293,54,119,129,106,59,50,46,153,46,5,260,250,57,27,53,19,83,27,242,118,199,280,227,176,261,228,101,160,194,33,17,32,23,,,15,5,,,25,244,21,58,21,81,147,235,193,272,64,75,17,16,16,173,169,189,94,118,209,160,11,19,,27,,,b'\x11\xe8\xe1I\xd9\xbd\xd2\x8a\x98|\x12\xdf\x17\xaeN\x1e'
11E8E149-D9BD-D28A-987C-12DF17AE4E1E,2019-ncaa-d2-conf-NSIC,ncaa,10,10,5,10,6,6,7,7,12,11,9,12,6,5,11,5,1,2,8,2,4,6,5,13,9,11,4,7,3,6,8,7,14,7,13,3,3,13,8,6,6,7,4,4,,,7,2,,,11,5,3,9,5,11,7,11,11,5,4,2,2,2,3,4,7,7,6,3,11,6,4,,7,,,11,15,15,16,10,15,15,11,12,14,7,10,8,7,14,5,4,16,16,9,9,11,6,10,4,16,14,14,8,15,13,15,11,6,10,13,15,15,13,13,,,3,8,,,11,13,11,12,11,14,15,16,12,14,12,12,7,7,7,16,16,15,14,15,15,6,15,13,,5,,,b'\x11\xe8\xe1I\xd9\xbd\xd2\x8a\x98|\x12\xdf\x17\xaeN\x1e'
11E8E149-D9BD-D28A-987C-12DF17AE4E1E,2019-ncaa-d2-natl,ncaa,145,160,118,153,166,110,150,134,179,193,188,172,82,81,122,86,58,84,67,83,51,117,151,146,122,102,51,89,60,175,200,126,207,140,204,85,26,92,75,59,137,158,59,66,,,102,61,,,168,137,112,225,91,149,115,201,215,78,72,42,78,76,93,143,174,116,138,59,92,146,59,,91,,,169,234,259,257,159,215,203,188,268,279,155,265,92,64,286,58,51,225,184,182,171,224,158,244,57,238,207,219,200,234,204,282,239,215,259,277,217,200,238,263,,,111,105,,,168,174,111,242,172,238,252,275,207,203,264,280,81,58,50,253,209,231,218,233,273,235,203,243,,104,,,b'\x11\xe8\xe1I\xd9\xbd\xd2\x8a\x98|\x12\xdf\x17\xaeN\x1e'
11E8E149-D9BD-D28A-987C-12DF17AE4E1E,2020-ncaa-d2-conf-NSIC,ncaa,10,10,9,10,12,6,8,7,5,5,7,5,11,14,8,13,3,4,1,4,6,6,6,5,4,6,11,14,1,6,5,3,5,4,3,7,10,14,12,11,10,13,4,4,,,2,2,,,9,6,2,10,2,5,4,3,4,10,12,1,3,2,4,2,4,2,3,5,14,10,4,,4,,,9,13,12,14,9,10,9,10,14,14,9,11,9,12,4,12,8,14,11,9,8,10,11,11,6,13,5,5,5,6,3,11,13,12,13,14,15,15,13,12,,,12,12,,,9,11,7,11,9,14,14,16,11,12,15,14,12,12,12,16,15,15,6,8,13,11,15,13,,8,,,b'\x11\xe8\xe1I\xd9\xbd\xd2\x8a\x98|\x12\xdf\x17\xaeN\x1e'
11E8E149-D9BD-D28A-987C-12DF17AE4E1E,2020-ncaa-d2-natl,ncaa,144,140,173,143,197,81,91,135,55,80,101,86,136,189,52,212,40,103,8,95,136,120,144,63,47,49,155,199,71,189,182,54,54,98,86,122,181,104,88,103,244,266,96,104,,,109,84,,,128,129,76,133,35,47,91,41,78,133,178,25,79,72,77,98,181,23,59,106,107,255,85,,119,,,127,249,247,230,192,210,173,206,267,259,211,234,159,160,161,160,149,217,154,209,199,259,195,237,99,114,54,132,182,126,86,237,181,267,291,287,222,216,203,173,,,152,148,,,128,169,61,250,137,263,258,267,220,195,269,274,169,167,168,266,190,128,151,141,242,281,228,215,,108,,,b'\x11\xe8\xe1I\xd9\xbd\xd2\x8a\x98|\x12\xdf\x17\xaeN\x1e'
11E8E149-D9BD-D28A-987C-12DF17AE4E1E,2021-ncaa-d2-conf-NSIC,ncaa,10,13,4,11,7,5,5,4,13,7,9,9,2,2,14,1,4,4,8,4,1,4,4,11,9,10,3,3,4,7,13,8,6,6,11,5,4,14,7,9,6,9,7,8,,,10,4,,,14,4,2,9,8,10,5,13,15,5,1,4,3,3,5,5,9,10,9,7,12,9,7,,8,,,14,15,16,13,15,15,12,15,15,14,16,13,12,10,13,10,4,13,12,16,16,16,10,13,2,9,6,12,13,11,11,15,3,6,13,12,15,13,6,5,,,5,9,,,14,13,11,15,14,15,16,14,15,11,15,12,9,7,7,13,10,8,12,9,12,9,14,5,,6,,,b'\x11\xe8\xe1I\xd9\xbd\xd2\x8a\x98|\x12\xdf\x17\xaeN\x1e'
11E8E149-D9BD-D28A-987C-12DF17AE4E1E,2021-ncaa-d2-natl,ncaa,125,156,114,144,123,108,119,119,133,129,135,91,79,75,134,48,80,96,31,95,34,118,120,113,91,90,41,67,48,142,191,116,39,126,132,96,62,103,80,77,132,162,90,100,,,95,72,,,183,111,47,121,77,112,88,138,148,61,40,29,63,62,77,89,163,90,131,70,101,151,90,,80,,,176,143,147,116,205,143,113,193,168,123,216,142,131,92,220,90,83,112,106,215,219,222,142,158,73,60,39,130,191,107,132,138,56,140,186,185,139,148,103,105,,,105,97,,,183,114,118,210,176,203,199,168,184,141,202,165,157,91,88,166,131,44,176,111,162,181,155,93,,81,,,b'\x11\xe8\xe1I\xd9\xbd\xd2\x8a\x98|\x12\xdf\x17\xaeN\x1e'
11E8E149-D9BD-D28A-987C-12DF17AE4E1E,2022-ncaa-d2-conf-NSIC,ncaa,13,13,11,14,11,12,14,15,12,14,15,11,7,7,7,3,3,4,8,4,1,14,13,9,4,9,1,2,1,14,12,13,13,15,13,15,16,14,16,16,9,8,15,14,,,14,16,,,13,12,6,8,11,15,15,15,16,3,4,2,2,2,12,8,13,14,16,16,16,8,14,,15,,,13,8,8,4,12,8,5,14,6,6,3,8,15,15,7,15,16,5,4,12,14,13,10,4,16,7,13,3,12,3,13,7,8,9,5,8,12,15,10,16,,,10,2,,,13,5,13,13,13,15,10,6,12,6,5,9,16,16,16,9,9,9,7,8,10,7,15,13,,3,,,b'\x11\xe8\xe1I\xd9\xbd\xd2\x8a\x98|\x12\xdf\x17\xaeN\x1e'
11E8E149-D9BD-D28A-987C-12DF17AE4E1E,2022-ncaa-d2-natl,ncaa,200,179,222,202,229,183,225,248,144,260,279,136,105,123,82,56,94,110,101,105,4,233,238,98,80,111,14,55,34,277,266,236,96,262,218,254,258,119,193,243,192,156,281,284,,,218,295,,,196,217,114,67,123,203,235,255,278,60,60,40,49,50,191,181,271,210,266,250,184,159,285,,277,,,194,134,122,58,249,120,45,274,126,130,123,207,198,197,146,193,270,67,71,249,262,250,189,138,228,39,96,78,266,50,218,112,130,210,163,179,151,226,216,287,,,175,67,,,196,80,158,229,202,235,203,110,198,72,178,211,252,247,243,152,141,70,157,116,162,165,214,257,,90,,,b'\x11\xe8\xe1I\xd9\xbd\xd2\x8a\x98|\x12\xdf\x17\xaeN\x1e'
11E8E149-D9BD-D28A-987C-12DF17AE4E1E,2023-ncaa-d2-conf-NSIC,ncaa,12,12,8,12,11,7,8,7,11,11,10,13,5,3,10,3,8,8,6,8,4,8,4,9,9,11,2,3,4,5,6,16,16,12,15,8,8,16,15,12,2,2,10,10,,,15,15,,,9,7,3,7,5,7,4,11,9,3,2,5,4,5,4,2,4,16,15,9,16,2,9,,15,,,9,12,11,3,15,8,4,12,15,7,16,8,15,15,2,14,15,6,11,16,16,8,14,13,13,14,16,11,6,13,15,11,11,2,2,3,16,15,12,13,,,10,11,,,9,10,9,12,11,14,12,5,9,6,15,8,15,15,14,9,15,14,12,13,13,2,16,13,,8,,,b'\x11\xe8\xe1I\xd9\xbd\xd2\x8a\x98|\x12\xdf\x17\xaeN\x1e'
11E8E149-D9BD-D28A-987C-12DF17AE4E1E,2023-ncaa-d2-natl,ncaa,169,182,148,182,164,117,134,132,152,184,179,153,68,74,84,64,104,135,58,133,104,130,119,117,103,129,51,59,124,149,171,242,224,221,243,146,165,196,177,179,37,29,207,199,,,266,281,,,174,111,37,127,72,111,73,186,174,47,50,90,119,118,77,57,141,267,245,147,205,29,209,,285,,,172,217,180,96,274,147,88,243,235,133,291,147,235,240,132,237,256,115,171,281,282,219,246,218,199,147,224,180,171,166,243,172,140,37,32,71,260,247,255,277,,,155,188,,,174,180,136,214,179,257,221,88,177,83,245,147,248,247,240,126,230,153,207,190,183,26,267,270,,123,,,b'\x11\xe8\xe1I\xd9\xbd\xd2\x8a\x98|\x12\xdf\x17\xaeN\x1e'
11E8E149-D9BD-D28A-987C-12DF17AE4E1E,2024-ncaa-d2-conf-NSIC,ncaa,14,14,13,14,13,15,15,15,8,11,10,12,15,15,13,13,12,12,8,12,12,14,15,12,10,12,13,14,8,14,14,15,13,15,14,13,10,7,12,12,8,5,8,6,,,11,13,,,13,15,12,1,13,13,14,7,7,15,15,10,10,10,13,13,14,13,15,12,11,5,7,,12,,,13,4,5,1,15,7,4,13,8,4,13,8,7,7,11,7,10,1,1,14,14,14,10,8,6,9,13,3,14,4,14,9,11,8,3,10,9,11,5,7,,,12,7,,,13,1,12,12,13,11,11,4,11,7,10,8,9,10,10,6,6,12,10,13,11,3,10,8,,10,,,b'\x11\xe8\xe1I\xd9\xbd\xd2\x8a\x98|\x12\xdf\x17\xaeN\x1e'
11E8E149-D9BD-D28A-987C-12DF17AE4E1E,2024-ncaa-d2-natl,ncaa,261,212,275,260,275,278,271,287,166,247,258,181,277,277,208,245,267,279,64,278,254,288,289,198,183,175,258,247,164,291,284,280,161,291,272,263,174,11,151,155,220,133,135,70,,,39,229,,,245,286,262,5,248,221,254,157,131,262,267,229,256,252,266,277,284,234,281,208,103,154,83,,178,,,252,31,39,16,269,50,25,257,76,40,261,145,39,31,204,34,136,16,13,268,261,263,119,166,88,25,161,45,284,29,272,72,187,268,184,233,32,179,59,141,,,276,106,,,245,14,223,255,257,198,217,104,215,117,194,124,116,107,117,99,76,103,234,187,217,200,137,149,,213,,,b'\x11\xe8\xe1I\xd9\xbd\xd2\x8a\x98|\x12\xdf\x17\xaeN\x1e'
11E8E149-D9BD-D28A-987C-12DF17AE4E1E,2025-ncaa-d2-conf-NSIC,genius_ncaa,10,10,9,10,9,10,14,12,15,13,12,15,10,10,13,8,8,8,10,8,1,10,10,14,10,12,5,7,1,13,13,11,11,11,11,10,4,6,10,8,9,9,3,3,,,7,9,,14,9,10,13,1,10,15,13,14,13,9,8,8,3,3,10,11,12,11,11,9,7,9,2,,9,,14,9,3,4,7,5,11,13,6,1,1,6,1,8,9,6,9,5,6,6,4,4,5,2,2,11,9,11,12,13,11,11,1,1,10,8,3,11,13,5,9,,,7,1,,9,9,5,12,6,9,4,6,7,12,14,2,1,10,10,10,9,6,11,14,13,1,10,12,6,,4,,8,b'\x11\xe8\xe1I\xd9\xbd\xd2\x8a\x98|\x12\xdf\x17\xaeN\x1e'
11E8E149-D9BD-D28A-987C-12DF17AE4E1E,2025-ncaa-d2-natl,genius_ncaa,174,180,162,181,165,167,187,184,174,206,204,201,105,137,68,120,103,110,115,112,59,171,207,148,132,112,50,88,71,260,273,140,113,195,232,107,44,57,88,64,245,254,22,25,,,78,77,,187,182,176,212,13,152,200,204,235,219,92,126,86,94,95,175,229,270,102,211,88,64,250,10,,77,,191,178,156,183,175,191,223,234,140,91,56,233,46,119,113,180,113,59,158,115,165,160,213,49,84,116,118,113,218,273,186,232,44,16,248,259,156,143,188,112,166,,,114,47,,212,182,124,150,198,181,170,206,209,234,267,100,56,132,129,128,192,120,135,243,210,52,255,160,126,,78,,214,b'\x11\xe8\xe1I\xd9\xbd\xd2\x8a\x98|\x12\xdf\x17\xaeN\x1e'
11E8E149-D9BD-D28A-987C-12DF17AE4E1E,2026-ncaa-d2-conf-NSIC,genius_ncaa,11,11,2,12,2,13,14,13,13,12,8,13,13,16,9,13,5,3,10,4,4,12,7,15,11,16,8,12,2,14,14,5,13,10,14,11,7,16,16,16,11,13,2,2,,,14,10,,9,16,3,7,1,16,16,16,14,10,13,15,4,2,4,15,8,14,6,13,12,16,11,2,,15,,8,16,14,13,15,11,6,7,5,16,16,16,13,13,14,9,14,14,15,14,13,13,13,15,14,8,13,13,16,14,16,14,13,14,7,11,12,16,16,2,1,,,2,2,,4,16,14,16,14,16,15,12,14,4,6,16,16,14,15,15,15,14,13,16,15,13,8,16,2,,2,,6,b'\x11\xe8\xe1I\xd9\xbd\xd2\x8a\x98|\x12\xdf\x17\xaeN\x1e'
11E8E149-D9BD-D28A-987C-12DF17AE4E1E,2026-ncaa-d2-natl,genius_ncaa,65,144,13,127,15,50,52,42,142,44,28,198,105,126,83,226,62,44,197,44,155,39,31,152,159,177,188,176,133,77,201,14,94,25,144,71,158,275,203,191,59,125,33,44,,,245,118,,158,173,24,129,17,155,146,144,130,86,170,220,129,113,114,133,104,178,59,103,154,212,126,68,,134,,122,171,252,230,268,74,165,202,80,286,292,191,269,267,230,288,231,208,271,273,127,167,138,280,262,203,237,94,273,201,269,144,253,222,42,131,149,271,206,179,94,,,18,70,,213,173,274,190,127,176,162,110,173,52,64,257,271,205,138,139,163,179,131,211,184,186,109,207,123,,54,,249,b'\x11\xe8\xe1I\xd9\xbd\xd2\x8a\x98|\x12\xdf\x17\xaeN\x1e'
11E8E149-D9C2-2362-987C-12DF17AE4E1E,2018-ncaa-d2-conf-Gulf South,ncaa,7,7,5,7,6,4,6,5,7,2,2,6,12,11,10,14,1,1,10,1,2,3,1,8,7,9,12,14,1,1,1,5,6,3,3,10,13,14,12,13,9,11,6,6,,,14,12,,,7,3,1,9,3,4,4,2,1,13,14,1,1,1,2,1,1,4,1,12,14,9,6,,14,,,7,13,10,10,8,5,9,5,14,13,14,7,14,14,9,14,14,13,13,7,10,10,14,10,14,10,6,10,1,8,3,10,9,6,9,8,14,11,13,8,,,1,1,,,7,13,8,9,7,12,9,9,6,9,14,12,13,14,14,14,13,10,6,8,8,6,13,13,,1,,,b'\x11\xe8\xe1I\xd9\xc2#b\x98|\x12\xdf\x17\xaeN\x1e'
11E8E149-D9C2-2362-987C-12DF17AE4E1E,2018-ncaa-d2-natl,ncaa,146,164,105,159,138,118,135,145,138,80,58,154,282,282,242,299,21,6,247,5,27,109,84,192,172,200,252,302,13,78,74,70,77,69,53,265,304,279,242,296,192,224,136,129,,,253,236,,,183,83,56,226,118,145,177,66,52,293,295,12,2,2,90,56,71,46,49,288,268,207,146,,259,,,181,233,149,193,105,82,112,98,261,261,212,246,286,286,97,286,295,229,215,138,172,167,301,257,266,144,77,166,74,154,53,214,230,114,150,159,235,182,189,107,,,13,11,,,183,225,191,149,181,212,128,173,68,90,259,261,277,284,284,223,219,132,134,119,190,120,219,161,,3,,,b'\x11\xe8\xe1I\xd9\xc2#b\x98|\x12\xdf\x17\xaeN\x1e'
11E8E149-D9C2-2362-987C-12DF17AE4E1E,2019-ncaa-d2-conf-Gulf South,ncaa,8,9,5,9,6,9,8,9,6,7,6,6,10,10,12,11,4,1,13,1,2,8,6,7,9,8,10,11,1,4,5,9,8,7,7,10,11,8,7,9,11,11,11,11,,,5,6,,,10,7,7,4,8,8,12,5,3,11,11,4,1,1,6,3,4,8,7,9,9,11,11,,7,,,9,11,11,10,10,6,3,10,13,13,11,13,7,4,13,4,6,8,7,10,10,11,13,13,4,8,8,9,5,7,7,11,11,8,9,12,10,9,9,8,,,2,2,,,10,7,8,11,10,10,9,8,7,1,13,13,6,5,5,8,9,8,8,8,11,9,9,8,,1,,,b'\x11\xe8\xe1I\xd9\xc2#b\x98|\x12\xdf\x17\xaeN\x1e'
11E8E149-D9C2-2362-987C-12DF17AE4E1E,2019-ncaa-d2-natl,ncaa,194,222,118,212,127,179,175,183,167,125,131,136,246,234,251,243,114,51,295,50,50,155,132,194,213,230,242,263,80,128,136,150,109,142,132,229,268,257,242,264,237,248,286,289,,,135,121,,,231,134,138,54,204,201,223,133,133,266,248,120,35,34,164,110,131,166,143,250,245,254,294,,120,,,226,206,195,160,204,128,71,237,285,279,207,289,130,92,282,98,171,149,151,248,238,226,258,282,95,101,109,174,136,147,132,259,257,134,129,211,195,171,57,45,,,63,44,,,231,158,231,207,233,201,199,140,123,46,280,280,126,88,97,132,148,102,164,129,249,141,190,50,,36,,,b'\x11\xe8\xe1I\xd9\xc2#b\x98|\x12\xdf\x17\xaeN\x1e'
11E8E149-D9C2-2362-987C-12DF17AE4E1E,2020-ncaa-d2-conf-Gulf South,ncaa,10,10,5,10,6,11,11,11,9,4,3,8,13,13,13,12,6,5,10,6,8,10,9,12,12,12,12,12,2,3,2,7,6,6,5,9,8,13,13,11,10,7,7,7,,,4,5,,,10,10,10,6,11,11,12,3,2,13,13,5,4,5,12,7,3,7,4,9,13,8,7,,4,,,10,4,5,5,7,4,4,7,8,10,8,10,4,5,5,5,8,5,4,6,6,6,9,10,6,5,6,3,2,4,5,6,9,9,8,9,1,3,6,2,,,5,3,,,10,3,10,6,10,6,6,5,5,4,9,9,3,5,5,5,4,4,3,3,7,9,3,6,,4,,,b'\x11\xe8\xe1I\xd9\xc2#b\x98|\x12\xdf\x17\xaeN\x1e'
11E8E149-D9C2-2362-987C-12DF17AE4E1E,2020-ncaa-d2-natl,ncaa,223,170,300,213,301,279,265,292,153,187,213,127,300,293,303,277,227,218,210,220,183,286,288,218,216,215,301,304,79,179,76,241,74,230,56,249,187,74,188,199,278,220,226,177,,,16,66,,,165,302,169,156,200,168,164,43,54,298,279,117,93,96,142,119,79,58,46,184,205,228,184,,58,,,173,23,25,16,111,24,19,131,103,104,128,249,35,42,101,39,150,14,10,125,109,161,211,243,112,27,74,19,76,13,56,61,171,291,227,211,22,90,24,32,,,281,196,,,165,9,200,146,180,139,140,182,114,114,219,248,116,129,125,165,120,112,117,107,159,237,96,67,,178,,,b'\x11\xe8\xe1I\xd9\xc2#b\x98|\x12\xdf\x17\xaeN\x1e'
11E8E149-D9C2-2362-987C-12DF17AE4E1E,2021-ncaa-d2-conf-Gulf South,ncaa,5,4,8,5,8,8,9,9,4,8,9,4,11,11,12,12,5,4,11,4,2,9,8,4,4,8,12,12,1,9,6,7,8,9,5,6,3,6,13,9,9,8,9,10,,,6,10,,,7,8,10,8,11,11,13,4,7,12,12,2,1,1,13,11,9,8,8,8,12,10,11,,7,,,7,6,6,6,4,4,6,4,6,6,2,12,6,6,3,6,8,6,6,3,3,5,8,8,5,7,8,2,6,6,5,6,5,8,10,7,7,12,4,4,,,6,1,,,7,6,8,6,8,3,5,5,5,2,6,10,3,3,3,7,4,9,2,4,4,11,11,4,,2,,,b'\x11\xe8\xe1I\xd9\xc2#b\x98|\x12\xdf\x17\xaeN\x1e'
11E8E149-D9C2-2362-987C-12DF17AE4E1E,2021-ncaa-d2-natl,ncaa,72,112,82,83,93,114,116,135,60,88,111,49,173,174,188,211,40,29,158,25,6,122,111,92,79,128,182,221,6,116,104,92,124,105,78,96,63,173,203,156,104,129,158,187,,,138,166,,,133,106,191,121,165,181,225,102,149,219,219,24,14,12,212,197,157,130,156,126,178,146,200,,112,,,126,118,114,122,67,109,102,120,130,166,27,196,141,145,68,140,174,121,120,68,74,89,156,132,151,146,124,100,104,110,78,120,93,117,147,111,175,193,56,29,,,63,9,,,133,120,139,103,128,54,55,60,55,27,103,171,109,117,114,67,46,120,17,36,62,177,170,18,,38,,,b'\x11\xe8\xe1I\xd9\xc2#b\x98|\x12\xdf\x17\xaeN\x1e'
11E8E149-D9C2-2362-987C-12DF17AE4E1E,2022-ncaa-d2-conf-Gulf South,ncaa,8,6,7,8,9,10,10,12,4,6,7,4,13,13,13,11,9,9,5,9,7,11,10,4,4,5,13,13,3,11,8,10,5,10,5,6,3,9,13,8,12,12,10,8,,,4,7,,,8,10,13,4,11,10,13,3,7,13,13,6,7,7,13,12,11,9,10,5,9,12,9,,6,,,8,4,2,2,8,1,2,5,12,7,12,9,6,6,6,6,8,3,2,9,9,11,13,12,8,5,5,1,8,2,5,7,12,12,9,11,6,10,4,5,,,9,1,,,8,4,7,8,8,5,6,4,4,3,11,9,7,7,7,5,3,5,1,3,9,11,7,5,,6,,,b'\x11\xe8\xe1I\xd9\xc2#b\x98|\x12\xdf\x17\xaeN\x1e'
11E8E149-D9C2-2362-987C-12DF17AE4E1E,2022-ncaa-d2-natl,ncaa,150,139,196,152,214,193,202,268,36,148,233,29,270,264,226,255,90,93,128,95,20,253,255,68,52,91,243,280,19,256,198,196,90,233,102,135,47,113,211,119,230,200,243,228,,,77,184,,,184,244,272,153,189,200,296,106,227,277,276,55,58,58,283,283,261,176,239,100,140,231,245,,118,,,181,103,88,63,200,44,44,151,230,149,287,230,115,120,149,122,219,62,51,235,229,246,281,274,160,53,90,34,198,30,102,158,225,250,225,254,105,197,18,18,,,138,12,,,184,61,120,240,181,147,122,53,50,44,261,197,154,153,159,65,31,74,23,23,178,254,134,13,,80,,,b'\x11\xe8\xe1I\xd9\xc2#b\x98|\x12\xdf\x17\xaeN\x1e'
11E8E149-D9C2-2362-987C-12DF17AE4E1E,2023-ncaa-d2-conf-Gulf South,ncaa,8,8,5,8,7,8,7,8,5,3,1,6,12,12,10,12,13,12,13,12,12,8,10,5,10,9,12,12,12,11,8,4,2,5,4,5,2,3,6,3,8,8,4,4,,,5,6,,,6,10,9,11,8,6,7,2,1,12,12,13,12,12,8,10,8,2,3,3,4,8,3,,5,,,6,4,5,3,7,5,5,4,6,4,9,6,6,7,1,7,7,4,4,6,7,7,8,9,8,2,2,8,8,4,4,6,11,8,7,9,7,8,2,2,,,12,12,,,6,5,7,6,6,6,6,4,6,6,7,5,7,7,7,4,4,2,8,5,6,9,7,2,,13,,,b'\x11\xe8\xe1I\xd9\xc2#b\x98|\x12\xdf\x17\xaeN\x1e'
11E8E149-D9C2-2362-987C-12DF17AE4E1E,2023-ncaa-d2-natl,ncaa,169,162,197,172,225,221,186,229,73,121,146,97,260,270,182,258,269,257,249,256,267,242,261,115,149,150,282,251,256,221,157,188,32,207,77,108,37,47,136,56,245,216,165,114,,,67,173,,,161,260,258,208,223,144,231,60,88,256,272,268,248,247,250,267,205,142,183,56,93,240,153,,99,,,160,53,44,37,160,48,41,126,112,86,238,144,108,122,51,120,211,39,37,176,169,179,216,200,172,15,32,51,157,23,77,82,202,232,172,177,56,148,4,3,,,274,254,,,161,45,150,148,147,90,75,35,58,51,156,106,138,161,159,33,25,21,71,36,125,218,101,4,,277,,,b'\x11\xe8\xe1I\xd9\xc2#b\x98|\x12\xdf\x17\xaeN\x1e'
11E8E149-D9C2-2362-987C-12DF17AE4E1E,2024-ncaa-d2-conf-Gulf South,ncaa,11,11,7,11,7,12,10,9,12,8,4,10,13,13,13,13,13,10,12,10,12,9,9,12,12,12,13,13,6,9,10,6,3,8,9,8,7,9,10,9,13,13,8,8,,,7,10,,,11,10,8,1,12,10,9,7,2,13,13,13,10,10,9,7,9,3,6,8,9,13,8,,8,,,11,6,6,5,9,8,7,10,2,2,6,4,7,9,3,7,9,3,3,10,10,11,4,4,8,2,3,10,10,7,9,6,3,10,10,8,13,13,3,2,,,11,11,,,11,4,12,8,11,9,8,6,11,8,5,5,10,10,10,5,5,2,11,10,6,10,13,5,,10,,,b'\x11\xe8\xe1I\xd9\xc2#b\x98|\x12\xdf\x17\xaeN\x1e'
11E8E149-D9C2-2362-987C-12DF17AE4E1E,2024-ncaa-d2-natl,ncaa,245,274,117,261,122,239,226,221,235,186,135,234,264,257,243,256,201,143,274,145,169,213,197,249,252,251,249,258,101,201,227,145,54,172,178,171,61,201,232,193,274,282,211,212,,,179,232,,,268,194,253,28,278,275,273,205,146,280,274,220,152,155,267,242,216,165,202,187,185,287,224,,166,,,258,167,176,112,236,187,124,258,130,143,110,164,154,175,60,173,192,123,87,229,215,241,106,123,134,41,54,206,227,142,178,98,59,225,226,199,239,257,103,92,,,185,141,,,268,104,262,223,261,162,172,75,185,84,128,139,141,162,157,95,44,31,206,122,91,252,219,86,,216,,,b'\x11\xe8\xe1I\xd9\xc2#b\x98|\x12\xdf\x17\xaeN\x1e'
11E8E149-D9C2-2362-987C-12DF17AE4E1E,2025-ncaa-d2-conf-Gulf South,genius_ncaa,11,11,9,11,11,9,8,10,7,7,2,8,12,12,12,11,6,4,8,4,7,8,8,8,8,9,10,11,3,7,8,8,5,8,8,6,3,10,11,6,9,9,5,5,,,7,8,,4,10,6,2,10,6,7,5,3,2,11,11,3,2,2,4,3,6,7,4,6,11,9,5,,11,,6,10,9,10,6,12,12,10,12,5,2,10,2,9,7,8,7,6,8,7,11,11,11,2,2,8,5,5,7,8,6,8,10,10,9,9,9,11,11,12,12,,,5,3,,6,10,7,9,11,10,11,12,9,12,12,6,3,10,10,10,11,10,6,9,7,10,9,12,12,,1,,6,b'\x11\xe8\xe1I\xd9\xc2#b\x98|\x12\xdf\x17\xaeN\x1e'
11E8E149-D9C2-2362-987C-12DF17AE4E1E,2025-ncaa-d2-natl,genius_ncaa,273,281,207,283,213,200,200,214,176,166,157,187,237,240,209,234,155,144,191,146,123,200,181,202,191,216,219,239,81,183,186,217,169,214,193,164,98,220,250,204,196,189,184,199,,,168,213,,85,262,178,85,126,198,196,183,128,104,238,232,113,98,101,164,98,159,188,197,136,245,174,173,,218,,114,255,202,211,128,271,244,177,254,106,76,225,70,190,176,191,174,152,126,110,257,264,264,59,78,160,115,169,123,186,109,193,199,157,209,203,234,274,285,242,253,,,156,116,,158,262,120,220,257,259,256,265,213,278,252,141,94,215,208,209,224,191,158,187,165,238,186,280,263,,91,,143,b'\x11\xe8\xe1I\xd9\xc2#b\x98|\x12\xdf\x17\xaeN\x1e'
11E8E149-D9C2-2362-987C-12DF17AE4E1E,2026-ncaa-d2-conf-Gulf South,genius_ncaa,6,9,1,9,1,5,6,5,8,5,3,10,4,8,3,9,2,2,9,1,1,2,2,8,8,9,5,5,2,3,6,6,8,6,8,6,5,12,11,10,3,5,2,8,,,7,2,,9,9,1,3,1,7,9,8,8,5,4,9,3,2,1,4,3,5,9,8,8,11,4,4,,3,,8,9,11,12,11,11,12,12,9,5,7,5,4,6,5,7,5,1,11,11,9,9,7,2,4,2,11,8,11,6,11,8,9,3,3,8,8,12,10,11,11,,,1,4,,5,9,11,8,7,9,9,12,10,11,12,4,4,4,3,2,10,9,9,9,8,8,5,11,11,,1,,6,b'\x11\xe8\xe1I\xd9\xc2#b\x98|\x12\xdf\x17\xaeN\x1e'
11E8E149-D9C2-2362-987C-12DF17AE4E1E,2026-ncaa-d2-natl,genius_ncaa,157,98,221,135,233,217,209,253,39,192,229,76,197,242,55,212,172,148,238,154,63,245,232,51,66,121,179,178,116,199,79,202,167,212,73,213,194,150,258,216,181,132,203,227,,,29,19,,85,158,235,60,88,91,91,200,82,137,146,217,88,49,51,153,77,126,57,67,148,261,107,168,,46,,126,158,91,129,97,200,188,165,201,29,39,59,33,46,59,34,55,31,87,71,162,118,159,6,31,46,111,167,29,79,51,73,65,31,241,240,176,155,235,105,159,,,228,183,,232,158,63,122,170,156,216,271,271,284,287,52,79,75,118,108,269,236,218,41,112,132,206,240,168,,148,,215,b'\x11\xe8\xe1I\xd9\xc2#b\x98|\x12\xdf\x17\xaeN\x1e'
11E8E149-D9C6-780E-987C-12DF17AE4E1E,2018-ncaa-d2-conf-PSAC,ncaa,4,3,7,3,8,3,3,6,1,5,6,1,4,3,5,7,4,6,6,6,8,6,7,1,1,1,10,8,14,7,7,9,15,9,11,3,10,3,4,4,4,5,14,14,,,12,8,,,3,7,2,6,1,1,2,1,6,2,4,4,4,4,2,3,7,13,9,2,4,4,13,,13,,,3,14,16,13,14,14,14,14,10,9,14,5,7,11,1,12,9,13,12,14,11,7,4,9,3,15,15,6,7,9,11,15,11,5,4,6,2,4,1,1,,,5,7,,,3,12,1,8,3,14,15,13,15,15,10,10,5,12,12,13,17,15,7,9,15,3,4,1,,3,,,b'\x11\xe8\xe1I\xd9\xc6x\x0e\x98|\x12\xdf\x17\xaeN\x1e'
11E8E149-D9C6-780E-987C-12DF17AE4E1E,2018-ncaa-d2-natl,ncaa,57,30,148,38,188,43,32,84,11,31,104,6,88,90,126,129,98,95,131,94,132,84,113,15,18,13,228,180,232,146,125,189,233,173,188,41,111,52,30,19,36,35,189,201,,,184,126,,,55,106,34,226,5,4,24,6,77,79,75,75,76,73,22,57,130,208,169,14,58,24,190,,207,,,53,238,261,190,266,262,200,263,194,160,226,125,128,207,5,208,179,195,214,263,227,182,81,137,78,217,233,116,125,160,188,251,183,63,72,148,55,41,9,4,,,103,129,,,55,211,13,189,55,253,272,227,271,221,198,174,138,223,227,240,265,226,127,172,251,47,65,7,,67,,,b'\x11\xe8\xe1I\xd9\xc6x\x0e\x98|\x12\xdf\x17\xaeN\x1e'
11E8E149-D9C6-780E-987C-12DF17AE4E1E,2019-ncaa-d2-conf-PSAC,ncaa,7,7,10,7,11,10,6,7,7,5,6,6,10,12,11,12,14,13,15,13,13,8,10,8,10,9,13,11,15,7,5,11,16,12,11,8,9,5,7,4,7,5,15,13,,,5,4,,,8,12,10,17,9,6,7,3,8,10,11,14,12,12,8,9,5,10,9,6,8,5,13,,8,,,8,6,9,10,11,8,7,15,9,16,2,18,4,3,11,3,4,9,8,11,11,7,8,12,6,13,16,7,5,9,11,16,17,8,7,9,5,5,2,2,,,15,14,,,8,8,8,11,7,7,10,10,10,6,12,15,5,4,3,10,10,15,8,12,14,7,5,2,,14,,,b'\x11\xe8\xe1I\xd9\xc6x\x0e\x98|\x12\xdf\x17\xaeN\x1e'
11E8E149-D9C6-780E-987C-12DF17AE4E1E,2019-ncaa-d2-natl,ncaa,110,123,76,118,112,86,70,84,74,44,55,71,201,176,222,234,143,117,239,121,230,82,90,118,139,126,281,258,220,96,110,129,197,108,150,67,105,161,104,84,74,98,235,264,,,160,98,,,137,95,122,271,96,64,88,30,61,231,217,182,143,147,89,115,105,172,131,63,125,86,256,,112,,,138,234,269,232,208,279,220,259,123,208,31,168,157,155,178,155,102,217,220,191,180,185,44,69,101,224,197,200,110,218,150,280,225,114,146,208,154,106,22,6,,,173,257,,,137,217,110,190,135,194,231,197,256,190,103,178,120,114,113,176,187,194,146,167,247,139,115,14,,227,,,b'\x11\xe8\xe1I\xd9\xc6x\x0e\x98|\x12\xdf\x17\xaeN\x1e'
11E8E149-D9C6-780E-987C-12DF17AE4E1E,2020-ncaa-d2-conf-PSAC,ncaa,14,13,13,14,13,14,12,14,8,7,4,12,16,17,10,16,15,16,5,17,17,16,16,13,13,11,17,15,11,12,9,17,16,17,14,8,6,5,7,5,5,2,13,13,,,7,10,,,11,16,11,4,12,8,8,4,2,16,17,11,14,15,10,11,9,16,16,5,6,2,13,,11,,,11,6,4,2,11,3,1,14,11,11,8,16,8,9,10,9,17,2,4,12,13,9,17,16,9,10,16,5,9,6,14,7,12,5,2,5,5,9,1,1,,,14,11,,,11,3,11,10,10,8,8,6,4,2,16,14,10,12,12,7,11,12,11,10,10,2,10,1,,10,,,b'\x11\xe8\xe1I\xd9\xc6x\x0e\x98|\x12\xdf\x17\xaeN\x1e'
11E8E149-D9C6-780E-987C-12DF17AE4E1E,2020-ncaa-d2-natl,ncaa,211,220,173,217,188,180,159,171,132,93,77,158,261,270,222,274,176,197,86,209,279,178,201,188,179,152,285,274,147,146,149,249,271,227,239,114,81,79,94,80,84,70,202,181,,,176,182,,,174,214,207,81,175,141,145,59,44,270,273,149,193,200,157,198,138,264,235,101,81,74,201,,180,,,172,150,138,98,197,135,82,239,143,176,102,208,194,182,181,188,231,105,139,199,206,159,176,147,200,232,271,135,149,175,239,131,129,95,74,89,93,124,15,7,,,170,118,,,174,107,151,177,164,159,148,104,143,76,157,188,207,193,197,113,172,244,152,204,138,79,105,13,,153,,,b'\x11\xe8\xe1I\xd9\xc6x\x0e\x98|\x12\xdf\x17\xaeN\x1e'
11E8E149-D9C6-780E-987C-12DF17AE4E1E,2022-ncaa-d2-conf-PSAC,ncaa,12,12,12,12,15,13,13,4,17,13,3,17,12,14,11,15,13,15,7,15,17,8,12,16,16,13,12,11,11,4,10,11,9,9,11,14,12,1,2,7,8,8,17,17,,,8,11,,,13,16,5,9,11,8,1,10,1,12,12,13,14,14,1,3,3,7,3,12,2,7,17,,12,,,13,13,12,6,14,10,3,15,15,12,13,15,7,9,2,9,13,7,4,16,13,17,15,13,8,5,9,16,10,14,11,13,13,14,13,15,5,4,5,4,,,16,17,,,13,7,12,17,13,17,17,14,12,8,16,16,12,12,12,15,13,10,18,17,15,11,7,8,,15,,,b'\x11\xe8\xe1I\xd9\xc6x\x0e\x98|\x12\xdf\x17\xaeN\x1e'
11E8E149-D9C6-780E-987C-12DF17AE4E1E,2022-ncaa-d2-natl,ncaa,200,241,106,218,123,171,147,79,252,140,59,263,167,158,185,197,212,227,108,221,287,95,114,247,252,216,202,158,225,94,171,105,175,95,208,148,156,112,81,135,83,102,204,222,,,153,116,,,230,126,139,154,218,183,65,166,54,185,177,246,255,253,98,139,98,117,89,175,90,92,212,,132,,,223,206,208,207,172,201,179,200,193,225,100,199,147,157,111,154,146,204,196,168,157,178,134,165,106,227,175,264,171,250,208,244,223,136,167,215,191,169,92,45,,,227,284,,,230,184,211,182,215,187,196,204,190,152,174,214,133,141,142,200,186,199,273,255,234,161,163,80,,280,,,b'\x11\xe8\xe1I\xd9\xc6x\x0e\x98|\x12\xdf\x17\xaeN\x1e'
11E8E149-D9C6-780E-987C-12DF17AE4E1E,2023-ncaa-d2-conf-PSAC,ncaa,2,2,3,2,3,3,2,3,2,1,2,4,15,16,7,17,4,5,2,5,14,4,5,6,4,3,16,17,9,3,2,1,1,1,1,2,7,3,3,1,5,5,13,12,,,8,5,,,3,5,11,8,4,2,5,1,1,16,17,4,6,6,4,9,5,1,1,2,1,6,14,,2,,,3,9,8,14,4,4,6,6,16,17,7,16,5,6,3,6,8,14,13,7,4,6,15,16,6,1,1,7,2,4,1,10,13,11,14,14,6,4,7,4,,,7,13,,,3,13,2,4,3,4,5,8,2,1,12,15,2,3,3,6,3,1,4,2,10,14,4,7,,11,,,b'\x11\xe8\xe1I\xd9\xc6x\x0e\x98|\x12\xdf\x17\xaeN\x1e'
11E8E149-D9C6-780E-987C-12DF17AE4E1E,2023-ncaa-d2-natl,ncaa,28,55,8,49,14,13,10,14,23,3,3,41,183,210,118,280,15,35,23,36,245,13,14,57,40,38,283,278,148,20,36,8,70,6,10,10,89,223,67,34,45,125,71,99,,,235,73,,,37,18,121,208,31,18,56,6,12,253,276,68,123,124,61,93,58,28,26,21,96,130,127,,79,,,42,282,277,286,107,232,244,122,293,296,162,277,165,171,63,172,115,286,280,141,119,136,257,278,54,245,70,223,36,242,10,283,214,58,162,178,227,96,167,22,,,39,204,,,37,282,28,122,43,126,150,202,74,68,259,279,60,68,69,169,151,125,37,60,182,167,113,71,,169,,,b'\x11\xe8\xe1I\xd9\xc6x\x0e\x98|\x12\xdf\x17\xaeN\x1e'
11E8E149-D9C6-780E-987C-12DF17AE4E1E,2024-ncaa-d2-conf-PSAC,ncaa,3,3,4,3,4,3,2,4,1,2,4,1,12,9,10,13,4,7,2,6,16,5,7,4,3,2,15,13,14,4,4,3,1,4,1,1,3,2,1,1,2,1,9,8,,,8,8,,,2,8,13,7,3,1,2,1,4,12,11,6,8,8,3,8,5,2,4,1,1,1,11,,7,,,2,3,1,5,4,1,1,5,17,18,7,18,4,5,3,5,16,6,8,5,5,4,18,18,10,2,1,3,4,2,1,10,18,4,2,6,6,6,3,1,,,8,12,,,2,11,2,3,2,3,2,2,1,1,16,18,4,4,4,1,3,2,1,1,11,5,6,3,,11,,,b'\x11\xe8\xe1I\xd9\xc6x\x0e\x98|\x12\xdf\x17\xaeN\x1e'
11E8E149-D9C6-780E-987C-12DF17AE4E1E,2024-ncaa-d2-natl,ncaa,23,31,26,27,39,34,24,33,38,11,18,31,187,149,227,240,28,52,20,49,200,32,48,82,61,39,273,274,109,27,33,30,24,20,10,22,56,78,14,12,32,39,100,69,,,190,134,,,9,59,229,185,48,32,70,10,46,234,222,52,106,102,73,143,57,58,38,28,22,60,136,,85,,,9,85,63,176,18,47,84,69,172,265,11,273,191,190,158,187,230,177,213,32,42,22,258,210,232,106,24,169,33,145,10,180,268,52,61,79,118,51,114,26,,,64,137,,,9,235,20,18,9,12,7,16,9,10,96,221,108,104,102,15,43,30,45,29,89,104,56,50,,146,,,b'\x11\xe8\xe1I\xd9\xc6x\x0e\x98|\x12\xdf\x17\xaeN\x1e'
11E8E149-D9C6-780E-987C-12DF17AE4E1E,2025-ncaa-d2-conf-PSAC,genius_ncaa,7,8,2,8,3,6,6,4,11,4,3,8,13,11,15,12,4,5,2,5,8,5,6,12,8,8,13,14,4,8,12,6,5,6,8,2,1,4,2,1,4,3,14,13,,,13,9,,2,10,5,8,9,9,9,9,7,7,15,12,5,6,7,6,11,12,7,10,2,3,4,14,,9,,2,10,14,5,11,4,1,3,2,17,17,14,17,16,15,12,15,17,11,13,6,8,8,17,17,14,9,5,14,12,11,8,15,17,5,9,11,12,9,9,6,,,6,8,,7,10,13,9,9,10,8,3,5,1,1,17,17,14,12,12,6,8,5,12,9,12,6,9,8,,8,,11,b'\x11\xe8\xe1I\xd9\xc6x\x0e\x98|\x12\xdf\x17\xaeN\x1e'
11E8E149-D9C6-780E-987C-12DF17AE4E1E,2025-ncaa-d2-natl,genius_ncaa,121,159,43,139,50,85,81,61,135,36,28,138,246,225,274,271,31,59,20,59,182,60,56,198,159,148,272,282,46,90,145,69,127,69,137,47,31,201,137,74,38,63,188,184,,,254,195,,36,142,58,149,48,126,123,127,45,47,281,271,44,96,98,107,120,125,112,115,56,146,64,219,,192,,26,142,236,151,213,69,66,118,64,285,280,221,261,281,261,279,261,274,234,248,123,163,137,300,274,248,204,127,250,145,244,137,259,274,56,92,144,280,248,223,110,,,89,157,,129,142,247,145,142,139,139,70,99,18,27,258,258,249,218,218,124,170,144,169,155,209,89,234,182,,148,,157,b'\x11\xe8\xe1I\xd9\xc6x\x0e\x98|\x12\xdf\x17\xaeN\x1e'
11E8E149-D9C6-780E-987C-12DF17AE4E1E,2026-ncaa-d2-conf-PSAC,genius_ncaa,1,1,1,1,1,1,1,2,1,1,1,1,10,5,13,15,2,4,9,4,10,2,2,1,1,1,16,14,10,3,11,1,9,1,7,1,7,16,12,5,1,5,1,5,,,13,3,,8,1,1,10,1,6,4,14,1,8,14,16,10,9,9,14,15,12,3,6,2,9,4,2,,3,,2,2,15,15,16,2,15,16,2,14,16,5,9,12,12,7,11,4,16,16,2,2,3,6,11,6,16,9,15,11,15,7,14,5,2,13,4,14,10,4,1,,,2,11,,7,1,16,1,4,2,3,5,12,4,13,5,10,5,5,5,10,9,14,2,8,2,12,6,1,,12,,9,b'\x11\xe8\xe1I\xd9\xc6x\x0e\x98|\x12\xdf\x17\xaeN\x1e'
11E8E149-D9C6-780E-987C-12DF17AE4E1E,2026-ncaa-d2-natl,genius_ncaa,107,13,268,47,271,265,241,278,15,178,257,7,284,282,269,246,288,291,188,293,289,284,284,46,69,95,296,281,279,269,136,221,137,249,53,153,23,32,200,44,174,46,113,54,,,7,10,,2,53,279,174,88,118,36,155,8,63,273,253,272,272,279,212,194,186,4,20,10,172,45,36,,16,,6,25,8,14,36,4,20,44,13,15,48,4,164,4,2,209,2,3,27,22,3,1,4,32,106,39,82,137,9,136,20,53,18,160,278,188,114,68,251,14,19,,,283,239,,232,53,20,109,7,19,11,40,264,78,250,42,184,10,4,5,202,184,252,45,153,82,178,233,34,,249,,176,b'\x11\xe8\xe1I\xd9\xc6x\x0e\x98|\x12\xdf\x17\xaeN\x1e'
11E8E149-D9CA-E0F6-987C-12DF17AE4E1E,2018-ncaa-d2-conf-Gulf South,ncaa,5,6,3,6,3,6,4,3,9,4,1,11,8,10,3,11,6,6,7,6,11,4,4,7,9,7,11,10,8,2,4,2,2,2,2,3,4,8,3,3,10,10,4,5,,,8,7,,,6,5,9,6,7,6,6,5,3,10,10,7,8,8,6,7,4,3,4,5,3,10,5,,7,,,6,11,11,12,6,7,10,7,11,14,6,13,4,4,8,4,4,10,10,6,5,6,8,11,4,4,2,12,4,9,2,6,5,9,11,9,9,5,14,10,,,6,8,,,6,10,5,4,6,6,6,8,5,6,9,11,4,4,4,7,6,2,8,4,5,10,6,14,,8,,,b'\x11\xe8\xe1I\xd9\xca\xe0\xf6\x98|\x12\xdf\x17\xaeN\x1e'
11E8E149-D9CA-E0F6-987C-12DF17AE4E1E,2018-ncaa-d2-natl,ncaa,78,112,41,98,47,91,99,69,172,76,36,215,161,202,85,270,51,24,240,23,102,49,52,191,189,160,195,226,70,64,121,15,9,23,23,69,81,196,96,100,186,227,73,80,,,224,164,,,75,52,136,105,132,141,127,107,61,209,255,76,48,46,92,114,92,11,17,92,111,232,93,,148,,,80,174,157,252,34,125,213,53,209,270,46,242,168,175,114,176,143,248,230,41,31,57,211,217,157,85,9,257,121,208,23,105,72,126,185,97,194,118,240,151,,,39,84,,,75,260,154,35,81,67,59,166,57,107,156,226,101,102,104,150,132,33,191,110,51,191,120,208,,72,,,b'\x11\xe8\xe1I\xd9\xca\xe0\xf6\x98|\x12\xdf\x17\xaeN\x1e'
11E8E149-D9CA-E0F6-987C-12DF17AE4E1E,2019-ncaa-d2-conf-Gulf South,ncaa,3,2,5,3,8,4,4,7,3,4,9,2,5,5,4,7,7,8,3,7,7,9,7,4,3,4,6,7,10,5,4,1,1,2,1,2,1,8,10,2,10,10,12,12,,,4,4,,,3,8,8,9,4,3,7,4,8,5,7,7,8,8,9,5,5,1,1,1,9,8,12,,3,,,3,2,6,11,2,10,10,6,1,7,1,6,1,1,1,1,1,7,4,2,1,2,1,2,2,1,1,1,4,1,1,1,1,12,11,5,8,7,5,5,,,11,9,,,3,6,4,2,3,2,5,10,8,10,2,6,1,1,1,7,5,1,2,1,2,12,7,5,,11,,,b'\x11\xe8\xe1I\xd9\xca\xe0\xf6\x98|\x12\xdf\x17\xaeN\x1e'
11E8E149-D9CA-E0F6-987C-12DF17AE4E1E,2019-ncaa-d2-natl,ncaa,31,27,46,29,71,50,50,108,23,58,139,20,75,94,46,126,69,76,125,74,79,101,78,23,23,51,141,131,168,148,133,7,2,25,3,21,15,252,206,61,161,206,296,307,,,126,70,,,33,64,130,276,55,63,208,94,224,96,135,95,114,115,194,173,195,2,22,18,198,215,307,,46,,,26,113,161,268,28,179,240,75,111,258,4,217,36,64,33,61,34,240,208,23,14,34,62,128,54,40,2,124,133,74,3,42,15,200,255,105,200,138,63,52,,,110,180,,,33,252,56,23,27,38,74,205,112,165,72,217,21,34,34,142,91,13,44,18,25,263,134,37,,180,,,b'\x11\xe8\xe1I\xd9\xca\xe0\xf6\x98|\x12\xdf\x17\xaeN\x1e'
11E8E149-D9CA-E0F6-987C-12DF17AE4E1E,2020-ncaa-d2-conf-Gulf South,ncaa,12,12,11,12,12,13,12,10,13,12,8,13,11,10,11,9,13,13,13,13,13,11,11,13,13,13,11,10,13,2,3,5,1,4,4,8,1,6,11,8,13,13,10,9,,,3,11,,,12,12,12,8,13,12,5,11,6,11,9,13,13,13,10,8,2,3,2,6,10,13,10,,6,,,12,2,2,2,6,2,1,8,8,8,9,13,3,2,9,3,10,1,1,8,7,10,13,12,7,1,1,7,3,2,4,4,5,12,10,8,8,11,10,11,,,12,12,,,12,2,13,7,12,5,5,3,3,2,12,12,6,4,4,2,1,2,10,4,4,11,12,12,,12,,,b'\x11\xe8\xe1I\xd9\xca\xe0\xf6\x98|\x12\xdf\x17\xaeN\x1e'
11E8E149-D9CA-E0F6-987C-12DF17AE4E1E,2020-ncaa-d2-natl,ncaa,243,254,173,250,220,264,239,144,286,208,130,271,243,157,300,157,286,263,265,262,290,174,168,290,298,286,257,211,247,49,69,83,3,54,37,160,48,168,173,168,285,284,281,270,,,83,154,,,253,220,210,296,282,259,107,217,113,252,149,295,276,276,147,139,37,42,24,161,178,295,283,,91,,,248,109,107,88,166,70,38,214,237,250,143,293,120,119,143,120,220,86,62,190,181,220,266,269,139,12,3,212,69,102,37,70,61,253,230,165,188,178,203,195,,,255,279,,,253,95,270,164,253,126,114,92,76,26,245,266,128,132,136,80,35,6,242,108,71,268,190,215,,272,,,b'\x11\xe8\xe1I\xd9\xca\xe0\xf6\x98|\x12\xdf\x17\xaeN\x1e'
11E8E149-D9CA-E0F6-987C-12DF17AE4E1E,2021-ncaa-d2-conf-Gulf South,ncaa,6,9,6,6,6,7,7,7,11,9,8,11,5,4,9,4,7,6,12,6,4,7,7,10,11,10,2,5,5,2,1,5,1,5,2,5,4,8,8,8,4,4,13,13,,,9,7,,,8,7,5,8,7,9,3,11,8,4,2,5,4,4,3,4,1,3,1,7,9,4,13,,6,,,8,8,8,7,6,8,7,6,7,7,7,10,9,8,9,8,9,7,7,9,9,8,9,9,6,5,1,8,1,7,2,8,4,7,5,5,11,11,11,11,,,7,9,,,8,7,9,5,7,8,7,6,6,3,10,8,7,6,5,8,6,1,6,5,5,8,12,10,,5,,,b'\x11\xe8\xe1I\xd9\xca\xe0\xf6\x98|\x12\xdf\x17\xaeN\x1e'
11E8E149-D9CA-E0F6-987C-12DF17AE4E1E,2021-ncaa-d2-natl,ncaa,83,156,68,117,74,90,101,71,190,120,102,177,48,27,168,37,51,35,166,35,19,65,62,182,178,168,21,50,47,13,22,57,34,31,20,78,66,182,130,139,53,58,196,221,,,156,132,,,141,77,102,121,138,176,87,186,170,66,28,67,37,39,71,64,21,85,26,122,150,70,222,,108,,,129,145,138,138,114,131,122,134,164,176,91,186,165,166,138,168,178,146,145,124,136,122,171,150,154,93,34,151,22,135,20,140,81,62,91,80,202,173,144,130,,,66,128,,,141,154,142,90,125,100,79,68,70,41,143,161,140,129,133,80,87,37,102,56,68,103,187,106,,85,,,b'\x11\xe8\xe1I\xd9\xca\xe0\xf6\x98|\x12\xdf\x17\xaeN\x1e'
11E8E149-D9CA-E0F6-987C-12DF17AE4E1E,2022-ncaa-d2-conf-Gulf South,ncaa,4,3,7,4,10,8,9,9,9,10,12,6,6,6,9,4,8,6,10,5,1,9,9,7,7,6,4,6,5,5,4,4,3,6,3,4,1,3,5,2,13,13,9,10,,,5,6,,,5,9,9,8,6,8,6,11,11,6,3,5,4,3,5,5,4,1,3,2,5,13,7,,7,,,5,4,8,5,6,8,7,8,2,5,6,7,2,4,1,4,4,6,4,6,5,6,3,7,3,4,3,5,4,5,3,4,3,13,13,9,2,4,10,11,,,8,4,,,5,5,6,6,5,5,7,9,9,7,4,7,4,5,5,7,5,3,7,6,5,13,3,10,,4,,,b'\x11\xe8\xe1I\xd9\xca\xe0\xf6\x98|\x12\xdf\x17\xaeN\x1e'
11E8E149-D9CA-E0F6-987C-12DF17AE4E1E,2022-ncaa-d2-natl,ncaa,78,48,196,62,216,156,181,217,112,208,252,73,113,106,132,76,102,75,235,77,6,199,218,90,96,88,55,91,70,141,89,125,28,130,36,83,11,54,91,41,272,263,242,236,,,94,183,,,107,228,225,224,106,161,203,204,257,81,68,64,37,36,155,206,109,48,64,39,77,273,242,,130,,,103,85,99,89,158,100,85,185,124,133,106,198,93,123,31,122,176,87,64,159,141,204,156,176,117,34,28,67,89,43,36,51,63,271,262,211,30,50,80,163,,,138,41,,,107,74,66,173,96,126,141,119,130,95,152,181,112,155,159,124,49,41,90,56,84,274,37,105,,80,,,b'\x11\xe8\xe1I\xd9\xca\xe0\xf6\x98|\x12\xdf\x17\xaeN\x1e'
11E8E149-D9CA-E0F6-987C-12DF17AE4E1E,2023-ncaa-d2-conf-Gulf South,ncaa,3,3,4,3,4,3,3,3,4,2,2,4,4,4,5,8,3,3,11,3,5,3,2,4,4,4,7,8,8,1,1,1,3,1,1,1,1,6,4,2,7,7,5,6,,,4,3,,,3,6,6,5,3,3,3,4,5,4,6,4,2,2,3,3,1,1,1,1,5,7,6,,3,,,3,3,3,13,1,2,10,1,11,13,3,12,4,4,5,4,3,13,9,1,1,4,12,13,4,7,3,2,1,5,1,5,9,9,11,7,1,1,3,3,,,4,6,,,3,9,3,4,3,5,5,10,4,7,10,11,5,5,5,10,8,7,3,3,5,11,1,3,,4,,,b'\x11\xe8\xe1I\xd9\xca\xe0\xf6\x98|\x12\xdf\x17\xaeN\x1e'
11E8E149-D9CA-E0F6-987C-12DF17AE4E1E,2023-ncaa-d2-natl,ncaa,42,29,68,35,92,76,84,105,81,83,117,61,99,94,132,125,80,56,204,50,56,86,84,78,89,84,137,148,121,29,12,22,28,19,3,37,14,159,118,46,175,196,159,153,,,119,91,,,42,126,231,156,84,96,136,103,172,112,105,99,69,64,116,139,32,7,6,25,123,216,180,,67,,,41,97,90,212,18,58,127,33,222,273,58,267,117,101,171,99,126,195,159,37,31,73,265,256,137,124,28,79,12,87,3,116,168,217,245,187,39,29,40,32,,,84,97,,,42,176,45,69,37,45,42,165,15,60,197,256,81,74,72,135,61,86,27,35,91,257,35,28,,104,,,b'\x11\xe8\xe1I\xd9\xca\xe0\xf6\x98|\x12\xdf\x17\xaeN\x1e'
11E8E149-D9CA-E0F6-987C-12DF17AE4E1E,2024-ncaa-d2-conf-Gulf South,ncaa,5,5,5,5,5,5,6,5,6,7,11,6,5,5,7,4,5,4,9,4,2,5,6,4,6,4,5,4,10,8,7,1,2,1,2,4,1,4,5,3,8,11,1,1,,,8,9,,,4,5,4,9,3,4,4,6,10,3,3,4,2,2,3,5,8,1,1,3,5,11,1,,9,,,4,4,5,12,2,3,11,1,9,11,4,7,8,10,4,10,7,13,7,1,1,4,11,10,9,7,2,9,7,10,2,5,6,13,13,11,1,3,2,4,,,9,12,,,4,9,5,4,4,4,3,13,3,12,9,10,9,9,9,13,9,8,9,9,4,13,2,2,,12,,,b'\x11\xe8\xe1I\xd9\xca\xe0\xf6\x98|\x12\xdf\x17\xaeN\x1e'
11E8E149-D9CA-E0F6-987C-12DF17AE4E1E,2024-ncaa-d2-natl,ncaa,115,131,78,126,110,83,94,122,70,155,213,54,32,41,55,33,105,106,159,101,32,115,131,38,48,58,36,31,176,142,132,16,25,40,17,50,34,100,95,43,240,260,13,11,,,161,152,,,55,132,207,227,82,110,192,193,271,27,48,129,127,119,180,213,167,4,32,45,77,263,10,,114,,,55,128,105,230,16,84,198,14,200,235,102,196,168,164,155,165,120,228,158,30,30,113,239,222,175,140,25,131,132,130,17,68,67,270,286,226,37,39,75,122,,,193,228,,,55,169,55,99,52,71,58,203,40,166,183,205,123,126,124,191,86,96,68,66,44,291,29,53,,248,,,b'\x11\xe8\xe1I\xd9\xca\xe0\xf6\x98|\x12\xdf\x17\xaeN\x1e'
11E8E149-D9CA-E0F6-987C-12DF17AE4E1E,2025-ncaa-d2-conf-Gulf South,genius_ncaa,4,4,4,4,4,3,3,2,5,5,4,5,3,3,3,4,8,7,7,8,9,2,2,5,4,4,7,4,10,5,6,2,8,2,6,4,5,7,3,5,2,3,6,7,,,10,6,,8,4,2,3,8,3,3,2,6,6,3,2,10,9,9,3,4,5,1,2,2,6,2,6,,9,,8,4,7,7,12,1,7,12,1,9,10,4,8,5,5,3,5,4,12,11,1,1,2,8,8,5,11,8,10,6,10,6,8,7,3,5,6,10,7,7,5,,,8,11,,9,4,11,4,3,4,8,5,12,5,11,9,10,5,5,5,12,11,11,8,10,7,5,8,5,,11,,10,b'\x11\xe8\xe1I\xd9\xca\xe0\xf6\x98|\x12\xdf\x17\xaeN\x1e'
11E8E149-D9CA-E0F6-987C-12DF17AE4E1E,2025-ncaa-d2-natl,genius_ncaa,56,95,25,78,28,38,35,28,102,80,101,75,17,11,71,43,107,97,176,99,131,28,27,66,79,85,60,41,242,66,144,37,210,44,171,61,148,228,115,108,28,76,155,204,,,278,158,,233,79,26,81,99,53,52,65,146,211,26,26,186,170,175,80,89,124,85,99,96,139,58,196,,211,,181,85,268,266,285,73,219,261,73,274,284,151,230,193,214,42,213,119,284,285,95,80,69,225,242,101,286,210,272,144,285,171,223,127,35,108,91,232,148,138,115,,,127,259,,147,79,279,85,93,76,141,151,244,107,167,226,245,97,134,135,230,246,248,170,215,143,77,162,89,,244,,193,b'\x11\xe8\xe1I\xd9\xca\xe0\xf6\x98|\x12\xdf\x17\xaeN\x1e'
11E8E149-D9CA-E0F6-987C-12DF17AE4E1E,2026-ncaa-d2-conf-Gulf South,genius_ncaa,6,3,9,6,9,11,11,11,7,10,10,8,9,9,6,8,11,11,11,11,10,11,11,10,9,8,8,6,10,11,11,12,9,11,12,10,6,2,3,5,6,4,2,1,,,1,4,,5,8,10,4,1,9,7,4,5,3,7,7,11,8,8,6,7,11,11,11,7,2,2,1,,6,,8,8,1,3,3,9,2,2,11,3,3,7,8,1,1,5,1,4,1,3,10,7,4,4,8,3,2,9,5,11,5,12,2,6,7,1,2,2,5,2,2,,,9,2,,10,8,3,10,4,8,4,10,8,8,6,8,8,2,2,3,6,10,8,12,12,6,2,3,2,,4,,9,b'\x11\xe8\xe1I\xd9\xca\xe0\xf6\x98|\x12\xdf\x17\xaeN\x1e'
11E8E149-D9CA-E0F6-987C-12DF17AE4E1E,2026-ncaa-d2-natl,genius_ncaa,107,98,141,113,145,154,143,202,29,136,208,23,147,158,119,113,198,186,195,183,118,206,191,35,50,93,192,142,222,279,283,135,75,212,198,158,180,169,226,180,181,190,137,135,,,150,162,,256,173,159,92,29,120,102,226,111,226,127,144,195,177,176,233,199,287,72,231,144,201,176,127,,194,,267,177,157,155,136,173,149,127,190,176,170,146,186,132,141,130,142,176,141,134,182,178,174,165,172,140,90,75,138,283,120,198,154,145,171,167,172,148,187,119,164,,,180,113,,151,173,146,151,138,165,198,192,199,175,159,191,203,153,173,177,200,195,92,161,132,184,153,171,138,,155,,157,b'\x11\xe8\xe1I\xd9\xca\xe0\xf6\x98|\x12\xdf\x17\xaeN\x1e'
11E8E149-D9CF-35CA-987C-12DF17AE4E1E,2018-ncaa-d2-conf-Gulf South,ncaa,6,5,7,5,7,7,7,7,8,5,4,7,13,12,11,13,5,3,9,3,5,7,7,9,8,8,13,12,2,4,3,8,10,6,6,9,11,9,5,10,1,1,3,2,,,5,1,,,5,7,5,2,5,5,7,3,2,12,12,3,2,2,3,5,3,7,5,9,8,1,2,,4,,,5,3,3,8,2,2,7,2,10,10,8,12,6,6,10,6,7,8,9,3,3,3,13,13,10,14,10,6,3,12,6,8,13,5,3,5,8,8,6,2,,,4,4,,,5,8,6,3,5,7,3,10,2,8,11,14,6,6,6,9,10,14,7,11,9,4,9,6,,2,,,b'\x11\xe8\xe1I\xd9\xcf5\xca\x98|\x12\xdf\x17\xaeN\x1e'
11E8E149-D9CF-35CA-987C-12DF17AE4E1E,2018-ncaa-d2-natl,ncaa,107,87,148,102,157,149,155,165,156,103,102,150,264,253,266,273,77,47,239,50,62,141,147,197,190,187,251,280,38,117,114,124,225,127,163,227,265,167,163,233,40,32,73,49,,,87,66,,,98,147,118,68,139,144,148,74,66,274,259,52,27,29,99,99,92,83,89,246,192,27,61,,92,,,92,65,48,144,17,29,95,18,199,225,109,248,162,182,79,176,214,151,172,27,28,29,285,263,225,246,225,162,114,201,163,136,251,80,77,81,167,155,39,28,,,100,86,,,98,151,177,46,101,84,46,175,30,104,203,246,181,200,197,181,216,261,181,232,151,66,178,48,,59,,,b'\x11\xe8\xe1I\xd9\xcf5\xca\x98|\x12\xdf\x17\xaeN\x1e'
11E8E149-D9CF-35CA-987C-12DF17AE4E1E,2019-ncaa-d2-conf-Gulf South,ncaa,7,7,3,7,3,10,9,5,11,10,4,11,8,8,9,8,10,9,6,10,9,5,8,11,11,9,7,8,6,6,7,8,10,5,10,10,10,3,2,7,8,9,4,4,,,6,7,,,7,9,12,5,11,11,8,10,6,8,8,11,11,11,11,12,7,9,10,10,2,9,3,,4,,,7,6,6,7,6,4,8,3,9,5,10,4,9,9,7,9,7,8,6,6,6,6,10,8,10,12,10,13,7,12,10,8,9,9,10,7,2,4,1,1,,,7,8,,,7,5,9,6,7,4,3,3,3,7,6,5,7,6,6,3,3,10,11,11,8,10,4,1,,10,,,b'\x11\xe8\xe1I\xd9\xcf5\xca\x98|\x12\xdf\x17\xaeN\x1e'
11E8E149-D9CF-35CA-987C-12DF17AE4E1E,2019-ncaa-d2-natl,ncaa,132,109,227,125,241,266,266,254,252,251,229,236,242,229,253,180,228,211,199,213,158,255,271,253,245,210,164,196,92,242,241,215,147,240,212,268,249,26,76,180,196,143,181,152,,,29,90,,,155,273,280,113,273,268,245,237,196,234,200,187,165,169,239,274,226,162,202,271,37,175,160,,44,,,155,18,21,43,66,26,63,45,77,60,195,131,55,79,40,79,160,40,40,72,66,84,202,209,176,104,147,128,241,110,212,27,115,231,170,109,37,111,11,16,,,241,120,,,155,37,223,90,163,40,43,72,48,102,123,93,81,129,128,64,47,146,210,186,63,212,68,13,,205,,,b'\x11\xe8\xe1I\xd9\xcf5\xca\x98|\x12\xdf\x17\xaeN\x1e'
11E8E149-D9CF-35CA-987C-12DF17AE4E1E,2020-ncaa-d2-conf-Gulf South,ncaa,6,6,5,6,10,5,6,2,10,9,10,6,1,1,10,1,3,6,5,5,2,2,2,8,8,7,3,3,6,6,9,5,8,7,12,7,11,12,7,9,4,3,6,6,,,5,2,,,8,2,1,13,5,6,1,9,9,2,1,3,5,4,1,1,6,6,6,7,12,3,6,,5,,,8,12,12,10,10,12,12,9,4,7,6,6,1,2,7,2,1,10,11,9,9,7,2,4,1,11,8,13,9,12,12,9,6,4,4,5,10,6,2,4,,,4,6,,,8,12,9,8,9,11,12,12,12,12,5,6,2,2,2,12,12,12,13,12,9,4,10,2,,2,,,b'\x11\xe8\xe1I\xd9\xcf5\xca\x98|\x12\xdf\x17\xaeN\x1e'
11E8E149-D9CF-35CA-987C-12DF17AE4E1E,2020-ncaa-d2-natl,ncaa,112,100,173,110,221,81,100,58,199,164,191,100,44,19,224,26,57,73,108,66,36,57,65,161,153,138,46,68,98,112,206,96,162,96,219,175,255,187,110,187,77,103,145,198,,,95,30,,,143,52,6,299,35,60,18,148,188,36,8,42,50,47,15,13,102,53,57,170,199,63,144,,103,,,142,259,283,269,227,293,281,234,130,156,108,87,102,91,201,93,32,253,252,202,175,165,22,70,51,221,162,297,206,284,219,218,82,81,114,128,170,110,71,92,,,108,195,,,143,254,144,161,150,273,286,299,297,299,146,167,115,106,108,285,300,234,303,291,228,63,181,75,,52,,,b'\x11\xe8\xe1I\xd9\xcf5\xca\x98|\x12\xdf\x17\xaeN\x1e'
11E8E149-D9CF-35CA-987C-12DF17AE4E1E,2021-ncaa-d2-conf-Gulf South,ncaa,9,12,6,10,7,5,5,5,8,6,6,7,6,5,8,6,8,8,3,8,10,6,6,8,9,9,7,6,8,4,7,6,11,6,10,7,11,9,9,11,6,11,2,1,,,8,3,,,11,6,3,13,5,6,2,5,4,8,5,7,9,8,2,2,6,5,5,10,10,8,1,,5,,,9,10,12,8,11,12,9,9,10,8,13,8,8,10,2,9,4,9,8,11,10,11,6,11,2,12,11,9,7,9,10,9,3,6,8,6,9,8,2,1,,,8,13,,,11,8,10,11,10,11,11,12,11,11,13,13,5,9,9,12,12,13,10,12,10,4,10,3,,8,,,b'\x11\xe8\xe1I\xd9\xcf5\xca\x98|\x12\xdf\x17\xaeN\x1e'
11E8E149-D9CF-35CA-987C-12DF17AE4E1E,2021-ncaa-d2-natl,ncaa,140,199,68,176,81,67,74,56,147,80,72,108,60,40,166,67,61,75,61,70,102,60,57,145,145,144,93,93,98,61,125,66,186,68,176,102,173,186,133,171,71,134,47,66,,,145,57,,,179,53,43,221,97,106,65,113,106,84,52,89,116,107,65,48,100,107,93,162,162,105,64,,93,,,158,181,181,174,153,175,157,149,199,196,159,162,159,176,51,175,141,174,175,165,152,149,149,167,76,215,186,175,125,199,176,170,67,51,108,101,180,131,40,7,,,80,187,,,179,169,144,173,165,188,179,174,150,129,192,189,124,145,149,182,186,197,164,190,135,72,152,10,,143,,,b'\x11\xe8\xe1I\xd9\xcf5\xca\x98|\x12\xdf\x17\xaeN\x1e'
11E8E149-D9CF-35CA-987C-12DF17AE4E1E,2022-ncaa-d2-conf-Gulf South,ncaa,10,11,7,11,7,9,8,8,11,9,6,11,7,7,8,5,11,10,13,10,11,8,7,10,11,11,6,5,13,6,7,8,9,7,7,11,11,10,11,12,6,7,6,6,,,1,1,,,11,8,4,1,9,7,4,10,5,7,4,12,9,9,4,4,6,3,4,12,12,7,6,,2,,,11,9,11,11,7,7,8,6,13,13,10,13,1,1,13,1,1,9,7,8,7,8,10,13,1,12,9,10,7,11,7,11,13,6,8,12,13,13,1,2,,,10,13,,,11,6,12,9,12,10,10,13,8,10,13,13,2,2,2,12,10,12,11,11,12,7,13,4,,11,,,b'\x11\xe8\xe1I\xd9\xcf5\xca\x98|\x12\xdf\x17\xaeN\x1e'
11E8E149-D9CF-35CA-987C-12DF17AE4E1E,2022-ncaa-d2-natl,ncaa,215,179,248,215,248,229,222,241,169,241,256,159,155,158,155,85,241,200,262,206,129,237,241,155,172,180,96,77,203,195,174,220,215,223,213,235,227,110,188,221,214,177,160,121,,,18,16,,,223,241,146,11,157,157,130,191,199,90,72,194,138,151,129,110,130,120,121,217,205,163,124,,32,,,224,101,126,97,188,63,67,154,260,209,278,268,29,24,242,24,52,71,68,231,211,223,254,289,36,153,215,91,174,112,213,190,227,231,202,247,193,251,22,38,,,260,242,,,223,58,175,253,228,245,246,260,157,155,291,284,73,59,58,231,207,233,224,241,261,172,250,28,,208,,,b'\x11\xe8\xe1I\xd9\xcf5\xca\x98|\x12\xdf\x17\xaeN\x1e'
11E8E149-D9CF-35CA-987C-12DF17AE4E1E,2023-ncaa-d2-conf-Gulf South,ncaa,6,6,5,6,7,9,10,9,10,9,10,10,7,9,7,9,6,5,12,5,3,9,8,9,9,10,5,7,3,6,6,10,8,9,9,9,10,11,11,10,9,9,10,11,,,2,2,,,9,8,8,11,9,10,10,9,9,9,9,7,5,5,9,8,6,11,12,10,11,10,11,,2,,,9,9,11,8,10,12,9,12,8,6,8,7,2,2,4,2,2,6,5,11,9,9,2,6,1,10,8,6,6,7,9,13,13,6,6,11,11,11,10,10,,,6,4,,,9,4,10,9,9,7,9,8,9,8,8,6,1,2,2,6,7,9,4,8,12,7,10,12,,5,,,b'\x11\xe8\xe1I\xd9\xcf5\xca\x98|\x12\xdf\x17\xaeN\x1e'
11E8E149-D9CF-35CA-987C-12DF17AE4E1E,2023-ncaa-d2-natl,ncaa,152,182,110,171,135,185,205,211,169,209,229,139,155,139,176,116,129,111,220,107,36,192,180,161,159,190,86,134,83,156,135,239,231,219,209,231,224,199,224,239,231,232,237,236,,,90,97,,,224,186,259,208,239,251,271,245,262,168,155,146,114,110,266,242,174,280,271,254,190,243,250,,65,,,215,157,187,115,263,182,105,262,200,164,232,209,47,42,205,44,80,96,109,267,251,221,112,212,33,169,231,87,135,123,209,241,248,141,109,215,188,200,105,149,,,108,52,,,224,99,191,237,229,141,193,69,174,65,195,154,43,40,44,35,48,149,57,92,239,149,168,86,,101,,,b'\x11\xe8\xe1I\xd9\xcf5\xca\x98|\x12\xdf\x17\xaeN\x1e'
11E8E149-D9CF-35CA-987C-12DF17AE4E1E,2024-ncaa-d1-natl,ncaa,172,112,320,150,341,229,210,297,74,191,294,36,214,207,226,136,279,206,353,213,95,291,281,93,119,167,235,201,264,266,186,183,81,223,91,137,66,213,278,156,236,189,259,278,,,37,86,,,163,278,95,264,140,109,213,104,227,170,138,231,131,136,196,127,207,69,112,62,294,182,236,,115,,,155,67,102,118,151,128,177,103,97,70,233,97,59,64,153,63,73,90,55,139,123,177,97,145,111,61,81,27,186,28,91,19,16,305,268,144,159,228,34,70,,,279,215,,,163,69,178,149,171,197,233,274,251,318,163,133,128,134,134,258,225,138,128,117,53,253,242,50,,184,,,b'\x11\xe8\xe1I\xd9\xcf5\xca\x98|\x12\xdf\x17\xaeN\x1e'
11E8E149-D9CF-35CA-987C-12DF17AE4E1E,2024-ncaa-d2-conf-Gulf South,ncaa,6,7,5,7,5,6,4,6,4,3,5,4,8,7,10,7,11,6,13,6,8,6,5,6,7,8,11,8,12,7,6,2,4,4,6,5,5,13,8,6,6,6,5,9,,,6,7,,,6,4,2,9,7,3,5,3,5,8,6,12,7,7,6,2,5,2,3,4,11,6,6,,7,,,6,9,10,11,5,10,13,4,8,3,11,2,6,5,7,5,2,11,9,5,5,6,3,6,6,6,4,8,6,9,6,4,1,7,7,4,10,9,6,7,,,6,9,,,6,10,7,6,6,8,10,12,10,13,7,4,4,5,5,12,10,7,8,8,3,6,9,7,,5,,,b'\x11\xe8\xe1I\xd9\xcf5\xca\x98|\x12\xdf\x17\xaeN\x1e'
11E8E149-D9CF-35CA-987C-12DF17AE4E1E,2024-ncaa-d2-natl,ncaa,123,131,117,130,157,116,94,156,35,81,178,17,135,115,178,108,207,135,287,136,105,151,140,40,76,103,225,169,246,167,147,104,75,122,80,59,48,203,198,98,181,185,170,203,,,98,73,,,135,131,136,227,108,72,185,75,197,140,116,222,144,148,182,144,178,80,128,44,189,191,176,,78,,,135,169,206,195,162,202,215,127,167,133,214,114,83,77,168,79,37,177,144,152,131,179,84,158,54,117,75,96,147,92,80,68,19,211,227,146,142,139,87,107,,,161,172,,,135,157,116,173,143,167,197,211,207,228,161,125,75,74,73,180,125,101,73,75,64,222,140,80,,172,,,b'\x11\xe8\xe1I\xd9\xcf5\xca\x98|\x12\xdf\x17\xaeN\x1e'
11E8E149-D9CF-35CA-987C-12DF17AE4E1E,2025-ncaa-d0-natl,genius_ncaa,246,199,301,241,301,233,238,266,194,233,277,133,236,190,287,149,181,137,302,127,50,239,249,199,202,207,173,217,106,161,102,275,239,233,176,236,194,143,218,222,255,226,295,305,,,118,204,,100,243,269,126,37,153,170,150,167,199,204,120,100,58,54,109,87,90,192,130,186,260,200,279,,234,,148,247,164,184,108,302,253,161,314,64,76,109,100,182,187,174,189,217,108,91,268,271,289,61,51,208,156,239,63,102,91,176,85,53,275,246,202,89,145,100,187,,,165,82,,245,243,84,190,294,246,299,311,261,333,291,123,144,269,273,278,281,265,252,179,218,173,203,165,165,,59,,222,b'\x11\xe8\xe1I\xd9\xcf5\xca\x98|\x12\xdf\x17\xaeN\x1e'
11E8E149-D9CF-35CA-987C-12DF17AE4E1E,2025-ncaa-d1-conf-ASUN,genius_ncaa,10,9,7,10,7,9,10,7,9,11,11,5,6,5,10,5,7,5,12,5,3,7,7,8,9,10,6,7,5,6,4,10,9,6,7,8,4,11,10,8,5,7,7,8,,,7,8,,2,10,9,6,2,9,9,7,11,8,6,6,6,4,4,6,4,4,9,6,8,12,6,7,,8,,3,10,8,8,4,9,10,7,9,2,3,3,2,7,7,9,8,6,6,5,6,8,7,3,2,7,8,9,6,4,6,7,5,3,8,8,6,8,7,2,3,,,4,3,,8,10,5,9,8,10,9,7,7,11,9,3,3,7,8,10,8,8,9,8,8,7,8,8,2,,3,,8,b'\x11\xe8\xe1I\xd9\xcf5\xca\x98|\x12\xdf\x17\xaeN\x1e'
11E8E149-D9CF-35CA-987C-12DF17AE4E1E,2025-ncaa-d1-natl,genius_ncaa,222,199,244,224,251,181,185,204,169,193,234,110,198,157,264,136,178,129,312,122,67,192,183,165,180,185,174,189,157,120,75,230,232,183,143,177,159,201,213,189,203,200,273,290,,,149,177,,121,203,213,126,42,131,134,126,149,193,173,107,126,76,76,100,80,74,169,107,140,254,171,267,,204,,143,205,192,210,163,268,273,209,289,79,103,94,102,204,213,158,218,202,172,152,232,225,243,63,56,200,194,232,96,75,130,143,87,45,234,219,162,114,137,117,171,,,151,109,,232,203,140,166,252,209,277,293,252,320,289,114,139,249,256,265,266,261,248,154,198,142,184,159,154,,80,,219,b'\x11\xe8\xe1I\xd9\xcf5\xca\x98|\x12\xdf\x17\xaeN\x1e'
11E8E149-D9CF-35CA-987C-12DF17AE4E1E,2026-ncaa-d0-natl,genius_ncaa,163,80,279,147,291,238,261,299,177,309,329,165,124,166,103,49,153,149,198,140,6,280,278,128,122,148,15,51,65,176,41,264,268,236,117,238,141,123,239,216,268,222,284,291,,,28,32,,13,173,297,103,97,105,182,187,277,314,46,37,50,37,30,121,70,52,110,62,149,273,196,256,,68,,19,173,78,107,103,198,119,132,139,101,76,266,111,36,59,40,55,64,87,78,187,151,192,89,183,57,185,268,34,41,59,117,156,256,300,281,288,246,324,171,311,,,274,185,,310,173,64,125,232,178,245,284,332,290,340,225,169,94,137,134,309,293,319,83,190,303,238,337,274,,143,,269,b'\x11\xe8\xe1I\xd9\xcf5\xca\x98|\x12\xdf\x17\xaeN\x1e'
11E8E149-D9CF-35CA-987C-12DF17AE4E1E,2026-ncaa-d1-natl,genius_ncaa,203,80,345,166,350,316,336,350,207,355,356,199,171,223,110,51,207,206,192,187,7,345,347,154,143,184,13,44,58,253,51,329,293,319,145,314,151,87,259,250,331,262,314,311,,,6,34,,8,211,350,114,100,138,217,215,310,327,52,42,50,39,34,150,94,62,126,77,188,291,238,271,,74,,18,211,30,62,41,238,81,77,172,65,27,289,104,20,32,46,30,67,25,16,224,188,242,79,183,54,135,293,5,51,13,145,114,263,346,302,313,200,342,139,334,,,333,183,,321,211,12,159,282,218,286,317,338,311,346,246,166,105,141,139,321,291,328,88,215,321,267,346,286,,141,,268,b'\x11\xe8\xe1I\xd9\xcf5\xca\x98|\x12\xdf\x17\xaeN\x1e'
11E8E149-D9D4-35FC-987C-12DF17AE4E1E,2018-ncaa-d2-conf-MEC,ncaa,4,4,7,4,7,4,3,4,3,6,11,2,3,3,4,3,9,9,5,9,6,4,4,1,1,3,4,3,9,12,11,2,2,6,7,2,2,7,8,2,12,12,3,5,,,7,5,,,3,4,2,2,2,2,4,4,9,3,3,7,7,7,3,3,12,2,6,2,9,12,3,,8,,,3,10,11,9,10,12,12,7,1,1,1,1,9,10,7,10,4,10,8,5,5,11,1,1,7,5,2,9,11,8,7,1,1,11,11,5,5,5,5,6,,,6,5,,,3,9,3,10,3,12,12,11,12,12,1,1,11,11,11,11,9,6,8,8,1,11,8,6,,6,,,b'\x11\xe8\xe1I\xd9\xd45\xfc\x98|\x12\xdf\x17\xaeN\x1e'
11E8E149-D9D4-35FC-987C-12DF17AE4E1E,2018-ncaa-d2-natl,ncaa,146,164,105,159,108,44,41,60,38,72,164,19,15,16,89,22,138,176,72,175,176,72,80,24,28,31,86,43,272,244,283,40,76,106,190,20,23,173,103,32,287,308,25,96,,,214,99,,,149,32,19,19,13,14,29,57,190,11,12,148,188,192,40,51,269,16,97,9,163,298,21,,201,,,149,298,303,292,265,308,308,232,12,14,47,1,250,234,215,232,31,294,265,192,190,279,1,1,116,186,76,262,283,249,190,33,1,272,307,202,181,126,176,172,,,126,218,,,149,273,67,264,155,299,305,303,309,309,7,8,244,231,229,305,281,178,271,251,38,289,164,146,,144,,,b'\x11\xe8\xe1I\xd9\xd45\xfc\x98|\x12\xdf\x17\xaeN\x1e'
11E8E149-D9D4-35FC-987C-12DF17AE4E1E,2019-ncaa-d2-conf-MEC,ncaa,3,4,2,4,2,2,2,3,3,4,8,4,2,3,1,3,6,7,5,7,6,3,3,1,2,1,2,1,11,9,11,1,1,3,6,1,1,8,3,1,9,12,1,2,,,5,4,,,3,3,3,5,2,2,5,6,12,2,3,8,8,8,3,5,10,1,5,1,4,11,1,,3,,,3,10,10,11,6,11,12,5,1,1,3,1,10,12,1,12,2,11,10,4,4,7,1,1,6,7,1,9,11,10,6,1,1,12,12,5,4,3,8,9,,,6,7,,,3,10,2,6,3,9,9,10,11,12,1,1,5,10,10,11,9,6,7,6,1,12,3,6,,9,,,b'\x11\xe8\xe1I\xd9\xd45\xfc\x98|\x12\xdf\x17\xaeN\x1e'
11E8E149-D9D4-35FC-987C-12DF17AE4E1E,2019-ncaa-d2-natl,ncaa,48,74,30,70,34,8,7,16,8,27,79,12,3,8,6,35,76,110,55,104,177,21,17,4,3,5,60,20,288,191,262,14,115,44,156,2,6,238,80,9,206,293,2,32,,,248,60,,,72,8,8,149,3,4,18,32,165,2,14,146,184,183,25,35,256,17,82,2,147,269,2,,153,,,78,308,309,307,271,310,311,222,19,21,109,1,284,287,105,287,39,307,303,194,178,269,2,3,115,274,115,290,262,291,156,119,2,222,309,185,250,117,252,200,,,79,255,,,72,304,14,261,87,300,305,307,310,311,5,6,247,250,249,308,293,216,208,219,51,296,166,205,,172,,,b'\x11\xe8\xe1I\xd9\xd45\xfc\x98|\x12\xdf\x17\xaeN\x1e'
11E8E149-D9D4-35FC-987C-12DF17AE4E1E,2020-ncaa-d2-conf-MEC,ncaa,8,8,7,8,9,8,9,7,11,12,12,8,2,2,8,1,8,9,3,9,1,6,8,8,8,8,1,1,4,9,11,8,4,9,10,8,2,2,3,4,10,10,8,8,,,11,11,,,7,8,5,6,8,9,6,12,12,2,1,7,7,7,6,7,9,6,10,6,3,11,8,,11,,,7,7,7,4,8,11,12,6,1,1,5,1,11,10,12,9,5,6,5,6,6,9,1,1,11,4,4,11,11,10,10,1,1,8,8,4,2,3,9,12,,,8,6,,,7,5,8,8,7,7,7,6,12,12,1,1,11,10,10,8,5,4,12,10,1,8,2,9,,7,,,b'\x11\xe8\xe1I\xd9\xd45\xfc\x98|\x12\xdf\x17\xaeN\x1e'
11E8E149-D9D4-35FC-987C-12DF17AE4E1E,2020-ncaa-d2-natl,ncaa,159,203,17,176,41,20,49,17,196,213,272,68,2,1,148,1,20,38,47,38,4,13,16,96,76,58,2,5,113,156,280,46,128,69,250,41,93,160,43,68,194,279,133,258,,,302,250,,,174,6,12,222,22,86,30,278,306,2,1,37,68,68,30,48,209,88,147,63,88,249,171,,287,,,169,309,309,306,297,311,311,247,8,7,49,1,308,301,288,300,80,309,304,211,255,279,1,1,239,221,128,309,280,307,250,83,1,156,272,106,114,37,215,273,,,21,142,,,174,306,98,264,170,295,299,291,310,311,1,1,302,278,277,302,283,152,301,277,46,218,57,173,,55,,,b'\x11\xe8\xe1I\xd9\xd45\xfc\x98|\x12\xdf\x17\xaeN\x1e'
11E8E149-D9D4-35FC-987C-12DF17AE4E1E,2021-ncaa-d2-conf-MEC,ncaa,6,6,5,7,6,6,7,9,2,10,12,2,2,3,4,2,5,6,7,5,1,9,9,1,1,3,1,2,8,9,7,6,5,7,6,1,1,10,10,4,9,10,6,6,,,6,9,,,6,9,8,5,5,5,11,10,12,3,3,6,8,7,10,10,8,8,8,1,9,10,6,,7,,,6,5,5,6,6,10,12,2,1,1,8,1,7,7,6,7,3,7,6,4,4,6,2,1,10,5,5,4,7,4,6,1,1,8,7,4,8,8,4,9,,,5,5,,,6,5,4,5,6,4,5,5,9,12,1,1,7,7,7,5,4,4,3,5,1,9,8,4,,7,,,b'\x11\xe8\xe1I\xd9\xd45\xfc\x98|\x12\xdf\x17\xaeN\x1e'
11E8E149-D9D4-35FC-987C-12DF17AE4E1E,2021-ncaa-d2-natl,ncaa,97,135,99,118,104,60,61,96,20,83,128,15,33,41,39,29,87,82,134,79,32,95,91,13,17,34,59,41,166,73,75,84,153,81,93,34,18,173,172,63,144,203,77,167,,,143,115,,,62,91,27,121,17,22,71,66,164,12,20,76,73,67,64,36,70,52,55,6,197,186,89,,170,,,64,143,164,160,136,198,213,80,51,45,143,2,145,146,89,148,26,159,147,86,77,119,4,4,105,172,153,124,75,138,93,54,1,121,193,43,191,186,118,118,,,79,94,,,62,138,32,127,63,184,196,210,218,226,8,2,152,155,161,210,200,179,108,150,11,155,202,97,,41,,,b'\x11\xe8\xe1I\xd9\xd45\xfc\x98|\x12\xdf\x17\xaeN\x1e'
11E8E149-D9D4-35FC-987C-12DF17AE4E1E,2022-ncaa-d2-conf-MEC,ncaa,3,3,2,3,5,2,2,3,2,4,11,2,2,3,2,2,4,5,6,2,1,3,3,2,2,2,2,1,10,8,9,1,3,2,4,2,1,8,7,2,6,10,1,2,,,8,8,,,2,3,4,8,2,2,4,5,12,2,3,5,5,3,4,3,9,1,3,2,7,7,1,,7,,,2,6,5,11,1,8,12,1,1,1,1,1,9,11,4,11,7,11,10,1,1,2,2,1,11,8,3,7,9,7,4,1,1,4,6,2,5,4,9,11,,,3,5,,,2,10,2,2,2,3,3,9,8,12,1,1,9,9,9,10,9,6,5,6,1,4,3,7,,3,,,b'\x11\xe8\xe1I\xd9\xd45\xfc\x98|\x12\xdf\x17\xaeN\x1e'
11E8E149-D9D4-35FC-987C-12DF17AE4E1E,2022-ncaa-d2-natl,ncaa,46,65,30,57,38,6,9,19,9,25,71,11,3,12,10,44,21,20,174,17,26,18,18,5,5,8,46,39,211,116,180,10,80,20,68,15,104,256,110,46,163,267,11,52,,,290,161,,,17,8,12,182,3,5,39,43,177,4,19,56,47,44,34,34,184,3,39,11,163,229,21,,231,,,20,290,287,292,88,292,301,46,65,70,119,5,293,295,104,294,111,298,296,52,52,118,21,11,236,260,80,244,180,255,68,20,1,93,237,15,171,43,199,154,,,10,80,,,17,294,14,109,27,230,232,284,278,300,22,19,259,258,258,291,280,185,136,162,2,169,82,135,,29,,,b'\x11\xe8\xe1I\xd9\xd45\xfc\x98|\x12\xdf\x17\xaeN\x1e'
11E8E149-D9D4-35FC-987C-12DF17AE4E1E,2023-ncaa-d2-conf-MEC,ncaa,5,5,6,5,7,4,3,8,1,11,12,1,2,3,1,1,9,10,3,10,3,9,8,1,1,1,1,1,11,11,10,1,3,7,4,1,1,11,12,3,12,12,1,7,,,2,1,,,4,8,6,3,3,3,9,11,12,1,3,9,9,9,10,8,11,1,4,1,10,12,1,,2,,,4,5,8,12,4,12,12,1,1,1,3,1,5,4,9,4,1,11,6,1,1,5,1,1,5,8,3,2,10,3,4,1,1,11,12,5,11,11,5,10,,,9,6,,,4,6,3,6,3,7,9,12,12,12,1,1,5,4,4,11,8,8,1,6,1,11,11,7,,8,,,b'\x11\xe8\xe1I\xd9\xd45\xfc\x98|\x12\xdf\x17\xaeN\x1e'
11E8E149-D9D4-35FC-987C-12DF17AE4E1E,2023-ncaa-d2-natl,ncaa,84,101,68,97,68,23,24,77,5,94,239,5,4,10,2,8,89,100,78,104,30,74,35,3,3,22,8,6,244,213,208,34,177,74,125,4,3,298,277,75,284,297,42,195,,,205,40,,,83,21,9,5,6,7,88,128,283,3,10,111,129,132,99,24,247,17,89,2,286,292,52,,155,,,83,290,296,294,221,297,298,150,12,12,57,1,230,195,254,196,10,293,281,118,117,192,1,1,91,278,177,120,208,210,125,31,1,154,270,61,295,275,133,194,,,36,91,,,83,278,38,198,82,285,295,297,298,298,3,4,195,176,172,295,292,256,54,157,5,191,284,104,,43,,,b'\x11\xe8\xe1I\xd9\xd45\xfc\x98|\x12\xdf\x17\xaeN\x1e'
11E8E149-D9D4-35FC-987C-12DF17AE4E1E,2024-ncaa-d2-conf-MEC,ncaa,10,8,7,10,9,6,9,10,6,11,11,5,1,3,1,1,5,6,2,6,1,8,8,2,1,3,1,1,3,11,11,5,7,10,10,2,1,9,9,3,11,11,3,8,,,7,2,,,8,6,3,4,5,7,7,11,11,1,3,3,5,5,7,7,11,2,9,1,9,11,2,,6,,,9,11,11,11,8,11,11,6,2,1,4,1,9,7,10,8,2,11,7,5,7,9,2,1,4,9,7,8,11,7,10,5,1,9,10,7,5,9,7,11,,,5,2,,,8,7,5,9,8,11,11,11,11,11,3,1,9,8,8,11,10,10,10,10,6,9,8,7,,4,,,b'\x11\xe8\xe1I\xd9\xd45\xfc\x98|\x12\xdf\x17\xaeN\x1e'
11E8E149-D9D4-35FC-987C-12DF17AE4E1E,2024-ncaa-d2-natl,ncaa,201,247,78,218,80,36,76,69,112,227,264,99,3,5,15,3,20,22,106,21,2,57,33,27,28,70,1,1,82,198,248,93,267,131,263,20,4,288,234,103,188,267,80,197,,,281,150,,,219,15,4,16,14,76,69,273,296,2,4,22,21,21,46,22,232,116,178,9,268,215,91,,278,,,207,299,299,293,272,299,299,246,42,49,89,2,285,284,188,285,72,296,289,217,219,246,1,3,150,294,267,259,248,283,263,242,18,95,231,175,282,215,288,298,,,13,45,,,219,286,107,260,184,297,297,296,299,299,25,23,277,266,266,297,297,285,245,275,216,121,253,287,,10,,,b'\x11\xe8\xe1I\xd9\xd45\xfc\x98|\x12\xdf\x17\xaeN\x1e'
11E8E149-D9D4-35FC-987C-12DF17AE4E1E,2025-ncaa-d2-conf-MEC,genius_ncaa,9,9,6,9,9,8,10,11,7,11,11,8,3,4,1,1,6,7,5,7,1,10,9,4,4,6,1,1,2,11,11,8,10,10,11,6,1,10,11,8,10,10,7,10,,,6,8,,5,9,6,5,7,8,10,11,11,11,1,3,4,6,6,10,9,11,7,10,5,11,10,7,,7,,6,9,8,11,7,11,11,11,11,1,1,2,1,8,7,9,7,4,8,6,8,9,10,1,1,6,9,10,5,11,7,11,1,1,7,7,4,7,10,10,11,,,3,1,,1,9,6,9,11,10,10,11,9,11,11,1,1,9,9,8,11,7,10,6,8,1,7,9,10,,1,,1,b'\x11\xe8\xe1I\xd9\xd45\xfc\x98|\x12\xdf\x17\xaeN\x1e'
11E8E149-D9D4-35FC-987C-12DF17AE4E1E,2025-ncaa-d2-natl,genius_ncaa,195,258,72,223,101,69,112,102,132,226,252,139,9,9,23,8,64,65,120,66,6,94,49,56,54,119,1,6,124,235,268,123,281,172,285,69,55,293,265,185,275,298,143,256,,,275,171,,286,249,29,15,203,60,139,146,283,292,6,9,72,82,83,125,67,264,177,243,70,274,289,172,,253,,290,233,298,301,291,280,301,300,247,16,19,39,1,287,284,209,281,79,293,283,217,216,243,2,1,185,299,281,273,268,294,285,48,2,104,230,51,274,228,289,301,,,11,14,,1,249,272,169,266,232,295,297,296,300,301,5,8,271,263,260,296,290,289,236,281,24,145,253,287,,4,,1,b'\x11\xe8\xe1I\xd9\xd45\xfc\x98|\x12\xdf\x17\xaeN\x1e'
11E8E149-D9D4-35FC-987C-12DF17AE4E1E,2026-ncaa-d2-conf-MEC,genius_ncaa,6,2,9,6,9,9,10,10,6,11,10,9,4,4,3,2,10,10,7,10,5,10,10,3,3,2,1,1,7,11,11,11,10,11,11,9,4,1,2,1,7,5,9,9,,,3,10,,4,5,10,8,1,6,7,6,11,10,1,2,6,7,7,6,10,11,11,11,5,1,5,9,,9,,5,4,2,2,1,9,1,1,8,3,2,10,1,4,4,2,4,10,2,2,8,8,5,4,3,9,4,10,3,11,2,11,2,3,5,3,2,1,1,8,11,,,10,3,,2,5,2,5,7,7,3,3,1,4,2,4,2,9,9,9,2,3,8,9,10,3,4,1,11,,7,,1,b'\x11\xe8\xe1I\xd9\xd45\xfc\x98|\x12\xdf\x17\xaeN\x1e'
11E8E149-D9D4-35FC-987C-12DF17AE4E1E,2026-ncaa-d2-natl,genius_ncaa,107,144,59,135,84,41,56,94,46,79,120,41,38,57,73,98,40,31,189,31,25,71,87,38,38,43,79,107,105,216,266,147,217,179,264,75,162,153,81,90,148,226,189,262,,,263,244,,256,156,59,37,88,29,57,116,102,187,51,75,49,37,38,68,107,261,239,272,92,100,207,221,,264,,242,157,256,267,241,286,290,286,251,75,34,235,3,211,236,74,242,93,243,237,261,247,251,5,15,105,215,217,220,266,223,264,202,41,94,174,158,76,31,255,262,,,18,15,,2,156,239,75,250,164,276,285,242,293,293,44,7,180,216,225,255,243,187,194,197,181,133,39,247,,12,,2,b'\x11\xe8\xe1I\xd9\xd45\xfc\x98|\x12\xdf\x17\xaeN\x1e'
11E8E149-D9D8-7B76-987C-12DF17AE4E1E,2018-ncaa-d2-conf-Lone Star,ncaa,1,1,1,1,2,1,1,6,1,1,4,1,5,8,1,7,5,6,6,6,5,6,5,1,1,1,10,7,8,5,1,1,4,1,1,1,1,11,10,3,4,4,1,1,,,5,4,,,1,3,11,9,2,2,11,1,9,6,9,7,8,8,10,10,8,2,3,1,10,5,1,,4,,,1,1,2,11,1,2,11,1,4,7,1,5,4,3,7,3,2,11,9,1,1,1,7,7,6,8,4,1,1,1,1,2,7,6,6,3,3,4,1,1,,,6,7,,,1,8,1,1,1,1,1,5,1,6,2,4,3,3,3,3,1,5,1,1,2,8,3,1,,8,,,b'\x11\xe8\xe1I\xd9\xd8{v\x98|\x12\xdf\x17\xaeN\x1e'
11E8E149-D9D8-7B76-987C-12DF17AE4E1E,2018-ncaa-d2-natl,ncaa,15,18,12,19,19,37,32,113,2,22,78,7,119,196,21,238,56,52,165,50,87,108,60,5,6,35,240,227,167,73,12,25,100,28,5,11,11,301,274,73,48,70,7,4,,,204,92,,,11,62,272,196,94,72,293,53,203,194,273,114,123,127,277,246,148,63,95,17,240,99,11,,63,,,13,90,86,259,2,76,243,2,171,248,24,189,141,151,117,157,91,255,257,3,3,7,217,203,183,253,100,15,12,78,5,188,248,73,123,100,156,87,119,73,,,57,111,,,11,247,30,8,11,4,5,84,8,87,78,144,43,50,51,53,60,155,1,2,63,171,66,53,,176,,,b'\x11\xe8\xe1I\xd9\xd8{v\x98|\x12\xdf\x17\xaeN\x1e'
11E8E149-D9D8-7B76-987C-12DF17AE4E1E,2019-ncaa-d2-conf-Lone Star,ncaa,1,1,1,1,1,2,2,3,1,1,4,1,3,3,1,5,4,1,11,2,3,3,2,1,1,1,7,5,8,5,4,1,1,2,1,1,3,11,9,4,2,4,1,2,,,11,3,,,2,2,9,3,3,2,9,3,9,3,6,7,5,5,9,9,9,5,6,1,7,5,1,,2,,,2,8,8,10,1,8,11,1,8,6,9,4,5,1,8,2,1,10,10,2,2,3,6,7,3,2,1,3,4,2,1,6,5,3,5,5,3,1,4,4,,,1,4,,,2,11,2,1,2,1,1,6,1,9,4,2,1,1,1,3,1,1,1,1,2,8,1,2,,8,,,b'\x11\xe8\xe1I\xd9\xd8{v\x98|\x12\xdf\x17\xaeN\x1e'
11E8E149-D9D8-7B76-987C-12DF17AE4E1E,2019-ncaa-d2-natl,ncaa,12,14,9,15,12,15,13,50,3,14,70,2,45,75,17,143,67,38,256,37,78,43,36,3,4,9,200,138,258,155,112,31,45,59,30,14,61,265,168,39,58,119,17,46,,,245,116,,,18,19,198,87,31,19,247,27,232,83,165,171,120,125,225,237,249,140,214,17,132,149,34,,93,,,19,243,261,292,62,255,298,30,210,146,251,44,172,170,154,170,35,291,286,58,51,69,102,149,105,145,45,71,112,94,30,173,77,79,172,101,116,41,133,68,,,30,95,,,18,295,18,44,16,51,73,131,98,236,93,40,44,47,44,105,76,38,5,4,64,192,33,42,,153,,,b'\x11\xe8\xe1I\xd9\xd8{v\x98|\x12\xdf\x17\xaeN\x1e'
11E8E149-D9D8-7B76-987C-12DF17AE4E1E,2020-ncaa-d2-conf-Lone Star,ncaa,3,3,5,3,6,9,9,13,2,6,12,2,10,15,2,12,6,8,9,7,4,13,12,2,2,2,11,10,8,10,3,3,3,5,1,2,2,15,13,8,13,11,1,1,,,1,3,,,3,13,18,11,11,9,18,7,13,11,15,7,8,8,17,17,11,1,6,3,11,13,1,,1,,,3,1,1,9,2,2,10,2,3,6,1,9,1,1,15,1,1,6,5,1,1,1,6,9,3,4,3,1,3,1,1,1,2,13,10,4,6,8,2,2,,,11,4,,,3,6,4,1,3,1,1,8,2,10,2,6,1,1,1,2,1,4,1,1,1,14,6,2,,13,,,b'\x11\xe8\xe1I\xd9\xd8{v\x98|\x12\xdf\x17\xaeN\x1e'
11E8E149-D9D8-7B76-987C-12DF17AE4E1E,2020-ncaa-d2-natl,ncaa,18,14,54,14,74,113,118,251,20,94,195,23,180,231,59,222,65,57,166,55,29,220,184,28,27,70,190,226,72,131,24,39,25,58,4,41,15,254,270,117,149,122,4,3,,,28,23,,,15,195,301,171,153,165,305,121,261,208,264,81,76,76,298,286,167,43,84,49,214,175,3,,6,,,16,11,20,159,2,27,169,5,37,128,5,163,15,12,231,13,5,101,100,1,1,4,89,153,73,81,25,8,24,12,4,11,47,148,119,36,157,166,126,150,,,108,47,,,15,112,65,3,10,1,4,69,11,106,15,79,3,3,3,20,11,48,1,3,5,178,120,98,,151,,,b'\x11\xe8\xe1I\xd9\xd8{v\x98|\x12\xdf\x17\xaeN\x1e'
11E8E149-D9D8-7B76-987C-12DF17AE4E1E,2021-ncaa-d2-conf-Lone Star,ncaa,2,5,1,3,1,2,2,3,2,1,3,2,6,7,6,12,5,4,6,4,12,3,4,2,2,2,16,13,12,5,5,1,4,2,2,3,13,15,8,4,5,8,3,3,,,13,7,,,2,2,15,1,6,3,12,2,7,13,15,11,11,11,12,14,9,6,5,7,5,9,3,,3,,,2,13,13,16,2,13,15,4,9,15,2,6,12,12,14,12,1,14,14,2,2,3,4,7,7,13,4,12,5,12,2,12,8,6,9,8,13,5,10,3,,,2,11,,,2,15,3,2,2,2,2,3,5,8,3,6,4,3,3,2,2,5,1,2,2,11,3,4,,12,,,b'\x11\xe8\xe1I\xd9\xd8{v\x98|\x12\xdf\x17\xaeN\x1e'
11E8E149-D9D8-7B76-987C-12DF17AE4E1E,2021-ncaa-d2-natl,ncaa,23,66,30,41,31,45,38,76,15,23,50,14,100,111,107,170,71,68,110,67,141,72,60,24,26,56,207,186,164,57,42,41,88,44,27,43,133,209,190,123,25,38,18,30,,,146,70,,,21,56,207,22,106,75,194,42,122,180,195,146,151,149,197,176,130,111,113,95,155,56,40,,41,,,23,128,131,167,22,142,170,38,108,148,22,96,138,114,191,113,36,157,166,20,26,17,75,73,122,171,88,117,42,129,27,144,118,34,52,46,172,113,132,63,,,66,131,,,21,169,53,17,23,10,18,35,42,83,30,56,44,25,17,26,35,86,5,13,41,79,92,55,,169,,,b'\x11\xe8\xe1I\xd9\xd8{v\x98|\x12\xdf\x17\xaeN\x1e'
11E8E149-D9D8-7B76-987C-12DF17AE4E1E,2022-ncaa-d2-conf-Lone Star,ncaa,1,1,2,1,2,3,3,1,13,3,2,14,3,2,10,6,5,5,3,5,13,1,1,13,14,8,5,4,12,2,5,1,1,1,2,7,12,5,1,5,7,11,1,2,,,10,5,,,3,1,11,6,4,4,2,7,5,4,3,7,10,10,3,5,3,1,1,10,2,12,2,,4,,,3,9,8,16,1,13,16,1,1,4,1,2,16,16,10,16,7,16,15,1,1,1,9,1,16,4,1,16,5,15,2,2,1,11,14,2,5,3,9,3,,,3,11,,,3,16,5,1,3,3,2,6,3,13,1,2,11,10,10,7,4,2,14,9,1,14,3,5,,10,,,b'\x11\xe8\xe1I\xd9\xd8{v\x98|\x12\xdf\x17\xaeN\x1e'
11E8E149-D9D8-7B76-987C-12DF17AE4E1E,2022-ncaa-d2-natl,ncaa,22,65,5,53,10,20,22,3,230,37,11,216,27,9,199,91,36,42,71,39,201,4,4,217,209,145,95,96,168,12,101,2,15,2,47,83,247,153,10,91,48,126,4,18,,,265,113,,,54,7,121,193,89,102,19,145,91,78,39,131,158,157,30,87,42,15,11,215,25,130,19,,104,,,64,273,246,285,29,257,293,14,169,173,157,38,297,292,233,292,163,294,291,33,49,77,175,73,268,158,15,301,101,299,47,70,9,52,161,28,201,41,182,55,,,19,195,,,54,296,112,46,63,67,39,106,72,210,57,35,228,205,202,131,116,34,265,174,6,171,61,75,,153,,,b'\x11\xe8\xe1I\xd9\xd8{v\x98|\x12\xdf\x17\xaeN\x1e'
11E8E149-D9D8-7B76-987C-12DF17AE4E1E,2023-ncaa-d2-conf-Lone Star,ncaa,6,6,5,6,5,5,5,5,5,8,11,6,1,3,1,3,7,8,3,8,7,5,5,4,3,4,2,1,9,8,11,4,2,5,3,7,9,8,7,7,14,12,3,4,,,5,5,,,5,5,8,9,1,3,6,11,13,1,3,8,10,10,6,8,9,3,6,6,7,13,4,,4,,,5,14,15,12,11,14,14,6,6,4,12,2,11,11,2,11,5,11,11,9,7,12,3,3,6,1,2,12,11,8,3,4,2,13,16,9,8,6,3,4,,,10,12,,,5,12,4,7,5,8,12,11,14,15,3,2,8,9,10,11,7,2,10,6,5,15,6,3,,10,,,b'\x11\xe8\xe1I\xd9\xd8{v\x98|\x12\xdf\x17\xaeN\x1e'
11E8E149-D9D8-7B76-987C-12DF17AE4E1E,2023-ncaa-d2-natl,ncaa,59,82,30,74,36,45,62,46,101,101,134,72,22,17,104,30,46,74,44,73,62,45,45,69,64,66,35,45,135,97,176,17,10,35,42,97,206,194,107,138,162,230,33,62,,,209,120,,,62,41,144,169,75,115,129,198,251,38,34,102,143,138,127,164,179,23,58,172,104,232,61,,101,,,64,222,226,262,81,241,275,75,131,157,103,73,211,231,70,233,117,272,248,67,66,122,88,89,160,84,10,253,176,208,42,95,26,170,244,131,189,101,74,71,,,63,126,,,62,263,70,85,62,98,112,174,157,224,81,83,128,145,150,171,97,29,149,80,39,243,103,40,,148,,,b'\x11\xe8\xe1I\xd9\xd8{v\x98|\x12\xdf\x17\xaeN\x1e'
11E8E149-D9D8-7B76-987C-12DF17AE4E1E,2024-ncaa-d2-conf-Lone Star,ncaa,6,7,4,7,5,4,5,7,5,6,7,6,5,6,8,9,3,6,3,6,6,5,5,7,3,5,6,9,5,13,15,2,3,4,5,9,12,8,6,10,14,15,2,2,,,5,4,,,6,4,6,7,5,6,7,8,8,6,8,5,5,5,7,8,13,1,4,11,6,14,2,,5,,,6,11,14,15,4,14,16,1,5,6,5,3,8,9,10,9,4,15,14,1,1,6,3,4,7,12,3,16,15,16,5,2,1,13,16,10,10,8,1,1,,,4,4,,,6,13,7,7,7,9,9,15,12,16,5,4,9,7,7,16,10,11,14,13,1,15,9,1,,5,,,b'\x11\xe8\xe1I\xd9\xd8{v\x98|\x12\xdf\x17\xaeN\x1e'
11E8E149-D9D8-7B76-987C-12DF17AE4E1E,2024-ncaa-d2-natl,ncaa,86,131,26,114,39,59,66,73,85,69,86,79,91,88,109,141,36,54,36,54,79,68,58,87,62,74,109,157,81,206,251,18,41,57,115,141,246,195,123,162,230,278,39,75,,,150,51,,,118,40,143,185,104,130,202,135,183,132,145,64,109,112,184,206,256,31,140,204,114,279,44,,53,,,122,256,258,272,107,276,288,94,123,155,76,53,231,211,253,216,71,277,251,83,91,166,49,53,155,172,41,250,251,232,115,166,53,205,271,211,215,160,39,22,,,26,38,,,118,257,106,154,126,153,168,216,219,257,65,73,155,130,127,203,120,87,147,113,81,263,148,13,,65,,,b'\x11\xe8\xe1I\xd9\xd8{v\x98|\x12\xdf\x17\xaeN\x1e'
11E8E149-D9D8-7B76-987C-12DF17AE4E1E,2025-ncaa-d2-conf-Lone Star,genius_ncaa,7,8,3,7,3,4,5,4,11,5,6,9,7,5,9,7,5,5,9,5,6,4,3,10,10,8,8,8,7,6,9,3,3,3,6,9,13,11,8,9,13,16,7,10,,,5,3,,12,9,4,6,7,8,9,5,7,9,8,5,5,3,3,5,7,5,2,4,12,6,16,8,,2,,11,9,15,15,16,7,15,15,7,12,10,8,4,7,8,8,8,2,15,13,8,6,9,3,8,4,11,3,15,9,14,6,14,10,10,16,15,6,6,13,10,,,1,4,,2,9,15,9,8,9,7,11,13,11,15,8,5,3,2,2,12,8,5,15,12,11,14,6,11,,4,,3,b'\x11\xe8\xe1I\xd9\xd8{v\x98|\x12\xdf\x17\xaeN\x1e'
11E8E149-D9D8-7B76-987C-12DF17AE4E1E,2025-ncaa-d2-natl,genius_ncaa,79,112,43,101,66,82,102,69,166,108,99,147,101,79,179,127,39,36,124,32,45,61,62,165,152,130,94,146,53,79,142,30,40,42,68,146,224,176,108,167,221,258,193,240,,,114,36,,255,115,64,146,207,119,163,138,163,173,138,117,51,63,59,109,138,119,36,51,208,110,255,228,,45,,229,118,216,249,263,106,251,266,111,178,215,100,147,97,78,236,79,21,249,228,99,85,139,63,145,55,121,40,254,142,211,68,246,190,175,236,239,154,90,184,154,,,17,17,,20,115,239,131,121,115,116,166,222,184,217,129,160,55,41,40,167,112,63,181,127,191,239,97,139,,27,,22,b'\x11\xe8\xe1I\xd9\xd8{v\x98|\x12\xdf\x17\xaeN\x1e'
11E8E149-D9D8-7B76-987C-12DF17AE4E1E,2026-ncaa-d2-conf-Lone Star,genius_ncaa,3,1,6,1,7,4,5,5,7,2,10,1,10,2,17,3,4,4,6,4,2,5,6,9,7,3,11,13,6,1,1,5,1,3,1,7,4,2,1,1,7,5,9,5,,,3,3,,1,2,14,9,2,1,1,1,1,5,8,1,1,1,1,1,1,1,1,1,3,1,5,8,,2,,1,1,3,2,4,1,2,2,3,6,11,6,16,9,7,9,8,11,4,3,2,3,2,16,15,12,1,1,4,1,2,1,1,3,11,4,2,4,3,1,1,,,5,2,,4,2,8,1,2,1,3,1,4,1,1,9,16,9,8,8,5,5,1,5,2,1,7,4,1,,2,,3,b'\x11\xe8\xe1I\xd9\xd8{v\x98|\x12\xdf\x17\xaeN\x1e'
11E8E149-D9D8-7B76-987C-12DF17AE4E1E,2026-ncaa-d2-natl,genius_ncaa,9,1,141,1,170,46,60,133,12,60,144,15,85,126,54,155,30,35,108,35,19,111,159,9,11,3,128,154,78,62,11,77,5,69,3,85,164,33,6,12,196,183,137,108,,,55,48,,60,6,180,135,88,2,6,53,18,107,57,93,12,8,10,26,82,34,15,9,53,17,200,127,,36,,65,6,99,98,95,108,76,81,120,168,163,151,227,101,85,235,77,137,92,97,130,148,120,218,213,155,22,5,73,11,40,3,28,10,166,117,31,38,21,29,21,,,64,25,,19,6,127,1,79,4,91,86,95,65,65,185,189,113,90,84,74,80,9,32,12,12,146,31,29,,18,,12,b'\x11\xe8\xe1I\xd9\xd8{v\x98|\x12\xdf\x17\xaeN\x1e'
11E8E149-D9DC-B3C6-987C-12DF17AE4E1E,2018-ncaa-d2-conf-MEC,ncaa,11,11,11,11,12,11,10,6,12,9,4,12,10,9,9,9,12,12,7,12,12,9,11,11,11,11,8,8,6,2,3,10,5,7,6,5,1,2,3,3,5,4,11,9,,,3,6,,,11,12,6,12,10,8,3,7,2,8,7,12,12,12,4,6,2,7,4,3,4,5,9,,5,,,11,3,3,2,6,2,1,10,7,8,5,10,2,4,2,4,10,3,2,9,8,8,8,10,6,3,5,8,3,3,6,9,11,9,6,10,3,4,1,1,,,12,8,,,11,3,11,6,10,6,5,5,4,3,10,10,5,7,7,4,3,4,9,7,11,6,4,1,,7,,,b'\x11\xe8\xe1I\xd9\xdc\xb3\xc6\x98|\x12\xdf\x17\xaeN\x1e'
11E8E149-D9DC-B3C6-987C-12DF17AE4E1E,2018-ncaa-d2-natl,ncaa,225,254,105,241,133,142,111,58,231,82,30,237,211,191,253,236,217,252,69,254,304,86,96,254,253,222,282,240,251,61,120,121,125,95,159,59,28,139,84,56,85,94,238,243,,,164,109,,,243,111,83,205,170,110,26,70,19,233,211,246,266,274,55,80,56,138,81,46,121,86,253,,156,,,238,262,264,222,235,224,123,277,270,285,165,287,158,176,80,181,196,220,212,252,238,236,200,253,89,159,125,261,120,241,159,294,295,130,162,254,181,137,26,7,,,222,289,,,243,214,212,220,229,244,250,219,207,101,266,282,144,165,171,213,204,151,269,239,295,138,164,27,,256,,,b'\x11\xe8\xe1I\xd9\xdc\xb3\xc6\x98|\x12\xdf\x17\xaeN\x1e'
11E8E149-D9DC-B3C6-987C-12DF17AE4E1E,2019-ncaa-d2-conf-MEC,ncaa,9,9,4,9,5,11,9,4,10,6,2,11,10,6,12,9,12,12,10,12,12,4,4,11,12,11,12,11,12,4,4,9,5,6,7,4,2,7,5,5,5,5,9,8,,,4,6,,,10,6,9,3,11,10,4,7,1,11,9,12,12,12,6,7,4,11,7,4,6,5,10,,4,,,10,8,7,6,8,7,6,7,8,7,11,7,8,6,11,7,7,6,7,8,9,9,8,6,9,3,5,10,4,8,7,10,10,5,5,6,5,4,6,3,,,10,10,,,10,7,11,8,10,6,5,3,4,3,7,5,6,5,6,2,2,3,8,7,9,7,5,4,,11,,,b'\x11\xe8\xe1I\xd9\xdc\xb3\xc6\x98|\x12\xdf\x17\xaeN\x1e'
11E8E149-D9DC-B3C6-987C-12DF17AE4E1E,2019-ncaa-d2-natl,ncaa,250,259,182,256,193,190,125,67,234,73,32,218,258,213,293,249,288,288,181,288,309,103,114,266,280,255,304,269,293,61,76,211,190,134,177,93,74,140,105,99,98,101,198,211,,,159,148,,,274,147,69,76,178,80,11,29,3,272,208,290,292,291,30,34,32,199,81,54,170,77,202,,192,,,269,276,244,164,268,227,167,246,234,154,280,144,257,230,267,232,218,179,163,266,276,276,178,160,200,155,190,239,76,210,177,232,161,172,198,223,147,116,206,100,,,246,293,,,274,158,237,267,267,283,269,222,254,208,249,196,270,243,247,244,232,170,264,245,241,160,168,227,,249,,,b'\x11\xe8\xe1I\xd9\xdc\xb3\xc6\x98|\x12\xdf\x17\xaeN\x1e'
11E8E149-D9DC-B3C6-987C-12DF17AE4E1E,2020-ncaa-d2-conf-MEC,ncaa,12,12,11,12,11,12,11,11,12,10,8,12,12,11,12,9,12,12,12,12,12,11,11,12,12,12,11,10,11,7,5,12,9,10,9,12,4,10,11,12,11,9,11,9,,,1,2,,,12,10,7,7,12,11,7,10,5,12,9,12,12,12,9,5,5,12,7,10,11,10,10,,2,,,12,6,8,5,7,5,4,8,11,8,12,7,1,1,2,1,1,4,3,10,9,12,7,12,1,5,9,6,5,5,9,6,6,12,10,11,12,11,3,4,,,12,10,,,12,3,12,11,12,9,10,9,7,6,11,8,2,2,2,9,6,6,8,8,10,10,12,5,,12,,,b'\x11\xe8\xe1I\xd9\xdc\xb3\xc6\x98|\x12\xdf\x17\xaeN\x1e'
11E8E149-D9DC-B3C6-987C-12DF17AE4E1E,2020-ncaa-d2-natl,ncaa,277,289,173,286,210,227,197,114,258,134,48,261,274,255,280,270,263,246,252,246,302,149,100,275,282,285,297,268,242,102,129,191,225,156,192,201,177,290,275,260,214,246,223,250,,,72,37,,,306,97,29,227,250,198,69,109,23,275,258,273,251,254,107,49,91,181,122,202,290,212,224,,82,,,299,296,302,279,292,286,250,269,301,277,306,228,80,84,136,88,43,266,216,298,286,300,135,266,9,208,225,194,129,209,192,260,79,237,286,281,303,289,137,71,,,207,273,,,306,216,284,296,297,303,305,303,293,277,302,283,87,91,93,298,272,221,214,227,263,248,304,148,,204,,,b'\x11\xe8\xe1I\xd9\xdc\xb3\xc6\x98|\x12\xdf\x17\xaeN\x1e'
11E8E149-D9DC-B3C6-987C-12DF17AE4E1E,2021-ncaa-d2-conf-MEC,ncaa,10,9,5,10,7,10,10,8,10,4,4,10,11,11,11,11,11,10,5,10,12,8,8,10,10,10,12,12,6,11,11,4,9,6,10,7,4,11,9,9,7,8,5,5,,,2,2,,,10,6,7,11,11,11,8,6,5,12,11,12,11,11,9,9,11,4,7,7,10,8,4,,2,,,10,7,8,10,7,7,7,7,9,10,6,9,5,6,2,6,7,10,7,7,7,8,8,9,4,9,9,9,11,10,10,8,9,7,8,9,11,12,3,2,,,10,8,,,10,7,10,8,10,7,7,10,6,6,10,9,6,6,6,8,6,8,8,9,8,8,12,3,,11,,,b'\x11\xe8\xe1I\xd9\xdc\xb3\xc6\x98|\x12\xdf\x17\xaeN\x1e'
11E8E149-D9DC-B3C6-987C-12DF17AE4E1E,2021-ncaa-d2-natl,ncaa,125,170,99,157,112,110,95,89,134,49,43,107,182,162,219,213,128,128,106,124,215,93,88,177,179,183,225,225,151,96,150,68,173,80,165,89,114,178,171,151,114,175,57,88,,,102,20,,,210,83,20,220,129,79,46,20,18,221,212,161,167,161,55,30,106,24,48,85,198,143,58,,59,,,201,168,175,170,143,176,161,144,177,180,118,148,116,135,42,132,64,167,156,147,119,163,88,141,39,196,173,159,150,174,165,158,53,118,196,172,216,216,108,35,,,108,195,,,210,144,182,184,196,207,208,219,199,198,196,212,105,125,122,216,213,205,196,209,172,146,221,80,,140,,,b'\x11\xe8\xe1I\xd9\xdc\xb3\xc6\x98|\x12\xdf\x17\xaeN\x1e'
11E8E149-D9DC-B3C6-987C-12DF17AE4E1E,2022-ncaa-d2-conf-MEC,ncaa,12,12,10,12,11,12,12,12,12,12,5,12,12,12,12,12,11,11,12,11,11,12,11,12,12,12,12,12,8,3,5,9,7,6,7,12,8,10,12,12,9,6,6,6,,,3,6,,,12,12,10,9,12,12,12,11,3,12,12,11,11,11,11,8,3,7,5,12,11,8,6,,4,,,12,5,4,2,8,2,1,9,12,11,11,12,3,3,8,2,8,1,1,11,11,11,11,12,3,5,7,4,5,6,7,11,12,11,9,12,10,12,8,7,,,11,8,,,12,1,12,12,12,9,8,5,3,2,12,12,4,3,3,5,1,7,7,7,12,10,12,10,,11,,,b'\x11\xe8\xe1I\xd9\xdc\xb3\xc6\x98|\x12\xdf\x17\xaeN\x1e'
11E8E149-D9DC-B3C6-987C-12DF17AE4E1E,2022-ncaa-d2-natl,ncaa,275,283,196,282,216,253,232,175,278,164,68,271,285,274,289,282,218,182,260,181,251,177,137,288,287,287,290,286,120,68,63,172,226,133,144,262,265,262,259,278,227,245,177,176,,,87,83,,,289,161,75,224,270,252,112,129,25,288,281,211,160,165,118,50,45,136,69,272,273,221,168,,124,,,290,238,238,205,238,171,113,245,290,285,248,283,106,109,122,107,140,188,140,256,250,276,248,280,48,222,226,124,63,159,144,261,224,256,278,287,261,253,128,88,,,153,165,,,289,125,280,285,289,279,278,280,225,149,296,295,134,138,134,271,219,239,178,211,282,255,265,154,,102,,,b'\x11\xe8\xe1I\xd9\xdc\xb3\xc6\x98|\x12\xdf\x17\xaeN\x1e'
11E8E149-D9DC-B3C6-987C-12DF17AE4E1E,2023-ncaa-d2-conf-MEC,ncaa,11,11,11,11,11,12,12,12,11,12,11,11,11,11,11,6,11,11,11,11,11,12,12,11,12,12,10,7,8,8,5,10,7,10,7,10,4,4,9,9,11,10,11,11,,,1,5,,,10,12,12,8,12,12,12,12,11,10,9,11,11,11,12,12,7,9,9,10,8,10,11,,1,,,10,1,2,1,7,3,1,8,6,7,6,11,2,2,3,2,8,1,1,8,8,9,9,11,6,3,7,1,5,1,7,5,9,12,10,11,4,8,4,7,,,12,7,,,10,1,12,10,10,4,2,3,3,2,7,9,4,5,5,3,1,5,2,2,8,12,6,5,,11,,,b'\x11\xe8\xe1I\xd9\xdc\xb3\xc6\x98|\x12\xdf\x17\xaeN\x1e'
11E8E149-D9DC-B3C6-987C-12DF17AE4E1E,2023-ncaa-d2-natl,ncaa,267,250,239,270,246,263,239,239,209,213,199,211,235,245,207,194,285,264,277,262,242,254,249,222,250,259,244,185,253,136,71,234,237,214,154,238,191,171,242,237,241,227,269,262,,,79,145,,,263,257,194,128,255,214,191,174,115,223,212,275,244,230,209,152,82,196,129,218,238,218,266,,144,,,266,101,113,90,188,87,44,232,196,201,144,253,86,99,48,99,195,84,62,212,194,223,208,233,102,179,237,34,71,66,154,135,164,251,228,228,120,186,111,139,,,213,127,,,263,43,247,250,265,227,225,223,179,97,247,271,140,169,173,230,174,240,82,166,203,216,184,154,,136,,,b'\x11\xe8\xe1I\xd9\xdc\xb3\xc6\x98|\x12\xdf\x17\xaeN\x1e'
11E8E149-D9DC-B3C6-987C-12DF17AE4E1E,2024-ncaa-d2-conf-MEC,ncaa,8,8,3,8,4,10,7,8,4,8,9,6,6,7,4,6,11,11,4,11,11,11,10,4,4,8,8,5,10,6,2,9,5,9,3,3,2,5,8,2,9,8,7,3,,,4,11,,,9,11,11,6,10,8,11,9,9,6,7,11,11,11,11,11,6,10,11,3,3,9,7,,3,,,8,3,2,3,6,2,2,9,9,7,7,9,6,5,11,5,10,3,1,8,9,10,8,8,10,2,5,1,2,1,3,7,9,11,9,11,3,6,1,1,,,10,9,,,9,1,8,10,9,4,2,2,2,1,8,7,5,3,4,2,1,2,1,1,7,11,3,1,,11,,,b'\x11\xe8\xe1I\xd9\xdc\xb3\xc6\x98|\x12\xdf\x17\xaeN\x1e'
11E8E149-D9DC-B3C6-987C-12DF17AE4E1E,2024-ncaa-d2-natl,ncaa,201,197,207,206,227,172,151,218,58,139,165,96,165,222,48,197,251,263,51,263,273,232,218,71,85,120,224,160,254,120,8,265,218,241,35,83,38,182,233,111,222,213,147,103,,,137,233,,,177,239,197,130,122,82,159,87,104,142,211,242,266,265,197,133,77,282,228,38,219,221,133,,189,,,175,144,110,61,225,89,39,251,200,185,192,239,186,175,174,181,262,72,50,244,246,267,243,217,193,84,218,7,8,9,35,143,185,251,230,249,191,234,20,20,,,230,203,,,177,55,104,262,182,221,181,126,138,51,234,230,218,206,213,157,98,124,1,5,194,231,222,19,,207,,,b'\x11\xe8\xe1I\xd9\xdc\xb3\xc6\x98|\x12\xdf\x17\xaeN\x1e'
11E8E149-D9DC-B3C6-987C-12DF17AE4E1E,2025-ncaa-d2-conf-MEC,genius_ncaa,2,2,6,2,7,7,7,10,2,6,8,3,9,9,4,8,7,10,1,9,9,11,11,3,3,3,8,8,8,10,8,11,5,11,6,7,3,1,5,3,8,7,8,8,,,1,2,,1,5,11,11,4,6,6,10,4,7,9,9,7,11,10,11,11,10,11,11,6,2,8,9,,1,,1,5,2,2,2,4,2,3,2,8,8,9,9,3,2,10,2,5,2,1,6,6,9,10,11,4,3,5,1,8,1,6,5,8,11,8,9,1,6,2,4,,,10,5,,10,5,1,3,8,6,3,3,2,2,3,9,9,4,3,4,2,1,3,1,1,6,10,2,3,,10,,10,b'\x11\xe8\xe1I\xd9\xdc\xb3\xc6\x98|\x12\xdf\x17\xaeN\x1e'
11E8E149-D9DC-B3C6-987C-12DF17AE4E1E,2025-ncaa-d2-natl,genius_ncaa,95,62,207,75,213,135,138,204,47,131,183,57,143,192,48,166,136,211,4,209,187,210,238,45,36,43,163,156,144,191,62,250,198,241,82,159,185,66,128,110,201,168,214,198,,,21,34,,199,92,240,230,126,71,73,169,73,139,122,176,98,186,186,181,210,171,262,238,131,101,181,203,,26,,218,94,71,89,98,135,54,65,119,215,187,241,240,33,34,178,35,78,74,54,174,149,196,240,266,61,100,198,11,62,16,82,63,74,256,232,185,90,147,51,61,,,187,115,,227,92,49,46,193,100,129,143,159,83,92,244,228,63,56,59,115,69,143,2,19,100,248,124,57,,146,,222,b'\x11\xe8\xe1I\xd9\xdc\xb3\xc6\x98|\x12\xdf\x17\xaeN\x1e'
11E8E149-D9DC-B3C6-987C-12DF17AE4E1E,2026-ncaa-d2-conf-MEC,genius_ncaa,2,2,1,2,1,1,1,5,1,1,5,1,3,6,2,7,8,9,5,8,8,6,7,1,1,1,8,5,11,8,6,7,8,8,7,1,3,5,4,2,6,8,4,4,,,4,2,,7,1,7,9,1,1,1,7,1,6,4,7,10,10,9,8,8,10,7,8,1,4,8,4,,3,,6,1,5,7,11,3,8,8,4,6,9,4,8,3,3,1,3,3,8,7,3,2,4,5,9,2,10,8,2,6,6,7,9,9,7,8,10,6,8,7,6,,,7,10,,11,1,4,1,8,1,4,6,11,6,7,6,9,2,3,3,7,6,10,1,3,9,8,5,6,,10,,11,b'\x11\xe8\xe1I\xd9\xdc\xb3\xc6\x98|\x12\xdf\x17\xaeN\x1e'
11E8E149-D9DC-B3C6-987C-12DF17AE4E1E,2026-ncaa-d2-natl,genius_ncaa,157,53,268,110,271,231,192,281,1,145,253,2,242,286,7,257,269,285,37,285,281,284,290,2,3,1,280,231,272,287,153,286,153,291,97,210,209,8,62,25,288,238,248,221,,,18,120,,183,88,284,233,88,12,3,173,2,57,164,264,193,253,258,212,272,269,246,276,61,34,247,199,,79,,271,61,34,44,28,249,52,28,232,89,42,249,177,17,15,142,14,36,22,13,255,234,274,115,203,27,20,153,6,153,5,97,103,244,293,281,292,9,68,14,18,,,285,216,,295,88,14,3,275,62,209,247,194,214,177,222,176,47,40,42,149,46,98,5,8,266,288,39,34,,256,,295,b'\x11\xe8\xe1I\xd9\xdc\xb3\xc6\x98|\x12\xdf\x17\xaeN\x1e'
11E8E149-D9E1-1F60-987C-12DF17AE4E1E,2018-ncaa-d2-conf-MEC,ncaa,3,3,3,3,3,3,4,2,9,7,10,6,2,2,5,2,10,10,8,9,7,2,2,6,7,6,2,2,11,3,7,6,11,3,12,4,6,6,2,4,3,5,2,2,,,5,3,,,6,2,4,7,3,5,2,8,11,2,2,11,10,11,2,2,4,6,5,5,5,4,2,,4,,,6,12,10,11,5,8,9,6,12,12,10,11,8,8,6,6,5,11,11,10,10,9,11,12,2,12,11,11,7,11,12,12,12,5,8,11,8,3,11,12,,,9,12,,,6,10,4,11,7,11,11,10,9,9,12,12,7,6,6,10,10,12,11,12,12,5,7,11,,11,,,b'\x11\xe8\xe1I\xd9\xe1\x1f`\x98|\x12\xdf\x17\xaeN\x1e'
11E8E149-D9E1-1F60-987C-12DF17AE4E1E,2018-ncaa-d2-natl,ncaa,134,179,41,158,50,33,37,11,188,100,113,127,6,3,150,9,165,183,120,185,231,13,15,130,151,117,28,12,293,48,177,55,280,41,262,65,195,178,42,82,46,122,23,42,,,191,27,,,210,15,27,109,35,36,8,154,185,4,2,230,246,246,15,23,69,90,76,80,99,64,32,,105,,,203,307,306,302,229,297,282,228,309,309,251,282,206,198,174,199,84,301,302,257,241,255,205,286,35,307,280,307,177,308,262,309,307,84,219,304,242,112,305,299,,,176,302,,,210,293,110,279,208,300,300,299,277,254,304,305,146,135,134,294,292,299,292,298,308,131,180,303,,258,,,b'\x11\xe8\xe1I\xd9\xe1\x1f`\x98|\x12\xdf\x17\xaeN\x1e'
11E8E149-D9E1-1F60-987C-12DF17AE4E1E,2019-ncaa-d2-conf-MEC,ncaa,9,9,4,9,6,5,6,2,11,11,10,10,3,2,10,2,4,3,4,3,2,2,2,10,10,9,1,3,2,2,3,6,12,2,10,10,11,12,8,11,2,3,3,3,,,10,5,,,9,2,2,7,4,7,2,11,10,3,2,2,2,2,2,2,2,5,3,11,12,2,3,,8,,,9,11,11,10,9,10,10,9,12,12,10,10,4,4,2,4,4,10,11,10,8,8,6,10,2,12,12,11,3,11,10,12,12,3,3,12,10,5,12,12,,,5,9,,,9,11,8,9,9,12,12,12,9,10,12,12,4,4,4,12,11,12,12,12,12,2,9,12,,7,,,b'\x11\xe8\xe1I\xd9\xe1\x1f`\x98|\x12\xdf\x17\xaeN\x1e'
11E8E149-D9E1-1F60-987C-12DF17AE4E1E,2019-ncaa-d2-natl,ncaa,232,285,46,255,68,25,38,6,242,96,70,166,15,3,232,23,13,18,93,18,40,7,4,203,186,190,28,49,95,8,62,54,304,17,236,107,257,308,202,245,17,90,10,52,,,286,63,,,266,6,3,207,12,39,4,138,123,15,3,9,22,22,5,3,13,79,15,149,295,20,11,,262,,,253,310,310,308,279,309,305,289,307,310,210,191,250,253,104,255,67,309,308,278,263,248,63,162,24,311,304,308,62,309,236,311,308,24,157,294,300,183,311,310,,,55,286,,,266,307,160,280,244,310,310,311,307,306,297,297,208,220,223,311,310,311,296,306,310,31,284,311,,89,,,b'\x11\xe8\xe1I\xd9\xe1\x1f`\x98|\x12\xdf\x17\xaeN\x1e'
11E8E149-D9E1-1F60-987C-12DF17AE4E1E,2020-ncaa-d2-conf-MEC,ncaa,8,9,3,9,6,2,3,2,7,7,7,6,3,3,7,3,6,3,8,3,4,2,2,6,7,7,2,3,8,2,4,7,12,3,11,6,10,8,5,8,3,4,6,7,,,9,3,,,9,2,2,12,2,3,2,7,9,3,3,6,4,4,2,2,3,11,5,8,8,2,6,,9,,,8,12,12,12,11,10,9,12,12,12,11,11,6,8,1,8,8,12,12,12,11,10,10,10,2,12,12,12,4,12,11,12,12,3,5,10,4,4,10,9,,,6,11,,,9,11,7,12,8,12,12,12,9,9,12,12,6,8,8,12,12,12,10,12,12,2,6,10,,8,,,b'\x11\xe8\xe1I\xd9\xe1\x1f`\x98|\x12\xdf\x17\xaeN\x1e'
11E8E149-D9E1-1F60-987C-12DF17AE4E1E,2020-ncaa-d2-natl,ncaa,193,254,17,217,52,4,6,2,118,15,22,62,7,3,154,36,23,17,173,20,89,2,2,92,105,77,71,56,210,10,86,60,308,16,273,69,285,269,52,140,17,94,117,209,,,281,44,,,239,2,2,286,4,6,2,25,48,9,4,41,37,40,2,2,16,132,31,110,206,26,139,,247,,,226,311,311,311,300,309,309,302,310,310,279,246,264,272,64,269,103,311,311,304,295,288,113,240,17,311,308,310,86,311,273,311,257,17,158,268,238,47,215,117,,,33,293,,,239,310,62,304,212,310,310,311,307,305,306,309,213,231,231,311,311,310,304,311,310,37,171,173,,85,,,b'\x11\xe8\xe1I\xd9\xe1\x1f`\x98|\x12\xdf\x17\xaeN\x1e'
11E8E149-D9E1-1F60-987C-12DF17AE4E1E,2021-ncaa-d2-conf-MEC,ncaa,6,5,8,5,9,3,3,2,8,6,10,3,1,1,10,1,6,7,8,7,4,2,2,5,7,4,2,1,11,1,2,11,12,5,9,5,5,3,3,3,1,2,9,11,,,11,10,,,4,3,1,5,2,2,2,3,8,1,1,4,3,3,2,2,2,9,3,4,5,1,8,,11,,,4,8,9,5,9,9,9,8,3,3,10,2,11,10,9,11,9,6,10,8,9,5,4,3,11,11,12,8,2,11,9,11,11,1,2,5,2,2,9,10,,,8,11,,,4,9,2,6,4,10,11,8,11,11,4,3,11,11,11,11,12,12,11,12,11,1,2,10,,8,,,b'\x11\xe8\xe1I\xd9\xe1\x1f`\x98|\x12\xdf\x17\xaeN\x1e'
11E8E149-D9E1-1F60-987C-12DF17AE4E1E,2021-ncaa-d2-natl,ncaa,97,112,114,98,123,37,35,27,81,53,87,18,14,5,167,4,91,84,138,83,99,31,41,64,82,46,72,35,206,8,16,125,217,71,158,59,178,109,20,49,5,3,149,209,,,190,148,,,46,61,1,121,2,2,2,9,41,2,1,57,40,40,2,1,3,139,9,26,125,1,175,,222,,,45,172,176,147,204,193,183,184,93,75,186,8,191,196,113,193,123,151,172,182,188,118,24,18,149,218,217,157,16,185,158,190,160,11,16,63,62,7,151,125,,,102,214,,,46,164,21,148,55,223,222,215,221,221,82,42,220,222,220,222,226,220,215,221,220,1,33,173,,66,,,b'\x11\xe8\xe1I\xd9\xe1\x1f`\x98|\x12\xdf\x17\xaeN\x1e'
11E8E149-D9E1-1F60-987C-12DF17AE4E1E,2022-ncaa-d2-conf-MEC,ncaa,5,5,6,6,6,5,5,2,10,9,9,8,3,1,9,1,3,3,5,4,2,2,2,8,8,7,1,2,7,2,2,11,9,3,6,6,7,5,3,6,2,2,8,9,,,7,7,,,5,4,1,5,4,4,2,9,8,3,1,2,1,1,2,1,1,12,2,6,6,2,8,,8,,,5,10,10,3,12,9,7,12,4,3,12,4,7,7,6,7,4,3,9,12,12,6,3,4,5,6,9,12,2,10,6,12,11,2,2,4,4,2,11,12,,,8,11,,,5,9,6,5,5,10,10,4,10,8,4,4,7,7,7,4,12,5,12,11,11,2,5,12,,8,,,b'\x11\xe8\xe1I\xd9\xe1\x1f`\x98|\x12\xdf\x17\xaeN\x1e'
11E8E149-D9E1-1F60-987C-12DF17AE4E1E,2022-ncaa-d2-natl,ncaa,78,107,64,96,77,24,39,5,243,95,71,165,7,2,224,11,18,19,149,20,34,5,3,202,193,153,10,25,116,3,23,160,265,36,172,105,251,239,52,171,7,17,211,259,,,272,126,,,98,11,4,50,7,20,3,124,111,5,1,13,16,17,3,2,1,242,27,141,195,8,227,,249,,,100,295,294,267,286,295,280,268,161,116,239,39,240,247,93,244,109,270,292,277,268,169,19,42,85,273,265,293,23,296,172,293,179,7,12,71,146,16,265,227,,,46,265,,,98,292,91,165,108,284,289,263,295,287,126,78,198,216,211,267,296,241,288,282,277,4,104,247,,55,,,b'\x11\xe8\xe1I\xd9\xe1\x1f`\x98|\x12\xdf\x17\xaeN\x1e'
11E8E149-D9E1-1F60-987C-12DF17AE4E1E,2023-ncaa-d2-conf-MEC,ncaa,3,2,6,2,6,2,2,1,10,4,2,8,3,2,5,3,4,5,1,5,7,1,1,7,8,6,4,3,7,1,1,7,10,1,1,2,2,6,2,2,2,2,5,8,,,9,6,,,2,2,1,1,1,1,1,2,1,3,1,2,5,5,1,1,1,4,1,2,7,2,4,,11,,,2,6,5,7,6,7,10,6,4,4,7,4,7,7,2,8,5,6,12,4,4,1,4,4,8,12,10,12,1,12,1,11,10,2,2,3,3,2,10,8,,,6,11,,,2,12,2,2,2,8,7,9,9,10,4,4,7,8,8,8,12,12,12,12,10,2,4,10,,4,,,b'\x11\xe8\xe1I\xd9\xe1\x1f`\x98|\x12\xdf\x17\xaeN\x1e'
11E8E149-D9E1-1F60-987C-12DF17AE4E1E,2023-ncaa-d2-natl,ncaa,53,29,110,41,118,5,8,2,177,16,16,112,8,3,193,33,18,25,60,23,166,2,2,144,137,96,66,58,189,1,1,80,274,1,44,13,144,244,24,53,3,8,52,130,,,285,122,,,15,6,1,40,1,1,1,7,5,6,2,8,21,22,1,1,1,57,1,6,228,2,57,,287,,,12,287,287,282,200,289,288,174,167,160,171,54,240,260,59,259,110,282,294,172,159,61,40,62,120,296,274,278,1,295,44,287,195,4,13,51,178,9,247,116,,,23,272,,,15,293,20,87,22,289,288,292,290,295,164,150,232,250,254,292,298,295,286,296,282,2,162,249,,12,,,b'\x11\xe8\xe1I\xd9\xe1\x1f`\x98|\x12\xdf\x17\xaeN\x1e'
11E8E149-D9E1-1F60-987C-12DF17AE4E1E,2024-ncaa-d2-conf-MEC,ncaa,2,2,1,2,1,1,1,1,11,6,2,10,2,1,6,3,3,1,8,1,4,1,1,10,10,9,2,2,7,1,1,1,4,1,1,1,3,11,3,4,2,2,4,7,,,11,9,,,1,1,2,2,2,3,2,8,5,2,2,5,1,1,2,1,1,4,1,2,8,2,6,,10,,,1,7,7,7,3,8,9,2,5,5,9,4,8,9,4,9,5,9,11,3,4,1,6,4,9,8,4,10,1,9,1,8,10,2,2,3,9,1,10,9,,,1,8,,,1,11,3,1,2,5,4,5,4,7,4,4,6,7,7,5,9,6,9,7,8,2,4,10,,2,,,b'\x11\xe8\xe1I\xd9\xe1\x1f`\x98|\x12\xdf\x17\xaeN\x1e'
11E8E149-D9E1-1F60-987C-12DF17AE4E1E,2024-ncaa-d2-natl,ncaa,55,59,78,64,81,15,30,7,229,71,36,192,6,3,167,27,18,12,191,11,42,6,3,176,173,166,26,29,127,1,1,78,234,6,24,31,87,295,130,134,5,7,125,180,,,288,188,,,33,9,2,22,5,10,2,84,44,7,3,21,11,10,2,2,1,96,1,18,274,4,142,,283,,,34,263,253,264,155,256,262,126,214,191,204,113,240,247,109,250,157,268,290,148,151,46,143,142,163,278,234,244,1,267,24,270,218,6,10,32,287,133,293,266,,,24,242,,,33,288,78,50,45,240,232,260,237,256,196,165,210,211,215,262,298,266,228,256,252,4,260,290,,15,,,b'\x11\xe8\xe1I\xd9\xe1\x1f`\x98|\x12\xdf\x17\xaeN\x1e'
11E8E149-D9E1-1F60-987C-12DF17AE4E1E,2025-ncaa-d2-conf-MEC,genius_ncaa,6,7,1,7,1,3,3,2,10,5,2,10,2,2,7,3,3,2,8,2,5,2,2,9,10,9,3,2,9,1,1,6,8,1,5,2,4,11,4,6,1,1,1,1,,,10,7,,7,4,2,2,3,4,5,2,7,4,3,2,6,2,2,2,2,1,8,1,4,10,1,1,,9,,5,4,10,7,10,7,8,9,5,7,4,8,3,10,10,7,9,8,9,10,7,8,2,4,3,8,10,8,10,1,11,5,10,9,1,1,3,8,1,11,10,,,5,10,,11,4,10,8,3,4,5,6,6,7,7,5,3,7,8,9,5,10,8,9,9,10,1,4,11,,7,,11,b'\x11\xe8\xe1I\xd9\xe1\x1f`\x98|\x12\xdf\x17\xaeN\x1e'
11E8E149-D9E1-1F60-987C-12DF17AE4E1E,2025-ncaa-d2-natl,genius_ncaa,79,131,25,113,29,16,21,3,266,49,8,265,5,4,149,48,43,19,260,18,135,3,3,227,243,217,40,34,212,1,2,66,277,2,100,44,169,300,120,179,3,4,10,37,,,295,113,,286,46,4,3,100,12,18,2,79,21,8,4,81,35,34,2,2,1,144,1,65,272,2,12,,264,,275,55,287,283,296,140,291,295,112,188,200,145,58,283,285,150,284,153,298,300,116,124,26,87,75,195,301,277,298,2,301,100,279,160,5,9,19,281,58,298,272,,,26,287,,219,46,298,129,39,69,229,228,270,242,285,116,111,234,230,233,275,301,293,277,292,220,4,221,294,,66,,254,b'\x11\xe8\xe1I\xd9\xe1\x1f`\x98|\x12\xdf\x17\xaeN\x1e'
11E8E149-D9E1-1F60-987C-12DF17AE4E1E,2026-ncaa-d2-conf-MEC,genius_ncaa,6,8,1,8,1,5,4,3,3,3,1,8,6,9,4,11,5,8,3,8,11,4,3,5,5,8,10,9,8,3,3,4,6,4,4,3,5,8,10,5,3,4,2,2,,,7,6,,10,8,3,4,1,5,4,4,3,2,8,10,7,9,9,5,4,3,4,4,3,8,4,2,,6,,10,8,8,7,8,4,6,5,5,9,11,5,11,6,6,9,6,6,9,9,4,6,7,10,10,6,9,6,6,3,9,4,8,8,3,6,6,11,11,10,8,,,8,11,,6,8,9,6,4,8,7,6,8,3,3,9,11,5,5,5,8,8,7,3,7,8,5,11,9,,11,,7,b'\x11\xe8\xe1I\xd9\xe1\x1f`\x98|\x12\xdf\x17\xaeN\x1e'
11E8E149-D9E1-1F60-987C-12DF17AE4E1E,2026-ncaa-d2-natl,genius_ncaa,157,196,59,188,84,52,39,78,31,25,34,74,167,207,85,259,75,98,66,102,236,81,55,63,63,115,258,243,164,77,51,86,161,84,61,88,200,279,242,198,133,215,9,13,,,206,91,,281,176,53,28,88,54,33,84,15,30,206,251,100,136,141,87,39,112,115,110,110,265,186,9,,161,,274,176,252,252,261,181,242,243,170,231,238,176,165,247,213,285,202,115,257,244,186,207,223,169,166,165,207,161,119,51,150,61,192,75,94,183,151,259,214,204,129,,,126,253,,165,176,246,118,208,170,270,253,268,235,233,217,219,232,175,162,269,260,177,30,66,165,133,238,187,,193,,202,b'\x11\xe8\xe1I\xd9\xe1\x1f`\x98|\x12\xdf\x17\xaeN\x1e'
11E8E149-D9E5-734E-987C-12DF17AE4E1E,2018-ncaa-d2-conf-RMAC,ncaa,11,11,9,11,14,12,13,14,8,11,10,8,11,12,9,10,9,9,7,9,4,13,9,9,8,10,9,9,5,10,8,12,13,10,7,10,6,15,15,12,6,5,11,12,,,7,9,,,11,9,5,13,12,13,14,10,10,10,11,7,9,9,13,9,10,10,10,10,15,5,11,,11,,,11,5,6,5,10,8,11,9,2,2,11,2,6,6,7,6,6,4,7,11,12,10,4,3,8,10,13,2,8,2,7,4,3,6,5,5,14,14,14,13,,,9,7,,,11,6,11,10,11,11,9,9,10,14,2,3,8,10,10,10,11,13,3,7,6,5,14,14,,8,,,b'\x11\xe8\xe1I\xd9\xe5sN\x98|\x12\xdf\x17\xaeN\x1e'
11E8E149-D9E5-734E-987C-12DF17AE4E1E,2018-ncaa-d2-natl,ncaa,225,245,148,236,185,250,265,270,216,241,238,190,247,241,234,191,173,180,144,175,91,253,217,216,201,255,164,215,53,228,190,198,143,217,161,224,115,277,301,272,147,123,260,272,,,152,214,,,217,221,217,211,281,289,302,260,255,259,244,165,166,163,294,245,232,222,245,237,282,148,266,,172,,,213,60,73,86,149,133,153,126,32,33,131,34,120,103,208,105,109,81,87,111,116,103,53,45,189,105,143,71,190,73,161,74,107,142,99,92,271,290,203,254,,,170,94,,,217,89,267,105,219,76,94,72,147,180,30,19,131,109,114,65,84,118,75,78,82,130,278,214,,159,,,b'\x11\xe8\xe1I\xd9\xe5sN\x98|\x12\xdf\x17\xaeN\x1e'
11E8E149-D9E5-734E-987C-12DF17AE4E1E,2019-ncaa-d2-conf-RMAC,ncaa,7,7,5,8,10,11,13,16,9,13,13,9,8,14,3,11,1,2,9,2,1,15,12,7,5,12,4,9,1,11,11,12,8,11,6,9,5,15,15,13,7,5,16,16,,,9,11,,,8,12,12,12,12,14,16,14,14,9,13,1,2,2,15,12,13,12,12,10,15,7,16,,8,,,8,3,2,3,6,4,6,6,5,2,13,3,4,5,5,4,6,2,3,5,5,2,4,7,6,4,8,2,11,2,6,3,8,3,2,2,14,14,16,16,,,1,1,,,8,5,12,3,8,2,2,3,4,5,4,4,5,5,5,2,5,5,2,3,4,2,14,16,,1,,,b'\x11\xe8\xe1I\xd9\xe5sN\x98|\x12\xdf\x17\xaeN\x1e'
11E8E149-D9E5-734E-987C-12DF17AE4E1E,2019-ncaa-d2-natl,ncaa,121,95,227,110,253,261,282,300,143,284,294,186,184,256,32,169,104,108,165,111,3,295,290,115,83,155,35,125,7,275,228,230,36,265,91,220,66,151,276,213,157,69,291,288,,,113,269,,,105,289,289,259,260,284,309,289,293,166,244,58,64,67,306,298,278,190,263,203,212,135,295,,169,,,101,10,10,10,68,11,27,53,41,28,188,120,53,43,242,43,149,10,19,73,95,51,214,174,222,14,36,17,228,9,91,18,146,168,46,48,169,275,231,300,,,122,1,,,105,24,190,32,100,17,18,12,24,35,65,42,79,65,64,8,15,17,25,8,39,119,221,258,,46,,,b'\x11\xe8\xe1I\xd9\xe5sN\x98|\x12\xdf\x17\xaeN\x1e'
11E8E149-D9E5-734E-987C-12DF17AE4E1E,2020-ncaa-d2-conf-RMAC,ncaa,3,2,6,2,10,10,14,16,6,13,13,9,9,12,5,12,1,1,3,1,1,12,12,7,3,7,5,10,1,10,6,9,7,8,3,11,7,15,15,12,6,4,8,6,,,15,16,,,4,12,6,11,10,14,16,13,13,10,14,1,1,1,13,10,10,7,7,11,14,5,7,,15,,,3,1,1,2,1,2,7,1,1,1,1,4,11,10,6,11,12,3,6,1,1,1,7,1,16,4,7,2,6,1,3,1,1,1,1,1,8,7,16,15,,,1,1,,,4,7,9,1,3,2,2,2,3,6,1,3,11,12,13,2,9,6,2,2,1,1,8,16,,1,,,b'\x11\xe8\xe1I\xd9\xe5sN\x98|\x12\xdf\x17\xaeN\x1e'
11E8E149-D9E5-734E-987C-12DF17AE4E1E,2020-ncaa-d2-natl,ncaa,82,46,257,59,275,258,289,303,149,291,298,175,225,267,97,192,48,62,105,60,3,297,292,153,91,151,38,188,6,267,154,236,67,263,73,265,151,134,269,244,185,106,142,77,,,154,293,,,79,294,275,206,221,283,309,280,288,198,247,15,20,20,299,290,242,159,213,250,211,146,121,,237,,,71,8,9,9,25,9,15,40,18,33,14,151,89,102,111,104,243,11,14,26,30,25,198,88,281,23,67,10,154,8,73,8,57,165,63,22,39,140,294,310,,,57,1,,,79,18,166,20,66,10,11,13,18,29,22,67,155,160,169,16,32,53,23,23,13,105,80,301,,10,,,b'\x11\xe8\xe1I\xd9\xe5sN\x98|\x12\xdf\x17\xaeN\x1e'
11E8E149-D9E5-734E-987C-12DF17AE4E1E,2021-ncaa-d2-conf-RMAC,ncaa,4,4,4,3,4,4,6,6,4,5,4,7,4,6,3,11,2,2,5,2,2,4,5,4,3,2,2,6,2,7,10,5,8,6,8,9,13,7,4,6,7,9,7,7,,,11,8,,,4,5,7,7,2,7,11,8,6,5,8,2,2,2,6,11,10,7,7,12,6,9,7,,9,,,4,10,7,8,4,6,9,3,12,9,9,7,11,9,12,9,6,8,11,6,6,3,10,10,10,9,8,10,10,10,8,4,4,4,5,4,6,5,14,14,,,2,1,,,4,10,3,3,4,3,3,5,4,7,9,7,7,4,5,6,10,6,5,7,4,4,5,14,,2,,,b'\x11\xe8\xe1I\xd9\xe5sN\x98|\x12\xdf\x17\xaeN\x1e'
11E8E149-D9E5-734E-987C-12DF17AE4E1E,2021-ncaa-d2-natl,ncaa,44,66,82,49,84,92,106,114,95,108,109,134,73,113,23,136,39,40,85,39,18,103,107,83,68,55,43,88,24,123,165,89,80,107,119,138,195,96,59,129,99,128,90,101,,,131,134,,,58,102,165,80,109,139,179,153,140,83,135,20,29,29,142,180,174,124,158,192,39,139,116,,97,,,61,114,110,120,57,91,118,34,152,134,182,145,126,111,183,113,107,116,124,77,85,72,192,195,131,114,80,131,165,123,119,75,32,79,75,36,105,81,221,223,,,47,5,,,58,126,76,68,59,48,48,53,26,67,154,116,90,68,71,46,61,71,86,72,22,97,48,219,,17,,,b'\x11\xe8\xe1I\xd9\xe5sN\x98|\x12\xdf\x17\xaeN\x1e'
11E8E149-D9E5-734E-987C-12DF17AE4E1E,2022-ncaa-d2-conf-RMAC,ncaa,8,8,6,9,6,11,11,15,6,11,14,5,7,9,5,4,7,8,6,9,2,15,12,4,4,8,3,4,5,14,13,7,10,13,12,10,3,13,14,12,15,15,12,12,,,7,7,,,10,12,14,10,13,13,15,12,14,7,9,7,8,8,15,15,15,10,13,11,12,15,12,,6,,,10,8,10,7,11,13,10,11,1,1,8,1,6,7,3,6,6,7,4,10,9,9,2,1,6,9,10,2,13,5,12,4,1,10,11,7,13,14,11,14,,,5,2,,,10,4,9,9,10,7,9,5,11,11,1,1,5,5,7,4,1,9,2,2,5,12,13,11,,8,,,b'\x11\xe8\xe1I\xd9\xe5sN\x98|\x12\xdf\x17\xaeN\x1e'
11E8E149-D9E5-734E-987C-12DF17AE4E1E,2022-ncaa-d2-natl,ncaa,174,203,106,189,122,196,223,248,142,249,269,117,129,143,115,74,109,121,147,131,10,236,211,106,94,165,35,80,47,253,232,179,190,223,206,200,135,235,271,242,284,291,229,249,,,174,223,,,218,199,285,152,258,271,300,280,295,128,157,121,132,135,297,287,276,240,281,237,215,295,239,,151,,,211,146,171,134,216,215,197,204,49,55,99,44,135,153,77,161,139,133,105,177,170,209,31,40,141,158,190,83,232,105,206,46,16,231,238,158,234,265,194,275,,,74,5,,,218,96,189,220,221,110,150,67,212,183,42,33,122,139,148,73,35,142,40,75,39,259,220,193,,62,,,b'\x11\xe8\xe1I\xd9\xe5sN\x98|\x12\xdf\x17\xaeN\x1e'
11E8E149-D9E5-734E-987C-12DF17AE4E1E,2023-ncaa-d2-conf-RMAC,ncaa,14,11,13,14,13,15,15,15,6,15,15,7,9,11,4,2,11,13,11,13,3,15,15,6,5,10,2,4,6,14,12,8,9,12,9,12,6,8,14,13,15,15,9,9,,,4,12,,,12,15,15,5,15,15,15,15,15,7,8,10,9,10,15,15,14,4,11,12,12,15,8,,7,,,12,2,1,1,4,1,6,3,5,2,8,5,10,6,15,6,8,1,1,6,7,11,13,6,14,6,9,2,12,2,9,7,12,15,15,14,11,15,5,12,,,11,4,,,12,1,11,11,12,8,6,10,6,11,8,6,13,9,10,9,3,10,2,2,9,15,13,6,,9,,,b'\x11\xe8\xe1I\xd9\xe5sN\x98|\x12\xdf\x17\xaeN\x1e'
11E8E149-D9E5-734E-987C-12DF17AE4E1E,2023-ncaa-d2-natl,ncaa,256,266,148,261,153,255,259,274,219,281,290,164,127,117,159,35,208,195,207,196,27,273,263,167,170,206,23,44,111,260,225,94,53,158,93,251,160,160,251,244,295,294,172,156,,,138,240,,,238,255,294,71,279,287,298,295,297,115,97,205,191,197,296,295,253,44,138,264,177,297,170,,151,,,233,79,58,106,57,56,103,64,121,136,129,156,191,162,250,162,207,108,49,70,102,206,247,177,247,78,53,70,225,63,93,109,213,292,294,282,205,267,63,205,,,182,56,,,238,53,229,201,234,94,61,110,47,100,139,149,206,187,192,118,17,99,64,68,123,297,215,65,,184,,,b'\x11\xe8\xe1I\xd9\xe5sN\x98|\x12\xdf\x17\xaeN\x1e'
11E8E149-D9E5-734E-987C-12DF17AE4E1E,2024-ncaa-d2-conf-RMAC,ncaa,12,12,11,12,11,11,10,11,10,15,15,9,5,6,7,1,11,11,5,12,8,13,13,8,10,9,3,1,6,11,11,7,4,10,8,14,13,5,9,11,14,15,13,12,,,8,12,,,11,14,14,3,10,10,11,15,15,5,4,11,11,11,13,14,11,5,8,14,8,14,13,,9,,,11,6,8,5,11,6,4,8,13,5,14,8,6,8,3,8,9,3,2,11,12,14,12,14,6,2,4,6,11,5,8,7,9,14,14,13,2,8,3,10,,,11,5,,,11,3,8,14,11,9,11,7,9,5,13,9,7,9,9,9,3,4,11,8,10,14,5,4,,9,,,b'\x11\xe8\xe1I\xd9\xe5sN\x98|\x12\xdf\x17\xaeN\x1e'
11E8E149-D9E5-734E-987C-12DF17AE4E1E,2024-ncaa-d2-natl,ncaa,245,247,207,253,213,224,245,259,187,277,287,171,88,90,97,19,223,243,77,245,65,257,265,131,122,127,14,17,143,248,238,174,50,218,140,267,265,78,187,231,286,280,249,241,,,103,225,,,233,263,267,59,210,245,268,285,294,43,53,183,213,218,270,269,241,109,185,270,131,288,244,,149,,,227,119,116,70,214,80,76,152,229,123,290,185,113,101,172,99,161,65,36,237,232,281,237,246,108,32,50,82,238,53,140,83,78,286,283,270,59,144,64,195,,,211,83,,,233,38,154,268,230,202,186,146,125,109,250,176,146,138,135,142,37,50,145,100,122,290,102,86,,168,,,b'\x11\xe8\xe1I\xd9\xe5sN\x98|\x12\xdf\x17\xaeN\x1e'
11E8E149-D9E5-734E-987C-12DF17AE4E1E,2025-ncaa-d2-conf-RMAC,genius_ncaa,2,2,4,2,5,7,8,11,3,9,13,2,5,4,6,2,7,8,5,8,8,10,10,2,2,3,7,6,9,8,5,2,3,2,2,15,15,8,11,13,14,13,5,5,,,8,9,,12,2,9,13,10,9,7,15,10,15,7,5,8,10,10,15,14,10,1,1,15,7,14,5,,8,,12,2,1,1,9,1,1,7,1,5,11,1,11,7,6,12,6,5,7,6,1,1,2,11,10,11,5,3,3,5,5,2,4,7,12,13,9,7,7,2,5,,,8,7,,10,2,7,5,2,2,2,1,7,1,7,4,8,6,5,5,5,3,5,2,3,3,14,6,2,,11,,12,b'\x11\xe8\xe1I\xd9\xe5sN\x98|\x12\xdf\x17\xaeN\x1e'
11E8E149-D9E5-734E-987C-12DF17AE4E1E,2025-ncaa-d2-natl,genius_ncaa,67,47,162,56,192,161,166,233,60,185,263,37,97,114,95,65,151,191,59,192,72,227,246,44,42,55,72,83,142,229,188,54,16,105,23,229,273,70,146,191,262,249,184,173,,,106,202,,221,69,243,265,207,138,164,280,199,275,87,102,131,175,182,270,282,231,6,59,245,84,266,180,,117,,219,66,36,37,118,12,39,94,22,91,161,33,209,94,67,286,67,92,95,55,18,26,83,199,174,184,37,16,47,188,36,23,62,163,280,278,242,55,94,16,44,,,197,113,,227,69,63,65,70,55,37,32,126,37,103,100,176,95,68,67,87,25,40,55,36,73,287,50,12,,197,,230,b'\x11\xe8\xe1I\xd9\xe5sN\x98|\x12\xdf\x17\xaeN\x1e'
11E8E149-D9E5-734E-987C-12DF17AE4E1E,2026-ncaa-d2-conf-RMAC,genius_ncaa,3,4,2,4,3,8,10,10,9,10,9,11,3,8,3,8,3,3,9,3,3,9,9,5,6,6,4,5,3,3,2,6,10,5,5,8,8,10,9,10,15,14,2,3,,,7,8,,5,10,12,15,2,9,11,12,11,10,4,8,4,3,3,10,10,4,8,6,9,9,15,1,,6,,5,10,7,6,7,4,5,8,2,11,8,12,6,12,12,15,12,13,8,4,5,9,13,14,10,13,11,10,3,2,4,5,7,14,11,12,12,8,8,5,6,,,4,3,,4,10,3,5,13,9,7,5,6,4,7,11,6,13,12,12,7,3,12,2,3,8,13,7,5,,3,,6,b'\x11\xe8\xe1I\xd9\xe5sN\x98|\x12\xdf\x17\xaeN\x1e'
11E8E149-D9E5-734E-987C-12DF17AE4E1E,2026-ncaa-d2-natl,genius_ncaa,107,98,141,113,145,180,186,217,94,223,233,124,105,154,52,92,156,146,192,145,49,214,211,77,83,99,53,72,127,186,151,120,59,148,50,176,160,112,179,162,266,267,92,91,,,77,97,,204,129,210,259,29,159,178,258,228,261,82,132,127,117,115,250,251,192,52,105,173,132,271,88,,63,,224,130,110,104,121,72,96,149,31,150,106,231,114,127,87,286,87,78,112,83,85,109,166,197,177,184,82,59,91,151,81,50,65,61,245,259,179,148,204,119,191,,,116,29,,111,129,90,110,144,129,109,97,155,91,193,168,111,145,97,94,139,55,80,60,56,58,269,171,138,,61,,115,b'\x11\xe8\xe1I\xd9\xe5sN\x98|\x12\xdf\x17\xaeN\x1e'
11E8E149-D9E9-FAA4-987C-12DF17AE4E1E,2018-ncaa-d2-conf-Lone Star,ncaa,11,11,9,11,11,11,11,11,11,11,11,10,8,6,11,3,11,11,2,11,11,11,11,11,11,11,5,3,9,11,11,10,10,11,10,11,8,10,11,11,6,6,10,10,,,1,3,,,11,11,8,10,11,11,10,11,11,7,4,11,11,11,11,11,11,9,11,11,11,6,10,,3,,,11,9,10,2,11,10,3,10,6,4,11,4,1,5,1,5,4,2,1,11,10,11,2,4,2,5,10,7,11,4,10,10,10,10,9,11,11,11,7,11,,,11,11,,,11,1,11,11,11,11,11,6,11,7,9,5,4,6,6,7,3,9,9,10,11,9,11,9,,11,,,b'\x11\xe8\xe1I\xd9\xe9\xfa\xa4\x98|\x12\xdf\x17\xaeN\x1e'
11E8E149-D9E9-FAA4-987C-12DF17AE4E1E,2018-ncaa-d2-natl,ncaa,302,302,250,302,274,304,303,282,299,300,292,295,209,149,283,39,288,295,84,298,262,293,272,296,295,301,67,63,177,253,243,297,294,294,295,283,163,210,296,292,162,104,257,244,,,45,98,,,300,274,220,299,304,304,275,302,281,185,98,288,297,299,292,248,228,297,299,284,267,113,249,,95,,,300,117,120,35,287,137,64,278,114,61,265,100,138,185,24,187,252,53,54,284,272,265,139,116,162,172,294,100,243,127,295,261,301,217,148,268,295,306,243,303,,,303,299,,,300,42,299,280,301,228,221,94,233,128,172,113,210,246,250,141,134,233,208,240,293,164,302,285,,306,,,b'\x11\xe8\xe1I\xd9\xe9\xfa\xa4\x98|\x12\xdf\x17\xaeN\x1e'
11E8E149-D9E9-FAA4-987C-12DF17AE4E1E,2019-ncaa-d2-conf-Lone Star,ncaa,8,7,9,8,11,11,11,11,9,11,11,9,9,11,6,8,10,9,10,9,6,11,11,9,9,10,4,4,6,11,10,10,7,11,10,11,8,9,11,11,7,7,10,10,,,1,8,,,9,10,8,10,11,11,11,11,10,8,9,10,9,9,11,11,11,9,11,10,11,7,10,,5,,,9,1,1,2,4,2,2,7,2,4,3,7,9,5,11,3,9,2,2,4,5,6,9,5,10,1,7,2,10,1,10,1,6,9,8,6,9,10,7,9,,,9,8,,,9,2,11,6,9,5,2,5,4,3,5,7,9,9,8,5,3,4,4,4,4,9,10,9,,9,,,b'\x11\xe8\xe1I\xd9\xe9\xfa\xa4\x98|\x12\xdf\x17\xaeN\x1e'
11E8E149-D9E9-FAA4-987C-12DF17AE4E1E,2019-ncaa-d2-natl,ncaa,232,184,287,224,294,302,304,302,259,296,286,282,267,280,150,209,249,228,223,228,73,301,298,258,243,271,99,169,32,291,246,289,175,296,216,300,256,140,288,299,216,132,270,252,,,77,243,,,254,297,234,101,292,300,300,288,248,238,262,175,139,135,297,270,276,247,281,295,255,152,262,,210,,,255,16,16,13,118,33,30,142,21,37,37,119,150,140,193,134,244,14,14,99,126,154,155,62,281,46,175,15,246,15,216,24,125,271,192,139,141,278,122,243,,,263,68,,,254,18,284,153,255,104,81,88,126,111,63,109,251,237,232,115,89,126,78,89,94,209,248,200,,165,,,b'\x11\xe8\xe1I\xd9\xe9\xfa\xa4\x98|\x12\xdf\x17\xaeN\x1e'
11E8E149-D9E9-FAA4-987C-12DF17AE4E1E,2020-ncaa-d2-conf-Lone Star,ncaa,16,16,13,16,17,16,16,15,16,17,16,17,9,11,5,7,17,17,16,17,12,15,16,14,15,16,3,2,16,16,14,16,15,17,14,18,16,11,14,17,17,16,17,18,,,4,6,,,17,16,12,8,16,16,13,17,16,8,9,17,16,16,14,14,16,14,17,18,12,17,17,,7,,,17,8,13,7,14,14,11,14,5,4,8,5,7,6,5,6,7,8,3,12,11,16,1,4,4,11,15,4,14,5,14,10,7,18,17,17,11,14,4,10,,,18,14,,,17,3,16,16,17,10,15,13,18,15,9,7,9,10,10,13,7,12,5,8,12,18,14,5,,17,,,b'\x11\xe8\xe1I\xd9\xe9\xfa\xa4\x98|\x12\xdf\x17\xaeN\x1e'
11E8E149-D9E9-FAA4-987C-12DF17AE4E1E,2020-ncaa-d2-natl,ncaa,254,220,283,251,290,297,297,299,261,303,301,290,167,211,81,72,298,281,242,280,148,300,301,233,241,261,29,29,191,289,227,296,273,298,252,292,215,156,287,281,288,267,290,297,,,23,61,,,272,297,234,130,288,292,285,301,285,117,142,275,259,255,293,254,262,277,290,283,259,270,290,,51,,,274,50,92,48,195,146,103,219,30,34,67,81,42,58,62,61,88,41,19,164,139,202,24,57,86,132,273,16,227,28,252,92,125,296,273,259,183,279,116,254,,,299,256,,,272,13,275,230,275,173,224,212,260,252,81,109,101,127,132,197,121,230,68,129,179,275,252,176,,282,,,b'\x11\xe8\xe1I\xd9\xe9\xfa\xa4\x98|\x12\xdf\x17\xaeN\x1e'
11E8E149-D9E9-FAA4-987C-12DF17AE4E1E,2021-ncaa-d2-conf-Lone Star,ncaa,15,2,16,15,16,16,16,16,16,16,16,16,16,16,13,1,16,16,16,16,16,16,16,15,16,16,4,1,16,16,16,16,1,16,10,16,1,1,16,16,16,16,16,16,,,1,15,,,12,16,8,12,16,16,15,16,15,7,5,16,16,16,16,9,14,2,10,15,16,16,15,,12,,,16,1,1,1,16,1,1,16,1,1,4,11,1,1,13,1,14,1,1,15,16,16,3,3,11,1,1,1,16,1,10,1,1,16,16,16,1,16,1,11,,,16,16,,,12,1,16,16,16,16,16,14,16,9,8,12,15,14,14,15,5,2,15,10,4,16,16,6,,15,,,b'\x11\xe8\xe1I\xd9\xe9\xfa\xa4\x98|\x12\xdf\x17\xaeN\x1e'
11E8E149-D9E9-FAA4-987C-12DF17AE4E1E,2021-ncaa-d2-natl,ncaa,211,24,219,211,219,221,221,221,223,224,222,225,220,221,194,8,226,224,226,224,223,221,220,219,225,226,16,1,225,223,211,219,14,219,147,220,2,8,226,221,226,226,226,217,,,8,208,,,175,219,91,121,226,225,216,226,224,118,66,226,225,225,226,128,195,79,145,192,225,226,215,,189,,,226,8,8,7,208,8,7,224,7,7,33,133,7,7,178,7,192,8,7,197,212,225,65,42,179,7,14,10,211,7,147,6,10,223,222,204,11,226,6,179,,,221,224,,,175,8,226,215,226,198,190,123,197,100,82,145,207,193,192,153,57,14,197,127,61,221,226,82,,223,,,b'\x11\xe8\xe1I\xd9\xe9\xfa\xa4\x98|\x12\xdf\x17\xaeN\x1e'
11E8E149-D9E9-FAA4-987C-12DF17AE4E1E,2022-ncaa-d2-conf-Lone Star,ncaa,15,15,14,16,15,16,16,16,16,15,13,16,14,15,8,13,16,16,14,16,16,16,15,15,16,16,13,9,16,16,12,11,7,13,8,14,10,11,15,15,16,16,5,3,,,2,4,,,16,14,9,16,16,16,13,13,7,13,14,16,16,16,16,13,12,5,6,14,15,16,3,,6,,,16,3,4,8,3,6,8,6,3,4,3,7,6,7,2,7,6,7,2,3,3,8,3,4,8,6,7,4,12,3,8,3,3,16,16,14,12,16,6,9,,,16,16,,,16,4,16,9,16,9,11,15,14,15,6,9,8,9,9,14,8,9,10,12,4,16,14,11,,16,,,b'\x11\xe8\xe1I\xd9\xe9\xfa\xa4\x98|\x12\xdf\x17\xaeN\x1e'
11E8E149-D9E9-FAA4-987C-12DF17AE4E1E,2022-ncaa-d2-natl,ncaa,263,203,287,261,290,292,289,291,260,286,274,279,276,288,124,236,296,296,256,296,295,291,292,259,280,283,245,163,271,279,192,263,152,282,146,282,185,124,288,274,294,284,90,39,,,18,108,,,255,291,105,297,288,268,230,245,114,243,270,293,290,292,266,173,201,79,144,249,276,277,27,,135,,,270,16,12,25,59,27,48,75,24,28,39,66,41,61,38,62,145,25,14,49,39,132,73,63,185,42,152,12,192,13,146,7,8,294,289,152,199,289,68,177,,,296,299,,,255,11,286,135,265,152,166,257,209,271,76,124,178,220,224,264,197,187,134,157,22,272,288,201,,301,,,b'\x11\xe8\xe1I\xd9\xe9\xfa\xa4\x98|\x12\xdf\x17\xaeN\x1e'
11E8E149-D9E9-FAA4-987C-12DF17AE4E1E,2023-ncaa-d2-conf-Lone Star,ncaa,11,11,9,11,11,16,14,13,12,11,9,10,13,12,15,9,16,16,16,16,15,16,15,12,15,16,15,10,16,9,8,8,5,11,6,10,7,11,15,11,16,16,10,11,,,3,7,,,11,14,11,4,16,13,11,9,6,13,10,16,16,16,14,12,8,7,8,10,13,15,8,,7,,,11,1,1,5,4,4,10,2,3,1,11,4,4,4,5,4,6,4,2,3,3,5,9,7,10,5,5,5,8,5,6,1,1,15,11,2,7,12,9,10,,,16,15,,,11,3,16,4,13,5,5,10,7,13,6,4,6,6,6,9,5,7,8,8,1,12,9,10,,15,,,b'\x11\xe8\xe1I\xd9\xe9\xfa\xa4\x98|\x12\xdf\x17\xaeN\x1e'
11E8E149-D9E9-FAA4-987C-12DF17AE4E1E,2023-ncaa-d2-natl,ncaa,222,182,255,218,261,284,273,282,249,267,273,216,251,234,262,140,289,277,251,277,225,283,281,244,260,271,218,165,213,243,175,228,86,247,126,251,118,135,260,231,268,255,227,203,,,63,204,,,215,280,218,53,280,260,249,231,210,228,177,271,254,255,264,210,191,112,146,216,236,261,193,,163,,,218,15,18,23,46,18,48,35,44,35,136,85,102,97,137,92,179,18,16,49,65,87,186,115,239,33,86,28,175,20,126,6,19,253,178,64,103,215,74,163,,,277,221,,,215,23,270,82,219,67,48,100,64,157,90,78,186,192,189,108,89,103,118,103,8,192,189,134,,237,,,b'\x11\xe8\xe1I\xd9\xe9\xfa\xa4\x98|\x12\xdf\x17\xaeN\x1e'
11E8E149-D9E9-FAA4-987C-12DF17AE4E1E,2024-ncaa-d2-conf-Lone Star,ncaa,16,16,10,16,14,16,16,13,16,14,8,16,12,13,13,11,16,15,16,15,15,13,13,16,16,16,12,11,15,12,10,13,2,13,7,16,15,4,9,15,16,14,4,5,,,8,13,,,15,14,11,11,16,16,9,11,6,12,11,16,15,15,11,11,10,12,12,16,8,15,3,,11,,,15,4,3,2,11,7,10,4,2,2,11,1,13,10,13,9,10,3,2,8,10,13,6,2,16,1,2,5,10,1,7,3,10,16,14,14,9,14,11,12,,,16,15,,,15,3,16,11,15,7,6,5,10,14,2,2,13,12,12,5,4,1,10,3,7,16,11,11,,16,,,b'\x11\xe8\xe1I\xd9\xe9\xfa\xa4\x98|\x12\xdf\x17\xaeN\x1e'
11E8E149-D9E9-FAA4-987C-12DF17AE4E1E,2024-ncaa-d2-natl,ncaa,245,212,260,243,271,284,274,267,261,257,231,264,271,264,256,214,288,286,264,287,284,279,282,269,284,267,256,209,247,241,184,269,53,275,145,283,270,24,156,240,288,254,174,150,,,53,239,,,239,280,239,227,287,269,206,218,115,257,239,281,277,277,239,246,202,241,244,282,119,273,134,,161,,,242,18,20,20,146,50,73,97,10,8,156,11,131,90,284,87,146,18,14,107,152,193,64,17,261,9,53,26,184,11,145,46,194,284,237,236,77,209,53,99,,,289,277,,,239,20,267,162,243,92,86,55,169,208,19,11,220,176,173,69,23,17,101,43,130,260,170,112,,286,,,b'\x11\xe8\xe1I\xd9\xe9\xfa\xa4\x98|\x12\xdf\x17\xaeN\x1e'
11E8E149-D9E9-FAA4-987C-12DF17AE4E1E,2025-ncaa-d2-conf-Lone Star,genius_ncaa,14,15,11,15,14,15,14,12,14,10,7,14,16,16,16,14,12,12,16,12,10,12,9,15,15,16,15,14,6,10,8,12,14,11,13,15,15,16,16,16,10,11,6,4,,,9,7,,8,15,7,2,16,16,15,12,8,5,16,15,13,11,11,12,4,11,12,10,15,16,8,4,,13,,9,15,14,11,11,9,7,7,10,15,14,13,14,14,15,10,15,16,11,10,11,11,13,15,13,12,14,14,5,8,11,13,13,13,13,13,14,16,16,2,1,,,10,9,,9,15,9,16,14,15,15,12,15,9,9,15,15,16,16,16,15,15,15,9,14,14,11,16,2,,7,,9,b'\x11\xe8\xe1I\xd9\xe9\xfa\xa4\x98|\x12\xdf\x17\xaeN\x1e'
11E8E149-D9E9-FAA4-987C-12DF17AE4E1E,2025-ncaa-d2-natl,genius_ncaa,273,258,260,279,273,287,280,287,249,244,225,231,288,281,296,253,259,248,237,246,199,285,262,276,276,290,282,275,106,247,167,272,263,278,223,279,249,250,297,293,206,176,173,121,,,82,160,,109,289,260,82,282,290,280,264,186,125,290,273,229,204,188,260,123,196,242,244,283,292,148,125,,194,,173,291,102,80,58,184,54,40,192,193,174,212,234,166,140,237,150,237,67,50,209,212,234,260,232,192,156,263,19,167,43,223,155,237,244,213,242,274,297,8,2,,,243,152,,180,289,40,295,249,293,248,219,240,170,132,261,267,244,224,231,258,227,247,84,149,242,182,295,2,,138,,145,b'\x11\xe8\xe1I\xd9\xe9\xfa\xa4\x98|\x12\xdf\x17\xaeN\x1e'
11E8E149-D9E9-FAA4-987C-12DF17AE4E1E,2026-ncaa-d2-conf-Lone Star,genius_ncaa,11,12,6,11,7,12,12,14,9,14,11,15,5,14,1,12,13,13,5,13,14,15,13,8,10,9,5,3,12,13,10,12,11,11,9,11,9,11,13,11,16,17,5,7,,,6,4,,11,11,12,11,2,10,10,10,15,6,3,14,12,13,13,12,9,11,9,8,10,13,17,6,,5,,12,11,10,8,8,13,8,9,10,10,7,12,5,11,9,8,8,8,8,4,14,12,13,7,10,6,9,11,7,10,9,9,12,13,14,14,15,11,12,16,16,,,13,14,,4,11,4,9,15,12,14,13,12,13,14,12,8,11,9,8,12,7,11,10,12,13,14,12,16,,14,,3,b'\x11\xe8\xe1I\xd9\xe9\xfa\xa4\x98|\x12\xdf\x17\xaeN\x1e'
11E8E149-D9E9-FAA4-987C-12DF17AE4E1E,2026-ncaa-d2-natl,genius_ncaa,276,291,59,276,84,220,219,150,268,215,104,286,176,214,102,232,177,148,248,145,183,152,87,263,267,289,141,144,122,105,152,206,256,170,238,253,260,294,294,294,253,288,248,279,,,162,75,,140,297,82,87,88,287,280,265,272,154,216,256,237,196,187,271,107,156,286,264,284,292,283,272,,86,,126,295,289,295,246,297,290,241,297,272,205,293,134,167,164,152,151,69,225,213,297,297,296,69,168,25,213,256,194,152,199,238,285,157,159,233,281,295,295,255,254,,,84,135,,47,297,210,288,295,296,296,296,249,293,232,267,170,124,123,108,230,187,180,135,159,286,217,294,247,,124,,65,b'\x11\xe8\xe1I\xd9\xe9\xfa\xa4\x98|\x12\xdf\x17\xaeN\x1e'
11E8E149-D9EE-72E6-987C-12DF17AE4E1E,2018-ncaa-d2-conf-Great Northwest,ncaa,9,8,8,9,8,9,9,7,11,8,6,11,8,7,11,7,8,9,2,9,10,7,7,11,10,10,8,9,3,6,7,5,2,7,7,10,10,1,6,9,5,4,7,7,,,6,8,,,9,8,3,2,9,9,2,7,2,8,6,6,9,9,4,4,3,1,2,10,6,4,6,,8,,,9,3,2,2,5,3,4,5,4,4,9,4,9,9,6,9,9,2,2,6,6,6,7,7,9,1,2,10,7,6,7,2,3,9,8,6,2,7,5,4,,,10,9,,,9,4,9,6,9,7,6,5,5,7,8,4,10,11,11,8,5,3,11,9,3,8,6,7,,9,,,b'\x11\xe8\xe1I\xd9\xeer\xe6\x98|\x12\xdf\x17\xaeN\x1e'
11E8E149-D9EE-72E6-987C-12DF17AE4E1E,2018-ncaa-d2-natl,ncaa,179,132,276,165,283,226,250,236,236,226,200,228,242,227,255,196,119,198,8,202,164,230,253,247,206,176,148,228,30,186,153,196,58,201,107,272,258,36,85,194,222,155,159,130,,,137,262,,,182,262,122,129,146,181,88,146,94,212,167,38,107,112,86,112,108,57,73,250,101,162,115,,257,,,187,51,32,34,117,41,66,95,69,51,191,91,218,191,244,191,251,53,36,117,166,203,227,107,276,32,58,77,153,46,107,28,119,275,239,192,55,117,56,84,,,231,127,,,182,48,168,183,188,192,133,168,136,190,143,121,278,268,269,207,163,93,226,167,113,240,120,108,,99,,,b'\x11\xe8\xe1I\xd9\xeer\xe6\x98|\x12\xdf\x17\xaeN\x1e'
11E8E149-D9EE-72E6-987C-12DF17AE4E1E,2019-ncaa-d2-conf-Great Northwest,ncaa,9,9,7,9,8,10,9,9,6,5,6,6,11,11,10,10,10,10,5,10,11,9,9,10,10,10,11,11,8,7,7,5,2,6,4,7,6,7,8,7,10,10,5,5,,,4,5,,,9,11,9,4,10,9,7,5,4,11,11,9,9,9,8,8,6,3,4,7,8,10,5,,4,,,9,5,3,4,7,5,7,5,7,5,10,6,5,5,3,5,5,3,1,7,7,8,7,8,5,4,2,2,7,2,4,3,5,11,11,10,11,11,2,2,,,9,9,,,9,1,10,7,9,7,7,7,5,8,8,7,7,5,6,6,3,5,5,5,6,11,11,2,,8,,,b'\x11\xe8\xe1I\xd9\xeer\xe6\x98|\x12\xdf\x17\xaeN\x1e'
11E8E149-D9EE-72E6-987C-12DF17AE4E1E,2019-ncaa-d2-natl,ncaa,250,222,260,249,276,268,241,270,156,175,197,131,293,283,282,259,256,274,84,275,273,275,270,207,199,214,295,287,177,224,144,217,75,232,89,161,51,117,233,146,297,300,136,105,,,67,194,,,242,278,207,225,242,188,221,97,106,289,277,222,246,246,243,217,164,110,129,98,213,299,101,,150,,,239,61,74,60,185,84,68,150,117,82,249,142,90,97,143,90,165,53,30,195,197,241,168,196,152,36,75,25,144,21,89,136,209,295,286,280,261,291,47,62,,,258,169,,,242,39,220,238,238,190,188,153,173,162,215,152,178,179,177,155,85,89,93,81,214,293,290,89,,192,,,b'\x11\xe8\xe1I\xd9\xeer\xe6\x98|\x12\xdf\x17\xaeN\x1e'
11E8E149-D9EE-72E6-987C-12DF17AE4E1E,2020-ncaa-d2-conf-Great Northwest,ncaa,10,10,7,10,7,10,8,9,7,5,6,6,10,11,10,10,9,8,8,8,9,9,9,8,9,9,10,10,8,10,7,5,9,8,8,8,8,10,10,9,9,9,3,2,,,8,9,,,9,8,10,1,10,8,9,4,4,10,10,8,8,8,8,7,10,5,8,8,11,8,2,,9,,,9,5,2,5,3,2,4,2,9,8,7,9,8,8,4,8,9,6,4,4,4,7,10,9,10,10,9,6,7,6,8,5,7,9,8,8,10,10,3,4,,,7,6,,,9,4,9,10,9,9,4,8,3,5,10,10,9,9,9,10,8,11,6,8,5,9,10,4,,7,,,b'\x11\xe8\xe1I\xd9\xeer\xe6\x98|\x12\xdf\x17\xaeN\x1e'
11E8E149-D9EE-72E6-987C-12DF17AE4E1E,2020-ncaa-d2-natl,ncaa,267,266,223,269,224,261,254,271,194,217,234,159,263,248,261,204,221,244,119,244,200,272,262,214,202,229,238,235,114,269,230,226,184,259,190,231,161,192,268,233,253,237,70,30,,,194,266,,,231,247,253,14,261,251,269,200,209,261,245,208,227,234,273,240,256,196,255,222,234,249,53,,238,,,229,85,57,72,84,36,48,74,215,201,208,253,199,196,172,191,259,82,63,116,140,180,295,267,240,127,184,52,230,72,190,100,203,246,217,195,236,273,54,81,,,195,58,,,231,52,240,180,240,143,98,128,53,63,247,243,228,225,228,147,96,165,85,113,136,233,250,65,,128,,,b'\x11\xe8\xe1I\xd9\xeer\xe6\x98|\x12\xdf\x17\xaeN\x1e'
11E8E149-D9EE-72E6-987C-12DF17AE4E1E,2022-ncaa-d2-conf-Great Northwest,ncaa,8,9,4,9,5,7,8,7,9,9,7,9,5,3,7,3,5,4,7,4,4,5,4,9,9,9,2,3,4,4,6,4,8,5,9,8,3,6,8,8,3,5,2,2,,,6,5,,,9,5,4,7,7,10,7,10,9,6,3,5,4,4,7,4,5,8,7,8,7,5,2,,5,,,9,7,7,6,7,6,6,5,7,3,9,2,5,7,1,7,7,6,6,7,7,9,4,4,5,7,8,6,6,7,9,6,4,4,5,7,6,7,2,3,,,5,4,,,9,4,7,8,9,7,6,5,7,6,3,2,5,6,6,6,6,8,8,8,4,5,7,2,,5,,,b'\x11\xe8\xe1I\xd9\xeer\xe6\x98|\x12\xdf\x17\xaeN\x1e'
11E8E149-D9EE-72E6-987C-12DF17AE4E1E,2022-ncaa-d2-natl,ncaa,233,225,222,236,233,219,225,222,205,217,226,162,209,172,254,113,165,156,189,156,81,221,207,213,202,208,145,175,88,154,111,230,211,214,171,162,56,155,202,169,177,148,46,24,,,166,249,,,220,222,120,136,194,203,151,186,176,195,113,116,109,107,132,109,104,201,160,111,225,140,29,,244,,,219,110,81,71,171,80,91,134,129,91,240,126,201,204,129,204,254,83,84,180,197,199,233,162,241,132,211,71,111,93,171,153,219,201,160,196,174,217,35,67,,,151,74,,,220,74,206,204,223,209,164,149,143,151,183,136,257,254,253,196,184,189,147,171,208,156,230,48,,61,,,b'\x11\xe8\xe1I\xd9\xeer\xe6\x98|\x12\xdf\x17\xaeN\x1e'
11E8E149-D9EE-72E6-987C-12DF17AE4E1E,2023-ncaa-d2-conf-Great Northwest,ncaa,7,6,7,7,9,8,7,7,8,6,9,5,6,5,8,4,8,7,7,8,7,8,9,7,7,9,7,5,6,5,6,6,6,6,5,7,7,6,7,7,7,6,5,4,,,4,4,,,7,9,3,8,7,5,3,5,6,6,4,8,7,7,4,3,2,4,3,7,8,5,5,,5,,,7,3,4,5,4,4,4,6,5,6,5,5,10,10,2,9,9,6,5,5,5,6,6,5,9,7,6,5,6,7,5,3,6,7,5,4,8,8,3,4,,,7,6,,,7,2,9,7,8,6,5,7,5,5,7,8,10,10,10,7,7,7,8,8,6,4,8,5,,6,,,b'\x11\xe8\xe1I\xd9\xeer\xe6\x98|\x12\xdf\x17\xaeN\x1e'
11E8E149-D9EE-72E6-987C-12DF17AE4E1E,2023-ncaa-d2-natl,ncaa,183,118,280,168,285,256,247,259,202,242,265,127,207,170,254,89,233,247,148,253,164,266,271,197,193,186,156,151,151,223,167,259,181,258,195,183,62,50,167,133,219,151,222,159,,,29,130,,,202,269,62,208,149,146,80,150,151,139,73,151,158,165,101,80,117,118,118,78,189,137,173,,158,,,205,48,33,26,157,25,16,168,126,113,192,226,133,141,83,126,252,27,27,181,192,195,262,224,211,73,181,53,167,45,195,126,257,237,158,211,134,228,83,164,,,243,130,,,202,26,192,199,208,231,185,199,138,113,238,239,246,256,243,234,219,202,227,226,243,134,246,170,,97,,,b'\x11\xe8\xe1I\xd9\xeer\xe6\x98|\x12\xdf\x17\xaeN\x1e'
11E8E149-D9EE-72E6-987C-12DF17AE4E1E,2024-ncaa-d2-conf-Great Northwest,ncaa,9,4,10,9,10,10,10,10,9,10,10,9,10,10,7,10,10,10,5,10,10,10,10,9,9,6,10,10,10,10,10,10,5,10,10,10,5,1,1,1,9,5,10,9,,,1,5,,,7,10,5,2,7,4,2,1,1,9,10,10,10,10,3,8,10,8,9,3,1,6,9,,4,,,8,1,1,1,9,1,1,9,1,1,10,7,2,2,5,2,10,1,1,10,10,9,9,8,9,1,5,1,10,1,10,1,7,10,6,8,1,1,2,7,,,10,10,,,7,1,7,9,8,7,6,4,4,3,8,6,9,10,10,5,6,2,10,10,6,6,1,9,,10,,,b'\x11\xe8\xe1I\xd9\xeer\xe6\x98|\x12\xdf\x17\xaeN\x1e'
11E8E149-D9EE-72E6-987C-12DF17AE4E1E,2024-ncaa-d2-natl,ncaa,261,131,293,233,293,290,284,291,135,269,285,132,282,281,236,211,294,294,152,294,299,293,294,165,219,140,293,220,299,284,225,294,116,294,231,225,30,6,11,6,277,108,284,220,,,6,112,,,193,294,161,94,164,49,18,22,23,218,185,298,298,299,77,177,172,208,214,20,9,121,234,,108,,,216,7,7,6,242,6,6,224,57,26,279,248,18,16,152,16,253,6,6,264,266,264,273,267,157,6,116,9,225,7,231,23,267,292,174,246,6,37,30,132,,,294,297,,,193,6,149,241,210,228,196,123,106,46,272,238,201,191,194,148,127,73,270,215,256,176,34,210,,298,,,b'\x11\xe8\xe1I\xd9\xeer\xe6\x98|\x12\xdf\x17\xaeN\x1e'
11E8E149-D9EE-72E6-987C-12DF17AE4E1E,2025-ncaa-d2-conf-Great Northwest,genius_ncaa,8,8,7,8,7,10,10,7,10,9,7,10,8,6,9,6,9,9,9,10,8,7,9,10,10,10,5,5,6,7,9,6,7,6,7,10,10,3,4,10,10,10,8,8,,,2,2,,5,8,10,5,2,10,10,3,9,5,7,5,8,7,8,4,6,3,2,2,10,5,10,8,,3,,5,8,5,5,9,4,3,2,4,8,10,3,10,4,3,10,3,6,7,3,5,5,6,8,10,4,10,7,10,9,10,7,6,8,10,10,10,5,5,9,8,,,8,7,,9,8,1,10,7,8,6,6,9,4,6,8,10,6,6,6,9,6,10,10,10,7,10,5,9,,6,,9,b'\x11\xe8\xe1I\xd9\xeer\xe6\x98|\x12\xdf\x17\xaeN\x1e'
11E8E149-D9EE-72E6-987C-12DF17AE4E1E,2025-ncaa-d2-natl,genius_ncaa,243,180,291,237,292,289,289,274,290,289,258,295,218,227,180,139,280,268,251,270,224,281,287,287,287,265,86,89,167,223,216,237,186,240,227,279,217,19,100,205,292,290,237,183,,,13,44,,85,270,292,99,207,248,250,62,265,89,140,118,228,182,189,81,96,110,32,44,252,116,287,182,,83,,185,273,38,32,43,79,20,16,144,193,222,116,286,57,33,290,33,167,33,15,126,133,229,278,275,139,112,186,110,216,96,227,129,264,293,291,297,60,176,241,284,,,275,195,,238,270,10,257,253,274,242,223,290,133,134,290,296,202,151,152,285,220,256,291,290,262,281,188,291,,164,,182,b'\x11\xe8\xe1I\xd9\xeer\xe6\x98|\x12\xdf\x17\xaeN\x1e'
11E8E149-D9EE-72E6-987C-12DF17AE4E1E,2026-ncaa-d2-conf-Great Northwest,genius_ncaa,1,1,1,1,1,1,1,3,3,3,4,5,1,3,2,5,1,1,7,1,2,2,4,2,2,1,2,3,6,6,8,1,1,1,1,3,5,3,2,3,4,6,6,8,,,7,7,,5,1,3,2,1,1,2,4,5,5,1,3,2,1,1,2,5,7,1,1,4,2,5,7,,6,,5,1,3,3,7,1,3,6,1,3,8,1,8,7,8,3,8,8,7,7,1,1,1,6,4,10,4,1,6,8,5,1,2,1,5,7,2,6,5,4,3,,,2,2,,8,1,9,1,1,1,1,1,6,1,5,3,8,6,7,8,6,6,3,6,5,1,7,5,3,,2,,9,b'\x11\xe8\xe1I\xd9\xeer\xe6\x98|\x12\xdf\x17\xaeN\x1e'
11E8E149-D9EE-72E6-987C-12DF17AE4E1E,2026-ncaa-d2-natl,genius_ncaa,201,53,289,135,290,279,280,291,91,283,291,155,242,277,41,175,262,264,184,264,94,291,293,87,93,49,106,123,115,290,245,284,10,290,98,281,254,3,9,82,289,181,288,259,,,11,231,,105,101,294,89,88,50,68,75,102,82,82,149,64,55,55,53,137,217,16,64,184,14,189,255,,205,,250,62,7,7,8,94,12,9,161,13,13,34,168,22,19,127,19,206,6,5,79,80,135,111,88,198,2,10,10,245,7,98,7,40,295,255,152,4,39,38,160,,,288,90,,247,101,5,59,94,61,117,119,168,153,146,88,179,166,179,194,177,108,19,265,156,52,257,39,187,,104,,163,b'\x11\xe8\xe1I\xd9\xeer\xe6\x98|\x12\xdf\x17\xaeN\x1e'
11E8E149-D9F2-CE9A-987C-12DF17AE4E1E,2018-ncaa-d2-conf-Great Northwest,ncaa,7,6,8,7,8,8,7,9,2,7,9,3,7,10,2,8,10,10,6,10,9,10,9,2,3,7,9,7,10,8,4,8,5,8,1,4,1,10,10,7,7,5,4,2,,,7,11,,,5,10,10,2,8,5,8,6,8,7,9,10,10,10,10,6,8,4,8,3,10,5,4,,9,,,5,1,1,1,1,1,2,1,2,2,5,3,8,7,4,7,10,1,1,1,3,4,8,3,11,3,5,1,4,1,1,1,1,7,6,4,9,10,8,10,,,9,8,,,5,1,8,4,5,3,1,4,3,5,2,3,9,9,9,4,3,6,1,1,1,6,10,9,,8,,,b'\x11\xe8\xe1I\xd9\xf2\xce\x9a\x98|\x12\xdf\x17\xaeN\x1e'
11E8E149-D9F2-CE9A-987C-12DF17AE4E1E,2018-ncaa-d2-natl,ncaa,161,179,105,178,122,125,112,175,58,117,159,85,119,187,41,172,165,195,96,196,204,182,147,64,61,140,172,143,194,151,66,122,128,142,45,45,9,291,284,131,168,173,96,98,,,282,300,,,120,132,157,166,131,116,228,120,181,131,207,192,216,215,242,161,168,142,146,34,279,186,99,,285,,,121,159,99,138,90,109,176,72,110,110,154,76,274,274,162,274,259,176,165,87,115,136,219,87,284,159,128,22,66,51,45,113,143,168,179,136,262,260,235,243,,,98,82,,,120,169,134,140,131,131,80,107,90,157,106,94,269,267,268,158,140,151,12,30,94,183,260,235,,89,,,b'\x11\xe8\xe1I\xd9\xf2\xce\x9a\x98|\x12\xdf\x17\xaeN\x1e'
11E8E149-D9F2-CE9A-987C-12DF17AE4E1E,2019-ncaa-d2-conf-Great Northwest,ncaa,5,5,3,5,4,5,4,6,4,4,3,3,8,8,9,8,5,4,11,4,6,5,3,4,4,7,10,9,6,6,6,1,1,2,2,5,3,11,11,8,4,4,1,1,,,9,11,,,5,3,6,4,8,4,10,4,6,8,9,8,6,6,9,6,7,1,1,4,11,4,1,,10,,,5,3,2,5,1,2,6,1,2,6,3,5,11,11,6,11,11,9,8,1,1,3,9,4,11,2,1,5,6,3,2,1,1,4,4,3,8,7,8,7,,,2,1,,,5,9,8,3,5,2,2,2,2,3,3,3,10,11,11,4,2,2,2,2,1,4,7,8,,2,,,b'\x11\xe8\xe1I\xd9\xf2\xce\x9a\x98|\x12\xdf\x17\xaeN\x1e'
11E8E149-D9F2-CE9A-987C-12DF17AE4E1E,2019-ncaa-d2-natl,ncaa,97,123,46,112,58,90,85,128,59,51,83,61,204,201,202,235,87,93,150,94,165,115,67,96,90,161,253,260,134,109,74,45,16,60,25,32,16,299,277,144,116,153,36,40,,,302,306,,,121,61,136,164,155,130,238,78,140,245,252,135,137,145,221,148,146,67,84,31,273,164,46,,297,,,124,218,129,194,73,163,212,90,81,130,47,68,305,302,289,302,288,232,221,62,117,146,226,39,304,77,16,104,74,83,25,41,28,137,195,64,279,232,269,230,,,13,14,,,121,253,158,105,120,122,55,82,93,129,47,76,299,290,290,135,108,35,30,21,23,202,237,245,,18,,,b'\x11\xe8\xe1I\xd9\xf2\xce\x9a\x98|\x12\xdf\x17\xaeN\x1e'
11E8E149-D9F2-CE9A-987C-12DF17AE4E1E,2020-ncaa-d2-conf-Great Northwest,ncaa,3,3,1,3,1,1,1,1,1,1,1,1,9,10,5,11,1,3,3,3,7,2,1,2,2,3,11,11,5,1,1,1,2,1,1,1,3,11,6,4,3,3,1,1,,,11,11,,,2,1,3,2,2,1,6,1,1,9,11,3,5,5,5,3,4,2,1,1,9,3,1,,10,,,2,10,7,10,4,6,9,3,7,7,6,4,11,11,1,11,10,11,11,3,3,3,8,4,11,6,2,3,1,3,1,2,1,3,3,1,5,4,7,3,,,1,3,,,2,11,3,3,2,3,2,3,2,4,3,2,10,10,10,4,7,2,2,1,1,4,4,5,,3,,,b'\x11\xe8\xe1I\xd9\xf2\xce\x9a\x98|\x12\xdf\x17\xaeN\x1e'
11E8E149-D9F2-CE9A-987C-12DF17AE4E1E,2020-ncaa-d2-natl,ncaa,42,72,3,61,5,17,12,38,13,7,15,13,180,199,142,265,48,76,80,75,227,41,26,29,29,45,298,279,199,50,22,41,46,30,13,5,31,266,163,43,27,46,10,10,,,301,292,,,38,27,159,110,39,18,138,8,53,228,260,103,146,147,135,128,96,121,99,11,169,55,13,,266,,,45,251,205,234,127,187,240,80,223,180,256,99,276,285,66,285,254,262,266,134,142,120,237,169,251,122,46,66,22,80,13,72,16,63,103,42,202,101,255,153,,,27,123,,,38,283,30,95,43,104,86,65,81,107,143,76,221,241,240,92,115,47,8,9,23,117,104,210,,106,,,b'\x11\xe8\xe1I\xd9\xf2\xce\x9a\x98|\x12\xdf\x17\xaeN\x1e'
11E8E149-D9F2-CE9A-987C-12DF17AE4E1E,2021-ncaa-d2-conf-Great Northwest,ncaa,1,1,4,1,4,4,4,4,2,3,4,3,4,4,4,5,5,4,3,4,6,4,4,2,3,2,6,5,6,4,4,4,2,4,2,4,6,2,1,1,4,3,1,1,,,3,6,,,1,4,6,1,3,2,2,2,1,5,4,6,6,6,3,4,4,1,1,5,1,3,1,,6,,,1,3,3,3,1,2,3,1,3,3,3,2,4,4,4,4,6,3,3,1,1,1,5,3,6,3,2,3,4,3,2,3,4,4,4,2,2,1,3,1,,,4,6,,,1,3,1,1,1,1,1,1,2,3,3,2,6,6,6,3,1,3,4,5,2,6,1,1,,6,,,b'\x11\xe8\xe1I\xd9\xf2\xce\x9a\x98|\x12\xdf\x17\xaeN\x1e'
11E8E149-D9F2-CE9A-987C-12DF17AE4E1E,2021-ncaa-d2-natl,ncaa,125,1,213,1,214,214,210,214,58,203,214,39,211,211,182,134,217,216,74,216,224,215,215,76,100,77,216,174,221,211,116,213,55,214,68,211,191,9,43,72,215,124,172,20,,,15,214,,,72,215,183,14,100,42,66,28,48,164,118,212,220,220,98,139,118,37,62,127,37,139,21,,197,,,39,11,11,12,16,10,12,19,10,12,12,43,20,20,125,19,184,12,12,12,23,36,115,27,219,12,55,14,116,13,68,11,139,215,146,93,8,31,10,36,,,216,202,,,72,12,78,31,42,24,14,39,44,110,12,31,186,183,186,81,52,82,122,98,41,173,22,50,,210,,,b'\x11\xe8\xe1I\xd9\xf2\xce\x9a\x98|\x12\xdf\x17\xaeN\x1e'
11E8E149-D9F2-CE9A-987C-12DF17AE4E1E,2022-ncaa-d2-conf-Great Northwest,ncaa,2,1,4,2,4,3,3,8,2,3,6,2,3,5,3,6,5,6,6,5,6,8,7,2,2,3,7,7,6,6,2,3,2,3,1,4,8,4,6,5,8,8,1,1,,,7,8,,,2,7,8,2,4,4,8,2,7,4,6,5,5,5,8,6,6,2,1,4,6,7,1,,7,,,1,2,2,5,2,5,9,2,1,1,1,1,8,8,5,8,6,5,5,1,2,2,2,1,10,3,2,3,2,2,1,1,2,8,6,3,3,3,1,1,,,6,6,,,2,6,3,2,1,2,1,4,5,7,1,1,7,8,8,4,4,4,1,1,2,8,3,1,,6,,,b'\x11\xe8\xe1I\xd9\xf2\xce\x9a\x98|\x12\xdf\x17\xaeN\x1e'
11E8E149-D9F2-CE9A-987C-12DF17AE4E1E,2022-ncaa-d2-natl,ncaa,22,26,30,27,34,47,37,64,32,27,64,20,109,99,152,160,77,80,135,79,150,64,51,42,47,84,228,200,199,65,59,22,58,29,13,38,106,278,203,126,119,186,29,46,,,295,278,,,34,48,172,51,73,58,183,52,164,164,168,145,152,150,182,156,134,33,61,60,201,192,42,,254,,,39,184,150,250,17,200,267,25,38,110,7,37,288,291,162,288,220,264,251,7,21,46,107,17,296,191,58,109,59,139,13,95,61,111,194,81,224,140,115,69,,,38,100,,,34,257,72,35,40,43,22,98,82,205,10,38,254,249,247,149,119,91,15,21,25,196,134,53,,103,,,b'\x11\xe8\xe1I\xd9\xf2\xce\x9a\x98|\x12\xdf\x17\xaeN\x1e'
11E8E149-D9F2-CE9A-987C-12DF17AE4E1E,2023-ncaa-d2-conf-Great Northwest,ncaa,1,1,1,1,2,1,2,6,1,1,4,1,4,6,1,6,4,3,5,3,6,4,2,1,1,1,9,6,9,7,1,2,2,2,1,1,1,9,8,2,9,9,1,1,,,8,7,,,1,2,7,6,1,2,10,1,8,4,7,5,6,6,9,8,10,2,2,1,6,9,1,,7,,,1,1,2,7,1,5,9,1,1,1,3,1,8,7,8,7,3,7,7,1,1,1,3,1,10,4,2,1,1,1,1,1,1,9,9,3,6,6,6,5,,,3,3,,,1,9,1,1,1,1,2,4,4,9,1,1,6,5,6,4,4,4,1,1,1,9,6,4,,4,,,b'\x11\xe8\xe1I\xd9\xf2\xce\x9a\x98|\x12\xdf\x17\xaeN\x1e'
11E8E149-D9F2-CE9A-987C-12DF17AE4E1E,2023-ncaa-d2-natl,ncaa,28,10,110,11,125,57,41,146,3,41,131,6,72,135,6,144,166,205,51,201,216,154,155,5,5,10,209,128,269,141,50,38,7,56,1,7,2,162,169,13,213,218,3,3,,,175,212,,,12,155,196,157,17,9,173,19,161,64,147,184,222,218,189,187,162,6,36,3,152,227,2,,160,,,9,67,58,169,12,89,249,2,57,42,155,26,197,160,272,160,104,165,131,6,19,65,132,65,259,45,7,16,50,13,1,57,112,250,258,165,132,128,247,254,,,153,142,,,12,149,8,48,7,41,31,152,69,256,48,28,188,154,157,149,72,43,2,3,56,266,119,249,,168,,,b'\x11\xe8\xe1I\xd9\xf2\xce\x9a\x98|\x12\xdf\x17\xaeN\x1e'
11E8E149-D9F2-CE9A-987C-12DF17AE4E1E,2024-ncaa-d2-conf-Great Northwest,ncaa,2,2,2,2,3,2,1,5,1,2,6,1,2,4,1,4,5,7,4,7,5,6,5,1,1,1,4,3,9,7,3,2,2,4,1,1,2,8,8,3,7,8,2,3,,,4,3,,,2,5,7,6,2,1,9,4,8,2,5,6,8,8,10,9,8,3,6,1,7,8,2,,2,,,2,3,3,6,1,4,7,1,3,6,3,4,8,7,6,7,6,7,6,1,1,2,5,4,8,3,2,2,3,2,1,2,2,7,8,4,8,8,4,3,,,2,2,,,2,6,1,2,2,2,1,6,3,6,3,4,6,5,5,6,3,3,1,1,1,8,8,2,,2,,,b'\x11\xe8\xe1I\xd9\xf2\xce\x9a\x98|\x12\xdf\x17\xaeN\x1e'
11E8E149-D9F2-CE9A-987C-12DF17AE4E1E,2024-ncaa-d2-natl,ncaa,23,31,26,27,33,35,29,78,7,46,131,8,22,49,11,68,126,144,86,152,190,85,69,5,7,20,106,59,259,135,95,20,65,41,15,7,11,247,188,27,106,154,6,12,,,181,76,,,20,56,205,89,52,41,213,92,241,33,86,203,231,238,227,222,201,36,90,7,159,164,8,,73,,,21,180,169,262,29,182,279,12,123,135,119,50,216,215,139,217,95,261,249,21,24,58,137,103,200,204,65,76,95,119,15,117,82,141,211,122,274,242,117,101,,,43,65,,,20,247,25,55,17,45,42,169,66,225,65,54,131,132,134,158,111,121,7,19,47,212,216,58,,106,,,b'\x11\xe8\xe1I\xd9\xf2\xce\x9a\x98|\x12\xdf\x17\xaeN\x1e'
11E8E149-D9F2-CE9A-987C-12DF17AE4E1E,2025-ncaa-d2-conf-Great Northwest,genius_ncaa,4,4,3,4,4,6,6,6,6,5,5,7,4,5,3,5,7,7,3,6,7,6,7,4,5,4,6,4,7,6,5,3,4,3,4,7,8,4,5,5,7,7,2,2,,,3,4,,3,4,8,10,9,8,7,8,7,7,5,6,7,9,9,9,10,6,4,7,7,3,7,3,,2,,3,4,4,2,4,2,2,4,2,3,6,4,5,6,6,8,6,5,4,4,3,2,3,7,4,9,5,4,3,5,4,4,3,7,6,6,5,4,4,10,10,,,3,3,,7,4,3,4,3,4,3,2,4,2,4,4,4,5,4,3,4,2,4,4,5,4,7,4,10,,5,,7,b'\x11\xe8\xe1I\xd9\xf2\xce\x9a\x98|\x12\xdf\x17\xaeN\x1e'
11E8E149-D9F2-CE9A-987C-12DF17AE4E1E,2025-ncaa-d2-natl,genius_ncaa,79,95,72,93,98,103,111,119,110,142,143,150,64,95,33,109,126,172,48,170,165,128,135,89,84,82,75,73,183,147,125,115,90,119,91,93,122,108,105,92,178,188,25,14,,,114,89,,164,91,133,234,184,125,136,177,190,201,76,121,166,220,213,199,236,167,162,181,120,79,210,25,,63,,141,96,141,119,170,95,114,163,78,168,169,161,168,198,165,250,163,163,162,157,101,117,131,221,178,194,104,90,123,125,105,91,193,246,145,154,181,107,96,295,298,,,100,81,,141,91,177,84,124,92,80,66,67,62,87,140,133,146,132,129,68,56,69,70,61,165,192,75,295,,126,,164,b'\x11\xe8\xe1I\xd9\xf2\xce\x9a\x98|\x12\xdf\x17\xaeN\x1e'
11E8E149-D9F2-CE9A-987C-12DF17AE4E1E,2026-ncaa-d2-conf-Great Northwest,genius_ncaa,1,1,1,1,1,5,6,7,2,5,6,3,4,8,4,10,4,5,6,3,4,7,8,3,3,3,4,5,5,3,1,5,7,6,3,5,6,6,5,4,8,9,3,3,,,3,5,,9,3,8,10,1,6,7,9,7,7,5,10,5,6,3,8,10,4,6,6,6,4,9,3,,1,,9,4,5,5,5,3,6,7,3,3,4,5,3,3,4,4,4,2,5,3,4,3,4,1,3,3,7,7,3,1,3,3,3,2,6,5,3,3,3,6,7,,,1,1,,1,3,3,3,4,3,3,3,4,4,6,3,2,2,2,2,4,1,6,2,2,2,8,2,6,,1,,1,b'\x11\xe8\xe1I\xd9\xf2\xce\x9a\x98|\x12\xdf\x17\xaeN\x1e'
11E8E149-D9F2-CE9A-987C-12DF17AE4E1E,2026-ncaa-d2-natl,genius_ncaa,9,13,59,17,84,47,64,157,5,33,81,17,205,247,61,282,15,19,86,16,24,122,133,14,9,10,227,267,33,92,13,58,51,72,6,124,234,116,88,108,196,218,33,40,,,162,150,,256,19,143,263,88,45,68,276,28,115,241,286,16,20,16,201,254,131,62,81,162,66,237,44,,86,,242,24,138,144,183,57,130,174,49,195,193,161,182,101,111,105,109,90,176,152,74,58,113,192,214,103,111,51,38,13,60,6,119,88,204,239,169,120,103,179,141,,,18,3,,57,19,160,9,102,15,57,70,111,59,108,168,155,62,58,55,84,32,63,3,2,63,261,78,160,,12,,77,b'\x11\xe8\xe1I\xd9\xf2\xce\x9a\x98|\x12\xdf\x17\xaeN\x1e'
11E8E149-D9F7-7396-987C-12DF17AE4E1E,2018-ncaa-d2-conf-RMAC,ncaa,4,3,9,4,10,9,8,12,1,6,9,1,10,15,3,11,11,11,3,11,14,12,14,1,2,5,13,11,12,13,11,10,11,11,8,8,5,4,9,6,8,7,8,7,,,1,2,,,8,14,11,5,8,5,12,3,6,9,14,11,11,11,12,12,13,8,11,4,9,6,7,,2,,,8,3,7,8,9,9,10,10,3,4,4,5,2,2,5,2,1,3,3,9,5,7,2,5,3,8,11,1,11,1,8,8,7,14,11,12,4,9,8,10,,,13,13,,,8,1,7,9,8,6,10,13,11,13,3,7,2,2,2,8,5,11,1,4,10,13,6,10,,13,,,b'\x11\xe8\xe1I\xd9\xf7s\x96\x98|\x12\xdf\x17\xaeN\x1e'
11E8E149-D9F7-7396-987C-12DF17AE4E1E,2018-ncaa-d2-natl,ncaa,107,74,206,90,223,214,182,272,44,165,227,55,211,261,78,200,259,280,53,278,263,283,279,58,59,93,242,191,244,295,274,218,151,275,197,141,94,66,199,103,182,116,202,190,,,14,36,,,116,263,286,127,208,152,288,124,209,206,253,254,280,277,293,295,297,194,279,108,98,160,193,,14,,,114,33,64,75,127,82,84,146,84,102,88,170,11,15,143,15,24,48,43,122,95,121,60,161,30,98,151,27,274,40,197,98,165,249,201,208,45,127,32,76,,,275,196,,,116,45,131,131,124,58,114,118,126,131,121,130,14,14,14,62,42,142,47,73,133,243,67,54,,275,,,b'\x11\xe8\xe1I\xd9\xf7s\x96\x98|\x12\xdf\x17\xaeN\x1e'
11E8E149-D9F7-7396-987C-12DF17AE4E1E,2019-ncaa-d2-conf-RMAC,ncaa,2,2,1,2,1,1,1,7,1,1,5,1,10,12,5,12,3,4,1,4,9,5,4,1,1,1,13,14,6,9,5,2,9,3,4,5,10,13,10,6,12,14,3,4,,,4,3,,,3,2,14,6,4,3,13,3,7,14,14,3,5,5,13,13,10,4,8,7,7,15,4,,3,,,3,14,14,15,4,11,15,4,15,15,12,14,3,3,9,3,3,16,15,4,4,8,9,15,3,14,9,4,5,5,4,8,3,15,16,14,9,8,14,6,,,6,8,,,3,16,2,11,4,7,8,11,6,10,14,12,3,3,3,9,4,9,1,2,6,16,7,5,,10,,,b'\x11\xe8\xe1I\xd9\xf7s\x96\x98|\x12\xdf\x17\xaeN\x1e'
11E8E149-D9F7-7396-987C-12DF17AE4E1E,2019-ncaa-d2-natl,ncaa,48,59,46,60,61,82,78,161,24,60,132,28,139,183,66,195,114,185,12,189,226,166,185,36,25,38,229,206,187,230,197,60,73,117,77,120,212,103,128,107,208,221,82,87,,,70,55,,,80,166,297,167,137,116,278,103,216,182,240,174,234,242,284,295,270,87,192,173,50,261,97,,23,,,82,148,174,226,93,139,199,86,244,242,176,237,53,48,203,47,37,197,145,104,89,161,172,260,53,153,73,80,197,99,77,113,61,261,287,227,125,141,122,96,,,196,196,,,80,143,50,163,80,64,88,126,74,104,203,193,25,23,22,83,25,95,19,35,65,302,72,76,,274,,,b'\x11\xe8\xe1I\xd9\xf7s\x96\x98|\x12\xdf\x17\xaeN\x1e'
11E8E149-D9F7-7396-987C-12DF17AE4E1E,2020-ncaa-d2-conf-RMAC,ncaa,2,3,1,3,1,2,1,7,1,3,6,1,7,8,2,8,6,12,1,12,14,9,7,1,1,1,10,9,13,12,8,1,3,5,2,3,3,11,11,4,16,16,4,8,,,5,3,,,3,4,15,5,4,4,14,5,10,7,9,9,14,14,15,15,14,4,6,4,9,16,6,,3,,,4,9,9,15,3,8,15,5,8,12,3,9,4,3,12,3,3,16,13,3,3,5,6,9,5,11,3,1,8,2,2,7,5,16,16,14,10,11,8,7,,,6,8,,,3,13,2,6,4,3,6,10,8,10,7,9,3,3,3,9,2,8,1,1,4,16,6,6,,13,,,b'\x11\xe8\xe1I\xd9\xf7s\x96\x98|\x12\xdf\x17\xaeN\x1e'
11E8E149-D9F7-7396-987C-12DF17AE4E1E,2020-ncaa-d2-natl,ncaa,28,46,3,42,5,73,63,149,26,88,175,32,53,101,22,92,168,231,17,236,242,165,170,20,20,28,125,76,256,218,168,28,64,69,45,38,69,146,153,57,277,295,73,94,,,69,56,,,57,151,308,110,158,140,297,182,276,91,175,245,288,291,301,307,277,76,186,81,56,305,112,,11,,,63,136,161,264,41,132,215,51,228,281,68,259,54,48,198,48,30,239,164,49,41,104,177,252,56,169,64,60,168,90,45,129,101,272,294,241,157,157,137,149,,,173,158,,,57,164,35,112,54,33,54,113,50,77,148,201,13,13,13,51,6,79,6,13,57,306,69,88,,290,,,b'\x11\xe8\xe1I\xd9\xf7s\x96\x98|\x12\xdf\x17\xaeN\x1e'
11E8E149-D9F7-7396-987C-12DF17AE4E1E,2021-ncaa-d2-conf-RMAC,ncaa,4,3,6,2,7,5,4,9,1,3,8,1,6,8,2,8,7,9,1,9,9,9,9,1,1,1,11,10,11,11,9,7,12,8,6,3,7,4,6,1,10,12,3,5,,,4,1,,,3,9,14,6,1,1,14,1,8,8,11,8,10,9,14,14,14,4,9,2,3,12,4,,1,,,3,7,9,12,3,9,10,4,10,10,7,8,3,3,13,3,1,11,7,4,3,8,5,9,1,14,12,3,9,6,6,3,3,12,14,11,8,8,9,10,,,9,10,,,3,6,1,10,3,6,7,13,6,13,10,11,1,1,1,11,5,14,1,3,5,14,8,10,,14,,,b'\x11\xe8\xe1I\xd9\xf7s\x96\x98|\x12\xdf\x17\xaeN\x1e'
11E8E149-D9F7-7396-987C-12DF17AE4E1E,2021-ncaa-d2-natl,ncaa,44,66,82,49,84,79,69,118,7,64,114,11,81,117,29,116,113,143,5,140,177,121,128,11,9,7,165,122,184,157,158,72,154,108,85,72,137,87,64,35,164,206,33,39,,,70,17,,,48,119,220,80,80,63,195,56,158,100,154,155,201,199,207,222,209,75,161,86,20,213,35,,6,,,55,120,131,155,44,122,151,28,155,154,121,153,61,54,202,50,2,143,117,42,36,110,119,192,14,181,154,78,158,112,85,89,26,183,224,202,124,138,180,190,,,135,161,,,48,104,17,150,52,58,92,171,75,153,155,156,7,3,2,136,31,172,8,42,39,224,84,174,,213,,,b'\x11\xe8\xe1I\xd9\xf7s\x96\x98|\x12\xdf\x17\xaeN\x1e'
11E8E149-D9F7-7396-987C-12DF17AE4E1E,2022-ncaa-d2-conf-RMAC,ncaa,5,2,8,4,9,7,7,12,1,5,9,1,9,13,1,11,13,15,2,15,15,14,15,1,1,1,13,10,15,13,10,4,9,8,5,5,9,6,9,4,12,11,2,2,,,2,3,,,4,13,13,7,4,2,13,3,8,8,13,13,15,15,14,14,13,3,7,3,5,13,2,,2,,,4,2,4,9,2,4,9,2,4,7,6,7,3,2,12,3,2,8,6,2,1,3,7,11,7,13,9,1,10,1,5,2,2,15,14,8,8,12,2,3,,,15,10,,,4,3,2,6,2,4,5,12,5,12,9,11,2,2,2,12,7,14,1,1,3,14,10,2,,15,,,b'\x11\xe8\xe1I\xd9\xf7s\x96\x98|\x12\xdf\x17\xaeN\x1e'
11E8E149-D9F7-7396-987C-12DF17AE4E1E,2022-ncaa-d2-natl,ncaa,78,65,146,74,162,127,102,226,4,84,177,16,148,239,5,215,212,254,22,255,255,232,242,8,6,16,240,168,256,254,179,115,174,178,88,118,160,77,148,69,225,228,35,27,,,55,74,,,70,231,287,97,98,59,271,56,179,135,254,227,263,263,282,292,265,83,197,92,73,241,30,,59,,,65,76,84,161,25,66,152,17,169,168,166,178,77,62,231,63,57,135,95,45,38,122,211,230,104,213,174,29,179,57,88,50,75,270,279,208,119,206,51,64,,,230,152,,,70,79,26,152,56,66,77,195,52,174,175,183,76,63,67,153,60,213,6,50,63,287,128,47,,265,,,b'\x11\xe8\xe1I\xd9\xf7s\x96\x98|\x12\xdf\x17\xaeN\x1e'
11E8E149-D9F7-7396-987C-12DF17AE4E1E,2023-ncaa-d2-conf-RMAC,ncaa,5,5,7,5,9,8,4,13,1,4,7,1,13,13,3,12,14,15,1,15,15,14,13,1,1,4,14,12,14,12,7,4,5,8,2,6,12,10,13,8,11,11,6,7,,,2,2,,,6,13,13,6,5,4,12,2,7,13,14,14,15,15,14,14,12,3,7,7,11,11,6,,2,,,6,3,5,10,2,3,9,2,10,11,7,12,2,2,6,2,3,8,4,2,3,8,10,14,3,8,5,1,7,1,2,3,5,12,11,9,13,14,2,1,,,15,14,,,6,3,4,8,6,4,7,11,3,9,10,11,2,2,2,10,4,9,1,1,6,12,12,2,,15,,,b'\x11\xe8\xe1I\xd9\xf7s\x96\x98|\x12\xdf\x17\xaeN\x1e'
11E8E149-D9F7-7396-987C-12DF17AE4E1E,2023-ncaa-d2-natl,ncaa,84,101,68,97,86,101,69,148,15,55,105,21,147,183,59,186,242,270,43,269,287,173,164,26,32,55,265,188,287,182,131,64,111,93,47,111,205,177,193,140,202,214,141,151,,,78,49,,,110,159,262,94,133,64,236,46,155,173,228,272,288,288,270,271,220,58,122,138,139,225,165,,40,,,113,173,186,229,90,136,160,110,258,273,147,263,55,65,101,57,52,210,163,121,101,165,213,268,34,186,111,55,131,91,47,129,74,234,262,214,248,258,22,16,,,245,275,,,110,157,65,168,96,113,143,212,90,103,237,256,37,45,40,160,75,147,15,37,99,267,224,16,,291,,,b'\x11\xe8\xe1I\xd9\xf7s\x96\x98|\x12\xdf\x17\xaeN\x1e'
11E8E149-D9F7-7396-987C-12DF17AE4E1E,2024-ncaa-d2-conf-RMAC,ncaa,15,15,11,15,14,14,12,12,12,9,9,12,14,14,11,14,15,15,6,15,15,14,14,14,14,14,15,13,13,12,10,11,7,12,10,10,5,11,14,10,15,14,5,5,,,1,3,,,14,13,13,10,14,11,12,9,4,15,15,15,15,15,14,15,12,9,11,10,13,15,5,,3,,,14,7,12,7,14,12,11,12,6,3,13,3,2,2,15,2,2,2,1,14,14,15,2,8,3,3,7,4,10,3,10,11,12,15,15,15,10,13,6,6,,,15,15,,,14,1,14,15,15,13,15,11,15,14,10,4,4,2,2,8,2,5,6,5,12,15,12,7,,15,,,b'\x11\xe8\xe1I\xd9\xf7s\x96\x98|\x12\xdf\x17\xaeN\x1e'
11E8E149-D9F7-7396-987C-12DF17AE4E1E,2024-ncaa-d2-natl,ncaa,275,293,117,282,157,245,208,208,209,171,113,243,242,262,154,252,276,283,131,282,296,235,208,230,242,257,277,221,268,211,205,168,81,189,158,189,129,234,260,218,250,248,152,169,,,34,39,,,281,203,250,227,284,251,261,185,110,263,276,286,293,292,287,259,228,194,227,205,207,263,166,,19,,,271,213,245,168,265,218,163,242,242,165,281,181,43,39,200,34,32,135,78,274,256,283,107,224,23,64,81,123,205,86,158,218,134,271,277,284,271,281,117,91,,,282,291,,,281,85,264,276,279,206,245,175,224,158,231,163,38,33,28,119,32,55,98,67,208,288,258,105,,296,,,b'\x11\xe8\xe1I\xd9\xf7s\x96\x98|\x12\xdf\x17\xaeN\x1e'
11E8E149-D9F7-7396-987C-12DF17AE4E1E,2025-ncaa-d2-conf-RMAC,genius_ncaa,12,12,8,12,10,15,12,8,15,10,4,14,15,14,15,13,15,15,15,15,15,9,8,15,15,15,14,13,15,7,10,7,8,6,10,11,8,15,13,14,10,11,2,2,,,5,4,,4,15,8,4,8,15,14,5,8,3,15,13,15,15,15,6,3,4,6,7,12,14,9,2,,4,,5,15,13,13,12,13,14,8,11,11,12,6,12,8,8,14,8,6,11,9,11,13,13,5,9,6,12,8,14,10,14,10,15,13,9,10,14,15,15,13,12,,,15,15,,9,15,8,15,13,15,14,14,14,15,13,12,12,9,8,8,14,12,13,15,15,15,9,15,14,,15,,9,b'\x11\xe8\xe1I\xd9\xf7s\x96\x98|\x12\xdf\x17\xaeN\x1e'
11E8E149-D9F7-7396-987C-12DF17AE4E1E,2025-ncaa-d2-natl,genius_ncaa,243,271,162,258,187,240,207,157,262,180,132,250,210,167,259,157,281,279,202,278,292,180,178,263,277,266,240,175,266,183,232,145,120,165,219,164,94,165,191,178,231,240,100,98,,,63,54,,118,286,172,150,154,274,229,129,194,110,216,168,286,286,285,190,174,184,116,158,159,183,234,90,,66,,130,280,229,243,183,255,236,153,270,208,205,171,212,155,122,269,127,128,169,133,255,256,271,112,159,98,118,120,245,232,204,219,268,235,239,254,281,241,270,124,127,,,272,290,,141,286,143,267,265,278,251,262,229,243,177,219,223,165,137,140,216,158,135,263,234,263,247,248,143,,292,,141,b'\x11\xe8\xe1I\xd9\xf7s\x96\x98|\x12\xdf\x17\xaeN\x1e'
11E8E149-D9F7-7396-987C-12DF17AE4E1E,2026-ncaa-d2-conf-RMAC,genius_ncaa,13,13,2,13,6,12,8,9,10,8,7,10,10,13,6,11,15,14,12,14,15,11,11,10,13,13,11,7,15,14,14,6,4,10,9,7,5,11,13,9,12,12,10,12,,,8,9,,5,14,8,7,5,13,9,10,8,7,9,15,15,14,14,13,13,14,8,12,7,10,13,10,,7,,5,14,11,14,12,13,11,12,10,15,12,14,10,3,4,2,4,2,10,7,14,12,15,8,15,1,5,4,7,14,7,9,15,12,14,14,15,13,13,14,14,,,15,15,,14,14,8,13,15,14,12,15,13,11,12,15,12,3,3,3,11,6,5,6,6,15,14,13,14,,15,,14,b'\x11\xe8\xe1I\xd9\xf7s\x96\x98|\x12\xdf\x17\xaeN\x1e'
11E8E149-D9F7-7396-987C-12DF17AE4E1E,2026-ncaa-d2-natl,genius_ncaa,201,196,141,221,170,188,126,186,41,103,146,44,205,222,147,207,260,252,222,247,280,200,202,71,109,123,275,208,280,256,196,177,33,218,59,107,91,116,175,98,174,148,248,257,,,82,107,,31,218,184,165,88,164,78,182,48,110,210,232,286,278,269,226,228,255,151,235,77,136,172,262,,76,,33,219,172,175,111,263,119,90,186,267,175,297,226,81,111,42,109,173,110,94,282,275,277,261,281,53,37,33,58,196,41,59,181,176,222,228,258,249,280,105,100,,,252,280,,213,218,117,154,258,220,232,230,133,116,85,287,207,88,129,127,134,70,21,23,13,222,237,264,118,,284,,217,b'\x11\xe8\xe1I\xd9\xf7s\x96\x98|\x12\xdf\x17\xaeN\x1e'
11E8E149-D9FB-D26A-987C-12DF17AE4E1E,2018-ncaa-d2-conf-MEC,ncaa,7,5,7,7,10,9,9,10,8,10,9,10,5,8,1,8,1,2,3,2,1,10,10,8,6,7,3,5,1,7,5,12,8,12,8,8,5,3,5,6,4,3,12,12,,,1,2,,,4,9,11,6,7,9,11,10,7,5,8,1,1,1,9,10,6,12,12,8,3,3,12,,1,,,4,4,6,3,12,6,2,12,11,9,11,12,1,1,5,1,2,2,4,12,11,10,7,11,1,2,8,3,5,2,8,11,10,3,3,8,1,2,9,10,,,2,1,,,4,4,6,7,4,3,8,2,6,1,11,9,1,1,1,2,2,2,4,3,10,3,1,10,,1,,,b'\x11\xe8\xe1I\xd9\xfb\xd2j\x98|\x12\xdf\x17\xaeN\x1e'
11E8E149-D9FB-D26A-987C-12DF17AE4E1E,2018-ncaa-d2-natl,ncaa,161,206,64,186,76,79,104,101,119,100,76,178,110,172,30,221,23,51,40,49,85,92,98,122,88,85,100,168,44,89,94,188,209,152,169,117,187,141,87,125,64,74,238,248,,,29,8,,,144,99,166,91,80,118,147,122,108,132,216,27,58,58,117,148,114,265,217,154,92,80,259,,6,,,144,269,287,237,289,263,132,299,296,290,252,299,29,22,168,24,35,198,206,297,284,258,150,292,5,182,209,170,94,181,169,300,290,87,101,248,75,51,289,262,,,33,33,,,144,206,72,255,146,227,270,179,222,71,286,278,11,11,11,123,141,149,101,109,298,106,52,285,,38,,,b'\x11\xe8\xe1I\xd9\xfb\xd2j\x98|\x12\xdf\x17\xaeN\x1e'
11E8E149-D9FB-D26A-987C-12DF17AE4E1E,2019-ncaa-d2-conf-MEC,ncaa,12,12,11,12,12,12,12,11,12,12,11,12,11,10,11,7,10,9,9,9,10,11,11,12,11,12,8,7,5,6,7,12,7,10,9,12,12,3,7,12,10,9,12,11,,,3,8,,,12,12,10,11,12,12,8,12,8,10,8,10,9,9,9,9,5,12,8,12,7,9,12,,5,,,12,5,4,1,10,4,1,10,6,6,8,8,5,5,7,5,11,1,1,11,11,11,9,7,8,2,7,7,7,5,9,5,4,9,7,7,6,10,5,7,,,11,8,,,12,1,12,11,12,7,7,4,6,2,9,9,9,9,9,4,3,4,9,9,6,8,8,7,,10,,,b'\x11\xe8\xe1I\xd9\xfb\xd2j\x98|\x12\xdf\x17\xaeN\x1e'
11E8E149-D9FB-D26A-987C-12DF17AE4E1E,2019-ncaa-d2-natl,ncaa,278,298,118,287,167,178,178,94,270,142,69,269,216,160,263,208,130,136,127,133,227,97,101,281,274,249,202,220,96,91,168,159,204,129,232,261,293,184,133,260,196,235,203,222,,,201,156,,,298,108,62,245,202,207,50,146,58,224,174,134,146,141,60,71,81,183,120,283,174,210,217,,208,,,289,302,297,235,287,281,200,295,283,257,258,214,262,248,202,251,222,242,215,290,292,296,165,198,138,200,204,283,168,270,232,265,112,188,243,254,270,240,257,198,,,167,245,,,298,218,244,296,283,298,293,262,284,197,274,255,255,240,244,271,246,195,281,270,256,207,260,254,,185,,,b'\x11\xe8\xe1I\xd9\xfb\xd2j\x98|\x12\xdf\x17\xaeN\x1e'
11E8E149-D9FB-D26A-987C-12DF17AE4E1E,2020-ncaa-d2-conf-MEC,ncaa,7,7,3,7,5,9,8,6,6,6,3,9,11,10,10,11,10,10,11,10,11,7,6,10,10,10,12,12,9,6,10,5,5,7,7,10,11,6,8,9,8,8,2,3,,,7,9,,,10,7,9,7,10,8,8,6,3,11,11,11,11,11,7,10,6,3,6,12,6,8,2,,6,,,10,9,5,8,5,6,6,3,6,4,9,4,10,9,11,9,10,8,7,4,5,6,8,4,10,8,5,8,10,9,7,5,7,7,7,8,10,10,2,2,,,10,7,,,10,7,10,6,9,5,5,5,5,5,6,5,10,9,9,5,4,8,9,9,4,7,10,2,,11,,,b'\x11\xe8\xe1I\xd9\xfb\xd2j\x98|\x12\xdf\x17\xaeN\x1e'
11E8E149-D9FB-D26A-987C-12DF17AE4E1E,2020-ncaa-d2-natl,ncaa,179,241,17,207,43,89,43,30,124,13,5,145,250,243,241,290,157,116,251,117,286,38,30,186,207,194,309,289,234,81,181,43,173,47,184,165,290,234,126,205,160,235,51,112,,,269,171,,,263,25,46,227,141,75,56,19,12,280,285,217,169,174,69,77,125,85,95,224,153,210,75,,217,,,245,303,299,302,207,298,300,202,235,229,177,84,302,287,262,287,188,306,294,187,214,257,120,85,222,272,173,299,181,299,184,251,74,172,276,226,285,227,221,90,,,134,266,,,263,293,190,263,239,280,267,275,277,281,177,166,278,257,257,284,253,218,256,246,176,241,243,176,,227,,,b'\x11\xe8\xe1I\xd9\xfb\xd2j\x98|\x12\xdf\x17\xaeN\x1e'
11E8E149-D9FB-D26A-987C-12DF17AE4E1E,2021-ncaa-d2-conf-MEC,ncaa,4,6,2,5,2,8,4,4,6,3,2,7,8,8,8,10,4,3,10,3,7,5,4,9,9,8,9,9,5,4,5,2,3,2,3,8,7,9,6,8,12,12,3,2,,,9,8,,,8,5,10,3,9,7,6,5,7,9,9,8,7,7,7,8,4,2,4,8,6,12,3,,6,,,8,10,9,11,4,6,8,4,10,12,5,7,9,10,1,10,10,11,8,6,6,9,11,10,8,8,3,7,5,7,3,7,5,10,11,11,10,7,7,6,,,3,4,,,8,8,8,7,8,5,4,7,4,4,9,8,8,9,9,7,3,5,5,7,6,12,9,6,,4,,,b'\x11\xe8\xe1I\xd9\xfb\xd2j\x98|\x12\xdf\x17\xaeN\x1e'
11E8E149-D9FB-D26A-987C-12DF17AE4E1E,2021-ncaa-d2-natl,ncaa,83,135,82,98,84,66,55,64,76,38,28,93,124,132,112,203,85,63,185,67,172,66,66,107,120,120,206,194,146,34,50,43,128,33,61,95,193,163,91,143,164,220,18,30,,,163,114,,,161,68,32,80,56,38,32,19,22,171,182,104,64,67,28,26,37,8,10,124,157,213,17,,165,,,147,178,176,184,107,173,170,107,186,193,111,146,163,196,26,191,140,185,164,117,101,165,136,144,92,193,128,147,50,163,61,150,35,133,214,182,211,184,144,65,,,50,68,,,161,158,104,181,146,200,193,214,175,188,190,208,164,190,185,214,197,187,134,177,114,203,205,118,,20,,,b'\x11\xe8\xe1I\xd9\xfb\xd2j\x98|\x12\xdf\x17\xaeN\x1e'
11E8E149-D9FB-D26A-987C-12DF17AE4E1E,2022-ncaa-d2-conf-MEC,ncaa,9,9,2,9,3,8,8,6,8,7,2,7,9,8,11,8,5,2,9,2,4,6,4,10,9,9,10,10,2,10,10,4,8,7,10,8,6,11,10,10,11,12,12,12,,,12,9,,,11,2,5,2,8,8,9,7,5,11,8,7,2,3,8,6,10,5,11,8,10,12,11,,10,,,11,12,12,12,10,12,10,11,9,10,6,6,12,12,11,12,10,12,11,10,10,10,7,6,9,10,8,10,10,11,10,5,2,7,10,7,12,10,10,8,,,2,2,,,11,11,9,11,11,12,12,12,9,9,7,9,11,11,11,12,10,8,9,9,5,8,11,9,,2,,,b'\x11\xe8\xe1I\xd9\xfb\xd2j\x98|\x12\xdf\x17\xaeN\x1e'
11E8E149-D9FB-D26A-987C-12DF17AE4E1E,2022-ncaa-d2-natl,ncaa,215,264,64,237,67,109,107,69,194,69,45,193,213,187,240,240,83,64,215,64,170,65,48,221,215,225,248,261,101,183,250,112,217,144,257,167,241,283,218,250,227,289,252,289,,,284,204,,,288,26,19,16,155,145,90,81,46,249,221,104,86,87,74,40,225,172,218,226,251,269,274,,270,,,285,301,297,281,275,293,270,283,270,272,181,154,288,288,173,286,213,286,276,272,274,285,116,115,171,249,217,265,250,271,257,176,6,154,259,170,270,212,202,124,,,43,112,,,288,274,253,284,280,298,295,292,293,268,254,249,277,275,275,295,283,214,241,241,126,197,243,182,,54,,,b'\x11\xe8\xe1I\xd9\xfb\xd2j\x98|\x12\xdf\x17\xaeN\x1e'
11E8E149-D9FB-D26A-987C-12DF17AE4E1E,2023-ncaa-d2-conf-MEC,ncaa,6,6,6,6,8,8,8,9,3,5,5,5,10,12,6,11,5,3,10,3,2,8,9,5,4,4,9,10,4,9,8,5,2,9,5,6,6,1,3,4,9,9,9,9,,,4,4,,,6,10,9,4,5,7,10,3,4,9,11,4,2,2,6,9,8,3,7,5,2,9,9,,4,,,6,2,3,5,3,4,5,2,6,5,10,5,1,3,1,3,4,5,2,3,2,6,7,9,3,4,2,3,8,2,5,3,3,8,6,6,2,3,9,9,,,4,3,,,6,3,6,5,6,3,3,6,5,7,6,6,3,3,3,5,3,3,5,3,4,7,2,9,,3,,,b'\x11\xe8\xe1I\xd9\xfb\xd2j\x98|\x12\xdf\x17\xaeN\x1e'
11E8E149-D9FB-D26A-987C-12DF17AE4E1E,2023-ncaa-d2-natl,ncaa,120,162,68,144,85,64,60,67,58,31,33,86,196,216,147,270,38,13,250,13,78,48,44,95,102,112,253,263,97,97,134,73,153,73,123,114,234,206,127,162,162,236,124,181,,,209,105,,,99,40,30,92,46,47,72,18,35,234,251,35,16,14,33,41,129,77,84,145,171,204,146,,159,,,100,239,251,265,116,229,258,99,249,236,214,150,147,163,43,157,91,267,257,127,113,131,156,217,74,226,153,184,134,208,123,127,30,105,185,98,120,49,258,187,,,20,44,,,99,252,115,133,112,211,224,272,195,245,228,210,101,129,123,264,253,194,119,155,97,136,82,253,,19,,,b'\x11\xe8\xe1I\xd9\xfb\xd2j\x98|\x12\xdf\x17\xaeN\x1e'
11E8E149-D9FB-D26A-987C-12DF17AE4E1E,2024-ncaa-d2-conf-MEC,ncaa,5,5,7,5,7,9,10,11,5,7,8,7,10,9,7,8,7,7,6,7,5,9,11,7,6,4,7,7,2,10,10,6,3,8,6,9,6,1,6,7,6,6,5,2,,,3,6,,,5,10,9,1,8,9,10,6,7,10,9,6,7,7,10,10,10,3,6,9,2,6,4,,4,,,5,1,1,1,1,1,1,1,4,8,2,10,3,3,9,3,8,2,3,1,1,3,11,7,11,5,3,5,10,5,6,1,5,6,6,4,1,4,8,8,,,7,4,,,5,2,9,3,5,1,1,3,1,2,5,8,4,4,3,3,3,5,4,4,1,6,2,8,,7,,,b'\x11\xe8\xe1I\xd9\xfb\xd2j\x98|\x12\xdf\x17\xaeN\x1e'
11E8E149-D9FB-D26A-987C-12DF17AE4E1E,2024-ncaa-d2-natl,ncaa,86,93,78,90,79,79,82,99,77,48,45,105,195,221,120,257,39,38,117,40,102,84,74,114,98,104,232,253,63,129,151,79,181,93,151,140,216,230,161,175,87,120,97,77,,,244,185,,,87,61,96,15,75,84,136,49,55,223,249,42,53,55,95,91,152,98,126,166,182,109,117,,202,,,91,190,130,212,48,70,109,83,257,282,60,278,234,222,209,217,240,223,246,74,93,71,282,257,219,243,181,179,151,216,151,135,153,46,68,58,209,162,253,206,,,37,47,,,87,241,118,84,92,137,83,184,34,42,236,278,198,180,176,188,219,221,123,176,110,58,178,248,,33,,,b'\x11\xe8\xe1I\xd9\xfb\xd2j\x98|\x12\xdf\x17\xaeN\x1e'
11E8E149-D9FB-D26A-987C-12DF17AE4E1E,2025-ncaa-d2-conf-MEC,genius_ncaa,2,2,6,2,7,9,9,9,5,9,10,6,6,7,5,6,10,9,6,10,6,9,10,5,6,5,4,5,10,8,7,9,3,9,7,9,7,4,7,7,5,4,11,9,,,2,3,,6,3,10,10,4,9,9,9,9,9,5,7,9,10,11,9,10,7,10,9,9,4,6,11,,2,,8,2,1,1,1,6,1,1,9,4,5,3,10,1,1,3,1,6,1,2,4,4,3,6,8,5,2,3,4,7,3,7,2,4,4,4,2,2,5,9,9,,,9,6,,3,3,2,7,2,2,1,1,1,1,1,4,7,2,2,2,1,2,2,4,3,2,4,3,9,,8,,2,b'\x11\xe8\xe1I\xd9\xfb\xd2j\x98|\x12\xdf\x17\xaeN\x1e'
11E8E149-D9FB-D26A-987C-12DF17AE4E1E,2025-ncaa-d2-natl,genius_ncaa,95,112,72,109,87,109,117,106,133,122,119,136,101,100,128,125,116,108,171,115,128,108,90,131,135,158,119,123,153,109,122,153,179,134,170,181,252,245,206,220,72,100,228,223,,,173,111,,297,105,85,131,155,141,145,153,157,172,120,131,150,140,145,153,124,126,225,201,218,207,93,251,,126,,298,107,152,158,177,147,129,90,218,211,253,76,262,85,88,134,91,130,160,217,167,143,65,168,225,74,184,179,181,122,184,170,83,54,29,26,24,167,134,247,239,,,64,69,,3,105,223,159,71,110,89,108,86,87,35,189,235,61,63,65,60,164,147,127,129,59,36,138,233,,69,,4,b'\x11\xe8\xe1I\xd9\xfb\xd2j\x98|\x12\xdf\x17\xaeN\x1e'
11E8E149-D9FB-D26A-987C-12DF17AE4E1E,2026-ncaa-d2-conf-MEC,genius_ncaa,6,2,9,6,9,11,11,11,8,10,11,2,8,7,7,1,11,11,1,11,10,11,11,6,7,5,5,4,10,10,8,9,7,9,9,10,10,2,5,8,9,7,7,6,,,1,3,,2,6,11,11,1,10,10,9,10,11,5,3,11,11,11,11,11,9,8,9,10,3,7,6,,1,,3,6,1,1,1,7,2,2,9,1,1,2,3,1,1,4,1,2,1,1,6,4,3,1,2,3,1,7,1,8,1,9,3,6,8,5,4,2,4,5,10,,,11,4,,2,6,1,7,3,6,1,2,1,7,3,1,1,2,2,2,1,1,5,6,5,4,6,4,7,,9,,1,b'\x11\xe8\xe1I\xd9\xfb\xd2j\x98|\x12\xdf\x17\xaeN\x1e'
11E8E149-D9FB-D26A-987C-12DF17AE4E1E,2026-ncaa-d2-natl,genius_ncaa,107,98,141,113,170,214,204,225,135,221,250,48,151,113,203,34,198,245,3,247,177,229,245,120,105,71,113,109,167,243,229,248,206,252,240,222,216,29,54,102,246,223,189,202,,,39,63,,140,80,244,297,88,214,214,273,224,280,132,83,195,269,269,282,297,245,281,287,231,8,251,181,,20,,170,77,48,95,63,209,188,142,242,3,10,1,10,28,23,157,22,6,54,58,119,86,65,1,1,35,108,206,107,229,106,240,14,2,166,64,9,17,17,82,145,,,157,19,,3,80,55,88,81,72,17,82,13,233,183,1,2,11,8,8,5,5,116,98,106,5,146,3,80,,115,,1,b'\x11\xe8\xe1I\xd9\xfb\xd2j\x98|\x12\xdf\x17\xaeN\x1e'
11E8E149-DA00-423C-987C-12DF17AE4E1E,2018-ncaa-d2-conf-GLVC,ncaa,7,7,5,7,5,13,12,14,10,14,15,6,5,3,14,2,14,14,6,14,9,14,11,8,8,14,3,3,14,10,9,10,6,9,7,8,2,11,15,12,6,6,11,8,,,9,14,,,7,13,15,1,15,15,15,14,15,5,3,14,14,14,15,14,12,10,11,8,14,6,11,,8,,,7,3,2,2,5,1,1,7,12,11,9,15,5,9,3,8,14,2,2,9,8,8,15,14,10,2,6,1,9,2,7,2,5,8,4,5,12,14,2,7,,,10,10,,,7,3,14,8,8,5,4,2,1,1,13,13,8,9,9,2,1,3,5,4,4,8,13,2,,11,,,b'\x11\xe8\xe1I\xda\x00B<\x98|\x12\xdf\x17\xaeN\x1e'
11E8E149-DA00-423C-987C-12DF17AE4E1E,2018-ncaa-d2-natl,ncaa,196,147,276,184,286,294,291,304,170,294,305,64,181,146,239,15,285,291,103,291,110,304,301,143,145,206,70,58,197,282,181,293,159,297,168,227,40,117,291,210,197,77,260,188,,,92,291,,,214,301,294,226,275,284,303,283,305,130,73,267,281,281,304,290,253,278,288,172,241,123,248,,217,,,226,11,7,6,188,6,5,225,144,119,189,296,90,85,198,87,292,6,9,217,242,211,292,274,236,20,159,5,181,5,168,12,116,244,103,101,159,287,19,205,,,257,65,,,214,9,222,209,228,96,47,17,26,2,227,220,205,186,195,21,20,66,29,34,60,175,257,60,,187,,,b'\x11\xe8\xe1I\xda\x00B<\x98|\x12\xdf\x17\xaeN\x1e'
11E8E149-DA00-423C-987C-12DF17AE4E1E,2019-ncaa-d2-conf-GLVC,ncaa,7,7,5,7,8,8,9,7,11,9,10,10,7,4,8,5,5,5,5,5,4,7,7,11,10,11,4,5,3,7,4,10,7,9,7,13,14,11,9,13,3,3,14,14,,,9,10,,,8,8,9,7,10,10,9,10,11,6,5,3,4,4,8,7,7,12,11,13,8,3,14,,10,,,8,8,5,4,9,4,1,13,12,13,9,14,11,11,8,11,11,4,6,11,11,8,13,12,9,2,7,4,4,5,7,7,11,5,4,7,2,5,7,9,,,5,4,,,8,7,7,7,8,8,5,3,3,2,12,12,11,11,10,3,4,1,4,2,8,4,4,7,,4,,,b'\x11\xe8\xe1I\xda\x00B<\x98|\x12\xdf\x17\xaeN\x1e'
11E8E149-DA00-423C-987C-12DF17AE4E1E,2019-ncaa-d2-natl,ncaa,166,123,260,147,263,226,252,282,148,254,279,123,181,194,162,120,96,150,22,148,21,270,267,135,87,127,72,153,20,241,131,289,151,284,147,280,275,106,221,253,129,48,294,281,,,105,235,,,158,269,209,35,156,220,270,210,250,136,145,27,77,75,227,209,194,270,267,266,202,63,293,,205,,,161,47,41,18,222,31,9,255,174,142,200,278,143,114,263,101,266,18,32,254,267,229,274,255,218,31,151,14,131,13,147,115,236,179,74,147,37,107,73,182,,,156,19,,,158,42,133,208,168,170,127,56,82,19,249,246,227,193,182,63,88,79,44,49,196,93,94,123,,48,,,b'\x11\xe8\xe1I\xda\x00B<\x98|\x12\xdf\x17\xaeN\x1e'
11E8E149-DA00-423C-987C-12DF17AE4E1E,2020-ncaa-d2-conf-GLVC,ncaa,11,11,10,11,15,15,14,15,12,16,16,11,7,7,6,2,13,13,11,13,6,16,16,9,10,11,3,2,10,13,8,16,8,16,12,12,10,11,13,13,4,3,14,12,,,7,12,,,12,15,11,15,14,14,12,16,16,5,5,13,10,10,13,13,12,16,16,11,13,3,14,,10,,,12,6,5,1,15,3,2,15,11,8,11,15,14,10,16,9,16,2,2,15,15,14,15,14,14,2,8,4,8,3,12,3,7,5,4,4,7,8,13,15,,,14,12,,,12,2,13,13,12,10,7,2,5,3,13,11,15,12,11,3,2,3,8,8,6,4,8,14,,12,,,b'\x11\xe8\xe1I\xda\x00B<\x98|\x12\xdf\x17\xaeN\x1e'
11E8E149-DA00-423C-987C-12DF17AE4E1E,2020-ncaa-d2-natl,ncaa,179,203,102,192,165,151,181,187,163,233,232,185,81,94,66,74,117,123,129,130,53,175,147,129,128,160,36,58,92,151,161,259,139,236,200,204,208,246,237,231,53,44,230,230,,,257,281,,,227,146,163,281,173,208,225,255,263,77,101,113,133,141,213,181,171,291,282,221,228,54,244,,255,,,224,256,200,92,285,185,86,282,218,166,264,189,287,252,306,251,282,130,141,289,306,284,245,157,267,62,139,151,161,114,200,156,113,114,104,125,206,181,255,280,,,130,115,,,227,163,165,262,225,234,176,47,154,43,202,149,285,246,246,71,89,49,133,84,143,127,179,249,,129,,,b'\x11\xe8\xe1I\xda\x00B<\x98|\x12\xdf\x17\xaeN\x1e'
11E8E149-DA00-423C-987C-12DF17AE4E1E,2021-ncaa-d2-conf-GLVC,ncaa,4,7,1,7,1,8,9,4,14,8,6,12,6,4,14,6,4,6,4,6,9,4,3,13,13,13,5,7,5,5,7,4,6,1,7,8,7,15,11,11,3,5,13,13,,,10,5,,,12,3,9,12,15,14,11,15,11,10,7,10,11,11,12,10,7,7,8,11,10,4,13,,5,,,12,13,11,12,5,9,8,6,14,15,8,13,11,12,8,12,8,14,13,6,6,5,13,11,9,10,6,14,7,14,7,9,4,5,8,5,10,8,12,13,,,1,6,,,12,13,13,7,12,6,5,6,5,5,10,12,7,7,8,4,5,8,11,9,5,8,7,12,,8,,,b'\x11\xe8\xe1I\xda\x00B<\x98|\x12\xdf\x17\xaeN\x1e'
11E8E149-DA00-423C-987C-12DF17AE4E1E,2021-ncaa-d2-natl,ncaa,44,170,12,95,18,42,46,28,149,49,40,115,51,31,172,88,21,27,50,30,83,27,22,152,134,138,95,119,60,38,117,34,95,28,117,42,90,215,143,127,16,46,146,207,,,206,124,,,175,20,140,121,154,172,154,147,160,130,98,87,118,121,151,151,131,156,153,139,122,58,212,,90,,,148,208,201,199,152,191,188,163,204,212,116,156,208,211,158,211,149,202,205,151,157,155,140,129,125,187,95,207,117,207,117,198,92,36,114,116,197,112,210,169,,,12,47,,,175,206,141,146,150,119,112,70,109,62,138,139,118,111,111,72,67,76,93,78,102,132,108,153,,79,,,b'\x11\xe8\xe1I\xda\x00B<\x98|\x12\xdf\x17\xaeN\x1e'
11E8E149-DA00-423C-987C-12DF17AE4E1E,2022-ncaa-d2-conf-GLVC,ncaa,14,14,9,14,9,14,14,12,14,14,13,14,11,8,14,2,14,12,14,11,3,12,10,14,14,14,3,3,10,12,14,13,14,12,14,14,10,14,14,14,11,12,2,2,,,11,10,,,14,10,8,4,14,14,14,14,14,11,4,14,11,11,14,10,12,10,13,14,14,11,1,,12,,,14,9,8,8,8,8,9,6,10,8,10,7,12,12,9,12,12,10,8,9,10,12,12,8,12,14,14,10,14,12,14,9,8,12,12,11,14,14,12,14,,,11,11,,,14,5,14,13,14,13,13,13,12,14,12,11,14,14,14,14,14,14,13,14,12,12,14,12,,11,,,b'\x11\xe8\xe1I\xda\x00B<\x98|\x12\xdf\x17\xaeN\x1e'
11E8E149-DA00-423C-987C-12DF17AE4E1E,2022-ncaa-d2-natl,ncaa,296,283,267,296,278,293,293,292,279,292,294,232,252,218,276,33,291,290,271,287,94,292,290,264,274,292,72,65,186,296,296,281,290,292,294,291,212,199,299,292,275,251,160,117,,,129,268,,,298,285,214,224,295,297,301,295,297,207,120,288,264,261,301,278,294,267,293,291,278,236,114,,269,,,296,112,78,54,213,80,58,205,120,95,214,156,226,190,264,187,263,61,28,216,246,284,236,146,256,215,290,46,296,89,294,78,121,292,294,280,242,297,135,291,,,281,148,,,298,19,296,294,297,277,243,236,230,202,235,219,293,279,277,265,185,284,182,250,184,290,285,228,,248,,,b'\x11\xe8\xe1I\xda\x00B<\x98|\x12\xdf\x17\xaeN\x1e'
11E8E149-DA00-423C-987C-12DF17AE4E1E,2023-ncaa-d2-conf-GLVC,ncaa,13,13,9,13,11,13,13,13,13,13,13,13,8,5,13,3,10,10,4,10,4,12,11,13,13,13,2,3,3,8,9,10,12,11,12,12,12,6,11,13,11,11,11,10,,,6,7,,,13,11,8,8,13,13,11,13,12,6,3,7,7,7,10,7,6,8,11,12,10,11,11,,8,,,13,5,7,5,12,7,3,12,7,7,9,7,5,6,5,6,8,5,4,12,11,11,8,7,7,9,12,11,9,11,12,9,9,9,9,12,5,9,1,9,,,12,11,,,13,3,13,12,13,12,11,9,11,8,9,7,8,9,9,10,8,11,13,13,11,9,9,4,,10,,,b'\x11\xe8\xe1I\xda\x00B<\x98|\x12\xdf\x17\xaeN\x1e'
11E8E149-DA00-423C-987C-12DF17AE4E1E,2023-ncaa-d2-natl,ncaa,283,295,110,287,135,210,230,177,275,256,245,251,118,73,241,43,142,158,115,157,76,175,179,257,246,229,34,64,69,259,279,186,228,222,284,268,275,133,158,260,276,288,207,239,,,188,194,,,293,152,186,208,262,279,234,287,271,121,66,157,174,173,236,236,264,229,273,289,127,286,220,,182,,,292,279,274,221,279,273,200,278,249,215,249,163,223,221,170,217,180,228,162,278,277,295,131,163,114,218,228,254,279,246,284,254,137,272,292,289,120,131,105,161,,,162,107,,,293,148,257,295,292,279,280,247,273,195,240,213,208,207,204,254,142,214,268,255,248,289,107,86,,179,,,b'\x11\xe8\xe1I\xda\x00B<\x98|\x12\xdf\x17\xaeN\x1e'
11E8E149-DA00-423C-987C-12DF17AE4E1E,2024-ncaa-d2-conf-GLVC,ncaa,13,13,9,13,13,11,13,12,9,14,13,6,7,6,7,4,10,10,9,10,3,12,14,7,8,5,2,3,6,14,14,12,13,14,14,14,13,1,1,8,13,12,13,13,,,10,11,,,13,13,11,9,11,13,9,13,13,4,5,9,9,9,10,14,14,12,14,14,1,12,13,,11,,,13,10,6,3,11,3,3,10,12,6,14,8,12,12,12,12,13,4,3,12,12,14,13,11,12,11,13,14,14,13,14,5,5,7,7,7,1,3,6,10,,,4,1,,,13,2,9,14,13,12,8,5,7,5,12,9,13,13,13,7,6,12,14,14,8,6,1,7,,3,,,b'\x11\xe8\xe1I\xda\x00B<\x98|\x12\xdf\x17\xaeN\x1e'
11E8E149-DA00-423C-987C-12DF17AE4E1E,2024-ncaa-d2-natl,ncaa,261,274,172,269,199,127,152,161,131,196,240,80,71,53,150,31,105,124,104,125,31,154,235,109,100,33,42,56,111,293,299,206,230,273,296,253,291,7,2,70,274,288,280,287,,,208,223,,,257,169,109,209,86,126,120,190,247,39,27,88,98,98,104,247,299,215,295,267,1,281,288,,226,,,251,273,249,164,274,194,151,223,274,182,298,158,280,266,282,263,256,191,139,285,289,294,268,228,225,196,230,286,299,264,296,167,60,247,261,254,8,1,146,205,,,76,7,,,257,129,97,295,246,290,276,221,235,185,283,204,289,268,265,253,189,207,291,284,184,251,1,158,,32,,,b'\x11\xe8\xe1I\xda\x00B<\x98|\x12\xdf\x17\xaeN\x1e'
11E8E149-DA00-423C-987C-12DF17AE4E1E,2025-ncaa-d2-conf-GLVC,genius_ncaa,11,11,9,11,11,11,13,13,13,14,15,13,3,3,5,1,8,8,1,10,4,12,14,10,8,8,1,2,7,15,15,11,10,14,14,14,14,1,5,10,10,11,13,12,,,10,12,,6,13,11,7,11,9,13,11,14,15,2,2,6,8,8,10,13,15,11,15,14,2,10,13,,12,,6,13,10,8,6,13,8,3,11,10,7,13,9,11,11,6,11,13,6,3,13,12,14,10,8,10,4,10,13,15,11,14,7,8,10,9,12,1,4,14,15,,,9,5,,2,13,6,9,14,14,13,11,6,10,5,11,8,11,12,12,7,7,6,14,14,9,10,2,15,,7,,2,b'\x11\xe8\xe1I\xda\x00B<\x98|\x12\xdf\x17\xaeN\x1e'
11E8E149-DA00-423C-987C-12DF17AE4E1E,2025-ncaa-d2-natl,genius_ncaa,243,222,260,245,266,237,263,270,218,291,294,235,81,97,67,23,195,225,72,228,43,273,286,154,141,96,2,17,98,291,300,262,135,290,290,281,282,11,24,165,255,214,255,237,,,86,221,,131,243,270,145,207,168,226,192,295,283,29,29,112,144,149,186,263,297,213,291,284,16,216,239,,196,,191,249,127,110,33,284,105,42,267,159,84,288,155,170,167,148,163,245,35,29,287,286,294,209,179,183,37,135,194,300,120,290,108,130,267,233,247,9,27,242,297,,,212,33,,65,243,35,163,288,243,266,252,148,224,133,236,172,246,239,237,187,133,94,292,257,218,231,20,278,,88,,37,b'\x11\xe8\xe1I\xda\x00B<\x98|\x12\xdf\x17\xaeN\x1e'
11E8E149-DA00-423C-987C-12DF17AE4E1E,2026-ncaa-d2-conf-GLVC,genius_ncaa,14,12,6,14,6,14,14,11,15,15,14,13,9,10,8,4,12,13,11,11,8,12,6,15,15,15,3,5,8,3,1,8,12,6,5,14,4,15,15,15,5,4,5,6,,,11,10,,11,15,6,1,1,14,14,9,14,13,7,6,10,10,9,10,1,1,4,1,12,15,3,5,,15,,13,15,9,10,10,5,10,8,12,7,11,3,9,9,13,1,13,14,10,11,5,4,5,7,7,11,12,12,2,1,10,5,5,4,6,6,4,15,15,8,11,,,12,14,,9,15,10,15,7,14,13,13,15,13,12,8,13,12,15,15,15,15,15,3,11,7,3,15,9,,9,,9,b'\x11\xe8\xe1I\xda\x00B<\x98|\x12\xdf\x17\xaeN\x1e'
11E8E149-DA00-423C-987C-12DF17AE4E1E,2026-ncaa-d2-natl,genius_ncaa,276,272,141,276,170,245,253,228,259,251,213,264,185,190,160,147,193,172,219,166,88,224,168,252,252,282,75,113,85,231,238,153,168,186,207,205,71,279,293,270,181,196,203,210,,,124,102,,105,281,146,54,88,279,279,278,280,234,183,190,187,155,139,272,112,233,113,189,203,289,176,199,,141,,117,278,180,189,167,219,170,107,258,217,231,152,248,109,134,57,137,178,163,151,228,201,228,168,211,66,151,168,143,238,148,207,175,128,182,200,207,259,274,155,214,,,197,217,,151,281,147,285,225,279,250,256,252,205,134,247,274,123,164,171,254,232,184,177,184,213,167,275,173,,195,,157,b'\x11\xe8\xe1I\xda\x00B<\x98|\x12\xdf\x17\xaeN\x1e'
11E8E149-DA04-83BA-987C-12DF17AE4E1E,2018-ncaa-d2-conf-CACC,ncaa,12,12,9,12,9,6,6,7,7,5,4,6,9,11,7,11,10,7,12,7,9,6,7,8,8,6,12,10,9,10,12,13,13,13,14,9,12,4,4,9,5,6,12,12,,,5,4,,,13,7,3,1,4,3,3,3,2,8,11,8,7,7,5,5,8,12,10,9,5,4,12,,6,,,13,14,14,10,14,13,7,14,14,13,14,14,4,4,7,4,5,11,8,14,14,14,11,14,2,11,13,12,12,11,14,14,14,11,11,14,13,11,13,10,,,12,13,,,13,8,7,14,12,14,14,12,13,9,14,14,5,5,5,12,12,12,13,13,14,9,13,13,,10,,,b'\x11\xe8\xe1I\xda\x04\x83\xba\x98|\x12\xdf\x17\xaeN\x1e'
11E8E149-DA04-83BA-987C-12DF17AE4E1E,2018-ncaa-d2-natl,ncaa,252,286,105,268,114,112,96,86,134,61,43,156,202,214,166,262,146,102,246,100,220,89,83,178,188,182,274,248,181,110,166,158,290,140,264,117,196,224,155,165,66,111,242,269,,,137,33,,,278,77,50,85,104,75,57,43,28,223,240,153,109,107,57,55,108,198,142,122,209,66,254,,106,,,270,300,299,280,282,286,245,267,306,292,296,270,97,136,53,136,76,272,270,289,274,277,186,291,12,296,290,250,166,282,264,306,299,104,194,289,294,266,243,166,,,190,273,,,278,241,185,292,258,302,302,293,286,246,306,297,92,112,109,285,289,292,248,279,306,105,287,245,,229,,,b'\x11\xe8\xe1I\xda\x04\x83\xba\x98|\x12\xdf\x17\xaeN\x1e'
11E8E149-DA04-83BA-987C-12DF17AE4E1E,2019-ncaa-d2-conf-CACC,ncaa,9,7,9,9,9,10,8,10,6,5,5,7,12,13,6,12,9,6,13,7,8,8,11,8,8,9,11,11,8,9,12,9,13,12,10,12,13,6,7,11,8,8,9,10,,,4,4,,,11,9,5,2,9,5,7,4,4,12,13,7,5,5,6,8,8,5,10,10,8,6,8,,7,,,11,11,13,11,12,12,8,12,10,11,5,12,2,3,9,3,2,8,8,10,11,11,5,10,2,12,13,8,12,9,10,12,9,10,11,11,7,8,9,7,,,12,13,,,11,8,10,13,11,14,14,13,13,12,11,12,3,4,4,12,11,14,10,12,12,6,9,9,,10,,,b'\x11\xe8\xe1I\xda\x04\x83\xba\x98|\x12\xdf\x17\xaeN\x1e'
11E8E149-DA04-83BA-987C-12DF17AE4E1E,2019-ncaa-d2-natl,ncaa,232,244,182,238,192,194,185,179,187,157,137,203,204,221,167,219,189,101,297,101,124,166,168,198,227,224,212,199,160,165,184,192,287,188,253,198,218,198,197,209,149,177,251,275,,,140,88,,,281,165,85,52,188,164,135,140,105,197,214,181,80,80,111,97,142,178,162,192,218,139,253,,161,,,275,280,295,255,263,291,228,286,229,238,139,200,76,104,74,104,63,233,206,257,226,242,53,144,26,283,287,199,184,254,253,287,195,177,226,269,250,251,198,179,,,209,235,,,281,167,229,271,266,289,299,295,299,280,243,260,105,121,125,293,277,294,235,276,285,169,263,219,,194,,,b'\x11\xe8\xe1I\xda\x04\x83\xba\x98|\x12\xdf\x17\xaeN\x1e'
11E8E149-DA04-83BA-987C-12DF17AE4E1E,2020-ncaa-d2-conf-CACC,ncaa,11,10,9,11,10,6,6,7,7,3,2,8,14,14,9,14,2,4,5,3,7,5,8,8,8,5,13,14,4,10,11,3,7,5,7,10,12,3,3,4,10,10,12,11,,,3,4,,,9,6,3,4,3,4,4,2,1,14,14,2,4,3,2,5,9,2,3,7,4,9,11,,5,,,9,12,14,14,9,11,7,9,14,13,11,12,3,6,3,5,6,14,11,11,9,12,11,14,2,10,7,9,11,8,7,12,11,11,11,14,7,8,13,9,,,8,10,,,9,9,6,12,9,13,14,14,13,11,14,14,5,6,5,14,13,11,12,10,13,10,8,13,,7,,,b'\x11\xe8\xe1I\xda\x04\x83\xba\x98|\x12\xdf\x17\xaeN\x1e'
11E8E149-DA04-83BA-987C-12DF17AE4E1E,2020-ncaa-d2-natl,ncaa,267,266,223,269,237,172,164,166,145,88,49,196,272,287,166,295,106,101,174,94,189,151,174,202,193,167,276,285,70,164,193,109,206,137,189,201,231,90,84,142,221,236,237,253,,,53,39,,,236,176,52,141,120,104,68,34,15,271,290,65,57,52,60,72,132,36,58,178,119,207,235,,84,,,234,244,270,254,209,208,180,194,300,289,290,278,22,43,26,44,34,223,167,243,184,249,197,298,5,246,206,201,193,226,189,305,293,247,283,303,86,97,250,204,,,212,215,,,236,143,168,268,229,283,291,304,246,256,304,301,29,56,57,294,273,274,265,278,302,236,129,275,,162,,,b'\x11\xe8\xe1I\xda\x04\x83\xba\x98|\x12\xdf\x17\xaeN\x1e'
11E8E149-DA04-83BA-987C-12DF17AE4E1E,2022-ncaa-d2-conf-CACC,ncaa,13,13,6,13,10,13,13,13,13,10,2,13,13,13,13,13,8,9,8,9,11,13,12,13,13,13,13,13,2,7,4,9,10,9,7,12,11,12,13,12,13,13,11,12,,,2,4,,,13,12,9,8,13,13,12,9,1,13,13,9,8,9,12,8,6,8,7,12,12,12,11,,5,,,13,12,13,10,11,13,9,11,13,8,12,8,1,2,1,4,3,9,5,11,11,13,4,11,1,10,10,3,4,6,7,13,13,13,13,13,13,13,9,5,,,9,9,,,13,4,13,13,13,12,13,13,13,12,11,9,4,4,5,12,6,10,6,7,13,13,13,11,,11,,,b'\x11\xe8\xe1I\xda\x04\x83\xba\x98|\x12\xdf\x17\xaeN\x1e'
11E8E149-DA04-83BA-987C-12DF17AE4E1E,2022-ncaa-d2-natl,ncaa,290,283,248,290,260,290,282,276,281,198,81,286,299,299,301,301,280,268,255,272,297,284,256,295,296,297,301,301,110,126,46,228,262,198,134,282,240,257,295,291,279,279,200,218,,,20,21,,,294,272,192,218,296,285,260,114,5,301,301,270,244,250,275,161,54,138,72,284,290,270,166,,42,,,292,106,191,140,242,207,186,203,120,79,246,93,7,8,14,10,4,97,61,226,169,236,12,149,6,230,262,36,46,78,134,259,270,284,287,297,275,293,109,74,,,277,264,,,294,41,297,271,292,249,286,291,289,292,202,156,7,23,26,266,201,282,87,192,296,268,292,172,,264,,,b'\x11\xe8\xe1I\xda\x04\x83\xba\x98|\x12\xdf\x17\xaeN\x1e'
11E8E149-DA04-83BA-987C-12DF17AE4E1E,2023-ncaa-d2-conf-CACC,ncaa,13,13,12,13,12,13,13,13,13,12,10,13,13,13,13,11,13,13,5,13,13,13,13,13,13,13,12,11,3,13,9,11,5,11,8,13,7,11,13,13,13,13,2,1,,,1,1,,,13,13,13,9,13,13,13,12,5,13,12,13,13,13,13,13,11,8,11,12,13,13,1,,1,,,13,3,4,2,10,4,2,11,7,5,9,10,1,1,7,1,1,1,1,11,8,12,3,9,1,2,5,1,9,1,8,10,12,13,13,13,8,13,6,8,,,13,12,,,13,1,13,10,13,5,10,7,10,6,9,9,1,2,2,4,1,4,7,6,12,13,11,8,,13,,,b'\x11\xe8\xe1I\xda\x04\x83\xba\x98|\x12\xdf\x17\xaeN\x1e'
11E8E149-DA04-83BA-987C-12DF17AE4E1E,2023-ncaa-d2-natl,ncaa,287,279,255,289,272,294,294,288,297,288,211,298,295,292,298,285,293,293,198,293,298,293,286,298,298,298,293,289,183,194,144,256,249,245,223,279,46,249,298,288,285,279,106,94,,,6,7,,,296,291,261,208,298,297,281,288,89,297,293,296,297,297,298,237,104,180,143,276,287,277,64,,8,,,296,46,113,79,209,168,146,178,61,42,179,68,7,6,41,6,7,49,21,184,129,203,10,91,5,175,249,61,144,89,223,217,268,288,273,292,236,292,167,213,,,294,298,,,296,9,298,244,298,168,259,260,274,279,105,90,6,11,12,210,110,255,193,243,284,272,279,232,,298,,,b'\x11\xe8\xe1I\xda\x04\x83\xba\x98|\x12\xdf\x17\xaeN\x1e'
11E8E149-DA04-83BA-987C-12DF17AE4E1E,2024-ncaa-d2-conf-CACC,ncaa,12,12,5,12,11,12,12,9,12,12,11,12,5,3,10,1,12,10,12,9,5,10,9,12,12,12,2,2,4,9,10,11,12,10,12,12,9,11,10,12,7,9,11,11,,,7,8,,,12,8,4,9,12,12,8,12,11,5,2,12,10,10,8,7,8,11,10,12,10,6,11,,7,,,12,11,11,7,11,9,4,12,11,11,10,10,9,10,4,10,11,8,7,11,11,11,10,10,8,9,12,12,10,12,12,12,12,8,9,12,11,11,12,12,,,12,12,,,12,5,12,12,12,12,12,10,10,6,12,12,10,11,11,10,10,9,12,12,12,8,11,12,,12,,,b'\x11\xe8\xe1I\xda\x04\x83\xba\x98|\x12\xdf\x17\xaeN\x1e'
11E8E149-DA04-83BA-987C-12DF17AE4E1E,2024-ncaa-d2-natl,ncaa,290,284,260,293,269,291,291,248,298,294,280,299,180,90,276,16,292,290,298,290,259,262,249,298,299,299,16,5,260,185,229,256,296,251,291,284,114,232,282,290,210,214,181,185,,,36,43,,,298,251,63,216,299,299,96,299,243,124,20,295,280,280,166,70,94,199,155,284,280,161,143,,128,,,297,141,174,114,229,179,127,241,153,141,161,167,77,119,9,116,139,111,83,227,194,218,93,162,59,279,296,236,229,261,291,295,298,223,217,293,218,271,288,299,,,292,298,,,298,44,299,272,298,278,284,286,281,268,230,243,153,202,206,288,281,297,298,298,298,151,274,299,,295,,,b'\x11\xe8\xe1I\xda\x04\x83\xba\x98|\x12\xdf\x17\xaeN\x1e'
11E8E149-DA04-83BA-987C-12DF17AE4E1E,2025-ncaa-d2-conf-CACC,genius_ncaa,12,12,7,12,12,12,12,9,12,12,11,12,8,7,10,5,9,9,9,10,4,9,9,12,12,12,1,4,2,5,7,9,11,7,10,12,12,12,12,12,12,12,6,7,,,4,6,,7,12,10,6,8,12,12,8,12,11,6,5,8,6,7,9,5,3,8,4,12,12,12,4,,7,,8,12,12,12,9,12,12,7,12,12,11,12,10,6,5,9,5,6,9,5,12,12,12,8,10,2,11,11,9,7,9,10,12,11,12,12,12,12,12,7,10,,,11,11,,5,12,3,12,12,12,12,12,12,12,12,12,12,8,8,8,12,11,12,12,12,12,12,12,9,,9,,5,b'\x11\xe8\xe1I\xda\x04\x83\xba\x98|\x12\xdf\x17\xaeN\x1e'
11E8E149-DA04-83BA-987C-12DF17AE4E1E,2025-ncaa-d2-natl,genius_ncaa,297,299,207,297,222,289,291,237,300,294,266,301,186,126,272,66,244,218,272,216,103,242,156,300,298,300,20,53,69,92,114,226,297,174,265,284,193,299,300,301,287,296,173,201,,,150,108,,47,301,181,69,199,299,300,236,300,260,173,93,247,199,202,242,71,55,209,123,295,300,291,156,,200,,57,300,286,289,247,288,284,219,283,280,243,286,197,190,206,60,204,149,248,191,290,285,299,131,211,56,298,297,198,114,277,265,301,293,269,293,301,301,300,112,222,,,233,253,,263,301,128,300,301,300,301,301,299,296,284,293,283,215,229,229,298,280,300,258,294,301,267,300,153,,211,,267,b'\x11\xe8\xe1I\xda\x04\x83\xba\x98|\x12\xdf\x17\xaeN\x1e'
11E8E149-DA04-83BA-987C-12DF17AE4E1E,2026-ncaa-d2-conf-CACC,genius_ncaa,10,11,1,10,1,8,8,2,10,6,3,10,8,1,11,3,6,4,10,4,5,3,1,10,11,11,8,7,7,1,6,2,9,1,7,10,10,11,11,10,5,9,1,4,,,10,6,,11,11,1,3,2,10,10,7,10,8,9,4,9,8,8,8,3,5,5,4,10,10,8,2,,7,,11,10,11,10,10,5,10,10,7,9,10,5,7,10,10,3,10,7,11,11,5,4,6,2,5,7,11,9,11,6,11,7,10,8,3,7,7,11,11,10,10,,,4,6,,4,11,11,11,7,10,10,9,10,10,9,7,10,7,7,7,11,11,11,9,11,9,6,11,10,,6,,4,b'\x11\xe8\xe1I\xda\x04\x83\xba\x98|\x12\xdf\x17\xaeN\x1e'
11E8E149-DA04-83BA-987C-12DF17AE4E1E,2026-ncaa-d2-natl,genius_ncaa,276,297,13,276,27,151,178,44,292,167,31,293,185,118,251,220,67,35,251,31,111,37,17,293,294,294,132,197,38,7,63,23,276,9,200,182,176,298,279,284,109,237,20,65,,,285,177,,239,296,21,57,88,287,290,149,274,98,247,216,137,91,84,129,31,15,80,17,267,287,195,43,,254,,198,289,287,279,289,170,281,288,207,220,272,72,121,283,295,12,296,248,292,289,155,121,186,98,86,179,298,276,282,63,296,200,290,241,94,265,270,298,296,292,274,,,40,204,,188,296,280,290,249,286,272,263,285,266,266,164,212,248,286,288,293,281,292,260,292,272,212,296,281,,126,,234,b'\x11\xe8\xe1I\xda\x04\x83\xba\x98|\x12\xdf\x17\xaeN\x1e'
11E8E149-DA08-B4C6-987C-12DF17AE4E1E,2018-ncaa-d2-conf-SAC,ncaa,2,2,2,2,3,2,2,5,2,2,2,4,9,11,1,11,2,2,6,2,5,3,5,2,2,2,11,11,3,4,3,4,5,4,3,2,4,1,2,2,4,4,5,5,,,5,5,,,2,5,10,6,4,4,8,2,2,10,11,2,1,1,6,8,5,7,6,2,2,5,6,,3,,,2,3,4,8,5,2,5,5,7,7,6,9,1,2,1,2,5,6,6,7,3,2,7,10,2,4,5,3,3,2,3,4,4,4,4,2,1,3,5,2,,,2,1,,,2,7,2,2,2,1,2,1,2,1,5,7,1,1,1,1,2,3,1,1,3,6,1,3,,1,,,b'\x11\xe8\xe1I\xda\x08\xb4\xc6\x98|\x12\xdf\x17\xaeN\x1e'
11E8E149-DA08-B4C6-987C-12DF17AE4E1E,2018-ncaa-d2-natl,ncaa,17,30,12,28,19,36,28,66,19,7,6,71,268,306,2,309,15,18,112,17,178,44,39,55,50,53,299,307,68,44,15,76,182,54,30,24,55,227,119,45,66,100,65,97,,,221,125,,,34,47,263,196,91,65,234,17,24,305,309,54,64,61,198,212,92,242,178,40,90,137,105,,74,,,41,212,248,255,132,257,263,142,158,188,84,119,88,143,25,152,73,248,255,115,83,72,51,112,67,239,182,63,15,132,30,211,126,61,97,102,190,97,267,110,,,11,17,,,34,249,38,86,42,33,81,66,111,117,62,86,23,45,49,41,58,138,2,14,84,141,88,197,,52,,,b'\x11\xe8\xe1I\xda\x08\xb4\xc6\x98|\x12\xdf\x17\xaeN\x1e'
11E8E149-DA08-B4C6-987C-12DF17AE4E1E,2019-ncaa-d2-conf-SAC,ncaa,2,2,1,2,1,3,3,4,4,1,1,6,9,11,4,11,1,2,3,2,10,4,3,5,4,4,10,11,1,2,1,2,2,2,1,2,3,6,6,4,5,5,2,1,,,9,9,,,3,4,11,2,4,4,10,1,2,11,11,1,3,3,10,8,2,5,2,4,6,6,3,,6,,,3,2,2,5,2,2,4,1,7,9,5,10,8,8,8,8,7,5,6,3,3,2,11,9,9,5,2,1,1,1,1,5,10,5,4,5,8,6,8,5,,,2,3,,,3,7,3,3,3,2,1,2,1,1,5,6,6,5,5,1,1,3,1,1,4,6,6,6,,5,,,b'\x11\xe8\xe1I\xda\x08\xb4\xc6\x98|\x12\xdf\x17\xaeN\x1e'
11E8E149-DA08-B4C6-987C-12DF17AE4E1E,2019-ncaa-d2-natl,ncaa,36,59,16,54,17,52,52,54,88,21,9,147,275,293,140,309,9,21,25,21,176,42,31,159,115,137,288,305,22,11,5,29,97,11,6,37,64,279,194,123,62,103,25,23,,,282,245,,,47,49,260,84,130,131,199,33,19,300,309,21,70,69,157,150,21,88,36,73,194,132,44,,202,,,48,170,116,239,25,96,208,26,215,248,85,193,265,269,90,268,233,259,266,32,40,35,263,219,266,224,97,76,5,139,6,225,271,59,105,114,273,172,285,177,,,23,90,,,47,263,71,37,49,31,23,52,21,55,112,139,175,194,191,62,67,124,6,14,106,152,176,257,,95,,,b'\x11\xe8\xe1I\xda\x08\xb4\xc6\x98|\x12\xdf\x17\xaeN\x1e'
11E8E149-DA08-B4C6-987C-12DF17AE4E1E,2020-ncaa-d2-conf-SAC,ncaa,6,6,5,6,7,10,9,9,5,5,3,11,10,11,5,11,11,8,11,8,10,9,7,9,10,12,11,10,9,7,7,4,6,6,5,8,7,12,12,10,4,3,2,1,,,6,9,,,9,9,11,7,11,9,10,7,3,11,11,11,8,8,10,10,7,4,5,8,12,4,2,,6,,,9,1,1,6,2,1,1,2,11,11,8,12,2,5,1,6,9,6,4,3,2,5,12,12,8,6,6,4,7,5,5,8,12,5,5,8,11,11,10,6,,,10,9,,,9,4,10,6,9,4,3,6,1,1,11,11,3,4,5,5,2,7,4,5,9,6,11,10,,8,,,b'\x11\xe8\xe1I\xda\x08\xb4\xc6\x98|\x12\xdf\x17\xaeN\x1e'
11E8E149-DA08-B4C6-987C-12DF17AE4E1E,2020-ncaa-d2-natl,ncaa,95,140,17,126,35,174,156,141,166,75,23,234,281,296,138,308,124,46,292,44,156,106,63,224,233,259,296,294,84,42,42,48,169,28,70,186,209,307,294,273,39,54,7,4,,,267,227,,,155,70,200,128,257,234,262,125,56,297,307,179,82,80,236,148,64,92,60,238,289,60,9,,210,,,155,135,96,218,29,38,123,22,282,291,169,281,190,230,30,235,249,233,245,45,44,46,302,301,208,266,169,157,42,217,70,225,292,63,85,113,306,282,286,237,,,73,152,,,155,239,242,52,158,52,27,94,7,32,241,255,130,175,175,102,136,209,62,111,156,99,283,266,,148,,,b'\x11\xe8\xe1I\xda\x08\xb4\xc6\x98|\x12\xdf\x17\xaeN\x1e'
11E8E149-DA08-B4C6-987C-12DF17AE4E1E,2021-ncaa-d2-conf-SAC,ncaa,5,5,7,6,9,5,4,4,6,4,3,8,10,12,8,13,3,2,2,2,9,4,4,8,6,7,11,11,2,1,1,9,5,3,1,7,10,5,4,8,9,6,8,7,,,6,9,,,5,10,8,7,3,3,3,4,1,11,12,2,1,1,1,1,1,8,2,8,6,7,10,,6,,,5,5,4,3,8,4,2,10,12,12,9,13,9,8,12,7,12,3,4,11,11,10,13,13,9,2,5,2,1,2,1,7,11,6,4,7,7,8,13,13,,,6,7,,,5,4,3,9,5,9,5,4,3,1,12,12,8,8,7,4,5,3,1,1,9,4,9,13,,4,,,b'\x11\xe8\xe1I\xda\x08\xb4\xc6\x98|\x12\xdf\x17\xaeN\x1e'
11E8E149-DA08-B4C6-987C-12DF17AE4E1E,2021-ncaa-d2-natl,ncaa,72,135,68,92,74,53,53,42,119,38,13,158,117,134,73,215,25,32,59,30,139,40,46,146,129,107,171,196,43,2,1,81,119,26,8,87,176,142,51,107,85,130,127,146,,,165,144,,,78,78,120,121,54,68,36,38,17,174,200,14,28,28,24,34,4,150,19,131,83,133,175,,122,,,86,166,145,142,133,117,102,137,214,206,174,220,195,176,199,175,207,148,150,170,183,171,217,213,162,153,119,120,1,126,8,181,182,58,88,126,140,57,225,213,,,56,123,,,78,149,34,166,89,151,99,74,39,13,208,210,177,145,149,90,97,99,29,43,163,89,85,225,,60,,,b'\x11\xe8\xe1I\xda\x08\xb4\xc6\x98|\x12\xdf\x17\xaeN\x1e'
11E8E149-DA08-B4C6-987C-12DF17AE4E1E,2022-ncaa-d2-conf-SAC,ncaa,3,2,4,2,4,3,4,5,2,3,3,5,6,11,1,13,1,1,2,1,3,4,4,3,3,2,8,8,3,3,1,3,5,3,1,2,2,5,6,2,8,7,5,5,,,2,3,,,2,8,11,6,2,3,8,3,3,6,12,1,1,1,6,9,2,3,2,2,5,9,8,,1,,,2,3,5,8,2,3,5,4,11,11,2,12,2,2,4,1,1,7,7,2,2,4,8,12,2,8,5,1,1,2,1,7,7,7,6,9,5,6,13,11,,,3,4,,,2,7,1,4,2,2,4,8,2,3,8,12,1,1,1,6,3,7,1,1,6,8,6,13,,2,,,b'\x11\xe8\xe1I\xda\x08\xb4\xc6\x98|\x12\xdf\x17\xaeN\x1e'
11E8E149-DA08-B4C6-987C-12DF17AE4E1E,2022-ncaa-d2-natl,ncaa,31,26,47,29,54,35,41,71,19,31,49,59,89,190,4,251,9,23,32,24,70,63,68,33,14,20,150,202,57,32,12,31,63,24,3,23,41,174,101,36,173,214,102,103,,,94,33,,,20,87,207,175,26,37,153,39,89,117,246,8,34,41,114,153,57,26,28,17,101,224,133,,26,,,19,185,212,256,71,165,173,129,270,294,70,285,55,53,163,50,36,236,217,99,72,115,199,272,29,183,63,62,12,98,3,225,190,149,205,202,146,84,296,268,,,57,110,,,20,216,5,111,21,80,121,194,66,70,239,279,18,17,17,128,85,117,5,17,148,216,91,287,,109,,,b'\x11\xe8\xe1I\xda\x08\xb4\xc6\x98|\x12\xdf\x17\xaeN\x1e'
11E8E149-DA08-B4C6-987C-12DF17AE4E1E,2023-ncaa-d2-conf-SAC,ncaa,2,2,4,2,5,3,4,7,1,3,3,1,8,9,1,12,3,3,1,3,6,6,6,1,1,1,9,11,5,3,1,5,5,3,1,3,6,7,8,4,6,6,7,8,,,6,7,,,1,6,13,5,2,3,10,2,3,8,12,1,3,3,7,10,3,7,5,5,7,9,8,,4,,,1,5,5,6,2,5,6,6,8,7,4,8,6,6,1,6,7,6,6,5,2,4,5,9,6,6,5,2,1,2,1,6,7,8,7,9,9,9,10,8,,,5,5,,,1,7,1,4,1,4,4,5,3,4,8,7,4,4,4,4,2,5,1,1,5,11,9,9,,7,,,b'\x11\xe8\xe1I\xda\x08\xb4\xc6\x98|\x12\xdf\x17\xaeN\x1e'
11E8E149-DA08-B4C6-987C-12DF17AE4E1E,2023-ncaa-d2-natl,ncaa,36,46,30,43,31,28,31,56,18,23,28,48,112,192,9,265,14,31,20,31,145,46,36,30,19,32,212,228,94,45,37,28,98,28,11,40,124,258,175,107,130,195,63,79,,,196,95,,,31,44,176,101,33,39,166,31,59,163,262,28,76,79,128,126,84,52,51,49,180,192,89,,90,,,30,222,211,259,65,175,242,51,248,244,188,169,191,184,163,187,124,261,255,87,87,107,221,223,147,225,98,99,37,153,11,200,159,101,175,148,285,229,261,184,,,46,124,,,31,250,29,108,36,98,96,161,67,142,190,172,109,107,103,140,124,140,13,33,118,181,238,225,,118,,,b'\x11\xe8\xe1I\xda\x08\xb4\xc6\x98|\x12\xdf\x17\xaeN\x1e'
11E8E149-DA08-B4C6-987C-12DF17AE4E1E,2024-ncaa-d2-conf-SAC,ncaa,3,5,1,4,2,2,3,3,1,3,2,9,4,10,1,12,1,1,1,1,6,3,3,3,1,1,8,9,2,5,8,2,7,3,3,4,6,6,5,4,5,9,5,6,,,10,5,,,5,2,10,9,4,5,7,4,3,7,12,1,4,4,7,11,9,5,8,6,5,11,7,,3,,,5,13,12,13,5,11,11,5,13,13,8,12,8,9,4,9,5,12,12,8,6,9,11,13,3,12,7,11,8,11,3,12,10,5,8,10,9,6,13,7,,,1,2,,,5,12,3,8,5,5,8,7,2,3,10,10,2,2,2,6,4,8,1,3,9,11,5,9,,4,,,b'\x11\xe8\xe1I\xda\x08\xb4\xc6\x98|\x12\xdf\x17\xaeN\x1e'
11E8E149-DA08-B4C6-987C-12DF17AE4E1E,2024-ncaa-d2-natl,ncaa,40,74,14,68,17,21,26,25,62,30,9,191,64,189,1,268,14,37,3,37,212,26,24,70,39,46,124,175,83,72,137,25,173,29,130,32,99,210,82,62,99,191,71,110,,,188,31,,,80,20,124,88,44,52,92,69,34,111,253,33,110,111,86,117,138,82,102,59,101,172,115,,60,,,88,281,286,290,139,259,265,137,296,291,224,252,131,136,147,135,44,286,280,172,146,158,198,269,31,282,173,255,137,272,130,283,198,68,182,206,209,117,293,218,,,28,102,,,80,280,48,180,87,192,213,247,145,151,262,261,52,52,49,210,192,219,114,162,226,160,117,271,,97,,,b'\x11\xe8\xe1I\xda\x08\xb4\xc6\x98|\x12\xdf\x17\xaeN\x1e'
11E8E149-DA08-B4C6-987C-12DF17AE4E1E,2025-ncaa-d2-conf-SAC,genius_ncaa,4,2,4,4,4,7,8,8,6,3,2,10,13,13,8,13,4,3,4,3,5,8,9,10,9,5,13,13,4,5,5,4,6,5,4,7,9,2,5,5,7,7,12,11,,,2,3,,1,5,10,12,12,11,9,11,6,4,13,13,4,5,4,11,11,6,4,7,8,2,8,12,,2,,1,5,4,4,9,1,1,1,11,13,13,4,13,1,1,8,1,5,6,5,3,3,4,13,13,1,7,6,4,5,4,4,11,13,7,6,11,3,4,13,12,,,3,3,,10,5,5,6,6,5,2,3,7,1,1,13,13,1,1,1,3,2,5,2,3,10,9,2,13,,4,,11,b'\x11\xe8\xe1I\xda\x08\xb4\xc6\x98|\x12\xdf\x17\xaeN\x1e'
11E8E149-DA08-B4C6-987C-12DF17AE4E1E,2025-ncaa-d2-natl,genius_ncaa,67,95,43,86,71,98,87,90,99,32,20,154,277,283,193,298,55,72,60,71,220,84,100,171,147,120,292,295,57,101,110,58,136,61,87,79,121,130,97,85,149,182,241,210,,,48,12,,25,129,94,229,276,157,131,195,37,31,291,298,75,108,110,173,219,140,81,108,115,73,192,266,,13,,14,132,205,206,249,80,78,39,232,300,301,73,301,31,22,234,19,74,224,214,156,120,144,294,301,6,226,136,167,110,192,87,287,287,125,174,253,150,111,290,246,,,53,49,,245,129,206,117,159,131,104,117,181,23,3,294,300,8,8,8,97,85,166,81,102,250,197,91,281,,86,,265,b'\x11\xe8\xe1I\xda\x08\xb4\xc6\x98|\x12\xdf\x17\xaeN\x1e'
11E8E149-DA08-B4C6-987C-12DF17AE4E1E,2026-ncaa-d2-conf-SAC,genius_ncaa,6,3,11,6,11,12,11,12,1,9,10,3,12,12,4,12,10,11,9,11,10,12,12,3,3,4,12,12,10,12,5,12,5,12,5,8,6,1,8,6,3,1,12,11,,,1,3,,8,5,12,11,3,8,4,8,1,3,12,12,10,9,9,9,11,11,9,11,5,6,1,11,,1,,11,4,1,1,1,8,1,1,9,8,7,9,12,1,1,12,1,1,1,1,11,9,5,10,12,1,1,5,1,5,1,5,5,11,7,2,6,1,5,2,2,,,11,9,,8,5,1,4,4,4,3,5,3,1,1,11,12,1,1,1,1,1,4,2,2,9,2,1,2,,10,,4,b'\x11\xe8\xe1I\xda\x08\xb4\xc6\x98|\x12\xdf\x17\xaeN\x1e'
11E8E149-DA08-B4C6-987C-12DF17AE4E1E,2026-ncaa-d2-natl,genius_ncaa,65,53,141,74,170,145,116,180,23,52,74,88,252,284,67,293,172,204,76,204,273,186,179,75,76,107,291,279,198,112,25,150,142,139,38,141,183,165,205,159,43,18,203,140,,,49,30,,158,51,197,193,88,109,61,168,14,20,267,294,160,202,201,179,154,87,111,89,120,196,26,199,,29,,183,51,65,98,108,66,47,31,182,238,275,102,297,3,4,21,3,7,77,107,145,62,34,248,295,2,134,142,44,25,76,38,154,246,74,25,89,106,133,92,55,,,236,270,,111,51,108,89,42,44,33,86,128,26,5,270,292,2,1,1,39,118,166,13,43,184,41,120,97,,276,,115,b'\x11\xe8\xe1I\xda\x08\xb4\xc6\x98|\x12\xdf\x17\xaeN\x1e'
11E8E149-DA0D-18A4-987C-12DF17AE4E1E,2018-ncaa-d2-conf-NSIC,ncaa,6,9,2,8,2,5,4,5,6,6,5,9,2,5,3,8,16,16,11,16,16,6,6,5,7,6,10,1,16,10,10,6,9,6,10,9,14,6,6,9,11,12,15,16,,,4,3,,,11,6,16,2,14,8,12,9,10,4,9,16,16,16,14,16,12,13,14,12,5,13,16,,2,,,11,14,14,15,8,7,3,15,15,16,8,16,1,1,16,1,3,14,11,10,10,10,13,15,1,9,9,9,10,10,10,16,15,8,9,14,7,8,3,4,,,7,7,,,11,11,7,10,11,8,8,8,4,2,14,15,1,1,1,4,3,6,5,5,13,12,5,3,,13,,,b'\x11\xe8\xe1I\xda\r\x18\xa4\x98|\x12\xdf\x17\xaeN\x1e'
11E8E149-DA0D-18A4-987C-12DF17AE4E1E,2018-ncaa-d2-natl,ncaa,125,132,105,131,107,161,123,173,79,165,182,138,79,143,10,112,294,297,137,299,306,211,248,67,97,73,152,42,307,266,262,191,84,233,196,187,249,15,37,71,278,270,288,281,,,18,39,,,147,244,304,18,206,131,225,189,214,77,158,306,306,306,276,303,284,245,284,210,12,289,298,,4,,,147,118,162,142,175,57,28,240,296,304,185,308,8,3,308,3,8,87,65,229,207,253,265,308,4,58,84,129,262,86,196,260,287,278,267,299,19,46,32,49,,,238,151,,,147,66,96,235,152,98,138,112,43,4,295,304,3,1,1,31,8,39,99,61,245,293,14,32,,267,,,b'\x11\xe8\xe1I\xda\r\x18\xa4\x98|\x12\xdf\x17\xaeN\x1e'
11E8E149-DA0D-18A4-987C-12DF17AE4E1E,2019-ncaa-d2-conf-NSIC,ncaa,8,8,5,8,5,11,9,9,7,9,10,4,9,8,10,8,9,12,3,11,9,10,12,7,6,4,11,9,10,11,6,12,11,11,7,16,16,2,4,9,12,12,13,10,,,1,1,,,8,14,15,3,12,12,10,9,12,10,8,8,9,9,11,14,9,13,12,16,4,15,13,,1,,,8,3,6,4,8,6,3,9,11,13,6,15,1,1,8,1,2,3,3,8,7,8,11,15,1,10,11,4,6,4,7,9,12,8,6,10,2,3,1,2,,,5,3,,,8,3,4,9,8,5,7,6,5,4,11,11,1,1,1,3,3,8,4,5,8,9,3,1,,7,,,b'\x11\xe8\xe1I\xda\r\x18\xa4\x98|\x12\xdf\x17\xaeN\x1e'
11E8E149-DA0D-18A4-987C-12DF17AE4E1E,2019-ncaa-d2-natl,ncaa,121,123,118,126,119,166,161,187,126,175,209,108,118,123,132,100,221,248,49,247,231,202,249,110,114,71,135,106,228,199,149,183,103,204,110,236,282,13,24,112,281,276,230,202,,,27,57,,,103,257,304,18,189,168,227,181,235,122,125,234,261,261,250,296,210,220,237,257,12,296,245,,20,,,102,55,98,113,129,67,42,193,247,268,101,304,14,13,234,12,27,70,50,164,133,182,212,288,14,79,103,55,149,50,110,166,234,265,234,258,14,28,22,26,,,143,34,,,103,51,63,170,102,52,87,85,52,16,244,268,10,9,9,35,11,72,46,48,159,285,13,19,,156,,,b'\x11\xe8\xe1I\xda\r\x18\xa4\x98|\x12\xdf\x17\xaeN\x1e'
11E8E149-DA0D-18A4-987C-12DF17AE4E1E,2020-ncaa-d2-conf-NSIC,ncaa,6,6,5,6,5,9,9,6,8,9,9,3,8,4,12,4,15,15,6,14,15,8,7,8,11,8,13,6,16,11,11,10,6,12,12,10,11,5,6,6,11,12,16,16,,,4,4,,,11,7,9,5,11,9,7,10,9,7,5,15,15,15,8,10,13,12,12,11,4,11,16,,3,,,11,10,13,10,12,11,6,14,12,10,11,12,1,2,3,2,5,8,8,13,11,11,6,12,2,4,6,10,11,9,12,14,15,7,8,11,5,6,5,6,,,15,16,,,11,9,9,10,11,9,10,9,9,7,13,12,1,4,4,7,6,4,9,7,12,7,6,6,,16,,,b'\x11\xe8\xe1I\xda\r\x18\xa4\x98|\x12\xdf\x17\xaeN\x1e'
11E8E149-DA0D-18A4-987C-12DF17AE4E1E,2020-ncaa-d2-natl,ncaa,131,100,223,117,228,173,153,196,90,168,221,69,125,120,124,85,243,271,55,270,268,226,264,82,95,61,161,101,273,271,259,209,71,253,182,171,192,12,29,47,287,281,285,286,,,40,94,,,157,249,235,39,123,94,127,119,180,93,91,236,269,264,164,243,258,163,233,144,16,288,284,,67,,,158,142,187,112,248,157,92,242,230,187,259,241,31,33,140,35,53,75,50,263,236,266,138,253,19,37,71,123,259,81,182,231,240,275,256,290,21,49,63,91,,,270,248,,,157,64,94,247,154,206,239,188,202,131,260,231,33,40,42,144,76,54,185,123,253,273,33,82,,276,,,b'\x11\xe8\xe1I\xda\r\x18\xa4\x98|\x12\xdf\x17\xaeN\x1e'
11E8E149-DA0D-18A4-987C-12DF17AE4E1E,2021-ncaa-d2-conf-NSIC,ncaa,11,9,16,10,16,16,16,16,7,16,16,5,12,11,8,4,15,15,13,15,4,16,16,5,5,7,4,2,8,13,8,16,14,16,14,12,5,3,10,10,11,10,16,15,,,2,8,,,11,16,9,3,7,8,9,11,11,3,5,8,8,8,8,7,8,12,12,5,13,10,15,,9,,,11,3,3,2,12,3,2,12,7,5,9,14,1,2,6,2,6,1,2,13,11,11,9,14,1,8,14,2,8,4,14,5,11,9,5,9,11,15,3,8,,,14,5,,,11,1,9,12,11,14,14,13,11,7,12,13,5,6,6,10,11,14,9,10,13,4,15,7,,4,,,b'\x11\xe8\xe1I\xda\r\x18\xa4\x98|\x12\xdf\x17\xaeN\x1e'
11E8E149-DA0D-18A4-987C-12DF17AE4E1E,2021-ncaa-d2-natl,ncaa,140,95,173,132,175,164,169,178,91,171,183,84,138,157,69,73,154,164,72,162,61,176,182,74,70,70,60,64,85,188,167,180,130,184,163,150,67,45,92,78,179,168,198,201,,,54,109,,,143,177,92,14,76,96,103,128,135,56,71,63,83,86,101,104,154,131,151,66,117,155,200,,117,,,138,59,63,56,169,67,53,165,78,66,179,154,53,43,164,43,89,52,52,180,172,177,130,159,57,52,130,48,167,50,163,66,123,170,115,142,83,183,56,116,,,168,40,,,143,52,92,172,135,180,181,165,158,124,185,169,101,84,84,156,149,126,138,137,178,97,186,102,,47,,,b'\x11\xe8\xe1I\xda\r\x18\xa4\x98|\x12\xdf\x17\xaeN\x1e'
11E8E149-DA0D-18A4-987C-12DF17AE4E1E,2022-ncaa-d2-conf-NSIC,ncaa,9,13,3,11,6,9,7,6,7,8,9,3,5,2,13,1,13,13,9,13,12,8,8,4,7,8,8,6,15,9,8,11,8,12,7,6,6,10,10,9,13,13,15,16,,,7,8,,,12,8,15,11,14,12,12,11,13,8,2,15,15,15,14,15,11,16,15,10,6,14,16,,6,,,12,12,14,9,13,14,9,15,13,13,8,14,6,6,3,6,8,9,8,13,12,14,5,11,3,6,8,7,8,8,7,12,11,10,9,12,8,8,4,5,,,3,3,,,12,9,8,14,12,5,11,4,9,5,11,11,3,4,4,5,3,4,3,4,11,14,6,3,,8,,,b'\x11\xe8\xe1I\xda\r\x18\xa4\x98|\x12\xdf\x17\xaeN\x1e'
11E8E149-DA0D-18A4-987C-12DF17AE4E1E,2022-ncaa-d2-natl,ncaa,150,179,106,169,137,153,114,154,65,115,208,25,110,76,206,40,284,292,84,292,293,191,216,66,90,79,216,93,298,245,233,170,43,212,140,152,210,40,74,77,250,246,262,267,,,63,119,,,178,202,284,224,195,116,200,127,253,108,67,296,300,300,262,289,267,230,270,179,33,275,280,,49,,,175,165,198,133,251,173,92,273,226,228,178,264,38,37,204,37,50,105,81,257,249,265,128,233,25,28,43,102,233,60,140,214,198,248,244,276,62,92,35,51,,,197,132,,,178,97,111,244,179,132,180,65,150,39,216,217,24,21,22,31,14,17,72,26,191,280,41,24,,250,,,b'\x11\xe8\xe1I\xda\r\x18\xa4\x98|\x12\xdf\x17\xaeN\x1e'
11E8E149-DA0D-18A4-987C-12DF17AE4E1E,2023-ncaa-d2-conf-NSIC,ncaa,14,13,13,14,15,14,14,16,7,16,16,6,6,6,5,2,16,16,15,16,13,16,16,5,6,8,6,2,16,16,16,14,2,16,10,16,16,3,11,15,15,15,16,15,,,5,10,,,12,16,11,11,14,13,16,16,16,4,3,16,16,16,16,16,16,12,16,16,7,15,16,,9,,,12,3,5,4,7,3,1,10,14,14,8,16,2,2,8,2,3,3,1,11,8,14,12,16,2,1,2,1,16,1,10,12,15,16,15,15,1,4,3,5,,,15,10,,,12,2,12,8,9,7,9,10,7,2,16,16,2,2,2,8,4,1,4,3,14,16,2,3,,14,,,b'\x11\xe8\xe1I\xda\r\x18\xa4\x98|\x12\xdf\x17\xaeN\x1e'
11E8E149-DA0D-18A4-987C-12DF17AE4E1E,2023-ncaa-d2-natl,ncaa,241,206,255,238,269,268,243,284,91,260,291,68,134,156,90,37,292,292,200,292,272,288,293,63,101,110,115,35,294,295,294,244,5,292,171,283,293,11,129,214,294,287,285,276,,,15,116,,,213,289,242,124,233,186,259,225,274,73,77,294,295,295,284,298,297,155,287,279,56,291,283,,63,,,214,37,61,42,174,46,17,218,175,182,156,281,9,7,271,7,37,19,8,200,181,248,189,270,20,4,5,23,294,7,171,116,215,294,286,288,5,47,11,72,,,288,218,,,213,17,174,193,197,150,198,185,136,64,252,272,26,14,16,120,29,2,103,28,218,293,14,26,,283,,,b'\x11\xe8\xe1I\xda\r\x18\xa4\x98|\x12\xdf\x17\xaeN\x1e'
11E8E149-DA0D-18A4-987C-12DF17AE4E1E,2024-ncaa-d2-conf-NSIC,ncaa,9,9,9,9,11,12,12,12,13,15,14,11,2,2,11,2,14,15,7,15,15,13,13,9,11,10,3,2,14,12,11,8,2,11,9,15,15,2,8,13,13,12,14,14,,,5,9,,,9,14,14,10,12,14,10,15,14,2,2,14,15,15,12,15,12,6,9,15,4,13,14,,7,,,9,3,3,4,5,1,1,7,15,15,10,15,1,1,3,1,7,3,2,9,8,8,15,15,3,1,2,10,11,3,9,4,5,11,9,7,1,2,10,11,,,14,12,,,9,4,10,8,9,4,6,5,1,2,15,14,1,1,1,4,1,1,13,6,5,11,1,11,,14,,,b'\x11\xe8\xe1I\xda\r\x18\xa4\x98|\x12\xdf\x17\xaeN\x1e'
11E8E149-DA0D-18A4-987C-12DF17AE4E1E,2024-ncaa-d2-natl,ncaa,187,212,117,198,131,203,179,166,201,219,238,140,94,58,193,21,280,282,195,284,279,204,236,158,197,156,101,28,291,268,283,80,12,168,187,256,285,28,66,184,272,274,282,274,,,122,186,,,221,214,270,71,246,211,204,255,273,84,52,289,292,295,258,289,280,53,194,280,26,286,289,,101,,,214,141,130,142,124,29,29,130,297,288,266,293,37,30,202,33,108,113,74,212,189,231,294,298,28,27,12,244,283,165,187,106,96,253,248,231,10,9,230,276,,,239,202,,,221,96,194,198,209,127,127,137,19,12,293,291,29,25,26,82,23,20,258,144,103,266,7,234,,267,,,b'\x11\xe8\xe1I\xda\r\x18\xa4\x98|\x12\xdf\x17\xaeN\x1e'
11E8E149-DA0D-18A4-987C-12DF17AE4E1E,2025-ncaa-d2-conf-NSIC,genius_ncaa,12,10,13,12,14,13,12,11,13,14,14,10,8,6,12,3,13,14,8,14,13,13,14,10,12,10,6,3,13,11,10,14,9,13,10,14,13,2,7,12,14,14,14,14,,,1,7,,5,12,15,15,4,12,11,9,13,14,5,3,13,14,14,12,13,10,14,12,14,4,14,14,,4,,5,13,6,9,2,15,6,2,15,9,10,8,13,1,1,13,1,1,1,1,15,14,15,8,12,1,4,9,6,10,4,10,10,11,15,11,15,1,1,12,14,,,13,11,,1,12,1,10,14,13,13,14,9,11,5,13,13,1,1,1,5,3,5,10,9,13,13,1,14,,12,,1,b'\x11\xe8\xe1I\xda\r\x18\xa4\x98|\x12\xdf\x17\xaeN\x1e'
11E8E149-DA0D-18A4-987C-12DF17AE4E1E,2025-ncaa-d2-natl,genius_ncaa,174,200,109,186,122,155,131,128,156,188,217,123,43,32,111,17,278,285,80,285,283,155,192,106,139,109,67,20,291,225,251,126,81,171,199,207,270,51,65,148,281,287,281,290,,,91,98,,55,233,172,246,47,182,137,128,233,259,37,27,289,294,294,210,257,248,134,212,232,37,292,292,,67,,54,223,246,273,221,260,234,143,275,281,273,232,274,27,18,283,18,11,189,117,273,261,293,140,267,3,91,81,224,251,178,199,269,188,277,287,299,14,12,235,269,,,224,217,,50,233,133,135,285,223,231,269,246,218,113,279,280,20,10,9,168,53,73,216,158,246,293,10,236,,266,,55,b'\x11\xe8\xe1I\xda\r\x18\xa4\x98|\x12\xdf\x17\xaeN\x1e'
11E8E149-DA0D-18A4-987C-12DF17AE4E1E,2026-ncaa-d2-conf-NSIC,genius_ncaa,6,4,14,6,14,15,15,16,5,15,15,3,6,7,7,3,14,15,9,15,9,16,15,4,6,8,4,4,12,9,2,15,6,12,2,12,8,7,11,9,16,16,16,16,,,1,2,,9,7,15,9,3,5,4,7,5,13,4,3,11,11,11,7,3,3,4,2,8,14,16,15,,1,,13,7,2,2,2,9,3,3,6,7,5,11,10,2,1,13,1,2,2,1,7,7,11,9,11,2,2,6,1,2,1,2,8,15,16,15,16,9,13,3,9,,,14,4,,4,7,2,7,11,7,11,13,15,11,11,12,11,3,1,1,13,9,7,1,3,14,15,13,6,,3,,1,b'\x11\xe8\xe1I\xda\r\x18\xa4\x98|\x12\xdf\x17\xaeN\x1e'
11E8E149-DA0D-18A4-987C-12DF17AE4E1E,2026-ncaa-d2-natl,genius_ncaa,65,144,13,127,17,40,35,53,70,86,149,26,14,8,110,15,125,126,157,124,110,59,60,40,56,64,64,32,252,56,96,31,17,31,24,50,140,209,139,104,235,275,270,288,,,220,152,,256,111,63,272,68,108,112,187,189,278,30,25,226,226,224,216,238,138,100,118,115,106,287,289,,81,,219,115,247,256,253,217,237,195,257,255,278,146,265,127,102,249,102,62,230,210,225,217,253,159,223,43,82,17,200,96,157,24,235,132,172,244,251,169,90,179,194,,,82,178,,25,111,238,55,205,114,128,162,111,138,49,207,229,46,30,27,61,17,11,48,17,156,273,75,123,,219,,52,b'\x11\xe8\xe1I\xda\r\x18\xa4\x98|\x12\xdf\x17\xaeN\x1e'
11E8E149-DA11-4B22-987C-12DF17AE4E1E,2010-ncaa-d0-natl,ncaa,338,344,178,342,207,332,325,316,322,321,317,304,267,206,317,100,330,323,317,323,232,319,286,317,326,338,175,140,229,330,331,282,270,319,330,310,196,326,339,335,309,311,293,293,,,47,67,,,342,250,260,201,341,338,338,326,324,268,206,332,327,325,337,311,330,303,331,328,329,312,294,,63,,,342,269,262,136,334,269,134,327,201,139,310,143,210,234,90,238,250,152,111,336,330,340,157,165,158,167,270,184,331,176,330,297,260,286,285,324,340,343,65,173,,,325,313,,,342,99,342,340,342,300,306,149,290,164,228,154,235,256,255,188,116,194,230,231,315,291,340,74,,333,,,"b'\x11\xe8\xe1I\xda\x11K""\x98|\x12\xdf\x17\xaeN\x1e'"
11E8E149-DA11-4B22-987C-12DF17AE4E1E,2010-ncaa-d1-natl,ncaa,341,344,191,344,227,340,334,329,323,330,324,308,274,220,320,100,336,327,317,326,231,333,311,319,328,339,173,142,227,333,333,297,272,334,330,326,197,319,340,337,318,316,299,294,,,40,71,,,343,277,260,186,343,339,339,332,325,269,208,335,328,326,338,311,331,304,333,331,328,314,296,,63,,,342,257,258,120,334,260,119,328,195,124,313,145,198,222,92,227,251,132,92,336,332,341,153,162,160,149,272,167,333,166,330,293,260,306,289,324,338,343,59,176,,,336,312,,,343,76,343,341,343,304,310,150,295,164,227,149,235,258,259,192,114,196,230,233,315,294,341,75,,334,,,"b'\x11\xe8\xe1I\xda\x11K""\x98|\x12\xdf\x17\xaeN\x1e'"
11E8E149-DA11-4B22-987C-12DF17AE4E1E,2018-ncaa-d2-conf-CIAA,ncaa,8,8,8,8,8,4,4,7,3,4,6,4,6,11,1,11,5,3,10,3,6,6,9,3,3,2,11,10,9,8,9,6,7,7,7,5,9,2,4,4,10,10,9,10,,,6,7,,,8,9,5,1,2,3,4,2,2,8,10,4,1,1,4,6,7,6,8,5,5,11,10,,9,,,8,10,8,7,10,8,8,10,7,7,8,7,8,10,3,10,8,10,5,9,11,11,7,4,8,7,7,6,9,7,7,8,7,11,11,11,8,8,7,6,,,4,2,,,8,5,2,10,8,9,10,10,10,11,8,8,9,10,10,9,9,9,8,9,9,12,9,9,,3,,,"b'\x11\xe8\xe1I\xda\x11K""\x98|\x12\xdf\x17\xaeN\x1e'"
11E8E149-DA11-4B22-987C-12DF17AE4E1E,2018-ncaa-d2-natl,ncaa,134,132,148,137,161,90,77,104,63,40,38,104,239,273,133,298,72,36,266,37,118,89,61,112,124,150,284,287,106,60,57,104,255,83,131,157,272,279,224,239,131,192,206,241,,,265,220,,,145,71,13,74,39,34,43,13,11,253,283,42,13,13,23,10,39,62,33,161,287,128,211,,290,,,145,260,235,234,162,263,253,177,89,139,40,62,296,303,41,304,279,264,252,125,141,156,129,30,275,279,255,156,57,231,131,182,96,109,173,130,259,211,82,32,,,65,124,,,145,230,132,196,154,274,243,274,273,276,102,151,298,303,304,290,295,289,170,259,182,92,270,98,,24,,,"b'\x11\xe8\xe1I\xda\x11K""\x98|\x12\xdf\x17\xaeN\x1e'"
11E8E149-DA11-4B22-987C-12DF17AE4E1E,2019-ncaa-d2-conf-CIAA,ncaa,5,5,9,5,11,6,6,8,5,5,4,7,9,11,1,12,4,5,3,5,7,8,8,6,3,6,8,10,5,2,2,7,5,4,4,9,12,8,8,8,9,9,8,8,,,8,11,,,5,10,5,10,3,4,4,4,1,7,10,2,4,3,3,3,2,5,2,9,9,9,7,,12,,,5,7,7,4,9,8,7,8,3,4,6,4,10,12,7,11,11,6,4,8,9,10,5,3,10,5,5,4,2,5,4,4,6,11,10,9,7,8,11,11,,,8,7,,,5,4,3,10,5,10,9,8,9,9,4,5,12,12,12,8,7,7,2,6,5,9,9,12,,4,,,"b'\x11\xe8\xe1I\xda\x11K""\x98|\x12\xdf\x17\xaeN\x1e'"
11E8E149-DA11-4B22-987C-12DF17AE4E1E,2019-ncaa-d2-natl,ncaa,132,123,182,132,212,138,133,103,194,91,42,229,237,262,148,288,74,53,228,53,150,86,69,221,221,216,246,268,65,15,8,160,220,66,58,256,299,250,199,279,105,125,186,185,,,271,274,,,134,129,40,211,82,88,34,51,7,242,266,39,20,20,21,10,7,134,18,262,267,84,180,,299,,,134,166,123,110,169,147,144,163,99,95,165,75,273,297,16,295,297,159,185,162,170,117,180,79,286,218,220,109,8,158,58,148,173,56,51,69,195,127,298,279,,,69,112,,,134,184,148,134,131,210,157,132,177,160,124,111,285,303,302,217,265,237,137,187,165,40,216,303,,20,,,"b'\x11\xe8\xe1I\xda\x11K""\x98|\x12\xdf\x17\xaeN\x1e'"
11E8E149-DA11-4B22-987C-12DF17AE4E1E,2020-ncaa-d2-conf-CIAA,ncaa,6,6,2,6,2,5,5,2,10,4,3,9,6,3,10,4,7,8,4,7,9,2,1,10,10,8,8,7,6,3,6,4,4,3,5,7,11,8,6,8,5,7,9,10,,,12,11,,,6,1,8,5,7,7,5,7,8,7,6,7,8,8,7,6,5,6,4,10,5,7,10,,11,,,6,7,6,7,7,5,3,7,6,8,1,5,11,11,8,11,11,10,12,6,7,6,12,4,11,9,4,12,6,11,5,7,7,3,5,6,8,6,11,11,,,2,6,,,6,12,7,6,6,6,3,2,3,1,5,5,11,10,10,5,6,5,9,6,4,5,6,11,,5,,,"b'\x11\xe8\xe1I\xda\x11K""\x98|\x12\xdf\x17\xaeN\x1e'"
11E8E149-DA11-4B22-987C-12DF17AE4E1E,2020-ncaa-d2-natl,ncaa,144,182,17,163,27,160,159,55,270,106,35,257,231,170,289,236,117,79,246,66,175,55,24,278,279,277,244,250,85,19,52,69,209,26,131,236,286,302,253,289,86,136,262,269,,,310,307,,,153,39,116,99,244,237,128,177,74,267,219,164,124,115,118,62,35,147,55,286,275,127,277,,304,,,153,154,64,168,32,85,153,42,79,177,20,113,306,309,39,309,307,241,282,31,47,32,274,76,308,275,209,284,52,287,131,65,100,15,29,14,256,154,292,245,,,32,147,,,153,270,257,36,152,56,16,34,32,56,47,103,296,303,303,108,210,222,199,214,27,32,193,272,,78,,,"b'\x11\xe8\xe1I\xda\x11K""\x98|\x12\xdf\x17\xaeN\x1e'"
11E8E149-DA11-4B22-987C-12DF17AE4E1E,2022-ncaa-d2-conf-CIAA,ncaa,6,7,9,7,10,5,4,7,3,5,8,1,5,4,7,4,9,9,9,10,10,7,9,2,4,3,7,6,10,8,6,7,2,7,3,4,4,1,3,2,7,7,11,11,,,7,10,,,5,9,2,6,3,3,2,1,4,4,3,7,7,7,2,4,5,4,5,3,4,6,11,,10,,,5,5,6,3,10,8,6,9,3,4,4,4,3,4,8,4,3,4,5,9,10,8,1,3,4,1,2,5,6,2,3,5,7,10,9,10,2,4,7,9,,,10,10,,,5,5,3,8,3,9,9,9,12,11,5,5,8,8,8,9,8,1,5,3,9,8,4,8,,8,,,"b'\x11\xe8\xe1I\xda\x11K""\x98|\x12\xdf\x17\xaeN\x1e'"
11E8E149-DA11-4B22-987C-12DF17AE4E1E,2022-ncaa-d2-natl,ncaa,187,119,267,166,271,208,214,251,95,166,198,108,264,265,184,264,137,147,156,148,101,242,252,132,124,137,241,264,64,155,43,249,159,231,62,202,164,83,166,163,217,162,277,281,,,149,274,,,125,258,77,62,71,77,107,40,47,238,247,45,38,40,78,63,67,150,83,117,208,146,267,,279,,,120,35,37,32,177,74,79,149,35,33,155,48,117,168,22,166,235,39,40,146,145,148,95,58,230,63,159,19,43,20,62,57,151,211,146,139,33,75,63,91,,,224,126,,,125,47,118,142,115,197,181,172,220,225,85,69,240,266,268,218,223,157,58,101,164,117,102,128,,72,,,"b'\x11\xe8\xe1I\xda\x11K""\x98|\x12\xdf\x17\xaeN\x1e'"
11E8E149-DA11-4B22-987C-12DF17AE4E1E,2023-ncaa-d2-conf-CIAA,ncaa,4,3,7,4,11,5,6,8,5,9,10,7,3,7,2,5,4,3,10,3,1,5,7,1,4,4,2,3,2,8,7,7,1,7,2,2,3,4,6,3,1,1,10,10,,,2,3,,,2,7,2,9,3,4,6,8,7,1,6,1,1,1,3,2,7,4,5,2,6,1,10,,3,,,2,2,2,3,4,2,5,4,4,4,6,6,5,6,3,6,7,3,5,4,3,3,6,7,6,1,1,2,7,1,2,2,3,6,3,2,5,6,4,7,,,9,5,,,2,6,3,1,2,4,4,6,4,7,6,6,4,5,5,5,8,1,4,2,3,3,8,4,,6,,,"b'\x11\xe8\xe1I\xda\x11K""\x98|\x12\xdf\x17\xaeN\x1e'"
11E8E149-DA11-4B22-987C-12DF17AE4E1E,2023-ncaa-d2-natl,ncaa,139,55,290,96,293,267,264,287,135,247,258,186,258,281,74,254,192,138,265,142,41,282,278,148,150,199,175,208,58,217,69,276,110,272,68,238,125,128,253,223,74,17,285,278,,,23,134,,,72,283,29,208,125,156,177,127,74,197,249,55,20,21,113,46,87,126,99,135,270,16,272,,177,,,62,5,4,8,34,7,18,36,12,14,40,58,39,87,20,87,214,7,11,30,26,12,111,59,248,18,110,6,69,5,68,4,14,136,25,3,67,191,9,25,,,258,143,,,72,18,199,8,64,40,35,92,79,175,40,62,180,228,232,127,240,112,65,77,2,22,221,47,,83,,,"b'\x11\xe8\xe1I\xda\x11K""\x98|\x12\xdf\x17\xaeN\x1e'"
11E8E149-DA11-4B22-987C-12DF17AE4E1E,2024-ncaa-d2-conf-CIAA,ncaa,13,13,7,13,8,13,12,13,8,6,6,9,13,13,13,13,9,6,13,6,6,12,8,11,12,13,13,13,6,9,6,11,2,12,4,12,12,12,13,13,6,5,11,12,,,5,6,,,13,9,6,7,13,12,12,5,5,13,13,9,6,6,11,8,9,11,12,12,13,5,12,,6,,,13,5,5,4,10,6,4,11,8,6,7,7,6,4,11,4,7,3,5,11,11,6,8,7,6,1,2,4,6,1,4,3,4,3,2,3,12,12,13,13,,,7,7,,,13,5,13,5,12,5,5,2,5,3,6,6,6,5,5,1,5,1,4,3,5,3,12,13,,8,,,"b'\x11\xe8\xe1I\xda\x11K""\x98|\x12\xdf\x17\xaeN\x1e'"
11E8E149-DA11-4B22-987C-12DF17AE4E1E,2024-ncaa-d2-natl,ncaa,216,247,117,228,131,219,196,208,183,122,71,224,280,282,206,290,193,77,299,74,121,181,110,234,254,280,285,285,121,118,92,164,121,154,94,254,279,293,290,289,74,76,264,269,,,110,65,,,196,113,100,71,265,237,261,127,56,289,291,212,76,73,226,100,116,186,161,279,285,70,272,,91,,,186,79,87,119,96,103,129,108,118,138,86,160,118,110,156,111,130,112,181,94,95,39,153,156,147,106,121,86,92,83,94,106,157,35,28,33,267,254,259,231,,,105,113,,,196,195,277,27,176,66,73,87,74,96,107,135,102,101,101,77,175,93,62,60,103,30,252,260,,99,,,"b'\x11\xe8\xe1I\xda\x11K""\x98|\x12\xdf\x17\xaeN\x1e'"
11E8E149-DA11-4B22-987C-12DF17AE4E1E,2025-ncaa-d2-conf-CIAA,genius_ncaa,12,10,9,12,9,11,11,10,11,10,9,11,12,11,12,10,9,5,11,5,4,10,10,12,12,12,8,9,4,9,1,10,7,9,5,11,10,9,10,12,9,8,10,9,,,8,11,,6,12,9,5,3,12,11,7,9,3,11,10,6,5,5,6,3,3,10,7,11,12,9,11,,11,,9,12,6,5,3,8,3,2,8,10,9,12,10,12,10,11,10,12,3,3,11,11,12,12,11,10,3,7,3,1,3,5,6,10,8,7,10,8,10,11,11,,,9,7,,7,12,3,12,10,12,11,7,6,3,2,12,11,11,11,11,9,8,5,5,4,11,7,10,11,,6,,6,"b'\x11\xe8\xe1I\xda\x11K""\x98|\x12\xdf\x17\xaeN\x1e'"
11E8E149-DA11-4B22-987C-12DF17AE4E1E,2025-ncaa-d2-natl,genius_ncaa,261,222,275,262,276,283,278,269,273,220,151,279,294,290,292,291,208,144,290,150,134,264,243,288,288,291,284,294,39,149,37,283,209,258,114,289,296,201,271,296,125,62,278,259,,,134,263,,164,237,259,50,9,253,242,108,103,20,297,292,103,31,33,79,25,50,246,143,292,284,50,267,,273,,241,246,32,18,19,125,21,21,147,81,80,148,187,189,199,81,198,288,23,38,143,167,103,262,165,261,56,209,16,37,15,114,49,194,125,43,64,177,253,109,116,,,240,182,,238,237,42,286,99,240,179,119,131,97,93,192,196,267,276,277,189,257,163,85,101,168,35,274,220,,84,,197,"b'\x11\xe8\xe1I\xda\x11K""\x98|\x12\xdf\x17\xaeN\x1e'"
11E8E149-DA11-4B22-987C-12DF17AE4E1E,2026-ncaa-d2-natl,genius_ncaa,30,1,221,1,233,185,121,176,40,82,111,61,228,242,134,254,262,244,272,242,285,192,202,78,125,119,288,237,284,105,16,262,70,226,35,147,188,92,130,115,13,3,203,156,,,98,209,,85,30,221,29,88,35,4,13,6,8,188,217,253,205,204,24,20,29,217,90,63,203,3,168,,232,,126,16,30,28,33,60,47,48,98,19,24,37,78,109,87,239,77,192,38,65,42,78,18,112,46,266,23,70,34,16,25,35,8,6,57,9,1,93,143,38,25,,,280,297,,295,30,78,90,9,17,43,37,32,80,110,18,39,207,177,170,41,221,44,56,34,4,10,190,58,,290,,296,"b'\x11\xe8\xe1I\xda\x11K""\x98|\x12\xdf\x17\xaeN\x1e'"
11E8E149-DA15-9AEC-987C-12DF17AE4E1E,2018-ncaa-d2-conf-GLVC,ncaa,11,11,9,11,9,11,14,8,14,15,14,13,2,2,7,1,10,12,2,12,5,11,10,13,13,12,1,1,6,9,10,14,14,14,14,10,8,5,10,9,10,10,14,14,,,9,12,,,15,12,10,1,11,13,5,15,14,2,1,10,12,12,8,8,8,13,14,9,8,9,14,,14,,,15,13,13,4,15,15,11,15,2,1,6,1,14,14,12,14,11,6,4,15,15,15,1,1,13,10,14,9,10,10,14,10,4,12,11,12,5,8,1,5,,,15,15,,,15,4,10,15,15,14,14,10,15,14,3,2,14,14,14,12,8,12,12,13,12,11,8,4,,15,,,b'\x11\xe8\xe1I\xda\x15\x9a\xec\x98|\x12\xdf\x17\xaeN\x1e'
11E8E149-DA15-9AEC-987C-12DF17AE4E1E,2018-ncaa-d2-natl,ncaa,270,272,206,274,238,198,228,182,264,286,283,262,44,24,141,12,189,229,45,232,79,190,194,201,193,190,5,9,138,183,215,278,284,257,290,182,85,122,170,167,209,210,249,268,,,199,235,,,291,200,109,226,172,236,119,294,283,18,10,151,206,208,142,137,160,287,263,160,176,195,250,,255,,,287,276,275,143,305,288,218,298,121,61,280,35,263,237,279,239,200,166,131,299,304,306,55,42,196,202,284,199,215,201,290,274,188,237,251,287,159,205,44,150,,,264,281,,,291,120,202,304,284,304,298,236,302,269,159,84,282,266,266,257,215,234,264,267,284,226,204,61,,264,,,b'\x11\xe8\xe1I\xda\x15\x9a\xec\x98|\x12\xdf\x17\xaeN\x1e'
11E8E149-DA15-9AEC-987C-12DF17AE4E1E,2019-ncaa-d2-conf-GLIAC,ncaa,6,6,5,6,8,5,6,5,6,6,9,3,4,2,8,2,9,9,4,9,7,6,6,5,6,6,5,6,8,8,8,8,10,9,9,3,2,8,9,5,7,7,10,10,,,12,12,,,7,4,4,8,3,5,4,5,8,4,1,9,10,10,5,6,8,10,8,3,9,8,10,,12,,,7,9,5,4,7,7,10,6,2,3,8,3,12,12,7,12,12,9,9,6,7,6,6,1,12,10,10,8,8,8,9,3,4,5,5,4,10,8,3,7,,,5,4,,,7,9,6,6,7,8,6,6,8,9,2,5,12,12,12,8,9,10,7,7,5,5,10,4,,4,,,b'\x11\xe8\xe1I\xda\x15\x9a\xec\x98|\x12\xdf\x17\xaeN\x1e'
11E8E149-DA15-9AEC-987C-12DF17AE4E1E,2019-ncaa-d2-natl,ncaa,166,160,182,172,198,171,183,170,195,235,262,128,75,51,200,21,206,261,6,262,201,195,212,147,135,120,49,47,202,216,232,258,223,250,251,109,39,71,110,71,176,169,264,273,,,232,276,,,195,208,193,112,152,163,125,245,268,56,24,195,262,268,176,212,204,265,266,77,95,176,271,,260,,,192,170,142,76,248,168,138,212,94,53,257,55,260,233,257,232,234,97,108,231,257,233,143,71,260,141,223,175,232,162,251,130,114,154,126,136,81,114,73,152,,,226,192,,,195,102,129,243,190,211,173,92,198,154,117,58,271,247,247,124,133,155,212,193,143,143,102,87,,213,,,b'\x11\xe8\xe1I\xda\x15\x9a\xec\x98|\x12\xdf\x17\xaeN\x1e'
11E8E149-DA15-9AEC-987C-12DF17AE4E1E,2020-ncaa-d2-conf-GLIAC,ncaa,4,4,3,4,4,3,3,3,5,7,7,5,1,1,2,1,5,7,6,6,5,4,3,4,4,4,1,1,11,6,9,8,11,7,10,2,1,10,5,3,8,10,12,12,,,12,12,,,5,2,3,6,3,4,4,7,8,1,1,7,8,8,5,5,6,12,10,3,8,8,12,,12,,,5,12,12,8,12,12,11,10,4,2,9,1,12,12,8,12,11,10,10,11,11,10,3,2,12,9,11,11,9,11,10,11,9,3,6,5,11,7,9,9,,,5,10,,,5,11,4,11,5,11,10,6,12,12,4,2,12,12,12,9,8,8,8,8,10,6,10,7,,7,,,b'\x11\xe8\xe1I\xda\x15\x9a\xec\x98|\x12\xdf\x17\xaeN\x1e'
11E8E149-DA15-9AEC-987C-12DF17AE4E1E,2020-ncaa-d2-natl,ncaa,112,155,17,140,43,34,38,54,63,147,202,63,6,9,24,12,184,216,64,218,191,63,76,31,38,41,22,10,294,226,264,194,193,223,266,15,13,158,103,33,208,261,258,282,,,300,299,,,183,51,135,227,64,67,124,224,279,8,20,239,268,269,165,203,273,285,297,16,86,264,274,,283,,,180,302,297,239,304,303,278,297,156,80,274,29,304,294,243,293,241,269,243,295,305,299,72,32,238,169,193,256,264,230,266,302,242,142,198,271,206,143,250,267,,,94,151,,,183,256,71,287,185,276,264,124,286,218,100,34,287,270,271,166,133,106,166,136,276,198,140,223,,181,,,b'\x11\xe8\xe1I\xda\x15\x9a\xec\x98|\x12\xdf\x17\xaeN\x1e'
11E8E149-DA15-9AEC-987C-12DF17AE4E1E,2021-ncaa-d2-conf-GLIAC,ncaa,5,7,3,7,3,2,2,3,2,3,7,2,2,1,6,2,1,1,2,1,1,3,2,2,2,2,4,5,3,9,9,3,8,5,9,2,1,10,6,1,6,10,6,8,,,11,7,,,6,2,1,5,1,2,4,3,9,1,1,1,1,1,3,2,10,4,7,1,10,9,6,,8,,,6,12,11,11,9,11,11,9,10,10,8,5,11,11,11,11,7,11,11,9,9,10,2,3,9,11,8,10,9,10,9,10,6,3,9,9,12,11,4,5,,,1,1,,,6,11,3,9,6,11,11,12,12,12,8,7,11,10,10,12,12,9,6,7,8,6,12,3,,1,,,b'\x11\xe8\xe1I\xda\x15\x9a\xec\x98|\x12\xdf\x17\xaeN\x1e'
11E8E149-DA15-9AEC-987C-12DF17AE4E1E,2021-ncaa-d2-natl,ncaa,59,156,30,94,32,24,29,40,21,35,75,8,26,21,91,38,25,38,22,38,42,41,37,21,14,25,79,75,112,147,216,35,45,69,137,8,3,189,96,15,87,176,67,134,,,196,121,,,94,27,54,47,33,46,112,72,185,45,44,51,96,96,113,116,219,79,177,2,104,170,120,,119,,,97,207,204,197,170,202,196,179,191,192,138,119,201,174,218,171,82,195,194,171,180,187,89,97,104,136,45,186,216,176,137,203,104,52,145,163,209,165,141,96,,,11,15,,,94,199,49,163,99,183,183,161,181,147,145,141,151,89,92,156,140,51,121,73,170,130,153,65,,18,,,b'\x11\xe8\xe1I\xda\x15\x9a\xec\x98|\x12\xdf\x17\xaeN\x1e'
11E8E149-DA15-9AEC-987C-12DF17AE4E1E,2022-ncaa-d2-conf-GLIAC,ncaa,5,4,4,5,7,5,5,6,2,7,10,1,2,2,6,1,5,6,2,6,2,6,5,2,2,2,2,2,7,8,8,6,7,7,8,2,1,8,6,3,4,4,8,9,,,8,8,,,5,4,1,11,3,3,5,6,11,2,1,3,8,7,5,5,8,6,9,1,7,3,9,,8,,,5,8,10,8,7,11,10,10,3,4,2,3,9,9,6,9,7,8,8,6,7,6,2,1,7,8,7,7,8,7,8,5,3,5,6,5,5,6,5,7,,,4,5,,,5,7,5,6,5,7,9,8,10,10,2,4,7,9,9,8,10,8,6,8,5,5,6,6,,4,,,b'\x11\xe8\xe1I\xda\x15\x9a\xec\x98|\x12\xdf\x17\xaeN\x1e'
11E8E149-DA15-9AEC-987C-12DF17AE4E1E,2022-ncaa-d2-natl,ncaa,108,139,64,122,96,63,75,115,54,134,225,21,25,23,83,17,86,150,7,149,69,113,122,35,24,29,33,38,177,269,285,130,76,200,229,29,10,132,112,26,164,192,234,256,,,237,230,,,134,87,127,202,54,88,180,190,284,26,25,109,194,192,190,226,287,196,280,13,85,203,252,,190,,,136,257,251,202,256,269,206,272,129,166,81,121,268,244,273,243,197,213,194,242,261,260,81,56,213,79,76,216,285,166,229,233,149,169,209,227,88,73,135,203,,,84,65,,,134,212,65,241,139,229,222,124,246,143,102,117,244,207,205,146,109,49,165,109,186,214,60,107,,114,,,b'\x11\xe8\xe1I\xda\x15\x9a\xec\x98|\x12\xdf\x17\xaeN\x1e'
11E8E149-DA15-9AEC-987C-12DF17AE4E1E,2023-ncaa-d2-conf-GLIAC,ncaa,3,3,5,3,6,3,3,5,1,2,7,1,4,3,3,3,2,2,3,2,1,4,5,2,1,2,4,5,4,8,8,3,6,6,6,4,6,4,4,3,7,7,9,9,,,7,5,,,3,4,1,2,1,1,2,1,8,3,3,1,1,1,1,1,8,4,4,3,4,6,8,,9,,,3,9,8,9,6,8,9,4,8,6,7,3,6,6,7,6,4,9,7,5,5,7,5,4,5,8,6,4,8,5,6,4,3,5,8,6,2,2,3,4,,,1,1,,,3,7,3,6,3,7,8,10,8,9,7,7,7,5,5,10,10,9,4,6,5,5,3,5,,1,,,b'\x11\xe8\xe1I\xda\x15\x9a\xec\x98|\x12\xdf\x17\xaeN\x1e'
11E8E149-DA15-9AEC-987C-12DF17AE4E1E,2023-ncaa-d2-natl,ncaa,84,82,110,89,120,51,72,134,24,106,208,18,40,50,45,50,33,51,39,48,13,113,127,20,14,17,44,65,98,255,247,107,78,172,151,64,110,89,79,49,213,240,172,207,,,235,227,,,82,92,72,80,15,45,131,115,243,25,39,19,51,46,108,144,262,107,214,47,91,227,181,,237,,,80,242,235,208,212,243,202,237,136,179,83,134,253,201,292,199,167,213,183,191,220,242,106,82,207,91,78,126,247,118,151,90,21,183,225,147,39,43,199,242,,,22,7,,,82,203,31,228,85,256,239,224,251,201,131,169,250,198,195,236,186,82,97,87,95,210,46,192,,11,,,b'\x11\xe8\xe1I\xda\x15\x9a\xec\x98|\x12\xdf\x17\xaeN\x1e'
11E8E149-DA15-9AEC-987C-12DF17AE4E1E,2024-ncaa-d2-conf-GLIAC,ncaa,4,5,3,5,3,2,2,3,1,2,4,1,3,2,5,1,6,2,9,2,5,3,3,1,1,3,8,5,9,4,3,3,3,3,3,2,4,8,5,4,5,5,2,2,,,10,7,,,3,1,1,3,1,1,1,1,5,1,1,5,5,5,1,1,3,1,2,2,7,5,1,,6,,,3,6,5,9,2,4,6,2,10,10,4,9,10,8,10,8,7,9,10,2,5,3,10,9,10,7,3,7,3,6,3,5,6,5,5,4,8,5,4,4,,,4,6,,,3,8,3,3,3,6,6,8,3,6,9,10,8,8,8,9,9,6,5,6,5,5,6,4,,5,,,b'\x11\xe8\xe1I\xda\x15\x9a\xec\x98|\x12\xdf\x17\xaeN\x1e'
11E8E149-DA15-9AEC-987C-12DF17AE4E1E,2024-ncaa-d2-natl,ncaa,123,115,172,123,197,80,63,142,13,73,201,3,64,70,81,54,223,203,209,203,171,152,153,10,14,29,166,80,277,221,203,72,34,132,72,38,47,139,142,44,139,137,55,28,,,181,203,,,64,134,74,164,27,12,86,37,195,34,50,211,181,188,101,105,222,22,81,14,161,127,36,,194,,,56,151,97,152,73,52,84,78,245,253,152,259,208,158,292,162,207,153,133,108,130,164,281,256,216,64,34,93,203,74,72,133,190,196,201,185,160,163,202,244,,,171,167,,,64,159,47,136,67,185,132,208,53,83,250,270,215,166,171,211,177,75,116,90,158,184,172,219,,138,,,b'\x11\xe8\xe1I\xda\x15\x9a\xec\x98|\x12\xdf\x17\xaeN\x1e'
11E8E149-DA15-9AEC-987C-12DF17AE4E1E,2025-ncaa-d2-conf-GLIAC,genius_ncaa,4,4,4,4,4,4,3,3,2,2,3,2,7,9,6,11,6,4,11,3,6,3,3,5,5,5,11,11,8,4,2,5,4,5,3,4,5,8,6,5,7,7,2,4,,,10,10,,10,5,3,5,1,3,3,5,2,1,8,10,7,3,3,5,4,4,3,3,4,6,7,2,,9,,10,5,5,5,8,4,6,10,4,3,6,4,3,10,11,6,10,5,8,7,3,4,5,4,4,9,6,4,3,2,5,3,1,1,7,8,3,7,6,3,1,,,3,2,,1,5,9,5,4,5,4,4,7,7,9,2,3,7,9,7,6,7,5,3,5,2,7,5,2,,1,,1,b'\x11\xe8\xe1I\xda\x15\x9a\xec\x98|\x12\xdf\x17\xaeN\x1e'
11E8E149-DA15-9AEC-987C-12DF17AE4E1E,2025-ncaa-d2-natl,genius_ncaa,79,79,109,80,134,80,54,99,36,48,99,20,139,130,169,158,145,124,213,120,161,105,112,48,60,71,239,195,220,139,113,49,44,73,40,50,71,133,113,50,201,218,46,46,,,160,139,,210,80,104,106,139,46,28,83,29,101,150,139,153,125,126,91,101,137,18,40,36,130,215,38,,142,,194,78,169,162,216,81,148,199,81,193,214,129,191,129,118,198,117,84,211,174,93,90,147,163,192,124,103,44,116,113,98,40,71,37,222,246,149,177,162,51,29,,,92,106,,41,80,186,71,137,86,138,156,238,143,195,193,208,115,104,104,213,153,91,100,86,65,242,172,35,,81,,46,b'\x11\xe8\xe1I\xda\x15\x9a\xec\x98|\x12\xdf\x17\xaeN\x1e'
11E8E149-DA15-9AEC-987C-12DF17AE4E1E,2026-ncaa-d2-conf-GLIAC,genius_ncaa,8,8,1,8,1,9,8,7,8,7,8,3,7,3,8,2,11,11,4,11,11,9,11,9,9,8,9,6,11,10,10,1,4,7,8,5,3,5,7,7,10,10,5,6,,,5,7,,9,7,8,8,1,9,8,7,7,8,7,3,11,11,11,9,11,10,1,7,5,5,10,5,,5,,9,7,3,5,8,4,8,10,3,3,5,4,5,4,3,7,3,1,7,2,3,2,5,2,3,3,4,4,9,10,7,8,4,3,10,10,7,1,1,7,8,,,10,9,,8,7,2,8,6,7,3,5,8,8,10,3,5,4,3,3,7,2,4,9,7,4,10,1,7,,10,,8,b'\x11\xe8\xe1I\xda\x15\x9a\xec\x98|\x12\xdf\x17\xaeN\x1e'
11E8E149-DA15-9AEC-987C-12DF17AE4E1E,2026-ncaa-d2-natl,genius_ncaa,201,144,221,202,233,242,235,253,111,231,268,38,188,169,214,47,246,271,35,266,207,257,260,116,115,130,171,124,215,274,247,206,56,243,124,197,100,61,185,137,275,260,33,23,,,73,212,,204,178,253,178,88,177,160,200,160,257,132,70,214,264,261,239,241,262,61,174,122,139,258,14,,180,,250,183,62,81,66,155,106,97,133,53,42,130,70,65,43,284,44,39,59,42,131,147,205,57,79,137,43,56,65,247,44,124,37,22,283,267,168,44,128,137,255,,,269,241,,132,178,45,160,166,182,147,180,197,207,247,88,86,127,71,75,169,91,70,137,96,52,265,99,210,,264,,86,b'\x11\xe8\xe1I\xda\x15\x9a\xec\x98|\x12\xdf\x17\xaeN\x1e'
11E8E149-DA19-DB5C-987C-12DF17AE4E1E,2018-ncaa-d2-conf-Peach Belt,ncaa,9,9,9,9,9,9,11,9,12,12,11,12,1,1,7,1,5,4,7,4,1,8,10,10,10,8,1,1,1,8,12,7,7,10,12,8,3,1,2,5,9,9,11,12,,,3,3,,,9,8,6,2,7,11,6,12,11,1,1,3,2,2,6,6,8,5,9,7,2,6,11,,5,,,9,7,8,6,8,8,5,8,5,6,6,7,5,4,11,4,4,6,4,8,6,9,5,6,6,5,7,12,12,11,12,8,7,9,8,8,2,6,9,12,,,5,2,,,9,5,10,9,9,10,10,10,10,8,7,7,6,6,6,9,9,9,12,11,9,6,4,10,,4,,,b'\x11\xe8\xe1I\xda\x19\xdb\\\x98|\x12\xdf\x17\xaeN\x1e'
11E8E149-DA19-DB5C-987C-12DF17AE4E1E,2018-ncaa-d2-natl,ncaa,213,254,64,227,70,145,195,97,291,263,198,286,63,22,199,34,89,47,263,46,10,81,78,265,257,245,11,29,54,103,220,84,237,101,256,150,99,229,156,203,104,159,284,300,,,148,51,,,240,73,106,37,218,277,134,293,266,64,24,98,53,54,104,103,124,127,116,197,186,132,297,,89,,,235,256,267,265,151,279,278,156,132,174,66,85,207,218,104,214,101,267,264,120,108,131,49,66,139,277,237,301,220,301,256,266,198,101,171,201,221,159,240,265,,,67,107,,,240,241,244,160,230,201,214,253,251,266,110,136,173,186,184,252,240,265,283,286,233,128,181,224,,76,,,b'\x11\xe8\xe1I\xda\x19\xdb\\\x98|\x12\xdf\x17\xaeN\x1e'
11E8E149-DA19-DB5C-987C-12DF17AE4E1E,2019-ncaa-d2-conf-Peach Belt,ncaa,12,12,9,12,12,12,12,12,8,9,8,11,12,12,6,10,7,8,6,8,9,11,9,10,9,12,9,9,3,6,2,7,5,7,4,9,5,12,12,12,10,10,6,6,,,4,8,,,12,11,9,12,12,12,11,9,8,12,12,7,7,7,10,6,4,5,5,8,12,9,6,,7,,,12,4,2,3,6,3,4,4,8,5,10,7,6,7,7,5,9,3,3,6,6,10,9,7,8,4,5,1,2,2,4,9,10,11,11,12,11,12,3,4,,,10,11,,,12,3,11,10,12,8,7,8,7,8,8,7,7,8,7,10,6,7,3,4,9,11,11,3,,10,,,b'\x11\xe8\xe1I\xda\x19\xdb\\\x98|\x12\xdf\x17\xaeN\x1e'
11E8E149-DA19-DB5C-987C-12DF17AE4E1E,2019-ncaa-d2-natl,ncaa,258,285,118,269,165,260,257,198,282,221,100,298,275,278,212,287,177,133,257,136,198,193,125,293,290,298,230,262,53,49,23,76,177,57,48,220,129,302,298,292,221,243,165,187,,,172,147,,,273,172,170,220,291,288,250,247,92,287,294,193,144,144,234,105,30,40,26,247,297,234,163,,163,,,264,151,142,220,53,136,223,50,169,179,154,129,190,217,46,212,153,218,175,59,57,110,179,184,185,257,177,82,23,161,48,250,277,228,271,270,301,292,213,169,,,180,234,,,273,152,288,148,261,144,135,245,129,245,179,176,176,214,208,249,194,244,65,148,234,252,296,217,,198,,,b'\x11\xe8\xe1I\xda\x19\xdb\\\x98|\x12\xdf\x17\xaeN\x1e'
11E8E149-DA19-DB5C-987C-12DF17AE4E1E,2020-ncaa-d2-conf-Peach Belt,ncaa,7,7,5,7,7,9,7,7,7,8,8,5,9,6,11,6,12,12,7,12,12,9,7,7,8,8,8,7,12,5,6,6,4,6,4,5,5,8,8,6,8,8,10,10,,,7,9,,,6,8,8,9,10,7,7,8,7,10,6,12,12,12,8,8,5,6,5,6,9,8,10,,4,,,6,4,3,3,3,4,3,3,6,5,6,8,9,5,11,5,9,4,4,4,5,5,10,9,10,2,4,5,6,6,4,4,7,8,7,7,2,5,7,7,,,10,10,,,6,5,6,5,7,2,3,2,3,3,6,6,9,6,6,2,4,4,5,5,4,9,3,7,,11,,,b'\x11\xe8\xe1I\xda\x19\xdb\\\x98|\x12\xdf\x17\xaeN\x1e'
11E8E149-DA19-DB5C-987C-12DF17AE4E1E,2020-ncaa-d2-natl,ncaa,144,155,102,150,146,191,165,143,187,130,128,144,200,155,260,167,237,203,268,197,229,156,110,203,226,236,251,206,244,86,109,90,82,76,92,168,175,273,254,222,137,132,218,231,,,230,236,,,150,127,142,196,216,184,166,140,149,215,164,263,224,217,181,120,94,81,73,189,260,144,232,,226,,,150,94,87,128,69,113,142,94,69,118,37,116,225,216,175,220,219,142,164,63,73,65,155,84,262,118,82,183,109,160,92,81,109,93,87,65,143,128,173,157,,,201,259,,,150,184,227,64,151,73,68,88,100,119,63,100,212,203,208,104,140,104,167,137,67,98,141,160,,233,,,b'\x11\xe8\xe1I\xda\x19\xdb\\\x98|\x12\xdf\x17\xaeN\x1e'
11E8E149-DA19-DB5C-987C-12DF17AE4E1E,2021-ncaa-d2-conf-Peach Belt,ncaa,7,7,9,8,9,10,10,10,7,10,10,10,7,9,2,6,10,11,2,11,9,10,10,7,5,11,1,3,6,11,11,9,7,9,8,7,2,7,12,9,9,9,11,11,,,4,7,,,9,10,8,9,11,11,12,11,11,3,10,9,10,10,12,9,11,7,8,5,12,9,10,,8,,,8,3,4,4,10,5,3,11,3,4,2,4,3,4,2,4,7,4,4,7,6,7,2,3,7,4,7,3,11,3,8,3,3,9,8,7,10,11,7,10,,,10,10,,,9,3,11,6,8,6,9,9,10,9,3,6,7,8,8,9,8,10,3,4,5,8,11,11,,10,,,b'\x11\xe8\xe1I\xda\x19\xdb\\\x98|\x12\xdf\x17\xaeN\x1e'
11E8E149-DA19-DB5C-987C-12DF17AE4E1E,2021-ncaa-d2-natl,ncaa,159,95,185,150,188,192,191,193,146,195,193,199,169,185,7,114,189,197,47,196,147,193,193,122,117,180,33,42,110,205,192,184,150,193,154,171,12,79,217,182,193,169,212,219,,,44,139,,,170,191,113,121,193,194,212,212,189,87,169,178,191,191,218,171,200,94,162,102,212,162,214,,137,,,180,41,49,39,141,56,44,178,30,43,19,66,41,58,5,58,153,38,37,111,80,87,20,32,91,52,150,36,192,37,154,45,73,187,127,109,96,222,62,176,,,195,175,,,170,36,196,108,173,111,141,128,178,145,35,88,93,170,171,146,134,166,77,117,107,119,213,146,,203,,,b'\x11\xe8\xe1I\xda\x19\xdb\\\x98|\x12\xdf\x17\xaeN\x1e'
11E8E149-DA19-DB5C-987C-12DF17AE4E1E,2022-ncaa-d2-conf-Peach Belt,ncaa,8,9,3,9,6,8,8,8,7,8,9,6,4,4,7,4,8,7,7,8,7,8,8,7,7,8,5,4,8,8,8,6,4,8,5,3,1,8,8,5,5,5,10,10,,,6,7,,,8,6,8,7,8,8,8,8,9,6,5,9,8,9,9,10,8,8,10,3,8,5,10,,7,,,8,7,6,4,10,4,3,10,7,6,5,9,6,7,1,7,10,4,3,9,9,8,9,7,6,2,4,6,8,3,5,10,10,6,5,8,8,8,4,6,,,8,8,,,8,5,9,7,8,6,5,2,5,1,6,7,7,8,8,3,3,2,4,3,10,6,7,5,,9,,,b'\x11\xe8\xe1I\xda\x19\xdb\\\x98|\x12\xdf\x17\xaeN\x1e'
11E8E149-DA19-DB5C-987C-12DF17AE4E1E,2022-ncaa-d2-natl,ncaa,150,179,106,169,124,180,151,147,168,156,142,171,148,149,163,131,246,225,242,221,248,161,133,170,192,204,191,126,259,165,194,88,83,114,135,44,3,230,225,92,70,66,256,262,,,159,151,,,192,135,165,158,235,190,184,186,168,166,164,272,254,253,219,190,185,76,126,30,209,82,269,,140,,,186,144,149,143,140,140,125,175,157,187,110,185,138,224,7,218,238,155,162,151,125,127,174,180,152,124,83,190,194,173,135,259,293,118,136,220,209,203,99,100,,,244,285,,,192,174,222,115,184,105,107,86,100,77,142,169,124,204,201,108,124,113,180,149,247,147,198,94,,290,,,b'\x11\xe8\xe1I\xda\x19\xdb\\\x98|\x12\xdf\x17\xaeN\x1e'
11E8E149-DA19-DB5C-987C-12DF17AE4E1E,2023-ncaa-d2-conf-Peach Belt,ncaa,4,6,2,6,2,2,2,2,3,2,5,2,4,4,6,6,6,7,4,7,7,4,3,5,5,6,8,7,8,2,2,2,3,1,1,1,2,8,5,2,8,8,8,10,,,4,3,,,6,3,7,3,5,5,4,5,5,6,4,8,8,8,4,3,3,3,2,1,7,8,10,,3,,,6,10,10,9,9,9,9,6,10,8,10,8,4,5,2,4,3,9,6,9,9,10,6,10,3,4,3,6,2,6,1,9,6,8,8,8,7,5,4,2,,,6,7,,,6,8,5,9,7,7,6,6,5,4,10,6,2,2,1,5,4,4,1,2,7,8,5,3,,5,,,b'\x11\xe8\xe1I\xda\x19\xdb\\\x98|\x12\xdf\x17\xaeN\x1e'
11E8E149-DA19-DB5C-987C-12DF17AE4E1E,2023-ncaa-d2-natl,ncaa,112,139,68,130,79,117,92,78,145,66,66,114,171,126,240,171,163,165,163,162,237,88,69,168,184,180,243,206,202,42,55,53,54,41,24,58,55,215,172,114,232,253,203,245,,,101,61,,,172,98,191,86,157,120,90,71,82,206,158,195,204,203,117,102,52,39,29,58,184,257,230,,55,,,165,213,240,239,169,230,229,156,216,207,194,159,77,90,74,87,47,224,180,169,144,204,103,196,37,139,54,175,55,159,24,235,197,225,259,270,200,152,33,14,,,172,259,,,172,193,145,187,176,165,209,226,201,193,193,177,52,61,59,188,98,107,110,96,212,261,161,23,,231,,,b'\x11\xe8\xe1I\xda\x19\xdb\\\x98|\x12\xdf\x17\xaeN\x1e'
11E8E149-DA19-DB5C-987C-12DF17AE4E1E,2024-ncaa-d2-conf-Conference Carolinas,ncaa,6,6,3,6,3,9,8,6,9,6,6,7,11,8,13,9,8,4,12,3,3,5,6,9,9,10,11,11,6,7,8,6,2,6,5,6,4,5,6,6,9,7,14,14,,,7,10,,,7,5,12,1,9,9,10,7,8,12,9,7,3,3,5,10,8,5,4,6,4,9,14,,5,,,7,4,4,8,5,5,6,7,8,9,3,11,4,3,13,3,4,6,7,6,6,6,8,9,6,1,2,10,8,4,5,8,12,9,9,10,3,3,4,5,,,3,4,,,7,9,9,5,7,3,4,6,5,3,6,10,4,3,3,4,3,2,8,4,5,10,3,4,,4,,,b'\x11\xe8\xe1I\xda\x19\xdb\\\x98|\x12\xdf\x17\xaeN\x1e'
11E8E149-DA19-DB5C-987C-12DF17AE4E1E,2024-ncaa-d2-natl,ncaa,123,131,117,130,118,166,171,162,172,143,150,134,207,168,248,176,128,75,278,81,62,146,142,185,194,187,201,217,96,198,222,90,45,129,133,120,63,151,150,127,165,174,292,298,,,151,148,,,144,129,158,13,196,193,198,152,163,224,182,130,73,78,166,158,213,64,134,107,149,170,298,,138,,,145,88,90,158,59,68,113,71,200,243,81,249,97,101,97,99,129,148,150,69,61,80,225,239,107,79,45,193,222,158,133,207,269,141,142,186,82,85,36,29,,,79,48,,,144,172,201,61,144,76,80,170,46,74,202,233,81,94,94,141,133,70,198,130,195,150,86,24,,59,,,b'\x11\xe8\xe1I\xda\x19\xdb\\\x98|\x12\xdf\x17\xaeN\x1e'
11E8E149-DA19-DB5C-987C-12DF17AE4E1E,2025-ncaa-d2-conf-Conference Carolinas,genius_ncaa,3,6,1,6,1,2,4,4,5,9,12,5,1,1,2,2,1,1,3,1,1,3,3,3,2,3,1,2,2,10,10,1,1,3,3,1,1,9,6,3,10,12,12,12,,,12,11,,12,3,1,7,7,2,5,8,12,15,2,3,1,3,3,8,7,10,1,5,1,6,13,13,,9,,10,3,9,8,14,2,4,6,4,13,15,2,15,6,6,6,5,7,13,11,3,2,3,14,14,6,1,1,8,10,6,3,10,12,10,12,11,5,4,9,9,,,1,1,,3,3,15,4,3,3,6,4,10,3,3,11,15,5,3,3,8,6,1,7,3,8,14,5,6,,1,,4,b'\x11\xe8\xe1I\xda\x19\xdb\\\x98|\x12\xdf\x17\xaeN\x1e'
11E8E149-DA19-DB5C-987C-12DF17AE4E1E,2025-ncaa-d2-natl,genius_ncaa,67,62,109,64,134,104,150,159,141,210,232,156,47,64,49,52,37,47,77,47,7,137,126,97,65,95,10,48,37,174,128,57,10,90,16,59,10,182,173,78,206,213,263,265,,,168,174,,233,41,113,112,139,88,183,207,262,266,40,58,31,44,41,149,145,193,24,76,45,171,218,275,,148,,223,38,59,57,187,5,39,92,23,166,261,18,265,100,108,101,115,154,170,154,10,7,36,253,236,167,30,10,58,128,41,16,111,226,187,197,154,69,45,51,80,,,32,11,,63,41,194,110,17,33,39,30,171,22,64,163,268,85,94,99,139,115,24,41,20,105,208,48,35,,18,,63,b'\x11\xe8\xe1I\xda\x19\xdb\\\x98|\x12\xdf\x17\xaeN\x1e'
11E8E149-DA19-DB5C-987C-12DF17AE4E1E,2026-ncaa-d2-conf-Conference Carolinas,genius_ncaa,2,11,1,6,1,2,1,1,8,3,2,8,1,2,10,3,4,5,9,5,12,1,2,7,7,7,6,5,13,2,6,2,1,2,4,1,5,14,7,3,2,8,4,7,,,15,11,,10,5,2,13,3,12,10,9,9,13,5,5,13,13,14,10,14,8,11,12,3,5,9,9,,8,,6,6,13,13,13,10,10,12,3,15,14,16,13,11,13,3,13,11,14,15,14,13,12,16,16,7,2,1,15,6,12,4,15,15,1,4,8,12,4,6,3,,,3,7,,1,5,15,7,3,5,2,3,2,2,3,14,10,6,6,6,1,1,1,5,3,10,9,3,3,,13,,3,b'\x11\xe8\xe1I\xda\x19\xdb\\\x98|\x12\xdf\x17\xaeN\x1e'
11E8E149-DA19-DB5C-987C-12DF17AE4E1E,2026-ncaa-d2-natl,genius_ncaa,65,144,13,127,27,66,52,34,169,88,78,148,29,17,136,52,183,197,128,194,265,48,47,134,158,155,117,54,268,56,90,52,4,47,19,19,22,209,124,56,141,209,177,200,,,224,159,,256,94,53,211,88,180,146,122,194,211,81,55,272,281,282,175,206,138,173,167,55,106,231,236,,85,,219,103,199,184,208,102,137,176,73,255,252,226,238,152,171,88,164,141,204,217,149,128,118,254,260,114,27,4,198,90,133,19,246,264,77,125,187,143,53,19,8,,,112,243,,9,94,249,140,64,89,49,55,36,31,28,207,168,61,61,54,22,24,1,44,7,177,182,51,5,,255,,19,b'\x11\xe8\xe1I\xda\x19\xdb\\\x98|\x12\xdf\x17\xaeN\x1e'
11E8E149-E772-3CA4-9ABE-12DF17AE4E1E,2018-ncaa-d3-conf-Michigan Intercol. Ath. Assn.,ncaa,6,6,5,6,6,8,8,8,6,8,7,7,6,8,5,5,7,6,9,5,4,8,9,6,6,6,5,5,4,5,5,8,8,7,8,8,8,6,6,8,9,9,6,4,,,6,6,,,7,9,8,5,8,8,8,8,7,6,7,7,5,4,8,8,5,8,6,8,6,9,5,,6,,,7,6,5,6,5,3,3,4,8,9,8,9,7,7,2,7,9,7,2,7,7,8,9,9,5,8,8,2,5,6,8,7,9,9,9,9,6,6,6,7,,,6,4,,,7,1,5,9,8,6,5,7,5,5,8,9,7,7,7,7,6,8,5,6,7,9,6,6,,6,,,b'\x11\xe8\xe1I\xe7r<\xa4\x9a\xbe\x12\xdf\x17\xaeN\x1e'
11E8E149-E772-3CA4-9ABE-12DF17AE4E1E,2018-ncaa-d3-natl,ncaa,299,251,390,289,398,380,375,408,274,376,408,260,293,316,271,151,356,340,352,327,127,403,417,264,283,294,178,165,217,308,137,410,409,398,300,390,358,98,304,336,408,380,173,96,,,112,318,,,359,421,386,238,342,338,366,336,354,225,202,309,240,227,361,341,200,375,318,368,246,388,122,,284,,,365,131,106,59,270,56,35,289,349,317,341,401,214,247,117,248,400,73,31,326,331,399,412,402,265,297,409,24,137,70,300,213,362,432,438,427,82,241,181,360,,,412,301,,,359,21,291,427,376,344,301,286,188,119,420,415,355,382,383,329,179,384,109,243,340,439,191,290,,357,,,b'\x11\xe8\xe1I\xe7r<\xa4\x9a\xbe\x12\xdf\x17\xaeN\x1e'
11E8E149-E772-3CA4-9ABE-12DF17AE4E1E,2019-ncaa-d3-conf-Michigan Intercol. Ath. Assn.,ncaa,7,7,7,7,7,7,7,8,6,6,8,6,9,9,7,7,8,7,8,7,6,8,8,6,7,7,8,7,8,8,7,5,5,6,5,7,6,7,7,7,8,7,2,2,,,7,8,,,6,8,6,3,6,6,7,6,6,8,7,7,7,7,6,5,7,3,3,7,8,8,2,,8,,,7,4,3,4,4,4,4,3,4,2,7,2,8,7,5,7,8,5,1,4,5,7,7,4,8,5,5,2,7,3,5,5,8,9,8,8,4,6,1,2,,,8,7,,,6,1,7,6,7,7,4,6,4,7,5,5,8,8,8,7,5,5,6,6,6,8,6,1,,7,,,b'\x11\xe8\xe1I\xe7r<\xa4\x9a\xbe\x12\xdf\x17\xaeN\x1e'
11E8E149-E772-3CA4-9ABE-12DF17AE4E1E,2019-ncaa-d3-natl,ncaa,306,274,365,308,371,334,304,382,156,275,361,122,298,308,264,215,353,339,350,333,226,384,377,169,207,270,303,238,320,378,304,221,105,304,151,305,281,254,362,326,384,369,36,19,,,208,367,,,284,366,198,143,278,227,330,203,285,259,253,327,283,274,336,242,336,55,147,249,347,367,13,,353,,,288,120,68,80,131,55,104,77,202,144,337,190,361,351,277,350,401,105,64,147,197,292,394,268,410,85,105,79,304,68,151,139,302,400,392,355,206,302,15,35,,,337,219,,,284,69,291,272,293,271,172,249,142,238,292,241,419,421,422,315,212,185,190,179,239,392,289,21,,237,,,b'\x11\xe8\xe1I\xe7r<\xa4\x9a\xbe\x12\xdf\x17\xaeN\x1e'
11E8E149-E772-3CA4-9ABE-12DF17AE4E1E,2020-ncaa-d3-conf-Michigan Intercol. Ath. Assn.,ncaa,7,7,7,7,9,7,7,8,6,6,4,7,9,9,9,9,5,4,9,4,6,7,6,8,8,8,9,9,1,6,5,7,6,6,5,6,3,9,9,7,5,5,2,2,,,7,7,,,7,6,1,3,7,6,7,3,2,9,9,4,4,4,5,3,5,2,3,6,9,5,1,,9,,,7,6,6,5,6,5,5,6,6,5,4,5,6,7,5,7,7,5,2,5,7,7,5,5,7,4,6,3,5,3,5,6,7,7,7,7,8,8,2,2,,,5,5,,,7,4,8,7,7,7,7,7,7,6,6,7,7,8,8,7,7,6,5,7,7,7,8,4,,5,,,b'\x11\xe8\xe1I\xe7r<\xa4\x9a\xbe\x12\xdf\x17\xaeN\x1e'
11E8E149-E772-3CA4-9ABE-12DF17AE4E1E,2020-ncaa-d3-natl,ncaa,306,306,327,316,355,352,333,365,269,282,256,298,379,391,292,366,325,281,367,278,270,363,332,315,317,357,354,352,211,229,136,237,183,241,126,302,219,356,385,356,324,308,37,24,,,226,343,,,324,353,240,283,352,336,347,249,165,373,382,305,237,242,339,221,170,140,160,293,378,313,24,,319,,,326,125,105,127,140,96,119,154,200,216,178,280,257,256,252,249,309,134,83,144,171,245,313,269,311,153,183,60,136,80,126,181,275,362,339,322,292,340,133,148,,,316,264,,,324,82,343,249,328,220,187,237,162,194,253,282,302,311,309,244,183,220,114,144,230,348,336,168,,270,,,b'\x11\xe8\xe1I\xe7r<\xa4\x9a\xbe\x12\xdf\x17\xaeN\x1e'
11E8E149-E772-3CA4-9ABE-12DF17AE4E1E,2021-ncaa-d3-conf-Michigan Intercol. Ath. Assn.,ncaa,6,6,5,6,7,6,6,8,5,5,5,5,8,8,5,8,6,5,7,5,3,8,7,5,6,6,8,8,2,6,5,5,6,6,6,6,2,5,7,6,7,6,2,2,,,1,3,,,6,7,7,5,6,6,8,5,3,8,8,6,3,3,8,8,6,2,5,6,7,7,1,,4,,,6,3,1,3,3,1,2,3,7,5,6,8,2,1,4,1,4,3,3,4,4,5,8,8,3,5,6,1,5,2,6,5,7,7,8,6,5,7,2,2,,,6,3,,,6,2,6,6,6,6,4,6,3,4,7,8,3,3,3,6,6,6,4,6,6,8,7,2,,6,,,b'\x11\xe8\xe1I\xe7r<\xa4\x9a\xbe\x12\xdf\x17\xaeN\x1e'
11E8E149-E772-3CA4-9ABE-12DF17AE4E1E,2021-ncaa-d3-natl,ncaa,101,280,9,199,9,40,41,20,208,29,10,239,88,88,99,258,33,22,250,23,164,19,16,216,222,240,205,210,116,15,116,9,108,10,95,29,62,280,253,213,47,191,1,7,,,271,166,,,255,15,195,71,245,238,249,204,111,236,266,195,148,151,249,192,135,54,78,173,235,192,8,,148,,,197,270,267,275,46,245,266,33,282,281,191,252,269,270,109,270,176,275,271,66,70,112,277,274,161,270,108,272,116,272,95,273,243,39,216,204,281,229,252,106,,,17,100,,,255,271,237,119,192,113,81,175,31,77,246,247,142,149,143,161,122,152,99,117,166,222,216,116,,123,,,b'\x11\xe8\xe1I\xe7r<\xa4\x9a\xbe\x12\xdf\x17\xaeN\x1e'
11E8E149-E772-3CA4-9ABE-12DF17AE4E1E,2022-ncaa-d3-conf-Michigan Intercol. Ath. Assn.,ncaa,6,6,5,6,7,7,6,7,6,6,7,6,6,5,8,2,7,7,6,7,6,7,7,6,6,6,6,5,8,7,6,6,5,6,5,4,1,7,7,6,6,6,7,7,,,4,4,,,6,6,5,6,7,6,7,6,7,5,4,7,7,7,7,4,7,5,6,4,7,6,7,,4,,,6,6,6,4,7,5,3,7,5,5,5,6,7,6,7,7,6,4,2,7,7,6,5,4,5,5,5,4,6,5,5,6,7,6,6,6,7,7,3,5,,,7,5,,,6,3,7,6,6,6,6,6,6,5,5,6,7,7,7,6,5,5,5,5,6,6,7,3,,6,,,b'\x11\xe8\xe1I\xe7r<\xa4\x9a\xbe\x12\xdf\x17\xaeN\x1e'
11E8E149-E772-3CA4-9ABE-12DF17AE4E1E,2022-ncaa-d3-natl,ncaa,275,290,250,287,285,297,272,278,264,273,290,245,202,178,258,127,360,356,305,356,327,297,288,254,281,306,218,149,367,258,237,276,276,273,266,170,33,291,337,229,279,280,196,190,,,100,113,,,338,284,243,290,319,286,263,290,289,202,154,389,382,381,309,248,237,261,252,137,315,279,178,,105,,,334,260,282,215,290,254,163,316,287,278,269,299,180,137,355,151,186,196,149,306,305,339,219,273,140,240,276,152,237,175,266,289,255,331,347,356,340,368,159,220,,,330,326,,,338,131,305,345,341,303,317,300,284,225,320,317,221,173,197,275,195,276,198,232,308,340,349,184,,341,,,b'\x11\xe8\xe1I\xe7r<\xa4\x9a\xbe\x12\xdf\x17\xaeN\x1e'
11E8E149-E772-3CA4-9ABE-12DF17AE4E1E,2023-ncaa-d3-conf-Michigan Intercol. Ath. Assn.,ncaa,6,6,5,6,6,7,6,6,6,5,4,6,7,8,7,7,7,5,7,4,5,6,5,6,6,7,7,7,4,5,5,8,4,8,5,6,5,7,7,6,5,3,7,8,,,5,6,,,6,4,3,9,7,7,6,5,5,8,7,7,6,4,6,7,6,9,8,6,7,3,7,,6,,,6,7,5,3,7,6,4,6,6,3,7,4,9,9,5,9,9,3,4,7,7,6,5,4,7,3,4,2,5,2,5,6,5,5,4,6,6,6,6,6,,,3,2,,,6,6,7,6,6,6,5,4,5,4,6,3,9,9,9,4,4,3,3,3,6,4,6,6,,2,,,b'\x11\xe8\xe1I\xe7r<\xa4\x9a\xbe\x12\xdf\x17\xaeN\x1e'
11E8E149-E772-3CA4-9ABE-12DF17AE4E1E,2023-ncaa-d3-natl,ncaa,270,297,185,283,268,267,242,260,214,205,184,234,289,307,210,309,263,225,339,212,211,257,257,236,256,275,304,292,227,326,303,321,79,343,229,255,249,258,286,274,246,235,230,218,,,284,340,,,340,208,176,402,288,258,285,203,187,296,322,278,223,201,275,254,348,363,385,264,270,248,232,,308,,,332,346,303,126,395,278,152,357,324,164,427,178,361,362,277,360,371,159,150,406,417,406,310,262,314,32,79,148,303,77,229,233,130,260,248,271,194,219,238,232,,,172,100,,,340,218,299,362,334,340,305,119,278,147,324,165,372,368,363,175,144,31,156,81,234,269,206,249,,126,,,b'\x11\xe8\xe1I\xe7r<\xa4\x9a\xbe\x12\xdf\x17\xaeN\x1e'
11E8E149-E772-3CA4-9ABE-12DF17AE4E1E,2024-ncaa-d3-conf-Michigan Intercol. Ath. Assn.,ncaa,7,7,7,7,8,8,6,8,6,5,4,6,9,9,6,8,8,7,9,7,6,8,9,6,6,6,8,7,6,9,7,9,7,9,7,7,4,7,7,6,6,5,7,7,,,4,6,,,6,9,4,5,7,6,8,3,3,8,8,8,7,7,8,9,8,9,9,6,7,6,7,,5,,,6,6,6,2,7,6,4,6,6,4,7,5,4,5,4,4,3,2,1,7,7,7,4,5,3,5,7,3,7,3,7,7,5,6,5,6,6,6,6,5,,,7,4,,,6,1,7,7,6,7,7,6,6,6,8,5,5,5,5,6,6,6,6,6,7,6,6,7,,7,,,b'\x11\xe8\xe1I\xe7r<\xa4\x9a\xbe\x12\xdf\x17\xaeN\x1e'
11E8E149-E772-3CA4-9ABE-12DF17AE4E1E,2024-ncaa-d3-natl,ncaa,271,232,345,270,357,336,283,359,152,187,208,191,395,408,304,399,374,361,375,358,378,367,378,220,248,254,419,400,332,383,354,329,143,362,255,266,181,121,265,212,320,276,280,246,,,129,287,,,287,370,246,244,308,230,318,104,84,390,410,370,335,328,330,348,381,238,352,207,213,289,254,,244,,,289,95,91,65,197,86,70,187,186,143,287,260,195,186,225,174,292,65,47,218,240,294,305,277,281,71,143,59,354,47,255,127,221,360,318,299,84,199,328,319,,,363,283,,,287,61,304,264,284,211,190,190,182,168,272,255,281,282,273,197,148,116,174,142,207,335,147,381,,340,,,b'\x11\xe8\xe1I\xe7r<\xa4\x9a\xbe\x12\xdf\x17\xaeN\x1e'
11E8E149-E772-3CA4-9ABE-12DF17AE4E1E,2025-ncaa-d3-conf-Michigan Intercol. Ath. Assn.,genius_ncaa,6,6,4,6,4,6,6,7,6,5,6,4,8,7,8,8,2,2,5,2,3,4,3,6,5,6,6,9,1,4,4,7,7,6,6,6,3,9,7,8,6,6,7,8,,,4,4,,5,6,6,8,1,5,5,7,4,5,9,8,2,2,2,6,5,4,8,6,5,7,6,6,,5,,5,6,9,8,7,9,8,6,6,9,5,9,3,6,5,7,5,5,6,6,9,9,9,6,8,4,6,7,1,4,4,6,9,9,6,6,9,7,6,7,7,,,2,4,,5,6,4,5,8,6,6,7,5,6,7,9,6,5,4,4,6,6,5,2,4,9,6,6,7,,2,,5,b'\x11\xe8\xe1I\xe7r<\xa4\x9a\xbe\x12\xdf\x17\xaeN\x1e'
11E8E149-E772-3CA4-9ABE-12DF17AE4E1E,2025-ncaa-d3-natl,genius_ncaa,312,334,192,322,193,287,301,314,262,253,250,236,335,319,349,290,122,84,293,81,49,290,256,283,269,287,238,342,36,163,98,326,241,272,182,292,236,296,316,318,328,316,325,313,,,242,323,,107,338,286,342,6,310,324,358,264,259,347,328,97,65,64,311,247,150,366,277,310,290,336,330,,263,,109,335,343,278,125,368,204,104,336,370,244,415,270,350,304,369,309,358,153,113,386,401,399,362,330,277,150,241,69,98,82,182,357,357,332,329,380,295,319,341,352,,,125,55,,155,338,121,281,386,345,332,292,144,215,110,362,248,356,326,329,178,102,145,88,100,343,348,294,343,,92,,154,b'\x11\xe8\xe1I\xe7r<\xa4\x9a\xbe\x12\xdf\x17\xaeN\x1e'
11E8E149-E772-3CA4-9ABE-12DF17AE4E1E,2026-ncaa-d3-conf-Michigan Intercol. Ath. Assn.,genius_ncaa,1,5,1,5,2,1,1,1,3,1,1,3,2,2,4,4,2,1,5,1,6,1,1,4,4,3,5,4,6,1,1,1,1,1,1,1,6,7,2,2,1,4,7,8,,,9,7,,2,2,1,3,9,2,3,1,3,3,2,3,3,4,4,1,1,1,4,2,2,3,5,9,,6,,2,3,7,7,8,4,5,7,2,7,8,6,6,9,9,6,9,8,8,8,5,5,5,8,7,9,3,1,8,1,6,1,6,3,1,4,2,5,1,3,2,,,1,5,,3,2,9,2,4,4,5,2,3,2,2,5,4,9,9,9,3,2,1,2,1,2,5,3,2,,3,,3,b'\x11\xe8\xe1I\xe7r<\xa4\x9a\xbe\x12\xdf\x17\xaeN\x1e'
11E8E149-E772-3CA4-9ABE-12DF17AE4E1E,2026-ncaa-d3-natl,genius_ncaa,157,200,116,194,210,96,90,159,63,91,170,47,132,157,147,202,104,109,209,100,120,150,171,68,73,62,231,225,221,201,130,152,28,163,43,148,309,164,109,126,298,334,334,337,,,330,378,,234,108,164,189,409,77,79,181,93,204,148,187,117,121,110,152,223,244,173,210,181,102,356,359,,334,,222,113,238,176,190,161,151,168,171,274,265,251,276,374,375,272,372,388,225,210,199,260,272,375,266,388,77,28,143,130,110,43,138,98,240,252,164,173,135,90,55,,,198,238,,323,108,250,74,206,114,209,108,102,82,81,251,238,375,374,369,163,111,28,48,32,74,295,138,61,,256,,348,b'\x11\xe8\xe1I\xe7r<\xa4\x9a\xbe\x12\xdf\x17\xaeN\x1e'
11E8E149-E776-78B4-9ABE-12DF17AE4E1E,2018-ncaa-d3-conf-USA South,ncaa,17,15,18,17,18,18,18,19,17,17,19,16,19,19,19,18,17,17,17,17,11,19,19,17,17,18,19,19,4,16,7,17,12,17,8,18,16,17,19,19,18,18,10,6,,,2,13,,,16,18,13,2,18,18,19,17,13,19,19,16,14,14,19,12,9,8,10,18,19,18,8,,12,,,17,1,1,2,6,2,3,12,5,7,7,15,6,7,9,7,13,2,1,10,9,11,14,12,13,7,12,1,7,1,8,6,17,19,15,16,18,19,1,4,,,16,8,,,16,1,17,13,17,11,12,12,10,9,13,15,13,12,12,12,9,13,1,5,15,17,19,3,,11,,,b'\x11\xe8\xe1I\xe7vx\xb4\x9a\xbe\x12\xdf\x17\xaeN\x1e'
11E8E149-E776-78B4-9ABE-12DF17AE4E1E,2018-ncaa-d3-natl,ncaa,400,349,412,404,415,427,425,433,361,398,410,346,435,431,432,411,396,356,402,353,163,432,413,397,394,428,408,433,56,362,126,351,347,375,179,429,419,429,441,439,421,423,168,122,,,47,127,,,393,417,199,43,425,422,438,356,307,435,430,341,220,212,437,187,235,68,126,429,442,403,99,,186,,,403,43,48,66,116,50,70,112,168,172,172,285,82,132,21,134,268,68,39,114,88,190,273,305,204,275,347,16,126,40,179,83,239,411,382,324,430,441,18,48,,,400,254,,,393,26,426,262,404,266,258,372,223,312,309,357,226,328,338,380,339,397,60,220,265,330,442,35,,238,,,b'\x11\xe8\xe1I\xe7vx\xb4\x9a\xbe\x12\xdf\x17\xaeN\x1e'
11E8E149-E776-78B4-9ABE-12DF17AE4E1E,2019-ncaa-d3-conf-USA South,ncaa,16,16,10,16,12,17,17,16,16,17,17,14,16,13,16,6,17,16,17,16,11,17,15,16,16,17,13,8,13,10,7,14,13,13,9,16,7,17,17,17,10,8,7,3,,,2,2,,,16,16,14,5,17,17,16,17,15,16,11,16,16,16,17,12,9,12,11,14,17,7,4,,2,,,16,3,9,7,9,3,3,14,14,13,11,17,2,2,8,2,2,3,3,13,10,10,13,17,2,8,13,2,7,3,9,16,17,14,8,17,17,17,8,14,,,16,14,,,16,3,17,12,16,8,11,10,7,4,16,15,2,2,2,7,5,13,4,7,16,11,17,10,,15,,,b'\x11\xe8\xe1I\xe7vx\xb4\x9a\xbe\x12\xdf\x17\xaeN\x1e'
11E8E149-E776-78B4-9ABE-12DF17AE4E1E,2019-ncaa-d3-natl,ncaa,413,421,317,417,334,407,402,384,391,373,356,365,391,330,422,245,409,344,436,351,261,388,318,400,412,421,340,290,322,194,148,266,290,257,197,394,325,422,429,427,276,262,167,148,,,24,24,,,400,344,263,176,422,415,393,382,324,384,316,418,334,340,402,199,136,185,144,407,430,250,134,,22,,,399,140,203,197,224,172,145,219,326,305,286,361,39,34,188,33,50,124,109,256,199,222,221,384,41,259,290,128,148,167,197,292,332,299,265,333,427,426,303,363,,,367,362,,,400,98,420,250,403,229,292,329,241,234,369,361,43,43,41,255,227,313,196,252,323,256,425,335,,364,,,b'\x11\xe8\xe1I\xe7vx\xb4\x9a\xbe\x12\xdf\x17\xaeN\x1e'
11E8E149-E776-78B4-9ABE-12DF17AE4E1E,2020-ncaa-d3-conf-USA South,ncaa,16,16,16,16,17,18,18,18,15,18,18,15,17,17,17,10,17,18,10,18,13,18,18,15,15,18,10,12,7,17,12,14,15,17,10,18,16,18,18,18,18,18,6,5,,,1,1,,,16,18,16,11,18,18,18,18,18,17,16,17,18,18,18,18,16,7,15,18,18,18,3,,1,,,16,4,10,6,11,2,2,11,17,18,15,18,1,1,4,1,1,2,2,14,9,17,11,18,1,10,15,1,12,1,10,15,16,18,18,18,18,18,8,15,,,17,13,,,16,1,18,16,18,15,15,16,11,9,17,18,1,1,1,15,7,16,1,5,15,18,18,10,,15,,,b'\x11\xe8\xe1I\xe7vx\xb4\x9a\xbe\x12\xdf\x17\xaeN\x1e'
11E8E149-E776-78B4-9ABE-12DF17AE4E1E,2020-ncaa-d3-natl,ncaa,418,425,327,424,357,424,426,424,409,419,411,406,412,395,407,256,407,412,288,415,276,426,382,414,412,430,225,283,101,384,292,269,385,338,300,431,394,436,436,437,391,392,134,118,,,12,9,,,427,374,294,303,433,434,436,429,421,415,389,414,423,423,436,372,384,198,315,433,437,386,104,,7,,,426,244,335,333,264,246,175,286,406,410,299,406,10,23,6,27,36,246,124,308,207,324,226,402,9,389,385,23,292,140,300,391,381,406,408,423,437,436,163,349,,,367,275,,,427,66,430,377,426,317,369,396,304,274,413,420,10,31,34,366,266,397,45,232,394,399,437,202,,367,,,b'\x11\xe8\xe1I\xe7vx\xb4\x9a\xbe\x12\xdf\x17\xaeN\x1e'
11E8E149-E776-78B4-9ABE-12DF17AE4E1E,2021-ncaa-d3-conf-USA South,ncaa,16,16,3,16,3,16,16,14,16,16,11,16,16,14,16,12,15,11,16,11,7,15,7,16,16,16,9,14,2,8,13,9,16,9,16,16,16,16,16,16,15,15,13,15,,,4,1,,,16,6,10,7,16,16,16,16,16,16,15,16,14,14,16,15,14,15,16,16,16,15,15,,1,,,16,16,16,16,16,16,14,16,16,16,14,16,2,2,7,2,2,15,14,16,16,16,3,13,1,16,16,13,13,15,16,16,16,14,16,16,16,16,16,16,,,12,15,,,16,14,16,16,16,16,16,16,16,12,16,16,1,1,1,15,11,15,10,14,16,16,16,16,,16,,,b'\x11\xe8\xe1I\xe7vx\xb4\x9a\xbe\x12\xdf\x17\xaeN\x1e'
11E8E149-E776-78B4-9ABE-12DF17AE4E1E,2021-ncaa-d3-natl,ncaa,251,282,32,251,38,197,203,105,285,198,93,284,209,125,280,199,147,79,282,83,114,102,42,285,284,285,133,234,15,52,177,69,272,59,254,227,270,284,285,285,128,264,164,262,,,187,12,,,285,39,75,105,285,284,283,284,271,282,257,266,212,221,283,119,161,237,232,285,285,257,251,,24,,,285,279,283,270,279,283,262,283,281,279,219,269,157,163,116,163,20,266,263,280,276,281,68,233,7,278,272,256,177,267,254,284,278,94,268,283,285,285,285,285,,,86,264,,,285,251,285,282,285,280,281,279,280,236,278,281,30,29,27,275,259,269,170,247,284,250,285,281,,256,,,b'\x11\xe8\xe1I\xe7vx\xb4\x9a\xbe\x12\xdf\x17\xaeN\x1e'
11E8E149-E776-78B4-9ABE-12DF17AE4E1E,2022-ncaa-d3-conf-USA South,ncaa,18,16,16,18,16,18,18,16,18,18,17,18,16,13,17,7,18,18,15,18,19,18,17,18,18,18,10,7,19,17,14,18,19,18,17,18,15,7,15,17,17,17,15,14,,,2,2,,,19,18,19,4,18,18,16,18,16,12,9,19,19,19,18,17,10,12,13,18,15,17,11,,2,,,18,10,13,9,16,14,8,17,10,9,10,12,3,5,1,5,2,9,4,16,16,18,2,7,2,19,19,6,14,12,17,10,8,18,19,18,18,19,8,13,,,18,19,,,19,2,18,19,18,16,18,18,19,18,14,16,6,7,7,19,13,19,16,18,16,19,19,12,,19,,,b'\x11\xe8\xe1I\xe7vx\xb4\x9a\xbe\x12\xdf\x17\xaeN\x1e'
11E8E149-E776-78B4-9ABE-12DF17AE4E1E,2022-ncaa-d3-natl,ncaa,406,400,345,416,348,408,404,379,416,400,358,406,389,332,414,200,414,410,393,410,414,393,368,417,418,420,323,251,370,327,314,357,427,354,408,408,388,363,411,418,409,419,331,364,,,87,85,,,424,370,312,48,419,415,380,399,307,380,271,420,420,421,408,288,253,297,287,422,405,412,317,,175,,,422,347,378,277,376,393,292,393,197,216,178,166,173,276,13,270,218,279,148,363,338,407,44,118,81,425,427,174,314,368,408,268,92,411,426,418,424,423,58,144,,,409,417,,,424,57,418,429,423,418,415,413,414,409,308,338,288,367,368,419,384,428,352,417,348,420,423,88,,420,,,b'\x11\xe8\xe1I\xe7vx\xb4\x9a\xbe\x12\xdf\x17\xaeN\x1e'
11E8E149-E776-78B4-9ABE-12DF17AE4E1E,2023-ncaa-d3-conf-CCS,ncaa,8,8,6,8,7,8,8,7,8,8,7,8,7,7,7,4,8,9,6,9,9,8,7,8,8,8,7,3,9,8,8,8,8,8,8,8,3,9,9,8,7,7,3,4,,,3,3,,,8,7,6,7,8,8,7,8,7,7,6,9,9,9,8,7,8,9,8,8,9,7,2,,4,,,8,7,8,6,7,8,6,8,5,6,4,7,4,5,4,5,3,6,5,7,7,8,2,3,3,9,8,7,8,9,8,7,5,8,8,8,8,7,1,1,,,8,8,,,8,2,8,8,8,8,8,8,8,8,6,6,4,5,5,8,7,8,7,8,7,8,7,1,,8,,,b'\x11\xe8\xe1I\xe7vx\xb4\x9a\xbe\x12\xdf\x17\xaeN\x1e'
11E8E149-E776-78B4-9ABE-12DF17AE4E1E,2023-ncaa-d3-natl,ncaa,381,385,333,387,363,398,395,383,400,392,371,396,340,283,365,157,402,395,326,396,360,393,368,391,400,410,189,159,277,300,277,359,412,353,383,374,190,371,405,394,365,371,212,233,,,160,211,,,410,368,273,288,414,408,379,406,351,316,234,411,403,404,404,288,247,314,300,369,394,350,179,,275,,,410,288,300,232,312,322,223,332,208,228,176,216,239,302,37,297,276,241,130,296,278,377,150,172,180,409,412,150,277,328,383,237,137,401,415,386,383,397,19,38,,,370,325,,,410,55,407,414,412,366,365,371,368,360,274,309,319,369,367,382,303,417,289,386,297,404,391,16,,355,,,b'\x11\xe8\xe1I\xe7vx\xb4\x9a\xbe\x12\xdf\x17\xaeN\x1e'
11E8E149-E776-78B4-9ABE-12DF17AE4E1E,2024-ncaa-d3-conf-CCS,ncaa,8,9,7,8,7,8,8,7,9,7,7,8,9,7,9,4,7,7,9,7,4,7,7,9,9,9,6,7,3,7,7,6,8,7,8,9,9,9,9,9,6,7,5,5,,,2,1,,,9,6,2,3,9,9,8,8,8,8,5,8,8,8,8,5,7,2,7,9,9,5,4,,4,,,9,5,5,6,4,3,2,5,8,9,2,9,2,2,6,2,3,5,5,5,4,4,9,9,2,9,8,5,7,9,8,8,9,7,7,8,9,9,3,6,,,7,7,,,9,4,9,8,9,8,8,8,6,6,9,9,4,3,3,9,9,9,9,9,8,4,9,4,,6,,,b'\x11\xe8\xe1I\xe7vx\xb4\x9a\xbe\x12\xdf\x17\xaeN\x1e'
11E8E149-E776-78B4-9ABE-12DF17AE4E1E,2024-ncaa-d3-natl,ncaa,385,361,375,387,377,406,407,401,397,385,364,385,411,391,416,335,313,243,397,246,86,393,352,404,399,410,282,368,27,391,398,305,408,354,400,414,411,407,417,420,281,291,197,175,,,119,110,,,402,314,44,43,405,410,403,372,271,402,371,224,121,125,383,114,384,89,261,419,420,174,133,,282,,,398,192,192,254,119,153,137,215,313,391,79,393,176,251,40,241,290,249,213,147,122,192,304,344,174,408,408,157,398,327,400,269,321,283,314,314,415,419,89,195,,,307,196,,,402,111,413,308,395,367,352,403,298,323,393,423,315,371,364,409,412,421,347,411,354,158,419,160,,153,,,b'\x11\xe8\xe1I\xe7vx\xb4\x9a\xbe\x12\xdf\x17\xaeN\x1e'
11E8E149-E776-78B4-9ABE-12DF17AE4E1E,2025-ncaa-d3-conf-CCS,genius_ncaa,8,8,7,8,8,8,8,8,7,7,8,7,7,4,9,3,7,6,8,5,1,8,6,8,8,8,3,4,3,6,6,6,9,6,8,8,7,9,9,8,3,3,2,2,,,1,1,,6,8,5,1,5,8,8,8,7,8,7,4,7,5,5,7,1,5,4,4,8,9,2,1,,1,,7,8,6,7,9,5,6,8,5,9,9,8,7,2,2,8,2,1,8,7,6,5,5,4,7,1,9,9,7,6,8,8,9,9,4,8,8,9,9,1,5,,,6,8,,9,8,5,8,7,8,8,8,9,7,9,9,9,4,2,2,9,9,9,8,9,9,3,9,2,,5,,9,b'\x11\xe8\xe1I\xe7vx\xb4\x9a\xbe\x12\xdf\x17\xaeN\x1e'
11E8E149-E776-78B4-9ABE-12DF17AE4E1E,2025-ncaa-d3-natl,genius_ncaa,370,334,386,372,392,385,397,390,387,402,406,335,337,216,399,68,291,153,409,153,5,380,308,382,384,399,68,180,25,316,288,364,402,359,375,402,386,412,414,412,78,70,137,134,,,50,30,,220,371,295,8,258,370,386,303,382,382,283,76,140,22,23,212,21,183,140,149,400,418,24,87,,181,,315,377,132,169,190,162,155,150,212,233,276,136,310,80,95,124,85,99,150,195,179,145,127,179,278,101,386,402,133,288,285,375,304,346,127,111,215,417,414,92,313,,,273,219,,397,371,119,399,219,370,368,375,400,359,383,354,391,211,244,224,400,411,410,367,398,381,33,416,210,,55,,394,b'\x11\xe8\xe1I\xe7vx\xb4\x9a\xbe\x12\xdf\x17\xaeN\x1e'
11E8E149-E776-78B4-9ABE-12DF17AE4E1E,2026-ncaa-d3-natl,genius_ncaa,345,200,379,341,382,393,397,389,395,403,399,340,303,239,366,8,349,305,371,311,8,386,380,375,371,390,13,57,43,391,392,376,404,386,402,391,148,175,385,381,259,133,283,232,,,33,46,,197,376,374,20,113,357,386,282,408,408,148,20,140,50,51,215,66,316,133,226,344,396,49,155,,207,,363,395,105,125,93,280,95,91,179,264,126,397,286,36,38,168,40,55,73,64,318,274,304,294,381,40,274,404,114,392,159,402,259,396,349,278,375,262,395,78,327,,,367,205,,406,376,44,388,367,391,401,399,410,362,397,409,388,183,180,176,410,408,412,401,411,409,105,398,200,,119,,406,b'\x11\xe8\xe1I\xe7vx\xb4\x9a\xbe\x12\xdf\x17\xaeN\x1e'
11E8E149-E77A-DDC8-9ABE-12DF17AE4E1E,2018-ncaa-d3-conf-Great Northeast,ncaa,4,5,3,5,3,4,4,2,6,2,2,5,9,6,9,10,1,1,12,1,2,2,2,6,6,6,12,11,6,2,6,1,8,1,7,5,12,11,4,6,4,7,3,4,,,10,8,,,6,2,3,5,3,4,2,2,4,10,7,2,1,1,2,2,3,1,1,6,9,5,3,,10,,,6,10,10,13,6,11,13,6,6,8,7,3,11,13,4,12,8,13,12,6,5,4,6,5,9,12,8,11,6,11,7,6,1,4,7,4,7,5,2,1,,,1,2,,,6,12,6,6,6,9,9,12,8,12,5,6,10,10,10,13,11,10,8,9,6,6,6,2,,1,,,b'\x11\xe8\xe1I\xe7z\xdd\xc8\x9a\xbe\x12\xdf\x17\xaeN\x1e'
11E8E149-E77A-DDC8-9ABE-12DF17AE4E1E,2018-ncaa-d3-natl,ncaa,89,88,123,93,182,86,94,54,206,63,64,123,257,138,396,271,56,11,403,11,45,39,48,237,257,214,320,354,119,65,181,17,151,26,170,148,314,253,93,192,129,212,66,99,,,324,163,,,154,44,16,303,58,72,33,40,58,276,146,40,4,5,16,23,56,6,12,162,213,136,70,,316,,,156,348,325,415,74,289,384,77,336,383,136,267,318,371,41,372,269,427,410,81,68,100,281,287,243,381,151,418,181,419,170,150,47,109,232,100,138,55,31,10,,,29,110,,,154,406,206,119,157,285,279,398,241,355,308,373,299,375,375,413,418,345,402,385,130,117,110,18,,14,,,b'\x11\xe8\xe1I\xe7z\xdd\xc8\x9a\xbe\x12\xdf\x17\xaeN\x1e'
11E8E149-E77A-DDC8-9ABE-12DF17AE4E1E,2019-ncaa-d3-conf-Great Northeast,ncaa,3,3,3,3,3,3,3,2,4,2,2,3,4,2,11,6,4,3,9,2,7,2,2,4,5,4,11,8,9,2,3,2,11,2,5,3,11,2,2,3,3,3,1,2,,,12,10,,,3,2,1,2,3,2,1,2,2,6,2,3,4,4,1,2,2,4,2,3,2,3,1,,12,,,3,12,9,12,3,7,11,3,10,12,3,7,12,13,10,13,11,12,12,3,4,3,9,9,12,13,11,12,3,13,5,6,4,2,4,2,4,2,1,1,,,1,7,,,3,12,3,4,3,8,8,12,6,9,7,9,11,10,10,12,13,12,11,11,4,3,3,1,,3,,,b'\x11\xe8\xe1I\xe7z\xdd\xc8\x9a\xbe\x12\xdf\x17\xaeN\x1e'
11E8E149-E77A-DDC8-9ABE-12DF17AE4E1E,2019-ncaa-d3-natl,ncaa,24,15,67,19,87,13,7,6,76,5,12,26,123,35,372,200,77,33,352,34,251,6,8,110,147,74,378,330,356,9,45,15,330,8,143,51,372,190,10,56,66,167,28,55,,,404,163,,,32,11,7,108,4,5,2,4,14,144,44,106,44,43,2,6,9,7,4,59,117,73,36,,365,,,28,383,333,440,31,231,410,28,411,429,137,341,355,381,125,384,236,441,437,43,42,45,379,375,264,435,330,421,45,438,143,230,103,41,140,64,153,20,11,1,,,37,279,,,32,433,38,82,43,280,242,414,161,366,379,412,305,332,344,420,436,424,382,410,153,42,105,3,,36,,,b'\x11\xe8\xe1I\xe7z\xdd\xc8\x9a\xbe\x12\xdf\x17\xaeN\x1e'
11E8E149-E77A-DDC8-9ABE-12DF17AE4E1E,2020-ncaa-d3-conf-Great Northeast,ncaa,5,3,5,5,6,3,2,2,3,2,2,5,4,4,5,9,3,3,2,3,7,2,2,4,4,2,9,10,7,3,5,4,4,3,5,6,11,2,1,1,3,4,2,3,,,10,7,,,3,3,2,4,1,1,1,2,2,3,6,1,1,1,1,2,3,1,2,3,1,2,2,,9,,,3,11,11,10,7,11,7,9,9,9,5,10,3,3,1,3,3,9,10,7,7,7,5,7,2,8,4,10,5,10,5,8,5,4,6,6,1,1,4,1,,,3,9,,,3,10,1,7,4,8,11,11,10,9,9,10,3,6,6,11,11,7,9,8,8,2,1,4,,3,,,b'\x11\xe8\xe1I\xe7z\xdd\xc8\x9a\xbe\x12\xdf\x17\xaeN\x1e'
11E8E149-E77A-DDC8-9ABE-12DF17AE4E1E,2020-ncaa-d3-natl,ncaa,101,85,126,96,135,74,46,21,178,31,21,132,215,157,336,298,146,144,217,131,348,27,35,200,222,165,374,338,319,59,144,20,199,22,160,153,369,154,42,139,215,304,53,98,,,360,214,,,114,42,40,63,43,25,11,13,15,239,167,160,157,140,13,21,55,5,11,153,129,237,48,,343,,,115,336,361,423,112,345,399,121,317,377,130,250,155,274,11,255,117,419,404,117,76,118,155,273,98,372,199,414,144,406,160,317,207,167,285,254,200,106,34,9,,,187,360,,,114,398,138,147,134,277,314,401,300,390,293,343,142,249,234,402,404,341,382,366,283,171,175,22,,201,,,b'\x11\xe8\xe1I\xe7z\xdd\xc8\x9a\xbe\x12\xdf\x17\xaeN\x1e'
11E8E149-E77A-DDC8-9ABE-12DF17AE4E1E,2021-ncaa-d3-natl,ncaa,251,58,256,251,259,261,268,264,213,269,270,246,246,254,57,45,251,255,22,255,25,261,267,165,135,70,5,24,28,271,273,270,223,271,265,266,234,17,10,74,262,115,240,113,,,19,28,,,149,266,173,110,117,198,138,252,238,26,44,23,53,45,97,225,257,248,268,223,5,119,77,,28,,,176,25,32,22,269,32,25,279,14,18,17,44,18,15,275,15,31,19,20,248,241,245,5,13,43,25,223,28,273,26,265,25,36,264,183,186,13,31,40,265,,,260,134,,,149,19,98,248,179,218,262,192,274,240,20,55,72,39,51,153,126,174,264,239,157,185,18,246,,179,,,b'\x11\xe8\xe1I\xe7z\xdd\xc8\x9a\xbe\x12\xdf\x17\xaeN\x1e'
11E8E149-E77A-DDC8-9ABE-12DF17AE4E1E,2022-ncaa-d3-conf-Great Northeast,ncaa,2,2,1,2,7,3,3,5,3,3,6,3,3,4,4,5,2,5,3,6,4,4,7,3,3,2,6,5,6,13,13,4,11,7,12,5,12,1,1,2,2,2,4,6,,,7,4,,,3,4,5,11,3,3,6,3,8,3,5,2,6,6,5,9,13,4,10,5,1,2,6,,4,,,3,6,5,10,2,5,10,2,5,9,1,7,6,7,6,7,6,10,12,1,1,2,7,5,9,13,11,10,13,12,12,5,4,2,3,1,1,1,1,2,,,2,2,,,3,9,3,3,3,4,3,7,4,7,3,8,6,6,6,7,11,12,10,12,2,2,1,1,,3,,,b'\x11\xe8\xe1I\xe7z\xdd\xc8\x9a\xbe\x12\xdf\x17\xaeN\x1e'
11E8E149-E77A-DDC8-9ABE-12DF17AE4E1E,2022-ncaa-d3-natl,ncaa,96,129,61,115,90,68,71,53,133,76,105,83,92,70,242,133,96,93,163,98,192,58,82,138,136,93,216,191,239,308,402,103,387,184,403,125,290,104,32,87,26,57,83,137,,,320,120,,,86,40,70,290,82,83,78,98,187,129,91,145,149,152,78,166,376,193,308,170,46,33,97,,230,,,93,267,276,380,60,294,388,79,173,300,36,164,282,331,60,331,195,387,410,47,42,22,163,146,250,423,387,416,402,424,403,281,247,25,56,64,63,13,96,54,,,65,128,,,86,388,152,73,99,142,151,313,190,317,102,212,212,262,262,313,389,406,399,409,193,30,23,46,,114,,,b'\x11\xe8\xe1I\xe7z\xdd\xc8\x9a\xbe\x12\xdf\x17\xaeN\x1e'
11E8E149-E77A-DDC8-9ABE-12DF17AE4E1E,2023-ncaa-d3-conf-Great Northeast,ncaa,2,2,1,2,1,3,2,2,4,3,3,4,3,3,3,6,2,1,8,1,8,2,2,3,3,2,6,6,10,9,12,1,4,3,8,6,12,1,1,2,3,7,3,3,,,5,1,,,3,1,2,2,3,2,2,3,4,3,5,2,1,1,2,5,10,1,5,7,1,6,3,,2,,,3,9,10,13,4,8,11,2,13,13,9,10,4,4,5,4,4,12,13,4,4,3,11,12,3,8,4,13,12,13,8,8,4,4,6,5,1,1,3,1,,,1,3,,,3,13,3,4,3,7,8,12,6,10,12,12,3,2,2,10,12,7,13,12,4,4,1,2,,1,,,b'\x11\xe8\xe1I\xe7z\xdd\xc8\x9a\xbe\x12\xdf\x17\xaeN\x1e'
11E8E149-E77A-DDC8-9ABE-12DF17AE4E1E,2023-ncaa-d3-natl,ncaa,48,21,185,25,184,56,58,72,84,56,74,84,138,158,153,263,56,45,225,46,154,67,119,95,103,38,276,274,171,300,387,75,208,168,334,183,376,27,3,43,98,143,31,41,,,150,57,,,77,73,41,7,18,21,23,36,48,138,150,40,33,38,20,70,325,21,134,171,19,88,23,,152,,,64,269,293,368,126,234,351,71,357,304,365,246,126,153,116,153,90,346,365,152,114,103,273,352,82,325,208,414,387,403,334,291,229,85,130,158,9,1,77,29,,,34,33,,,77,357,80,120,83,269,296,372,239,358,356,315,121,147,153,358,387,328,412,391,274,71,4,76,,14,,,b'\x11\xe8\xe1I\xe7z\xdd\xc8\x9a\xbe\x12\xdf\x17\xaeN\x1e'
11E8E149-E77A-DDC8-9ABE-12DF17AE4E1E,2024-ncaa-d3-conf-Great Northeast,ncaa,3,3,3,3,4,3,4,4,5,6,8,2,3,2,6,5,5,5,6,6,4,3,8,3,3,2,5,6,8,13,15,8,10,11,13,5,13,1,1,1,6,8,2,2,,,9,5,,,4,5,2,8,2,3,2,6,9,2,3,5,4,5,1,11,15,10,14,6,1,7,2,,5,,,4,11,10,13,4,8,13,4,7,6,4,6,12,13,8,13,9,14,15,3,4,3,9,5,12,10,10,15,15,15,13,5,4,3,5,3,1,1,1,2,,,1,2,,,4,14,3,4,4,6,6,9,6,12,6,6,11,10,10,10,14,10,14,13,3,5,1,1,,2,,,b'\x11\xe8\xe1I\xe7z\xdd\xc8\x9a\xbe\x12\xdf\x17\xaeN\x1e'
11E8E149-E77A-DDC8-9ABE-12DF17AE4E1E,2024-ncaa-d3-natl,ncaa,67,66,63,71,92,31,40,39,92,74,136,34,45,21,205,69,26,24,94,28,58,37,65,83,64,27,124,152,159,370,420,93,268,221,391,75,248,41,4,19,72,158,41,96,,,317,119,,,77,23,19,244,14,30,35,81,198,53,30,32,41,45,25,100,407,145,336,85,17,100,50,,254,,,80,364,354,407,127,345,401,124,279,316,178,161,324,318,267,322,157,410,411,122,125,98,190,176,225,360,268,420,420,414,391,335,259,38,102,132,16,5,16,3,,,12,26,,,77,410,86,107,84,286,284,360,281,369,222,251,276,265,268,370,392,304,409,381,280,38,9,2,,14,,,b'\x11\xe8\xe1I\xe7z\xdd\xc8\x9a\xbe\x12\xdf\x17\xaeN\x1e'
11E8E149-E77A-DDC8-9ABE-12DF17AE4E1E,2025-ncaa-d3-conf-Great Northeast,genius_ncaa,4,4,3,4,3,3,3,2,2,3,3,3,3,4,2,7,3,3,8,3,6,2,6,3,3,1,7,5,10,11,13,3,10,6,12,5,13,1,1,1,4,7,3,4,,,12,8,,7,5,4,7,2,2,3,3,3,6,3,4,3,3,3,2,10,12,4,8,6,1,7,4,,10,,8,5,12,10,10,6,7,8,7,11,15,8,13,15,15,14,15,12,13,14,7,7,8,13,10,13,12,10,15,13,13,12,8,4,3,10,6,1,2,6,5,,,1,2,,5,5,12,2,10,5,10,9,9,6,6,11,12,15,15,14,12,12,12,12,12,6,8,1,6,,2,,7,b'\x11\xe8\xe1I\xe7z\xdd\xc8\x9a\xbe\x12\xdf\x17\xaeN\x1e'
11E8E149-E77A-DDC8-9ABE-12DF17AE4E1E,2025-ncaa-d3-natl,genius_ncaa,102,118,55,118,72,24,46,38,100,86,94,121,31,52,46,149,22,16,184,14,47,30,65,72,67,27,81,119,142,237,369,85,316,143,365,129,353,18,3,34,130,236,137,207,,,328,181,,180,156,41,71,153,21,40,40,104,143,33,65,22,19,18,32,107,300,129,215,163,6,176,173,,281,,162,161,410,394,401,279,377,366,287,379,380,269,258,410,399,356,398,325,406,391,289,322,331,302,224,315,393,316,411,369,410,365,360,207,129,276,276,15,9,174,105,,,13,29,,109,156,374,46,348,168,372,342,348,310,298,331,341,389,374,371,371,350,357,386,379,296,184,13,126,,20,,136,b'\x11\xe8\xe1I\xe7z\xdd\xc8\x9a\xbe\x12\xdf\x17\xaeN\x1e'
11E8E149-E77A-DDC8-9ABE-12DF17AE4E1E,2026-ncaa-d3-natl,genius_ncaa,345,411,8,388,21,169,148,18,389,95,10,384,303,149,399,336,104,32,391,25,202,22,29,394,400,377,353,367,139,47,293,73,375,63,375,336,409,295,106,358,158,341,158,320,,,379,197,,271,400,30,199,113,376,357,147,279,79,377,315,278,139,121,133,191,172,330,269,405,104,325,275,,236,,167,381,411,411,403,343,412,408,345,292,351,117,81,402,396,345,395,188,403,394,311,318,367,64,48,241,406,375,408,293,408,375,398,189,152,366,366,307,157,413,376,,,39,188,,291,400,388,370,386,381,360,361,343,387,365,129,160,343,312,308,345,283,358,384,383,323,352,156,398,,187,,348,b'\x11\xe8\xe1I\xe7z\xdd\xc8\x9a\xbe\x12\xdf\x17\xaeN\x1e'
11E8E149-E77F-1D8E-9ABE-12DF17AE4E1E,2018-ncaa-d3-conf-Michigan Intercol. Ath. Assn.,ncaa,3,3,3,3,4,4,3,2,4,3,4,4,2,3,3,3,3,3,2,3,6,2,2,4,4,4,4,3,6,2,2,5,4,3,4,2,5,5,5,4,1,1,7,7,,,8,9,,,4,2,3,8,3,3,2,3,3,2,3,3,3,3,2,2,3,6,5,2,5,1,7,,7,,,4,4,4,2,6,5,2,7,5,4,5,3,6,6,7,6,7,2,6,4,5,4,5,4,7,3,4,5,2,4,4,4,6,1,1,4,5,3,7,5,,,4,5,,,4,8,4,4,4,4,4,2,4,2,5,4,6,6,6,2,5,3,6,4,4,1,4,8,,2,,,b'\x11\xe8\xe1I\xe7\x7f\x1d\x8e\x9a\xbe\x12\xdf\x17\xaeN\x1e'
11E8E149-E77F-1D8E-9ABE-12DF17AE4E1E,2018-ncaa-d3-natl,ncaa,138,68,363,92,384,239,217,295,126,214,287,142,192,246,105,192,323,331,236,327,310,312,348,114,143,128,250,168,351,194,89,369,90,324,103,172,134,77,153,100,97,39,302,189,,,224,394,,,85,373,213,417,118,92,117,124,156,135,171,276,279,284,133,169,103,317,205,82,175,52,279,,347,,,63,19,19,16,171,24,13,276,77,147,42,350,138,132,212,127,380,18,44,180,206,70,298,223,348,26,90,56,89,36,103,58,283,109,27,51,45,76,359,394,,,357,306,,,85,64,118,50,61,67,53,27,64,18,129,221,216,224,216,33,114,58,150,89,124,43,91,407,,294,,,b'\x11\xe8\xe1I\xe7\x7f\x1d\x8e\x9a\xbe\x12\xdf\x17\xaeN\x1e'
11E8E149-E77F-1D8E-9ABE-12DF17AE4E1E,2019-ncaa-d3-conf-Michigan Intercol. Ath. Assn.,ncaa,3,3,5,3,6,3,4,4,4,4,3,4,6,8,4,9,2,3,3,3,4,3,4,3,3,3,6,8,2,2,2,6,2,4,4,6,7,3,3,4,2,2,8,7,,,5,7,,,3,4,2,9,3,3,3,2,2,6,8,2,2,2,2,2,2,5,5,4,3,2,8,,5,,,3,3,5,2,7,3,1,7,9,9,5,9,5,5,6,5,5,2,2,7,7,3,9,9,4,1,2,4,2,2,4,8,9,3,3,4,3,3,2,1,,,2,2,,,3,6,3,3,3,3,3,3,3,1,9,9,5,5,5,3,3,1,4,2,8,3,3,2,,1,,,b'\x11\xe8\xe1I\xe7\x7f\x1d\x8e\x9a\xbe\x12\xdf\x17\xaeN\x1e'
11E8E149-E77F-1D8E-9ABE-12DF17AE4E1E,2019-ncaa-d3-natl,ncaa,118,90,215,103,308,110,126,204,66,109,178,61,204,253,151,283,65,105,61,104,123,184,199,73,61,69,260,299,122,175,118,254,81,226,100,187,339,198,182,187,64,33,280,190,,,195,231,,,81,198,138,399,52,67,147,55,148,205,249,37,72,71,119,137,157,239,194,171,209,38,281,,216,,,74,138,139,96,264,73,38,307,380,366,300,416,101,108,168,113,276,81,167,321,305,166,382,414,127,52,81,110,118,75,100,313,411,76,36,141,170,158,53,46,,,115,104,,,81,231,78,121,78,161,164,92,102,26,386,377,114,122,127,70,198,54,118,86,313,45,178,51,,77,,,b'\x11\xe8\xe1I\xe7\x7f\x1d\x8e\x9a\xbe\x12\xdf\x17\xaeN\x1e'
11E8E149-E77F-1D8E-9ABE-12DF17AE4E1E,2020-ncaa-d3-conf-Michigan Intercol. Ath. Assn.,ncaa,3,3,1,3,1,3,2,2,3,2,1,3,5,7,2,8,3,3,7,3,5,2,2,3,3,3,7,7,7,2,2,4,5,2,3,4,8,6,3,4,3,3,6,4,,,9,8,,,3,1,2,3,3,2,2,2,1,6,7,3,3,3,2,2,2,7,2,4,6,3,6,,8,,,3,5,5,4,5,3,2,4,9,9,9,9,2,5,1,5,8,4,9,7,4,4,9,9,3,5,5,4,2,5,3,8,9,3,3,3,5,4,3,1,,,1,3,,,3,9,3,4,3,4,5,4,3,2,9,8,2,5,5,3,5,4,3,3,6,3,4,1,,1,,,b'\x11\xe8\xe1I\xe7\x7f\x1d\x8e\x9a\xbe\x12\xdf\x17\xaeN\x1e'
11E8E149-E77F-1D8E-9ABE-12DF17AE4E1E,2020-ncaa-d3-natl,ncaa,79,46,198,57,280,140,118,196,52,87,128,85,213,297,92,320,173,154,260,162,244,188,164,73,90,137,318,296,263,80,29,237,197,156,56,226,377,304,295,294,87,72,212,148,,,255,298,,,90,221,156,303,84,65,153,51,96,218,287,156,131,142,140,102,60,229,104,211,325,73,214,,299,,,82,100,113,113,172,51,46,196,381,379,319,413,68,130,13,129,295,94,191,257,196,91,393,416,104,168,197,46,29,71,56,213,328,61,42,101,298,283,159,129,,,102,117,,,90,213,94,91,84,133,145,137,59,31,379,369,74,152,148,120,234,186,55,82,231,52,312,171,,65,,,b'\x11\xe8\xe1I\xe7\x7f\x1d\x8e\x9a\xbe\x12\xdf\x17\xaeN\x1e'
11E8E149-E77F-1D8E-9ABE-12DF17AE4E1E,2021-ncaa-d3-conf-Michigan Intercol. Ath. Assn.,ncaa,3,3,4,3,4,3,3,2,4,3,2,4,4,4,3,7,4,3,5,3,6,2,2,4,4,4,7,7,5,2,2,4,2,2,2,3,5,8,6,5,3,4,5,7,,,8,8,,,3,3,3,1,3,3,2,2,1,4,7,4,2,2,2,2,2,3,2,3,6,3,7,,7,,,3,6,6,5,4,6,6,4,4,6,3,4,7,8,2,8,8,7,5,5,5,3,5,3,8,3,2,7,2,4,2,7,6,3,3,4,6,3,8,7,,,4,6,,,3,6,3,3,3,3,3,3,4,3,4,4,6,7,7,3,5,2,3,3,4,3,3,7,,3,,,b'\x11\xe8\xe1I\xe7\x7f\x1d\x8e\x9a\xbe\x12\xdf\x17\xaeN\x1e'
11E8E149-E77F-1D8E-9ABE-12DF17AE4E1E,2021-ncaa-d3-natl,ncaa,50,183,32,111,37,41,42,30,136,36,23,179,51,60,79,194,48,38,156,37,186,32,31,139,150,148,165,148,170,16,38,33,29,25,31,38,131,246,127,118,62,147,77,128,,,254,227,,,59,37,112,74,95,91,55,86,46,121,159,138,129,123,56,59,35,93,45,101,150,151,158,,202,,,88,231,221,237,98,217,230,113,225,244,108,172,256,262,70,260,254,242,242,106,118,111,216,153,235,189,29,238,38,227,31,242,227,50,121,143,225,93,278,254,,,47,195,,,59,248,116,83,88,104,75,69,77,57,124,152,209,237,230,107,117,36,101,67,149,128,113,272,,144,,,b'\x11\xe8\xe1I\xe7\x7f\x1d\x8e\x9a\xbe\x12\xdf\x17\xaeN\x1e'
11E8E149-E77F-1D8E-9ABE-12DF17AE4E1E,2022-ncaa-d3-conf-Michigan Intercol. Ath. Assn.,ncaa,4,3,5,4,5,3,4,4,3,2,2,5,8,9,4,9,3,3,8,3,5,4,4,3,4,4,9,9,6,2,1,4,2,3,2,5,9,3,5,5,4,4,5,4,,,6,9,,,3,5,4,1,3,3,2,2,1,8,9,3,2,2,2,2,1,2,1,5,4,4,5,,8,,,3,3,2,1,4,1,1,3,5,4,7,9,8,8,2,8,9,1,1,4,4,4,9,9,9,1,2,1,1,1,2,4,8,4,3,4,1,1,5,2,,,5,8,,,3,4,3,4,3,4,3,3,3,2,5,5,8,8,8,4,3,2,3,3,5,3,2,5,,3,,,b'\x11\xe8\xe1I\xe7\x7f\x1d\x8e\x9a\xbe\x12\xdf\x17\xaeN\x1e'
11E8E149-E77F-1D8E-9ABE-12DF17AE4E1E,2022-ncaa-d3-natl,ncaa,96,95,107,105,149,108,69,66,109,34,19,161,292,332,167,391,237,174,337,161,375,72,104,166,201,152,407,366,355,26,13,126,99,70,35,187,384,109,46,134,119,107,105,86,,,256,255,,,67,166,271,200,101,46,53,22,19,324,367,268,203,184,54,113,15,156,54,227,68,136,113,,212,,,65,145,102,186,69,83,134,73,263,281,180,297,298,309,220,310,337,203,217,85,110,96,373,315,352,141,99,179,13,156,35,163,254,140,137,112,75,36,413,300,,,249,356,,,67,247,90,87,75,83,59,88,46,63,206,234,258,258,263,102,115,103,102,97,115,183,48,409,,329,,,b'\x11\xe8\xe1I\xe7\x7f\x1d\x8e\x9a\xbe\x12\xdf\x17\xaeN\x1e'
11E8E149-E77F-1D8E-9ABE-12DF17AE4E1E,2023-ncaa-d3-conf-Michigan Intercol. Ath. Assn.,ncaa,4,4,1,4,1,4,2,3,3,1,1,4,6,7,4,8,8,6,8,6,8,2,2,4,5,5,9,8,9,2,2,1,2,2,2,4,7,4,4,4,3,4,2,2,,,8,5,,,4,2,6,4,4,2,3,1,1,6,8,8,7,7,3,3,2,1,2,4,4,4,2,,5,,,4,4,3,5,3,3,5,2,5,6,4,5,8,7,3,7,8,6,8,3,2,4,7,5,8,4,2,6,2,4,2,2,3,3,3,3,4,3,2,1,,,8,8,,,4,8,4,4,4,4,3,3,3,3,5,5,5,5,5,3,3,4,5,4,2,3,3,2,,8,,,b'\x11\xe8\xe1I\xe7\x7f\x1d\x8e\x9a\xbe\x12\xdf\x17\xaeN\x1e'
11E8E149-E77F-1D8E-9ABE-12DF17AE4E1E,2023-ncaa-d3-natl,ncaa,132,113,185,125,240,127,74,138,36,48,69,75,237,334,47,363,274,233,355,230,365,158,207,62,100,72,390,334,393,111,81,95,46,101,38,140,298,80,71,78,236,212,45,22,,,263,328,,,68,254,245,288,81,36,99,32,40,254,345,300,236,236,110,184,92,39,40,112,86,235,38,,286,,,59,104,72,120,82,75,160,51,169,128,268,150,295,306,170,305,331,134,134,93,107,135,330,240,363,74,46,131,81,89,38,71,117,252,226,141,109,108,150,65,,,248,281,,,68,171,53,111,62,104,75,110,76,157,173,127,306,316,319,136,126,91,134,100,75,261,122,143,,263,,,b'\x11\xe8\xe1I\xe7\x7f\x1d\x8e\x9a\xbe\x12\xdf\x17\xaeN\x1e'
11E8E149-E77F-1D8E-9ABE-12DF17AE4E1E,2024-ncaa-d3-conf-Michigan Intercol. Ath. Assn.,ncaa,3,4,2,4,3,3,1,2,1,1,1,3,8,8,5,9,3,5,4,4,9,3,3,4,4,4,9,9,8,2,1,2,2,2,1,2,8,3,4,2,4,4,3,2,,,3,3,,,3,4,9,5,2,1,3,1,1,9,9,7,6,6,3,4,2,2,2,3,3,4,3,,3,,,3,2,2,4,1,1,1,3,3,8,2,8,3,4,3,5,6,4,5,2,1,3,8,8,6,3,2,1,1,2,1,2,3,4,4,4,3,3,2,1,,,4,5,,,3,6,2,3,3,2,3,3,2,2,4,7,3,4,4,2,1,4,1,1,1,4,3,2,,5,,,b'\x11\xe8\xe1I\xe7\x7f\x1d\x8e\x9a\xbe\x12\xdf\x17\xaeN\x1e'
11E8E149-E77F-1D8E-9ABE-12DF17AE4E1E,2024-ncaa-d3-natl,ncaa,110,115,112,119,143,128,83,145,33,21,38,72,378,399,265,417,197,164,293,165,351,139,185,100,119,96,426,418,295,118,51,58,23,75,11,148,329,105,84,100,277,273,53,26,,,76,74,,,53,233,313,152,113,54,155,12,28,391,415,211,181,184,151,244,113,35,49,159,87,306,52,,32,,,47,74,86,189,36,63,115,83,212,349,40,380,90,105,117,106,165,166,148,52,39,57,299,349,160,77,23,66,51,55,11,54,65,263,261,117,91,74,113,41,,,212,241,,,53,191,75,46,45,44,63,130,46,65,194,322,69,82,83,101,72,48,35,33,40,298,77,93,,265,,,b'\x11\xe8\xe1I\xe7\x7f\x1d\x8e\x9a\xbe\x12\xdf\x17\xaeN\x1e'
11E8E149-E77F-1D8E-9ABE-12DF17AE4E1E,2025-ncaa-d3-conf-Michigan Intercol. Ath. Assn.,genius_ncaa,4,4,2,4,2,4,4,4,3,4,4,3,7,9,7,9,4,6,1,6,6,5,5,4,3,5,8,8,4,7,7,3,5,8,7,5,4,6,5,5,4,4,6,9,,,1,1,,2,5,2,6,5,6,7,9,5,6,7,9,4,8,8,9,9,8,5,8,7,5,5,7,,1,,2,5,8,9,8,5,9,7,7,7,7,6,6,1,2,6,2,1,8,7,5,4,5,1,5,1,7,5,7,7,6,7,7,4,4,4,4,4,4,6,6,,,4,3,,5,5,8,6,5,5,4,6,7,5,6,5,7,1,2,2,5,5,6,6,6,7,5,4,6,,6,,6,b'\x11\xe8\xe1I\xe7\x7f\x1d\x8e\x9a\xbe\x12\xdf\x17\xaeN\x1e'
11E8E149-E77F-1D8E-9ABE-12DF17AE4E1E,2025-ncaa-d3-natl,genius_ncaa,217,269,55,237,67,235,223,225,233,181,162,243,301,305,267,314,202,249,64,237,281,225,238,257,249,242,307,319,173,315,360,199,254,254,321,240,267,184,194,226,217,238,334,352,,,90,66,,73,301,208,380,74,328,299,356,245,220,343,348,261,323,310,366,398,363,308,370,308,125,279,359,,31,,65,292,309,341,289,316,317,261,299,312,279,310,261,112,88,321,89,68,246,226,317,299,307,152,275,67,265,254,325,360,317,321,252,121,229,262,256,213,231,341,299,,,203,170,,227,301,207,268,313,298,195,255,168,235,160,260,210,65,42,42,117,78,195,235,222,180,311,166,304,,290,,259,b'\x11\xe8\xe1I\xe7\x7f\x1d\x8e\x9a\xbe\x12\xdf\x17\xaeN\x1e'
11E8E149-E77F-1D8E-9ABE-12DF17AE4E1E,2026-ncaa-d3-conf-Michigan Intercol. Ath. Assn.,genius_ncaa,1,1,3,1,4,4,3,4,2,3,2,2,6,6,3,6,4,6,3,6,9,4,4,2,2,2,8,6,8,2,3,4,5,2,4,2,3,5,4,1,2,2,4,5,,,4,3,,8,3,4,2,2,3,2,3,2,1,6,6,6,8,8,3,3,3,3,3,1,6,1,5,,2,,8,2,4,4,3,3,4,4,6,4,6,1,7,4,4,4,4,3,4,6,2,3,1,4,4,4,5,5,5,3,4,4,7,7,2,2,5,6,5,9,8,,,5,8,,4,3,6,3,1,2,3,5,4,5,5,2,7,2,2,2,5,8,5,5,5,7,2,6,8,,7,,4,b'\x11\xe8\xe1I\xe7\x7f\x1d\x8e\x9a\xbe\x12\xdf\x17\xaeN\x1e'
11E8E149-E77F-1D8E-9ABE-12DF17AE4E1E,2026-ncaa-d3-natl,genius_ncaa,13,1,215,1,229,114,80,197,16,61,121,57,170,292,22,339,202,234,112,236,335,199,237,29,35,24,329,272,309,148,50,219,78,185,39,56,112,94,78,28,133,73,351,315,,,88,74,,130,30,256,188,35,9,7,43,5,28,136,291,133,200,200,52,101,83,106,70,15,117,84,351,,69,,133,23,127,128,140,145,85,79,193,301,308,236,397,78,86,143,92,184,124,135,214,171,137,352,391,80,95,78,102,50,90,39,138,194,204,118,131,144,144,151,106,,,250,269,,236,30,147,18,116,32,141,149,181,70,58,357,378,59,67,69,151,184,113,85,79,173,121,170,175,,200,,217,b'\x11\xe8\xe1I\xe7\x7f\x1d\x8e\x9a\xbe\x12\xdf\x17\xaeN\x1e'
11E8E149-E783-8158-9ABE-12DF17AE4E1E,2018-ncaa-d3-conf-MAC Commonwealth,ncaa,2,2,1,2,2,2,2,3,2,2,2,2,7,8,4,8,1,2,3,2,7,3,2,2,2,2,9,8,6,2,1,1,1,1,1,2,1,6,4,2,3,4,1,3,,,6,3,,,2,2,2,4,2,2,3,2,2,8,8,3,5,5,3,4,5,1,1,2,5,4,2,,3,,,2,2,3,9,1,3,9,1,3,5,3,3,7,7,4,7,5,9,8,1,2,2,7,4,7,4,1,3,1,2,1,1,1,3,6,2,6,5,2,1,,,2,6,,,2,8,2,2,2,2,2,6,3,9,3,4,5,5,5,6,7,2,1,1,1,6,5,1,,6,,,b'\x11\xe8\xe1I\xe7\x83\x81X\x9a\xbe\x12\xdf\x17\xaeN\x1e'
11E8E149-E783-8158-9ABE-12DF17AE4E1E,2018-ncaa-d3-natl,ncaa,66,88,43,84,50,79,60,76,81,23,22,127,352,380,185,418,61,94,75,94,316,73,68,148,121,150,401,412,158,75,61,25,83,35,28,50,93,368,247,139,113,162,19,53,,,301,176,,,98,63,180,137,134,98,186,32,47,390,416,105,164,164,172,167,127,45,60,70,260,162,29,,181,,,105,257,252,395,59,364,430,49,30,78,32,21,369,356,300,363,159,402,381,28,41,68,69,18,367,266,83,161,61,189,28,43,3,132,239,50,334,239,211,56,,,91,230,,,98,391,145,69,89,104,115,236,226,374,10,24,287,258,272,237,239,148,50,74,11,229,254,127,,202,,,b'\x11\xe8\xe1I\xe7\x83\x81X\x9a\xbe\x12\xdf\x17\xaeN\x1e'
11E8E149-E783-8158-9ABE-12DF17AE4E1E,2019-ncaa-d3-conf-MAC Commonwealth,ncaa,7,7,6,7,6,8,7,8,7,7,7,6,9,7,9,6,7,7,9,7,8,8,7,8,8,8,9,9,7,1,1,3,1,2,1,7,7,7,8,8,8,8,1,1,,,2,5,,,7,8,5,4,8,7,5,7,5,9,6,6,6,6,6,4,1,1,1,7,8,8,1,,4,,,7,2,1,5,1,1,2,1,7,6,6,8,5,3,6,3,6,5,1,2,2,5,9,8,8,2,1,1,1,1,1,5,6,9,9,7,5,6,1,1,,,7,6,,,7,2,7,5,7,3,3,7,2,4,8,8,6,5,5,7,2,3,1,2,6,9,6,1,,6,,,b'\x11\xe8\xe1I\xe7\x83\x81X\x9a\xbe\x12\xdf\x17\xaeN\x1e'
11E8E149-E783-8158-9ABE-12DF17AE4E1E,2019-ncaa-d3-natl,ncaa,206,219,215,219,264,346,319,297,330,208,115,335,424,418,420,417,272,228,354,219,296,289,238,382,374,390,419,430,127,70,28,120,51,84,24,348,347,357,364,388,324,301,42,40,,,146,227,,,248,312,321,196,382,349,311,194,78,428,421,268,208,195,289,187,55,65,32,375,362,330,33,,164,,,250,71,75,185,44,117,290,32,64,84,107,86,189,183,244,184,156,171,107,32,39,107,192,121,303,69,51,62,28,53,24,112,243,379,390,308,313,320,170,116,,,259,261,,,248,133,362,91,250,85,83,223,132,318,68,80,203,196,196,216,99,89,65,59,132,404,322,182,,244,,,b'\x11\xe8\xe1I\xe7\x83\x81X\x9a\xbe\x12\xdf\x17\xaeN\x1e'
11E8E149-E783-8158-9ABE-12DF17AE4E1E,2020-ncaa-d3-conf-MAC Commonwealth,ncaa,2,3,1,3,1,1,1,1,3,1,3,1,1,1,5,1,3,2,3,2,3,1,1,3,3,3,3,4,6,2,1,1,3,1,1,3,7,3,3,3,3,5,1,1,,,3,1,,,2,1,3,5,1,1,1,1,6,2,1,3,2,2,1,2,2,1,1,4,3,4,1,,2,,,2,7,9,9,2,9,9,2,6,7,5,3,4,5,1,5,3,9,9,2,2,2,4,5,3,9,3,6,1,6,1,6,4,4,9,5,4,2,2,2,,,2,7,,,2,9,3,3,2,4,3,9,5,9,4,6,4,4,4,7,7,6,5,5,4,8,2,2,,5,,,b'\x11\xe8\xe1I\xe7\x83\x81X\x9a\xbe\x12\xdf\x17\xaeN\x1e'
11E8E149-E783-8158-9ABE-12DF17AE4E1E,2020-ncaa-d3-natl,ncaa,36,46,26,47,31,14,13,17,33,16,37,29,69,57,151,186,100,104,185,103,279,20,29,45,59,39,292,215,359,51,88,5,102,11,59,72,347,159,36,55,96,177,6,23,,,149,44,,,25,33,147,98,20,12,36,23,93,110,105,168,185,186,40,99,83,10,16,120,70,150,7,,53,,,26,292,354,431,73,387,434,45,168,154,214,32,135,189,47,195,34,427,414,51,30,65,45,113,89,338,102,349,88,352,59,289,164,171,306,236,163,51,213,113,,,137,343,,,25,409,20,66,25,137,219,348,272,420,91,66,62,93,102,318,293,247,197,225,186,259,87,155,,268,,,b'\x11\xe8\xe1I\xe7\x83\x81X\x9a\xbe\x12\xdf\x17\xaeN\x1e'
11E8E149-E783-8158-9ABE-12DF17AE4E1E,2021-ncaa-d3-conf-MAC Commonwealth,ncaa,3,4,5,3,5,5,4,5,3,5,5,3,2,4,2,3,5,7,3,6,7,5,5,3,3,3,5,3,7,6,6,5,7,5,7,4,4,1,2,2,4,5,4,3,,,2,1,,,3,5,2,3,3,3,1,3,3,2,3,6,7,6,3,4,5,6,6,3,2,4,2,,1,,,3,4,4,3,6,4,3,6,5,3,7,5,2,2,6,2,3,3,3,7,6,6,4,7,2,3,7,3,6,3,7,5,4,4,5,6,1,2,1,1,,,6,7,,,3,3,3,6,3,7,7,5,7,6,7,5,3,3,3,5,5,6,4,5,5,4,2,1,,7,,,b'\x11\xe8\xe1I\xe7\x83\x81X\x9a\xbe\x12\xdf\x17\xaeN\x1e'
11E8E149-E783-8158-9ABE-12DF17AE4E1E,2021-ncaa-d3-natl,ncaa,63,115,81,91,85,97,94,95,105,93,77,153,106,133,60,221,112,124,72,120,223,100,107,113,118,102,187,165,177,110,153,111,162,114,149,94,121,139,87,76,88,125,36,37,,,116,20,,,114,102,203,43,134,113,142,99,83,150,216,159,187,184,155,204,182,186,203,116,64,132,26,,15,,,125,186,199,192,162,208,210,126,170,155,210,95,127,132,89,131,41,183,183,159,127,146,70,142,41,179,162,175,153,176,149,165,71,120,177,158,126,75,191,140,,,141,238,,,114,184,114,144,121,123,165,173,172,204,138,86,42,52,55,139,106,132,89,99,112,185,71,175,,253,,,b'\x11\xe8\xe1I\xe7\x83\x81X\x9a\xbe\x12\xdf\x17\xaeN\x1e'
11E8E149-E783-8158-9ABE-12DF17AE4E1E,2022-ncaa-d3-conf-MAC Commonwealth,ncaa,4,5,3,5,5,5,6,8,4,8,8,6,4,5,3,4,3,3,5,3,2,7,7,4,4,4,3,3,4,4,4,2,2,3,2,5,5,7,7,6,9,8,3,3,,,4,4,,,6,7,6,4,6,7,9,8,8,5,6,3,4,4,7,6,3,1,2,5,7,9,2,,4,,,6,5,5,6,5,6,7,4,3,2,5,2,6,5,9,5,2,5,3,4,4,8,3,2,4,1,2,4,4,2,2,2,1,9,9,5,7,7,4,4,,,4,2,,,6,3,4,7,6,5,5,6,6,7,3,3,6,5,5,5,3,2,4,2,2,9,6,4,,4,,,b'\x11\xe8\xe1I\xe7\x83\x81X\x9a\xbe\x12\xdf\x17\xaeN\x1e'
11E8E149-E783-8158-9ABE-12DF17AE4E1E,2022-ncaa-d3-natl,ncaa,168,182,188,184,189,237,230,291,169,238,265,174,207,230,148,212,222,234,183,230,169,283,283,174,172,210,198,199,175,217,159,193,85,203,88,229,204,262,317,269,299,301,63,71,,,113,145,,,209,288,385,27,269,274,368,264,304,217,255,219,238,233,363,347,226,173,205,253,261,331,51,,81,,,210,155,194,170,222,288,292,208,31,50,62,27,195,146,365,146,102,162,125,160,164,241,24,18,235,90,85,101,159,96,88,39,10,335,330,160,182,209,174,221,,,270,224,,,209,147,213,213,203,130,179,146,275,296,21,29,188,142,145,135,53,86,80,66,30,371,178,176,,301,,,b'\x11\xe8\xe1I\xe7\x83\x81X\x9a\xbe\x12\xdf\x17\xaeN\x1e'
11E8E149-E783-8158-9ABE-12DF17AE4E1E,2023-ncaa-d3-conf-MAC Commonwealth,ncaa,2,2,4,2,5,4,5,6,3,4,5,5,6,7,3,7,2,2,6,2,4,4,4,4,4,6,6,6,2,3,3,3,5,2,2,3,2,7,7,4,9,8,4,5,,,2,1,,,3,4,5,4,4,5,6,3,3,5,8,2,2,2,5,4,5,1,3,3,7,8,4,,2,,,3,5,8,7,4,8,8,4,3,2,2,2,2,1,7,1,1,7,7,3,3,3,1,2,1,7,5,2,3,3,2,7,4,8,8,7,8,9,1,1,,,2,2,,,3,6,3,3,3,4,6,9,8,9,3,3,2,1,2,6,5,6,2,3,4,8,8,1,,1,,,b'\x11\xe8\xe1I\xe7\x83\x81X\x9a\xbe\x12\xdf\x17\xaeN\x1e'
11E8E149-E783-8158-9ABE-12DF17AE4E1E,2023-ncaa-d3-natl,ncaa,90,85,109,91,162,191,201,212,183,161,122,243,284,334,113,355,137,112,248,113,196,193,188,212,209,219,293,323,123,109,104,62,143,74,74,161,144,228,226,196,313,344,90,150,,,49,27,,,155,226,304,288,237,234,272,175,128,311,361,146,123,128,255,265,114,44,55,184,205,363,99,,22,,,158,122,245,320,112,330,394,81,52,61,102,38,41,32,330,37,8,261,212,68,42,97,10,49,48,249,143,175,104,200,74,215,173,284,319,278,208,207,101,57,,,180,181,,,155,210,188,113,156,84,198,277,292,385,35,38,27,15,19,204,140,204,123,153,185,337,184,81,,214,,,b'\x11\xe8\xe1I\xe7\x83\x81X\x9a\xbe\x12\xdf\x17\xaeN\x1e'
11E8E149-E783-8158-9ABE-12DF17AE4E1E,2024-ncaa-d3-conf-MAC Commonwealth,ncaa,5,4,5,5,5,5,5,5,8,4,3,8,7,6,7,7,2,2,4,2,3,5,5,8,8,5,5,7,1,1,1,5,6,2,4,5,3,3,3,4,8,8,7,7,,,4,5,,,6,6,5,1,5,5,1,4,1,7,6,1,1,1,1,1,1,4,1,5,4,8,7,,6,,,6,4,4,5,5,6,6,8,2,5,1,6,4,4,2,4,5,5,3,4,4,5,1,2,4,8,6,6,1,6,4,6,7,8,8,8,4,4,7,7,,,3,2,,,6,2,5,5,6,6,6,8,8,7,2,6,6,7,7,8,6,8,7,8,7,8,6,7,,2,,,b'\x11\xe8\xe1I\xe7\x83\x81X\x9a\xbe\x12\xdf\x17\xaeN\x1e'
11E8E149-E783-8158-9ABE-12DF17AE4E1E,2024-ncaa-d3-natl,ncaa,271,297,200,289,257,250,255,181,331,204,106,334,331,305,351,339,137,143,224,137,215,167,186,351,345,308,304,340,84,68,89,227,291,145,199,247,220,172,167,229,299,296,288,314,,,166,192,,,274,261,238,244,266,268,130,195,70,341,310,121,118,113,113,139,49,216,96,252,191,302,299,,183,,,273,239,275,226,281,299,256,290,171,174,192,174,158,204,67,203,173,219,171,256,232,281,107,154,138,301,291,276,89,288,199,317,304,296,313,343,272,251,347,275,,,169,156,,,274,151,261,295,281,251,285,261,297,271,187,190,170,215,216,257,209,299,286,295,311,299,274,352,,126,,,b'\x11\xe8\xe1I\xe7\x83\x81X\x9a\xbe\x12\xdf\x17\xaeN\x1e'
11E8E149-E783-8158-9ABE-12DF17AE4E1E,2025-ncaa-d3-conf-MAC Commonwealth,genius_ncaa,4,5,3,5,3,4,4,1,7,3,1,7,6,5,7,6,4,5,4,4,7,1,1,7,7,6,7,6,6,1,1,4,5,1,3,4,4,6,2,4,3,3,4,5,,,7,6,,4,4,2,1,3,4,4,1,3,1,6,5,5,6,6,1,1,1,4,1,4,3,3,4,,6,,5,4,6,6,5,6,6,6,5,4,2,4,2,7,7,3,7,7,6,7,5,4,4,5,3,6,5,5,7,1,6,3,2,1,3,3,2,4,2,6,5,,,4,8,,2,4,7,5,4,4,6,5,4,6,5,4,2,7,7,7,4,7,4,6,5,2,2,4,6,,6,,3,b'\x11\xe8\xe1I\xe7\x83\x81X\x9a\xbe\x12\xdf\x17\xaeN\x1e'
11E8E149-E783-8158-9ABE-12DF17AE4E1E,2025-ncaa-d3-natl,genius_ncaa,194,184,192,195,248,207,194,88,316,107,28,332,365,343,377,382,149,147,211,140,333,94,94,357,351,301,383,391,137,19,28,142,226,54,106,236,303,202,122,230,194,209,103,124,,,302,302,,272,213,170,123,258,195,174,32,66,12,372,351,119,122,111,34,44,8,98,15,248,215,186,94,,339,,285,213,186,173,202,151,276,322,124,40,42,116,21,333,349,160,342,274,238,245,114,140,149,96,31,350,273,226,301,28,299,106,48,20,175,192,76,171,110,276,123,,,169,268,,109,213,230,248,164,230,203,194,233,276,347,43,39,346,355,353,262,283,286,308,305,56,150,183,286,,142,,102,b'\x11\xe8\xe1I\xe7\x83\x81X\x9a\xbe\x12\xdf\x17\xaeN\x1e'
11E8E149-E783-8158-9ABE-12DF17AE4E1E,2026-ncaa-d3-natl,genius_ncaa,288,132,379,257,382,376,377,397,55,333,378,100,403,408,294,410,256,241,297,245,40,393,391,133,112,193,379,411,29,342,30,403,347,395,171,345,111,73,336,248,298,69,392,371,,,40,297,,156,231,392,299,113,206,226,391,82,123,404,412,37,14,15,325,247,129,407,355,159,310,87,379,,258,,316,235,38,39,21,377,54,27,367,24,20,240,99,105,95,280,84,328,22,28,364,385,321,144,85,322,48,347,13,30,16,171,63,256,344,74,197,120,358,55,140,,,335,19,,291,231,25,172,312,235,261,237,62,284,139,106,55,340,327,308,97,137,205,12,51,272,97,335,152,,32,,217,b'\x11\xe8\xe1I\xe7\x83\x81X\x9a\xbe\x12\xdf\x17\xaeN\x1e'
11E8E149-E787-BD22-9ABE-12DF17AE4E1E,2018-ncaa-d3-conf-Empire 8,ncaa,9,9,5,9,7,9,9,5,9,9,7,9,9,4,9,4,9,7,7,7,6,5,5,9,9,9,6,6,2,8,9,9,9,9,9,9,4,7,8,9,3,3,9,9,,,6,6,,,9,4,1,7,9,9,1,9,5,9,4,9,7,7,2,1,8,9,9,9,9,2,9,,9,,,9,9,9,6,9,8,4,9,8,8,8,8,8,7,9,7,8,8,7,9,9,9,6,5,6,9,9,9,9,9,9,9,9,3,4,9,9,8,9,9,,,9,9,,,9,6,9,9,9,9,9,8,9,7,8,8,9,9,9,9,9,9,9,9,9,2,9,9,,9,,,"b'\x11\xe8\xe1I\xe7\x87\xbd""\x9a\xbe\x12\xdf\x17\xaeN\x1e'"
11E8E149-E787-BD22-9ABE-12DF17AE4E1E,2018-ncaa-d3-natl,ncaa,417,433,197,422,256,362,362,262,403,335,224,395,353,281,411,265,284,225,357,230,250,259,251,407,407,396,252,294,116,270,383,382,402,365,423,349,236,274,289,356,171,188,379,388,,,315,327,,,425,224,158,286,400,396,250,365,208,360,276,301,218,224,252,226,277,421,412,369,279,168,389,,351,,,418,422,400,231,421,369,177,427,376,331,371,322,390,335,435,339,357,264,266,425,433,428,293,273,279,343,402,414,383,405,423,434,421,189,231,388,329,330,409,404,,,294,310,,,425,233,401,425,415,413,391,270,354,194,380,339,400,366,373,310,307,341,414,394,425,186,325,410,,323,,,"b'\x11\xe8\xe1I\xe7\x87\xbd""\x9a\xbe\x12\xdf\x17\xaeN\x1e'"
11E8E149-E787-BD22-9ABE-12DF17AE4E1E,2019-ncaa-d3-conf-Empire 8,ncaa,6,6,5,6,5,8,8,4,8,9,7,9,6,3,7,2,8,7,8,7,4,5,6,8,8,8,3,4,7,9,9,8,9,9,9,9,9,2,3,8,3,2,9,9,,,7,8,,,7,5,2,5,8,8,3,9,6,5,2,8,7,7,4,5,9,8,9,9,3,2,9,,9,,,7,6,5,2,7,5,1,8,3,5,4,5,7,7,4,7,7,2,3,7,7,6,4,2,7,4,9,9,9,9,9,6,7,4,3,5,2,4,9,9,,,8,8,,,7,2,8,7,8,7,6,3,6,4,4,5,7,7,7,5,5,6,9,9,7,2,4,9,,8,,,"b'\x11\xe8\xe1I\xe7\x87\xbd""\x9a\xbe\x12\xdf\x17\xaeN\x1e'"
11E8E149-E787-BD22-9ABE-12DF17AE4E1E,2019-ncaa-d3-natl,ncaa,306,331,215,326,272,280,290,152,389,301,191,383,204,121,355,158,257,193,367,187,194,154,178,386,384,350,156,170,194,207,321,344,351,311,389,328,341,137,103,282,111,109,365,369,,,399,414,,,358,168,111,258,302,314,73,321,170,205,103,251,173,159,77,111,188,389,328,354,153,95,380,,423,,,355,337,313,172,371,315,167,391,246,247,241,236,352,387,84,384,396,217,245,366,367,341,231,171,293,273,351,390,321,367,389,394,397,162,169,316,178,155,405,385,,,280,331,,,358,243,352,336,365,341,315,208,315,186,253,254,366,399,395,269,303,293,401,373,386,140,184,408,,266,,,"b'\x11\xe8\xe1I\xe7\x87\xbd""\x9a\xbe\x12\xdf\x17\xaeN\x1e'"
11E8E149-E787-BD22-9ABE-12DF17AE4E1E,2020-ncaa-d3-conf-Empire 8,ncaa,6,6,5,6,7,7,7,6,7,8,8,7,3,2,5,1,7,7,8,7,2,6,6,7,7,7,1,1,8,7,7,5,4,7,7,7,4,4,4,5,6,6,6,5,,,5,7,,,7,5,3,3,7,7,3,8,8,1,1,7,7,7,4,5,6,5,7,7,4,6,6,,7,,,7,5,4,3,6,3,1,5,7,5,7,5,8,7,6,7,7,4,3,7,7,7,8,8,7,2,4,7,7,6,7,4,6,7,7,6,1,1,3,8,,,6,7,,,7,4,7,6,7,7,6,5,5,4,8,6,8,7,7,6,5,2,7,7,6,6,1,5,,6,,,"b'\x11\xe8\xe1I\xe7\x87\xbd""\x9a\xbe\x12\xdf\x17\xaeN\x1e'"
11E8E149-E787-BD22-9ABE-12DF17AE4E1E,2020-ncaa-d3-natl,ncaa,306,329,198,322,260,298,307,200,365,348,352,311,134,44,362,36,341,210,425,208,98,204,223,340,366,343,85,58,320,308,387,213,125,254,331,275,200,188,187,275,244,258,286,278,,,274,299,,,349,179,122,226,319,331,161,371,365,124,35,360,209,209,158,175,312,182,257,284,210,245,288,,308,,,347,310,268,230,260,184,182,219,378,309,383,303,288,320,164,319,322,250,214,302,297,322,357,352,246,114,125,415,387,336,331,331,330,270,302,331,79,84,172,260,,,259,271,,,349,259,354,290,343,311,287,272,210,205,374,331,303,325,325,292,263,126,410,343,332,268,94,188,,245,,,"b'\x11\xe8\xe1I\xe7\x87\xbd""\x9a\xbe\x12\xdf\x17\xaeN\x1e'"
11E8E149-E787-BD22-9ABE-12DF17AE4E1E,2021-ncaa-d3-conf-Empire 8,ncaa,4,6,1,5,1,3,3,1,5,4,3,6,1,1,4,2,4,3,6,3,1,2,1,5,5,5,1,2,5,3,6,3,7,3,7,3,7,6,4,6,1,1,3,5,,,6,3,,,6,1,3,1,5,5,3,6,6,1,1,4,4,4,4,3,5,6,5,5,5,1,5,,4,,,5,7,7,7,5,7,7,5,7,5,6,2,5,5,7,5,3,7,7,4,5,4,4,4,4,7,7,7,6,7,7,7,4,1,2,3,5,4,7,7,,,3,5,,,6,7,5,5,5,6,5,6,5,5,6,2,5,4,4,6,7,6,7,7,5,1,3,5,,5,,,"b'\x11\xe8\xe1I\xe7\x87\xbd""\x9a\xbe\x12\xdf\x17\xaeN\x1e'"
11E8E149-E787-BD22-9ABE-12DF17AE4E1E,2021-ncaa-d3-natl,ncaa,176,214,146,210,160,168,169,136,252,197,180,252,81,60,169,13,195,186,212,185,194,147,155,233,241,217,16,8,246,131,200,191,278,181,275,175,170,111,96,168,79,52,153,184,,,90,18,,,241,160,149,110,217,213,63,262,246,29,12,252,248,241,94,124,111,271,238,207,96,40,164,,32,,,229,147,178,155,217,184,168,183,163,134,241,117,90,79,227,80,14,137,146,214,198,163,59,180,24,241,278,195,200,208,275,199,196,110,90,173,116,116,197,264,,,199,271,,,241,125,215,223,232,208,248,235,238,244,211,144,32,16,17,208,231,274,268,273,245,68,112,244,,268,,,"b'\x11\xe8\xe1I\xe7\x87\xbd""\x9a\xbe\x12\xdf\x17\xaeN\x1e'"
11E8E149-E787-BD22-9ABE-12DF17AE4E1E,2022-ncaa-d3-conf-Empire 8,ncaa,6,5,6,5,6,6,7,5,7,7,7,6,4,3,7,3,7,6,9,6,4,5,7,6,7,6,3,4,6,3,6,7,4,7,7,7,9,1,1,6,3,3,6,6,,,5,6,,,5,7,6,1,6,7,3,7,7,4,3,6,6,6,3,4,3,6,5,7,1,3,6,,6,,,6,2,3,1,5,4,3,5,2,3,1,4,4,5,6,5,6,1,2,4,5,5,2,2,6,3,4,8,6,7,7,4,4,5,3,5,1,1,5,7,,,5,3,,,5,3,6,4,6,4,3,3,5,4,2,3,6,6,6,3,4,4,8,8,5,4,1,5,,3,,,"b'\x11\xe8\xe1I\xe7\x87\xbd""\x9a\xbe\x12\xdf\x17\xaeN\x1e'"
11E8E149-E787-BD22-9ABE-12DF17AE4E1E,2022-ncaa-d3-natl,ncaa,190,210,188,202,220,224,259,83,394,334,292,357,75,19,361,22,195,137,306,140,67,88,123,374,374,316,23,36,153,32,125,199,250,95,256,315,371,102,52,272,83,77,216,223,,,145,96,,,242,198,167,211,243,310,36,382,349,63,15,182,124,128,31,75,12,182,50,352,102,69,225,,120,,,241,237,276,261,234,283,212,288,230,289,98,287,134,144,163,136,138,238,238,219,204,199,148,209,104,276,250,399,125,381,256,277,235,156,170,217,140,100,263,316,,,102,144,,,242,230,265,208,243,227,259,277,268,221,208,290,129,136,134,233,264,272,402,376,268,149,142,261,,78,,,"b'\x11\xe8\xe1I\xe7\x87\xbd""\x9a\xbe\x12\xdf\x17\xaeN\x1e'"
11E8E149-E787-BD22-9ABE-12DF17AE4E1E,2023-ncaa-d3-conf-Empire 8,ncaa,5,4,5,5,3,5,6,5,8,9,9,7,2,1,5,1,5,4,10,4,1,4,6,6,7,4,1,1,6,5,7,9,6,7,9,7,8,1,1,4,3,4,9,9,,,5,8,,,4,7,9,1,4,7,3,9,9,1,1,6,3,3,3,8,4,8,7,7,1,4,9,,5,,,4,3,4,2,7,6,6,6,4,2,3,3,5,6,7,6,7,3,4,5,5,5,4,3,8,3,6,10,7,10,9,5,6,5,3,5,1,1,9,8,,,4,1,,,4,4,4,5,4,3,4,2,5,5,4,3,8,8,8,2,1,3,10,8,5,6,1,9,,3,,,"b'\x11\xe8\xe1I\xe7\x87\xbd""\x9a\xbe\x12\xdf\x17\xaeN\x1e'"
11E8E149-E787-BD22-9ABE-12DF17AE4E1E,2023-ncaa-d3-natl,ncaa,152,131,185,153,197,215,238,172,310,350,387,194,32,14,243,6,309,205,413,203,34,178,279,216,274,175,13,10,367,160,250,292,190,233,299,240,219,18,11,58,142,101,321,313,,,147,216,,,163,307,364,69,216,249,125,381,414,18,9,343,195,192,136,298,137,329,237,246,8,137,331,,149,,,166,109,129,97,239,168,134,248,100,110,155,160,183,164,279,169,218,94,115,213,228,189,157,144,232,154,190,370,250,308,299,206,279,182,132,192,15,12,176,328,,,226,164,,,163,122,149,174,163,112,137,76,179,131,104,101,188,166,169,75,90,151,372,305,208,188,10,175,,224,,,"b'\x11\xe8\xe1I\xe7\x87\xbd""\x9a\xbe\x12\xdf\x17\xaeN\x1e'"
11E8E149-E787-BD22-9ABE-12DF17AE4E1E,2024-ncaa-d3-conf-Empire 8,ncaa,6,5,7,6,7,6,6,5,7,7,8,6,3,2,8,1,6,6,3,6,2,5,7,6,6,5,1,2,3,4,4,5,4,4,4,6,4,4,4,5,6,5,7,7,,,5,5,,,5,7,5,1,4,6,3,7,8,1,1,3,5,5,3,2,2,3,3,5,4,5,7,,5,,,5,4,5,3,5,6,7,4,3,1,7,2,5,5,2,5,5,2,3,5,6,6,2,2,4,4,4,7,4,6,4,5,5,8,7,6,5,6,4,5,,,8,7,,,5,3,5,5,5,6,6,7,7,8,3,2,5,5,5,7,8,6,9,8,6,7,6,4,,7,,,"b'\x11\xe8\xe1I\xe7\x87\xbd""\x9a\xbe\x12\xdf\x17\xaeN\x1e'"
11E8E149-E787-BD22-9ABE-12DF17AE4E1E,2024-ncaa-d3-natl,ncaa,271,232,345,270,348,326,348,299,372,379,377,362,143,84,274,33,279,325,104,325,144,303,343,344,338,305,22,33,152,196,216,229,177,218,212,307,162,90,179,244,294,234,280,286,,,91,196,,,242,369,294,17,287,324,142,381,354,84,34,213,266,270,165,203,105,68,72,282,182,234,254,,180,,,244,74,93,99,132,125,166,117,105,87,240,148,95,94,204,88,120,75,62,136,126,180,169,203,167,155,177,245,216,202,212,154,251,343,302,285,202,270,188,332,,,343,292,,,242,62,275,195,244,171,198,259,219,295,175,154,161,171,163,238,199,243,354,322,224,294,273,265,,285,,,"b'\x11\xe8\xe1I\xe7\x87\xbd""\x9a\xbe\x12\xdf\x17\xaeN\x1e'"
11E8E149-E787-BD22-9ABE-12DF17AE4E1E,2025-ncaa-d3-conf-Empire 8,genius_ncaa,7,7,5,7,7,6,6,5,8,6,7,6,5,3,10,2,9,10,6,10,10,5,7,6,7,6,5,3,10,8,9,5,7,7,9,7,9,1,3,6,8,9,8,11,,,7,5,,2,6,6,3,4,6,6,2,6,7,4,2,9,10,10,3,4,8,4,6,7,3,8,9,,5,,3,6,9,10,10,8,12,12,7,2,1,5,1,7,6,7,6,3,10,7,7,7,7,2,2,7,9,7,11,9,10,9,9,4,9,10,10,2,3,6,8,,,10,10,,10,6,7,6,7,6,9,10,10,11,12,2,2,7,7,7,10,9,9,11,10,7,9,3,7,,10,,10,"b'\x11\xe8\xe1I\xe7\x87\xbd""\x9a\xbe\x12\xdf\x17\xaeN\x1e'"
11E8E149-E787-BD22-9ABE-12DF17AE4E1E,2025-ncaa-d3-natl,genius_ncaa,217,215,192,221,243,235,212,105,337,276,265,257,89,26,341,18,362,375,246,373,360,147,205,309,330,257,117,40,392,153,290,90,193,114,276,223,223,33,30,108,269,295,288,336,,,84,61,,43,257,238,198,200,236,212,45,288,283,71,18,386,391,391,81,176,141,31,58,217,36,279,284,,67,,41,257,219,311,348,184,339,378,165,137,151,157,87,54,76,97,72,22,300,222,159,97,215,35,118,52,291,193,392,290,379,276,250,146,335,373,331,56,53,267,300,,,371,403,,361,257,194,245,238,250,234,312,357,337,384,151,164,51,76,69,318,261,301,388,368,252,354,67,279,,399,,366,"b'\x11\xe8\xe1I\xe7\x87\xbd""\x9a\xbe\x12\xdf\x17\xaeN\x1e'"
11E8E149-E787-BD22-9ABE-12DF17AE4E1E,2026-ncaa-d3-conf-Empire 8,genius_ncaa,3,3,1,3,1,4,4,4,4,4,3,4,4,2,4,2,1,1,3,1,1,4,1,4,4,4,2,3,1,1,2,2,2,2,2,4,3,4,4,4,4,4,4,4,,,4,4,,1,4,1,1,1,4,4,4,4,3,4,2,1,1,1,4,1,1,2,2,4,4,4,4,,4,,1,4,3,3,3,3,3,3,3,3,2,3,2,2,3,1,3,3,4,3,3,3,3,2,3,3,2,2,2,2,2,2,3,3,2,3,3,4,4,2,3,,,2,2,,1,4,3,4,3,4,3,3,3,3,3,3,2,2,3,3,4,3,2,2,2,3,2,4,2,,2,,1,"b'\x11\xe8\xe1I\xe7\x87\xbd""\x9a\xbe\x12\xdf\x17\xaeN\x1e'"
11E8E149-E787-BD22-9ABE-12DF17AE4E1E,2026-ncaa-d3-natl,genius_ncaa,98,68,215,92,249,255,220,184,302,291,270,270,89,56,229,23,386,380,316,376,393,218,261,263,301,256,118,17,410,148,205,73,95,99,125,84,8,86,71,37,291,283,100,118,,,123,124,,104,71,275,202,113,225,170,38,261,239,47,12,405,405,403,81,150,83,3,7,33,88,264,69,,133,,111,62,48,71,193,3,114,214,16,29,159,3,159,23,77,4,76,27,168,145,2,2,6,27,81,70,201,95,270,205,255,125,79,191,299,289,161,112,104,47,44,,,384,412,,381,71,138,221,6,64,14,46,314,117,319,15,204,12,48,53,255,222,265,373,351,77,291,129,45,,414,,389,"b'\x11\xe8\xe1I\xe7\x87\xbd""\x9a\xbe\x12\xdf\x17\xaeN\x1e'"
11E8E149-E78B-EAD2-9ABE-12DF17AE4E1E,2018-ncaa-d3-natl,ncaa,400,114,439,353,439,438,435,439,238,431,438,214,438,440,420,394,441,440,427,440,435,439,439,307,355,365,442,423,435,439,320,440,417,440,389,414,2,8,375,187,437,234,192,12,,,5,59,,,303,439,74,303,333,196,152,68,49,418,398,424,405,402,206,111,239,263,276,33,387,166,4,,140,,,370,7,6,5,274,6,5,233,8,7,308,134,9,7,202,7,137,6,6,271,250,245,138,176,167,10,417,7,320,7,389,8,404,438,190,308,31,428,3,14,,,441,439,,,303,6,375,302,362,355,358,382,366,386,259,219,263,263,265,378,398,413,354,396,401,112,426,44,,429,,,b'\x11\xe8\xe1I\xe7\x8b\xea\xd2\x9a\xbe\x12\xdf\x17\xaeN\x1e'
11E8E149-E78B-EAD2-9ABE-12DF17AE4E1E,2019-ncaa-d3-conf-ACAA,ncaa,1,2,2,2,2,2,2,2,2,2,2,2,2,3,1,3,5,5,2,5,6,2,3,2,2,2,4,3,6,4,6,2,5,2,5,1,1,4,3,2,2,3,2,4,,,5,4,,,2,2,2,1,2,2,2,2,3,2,4,6,6,6,3,5,6,3,4,2,2,3,2,,4,,,2,4,4,5,2,4,4,3,5,5,2,4,5,5,3,5,4,5,5,2,2,2,4,2,5,5,5,5,6,5,5,4,1,3,4,2,4,2,2,1,,,3,6,,,2,5,2,2,2,2,3,5,3,4,3,5,5,5,4,6,6,6,4,6,2,3,2,1,,6,,,b'\x11\xe8\xe1I\xe7\x8b\xea\xd2\x9a\xbe\x12\xdf\x17\xaeN\x1e'
11E8E149-E78B-EAD2-9ABE-12DF17AE4E1E,2019-ncaa-d3-natl,ncaa,375,185,435,347,436,426,415,413,393,402,383,396,404,408,363,296,436,437,157,437,443,423,436,404,410,372,389,252,431,345,196,431,401,421,363,364,32,5,28,52,410,283,389,356,,,8,19,,,335,436,89,348,293,179,10,145,12,284,193,426,435,437,24,54,40,187,60,73,84,222,294,,49,,,367,10,19,12,306,63,34,318,10,11,88,95,13,9,254,9,35,9,9,245,206,274,17,57,55,92,401,35,196,37,363,54,275,428,362,384,8,131,34,82,,,438,443,,,335,8,340,346,362,371,408,415,423,424,137,208,134,125,130,410,398,419,433,427,394,272,186,226,,440,,,b'\x11\xe8\xe1I\xe7\x8b\xea\xd2\x9a\xbe\x12\xdf\x17\xaeN\x1e'
11E8E149-E78B-EAD2-9ABE-12DF17AE4E1E,2020-ncaa-d3-conf-AMCC,ncaa,8,8,7,8,8,7,7,8,8,7,4,9,10,9,8,10,10,10,7,10,10,8,9,9,8,7,10,9,10,9,10,7,9,9,10,5,1,3,7,3,9,8,2,2,,,3,1,,,8,7,2,6,7,7,5,4,2,10,9,10,10,10,7,7,9,5,9,2,5,8,1,,5,,,8,11,10,9,5,10,10,4,7,5,8,4,8,8,10,8,7,9,8,4,6,8,6,5,6,11,9,11,10,11,10,9,8,9,10,11,8,9,3,2,,,11,11,,,8,5,8,9,8,11,10,11,11,11,8,7,10,8,8,11,10,11,11,11,10,8,9,4,,11,,,b'\x11\xe8\xe1I\xe7\x8b\xea\xd2\x9a\xbe\x12\xdf\x17\xaeN\x1e'
11E8E149-E78B-EAD2-9ABE-12DF17AE4E1E,2020-ncaa-d3-natl,ncaa,324,345,198,337,280,274,222,153,281,153,72,306,333,327,301,342,366,379,250,379,428,194,227,321,338,308,396,331,391,317,383,195,392,248,389,101,15,139,148,68,201,248,90,141,,,85,42,,,341,182,124,303,284,210,89,114,35,335,326,387,395,396,145,185,324,156,246,56,165,181,80,,73,,,340,352,339,373,185,353,380,185,237,262,178,160,300,278,357,276,160,380,338,166,177,272,159,164,231,415,392,406,383,423,389,361,320,289,357,362,292,303,118,63,,,400,429,,,341,238,324,322,340,342,332,391,348,398,255,284,313,287,286,397,375,411,402,416,350,287,305,118,,421,,,b'\x11\xe8\xe1I\xe7\x8b\xea\xd2\x9a\xbe\x12\xdf\x17\xaeN\x1e'
11E8E149-E78B-EAD2-9ABE-12DF17AE4E1E,2022-ncaa-d3-conf-AMCC,ncaa,4,4,2,4,3,4,4,4,5,4,2,6,6,8,3,8,4,2,7,2,6,4,3,5,5,6,6,7,3,1,3,2,8,2,5,5,7,7,5,5,7,8,4,5,,,3,2,,,5,3,5,3,4,4,4,4,2,7,8,5,3,3,4,4,2,2,1,5,5,8,4,,3,,,5,8,8,9,5,8,9,7,7,8,3,6,4,3,3,4,2,9,9,3,4,6,3,5,2,9,8,7,3,8,5,8,5,8,9,8,5,4,7,6,,,2,4,,,5,7,4,7,5,7,7,8,8,8,5,7,4,4,3,8,6,8,5,6,6,9,4,6,,2,,,b'\x11\xe8\xe1I\xe7\x8b\xea\xd2\x9a\xbe\x12\xdf\x17\xaeN\x1e'
11E8E149-E78B-EAD2-9ABE-12DF17AE4E1E,2022-ncaa-d3-natl,ncaa,210,257,107,241,162,186,149,78,267,100,24,323,311,337,220,386,270,212,366,211,389,89,88,305,329,296,386,347,311,20,32,90,341,51,167,223,345,269,175,259,254,320,216,290,,,113,41,,,277,142,194,290,235,169,69,97,23,339,369,319,254,251,83,91,13,95,28,268,219,292,249,,54,,,268,341,384,400,196,390,405,198,255,306,132,173,112,123,135,120,26,388,335,171,131,246,57,169,46,401,341,304,32,371,167,367,229,303,386,378,259,189,195,71,,,171,287,,,277,285,246,296,267,282,339,387,348,391,203,262,73,77,77,372,302,375,246,330,318,364,221,172,,220,,,b'\x11\xe8\xe1I\xe7\x8b\xea\xd2\x9a\xbe\x12\xdf\x17\xaeN\x1e'
11E8E149-E78B-EAD2-9ABE-12DF17AE4E1E,2023-ncaa-d3-conf-AMCC,ncaa,7,7,7,7,7,7,6,8,3,4,7,3,8,8,7,7,8,6,8,6,4,8,8,3,5,5,7,8,6,8,6,8,7,8,7,5,3,5,7,5,8,8,4,3,,,1,2,,,6,8,8,1,5,5,7,4,7,8,8,8,6,6,7,8,7,6,8,4,5,8,3,,2,,,6,3,4,1,4,1,1,8,7,8,4,8,2,2,5,2,2,1,1,6,6,7,6,8,2,5,7,2,6,2,7,5,8,8,8,8,5,5,4,5,,,5,1,,,6,1,5,7,7,6,7,7,4,1,7,8,2,2,2,5,2,6,4,4,7,8,5,4,,1,,,b'\x11\xe8\xe1I\xe7\x8b\xea\xd2\x9a\xbe\x12\xdf\x17\xaeN\x1e'
11E8E149-E78B-EAD2-9ABE-12DF17AE4E1E,2023-ncaa-d3-natl,ncaa,357,345,333,361,337,377,340,368,298,263,263,254,397,383,412,347,385,332,415,330,306,370,337,342,367,377,408,393,309,205,127,267,396,247,268,285,92,349,392,336,397,404,289,289,,,17,8,,,362,363,276,49,375,330,332,209,160,403,378,389,302,297,343,200,118,119,108,240,381,396,265,,8,,,364,165,265,305,154,195,187,198,355,388,175,385,20,25,75,24,21,228,133,190,116,246,207,387,18,402,396,76,127,231,268,337,348,389,405,400,372,389,165,206,,,263,144,,,362,68,359,345,368,301,345,396,299,328,389,418,24,30,28,378,309,409,171,346,367,381,384,217,,142,,,b'\x11\xe8\xe1I\xe7\x8b\xea\xd2\x9a\xbe\x12\xdf\x17\xaeN\x1e'
11E8E149-E78B-EAD2-9ABE-12DF17AE4E1E,2024-ncaa-d3-conf-AMCC,ncaa,8,7,7,8,8,8,8,8,5,6,7,5,8,8,8,8,5,4,9,4,2,8,8,6,6,8,8,9,4,8,7,6,3,8,5,7,6,8,8,8,8,7,9,8,,,5,6,,,7,8,6,9,8,7,8,6,7,8,8,5,2,3,8,8,8,6,8,6,8,7,9,,5,,,7,5,6,6,5,5,3,7,7,9,5,9,4,5,4,5,5,5,4,6,6,6,8,9,5,3,3,4,7,3,5,9,10,8,6,9,7,7,9,8,,,1,1,,,7,3,8,6,7,7,6,5,6,4,8,8,5,5,5,5,4,3,4,4,9,6,7,8,,1,,,b'\x11\xe8\xe1I\xe7\x8b\xea\xd2\x9a\xbe\x12\xdf\x17\xaeN\x1e'
11E8E149-E78B-EAD2-9ABE-12DF17AE4E1E,2024-ncaa-d3-natl,ncaa,339,361,200,349,252,269,277,266,289,262,233,268,283,248,333,255,179,104,387,104,70,245,197,305,314,332,232,285,98,283,295,159,173,219,220,256,175,333,317,313,357,382,382,391,,,119,83,,,324,162,107,226,297,295,273,263,229,289,261,167,77,77,229,157,286,117,192,263,326,375,389,,128,,,322,278,331,341,244,323,260,324,308,385,81,361,72,85,66,81,69,309,259,239,187,265,110,269,46,202,173,230,295,218,220,380,372,292,335,381,338,322,371,363,,,66,34,,,324,273,338,243,313,301,342,367,327,278,313,391,62,89,76,349,295,215,248,241,365,296,323,369,,32,,,b'\x11\xe8\xe1I\xe7\x8b\xea\xd2\x9a\xbe\x12\xdf\x17\xaeN\x1e'
11E8E149-E78B-EAD2-9ABE-12DF17AE4E1E,2025-ncaa-d3-conf-AMCC,genius_ncaa,6,6,3,6,3,6,6,6,6,5,3,6,8,8,8,9,3,3,8,3,2,5,5,7,6,6,8,9,1,4,4,5,5,5,5,7,8,6,6,7,6,6,7,6,,,8,9,,7,6,5,6,3,7,7,7,4,3,8,8,3,2,3,6,7,4,6,6,7,6,7,7,,8,,8,6,5,5,5,5,4,2,5,8,8,7,9,4,4,6,4,7,6,4,6,6,6,9,9,5,6,5,7,4,7,5,6,8,6,6,5,5,5,8,8,,,2,2,,5,6,5,6,6,6,6,5,4,3,1,8,9,4,5,5,4,4,5,6,5,5,6,5,8,,2,,5,b'\x11\xe8\xe1I\xe7\x8b\xea\xd2\x9a\xbe\x12\xdf\x17\xaeN\x1e'
11E8E149-E78B-EAD2-9ABE-12DF17AE4E1E,2025-ncaa-d3-natl,genius_ncaa,326,356,192,339,248,297,295,218,347,226,120,353,362,349,364,363,177,129,319,131,202,198,156,362,355,350,328,366,71,153,156,242,233,212,215,312,288,337,311,348,176,197,320,314,,,281,265,,236,319,156,88,258,323,318,181,222,83,368,359,144,93,99,158,104,141,235,175,328,332,168,324,,308,,251,317,270,231,242,181,138,132,210,364,367,262,371,275,276,216,266,316,257,265,230,238,234,368,358,233,226,233,211,156,214,215,328,361,164,191,274,331,305,411,394,,,131,149,,155,319,269,341,223,318,285,244,268,159,142,351,362,308,304,299,284,297,219,230,225,319,141,320,412,,99,,154,b'\x11\xe8\xe1I\xe7\x8b\xea\xd2\x9a\xbe\x12\xdf\x17\xaeN\x1e'
11E8E149-E78B-EAD2-9ABE-12DF17AE4E1E,2026-ncaa-d3-conf-AMCC,genius_ncaa,7,7,4,7,4,8,8,4,8,8,4,8,8,6,9,6,6,8,2,7,6,5,5,9,8,8,4,6,2,5,5,6,5,6,6,8,8,3,4,8,6,6,6,9,,,4,6,,6,7,5,5,2,8,8,3,8,4,9,4,5,6,5,4,5,4,6,6,8,4,6,7,,6,,6,7,4,2,4,5,2,4,2,5,4,6,4,4,5,4,5,5,4,6,5,6,5,8,7,6,3,5,5,5,5,6,6,7,6,6,7,4,6,7,7,,,6,3,,1,7,5,8,5,7,6,4,5,3,5,6,6,5,7,7,5,6,5,7,7,6,6,6,7,,3,,1,b'\x11\xe8\xe1I\xe7\x8b\xea\xd2\x9a\xbe\x12\xdf\x17\xaeN\x1e'
11E8E149-E78B-EAD2-9ABE-12DF17AE4E1E,2026-ncaa-d3-natl,genius_ncaa,288,329,116,323,139,242,280,123,396,291,102,402,199,167,279,260,152,84,355,87,168,115,122,391,389,363,108,163,84,38,86,176,140,102,158,271,211,263,183,300,168,199,334,350,,,357,375,,370,278,151,163,113,335,350,84,350,96,231,196,164,89,95,74,82,29,203,82,322,233,195,359,,369,,375,273,218,183,202,149,172,203,121,237,203,270,172,318,364,98,365,365,231,248,162,176,159,320,233,351,171,140,309,86,271,158,309,388,141,159,246,270,216,403,389,,,119,202,,39,278,262,332,148,278,160,113,124,108,142,211,152,322,357,364,176,194,141,329,252,299,153,245,407,,124,,43,b'\x11\xe8\xe1I\xe7\x8b\xea\xd2\x9a\xbe\x12\xdf\x17\xaeN\x1e'
11E8E149-E790-20FC-9ABE-12DF17AE4E1E,2018-ncaa-d3-conf-NCAC,ncaa,8,8,5,8,7,8,8,7,8,6,6,5,8,6,8,5,6,7,3,7,7,8,8,8,8,7,7,6,7,9,9,6,9,8,9,7,5,7,7,7,9,9,5,7,,,5,2,,,9,5,4,7,8,8,4,6,5,7,6,6,7,7,6,5,9,6,9,7,7,9,4,,6,,,9,8,9,7,8,9,7,8,7,4,8,4,7,8,2,7,4,7,7,7,7,8,3,5,4,9,9,9,9,9,9,8,3,8,9,9,6,8,2,4,,,6,5,,,9,6,8,9,9,9,9,9,9,9,7,7,7,8,7,9,9,9,9,9,7,8,6,5,,6,,,b'\x11\xe8\xe1I\xe7\x90 \xfc\x9a\xbe\x12\xdf\x17\xaeN\x1e'
11E8E149-E790-20FC-9ABE-12DF17AE4E1E,2018-ncaa-d3-natl,ncaa,364,379,305,377,346,337,317,282,334,271,245,311,329,281,372,231,351,397,105,397,403,318,336,349,345,319,325,284,321,390,413,296,355,353,399,349,362,116,191,286,384,398,298,338,,,97,84,,,388,302,177,303,338,295,181,252,171,312,239,354,398,397,243,274,384,236,343,352,169,390,289,,123,,,386,340,399,315,391,400,376,344,222,126,392,76,108,115,144,123,59,277,173,368,338,390,47,146,59,331,355,331,413,342,399,287,98,400,421,399,153,237,101,113,,,397,388,,,388,144,343,410,388,388,409,389,413,413,259,152,138,148,154,374,297,359,389,381,322,402,209,116,,402,,,b'\x11\xe8\xe1I\xe7\x90 \xfc\x9a\xbe\x12\xdf\x17\xaeN\x1e'
11E8E149-E790-20FC-9ABE-12DF17AE4E1E,2019-ncaa-d3-conf-NCAC,ncaa,8,9,5,9,8,9,9,5,9,8,5,8,7,6,8,6,7,6,7,6,6,7,6,9,9,9,3,3,6,5,6,6,8,6,9,9,7,8,9,9,7,9,6,7,,,9,8,,,9,5,2,9,9,9,3,9,4,6,4,7,6,6,4,2,4,6,7,9,8,6,7,,9,,,9,9,8,8,6,9,9,6,3,3,5,1,9,9,5,9,8,9,8,6,6,8,3,2,8,9,8,9,6,9,9,8,9,7,9,9,8,9,9,9,,,7,7,,,9,5,9,9,9,8,7,8,9,9,4,4,9,9,9,8,8,9,9,9,8,6,9,9,,6,,,b'\x11\xe8\xe1I\xe7\x90 \xfc\x9a\xbe\x12\xdf\x17\xaeN\x1e'
11E8E149-E790-20FC-9ABE-12DF17AE4E1E,2019-ncaa-d3-natl,ncaa,356,399,129,379,179,273,271,138,382,297,154,398,157,143,219,180,295,319,161,317,369,164,169,367,363,336,137,118,285,139,264,273,396,226,377,309,344,211,177,305,331,380,234,305,,,350,308,,,401,184,228,235,334,332,132,352,181,182,159,328,360,364,170,208,158,347,274,365,173,358,247,,338,,,394,427,402,359,357,412,378,352,206,192,246,97,424,408,406,410,319,380,323,325,361,406,153,74,342,415,396,392,264,407,377,380,252,328,393,395,252,234,387,355,,,306,365,,,401,267,330,419,396,400,365,336,378,369,182,167,421,392,396,371,300,386,377,386,347,373,222,379,,373,,,b'\x11\xe8\xe1I\xe7\x90 \xfc\x9a\xbe\x12\xdf\x17\xaeN\x1e'
11E8E149-E790-20FC-9ABE-12DF17AE4E1E,2020-ncaa-d3-conf-NCAC,ncaa,5,5,5,5,5,5,4,5,3,3,4,3,8,8,5,8,5,3,9,3,3,6,4,3,3,7,8,9,5,4,4,2,4,3,4,7,8,9,8,8,7,8,7,8,,,8,8,,,6,3,2,1,2,2,5,2,1,7,7,5,3,2,3,2,4,2,2,7,9,6,8,,8,,,6,8,6,7,6,6,7,6,4,8,2,4,7,8,5,8,7,9,8,6,6,7,4,3,7,7,4,6,4,6,4,8,9,8,9,8,8,6,6,6,,,4,5,,,6,7,6,7,6,7,7,8,6,8,7,9,7,8,8,9,9,7,6,7,7,8,8,7,,4,,,b'\x11\xe8\xe1I\xe7\x90 \xfc\x9a\xbe\x12\xdf\x17\xaeN\x1e'
11E8E149-E790-20FC-9ABE-12DF17AE4E1E,2020-ncaa-d3-natl,ncaa,237,275,126,265,136,196,174,237,117,118,147,117,303,324,208,328,150,126,276,125,178,211,172,153,162,209,332,340,183,226,195,187,240,210,197,279,396,351,336,338,274,313,374,400,,,337,315,,,296,153,203,74,213,193,298,109,172,316,348,167,133,131,274,207,241,231,253,317,323,300,389,,317,,,294,378,388,326,355,417,372,369,99,139,82,73,354,357,222,360,246,345,282,309,315,358,41,26,260,255,240,155,195,199,197,364,260,301,352,372,319,306,225,195,,,168,182,,,296,292,234,333,295,329,337,277,394,352,82,110,324,331,330,300,237,235,123,166,338,346,301,213,,182,,,b'\x11\xe8\xe1I\xe7\x90 \xfc\x9a\xbe\x12\xdf\x17\xaeN\x1e'
11E8E149-E790-20FC-9ABE-12DF17AE4E1E,2021-ncaa-d3-natl,ncaa,148,1,246,1,248,234,232,244,65,225,245,13,230,226,228,43,260,261,77,257,277,245,246,79,104,87,257,144,280,215,5,233,44,228,4,215,43,36,56,15,246,141,209,66,,,33,68,,,72,247,30,110,14,2,3,5,21,58,11,258,272,267,6,5,1,1,1,4,143,109,39,,123,,,18,33,34,41,22,32,40,21,35,45,38,157,21,32,2,31,46,40,38,17,10,22,83,175,33,41,44,37,5,35,4,34,94,251,209,123,29,20,44,100,,,266,285,,,72,39,24,23,19,59,110,259,120,251,112,222,22,99,87,251,238,204,123,160,93,167,44,155,,283,,,b'\x11\xe8\xe1I\xe7\x90 \xfc\x9a\xbe\x12\xdf\x17\xaeN\x1e'
11E8E149-E790-20FC-9ABE-12DF17AE4E1E,2022-ncaa-d3-conf-NCAC,ncaa,9,8,8,9,9,9,8,9,5,6,6,5,9,9,7,9,9,9,9,9,9,9,9,7,8,8,9,9,8,8,8,7,6,7,6,9,9,8,9,9,8,7,7,6,,,2,4,,,8,9,4,7,8,8,9,6,4,9,9,9,8,7,9,7,8,5,7,8,9,7,6,,4,,,8,5,6,2,6,6,3,7,2,2,4,3,8,8,6,8,9,3,3,6,6,7,4,2,7,6,6,3,8,4,6,6,8,7,7,7,8,9,2,2,,,9,6,,,8,1,8,7,8,6,6,5,6,5,4,4,9,8,9,6,7,6,5,6,6,7,9,2,,7,,,b'\x11\xe8\xe1I\xe7\x90 \xfc\x9a\xbe\x12\xdf\x17\xaeN\x1e'
11E8E149-E790-20FC-9ABE-12DF17AE4E1E,2022-ncaa-d3-natl,ncaa,351,365,250,360,285,295,236,301,165,138,138,176,406,404,403,412,320,255,400,244,309,290,277,252,287,317,422,419,267,287,280,270,283,284,278,350,417,318,349,374,205,201,180,181,,,172,184,,,343,262,153,290,318,218,306,81,71,416,414,327,211,197,295,212,284,258,270,365,334,182,153,,211,,,338,265,276,176,326,307,212,340,137,150,174,128,299,326,112,327,317,205,179,301,304,293,128,94,270,249,283,158,280,184,278,306,278,231,253,304,333,359,120,79,,,297,281,,,343,173,324,309,335,309,316,253,338,286,148,161,335,354,359,287,279,283,210,243,323,219,345,131,,284,,,b'\x11\xe8\xe1I\xe7\x90 \xfc\x9a\xbe\x12\xdf\x17\xaeN\x1e'
11E8E149-E790-20FC-9ABE-12DF17AE4E1E,2023-ncaa-d3-conf-PAC,ncaa,5,5,5,5,5,7,6,5,6,3,3,7,11,11,11,11,10,11,2,11,11,5,6,8,8,8,11,11,10,3,2,7,6,7,5,7,7,2,3,5,8,8,3,3,,,9,10,,,7,11,8,3,6,4,3,2,2,11,10,10,11,11,4,6,3,7,5,6,4,8,2,,9,,,7,7,6,3,6,4,5,5,8,4,10,4,6,5,9,5,6,3,2,7,7,7,8,5,6,5,6,3,2,5,5,5,4,8,8,6,4,4,3,2,,,10,9,,,7,1,5,7,7,7,6,5,6,6,8,5,7,6,6,6,4,6,4,6,7,8,4,3,,9,,,b'\x11\xe8\xe1I\xe7\x90 \xfc\x9a\xbe\x12\xdf\x17\xaeN\x1e'
11E8E149-E790-20FC-9ABE-12DF17AE4E1E,2023-ncaa-d3-natl,ncaa,188,223,109,207,182,188,115,68,229,52,25,225,361,325,387,381,352,369,212,368,428,101,116,293,317,273,423,394,422,63,106,123,285,89,187,129,218,165,100,132,211,263,31,47,,,300,249,,,260,161,208,424,234,112,53,45,18,380,355,393,407,403,88,143,68,138,76,135,142,245,34,,278,,,257,319,293,354,136,271,366,88,314,262,334,190,295,268,336,248,151,354,296,149,162,236,275,280,225,343,285,298,106,338,187,255,162,277,348,286,285,245,329,166,,,344,417,,,260,266,240,273,255,260,247,318,218,327,280,224,268,230,218,312,245,318,257,285,215,327,257,317,,403,,,b'\x11\xe8\xe1I\xe7\x90 \xfc\x9a\xbe\x12\xdf\x17\xaeN\x1e'
11E8E149-E790-20FC-9ABE-12DF17AE4E1E,2024-ncaa-d3-conf-PAC,ncaa,5,3,4,4,4,5,4,3,4,1,1,5,8,8,5,10,8,9,6,9,11,3,3,4,6,6,11,9,11,4,4,3,5,2,4,3,2,7,8,3,4,5,2,3,,,10,9,,,3,3,5,1,5,4,4,1,1,8,8,9,10,10,4,4,5,2,3,3,7,4,2,,10,,,3,5,5,9,1,6,9,1,1,2,1,2,10,10,10,10,7,9,8,1,1,2,4,1,11,9,5,8,4,8,4,4,2,4,9,2,7,3,6,3,,,6,8,,,3,9,6,2,3,5,4,7,6,9,1,1,10,10,10,8,7,8,5,7,4,6,6,4,,7,,,b'\x11\xe8\xe1I\xe7\x90 \xfc\x9a\xbe\x12\xdf\x17\xaeN\x1e'
11E8E149-E790-20FC-9ABE-12DF17AE4E1E,2024-ncaa-d3-natl,ncaa,184,206,112,192,128,148,94,66,164,66,39,196,228,256,177,330,349,354,269,353,420,91,99,190,228,202,393,305,413,145,218,44,242,77,190,53,54,193,120,60,188,261,19,46,,,232,133,,,170,99,133,67,146,69,38,45,32,251,282,385,387,389,71,101,158,18,51,37,166,211,18,,199,,,171,267,257,387,56,289,392,61,149,258,45,132,306,300,277,296,147,391,343,40,43,116,167,114,295,374,242,338,218,367,190,245,225,287,369,302,224,156,361,214,,,300,386,,,170,313,207,158,188,208,208,371,249,381,135,237,294,277,275,376,322,351,306,329,218,332,192,345,,364,,,b'\x11\xe8\xe1I\xe7\x90 \xfc\x9a\xbe\x12\xdf\x17\xaeN\x1e'
11E8E149-E790-20FC-9ABE-12DF17AE4E1E,2025-ncaa-d3-conf-PAC,genius_ncaa,3,2,6,3,8,3,3,6,2,3,5,5,6,8,1,9,8,8,4,8,10,7,9,3,4,3,9,7,10,6,5,3,3,5,2,1,2,4,4,3,10,10,4,4,,,2,5,,6,3,10,5,5,3,2,3,1,2,6,8,8,8,7,4,5,6,2,3,1,5,10,2,,3,,6,3,4,5,7,4,6,10,2,2,1,8,1,4,2,11,2,1,6,1,4,4,5,4,4,5,2,3,2,5,2,2,3,2,9,9,6,2,3,1,1,,,7,7,,5,3,2,3,5,3,6,6,7,6,10,4,2,5,2,2,6,5,3,4,3,3,9,3,1,,7,,4,b'\x11\xe8\xe1I\xe7\x90 \xfc\x9a\xbe\x12\xdf\x17\xaeN\x1e'
11E8E149-E790-20FC-9ABE-12DF17AE4E1E,2025-ncaa-d3-natl,genius_ncaa,57,75,36,74,50,53,32,27,74,24,18,137,132,188,81,316,257,289,118,287,416,38,42,103,130,122,368,263,403,93,204,4,64,11,67,25,76,268,133,62,304,384,41,123,,,168,49,,201,103,34,94,258,78,38,47,26,33,194,274,337,370,368,73,106,154,1,11,24,180,371,65,,62,,165,109,353,376,415,37,366,418,29,292,348,131,134,163,119,353,114,12,412,388,41,30,131,105,204,88,323,64,378,204,377,67,198,44,319,400,289,278,169,141,34,,,222,379,,250,103,384,127,132,113,193,254,390,259,396,205,246,81,49,47,373,292,242,270,265,111,396,198,79,,351,,290,b'\x11\xe8\xe1I\xe7\x90 \xfc\x9a\xbe\x12\xdf\x17\xaeN\x1e'
11E8E149-E790-20FC-9ABE-12DF17AE4E1E,2026-ncaa-d3-conf-PAC,genius_ncaa,1,1,1,1,3,1,1,8,1,1,3,1,9,12,6,12,4,3,4,3,6,8,4,1,1,4,11,11,5,8,6,1,5,2,2,1,4,11,11,7,10,11,7,10,,,6,2,,1,2,4,2,3,1,1,8,1,3,9,12,4,3,3,8,4,8,1,2,1,11,10,7,,6,,1,2,4,4,12,2,6,12,2,2,9,2,7,6,9,6,8,4,12,11,1,1,2,2,2,9,11,5,4,6,6,2,4,5,10,11,10,10,11,3,3,,,3,4,,5,2,10,5,3,2,4,4,12,6,12,2,9,6,9,8,12,11,11,4,6,4,10,10,3,,3,,5,b'\x11\xe8\xe1I\xe7\x90 \xfc\x9a\xbe\x12\xdf\x17\xaeN\x1e'
11E8E149-E790-20FC-9ABE-12DF17AE4E1E,2026-ncaa-d3-natl,genius_ncaa,288,200,327,282,337,294,280,325,146,249,298,132,282,304,231,252,287,334,67,327,278,326,339,165,160,150,300,271,236,339,288,238,260,289,226,235,124,73,155,112,384,389,283,297,,,70,94,,45,199,336,95,113,109,92,90,84,96,221,211,149,238,226,104,135,259,12,59,70,178,375,222,,166,,72,196,105,121,156,95,135,203,55,111,84,220,67,117,135,72,127,120,147,100,76,60,200,151,167,186,234,260,117,288,146,226,84,93,388,405,326,170,283,20,12,,,338,274,,236,199,78,177,247,201,285,300,389,302,402,224,214,237,307,289,390,343,365,300,350,197,380,297,21,,232,,192,b'\x11\xe8\xe1I\xe7\x90 \xfc\x9a\xbe\x12\xdf\x17\xaeN\x1e'
11E8E149-E794-5F50-9ABE-12DF17AE4E1E,2018-ncaa-d3-conf-Michigan Intercol. Ath. Assn.,ncaa,7,7,5,7,8,6,7,9,5,6,8,5,9,9,9,6,6,7,5,7,5,9,8,5,5,5,7,8,2,9,7,7,6,8,5,5,1,8,9,6,8,8,2,2,,,3,3,,,8,8,6,7,6,7,9,6,8,9,8,6,7,7,9,7,8,7,8,4,8,8,1,,4,,,8,8,7,3,9,6,4,6,8,5,9,6,5,5,8,5,5,4,1,9,9,9,8,8,4,4,6,1,7,2,5,8,7,7,7,8,7,7,5,8,,,8,6,,,8,2,6,8,7,8,7,5,6,6,8,7,5,5,5,5,4,5,2,5,8,7,7,5,,8,,,b'\x11\xe8\xe1I\xe7\x94_P\x9a\xbe\x12\xdf\x17\xaeN\x1e'
11E8E149-E794-5F50-9ABE-12DF17AE4E1E,2018-ncaa-d3-natl,ncaa,364,327,390,370,403,385,372,419,219,350,417,104,373,338,390,164,358,385,200,387,207,420,420,228,223,307,305,304,209,400,246,391,198,406,198,233,6,233,401,253,405,366,117,51,,,41,131,,,371,416,310,303,356,332,412,284,378,335,262,314,331,330,412,352,339,295,344,122,373,383,69,,80,,,376,135,120,49,358,43,24,270,413,268,443,402,98,80,368,81,277,37,23,407,405,425,423,437,122,57,198,21,246,27,198,293,400,415,362,412,130,303,206,389,,,417,302,,,371,28,319,411,379,348,318,225,164,103,439,389,202,161,171,213,113,164,83,102,380,391,269,311,,364,,,b'\x11\xe8\xe1I\xe7\x94_P\x9a\xbe\x12\xdf\x17\xaeN\x1e'
11E8E149-E794-5F50-9ABE-12DF17AE4E1E,2019-ncaa-d3-conf-Michigan Intercol. Ath. Assn.,ncaa,3,4,1,4,3,4,3,3,3,2,2,2,8,7,8,8,6,8,4,8,9,5,2,4,4,5,9,9,9,3,3,1,4,2,2,4,4,9,9,6,9,9,1,1,,,8,6,,,5,2,7,3,5,4,6,3,3,9,9,8,9,9,8,6,3,1,2,5,9,9,1,,6,,,5,7,6,9,3,7,9,4,5,7,3,3,7,8,4,8,7,9,9,3,3,5,5,2,7,7,4,3,3,5,2,4,3,7,9,7,6,4,4,3,,,7,8,,,5,8,5,5,5,4,5,7,6,8,3,6,6,6,6,8,6,6,2,4,3,9,4,4,,9,,,b'\x11\xe8\xe1I\xe7\x94_P\x9a\xbe\x12\xdf\x17\xaeN\x1e'
11E8E149-E794-5F50-9ABE-12DF17AE4E1E,2019-ncaa-d3-natl,ncaa,169,134,317,160,345,298,256,341,132,220,326,76,277,257,302,168,372,400,120,402,385,365,344,146,164,242,332,236,382,348,267,166,124,253,129,282,309,306,369,324,400,398,34,22,,,139,222,,,239,338,216,320,268,193,307,172,292,254,211,369,399,403,355,274,324,54,138,252,344,394,19,,208,,,242,129,109,147,125,136,179,126,129,165,122,186,298,267,324,267,287,157,99,110,143,221,269,164,349,154,124,82,267,97,129,30,32,374,375,196,108,186,144,230,,,387,383,,,239,106,266,216,242,214,179,273,197,271,172,225,344,319,325,294,202,209,141,157,71,378,155,181,,405,,,b'\x11\xe8\xe1I\xe7\x94_P\x9a\xbe\x12\xdf\x17\xaeN\x1e'
11E8E149-E794-5F50-9ABE-12DF17AE4E1E,2020-ncaa-d3-conf-Michigan Intercol. Ath. Assn.,ncaa,5,5,5,5,5,5,5,6,5,5,5,5,8,8,8,7,6,6,4,6,8,6,7,5,5,5,8,8,6,8,8,6,3,7,7,5,5,3,5,5,7,7,7,7,,,8,9,,,5,7,8,3,5,5,8,5,4,8,8,6,6,6,8,9,8,6,8,5,3,8,7,,7,,,5,4,3,3,4,4,4,5,3,2,5,3,8,8,6,8,9,3,1,4,5,5,4,3,8,3,3,6,8,4,7,3,1,6,6,5,3,3,6,5,,,7,7,,,5,3,5,5,5,5,4,3,4,4,3,3,6,7,7,4,2,3,7,4,3,6,3,6,,9,,,b'\x11\xe8\xe1I\xe7\x94_P\x9a\xbe\x12\xdf\x17\xaeN\x1e'
11E8E149-E794-5F50-9ABE-12DF17AE4E1E,2020-ncaa-d3-natl,ncaa,215,245,126,234,169,298,293,302,263,259,265,240,293,270,305,238,316,325,224,332,323,317,348,277,282,265,288,261,259,359,391,178,95,276,281,272,239,103,180,220,396,391,185,181,,,241,345,,,279,329,397,292,357,342,376,305,318,314,288,351,360,367,389,421,390,214,332,313,78,411,190,,232,,,273,131,98,132,121,135,187,135,82,118,88,129,350,321,364,321,325,158,95,105,148,237,254,106,381,99,95,312,391,228,281,47,47,364,348,191,30,53,285,298,,,357,314,,,279,114,292,218,274,110,85,84,120,144,65,85,320,294,291,110,38,87,264,191,36,396,24,266,,404,,,b'\x11\xe8\xe1I\xe7\x94_P\x9a\xbe\x12\xdf\x17\xaeN\x1e'
11E8E149-E794-5F50-9ABE-12DF17AE4E1E,2021-ncaa-d3-conf-Michigan Intercol. Ath. Assn.,ncaa,3,5,1,4,2,4,4,4,3,4,3,3,3,3,4,6,3,4,3,4,4,4,3,3,3,3,6,6,4,4,6,3,5,4,5,4,6,6,5,4,4,5,4,4,,,6,2,,,4,2,5,7,4,4,6,4,6,5,6,5,6,5,6,6,7,6,6,5,4,6,4,,2,,,4,7,7,8,5,8,8,6,2,3,1,1,8,7,8,7,3,8,8,3,3,4,1,1,7,7,5,8,6,8,5,2,1,4,5,3,7,4,7,5,,,3,4,,,4,7,4,4,4,4,5,5,6,7,1,1,5,4,4,5,4,4,5,4,2,7,4,6,,5,,,b'\x11\xe8\xe1I\xe7\x94_P\x9a\xbe\x12\xdf\x17\xaeN\x1e'
11E8E149-E794-5F50-9ABE-12DF17AE4E1E,2021-ncaa-d3-natl,ncaa,50,214,23,124,30,43,45,39,128,46,34,137,43,45,114,139,43,52,69,45,155,40,39,124,130,123,126,131,137,64,215,31,128,42,164,49,147,231,116,115,86,236,25,97,,,229,89,,,146,33,184,260,154,152,182,160,166,129,145,149,182,177,184,214,228,139,189,148,77,239,66,,83,,,142,254,256,260,100,266,267,116,175,230,39,53,259,243,251,242,89,261,253,70,91,153,56,33,195,252,128,259,215,256,164,200,12,78,243,140,246,145,269,229,,,35,116,,,146,251,139,155,143,129,138,187,182,228,40,76,185,139,133,173,109,136,131,133,36,259,117,225,,158,,,b'\x11\xe8\xe1I\xe7\x94_P\x9a\xbe\x12\xdf\x17\xaeN\x1e'
11E8E149-E794-5F50-9ABE-12DF17AE4E1E,2022-ncaa-d3-conf-Michigan Intercol. Ath. Assn.,ncaa,5,5,3,5,3,5,5,5,5,5,5,4,4,4,5,4,4,6,1,6,8,5,6,5,3,3,7,6,7,8,8,5,6,7,7,6,8,1,2,4,7,7,8,8,,,2,1,,,5,4,8,2,5,5,6,5,5,4,5,4,6,6,6,8,8,6,8,6,2,8,8,,1,,,5,5,5,6,5,6,9,5,2,2,3,1,5,4,7,4,3,7,7,5,5,5,2,1,4,7,6,8,8,6,7,5,2,5,5,5,2,2,1,3,,,4,4,,,5,6,5,5,5,5,5,5,5,6,3,3,5,4,4,5,4,6,6,6,4,5,1,2,,8,,,b'\x11\xe8\xe1I\xe7\x94_P\x9a\xbe\x12\xdf\x17\xaeN\x1e'
11E8E149-E794-5F50-9ABE-12DF17AE4E1E,2022-ncaa-d3-natl,ncaa,131,210,32,178,43,105,92,91,107,93,128,89,111,105,170,167,222,278,71,272,341,114,144,106,114,100,253,185,347,279,340,122,268,184,302,183,365,133,93,158,293,368,100,206,,,149,55,,,199,108,363,213,193,157,260,156,263,179,191,321,374,378,304,389,370,298,355,273,51,380,155,,38,,,202,367,391,381,266,404,414,212,170,135,307,22,240,224,298,221,46,377,338,229,218,279,31,64,114,349,268,337,340,356,302,170,12,254,356,222,105,78,336,290,,,174,236,,,199,321,140,297,204,210,273,236,323,354,76,35,127,101,105,194,106,238,178,194,67,370,39,273,,338,,,b'\x11\xe8\xe1I\xe7\x94_P\x9a\xbe\x12\xdf\x17\xaeN\x1e'
11E8E149-E794-5F50-9ABE-12DF17AE4E1E,2023-ncaa-d3-conf-Michigan Intercol. Ath. Assn.,ncaa,5,5,5,5,5,5,5,7,5,7,9,3,3,3,3,1,3,4,1,5,1,7,7,3,3,4,1,2,2,9,9,4,6,7,6,5,4,5,6,5,7,7,4,6,,,2,2,,,5,6,7,3,5,5,8,7,9,3,2,3,4,6,7,8,9,4,7,5,5,8,4,,2,,,5,5,7,6,5,8,8,5,2,1,6,1,1,4,2,4,1,5,5,5,5,5,1,1,3,5,6,3,9,5,6,4,1,6,6,5,3,5,1,3,,,5,3,,,5,3,5,5,5,5,6,6,7,8,2,1,2,3,3,6,6,6,6,6,5,6,4,1,,5,,,b'\x11\xe8\xe1I\xe7\x94_P\x9a\xbe\x12\xdf\x17\xaeN\x1e'
11E8E149-E794-5F50-9ABE-12DF17AE4E1E,2023-ncaa-d3-natl,ncaa,248,325,63,280,85,129,169,198,139,229,326,82,62,55,130,42,84,148,28,149,55,186,176,94,78,108,44,75,133,333,368,135,269,223,325,212,273,247,238,240,318,377,162,249,,,246,163,,,248,112,261,201,173,235,326,305,398,75,72,115,213,209,318,342,391,237,356,269,182,380,188,,164,,,246,387,404,370,379,411,405,316,171,83,381,29,220,239,121,237,88,361,327,349,328,352,30,63,84,318,269,335,368,342,325,251,39,211,304,241,162,140,346,390,,,118,119,,,248,317,155,348,249,302,342,264,374,374,120,43,149,169,167,243,197,245,230,243,178,299,113,313,,192,,,b'\x11\xe8\xe1I\xe7\x94_P\x9a\xbe\x12\xdf\x17\xaeN\x1e'
11E8E149-E794-5F50-9ABE-12DF17AE4E1E,2024-ncaa-d3-conf-Michigan Intercol. Ath. Assn.,ncaa,5,5,4,5,4,4,5,6,3,6,9,2,2,2,2,1,5,3,6,3,2,5,7,2,3,3,3,2,7,6,5,6,3,6,4,4,5,2,5,3,7,7,9,9,,,1,2,,,5,5,6,1,4,5,5,6,9,2,1,6,4,4,6,7,6,6,7,2,4,9,8,,1,,,5,5,7,6,6,7,7,7,2,2,1,2,2,2,6,2,1,6,2,6,6,6,1,1,2,1,3,2,5,1,4,6,1,7,7,7,5,5,4,7,,,3,3,,,5,5,4,6,5,5,6,5,7,7,2,2,2,3,3,5,3,1,3,3,6,7,5,5,,3,,,b'\x11\xe8\xe1I\xe7\x94_P\x9a\xbe\x12\xdf\x17\xaeN\x1e'
11E8E149-E794-5F50-9ABE-12DF17AE4E1E,2024-ncaa-d3-natl,ncaa,184,206,112,192,113,135,165,205,122,255,352,62,37,39,109,24,132,118,263,125,23,191,230,67,74,77,41,37,214,297,274,151,111,215,164,192,261,135,139,155,361,379,266,319,,,112,104,,,188,190,310,5,126,187,253,289,402,32,36,148,129,135,234,309,326,175,265,208,105,390,290,,79,,,190,315,361,323,316,378,356,335,131,176,96,131,135,163,72,154,95,306,196,272,237,348,36,72,80,130,111,173,274,152,164,189,25,375,401,354,129,143,361,405,,,137,78,,,188,227,109,325,194,268,331,305,357,335,113,156,102,140,138,279,130,105,129,108,166,409,115,345,,143,,,b'\x11\xe8\xe1I\xe7\x94_P\x9a\xbe\x12\xdf\x17\xaeN\x1e'
11E8E149-E794-5F50-9ABE-12DF17AE4E1E,2025-ncaa-d3-conf-Michigan Intercol. Ath. Assn.,genius_ncaa,5,5,4,5,5,5,5,6,4,6,7,5,4,5,2,5,5,5,7,3,4,6,7,3,4,4,3,3,6,6,6,5,1,5,4,7,6,4,4,4,8,7,4,5,,,7,8,,4,4,7,5,6,4,4,6,7,8,4,5,6,3,3,7,6,6,2,5,6,4,9,4,,7,,4,4,4,5,3,6,4,4,5,4,4,8,4,7,7,4,7,7,3,1,6,6,7,7,4,7,1,1,5,6,2,4,6,5,7,7,7,5,5,4,5,,,6,5,,1,4,3,4,6,4,5,4,4,4,3,6,5,7,7,7,4,2,1,5,3,6,9,5,5,,4,,2,b'\x11\xe8\xe1I\xe7\x94_P\x9a\xbe\x12\xdf\x17\xaeN\x1e'
11E8E149-E794-5F50-9ABE-12DF17AE4E1E,2025-ncaa-d3-natl,genius_ncaa,250,299,116,275,139,208,226,232,231,259,244,261,130,163,100,171,188,141,326,131,94,211,196,196,209,230,104,120,188,216,229,157,37,182,117,245,271,224,235,251,337,347,263,263,,,347,391,,201,294,202,272,154,251,268,292,301,302,144,184,214,149,141,272,276,250,187,222,283,206,365,280,,348,,188,289,338,278,184,331,240,141,329,319,286,320,280,366,364,230,364,369,235,158,334,355,379,334,269,309,37,37,209,229,114,117,228,150,339,356,327,315,320,369,373,,,153,141,,155,294,226,232,330,286,293,238,135,197,94,294,262,350,348,349,181,88,32,163,83,199,382,284,352,,179,,178,b'\x11\xe8\xe1I\xe7\x94_P\x9a\xbe\x12\xdf\x17\xaeN\x1e'
11E8E149-E794-5F50-9ABE-12DF17AE4E1E,2026-ncaa-d3-conf-Michigan Intercol. Ath. Assn.,genius_ncaa,4,5,3,6,7,5,5,6,4,5,6,5,4,5,2,3,4,8,2,6,7,7,7,3,3,5,3,3,7,5,6,7,8,7,6,4,5,4,6,5,8,9,7,7,,,7,6,,2,6,7,8,8,6,5,6,7,7,4,5,6,9,8,8,9,6,7,8,3,5,9,7,,6,,3,6,6,6,6,7,7,5,7,4,4,4,2,6,7,3,7,6,6,5,6,6,7,2,2,5,7,8,3,6,5,6,3,1,7,8,3,7,8,7,7,,,6,7,,7,6,4,5,7,6,7,7,7,7,6,2,3,6,8,8,7,6,7,1,6,1,8,7,7,,8,,7,b'\x11\xe8\xe1I\xe7\x94_P\x9a\xbe\x12\xdf\x17\xaeN\x1e'
11E8E149-E794-5F50-9ABE-12DF17AE4E1E,2026-ncaa-d3-natl,genius_ncaa,157,268,42,231,56,66,75,138,71,119,170,118,35,109,18,138,104,174,29,173,206,141,136,47,41,68,95,78,253,269,280,136,119,179,174,71,174,277,225,154,316,381,230,289,,,379,382,,234,254,111,308,87,158,173,340,231,331,76,196,188,290,291,347,364,366,303,362,161,170,397,299,,333,,169,246,374,362,308,368,363,313,357,312,275,328,129,397,393,215,393,349,328,296,369,374,391,208,153,298,171,119,219,280,198,174,204,17,249,348,240,297,257,388,387,,,157,242,,262,254,322,103,363,231,313,298,145,299,182,230,127,351,357,356,190,100,74,49,46,81,368,207,357,,319,,313,b'\x11\xe8\xe1I\xe7\x94_P\x9a\xbe\x12\xdf\x17\xaeN\x1e'
11E8E149-E798-91BA-9ABE-12DF17AE4E1E,2018-ncaa-d3-conf-MAC Commonwealth,ncaa,9,9,6,9,7,9,9,9,9,9,9,9,6,2,8,1,9,9,8,9,4,9,9,9,9,9,1,1,4,8,8,7,7,8,8,9,4,9,9,9,8,8,8,8,,,4,8,,,9,9,9,4,9,9,9,9,9,5,2,9,9,9,9,9,8,6,7,9,9,8,8,,6,,,9,7,6,3,7,7,3,8,7,6,5,6,5,6,3,6,8,4,1,7,7,9,5,5,5,5,7,8,8,7,8,8,8,9,9,9,8,8,1,7,,,8,4,,,9,1,9,9,9,8,8,7,8,5,7,6,6,7,7,7,3,8,9,8,8,9,8,2,,7,,,b'\x11\xe8\xe1I\xe7\x98\x91\xba\x9a\xbe\x12\xdf\x17\xaeN\x1e'
11E8E149-E798-91BA-9ABE-12DF17AE4E1E,2018-ncaa-d3-natl,ncaa,383,411,197,396,230,400,410,352,427,410,375,406,307,155,416,80,338,310,341,312,170,351,295,421,417,416,102,138,104,312,377,247,262,286,361,370,123,380,400,403,252,262,367,390,,,259,296,,,404,270,270,155,423,428,393,428,406,310,133,358,336,341,398,307,328,234,304,392,379,268,381,,277,,,399,250,263,226,258,341,310,284,90,136,87,94,291,288,240,285,231,246,180,234,234,306,88,55,284,256,262,354,377,322,361,370,387,356,374,400,367,386,167,304,,,237,178,,,404,168,418,308,402,267,284,266,330,327,94,135,320,301,294,285,202,269,359,337,348,379,362,173,,249,,,b'\x11\xe8\xe1I\xe7\x98\x91\xba\x9a\xbe\x12\xdf\x17\xaeN\x1e'
11E8E149-E798-91BA-9ABE-12DF17AE4E1E,2019-ncaa-d3-conf-MAC Commonwealth,ncaa,9,9,6,9,9,9,9,9,9,9,9,9,5,2,8,2,8,8,5,8,5,9,9,9,9,9,1,2,4,6,6,9,9,9,6,9,2,9,9,9,5,5,9,7,,,6,8,,,9,9,7,9,9,9,9,9,9,4,2,8,8,8,9,6,5,8,7,9,9,5,8,,7,,,9,7,6,2,9,3,1,9,9,8,9,9,6,6,5,7,9,2,2,9,9,8,8,9,3,5,9,6,6,5,6,9,9,7,4,8,8,9,9,9,,,8,8,,,9,1,9,8,9,8,8,3,4,2,9,9,7,7,7,3,3,6,7,8,9,6,9,9,,7,,,b'\x11\xe8\xe1I\xe7\x98\x91\xba\x9a\xbe\x12\xdf\x17\xaeN\x1e'
11E8E149-E798-91BA-9ABE-12DF17AE4E1E,2019-ncaa-d3-natl,ncaa,413,421,317,417,350,415,415,379,427,411,337,428,373,338,392,262,379,370,330,369,327,389,367,425,423,420,198,226,131,222,205,390,323,353,315,388,161,328,403,406,256,212,286,222,,,247,388,,,415,382,374,363,428,428,385,419,304,372,329,378,371,375,403,337,162,406,339,402,366,237,275,,331,,,415,166,134,54,352,103,49,319,316,180,415,308,260,251,253,253,388,62,65,382,391,369,370,359,280,162,323,198,205,172,315,388,439,280,190,380,313,380,381,416,,,356,280,,,415,61,419,368,418,261,216,76,158,67,353,243,308,297,300,107,93,222,275,260,402,243,352,406,,335,,,b'\x11\xe8\xe1I\xe7\x98\x91\xba\x9a\xbe\x12\xdf\x17\xaeN\x1e'
11E8E149-E798-91BA-9ABE-12DF17AE4E1E,2020-ncaa-d3-conf-MAC Commonwealth,ncaa,8,8,6,8,7,8,9,6,9,9,8,9,6,2,8,2,7,6,9,6,4,6,6,9,9,9,1,1,3,3,8,5,8,3,8,5,2,7,7,7,5,6,4,3,,,8,8,,,8,6,1,3,8,9,3,9,7,4,2,7,4,4,4,1,3,2,2,5,8,5,3,,8,,,8,4,4,5,3,2,3,3,9,9,4,9,7,8,6,8,8,4,5,4,5,5,8,9,8,6,8,7,8,8,8,8,9,3,3,6,6,6,9,9,,,4,5,,,8,4,8,5,8,8,6,8,3,5,9,9,8,8,8,8,9,8,8,8,9,2,6,9,,1,,,b'\x11\xe8\xe1I\xe7\x98\x91\xba\x9a\xbe\x12\xdf\x17\xaeN\x1e'
11E8E149-E798-91BA-9ABE-12DF17AE4E1E,2020-ncaa-d3-natl,ncaa,306,306,327,316,330,334,345,243,393,339,241,398,278,225,342,228,235,136,394,141,122,224,186,389,387,378,153,202,102,140,230,105,179,125,223,222,23,324,324,298,208,218,75,61,,,205,186,,,302,209,71,21,318,349,135,341,151,254,186,183,76,74,106,55,103,24,32,174,360,161,51,,292,,,306,133,92,213,59,68,149,57,299,312,215,315,267,307,106,300,327,226,227,82,95,94,389,351,316,255,179,369,230,333,223,284,408,180,195,245,375,360,406,405,,,166,165,,,302,229,373,115,300,229,175,325,113,237,331,358,316,346,342,344,372,306,404,369,323,127,383,422,,72,,,b'\x11\xe8\xe1I\xe7\x98\x91\xba\x9a\xbe\x12\xdf\x17\xaeN\x1e'
11E8E149-E798-91BA-9ABE-12DF17AE4E1E,2021-ncaa-d3-conf-MAC Commonwealth,ncaa,5,2,7,3,7,7,7,7,6,7,7,5,6,6,5,1,7,5,7,5,1,7,7,5,6,6,1,1,3,7,4,7,2,7,4,7,6,2,7,6,7,4,5,1,,,1,4,,,5,7,1,3,5,5,3,6,7,1,1,4,1,1,1,1,1,3,1,6,7,2,1,,5,,,5,1,1,1,3,1,1,2,1,1,5,4,3,1,7,1,5,1,1,3,4,3,7,5,5,1,2,1,4,1,4,1,7,7,2,3,2,4,2,7,,,6,3,,,5,1,7,2,5,5,2,4,2,4,5,4,6,5,5,4,7,2,7,7,7,2,6,7,,1,,,b'\x11\xe8\xe1I\xe7\x98\x91\xba\x9a\xbe\x12\xdf\x17\xaeN\x1e'
11E8E149-E798-91BA-9ABE-12DF17AE4E1E,2021-ncaa-d3-natl,ncaa,101,92,176,95,180,184,186,182,224,185,188,201,164,141,221,97,168,150,252,146,69,182,181,221,224,229,107,134,114,142,99,184,194,178,163,186,190,130,213,232,147,116,50,16,,,86,58,,,165,182,126,110,209,211,146,218,184,159,97,161,94,92,129,85,69,169,114,211,217,112,9,,62,,,163,102,96,103,63,96,116,36,115,89,237,82,127,104,278,102,79,103,104,77,98,90,204,190,188,122,194,117,99,120,163,118,225,157,96,126,118,168,197,268,,,175,163,,,165,103,216,99,173,106,94,142,85,179,160,79,163,103,99,126,156,187,183,194,157,94,173,266,,135,,,b'\x11\xe8\xe1I\xe7\x98\x91\xba\x9a\xbe\x12\xdf\x17\xaeN\x1e'
11E8E149-E798-91BA-9ABE-12DF17AE4E1E,2022-ncaa-d3-conf-MAC Commonwealth,ncaa,7,7,3,7,5,4,4,1,8,5,3,7,1,1,6,1,6,4,7,5,5,1,1,7,6,6,2,1,8,1,3,3,5,1,6,6,7,6,4,5,4,5,1,2,,,8,8,,,5,2,2,4,3,3,1,5,2,1,1,6,5,5,1,1,1,3,1,6,6,3,1,,8,,,5,7,7,8,7,7,8,5,6,5,8,3,7,7,2,7,7,8,8,7,6,6,5,5,5,7,5,9,3,9,6,7,5,3,5,7,2,1,9,9,,,3,7,,,5,8,5,6,5,7,7,8,7,8,6,4,7,7,7,8,8,6,9,9,7,3,2,9,,3,,,b'\x11\xe8\xe1I\xe7\x98\x91\xba\x9a\xbe\x12\xdf\x17\xaeN\x1e'
11E8E149-E798-91BA-9ABE-12DF17AE4E1E,2022-ncaa-d3-natl,ncaa,210,257,107,241,139,159,165,74,290,169,118,282,134,91,279,158,212,137,348,144,225,81,67,283,304,282,199,174,253,37,80,180,337,91,237,232,355,318,213,290,106,150,13,21,,,324,239,,,195,99,134,182,197,188,61,206,144,158,110,238,160,162,66,62,32,251,95,280,273,120,9,,296,,,197,269,282,290,189,332,361,174,92,131,106,55,320,352,93,346,262,309,340,152,145,130,95,41,292,373,337,347,80,368,237,247,186,82,129,122,198,124,427,411,,,156,302,,,195,316,248,156,213,198,207,233,276,333,50,61,285,329,324,257,305,338,315,328,201,98,168,427,,199,,,b'\x11\xe8\xe1I\xe7\x98\x91\xba\x9a\xbe\x12\xdf\x17\xaeN\x1e'
11E8E149-E798-91BA-9ABE-12DF17AE4E1E,2023-ncaa-d3-conf-MAC Commonwealth,ncaa,2,3,1,3,1,1,2,1,6,5,3,6,1,1,2,2,4,3,4,6,6,1,1,5,6,5,1,1,7,1,2,1,7,1,4,1,3,5,1,2,1,2,1,2,,,4,3,,,2,1,2,4,1,2,1,6,5,1,1,5,6,7,1,2,2,2,1,1,4,2,1,,3,,,2,6,5,9,2,4,9,1,4,4,5,3,6,5,4,6,3,8,9,2,2,2,5,5,4,9,7,9,2,9,4,4,6,1,3,3,4,1,9,9,,,4,8,,,2,9,2,2,2,2,2,8,4,8,4,4,4,3,4,7,8,8,7,8,3,2,3,9,,8,,,b'\x11\xe8\xe1I\xe7\x98\x91\xba\x9a\xbe\x12\xdf\x17\xaeN\x1e'
11E8E149-E798-91BA-9ABE-12DF17AE4E1E,2023-ncaa-d3-natl,ncaa,67,131,13,116,27,86,90,24,302,163,84,306,45,23,166,87,196,136,329,141,248,27,24,260,288,262,97,57,343,20,92,13,311,11,183,62,85,320,137,150,108,242,11,53,,,289,86,,,109,30,209,288,197,199,82,274,234,74,63,312,274,279,91,124,38,48,24,115,175,206,19,,120,,,117,259,278,418,13,337,423,10,107,189,48,43,286,319,92,322,102,421,414,10,7,21,93,68,263,418,311,417,92,420,183,277,224,90,231,157,265,127,429,407,,,128,357,,,109,401,202,53,117,72,92,307,164,384,40,68,165,197,202,296,283,369,296,344,144,192,146,410,,318,,,b'\x11\xe8\xe1I\xe7\x98\x91\xba\x9a\xbe\x12\xdf\x17\xaeN\x1e'
11E8E149-E798-91BA-9ABE-12DF17AE4E1E,2024-ncaa-d3-conf-MAC Commonwealth,ncaa,4,4,3,4,3,4,4,1,4,4,5,5,1,1,2,1,6,7,5,7,5,2,3,4,4,3,1,1,8,6,7,6,5,6,7,1,1,1,1,1,3,3,2,3,,,2,1,,,4,4,4,1,4,4,2,6,7,1,1,6,6,6,2,6,5,5,6,1,1,2,2,,1,,,4,8,8,6,8,8,7,6,6,2,8,2,1,2,4,2,1,5,6,8,8,8,3,6,1,3,5,8,7,8,7,7,3,3,4,4,1,1,2,3,,,5,7,,,4,5,3,8,4,8,8,4,7,8,6,2,1,1,1,4,4,4,8,7,5,4,2,2,,7,,,b'\x11\xe8\xe1I\xe7\x98\x91\xba\x9a\xbe\x12\xdf\x17\xaeN\x1e'
11E8E149-E798-91BA-9ABE-12DF17AE4E1E,2024-ncaa-d3-natl,ncaa,162,162,200,166,257,183,197,132,275,300,268,294,39,47,105,42,293,274,294,274,234,144,190,207,234,198,45,24,342,109,152,194,250,151,222,108,25,103,86,69,119,103,99,112,,,91,81,,,152,246,207,244,176,195,72,308,281,27,31,304,285,289,91,145,73,168,101,73,109,112,90,,94,,,155,140,208,199,199,202,254,123,251,140,390,162,54,78,41,75,64,166,192,211,162,139,185,303,69,254,250,328,152,308,222,163,114,154,135,125,110,112,150,206,,,323,371,,,152,178,159,156,160,162,217,233,206,269,262,147,50,80,68,177,227,260,333,314,168,133,124,162,,353,,,b'\x11\xe8\xe1I\xe7\x98\x91\xba\x9a\xbe\x12\xdf\x17\xaeN\x1e'
11E8E149-E798-91BA-9ABE-12DF17AE4E1E,2025-ncaa-d3-conf-MAC Commonwealth,genius_ncaa,4,4,5,4,5,5,5,7,5,6,7,5,5,6,4,4,5,4,5,5,4,6,6,4,4,4,4,4,3,4,5,5,3,5,5,6,8,4,6,6,7,6,8,7,,,4,4,,2,6,7,6,1,5,5,6,6,5,4,4,4,3,3,5,3,3,3,3,6,6,7,8,,5,,2,6,5,3,3,5,2,2,3,7,8,7,8,6,4,8,3,4,3,2,6,6,7,8,8,4,3,3,3,5,3,5,5,6,8,8,6,6,7,8,7,,,5,4,,6,6,2,4,7,6,7,6,5,3,4,7,8,6,5,5,5,3,5,4,4,6,8,7,8,,4,,5,b'\x11\xe8\xe1I\xe7\x98\x91\xba\x9a\xbe\x12\xdf\x17\xaeN\x1e'
11E8E149-E798-91BA-9ABE-12DF17AE4E1E,2025-ncaa-d3-natl,genius_ncaa,194,215,116,207,139,244,251,172,320,226,151,325,276,244,318,278,165,115,323,118,156,160,142,334,327,310,229,277,115,81,131,78,255,75,192,315,359,271,243,331,312,353,278,320,,,200,161,,256,280,180,240,154,300,296,191,265,165,304,266,166,120,118,171,158,76,61,51,353,242,341,296,,177,,246,273,252,245,347,91,255,351,72,218,244,173,168,267,230,350,218,129,333,287,83,102,182,207,179,235,355,255,317,131,347,192,233,199,255,327,268,286,256,390,354,,,237,301,,267,280,243,289,233,272,201,199,300,208,327,188,204,254,194,181,287,246,319,278,307,202,305,258,379,,278,,284,b'\x11\xe8\xe1I\xe7\x98\x91\xba\x9a\xbe\x12\xdf\x17\xaeN\x1e'
11E8E149-E798-91BA-9ABE-12DF17AE4E1E,2026-ncaa-d3-natl,genius_ncaa,225,200,215,240,229,309,286,301,207,234,262,174,316,292,320,266,314,298,315,278,244,305,275,237,259,302,340,304,264,251,183,176,201,202,145,293,250,279,355,320,316,313,134,127,,,150,171,,306,258,274,250,35,303,254,306,186,229,318,291,316,276,266,320,192,202,47,99,267,345,300,113,,180,,342,260,154,149,179,121,159,164,189,162,238,72,287,165,194,75,194,250,179,153,112,95,156,191,198,217,228,201,138,183,162,145,157,206,306,314,261,267,329,290,344,,,342,385,,169,258,142,301,188,262,194,196,285,198,225,199,315,204,263,267,284,242,291,168,231,209,307,316,351,,378,,165,b'\x11\xe8\xe1I\xe7\x98\x91\xba\x9a\xbe\x12\xdf\x17\xaeN\x1e'
11E8E149-E79C-CF00-9ABE-12DF17AE4E1E,2018-ncaa-d3-conf-NACC,ncaa,11,11,7,11,7,9,9,10,10,9,9,10,9,10,5,10,9,10,6,10,11,10,11,10,10,10,6,8,4,9,11,12,12,12,12,8,5,3,6,7,11,11,12,12,,,1,1,,,10,11,9,3,9,9,6,9,5,9,10,8,9,9,7,9,8,12,11,8,4,11,12,,1,,,10,11,12,11,12,12,8,12,9,7,10,7,1,1,1,1,1,6,3,12,11,12,1,6,1,11,12,9,11,10,12,12,7,12,12,12,7,8,9,9,,,11,6,,,10,2,10,12,10,11,12,11,12,10,10,8,1,2,2,9,7,12,10,10,12,12,7,9,,10,,,b'\x11\xe8\xe1I\xe7\x9c\xcf\x00\x9a\xbe\x12\xdf\x17\xaeN\x1e'
11E8E149-E79C-CF00-9ABE-12DF17AE4E1E,2018-ncaa-d3-natl,ncaa,364,394,197,381,247,329,336,302,358,318,215,377,309,336,239,326,256,278,181,281,296,305,349,364,348,305,225,262,123,349,403,354,398,375,413,305,190,66,128,208,361,376,406,417,,,28,17,,,385,326,383,220,369,371,321,339,206,314,346,264,286,287,335,396,374,393,415,326,72,382,416,,10,,,379,340,417,317,415,410,319,417,288,246,306,229,34,38,65,33,19,223,149,406,375,408,29,206,11,370,398,335,403,364,413,404,286,383,397,426,176,266,259,261,,,214,91,,,385,95,321,424,390,342,404,342,407,335,279,246,26,33,29,257,153,360,350,360,392,407,189,279,,207,,,b'\x11\xe8\xe1I\xe7\x9c\xcf\x00\x9a\xbe\x12\xdf\x17\xaeN\x1e'
11E8E149-E79C-CF00-9ABE-12DF17AE4E1E,2019-ncaa-d3-conf-NACC,ncaa,10,10,8,10,8,10,10,12,9,11,13,9,8,5,11,3,8,10,8,8,3,10,12,9,9,8,4,7,6,11,11,13,10,12,11,7,2,1,4,6,12,11,13,12,,,2,3,,,10,12,10,4,10,10,10,11,13,8,4,7,8,6,9,10,11,13,12,6,2,12,13,,2,,,10,9,11,7,12,12,10,11,9,6,12,6,1,1,2,1,1,5,2,12,12,11,1,8,1,5,10,9,11,7,11,8,5,10,9,11,4,8,6,9,,,5,3,,,10,1,9,11,10,10,11,9,12,12,9,6,1,1,1,7,4,7,10,9,10,9,7,7,,4,,,b'\x11\xe8\xe1I\xe7\x9c\xcf\x00\x9a\xbe\x12\xdf\x17\xaeN\x1e'
11E8E149-E79C-CF00-9ABE-12DF17AE4E1E,2019-ncaa-d3-natl,ncaa,356,382,215,371,273,332,335,293,366,352,357,311,228,111,386,70,282,273,276,263,137,294,343,353,355,306,123,155,167,361,404,362,286,379,402,164,5,49,86,74,374,381,436,438,,,27,29,,,396,332,350,259,368,372,300,379,373,233,96,283,267,257,303,384,366,407,415,147,47,390,439,,18,,,395,370,424,220,436,402,253,422,392,187,443,234,23,23,193,23,14,134,100,439,433,433,72,346,9,144,286,364,404,290,402,419,319,342,318,420,153,229,277,351,,,177,45,,,396,110,328,423,397,370,416,269,399,285,395,204,16,12,12,164,91,153,383,312,412,355,161,296,,134,,,b'\x11\xe8\xe1I\xe7\x9c\xcf\x00\x9a\xbe\x12\xdf\x17\xaeN\x1e'
11E8E149-E79C-CF00-9ABE-12DF17AE4E1E,2020-ncaa-d3-conf-NACC,ncaa,10,10,7,10,12,9,9,10,6,5,4,8,12,12,8,12,10,9,11,9,12,10,12,9,9,8,13,12,9,10,10,11,9,11,8,7,1,5,8,6,11,11,8,9,,,3,3,,,10,12,10,9,9,9,10,4,2,12,12,10,9,9,10,12,10,11,11,4,8,11,8,,3,,,10,9,11,9,11,13,10,11,9,8,10,8,3,3,10,3,2,6,3,11,11,11,1,7,3,8,9,5,10,6,8,10,6,11,11,11,9,9,3,3,,,10,5,,,10,2,9,11,10,10,11,11,13,13,9,8,4,3,3,9,5,9,8,8,10,11,10,3,,7,,,b'\x11\xe8\xe1I\xe7\x9c\xcf\x00\x9a\xbe\x12\xdf\x17\xaeN\x1e'
11E8E149-E79C-CF00-9ABE-12DF17AE4E1E,2020-ncaa-d3-natl,ncaa,367,391,198,374,280,313,277,318,221,191,144,248,383,398,263,394,345,345,278,346,397,334,352,263,288,283,408,381,308,395,411,269,311,348,364,109,3,148,248,77,387,393,231,266,,,50,48,,,363,303,285,303,337,286,324,168,118,388,405,363,358,361,352,376,410,271,374,67,173,399,239,,36,,,358,339,390,315,374,398,339,357,237,188,307,153,86,82,200,81,51,267,143,352,319,388,46,170,41,289,311,276,411,295,364,391,323,399,405,419,298,351,78,57,,,325,250,,,363,122,321,394,363,333,378,341,397,371,255,214,91,82,83,306,182,298,297,300,377,409,312,77,,350,,,b'\x11\xe8\xe1I\xe7\x9c\xcf\x00\x9a\xbe\x12\xdf\x17\xaeN\x1e'
11E8E149-E79C-CF00-9ABE-12DF17AE4E1E,2021-ncaa-d3-conf-NACC,ncaa,11,11,7,11,7,12,12,10,12,11,6,12,12,12,11,12,12,11,12,11,12,10,7,12,12,12,12,12,6,9,7,6,12,7,10,10,1,12,12,12,10,11,9,11,,,5,3,,,12,7,9,4,12,12,12,12,9,12,12,12,11,11,12,10,7,10,10,11,12,11,9,,3,,,12,11,11,7,11,11,9,11,8,6,9,2,6,5,11,5,3,7,6,11,10,12,1,2,3,11,12,5,7,6,10,10,7,11,12,12,12,12,10,11,,,8,10,,,12,6,12,12,12,11,11,11,12,12,8,5,5,4,4,11,8,11,4,7,12,12,12,10,,10,,,b'\x11\xe8\xe1I\xe7\x9c\xcf\x00\x9a\xbe\x12\xdf\x17\xaeN\x1e'
11E8E149-E79C-CF00-9ABE-12DF17AE4E1E,2021-ncaa-d3-natl,ncaa,251,270,81,251,100,202,198,164,274,185,117,281,216,216,224,273,209,182,281,181,254,169,121,276,281,281,258,237,201,142,213,119,230,124,222,164,18,260,282,277,196,270,142,204,,,154,91,,,283,122,251,110,283,281,280,276,184,277,281,279,269,270,282,262,230,215,235,249,280,272,183,,69,,,279,214,228,212,227,243,228,225,166,164,162,80,157,144,227,146,42,207,173,210,205,264,33,70,54,220,230,188,213,196,222,238,186,199,280,277,263,280,233,240,,,140,206,,,283,166,281,270,280,217,246,226,256,246,122,107,97,68,72,213,75,213,120,165,240,280,275,238,,251,,,b'\x11\xe8\xe1I\xe7\x9c\xcf\x00\x9a\xbe\x12\xdf\x17\xaeN\x1e'
11E8E149-E79C-CF00-9ABE-12DF17AE4E1E,2022-ncaa-d3-conf-NACC,ncaa,14,13,13,14,13,14,14,14,13,14,13,14,14,14,11,14,14,14,13,14,14,14,13,13,14,14,14,9,14,13,13,14,14,14,13,13,8,12,14,13,14,12,12,12,,,1,1,,,14,13,11,1,14,14,14,13,8,12,14,14,14,14,14,12,13,14,14,13,13,12,11,,3,,,14,12,13,6,13,13,7,13,9,7,12,8,2,4,3,3,5,4,2,13,13,13,3,8,1,14,14,4,13,9,13,13,10,14,14,14,13,14,2,7,,,14,14,,,14,2,14,14,14,14,14,14,14,14,13,13,5,8,9,14,12,14,11,13,14,14,13,7,,14,,,b'\x11\xe8\xe1I\xe7\x9c\xcf\x00\x9a\xbe\x12\xdf\x17\xaeN\x1e'
11E8E149-E79C-CF00-9ABE-12DF17AE4E1E,2022-ncaa-d3-natl,ncaa,406,410,300,417,304,410,405,390,410,401,328,417,391,391,344,317,419,421,355,421,428,401,380,412,417,421,361,247,418,401,413,339,408,374,405,392,236,377,419,408,402,405,324,347,,,22,16,,,420,362,378,52,423,420,421,409,308,394,392,427,428,427,425,413,414,319,391,405,400,409,323,,12,,,417,280,365,267,360,362,247,371,287,271,280,281,26,35,18,34,20,215,109,357,310,387,55,263,13,395,408,191,413,301,405,369,279,406,419,423,376,413,120,203,,,415,422,,,420,67,420,413,421,365,392,390,387,365,353,351,18,38,39,366,234,407,312,379,378,418,394,168,,427,,,b'\x11\xe8\xe1I\xe7\x9c\xcf\x00\x9a\xbe\x12\xdf\x17\xaeN\x1e'
11E8E149-E79C-CF00-9ABE-12DF17AE4E1E,2023-ncaa-d3-conf-NACC,ncaa,14,14,7,14,11,14,14,13,14,13,11,13,14,11,14,9,12,12,12,12,8,13,10,14,14,14,11,11,3,6,7,12,14,11,11,14,12,14,14,14,10,9,6,6,,,14,14,,,14,11,6,5,14,14,11,13,10,14,9,12,11,11,13,5,4,12,11,14,14,10,5,,14,,,14,13,13,9,13,11,9,12,12,10,14,9,11,10,11,12,11,9,9,13,13,13,10,10,8,13,14,9,7,11,11,11,11,10,10,11,12,13,11,12,,,13,13,,,14,4,14,14,14,13,13,10,12,11,13,10,11,12,12,10,12,13,10,11,11,9,12,11,,13,,,b'\x11\xe8\xe1I\xe7\x9c\xcf\x00\x9a\xbe\x12\xdf\x17\xaeN\x1e'
11E8E149-E79C-CF00-9ABE-12DF17AE4E1E,2023-ncaa-d3-natl,ncaa,381,398,271,390,311,382,376,328,398,343,305,366,372,257,420,216,315,232,406,238,151,316,270,407,409,408,289,327,104,205,229,294,343,267,316,378,311,384,391,400,262,277,212,211,,,359,389,,,411,276,155,287,404,397,316,355,285,378,243,320,177,191,307,163,157,251,208,394,387,239,202,,396,,,407,367,359,251,378,316,168,377,381,332,373,327,269,311,66,311,334,265,204,386,379,398,284,324,147,322,343,243,229,302,316,372,324,313,342,382,303,311,245,310,,,305,319,,,411,165,404,399,407,385,373,334,340,225,391,368,315,351,351,350,304,343,317,343,371,288,326,291,,296,,,b'\x11\xe8\xe1I\xe7\x9c\xcf\x00\x9a\xbe\x12\xdf\x17\xaeN\x1e'
11E8E149-E79C-CF00-9ABE-12DF17AE4E1E,2024-ncaa-d3-conf-NACC,ncaa,13,13,9,13,10,13,14,14,14,14,10,14,12,9,14,7,11,10,11,10,6,13,10,14,14,14,5,10,1,12,13,12,12,13,12,13,9,14,14,14,11,11,10,9,,,9,10,,,13,7,2,5,13,14,11,14,8,12,7,9,6,6,8,4,12,12,13,13,14,11,9,,13,,,13,13,12,9,13,12,11,10,7,4,12,2,13,13,9,13,11,11,8,13,14,13,5,3,10,12,12,14,13,13,12,11,11,10,11,12,13,13,6,8,,,12,12,,,13,8,14,13,13,13,12,10,13,12,10,7,14,14,14,13,12,12,14,13,11,10,13,7,,11,,,b'\x11\xe8\xe1I\xe7\x9c\xcf\x00\x9a\xbe\x12\xdf\x17\xaeN\x1e'
11E8E149-E79C-CF00-9ABE-12DF17AE4E1E,2024-ncaa-d3-natl,ncaa,385,405,200,390,257,378,383,282,411,387,291,414,245,190,335,162,308,221,404,219,135,277,238,405,406,398,72,115,102,267,360,299,400,296,402,374,303,345,339,382,288,322,337,367,,,326,301,,,408,216,162,244,399,406,303,410,307,257,191,326,211,208,294,209,268,319,311,392,334,293,340,,349,,,397,381,371,305,366,371,335,357,232,194,288,133,357,367,215,366,285,330,297,349,354,371,137,115,249,394,400,399,360,408,402,353,252,258,317,345,365,360,89,125,,,264,286,,,408,223,397,389,398,376,369,342,378,350,254,219,366,377,375,366,333,392,406,405,346,258,357,83,,282,,,b'\x11\xe8\xe1I\xe7\x9c\xcf\x00\x9a\xbe\x12\xdf\x17\xaeN\x1e'
11E8E149-E79C-CF00-9ABE-12DF17AE4E1E,2025-ncaa-d3-conf-NACC,genius_ncaa,14,14,10,14,11,13,13,12,14,12,6,14,13,13,13,12,1,1,9,1,3,8,6,14,13,13,6,14,1,13,14,12,14,12,14,14,14,14,14,14,12,13,14,14,,,2,1,,4,14,2,1,5,12,13,9,12,2,13,13,1,1,1,3,2,11,11,11,14,14,11,14,,5,,5,14,14,14,14,14,14,14,14,13,12,11,7,4,3,7,4,1,14,14,14,14,14,1,4,1,14,14,14,14,14,14,14,10,12,14,14,14,14,1,1,,,7,4,,14,14,13,14,14,14,14,14,14,14,14,13,13,4,5,4,14,14,14,14,14,14,12,14,1,,1,,14,b'\x11\xe8\xe1I\xe7\x9c\xcf\x00\x9a\xbe\x12\xdf\x17\xaeN\x1e'
11E8E149-E79C-CF00-9ABE-12DF17AE4E1E,2025-ncaa-d3-natl,genius_ncaa,403,414,290,411,302,340,361,277,390,321,200,388,369,319,400,327,103,69,283,70,74,234,169,395,385,379,206,362,9,322,387,330,401,343,407,405,419,363,348,406,318,376,405,409,,,137,58,,154,413,121,26,116,348,376,175,317,133,371,302,56,35,35,123,57,304,309,332,410,375,290,405,,184,,173,408,415,416,400,419,417,392,418,334,334,276,195,189,201,148,204,88,391,356,414,408,413,25,113,31,400,401,401,387,407,407,403,187,266,363,386,332,312,3,2,,,153,174,,327,413,304,385,415,407,415,416,405,417,408,350,353,236,256,256,407,402,396,408,407,399,232,344,3,,76,,322,b'\x11\xe8\xe1I\xe7\x9c\xcf\x00\x9a\xbe\x12\xdf\x17\xaeN\x1e'
11E8E149-E7A0-F544-9ABE-12DF17AE4E1E,2018-ncaa-d3-conf-NESCAC,ncaa,1,1,1,1,1,2,2,2,1,2,2,2,5,6,5,10,4,4,9,3,6,2,2,2,2,2,11,11,8,2,1,1,1,2,1,2,6,9,4,3,2,2,1,1,,,7,2,,,2,3,11,5,5,3,9,2,6,10,10,6,5,5,9,10,4,2,3,3,3,3,1,,1,,,2,1,1,9,1,1,10,1,3,10,3,7,4,6,4,6,3,9,9,1,1,1,11,10,8,8,1,6,1,6,1,1,2,2,3,1,5,4,10,10,,,1,3,,,2,9,2,1,2,1,1,1,1,2,2,2,2,2,2,1,1,1,1,1,1,3,2,8,,5,,,b'\x11\xe8\xe1I\xe7\xa0\xf5D\x9a\xbe\x12\xdf\x17\xaeN\x1e'
11E8E149-E7A0-F544-9ABE-12DF17AE4E1E,2018-ncaa-d3-natl,ncaa,1,1,1,1,1,32,26,57,26,20,48,32,143,188,91,301,103,80,254,71,242,58,52,41,55,67,337,286,332,78,64,4,10,14,11,44,196,341,197,116,57,78,5,2,,,278,156,,,3,47,443,303,253,218,426,158,340,285,368,328,325,316,426,440,295,175,245,188,70,169,15,,32,,,6,20,18,292,1,26,362,1,48,140,17,81,197,258,56,266,175,298,370,1,1,1,288,158,401,120,10,180,64,149,11,10,34,32,38,2,123,42,414,315,,,14,46,,,3,399,56,1,3,1,1,3,2,23,3,7,32,51,51,2,2,8,3,3,1,164,15,251,,272,,,b'\x11\xe8\xe1I\xe7\xa0\xf5D\x9a\xbe\x12\xdf\x17\xaeN\x1e'
11E8E149-E7A0-F544-9ABE-12DF17AE4E1E,2019-ncaa-d3-conf-NESCAC,ncaa,2,2,2,2,3,3,3,5,2,4,7,2,2,2,4,4,6,6,4,6,5,5,5,2,2,3,5,4,8,7,8,2,6,4,5,2,2,10,6,3,4,6,1,1,,,6,3,,,3,5,11,4,5,4,11,7,9,3,6,6,7,7,11,11,8,2,6,2,4,8,1,,2,,,3,2,1,8,1,2,8,1,2,5,1,2,7,6,3,6,5,8,8,1,1,1,6,3,9,11,6,4,8,5,5,1,1,4,6,2,1,1,3,3,,,4,4,,,3,7,3,1,2,1,1,2,1,7,1,2,4,5,4,2,2,9,1,5,1,7,1,1,,7,,,b'\x11\xe8\xe1I\xe7\xa0\xf5D\x9a\xbe\x12\xdf\x17\xaeN\x1e'
11E8E149-E7A0-F544-9ABE-12DF17AE4E1E,2019-ncaa-d3-natl,ncaa,15,15,20,17,26,64,45,65,45,52,96,53,83,136,41,205,281,349,39,346,415,105,142,38,45,37,300,171,411,150,139,59,86,77,70,59,199,116,65,40,153,162,17,20,,,192,149,,,20,143,433,217,156,92,288,118,253,135,256,372,417,417,351,422,279,189,245,115,26,239,28,,60,,,23,67,46,222,8,70,325,7,39,88,34,57,329,332,224,335,250,248,276,5,8,21,265,90,418,214,86,176,139,186,70,7,1,155,175,4,46,24,116,59,,,196,266,,,20,288,39,26,16,6,4,22,17,116,11,24,197,193,195,22,12,78,29,37,1,294,12,50,,391,,,b'\x11\xe8\xe1I\xe7\xa0\xf5D\x9a\xbe\x12\xdf\x17\xaeN\x1e'
11E8E149-E7A0-F544-9ABE-12DF17AE4E1E,2020-ncaa-d3-conf-NESCAC,ncaa,3,3,2,3,3,4,4,3,4,3,4,3,7,6,9,9,5,5,1,5,7,4,4,6,6,4,10,10,8,7,6,4,5,5,5,3,8,5,4,3,2,1,1,1,,,9,7,,,2,3,11,9,6,6,9,4,4,10,9,8,10,8,9,11,10,9,10,6,2,1,1,,4,,,3,1,2,5,1,3,8,1,2,2,1,3,7,9,2,9,5,5,7,1,1,1,7,3,11,7,5,8,6,8,5,1,3,1,1,1,5,4,4,2,,,3,2,,,2,8,4,1,3,1,1,1,2,3,1,1,4,4,4,1,1,4,3,3,1,1,3,2,,4,,,b'\x11\xe8\xe1I\xe7\xa0\xf5D\x9a\xbe\x12\xdf\x17\xaeN\x1e'
11E8E149-E7A0-F544-9ABE-12DF17AE4E1E,2020-ncaa-d3-natl,ncaa,18,15,26,19,44,118,90,108,110,55,77,97,226,234,224,292,199,318,5,314,402,139,170,145,135,103,361,319,329,146,106,70,49,91,49,150,292,117,89,102,93,83,2,1,,,280,309,,,19,178,422,217,218,156,262,94,168,291,312,288,400,394,317,393,230,178,214,206,46,141,4,,151,,,17,19,17,113,5,40,293,2,15,19,62,11,272,326,63,324,272,139,200,2,5,3,246,40,423,128,49,121,106,108,49,7,18,99,81,7,90,77,187,127,,,168,185,,,19,236,95,6,13,3,2,9,8,134,3,4,181,237,229,11,15,57,30,29,1,177,41,121,,316,,,b'\x11\xe8\xe1I\xe7\xa0\xf5D\x9a\xbe\x12\xdf\x17\xaeN\x1e'
11E8E149-E7A0-F544-9ABE-12DF17AE4E1E,2022-ncaa-d3-conf-NESCAC,ncaa,1,1,1,1,1,1,1,2,2,1,2,2,3,4,3,9,3,2,9,2,5,2,2,3,4,3,9,7,6,4,7,1,8,2,5,1,3,10,6,3,2,6,1,1,,,10,5,,,1,1,11,6,6,7,8,5,5,6,9,7,6,6,9,11,7,4,6,3,4,7,1,,4,,,1,9,8,11,1,9,10,1,1,8,2,2,10,11,8,10,7,11,11,1,1,1,4,2,11,11,8,10,7,11,5,7,5,1,5,2,10,7,7,1,,,1,3,,,1,10,4,2,1,1,1,2,1,8,1,2,10,9,9,3,3,9,4,6,1,5,6,1,,4,,,b'\x11\xe8\xe1I\xe7\xa0\xf5D\x9a\xbe\x12\xdf\x17\xaeN\x1e'
11E8E149-E7A0-F544-9ABE-12DF17AE4E1E,2022-ncaa-d3-natl,ncaa,9,21,6,18,12,75,71,51,141,61,34,206,132,191,66,304,93,104,136,110,304,55,72,158,160,113,256,245,224,39,58,53,248,34,122,70,135,137,55,54,192,265,8,25,,,289,182,,,47,105,422,410,219,202,301,183,178,246,336,236,280,295,317,410,147,253,200,171,19,317,16,,69,,,59,171,158,356,15,240,411,10,40,91,32,13,336,320,350,314,122,363,355,6,8,27,120,25,375,386,248,311,58,362,122,89,89,151,250,82,224,146,139,44,,,39,91,,,47,325,80,52,49,8,10,52,53,242,5,8,176,130,130,50,20,244,57,114,8,329,90,38,,228,,,b'\x11\xe8\xe1I\xe7\xa0\xf5D\x9a\xbe\x12\xdf\x17\xaeN\x1e'
11E8E149-E7A0-F544-9ABE-12DF17AE4E1E,2023-ncaa-d3-conf-NESCAC,ncaa,4,4,5,4,5,6,5,6,2,5,5,2,6,5,6,5,10,10,7,10,8,6,6,3,4,7,8,7,10,5,2,5,8,5,4,4,5,9,9,6,5,5,2,3,,,6,6,,,4,7,10,7,8,3,9,4,6,6,6,10,9,9,9,9,5,5,5,5,8,6,2,,4,,,4,3,4,7,2,4,9,2,2,4,6,4,3,5,2,5,3,6,6,2,3,1,4,6,4,10,8,3,2,7,4,2,3,5,5,3,9,8,4,6,,,5,7,,,4,5,5,4,3,2,2,6,4,6,2,3,2,4,3,5,3,9,1,6,2,7,8,5,,8,,,b'\x11\xe8\xe1I\xe7\xa0\xf5D\x9a\xbe\x12\xdf\x17\xaeN\x1e'
11E8E149-E7A0-F544-9ABE-12DF17AE4E1E,2023-ncaa-d3-natl,ncaa,107,85,185,101,195,251,221,297,106,197,244,143,230,298,100,261,312,359,85,361,370,318,339,118,123,148,296,227,344,248,157,183,230,213,139,193,151,145,237,165,369,367,37,46,,,104,147,,,126,355,413,67,261,216,341,194,261,238,310,345,388,388,370,390,250,164,215,182,151,390,30,,82,,,124,42,50,144,26,118,329,13,27,19,129,10,141,116,318,121,74,128,97,19,20,64,67,39,293,253,230,57,157,108,139,21,19,333,309,96,155,237,186,213,,,293,201,,,126,77,150,93,116,37,55,140,124,342,16,10,142,109,112,115,67,248,52,112,20,361,160,183,,328,,,b'\x11\xe8\xe1I\xe7\xa0\xf5D\x9a\xbe\x12\xdf\x17\xaeN\x1e'
11E8E149-E7A0-F544-9ABE-12DF17AE4E1E,2024-ncaa-d3-conf-NESCAC,ncaa,5,5,8,5,9,9,9,9,10,9,8,9,7,5,7,3,5,2,9,2,2,9,6,10,10,9,3,4,1,2,2,9,9,6,6,10,8,10,10,10,1,1,2,2,,,9,10,,,5,9,5,3,8,9,6,9,7,6,3,3,1,1,2,1,1,7,2,10,10,1,2,,10,,,5,4,3,4,4,4,5,3,1,1,6,2,9,9,8,9,10,3,3,3,6,3,7,2,11,8,9,2,2,5,6,2,4,4,2,2,11,11,4,5,,,5,5,,,5,3,9,4,5,5,3,4,4,6,2,2,10,10,10,5,9,10,6,9,4,2,11,4,,1,,,b'\x11\xe8\xe1I\xe7\xa0\xf5D\x9a\xbe\x12\xdf\x17\xaeN\x1e'
11E8E149-E7A0-F544-9ABE-12DF17AE4E1E,2024-ncaa-d3-natl,ncaa,110,30,375,58,375,283,271,343,175,269,305,183,250,289,166,236,297,303,220,312,249,347,372,171,177,162,245,220,237,189,68,318,42,269,55,219,88,47,149,114,263,118,33,12,,,105,333,,,89,391,321,39,180,167,147,153,158,197,211,198,199,207,152,207,68,109,73,111,150,152,14,,256,,,61,12,10,23,28,19,55,17,11,13,114,26,135,129,214,126,259,24,29,21,33,35,223,56,397,21,42,31,68,24,55,6,26,303,118,24,80,182,73,113,,,350,234,,,89,35,127,29,63,27,22,54,59,196,24,17,260,256,255,62,79,63,138,85,10,176,185,135,,239,,,b'\x11\xe8\xe1I\xe7\xa0\xf5D\x9a\xbe\x12\xdf\x17\xaeN\x1e'
11E8E149-E7A0-F544-9ABE-12DF17AE4E1E,2025-ncaa-d3-conf-NESCAC,genius_ncaa,2,2,2,2,3,3,4,2,6,3,2,4,7,4,11,7,2,2,5,2,2,2,2,6,5,6,6,11,2,4,7,2,11,2,7,2,6,10,8,8,2,3,1,1,,,11,10,,4,2,1,2,7,5,8,8,5,6,11,7,2,2,2,6,4,7,5,7,6,8,1,1,,11,,4,2,9,7,10,1,7,11,1,8,6,7,1,11,11,2,11,9,11,11,1,2,2,8,4,10,11,11,11,7,11,7,5,3,2,4,2,6,3,2,1,,,2,2,,10,2,9,6,2,2,2,2,4,3,9,2,1,9,10,10,7,11,11,6,9,2,2,3,1,,2,,11,b'\x11\xe8\xe1I\xe7\xa0\xf5D\x9a\xbe\x12\xdf\x17\xaeN\x1e'
11E8E149-E7A0-F544-9ABE-12DF17AE4E1E,2025-ncaa-d3-natl,genius_ncaa,57,75,36,74,41,128,130,122,150,97,109,124,245,206,294,273,73,98,101,100,173,120,100,184,154,170,287,320,129,106,127,44,92,52,74,126,186,277,210,189,127,161,6,8,,,389,380,,70,70,104,322,115,209,214,280,156,209,310,293,124,169,177,267,285,170,81,114,191,186,195,6,,341,,54,68,76,43,235,8,82,362,4,46,36,181,14,361,369,177,370,284,281,316,7,14,19,281,76,408,240,92,257,127,251,74,8,14,92,115,13,157,105,190,126,,,59,78,,368,70,318,163,22,65,21,10,63,25,212,23,10,295,305,301,80,97,132,102,112,8,152,89,124,,128,,385,b'\x11\xe8\xe1I\xe7\xa0\xf5D\x9a\xbe\x12\xdf\x17\xaeN\x1e'
11E8E149-E7A0-F544-9ABE-12DF17AE4E1E,2026-ncaa-d3-conf-NESCAC,genius_ncaa,2,1,5,1,5,5,5,5,2,5,5,5,5,5,1,5,5,5,3,5,5,5,5,2,2,2,4,3,5,5,1,6,6,5,3,4,2,2,2,1,4,2,4,1,,,2,4,,5,2,5,2,3,1,1,1,1,1,3,5,3,4,4,2,2,1,6,2,1,2,2,1,,4,,6,1,2,2,1,2,2,2,2,1,1,2,3,2,2,5,2,2,2,2,2,2,1,2,3,2,2,6,1,1,2,3,1,5,5,1,3,1,1,5,6,,,5,5,,1,2,1,1,2,1,2,2,2,3,3,3,2,2,2,2,2,4,6,1,3,5,1,1,6,,3,,1,b'\x11\xe8\xe1I\xe7\xa0\xf5D\x9a\xbe\x12\xdf\x17\xaeN\x1e'
11E8E149-E7A0-F544-9ABE-12DF17AE4E1E,2026-ncaa-d3-natl,genius_ncaa,54,1,327,1,337,269,231,349,19,181,273,42,316,374,76,351,300,313,195,317,293,347,367,43,53,39,370,333,277,211,18,342,155,314,33,231,213,33,86,53,184,38,22,2,,,111,336,,37,19,377,362,113,67,40,177,25,70,263,349,169,210,214,178,279,64,187,112,63,73,58,1,,273,,45,8,19,13,33,6,17,49,3,20,25,112,71,78,100,82,98,281,34,45,5,8,5,301,160,374,77,155,31,18,39,33,12,88,220,21,3,28,56,151,203,,,294,62,,363,19,44,17,5,5,5,4,16,11,86,29,20,146,190,176,18,78,160,24,54,5,53,52,261,,106,,348,b'\x11\xe8\xe1I\xe7\xa0\xf5D\x9a\xbe\x12\xdf\x17\xaeN\x1e'
11E8E149-E7A5-2A24-9ABE-12DF17AE4E1E,2018-ncaa-d3-conf-HCAC,ncaa,10,10,7,10,7,10,10,10,6,8,8,5,10,10,10,9,7,5,10,3,4,10,5,8,8,10,8,10,1,8,7,4,6,6,4,8,1,10,10,10,10,10,3,3,,,3,3,,,10,4,1,5,10,10,10,7,7,10,9,7,4,3,10,2,8,2,4,8,10,10,2,,4,,,10,10,10,9,7,9,9,7,8,7,8,3,4,5,4,5,3,9,8,7,7,9,3,6,2,7,6,3,7,3,4,9,6,10,10,10,10,10,1,1,,,4,6,,,10,7,10,8,10,10,10,10,9,10,10,7,5,5,5,10,10,8,3,5,9,9,10,1,,4,,,b'\x11\xe8\xe1I\xe7\xa5*$\x9a\xbe\x12\xdf\x17\xaeN\x1e'
11E8E149-E7A5-2A24-9ABE-12DF17AE4E1E,2018-ncaa-d3-natl,ncaa,433,437,305,433,341,402,402,426,275,363,375,283,421,419,407,404,256,184,365,183,40,421,308,334,312,415,351,422,16,394,276,224,226,318,176,329,34,444,443,425,429,440,112,137,,,115,118,,,423,261,111,281,414,420,442,362,382,427,431,217,129,130,439,227,388,114,278,330,444,439,85,,158,,,420,333,387,322,359,383,325,355,276,232,304,189,119,118,184,118,78,281,192,350,326,373,87,193,67,232,226,33,276,69,176,338,172,375,393,397,443,442,12,20,,,255,182,,,423,193,420,365,417,385,401,390,401,382,298,282,154,153,146,376,328,291,48,113,349,370,443,6,,188,,,b'\x11\xe8\xe1I\xe7\xa5*$\x9a\xbe\x12\xdf\x17\xaeN\x1e'
11E8E149-E7A5-2A24-9ABE-12DF17AE4E1E,2019-ncaa-d3-conf-HCAC,ncaa,9,9,7,9,7,8,8,10,5,7,8,4,7,8,6,6,2,2,7,2,1,10,9,4,4,7,5,6,1,9,7,1,4,6,4,7,3,10,10,10,10,10,1,2,,,4,4,,,9,7,4,2,6,7,10,7,7,7,8,2,2,2,10,6,9,1,2,6,10,10,1,,6,,,9,7,7,9,3,10,10,2,2,2,9,1,6,6,7,6,3,10,5,3,3,8,3,1,5,7,4,2,7,3,4,3,1,10,10,10,10,10,1,2,,,4,1,,,9,5,9,8,8,9,10,10,10,10,5,2,6,6,6,10,8,8,3,6,5,10,10,2,,1,,,b'\x11\xe8\xe1I\xe7\xa5*$\x9a\xbe\x12\xdf\x17\xaeN\x1e'
11E8E149-E7A5-2A24-9ABE-12DF17AE4E1E,2019-ncaa-d3-natl,ncaa,282,304,215,299,225,229,263,361,120,236,323,111,267,302,185,270,72,80,138,87,29,328,278,126,87,188,179,281,35,366,303,83,69,186,99,262,238,369,395,344,431,440,31,48,,,273,284,,,320,227,190,51,209,273,401,238,339,270,307,42,50,56,366,256,370,18,119,259,374,440,22,,298,,,317,360,298,331,185,307,380,112,241,142,390,71,417,371,436,363,241,358,208,180,255,388,278,147,377,157,69,100,303,114,99,139,50,420,436,390,388,397,126,200,,,136,62,,,320,238,237,366,305,361,309,374,306,400,247,145,423,377,376,388,254,166,103,115,149,436,386,129,,91,,,b'\x11\xe8\xe1I\xe7\xa5*$\x9a\xbe\x12\xdf\x17\xaeN\x1e'
11E8E149-E7A5-2A24-9ABE-12DF17AE4E1E,2020-ncaa-d3-conf-HCAC,ncaa,5,4,5,5,6,6,6,10,4,7,8,4,5,7,3,6,6,8,2,8,4,10,10,3,3,3,4,5,3,9,8,3,2,5,5,8,8,7,9,8,10,10,3,3,,,5,4,,,4,9,10,6,9,7,10,8,9,6,7,4,8,8,10,10,9,2,7,9,8,10,3,,3,,,4,3,1,4,2,4,7,2,1,4,1,4,8,8,6,8,7,5,2,2,2,4,5,3,8,5,2,2,8,3,5,1,1,10,10,6,7,8,6,8,,,7,2,,,4,2,4,4,4,2,2,6,5,7,1,3,7,8,7,5,1,7,2,2,1,10,7,5,,8,,,b'\x11\xe8\xe1I\xe7\xa5*$\x9a\xbe\x12\xdf\x17\xaeN\x1e'
11E8E149-E7A5-2A24-9ABE-12DF17AE4E1E,2020-ncaa-d3-natl,ncaa,285,275,327,291,357,375,379,415,201,383,412,219,281,351,117,167,293,357,43,365,135,416,414,173,146,221,110,158,111,415,341,293,222,371,202,369,284,139,367,339,428,426,67,43,,,61,204,,,272,410,437,303,382,388,434,392,422,260,324,261,350,356,434,438,417,234,361,377,215,433,45,,76,,,272,29,31,58,75,57,101,77,76,104,110,200,124,104,257,102,180,53,26,73,80,226,248,217,279,161,222,15,341,28,202,35,107,428,425,355,183,357,213,386,,,346,69,,,272,29,262,270,275,65,75,131,95,161,116,144,170,158,154,118,8,223,22,60,71,438,234,261,,328,,,b'\x11\xe8\xe1I\xe7\xa5*$\x9a\xbe\x12\xdf\x17\xaeN\x1e'
11E8E149-E7A5-2A24-9ABE-12DF17AE4E1E,2021-ncaa-d3-conf-HCAC,ncaa,4,8,4,6,4,5,5,5,3,6,6,3,4,5,2,4,7,7,4,7,9,5,6,2,2,2,4,4,8,8,10,4,1,5,5,7,9,5,4,6,7,9,1,1,,,5,3,,,6,5,9,10,8,6,9,8,8,4,5,9,9,9,9,9,10,3,8,8,1,10,1,,1,,,6,6,6,7,2,6,7,2,6,5,8,3,6,6,3,5,1,7,6,4,3,8,5,7,3,4,1,7,10,6,5,4,1,7,10,8,5,3,5,3,,,5,2,,,6,6,6,6,6,2,3,3,4,5,7,3,2,3,2,3,2,1,6,4,1,10,1,1,,7,,,b'\x11\xe8\xe1I\xe7\xa5*$\x9a\xbe\x12\xdf\x17\xaeN\x1e'
11E8E149-E7A5-2A24-9ABE-12DF17AE4E1E,2021-ncaa-d3-natl,ncaa,63,214,32,125,46,73,74,74,98,85,83,116,66,79,70,129,98,100,110,102,180,77,81,94,94,97,127,101,193,176,276,36,24,64,146,114,250,194,139,173,106,196,9,18,,,209,144,,,150,72,276,265,228,214,273,225,261,151,207,225,240,242,280,284,283,114,239,238,43,244,24,,58,,,143,217,215,230,92,212,238,70,211,208,193,108,217,218,110,214,130,227,214,98,95,156,157,165,156,174,24,237,276,223,146,165,44,126,240,165,174,119,205,168,,,50,20,,,150,217,150,132,138,50,50,43,62,85,94,66,102,110,104,37,6,25,97,55,26,272,44,103,,153,,,b'\x11\xe8\xe1I\xe7\xa5*$\x9a\xbe\x12\xdf\x17\xaeN\x1e'
11E8E149-E7A5-2A24-9ABE-12DF17AE4E1E,2022-ncaa-d3-conf-HCAC,ncaa,5,6,1,6,1,1,1,2,3,2,4,3,1,2,2,3,3,4,2,4,7,2,1,3,2,2,3,3,7,7,9,1,7,2,7,2,7,8,3,5,4,10,1,2,,,9,8,,,5,1,3,10,3,4,5,7,8,3,3,6,8,7,5,8,10,2,6,6,4,8,1,,9,,,5,10,10,10,5,10,10,5,9,10,4,5,10,10,4,10,7,10,10,5,5,6,6,5,9,10,7,10,9,10,7,9,4,5,10,9,7,3,7,3,,,2,6,,,5,10,3,7,5,8,5,10,6,10,6,7,8,8,8,10,9,9,8,8,6,10,4,2,,8,,,b'\x11\xe8\xe1I\xe7\xa5*$\x9a\xbe\x12\xdf\x17\xaeN\x1e'
11E8E149-E7A5-2A24-9ABE-12DF17AE4E1E,2022-ncaa-d3-natl,ncaa,190,257,61,232,100,62,93,94,108,184,226,139,23,44,17,56,99,159,42,147,131,94,119,60,55,48,36,32,255,376,420,46,210,155,341,151,319,156,102,143,231,333,47,74,,,402,308,,,223,47,89,395,74,124,168,268,346,26,58,150,227,213,184,268,420,39,263,217,94,293,54,,355,,,223,413,390,413,177,358,377,189,402,410,224,296,417,419,268,418,356,421,390,200,228,326,350,278,345,377,210,410,420,404,341,353,161,305,409,367,216,165,195,204,,,158,242,,,223,383,120,336,222,357,315,373,263,292,364,380,391,389,386,395,335,317,361,350,266,390,160,145,,268,,,b'\x11\xe8\xe1I\xe7\xa5*$\x9a\xbe\x12\xdf\x17\xaeN\x1e'
11E8E149-E7A5-2A24-9ABE-12DF17AE4E1E,2023-ncaa-d3-conf-HCAC,ncaa,4,4,5,4,5,2,3,5,3,7,9,3,2,2,1,2,4,3,8,3,1,4,5,2,2,2,1,1,6,9,10,3,6,5,7,8,10,3,2,6,4,7,6,7,,,8,7,,,3,2,2,3,2,2,2,9,9,2,2,3,1,1,1,3,10,1,5,9,2,5,7,,9,,,3,9,7,9,4,8,7,4,6,9,4,8,7,6,10,6,5,9,10,4,3,5,5,5,7,10,6,10,10,10,7,10,7,5,9,9,2,3,7,10,,,3,1,,,3,8,2,5,3,7,7,10,7,9,6,8,7,6,6,10,10,9,9,10,8,7,3,8,,1,,,b'\x11\xe8\xe1I\xe7\xa5*$\x9a\xbe\x12\xdf\x17\xaeN\x1e'
11E8E149-E7A5-2A24-9ABE-12DF17AE4E1E,2023-ncaa-d3-natl,ncaa,171,131,271,165,276,96,151,146,159,310,366,170,9,18,25,12,100,50,333,46,7,120,187,65,82,45,3,7,199,332,391,156,323,249,370,294,412,56,36,198,82,104,180,230,,,373,341,,,183,128,25,57,22,77,48,315,378,1,8,56,22,23,32,72,332,57,188,294,77,54,171,,406,,,180,358,322,335,219,325,325,224,252,282,164,209,391,348,420,347,278,355,347,202,267,262,259,167,348,373,323,397,391,401,370,332,281,136,215,248,54,50,288,378,,,55,31,,,183,318,94,303,177,378,347,384,350,377,286,324,402,382,387,396,411,379,413,406,333,102,84,326,,11,,,b'\x11\xe8\xe1I\xe7\xa5*$\x9a\xbe\x12\xdf\x17\xaeN\x1e'
11E8E149-E7A5-2A24-9ABE-12DF17AE4E1E,2024-ncaa-d3-conf-HCAC,ncaa,6,6,4,6,5,5,5,4,5,6,6,5,2,2,3,2,7,5,9,4,3,3,3,4,5,4,4,3,8,5,7,6,7,7,8,8,10,4,4,7,3,3,6,5,,,9,10,,,7,3,1,2,4,4,1,6,6,2,2,7,4,4,1,1,4,8,7,8,4,1,6,,10,,,7,10,7,8,7,7,4,7,10,10,8,8,8,8,8,8,10,8,8,7,8,7,10,9,8,6,7,10,7,9,8,8,9,5,7,8,4,5,10,8,,,1,4,,,7,8,5,8,7,8,8,8,7,4,9,9,10,9,9,9,10,7,10,9,8,5,5,10,,2,,,b'\x11\xe8\xe1I\xe7\xa5*$\x9a\xbe\x12\xdf\x17\xaeN\x1e'
11E8E149-E7A5-2A24-9ABE-12DF17AE4E1E,2024-ncaa-d3-natl,ncaa,203,232,112,223,143,99,116,77,189,199,223,174,28,25,114,51,147,104,324,101,83,72,71,138,165,148,65,40,282,138,266,236,326,192,348,251,407,262,164,267,36,49,132,139,,,417,390,,,265,65,42,152,69,101,47,216,257,24,24,166,116,111,42,53,148,307,231,286,238,30,137,,419,,,261,410,374,308,368,327,209,365,404,372,375,307,423,415,396,414,405,359,367,383,404,369,372,288,360,344,326,404,266,397,348,390,338,67,127,248,262,166,406,392,,,58,128,,,265,364,157,363,256,390,349,287,291,181,390,352,417,411,411,336,373,305,388,364,357,65,227,396,,50,,,b'\x11\xe8\xe1I\xe7\xa5*$\x9a\xbe\x12\xdf\x17\xaeN\x1e'
11E8E149-E7A5-2A24-9ABE-12DF17AE4E1E,2025-ncaa-d3-conf-HCAC,genius_ncaa,4,4,2,4,2,3,4,3,9,7,6,7,1,2,2,2,8,5,8,5,4,3,2,5,6,8,1,1,9,3,6,1,8,2,7,8,9,9,8,8,6,6,2,3,,,9,6,,8,7,2,1,3,4,4,3,9,9,1,2,8,5,5,3,1,4,1,1,9,9,6,2,,9,,8,7,10,9,10,2,9,10,3,3,6,2,3,10,9,5,9,6,10,10,2,2,3,4,3,8,10,8,10,6,10,7,10,7,6,8,8,9,8,2,4,,,4,9,,7,7,9,8,4,5,8,6,10,8,10,3,5,10,9,9,10,10,10,8,9,9,7,9,2,,8,,8,b'\x11\xe8\xe1I\xe7\xa5*$\x9a\xbe\x12\xdf\x17\xaeN\x1e'
11E8E149-E7A5-2A24-9ABE-12DF17AE4E1E,2025-ncaa-d3-natl,genius_ncaa,194,215,116,207,125,111,135,93,222,208,210,201,43,44,121,66,136,135,214,137,130,96,105,169,173,141,58,49,251,181,307,63,265,97,286,232,365,165,98,209,279,360,13,37,,,294,192,,220,244,83,96,63,92,127,71,239,241,39,36,141,141,143,66,108,208,34,88,267,146,322,9,,278,,212,244,388,381,399,187,391,409,161,180,206,168,54,379,364,338,360,180,400,357,156,172,290,113,59,282,368,265,388,307,396,286,332,210,325,393,367,231,177,240,236,,,181,265,,285,244,334,162,315,245,348,337,383,366,400,160,173,374,348,347,387,337,344,368,361,295,364,205,224,,218,,302,b'\x11\xe8\xe1I\xe7\xa5*$\x9a\xbe\x12\xdf\x17\xaeN\x1e'
11E8E149-E7A5-2A24-9ABE-12DF17AE4E1E,2026-ncaa-d3-conf-HCAC,genius_ncaa,8,8,1,8,1,2,5,2,8,10,7,9,2,2,1,2,3,1,10,1,1,1,1,5,4,4,2,2,3,6,9,1,9,2,8,8,10,9,7,9,4,6,8,10,,,7,4,,4,9,1,2,1,2,5,2,10,7,2,2,3,1,1,1,1,6,1,2,8,9,4,8,,7,,4,9,10,10,10,9,10,10,8,8,9,7,6,7,7,6,7,4,10,10,7,7,8,3,5,3,9,9,10,9,10,8,9,5,5,7,8,10,7,5,5,,,2,3,,7,9,10,5,9,8,10,10,10,10,10,8,9,7,7,7,10,10,9,10,10,9,5,10,5,,2,,7,b'\x11\xe8\xe1I\xe7\xa5*$\x9a\xbe\x12\xdf\x17\xaeN\x1e'
11E8E149-E7A5-2A24-9ABE-12DF17AE4E1E,2026-ncaa-d3-natl,genius_ncaa,288,268,215,305,219,146,163,204,140,221,280,127,57,78,74,66,130,79,333,77,27,185,205,96,108,98,51,54,197,211,262,187,368,196,324,173,242,164,136,151,153,207,178,248,,,230,186,,271,216,200,55,13,30,68,58,173,251,14,26,66,26,24,35,43,159,61,89,105,208,102,162,,336,,303,216,290,307,306,235,316,322,225,237,251,185,142,224,215,215,220,123,302,269,221,203,270,116,155,139,377,368,252,262,323,324,309,233,265,335,330,190,173,193,251,,,157,136,,363,216,223,114,332,211,386,384,403,386,405,296,328,299,293,302,406,402,401,368,395,359,213,222,229,,54,,373,b'\x11\xe8\xe1I\xe7\xa5*$\x9a\xbe\x12\xdf\x17\xaeN\x1e'
11E8E149-E7A9-7AD4-9ABE-12DF17AE4E1E,2018-ncaa-d3-conf-Great Northeast,ncaa,9,9,9,9,9,10,10,9,11,13,12,12,3,3,7,1,12,13,6,13,12,11,12,9,10,10,1,1,12,9,9,12,7,11,10,8,2,10,12,9,9,9,7,7,,,2,2,,,12,10,5,4,10,9,4,13,10,3,1,12,13,13,7,6,7,11,10,8,11,9,7,,2,,,12,11,12,6,12,10,8,11,10,5,13,6,7,5,12,5,3,5,4,12,13,13,8,8,4,4,7,6,9,6,10,12,12,9,10,13,8,8,10,13,,,12,12,,,12,5,10,12,12,11,12,9,11,10,12,7,9,7,7,9,8,5,9,8,12,8,10,11,,10,,,b'\x11\xe8\xe1I\xe7\xa9z\xd4\x9a\xbe\x12\xdf\x17\xaeN\x1e'
11E8E149-E7A9-7AD4-9ABE-12DF17AE4E1E,2018-ncaa-d3-natl,ncaa,383,394,305,393,341,370,366,231,411,412,365,416,90,41,291,17,419,427,267,427,408,302,256,394,400,403,29,10,420,283,353,296,223,311,347,278,58,345,370,331,335,349,199,214,,,85,68,,,410,226,82,281,388,386,119,424,368,67,20,423,435,435,213,123,259,236,267,260,380,324,178,,109,,,407,374,363,275,362,276,252,269,415,290,439,264,244,227,321,225,215,263,193,385,389,411,342,384,140,151,223,341,353,269,347,402,379,356,380,415,297,307,338,421,,,407,429,,,410,220,407,387,406,408,392,368,325,325,426,335,311,272,273,367,329,212,391,345,406,343,328,380,,414,,,b'\x11\xe8\xe1I\xe7\xa9z\xd4\x9a\xbe\x12\xdf\x17\xaeN\x1e'
11E8E149-E7A9-7AD4-9ABE-12DF17AE4E1E,2019-ncaa-d3-conf-Great Northeast,ncaa,5,5,5,5,5,6,6,8,5,5,5,6,9,10,6,11,8,8,7,8,6,9,8,5,4,6,10,9,5,12,12,7,7,9,9,9,10,9,11,10,6,7,5,5,,,11,12,,,7,5,7,4,7,6,11,3,7,8,10,7,7,7,11,10,12,7,12,10,10,5,5,,10,,,7,6,3,5,6,3,2,6,7,9,4,10,12,12,13,12,13,7,8,5,8,9,12,7,13,6,7,5,12,6,9,5,7,5,5,4,9,9,2,3,,,8,5,,,7,9,7,7,7,7,5,3,4,2,6,8,13,12,13,6,7,6,6,7,5,5,7,2,,6,,,b'\x11\xe8\xe1I\xe7\xa9z\xd4\x9a\xbe\x12\xdf\x17\xaeN\x1e'
11E8E149-E7A9-7AD4-9ABE-12DF17AE4E1E,2019-ncaa-d3-natl,ncaa,263,304,129,285,156,234,199,197,206,174,171,208,249,248,246,256,306,344,116,341,380,231,162,226,238,288,323,256,337,331,366,166,224,250,288,287,384,389,370,366,199,235,190,183,,,342,292,,,306,118,121,156,282,222,252,189,196,279,275,339,379,379,304,190,364,178,302,341,364,211,200,,325,,,302,337,233,258,201,225,203,250,252,314,128,280,422,414,381,417,409,329,324,197,268,245,338,183,406,269,224,292,366,290,288,234,195,143,197,167,340,313,64,52,,,264,327,,,306,322,324,231,303,289,198,218,203,168,229,295,420,400,408,282,304,249,259,256,201,161,311,49,,311,,,b'\x11\xe8\xe1I\xe7\xa9z\xd4\x9a\xbe\x12\xdf\x17\xaeN\x1e'
11E8E149-E7A9-7AD4-9ABE-12DF17AE4E1E,2020-ncaa-d3-conf-Great Northeast,ncaa,11,11,9,11,9,9,8,10,6,7,11,4,9,6,12,4,11,12,9,12,8,11,12,7,8,9,11,9,11,12,12,10,11,12,12,8,10,3,6,8,6,5,7,5,,,7,11,,,9,10,6,3,9,5,6,5,10,9,5,11,11,11,7,9,12,10,12,8,5,4,7,,12,,,9,8,5,2,9,4,1,10,12,12,8,12,7,10,2,9,12,2,3,10,9,9,12,11,6,10,11,6,12,8,12,9,10,7,7,9,2,4,1,2,,,12,7,,,9,2,9,10,9,10,8,9,7,2,12,12,10,11,11,9,10,11,12,11,9,4,3,1,,10,,,b'\x11\xe8\xe1I\xe7\xa9z\xd4\x9a\xbe\x12\xdf\x17\xaeN\x1e'
11E8E149-E7A9-7AD4-9ABE-12DF17AE4E1E,2020-ncaa-d3-natl,ncaa,344,368,198,357,210,283,249,218,264,217,229,208,289,196,385,188,345,357,218,349,365,255,272,294,307,294,329,272,350,391,422,237,367,331,408,302,355,171,202,292,208,242,90,97,,,254,221,,,311,186,168,34,304,253,185,201,208,289,197,363,375,363,235,249,408,229,351,319,195,194,80,,298,,,309,250,245,261,200,252,229,239,237,291,123,260,245,329,25,329,306,285,291,193,162,186,219,234,224,384,367,393,422,392,408,321,336,184,231,278,127,147,10,6,,,333,337,,,311,227,333,247,314,268,269,308,267,260,255,314,258,336,336,321,339,374,391,384,325,162,136,9,,360,,,b'\x11\xe8\xe1I\xe7\xa9z\xd4\x9a\xbe\x12\xdf\x17\xaeN\x1e'
11E8E149-E7A9-7AD4-9ABE-12DF17AE4E1E,2022-ncaa-d3-conf-Great Northeast,ncaa,10,11,8,11,9,8,8,6,12,9,7,12,4,2,10,3,10,9,10,9,8,6,6,12,12,11,4,3,9,6,11,10,13,10,13,11,13,5,4,7,3,5,9,9,,,5,3,,,12,7,1,10,9,9,1,9,7,5,1,11,9,9,3,3,6,13,11,11,5,3,9,,7,,,11,12,12,9,13,11,8,13,9,10,6,11,9,9,10,9,8,9,10,13,13,10,6,7,5,12,13,13,11,13,13,13,12,4,4,9,5,4,12,10,,,8,10,,,12,7,11,10,11,12,13,11,13,8,9,10,9,9,9,11,13,13,13,13,13,3,4,10,,9,,,b'\x11\xe8\xe1I\xe7\xa9z\xd4\x9a\xbe\x12\xdf\x17\xaeN\x1e'
11E8E149-E7A9-7AD4-9ABE-12DF17AE4E1E,2022-ncaa-d3-natl,ncaa,364,365,300,374,329,329,308,164,397,329,244,391,165,81,359,79,373,328,411,333,317,196,227,392,401,376,139,79,368,189,320,366,415,314,409,307,270,128,133,277,90,90,262,278,,,155,103,,,364,236,34,274,315,293,18,330,159,126,36,384,292,303,27,41,123,369,266,286,216,46,259,,247,,,356,271,299,208,329,291,182,349,255,243,242,256,195,225,115,221,247,201,253,329,316,232,176,214,145,390,415,405,320,407,409,385,395,77,64,248,61,46,312,331,,,320,368,,,364,190,369,291,355,361,365,358,357,313,317,321,274,299,298,358,406,401,424,419,400,29,96,373,,271,,,b'\x11\xe8\xe1I\xe7\xa9z\xd4\x9a\xbe\x12\xdf\x17\xaeN\x1e'
11E8E149-E7A9-7AD4-9ABE-12DF17AE4E1E,2023-ncaa-d3-conf-Great Northeast,ncaa,11,11,8,11,10,9,9,9,10,9,9,7,6,4,10,4,11,9,12,9,7,8,10,11,11,7,5,4,11,8,9,12,11,10,12,9,9,4,5,6,6,5,10,10,,,3,4,,,12,9,5,7,8,8,6,8,8,6,3,10,9,9,7,8,8,11,10,9,5,4,9,,5,,,12,11,11,8,12,11,5,12,7,8,6,9,9,6,13,6,5,4,6,12,12,12,3,7,5,9,11,12,9,11,12,12,13,8,8,11,4,6,6,9,,,8,6,,,12,5,8,12,12,11,11,9,11,8,9,10,9,7,7,8,10,11,12,13,12,5,5,9,,6,,,b'\x11\xe8\xe1I\xe7\xa9z\xd4\x9a\xbe\x12\xdf\x17\xaeN\x1e'
11E8E149-E7A9-7AD4-9ABE-12DF17AE4E1E,2023-ncaa-d3-natl,ncaa,341,372,185,355,210,254,242,179,313,217,206,236,241,140,385,168,242,154,375,144,142,171,146,326,336,319,257,241,185,238,338,276,365,278,385,247,229,301,254,279,100,145,345,374,,,165,80,,,360,117,82,127,265,258,136,223,213,262,131,237,129,119,127,102,238,307,291,255,290,99,365,,161,,,356,392,401,342,389,394,271,400,357,353,293,313,193,175,267,169,131,325,341,392,381,347,144,265,64,364,365,405,338,403,385,415,398,103,146,346,295,267,192,193,,,149,174,,,360,318,336,358,352,380,390,355,379,276,356,348,198,173,169,339,363,354,404,391,403,87,288,192,,101,,,b'\x11\xe8\xe1I\xe7\xa9z\xd4\x9a\xbe\x12\xdf\x17\xaeN\x1e'
11E8E149-E7A9-7AD4-9ABE-12DF17AE4E1E,2024-ncaa-d3-conf-Great Northeast,ncaa,13,13,11,13,15,13,11,10,11,12,13,9,5,6,10,4,15,13,15,13,8,11,13,11,14,10,6,3,13,12,12,14,14,14,14,10,3,3,5,6,8,6,7,7,,,3,7,,,14,13,9,15,12,11,7,12,13,4,4,15,13,13,9,10,11,14,13,8,5,6,7,,8,,,14,8,6,3,14,7,8,9,5,1,14,3,9,8,5,8,7,3,4,13,13,12,7,7,9,14,14,12,12,14,14,7,7,9,7,8,5,8,2,4,,,14,14,,,14,3,11,14,14,14,13,10,13,14,8,4,10,12,12,11,13,14,15,15,11,6,7,3,,14,,,b'\x11\xe8\xe1I\xe7\xa9z\xd4\x9a\xbe\x12\xdf\x17\xaeN\x1e'
11E8E149-E7A9-7AD4-9ABE-12DF17AE4E1E,2024-ncaa-d3-natl,ncaa,318,297,345,324,355,275,268,242,287,318,346,230,110,68,241,31,372,330,406,327,201,266,279,241,288,291,88,36,381,309,353,353,399,346,401,174,43,230,266,195,125,124,280,301,,,178,177,,,289,247,38,200,223,210,76,286,314,52,23,368,281,281,95,73,256,309,290,96,305,63,254,,309,,,292,211,233,177,277,268,225,259,143,122,242,129,217,246,118,241,219,181,224,252,247,203,131,134,205,365,399,335,353,360,401,273,283,123,120,199,246,266,48,112,,,327,342,,,289,165,310,262,291,342,341,349,342,368,228,214,307,328,326,368,390,397,408,407,336,50,305,75,,257,,,b'\x11\xe8\xe1I\xe7\xa9z\xd4\x9a\xbe\x12\xdf\x17\xaeN\x1e'
11E8E149-E7A9-7AD4-9ABE-12DF17AE4E1E,2025-ncaa-d3-conf-Great Northeast,genius_ncaa,7,6,14,6,14,9,10,14,7,11,14,9,5,9,5,8,6,8,9,8,4,13,14,5,5,6,6,6,7,12,8,14,12,14,10,12,14,2,5,8,11,5,13,11,,,2,6,,1,7,15,9,6,5,6,6,9,9,5,6,4,2,2,6,8,8,11,12,11,5,3,13,,7,,1,7,2,4,1,10,5,2,10,6,5,9,12,1,1,9,1,7,1,2,9,8,7,8,9,6,8,12,4,8,6,10,4,7,12,4,8,3,6,7,9,,,9,1,,14,7,1,6,7,7,8,10,8,10,7,9,10,6,4,4,8,9,11,10,10,9,5,6,8,,1,,12,b'\x11\xe8\xe1I\xe7\xa9z\xd4\x9a\xbe\x12\xdf\x17\xaeN\x1e'
11E8E149-E7A9-7AD4-9ABE-12DF17AE4E1E,2025-ncaa-d3-natl,genius_ncaa,234,155,373,207,377,248,278,330,179,290,344,152,194,199,178,130,140,119,274,110,23,305,315,155,144,176,98,155,84,273,215,358,342,341,297,302,293,177,251,272,195,153,380,365,,,156,204,,4,224,322,56,241,87,149,120,193,239,98,91,40,23,22,83,67,158,220,178,224,292,97,369,,317,,6,224,134,121,87,243,129,76,301,173,234,115,309,203,162,336,156,272,85,111,238,261,228,237,212,234,247,342,98,215,144,297,176,246,191,130,179,221,280,72,175,,,116,21,,240,224,91,190,250,226,326,316,331,296,236,288,349,332,303,303,336,359,349,296,330,292,76,312,149,,7,,203,b'\x11\xe8\xe1I\xe7\xa9z\xd4\x9a\xbe\x12\xdf\x17\xaeN\x1e'
11E8E149-E7A9-7AD4-9ABE-12DF17AE4E1E,2026-ncaa-d3-conf-MASCAC,genius_ncaa,2,2,1,2,1,2,2,1,2,2,1,2,2,1,2,1,2,2,1,2,2,1,1,2,2,2,2,1,2,1,2,2,2,2,2,2,2,1,1,2,1,1,1,1,,,2,2,,1,2,1,1,1,2,2,1,2,1,2,1,2,2,2,1,1,1,2,2,2,1,1,1,,2,,1,2,2,2,1,2,2,1,2,2,1,2,1,2,2,1,2,2,1,1,2,2,2,2,1,2,1,2,2,2,2,2,2,2,1,1,2,1,1,1,1,,,2,2,,1,2,1,2,2,2,2,2,1,2,1,2,1,2,2,2,1,1,1,2,2,2,1,1,1,,2,,1,b'\x11\xe8\xe1I\xe7\xa9z\xd4\x9a\xbe\x12\xdf\x17\xaeN\x1e'
11E8E149-E7A9-7AD4-9ABE-12DF17AE4E1E,2026-ncaa-d3-natl,genius_ncaa,225,268,116,265,139,213,220,128,358,264,167,360,132,88,277,136,176,74,386,68,85,115,95,342,361,345,91,119,173,98,253,166,301,132,320,162,86,334,266,283,53,87,215,236,,,410,416,,271,330,104,35,113,282,297,95,320,200,148,85,197,74,66,74,42,111,190,145,205,326,58,240,,415,,261,325,324,237,223,234,207,224,158,301,213,367,113,412,413,132,413,415,296,317,257,309,245,391,215,411,334,301,364,253,362,320,321,366,62,93,180,262,175,90,54,,,61,91,,169,330,314,335,257,320,330,194,160,144,177,290,168,413,414,414,308,362,317,390,377,314,54,225,61,,30,,206,b'\x11\xe8\xe1I\xe7\xa9z\xd4\x9a\xbe\x12\xdf\x17\xaeN\x1e'
11E8E149-E7AD-B216-9ABE-12DF17AE4E1E,2018-ncaa-d3-conf-MAC Commonwealth,ncaa,6,6,6,6,7,7,7,7,7,6,4,7,9,9,9,9,4,4,5,4,3,7,7,8,7,7,8,9,1,6,5,6,2,6,5,7,7,8,7,7,6,5,7,7,,,3,6,,,7,6,3,4,7,7,6,5,3,9,9,1,1,1,6,3,3,5,5,7,8,5,7,,4,,,7,5,5,1,8,6,2,7,6,4,7,5,2,2,9,2,2,1,2,8,8,6,3,7,2,1,2,2,5,1,5,6,6,6,4,7,7,7,5,4,,,3,1,,,7,4,7,6,7,7,7,5,7,4,6,5,2,2,2,3,4,1,5,3,7,3,7,7,,1,,,b'\x11\xe8\xe1I\xe7\xad\xb2\x16\x9a\xbe\x12\xdf\x17\xaeN\x1e'
11E8E149-E7AD-B216-9ABE-12DF17AE4E1E,2018-ncaa-d3-natl,ncaa,243,251,197,255,264,294,292,256,315,155,74,326,429,421,429,439,84,113,112,115,262,223,205,375,340,339,416,442,12,112,87,256,125,181,113,325,327,297,287,334,179,161,340,361,,,176,223,,,270,244,222,303,314,312,240,121,41,436,433,50,83,83,192,163,85,248,144,346,298,182,356,,179,,,269,148,227,158,294,296,262,281,107,96,223,111,89,68,406,72,53,115,145,275,254,226,62,116,96,90,125,157,87,110,113,302,324,187,151,252,333,316,338,219,,,152,130,,,270,182,314,196,276,173,241,183,295,276,115,97,94,58,57,131,142,92,177,125,303,183,329,355,,112,,,b'\x11\xe8\xe1I\xe7\xad\xb2\x16\x9a\xbe\x12\xdf\x17\xaeN\x1e'
11E8E149-E7AD-B216-9ABE-12DF17AE4E1E,2019-ncaa-d3-conf-MAC Commonwealth,ncaa,5,4,4,5,5,6,6,6,6,6,5,7,8,9,3,9,2,1,4,1,1,6,2,6,6,6,5,8,1,2,2,5,2,4,2,6,8,8,7,7,4,4,5,5,,,6,6,,,5,4,4,2,5,6,7,6,4,8,9,2,2,1,4,3,2,5,3,6,7,4,6,,5,,,5,4,5,3,7,6,5,7,3,4,5,4,2,5,2,5,5,4,4,7,6,4,1,3,2,1,2,2,2,2,2,1,2,3,3,2,9,8,7,6,,,1,1,,,5,5,6,4,5,4,6,2,6,3,3,3,2,4,4,2,4,1,3,1,2,3,8,7,,2,,,b'\x11\xe8\xe1I\xe7\xad\xb2\x16\x9a\xbe\x12\xdf\x17\xaeN\x1e'
11E8E149-E7AD-B216-9ABE-12DF17AE4E1E,2019-ncaa-d3-natl,ncaa,206,274,67,245,67,144,201,137,291,128,43,342,364,395,212,428,9,6,206,6,62,72,65,331,282,273,278,410,3,77,138,130,85,93,124,305,403,341,238,360,118,157,234,291,,,362,295,,,223,73,170,4,199,279,225,168,50,392,417,5,5,6,107,97,115,210,131,379,279,162,272,,307,,,221,364,363,287,355,395,354,343,135,123,239,68,344,379,95,376,289,332,347,317,319,248,81,61,262,132,85,325,138,253,124,247,93,93,129,123,366,285,366,236,,,20,39,,,223,372,254,195,219,260,275,156,326,276,89,60,286,327,327,196,248,74,227,149,174,122,308,329,,16,,,b'\x11\xe8\xe1I\xe7\xad\xb2\x16\x9a\xbe\x12\xdf\x17\xaeN\x1e'
11E8E149-E7AD-B216-9ABE-12DF17AE4E1E,2020-ncaa-d3-conf-MAC Commonwealth,ncaa,6,4,6,6,9,7,8,9,6,8,9,6,7,8,3,8,5,5,4,5,2,9,9,6,6,5,4,8,2,7,2,9,2,8,2,7,4,4,6,6,7,4,9,9,,,2,6,,,6,9,9,7,7,8,9,8,9,7,8,4,3,3,9,9,5,9,7,6,5,6,9,,4,,,6,2,2,1,8,5,2,9,1,1,3,1,2,1,7,1,2,1,1,8,8,8,1,1,2,1,2,1,2,1,2,1,2,9,7,4,3,5,7,8,,,6,1,,,6,1,5,6,6,3,4,2,8,4,2,1,3,1,1,2,1,1,1,1,3,9,5,8,,3,,,b'\x11\xe8\xe1I\xe7\xad\xb2\x16\x9a\xbe\x12\xdf\x17\xaeN\x1e'
11E8E149-E7AD-B216-9ABE-12DF17AE4E1E,2020-ncaa-d3-natl,ncaa,215,218,198,221,230,302,322,375,219,274,210,325,371,419,20,421,109,125,159,122,120,361,342,249,206,280,267,376,18,278,170,166,75,210,74,298,211,309,370,336,309,281,344,375,,,129,206,,,250,352,365,97,325,353,414,285,186,380,432,88,96,89,395,352,276,105,181,314,329,311,347,,139,,,251,83,162,158,201,252,293,166,50,49,170,63,65,54,261,51,44,111,79,145,124,198,31,82,110,95,75,56,170,57,74,73,56,343,313,218,230,293,383,367,,,143,39,,,250,90,280,177,248,119,200,195,267,321,53,50,71,52,54,143,81,112,65,64,100,360,245,392,,99,,,b'\x11\xe8\xe1I\xe7\xad\xb2\x16\x9a\xbe\x12\xdf\x17\xaeN\x1e'
11E8E149-E7AD-B216-9ABE-12DF17AE4E1E,2021-ncaa-d3-conf-MAC Freedom,ncaa,2,3,2,2,3,2,2,3,5,2,2,5,5,6,6,7,2,3,3,3,7,3,2,5,5,4,6,6,3,2,1,2,3,3,2,3,6,5,3,4,3,4,5,7,,,4,1,,,5,3,4,3,4,4,4,4,2,5,7,3,6,4,4,4,2,5,3,6,3,5,6,,1,,,5,6,7,7,6,8,8,6,3,4,5,3,3,3,4,3,1,5,6,6,6,6,1,3,1,4,3,4,1,4,2,7,3,3,3,5,6,5,5,5,,,2,3,,,5,7,3,5,5,4,6,7,8,7,4,3,2,1,2,3,3,3,3,3,6,4,5,5,,2,,,b'\x11\xe8\xe1I\xe7\xad\xb2\x16\x9a\xbe\x12\xdf\x17\xaeN\x1e'
11E8E149-E7AD-B216-9ABE-12DF17AE4E1E,2021-ncaa-d3-natl,ncaa,80,149,81,118,100,143,131,109,214,104,66,226,202,187,242,270,143,146,91,146,257,111,106,236,237,239,271,267,142,82,100,89,103,88,110,142,196,200,204,212,92,126,125,187,,,143,48,,,189,115,212,110,244,215,200,130,44,271,274,216,232,235,226,203,110,134,117,218,179,142,174,,39,,,167,146,193,181,172,225,222,177,81,117,29,24,80,89,51,90,11,170,172,116,75,68,4,18,18,167,103,191,100,181,110,178,109,91,99,125,237,242,262,247,,,127,196,,,189,180,223,66,160,57,152,129,227,233,16,18,9,9,7,65,73,97,123,114,136,123,232,269,,219,,,b'\x11\xe8\xe1I\xe7\xad\xb2\x16\x9a\xbe\x12\xdf\x17\xaeN\x1e'
11E8E149-E7AD-B216-9ABE-12DF17AE4E1E,2022-ncaa-d3-conf-MAC Freedom,ncaa,6,5,7,6,7,5,7,9,4,7,8,6,7,9,1,8,2,3,2,3,1,8,8,5,4,5,4,5,1,7,5,7,5,6,5,7,7,6,8,7,9,9,9,9,,,5,8,,,5,8,8,2,5,6,9,7,6,7,9,2,2,2,9,7,6,5,6,7,7,9,9,,7,,,5,6,7,3,9,7,6,7,4,2,9,2,2,1,8,2,2,2,2,8,8,8,2,4,1,1,5,1,5,1,5,4,1,9,9,8,6,7,3,7,,,6,2,,,5,2,5,8,5,8,8,7,8,9,5,2,5,3,3,6,3,6,2,3,6,9,6,6,,3,,,b'\x11\xe8\xe1I\xe7\xad\xb2\x16\x9a\xbe\x12\xdf\x17\xaeN\x1e'
11E8E149-E7AD-B216-9ABE-12DF17AE4E1E,2022-ncaa-d3-natl,ncaa,302,341,188,325,231,292,320,324,287,302,260,337,292,334,161,300,127,179,74,181,127,317,257,295,245,324,158,265,27,247,199,189,171,216,148,342,349,391,391,388,310,336,369,392,,,234,266,,,322,251,277,290,350,374,404,348,292,311,353,117,164,160,396,300,256,170,223,378,377,341,390,,239,,,315,245,309,253,292,358,324,292,105,120,164,80,116,127,144,129,71,224,174,260,229,271,23,69,85,204,171,116,199,142,148,181,64,289,311,258,353,365,406,414,,,174,115,,,322,180,323,269,314,233,299,260,340,334,88,86,109,121,123,216,150,187,97,130,156,325,331,410,,160,,,b'\x11\xe8\xe1I\xe7\xad\xb2\x16\x9a\xbe\x12\xdf\x17\xaeN\x1e'
11E8E149-E7AD-B216-9ABE-12DF17AE4E1E,2023-ncaa-d3-conf-MAC Freedom,ncaa,4,7,1,5,1,4,4,4,4,7,8,4,1,1,3,1,7,6,7,5,2,5,4,3,4,4,1,1,8,6,7,4,6,5,7,4,2,5,4,4,7,7,4,3,,,6,6,,,5,4,9,4,5,5,7,7,9,1,1,8,7,7,7,8,7,7,7,4,4,7,4,,5,,,5,8,8,8,7,7,6,7,8,8,3,6,8,8,3,8,8,8,5,6,6,7,5,4,8,8,6,6,7,8,7,8,8,8,8,8,4,6,6,9,,,3,1,,,5,6,4,8,5,7,6,6,6,4,4,7,8,8,8,6,2,7,5,7,8,8,4,4,,5,,,b'\x11\xe8\xe1I\xe7\xad\xb2\x16\x9a\xbe\x12\xdf\x17\xaeN\x1e'
11E8E149-E7AD-B216-9ABE-12DF17AE4E1E,2023-ncaa-d3-natl,ncaa,152,198,63,182,107,232,261,234,294,378,409,183,21,15,179,2,297,257,359,253,27,243,224,170,218,247,4,1,338,209,254,119,286,157,256,155,28,269,281,215,274,299,97,95,,,223,213,,,220,235,395,425,316,345,372,413,428,24,16,361,332,332,380,384,264,210,249,211,197,335,116,,141,,,220,167,153,266,79,153,198,140,204,308,44,293,269,309,78,311,315,278,239,80,78,134,269,229,298,348,286,295,254,340,256,211,260,265,298,259,330,322,141,348,,,118,74,,,220,184,248,183,220,81,79,120,88,95,147,244,212,245,246,130,84,281,196,238,150,350,268,95,,192,,,b'\x11\xe8\xe1I\xe7\xad\xb2\x16\x9a\xbe\x12\xdf\x17\xaeN\x1e'
11E8E149-E7AD-B216-9ABE-12DF17AE4E1E,2024-ncaa-d3-conf-MAC Freedom,ncaa,2,2,1,2,1,2,3,6,3,6,8,2,2,2,2,1,2,2,1,2,1,4,3,2,2,2,1,1,2,6,5,2,5,4,5,2,2,7,6,3,5,6,1,2,,,3,1,,,3,3,6,5,4,6,8,8,8,2,2,2,3,2,7,7,8,2,7,2,3,6,1,,1,,,3,6,6,8,3,5,8,3,4,7,5,6,4,5,4,5,3,8,8,3,3,3,5,5,3,8,5,4,5,7,5,5,2,4,4,4,8,6,4,8,,,1,1,,,3,6,2,5,3,3,4,5,4,4,4,4,3,3,3,4,4,6,1,2,3,5,4,3,,2,,,b'\x11\xe8\xe1I\xe7\xad\xb2\x16\x9a\xbe\x12\xdf\x17\xaeN\x1e'
11E8E149-E7AD-B216-9ABE-12DF17AE4E1E,2024-ncaa-d3-natl,ncaa,42,30,63,38,74,121,153,242,69,229,356,27,45,65,65,37,107,149,80,144,27,227,234,34,31,63,54,61,188,261,200,59,225,124,125,64,11,241,253,94,353,381,27,44,,,129,89,,,117,207,379,171,153,214,369,292,412,53,81,138,199,192,368,380,318,71,181,66,181,393,29,,71,,,123,192,202,344,61,228,330,85,167,305,29,232,231,197,311,219,136,333,275,47,46,127,195,184,234,357,225,98,200,214,125,144,99,335,377,260,322,316,300,379,,,86,42,,,117,227,76,171,108,107,122,253,148,232,122,240,164,139,156,226,126,298,30,119,94,385,265,254,,137,,,b'\x11\xe8\xe1I\xe7\xad\xb2\x16\x9a\xbe\x12\xdf\x17\xaeN\x1e'
11E8E149-E7AD-B216-9ABE-12DF17AE4E1E,2025-ncaa-d3-conf-MAC Freedom,genius_ncaa,3,3,3,3,4,1,1,3,2,5,8,1,1,1,2,1,2,2,2,2,1,3,3,1,1,1,1,1,6,2,3,6,6,4,4,2,3,1,1,1,3,3,4,4,,,7,7,,1,2,3,4,8,1,1,2,6,8,1,1,2,2,5,2,5,5,8,7,1,2,3,5,,7,,2,2,6,5,3,6,5,5,5,5,2,7,2,7,7,2,7,7,4,5,6,6,5,6,2,6,4,6,4,3,3,4,5,6,3,2,4,3,2,6,8,,,2,1,,1,2,6,1,4,2,5,5,4,5,3,3,2,7,8,8,5,5,3,4,4,5,3,3,7,,1,,1,b'\x11\xe8\xe1I\xe7\xad\xb2\x16\x9a\xbe\x12\xdf\x17\xaeN\x1e'
11E8E149-E7AD-B216-9ABE-12DF17AE4E1E,2025-ncaa-d3-natl,genius_ncaa,102,94,116,106,190,119,145,138,165,301,382,62,4,3,94,2,276,336,26,348,165,170,249,64,70,46,8,2,370,195,233,231,206,228,242,83,54,24,35,13,275,280,135,161,,,139,155,,53,123,269,340,411,107,143,134,343,414,3,3,307,372,382,199,344,229,291,266,68,17,314,157,,101,,46,127,231,278,210,304,313,275,275,146,110,252,105,143,143,172,150,123,191,155,279,257,273,69,120,129,206,206,262,233,239,242,269,229,278,281,307,47,57,384,417,,,226,193,,129,123,159,47,273,118,178,238,156,279,220,123,83,113,119,125,135,86,159,221,195,245,324,44,369,,265,,147,b'\x11\xe8\xe1I\xe7\xad\xb2\x16\x9a\xbe\x12\xdf\x17\xaeN\x1e'
11E8E149-E7AD-B216-9ABE-12DF17AE4E1E,2026-ncaa-d3-natl,genius_ncaa,157,200,116,194,139,142,180,235,103,318,380,34,10,24,58,1,162,220,61,210,24,232,237,30,23,56,2,4,244,358,401,111,280,216,307,71,26,217,230,102,389,414,84,183,,,117,30,,9,249,194,280,113,148,224,360,376,415,9,11,177,267,262,358,369,403,100,288,63,171,415,98,,34,,11,248,316,341,344,257,354,376,197,264,213,307,77,187,160,268,155,24,327,257,238,211,351,72,157,74,343,280,244,401,289,307,302,139,379,414,403,267,299,117,271,,,157,81,,98,249,229,116,369,247,318,350,376,365,393,241,168,137,115,103,367,219,328,206,282,294,415,231,87,,188,,114,b'\x11\xe8\xe1I\xe7\xad\xb2\x16\x9a\xbe\x12\xdf\x17\xaeN\x1e'
11E8E149-E7B1-E21E-9ABE-12DF17AE4E1E,2018-ncaa-d3-conf-MIAC,ncaa,6,6,7,6,8,6,6,5,6,7,7,5,5,3,7,3,4,5,7,5,2,5,7,6,7,5,3,4,4,6,10,12,9,12,12,6,8,2,2,4,3,2,5,5,,,10,11,,,7,7,4,2,4,5,2,6,6,3,2,1,1,1,2,3,5,12,12,4,2,2,5,,12,,,7,11,8,1,12,10,4,12,5,3,11,3,12,11,11,11,11,3,3,12,12,11,7,3,11,5,9,11,10,10,12,11,11,4,4,9,1,1,5,5,,,8,8,,,7,7,5,10,7,11,9,4,11,6,6,5,12,12,12,7,7,6,12,10,11,3,1,7,,6,,,b'\x11\xe8\xe1I\xe7\xb1\xe2\x1e\x9a\xbe\x12\xdf\x17\xaeN\x1e'
11E8E149-E7B1-E21E-9ABE-12DF17AE4E1E,2018-ncaa-d3-natl,ncaa,218,197,305,213,308,208,232,297,164,283,356,126,95,100,135,70,193,219,140,212,77,287,354,109,107,78,79,88,205,335,342,420,330,410,388,265,292,24,52,111,116,66,187,136,,,303,411,,,243,349,308,50,135,178,204,272,355,73,61,142,171,155,186,312,330,439,431,232,42,79,166,,383,,,243,247,208,42,430,241,67,430,138,70,380,126,376,337,383,339,413,59,78,428,437,396,225,112,377,83,330,195,342,135,388,358,411,175,101,284,21,53,195,303,,,339,260,,,243,89,104,373,246,323,286,43,310,110,191,93,404,387,388,93,123,117,275,208,370,132,45,233,,320,,,b'\x11\xe8\xe1I\xe7\xb1\xe2\x1e\x9a\xbe\x12\xdf\x17\xaeN\x1e'
11E8E149-E7B1-E21E-9ABE-12DF17AE4E1E,2019-ncaa-d3-conf-MIAC,ncaa,2,2,1,2,1,3,4,3,5,6,8,5,2,1,2,1,1,2,2,2,3,3,2,3,3,3,1,1,5,8,10,11,8,11,11,4,4,4,2,3,2,3,8,6,,,10,6,,,3,2,6,3,3,4,4,8,10,2,1,2,4,4,3,6,10,11,12,4,3,2,9,,6,,,3,6,7,3,10,10,3,12,4,7,2,7,6,8,3,8,8,3,10,10,10,4,3,3,6,6,8,11,10,11,11,10,12,2,2,4,1,1,6,7,,,3,3,,,3,11,3,4,3,4,4,3,6,1,4,6,6,6,6,2,4,3,10,9,6,2,1,6,,4,,,b'\x11\xe8\xe1I\xe7\xb1\xe2\x1e\x9a\xbe\x12\xdf\x17\xaeN\x1e'
11E8E149-E7B1-E21E-9ABE-12DF17AE4E1E,2019-ncaa-d3-natl,ncaa,38,29,67,35,98,74,110,120,122,214,272,136,20,38,44,55,72,100,85,104,67,114,130,64,53,54,32,47,187,178,228,337,260,292,298,93,128,188,119,85,17,12,318,313,,,348,332,,,77,126,266,127,72,149,198,282,371,21,48,96,140,149,173,247,241,426,396,106,114,15,354,,288,,,79,224,244,109,379,297,108,418,135,205,85,264,263,268,192,277,344,117,292,363,358,172,126,113,249,157,260,297,228,246,298,335,362,28,18,91,114,79,144,195,,,78,88,,,77,316,64,149,80,138,159,26,215,38,89,128,193,197,210,30,134,98,205,143,268,25,78,105,,108,,,b'\x11\xe8\xe1I\xe7\xb1\xe2\x1e\x9a\xbe\x12\xdf\x17\xaeN\x1e'
11E8E149-E7B1-E21E-9ABE-12DF17AE4E1E,2020-ncaa-d3-conf-MIAC,ncaa,2,2,1,2,1,2,2,1,5,3,3,4,1,1,8,3,3,2,10,2,2,1,2,5,5,3,4,3,8,4,8,5,6,3,9,3,3,1,1,1,2,2,5,5,,,10,10,,,3,2,2,4,2,2,1,4,8,1,1,4,2,2,1,3,5,8,6,3,1,2,5,,10,,,3,9,7,5,8,8,9,6,4,4,8,4,11,10,9,10,10,6,11,8,8,3,8,3,10,7,6,12,8,12,9,7,11,2,2,3,1,1,2,1,,,2,3,,,3,11,2,3,3,6,4,3,6,6,4,3,10,10,10,4,9,5,12,10,4,2,1,2,,2,,,b'\x11\xe8\xe1I\xe7\xb1\xe2\x1e\x9a\xbe\x12\xdf\x17\xaeN\x1e'
11E8E149-E7B1-E21E-9ABE-12DF17AE4E1E,2020-ncaa-d3-natl,ncaa,36,31,65,37,79,39,65,88,83,167,293,38,16,20,78,33,64,35,279,32,15,65,120,35,41,18,40,38,234,229,325,315,180,297,324,77,171,29,7,12,21,16,231,222,,,415,410,,,63,89,242,95,36,78,143,222,377,18,28,82,46,46,109,248,297,412,388,95,9,27,261,,386,,,62,296,229,95,368,220,132,325,247,127,394,159,395,371,378,375,393,141,282,373,398,258,323,209,371,94,180,387,325,288,324,280,286,29,25,85,78,46,15,14,,,24,22,,,63,337,20,210,67,202,149,17,142,52,204,70,365,326,329,36,132,51,295,190,211,45,46,5,,34,,,b'\x11\xe8\xe1I\xe7\xb1\xe2\x1e\x9a\xbe\x12\xdf\x17\xaeN\x1e'
11E8E149-E7B1-E21E-9ABE-12DF17AE4E1E,2021-ncaa-d3-conf-MIAC,ncaa,9,10,6,10,6,6,6,6,11,6,6,11,7,7,9,6,7,7,5,7,10,6,6,11,11,11,7,8,4,5,8,7,11,6,11,6,6,6,5,8,3,2,2,2,,,4,1,,,11,6,8,4,11,10,4,9,5,10,7,9,10,11,8,7,5,10,10,10,5,2,2,,1,,,11,8,8,6,9,8,7,7,8,5,11,4,4,5,5,5,2,6,6,9,9,9,3,9,2,11,11,9,8,10,11,10,11,4,5,10,7,4,6,3,,,8,11,,,11,6,11,11,11,10,11,9,9,9,11,5,2,2,2,7,10,11,11,11,11,5,4,3,,11,,,b'\x11\xe8\xe1I\xe7\xb1\xe2\x1e\x9a\xbe\x12\xdf\x17\xaeN\x1e'
11E8E149-E7B1-E21E-9ABE-12DF17AE4E1E,2021-ncaa-d3-natl,ncaa,215,149,206,224,206,210,212,212,223,211,211,224,209,212,204,164,198,210,29,212,208,214,214,231,208,184,152,179,74,216,230,227,270,223,269,220,215,62,92,170,184,84,158,87,,,64,38,,,226,215,231,110,219,219,183,197,140,202,180,140,197,203,208,241,196,276,269,228,53,93,73,,40,,,238,91,93,75,262,93,79,232,98,71,272,102,73,71,196,71,61,73,73,265,262,259,104,193,49,102,270,86,230,91,269,118,255,212,156,245,64,120,53,43,,,220,237,,,226,71,191,271,242,232,244,162,231,182,229,96,99,78,75,140,126,247,228,245,263,154,87,38,,258,,,b'\x11\xe8\xe1I\xe7\xb1\xe2\x1e\x9a\xbe\x12\xdf\x17\xaeN\x1e'
11E8E149-E7B1-E21E-9ABE-12DF17AE4E1E,2022-ncaa-d3-conf-MIAC,ncaa,1,1,1,1,1,2,2,3,3,4,6,1,1,2,3,3,8,6,8,6,6,3,5,1,2,2,6,3,12,10,11,8,7,9,9,3,7,4,2,2,3,3,3,3,,,2,3,,,3,3,10,5,4,3,6,4,9,2,3,9,8,8,6,10,10,9,10,3,1,3,4,,1,,,3,4,6,7,6,7,5,8,5,7,3,6,1,1,1,1,1,4,6,7,3,3,2,5,1,7,7,8,11,6,9,9,12,3,3,6,3,2,5,6,,,7,6,,,3,7,2,3,3,3,4,5,6,5,5,4,1,1,1,2,2,6,6,5,8,4,2,4,,9,,,b'\x11\xe8\xe1I\xe7\xb1\xe2\x1e\x9a\xbe\x12\xdf\x17\xaeN\x1e'
11E8E149-E7B1-E21E-9ABE-12DF17AE4E1E,2022-ncaa-d3-natl,ncaa,39,55,32,50,50,86,81,121,61,133,226,47,47,62,61,78,229,201,276,197,179,124,171,41,61,45,126,59,379,321,369,189,146,250,299,170,362,97,64,117,74,69,156,154,,,218,169,,,109,117,375,290,147,148,305,228,373,64,96,326,314,313,327,411,392,363,396,265,23,131,215,,74,,,121,283,333,263,312,307,216,333,304,289,264,291,86,109,58,99,93,233,264,319,280,235,149,272,47,166,146,335,369,280,299,333,244,107,113,212,115,98,174,188,,,142,165,,,109,293,84,207,130,101,162,47,162,55,191,168,22,27,24,22,29,66,173,115,203,216,45,103,,312,,,b'\x11\xe8\xe1I\xe7\xb1\xe2\x1e\x9a\xbe\x12\xdf\x17\xaeN\x1e'
11E8E149-E7B1-E21E-9ABE-12DF17AE4E1E,2023-ncaa-d3-conf-MIAC,ncaa,7,7,7,8,9,8,7,6,7,7,7,6,8,7,6,7,11,11,11,11,10,7,11,8,8,7,6,6,10,10,10,8,9,10,10,12,12,5,5,9,4,3,3,2,,,7,8,,,5,9,6,8,8,6,6,7,6,8,7,11,10,10,8,10,10,9,11,12,5,3,2,,8,,,6,3,3,4,6,2,1,9,7,7,6,11,3,2,8,3,7,3,3,8,8,3,9,10,6,4,9,9,10,8,10,11,11,3,3,5,3,5,1,1,,,11,9,,,5,4,7,5,6,3,4,3,3,2,9,9,4,2,2,3,6,7,11,9,11,3,5,1,,10,,,b'\x11\xe8\xe1I\xe7\xb1\xe2\x1e\x9a\xbe\x12\xdf\x17\xaeN\x1e'
11E8E149-E7B1-E21E-9ABE-12DF17AE4E1E,2023-ncaa-d3-natl,ncaa,188,198,185,198,240,256,233,290,152,250,321,141,151,172,151,118,318,325,278,324,234,297,360,134,152,137,185,126,350,394,400,354,177,379,350,374,427,54,111,292,95,50,137,57,,,177,280,,,209,313,359,288,270,246,333,266,349,152,170,349,351,344,351,411,414,406,418,399,51,83,135,,180,,,211,116,113,65,261,38,24,324,387,384,313,422,88,62,370,66,258,51,85,332,332,238,411,418,108,83,177,206,400,145,350,242,337,152,75,189,46,100,12,11,,,302,192,,,209,107,203,215,212,123,121,48,43,6,381,386,77,50,53,33,52,95,225,143,236,140,50,4,,341,,,b'\x11\xe8\xe1I\xe7\xb1\xe2\x1e\x9a\xbe\x12\xdf\x17\xaeN\x1e'
11E8E149-E7B1-E21E-9ABE-12DF17AE4E1E,2024-ncaa-d3-conf-MIAC,ncaa,8,7,10,8,11,10,11,10,10,8,7,9,9,9,9,8,5,5,9,5,3,8,11,11,9,7,7,8,1,11,11,11,11,11,11,11,11,3,6,9,5,3,10,9,,,2,3,,,8,11,3,8,8,10,9,7,7,9,8,4,3,3,6,8,10,10,11,11,5,3,9,,4,,,8,3,5,3,6,2,3,5,8,6,9,8,2,2,5,2,4,2,2,9,9,6,8,10,4,9,11,9,11,10,11,5,7,5,3,4,3,4,7,6,,,8,2,,,8,2,8,6,8,8,8,7,6,5,10,8,3,4,4,7,10,10,11,11,7,2,4,8,,5,,,b'\x11\xe8\xe1I\xe7\xb1\xe2\x1e\x9a\xbe\x12\xdf\x17\xaeN\x1e'
11E8E149-E7B1-E21E-9ABE-12DF17AE4E1E,2024-ncaa-d3-natl,ncaa,299,275,345,300,357,349,374,381,317,345,350,310,348,352,330,294,111,121,169,115,21,371,382,336,276,276,141,315,11,391,390,400,350,404,399,398,395,107,256,353,162,95,371,327,,,89,175,,,327,373,244,244,331,368,394,334,317,338,320,45,36,31,347,362,399,414,417,398,199,101,364,,173,,,330,121,115,47,326,72,28,334,338,258,358,396,156,112,385,121,316,45,67,358,366,305,377,391,195,155,350,134,390,130,399,131,179,188,83,136,110,245,181,299,,,218,23,,,327,65,321,303,327,271,237,133,157,45,384,352,247,189,201,130,208,243,280,274,210,99,191,253,,75,,,b'\x11\xe8\xe1I\xe7\xb1\xe2\x1e\x9a\xbe\x12\xdf\x17\xaeN\x1e'
11E8E149-E7B1-E21E-9ABE-12DF17AE4E1E,2025-ncaa-d3-conf-MIAC,genius_ncaa,11,11,5,11,7,12,11,7,12,11,7,12,10,7,10,7,12,11,12,11,10,9,6,12,12,12,9,5,11,6,10,6,11,5,11,11,6,10,10,11,12,12,6,8,,,12,12,,10,12,6,3,4,12,11,7,11,6,9,7,12,11,11,9,3,6,3,3,11,10,12,6,,12,,11,12,11,7,10,5,7,9,6,7,9,4,5,12,12,12,12,10,11,7,5,7,10,9,3,11,11,11,12,10,12,11,10,10,12,12,11,8,9,9,9,,,10,10,,8,12,6,12,11,12,11,6,11,7,10,8,9,12,12,12,11,11,11,12,12,10,12,8,10,,9,,9,b'\x11\xe8\xe1I\xe7\xb1\xe2\x1e\x9a\xbe\x12\xdf\x17\xaeN\x1e'
11E8E149-E7B1-E21E-9ABE-12DF17AE4E1E,2025-ncaa-d3-natl,genius_ncaa,370,384,290,381,321,371,363,345,358,356,326,356,293,270,315,172,384,359,376,364,291,355,359,353,362,362,196,161,305,330,333,315,239,331,309,369,329,217,319,351,400,391,243,208,,,353,417,,360,362,357,339,220,385,378,357,366,323,288,243,392,356,360,378,355,319,276,318,374,264,401,222,,400,,382,361,204,99,75,219,99,79,226,194,176,238,226,401,368,414,370,402,114,49,231,324,374,375,185,412,166,239,209,333,181,309,165,262,398,389,366,152,250,276,347,,,354,295,,285,362,56,360,371,369,292,170,146,154,126,234,230,407,391,391,212,91,199,285,258,226,405,200,311,,355,,289,b'\x11\xe8\xe1I\xe7\xb1\xe2\x1e\x9a\xbe\x12\xdf\x17\xaeN\x1e'
11E8E149-E7B1-E21E-9ABE-12DF17AE4E1E,2026-ncaa-d3-conf-MIAC,genius_ncaa,6,6,4,6,6,12,11,8,12,9,5,12,9,11,7,11,7,4,12,4,5,7,5,12,12,12,8,9,3,6,7,7,8,5,9,9,8,8,11,11,4,6,10,11,,,7,7,,8,11,4,1,3,12,12,9,8,2,9,11,7,3,3,7,2,3,8,3,9,11,4,10,,10,,8,12,9,7,6,9,8,4,11,8,8,5,10,8,8,7,8,10,6,8,10,10,9,9,7,7,7,8,8,7,8,9,9,10,4,6,9,9,8,6,6,,,5,3,,5,11,9,12,8,11,10,9,8,9,3,8,10,10,10,10,8,11,8,10,10,11,3,9,7,,2,,5,b'\x11\xe8\xe1I\xe7\xb1\xe2\x1e\x9a\xbe\x12\xdf\x17\xaeN\x1e'
11E8E149-E7B1-E21E-9ABE-12DF17AE4E1E,2026-ncaa-d3-natl,genius_ncaa,157,132,215,163,249,307,316,311,259,333,318,292,170,226,116,140,287,292,219,278,177,307,301,229,242,258,90,82,227,303,247,303,221,319,244,286,157,183,268,260,253,202,230,149,,,241,379,,324,287,298,299,113,298,302,320,335,322,136,191,272,272,266,329,322,281,297,308,259,230,222,218,,344,,366,286,180,142,96,308,114,66,333,264,226,294,357,261,265,189,271,400,112,116,339,341,308,360,331,324,133,221,138,247,133,244,191,303,249,149,224,195,273,78,107,,,300,256,,201,287,114,268,294,291,250,180,72,117,31,324,309,333,345,350,119,120,166,168,161,251,180,231,68,,305,,195,b'\x11\xe8\xe1I\xe7\xb1\xe2\x1e\x9a\xbe\x12\xdf\x17\xaeN\x1e'
11E8E149-E7B6-1B9A-9ABE-12DF17AE4E1E,2018-ncaa-d3-conf-CCIW,ncaa,5,4,5,5,8,4,4,4,5,3,2,5,6,6,4,5,2,2,5,2,2,3,3,6,5,4,4,5,2,3,4,5,7,5,6,5,5,3,3,4,3,4,7,7,,,6,5,,,4,3,1,6,2,4,1,3,2,4,5,2,2,2,2,1,1,3,2,5,4,2,7,,6,,,4,7,5,5,4,5,4,4,5,4,5,5,8,8,5,8,8,5,7,5,5,4,6,4,6,7,7,6,4,7,6,5,5,2,2,3,3,3,5,4,,,2,1,,,4,7,4,5,4,7,5,7,6,5,6,5,9,9,9,7,9,7,7,7,5,2,4,5,,1,,,b'\x11\xe8\xe1I\xe7\xb6\x1b\x9a\x9a\xbe\x12\xdf\x17\xaeN\x1e'
11E8E149-E7B6-1B9A-9ABE-12DF17AE4E1E,2018-ncaa-d3-natl,ncaa,151,138,197,155,264,75,100,111,105,89,95,114,191,221,139,307,27,39,66,40,100,85,103,116,83,70,231,302,72,183,255,178,97,173,200,165,339,153,84,151,117,138,346,357,,,233,147,,,166,91,28,303,25,36,48,39,60,176,208,8,22,20,37,52,176,123,133,143,176,106,359,,244,,,165,391,381,253,394,343,205,399,360,327,347,312,341,298,404,295,309,272,325,390,403,342,274,280,234,110,97,320,255,231,200,347,202,86,96,172,170,112,268,173,,,47,60,,,166,356,81,283,168,391,364,293,333,227,368,334,367,316,312,313,373,110,341,260,332,54,180,287,,10,,,b'\x11\xe8\xe1I\xe7\xb6\x1b\x9a\x9a\xbe\x12\xdf\x17\xaeN\x1e'
11E8E149-E7B6-1B9A-9ABE-12DF17AE4E1E,2019-ncaa-d3-conf-CCIW,ncaa,4,4,5,4,6,8,8,7,7,6,7,6,6,5,7,4,4,3,8,3,1,6,6,7,8,8,5,5,4,3,2,5,7,5,3,8,6,8,8,8,3,3,4,4,,,5,6,,,4,7,7,9,8,8,8,7,7,6,5,6,3,3,8,7,3,4,4,8,6,5,4,,6,,,4,2,2,3,4,1,1,3,5,7,4,8,6,6,5,6,7,2,4,4,4,4,8,7,6,5,7,5,2,4,3,3,4,3,3,2,9,9,6,7,,,3,1,,,4,3,7,4,4,4,3,4,3,2,8,7,5,5,5,2,2,6,3,3,2,5,8,6,,3,,,b'\x11\xe8\xe1I\xe7\xb6\x1b\x9a\x9a\xbe\x12\xdf\x17\xaeN\x1e'
11E8E149-E7B6-1B9A-9ABE-12DF17AE4E1E,2019-ncaa-d3-natl,ncaa,169,185,129,179,206,177,205,274,139,185,247,109,244,252,240,264,85,68,250,63,48,222,229,148,140,149,217,285,78,271,255,261,267,279,260,219,280,226,237,240,197,202,190,165,,,372,394,,,218,201,273,396,197,231,356,202,298,270,277,83,57,52,292,301,303,331,343,255,196,208,200,,369,,,216,304,218,155,292,197,132,295,306,273,303,285,381,369,350,370,398,191,224,309,349,319,353,255,361,240,267,200,255,206,260,253,239,170,162,197,259,269,170,205,,,69,28,,,218,227,169,313,225,256,188,101,168,91,276,238,373,354,357,144,164,208,149,161,220,193,228,158,,55,,,b'\x11\xe8\xe1I\xe7\xb6\x1b\x9a\x9a\xbe\x12\xdf\x17\xaeN\x1e'
11E8E149-E7B6-1B9A-9ABE-12DF17AE4E1E,2020-ncaa-d3-conf-CCIW,ncaa,4,5,1,5,1,2,2,2,5,3,2,7,1,1,2,5,3,4,3,4,6,2,2,3,4,4,5,5,8,1,1,1,1,1,1,3,4,7,3,3,5,7,7,8,,,4,5,,,3,2,5,1,2,2,2,4,4,1,2,5,4,4,2,3,1,1,1,3,5,6,8,,4,,,3,9,7,8,5,4,4,4,9,9,8,8,4,5,3,6,7,8,7,7,7,8,9,9,4,5,1,8,1,6,1,7,6,5,7,6,8,8,5,4,,,3,6,,,3,8,3,6,3,9,6,8,2,3,9,8,4,4,4,7,5,1,6,2,5,5,8,5,,4,,,b'\x11\xe8\xe1I\xe7\xb6\x1b\x9a\x9a\xbe\x12\xdf\x17\xaeN\x1e'
11E8E149-E7B6-1B9A-9ABE-12DF17AE4E1E,2020-ncaa-d3-natl,ncaa,170,218,65,207,68,86,114,113,152,169,181,175,58,84,71,140,73,90,132,79,93,108,92,122,106,118,94,111,171,134,192,125,46,134,135,153,267,254,176,197,219,254,323,321,,,369,337,,,213,74,230,14,100,145,189,228,270,71,121,104,122,113,157,183,188,209,208,191,195,266,357,,302,,,217,412,363,268,349,206,143,288,434,396,434,371,360,349,288,346,368,298,310,394,402,385,415,406,239,86,46,307,192,214,135,337,242,176,221,283,263,211,197,185,,,48,78,,,213,358,117,323,221,316,273,155,134,59,418,345,295,296,287,180,155,47,206,120,269,237,217,165,,77,,,b'\x11\xe8\xe1I\xe7\xb6\x1b\x9a\x9a\xbe\x12\xdf\x17\xaeN\x1e'
11E8E149-E7B6-1B9A-9ABE-12DF17AE4E1E,2021-ncaa-d3-conf-CCIW,ncaa,6,5,8,6,8,9,9,9,9,9,9,9,5,6,6,1,7,8,4,7,1,9,9,5,5,9,1,1,2,7,1,8,1,8,1,8,2,5,9,9,9,9,9,9,,,1,4,,,7,9,4,2,5,9,8,9,9,2,2,3,3,2,8,3,2,1,1,5,9,9,9,,3,,,7,2,2,1,5,1,1,6,5,5,4,8,1,1,3,1,4,1,1,5,4,8,6,8,1,1,1,1,1,1,1,2,2,9,9,9,8,9,3,9,,,8,6,,,7,1,8,7,7,7,9,8,6,4,9,9,2,2,3,7,4,2,2,2,7,9,9,6,,3,,,b'\x11\xe8\xe1I\xe7\xb6\x1b\x9a\x9a\xbe\x12\xdf\x17\xaeN\x1e'
11E8E149-E7B6-1B9A-9ABE-12DF17AE4E1E,2021-ncaa-d3-natl,ncaa,128,183,112,164,114,141,160,154,194,182,184,200,75,81,87,30,108,98,150,96,11,147,129,143,141,191,11,23,56,102,64,91,23,98,26,109,15,217,258,189,216,276,194,235,,,152,151,,,216,137,194,30,192,232,250,265,276,52,60,104,92,87,242,154,104,42,57,113,252,278,241,,122,,,195,179,182,171,171,156,137,200,229,230,186,271,124,128,93,131,116,166,143,197,174,231,215,265,45,111,23,128,64,122,26,188,154,197,272,267,228,257,132,210,,,98,59,,,216,149,181,202,196,176,193,202,127,76,259,265,64,71,84,174,69,43,53,38,194,276,245,125,,76,,,b'\x11\xe8\xe1I\xe7\xb6\x1b\x9a\x9a\xbe\x12\xdf\x17\xaeN\x1e'
11E8E149-E7B6-1B9A-9ABE-12DF17AE4E1E,2022-ncaa-d3-conf-CCIW,ncaa,6,5,7,6,7,7,7,7,6,8,9,4,2,1,3,1,8,9,3,9,2,8,8,4,4,4,2,1,6,8,4,5,3,7,2,6,1,6,8,6,9,9,5,3,,,4,8,,,6,8,8,3,6,7,7,8,9,1,1,8,9,8,8,8,7,3,5,4,7,9,3,,5,,,6,3,2,2,2,2,2,1,6,8,7,7,7,7,8,7,8,2,2,3,3,7,9,8,8,1,3,1,4,1,2,3,8,9,9,8,4,8,1,1,,,7,5,,,6,2,4,6,6,6,4,6,3,4,9,9,7,7,7,6,2,3,1,1,7,9,6,1,,6,,,b'\x11\xe8\xe1I\xe7\xb6\x1b\x9a\x9a\xbe\x12\xdf\x17\xaeN\x1e'
11E8E149-E7B6-1B9A-9ABE-12DF17AE4E1E,2022-ncaa-d3-natl,ncaa,190,234,107,217,137,169,199,285,89,272,373,51,60,75,73,34,176,241,52,239,56,280,235,50,45,141,39,47,201,300,140,155,64,223,34,122,50,383,381,240,377,399,162,129,,,328,359,,,232,215,320,177,208,254,402,350,418,56,79,201,294,292,403,362,352,219,296,134,339,413,180,,304,,,231,307,232,255,176,127,122,168,405,384,335,381,362,330,389,327,362,268,187,231,274,333,415,390,333,84,64,31,140,41,34,268,275,339,374,353,340,341,21,51,,,150,107,,,232,224,173,292,229,238,157,160,81,52,396,365,341,297,293,175,84,53,2,4,220,393,302,5,,189,,,b'\x11\xe8\xe1I\xe7\xb6\x1b\x9a\x9a\xbe\x12\xdf\x17\xaeN\x1e'
11E8E149-E7B6-1B9A-9ABE-12DF17AE4E1E,2023-ncaa-d3-conf-CCIW,ncaa,2,3,1,3,1,1,1,2,2,4,5,2,1,1,4,2,9,9,3,9,8,3,1,2,2,3,5,2,9,1,1,1,5,1,2,1,3,8,6,3,4,5,6,6,,,9,7,,,3,1,8,4,4,4,4,5,7,1,1,9,9,9,4,4,3,6,3,2,8,5,6,,6,,,3,7,6,8,3,5,7,2,8,9,7,5,9,9,6,9,7,9,9,3,4,4,9,7,8,7,5,3,1,6,2,4,4,3,5,3,8,3,6,5,,,1,6,,,3,9,3,5,4,4,3,2,2,2,6,4,7,6,6,3,2,5,2,2,3,5,4,5,,7,,,b'\x11\xe8\xe1I\xe7\xb6\x1b\x9a\x9a\xbe\x12\xdf\x17\xaeN\x1e'
11E8E149-E7B6-1B9A-9ABE-12DF17AE4E1E,2023-ncaa-d3-natl,ncaa,67,113,33,107,44,45,47,82,49,102,214,21,38,30,82,45,187,257,42,260,239,97,63,31,32,67,135,78,378,125,103,113,118,113,70,41,97,363,276,142,133,196,269,275,,,409,403,,,136,57,233,197,87,80,202,164,355,51,62,272,357,359,253,220,196,267,236,58,272,212,321,,363,,,147,383,327,288,288,257,182,294,386,375,337,334,398,397,224,396,397,335,347,319,347,311,385,323,340,173,118,146,103,149,70,290,183,111,155,178,295,220,110,120,,,55,139,,,136,370,75,268,147,251,179,90,120,55,320,278,352,352,350,126,146,97,42,42,183,191,217,57,,148,,,b'\x11\xe8\xe1I\xe7\xb6\x1b\x9a\x9a\xbe\x12\xdf\x17\xaeN\x1e'
11E8E149-E7B6-1B9A-9ABE-12DF17AE4E1E,2024-ncaa-d3-conf-CCIW,ncaa,4,4,1,4,4,7,7,6,5,6,6,4,7,4,7,5,9,8,5,8,9,6,5,5,5,9,7,5,8,3,2,1,1,2,2,4,1,9,9,6,6,7,3,1,,,2,2,,,6,5,6,9,7,7,7,7,7,8,5,9,9,9,8,7,4,1,2,5,9,7,3,,1,,,6,6,3,9,1,1,1,1,9,9,6,9,4,2,8,2,4,8,5,3,3,5,9,9,3,4,1,2,2,2,2,8,9,6,7,8,9,9,1,1,,,6,8,,,6,5,7,5,6,3,1,9,1,1,9,9,3,2,2,4,1,1,2,2,7,7,9,1,,7,,,b'\x11\xe8\xe1I\xe7\xb6\x1b\x9a\x9a\xbe\x12\xdf\x17\xaeN\x1e'
11E8E149-E7B6-1B9A-9ABE-12DF17AE4E1E,2024-ncaa-d3-natl,ncaa,184,232,63,208,109,155,128,204,71,128,236,37,155,144,172,135,277,318,114,315,312,224,110,64,73,208,275,194,359,132,52,51,62,79,15,70,45,412,393,262,314,343,168,162,,,220,155,,,272,109,217,382,217,168,330,165,330,194,194,340,373,373,362,206,175,56,94,74,386,345,209,,145,,,262,377,342,360,233,174,169,206,426,424,396,418,260,206,388,209,242,348,298,320,315,363,417,420,134,172,62,46,52,75,15,358,316,308,359,372,418,405,42,48,,,157,235,,,272,318,211,340,265,314,271,285,104,67,419,417,211,147,149,253,168,113,10,27,304,370,396,18,,238,,,b'\x11\xe8\xe1I\xe7\xb6\x1b\x9a\x9a\xbe\x12\xdf\x17\xaeN\x1e'
11E8E149-E7B6-1B9A-9ABE-12DF17AE4E1E,2025-ncaa-d3-conf-CCIW,genius_ncaa,7,6,7,7,8,8,8,8,6,5,5,3,9,9,9,6,6,7,1,7,7,8,8,8,8,8,9,9,3,6,2,6,8,6,4,7,4,7,8,8,7,8,7,5,,,6,8,,7,7,9,6,5,8,8,8,5,5,9,8,5,6,5,6,5,2,5,3,6,8,7,7,,8,,7,7,2,2,3,2,1,1,4,9,9,3,9,5,6,3,6,9,3,2,3,3,4,9,9,7,8,8,1,2,2,4,3,9,7,6,7,8,8,4,5,,,8,6,,7,7,1,8,7,7,4,4,7,1,1,9,9,7,7,7,7,5,8,1,6,7,5,8,4,,6,,6,b'\x11\xe8\xe1I\xe7\xb6\x1b\x9a\x9a\xbe\x12\xdf\x17\xaeN\x1e'
11E8E149-E7B6-1B9A-9ABE-12DF17AE4E1E,2025-ncaa-d3-natl,genius_ncaa,250,269,192,262,248,229,213,293,123,181,261,76,283,258,317,215,193,275,17,265,210,298,233,150,126,232,289,304,178,256,183,278,267,275,209,189,145,348,358,283,279,289,341,315,,,352,390,,379,267,232,201,258,219,216,320,164,276,294,257,169,286,272,324,219,265,279,281,173,343,287,346,,382,,387,266,261,186,128,273,135,74,312,302,310,245,347,362,345,304,347,385,169,168,297,327,306,365,291,345,229,267,70,183,121,209,221,237,201,185,212,378,374,107,151,,,209,185,,95,267,165,236,301,273,280,205,148,155,68,305,326,369,351,355,190,196,233,90,135,233,190,364,112,,193,,82,b'\x11\xe8\xe1I\xe7\xb6\x1b\x9a\x9a\xbe\x12\xdf\x17\xaeN\x1e'
11E8E149-E7B6-1B9A-9ABE-12DF17AE4E1E,2026-ncaa-d3-conf-CCIW,genius_ncaa,6,4,8,6,8,8,8,9,1,8,9,2,9,9,2,9,6,6,5,6,3,9,8,1,1,3,8,9,3,8,4,8,5,8,3,7,1,3,9,5,6,3,2,1,,,1,5,,1,5,8,2,2,4,4,9,1,4,9,9,3,2,2,8,2,8,5,6,2,9,2,1,,7,,1,6,2,2,2,4,1,2,3,2,2,6,5,4,2,9,2,7,2,2,4,5,5,9,5,7,1,5,1,4,1,3,1,1,8,5,1,5,9,3,4,,,8,6,,8,5,2,7,5,5,8,6,7,5,6,6,8,9,8,7,9,9,5,1,1,1,4,9,4,,6,,5,b'\x11\xe8\xe1I\xe7\xb6\x1b\x9a\x9a\xbe\x12\xdf\x17\xaeN\x1e'
11E8E149-E7B6-1B9A-9ABE-12DF17AE4E1E,2026-ncaa-d3-natl,genius_ncaa,225,132,327,194,337,292,286,365,45,264,345,52,260,332,96,258,256,284,170,278,142,359,355,56,59,92,247,248,209,364,194,359,72,371,103,213,77,116,259,141,239,93,215,74,,,160,380,,156,86,342,123,113,101,102,263,101,212,183,262,118,147,147,238,194,322,282,322,52,260,106,137,,366,,251,57,41,26,38,87,30,34,170,37,69,44,267,224,185,314,186,402,44,56,66,152,58,340,116,408,32,72,35,194,29,103,10,10,190,23,2,127,253,12,11,,,329,209,,201,86,74,134,32,59,63,23,31,42,34,69,155,367,357,356,58,173,39,34,27,3,29,252,7,,204,,148,b'\x11\xe8\xe1I\xe7\xb6\x1b\x9a\x9a\xbe\x12\xdf\x17\xaeN\x1e'
11E8E149-E7BA-807C-9ABE-12DF17AE4E1E,2018-ncaa-d3-conf-NACC,ncaa,6,6,5,6,6,3,4,9,1,6,10,2,1,4,1,4,7,9,5,9,4,9,7,1,1,2,2,1,11,11,7,5,4,7,2,1,2,9,9,5,9,9,5,5,,,12,12,,,5,4,6,7,2,2,9,6,10,1,4,7,8,7,9,7,10,3,6,1,10,10,5,,12,,,5,8,6,6,6,5,5,7,6,7,8,6,10,10,9,10,12,8,8,7,8,8,11,7,10,3,4,1,7,2,2,4,4,8,9,5,4,5,3,4,,,5,4,,,5,9,2,6,5,6,5,6,6,6,6,6,11,11,10,6,6,5,3,3,4,11,4,4,,3,,,b'\x11\xe8\xe1I\xe7\xba\x80|\x9a\xbe\x12\xdf\x17\xaeN\x1e'
11E8E149-E7BA-807C-9ABE-12DF17AE4E1E,2018-ncaa-d3-natl,ncaa,179,197,123,190,182,122,134,277,24,196,338,27,50,116,21,84,200,198,198,199,89,266,244,15,20,50,99,72,327,346,308,82,64,193,96,69,44,306,322,120,315,336,138,145,,,411,430,,,133,183,220,303,108,125,362,236,395,46,122,227,237,240,360,327,398,62,239,46,269,343,152,,412,,,132,217,150,220,138,160,220,125,230,261,188,227,357,366,190,366,360,267,243,133,162,215,331,231,371,117,64,103,308,95,96,150,152,258,284,218,118,127,94,160,,,85,24,,,133,274,90,184,125,178,130,176,130,176,212,220,350,369,370,214,167,91,68,69,130,306,98,79,,67,,,b'\x11\xe8\xe1I\xe7\xba\x80|\x9a\xbe\x12\xdf\x17\xaeN\x1e'
11E8E149-E7BA-807C-9ABE-12DF17AE4E1E,2019-ncaa-d3-conf-NACC,ncaa,6,7,4,7,7,3,5,6,5,7,9,6,4,4,3,5,2,2,2,2,1,4,4,5,3,4,1,4,4,3,4,1,4,3,3,6,9,9,8,8,9,9,8,8,,,10,8,,,5,4,5,8,3,5,5,5,7,3,3,1,1,1,3,6,3,2,2,7,9,8,8,,10,,,6,7,7,10,5,7,11,8,7,10,4,10,6,6,6,6,6,10,9,7,5,8,5,7,5,6,4,3,4,4,3,7,4,8,10,9,9,7,9,10,,,2,2,,,5,10,4,8,5,8,8,10,8,9,7,10,7,7,7,10,9,6,3,3,7,8,9,10,,1,,,b'\x11\xe8\xe1I\xe7\xba\x80|\x9a\xbe\x12\xdf\x17\xaeN\x1e'
11E8E149-E7BA-807C-9ABE-12DF17AE4E1E,2019-ncaa-d3-natl,ncaa,237,244,215,248,290,128,201,269,134,250,329,143,89,115,69,101,37,82,16,87,28,231,230,95,49,78,41,112,43,198,127,105,90,133,68,203,245,236,253,228,301,309,177,185,,,279,298,,,140,242,166,349,73,176,261,257,344,62,99,16,52,56,187,175,178,41,73,182,253,308,163,,309,,,135,218,261,285,205,279,262,248,213,282,114,274,148,139,249,140,129,251,201,193,177,240,143,209,132,162,90,95,127,114,68,195,114,320,344,286,159,161,373,400,,,55,12,,,140,223,83,213,134,240,281,331,286,291,223,301,155,145,147,300,242,171,99,115,205,335,167,383,,10,,,b'\x11\xe8\xe1I\xe7\xba\x80|\x9a\xbe\x12\xdf\x17\xaeN\x1e'
11E8E149-E7BA-807C-9ABE-12DF17AE4E1E,2020-ncaa-d3-conf-NACC,ncaa,6,7,5,7,5,3,3,5,2,3,5,2,3,8,2,9,1,1,1,1,3,4,3,2,1,3,6,9,4,4,1,5,6,4,4,6,11,10,9,8,2,3,5,4,,,13,13,,,5,2,1,4,1,3,5,2,4,4,7,1,1,1,2,1,3,4,3,6,10,2,5,,13,,,5,11,9,6,8,5,5,8,11,11,8,9,13,13,2,13,13,10,12,8,8,9,12,9,11,5,6,3,1,5,4,8,10,4,5,8,4,2,2,2,,,2,3,,,5,13,3,9,5,9,9,8,7,3,10,11,13,13,13,10,13,6,2,5,8,2,6,2,,2,,,b'\x11\xe8\xe1I\xe7\xba\x80|\x9a\xbe\x12\xdf\x17\xaeN\x1e'
11E8E149-E7BA-807C-9ABE-12DF17AE4E1E,2020-ncaa-d3-natl,ncaa,170,163,198,177,227,87,128,207,58,147,224,93,107,189,30,223,35,31,144,32,33,162,155,50,35,53,116,185,78,207,172,125,98,159,109,125,153,251,223,156,96,108,170,124,,,429,430,,,109,133,66,80,28,77,175,107,202,93,176,16,16,18,100,91,184,68,112,86,273,86,163,,434,,,106,267,152,156,178,92,86,208,346,346,274,334,407,424,77,424,432,242,279,236,250,219,411,329,397,142,98,143,172,134,109,348,420,136,140,255,71,49,71,70,,,88,98,,,109,325,68,187,104,283,181,193,115,87,343,348,415,428,428,280,331,156,170,156,344,109,83,72,,52,,,b'\x11\xe8\xe1I\xe7\xba\x80|\x9a\xbe\x12\xdf\x17\xaeN\x1e'
11E8E149-E7BA-807C-9ABE-12DF17AE4E1E,2021-ncaa-d3-conf-NACC,ncaa,4,3,9,4,9,6,8,8,6,8,10,8,2,3,1,2,3,3,2,3,1,8,9,3,2,1,1,2,2,4,1,10,8,9,5,7,8,2,2,6,3,3,11,12,,,3,7,,,3,9,2,2,1,1,1,9,10,1,1,1,1,1,1,1,1,6,4,4,7,1,11,,9,,,2,3,4,4,6,4,3,7,4,4,6,10,4,4,4,3,5,3,4,7,6,5,6,10,5,3,8,3,1,3,5,2,2,5,3,4,2,2,2,6,,,4,1,,,3,4,1,5,2,7,8,9,8,6,11,11,4,6,4,6,11,8,9,8,5,2,3,4,,1,,,b'\x11\xe8\xe1I\xe7\xba\x80|\x9a\xbe\x12\xdf\x17\xaeN\x1e'
11E8E149-E7BA-807C-9ABE-12DF17AE4E1E,2021-ncaa-d3-natl,ncaa,80,58,176,66,176,126,147,160,124,175,190,156,55,81,41,26,95,111,64,109,14,153,166,78,59,33,7,16,65,120,80,170,117,163,118,144,141,84,25,55,90,36,194,210,,,123,153,,,42,176,80,17,17,60,34,188,200,9,13,13,23,23,25,45,43,96,52,85,52,29,219,,180,,,36,106,111,106,144,111,104,156,123,127,123,211,91,94,81,92,80,105,111,151,128,80,119,199,61,109,117,123,80,113,118,94,58,127,46,40,64,12,88,122,,,103,12,,,42,112,25,74,40,122,149,159,140,121,177,194,61,69,61,137,194,139,205,186,92,36,18,87,,7,,,b'\x11\xe8\xe1I\xe7\xba\x80|\x9a\xbe\x12\xdf\x17\xaeN\x1e'
11E8E149-E7BA-807C-9ABE-12DF17AE4E1E,2022-ncaa-d3-conf-NACC,ncaa,5,4,8,5,8,1,1,3,3,3,5,4,1,2,1,4,4,5,3,6,6,3,3,1,1,1,2,3,10,4,5,8,7,6,6,4,7,6,3,4,3,2,5,6,,,12,9,,,3,3,1,3,1,1,1,1,2,1,2,2,5,5,1,1,3,5,3,3,6,1,4,,13,,,3,8,7,7,7,9,8,8,3,8,4,5,13,13,14,13,13,8,12,4,7,7,9,2,13,6,7,6,5,6,6,9,9,4,7,6,6,5,6,3,,,7,10,,,3,12,1,7,4,10,10,9,10,8,3,7,13,13,13,11,14,8,7,7,9,3,8,5,,7,,,b'\x11\xe8\xe1I\xe7\xba\x80|\x9a\xbe\x12\xdf\x17\xaeN\x1e'
11E8E149-E7BA-807C-9ABE-12DF17AE4E1E,2022-ncaa-d3-natl,ncaa,147,129,250,145,267,53,61,107,48,105,210,29,50,67,62,92,93,143,55,144,145,108,137,26,24,24,125,98,265,128,101,143,143,140,107,118,296,128,80,96,117,120,132,143,,,367,362,,,54,148,38,125,8,12,17,48,157,28,37,51,91,91,20,30,81,52,53,65,180,76,109,,400,,,44,259,192,206,179,231,207,222,110,187,69,155,406,392,382,389,378,244,247,162,227,216,257,75,409,192,143,174,101,166,107,228,246,154,173,165,118,88,88,83,,,204,280,,,54,277,20,195,54,302,228,286,269,280,122,215,413,400,398,336,367,214,225,217,254,109,156,89,,137,,,b'\x11\xe8\xe1I\xe7\xba\x80|\x9a\xbe\x12\xdf\x17\xaeN\x1e'
11E8E149-E7BA-807C-9ABE-12DF17AE4E1E,2023-ncaa-d3-conf-NACC,ncaa,3,2,5,3,5,2,3,1,6,6,9,4,1,1,4,1,2,3,2,3,2,1,1,5,5,4,1,1,7,1,1,8,7,2,5,4,5,6,4,4,2,3,8,8,,,13,11,,,3,3,3,5,1,2,2,7,8,1,1,1,1,1,2,2,2,8,3,2,7,1,8,,12,,,3,6,7,6,9,10,8,11,3,8,1,6,13,12,13,10,12,7,11,8,9,5,5,3,14,7,7,7,1,5,5,3,2,2,4,3,7,4,1,2,,,3,9,,,3,13,2,6,3,8,6,6,9,5,3,8,12,10,9,6,9,7,6,6,3,2,6,1,,4,,,b'\x11\xe8\xe1I\xe7\xba\x80|\x9a\xbe\x12\xdf\x17\xaeN\x1e'
11E8E149-E7BA-807C-9ABE-12DF17AE4E1E,2023-ncaa-d3-natl,ncaa,48,30,109,38,162,36,46,45,107,116,202,43,18,13,148,25,100,138,81,120,118,40,51,68,77,48,62,46,317,29,53,101,128,48,84,73,231,149,53,61,62,78,200,213,,,349,297,,,54,83,92,288,14,27,18,110,262,13,12,103,150,135,25,43,26,100,26,68,117,75,228,,338,,,53,317,278,262,247,319,208,347,165,296,27,272,361,356,322,339,345,288,332,222,265,192,190,102,336,190,128,309,53,266,84,69,13,79,97,30,135,68,22,12,,,163,310,,,54,350,27,162,58,257,228,200,276,149,139,263,354,333,326,225,281,157,264,213,54,88,123,10,,182,,,b'\x11\xe8\xe1I\xe7\xba\x80|\x9a\xbe\x12\xdf\x17\xaeN\x1e'
11E8E149-E7BA-807C-9ABE-12DF17AE4E1E,2024-ncaa-d3-conf-NACC,ncaa,4,4,3,4,3,1,3,1,4,5,9,4,1,1,4,1,1,4,1,5,4,1,1,3,2,4,2,2,10,3,3,3,7,3,7,3,2,10,6,4,1,2,2,4,,,14,11,,,4,1,4,3,1,1,1,6,14,1,1,2,7,7,1,1,3,4,4,2,8,1,3,,11,,,4,11,7,12,6,8,10,6,11,12,7,9,14,14,13,14,12,12,14,6,6,6,10,7,13,8,7,10,3,10,7,8,7,1,8,4,10,8,5,6,,,6,11,,,4,14,2,6,4,7,6,8,6,6,8,9,12,12,12,8,10,6,6,7,7,4,9,5,,8,,,b'\x11\xe8\xe1I\xe7\xba\x80|\x9a\xbe\x12\xdf\x17\xaeN\x1e'
11E8E149-E7BA-807C-9ABE-12DF17AE4E1E,2024-ncaa-d3-natl,ncaa,89,66,200,81,229,99,128,172,89,247,344,65,17,27,33,16,141,193,81,202,62,179,189,35,35,48,18,16,278,202,177,192,149,196,156,57,21,193,183,66,69,66,218,203,,,328,356,,,115,184,148,133,40,84,121,241,376,5,13,125,179,193,129,143,194,165,166,28,205,57,219,,353,,,111,249,180,154,226,174,144,241,225,234,210,261,367,351,336,348,360,186,214,231,284,261,319,219,361,152,149,166,177,158,156,189,198,167,158,151,178,173,48,106,,,200,219,,,115,238,55,230,110,256,191,175,189,142,246,260,377,363,358,208,247,158,177,167,190,142,187,42,,183,,,b'\x11\xe8\xe1I\xe7\xba\x80|\x9a\xbe\x12\xdf\x17\xaeN\x1e'
11E8E149-E7BA-807C-9ABE-12DF17AE4E1E,2025-ncaa-d3-conf-NACC,genius_ncaa,4,4,6,4,6,3,3,3,6,7,11,3,1,1,8,1,3,5,3,5,2,3,3,3,3,4,1,1,10,1,1,6,6,2,3,2,1,9,5,5,2,1,2,1,,,8,7,,9,3,5,4,1,1,2,2,6,12,1,1,2,3,3,2,3,1,2,1,2,9,2,2,,8,,9,3,7,6,4,7,5,3,9,8,11,4,11,10,7,14,8,12,5,11,7,8,6,11,10,10,6,6,5,1,4,3,9,11,3,3,5,5,3,3,4,,,4,7,,10,3,10,3,7,3,7,6,5,5,4,8,12,11,6,7,5,9,6,6,5,8,2,5,3,,3,,11,b'\x11\xe8\xe1I\xe7\xba\x80|\x9a\xbe\x12\xdf\x17\xaeN\x1e'
11E8E149-E7BA-807C-9ABE-12DF17AE4E1E,2025-ncaa-d3-natl,genius_ncaa,141,75,345,111,351,148,176,252,106,265,372,28,49,45,130,17,134,172,117,157,25,233,266,55,56,69,28,36,194,99,24,315,124,223,49,132,104,121,154,117,102,60,224,135,,,226,342,,346,81,321,142,105,29,61,82,191,345,12,11,59,81,70,60,77,36,199,72,56,223,64,189,,346,,381,64,72,48,25,239,58,24,327,123,185,94,338,283,249,355,251,386,36,67,242,292,190,332,202,371,51,124,39,24,32,49,70,173,132,63,75,56,69,7,30,,,214,160,,138,81,93,41,156,67,199,142,88,133,46,206,283,358,331,339,125,232,112,101,98,141,64,113,14,,86,,109,b'\x11\xe8\xe1I\xe7\xba\x80|\x9a\xbe\x12\xdf\x17\xaeN\x1e'
11E8E149-E7BA-807C-9ABE-12DF17AE4E1E,2026-ncaa-d3-conf-NACC,genius_ncaa,2,5,1,5,1,2,2,1,7,2,2,6,1,1,5,1,9,10,8,10,10,2,4,6,8,6,8,4,11,3,4,8,7,3,6,3,9,7,4,5,2,2,3,4,,,10,11,,7,5,6,9,1,5,4,3,7,5,3,2,9,10,10,5,7,4,12,5,5,4,2,3,,8,,7,5,8,7,7,7,8,7,6,9,7,10,6,12,12,9,12,9,7,7,7,9,8,11,9,11,7,7,9,4,9,6,8,11,2,2,6,8,6,13,12,,,7,10,,1,5,8,5,5,5,5,5,4,6,4,8,4,10,11,10,4,4,5,7,6,7,3,6,12,,10,,2,b'\x11\xe8\xe1I\xe7\xba\x80|\x9a\xbe\x12\xdf\x17\xaeN\x1e'
11E8E149-E7BA-807C-9ABE-12DF17AE4E1E,2026-ncaa-d3-natl,genius_ncaa,98,68,215,92,249,142,117,162,99,141,243,26,78,63,200,46,273,288,196,278,271,185,224,84,105,72,186,105,375,141,125,290,131,249,186,114,209,88,55,52,23,5,195,93,,,254,346,,234,33,240,92,113,28,18,22,65,185,38,17,254,268,266,35,75,77,271,170,47,99,8,172,,354,,278,26,98,51,61,107,36,56,74,187,136,299,296,312,280,350,271,407,75,152,146,244,55,406,321,406,90,131,202,125,152,186,99,327,41,6,10,83,61,117,128,,,241,270,,30,33,178,55,37,30,86,18,18,18,21,233,163,371,354,350,36,240,97,301,208,112,12,89,129,,176,,20,b'\x11\xe8\xe1I\xe7\xba\x80|\x9a\xbe\x12\xdf\x17\xaeN\x1e'
11E8E149-E7BE-CC2C-9ABE-12DF17AE4E1E,2018-ncaa-d3-conf-SCAC,ncaa,2,2,4,2,4,3,2,3,3,3,3,2,2,2,3,4,5,6,1,6,7,3,4,3,3,2,6,4,7,3,3,1,1,2,2,1,1,2,2,1,2,1,5,4,,,3,2,,,1,4,2,1,2,2,1,1,2,2,2,5,6,6,2,3,3,1,2,1,2,2,4,,2,,,1,1,1,3,1,1,1,1,5,6,2,8,4,4,2,3,7,3,3,1,1,1,8,6,6,1,1,4,3,4,2,1,4,2,2,2,1,1,3,2,,,7,8,,,1,5,1,1,1,1,1,2,1,1,4,7,3,4,4,2,4,2,5,3,1,2,1,4,,6,,,"b'\x11\xe8\xe1I\xe7\xbe\xcc,\x9a\xbe\x12\xdf\x17\xaeN\x1e'"
11E8E149-E7BE-CC2C-9ABE-12DF17AE4E1E,2018-ncaa-d3-natl,ncaa,66,49,123,60,173,61,57,103,48,100,184,35,54,68,88,102,154,188,83,195,247,115,128,40,40,38,177,118,340,228,270,57,40,115,98,20,15,164,111,23,63,57,220,175,,,222,181,,,42,115,119,219,34,31,89,79,225,54,71,163,217,235,102,142,264,32,96,8,132,62,225,,178,,,41,179,134,214,106,83,87,157,369,412,147,421,223,257,101,256,349,223,288,151,145,117,408,405,240,99,40,264,270,186,98,190,251,117,118,126,153,115,181,157,,,195,285,,,42,317,46,88,50,135,113,175,61,51,344,403,174,219,223,170,229,80,227,156,169,122,129,150,,241,,,"b'\x11\xe8\xe1I\xe7\xbe\xcc,\x9a\xbe\x12\xdf\x17\xaeN\x1e'"
11E8E149-E7BE-CC2C-9ABE-12DF17AE4E1E,2019-ncaa-d3-conf-SCAC,ncaa,3,2,4,3,4,4,4,4,2,2,5,2,4,5,3,4,4,4,4,5,6,4,4,2,1,2,7,6,6,4,4,2,1,2,2,2,1,1,3,2,3,3,5,5,,,2,2,,,2,5,8,1,2,2,3,2,4,5,5,3,4,4,3,4,4,1,2,1,3,3,5,,2,,,2,1,1,3,1,1,1,1,7,8,3,9,1,2,4,2,2,1,5,1,1,2,8,9,3,2,1,3,4,2,2,1,2,3,3,2,1,1,2,3,,,7,6,,,2,5,2,2,2,1,1,4,1,1,7,9,1,1,1,2,2,2,2,2,1,3,1,2,,6,,,"b'\x11\xe8\xe1I\xe7\xbe\xcc,\x9a\xbe\x12\xdf\x17\xaeN\x1e'"
11E8E149-E7BE-CC2C-9ABE-12DF17AE4E1E,2019-ncaa-d3-natl,ncaa,62,46,129,59,136,87,91,202,36,136,268,32,80,109,54,115,145,163,145,170,112,192,206,26,28,36,151,136,276,222,156,65,18,98,43,34,9,201,192,38,111,91,270,202,,,130,126,,,53,194,307,28,58,73,258,138,322,78,119,151,167,180,234,267,252,27,85,15,166,115,292,,95,,,53,109,117,213,74,36,56,86,420,424,245,435,53,65,80,64,159,163,194,151,104,105,422,440,70,85,18,105,156,87,43,181,272,174,155,157,92,82,137,178,,,167,156,,,53,245,42,83,50,87,97,171,24,21,413,426,37,51,49,108,112,70,70,58,150,199,73,120,,184,,,"b'\x11\xe8\xe1I\xe7\xbe\xcc,\x9a\xbe\x12\xdf\x17\xaeN\x1e'"
11E8E149-E7BE-CC2C-9ABE-12DF17AE4E1E,2020-ncaa-d3-conf-SCAC,ncaa,2,3,1,3,3,2,3,3,2,4,6,3,2,4,1,5,1,2,1,2,2,3,3,2,2,2,3,4,3,7,9,2,2,2,8,2,3,2,2,2,3,3,5,5,,,8,6,,,3,2,4,9,3,4,5,4,6,3,5,1,2,2,3,5,9,2,4,4,2,4,5,,7,,,3,4,5,10,3,2,5,4,5,10,1,10,5,6,3,5,6,10,10,3,2,2,8,8,4,8,2,10,9,10,8,4,4,4,4,4,3,3,8,6,,,1,2,,,3,9,3,2,3,2,2,6,2,2,5,10,2,3,3,6,7,4,9,6,3,4,2,7,,1,,,"b'\x11\xe8\xe1I\xe7\xbe\xcc,\x9a\xbe\x12\xdf\x17\xaeN\x1e'"
11E8E149-E7BE-CC2C-9ABE-12DF17AE4E1E,2020-ncaa-d3-natl,ncaa,24,31,26,31,62,17,39,43,90,72,115,80,29,41,69,121,12,40,7,43,92,33,73,58,32,13,88,130,119,323,398,14,81,74,248,31,96,44,6,7,157,247,256,272,,,299,148,,,41,32,132,414,22,62,111,128,243,43,80,25,83,91,90,231,381,28,180,45,10,238,299,,165,,,43,344,344,422,96,302,302,229,359,431,20,403,191,259,51,255,194,417,401,111,90,130,260,316,126,284,81,419,398,391,248,313,214,167,283,249,65,28,197,150,,,34,79,,,41,405,33,120,42,175,207,307,167,141,278,398,112,161,160,276,254,190,336,278,208,251,33,138,,97,,,"b'\x11\xe8\xe1I\xe7\xbe\xcc,\x9a\xbe\x12\xdf\x17\xaeN\x1e'"
11E8E149-E7BE-CC2C-9ABE-12DF17AE4E1E,2021-ncaa-d3-conf-SCAC,ncaa,4,6,2,5,2,2,2,2,2,2,3,1,4,3,5,4,5,5,4,5,8,3,3,3,3,3,9,6,9,3,1,3,5,2,3,2,4,5,3,2,3,5,1,1,,,6,6,,,3,4,8,5,3,2,2,2,3,5,4,6,7,7,3,6,2,3,3,2,3,6,1,,6,,,3,8,7,6,3,5,6,1,8,7,8,7,9,9,6,9,8,6,5,5,5,6,9,6,9,7,5,5,1,4,3,3,2,4,6,3,6,3,6,3,,,3,5,,,3,7,2,6,3,5,4,3,4,4,7,4,7,7,7,3,4,5,2,4,2,6,3,3,,6,,,"b'\x11\xe8\xe1I\xe7\xbe\xcc,\x9a\xbe\x12\xdf\x17\xaeN\x1e'"
11E8E149-E7BE-CC2C-9ABE-12DF17AE4E1E,2021-ncaa-d3-natl,ncaa,80,149,81,118,88,74,66,77,56,69,90,43,84,80,109,121,125,124,163,120,205,85,95,58,75,63,192,139,242,91,117,71,73,75,86,69,148,142,63,56,138,223,41,35,,,191,162,,,88,94,158,47,63,50,74,54,102,89,106,191,187,184,83,134,125,39,61,73,68,214,33,,155,,,104,198,186,187,113,164,190,62,223,187,249,148,215,212,123,214,204,196,188,141,140,182,254,235,192,174,73,193,117,183,86,137,40,139,221,131,131,66,152,104,,,106,170,,,88,191,63,171,102,161,132,165,97,147,232,163,206,207,212,182,139,119,130,125,66,217,74,113,,170,,,"b'\x11\xe8\xe1I\xe7\xbe\xcc,\x9a\xbe\x12\xdf\x17\xaeN\x1e'"
11E8E149-E7BE-CC2C-9ABE-12DF17AE4E1E,2022-ncaa-d3-conf-SCAC,ncaa,5,5,2,5,3,4,4,4,3,4,4,5,4,4,2,7,1,3,1,3,4,4,4,3,3,2,3,6,4,9,9,3,5,5,7,4,4,2,3,5,3,5,3,3,,,6,4,,,4,4,5,6,4,4,6,5,5,4,7,4,5,5,6,8,9,5,7,4,2,4,4,,4,,,4,7,7,8,4,7,6,4,3,8,2,7,7,7,9,7,5,8,8,4,4,3,7,4,9,9,5,9,9,9,7,7,7,3,5,4,2,4,8,7,,,1,1,,,4,6,5,3,4,4,4,5,4,5,1,5,7,6,5,4,4,7,7,8,5,4,2,8,,2,,,"b'\x11\xe8\xe1I\xe7\xbe\xcc,\x9a\xbe\x12\xdf\x17\xaeN\x1e'"
11E8E149-E7BE-CC2C-9ABE-12DF17AE4E1E,2022-ncaa-d3-natl,ncaa,232,318,61,268,70,167,223,99,355,257,186,356,99,74,264,115,34,53,101,50,71,86,97,333,303,257,55,133,31,296,407,116,304,195,389,205,155,213,121,215,83,154,100,105,,,360,230,,,282,56,122,176,257,328,183,357,279,141,105,68,86,84,154,210,365,231,319,267,128,119,130,,293,,,271,368,328,338,201,294,233,293,335,400,75,356,402,397,318,389,368,365,384,206,242,208,327,231,356,377,304,422,407,417,389,375,359,58,126,205,236,173,417,409,,,14,27,,,282,373,296,233,272,264,208,225,190,112,262,356,363,353,347,261,314,317,411,391,305,93,175,404,,36,,,"b'\x11\xe8\xe1I\xe7\xbe\xcc,\x9a\xbe\x12\xdf\x17\xaeN\x1e'"
11E8E149-E7BE-CC2C-9ABE-12DF17AE4E1E,2023-ncaa-d3-conf-SCAC,ncaa,9,9,7,9,7,8,8,9,7,9,9,7,7,6,6,3,9,9,5,9,8,9,9,7,7,7,6,4,8,8,8,6,5,8,7,5,1,2,7,5,9,9,4,4,,,1,2,,,8,9,8,2,9,8,9,9,9,7,5,9,9,9,9,9,8,4,8,5,5,9,4,,1,,,8,4,6,4,7,5,5,6,6,6,9,6,4,3,2,3,4,4,1,8,8,8,5,6,4,6,5,5,8,5,7,3,3,9,9,9,7,8,8,9,,,9,9,,,8,1,7,8,8,7,6,5,6,4,7,6,4,4,4,5,3,5,7,6,5,9,5,8,,9,,,"b'\x11\xe8\xe1I\xe7\xbe\xcc,\x9a\xbe\x12\xdf\x17\xaeN\x1e'"
11E8E149-E7BE-CC2C-9ABE-12DF17AE4E1E,2023-ncaa-d3-natl,ncaa,411,427,185,421,195,343,353,313,371,371,348,377,173,163,250,96,348,359,243,356,254,329,316,349,351,350,71,64,251,362,392,163,219,276,339,229,7,284,343,266,330,349,90,92,,,168,189,,,370,281,308,67,384,389,359,403,376,184,155,376,388,382,387,366,385,132,289,234,283,354,88,,169,,,365,285,276,249,258,229,215,213,334,262,368,256,244,285,90,278,261,253,173,285,269,342,291,309,187,261,219,353,392,335,339,284,241,370,381,366,369,383,400,424,,,333,306,,,370,149,360,343,367,284,279,265,234,218,331,268,245,288,283,272,181,259,353,331,271,383,356,405,,370,,,"b'\x11\xe8\xe1I\xe7\xbe\xcc,\x9a\xbe\x12\xdf\x17\xaeN\x1e'"
11E8E149-E7BE-CC2C-9ABE-12DF17AE4E1E,2024-ncaa-d3-conf-SCAC,ncaa,5,5,4,5,5,6,6,6,7,6,6,8,5,6,5,5,6,5,8,6,5,6,6,7,6,6,5,4,5,3,3,4,3,4,3,6,1,6,5,5,6,6,3,4,,,3,6,,,6,6,7,5,6,6,7,6,5,6,6,6,5,5,7,8,4,4,3,5,5,6,3,,4,,,6,4,4,4,6,4,6,4,6,3,8,3,3,2,9,2,2,4,5,6,5,6,7,6,5,3,3,7,3,4,3,3,2,7,6,4,5,6,3,4,,,5,5,,,6,5,6,6,6,4,4,4,4,6,7,4,5,2,3,3,4,3,6,4,3,6,5,3,,5,,,"b'\x11\xe8\xe1I\xe7\xbe\xcc,\x9a\xbe\x12\xdf\x17\xaeN\x1e'"
11E8E149-E7BE-CC2C-9ABE-12DF17AE4E1E,2024-ncaa-d3-natl,ncaa,299,329,200,316,223,285,293,259,327,322,292,341,165,161,181,130,294,254,356,263,190,268,263,297,318,321,98,90,231,219,265,175,112,195,213,213,48,264,287,242,266,255,177,167,,,268,327,,,308,277,269,77,311,318,261,347,309,169,156,312,255,271,273,250,216,143,165,202,264,263,182,,287,,,307,218,176,163,207,139,173,137,324,198,391,238,280,246,362,245,274,170,147,241,275,299,355,339,289,114,112,316,265,234,213,158,145,278,270,224,282,298,113,164,,,239,204,,,308,169,312,266,293,227,186,183,146,177,325,227,298,253,252,184,164,120,322,253,164,279,287,111,,244,,,"b'\x11\xe8\xe1I\xe7\xbe\xcc,\x9a\xbe\x12\xdf\x17\xaeN\x1e'"
11E8E149-E7BE-CC2C-9ABE-12DF17AE4E1E,2025-ncaa-d3-conf-SCAC,genius_ncaa,8,8,7,8,7,10,9,10,7,8,6,7,9,10,6,9,12,12,11,12,12,10,10,7,9,9,10,8,11,9,10,6,6,6,7,6,2,6,8,6,8,8,5,3,,,5,9,,1,8,9,10,1,11,8,7,6,5,9,9,12,12,12,9,8,7,4,4,4,8,8,4,,8,,1,8,6,3,3,5,1,4,2,7,3,10,3,10,9,3,10,10,4,4,6,7,7,11,8,11,7,6,7,10,6,7,8,12,8,8,8,8,9,3,5,,,12,11,,12,8,4,10,7,8,7,5,3,4,7,7,4,10,9,9,6,6,7,9,9,9,7,9,5,,12,,12,"b'\x11\xe8\xe1I\xe7\xbe\xcc,\x9a\xbe\x12\xdf\x17\xaeN\x1e'"
11E8E149-E7BE-CC2C-9ABE-12DF17AE4E1E,2025-ncaa-d3-natl,genius_ncaa,274,242,345,271,346,313,281,319,209,287,302,217,216,249,137,168,387,359,385,357,308,330,357,190,251,247,212,125,383,324,300,294,200,312,263,117,7,102,206,91,298,241,149,112,,,140,249,,24,279,359,261,13,254,208,186,235,223,152,170,383,340,338,227,245,281,157,219,46,197,245,125,,242,,28,282,125,80,57,209,52,65,134,278,151,391,233,281,286,190,286,364,70,50,256,276,303,387,339,332,144,200,142,300,130,263,188,316,341,300,310,199,291,72,132,,,365,310,,397,279,59,255,293,285,277,198,191,126,157,335,255,353,363,364,240,194,225,284,267,271,298,267,123,,331,,397,"b'\x11\xe8\xe1I\xe7\xbe\xcc,\x9a\xbe\x12\xdf\x17\xaeN\x1e'"
11E8E149-E7BE-CC2C-9ABE-12DF17AE4E1E,2026-ncaa-d3-natl,genius_ncaa,288,200,327,282,337,382,380,371,356,391,386,356,254,265,238,61,396,391,323,390,317,377,376,330,349,335,82,39,332,374,340,361,142,375,282,359,159,80,270,292,347,236,351,256,,,185,414,,45,294,373,362,113,383,373,346,393,378,169,131,397,397,394,377,378,341,296,343,330,199,273,304,,379,,72,301,52,30,31,166,30,35,161,67,44,242,144,256,333,37,311,416,50,40,183,224,228,380,178,409,50,142,91,340,67,282,47,242,355,203,173,83,236,193,370,,,374,249,,146,294,41,347,201,308,115,34,14,42,35,132,79,388,408,407,74,53,99,233,169,89,286,170,309,,337,,85,"b'\x11\xe8\xe1I\xe7\xbe\xcc,\x9a\xbe\x12\xdf\x17\xaeN\x1e'"
11E8E149-E7C3-1782-9ABE-12DF17AE4E1E,2018-ncaa-d3-conf-USA South,ncaa,7,7,2,7,3,1,1,1,6,1,1,8,9,7,12,17,1,1,8,1,12,1,1,9,8,7,16,17,6,1,1,1,2,1,1,2,8,16,4,4,6,10,5,9,,,14,10,,,4,1,2,9,1,1,1,1,2,10,9,2,2,3,1,1,1,1,1,2,11,10,7,,11,,,4,19,17,19,10,19,19,6,4,5,4,2,14,14,9,14,5,19,19,5,4,8,2,2,10,12,2,14,1,13,1,14,4,6,13,9,9,1,19,10,,,1,13,,,4,19,3,6,5,13,13,14,16,16,2,4,12,11,11,14,12,8,9,8,9,11,3,18,,6,,,b'\x11\xe8\xe1I\xe7\xc3\x17\x82\x9a\xbe\x12\xdf\x17\xaeN\x1e'
11E8E149-E7C3-1782-9ABE-12DF17AE4E1E,2018-ncaa-d3-natl,ncaa,89,114,68,106,107,23,25,6,232,11,3,230,240,176,322,370,12,8,251,9,202,5,6,268,249,185,346,381,110,5,8,11,65,2,18,86,328,297,46,138,120,202,126,254,,,339,152,,,70,15,15,303,15,16,4,9,4,275,222,17,6,7,3,5,4,8,2,90,211,145,154,,274,,,68,390,404,431,184,429,441,168,57,109,43,19,365,387,152,391,141,438,423,103,98,164,23,11,274,275,65,383,8,349,18,223,46,121,251,149,166,27,402,147,,,57,370,,,70,430,80,130,87,290,325,385,391,426,27,50,337,362,366,395,395,187,291,254,163,165,108,371,,78,,,b'\x11\xe8\xe1I\xe7\xc3\x17\x82\x9a\xbe\x12\xdf\x17\xaeN\x1e'
11E8E149-E7C3-1782-9ABE-12DF17AE4E1E,2019-ncaa-d3-conf-USA South,ncaa,3,5,1,4,2,3,4,1,15,3,1,15,7,8,7,16,1,1,15,1,2,1,1,15,14,13,5,11,3,1,2,1,4,1,2,7,10,16,10,11,7,12,3,9,,,17,11,,,8,1,6,15,7,10,5,7,3,9,10,2,1,1,4,2,2,2,2,10,13,13,6,,10,,,10,17,17,17,12,17,18,13,6,9,6,4,15,15,13,16,4,18,18,8,9,13,2,4,8,13,4,16,2,14,2,11,2,7,15,10,9,2,17,12,,,1,5,,,8,18,9,11,10,13,14,13,17,16,4,4,10,10,10,12,11,7,10,8,6,14,4,16,,2,,,b'\x11\xe8\xe1I\xe7\xc3\x17\x82\x9a\xbe\x12\xdf\x17\xaeN\x1e'
11E8E149-E7C3-1782-9ABE-12DF17AE4E1E,2019-ncaa-d3-natl,ncaa,101,104,67,108,126,81,122,41,296,95,25,326,236,246,235,367,13,1,401,1,42,22,19,323,310,292,232,345,29,3,7,40,132,9,35,191,348,392,217,315,192,279,190,312,,,377,259,,,204,42,52,377,104,163,43,117,32,290,303,12,1,1,16,13,3,51,6,250,340,234,215,,327,,,205,413,421,412,303,435,439,287,43,70,61,15,363,381,177,384,161,419,402,217,210,257,18,8,244,296,132,303,7,311,35,139,8,189,322,145,197,46,358,203,,,7,100,,,204,405,192,228,203,327,356,370,414,418,25,37,315,332,344,379,358,228,207,203,95,253,141,321,,6,,,b'\x11\xe8\xe1I\xe7\xc3\x17\x82\x9a\xbe\x12\xdf\x17\xaeN\x1e'
11E8E149-E7C3-1782-9ABE-12DF17AE4E1E,2020-ncaa-d3-conf-USA South,ncaa,5,6,2,6,2,4,3,2,7,3,2,6,12,10,12,15,4,4,6,4,11,2,2,11,10,11,17,16,6,3,3,2,10,2,3,5,11,13,6,8,4,9,2,6,,,18,16,,,8,3,7,11,7,5,4,2,1,14,12,6,6,6,4,4,3,5,3,8,12,6,4,,18,,,8,18,13,17,4,14,17,2,4,3,7,2,18,18,8,18,16,18,16,2,5,6,10,2,16,13,10,12,3,14,3,10,5,5,10,5,10,6,11,6,,,5,11,,,8,16,7,7,7,9,7,7,8,14,3,2,17,18,18,11,13,9,7,7,4,9,8,8,,9,,,b'\x11\xe8\xe1I\xe7\xc3\x17\x82\x9a\xbe\x12\xdf\x17\xaeN\x1e'
11E8E149-E7C3-1782-9ABE-12DF17AE4E1E,2020-ncaa-d3-natl,ncaa,118,111,126,118,189,147,116,66,216,53,26,216,342,321,351,385,127,103,271,103,304,63,64,261,266,247,398,401,199,34,50,83,174,44,79,212,354,258,157,254,96,127,80,122,,,390,339,,,135,98,92,392,148,101,47,38,19,363,345,134,101,105,41,51,31,71,22,228,239,101,86,,376,,,134,193,149,235,93,261,360,96,30,65,33,23,399,417,83,417,361,317,347,60,82,70,132,18,409,276,174,276,50,292,79,64,44,110,152,42,155,91,182,72,,,220,362,,,135,352,202,81,135,164,136,207,222,332,16,42,386,403,408,265,312,249,229,250,59,122,138,172,,254,,,b'\x11\xe8\xe1I\xe7\xc3\x17\x82\x9a\xbe\x12\xdf\x17\xaeN\x1e'
11E8E149-E7C3-1782-9ABE-12DF17AE4E1E,2021-ncaa-d3-conf-USA South,ncaa,12,11,9,13,9,12,10,9,10,9,8,11,11,12,11,11,16,16,7,16,16,10,13,12,12,13,15,11,16,10,11,13,15,12,14,10,7,9,12,13,9,9,2,2,,,11,13,,,12,12,12,5,13,11,10,9,8,12,11,15,16,16,12,14,11,14,14,11,12,9,2,,13,,,12,9,8,6,7,11,12,7,1,2,5,1,12,10,14,10,6,6,7,6,7,6,2,1,12,11,15,10,11,10,14,10,7,9,7,7,11,11,4,3,,,16,14,,,12,5,13,9,12,8,8,8,9,11,1,1,12,11,11,8,10,14,11,12,7,5,12,4,,15,,,b'\x11\xe8\xe1I\xe7\xc3\x17\x82\x9a\xbe\x12\xdf\x17\xaeN\x1e'
11E8E149-E7C3-1782-9ABE-12DF17AE4E1E,2021-ncaa-d3-natl,ncaa,128,238,61,182,68,104,87,68,170,77,61,174,117,100,193,182,158,163,132,163,270,75,70,189,198,216,240,181,261,72,158,98,260,90,234,86,129,251,238,200,53,95,25,47,,,225,187,,,212,70,92,84,207,154,122,116,88,195,187,258,266,267,175,101,131,227,204,137,245,74,30,,226,,,183,212,210,217,138,230,247,107,123,130,112,14,239,238,194,238,155,217,225,101,125,81,66,27,233,258,260,223,158,244,234,204,124,42,51,63,251,228,152,69,,,122,260,,,212,215,220,120,181,143,137,143,184,235,30,20,224,218,216,161,226,249,181,227,139,32,234,81,,249,,,b'\x11\xe8\xe1I\xe7\xc3\x17\x82\x9a\xbe\x12\xdf\x17\xaeN\x1e'
11E8E149-E7C3-1782-9ABE-12DF17AE4E1E,2022-ncaa-d3-conf-USA South,ncaa,13,16,2,14,2,6,6,4,12,6,3,13,12,12,11,15,6,4,17,4,8,4,2,13,12,16,15,14,6,3,6,4,11,3,8,10,16,19,18,18,3,5,6,7,,,19,17,,,14,1,2,12,14,13,12,10,5,15,16,9,6,7,9,2,4,7,5,12,19,5,9,,18,,,14,18,16,16,9,10,14,8,19,19,19,15,19,19,13,19,19,17,19,11,15,11,19,17,15,14,11,16,6,16,8,18,18,3,5,10,19,16,18,14,,,4,11,,,14,19,16,11,14,14,11,8,6,7,17,15,17,17,17,13,16,12,10,12,15,4,18,16,,8,,,b'\x11\xe8\xe1I\xe7\xc3\x17\x82\x9a\xbe\x12\xdf\x17\xaeN\x1e'
11E8E149-E7C3-1782-9ABE-12DF17AE4E1E,2022-ncaa-d3-natl,ncaa,328,341,250,344,281,253,253,240,276,186,130,299,362,352,355,375,140,82,339,85,160,223,102,322,318,371,338,382,65,99,112,225,294,163,213,329,394,427,404,402,48,54,246,245,,,408,398,,,329,110,14,265,247,249,157,147,61,369,360,99,55,58,119,13,63,153,86,344,422,29,245,,424,,,326,316,221,200,235,186,182,193,287,224,347,189,415,418,198,420,417,263,327,250,298,217,380,234,406,309,294,216,112,258,213,319,348,48,61,127,405,373,300,248,,,144,248,,,329,319,359,226,319,349,266,283,228,248,320,257,421,423,423,352,403,330,282,309,328,28,403,333,,76,,,b'\x11\xe8\xe1I\xe7\xc3\x17\x82\x9a\xbe\x12\xdf\x17\xaeN\x1e'
11E8E149-E7C3-1782-9ABE-12DF17AE4E1E,2023-ncaa-d3-conf-ODAC,ncaa,12,12,11,12,12,10,11,6,12,10,6,12,9,7,11,7,6,2,11,2,3,6,4,12,12,12,5,7,2,2,2,13,8,8,5,11,12,10,9,12,6,6,13,13,,,13,13,,,11,7,1,5,9,9,3,9,4,9,4,2,1,1,2,1,2,13,5,11,12,4,13,,13,,,11,12,12,3,13,12,5,13,6,5,9,7,12,13,9,13,12,4,4,13,13,13,5,1,10,2,8,6,2,2,5,9,4,6,6,8,10,8,13,11,,,5,6,,,11,7,10,11,11,13,12,8,12,7,9,8,13,13,13,9,10,4,8,6,11,4,12,13,,1,,,b'\x11\xe8\xe1I\xe7\xc3\x17\x82\x9a\xbe\x12\xdf\x17\xaeN\x1e'
11E8E149-E7C3-1782-9ABE-12DF17AE4E1E,2023-ncaa-d3-natl,ncaa,381,372,377,385,394,373,386,319,412,383,295,414,326,266,363,242,230,148,363,158,78,293,258,412,407,403,102,215,24,74,21,405,302,320,162,413,425,365,373,415,226,178,417,415,,,338,413,,,376,315,53,288,339,378,117,365,142,280,188,98,42,45,82,22,16,408,146,417,407,140,419,,417,,,377,225,208,52,407,280,82,418,100,95,202,147,333,343,179,339,393,79,84,394,407,381,166,82,337,92,302,54,21,51,162,196,164,231,160,220,317,321,398,414,,,197,140,,,376,104,381,353,374,374,358,234,371,234,200,193,400,404,403,301,322,183,206,188,298,112,368,426,,33,,,b'\x11\xe8\xe1I\xe7\xc3\x17\x82\x9a\xbe\x12\xdf\x17\xaeN\x1e'
11E8E149-E7C3-1782-9ABE-12DF17AE4E1E,2024-ncaa-d3-conf-ODAC,ncaa,12,12,11,12,13,10,10,8,12,9,5,12,10,10,10,10,10,10,12,10,10,8,7,12,12,12,10,9,5,2,5,12,11,9,10,12,12,9,10,12,9,10,12,12,,,12,13,,,12,8,3,10,10,8,3,7,1,10,10,9,6,6,3,3,1,11,7,11,11,6,12,,12,,,12,13,12,5,12,9,5,13,10,9,8,9,12,12,13,12,13,7,6,13,13,13,9,7,12,7,11,10,5,8,10,11,10,8,10,11,8,11,13,11,,,11,12,,,12,6,11,12,12,13,12,10,11,7,12,12,13,12,12,11,11,11,12,11,13,5,11,13,,8,,,b'\x11\xe8\xe1I\xe7\xc3\x17\x82\x9a\xbe\x12\xdf\x17\xaeN\x1e'
11E8E149-E7C3-1782-9ABE-12DF17AE4E1E,2024-ncaa-d3-natl,ncaa,367,394,200,379,257,318,339,199,402,324,183,403,283,233,355,264,169,125,328,125,142,182,123,401,392,384,136,243,55,86,158,326,396,216,350,403,423,370,336,403,175,221,414,414,,,424,418,,,393,152,90,244,350,364,157,349,148,289,233,154,101,102,134,65,56,353,188,413,361,153,417,,426,,,382,386,327,238,353,309,181,377,338,334,260,280,417,417,318,414,414,300,325,361,385,356,325,209,379,377,396,367,158,389,350,287,205,107,166,209,340,301,379,344,,,160,214,,,393,281,375,375,382,380,338,280,310,185,336,342,418,421,417,341,363,375,374,377,288,100,325,377,,111,,,b'\x11\xe8\xe1I\xe7\xc3\x17\x82\x9a\xbe\x12\xdf\x17\xaeN\x1e'
11E8E149-E7C3-1782-9ABE-12DF17AE4E1E,2025-ncaa-d3-conf-ODAC,genius_ncaa,12,11,13,12,13,13,12,11,11,11,8,12,11,11,7,10,10,11,11,12,13,11,9,12,12,13,7,7,8,6,7,13,13,12,13,13,12,10,12,12,4,4,13,13,,,11,12,,11,13,10,2,5,11,11,5,8,3,10,10,9,8,8,6,3,4,12,10,12,13,2,13,,13,,11,13,13,11,3,12,9,2,12,13,9,13,11,11,12,3,12,13,5,7,13,13,12,9,9,4,12,13,5,7,10,13,13,13,5,5,13,11,12,11,12,,,13,13,,2,13,3,13,13,13,13,13,12,12,7,13,13,13,13,13,13,13,13,12,12,13,2,13,12,,12,,1,b'\x11\xe8\xe1I\xe7\xc3\x17\x82\x9a\xbe\x12\xdf\x17\xaeN\x1e'
11E8E149-E7C3-1782-9ABE-12DF17AE4E1E,2025-ncaa-d3-natl,genius_ncaa,370,356,373,376,378,376,374,364,366,352,283,376,357,368,297,331,336,281,391,293,223,362,310,368,369,387,255,285,153,223,188,396,403,370,369,397,402,385,394,403,138,104,356,333,,,341,397,,354,377,331,59,258,362,357,241,311,145,335,335,288,160,179,230,59,104,397,270,396,401,71,330,,412,,394,380,252,206,62,373,175,53,384,267,214,332,289,326,345,136,351,406,88,130,381,387,336,317,253,307,323,403,130,188,226,369,325,372,138,96,243,354,366,341,369,,,345,322,,138,377,86,374,365,378,384,356,280,332,179,355,340,395,402,403,337,375,377,320,363,376,49,382,394,,230,,94,b'\x11\xe8\xe1I\xe7\xc3\x17\x82\x9a\xbe\x12\xdf\x17\xaeN\x1e'
11E8E149-E7C3-1782-9ABE-12DF17AE4E1E,2026-ncaa-d3-conf-ODAC,genius_ncaa,8,7,3,8,3,4,5,3,9,6,3,11,5,11,1,12,4,5,4,5,10,3,3,9,9,8,5,5,4,6,9,11,12,9,10,10,12,5,3,9,2,4,7,8,,,11,11,,6,9,3,1,1,3,4,1,5,1,4,10,3,4,4,1,1,4,10,8,10,7,2,7,,12,,8,9,10,9,6,8,9,9,8,2,1,2,1,12,12,9,11,11,9,10,7,9,10,4,1,11,11,12,9,9,11,10,12,12,4,5,10,4,3,5,4,,,7,10,,3,9,10,8,11,9,12,11,7,11,10,2,2,12,12,12,11,12,12,11,12,12,2,5,7,,7,,2,b'\x11\xe8\xe1I\xe7\xc3\x17\x82\x9a\xbe\x12\xdf\x17\xaeN\x1e'
11E8E149-E7C3-1782-9ABE-12DF17AE4E1E,2026-ncaa-d3-natl,genius_ncaa,288,329,116,323,122,204,207,121,345,155,48,365,316,303,305,382,73,74,221,77,235,109,72,362,351,354,306,359,65,71,176,207,387,140,336,368,412,376,337,398,45,94,117,187,,,379,332,,347,317,82,34,50,263,271,81,179,30,351,354,88,74,74,66,20,73,258,158,396,381,46,133,,396,,349,309,317,291,298,214,300,323,174,254,213,287,82,380,387,205,387,331,319,344,207,234,171,249,143,354,391,387,336,176,369,336,342,343,44,84,181,378,352,242,147,,,70,158,,12,317,319,342,234,316,320,286,316,289,332,224,168,383,388,390,349,390,388,362,385,335,31,381,229,,43,,15,b'\x11\xe8\xe1I\xe7\xc3\x17\x82\x9a\xbe\x12\xdf\x17\xaeN\x1e'
11E8E149-E7C7-953C-9ABE-12DF17AE4E1E,2018-ncaa-d3-conf-NEWMAC,ncaa,2,1,3,2,3,1,1,1,2,1,1,5,4,6,3,8,1,1,8,1,3,1,1,3,2,5,5,8,4,1,1,1,3,1,2,2,7,8,5,5,2,2,8,8,,,5,3,,,1,1,4,1,1,2,1,2,1,4,7,1,1,1,1,1,1,2,1,3,7,2,8,,3,,,1,5,5,7,1,5,8,4,3,10,2,7,4,4,7,4,3,7,11,2,2,1,4,6,6,6,3,5,1,4,2,5,6,2,2,2,7,4,8,4,,,1,9,,,1,11,2,1,1,4,6,7,5,5,2,7,4,3,3,6,8,5,3,3,5,2,5,7,,2,,,b'\x11\xe8\xe1I\xe7\xc7\x95<\x9a\xbe\x12\xdf\x17\xaeN\x1e'
11E8E149-E7C7-953C-9ABE-12DF17AE4E1E,2018-ncaa-d3-natl,ncaa,89,114,68,106,68,99,89,76,142,70,54,176,221,252,157,344,117,115,205,120,279,77,74,165,170,173,323,320,233,29,15,81,31,41,13,143,305,309,187,215,138,147,360,374,,,186,142,,,53,127,277,29,117,102,113,76,75,257,307,152,147,152,109,115,35,122,39,183,225,172,386,,87,,,54,119,138,204,120,140,160,159,237,323,91,354,92,82,292,80,102,171,272,116,97,62,236,310,123,65,31,131,15,91,13,80,78,78,68,49,184,102,195,82,,,142,291,,,53,319,111,40,55,58,83,87,85,71,191,253,55,48,47,55,95,35,54,36,54,106,118,137,,230,,,b'\x11\xe8\xe1I\xe7\xc7\x95<\x9a\xbe\x12\xdf\x17\xaeN\x1e'
11E8E149-E7C7-953C-9ABE-12DF17AE4E1E,2019-ncaa-d3-conf-NEWMAC,ncaa,2,1,4,1,6,3,4,3,4,2,2,6,6,7,3,7,3,3,4,3,3,2,3,5,4,3,8,7,3,1,1,5,2,2,2,3,3,1,2,2,4,2,6,6,,,1,2,,,3,7,4,9,1,1,1,1,2,6,7,2,2,2,1,3,1,5,1,1,3,4,6,,1,,,3,3,8,5,9,5,3,5,9,8,10,9,1,1,5,1,1,3,3,9,8,6,7,10,1,1,2,3,1,2,2,7,6,4,3,7,2,2,9,6,,,5,5,,,3,6,2,4,3,5,8,7,5,3,9,9,1,1,1,2,6,2,2,2,6,3,3,9,,3,,,b'\x11\xe8\xe1I\xe7\xc7\x95<\x9a\xbe\x12\xdf\x17\xaeN\x1e'
11E8E149-E7C7-953C-9ABE-12DF17AE4E1E,2019-ncaa-d3-natl,ncaa,53,29,129,41,209,89,82,111,100,67,70,155,221,306,77,364,77,84,147,87,231,97,128,122,110,86,314,332,163,23,5,210,49,74,16,124,252,141,71,93,137,106,283,253,,,31,31,,,63,236,317,405,60,62,88,49,52,245,346,76,90,95,79,133,16,250,49,121,112,152,307,,15,,,61,132,222,175,286,141,106,240,406,345,409,399,9,8,50,8,13,92,135,339,260,181,264,429,7,38,49,76,5,45,16,191,146,131,90,130,50,29,270,157,,,160,221,,,63,199,29,135,58,103,191,119,119,65,390,322,3,2,2,37,54,26,47,30,160,146,42,259,,178,,,b'\x11\xe8\xe1I\xe7\xc7\x95<\x9a\xbe\x12\xdf\x17\xaeN\x1e'
11E8E149-E7C7-953C-9ABE-12DF17AE4E1E,2020-ncaa-d3-conf-NEWMAC,ncaa,1,1,3,1,3,1,2,2,2,2,3,2,3,8,2,10,1,2,2,2,6,2,1,3,3,3,6,5,7,3,1,1,1,1,1,3,5,9,6,3,5,5,1,1,,,5,4,,,1,2,3,4,1,1,2,1,3,2,8,2,3,3,3,3,3,1,1,1,9,4,1,,4,,,1,5,5,9,2,5,10,2,5,9,1,7,6,6,6,6,4,9,10,2,2,3,5,7,6,7,1,3,1,3,1,3,3,6,7,3,6,4,2,1,,,2,6,,,1,10,2,3,1,4,4,8,5,8,4,9,5,4,5,8,8,6,2,2,2,7,5,3,,2,,,b'\x11\xe8\xe1I\xe7\xc7\x95<\x9a\xbe\x12\xdf\x17\xaeN\x1e'
11E8E149-E7C7-953C-9ABE-12DF17AE4E1E,2020-ncaa-d3-natl,ncaa,101,85,126,96,133,123,83,143,47,43,59,81,281,342,138,373,229,266,152,273,382,161,154,90,104,129,397,359,346,134,99,54,59,77,46,166,339,251,221,209,241,269,101,126,,,105,64,,,95,160,220,59,112,60,158,32,57,300,358,253,298,305,183,187,153,33,65,171,233,265,105,,61,,,94,142,195,343,74,191,319,79,230,286,120,262,65,50,301,51,39,280,245,76,52,89,161,288,80,168,59,121,99,120,46,130,102,245,284,186,183,159,225,138,,,215,260,,,95,282,119,82,94,118,169,299,162,291,216,263,49,37,38,232,197,142,88,97,121,279,163,213,,243,,,b'\x11\xe8\xe1I\xe7\xc7\x95<\x9a\xbe\x12\xdf\x17\xaeN\x1e'
11E8E149-E7C7-953C-9ABE-12DF17AE4E1E,2021-ncaa-d3-natl,ncaa,50,1,176,1,180,133,117,169,16,111,147,36,116,168,16,179,170,194,10,193,253,174,188,18,17,11,196,137,248,178,129,131,114,154,73,81,30,74,26,6,141,102,57,20,,,77,15,,,16,184,161,110,27,16,56,21,49,58,151,165,230,228,78,164,163,11,39,8,30,103,14,,13,,,5,71,74,110,2,77,110,6,71,122,8,189,76,74,190,75,38,104,104,4,3,6,114,118,133,141,114,98,129,106,73,66,89,161,103,26,71,40,46,11,,,209,276,,,16,102,15,10,6,11,14,177,23,151,30,173,38,30,36,134,156,212,87,143,20,101,35,13,,275,,,b'\x11\xe8\xe1I\xe7\xc7\x95<\x9a\xbe\x12\xdf\x17\xaeN\x1e'
11E8E149-E7C7-953C-9ABE-12DF17AE4E1E,2022-ncaa-d3-conf-NEWMAC,ncaa,2,2,1,2,1,2,2,2,3,1,1,2,7,6,8,10,1,2,2,2,5,2,1,4,4,4,11,11,3,2,4,2,4,2,4,2,4,11,7,5,1,5,3,3,,,10,5,,,3,1,3,4,5,4,4,2,2,9,8,3,4,4,4,4,5,2,3,3,7,5,3,,6,,,3,7,7,11,1,8,11,1,9,10,4,9,6,6,1,6,3,11,11,1,1,1,8,9,4,11,4,9,4,10,4,7,5,1,3,2,9,5,7,2,,,1,3,,,3,11,4,2,3,3,3,8,4,7,7,9,3,5,5,9,8,9,3,4,4,4,5,4,,2,,,b'\x11\xe8\xe1I\xe7\xc7\x95<\x9a\xbe\x12\xdf\x17\xaeN\x1e'
11E8E149-E7C7-953C-9ABE-12DF17AE4E1E,2022-ncaa-d3-natl,ncaa,49,95,13,89,27,46,30,46,52,18,20,72,187,240,101,352,109,167,51,166,377,51,40,78,76,87,377,331,304,50,20,66,163,50,42,61,254,324,184,133,186,271,139,224,,,336,223,,,73,49,340,273,115,67,202,44,87,289,356,226,318,317,231,271,133,240,178,131,173,298,219,,159,,,92,324,367,396,162,355,399,123,321,303,268,185,93,93,132,96,21,378,366,163,123,157,119,257,39,312,163,149,20,206,42,281,122,156,264,224,134,47,195,63,,,48,168,,,73,368,61,149,92,97,163,180,174,241,172,140,17,15,15,118,86,149,10,34,134,294,40,100,,196,,,b'\x11\xe8\xe1I\xe7\xc7\x95<\x9a\xbe\x12\xdf\x17\xaeN\x1e'
11E8E149-E7C7-953C-9ABE-12DF17AE4E1E,2023-ncaa-d3-conf-NEWMAC,ncaa,2,2,2,2,2,2,1,1,1,1,1,3,4,7,2,8,3,5,2,5,9,2,2,3,3,1,11,9,8,1,1,2,2,2,2,2,6,3,3,1,5,5,1,1,,,11,9,,,2,2,6,6,1,1,1,1,2,7,8,4,6,6,2,3,2,2,2,1,3,5,1,,6,,,2,5,3,10,2,3,9,2,7,9,3,5,11,11,10,11,9,10,10,2,2,2,9,5,11,8,2,4,1,4,2,3,3,3,4,3,5,3,7,5,,,4,9,,,2,10,1,2,2,3,2,4,2,5,3,6,10,10,10,5,5,4,3,3,3,6,3,7,,9,,,b'\x11\xe8\xe1I\xe7\xc7\x95<\x9a\xbe\x12\xdf\x17\xaeN\x1e'
11E8E149-E7C7-953C-9ABE-12DF17AE4E1E,2023-ncaa-d3-natl,ncaa,7,43,3,37,4,10,6,9,16,4,5,42,97,179,18,349,33,74,8,70,371,10,16,28,27,17,357,320,319,58,147,4,104,8,63,13,236,208,43,18,172,319,12,39,,,403,244,,,25,11,299,415,50,30,147,30,67,212,340,161,296,293,168,301,219,58,127,71,33,349,43,,200,,,42,405,379,425,51,349,416,39,349,375,205,166,403,388,402,389,196,425,419,51,80,133,303,231,333,360,104,381,147,389,63,246,81,112,289,154,131,24,398,195,,,30,228,,,25,419,16,134,38,96,82,169,86,199,166,149,261,201,201,165,117,153,65,87,55,327,20,291,,286,,,b'\x11\xe8\xe1I\xe7\xc7\x95<\x9a\xbe\x12\xdf\x17\xaeN\x1e'
11E8E149-E7C7-953C-9ABE-12DF17AE4E1E,2024-ncaa-d3-conf-NEWMAC,ncaa,4,5,3,5,3,4,4,4,5,6,5,7,4,5,3,7,4,5,2,5,4,4,5,5,4,4,3,4,5,6,8,3,4,4,6,5,7,7,5,6,5,4,4,5,,,7,7,,,5,5,11,2,8,8,9,8,9,7,8,4,5,5,7,12,7,5,8,7,5,7,6,,5,,,5,6,6,9,2,8,10,3,7,8,7,7,7,5,12,5,6,8,8,4,4,6,8,7,7,7,4,9,8,8,6,5,2,6,7,4,8,6,9,10,,,7,8,,,5,8,5,7,5,4,3,3,3,4,7,7,6,5,5,4,3,5,4,4,3,10,6,10,,8,,,b'\x11\xe8\xe1I\xe7\xc7\x95<\x9a\xbe\x12\xdf\x17\xaeN\x1e'
11E8E149-E7C7-953C-9ABE-12DF17AE4E1E,2024-ncaa-d3-natl,ncaa,142,185,63,172,68,141,141,175,101,180,212,158,79,143,19,147,233,314,17,305,323,200,246,81,78,75,130,91,323,250,232,130,107,173,129,163,258,112,123,129,222,209,200,207,,,178,215,,,126,239,400,66,201,191,288,221,295,91,193,286,370,366,326,391,311,203,273,210,65,280,236,,118,,,129,155,152,210,113,150,201,111,225,229,215,250,202,157,345,150,158,198,165,128,137,181,283,270,223,146,107,166,232,152,129,118,97,268,274,178,75,84,312,305,,,281,298,,,126,194,91,162,119,84,90,84,92,120,177,164,147,107,103,72,36,92,74,66,76,340,46,278,,371,,,b'\x11\xe8\xe1I\xe7\xc7\x95<\x9a\xbe\x12\xdf\x17\xaeN\x1e'
11E8E149-E7C7-953C-9ABE-12DF17AE4E1E,2025-ncaa-d3-conf-NEWMAC,genius_ncaa,2,2,5,2,5,4,3,6,3,7,6,7,3,5,1,4,7,7,8,7,8,5,7,3,3,2,2,2,11,8,5,4,2,6,2,6,8,3,5,3,4,2,8,8,,,8,9,,2,2,8,9,6,4,4,7,7,7,2,4,8,8,8,7,9,7,4,6,4,3,3,8,,9,,3,2,4,5,3,5,4,5,4,6,4,8,5,6,6,8,6,7,3,5,6,6,5,8,8,7,1,2,2,5,1,2,5,7,6,5,4,1,2,9,9,,,8,10,,10,2,5,2,4,2,4,5,2,4,4,5,5,5,5,5,3,3,2,4,2,5,8,2,9,,10,,11,b'\x11\xe8\xe1I\xe7\xc7\x95<\x9a\xbe\x12\xdf\x17\xaeN\x1e'
11E8E149-E7C7-953C-9ABE-12DF17AE4E1E,2025-ncaa-d3-natl,genius_ncaa,121,118,116,129,131,139,135,185,78,194,192,205,57,201,2,209,276,271,230,273,304,197,216,53,74,86,113,54,359,122,67,178,70,154,47,154,245,165,165,151,228,210,254,264,,,333,394,,138,120,269,362,75,142,127,220,215,214,53,218,307,317,322,252,304,130,218,157,165,146,269,272,,337,,128,123,173,155,132,217,171,159,214,164,155,211,192,275,205,409,210,243,129,122,217,255,257,227,166,289,67,70,74,67,57,47,92,78,260,235,176,33,39,378,353,,,262,266,,368,120,159,75,227,111,139,123,83,147,120,144,122,263,170,176,84,54,67,56,42,79,309,33,363,,321,,382,b'\x11\xe8\xe1I\xe7\xc7\x95<\x9a\xbe\x12\xdf\x17\xaeN\x1e'
11E8E149-E7C7-953C-9ABE-12DF17AE4E1E,2026-ncaa-d3-natl,genius_ncaa,98,132,116,138,139,124,117,143,132,189,254,90,26,35,106,21,256,284,170,278,257,163,163,85,96,123,77,24,374,109,89,70,18,85,25,49,49,241,204,94,259,269,215,224,,,276,320,,234,131,180,258,113,121,110,136,223,342,20,30,324,344,341,188,194,121,36,47,43,199,300,240,,259,,222,141,226,218,233,153,191,203,160,292,298,241,298,233,249,150,245,273,239,197,186,182,263,314,317,231,91,18,196,89,150,25,113,35,310,357,220,220,181,117,138,,,264,362,,406,131,234,97,207,137,180,167,184,128,142,272,283,211,224,225,186,89,42,119,73,56,378,180,87,,354,,406,b'\x11\xe8\xe1I\xe7\xc7\x95<\x9a\xbe\x12\xdf\x17\xaeN\x1e'
11E8E149-E7CB-D642-9ABE-12DF17AE4E1E,2018-ncaa-d3-conf-OAC,ncaa,5,5,5,5,7,4,6,10,4,8,9,4,1,4,2,3,3,3,3,3,1,9,9,1,1,2,1,2,2,10,8,4,3,6,4,5,3,5,6,5,4,3,2,3,,,7,8,,,4,6,4,7,3,5,9,8,10,1,3,2,3,3,9,8,10,3,6,3,6,3,1,,7,,,4,3,3,1,3,4,10,3,1,1,4,1,7,7,8,7,6,2,3,3,3,5,3,1,9,2,3,2,8,2,4,1,1,6,5,1,3,5,3,8,,,6,3,,,4,5,3,4,4,4,4,5,6,9,1,1,8,7,7,5,5,2,3,3,1,5,3,2,,4,,,b'\x11\xe8\xe1I\xe7\xcb\xd6B\x9a\xbe\x12\xdf\x17\xaeN\x1e'
11E8E149-E7CB-D642-9ABE-12DF17AE4E1E,2018-ncaa-d3-natl,ncaa,151,172,123,165,168,112,185,291,74,314,390,92,18,56,13,38,53,79,67,71,5,246,237,23,18,40,10,31,89,372,351,89,62,206,148,140,124,259,272,181,208,236,102,133,,,380,397,,,138,171,218,207,89,210,377,360,431,15,56,38,85,76,336,318,409,69,259,148,224,238,114,,377,,,138,264,196,223,168,276,343,143,71,83,143,50,419,379,442,381,316,280,248,120,220,266,195,38,423,113,62,160,351,129,148,50,13,266,297,122,176,192,211,365,,,80,22,,,138,282,73,216,135,212,160,181,236,304,54,48,416,377,378,219,173,86,130,99,42,320,146,190,,62,,,b'\x11\xe8\xe1I\xe7\xcb\xd6B\x9a\xbe\x12\xdf\x17\xaeN\x1e'
11E8E149-E7CB-D642-9ABE-12DF17AE4E1E,2019-ncaa-d3-conf-OAC,ncaa,2,2,5,2,6,4,6,8,2,6,9,1,6,7,7,5,3,4,1,4,2,8,8,1,1,2,6,8,2,9,6,3,3,4,1,7,6,5,7,6,4,4,8,9,,,3,4,,,2,6,6,6,3,6,8,5,8,6,5,3,3,3,8,8,8,1,1,6,6,4,8,,4,,,2,1,2,6,1,4,6,1,3,3,2,3,4,3,6,3,2,5,4,1,2,2,3,4,6,4,3,2,6,2,1,1,1,6,7,3,2,4,1,2,,,5,3,,,2,5,2,2,2,3,4,6,4,8,4,3,4,4,4,6,4,6,2,3,1,8,3,1,,3,,,b'\x11\xe8\xe1I\xe7\xcb\xd6B\x9a\xbe\x12\xdf\x17\xaeN\x1e'
11E8E149-E7CB-D642-9ABE-12DF17AE4E1E,2019-ncaa-d3-natl,ncaa,62,90,42,86,54,55,82,119,87,150,229,67,45,53,85,86,26,65,24,63,52,99,117,58,39,38,63,117,108,164,184,54,31,80,75,155,311,193,116,147,163,192,270,317,,,350,323,,,108,113,345,213,86,160,302,233,369,76,100,48,128,125,254,333,265,112,174,216,77,228,325,,233,,,116,355,302,327,195,266,325,153,326,274,341,189,379,328,435,335,250,355,311,209,261,307,324,247,333,122,31,234,184,186,75,85,22,258,326,155,77,39,340,333,,,63,71,,,108,332,45,245,108,185,154,128,147,174,227,156,314,223,230,132,66,38,89,56,37,374,35,273,,131,,,b'\x11\xe8\xe1I\xe7\xcb\xd6B\x9a\xbe\x12\xdf\x17\xaeN\x1e'
11E8E149-E7CB-D642-9ABE-12DF17AE4E1E,2020-ncaa-d3-conf-OAC,ncaa,1,1,1,1,1,1,2,4,2,4,7,2,1,2,1,3,1,3,1,3,1,4,5,1,1,1,1,2,4,7,8,2,1,3,3,1,3,1,2,1,1,1,5,6,,,3,1,,,1,4,9,4,2,3,7,6,9,2,2,2,4,5,7,9,9,3,6,2,1,1,5,,1,,,1,2,3,6,3,5,8,3,1,2,1,1,4,4,1,4,3,6,6,2,2,2,1,1,5,1,1,5,8,3,3,1,2,1,1,1,1,1,6,8,,,2,3,,,1,7,1,1,1,1,1,1,4,4,1,1,3,3,3,2,2,1,4,1,1,1,1,6,,4,,,b'\x11\xe8\xe1I\xe7\xcb\xd6B\x9a\xbe\x12\xdf\x17\xaeN\x1e'
11E8E149-E7CB-D642-9ABE-12DF17AE4E1E,2020-ncaa-d3-natl,ncaa,2,4,2,4,6,13,36,45,53,112,213,52,10,18,27,47,24,58,6,62,57,42,63,25,12,7,35,41,179,217,280,47,16,87,117,105,320,114,34,58,44,67,122,178,,,266,166,,,18,37,357,303,70,125,276,281,394,22,58,77,194,203,271,387,364,244,311,205,14,114,197,,70,,,20,265,284,322,180,341,371,180,112,139,98,84,284,294,259,291,179,328,368,135,143,126,91,70,270,82,16,345,280,241,117,96,32,75,116,47,24,4,423,414,,,17,34,,,18,400,10,73,21,42,67,27,131,125,27,25,139,124,122,22,25,10,91,34,22,215,2,359,,114,,,b'\x11\xe8\xe1I\xe7\xcb\xd6B\x9a\xbe\x12\xdf\x17\xaeN\x1e'
11E8E149-E7CB-D642-9ABE-12DF17AE4E1E,2021-ncaa-d3-conf-OAC,ncaa,2,2,1,2,1,5,6,2,7,3,3,3,6,4,10,5,2,3,4,3,2,2,2,7,6,7,7,7,2,2,4,2,1,2,3,3,5,8,6,6,4,4,3,4,,,6,6,,,3,3,8,2,6,6,6,5,6,7,5,3,3,3,6,7,5,5,5,5,4,6,4,,3,,,4,5,5,6,4,5,8,2,6,3,7,2,8,6,9,6,4,6,6,4,4,4,6,5,9,1,1,8,4,6,3,4,6,3,1,2,8,5,10,9,,,1,2,,,3,7,6,3,3,3,3,2,4,5,1,1,5,4,4,2,2,1,3,2,2,5,5,8,,3,,,b'\x11\xe8\xe1I\xe7\xcb\xd6B\x9a\xbe\x12\xdf\x17\xaeN\x1e'
11E8E149-E7CB-D642-9ABE-12DF17AE4E1E,2021-ncaa-d3-natl,ncaa,25,149,23,84,23,37,39,29,126,31,31,105,53,37,191,136,20,26,62,27,83,27,26,133,119,114,142,175,63,24,75,30,30,27,56,45,169,244,111,129,51,129,53,130,,,249,177,,,56,31,196,16,110,122,124,106,147,152,120,54,75,80,104,130,83,135,103,138,105,152,140,,132,,,92,247,239,247,107,234,254,53,243,208,253,55,260,244,256,243,144,249,249,113,143,135,207,149,223,192,30,253,75,242,56,211,69,43,115,68,237,105,273,243,,,21,27,,,56,253,94,102,89,97,73,59,79,136,115,43,189,140,136,61,54,26,103,61,60,142,100,246,,38,,,b'\x11\xe8\xe1I\xe7\xcb\xd6B\x9a\xbe\x12\xdf\x17\xaeN\x1e'
11E8E149-E7CB-D642-9ABE-12DF17AE4E1E,2022-ncaa-d3-conf-OAC,ncaa,1,1,1,1,1,2,2,3,2,3,4,1,1,2,3,2,1,1,1,1,2,3,3,2,1,1,3,4,5,4,5,2,1,3,1,3,8,6,2,4,7,8,2,4,,,5,6,,,1,3,9,5,3,3,6,4,10,1,2,2,4,4,5,7,6,2,4,4,3,8,4,,2,,,1,2,2,5,3,3,8,2,1,1,1,2,7,6,7,6,5,5,6,1,2,1,3,2,10,1,1,3,5,2,1,1,1,4,4,1,1,2,7,7,,,1,1,,,1,8,1,1,1,1,1,1,2,5,1,1,6,5,4,1,1,1,1,1,1,6,1,5,,1,,,b'\x11\xe8\xe1I\xe7\xcb\xd6B\x9a\xbe\x12\xdf\x17\xaeN\x1e'
11E8E149-E7CB-D642-9ABE-12DF17AE4E1E,2022-ncaa-d3-natl,ncaa,18,39,13,32,21,38,51,89,43,82,190,18,56,66,82,103,47,73,84,69,99,82,86,27,23,36,137,136,213,189,213,35,1,66,25,133,350,250,152,174,228,268,53,70,,,314,299,,,26,68,393,221,102,133,333,174,365,87,129,142,185,187,325,382,327,115,216,245,95,336,80,,130,,,30,198,169,265,87,226,335,71,85,120,100,64,341,302,406,277,177,270,267,60,104,115,180,67,367,25,1,230,213,129,25,21,6,175,210,19,156,92,406,395,,,19,41,,,26,337,48,67,34,26,22,20,66,116,23,21,220,138,120,9,8,2,36,7,2,321,52,343,,116,,,b'\x11\xe8\xe1I\xe7\xcb\xd6B\x9a\xbe\x12\xdf\x17\xaeN\x1e'
11E8E149-E7CB-D642-9ABE-12DF17AE4E1E,2023-ncaa-d3-conf-OAC,ncaa,2,2,1,2,2,2,6,6,4,6,9,2,1,1,6,2,1,1,2,1,1,5,4,3,3,2,1,2,1,6,6,3,3,4,4,7,9,8,6,8,2,4,6,9,,,5,3,,,3,3,8,4,2,6,8,8,10,2,1,1,1,1,7,8,7,3,6,7,5,4,8,,4,,,3,4,7,6,5,10,10,4,1,1,3,1,6,6,6,6,1,6,8,4,5,4,1,1,5,3,3,8,6,7,4,2,2,1,2,2,6,5,7,10,,,1,1,,,3,8,2,2,3,3,5,2,8,10,1,1,5,4,4,1,5,2,4,2,2,2,5,5,,1,,,b'\x11\xe8\xe1I\xe7\xcb\xd6B\x9a\xbe\x12\xdf\x17\xaeN\x1e'
11E8E149-E7CB-D642-9ABE-12DF17AE4E1E,2023-ncaa-d3-natl,ncaa,37,43,33,43,34,89,178,200,160,296,368,110,25,24,77,24,17,15,94,14,1,134,151,85,55,60,6,29,27,308,341,62,15,160,140,267,345,179,138,245,203,243,242,291,,,238,214,,,77,104,365,14,150,287,384,383,426,41,43,25,35,30,326,379,389,165,316,333,87,288,298,,109,,,82,191,217,246,175,321,364,172,48,66,61,42,265,252,268,248,156,243,258,121,132,132,50,32,285,48,15,314,341,186,140,41,10,152,176,53,155,132,329,403,,,17,3,,,77,325,106,85,82,61,87,57,181,195,18,20,168,149,151,59,39,15,146,61,19,263,90,265,,32,,,b'\x11\xe8\xe1I\xe7\xcb\xd6B\x9a\xbe\x12\xdf\x17\xaeN\x1e'
11E8E149-E7CB-D642-9ABE-12DF17AE4E1E,2024-ncaa-d3-conf-OAC,ncaa,1,1,4,1,5,4,3,6,3,7,8,4,1,2,4,2,5,6,6,6,4,5,4,3,3,4,1,2,7,2,1,2,1,3,1,3,2,9,7,6,8,9,2,2,,,4,5,,,2,7,8,6,2,4,6,7,8,1,1,6,7,7,5,3,1,2,1,2,7,9,2,,4,,,2,1,1,4,2,2,7,1,1,1,5,2,2,3,1,3,2,4,2,2,2,2,3,5,3,1,1,1,1,1,1,1,1,8,8,5,6,5,7,10,,,2,4,,,2,4,2,1,2,1,2,3,3,8,1,1,2,2,3,2,2,2,1,1,1,8,5,5,,4,,,b'\x11\xe8\xe1I\xe7\xcb\xd6B\x9a\xbe\x12\xdf\x17\xaeN\x1e'
11E8E149-E7CB-D642-9ABE-12DF17AE4E1E,2024-ncaa-d3-natl,ncaa,42,66,17,61,17,75,118,77,195,233,256,187,15,14,81,23,100,149,72,148,94,80,76,123,121,125,17,20,233,90,102,12,4,23,12,122,171,270,184,172,294,327,44,73,,,289,252,,,94,76,369,81,192,236,242,346,394,26,37,199,275,272,255,313,177,38,74,204,142,370,79,,136,,,106,235,248,355,86,250,355,80,220,283,144,188,216,231,159,245,139,353,293,79,63,149,202,218,181,61,4,267,102,152,12,112,31,324,375,235,250,158,408,411,,,105,209,,,94,342,117,96,107,55,78,114,97,171,117,129,95,102,117,100,26,15,61,23,35,404,129,361,,280,,,b'\x11\xe8\xe1I\xe7\xcb\xd6B\x9a\xbe\x12\xdf\x17\xaeN\x1e'
11E8E149-E7CB-D642-9ABE-12DF17AE4E1E,2025-ncaa-d3-conf-OAC,genius_ncaa,1,1,1,1,4,2,1,3,1,2,6,1,2,3,4,3,2,2,3,2,3,4,1,2,2,2,4,5,4,2,2,1,2,1,2,5,9,8,8,7,6,6,1,1,,,3,2,,2,1,1,6,5,2,2,5,3,8,3,4,2,5,5,6,4,3,1,1,5,8,8,1,,3,,2,1,1,3,8,1,4,9,2,1,2,1,2,2,3,2,3,2,8,9,1,1,1,2,1,5,4,2,1,2,3,2,1,1,5,8,1,8,7,2,2,,,1,1,,1,1,9,2,1,1,1,2,5,4,9,1,1,2,3,3,5,4,3,1,2,1,8,8,1,,1,,1,b'\x11\xe8\xe1I\xe7\xcb\xd6B\x9a\xbe\x12\xdf\x17\xaeN\x1e'
11E8E149-E7CB-D642-9ABE-12DF17AE4E1E,2025-ncaa-d3-natl,genius_ncaa,3,4,3,4,5,19,40,42,59,79,132,59,20,32,62,98,14,21,84,25,43,32,20,44,40,73,67,105,133,59,68,5,12,8,9,93,307,373,237,227,142,244,14,45,,,328,183,,379,34,16,314,87,101,156,295,230,344,69,124,70,95,106,258,264,182,29,71,238,214,286,36,,127,,326,48,309,311,406,46,364,411,63,61,206,14,46,333,336,208,332,136,403,390,30,39,70,59,28,276,174,12,252,68,220,9,29,1,121,269,33,354,224,334,273,,,4,25,,7,34,406,72,46,44,43,60,117,139,244,16,32,159,151,152,110,70,39,23,25,5,322,202,200,,49,,15,b'\x11\xe8\xe1I\xe7\xcb\xd6B\x9a\xbe\x12\xdf\x17\xaeN\x1e'
11E8E149-E7CB-D642-9ABE-12DF17AE4E1E,2026-ncaa-d3-conf-OAC,genius_ncaa,1,1,1,1,1,1,1,3,1,2,3,2,1,1,1,1,1,1,6,1,2,2,2,1,1,1,1,1,5,4,6,1,2,1,2,1,2,8,7,5,3,4,1,4,,,7,1,,9,1,1,4,1,1,2,9,6,9,1,3,2,2,2,8,7,8,2,4,1,6,4,3,,1,,7,2,7,8,9,4,8,9,4,6,8,5,5,5,6,4,6,1,8,8,4,3,2,3,4,2,8,2,6,6,7,2,5,1,3,4,4,8,6,5,4,,,2,5,,5,1,8,1,2,2,3,6,6,5,7,4,5,1,1,1,4,6,4,1,2,2,5,6,2,,4,,8,b'\x11\xe8\xe1I\xe7\xcb\xd6B\x9a\xbe\x12\xdf\x17\xaeN\x1e'
11E8E149-E7CB-D642-9ABE-12DF17AE4E1E,2026-ncaa-d3-natl,genius_ncaa,98,68,215,92,249,221,220,316,75,307,361,76,66,153,29,32,279,337,36,339,201,320,315,32,28,64,49,20,305,352,310,211,20,278,84,241,261,152,249,206,259,191,58,33,,,36,19,,197,70,302,293,113,153,170,332,286,391,27,79,261,338,346,356,361,364,90,234,207,190,233,33,,9,,234,60,69,96,128,83,137,160,138,37,103,15,167,59,38,348,32,19,104,106,43,35,61,35,64,113,48,20,110,310,75,84,35,12,285,196,51,170,254,242,379,,,323,295,,76,70,118,100,35,48,37,86,160,166,220,23,113,44,19,17,107,79,29,95,56,12,262,206,301,,349,,66,b'\x11\xe8\xe1I\xe7\xcb\xd6B\x9a\xbe\x12\xdf\x17\xaeN\x1e'
11E8E149-E7D0-1F22-9ABE-12DF17AE4E1E,2018-ncaa-d3-conf-Liberty League,ncaa,10,10,7,10,10,10,10,9,10,10,9,10,10,7,10,4,4,2,6,2,1,9,9,10,10,10,1,7,1,9,10,10,10,10,10,10,9,9,9,10,10,10,10,10,,,1,1,,,10,7,4,9,10,10,9,10,9,10,6,1,1,1,9,9,9,10,10,10,9,10,10,,1,,,10,10,10,10,10,10,10,10,7,6,9,5,2,2,2,2,1,10,7,10,10,10,1,5,1,10,10,10,10,10,10,10,8,8,10,10,10,10,10,10,,,8,5,,,10,5,10,10,10,10,10,10,10,10,9,6,3,3,3,10,10,10,10,10,10,7,10,10,,6,,,"b'\x11\xe8\xe1I\xe7\xd0\x1f""\x9a\xbe\x12\xdf\x17\xaeN\x1e'"
11E8E149-E7D0-1F22-9ABE-12DF17AE4E1E,2018-ncaa-d3-natl,ncaa,426,437,197,428,251,422,427,374,441,434,365,440,386,249,430,149,280,276,269,259,108,366,342,438,435,433,35,194,1,416,441,373,434,407,440,433,412,322,388,433,410,431,425,437,,,28,7,,,438,282,266,263,437,439,425,442,399,392,242,292,280,265,414,388,432,416,435,441,330,425,431,,10,,,437,418,439,401,426,439,411,424,279,237,310,154,27,27,90,24,5,355,282,413,378,415,7,133,6,430,434,438,441,440,440,436,303,359,400,432,415,423,388,429,,,334,266,,,438,165,435,434,439,409,433,415,436,421,269,239,17,19,17,379,326,417,432,434,428,381,405,393,,353,,,"b'\x11\xe8\xe1I\xe7\xd0\x1f""\x9a\xbe\x12\xdf\x17\xaeN\x1e'"
11E8E149-E7D0-1F22-9ABE-12DF17AE4E1E,2019-ncaa-d3-conf-Liberty League,ncaa,10,10,7,10,9,10,10,10,10,10,10,10,6,4,10,2,6,6,2,6,1,10,10,10,10,10,1,2,1,10,10,10,10,10,10,10,10,8,10,10,10,10,10,10,,,4,3,,,10,8,5,6,10,10,10,10,10,5,3,5,6,6,10,10,10,10,10,10,9,10,10,,5,,,10,10,10,9,10,10,10,10,2,2,5,1,5,4,8,4,3,9,6,10,10,10,1,1,3,10,10,9,10,10,10,10,7,9,10,10,10,10,10,10,,,9,6,,,10,3,10,10,10,10,10,10,10,10,4,3,6,5,6,10,10,10,9,10,10,9,10,10,,8,,,"b'\x11\xe8\xe1I\xe7\xd0\x1f""\x9a\xbe\x12\xdf\x17\xaeN\x1e'"
11E8E149-E7D0-1F22-9ABE-12DF17AE4E1E,2019-ncaa-d3-natl,ncaa,403,399,365,405,380,409,420,399,429,427,411,425,265,160,384,43,331,380,44,376,166,400,398,417,407,411,19,56,60,411,430,407,430,415,434,418,381,207,356,417,364,355,411,424,,,68,79,,,424,384,245,323,417,427,376,433,411,214,87,287,364,355,393,355,412,401,429,428,312,337,409,,124,,,422,264,387,222,417,428,370,408,31,34,188,27,55,49,245,46,16,160,96,375,347,398,4,15,38,389,430,315,430,359,434,323,169,389,391,408,348,410,427,443,,,409,361,,,424,59,417,421,424,398,420,398,432,425,73,59,97,92,92,377,314,416,406,421,387,362,390,441,,408,,,"b'\x11\xe8\xe1I\xe7\xd0\x1f""\x9a\xbe\x12\xdf\x17\xaeN\x1e'"
11E8E149-E7D0-1F22-9ABE-12DF17AE4E1E,2020-ncaa-d3-conf-Liberty League,ncaa,10,10,7,10,9,10,10,10,10,10,10,10,7,4,9,1,8,9,4,9,3,10,10,10,10,10,1,2,2,10,10,10,10,10,10,10,7,9,10,10,10,10,10,10,,,1,1,,,10,9,9,9,10,10,10,10,10,7,3,8,9,9,10,10,10,10,10,10,10,10,10,,1,,,10,10,10,9,10,10,9,10,8,1,9,1,1,1,3,1,1,8,4,10,10,10,1,3,1,10,10,10,10,10,10,10,8,10,10,10,10,10,9,10,,,10,9,,,10,2,10,10,10,10,10,10,10,10,8,2,1,1,1,10,10,10,10,10,10,10,10,9,,10,,,"b'\x11\xe8\xe1I\xe7\xd0\x1f""\x9a\xbe\x12\xdf\x17\xaeN\x1e'"
11E8E149-E7D0-1F22-9ABE-12DF17AE4E1E,2020-ncaa-d3-natl,ncaa,367,391,198,374,280,381,387,361,394,385,378,364,307,187,403,96,293,351,66,358,241,370,375,387,368,364,118,177,95,386,409,343,410,381,416,358,220,180,310,341,420,428,418,433,,,16,12,,,417,362,360,303,402,413,396,401,399,302,169,291,366,378,406,413,403,373,408,384,204,425,427,,9,,,411,380,429,373,417,432,430,391,140,60,377,20,12,15,111,19,3,308,154,395,357,415,4,49,4,393,410,297,409,356,416,407,233,413,429,432,226,315,376,426,,,376,325,,,417,84,378,427,411,377,420,391,427,431,156,59,9,9,10,341,198,383,313,355,395,425,241,382,,403,,,"b'\x11\xe8\xe1I\xe7\xd0\x1f""\x9a\xbe\x12\xdf\x17\xaeN\x1e'"
11E8E149-E7D0-1F22-9ABE-12DF17AE4E1E,2022-ncaa-d3-conf-Liberty League,ncaa,10,10,7,10,8,10,10,10,10,10,10,10,5,4,6,3,5,7,1,7,1,10,10,10,8,10,2,2,1,10,10,10,10,10,10,10,10,10,10,10,10,10,9,9,,,2,1,,,10,9,7,7,10,10,10,10,10,5,3,4,5,5,10,10,10,10,10,10,10,10,9,,2,,,10,10,10,9,10,10,8,10,10,10,6,10,2,2,3,2,1,9,4,10,10,10,2,7,1,10,10,4,10,9,10,10,10,10,10,10,10,10,10,10,,,9,2,,,10,2,10,10,10,10,10,10,10,9,10,10,3,3,3,10,8,10,6,9,10,10,10,10,,8,,,"b'\x11\xe8\xe1I\xe7\xd0\x1f""\x9a\xbe\x12\xdf\x17\xaeN\x1e'"
11E8E149-E7D0-1F22-9ABE-12DF17AE4E1E,2022-ncaa-d3-natl,ncaa,406,424,250,421,283,391,402,397,396,410,404,405,278,273,276,117,232,293,53,293,45,391,364,387,343,386,21,117,10,414,425,307,405,375,413,410,407,369,413,421,417,428,387,409,,,55,35,,,418,326,334,287,413,423,425,425,420,283,259,190,276,279,424,419,425,311,414,426,374,426,402,,41,,,410,387,410,370,384,412,343,413,304,360,137,302,45,46,116,46,13,327,173,375,344,416,18,186,15,403,405,213,425,344,413,413,358,415,429,428,378,411,333,427,,,330,183,,,418,113,399,424,413,391,413,407,411,388,330,393,35,37,31,398,267,402,278,371,415,429,384,365,,341,,,"b'\x11\xe8\xe1I\xe7\xd0\x1f""\x9a\xbe\x12\xdf\x17\xaeN\x1e'"
11E8E149-E7D0-1F22-9ABE-12DF17AE4E1E,2023-ncaa-d3-conf-Liberty League,ncaa,10,10,10,10,10,10,10,10,10,10,10,10,9,10,9,8,10,10,10,10,7,10,10,10,10,10,4,5,4,10,10,10,10,10,10,10,10,10,10,10,10,10,10,10,,,1,2,,,10,10,8,6,10,10,10,10,10,9,9,10,10,10,10,10,10,9,10,10,10,10,10,,2,,,10,6,8,6,9,9,2,9,8,7,4,9,2,2,7,2,2,4,1,9,9,9,2,7,2,10,10,2,10,9,10,9,9,10,10,10,10,10,5,10,,,10,9,,,10,1,10,10,10,10,10,10,9,7,9,10,2,2,2,10,10,10,9,10,9,10,10,8,,10,,,"b'\x11\xe8\xe1I\xe7\xd0\x1f""\x9a\xbe\x12\xdf\x17\xaeN\x1e'"
11E8E149-E7D0-1F22-9ABE-12DF17AE4E1E,2023-ncaa-d3-natl,ncaa,411,411,333,416,363,415,416,407,415,415,392,416,368,375,314,249,417,409,420,409,369,410,401,415,415,417,187,133,332,412,423,357,403,394,414,412,274,377,421,414,416,422,409,414,,,44,60,,,418,393,347,288,423,421,428,422,391,366,365,423,418,420,429,416,423,311,413,419,398,422,415,,60,,,415,224,314,246,315,311,156,378,285,341,114,363,41,41,214,37,42,175,85,311,281,379,103,288,34,389,403,189,423,314,414,356,332,406,417,417,383,414,176,339,,,402,366,,,418,38,418,410,418,345,374,378,363,273,340,396,53,55,49,347,228,395,321,379,378,416,391,238,,415,,,"b'\x11\xe8\xe1I\xe7\xd0\x1f""\x9a\xbe\x12\xdf\x17\xaeN\x1e'"
11E8E149-E7D0-1F22-9ABE-12DF17AE4E1E,2024-ncaa-d3-conf-Liberty League,ncaa,10,10,9,10,9,10,10,10,10,10,8,10,10,9,7,5,10,10,10,10,10,10,9,10,10,10,6,2,10,8,8,9,10,9,9,9,3,10,10,10,10,9,10,10,,,1,1,,,10,10,6,3,10,10,9,10,8,8,8,10,10,10,10,8,8,9,9,9,10,8,10,,2,,,10,9,10,6,9,9,3,10,10,8,8,10,2,2,2,2,3,4,3,10,9,10,5,9,1,10,10,3,8,6,9,9,9,10,9,10,10,10,9,9,,,10,10,,,10,1,10,10,10,10,10,10,10,10,10,10,2,4,4,9,8,10,8,10,10,9,10,9,,10,,,"b'\x11\xe8\xe1I\xe7\xd0\x1f""\x9a\xbe\x12\xdf\x17\xaeN\x1e'"
11E8E149-E7D0-1F22-9ABE-12DF17AE4E1E,2024-ncaa-d3-natl,ncaa,367,361,345,367,357,410,398,379,395,401,366,408,312,325,250,185,423,420,422,420,424,396,386,387,409,405,231,76,425,336,319,374,390,369,377,335,24,320,392,354,375,358,371,366,,,27,34,,,398,387,375,244,414,408,388,407,331,278,289,425,424,424,415,375,306,342,359,318,357,373,364,,18,,,392,116,228,131,327,236,123,345,220,220,225,323,19,21,30,20,29,86,54,325,255,326,78,295,15,329,390,138,319,218,377,335,386,375,362,400,345,393,361,407,,,415,418,,,398,39,404,370,396,263,339,318,325,246,317,329,14,25,22,250,162,371,283,334,371,376,372,399,,426,,,"b'\x11\xe8\xe1I\xe7\xd0\x1f""\x9a\xbe\x12\xdf\x17\xaeN\x1e'"
11E8E149-E7D0-1F22-9ABE-12DF17AE4E1E,2025-ncaa-d3-conf-Liberty League,genius_ncaa,10,10,7,10,8,10,10,9,10,10,9,10,10,10,10,8,9,8,10,8,8,9,9,10,10,10,8,9,5,9,9,8,10,9,9,10,10,10,10,10,10,10,10,10,,,4,3,,5,10,9,3,7,10,10,9,10,9,10,10,9,8,8,9,7,8,6,9,10,10,9,10,,4,,6,10,10,10,7,10,9,6,10,9,7,10,7,1,5,1,5,4,8,5,10,10,10,4,6,1,10,10,9,9,9,9,10,9,8,8,10,10,10,7,8,,,8,8,,7,10,3,10,10,10,10,10,10,9,8,10,10,5,5,5,10,10,10,10,10,10,8,10,8,,7,,7,"b'\x11\xe8\xe1I\xe7\xd0\x1f""\x9a\xbe\x12\xdf\x17\xaeN\x1e'"
11E8E149-E7D0-1F22-9ABE-12DF17AE4E1E,2025-ncaa-d3-natl,genius_ncaa,403,400,345,408,357,403,400,379,403,390,334,401,387,360,401,275,407,392,407,391,358,384,372,405,406,405,320,289,269,341,361,304,298,335,346,399,354,330,385,396,392,388,334,329,,,124,203,,89,396,369,251,258,410,405,383,391,286,383,343,409,393,390,398,306,316,173,252,404,374,390,313,,215,,103,392,152,224,130,307,222,136,319,218,199,253,250,65,129,7,116,161,113,64,307,256,324,133,246,74,242,298,257,361,257,346,293,314,380,366,381,362,391,362,398,,,380,314,,348,396,53,406,342,401,304,329,304,318,269,287,296,112,206,186,294,219,312,364,346,341,357,374,391,,353,,343,"b'\x11\xe8\xe1I\xe7\xd0\x1f""\x9a\xbe\x12\xdf\x17\xaeN\x1e'"
11E8E149-E7D0-1F22-9ABE-12DF17AE4E1E,2026-ncaa-d3-conf-Liberty League,genius_ncaa,5,4,3,5,3,8,10,8,10,10,10,10,1,2,5,1,7,6,7,5,1,8,9,8,7,7,1,1,4,7,7,10,9,9,9,5,1,3,5,4,4,4,7,6,,,7,7,,1,6,9,9,1,7,10,7,10,10,1,1,5,4,3,7,9,7,10,9,5,3,4,7,,7,,2,6,3,4,5,6,4,2,8,4,7,2,9,3,2,4,2,5,5,4,4,4,4,5,5,3,7,9,6,7,6,9,6,9,6,5,5,1,2,7,10,,,4,1,,2,6,2,7,6,6,4,5,6,5,2,4,9,3,2,2,6,4,8,8,7,6,5,1,9,,2,,2,"b'\x11\xe8\xe1I\xe7\xd0\x1f""\x9a\xbe\x12\xdf\x17\xaeN\x1e'"
11E8E149-E7D0-1F22-9ABE-12DF17AE4E1E,2026-ncaa-d3-natl,genius_ncaa,225,200,215,240,249,317,326,229,375,384,341,392,66,55,182,9,360,329,368,327,225,249,248,334,358,340,9,3,353,94,94,170,180,132,135,134,2,229,257,177,213,183,261,228,,,175,230,,75,211,278,186,113,322,323,103,405,356,27,10,378,323,326,149,114,34,37,18,60,283,164,252,,251,,80,213,94,95,161,25,90,113,94,142,271,39,348,141,160,85,169,268,160,159,33,27,39,280,262,246,213,180,225,94,216,135,90,161,220,175,97,144,151,260,367,,,257,266,,169,211,146,309,59,200,76,81,228,81,125,176,346,164,204,212,224,255,278,332,318,92,144,170,320,,215,,165,"b'\x11\xe8\xe1I\xe7\xd0\x1f""\x9a\xbe\x12\xdf\x17\xaeN\x1e'"
11E8E149-E7D4-4494-9ABE-12DF17AE4E1E,2018-ncaa-d3-conf-CUNYAC,ncaa,6,6,5,6,5,6,6,5,6,5,3,7,8,9,6,9,4,4,6,4,6,5,5,7,6,6,9,9,2,6,7,2,4,5,5,6,6,3,5,6,6,6,3,4,,,2,2,,,6,6,4,1,6,6,5,4,2,8,9,4,2,2,5,6,7,2,5,6,5,6,3,,2,,,6,5,6,7,5,5,7,5,5,7,4,8,4,2,7,2,2,8,5,5,4,6,2,5,4,6,4,7,7,7,5,6,5,5,5,5,5,5,8,6,,,2,2,,,6,4,6,5,6,6,6,6,6,6,5,6,2,2,2,6,7,5,7,7,6,6,5,8,,2,,,b'\x11\xe8\xe1I\xe7\xd4D\x94\x9a\xbe\x12\xdf\x17\xaeN\x1e'
11E8E149-E7D4-4494-9ABE-12DF17AE4E1E,2018-ncaa-d3-natl,ncaa,320,279,390,322,391,379,362,359,357,283,170,372,412,415,360,424,323,276,372,268,305,355,331,389,389,386,398,411,134,287,313,327,416,327,381,352,241,286,367,362,272,286,307,320,,,36,19,,,345,335,57,44,338,303,145,167,36,414,415,234,135,128,124,66,180,106,118,293,389,191,264,,68,,,349,110,212,224,191,237,249,219,168,232,95,246,33,59,5,53,40,171,193,175,89,101,58,224,23,405,416,224,313,333,381,298,339,182,173,241,329,362,107,90,,,237,129,,,345,120,388,197,340,319,379,422,382,407,268,362,48,111,108,419,426,431,403,423,386,73,386,195,,46,,,b'\x11\xe8\xe1I\xe7\xd4D\x94\x9a\xbe\x12\xdf\x17\xaeN\x1e'
11E8E149-E7D4-4494-9ABE-12DF17AE4E1E,2019-ncaa-d3-conf-CUNYAC,ncaa,6,6,5,6,5,6,5,6,5,5,5,5,5,6,5,5,7,9,4,9,9,6,8,5,5,5,7,6,8,9,9,8,9,9,9,5,4,5,5,5,4,4,8,8,,,3,2,,,6,6,5,4,6,5,7,5,6,5,6,8,9,9,8,8,9,9,9,5,5,4,8,,3,,,6,6,6,6,7,6,8,6,7,4,7,3,5,6,4,6,5,7,5,7,7,7,4,6,4,9,9,9,9,9,9,6,5,4,4,5,5,6,9,9,,,9,7,,,6,4,5,7,6,5,5,5,5,7,6,5,5,4,4,5,6,8,8,9,5,4,5,9,,9,,,b'\x11\xe8\xe1I\xe7\xd4D\x94\x9a\xbe\x12\xdf\x17\xaeN\x1e'
11E8E149-E7D4-4494-9ABE-12DF17AE4E1E,2019-ncaa-d3-natl,ncaa,306,274,365,308,379,383,362,358,343,329,289,339,360,345,353,294,388,388,316,390,388,373,354,359,369,387,336,283,323,419,434,383,435,410,437,325,183,316,381,354,157,153,417,423,,,94,70,,,388,302,58,295,378,336,241,269,168,343,310,376,374,376,295,167,424,350,418,275,389,82,415,,189,,,390,191,247,190,290,324,294,280,89,84,195,82,155,218,44,212,175,180,238,248,211,171,59,82,159,422,435,342,434,396,437,257,210,119,122,159,301,363,243,286,,,402,402,,,388,135,406,267,388,345,367,387,392,405,157,160,246,316,314,391,425,431,415,431,325,51,366,317,,400,,,b'\x11\xe8\xe1I\xe7\xd4D\x94\x9a\xbe\x12\xdf\x17\xaeN\x1e'
11E8E149-E7D4-4494-9ABE-12DF17AE4E1E,2020-ncaa-d3-conf-CUNYAC,ncaa,4,4,5,4,5,4,4,4,4,3,3,4,5,5,3,5,6,8,2,8,8,5,8,4,4,4,7,4,6,7,7,6,4,6,5,4,4,3,4,4,4,4,6,6,,,5,6,,,5,6,5,2,4,4,4,3,2,5,5,5,8,8,4,8,7,5,8,4,3,4,6,,6,,,5,4,4,2,5,4,3,5,4,2,5,5,4,4,1,4,6,2,2,5,5,5,3,4,4,2,4,6,7,3,5,3,2,4,4,4,4,4,1,1,,,6,6,,,5,3,4,5,5,5,5,3,5,4,4,4,3,5,5,3,3,3,6,5,4,4,4,2,,6,,,b'\x11\xe8\xe1I\xe7\xd4D\x94\x9a\xbe\x12\xdf\x17\xaeN\x1e'
11E8E149-E7D4-4494-9ABE-12DF17AE4E1E,2020-ncaa-d3-natl,ncaa,170,111,372,146,388,277,212,228,190,112,62,251,374,409,155,412,376,393,202,400,435,273,336,242,265,239,429,387,394,317,340,254,294,290,319,170,136,72,130,82,219,189,381,395,,,80,87,,,201,326,67,303,188,83,43,29,7,359,401,359,374,384,84,115,229,88,150,79,169,138,372,,155,,,199,77,143,144,196,208,227,193,76,96,139,111,41,118,2,115,114,118,127,152,104,92,52,135,75,276,294,268,340,287,319,167,199,210,172,181,153,210,94,44,,,384,381,,,201,106,259,133,201,221,296,339,325,380,151,181,82,215,214,323,363,350,383,371,251,112,237,134,,345,,,b'\x11\xe8\xe1I\xe7\xd4D\x94\x9a\xbe\x12\xdf\x17\xaeN\x1e'
11E8E149-E7D4-4494-9ABE-12DF17AE4E1E,2022-ncaa-d3-conf-CUNYAC,ncaa,3,3,5,3,5,4,3,3,5,3,2,5,5,6,4,6,5,5,1,5,7,3,4,5,5,4,6,5,5,5,6,7,6,7,7,3,2,1,3,2,2,2,4,4,,,6,6,,,3,3,1,1,3,3,2,2,2,5,6,4,5,5,3,3,5,7,7,2,3,2,4,,7,,,3,3,3,3,4,6,4,5,1,1,1,1,7,7,7,7,6,3,4,4,4,3,2,1,7,3,6,6,6,6,7,3,2,3,2,2,3,3,6,3,,,5,6,,,3,4,5,3,3,4,4,3,6,5,1,1,7,7,7,3,7,5,7,7,4,1,3,6,,5,,,b'\x11\xe8\xe1I\xe7\xd4D\x94\x9a\xbe\x12\xdf\x17\xaeN\x1e'
11E8E149-E7D4-4494-9ABE-12DF17AE4E1E,2022-ncaa-d3-natl,ncaa,232,156,376,202,378,352,300,301,294,226,138,343,395,404,290,407,390,402,182,401,424,333,328,339,353,350,415,392,378,338,354,365,376,360,382,170,9,159,283,167,92,44,293,298,,,109,137,,,243,324,26,117,264,164,41,64,5,386,394,376,392,391,75,47,242,232,242,43,332,23,269,,300,,,249,44,60,58,180,158,121,245,9,25,2,49,144,173,98,174,255,60,121,118,120,51,17,6,301,287,376,213,354,249,382,145,316,78,17,67,174,233,182,148,,,387,402,,,243,102,358,79,250,217,239,301,342,364,17,71,294,339,342,318,407,384,405,400,298,10,296,302,,354,,,b'\x11\xe8\xe1I\xe7\xd4D\x94\x9a\xbe\x12\xdf\x17\xaeN\x1e'
11E8E149-E7D4-4494-9ABE-12DF17AE4E1E,2023-ncaa-d3-conf-CUNYAC,ncaa,4,4,5,4,5,6,6,4,6,6,4,6,3,3,4,4,6,7,3,7,7,4,6,6,6,6,5,3,7,4,5,3,4,4,5,4,1,2,2,3,6,6,5,5,,,3,4,,,5,6,8,1,6,6,3,6,4,3,3,6,7,7,4,6,3,3,3,4,2,7,4,,2,,,5,2,3,2,4,5,4,4,1,2,4,3,2,4,1,4,5,2,1,3,3,5,2,2,4,3,4,8,5,6,5,2,2,6,5,5,2,3,8,6,,,6,5,,,5,2,5,5,5,4,5,3,5,6,1,2,3,5,5,4,1,4,7,6,3,5,2,8,,5,,,b'\x11\xe8\xe1I\xe7\xd4D\x94\x9a\xbe\x12\xdf\x17\xaeN\x1e'
11E8E149-E7D4-4494-9ABE-12DF17AE4E1E,2023-ncaa-d3-natl,ncaa,171,198,109,190,131,191,147,56,307,147,62,317,167,142,270,232,360,351,358,351,419,80,70,317,343,312,326,197,425,66,199,100,321,77,285,49,4,272,175,84,123,191,258,318,,,153,55,,,207,88,114,181,237,155,34,153,58,196,163,403,393,394,61,70,71,96,57,39,248,141,283,,106,,,206,206,281,351,128,341,389,147,90,177,41,90,126,244,4,243,124,350,369,95,55,53,44,73,110,396,321,412,199,410,285,309,286,74,123,165,291,222,382,283,,,230,368,,,207,337,287,91,207,158,231,314,304,364,67,133,95,213,215,307,342,360,392,383,266,83,264,373,,288,,,b'\x11\xe8\xe1I\xe7\xd4D\x94\x9a\xbe\x12\xdf\x17\xaeN\x1e'
11E8E149-E7D4-4494-9ABE-12DF17AE4E1E,2024-ncaa-d3-conf-CUNYAC,ncaa,3,3,1,3,1,3,3,1,5,3,3,5,2,3,1,4,6,7,4,7,8,1,2,4,4,4,4,3,8,3,5,4,6,4,5,1,1,2,2,2,1,1,3,3,,,3,3,,,3,2,2,1,4,4,1,3,3,2,4,7,8,8,1,2,3,5,4,1,2,1,3,,3,,,3,2,3,5,3,4,6,3,2,2,3,1,3,3,4,3,3,6,7,3,2,2,3,3,4,5,6,8,5,7,5,2,1,1,1,1,4,3,8,7,,,4,8,,,3,7,4,2,3,2,3,3,4,4,2,1,2,2,2,3,6,5,7,6,2,1,3,8,,6,,,b'\x11\xe8\xe1I\xe7\xd4D\x94\x9a\xbe\x12\xdf\x17\xaeN\x1e'
11E8E149-E7D4-4494-9ABE-12DF17AE4E1E,2024-ncaa-d3-natl,ncaa,110,185,17,154,25,83,61,4,351,65,4,366,123,74,269,266,282,260,307,252,419,6,5,357,376,348,321,203,401,5,116,64,353,16,296,30,30,375,157,140,5,20,91,193,,,289,41,,,134,6,25,192,206,127,8,126,12,196,140,376,371,368,11,14,13,210,43,47,277,10,138,,136,,,141,306,342,406,109,377,418,107,82,142,49,32,190,279,19,271,89,405,423,75,49,11,31,34,128,413,353,423,116,422,296,327,257,4,8,19,397,254,427,361,,,133,404,,,134,422,311,19,145,103,164,247,258,357,30,40,85,158,151,219,394,372,414,404,212,6,329,425,,303,,,b'\x11\xe8\xe1I\xe7\xd4D\x94\x9a\xbe\x12\xdf\x17\xaeN\x1e'
11E8E149-E7D4-4494-9ABE-12DF17AE4E1E,2025-ncaa-d3-conf-CUNYAC,genius_ncaa,3,2,4,3,5,3,3,2,4,4,5,3,2,2,2,3,5,7,3,7,7,2,3,2,3,2,2,2,7,2,3,5,5,4,6,3,1,1,1,1,2,2,6,6,,,2,2,,1,3,4,1,3,2,3,1,3,3,1,2,4,7,7,1,2,2,5,4,1,1,2,6,,2,,1,3,3,4,3,5,5,6,5,1,2,3,2,2,3,3,3,4,4,5,5,5,3,2,2,3,4,5,8,3,6,6,1,1,2,2,2,1,2,6,4,,,6,6,,3,3,5,3,4,3,4,4,4,5,5,2,3,4,5,5,5,6,4,7,6,2,2,3,6,,6,,3,b'\x11\xe8\xe1I\xe7\xd4D\x94\x9a\xbe\x12\xdf\x17\xaeN\x1e'
11E8E149-E7D4-4494-9ABE-12DF17AE4E1E,2025-ncaa-d3-natl,genius_ncaa,173,184,116,187,139,120,111,20,331,108,38,318,148,64,335,192,182,153,282,153,330,22,30,336,344,278,246,206,282,44,223,110,362,68,347,36,10,196,59,44,22,43,202,294,,,240,70,,122,149,36,15,154,109,94,10,108,25,163,64,201,165,165,9,18,37,113,47,17,173,17,220,,213,,115,148,258,321,379,138,371,402,133,65,121,56,37,168,257,9,261,100,378,402,85,59,24,24,40,136,411,362,415,223,413,347,361,337,15,30,89,240,113,373,239,,,112,302,,122,149,386,262,50,153,210,277,351,338,393,58,92,135,242,246,348,403,389,410,405,325,9,222,359,,121,,133,b'\x11\xe8\xe1I\xe7\xd4D\x94\x9a\xbe\x12\xdf\x17\xaeN\x1e'
11E8E149-E7D4-4494-9ABE-12DF17AE4E1E,2026-ncaa-d3-conf-CUNYAC,genius_ncaa,3,3,1,3,1,6,6,7,4,5,7,4,3,4,3,3,1,1,2,1,2,7,7,4,3,4,3,3,2,7,4,3,4,4,5,6,3,4,6,6,7,7,3,6,,,5,4,,6,6,6,6,1,6,6,7,5,7,3,4,1,1,1,7,7,7,3,4,6,4,7,3,,5,,6,6,6,6,5,6,6,6,6,6,6,7,3,4,6,2,6,4,7,4,5,5,6,3,5,4,6,4,2,4,3,5,7,7,7,7,7,5,6,3,7,,,1,2,,7,6,3,4,7,6,6,6,5,6,6,6,6,4,6,6,7,4,6,2,3,7,7,5,3,,1,,7,b'\x11\xe8\xe1I\xe7\xd4D\x94\x9a\xbe\x12\xdf\x17\xaeN\x1e'
11E8E149-E7D4-4494-9ABE-12DF17AE4E1E,2026-ncaa-d3-natl,genius_ncaa,157,200,116,194,139,180,187,175,227,150,99,285,248,297,133,358,78,66,268,68,147,159,133,253,238,265,252,311,89,119,126,89,285,99,180,65,13,336,319,205,87,150,230,305,,,111,11,,45,277,137,72,113,214,232,216,171,86,297,352,94,64,66,171,106,129,65,79,57,328,99,263,,30,,45,272,301,341,337,274,343,337,265,292,311,203,226,90,142,8,134,36,318,317,253,181,190,65,228,16,356,285,241,126,298,180,372,334,111,204,304,312,274,117,63,,,150,241,,406,277,302,260,224,246,294,350,368,350,351,272,302,22,86,82,344,362,348,193,290,367,118,297,87,,180,,406,b'\x11\xe8\xe1I\xe7\xd4D\x94\x9a\xbe\x12\xdf\x17\xaeN\x1e'
11E8E149-E7DD-AFC0-9ABE-12DF17AE4E1E,2018-ncaa-d3-conf-NESCAC,ncaa,11,11,6,11,7,10,11,7,11,11,10,11,3,2,11,1,8,9,4,9,7,7,8,11,11,11,1,1,5,9,11,10,11,10,11,11,11,1,3,11,8,8,11,11,,,1,1,,,11,7,5,5,11,11,4,11,11,2,1,9,10,10,6,8,9,11,11,11,2,8,11,,2,,,11,9,10,7,11,10,7,11,9,6,9,6,1,1,3,1,1,5,5,11,10,8,1,5,1,10,11,11,11,11,11,11,11,5,7,11,2,3,6,11,,,10,10,,,11,5,11,10,11,9,11,10,11,10,11,7,1,1,1,9,9,11,11,11,11,4,4,10,,10,,,b'\x11\xe8\xe1I\xe7\xdd\xaf\xc0\x9a\xbe\x12\xdf\x17\xaeN\x1e'
11E8E149-E7DD-AFC0-9ABE-12DF17AE4E1E,2018-ncaa-d3-natl,ncaa,346,327,363,351,378,394,406,378,409,426,424,412,135,80,278,15,348,379,188,380,135,380,418,381,376,329,6,12,167,412,426,422,401,425,433,412,395,17,76,313,238,176,406,406,,,26,37,,,366,411,380,303,390,410,323,437,430,81,35,334,357,359,350,421,411,433,437,421,31,199,408,,33,,,367,116,244,79,409,241,106,397,230,143,385,262,15,12,204,12,13,44,47,405,373,339,66,303,8,200,401,281,426,252,433,350,374,286,172,364,9,26,304,434,,,417,304,,,366,39,352,355,367,258,356,235,343,248,303,216,12,8,8,134,131,319,397,372,388,210,10,379,,405,,,b'\x11\xe8\xe1I\xe7\xdd\xaf\xc0\x9a\xbe\x12\xdf\x17\xaeN\x1e'
11E8E149-E7DD-AFC0-9ABE-12DF17AE4E1E,2019-ncaa-d3-conf-NESCAC,ncaa,10,10,6,10,7,10,10,8,11,9,8,10,7,5,10,3,9,9,5,9,8,9,8,10,11,11,4,5,5,9,9,9,7,9,10,10,9,8,11,11,7,4,10,11,,,5,7,,,11,7,5,3,11,11,7,10,8,7,3,8,9,8,8,7,9,9,10,11,10,4,10,,7,,,11,8,9,5,11,10,6,11,3,2,7,3,3,2,5,2,2,4,5,10,10,10,2,2,3,5,7,10,9,6,10,11,10,8,8,9,5,6,8,10,,,9,8,,,11,5,11,9,11,11,11,8,11,10,4,4,5,4,5,8,8,4,10,8,10,8,7,8,,9,,,b'\x11\xe8\xe1I\xe7\xdd\xaf\xc0\x9a\xbe\x12\xdf\x17\xaeN\x1e'
11E8E149-E7DD-AFC0-9ABE-12DF17AE4E1E,2019-ncaa-d3-natl,ncaa,206,185,317,203,323,304,293,295,295,352,351,318,116,131,117,65,353,386,113,380,334,318,363,246,262,229,77,50,355,319,323,257,71,296,218,322,324,60,128,221,317,267,283,302,,,98,196,,,228,359,341,70,275,271,188,350,320,81,86,349,386,382,256,323,277,156,228,314,94,295,265,,144,,,229,107,199,109,335,315,237,329,31,44,140,61,59,42,353,40,38,78,68,282,256,266,19,46,86,45,71,234,323,140,218,157,124,338,264,273,9,15,303,360,,,387,370,,,228,84,239,222,224,184,288,207,349,339,53,48,83,58,55,137,95,72,321,207,214,307,15,335,,405,,,b'\x11\xe8\xe1I\xe7\xdd\xaf\xc0\x9a\xbe\x12\xdf\x17\xaeN\x1e'
11E8E149-E7DD-AFC0-9ABE-12DF17AE4E1E,2020-ncaa-d3-conf-NESCAC,ncaa,6,7,4,7,4,6,5,4,9,6,2,10,8,9,5,10,6,6,3,6,11,5,5,9,9,9,7,9,4,3,4,8,10,7,10,5,4,7,7,5,6,6,4,5,,,11,8,,,7,5,8,1,9,8,2,7,2,8,10,5,6,6,4,5,3,10,8,5,6,6,5,,7,,,7,8,8,7,10,10,9,9,3,2,5,2,11,10,5,10,8,8,8,8,8,6,2,2,7,9,10,9,4,9,10,10,8,3,3,7,4,3,10,7,,,5,4,,,7,7,8,7,7,7,7,5,10,10,3,3,8,9,9,5,7,8,9,9,8,3,5,9,,3,,,b'\x11\xe8\xe1I\xe7\xdd\xaf\xc0\x9a\xbe\x12\xdf\x17\xaeN\x1e'
11E8E149-E7DD-AFC0-9ABE-12DF17AE4E1E,2020-ncaa-d3-natl,ncaa,202,198,198,203,207,277,261,196,314,195,81,339,359,363,313,378,217,286,81,294,380,213,320,345,324,249,353,371,157,97,85,376,333,283,257,288,315,20,22,129,208,163,122,142,,,252,363,,,191,371,407,31,287,271,153,173,47,365,363,202,284,297,174,316,85,408,288,304,21,194,109,,294,,,190,64,82,66,192,224,296,127,7,8,168,4,213,160,382,171,132,66,84,115,135,122,23,6,322,210,333,155,85,167,257,55,66,205,125,78,7,2,364,286,,,228,144,,,191,71,212,149,179,77,113,78,245,325,4,3,231,179,188,78,88,229,177,202,69,182,2,374,,199,,,b'\x11\xe8\xe1I\xe7\xdd\xaf\xc0\x9a\xbe\x12\xdf\x17\xaeN\x1e'
11E8E149-E7DD-AFC0-9ABE-12DF17AE4E1E,2021-ncaa-d3-conf-NESCAC,ncaa,1,1,1,1,1,1,1,1,1,1,1,1,2,2,1,2,1,1,1,1,2,1,2,1,1,1,2,2,1,1,1,1,1,1,1,1,2,1,1,1,1,2,1,1,,,1,1,,,1,2,2,1,1,1,1,1,1,2,2,1,1,1,1,2,1,1,1,1,1,1,1,,1,,,1,1,1,1,1,1,1,1,2,2,1,2,1,1,1,1,2,1,2,1,1,1,2,2,1,1,1,1,1,1,1,1,2,1,1,1,1,2,1,1,,,1,1,,,1,2,1,1,1,1,1,1,1,1,2,2,1,1,1,1,2,1,1,1,1,1,1,1,,1,,,b'\x11\xe8\xe1I\xe7\xdd\xaf\xc0\x9a\xbe\x12\xdf\x17\xaeN\x1e'
11E8E149-E7DD-AFC0-9ABE-12DF17AE4E1E,2021-ncaa-d3-natl,ncaa,215,1,273,1,274,276,275,281,79,274,277,96,277,283,133,253,271,270,240,269,21,279,282,105,103,81,202,244,30,274,87,274,140,275,102,271,26,4,41,23,280,225,262,31,,,10,228,,,128,282,265,13,123,129,228,76,102,221,249,33,11,9,143,214,72,26,34,54,36,223,48,,187,,,76,4,4,4,78,4,3,148,7,9,36,217,8,14,4,14,282,5,4,84,62,67,180,133,210,5,140,4,87,3,102,8,284,282,138,207,5,58,3,9,,,276,45,,,128,3,61,93,72,59,47,47,63,22,85,184,152,259,260,98,83,204,156,190,217,154,44,8,,81,,,b'\x11\xe8\xe1I\xe7\xdd\xaf\xc0\x9a\xbe\x12\xdf\x17\xaeN\x1e'
11E8E149-E7DD-AFC0-9ABE-12DF17AE4E1E,2022-ncaa-d3-conf-NESCAC,ncaa,2,4,2,4,2,2,2,1,9,2,1,10,4,2,7,6,2,3,1,3,8,1,1,9,7,6,7,8,3,1,2,2,1,1,3,4,8,6,1,3,4,9,4,7,,,9,7,,,5,2,3,6,3,4,1,3,2,5,6,2,3,3,1,1,1,2,1,5,1,9,5,,7,,,5,10,11,10,10,11,11,8,2,2,5,1,9,9,3,9,2,10,10,5,6,8,1,1,3,6,1,11,2,10,3,10,4,3,9,8,6,1,11,11,,,3,7,,,5,11,3,4,4,6,9,8,11,11,2,1,4,7,7,8,5,1,7,4,5,9,1,11,,6,,,b'\x11\xe8\xe1I\xe7\xdd\xaf\xc0\x9a\xbe\x12\xdf\x17\xaeN\x1e'
11E8E149-E7DD-AFC0-9ABE-12DF17AE4E1E,2022-ncaa-d3-natl,ncaa,76,95,61,96,69,94,77,29,232,74,25,275,119,135,129,271,167,237,44,244,398,40,90,229,230,126,259,218,303,13,35,136,110,66,93,143,326,30,2,26,265,314,90,180,,,341,333,,,121,152,335,160,118,89,28,96,37,166,206,228,323,332,46,187,20,263,92,202,5,338,108,,270,,,129,293,340,289,297,402,412,216,21,18,249,3,249,248,238,254,72,292,263,214,212,251,7,5,195,153,110,328,35,266,93,215,75,222,284,230,17,4,424,337,,,156,276,,,121,295,59,217,120,165,231,142,346,381,6,2,168,165,167,139,90,84,224,152,130,315,4,416,,260,,,b'\x11\xe8\xe1I\xe7\xdd\xaf\xc0\x9a\xbe\x12\xdf\x17\xaeN\x1e'
11E8E149-E7DD-AFC0-9ABE-12DF17AE4E1E,2023-ncaa-d3-conf-NESCAC,ncaa,5,8,1,8,1,2,1,1,5,1,1,3,8,4,9,11,5,5,6,5,10,1,1,6,7,3,11,11,8,1,5,4,7,3,6,7,11,2,1,4,8,10,3,4,,,9,8,,,5,1,5,1,2,1,1,1,1,8,8,8,7,7,1,2,1,7,4,8,1,9,4,,9,,,5,11,11,10,7,11,10,7,4,7,1,3,11,11,6,11,10,11,10,5,6,7,5,1,10,9,7,11,5,10,6,10,7,4,11,9,7,4,10,7,,,2,8,,,5,11,2,8,5,9,8,8,9,8,1,5,10,11,11,10,9,6,10,9,7,10,5,9,,5,,,b'\x11\xe8\xe1I\xe7\xdd\xaf\xc0\x9a\xbe\x12\xdf\x17\xaeN\x1e'
11E8E149-E7DD-AFC0-9ABE-12DF17AE4E1E,2023-ncaa-d3-natl,ncaa,188,171,271,186,278,198,169,164,175,125,90,213,297,313,220,342,263,289,203,294,394,187,288,213,235,129,367,333,312,128,108,260,138,196,125,305,418,15,7,117,354,334,78,73,,,209,335,,,138,337,325,63,133,95,62,61,34,288,305,243,268,272,73,211,83,194,119,306,10,360,63,,284,,,130,87,72,80,140,129,194,109,39,36,154,44,319,289,361,288,292,104,72,107,157,199,179,46,394,112,138,141,108,114,125,65,105,333,286,190,34,53,394,333,,,305,296,,,138,87,105,190,132,142,120,120,191,256,47,39,359,328,327,156,114,139,219,171,97,321,55,412,,296,,,b'\x11\xe8\xe1I\xe7\xdd\xaf\xc0\x9a\xbe\x12\xdf\x17\xaeN\x1e'
11E8E149-E7DD-AFC0-9ABE-12DF17AE4E1E,2024-ncaa-d3-conf-NESCAC,ncaa,2,3,1,3,1,1,1,1,2,1,1,2,1,3,2,8,2,3,3,2,10,1,1,2,2,2,9,8,10,3,6,1,6,1,5,1,2,9,2,1,9,11,1,1,,,11,8,,,3,1,7,5,2,1,2,1,2,7,8,9,10,10,5,8,7,3,6,1,3,11,1,,7,,,3,11,11,11,2,11,11,2,3,5,3,1,11,11,2,11,8,11,11,2,2,4,3,1,10,11,6,11,6,11,5,6,1,6,11,5,8,3,9,4,,,1,7,,,3,11,2,5,3,4,4,7,6,10,1,1,9,9,9,8,5,7,3,5,2,11,2,5,,9,,,b'\x11\xe8\xe1I\xe7\xdd\xaf\xc0\x9a\xbe\x12\xdf\x17\xaeN\x1e'
11E8E149-E7DD-AFC0-9ABE-12DF17AE4E1E,2024-ncaa-d3-natl,ncaa,20,45,8,41,12,46,36,31,106,34,33,123,120,121,125,260,159,219,79,219,384,39,63,118,133,80,319,245,350,94,201,6,43,21,98,54,193,87,15,30,360,404,5,13,,,376,299,,,70,62,361,224,155,108,144,97,127,208,255,308,359,360,196,351,221,47,104,128,11,411,8,,205,,,88,288,263,398,49,331,421,22,54,68,84,9,388,395,221,393,188,408,359,26,38,101,94,22,375,247,43,392,201,361,98,67,9,266,364,130,67,22,319,160,,,105,247,,,70,380,77,94,69,54,67,129,151,328,8,11,274,275,266,146,65,86,182,132,13,387,17,205,,314,,,b'\x11\xe8\xe1I\xe7\xdd\xaf\xc0\x9a\xbe\x12\xdf\x17\xaeN\x1e'
11E8E149-E7DD-AFC0-9ABE-12DF17AE4E1E,2025-ncaa-d3-conf-NESCAC,genius_ncaa,4,4,4,5,7,5,5,6,5,5,5,6,5,7,2,8,6,6,10,6,8,6,6,5,6,5,9,4,10,5,5,6,9,6,6,3,3,5,4,1,9,10,2,2,,,8,8,,1,4,7,9,9,6,3,5,3,3,6,8,7,6,6,4,8,4,6,6,1,3,10,4,,8,,1,4,5,4,5,3,2,4,2,5,7,2,8,10,10,7,10,11,6,5,3,3,3,11,5,11,8,9,7,5,8,6,2,5,6,6,5,8,9,4,2,,,4,4,,1,4,5,5,6,5,3,3,3,1,3,4,7,11,11,11,4,4,9,5,8,3,6,8,2,,4,,1,b'\x11\xe8\xe1I\xe7\xdd\xaf\xc0\x9a\xbe\x12\xdf\x17\xaeN\x1e'
11E8E149-E7DD-AFC0-9ABE-12DF17AE4E1E,2025-ncaa-d3-natl,genius_ncaa,121,94,192,114,239,172,134,215,51,116,153,113,206,305,32,305,312,347,169,348,389,248,312,65,89,67,337,227,380,309,292,120,114,210,175,129,188,34,67,46,406,411,50,42,,,303,383,,34,115,304,334,170,146,81,177,76,111,196,316,339,361,364,237,350,320,76,174,96,38,415,42,,343,,34,113,102,62,125,58,85,183,49,85,103,130,114,359,323,342,314,320,154,100,52,90,196,311,133,400,161,114,162,292,144,175,48,87,363,357,209,65,101,59,44,,,196,85,,209,115,102,89,192,115,121,72,144,92,189,99,106,366,342,332,180,87,157,180,161,56,383,74,64,,175,,207,b'\x11\xe8\xe1I\xe7\xdd\xaf\xc0\x9a\xbe\x12\xdf\x17\xaeN\x1e'
11E8E149-E7DD-AFC0-9ABE-12DF17AE4E1E,2026-ncaa-d3-conf-NESCAC,genius_ncaa,2,4,1,4,1,1,1,2,1,1,1,1,3,3,4,4,1,2,2,2,2,2,2,1,1,1,3,5,1,3,4,2,3,2,4,3,4,4,3,5,4,6,2,2,,,6,6,,1,4,2,6,1,2,2,3,2,3,4,3,1,2,2,3,3,4,3,4,4,4,6,3,,6,,1,4,6,5,5,5,5,5,6,2,4,1,2,6,6,1,6,6,6,6,4,5,5,3,1,5,5,3,3,4,4,4,3,1,3,5,2,4,5,2,2,,,1,1,,4,4,5,2,5,4,6,5,5,5,5,1,3,6,6,6,6,6,4,2,3,1,5,4,2,,1,,4,b'\x11\xe8\xe1I\xe7\xdd\xaf\xc0\x9a\xbe\x12\xdf\x17\xaeN\x1e'
11E8E149-E7DD-AFC0-9ABE-12DF17AE4E1E,2026-ncaa-d3-natl,genius_ncaa,54,21,215,41,215,172,132,251,17,111,214,25,188,272,62,267,256,329,23,317,350,271,304,24,23,10,316,239,336,261,118,216,53,234,41,169,295,46,37,41,352,329,50,21,,,230,399,,9,57,311,407,1,50,33,159,37,125,148,257,230,323,304,204,338,219,97,146,100,29,364,28,,336,,13,50,104,71,110,39,79,122,52,100,117,102,183,292,194,411,186,285,118,97,40,127,207,330,147,400,77,53,80,118,72,41,25,13,355,331,96,63,69,78,57,,,264,152,,323,57,102,16,169,43,99,46,119,64,152,103,136,355,263,249,139,57,78,54,52,6,373,58,68,,225,,330,b'\x11\xe8\xe1I\xe7\xdd\xaf\xc0\x9a\xbe\x12\xdf\x17\xaeN\x1e'
11E8E149-E7E2-041C-9ABE-12DF17AE4E1E,2018-ncaa-d3-conf-NECC,ncaa,9,9,7,9,9,9,8,8,9,8,7,9,8,8,9,7,9,9,7,9,9,8,8,9,9,9,7,6,7,9,9,8,8,8,9,7,4,9,9,8,6,6,9,9,,,2,2,,,9,7,3,9,9,8,8,8,4,8,7,9,9,9,8,4,9,6,6,7,9,4,9,,3,,,9,9,9,9,9,9,8,9,7,4,7,4,2,4,1,4,2,6,5,9,9,9,2,4,1,9,8,7,9,9,9,9,5,6,7,9,9,9,9,9,,,9,9,,,9,3,9,9,9,9,9,9,9,9,8,8,4,6,6,9,9,9,9,9,9,5,9,9,,9,,,b'\x11\xe8\xe1I\xe7\xe2\x04\x1c\x9a\xbe\x12\xdf\x17\xaeN\x1e'
11E8E149-E7E2-041C-9ABE-12DF17AE4E1E,2018-ncaa-d3-natl,ncaa,433,427,390,433,400,431,427,420,433,417,342,433,434,422,436,402,431,429,406,429,429,424,393,435,436,437,413,414,211,406,398,380,405,399,405,426,336,425,439,437,379,386,434,438,,,47,50,,,435,386,102,274,439,438,423,414,202,434,425,433,429,430,431,217,353,250,329,431,438,338,433,,122,,,434,175,339,180,397,407,328,410,18,48,20,53,36,66,13,58,28,136,107,322,260,304,3,12,22,347,405,172,398,241,405,296,173,336,312,365,427,436,297,388,,,428,418,,,435,70,437,342,433,379,419,410,437,429,52,128,69,122,110,399,382,408,366,397,383,221,434,390,,417,,,b'\x11\xe8\xe1I\xe7\xe2\x04\x1c\x9a\xbe\x12\xdf\x17\xaeN\x1e'
11E8E149-E7E2-041C-9ABE-12DF17AE4E1E,2019-ncaa-d3-conf-NECC,ncaa,10,10,9,10,9,10,10,10,10,10,10,10,10,10,10,8,10,10,5,10,10,10,10,10,10,10,5,10,1,10,10,9,10,10,10,10,10,10,10,10,10,10,10,10,,,1,1,,,10,10,10,6,10,10,10,10,10,10,10,10,10,10,10,10,10,9,10,10,10,10,10,,1,,,10,10,10,10,10,10,9,10,10,10,8,8,1,1,3,1,1,9,2,10,10,10,1,8,1,10,10,1,10,9,10,10,5,10,10,10,10,10,5,10,,,10,10,,,10,1,10,10,10,10,10,10,10,9,10,10,2,2,1,10,6,10,4,10,10,10,10,6,,10,,,b'\x11\xe8\xe1I\xe7\xe2\x04\x1c\x9a\xbe\x12\xdf\x17\xaeN\x1e'
11E8E149-E7E2-041C-9ABE-12DF17AE4E1E,2019-ncaa-d3-natl,ncaa,424,421,365,432,380,439,439,436,440,437,413,441,439,438,436,432,425,421,362,422,356,435,408,440,440,441,309,419,4,428,423,403,441,418,433,441,425,442,443,441,429,439,439,440,,,28,16,,,442,393,243,323,441,441,443,441,413,441,442,427,427,427,443,412,434,388,433,441,442,436,439,,44,,,441,367,430,394,403,430,393,400,276,264,268,195,12,21,11,18,5,339,199,385,314,401,8,180,5,440,441,47,423,309,433,427,320,406,426,434,443,441,86,277,,,419,358,,,442,65,441,436,441,426,436,436,435,436,363,363,11,28,26,431,409,440,126,400,430,401,441,140,,419,,,b'\x11\xe8\xe1I\xe7\xe2\x04\x1c\x9a\xbe\x12\xdf\x17\xaeN\x1e'
11E8E149-E7E2-041C-9ABE-12DF17AE4E1E,2020-ncaa-d3-conf-NECC,ncaa,7,7,7,7,7,7,7,7,8,8,7,8,5,5,6,1,8,8,7,8,7,7,8,8,8,7,1,1,3,8,8,8,8,8,8,7,7,4,7,7,7,7,6,7,,,2,2,,,7,7,5,3,7,7,7,8,7,5,3,8,8,8,7,7,8,8,8,7,6,7,6,,2,,,7,7,7,7,7,7,7,7,7,2,8,1,3,4,4,4,2,8,3,7,7,7,2,6,2,8,8,8,8,8,8,8,7,7,7,7,6,7,8,8,,,8,7,,,7,1,8,7,7,7,7,7,7,7,8,4,7,6,7,8,8,8,8,8,8,7,7,8,,8,,,b'\x11\xe8\xe1I\xe7\xe2\x04\x1c\x9a\xbe\x12\xdf\x17\xaeN\x1e'
11E8E149-E7E2-041C-9ABE-12DF17AE4E1E,2020-ncaa-d3-natl,ncaa,413,391,398,416,408,428,431,404,434,432,372,437,374,360,377,241,424,416,414,416,366,407,401,433,433,432,109,120,196,412,420,422,435,420,433,434,427,304,407,431,422,429,397,417,,,80,90,,,432,391,107,251,430,430,321,433,260,342,279,419,391,389,356,213,385,413,422,435,404,412,384,,236,,,433,319,390,259,400,421,415,299,65,15,430,3,101,149,39,147,49,241,117,360,320,393,9,24,53,422,435,298,420,388,433,413,387,408,411,428,340,401,347,408,,,396,307,,,432,49,432,424,431,419,427,429,431,435,185,30,222,292,296,431,412,434,418,431,428,371,394,410,,306,,,b'\x11\xe8\xe1I\xe7\xe2\x04\x1c\x9a\xbe\x12\xdf\x17\xaeN\x1e'
11E8E149-E7E6-5602-9ABE-12DF17AE4E1E,2018-ncaa-d3-conf-NECC,ncaa,2,3,1,3,1,2,4,3,3,4,5,3,1,1,1,1,3,4,1,3,3,3,3,2,2,3,2,1,6,5,6,4,5,4,6,1,2,8,5,4,1,1,6,5,,,8,7,,,3,1,7,4,4,4,6,4,8,1,1,4,5,5,6,6,6,8,8,3,5,2,7,,6,,,3,4,4,3,3,3,2,2,9,8,8,9,5,6,5,6,6,3,9,3,4,2,9,9,6,5,5,9,6,8,6,7,8,1,2,2,5,4,4,5,,,2,3,,,3,9,4,3,3,1,1,1,1,1,9,6,3,5,5,1,2,4,1,2,4,2,3,2,,4,,,b'\x11\xe8\xe1I\xe7\xe6V\x02\x9a\xbe\x12\xdf\x17\xaeN\x1e'
11E8E149-E7E6-5602-9ABE-12DF17AE4E1E,2018-ncaa-d3-natl,ncaa,89,172,17,149,27,183,203,103,321,225,170,301,140,74,290,113,179,127,329,118,128,97,58,302,313,341,137,137,202,124,257,156,332,140,327,180,178,423,373,332,19,23,252,287,,,356,197,,,169,43,237,101,348,350,332,357,358,209,153,296,245,234,332,242,248,383,351,296,354,23,318,,198,,,176,171,196,313,101,187,289,87,257,274,192,239,133,172,82,175,135,289,412,98,78,12,230,286,146,391,332,410,257,413,327,322,378,9,9,32,367,281,268,241,,,79,220,,,169,403,338,18,174,38,50,50,59,92,140,140,52,72,72,39,226,264,237,246,172,15,271,168,,239,,,b'\x11\xe8\xe1I\xe7\xe6V\x02\x9a\xbe\x12\xdf\x17\xaeN\x1e'
11E8E149-E7E6-5602-9ABE-12DF17AE4E1E,2019-ncaa-d3-conf-NECC,ncaa,2,2,1,2,2,5,7,7,6,7,7,4,5,4,7,3,2,3,2,3,2,7,7,6,4,5,4,6,2,8,9,6,6,6,6,3,1,3,5,3,2,2,9,8,,,4,3,,,4,5,8,4,7,7,7,7,7,7,7,2,7,7,8,9,9,7,9,4,3,2,9,,2,,,5,2,2,4,3,2,3,4,9,8,7,9,2,2,1,2,3,2,7,6,3,1,8,10,2,5,6,9,9,7,6,8,10,2,2,4,5,5,7,7,,,1,1,,,4,7,5,2,4,1,1,1,1,1,7,7,1,1,2,1,1,3,6,4,5,2,5,6,,2,,,b'\x11\xe8\xe1I\xe7\xe6V\x02\x9a\xbe\x12\xdf\x17\xaeN\x1e'
11E8E149-E7E6-5602-9ABE-12DF17AE4E1E,2019-ncaa-d3-natl,ncaa,62,90,42,86,64,231,241,206,276,205,189,238,281,229,348,255,142,158,154,154,150,195,102,297,274,328,249,308,102,301,344,205,301,259,327,110,12,419,402,286,14,15,377,393,,,265,132,,,136,75,219,375,364,363,400,311,334,348,319,220,247,243,396,313,386,372,404,158,370,16,410,,137,,,145,75,121,217,86,136,251,67,178,183,215,199,47,96,2,100,92,178,381,81,41,4,162,290,71,328,301,324,344,341,327,300,415,9,7,30,404,377,170,167,,,44,44,,,136,371,357,6,143,15,39,47,55,98,99,87,15,48,51,25,205,234,164,183,193,11,352,111,,93,,,b'\x11\xe8\xe1I\xe7\xe6V\x02\x9a\xbe\x12\xdf\x17\xaeN\x1e'
11E8E149-E7E6-5602-9ABE-12DF17AE4E1E,2020-ncaa-d3-conf-NECC,ncaa,4,4,1,4,4,4,4,6,4,6,6,5,2,2,2,2,4,6,2,6,3,6,6,4,4,4,2,2,5,6,6,6,6,6,6,3,3,2,3,4,1,1,3,3,,,4,3,,,4,5,8,7,5,6,6,6,6,2,2,6,6,6,6,8,6,6,6,4,2,1,4,,3,,,4,2,3,4,4,4,4,4,3,4,4,5,2,2,2,2,4,2,7,3,3,2,3,5,3,6,6,7,6,7,6,5,6,1,1,3,3,4,5,5,,,6,5,,,4,4,4,3,4,2,3,3,4,3,2,3,2,2,2,1,4,6,6,6,5,1,3,4,,7,,,b'\x11\xe8\xe1I\xe7\xe6V\x02\x9a\xbe\x12\xdf\x17\xaeN\x1e'
11E8E149-E7E6-5602-9ABE-12DF17AE4E1E,2020-ncaa-d3-natl,ncaa,215,275,65,245,90,260,261,199,310,266,171,341,207,229,186,266,235,127,399,125,154,184,130,311,321,337,195,195,207,227,316,318,421,301,403,182,60,368,337,284,25,33,273,292,,,219,95,,,259,96,218,181,341,348,329,339,267,258,277,287,183,178,313,260,291,417,390,212,310,33,301,,147,,,257,188,276,300,206,313,300,256,168,249,65,227,73,138,10,147,108,273,394,176,117,31,66,175,70,425,421,378,316,420,403,405,428,18,18,135,323,292,141,134,,,123,161,,,259,356,341,77,252,111,187,185,225,196,116,187,38,86,92,146,321,391,280,349,353,21,272,105,,185,,,b'\x11\xe8\xe1I\xe7\xe6V\x02\x9a\xbe\x12\xdf\x17\xaeN\x1e'
11E8E149-E7E6-5602-9ABE-12DF17AE4E1E,2021-ncaa-d3-conf-NECC,ncaa,3,4,2,3,2,3,3,2,4,3,3,4,2,1,3,1,3,2,4,2,1,2,2,4,4,4,1,1,2,3,3,2,4,2,4,3,2,3,4,4,2,2,3,4,,,3,1,,,4,2,4,2,4,4,4,4,4,1,1,4,2,2,4,4,3,4,4,4,2,3,4,,1,,,4,3,4,3,3,4,3,3,3,3,3,2,3,3,3,3,2,3,3,3,3,3,3,2,2,4,4,4,3,4,4,4,4,2,1,3,3,4,4,4,,,2,1,,,4,3,4,3,4,3,3,2,3,2,3,2,2,1,1,2,2,3,4,3,3,2,4,4,,2,,,b'\x11\xe8\xe1I\xe7\xe6V\x02\x9a\xbe\x12\xdf\x17\xaeN\x1e'
11E8E149-E7E6-5602-9ABE-12DF17AE4E1E,2021-ncaa-d3-natl,ncaa,251,149,220,251,222,248,251,237,280,253,235,279,246,237,265,170,218,216,221,216,45,234,232,278,274,273,56,185,4,250,279,244,273,248,283,248,130,60,230,263,220,139,253,275,,,59,82,,,249,231,250,110,279,282,278,280,265,262,230,156,119,122,276,280,279,281,284,275,145,147,270,,73,,,269,64,66,57,267,72,60,258,63,57,239,100,56,60,82,59,90,55,59,263,257,206,54,109,51,79,273,70,279,74,283,71,207,212,45,161,74,255,64,196,,,217,30,,,249,56,276,237,269,172,208,72,219,128,143,67,68,80,76,57,114,235,257,252,229,64,213,136,,123,,,b'\x11\xe8\xe1I\xe7\xe6V\x02\x9a\xbe\x12\xdf\x17\xaeN\x1e'
11E8E149-E7EA-BB98-9ABE-12DF17AE4E1E,2018-ncaa-d3-conf-ASC,ncaa,9,10,8,10,8,12,12,12,11,12,11,11,9,12,6,11,7,4,9,4,2,12,13,11,11,10,3,8,1,13,12,13,9,13,12,8,4,6,10,10,13,13,10,10,,,1,2,,,10,9,12,1,12,12,12,12,10,9,12,4,1,1,11,13,13,13,13,8,8,13,10,,2,,,10,5,8,8,9,5,2,9,10,11,12,11,2,2,11,2,2,6,1,9,10,11,11,11,3,3,9,3,12,2,12,12,13,13,13,13,5,9,2,2,,,8,2,,,10,1,12,11,11,9,10,10,9,8,12,11,5,4,4,11,2,4,6,5,13,13,8,2,,3,,,b'\x11\xe8\xe1I\xe7\xea\xbb\x98\x9a\xbe\x12\xdf\x17\xaeN\x1e'
11E8E149-E7EA-BB98-9ABE-12DF17AE4E1E,2018-ncaa-d3-natl,ncaa,383,411,197,396,199,302,330,332,316,323,291,345,278,318,186,297,131,58,358,60,25,287,277,316,299,303,131,243,37,380,361,306,275,353,330,286,171,233,277,294,425,436,274,285,,,211,239,,,377,225,262,8,326,362,371,345,292,277,320,104,43,42,294,285,394,339,401,306,248,437,286,,219,,,369,364,339,298,303,273,198,332,376,371,291,357,311,315,221,316,322,308,186,327,336,402,324,333,224,206,275,174,361,180,330,399,391,412,436,434,205,245,27,26,,,143,64,,,377,190,332,393,375,360,335,331,281,217,380,383,339,337,340,343,211,219,191,199,387,435,211,18,,100,,,b'\x11\xe8\xe1I\xe7\xea\xbb\x98\x9a\xbe\x12\xdf\x17\xaeN\x1e'
11E8E149-E7EA-BB98-9ABE-12DF17AE4E1E,2019-ncaa-d3-conf-ASC,ncaa,10,10,8,11,12,11,11,9,11,10,8,10,12,11,12,9,8,5,13,5,2,8,8,12,12,12,7,10,2,3,3,7,7,4,5,9,6,9,11,10,11,11,6,6,,,7,9,,,9,11,2,13,12,11,8,11,6,12,8,8,3,3,7,6,2,4,2,8,10,11,4,,9,,,9,7,8,4,6,5,4,6,9,7,9,9,2,4,6,3,6,5,4,6,7,9,8,10,4,9,7,3,3,5,5,8,10,10,10,11,8,10,3,5,,,5,4,,,9,4,10,8,9,9,7,9,6,8,10,10,5,4,4,8,5,9,7,7,9,10,11,3,,3,,,b'\x11\xe8\xe1I\xe7\xea\xbb\x98\x9a\xbe\x12\xdf\x17\xaeN\x1e'
11E8E149-E7EA-BB98-9ABE-12DF17AE4E1E,2019-ncaa-d3-natl,ncaa,338,331,317,349,369,325,349,308,378,345,286,373,293,257,341,244,127,56,381,63,26,266,252,378,360,358,117,247,19,90,59,284,207,205,109,277,88,271,295,302,338,325,230,200,,,295,370,,,333,315,79,442,305,362,228,344,231,287,211,66,12,18,135,100,57,209,83,241,322,319,203,,370,,,333,205,168,133,252,179,124,279,213,239,207,272,324,320,246,320,366,157,118,257,280,312,293,218,325,144,207,104,59,111,109,295,371,325,302,352,287,301,42,63,,,110,54,,,333,138,321,295,326,302,264,258,255,202,263,296,368,366,368,294,250,203,163,173,327,282,330,55,,29,,,b'\x11\xe8\xe1I\xe7\xea\xbb\x98\x9a\xbe\x12\xdf\x17\xaeN\x1e'
11E8E149-E7EA-BB98-9ABE-12DF17AE4E1E,2020-ncaa-d3-conf-ASC,ncaa,6,6,7,6,8,5,6,2,10,10,10,8,1,1,6,1,4,4,6,4,2,2,3,8,10,8,1,2,6,9,11,9,11,10,11,5,1,7,3,5,1,1,5,7,,,12,6,,,7,2,1,9,3,6,1,10,9,1,1,3,3,3,1,1,6,10,10,4,8,1,3,,12,,,7,10,9,8,8,11,11,7,8,5,8,4,11,6,11,7,3,8,11,8,8,7,4,6,5,11,11,12,11,11,11,11,11,1,3,8,5,3,3,4,,,8,11,,,7,11,9,7,7,11,10,11,11,12,9,8,10,7,8,12,12,11,12,12,11,1,8,3,,4,,,b'\x11\xe8\xe1I\xe7\xea\xbb\x98\x9a\xbe\x12\xdf\x17\xaeN\x1e'
11E8E149-E7EA-BB98-9ABE-12DF17AE4E1E,2020-ncaa-d3-natl,ncaa,170,198,126,190,134,38,114,16,338,266,254,270,11,5,267,12,8,10,94,10,8,8,10,265,231,192,8,27,42,102,339,256,412,201,414,54,31,309,105,118,9,17,162,226,,,432,333,,,210,6,3,62,15,100,6,313,303,11,5,6,9,9,6,6,116,314,229,30,295,5,175,,436,,,210,432,417,415,302,418,398,323,299,343,163,169,435,430,362,429,365,430,435,284,326,170,227,109,362,427,412,434,339,434,414,398,281,12,28,71,304,141,106,119,,,34,244,,,210,433,226,206,212,412,384,393,395,389,274,323,429,425,425,419,436,405,430,427,367,6,285,88,,25,,,b'\x11\xe8\xe1I\xe7\xea\xbb\x98\x9a\xbe\x12\xdf\x17\xaeN\x1e'
11E8E149-E7EA-BB98-9ABE-12DF17AE4E1E,2021-ncaa-d3-conf-ASC,ncaa,8,10,6,9,7,9,9,6,12,9,7,10,7,2,12,2,7,7,9,6,6,6,5,12,12,12,4,6,5,6,9,10,12,10,11,8,9,9,7,8,2,5,6,6,,,8,6,,,11,5,1,7,8,9,1,10,5,6,1,7,4,3,1,1,5,12,11,9,9,1,6,,12,,,12,9,8,6,11,8,5,12,10,10,9,8,9,9,12,9,12,7,8,12,12,11,10,8,9,9,12,8,9,8,11,10,7,3,6,7,9,7,7,5,,,8,10,,,11,8,11,11,11,12,11,11,9,6,12,11,12,12,12,12,12,10,12,12,10,1,9,8,,6,,,b'\x11\xe8\xe1I\xe7\xea\xbb\x98\x9a\xbe\x12\xdf\x17\xaeN\x1e'
11E8E149-E7EA-BB98-9ABE-12DF17AE4E1E,2021-ncaa-d3-natl,ncaa,80,275,9,182,12,12,12,4,222,11,7,170,20,5,248,68,8,7,179,6,76,3,4,223,213,200,119,152,82,11,163,15,218,14,226,17,133,279,137,171,6,111,36,138,,,283,214,,,261,3,3,110,67,92,9,93,64,104,23,47,32,33,7,4,65,165,105,105,231,45,134,,274,,,211,284,282,280,190,279,275,209,283,283,188,225,283,283,189,283,265,282,282,204,226,198,251,200,234,279,218,283,163,282,226,281,144,4,86,108,278,134,243,63,,,5,137,,,261,282,208,191,201,271,241,248,200,173,254,261,280,275,276,269,280,222,271,260,217,25,206,82,,23,,,b'\x11\xe8\xe1I\xe7\xea\xbb\x98\x9a\xbe\x12\xdf\x17\xaeN\x1e'
11E8E149-E7EA-BB98-9ABE-12DF17AE4E1E,2022-ncaa-d3-conf-ASC,ncaa,8,6,11,8,11,10,9,9,7,7,6,8,11,11,10,11,10,6,11,6,7,9,9,11,11,11,11,11,4,11,8,10,6,10,7,7,1,2,8,6,9,7,4,2,,,2,4,,,7,8,1,6,8,7,7,2,2,11,11,7,1,1,4,1,7,7,7,4,10,5,3,,6,,,7,1,2,2,5,3,3,7,3,5,2,9,2,2,9,2,6,2,3,4,4,5,5,4,8,1,6,1,8,1,7,6,11,9,8,7,6,9,1,1,,,10,6,,,7,4,11,5,7,6,6,10,6,7,5,11,7,7,6,10,11,6,9,9,10,6,10,1,,5,,,b'\x11\xe8\xe1I\xe7\xea\xbb\x98\x9a\xbe\x12\xdf\x17\xaeN\x1e'
11E8E149-E7EA-BB98-9ABE-12DF17AE4E1E,2022-ncaa-d3-natl,ncaa,210,182,300,202,311,252,239,280,198,173,170,213,366,371,314,382,176,63,401,60,98,252,237,248,263,280,355,385,99,234,200,296,178,278,204,144,40,291,311,212,145,121,192,148,,,229,277,,,214,239,42,105,184,176,158,89,56,358,366,91,14,14,91,54,169,212,201,71,346,85,150,,339,,,214,129,86,121,140,137,106,236,71,198,15,244,353,338,312,334,385,141,162,115,154,139,242,82,402,109,178,141,200,120,204,235,373,173,133,191,312,314,9,2,,,211,187,,,214,187,289,123,220,236,175,245,221,197,99,274,390,380,379,301,349,178,244,208,303,86,343,3,,86,,,b'\x11\xe8\xe1I\xe7\xea\xbb\x98\x9a\xbe\x12\xdf\x17\xaeN\x1e'
11E8E149-E7EA-BB98-9ABE-12DF17AE4E1E,2023-ncaa-d3-conf-CCS,ncaa,4,4,2,4,3,3,2,2,2,2,2,3,5,6,5,8,4,5,7,5,7,2,2,3,4,3,8,8,8,3,3,3,2,2,3,3,7,5,5,5,5,6,6,6,,,7,5,,,4,2,1,2,4,1,2,2,2,5,7,4,5,5,2,2,3,2,2,4,6,5,6,,7,,,4,5,5,8,4,6,7,4,6,8,3,8,7,7,9,7,5,7,8,4,4,3,5,5,6,2,2,4,3,3,3,2,2,3,5,3,4,5,5,2,,,5,7,,,4,8,4,2,4,6,6,7,7,6,5,7,7,7,7,7,8,2,4,3,3,4,5,5,,5,,,b'\x11\xe8\xe1I\xe7\xea\xbb\x98\x9a\xbe\x12\xdf\x17\xaeN\x1e'
11E8E149-E7EA-BB98-9ABE-12DF17AE4E1E,2023-ncaa-d3-natl,ncaa,171,113,333,149,336,136,110,152,90,73,97,88,289,285,261,337,155,71,364,72,168,129,143,125,150,141,363,355,217,74,18,227,145,148,37,252,399,187,151,241,178,197,315,317,,,241,233,,,116,190,17,47,29,18,19,15,22,250,242,68,23,25,11,14,25,68,18,194,281,123,293,,348,,,100,157,124,169,111,145,179,149,121,209,59,207,348,356,212,353,358,204,225,105,135,129,270,136,383,131,145,48,18,55,37,26,9,160,169,29,204,179,27,9,,,265,346,,,116,256,116,112,99,295,238,335,254,304,192,283,392,397,397,368,383,189,97,134,49,95,270,30,,150,,,b'\x11\xe8\xe1I\xe7\xea\xbb\x98\x9a\xbe\x12\xdf\x17\xaeN\x1e'
11E8E149-E7EA-BB98-9ABE-12DF17AE4E1E,2024-ncaa-d3-conf-CCS,ncaa,5,6,1,6,1,2,2,1,3,1,1,5,6,8,3,9,3,1,7,1,8,1,1,5,6,4,9,8,5,1,4,2,3,1,5,2,3,8,4,2,2,3,2,2,,,8,5,,,5,1,4,2,3,3,1,1,1,7,9,4,2,2,1,1,4,5,3,3,5,2,2,,7,,,5,9,9,9,6,8,9,6,9,8,8,8,9,9,7,9,7,9,9,6,6,8,7,7,5,7,3,9,4,8,5,9,8,1,6,6,8,5,8,2,,,2,5,,,5,9,5,5,5,7,7,7,5,3,8,8,8,8,8,7,6,3,6,6,7,3,5,8,,3,,,b'\x11\xe8\xe1I\xe7\xea\xbb\x98\x9a\xbe\x12\xdf\x17\xaeN\x1e'
11E8E149-E7EA-BB98-9ABE-12DF17AE4E1E,2024-ncaa-d3-natl,ncaa,271,297,200,289,209,180,185,129,262,118,46,317,348,367,267,403,57,20,332,21,148,101,80,317,303,302,345,383,64,85,84,259,227,167,170,199,231,342,259,274,116,150,128,146,,,376,347,,,251,84,32,54,163,179,70,84,18,358,382,42,11,11,31,21,53,271,126,189,332,108,119,,394,,,251,332,243,233,221,268,243,238,167,194,143,153,419,421,256,420,407,312,326,199,268,250,294,97,407,191,227,234,84,214,170,253,250,117,172,173,345,284,238,110,,,64,143,,,251,337,280,212,251,337,259,273,269,265,182,219,420,423,423,355,364,202,249,237,261,107,330,257,,30,,,b'\x11\xe8\xe1I\xe7\xea\xbb\x98\x9a\xbe\x12\xdf\x17\xaeN\x1e'
11E8E149-E7EA-BB98-9ABE-12DF17AE4E1E,2025-ncaa-d3-conf-CCS,genius_ncaa,2,3,1,3,1,1,1,1,3,1,1,4,5,5,4,7,2,3,3,2,7,1,1,4,4,3,8,8,6,2,5,1,1,2,2,1,5,3,2,2,2,2,3,4,,,8,6,,9,3,1,3,1,3,1,1,1,1,6,6,2,4,4,1,2,6,2,2,2,3,3,5,,6,,9,3,7,5,8,3,5,7,3,7,8,2,6,7,8,4,8,6,9,9,3,3,3,8,5,7,4,1,8,5,7,2,6,5,1,2,2,3,2,2,1,,,2,4,,2,3,9,3,2,3,4,4,4,4,3,5,5,6,6,6,4,7,1,4,3,3,2,3,1,,4,,2,b'\x11\xe8\xe1I\xe7\xea\xbb\x98\x9a\xbe\x12\xdf\x17\xaeN\x1e'
11E8E149-E7EA-BB98-9ABE-12DF17AE4E1E,2025-ncaa-d3-natl,genius_ncaa,102,118,55,118,61,42,50,34,137,34,26,153,210,178,243,330,24,26,173,23,145,24,21,177,157,151,300,346,113,111,178,72,66,82,120,44,71,311,142,112,18,39,165,194,,,404,296,,328,80,11,13,60,32,44,30,25,27,243,231,24,29,25,23,23,148,101,113,33,251,21,198,,379,,317,79,333,221,330,85,195,279,88,255,323,121,202,411,416,67,416,410,379,397,86,123,64,356,181,405,138,66,334,178,271,120,261,271,20,48,51,332,188,84,20,,,42,184,,56,80,410,170,40,88,214,126,209,120,172,201,253,393,407,408,290,373,95,245,168,196,24,268,53,,45,,65,b'\x11\xe8\xe1I\xe7\xea\xbb\x98\x9a\xbe\x12\xdf\x17\xaeN\x1e'
11E8E149-E7EA-BB98-9ABE-12DF17AE4E1E,2026-ncaa-d3-natl,genius_ncaa,98,21,327,49,327,182,147,226,65,80,142,72,329,341,263,371,157,102,340,113,162,216,251,120,135,110,383,380,193,261,206,236,154,249,167,162,247,106,98,96,174,137,215,176,,,230,314,,75,108,237,7,7,4,4,9,1,2,278,269,30,10,10,3,4,111,10,19,25,247,53,137,,409,,105,76,155,79,113,66,74,107,69,142,163,138,203,380,383,228,380,412,157,167,67,159,138,393,175,413,147,154,145,206,139,167,99,233,196,141,90,137,139,226,194,,,215,161,,98,108,173,125,135,108,352,207,352,171,294,272,338,415,415,415,394,407,298,359,345,231,34,264,350,,13,,43,b'\x11\xe8\xe1I\xe7\xea\xbb\x98\x9a\xbe\x12\xdf\x17\xaeN\x1e'
11E8E149-E7EF-221E-9ABE-12DF17AE4E1E,2018-ncaa-d3-conf-Midwest Conference,ncaa,10,10,5,10,6,9,9,8,10,8,6,8,9,9,10,8,6,6,8,6,5,9,6,10,10,10,7,9,4,5,4,7,10,6,8,8,8,10,10,10,8,9,7,9,,,7,7,,,10,6,3,4,10,10,9,9,6,10,8,7,7,7,10,4,6,7,6,9,10,9,7,,9,,,10,6,5,6,8,9,8,9,2,3,1,2,8,8,9,8,8,6,5,7,7,7,1,1,9,8,10,4,4,5,8,4,4,6,7,6,10,10,10,10,,,2,2,,,10,5,10,7,10,6,6,6,10,8,2,3,9,9,9,7,7,9,5,6,6,7,10,10,,1,,,"b'\x11\xe8\xe1I\xe7\xef""\x1e\x9a\xbe\x12\xdf\x17\xaeN\x1e'"
11E8E149-E7EF-221E-9ABE-12DF17AE4E1E,2018-ncaa-d3-conf-MWC,ncaa,10,10,5,10,6,9,9,8,10,8,6,8,9,9,10,8,6,6,8,6,5,9,6,10,10,10,7,9,4,5,4,7,10,6,8,8,8,10,10,10,8,9,7,9,,,7,7,,,10,6,3,4,10,10,9,9,6,10,8,7,7,7,10,4,6,7,6,9,10,9,7,,9,,,10,6,5,6,8,9,8,9,2,3,1,2,8,8,9,8,8,6,5,7,7,7,1,1,9,8,10,4,4,5,8,4,4,6,7,6,10,10,10,10,,,2,2,,,10,5,10,7,10,6,6,6,10,8,2,3,9,9,9,7,7,9,5,6,6,7,10,10,,1,,,"b'\x11\xe8\xe1I\xe7\xef""\x1e\x9a\xbe\x12\xdf\x17\xaeN\x1e'"
11E8E149-E7EF-221E-9ABE-12DF17AE4E1E,2018-ncaa-d3-natl,ncaa,383,394,305,393,326,389,377,400,308,346,338,321,389,390,305,349,346,291,399,293,191,396,322,329,341,399,314,337,173,302,186,377,310,374,247,319,89,428,433,408,327,311,307,305,,,284,380,,,391,315,233,138,406,395,432,348,324,387,391,352,258,265,427,253,275,387,373,309,429,312,298,,366,,,391,229,225,86,385,313,141,407,85,105,130,131,334,302,360,301,343,108,102,353,379,357,124,56,335,156,310,54,186,72,247,272,277,264,225,292,429,430,211,301,,,145,35,,,391,108,402,347,397,312,304,162,339,230,114,137,386,371,372,199,200,216,81,119,316,231,429,249,,50,,,"b'\x11\xe8\xe1I\xe7\xef""\x1e\x9a\xbe\x12\xdf\x17\xaeN\x1e'"
11E8E149-E7EF-221E-9ABE-12DF17AE4E1E,2019-ncaa-d3-conf-Midwest Conference,ncaa,6,6,5,6,9,6,6,2,8,8,6,10,1,2,3,2,8,10,2,10,8,5,4,8,8,6,2,2,9,2,3,7,3,5,5,3,1,3,3,3,6,5,10,10,,,5,8,,,7,6,3,7,6,6,1,8,5,1,2,8,10,10,1,1,1,7,4,2,3,5,10,,8,,,7,8,8,3,10,9,5,10,2,5,2,4,7,8,5,8,8,5,4,9,10,9,3,2,7,1,3,9,3,6,5,1,1,8,6,3,4,4,6,5,,,9,10,,,7,5,5,9,7,9,9,5,9,6,3,6,8,8,8,7,7,2,9,8,3,5,5,7,,9,,,"b'\x11\xe8\xe1I\xe7\xef""\x1e\x9a\xbe\x12\xdf\x17\xaeN\x1e'"
11E8E149-E7EF-221E-9ABE-12DF17AE4E1E,2019-ncaa-d3-conf-MWC,ncaa,6,6,5,6,9,6,6,2,8,8,6,10,1,2,3,2,8,10,2,10,8,5,4,8,8,6,2,2,9,2,3,7,3,5,5,3,1,3,3,3,6,5,10,10,,,5,8,,,7,6,3,7,6,6,1,8,5,1,2,8,10,10,1,1,1,7,4,2,3,5,10,,8,,,7,8,8,3,10,9,5,10,2,5,2,4,7,8,5,8,8,5,4,9,10,9,3,2,7,1,3,9,3,6,5,1,1,8,6,3,4,4,6,5,,,9,10,,,7,5,5,9,7,9,9,5,9,6,3,6,8,8,8,7,7,2,9,8,3,5,5,7,,9,,,"b'\x11\xe8\xe1I\xe7\xef""\x1e\x9a\xbe\x12\xdf\x17\xaeN\x1e'"
11E8E149-E7EF-221E-9ABE-12DF17AE4E1E,2019-ncaa-d3-natl,ncaa,306,331,215,326,266,261,270,221,315,360,340,341,60,66,102,50,312,315,239,317,243,255,259,247,263,259,34,30,327,237,283,302,186,294,285,169,55,214,243,182,219,216,424,430,,,232,282,,,326,256,208,205,260,283,177,386,355,39,52,323,337,342,221,228,225,325,304,151,228,215,430,,259,,,320,321,360,148,421,403,199,434,71,140,49,147,271,287,142,273,274,160,164,403,401,384,39,35,201,101,186,301,283,225,285,207,58,221,209,221,280,290,203,285,,,300,311,,,326,200,263,350,312,324,353,175,400,227,80,143,274,293,282,209,192,116,331,249,219,212,285,222,,304,,,"b'\x11\xe8\xe1I\xe7\xef""\x1e\x9a\xbe\x12\xdf\x17\xaeN\x1e'"
11E8E149-E7EF-221E-9ABE-12DF17AE4E1E,2020-ncaa-d3-conf-Midwest Conference,ncaa,10,10,5,10,10,10,10,10,8,10,10,9,4,3,5,2,10,10,10,10,6,10,10,7,9,10,2,2,10,10,9,10,10,10,10,9,5,9,10,10,10,9,10,9,,,1,1,,,10,10,9,10,10,10,10,10,10,4,2,10,10,10,10,9,10,10,10,9,9,10,9,,1,,,10,8,9,7,10,9,7,10,3,5,1,5,1,2,4,2,3,5,3,10,9,10,2,4,1,7,10,3,9,4,10,8,4,9,9,9,10,10,1,10,,,9,5,,,10,1,10,10,10,9,10,8,10,8,4,6,4,4,4,7,5,7,5,5,8,9,10,4,,9,,,"b'\x11\xe8\xe1I\xe7\xef""\x1e\x9a\xbe\x12\xdf\x17\xaeN\x1e'"
11E8E149-E7EF-221E-9ABE-12DF17AE4E1E,2020-ncaa-d3-conf-MWC,ncaa,10,10,5,10,10,10,10,10,8,10,10,9,4,3,5,2,10,10,10,10,6,10,10,7,9,10,2,2,10,10,9,10,10,10,10,9,5,9,10,10,10,9,10,9,,,1,1,,,10,10,9,10,10,10,10,10,10,4,2,10,10,10,10,9,10,10,10,9,9,10,9,,1,,,10,8,9,7,10,9,7,10,3,5,1,5,1,2,4,2,3,5,3,10,9,10,2,4,1,7,10,3,9,4,10,8,4,9,9,9,10,10,1,10,,,9,5,,,10,1,10,10,10,9,10,8,10,8,4,6,4,4,4,7,5,7,5,5,8,9,10,4,,9,,,"b'\x11\xe8\xe1I\xe7\xef""\x1e\x9a\xbe\x12\xdf\x17\xaeN\x1e'"
11E8E149-E7EF-221E-9ABE-12DF17AE4E1E,2020-ncaa-d3-natl,ncaa,397,419,198,408,316,391,396,403,364,420,420,397,131,159,129,32,394,369,370,365,96,402,368,308,322,388,13,11,269,353,327,371,360,379,345,360,158,415,427,411,382,382,405,411,,,117,146,,,407,360,349,408,413,420,431,434,431,118,142,404,387,380,433,399,372,401,406,387,410,395,413,,116,,,404,335,380,197,415,395,175,430,221,249,153,289,110,109,161,113,142,166,115,404,396,404,54,151,59,266,360,108,327,156,345,292,132,325,319,340,419,426,141,352,,,232,89,,,407,95,394,403,408,331,366,235,391,200,237,271,121,126,127,207,136,276,124,192,290,334,410,149,,208,,,"b'\x11\xe8\xe1I\xe7\xef""\x1e\x9a\xbe\x12\xdf\x17\xaeN\x1e'"
11E8E149-E7EF-221E-9ABE-12DF17AE4E1E,2022-ncaa-d3-conf-MWC,ncaa,9,9,4,9,4,7,6,5,8,4,2,8,9,9,9,9,7,4,9,4,6,5,5,9,9,9,9,9,3,5,6,8,8,5,8,8,8,8,8,9,4,4,3,3,,,9,9,,,9,6,3,2,9,8,5,4,1,9,9,6,3,3,5,2,5,9,8,9,8,3,3,,9,,,9,9,8,4,9,5,3,9,9,8,9,8,8,8,8,8,9,5,6,9,9,9,9,9,8,7,8,8,6,8,8,8,8,2,2,7,9,9,4,3,,,4,3,,,9,6,9,9,9,9,8,4,6,1,9,9,8,8,8,7,8,8,9,8,8,1,9,4,,3,,,"b'\x11\xe8\xe1I\xe7\xef""\x1e\x9a\xbe\x12\xdf\x17\xaeN\x1e'"
11E8E149-E7EF-221E-9ABE-12DF17AE4E1E,2022-ncaa-d3-natl,ncaa,364,385,250,375,259,268,251,272,236,164,149,222,394,377,395,390,219,113,387,116,171,255,237,285,302,313,397,411,119,273,302,293,270,289,311,351,413,302,322,371,127,105,216,173,,,371,399,,,340,225,124,29,286,245,249,115,83,401,389,178,68,71,211,129,255,291,283,367,327,87,203,,402,,,336,302,212,137,298,144,97,273,360,264,393,295,395,381,356,378,410,179,200,344,374,314,404,336,381,221,270,254,302,240,311,225,199,137,115,146,353,355,63,35,,,131,85,,,340,204,320,310,333,338,255,173,178,113,385,305,402,393,392,254,308,250,321,297,247,89,359,56,,66,,,"b'\x11\xe8\xe1I\xe7\xef""\x1e\x9a\xbe\x12\xdf\x17\xaeN\x1e'"
11E8E149-E7EF-221E-9ABE-12DF17AE4E1E,2023-ncaa-d3-conf-MWC,ncaa,8,8,5,8,8,6,6,5,6,5,3,6,9,8,9,7,3,3,8,3,2,4,4,8,8,8,7,8,2,4,6,8,6,8,8,9,9,7,8,9,2,2,6,6,,,8,8,,,8,3,1,4,5,5,1,4,2,8,7,2,2,2,1,2,4,7,7,9,8,1,6,,9,,,8,8,7,1,9,9,3,8,2,1,6,2,9,9,9,9,9,5,6,7,9,7,5,1,9,5,6,7,6,7,8,6,7,1,1,2,6,6,7,4,,,1,1,,,8,7,8,7,8,8,8,4,9,5,3,2,9,9,9,8,8,6,8,8,8,1,7,7,,1,,,"b'\x11\xe8\xe1I\xe7\xef""\x1e\x9a\xbe\x12\xdf\x17\xaeN\x1e'"
11E8E149-E7EF-221E-9ABE-12DF17AE4E1E,2023-ncaa-d3-natl,ncaa,289,325,185,314,214,181,191,216,163,118,103,186,359,363,320,390,63,18,380,18,51,151,99,224,238,278,351,392,57,261,322,296,273,299,346,320,417,392,341,378,42,54,225,219,,,425,427,,,319,58,12,164,162,169,185,84,71,373,376,43,6,6,103,48,270,336,328,343,374,31,230,,426,,,315,391,283,143,375,299,175,364,215,153,335,110,428,428,346,428,428,267,367,369,415,308,356,94,427,215,273,350,322,315,346,321,300,32,31,91,316,262,192,124,,,8,4,,,319,379,301,274,300,376,290,134,301,164,216,153,429,427,427,287,388,210,350,314,305,19,303,192,,1,,,"b'\x11\xe8\xe1I\xe7\xef""\x1e\x9a\xbe\x12\xdf\x17\xaeN\x1e'"
11E8E149-E7EF-221E-9ABE-12DF17AE4E1E,2024-ncaa-d3-conf-MWC,ncaa,6,5,5,6,7,6,8,7,6,6,6,4,9,7,9,6,5,3,9,3,2,6,7,8,8,7,6,7,1,8,9,5,2,6,6,8,9,5,6,7,6,5,7,6,,,3,4,,,7,5,4,7,6,8,7,5,5,9,7,4,3,3,5,6,8,3,5,8,7,6,6,,5,,,7,2,4,3,4,5,6,3,1,1,3,1,3,3,9,3,4,3,4,3,4,4,4,1,4,3,2,8,9,6,6,2,3,6,6,2,4,5,7,8,,,3,1,,,7,5,7,3,7,4,5,5,5,6,1,1,5,4,5,4,5,3,8,7,2,5,5,8,,1,,,"b'\x11\xe8\xe1I\xe7\xef""\x1e\x9a\xbe\x12\xdf\x17\xaeN\x1e'"
11E8E149-E7EF-221E-9ABE-12DF17AE4E1E,2024-ncaa-d3-natl,ncaa,227,232,200,238,257,258,273,324,198,253,270,199,283,303,243,296,119,35,400,39,20,283,265,219,218,249,205,301,67,388,415,173,74,312,316,367,416,289,310,373,259,270,319,336,,,321,355,,,254,166,124,244,273,289,366,254,284,289,308,102,16,18,301,253,410,141,334,388,292,256,324,,346,,,254,200,156,146,198,210,212,162,124,92,266,87,336,326,310,332,323,178,197,183,230,211,238,116,357,93,74,352,415,262,316,69,30,171,159,77,294,309,200,252,,,24,5,,,254,250,320,153,255,201,171,160,213,235,134,87,352,337,342,192,232,88,356,275,78,147,298,206,,6,,,"b'\x11\xe8\xe1I\xe7\xef""\x1e\x9a\xbe\x12\xdf\x17\xaeN\x1e'"
11E8E149-E7EF-221E-9ABE-12DF17AE4E1E,2025-ncaa-d3-conf-Midwest Conference,genius_ncaa,7,7,5,7,5,9,9,9,9,9,8,9,7,5,8,3,7,7,8,7,6,9,9,9,9,9,3,3,7,9,9,8,5,9,9,9,8,6,8,8,9,7,6,7,,,2,3,,2,9,9,5,1,9,9,8,9,7,7,5,7,7,7,8,8,9,8,9,9,8,7,6,,4,,2,9,7,7,3,8,7,4,7,7,5,8,7,3,2,6,2,2,3,1,8,8,8,5,7,2,3,5,9,9,6,9,8,8,8,6,9,4,7,7,9,,,7,5,,2,9,1,9,8,9,7,7,4,7,4,7,6,3,3,3,4,4,4,9,6,8,8,5,8,,6,,1,"b'\x11\xe8\xe1I\xe7\xef""\x1e\x9a\xbe\x12\xdf\x17\xaeN\x1e'"
11E8E149-E7EF-221E-9ABE-12DF17AE4E1E,2025-ncaa-d3-natl,genius_ncaa,370,400,192,385,248,366,379,351,384,396,384,375,238,143,352,57,257,193,353,187,24,335,294,373,366,378,24,79,51,380,407,206,182,312,359,387,373,369,380,392,337,350,297,292,,,288,324,,236,379,219,178,258,391,402,402,413,411,231,130,260,176,169,390,307,394,181,351,402,355,346,301,,319,,251,372,309,290,196,330,249,152,321,324,285,335,286,254,269,167,278,311,217,176,333,331,340,288,295,197,182,182,359,407,303,359,293,256,266,284,312,360,365,240,374,,,135,48,,26,379,191,389,324,375,312,299,227,250,162,328,300,283,297,308,242,208,179,361,309,285,281,351,254,,101,,16,"b'\x11\xe8\xe1I\xe7\xef""\x1e\x9a\xbe\x12\xdf\x17\xaeN\x1e'"
11E8E149-E7EF-221E-9ABE-12DF17AE4E1E,2026-ncaa-d3-conf-Midwest Conference,genius_ncaa,5,3,4,5,4,8,8,8,7,8,7,6,7,5,7,4,7,7,7,7,5,8,8,7,7,8,4,3,5,9,9,6,7,7,8,6,5,6,9,9,9,9,6,6,,,7,9,,4,8,6,9,1,9,9,9,8,7,7,5,7,7,7,9,9,9,7,8,7,9,9,6,,9,,5,8,4,4,3,7,5,5,9,3,3,6,3,7,7,4,7,8,5,3,7,7,8,2,2,6,6,7,5,9,4,8,3,1,8,7,2,5,9,1,1,,,6,5,,4,8,3,9,7,9,7,7,2,8,5,3,3,7,8,8,5,3,7,6,5,2,7,8,1,,6,,2,"b'\x11\xe8\xe1I\xe7\xef""\x1e\x9a\xbe\x12\xdf\x17\xaeN\x1e'"
11E8E149-E7EF-221E-9ABE-12DF17AE4E1E,2026-ncaa-d3-natl,genius_ncaa,157,268,42,231,47,193,241,190,320,241,214,275,214,137,329,168,31,43,126,44,25,155,92,314,265,321,84,249,13,297,385,111,338,171,358,280,300,391,382,376,213,339,195,255,,,412,407,,370,353,57,173,66,340,378,393,367,379,303,238,66,81,83,372,250,383,247,355,366,364,314,269,,412,,331,332,361,324,339,211,348,304,341,198,362,19,266,409,411,210,410,401,367,369,171,236,248,209,56,394,380,338,341,385,365,358,317,209,92,239,219,371,351,180,185,,,36,39,,12,353,354,350,283,342,288,223,222,276,161,93,307,402,404,403,301,293,339,260,306,229,195,324,103,,58,,29,"b'\x11\xe8\xe1I\xe7\xef""\x1e\x9a\xbe\x12\xdf\x17\xaeN\x1e'"
11E8E149-E7F3-404C-9ABE-12DF17AE4E1E,2018-ncaa-d3-conf-NACC,ncaa,3,3,1,3,2,4,2,2,6,2,2,5,4,3,6,5,8,6,9,6,8,2,2,6,6,6,7,5,12,2,6,1,1,1,3,6,9,5,3,4,5,7,3,4,,,10,9,,,4,2,4,4,4,3,3,3,7,4,3,9,7,8,3,5,4,2,2,6,3,6,3,,8,,,4,6,4,5,5,6,10,4,3,2,5,1,12,11,7,12,10,10,10,4,5,5,5,3,11,1,1,10,6,6,3,3,1,5,6,3,2,2,5,2,,,9,12,,,4,11,6,4,4,4,3,3,5,7,2,2,10,9,11,4,4,1,9,6,3,6,2,5,,11,,,b'\x11\xe8\xe1I\xe7\xf3@L\x9a\xbe\x12\xdf\x17\xaeN\x1e'
11E8E149-E7F3-404C-9ABE-12DF17AE4E1E,2018-ncaa-d3-natl,ncaa,89,114,68,106,72,117,89,59,191,123,117,161,69,51,194,103,295,267,327,279,355,72,108,166,207,136,227,114,416,183,338,28,1,63,116,141,302,77,36,80,321,353,78,109,,,303,305,,,142,98,204,75,148,102,69,147,187,106,75,359,345,356,103,212,255,19,77,179,44,377,103,,234,,,145,260,240,284,174,296,350,154,123,150,173,83,344,337,281,342,271,308,269,143,170,233,168,96,343,24,1,420,338,283,116,72,23,253,298,146,34,16,195,130,,,269,386,,,142,342,168,144,148,157,145,152,204,254,88,85,302,275,282,167,94,6,369,188,51,351,19,137,,379,,,b'\x11\xe8\xe1I\xe7\xf3@L\x9a\xbe\x12\xdf\x17\xaeN\x1e'
11E8E149-E7F3-404C-9ABE-12DF17AE4E1E,2019-ncaa-d3-conf-NACC,ncaa,3,2,8,2,12,4,3,3,4,4,5,3,3,2,5,2,10,8,12,8,10,3,5,4,6,5,8,2,11,2,3,4,3,2,2,4,5,3,2,4,5,4,2,2,,,11,12,,,2,8,4,12,1,1,1,2,4,1,1,10,6,6,1,1,2,3,1,2,6,2,2,,13,,,2,2,1,2,1,1,8,1,1,1,2,1,12,12,9,12,12,3,5,1,1,1,11,1,13,4,3,4,3,3,2,1,2,5,2,1,4,4,1,1,,,12,12,,,2,6,3,1,2,2,2,4,2,11,1,1,13,13,13,6,8,4,6,7,1,2,7,1,,11,,,b'\x11\xe8\xe1I\xe7\xf3@L\x9a\xbe\x12\xdf\x17\xaeN\x1e'
11E8E149-E7F3-404C-9ABE-12DF17AE4E1E,2019-ncaa-d3-natl,ncaa,53,15,215,25,297,106,77,91,105,116,175,71,89,69,162,105,299,250,371,249,285,114,137,90,138,107,239,132,400,45,43,79,48,45,38,48,52,149,85,41,137,118,5,4,,,359,398,,,22,201,150,370,48,29,33,62,144,62,57,304,242,241,50,65,33,17,18,19,159,120,4,,391,,,13,31,10,99,1,25,240,2,11,24,14,23,407,389,363,388,370,129,178,1,6,8,332,27,443,116,48,200,43,156,38,10,47,141,120,7,220,174,34,23,,,321,392,,,22,214,66,10,18,26,5,94,29,278,8,23,414,401,397,156,217,129,206,166,7,121,223,32,,333,,,b'\x11\xe8\xe1I\xe7\xf3@L\x9a\xbe\x12\xdf\x17\xaeN\x1e'
11E8E149-E7F3-404C-9ABE-12DF17AE4E1E,2020-ncaa-d3-conf-NACC,ncaa,1,1,1,1,1,2,2,1,3,2,3,3,2,1,6,5,4,4,5,4,6,1,1,4,4,4,7,4,8,2,4,2,5,1,3,1,2,6,4,1,5,6,1,2,,,8,5,,,2,1,3,6,3,2,1,3,5,2,2,5,5,5,1,2,2,2,1,1,4,5,1,,7,,,2,4,3,11,1,2,13,1,6,6,6,4,8,9,6,9,8,13,13,1,1,1,11,8,9,10,5,9,4,11,3,1,1,5,6,1,6,4,1,1,,,5,11,,,2,12,4,1,2,3,2,9,1,12,6,5,8,9,9,8,9,8,7,7,1,6,4,1,,8,,,b'\x11\xe8\xe1I\xe7\xf3@L\x9a\xbe\x12\xdf\x17\xaeN\x1e'
11E8E149-E7F3-404C-9ABE-12DF17AE4E1E,2020-ncaa-d3-natl,ncaa,18,15,26,19,40,64,73,48,175,107,114,161,55,50,140,130,82,74,211,74,143,46,53,146,151,123,137,134,239,110,234,6,147,21,143,10,6,215,95,25,125,213,1,9,,,266,113,,,48,39,166,209,104,126,133,189,240,96,96,141,135,139,120,176,197,12,43,13,110,181,3,,146,,,50,179,133,410,6,131,420,3,200,220,172,89,323,329,196,329,157,414,411,9,14,19,307,233,342,372,147,403,234,395,143,84,85,96,213,53,226,131,23,10,,,139,300,,,48,402,130,24,47,55,45,271,66,344,116,108,230,240,238,264,277,290,269,285,38,171,145,11,,272,,,b'\x11\xe8\xe1I\xe7\xf3@L\x9a\xbe\x12\xdf\x17\xaeN\x1e'
11E8E149-E7F3-404C-9ABE-12DF17AE4E1E,2021-ncaa-d3-conf-NACC,ncaa,4,1,11,2,11,9,9,11,5,9,11,4,10,10,6,8,7,7,4,7,2,11,11,6,5,5,5,9,1,11,8,11,3,11,3,8,2,1,7,2,11,5,6,2,,,2,8,,,4,11,6,4,5,7,9,5,7,8,10,2,3,3,7,7,6,3,6,2,5,7,2,,6,,,4,1,1,1,1,1,1,1,1,1,7,8,3,2,8,2,7,1,2,2,3,2,12,12,9,1,3,2,8,2,3,1,1,10,4,3,1,3,1,3,,,10,2,,,4,2,5,2,4,2,2,5,1,4,9,8,6,8,8,5,6,5,5,4,1,5,2,3,,3,,,b'\x11\xe8\xe1I\xe7\xf3@L\x9a\xbe\x12\xdf\x17\xaeN\x1e'
11E8E149-E7F3-404C-9ABE-12DF17AE4E1E,2021-ncaa-d3-natl,ncaa,80,28,193,40,197,189,190,200,113,181,200,110,192,197,161,190,156,167,90,168,77,197,202,125,111,91,161,205,48,209,222,179,25,189,96,153,19,69,62,31,210,214,134,55,,,85,154,,,66,201,208,110,140,153,209,119,153,188,195,59,63,70,174,235,223,21,81,54,46,223,68,,114,,,56,68,63,84,14,54,83,7,93,86,139,175,88,82,165,81,113,82,82,18,19,31,266,244,198,76,25,93,222,86,96,52,35,203,160,39,50,17,75,79,,,170,14,,,66,84,105,26,50,22,18,95,9,94,140,137,102,95,95,73,51,57,163,115,10,181,11,67,,40,,,b'\x11\xe8\xe1I\xe7\xf3@L\x9a\xbe\x12\xdf\x17\xaeN\x1e'
11E8E149-E7F3-404C-9ABE-12DF17AE4E1E,2022-ncaa-d3-conf-NACC,ncaa,3,3,1,3,2,2,2,2,4,4,9,1,2,1,2,2,9,7,8,7,7,2,2,3,4,4,3,2,13,3,4,2,6,2,4,1,2,10,7,3,2,4,1,1,,,9,6,,,1,2,6,6,2,2,4,6,12,2,1,9,9,9,5,5,5,4,5,1,7,4,1,,6,,,1,4,5,11,3,8,14,3,1,1,1,1,6,9,1,9,3,9,13,2,1,1,1,1,8,8,6,8,4,7,4,2,2,1,1,2,8,7,1,1,,,8,12,,,1,13,3,2,2,2,3,6,6,12,1,1,4,4,5,4,6,5,4,5,2,2,7,1,,9,,,b'\x11\xe8\xe1I\xe7\xf3@L\x9a\xbe\x12\xdf\x17\xaeN\x1e'
11E8E149-E7F3-404C-9ABE-12DF17AE4E1E,2022-ncaa-d3-natl,ncaa,96,156,32,134,43,67,74,78,93,118,235,22,53,32,210,41,135,109,263,110,97,79,59,75,84,115,130,95,301,138,231,46,117,61,141,43,61,346,237,115,92,152,7,17,,,320,207,,,58,51,228,213,124,135,223,200,378,78,49,232,199,207,228,228,229,84,146,63,218,164,8,,175,,,66,230,258,339,99,337,407,81,45,82,47,16,259,299,111,301,117,335,371,52,50,58,30,19,258,283,117,346,231,340,141,76,22,68,123,20,328,235,120,134,,,125,279,,,58,375,124,47,73,61,98,145,197,322,16,18,147,177,173,143,181,163,192,173,24,142,236,50,,287,,,b'\x11\xe8\xe1I\xe7\xf3@L\x9a\xbe\x12\xdf\x17\xaeN\x1e'
11E8E149-E7F3-404C-9ABE-12DF17AE4E1E,2023-ncaa-d3-conf-NACC,ncaa,8,8,7,8,11,9,10,9,10,10,12,8,7,4,11,2,8,10,6,10,5,9,11,10,8,10,3,5,4,3,2,10,5,8,3,9,7,10,12,10,5,4,13,13,,,5,9,,,7,13,9,5,9,10,6,10,12,7,4,7,8,8,6,6,3,9,5,9,11,4,13,,8,,,7,4,4,1,10,5,6,8,1,1,8,2,4,6,1,4,7,1,2,9,8,4,2,2,7,2,5,2,2,2,3,7,7,4,3,4,10,10,4,7,,,5,3,,,7,2,8,3,7,4,4,3,7,7,1,1,5,8,6,3,4,3,5,4,7,4,10,4,,3,,,b'\x11\xe8\xe1I\xe7\xf3@L\x9a\xbe\x12\xdf\x17\xaeN\x1e'
11E8E149-E7F3-404C-9ABE-12DF17AE4E1E,2023-ncaa-d3-natl,ncaa,270,297,185,283,240,308,319,254,366,340,352,311,171,76,367,44,259,294,141,294,156,265,271,347,340,335,80,104,150,152,189,260,109,201,186,308,256,241,289,325,226,194,327,340,,,238,327,,,306,299,314,288,337,357,268,372,383,180,66,269,313,314,298,276,130,277,205,330,263,226,334,,254,,,301,174,228,104,361,299,210,322,77,49,294,67,183,208,107,196,190,109,108,323,319,300,60,69,175,72,109,262,189,173,186,224,200,241,184,249,269,290,91,182,,,210,150,,,306,135,316,258,301,185,233,88,301,210,73,40,188,210,198,90,82,85,281,173,227,250,265,85,,191,,,b'\x11\xe8\xe1I\xe7\xf3@L\x9a\xbe\x12\xdf\x17\xaeN\x1e'
11E8E149-E7F3-404C-9ABE-12DF17AE4E1E,2024-ncaa-d3-conf-NACC,ncaa,6,6,5,6,5,5,5,4,7,11,12,8,2,2,3,2,13,13,3,13,12,5,5,5,5,5,1,1,13,5,8,9,8,7,9,5,4,5,4,5,6,7,11,12,,,12,12,,,8,5,7,2,5,5,2,11,13,2,2,13,13,13,3,7,5,11,9,5,5,5,11,,10,,,8,8,10,7,10,13,12,11,1,1,1,1,9,9,7,9,8,7,8,9,8,7,1,1,8,7,8,11,8,11,9,9,9,6,6,8,3,2,3,3,,,10,10,,,8,10,5,8,7,8,9,6,11,11,1,1,10,10,10,6,8,7,9,9,9,5,4,3,,9,,,b'\x11\xe8\xe1I\xe7\xf3@L\x9a\xbe\x12\xdf\x17\xaeN\x1e'
11E8E149-E7F3-404C-9ABE-12DF17AE4E1E,2024-ncaa-d3-natl,ncaa,271,329,112,302,143,218,214,210,217,310,333,234,38,58,71,27,365,372,219,370,313,247,227,151,181,222,47,12,403,274,299,291,278,292,310,159,79,307,305,219,205,214,367,386,,,349,372,,,309,199,271,152,263,250,259,356,388,36,51,397,404,401,324,303,308,355,364,176,267,225,381,,340,,,297,346,354,211,390,393,314,395,60,83,94,52,311,302,290,296,227,236,225,359,368,358,35,15,242,229,278,286,299,266,310,358,295,224,244,331,267,262,57,120,,,287,320,,,309,227,247,353,302,309,327,165,375,280,42,51,302,281,275,176,169,199,231,216,333,256,233,40,,351,,,b'\x11\xe8\xe1I\xe7\xf3@L\x9a\xbe\x12\xdf\x17\xaeN\x1e'
11E8E149-E7F3-404C-9ABE-12DF17AE4E1E,2025-ncaa-d3-conf-NACC,genius_ncaa,4,5,3,5,3,4,4,5,4,6,5,4,3,3,5,4,8,8,5,8,8,4,4,4,6,7,8,5,12,4,2,5,11,3,8,6,9,12,8,7,4,5,4,8,,,13,12,,8,4,5,10,2,5,6,7,7,9,2,5,10,11,11,9,7,4,9,6,6,8,4,4,,11,,8,4,5,5,11,3,9,13,2,1,1,2,1,11,12,5,12,6,12,12,1,2,2,3,1,12,13,11,7,2,10,8,3,3,5,5,4,8,6,11,9,,,8,12,,6,4,9,5,4,4,5,5,6,7,12,1,1,7,9,10,6,7,11,4,8,3,5,7,9,,11,,6,b'\x11\xe8\xe1I\xe7\xf3@L\x9a\xbe\x12\xdf\x17\xaeN\x1e'
11E8E149-E7F3-404C-9ABE-12DF17AE4E1E,2025-ncaa-d3-natl,genius_ncaa,141,184,55,175,73,135,133,128,145,151,209,102,112,88,201,109,191,186,236,185,178,139,124,135,143,169,181,150,288,102,120,136,243,117,185,209,342,273,230,243,119,130,190,260,,,363,358,,294,122,136,297,178,175,175,206,197,295,136,125,250,241,242,215,226,135,240,172,266,222,156,222,,329,,277,131,190,194,231,149,288,359,102,43,34,172,17,301,304,202,309,219,250,281,112,127,124,77,36,318,293,243,250,120,279,185,131,107,115,136,105,165,120,183,184,,,140,205,,109,122,266,154,139,135,102,108,104,196,277,32,12,255,260,263,124,138,229,139,179,90,161,115,135,,224,,136,b'\x11\xe8\xe1I\xe7\xf3@L\x9a\xbe\x12\xdf\x17\xaeN\x1e'
11E8E149-E7F3-404C-9ABE-12DF17AE4E1E,2026-ncaa-d3-conf-NACC,genius_ncaa,6,5,8,7,8,7,9,9,8,8,10,5,7,7,12,6,4,6,4,6,4,9,9,9,5,7,7,8,2,8,7,10,8,10,7,9,8,5,7,8,8,8,9,6,,,2,2,,4,9,9,4,1,4,6,4,4,7,7,3,2,2,2,3,2,5,6,6,7,8,8,6,,2,,3,9,7,9,6,13,9,5,8,12,6,13,10,1,1,1,1,1,4,4,13,13,12,8,13,1,5,8,6,7,4,7,8,8,11,10,11,5,8,5,11,,,8,1,,3,9,5,6,12,9,12,12,12,10,10,13,11,1,1,1,7,8,8,10,7,12,9,8,11,,1,,1,b'\x11\xe8\xe1I\xe7\xf3@L\x9a\xbe\x12\xdf\x17\xaeN\x1e'
11E8E149-E7F3-404C-9ABE-12DF17AE4E1E,2026-ncaa-d3-natl,genius_ncaa,54,132,42,116,57,24,50,33,240,80,121,103,50,9,313,43,21,27,100,28,49,29,36,214,195,170,98,148,97,27,99,211,317,111,269,139,338,300,132,239,76,173,283,365,,,342,199,,197,221,41,89,89,69,123,47,168,267,94,16,45,51,51,40,56,59,381,249,264,196,142,347,,238,,133,221,387,401,353,400,409,390,393,225,198,251,43,286,280,255,280,91,350,365,392,387,350,18,41,91,316,317,350,99,341,269,381,172,58,151,256,297,154,242,204,,,23,74,,76,221,368,140,335,230,348,378,259,393,341,111,61,190,157,158,239,282,216,283,257,329,113,207,164,,29,,127,b'\x11\xe8\xe1I\xe7\xf3@L\x9a\xbe\x12\xdf\x17\xaeN\x1e'
11E8E149-E7F7-847C-9ABE-12DF17AE4E1E,2018-ncaa-d3-conf-USA South,ncaa,3,1,10,2,10,7,8,7,5,7,9,5,6,7,3,6,3,3,11,3,1,7,8,4,4,2,5,6,5,5,3,13,6,7,2,7,12,5,5,7,4,1,12,8,,,11,12,,,1,12,10,9,3,3,5,7,7,4,6,1,1,1,5,5,4,14,5,6,8,2,12,,10,,,1,3,3,6,7,4,5,9,7,8,8,12,7,5,18,4,8,5,6,9,10,3,10,10,11,3,6,6,3,4,2,2,9,4,2,2,2,5,16,16,,,8,6,,,1,6,2,1,1,3,5,6,6,6,9,8,4,2,2,2,8,5,7,4,5,2,5,16,,5,,,b'\x11\xe8\xe1I\xe7\xf7\x84|\x9a\xbe\x12\xdf\x17\xaeN\x1e'
11E8E149-E7F7-847C-9ABE-12DF17AE4E1E,2018-ncaa-d3-natl,ncaa,89,7,412,22,422,204,238,354,94,251,327,111,178,261,60,205,121,87,286,86,16,314,361,84,77,65,122,176,97,117,25,382,133,290,47,334,402,41,92,214,83,28,340,302,,,73,210,,,46,399,73,303,21,35,53,78,108,75,113,15,2,2,27,42,25,160,35,215,193,21,305,,253,,,19,13,22,21,159,28,33,187,57,68,120,232,62,54,284,53,186,16,32,154,157,63,198,195,227,32,133,22,25,21,47,15,59,149,37,25,53,109,167,244,,,303,179,,,46,44,27,57,29,131,149,172,178,188,166,196,166,142,140,148,313,147,165,146,79,32,185,314,,48,,,b'\x11\xe8\xe1I\xe7\xf7\x84|\x9a\xbe\x12\xdf\x17\xaeN\x1e'
11E8E149-E7F7-847C-9ABE-12DF17AE4E1E,2019-ncaa-d3-conf-USA South,ncaa,2,2,1,2,1,1,2,2,7,6,6,9,2,3,4,3,2,3,5,3,3,2,2,6,4,4,2,3,7,2,1,3,1,2,1,4,11,13,6,8,3,6,8,6,,,13,12,,,3,2,15,2,6,7,7,12,11,2,4,3,4,4,7,7,3,5,3,8,7,6,9,,6,,,3,11,11,12,2,7,7,4,15,18,5,16,14,10,18,9,11,13,15,5,5,4,17,15,11,7,1,10,1,9,1,14,15,4,7,12,12,6,18,16,,,4,9,,,3,17,2,3,3,4,4,6,2,2,10,12,8,5,4,5,3,3,3,2,10,12,5,18,,10,,,b'\x11\xe8\xe1I\xe7\xf7\x84|\x9a\xbe\x12\xdf\x17\xaeN\x1e'
11E8E149-E7F7-847C-9ABE-12DF17AE4E1E,2019-ncaa-d3-natl,ncaa,101,46,317,71,325,160,207,232,177,240,296,177,111,117,133,125,83,82,162,84,46,197,242,152,125,112,73,137,93,46,18,176,56,89,25,305,399,114,121,253,186,121,286,216,,,121,219,,,67,337,271,72,59,135,100,207,245,79,79,28,31,32,67,92,22,77,22,294,172,146,275,,177,,,58,59,43,74,69,27,44,85,232,282,136,380,167,149,293,145,305,73,80,93,111,111,397,378,302,58,56,63,18,47,25,97,307,243,157,154,126,142,334,357,,,254,256,,,67,103,50,94,60,99,74,131,49,57,281,336,222,199,199,128,145,106,102,93,148,194,181,366,,172,,,b'\x11\xe8\xe1I\xe7\xf7\x84|\x9a\xbe\x12\xdf\x17\xaeN\x1e'
11E8E149-E7F7-847C-9ABE-12DF17AE4E1E,2020-ncaa-d3-conf-USA South,ncaa,1,1,5,1,5,1,4,5,8,9,7,13,1,1,1,5,1,2,3,2,1,2,5,4,3,1,1,1,1,1,1,3,1,1,1,10,18,3,2,5,7,6,2,3,,,14,15,,,1,6,13,5,1,4,3,11,11,1,2,1,1,1,3,3,1,1,1,12,1,9,2,,11,,,1,3,3,12,2,7,11,3,6,7,9,7,7,10,1,9,9,10,9,3,2,5,8,10,10,2,1,8,1,6,1,14,17,10,12,13,4,3,17,18,,,2,2,,,1,13,1,3,1,1,5,6,5,6,6,5,4,7,7,5,3,2,5,1,13,16,4,18,,1,,,b'\x11\xe8\xe1I\xe7\xf7\x84|\x9a\xbe\x12\xdf\x17\xaeN\x1e'
11E8E149-E7F7-847C-9ABE-12DF17AE4E1E,2020-ncaa-d3-natl,ncaa,61,15,327,28,339,121,188,140,251,284,250,308,45,71,67,115,46,38,189,32,27,118,181,193,175,95,28,64,73,20,8,136,20,48,12,326,425,27,8,187,175,109,111,82,,,182,325,,,28,337,236,137,31,105,27,251,159,23,47,14,12,11,15,50,7,32,8,324,43,124,79,,274,,,18,34,47,70,98,91,124,126,44,98,45,165,81,160,12,147,212,67,64,85,58,72,119,136,211,44,20,125,8,72,12,157,324,294,227,243,44,36,399,397,,,134,133,,,28,84,16,53,22,72,110,158,148,198,71,138,122,224,207,155,128,68,210,134,204,249,71,418,,46,,,b'\x11\xe8\xe1I\xe7\xf7\x84|\x9a\xbe\x12\xdf\x17\xaeN\x1e'
11E8E149-E7F7-847C-9ABE-12DF17AE4E1E,2022-ncaa-d3-conf-USA South,ncaa,3,2,9,3,10,7,9,11,9,7,7,7,14,16,13,17,1,1,11,1,2,8,12,10,8,6,11,18,2,4,4,9,1,5,4,13,18,1,1,6,4,2,11,10,,,6,7,,,4,12,17,8,7,8,9,4,2,16,17,2,2,2,5,13,2,9,4,13,1,4,12,,4,,,4,4,4,6,6,5,5,6,8,10,6,16,6,4,18,4,7,5,7,6,6,5,15,16,9,3,1,11,4,8,4,9,17,9,3,9,1,1,19,17,,,5,1,,,4,8,5,3,4,2,2,2,1,1,7,11,3,2,2,2,1,1,13,6,9,8,1,19,,3,,,b'\x11\xe8\xe1I\xe7\xf7\x84|\x9a\xbe\x12\xdf\x17\xaeN\x1e'
11E8E149-E7F7-847C-9ABE-12DF17AE4E1E,2022-ncaa-d3-natl,ncaa,49,55,61,56,73,97,128,71,247,71,30,251,333,303,362,383,1,1,258,1,23,36,56,291,240,169,266,401,4,29,78,129,83,74,125,307,425,90,15,242,27,27,280,308,,,315,264,,,101,93,216,182,122,185,124,93,45,372,354,2,2,2,39,114,36,256,112,377,34,36,326,,225,,,108,249,248,238,225,283,225,278,144,232,54,209,309,302,313,301,281,244,312,197,213,149,169,115,291,112,83,374,78,292,125,319,331,62,65,142,49,10,428,372,,,7,25,,,101,339,121,114,107,118,123,71,172,101,70,133,238,223,220,76,133,57,289,176,228,100,16,421,,17,,,b'\x11\xe8\xe1I\xe7\xf7\x84|\x9a\xbe\x12\xdf\x17\xaeN\x1e'
11E8E149-E7F7-847C-9ABE-12DF17AE4E1E,2023-ncaa-d3-conf-CCS,ncaa,1,1,2,1,5,2,3,5,1,4,4,1,3,4,1,7,2,3,4,4,2,5,6,1,1,1,6,7,5,5,5,2,1,4,1,2,4,1,1,1,1,1,2,2,,,4,4,,,1,6,8,8,2,3,5,3,4,3,5,3,2,3,5,6,5,1,4,1,1,1,3,,3,,,1,1,1,1,1,2,2,1,2,3,2,5,3,3,3,3,4,1,2,1,1,1,3,6,4,1,1,2,5,1,1,1,3,2,1,1,1,1,8,7,,,4,2,,,1,5,1,1,1,1,1,1,2,2,3,3,3,3,3,1,1,1,3,1,1,2,1,8,,4,,,b'\x11\xe8\xe1I\xe7\xf7\x84|\x9a\xbe\x12\xdf\x17\xaeN\x1e'
11E8E149-E7F7-847C-9ABE-12DF17AE4E1E,2023-ncaa-d3-natl,ncaa,17,4,109,7,180,77,99,149,75,95,139,74,161,203,109,285,19,14,174,15,35,108,179,80,64,29,206,295,56,93,96,173,157,135,123,148,276,35,15,36,55,44,166,143,,,286,310,,,28,226,307,410,60,93,173,89,154,188,238,14,13,12,105,250,100,225,156,166,14,65,179,,257,,,26,78,58,97,95,75,130,74,110,113,182,143,244,302,43,303,342,116,190,89,88,51,276,192,339,179,157,192,96,181,123,82,180,88,59,44,12,6,288,236,,,71,44,,,28,198,20,60,21,46,35,39,54,78,90,75,215,277,276,55,110,148,141,132,71,99,5,268,,72,,,b'\x11\xe8\xe1I\xe7\xf7\x84|\x9a\xbe\x12\xdf\x17\xaeN\x1e'
11E8E149-E7F7-847C-9ABE-12DF17AE4E1E,2024-ncaa-d3-conf-CCS,ncaa,1,1,1,1,2,1,1,3,1,2,4,1,1,2,1,2,1,2,2,2,2,3,4,1,1,1,3,2,6,5,6,1,2,2,4,1,4,4,2,1,1,1,6,6,,,6,3,,,1,2,7,4,2,2,5,4,6,3,3,2,4,4,5,8,6,1,4,2,1,1,6,,3,,,1,6,6,8,1,6,8,3,7,7,4,7,6,6,4,5,2,8,8,1,1,1,5,6,3,8,2,7,6,7,4,5,5,2,3,3,3,1,4,1,,,3,3,,,1,8,1,1,1,1,1,2,2,2,4,6,1,1,1,2,3,4,4,4,3,5,1,2,,6,,,b'\x11\xe8\xe1I\xe7\xf7\x84|\x9a\xbe\x12\xdf\x17\xaeN\x1e'
11E8E149-E7F7-847C-9ABE-12DF17AE4E1E,2024-ncaa-d3-natl,ncaa,30,17,63,25,91,70,110,104,111,116,159,96,104,102,136,169,33,29,157,28,52,83,106,109,93,74,142,192,109,172,234,62,163,94,173,116,206,151,82,98,78,104,207,241,,,332,268,,,60,93,176,239,73,120,161,151,225,135,135,49,48,45,120,196,227,75,130,141,95,109,241,,277,,,56,167,147,284,65,174,318,42,156,174,153,128,291,331,80,332,264,296,338,58,57,46,259,179,321,292,163,330,234,321,173,172,195,79,115,80,136,95,337,292,,,119,178,,,60,331,90,55,59,95,85,164,104,220,107,111,236,272,278,172,237,227,236,235,115,115,99,301,,176,,,b'\x11\xe8\xe1I\xe7\xf7\x84|\x9a\xbe\x12\xdf\x17\xaeN\x1e'
11E8E149-E7F7-847C-9ABE-12DF17AE4E1E,2025-ncaa-d3-conf-HCAC,genius_ncaa,5,4,5,5,7,6,7,7,6,6,8,3,4,3,9,3,4,1,10,1,1,7,7,6,7,5,4,3,3,7,8,10,10,9,9,7,6,1,2,4,1,1,8,7,,,7,9,,9,4,6,8,6,6,7,6,7,8,3,3,3,2,2,6,8,6,10,10,7,1,1,9,,8,,9,4,3,3,1,10,1,1,10,7,3,10,7,6,6,8,6,9,1,5,10,10,5,9,8,7,5,10,8,8,7,9,8,9,1,1,2,2,3,6,6,,,8,5,,6,4,5,5,6,4,3,4,1,2,1,6,3,5,6,6,1,3,5,7,7,8,1,2,7,,7,,6,b'\x11\xe8\xe1I\xe7\xf7\x84|\x9a\xbe\x12\xdf\x17\xaeN\x1e'
11E8E149-E7F7-847C-9ABE-12DF17AE4E1E,2025-ncaa-d3-natl,genius_ncaa,173,184,116,187,135,159,192,156,238,187,199,183,200,138,286,178,68,42,281,41,44,132,189,239,225,145,159,225,79,199,297,339,301,292,357,176,175,30,21,70,62,57,215,213,,,312,339,,220,202,194,277,95,173,219,165,209,224,216,148,72,42,41,120,258,234,404,369,192,22,72,233,,307,,212,203,261,198,102,318,222,154,285,168,103,307,117,379,371,309,370,366,143,214,309,350,261,268,132,375,222,301,369,297,329,357,303,329,98,84,180,56,49,341,322,,,187,190,,309,202,214,156,260,206,213,163,59,185,112,150,76,374,353,352,98,142,177,340,295,265,110,45,320,,226,,329,b'\x11\xe8\xe1I\xe7\xf7\x84|\x9a\xbe\x12\xdf\x17\xaeN\x1e'
11E8E149-E7F7-847C-9ABE-12DF17AE4E1E,2026-ncaa-d3-conf-HCAC,genius_ncaa,4,4,1,4,1,5,4,1,9,4,5,7,3,3,6,4,4,5,2,6,6,2,2,9,8,7,4,3,4,3,4,2,4,1,6,1,1,7,3,3,5,7,5,5,,,9,8,,1,6,2,4,1,5,4,1,4,5,3,3,4,5,6,2,2,3,2,1,1,7,5,5,,9,,1,6,8,8,8,8,9,7,7,8,7,9,7,8,8,3,8,8,8,9,8,8,7,8,9,7,6,4,9,4,8,6,8,6,3,6,7,4,4,9,9,,,7,10,,5,6,9,4,8,6,8,8,8,9,7,8,7,8,8,8,8,9,6,9,8,8,3,4,9,,7,,5,b'\x11\xe8\xe1I\xe7\xf7\x84|\x9a\xbe\x12\xdf\x17\xaeN\x1e'
11E8E149-E7F7-847C-9ABE-12DF17AE4E1E,2026-ncaa-d3-natl,genius_ncaa,225,200,215,240,215,225,293,263,283,264,291,188,282,202,371,185,31,34,179,34,9,225,229,293,239,246,119,321,8,193,195,182,149,185,169,286,220,212,221,276,327,354,88,105,,,271,331,,324,261,228,170,1,161,269,196,218,260,290,135,7,8,9,88,83,140,55,70,259,263,326,59,,372,,366,262,228,228,215,225,236,216,243,187,199,149,180,279,263,265,258,263,225,184,215,233,292,183,145,283,171,149,202,195,190,169,254,261,310,346,335,173,174,311,373,,,117,45,,62,261,191,229,279,256,325,313,346,314,326,233,285,346,341,343,361,317,227,301,281,318,314,213,358,,21,,43,b'\x11\xe8\xe1I\xe7\xf7\x84|\x9a\xbe\x12\xdf\x17\xaeN\x1e'
11E8E149-E7FB-E03A-9ABE-12DF17AE4E1E,2018-ncaa-d3-conf-SAA,ncaa,4,4,3,4,4,5,6,5,8,6,3,8,6,7,5,8,3,3,4,3,3,3,3,8,8,8,2,6,1,3,4,6,8,4,7,8,8,7,5,8,1,1,6,6,,,6,5,,,8,3,1,8,6,8,5,8,2,8,7,1,2,3,4,3,4,8,7,8,6,1,6,,6,,,7,7,6,4,7,4,1,6,8,7,8,7,3,7,1,6,8,4,5,8,7,7,8,8,2,8,8,7,4,8,7,8,7,2,2,5,2,3,6,6,,,3,7,,,8,5,8,7,8,7,6,3,4,1,8,6,4,5,6,3,4,6,7,7,6,2,3,6,,4,,,b'\x11\xe8\xe1I\xe7\xfb\xe0:\x9a\xbe\x12\xdf\x17\xaeN\x1e'
11E8E149-E7FB-E03A-9ABE-12DF17AE4E1E,2018-ncaa-d3-natl,ncaa,218,251,123,239,143,218,295,227,346,304,209,368,214,241,158,268,32,30,142,30,18,167,165,330,264,265,65,215,3,154,203,342,309,273,302,382,427,237,217,382,106,96,274,221,,,417,432,,,298,180,281,83,254,354,305,352,261,223,265,21,23,28,202,224,178,413,347,411,199,111,298,,418,,,291,349,212,107,346,102,48,306,421,334,434,369,416,424,191,424,441,170,243,392,413,356,439,410,402,218,309,281,203,258,302,302,340,120,105,191,101,81,381,384,,,122,109,,,298,245,255,337,299,287,174,47,82,19,412,307,411,420,418,110,167,182,245,216,260,124,82,369,,129,,,b'\x11\xe8\xe1I\xe7\xfb\xe0:\x9a\xbe\x12\xdf\x17\xaeN\x1e'
11E8E149-E7FB-E03A-9ABE-12DF17AE4E1E,2019-ncaa-d3-conf-SAA,ncaa,4,3,5,3,8,5,6,7,6,5,3,6,7,8,5,8,2,2,4,2,2,5,6,6,6,6,3,8,1,2,2,6,5,5,4,8,8,2,4,8,4,5,6,6,,,3,5,,,4,6,5,7,5,6,6,5,2,7,8,2,2,2,3,5,2,6,4,8,4,4,6,,6,,,4,4,3,4,5,2,2,6,8,6,5,7,3,2,6,2,4,1,3,6,6,6,7,8,3,3,5,2,2,1,4,7,7,3,3,6,2,1,4,4,,,5,3,,,4,3,5,5,4,5,5,5,2,3,8,7,3,3,3,3,5,5,2,5,7,3,2,4,,3,,,b'\x11\xe8\xe1I\xe7\xfb\xe0:\x9a\xbe\x12\xdf\x17\xaeN\x1e'
11E8E149-E7FB-E03A-9ABE-12DF17AE4E1E,2019-ncaa-d3-natl,ncaa,206,185,317,203,361,343,394,373,386,391,372,385,290,275,319,209,61,59,216,59,9,344,369,377,328,302,44,218,2,184,133,381,173,335,191,415,418,76,181,382,295,228,402,344,,,232,408,,,235,392,383,427,345,406,380,403,359,282,229,18,17,16,299,341,126,395,305,423,131,277,402,,322,,,235,68,42,31,237,14,11,263,340,289,339,419,202,183,294,184,426,32,48,315,344,231,435,417,324,42,173,116,133,71,191,132,365,185,70,134,22,45,170,289,,,156,23,,,235,57,269,198,232,122,72,20,26,6,377,342,261,238,234,27,43,68,178,122,191,128,37,224,,59,,,b'\x11\xe8\xe1I\xe7\xfb\xe0:\x9a\xbe\x12\xdf\x17\xaeN\x1e'
11E8E149-E7FB-E03A-9ABE-12DF17AE4E1E,2020-ncaa-d3-conf-SAA,ncaa,5,4,5,5,5,6,5,5,7,7,5,7,3,3,4,3,8,6,8,6,5,5,5,5,7,6,4,2,8,3,2,7,1,5,2,7,7,6,6,6,5,2,8,8,,,7,8,,,4,8,7,3,6,5,4,7,4,3,3,8,5,5,4,4,2,7,4,6,6,4,8,,7,,,4,1,1,1,6,2,1,6,4,3,7,5,5,5,4,5,7,1,1,6,6,6,6,5,8,1,1,1,2,1,2,6,7,2,1,4,5,5,6,6,,,8,8,,,4,1,4,3,4,4,3,1,3,1,4,3,5,5,5,1,2,1,4,1,6,2,5,7,,8,,,b'\x11\xe8\xe1I\xe7\xfb\xe0:\x9a\xbe\x12\xdf\x17\xaeN\x1e'
11E8E149-E7FB-E03A-9ABE-12DF17AE4E1E,2020-ncaa-d3-natl,ncaa,237,245,198,250,280,304,327,316,331,381,366,373,107,122,114,83,298,227,371,229,91,305,329,280,300,291,33,29,238,165,158,332,140,285,201,365,384,166,243,344,171,103,397,350,,,336,419,,,205,364,373,303,327,355,320,396,380,93,107,300,228,228,321,333,142,364,292,394,192,153,404,,363,,,206,43,25,21,161,14,18,173,225,179,295,353,288,316,184,314,428,26,59,224,264,134,422,358,394,52,140,188,158,104,201,77,288,110,36,55,79,120,245,338,,,265,192,,,205,73,267,112,199,57,22,6,18,7,245,202,303,321,320,7,43,54,213,127,101,84,94,257,,264,,,b'\x11\xe8\xe1I\xe7\xfb\xe0:\x9a\xbe\x12\xdf\x17\xaeN\x1e'
11E8E149-E7FB-E03A-9ABE-12DF17AE4E1E,2021-ncaa-d3-conf-SAA,ncaa,4,4,6,4,6,7,7,7,5,7,7,5,4,4,7,4,5,6,3,6,5,7,7,7,7,6,4,4,5,4,2,7,3,7,3,7,3,2,5,5,5,3,7,5,,,2,7,,,4,7,7,1,6,6,4,6,5,4,4,6,6,6,5,5,3,6,6,6,3,5,6,,4,,,4,2,2,1,4,2,1,5,2,3,3,5,1,1,5,1,6,1,1,4,4,4,5,4,4,2,3,1,2,1,3,2,2,5,3,2,1,3,3,5,,,5,3,,,4,1,5,4,4,2,2,1,3,1,3,3,3,3,2,1,2,2,2,2,2,4,3,4,,6,,,b'\x11\xe8\xe1I\xe7\xfb\xe0:\x9a\xbe\x12\xdf\x17\xaeN\x1e'
11E8E149-E7FB-E03A-9ABE-12DF17AE4E1E,2021-ncaa-d3-natl,ncaa,101,183,81,148,90,110,111,103,166,105,98,133,130,101,213,159,77,75,174,74,82,96,97,180,172,163,164,196,73,56,53,110,116,87,88,136,218,167,123,176,153,219,177,208,,,207,256,,,103,105,230,49,165,164,156,140,142,187,151,90,71,73,128,153,60,185,115,205,110,235,238,,216,,,117,167,148,156,114,139,123,199,175,219,68,255,202,209,96,205,268,164,163,125,138,129,238,198,227,160,116,170,53,162,88,102,8,100,104,32,133,74,162,126,,,78,50,,,103,171,137,122,124,85,57,32,57,9,148,220,184,197,195,52,49,81,82,80,13,136,78,127,,64,,,b'\x11\xe8\xe1I\xe7\xfb\xe0:\x9a\xbe\x12\xdf\x17\xaeN\x1e'
11E8E149-E7FB-E03A-9ABE-12DF17AE4E1E,2022-ncaa-d3-conf-SAA,ncaa,2,2,2,2,3,5,5,4,7,5,5,7,4,5,5,5,4,3,5,3,3,4,4,7,7,4,4,5,3,4,5,5,4,4,6,6,7,5,4,5,2,2,2,2,,,5,5,,,2,4,8,6,7,6,6,6,5,5,5,6,4,4,6,7,5,8,7,7,3,2,2,,3,,,2,2,2,1,4,3,3,6,2,2,1,3,6,5,7,5,7,2,5,1,5,1,5,2,8,1,4,5,5,5,6,3,7,2,1,1,3,3,8,8,,,2,1,,,2,5,4,1,2,1,1,1,1,1,2,2,5,4,4,1,1,1,4,3,1,2,2,8,,2,,,b'\x11\xe8\xe1I\xe7\xfb\xe0:\x9a\xbe\x12\xdf\x17\xaeN\x1e'
11E8E149-E7FB-E03A-9ABE-12DF17AE4E1E,2022-ncaa-d3-natl,ncaa,131,95,250,118,285,269,311,311,303,329,321,307,176,182,201,142,148,93,315,98,27,279,298,274,261,261,71,140,51,166,84,374,119,322,175,324,316,182,253,321,62,14,223,61,,,230,376,,,107,321,330,290,290,334,328,359,347,162,156,105,62,63,269,275,128,419,342,338,224,34,211,,295,,,98,20,13,14,138,16,14,311,33,132,7,372,282,293,229,281,426,22,81,135,202,15,364,156,422,17,119,105,84,54,175,36,333,27,1,3,143,185,393,419,,,110,26,,,107,109,236,12,91,9,4,1,8,1,31,131,313,315,311,1,41,17,125,58,45,8,174,411,,44,,,b'\x11\xe8\xe1I\xe7\xfb\xe0:\x9a\xbe\x12\xdf\x17\xaeN\x1e'
11E8E149-E7FB-E03A-9ABE-12DF17AE4E1E,2023-ncaa-d3-conf-SAA,ncaa,4,4,3,4,3,5,6,4,6,6,6,6,2,3,2,4,6,6,1,6,6,5,5,6,5,5,4,3,6,4,5,6,5,5,5,5,6,2,2,4,2,2,3,3,,,7,8,,,4,5,6,3,6,6,3,6,6,2,4,6,6,6,5,6,4,6,6,6,1,2,3,,7,,,4,2,1,1,4,2,1,4,4,5,3,6,7,7,2,7,8,2,4,4,4,4,7,6,8,6,5,6,5,5,5,3,6,2,2,1,2,3,6,6,,,7,6,,,4,4,4,4,4,3,2,1,2,1,4,6,7,7,7,1,2,5,5,5,3,2,2,6,,7,,,b'\x11\xe8\xe1I\xe7\xfb\xe0:\x9a\xbe\x12\xdf\x17\xaeN\x1e'
11E8E149-E7FB-E03A-9ABE-12DF17AE4E1E,2023-ncaa-d3-natl,ncaa,132,171,63,160,71,125,183,166,216,238,208,273,75,116,35,162,31,52,32,52,52,134,135,157,115,124,36,105,43,152,170,250,297,200,241,289,377,224,186,287,218,270,212,143,,,421,426,,,193,144,301,89,165,260,287,314,314,95,166,38,79,80,248,280,198,384,324,335,159,278,246,,414,,,194,331,131,144,166,45,47,195,391,397,308,384,424,425,181,427,429,263,299,252,321,264,428,376,424,285,297,221,170,254,241,175,237,104,119,107,148,121,352,342,,,28,16,,,193,296,126,266,188,219,67,40,15,9,358,345,418,419,420,118,166,201,118,150,121,136,107,324,,48,,,b'\x11\xe8\xe1I\xe7\xfb\xe0:\x9a\xbe\x12\xdf\x17\xaeN\x1e'
11E8E149-E7FB-E03A-9ABE-12DF17AE4E1E,2024-ncaa-d3-conf-SAA,ncaa,2,2,3,2,4,5,6,5,6,7,7,6,3,2,7,2,2,2,1,2,3,4,4,6,5,5,1,3,1,8,8,7,5,8,8,8,8,6,6,8,1,1,6,6,,,8,8,,,4,3,4,5,6,8,7,8,7,4,2,2,3,3,7,5,8,8,8,8,6,1,6,,8,,,4,2,1,1,4,1,1,5,3,5,3,6,8,8,5,8,8,1,5,4,4,3,7,4,8,2,5,7,8,6,8,3,5,1,1,1,6,6,8,7,,,2,1,,,4,6,7,1,4,3,1,1,1,1,3,3,7,7,7,2,5,2,6,4,3,1,6,6,,3,,,b'\x11\xe8\xe1I\xe7\xfb\xe0:\x9a\xbe\x12\xdf\x17\xaeN\x1e'
11E8E149-E7FB-E03A-9ABE-12DF17AE4E1E,2024-ncaa-d3-natl,ncaa,110,115,112,119,143,189,270,295,233,330,368,228,96,97,141,66,26,53,12,56,11,257,242,180,118,156,12,82,20,289,276,373,319,350,338,335,383,283,298,345,69,62,353,290,,,409,425,,,166,211,297,152,231,322,376,375,407,102,104,20,56,60,332,325,319,424,410,370,254,74,367,,415,,,167,153,83,43,267,68,26,353,201,249,132,360,397,403,226,405,427,70,194,287,334,150,396,243,415,178,319,190,276,183,338,124,240,37,14,26,198,203,328,398,,,12,2,,,166,208,190,141,170,121,60,8,51,2,179,224,394,396,401,29,127,151,145,138,106,29,165,313,,7,,,b'\x11\xe8\xe1I\xe7\xfb\xe0:\x9a\xbe\x12\xdf\x17\xaeN\x1e'
11E8E149-E7FB-E03A-9ABE-12DF17AE4E1E,2025-ncaa-d3-conf-SAA,genius_ncaa,3,3,3,3,5,5,5,3,4,5,4,5,4,5,3,3,6,6,3,6,6,6,7,4,6,4,5,2,6,4,2,6,3,6,4,5,5,2,4,3,1,1,7,3,,,3,5,,1,2,7,6,3,5,4,2,4,4,3,4,6,6,6,6,6,3,5,5,5,3,1,7,,3,,2,2,1,1,1,1,1,1,2,6,6,5,7,3,4,1,4,7,1,1,2,3,1,7,7,6,2,3,1,2,1,4,2,7,2,1,1,2,3,6,5,,,6,5,,1,2,1,4,1,3,1,1,1,1,1,6,6,3,4,4,1,1,3,2,2,3,1,3,6,,5,,1,b'\x11\xe8\xe1I\xe7\xfb\xe0:\x9a\xbe\x12\xdf\x17\xaeN\x1e'
11E8E149-E7FB-E03A-9ABE-12DF17AE4E1E,2025-ncaa-d3-natl,genius_ncaa,82,75,116,87,163,190,232,247,223,216,221,200,250,248,249,260,50,69,68,65,56,207,183,231,178,213,166,282,29,191,136,249,151,233,137,306,363,273,272,320,76,65,314,244,,,325,368,,360,107,185,247,248,221,273,318,254,262,274,272,47,80,80,266,241,223,307,282,344,243,79,330,,328,,354,106,58,28,51,55,16,19,98,267,333,124,393,303,345,78,342,413,69,187,98,132,46,414,375,389,112,151,101,136,88,137,94,296,50,22,29,213,204,141,148,,,26,8,,1,107,222,214,42,109,46,19,15,7,4,243,310,299,330,327,25,119,101,76,62,82,45,189,113,,15,,1,b'\x11\xe8\xe1I\xe7\xfb\xe0:\x9a\xbe\x12\xdf\x17\xaeN\x1e'
11E8E149-E7FB-E03A-9ABE-12DF17AE4E1E,2026-ncaa-d3-conf-SAA,genius_ncaa,3,3,1,3,1,1,1,1,2,1,1,2,3,1,3,3,1,1,3,1,3,1,1,2,3,2,3,3,3,1,1,1,2,1,2,2,3,3,1,2,1,2,1,1,,,3,3,,2,3,1,2,1,3,2,1,1,1,3,3,3,3,3,1,2,1,3,2,3,2,2,1,,3,,2,3,3,3,3,3,1,3,1,3,3,3,3,3,3,3,3,3,3,3,3,3,3,3,3,3,2,2,3,1,3,2,3,3,1,1,3,3,2,2,2,,,1,3,,1,3,3,2,3,3,3,1,1,1,1,3,3,3,3,2,1,1,1,3,3,3,1,2,2,,3,,1,b'\x11\xe8\xe1I\xe7\xfb\xe0:\x9a\xbe\x12\xdf\x17\xaeN\x1e'
11E8E149-E7FB-E03A-9ABE-12DF17AE4E1E,2026-ncaa-d3-natl,genius_ncaa,98,200,42,183,47,124,105,126,151,66,96,113,244,191,307,286,123,102,265,100,185,118,110,188,200,218,333,330,213,71,97,108,250,91,165,219,370,304,231,294,76,123,178,154,,,377,354,,306,126,123,358,66,252,229,307,145,222,326,302,217,215,212,306,311,149,245,202,337,199,142,249,,329,,251,149,225,162,256,26,64,133,27,390,394,265,407,292,337,98,324,375,272,314,96,99,60,413,407,309,328,250,255,97,294,165,269,373,44,63,100,330,292,180,112,,,78,105,,98,126,308,195,80,124,55,22,68,7,10,357,374,199,238,218,84,135,227,97,146,167,84,264,103,,162,,148,b'\x11\xe8\xe1I\xe7\xfb\xe0:\x9a\xbe\x12\xdf\x17\xaeN\x1e'
11E8E149-E800-320C-9ABE-12DF17AE4E1E,2018-ncaa-d3-conf-PAC,ncaa,6,6,1,6,3,6,6,6,6,6,6,6,9,10,6,10,3,1,5,2,4,6,6,6,6,6,9,10,3,6,5,3,2,6,3,5,4,9,8,7,5,6,8,6,,,8,8,,,6,5,9,3,6,6,8,6,7,10,10,3,1,2,7,8,7,3,6,5,9,6,8,,6,,,6,5,6,7,5,3,3,6,10,10,3,10,8,8,4,8,8,6,3,5,5,5,8,9,7,2,2,3,5,2,3,7,8,6,6,6,8,8,3,2,,,3,2,,,6,5,6,5,6,5,5,5,3,2,7,10,7,7,7,5,1,2,3,2,6,7,7,3,,3,,,b'\x11\xe8\xe1I\xe8\x002\x0c\x9a\xbe\x12\xdf\x17\xaeN\x1e'
11E8E149-E800-320C-9ABE-12DF17AE4E1E,2018-ncaa-d3-natl,ncaa,218,279,68,252,107,206,231,314,141,175,200,163,329,365,198,362,70,71,157,71,71,263,170,177,138,248,276,361,40,192,105,171,80,175,58,154,73,407,397,300,179,190,302,284,,,335,363,,,296,168,333,303,288,317,427,249,305,362,394,84,107,106,407,335,259,286,288,200,372,233,332,,267,,,288,354,305,204,328,208,109,352,405,379,348,392,341,332,322,334,384,244,228,369,380,372,397,373,278,83,80,71,105,61,58,374,371,243,259,357,408,396,228,215,,,68,44,,,296,275,249,332,290,245,201,87,128,43,366,329,294,257,264,106,54,49,19,18,306,342,372,179,,104,,,b'\x11\xe8\xe1I\xe8\x002\x0c\x9a\xbe\x12\xdf\x17\xaeN\x1e'
11E8E149-E800-320C-9ABE-12DF17AE4E1E,2019-ncaa-d3-conf-PAC,ncaa,4,4,6,4,8,8,8,9,5,6,7,5,8,8,8,7,2,3,2,3,2,9,9,6,5,6,5,8,1,3,2,6,2,7,1,8,6,6,8,8,9,9,6,4,,,4,7,,,6,9,9,9,8,9,9,6,7,9,8,2,2,2,9,9,4,7,5,8,7,9,5,,6,,,6,3,3,2,4,3,1,5,7,5,6,9,6,5,6,6,8,2,1,4,4,6,8,8,8,2,2,1,2,1,1,2,1,8,8,6,2,5,7,8,,,3,1,,,6,1,5,6,6,4,4,3,4,1,7,7,6,6,6,4,1,3,1,1,2,8,3,7,,1,,,b'\x11\xe8\xe1I\xe8\x002\x0c\x9a\xbe\x12\xdf\x17\xaeN\x1e'
11E8E149-E800-320C-9ABE-12DF17AE4E1E,2019-ncaa-d3-natl,ncaa,206,219,215,219,286,300,324,374,221,295,351,192,311,313,296,253,131,184,60,185,75,362,352,239,180,239,193,298,36,188,80,223,97,216,59,289,190,264,343,309,381,366,270,191,,,192,339,,,252,376,417,319,321,357,415,314,364,323,324,98,158,155,405,399,169,196,167,305,273,395,269,,210,,,251,136,108,99,173,73,44,276,282,345,131,395,271,218,370,235,384,100,65,223,251,325,380,343,306,69,97,49,80,42,59,146,232,394,379,348,170,249,215,303,,,196,64,,,252,71,204,306,244,159,127,94,102,34,296,356,274,231,244,106,26,89,48,47,157,414,178,231,,155,,,b'\x11\xe8\xe1I\xe8\x002\x0c\x9a\xbe\x12\xdf\x17\xaeN\x1e'
11E8E149-E800-320C-9ABE-12DF17AE4E1E,2020-ncaa-d3-conf-PAC,ncaa,7,7,6,7,7,8,8,8,7,8,8,8,9,9,3,4,6,7,4,7,4,8,8,7,7,7,3,4,3,8,7,8,5,8,5,8,4,7,8,8,9,9,7,5,,,4,9,,,7,8,9,4,8,8,8,8,7,8,9,5,5,5,8,8,8,8,8,8,7,9,7,,6,,,7,6,5,3,8,5,1,9,7,8,5,8,5,6,4,6,9,3,1,8,8,9,6,7,4,1,5,1,7,1,5,7,5,9,9,8,6,7,4,7,,,8,5,,,7,2,7,8,7,6,6,4,5,2,8,8,6,6,6,5,1,2,1,1,7,9,6,4,,8,,,b'\x11\xe8\xe1I\xe8\x002\x0c\x9a\xbe\x12\xdf\x17\xaeN\x1e'
11E8E149-E800-320C-9ABE-12DF17AE4E1E,2020-ncaa-d3-natl,ncaa,367,368,327,370,349,376,388,406,324,395,396,347,262,286,183,147,265,289,192,287,67,397,382,301,274,345,61,125,71,342,246,369,202,373,222,392,324,345,408,404,417,410,302,255,,,141,316,,,378,386,363,214,383,396,421,400,407,230,252,223,253,246,417,372,341,357,364,402,370,415,296,,222,,,375,262,258,87,399,200,49,413,351,317,321,386,191,180,276,184,336,85,40,406,409,424,308,337,160,69,202,39,246,34,222,253,218,413,397,405,313,376,213,365,,,344,218,,,378,47,349,409,387,332,322,188,269,69,373,360,250,243,246,195,64,109,78,75,301,420,349,261,,322,,,b'\x11\xe8\xe1I\xe8\x002\x0c\x9a\xbe\x12\xdf\x17\xaeN\x1e'
11E8E149-E800-320C-9ABE-12DF17AE4E1E,2021-ncaa-d3-conf-PAC,ncaa,5,6,3,6,6,6,6,9,5,7,10,4,2,3,2,3,2,4,1,4,1,7,8,3,2,3,1,2,2,10,8,7,5,8,6,7,6,4,7,6,9,8,4,3,,,9,9,,,5,7,9,6,6,7,10,9,10,2,3,1,3,2,9,10,10,8,9,7,4,8,4,,9,,,5,4,4,5,6,6,4,4,6,5,7,6,7,9,4,9,9,5,4,6,6,7,7,7,7,6,5,2,8,2,6,6,7,8,7,7,2,4,2,8,,,1,1,,,5,4,4,7,5,5,5,4,4,2,7,5,8,9,9,4,3,5,2,3,6,9,1,2,,1,,,b'\x11\xe8\xe1I\xe8\x002\x0c\x9a\xbe\x12\xdf\x17\xaeN\x1e'
11E8E149-E800-320C-9ABE-12DF17AE4E1E,2021-ncaa-d3-natl,ncaa,128,183,112,164,130,112,130,151,86,158,194,55,46,67,56,17,88,109,30,105,8,143,142,38,27,60,10,18,85,172,188,129,196,151,152,136,167,166,203,174,141,187,77,61,,,184,217,,,137,136,167,110,98,158,243,242,280,23,34,64,112,109,237,214,247,163,221,163,168,185,70,,208,,,138,174,164,166,151,153,146,146,199,191,181,230,171,182,71,181,195,165,155,176,155,188,212,222,127,182,196,124,188,139,152,188,202,148,193,209,158,180,125,219,,,92,26,,,137,150,81,194,134,163,158,171,125,101,226,229,162,185,178,170,143,192,43,86,194,190,150,108,,63,,,b'\x11\xe8\xe1I\xe8\x002\x0c\x9a\xbe\x12\xdf\x17\xaeN\x1e'
11E8E149-E800-320C-9ABE-12DF17AE4E1E,2022-ncaa-d3-conf-PAC,ncaa,5,5,6,5,6,6,8,9,4,7,9,5,4,5,4,3,1,2,1,2,1,7,9,4,3,3,1,5,1,9,6,7,2,9,4,8,10,1,2,6,7,7,5,3,,,5,9,,,5,9,10,4,6,8,10,8,10,4,3,1,1,1,8,10,8,9,10,9,1,8,5,,5,,,5,3,3,2,7,3,1,7,6,4,6,7,5,5,2,5,10,3,2,7,7,7,8,7,6,1,2,1,6,1,4,1,1,6,5,4,1,1,7,9,,,1,1,,,5,3,4,6,5,4,3,2,4,1,4,3,5,5,5,3,1,1,2,1,2,6,1,6,,1,,,b'\x11\xe8\xe1I\xe8\x002\x0c\x9a\xbe\x12\xdf\x17\xaeN\x1e'
11E8E149-E800-320C-9ABE-12DF17AE4E1E,2022-ncaa-d3-natl,ncaa,168,156,250,168,285,226,269,323,190,293,347,153,148,160,171,109,71,130,30,131,24,302,336,164,106,90,61,150,30,301,218,300,86,301,133,362,412,41,82,255,332,305,184,99,,,100,212,,,140,341,390,290,188,281,357,312,376,133,136,30,81,80,315,396,299,300,310,383,39,345,159,,105,,,141,71,75,74,197,79,62,232,192,206,184,322,95,121,84,120,283,72,74,209,191,210,282,307,185,45,86,77,218,51,133,38,55,307,241,126,65,131,254,355,,,144,16,,,140,95,100,166,128,90,100,61,96,41,213,232,115,151,157,54,31,48,77,52,49,313,73,276,,76,,,b'\x11\xe8\xe1I\xe8\x002\x0c\x9a\xbe\x12\xdf\x17\xaeN\x1e'
11E8E149-E800-320C-9ABE-12DF17AE4E1E,2023-ncaa-d3-conf-PAC,ncaa,7,7,5,7,5,8,8,7,7,8,9,8,4,3,4,3,5,6,1,6,4,7,9,6,6,7,3,3,5,11,10,7,5,11,6,8,11,6,7,8,5,5,8,9,,,4,3,,,6,5,6,3,7,8,9,7,9,4,3,6,7,8,9,8,11,7,11,8,7,5,8,,3,,,6,5,7,4,7,7,10,7,1,1,6,2,2,4,1,3,2,4,4,6,5,5,1,3,3,4,5,4,10,4,6,4,2,6,5,5,5,5,9,9,,,7,5,,,6,7,8,6,6,6,7,7,7,8,2,1,2,3,3,7,5,4,5,5,5,6,5,9,,6,,,b'\x11\xe8\xe1I\xe8\x002\x0c\x9a\xbe\x12\xdf\x17\xaeN\x1e'
11E8E149-E800-320C-9ABE-12DF17AE4E1E,2023-ncaa-d3-natl,ncaa,270,325,109,298,162,224,229,164,309,281,259,304,95,73,206,84,252,266,229,263,209,183,158,270,277,276,75,62,266,267,329,116,200,182,287,316,392,275,248,337,154,195,240,293,,,129,62,,,267,124,158,288,277,282,194,333,324,102,82,296,311,312,224,218,312,125,220,358,249,175,260,,69,,,265,275,343,367,215,365,377,222,200,248,117,169,91,140,31,132,64,340,312,181,130,181,54,162,58,287,200,361,329,347,287,246,102,202,284,229,269,250,387,394,,,194,219,,,267,306,291,182,258,224,298,327,324,349,173,203,52,101,93,292,256,242,316,296,206,255,242,379,,233,,,b'\x11\xe8\xe1I\xe8\x002\x0c\x9a\xbe\x12\xdf\x17\xaeN\x1e'
11E8E149-E800-320C-9ABE-12DF17AE4E1E,2024-ncaa-d3-conf-PAC,ncaa,3,3,2,3,3,4,5,5,3,8,9,3,3,4,2,5,2,3,2,3,1,4,4,3,3,3,3,4,1,9,9,10,6,10,7,6,11,3,3,6,3,3,9,9,,,7,6,,,4,4,9,5,4,6,9,8,10,4,5,2,3,3,8,10,9,11,10,9,2,3,10,,3,,,5,8,8,6,10,8,6,10,9,8,9,8,4,4,7,4,3,6,7,9,9,8,5,8,3,3,6,4,9,4,7,6,3,3,3,7,6,7,7,8,,,1,1,,,4,8,3,8,4,7,7,3,7,4,8,5,3,2,2,3,2,2,2,2,6,3,4,6,,1,,,b'\x11\xe8\xe1I\xe8\x002\x0c\x9a\xbe\x12\xdf\x17\xaeN\x1e'
11E8E149-E800-320C-9ABE-12DF17AE4E1E,2024-ncaa-d3-natl,ncaa,162,185,112,178,170,109,140,150,125,217,285,113,34,61,51,58,116,154,116,153,77,145,207,74,69,57,52,49,220,245,261,315,194,292,265,174,293,65,65,105,148,142,258,264,,,146,139,,,161,184,232,244,82,133,170,239,344,30,53,127,164,170,163,278,276,379,364,191,56,162,278,,122,,,163,328,346,233,375,324,192,378,345,290,331,301,144,122,304,112,124,205,216,379,372,350,177,278,81,116,194,241,261,184,265,303,206,193,189,266,181,181,328,362,,,140,89,,,161,254,70,320,157,285,315,187,287,152,312,271,114,93,88,145,152,97,195,141,272,222,155,313,,146,,,b'\x11\xe8\xe1I\xe8\x002\x0c\x9a\xbe\x12\xdf\x17\xaeN\x1e'
11E8E149-E800-320C-9ABE-12DF17AE4E1E,2025-ncaa-d3-conf-PAC,genius_ncaa,6,6,3,6,5,5,6,8,4,6,7,3,7,6,7,5,3,4,2,7,5,8,9,4,3,4,6,8,3,7,6,8,6,8,5,6,7,6,6,5,6,5,3,3,,,4,6,,1,5,9,9,11,5,6,9,7,9,8,6,2,6,6,9,10,8,8,8,6,4,6,4,,4,,1,5,6,6,3,6,5,4,5,8,6,9,5,7,5,7,5,7,3,3,6,6,6,8,10,6,6,6,2,6,3,5,4,3,5,5,5,4,4,3,3,,,3,2,,1,5,3,4,6,5,5,5,4,5,4,8,5,6,5,5,4,2,6,2,2,4,4,4,3,,5,,1,b'\x11\xe8\xe1I\xe8\x002\x0c\x9a\xbe\x12\xdf\x17\xaeN\x1e'
11E8E149-E800-320C-9ABE-12DF17AE4E1E,2025-ncaa-d3-natl,genius_ncaa,217,215,192,221,244,141,135,174,101,142,221,63,132,129,186,127,196,250,53,258,252,186,219,97,97,87,208,181,284,232,246,142,186,180,202,144,219,102,108,115,183,175,83,77,,,60,41,,17,146,224,187,211,88,82,116,114,206,121,113,178,252,263,134,196,228,98,146,114,120,173,68,,37,,14,142,215,245,237,216,204,212,185,295,267,309,259,120,121,207,119,119,211,205,235,215,230,233,317,119,233,186,214,246,224,202,121,66,210,215,163,146,163,240,243,,,271,282,,68,146,200,100,232,139,227,258,263,215,218,299,270,122,121,119,237,242,237,232,230,131,203,164,254,,276,,58,b'\x11\xe8\xe1I\xe8\x002\x0c\x9a\xbe\x12\xdf\x17\xaeN\x1e'
11E8E149-E800-320C-9ABE-12DF17AE4E1E,2026-ncaa-d3-conf-PAC,genius_ncaa,5,5,1,5,3,8,11,12,7,10,12,7,9,10,8,7,2,2,8,1,1,11,5,8,6,8,3,10,1,3,1,5,11,5,4,8,2,12,12,11,8,9,3,4,,,9,9,,3,5,8,9,3,8,11,12,10,12,9,10,2,2,1,11,5,3,5,5,8,12,8,3,,9,,3,5,2,1,6,1,2,7,1,3,2,5,3,9,8,10,8,7,5,7,2,2,1,10,6,11,11,11,1,1,4,4,7,12,6,6,9,12,12,7,11,,,1,1,,2,5,2,8,2,6,2,1,6,2,7,3,2,9,8,8,5,7,11,1,4,7,6,12,7,,1,,2,b'\x11\xe8\xe1I\xe8\x002\x0c\x9a\xbe\x12\xdf\x17\xaeN\x1e'
11E8E149-E800-320C-9ABE-12DF17AE4E1E,2026-ncaa-d3-natl,genius_ncaa,225,268,116,265,209,186,220,246,189,234,273,150,170,168,227,160,37,53,111,53,16,218,160,181,134,245,78,218,23,239,228,143,352,173,271,99,14,364,372,271,259,343,58,101,,,325,268,,324,221,145,118,398,226,297,375,297,369,219,207,35,43,43,324,181,291,152,224,109,366,300,62,,328,,324,222,249,237,318,60,236,308,79,225,311,82,227,299,268,320,288,210,317,303,53,64,111,231,176,290,377,352,192,228,284,271,263,266,177,274,236,378,383,242,313,,,66,35,,30,221,271,256,178,222,225,194,347,198,308,193,302,302,244,281,340,334,370,110,278,245,207,381,229,,32,,37,b'\x11\xe8\xe1I\xe8\x002\x0c\x9a\xbe\x12\xdf\x17\xaeN\x1e'
11E8E149-E804-5378-9ABE-12DF17AE4E1E,2018-ncaa-d3-conf-UMAC,ncaa,2,2,1,2,1,1,2,2,3,2,2,3,4,4,1,6,1,1,1,1,3,2,2,3,2,1,5,5,3,3,3,2,3,2,2,3,6,2,1,3,3,5,6,6,,,7,3,,,2,1,1,2,1,2,3,2,3,4,5,1,1,1,3,3,4,3,3,3,1,5,6,,5,,,2,9,9,9,5,8,8,5,8,9,4,8,6,6,7,6,3,9,9,5,5,5,6,7,4,7,3,8,3,8,2,9,7,2,5,5,4,2,3,2,,,1,3,,,2,9,2,4,2,6,6,8,4,5,8,9,4,4,4,7,8,5,4,3,7,4,2,3,,2,,,b'\x11\xe8\xe1I\xe8\x04Sx\x9a\xbe\x12\xdf\x17\xaeN\x1e'
11E8E149-E804-5378-9ABE-12DF17AE4E1E,2018-ncaa-d3-natl,ncaa,114,68,305,86,341,136,179,222,130,159,210,97,230,222,240,246,35,60,21,58,53,181,225,138,84,77,189,297,35,199,144,249,253,237,183,154,170,108,108,108,143,137,302,279,,,132,123,,,120,230,83,281,41,87,110,82,135,199,177,5,26,25,63,92,156,152,134,96,155,115,295,,186,,,113,173,183,181,195,163,92,320,288,371,66,406,161,147,245,147,253,171,218,227,214,181,266,314,181,240,253,115,144,148,183,350,414,146,138,243,170,181,107,106,,,145,104,,,120,218,75,189,123,260,262,310,225,159,313,409,195,188,187,296,348,302,181,222,358,108,223,127,,50,,,b'\x11\xe8\xe1I\xe8\x04Sx\x9a\xbe\x12\xdf\x17\xaeN\x1e'
11E8E149-E804-5378-9ABE-12DF17AE4E1E,2019-ncaa-d3-conf-UMAC,ncaa,1,1,1,1,3,1,1,2,2,3,2,3,1,3,2,5,1,1,2,1,1,1,1,1,1,1,3,4,3,2,2,1,7,1,2,3,4,4,2,4,3,4,4,6,,,3,1,,,2,1,4,3,1,1,3,3,5,1,4,1,1,1,1,3,2,1,1,3,3,4,5,,2,,,2,5,5,9,3,5,9,3,5,7,3,7,1,1,2,1,1,9,9,3,1,2,2,7,1,9,7,4,2,7,2,6,2,3,3,3,5,3,7,6,,,1,2,,,2,9,1,3,2,4,4,7,4,6,5,6,1,1,1,4,8,8,2,5,4,3,4,7,,1,,,b'\x11\xe8\xe1I\xe8\x04Sx\x9a\xbe\x12\xdf\x17\xaeN\x1e'
11E8E149-E804-5378-9ABE-12DF17AE4E1E,2019-ncaa-d3-natl,ncaa,53,29,129,41,180,48,73,139,54,109,184,56,83,116,54,182,20,48,20,52,66,108,119,44,27,31,118,184,90,143,109,148,305,140,155,73,134,216,146,79,118,158,216,233,,,121,53,,,50,121,108,239,26,54,134,96,214,85,128,9,41,45,92,113,159,154,137,60,183,131,223,,85,,,47,207,239,358,108,217,274,157,297,388,73,358,127,115,265,113,97,333,351,113,91,86,226,308,112,377,305,137,109,237,155,288,284,93,130,150,229,175,349,317,,,37,31,,,50,326,31,106,53,172,207,334,189,233,270,367,110,99,100,286,347,349,94,191,261,96,205,326,,15,,,b'\x11\xe8\xe1I\xe8\x04Sx\x9a\xbe\x12\xdf\x17\xaeN\x1e'
11E8E149-E804-5378-9ABE-12DF17AE4E1E,2020-ncaa-d3-conf-UMAC,ncaa,1,1,1,1,3,1,3,5,2,3,6,1,1,3,3,3,1,1,5,1,1,4,3,2,2,2,3,4,1,3,2,2,2,2,1,3,2,6,5,3,4,5,4,4,,,4,4,,,1,3,7,5,1,4,8,5,8,3,3,1,1,1,6,6,5,2,2,3,5,7,4,,2,,,1,3,4,8,3,3,5,2,6,6,5,6,2,2,7,2,1,6,6,3,3,2,5,7,2,3,2,3,2,3,1,4,4,5,5,4,6,5,4,4,,,1,1,,,1,6,2,3,1,1,3,4,2,4,5,5,1,1,1,2,2,2,2,1,2,6,5,4,,1,,,b'\x11\xe8\xe1I\xe8\x04Sx\x9a\xbe\x12\xdf\x17\xaeN\x1e'
11E8E149-E804-5378-9ABE-12DF17AE4E1E,2020-ncaa-d3-natl,ncaa,36,15,126,25,150,68,133,213,61,184,305,43,73,95,86,122,6,13,52,12,5,150,130,40,21,43,53,151,22,121,66,64,65,81,36,79,59,279,241,130,247,282,273,282,,,209,168,,,68,136,176,185,40,119,267,200,352,64,100,5,11,12,161,147,136,42,72,62,258,270,285,,175,,,64,230,284,340,164,283,254,245,258,360,69,318,118,109,199,104,93,291,265,162,131,191,146,264,103,156,65,64,66,84,36,217,159,239,281,251,345,313,285,320,,,19,13,,,68,302,35,166,66,200,241,297,248,225,239,329,100,88,79,241,218,139,47,58,193,265,325,266,,6,,,b'\x11\xe8\xe1I\xe8\x04Sx\x9a\xbe\x12\xdf\x17\xaeN\x1e'
11E8E149-E804-5378-9ABE-12DF17AE4E1E,2021-ncaa-d3-conf-UMAC,ncaa,2,1,4,1,4,3,3,5,1,3,6,1,4,4,2,5,1,1,1,1,1,5,5,1,1,1,5,6,3,4,1,4,1,4,1,3,1,4,4,1,7,6,7,8,,,4,5,,,3,5,9,2,1,1,9,1,7,3,5,1,1,1,6,8,3,3,3,1,2,7,8,,5,,,1,5,5,5,4,4,5,5,6,6,3,9,6,5,9,5,5,5,5,4,6,5,7,6,6,2,1,2,1,2,1,7,9,7,7,6,2,3,3,4,,,3,1,,,3,5,1,5,1,4,4,3,4,1,6,7,5,5,5,2,1,1,1,1,6,8,3,3,,1,,,b'\x11\xe8\xe1I\xe8\x04Sx\x9a\xbe\x12\xdf\x17\xaeN\x1e'
11E8E149-E804-5378-9ABE-12DF17AE4E1E,2021-ncaa-d3-natl,ncaa,35,28,112,33,126,64,66,138,1,60,138,2,96,113,63,138,55,72,52,74,27,129,139,1,1,1,172,186,111,114,25,102,12,109,5,29,6,123,100,9,153,176,225,271,,,139,109,,,30,140,202,88,9,15,206,17,195,86,138,21,36,39,152,193,139,58,84,2,77,198,270,,70,,,31,150,156,152,163,158,135,206,160,177,103,231,167,141,264,136,135,143,137,172,189,208,152,158,149,96,12,91,25,93,5,204,265,170,225,257,126,113,88,57,,,90,31,,,30,145,4,179,29,137,135,109,131,71,167,195,149,105,99,93,35,18,4,5,216,252,97,38,,60,,,b'\x11\xe8\xe1I\xe8\x04Sx\x9a\xbe\x12\xdf\x17\xaeN\x1e'
11E8E149-E804-5378-9ABE-12DF17AE4E1E,2022-ncaa-d3-conf-UMAC,ncaa,1,1,3,1,4,1,1,4,1,1,7,1,1,2,1,3,1,3,1,3,2,3,3,1,1,1,4,4,5,2,2,1,1,1,1,1,1,4,4,1,6,6,6,6,,,4,5,,,1,3,5,4,1,1,5,1,6,1,3,1,1,1,5,4,4,1,1,1,4,7,6,,4,,,1,3,4,5,4,4,8,3,4,3,6,3,3,3,3,3,1,4,4,4,3,4,2,5,3,1,1,1,2,1,1,3,1,6,6,5,3,2,1,3,,,1,1,,,1,6,1,4,1,4,5,5,5,6,4,3,3,3,3,4,3,1,1,1,2,6,2,2,,1,,,b'\x11\xe8\xe1I\xe8\x04Sx\x9a\xbe\x12\xdf\x17\xaeN\x1e'
11E8E149-E804-5378-9ABE-12DF17AE4E1E,2022-ncaa-d3-natl,ncaa,76,95,61,96,83,27,40,161,6,95,297,2,29,43,39,40,16,57,25,57,17,136,111,4,2,8,74,72,186,178,76,67,23,95,16,15,13,332,270,51,338,385,349,371,,,178,117,,,84,99,230,229,17,39,295,124,398,33,55,39,98,98,252,247,245,99,167,10,253,394,386,,77,,,88,389,395,353,330,335,287,298,423,386,402,360,126,97,339,90,53,323,285,362,348,377,298,393,38,74,23,84,76,72,16,360,159,273,348,350,338,291,70,111,,,43,65,,,84,331,8,322,87,293,321,267,233,161,409,340,66,33,28,189,107,31,9,8,273,363,281,34,,82,,,b'\x11\xe8\xe1I\xe8\x04Sx\x9a\xbe\x12\xdf\x17\xaeN\x1e'
11E8E149-E804-5378-9ABE-12DF17AE4E1E,2023-ncaa-d3-conf-UMAC,ncaa,6,6,6,6,6,5,7,8,5,8,8,5,3,5,3,4,1,1,3,1,1,8,8,5,3,3,1,2,1,7,6,5,4,7,6,4,1,2,3,2,7,7,4,4,,,5,5,,,5,7,4,4,4,6,5,8,6,2,4,1,1,1,4,4,6,4,5,2,3,7,4,,5,,,5,4,4,2,6,7,6,7,2,2,2,1,3,3,7,3,3,2,2,5,5,5,1,1,4,3,4,5,6,4,6,5,4,6,3,5,2,2,8,8,,,2,1,,,5,1,3,5,5,6,6,4,8,7,2,2,4,3,3,5,4,4,5,5,6,4,2,8,,1,,,b'\x11\xe8\xe1I\xe8\x04Sx\x9a\xbe\x12\xdf\x17\xaeN\x1e'
11E8E149-E804-5378-9ABE-12DF17AE4E1E,2023-ncaa-d3-natl,ncaa,316,345,185,334,211,230,280,295,254,345,369,257,80,91,92,61,107,152,72,154,32,277,286,181,138,177,17,42,65,352,348,278,179,329,300,190,41,195,255,195,248,248,249,265,,,195,229,,,312,255,251,135,233,308,339,377,396,69,88,76,126,131,315,325,367,310,364,177,210,250,256,,208,,,309,346,374,226,399,369,202,412,291,258,282,270,193,161,317,160,162,203,163,399,393,403,118,216,92,144,179,218,348,183,300,379,330,317,330,387,208,253,329,405,,,145,47,,,312,176,217,379,308,340,355,251,354,197,288,260,198,161,160,223,163,143,241,182,366,340,218,341,,92,,,b'\x11\xe8\xe1I\xe8\x04Sx\x9a\xbe\x12\xdf\x17\xaeN\x1e'
11E8E149-E804-5378-9ABE-12DF17AE4E1E,2024-ncaa-d3-conf-UMAC,ncaa,5,4,6,4,7,5,5,7,4,4,5,3,4,4,3,4,5,4,4,4,4,6,4,3,3,5,4,4,5,3,3,4,2,4,2,4,3,7,7,6,3,3,6,6,,,6,7,,,5,5,1,3,2,2,2,4,5,3,4,4,4,3,2,1,2,1,1,3,7,3,6,,8,,,5,5,5,2,6,5,5,6,2,1,7,2,7,7,7,6,6,2,3,6,6,6,3,2,7,1,2,3,3,2,2,1,1,3,3,2,7,7,7,7,,,4,2,,,5,5,4,6,5,6,6,6,7,7,2,2,8,8,8,7,7,2,5,5,3,3,7,7,,2,,,b'\x11\xe8\xe1I\xe8\x04Sx\x9a\xbe\x12\xdf\x17\xaeN\x1e'
11E8E149-E804-5378-9ABE-12DF17AE4E1E,2024-ncaa-d3-natl,ncaa,318,342,200,333,229,166,172,229,113,213,261,133,96,144,46,131,219,252,113,242,188,237,165,93,94,177,113,104,273,320,327,217,81,275,219,167,191,366,346,272,188,213,312,338,,,325,324,,,327,118,65,133,130,147,202,203,273,81,132,204,253,243,216,117,333,201,282,155,355,177,316,,348,,,325,398,395,276,407,380,267,404,357,253,387,211,347,290,413,280,251,277,261,408,416,407,194,206,192,78,81,223,327,144,219,332,160,241,280,322,359,340,353,370,,,145,135,,,327,310,225,382,319,398,384,314,380,283,356,278,360,301,297,319,297,73,239,156,330,237,347,358,,92,,,b'\x11\xe8\xe1I\xe8\x04Sx\x9a\xbe\x12\xdf\x17\xaeN\x1e'
11E8E149-E804-5378-9ABE-12DF17AE4E1E,2025-ncaa-d3-conf-UMAC,genius_ncaa,3,3,3,3,5,2,2,4,1,1,1,1,5,6,3,7,3,3,6,3,4,4,4,2,2,2,7,6,6,4,2,2,2,3,2,1,2,5,4,3,2,1,5,5,,,6,7,,7,2,3,2,5,2,1,2,1,2,5,6,3,3,3,3,2,4,2,2,1,4,1,5,,7,,7,2,2,4,1,4,6,5,4,1,1,2,1,7,6,7,6,6,1,3,3,3,2,3,1,7,1,2,2,2,1,2,1,1,2,2,1,4,4,1,1,,,4,6,,7,2,6,2,2,2,3,4,2,6,6,1,1,7,5,5,2,3,2,1,2,1,2,4,1,,4,,7,b'\x11\xe8\xe1I\xe8\x04Sx\x9a\xbe\x12\xdf\x17\xaeN\x1e'
11E8E149-E804-5378-9ABE-12DF17AE4E1E,2025-ncaa-d3-natl,genius_ncaa,234,269,116,249,139,125,120,165,63,85,165,37,255,212,309,264,102,68,287,60,99,146,141,104,110,126,324,333,179,223,194,140,55,175,93,164,287,224,186,198,168,186,183,227,,,267,257,,220,181,120,143,154,118,105,180,62,182,279,234,106,78,74,148,155,257,165,217,180,206,189,204,,250,,212,184,322,311,261,288,340,300,302,132,167,123,115,324,276,357,278,235,278,255,258,278,287,102,67,261,64,55,142,194,90,93,108,22,220,266,152,238,205,15,10,,,140,180,,240,181,304,151,235,189,269,268,215,305,263,116,134,319,265,270,228,195,57,100,64,93,268,216,11,,161,,261,b'\x11\xe8\xe1I\xe8\x04Sx\x9a\xbe\x12\xdf\x17\xaeN\x1e'
11E8E149-E804-5378-9ABE-12DF17AE4E1E,2026-ncaa-d3-natl,genius_ncaa,288,397,8,341,21,71,88,112,142,111,146,133,72,90,123,159,52,58,212,57,84,101,68,125,123,192,129,145,168,251,335,63,75,123,192,195,364,372,327,332,347,409,158,283,,,330,203,,347,335,44,323,113,284,294,399,303,379,195,248,193,217,225,390,382,386,305,373,356,248,413,275,,118,,269,308,401,403,386,383,407,394,370,292,295,251,88,368,310,403,311,110,384,354,368,379,396,61,86,166,188,75,313,335,277,192,269,11,240,369,285,356,297,55,23,,,41,79,,146,335,375,231,368,311,299,330,183,359,266,129,74,231,130,133,170,60,37,74,48,88,395,229,6,,194,,217,b'\x11\xe8\xe1I\xe8\x04Sx\x9a\xbe\x12\xdf\x17\xaeN\x1e'
11E8E149-E808-F52C-9ABE-12DF17AE4E1E,2018-ncaa-d3-conf-MIAC,ncaa,4,4,4,4,5,3,3,6,1,2,3,2,2,9,1,10,6,6,9,6,8,6,4,2,2,2,8,8,11,9,8,4,6,6,6,4,12,7,7,7,5,6,1,1,,,11,10,,,3,3,1,9,3,2,7,2,4,2,9,6,5,5,5,5,11,4,7,6,7,5,1,,11,,,3,5,5,7,2,9,12,2,1,1,9,1,11,12,8,12,6,10,11,2,3,4,2,1,12,8,6,4,8,6,6,1,1,2,3,2,6,7,2,2,,,4,3,,,3,10,3,4,3,5,4,6,8,12,2,1,10,10,10,8,12,8,4,6,1,2,7,2,,4,,,"b'\x11\xe8\xe1I\xe8\x08\xf5,\x9a\xbe\x12\xdf\x17\xaeN\x1e'"
11E8E149-E808-F52C-9ABE-12DF17AE4E1E,2018-ncaa-d3-natl,ncaa,89,88,123,93,182,77,81,266,4,113,251,16,78,248,4,244,99,130,97,133,95,236,260,5,5,12,171,146,238,353,298,203,136,282,169,219,407,178,209,207,160,155,10,10,,,374,396,,,72,200,243,303,44,57,347,99,301,90,275,95,132,134,320,351,400,244,362,246,142,176,7,,369,,,66,209,183,151,238,260,349,122,71,15,424,6,369,344,341,346,279,189,233,204,251,218,152,48,389,131,136,81,298,91,169,21,2,146,143,33,176,202,181,183,,,85,17,,,72,259,18,192,58,169,147,95,224,308,54,4,362,345,344,126,149,106,47,61,12,169,146,150,,67,,,"b'\x11\xe8\xe1I\xe8\x08\xf5,\x9a\xbe\x12\xdf\x17\xaeN\x1e'"
11E8E149-E808-F52C-9ABE-12DF17AE4E1E,2019-ncaa-d3-conf-MIAC,ncaa,3,3,1,3,3,1,1,1,2,1,1,2,7,6,9,10,2,1,7,1,10,1,1,2,2,2,12,11,10,2,3,4,2,2,2,1,3,11,6,4,1,1,1,1,,,12,11,,,2,1,1,9,1,1,1,1,1,8,9,3,3,3,1,1,3,8,7,1,9,1,2,,12,,,2,4,2,1,2,2,8,2,2,1,12,1,11,12,1,11,12,5,12,2,2,2,9,4,12,2,2,4,3,3,2,2,2,1,1,1,11,6,7,4,,,1,5,,,2,12,2,2,2,3,2,1,2,4,2,1,9,10,10,3,11,2,2,3,2,1,9,7,,2,,,"b'\x11\xe8\xe1I\xe8\x08\xf5,\x9a\xbe\x12\xdf\x17\xaeN\x1e'"
11E8E149-E808-F52C-9ABE-12DF17AE4E1E,2019-ncaa-d3-natl,ncaa,62,72,67,73,112,26,20,80,5,9,64,4,198,272,110,347,50,29,303,32,124,62,40,12,13,35,391,370,277,169,99,258,41,231,71,38,234,404,319,164,4,1,43,27,,,433,419,,,12,22,28,287,13,10,130,9,80,250,325,70,37,42,85,47,233,380,344,37,365,4,45,,422,,,10,147,74,58,178,65,132,71,168,46,436,48,413,427,134,425,434,106,366,200,266,33,399,208,435,21,41,84,99,42,71,34,61,5,2,1,399,322,215,106,,,24,74,,,12,416,51,14,17,83,30,7,41,51,121,18,380,405,402,18,290,6,30,16,18,4,365,168,,19,,,"b'\x11\xe8\xe1I\xe8\x08\xf5,\x9a\xbe\x12\xdf\x17\xaeN\x1e'"
11E8E149-E808-F52C-9ABE-12DF17AE4E1E,2020-ncaa-d3-conf-MIAC,ncaa,1,1,1,1,4,1,1,2,1,1,1,2,6,9,1,11,2,1,9,1,6,2,1,1,2,2,10,11,7,7,4,7,2,5,2,1,4,11,8,3,1,1,1,1,,,12,12,,,1,1,1,12,1,1,3,1,2,8,10,2,1,1,2,1,8,9,9,1,10,1,1,,11,,,1,3,2,1,4,6,6,3,1,1,2,1,12,12,5,12,11,3,12,2,2,1,5,1,12,2,2,6,4,4,2,1,1,1,1,1,11,7,6,3,,,1,5,,,1,12,4,1,1,2,2,1,3,3,1,1,11,11,11,1,10,1,3,3,1,1,9,6,,1,,,"b'\x11\xe8\xe1I\xe8\x08\xf5,\x9a\xbe\x12\xdf\x17\xaeN\x1e'"
11E8E149-E808-F52C-9ABE-12DF17AE4E1E,2020-ncaa-d3-natl,ncaa,8,4,26,7,53,22,25,108,6,30,96,10,88,182,13,275,50,23,275,22,63,72,46,7,10,27,261,236,247,271,194,311,32,309,127,24,148,389,298,141,3,1,111,78,,,435,436,,,11,23,79,303,26,34,262,41,217,136,261,94,55,54,209,164,359,425,423,34,301,3,147,,426,,,12,172,80,38,291,135,115,247,44,27,310,31,423,421,279,420,425,73,376,262,339,38,290,36,435,19,32,89,194,33,127,25,20,4,1,1,375,300,94,55,,,16,48,,,11,413,59,19,16,49,19,1,69,22,13,6,388,380,377,4,173,5,18,8,8,5,306,56,,39,,,"b'\x11\xe8\xe1I\xe8\x08\xf5,\x9a\xbe\x12\xdf\x17\xaeN\x1e'"
11E8E149-E808-F52C-9ABE-12DF17AE4E1E,2021-ncaa-d3-conf-MIAC,ncaa,3,8,2,4,2,3,2,2,5,3,2,7,3,2,6,9,3,2,9,2,5,2,2,6,6,9,8,6,8,4,7,3,4,4,6,2,3,11,9,4,1,1,1,1,,,10,7,,,4,2,1,4,5,5,6,5,7,7,7,8,4,4,5,2,9,8,9,2,9,1,1,,7,,,4,10,10,9,6,10,10,5,9,7,10,2,11,10,9,10,6,10,10,6,8,4,6,3,8,7,4,10,7,9,6,9,9,1,2,3,11,10,11,9,,,1,7,,,4,10,9,3,4,5,5,2,5,7,3,1,8,8,8,2,9,3,6,5,8,2,10,10,,4,,,"b'\x11\xe8\xe1I\xe8\x08\xf5,\x9a\xbe\x12\xdf\x17\xaeN\x1e'"
11E8E149-E808-F52C-9ABE-12DF17AE4E1E,2021-ncaa-d3-natl,ncaa,128,115,176,125,180,166,163,186,72,150,179,76,160,175,111,176,155,146,193,146,89,186,185,81,85,117,175,171,133,201,212,196,49,200,157,136,53,116,190,109,80,14,72,24,,,133,231,,,128,180,83,110,114,108,190,90,148,149,180,122,91,92,166,138,244,254,260,63,188,19,28,,200,,,130,112,104,87,228,108,101,178,100,77,261,40,160,139,258,136,216,91,101,227,255,191,170,92,247,70,49,96,212,89,157,109,129,133,30,66,143,231,132,198,,,157,57,,,128,105,145,140,139,152,123,24,132,95,103,26,246,203,200,40,99,12,74,32,132,45,231,200,,68,,,"b'\x11\xe8\xe1I\xe8\x08\xf5,\x9a\xbe\x12\xdf\x17\xaeN\x1e'"
11E8E149-E808-F52C-9ABE-12DF17AE4E1E,2022-ncaa-d3-conf-MIAC,ncaa,3,3,1,3,4,1,1,1,1,1,2,2,8,10,4,11,3,2,10,2,5,1,1,3,3,4,11,11,8,6,4,6,2,4,2,1,1,11,10,3,1,1,1,1,,,12,8,,,2,1,1,12,1,1,2,1,2,9,11,3,2,2,1,1,8,8,7,1,11,1,1,,10,,,2,3,3,4,2,5,6,2,1,3,1,2,10,10,4,10,11,7,12,1,1,1,5,2,12,4,2,4,4,4,2,2,3,1,1,1,10,10,12,9,,,5,9,,,2,12,4,1,2,2,2,4,3,6,1,2,9,10,10,5,11,2,2,2,1,1,10,11,,5,,,"b'\x11\xe8\xe1I\xe8\x08\xf5,\x9a\xbe\x12\xdf\x17\xaeN\x1e'"
11E8E149-E808-F52C-9ABE-12DF17AE4E1E,2022-ncaa-d3-natl,ncaa,62,95,32,94,60,48,37,91,16,28,56,37,170,235,70,335,65,36,283,34,153,78,44,33,46,92,329,313,227,265,256,161,57,207,127,38,111,394,305,160,4,5,13,6,,,417,382,,,37,20,69,414,79,59,260,47,142,252,338,134,88,88,223,160,357,349,371,57,299,7,14,,379,,,41,222,160,217,125,222,219,192,63,196,11,149,401,406,170,406,393,265,382,88,136,35,204,35,411,70,57,169,256,122,127,72,51,10,10,2,411,353,383,289,,,54,175,,,37,411,142,16,48,55,39,21,94,58,21,70,345,352,352,46,217,18,27,14,20,16,351,331,,151,,,"b'\x11\xe8\xe1I\xe8\x08\xf5,\x9a\xbe\x12\xdf\x17\xaeN\x1e'"
11E8E149-E808-F52C-9ABE-12DF17AE4E1E,2023-ncaa-d3-conf-MIAC,ncaa,5,5,5,5,5,7,6,5,11,8,6,10,7,6,8,5,7,5,10,5,5,5,3,9,9,9,4,4,6,2,3,10,8,7,6,6,6,11,8,8,2,2,2,3,,,12,12,,,5,5,4,1,7,7,5,9,8,7,6,7,6,6,5,1,2,12,9,7,9,2,1,,12,,,5,4,4,1,10,7,7,4,1,1,12,1,12,12,6,12,12,4,8,10,11,4,6,2,12,3,8,7,3,4,6,4,8,2,2,2,9,6,11,11,,,5,8,,,5,7,8,4,5,5,3,2,6,6,1,1,11,12,12,2,7,4,5,5,4,1,6,11,,7,,,"b'\x11\xe8\xe1I\xe8\x08\xf5,\x9a\xbe\x12\xdf\x17\xaeN\x1e'"
11E8E149-E808-F52C-9ABE-12DF17AE4E1E,2023-ncaa-d3-natl,ncaa,210,247,109,231,120,227,233,250,212,250,294,189,151,151,196,133,205,181,289,184,100,244,243,194,199,230,137,142,170,207,149,396,205,355,243,291,327,252,271,307,53,33,153,113,,,382,420,,,236,248,356,80,281,285,337,296,353,174,177,231,202,206,335,336,226,428,415,323,226,56,168,,375,,,236,223,149,42,386,160,83,330,176,55,422,94,386,379,308,378,412,62,136,384,411,312,318,169,399,59,205,110,149,69,243,97,91,86,41,54,244,260,352,379,,,207,173,,,236,179,223,260,236,173,115,5,126,43,154,35,377,366,365,14,54,44,61,43,81,96,221,344,,250,,,"b'\x11\xe8\xe1I\xe8\x08\xf5,\x9a\xbe\x12\xdf\x17\xaeN\x1e'"
11E8E149-E808-F52C-9ABE-12DF17AE4E1E,2024-ncaa-d3-conf-MIAC,ncaa,4,4,3,4,5,5,4,6,2,2,4,2,8,8,5,10,3,3,4,3,6,6,3,4,4,4,8,10,5,3,2,7,3,3,2,5,8,7,8,6,2,2,1,1,,,11,11,,,3,4,6,6,4,4,6,2,5,8,9,3,4,4,7,4,3,8,5,4,8,2,1,,11,,,3,5,4,2,7,7,6,4,4,2,8,3,10,10,4,11,8,4,6,5,7,3,5,3,9,3,3,2,2,2,2,2,2,3,2,2,7,7,9,7,,,4,4,,,3,7,4,3,3,2,2,2,6,6,4,1,9,10,10,2,3,3,2,2,2,4,8,9,,4,,,"b'\x11\xe8\xe1I\xe8\x08\xf5,\x9a\xbe\x12\xdf\x17\xaeN\x1e'"
11E8E149-E808-F52C-9ABE-12DF17AE4E1E,2024-ncaa-d3-natl,ncaa,142,162,112,157,138,161,182,302,50,133,219,69,278,332,146,336,35,49,70,46,43,262,256,82,50,100,266,341,50,231,100,338,119,323,107,244,345,266,288,265,56,32,78,41,,,386,419,,,137,258,350,118,174,216,384,145,252,306,363,33,53,49,338,344,266,408,381,278,244,60,77,,376,,,140,150,106,46,332,153,105,265,82,31,373,46,377,377,250,379,404,63,118,311,351,249,269,85,402,44,119,33,100,29,107,61,47,97,54,38,286,300,328,326,,,113,51,,,137,166,111,182,137,117,81,9,125,54,66,15,362,366,370,22,42,25,8,7,46,119,260,313,,114,,,"b'\x11\xe8\xe1I\xe8\x08\xf5,\x9a\xbe\x12\xdf\x17\xaeN\x1e'"
11E8E149-E808-F52C-9ABE-12DF17AE4E1E,2025-ncaa-d3-conf-MIAC,genius_ncaa,2,2,1,2,3,1,2,3,1,2,3,3,3,6,2,10,1,1,3,1,1,2,1,1,1,3,8,9,2,2,3,1,3,1,2,2,3,7,6,3,3,3,1,1,,,10,10,,12,2,1,4,12,1,2,8,2,4,5,9,1,1,1,6,4,2,1,1,2,6,4,1,,10,,12,2,4,3,8,3,5,12,2,1,2,3,2,9,11,3,11,9,9,12,2,1,2,3,1,9,7,3,4,3,5,2,7,9,3,3,3,6,4,11,6,,,1,2,,3,2,12,2,2,2,3,3,3,3,8,1,2,8,10,10,3,6,3,2,2,3,3,5,7,,2,,4,"b'\x11\xe8\xe1I\xe8\x08\xf5,\x9a\xbe\x12\xdf\x17\xaeN\x1e'"
11E8E149-E808-F52C-9ABE-12DF17AE4E1E,2025-ncaa-d3-natl,genius_ncaa,30,44,16,43,33,50,74,151,30,72,130,49,132,242,35,296,9,24,59,22,38,117,87,34,23,48,180,267,56,153,111,82,83,106,50,68,125,303,239,153,66,82,5,4,,,397,386,,382,51,71,341,392,120,165,381,152,282,222,333,32,58,58,328,349,285,264,280,126,182,120,8,,315,,346,60,216,155,232,107,214,296,90,81,115,105,70,379,374,300,370,314,276,319,78,136,111,213,64,387,156,83,108,111,104,50,161,182,83,102,92,275,214,334,271,,,11,18,,155,51,341,61,87,54,52,41,24,73,96,35,29,309,276,265,33,51,62,11,20,65,171,171,252,,58,,215,"b'\x11\xe8\xe1I\xe8\x08\xf5,\x9a\xbe\x12\xdf\x17\xaeN\x1e'"
11E8E149-E808-F52C-9ABE-12DF17AE4E1E,2026-ncaa-d3-conf-MIAC,genius_ncaa,1,1,1,1,1,1,1,2,1,1,1,3,3,6,3,10,1,1,3,1,3,1,1,2,2,2,6,8,2,4,5,2,3,2,2,1,3,11,7,4,1,1,3,4,,,10,5,,10,1,1,2,3,2,3,7,2,2,7,10,2,1,1,4,3,6,5,3,2,7,1,4,,4,,9,2,6,9,9,4,11,11,5,2,4,2,4,5,6,1,6,3,10,11,4,1,1,2,2,3,5,3,11,5,9,2,5,3,1,1,1,7,3,8,4,,,1,4,,1,1,12,2,1,2,1,2,2,5,8,2,2,2,4,4,1,5,2,4,3,1,1,4,6,,4,,3,"b'\x11\xe8\xe1I\xe8\x08\xf5,\x9a\xbe\x12\xdf\x17\xaeN\x1e'"
11E8E149-E808-F52C-9ABE-12DF17AE4E1E,2026-ncaa-d3-natl,genius_ncaa,157,21,379,59,382,370,374,392,88,357,388,70,363,383,226,299,279,325,73,327,83,390,387,115,77,141,253,326,71,377,161,387,42,389,78,327,81,66,311,203,184,10,230,73,,,33,280,,130,87,389,214,113,143,175,318,120,230,286,304,49,77,76,277,208,244,238,258,96,288,19,93,,207,,269,36,10,18,14,199,26,23,208,7,9,39,25,16,23,24,23,193,13,25,129,96,19,14,13,200,15,42,21,161,15,78,14,104,294,14,12,83,296,78,211,,,371,107,,98,87,26,163,11,47,16,45,14,138,120,4,6,58,127,133,11,85,26,74,41,48,30,290,200,,124,,21,"b'\x11\xe8\xe1I\xe8\x08\xf5,\x9a\xbe\x12\xdf\x17\xaeN\x1e'"
11E8E149-E80D-38A8-9ABE-12DF17AE4E1E,2018-ncaa-d3-conf-SAA,ncaa,6,6,5,6,5,7,8,6,6,7,7,4,7,5,7,2,6,6,1,6,6,7,7,6,5,5,5,5,2,8,8,4,6,6,6,7,6,3,6,6,7,7,4,5,,,1,1,,,7,7,7,1,7,7,6,6,7,5,4,5,6,6,7,7,8,3,5,7,5,6,4,,1,,,8,5,5,6,3,5,7,4,6,6,5,6,1,1,6,1,1,5,2,5,3,6,3,6,1,7,6,3,8,3,6,5,4,8,8,8,7,7,1,3,,,7,4,,,7,2,7,6,7,6,7,8,5,8,7,7,1,1,1,8,6,8,5,6,5,8,7,2,,7,,,b'\x11\xe8\xe1I\xe8\r8\xa8\x9a\xbe\x12\xdf\x17\xaeN\x1e'
11E8E149-E80D-38A8-9ABE-12DF17AE4E1E,2018-ncaa-d3-natl,ncaa,243,279,123,261,123,241,298,302,281,306,316,272,217,189,277,144,65,156,7,163,75,277,301,272,192,188,89,198,22,380,407,155,287,264,342,345,366,137,201,297,367,397,227,253,,,122,95,,,300,251,407,2,280,356,392,355,379,226,201,53,170,176,372,407,416,177,333,380,112,410,238,,72,,,295,315,287,341,167,215,290,117,371,334,358,292,286,198,441,201,153,328,241,205,233,332,349,351,231,354,287,291,407,323,342,185,107,376,412,337,253,300,195,256,,,107,16,,,300,198,236,345,296,265,236,306,184,255,351,307,258,159,158,286,166,327,253,288,164,419,235,166,,102,,,b'\x11\xe8\xe1I\xe8\r8\xa8\x9a\xbe\x12\xdf\x17\xaeN\x1e'
11E8E149-E80D-38A8-9ABE-12DF17AE4E1E,2019-ncaa-d3-conf-SAA,ncaa,5,5,5,5,6,6,5,6,3,4,4,3,6,7,6,5,8,8,1,8,8,8,7,3,3,4,8,4,8,8,8,5,8,8,8,5,7,3,7,4,4,6,3,3,,,1,1,,,7,6,7,2,6,3,5,2,3,5,5,8,8,8,7,7,8,5,8,5,5,4,3,,1,,,7,5,8,6,6,8,6,5,6,3,6,3,1,1,4,1,1,5,4,5,5,5,2,6,1,8,8,3,8,5,8,6,5,5,5,8,6,8,1,1,,,8,7,,,7,2,6,6,7,6,8,7,8,8,6,4,1,1,1,7,6,8,3,7,6,5,7,1,,8,,,b'\x11\xe8\xe1I\xe8\r8\xa8\x9a\xbe\x12\xdf\x17\xaeN\x1e'
11E8E149-E80D-38A8-9ABE-12DF17AE4E1E,2019-ncaa-d3-natl,ncaa,282,331,129,313,151,316,291,298,290,297,306,275,216,202,247,145,353,376,180,376,365,319,334,281,294,284,215,160,342,376,393,273,372,331,382,335,354,171,259,306,366,389,113,120,,,208,237,,,341,314,411,96,379,352,379,352,357,240,228,390,408,407,406,424,408,347,403,381,146,393,115,,182,,,332,228,266,233,266,248,257,214,276,211,348,194,152,194,67,192,177,220,184,275,238,271,208,267,130,369,372,270,393,331,382,170,91,299,313,254,239,304,42,71,,,351,316,,,341,129,313,331,342,195,237,190,226,215,251,176,138,168,167,177,102,340,237,297,144,349,216,39,,411,,,b'\x11\xe8\xe1I\xe8\r8\xa8\x9a\xbe\x12\xdf\x17\xaeN\x1e'
11E8E149-E80D-38A8-9ABE-12DF17AE4E1E,2020-ncaa-d3-conf-SAA,ncaa,5,4,5,5,5,4,4,3,4,3,2,3,7,7,7,7,6,8,2,8,8,4,4,4,4,5,7,6,7,5,5,6,7,6,6,4,6,5,5,4,2,4,3,3,,,5,4,,,5,4,3,3,4,3,3,2,2,7,7,6,8,8,3,3,5,6,5,4,5,2,3,,5,,,5,5,5,4,5,6,7,5,1,1,2,1,6,6,5,6,4,4,4,5,5,3,1,1,7,7,7,4,5,4,6,1,1,5,4,1,6,6,2,3,,,7,7,,,5,4,5,4,6,5,5,6,7,8,2,2,6,6,6,6,7,8,5,5,2,4,6,4,,6,,,b'\x11\xe8\xe1I\xe8\r8\xa8\x9a\xbe\x12\xdf\x17\xaeN\x1e'
11E8E149-E80D-38A8-9ABE-12DF17AE4E1E,2020-ncaa-d3-natl,ncaa,170,198,126,190,173,209,181,241,121,103,159,77,347,316,364,321,178,195,153,194,256,236,246,174,172,180,377,384,195,271,233,243,307,259,271,281,393,206,235,287,247,262,107,117,,,288,311,,,189,232,306,303,238,208,307,93,196,366,341,196,239,238,309,323,309,300,312,322,187,270,108,,278,,,189,165,162,164,197,252,271,189,50,66,106,49,293,349,62,345,301,196,212,141,147,148,104,44,330,306,307,147,233,225,271,23,5,178,176,29,208,228,124,108,,,143,91,,,189,182,211,190,192,131,144,118,213,241,36,44,274,327,319,149,147,282,111,189,16,193,184,112,,153,,,b'\x11\xe8\xe1I\xe8\r8\xa8\x9a\xbe\x12\xdf\x17\xaeN\x1e'
11E8E149-E80D-38A8-9ABE-12DF17AE4E1E,2021-ncaa-d3-conf-SAA,ncaa,6,6,3,6,4,1,1,1,7,3,1,3,1,1,5,1,1,1,4,1,2,1,1,5,3,3,1,1,2,1,3,6,7,3,7,1,4,5,1,3,1,1,2,4,,,7,6,,,6,1,1,6,1,1,1,2,3,1,1,1,1,1,1,1,1,7,3,1,5,1,3,,7,,,6,7,7,6,7,7,7,7,1,1,6,1,7,7,7,7,3,7,7,7,7,6,1,1,6,7,7,7,3,7,7,7,7,1,1,5,5,1,6,6,,,2,5,,,6,7,2,6,6,7,7,7,7,7,1,1,7,7,7,7,7,7,7,7,7,1,5,6,,1,,,b'\x11\xe8\xe1I\xe8\r8\xa8\x9a\xbe\x12\xdf\x17\xaeN\x1e'
11E8E149-E80D-38A8-9ABE-12DF17AE4E1E,2021-ncaa-d3-natl,ncaa,101,275,14,196,15,2,3,2,196,7,5,135,2,1,165,20,2,2,206,2,9,2,2,157,159,121,19,35,80,2,71,22,269,4,252,9,199,278,34,110,3,73,32,203,,,284,221,,,241,2,1,110,1,3,1,37,17,2,1,2,2,2,1,1,2,167,11,30,234,10,112,,285,,,187,285,285,284,282,285,285,274,184,220,67,3,285,285,141,285,201,284,284,269,271,243,8,4,208,285,269,285,71,285,252,285,145,3,67,163,267,39,276,161,,,2,142,,,241,284,83,252,175,285,283,282,285,285,25,24,283,283,284,284,285,279,283,283,279,3,165,237,,2,,,b'\x11\xe8\xe1I\xe8\r8\xa8\x9a\xbe\x12\xdf\x17\xaeN\x1e'
11E8E149-E80D-38A8-9ABE-12DF17AE4E1E,2022-ncaa-d3-conf-SAA,ncaa,4,3,6,4,7,1,1,1,2,3,4,2,1,1,2,1,5,4,6,4,5,1,1,2,2,2,1,1,8,3,7,8,8,6,8,1,5,4,2,2,1,1,6,8,,,8,6,,,4,1,1,6,1,1,1,1,3,1,1,3,2,2,1,1,1,7,5,1,4,1,6,,8,,,5,8,8,6,8,8,8,8,1,1,8,1,8,8,6,8,3,7,8,8,8,8,1,1,6,7,8,8,7,8,8,8,6,1,2,4,2,1,7,5,,,7,8,,,4,8,2,8,4,8,8,8,8,8,1,1,8,8,8,8,8,8,8,8,8,1,3,7,,3,,,b'\x11\xe8\xe1I\xe8\r8\xa8\x9a\xbe\x12\xdf\x17\xaeN\x1e'
11E8E149-E80D-38A8-9ABE-12DF17AE4E1E,2022-ncaa-d3-natl,ncaa,190,156,300,181,323,20,43,12,249,128,206,67,14,4,288,17,9,4,255,4,7,8,9,184,182,128,25,40,160,39,254,367,416,238,406,113,331,258,37,153,8,18,310,390,,,429,384,,,222,9,1,235,1,4,1,46,94,4,1,1,1,1,1,1,4,374,114,41,322,3,310,,429,,,222,427,426,327,429,429,425,426,11,7,356,1,428,429,222,429,365,396,421,425,428,347,3,1,380,388,416,424,254,421,406,379,59,5,11,36,111,11,221,215,,,60,327,,,222,421,123,335,227,429,429,411,429,429,7,1,429,429,429,426,429,398,428,426,392,1,176,280,,3,,,b'\x11\xe8\xe1I\xe8\r8\xa8\x9a\xbe\x12\xdf\x17\xaeN\x1e'
11E8E149-E80D-38A8-9ABE-12DF17AE4E1E,2023-ncaa-d3-conf-SAA,ncaa,6,6,5,6,7,1,1,1,5,3,2,5,1,1,4,2,1,4,5,4,3,1,1,4,6,2,3,2,7,1,2,8,8,3,7,2,5,3,1,2,1,1,8,8,,,8,7,,,5,1,1,5,1,1,1,1,1,1,1,1,2,2,1,1,1,8,2,1,4,1,8,,8,,,5,8,8,8,8,8,8,8,1,1,5,1,8,8,1,8,5,8,8,8,8,6,1,1,4,8,8,8,2,8,7,8,5,1,1,3,3,1,6,5,,,5,8,,,5,8,1,6,5,8,8,8,8,8,1,1,8,8,8,8,8,8,8,8,8,1,3,7,,3,,,b'\x11\xe8\xe1I\xe8\r8\xa8\x9a\xbe\x12\xdf\x17\xaeN\x1e'
11E8E149-E80D-38A8-9ABE-12DF17AE4E1E,2023-ncaa-d3-natl,ncaa,188,223,109,207,154,3,7,1,209,25,21,102,8,1,260,41,1,1,190,1,29,1,1,156,143,89,51,97,108,2,49,329,418,40,364,38,335,329,19,108,3,10,338,407,,,429,364,,,153,1,1,256,1,1,1,9,12,2,1,1,1,1,1,1,2,413,20,26,291,2,364,,429,,,157,429,429,422,429,429,429,429,65,48,228,1,429,429,118,429,370,428,429,429,429,362,5,1,327,420,418,427,49,426,364,425,201,3,13,90,279,28,329,154,,,5,302,,,153,429,48,356,175,429,428,411,429,427,44,27,428,428,428,425,429,410,427,423,417,2,248,317,,2,,,b'\x11\xe8\xe1I\xe8\r8\xa8\x9a\xbe\x12\xdf\x17\xaeN\x1e'
11E8E149-E80D-38A8-9ABE-12DF17AE4E1E,2024-ncaa-d3-conf-SAA,ncaa,7,7,5,7,7,8,7,7,7,5,4,7,8,8,8,8,6,6,6,6,5,7,8,8,8,8,8,8,5,6,7,8,6,7,6,7,7,2,5,6,5,5,7,7,,,1,4,,,8,8,8,4,8,6,5,5,2,8,8,6,5,5,5,7,5,7,7,7,4,5,7,,4,,,8,6,6,3,7,6,3,7,6,4,7,4,3,3,7,2,5,2,1,7,8,7,4,6,2,4,6,4,7,4,6,7,8,6,5,7,3,4,1,3,,,5,4,,,8,2,8,6,8,6,6,3,6,4,6,5,5,5,5,3,2,4,5,6,7,6,4,2,,4,,,b'\x11\xe8\xe1I\xe8\r8\xa8\x9a\xbe\x12\xdf\x17\xaeN\x1e'
11E8E149-E80D-38A8-9ABE-12DF17AE4E1E,2024-ncaa-d3-natl,ncaa,353,361,296,355,310,297,306,340,244,255,246,243,359,359,348,343,140,133,248,125,85,313,345,284,255,242,301,361,53,277,231,389,345,362,322,379,413,113,205,332,320,289,392,381,,,178,315,,,338,356,339,119,291,297,334,215,186,359,356,91,71,67,285,323,246,415,382,383,165,312,393,,257,,,339,268,224,70,386,206,62,386,300,179,380,290,306,253,409,245,349,75,78,395,411,392,309,276,294,172,345,109,231,121,322,286,308,308,247,332,80,145,101,118,,,156,24,,,338,67,252,390,344,334,294,111,251,96,338,256,350,297,289,139,116,230,178,199,321,274,114,121,,58,,,b'\x11\xe8\xe1I\xe8\r8\xa8\x9a\xbe\x12\xdf\x17\xaeN\x1e'
11E8E149-E811-6F36-9ABE-12DF17AE4E1E,2018-ncaa-d3-conf-SLIAC,ncaa,9,9,5,9,6,8,8,6,9,6,4,9,9,9,9,9,6,6,7,6,9,6,4,9,9,9,9,9,2,2,3,7,8,5,5,9,9,9,9,9,6,6,4,4,,,7,8,,,9,5,3,3,8,8,6,6,3,9,9,6,6,6,6,2,2,6,4,9,9,6,4,,8,,,9,8,8,7,9,8,7,8,6,1,9,1,8,9,4,9,8,7,6,8,8,8,2,2,8,7,8,6,3,6,5,7,2,7,7,7,9,9,2,2,,,5,8,,,9,6,9,8,9,8,9,8,9,9,7,3,8,9,9,8,8,7,7,7,8,6,9,2,,4,,,b'\x11\xe8\xe1I\xe8\x11o6\x9a\xbe\x12\xdf\x17\xaeN\x1e'
11E8E149-E811-6F36-9ABE-12DF17AE4E1E,2018-ncaa-d3-natl,ncaa,433,411,412,433,417,406,399,387,390,369,312,378,405,385,425,347,345,341,315,341,292,386,355,405,402,412,352,386,102,232,153,408,308,381,266,424,440,379,416,429,353,321,235,194,,,266,398,,,430,376,42,112,373,358,157,270,86,404,332,245,184,183,146,37,70,270,138,425,428,252,151,,431,,,429,343,299,55,435,265,88,421,316,112,444,159,375,374,217,376,419,87,59,437,441,442,303,250,324,105,308,86,153,81,266,241,164,382,348,379,401,419,54,76,,,375,334,,,430,65,409,435,429,440,426,356,412,342,418,279,437,439,439,412,389,303,336,335,390,250,426,117,,172,,,b'\x11\xe8\xe1I\xe8\x11o6\x9a\xbe\x12\xdf\x17\xaeN\x1e'
11E8E149-E811-6F36-9ABE-12DF17AE4E1E,2019-ncaa-d3-conf-SLIAC,ncaa,8,10,5,8,6,8,7,6,8,5,4,8,9,8,10,8,9,8,10,8,9,6,5,9,9,9,8,8,7,5,6,5,7,5,6,9,10,8,7,9,5,5,3,3,,,5,4,,,7,5,3,6,8,7,5,5,2,9,8,9,8,8,7,3,5,5,4,9,8,5,3,,5,,,7,9,6,6,6,4,5,6,10,7,10,8,7,7,8,7,8,7,6,9,9,7,8,8,6,8,7,8,6,9,6,7,5,6,6,7,9,7,7,5,,,9,9,,,7,6,8,7,8,7,7,7,5,5,9,6,8,7,7,7,5,7,8,7,7,6,8,7,,9,,,b'\x11\xe8\xe1I\xe8\x11o6\x9a\xbe\x12\xdf\x17\xaeN\x1e'
11E8E149-E811-6F36-9ABE-12DF17AE4E1E,2019-ncaa-d3-natl,ncaa,403,361,407,403,412,402,384,392,328,333,313,324,403,392,379,342,391,393,307,391,376,397,391,358,365,386,375,350,295,336,244,412,329,398,322,390,370,269,387,393,250,184,202,119,,,83,212,,,399,395,70,131,331,278,138,182,83,368,341,332,317,317,164,68,173,306,258,349,408,142,109,,293,,,408,188,164,51,393,130,40,387,332,219,411,347,205,169,345,166,336,56,45,413,418,417,351,365,226,110,329,70,244,72,322,316,393,364,280,388,313,391,223,284,,,412,390,,,399,46,381,415,409,420,397,360,338,239,432,392,378,362,364,376,364,316,330,332,420,211,409,360,,329,,,b'\x11\xe8\xe1I\xe8\x11o6\x9a\xbe\x12\xdf\x17\xaeN\x1e'
11E8E149-E811-6F36-9ABE-12DF17AE4E1E,2020-ncaa-d3-conf-SLIAC,ncaa,9,9,5,9,10,9,8,8,8,7,6,8,9,9,9,8,9,8,9,7,8,8,8,9,9,9,8,9,5,7,7,4,7,6,5,9,10,8,8,8,8,8,6,7,,,4,4,,,9,8,5,10,9,8,8,6,4,9,8,9,7,7,8,7,7,3,5,9,8,7,6,,5,,,9,7,8,8,7,6,6,3,10,8,10,7,4,5,1,5,4,6,2,7,7,8,9,10,4,7,7,8,7,7,5,9,10,9,9,9,8,8,9,7,,,7,7,,,9,3,9,8,9,7,8,8,7,8,10,8,4,5,5,8,5,8,8,7,9,9,8,9,,6,,,b'\x11\xe8\xe1I\xe8\x11o6\x9a\xbe\x12\xdf\x17\xaeN\x1e'
11E8E149-E811-6F36-9ABE-12DF17AE4E1E,2020-ncaa-d3-natl,ncaa,367,368,327,370,370,342,321,356,267,269,245,283,379,382,331,357,291,271,306,267,261,350,301,316,313,356,348,365,166,338,335,223,280,293,294,326,297,381,395,377,289,306,308,315,,,135,131,,,395,264,76,435,334,321,314,232,153,373,366,258,226,222,314,166,333,123,233,324,401,263,308,,208,,,389,385,370,331,320,203,173,252,435,414,435,401,155,178,136,179,196,303,205,386,369,406,400,424,71,273,280,171,335,219,294,429,434,372,389,425,365,377,275,280,,,336,329,,,395,191,370,400,388,405,393,395,272,264,434,422,212,241,239,395,348,315,245,290,426,366,375,315,,296,,,b'\x11\xe8\xe1I\xe8\x11o6\x9a\xbe\x12\xdf\x17\xaeN\x1e'
11E8E149-E811-6F36-9ABE-12DF17AE4E1E,2021-ncaa-d3-conf-SLIAC,ncaa,8,8,2,8,4,6,6,3,8,6,5,8,6,4,7,3,2,1,8,1,2,3,2,8,8,8,2,4,1,4,5,6,8,4,6,6,6,8,7,8,5,6,5,5,,,7,6,,,8,2,1,7,8,8,5,7,6,6,4,2,1,2,4,3,4,7,6,7,7,6,5,,8,,,8,8,7,6,8,7,6,8,8,6,8,4,7,7,7,7,7,6,7,8,8,8,5,3,6,7,8,7,5,7,6,8,6,3,4,6,8,8,8,7,,,1,2,,,8,7,8,8,8,8,6,6,6,6,8,5,8,8,8,6,8,7,7,7,8,4,8,8,,2,,,b'\x11\xe8\xe1I\xe8\x11o6\x9a\xbe\x12\xdf\x17\xaeN\x1e'
11E8E149-E811-6F36-9ABE-12DF17AE4E1E,2021-ncaa-d3-natl,ncaa,215,262,81,245,111,106,116,86,221,127,107,204,96,71,195,99,66,53,220,53,35,81,76,209,200,211,70,120,46,73,136,151,261,118,243,132,198,240,227,241,90,174,142,193,,,211,157,,,270,75,21,276,156,190,105,200,162,122,75,65,35,36,68,30,88,262,223,201,257,134,183,,224,,,252,248,248,218,272,248,215,271,234,215,238,143,230,220,219,221,180,214,211,273,275,270,117,132,116,226,261,216,136,222,243,263,246,72,145,238,258,254,225,225,,,71,90,,,270,210,214,269,253,277,271,233,267,212,241,212,241,228,224,242,254,228,222,228,275,93,269,219,,46,,,b'\x11\xe8\xe1I\xe8\x11o6\x9a\xbe\x12\xdf\x17\xaeN\x1e'
11E8E149-E811-6F36-9ABE-12DF17AE4E1E,2022-ncaa-d3-conf-SLIAC,ncaa,7,7,5,7,6,6,6,6,7,7,7,6,5,3,6,2,4,5,5,5,2,6,4,7,7,7,2,2,3,7,8,4,7,5,7,5,4,8,8,7,5,5,3,4,,,7,7,,,7,3,2,3,6,7,6,7,7,4,2,4,5,5,5,5,7,1,4,5,8,5,3,,7,,,7,8,8,7,4,7,8,5,5,5,4,3,7,7,7,7,7,8,6,3,4,6,4,4,7,8,7,8,8,8,7,6,5,5,8,5,8,8,3,5,,,3,3,,,7,6,7,6,7,7,7,8,7,8,5,5,7,7,7,8,8,8,8,8,6,5,8,4,,1,,,b'\x11\xe8\xe1I\xe8\x11o6\x9a\xbe\x12\xdf\x17\xaeN\x1e'
11E8E149-E811-6F36-9ABE-12DF17AE4E1E,2022-ncaa-d3-natl,ncaa,364,290,391,364,399,350,366,363,326,382,394,252,202,145,311,50,308,297,291,295,59,361,358,284,289,308,72,91,145,370,366,343,345,363,360,359,289,190,332,344,286,257,324,322,,,201,318,,,352,343,9,290,196,244,96,308,319,88,35,144,93,90,80,31,280,66,158,275,378,161,285,,413,,,365,190,169,108,284,188,111,309,151,153,201,197,275,293,211,290,336,120,100,281,296,319,213,168,302,245,345,153,366,178,360,135,116,322,304,270,271,361,26,82,,,312,154,,,352,89,337,338,350,406,385,404,383,396,335,357,403,411,409,417,414,385,406,402,325,151,389,41,,50,,,b'\x11\xe8\xe1I\xe8\x11o6\x9a\xbe\x12\xdf\x17\xaeN\x1e'
11E8E149-E811-6F36-9ABE-12DF17AE4E1E,2023-ncaa-d3-conf-SLIAC,ncaa,8,8,7,8,8,8,8,8,8,8,7,8,8,7,8,2,8,8,8,7,4,8,8,8,8,8,4,4,2,8,8,8,8,8,8,7,2,8,8,8,8,8,1,2,,,2,2,,,8,7,2,3,8,8,8,8,7,8,3,8,8,7,8,5,7,4,7,7,8,8,1,,3,,,8,8,8,8,7,8,8,6,7,6,6,4,6,6,2,6,3,8,5,7,6,8,3,4,3,8,8,7,8,8,8,8,8,8,8,8,8,8,1,3,,,8,8,,,8,2,8,8,8,8,8,8,8,8,8,7,6,7,6,8,8,8,8,8,8,8,8,1,,8,,,b'\x11\xe8\xe1I\xe8\x11o6\x9a\xbe\x12\xdf\x17\xaeN\x1e'
11E8E149-E811-6F36-9ABE-12DF17AE4E1E,2023-ncaa-d3-natl,ncaa,423,345,416,423,419,411,410,418,356,408,417,290,365,325,394,104,402,384,395,381,77,417,413,355,360,385,176,186,164,403,376,416,426,416,420,379,56,198,402,365,413,403,122,108,,,35,91,,,415,409,34,288,352,352,291,343,352,267,118,301,180,168,269,88,329,243,309,247,411,359,32,,291,,,418,230,272,82,405,311,134,392,156,92,345,133,206,211,149,196,244,90,29,397,398,426,108,130,165,394,426,40,376,159,420,350,360,420,426,425,380,422,9,67,,,411,345,,,415,20,394,427,417,426,424,425,421,423,379,375,405,410,408,429,423,428,387,422,424,415,424,26,,280,,,b'\x11\xe8\xe1I\xe8\x11o6\x9a\xbe\x12\xdf\x17\xaeN\x1e'
11E8E149-E811-6F36-9ABE-12DF17AE4E1E,2024-ncaa-d3-conf-SLIAC,ncaa,10,10,7,10,10,10,10,10,9,10,8,9,9,7,8,4,10,10,9,10,4,10,8,9,9,10,4,5,4,10,10,7,9,10,10,9,3,10,10,10,7,8,8,8,,,10,10,,,10,6,2,10,10,10,10,9,8,9,5,10,9,9,10,2,10,6,8,9,10,7,7,,10,,,10,10,10,9,10,10,10,10,4,3,7,1,10,10,7,10,9,10,9,10,10,10,3,2,8,10,9,9,10,9,10,10,8,7,9,9,10,10,8,8,,,9,8,,,10,7,10,10,10,10,10,9,10,10,8,8,10,10,10,10,9,10,9,10,10,7,10,9,,8,,,b'\x11\xe8\xe1I\xe8\x11o6\x9a\xbe\x12\xdf\x17\xaeN\x1e'
11E8E149-E811-6F36-9ABE-12DF17AE4E1E,2024-ncaa-d3-natl,ncaa,396,394,345,402,373,366,358,356,341,339,334,321,321,271,362,193,331,288,389,284,153,358,197,347,361,396,216,230,172,350,376,249,374,321,378,320,159,426,421,400,281,334,337,378,,,356,292,,,415,134,5,398,357,347,297,318,282,285,219,298,222,215,292,25,332,92,206,295,426,217,314,,417,,,411,414,408,344,401,417,386,394,137,122,223,34,415,419,168,418,343,384,347,382,387,390,57,25,312,383,374,293,376,345,378,396,280,249,334,378,425,416,258,345,,,260,307,,,415,312,402,398,403,424,416,411,417,415,220,214,426,426,426,425,422,403,381,402,409,150,422,328,,145,,,b'\x11\xe8\xe1I\xe8\x11o6\x9a\xbe\x12\xdf\x17\xaeN\x1e'
11E8E149-E811-6F36-9ABE-12DF17AE4E1E,2025-ncaa-d3-conf-SLIAC,genius_ncaa,10,10,6,10,9,10,9,10,9,9,9,10,10,9,9,3,10,9,9,9,4,10,9,9,9,10,3,4,3,10,9,8,9,9,9,9,7,10,10,10,10,10,10,10,,,2,2,,8,10,6,5,10,10,10,10,9,9,10,9,10,9,9,10,8,10,5,9,10,10,10,10,,2,,10,10,10,10,10,10,10,10,10,6,6,7,4,2,2,9,2,2,9,5,10,9,10,1,3,2,10,9,6,9,8,9,10,5,10,10,10,10,10,9,10,,,10,7,,7,10,3,10,10,10,10,10,10,10,10,6,7,2,2,2,9,9,9,7,9,10,10,10,9,,9,,8,b'\x11\xe8\xe1I\xe8\x11o6\x9a\xbe\x12\xdf\x17\xaeN\x1e'
11E8E149-E811-6F36-9ABE-12DF17AE4E1E,2025-ncaa-d3-natl,genius_ncaa,403,384,373,406,385,391,396,399,374,400,399,369,342,337,330,187,346,261,408,258,42,393,329,367,370,400,112,177,83,384,377,311,388,363,383,394,345,418,418,410,378,395,406,415,,,54,28,,286,414,282,24,390,395,395,405,392,370,315,275,301,134,134,392,80,374,104,257,395,417,349,408,,139,,337,412,395,410,374,401,412,386,394,218,202,247,109,84,86,194,85,23,341,222,383,369,402,13,77,21,390,388,136,377,292,383,385,233,392,407,410,419,417,325,410,,,340,297,,240,414,133,404,410,410,412,415,415,418,417,317,336,171,172,170,416,405,406,329,390,404,353,417,386,,222,,203,b'\x11\xe8\xe1I\xe8\x11o6\x9a\xbe\x12\xdf\x17\xaeN\x1e'
11E8E149-E811-6F36-9ABE-12DF17AE4E1E,2026-ncaa-d3-conf-SLIAC,genius_ncaa,5,6,1,6,3,2,3,6,1,3,6,1,6,7,5,7,2,1,4,1,1,5,4,1,2,4,4,7,2,6,6,6,8,6,6,4,4,9,9,8,4,6,6,8,,,9,8,,8,9,2,1,3,4,6,9,5,8,7,8,3,2,1,8,5,9,7,8,7,9,6,7,,9,,8,9,9,9,8,7,8,5,8,9,9,8,9,9,9,5,9,9,8,7,8,8,8,7,9,6,7,8,4,6,6,6,9,7,4,6,8,9,9,7,8,,,1,2,,5,9,8,6,9,9,9,9,8,7,3,9,9,9,9,9,8,7,7,1,4,8,5,9,6,,2,,5,b'\x11\xe8\xe1I\xe8\x11o6\x9a\xbe\x12\xdf\x17\xaeN\x1e'
11E8E149-E811-6F36-9ABE-12DF17AE4E1E,2026-ncaa-d3-natl,genius_ncaa,345,366,116,375,122,139,192,221,152,194,273,64,157,126,274,132,23,10,295,9,2,168,80,147,132,271,83,229,19,309,360,117,365,183,339,205,259,403,397,373,174,320,364,396,,,410,386,,370,393,47,9,50,145,244,337,235,369,191,126,16,9,8,202,27,355,108,241,255,406,206,382,,415,,375,379,408,394,378,365,395,358,383,360,370,230,221,413,414,114,414,403,394,383,367,371,388,255,150,350,397,365,269,360,341,339,399,317,152,342,368,409,404,117,154,,,20,18,,98,393,373,313,393,372,412,404,400,400,379,368,382,414,416,416,413,411,395,267,357,395,170,408,87,,3,,114,b'\x11\xe8\xe1I\xe8\x11o6\x9a\xbe\x12\xdf\x17\xaeN\x1e'
11E8E149-E815-B564-9ABE-12DF17AE4E1E,2018-ncaa-d3-conf-HCAC,ncaa,3,3,1,3,2,3,3,1,4,3,2,4,5,6,4,8,2,2,2,2,6,2,2,4,4,4,5,5,3,2,5,5,2,4,6,4,8,2,1,1,3,3,7,7,,,7,7,,,3,2,6,3,3,3,1,3,2,5,7,2,2,2,2,6,3,7,7,4,1,4,8,,5,,,3,5,5,5,5,4,3,4,3,5,3,6,8,7,7,7,7,5,7,5,5,4,7,4,9,3,2,8,5,8,6,4,3,2,2,3,1,1,6,4,,,1,1,,,3,9,4,4,3,3,3,2,3,2,2,4,7,6,6,2,3,2,5,4,3,3,1,6,,1,,,b'\x11\xe8\xe1I\xe8\x15\xb5d\x9a\xbe\x12\xdf\x17\xaeN\x1e'
11E8E149-E815-B564-9ABE-12DF17AE4E1E,2018-ncaa-d3-natl,ncaa,66,68,68,75,83,91,120,100,174,106,79,221,210,252,129,343,30,44,57,44,140,81,139,191,142,69,226,309,57,133,198,288,129,227,224,148,258,28,5,42,84,77,290,288,,,269,275,,,92,150,332,107,104,149,162,128,102,244,307,27,61,61,116,274,191,406,346,193,8,112,321,,177,,,95,210,189,114,313,247,155,349,101,138,119,168,344,294,419,289,333,122,235,296,342,219,174,82,364,74,129,310,198,208,224,185,188,78,56,92,92,64,368,260,,,39,20,,,92,285,57,174,96,117,109,24,172,66,65,77,302,221,212,29,58,44,219,116,132,106,57,330,,47,,,b'\x11\xe8\xe1I\xe8\x15\xb5d\x9a\xbe\x12\xdf\x17\xaeN\x1e'
11E8E149-E815-B564-9ABE-12DF17AE4E1E,2019-ncaa-d3-conf-HCAC,ncaa,6,6,5,6,6,6,6,5,6,5,5,6,6,5,8,5,6,7,2,7,7,8,5,8,7,6,8,5,7,8,8,7,6,8,8,5,7,6,7,6,4,5,6,7,,,8,8,,,7,5,5,7,7,5,7,4,6,6,5,6,7,7,7,7,8,8,9,7,7,5,6,,7,,,7,4,4,3,5,4,5,4,7,4,10,4,8,8,9,8,7,4,3,5,7,6,8,6,8,4,6,8,8,8,8,8,9,6,5,6,8,9,4,3,,,3,2,,,7,6,7,6,7,5,3,3,3,6,7,3,8,7,7,5,4,5,8,8,7,6,8,4,,4,,,b'\x11\xe8\xe1I\xe8\x15\xb5d\x9a\xbe\x12\xdf\x17\xaeN\x1e'
11E8E149-E815-B564-9ABE-12DF17AE4E1E,2019-ncaa-d3-natl,ncaa,282,331,129,313,142,233,254,237,273,219,224,227,279,220,357,228,116,161,80,160,135,213,240,291,254,236,220,297,73,336,381,213,95,280,281,285,319,178,187,260,215,218,234,227,,,308,342,,,301,187,290,74,279,302,308,246,273,312,248,120,165,158,273,315,376,257,345,337,149,236,247,,281,,,292,328,227,172,289,205,174,251,310,227,376,229,410,357,437,356,376,201,193,307,366,371,364,248,389,73,95,332,381,233,281,320,350,261,266,329,342,349,191,211,,,88,34,,,301,246,270,322,302,281,193,117,173,129,284,190,396,341,346,153,108,56,304,187,289,302,319,175,,79,,,b'\x11\xe8\xe1I\xe8\x15\xb5d\x9a\xbe\x12\xdf\x17\xaeN\x1e'
11E8E149-E815-B564-9ABE-12DF17AE4E1E,2020-ncaa-d3-conf-HCAC,ncaa,4,4,1,4,4,4,5,3,10,5,4,9,8,4,10,4,1,1,6,1,3,3,4,10,10,6,5,8,1,3,5,5,7,3,7,5,3,2,2,4,4,4,5,5,,,7,7,,,5,5,8,10,6,8,4,7,5,8,4,1,1,1,3,7,3,8,5,5,2,4,5,,6,,,5,9,9,8,8,8,9,7,7,5,10,5,4,4,7,4,4,7,8,8,7,8,3,6,3,7,7,10,5,9,7,6,3,4,4,4,3,4,9,7,,,1,1,,,5,6,5,8,5,6,7,4,7,6,6,2,4,4,4,3,4,6,8,7,4,5,3,9,,1,,,b'\x11\xe8\xe1I\xe8\x15\xb5d\x9a\xbe\x12\xdf\x17\xaeN\x1e'
11E8E149-E815-B564-9ABE-12DF17AE4E1E,2020-ncaa-d3-natl,ncaa,170,218,65,207,103,222,293,182,354,280,219,332,255,159,375,201,36,33,148,31,32,143,209,353,314,242,113,270,9,119,203,265,284,214,302,220,99,38,26,91,136,125,162,186,,,168,177,,,247,254,409,225,307,361,301,350,317,292,211,41,43,39,244,366,169,377,306,268,13,175,188,,93,,,246,233,308,226,310,328,287,284,188,144,279,145,113,90,295,88,73,194,184,290,267,276,75,169,93,244,284,355,203,325,302,245,177,222,226,257,136,130,413,402,,,28,8,,,247,175,228,281,253,140,215,112,249,180,134,80,68,50,50,77,50,194,255,243,188,293,90,390,,53,,,b'\x11\xe8\xe1I\xe8\x15\xb5d\x9a\xbe\x12\xdf\x17\xaeN\x1e'
11E8E149-E815-B564-9ABE-12DF17AE4E1E,2021-ncaa-d3-conf-HCAC,ncaa,1,5,1,4,1,1,1,1,5,1,1,6,1,1,3,3,2,2,2,2,8,1,1,4,5,3,2,3,6,1,5,1,2,1,3,1,3,9,2,1,1,5,2,7,,,9,4,,,2,1,5,2,4,3,4,4,3,3,3,5,5,5,3,5,4,2,3,3,2,5,7,,4,,,2,9,9,9,6,9,9,6,10,10,6,6,10,10,6,10,7,9,10,6,6,6,7,8,7,7,2,10,5,9,3,8,2,1,6,2,9,6,10,5,,,2,7,,,2,10,2,3,2,6,5,4,5,4,8,7,5,6,6,4,6,2,8,6,2,5,5,7,,5,,,b'\x11\xe8\xe1I\xe8\x15\xb5d\x9a\xbe\x12\xdf\x17\xaeN\x1e'
11E8E149-E815-B564-9ABE-12DF17AE4E1E,2021-ncaa-d3-natl,ncaa,5,183,3,77,3,9,11,6,156,16,9,173,7,8,100,89,10,12,102,11,88,7,7,131,137,135,62,71,113,10,124,4,46,3,92,6,35,274,120,75,11,120,25,122,,,279,174,,,52,7,179,31,129,147,132,185,180,75,86,108,115,113,122,148,124,86,83,74,107,129,145,,145,,,98,275,274,279,101,271,276,99,276,277,138,140,276,277,65,277,190,278,278,105,103,97,174,157,183,267,46,281,124,278,92,259,48,8,109,55,283,192,280,221,,,8,98,,,52,279,122,79,92,89,87,78,86,93,115,116,144,171,172,89,101,61,149,108,41,125,184,202,,110,,,b'\x11\xe8\xe1I\xe8\x15\xb5d\x9a\xbe\x12\xdf\x17\xaeN\x1e'
11E8E149-E815-B564-9ABE-12DF17AE4E1E,2022-ncaa-d3-conf-HCAC,ncaa,2,2,2,2,2,3,3,3,4,3,3,6,4,5,3,6,2,3,3,3,6,3,3,5,5,5,6,6,4,3,4,2,1,1,2,1,1,9,7,4,6,9,3,5,,,8,6,,,3,3,7,8,5,6,8,5,5,5,6,5,5,5,8,6,4,1,2,2,7,10,5,,3,,,3,7,7,9,3,7,9,4,5,8,1,6,4,7,3,5,2,9,8,2,2,2,4,4,3,5,1,7,4,6,2,4,2,6,9,5,8,5,8,4,,,1,3,,,3,8,5,2,3,3,4,7,4,8,2,5,2,3,3,5,3,4,4,4,2,9,6,4,,4,,,b'\x11\xe8\xe1I\xe8\x15\xb5d\x9a\xbe\x12\xdf\x17\xaeN\x1e'
11E8E149-E815-B564-9ABE-12DF17AE4E1E,2022-ncaa-d3-natl,ncaa,62,79,61,75,73,103,122,144,134,138,141,172,111,165,72,236,32,51,99,47,100,112,105,133,103,132,148,192,96,76,57,9,21,24,14,61,44,274,205,104,265,323,105,146,,,192,123,,,99,123,289,182,139,178,258,195,229,151,234,67,85,83,217,238,134,6,17,74,191,338,139,,91,,,103,226,235,368,42,222,334,75,247,366,33,293,195,207,155,207,130,356,296,43,36,127,214,242,183,172,21,191,57,167,14,127,71,322,388,265,320,255,240,190,,,87,145,,,99,317,105,109,94,95,116,290,125,229,158,300,119,127,127,253,116,92,75,67,66,402,253,191,,165,,,b'\x11\xe8\xe1I\xe8\x15\xb5d\x9a\xbe\x12\xdf\x17\xaeN\x1e'
11E8E149-E815-B564-9ABE-12DF17AE4E1E,2023-ncaa-d3-conf-HCAC,ncaa,5,6,2,5,2,5,5,4,6,5,3,9,3,5,3,4,5,7,2,7,7,5,4,5,4,4,4,3,5,4,6,1,4,2,4,2,1,6,5,2,9,10,2,4,,,5,4,,,5,3,7,1,5,6,7,8,7,3,5,5,7,7,6,7,6,2,2,2,6,10,3,,4,,,5,6,7,10,3,7,9,2,7,10,5,7,5,5,1,5,4,10,8,3,2,3,4,7,5,9,4,7,6,9,4,3,2,8,10,7,6,6,3,4,,,5,5,,,5,9,4,4,4,3,4,9,6,8,4,7,5,5,5,9,6,6,7,6,2,10,5,3,,7,,,b'\x11\xe8\xe1I\xe8\x15\xb5d\x9a\xbe\x12\xdf\x17\xaeN\x1e'
11E8E149-E815-B564-9ABE-12DF17AE4E1E,2023-ncaa-d3-natl,ncaa,132,131,109,138,109,152,185,144,240,224,174,297,97,136,63,172,90,165,34,162,180,142,162,204,169,151,81,121,120,213,271,25,91,64,134,86,35,155,125,89,297,355,113,126,,,232,181,,,171,157,250,3,167,215,170,267,228,105,153,91,183,179,170,224,235,10,48,93,134,345,113,,198,,,174,233,228,356,64,188,288,79,310,370,120,310,233,257,133,263,205,356,287,75,65,157,298,306,206,237,91,332,271,311,134,116,71,315,375,224,199,187,150,133,,,109,99,,,171,292,172,154,161,180,182,320,148,237,272,336,206,218,225,314,230,194,287,252,104,367,172,121,,113,,,b'\x11\xe8\xe1I\xe8\x15\xb5d\x9a\xbe\x12\xdf\x17\xaeN\x1e'
11E8E149-E815-B564-9ABE-12DF17AE4E1E,2024-ncaa-d3-conf-HCAC,ncaa,7,6,7,7,7,8,7,7,8,7,5,9,9,9,8,8,6,8,5,8,6,7,8,9,9,7,7,8,3,3,2,8,1,6,2,6,4,3,7,6,9,9,8,7,,,4,6,,,6,10,9,4,8,7,7,7,4,8,8,5,6,6,7,7,1,7,4,6,6,9,8,,4,,,6,3,2,1,5,2,2,6,4,4,6,6,3,3,10,3,5,2,1,6,6,5,7,6,5,1,1,2,2,1,2,2,3,9,6,5,6,7,5,6,,,8,2,,,6,1,7,5,6,4,5,2,4,2,5,6,3,3,3,2,2,1,3,2,4,9,6,7,,5,,,b'\x11\xe8\xe1I\xe8\x15\xb5d\x9a\xbe\x12\xdf\x17\xaeN\x1e'
11E8E149-E815-B564-9ABE-12DF17AE4E1E,2024-ncaa-d3-natl,ncaa,271,297,200,289,257,273,313,271,345,292,186,369,324,339,245,346,57,112,36,115,125,250,286,358,307,270,167,321,18,128,108,223,35,177,87,259,102,135,178,215,331,310,264,236,,,132,246,,,284,323,349,244,301,345,285,302,154,332,351,42,83,89,244,300,96,212,139,265,144,339,268,,150,,,283,206,205,111,317,163,92,302,332,234,371,324,171,98,425,106,186,96,81,342,355,364,306,356,164,28,35,168,108,80,87,245,265,338,306,339,256,280,337,308,,,160,63,,,284,113,242,322,278,212,212,108,180,90,330,260,181,98,111,92,46,28,179,81,255,356,254,347,,111,,,b'\x11\xe8\xe1I\xe8\x15\xb5d\x9a\xbe\x12\xdf\x17\xaeN\x1e'
11E8E149-E815-B564-9ABE-12DF17AE4E1E,2025-ncaa-d3-conf-HCAC,genius_ncaa,8,9,5,9,5,8,8,8,5,5,5,5,10,8,10,7,3,4,7,4,5,8,9,7,5,7,8,10,2,4,3,6,3,5,2,6,2,7,9,7,9,9,5,5,,,5,5,,3,8,9,9,4,9,9,10,5,6,10,7,2,3,3,10,9,3,4,4,6,6,10,5,,5,,3,8,4,5,4,5,5,5,4,8,5,8,8,4,5,1,5,5,6,2,5,5,9,6,10,4,4,3,3,3,2,2,4,5,10,10,10,7,9,4,5,,,6,3,,7,8,2,6,9,8,5,5,4,5,3,8,7,4,4,4,5,2,3,2,2,2,10,8,4,,5,,7,b'\x11\xe8\xe1I\xe8\x15\xb5d\x9a\xbe\x12\xdf\x17\xaeN\x1e'
11E8E149-E815-B564-9ABE-12DF17AE4E1E,2025-ncaa-d3-natl,genius_ncaa,250,269,192,262,201,217,219,278,159,160,157,197,337,365,211,368,90,109,123,118,150,251,309,210,163,133,311,365,58,204,158,137,98,169,100,208,180,51,91,122,347,337,59,63,,,166,238,,107,235,330,369,50,203,222,282,140,124,354,375,67,85,86,240,335,196,91,133,194,63,356,47,,173,,109,235,203,224,173,250,246,247,190,173,103,321,100,213,214,228,222,198,180,89,236,237,338,163,162,203,121,98,131,158,118,100,165,137,401,398,369,104,161,369,329,,,214,113,,361,235,97,128,322,231,218,232,203,248,267,182,106,225,231,236,208,73,126,134,132,182,413,118,368,,200,,366,b'\x11\xe8\xe1I\xe8\x15\xb5d\x9a\xbe\x12\xdf\x17\xaeN\x1e'
11E8E149-E815-B564-9ABE-12DF17AE4E1E,2026-ncaa-d3-conf-HCAC,genius_ncaa,8,8,1,8,3,9,10,8,10,7,3,10,10,10,9,10,1,3,3,2,4,7,7,10,10,10,5,10,1,7,6,2,2,5,3,10,9,6,8,10,10,10,6,6,,,5,7,,6,6,6,7,3,9,10,8,7,3,10,10,1,3,2,7,7,7,2,5,10,6,10,6,,5,,6,6,3,3,6,2,7,7,3,1,3,1,3,3,2,7,2,2,4,3,1,1,4,2,1,6,3,2,6,6,5,3,5,7,10,10,9,9,10,9,8,,,1,1,,3,6,4,10,3,9,3,3,6,7,7,1,3,3,2,2,4,3,3,6,5,5,10,9,9,,1,,3,b'\x11\xe8\xe1I\xe8\x15\xb5d\x9a\xbe\x12\xdf\x17\xaeN\x1e'
11E8E149-E815-B564-9ABE-12DF17AE4E1E,2026-ncaa-d3-natl,genius_ncaa,157,132,215,163,249,199,184,199,179,111,109,201,329,317,298,363,135,189,62,191,290,197,244,239,210,148,363,374,142,159,124,199,31,179,69,293,374,76,43,163,316,288,261,266,,,92,106,,75,91,261,167,113,97,86,49,37,17,329,323,72,123,122,45,110,95,76,63,267,71,300,252,,78,,80,84,117,146,142,194,209,177,279,37,108,14,130,109,103,251,101,85,133,118,135,129,155,23,27,156,59,31,182,124,126,69,99,78,295,247,192,103,88,405,397,,,157,73,,62,91,140,129,115,103,126,188,190,282,244,23,118,112,93,88,168,126,52,268,151,112,284,117,413,,54,,43,b'\x11\xe8\xe1I\xe8\x15\xb5d\x9a\xbe\x12\xdf\x17\xaeN\x1e'
11E8E149-E819-ED82-9ABE-12DF17AE4E1E,2018-ncaa-d3-conf-NESCAC,ncaa,2,2,1,2,1,1,1,1,2,1,1,1,1,1,1,5,1,2,2,2,5,1,1,1,1,1,4,6,6,1,2,2,2,1,2,1,4,9,2,1,1,1,5,9,,,10,6,,,1,1,2,5,1,1,1,1,1,1,2,2,4,4,1,1,1,3,2,1,3,1,10,,6,,,1,8,9,10,2,7,9,3,10,11,1,11,8,8,5,8,6,10,11,3,2,2,8,6,6,9,2,10,2,9,2,7,5,1,1,3,5,2,10,4,,,3,6,,,1,11,1,2,1,2,3,3,2,1,3,10,4,4,4,3,8,2,2,2,3,1,2,8,,6,,,b'\x11\xe8\xe1I\xe8\x19\xed\x82\x9a\xbe\x12\xdf\x17\xaeN\x1e'
11E8E149-E819-ED82-9ABE-12DF17AE4E1E,2018-ncaa-d3-natl,ncaa,3,7,2,7,3,2,2,4,9,3,11,9,9,20,16,153,32,82,6,84,353,4,5,10,9,6,229,133,381,15,19,10,30,6,14,1,125,262,29,6,7,21,152,181,,,403,222,,,2,5,235,303,6,8,51,17,113,33,104,150,297,303,71,157,59,190,84,13,47,37,274,,148,,,2,184,162,365,33,205,305,96,155,364,6,307,277,286,196,289,237,369,434,24,26,6,214,161,309,164,30,298,19,248,14,110,92,5,11,4,126,12,414,213,,,59,384,,,2,440,2,3,2,7,13,18,21,20,33,143,75,77,78,13,76,26,25,14,9,28,20,278,,358,,,b'\x11\xe8\xe1I\xe8\x19\xed\x82\x9a\xbe\x12\xdf\x17\xaeN\x1e'
11E8E149-E819-ED82-9ABE-12DF17AE4E1E,2019-ncaa-d3-conf-NESCAC,ncaa,1,1,1,1,1,1,1,1,1,1,1,1,2,7,1,11,2,2,2,2,6,1,1,1,1,1,10,9,6,1,1,1,3,1,1,1,10,6,1,1,1,2,6,8,,,9,2,,,1,1,2,11,1,1,2,1,1,4,8,3,4,4,2,2,2,4,2,1,1,2,7,,4,,,1,11,11,11,3,8,11,3,11,11,10,8,5,8,1,8,4,11,11,5,3,3,8,10,2,10,3,6,1,8,1,9,5,1,2,3,10,2,5,1,,,2,6,,,1,11,1,3,1,3,3,6,3,4,9,7,2,2,2,5,10,5,2,3,3,1,2,2,,3,,,b'\x11\xe8\xe1I\xe8\x19\xed\x82\x9a\xbe\x12\xdf\x17\xaeN\x1e'
11E8E149-E819-ED82-9ABE-12DF17AE4E1E,2019-ncaa-d3-natl,ncaa,1,2,1,2,1,1,1,2,3,2,4,5,13,30,14,250,6,15,28,14,257,2,4,6,5,4,296,221,345,8,11,4,20,4,8,4,338,195,3,3,23,74,121,218,,,420,189,,,1,5,224,426,3,4,44,8,72,51,163,71,147,147,53,152,63,135,66,40,11,96,243,,144,,,2,428,421,442,144,382,426,88,423,405,380,251,279,258,297,265,91,439,439,176,158,96,284,366,115,261,20,279,11,274,8,202,21,15,59,21,148,7,243,47,,,5,200,,,1,440,2,65,2,81,104,85,94,122,246,154,68,53,58,53,110,31,11,15,22,95,19,72,,170,,,b'\x11\xe8\xe1I\xe8\x19\xed\x82\x9a\xbe\x12\xdf\x17\xaeN\x1e'
11E8E149-E819-ED82-9ABE-12DF17AE4E1E,2020-ncaa-d3-conf-NESCAC,ncaa,1,2,1,2,1,1,1,1,2,1,1,2,1,2,2,4,1,1,4,1,2,1,1,2,1,2,4,4,5,1,1,1,1,1,1,1,6,11,8,2,1,2,5,8,,,9,2,,,1,1,3,10,1,2,1,3,7,2,2,2,2,2,2,1,1,1,1,2,8,2,9,,2,,,1,10,11,11,3,9,11,3,10,9,8,7,2,2,8,2,2,11,11,3,3,2,4,8,2,4,1,4,1,5,1,11,7,2,5,6,11,9,8,6,,,1,9,,,1,11,1,2,1,2,4,4,5,6,7,6,2,2,2,4,3,2,1,1,5,6,10,6,,7,,,b'\x11\xe8\xe1I\xe8\x19\xed\x82\x9a\xbe\x12\xdf\x17\xaeN\x1e'
11E8E149-E819-ED82-9ABE-12DF17AE4E1E,2020-ncaa-d3-natl,ncaa,6,4,7,6,24,5,5,42,3,26,105,6,14,46,3,123,52,91,51,92,177,40,36,4,3,3,149,103,340,32,3,16,21,13,1,16,238,269,137,49,46,69,139,191,,,219,129,,,2,58,334,395,9,11,184,54,283,28,112,126,206,214,184,233,66,69,41,44,124,95,196,,68,,,3,154,209,368,54,213,376,47,221,245,159,188,86,47,395,50,21,328,362,52,39,40,148,267,100,153,21,36,3,56,1,111,64,80,121,56,243,137,259,202,,,153,335,,,2,393,2,28,2,22,61,129,79,183,107,99,22,11,12,60,73,50,4,7,37,185,134,177,,341,,,b'\x11\xe8\xe1I\xe8\x19\xed\x82\x9a\xbe\x12\xdf\x17\xaeN\x1e'
11E8E149-E819-ED82-9ABE-12DF17AE4E1E,2022-ncaa-d3-conf-NESCAC,ncaa,5,6,7,6,7,5,6,6,6,5,4,6,5,5,5,5,9,8,7,9,10,6,7,6,6,5,8,4,9,6,5,7,10,7,6,7,9,5,4,7,3,2,9,10,,,8,11,,,4,7,2,4,5,1,2,2,3,4,4,6,8,8,2,2,4,6,5,7,7,2,9,,11,,,4,5,4,5,3,4,6,3,6,6,4,5,7,8,4,8,10,5,7,3,3,3,7,6,9,9,10,7,5,7,6,2,1,4,3,1,3,2,2,2,,,7,8,,,4,5,6,3,5,4,4,10,6,7,5,6,8,10,10,10,11,10,8,10,2,2,3,4,,8,,,b'\x11\xe8\xe1I\xe8\x19\xed\x82\x9a\xbe\x12\xdf\x17\xaeN\x1e'
11E8E149-E819-ED82-9ABE-12DF17AE4E1E,2022-ncaa-d3-natl,ncaa,116,95,188,113,207,154,139,135,181,145,121,223,127,178,84,223,263,281,192,283,354,157,215,182,187,143,230,169,342,131,164,193,193,156,194,178,271,71,44,95,160,147,202,211,,,371,408,,,111,243,274,164,137,117,76,131,99,130,186,271,303,311,101,202,129,173,139,181,58,163,208,,386,,,106,121,86,159,80,135,200,85,80,132,78,116,323,314,315,314,308,181,185,64,99,99,236,109,389,226,193,258,164,245,194,42,56,186,172,61,31,15,139,89,,,260,286,,,111,184,119,116,106,102,82,127,121,200,60,95,330,309,309,156,173,206,256,239,36,195,22,121,,289,,,b'\x11\xe8\xe1I\xe8\x19\xed\x82\x9a\xbe\x12\xdf\x17\xaeN\x1e'
11E8E149-E819-ED82-9ABE-12DF17AE4E1E,2023-ncaa-d3-conf-NESCAC,ncaa,5,7,5,6,6,5,6,4,9,6,6,5,2,1,10,1,6,8,1,8,7,4,4,7,9,5,3,1,7,3,4,9,5,7,8,6,7,5,4,5,1,1,7,6,,,11,11,,,8,5,8,9,6,6,2,9,10,3,1,7,8,8,4,6,2,11,8,6,3,1,6,,11,,,8,9,5,2,11,7,2,11,5,3,8,6,10,10,11,10,11,4,5,11,11,11,8,3,11,3,5,9,4,4,8,4,5,1,1,2,1,1,8,8,,,8,11,,,8,7,4,9,8,7,5,1,5,1,4,2,11,10,10,1,2,2,8,4,4,1,1,7,,10,,,b'\x11\xe8\xe1I\xe8\x19\xed\x82\x9a\xbe\x12\xdf\x17\xaeN\x1e'
11E8E149-E819-ED82-9ABE-12DF17AE4E1E,2023-ncaa-d3-natl,ncaa,152,131,185,153,240,182,181,196,173,235,285,174,75,84,99,75,281,364,12,363,353,230,291,129,128,106,108,58,363,137,101,348,55,275,110,229,285,51,67,119,126,59,212,129,,,328,419,,,129,335,387,288,164,160,157,250,305,61,73,307,394,390,214,330,110,402,286,234,48,122,221,,343,,,126,106,58,23,324,69,32,340,127,100,264,244,354,296,421,288,405,34,52,324,388,293,348,182,405,15,55,126,101,49,110,73,145,148,58,79,13,13,302,329,,,354,370,,,129,91,79,218,121,110,66,2,71,21,137,94,366,302,294,7,16,9,127,50,78,135,9,311,,391,,,b'\x11\xe8\xe1I\xe8\x19\xed\x82\x9a\xbe\x12\xdf\x17\xaeN\x1e'
11E8E149-E819-ED82-9ABE-12DF17AE4E1E,2024-ncaa-d3-conf-NESCAC,ncaa,1,1,2,1,2,2,2,2,1,2,3,1,2,1,5,4,1,1,5,1,4,2,2,1,1,1,6,6,6,1,1,2,4,2,1,2,7,3,1,2,3,5,4,6,,,4,1,,,1,3,10,6,1,2,4,3,6,3,4,1,3,4,3,6,2,6,4,3,1,6,6,,1,,,1,6,8,7,7,6,7,6,11,9,9,8,2,2,4,3,1,7,9,8,7,5,5,10,2,6,4,3,1,2,1,5,2,1,4,3,6,4,6,7,,,3,6,,,1,9,1,3,1,3,5,2,3,4,8,6,1,1,1,2,2,1,1,1,3,7,3,7,,7,,,b'\x11\xe8\xe1I\xe8\x19\xed\x82\x9a\xbe\x12\xdf\x17\xaeN\x1e'
11E8E149-E819-ED82-9ABE-12DF17AE4E1E,2024-ncaa-d3-natl,ncaa,9,7,17,10,27,51,46,81,43,63,112,43,86,99,97,167,116,158,96,169,262,82,118,48,49,34,240,190,307,134,134,69,32,89,64,95,285,74,34,51,135,149,85,89,,,274,242,,,39,118,399,229,118,105,243,124,258,152,187,223,282,300,264,387,243,230,240,173,18,238,125,,117,,,43,178,152,248,95,158,230,92,216,246,180,235,265,180,419,189,176,239,273,94,123,112,293,255,299,88,32,220,134,157,64,83,46,129,148,67,24,13,265,202,,,160,224,,,39,313,30,80,34,41,32,36,44,52,109,105,150,78,82,23,15,23,41,25,28,262,6,170,,332,,,b'\x11\xe8\xe1I\xe8\x19\xed\x82\x9a\xbe\x12\xdf\x17\xaeN\x1e'
11E8E149-E819-ED82-9ABE-12DF17AE4E1E,2025-ncaa-d3-conf-NESCAC,genius_ncaa,1,1,1,1,1,1,1,1,2,1,1,1,1,1,6,4,3,3,8,3,6,1,1,2,2,3,8,6,7,1,1,1,2,1,1,1,5,11,7,2,1,1,8,8,,,10,7,,6,1,2,11,10,3,2,6,2,8,4,4,5,5,5,9,7,1,9,2,3,7,2,9,,5,,6,1,7,6,8,2,10,9,4,2,9,1,5,9,9,3,9,8,9,9,2,1,1,2,1,7,7,2,5,1,7,1,3,1,1,2,1,10,5,8,5,,,3,5,,7,1,11,1,1,1,1,1,1,2,2,1,2,3,6,6,1,1,2,1,1,1,4,5,5,,5,,9,b'\x11\xe8\xe1I\xe8\x19\xed\x82\x9a\xbe\x12\xdf\x17\xaeN\x1e'
11E8E149-E819-ED82-9ABE-12DF17AE4E1E,2025-ncaa-d3-natl,genius_ncaa,3,2,11,2,15,33,29,54,24,33,88,16,80,92,93,175,140,181,115,176,270,62,61,28,35,47,277,202,351,39,11,60,58,35,11,47,192,273,167,102,60,63,124,137,,,342,316,,34,14,77,408,408,122,80,275,92,275,156,208,285,333,332,307,353,99,262,162,97,122,107,190,,175,,23,18,101,107,240,45,190,278,86,38,170,6,138,238,220,292,225,176,240,318,36,42,29,94,48,299,138,58,108,11,98,11,7,4,63,69,9,176,83,213,139,,,75,182,,309,14,341,27,24,12,11,14,10,49,51,12,33,96,84,85,11,12,38,4,7,2,154,65,107,,268,,354,b'\x11\xe8\xe1I\xe8\x19\xed\x82\x9a\xbe\x12\xdf\x17\xaeN\x1e'
11E8E149-E819-ED82-9ABE-12DF17AE4E1E,2026-ncaa-d3-conf-NESCAC,genius_ncaa,1,1,1,1,1,2,2,1,4,2,1,4,1,1,3,2,2,1,5,1,1,1,1,3,3,4,1,2,2,1,2,1,2,1,1,1,3,5,4,3,1,1,3,5,,,3,2,,1,1,1,1,1,3,3,2,4,3,1,1,2,1,1,1,1,2,2,1,2,5,1,4,,2,,1,2,3,4,4,4,4,4,3,6,5,5,4,3,3,3,3,3,4,5,6,4,3,4,5,3,3,2,4,2,3,1,4,2,1,2,1,4,3,3,3,,,2,3,,4,1,6,3,3,3,3,4,4,4,4,5,4,3,3,3,4,5,2,4,2,2,2,4,3,,2,,4,b'\x11\xe8\xe1I\xe8\x19\xed\x82\x9a\xbe\x12\xdf\x17\xaeN\x1e'
11E8E149-E819-ED82-9ABE-12DF17AE4E1E,2026-ncaa-d3-natl,genius_ncaa,13,1,215,1,219,208,180,240,91,197,271,77,117,162,92,96,338,349,183,346,346,266,291,70,90,84,192,93,389,141,26,222,1,185,2,139,129,88,123,65,203,59,158,68,,,62,164,,20,28,315,406,13,118,82,138,133,242,71,93,348,364,356,197,275,77,108,70,63,99,146,143,,39,,27,20,43,41,53,84,33,60,47,123,81,282,268,73,63,275,63,164,54,55,101,104,68,326,339,223,8,1,63,26,33,2,43,127,272,72,54,63,60,117,153,,,309,313,,201,28,89,50,23,18,10,13,7,14,25,134,73,57,33,34,6,4,1,32,3,20,221,58,129,,324,,195,b'\x11\xe8\xe1I\xe8\x19\xed\x82\x9a\xbe\x12\xdf\x17\xaeN\x1e'
11E8E149-E81F-0D80-9ABE-12DF17AE4E1E,2018-ncaa-d3-conf-UAA,ncaa,6,6,1,6,5,7,7,5,8,7,7,8,7,3,8,4,1,1,6,1,1,5,3,8,7,7,2,5,1,1,1,3,4,3,4,8,6,7,6,7,5,6,8,8,,,6,7,,,6,5,4,5,7,7,5,7,7,7,3,1,1,1,5,3,1,3,3,8,7,5,8,,6,,,6,5,3,4,3,1,1,6,6,8,2,8,7,5,6,5,7,5,5,4,4,3,8,8,7,5,4,5,1,5,4,6,8,4,4,5,4,4,7,7,,,1,1,,,6,5,7,3,6,5,3,4,1,1,6,8,7,5,5,5,5,5,5,5,6,4,4,7,,1,,,b'\x11\xe8\xe1I\xe8\x1f\r\x80\x9a\xbe\x12\xdf\x17\xaeN\x1e'
11E8E149-E81F-0D80-9ABE-12DF17AE4E1E,2018-ncaa-d3-natl,ncaa,218,223,197,227,256,266,300,268,328,277,275,300,288,218,363,219,84,66,231,60,29,214,193,335,301,308,162,285,27,96,66,191,105,139,74,319,301,322,308,347,309,313,360,347,,,326,382,,,215,241,192,286,268,323,258,301,270,293,207,50,45,42,178,138,65,142,73,342,330,318,375,,364,,,214,123,97,155,91,78,60,207,279,387,36,420,248,191,405,189,327,150,173,109,152,155,383,340,323,113,105,147,66,116,74,178,319,182,159,184,226,206,427,427,,,22,4,,,215,212,287,133,210,140,108,178,87,54,269,402,262,190,186,166,199,113,164,133,203,175,233,427,,1,,,b'\x11\xe8\xe1I\xe8\x1f\r\x80\x9a\xbe\x12\xdf\x17\xaeN\x1e'
11E8E149-E81F-0D80-9ABE-12DF17AE4E1E,2019-ncaa-d3-conf-UAA,ncaa,7,7,1,7,8,5,8,7,7,8,4,6,7,7,7,7,1,1,2,1,1,4,3,7,6,6,1,8,1,2,2,4,5,3,5,8,7,7,7,8,8,8,7,7,,,5,4,,,8,4,4,8,5,8,7,8,4,7,7,1,1,1,4,3,2,4,3,8,7,8,7,,5,,,8,8,8,8,6,5,2,7,8,8,5,8,5,4,5,4,7,8,5,7,7,8,7,7,2,5,5,4,2,5,5,8,8,7,8,8,6,5,8,8,,,1,1,,,8,4,6,8,8,8,8,8,5,2,8,8,5,4,4,8,5,5,4,5,8,7,6,8,,1,,,b'\x11\xe8\xe1I\xe8\x1f\r\x80\x9a\xbe\x12\xdf\x17\xaeN\x1e'
11E8E149-E81F-0D80-9ABE-12DF17AE4E1E,2019-ncaa-d3-natl,ncaa,338,331,317,349,355,242,276,305,255,273,274,267,228,260,186,229,94,187,15,187,129,293,287,248,185,211,127,222,46,225,125,146,142,178,89,266,217,235,286,272,428,435,346,330,,,162,216,,,334,302,146,399,175,239,213,242,217,198,215,40,129,127,172,148,166,37,64,212,302,437,351,,232,,,334,351,343,317,274,156,77,351,442,439,315,439,131,124,263,121,226,294,130,360,342,420,417,438,78,185,142,70,125,100,89,425,425,425,434,436,220,254,409,414,,,184,113,,,334,139,201,411,336,403,381,403,223,109,440,441,175,162,160,394,270,258,116,160,423,431,265,422,,90,,,b'\x11\xe8\xe1I\xe8\x1f\r\x80\x9a\xbe\x12\xdf\x17\xaeN\x1e'
11E8E149-E81F-0D80-9ABE-12DF17AE4E1E,2020-ncaa-d3-conf-UAA,ncaa,8,8,1,8,6,7,7,5,8,7,5,7,7,5,8,5,1,3,1,3,3,5,2,8,7,7,2,7,1,6,6,1,5,1,4,5,4,8,7,7,8,8,5,6,,,5,3,,,8,2,2,6,7,7,5,7,5,7,5,1,3,3,5,2,6,1,1,5,8,8,5,,5,,,8,6,6,7,2,4,6,3,6,7,3,5,8,6,8,5,5,7,7,4,4,6,7,6,5,7,5,5,6,6,4,5,5,7,7,7,7,6,5,5,,,2,1,,,8,7,7,6,7,6,6,7,4,6,6,7,8,6,5,7,7,7,5,6,5,7,7,5,,2,,,b'\x11\xe8\xe1I\xe8\x1f\r\x80\x9a\xbe\x12\xdf\x17\xaeN\x1e'
11E8E149-E81F-0D80-9ABE-12DF17AE4E1E,2020-ncaa-d3-natl,ncaa,202,198,198,203,227,137,165,170,179,189,171,218,129,184,80,214,79,184,3,184,233,178,178,157,112,122,134,170,126,217,207,51,89,98,102,140,122,202,183,147,393,409,177,195,,,205,178,,,170,172,126,80,82,121,116,166,142,117,166,51,178,176,115,120,195,14,46,111,226,403,170,,244,,,171,273,280,363,119,220,271,137,355,391,182,345,187,141,373,147,119,345,244,137,130,263,296,332,147,204,89,207,207,204,102,263,219,368,391,363,93,86,327,291,,,115,109,,,170,261,132,252,181,286,297,381,240,307,349,388,208,167,170,370,297,225,226,236,271,383,107,326,,75,,,b'\x11\xe8\xe1I\xe8\x1f\r\x80\x9a\xbe\x12\xdf\x17\xaeN\x1e'
11E8E149-E81F-0D80-9ABE-12DF17AE4E1E,2022-ncaa-d3-conf-UAA,ncaa,7,8,1,8,2,7,7,7,7,8,8,5,3,1,6,1,3,2,8,2,1,6,3,6,6,8,1,3,3,6,7,4,7,5,7,5,2,8,8,7,8,8,6,7,,,8,6,,,8,2,6,8,8,8,8,8,8,3,1,5,3,3,8,8,7,6,7,7,8,8,6,,7,,,8,8,7,7,6,7,6,5,6,7,3,6,8,7,6,7,6,8,7,5,7,8,5,3,6,7,7,7,7,8,7,7,5,5,6,6,6,6,5,7,,,1,1,,,8,7,8,7,8,7,7,5,6,4,5,5,7,7,7,5,4,6,4,5,5,6,5,5,,1,,,b'\x11\xe8\xe1I\xe8\x1f\r\x80\x9a\xbe\x12\xdf\x17\xaeN\x1e'
11E8E149-E81F-0D80-9ABE-12DF17AE4E1E,2022-ncaa-d3-natl,ncaa,275,318,188,293,245,205,235,257,237,303,337,197,83,85,132,62,135,115,242,116,22,245,264,178,173,175,38,57,118,331,364,116,205,213,287,229,198,147,190,217,408,423,303,336,,,254,269,,,280,238,234,399,212,280,313,353,391,77,71,132,102,103,273,315,355,77,217,253,156,422,330,,271,,,279,328,323,317,221,266,261,214,378,364,298,324,242,194,384,201,161,308,209,238,241,338,303,342,162,292,205,309,364,307,287,237,118,374,406,368,116,142,318,397,,,43,10,,,280,190,207,344,276,311,312,351,254,262,376,366,241,194,200,341,213,286,317,306,226,406,121,325,,20,,,b'\x11\xe8\xe1I\xe8\x1f\r\x80\x9a\xbe\x12\xdf\x17\xaeN\x1e'
11E8E149-E81F-0D80-9ABE-12DF17AE4E1E,2023-ncaa-d3-conf-UAA,ncaa,8,8,1,8,4,8,7,6,7,7,7,7,4,2,7,2,6,6,5,6,5,7,3,8,8,8,2,2,4,8,8,7,7,8,8,6,4,7,7,7,8,8,8,8,,,8,5,,,8,2,2,4,8,7,6,7,7,4,2,6,6,6,7,3,8,7,8,6,7,8,8,,8,,,8,8,8,7,8,8,3,8,7,7,6,7,7,8,3,8,7,7,7,8,8,8,6,6,3,6,7,7,8,8,8,8,6,3,6,7,7,7,8,8,,,2,5,,,8,7,8,8,8,8,8,7,8,3,7,7,7,8,8,7,7,6,7,8,8,3,7,8,,2,,,b'\x11\xe8\xe1I\xe8\x1f\r\x80\x9a\xbe\x12\xdf\x17\xaeN\x1e'
11E8E149-E81F-0D80-9ABE-12DF17AE4E1E,2023-ncaa-d3-natl,ncaa,341,372,185,355,193,167,213,186,245,245,285,191,110,78,238,89,97,97,167,101,56,172,177,209,187,189,74,122,102,308,363,178,225,252,332,214,205,204,187,223,381,405,289,309,,,296,237,,,333,124,99,60,147,206,150,264,305,101,67,71,78,84,129,140,330,158,254,209,217,395,299,,317,,,327,416,406,346,397,387,244,399,397,382,367,342,263,275,190,278,243,348,299,408,401,405,241,320,97,253,225,363,363,340,332,397,325,250,329,385,125,112,245,296,,,61,40,,,333,306,229,386,324,395,393,359,367,251,397,384,266,273,283,359,329,248,368,337,387,259,131,256,,37,,,b'\x11\xe8\xe1I\xe8\x1f\r\x80\x9a\xbe\x12\xdf\x17\xaeN\x1e'
11E8E149-E81F-0D80-9ABE-12DF17AE4E1E,2024-ncaa-d3-conf-UAA,ncaa,8,8,1,8,1,8,8,5,8,8,8,8,3,1,8,1,7,5,4,5,3,7,5,8,8,8,1,1,2,5,7,8,7,7,8,8,6,7,8,8,7,7,3,5,,,7,7,,,8,4,4,1,8,8,5,8,8,3,1,7,5,5,7,5,5,8,7,8,7,7,3,,7,,,8,8,8,6,8,8,8,7,5,1,8,1,6,7,2,7,7,6,6,8,8,8,2,3,5,5,7,8,7,8,8,8,5,8,7,8,7,7,6,7,,,4,3,,,8,5,8,8,8,8,8,6,8,8,5,1,6,7,7,6,6,5,8,8,8,8,7,6,,4,,,b'\x11\xe8\xe1I\xe8\x1f\r\x80\x9a\xbe\x12\xdf\x17\xaeN\x1e'
11E8E149-E81F-0D80-9ABE-12DF17AE4E1E,2024-ncaa-d3-natl,ncaa,353,375,200,357,254,272,309,165,391,382,348,392,55,22,242,12,271,303,111,301,158,194,220,356,358,327,6,8,205,139,237,259,285,210,304,307,283,170,176,285,405,416,200,252,,,301,329,,,383,253,210,228,300,342,117,408,379,37,10,262,319,317,143,174,118,271,182,336,187,415,204,,327,,,378,396,399,299,400,389,357,360,324,137,422,72,311,313,227,310,214,320,203,399,398,419,136,170,156,260,285,371,237,342,304,343,174,386,409,402,84,85,347,397,,,218,215,,,383,181,306,407,377,393,386,340,389,374,325,145,329,330,329,359,238,267,377,349,339,408,98,352,,209,,,b'\x11\xe8\xe1I\xe8\x1f\r\x80\x9a\xbe\x12\xdf\x17\xaeN\x1e'
11E8E149-E81F-0D80-9ABE-12DF17AE4E1E,2025-ncaa-d3-conf-UAA,genius_ncaa,6,6,1,6,1,6,6,6,6,6,3,7,7,7,4,7,2,2,6,2,3,6,5,6,6,7,5,6,1,6,5,3,3,3,4,7,6,7,6,7,6,7,4,3,,,3,3,,1,7,3,5,1,6,6,6,6,3,7,7,2,2,2,6,5,6,3,3,7,7,6,4,,3,,1,7,7,6,7,6,4,2,7,7,8,4,8,5,5,3,5,5,8,5,5,5,6,6,6,3,4,3,5,5,5,4,7,7,5,5,7,7,7,6,5,,,1,1,,1,7,6,7,7,7,7,6,7,4,2,7,8,5,5,5,8,5,4,5,5,7,5,7,6,,1,,1,b'\x11\xe8\xe1I\xe8\x1f\r\x80\x9a\xbe\x12\xdf\x17\xaeN\x1e'
11E8E149-E81F-0D80-9ABE-12DF17AE4E1E,2025-ncaa-d3-natl,genius_ncaa,217,215,192,221,241,232,267,269,264,286,245,302,177,229,96,208,122,153,109,163,119,249,260,243,203,212,82,149,77,199,172,201,181,200,173,325,361,187,212,301,395,401,66,43,,,222,273,,169,255,280,275,177,226,278,261,302,251,167,215,97,126,136,238,250,193,169,168,346,198,406,50,,246,,177,253,228,198,200,200,162,144,227,284,303,194,315,254,245,293,239,285,205,148,223,232,285,304,280,242,187,181,148,172,149,173,143,122,331,340,277,181,210,285,303,,,75,20,,28,255,149,207,281,251,245,216,230,181,151,278,321,283,259,254,235,157,183,158,164,156,343,194,298,,41,,22,b'\x11\xe8\xe1I\xe8\x1f\r\x80\x9a\xbe\x12\xdf\x17\xaeN\x1e'
11E8E149-E81F-0D80-9ABE-12DF17AE4E1E,2026-ncaa-d3-natl,genius_ncaa,13,21,116,27,139,113,163,154,216,147,102,270,199,255,107,342,11,24,52,21,45,124,157,217,155,120,132,297,16,73,74,82,74,80,45,181,263,140,67,140,213,234,10,7,,,175,138,,306,75,176,245,113,101,197,174,159,96,231,311,9,15,12,90,172,82,56,43,223,80,244,9,,110,,291,75,191,170,238,74,142,191,84,286,317,153,340,196,185,215,180,194,234,227,97,93,123,325,341,222,164,74,206,74,190,45,175,193,220,248,204,160,98,336,293,,,50,15,,98,75,237,80,117,77,107,102,196,72,114,267,318,156,143,131,181,139,137,137,122,135,273,114,340,,19,,114,b'\x11\xe8\xe1I\xe8\x1f\r\x80\x9a\xbe\x12\xdf\x17\xaeN\x1e'
11E8E149-E823-5F5C-9ABE-12DF17AE4E1E,2018-ncaa-d3-conf-USA South,ncaa,11,12,5,11,7,9,9,9,10,14,14,6,4,2,7,1,15,15,9,15,14,9,11,6,7,9,4,3,17,11,14,12,8,12,13,12,15,9,11,12,13,15,17,16,,,19,19,,,12,9,12,9,12,11,10,16,17,5,1,15,18,18,12,15,12,17,15,13,10,14,17,,19,,,12,11,5,5,13,7,6,7,6,2,17,4,19,19,16,19,19,8,8,14,17,14,18,6,19,8,8,12,14,9,13,1,2,10,10,5,4,6,4,11,,,9,5,,,12,10,11,12,12,9,3,1,5,7,6,2,19,19,19,6,5,6,12,9,3,9,4,4,,9,,,b'\x11\xe8\xe1I\xe8#_\\\x9a\xbe\x12\xdf\x17\xaeN\x1e'
11E8E149-E823-5F5C-9ABE-12DF17AE4E1E,2018-ncaa-d3-natl,ncaa,262,197,390,250,403,317,312,367,214,340,403,139,149,131,214,50,372,375,297,384,239,373,391,161,197,203,116,74,361,338,302,379,178,387,267,371,405,98,242,314,339,268,375,360,,,361,441,,,252,396,145,303,195,190,170,273,351,77,48,333,303,322,190,186,254,241,264,337,246,259,360,,443,,,253,88,31,18,261,63,46,202,41,19,332,39,425,428,206,428,442,39,41,253,335,302,350,54,442,62,178,107,302,72,267,11,19,283,164,62,71,167,47,144,,,337,168,,,252,49,225,275,251,276,141,70,198,200,102,39,443,444,444,216,251,169,299,247,44,163,172,89,,156,,,b'\x11\xe8\xe1I\xe8#_\\\x9a\xbe\x12\xdf\x17\xaeN\x1e'
11E8E149-E823-5F5C-9ABE-12DF17AE4E1E,2019-ncaa-d3-conf-USA South,ncaa,14,14,5,14,5,11,10,8,10,11,13,4,3,2,13,1,16,17,14,17,13,11,11,8,10,11,4,2,18,9,12,9,2,8,11,6,5,8,9,5,8,7,12,12,,,18,18,,,9,10,16,6,14,11,10,14,16,5,2,17,17,17,12,14,12,13,13,5,6,8,13,,16,,,9,10,7,5,13,12,9,11,3,2,13,2,17,17,10,17,16,6,7,11,12,11,6,3,16,2,2,12,12,8,11,5,7,8,6,6,8,9,1,2,,,12,12,,,9,9,11,8,9,6,5,2,8,8,2,1,17,16,16,2,2,1,13,6,3,9,9,1,,16,,,b'\x11\xe8\xe1I\xe8#_\\\x9a\xbe\x12\xdf\x17\xaeN\x1e'
11E8E149-E823-5F5C-9ABE-12DF17AE4E1E,2019-ncaa-d3-natl,ncaa,338,219,422,307,423,387,375,406,243,391,422,105,193,143,307,26,427,428,282,428,341,411,419,196,244,226,139,52,415,373,237,407,94,401,189,340,194,18,189,170,335,168,340,296,,,131,436,,,177,427,253,130,222,184,128,272,377,62,24,400,401,402,194,230,181,168,164,164,176,189,281,,410,,,169,9,9,8,172,24,32,130,6,5,186,7,193,228,123,219,394,12,14,124,171,155,132,10,431,9,94,36,237,20,189,6,24,367,141,49,25,160,2,3,,,429,373,,,177,17,221,129,169,131,94,58,204,273,10,5,398,424,424,121,147,99,314,216,21,174,149,1,,386,,,b'\x11\xe8\xe1I\xe8#_\\\x9a\xbe\x12\xdf\x17\xaeN\x1e'
11E8E149-E823-5F5C-9ABE-12DF17AE4E1E,2020-ncaa-d3-conf-USA South,ncaa,13,14,5,13,6,12,13,8,14,14,15,14,6,3,13,1,13,13,9,13,8,8,8,14,14,14,2,5,13,8,13,7,5,8,11,11,6,8,11,12,11,10,8,8,,,16,17,,,13,8,17,6,14,14,12,16,17,6,5,14,15,15,14,14,9,13,11,14,8,13,10,,17,,,13,10,3,3,8,3,5,8,13,9,17,9,16,16,13,16,17,8,8,9,13,13,17,11,17,5,5,13,13,9,11,7,11,9,11,9,11,11,5,8,,,15,17,,,13,11,13,12,13,7,5,3,3,2,10,6,18,17,17,3,2,4,12,10,7,13,10,4,,18,,,b'\x11\xe8\xe1I\xe8#_\\\x9a\xbe\x12\xdf\x17\xaeN\x1e'
11E8E149-E823-5F5C-9ABE-12DF17AE4E1E,2020-ncaa-d3-natl,ncaa,344,245,419,331,420,412,412,414,380,416,425,342,293,220,370,37,414,422,292,422,232,417,423,360,369,359,81,68,280,368,291,404,124,406,258,390,143,34,273,302,362,210,267,157,,,85,394,,,302,428,284,120,370,364,245,390,385,168,53,365,357,353,282,266,204,177,200,298,249,236,180,,362,,,319,12,10,11,154,12,16,134,33,21,253,161,213,230,156,216,416,12,11,157,222,233,361,189,419,16,124,45,291,24,258,17,163,403,235,164,109,316,25,155,,,430,422,,,302,11,351,217,319,184,104,90,104,120,182,141,404,409,403,168,134,128,350,272,116,254,302,77,,424,,,b'\x11\xe8\xe1I\xe8#_\\\x9a\xbe\x12\xdf\x17\xaeN\x1e'
11E8E149-E823-5F5C-9ABE-12DF17AE4E1E,2021-ncaa-d3-conf-USA South,ncaa,7,8,9,7,10,10,11,10,12,12,14,9,8,6,12,1,14,15,8,15,14,9,11,10,11,12,6,3,14,9,8,12,7,11,8,8,4,8,11,10,11,10,12,11,,,10,14,,,10,13,13,9,12,12,11,13,13,7,3,14,15,15,11,12,9,13,12,10,10,11,12,,12,,,9,7,5,3,9,5,2,10,5,5,4,10,13,12,10,12,15,5,4,7,10,9,12,7,15,3,7,8,8,7,8,11,14,10,6,8,9,10,8,11,,,14,13,,,10,4,12,8,9,7,7,3,7,4,6,5,15,15,15,6,4,3,8,8,8,8,11,5,,13,,,b'\x11\xe8\xe1I\xe8#_\\\x9a\xbe\x12\xdf\x17\xaeN\x1e'
11E8E149-E823-5F5C-9ABE-12DF17AE4E1E,2021-ncaa-d3-natl,ncaa,80,183,61,125,70,94,93,69,184,106,105,126,70,43,203,34,126,130,137,133,189,73,68,174,182,202,109,72,219,60,113,92,185,82,166,69,61,247,232,183,66,107,125,168,,,224,222,,,179,74,103,110,183,170,129,188,230,97,46,220,229,228,167,97,105,220,178,114,237,100,185,,223,,,160,206,189,184,139,192,182,159,170,193,95,133,251,250,153,250,269,208,214,128,158,117,200,91,266,210,185,214,113,214,166,221,241,50,49,97,248,220,171,142,,,114,252,,,179,212,201,113,161,127,90,55,106,57,92,116,254,255,255,103,166,142,144,143,170,54,230,105,,237,,,b'\x11\xe8\xe1I\xe8#_\\\x9a\xbe\x12\xdf\x17\xaeN\x1e'
11E8E149-E823-5F5C-9ABE-12DF17AE4E1E,2022-ncaa-d3-conf-USA South,ncaa,6,7,5,7,6,5,5,6,6,8,11,5,4,4,8,5,11,9,12,9,7,10,9,6,6,7,9,5,14,7,11,6,9,5,11,5,5,9,9,5,6,7,4,4,,,14,13,,,8,9,10,11,8,7,10,12,15,5,4,14,12,12,13,15,14,8,8,5,6,7,4,,12,,,8,12,10,12,4,9,10,4,12,16,7,14,15,14,16,14,15,12,12,5,8,9,17,12,17,12,9,12,11,10,11,7,2,8,10,4,14,11,6,4,,,13,15,,,8,12,8,8,7,8,4,6,4,6,9,12,15,13,13,7,10,11,9,10,3,10,10,3,,15,,,b'\x11\xe8\xe1I\xe8#_\\\x9a\xbe\x12\xdf\x17\xaeN\x1e'
11E8E149-E823-5F5C-9ABE-12DF17AE4E1E,2022-ncaa-d3-natl,ncaa,131,182,61,161,87,109,107,98,149,138,208,79,85,63,223,91,167,100,349,103,116,92,72,132,162,189,169,135,278,131,203,95,233,109,210,103,145,357,272,209,62,108,98,117,,,414,370,,,172,63,108,259,148,154,182,195,316,100,78,228,151,156,180,142,192,180,194,140,279,88,127,,396,,,174,326,225,293,111,235,295,121,197,271,87,168,423,422,293,422,408,354,380,98,162,131,342,131,420,335,233,323,203,338,210,116,65,43,98,31,340,264,63,57,,,106,230,,,172,385,193,130,167,200,110,149,134,169,114,185,407,405,407,242,307,251,216,229,61,78,284,25,,186,,,b'\x11\xe8\xe1I\xe8#_\\\x9a\xbe\x12\xdf\x17\xaeN\x1e'
11E8E149-E823-5F5C-9ABE-12DF17AE4E1E,2023-ncaa-d3-conf-USA South,ncaa,3,3,3,3,3,3,3,3,4,3,4,3,3,2,5,3,3,5,3,5,5,3,3,3,3,4,5,5,7,3,5,3,6,3,6,3,3,6,4,3,3,4,3,3,,,8,8,,,4,3,6,1,4,4,3,4,6,3,3,4,7,7,3,5,3,5,4,3,4,4,2,,8,,,4,8,7,9,3,7,8,6,4,6,1,4,8,7,5,7,7,9,9,2,2,4,4,2,7,7,6,9,5,8,6,8,4,3,6,5,8,6,4,4,,,5,8,,,4,9,3,5,4,5,5,4,6,6,3,4,7,7,6,4,5,6,7,6,4,6,5,3,,9,,,b'\x11\xe8\xe1I\xe8#_\\\x9a\xbe\x12\xdf\x17\xaeN\x1e'
11E8E149-E823-5F5C-9ABE-12DF17AE4E1E,2023-ncaa-d3-natl,ncaa,132,131,109,138,129,81,78,60,151,59,71,100,194,129,340,244,60,70,104,72,198,57,47,186,162,156,308,321,154,60,109,167,287,112,207,86,213,281,153,164,39,56,172,240,,,371,287,,,150,51,48,161,65,66,41,51,69,228,147,63,77,78,37,39,65,213,115,93,252,35,189,,362,,,152,345,327,309,263,376,383,235,90,108,135,46,385,392,186,392,304,350,380,207,240,163,100,38,344,321,287,314,109,330,207,175,67,53,80,62,363,280,68,25,,,139,300,,,150,381,141,161,155,290,281,263,333,356,67,71,371,387,385,307,358,279,267,274,155,50,333,50,,152,,,b'\x11\xe8\xe1I\xe8#_\\\x9a\xbe\x12\xdf\x17\xaeN\x1e'
11E8E149-E823-5F5C-9ABE-12DF17AE4E1E,2024-ncaa-d3-conf-USA South,ncaa,4,4,3,4,3,4,4,5,2,4,7,2,1,3,1,2,9,9,7,9,6,5,5,2,2,3,3,2,10,5,5,4,3,5,4,3,2,5,5,4,3,3,3,3,,,7,8,,,4,4,7,4,4,4,6,4,9,2,2,10,10,10,7,9,6,5,6,3,4,4,3,,7,,,4,3,3,3,5,3,3,4,7,6,9,7,7,6,8,5,8,4,3,4,5,4,9,9,8,2,3,3,5,2,4,5,5,3,3,4,6,7,1,1,,,8,9,,,4,7,4,4,4,4,3,3,3,2,6,4,5,5,5,3,2,2,2,2,4,6,6,1,,9,,,b'\x11\xe8\xe1I\xe8#_\\\x9a\xbe\x12\xdf\x17\xaeN\x1e'
11E8E149-E823-5F5C-9ABE-12DF17AE4E1E,2024-ncaa-d3-natl,ncaa,142,115,296,138,328,175,150,250,45,156,256,52,143,182,76,146,339,347,254,350,335,277,286,47,63,112,263,150,400,265,147,310,161,302,142,134,147,214,258,150,119,80,193,157,,,245,328,,,125,288,160,244,95,71,151,99,208,104,144,343,344,345,197,177,231,267,252,75,258,93,172,,315,,,112,89,68,60,137,57,104,89,164,81,376,144,270,266,248,265,338,71,118,164,203,128,343,259,356,95,161,45,147,45,142,51,81,123,67,43,236,267,18,10,,,373,388,,,125,139,119,113,111,147,111,94,98,161,208,102,322,318,321,125,220,121,83,80,81,75,276,11,,387,,,b'\x11\xe8\xe1I\xe8#_\\\x9a\xbe\x12\xdf\x17\xaeN\x1e'
11E8E149-E823-5F5C-9ABE-12DF17AE4E1E,2025-ncaa-d3-conf-USA South,genius_ncaa,2,2,1,2,1,2,2,3,1,4,6,2,1,2,1,3,2,4,1,4,2,3,3,1,1,1,2,2,6,6,6,2,4,4,4,2,2,2,2,2,4,4,2,2,,,7,5,,9,2,2,6,3,2,3,5,4,8,1,3,5,6,6,4,8,6,5,5,2,1,4,2,,4,,7,2,5,5,6,3,5,5,5,5,8,2,8,4,3,8,2,3,6,9,3,3,4,5,6,4,5,4,6,6,6,4,6,7,4,5,5,3,3,3,5,,,5,6,,9,2,8,2,4,2,3,4,5,3,4,5,6,2,1,1,5,3,4,3,4,5,5,2,3,,7,,9,b'\x11\xe8\xe1I\xe8#_\\\x9a\xbe\x12\xdf\x17\xaeN\x1e'
11E8E149-E823-5F5C-9ABE-12DF17AE4E1E,2025-ncaa-d3-natl,genius_ncaa,102,44,345,66,357,183,179,265,99,250,324,93,68,102,53,52,263,345,11,342,254,282,335,60,58,55,75,43,315,274,187,280,184,283,166,138,114,37,88,54,109,66,183,146,,,56,91,,220,54,344,160,258,54,65,90,172,270,25,42,190,306,307,111,175,202,122,151,61,98,70,152,,97,,276,37,25,33,69,38,59,81,112,35,159,4,281,48,36,318,37,78,49,82,37,36,28,101,128,171,131,184,52,187,63,166,27,93,164,87,49,90,162,121,213,,,386,395,,348,54,81,67,34,37,58,92,222,137,178,69,261,90,64,59,173,254,215,161,187,71,90,168,175,,393,,343,b'\x11\xe8\xe1I\xe8#_\\\x9a\xbe\x12\xdf\x17\xaeN\x1e'
11E8E149-E823-5F5C-9ABE-12DF17AE4E1E,2026-ncaa-d3-conf-USA South,genius_ncaa,3,1,8,1,8,9,9,9,2,9,10,1,7,6,6,3,9,9,3,9,2,9,9,3,3,1,5,6,5,9,4,9,8,9,4,9,7,1,3,3,7,2,10,10,,,1,1,,8,3,9,5,1,3,4,6,2,9,5,3,2,4,4,5,5,5,4,4,5,2,2,10,,1,,10,2,1,1,2,4,3,2,4,1,1,1,2,1,1,2,1,1,2,2,3,3,2,1,1,1,2,8,2,4,2,4,1,1,8,3,2,1,5,2,8,,,9,1,,4,3,2,1,2,2,2,4,6,9,9,1,2,1,1,1,4,8,8,2,3,3,3,5,6,,2,,2,b'\x11\xe8\xe1I\xe8#_\\\x9a\xbe\x12\xdf\x17\xaeN\x1e'
11E8E149-E823-5F5C-9ABE-12DF17AE4E1E,2026-ncaa-d3-natl,genius_ncaa,157,68,327,116,332,217,241,325,79,291,351,73,117,207,53,83,168,220,75,223,66,313,322,49,34,48,62,81,155,251,40,312,308,298,110,139,39,100,195,75,253,180,261,278,,,70,89,,104,126,334,112,30,15,49,90,136,247,19,51,38,51,62,69,73,96,108,85,18,240,119,206,,166,,133,108,120,128,129,164,172,207,116,58,44,197,27,165,116,367,113,79,121,103,130,156,221,84,66,252,208,308,37,40,72,110,70,40,331,308,198,220,324,117,221,,,294,180,,291,126,84,41,252,105,302,313,369,346,403,111,79,310,244,236,372,349,354,45,191,155,240,345,202,,106,,279,b'\x11\xe8\xe1I\xe8#_\\\x9a\xbe\x12\xdf\x17\xaeN\x1e'
11E8E149-E827-9EE6-9ABE-12DF17AE4E1E,2018-ncaa-d3-conf-ODAC,ncaa,7,7,5,7,5,3,3,2,5,4,2,7,6,7,1,8,2,2,4,2,7,2,3,5,5,3,6,7,4,6,7,8,11,7,11,3,7,2,1,1,7,7,4,8,,,10,11,,,7,3,2,1,2,3,1,4,3,6,7,2,2,2,2,2,6,11,6,3,2,7,5,,11,,,7,12,11,9,12,11,9,12,6,4,9,3,11,11,3,11,10,10,10,11,12,11,4,5,9,11,11,11,7,12,11,11,11,6,5,8,3,2,12,11,,,3,6,,,7,9,3,11,7,12,11,8,12,9,6,4,11,11,11,11,12,10,12,12,11,4,4,12,,3,,,"b""\x11\xe8\xe1I\xe8'\x9e\xe6\x9a\xbe\x12\xdf\x17\xaeN\x1e"""
11E8E149-E827-9EE6-9ABE-12DF17AE4E1E,2018-ncaa-d3-natl,ncaa,218,223,197,227,208,133,152,149,167,120,79,257,257,351,48,387,58,100,35,107,246,137,202,196,150,86,262,339,79,179,232,291,319,258,306,195,291,39,28,79,208,231,152,181,,,330,361,,,183,207,201,48,77,106,90,77,43,254,358,26,73,80,73,160,170,318,253,176,45,214,148,,367,,,181,310,299,168,361,364,305,330,96,57,317,41,365,387,152,387,340,219,230,321,343,331,114,49,336,290,319,291,232,294,306,331,295,204,229,285,23,21,423,363,,,157,140,,,183,216,85,334,193,318,309,203,349,321,109,52,388,397,397,250,268,299,312,313,326,205,31,423,,116,,,"b""\x11\xe8\xe1I\xe8'\x9e\xe6\x9a\xbe\x12\xdf\x17\xaeN\x1e"""
11E8E149-E827-9EE6-9ABE-12DF17AE4E1E,2019-ncaa-d3-conf-ODAC,ncaa,9,9,5,9,6,3,3,4,5,5,4,6,2,3,1,6,8,8,8,8,9,4,4,3,5,5,5,5,11,6,8,7,11,9,9,5,8,8,5,5,8,11,10,11,,,12,11,,,9,4,1,3,2,1,1,3,2,2,3,6,7,7,2,2,5,4,6,2,8,9,10,,13,,,9,13,12,11,8,12,12,9,1,1,3,1,13,13,10,13,10,11,9,6,9,9,2,1,11,13,11,11,8,12,9,10,8,6,9,8,7,5,13,12,,,7,9,,,9,9,5,10,9,13,13,13,13,13,2,2,13,13,13,13,13,13,12,12,11,6,8,13,,6,,,"b""\x11\xe8\xe1I\xe8'\x9e\xe6\x9a\xbe\x12\xdf\x17\xaeN\x1e"""
11E8E149-E827-9EE6-9ABE-12DF17AE4E1E,2019-ncaa-d3-natl,ncaa,187,185,215,187,242,80,87,108,104,124,128,154,89,146,38,221,131,150,160,145,207,105,98,85,85,104,178,162,268,248,317,210,332,236,336,137,286,301,219,194,229,303,254,327,,,409,366,,,203,74,18,132,36,34,40,78,94,62,130,98,119,116,41,34,247,172,210,107,310,230,252,,430,,,203,414,374,343,316,417,404,317,55,95,68,26,439,436,371,435,372,391,371,242,316,328,88,9,416,365,332,338,317,359,336,303,154,178,275,250,239,173,417,376,,,167,270,,,203,356,142,338,218,408,373,384,413,413,59,91,443,442,442,413,419,369,353,369,303,157,251,417,,122,,,"b""\x11\xe8\xe1I\xe8'\x9e\xe6\x9a\xbe\x12\xdf\x17\xaeN\x1e"""
11E8E149-E827-9EE6-9ABE-12DF17AE4E1E,2020-ncaa-d3-conf-ODAC,ncaa,4,4,6,4,8,5,7,2,10,8,8,9,2,1,9,4,3,2,9,2,1,2,2,9,8,9,1,4,2,2,2,9,6,3,8,8,10,11,4,10,2,1,12,12,,,13,13,,,8,2,1,6,2,6,1,9,5,2,1,2,1,1,1,1,1,8,2,7,12,1,11,,13,,,8,10,4,3,9,7,5,9,3,3,4,4,13,13,6,13,13,6,11,9,10,6,10,1,13,4,6,12,2,11,8,8,11,1,1,1,6,1,11,12,,,1,1,,,8,12,8,6,8,9,6,4,7,6,2,3,13,13,13,8,13,7,11,11,9,1,7,12,,1,,,"b""\x11\xe8\xe1I\xe8'\x9e\xe6\x9a\xbe\x12\xdf\x17\xaeN\x1e"""
11E8E149-E827-9EE6-9ABE-12DF17AE4E1E,2020-ncaa-d3-natl,ncaa,170,198,126,190,147,105,188,23,390,295,147,388,38,14,287,60,21,7,348,7,11,13,9,359,346,317,16,56,32,18,129,198,189,64,272,269,360,368,167,342,17,27,259,275,,,437,438,,,247,17,8,143,89,225,12,337,172,37,14,12,2,3,7,5,14,242,40,308,339,19,276,,437,,,247,417,305,183,348,362,290,337,90,79,222,24,437,437,218,437,437,345,417,318,385,231,280,17,438,194,189,432,129,422,272,357,352,15,23,76,306,144,406,378,,,3,35,,,247,420,278,182,249,370,257,140,319,253,77,55,438,438,438,300,418,167,429,383,327,14,288,402,,1,,,"b""\x11\xe8\xe1I\xe8'\x9e\xe6\x9a\xbe\x12\xdf\x17\xaeN\x1e"""
11E8E149-E827-9EE6-9ABE-12DF17AE4E1E,2021-ncaa-d3-conf-ODAC,ncaa,5,1,10,1,10,9,9,10,6,9,10,5,7,8,4,2,9,9,9,9,1,10,10,4,5,5,1,1,7,9,4,11,5,11,8,9,4,2,8,8,4,1,10,8,,,3,11,,,4,10,1,6,1,3,1,7,9,1,1,3,1,1,1,1,2,11,8,3,10,1,7,,11,,,2,2,2,2,11,2,2,11,1,1,1,1,3,3,2,3,10,2,2,9,9,1,1,1,9,2,5,2,4,2,8,2,8,8,1,1,2,5,1,1,,,10,6,,,4,2,5,1,4,7,8,1,10,8,1,1,9,11,9,1,11,1,9,7,7,1,9,1,,2,,,"b""\x11\xe8\xe1I\xe8'\x9e\xe6\x9a\xbe\x12\xdf\x17\xaeN\x1e"""
11E8E149-E827-9EE6-9ABE-12DF17AE4E1E,2021-ncaa-d3-natl,ncaa,128,1,232,1,234,219,222,228,108,236,242,101,171,192,64,19,221,220,231,220,23,227,229,64,82,103,14,13,174,229,146,245,60,243,194,213,85,59,177,142,135,1,234,211,,,71,275,,,85,230,5,110,20,48,22,159,204,4,7,67,33,34,19,8,80,260,216,43,247,1,202,,279,,,49,50,50,43,274,57,46,272,24,28,26,8,61,65,52,65,186,45,52,250,247,72,7,5,188,28,60,53,146,49,194,54,198,191,1,29,50,106,27,24,,,229,181,,,85,55,111,39,71,154,192,30,263,182,7,6,191,232,221,49,251,14,244,143,207,1,159,17,,62,,,"b""\x11\xe8\xe1I\xe8'\x9e\xe6\x9a\xbe\x12\xdf\x17\xaeN\x1e"""
11E8E149-E827-9EE6-9ABE-12DF17AE4E1E,2022-ncaa-d3-conf-ODAC,ncaa,7,8,5,7,5,6,6,6,10,6,4,8,11,10,11,11,4,2,9,2,4,5,3,10,10,10,10,11,1,1,2,5,6,4,4,7,9,12,10,10,1,3,4,5,,,5,3,,,7,4,5,1,8,8,5,6,4,11,11,3,1,1,3,1,2,5,2,7,12,2,5,,5,,,7,5,6,8,4,6,8,4,8,9,5,7,3,4,2,3,3,8,10,4,3,1,7,8,2,9,6,6,2,8,4,9,8,3,5,7,12,11,3,2,,,3,8,,,7,9,10,5,7,6,7,10,8,8,6,10,3,4,4,9,10,9,7,7,6,5,12,2,,3,,,"b""\x11\xe8\xe1I\xe8'\x9e\xe6\x9a\xbe\x12\xdf\x17\xaeN\x1e"""
11E8E149-E827-9EE6-9ABE-12DF17AE4E1E,2022-ncaa-d3-natl,ncaa,232,234,250,249,250,259,275,264,285,233,203,287,340,322,354,321,99,59,288,62,77,244,182,315,294,332,252,348,28,76,34,169,219,128,92,285,278,389,368,364,66,51,196,184,,,136,110,,,220,232,163,6,258,295,235,212,143,343,310,60,33,39,170,63,38,80,41,291,390,44,178,,157,,,220,127,142,194,129,137,157,131,219,251,160,282,109,142,75,146,180,177,208,137,111,83,233,279,151,264,219,120,34,165,92,221,281,117,96,128,402,383,159,158,,,184,205,,,220,196,299,106,221,168,183,276,163,219,241,289,133,181,190,251,322,298,150,210,244,73,399,184,,105,,,"b""\x11\xe8\xe1I\xe8'\x9e\xe6\x9a\xbe\x12\xdf\x17\xaeN\x1e"""
11E8E149-E827-9EE6-9ABE-12DF17AE4E1E,2023-ncaa-d3-conf-ODAC,ncaa,2,3,3,3,4,3,3,4,2,2,2,2,11,12,4,13,3,4,4,4,10,4,6,3,2,2,13,12,9,7,5,3,4,3,3,4,7,3,4,4,8,7,5,6,,,9,10,,,2,6,11,5,3,4,7,1,2,12,12,4,6,7,7,9,8,3,3,4,4,8,6,,7,,,2,3,2,8,2,2,7,2,2,6,2,8,11,11,11,11,10,9,8,2,2,3,11,7,13,8,4,2,5,5,3,1,2,9,9,3,1,1,12,8,,,9,9,,,2,6,2,4,2,3,2,5,1,6,3,5,12,11,11,4,4,7,1,3,2,11,1,11,,10,,,"b""\x11\xe8\xe1I\xe8'\x9e\xe6\x9a\xbe\x12\xdf\x17\xaeN\x1e"""
11E8E149-E827-9EE6-9ABE-12DF17AE4E1E,2023-ncaa-d3-natl,ncaa,56,43,109,50,158,165,145,228,70,83,117,92,329,361,194,367,162,173,182,174,247,219,225,109,111,126,378,375,183,176,89,104,163,127,61,153,223,192,203,175,215,216,103,89,,,286,321,,,74,248,348,268,185,149,299,73,125,357,386,179,195,196,292,321,201,104,148,175,160,249,107,,257,,,67,54,25,149,5,30,165,6,110,180,66,197,343,323,319,319,349,171,182,8,17,39,393,221,416,241,163,57,89,102,61,19,42,198,192,28,70,74,357,298,,,254,268,,,74,167,124,50,72,27,8,79,10,114,90,136,328,308,304,100,98,198,26,74,8,247,60,350,,320,,,"b""\x11\xe8\xe1I\xe8'\x9e\xe6\x9a\xbe\x12\xdf\x17\xaeN\x1e"""
11E8E149-E827-9EE6-9ABE-12DF17AE4E1E,2024-ncaa-d3-conf-ODAC,ncaa,3,3,3,3,3,6,6,5,5,3,2,5,10,11,6,12,9,11,5,11,12,6,6,6,6,6,12,11,10,6,2,3,6,3,3,5,3,4,5,3,5,5,2,3,,,2,3,,,3,6,10,4,6,6,8,3,2,11,11,10,11,11,9,8,5,3,3,5,3,5,3,,2,,,3,2,2,8,1,1,8,1,7,6,9,6,4,5,1,5,4,8,8,2,2,2,11,9,6,6,6,2,2,3,3,2,4,7,9,3,6,8,3,1,,,10,10,,,3,8,6,3,3,1,2,4,1,8,6,4,3,3,3,4,4,6,2,3,2,10,7,2,,12,,,"b""\x11\xe8\xe1I\xe8'\x9e\xe6\x9a\xbe\x12\xdf\x17\xaeN\x1e"""
11E8E149-E827-9EE6-9ABE-12DF17AE4E1E,2024-ncaa-d3-natl,ncaa,89,87,112,98,128,197,146,160,128,78,68,131,357,356,345,376,282,301,186,294,388,188,170,188,198,215,415,388,328,73,38,75,104,74,33,157,214,266,254,198,97,83,46,40,,,154,157,,,79,240,328,67,241,150,190,64,62,373,378,325,345,336,231,228,66,50,44,171,244,113,42,,126,,,73,37,33,153,7,28,204,5,117,110,190,134,135,183,39,182,187,150,187,9,9,14,323,285,307,194,104,91,38,113,33,17,45,131,112,21,285,265,57,24,,,266,330,,,79,197,179,16,66,12,15,90,17,173,94,82,102,168,170,85,124,164,56,75,11,146,257,40,,330,,,"b""\x11\xe8\xe1I\xe8'\x9e\xe6\x9a\xbe\x12\xdf\x17\xaeN\x1e"""
11E8E149-E827-9EE6-9ABE-12DF17AE4E1E,2025-ncaa-d3-conf-ODAC,genius_ncaa,3,2,8,3,8,6,5,9,1,5,5,4,12,12,4,11,7,9,1,8,12,9,12,4,2,4,12,12,7,5,3,9,6,8,4,4,5,2,5,4,5,3,5,4,,,3,8,,2,4,13,12,3,5,5,8,4,4,12,12,7,9,9,8,11,6,9,6,3,5,4,5,,5,,2,3,1,1,1,3,1,1,1,3,2,8,10,1,1,2,1,6,1,1,3,2,1,13,12,5,4,6,2,3,2,4,1,2,6,2,1,1,4,3,4,,,10,5,,6,4,1,4,1,3,1,1,2,1,2,5,4,1,4,3,2,3,6,2,3,1,4,4,3,,8,,4,"b""\x11\xe8\xe1I\xe8'\x9e\xe6\x9a\xbe\x12\xdf\x17\xaeN\x1e"""
11E8E149-E827-9EE6-9ABE-12DF17AE4E1E,2025-ncaa-d3-natl,genius_ncaa,57,25,192,42,246,215,168,265,79,110,125,148,334,375,123,378,263,292,133,287,357,276,307,133,135,134,386,361,292,114,23,251,168,182,43,185,232,102,160,146,113,64,96,32,,,158,271,,256,48,356,406,219,201,142,251,72,86,345,381,266,308,301,282,332,87,246,150,170,120,96,85,,164,,266,41,10,7,29,14,5,40,10,76,96,118,254,85,115,53,116,268,26,56,17,19,12,357,324,298,125,168,27,23,37,43,2,10,121,53,2,47,73,56,36,,,271,214,,72,48,60,102,16,39,5,6,16,5,28,92,102,82,115,117,14,39,133,20,41,3,111,59,54,,276,,61,"b""\x11\xe8\xe1I\xe8'\x9e\xe6\x9a\xbe\x12\xdf\x17\xaeN\x1e"""
11E8E149-E827-9EE6-9ABE-12DF17AE4E1E,2026-ncaa-d3-conf-ODAC,genius_ncaa,2,1,3,1,3,5,6,11,4,5,7,4,11,12,9,10,3,2,7,2,1,7,7,6,3,3,7,12,1,4,1,3,6,4,1,3,1,5,7,3,6,7,8,9,,,1,1,,5,3,7,8,1,4,5,10,4,7,11,11,1,1,1,6,6,2,3,3,2,7,5,8,,1,,7,3,2,4,9,3,5,8,3,6,7,9,4,2,7,2,7,4,8,8,3,2,2,7,10,4,7,6,1,1,1,1,3,2,7,9,3,6,8,1,5,,,3,3,,10,3,7,3,2,2,2,5,11,5,9,8,9,2,7,7,10,10,9,1,2,3,5,8,3,,2,,10,"b""\x11\xe8\xe1I\xe8'\x9e\xe6\x9a\xbe\x12\xdf\x17\xaeN\x1e"""
11E8E149-E827-9EE6-9ABE-12DF17AE4E1E,2026-ncaa-d3-natl,genius_ncaa,13,21,116,27,122,155,140,204,92,61,100,89,360,343,348,389,52,57,235,48,105,169,173,159,148,154,382,402,77,163,145,111,135,129,109,118,163,226,197,156,94,86,304,338,,,101,22,,156,59,176,281,50,164,151,289,57,92,377,388,62,47,42,211,227,190,100,132,140,183,103,328,,21,,133,64,130,143,221,34,148,267,19,162,126,247,80,103,142,23,134,72,208,235,38,18,20,166,232,118,213,135,196,145,198,109,75,42,107,96,27,203,171,151,95,,,95,59,,169,59,240,159,27,60,31,58,157,79,252,107,56,42,86,82,128,163,175,119,134,29,111,167,120,,87,,206,"b""\x11\xe8\xe1I\xe8'\x9e\xe6\x9a\xbe\x12\xdf\x17\xaeN\x1e"""
11E8E149-E82B-D678-9ABE-12DF17AE4E1E,2018-ncaa-d3-conf-MASCAC,ncaa,3,3,1,3,3,4,4,3,3,4,5,4,4,4,3,5,5,5,6,5,3,3,6,4,4,3,5,5,4,7,7,5,2,6,6,4,5,2,3,3,2,2,5,4,,,2,2,,,3,6,7,6,4,4,6,4,6,5,5,5,5,5,6,7,7,6,7,4,2,2,5,,1,,,3,3,3,2,5,3,2,5,4,3,7,4,1,1,5,1,1,2,2,5,5,4,2,5,1,1,2,4,7,3,6,4,4,2,2,3,1,2,1,1,,,4,2,,,3,2,3,3,3,1,1,1,1,1,4,3,1,1,1,1,1,1,3,2,3,3,1,1,,4,,,b'\x11\xe8\xe1I\xe8+\xd6x\x9a\xbe\x12\xdf\x17\xaeN\x1e'
11E8E149-E82B-D678-9ABE-12DF17AE4E1E,2018-ncaa-d3-natl,ncaa,243,309,68,273,107,232,164,209,116,100,116,98,360,353,326,360,346,331,339,327,395,237,214,169,213,250,421,380,393,298,325,278,302,299,326,200,279,302,298,249,187,207,208,248,,,65,31,,,267,178,359,303,323,231,357,119,185,388,382,404,396,395,386,386,371,400,416,253,212,239,236,,23,,,263,262,368,292,349,383,324,356,205,186,220,182,50,35,368,33,17,205,262,324,297,249,34,162,26,283,302,236,325,250,326,338,201,130,130,225,262,277,69,39,,,294,335,,,267,250,279,252,272,159,274,160,314,232,146,129,28,15,13,82,80,194,152,163,254,178,204,40,,397,,,b'\x11\xe8\xe1I\xe8+\xd6x\x9a\xbe\x12\xdf\x17\xaeN\x1e'
11E8E149-E82B-D678-9ABE-12DF17AE4E1E,2019-ncaa-d3-conf-MASCAC,ncaa,3,3,1,3,4,4,3,2,2,2,2,2,4,4,4,5,5,5,3,5,7,2,2,2,3,4,6,5,6,3,2,4,3,4,2,3,3,3,3,3,2,2,3,3,,,2,2,,,4,3,6,6,4,3,3,2,2,4,5,6,7,7,3,4,3,6,5,3,3,2,3,,1,,,4,4,5,2,5,4,2,5,5,6,6,7,1,2,1,1,3,1,3,5,4,5,3,6,1,1,3,2,2,2,2,5,4,2,2,4,5,5,1,1,,,5,5,,,4,5,4,4,4,3,4,1,3,1,4,5,1,2,1,1,1,1,2,2,4,2,4,1,,6,,,b'\x11\xe8\xe1I\xe8+\xd6x\x9a\xbe\x12\xdf\x17\xaeN\x1e'
11E8E149-E82B-D678-9ABE-12DF17AE4E1E,2019-ncaa-d3-natl,ncaa,169,219,67,197,87,118,66,65,98,41,52,101,265,278,241,340,317,308,297,307,418,98,70,136,190,223,416,340,406,63,64,176,295,103,147,43,62,383,311,149,115,166,98,147,,,208,103,,,175,91,178,108,163,70,104,40,62,315,335,371,376,370,153,108,79,280,155,50,329,157,109,,136,,,179,328,397,367,337,409,387,332,187,198,208,128,66,105,26,100,53,349,359,298,225,179,29,124,40,341,295,208,64,267,147,397,298,85,119,230,398,348,151,60,,,282,405,,,175,352,187,184,183,215,317,274,353,337,134,123,38,73,71,214,276,283,108,165,326,107,364,116,,387,,,b'\x11\xe8\xe1I\xe8+\xd6x\x9a\xbe\x12\xdf\x17\xaeN\x1e'
11E8E149-E82B-D678-9ABE-12DF17AE4E1E,2020-ncaa-d3-conf-MASCAC,ncaa,4,4,2,4,2,3,3,2,2,3,2,4,2,2,2,3,4,4,3,4,6,2,3,3,3,3,3,3,6,2,2,2,3,2,3,3,5,2,2,3,4,4,5,4,,,6,6,,,4,3,2,2,3,3,2,3,2,2,2,3,4,5,2,2,1,2,2,3,2,4,5,,5,,,4,6,6,6,5,6,5,4,3,3,3,3,7,7,7,7,6,7,6,3,5,4,2,2,7,3,3,6,2,5,3,6,6,3,3,4,5,4,6,6,,,4,6,,,4,5,3,4,4,3,3,2,6,6,3,3,7,7,7,4,5,3,3,3,4,4,4,6,,5,,,b'\x11\xe8\xe1I\xe8+\xd6x\x9a\xbe\x12\xdf\x17\xaeN\x1e'
11E8E149-E82B-D678-9ABE-12DF17AE4E1E,2020-ncaa-d3-natl,ncaa,237,306,65,274,104,67,41,14,202,61,32,233,51,62,99,191,274,217,354,225,389,24,14,177,228,238,238,124,413,20,62,108,292,41,178,42,132,399,246,177,155,285,122,202,,,399,216,,,261,20,23,230,73,38,15,71,37,58,91,338,287,300,21,13,25,180,39,39,344,199,145,,349,,,258,433,430,413,394,427,416,390,258,253,228,101,394,396,223,397,250,424,425,372,374,320,71,65,225,368,292,407,62,395,178,430,367,46,134,299,421,333,435,400,,,194,412,,,261,419,200,310,254,392,393,345,415,385,211,191,364,362,361,369,405,310,329,324,400,62,386,433,,278,,,b'\x11\xe8\xe1I\xe8+\xd6x\x9a\xbe\x12\xdf\x17\xaeN\x1e'
11E8E149-E82B-D678-9ABE-12DF17AE4E1E,2022-ncaa-d3-conf-MASCAC,ncaa,2,2,1,2,1,2,1,2,2,1,2,3,3,4,1,4,3,3,2,3,5,2,2,2,2,2,5,4,5,3,4,1,2,1,2,1,3,6,2,1,4,4,1,1,,,7,7,,,2,2,4,1,3,2,3,3,3,3,4,3,3,3,2,4,4,2,2,2,2,4,1,,7,,,3,3,3,6,2,2,3,2,3,6,2,4,7,7,2,7,7,6,6,2,2,2,7,4,7,3,2,3,4,3,2,3,4,2,3,2,4,4,4,2,,,2,4,,,2,6,2,2,2,2,2,3,2,2,2,4,6,6,6,4,3,3,3,3,2,3,3,3,,4,,,b'\x11\xe8\xe1I\xe8+\xd6x\x9a\xbe\x12\xdf\x17\xaeN\x1e'
11E8E149-E82B-D678-9ABE-12DF17AE4E1E,2022-ncaa-d3-natl,ncaa,49,95,13,89,18,8,6,5,37,2,4,61,95,140,76,339,40,31,206,28,313,7,4,58,70,74,360,309,330,20,105,4,135,6,83,4,88,404,171,70,48,185,52,102,,,426,305,,,43,5,16,182,11,9,16,4,20,183,254,128,114,107,17,14,69,9,10,9,284,115,77,,394,,,56,411,393,421,121,391,413,138,314,389,70,182,418,426,30,426,371,426,424,107,112,97,237,152,358,388,135,404,105,405,83,393,304,26,134,143,410,254,318,104,,,36,329,,,43,425,67,101,66,261,223,328,244,307,160,268,361,397,399,367,398,282,260,276,283,58,324,218,,164,,,b'\x11\xe8\xe1I\xe8+\xd6x\x9a\xbe\x12\xdf\x17\xaeN\x1e'
11E8E149-E82B-D678-9ABE-12DF17AE4E1E,2023-ncaa-d3-conf-MASCAC,ncaa,1,1,2,1,2,2,1,2,2,2,3,2,2,2,2,3,2,4,1,4,3,2,3,2,2,2,4,4,4,3,3,2,2,3,2,1,3,1,1,1,2,2,1,1,,,4,2,,,1,3,5,2,2,2,2,3,4,2,3,3,5,5,2,4,3,2,3,2,1,2,1,,2,,,1,1,1,2,2,2,3,1,4,3,7,3,3,4,1,4,3,1,4,1,1,2,6,6,4,2,2,4,3,2,2,3,3,2,2,2,1,3,6,6,,,3,5,,,1,6,2,2,1,1,1,3,1,2,3,3,3,3,3,2,1,1,2,2,2,2,1,7,,4,,,b'\x11\xe8\xe1I\xe8+\xd6x\x9a\xbe\x12\xdf\x17\xaeN\x1e'
11E8E149-E82B-D678-9ABE-12DF17AE4E1E,2023-ncaa-d3-natl,ncaa,48,62,33,63,54,20,16,15,74,23,20,86,82,93,86,268,46,63,82,63,291,16,19,79,86,63,290,243,282,29,74,44,255,23,146,11,87,247,68,30,40,81,73,131,,,293,95,,,42,18,59,283,19,13,21,33,35,119,165,81,128,130,28,42,50,111,51,12,150,60,101,,165,,,48,366,374,395,185,352,402,90,334,239,399,98,259,299,71,305,136,403,413,185,151,90,199,257,144,379,255,372,74,391,146,369,302,24,62,125,235,93,390,240,,,45,265,,,42,413,46,103,54,217,243,273,233,334,239,128,162,202,207,263,346,290,234,264,280,41,145,352,,121,,,b'\x11\xe8\xe1I\xe8+\xd6x\x9a\xbe\x12\xdf\x17\xaeN\x1e'
11E8E149-E82B-D678-9ABE-12DF17AE4E1E,2024-ncaa-d3-conf-MASCAC,ncaa,2,2,1,2,3,3,2,3,2,4,5,1,2,2,3,2,2,3,3,3,3,3,5,2,2,2,3,2,5,6,6,2,2,5,3,2,1,2,2,2,2,2,1,1,,,7,7,,,3,2,5,7,3,2,4,5,6,2,2,4,5,5,4,5,6,3,6,2,2,2,1,,6,,,3,3,2,4,2,2,2,2,1,4,2,4,7,7,5,7,7,5,4,2,2,3,7,2,7,4,2,4,6,4,3,3,4,2,2,2,3,3,2,2,,,4,4,,,3,5,3,3,3,2,2,2,2,1,1,3,6,7,6,3,3,3,4,3,2,2,3,2,,5,,,b'\x11\xe8\xe1I\xe8+\xd6x\x9a\xbe\x12\xdf\x17\xaeN\x1e'
11E8E149-E82B-D678-9ABE-12DF17AE4E1E,2024-ncaa-d3-natl,ncaa,142,115,296,138,341,143,137,206,79,126,206,74,176,200,124,223,156,188,136,188,186,206,234,76,76,90,255,231,236,252,238,142,259,184,214,87,62,169,180,84,141,144,58,47,,,255,241,,,132,213,75,389,49,56,100,69,130,154,177,113,134,131,88,98,219,41,92,34,222,107,28,,320,,,128,165,113,207,72,109,200,62,212,229,183,223,355,310,386,309,310,236,245,78,112,119,356,250,381,328,259,176,238,248,214,260,380,172,184,227,167,177,120,115,,,250,274,,,132,219,108,150,129,252,173,326,162,282,261,298,390,361,362,354,358,347,258,305,291,117,215,147,,196,,,b'\x11\xe8\xe1I\xe8+\xd6x\x9a\xbe\x12\xdf\x17\xaeN\x1e'
11E8E149-E82B-D678-9ABE-12DF17AE4E1E,2025-ncaa-d3-conf-MASCAC,genius_ncaa,1,1,1,1,2,2,3,2,3,4,4,1,2,2,4,2,2,2,2,2,3,2,3,2,2,1,2,2,3,4,4,3,4,3,4,1,1,1,1,1,2,2,1,1,,,5,6,,1,1,3,4,3,2,3,2,4,5,2,2,2,3,3,2,4,5,4,4,1,1,2,1,,5,,1,1,1,1,2,2,1,1,2,2,3,3,3,3,5,1,5,5,2,3,2,1,1,4,3,6,3,4,4,4,4,4,2,3,2,2,2,1,2,4,5,,,3,4,,1,1,4,1,1,1,1,1,1,1,1,2,3,3,5,5,1,3,3,4,4,2,2,1,4,,4,,1,b'\x11\xe8\xe1I\xe8+\xd6x\x9a\xbe\x12\xdf\x17\xaeN\x1e'
11E8E149-E82B-D678-9ABE-12DF17AE4E1E,2025-ncaa-d3-natl,genius_ncaa,68,44,192,53,200,108,138,87,234,132,84,259,168,166,165,280,34,15,286,14,52,59,91,236,218,138,169,246,61,137,287,154,242,152,308,80,63,69,25,40,35,38,172,184,,,339,287,,1,112,79,48,49,44,84,31,97,48,156,156,13,6,6,16,41,119,115,101,55,80,22,169,,369,,1,110,240,216,202,213,236,239,192,173,155,241,124,324,353,108,354,329,241,340,205,216,109,217,148,311,279,242,398,287,384,308,272,291,40,44,90,152,92,384,312,,,55,66,,412,112,338,146,115,119,259,228,233,242,261,182,168,340,359,361,270,362,291,393,372,272,23,170,385,,22,,413,b'\x11\xe8\xe1I\xe8+\xd6x\x9a\xbe\x12\xdf\x17\xaeN\x1e'
11E8E149-E82B-D678-9ABE-12DF17AE4E1E,2026-ncaa-d3-natl,genius_ncaa,345,268,327,351,337,369,352,346,313,347,312,332,303,324,237,251,386,385,278,382,392,357,346,314,332,333,285,193,358,335,308,356,302,361,332,313,108,159,313,273,339,284,249,162,,,223,403,,45,322,340,116,113,329,272,153,246,127,245,245,382,382,378,218,157,244,263,276,202,310,252,172,,403,,72,348,133,89,64,256,61,64,200,225,126,365,288,274,215,379,200,372,72,77,301,347,317,390,332,375,133,302,143,308,134,332,149,335,285,154,231,160,279,290,378,,,367,343,,262,322,73,338,317,350,320,231,192,138,131,357,298,395,376,376,239,279,281,356,337,308,116,291,389,,313,,217,b'\x11\xe8\xe1I\xe8+\xd6x\x9a\xbe\x12\xdf\x17\xaeN\x1e'
11E8E149-E830-1472-9ABE-12DF17AE4E1E,2018-ncaa-d3-conf-SUNYAC,ncaa,5,5,5,5,5,5,6,7,2,5,7,2,6,9,4,8,3,3,3,2,3,7,6,2,2,3,7,8,1,8,7,4,3,6,3,5,5,5,6,5,8,9,5,6,,,6,6,,,5,6,10,1,4,6,9,4,6,7,9,2,3,3,8,9,9,2,6,5,5,10,6,,6,,,5,7,7,8,4,5,9,4,7,5,8,5,6,6,4,6,5,8,4,4,5,6,5,6,6,6,3,3,7,3,3,1,1,8,9,4,3,4,9,9,,,3,2,,,5,5,4,7,5,6,6,6,6,9,6,3,6,7,7,5,4,6,3,3,2,10,3,9,,2,,,b'\x11\xe8\xe1I\xe80\x14r\x9a\xbe\x12\xdf\x17\xaeN\x1e'
11E8E149-E830-1472-9ABE-12DF17AE4E1E,2018-ncaa-d3-natl,ncaa,218,251,123,239,130,241,253,293,212,271,312,204,172,184,167,130,211,230,165,230,150,292,319,187,178,167,138,140,187,372,386,107,123,224,233,213,146,95,160,149,404,424,235,236,,,215,265,,,238,289,413,35,280,304,380,326,373,182,195,244,275,274,382,423,409,91,281,233,78,428,256,,171,,,238,187,156,248,119,124,181,110,334,347,221,351,207,210,194,211,249,247,155,138,138,257,353,362,219,186,123,244,386,218,233,116,105,394,409,305,82,120,195,251,,,195,84,,,238,159,215,255,235,150,136,207,99,137,302,323,167,168,168,192,63,166,207,186,100,431,64,166,,241,,,b'\x11\xe8\xe1I\xe80\x14r\x9a\xbe\x12\xdf\x17\xaeN\x1e'
11E8E149-E830-1472-9ABE-12DF17AE4E1E,2019-ncaa-d3-conf-SUNYAC,ncaa,4,4,1,4,4,5,6,2,7,6,1,7,6,9,5,9,4,5,4,5,8,2,2,8,8,7,7,6,4,6,9,4,7,4,8,5,2,5,5,5,3,3,5,6,,,9,8,,,6,2,4,10,7,8,6,7,1,8,9,5,7,7,6,6,8,6,7,5,5,4,5,,9,,,6,8,6,9,4,8,10,3,3,3,6,1,9,9,6,9,8,9,9,3,4,5,5,2,9,8,7,10,9,10,8,7,6,2,4,5,6,6,10,8,,,4,6,,,6,8,7,6,6,6,3,4,3,8,3,3,8,9,8,5,5,7,6,8,7,3,6,10,,7,,,b'\x11\xe8\xe1I\xe80\x14r\x9a\xbe\x12\xdf\x17\xaeN\x1e'
11E8E149-E830-1472-9ABE-12DF17AE4E1E,2019-ncaa-d3-natl,ncaa,237,304,67,273,120,219,214,145,297,194,102,325,236,265,207,301,202,229,131,229,313,155,167,309,298,261,252,260,189,291,390,96,141,164,295,142,73,178,145,131,199,227,158,198,,,354,337,,,286,136,261,357,303,294,248,249,164,290,322,249,285,287,261,324,352,133,261,172,103,241,190,,301,,,277,333,313,320,219,297,346,162,282,205,363,130,336,334,241,327,230,351,306,219,234,267,248,221,269,235,141,408,390,372,295,328,293,246,301,321,252,233,395,332,,,214,251,,,286,310,287,249,278,222,211,200,215,263,218,128,277,269,261,220,160,157,359,302,263,327,188,372,,297,,,b'\x11\xe8\xe1I\xe80\x14r\x9a\xbe\x12\xdf\x17\xaeN\x1e'
11E8E149-E830-1472-9ABE-12DF17AE4E1E,2020-ncaa-d3-conf-SUNYAC,ncaa,6,6,5,6,5,6,8,6,9,8,7,10,5,5,3,6,2,2,4,2,2,5,6,8,7,5,1,4,1,6,6,3,2,6,3,5,3,6,5,7,8,8,8,8,,,6,9,,,6,6,6,8,6,8,6,10,9,4,6,2,3,3,6,6,5,2,4,6,5,8,8,,8,,,6,6,6,4,7,7,6,7,3,1,3,1,6,9,2,8,8,5,5,5,6,5,3,2,8,2,2,6,6,3,3,6,8,6,6,7,8,7,9,8,,,2,2,,,6,7,7,4,5,5,5,6,8,7,3,2,7,9,8,7,3,4,7,5,6,6,7,9,,2,,,b'\x11\xe8\xe1I\xe80\x14r\x9a\xbe\x12\xdf\x17\xaeN\x1e'
11E8E149-E830-1472-9ABE-12DF17AE4E1E,2020-ncaa-d3-natl,ncaa,237,275,126,265,173,244,265,226,293,291,233,331,176,197,157,203,181,210,138,208,224,223,215,279,258,277,131,153,150,243,298,68,47,130,168,202,100,258,269,244,338,357,222,242,,,346,359,,,274,203,237,303,289,315,282,332,271,193,228,200,249,250,291,277,275,47,131,213,239,367,243,,328,,,268,234,217,232,179,239,254,178,196,192,199,162,308,337,124,334,300,259,215,173,179,239,238,179,301,128,47,333,298,268,168,334,373,288,320,346,283,290,327,317,,,201,183,,,274,253,277,214,262,203,191,200,203,225,180,173,281,315,315,217,159,115,296,228,303,328,266,309,,223,,,b'\x11\xe8\xe1I\xe80\x14r\x9a\xbe\x12\xdf\x17\xaeN\x1e'
11E8E149-E830-1472-9ABE-12DF17AE4E1E,2022-ncaa-d3-conf-SUNYAC,ncaa,6,6,7,6,7,8,7,7,6,3,3,3,10,10,10,10,6,5,6,5,6,7,7,8,8,8,10,10,3,3,2,5,2,4,1,7,6,3,6,6,5,4,3,2,,,2,5,,,6,10,6,1,6,5,5,1,1,10,9,4,3,3,5,4,1,4,1,5,5,5,3,,6,,,6,3,3,2,6,2,1,6,7,6,9,7,3,5,1,5,7,1,1,8,6,5,7,7,4,2,2,1,2,1,1,7,10,7,5,7,6,6,4,5,,,5,5,,,6,1,8,4,6,5,5,4,5,3,8,7,5,7,7,5,4,3,5,4,8,5,6,5,,4,,,b'\x11\xe8\xe1I\xe80\x14r\x9a\xbe\x12\xdf\x17\xaeN\x1e'
11E8E149-E830-1472-9ABE-12DF17AE4E1E,2022-ncaa-d3-natl,ncaa,190,210,188,202,207,247,212,195,261,147,102,268,348,326,360,349,280,268,277,258,346,205,210,306,321,295,385,365,254,99,95,95,90,97,77,196,153,220,211,207,186,181,95,72,,,161,172,,,196,247,279,164,298,224,161,133,75,363,346,303,286,266,191,197,95,50,56,198,206,195,87,,147,,,196,119,121,209,79,83,116,100,314,339,174,374,95,130,57,129,199,187,169,110,90,104,345,377,135,160,90,205,95,175,77,255,371,220,220,262,281,270,342,276,,,174,162,,,196,186,267,108,195,98,106,183,70,91,311,341,87,126,123,160,141,145,195,167,249,237,276,356,,160,,,b'\x11\xe8\xe1I\xe80\x14r\x9a\xbe\x12\xdf\x17\xaeN\x1e'
11E8E149-E830-1472-9ABE-12DF17AE4E1E,2023-ncaa-d3-conf-SUNYAC,ncaa,5,5,1,5,1,3,3,1,6,4,1,6,4,3,8,5,3,3,2,3,5,1,1,7,6,6,4,6,2,2,5,2,5,2,5,5,10,8,5,7,7,8,1,1,,,8,7,,,6,1,4,3,6,6,3,6,3,5,5,3,4,4,3,3,4,6,5,7,6,9,1,,8,,,6,9,9,10,7,9,9,8,10,10,7,9,7,7,2,7,6,10,10,7,7,7,6,8,3,8,5,10,5,9,5,10,9,2,7,8,6,4,2,1,,,1,3,,,6,10,6,6,6,6,7,8,6,6,9,8,5,6,6,7,7,6,8,7,10,6,6,1,,2,,,b'\x11\xe8\xe1I\xe80\x14r\x9a\xbe\x12\xdf\x17\xaeN\x1e'
11E8E149-E830-1472-9ABE-12DF17AE4E1E,2023-ncaa-d3-natl,ncaa,210,247,109,231,120,229,238,110,353,235,155,343,186,127,325,177,175,184,171,190,230,121,118,344,338,308,172,199,135,96,190,85,173,84,197,279,299,252,198,289,279,321,34,30,,,223,167,,,272,142,215,80,282,292,124,280,190,213,145,190,215,229,142,150,102,72,70,308,226,315,37,,186,,,268,278,296,332,179,268,262,197,328,352,203,309,161,214,51,214,179,329,284,194,153,202,238,308,112,272,173,364,190,352,197,388,409,241,303,375,119,85,101,79,,,180,251,,,272,272,288,223,271,233,250,286,216,208,299,322,125,186,182,274,224,234,324,297,360,285,105,81,,214,,,b'\x11\xe8\xe1I\xe80\x14r\x9a\xbe\x12\xdf\x17\xaeN\x1e'
11E8E149-E830-1472-9ABE-12DF17AE4E1E,2024-ncaa-d3-conf-SUNYAC,ncaa,4,4,4,4,4,4,4,5,5,6,5,6,4,4,3,5,3,2,8,2,3,4,3,5,5,4,2,3,4,4,4,2,6,2,6,6,10,6,5,7,9,9,2,2,,,3,2,,,5,4,1,1,3,4,3,6,3,3,4,2,1,1,2,1,3,1,1,7,6,9,1,,2,,,5,10,10,10,4,7,10,3,10,9,6,9,5,6,1,6,5,10,9,5,4,7,9,10,1,8,6,9,4,10,6,10,9,9,10,10,7,6,9,8,,,2,3,,,5,7,4,8,5,9,9,10,8,7,10,10,4,4,4,10,10,8,8,9,9,10,7,9,,1,,,b'\x11\xe8\xe1I\xe80\x14r\x9a\xbe\x12\xdf\x17\xaeN\x1e'
11E8E149-E830-1472-9ABE-12DF17AE4E1E,2024-ncaa-d3-natl,ncaa,162,185,112,178,135,169,173,102,270,206,152,284,113,100,162,149,210,166,327,162,205,102,121,249,259,221,131,122,265,106,189,52,204,69,184,251,363,180,122,234,301,337,50,67,,,76,30,,,218,137,179,84,202,199,93,219,171,123,109,231,182,179,89,130,99,28,36,286,157,323,47,,32,,,218,291,324,388,129,263,306,145,397,412,236,373,54,85,29,88,59,365,314,173,107,204,257,396,30,349,204,369,189,370,184,367,347,287,355,367,190,137,221,198,,,157,220,,,218,291,216,225,215,241,295,372,230,270,382,398,35,59,63,350,280,317,336,332,337,332,161,206,,171,,,b'\x11\xe8\xe1I\xe80\x14r\x9a\xbe\x12\xdf\x17\xaeN\x1e'
11E8E149-E830-1472-9ABE-12DF17AE4E1E,2025-ncaa-d3-conf-Empire 8,genius_ncaa,2,1,2,2,2,1,1,1,4,2,1,3,3,2,6,8,1,1,2,1,3,1,1,4,4,4,9,11,4,1,2,2,8,2,6,2,4,5,1,2,1,1,6,7,,,11,6,,2,2,1,1,8,1,1,1,1,1,3,3,1,1,1,1,1,1,3,2,3,2,1,7,,9,,1,2,12,12,12,5,8,10,4,11,11,7,10,6,7,1,8,6,12,12,5,5,2,8,10,3,11,8,12,2,12,6,12,12,1,1,3,1,1,8,2,,,1,3,,4,2,12,3,2,3,5,7,11,5,7,11,10,3,4,4,9,12,10,10,9,12,1,1,5,,1,,5,b'\x11\xe8\xe1I\xe80\x14r\x9a\xbe\x12\xdf\x17\xaeN\x1e'
11E8E149-E830-1472-9ABE-12DF17AE4E1E,2025-ncaa-d3-natl,genius_ncaa,20,25,16,27,26,6,6,2,149,11,7,99,46,10,275,163,18,24,103,24,220,2,4,158,151,72,241,226,230,7,88,20,297,9,214,9,128,106,1,5,8,29,206,275,,,316,78,,89,39,4,31,253,6,9,4,16,23,83,34,41,58,62,4,16,20,78,22,21,28,15,275,,183,,62,46,401,402,414,146,338,354,221,418,418,190,405,140,193,43,187,103,415,417,215,144,84,341,403,34,410,297,414,88,412,214,416,410,14,64,213,55,4,258,64,,,22,259,,78,39,416,42,117,58,271,298,360,180,153,390,413,45,85,83,329,384,351,373,367,379,32,14,158,,81,,118,b'\x11\xe8\xe1I\xe80\x14r\x9a\xbe\x12\xdf\x17\xaeN\x1e'
11E8E149-E830-1472-9ABE-12DF17AE4E1E,2026-ncaa-d3-natl,genius_ncaa,157,200,116,194,208,57,50,37,232,101,75,248,26,29,126,97,190,217,147,210,351,45,66,196,222,164,132,71,356,129,314,117,346,118,357,84,278,212,61,114,53,138,76,139,,,263,73,,324,234,57,11,397,34,31,8,107,55,20,24,217,260,262,10,17,146,108,123,87,165,58,87,,241,,324,231,368,371,379,247,326,324,249,402,395,304,361,268,244,270,236,140,367,376,284,266,264,308,360,95,382,346,388,314,388,357,410,415,72,210,379,120,36,210,127,,,198,370,,236,234,357,183,289,227,390,382,401,326,334,401,407,251,219,207,397,406,379,406,397,414,73,72,188,,256,,265,b'\x11\xe8\xe1I\xe80\x14r\x9a\xbe\x12\xdf\x17\xaeN\x1e'
11E8E149-E834-7238-9ABE-12DF17AE4E1E,2018-ncaa-d3-conf-CUNYAC,ncaa,1,1,1,1,2,4,4,4,4,4,4,4,1,2,2,3,6,5,4,5,4,4,3,3,4,4,3,2,8,1,1,1,2,1,1,2,3,5,4,3,4,4,1,1,,,8,8,,,2,4,7,3,4,4,4,5,5,2,2,6,6,6,4,3,1,4,1,2,4,4,1,,8,,,2,1,1,2,1,1,1,1,2,2,3,3,7,7,3,7,7,1,4,1,1,1,8,4,8,3,2,1,1,2,1,1,3,3,3,2,2,2,6,5,,,6,8,,,2,6,3,2,2,1,1,2,1,1,2,2,6,6,6,1,1,3,1,2,1,3,2,6,,7,,,b'\x11\xe8\xe1I\xe84r8\x9a\xbe\x12\xdf\x17\xaeN\x1e'
11E8E149-E834-7238-9ABE-12DF17AE4E1E,2018-ncaa-d3-natl,ncaa,22,19,43,22,51,44,37,10,229,91,66,194,24,12,181,78,208,161,331,153,304,19,9,180,217,228,151,79,401,4,3,47,236,4,22,35,92,405,221,158,15,19,87,100,,,409,317,,,13,40,124,213,67,54,21,136,133,39,27,311,260,259,33,24,5,107,6,43,342,16,127,,350,,,10,79,61,298,5,68,284,7,193,271,65,219,232,310,22,308,274,307,413,5,11,2,334,267,338,394,236,226,3,317,22,126,298,12,14,8,315,118,130,49,,,175,424,,,13,403,99,4,16,17,17,92,17,124,106,165,125,192,189,101,322,309,91,168,64,13,226,81,,334,,,b'\x11\xe8\xe1I\xe84r8\x9a\xbe\x12\xdf\x17\xaeN\x1e'
11E8E149-E834-7238-9ABE-12DF17AE4E1E,2019-ncaa-d3-conf-CUNYAC,ncaa,2,2,1,2,2,2,2,1,4,3,2,3,1,1,4,2,4,5,1,5,8,1,1,3,3,2,2,2,9,1,2,1,2,1,1,1,1,3,2,2,2,2,1,1,,,8,8,,,2,1,4,3,2,2,1,3,3,1,1,4,7,7,1,2,2,3,2,1,3,2,2,,8,,,2,1,1,2,1,1,5,1,1,1,2,2,8,8,5,8,8,2,8,1,1,1,8,1,9,3,2,2,2,2,1,3,8,2,2,2,2,2,8,5,,,6,9,,,2,9,2,1,2,1,1,2,1,4,1,1,8,7,8,2,4,3,2,1,3,2,2,7,,8,,,b'\x11\xe8\xe1I\xe84r8\x9a\xbe\x12\xdf\x17\xaeN\x1e'
11E8E149-E834-7238-9ABE-12DF17AE4E1E,2019-ncaa-d3-natl,ncaa,62,104,20,100,24,32,35,8,238,55,25,245,35,25,160,139,84,81,175,81,288,10,6,212,226,235,167,128,303,4,22,15,197,6,55,24,48,429,260,159,12,22,47,79,,,427,258,,,28,8,48,207,55,64,19,128,88,71,71,181,190,194,22,18,11,64,19,33,360,17,73,,341,,,33,219,151,399,10,175,402,10,178,288,54,133,381,408,138,410,288,414,436,9,15,5,318,167,397,409,197,384,22,400,55,335,420,12,26,42,387,192,352,199,,,143,424,,,28,436,156,8,47,51,33,186,52,246,79,134,282,303,305,219,377,295,192,237,194,12,296,265,,325,,,b'\x11\xe8\xe1I\xe84r8\x9a\xbe\x12\xdf\x17\xaeN\x1e'
11E8E149-E834-7238-9ABE-12DF17AE4E1E,2020-ncaa-d3-conf-CUNYAC,ncaa,1,1,1,1,2,2,1,2,2,5,6,3,1,1,1,1,3,4,4,4,4,2,2,2,2,2,2,1,7,1,1,3,1,2,1,1,1,2,2,1,2,2,2,1,,,8,8,,,1,4,8,2,2,1,2,5,6,1,1,3,5,5,2,3,1,3,2,1,2,2,2,,8,,,1,1,1,1,1,1,1,1,1,1,1,1,8,8,4,8,8,1,1,1,1,1,8,2,8,1,1,1,1,1,1,1,6,2,1,1,2,2,5,6,,,7,8,,,1,4,1,1,1,1,1,1,1,1,1,1,7,8,8,1,1,1,1,1,1,2,2,5,,8,,,b'\x11\xe8\xe1I\xe84r8\x9a\xbe\x12\xdf\x17\xaeN\x1e'
11E8E149-E834-7238-9ABE-12DF17AE4E1E,2020-ncaa-d3-natl,ncaa,48,31,126,41,173,43,41,24,151,156,171,155,8,11,45,20,265,281,216,283,316,35,51,70,107,67,48,16,418,8,4,142,156,33,28,8,10,159,59,9,28,21,145,129,,,388,377,,,10,122,152,303,18,17,13,167,210,9,10,298,316,324,16,38,8,150,15,4,133,28,148,,369,,,6,51,29,90,41,54,179,18,76,57,237,65,305,381,16,384,381,134,278,35,44,17,329,168,399,198,156,151,4,162,28,171,391,30,24,40,79,29,133,126,,,369,435,,,10,302,11,20,8,31,16,45,37,140,58,36,279,370,372,85,232,178,119,132,153,33,70,117,,414,,,b'\x11\xe8\xe1I\xe84r8\x9a\xbe\x12\xdf\x17\xaeN\x1e'
11E8E149-E834-7238-9ABE-12DF17AE4E1E,2022-ncaa-d3-conf-CUNYAC,ncaa,1,1,2,1,3,1,1,2,1,2,5,1,1,1,2,3,2,2,2,2,1,2,2,1,1,1,2,2,3,1,1,4,1,2,1,1,4,2,1,1,1,1,2,1,,,5,7,,,1,2,3,5,1,1,1,3,5,1,1,1,2,2,1,1,1,4,1,1,1,1,2,,5,,,1,1,1,2,1,1,3,1,2,2,2,3,2,2,3,2,3,1,3,1,1,1,3,3,5,1,1,1,1,1,1,2,7,1,1,1,1,1,3,2,,,2,4,,,1,6,1,1,1,1,1,1,1,2,2,2,2,2,2,1,2,1,1,1,1,2,1,2,,2,,,b'\x11\xe8\xe1I\xe84r8\x9a\xbe\x12\xdf\x17\xaeN\x1e'
11E8E149-E834-7238-9ABE-12DF17AE4E1E,2022-ncaa-d3-natl,ncaa,28,21,61,26,90,29,34,33,101,80,150,43,34,24,145,49,68,60,187,57,109,29,25,73,82,96,105,77,277,4,1,87,145,18,7,19,37,363,189,81,6,6,95,84,,,308,194,,,4,53,106,290,22,31,33,100,245,39,26,107,107,98,25,23,3,157,12,16,283,8,120,,215,,,4,63,69,238,16,55,169,15,239,319,86,333,78,101,55,99,131,209,362,23,10,1,331,362,157,240,145,108,1,150,7,314,428,9,6,32,166,44,88,59,,,106,328,,,4,374,34,2,5,10,15,71,17,53,154,233,27,39,36,51,253,154,19,53,223,9,107,40,,186,,,b'\x11\xe8\xe1I\xe84r8\x9a\xbe\x12\xdf\x17\xaeN\x1e'
11E8E149-E834-7238-9ABE-12DF17AE4E1E,2023-ncaa-d3-conf-CUNYAC,ncaa,1,1,1,1,2,1,1,1,2,2,2,2,1,1,2,1,5,5,1,5,6,1,1,2,2,1,2,1,8,1,2,4,2,2,3,2,6,1,1,1,1,1,4,4,,,8,8,,,1,1,2,5,1,1,1,2,2,1,1,5,6,5,1,1,1,4,2,2,1,1,5,,8,,,1,3,2,1,5,2,1,3,5,1,8,4,5,5,2,5,7,1,5,5,5,2,6,7,6,1,2,6,2,3,3,6,7,2,1,3,1,1,3,2,,,5,6,,,1,7,1,2,1,2,2,1,2,1,4,1,4,4,4,1,3,1,4,3,5,2,1,2,,6,,,b'\x11\xe8\xe1I\xe84r8\x9a\xbe\x12\xdf\x17\xaeN\x1e'
11E8E149-E834-7238-9ABE-12DF17AE4E1E,2023-ncaa-d3-natl,ncaa,67,85,63,81,93,34,30,8,201,65,64,135,24,12,236,47,217,233,177,225,366,12,17,160,204,145,164,77,415,12,51,170,223,48,175,25,103,247,63,44,8,8,262,297,,,399,303,,,88,19,19,288,27,17,5,72,83,30,13,273,307,300,5,10,14,305,61,22,182,8,303,,373,,,91,374,364,305,333,341,308,281,344,253,396,187,319,337,126,339,287,334,401,341,336,156,251,260,211,258,223,399,51,370,175,419,428,13,20,197,239,84,213,107,,,151,390,,,88,407,108,137,104,278,277,182,260,194,282,181,262,290,292,205,353,179,336,282,393,15,182,152,,235,,,b'\x11\xe8\xe1I\xe84r8\x9a\xbe\x12\xdf\x17\xaeN\x1e'
11E8E149-E834-7238-9ABE-12DF17AE4E1E,2024-ncaa-d3-conf-CUNYAC,ncaa,1,1,5,1,5,4,4,3,3,5,5,3,1,1,4,2,3,4,2,4,5,3,5,3,3,3,2,2,6,1,1,3,2,3,1,4,3,1,1,1,2,2,7,6,,,7,8,,,1,6,8,1,1,2,2,4,4,1,1,2,5,5,2,3,1,3,1,2,1,2,7,,8,,,1,1,1,1,1,1,1,1,1,1,1,5,4,5,6,5,7,1,2,1,1,1,6,1,8,2,2,2,1,1,1,1,4,4,3,2,1,1,1,1,,,6,7,,,1,3,1,1,1,1,1,2,2,3,1,2,5,6,6,2,1,3,4,3,1,4,1,1,,7,,,b'\x11\xe8\xe1I\xe84r8\x9a\xbe\x12\xdf\x17\xaeN\x1e'
11E8E149-E834-7238-9ABE-12DF17AE4E1E,2024-ncaa-d3-natl,ncaa,89,115,63,109,89,134,118,34,306,161,93,278,65,34,251,79,282,288,229,289,375,48,37,271,308,294,163,85,376,6,19,53,221,12,95,62,44,358,230,174,15,17,168,213,,,348,251,,,71,69,127,223,184,154,21,205,142,85,42,351,355,356,38,31,5,65,10,62,304,16,209,,295,,,71,89,102,290,17,163,301,41,59,206,4,167,202,276,26,280,222,286,359,12,11,9,126,79,298,359,221,376,19,385,95,310,414,30,35,93,294,162,150,88,,,304,420,,,71,357,224,14,80,38,48,173,95,208,31,147,147,218,227,164,299,302,305,304,249,34,241,109,,390,,,b'\x11\xe8\xe1I\xe84r8\x9a\xbe\x12\xdf\x17\xaeN\x1e'
11E8E149-E834-7238-9ABE-12DF17AE4E1E,2025-ncaa-d3-conf-CUNYAC,genius_ncaa,2,2,1,2,1,2,1,1,3,1,1,2,1,1,3,2,4,3,5,3,6,1,1,3,4,3,4,3,8,1,1,2,2,1,1,2,3,4,2,3,1,1,3,2,,,7,5,,5,1,1,5,3,3,2,2,2,4,3,1,6,6,6,2,1,1,4,1,3,3,1,3,,5,,5,1,1,1,2,1,1,2,1,2,4,2,5,5,4,6,4,6,3,8,1,2,1,7,7,7,3,2,5,1,5,1,2,7,1,1,1,3,1,4,2,,,3,7,,5,1,8,2,1,1,1,1,1,1,1,1,2,2,3,3,1,1,1,3,2,1,1,1,2,,7,,5,b'\x11\xe8\xe1I\xe84r8\x9a\xbe\x12\xdf\x17\xaeN\x1e'
11E8E149-E834-7238-9ABE-12DF17AE4E1E,2025-ncaa-d3-natl,genius_ncaa,102,184,16,151,25,84,56,4,334,67,17,301,85,19,346,143,260,132,406,130,352,6,2,331,360,348,269,165,387,2,4,14,203,2,45,19,23,414,280,206,5,12,83,130,,,381,174,,201,79,7,45,235,171,123,13,144,51,149,54,356,247,247,14,9,2,60,2,38,369,7,120,,280,,149,90,217,194,381,22,232,394,22,137,236,62,91,308,336,123,332,194,386,415,21,24,7,190,119,316,381,203,407,4,408,45,401,419,5,7,72,386,194,316,129,,,106,405,,327,79,413,282,7,93,53,52,169,85,235,56,85,194,226,215,167,357,290,319,314,335,7,306,231,,271,,358,b'\x11\xe8\xe1I\xe84r8\x9a\xbe\x12\xdf\x17\xaeN\x1e'
11E8E149-E834-7238-9ABE-12DF17AE4E1E,2026-ncaa-d3-conf-CUNYAC,genius_ncaa,1,1,1,1,1,2,2,1,3,2,2,3,3,3,5,5,6,6,5,6,7,2,1,3,4,3,6,4,7,1,1,2,1,1,1,2,4,4,4,2,1,1,1,1,,,8,8,,6,2,5,5,1,2,2,1,2,2,3,3,6,6,6,2,1,1,2,1,2,4,1,1,,8,,6,2,1,1,2,1,1,3,1,1,1,3,2,8,8,6,8,8,2,2,1,1,1,8,4,8,1,1,3,1,2,1,1,2,2,1,1,4,3,3,3,,,7,7,,2,2,4,2,1,2,1,1,2,1,3,1,1,8,8,8,2,2,1,3,2,1,2,4,3,,7,,2,b'\x11\xe8\xe1I\xe84r8\x9a\xbe\x12\xdf\x17\xaeN\x1e'
11E8E149-E834-7238-9ABE-12DF17AE4E1E,2026-ncaa-d3-natl,genius_ncaa,13,68,42,64,64,31,14,6,252,9,5,245,170,90,340,313,184,195,191,191,411,9,16,282,302,267,391,331,371,1,16,52,271,8,100,6,27,341,135,67,1,8,50,115,,,319,109,,197,10,35,36,113,87,36,7,16,3,265,173,300,314,304,8,9,2,130,6,10,259,3,94,,196,,133,21,180,192,293,27,263,349,54,45,144,11,32,219,333,6,324,206,305,385,10,7,3,36,15,268,370,271,364,16,376,100,321,398,1,5,19,280,92,276,90,,,209,410,,363,10,383,186,4,26,17,33,116,125,245,7,23,99,230,218,122,364,306,324,325,237,5,189,220,,366,,381,b'\x11\xe8\xe1I\xe84r8\x9a\xbe\x12\xdf\x17\xaeN\x1e'
11E8E149-E838-C694-9ABE-12DF17AE4E1E,2018-ncaa-d3-conf-NEAC,ncaa,13,13,9,13,11,12,12,9,12,9,4,13,13,13,12,12,11,13,7,13,13,10,8,13,13,13,12,11,7,2,3,13,11,7,6,13,14,12,13,14,5,3,5,5,,,11,12,,,13,11,7,6,12,12,5,9,3,13,12,10,12,12,5,3,2,12,5,13,13,2,4,,13,,,13,5,5,3,6,5,4,4,4,2,9,5,8,8,9,8,9,3,4,5,8,5,9,4,12,6,11,5,3,5,6,5,6,6,4,3,13,13,4,4,,,12,14,,,13,4,13,5,13,6,6,5,7,7,5,4,10,10,10,6,7,9,9,9,7,3,13,6,,12,,,b'\x11\xe8\xe1I\xe88\xc6\x94\x9a\xbe\x12\xdf\x17\xaeN\x1e'
11E8E149-E838-C694-9ABE-12DF17AE4E1E,2018-ncaa-d3-conf-United East,ncaa,13,13,9,13,11,12,12,9,12,9,4,13,13,13,12,12,11,13,7,13,13,10,8,13,13,13,12,11,7,2,3,13,11,7,6,13,14,12,13,14,5,3,5,5,,,11,12,,,13,11,7,6,12,12,5,9,3,13,12,10,12,12,5,3,2,12,5,13,13,2,4,,13,,,13,5,5,3,6,5,4,4,4,2,9,5,8,8,9,8,9,3,4,5,8,5,9,4,12,6,11,5,3,5,6,5,6,6,4,3,13,13,4,4,,,12,14,,,13,4,13,5,13,6,6,5,7,7,5,4,10,10,10,6,7,9,9,9,7,3,13,6,,12,,,b'\x11\xe8\xe1I\xe88\xc6\x94\x9a\xbe\x12\xdf\x17\xaeN\x1e'
11E8E149-E838-C694-9ABE-12DF17AE4E1E,2018-ncaa-d3-natl,ncaa,346,327,363,351,365,399,385,268,419,340,119,428,401,394,387,393,384,369,363,361,418,296,236,429,430,423,368,363,225,72,68,339,313,212,199,410,408,372,385,416,128,98,140,141,,,239,309,,,358,308,97,119,403,385,81,315,30,399,377,364,335,328,110,47,28,231,54,412,405,76,110,,359,,,360,85,86,87,162,150,190,138,62,54,170,70,226,266,89,260,288,100,130,129,141,120,148,87,328,223,313,199,68,200,199,138,241,167,128,143,412,407,130,86,,,387,420,,,358,129,413,146,359,209,208,255,268,336,108,107,334,376,374,294,347,329,338,342,231,101,419,195,,348,,,b'\x11\xe8\xe1I\xe88\xc6\x94\x9a\xbe\x12\xdf\x17\xaeN\x1e'
11E8E149-E838-C694-9ABE-12DF17AE4E1E,2019-ncaa-d3-conf-CSAC,ncaa,8,8,7,8,7,8,8,7,8,8,5,8,7,7,6,7,7,6,8,6,6,7,7,9,9,9,6,6,4,5,3,8,8,7,8,8,5,7,8,7,6,5,5,6,,,1,2,,,8,8,5,1,8,8,6,8,3,7,7,7,6,6,6,5,3,7,6,8,8,4,4,,3,,,8,7,6,4,8,5,3,8,5,4,7,4,2,3,5,3,3,4,4,8,8,7,4,5,2,7,8,4,3,5,8,7,7,5,4,8,7,6,2,2,,,7,5,,,8,2,8,8,8,8,8,8,7,7,8,6,3,3,3,9,8,8,6,7,9,3,8,2,,6,,,b'\x11\xe8\xe1I\xe88\xc6\x94\x9a\xbe\x12\xdf\x17\xaeN\x1e'
11E8E149-E838-C694-9ABE-12DF17AE4E1E,2019-ncaa-d3-natl,ncaa,403,399,365,405,371,413,408,369,414,380,245,423,404,411,347,373,418,369,434,367,378,379,332,419,426,428,365,324,328,198,164,365,385,324,309,382,203,394,419,412,229,208,357,370,,,33,37,,,406,354,159,143,420,410,289,366,110,396,383,417,344,344,320,122,98,303,198,377,419,180,350,,59,,,414,146,252,177,310,292,216,328,155,163,209,218,45,53,42,55,58,123,110,294,224,241,57,189,44,317,385,154,164,216,309,366,400,289,249,373,413,421,37,41,,,384,385,,,406,87,423,297,414,306,369,379,368,370,250,278,69,105,103,351,342,387,300,352,410,201,423,53,,358,,,b'\x11\xe8\xe1I\xe88\xc6\x94\x9a\xbe\x12\xdf\x17\xaeN\x1e'
11E8E149-E838-C694-9ABE-12DF17AE4E1E,2020-ncaa-d3-conf-CSAC,ncaa,7,7,6,7,6,7,7,5,8,6,4,9,8,7,10,9,4,2,9,2,3,4,4,9,9,8,7,8,2,2,2,8,9,5,9,9,9,5,5,9,4,3,9,9,,,5,5,,,6,6,4,1,6,7,4,6,2,8,7,3,1,1,1,1,1,8,1,9,7,2,9,,5,,,6,7,7,4,7,6,4,8,4,4,7,4,4,5,4,5,3,4,6,8,7,6,5,4,5,7,9,7,2,8,9,9,10,4,4,7,3,3,10,10,,,4,3,,,6,5,7,7,6,8,7,7,6,7,5,7,5,7,7,7,9,8,9,9,9,4,3,10,,3,,,b'\x11\xe8\xe1I\xe88\xc6\x94\x9a\xbe\x12\xdf\x17\xaeN\x1e'
11E8E149-E838-C694-9ABE-12DF17AE4E1E,2020-ncaa-d3-natl,ncaa,344,345,327,353,343,309,319,207,379,272,126,382,362,312,400,337,154,51,408,49,89,174,138,396,391,379,286,362,49,50,71,326,399,191,303,382,417,324,294,395,65,68,412,421,,,137,94,,,342,214,60,153,291,311,82,234,53,361,280,113,18,16,42,25,19,302,79,393,360,42,419,,213,,,346,272,331,239,329,374,287,362,130,172,89,155,158,205,68,195,162,237,279,306,269,223,43,86,127,386,399,312,71,353,303,399,404,123,126,304,201,172,292,234,,,215,281,,,342,220,350,286,339,344,363,351,400,373,186,246,215,262,260,356,400,393,366,382,402,63,251,324,,118,,,b'\x11\xe8\xe1I\xe88\xc6\x94\x9a\xbe\x12\xdf\x17\xaeN\x1e'
11E8E149-E838-C694-9ABE-12DF17AE4E1E,2021-ncaa-d3-natl,ncaa,251,149,220,251,222,239,241,222,276,241,219,277,234,221,259,177,229,213,273,212,136,221,224,275,277,266,123,160,72,205,126,232,190,226,210,252,276,53,61,257,204,49,247,257,,,62,167,,,223,228,233,110,267,269,123,259,102,221,166,207,117,111,112,169,56,252,179,281,53,77,266,,117,,,246,60,56,54,224,53,51,137,85,62,280,167,67,65,150,66,167,55,56,251,244,227,248,259,101,56,190,68,126,64,210,96,285,224,131,260,56,122,53,77,,,230,229,,,223,56,262,219,255,156,151,59,99,65,248,116,127,122,119,57,46,99,251,209,271,162,108,78,,241,,,b'\x11\xe8\xe1I\xe88\xc6\x94\x9a\xbe\x12\xdf\x17\xaeN\x1e'
11E8E149-E838-C694-9ABE-12DF17AE4E1E,2022-ncaa-d3-conf-CSAC,ncaa,5,5,4,5,4,6,7,5,8,8,5,8,4,3,8,3,3,3,8,3,3,4,3,8,8,7,4,5,4,3,6,4,4,2,4,7,4,8,6,6,2,4,6,5,,,8,8,,,4,4,3,2,7,9,5,9,8,5,3,3,3,3,4,3,4,4,3,6,6,4,6,,8,,,4,3,4,5,2,3,4,2,6,7,4,9,6,8,4,8,8,5,7,2,3,2,9,9,8,6,4,9,6,7,4,6,10,1,1,3,9,8,10,9,,,2,2,,,4,7,7,2,4,2,2,2,2,2,5,6,7,7,8,2,6,5,9,6,5,1,8,9,,2,,,b'\x11\xe8\xe1I\xe88\xc6\x94\x9a\xbe\x12\xdf\x17\xaeN\x1e'
11E8E149-E838-C694-9ABE-12DF17AE4E1E,2022-ncaa-d3-natl,ncaa,275,257,300,279,304,347,334,251,387,317,256,372,287,177,388,155,341,297,390,299,259,259,258,391,393,382,225,197,236,119,151,267,238,209,227,246,64,255,289,279,139,100,310,309,,,87,79,,,253,293,126,52,352,332,99,315,174,267,125,330,243,244,106,76,50,148,79,214,320,77,310,,126,,,255,55,66,99,103,73,96,109,137,178,118,265,102,133,55,146,256,100,153,97,88,56,244,251,217,201,238,254,151,236,227,249,416,102,54,150,304,319,182,222,,,352,380,,,253,152,367,59,248,114,124,196,127,175,182,248,155,224,234,200,317,271,362,333,316,39,341,244,,330,,,b'\x11\xe8\xe1I\xe88\xc6\x94\x9a\xbe\x12\xdf\x17\xaeN\x1e'
11E8E149-E838-C694-9ABE-12DF17AE4E1E,2023-ncaa-d3-conf-CSAC,ncaa,5,5,6,5,7,6,5,6,6,6,6,5,3,3,4,3,8,9,7,9,5,6,7,5,5,5,3,3,10,6,6,8,3,7,4,6,6,1,3,4,3,2,6,3,,,4,6,,,4,9,8,6,5,5,5,6,5,3,3,8,9,9,6,6,6,7,6,5,3,2,5,,6,,,4,1,1,1,2,1,1,2,6,5,8,9,4,4,9,4,6,1,2,4,3,3,9,10,7,2,3,6,6,3,4,2,5,5,3,4,1,3,5,6,,,9,5,,,4,3,4,3,3,2,3,3,1,2,7,6,5,5,5,2,3,2,7,4,4,4,3,5,,9,,,b'\x11\xe8\xe1I\xe88\xc6\x94\x9a\xbe\x12\xdf\x17\xaeN\x1e'
11E8E149-E838-C694-9ABE-12DF17AE4E1E,2023-ncaa-d3-natl,ncaa,188,131,333,175,347,275,252,186,325,287,280,296,126,83,280,80,368,342,390,347,331,224,261,299,334,298,152,76,402,167,186,349,234,293,263,226,162,131,141,184,50,24,289,279,,,72,84,,,144,283,90,139,206,174,37,242,192,83,37,372,317,323,50,66,88,294,182,155,213,24,265,,132,,,128,31,32,70,55,60,130,56,51,69,67,123,102,103,152,105,147,58,135,41,40,17,156,132,248,131,234,221,186,179,263,134,342,82,36,65,134,146,122,168,,,373,405,,,144,155,277,20,130,76,93,195,140,250,72,115,160,170,179,183,311,189,347,299,221,32,211,166,,358,,,b'\x11\xe8\xe1I\xe88\xc6\x94\x9a\xbe\x12\xdf\x17\xaeN\x1e'
11E8E149-E838-C694-9ABE-12DF17AE4E1E,2024-ncaa-d3-conf-United East,ncaa,3,5,5,5,5,6,4,4,10,4,4,10,7,6,12,10,9,5,17,5,13,4,4,11,11,10,14,10,14,4,5,4,3,4,3,7,15,8,5,10,8,8,6,7,,,14,14,,,3,5,11,10,10,8,5,6,6,9,8,13,8,8,6,6,5,3,5,11,5,8,10,,12,,,5,6,3,8,1,5,8,1,3,8,1,6,15,13,13,13,14,9,11,1,1,1,13,6,16,9,3,12,5,9,3,3,7,4,6,2,5,4,6,3,,,6,10,,,3,13,10,1,4,2,1,3,2,5,3,6,14,12,12,3,3,2,6,3,2,6,3,3,,7,,,b'\x11\xe8\xe1I\xe88\xc6\x94\x9a\xbe\x12\xdf\x17\xaeN\x1e'
11E8E149-E838-C694-9ABE-12DF17AE4E1E,2024-ncaa-d3-natl,ncaa,129,87,296,109,328,229,176,107,263,116,62,253,329,278,371,341,329,185,419,191,331,112,128,311,356,315,398,347,361,46,36,203,151,111,84,251,360,177,129,233,75,70,302,324,,,268,276,,,93,193,59,244,195,106,18,58,19,323,264,331,131,134,18,24,20,107,27,227,231,53,307,,339,,,76,27,22,93,6,55,212,15,7,24,2,17,306,304,249,310,306,120,210,4,7,5,124,6,421,146,151,169,36,158,84,42,244,64,37,18,119,88,82,36,,,254,351,,,93,235,262,7,85,34,23,155,94,305,1,27,350,353,365,196,325,193,250,232,64,28,164,93,,204,,,b'\x11\xe8\xe1I\xe88\xc6\x94\x9a\xbe\x12\xdf\x17\xaeN\x1e'
11E8E149-E838-C694-9ABE-12DF17AE4E1E,2025-ncaa-d3-conf-United East,genius_ncaa,3,4,1,4,3,5,5,3,13,7,2,13,5,6,13,7,7,7,5,7,13,3,2,13,13,11,9,8,11,1,1,3,1,1,2,10,14,6,3,8,4,4,5,4,,,14,16,,12,3,5,10,3,9,7,3,8,3,6,6,11,10,10,3,5,1,7,3,13,3,4,6,,14,,11,3,2,1,10,1,1,11,1,3,6,1,7,12,12,13,13,10,10,12,1,1,1,13,7,16,3,1,13,1,7,2,2,12,4,5,2,3,3,15,13,,,9,17,,2,3,13,8,1,3,1,1,4,1,2,3,5,7,8,8,4,3,1,8,4,1,6,3,14,,14,,2,b'\x11\xe8\xe1I\xe88\xc6\x94\x9a\xbe\x12\xdf\x17\xaeN\x1e'
11E8E149-E838-C694-9ABE-12DF17AE4E1E,2025-ncaa-d3-natl,genius_ncaa,68,56,116,67,120,163,145,40,313,111,32,334,245,202,304,312,220,190,290,187,365,51,62,338,345,290,330,295,275,9,6,178,73,50,18,220,339,190,83,210,42,35,176,188,,,251,229,,169,40,121,168,24,178,143,19,113,22,269,221,248,211,207,31,45,6,218,35,254,168,38,192,,225,,159,31,17,16,111,3,29,228,3,23,38,32,48,154,167,112,180,168,111,254,2,2,2,196,91,353,71,73,170,6,109,18,51,278,41,21,17,146,66,252,104,,,305,409,,138,40,302,225,2,42,4,7,65,17,177,20,25,119,143,156,62,193,71,114,78,44,35,132,231,,360,,163,b'\x11\xe8\xe1I\xe88\xc6\x94\x9a\xbe\x12\xdf\x17\xaeN\x1e'
11E8E149-E83D-4BF6-9ABE-12DF17AE4E1E,2018-ncaa-d3-conf-Centennial,ncaa,11,11,6,11,6,11,11,11,11,11,10,11,11,11,9,10,11,11,11,11,11,11,10,11,11,11,11,10,7,11,10,9,11,10,10,11,10,11,11,11,11,11,6,7,,,1,1,,,11,9,5,5,11,11,11,11,7,11,11,11,11,11,11,8,11,9,10,11,11,11,5,,2,,,11,11,11,11,9,10,10,10,11,11,9,10,3,2,11,2,1,11,10,10,9,10,4,10,1,11,11,6,10,11,10,11,11,11,11,11,11,11,10,11,,,11,10,,,11,3,11,11,11,11,11,11,10,11,11,11,3,3,3,11,11,11,8,11,11,11,11,11,,10,,,b'\x11\xe8\xe1I\xe8=K\xf6\x9a\xbe\x12\xdf\x17\xaeN\x1e'
11E8E149-E83D-4BF6-9ABE-12DF17AE4E1E,2018-ncaa-d3-natl,ncaa,426,437,197,428,264,425,421,370,432,384,149,436,430,430,419,435,422,401,434,399,428,378,306,434,437,436,425,425,229,317,376,272,424,305,409,424,422,416,424,435,384,416,126,229,,,44,22,,,437,291,290,303,438,436,421,403,118,437,440,436,416,414,429,334,333,275,326,438,409,405,126,,34,,,432,377,424,415,301,418,426,226,304,212,378,99,62,45,377,44,11,389,276,289,237,364,41,198,18,432,424,341,376,416,409,421,333,417,443,437,410,415,420,400,,,390,401,,,437,158,436,420,437,376,412,423,410,430,294,215,56,37,37,408,319,422,353,407,408,437,399,420,,420,,,b'\x11\xe8\xe1I\xe8=K\xf6\x9a\xbe\x12\xdf\x17\xaeN\x1e'
11E8E149-E83D-4BF6-9ABE-12DF17AE4E1E,2019-ncaa-d3-conf-Centennial,ncaa,11,11,6,11,8,11,11,11,11,11,6,11,11,11,11,11,6,6,7,5,7,11,11,11,11,11,9,11,1,11,11,10,11,11,11,11,11,11,11,11,11,11,11,11,,,2,2,,,11,7,4,4,11,11,11,11,5,11,11,6,5,5,11,10,11,9,11,11,11,11,11,,2,,,11,11,11,11,11,11,9,11,11,10,11,9,3,4,2,4,2,11,9,11,11,11,3,10,1,11,11,9,11,11,11,11,7,11,11,11,11,11,2,5,,,8,5,,,11,5,11,11,11,11,11,11,11,11,11,10,4,5,5,11,11,11,10,11,11,11,11,4,,8,,,b'\x11\xe8\xe1I\xe8=K\xf6\x9a\xbe\x12\xdf\x17\xaeN\x1e'
11E8E149-E83D-4BF6-9ABE-12DF17AE4E1E,2019-ncaa-d3-natl,ncaa,424,439,215,435,276,411,414,388,426,384,228,427,429,427,427,418,286,273,292,271,267,382,345,428,422,423,345,420,16,397,420,315,416,366,418,427,424,369,412,431,414,426,377,404,,,62,45,,,434,315,319,274,432,431,426,407,216,434,434,289,267,264,424,390,417,340,409,436,374,420,395,,51,,,431,425,429,387,408,407,358,374,416,331,427,261,110,148,52,151,89,370,204,412,383,436,167,344,35,417,416,312,420,375,418,426,316,426,439,439,396,416,263,268,,,342,288,,,434,123,426,439,433,416,419,405,405,382,423,349,122,161,162,401,249,404,338,381,419,440,397,280,,370,,,b'\x11\xe8\xe1I\xe8=K\xf6\x9a\xbe\x12\xdf\x17\xaeN\x1e'
11E8E149-E83D-4BF6-9ABE-12DF17AE4E1E,2020-ncaa-d3-conf-Centennial,ncaa,11,11,6,11,8,11,11,11,11,11,10,11,11,11,11,10,11,10,11,10,10,11,11,11,11,11,10,9,2,11,11,10,11,11,11,11,9,11,11,11,11,11,9,10,,,4,3,,,11,8,6,8,11,11,11,11,10,11,11,11,10,10,11,11,11,10,11,11,11,10,9,,4,,,11,11,11,11,11,11,11,11,11,11,8,10,6,5,8,5,3,10,8,11,11,11,4,6,1,11,11,5,11,11,11,11,10,11,11,11,11,11,7,10,,,10,8,,,11,4,11,11,11,11,11,11,11,11,11,11,6,5,5,11,11,11,6,11,11,11,11,7,,9,,,b'\x11\xe8\xe1I\xe8=K\xf6\x9a\xbe\x12\xdf\x17\xaeN\x1e'
11E8E149-E83D-4BF6-9ABE-12DF17AE4E1E,2020-ncaa-d3-natl,ncaa,418,425,327,424,357,429,425,420,416,398,332,422,433,433,429,435,413,404,383,404,377,422,406,429,427,431,426,436,94,404,380,384,423,403,404,430,385,421,434,432,420,423,302,333,,,63,91,,,430,399,388,303,435,433,435,404,297,437,437,420,409,408,435,425,405,381,414,432,422,421,296,,81,,,427,277,342,250,331,370,301,345,181,172,205,164,132,118,247,115,87,231,87,312,290,397,62,133,94,404,423,80,380,251,404,354,301,423,432,429,420,433,292,345,,,413,350,,,430,40,431,421,430,346,375,360,396,381,236,246,180,174,176,347,191,408,146,311,368,433,419,324,,420,,,b'\x11\xe8\xe1I\xe8=K\xf6\x9a\xbe\x12\xdf\x17\xaeN\x1e'
11E8E149-E83D-4BF6-9ABE-12DF17AE4E1E,2022-ncaa-d3-conf-Centennial,ncaa,11,11,6,11,10,11,11,11,11,11,10,11,11,11,11,11,11,10,11,10,10,11,11,11,11,11,11,11,3,11,11,9,11,11,11,11,11,11,11,11,11,11,11,11,,,1,1,,,11,8,3,10,11,11,11,11,9,11,11,11,10,10,11,11,11,9,11,11,11,11,11,,1,,,11,11,11,11,11,11,11,11,11,11,10,10,1,1,1,1,1,11,10,11,11,11,3,9,1,11,11,9,11,11,11,11,10,11,11,11,11,11,11,11,,,11,11,,,11,6,11,11,11,11,11,11,11,11,11,11,1,1,1,11,11,11,10,11,11,11,11,11,,11,,,b'\x11\xe8\xe1I\xe8=K\xf6\x9a\xbe\x12\xdf\x17\xaeN\x1e'
11E8E149-E83D-4BF6-9ABE-12DF17AE4E1E,2022-ncaa-d3-natl,ncaa,364,400,188,380,217,412,410,387,423,396,234,426,419,421,401,425,404,366,421,360,384,390,343,426,425,424,409,417,123,413,427,270,421,367,420,420,420,409,420,427,391,417,390,416,,,21,5,,,427,296,371,182,427,426,428,419,257,426,428,417,403,399,428,426,428,323,420,429,392,418,407,,5,,,424,394,413,404,336,409,397,341,369,354,299,257,32,46,21,46,7,383,268,339,261,384,35,262,9,424,421,353,427,411,420,420,370,403,427,427,422,420,424,422,,,398,407,,,427,149,424,419,427,376,405,410,401,405,367,353,13,22,23,399,294,424,359,406,412,425,410,429,,424,,,b'\x11\xe8\xe1I\xe8=K\xf6\x9a\xbe\x12\xdf\x17\xaeN\x1e'
11E8E149-E83D-4BF6-9ABE-12DF17AE4E1E,2023-ncaa-d3-conf-Centennial,ncaa,11,11,11,11,11,11,11,11,11,11,11,11,11,10,11,3,11,11,11,11,10,11,11,11,11,11,4,6,5,11,11,11,11,11,11,11,10,11,11,11,11,11,11,11,,,1,1,,,11,11,1,11,11,11,11,11,9,11,8,11,11,11,11,10,11,7,10,11,11,11,11,,2,,,11,11,11,11,11,11,6,11,11,10,10,10,1,1,1,1,1,9,4,11,11,11,7,10,1,11,11,10,11,11,11,11,9,11,11,11,11,11,5,11,,,11,11,,,11,1,11,11,11,11,11,11,11,11,11,11,1,1,1,11,11,11,11,11,11,11,11,8,,11,,,b'\x11\xe8\xe1I\xe8=K\xf6\x9a\xbe\x12\xdf\x17\xaeN\x1e'
11E8E149-E83D-4BF6-9ABE-12DF17AE4E1E,2023-ncaa-d3-natl,ncaa,381,385,333,387,376,419,417,403,427,418,367,426,414,386,424,299,422,417,421,417,418,407,399,427,427,425,332,316,234,387,403,335,410,367,412,418,370,353,415,423,404,406,415,419,,,21,12,,,421,396,389,420,428,427,422,426,346,417,385,427,427,427,427,412,377,244,347,425,384,406,420,,14,,,421,188,341,305,284,330,256,311,299,307,196,333,9,11,12,10,4,196,88,287,183,335,40,315,4,410,410,292,403,387,412,325,248,411,420,418,409,423,296,382,,,416,426,,,421,34,425,405,423,315,382,396,373,379,344,382,2,4,4,365,234,418,386,410,359,422,411,353,,427,,,b'\x11\xe8\xe1I\xe8=K\xf6\x9a\xbe\x12\xdf\x17\xaeN\x1e'
11E8E149-E83D-4BF6-9ABE-12DF17AE4E1E,2024-ncaa-d3-conf-Centennial,ncaa,11,11,7,11,10,11,11,11,11,11,10,11,10,9,11,8,10,10,6,10,10,11,11,11,11,11,8,8,5,11,11,9,11,11,11,11,11,11,11,11,11,11,9,10,,,2,3,,,11,7,3,7,11,11,11,11,10,10,9,10,10,10,11,11,11,7,11,11,11,11,9,,4,,,11,11,11,11,11,11,11,11,6,4,8,1,2,5,1,5,2,11,8,11,10,11,1,1,1,11,11,7,11,11,11,10,4,11,11,11,11,11,2,5,,,11,11,,,11,5,11,11,11,11,11,11,11,11,7,5,3,6,6,11,11,11,8,11,11,11,11,2,,11,,,b'\x11\xe8\xe1I\xe8=K\xf6\x9a\xbe\x12\xdf\x17\xaeN\x1e'
11E8E149-E83D-4BF6-9ABE-12DF17AE4E1E,2024-ncaa-d3-natl,ncaa,396,405,296,405,328,411,410,400,408,404,375,407,376,374,369,285,386,395,231,392,332,403,383,402,401,406,212,254,115,408,417,370,407,396,411,420,427,370,410,423,378,384,241,283,,,73,96,,,406,363,360,244,419,420,423,415,377,379,375,400,405,403,424,414,421,384,420,426,380,386,229,,97,,,399,203,284,176,342,336,331,268,78,30,367,14,92,148,22,154,108,165,108,302,252,323,34,55,85,379,407,180,417,299,411,207,113,358,358,336,338,387,137,278,,,410,403,,,406,58,410,376,407,282,335,294,365,384,100,33,120,197,209,282,195,395,262,350,236,364,341,172,,422,,,b'\x11\xe8\xe1I\xe8=K\xf6\x9a\xbe\x12\xdf\x17\xaeN\x1e'
11E8E149-E83D-4BF6-9ABE-12DF17AE4E1E,2025-ncaa-d3-conf-Centennial,genius_ncaa,11,11,6,11,6,11,11,8,11,9,6,11,10,10,11,10,9,10,7,9,11,9,6,11,11,11,10,10,4,11,11,11,11,11,11,11,11,11,11,11,8,10,8,9,,,8,8,,5,11,6,1,4,11,11,9,10,4,10,10,10,11,10,10,4,11,11,11,11,11,8,8,,9,,5,11,11,11,10,11,11,11,11,1,2,1,1,11,11,11,11,7,11,8,10,11,11,1,1,9,10,11,7,11,8,11,9,6,10,11,9,11,11,2,2,,,9,10,,4,11,6,11,11,11,11,11,10,11,11,1,2,11,11,11,11,11,9,7,9,9,10,11,2,,9,,4,b'\x11\xe8\xe1I\xe8=K\xf6\x9a\xbe\x12\xdf\x17\xaeN\x1e'
11E8E149-E83D-4BF6-9ABE-12DF17AE4E1E,2025-ncaa-d3-natl,genius_ncaa,312,334,192,322,215,361,343,295,361,261,136,370,391,387,380,384,341,342,306,336,388,307,246,379,380,382,392,386,216,240,211,336,370,309,319,384,404,363,372,391,299,317,243,311,,,192,194,,138,360,246,253,99,387,372,322,274,97,397,393,365,355,354,341,231,243,382,344,401,352,306,240,,208,,143,354,239,309,227,328,400,388,316,5,10,5,3,264,279,148,272,145,241,192,212,212,254,4,1,238,339,370,137,211,243,319,188,88,284,313,262,370,370,43,29,,,363,384,,155,360,143,379,300,364,258,310,254,389,392,3,7,292,306,306,270,229,338,141,256,204,299,359,40,,392,,154,b'\x11\xe8\xe1I\xe8=K\xf6\x9a\xbe\x12\xdf\x17\xaeN\x1e'
11E8E149-E83D-4BF6-9ABE-12DF17AE4E1E,2026-ncaa-d3-conf-Centennial,genius_ncaa,9,9,1,9,1,8,8,7,10,8,9,10,5,3,10,1,11,11,1,11,10,7,5,10,10,11,4,3,8,6,8,5,10,7,9,11,11,11,11,11,10,11,8,9,,,10,8,,9,11,3,2,1,10,10,8,10,11,7,3,11,11,11,9,6,8,6,9,11,11,11,8,,10,,9,11,11,11,11,10,8,8,6,11,11,11,7,11,11,4,11,11,11,11,11,11,11,11,11,9,10,10,8,8,9,9,9,4,9,11,11,11,11,9,10,,,10,11,,6,11,10,11,11,11,11,11,11,7,8,11,11,11,11,11,11,11,10,7,9,8,11,11,8,,11,,7,b'\x11\xe8\xe1I\xe8=K\xf6\x9a\xbe\x12\xdf\x17\xaeN\x1e'
11E8E149-E83D-4BF6-9ABE-12DF17AE4E1E,2026-ncaa-d3-natl,genius_ncaa,157,366,3,280,4,104,94,13,372,99,17,375,127,47,318,215,123,93,284,87,332,13,11,371,379,368,224,209,234,59,277,17,223,20,265,139,306,397,293,340,139,346,100,260,,,385,167,,347,350,6,237,84,373,360,247,343,207,302,242,348,333,330,285,229,280,239,281,355,269,350,239,,155,,233,315,396,392,403,176,395,409,122,340,338,289,64,393,401,88,398,212,405,404,161,157,180,164,154,237,380,223,403,277,399,265,342,92,40,229,172,391,275,320,178,,,54,324,,76,350,411,373,182,319,179,186,202,208,284,146,75,219,275,259,207,192,201,226,219,122,242,268,162,,324,,191,b'\x11\xe8\xe1I\xe8=K\xf6\x9a\xbe\x12\xdf\x17\xaeN\x1e'
11E8E149-E843-4BB4-9ABE-12DF17AE4E1E,2018-ncaa-d3-conf-American Rivers,ncaa,5,4,5,5,6,7,6,5,6,6,4,6,7,5,7,5,8,4,9,4,7,5,5,6,6,7,7,5,9,5,8,5,5,3,6,6,6,6,6,6,5,4,1,1,,,3,4,,,6,4,5,5,8,6,4,5,5,8,5,8,5,5,4,4,4,5,5,6,6,5,1,,5,,,6,6,5,5,4,4,7,4,5,4,6,3,4,4,3,5,4,7,6,4,4,3,5,5,4,6,5,8,8,9,6,6,7,6,7,8,6,6,5,5,,,4,6,,,6,5,8,5,6,5,5,7,7,7,5,4,5,5,5,7,5,5,8,7,6,6,6,5,,4,,,b'\x11\xe8\xe1I\xe8CK\xb4\x9a\xbe\x12\xdf\x17\xaeN\x1e'
11E8E149-E843-4BB4-9ABE-12DF17AE4E1E,2018-ncaa-d3-natl,ncaa,196,197,197,202,303,142,116,162,80,143,239,44,103,99,151,112,297,148,435,147,125,154,162,73,130,121,243,132,398,298,371,144,110,216,272,82,85,193,166,82,160,175,48,34,,,248,208,,,257,134,68,440,87,62,111,101,235,97,83,321,120,125,97,112,313,80,189,44,198,149,37,,255,,,255,383,374,311,344,260,166,350,428,404,382,397,255,240,314,243,282,301,272,380,381,374,371,401,137,133,110,371,371,288,272,384,315,231,265,355,205,178,195,188,,,164,185,,,257,307,189,339,259,383,361,335,275,187,427,413,272,244,246,334,317,155,370,308,364,237,211,195,,126,,,b'\x11\xe8\xe1I\xe8CK\xb4\x9a\xbe\x12\xdf\x17\xaeN\x1e'
11E8E149-E843-4BB4-9ABE-12DF17AE4E1E,2019-ncaa-d3-conf-American Rivers,ncaa,8,8,7,8,8,8,8,8,5,8,6,7,8,8,6,7,3,2,7,2,3,8,7,5,5,7,4,7,1,7,8,8,6,9,8,7,3,8,8,7,5,5,9,9,,,4,6,,,8,7,2,6,8,8,6,8,5,7,7,2,1,1,6,4,7,8,9,6,8,5,8,,6,,,8,6,7,2,9,9,8,9,1,1,6,1,4,4,4,4,5,1,3,9,9,8,1,1,2,3,6,5,8,4,8,7,7,5,4,7,7,8,8,8,,,2,2,,,8,3,7,7,8,8,8,5,9,9,3,2,6,6,5,5,6,5,6,5,7,5,7,9,,1,,,b'\x11\xe8\xe1I\xe8CK\xb4\x9a\xbe\x12\xdf\x17\xaeN\x1e'
11E8E149-E843-4BB4-9ABE-12DF17AE4E1E,2019-ncaa-d3-natl,ncaa,356,361,317,365,335,259,280,340,202,284,329,214,216,253,171,214,145,100,306,94,30,304,211,193,186,287,130,205,79,351,341,358,273,370,344,198,84,405,409,346,79,62,328,341,,,277,273,,,372,157,32,177,194,250,305,254,295,187,209,82,43,41,216,71,327,358,372,148,418,40,335,,357,,,371,397,393,168,431,386,180,430,316,205,401,225,292,268,306,267,285,175,237,433,434,408,172,204,170,136,273,214,341,173,344,403,338,117,114,285,414,409,414,430,,,130,102,,,372,277,319,381,367,417,410,295,408,275,353,270,336,322,325,316,375,194,297,261,413,71,419,426,,36,,,b'\x11\xe8\xe1I\xe8CK\xb4\x9a\xbe\x12\xdf\x17\xaeN\x1e'
11E8E149-E843-4BB4-9ABE-12DF17AE4E1E,2020-ncaa-d3-conf-American Rivers,ncaa,9,9,7,9,7,9,9,9,9,9,9,9,8,8,8,5,4,3,6,3,2,9,9,8,8,8,2,6,1,9,9,8,8,9,8,8,3,7,7,7,9,9,9,9,,,1,1,,,9,9,5,7,9,9,9,9,7,8,8,3,2,2,8,7,9,7,9,8,7,9,9,,2,,,9,8,8,6,8,9,9,9,1,1,4,1,1,1,2,1,1,5,1,8,8,8,1,1,1,7,8,7,9,8,8,6,2,7,7,6,8,8,9,9,,,3,1,,,9,1,8,8,9,8,8,8,9,9,1,3,4,4,4,7,7,7,8,8,6,7,8,9,,1,,,b'\x11\xe8\xe1I\xe8CK\xb4\x9a\xbe\x12\xdf\x17\xaeN\x1e'
11E8E149-E843-4BB4-9ABE-12DF17AE4E1E,2020-ncaa-d3-natl,ncaa,431,430,327,431,355,323,366,392,291,377,390,269,266,253,257,153,86,99,164,101,7,375,342,269,214,309,54,193,7,398,394,410,343,412,392,308,120,379,403,365,281,284,412,419,,,77,77,,,405,278,105,283,310,374,405,380,400,234,220,38,35,38,367,244,401,425,432,301,394,252,419,,106,,,405,425,428,199,436,430,249,438,208,138,322,144,187,160,323,147,135,178,145,437,436,432,17,64,62,142,343,153,394,144,392,352,98,270,268,350,421,421,371,429,,,81,9,,,405,175,338,429,398,426,429,317,430,340,262,202,242,224,207,304,290,208,234,235,362,224,420,400,,17,,,b'\x11\xe8\xe1I\xe8CK\xb4\x9a\xbe\x12\xdf\x17\xaeN\x1e'
11E8E149-E843-4BB4-9ABE-12DF17AE4E1E,2021-ncaa-d3-conf-American Rivers,ncaa,7,7,7,7,7,7,7,7,7,6,6,3,8,6,9,7,6,5,7,5,3,7,7,7,8,6,9,8,3,7,6,9,8,8,8,7,7,2,5,6,5,1,9,9,,,2,4,,,7,7,5,5,7,6,6,2,4,7,6,4,4,4,6,6,6,8,7,7,5,3,9,,4,,,7,2,4,1,8,5,2,8,6,3,8,6,2,2,5,2,2,1,3,8,8,7,3,6,2,2,8,3,6,2,8,3,6,7,3,6,1,5,1,4,,,6,2,,,7,3,6,7,7,7,8,4,8,4,7,6,3,3,3,3,5,4,6,6,6,6,5,3,,2,,,b'\x11\xe8\xe1I\xe8CK\xb4\x9a\xbe\x12\xdf\x17\xaeN\x1e'
11E8E149-E843-4BB4-9ABE-12DF17AE4E1E,2021-ncaa-d3-natl,ncaa,176,214,146,210,160,160,157,169,143,135,165,69,182,138,260,140,137,133,177,130,67,162,157,163,167,185,210,229,92,174,194,190,176,185,212,164,206,159,215,219,64,17,213,241,,,109,66,,,233,151,99,110,177,174,210,121,189,218,145,126,106,94,183,135,212,270,264,198,207,18,255,,63,,,221,162,162,121,266,144,103,270,211,172,255,263,131,115,230,113,141,118,128,276,277,251,211,256,62,106,176,125,194,119,212,172,151,110,57,148,164,211,132,179,,,130,66,,,233,132,200,224,224,230,220,104,165,31,262,242,117,83,73,77,137,66,112,91,211,68,210,155,,75,,,b'\x11\xe8\xe1I\xe8CK\xb4\x9a\xbe\x12\xdf\x17\xaeN\x1e'
11E8E149-E843-4BB4-9ABE-12DF17AE4E1E,2022-ncaa-d3-conf-American Rivers,ncaa,6,5,7,6,7,7,7,7,8,6,4,6,9,8,9,8,4,3,9,3,3,7,6,8,8,9,9,9,2,3,2,6,3,5,4,7,3,9,9,9,5,5,8,8,,,6,9,,,8,6,2,5,8,8,6,4,3,9,8,4,1,3,6,1,2,5,3,7,9,5,8,,9,,,8,4,3,2,7,6,5,7,1,1,6,2,7,9,2,9,9,3,4,6,6,5,2,2,8,2,3,3,2,1,4,3,5,5,5,5,8,8,3,3,,,3,4,,,8,4,9,5,8,7,6,5,9,7,2,3,9,9,9,8,6,4,6,5,6,5,8,4,,3,,,b'\x11\xe8\xe1I\xe8CK\xb4\x9a\xbe\x12\xdf\x17\xaeN\x1e'
11E8E149-E843-4BB4-9ABE-12DF17AE4E1E,2022-ncaa-d3-natl,ncaa,302,290,300,313,316,336,343,344,299,281,315,184,384,298,420,242,176,122,319,120,37,329,278,330,319,363,283,376,25,303,253,264,26,286,111,281,125,391,392,365,243,202,320,299,,,247,352,,,348,253,68,143,333,342,347,251,280,384,251,91,54,57,281,97,260,145,208,264,406,196,318,,357,,,343,225,178,93,327,149,71,360,272,242,296,312,315,340,106,339,406,118,106,346,351,340,337,271,325,16,26,96,253,50,111,170,155,279,246,245,393,397,167,260,,,193,121,,,348,160,370,274,347,323,279,174,234,104,332,319,368,382,384,250,230,26,181,90,236,229,405,218,,74,,,b'\x11\xe8\xe1I\xe8CK\xb4\x9a\xbe\x12\xdf\x17\xaeN\x1e'
11E8E149-E843-4BB4-9ABE-12DF17AE4E1E,2023-ncaa-d3-conf-American Rivers,ncaa,9,9,7,9,8,7,8,8,6,7,6,7,7,9,5,9,5,6,3,6,5,8,8,6,6,6,5,8,1,8,6,6,4,7,3,7,3,7,7,7,9,9,7,7,,,8,9,,,8,6,2,8,6,8,6,5,3,7,9,1,2,2,6,4,6,3,4,5,7,9,7,,9,,,8,7,6,5,7,7,5,7,6,5,5,4,9,9,8,9,9,7,3,7,7,8,5,3,9,4,4,1,6,2,3,6,4,8,8,7,7,7,3,3,,,6,3,,,8,4,7,8,8,8,8,7,9,6,7,7,9,9,9,9,7,5,4,4,6,8,7,3,,3,,,b'\x11\xe8\xe1I\xe8CK\xb4\x9a\xbe\x12\xdf\x17\xaeN\x1e'
11E8E149-E843-4BB4-9ABE-12DF17AE4E1E,2023-ncaa-d3-natl,ncaa,341,345,271,349,303,246,264,314,182,253,302,175,225,236,212,204,141,224,21,230,143,303,281,182,134,220,165,226,85,347,289,238,84,302,166,240,172,314,350,288,325,332,375,351,,,232,273,,,347,250,117,237,207,243,294,233,283,205,216,77,167,177,283,195,343,154,261,212,334,318,377,,305,,,340,377,332,203,372,228,58,417,407,413,289,414,359,354,313,329,402,232,157,398,410,418,400,372,287,64,84,93,289,67,166,297,204,371,380,377,346,360,141,202,,,237,185,,,347,203,260,390,335,392,354,298,283,69,416,420,387,386,371,326,249,100,139,109,308,370,354,155,,178,,,b'\x11\xe8\xe1I\xe8CK\xb4\x9a\xbe\x12\xdf\x17\xaeN\x1e'
11E8E149-E843-4BB4-9ABE-12DF17AE4E1E,2024-ncaa-d3-conf-American Rivers,ncaa,8,8,7,8,7,8,8,9,8,8,8,8,8,8,8,5,7,8,7,8,3,9,9,8,8,8,5,8,3,9,8,9,9,9,8,9,9,9,9,9,9,9,8,8,,,2,4,,,9,7,2,7,8,8,9,8,8,8,6,7,8,8,9,5,9,9,9,9,9,9,7,,5,,,9,9,9,9,9,9,9,9,8,6,9,3,7,7,6,7,7,9,3,9,9,9,4,6,5,8,9,5,8,7,8,9,7,9,9,9,9,9,3,3,,,8,6,,,9,3,8,9,9,9,9,9,9,9,8,8,8,8,8,9,8,9,7,7,9,9,9,4,,6,,,b'\x11\xe8\xe1I\xe8CK\xb4\x9a\xbe\x12\xdf\x17\xaeN\x1e'
11E8E149-E843-4BB4-9ABE-12DF17AE4E1E,2024-ncaa-d3-natl,ncaa,385,375,345,388,356,363,361,370,326,348,372,299,273,253,318,138,333,340,262,346,198,373,352,320,329,358,166,176,185,397,404,369,294,390,371,387,390,339,379,389,369,373,280,270,,,123,178,,,405,304,105,206,351,349,348,343,342,247,197,309,303,307,351,227,409,333,405,382,374,357,254,,228,,,403,386,368,211,403,289,141,383,418,352,425,356,272,239,355,234,278,213,111,416,419,425,365,399,141,146,294,117,404,115,371,366,282,397,403,407,361,384,101,227,,,338,270,,,405,118,374,419,400,414,401,375,356,266,423,404,353,326,320,380,300,236,265,263,385,394,382,143,,279,,,b'\x11\xe8\xe1I\xe8CK\xb4\x9a\xbe\x12\xdf\x17\xaeN\x1e'
11E8E149-E843-4BB4-9ABE-12DF17AE4E1E,2025-ncaa-d3-conf-American Rivers,genius_ncaa,8,8,7,8,7,8,8,7,8,8,6,8,7,7,7,6,8,6,8,6,5,7,6,8,8,8,5,5,4,8,8,7,8,7,8,7,6,5,8,7,9,9,7,7,,,3,2,,4,8,4,1,4,8,8,3,7,4,7,4,5,5,5,2,1,7,4,4,7,8,8,7,,3,,5,8,9,8,8,7,7,7,7,9,8,7,6,3,3,6,3,2,7,6,7,7,8,4,9,1,8,8,9,8,8,8,8,3,8,9,8,8,8,5,6,,,7,7,,5,8,4,8,8,8,9,8,9,8,8,9,8,4,4,4,9,9,8,9,8,8,6,8,7,,4,,5,b'\x11\xe8\xe1I\xe8CK\xb4\x9a\xbe\x12\xdf\x17\xaeN\x1e'
11E8E149-E843-4BB4-9ABE-12DF17AE4E1E,2025-ncaa-d3-natl,genius_ncaa,312,319,290,317,315,225,214,241,195,249,286,156,139,127,195,94,285,295,182,297,224,264,237,175,185,226,145,116,303,363,380,272,238,327,345,216,206,252,282,239,204,228,325,319,,,110,88,,169,334,174,57,150,170,170,125,211,260,100,79,256,272,277,153,121,368,194,310,169,289,171,318,,150,,188,337,388,384,284,382,317,119,398,405,397,349,396,199,176,278,180,248,274,241,399,398,394,310,381,89,209,238,303,380,267,345,353,232,238,282,334,263,285,174,234,,,309,330,,190,334,249,271,378,328,391,383,363,352,175,408,406,250,232,237,357,343,247,354,318,357,198,299,212,,284,,169,b'\x11\xe8\xe1I\xe8CK\xb4\x9a\xbe\x12\xdf\x17\xaeN\x1e'
11E8E149-E843-4BB4-9ABE-12DF17AE4E1E,2026-ncaa-d3-conf-American Rivers,genius_ncaa,7,7,1,7,1,7,4,4,7,2,3,5,6,7,7,8,7,5,9,6,8,4,6,7,7,8,9,7,8,7,9,5,4,7,8,6,8,6,6,8,7,9,2,6,,,6,6,,8,8,3,3,1,9,6,4,3,3,7,8,8,7,8,5,6,9,5,7,8,5,9,2,,6,,7,8,7,6,7,7,7,8,7,7,7,4,5,5,7,2,8,6,8,7,6,6,7,4,4,4,7,4,7,9,6,8,6,3,7,9,8,6,5,4,3,,,5,7,,9,8,8,9,7,7,7,6,6,7,8,5,5,5,7,8,8,6,5,7,5,5,8,5,3,,7,,9,b'\x11\xe8\xe1I\xe8CK\xb4\x9a\xbe\x12\xdf\x17\xaeN\x1e'
11E8E149-E843-4BB4-9ABE-12DF17AE4E1E,2026-ncaa-d3-natl,genius_ncaa,225,268,116,265,139,142,94,146,87,86,139,84,145,183,143,204,295,329,96,339,401,181,205,100,107,94,321,214,387,269,282,166,175,202,218,99,214,159,131,87,239,275,76,92,,,157,81,,104,208,181,229,113,148,85,152,89,150,176,218,359,388,399,232,313,317,190,263,109,95,269,87,,80,,90,211,285,294,297,222,282,254,263,301,334,164,326,201,154,352,155,108,277,249,241,230,296,197,275,119,213,175,223,282,212,218,157,30,285,353,241,137,105,276,250,,,317,396,,381,208,255,131,281,193,273,290,311,265,231,290,338,166,108,103,272,197,175,164,161,106,349,91,271,,406,,394,b'\x11\xe8\xe1I\xe8CK\xb4\x9a\xbe\x12\xdf\x17\xaeN\x1e'
11E8E149-E848-0B7C-9ABE-12DF17AE4E1E,2018-ncaa-d3-conf-SUNYAC,ncaa,6,6,1,6,3,6,4,3,6,4,3,6,4,3,5,4,9,9,7,9,9,3,2,4,7,7,8,4,10,3,8,5,4,4,8,2,3,8,7,6,4,5,10,10,,,10,9,,,7,1,3,7,8,5,3,6,5,5,3,9,10,9,5,4,5,7,8,3,7,5,10,,9,,,7,9,9,7,7,8,8,7,5,7,4,6,10,9,10,9,9,10,10,6,8,8,7,3,10,7,4,9,8,9,8,9,9,3,4,5,8,7,6,5,,,8,10,,,7,10,7,8,7,8,4,3,5,3,3,4,9,9,9,4,6,4,7,7,7,3,7,4,,10,,,b'\x11\xe8\xe1I\xe8H\x0b|\x9a\xbe\x12\xdf\x17\xaeN\x1e'
11E8E149-E848-0B7C-9ABE-12DF17AE4E1E,2018-ncaa-d3-natl,ncaa,196,223,123,213,176,256,239,147,336,303,272,334,84,61,207,63,372,375,297,373,372,184,207,295,322,293,107,49,408,183,296,135,116,151,234,187,116,157,154,168,167,158,375,368,,,326,371,,,255,213,300,268,310,285,165,351,316,98,63,407,406,407,228,279,219,137,171,205,130,187,395,,318,,,252,185,103,156,108,60,69,136,340,375,179,399,365,344,333,337,408,190,197,150,213,211,428,370,397,151,116,381,296,308,234,266,407,194,197,238,219,214,211,227,,,390,425,,,255,223,294,195,254,149,84,103,40,35,315,358,360,345,320,127,102,130,344,268,227,245,186,190,,432,,,b'\x11\xe8\xe1I\xe8H\x0b|\x9a\xbe\x12\xdf\x17\xaeN\x1e'
11E8E149-E848-0B7C-9ABE-12DF17AE4E1E,2019-ncaa-d3-conf-SUNYAC,ncaa,7,4,7,7,10,3,3,3,5,7,7,6,3,3,3,4,10,10,3,10,10,5,3,4,3,5,5,4,10,3,5,6,6,5,5,3,4,8,8,7,4,4,7,7,,,4,4,,,5,4,1,4,3,2,1,4,4,3,3,9,10,10,2,1,2,3,2,2,8,2,6,,5,,,5,9,10,6,9,4,3,9,9,9,5,9,5,7,1,7,9,7,7,9,8,7,7,8,5,6,6,6,5,6,5,8,7,3,3,8,9,9,6,7,,,10,10,,,5,7,5,7,4,9,10,9,8,4,10,10,7,7,7,9,10,8,9,9,8,2,9,7,,10,,,b'\x11\xe8\xe1I\xe8H\x0b|\x9a\xbe\x12\xdf\x17\xaeN\x1e'
11E8E149-E848-0B7C-9ABE-12DF17AE4E1E,2019-ncaa-d3-natl,ncaa,187,185,215,187,251,124,97,91,144,157,169,170,52,79,63,93,340,373,123,371,413,138,130,109,139,145,186,67,421,277,363,52,93,109,217,78,101,286,228,118,142,177,209,210,,,131,66,,,185,100,29,167,66,40,33,127,140,33,69,353,390,390,69,57,270,6,53,46,299,122,198,,144,,,185,331,348,377,183,225,225,218,419,422,258,404,127,159,59,162,170,361,330,243,189,217,333,410,81,227,93,381,363,344,217,350,287,198,273,304,313,276,191,176,,,371,434,,,185,339,182,202,190,336,345,400,256,253,428,433,140,173,175,393,393,253,399,353,343,187,322,197,,410,,,b'\x11\xe8\xe1I\xe8H\x0b|\x9a\xbe\x12\xdf\x17\xaeN\x1e'
11E8E149-E848-0B7C-9ABE-12DF17AE4E1E,2020-ncaa-d3-conf-SUNYAC,ncaa,4,4,1,4,4,2,2,3,2,2,1,7,2,3,2,4,3,4,5,4,7,2,2,2,2,3,3,2,7,2,5,4,4,3,4,1,4,4,3,2,2,2,9,9,,,10,8,,,4,2,2,7,2,2,3,3,2,2,3,4,6,6,2,3,4,8,6,1,4,2,10,,7,,,4,9,9,6,10,8,7,8,8,6,8,5,7,10,3,10,9,8,9,10,10,8,7,5,7,3,4,8,5,8,4,10,10,2,3,6,4,4,8,6,,,2,7,,,4,9,4,6,4,7,6,4,6,5,5,4,6,7,7,4,5,2,6,4,9,3,4,7,,5,,,b'\x11\xe8\xe1I\xe8H\x0b|\x9a\xbe\x12\xdf\x17\xaeN\x1e'
11E8E149-E848-0B7C-9ABE-12DF17AE4E1E,2020-ncaa-d3-natl,ncaa,134,136,126,140,162,158,143,113,206,191,177,220,76,85,111,119,285,309,175,309,351,141,153,165,185,171,150,88,377,171,228,168,115,167,203,120,125,183,144,107,142,157,313,319,,,257,252,,,203,148,185,239,164,135,107,213,211,70,93,319,344,345,144,186,182,183,191,118,158,154,331,,255,,,205,292,292,216,304,208,163,273,372,302,386,313,225,250,120,241,273,214,242,332,324,292,327,355,171,136,115,331,228,268,203,381,396,153,148,301,189,162,292,262,,,246,315,,,203,294,188,255,204,253,244,178,178,126,344,279,197,226,222,179,195,117,289,228,349,158,166,278,,290,,,b'\x11\xe8\xe1I\xe8H\x0b|\x9a\xbe\x12\xdf\x17\xaeN\x1e'
11E8E149-E848-0B7C-9ABE-12DF17AE4E1E,2022-ncaa-d3-conf-SUNYAC,ncaa,4,4,5,4,5,3,4,4,2,2,2,5,6,6,4,7,1,2,3,2,3,3,2,5,2,2,5,7,2,8,9,3,5,4,8,4,8,7,5,4,4,5,10,10,,,10,6,,,4,1,1,2,2,2,3,3,3,5,6,1,2,2,2,1,7,1,4,4,6,3,10,,9,,,4,10,10,10,5,7,4,8,9,10,4,10,8,7,10,9,8,10,10,7,7,6,9,8,6,6,5,9,9,10,8,10,9,2,4,4,2,3,3,3,,,1,1,,,4,10,4,5,4,10,8,9,6,4,10,10,8,8,8,9,10,6,8,8,10,2,4,3,,1,,,b'\x11\xe8\xe1I\xe8H\x0b|\x9a\xbe\x12\xdf\x17\xaeN\x1e'
11E8E149-E848-0B7C-9ABE-12DF17AE4E1E,2022-ncaa-d3-natl,ncaa,168,156,250,168,271,207,215,194,265,201,174,269,232,195,273,237,134,174,94,170,208,192,205,273,251,231,215,256,110,281,349,99,162,165,270,208,179,167,166,203,176,206,349,350,,,198,143,,,211,171,43,153,158,179,85,159,111,217,183,89,125,119,77,84,274,20,88,179,213,159,356,,244,,,212,211,203,286,96,132,132,150,365,408,104,405,161,148,255,160,231,278,259,132,116,138,354,379,158,259,162,340,349,324,270,310,363,198,235,273,105,110,240,212,,,111,96,,,211,259,256,141,208,253,240,370,154,177,390,421,197,192,213,359,374,295,385,356,326,157,140,270,,51,,,b'\x11\xe8\xe1I\xe8H\x0b|\x9a\xbe\x12\xdf\x17\xaeN\x1e'
11E8E149-E848-0B7C-9ABE-12DF17AE4E1E,2023-ncaa-d3-conf-SUNYAC,ncaa,10,9,7,10,9,9,8,8,8,7,6,9,9,6,9,7,10,9,9,9,10,9,9,9,10,10,10,5,10,10,10,8,10,9,10,8,7,9,10,9,8,9,9,10,,,9,9,,,10,5,2,5,10,9,7,8,5,9,7,10,10,10,10,6,10,8,10,8,9,8,10,,9,,,10,8,7,4,9,8,2,10,4,6,4,6,10,10,7,10,10,6,7,8,9,9,5,2,9,10,10,8,10,8,10,5,5,5,4,5,9,9,2,3,,,9,10,,,10,5,10,9,10,10,8,7,9,7,4,6,10,10,10,8,9,10,9,9,5,4,9,3,,10,,,b'\x11\xe8\xe1I\xe8H\x0b|\x9a\xbe\x12\xdf\x17\xaeN\x1e'
11E8E149-E848-0B7C-9ABE-12DF17AE4E1E,2023-ncaa-d3-natl,ncaa,396,411,271,409,304,369,324,293,348,285,219,344,346,312,353,269,415,414,404,413,426,339,302,359,383,390,383,259,428,394,410,329,387,373,405,319,264,338,375,356,330,368,356,358,,,277,261,,,390,240,120,248,392,336,253,275,173,347,303,424,424,423,339,236,407,319,399,321,356,324,360,,341,,,382,298,261,237,240,239,155,304,285,324,134,318,326,339,146,339,361,263,243,259,262,280,287,248,299,367,387,317,410,359,405,274,244,211,256,268,288,320,101,115,,,398,423,,,390,182,403,318,384,339,311,325,293,212,308,363,362,378,382,349,340,374,363,376,293,182,310,123,,421,,,b'\x11\xe8\xe1I\xe8H\x0b|\x9a\xbe\x12\xdf\x17\xaeN\x1e'
11E8E149-E848-0B7C-9ABE-12DF17AE4E1E,2024-ncaa-d3-conf-SUNYAC,ncaa,10,10,7,10,8,10,10,8,10,10,7,10,8,8,9,8,7,6,9,6,5,8,8,10,10,10,8,8,2,7,9,10,10,10,10,10,9,8,8,10,6,6,10,9,,,6,6,,,10,8,6,6,10,10,8,10,6,8,8,7,4,4,8,7,6,10,10,10,9,5,9,,8,,,10,9,9,6,10,9,2,10,9,7,9,8,4,5,3,4,6,6,5,10,10,10,7,8,2,10,10,8,9,9,10,9,8,5,4,8,2,5,10,10,,,8,6,,,10,3,10,10,10,10,10,8,9,4,9,9,5,6,5,8,9,10,10,10,10,4,5,10,,6,,,b'\x11\xe8\xe1I\xe8H\x0b|\x9a\xbe\x12\xdf\x17\xaeN\x1e'
11E8E149-E848-0B7C-9ABE-12DF17AE4E1E,2024-ncaa-d3-natl,ncaa,367,394,200,379,226,349,315,238,370,297,183,376,327,287,352,286,382,371,363,371,400,274,293,377,389,369,325,264,335,258,326,310,382,299,384,356,379,187,229,337,230,239,376,371,,,185,207,,,358,298,304,103,382,350,215,305,148,335,296,405,393,392,284,308,259,331,315,376,200,223,383,,206,,,357,231,236,218,224,145,121,217,396,370,345,391,109,143,47,137,207,201,198,279,241,248,351,406,87,368,382,359,326,379,384,287,305,213,210,280,67,103,221,212,,,376,387,,,358,134,367,304,359,239,247,255,158,130,395,381,108,163,147,227,233,361,370,372,288,206,82,236,,405,,,b'\x11\xe8\xe1I\xe8H\x0b|\x9a\xbe\x12\xdf\x17\xaeN\x1e'
11E8E149-E848-0B7C-9ABE-12DF17AE4E1E,2025-ncaa-d3-conf-SUNYAC,genius_ncaa,10,10,7,10,9,10,9,9,7,8,7,8,9,9,8,7,9,5,10,5,2,9,8,9,9,10,7,7,4,8,9,9,9,10,9,9,7,10,9,9,7,8,9,9,,,9,10,,10,10,6,3,9,10,9,9,7,6,8,9,9,3,3,9,5,8,8,10,9,10,7,9,,10,,10,10,9,9,5,10,9,5,9,7,5,9,5,8,9,3,8,9,7,4,9,10,10,5,6,6,5,9,4,9,5,9,10,9,7,7,9,4,7,1,3,,,8,6,,8,10,3,10,10,10,10,10,6,10,8,8,5,8,10,10,8,9,8,6,8,10,6,7,2,,7,,8,b'\x11\xe8\xe1I\xe8H\x0b|\x9a\xbe\x12\xdf\x17\xaeN\x1e'
11E8E149-E848-0B7C-9ABE-12DF17AE4E1E,2025-ncaa-d3-natl,genius_ncaa,343,374,192,353,283,350,329,317,319,290,252,306,342,323,359,285,334,223,410,217,169,312,246,342,359,369,313,298,241,321,341,285,277,302,328,358,348,370,377,375,201,201,373,381,,,263,290,,354,366,214,174,368,378,363,360,312,261,359,330,356,222,210,352,231,330,287,335,372,359,193,386,,290,,362,362,315,332,223,353,295,205,322,347,259,397,239,122,205,13,204,210,225,198,360,332,329,205,325,79,236,277,281,341,263,328,376,365,233,244,354,231,246,29,37,,,306,318,,348,366,191,370,326,363,314,327,250,293,213,340,263,126,213,211,246,236,244,287,279,363,243,239,26,,332,,355,b'\x11\xe8\xe1I\xe8H\x0b|\x9a\xbe\x12\xdf\x17\xaeN\x1e'
11E8E149-E848-0B7C-9ABE-12DF17AE4E1E,2026-ncaa-d3-conf-SUNYAC,genius_ncaa,8,9,1,8,1,5,2,1,7,2,1,8,5,7,3,10,7,7,4,7,10,2,3,8,8,7,9,7,9,6,8,6,8,6,9,4,6,6,5,5,2,2,9,9,,,8,8,,3,7,2,2,1,8,4,2,4,1,7,8,9,10,10,3,5,8,7,9,6,4,2,9,,8,,3,7,9,9,7,7,8,6,6,8,7,7,6,8,8,4,8,9,7,9,6,9,5,7,6,7,9,8,9,8,9,9,8,6,1,2,4,5,2,9,5,,,4,5,,1,7,9,8,6,7,9,8,4,6,4,7,6,8,8,8,7,9,8,9,9,6,1,2,6,,5,,1,b'\x11\xe8\xe1I\xe8H\x0b|\x9a\xbe\x12\xdf\x17\xaeN\x1e'
11E8E149-E848-0B7C-9ABE-12DF17AE4E1E,2026-ncaa-d3-natl,genius_ncaa,345,366,116,375,118,230,163,41,378,104,19,379,303,211,377,326,375,370,329,371,416,73,77,390,399,381,412,337,409,66,224,139,231,105,284,89,66,257,138,157,76,128,178,231,,,282,168,,156,310,86,50,21,314,197,10,112,4,344,241,409,410,409,24,26,67,147,91,97,226,83,214,,266,,133,304,277,271,308,143,249,295,124,312,315,251,252,243,276,110,271,209,310,320,159,149,122,272,298,185,279,231,373,224,358,284,366,393,72,137,255,228,116,260,117,,,294,409,,47,310,326,371,127,301,262,253,327,212,286,305,310,220,259,254,327,365,268,392,369,362,73,192,253,,382,,62,b'\x11\xe8\xe1I\xe8H\x0b|\x9a\xbe\x12\xdf\x17\xaeN\x1e'
11E8E149-E84C-4D40-9ABE-12DF17AE4E1E,2018-ncaa-d3-conf-CUNYAC,ncaa,5,5,5,5,6,5,5,6,5,7,8,6,2,3,1,2,3,6,2,6,1,6,6,4,3,5,1,1,4,4,4,3,7,4,4,5,2,6,6,5,7,7,5,5,,,5,5,,,5,7,8,3,5,5,7,7,8,1,3,3,5,5,6,7,4,3,4,5,6,7,5,,6,,,5,4,4,6,3,4,4,4,6,9,2,9,5,5,5,5,5,7,3,4,3,5,6,7,5,9,7,3,4,5,4,5,7,7,7,6,7,7,3,4,,,2,1,,,5,3,5,6,5,4,4,5,4,5,6,9,5,4,4,5,5,8,4,4,5,7,6,3,,2,,,b'\x11\xe8\xe1I\xe8LM@\x9a\xbe\x12\xdf\x17\xaeN\x1e'
11E8E149-E84C-4D40-9ABE-12DF17AE4E1E,2018-ncaa-d3-natl,ncaa,151,172,123,165,177,119,163,74,291,292,242,340,13,20,65,45,127,80,317,82,57,69,57,210,218,242,13,17,230,21,31,52,370,21,163,91,50,392,272,217,190,292,214,263,,,284,136,,,118,91,75,294,92,163,58,343,294,11,19,135,86,86,51,33,17,24,9,77,361,219,219,,257,,,123,217,263,405,45,247,365,88,288,395,27,325,112,255,3,254,150,403,401,51,19,40,180,285,92,439,370,335,31,422,163,328,328,100,176,183,420,356,69,70,,,62,191,,,118,349,184,93,132,178,222,388,211,320,248,384,89,209,215,382,405,419,297,389,293,105,398,51,,45,,,b'\x11\xe8\xe1I\xe8LM@\x9a\xbe\x12\xdf\x17\xaeN\x1e'
11E8E149-E84C-4D40-9ABE-12DF17AE4E1E,2019-ncaa-d3-conf-CUNYAC,ncaa,4,4,1,4,4,4,4,5,3,6,8,2,2,2,3,1,2,4,2,4,2,5,6,2,2,3,1,1,5,7,7,5,3,6,5,4,3,4,4,4,6,6,7,7,,,5,7,,,4,5,9,9,4,4,8,7,9,2,2,3,4,4,7,9,8,5,7,4,4,6,7,,2,,,4,4,4,5,4,4,4,5,5,7,4,8,4,2,8,2,4,5,3,4,5,4,6,7,6,1,3,3,7,3,5,4,3,6,5,4,4,5,2,8,,,2,1,,,4,5,4,4,4,4,4,4,4,3,4,6,1,1,1,4,1,1,3,2,4,7,4,1,,3,,,b'\x11\xe8\xe1I\xe8LM@\x9a\xbe\x12\xdf\x17\xaeN\x1e'
11E8E149-E84C-4D40-9ABE-12DF17AE4E1E,2019-ncaa-d3-natl,ncaa,137,162,67,155,126,124,142,98,228,237,289,179,31,20,159,35,225,203,262,203,138,113,78,160,181,224,50,36,324,143,233,59,163,75,186,94,64,389,323,220,137,194,315,345,,,265,139,,,106,69,110,377,172,192,154,324,379,34,28,274,262,261,171,125,199,78,93,109,336,180,347,,180,,,106,163,155,345,45,161,309,57,228,318,62,266,221,232,199,242,185,352,369,45,45,40,272,251,254,315,163,368,233,354,186,168,182,80,116,76,381,327,42,64,,,110,224,,,106,368,231,45,119,91,91,244,110,207,163,259,166,166,172,225,292,261,283,284,116,98,344,29,,174,,,b'\x11\xe8\xe1I\xe8LM@\x9a\xbe\x12\xdf\x17\xaeN\x1e'
11E8E149-E84C-4D40-9ABE-12DF17AE4E1E,2020-ncaa-d3-conf-CUNYAC,ncaa,6,6,5,6,5,6,6,6,7,8,8,7,3,3,4,3,7,7,5,7,3,6,5,6,6,6,1,2,4,8,8,5,8,5,8,8,8,5,5,6,8,8,7,7,,,4,2,,,8,5,4,2,6,7,5,8,8,3,3,6,7,7,5,6,8,4,7,8,5,8,7,,2,,,8,8,8,8,7,8,8,7,7,6,7,3,3,3,2,3,1,8,7,6,6,8,1,3,1,8,8,8,8,8,8,8,5,8,8,8,5,6,8,8,,,7,7,,,8,5,6,8,8,8,8,8,8,8,6,5,2,3,3,8,8,8,8,8,8,8,6,8,,7,,,b'\x11\xe8\xe1I\xe8LM@\x9a\xbe\x12\xdf\x17\xaeN\x1e'
11E8E149-E84C-4D40-9ABE-12DF17AE4E1E,2020-ncaa-d3-natl,ncaa,397,409,327,407,369,398,402,262,432,418,325,435,184,138,294,100,391,370,355,371,338,293,244,425,426,421,25,25,241,339,421,216,433,285,431,433,438,347,355,430,429,437,367,418,,,56,13,,,435,192,38,429,408,417,146,427,269,162,90,389,362,360,197,106,336,109,220,436,373,434,369,,67,,,432,435,436,436,383,436,437,324,322,249,361,44,73,130,15,120,8,434,403,343,268,411,8,104,12,438,433,430,421,435,431,433,280,418,438,436,360,363,359,389,,,379,411,,,435,254,420,433,428,436,436,438,436,438,348,319,108,191,178,438,433,438,435,437,433,424,370,382,,380,,,b'\x11\xe8\xe1I\xe8LM@\x9a\xbe\x12\xdf\x17\xaeN\x1e'
11E8E149-E84C-4D40-9ABE-12DF17AE4E1E,2022-ncaa-d3-conf-CUNYAC,ncaa,7,7,2,7,4,7,7,7,7,7,7,7,4,3,6,2,7,7,7,7,4,7,5,7,7,7,3,3,6,7,7,3,4,4,5,7,3,7,7,7,7,7,7,7,,,1,1,,,7,5,6,7,7,7,7,7,7,4,3,7,7,7,7,7,7,3,5,7,7,7,7,,1,,,7,7,7,7,7,7,7,7,5,4,6,2,1,1,1,1,1,7,6,7,7,7,1,2,1,7,4,4,7,4,5,7,5,7,7,7,7,7,4,7,,,7,7,,,7,3,7,7,7,7,7,7,7,7,5,3,1,1,1,7,4,7,3,4,7,7,7,4,,7,,,b'\x11\xe8\xe1I\xe8LM@\x9a\xbe\x12\xdf\x17\xaeN\x1e'
11E8E149-E84C-4D40-9ABE-12DF17AE4E1E,2022-ncaa-d3-natl,ncaa,423,365,405,423,415,423,422,420,424,424,425,397,384,283,422,11,427,424,426,424,355,420,415,419,423,426,102,31,425,414,389,392,410,408,387,414,20,416,429,424,423,427,422,425,,,14,7,,,423,413,241,425,428,428,429,428,429,326,103,429,427,427,429,377,406,234,359,405,427,424,420,,8,,,426,95,267,96,397,347,176,398,40,55,110,107,6,9,5,9,4,56,31,368,295,396,1,47,2,318,410,21,389,65,387,380,403,420,425,429,415,428,45,407,,,424,429,,,423,19,427,417,428,398,421,421,427,424,187,256,6,9,9,410,356,419,201,364,427,423,425,134,,429,,,b'\x11\xe8\xe1I\xe8LM@\x9a\xbe\x12\xdf\x17\xaeN\x1e'
11E8E149-E84C-4D40-9ABE-12DF17AE4E1E,2023-ncaa-d3-conf-CUNYAC,ncaa,7,7,7,7,7,7,7,7,8,8,8,7,6,5,8,3,7,6,7,6,4,7,7,8,7,7,1,4,1,7,7,8,7,7,7,7,4,7,7,7,7,7,8,8,,,2,2,,,7,8,5,3,7,7,7,8,8,6,4,7,5,6,7,5,7,6,7,7,7,6,6,,4,,,7,7,7,5,7,7,7,6,6,3,7,2,6,6,7,5,4,5,2,8,8,8,3,4,3,7,7,7,7,7,7,7,6,7,7,7,7,7,4,7,,,7,7,,,7,1,7,7,7,7,7,7,7,7,8,4,7,7,7,7,7,7,8,7,7,7,7,5,,7,,,b'\x11\xe8\xe1I\xe8LM@\x9a\xbe\x12\xdf\x17\xaeN\x1e'
11E8E149-E84C-4D40-9ABE-12DF17AE4E1E,2023-ncaa-d3-natl,ncaa,366,398,185,376,233,410,411,303,423,406,280,422,374,259,421,221,382,324,417,321,269,311,133,423,423,424,177,221,95,219,325,272,420,261,411,382,71,428,424,417,137,241,242,343,,,119,22,,,420,111,61,273,422,422,345,421,300,388,275,406,345,340,364,88,210,304,264,401,426,131,250,,102,,,416,379,400,404,273,414,415,268,107,166,75,54,229,239,160,239,66,405,392,208,179,197,17,35,102,426,420,404,325,421,411,411,392,124,251,356,427,424,220,271,,,356,421,,,420,320,424,321,415,361,388,407,405,420,111,167,232,238,242,410,414,423,403,419,397,109,425,217,,392,,,b'\x11\xe8\xe1I\xe8LM@\x9a\xbe\x12\xdf\x17\xaeN\x1e'
11E8E149-E84C-4D40-9ABE-12DF17AE4E1E,2024-ncaa-d3-conf-CUNYAC,ncaa,7,7,7,7,8,7,7,7,7,8,8,7,6,4,7,1,8,8,8,8,1,7,7,7,7,7,1,1,4,8,8,7,8,8,8,7,2,4,6,6,7,6,2,2,,,2,2,,,7,7,4,8,7,7,7,8,8,4,2,8,6,6,7,7,8,7,8,7,6,5,2,,2,,,7,3,5,3,6,5,5,6,4,4,4,3,2,2,3,2,2,3,3,5,5,6,2,5,2,8,8,6,8,8,8,6,6,7,5,6,3,6,3,8,,,8,6,,,7,2,7,7,7,7,7,7,7,7,5,6,3,4,4,7,8,8,8,8,7,5,6,4,,8,,,b'\x11\xe8\xe1I\xe8LM@\x9a\xbe\x12\xdf\x17\xaeN\x1e'
11E8E149-E84C-4D40-9ABE-12DF17AE4E1E,2024-ncaa-d3-natl,ncaa,385,329,403,385,411,413,415,406,420,417,410,410,363,271,414,92,361,286,412,284,22,401,394,415,415,411,67,174,30,386,409,399,426,401,423,404,53,289,390,392,230,186,78,83,,,26,15,,,395,390,35,422,406,413,321,417,370,310,113,233,81,76,265,92,321,258,307,364,396,78,17,,115,,,396,78,127,137,147,180,243,102,91,57,310,73,29,45,33,41,39,103,120,139,93,82,63,185,64,426,426,276,409,402,423,345,422,201,151,311,334,394,159,380,,,379,281,,,395,40,412,288,393,360,376,416,381,420,284,257,135,201,198,414,423,427,422,426,416,33,400,332,,204,,,b'\x11\xe8\xe1I\xe8LM@\x9a\xbe\x12\xdf\x17\xaeN\x1e'
11E8E149-E84C-4D40-9ABE-12DF17AE4E1E,2025-ncaa-d3-conf-CUNYAC,genius_ncaa,8,8,7,8,7,7,7,7,7,8,8,6,4,3,8,1,8,8,8,8,4,7,7,7,7,7,1,1,6,7,7,7,8,7,8,7,5,8,8,7,8,8,5,5,,,5,7,,3,8,7,4,1,7,7,7,8,8,4,3,8,8,8,7,6,6,7,7,7,8,8,4,,8,,3,8,8,7,5,7,7,7,6,4,1,8,1,7,7,4,7,7,5,3,7,8,8,3,1,5,8,8,6,7,8,8,6,2,6,7,6,8,8,2,7,,,8,8,,6,8,2,7,8,8,8,7,7,7,8,5,1,7,8,8,7,8,8,8,8,7,5,8,3,,8,,6,b'\x11\xe8\xe1I\xe8LM@\x9a\xbe\x12\xdf\x17\xaeN\x1e'
11E8E149-E84C-4D40-9ABE-12DF17AE4E1E,2025-ncaa-d3-natl,genius_ncaa,403,334,406,403,409,411,411,406,412,410,405,397,399,343,414,134,417,401,417,400,255,410,395,411,412,413,312,272,296,341,315,402,417,396,406,391,53,381,413,400,324,275,183,216,,,76,140,,34,408,399,27,238,406,403,254,389,294,378,162,411,321,328,290,37,147,244,192,356,416,128,89,,356,,70,410,69,125,56,319,303,266,263,7,5,78,2,122,171,37,174,148,56,55,227,195,210,8,5,195,407,417,123,315,306,406,282,368,280,200,317,410,415,59,264,,,408,390,,412,408,20,412,347,409,387,395,401,409,418,33,31,355,393,394,411,412,418,405,417,400,55,418,231,,312,,412,b'\x11\xe8\xe1I\xe8LM@\x9a\xbe\x12\xdf\x17\xaeN\x1e'
11E8E149-E84C-4D40-9ABE-12DF17AE4E1E,2026-ncaa-d3-conf-CUNYAC,genius_ncaa,7,7,1,7,1,8,8,8,8,8,8,8,7,8,7,4,4,3,7,3,1,8,8,8,7,8,1,5,1,7,6,8,8,8,8,8,8,8,8,8,8,8,7,7,,,3,3,,5,8,8,7,1,8,8,8,8,8,7,8,4,3,3,8,8,7,8,8,8,8,8,7,,3,,5,8,8,8,8,7,7,7,7,4,7,4,6,5,4,7,3,3,8,5,7,7,8,2,3,3,8,8,4,6,6,8,6,4,8,8,8,7,8,1,1,,,2,1,,7,8,2,8,8,8,8,8,8,7,7,4,7,5,4,3,8,5,8,4,6,6,8,7,1,,2,,7,b'\x11\xe8\xe1I\xe8LM@\x9a\xbe\x12\xdf\x17\xaeN\x1e'
11E8E149-E84C-4D40-9ABE-12DF17AE4E1E,2026-ncaa-d3-natl,genius_ncaa,288,366,42,332,64,349,352,197,404,318,107,409,371,313,390,373,223,48,413,48,99,163,52,406,410,411,288,357,44,45,160,152,416,97,399,338,231,413,411,406,194,361,117,270,,,314,67,,45,408,61,155,113,410,410,401,404,245,401,392,342,102,111,382,117,98,332,221,393,409,287,172,,187,,39,400,371,384,401,169,398,409,184,187,285,70,34,318,343,165,347,77,397,391,121,108,142,28,36,157,416,416,362,160,407,399,393,320,66,262,297,412,409,226,177,,,41,113,,291,408,349,408,323,400,310,343,391,382,409,78,140,237,244,260,389,395,416,318,404,355,131,406,143,,83,,342,b'\x11\xe8\xe1I\xe8LM@\x9a\xbe\x12\xdf\x17\xaeN\x1e'
11E8E149-E851-56F0-9ABE-12DF17AE4E1E,2018-ncaa-d3-conf-Skyline,ncaa,5,5,5,5,6,6,4,7,3,4,5,2,3,4,4,4,7,7,6,7,6,6,8,2,1,3,4,4,8,6,5,4,3,4,4,4,3,4,5,3,3,3,7,6,,,9,9,,,4,8,8,6,5,4,8,4,8,4,5,8,8,8,9,9,8,4,5,4,5,4,7,,8,,,4,3,3,2,3,3,3,4,5,6,2,8,8,8,4,7,9,2,2,3,3,5,8,7,9,3,3,3,5,3,4,4,7,7,5,5,2,3,6,8,,,6,7,,,4,3,4,5,4,5,3,4,3,3,5,5,6,7,7,5,3,3,4,4,4,6,3,6,,9,,,b'\x11\xe8\xe1I\xe8QV\xf0\x9a\xbe\x12\xdf\x17\xaeN\x1e'
11E8E149-E851-56F0-9ABE-12DF17AE4E1E,2018-ncaa-d3-natl,ncaa,243,197,363,236,374,260,236,290,181,251,325,117,172,146,255,93,336,348,245,346,287,308,309,160,193,206,208,128,356,183,114,168,146,169,99,192,132,184,250,182,138,99,298,272,,,161,252,,,118,344,131,277,153,126,107,164,251,122,74,306,302,301,125,108,96,18,33,99,288,87,271,,285,,,108,33,33,107,26,42,92,50,101,227,20,301,98,136,60,127,226,91,98,25,21,43,259,243,266,172,146,98,114,110,99,70,231,234,177,130,96,133,259,355,,,400,412,,,118,96,199,49,112,94,102,281,107,231,179,317,165,229,216,273,299,293,223,248,144,144,167,345,,372,,,b'\x11\xe8\xe1I\xe8QV\xf0\x9a\xbe\x12\xdf\x17\xaeN\x1e'
11E8E149-E851-56F0-9ABE-12DF17AE4E1E,2019-ncaa-d3-conf-Skyline,ncaa,7,7,7,7,9,7,7,8,5,8,9,6,5,5,6,4,6,2,7,2,1,8,9,7,6,7,5,5,4,7,4,6,7,8,5,7,6,7,9,8,7,7,8,7,,,7,9,,,7,8,5,9,7,7,7,6,7,5,4,4,2,2,6,5,6,6,6,6,7,6,8,,8,,,7,5,6,4,6,5,2,6,8,8,6,9,6,7,2,7,8,4,3,6,6,7,7,8,6,6,7,4,4,4,5,5,6,9,7,8,7,9,7,8,,,8,8,,,7,3,7,8,7,7,7,6,7,5,10,10,7,8,8,6,6,7,4,4,6,9,7,8,,7,,,b'\x11\xe8\xe1I\xe8QV\xf0\x9a\xbe\x12\xdf\x17\xaeN\x1e'
11E8E149-E851-56F0-9ABE-12DF17AE4E1E,2019-ncaa-d3-natl,ncaa,356,331,365,363,386,358,347,308,377,333,279,363,325,272,378,231,321,245,420,237,176,302,259,380,386,396,244,244,211,82,68,228,412,153,244,357,293,351,367,389,225,238,377,392,,,139,130,,,361,325,81,414,330,321,122,281,155,298,190,275,139,137,106,43,34,62,25,334,407,174,373,,265,,,366,179,239,320,138,228,250,199,261,359,72,338,74,155,3,151,146,310,218,136,87,177,168,287,80,425,412,161,68,326,244,283,276,356,387,368,305,325,287,321,,,382,416,,,361,112,374,291,364,332,360,426,337,390,343,416,136,259,247,427,415,432,310,407,351,283,370,355,,351,,,b'\x11\xe8\xe1I\xe8QV\xf0\x9a\xbe\x12\xdf\x17\xaeN\x1e'
11E8E149-E851-56F0-9ABE-12DF17AE4E1E,2020-ncaa-d3-conf-Skyline,ncaa,5,5,3,5,4,5,5,7,3,7,5,4,5,6,4,6,5,6,5,6,4,7,7,5,4,3,7,7,6,7,6,6,6,7,6,5,7,1,1,4,2,2,8,7,,,1,1,,,4,10,10,5,4,5,8,6,5,5,6,6,7,7,7,10,7,9,8,6,1,3,8,,2,,,4,4,2,4,4,1,1,3,9,10,7,11,7,2,11,2,5,2,2,5,5,4,11,11,7,5,6,4,6,5,6,6,9,3,3,4,3,5,5,8,,,5,4,,,4,2,3,4,4,4,3,4,1,1,8,9,6,2,2,3,3,5,5,5,5,3,4,5,,8,,,b'\x11\xe8\xe1I\xe8QV\xf0\x9a\xbe\x12\xdf\x17\xaeN\x1e'
11E8E149-E851-56F0-9ABE-12DF17AE4E1E,2020-ncaa-d3-natl,ncaa,170,163,198,177,280,225,219,157,271,224,169,268,184,170,247,192,260,242,277,254,287,176,242,268,287,218,220,188,276,134,202,208,286,190,275,229,261,41,43,111,121,112,330,307,,,20,15,,,134,281,243,303,216,206,97,207,140,181,151,254,242,247,114,206,119,174,137,215,51,107,328,,13,,,128,65,72,187,48,34,91,43,358,375,250,404,43,30,329,27,66,120,187,89,69,46,390,417,85,299,286,327,202,325,275,207,363,100,78,130,114,116,197,183,,,292,308,,,134,157,207,60,130,79,97,222,38,99,353,366,39,28,24,153,229,308,340,329,222,77,128,215,,303,,,b'\x11\xe8\xe1I\xe8QV\xf0\x9a\xbe\x12\xdf\x17\xaeN\x1e'
11E8E149-E851-56F0-9ABE-12DF17AE4E1E,2022-ncaa-d3-conf-Skyline,ncaa,2,3,1,3,1,6,4,7,2,1,1,2,11,11,9,11,5,4,8,4,8,7,6,4,4,4,11,11,6,8,7,4,2,6,3,4,4,5,5,2,4,3,10,9,,,3,3,,,3,7,10,5,6,5,10,1,3,11,11,5,5,5,10,11,9,6,7,5,3,5,10,,3,,,4,2,2,3,3,2,2,4,10,10,5,11,2,2,1,2,5,3,4,4,3,3,11,11,4,2,2,3,7,2,3,4,10,4,3,5,5,5,3,2,,,5,3,,,3,5,5,3,3,2,2,2,2,2,7,8,2,2,2,2,2,2,2,2,4,6,5,2,,5,,,b'\x11\xe8\xe1I\xe8QV\xf0\x9a\xbe\x12\xdf\x17\xaeN\x1e'
11E8E149-E851-56F0-9ABE-12DF17AE4E1E,2022-ncaa-d3-natl,ncaa,96,55,250,72,284,216,149,235,71,48,44,119,409,412,364,422,288,231,370,234,381,238,272,175,207,188,427,425,305,206,167,113,55,152,60,150,190,113,151,109,133,81,358,356,,,31,18,,,96,276,199,288,172,81,151,11,14,420,420,270,181,181,162,200,180,24,69,104,154,100,368,,10,,,87,43,60,148,38,49,108,42,219,256,152,337,27,35,25,32,39,109,145,53,34,31,273,371,54,93,55,126,167,112,60,181,349,179,111,147,156,178,54,8,,,286,272,,,96,157,181,26,85,44,80,189,58,136,241,295,15,21,18,133,177,115,158,143,194,132,187,44,,264,,,b'\x11\xe8\xe1I\xe8QV\xf0\x9a\xbe\x12\xdf\x17\xaeN\x1e'
11E8E149-E851-56F0-9ABE-12DF17AE4E1E,2023-ncaa-d3-conf-Skyline,ncaa,6,7,5,7,5,8,8,7,8,6,2,8,10,10,8,9,6,5,7,5,8,7,7,8,8,8,9,9,4,5,5,6,4,7,4,7,4,9,9,8,2,2,4,2,,,5,9,,,7,5,8,3,8,8,9,6,2,10,9,6,5,5,9,9,5,8,7,8,7,2,5,,5,,,7,4,3,2,4,1,1,5,7,10,6,10,4,4,7,4,10,2,2,6,7,5,10,10,7,3,4,4,5,3,4,6,10,4,3,5,7,7,5,4,,,6,5,,,7,6,8,5,7,4,4,4,1,1,7,10,6,4,4,4,3,4,3,3,5,4,7,5,,9,,,b'\x11\xe8\xe1I\xe8QV\xf0\x9a\xbe\x12\xdf\x17\xaeN\x1e'
11E8E149-E851-56F0-9ABE-12DF17AE4E1E,2023-ncaa-d3-natl,ncaa,248,223,333,248,347,358,331,325,338,245,153,363,401,404,382,403,336,321,343,324,383,336,307,374,375,373,405,405,178,215,151,272,174,258,157,274,83,318,363,315,84,42,187,119,,,92,137,,,225,324,165,139,355,314,221,181,49,409,404,318,272,286,243,137,132,126,129,222,365,41,162,,163,,,227,25,21,48,29,16,39,27,221,226,212,353,65,91,29,94,255,43,96,57,43,18,398,398,193,144,174,93,151,91,157,215,424,98,34,123,278,308,122,89,,,356,362,,,225,102,357,22,228,55,45,120,19,62,290,307,91,155,156,105,247,206,216,209,281,40,330,166,,329,,,b'\x11\xe8\xe1I\xe8QV\xf0\x9a\xbe\x12\xdf\x17\xaeN\x1e'
11E8E149-E851-56F0-9ABE-12DF17AE4E1E,2024-ncaa-d3-conf-Skyline,ncaa,2,3,1,3,1,2,1,1,3,1,1,3,9,9,10,10,1,1,6,1,10,1,1,5,4,4,11,10,5,1,1,3,3,1,2,3,7,8,6,6,1,1,4,3,,,11,10,,,3,1,4,3,3,1,2,1,1,9,10,2,5,4,2,1,2,5,3,4,7,1,5,,9,,,3,5,5,6,3,4,7,2,7,3,8,3,9,9,6,9,8,7,11,4,5,3,9,7,8,4,3,4,1,3,2,4,5,2,2,3,6,2,5,1,,,1,6,,,3,11,4,3,3,4,2,4,3,4,5,2,8,8,8,4,4,3,2,2,4,3,3,2,,6,,,b'\x11\xe8\xe1I\xe8QV\xf0\x9a\xbe\x12\xdf\x17\xaeN\x1e'
11E8E149-E851-56F0-9ABE-12DF17AE4E1E,2024-ncaa-d3-natl,ncaa,42,45,38,48,51,69,45,20,178,10,5,165,378,323,411,401,93,48,314,53,353,21,8,264,273,264,425,421,229,6,10,24,95,5,16,55,164,382,227,194,15,27,132,184,,,400,306,,,40,19,52,244,119,64,25,13,7,403,374,155,111,120,23,17,9,44,11,78,321,23,178,,345,,,42,117,104,317,15,136,361,9,110,150,95,75,295,365,34,356,247,338,400,11,13,7,263,146,349,260,95,300,10,289,16,170,256,13,22,17,220,56,129,14,,,49,299,,,40,406,217,9,55,35,26,132,55,227,53,66,213,279,265,148,309,161,131,136,85,18,128,76,,109,,,b'\x11\xe8\xe1I\xe8QV\xf0\x9a\xbe\x12\xdf\x17\xaeN\x1e'
11E8E149-E851-56F0-9ABE-12DF17AE4E1E,2025-ncaa-d3-conf-Skyline,genius_ncaa,5,6,1,6,3,3,3,3,4,3,3,4,7,8,6,9,3,3,5,3,7,3,2,4,4,4,9,9,5,3,3,2,3,2,3,3,3,6,4,3,5,5,9,9,,,10,10,,9,4,3,9,8,5,4,5,3,3,8,9,4,4,4,5,5,3,3,2,3,4,5,10,,9,,9,4,6,6,6,5,7,7,6,5,7,2,7,9,9,2,9,9,7,8,5,5,6,5,3,7,4,3,5,3,3,3,6,6,5,5,6,2,2,7,5,,,4,6,,4,4,9,4,6,4,5,6,4,6,4,5,5,5,7,7,4,3,4,4,3,5,6,2,7,,6,,5,b'\x11\xe8\xe1I\xe8QV\xf0\x9a\xbe\x12\xdf\x17\xaeN\x1e'
11E8E149-E851-56F0-9ABE-12DF17AE4E1E,2025-ncaa-d3-natl,genius_ncaa,141,155,116,156,166,191,176,111,272,131,66,281,299,277,314,336,182,188,190,187,321,122,101,300,301,281,348,344,189,32,30,68,86,34,33,85,27,277,214,156,111,108,356,360,,,251,244,,256,105,165,208,258,223,199,96,136,55,327,312,201,203,207,106,105,21,42,16,71,244,113,372,,225,,246,104,54,67,172,35,94,173,70,81,226,22,231,129,178,46,174,204,171,233,39,32,27,168,160,216,182,86,243,30,214,33,188,324,97,89,122,135,79,196,106,,,244,343,,138,105,249,230,30,108,38,54,124,79,134,76,187,107,148,149,114,168,141,208,166,164,107,119,182,,293,,163,b'\x11\xe8\xe1I\xe8QV\xf0\x9a\xbe\x12\xdf\x17\xaeN\x1e'
11E8E149-E851-56F0-9ABE-12DF17AE4E1E,2026-ncaa-d3-conf-Skyline,genius_ncaa,9,8,4,9,4,8,8,8,5,7,8,5,7,9,5,8,6,4,10,4,3,8,6,5,5,7,8,8,5,6,4,7,8,5,4,6,4,9,9,7,5,6,11,11,,,9,10,,7,8,6,5,2,8,8,10,6,8,9,9,6,4,4,10,8,6,5,6,5,9,6,11,,10,,8,8,5,3,6,4,3,5,4,9,7,9,8,8,8,3,8,9,6,7,4,5,5,11,9,7,7,8,2,4,3,4,3,2,6,7,6,6,8,8,11,,,4,1,,2,8,7,8,6,8,6,4,6,3,4,9,9,7,8,8,6,8,8,1,3,3,6,7,9,,3,,1,b'\x11\xe8\xe1I\xe8QV\xf0\x9a\xbe\x12\xdf\x17\xaeN\x1e'
11E8E149-E851-56F0-9ABE-12DF17AE4E1E,2026-ncaa-d3-natl,genius_ncaa,288,329,116,323,139,262,263,249,248,211,170,302,295,342,165,369,223,93,403,87,110,228,138,273,300,365,301,308,169,88,42,121,249,105,83,195,99,395,399,357,146,216,384,402,,,293,237,,234,308,151,128,113,346,328,378,272,204,339,387,265,103,95,345,121,99,116,91,247,400,172,399,,278,,222,302,241,244,291,123,219,300,65,301,265,325,184,201,249,69,245,174,287,286,139,111,121,281,318,165,316,249,145,42,206,83,241,205,141,208,193,372,373,311,301,,,111,149,,76,308,277,353,153,296,214,207,302,162,292,290,238,166,224,225,290,309,300,50,145,216,153,377,309,,113,,93,b'\x11\xe8\xe1I\xe8QV\xf0\x9a\xbe\x12\xdf\x17\xaeN\x1e'
11E8E149-E855-AE3A-9ABE-12DF17AE4E1E,2018-ncaa-d3-conf-UAA,ncaa,8,8,1,8,5,8,8,8,7,8,8,7,2,1,5,1,8,8,8,8,8,8,8,7,8,8,1,1,8,8,8,7,7,8,7,7,5,8,8,8,8,8,6,7,,,1,3,,,8,7,6,5,8,8,8,8,8,2,1,8,8,8,8,8,8,7,8,7,8,8,6,,1,,,8,8,8,6,8,8,6,8,6,6,8,5,1,2,1,2,2,6,3,8,8,8,1,5,1,6,7,8,8,7,7,8,6,7,7,8,8,8,5,8,,,8,7,,,8,3,8,8,8,8,8,6,8,6,6,6,1,2,2,6,3,6,8,7,8,7,8,5,,8,,,b'\x11\xe8\xe1I\xe8U\xae:\x9a\xbe\x12\xdf\x17\xaeN\x1e'
11E8E149-E855-AE3A-9ABE-12DF17AE4E1E,2018-ncaa-d3-natl,ncaa,383,394,305,393,346,350,352,356,348,383,386,341,156,139,216,62,365,364,307,361,225,361,356,298,319,330,69,53,322,416,434,323,367,391,414,371,352,216,327,365,361,381,354,384,,,169,194,,,404,309,183,303,361,363,328,393,390,130,92,365,363,366,357,320,428,287,406,378,274,365,358,,225,,,404,387,419,302,423,414,326,415,269,188,350,150,161,232,39,236,158,296,175,412,392,429,65,153,70,333,367,319,434,337,414,407,300,408,433,435,302,353,268,402,,,303,186,,,404,145,360,429,403,414,420,383,424,385,293,240,195,279,283,385,300,363,379,379,415,417,333,318,,273,,,b'\x11\xe8\xe1I\xe8U\xae:\x9a\xbe\x12\xdf\x17\xaeN\x1e'
11E8E149-E855-AE3A-9ABE-12DF17AE4E1E,2019-ncaa-d3-conf-UAA,ncaa,4,4,1,4,6,2,4,4,4,5,7,4,2,2,3,2,3,3,5,3,2,3,5,4,4,3,2,2,3,8,6,3,6,5,6,3,5,3,2,3,6,6,4,4,,,4,3,,,4,2,2,6,2,4,4,5,7,2,2,3,3,3,3,5,8,3,5,3,3,6,4,,4,,,4,7,5,7,3,3,6,2,5,5,6,5,8,7,7,7,6,7,8,4,4,6,5,5,6,6,6,6,6,6,6,6,6,5,6,7,5,6,4,3,,,4,5,,,4,7,3,5,4,7,5,7,3,6,5,5,8,7,7,7,8,6,6,6,6,5,5,4,,4,,,b'\x11\xe8\xe1I\xe8U\xae:\x9a\xbe\x12\xdf\x17\xaeN\x1e'
11E8E149-E855-AE3A-9ABE-12DF17AE4E1E,2019-ncaa-d3-natl,ncaa,155,134,215,151,238,112,137,188,107,189,279,75,93,91,129,95,94,113,141,104,65,172,253,77,71,46,108,129,166,266,288,114,240,172,238,209,355,32,22,89,395,413,108,128,,,247,240,,,193,239,196,88,53,85,133,165,278,70,76,69,84,71,99,215,261,58,105,194,30,409,101,,276,,,193,374,343,372,192,225,295,146,417,396,389,345,296,207,432,200,167,365,248,249,272,379,375,392,198,326,240,260,288,297,238,340,271,396,425,418,71,78,103,127,,,164,121,,,193,218,56,386,192,374,340,397,256,325,427,398,307,221,215,397,306,336,284,316,331,418,82,107,,120,,,b'\x11\xe8\xe1I\xe8U\xae:\x9a\xbe\x12\xdf\x17\xaeN\x1e'
11E8E149-E855-AE3A-9ABE-12DF17AE4E1E,2020-ncaa-d3-conf-UAA,ncaa,6,6,1,6,2,5,6,7,4,6,6,3,6,4,5,3,4,5,4,5,4,6,6,4,4,4,4,4,3,8,8,5,8,7,8,7,6,4,4,5,6,6,5,7,,,1,1,,,6,4,5,2,5,6,7,6,6,6,4,4,5,5,6,6,8,5,7,7,4,6,5,,1,,,6,7,8,8,6,8,7,7,8,8,6,8,1,1,2,1,1,8,8,6,5,7,4,7,1,8,8,7,8,8,8,8,6,8,8,8,3,3,4,4,,,4,4,,,6,4,5,8,6,7,8,8,8,7,8,8,1,1,1,8,8,8,7,8,8,8,3,4,,4,,,b'\x11\xe8\xe1I\xe8U\xae:\x9a\xbe\x12\xdf\x17\xaeN\x1e'
11E8E149-E855-AE3A-9ABE-12DF17AE4E1E,2020-ncaa-d3-natl,ncaa,263,275,198,276,199,191,204,232,180,220,296,110,150,120,239,118,130,204,31,203,155,227,277,160,137,124,152,179,155,333,345,187,406,256,356,262,345,108,136,206,324,366,168,209,,,120,63,,,286,242,261,6,152,172,202,203,310,151,106,116,202,201,202,256,344,145,260,255,119,332,157,,120,,,283,368,397,421,212,348,347,235,403,419,221,365,77,56,313,54,29,402,327,235,181,312,212,367,31,434,406,255,345,385,356,371,254,377,414,407,117,136,124,169,,,246,200,,,286,197,164,380,282,359,385,423,344,377,391,419,80,54,56,411,362,425,273,377,358,389,129,124,,229,,,b'\x11\xe8\xe1I\xe8U\xae:\x9a\xbe\x12\xdf\x17\xaeN\x1e'
11E8E149-E855-AE3A-9ABE-12DF17AE4E1E,2022-ncaa-d3-conf-UAA,ncaa,7,7,3,7,5,8,8,6,8,7,6,8,6,5,5,5,6,6,2,6,5,7,7,8,8,6,5,5,4,4,4,7,8,7,8,8,8,5,4,8,5,5,3,3,,,3,2,,,7,7,7,3,7,7,6,7,6,6,4,6,6,6,6,6,3,7,6,8,5,5,3,,3,,,7,7,8,6,7,8,5,7,6,5,7,5,1,4,1,4,3,5,6,7,6,7,2,7,1,8,8,5,4,7,8,8,8,6,5,8,8,8,1,1,,,5,5,,,7,2,7,8,7,8,8,7,8,7,7,6,1,4,4,7,8,8,6,8,8,5,8,1,,5,,,b'\x11\xe8\xe1I\xe8U\xae:\x9a\xbe\x12\xdf\x17\xaeN\x1e'
11E8E149-E855-AE3A-9ABE-12DF17AE4E1E,2022-ncaa-d3-natl,ncaa,275,341,107,305,116,120,124,133,154,131,147,149,134,138,165,196,117,212,11,208,257,142,162,156,126,125,205,201,185,194,242,180,339,176,282,190,307,150,118,182,222,285,27,42,,,278,201,,,241,151,225,75,133,145,145,148,185,158,175,140,254,247,168,232,230,251,244,231,119,263,23,,237,,,240,384,396,357,331,391,365,314,335,286,332,178,215,271,63,281,156,357,328,334,294,324,135,217,80,375,339,278,242,333,282,362,162,231,326,333,218,191,130,95,,,171,209,,,241,295,131,350,238,332,358,336,351,338,296,238,164,229,238,331,287,340,212,287,306,292,190,91,,220,,,b'\x11\xe8\xe1I\xe8U\xae:\x9a\xbe\x12\xdf\x17\xaeN\x1e'
11E8E149-E855-AE3A-9ABE-12DF17AE4E1E,2023-ncaa-d3-conf-UAA,ncaa,5,5,1,5,4,7,8,7,8,8,8,8,1,1,5,1,2,2,3,2,1,5,7,7,7,7,1,1,2,5,7,6,5,6,7,7,5,2,3,6,3,3,5,6,,,3,4,,,7,6,6,4,7,8,7,8,8,1,1,2,2,2,5,7,5,6,6,7,2,3,5,,3,,,7,6,6,5,7,7,4,7,5,5,7,5,1,3,1,3,3,4,5,7,6,5,4,5,1,5,5,8,7,7,7,5,4,3,4,5,1,1,3,5,,,6,4,,,7,5,7,6,7,6,6,5,7,4,5,5,1,3,3,4,5,5,8,7,5,3,1,3,,6,,,b'\x11\xe8\xe1I\xe8U\xae:\x9a\xbe\x12\xdf\x17\xaeN\x1e'
11E8E149-E855-AE3A-9ABE-12DF17AE4E1E,2023-ncaa-d3-natl,ncaa,152,131,185,153,214,123,162,138,178,269,283,238,28,52,21,57,133,197,43,185,116,146,241,104,102,52,24,19,204,286,346,146,108,206,267,128,147,30,18,28,180,189,90,83,,,177,175,,,160,205,178,164,75,132,99,284,303,15,36,108,184,162,95,222,304,107,210,102,24,185,88,,180,,,161,302,314,240,322,263,189,289,361,289,392,301,128,150,131,160,169,209,201,347,316,317,265,348,81,131,108,359,346,284,267,224,114,231,252,240,21,14,192,248,,,265,284,,,160,233,83,286,160,294,313,259,262,185,361,295,128,144,160,231,214,136,359,276,227,245,16,192,,289,,,b'\x11\xe8\xe1I\xe8U\xae:\x9a\xbe\x12\xdf\x17\xaeN\x1e'
11E8E149-E855-AE3A-9ABE-12DF17AE4E1E,2024-ncaa-d3-conf-UAA,ncaa,6,6,1,6,2,7,7,7,7,7,7,6,2,2,4,2,5,6,1,6,5,8,8,6,4,4,2,2,4,8,8,7,8,8,7,6,4,3,4,4,6,6,8,8,,,4,4,,,7,7,7,2,7,7,7,7,7,2,2,5,6,6,8,8,8,7,8,6,3,6,8,,4,,,7,6,6,5,7,7,2,8,6,6,6,6,4,5,1,5,6,5,5,7,7,7,4,5,3,7,8,5,8,7,7,6,6,5,5,5,5,6,4,5,,,7,7,,,7,1,5,7,7,6,6,5,7,2,6,6,4,5,5,5,5,7,5,7,6,5,5,4,,7,,,b'\x11\xe8\xe1I\xe8U\xae:\x9a\xbe\x12\xdf\x17\xaeN\x1e'
11E8E149-E855-AE3A-9ABE-12DF17AE4E1E,2024-ncaa-d3-natl,ncaa,227,232,200,238,229,200,205,200,209,233,272,170,137,101,216,89,213,274,50,270,224,214,294,185,176,127,128,135,228,294,315,299,215,311,300,201,200,37,46,86,320,317,241,222,,,135,189,,,239,287,286,133,198,206,159,224,285,129,87,200,285,282,185,312,297,319,333,191,31,330,246,,153,,,240,286,307,183,363,274,123,381,357,328,314,353,125,153,71,147,215,174,131,375,356,367,236,332,84,152,215,289,315,225,300,249,167,316,311,317,31,43,129,172,,,336,339,,,239,139,142,355,240,305,319,216,273,133,356,336,131,174,168,187,142,158,298,245,258,327,33,134,,361,,,b'\x11\xe8\xe1I\xe8U\xae:\x9a\xbe\x12\xdf\x17\xaeN\x1e'
11E8E149-E855-AE3A-9ABE-12DF17AE4E1E,2025-ncaa-d3-conf-UAA,genius_ncaa,8,8,1,8,5,8,8,5,8,8,7,8,5,1,8,1,8,8,4,7,5,5,6,8,8,8,2,1,5,2,3,7,7,4,8,8,7,5,4,8,5,3,2,2,,,7,6,,4,8,6,6,5,8,8,5,8,7,5,1,8,8,7,5,6,2,7,4,8,5,5,2,,7,,4,8,8,8,6,7,7,5,8,4,5,6,4,6,6,5,6,6,6,4,7,7,8,4,4,6,7,7,7,3,8,8,8,8,6,6,8,6,5,8,8,,,7,7,,4,8,3,8,8,8,8,8,6,7,5,4,5,6,6,6,6,4,7,7,8,8,6,6,8,,7,,4,b'\x11\xe8\xe1I\xe8U\xae:\x9a\xbe\x12\xdf\x17\xaeN\x1e'
11E8E149-E855-AE3A-9ABE-12DF17AE4E1E,2025-ncaa-d3-natl,genius_ncaa,312,334,192,322,218,266,273,212,308,333,359,237,79,34,264,12,336,358,203,357,229,245,271,262,279,259,38,16,352,181,226,217,232,215,245,311,335,140,177,256,312,302,23,9,,,193,246,,272,296,297,317,127,278,281,171,358,389,59,20,362,375,372,231,271,175,204,180,327,165,324,15,,212,,285,294,248,224,188,241,155,126,245,315,307,285,327,260,234,329,225,283,194,131,275,284,332,336,323,229,233,232,268,226,251,245,268,280,344,347,347,97,125,334,397,,,319,319,,240,296,122,246,334,302,268,232,217,177,139,316,324,288,247,240,222,135,237,276,268,269,362,104,338,,346,,245,b'\x11\xe8\xe1I\xe8U\xae:\x9a\xbe\x12\xdf\x17\xaeN\x1e'
11E8E149-E855-AE3A-9ABE-12DF17AE4E1E,2026-ncaa-d3-natl,genius_ncaa,98,132,116,138,122,142,169,128,273,249,282,161,41,14,256,4,130,145,156,135,64,127,158,213,219,166,35,31,200,63,78,139,138,104,99,235,329,133,65,186,87,75,45,46,,,123,52,,130,82,185,310,50,148,199,95,305,375,35,5,135,181,172,92,178,65,147,88,284,75,99,45,,44,,119,90,167,205,238,126,209,240,131,198,243,122,246,59,100,32,98,37,219,226,119,65,82,105,249,34,195,138,237,78,216,99,198,182,180,186,183,59,14,193,253,,,145,189,,169,82,231,124,86,84,66,141,196,150,207,147,207,14,30,27,149,134,156,188,165,160,218,15,157,,168,,206,b'\x11\xe8\xe1I\xe8U\xae:\x9a\xbe\x12\xdf\x17\xaeN\x1e'
11E8E149-E85A-1F7E-9ABE-12DF17AE4E1E,2018-ncaa-d3-conf-CSAC,ncaa,1,1,2,1,3,3,4,4,3,5,4,3,2,3,1,5,2,5,2,4,4,4,4,2,2,2,4,5,7,5,4,2,3,3,3,3,4,5,3,3,2,2,2,1,,,9,6,,,1,4,7,11,4,4,5,5,7,2,3,4,6,6,5,7,6,4,5,3,4,2,1,,5,,,1,1,1,4,1,1,4,1,2,6,1,7,9,8,9,8,11,4,9,1,1,1,9,3,12,2,3,5,4,5,3,1,1,3,2,1,9,6,6,6,,,7,9,,,1,9,2,1,1,1,1,1,1,1,2,4,6,4,4,1,3,2,2,1,1,3,6,7,,10,,,b'\x11\xe8\xe1I\xe8Z\x1f~\x9a\xbe\x12\xdf\x17\xaeN\x1e'
11E8E149-E85A-1F7E-9ABE-12DF17AE4E1E,2018-ncaa-d3-natl,ncaa,10,7,17,10,17,29,55,36,166,120,99,207,25,31,57,114,15,28,62,25,62,31,33,115,89,79,59,101,99,50,96,35,55,36,69,36,56,278,100,65,32,46,58,82,,,381,276,,,31,34,240,5,65,133,132,239,262,55,89,34,74,69,105,152,108,135,100,61,120,53,93,,237,,,35,247,156,336,49,208,357,56,138,227,70,138,410,394,371,393,324,363,399,41,81,54,283,112,419,161,55,360,96,294,69,178,199,49,76,60,320,176,417,373,,,59,245,,,31,415,58,38,37,64,32,74,73,148,60,102,344,287,279,99,175,66,167,100,75,95,197,357,,203,,,b'\x11\xe8\xe1I\xe8Z\x1f~\x9a\xbe\x12\xdf\x17\xaeN\x1e'
11E8E149-E85A-1F7E-9ABE-12DF17AE4E1E,2019-ncaa-d3-conf-Atlantic East,ncaa,2,2,1,2,2,1,1,1,2,2,2,2,2,3,1,4,2,1,4,1,1,1,1,2,2,2,4,4,4,3,3,2,4,2,2,1,3,3,2,2,1,2,1,1,,,7,6,,,2,1,2,2,1,1,2,2,2,2,3,2,1,1,1,2,3,2,2,1,2,1,1,,6,,,2,2,2,6,2,3,6,2,1,3,3,1,7,7,4,7,6,6,7,2,2,2,5,1,7,4,4,6,3,7,2,2,1,2,2,2,2,1,2,2,,,1,3,,,2,7,2,2,2,2,2,3,2,4,1,2,7,7,7,3,6,4,4,4,2,2,2,2,,1,,,b'\x11\xe8\xe1I\xe8Z\x1f~\x9a\xbe\x12\xdf\x17\xaeN\x1e'
11E8E149-E85A-1F7E-9ABE-12DF17AE4E1E,2019-ncaa-d3-natl,ncaa,78,162,8,136,13,33,64,23,244,92,66,232,82,50,215,195,4,4,64,4,22,15,12,227,159,146,82,213,17,119,338,33,216,52,306,80,173,381,171,189,20,51,63,125,,,442,409,,,144,6,67,233,101,200,149,226,226,156,139,8,16,15,89,101,276,211,255,167,220,36,105,,428,,,153,435,396,419,199,412,428,183,168,211,158,41,443,441,374,441,382,435,438,157,236,156,214,38,424,384,216,441,338,435,306,215,37,17,73,29,275,86,183,92,,,4,69,,,144,437,179,142,161,232,174,162,254,288,59,51,425,411,412,247,343,215,355,313,74,56,123,81,,33,,,b'\x11\xe8\xe1I\xe8Z\x1f~\x9a\xbe\x12\xdf\x17\xaeN\x1e'
11E8E149-E85A-1F7E-9ABE-12DF17AE4E1E,2020-ncaa-d3-conf-Atlantic East,ncaa,2,2,1,2,2,2,3,2,2,2,2,2,2,2,2,3,3,3,1,3,7,2,2,2,2,2,5,5,6,4,6,1,2,3,3,1,1,1,2,1,2,3,1,1,,,6,6,,,2,2,3,3,2,3,2,2,2,2,3,3,5,4,2,2,4,2,4,1,1,2,1,,4,,,2,2,2,2,2,2,3,2,3,4,4,4,5,6,3,6,7,3,6,2,2,2,7,3,7,3,2,6,6,4,3,2,3,3,3,2,2,2,2,2,,,4,6,,,2,6,2,2,2,2,2,2,2,2,3,3,5,5,6,2,4,2,5,2,2,3,2,2,,7,,,b'\x11\xe8\xe1I\xe8Z\x1f~\x9a\xbe\x12\xdf\x17\xaeN\x1e'
11E8E149-E85A-1F7E-9ABE-12DF17AE4E1E,2020-ncaa-d3-natl,ncaa,36,63,7,61,12,12,19,11,120,38,34,140,34,42,88,172,28,47,38,43,213,10,16,110,87,64,155,157,210,70,190,23,277,29,226,4,5,276,79,13,26,76,18,32,,,428,305,,,33,10,94,208,33,49,48,88,128,69,103,67,130,127,45,86,128,96,98,8,127,59,32,,355,,,42,363,238,409,37,220,395,28,274,329,133,149,433,433,167,433,379,429,431,34,63,51,365,194,420,413,277,420,190,428,226,190,150,26,97,37,356,218,225,115,,,18,155,,,33,423,65,64,50,143,73,204,82,221,160,186,390,397,394,252,335,327,294,315,94,70,259,142,,92,,,b'\x11\xe8\xe1I\xe8Z\x1f~\x9a\xbe\x12\xdf\x17\xaeN\x1e'
11E8E149-E85A-1F7E-9ABE-12DF17AE4E1E,2021-ncaa-d3-conf-Atlantic East,ncaa,3,1,5,1,5,5,5,5,3,5,5,2,5,4,5,4,5,5,1,5,4,5,5,4,4,4,5,5,1,5,5,5,5,5,4,5,5,1,3,3,5,1,3,1,,,1,3,,,3,5,5,1,4,4,3,3,3,5,4,3,3,3,3,4,4,4,4,4,2,1,1,,2,,,2,1,1,1,2,1,1,2,1,1,5,2,1,1,2,1,4,1,1,2,2,2,5,4,4,1,5,1,5,1,4,1,2,4,1,2,1,3,2,2,,,5,3,,,3,1,4,2,3,2,2,2,2,1,3,2,2,3,3,2,2,3,2,2,2,1,1,2,,4,,,b'\x11\xe8\xe1I\xe8Z\x1f~\x9a\xbe\x12\xdf\x17\xaeN\x1e'
11E8E149-E85A-1F7E-9ABE-12DF17AE4E1E,2021-ncaa-d3-natl,ncaa,215,1,273,1,275,280,277,282,186,275,279,83,282,281,282,214,268,277,16,276,48,282,284,231,176,134,239,282,5,282,224,281,257,281,242,281,256,1,17,123,273,32,253,9,,,11,272,,,128,283,273,110,199,219,238,106,167,279,225,18,45,45,215,273,238,241,249,243,8,57,20,,228,,,76,3,2,3,26,1,2,1,12,4,274,106,8,12,31,12,279,3,2,43,44,30,283,272,265,8,257,3,224,3,242,3,75,274,32,13,1,42,7,49,,,276,19,,,128,2,143,52,85,15,5,9,2,12,177,47,152,207,230,17,25,232,123,190,7,73,18,38,,81,,,b'\x11\xe8\xe1I\xe8Z\x1f~\x9a\xbe\x12\xdf\x17\xaeN\x1e'
11E8E149-E85A-1F7E-9ABE-12DF17AE4E1E,2022-ncaa-d3-conf-Atlantic East,ncaa,3,3,3,3,3,4,3,5,2,4,3,3,3,4,2,5,4,4,7,4,4,3,3,2,4,4,5,4,5,5,4,1,4,3,3,3,1,6,5,3,4,5,1,1,,,2,2,,,1,3,4,6,4,5,5,4,5,3,5,5,4,4,5,6,5,1,2,2,4,5,1,,2,,,1,1,1,5,1,1,4,1,2,6,1,7,1,1,4,1,2,5,5,1,1,1,7,7,3,6,4,2,4,3,3,1,4,4,3,1,6,6,1,1,,,4,3,,,1,5,4,1,1,1,1,4,1,4,3,5,1,1,1,4,3,4,2,3,1,3,6,1,,4,,,b'\x11\xe8\xe1I\xe8Z\x1f~\x9a\xbe\x12\xdf\x17\xaeN\x1e'
11E8E149-E85A-1F7E-9ABE-12DF17AE4E1E,2022-ncaa-d3-natl,ncaa,147,234,32,199,37,143,153,90,255,170,121,281,99,108,144,191,200,109,372,110,189,89,84,235,256,243,172,148,257,102,236,38,206,51,201,76,28,288,194,125,186,264,6,3,,,270,151,,,136,88,343,98,275,269,259,289,260,169,195,292,199,207,251,292,203,68,116,116,169,275,7,,131,,,145,188,139,352,12,89,319,7,341,357,199,283,254,293,110,290,210,353,360,18,21,33,387,368,276,379,206,386,236,391,201,229,314,107,197,132,328,257,167,122,,,56,117,,,136,337,233,51,147,42,27,164,22,141,228,243,140,167,164,154,147,294,261,284,117,216,236,94,,158,,,b'\x11\xe8\xe1I\xe8Z\x1f~\x9a\xbe\x12\xdf\x17\xaeN\x1e'
11E8E149-E85A-1F7E-9ABE-12DF17AE4E1E,2023-ncaa-d3-conf-Atlantic East,ncaa,2,2,1,2,1,1,1,1,1,1,1,2,2,2,3,3,4,3,4,3,5,1,1,2,2,1,4,3,6,3,2,1,4,1,2,1,2,6,2,1,1,1,1,1,,,6,3,,,2,1,2,4,2,1,3,1,5,2,2,4,4,4,2,2,4,2,3,1,3,1,1,,2,,,2,4,3,7,2,3,7,1,5,5,5,2,7,5,3,5,3,7,7,2,2,2,4,5,5,7,4,5,2,6,2,3,3,1,3,2,7,3,3,1,,,3,6,,,2,7,1,2,2,2,2,3,2,5,3,3,2,3,3,3,6,6,3,4,2,2,4,2,,5,,,b'\x11\xe8\xe1I\xe8Z\x1f~\x9a\xbe\x12\xdf\x17\xaeN\x1e'
11E8E149-E85A-1F7E-9ABE-12DF17AE4E1E,2023-ncaa-d3-natl,ncaa,171,247,33,207,47,108,104,95,147,142,136,176,94,108,89,181,150,108,283,108,176,92,73,136,147,165,174,146,257,149,219,44,255,70,209,61,55,309,216,136,95,152,7,14,,,346,228,,,149,65,240,210,182,182,231,214,259,133,185,228,205,207,231,248,222,111,174,92,200,147,8,,245,,,155,293,255,386,58,282,395,35,185,192,197,72,357,362,232,365,225,396,383,44,62,89,226,138,338,379,255,339,219,368,209,277,257,121,224,186,356,291,288,234,,,97,186,,,149,369,181,119,152,124,111,230,145,302,107,89,290,286,289,233,227,290,180,233,174,209,272,206,,213,,,b'\x11\xe8\xe1I\xe8Z\x1f~\x9a\xbe\x12\xdf\x17\xaeN\x1e'
11E8E149-E85E-6688-9ABE-12DF17AE4E1E,2018-ncaa-d3-conf-CSAC,ncaa,9,9,7,9,12,8,10,12,8,10,7,10,10,11,5,11,6,2,9,3,1,10,8,9,8,8,7,8,2,7,7,9,8,8,6,10,10,12,12,11,6,5,12,12,,,2,2,,,9,9,4,12,8,10,11,10,5,10,11,5,2,2,9,6,7,7,7,10,12,4,12,,2,,,9,6,8,9,6,5,3,8,11,11,5,11,2,1,12,1,1,7,6,8,6,7,5,11,2,7,8,2,7,2,6,10,11,9,8,10,12,12,1,2,,,3,2,,,9,5,9,8,9,9,9,11,7,8,11,11,2,1,1,11,9,8,3,5,10,7,12,1,,2,,,b'\x11\xe8\xe1I\xe8^f\x88\x9a\xbe\x12\xdf\x17\xaeN\x1e'
11E8E149-E85E-6688-9ABE-12DF17AE4E1E,2018-ncaa-d3-natl,ncaa,299,279,363,301,367,374,370,382,345,340,294,366,382,398,254,376,267,186,378,187,133,371,357,361,353,364,272,344,70,346,293,345,303,362,287,385,353,283,376,392,302,279,375,383,,,18,10,,,326,354,138,129,366,370,344,315,174,367,384,197,95,98,292,205,308,232,287,382,363,240,372,,18,,,328,102,156,236,131,118,139,140,342,368,201,411,23,16,212,18,20,154,123,157,90,170,248,415,15,206,303,82,293,107,287,322,395,330,315,371,375,406,79,102,,,286,162,,,326,116,377,185,319,234,310,397,219,288,402,426,25,20,23,359,333,324,197,242,371,265,400,100,,161,,,b'\x11\xe8\xe1I\xe8^f\x88\x9a\xbe\x12\xdf\x17\xaeN\x1e'
11E8E149-E85E-6688-9ABE-12DF17AE4E1E,2019-ncaa-d3-conf-CSAC,ncaa,3,4,1,4,1,3,3,3,4,2,2,4,9,8,7,9,1,1,1,1,1,3,3,5,4,3,7,9,1,2,2,4,7,2,3,5,9,5,4,4,5,6,5,7,,,3,1,,,4,4,7,2,3,3,4,2,2,9,8,1,1,1,3,4,2,5,3,6,4,6,7,,1,,,4,9,9,9,6,7,8,5,9,7,9,5,1,2,8,2,1,9,7,7,7,8,5,8,1,9,7,6,2,7,3,9,5,4,9,9,5,4,6,3,,,1,1,,,4,6,2,7,4,7,7,9,5,6,9,7,1,2,2,6,4,7,4,5,8,8,4,5,,1,,,b'\x11\xe8\xe1I\xe8^f\x88\x9a\xbe\x12\xdf\x17\xaeN\x1e'
11E8E149-E85E-6688-9ABE-12DF17AE4E1E,2019-ncaa-d3-natl,ncaa,187,244,67,215,84,173,181,108,289,100,36,301,384,362,368,412,53,48,229,45,187,84,81,336,314,289,374,417,45,42,65,122,328,63,166,191,259,300,203,252,203,259,350,389,,,88,36,,,255,123,257,102,250,252,170,123,46,411,397,81,60,53,128,139,58,190,77,250,223,244,386,,31,,,254,353,410,418,243,378,377,235,395,400,278,331,41,52,38,51,17,386,355,261,174,212,120,369,18,412,328,285,65,356,166,394,270,208,303,347,366,296,103,37,,,121,234,,,255,322,248,261,255,241,331,375,293,314,352,353,20,27,28,305,265,357,178,285,322,278,308,67,,189,,,b'\x11\xe8\xe1I\xe8^f\x88\x9a\xbe\x12\xdf\x17\xaeN\x1e'
11E8E149-E85E-6688-9ABE-12DF17AE4E1E,2020-ncaa-d3-conf-CSAC,ncaa,9,9,6,9,6,10,8,10,7,7,6,7,9,8,8,6,10,10,1,10,10,10,10,8,8,10,8,7,8,8,8,5,7,6,8,6,4,6,10,6,10,10,7,7,,,1,1,,,9,10,9,1,10,8,9,7,6,9,8,10,10,10,9,8,6,1,4,6,9,10,7,,1,,,9,6,8,10,5,7,7,6,5,8,4,8,1,2,2,2,2,9,2,6,5,8,3,5,1,8,7,4,8,6,8,4,3,10,10,10,10,10,4,3,,,10,10,,,9,1,9,8,9,7,8,10,7,8,6,9,2,3,3,10,4,9,7,8,4,10,10,4,,10,,,b'\x11\xe8\xe1I\xe8^f\x88\x9a\xbe\x12\xdf\x17\xaeN\x1e'
11E8E149-E85E-6688-9ABE-12DF17AE4E1E,2020-ncaa-d3-natl,ncaa,397,425,126,412,148,346,329,209,391,282,155,374,368,270,425,272,319,383,27,382,413,257,175,402,392,396,338,342,201,217,282,77,350,129,306,266,111,395,375,353,425,434,359,397,,,21,5,,,408,158,202,163,393,377,259,326,190,387,288,354,416,416,329,211,235,56,129,303,367,432,373,,8,,,398,414,423,432,277,420,404,308,388,418,181,321,57,88,23,93,31,425,355,273,193,353,77,300,16,420,350,347,282,401,306,364,141,409,433,418,431,413,27,23,,,376,427,,,408,274,397,386,401,366,403,422,398,395,361,396,35,71,72,412,326,400,303,361,338,426,416,20,,421,,,b'\x11\xe8\xe1I\xe8^f\x88\x9a\xbe\x12\xdf\x17\xaeN\x1e'
11E8E149-E85E-6688-9ABE-12DF17AE4E1E,2021-ncaa-d3-conf-CSAC,ncaa,2,3,1,3,1,1,1,1,3,1,1,3,2,1,3,2,1,1,1,1,1,1,1,3,3,3,2,2,1,1,2,1,2,1,2,1,2,3,3,3,3,3,1,3,,,3,1,,,3,1,2,1,3,3,3,3,2,3,3,1,1,1,3,1,2,1,1,2,3,3,2,,2,,,3,3,3,3,3,3,3,3,3,3,3,2,2,2,1,2,1,3,3,3,3,3,3,3,1,3,2,3,2,3,2,3,1,2,3,3,3,3,3,2,,,1,2,,,3,3,3,3,3,3,3,3,3,2,3,3,2,2,2,2,2,2,2,2,3,3,3,2,,2,,,b'\x11\xe8\xe1I\xe8^f\x88\x9a\xbe\x12\xdf\x17\xaeN\x1e'
11E8E149-E85E-6688-9ABE-12DF17AE4E1E,2021-ncaa-d3-natl,ncaa,215,149,206,224,206,227,230,218,263,239,224,268,190,192,157,53,227,226,199,226,161,219,216,253,255,262,22,29,146,205,130,211,208,208,169,233,165,85,250,254,255,282,225,226,,,55,14,,,241,218,258,110,270,271,259,278,267,133,110,247,245,239,263,251,137,160,156,259,210,282,227,,7,,,251,76,87,80,156,70,72,121,146,119,252,276,39,47,12,47,16,77,72,202,144,221,237,281,4,91,208,71,130,76,169,76,82,238,276,266,103,247,40,23,,,225,261,,,241,69,256,241,261,164,209,235,113,113,277,272,5,8,7,188,68,204,132,168,157,277,224,14,,269,,,b'\x11\xe8\xe1I\xe8^f\x88\x9a\xbe\x12\xdf\x17\xaeN\x1e'
11E8E149-E85E-6688-9ABE-12DF17AE4E1E,2022-ncaa-d3-conf-CSAC,ncaa,6,7,4,6,5,5,5,6,4,6,4,4,3,7,3,5,4,7,1,7,8,6,6,4,4,4,5,6,6,9,9,5,8,7,7,4,6,9,9,7,9,9,2,2,,,6,6,,,6,5,7,7,5,4,10,6,7,4,8,5,9,9,10,8,9,6,8,5,8,8,2,,6,,,6,9,8,8,5,8,8,4,10,8,7,7,4,4,7,4,3,8,8,5,4,7,7,10,2,9,8,5,9,8,7,9,5,6,8,9,7,5,5,7,,,8,9,,,6,6,4,9,6,10,10,10,7,10,10,9,5,4,4,10,9,10,4,8,8,7,5,5,,9,,,b'\x11\xe8\xe1I\xe8^f\x88\x9a\xbe\x12\xdf\x17\xaeN\x1e'
11E8E149-E85E-6688-9ABE-12DF17AE4E1E,2022-ncaa-d3-natl,ncaa,302,290,300,313,333,303,277,307,250,254,236,291,278,326,162,285,325,369,50,368,388,323,309,253,247,287,268,244,269,269,232,258,375,268,298,241,157,269,339,284,284,306,187,208,,,67,45,,,297,313,146,290,271,238,210,210,139,260,288,305,370,370,263,175,212,132,175,206,333,255,145,,88,,,296,185,245,260,183,245,266,171,230,224,214,218,59,68,88,67,36,217,174,184,140,198,130,247,52,381,375,121,232,249,298,355,375,273,294,349,231,285,50,50,,,400,419,,,297,128,290,268,287,288,331,386,321,378,291,304,89,115,106,373,368,393,231,344,366,223,289,52,,417,,,b'\x11\xe8\xe1I\xe8^f\x88\x9a\xbe\x12\xdf\x17\xaeN\x1e'
11E8E149-E85E-6688-9ABE-12DF17AE4E1E,2023-ncaa-d3-conf-CSAC,ncaa,10,10,6,10,9,8,8,8,7,7,7,7,6,9,3,6,5,7,4,7,4,8,9,6,6,8,5,5,2,10,9,6,9,9,9,7,3,9,9,9,10,10,2,4,,,2,1,,,9,7,4,9,8,8,9,7,6,6,9,4,7,6,8,8,9,4,9,7,9,10,2,,2,,,9,8,9,9,10,9,9,7,10,8,9,6,3,3,6,3,2,8,5,10,9,10,4,8,1,10,9,5,9,6,9,10,10,8,9,10,9,9,4,3,,,8,3,,,9,4,8,10,9,9,10,10,10,10,10,9,3,3,3,10,9,10,4,8,10,8,9,4,,7,,,b'\x11\xe8\xe1I\xe8^f\x88\x9a\xbe\x12\xdf\x17\xaeN\x1e'
11E8E149-E85E-6688-9ABE-12DF17AE4E1E,2023-ncaa-d3-natl,ncaa,366,372,333,370,375,369,361,390,282,294,244,337,394,409,251,402,305,301,304,294,260,386,311,332,325,381,375,390,106,384,347,285,400,349,362,255,16,415,420,366,294,337,232,294,,,22,7,,,385,262,55,412,369,349,393,255,141,398,412,265,243,237,384,145,374,151,290,196,420,255,205,,18,,,383,285,384,365,309,398,392,276,194,166,260,102,22,37,16,35,9,311,262,283,191,243,13,153,8,406,400,102,347,283,362,417,420,257,314,399,421,420,51,62,,,341,330,,,385,174,398,319,379,363,403,416,407,421,259,241,26,47,47,407,404,414,222,365,421,184,420,84,,301,,,b'\x11\xe8\xe1I\xe8^f\x88\x9a\xbe\x12\xdf\x17\xaeN\x1e'
11E8E149-E85E-6688-9ABE-12DF17AE4E1E,2024-ncaa-d3-conf-United East,ncaa,5,10,3,8,4,3,3,3,4,3,3,6,10,10,8,14,2,2,2,2,7,3,2,7,4,7,12,15,5,3,4,2,6,3,5,9,17,14,10,13,2,6,3,6,,,16,11,,,6,2,4,10,5,5,6,4,3,11,12,3,3,3,5,4,4,2,3,13,12,5,8,,13,,,7,15,13,15,9,14,13,9,13,15,9,8,16,15,6,15,13,16,16,9,10,6,9,8,10,14,6,13,4,13,5,14,14,2,5,8,15,10,16,9,,,2,7,,,6,16,6,6,7,7,8,6,8,9,8,8,9,13,13,7,11,6,5,5,10,4,12,14,,6,,,b'\x11\xe8\xe1I\xe8^f\x88\x9a\xbe\x12\xdf\x17\xaeN\x1e'
11E8E149-E85E-6688-9ABE-12DF17AE4E1E,2024-ncaa-d3-natl,ncaa,129,162,63,151,92,57,51,32,155,20,10,163,300,268,327,379,42,39,170,37,275,31,10,209,196,231,388,382,156,16,17,70,256,26,76,190,404,401,294,334,21,37,255,323,,,391,228,,,75,16,12,244,52,45,20,18,10,337,318,57,60,56,16,8,15,95,23,236,375,20,288,,350,,,77,264,281,348,121,349,396,137,43,99,17,23,306,386,15,388,257,374,413,81,62,24,46,17,296,365,256,241,17,311,76,363,387,10,19,72,382,268,294,91,,,64,337,,,75,412,198,27,102,157,181,258,283,361,23,47,259,355,360,291,395,312,136,218,305,11,344,240,,105,,,b'\x11\xe8\xe1I\xe8^f\x88\x9a\xbe\x12\xdf\x17\xaeN\x1e'
11E8E149-E85E-6688-9ABE-12DF17AE4E1E,2025-ncaa-d3-conf-United East,genius_ncaa,17,17,13,17,16,15,15,14,16,15,15,16,11,10,14,6,16,17,6,17,15,14,13,16,16,16,8,7,10,13,13,16,12,16,15,16,15,13,16,15,15,14,16,16,,,4,6,,9,16,14,7,11,15,15,10,15,14,11,9,16,17,17,12,10,13,13,14,16,15,15,16,,6,,9,16,12,13,11,15,9,3,15,16,15,15,17,7,4,17,4,6,7,4,15,15,15,15,16,5,8,12,8,13,4,15,16,17,13,14,15,13,15,3,5,,,16,15,,10,16,4,15,15,16,15,15,12,12,7,17,17,13,5,5,11,10,9,10,10,16,13,15,5,,16,,9,b'\x11\xe8\xe1I\xe8^f\x88\x9a\xbe\x12\xdf\x17\xaeN\x1e'
11E8E149-E85E-6688-9ABE-12DF17AE4E1E,2025-ncaa-d3-natl,genius_ncaa,403,384,373,406,384,396,386,371,389,371,305,394,380,371,390,300,387,397,156,396,390,381,362,394,395,396,317,321,187,324,263,390,380,380,348,392,368,345,387,393,344,326,401,397,,,32,35,,101,384,363,111,373,399,385,285,346,179,373,338,363,389,387,329,143,238,345,315,390,386,275,395,,64,,135,385,149,210,132,286,199,138,283,237,205,283,272,70,41,391,39,60,92,83,294,283,291,160,270,80,277,380,62,263,135,348,350,393,304,256,365,375,394,10,21,,,395,400,,276,384,58,396,328,384,341,360,366,343,340,333,338,153,97,92,342,331,362,250,318,384,183,398,20,,389,,254,b'\x11\xe8\xe1I\xe8^f\x88\x9a\xbe\x12\xdf\x17\xaeN\x1e'
11E8E149-E85E-6688-9ABE-12DF17AE4E1E,2026-ncaa-d3-conf-United East,genius_ncaa,11,14,1,11,1,5,6,3,14,6,3,14,5,2,12,7,2,1,9,1,8,3,1,14,14,14,4,8,3,4,13,1,8,2,11,11,12,14,12,13,3,11,8,12,,,14,6,,9,13,1,2,1,13,13,10,13,10,10,8,12,10,9,10,4,9,4,6,13,12,9,10,,7,,8,12,14,14,14,11,14,14,11,12,13,8,8,14,14,10,14,9,14,14,11,12,11,7,9,7,13,8,14,13,14,11,13,3,4,12,10,14,12,13,13,,,1,8,,3,13,14,13,12,12,12,12,12,12,12,11,11,14,12,12,12,13,10,13,14,10,9,12,12,,9,,4,b'\x11\xe8\xe1I\xe8^f\x88\x9a\xbe\x12\xdf\x17\xaeN\x1e'
11E8E149-E85E-6688-9ABE-12DF17AE4E1E,2026-ncaa-d3-natl,genius_ncaa,345,366,116,375,139,316,313,134,400,241,89,395,363,231,407,319,230,178,335,173,300,138,53,403,404,404,346,371,107,59,157,97,200,80,204,373,402,409,398,409,41,82,351,383,,,230,83,,104,386,56,12,113,384,375,108,301,69,386,283,275,221,219,116,11,61,71,43,399,410,39,368,,202,,90,374,319,318,308,279,307,316,199,328,265,364,137,268,337,49,324,241,315,342,288,259,177,219,278,162,286,200,336,157,328,204,286,153,37,70,101,410,407,260,197,,,219,395,,123,386,355,401,171,370,323,327,327,298,328,329,238,251,330,321,335,389,274,362,341,274,24,412,253,,284,,138,b'\x11\xe8\xe1I\xe8^f\x88\x9a\xbe\x12\xdf\x17\xaeN\x1e'
11E8E149-E862-D178-9ABE-12DF17AE4E1E,2018-ncaa-d3-conf-SCIAC,ncaa,3,3,3,3,4,4,4,5,5,9,9,3,2,2,3,2,5,5,1,5,3,5,5,2,3,3,1,1,6,5,4,4,3,6,3,2,2,3,5,2,5,5,7,7,,,5,6,,,3,5,7,6,4,5,6,9,9,2,2,5,6,7,6,7,5,4,6,2,3,7,7,,5,,,3,6,4,2,7,4,6,2,2,1,7,2,6,5,4,5,6,2,4,6,6,7,6,3,6,3,3,4,4,3,3,7,6,5,5,5,4,7,7,8,,,6,2,,,3,5,3,5,4,4,4,4,4,5,3,1,6,5,5,3,3,3,4,3,6,7,5,7,,6,,,b'\x11\xe8\xe1I\xe8b\xd1x\x9a\xbe\x12\xdf\x17\xaeN\x1e'
11E8E149-E862-D178-9ABE-12DF17AE4E1E,2018-ncaa-d3-natl,ncaa,151,114,305,144,317,267,288,333,233,370,408,218,59,70,94,29,300,353,82,349,158,347,380,132,137,120,28,27,316,273,172,306,91,311,139,206,74,54,143,101,379,348,386,399,,,118,282,,,180,390,403,109,221,261,290,372,417,31,40,285,353,346,325,376,245,254,267,158,88,385,391,,166,,,179,77,106,65,252,192,211,192,30,17,307,25,152,164,169,162,164,70,45,215,215,273,74,52,253,46,91,69,172,49,139,133,207,396,347,327,118,231,64,177,,,328,175,,,180,55,135,234,173,133,171,115,260,291,43,17,183,203,205,113,41,74,115,83,192,400,161,78,,300,,,b'\x11\xe8\xe1I\xe8b\xd1x\x9a\xbe\x12\xdf\x17\xaeN\x1e'
11E8E149-E862-D178-9ABE-12DF17AE4E1E,2019-ncaa-d3-conf-SCIAC,ncaa,6,6,5,6,7,6,8,7,8,9,9,7,2,1,6,1,7,6,7,6,1,7,6,6,5,5,1,1,6,5,6,7,8,6,8,5,3,3,5,6,7,6,9,9,,,4,5,,,6,7,5,7,5,8,6,9,9,2,1,6,6,6,6,6,4,6,4,4,4,7,9,,5,,,6,4,5,3,7,6,5,9,1,1,1,3,3,4,4,4,5,3,3,5,5,4,1,1,5,4,8,6,6,6,8,1,1,6,6,2,3,6,3,8,,,5,1,,,6,3,5,5,6,6,6,4,7,6,1,2,6,5,5,5,6,6,7,7,3,6,5,3,,2,,,b'\x11\xe8\xe1I\xe8b\xd1x\x9a\xbe\x12\xdf\x17\xaeN\x1e'
11E8E149-E862-D178-9ABE-12DF17AE4E1E,2019-ncaa-d3-natl,ncaa,282,274,317,293,327,294,328,313,340,398,409,276,68,32,254,15,270,264,251,263,38,308,365,269,272,210,13,26,205,329,353,356,367,359,386,309,233,28,62,168,321,295,430,433,,,194,280,,,299,362,320,136,265,330,235,412,426,29,15,229,218,218,226,333,294,352,353,301,43,300,429,,271,,,300,203,252,144,345,359,260,371,29,61,30,75,243,214,310,212,195,145,104,286,294,334,36,21,247,286,367,279,353,286,386,45,13,351,328,183,68,136,93,282,,,254,112,,,299,88,227,360,292,299,320,271,381,349,44,95,297,268,269,278,215,335,357,356,91,329,106,121,,172,,,b'\x11\xe8\xe1I\xe8b\xd1x\x9a\xbe\x12\xdf\x17\xaeN\x1e'
11E8E149-E862-D178-9ABE-12DF17AE4E1E,2020-ncaa-d3-conf-SCIAC,ncaa,5,5,5,5,8,3,3,6,3,7,9,2,1,2,2,2,5,4,5,4,1,6,7,1,1,1,1,1,7,6,6,4,8,5,7,5,6,2,3,1,6,7,9,9,,,5,5,,,4,6,2,5,1,1,4,6,9,1,2,3,3,3,4,5,5,3,5,3,3,6,9,,6,,,4,6,5,7,4,4,4,4,7,7,4,7,4,4,2,4,5,8,6,4,3,6,7,7,3,8,8,4,6,6,7,5,3,6,7,7,1,2,4,6,,,8,8,,,4,4,1,7,4,6,6,8,4,5,8,8,4,5,5,8,8,8,5,6,6,6,2,5,,8,,,b'\x11\xe8\xe1I\xe8b\xd1x\x9a\xbe\x12\xdf\x17\xaeN\x1e'
11E8E149-E862-D178-9ABE-12DF17AE4E1E,2020-ncaa-d3-natl,ncaa,263,198,398,244,400,224,258,350,134,322,386,109,95,116,85,59,185,250,87,247,54,344,399,74,66,36,46,57,185,351,326,382,407,384,370,341,408,12,17,122,354,324,367,367,,,188,321,,,244,402,190,115,52,96,121,230,334,29,45,69,105,104,101,211,280,258,282,273,30,284,326,,379,,,245,217,204,141,288,175,135,269,274,213,334,263,257,237,307,230,283,145,67,307,313,379,291,286,257,355,407,112,326,225,370,126,86,411,398,348,13,24,163,307,,,373,247,,,244,37,49,408,244,394,370,387,347,356,371,355,381,365,368,404,357,409,323,379,248,375,31,269,,249,,,b'\x11\xe8\xe1I\xe8b\xd1x\x9a\xbe\x12\xdf\x17\xaeN\x1e'
11E8E149-E862-D178-9ABE-12DF17AE4E1E,2021-ncaa-d3-conf-SCIAC,ncaa,1,1,1,1,2,1,1,1,1,1,1,2,1,1,1,1,2,1,2,1,2,1,1,1,1,1,1,1,2,1,1,2,1,1,1,1,2,1,1,1,1,1,1,1,,,2,2,,,1,1,1,2,1,1,1,1,1,1,1,2,1,1,1,1,1,2,1,1,1,1,1,,2,,,1,1,1,1,1,1,1,2,1,1,1,1,2,1,2,1,2,1,1,1,1,1,1,1,2,1,1,2,1,1,1,1,2,1,1,1,1,1,1,1,,,2,2,,,1,1,1,1,1,1,1,1,1,1,1,1,2,1,1,1,1,1,2,1,1,1,1,1,,2,,,b'\x11\xe8\xe1I\xe8b\xd1x\x9a\xbe\x12\xdf\x17\xaeN\x1e'
11E8E149-E862-D178-9ABE-12DF17AE4E1E,2021-ncaa-d3-natl,ncaa,176,1,256,1,272,263,262,268,129,265,260,224,256,269,5,230,255,258,32,261,191,267,270,121,98,27,89,121,90,263,142,271,51,267,141,267,267,8,4,27,264,92,269,232,,,30,284,,,112,269,280,284,134,148,176,166,89,105,232,84,140,156,175,278,169,260,244,234,3,161,241,,251,,,66,17,14,14,118,19,16,144,7,11,10,22,32,22,284,20,172,15,15,67,153,155,67,9,279,9,51,18,142,15,141,11,63,265,133,77,6,5,3,3,,,269,257,,,112,15,33,126,62,33,27,9,99,57,7,10,239,143,119,6,3,10,90,38,21,223,2,3,,274,,,b'\x11\xe8\xe1I\xe8b\xd1x\x9a\xbe\x12\xdf\x17\xaeN\x1e'
11E8E149-E862-D178-9ABE-12DF17AE4E1E,2022-ncaa-d3-conf-SCIAC,ncaa,7,6,4,7,5,6,6,6,4,5,6,5,3,3,4,3,7,6,8,6,5,6,5,3,4,7,2,3,7,4,6,4,2,6,2,4,3,9,8,6,7,7,7,7,,,8,8,,,7,5,4,7,7,7,8,7,8,4,3,7,7,6,8,6,6,3,3,4,9,7,7,,7,,,7,7,6,4,6,4,4,7,7,7,6,7,8,8,5,8,7,4,4,6,7,8,7,6,8,4,2,5,6,5,2,5,4,7,7,7,8,7,8,9,,,5,6,,,7,4,7,8,7,7,7,6,5,3,7,7,8,8,8,6,3,3,3,3,6,7,7,8,,7,,,b'\x11\xe8\xe1I\xe8b\xd1x\x9a\xbe\x12\xdf\x17\xaeN\x1e'
11E8E149-E862-D178-9ABE-12DF17AE4E1E,2022-ncaa-d3-natl,ncaa,302,257,345,293,365,301,297,359,162,317,357,194,170,249,60,150,311,324,222,327,176,360,376,134,140,168,124,108,244,338,238,341,177,350,195,250,133,81,236,191,387,370,324,318,,,216,411,,,294,377,306,272,210,210,300,274,302,101,176,239,236,238,300,323,287,254,268,177,190,377,308,,369,,,294,174,132,69,318,130,87,261,206,97,398,161,315,271,399,264,347,76,49,332,363,403,325,227,359,70,177,50,238,49,195,111,133,408,408,383,156,278,286,391,,,356,206,,,294,49,177,390,300,335,288,208,261,239,315,191,387,365,365,259,110,159,114,136,219,417,247,372,,267,,,b'\x11\xe8\xe1I\xe8b\xd1x\x9a\xbe\x12\xdf\x17\xaeN\x1e'
11E8E149-E862-D178-9ABE-12DF17AE4E1E,2023-ncaa-d3-conf-SCIAC,ncaa,4,4,3,4,4,4,3,2,3,3,3,2,3,5,5,5,8,7,8,7,9,3,3,4,5,7,7,5,9,2,3,3,2,2,3,2,4,9,8,6,6,7,7,7,,,9,9,,,4,3,3,5,4,2,2,2,5,4,5,9,8,8,2,2,2,1,2,2,9,7,7,,9,,,4,7,2,6,1,2,3,1,8,8,4,8,9,9,5,9,9,7,7,2,3,4,8,8,9,3,2,5,3,5,3,5,8,4,6,5,9,8,9,6,,,4,9,,,4,7,4,3,4,4,1,3,2,2,8,8,9,9,9,7,7,3,3,4,5,6,9,9,,8,,,b'\x11\xe8\xe1I\xe8b\xd1x\x9a\xbe\x12\xdf\x17\xaeN\x1e'
11E8E149-E862-D178-9ABE-12DF17AE4E1E,2023-ncaa-d3-natl,ncaa,188,131,333,175,343,260,206,242,149,170,159,197,255,313,127,308,368,376,287,376,414,272,311,171,222,207,359,262,416,160,75,283,137,218,100,205,204,116,171,159,223,156,341,302,,,192,326,,,191,347,229,110,167,96,85,76,61,218,280,372,372,375,123,145,81,148,90,113,195,167,327,,311,,,186,82,46,58,125,33,50,104,242,212,307,312,283,244,349,248,367,65,57,162,212,222,405,338,367,89,137,65,75,59,100,164,344,304,223,260,187,246,338,300,,,367,375,,,191,74,179,206,196,197,128,153,76,100,308,285,356,327,333,193,182,154,160,146,244,234,258,385,,352,,,b'\x11\xe8\xe1I\xe8b\xd1x\x9a\xbe\x12\xdf\x17\xaeN\x1e'
11E8E149-E862-D178-9ABE-12DF17AE4E1E,2024-ncaa-d3-conf-SCIAC,ncaa,1,1,1,1,1,1,1,1,3,2,2,3,3,3,4,5,4,4,6,4,7,2,2,3,3,2,6,5,7,1,2,2,1,2,2,1,6,8,2,2,2,2,5,6,,,9,8,,,2,2,3,5,1,1,1,3,3,5,4,6,6,6,2,3,1,3,2,2,6,2,6,,8,,,2,9,7,7,4,6,7,3,8,8,7,6,9,8,8,8,6,8,8,4,4,6,8,6,7,4,1,8,2,7,2,6,2,1,4,2,3,1,9,7,,,3,7,,,2,8,2,4,2,6,2,6,2,4,6,6,6,6,6,5,5,2,4,3,2,4,1,6,,6,,,b'\x11\xe8\xe1I\xe8b\xd1x\x9a\xbe\x12\xdf\x17\xaeN\x1e'
11E8E149-E862-D178-9ABE-12DF17AE4E1E,2024-ncaa-d3-natl,ncaa,110,66,296,85,307,167,156,180,139,148,163,169,172,218,92,248,223,281,63,279,330,197,252,131,138,115,247,204,280,101,45,259,65,180,60,183,264,84,93,127,199,139,343,339,,,307,395,,,178,307,213,110,78,81,69,92,82,146,190,175,249,252,82,125,51,191,87,135,125,156,336,,366,,,174,228,174,89,313,168,141,234,225,96,415,142,339,293,403,296,340,110,96,326,362,362,315,233,347,49,65,74,45,47,60,185,196,312,273,267,38,35,150,127,,,333,360,,,178,124,85,326,172,310,243,150,226,198,281,125,383,339,344,185,165,64,134,84,220,283,60,189,,317,,,b'\x11\xe8\xe1I\xe8b\xd1x\x9a\xbe\x12\xdf\x17\xaeN\x1e'
11E8E149-E862-D178-9ABE-12DF17AE4E1E,2025-ncaa-d3-conf-SCIAC,genius_ncaa,2,2,1,2,2,1,1,1,3,1,2,4,2,3,3,6,1,1,3,1,5,1,1,3,1,1,3,4,3,1,1,2,1,1,1,2,6,6,2,3,3,4,8,8,,,8,7,,6,1,2,1,8,1,1,1,1,2,3,6,2,1,2,1,1,1,4,2,3,2,5,8,,8,,5,1,7,7,9,5,8,6,8,4,8,1,7,8,8,5,8,8,9,8,5,5,5,5,4,6,5,1,2,1,3,1,4,3,2,7,4,9,3,7,6,,,2,5,,3,1,8,1,4,1,4,5,3,6,3,4,7,7,8,8,4,4,2,1,1,4,6,7,7,,3,,4,b'\x11\xe8\xe1I\xe8b\xd1x\x9a\xbe\x12\xdf\x17\xaeN\x1e'
11E8E149-E862-D178-9ABE-12DF17AE4E1E,2025-ncaa-d3-natl,genius_ncaa,68,56,116,67,139,79,81,90,107,79,72,160,139,216,57,294,58,84,89,91,209,88,120,109,101,70,227,244,177,35,9,174,165,80,32,121,272,79,47,82,217,235,235,241,,,276,293,,360,114,188,254,154,42,57,68,58,61,155,238,61,86,91,55,126,25,205,62,118,70,252,248,,257,,354,117,326,298,254,280,272,171,328,302,339,193,322,294,252,365,254,280,260,221,292,306,327,267,257,226,187,165,85,9,111,32,254,178,262,302,286,106,70,300,207,,,131,195,,138,114,235,31,308,112,273,256,200,225,133,271,316,289,233,235,204,150,144,65,80,229,313,95,294,,144,,163,b'\x11\xe8\xe1I\xe8b\xd1x\x9a\xbe\x12\xdf\x17\xaeN\x1e'
11E8E149-E862-D178-9ABE-12DF17AE4E1E,2026-ncaa-d3-conf-SCIAC,genius_ncaa,1,1,1,1,3,1,1,1,5,1,1,6,1,1,3,3,2,3,4,2,6,1,1,5,5,5,3,2,6,1,1,1,2,1,1,1,5,6,3,3,1,1,5,5,,,5,4,,4,1,1,2,3,1,1,1,2,1,2,1,4,5,4,1,1,1,1,1,1,4,1,5,,4,,4,1,3,3,4,1,3,4,1,4,4,3,5,4,4,1,4,3,3,5,1,1,1,5,5,4,3,2,4,1,3,1,3,5,1,2,1,5,3,8,7,,,7,8,,3,1,7,3,1,1,1,1,3,1,3,4,3,2,2,2,1,4,2,3,2,1,2,3,7,,8,,4,b'\x11\xe8\xe1I\xe8b\xd1x\x9a\xbe\x12\xdf\x17\xaeN\x1e'
11E8E149-E862-D178-9ABE-12DF17AE4E1E,2026-ncaa-d3-natl,genius_ncaa,98,1,379,1,382,315,280,324,149,291,316,184,199,265,85,161,386,380,316,379,385,339,370,137,183,107,236,108,401,88,1,369,93,297,4,340,379,21,16,92,213,17,249,124,,,82,376,,75,37,384,129,113,8,6,4,30,13,24,37,305,263,265,5,15,1,104,2,143,81,27,112,,372,,133,7,14,15,26,21,22,38,40,12,21,32,66,55,86,58,84,289,28,29,13,17,21,154,65,356,32,93,18,1,19,4,7,18,355,117,8,11,11,55,77,,,397,407,,323,37,32,20,20,10,43,38,135,93,227,27,63,231,317,308,167,206,136,43,64,9,115,42,152,,367,,288,b'\x11\xe8\xe1I\xe8b\xd1x\x9a\xbe\x12\xdf\x17\xaeN\x1e'
11E8E149-E867-2034-9ABE-12DF17AE4E1E,2018-ncaa-d3-conf-SCIAC,ncaa,8,8,5,8,7,9,7,9,4,4,4,7,9,9,5,8,8,6,7,6,8,9,8,5,5,8,9,8,5,8,7,8,8,8,7,8,7,6,9,9,7,6,1,1,,,1,1,,,8,8,5,7,9,6,8,4,4,8,8,7,5,5,8,6,8,8,8,8,8,6,1,,1,,,8,8,8,7,8,7,5,8,9,6,9,6,1,1,7,1,1,3,5,8,8,8,5,9,1,7,8,3,7,6,7,8,7,6,6,8,9,9,6,6,,,8,7,,,8,2,8,8,9,8,8,7,7,6,9,7,1,1,1,6,6,7,5,7,8,5,9,6,,8,,,b'\x11\xe8\xe1I\xe8g 4\x9a\xbe\x12\xdf\x17\xaeN\x1e'
11E8E149-E867-2034-9ABE-12DF17AE4E1E,2018-ncaa-d3-natl,ncaa,400,309,429,403,430,412,395,429,198,335,367,245,423,433,312,426,409,423,235,423,392,430,434,276,278,278,426,417,274,424,319,432,397,432,373,405,373,16,223,274,424,368,168,93,,,12,21,,,338,434,337,34,311,248,283,103,67,416,422,323,324,327,304,324,331,391,403,333,179,370,67,,22,,,359,29,69,22,375,68,36,315,215,65,437,266,13,11,364,11,16,12,10,387,366,393,158,379,13,93,397,18,319,21,373,123,266,432,388,411,76,337,35,89,,,432,264,,,338,10,297,416,366,358,399,369,360,340,411,300,36,23,24,315,224,365,209,294,381,387,313,149,,329,,,b'\x11\xe8\xe1I\xe8g 4\x9a\xbe\x12\xdf\x17\xaeN\x1e'
11E8E149-E867-2034-9ABE-12DF17AE4E1E,2019-ncaa-d3-conf-SCIAC,ncaa,8,8,5,8,7,9,7,9,5,6,6,5,9,9,4,8,9,9,8,9,9,9,9,5,7,7,8,8,9,8,7,5,7,7,6,6,5,6,9,7,9,9,5,5,,,1,2,,,8,9,7,7,9,7,9,5,4,8,9,9,9,9,9,8,8,2,5,5,8,9,3,,1,,,8,2,3,6,2,3,3,2,8,9,4,8,1,1,1,1,1,4,2,2,1,2,7,8,1,9,7,3,7,4,6,7,8,9,9,9,9,9,8,9,,,9,5,,,8,1,8,4,8,2,4,8,3,4,8,9,1,1,1,7,4,9,3,6,7,9,9,8,,8,,,b'\x11\xe8\xe1I\xe8g 4\x9a\xbe\x12\xdf\x17\xaeN\x1e'
11E8E149-E867-2034-9ABE-12DF17AE4E1E,2019-ncaa-d3-natl,ncaa,356,274,407,355,416,404,379,416,189,319,336,269,411,431,118,409,411,417,287,417,421,417,425,251,279,248,413,366,362,424,377,388,360,411,341,353,207,12,166,153,438,433,183,112,,,13,48,,,290,426,389,295,349,269,347,166,107,380,420,384,383,385,382,417,410,181,334,224,73,435,99,,29,,,303,27,52,59,129,29,43,107,268,239,299,388,10,10,73,12,34,43,23,169,103,252,298,418,25,223,360,26,377,52,341,198,405,434,431,431,80,310,234,310,,,424,232,,,290,15,285,341,322,203,270,378,170,257,405,404,24,34,37,317,141,389,173,301,360,435,230,370,,359,,,b'\x11\xe8\xe1I\xe8g 4\x9a\xbe\x12\xdf\x17\xaeN\x1e'
11E8E149-E867-2034-9ABE-12DF17AE4E1E,2020-ncaa-d3-conf-SCIAC,ncaa,8,8,5,8,6,9,9,8,6,6,4,6,9,9,7,9,8,9,1,9,9,9,8,7,7,7,9,9,6,9,9,7,9,8,9,8,7,8,9,9,8,8,7,7,,,1,1,,,9,8,6,2,9,9,5,5,2,9,9,8,9,9,6,6,8,6,7,8,8,8,6,,1,,,9,8,9,9,8,8,6,8,9,9,8,8,1,1,6,1,1,6,4,9,6,8,3,8,1,9,9,7,9,8,9,9,9,8,8,9,9,9,6,5,,,7,6,,,9,1,9,9,9,8,9,9,9,7,9,9,1,1,1,7,6,9,7,8,9,8,9,6,,6,,,b'\x11\xe8\xe1I\xe8g 4\x9a\xbe\x12\xdf\x17\xaeN\x1e'
11E8E149-E867-2034-9ABE-12DF17AE4E1E,2020-ncaa-d3-natl,ncaa,413,368,412,414,412,403,396,407,355,348,284,379,420,422,369,410,349,397,57,397,391,408,415,383,364,340,382,411,100,404,390,393,395,408,393,406,387,23,174,322,402,370,238,216,,,6,2,,,369,413,307,15,365,350,244,227,51,418,413,221,314,319,270,307,357,223,302,389,139,362,166,,2,,,377,92,220,125,318,175,102,322,304,245,335,357,7,6,363,6,4,53,27,340,282,374,110,379,5,303,395,108,390,180,393,337,376,425,415,427,175,346,172,222,,,405,210,,,369,24,353,407,385,367,404,416,383,374,403,402,8,6,6,379,284,404,368,396,413,403,326,311,,267,,,b'\x11\xe8\xe1I\xe8g 4\x9a\xbe\x12\xdf\x17\xaeN\x1e'
11E8E149-E867-2034-9ABE-12DF17AE4E1E,2022-ncaa-d3-conf-SCIAC,ncaa,6,6,1,6,2,5,4,4,7,3,2,8,9,8,9,8,2,4,5,4,6,4,3,8,8,8,8,8,3,3,5,5,8,4,6,5,6,8,7,5,1,1,4,4,,,4,2,,,6,3,3,4,8,4,4,3,2,9,8,5,5,5,5,3,3,7,6,6,7,1,4,,2,,,6,8,8,7,7,3,4,5,9,9,8,8,5,4,4,4,4,6,8,8,8,6,8,8,2,7,8,6,5,6,6,9,8,2,3,5,9,8,6,7,,,7,8,,,6,8,9,6,6,6,6,5,2,2,9,8,3,2,2,4,8,7,5,6,9,2,9,6,,8,,,b'\x11\xe8\xe1I\xe8g 4\x9a\xbe\x12\xdf\x17\xaeN\x1e'
11E8E149-E867-2034-9ABE-12DF17AE4E1E,2022-ncaa-d3-natl,ncaa,232,290,107,256,134,191,167,173,176,87,43,236,374,388,253,410,179,228,80,221,374,187,199,238,232,211,406,406,177,234,272,262,297,261,297,170,214,167,163,175,79,78,112,103,,,139,86,,,261,182,288,141,242,191,228,84,43,396,410,204,277,264,238,302,286,357,348,209,137,93,124,,70,,,258,318,325,278,273,218,198,226,412,352,408,346,141,106,330,120,135,256,251,337,318,283,349,402,72,276,297,246,272,260,297,401,406,169,194,334,333,325,275,153,,,335,393,,,261,245,226,294,256,247,257,198,156,127,405,318,105,66,77,163,172,230,183,191,356,208,298,236,,407,,,b'\x11\xe8\xe1I\xe8g 4\x9a\xbe\x12\xdf\x17\xaeN\x1e'
11E8E149-E867-2034-9ABE-12DF17AE4E1E,2023-ncaa-d3-conf-SCIAC,ncaa,7,5,8,7,8,8,8,8,9,8,7,8,5,3,8,3,6,4,9,4,3,8,7,7,9,8,3,2,5,8,8,9,7,8,8,8,8,2,7,8,3,1,8,8,,,1,2,,,8,7,6,1,8,8,8,7,7,3,2,5,4,4,8,7,7,8,8,7,6,1,8,,2,,,8,2,6,1,9,4,2,9,6,4,9,7,1,1,6,1,3,1,2,9,9,9,5,7,1,2,7,6,8,4,8,7,7,4,3,6,5,7,5,9,,,6,4,,,8,2,8,7,8,8,9,5,6,3,7,6,1,1,1,3,5,4,9,9,9,3,8,8,,4,,,b'\x11\xe8\xe1I\xe8g 4\x9a\xbe\x12\xdf\x17\xaeN\x1e'
11E8E149-E867-2034-9ABE-12DF17AE4E1E,2023-ncaa-d3-natl,ncaa,316,297,333,323,341,345,340,338,341,327,328,323,292,241,332,176,324,322,320,324,229,345,386,339,341,293,209,203,198,388,402,381,295,388,390,367,341,32,90,247,215,140,341,338,,,37,51,,,332,376,306,56,334,330,252,313,267,257,199,309,277,286,265,357,384,385,402,357,61,158,327,,37,,,333,148,217,91,368,201,117,308,267,128,420,238,46,30,360,31,45,55,53,374,358,355,171,311,44,135,295,274,402,209,390,297,318,315,232,348,109,229,310,364,,,367,282,,,332,55,317,338,336,280,326,238,305,231,334,201,58,42,41,172,155,193,379,330,335,252,180,360,,352,,,b'\x11\xe8\xe1I\xe8g 4\x9a\xbe\x12\xdf\x17\xaeN\x1e'
11E8E149-E867-2034-9ABE-12DF17AE4E1E,2024-ncaa-d3-conf-SCIAC,ncaa,7,7,8,7,8,8,9,8,9,9,9,9,2,2,5,1,7,7,9,7,2,8,8,6,8,9,1,1,6,7,8,9,7,8,8,8,3,2,8,8,1,1,9,7,,,3,2,,,7,8,7,8,9,9,7,9,9,2,1,7,7,7,7,7,7,7,8,7,7,1,7,,3,,,7,2,2,2,7,4,3,9,2,2,2,5,2,2,6,2,2,2,2,7,7,4,2,3,2,3,7,4,8,3,8,2,3,2,1,1,2,6,3,6,,,8,6,,,7,2,9,5,7,3,5,2,7,3,3,4,3,2,2,1,3,5,7,6,6,1,5,3,,7,,,b'\x11\xe8\xe1I\xe8g 4\x9a\xbe\x12\xdf\x17\xaeN\x1e'
11E8E149-E867-2034-9ABE-12DF17AE4E1E,2024-ncaa-d3-natl,ncaa,339,185,415,308,416,402,405,417,256,415,419,249,239,286,135,36,401,402,309,404,69,416,418,193,199,191,31,29,246,418,380,420,330,420,386,386,150,5,155,173,274,42,380,305,,,15,148,,,252,418,343,186,285,310,338,377,404,71,72,286,261,269,335,391,391,417,418,258,86,56,310,,114,,,272,11,19,7,379,26,15,352,18,9,353,113,17,12,332,13,99,7,10,366,359,309,66,135,94,14,330,16,380,11,386,20,154,381,116,186,9,176,11,167,,,417,304,,,252,10,233,306,267,210,280,106,304,203,146,65,102,79,84,83,113,186,252,235,219,158,110,56,,375,,,b'\x11\xe8\xe1I\xe8g 4\x9a\xbe\x12\xdf\x17\xaeN\x1e'
11E8E149-E867-2034-9ABE-12DF17AE4E1E,2025-ncaa-d3-conf-SCIAC,genius_ncaa,8,8,7,8,9,8,8,9,6,7,8,2,9,5,9,4,6,5,7,5,2,9,9,6,7,7,6,5,4,8,8,9,9,9,9,9,9,2,6,8,2,1,1,1,,,4,5,,1,8,7,3,9,8,7,9,7,8,9,4,5,5,4,8,8,8,8,9,9,6,1,1,,6,,1,8,4,3,2,6,2,2,4,6,4,8,6,4,5,2,5,7,2,3,6,6,6,7,8,5,9,9,6,8,8,9,6,7,5,2,5,3,9,2,5,,,8,6,,7,8,2,9,8,8,7,6,6,3,5,7,6,4,7,6,7,9,9,8,9,7,2,8,3,,7,,7,b'\x11\xe8\xe1I\xe8g 4\x9a\xbe\x12\xdf\x17\xaeN\x1e'
11E8E149-E867-2034-9ABE-12DF17AE4E1E,2025-ncaa-d3-natl,genius_ncaa,312,215,397,296,404,375,366,398,201,343,397,122,342,331,344,160,371,384,231,381,203,397,409,221,227,198,272,246,255,402,368,407,367,409,384,380,378,5,125,238,288,119,172,91,,,30,164,,4,271,408,287,397,266,235,265,206,285,263,180,277,274,263,279,347,371,390,402,349,87,126,94,,158,,8,285,28,30,15,287,30,22,215,123,27,398,200,51,54,192,54,215,15,14,310,298,299,273,305,165,138,367,29,368,41,384,100,298,386,240,304,13,183,23,99,,,405,273,,392,271,11,238,338,297,272,269,218,224,206,310,206,205,215,217,214,190,331,276,313,291,252,142,66,,342,,384,b'\x11\xe8\xe1I\xe8g 4\x9a\xbe\x12\xdf\x17\xaeN\x1e'
11E8E149-E867-2034-9ABE-12DF17AE4E1E,2026-ncaa-d3-conf-SCIAC,genius_ncaa,6,7,1,6,3,5,4,2,6,5,3,4,6,3,6,4,8,6,8,6,8,3,5,6,8,7,7,6,8,4,7,6,8,6,8,7,8,5,4,8,5,6,2,4,,,4,1,,6,8,4,4,3,7,6,3,6,4,6,4,8,8,8,4,6,5,7,7,8,3,6,2,,2,,6,8,8,8,8,7,8,8,7,6,7,5,4,5,5,4,5,2,7,8,7,6,7,4,4,3,8,8,8,7,8,8,7,6,4,5,5,8,7,7,6,,,4,7,,3,8,5,6,7,8,7,7,8,8,8,5,6,3,4,4,7,8,8,8,8,7,5,6,6,,6,,4,b'\x11\xe8\xe1I\xe8g 4\x9a\xbe\x12\xdf\x17\xaeN\x1e'
11E8E149-E867-2034-9ABE-12DF17AE4E1E,2026-ncaa-d3-natl,genius_ncaa,390,200,400,390,401,406,405,402,371,400,402,282,399,380,402,100,410,408,390,408,324,402,406,378,390,378,337,269,330,404,409,405,411,406,413,409,408,16,240,380,389,263,283,158,,,9,6,,45,340,404,192,113,392,366,279,320,314,344,139,403,367,374,321,330,391,326,378,405,199,206,69,,11,,133,387,25,36,29,275,44,37,252,45,28,251,201,8,9,30,9,15,23,14,258,186,278,59,241,7,133,411,37,409,62,413,75,341,402,374,392,70,377,90,362,,,405,305,,381,340,13,385,371,390,355,388,402,383,398,329,333,22,62,72,391,372,409,398,409,386,328,359,340,,341,,348,b'\x11\xe8\xe1I\xe8g 4\x9a\xbe\x12\xdf\x17\xaeN\x1e'
11E8E149-E86B-6BEE-9ABE-12DF17AE4E1E,2018-ncaa-d3-conf-Michigan Intercol. Ath. Assn.,ncaa,3,3,3,3,3,2,4,3,3,4,6,2,3,4,2,4,1,2,1,2,2,3,4,3,2,3,3,4,1,4,4,2,2,2,2,1,3,4,3,2,4,4,8,8,,,1,1,,,3,3,5,1,2,4,5,4,5,4,4,1,1,1,3,5,4,3,3,1,3,4,9,,1,,,3,2,2,4,3,2,5,3,4,5,2,7,1,1,1,1,2,3,5,3,3,3,3,5,1,2,2,4,4,3,2,3,5,3,3,3,4,4,4,3,,,2,2,,,3,6,3,3,3,3,3,3,3,3,4,6,1,2,2,3,3,2,4,2,3,2,3,4,,1,,,b'\x11\xe8\xe1I\xe8kk\xee\x9a\xbe\x12\xdf\x17\xaeN\x1e'
11E8E149-E86B-6BEE-9ABE-12DF17AE4E1E,2018-ncaa-d3-natl,ncaa,151,114,305,144,309,220,247,328,156,265,352,93,172,161,211,106,133,175,80,177,60,308,367,128,101,74,114,152,107,317,265,263,109,301,173,248,242,24,62,88,238,189,258,215,,,38,44,,,64,369,360,53,149,202,263,243,347,141,113,69,119,124,229,346,299,178,252,210,42,224,243,,36,,,47,18,43,75,62,65,74,145,71,198,13,333,30,28,95,29,58,55,61,55,28,41,109,221,72,71,109,103,265,78,173,48,127,221,133,95,35,74,157,259,,,230,86,,,64,75,88,36,42,37,78,136,103,114,96,249,27,31,33,75,78,102,169,127,74,181,55,195,,163,,,b'\x11\xe8\xe1I\xe8kk\xee\x9a\xbe\x12\xdf\x17\xaeN\x1e'
11E8E149-E86B-6BEE-9ABE-12DF17AE4E1E,2019-ncaa-d3-conf-Michigan Intercol. Ath. Assn.,ncaa,6,5,5,6,5,5,5,5,5,5,4,5,3,5,5,4,5,6,5,6,7,4,6,5,5,4,7,6,7,5,6,3,7,3,6,3,2,5,4,3,6,6,4,5,,,1,2,,,4,6,4,8,4,5,4,5,4,4,5,5,6,6,5,4,4,4,4,2,4,7,4,,4,,,4,6,7,8,6,6,6,6,8,8,4,8,1,2,1,2,1,7,6,6,4,4,3,8,2,6,7,6,6,7,6,7,6,6,6,6,9,8,6,5,,,5,5,,,4,5,4,4,4,5,7,8,7,6,7,8,3,4,4,5,7,7,7,7,7,6,8,6,,6,,,b'\x11\xe8\xe1I\xe8kk\xee\x9a\xbe\x12\xdf\x17\xaeN\x1e'
11E8E149-E86B-6BEE-9ABE-12DF17AE4E1E,2019-ncaa-d3-natl,ncaa,237,244,215,248,301,251,223,272,163,209,282,117,211,189,276,149,323,349,208,355,330,297,299,173,195,215,280,204,353,309,280,205,235,265,235,155,83,228,283,171,340,351,183,167,,,105,99,,,247,277,242,384,248,198,264,197,281,213,175,339,361,365,311,290,309,158,242,125,242,348,170,,99,,,248,212,294,266,267,201,155,277,402,392,329,398,34,36,74,36,54,182,170,308,244,255,255,413,21,256,235,172,280,198,235,283,218,262,259,299,305,338,287,324,,,298,273,,,247,160,238,271,251,236,307,316,222,175,406,395,28,35,33,240,203,273,178,213,288,259,314,305,,300,,,b'\x11\xe8\xe1I\xe8kk\xee\x9a\xbe\x12\xdf\x17\xaeN\x1e'
11E8E149-E86B-6BEE-9ABE-12DF17AE4E1E,2020-ncaa-d3-conf-Michigan Intercol. Ath. Assn.,ncaa,4,4,1,4,1,4,4,3,4,4,3,4,2,1,3,2,7,9,1,9,9,3,3,4,4,4,5,4,9,4,6,1,4,3,4,1,1,5,4,3,4,4,3,5,,,5,5,,,4,3,7,3,4,4,3,6,5,3,2,9,9,9,3,6,6,1,4,1,4,4,3,,3,,,4,3,4,9,3,6,9,3,2,4,1,2,5,4,7,4,2,8,8,3,3,3,1,1,5,7,4,8,6,7,4,4,4,4,4,4,7,6,7,7,,,6,8,,,4,7,4,3,4,3,3,5,5,8,2,2,5,4,4,5,4,5,6,5,4,4,6,7,,6,,,b'\x11\xe8\xe1I\xe8kk\xee\x9a\xbe\x12\xdf\x17\xaeN\x1e'
11E8E149-E86B-6BEE-9ABE-12DF17AE4E1E,2020-ncaa-d3-natl,ncaa,149,136,198,150,267,268,253,270,230,274,328,182,167,142,249,99,339,370,137,371,333,300,325,202,219,230,193,129,353,255,211,179,144,220,161,151,34,159,230,138,285,268,168,174,,,151,231,,,175,335,329,266,275,260,255,285,341,164,122,357,389,387,308,325,239,132,196,127,181,290,157,,169,,,174,62,76,151,78,121,217,84,62,114,54,140,128,94,351,93,97,123,97,61,60,98,127,125,227,148,144,142,211,136,161,64,92,308,273,159,319,354,172,237,,,321,285,,,175,102,236,108,171,75,106,190,146,248,68,121,141,101,101,157,108,161,168,161,82,307,328,188,,343,,,b'\x11\xe8\xe1I\xe8kk\xee\x9a\xbe\x12\xdf\x17\xaeN\x1e'
11E8E149-E86B-6BEE-9ABE-12DF17AE4E1E,2021-ncaa-d3-conf-Michigan Intercol. Ath. Assn.,ncaa,5,3,5,5,5,5,5,5,6,6,6,6,5,5,6,4,5,6,1,6,5,5,5,6,5,5,4,4,3,5,4,6,4,5,4,5,3,2,3,3,5,3,6,6,,,2,6,,,5,6,6,3,5,5,4,6,4,3,4,3,5,6,3,3,3,5,3,4,3,4,6,,5,,,5,2,3,2,6,4,3,5,1,1,5,2,4,4,3,4,5,2,2,6,6,6,3,2,5,2,4,2,4,1,4,4,4,6,4,5,4,6,3,4,,,5,5,,,5,3,5,5,5,5,6,4,5,5,3,2,4,5,5,4,3,5,6,5,5,5,6,5,,4,,,b'\x11\xe8\xe1I\xe8kk\xee\x9a\xbe\x12\xdf\x17\xaeN\x1e'
11E8E149-E86B-6BEE-9ABE-12DF17AE4E1E,2021-ncaa-d3-natl,ncaa,101,183,81,148,96,117,119,86,227,133,103,229,95,73,175,88,95,115,44,117,165,94,100,220,202,175,77,89,100,73,121,84,121,81,130,108,76,139,73,100,101,146,84,112,,,178,142,,,193,104,198,102,180,201,105,222,158,118,82,136,177,181,114,167,88,108,78,145,64,156,104,,124,,,172,194,192,186,140,197,204,114,163,157,173,89,190,189,152,190,126,190,180,126,129,178,115,105,154,185,121,204,121,196,130,210,207,152,236,234,207,199,225,222,,,98,132,,,193,181,165,183,168,145,145,161,157,191,114,92,161,162,158,157,96,146,180,165,192,249,185,219,,145,,,b'\x11\xe8\xe1I\xe8kk\xee\x9a\xbe\x12\xdf\x17\xaeN\x1e'
11E8E149-E86B-6BEE-9ABE-12DF17AE4E1E,2022-ncaa-d3-conf-Michigan Intercol. Ath. Assn.,ncaa,3,3,3,3,4,4,3,3,4,3,3,3,5,6,6,8,5,5,4,4,9,3,3,4,5,5,8,8,9,5,4,3,4,4,4,3,2,2,3,2,3,3,2,2,,,5,6,,,4,3,7,9,4,4,3,3,2,6,7,6,5,5,4,5,5,3,3,3,3,3,1,,5,,,4,4,4,2,3,4,4,2,4,1,9,2,4,5,4,5,5,2,4,3,3,3,7,7,6,4,4,2,4,2,4,3,4,3,4,3,4,5,6,4,,,3,6,,,4,7,4,3,4,3,4,4,4,4,4,1,4,5,5,3,2,4,4,4,3,4,5,6,,7,,,b'\x11\xe8\xe1I\xe8kk\xee\x9a\xbe\x12\xdf\x17\xaeN\x1e'
11E8E149-E86B-6BEE-9ABE-12DF17AE4E1E,2022-ncaa-d3-natl,ncaa,76,95,61,96,103,113,88,101,84,66,94,82,176,188,195,251,245,245,217,234,336,117,140,104,128,119,337,272,365,109,97,71,102,81,62,43,46,150,109,38,97,97,18,10,,,289,273,,,78,156,342,417,156,113,193,87,158,240,250,316,331,321,225,307,172,116,137,45,87,143,13,,194,,,82,148,117,249,46,96,275,16,239,187,322,148,267,281,201,281,243,255,253,51,65,75,343,286,319,217,102,193,97,189,62,163,226,161,181,119,282,229,354,286,,,165,228,,,78,276,104,77,79,47,40,84,40,146,154,93,193,201,202,86,81,127,78,86,89,232,211,318,,275,,,b'\x11\xe8\xe1I\xe8kk\xee\x9a\xbe\x12\xdf\x17\xaeN\x1e'
11E8E149-E86B-6BEE-9ABE-12DF17AE4E1E,2023-ncaa-d3-conf-Michigan Intercol. Ath. Assn.,ncaa,3,3,1,3,1,3,3,2,4,3,2,5,4,5,5,6,5,8,2,8,9,3,3,5,4,3,8,6,8,3,3,1,5,3,3,1,1,2,3,2,3,5,1,1,,,9,8,,,3,3,8,4,3,3,2,3,2,5,6,6,8,8,4,4,3,1,3,1,2,4,1,,7,,,3,3,4,7,1,4,7,1,1,2,2,2,6,8,1,8,5,8,9,1,1,2,3,2,9,7,5,5,3,7,3,3,4,4,5,4,5,4,5,2,,,4,6,,,3,7,3,3,3,3,4,5,4,6,1,2,4,8,7,5,5,5,4,5,3,5,5,4,,7,,,b'\x11\xe8\xe1I\xe8kk\xee\x9a\xbe\x12\xdf\x17\xaeN\x1e'
11E8E149-E86B-6BEE-9ABE-12DF17AE4E1E,2023-ncaa-d3-natl,ncaa,56,43,109,50,131,91,62,132,26,51,100,49,167,251,48,306,214,261,90,253,357,154,199,39,44,37,341,289,361,223,205,82,87,127,90,47,77,89,76,17,198,222,6,6,,,296,295,,,75,189,268,181,77,54,157,44,102,196,296,239,306,303,187,282,249,65,148,34,70,230,6,,268,,,68,174,161,217,123,172,257,87,185,159,257,127,276,321,48,325,302,245,222,123,109,151,253,202,301,161,87,141,205,142,90,116,104,225,260,172,194,199,134,68,,,172,143,,,75,244,47,140,65,130,127,151,136,206,164,118,244,306,315,185,151,133,89,99,104,276,168,106,,190,,,b'\x11\xe8\xe1I\xe8kk\xee\x9a\xbe\x12\xdf\x17\xaeN\x1e'
11E8E149-E86B-6BEE-9ABE-12DF17AE4E1E,2024-ncaa-d3-conf-Michigan Intercol. Ath. Assn.,ncaa,3,3,4,3,6,5,4,4,4,2,2,4,7,7,9,7,4,6,3,6,7,4,5,5,5,5,7,8,5,3,3,5,5,4,3,1,2,1,1,1,3,3,1,1,,,7,9,,,4,7,8,5,5,3,4,2,2,7,7,4,5,5,4,6,3,4,3,1,2,3,1,,7,,,4,1,1,1,2,2,5,1,1,1,5,1,6,7,7,8,8,1,3,1,3,4,6,2,9,3,5,5,3,5,3,1,6,3,3,2,4,4,3,3,,,5,6,,,4,2,5,4,4,4,2,2,4,4,1,1,6,6,7,3,4,5,5,5,2,3,4,3,,6,,,b'\x11\xe8\xe1I\xe8kk\xee\x9a\xbe\x12\xdf\x17\xaeN\x1e'
11E8E149-E86B-6BEE-9ABE-12DF17AE4E1E,2024-ncaa-d3-natl,ncaa,89,87,112,98,143,163,147,175,119,99,112,108,306,289,303,328,141,149,207,150,239,166,213,163,162,130,357,355,189,120,82,137,105,121,83,126,132,108,98,87,188,164,3,1,,,370,402,,,104,264,351,152,188,152,199,84,118,328,317,158,162,166,194,284,117,154,117,125,89,211,1,,358,,,105,88,52,105,57,93,210,33,39,41,128,29,385,378,295,383,361,150,150,39,79,84,285,44,418,137,105,144,82,125,83,55,137,220,190,89,190,188,238,187,,,173,137,,,104,170,116,86,98,56,27,50,74,182,28,22,376,369,377,85,77,109,109,90,42,250,161,227,,194,,,b'\x11\xe8\xe1I\xe8kk\xee\x9a\xbe\x12\xdf\x17\xaeN\x1e'
11E8E149-E86B-6BEE-9ABE-12DF17AE4E1E,2025-ncaa-d3-conf-Michigan Intercol. Ath. Assn.,genius_ncaa,2,3,1,3,1,3,3,1,5,2,1,6,2,1,4,4,6,4,8,5,9,1,1,5,7,3,7,4,9,1,1,1,4,1,2,1,5,3,2,2,3,3,1,1,,,8,7,,3,3,1,7,6,3,3,1,3,1,3,3,9,9,9,2,3,1,3,1,2,2,3,1,,6,,3,3,3,1,5,1,2,9,1,1,1,2,1,9,9,5,9,9,7,9,1,1,1,8,1,9,4,4,8,1,7,2,1,3,3,3,1,3,3,5,2,,,3,9,,5,3,9,3,2,3,2,1,2,2,5,1,1,8,8,8,3,3,4,7,5,1,3,3,3,,9,,7,b'\x11\xe8\xe1I\xe8kk\xee\x9a\xbe\x12\xdf\x17\xaeN\x1e'
11E8E149-E86B-6BEE-9ABE-12DF17AE4E1E,2025-ncaa-d3-natl,genius_ncaa,82,155,16,127,28,107,88,40,228,111,71,251,84,79,131,176,226,172,338,184,313,48,57,208,244,204,197,138,346,21,54,55,122,25,75,90,164,228,116,139,109,144,1,1,,,392,376,,180,97,81,349,258,214,191,135,213,187,145,167,329,296,312,169,240,42,183,76,166,106,198,1,,301,,134,101,192,73,232,26,87,297,14,132,111,217,58,413,413,248,414,401,321,337,28,63,72,383,122,418,245,122,359,54,331,75,67,110,96,131,47,263,174,267,162,,,93,229,,100,97,344,142,71,97,41,11,24,19,99,48,28,385,386,388,66,68,114,174,144,22,201,162,168,,254,,152,b'\x11\xe8\xe1I\xe8kk\xee\x9a\xbe\x12\xdf\x17\xaeN\x1e'
11E8E149-E86B-6BEE-9ABE-12DF17AE4E1E,2026-ncaa-d3-conf-Michigan Intercol. Ath. Assn.,genius_ncaa,4,1,8,1,8,9,8,8,5,7,8,4,8,8,6,9,9,9,8,9,4,8,8,5,7,6,6,7,4,8,2,9,4,9,5,9,8,2,5,6,6,1,4,2,,,1,7,,8,5,8,6,2,5,4,5,4,4,7,8,4,2,2,4,4,2,7,5,8,4,1,2,,6,,9,5,2,2,1,6,2,2,4,1,1,8,3,3,2,5,2,7,1,2,7,7,4,7,5,8,2,4,2,2,2,5,1,4,8,1,1,2,4,1,1,,,8,1,,7,5,2,6,5,5,4,3,1,3,3,4,2,8,6,6,1,2,3,6,4,3,1,4,1,,1,,7,b'\x11\xe8\xe1I\xe8kk\xee\x9a\xbe\x12\xdf\x17\xaeN\x1e'
11E8E149-E86B-6BEE-9ABE-12DF17AE4E1E,2026-ncaa-d3-natl,genius_ncaa,157,200,116,194,122,184,126,171,101,58,109,67,329,279,361,334,256,195,370,191,290,175,205,161,206,173,409,378,318,170,179,222,256,202,224,205,333,144,115,170,184,185,31,27,,,309,347,,347,172,215,359,50,224,125,210,54,106,362,331,324,238,239,224,313,207,280,263,255,85,216,27,,302,,349,173,199,170,188,159,219,245,139,100,98,144,48,312,290,313,288,275,199,204,134,184,174,171,67,365,244,256,215,179,224,224,79,25,185,178,69,144,113,90,40,,,97,47,,123,172,199,174,192,178,128,102,95,162,216,48,33,310,286,281,117,105,213,152,175,32,221,100,61,,90,,138,b'\x11\xe8\xe1I\xe8kk\xee\x9a\xbe\x12\xdf\x17\xaeN\x1e'
11E8E149-E86F-B08C-9ABE-12DF17AE4E1E,2018-ncaa-d3-conf-OAC,ncaa,6,6,3,6,4,6,5,8,2,4,4,5,10,10,3,10,6,6,6,6,9,6,5,5,5,6,10,10,7,8,4,6,6,5,6,8,10,9,8,9,2,2,10,10,,,5,5,,,6,5,9,9,7,7,10,4,3,10,10,7,6,5,10,9,9,8,9,8,7,4,10,,3,,,6,4,4,2,4,3,3,4,5,6,7,7,3,3,2,3,5,1,6,4,5,3,6,8,5,5,6,1,4,3,6,3,4,3,2,3,8,8,7,4,,,4,4,,,6,6,6,5,5,2,3,1,3,2,5,3,2,3,3,2,2,5,2,2,3,3,7,6,,5,,,b'\x11\xe8\xe1I\xe8o\xb0\x8c\x9a\xbe\x12\xdf\x17\xaeN\x1e'
11E8E149-E86F-B08C-9ABE-12DF17AE4E1E,2018-ncaa-d3-natl,ncaa,179,223,68,209,89,177,170,245,86,113,98,190,329,405,27,415,133,170,94,163,281,230,233,125,106,131,357,377,153,283,254,234,184,269,203,289,411,229,246,296,206,216,372,379,,,274,299,,,212,201,398,200,246,238,396,137,146,362,423,180,231,222,384,403,364,364,393,361,158,266,396,,194,,,213,275,275,187,309,194,151,272,376,312,397,330,190,177,259,180,240,185,208,348,346,308,336,374,144,169,184,143,254,146,203,185,115,167,167,179,213,220,353,271,,,81,27,,,212,228,186,286,224,164,174,72,119,64,327,237,124,109,111,58,47,107,62,73,132,254,138,316,,123,,,b'\x11\xe8\xe1I\xe8o\xb0\x8c\x9a\xbe\x12\xdf\x17\xaeN\x1e'
11E8E149-E86F-B08C-9ABE-12DF17AE4E1E,2019-ncaa-d3-conf-OAC,ncaa,5,4,5,5,7,8,8,10,1,3,4,2,10,10,3,10,2,2,5,2,3,10,10,3,2,4,10,10,1,10,5,8,7,10,4,6,4,7,9,7,5,5,6,5,,,1,1,,,6,9,8,7,7,7,10,1,5,10,10,2,2,1,9,9,9,9,9,5,7,5,6,,2,,,6,2,3,3,7,3,3,4,7,5,7,9,1,1,10,1,1,1,3,7,7,4,7,9,2,5,7,1,5,1,4,4,5,4,3,4,6,6,5,4,,,2,1,,,6,3,6,6,6,4,6,4,3,3,7,7,3,2,2,3,3,7,1,2,3,3,7,5,,1,,,b'\x11\xe8\xe1I\xe8o\xb0\x8c\x9a\xbe\x12\xdf\x17\xaeN\x1e'
11E8E149-E86F-B08C-9ABE-12DF17AE4E1E,2019-ncaa-d3-natl,ncaa,137,134,129,145,201,174,197,356,35,169,237,91,260,382,12,370,85,113,90,110,88,325,338,43,33,56,236,311,85,373,243,313,196,352,178,233,303,171,264,215,276,264,286,252,,,102,133,,,170,319,401,367,192,221,422,180,287,288,399,83,126,118,409,427,405,390,419,270,146,313,314,,73,,,172,199,195,136,284,87,92,180,420,320,439,390,96,50,440,46,98,97,114,356,359,318,409,431,94,105,196,41,243,41,178,167,135,198,144,165,189,259,303,308,,,62,1,,,170,135,90,286,166,164,169,79,72,46,413,304,86,37,35,43,38,85,18,29,139,231,155,286,,38,,,b'\x11\xe8\xe1I\xe8o\xb0\x8c\x9a\xbe\x12\xdf\x17\xaeN\x1e'
11E8E149-E86F-B08C-9ABE-12DF17AE4E1E,2020-ncaa-d3-conf-OAC,ncaa,5,4,5,5,8,6,5,10,3,3,3,5,9,10,2,10,6,6,5,6,6,8,7,4,4,4,8,9,3,6,4,6,3,7,4,4,1,7,9,5,8,6,9,8,,,4,8,,,4,7,7,10,5,5,10,3,3,9,10,5,5,4,9,7,5,6,7,3,7,9,9,,5,,,4,3,2,1,5,2,2,6,2,3,5,6,5,5,4,5,8,1,3,5,4,4,6,5,7,2,3,1,4,1,4,3,3,4,2,3,7,7,6,5,,,4,1,,,4,4,6,4,4,4,4,3,3,2,3,3,5,5,5,3,3,3,3,3,3,3,7,7,,2,,,b'\x11\xe8\xe1I\xe8o\xb0\x8c\x9a\xbe\x12\xdf\x17\xaeN\x1e'
11E8E149-E86F-B08C-9ABE-12DF17AE4E1E,2020-ncaa-d3-natl,ncaa,170,198,126,190,196,168,159,266,59,79,84,129,355,407,90,415,73,102,101,96,208,227,245,125,92,113,368,405,87,222,116,249,52,241,69,165,218,183,198,163,305,296,246,220,,,235,320,,,140,260,321,426,179,160,334,66,95,373,423,72,100,98,296,321,238,303,296,169,158,329,254,,222,,,142,170,136,98,250,117,95,260,237,204,283,285,271,242,344,241,326,98,113,266,289,249,320,282,299,44,52,49,116,32,69,51,34,196,144,72,245,260,402,340,,,32,5,,,140,185,111,199,140,138,126,53,110,55,223,184,247,219,222,54,59,31,32,23,42,218,228,397,,23,,,b'\x11\xe8\xe1I\xe8o\xb0\x8c\x9a\xbe\x12\xdf\x17\xaeN\x1e'
11E8E149-E86F-B08C-9ABE-12DF17AE4E1E,2021-ncaa-d3-conf-OAC,ncaa,8,5,9,8,9,10,10,10,5,10,9,9,10,10,4,9,8,9,1,9,3,10,10,5,5,5,5,8,1,10,9,10,10,10,9,8,2,1,8,7,10,10,9,6,,,1,2,,,8,10,9,5,9,10,10,9,8,9,10,5,6,6,10,10,10,10,10,8,2,10,9,,2,,,8,1,1,1,5,1,1,5,1,4,6,10,1,1,10,1,3,1,1,5,5,6,9,9,5,7,10,1,9,1,9,1,5,9,7,5,1,8,4,5,,,8,1,,,8,1,8,6,8,4,4,3,3,2,8,9,3,2,2,3,3,9,2,7,3,8,4,4,,1,,,b'\x11\xe8\xe1I\xe8o\xb0\x8c\x9a\xbe\x12\xdf\x17\xaeN\x1e'
11E8E149-E86F-B08C-9ABE-12DF17AE4E1E,2021-ncaa-d3-natl,ncaa,101,183,81,148,100,120,131,141,110,125,120,171,137,166,47,231,70,93,26,94,93,135,140,118,84,99,115,184,31,191,259,144,263,166,258,123,128,151,162,147,162,242,134,156,,,178,147,,,194,126,263,110,196,215,270,196,199,194,253,68,119,134,267,279,270,257,278,184,79,249,180,,124,,,174,190,176,178,120,152,156,124,225,225,184,254,176,157,261,151,132,176,173,155,164,174,252,254,129,241,263,170,259,198,258,148,68,117,164,121,143,153,171,159,,,64,5,,,194,157,141,210,177,132,121,126,75,48,235,240,138,93,81,108,75,244,82,172,78,179,93,143,,33,,,b'\x11\xe8\xe1I\xe8o\xb0\x8c\x9a\xbe\x12\xdf\x17\xaeN\x1e'
11E8E149-E86F-B08C-9ABE-12DF17AE4E1E,2022-ncaa-d3-conf-OAC,ncaa,9,9,10,9,10,10,10,10,6,10,10,8,7,9,1,7,10,10,10,10,6,10,10,6,7,9,4,2,9,10,9,9,9,10,8,9,2,10,10,9,10,9,4,2,,,2,2,,,9,9,5,1,10,9,10,9,9,5,9,10,9,9,10,8,10,7,9,8,10,9,2,,3,,,9,6,4,6,5,4,2,8,10,10,4,10,4,4,9,4,8,6,3,6,5,7,9,9,3,6,9,2,9,5,8,8,9,10,9,10,9,10,3,6,,,9,3,,,9,2,10,7,9,8,8,9,6,2,10,10,7,7,6,9,7,9,4,7,9,8,10,3,,6,,,b'\x11\xe8\xe1I\xe8o\xb0\x8c\x9a\xbe\x12\xdf\x17\xaeN\x1e'
11E8E149-E86F-B08C-9ABE-12DF17AE4E1E,2022-ncaa-d3-natl,ncaa,351,400,107,368,110,279,269,322,194,289,286,289,152,275,21,216,335,324,333,330,269,328,274,172,191,293,151,105,327,398,402,259,325,345,357,218,95,396,394,331,320,372,78,55,,,153,91,,,376,196,322,32,368,352,418,368,372,190,314,391,377,385,419,404,422,354,418,257,358,370,74,,87,,,359,364,359,326,272,291,138,383,405,424,123,420,245,200,374,193,254,316,270,309,315,346,314,363,128,312,325,177,402,233,357,382,337,276,342,376,399,400,333,384,,,228,171,,,376,252,348,349,360,306,308,303,232,66,396,420,210,157,147,268,189,263,100,162,342,339,372,316,,308,,,b'\x11\xe8\xe1I\xe8o\xb0\x8c\x9a\xbe\x12\xdf\x17\xaeN\x1e'
11E8E149-E86F-B08C-9ABE-12DF17AE4E1E,2023-ncaa-d3-conf-OAC,ncaa,7,5,7,7,9,8,9,8,6,8,7,7,6,7,5,5,5,5,6,4,2,8,8,6,6,8,3,5,2,9,9,8,8,9,8,9,7,9,8,9,4,3,4,1,,,2,2,,,6,8,3,6,8,9,7,7,7,5,6,2,3,3,8,5,9,7,9,8,9,2,1,,3,,,6,1,1,1,4,3,1,6,4,8,2,9,3,5,1,5,6,1,3,5,4,3,6,6,4,7,8,4,9,6,8,4,5,2,1,4,9,9,8,9,,,2,2,,,6,3,8,4,6,5,4,5,4,2,4,8,4,6,6,5,8,7,8,9,5,1,9,9,,2,,,b'\x11\xe8\xe1I\xe8o\xb0\x8c\x9a\xbe\x12\xdf\x17\xaeN\x1e'
11E8E149-E86F-B08C-9ABE-12DF17AE4E1E,2023-ncaa-d3-natl,ncaa,188,198,185,198,214,257,284,317,243,315,338,270,137,181,88,141,146,154,166,149,46,292,318,201,174,200,49,106,83,358,356,230,211,310,301,346,389,162,243,327,211,199,87,56,,,133,145,,,185,289,303,164,276,317,367,352,369,134,192,120,129,124,344,369,383,226,340,378,169,216,83,,131,,,187,81,85,141,89,91,74,226,165,327,11,370,172,237,32,239,346,140,155,94,74,92,262,247,250,212,211,216,356,211,301,52,80,206,185,94,226,281,274,349,,,160,37,,,185,143,245,106,183,85,90,133,96,59,169,335,171,236,242,144,150,207,232,225,61,211,233,286,,115,,,b'\x11\xe8\xe1I\xe8o\xb0\x8c\x9a\xbe\x12\xdf\x17\xaeN\x1e'
11E8E149-E86F-B08C-9ABE-12DF17AE4E1E,2024-ncaa-d3-conf-OAC,ncaa,4,4,2,4,2,3,6,4,8,6,5,8,5,5,5,6,1,1,2,1,1,3,3,7,4,5,2,7,1,4,5,4,6,4,4,9,10,8,5,8,2,4,3,3,,,5,3,,,4,3,7,4,4,8,8,8,6,6,7,1,1,1,6,8,5,5,4,9,5,3,3,,5,,,4,9,8,8,5,4,6,4,10,10,8,10,7,8,3,8,9,8,9,6,6,6,9,9,4,8,6,8,5,10,4,9,10,2,4,7,6,4,9,8,,,1,1,,,4,8,5,4,4,5,5,6,2,2,10,10,5,6,6,5,5,7,5,7,9,4,4,7,,1,,,b'\x11\xe8\xe1I\xe8o\xb0\x8c\x9a\xbe\x12\xdf\x17\xaeN\x1e'
11E8E149-E86F-B08C-9ABE-12DF17AE4E1E,2024-ncaa-d3-natl,ncaa,74,87,63,88,74,123,188,187,193,265,272,217,69,89,78,111,17,19,69,18,14,136,170,153,107,93,27,97,38,163,182,173,237,164,209,295,398,127,100,252,180,182,121,84,,,149,127,,,157,178,355,171,158,257,316,321,365,88,119,21,28,30,239,332,220,292,257,356,75,232,144,,86,,,162,302,257,263,203,95,78,198,425,423,378,421,202,201,210,189,300,245,245,306,293,296,419,422,142,260,237,259,182,268,209,298,300,199,215,271,105,99,347,369,,,21,14,,,157,241,93,289,167,186,161,131,50,24,414,402,147,141,135,114,101,198,149,165,236,268,72,307,,29,,,b'\x11\xe8\xe1I\xe8o\xb0\x8c\x9a\xbe\x12\xdf\x17\xaeN\x1e'
11E8E149-E86F-B08C-9ABE-12DF17AE4E1E,2025-ncaa-d3-conf-OAC,genius_ncaa,3,3,1,3,1,1,4,4,4,10,10,3,1,1,1,1,1,1,1,1,1,3,2,1,1,1,1,1,2,3,5,3,7,3,6,4,4,7,6,4,3,5,2,3,,,7,4,,8,3,2,8,1,1,6,6,10,10,1,1,1,1,1,5,6,6,4,4,4,6,4,2,,5,,8,3,7,7,10,3,8,8,4,5,8,3,4,8,8,8,8,5,10,10,3,3,4,4,4,9,10,7,8,5,10,6,7,7,2,7,5,6,6,6,9,,,2,2,,9,3,9,1,6,3,6,5,7,6,8,4,6,6,5,5,7,7,8,5,6,4,5,5,6,,2,,9,b'\x11\xe8\xe1I\xe8o\xb0\x8c\x9a\xbe\x12\xdf\x17\xaeN\x1e'
11E8E149-E86F-B08C-9ABE-12DF17AE4E1E,2025-ncaa-d3-natl,genius_ncaa,57,56,55,61,55,74,174,161,207,352,396,155,1,2,56,4,6,13,41,19,1,121,129,75,42,52,1,3,22,149,191,197,313,173,269,216,277,189,132,208,90,111,46,45,,,316,281,,388,88,123,301,10,70,240,266,395,417,2,7,7,18,21,179,237,207,303,267,274,132,112,62,,264,,384,88,256,198,275,113,175,237,115,255,287,169,236,354,326,322,319,295,299,322,126,156,148,324,230,339,337,313,279,191,317,269,188,186,104,137,128,106,71,258,390,,,16,15,,155,88,292,57,174,89,157,113,157,103,145,201,222,320,283,272,169,199,294,173,222,128,139,75,219,,24,,198,b'\x11\xe8\xe1I\xe8o\xb0\x8c\x9a\xbe\x12\xdf\x17\xaeN\x1e'
11E8E149-E86F-B08C-9ABE-12DF17AE4E1E,2026-ncaa-d3-conf-OAC,genius_ncaa,2,1,4,1,4,7,8,5,9,9,5,9,3,6,2,5,7,8,3,7,8,6,6,6,6,5,2,2,6,2,2,6,6,6,6,7,4,1,1,2,8,8,3,3,,,2,3,,6,4,9,7,1,6,7,2,9,2,2,3,6,7,6,3,3,1,4,3,6,1,8,2,,3,,8,4,3,3,4,3,5,6,3,1,1,1,1,4,2,8,2,3,3,3,2,2,4,2,1,8,5,6,5,2,5,6,2,2,8,7,6,1,1,8,9,,,7,7,,5,4,3,3,5,4,5,3,6,7,9,1,1,6,4,4,5,4,8,7,8,2,8,1,9,,7,,4,b'\x11\xe8\xe1I\xe8o\xb0\x8c\x9a\xbe\x12\xdf\x17\xaeN\x1e'
11E8E149-E86F-B08C-9ABE-12DF17AE4E1E,2026-ncaa-d3-natl,genius_ncaa,13,1,215,1,229,250,306,262,316,370,350,337,72,96,118,29,176,210,122,210,61,260,273,254,227,228,5,12,115,141,79,236,291,196,159,241,96,159,200,207,335,335,58,49,,,88,69,,306,160,296,326,35,210,290,191,383,373,31,35,112,160,162,182,188,77,132,89,207,199,340,33,,69,,342,160,105,121,176,53,142,207,67,82,136,67,131,125,114,237,113,79,166,141,37,33,86,124,122,209,260,291,137,79,172,159,94,115,302,290,195,241,286,276,388,,,209,98,,169,160,116,188,133,161,101,130,278,178,303,82,163,140,129,125,242,205,326,163,247,103,297,286,335,,110,,165,b'\x11\xe8\xe1I\xe8o\xb0\x8c\x9a\xbe\x12\xdf\x17\xaeN\x1e'
11E8E149-E874-110E-9ABE-12DF17AE4E1E,2018-ncaa-d3-conf-MIAC,ncaa,9,9,7,9,9,7,8,10,7,9,9,8,9,8,6,6,5,8,3,8,5,10,8,7,6,8,5,7,1,11,9,7,7,9,9,9,9,10,9,9,8,8,6,6,,,6,5,,,9,6,2,3,7,7,8,8,8,9,7,2,6,6,9,4,10,5,9,9,10,7,6,,6,,,9,10,12,9,10,12,8,8,10,6,12,6,5,7,4,7,4,9,5,9,8,10,6,9,4,6,7,6,9,7,9,6,4,10,11,10,8,8,3,3,,,7,6,,,9,6,8,8,9,10,12,10,12,10,10,7,7,7,7,11,9,7,8,9,7,10,8,3,,5,,,b'\x11\xe8\xe1I\xe8t\x11\x0e\x9a\xbe\x12\xdf\x17\xaeN\x1e'
11E8E149-E874-110E-9ABE-12DF17AE4E1E,2018-ncaa-d3-natl,ncaa,299,327,197,314,210,252,275,315,235,271,295,242,230,256,177,203,172,243,36,247,190,311,329,217,180,180,160,203,111,342,340,328,149,353,278,305,315,125,199,248,318,285,173,164,,,182,274,,,301,309,358,61,255,288,335,297,303,216,245,145,242,247,341,371,368,368,401,326,129,326,173,,192,,,297,296,316,149,401,296,160,385,312,208,390,242,202,175,315,180,228,144,97,393,395,410,220,272,142,78,149,167,340,116,278,145,49,372,354,293,112,175,147,185,,,248,146,,,301,136,220,380,302,301,317,173,295,178,307,210,198,171,178,156,73,85,184,133,160,395,114,148,,268,,,b'\x11\xe8\xe1I\xe8t\x11\x0e\x9a\xbe\x12\xdf\x17\xaeN\x1e'
11E8E149-E874-110E-9ABE-12DF17AE4E1E,2019-ncaa-d3-conf-MIAC,ncaa,12,12,8,12,10,12,12,11,12,11,6,12,12,12,5,12,12,11,10,11,11,12,10,12,12,12,9,9,7,12,11,3,11,7,10,11,10,12,12,12,12,12,3,3,,,11,10,,,12,10,4,5,12,12,11,10,5,12,12,12,11,11,12,4,12,2,5,11,12,12,1,,11,,,12,10,10,11,3,6,9,6,10,10,6,8,12,11,10,11,11,12,9,4,6,11,11,8,11,12,11,7,11,10,10,8,7,12,12,12,10,12,4,5,,,12,11,,,12,4,12,12,12,12,10,12,9,11,11,10,12,12,12,12,12,12,9,12,9,12,12,5,,12,,,b'\x11\xe8\xe1I\xe8t\x11\x0e\x9a\xbe\x12\xdf\x17\xaeN\x1e'
11E8E149-E874-110E-9ABE-12DF17AE4E1E,2019-ncaa-d3-natl,ncaa,403,421,215,407,235,321,302,300,308,266,184,358,311,359,141,355,286,289,252,286,321,300,255,325,321,351,287,278,213,325,336,151,298,226,290,314,300,355,373,371,343,385,53,54,,,382,379,,,409,215,161,83,350,334,313,280,153,323,369,289,284,284,325,224,329,96,194,345,361,353,41,,410,,,404,419,359,356,255,285,264,253,400,392,320,314,429,423,352,427,407,387,291,291,332,411,388,306,374,365,298,250,336,309,290,303,188,399,430,413,342,356,170,156,,,291,300,,,409,258,365,418,405,411,351,391,289,293,401,395,437,431,433,411,349,369,268,329,303,419,346,182,,288,,,b'\x11\xe8\xe1I\xe8t\x11\x0e\x9a\xbe\x12\xdf\x17\xaeN\x1e'
11E8E149-E874-110E-9ABE-12DF17AE4E1E,2020-ncaa-d3-conf-MIAC,ncaa,6,5,7,6,11,11,12,12,11,12,12,11,4,4,7,1,6,7,2,7,1,12,12,7,7,7,1,1,1,12,12,8,8,12,11,11,8,3,6,8,9,8,6,6,,,1,1,,,9,12,10,10,11,12,12,12,12,3,3,6,7,7,12,12,12,4,11,11,3,9,6,,1,,,9,4,6,4,5,3,3,5,10,10,10,10,1,1,2,1,3,4,2,6,4,8,10,11,1,8,8,7,12,8,11,5,10,10,10,10,4,8,1,2,,,9,1,,,9,1,9,8,10,5,7,7,5,4,10,10,1,1,1,7,4,9,7,8,7,9,6,1,,7,,,b'\x11\xe8\xe1I\xe8t\x11\x0e\x9a\xbe\x12\xdf\x17\xaeN\x1e'
11E8E149-E874-110E-9ABE-12DF17AE4E1E,2020-ncaa-d3-natl,ncaa,215,218,198,221,265,283,336,383,227,384,415,206,114,125,121,43,138,253,8,254,24,379,397,156,99,125,17,48,57,421,412,342,230,398,337,335,285,79,227,271,223,143,286,223,,,67,140,,,263,382,417,252,304,362,420,398,429,101,110,121,247,247,415,434,431,372,427,354,86,209,288,,58,,,261,148,161,86,297,55,29,281,421,387,407,426,50,61,73,58,228,63,53,378,343,344,408,432,50,115,230,99,412,86,337,247,318,331,267,330,121,242,9,36,,,208,21,,,263,51,206,321,269,182,196,102,68,15,419,383,47,59,59,68,30,131,109,111,257,353,133,8,,167,,,b'\x11\xe8\xe1I\xe8t\x11\x0e\x9a\xbe\x12\xdf\x17\xaeN\x1e'
11E8E149-E874-110E-9ABE-12DF17AE4E1E,2022-ncaa-d3-conf-MIAC,ncaa,5,6,1,6,1,5,5,2,10,2,1,9,12,11,12,12,1,3,5,3,9,2,2,12,11,7,12,12,1,2,6,10,12,8,11,9,11,6,3,7,2,2,5,5,,,3,1,,,7,2,5,5,6,8,3,3,1,12,12,2,3,3,2,3,2,10,9,11,4,2,5,,2,,,7,10,10,8,10,8,7,10,12,10,9,10,3,2,10,2,3,8,9,11,10,6,6,10,2,10,12,12,6,12,11,12,9,2,7,7,8,4,10,5,,,6,5,,,7,11,7,7,7,8,10,8,7,7,12,10,2,2,2,7,7,9,11,11,12,2,4,9,,6,,,b'\x11\xe8\xe1I\xe8t\x11\x0e\x9a\xbe\x12\xdf\x17\xaeN\x1e'
11E8E149-E874-110E-9ABE-12DF17AE4E1E,2022-ncaa-d3-natl,ncaa,168,234,61,202,90,177,201,175,254,128,82,258,357,341,368,376,20,38,103,46,140,152,186,301,249,204,318,398,19,211,290,296,309,270,329,285,382,104,74,238,29,21,216,212,,,155,101,,,282,173,362,290,283,305,325,182,134,395,380,49,73,77,276,371,297,412,387,359,46,40,261,,59,,,271,356,367,271,358,279,170,343,418,367,409,376,123,97,324,105,133,242,261,390,381,336,329,398,51,259,309,322,290,298,329,348,209,130,146,244,218,203,300,205,,,85,72,,,282,265,216,329,270,239,267,114,169,54,404,301,63,33,41,74,87,170,208,185,262,203,165,249,,159,,,b'\x11\xe8\xe1I\xe8t\x11\x0e\x9a\xbe\x12\xdf\x17\xaeN\x1e'
11E8E149-E874-110E-9ABE-12DF17AE4E1E,2023-ncaa-d3-conf-MIAC,ncaa,10,9,11,10,11,10,11,12,4,9,10,5,12,12,9,12,6,7,2,7,3,12,12,6,5,8,10,12,2,12,11,9,11,11,11,9,9,8,10,10,7,7,10,7,,,3,3,,,10,12,8,3,10,11,12,6,7,12,12,3,3,4,11,12,11,7,10,9,8,7,9,,6,,,10,5,6,5,11,5,4,11,11,10,9,12,1,3,2,2,4,5,2,11,10,9,7,11,1,10,11,4,11,7,11,12,12,9,6,11,8,11,8,8,,,10,4,,,10,1,9,9,10,9,10,8,9,5,12,12,2,6,6,8,11,11,7,10,12,7,10,8,,6,,,b'\x11\xe8\xe1I\xe8t\x11\x0e\x9a\xbe\x12\xdf\x17\xaeN\x1e'
11E8E149-E874-110E-9ABE-12DF17AE4E1E,2023-ncaa-d3-natl,ncaa,289,297,271,303,287,300,315,392,127,281,353,137,329,353,218,286,162,212,74,212,66,380,392,149,117,161,221,309,49,407,408,369,342,394,371,364,379,129,290,322,262,204,283,221,,,88,150,,,316,365,383,136,304,323,420,272,356,326,346,105,158,153,410,418,422,392,421,371,164,239,275,,106,,,316,211,228,114,344,113,38,386,391,388,333,418,100,94,182,90,251,102,68,382,368,386,372,406,79,241,342,87,408,129,371,343,373,346,296,380,251,353,186,295,,,284,76,,,316,58,246,384,325,282,289,185,168,35,409,402,114,114,109,153,104,271,126,185,347,338,274,211,,254,,,b'\x11\xe8\xe1I\xe8t\x11\x0e\x9a\xbe\x12\xdf\x17\xaeN\x1e'
11E8E149-E874-110E-9ABE-12DF17AE4E1E,2025-ncaa-d3-conf-MIAC,genius_ncaa,10,10,5,10,9,10,10,12,6,10,12,6,11,11,11,8,11,10,10,9,6,12,12,7,8,10,10,8,9,12,12,10,12,12,12,9,7,12,12,12,10,11,5,5,,,1,1,,5,11,9,8,7,10,10,12,9,12,11,10,10,10,9,12,12,12,9,12,9,12,10,5,,1,,5,11,12,12,12,9,10,6,11,12,12,9,12,1,1,6,1,1,12,10,11,10,12,10,12,1,12,12,7,12,11,12,12,12,11,11,12,12,12,4,4,,,7,5,,11,11,4,11,12,11,12,12,12,10,5,12,12,1,1,1,12,12,12,8,11,12,11,12,4,,7,,11,b'\x11\xe8\xe1I\xe8t\x11\x0e\x9a\xbe\x12\xdf\x17\xaeN\x1e'
11E8E149-E874-110E-9ABE-12DF17AE4E1E,2025-ncaa-d3-natl,genius_ncaa,370,400,192,385,248,344,333,373,216,313,368,145,308,282,333,164,307,295,315,287,120,370,372,227,243,279,235,236,195,409,406,319,368,385,386,355,331,218,338,342,328,329,243,200,,,30,19,,101,361,338,373,258,372,366,412,331,395,321,290,330,310,301,414,417,418,349,414,369,237,336,240,,12,,98,355,313,338,294,301,171,69,363,413,415,311,418,27,20,326,20,56,221,128,357,328,376,361,415,12,357,368,156,406,260,386,373,348,378,387,397,304,364,72,206,,,253,69,,327,361,76,326,391,365,313,332,316,188,59,415,416,21,15,15,245,132,352,169,277,359,398,303,80,,257,,336,b'\x11\xe8\xe1I\xe8t\x11\x0e\x9a\xbe\x12\xdf\x17\xaeN\x1e'
11E8E149-E874-110E-9ABE-12DF17AE4E1E,2026-ncaa-d3-conf-MIAC,genius_ncaa,6,6,4,6,6,9,7,9,6,5,4,8,12,12,9,12,10,10,10,10,12,9,11,7,9,7,12,12,9,11,11,4,9,6,11,8,9,3,3,7,11,12,6,7,,,1,1,,2,10,10,9,3,9,7,10,3,1,12,12,11,11,11,10,12,12,1,7,8,3,12,7,,1,,2,10,8,11,10,5,6,8,4,12,12,8,12,1,1,10,1,1,9,4,6,5,10,10,12,1,9,9,7,11,10,11,12,12,11,12,12,4,7,10,10,,,11,10,,7,10,3,8,12,10,9,12,12,7,9,12,12,1,1,1,12,7,10,9,11,12,12,6,11,,11,,7,b'\x11\xe8\xe1I\xe8t\x11\x0e\x9a\xbe\x12\xdf\x17\xaeN\x1e'
11E8E149-E874-110E-9ABE-12DF17AE4E1E,2026-ncaa-d3-natl,genius_ncaa,157,200,116,194,139,201,200,230,165,169,162,233,254,317,104,350,96,120,151,119,155,221,233,189,164,169,248,305,85,358,406,97,207,202,315,309,378,183,188,282,347,392,58,60,,,29,3,,156,272,184,269,113,248,260,352,205,192,307,371,109,143,142,327,363,403,71,263,351,132,394,62,,2,,133,262,274,294,326,148,209,229,164,393,392,293,400,90,54,391,56,14,293,245,219,185,287,333,399,19,294,207,298,406,308,315,321,290,320,386,382,179,187,401,399,,,215,181,,169,272,226,228,301,268,259,290,358,150,184,395,404,22,8,10,300,187,281,315,308,314,388,143,400,,276,,206,b'\x11\xe8\xe1I\xe8t\x11\x0e\x9a\xbe\x12\xdf\x17\xaeN\x1e'
11E8E149-E878-8662-9ABE-12DF17AE4E1E,2018-ncaa-d3-conf-UAA,ncaa,7,7,1,7,5,6,6,7,6,6,6,6,4,4,3,3,6,7,2,7,5,7,7,6,6,6,4,3,5,7,7,6,8,7,8,6,7,6,7,6,4,4,1,1,,,4,2,,,7,6,5,5,6,6,7,6,6,4,4,6,7,7,7,7,7,6,7,6,6,4,1,,4,,,7,6,7,8,6,7,7,5,4,5,3,4,5,4,8,4,4,7,8,5,6,4,4,4,4,8,8,7,7,8,8,7,7,5,5,6,6,7,4,5,,,6,6,,,7,4,6,7,7,6,7,8,7,7,4,5,5,4,4,7,8,8,7,8,7,5,6,4,,6,,,b'\x11\xe8\xe1I\xe8x\x86b\x9a\xbe\x12\xdf\x17\xaeN\x1e'
11E8E149-E878-8662-9ABE-12DF17AE4E1E,2018-ncaa-d3-natl,ncaa,262,279,197,275,202,203,211,187,243,218,194,273,163,192,126,195,216,254,136,247,280,196,229,218,211,194,183,150,246,265,337,140,337,192,334,252,307,139,150,218,144,163,31,43,,,222,169,,,233,204,186,24,193,198,145,219,179,150,175,215,254,247,153,195,273,72,158,251,151,130,22,,232,,,233,241,235,347,103,228,341,91,247,281,164,216,260,240,335,225,139,338,308,95,99,177,240,232,250,399,337,335,337,388,334,296,306,243,312,288,247,264,244,226,,,248,270,,,233,246,221,229,229,259,248,370,243,345,250,294,281,244,235,365,350,390,350,374,296,257,261,257,,268,,,b'\x11\xe8\xe1I\xe8x\x86b\x9a\xbe\x12\xdf\x17\xaeN\x1e'
11E8E149-E878-8662-9ABE-12DF17AE4E1E,2019-ncaa-d3-conf-UAA,ncaa,7,7,1,7,6,8,7,6,6,7,3,7,6,5,5,5,7,6,7,6,6,7,7,6,7,7,6,3,6,7,8,8,8,8,8,6,3,4,6,5,1,1,3,3,,,2,2,,,7,6,5,6,8,7,6,7,3,6,5,7,6,6,7,7,7,8,8,6,4,1,3,,2,,,7,4,4,3,5,1,1,4,7,6,8,7,1,1,6,1,2,2,6,8,8,4,8,8,1,8,8,8,8,8,8,7,7,1,1,3,4,4,5,5,,,7,7,,,7,2,8,4,7,4,4,3,1,1,7,6,1,1,1,2,6,8,8,8,7,1,4,5,,7,,,b'\x11\xe8\xe1I\xe8x\x86b\x9a\xbe\x12\xdf\x17\xaeN\x1e'
11E8E149-E878-8662-9ABE-12DF17AE4E1E,2019-ncaa-d3-natl,ncaa,206,219,215,219,265,240,201,214,187,161,135,229,281,323,182,331,310,315,217,310,374,243,299,218,243,196,351,296,334,285,315,287,318,300,329,205,261,72,95,132,57,29,80,57,,,117,111,,,194,284,272,197,226,176,165,132,103,295,339,319,337,333,206,290,282,296,310,188,80,35,67,,122,,,194,150,157,180,158,81,117,116,395,331,397,379,88,61,391,64,105,129,190,239,213,169,385,419,96,286,318,269,315,281,329,303,391,131,113,216,108,153,170,123,,,319,299,,,194,166,210,186,193,176,186,220,108,126,398,349,91,63,68,156,226,301,299,308,303,116,133,182,,330,,,b'\x11\xe8\xe1I\xe8x\x86b\x9a\xbe\x12\xdf\x17\xaeN\x1e'
11E8E149-E878-8662-9ABE-12DF17AE4E1E,2020-ncaa-d3-conf-UAA,ncaa,7,7,1,7,1,8,8,8,7,3,1,8,8,8,7,8,6,4,8,4,5,8,5,7,8,8,8,8,5,1,2,8,7,8,6,4,3,7,8,6,1,1,7,5,,,7,7,,,7,7,7,1,8,8,8,3,1,8,8,6,4,4,8,5,1,8,8,4,7,1,7,,7,,,7,4,4,3,7,1,1,4,7,5,8,7,2,2,3,2,8,3,3,8,8,5,8,8,3,5,7,3,2,4,6,6,8,2,2,5,6,8,8,7,,,7,6,,,7,3,8,5,8,4,4,3,1,1,7,5,2,2,2,3,3,5,3,4,6,2,6,8,,7,,,b'\x11\xe8\xe1I\xe8x\x86b\x9a\xbe\x12\xdf\x17\xaeN\x1e'
11E8E149-E878-8662-9ABE-12DF17AE4E1E,2020-ncaa-d3-natl,ncaa,237,245,198,250,205,252,208,249,165,122,92,207,360,393,191,405,319,242,390,240,341,257,279,212,246,245,414,383,331,152,126,332,309,281,247,207,228,159,195,188,40,20,212,143,,,188,245,,,225,318,347,29,254,178,228,76,65,369,399,327,242,243,238,259,131,364,286,193,181,35,214,,218,,,225,136,120,109,217,45,42,162,413,381,400,419,92,64,365,58,190,73,118,305,291,207,421,428,117,219,309,137,126,160,247,296,393,136,76,208,147,174,340,265,,,306,304,,,225,114,229,228,225,170,154,126,43,26,405,371,101,61,59,87,140,239,160,196,296,109,157,348,,323,,,b'\x11\xe8\xe1I\xe8x\x86b\x9a\xbe\x12\xdf\x17\xaeN\x1e'
11E8E149-E878-8662-9ABE-12DF17AE4E1E,2022-ncaa-d3-conf-UAA,ncaa,6,6,3,6,8,6,3,2,5,4,2,6,7,7,7,7,8,8,5,8,8,3,3,7,7,7,7,7,8,1,2,5,3,2,2,3,1,7,7,6,4,3,5,5,,,6,5,,,6,5,2,7,6,3,1,4,1,7,7,8,8,8,3,2,1,4,1,2,7,3,5,,6,,,6,5,6,3,4,2,2,6,8,8,4,8,3,3,3,3,5,3,2,6,5,4,6,8,3,3,3,4,2,3,2,5,6,4,4,5,7,7,7,5,,,7,7,,,6,4,6,5,6,5,6,4,2,2,8,8,3,3,3,4,2,3,5,4,6,4,7,7,,7,,,b'\x11\xe8\xe1I\xe8x\x86b\x9a\xbe\x12\xdf\x17\xaeN\x1e'
11E8E149-E878-8662-9ABE-12DF17AE4E1E,2022-ncaa-d3-natl,ncaa,147,182,107,173,162,122,81,95,78,43,58,90,252,244,239,313,302,306,238,303,403,122,115,122,164,177,400,327,403,122,155,68,35,80,56,126,276,282,215,192,157,177,123,144,,,308,292,,,167,119,148,290,136,57,98,37,58,293,289,353,362,361,136,132,153,46,74,141,238,184,136,,274,,,170,283,287,296,187,269,269,204,279,317,173,278,245,203,370,207,165,293,264,193,196,235,227,243,198,104,35,251,155,183,56,145,58,222,285,173,271,210,342,244,,,297,394,,,167,309,170,185,175,211,211,246,210,202,234,271,210,159,163,220,186,72,190,129,102,280,228,332,,377,,,b'\x11\xe8\xe1I\xe8x\x86b\x9a\xbe\x12\xdf\x17\xaeN\x1e'
11E8E149-E878-8662-9ABE-12DF17AE4E1E,2023-ncaa-d3-conf-UAA,ncaa,7,7,1,7,2,5,4,1,5,2,1,4,8,8,8,8,3,3,2,3,7,2,1,6,6,6,8,8,3,1,1,1,6,1,2,7,8,8,8,8,4,5,4,5,,,5,3,,,6,1,1,2,5,4,1,2,1,8,8,3,3,3,2,1,1,1,1,7,8,4,4,,5,,,6,7,7,8,4,5,7,4,8,8,5,6,7,6,7,6,5,8,8,4,4,7,7,7,5,8,6,3,1,6,2,7,7,8,8,8,8,8,5,4,,,4,7,,,6,8,6,7,6,7,7,8,5,7,8,8,7,6,6,8,8,8,3,6,7,8,8,5,,4,,,b'\x11\xe8\xe1I\xe8x\x86b\x9a\xbe\x12\xdf\x17\xaeN\x1e'
11E8E149-E878-8662-9ABE-12DF17AE4E1E,2023-ncaa-d3-natl,ncaa,210,223,185,220,224,104,78,136,48,44,88,44,278,280,253,323,137,222,20,219,335,149,130,76,70,97,377,364,238,128,71,40,115,62,39,183,351,284,242,235,195,249,56,50,,,246,208,,,169,149,110,209,59,38,96,26,62,289,294,110,216,209,99,85,105,9,16,171,283,200,46,,268,,,170,337,293,358,135,180,213,148,403,409,278,378,303,268,354,275,257,358,279,191,202,302,397,390,218,237,115,93,71,141,39,318,292,338,386,368,199,159,310,222,,,226,301,,,169,278,95,293,173,329,296,366,182,215,403,407,314,268,278,369,302,233,82,142,304,363,208,322,,224,,,b'\x11\xe8\xe1I\xe8x\x86b\x9a\xbe\x12\xdf\x17\xaeN\x1e'
11E8E149-E878-8662-9ABE-12DF17AE4E1E,2024-ncaa-d3-conf-UAA,ncaa,7,7,1,7,2,6,4,2,3,4,3,3,7,4,6,4,8,8,7,8,8,6,3,3,5,7,8,5,8,1,2,5,5,4,5,3,3,8,7,5,4,4,6,6,,,3,2,,,6,5,5,2,6,4,2,4,3,7,4,8,8,8,6,3,1,5,4,3,8,4,6,,3,,,6,5,5,7,5,4,5,4,7,8,5,8,1,1,6,1,1,7,7,5,5,5,5,7,1,8,5,3,2,5,5,7,7,7,6,7,8,8,7,6,,,8,8,,,6,4,6,5,6,5,5,7,4,5,7,8,1,1,1,7,7,8,3,5,7,7,8,7,,8,,,b'\x11\xe8\xe1I\xe8x\x86b\x9a\xbe\x12\xdf\x17\xaeN\x1e'
11E8E149-E878-8662-9ABE-12DF17AE4E1E,2024-ncaa-d3-natl,ncaa,227,232,200,238,257,142,87,127,67,86,144,53,148,150,150,171,380,385,249,387,416,176,208,66,109,106,346,195,424,165,152,113,162,129,128,91,153,139,131,68,256,262,154,166,,,40,28,,,151,233,194,244,85,33,67,47,111,142,137,403,403,407,125,166,145,49,80,50,147,251,151,,20,,,151,251,314,315,240,250,218,232,391,374,325,376,21,24,133,25,20,245,192,270,207,273,222,401,13,233,162,199,152,211,128,282,217,312,329,338,136,144,238,210,,,363,400,,,151,187,98,273,156,259,324,348,253,242,389,384,11,11,11,286,227,239,215,230,283,318,146,257,,397,,,b'\x11\xe8\xe1I\xe8x\x86b\x9a\xbe\x12\xdf\x17\xaeN\x1e'
11E8E149-E878-8662-9ABE-12DF17AE4E1E,2025-ncaa-d3-conf-UAA,genius_ncaa,2,2,1,2,1,2,3,8,2,3,6,2,4,8,2,6,1,1,7,1,1,7,7,2,2,2,4,5,4,8,8,5,8,8,6,2,3,4,5,2,4,5,5,5,,,4,4,,6,2,7,7,1,2,3,8,3,6,4,8,1,1,1,7,7,8,5,8,2,4,4,5,,4,,6,2,3,3,8,2,1,4,2,7,7,5,7,3,3,4,3,3,7,6,2,2,2,7,8,2,8,8,2,8,4,6,5,5,4,4,4,4,6,2,2,,,2,2,,6,2,2,2,5,2,3,3,8,1,4,7,7,3,3,3,7,6,8,2,4,5,4,4,2,,2,,6,b'\x11\xe8\xe1I\xe8x\x86b\x9a\xbe\x12\xdf\x17\xaeN\x1e'
11E8E149-E878-8662-9ABE-12DF17AE4E1E,2025-ncaa-d3-natl,genius_ncaa,44,44,55,46,73,68,70,180,18,83,177,23,97,206,13,252,70,60,185,70,91,157,166,15,14,23,193,195,203,260,237,87,178,156,152,97,240,195,164,125,123,138,59,56,,,257,209,,360,85,138,279,178,59,69,296,95,249,114,261,99,91,95,260,311,323,133,232,116,142,161,72,,187,,345,86,275,234,316,111,125,227,67,379,357,340,330,260,193,405,198,183,304,293,163,174,206,382,380,217,265,178,147,237,194,152,121,74,178,221,138,185,172,240,220,,,84,67,,209,85,282,37,205,81,170,137,195,78,132,331,305,202,125,135,175,154,195,74,109,83,249,140,193,,133,,234,b'\x11\xe8\xe1I\xe8x\x86b\x9a\xbe\x12\xdf\x17\xaeN\x1e'
11E8E149-E878-8662-9ABE-12DF17AE4E1E,2026-ncaa-d3-natl,genius_ncaa,157,132,215,163,249,270,241,322,84,230,326,39,230,245,202,141,333,338,225,334,254,323,328,91,109,133,276,196,335,330,256,269,261,305,227,219,162,112,216,142,239,159,100,62,,,111,185,,197,105,323,387,113,242,194,349,181,334,212,217,345,345,338,368,391,325,220,291,174,140,201,69,,115,,234,103,59,59,101,20,68,125,34,58,84,71,128,132,123,209,127,207,98,105,19,22,35,200,133,308,195,261,108,256,127,227,33,29,275,171,31,151,250,55,83,,,313,239,,236,105,87,161,65,89,19,26,88,54,156,48,76,149,140,152,91,76,258,89,155,10,233,184,52,,334,,217,b'\x11\xe8\xe1I\xe8x\x86b\x9a\xbe\x12\xdf\x17\xaeN\x1e'
11E8E149-E87C-C3B2-9ABE-12DF17AE4E1E,2018-ncaa-d3-conf-CCIW,ncaa,6,6,5,6,5,9,8,9,7,8,7,7,8,7,8,7,8,5,9,5,4,9,9,7,7,8,9,8,6,9,7,8,6,8,7,9,9,9,9,9,5,3,2,2,,,1,1,,,7,8,6,2,9,8,9,8,5,8,7,8,4,4,9,7,9,7,8,9,9,3,2,,2,,,7,5,6,2,7,3,1,5,9,7,9,8,1,1,6,1,1,1,2,8,8,6,7,9,2,4,6,4,7,3,7,8,9,5,4,7,8,8,9,9,,,5,4,,,7,1,8,6,7,5,6,5,4,3,9,7,1,1,1,4,5,6,6,6,8,3,8,9,,4,,,b'\x11\xe8\xe1I\xe8|\xc3\xb2\x9a\xbe\x12\xdf\x17\xaeN\x1e'
11E8E149-E87C-C3B2-9ABE-12DF17AE4E1E,2018-ncaa-d3-natl,ncaa,299,309,305,307,326,321,297,357,210,243,298,179,343,333,327,290,330,258,401,253,194,349,299,229,269,326,344,323,296,364,367,336,182,362,319,341,359,356,389,381,212,198,145,117,,,143,190,,,382,257,136,138,317,273,334,207,254,331,316,335,208,204,330,203,354,305,360,339,385,190,132,,203,,,378,346,342,143,416,241,104,401,410,297,438,346,202,193,234,180,281,137,142,431,426,416,337,392,115,101,182,206,367,152,319,395,375,239,219,368,320,341,388,416,,,272,219,,,382,174,351,384,380,390,374,251,310,172,424,342,246,247,237,242,265,145,290,232,397,200,341,411,,212,,,b'\x11\xe8\xe1I\xe8|\xc3\xb2\x9a\xbe\x12\xdf\x17\xaeN\x1e'
11E8E149-E87C-C3B2-9ABE-12DF17AE4E1E,2019-ncaa-d3-conf-CCIW,ncaa,8,8,7,8,8,9,9,9,5,5,8,4,8,8,8,7,5,5,7,5,3,9,9,5,5,6,6,7,3,6,5,8,8,8,8,7,4,4,7,6,5,5,5,5,,,3,3,,,6,9,4,6,7,6,7,5,5,8,7,4,2,2,6,5,5,7,8,5,7,4,5,,4,,,6,5,5,2,6,3,1,5,8,6,8,6,4,5,6,5,5,1,1,6,6,6,7,8,4,5,8,3,5,2,8,6,9,4,4,6,6,7,2,4,,,7,4,,,6,1,6,6,6,6,7,6,5,5,9,8,6,6,6,6,7,7,5,6,8,3,7,4,,5,,,b'\x11\xe8\xe1I\xe8|\xc3\xb2\x9a\xbe\x12\xdf\x17\xaeN\x1e'
11E8E149-E87C-C3B2-9ABE-12DF17AE4E1E,2019-ncaa-d3-natl,ncaa,306,274,365,308,380,294,308,383,159,286,375,116,287,291,278,212,190,131,351,140,27,364,370,171,167,200,201,259,91,340,281,374,241,379,282,260,146,171,299,231,282,239,270,207,,,133,255,,,272,365,169,323,198,235,333,214,312,242,217,94,40,43,244,217,274,319,323,169,282,233,230,,252,,,278,169,164,64,369,144,64,355,310,192,403,319,164,155,232,158,297,64,69,392,389,364,317,345,183,85,241,107,281,91,282,295,374,269,180,318,184,280,277,369,,,247,92,,,272,74,224,342,274,321,314,203,262,146,384,306,262,259,258,218,230,185,245,210,362,177,268,348,,97,,,b'\x11\xe8\xe1I\xe8|\xc3\xb2\x9a\xbe\x12\xdf\x17\xaeN\x1e'
11E8E149-E87C-C3B2-9ABE-12DF17AE4E1E,2020-ncaa-d3-conf-CCIW,ncaa,9,9,7,9,7,7,6,7,7,7,7,3,5,5,6,2,7,7,5,7,3,7,7,5,5,6,3,4,6,7,6,9,9,9,9,6,5,5,7,5,3,2,8,6,,,6,8,,,7,7,4,2,6,6,5,7,7,4,1,6,6,5,6,4,6,9,9,5,7,2,7,,8,,,7,4,3,1,8,2,2,6,7,5,9,7,5,4,8,4,8,2,3,8,9,6,7,7,7,4,9,2,6,2,9,6,9,3,2,4,6,7,6,9,,,8,7,,,7,3,7,5,7,8,5,2,4,2,7,7,8,7,7,3,7,7,2,3,9,2,6,6,,7,,,b'\x11\xe8\xe1I\xe8|\xc3\xb2\x9a\xbe\x12\xdf\x17\xaeN\x1e'
11E8E149-E87C-C3B2-9ABE-12DF17AE4E1E,2020-ncaa-d3-natl,ncaa,306,306,327,316,337,248,285,364,156,339,394,124,99,119,102,57,205,204,222,198,29,354,365,91,96,143,44,50,187,365,305,406,328,405,338,219,107,171,282,207,162,117,339,276,,,374,421,,,236,354,266,51,197,249,345,341,406,50,78,159,153,148,320,308,367,421,415,166,238,117,322,,415,,,236,158,110,40,325,75,33,313,312,206,385,331,288,316,184,300,408,52,85,369,380,295,391,348,328,136,328,61,305,76,338,263,382,141,66,200,149,234,327,417,,,240,99,,,236,86,192,283,227,254,199,77,119,37,340,274,342,350,342,115,186,202,122,139,312,77,191,353,,156,,,b'\x11\xe8\xe1I\xe8|\xc3\xb2\x9a\xbe\x12\xdf\x17\xaeN\x1e'
11E8E149-E87C-C3B2-9ABE-12DF17AE4E1E,2021-ncaa-d3-conf-CCIW,ncaa,4,5,3,5,4,2,2,5,4,4,7,3,2,2,3,2,4,4,6,5,4,4,5,3,4,3,2,2,8,8,8,7,6,7,7,3,4,3,3,2,3,4,2,1,,,4,2,,,5,5,6,7,4,4,6,5,8,3,3,5,6,7,6,8,9,9,9,4,2,4,4,,2,,,5,6,6,6,7,5,4,8,9,9,8,9,4,3,7,3,3,5,5,8,7,5,7,9,2,6,6,4,8,4,7,9,9,3,3,5,3,3,2,2,,,6,8,,,5,5,3,5,5,5,5,4,3,2,8,8,1,1,1,3,3,5,3,3,9,4,3,1,,9,,,b'\x11\xe8\xe1I\xe8|\xc3\xb2\x9a\xbe\x12\xdf\x17\xaeN\x1e'
11E8E149-E87C-C3B2-9ABE-12DF17AE4E1E,2021-ncaa-d3-natl,ncaa,63,183,47,123,53,58,59,66,80,85,100,50,34,40,78,38,71,67,162,68,66,64,72,53,61,69,66,53,183,107,196,84,167,94,176,44,48,206,125,66,55,87,53,52,,,199,95,,,118,67,210,110,127,126,223,177,260,56,69,160,150,152,225,246,243,240,254,75,82,106,100,,64,,,127,224,230,223,192,206,180,211,271,260,229,277,166,159,183,151,94,215,218,226,218,195,250,275,46,204,167,207,196,207,176,261,270,58,95,198,187,115,125,91,,,65,89,,,118,221,85,181,129,136,143,97,80,14,258,252,48,45,41,56,61,86,56,63,231,125,84,38,,147,,,b'\x11\xe8\xe1I\xe8|\xc3\xb2\x9a\xbe\x12\xdf\x17\xaeN\x1e'
11E8E149-E87C-C3B2-9ABE-12DF17AE4E1E,2022-ncaa-d3-conf-CCIW,ncaa,3,3,1,3,1,3,3,3,2,2,5,1,6,4,8,5,1,1,5,1,4,3,1,2,2,3,7,8,5,2,2,2,2,1,1,2,5,9,7,4,1,1,2,2,,,2,1,,,1,1,1,5,3,3,4,2,6,7,5,2,2,2,4,1,2,4,1,3,8,1,2,,1,,,1,2,3,4,3,3,3,3,8,9,6,8,1,2,1,2,1,4,9,2,2,1,6,9,1,3,2,4,2,4,1,6,9,1,1,1,8,5,7,5,,,1,4,,,1,9,3,1,1,2,2,3,1,2,7,7,1,1,1,2,6,1,3,3,5,1,8,5,,2,,,b'\x11\xe8\xe1I\xe8|\xc3\xb2\x9a\xbe\x12\xdf\x17\xaeN\x1e'
11E8E149-E87C-C3B2-9ABE-12DF17AE4E1E,2022-ncaa-d3-natl,ncaa,76,79,107,84,139,81,79,179,19,53,198,9,184,150,267,197,57,69,131,69,91,162,123,31,28,68,285,298,166,184,118,205,136,190,100,91,194,348,298,195,17,9,78,48,,,280,242,,,34,114,155,182,61,55,241,51,254,217,188,71,82,89,214,153,219,278,256,88,293,14,74,,240,,,26,104,114,143,131,79,104,107,287,261,305,326,95,117,90,115,208,127,279,165,138,30,340,372,148,133,136,106,118,114,100,241,368,18,8,34,304,251,159,156,,,56,76,,,34,312,79,21,33,49,68,43,42,34,253,210,59,73,74,31,200,97,43,54,186,14,264,127,,63,,,b'\x11\xe8\xe1I\xe8|\xc3\xb2\x9a\xbe\x12\xdf\x17\xaeN\x1e'
11E8E149-E87C-C3B2-9ABE-12DF17AE4E1E,2023-ncaa-d3-conf-CCIW,ncaa,3,2,4,2,4,4,4,5,1,1,4,1,6,9,5,9,2,2,4,2,5,5,5,1,1,1,9,9,6,6,2,5,4,5,1,2,4,7,8,2,2,2,2,2,,,2,3,,,2,5,7,1,1,1,5,1,4,6,9,3,4,4,5,5,7,5,5,1,7,2,2,,3,,,2,3,4,4,4,2,3,4,7,6,8,8,1,1,1,1,3,2,5,4,3,3,6,9,1,5,4,1,2,1,1,7,9,4,2,6,5,5,2,3,,,3,3,,,2,5,1,3,2,3,4,6,4,4,8,7,1,1,2,2,4,4,1,1,6,2,5,2,,3,,,b'\x11\xe8\xe1I\xe8|\xc3\xb2\x9a\xbe\x12\xdf\x17\xaeN\x1e'
11E8E149-E87C-C3B2-9ABE-12DF17AE4E1E,2023-ncaa-d3-natl,ncaa,107,113,109,119,127,79,55,203,8,40,156,7,188,239,110,279,128,145,139,144,181,192,178,14,14,30,343,319,279,238,144,227,140,237,105,69,181,247,241,110,42,29,131,97,,,216,220,,,49,157,235,117,61,41,256,38,200,216,285,142,161,160,246,246,274,306,310,61,224,37,144,,183,,,49,154,166,137,232,105,89,217,344,289,346,352,106,103,165,97,174,120,216,281,256,123,331,377,105,125,140,54,144,61,105,284,336,59,38,120,187,180,98,73,,,112,95,,,49,247,42,107,53,108,131,70,82,47,308,258,72,73,66,58,143,107,24,34,241,61,159,73,,117,,,b'\x11\xe8\xe1I\xe8|\xc3\xb2\x9a\xbe\x12\xdf\x17\xaeN\x1e'
11E8E149-E87C-C3B2-9ABE-12DF17AE4E1E,2024-ncaa-d3-conf-CCIW,ncaa,1,1,1,1,1,3,2,5,1,1,1,2,6,9,1,9,2,1,4,1,5,4,4,1,1,2,9,9,5,2,1,2,2,1,1,1,2,7,6,2,4,4,6,6,,,6,3,,,1,3,5,4,3,2,5,1,1,7,9,2,1,1,5,4,2,2,1,1,6,5,6,,4,,,1,3,4,7,2,4,8,5,4,8,1,8,2,4,1,4,3,7,7,1,1,2,3,5,4,8,2,1,1,1,1,3,2,5,5,4,7,5,3,2,,,4,6,,,1,7,1,2,1,1,2,6,4,3,2,8,2,3,3,3,5,4,1,1,1,5,6,2,,5,,,b'\x11\xe8\xe1I\xe8|\xc3\xb2\x9a\xbe\x12\xdf\x17\xaeN\x1e'
11E8E149-E87C-C3B2-9ABE-12DF17AE4E1E,2024-ncaa-d3-natl,ncaa,30,30,38,35,40,12,8,62,3,7,18,15,189,350,2,402,21,14,158,12,171,46,44,5,7,9,378,363,221,101,64,53,89,66,37,4,70,302,163,34,36,54,218,253,,,362,261,,,21,32,131,85,9,8,126,5,41,246,388,39,32,28,87,109,164,119,123,4,204,51,262,,274,,,21,359,369,358,299,370,311,370,232,359,47,282,231,261,98,259,191,359,376,282,257,202,87,140,120,206,89,117,64,146,37,284,128,55,97,124,301,186,137,37,,,45,164,,,21,390,9,151,30,206,269,203,286,165,147,269,136,170,169,172,245,104,18,38,195,102,220,81,,107,,,b'\x11\xe8\xe1I\xe8|\xc3\xb2\x9a\xbe\x12\xdf\x17\xaeN\x1e'
11E8E149-E87C-C3B2-9ABE-12DF17AE4E1E,2025-ncaa-d3-conf-CCIW,genius_ncaa,2,2,1,2,1,1,1,2,1,1,1,2,4,5,1,7,1,1,5,1,2,2,2,1,1,1,7,5,5,2,3,3,3,2,3,1,3,2,1,1,2,2,9,9,,,7,6,,9,2,1,2,3,1,1,2,1,2,5,5,1,1,1,2,2,3,4,4,1,1,2,9,,6,,9,2,8,8,8,6,7,6,8,7,6,6,6,3,3,8,3,3,6,8,8,8,6,4,6,3,3,3,4,3,4,3,8,4,2,2,2,1,1,2,1,,,1,3,,8,2,9,1,3,2,5,6,4,6,5,6,5,2,2,2,3,7,2,3,2,6,2,1,2,,2,,8,b'\x11\xe8\xe1I\xe8|\xc3\xb2\x9a\xbe\x12\xdf\x17\xaeN\x1e'
11E8E149-E87C-C3B2-9ABE-12DF17AE4E1E,2025-ncaa-d3-natl,genius_ncaa,82,94,55,92,62,15,14,82,4,14,52,10,139,254,22,340,36,44,81,43,162,68,84,7,7,3,347,323,231,204,167,275,62,245,124,43,216,149,74,33,31,24,410,413,,,342,327,,401,49,59,140,68,7,7,111,9,74,180,310,42,74,67,93,150,274,392,358,29,92,33,417,,297,,398,52,374,374,162,410,358,159,408,308,222,376,230,267,211,390,204,239,162,303,409,414,333,167,206,161,25,62,140,167,63,124,279,124,36,26,87,99,50,23,4,,,75,142,,227,49,355,7,251,55,289,300,60,291,73,257,143,213,145,140,53,166,17,69,32,222,40,68,13,,117,,259,b'\x11\xe8\xe1I\xe8|\xc3\xb2\x9a\xbe\x12\xdf\x17\xaeN\x1e'
11E8E149-E87C-C3B2-9ABE-12DF17AE4E1E,2026-ncaa-d3-conf-CCIW,genius_ncaa,1,1,1,1,2,2,1,2,2,1,1,5,2,4,3,6,5,5,7,4,6,2,2,3,4,2,5,4,8,1,1,2,1,1,2,1,2,4,2,1,4,6,2,3,,,2,1,,3,1,4,6,2,2,1,2,2,2,2,4,6,6,5,2,3,1,2,1,1,2,6,3,,1,,3,1,3,6,6,2,3,5,2,8,9,7,9,1,1,2,1,1,4,6,3,1,1,6,9,1,3,1,6,1,4,2,7,9,3,4,5,3,3,7,7,,,5,5,,5,1,7,2,1,1,1,4,5,1,4,8,9,1,1,1,2,4,1,5,3,7,4,3,7,,5,,5,b'\x11\xe8\xe1I\xe8|\xc3\xb2\x9a\xbe\x12\xdf\x17\xaeN\x1e'
11E8E149-E87C-C3B2-9ABE-12DF17AE4E1E,2026-ncaa-d3-natl,genius_ncaa,13,68,42,64,64,23,26,126,6,25,119,5,89,144,67,226,78,64,275,63,123,109,132,8,9,13,278,232,271,220,233,158,177,176,194,8,16,217,129,18,81,115,261,276,,,230,136,,156,54,111,311,113,64,57,307,63,265,148,252,163,152,158,287,354,335,335,361,13,78,152,324,,95,,123,69,290,294,271,282,244,203,283,360,354,310,371,187,152,302,155,154,250,293,316,296,212,307,359,94,221,177,223,233,216,194,309,253,49,59,143,203,134,210,163,,,41,27,,24,54,312,35,181,63,138,163,82,104,45,314,289,73,40,48,49,96,116,50,63,214,95,102,133,,83,,43,b'\x11\xe8\xe1I\xe8|\xc3\xb2\x9a\xbe\x12\xdf\x17\xaeN\x1e'
11E8E149-E881-0B52-9ABE-12DF17AE4E1E,2018-ncaa-d3-conf-CCIW,ncaa,3,3,3,3,3,3,3,3,3,5,6,4,1,2,1,2,7,8,1,8,9,4,6,3,2,2,2,2,8,7,6,2,3,4,5,4,6,1,2,3,8,9,5,5,,,4,4,,,3,6,8,1,3,3,4,7,7,1,2,7,8,8,4,9,7,2,4,4,1,9,6,,3,,,3,3,3,7,2,2,2,2,6,9,2,9,6,4,9,4,7,7,4,2,2,3,8,6,7,2,3,8,6,6,5,2,6,8,9,5,1,2,6,6,,,9,9,,,3,5,2,4,3,3,3,4,2,2,5,9,8,2,3,5,3,3,5,5,3,9,2,6,,9,,,b'\x11\xe8\xe1I\xe8\x81\x0bR\x9a\xbe\x12\xdf\x17\xaeN\x1e'
11E8E149-E881-0B52-9ABE-12DF17AE4E1E,2018-ncaa-d3-natl,ncaa,89,88,123,93,126,81,81,140,51,189,288,80,12,40,10,47,261,327,53,327,308,159,252,19,25,16,53,24,410,398,419,73,18,219,196,125,269,34,30,34,280,293,208,174,,,196,199,,,108,172,276,11,50,57,144,218,338,6,46,305,375,376,185,339,425,54,271,124,20,322,213,,143,,,106,279,223,235,194,146,111,240,383,399,212,413,308,204,443,232,311,237,201,258,289,318,404,383,286,50,18,325,419,191,196,249,249,281,295,295,30,31,228,265,,,360,393,,,108,273,32,245,107,225,187,196,112,70,362,391,286,167,184,180,110,37,286,164,218,346,23,209,,415,,,b'\x11\xe8\xe1I\xe8\x81\x0bR\x9a\xbe\x12\xdf\x17\xaeN\x1e'
11E8E149-E881-0B52-9ABE-12DF17AE4E1E,2019-ncaa-d3-conf-CCIW,ncaa,3,3,1,3,4,3,3,3,4,8,5,7,1,1,1,1,6,6,4,6,7,3,4,3,3,3,1,1,8,5,8,2,3,3,4,3,5,1,2,3,7,7,3,3,,,4,4,,,3,4,8,8,3,4,6,9,8,1,1,8,8,8,7,8,8,3,5,4,1,7,3,,2,,,3,4,4,8,2,2,3,2,8,9,3,9,5,4,8,4,4,7,6,3,2,3,9,9,5,8,3,7,8,8,4,4,8,7,7,7,2,2,4,5,,,8,8,,,3,6,3,3,3,2,2,5,1,1,7,9,4,3,3,3,1,4,4,4,4,7,2,2,,9,,,b'\x11\xe8\xe1I\xe8\x81\x0bR\x9a\xbe\x12\xdf\x17\xaeN\x1e'
11E8E149-E881-0B52-9ABE-12DF17AE4E1E,2019-ncaa-d3-natl,ncaa,118,134,67,137,119,79,97,127,102,232,268,183,15,43,8,48,215,283,38,286,252,152,215,40,41,26,25,24,360,334,383,90,80,186,229,118,219,43,25,42,251,288,74,58,,,272,257,,,102,166,333,346,93,133,207,312,363,13,57,265,351,352,252,387,396,119,279,140,22,319,92,,188,,,104,267,222,277,161,156,141,207,390,404,228,394,263,214,365,212,258,266,255,220,233,244,376,388,229,166,80,346,383,280,229,300,315,220,247,279,14,4,234,267,,,268,292,,,102,284,49,208,98,166,150,146,107,53,337,365,193,153,152,127,87,107,252,178,234,297,4,189,,368,,,b'\x11\xe8\xe1I\xe8\x81\x0bR\x9a\xbe\x12\xdf\x17\xaeN\x1e'
11E8E149-E881-0B52-9ABE-12DF17AE4E1E,2020-ncaa-d3-conf-CCIW,ncaa,7,6,7,7,7,8,8,9,2,8,9,4,6,7,1,4,8,9,1,9,7,9,9,2,2,3,4,3,7,9,8,7,4,8,5,9,9,2,5,6,7,6,5,3,,,1,4,,,6,9,9,2,7,7,8,8,8,5,7,8,9,9,9,9,9,7,8,9,2,7,5,,1,,,6,1,1,2,4,1,1,7,8,8,3,9,1,1,6,1,4,1,1,5,4,7,8,8,1,2,4,1,8,1,5,4,8,8,5,7,1,2,2,3,,,9,8,,,6,1,4,7,6,2,3,3,1,1,8,9,1,1,1,1,1,4,1,1,4,7,2,2,,9,,,b'\x11\xe8\xe1I\xe8\x81\x0bR\x9a\xbe\x12\xdf\x17\xaeN\x1e'
11E8E149-E881-0B52-9ABE-12DF17AE4E1E,2020-ncaa-d3-natl,ncaa,237,245,198,250,218,241,269,343,167,329,368,226,99,191,21,113,225,325,10,314,193,353,388,111,85,68,52,54,222,391,393,277,72,351,265,290,312,29,103,161,364,328,204,95,,,122,255,,,214,380,423,63,240,275,382,352,384,80,180,211,336,327,386,428,408,279,376,306,35,374,205,,122,,,215,147,124,67,281,33,19,293,423,408,384,434,86,70,334,67,293,56,44,370,362,362,429,434,105,44,72,158,393,86,265,263,365,347,272,351,9,15,163,267,,,357,228,,,214,57,125,313,216,180,159,81,36,8,423,405,91,65,65,49,19,45,181,111,271,364,4,179,,381,,,b'\x11\xe8\xe1I\xe8\x81\x0bR\x9a\xbe\x12\xdf\x17\xaeN\x1e'
11E8E149-E881-0B52-9ABE-12DF17AE4E1E,2021-ncaa-d3-conf-CCIW,ncaa,7,7,3,7,4,7,7,6,7,7,6,5,8,4,9,5,5,3,9,3,3,6,6,7,8,5,7,7,3,4,5,5,4,6,5,9,9,4,4,8,5,5,6,6,,,7,9,,,6,6,9,7,9,8,8,8,7,8,5,7,5,5,9,9,5,7,8,9,3,5,6,,7,,,6,5,5,3,6,2,2,5,7,8,7,7,5,5,5,5,8,3,4,6,6,6,9,7,5,4,4,6,5,5,5,6,8,4,4,4,3,4,6,7,,,5,1,,,6,4,5,6,6,3,2,2,1,1,7,7,5,5,5,1,1,3,6,5,5,5,3,7,,6,,,b'\x11\xe8\xe1I\xe8\x81\x0bR\x9a\xbe\x12\xdf\x17\xaeN\x1e'
11E8E149-E881-0B52-9ABE-12DF17AE4E1E,2021-ncaa-d3-natl,ncaa,128,262,32,197,40,68,69,58,148,77,80,104,63,44,189,67,76,55,242,56,73,56,56,141,162,156,124,111,162,61,176,61,139,58,172,94,206,217,134,165,69,132,106,144,,,264,276,,,177,60,264,110,211,206,245,209,254,146,107,196,150,155,245,264,187,222,228,214,75,169,191,,243,,,152,228,221,223,157,200,192,157,265,252,214,253,227,233,121,234,234,225,225,191,195,169,265,257,150,221,139,242,176,239,172,249,254,57,112,176,195,107,225,191,,,40,43,,,177,225,157,170,157,94,75,28,38,10,225,199,128,130,134,30,22,84,122,104,174,163,75,135,,116,,,b'\x11\xe8\xe1I\xe8\x81\x0bR\x9a\xbe\x12\xdf\x17\xaeN\x1e'
11E8E149-E881-0B52-9ABE-12DF17AE4E1E,2022-ncaa-d3-conf-CCIW,ncaa,6,5,7,6,8,9,9,9,9,9,8,9,4,3,7,2,6,5,5,7,1,8,9,9,9,8,1,2,1,6,6,8,4,8,6,9,9,1,6,9,8,5,8,7,,,1,7,,,4,9,9,4,9,9,9,9,8,3,2,6,4,4,8,9,5,5,6,9,3,7,8,,4,,,4,1,1,1,1,1,1,4,1,5,1,9,2,1,3,1,5,1,1,1,1,3,4,5,4,2,4,5,6,3,6,1,7,7,5,6,2,3,3,8,,,9,6,,,4,1,8,3,4,1,1,2,2,1,4,8,3,3,3,3,1,6,6,6,1,6,2,6,,8,,,b'\x11\xe8\xe1I\xe8\x81\x0bR\x9a\xbe\x12\xdf\x17\xaeN\x1e'
11E8E149-E881-0B52-9ABE-12DF17AE4E1E,2022-ncaa-d3-natl,ncaa,232,257,188,250,207,303,340,350,283,386,403,244,104,96,191,32,213,236,142,239,18,343,344,220,197,222,18,50,76,323,299,294,109,309,219,354,334,155,300,338,332,303,336,292,,,244,403,,,237,343,426,164,361,391,420,411,424,102,92,203,244,245,415,427,353,351,368,390,167,365,355,,255,,,238,92,74,71,208,46,33,257,314,306,251,404,126,113,271,115,328,64,70,261,255,257,389,391,218,59,109,136,299,99,219,207,354,294,217,286,72,147,120,307,,,279,120,,,237,85,239,231,240,73,69,16,36,6,311,303,123,107,112,8,4,47,106,69,179,330,62,105,,319,,,b'\x11\xe8\xe1I\xe8\x81\x0bR\x9a\xbe\x12\xdf\x17\xaeN\x1e'
11E8E149-E881-0B52-9ABE-12DF17AE4E1E,2023-ncaa-d3-conf-CCIW,ncaa,6,7,4,7,5,6,6,6,6,7,8,6,2,2,6,1,5,4,5,2,2,6,6,5,5,5,1,1,4,5,5,7,6,6,6,7,8,5,5,7,7,7,4,3,,,4,6,,,6,7,9,2,7,6,8,8,9,2,2,4,5,4,8,9,4,8,6,7,5,7,4,,5,,,6,5,5,2,5,4,1,5,6,7,6,9,6,6,7,6,6,3,2,6,7,7,7,8,6,6,6,4,5,2,6,7,8,7,7,7,4,6,4,8,,,8,4,,,6,2,5,7,6,6,5,4,5,1,7,8,6,5,5,5,1,6,4,5,6,7,3,4,,8,,,b'\x11\xe8\xe1I\xe8\x81\x0bR\x9a\xbe\x12\xdf\x17\xaeN\x1e'
11E8E149-E881-0B52-9ABE-12DF17AE4E1E,2023-ncaa-d3-natl,ncaa,270,325,109,298,145,211,261,249,273,334,374,218,65,44,174,26,151,114,280,105,16,231,265,200,203,191,18,30,119,261,302,218,161,249,272,285,272,148,168,243,300,311,225,180,,,340,387,,,258,250,349,196,259,319,335,388,413,61,44,163,127,117,309,360,302,292,318,312,114,348,239,,327,,,255,273,203,163,256,131,70,319,349,371,215,379,340,326,298,325,392,184,172,294,325,328,387,337,326,161,161,305,302,242,272,263,267,260,264,280,109,128,110,256,,,180,118,,,258,180,205,309,254,223,161,93,103,33,322,339,326,311,315,116,87,133,260,196,217,305,93,89,,214,,,b'\x11\xe8\xe1I\xe8\x81\x0bR\x9a\xbe\x12\xdf\x17\xaeN\x1e'
11E8E149-E881-0B52-9ABE-12DF17AE4E1E,2024-ncaa-d3-conf-CCIW,ncaa,7,6,7,7,7,6,5,7,4,7,7,5,3,3,4,4,7,7,6,7,8,7,7,4,4,4,4,3,9,7,4,7,5,7,4,6,7,3,5,5,7,6,5,5,,,4,7,,,4,7,9,2,5,4,6,6,6,2,3,7,7,7,6,6,6,5,6,6,4,6,5,,6,,,4,2,2,2,6,3,3,4,6,2,9,4,6,6,3,6,7,1,3,7,7,6,7,7,6,1,5,3,4,3,4,1,3,7,6,6,3,6,2,6,,,9,9,,,4,3,4,6,4,7,6,3,3,6,7,4,6,6,6,5,4,6,4,4,4,6,5,3,,9,,,b'\x11\xe8\xe1I\xe8\x81\x0bR\x9a\xbe\x12\xdf\x17\xaeN\x1e'
11E8E149-E881-0B52-9ABE-12DF17AE4E1E,2024-ncaa-d3-natl,ncaa,203,206,200,213,205,118,124,200,56,170,249,70,69,112,28,123,179,214,143,215,160,204,241,38,43,52,121,101,294,258,221,206,140,235,161,141,226,139,151,118,243,242,148,134,,,282,323,,,150,228,221,23,60,78,159,147,255,50,106,167,196,203,160,217,259,189,223,119,147,236,147,,306,,,148,284,228,150,297,180,129,271,353,249,382,273,331,349,219,344,365,184,166,332,344,340,362,327,311,124,140,134,221,117,161,213,183,237,220,232,167,179,159,204,,,254,271,,,150,202,64,312,149,304,241,167,193,135,352,277,343,356,354,202,202,134,143,130,215,231,174,173,,271,,,b'\x11\xe8\xe1I\xe8\x81\x0bR\x9a\xbe\x12\xdf\x17\xaeN\x1e'
11E8E149-E881-0B52-9ABE-12DF17AE4E1E,2025-ncaa-d3-conf-CCIW,genius_ncaa,4,3,5,4,6,7,7,7,8,8,8,4,5,4,5,1,9,9,9,9,4,7,6,5,5,6,3,3,7,3,4,4,2,4,2,4,2,5,5,5,7,7,4,4,,,2,3,,6,3,8,9,4,7,7,7,6,8,4,2,8,7,8,8,9,4,3,2,5,5,9,3,,1,,5,3,1,1,1,1,2,2,1,1,3,1,4,7,4,9,4,6,2,1,1,1,2,5,2,8,1,2,2,4,1,2,1,1,9,7,4,6,6,1,3,,,7,5,,1,3,2,5,2,3,2,1,1,4,4,1,2,6,5,5,2,1,3,2,1,1,8,6,1,,7,,1,b'\x11\xe8\xe1I\xe8\x81\x0bR\x9a\xbe\x12\xdf\x17\xaeN\x1e'
11E8E149-E881-0B52-9ABE-12DF17AE4E1E,2025-ncaa-d3-natl,genius_ncaa,102,94,116,106,132,168,158,260,61,171,271,41,150,157,154,131,225,211,232,206,137,254,244,67,81,114,201,173,274,231,145,229,71,235,86,164,212,218,253,195,217,187,228,215,,,174,230,,294,140,253,358,76,182,178,338,186,333,165,177,251,243,238,325,334,262,288,288,180,203,252,245,,141,,296,137,144,110,75,246,171,121,265,61,78,99,131,330,261,398,263,313,91,106,219,273,240,173,66,364,44,71,68,145,47,86,77,94,205,148,125,201,225,9,14,,,177,131,,36,140,149,125,188,143,108,89,34,147,82,50,53,322,248,248,45,45,42,47,35,69,242,185,4,,212,,38,b'\x11\xe8\xe1I\xe8\x81\x0bR\x9a\xbe\x12\xdf\x17\xaeN\x1e'
11E8E149-E881-0B52-9ABE-12DF17AE4E1E,2026-ncaa-d3-conf-CCIW,genius_ncaa,6,8,1,6,2,6,2,1,5,3,3,4,3,1,5,2,9,8,9,8,9,3,6,5,7,6,9,3,9,4,6,3,3,3,5,2,3,2,1,2,8,8,1,2,,,6,7,,3,8,6,8,2,7,2,1,4,5,3,1,9,9,9,3,7,4,3,3,2,1,8,2,,4,,3,7,8,7,6,7,7,6,7,6,6,4,6,8,8,6,8,6,7,3,8,6,9,2,4,6,4,3,9,6,7,5,7,6,9,9,9,2,2,5,5,,,7,9,,5,8,4,3,8,7,7,7,5,7,5,5,4,6,6,6,6,1,2,8,6,7,9,2,4,,9,,5,b'\x11\xe8\xe1I\xe8\x81\x0bR\x9a\xbe\x12\xdf\x17\xaeN\x1e'
11E8E149-E881-0B52-9ABE-12DF17AE4E1E,2026-ncaa-d3-natl,genius_ncaa,157,268,42,231,64,82,44,90,85,80,190,18,32,25,175,22,360,353,291,353,395,122,149,62,103,77,220,58,413,148,217,147,98,142,173,23,61,152,75,24,284,332,16,17,,,226,202,,197,184,149,394,113,181,108,201,168,351,67,49,412,411,410,313,386,261,325,309,45,33,377,29,,86,,133,192,315,301,266,302,294,257,277,312,285,322,233,322,276,382,280,246,268,254,315,329,353,268,241,257,147,98,286,217,240,173,204,54,256,309,244,173,111,55,35,,,202,288,,19,184,271,75,309,184,198,181,75,157,96,230,140,245,153,158,80,22,51,133,77,81,372,70,19,,362,,39,b'\x11\xe8\xe1I\xe8\x81\x0bR\x9a\xbe\x12\xdf\x17\xaeN\x1e'
11E8E149-E885-69C2-9ABE-12DF17AE4E1E,2018-ncaa-d3-conf-North Atlantic,ncaa,2,1,3,1,4,3,4,7,1,3,5,2,6,9,3,9,3,4,1,4,4,6,7,1,1,1,8,8,2,7,6,7,1,7,3,2,1,3,3,1,4,4,5,3,,,7,9,,,1,7,10,3,2,3,7,3,4,6,9,2,4,4,7,10,7,6,7,1,3,3,5,,6,,,1,1,1,1,1,1,1,1,1,1,2,4,4,4,2,4,9,1,1,1,2,1,7,3,9,1,1,1,6,1,3,1,5,3,1,1,1,3,2,4,,,4,2,,,1,4,1,1,1,1,1,2,1,2,1,1,4,4,4,1,2,2,2,2,1,2,3,3,,4,,,b'\x11\xe8\xe1I\xe8\x85i\xc2\x9a\xbe\x12\xdf\x17\xaeN\x1e'
11E8E149-E885-69C2-9ABE-12DF17AE4E1E,2018-ncaa-d3-natl,ncaa,52,37,123,43,135,143,178,232,112,160,175,156,217,304,76,316,53,103,25,102,113,201,235,118,75,82,194,278,59,249,207,127,9,166,52,69,11,144,158,52,144,114,264,201,,,339,400,,,30,221,326,63,141,195,310,168,216,226,326,38,102,104,264,316,281,117,201,46,117,159,290,,327,,,27,21,13,48,13,15,45,20,85,159,44,258,286,311,156,308,411,63,140,16,32,13,406,228,430,22,9,147,207,63,52,35,219,73,32,16,88,85,79,52,,,95,40,,,30,227,97,8,22,11,4,13,8,15,66,124,258,280,276,17,50,10,103,42,23,63,71,58,,86,,,b'\x11\xe8\xe1I\xe8\x85i\xc2\x9a\xbe\x12\xdf\x17\xaeN\x1e'
11E8E149-E885-69C2-9ABE-12DF17AE4E1E,2019-ncaa-d3-conf-Little East,ncaa,6,6,5,6,5,8,8,8,9,8,8,9,5,3,8,3,5,5,3,5,2,7,7,9,8,8,2,3,1,7,7,4,2,5,4,8,5,4,8,8,7,7,7,7,,,2,4,,,6,7,9,2,8,9,9,8,8,5,3,5,5,5,8,9,7,4,5,9,4,7,7,,3,,,6,1,1,3,4,3,2,7,3,6,1,9,2,2,2,2,6,2,2,5,3,4,3,3,2,2,2,6,7,2,4,3,7,7,8,7,9,8,5,8,,,3,2,,,6,3,8,4,6,2,2,2,3,1,3,8,2,3,3,2,2,2,4,2,4,7,8,5,,5,,,b'\x11\xe8\xe1I\xe8\x85i\xc2\x9a\xbe\x12\xdf\x17\xaeN\x1e'
11E8E149-E885-69C2-9ABE-12DF17AE4E1E,2019-ncaa-d3-natl,ncaa,169,185,129,179,135,353,353,342,350,378,373,346,189,164,270,82,337,362,191,361,258,358,339,326,327,345,91,84,257,361,355,174,35,272,175,295,136,281,352,327,339,315,318,299,,,142,233,,,209,323,427,23,404,408,414,414,404,220,191,368,389,388,427,428,395,206,326,352,247,370,341,,110,,,209,41,57,96,76,81,83,185,66,247,5,344,74,82,195,84,160,77,90,66,58,60,148,176,178,42,35,206,355,124,175,102,267,208,137,129,258,315,243,340,,,264,163,,,209,126,363,43,207,22,35,42,67,42,57,207,59,61,67,26,22,30,156,87,96,244,225,228,,311,,,b'\x11\xe8\xe1I\xe8\x85i\xc2\x9a\xbe\x12\xdf\x17\xaeN\x1e'
11E8E149-E885-69C2-9ABE-12DF17AE4E1E,2020-ncaa-d3-conf-Little East,ncaa,3,3,1,3,1,6,5,6,3,5,5,4,5,7,1,6,5,6,3,6,7,7,6,4,5,5,5,5,6,7,7,5,2,5,4,4,2,6,7,4,5,4,8,8,,,3,4,,,5,5,8,1,7,7,8,6,8,5,7,6,6,6,8,9,8,6,8,5,4,6,9,,2,,,5,5,3,4,5,2,2,5,9,7,7,8,4,4,8,4,7,4,5,6,6,5,8,9,5,3,2,5,7,2,4,6,7,4,4,6,5,6,4,3,,,5,5,,,5,5,5,5,5,4,3,1,2,1,8,7,4,3,4,1,2,2,4,2,5,6,4,2,,7,,,b'\x11\xe8\xe1I\xe8\x85i\xc2\x9a\xbe\x12\xdf\x17\xaeN\x1e'
11E8E149-E885-69C2-9ABE-12DF17AE4E1E,2020-ncaa-d3-natl,ncaa,134,163,65,158,73,244,235,271,197,201,162,244,276,346,112,330,243,237,220,231,284,266,263,205,209,240,291,284,235,238,209,201,187,224,185,204,172,237,277,235,251,244,279,252,,,235,287,,,217,267,424,85,329,313,394,273,255,311,371,293,313,310,396,405,304,304,319,251,178,299,308,,158,,,219,143,119,153,132,82,90,160,312,333,211,360,201,176,330,184,279,153,161,174,180,167,362,360,248,190,187,174,209,165,185,209,306,184,162,206,169,192,187,173,,,177,115,,,217,175,249,172,214,70,65,52,44,28,261,264,149,117,126,41,40,127,85,88,162,246,123,151,,252,,,b'\x11\xe8\xe1I\xe8\x85i\xc2\x9a\xbe\x12\xdf\x17\xaeN\x1e'
11E8E149-E885-69C2-9ABE-12DF17AE4E1E,2021-ncaa-d3-conf-Little East,ncaa,5,6,4,5,4,4,4,4,4,4,4,4,4,4,5,4,4,5,1,5,5,4,4,4,4,4,4,5,4,3,3,4,4,4,4,4,6,3,2,4,4,6,4,3,,,3,5,,,5,4,3,2,5,4,2,4,2,5,4,4,6,6,3,3,1,4,3,5,1,6,5,,5,,,4,3,3,3,4,2,2,4,5,4,5,5,4,4,4,4,6,3,3,4,5,5,6,6,5,2,4,3,3,2,4,4,6,4,4,4,5,4,4,5,,,4,5,,,5,3,4,4,4,4,4,3,2,1,6,5,6,6,6,3,4,3,5,4,5,5,4,5,,5,,,b'\x11\xe8\xe1I\xe8\x85i\xc2\x9a\xbe\x12\xdf\x17\xaeN\x1e'
11E8E149-E885-69C2-9ABE-12DF17AE4E1E,2021-ncaa-d3-natl,ncaa,148,183,146,182,146,167,154,146,199,144,133,211,153,154,147,173,185,194,66,193,267,158,163,198,203,183,199,142,228,120,111,164,111,155,136,147,121,106,101,113,165,175,125,62,,,128,142,,,132,168,236,21,199,164,110,154,86,169,177,239,260,252,158,195,87,182,142,146,76,188,119,,104,,,133,111,106,105,111,92,88,94,175,152,223,260,118,131,47,130,227,108,117,161,137,87,274,273,123,111,111,139,111,129,136,127,220,113,38,76,99,69,110,90,,,164,174,,,132,120,169,81,126,62,47,29,22,6,230,207,88,121,119,28,58,76,173,139,126,71,63,101,,193,,,b'\x11\xe8\xe1I\xe8\x85i\xc2\x9a\xbe\x12\xdf\x17\xaeN\x1e'
11E8E149-E885-69C2-9ABE-12DF17AE4E1E,2022-ncaa-d3-conf-Little East,ncaa,7,7,8,7,9,6,6,5,6,8,7,7,5,5,6,4,8,9,5,9,8,6,9,7,6,5,4,5,7,8,9,6,6,7,8,9,9,1,1,4,6,6,7,7,,,1,2,,,5,9,8,3,5,5,1,6,6,5,4,8,9,9,4,9,6,5,5,9,1,5,7,,2,,,5,2,5,3,4,3,3,4,4,5,5,6,2,2,2,2,4,3,1,4,4,5,5,6,4,6,6,7,9,7,8,4,5,8,6,6,1,2,8,8,,,9,9,,,5,1,5,6,5,5,6,5,6,6,5,6,3,4,3,5,4,7,9,9,6,7,2,8,,9,,,b'\x11\xe8\xe1I\xe8\x85i\xc2\x9a\xbe\x12\xdf\x17\xaeN\x1e'
11E8E149-E885-69C2-9ABE-12DF17AE4E1E,2022-ncaa-d3-natl,ncaa,210,210,250,222,262,272,268,203,349,273,229,340,187,130,301,132,306,337,171,337,337,230,302,336,339,255,180,155,263,254,334,145,124,197,274,351,405,26,19,219,181,151,299,294,,,95,111,,,146,303,291,61,293,277,100,290,190,184,113,309,341,346,131,283,232,54,130,367,17,165,314,,95,,,146,35,46,134,24,42,98,40,151,258,42,340,52,56,100,54,101,108,143,28,24,20,278,330,146,160,124,369,334,307,274,98,285,180,114,102,20,20,240,257,,,338,321,,,146,139,260,24,140,38,53,167,50,115,160,298,47,53,50,129,171,189,395,345,128,134,19,270,,355,,,b'\x11\xe8\xe1I\xe8\x85i\xc2\x9a\xbe\x12\xdf\x17\xaeN\x1e'
11E8E149-E885-69C2-9ABE-12DF17AE4E1E,2023-ncaa-d3-conf-Little East,ncaa,4,4,1,4,1,4,4,1,4,4,3,5,3,4,5,5,2,2,4,1,5,1,3,4,4,4,5,4,3,4,6,4,5,3,6,5,9,1,1,2,2,4,4,4,,,1,1,,,4,2,7,2,4,4,1,5,4,4,4,2,3,2,1,6,6,4,4,6,1,3,4,,1,,,4,6,7,8,3,4,5,3,9,7,8,8,2,1,8,1,1,7,8,4,3,4,8,9,1,6,5,9,6,8,6,6,7,2,3,6,1,1,8,6,,,1,2,,,4,8,4,4,4,3,4,6,4,2,8,7,2,1,1,4,5,5,8,6,5,4,1,7,,3,,,b'\x11\xe8\xe1I\xe8\x85i\xc2\x9a\xbe\x12\xdf\x17\xaeN\x1e'
11E8E149-E885-69C2-9ABE-12DF17AE4E1E,2023-ncaa-d3-natl,ncaa,107,131,63,128,66,153,164,87,274,152,78,291,190,177,259,275,117,104,205,105,225,82,152,290,278,169,246,264,144,229,354,56,81,118,277,227,317,26,6,73,149,167,131,135,,,107,65,,,107,131,317,39,218,221,127,190,117,246,239,158,156,158,133,309,293,89,198,284,6,198,160,,36,,,107,116,131,261,59,87,216,29,314,279,310,288,91,81,242,76,75,207,259,82,66,63,324,370,113,169,81,421,354,382,277,220,299,112,108,143,10,3,220,131,,,97,94,,,107,278,192,59,114,53,67,117,46,117,251,199,43,40,40,79,109,115,390,304,159,151,3,163,,147,,,b'\x11\xe8\xe1I\xe8\x85i\xc2\x9a\xbe\x12\xdf\x17\xaeN\x1e'
11E8E149-E885-69C2-9ABE-12DF17AE4E1E,2024-ncaa-d3-conf-Little East,ncaa,7,7,7,7,9,7,5,5,6,4,4,6,8,8,7,8,3,3,4,3,5,5,7,6,6,5,7,8,2,8,8,4,6,4,6,6,7,3,2,4,7,7,3,4,,,3,3,,,5,6,2,9,3,3,3,4,1,8,8,2,2,3,3,4,8,3,4,5,4,7,3,,4,,,5,4,6,7,3,7,7,4,4,5,3,6,5,4,7,4,2,7,5,3,3,4,3,4,4,6,6,8,8,9,6,2,1,7,7,6,4,6,9,8,,,6,3,,,5,4,5,4,5,7,8,9,8,9,5,6,5,5,5,9,8,8,9,9,4,7,7,9,,3,,,b'\x11\xe8\xe1I\xe8\x85i\xc2\x9a\xbe\x12\xdf\x17\xaeN\x1e'
11E8E149-E885-69C2-9ABE-12DF17AE4E1E,2024-ncaa-d3-natl,ncaa,251,275,200,264,290,241,231,172,297,146,54,342,369,392,280,408,130,180,82,185,343,174,229,341,330,252,369,391,88,241,328,78,179,136,262,263,308,84,85,185,323,344,88,118,,,102,63,,,235,213,158,403,255,238,121,129,30,381,398,116,165,168,121,194,241,23,84,270,99,331,73,,104,,,234,181,216,319,89,268,348,110,105,194,34,156,198,143,369,144,92,291,240,67,71,144,99,100,202,292,179,379,328,354,262,106,39,316,348,220,129,142,371,242,,,230,227,,,235,221,269,164,227,191,227,350,269,367,110,219,216,163,162,340,274,293,384,359,120,327,139,369,,229,,,b'\x11\xe8\xe1I\xe8\x85i\xc2\x9a\xbe\x12\xdf\x17\xaeN\x1e'
11E8E149-E885-69C2-9ABE-12DF17AE4E1E,2025-ncaa-d3-conf-Little East,genius_ncaa,7,7,7,7,7,6,5,5,7,4,2,7,8,7,6,8,3,3,3,3,7,5,5,7,7,6,8,8,2,9,9,5,3,8,4,5,5,6,6,5,8,8,6,9,,,2,1,,1,7,4,1,3,4,4,2,3,1,8,7,2,1,1,2,1,9,4,4,3,6,8,4,,2,,2,7,9,9,9,9,9,9,7,4,1,9,1,2,2,9,2,2,9,4,7,8,9,2,3,2,3,3,2,9,2,4,3,1,8,8,7,9,9,4,4,,,3,3,,9,7,6,7,8,7,9,9,9,9,9,5,3,3,2,2,9,8,3,7,4,4,8,9,7,,2,,9,b'\x11\xe8\xe1I\xe8\x85i\xc2\x9a\xbe\x12\xdf\x17\xaeN\x1e'
11E8E149-E885-69C2-9ABE-12DF17AE4E1E,2025-ncaa-d3-natl,genius_ncaa,312,319,290,317,343,282,292,182,359,204,49,390,376,394,221,409,103,69,283,65,216,157,147,376,363,345,350,390,28,282,264,127,42,189,108,259,176,249,219,277,407,417,278,341,,,63,34,,34,325,105,18,413,253,265,72,153,10,379,395,56,35,31,44,40,256,32,104,239,288,414,259,,68,,36,324,319,359,374,242,377,402,148,164,84,327,30,139,109,325,105,21,345,232,197,168,311,41,100,87,56,42,153,264,90,108,56,3,387,405,266,389,359,276,142,,,67,58,,348,325,286,350,249,325,353,376,397,386,410,208,131,174,135,130,391,336,98,231,156,95,394,381,311,,17,,351,b'\x11\xe8\xe1I\xe8\x85i\xc2\x9a\xbe\x12\xdf\x17\xaeN\x1e'
11E8E149-E885-69C2-9ABE-12DF17AE4E1E,2026-ncaa-d3-conf-Little East,genius_ncaa,6,7,1,6,2,5,6,2,8,5,2,8,5,6,2,9,5,1,8,1,4,2,2,8,8,8,6,6,4,3,4,3,2,3,3,3,5,9,7,6,3,6,6,7,,,9,9,,9,7,1,2,2,6,6,2,5,2,5,7,5,2,2,2,2,3,3,3,4,9,4,7,,9,,9,6,8,9,7,9,8,6,7,7,7,6,5,7,5,8,5,6,8,6,7,8,8,5,5,7,2,2,6,4,6,3,1,1,3,6,1,9,8,3,3,,,2,5,,4,7,7,7,6,6,7,8,5,7,5,6,5,7,4,4,6,4,2,6,4,1,4,8,3,,3,,4,b'\x11\xe8\xe1I\xe8\x85i\xc2\x9a\xbe\x12\xdf\x17\xaeN\x1e'
11E8E149-E885-69C2-9ABE-12DF17AE4E1E,2026-ncaa-d3-natl,genius_ncaa,288,200,327,282,337,359,338,362,215,303,296,254,352,376,189,353,373,325,406,327,282,359,349,243,287,301,369,313,322,325,186,348,13,350,80,302,117,144,306,250,352,267,399,407,,,117,325,,347,267,346,150,113,289,230,234,148,89,317,363,363,223,226,238,173,213,214,228,171,298,291,407,,278,,406,277,85,117,59,360,165,84,372,37,47,86,118,73,70,228,63,109,55,46,328,312,296,26,47,109,16,13,60,186,41,80,18,1,329,191,43,220,350,90,115,,,300,133,,291,267,68,303,209,274,237,294,160,344,232,69,89,128,126,115,143,120,11,155,58,13,235,345,137,,124,,279,b'\x11\xe8\xe1I\xe8\x85i\xc2\x9a\xbe\x12\xdf\x17\xaeN\x1e'
11E8E149-E889-BAAE-9ABE-12DF17AE4E1E,2018-ncaa-d3-conf-Landmark,ncaa,4,4,5,4,5,6,6,4,7,4,4,6,7,6,7,6,5,5,6,5,4,5,4,7,7,7,7,7,4,2,1,7,6,5,5,7,7,4,3,7,1,1,5,4,,,7,8,,,5,5,4,2,6,6,3,2,3,7,6,4,4,4,3,4,1,7,4,7,4,1,5,,8,,,5,1,1,1,4,1,1,5,5,5,5,8,6,7,4,6,8,1,2,4,5,1,8,7,8,3,6,2,1,4,5,1,7,1,1,1,3,3,2,2,,,5,5,,,5,4,6,2,5,2,1,1,1,1,6,7,6,8,8,1,3,5,5,6,4,1,3,2,,5,,,b'\x11\xe8\xe1I\xe8\x89\xba\xae\x9a\xbe\x12\xdf\x17\xaeN\x1e'
11E8E149-E889-BAAE-9ABE-12DF17AE4E1E,2018-ncaa-d3-natl,ncaa,138,114,197,130,198,275,258,189,320,200,138,312,338,308,368,324,238,281,128,268,336,205,237,346,330,299,336,345,181,138,166,345,235,266,263,282,306,144,161,251,28,9,214,120,,,252,320,,,120,266,336,7,282,266,156,186,101,342,306,236,287,276,162,213,114,381,275,302,164,15,202,,262,,,117,21,15,31,51,14,28,48,150,167,171,320,184,227,93,211,390,32,132,67,87,14,409,337,388,129,235,270,166,210,263,76,384,36,8,21,128,136,279,223,,,310,332,,,120,154,284,15,126,24,15,16,13,13,162,167,177,232,219,18,124,150,289,231,93,22,132,297,,333,,,b'\x11\xe8\xe1I\xe8\x89\xba\xae\x9a\xbe\x12\xdf\x17\xaeN\x1e'
11E8E149-E889-BAAE-9ABE-12DF17AE4E1E,2019-ncaa-d3-conf-Landmark,ncaa,3,4,3,4,3,4,4,4,6,4,3,3,8,7,8,7,3,3,5,3,2,4,3,6,7,6,8,8,3,4,4,4,6,5,5,6,5,8,7,7,1,1,3,2,,,7,7,,,3,3,2,2,4,6,5,4,4,8,8,3,3,3,4,2,4,5,5,6,7,1,2,,7,,,3,3,1,2,2,1,1,3,8,8,2,8,8,8,4,8,8,4,7,2,3,2,8,7,8,5,6,5,4,5,5,3,6,1,1,1,6,5,2,1,,,3,2,,,3,6,7,2,3,2,2,1,1,1,6,8,8,8,8,1,7,6,5,5,3,1,6,2,,3,,,b'\x11\xe8\xe1I\xe8\x89\xba\xae\x9a\xbe\x12\xdf\x17\xaeN\x1e'
11E8E149-E889-BAAE-9ABE-12DF17AE4E1E,2019-ncaa-d3-natl,ncaa,137,134,129,145,162,256,240,197,281,189,137,268,328,298,352,316,225,219,237,198,260,196,150,315,309,324,333,338,176,85,76,223,264,153,146,219,222,360,334,313,15,9,108,65,,,279,265,,,128,187,252,180,307,285,252,205,157,355,336,238,240,227,241,170,85,269,158,255,337,12,112,,244,,,127,52,31,92,36,21,60,52,213,294,97,369,181,240,64,248,374,97,250,55,54,15,402,374,330,269,264,181,76,207,146,84,300,37,19,17,203,164,223,184,,,171,212,,,128,250,301,25,135,29,20,38,11,24,185,273,162,206,214,43,191,249,135,162,84,22,171,197,,191,,,b'\x11\xe8\xe1I\xe8\x89\xba\xae\x9a\xbe\x12\xdf\x17\xaeN\x1e'
11E8E149-E889-BAAE-9ABE-12DF17AE4E1E,2020-ncaa-d3-conf-Landmark,ncaa,2,2,1,2,1,1,1,1,2,1,1,3,2,2,4,7,3,3,3,2,7,1,1,4,4,4,7,6,7,1,1,1,4,1,1,1,5,8,4,3,1,1,5,5,,,8,7,,,2,1,1,2,1,1,1,1,1,5,3,4,5,5,1,1,1,4,1,3,5,1,5,,7,,,2,5,6,7,3,5,7,5,2,8,2,5,7,7,1,7,7,8,8,2,2,1,5,3,5,7,4,6,1,6,1,3,1,1,1,1,3,2,8,5,,,2,8,,,2,8,2,2,2,3,2,3,3,3,2,5,5,6,6,3,8,3,4,4,2,1,2,7,,6,,,b'\x11\xe8\xe1I\xe8\x89\xba\xae\x9a\xbe\x12\xdf\x17\xaeN\x1e'
11E8E149-E889-BAAE-9ABE-12DF17AE4E1E,2020-ncaa-d3-natl,ncaa,48,46,65,50,94,80,61,67,105,38,35,135,220,282,139,354,93,149,53,146,325,69,57,144,125,152,345,336,231,67,57,182,216,107,115,79,175,351,247,174,16,19,217,233,,,410,360,,,69,62,139,196,90,74,110,43,46,271,328,131,215,200,118,101,80,288,175,98,288,23,248,,378,,,70,196,191,210,182,227,234,200,151,170,144,171,272,285,197,283,256,222,377,164,174,58,190,154,293,238,216,188,57,211,115,234,268,19,14,34,216,129,376,256,,,110,249,,,69,391,120,47,69,114,122,95,144,139,105,104,217,223,217,98,271,177,98,118,180,22,165,343,,175,,,b'\x11\xe8\xe1I\xe8\x89\xba\xae\x9a\xbe\x12\xdf\x17\xaeN\x1e'
11E8E149-E889-BAAE-9ABE-12DF17AE4E1E,2021-ncaa-d3-conf-Landmark,ncaa,1,2,1,2,1,1,1,1,2,1,1,3,2,2,2,3,1,1,5,1,1,1,1,3,3,3,2,2,3,1,4,1,4,1,4,1,3,4,2,1,1,1,4,4,,,5,1,,,2,1,2,5,2,2,3,2,2,2,3,3,1,1,2,3,3,4,4,3,2,1,4,,1,,,2,5,5,5,4,5,5,3,5,5,5,5,5,2,5,2,1,5,5,4,4,2,3,4,1,5,4,5,4,5,4,5,2,1,1,1,4,2,5,4,,,1,2,,,2,5,2,2,2,3,3,4,2,3,5,4,1,1,1,2,4,3,4,4,2,1,3,4,,2,,,b'\x11\xe8\xe1I\xe8\x89\xba\xae\x9a\xbe\x12\xdf\x17\xaeN\x1e'
11E8E149-E889-BAAE-9ABE-12DF17AE4E1E,2021-ncaa-d3-natl,ncaa,63,115,81,91,108,86,91,82,122,88,73,147,109,117,112,211,79,66,208,72,123,84,88,132,143,124,178,182,119,65,96,126,252,107,206,79,92,151,77,72,55,50,89,121,,,167,73,,,105,94,131,269,108,106,93,84,70,157,186,95,60,69,71,107,72,232,172,94,79,46,111,,95,,,120,193,199,190,164,210,205,136,166,163,174,107,157,126,281,127,37,180,199,157,157,119,88,119,89,229,252,202,96,210,206,200,133,59,52,92,140,87,271,270,,,78,64,,,105,192,101,141,117,144,165,170,177,194,122,98,97,47,47,130,188,230,171,205,171,46,87,278,,64,,,b'\x11\xe8\xe1I\xe8\x89\xba\xae\x9a\xbe\x12\xdf\x17\xaeN\x1e'
11E8E149-E889-BAAE-9ABE-12DF17AE4E1E,2022-ncaa-d3-conf-Landmark,ncaa,3,3,2,3,2,3,3,2,4,4,3,5,2,2,3,4,5,5,2,5,5,3,3,4,4,4,3,3,6,1,2,5,2,3,3,4,6,3,3,3,1,1,5,4,,,3,3,,,2,5,7,2,4,3,2,4,4,2,4,5,5,4,3,5,1,5,3,5,3,1,5,,3,,,2,2,2,3,3,3,2,6,2,5,2,7,1,2,3,2,3,3,5,3,3,2,3,4,4,4,2,3,2,5,3,2,4,1,1,1,1,1,4,3,,,5,6,,,2,5,3,2,2,2,2,2,3,2,1,5,1,2,2,2,2,3,3,4,2,1,1,3,,7,,,b'\x11\xe8\xe1I\xe8\x89\xba\xae\x9a\xbe\x12\xdf\x17\xaeN\x1e'
11E8E149-E889-BAAE-9ABE-12DF17AE4E1E,2022-ncaa-d3-natl,ncaa,62,55,107,61,116,116,108,127,125,119,112,163,119,175,77,227,157,264,7,265,342,147,159,123,107,108,224,189,259,59,29,199,250,124,109,165,302,177,146,173,35,28,125,132,,,200,157,,,48,216,329,75,120,116,137,122,140,139,212,186,319,319,174,222,70,267,151,196,139,37,144,,142,,,48,89,129,204,101,188,216,139,56,172,14,181,90,93,122,96,88,174,241,71,55,26,64,90,152,276,250,143,29,184,109,150,187,52,42,48,67,40,275,199,,,270,338,,,48,237,71,38,40,40,79,104,136,152,33,110,53,54,56,69,158,230,79,131,105,60,38,236,,345,,,b'\x11\xe8\xe1I\xe8\x89\xba\xae\x9a\xbe\x12\xdf\x17\xaeN\x1e'
11E8E149-E889-BAAE-9ABE-12DF17AE4E1E,2023-ncaa-d3-conf-Landmark,ncaa,3,3,3,3,3,3,3,2,5,4,3,5,3,3,3,6,5,5,5,5,6,4,4,5,5,4,5,4,7,4,6,4,2,4,5,6,6,2,2,3,2,1,6,6,,,7,7,,,3,4,2,3,3,3,1,4,2,3,3,5,5,5,2,3,4,4,6,6,2,1,6,,6,,,3,2,3,1,4,4,2,4,2,2,1,4,5,6,2,6,7,2,5,3,3,2,4,2,6,1,2,8,6,6,5,3,6,1,1,2,2,2,6,6,,,3,4,,,3,5,4,2,3,2,2,1,3,2,1,3,5,5,5,1,2,1,7,4,3,1,2,6,,4,,,b'\x11\xe8\xe1I\xe8\x89\xba\xae\x9a\xbe\x12\xdf\x17\xaeN\x1e'
11E8E149-E889-BAAE-9ABE-12DF17AE4E1E,2023-ncaa-d3-natl,ncaa,90,85,109,91,159,153,147,104,210,155,104,255,145,195,97,257,199,239,106,238,343,119,167,207,211,149,232,200,272,82,124,280,172,185,202,208,300,78,58,130,51,38,262,247,,,293,320,,,81,220,296,280,169,155,113,166,107,169,222,226,278,280,137,234,89,369,224,237,59,52,290,,266,,,75,78,79,61,201,103,104,180,100,83,225,142,167,211,57,223,293,68,188,184,169,52,201,178,270,135,172,282,124,212,202,143,270,40,16,33,65,57,338,266,,,157,155,,,81,217,121,47,70,46,54,15,76,60,74,55,131,184,188,20,108,113,240,167,126,39,58,328,,172,,,b'\x11\xe8\xe1I\xe8\x89\xba\xae\x9a\xbe\x12\xdf\x17\xaeN\x1e'
11E8E149-E889-BAAE-9ABE-12DF17AE4E1E,2024-ncaa-d3-conf-Landmark,ncaa,1,1,1,1,1,1,1,1,3,2,4,2,1,1,4,2,1,2,4,2,3,1,1,2,3,2,3,2,7,2,4,2,5,3,4,3,4,2,1,1,2,2,5,5,,,9,4,,,2,1,3,1,1,1,1,2,5,1,2,1,2,2,1,1,2,2,3,3,2,2,5,,5,,,2,2,2,8,2,2,5,3,4,10,1,10,6,9,2,8,8,8,10,2,2,2,8,6,9,8,5,8,4,8,4,3,3,1,2,2,4,3,5,3,,,1,5,,,2,10,2,2,2,2,2,5,2,4,3,9,5,5,6,6,8,8,4,6,3,1,4,4,,3,,,b'\x11\xe8\xe1I\xe8\x89\xba\xae\x9a\xbe\x12\xdf\x17\xaeN\x1e'
11E8E149-E889-BAAE-9ABE-12DF17AE4E1E,2024-ncaa-d3-natl,ncaa,9,7,17,10,18,17,19,20,63,36,64,49,23,30,74,110,72,87,121,89,231,24,33,46,51,37,169,123,330,38,88,32,255,28,143,38,211,193,42,48,28,46,34,51,,,368,208,,,15,29,193,89,25,27,53,75,176,48,65,157,199,205,65,131,78,121,85,57,72,43,70,,231,,,14,243,186,376,24,171,305,45,258,396,25,316,336,357,188,358,296,388,404,30,35,22,326,258,337,389,255,364,88,393,143,144,119,25,52,23,220,82,371,255,,,54,237,,,15,399,27,34,15,60,50,154,54,121,139,286,230,234,236,155,273,297,170,239,49,46,107,281,,186,,,b'\x11\xe8\xe1I\xe8\x89\xba\xae\x9a\xbe\x12\xdf\x17\xaeN\x1e'
11E8E149-E889-BAAE-9ABE-12DF17AE4E1E,2025-ncaa-d3-conf-Landmark,genius_ncaa,2,3,1,3,1,1,2,2,4,3,2,4,1,3,1,4,2,2,5,2,4,2,2,3,3,3,3,2,7,2,3,2,4,1,4,2,7,2,2,2,3,3,2,2,,,9,9,,8,2,2,4,7,4,3,2,5,4,2,4,3,4,4,2,3,3,3,3,4,2,3,3,,9,,5,2,3,2,7,2,2,7,2,5,7,3,5,7,7,4,7,6,8,9,2,2,2,8,6,8,6,4,7,3,7,4,4,5,2,3,2,2,2,7,6,,,2,7,,2,2,9,3,2,2,2,2,2,2,2,3,3,5,5,5,2,6,3,4,4,3,3,2,7,,6,,4,b'\x11\xe8\xe1I\xe8\x89\xba\xae\x9a\xbe\x12\xdf\x17\xaeN\x1e'
11E8E149-E889-BAAE-9ABE-12DF17AE4E1E,2025-ncaa-d3-natl,genius_ncaa,20,25,16,27,28,8,12,11,88,43,40,136,8,18,28,121,42,30,225,31,142,9,14,62,75,44,99,71,289,13,57,9,101,7,64,41,217,135,9,29,25,45,20,25,,,396,289,,319,8,19,115,258,19,26,28,90,116,18,51,93,83,83,27,73,31,39,20,58,43,45,30,,312,,275,10,265,179,380,21,115,340,16,324,360,187,256,366,353,284,357,287,387,396,32,44,30,386,326,348,303,101,387,57,378,64,228,252,31,71,54,91,16,355,223,,,63,275,,72,8,405,17,31,11,70,49,162,33,146,215,234,265,243,251,174,269,164,240,211,103,69,34,274,,184,,104,b'\x11\xe8\xe1I\xe8\x89\xba\xae\x9a\xbe\x12\xdf\x17\xaeN\x1e'
11E8E149-E889-BAAE-9ABE-12DF17AE4E1E,2026-ncaa-d3-conf-Landmark,genius_ncaa,1,1,1,1,1,2,2,1,4,3,3,4,1,1,2,3,1,1,9,1,3,1,1,4,4,3,5,5,7,1,2,3,2,1,2,2,6,2,1,2,1,1,4,3,,,10,10,,10,2,1,1,1,2,2,1,3,3,1,1,1,1,1,1,1,1,3,1,2,2,1,4,,10,,10,2,1,1,2,1,2,2,1,2,6,1,8,3,6,3,6,9,3,7,1,1,1,8,7,9,2,2,6,2,4,2,2,6,1,1,1,1,1,3,2,,,7,10,,6,2,10,2,1,2,1,1,2,2,2,2,6,3,6,6,3,7,2,6,4,2,1,1,3,,7,,6,b'\x11\xe8\xe1I\xe8\x89\xba\xae\x9a\xbe\x12\xdf\x17\xaeN\x1e'
11E8E149-E889-BAAE-9ABE-12DF17AE4E1E,2026-ncaa-d3-natl,genius_ncaa,98,68,215,92,244,180,148,171,161,181,219,148,99,113,139,90,295,274,311,272,284,194,248,140,176,108,162,86,369,88,66,238,108,166,88,118,132,60,22,30,70,28,134,75,,,325,410,,387,29,280,231,86,62,53,28,114,128,56,45,279,248,253,42,114,31,140,51,51,50,33,113,,398,,403,22,64,55,81,44,68,87,106,49,108,26,207,187,207,121,212,350,96,126,35,46,17,224,109,369,106,108,172,66,145,88,79,254,121,41,38,16,5,151,162,,,329,383,,291,29,142,61,19,19,28,24,47,54,75,41,118,241,283,289,71,160,132,250,192,77,52,6,175,,357,,304,b'\x11\xe8\xe1I\xe8\x89\xba\xae\x9a\xbe\x12\xdf\x17\xaeN\x1e'
11E8E149-E88E-1676-9ABE-12DF17AE4E1E,2018-ncaa-d3-conf-NEAC,ncaa,9,12,5,12,6,8,8,7,6,7,10,6,5,3,6,5,6,7,5,7,7,8,7,6,5,5,5,5,9,12,12,6,8,9,11,6,3,3,4,5,10,11,11,12,,,4,4,,,12,7,4,7,7,7,6,6,10,4,3,6,6,6,7,8,12,6,11,4,5,11,11,,5,,,12,14,14,13,14,14,11,14,11,12,10,8,6,5,14,6,4,12,10,14,14,14,2,8,4,9,8,12,12,10,11,13,7,8,11,13,12,11,10,12,,,7,6,,,12,8,8,14,11,14,14,13,14,9,12,11,7,6,6,12,9,8,11,10,13,11,11,10,,7,,,b'\x11\xe8\xe1I\xe8\x8e\x16v\x9a\xbe\x12\xdf\x17\xaeN\x1e'
11E8E149-E88E-1676-9ABE-12DF17AE4E1E,2018-ncaa-d3-conf-United East,ncaa,9,12,5,12,6,8,8,7,6,7,10,6,5,3,6,5,6,7,5,7,7,8,7,6,5,5,5,5,9,12,12,6,8,9,11,6,3,3,4,5,10,11,11,12,,,4,4,,,12,7,4,7,7,7,6,6,10,4,3,6,6,6,7,8,12,6,11,4,5,11,11,,5,,,12,14,14,13,14,14,11,14,11,12,10,8,6,5,14,6,4,12,10,14,14,14,2,8,4,9,8,12,12,10,11,13,7,8,11,13,12,11,10,12,,,7,6,,,12,8,8,14,11,14,14,13,14,9,12,11,7,6,6,12,9,8,11,10,13,11,11,10,,7,,,b'\x11\xe8\xe1I\xe8\x8e\x16v\x9a\xbe\x12\xdf\x17\xaeN\x1e'
11E8E149-E88E-1676-9ABE-12DF17AE4E1E,2018-ncaa-d3-natl,ncaa,299,279,363,301,374,205,211,208,218,236,253,243,130,163,104,142,256,281,177,287,288,223,278,184,189,149,147,117,309,265,307,242,212,262,274,183,165,71,90,98,347,358,393,407,,,76,61,,,289,267,51,277,80,82,41,146,112,76,84,176,187,202,53,73,195,63,101,88,154,310,394,,137,,,290,349,400,308,399,398,312,406,237,237,244,202,108,94,277,98,65,255,185,377,360,384,56,166,56,190,212,252,307,223,274,368,212,365,387,403,213,253,297,323,,,303,287,,,289,191,182,377,281,416,424,417,425,406,311,324,172,152,158,417,380,309,378,354,398,298,291,373,,179,,,b'\x11\xe8\xe1I\xe8\x8e\x16v\x9a\xbe\x12\xdf\x17\xaeN\x1e'
11E8E149-E88E-1676-9ABE-12DF17AE4E1E,2019-ncaa-d3-conf-NEAC,ncaa,8,7,7,8,8,8,7,7,9,8,7,9,3,3,6,4,11,9,10,9,9,7,8,8,9,9,4,3,12,5,6,6,10,5,7,3,1,4,6,3,10,10,11,11,,,3,4,,,8,10,7,2,7,6,3,7,7,3,3,11,9,9,4,5,4,2,3,2,7,10,11,,4,,,8,6,7,9,5,7,5,6,6,10,2,10,4,4,6,4,5,9,6,5,4,8,5,8,4,11,10,7,6,9,7,8,6,11,12,12,9,8,2,3,,,11,12,,,8,4,8,10,8,9,9,12,9,9,9,11,5,4,5,12,10,12,9,12,9,11,9,3,,11,,,b'\x11\xe8\xe1I\xe8\x8e\x16v\x9a\xbe\x12\xdf\x17\xaeN\x1e'
11E8E149-E88E-1676-9ABE-12DF17AE4E1E,2019-ncaa-d3-conf-United East,ncaa,8,7,7,8,8,8,7,7,9,8,7,9,3,3,6,4,11,9,10,9,9,7,8,8,9,9,4,3,12,5,6,6,10,5,7,3,1,4,6,3,10,10,11,11,,,3,4,,,8,10,7,2,7,6,3,7,7,3,3,11,9,9,4,5,4,2,3,2,7,10,11,,4,,,8,6,7,9,5,7,5,6,6,10,2,10,4,4,6,4,5,9,6,5,4,8,5,8,4,11,10,7,6,9,7,8,6,11,12,12,9,8,2,3,,,11,12,,,8,4,8,10,8,9,9,12,9,9,9,11,5,4,5,12,10,12,9,12,9,11,9,3,,11,,,b'\x11\xe8\xe1I\xe8\x8e\x16v\x9a\xbe\x12\xdf\x17\xaeN\x1e'
11E8E149-E88E-1676-9ABE-12DF17AE4E1E,2019-ncaa-d3-natl,ncaa,306,274,365,308,364,285,242,202,285,233,199,282,211,200,243,199,388,365,386,363,390,244,290,287,326,282,294,175,405,157,195,193,353,190,279,147,51,96,123,92,309,317,397,407,,,31,23,,,289,322,109,18,185,131,31,152,68,154,116,376,342,334,55,61,73,32,31,62,200,250,391,,58,,,296,207,302,347,163,275,279,215,310,371,127,348,50,51,111,51,43,300,191,178,124,237,134,323,36,398,353,260,195,338,279,325,296,380,411,405,305,334,86,84,,,410,431,,,289,122,264,316,289,357,390,431,360,401,384,421,82,96,98,423,406,420,389,412,388,353,370,140,,409,,,b'\x11\xe8\xe1I\xe8\x8e\x16v\x9a\xbe\x12\xdf\x17\xaeN\x1e'
11E8E149-E88E-1676-9ABE-12DF17AE4E1E,2020-ncaa-d3-conf-NEAC,ncaa,10,10,7,10,11,7,9,10,3,8,10,2,4,5,3,4,6,5,9,5,2,10,10,3,3,3,3,4,6,12,11,3,9,8,8,5,2,4,9,4,12,12,7,7,,,3,1,,,9,8,6,7,6,6,10,8,10,3,3,5,4,4,9,9,12,2,7,4,5,12,7,,6,,,9,7,8,12,3,8,9,3,10,11,4,9,2,3,2,3,3,12,7,4,2,8,7,9,3,12,9,8,11,10,8,7,5,12,12,11,7,8,2,3,,,5,1,,,9,5,6,10,9,10,10,12,8,10,11,12,3,5,5,12,12,12,9,12,9,12,8,2,,5,,,b'\x11\xe8\xe1I\xe8\x8e\x16v\x9a\xbe\x12\xdf\x17\xaeN\x1e'
11E8E149-E88E-1676-9ABE-12DF17AE4E1E,2020-ncaa-d3-conf-United East,ncaa,10,10,7,10,11,7,9,10,3,8,10,2,4,5,3,4,6,5,9,5,2,10,10,3,3,3,3,4,6,12,11,3,9,8,8,5,2,4,9,4,12,12,7,7,,,3,1,,,9,8,6,7,6,6,10,8,10,3,3,5,4,4,9,9,12,2,7,4,5,12,7,,6,,,9,7,8,12,3,8,9,3,10,11,4,9,2,3,2,3,3,12,7,4,2,8,7,9,3,12,9,8,11,10,8,7,5,12,12,11,7,8,2,3,,,5,1,,,9,5,6,10,9,10,10,12,8,10,11,12,3,5,5,12,12,12,9,12,9,12,8,2,,5,,,b'\x11\xe8\xe1I\xe8\x8e\x16v\x9a\xbe\x12\xdf\x17\xaeN\x1e'
11E8E149-E88E-1676-9ABE-12DF17AE4E1E,2020-ncaa-d3-natl,ncaa,324,329,327,332,357,229,238,318,145,284,361,107,119,134,133,86,271,250,296,247,107,311,323,112,133,164,115,96,291,420,427,94,327,278,355,128,22,205,275,131,378,408,279,314,,,67,36,,,317,220,53,303,170,169,238,251,351,79,85,228,204,198,234,205,430,20,212,55,268,372,263,,86,,,321,366,401,426,202,352,345,248,406,422,195,377,51,75,44,76,43,406,325,225,141,306,191,378,25,405,327,290,427,367,355,371,247,398,428,413,313,347,45,89,,,254,175,,,317,235,253,343,307,391,407,432,381,408,413,431,69,102,107,432,411,410,359,395,378,394,349,55,,174,,,b'\x11\xe8\xe1I\xe8\x8e\x16v\x9a\xbe\x12\xdf\x17\xaeN\x1e'
11E8E149-E88E-1676-9ABE-12DF17AE4E1E,2021-ncaa-d3-natl,ncaa,176,1,256,1,259,262,254,261,26,248,255,87,280,285,47,285,277,272,275,271,282,263,269,86,142,41,285,283,282,262,108,256,158,259,82,238,1,6,2,1,282,283,234,100,,,7,2,,,101,268,271,110,128,20,61,2,1,283,285,278,270,271,109,272,131,8,23,1,1,283,48,,2,,,34,14,17,25,6,19,27,11,18,23,18,87,5,6,227,6,1,22,18,6,2,17,19,95,9,27,158,18,108,23,82,22,215,273,277,262,6,4,16,10,,,272,279,,,101,18,38,28,28,13,47,250,99,267,30,100,3,1,1,188,65,243,90,177,120,279,2,17,,280,,,b'\x11\xe8\xe1I\xe8\x8e\x16v\x9a\xbe\x12\xdf\x17\xaeN\x1e'
11E8E149-E88E-1676-9ABE-12DF17AE4E1E,2022-ncaa-d3-conf-North Atlantic,ncaa,9,12,3,10,3,8,7,6,8,3,1,10,12,12,12,12,5,3,11,3,8,5,3,10,10,10,12,12,2,6,7,4,9,5,9,7,10,12,11,10,6,9,7,7,,,6,2,,,10,3,6,2,10,10,9,4,1,12,12,8,2,2,8,5,7,4,6,9,11,7,6,,4,,,10,11,11,12,8,11,10,9,11,12,1,11,7,5,10,5,3,12,12,8,7,8,3,4,2,12,9,11,7,12,9,11,10,3,9,9,12,10,9,7,,,2,3,,,10,10,10,8,10,9,10,11,9,10,9,12,4,3,3,10,10,11,9,10,9,5,10,8,,2,,,b'\x11\xe8\xe1I\xe8\x8e\x16v\x9a\xbe\x12\xdf\x17\xaeN\x1e'
11E8E149-E88E-1676-9ABE-12DF17AE4E1E,2022-ncaa-d3-natl,ncaa,364,385,250,375,251,359,311,289,328,155,38,375,426,424,428,429,328,185,420,187,349,275,193,394,399,403,429,429,171,291,339,206,397,247,376,258,129,423,403,373,185,259,187,254,,,155,51,,,395,148,50,11,392,334,282,104,11,429,429,334,130,135,258,70,290,119,203,261,414,168,168,,184,,,386,304,337,373,168,368,383,196,173,275,59,169,192,196,180,191,69,357,358,143,125,147,72,124,123,420,397,316,339,394,376,406,402,135,226,318,420,405,263,133,,,211,243,,,395,286,406,243,380,340,360,408,373,407,199,315,229,241,231,407,413,421,367,405,401,87,416,290,,145,,,b'\x11\xe8\xe1I\xe8\x8e\x16v\x9a\xbe\x12\xdf\x17\xaeN\x1e'
11E8E149-E88E-1676-9ABE-12DF17AE4E1E,2023-ncaa-d3-conf-North Atlantic,ncaa,10,10,8,10,10,11,11,11,11,12,11,10,10,9,11,4,10,10,9,10,6,10,9,11,11,11,3,5,3,10,10,8,11,8,10,10,1,10,11,10,12,12,7,9,,,2,1,,,11,9,4,7,11,11,11,12,11,10,7,9,9,8,10,8,10,6,7,10,11,12,7,,5,,,11,9,10,11,11,10,9,11,9,10,8,8,1,3,1,3,1,9,6,10,7,11,2,5,1,12,11,6,10,11,10,10,8,12,12,12,12,12,6,9,,,11,10,,,11,4,11,12,11,11,11,12,11,11,10,12,2,5,5,11,10,12,11,11,11,12,12,8,,10,,,b'\x11\xe8\xe1I\xe8\x8e\x16v\x9a\xbe\x12\xdf\x17\xaeN\x1e'
11E8E149-E88E-1676-9ABE-12DF17AE4E1E,2023-ncaa-d3-natl,ncaa,366,385,271,373,312,387,380,303,413,382,319,409,318,199,400,135,367,369,316,367,329,323,272,413,414,412,173,166,200,341,390,132,377,221,380,269,1,388,393,341,342,383,289,333,,,65,26,,,405,222,106,288,406,403,276,399,307,307,171,384,382,376,318,174,339,33,168,249,390,335,286,,71,,,400,320,382,394,223,369,348,292,342,400,92,347,28,80,2,79,43,382,296,216,119,245,80,301,15,415,377,386,390,410,380,390,350,360,402,403,405,395,192,275,,,389,419,,,405,199,412,327,401,350,387,417,374,389,360,412,30,96,93,412,380,413,406,414,390,356,399,217,,409,,,b'\x11\xe8\xe1I\xe8\x8e\x16v\x9a\xbe\x12\xdf\x17\xaeN\x1e'
11E8E149-E892-6406-9ABE-12DF17AE4E1E,2018-ncaa-d3-conf-CSAC,ncaa,11,11,7,11,7,11,11,9,11,12,11,12,4,4,8,3,10,10,12,10,5,11,10,11,11,12,1,2,6,10,11,10,6,11,11,11,9,10,10,12,11,11,7,7,,,7,8,,,10,8,6,3,11,11,8,12,11,4,4,10,9,10,10,8,10,8,11,11,10,11,7,,10,,,10,8,9,5,11,10,11,7,5,1,12,2,6,10,2,9,7,5,5,11,11,10,3,5,6,5,6,10,11,8,11,5,2,7,6,7,10,10,2,7,,,10,5,,,10,4,11,10,11,10,10,9,11,12,6,2,10,11,11,9,8,6,11,10,6,6,10,3,,7,,,b'\x11\xe8\xe1I\xe8\x92d\x06\x9a\xbe\x12\xdf\x17\xaeN\x1e'
11E8E149-E892-6406-9ABE-12DF17AE4E1E,2018-ncaa-d3-natl,ncaa,400,411,305,410,336,404,400,340,422,403,320,424,311,252,378,170,398,302,437,307,259,342,288,417,423,422,161,141,242,331,399,315,243,338,375,401,331,372,393,413,396,408,233,290,,,204,226,,,417,248,96,250,416,419,298,411,296,300,209,403,282,292,306,174,323,271,322,414,395,401,201,,278,,,415,290,342,201,377,388,372,310,93,28,399,20,226,282,55,266,157,213,190,338,324,338,42,50,178,164,243,371,399,305,375,239,118,277,281,287,350,363,94,143,,,276,247,,,417,211,422,318,408,356,374,333,404,411,127,35,277,357,330,342,324,225,406,358,299,249,365,103,,222,,,b'\x11\xe8\xe1I\xe8\x92d\x06\x9a\xbe\x12\xdf\x17\xaeN\x1e'
11E8E149-E892-6406-9ABE-12DF17AE4E1E,2019-ncaa-d3-conf-CSAC,ncaa,7,7,7,7,8,7,7,6,7,7,8,7,6,6,9,5,5,7,6,7,5,6,6,7,7,7,5,5,3,7,7,5,4,6,5,7,8,8,9,9,8,8,1,2,,,7,9,,,7,5,2,5,7,7,5,6,6,6,5,5,7,7,5,2,6,4,4,7,9,7,1,,9,,,7,3,3,1,4,6,9,4,1,1,5,1,9,9,6,9,6,3,3,3,4,5,3,1,9,3,4,3,7,3,5,2,1,7,5,2,9,9,3,5,,,6,6,,,7,4,7,5,7,6,5,4,8,9,1,1,9,9,9,8,7,4,5,4,2,4,9,4,,5,,,b'\x11\xe8\xe1I\xe8\x92d\x06\x9a\xbe\x12\xdf\x17\xaeN\x1e'
11E8E149-E892-6406-9ABE-12DF17AE4E1E,2019-ncaa-d3-natl,ncaa,356,361,317,365,345,408,409,354,423,403,365,410,337,211,423,108,414,392,427,391,339,369,270,418,424,429,216,163,335,319,311,249,243,290,274,380,185,431,431,423,317,324,104,161,,,220,249,,,402,247,85,320,424,423,342,415,351,326,165,425,391,393,378,129,277,139,220,391,432,295,86,,310,,,400,128,168,185,174,345,396,128,7,8,87,1,234,297,49,277,148,189,187,96,96,129,11,1,291,223,243,211,311,210,274,157,158,252,237,199,436,436,53,110,,,374,401,,,402,185,429,143,398,208,264,317,372,422,4,1,287,352,336,340,333,289,294,299,214,197,435,63,,389,,,b'\x11\xe8\xe1I\xe8\x92d\x06\x9a\xbe\x12\xdf\x17\xaeN\x1e'
11E8E149-E892-6406-9ABE-12DF17AE4E1E,2020-ncaa-d3-conf-CSAC,ncaa,6,6,6,6,10,8,9,9,9,9,8,8,5,4,7,4,9,8,5,8,7,9,8,7,7,7,4,4,5,7,7,10,3,9,7,7,3,4,7,7,9,8,1,1,,,10,10,,,7,9,7,6,8,9,8,9,7,5,4,8,8,8,8,6,5,10,9,7,6,8,1,,10,,,7,3,1,1,8,8,8,7,1,1,3,1,10,10,3,10,10,1,1,5,6,7,1,1,10,1,3,1,7,1,7,2,2,8,7,5,9,9,2,6,,,8,7,,,7,2,8,6,7,6,5,2,8,9,1,1,10,10,10,6,3,3,4,2,2,8,9,3,,7,,,b'\x11\xe8\xe1I\xe8\x92d\x06\x9a\xbe\x12\xdf\x17\xaeN\x1e'
11E8E149-E892-6406-9ABE-12DF17AE4E1E,2020-ncaa-d3-natl,ncaa,324,345,198,337,280,338,349,262,389,356,317,377,234,145,368,111,276,297,203,300,242,271,221,377,374,374,117,148,154,293,323,311,288,314,326,279,106,364,358,346,320,342,41,81,,,377,375,,,365,184,88,303,366,371,243,375,327,231,125,276,300,306,266,170,290,331,333,292,356,326,36,,395,,,361,301,268,202,298,387,394,233,17,13,217,2,416,426,82,428,370,291,259,210,237,284,49,2,403,210,288,279,323,263,326,149,74,245,290,199,402,387,48,68,,,273,305,,,365,279,382,268,354,307,287,240,382,414,11,7,424,433,433,328,311,229,301,273,163,238,388,47,,276,,,b'\x11\xe8\xe1I\xe8\x92d\x06\x9a\xbe\x12\xdf\x17\xaeN\x1e'
11E8E149-E892-6406-9ABE-12DF17AE4E1E,2022-ncaa-d3-conf-CSAC,ncaa,8,9,7,9,7,7,6,7,5,7,6,5,8,8,7,6,9,10,2,10,10,8,10,5,5,5,9,7,7,9,8,9,10,9,10,6,5,3,5,4,7,5,9,10,,,2,4,,,7,9,10,7,6,6,8,5,4,8,7,9,10,10,9,10,8,10,10,4,4,5,10,,4,,,7,6,6,4,9,7,5,5,4,2,10,2,3,3,3,3,4,4,4,9,8,9,3,4,3,7,10,4,8,6,10,4,3,7,6,5,4,4,4,4,,,10,10,,,7,3,6,10,7,5,7,6,5,9,6,1,4,6,6,4,3,8,7,7,3,6,4,3,,10,,,b'\x11\xe8\xe1I\xe8\x92d\x06\x9a\xbe\x12\xdf\x17\xaeN\x1e'
11E8E149-E892-6406-9ABE-12DF17AE4E1E,2022-ncaa-d3-natl,ncaa,328,290,345,332,366,368,343,336,330,299,246,346,354,358,314,310,383,401,120,401,416,350,363,346,350,340,349,293,329,287,248,381,401,368,367,244,51,107,256,204,210,132,411,414,,,24,25,,,300,369,272,290,354,307,185,233,103,336,321,383,408,407,257,263,204,391,328,167,236,122,410,,26,,,305,66,125,84,262,164,165,178,101,35,384,61,28,45,19,46,42,68,84,248,185,173,63,187,41,328,401,108,248,182,367,213,296,249,157,252,180,282,21,10,,,409,418,,,300,59,335,253,311,207,281,278,302,352,179,65,41,83,97,227,261,380,275,342,311,136,268,22,,420,,,b'\x11\xe8\xe1I\xe8\x92d\x06\x9a\xbe\x12\xdf\x17\xaeN\x1e'
11E8E149-E892-6406-9ABE-12DF17AE4E1E,2023-ncaa-d3-conf-CSAC,ncaa,8,7,10,8,10,9,9,10,9,10,9,9,5,4,6,4,10,10,5,10,6,10,10,8,7,7,4,4,6,9,8,10,10,10,10,9,7,3,8,7,8,6,10,10,,,1,2,,,7,10,10,10,9,9,8,10,9,4,4,10,10,10,9,10,8,10,10,9,5,8,10,,1,,,7,3,6,2,8,5,3,6,7,2,10,4,2,1,10,1,1,2,1,9,8,8,5,7,2,5,10,3,8,4,10,5,6,10,8,9,3,6,2,4,,,10,10,,,7,1,7,9,7,6,7,7,7,6,8,5,2,2,2,4,2,8,5,7,8,9,5,3,,10,,,b'\x11\xe8\xe1I\xe8\x92d\x06\x9a\xbe\x12\xdf\x17\xaeN\x1e'
11E8E149-E892-6406-9ABE-12DF17AE4E1E,2023-ncaa-d3-natl,ncaa,381,297,413,381,415,412,407,416,352,401,410,341,374,378,339,213,412,408,394,409,308,418,416,348,365,368,277,211,313,397,308,419,408,417,387,396,221,85,370,354,338,190,394,391,,,8,5,,,357,416,248,418,388,373,346,341,304,315,268,399,364,369,371,312,321,389,383,329,329,164,355,,4,,,368,23,63,26,304,98,78,237,65,29,374,106,10,9,111,9,5,17,19,291,216,252,25,210,9,220,408,22,308,42,387,189,341,398,283,371,109,340,15,70,,,418,402,,,357,14,370,328,370,289,363,367,370,393,249,163,14,14,13,315,276,390,252,352,374,244,313,40,,413,,,b'\x11\xe8\xe1I\xe8\x92d\x06\x9a\xbe\x12\xdf\x17\xaeN\x1e'
11E8E149-E892-6406-9ABE-12DF17AE4E1E,2024-ncaa-d3-conf-United East,ncaa,9,11,5,9,5,7,6,7,5,6,5,8,11,12,6,11,4,4,13,4,4,8,6,8,7,9,11,11,7,6,8,8,11,5,8,6,5,13,12,11,7,7,4,9,,,15,16,,,10,6,13,10,11,11,14,9,11,12,14,6,4,4,14,13,12,14,12,9,11,7,9,,14,,,10,11,11,11,12,12,11,6,7,3,10,3,14,16,3,16,15,10,12,8,9,7,6,4,14,11,11,7,8,10,8,9,5,6,8,5,12,11,9,6,,,3,3,,,10,12,11,7,10,5,4,4,9,11,5,3,13,16,16,4,4,9,4,4,4,8,10,5,,4,,,b'\x11\xe8\xe1I\xe8\x92d\x06\x9a\xbe\x12\xdf\x17\xaeN\x1e'
11E8E149-E892-6406-9ABE-12DF17AE4E1E,2024-ncaa-d3-natl,ncaa,251,162,392,222,400,353,337,387,172,280,317,182,385,398,312,373,294,248,366,248,143,383,379,222,220,295,363,369,123,315,132,383,315,370,201,284,117,252,357,301,208,101,312,304,,,115,285,,,211,384,115,396,252,226,282,133,121,360,372,152,79,81,241,120,192,243,215,178,369,89,262,,336,,,211,25,34,31,176,119,126,144,5,6,51,4,135,239,10,245,301,32,41,106,91,58,29,5,333,141,315,17,132,30,201,33,117,228,80,62,246,339,22,34,,,322,142,,,211,44,293,89,211,152,174,181,306,372,5,4,301,386,388,243,313,314,102,189,142,57,346,34,,99,,,b'\x11\xe8\xe1I\xe8\x92d\x06\x9a\xbe\x12\xdf\x17\xaeN\x1e'
11E8E149-E892-6406-9ABE-12DF17AE4E1E,2025-ncaa-d3-conf-United East,genius_ncaa,12,12,8,12,12,12,13,16,9,11,13,11,16,15,12,15,9,10,3,10,8,15,15,10,10,12,14,14,3,15,12,10,15,14,13,11,4,12,15,12,13,13,9,10,,,5,7,,12,12,15,16,15,14,14,16,12,13,16,15,6,8,8,16,17,15,11,16,10,11,13,9,,5,,12,12,7,9,6,12,11,8,13,8,5,8,8,5,5,11,5,7,5,6,12,10,12,8,8,6,11,15,6,12,6,13,12,14,12,10,13,10,13,2,1,,,6,3,,5,12,3,12,12,12,9,10,9,11,9,8,7,6,6,6,8,6,11,6,8,12,12,11,2,,4,,5,b'\x11\xe8\xe1I\xe8\x92d\x06\x9a\xbe\x12\xdf\x17\xaeN\x1e'
11E8E149-E892-6406-9ABE-12DF17AE4E1E,2025-ncaa-d3-natl,genius_ncaa,293,184,397,262,405,388,382,408,260,343,350,287,403,408,325,392,353,375,198,376,290,409,407,312,295,329,382,394,108,360,176,401,356,396,280,351,87,139,362,306,382,301,369,339,,,16,79,,122,271,409,284,410,354,331,373,206,136,393,400,235,242,249,372,291,232,297,274,239,334,293,321,,74,,230,285,8,19,17,180,42,38,193,17,15,90,107,17,29,34,29,97,14,15,151,98,123,50,93,121,173,356,10,176,24,280,114,360,354,173,272,168,351,1,1,,,374,100,,250,271,12,325,178,289,140,204,226,267,295,83,114,83,128,127,197,214,355,106,233,305,164,333,1,,158,,186,b'\x11\xe8\xe1I\xe8\x92d\x06\x9a\xbe\x12\xdf\x17\xaeN\x1e'
11E8E149-E892-6406-9ABE-12DF17AE4E1E,2026-ncaa-d3-conf-United East,genius_ncaa,2,8,1,8,1,1,1,2,6,2,4,4,1,1,6,2,12,9,13,9,13,2,2,6,6,8,11,4,14,4,11,2,11,3,12,2,7,11,8,8,1,4,1,1,,,9,3,,12,4,2,10,1,8,5,6,7,11,4,1,13,14,14,7,9,9,6,9,8,7,4,1,,3,,10,7,10,10,13,4,9,12,2,12,11,14,6,6,9,1,9,4,13,13,4,3,4,10,13,4,14,11,13,11,13,12,10,10,2,5,4,11,8,6,3,,,4,11,,4,4,13,9,5,6,4,5,11,3,11,11,5,1,3,3,9,8,11,11,12,5,5,7,4,,12,,5,b'\x11\xe8\xe1I\xe8\x92d\x06\x9a\xbe\x12\xdf\x17\xaeN\x1e'
11E8E149-E892-6406-9ABE-12DF17AE4E1E,2026-ncaa-d3-natl,genius_ncaa,157,200,116,194,139,202,187,148,257,197,194,229,132,106,245,128,249,113,408,113,111,149,121,251,292,310,168,132,299,124,225,111,307,117,278,195,260,346,322,312,29,40,100,164,,,218,101,,324,122,120,66,113,249,232,161,242,252,148,106,313,130,122,147,79,139,100,110,247,340,23,119,,176,,324,125,140,159,262,17,198,311,28,111,163,75,72,109,210,1,220,134,255,314,12,5,7,85,126,129,364,307,326,225,344,278,164,195,31,43,28,314,268,107,80,,,132,237,,262,122,295,305,10,139,45,82,244,131,313,65,95,52,164,176,231,352,356,350,358,117,21,305,68,,152,,296,b'\x11\xe8\xe1I\xe8\x92d\x06\x9a\xbe\x12\xdf\x17\xaeN\x1e'
11E8E149-E896-AD40-9ABE-12DF17AE4E1E,2010-ncaa-d0-natl,ncaa,338,340,241,340,278,340,343,335,329,344,335,333,217,219,221,77,309,305,229,308,81,337,287,309,307,342,36,64,70,316,277,335,342,334,335,319,85,345,345,344,318,317,169,173,,,192,251,,,344,265,180,283,340,345,341,343,334,201,196,297,296,299,342,258,311,338,336,321,345,307,158,,265,,,345,309,307,152,340,294,184,334,229,118,334,113,239,259,120,255,241,174,126,340,340,342,144,159,151,283,342,57,277,150,335,338,327,296,301,342,345,345,255,338,,,278,211,,,344,85,344,344,345,338,336,256,330,273,271,163,286,295,292,293,239,322,105,247,341,278,345,287,,253,,,b'\x11\xe8\xe1I\xe8\x96\xad@\x9a\xbe\x12\xdf\x17\xaeN\x1e'
11E8E149-E896-AD40-9ABE-12DF17AE4E1E,2010-ncaa-d1-conf-Summit League,ncaa,10,10,9,10,9,10,10,10,9,10,10,10,7,8,6,5,9,10,7,10,3,10,10,7,7,10,3,4,1,10,10,10,10,10,10,9,5,10,10,10,10,10,6,7,,,5,7,,,10,9,5,8,10,10,10,10,10,7,8,8,7,8,10,8,10,10,10,9,10,10,5,,9,,,10,8,9,3,10,10,6,10,6,3,9,3,8,9,3,9,7,5,4,10,10,10,4,3,6,9,10,2,10,7,10,9,9,8,8,10,10,10,10,10,,,10,3,,,10,2,10,10,10,10,10,8,10,9,6,4,10,10,10,10,9,10,4,8,10,8,10,10,,6,,,b'\x11\xe8\xe1I\xe8\x96\xad@\x9a\xbe\x12\xdf\x17\xaeN\x1e'
11E8E149-E896-AD40-9ABE-12DF17AE4E1E,2010-ncaa-d1-natl,ncaa,341,339,276,342,310,343,344,343,333,344,338,334,225,232,224,78,314,315,230,317,79,344,313,310,308,344,35,63,68,323,278,341,343,341,335,332,90,345,345,344,325,320,176,176,,,177,251,,,344,292,184,285,342,345,341,343,335,202,197,297,294,299,342,258,310,338,336,326,345,312,161,,265,,,345,304,300,133,340,291,163,334,221,104,335,112,225,250,121,247,243,156,109,340,341,343,140,157,152,280,343,38,278,125,335,338,327,317,305,342,345,345,249,338,,,293,208,,,344,57,345,344,345,338,337,257,331,277,271,164,287,297,297,295,239,323,107,248,341,280,345,291,,254,,,b'\x11\xe8\xe1I\xe8\x96\xad@\x9a\xbe\x12\xdf\x17\xaeN\x1e'
11E8E149-E896-AD40-9ABE-12DF17AE4E1E,2011-ncaa-d0-natl,ncaa,340,320,336,340,339,336,339,340,299,336,334,289,281,270,269,136,284,286,177,282,59,337,333,285,264,308,78,140,43,333,326,339,339,341,341,335,239,190,328,325,334,327,260,268,,,8,26,,,343,329,43,257,293,312,289,303,276,207,179,139,145,141,275,156,315,338,337,313,330,300,202,,85,,,342,284,335,100,343,340,165,342,133,61,320,101,30,21,244,24,29,61,26,343,343,343,5,76,8,141,339,45,326,69,341,318,183,337,332,343,330,342,116,294,,,310,118,,,343,18,328,342,342,341,341,340,342,340,277,204,134,112,118,337,315,319,307,328,342,299,342,247,,111,,,b'\x11\xe8\xe1I\xe8\x96\xad@\x9a\xbe\x12\xdf\x17\xaeN\x1e'
11E8E149-E896-AD40-9ABE-12DF17AE4E1E,2011-ncaa-d1-conf-Summit League,ncaa,10,10,9,10,9,10,10,10,10,10,10,10,8,8,9,5,7,7,6,6,2,10,8,9,9,10,3,7,1,10,10,10,10,10,10,10,9,10,10,10,9,10,8,9,,,3,3,,,10,8,3,5,10,10,10,10,9,8,6,5,4,4,10,4,9,10,10,10,10,9,8,,5,,,10,10,10,7,10,10,9,10,6,6,7,4,3,5,3,5,3,8,6,10,10,10,1,4,1,10,10,6,10,9,10,9,5,9,9,10,10,10,6,10,,,9,5,,,10,3,10,10,10,10,10,10,10,10,9,8,6,6,6,10,9,10,9,10,10,9,10,9,,5,,,b'\x11\xe8\xe1I\xe8\x96\xad@\x9a\xbe\x12\xdf\x17\xaeN\x1e'
11E8E149-E896-AD40-9ABE-12DF17AE4E1E,2011-ncaa-d1-natl,ncaa,341,320,341,341,342,341,342,340,303,340,338,294,286,278,268,131,291,300,174,299,58,341,342,288,267,313,77,136,44,336,328,342,341,342,342,340,244,168,329,327,337,328,266,269,,,5,27,,,343,339,44,260,297,314,293,307,280,208,179,139,144,140,277,163,316,339,338,317,332,304,206,,82,,,343,277,333,81,343,340,142,343,120,54,322,101,25,17,246,21,28,41,12,343,343,343,4,75,6,122,341,30,328,46,342,317,178,341,334,343,328,343,106,296,,,319,117,,,343,7,330,343,343,342,342,341,343,341,277,204,133,113,121,340,315,319,308,328,342,302,343,248,,114,,,b'\x11\xe8\xe1I\xe8\x96\xad@\x9a\xbe\x12\xdf\x17\xaeN\x1e'
11E8E149-E896-AD40-9ABE-12DF17AE4E1E,2018-ncaa-d3-conf-SCAC,ncaa,5,5,4,5,5,6,6,4,8,5,4,8,7,5,8,7,4,3,7,3,3,4,3,8,8,7,4,7,2,2,2,4,4,3,3,7,6,6,5,7,6,5,1,1,,,6,7,,,4,5,3,4,6,6,4,5,4,7,5,4,2,2,4,1,2,2,3,7,6,5,1,,7,,,4,3,2,4,2,4,7,2,1,2,1,2,7,7,7,7,5,5,5,2,2,3,2,1,8,3,4,5,2,5,3,2,3,5,4,3,7,7,6,4,,,2,2,,,4,4,7,3,4,2,2,4,7,7,1,2,8,8,8,5,6,4,6,5,2,4,7,5,,1,,,b'\x11\xe8\xe1I\xe8\x96\xad@\x9a\xbe\x12\xdf\x17\xaeN\x1e'
11E8E149-E896-AD40-9ABE-12DF17AE4E1E,2018-ncaa-d3-natl,ncaa,346,349,305,353,323,326,351,295,378,331,261,376,316,289,344,284,177,63,398,58,30,246,218,382,384,375,173,277,39,124,127,261,195,199,186,385,392,309,312,397,272,274,55,54,,,376,416,,,329,255,127,132,327,360,203,333,189,304,248,110,29,25,129,85,71,170,91,396,348,250,43,,423,,,326,198,120,120,197,194,220,178,69,70,163,59,420,415,297,409,404,179,164,160,244,263,250,47,435,161,195,217,127,188,186,143,194,254,248,211,401,402,359,386,,,54,11,,,329,180,358,254,332,277,196,211,263,303,92,93,432,430,428,303,292,219,303,273,204,222,413,391,,3,,,b'\x11\xe8\xe1I\xe8\x96\xad@\x9a\xbe\x12\xdf\x17\xaeN\x1e'
11E8E149-E896-AD40-9ABE-12DF17AE4E1E,2019-ncaa-d3-conf-SCAC,ncaa,6,6,7,6,7,7,7,8,6,7,7,5,7,7,7,8,1,1,9,1,1,7,7,6,6,6,4,8,1,6,5,7,5,7,5,7,5,7,8,7,5,4,2,2,,,5,9,,,6,7,3,4,6,7,8,6,7,7,7,1,1,1,6,3,5,4,5,7,8,4,2,,9,,,6,4,5,5,7,5,6,5,2,1,7,1,7,6,9,5,3,5,2,7,7,7,6,1,8,3,5,2,5,3,5,4,7,8,7,7,5,6,9,9,,,1,1,,,6,3,6,7,7,6,6,6,6,7,4,2,9,7,6,6,4,4,3,4,7,7,6,9,,1,,,b'\x11\xe8\xe1I\xe8\x96\xad@\x9a\xbe\x12\xdf\x17\xaeN\x1e'
11E8E149-E896-AD40-9ABE-12DF17AE4E1E,2019-ncaa-d3-natl,ncaa,338,331,317,349,359,329,369,394,284,369,393,249,277,265,290,184,117,32,413,32,2,357,315,275,270,331,76,210,13,348,308,262,251,311,263,338,202,372,405,386,290,293,94,111,,,257,301,,,360,277,117,417,316,376,409,374,394,254,220,59,7,7,339,183,324,171,259,339,403,270,66,,339,,,359,249,280,218,291,307,308,220,187,111,370,90,229,224,256,224,172,213,161,279,278,326,144,152,207,217,251,146,308,164,263,328,327,342,354,379,377,392,329,405,,,60,3,,,360,157,350,321,359,334,339,351,341,387,236,151,284,275,276,357,307,280,219,244,356,312,391,359,,4,,,b'\x11\xe8\xe1I\xe8\x96\xad@\x9a\xbe\x12\xdf\x17\xaeN\x1e'
11E8E149-E896-AD40-9ABE-12DF17AE4E1E,2020-ncaa-d3-conf-SCAC,ncaa,9,9,7,9,8,9,8,10,8,8,8,6,10,9,10,7,9,6,10,6,3,9,8,9,9,9,10,9,5,8,7,5,4,8,2,9,9,10,10,10,10,10,8,8,,,4,8,,,9,8,6,4,9,8,10,8,8,10,9,9,5,5,9,7,7,3,5,9,10,10,8,,6,,,9,6,7,7,6,5,4,7,9,9,6,8,4,3,5,3,3,5,1,7,7,10,6,10,3,3,4,1,7,1,2,6,3,10,10,10,10,10,5,8,,,6,4,,,9,1,9,8,9,8,8,10,7,7,9,9,6,5,4,10,3,7,2,5,6,10,10,5,,4,,,b'\x11\xe8\xe1I\xe8\x96\xad@\x9a\xbe\x12\xdf\x17\xaeN\x1e'
11E8E149-E896-AD40-9ABE-12DF17AE4E1E,2020-ncaa-d3-natl,ncaa,413,425,198,418,268,387,368,369,349,354,374,256,347,237,420,146,392,195,437,208,59,365,252,355,389,412,280,249,273,308,306,130,132,209,199,358,272,429,425,416,410,417,344,366,,,159,174,,,422,226,182,270,409,392,406,373,397,357,232,402,196,209,401,217,312,73,179,384,424,414,347,,184,,,417,399,404,358,350,362,251,364,402,392,332,349,184,208,131,202,178,345,177,376,354,421,250,334,81,183,132,233,306,206,199,367,226,421,434,430,435,432,205,325,,,217,171,,,422,195,414,406,418,387,391,373,358,291,390,389,200,230,225,370,217,201,241,239,354,435,429,228,,179,,,b'\x11\xe8\xe1I\xe8\x96\xad@\x9a\xbe\x12\xdf\x17\xaeN\x1e'
11E8E149-E896-AD40-9ABE-12DF17AE4E1E,2021-ncaa-d3-conf-SCAC,ncaa,9,8,7,9,7,8,8,7,9,7,7,8,9,7,9,6,8,7,9,8,6,7,7,9,9,9,7,7,5,8,9,7,6,7,9,7,5,4,6,7,7,6,7,7,,,4,9,,,9,7,4,2,9,9,5,8,5,9,5,7,6,6,5,4,7,5,5,7,6,7,7,,8,,,9,5,3,3,8,4,3,5,7,3,9,6,6,7,5,7,9,3,3,9,9,9,8,7,8,5,6,6,9,5,9,4,3,8,8,7,4,5,3,4,,,8,6,,,9,3,9,9,9,9,8,7,6,6,8,7,9,9,9,8,6,7,9,9,6,7,6,4,,5,,,b'\x11\xe8\xe1I\xe8\x96\xad@\x9a\xbe\x12\xdf\x17\xaeN\x1e'
11E8E149-E896-AD40-9ABE-12DF17AE4E1E,2021-ncaa-d3-natl,ncaa,215,238,146,237,146,173,171,147,245,160,143,232,164,129,245,125,168,146,257,152,163,150,153,250,252,245,168,159,147,170,257,131,149,147,231,172,154,134,156,196,176,237,147,161,,,154,185,,,264,149,98,21,232,219,113,206,132,192,110,204,150,156,115,104,193,60,120,202,165,216,153,,211,,,258,182,162,147,205,144,145,130,211,152,269,147,191,201,105,200,237,156,138,225,228,258,253,241,184,155,149,205,257,187,231,140,70,183,256,218,124,135,120,129,,,157,179,,,264,136,245,256,259,253,220,223,165,187,262,207,252,257,258,241,195,193,276,264,153,246,134,133,,160,,,b'\x11\xe8\xe1I\xe8\x96\xad@\x9a\xbe\x12\xdf\x17\xaeN\x1e'
11E8E149-E896-AD40-9ABE-12DF17AE4E1E,2022-ncaa-d3-conf-SCAC,ncaa,8,8,9,8,9,9,9,9,7,7,7,8,9,9,8,9,9,9,3,9,9,9,9,9,9,9,9,9,3,6,5,5,5,7,5,9,9,4,9,9,7,7,6,6,,,1,2,,,8,9,8,3,9,9,9,6,2,9,9,7,8,8,9,7,5,3,3,9,8,7,6,,3,,,8,1,3,3,5,4,3,5,2,4,3,5,3,3,3,3,3,3,1,5,5,7,1,5,3,7,5,1,5,2,5,3,5,9,7,9,6,9,2,3,,,9,8,,,8,1,8,8,9,7,7,8,7,7,4,7,4,5,4,7,3,8,4,6,7,7,8,3,,9,,,b'\x11\xe8\xe1I\xe8\x96\xad@\x9a\xbe\x12\xdf\x17\xaeN\x1e'
11E8E149-E896-AD40-9ABE-12DF17AE4E1E,2022-ncaa-d3-natl,ncaa,381,365,345,388,364,374,374,356,369,340,285,371,379,362,370,315,280,302,184,303,228,352,350,383,364,368,260,337,58,283,270,234,277,264,259,402,424,194,328,398,363,358,240,196,,,119,202,,,358,360,181,255,366,372,279,306,166,361,330,185,186,187,274,204,200,40,85,413,316,332,184,,250,,,360,142,139,161,155,119,85,249,269,342,81,386,149,163,134,155,274,152,98,174,156,272,302,326,190,276,277,143,270,184,259,186,213,394,401,372,236,329,139,185,,,377,360,,,358,79,363,319,357,308,302,376,251,238,360,417,265,285,283,381,303,361,329,349,287,380,315,210,,365,,,b'\x11\xe8\xe1I\xe8\x96\xad@\x9a\xbe\x12\xdf\x17\xaeN\x1e'
11E8E149-E896-AD40-9ABE-12DF17AE4E1E,2023-ncaa-d3-conf-SCAC,ncaa,8,8,8,8,9,9,9,8,9,8,5,9,9,9,9,9,5,4,6,4,3,6,8,9,9,9,7,9,1,5,6,9,7,7,8,9,8,3,5,9,6,6,9,9,,,5,6,,,9,8,3,7,8,9,5,7,1,9,9,2,2,2,4,3,3,6,3,9,6,6,8,,7,,,9,9,8,3,9,8,3,9,5,3,8,4,7,6,7,6,7,3,2,9,9,9,4,5,6,4,7,7,6,7,8,7,7,7,6,7,6,6,9,8,,,8,6,,,9,2,9,9,9,9,9,8,9,6,6,7,9,9,9,8,6,6,9,9,9,6,8,9,,5,,,b'\x11\xe8\xe1I\xe8\x96\xad@\x9a\xbe\x12\xdf\x17\xaeN\x1e'
11E8E149-E896-AD40-9ABE-12DF17AE4E1E,2023-ncaa-d3-natl,ncaa,396,372,397,402,397,383,390,362,407,338,211,407,404,396,410,392,175,154,261,144,134,338,330,414,401,391,300,404,6,185,172,384,363,345,319,399,372,227,317,390,272,234,383,363,,,246,359,,,389,360,39,123,325,353,109,258,33,402,377,34,26,23,66,30,49,255,122,389,369,152,362,,402,,,394,246,156,64,336,121,49,362,291,254,303,330,387,374,332,370,420,110,85,361,391,391,390,285,395,228,363,153,172,183,319,246,295,323,276,323,323,364,371,365,,,294,214,,,389,73,373,388,389,407,360,345,325,211,385,394,422,421,421,386,386,359,384,381,356,167,386,423,,74,,,b'\x11\xe8\xe1I\xe8\x96\xad@\x9a\xbe\x12\xdf\x17\xaeN\x1e'
11E8E149-E896-AD40-9ABE-12DF17AE4E1E,2024-ncaa-d3-conf-SCAC,ncaa,9,9,7,9,8,9,9,7,9,9,5,9,9,8,9,7,2,3,2,3,4,7,7,9,9,9,4,8,1,5,6,9,8,7,9,9,9,3,4,9,8,9,6,6,,,2,5,,,9,7,4,3,9,9,4,9,3,9,8,2,3,3,4,5,3,9,7,9,4,8,5,,6,,,9,9,9,5,9,9,4,9,8,7,9,7,4,5,4,5,6,5,3,9,9,9,6,8,1,6,8,8,6,7,9,9,8,9,9,9,3,3,9,8,,,9,6,,,9,2,9,9,9,9,9,8,9,8,9,7,6,7,8,8,5,6,9,9,9,9,3,9,,6,,,b'\x11\xe8\xe1I\xe8\x96\xad@\x9a\xbe\x12\xdf\x17\xaeN\x1e'
11E8E149-E896-AD40-9ABE-12DF17AE4E1E,2024-ncaa-d3-natl,ncaa,396,342,403,396,403,399,413,403,409,412,391,412,348,352,330,237,236,299,43,294,81,398,401,406,385,370,49,208,5,336,296,417,388,408,390,416,417,60,272,394,404,374,337,263,,,68,294,,,387,406,226,96,362,396,260,396,237,279,236,52,98,92,223,204,189,407,360,417,261,372,269,,305,,,394,124,118,27,406,99,22,400,263,107,418,311,184,177,237,174,383,27,24,417,418,418,327,336,235,111,388,85,296,87,390,287,400,396,331,399,40,180,228,377,,,391,243,,,387,22,363,412,394,396,372,263,337,175,406,344,382,382,381,307,250,327,385,365,400,316,181,384,,243,,,b'\x11\xe8\xe1I\xe8\x96\xad@\x9a\xbe\x12\xdf\x17\xaeN\x1e'
11E8E149-E896-AD40-9ABE-12DF17AE4E1E,2025-ncaa-d3-conf-SCAC,genius_ncaa,12,11,11,12,12,12,12,11,12,10,4,12,12,12,12,12,8,3,9,3,7,11,11,12,12,12,12,12,1,5,4,10,10,11,9,12,12,12,12,12,9,9,9,9,,,10,11,,3,12,11,4,7,12,12,11,7,2,12,12,4,1,1,11,4,3,9,7,12,12,9,9,,12,,4,12,9,8,4,10,7,2,11,10,7,11,11,11,9,9,9,12,5,3,11,12,12,12,10,10,6,10,4,4,4,9,9,11,10,9,11,10,11,12,12,,,11,10,,11,12,2,12,12,12,12,11,11,10,6,12,10,11,11,11,11,9,10,8,8,11,8,11,12,,9,,11,b'\x11\xe8\xe1I\xe8\x96\xad@\x9a\xbe\x12\xdf\x17\xaeN\x1e'
11E8E149-E896-AD40-9ABE-12DF17AE4E1E,2025-ncaa-d3-natl,genius_ncaa,393,384,345,396,354,363,371,342,375,283,152,382,411,407,410,414,103,80,251,86,129,319,288,392,375,377,378,415,3,149,84,387,349,324,252,401,412,323,356,398,233,224,359,337,,,397,418,,201,395,317,87,218,357,374,272,223,41,411,411,36,24,25,194,91,67,388,235,406,372,175,355,,416,,259,391,377,285,96,384,145,51,372,401,329,417,360,407,401,332,398,416,168,144,404,416,411,413,379,373,218,349,67,84,104,252,358,364,273,267,355,319,340,390,355,,,268,228,,327,395,135,367,398,388,398,367,269,265,118,414,372,416,413,412,345,330,297,203,238,374,196,355,405,,152,,312,b'\x11\xe8\xe1I\xe8\x96\xad@\x9a\xbe\x12\xdf\x17\xaeN\x1e'
11E8E149-E896-AD40-9ABE-12DF17AE4E1E,2026-ncaa-d3-conf-SCAC,genius_ncaa,2,1,3,1,3,3,4,3,4,4,4,4,3,3,3,2,3,3,2,3,2,3,3,3,3,3,2,3,1,3,1,3,3,3,2,4,3,1,3,4,1,1,3,2,,,1,1,,1,2,3,3,1,3,4,2,4,3,3,2,2,2,2,3,1,1,2,2,4,3,1,2,,1,,1,2,1,2,1,2,2,2,4,1,1,1,2,1,1,2,1,1,1,1,1,1,1,1,1,2,1,3,1,1,1,2,2,4,3,1,2,1,3,1,1,,,3,3,,2,2,1,3,1,2,1,2,1,3,3,1,2,1,1,1,1,2,3,2,2,4,1,3,1,,3,,2,b'\x11\xe8\xe1I\xe8\x96\xad@\x9a\xbe\x12\xdf\x17\xaeN\x1e'
11E8E149-E896-AD40-9ABE-12DF17AE4E1E,2026-ncaa-d3-natl,genius_ncaa,288,132,379,257,380,395,395,394,374,400,396,394,316,351,198,103,380,396,70,397,274,395,388,353,340,369,44,53,153,399,402,394,374,399,401,394,192,120,387,372,321,144,371,295,,,117,392,,156,355,382,157,63,372,384,339,403,348,171,167,288,346,360,363,217,373,372,394,348,376,114,304,,399,,316,382,69,49,27,363,46,24,337,111,42,373,217,219,194,259,186,409,33,34,377,400,365,356,239,385,95,374,63,402,69,401,58,174,337,128,179,117,347,107,324,,,396,361,,201,355,35,383,374,386,362,295,155,243,127,337,243,406,405,405,246,306,333,362,356,258,86,325,267,,360,,99,b'\x11\xe8\xe1I\xe8\x96\xad@\x9a\xbe\x12\xdf\x17\xaeN\x1e'
11E8E149-E89B-14CA-9ABE-12DF17AE4E1E,2018-ncaa-d3-conf-CSAC,ncaa,5,5,4,5,5,6,6,7,4,3,3,4,12,12,9,12,3,3,4,2,6,6,9,5,5,6,12,12,4,11,9,4,5,7,7,6,2,3,6,6,8,9,8,8,,,10,9,,,6,7,11,5,6,6,12,3,3,12,12,3,3,3,11,11,11,3,9,5,5,9,8,,9,,,6,4,3,7,3,3,6,3,8,8,3,10,8,7,8,7,10,8,7,3,3,6,11,9,10,8,5,4,9,6,7,3,5,8,10,5,3,4,3,4,,,5,3,,,6,6,6,6,6,4,3,7,3,3,8,9,9,8,7,6,4,9,4,6,4,10,3,2,,3,,,b'\x11\xe8\xe1I\xe8\x9b\x14\xca\x9a\xbe\x12\xdf\x17\xaeN\x1e'
11E8E149-E89B-14CA-9ABE-12DF17AE4E1E,2018-ncaa-d3-natl,ncaa,243,279,123,261,155,273,232,323,132,129,114,184,408,418,303,432,216,173,325,170,274,303,280,219,221,262,424,429,161,375,360,101,158,220,206,103,12,265,314,146,351,383,290,304,,,253,245,,,289,234,313,179,330,277,406,123,123,423,434,257,192,188,390,387,413,84,274,91,228,392,310,,210,,,287,236,216,324,121,171,202,169,324,390,103,386,241,232,273,232,251,308,252,134,142,232,330,336,228,272,158,174,360,203,206,266,287,321,372,338,253,293,58,28,,,130,47,,,289,236,303,231,279,193,181,271,144,157,296,379,199,182,184,248,180,231,139,169,227,385,235,42,,137,,,b'\x11\xe8\xe1I\xe8\x9b\x14\xca\x9a\xbe\x12\xdf\x17\xaeN\x1e'
11E8E149-E89B-14CA-9ABE-12DF17AE4E1E,2019-ncaa-d3-conf-CSAC,ncaa,6,4,5,6,6,5,5,8,2,3,4,2,8,9,3,8,4,5,3,5,4,8,8,2,2,4,8,8,2,8,8,5,3,7,4,3,1,6,6,5,7,7,5,5,,,6,8,,,6,7,8,8,4,4,8,3,5,8,9,3,3,3,8,8,8,6,8,3,6,8,6,,8,,,6,5,4,2,5,4,1,6,7,5,8,7,7,7,3,7,9,2,2,6,6,6,8,6,6,1,3,1,8,1,4,3,4,8,6,5,6,7,4,4,,,4,2,,,6,3,4,6,6,5,4,2,4,1,7,4,8,8,8,2,1,3,2,2,3,7,6,3,,4,,,b'\x11\xe8\xe1I\xe8\x9b\x14\xca\x9a\xbe\x12\xdf\x17\xaeN\x1e'
11E8E149-E89B-14CA-9ABE-12DF17AE4E1E,2019-ncaa-d3-natl,ncaa,263,304,129,285,177,352,322,368,231,230,232,231,411,413,374,386,314,312,253,310,320,370,292,300,297,379,409,403,203,334,261,154,135,243,134,223,61,425,428,370,329,335,333,346,,,273,304,,,340,255,354,228,403,379,433,259,280,423,422,347,358,357,431,385,369,164,290,261,414,351,362,,236,,,331,154,178,210,154,182,172,209,232,301,108,316,135,198,32,196,222,198,174,165,137,183,223,265,152,176,135,90,261,118,134,213,225,287,286,266,419,418,53,56,,,272,222,,,340,192,382,170,337,128,155,168,154,128,206,281,120,172,171,150,96,141,63,78,181,339,403,42,,321,,,b'\x11\xe8\xe1I\xe8\x9b\x14\xca\x9a\xbe\x12\xdf\x17\xaeN\x1e'
11E8E149-E89B-14CA-9ABE-12DF17AE4E1E,2020-ncaa-d3-conf-CSAC,ncaa,5,5,1,5,2,5,5,6,4,3,3,4,10,10,5,10,5,7,3,7,9,5,5,5,4,5,9,10,6,6,4,1,2,2,1,5,6,10,9,5,5,5,3,3,,,4,4,,,5,4,10,6,7,6,10,3,5,10,10,7,7,7,10,9,8,2,5,5,5,7,3,,2,,,5,1,2,3,2,1,1,3,8,9,6,10,2,4,1,4,8,2,5,4,3,3,10,10,4,3,2,5,4,2,1,3,4,5,5,2,5,7,6,4,,,5,5,,,5,7,5,3,5,1,1,1,1,1,7,8,1,2,2,1,1,2,1,1,3,6,5,5,,8,,,b'\x11\xe8\xe1I\xe8\x9b\x14\xca\x9a\xbe\x12\xdf\x17\xaeN\x1e'
11E8E149-E89B-14CA-9ABE-12DF17AE4E1E,2020-ncaa-d3-natl,ncaa,149,163,126,164,173,248,206,241,169,107,102,171,379,383,323,386,274,313,149,323,395,265,228,227,221,273,416,402,271,152,91,70,28,93,35,184,163,327,341,262,315,310,185,134,,,77,86,,,185,261,339,303,298,241,307,98,115,395,398,311,347,358,340,300,165,50,90,190,303,341,190,,45,,,186,80,87,158,85,51,75,90,340,368,225,392,86,160,14,158,259,146,123,123,99,117,377,400,138,86,28,87,91,73,35,84,127,259,242,153,240,245,58,33,,,277,302,,,185,166,258,101,186,64,79,115,35,42,312,338,66,143,135,101,68,70,59,45,83,292,220,45,,340,,,b'\x11\xe8\xe1I\xe8\x9b\x14\xca\x9a\xbe\x12\xdf\x17\xaeN\x1e'
11E8E149-E89B-14CA-9ABE-12DF17AE4E1E,2022-ncaa-d3-conf-Atlantic East,ncaa,7,7,4,7,7,7,7,7,7,7,7,7,5,5,4,3,7,7,6,7,6,7,7,7,7,7,3,2,7,7,7,6,5,7,7,7,4,7,7,7,7,7,5,5,,,1,1,,,7,6,3,6,7,7,7,7,6,5,4,7,7,7,7,7,7,6,7,7,7,7,5,,1,,,7,6,6,4,7,6,3,7,6,4,6,6,1,2,2,2,3,4,3,7,7,7,1,5,2,4,5,4,7,5,7,5,2,7,7,7,7,7,2,2,,,5,5,,,7,2,7,7,7,6,6,6,6,5,6,6,2,3,3,6,5,5,5,6,5,7,7,2,,5,,,b'\x11\xe8\xe1I\xe8\x9b\x14\xca\x9a\xbe\x12\xdf\x17\xaeN\x1e'
11E8E149-E89B-14CA-9ABE-12DF17AE4E1E,2022-ncaa-d3-natl,ncaa,328,318,300,340,333,348,336,352,270,345,352,286,224,228,186,126,372,393,115,391,350,365,348,251,259,314,168,118,322,360,356,305,289,342,317,246,60,274,376,287,386,392,299,306,,,79,106,,,362,333,245,290,355,333,362,348,352,191,193,382,409,409,391,339,360,236,316,214,338,392,301,,113,,,354,222,245,153,320,207,124,312,298,232,349,290,122,105,278,105,159,130,104,340,325,343,235,314,99,230,289,141,356,158,317,231,194,328,312,328,325,385,18,21,,,338,235,,,362,99,338,357,356,321,331,306,291,244,359,311,195,183,181,281,222,302,244,278,299,298,363,11,,306,,,b'\x11\xe8\xe1I\xe8\x9b\x14\xca\x9a\xbe\x12\xdf\x17\xaeN\x1e'
11E8E149-E89B-14CA-9ABE-12DF17AE4E1E,2023-ncaa-d3-conf-Atlantic East,ncaa,7,7,7,7,7,7,7,7,7,7,6,7,7,7,7,7,7,6,7,6,6,7,7,7,7,7,7,6,4,7,7,7,6,7,7,7,5,5,7,7,6,6,7,7,,,2,5,,,7,7,4,5,7,7,6,7,4,7,7,6,6,6,6,5,6,7,7,7,7,6,7,,6,,,7,5,5,2,7,2,1,7,6,7,6,7,5,3,6,3,6,1,1,7,7,7,7,7,3,3,6,3,7,3,7,4,4,6,5,6,6,7,2,3,,,7,5,,,7,1,7,7,7,7,7,5,5,2,7,7,7,6,7,6,5,4,6,6,5,5,7,3,,6,,,b'\x11\xe8\xe1I\xe8\x9b\x14\xca\x9a\xbe\x12\xdf\x17\xaeN\x1e'
11E8E149-E89B-14CA-9ABE-12DF17AE4E1E,2023-ncaa-d3-natl,ncaa,316,297,333,323,363,371,340,332,349,263,182,345,397,390,405,387,360,274,418,265,280,329,324,376,389,375,402,397,239,237,246,318,160,301,245,269,54,222,308,271,223,168,301,266,,,153,254,,,341,342,179,288,370,330,237,209,77,403,391,356,195,183,228,181,165,207,194,215,305,167,280,,265,,,338,110,99,72,224,87,61,257,221,220,221,323,215,164,372,160,282,73,75,245,270,247,313,296,281,92,160,205,246,147,245,110,154,252,174,177,221,282,38,27,,,319,278,,,341,93,365,231,339,247,214,199,177,125,290,301,287,237,236,202,215,156,335,269,187,173,277,46,,252,,,b'\x11\xe8\xe1I\xe8\x9b\x14\xca\x9a\xbe\x12\xdf\x17\xaeN\x1e'
11E8E149-E89B-14CA-9ABE-12DF17AE4E1E,2024-ncaa-d3-conf-Atlantic East,ncaa,4,4,2,4,2,3,3,1,4,3,1,5,6,6,4,6,1,1,4,1,1,1,1,5,4,4,5,6,1,3,4,2,3,2,4,2,2,5,4,4,5,5,2,4,,,5,4,,,5,1,1,1,3,5,3,4,1,5,6,1,1,1,1,1,3,3,3,2,4,5,3,,5,,,5,6,6,6,5,5,5,4,6,6,5,6,3,3,5,3,2,6,6,6,6,5,5,6,2,5,3,6,4,6,4,6,2,4,5,4,4,4,1,1,,,2,3,,,5,6,4,5,5,6,6,5,4,3,6,6,3,3,3,5,6,5,6,6,4,4,5,1,,2,,,b'\x11\xe8\xe1I\xe8\x9b\x14\xca\x9a\xbe\x12\xdf\x17\xaeN\x1e'
11E8E149-E89B-14CA-9ABE-12DF17AE4E1E,2024-ncaa-d3-natl,ncaa,162,139,296,156,321,211,182,239,115,100,79,160,373,395,272,405,193,162,291,158,271,227,260,182,191,187,403,405,182,171,86,266,145,228,105,136,90,157,185,126,294,275,218,200,,,189,269,,,186,291,180,169,156,112,137,34,38,376,394,135,104,98,117,137,114,198,140,77,207,269,204,,265,,,185,140,156,142,210,148,126,220,242,229,249,298,145,111,348,121,171,129,115,224,229,246,270,297,163,104,145,61,86,64,105,140,141,275,246,215,140,168,53,25,,,310,325,,,186,129,166,214,191,216,231,244,203,186,293,298,181,151,166,220,211,142,119,116,179,240,188,63,,290,,,b'\x11\xe8\xe1I\xe8\x9b\x14\xca\x9a\xbe\x12\xdf\x17\xaeN\x1e'
11E8E149-E89B-14CA-9ABE-12DF17AE4E1E,2025-ncaa-d3-conf-Atlantic East,genius_ncaa,4,4,4,4,4,2,2,2,1,1,1,3,6,6,3,6,4,3,6,3,6,2,3,2,4,2,6,6,5,3,3,5,4,3,3,1,1,1,1,1,4,4,5,5,,,5,6,,1,4,4,3,3,2,1,1,1,1,6,6,5,3,3,2,3,3,4,3,1,1,4,5,,6,,1,4,5,4,2,5,4,3,4,5,2,6,3,5,5,6,5,6,3,3,5,5,5,6,3,5,4,4,3,3,4,3,3,3,3,4,4,1,1,3,2,,,3,2,,1,4,3,2,6,4,5,5,1,3,4,5,3,6,5,5,5,4,4,5,4,3,4,1,3,,3,,1,b'\x11\xe8\xe1I\xe8\x9b\x14\xca\x9a\xbe\x12\xdf\x17\xaeN\x1e'
11E8E149-E89B-14CA-9ABE-12DF17AE4E1E,2025-ncaa-d3-natl,genius_ncaa,173,155,192,170,201,171,100,167,49,31,41,84,384,392,322,408,306,241,379,243,383,179,199,119,164,153,417,407,371,142,125,238,280,189,206,30,11,130,126,18,159,145,196,226,,,233,245,,122,161,237,230,50,144,46,109,10,20,392,398,321,239,237,122,170,125,229,161,8,156,139,200,,255,,125,159,164,179,159,224,257,260,197,73,62,184,62,233,251,161,251,226,173,197,181,187,166,100,70,247,265,280,165,125,208,206,121,102,152,145,127,193,198,152,51,,,273,299,,155,161,171,138,187,158,181,200,182,257,286,88,61,253,266,271,193,235,277,187,219,131,133,203,144,,282,,154,b'\x11\xe8\xe1I\xe8\x9b\x14\xca\x9a\xbe\x12\xdf\x17\xaeN\x1e'
11E8E149-E89B-14CA-9ABE-12DF17AE4E1E,2026-ncaa-d3-natl,genius_ncaa,225,132,327,194,337,334,306,340,168,181,206,181,408,397,408,409,295,298,233,295,328,336,344,269,270,253,416,416,176,177,27,337,130,293,44,340,352,80,180,255,376,326,384,394,,,82,226,,156,261,366,241,113,221,135,133,25,12,411,406,161,173,168,129,152,38,164,64,275,199,342,385,,196,,251,275,113,128,89,294,161,119,281,75,67,187,96,125,129,133,134,225,91,52,266,253,348,96,105,201,66,130,49,27,52,44,99,104,395,402,369,103,195,8,2,,,350,312,,363,261,54,200,322,259,294,313,287,336,322,147,140,255,290,305,301,157,145,88,98,231,405,209,3,,281,,348,b'\x11\xe8\xe1I\xe8\x9b\x14\xca\x9a\xbe\x12\xdf\x17\xaeN\x1e'
11E8E149-E89F-9626-9ABE-12DF17AE4E1E,2018-ncaa-d3-conf-American Rivers,ncaa,9,9,7,9,8,9,9,9,9,9,9,8,2,1,6,1,9,9,8,9,2,9,9,7,7,9,1,1,8,8,9,6,4,7,5,8,2,8,9,8,9,9,3,3,,,2,2,,,9,9,6,5,9,9,7,9,9,2,1,9,9,9,9,6,6,2,3,8,9,9,2,,2,,,9,4,7,6,7,8,8,5,5,2,7,1,2,2,1,2,2,5,1,7,5,8,1,6,1,4,4,5,9,4,5,7,5,9,9,9,8,9,7,9,,,9,8,,,9,1,9,8,9,6,8,9,8,9,6,3,2,2,2,9,4,6,6,6,7,9,9,8,,9,,,b'\x11\xe8\xe1I\xe8\x9f\x96&\x9a\xbe\x12\xdf\x17\xaeN\x1e'
11E8E149-E89F-9626-9ABE-12DF17AE4E1E,2018-ncaa-d3-natl,ncaa,320,349,197,335,264,191,228,258,199,389,427,120,8,6,74,2,325,341,218,346,54,281,227,68,82,175,1,1,387,375,400,95,108,214,242,128,45,368,377,238,405,430,102,123,,,150,108,,,334,162,89,303,172,235,243,408,443,3,6,345,365,369,286,189,392,35,185,94,368,423,95,,151,,,327,419,410,376,341,347,307,294,433,385,429,338,232,204,294,217,160,370,277,375,370,418,326,396,87,177,108,286,400,247,242,382,209,386,432,419,384,382,304,438,,,315,346,,,334,296,231,392,323,410,400,396,335,323,431,400,229,210,226,388,320,191,310,270,361,410,378,322,,337,,,b'\x11\xe8\xe1I\xe8\x9f\x96&\x9a\xbe\x12\xdf\x17\xaeN\x1e'
11E8E149-E89F-9626-9ABE-12DF17AE4E1E,2019-ncaa-d3-conf-American Rivers,ncaa,7,7,7,7,7,9,9,9,9,9,9,6,6,2,9,1,9,6,9,6,2,9,9,9,9,9,1,2,3,6,5,6,7,7,5,8,4,7,9,8,7,7,1,1,,,1,1,,,7,9,7,3,9,9,9,9,9,6,2,7,5,6,9,7,5,2,3,8,7,6,1,,2,,,7,2,3,4,3,3,5,2,4,4,3,5,2,1,9,1,1,2,1,3,2,3,4,5,3,6,7,4,5,5,5,4,5,7,7,6,9,9,7,9,,,7,5,,,7,1,9,5,7,4,5,8,6,8,4,7,3,3,3,8,5,7,5,7,5,7,9,7,,6,,,b'\x11\xe8\xe1I\xe8\x9f\x96&\x9a\xbe\x12\xdf\x17\xaeN\x1e'
11E8E149-E89F-9626-9ABE-12DF17AE4E1E,2019-ncaa-d3-natl,ncaa,338,361,215,356,230,312,345,306,371,406,425,185,76,12,375,3,257,235,312,237,6,299,205,308,306,364,10,25,154,184,203,194,208,201,200,223,31,410,410,358,150,141,47,30,,,111,87,,,352,208,168,78,339,381,332,421,440,47,7,251,216,225,323,146,167,150,142,210,415,135,38,,117,,,349,275,244,244,225,167,138,228,392,387,318,389,239,125,443,121,171,201,226,280,313,279,371,390,203,217,208,245,203,228,200,333,359,180,183,270,431,420,369,442,,,238,257,,,352,241,361,268,346,297,271,290,179,155,395,388,248,134,135,258,277,239,266,256,324,163,421,377,,217,,,b'\x11\xe8\xe1I\xe8\x9f\x96&\x9a\xbe\x12\xdf\x17\xaeN\x1e'
11E8E149-E89F-9626-9ABE-12DF17AE4E1E,2020-ncaa-d3-conf-American Rivers,ncaa,6,6,5,6,6,7,7,7,5,8,8,2,6,5,6,2,9,9,8,9,5,8,6,6,6,7,6,4,7,8,7,2,7,5,6,6,6,9,9,8,8,8,2,2,,,2,2,,,6,6,7,6,7,7,8,8,8,6,5,9,8,8,9,8,8,1,4,7,8,8,1,,3,,,6,5,4,9,2,5,8,2,3,6,3,4,8,8,4,8,5,9,6,2,2,4,6,3,9,8,7,2,7,7,6,5,6,9,9,7,9,9,7,8,,,8,5,,,6,4,7,6,6,6,6,7,6,7,6,5,7,7,7,8,6,8,3,6,5,9,9,7,,7,,,b'\x11\xe8\xe1I\xe8\x9f\x96&\x9a\xbe\x12\xdf\x17\xaeN\x1e'
11E8E149-E89F-9626-9ABE-12DF17AE4E1E,2020-ncaa-d3-natl,ncaa,170,163,198,177,320,188,165,328,24,220,379,11,86,106,94,56,309,312,247,309,152,332,250,18,27,134,144,86,381,363,311,157,297,252,232,155,174,397,401,296,180,198,30,21,,,146,114,,,224,186,130,419,149,121,343,203,401,56,92,314,319,321,349,216,377,99,255,131,395,163,16,,161,,,224,276,212,296,115,131,194,124,359,382,232,344,340,319,352,314,315,312,268,151,187,242,381,346,308,348,297,66,311,175,232,242,252,267,314,288,416,407,275,373,,,252,235,,,224,224,199,285,234,288,235,328,159,215,356,375,346,323,320,343,316,352,81,207,249,256,406,288,,241,,,b'\x11\xe8\xe1I\xe8\x9f\x96&\x9a\xbe\x12\xdf\x17\xaeN\x1e'
11E8E149-E89F-9626-9ABE-12DF17AE4E1E,2021-ncaa-d3-conf-American Rivers,ncaa,4,3,4,4,5,4,5,4,6,4,3,7,5,5,4,5,3,3,5,3,2,4,5,5,5,3,3,6,4,4,8,4,5,4,6,3,1,1,2,2,4,4,4,5,,,4,2,,,4,5,4,4,2,4,2,4,2,5,5,3,2,2,2,4,3,5,5,2,2,4,4,,3,,,4,4,3,6,4,6,6,5,2,5,1,4,6,6,9,5,4,5,5,3,4,4,2,2,7,7,5,7,8,7,6,2,4,6,6,5,1,1,8,6,,,5,4,,,4,5,4,4,4,3,3,6,6,8,3,4,6,5,4,6,7,6,9,9,3,5,1,8,,3,,,b'\x11\xe8\xe1I\xe8\x9f\x96&\x9a\xbe\x12\xdf\x17\xaeN\x1e'
11E8E149-E89F-9626-9ABE-12DF17AE4E1E,2021-ncaa-d3-natl,ncaa,80,115,112,101,122,98,109,113,114,131,135,124,63,77,75,63,82,92,104,91,62,109,118,95,83,82,44,60,108,145,218,122,123,132,195,61,14,142,109,42,61,31,89,69,,,136,46,,,81,111,70,70,63,101,96,161,183,39,50,61,61,67,73,94,188,146,176,24,116,27,77,,61,,,97,165,156,162,133,161,141,197,155,186,69,236,185,166,268,163,175,163,163,129,152,126,164,138,199,151,123,193,218,174,195,156,137,80,68,88,164,156,210,236,,,111,119,,,81,172,96,117,99,153,135,150,135,91,154,224,204,147,146,148,190,118,208,181,144,59,159,236,,95,,,b'\x11\xe8\xe1I\xe8\x9f\x96&\x9a\xbe\x12\xdf\x17\xaeN\x1e'
11E8E149-E89F-9626-9ABE-12DF17AE4E1E,2022-ncaa-d3-conf-American Rivers,ncaa,8,5,9,8,9,8,8,9,7,9,9,4,6,6,8,3,8,6,8,6,2,9,9,7,7,7,4,6,4,9,9,5,8,7,7,6,1,7,8,6,8,8,3,3,,,1,3,,,7,9,3,5,7,7,9,7,9,6,4,6,4,4,9,7,9,1,4,5,8,8,2,,2,,,7,1,2,5,3,2,6,3,3,6,3,7,3,1,7,1,1,5,2,3,3,6,6,7,3,7,8,2,9,7,7,7,7,9,9,9,8,9,5,9,,,9,6,,,7,2,7,6,7,8,9,9,8,9,9,9,3,3,3,9,8,9,8,9,9,8,9,7,,6,,,b'\x11\xe8\xe1I\xe8\x9f\x96&\x9a\xbe\x12\xdf\x17\xaeN\x1e'
11E8E149-E89F-9626-9ABE-12DF17AE4E1E,2022-ncaa-d3-natl,ncaa,328,257,376,323,383,372,369,401,220,388,418,55,232,163,331,27,360,349,358,350,39,399,392,188,204,286,99,93,232,410,400,320,225,373,300,249,7,229,386,271,367,330,162,93,,,28,44,,,359,378,145,290,325,326,395,358,419,137,63,310,248,251,391,305,413,91,293,135,365,307,78,,57,,,369,155,178,130,258,98,70,275,378,332,343,403,49,33,352,32,78,98,57,312,293,378,344,409,49,120,225,62,400,74,300,314,380,409,413,419,407,421,104,371,,,394,331,,,359,53,336,374,367,368,367,392,279,257,419,422,138,94,87,379,287,293,234,268,390,407,421,200,,370,,,b'\x11\xe8\xe1I\xe8\x9f\x96&\x9a\xbe\x12\xdf\x17\xaeN\x1e'
11E8E149-E89F-9626-9ABE-12DF17AE4E1E,2023-ncaa-d3-conf-American Rivers,ncaa,7,7,7,7,7,8,7,5,8,8,5,8,5,4,7,4,8,8,6,8,9,5,6,8,8,8,7,4,9,3,4,2,5,2,5,4,1,3,4,4,8,8,2,4,,,3,5,,,7,8,6,2,8,4,1,6,2,4,3,8,8,8,3,1,1,1,1,3,4,8,1,,6,,,7,4,4,6,4,5,7,4,1,1,4,1,5,5,4,5,3,6,1,4,3,6,2,2,6,6,5,6,4,6,5,4,3,9,9,8,6,6,4,4,,,8,8,,,7,1,8,7,7,6,6,9,6,9,5,3,6,6,6,8,6,7,8,7,5,9,6,5,,8,,,b'\x11\xe8\xe1I\xe8\x9f\x96&\x9a\xbe\x12\xdf\x17\xaeN\x1e'
11E8E149-E89F-9626-9ABE-12DF17AE4E1E,2023-ncaa-d3-natl,ncaa,289,297,271,303,272,203,210,155,269,275,314,199,66,39,239,27,307,358,89,360,310,194,215,214,237,215,72,34,370,176,232,138,183,162,219,103,31,155,158,104,345,359,135,152,,,156,162,,,296,233,172,9,142,151,55,263,298,43,22,310,363,367,81,100,127,41,60,62,207,339,112,,211,,,294,344,362,314,327,362,266,355,291,305,184,279,210,171,340,165,130,294,177,312,310,392,143,220,114,233,183,298,232,289,219,301,160,397,413,394,299,296,201,278,,,341,389,,,296,162,206,380,307,364,375,377,369,345,316,346,242,208,204,371,263,267,354,333,311,411,321,234,,351,,,b'\x11\xe8\xe1I\xe8\x9f\x96&\x9a\xbe\x12\xdf\x17\xaeN\x1e'
11E8E149-E89F-9626-9ABE-12DF17AE4E1E,2024-ncaa-d3-conf-American Rivers,ncaa,7,6,7,7,7,7,7,7,7,7,7,5,5,3,7,2,8,7,9,7,4,7,7,7,7,7,2,2,6,4,4,7,4,6,4,5,2,6,6,5,8,8,4,5,,,5,7,,,7,8,4,7,7,6,4,6,7,3,2,8,5,5,4,3,2,3,2,3,7,8,2,,6,,,7,3,3,3,7,6,4,5,3,2,7,2,3,4,3,4,5,4,1,7,6,7,3,2,3,3,4,3,4,4,4,5,5,8,8,7,5,5,5,4,,,5,4,,,7,1,7,7,7,5,7,7,8,8,5,3,5,6,6,6,5,4,6,6,6,8,6,5,,3,,,b'\x11\xe8\xe1I\xe8\x9f\x96&\x9a\xbe\x12\xdf\x17\xaeN\x1e'
11E8E149-E89F-9626-9ABE-12DF17AE4E1E,2024-ncaa-d3-natl,ncaa,227,232,200,238,248,208,205,268,136,278,338,125,82,102,69,65,303,268,346,270,141,276,248,96,123,186,87,53,339,261,219,118,37,172,86,183,149,325,323,255,270,256,154,168,,,123,153,,,207,238,209,208,209,206,276,278,368,62,88,321,278,282,291,225,262,61,134,177,315,273,151,,130,,,207,196,250,204,257,263,222,255,195,176,220,201,105,107,176,106,109,181,136,242,217,275,118,210,97,74,37,123,219,84,86,188,124,324,321,289,351,348,188,290,,,218,186,,,207,175,209,223,213,199,263,241,263,245,205,196,100,110,111,199,147,69,135,86,186,340,334,201,,209,,,b'\x11\xe8\xe1I\xe8\x9f\x96&\x9a\xbe\x12\xdf\x17\xaeN\x1e'
11E8E149-E89F-9626-9ABE-12DF17AE4E1E,2025-ncaa-d3-conf-American Rivers,genius_ncaa,5,5,1,5,1,5,5,2,6,6,5,6,3,2,3,3,4,5,6,5,4,3,2,5,5,6,3,2,5,4,7,5,6,4,7,5,7,7,6,6,4,6,3,4,,,8,6,,9,7,2,6,2,5,7,5,8,8,3,3,6,6,6,6,5,6,7,6,6,5,6,4,,6,,9,7,7,7,7,6,6,8,4,7,5,8,3,8,8,4,8,7,8,8,6,6,6,6,3,7,7,6,8,7,7,7,6,2,4,5,4,6,6,3,2,,,5,6,,3,7,8,6,6,7,7,7,5,6,7,5,5,7,7,7,5,5,6,6,7,4,4,6,3,,7,,3,b'\x11\xe8\xe1I\xe8\x9f\x96&\x9a\xbe\x12\xdf\x17\xaeN\x1e'
11E8E149-E89F-9626-9ABE-12DF17AE4E1E,2025-ncaa-d3-natl,genius_ncaa,141,184,55,175,57,102,118,143,98,204,298,53,24,32,78,27,170,221,52,220,134,152,155,50,54,76,49,32,302,288,311,133,142,204,227,126,213,210,179,158,176,204,141,152,,,130,93,,201,195,116,280,26,127,141,227,269,378,28,41,218,294,294,249,295,341,234,312,161,159,219,177,,57,,182,197,366,367,321,334,295,200,325,393,376,364,370,176,139,316,135,146,296,276,351,348,343,305,376,93,187,142,276,311,237,227,272,126,208,254,258,256,236,92,155,,,248,304,,177,195,289,107,318,205,275,283,201,207,108,364,333,115,93,91,164,130,116,164,143,215,290,209,57,,343,,212,b'\x11\xe8\xe1I\xe8\x9f\x96&\x9a\xbe\x12\xdf\x17\xaeN\x1e'
11E8E149-E89F-9626-9ABE-12DF17AE4E1E,2026-ncaa-d3-conf-American Rivers,genius_ncaa,1,1,1,1,1,1,1,2,4,3,2,8,1,2,2,3,2,1,6,1,4,1,2,4,3,2,2,2,3,3,8,1,5,2,6,1,3,3,1,1,6,8,5,7,,,3,3,,2,3,1,1,1,2,2,2,5,2,2,2,3,1,1,1,2,3,1,2,2,1,8,7,,3,,2,4,6,7,9,6,9,9,4,6,6,6,1,3,3,4,3,2,9,9,5,4,6,1,3,3,8,5,8,8,9,6,7,6,3,5,5,4,2,5,5,,,1,3,,2,3,9,2,5,4,6,7,8,9,9,4,4,3,3,3,9,9,6,8,9,7,4,2,5,,1,,2,b'\x11\xe8\xe1I\xe8\x9f\x96&\x9a\xbe\x12\xdf\x17\xaeN\x1e'
11E8E149-E89F-9626-9ABE-12DF17AE4E1E,2026-ncaa-d3-natl,genius_ncaa,54,68,116,75,139,146,173,178,187,249,265,189,48,56,94,42,115,195,25,183,113,181,187,136,113,125,36,40,178,261,263,101,127,149,147,84,52,217,190,117,271,309,215,254,,,70,12,,156,152,165,211,113,153,210,227,305,360,45,54,124,238,226,232,261,311,75,176,87,171,316,240,,7,,133,164,226,276,306,151,233,261,142,340,347,271,350,30,43,89,32,6,257,240,193,130,193,186,372,4,221,127,206,263,208,147,276,220,264,312,313,220,200,260,323,,,172,175,,39,152,244,160,186,164,180,263,325,194,239,345,349,6,5,5,234,177,184,137,153,258,318,180,253,,209,,43,b'\x11\xe8\xe1I\xe8\x9f\x96&\x9a\xbe\x12\xdf\x17\xaeN\x1e'
11E8E149-E8A3-F2B6-9ABE-12DF17AE4E1E,2018-ncaa-d3-conf-SAA,ncaa,5,4,5,5,8,8,7,8,3,7,6,6,4,8,1,6,8,8,2,8,8,8,8,3,3,4,6,2,6,7,5,5,1,8,4,4,2,5,7,5,8,8,3,3,,,3,7,,,4,8,8,7,8,6,8,6,6,4,8,8,8,8,8,8,6,5,8,4,7,8,3,,4,,,4,1,1,1,5,1,2,3,1,1,7,1,6,6,3,6,7,1,1,4,5,5,5,2,8,1,1,2,5,1,4,1,2,7,4,2,8,8,3,4,,,6,3,,,4,1,5,3,4,2,2,1,3,4,2,1,7,8,8,1,1,1,2,1,1,6,8,4,,6,,,b'\x11\xe8\xe1I\xe8\xa3\xf2\xb6\x9a\xbe\x12\xdf\x17\xaeN\x1e'
11E8E149-E8A3-F2B6-9ABE-12DF17AE4E1E,2018-ncaa-d3-natl,ncaa,151,138,197,155,264,259,263,337,169,270,299,233,204,304,54,234,225,313,17,312,289,343,365,153,124,130,166,173,186,335,286,284,66,325,160,242,209,105,216,184,335,283,117,79,,,309,427,,,160,362,406,303,261,275,374,294,309,197,302,219,343,341,387,418,360,296,357,243,111,349,115,,345,,,162,68,26,30,134,32,86,47,77,21,393,45,405,405,249,405,432,59,58,115,218,201,400,125,440,34,66,91,286,53,160,9,10,268,174,41,150,261,69,97,,,186,34,,,160,81,180,160,159,77,24,15,35,87,80,15,415,416,417,40,25,39,99,54,3,283,165,63,,153,,,b'\x11\xe8\xe1I\xe8\xa3\xf2\xb6\x9a\xbe\x12\xdf\x17\xaeN\x1e'
11E8E149-E8A3-F2B6-9ABE-12DF17AE4E1E,2019-ncaa-d3-conf-SAA,ncaa,5,6,3,6,3,7,7,8,7,7,6,8,5,6,3,3,7,7,2,7,7,7,8,7,7,7,4,2,6,7,6,4,2,4,5,6,5,1,2,5,8,8,4,4,,,4,6,,,5,8,8,4,8,7,8,8,8,6,7,7,7,7,8,8,7,4,5,6,1,8,4,,4,,,5,2,2,3,4,6,7,4,1,1,4,1,4,6,1,6,5,3,1,4,4,4,1,1,5,2,2,4,6,2,5,1,1,8,8,3,1,3,2,3,,,6,6,,,5,1,7,4,6,2,2,1,5,7,1,1,4,6,6,2,1,2,6,1,1,8,1,2,,7,,,b'\x11\xe8\xe1I\xe8\xa3\xf2\xb6\x9a\xbe\x12\xdf\x17\xaeN\x1e'
11E8E149-E8A3-F2B6-9ABE-12DF17AE4E1E,2019-ncaa-d3-natl,ncaa,187,244,67,215,99,345,355,375,302,390,380,371,148,263,42,148,314,331,198,337,203,379,390,253,253,256,46,54,222,391,379,124,27,253,152,364,295,111,275,304,426,432,124,116,,,286,415,,,216,380,443,137,413,419,439,422,425,190,318,366,385,386,438,443,426,194,366,405,59,439,147,,204,,,215,56,37,78,52,58,161,47,39,53,117,70,308,374,31,374,393,108,61,44,55,154,268,99,412,56,27,189,379,122,152,11,10,410,408,133,50,137,37,87,,,230,38,,,216,71,286,132,205,18,15,10,36,74,20,26,241,318,322,20,1,28,92,49,3,438,33,20,,319,,,b'\x11\xe8\xe1I\xe8\xa3\xf2\xb6\x9a\xbe\x12\xdf\x17\xaeN\x1e'
11E8E149-E8A3-F2B6-9ABE-12DF17AE4E1E,2020-ncaa-d3-conf-SAA,ncaa,3,3,3,3,3,3,3,4,3,5,4,6,2,5,1,5,4,5,1,5,6,3,7,2,2,2,3,4,5,6,6,4,3,4,5,3,1,1,3,3,7,7,4,4,,,4,5,,,3,7,8,1,3,4,6,5,5,2,5,5,7,7,6,8,6,4,6,3,2,7,4,,4,,,3,4,4,3,4,5,6,4,2,2,1,2,4,4,6,4,3,3,2,4,4,5,2,2,5,2,3,3,6,2,5,1,2,7,6,3,2,3,1,2,,,4,3,,,3,2,3,5,3,3,4,3,5,5,1,1,4,4,4,2,1,2,2,2,1,8,3,1,,7,,,b'\x11\xe8\xe1I\xe8\xa3\xf2\xb6\x9a\xbe\x12\xdf\x17\xaeN\x1e'
11E8E149-E8A3-F2B6-9ABE-12DF17AE4E1E,2020-ncaa-d3-natl,ncaa,134,163,65,158,85,207,238,300,172,294,331,214,105,176,39,132,163,256,28,247,163,296,345,130,100,97,72,94,177,334,320,164,74,235,169,272,322,82,143,200,416,414,238,245,,,326,406,,,181,334,435,131,280,316,403,361,396,134,228,215,325,322,408,436,380,257,337,334,42,428,269,,260,,,183,148,113,110,183,191,211,181,38,53,93,52,376,376,189,379,372,156,88,134,190,280,175,35,398,95,74,174,320,124,169,23,10,377,365,147,46,87,69,104,,,149,43,,,181,102,126,257,175,73,62,21,124,118,19,21,323,334,334,43,4,55,85,55,11,419,30,44,,221,,,b'\x11\xe8\xe1I\xe8\xa3\xf2\xb6\x9a\xbe\x12\xdf\x17\xaeN\x1e'
11E8E149-E8A3-F2B6-9ABE-12DF17AE4E1E,2021-ncaa-d3-conf-SAA,ncaa,4,5,5,5,5,6,6,5,4,5,4,6,6,7,3,7,7,7,6,7,7,6,6,3,5,4,7,5,7,7,7,4,1,6,5,6,6,1,2,1,7,7,6,7,,,1,2,,,5,5,6,2,7,4,6,4,2,6,6,7,7,7,6,7,6,5,7,7,1,7,7,,1,,,5,4,4,3,5,4,3,4,3,2,4,2,2,2,4,2,2,3,3,5,5,5,2,2,1,1,1,4,7,3,5,1,1,7,7,4,2,3,1,1,,,6,6,,,5,3,6,5,5,3,5,2,5,4,2,2,2,2,3,2,1,1,4,3,1,7,1,1,,7,,,b'\x11\xe8\xe1I\xe8\xa3\xf2\xb6\x9a\xbe\x12\xdf\x17\xaeN\x1e'
11E8E149-E8A3-F2B6-9ABE-12DF17AE4E1E,2021-ncaa-d3-natl,ncaa,128,214,81,179,85,116,102,98,133,79,64,164,176,175,168,264,123,108,213,107,232,99,111,176,181,151,264,249,171,135,235,81,38,104,150,140,253,121,47,132,210,278,171,238,,,182,175,,,207,103,205,43,175,136,144,69,37,246,261,184,162,156,150,221,222,91,155,213,41,281,233,,135,,,184,201,203,183,189,212,197,189,155,157,143,81,204,212,72,218,189,192,167,180,168,224,102,74,173,134,38,211,235,190,150,81,2,178,270,83,118,68,110,31,,,107,126,,,207,184,163,199,182,167,173,149,185,174,95,92,187,207,220,163,64,50,212,149,4,275,58,55,,174,,,b'\x11\xe8\xe1I\xe8\xa3\xf2\xb6\x9a\xbe\x12\xdf\x17\xaeN\x1e'
11E8E149-E8A3-F2B6-9ABE-12DF17AE4E1E,2022-ncaa-d3-conf-SAA,ncaa,3,3,4,3,5,4,4,5,4,4,2,6,6,8,1,8,3,7,1,7,8,5,5,5,3,3,7,6,4,6,3,3,2,3,2,4,4,2,3,3,8,8,5,5,,,2,2,,,3,6,6,3,3,3,5,3,1,6,8,4,7,7,5,5,6,2,3,4,2,8,4,,2,,,3,4,4,5,3,4,5,3,5,5,3,4,2,2,4,2,2,5,3,4,3,5,3,4,2,1,2,2,3,2,2,2,1,8,8,7,5,5,4,2,,,4,4,,,3,4,3,5,3,4,4,6,5,6,4,5,2,2,2,5,3,3,2,2,2,8,4,4,,4,,,b'\x11\xe8\xe1I\xe8\xa3\xf2\xb6\x9a\xbe\x12\xdf\x17\xaeN\x1e'
11E8E149-E8A3-F2B6-9ABE-12DF17AE4E1E,2022-ncaa-d3-natl,ncaa,210,210,250,222,261,245,262,340,139,231,216,249,312,390,29,384,101,225,5,221,213,329,314,179,108,184,236,323,38,308,215,160,61,228,59,290,305,264,343,322,414,421,274,286,,,51,50,,,255,308,313,60,227,265,385,204,175,320,402,65,172,165,370,331,309,70,184,295,294,423,288,,36,,,257,216,225,214,226,180,150,239,304,289,264,318,158,146,249,136,174,190,109,240,235,329,274,322,147,74,61,67,215,54,59,96,47,394,407,335,367,392,174,182,,,87,13,,,255,131,203,300,249,259,268,296,223,204,330,329,191,189,175,270,114,94,53,58,127,416,368,203,,29,,,b'\x11\xe8\xe1I\xe8\xa3\xf2\xb6\x9a\xbe\x12\xdf\x17\xaeN\x1e'
11E8E149-E8A3-F2B6-9ABE-12DF17AE4E1E,2023-ncaa-d3-conf-SAA,ncaa,1,1,1,1,1,3,2,3,1,2,3,2,5,5,1,6,5,5,3,5,8,3,3,1,1,1,6,5,8,3,3,2,2,2,2,1,1,4,4,1,6,6,2,2,,,2,1,,,2,4,8,1,3,2,4,3,4,5,6,7,7,7,7,7,3,2,3,2,2,6,2,,1,,,2,5,5,6,3,5,6,2,2,4,1,4,5,4,8,4,3,6,5,2,2,3,4,2,6,4,2,2,3,3,2,1,1,6,6,2,6,7,3,2,,,4,4,,,2,5,2,3,2,2,3,3,4,4,2,2,4,3,3,3,1,3,1,1,1,6,5,2,,6,,,b'\x11\xe8\xe1I\xe8\xa3\xf2\xb6\x9a\xbe\x12\xdf\x17\xaeN\x1e'
11E8E149-E8A3-F2B6-9ABE-12DF17AE4E1E,2023-ncaa-d3-natl,ncaa,67,85,63,81,71,118,133,218,67,131,142,144,173,309,14,341,36,57,62,52,90,184,175,74,50,83,208,277,73,187,119,75,56,114,35,103,140,241,234,162,329,365,75,84,,,199,184,,,156,176,346,89,144,181,350,169,222,222,353,52,85,80,314,339,244,118,189,142,176,386,95,,117,,,160,303,248,283,169,254,271,173,230,245,191,198,371,326,408,329,297,306,236,159,219,297,278,180,354,119,56,80,119,75,35,107,49,317,360,219,250,232,220,177,,,27,6,,,156,271,93,249,151,179,147,143,160,160,173,172,339,279,282,164,81,74,21,27,68,385,195,163,,31,,,b'\x11\xe8\xe1I\xe8\xa3\xf2\xb6\x9a\xbe\x12\xdf\x17\xaeN\x1e'
11E8E149-E8A3-F2B6-9ABE-12DF17AE4E1E,2024-ncaa-d3-conf-SAA,ncaa,2,3,1,3,1,2,2,3,2,1,1,4,6,7,1,7,4,4,4,4,6,2,2,2,2,2,6,6,6,3,5,4,3,3,4,1,2,4,2,1,2,2,2,1,,,3,3,,,2,2,6,6,4,4,6,2,3,6,7,5,6,6,6,8,7,5,6,1,2,2,2,,1,,,2,3,2,2,3,3,5,3,2,1,4,3,6,5,6,5,6,3,6,3,3,4,6,3,7,2,3,6,5,2,4,1,1,2,2,2,2,1,1,1,,,4,5,,,2,7,2,2,1,1,2,2,2,2,1,1,4,4,4,1,1,1,2,1,1,2,1,1,,6,,,b'\x11\xe8\xe1I\xe8\xa3\xf2\xb6\x9a\xbe\x12\xdf\x17\xaeN\x1e'
11E8E149-E8A3-F2B6-9ABE-12DF17AE4E1E,2024-ncaa-d3-natl,ncaa,56,66,38,64,51,66,71,96,58,62,71,86,160,220,59,311,82,84,159,77,192,89,115,71,70,60,284,273,216,87,66,191,134,136,97,87,202,127,72,63,85,91,59,57,,,282,263,,,57,141,359,244,106,104,217,88,151,213,299,137,160,154,207,321,142,351,269,129,52,131,81,,166,,,63,180,134,129,170,192,217,132,91,64,273,56,373,361,323,366,344,172,264,155,214,118,250,90,395,130,134,154,66,137,97,29,5,64,53,14,67,38,159,81,,,58,75,,,57,295,44,105,47,62,47,18,88,85,44,20,305,274,280,24,55,59,33,36,9,113,29,98,,149,,,b'\x11\xe8\xe1I\xe8\xa3\xf2\xb6\x9a\xbe\x12\xdf\x17\xaeN\x1e'
11E8E149-E8A3-F2B6-9ABE-12DF17AE4E1E,2025-ncaa-d3-conf-SAA,genius_ncaa,1,1,1,1,1,1,1,1,1,1,1,3,2,4,2,6,4,4,5,4,5,1,2,1,2,1,6,6,5,1,1,1,2,1,2,1,4,2,1,1,3,4,3,4,,,6,6,,1,3,2,7,3,2,1,1,2,1,6,6,5,5,5,3,7,2,4,4,3,1,4,4,,5,,1,3,6,3,4,4,5,5,5,2,4,1,3,6,7,2,7,6,6,6,3,4,3,4,2,7,3,2,7,1,5,2,3,2,3,4,2,3,2,2,1,,,3,4,,2,3,6,1,3,2,2,2,2,2,2,1,2,6,6,6,2,2,1,1,1,1,5,2,1,,6,,3,b'\x11\xe8\xe1I\xe8\xa3\xf2\xb6\x9a\xbe\x12\xdf\x17\xaeN\x1e'
11E8E149-E8A3-F2B6-9ABE-12DF17AE4E1E,2025-ncaa-d3-natl,genius_ncaa,44,75,16,71,18,75,63,53,112,42,42,123,220,218,198,325,83,99,120,107,275,55,69,139,132,106,342,326,206,87,113,107,126,94,110,113,293,180,84,132,195,262,224,273,,,391,367,,346,131,65,332,80,166,133,188,87,122,291,319,161,209,219,198,299,180,304,254,214,68,300,286,,295,,309,143,355,304,291,245,344,307,295,93,206,40,106,409,409,205,408,375,351,346,195,247,242,159,35,390,191,126,265,113,232,110,108,27,121,196,95,157,75,121,39,,,26,38,,3,131,360,104,204,132,148,110,54,190,113,37,63,357,362,362,97,79,81,79,57,38,265,71,51,,84,,5,b'\x11\xe8\xe1I\xe8\xa3\xf2\xb6\x9a\xbe\x12\xdf\x17\xaeN\x1e'
11E8E149-E8A3-F2B6-9ABE-12DF17AE4E1E,2026-ncaa-d3-conf-SAA,genius_ncaa,1,1,2,1,2,2,2,3,1,2,2,1,1,3,1,2,2,2,2,2,2,3,3,1,1,1,2,2,2,3,3,3,3,3,3,1,1,1,2,1,3,3,2,3,,,2,2,,1,1,3,3,1,1,1,3,2,2,1,2,1,1,1,3,3,3,2,3,1,1,3,2,,2,,1,1,2,2,2,2,3,2,2,1,1,2,1,2,2,2,2,2,2,1,2,2,2,2,1,2,3,3,1,3,2,3,1,1,3,3,2,1,1,1,1,,,2,1,,2,1,1,1,2,1,2,3,3,3,3,1,1,2,2,2,3,2,3,1,2,1,3,1,1,,1,,2,b'\x11\xe8\xe1I\xe8\xa3\xf2\xb6\x9a\xbe\x12\xdf\x17\xaeN\x1e'
11E8E149-E8A3-F2B6-9ABE-12DF17AE4E1E,2026-ncaa-d3-natl,genius_ncaa,13,1,215,1,249,187,192,275,61,169,219,122,221,313,43,324,96,158,48,154,130,262,306,72,55,21,208,268,106,317,251,244,61,273,126,156,144,32,19,25,168,68,261,214,,,62,87,,20,33,304,335,113,71,104,234,99,128,197,321,47,81,78,185,343,297,152,231,84,17,114,252,,39,,27,26,63,70,79,111,64,84,108,123,113,168,263,78,112,33,107,216,75,96,114,84,63,243,283,175,72,61,129,251,96,126,75,180,234,83,86,80,102,47,29,,,209,48,,363,33,102,38,51,24,27,42,44,49,67,134,130,59,124,110,36,56,70,141,90,69,158,77,45,,110,,373,b'\x11\xe8\xe1I\xe8\xa3\xf2\xb6\x9a\xbe\x12\xdf\x17\xaeN\x1e'
11E8E149-E8A8-57F2-9ABE-12DF17AE4E1E,2018-ncaa-d3-conf-SCIAC,ncaa,1,1,1,1,2,1,1,1,1,1,1,4,3,4,1,5,6,9,2,9,9,1,1,1,1,1,5,3,9,2,2,5,5,2,4,1,1,8,4,1,1,1,5,5,,,9,7,,,1,1,3,5,1,1,2,1,1,3,4,9,9,9,2,2,3,7,4,1,6,1,5,,8,,,1,5,3,3,2,3,3,3,3,5,4,5,7,8,2,8,7,6,8,2,2,1,7,5,7,6,5,6,2,7,4,4,5,1,1,1,5,2,3,1,,,4,9,,,1,8,1,1,1,2,2,1,3,3,2,4,5,7,7,1,7,5,3,4,2,1,4,1,,5,,,b'\x11\xe8\xe1I\xe8\xa8W\xf2\x9a\xbe\x12\xdf\x17\xaeN\x1e'
11E8E149-E8A8-57F2-9ABE-12DF17AE4E1E,2018-ncaa-d3-natl,ncaa,52,37,123,43,132,83,47,70,64,42,35,148,164,318,12,369,253,315,58,318,433,100,120,81,85,73,364,272,399,75,55,372,368,253,225,41,88,147,86,32,42,35,227,184,,,411,421,,,71,149,223,49,53,23,50,21,26,179,343,291,370,372,82,129,68,430,316,22,124,41,238,,412,,,64,190,126,89,243,118,95,211,257,182,345,233,357,351,253,355,403,120,283,283,312,138,373,270,385,275,368,147,55,183,225,165,216,38,26,44,96,62,94,23,,,182,279,,,71,275,41,155,66,152,104,38,94,58,231,155,350,355,356,62,225,235,103,151,143,31,80,79,,216,,,b'\x11\xe8\xe1I\xe8\xa8W\xf2\x9a\xbe\x12\xdf\x17\xaeN\x1e'
11E8E149-E8A8-57F2-9ABE-12DF17AE4E1E,2019-ncaa-d3-conf-SCIAC,ncaa,3,3,3,3,4,3,3,4,3,2,3,3,3,5,3,6,3,4,2,4,4,4,4,2,2,2,4,4,8,3,2,6,2,3,2,2,2,9,8,2,2,3,8,8,,,8,8,,,3,4,4,5,2,3,3,3,3,3,5,3,5,5,3,2,3,7,3,2,7,2,8,,8,,,3,5,4,4,4,4,4,5,5,5,6,6,5,6,6,6,7,5,7,6,6,3,6,6,7,3,2,2,2,2,2,4,4,4,3,3,8,7,5,4,,,2,6,,,3,6,3,2,3,4,3,3,4,3,6,5,5,4,4,3,5,3,2,2,5,2,7,4,,4,,,b'\x11\xe8\xe1I\xe8\xa8W\xf2\x9a\xbe\x12\xdf\x17\xaeN\x1e'
11E8E149-E8A8-57F2-9ABE-12DF17AE4E1E,2019-ncaa-d3-natl,ncaa,137,134,129,145,190,96,82,125,79,86,92,144,152,272,36,317,154,189,125,191,302,132,155,92,86,76,284,242,287,112,78,266,223,209,128,135,270,145,91,102,107,99,283,301,,,354,377,,,141,178,223,281,74,62,114,65,89,175,295,171,206,214,124,181,121,343,247,133,116,111,307,,347,,,141,297,239,192,282,231,230,222,252,160,379,153,370,331,411,329,315,210,230,290,331,303,302,207,341,176,223,122,78,133,128,195,141,183,188,173,140,116,223,138,,,201,253,,,141,260,69,279,144,250,207,138,211,192,229,131,357,302,300,169,171,141,84,95,164,209,129,197,,233,,,b'\x11\xe8\xe1I\xe8\xa8W\xf2\x9a\xbe\x12\xdf\x17\xaeN\x1e'
11E8E149-E8A8-57F2-9ABE-12DF17AE4E1E,2020-ncaa-d3-conf-SCIAC,ncaa,5,5,5,5,5,6,7,2,7,9,6,8,2,3,5,3,6,5,6,5,6,2,3,6,6,6,2,2,5,2,3,6,5,4,4,4,2,6,4,5,3,3,8,8,,,7,8,,,6,3,4,1,3,3,2,9,4,2,3,5,5,4,2,2,2,5,2,2,7,2,8,,7,,,6,4,4,2,6,5,2,8,3,6,2,6,7,8,4,8,8,2,4,6,7,4,5,3,7,5,5,6,3,4,4,4,4,3,2,3,7,6,7,8,,,4,5,,,6,7,6,5,6,5,4,4,5,3,4,6,8,9,9,5,6,5,6,5,5,3,8,7,,3,,,b'\x11\xe8\xe1I\xe8\xa8W\xf2\x9a\xbe\x12\xdf\x17\xaeN\x1e'
11E8E149-E8A8-57F2-9ABE-12DF17AE4E1E,2020-ncaa-d3-natl,ncaa,237,218,327,240,327,199,235,140,320,264,192,326,141,110,227,154,96,127,102,125,141,137,166,304,270,231,99,152,90,40,36,332,332,187,173,237,242,115,85,183,151,131,273,259,,,389,412,,,221,268,207,2,102,168,27,221,109,113,70,42,65,59,24,43,16,310,76,192,177,110,253,,420,,,221,248,204,126,303,243,143,332,158,163,171,208,361,359,287,351,374,160,152,293,325,305,241,132,351,255,332,171,36,204,173,152,119,215,199,174,166,142,327,300,,,118,127,,,221,150,161,309,232,321,289,233,297,224,218,236,391,386,382,277,300,306,245,284,199,155,213,353,,39,,,b'\x11\xe8\xe1I\xe8\xa8W\xf2\x9a\xbe\x12\xdf\x17\xaeN\x1e'
11E8E149-E8A8-57F2-9ABE-12DF17AE4E1E,2022-ncaa-d3-conf-SCIAC,ncaa,2,2,1,2,3,2,1,3,2,1,1,6,8,9,3,9,3,5,2,5,8,2,2,6,6,3,9,9,6,2,4,6,9,3,7,1,1,4,1,1,2,2,9,8,,,5,3,,,2,4,6,6,2,2,3,1,1,8,9,6,6,7,2,2,2,8,4,1,1,2,9,,3,,,2,5,7,5,5,8,7,6,4,4,3,5,4,5,2,5,2,5,6,5,4,3,2,4,3,9,9,7,4,8,7,6,3,1,1,1,5,2,7,6,,,1,5,,,2,6,2,4,4,3,4,2,7,5,3,4,2,3,3,2,6,8,7,8,4,1,2,7,,3,,,b'\x11\xe8\xe1I\xe8\xa8W\xf2\x9a\xbe\x12\xdf\x17\xaeN\x1e'
11E8E149-E8A8-57F2-9ABE-12DF17AE4E1E,2022-ncaa-d3-natl,ncaa,147,156,188,156,219,173,131,144,157,46,17,250,399,409,217,424,162,257,17,258,407,157,231,242,225,157,420,420,183,222,279,312,267,280,312,58,21,44,20,5,117,83,369,384,,,139,134,,,183,228,251,199,153,98,86,23,2,409,419,159,267,266,101,236,227,370,330,32,24,106,390,,114,,,185,234,282,163,340,307,231,319,144,97,314,94,149,132,266,136,129,147,174,325,314,261,76,125,125,198,267,297,279,255,312,231,154,145,112,174,81,89,263,101,,,185,157,,,183,181,167,252,194,218,262,132,299,244,116,64,142,128,134,115,150,182,299,257,218,140,85,261,,177,,,b'\x11\xe8\xe1I\xe8\xa8W\xf2\x9a\xbe\x12\xdf\x17\xaeN\x1e'
11E8E149-E8A8-57F2-9ABE-12DF17AE4E1E,2023-ncaa-d3-conf-SCIAC,ncaa,5,5,5,5,6,6,5,5,4,4,4,7,8,8,4,7,5,5,7,5,8,5,5,6,6,5,8,7,7,6,6,5,5,5,6,5,3,3,4,3,7,6,6,6,,,6,6,,,6,5,2,7,6,4,3,4,2,8,7,6,6,6,3,4,6,5,6,4,4,5,6,,7,,,6,8,8,5,8,7,6,8,4,2,8,3,4,8,1,8,7,5,4,8,8,7,4,4,4,6,5,8,6,8,6,9,6,3,4,7,3,4,6,5,,,5,7,,,6,5,7,6,7,9,8,8,9,7,5,3,5,7,8,8,8,6,8,7,8,4,4,6,,5,,,b'\x11\xe8\xe1I\xe8\xa8W\xf2\x9a\xbe\x12\xdf\x17\xaeN\x1e'
11E8E149-E8A8-57F2-9ABE-12DF17AE4E1E,2023-ncaa-d3-natl,ncaa,228,223,271,237,302,231,185,234,125,109,66,233,374,407,78,416,246,238,266,244,373,239,283,206,220,181,403,399,233,290,287,328,307,331,320,107,61,72,99,57,226,230,308,335,,,241,282,,,272,277,175,232,176,121,139,49,19,379,411,208,190,200,147,205,274,315,317,65,112,201,306,,313,,,271,273,316,187,370,339,269,312,194,102,384,89,172,205,93,196,157,178,168,352,334,336,91,158,123,228,307,196,287,208,320,330,283,260,257,336,117,144,346,243,,,282,242,,,272,153,204,330,270,328,342,280,357,350,226,123,213,239,235,280,255,264,272,273,331,228,150,376,,244,,,b'\x11\xe8\xe1I\xe8\xa8W\xf2\x9a\xbe\x12\xdf\x17\xaeN\x1e'
11E8E149-E8A8-57F2-9ABE-12DF17AE4E1E,2024-ncaa-d3-conf-SCIAC,ncaa,5,5,4,6,5,3,3,3,6,3,3,7,7,8,6,7,3,5,1,5,6,3,4,5,6,6,9,7,4,4,4,4,5,4,5,2,2,7,5,1,5,6,8,8,,,8,9,,,5,4,1,4,3,2,2,2,1,7,7,3,4,4,3,1,4,5,3,1,8,5,8,,9,,,5,5,4,5,5,3,5,4,5,5,8,3,8,9,3,9,9,6,6,5,6,5,6,4,9,6,5,5,4,5,5,5,5,3,2,3,5,3,5,5,,,5,5,,,5,6,4,6,5,7,4,5,4,6,4,5,9,9,9,7,8,6,6,5,4,2,6,7,,4,,,b'\x11\xe8\xe1I\xe8\xa8W\xf2\x9a\xbe\x12\xdf\x17\xaeN\x1e'
11E8E149-E8A8-57F2-9ABE-12DF17AE4E1E,2024-ncaa-d3-natl,ncaa,184,115,375,153,381,255,235,333,103,151,167,166,369,404,147,404,203,274,27,270,318,335,366,164,142,121,384,386,135,289,143,387,213,362,192,180,92,43,126,79,277,167,392,373,,,242,399,,,200,378,190,201,112,99,132,36,36,354,390,72,155,152,128,171,186,336,278,69,134,170,382,,385,,,198,97,77,32,347,74,43,281,156,43,419,140,278,293,168,280,399,37,40,360,378,337,330,240,355,61,213,31,143,32,192,123,243,273,134,192,36,91,188,162,,,329,193,,,200,47,125,314,201,298,228,86,210,145,278,109,386,393,389,153,200,143,138,129,235,139,100,300,,182,,,b'\x11\xe8\xe1I\xe8\xa8W\xf2\x9a\xbe\x12\xdf\x17\xaeN\x1e'
11E8E149-E8A8-57F2-9ABE-12DF17AE4E1E,2025-ncaa-d3-conf-SCIAC,genius_ncaa,3,4,1,4,1,2,2,2,5,2,1,7,4,7,1,9,5,5,2,6,9,2,2,5,6,5,8,6,7,2,3,7,8,3,7,1,1,8,3,1,1,2,7,7,,,9,9,,8,4,1,5,2,3,3,2,3,1,6,8,6,8,8,3,3,3,9,7,1,5,2,7,,9,,8,4,8,6,5,7,5,4,7,5,6,6,5,9,9,4,9,9,8,9,7,8,8,8,5,9,8,8,7,3,9,7,5,5,1,1,1,8,2,6,2,,,5,8,,3,4,9,4,7,5,8,4,1,2,2,5,5,9,9,9,2,8,6,4,4,5,1,4,5,,8,,4,b'\x11\xe8\xe1I\xe8\xa8W\xf2\x9a\xbe\x12\xdf\x17\xaeN\x1e'
11E8E149-E8A8-57F2-9ABE-12DF17AE4E1E,2025-ncaa-d3-natl,genius_ncaa,217,215,192,221,195,134,107,118,120,108,64,255,132,286,6,334,272,328,34,329,410,149,180,120,129,100,271,185,360,112,90,339,307,247,228,28,5,92,82,10,154,137,297,289,,,373,399,,272,214,223,241,8,80,55,54,70,31,121,299,279,349,350,86,133,83,385,243,7,108,133,301,,396,,285,214,343,265,121,359,272,141,358,233,172,305,183,402,385,371,388,391,180,189,354,386,359,295,147,381,228,307,158,90,177,228,241,190,186,175,210,146,145,152,68,,,340,381,,155,214,189,90,356,220,332,273,139,274,149,230,181,402,392,391,208,220,230,176,197,244,163,164,144,,366,,154,b'\x11\xe8\xe1I\xe8\xa8W\xf2\x9a\xbe\x12\xdf\x17\xaeN\x1e'
11E8E149-E8A8-57F2-9ABE-12DF17AE4E1E,2026-ncaa-d3-conf-SCIAC,genius_ncaa,3,4,1,4,3,4,5,4,7,3,2,5,7,6,8,8,2,4,2,4,7,4,2,8,7,6,8,8,3,5,6,4,4,4,5,5,6,7,6,5,2,4,6,6,,,7,6,,6,5,2,3,3,6,7,5,4,2,8,8,4,6,6,5,3,7,4,5,7,5,3,6,,6,,6,5,5,5,5,4,6,6,6,2,3,1,2,6,6,6,6,6,5,6,4,3,3,2,2,6,4,4,6,6,6,5,4,4,3,4,3,5,4,5,4,,,3,5,,6,5,5,7,3,5,4,4,4,5,5,2,2,5,6,6,4,5,3,6,6,3,4,3,5,,5,,6,b'\x11\xe8\xe1I\xe8\xa8W\xf2\x9a\xbe\x12\xdf\x17\xaeN\x1e'
11E8E149-E8A8-57F2-9ABE-12DF17AE4E1E,2026-ncaa-d3-natl,genius_ncaa,225,68,379,151,382,377,372,384,178,327,339,243,391,399,213,402,360,373,155,371,346,383,393,241,231,171,389,387,199,371,237,397,228,394,296,324,76,14,46,45,259,25,399,397,,,57,381,,130,170,394,340,113,209,166,165,73,37,365,396,173,227,226,174,307,221,383,349,81,36,49,399,,315,,269,134,23,23,16,272,39,18,355,7,15,4,100,78,51,366,47,293,17,22,195,252,145,43,7,362,31,228,42,237,35,296,18,94,344,51,53,11,51,55,94,,,378,121,,397,170,21,173,146,156,74,86,25,209,87,4,31,286,210,199,27,64,119,264,190,62,97,42,152,,170,,399,b'\x11\xe8\xe1I\xe8\xa8W\xf2\x9a\xbe\x12\xdf\x17\xaeN\x1e'
11E8E149-E8AC-C382-9ABE-12DF17AE4E1E,2018-ncaa-d3-conf-PAC,ncaa,8,8,9,8,9,10,8,7,10,8,7,10,10,9,10,9,9,9,4,9,9,7,9,10,10,9,7,9,4,7,7,10,8,8,8,8,6,3,5,6,6,5,10,10,,,5,7,,,8,10,8,3,9,8,6,7,5,9,9,7,9,8,6,6,6,10,8,7,4,5,10,,7,,,8,7,7,1,10,7,1,10,6,5,6,8,2,2,9,2,6,1,1,10,10,10,3,6,1,3,8,8,7,7,8,10,10,7,5,8,5,5,9,8,,,10,8,,,8,1,8,8,8,8,8,6,7,5,9,9,4,3,3,6,3,7,10,8,10,5,5,9,,10,,,b'\x11\xe8\xe1I\xe8\xac\xc3\x82\x9a\xbe\x12\xdf\x17\xaeN\x1e'
11E8E149-E8AC-C382-9ABE-12DF17AE4E1E,2018-ncaa-d3-natl,ncaa,364,394,197,381,264,324,342,280,377,321,196,385,329,327,304,327,180,203,118,199,235,269,275,387,365,347,196,291,46,238,309,389,352,356,380,301,160,191,230,280,155,134,440,439,,,269,323,,,392,282,267,303,363,380,280,342,184,333,336,155,193,190,268,277,233,428,408,324,196,146,441,,290,,,390,385,406,173,434,387,154,438,342,277,377,313,194,140,383,147,201,164,163,436,438,431,154,258,83,190,352,320,309,280,380,420,370,237,230,390,302,323,327,321,,,264,229,,,392,162,340,422,394,386,396,210,381,169,345,291,188,138,143,186,184,203,341,301,405,247,309,342,,283,,,b'\x11\xe8\xe1I\xe8\xac\xc3\x82\x9a\xbe\x12\xdf\x17\xaeN\x1e'
11E8E149-E8AC-C382-9ABE-12DF17AE4E1E,2019-ncaa-d3-conf-PAC,ncaa,4,4,6,4,6,7,7,5,9,9,8,6,2,2,6,2,8,7,6,7,4,6,7,7,7,5,2,2,7,8,8,9,9,9,9,7,7,1,2,2,3,4,9,9,,,2,2,,,4,7,6,3,5,6,4,8,8,2,1,7,8,8,3,7,7,8,9,7,1,3,9,,2,,,4,5,5,5,6,5,4,7,6,5,4,6,1,1,8,1,2,3,4,7,6,4,4,6,2,7,9,9,8,8,9,7,9,4,3,5,1,1,8,9,,,8,4,,,4,3,7,5,4,5,6,5,6,5,6,7,1,1,1,5,6,8,9,9,7,3,1,9,,5,,,b'\x11\xe8\xe1I\xe8\xac\xc3\x82\x9a\xbe\x12\xdf\x17\xaeN\x1e'
11E8E149-E8AC-C382-9ABE-12DF17AE4E1E,2019-ncaa-d3-natl,ncaa,206,244,129,232,208,167,205,104,320,336,367,239,23,9,252,9,246,240,242,234,91,122,230,243,260,132,17,22,305,318,421,292,313,313,417,249,316,10,2,51,97,93,411,413,,,127,90,,,234,190,237,403,180,231,86,387,403,14,6,264,257,255,104,304,349,364,380,278,2,104,420,,93,,,233,340,381,288,381,345,176,411,380,390,247,385,89,74,315,78,88,228,251,389,368,348,179,336,46,273,313,438,421,420,417,417,394,164,178,349,15,8,277,365,,,214,189,,,234,248,162,340,239,294,337,250,303,132,361,371,75,55,59,188,193,260,430,398,392,189,8,269,,243,,,b'\x11\xe8\xe1I\xe8\xac\xc3\x82\x9a\xbe\x12\xdf\x17\xaeN\x1e'
11E8E149-E8AC-C382-9ABE-12DF17AE4E1E,2020-ncaa-d3-conf-PAC,ncaa,5,5,2,5,4,6,6,6,6,7,7,6,1,1,2,1,7,4,8,4,3,6,5,4,6,6,1,1,6,4,3,4,3,6,4,6,9,3,5,6,5,4,8,8,,,3,2,,,6,7,6,6,6,6,5,7,8,1,2,7,6,6,6,6,4,5,5,7,4,5,8,,2,,,6,5,6,5,6,7,6,6,6,6,8,6,2,2,6,2,2,4,4,6,6,6,3,6,2,5,3,6,3,6,4,5,3,7,5,6,3,3,6,8,,,4,4,,,6,4,5,5,5,5,5,4,6,4,6,6,1,1,2,4,3,4,6,5,5,7,3,6,,4,,,b'\x11\xe8\xe1I\xe8\xac\xc3\x82\x9a\xbe\x12\xdf\x17\xaeN\x1e'
11E8E149-E8AC-C382-9ABE-12DF17AE4E1E,2020-ncaa-d3-natl,ncaa,202,163,327,189,357,213,224,234,213,355,386,210,18,26,57,11,366,309,409,309,119,255,313,105,168,144,18,6,414,87,59,281,64,196,68,286,358,74,111,216,142,80,389,377,,,67,136,,,175,373,281,303,136,146,113,359,394,10,15,370,276,278,135,193,51,211,88,263,120,100,395,,86,,,170,135,195,76,352,157,57,385,289,267,277,374,43,35,274,34,103,55,56,375,349,317,209,336,46,38,64,108,59,59,68,119,82,274,191,195,52,94,233,363,,,315,284,,,175,75,78,277,155,230,280,175,242,86,323,333,59,43,47,119,106,63,184,117,171,227,98,283,,262,,,b'\x11\xe8\xe1I\xe8\xac\xc3\x82\x9a\xbe\x12\xdf\x17\xaeN\x1e'
11E8E149-E8AC-C382-9ABE-12DF17AE4E1E,2021-ncaa-d3-conf-PAC,ncaa,5,4,9,5,10,8,8,7,6,8,9,6,4,2,7,1,8,9,8,9,4,9,9,6,6,6,2,3,8,7,4,10,7,7,5,8,9,2,5,8,4,2,8,8,,,3,7,,,4,10,7,6,7,6,5,7,9,3,2,8,8,8,5,6,4,9,7,8,6,3,8,,7,,,4,1,2,1,4,3,1,6,1,1,1,3,2,2,6,2,3,1,1,4,5,4,2,2,6,2,7,3,4,2,5,4,6,4,2,4,1,3,3,7,,,10,8,,,4,1,6,4,4,3,4,3,5,4,1,3,2,2,2,2,4,6,5,6,4,3,3,4,,10,,,b'\x11\xe8\xe1I\xe8\xac\xc3\x82\x9a\xbe\x12\xdf\x17\xaeN\x1e'
11E8E149-E8AC-C382-9ABE-12DF17AE4E1E,2021-ncaa-d3-natl,ncaa,128,149,146,152,160,150,149,142,201,168,187,128,88,64,182,14,172,164,234,163,104,149,147,160,186,187,38,21,225,97,63,169,210,145,147,175,231,151,179,214,68,20,171,196,,,130,97,,,103,156,120,110,156,156,86,227,257,37,15,213,191,194,95,76,47,201,113,207,197,21,202,,113,,,111,113,119,122,122,128,123,163,100,130,44,158,116,117,113,115,93,121,133,103,94,58,73,83,103,155,210,136,63,139,147,132,148,94,35,61,149,173,132,216,,,176,253,,,103,130,168,64,115,81,110,106,138,117,63,128,77,86,77,87,170,193,156,176,135,33,185,155,,229,,,b'\x11\xe8\xe1I\xe8\xac\xc3\x82\x9a\xbe\x12\xdf\x17\xaeN\x1e'
11E8E149-E8AC-C382-9ABE-12DF17AE4E1E,2022-ncaa-d3-conf-PAC,ncaa,4,4,6,4,7,7,6,6,8,8,8,8,3,2,5,2,10,9,9,9,6,6,8,6,7,6,4,2,10,5,5,9,5,8,7,6,4,2,3,4,3,1,8,7,,,3,5,,,4,8,9,9,8,7,4,9,9,3,2,10,9,9,6,7,5,10,9,6,3,3,8,,3,,,4,1,1,1,4,1,1,3,3,1,8,6,2,2,9,2,3,1,3,5,4,2,9,9,4,2,5,6,5,5,7,4,9,4,1,3,2,3,4,7,,,10,9,,,4,2,5,2,4,2,2,1,2,1,3,2,1,1,1,1,2,2,7,4,3,3,3,4,,10,,,b'\x11\xe8\xe1I\xe8\xac\xc3\x82\x9a\xbe\x12\xdf\x17\xaeN\x1e'
11E8E149-E8AC-C382-9ABE-12DF17AE4E1E,2022-ncaa-d3-natl,ncaa,131,129,188,137,245,239,226,199,289,293,276,304,81,80,134,68,346,324,375,314,260,223,259,237,278,236,79,39,387,143,188,270,213,221,251,214,164,87,100,139,34,12,310,316,,,92,97,,,129,290,365,399,274,263,169,346,330,73,68,390,359,353,220,308,137,323,232,228,75,27,334,,56,,,131,50,63,105,88,64,108,76,151,158,194,260,59,39,385,41,61,82,145,90,91,49,238,296,141,179,213,290,188,244,251,204,376,95,38,105,111,137,230,285,,,372,403,,,129,138,214,48,131,31,48,50,54,78,136,128,38,14,16,23,72,161,291,238,176,85,116,230,,413,,,b'\x11\xe8\xe1I\xe8\xac\xc3\x82\x9a\xbe\x12\xdf\x17\xaeN\x1e'
11E8E149-E8AC-C382-9ABE-12DF17AE4E1E,2023-ncaa-d3-conf-PAC,ncaa,3,4,1,4,2,1,2,3,5,7,10,2,1,2,2,1,4,3,8,3,1,3,3,2,2,2,1,1,9,4,7,6,10,6,9,2,2,3,2,2,1,1,6,5,,,10,8,,,3,2,7,10,3,5,4,9,11,1,2,5,4,4,3,7,6,11,10,2,1,1,6,,7,,,4,6,4,7,3,6,8,6,1,6,2,3,10,10,6,9,7,7,10,3,4,3,4,2,8,10,10,10,7,10,9,7,6,1,1,1,1,1,6,8,,,5,6,,,3,10,2,3,3,4,3,3,4,4,1,2,6,7,7,2,7,8,8,7,4,2,1,4,,8,,,b'\x11\xe8\xe1I\xe8\xac\xc3\x82\x9a\xbe\x12\xdf\x17\xaeN\x1e'
11E8E149-E8AC-C382-9ABE-12DF17AE4E1E,2023-ncaa-d3-natl,ncaa,67,85,63,81,104,57,74,31,231,227,302,115,7,8,149,5,238,129,384,128,58,37,49,120,170,116,15,6,396,32,142,135,366,65,305,42,43,120,28,21,11,9,103,124,,,289,128,,,44,72,144,400,70,94,33,300,386,6,5,298,189,181,41,95,40,237,99,49,63,12,120,,212,,,47,168,199,323,68,250,311,122,134,279,23,227,201,241,52,237,170,322,391,53,44,16,124,148,195,407,366,418,142,417,305,274,298,23,28,55,89,33,338,371,,,225,384,,,44,366,84,43,47,82,116,210,158,198,85,199,120,176,167,193,331,368,374,378,202,24,61,302,,332,,,b'\x11\xe8\xe1I\xe8\xac\xc3\x82\x9a\xbe\x12\xdf\x17\xaeN\x1e'
11E8E149-E8AC-C382-9ABE-12DF17AE4E1E,2024-ncaa-d3-conf-PAC,ncaa,1,1,2,1,2,2,1,2,2,2,4,1,1,2,3,3,4,2,10,2,2,2,2,1,2,2,5,3,10,3,7,8,10,7,10,1,3,6,1,2,1,1,5,5,,,9,2,,,1,2,2,2,1,1,3,3,8,1,2,4,2,2,2,5,6,9,9,1,3,1,7,,5,,,1,6,6,5,6,5,5,7,5,6,3,7,6,5,9,5,6,4,10,5,5,1,7,6,6,7,10,9,7,9,10,7,11,1,1,1,1,1,2,2,,,3,4,,,1,10,2,1,1,4,5,2,3,1,4,4,4,4,3,1,9,6,7,6,7,1,1,1,,5,,,b'\x11\xe8\xe1I\xe8\xac\xc3\x82\x9a\xbe\x12\xdf\x17\xaeN\x1e'
11E8E149-E8AC-C382-9ABE-12DF17AE4E1E,2024-ncaa-d3-natl,ncaa,20,17,38,22,40,24,21,25,66,54,108,28,15,11,95,57,173,74,399,67,136,27,34,41,75,51,152,66,399,69,192,193,361,128,323,18,77,164,33,17,4,5,93,106,,,267,66,,,28,27,89,85,19,18,29,80,206,19,22,255,147,137,29,76,120,352,256,19,78,5,128,,147,,,26,289,281,321,152,241,225,203,347,375,163,346,237,221,272,224,205,315,408,181,181,33,290,316,170,391,361,402,192,407,323,357,382,5,7,34,123,30,238,183,,,149,358,,,28,405,51,43,29,133,140,140,122,91,252,292,145,127,125,118,355,330,321,325,274,8,66,179,,283,,,b'\x11\xe8\xe1I\xe8\xac\xc3\x82\x9a\xbe\x12\xdf\x17\xaeN\x1e'
11E8E149-E8AC-C382-9ABE-12DF17AE4E1E,2025-ncaa-d3-conf-PAC,genius_ncaa,2,2,1,2,1,1,1,1,3,1,1,4,1,2,2,3,1,1,5,1,1,1,1,2,2,2,3,3,4,1,2,5,7,2,4,2,8,1,1,1,1,1,6,6,,,7,4,,11,1,2,10,2,1,3,2,5,4,1,3,1,1,1,2,7,2,11,7,4,1,1,6,,2,,10,1,2,3,6,3,4,1,7,3,9,1,11,1,1,1,1,3,4,11,3,3,1,3,8,4,8,7,9,2,9,4,7,9,1,1,1,1,1,8,5,,,1,3,,4,1,10,2,1,1,1,2,2,2,1,2,8,1,1,1,1,3,7,3,4,6,1,1,5,,3,,6,b'\x11\xe8\xe1I\xe8\xac\xc3\x82\x9a\xbe\x12\xdf\x17\xaeN\x1e'
11E8E149-E8AC-C382-9ABE-12DF17AE4E1E,2025-ncaa-d3-natl,genius_ncaa,44,44,55,46,73,25,34,30,73,63,83,97,17,38,43,107,99,109,160,110,212,31,68,56,65,24,126,88,318,34,63,125,225,62,151,65,263,16,2,7,10,5,165,148,,,104,47,,346,7,96,197,178,23,23,25,67,119,24,45,125,145,148,33,111,35,217,77,67,3,8,198,,38,,335,6,87,158,243,94,151,140,216,209,360,24,384,24,36,71,39,57,182,332,99,61,18,137,290,43,287,225,331,63,329,151,282,341,23,17,63,11,7,291,211,,,222,353,,190,7,325,8,26,5,39,84,118,93,56,155,314,9,14,14,71,221,220,241,235,226,29,8,261,,311,,215,b'\x11\xe8\xe1I\xe8\xac\xc3\x82\x9a\xbe\x12\xdf\x17\xaeN\x1e'
11E8E149-E8AC-C382-9ABE-12DF17AE4E1E,2026-ncaa-d3-conf-PAC,genius_ncaa,9,9,1,9,3,12,12,6,12,12,5,12,9,8,9,10,7,4,10,3,4,4,7,12,12,11,6,6,3,5,9,9,6,9,11,10,1,4,4,8,1,1,7,6,,,9,10,,12,9,8,8,3,12,12,6,12,5,9,8,7,4,3,4,7,5,9,9,10,4,1,7,,9,,12,9,5,5,3,8,5,4,6,6,4,9,8,4,4,3,4,7,3,3,9,8,5,6,8,3,4,6,11,9,10,11,9,11,2,2,4,3,4,9,8,,,6,6,,10,9,5,12,5,9,5,5,3,5,4,6,4,4,4,4,3,3,4,11,10,9,2,3,9,,6,,10,b'\x11\xe8\xe1I\xe8\xac\xc3\x82\x9a\xbe\x12\xdf\x17\xaeN\x1e'
11E8E149-E8AC-C382-9ABE-12DF17AE4E1E,2026-ncaa-d3-natl,genius_ncaa,54,132,42,116,58,22,22,31,119,27,37,130,60,67,124,200,108,120,182,119,307,37,63,121,137,74,251,178,311,51,153,97,220,74,220,8,22,159,21,10,12,15,58,94,,,246,97,,400,12,79,190,95,54,48,45,69,83,111,133,201,237,238,57,163,109,222,161,13,36,21,103,,104,,380,23,204,218,293,70,236,305,90,162,251,65,155,201,238,91,236,159,287,339,50,36,13,130,132,211,307,220,355,153,344,220,286,340,22,38,73,103,23,368,278,,,165,352,,363,12,345,57,22,21,37,57,116,99,165,63,105,87,128,127,104,222,208,293,261,184,39,30,328,,324,,381,b'\x11\xe8\xe1I\xe8\xac\xc3\x82\x9a\xbe\x12\xdf\x17\xaeN\x1e'
11E8E149-E8B1-8A7A-9ABE-12DF17AE4E1E,2018-ncaa-d3-conf-UAA,ncaa,1,1,1,1,5,2,2,1,2,1,1,3,3,6,2,8,1,2,4,2,4,1,1,2,2,2,5,4,3,4,6,5,6,5,6,5,8,1,1,2,1,1,4,4,,,1,1,,,1,1,1,5,2,2,1,1,1,3,6,1,2,2,1,1,4,5,5,5,1,1,4,,1,,,1,2,1,2,2,3,4,2,1,2,1,3,3,3,7,3,3,2,7,2,2,1,3,1,6,7,6,6,6,6,6,2,2,1,1,1,1,1,8,6,,,4,4,,,1,7,2,2,1,2,1,2,3,4,1,2,3,3,3,2,7,7,6,6,2,1,1,8,,4,,,b'\x11\xe8\xe1I\xe8\xb1\x8az\x9a\xbe\x12\xdf\x17\xaeN\x1e'
11E8E149-E8B1-8A7A-9ABE-12DF17AE4E1E,2018-ncaa-d3-natl,ncaa,22,7,68,14,74,21,31,45,61,31,42,90,103,176,41,323,10,16,123,18,104,36,59,71,56,26,224,271,115,99,170,137,221,111,217,162,415,123,26,121,24,32,109,162,,,339,205,,,25,48,77,80,13,19,47,27,55,135,222,16,17,19,36,72,131,228,169,212,65,26,130,,274,,,24,269,261,308,192,343,396,130,83,61,234,27,354,344,263,349,223,325,392,137,164,71,111,43,342,308,221,368,170,348,217,120,56,29,40,26,105,39,423,322,,,42,128,,,25,392,22,75,32,163,169,171,252,330,43,30,312,283,293,189,340,219,269,251,83,30,70,401,,53,,,b'\x11\xe8\xe1I\xe8\xb1\x8az\x9a\xbe\x12\xdf\x17\xaeN\x1e'
11E8E149-E8B1-8A7A-9ABE-12DF17AE4E1E,2019-ncaa-d3-conf-UAA,ncaa,2,2,1,2,1,3,3,5,3,3,5,3,4,3,4,3,4,4,3,4,5,6,4,3,3,4,4,4,4,3,3,6,4,6,4,6,8,8,8,7,2,2,5,5,,,6,5,,,3,3,3,1,3,3,5,3,5,4,3,4,4,4,6,4,3,6,6,6,8,2,5,,6,,,3,2,2,1,4,6,5,6,1,3,1,3,6,5,3,6,5,1,3,2,2,1,1,1,8,4,4,3,3,3,4,2,2,2,2,1,8,8,7,7,,,8,8,,,3,6,4,1,3,2,2,1,6,5,1,3,6,5,6,1,3,4,3,3,2,2,8,7,,8,,,b'\x11\xe8\xe1I\xe8\xb1\x8az\x9a\xbe\x12\xdf\x17\xaeN\x1e'
11E8E149-E8B1-8A7A-9ABE-12DF17AE4E1E,2019-ncaa-d3-natl,ncaa,78,72,129,76,154,99,95,132,95,107,140,94,137,159,123,220,154,171,188,170,220,130,133,97,99,102,241,212,280,129,149,190,179,163,157,196,377,228,172,219,53,49,68,93,,,352,329,,,120,142,151,154,79,76,121,94,163,143,180,171,176,180,121,141,143,229,170,214,199,46,69,,343,,,120,233,227,206,251,343,339,244,30,52,80,29,368,345,353,350,261,245,307,177,221,174,70,16,360,197,179,234,149,214,157,57,20,99,111,47,192,148,427,397,,,242,323,,,120,319,101,158,111,204,193,160,300,319,24,35,355,321,333,205,267,160,184,169,53,103,158,424,,275,,,b'\x11\xe8\xe1I\xe8\xb1\x8az\x9a\xbe\x12\xdf\x17\xaeN\x1e'
11E8E149-E8B1-8A7A-9ABE-12DF17AE4E1E,2020-ncaa-d3-conf-UAA,ncaa,1,1,1,1,3,3,2,5,1,1,4,2,4,7,2,6,3,2,6,2,2,4,3,2,1,3,5,6,4,2,1,4,1,3,1,8,8,5,6,8,1,2,4,4,,,3,4,,,1,5,4,3,3,2,5,1,4,4,7,3,2,2,4,3,2,4,3,8,5,1,4,,3,,,1,1,1,3,1,2,2,1,3,4,5,4,3,2,7,3,4,4,4,1,1,1,6,4,6,2,1,1,1,1,1,2,4,1,1,1,5,5,6,6,,,5,7,,,1,6,3,1,1,1,1,3,2,2,3,4,3,2,3,4,4,2,1,1,2,1,5,6,,5,,,b'\x11\xe8\xe1I\xe8\xb1\x8az\x9a\xbe\x12\xdf\x17\xaeN\x1e'
11E8E149-E8B1-8A7A-9ABE-12DF17AE4E1E,2020-ncaa-d3-natl,ncaa,48,46,65,50,81,44,53,105,27,71,138,44,63,108,32,174,73,118,76,119,170,111,108,31,26,23,173,155,244,128,113,139,108,137,90,190,401,171,108,176,85,94,149,179,,,162,112,,,50,107,248,104,44,54,180,89,225,77,156,104,155,162,160,220,179,224,213,230,104,104,177,,89,,,51,259,276,278,229,286,309,186,237,192,298,173,206,138,402,147,102,250,312,211,220,182,172,228,180,150,108,145,113,144,90,124,49,105,122,79,169,119,391,356,,,205,290,,,50,338,22,153,44,159,187,168,199,212,191,130,155,86,92,132,157,99,71,63,87,154,123,361,,287,,,b'\x11\xe8\xe1I\xe8\xb1\x8az\x9a\xbe\x12\xdf\x17\xaeN\x1e'
11E8E149-E8B1-8A7A-9ABE-12DF17AE4E1E,2022-ncaa-d3-conf-UAA,ncaa,5,5,3,5,6,4,6,8,3,5,7,3,5,5,4,3,2,3,3,3,2,8,8,3,3,3,2,4,1,8,6,8,1,8,5,4,3,4,5,5,1,1,7,6,,,4,7,,,4,8,8,4,4,6,7,5,7,5,4,2,2,2,7,7,8,8,8,4,4,1,7,,5,,,4,2,2,1,8,2,1,8,2,1,8,2,5,5,4,5,7,1,1,8,8,5,4,2,5,1,1,3,6,2,5,3,4,2,1,3,4,5,6,6,,,4,3,,,4,1,3,4,5,3,2,1,2,1,2,1,6,5,5,1,1,1,3,2,3,1,4,6,,4,,,b'\x11\xe8\xe1I\xe8\xb1\x8az\x9a\xbe\x12\xdf\x17\xaeN\x1e'
11E8E149-E8B1-8A7A-9ABE-12DF17AE4E1E,2022-ncaa-d3-natl,ncaa,147,156,188,156,202,162,176,246,102,177,248,93,142,173,124,171,153,193,111,197,152,241,274,95,87,91,186,182,182,287,294,307,37,301,209,157,160,110,148,112,103,47,202,170,,,244,346,,,166,258,327,101,146,159,274,176,277,144,178,147,173,176,266,336,318,362,362,150,111,89,208,,255,,,162,205,169,68,361,188,111,309,151,46,406,72,323,276,408,281,333,77,116,364,393,309,241,161,354,15,37,201,294,98,209,76,53,144,62,69,134,161,324,347,,,199,127,,,166,164,114,241,168,182,153,12,178,82,136,27,330,267,275,18,43,9,189,68,73,137,132,336,,193,,,b'\x11\xe8\xe1I\xe8\xb1\x8az\x9a\xbe\x12\xdf\x17\xaeN\x1e'
11E8E149-E8B1-8A7A-9ABE-12DF17AE4E1E,2023-ncaa-d3-conf-UAA,ncaa,2,2,1,2,1,2,6,3,6,5,3,6,6,5,6,5,1,1,1,1,2,1,2,5,5,4,3,5,1,2,2,4,2,2,3,5,7,4,2,5,2,2,5,4,,,7,8,,,4,3,3,1,2,6,3,5,3,6,5,1,1,1,1,2,2,4,2,5,4,2,5,,7,,,4,4,4,1,6,4,2,6,3,3,3,4,6,7,5,6,8,3,2,6,7,4,5,3,8,2,2,5,2,2,3,6,8,2,2,3,5,5,4,2,,,1,3,,,4,6,3,4,3,4,4,1,4,2,3,3,6,7,6,3,2,2,5,2,6,2,5,4,,1,,,b'\x11\xe8\xe1I\xe8\xb1\x8az\x9a\xbe\x12\xdf\x17\xaeN\x1e'
11E8E149-E8B1-8A7A-9ABE-12DF17AE4E1E,2023-ncaa-d3-natl,ncaa,26,30,33,32,47,42,76,80,108,103,123,119,85,95,91,194,16,31,14,28,64,66,81,98,67,43,120,198,61,142,212,32,23,58,75,123,277,135,60,105,248,301,103,115,,,342,292,,,89,70,256,210,82,137,188,167,239,125,169,24,61,59,156,264,214,74,139,205,55,329,139,,238,,,96,338,299,332,184,277,265,207,317,348,183,291,348,315,380,309,265,342,328,194,235,248,300,264,300,99,23,336,212,227,75,307,252,168,250,256,70,29,245,184,,,51,105,,,89,363,51,179,89,170,151,135,134,113,230,248,277,220,211,134,115,41,175,92,201,283,29,170,,133,,,b'\x11\xe8\xe1I\xe8\xb1\x8az\x9a\xbe\x12\xdf\x17\xaeN\x1e'
11E8E149-E8B1-8A7A-9ABE-12DF17AE4E1E,2024-ncaa-d3-conf-UAA,ncaa,3,3,1,3,2,5,6,6,6,6,5,7,6,5,5,5,1,1,5,1,2,2,2,7,6,6,3,6,1,4,6,3,3,3,3,7,7,5,5,7,2,2,7,7,,,5,5,,,3,3,3,2,5,6,6,6,5,6,5,1,1,1,2,2,4,3,3,7,5,2,7,,5,,,3,2,3,3,3,3,4,5,2,3,1,4,5,4,7,4,4,2,3,2,2,2,3,2,6,2,3,6,6,3,3,2,2,2,2,2,3,3,8,8,,,2,2,,,3,6,7,2,3,2,3,3,3,4,2,3,5,4,4,2,3,2,6,3,2,2,3,8,,2,,,b'\x11\xe8\xe1I\xe8\xb1\x8az\x9a\xbe\x12\xdf\x17\xaeN\x1e'
11E8E149-E8B1-8A7A-9ABE-12DF17AE4E1E,2024-ncaa-d3-natl,ncaa,129,115,200,127,229,117,141,202,84,148,214,98,123,179,47,212,76,61,228,73,65,176,226,69,61,64,155,180,144,279,283,91,22,158,108,213,350,97,95,151,230,227,211,220,,,197,232,,,138,193,151,133,59,94,162,131,192,111,181,55,39,54,125,185,278,33,112,202,107,223,216,,215,,,138,251,265,231,254,256,202,273,251,271,200,272,184,143,347,137,138,210,166,251,256,298,203,246,155,60,22,228,283,125,108,180,94,286,301,247,45,36,276,273,,,113,62,,,138,241,81,227,135,259,277,270,256,222,262,287,202,163,147,244,202,49,246,144,181,291,44,289,,63,,,b'\x11\xe8\xe1I\xe8\xb1\x8az\x9a\xbe\x12\xdf\x17\xaeN\x1e'
11E8E149-E8B1-8A7A-9ABE-12DF17AE4E1E,2025-ncaa-d3-conf-UAA,genius_ncaa,6,6,1,6,1,7,7,7,5,7,8,6,2,5,3,2,4,5,2,5,2,8,8,5,4,4,1,2,3,7,7,2,2,6,2,6,4,6,8,6,7,6,6,6,,,6,7,,6,4,8,8,1,7,7,7,7,8,2,5,4,5,5,8,8,7,2,6,6,6,7,6,,6,,6,4,2,2,1,3,6,6,5,2,3,2,3,4,4,2,4,4,3,1,3,3,4,2,3,5,2,2,2,7,1,2,3,3,8,8,6,2,3,4,6,,,6,4,,8,4,1,6,2,4,2,2,1,6,6,2,3,4,4,4,3,1,2,2,1,3,8,2,4,,6,,8,b'\x11\xe8\xe1I\xe8\xb1\x8az\x9a\xbe\x12\xdf\x17\xaeN\x1e'
11E8E149-E8B1-8A7A-9ABE-12DF17AE4E1E,2025-ncaa-d3-natl,genius_ncaa,141,118,192,141,197,226,254,333,121,300,346,171,112,210,26,123,179,231,54,224,89,328,353,82,66,95,55,76,151,348,262,183,17,270,46,284,285,112,221,225,363,344,157,136,,,162,285,,354,183,342,393,19,217,263,386,320,373,91,193,148,228,220,382,403,364,145,272,296,141,382,159,,169,,362,183,111,114,95,205,129,124,207,151,146,198,204,181,152,297,156,227,97,46,201,209,282,208,194,221,16,17,32,262,23,46,51,46,389,372,259,35,85,141,244,,,312,223,,327,183,93,130,231,171,133,138,108,151,136,162,155,187,157,164,107,28,18,25,17,59,403,45,137,,340,,336,b'\x11\xe8\xe1I\xe8\xb1\x8az\x9a\xbe\x12\xdf\x17\xaeN\x1e'
11E8E149-E8B1-8A7A-9ABE-12DF17AE4E1E,2026-ncaa-d3-natl,genius_ncaa,98,68,215,92,225,211,187,294,23,194,299,32,139,242,39,152,314,367,14,361,359,313,326,19,15,30,215,131,370,257,67,243,10,251,13,186,227,80,156,86,327,248,178,126,,,40,71,,197,89,339,411,20,125,89,296,127,285,100,214,316,392,387,342,388,210,146,175,132,82,326,162,,12,,234,73,93,112,99,207,102,91,202,187,153,273,305,55,63,173,63,96,84,69,235,202,252,215,328,77,32,10,49,67,41,13,127,224,367,323,316,52,67,33,37,,,363,363,,323,89,84,30,185,57,75,117,83,102,85,233,197,39,33,34,48,12,13,15,7,163,385,46,25,,402,,330,b'\x11\xe8\xe1I\xe8\xb1\x8az\x9a\xbe\x12\xdf\x17\xaeN\x1e'
11E8E149-E8B5-CFCC-9ABE-12DF17AE4E1E,2018-ncaa-d3-conf-C2C,ncaa,2,2,1,2,3,1,1,1,6,2,1,8,1,2,2,7,1,1,3,1,6,1,1,6,5,3,6,6,3,1,1,3,1,1,1,1,1,5,1,3,1,1,4,2,,,9,7,,,1,1,2,9,1,1,1,3,1,1,2,1,1,1,1,1,1,7,1,1,4,1,4,,8,,,1,3,2,2,4,2,2,3,3,1,7,6,7,7,8,7,9,2,9,5,5,2,9,5,10,1,1,8,1,5,1,3,8,1,1,1,2,1,10,9,,,1,6,,,1,10,2,1,1,2,2,2,2,2,2,1,4,5,5,2,9,1,8,3,3,1,2,10,,1,,,b'\x11\xe8\xe1I\xe8\xb5\xcf\xcc\x9a\xbe\x12\xdf\x17\xaeN\x1e'
11E8E149-E8B5-CFCC-9ABE-12DF17AE4E1E,2018-ncaa-d3-conf-CAC,ncaa,2,2,1,2,3,1,1,1,6,2,1,8,1,2,2,7,1,1,3,1,6,1,1,6,5,3,6,6,3,1,1,3,1,1,1,1,1,5,1,3,1,1,4,2,,,9,7,,,1,1,2,9,1,1,1,3,1,1,2,1,1,1,1,1,1,7,1,1,4,1,4,,8,,,1,3,2,2,4,2,2,3,3,1,7,6,7,7,8,7,9,2,9,5,5,2,9,5,10,1,1,8,1,5,1,3,8,1,1,1,2,1,10,9,,,1,6,,,1,10,2,1,1,2,2,2,2,2,2,1,4,5,5,2,9,1,8,3,3,1,2,10,,1,,,b'\x11\xe8\xe1I\xe8\xb5\xcf\xcc\x9a\xbe\x12\xdf\x17\xaeN\x1e'
11E8E149-E8B5-CFCC-9ABE-12DF17AE4E1E,2018-ncaa-d3-natl,ncaa,14,37,8,34,16,6,10,3,234,16,2,286,44,44,107,292,3,2,159,2,146,3,2,223,200,162,175,225,90,3,10,79,52,5,30,10,106,413,109,110,1,1,119,129,,,443,375,,,7,3,20,402,18,30,9,53,18,112,129,11,11,12,8,7,7,347,26,30,285,3,192,,404,,,7,310,231,211,226,247,256,221,205,198,196,156,413,429,103,428,421,303,441,229,249,11,286,131,405,93,52,432,10,367,30,316,344,3,1,3,373,103,444,411,,,2,151,,,7,442,69,6,13,66,36,12,71,37,79,63,322,364,357,22,344,21,259,115,136,3,250,443,,5,,,b'\x11\xe8\xe1I\xe8\xb5\xcf\xcc\x9a\xbe\x12\xdf\x17\xaeN\x1e'
11E8E149-E8B5-CFCC-9ABE-12DF17AE4E1E,2019-ncaa-d3-conf-C2C,ncaa,1,1,1,1,2,1,1,2,1,2,4,1,2,2,1,3,1,1,3,1,2,2,2,1,1,1,2,2,5,3,4,3,5,3,4,1,3,6,2,2,1,1,5,6,,,5,2,,,1,1,1,8,1,1,3,2,4,2,2,2,1,1,2,2,5,3,4,1,3,1,5,,3,,,1,4,7,7,4,6,8,4,4,5,4,2,3,3,1,3,2,7,8,4,3,1,4,4,2,8,5,6,4,7,4,6,6,1,1,1,5,3,7,5,,,1,2,,,1,8,1,1,1,3,5,5,4,6,4,4,2,3,3,4,8,5,4,5,4,1,4,5,,2,,,b'\x11\xe8\xe1I\xe8\xb5\xcf\xcc\x9a\xbe\x12\xdf\x17\xaeN\x1e'
11E8E149-E8B5-CFCC-9ABE-12DF17AE4E1E,2019-ncaa-d3-conf-CAC,ncaa,1,1,1,1,2,1,1,2,1,2,4,1,2,2,1,3,1,1,3,1,2,2,2,1,1,1,2,2,5,3,4,3,5,3,4,1,3,6,2,2,1,1,5,6,,,5,2,,,1,1,1,8,1,1,3,2,4,2,2,2,1,1,2,2,5,3,4,1,3,1,5,,3,,,1,4,7,7,4,6,8,4,4,5,4,2,3,3,1,3,2,7,8,4,3,1,4,4,2,8,5,6,4,7,4,6,6,1,1,1,5,3,7,5,,,1,2,,,1,8,1,1,1,3,5,5,4,6,4,4,2,3,3,4,8,5,4,5,4,1,4,5,,2,,,b'\x11\xe8\xe1I\xe8\xb5\xcf\xcc\x9a\xbe\x12\xdf\x17\xaeN\x1e'
11E8E149-E8B5-CFCC-9ABE-12DF17AE4E1E,2019-ncaa-d3-natl,ncaa,15,46,4,44,7,5,8,5,88,27,24,110,10,12,33,124,5,3,193,3,57,5,2,53,52,68,71,92,170,29,140,23,255,17,196,9,85,424,180,94,2,11,60,117,,,441,294,,,13,2,19,408,14,30,42,109,172,24,57,27,25,24,28,32,97,215,128,29,292,8,108,,390,,,16,415,406,430,140,396,424,134,316,357,167,160,356,402,46,401,214,438,442,129,116,25,191,175,232,421,255,436,140,434,196,422,386,2,9,32,381,147,437,361,,,1,72,,,13,442,73,27,29,125,141,172,169,219,130,139,170,229,221,175,403,269,251,263,275,6,224,392,,8,,,b'\x11\xe8\xe1I\xe8\xb5\xcf\xcc\x9a\xbe\x12\xdf\x17\xaeN\x1e'
11E8E149-E8B5-CFCC-9ABE-12DF17AE4E1E,2020-ncaa-d3-conf-C2C,ncaa,1,1,2,1,2,1,1,3,1,1,3,1,2,2,3,2,1,1,1,1,1,2,1,1,1,1,2,2,1,2,1,3,5,2,2,4,4,4,3,3,1,1,2,2,,,4,2,,,1,1,1,1,1,1,2,2,3,2,2,1,1,1,2,1,2,4,2,4,3,1,2,,4,,,1,3,2,4,2,3,4,1,1,2,3,1,5,5,1,5,5,4,6,1,1,1,4,2,5,5,5,3,1,3,2,3,5,1,1,1,3,3,6,6,,,1,1,,,1,6,1,1,1,2,2,2,2,3,1,2,5,5,5,3,5,5,2,4,3,1,3,6,,1,,,b'\x11\xe8\xe1I\xe8\xb5\xcf\xcc\x9a\xbe\x12\xdf\x17\xaeN\x1e'
11E8E149-E8B5-CFCC-9ABE-12DF17AE4E1E,2020-ncaa-d3-conf-CAC,ncaa,1,1,2,1,2,1,1,3,1,1,3,1,2,2,3,2,1,1,1,1,1,2,1,1,1,1,2,2,1,2,1,3,5,2,2,4,4,4,3,3,1,1,2,2,,,4,2,,,1,1,1,1,1,1,2,2,3,2,2,1,1,1,2,1,2,4,2,4,3,1,2,,4,,,1,3,2,4,2,3,4,1,1,2,3,1,5,5,1,5,5,4,6,1,1,1,4,2,5,5,5,3,1,3,2,3,5,1,1,1,3,3,6,6,,,1,1,,,1,6,1,1,1,2,2,2,2,3,1,2,5,5,5,3,5,5,2,4,3,1,3,6,,1,,,b'\x11\xe8\xe1I\xe8\xb5\xcf\xcc\x9a\xbe\x12\xdf\x17\xaeN\x1e'
11E8E149-E8B5-CFCC-9ABE-12DF17AE4E1E,2020-ncaa-d3-natl,ncaa,9,15,7,14,13,3,12,5,127,20,20,100,43,30,176,197,2,5,63,4,42,4,3,133,84,116,147,235,56,5,6,108,274,14,63,21,203,428,239,213,5,10,62,127,,,430,292,,,14,4,15,220,7,28,20,47,76,100,74,2,8,8,12,12,9,307,44,54,363,8,106,,388,,,16,396,352,354,258,401,418,207,82,61,249,12,425,420,317,418,310,397,434,199,252,42,105,19,389,348,274,334,6,349,63,381,345,3,3,19,327,102,437,391,,,1,68,,,14,435,51,37,26,191,165,103,262,294,24,11,380,361,352,141,399,227,129,167,261,3,219,427,,2,,,b'\x11\xe8\xe1I\xe8\xb5\xcf\xcc\x9a\xbe\x12\xdf\x17\xaeN\x1e'
11E8E149-E8B5-CFCC-9ABE-12DF17AE4E1E,2021-ncaa-d3-conf-C2C,ncaa,1,1,1,1,1,1,2,2,2,2,2,2,1,1,2,2,1,1,3,1,3,2,1,2,1,2,3,2,3,2,2,1,2,1,2,1,2,4,2,2,2,2,2,3,,,3,1,,,2,1,2,1,1,2,2,2,2,2,1,3,3,2,2,2,2,2,2,1,2,2,3,,1,,,2,4,4,4,3,4,4,2,4,3,3,1,3,3,3,3,1,4,4,3,2,2,2,2,2,4,2,3,2,4,2,4,3,2,2,2,4,2,4,4,,,1,1,,,2,4,2,2,2,2,2,2,2,2,2,1,1,1,1,2,2,2,1,2,2,2,2,4,,1,,,b'\x11\xe8\xe1I\xe8\xb5\xcf\xcc\x9a\xbe\x12\xdf\x17\xaeN\x1e'
11E8E149-E8B5-CFCC-9ABE-12DF17AE4E1E,2021-ncaa-d3-natl,ncaa,101,28,206,44,206,190,190,204,77,189,208,48,182,187,140,135,163,171,131,170,41,203,200,82,68,109,132,166,76,184,33,218,168,210,94,164,46,95,210,125,131,19,186,181,,,80,161,,,93,204,16,110,40,56,68,57,108,97,89,26,24,24,43,16,41,245,160,29,250,16,153,,204,,,85,80,87,71,263,103,85,231,50,44,242,6,88,82,165,81,100,71,79,241,239,136,18,16,130,69,168,62,33,61,94,114,264,155,14,107,92,155,103,212,,,170,17,,,93,80,86,108,93,182,209,87,258,248,23,6,167,169,164,98,228,79,57,62,253,13,202,231,,6,,,b'\x11\xe8\xe1I\xe8\xb5\xcf\xcc\x9a\xbe\x12\xdf\x17\xaeN\x1e'
11E8E149-E8B5-CFCC-9ABE-12DF17AE4E1E,2022-ncaa-d3-conf-C2C,ncaa,1,1,1,1,1,1,1,1,2,1,1,2,1,1,2,2,1,1,7,1,2,1,1,2,2,2,2,2,6,1,4,1,5,1,4,1,3,6,2,2,1,2,1,2,,,7,5,,,1,1,1,2,2,2,1,2,5,2,2,5,2,2,1,1,2,2,2,2,4,2,1,,5,,,1,7,7,7,1,7,7,1,6,7,1,1,7,7,6,7,4,7,7,1,1,1,3,1,7,7,5,7,4,7,4,6,3,1,2,2,6,3,7,6,,,1,1,,,1,7,2,1,1,1,1,4,1,5,1,1,6,5,5,4,6,6,5,6,2,2,3,6,,1,,,b'\x11\xe8\xe1I\xe8\xb5\xcf\xcc\x9a\xbe\x12\xdf\x17\xaeN\x1e'
11E8E149-E8B5-CFCC-9ABE-12DF17AE4E1E,2022-ncaa-d3-natl,ncaa,9,1,61,3,85,7,7,32,4,13,83,4,32,49,33,131,12,10,206,10,63,22,31,3,4,3,200,164,282,15,10,237,322,107,97,17,191,182,42,15,9,7,19,13,,,360,241,,,2,42,81,252,3,3,32,6,138,38,63,28,24,22,19,44,22,376,188,12,109,9,15,,293,,,2,164,122,151,146,207,262,126,31,46,68,19,379,367,300,368,340,188,378,96,146,13,158,17,408,328,322,131,10,200,97,204,280,4,2,5,94,19,354,274,,,2,28,,,2,382,2,17,2,52,43,18,111,133,12,10,334,313,313,34,301,242,31,92,118,4,51,318,,6,,,b'\x11\xe8\xe1I\xe8\xb5\xcf\xcc\x9a\xbe\x12\xdf\x17\xaeN\x1e'
11E8E149-E8B5-CFCC-9ABE-12DF17AE4E1E,2023-ncaa-d3-conf-C2C,ncaa,1,1,1,1,2,1,1,1,1,1,2,1,1,1,3,3,2,2,3,2,5,1,1,1,1,1,4,3,6,2,2,1,1,2,1,1,3,6,2,2,1,1,1,1,,,6,5,,,1,1,4,7,1,2,2,2,3,2,1,3,3,3,2,3,2,2,2,1,2,1,1,,5,,,1,6,6,6,1,6,7,1,4,5,3,1,6,6,2,6,5,6,7,1,1,1,5,2,7,5,1,6,2,6,1,6,4,1,1,1,5,2,6,3,,,1,5,,,1,7,1,1,1,1,1,1,1,3,1,1,4,4,4,1,2,1,1,1,2,1,2,2,,2,,,b'\x11\xe8\xe1I\xe8\xb5\xcf\xcc\x9a\xbe\x12\xdf\x17\xaeN\x1e'
11E8E149-E8B5-CFCC-9ABE-12DF17AE4E1E,2023-ncaa-d3-natl,ncaa,3,2,5,2,5,1,1,4,7,3,15,6,19,28,44,196,2,3,122,3,60,4,4,9,7,6,229,216,190,19,31,36,150,13,58,2,166,305,46,15,4,5,27,45,,,417,268,,,1,4,100,109,5,7,45,11,106,60,105,19,21,21,29,58,76,287,162,9,97,9,65,,314,,,1,278,212,330,76,292,385,80,77,135,46,62,402,413,117,413,355,379,424,48,76,5,193,41,402,301,150,336,31,336,58,267,271,3,4,2,100,7,274,96,,,1,13,,,1,425,4,4,3,28,22,20,61,107,15,24,292,319,318,35,271,122,54,64,85,5,18,129,,5,,,b'\x11\xe8\xe1I\xe8\xb5\xcf\xcc\x9a\xbe\x12\xdf\x17\xaeN\x1e'
11E8E149-E8B5-CFCC-9ABE-12DF17AE4E1E,2024-ncaa-d3-conf-C2C,ncaa,1,1,1,1,1,1,1,1,1,1,1,1,1,1,2,5,1,1,1,1,4,1,1,1,1,1,5,5,1,1,1,1,2,1,2,1,6,5,1,1,1,1,1,4,,,6,3,,,1,1,4,3,1,1,1,1,1,4,3,1,1,1,1,1,1,5,2,2,1,1,3,,3,,,1,6,6,6,3,5,6,3,6,5,4,2,4,4,3,4,4,6,6,3,3,2,3,2,4,6,2,6,1,6,2,6,5,1,1,2,4,1,6,3,,,1,2,,,1,6,1,2,1,2,3,1,3,3,2,2,3,4,4,1,3,2,1,1,3,1,1,3,,1,,,b'\x11\xe8\xe1I\xe8\xb5\xcf\xcc\x9a\xbe\x12\xdf\x17\xaeN\x1e'
11E8E149-E8B5-CFCC-9ABE-12DF17AE4E1E,2024-ncaa-d3-natl,ncaa,15,6,63,6,92,29,31,47,40,29,52,47,133,135,142,269,28,45,37,45,180,45,56,60,47,45,277,296,171,40,37,206,196,105,103,41,146,230,94,62,15,13,102,111,,,294,202,,,13,58,102,244,13,19,43,23,63,174,185,35,69,73,32,63,50,328,157,38,173,16,124,,219,,,11,130,165,131,232,239,225,197,77,62,193,66,190,212,127,224,205,146,350,187,186,29,95,80,231,200,196,196,37,192,103,310,389,6,5,28,64,17,405,296,,,28,103,,,13,364,29,23,14,66,95,41,160,140,41,25,132,156,161,35,268,130,103,100,249,9,40,378,,42,,,b'\x11\xe8\xe1I\xe8\xb5\xcf\xcc\x9a\xbe\x12\xdf\x17\xaeN\x1e'
11E8E149-E8B5-CFCC-9ABE-12DF17AE4E1E,2025-ncaa-d3-conf-C2C,genius_ncaa,1,1,1,1,1,1,1,1,2,1,1,2,1,1,1,2,1,1,2,1,2,1,1,2,1,2,3,3,1,1,1,1,2,1,2,1,1,6,3,2,1,1,1,1,,,5,2,,4,1,1,2,5,1,1,1,2,2,1,2,1,2,2,1,2,1,2,1,1,3,1,1,,2,,4,1,6,6,6,2,5,6,1,6,6,5,2,5,5,1,5,4,6,6,2,2,1,4,5,3,4,2,6,1,6,2,6,4,1,1,1,5,3,5,1,,,1,1,,3,1,6,2,1,1,1,1,1,1,3,2,2,3,4,4,1,4,1,2,2,2,2,3,2,,1,,3,b'\x11\xe8\xe1I\xe8\xb5\xcf\xcc\x9a\xbe\x12\xdf\x17\xaeN\x1e'
11E8E149-E8B5-CFCC-9ABE-12DF17AE4E1E,2025-ncaa-d3-natl,genius_ncaa,20,4,116,9,188,37,45,37,97,48,51,117,97,117,102,251,39,48,74,51,186,36,26,101,90,110,209,224,180,17,12,160,173,55,61,29,52,348,205,123,6,4,12,3,,,213,109,,43,6,42,30,400,17,22,17,27,42,93,126,30,53,57,17,10,12,191,37,13,313,5,7,,186,,36,3,41,43,96,48,52,152,37,113,100,213,155,149,165,116,156,205,98,364,53,56,3,270,239,253,213,173,224,12,218,61,181,356,4,1,8,193,67,367,246,,,20,93,,100,6,373,77,4,7,30,36,57,46,109,102,73,115,136,137,50,349,163,191,170,157,4,176,346,,11,,106,b'\x11\xe8\xe1I\xe8\xb5\xcf\xcc\x9a\xbe\x12\xdf\x17\xaeN\x1e'
11E8E149-E8B5-CFCC-9ABE-12DF17AE4E1E,2026-ncaa-d3-conf-C2C,genius_ncaa,1,1,1,1,1,2,3,3,2,3,3,2,3,2,2,3,1,3,1,2,2,3,4,2,2,1,3,3,1,3,2,4,4,4,3,2,2,1,1,1,2,2,1,1,,,1,1,,1,1,3,3,1,2,3,3,3,3,3,2,1,3,2,3,4,3,4,4,2,1,2,1,,1,,1,1,1,1,1,4,1,1,4,3,2,4,4,1,1,3,1,2,1,2,4,4,3,4,4,1,3,4,2,2,2,3,1,2,1,1,1,1,1,3,3,,,3,3,,1,1,1,1,3,1,1,1,1,1,1,3,2,1,1,1,1,2,3,2,2,1,1,1,3,,3,,1,b'\x11\xe8\xe1I\xe8\xb5\xcf\xcc\x9a\xbe\x12\xdf\x17\xaeN\x1e'
11E8E149-E8B5-CFCC-9ABE-12DF17AE4E1E,2026-ncaa-d3-natl,genius_ncaa,5,68,8,59,21,4,4,3,159,4,3,208,35,42,110,288,13,19,94,17,243,2,8,167,159,109,227,231,207,11,73,57,173,18,148,17,275,295,41,83,2,11,18,38,,,401,283,,347,18,10,46,113,23,29,17,45,25,119,157,66,97,85,15,35,39,278,134,81,104,13,55,,323,,269,48,363,362,346,303,354,333,306,334,338,260,223,322,379,51,380,310,356,397,308,268,93,189,219,192,299,173,382,73,367,148,376,315,2,11,59,220,38,336,141,,,25,246,,76,18,405,72,75,54,166,182,86,187,99,205,147,165,240,252,103,301,138,242,193,262,14,67,229,,124,,160,b'\x11\xe8\xe1I\xe8\xb5\xcf\xcc\x9a\xbe\x12\xdf\x17\xaeN\x1e'
11E8E149-E8BA-303A-9ABE-12DF17AE4E1E,2018-ncaa-d3-conf-SCIAC,ncaa,2,2,1,2,1,2,2,3,3,2,2,5,8,8,4,9,2,1,4,1,6,3,3,4,4,4,8,9,2,1,1,1,1,1,1,3,6,9,7,5,4,3,3,2,,,8,9,,,2,3,8,3,3,3,4,2,2,9,9,2,4,4,4,4,1,1,1,4,7,4,3,,6,,,2,1,2,4,1,2,2,1,6,9,1,9,8,7,3,7,8,7,7,1,1,2,8,7,8,2,1,1,1,1,1,1,2,4,3,2,8,8,4,2,,,2,4,,,2,7,2,2,2,1,1,3,1,1,4,9,7,6,6,2,1,1,1,1,1,4,6,3,,4,,,b'\x11\xe8\xe1I\xe8\xba0:\x9a\xbe\x12\xdf\x17\xaeN\x1e'
11E8E149-E8BA-303A-9ABE-12DF17AE4E1E,2018-ncaa-d3-natl,ncaa,31,7,123,15,127,153,151,190,106,75,59,171,393,410,179,429,63,56,178,56,187,158,165,179,156,147,390,418,71,33,5,103,25,52,3,206,311,201,172,205,195,169,168,134,,,297,387,,,94,270,405,30,161,148,239,54,54,406,424,48,56,55,177,224,34,87,29,228,171,223,186,,282,,,89,99,74,134,67,86,91,144,168,298,25,348,264,254,309,236,325,138,120,73,93,166,318,234,358,46,25,24,5,28,3,53,86,308,274,153,253,243,28,9,,,149,160,,,94,169,70,118,75,70,52,77,62,57,141,274,232,207,194,85,35,34,7,7,48,372,235,15,,170,,,b'\x11\xe8\xe1I\xe8\xba0:\x9a\xbe\x12\xdf\x17\xaeN\x1e'
11E8E149-E8BA-303A-9ABE-12DF17AE4E1E,2019-ncaa-d3-conf-SCIAC,ncaa,1,1,1,1,2,2,2,3,2,1,1,1,8,7,5,9,2,2,5,2,7,3,3,3,3,3,9,9,2,1,1,1,1,1,1,3,6,8,6,3,1,1,4,3,,,6,7,,,1,3,8,6,4,2,4,1,2,9,8,2,3,3,4,4,2,3,2,3,6,1,5,,4,,,1,1,1,2,1,2,2,1,6,7,5,7,4,2,9,2,8,2,4,1,2,1,8,7,9,1,1,1,1,1,1,3,7,1,2,1,6,4,9,7,,,4,9,,,1,7,2,1,1,1,1,1,1,2,5,6,2,2,2,1,1,1,1,1,2,3,4,9,,9,,,b'\x11\xe8\xe1I\xe8\xba0:\x9a\xbe\x12\xdf\x17\xaeN\x1e'
11E8E149-E8BA-303A-9ABE-12DF17AE4E1E,2019-ncaa-d3-natl,ncaa,24,7,129,12,184,146,111,149,101,46,44,140,384,408,267,424,154,178,151,178,352,147,188,177,172,131,423,424,229,31,3,144,9,55,3,176,334,103,73,125,88,40,124,81,,,171,270,,,47,312,391,260,151,92,145,24,30,403,416,171,189,193,149,231,23,147,35,185,75,81,132,,141,,,40,36,19,66,33,13,60,16,213,219,234,340,157,122,392,130,253,62,88,54,69,51,414,389,328,16,9,38,3,26,3,49,262,164,96,75,135,125,409,302,,,294,344,,,47,141,58,32,32,19,14,24,8,24,185,180,142,104,111,15,21,9,16,12,48,189,125,399,,355,,,b'\x11\xe8\xe1I\xe8\xba0:\x9a\xbe\x12\xdf\x17\xaeN\x1e'
11E8E149-E8BA-303A-9ABE-12DF17AE4E1E,2020-ncaa-d3-conf-SCIAC,ncaa,2,2,1,2,1,1,2,3,5,2,1,5,5,7,3,7,1,1,4,1,2,3,2,5,5,5,5,7,1,3,1,2,2,2,1,2,3,9,8,7,2,2,1,2,,,6,7,,,1,2,7,3,5,7,6,2,5,6,7,1,2,2,5,3,3,4,3,4,9,5,1,,5,,,1,3,2,3,2,2,3,1,3,3,3,5,6,6,9,6,6,4,8,2,2,1,8,5,8,4,2,1,1,2,1,3,5,4,3,2,8,7,9,9,,,3,4,,,1,8,3,1,2,2,2,2,2,2,3,2,5,4,4,2,3,3,1,1,2,4,7,9,,4,,,b'\x11\xe8\xe1I\xe8\xba0:\x9a\xbe\x12\xdf\x17\xaeN\x1e'
11E8E149-E8BA-303A-9ABE-12DF17AE4E1E,2020-ncaa-d3-natl,ncaa,79,85,65,88,66,115,153,112,223,118,55,276,226,292,119,360,31,32,128,32,142,80,90,239,195,176,228,320,43,25,16,121,118,52,34,212,319,206,132,225,130,138,40,44,,,393,397,,,90,173,371,11,168,215,183,163,87,276,338,34,42,46,132,179,33,205,56,260,140,171,46,,332,,,91,139,82,178,68,117,241,69,76,118,77,107,385,341,421,341,314,208,223,55,111,106,281,96,415,174,118,140,16,147,34,83,130,169,170,90,235,176,429,385,,,67,123,,,90,254,97,100,86,67,37,68,80,147,42,62,344,280,278,86,85,114,65,66,57,220,179,424,,111,,,b'\x11\xe8\xe1I\xe8\xba0:\x9a\xbe\x12\xdf\x17\xaeN\x1e'
11E8E149-E8BA-303A-9ABE-12DF17AE4E1E,2022-ncaa-d3-conf-SCIAC,ncaa,5,5,7,5,7,7,7,8,5,7,8,4,6,5,6,5,6,7,1,7,3,8,7,5,2,6,3,5,2,7,3,7,7,7,3,8,7,7,9,9,6,5,2,2,,,3,5,,,5,8,8,8,9,9,9,8,9,6,6,3,4,4,9,9,4,6,8,9,8,5,1,,4,,,5,2,2,3,4,2,2,3,6,2,9,4,3,3,3,3,5,2,3,4,5,5,6,7,5,5,7,3,3,4,3,3,5,5,5,4,7,9,2,3,,,6,3,,,5,3,5,5,5,5,2,3,3,6,6,3,4,6,6,3,2,6,2,2,3,6,8,2,,5,,,b'\x11\xe8\xe1I\xe8\xba0:\x9a\xbe\x12\xdf\x17\xaeN\x1e'
11E8E149-E8BA-303A-9ABE-12DF17AE4E1E,2022-ncaa-d3-natl,ncaa,275,290,250,287,285,299,319,353,227,299,308,248,287,326,173,259,183,250,46,244,129,345,341,224,186,225,179,252,55,314,222,331,258,337,225,370,401,188,321,353,320,302,125,138,,,130,233,,,274,341,396,290,326,343,406,319,335,287,319,134,202,197,400,400,317,358,358,393,232,330,101,,153,,,273,152,178,116,288,213,230,170,110,24,421,18,158,113,361,115,111,102,92,276,281,300,127,142,196,141,258,67,222,80,225,168,151,331,296,297,246,332,156,231,,,236,66,,,274,89,237,307,271,190,214,126,256,298,122,20,191,147,151,114,59,181,53,89,181,340,272,175,,180,,,b'\x11\xe8\xe1I\xe8\xba0:\x9a\xbe\x12\xdf\x17\xaeN\x1e'
11E8E149-E8BA-303A-9ABE-12DF17AE4E1E,2023-ncaa-d3-conf-SCIAC,ncaa,3,3,3,3,3,3,4,4,2,5,6,1,2,2,2,4,3,3,2,3,2,4,4,1,2,2,2,4,3,4,4,4,4,4,4,6,5,5,3,5,5,5,5,5,,,8,7,,,3,4,8,2,3,5,7,6,6,2,3,3,3,3,6,6,5,4,4,6,3,6,5,,6,,,3,5,4,7,2,5,7,2,5,6,3,5,8,6,9,4,5,6,6,3,4,5,7,5,8,7,4,3,4,3,4,2,2,7,7,3,5,3,7,8,,,3,2,,,3,6,3,5,3,2,3,4,3,5,4,5,8,5,5,4,2,5,2,3,2,7,3,7,,3,,,b'\x11\xe8\xe1I\xe8\xba0:\x9a\xbe\x12\xdf\x17\xaeN\x1e'
11E8E149-E8BA-303A-9ABE-12DF17AE4E1E,2023-ncaa-d3-natl,ncaa,152,85,333,121,334,225,246,343,104,271,337,146,145,235,36,179,153,219,49,218,84,333,381,86,69,53,104,139,113,316,213,337,206,347,198,258,247,28,73,101,310,258,162,148,,,160,313,,,181,387,357,18,114,162,261,212,284,104,186,67,115,114,236,341,269,250,276,200,54,274,127,,275,,,177,118,107,82,220,123,156,145,127,63,360,97,268,181,424,169,198,86,44,206,261,329,248,176,324,131,206,43,213,46,198,76,94,391,373,294,54,134,288,354,,,245,58,,,181,43,61,320,172,256,222,217,232,273,197,105,345,252,247,222,128,189,86,127,146,386,109,349,,123,,,b'\x11\xe8\xe1I\xe8\xba0:\x9a\xbe\x12\xdf\x17\xaeN\x1e'
11E8E149-E8BA-303A-9ABE-12DF17AE4E1E,2024-ncaa-d3-conf-SCIAC,ncaa,8,8,4,8,7,6,7,4,8,5,5,8,6,6,7,6,5,3,7,3,5,5,5,9,9,7,5,6,3,5,5,7,9,6,7,7,7,4,3,6,4,3,2,2,,,6,7,,,8,6,5,9,6,7,4,5,5,6,6,4,3,3,4,5,5,8,7,9,3,3,1,,7,,,8,7,5,4,8,4,4,6,7,4,9,4,7,5,9,5,8,4,4,9,9,9,7,5,8,8,9,6,5,8,7,8,7,5,3,5,7,7,7,8,,,4,3,,,8,4,6,9,9,9,7,3,5,5,7,3,8,7,7,4,4,8,8,9,8,3,7,9,,3,,,b'\x11\xe8\xe1I\xe8\xba0:\x9a\xbe\x12\xdf\x17\xaeN\x1e'
11E8E149-E8BA-303A-9ABE-12DF17AE4E1E,2024-ncaa-d3-natl,ncaa,367,375,296,370,344,276,289,322,234,247,221,274,341,361,249,361,119,95,271,98,80,292,332,268,247,224,272,342,54,280,260,394,383,372,366,323,346,90,169,258,253,203,128,108,,,259,353,,,332,337,273,418,261,275,298,206,153,339,362,67,45,44,236,296,253,422,393,327,131,214,104,,325,,,331,290,208,82,364,188,131,274,285,95,424,136,390,331,426,332,357,110,101,374,408,387,358,256,380,241,383,162,260,190,366,298,353,283,245,329,190,253,347,340,,,169,32,,,332,85,234,391,339,350,278,135,238,192,328,123,412,375,378,185,181,283,241,270,329,250,228,374,,68,,,b'\x11\xe8\xe1I\xe8\xba0:\x9a\xbe\x12\xdf\x17\xaeN\x1e'
11E8E149-E8BA-303A-9ABE-12DF17AE4E1E,2025-ncaa-d3-conf-SCIAC,genius_ncaa,7,7,7,7,8,9,9,8,8,8,7,8,5,4,7,2,7,8,6,8,6,8,8,7,9,9,2,3,6,6,5,8,7,7,5,8,8,7,9,9,7,7,4,4,,,6,8,,7,7,9,8,7,9,8,8,8,7,4,2,7,7,7,7,7,6,6,6,8,9,7,4,,7,,7,7,1,1,1,3,3,3,2,1,1,5,1,5,4,9,4,3,1,1,3,4,2,2,1,7,2,7,3,5,1,5,2,4,7,3,3,5,8,4,7,,,6,3,,6,7,1,8,3,7,2,2,2,4,6,1,1,6,5,4,1,1,5,5,3,3,5,9,4,,4,,6,b'\x11\xe8\xe1I\xe8\xba0:\x9a\xbe\x12\xdf\x17\xaeN\x1e'
11E8E149-E8BA-303A-9ABE-12DF17AE4E1E,2025-ncaa-d3-natl,genius_ncaa,250,269,192,262,210,252,248,261,247,282,277,249,148,150,160,115,281,289,183,293,225,270,296,222,221,224,122,104,264,170,150,334,295,285,250,284,291,144,187,234,242,220,254,279,,,263,346,,180,245,317,356,62,258,259,245,295,307,133,137,285,304,309,274,308,164,380,295,296,167,255,255,,290,,188,246,164,186,104,298,264,218,255,65,38,255,56,226,153,401,145,144,99,103,270,294,265,86,61,239,213,295,153,150,164,250,148,135,231,186,191,113,168,168,226,,,209,137,,343,245,98,200,279,246,181,205,114,269,223,79,37,246,162,158,109,94,206,166,182,162,237,134,169,,193,,345,b'\x11\xe8\xe1I\xe8\xba0:\x9a\xbe\x12\xdf\x17\xaeN\x1e'
11E8E149-E8BA-303A-9ABE-12DF17AE4E1E,2026-ncaa-d3-conf-SCIAC,genius_ncaa,1,1,1,1,1,2,2,3,3,3,6,2,2,2,4,2,1,1,3,1,2,2,3,2,2,1,2,3,2,2,3,5,5,4,4,1,2,3,1,1,2,3,4,2,,,6,5,,4,2,5,8,1,3,3,4,4,7,3,2,2,2,2,3,4,3,6,5,1,1,3,4,,5,,4,3,6,4,3,5,3,3,2,7,6,8,6,7,7,3,7,7,4,4,6,7,5,8,8,5,4,5,3,3,4,4,6,7,2,3,4,1,1,4,5,,,1,1,,2,2,4,1,5,3,5,2,2,1,1,6,5,6,7,7,3,3,3,2,4,5,3,1,4,,2,,2,b'\x11\xe8\xe1I\xe8\xba0:\x9a\xbe\x12\xdf\x17\xaeN\x1e'
11E8E149-E8BA-303A-9ABE-12DF17AE4E1E,2026-ncaa-d3-natl,genius_ncaa,5,21,42,22,43,39,56,54,201,165,139,257,6,18,46,45,108,139,125,135,190,58,106,131,140,60,28,8,282,81,185,158,133,123,211,49,131,88,14,22,37,47,178,174,,,330,313,,45,44,114,384,25,104,135,97,294,293,12,36,201,254,257,113,295,163,335,278,113,13,75,249,,212,,39,61,241,205,229,139,182,164,240,274,347,94,368,334,301,356,298,347,243,275,151,209,152,338,263,346,171,133,334,185,294,211,254,303,78,90,139,160,73,336,319,,,129,248,,323,44,291,53,128,68,67,50,36,47,18,168,274,255,187,176,35,51,74,228,146,142,163,63,285,,291,,368,b'\x11\xe8\xe1I\xe8\xba0:\x9a\xbe\x12\xdf\x17\xaeN\x1e'
11E8E149-E8BE-997C-9ABE-12DF17AE4E1E,2018-ncaa-d3-conf-NEWMAC,ncaa,9,9,8,9,8,8,8,9,8,9,9,7,8,7,9,4,7,6,9,4,1,9,8,7,7,10,3,3,5,10,10,4,7,7,7,8,4,10,10,9,9,9,3,4,,,3,4,,,9,6,1,6,8,8,9,9,9,7,4,5,3,3,8,4,9,1,5,7,10,8,2,,5,,,9,8,8,10,6,6,7,6,10,11,8,9,5,5,2,5,4,9,8,6,5,7,8,11,3,8,7,6,10,8,7,10,11,9,10,10,10,10,2,5,,,6,2,,,9,6,10,8,9,9,9,10,7,9,10,11,6,7,8,10,11,9,9,9,10,9,10,3,,1,,,b'\x11\xe8\xe1I\xe8\xbe\x99|\x9a\xbe\x12\xdf\x17\xaeN\x1e'
11E8E149-E8BE-997C-9ABE-12DF17AE4E1E,2018-ncaa-d3-natl,ncaa,262,279,197,275,217,301,306,333,255,298,305,276,251,275,205,217,240,236,238,230,157,327,256,252,244,320,186,201,160,325,314,113,270,204,236,260,151,397,404,348,280,316,124,130,,,135,87,,,281,209,175,103,325,327,372,323,328,250,267,240,234,224,362,237,343,51,175,267,390,285,123,,134,,,279,164,210,334,94,137,238,71,371,373,280,367,58,94,11,89,87,285,272,130,73,110,306,412,48,370,270,159,314,245,236,382,431,194,242,325,384,389,23,24,,,133,69,,,281,231,337,164,278,185,230,351,148,256,375,385,47,95,88,326,317,360,178,269,361,194,378,13,,83,,,b'\x11\xe8\xe1I\xe8\xbe\x99|\x9a\xbe\x12\xdf\x17\xaeN\x1e'
11E8E149-E8BE-997C-9ABE-12DF17AE4E1E,2019-ncaa-d3-conf-NEWMAC,ncaa,6,6,4,6,7,7,7,4,10,7,2,10,9,9,7,11,1,1,8,1,1,4,2,10,9,9,6,8,1,3,4,4,7,4,5,7,5,8,6,8,3,5,4,5,,,11,11,,,8,3,2,11,7,8,4,7,2,8,8,1,1,1,2,1,3,3,3,9,7,3,5,,11,,,8,9,9,8,4,10,8,6,6,7,4,6,11,9,8,9,6,9,10,5,6,7,8,5,9,9,7,11,4,10,5,8,10,7,7,8,9,8,10,9,,,1,1,,,8,9,8,7,7,9,9,9,8,7,7,8,10,9,8,9,8,9,11,9,8,5,9,10,,1,,,b'\x11\xe8\xe1I\xe8\xbe\x99|\x9a\xbe\x12\xdf\x17\xaeN\x1e'
11E8E149-E8BE-997C-9ABE-12DF17AE4E1E,2019-ncaa-d3-natl,ncaa,237,274,129,262,212,227,249,101,375,189,33,402,350,365,232,416,57,20,363,21,143,71,72,395,376,359,289,377,28,37,114,148,210,71,193,258,263,301,188,298,82,98,240,268,,,418,395,,,245,109,82,425,264,297,80,205,21,372,389,58,18,13,56,49,37,154,46,288,266,77,260,,420,,,244,262,220,263,170,224,276,165,246,231,259,182,326,313,278,313,260,289,340,179,202,137,271,217,299,267,210,395,114,371,193,247,224,68,85,100,275,181,314,153,,,55,106,,,245,342,318,134,234,218,190,223,198,241,216,193,301,279,279,248,334,244,387,340,213,62,248,292,,30,,,b'\x11\xe8\xe1I\xe8\xbe\x99|\x9a\xbe\x12\xdf\x17\xaeN\x1e'
11E8E149-E8BE-997C-9ABE-12DF17AE4E1E,2020-ncaa-d3-conf-NEWMAC,ncaa,9,10,8,9,8,7,8,4,10,7,5,10,8,7,10,8,6,4,10,4,3,4,2,10,10,10,8,9,3,4,7,5,10,5,10,8,7,11,10,10,3,6,7,8,,,10,6,,,10,1,1,1,7,7,3,6,4,8,4,5,2,2,2,1,4,4,3,8,10,2,7,,9,,,10,11,11,11,6,10,11,7,11,11,7,10,10,10,4,10,8,11,11,7,7,7,9,10,5,11,10,11,7,11,10,11,11,3,5,10,11,10,11,11,,,6,9,,,10,11,10,9,10,10,10,11,9,9,11,11,10,10,10,11,11,11,10,11,10,1,10,11,,3,,,b'\x11\xe8\xe1I\xe8\xbe\x99|\x9a\xbe\x12\xdf\x17\xaeN\x1e'
11E8E149-E8BE-997C-9ABE-12DF17AE4E1E,2020-ncaa-d3-natl,ncaa,344,368,198,357,216,253,249,166,319,226,143,307,276,214,344,265,229,134,387,136,198,157,68,333,342,369,269,274,202,128,226,207,390,185,341,259,263,427,392,376,51,95,367,392,,,229,89,,,359,52,14,57,255,253,109,209,116,275,214,214,106,108,94,17,111,171,135,247,420,43,374,,271,,,351,400,412,393,317,368,325,297,419,400,379,342,98,130,50,127,84,379,407,348,305,221,247,383,32,412,390,382,226,408,341,419,378,38,85,252,415,368,371,333,,,225,361,,,359,389,369,275,349,388,398,406,361,348,415,395,106,152,143,396,427,402,377,402,406,27,402,378,,191,,,b'\x11\xe8\xe1I\xe8\xbe\x99|\x9a\xbe\x12\xdf\x17\xaeN\x1e'
11E8E149-E8BE-997C-9ABE-12DF17AE4E1E,2022-ncaa-d3-conf-NEWMAC,ncaa,9,10,10,10,10,9,9,9,8,9,10,8,9,8,11,4,4,3,9,3,1,8,8,8,8,9,2,8,1,7,7,9,9,9,7,9,7,9,9,9,8,7,9,10,,,3,3,,,8,9,1,6,8,8,8,8,9,8,4,1,1,1,5,2,6,8,7,8,10,6,10,,5,,,8,4,5,4,9,3,2,9,10,9,9,11,3,3,3,3,6,3,3,9,9,9,11,11,2,4,9,3,7,3,7,9,11,9,7,9,10,10,6,10,,,7,1,,,8,3,8,8,8,10,10,11,9,5,11,11,6,6,6,11,11,10,7,9,11,2,10,8,,1,,,b'\x11\xe8\xe1I\xe8\xbe\x99|\x9a\xbe\x12\xdf\x17\xaeN\x1e'
11E8E149-E8BE-997C-9ABE-12DF17AE4E1E,2022-ncaa-d3-natl,ncaa,302,257,345,293,366,286,290,325,244,269,294,218,278,277,269,241,222,118,386,120,50,307,280,241,253,300,208,254,106,222,110,296,160,273,121,246,134,326,357,316,251,218,358,330,,,96,128,,,262,286,28,290,185,204,162,192,177,234,203,103,25,25,104,37,122,122,102,172,392,179,345,,201,,,263,150,135,131,195,61,47,235,390,379,318,421,95,79,296,75,249,113,118,268,248,248,409,422,108,97,160,72,110,68,121,352,420,227,190,321,304,331,88,138,,,211,136,,,262,137,295,223,263,315,298,353,150,108,417,424,198,179,179,339,362,199,171,179,384,126,367,147,,43,,,b'\x11\xe8\xe1I\xe8\xbe\x99|\x9a\xbe\x12\xdf\x17\xaeN\x1e'
11E8E149-E8BE-997C-9ABE-12DF17AE4E1E,2023-ncaa-d3-conf-NEWMAC,ncaa,7,9,5,9,7,7,7,5,8,6,5,8,9,10,10,9,5,3,10,3,1,5,5,9,9,8,10,11,2,5,8,8,10,8,9,8,5,6,6,8,1,1,8,7,,,9,7,,,7,5,2,5,7,8,6,7,3,10,10,3,1,1,5,2,5,10,9,7,7,1,8,,11,,,7,8,6,6,8,3,2,9,10,11,9,11,7,9,1,8,11,6,7,9,9,6,11,11,5,10,10,11,8,11,9,10,11,1,1,6,7,7,10,9,,,5,3,,,7,7,7,7,7,8,7,7,6,3,10,10,7,8,8,7,10,10,10,10,10,1,7,9,,1,,,b'\x11\xe8\xe1I\xe8\xbe\x99|\x9a\xbe\x12\xdf\x17\xaeN\x1e'
11E8E149-E8BE-997C-9ABE-12DF17AE4E1E,2023-ncaa-d3-natl,ncaa,228,247,185,243,233,236,225,223,234,172,115,278,329,358,202,372,169,104,325,101,185,203,159,271,269,292,327,351,122,178,223,292,391,255,344,144,59,323,301,232,67,76,308,307,,,282,222,,,246,167,125,273,244,230,207,156,78,343,367,152,86,84,171,120,167,329,259,117,311,59,318,,306,,,245,215,219,201,228,208,170,249,260,269,213,281,227,268,80,263,279,205,311,238,227,115,260,274,203,389,391,279,223,357,344,391,425,49,46,214,254,236,427,406,,,151,160,,,246,248,284,172,247,241,226,221,210,161,263,275,231,268,268,226,336,373,294,350,379,36,254,428,,106,,,b'\x11\xe8\xe1I\xe8\xbe\x99|\x9a\xbe\x12\xdf\x17\xaeN\x1e'
11E8E149-E8BE-997C-9ABE-12DF17AE4E1E,2024-ncaa-d3-conf-NEWMAC,ncaa,6,6,5,6,6,5,6,5,8,7,7,8,5,4,7,3,5,4,8,3,1,5,4,7,7,9,4,6,4,5,6,6,9,5,8,7,9,11,9,10,3,3,2,2,,,12,12,,,8,4,1,9,7,7,5,7,8,5,2,3,2,2,5,2,6,7,6,6,10,2,2,,12,,,8,11,8,8,10,3,3,7,12,12,11,11,12,12,3,12,12,9,9,10,10,10,12,12,10,9,9,11,6,11,8,12,12,1,1,8,10,10,4,4,,,4,5,,,8,9,9,8,8,10,7,6,2,2,12,11,12,11,11,8,12,8,8,7,11,1,9,4,,4,,,b'\x11\xe8\xe1I\xe8\xbe\x99|\x9a\xbe\x12\xdf\x17\xaeN\x1e'
11E8E149-E8BE-997C-9ABE-12DF17AE4E1E,2024-ncaa-d3-natl,ncaa,142,162,112,157,197,113,130,91,184,148,125,220,104,113,99,190,100,118,140,115,174,91,69,169,168,193,139,157,186,101,146,134,231,109,194,196,331,347,257,273,53,89,148,142,,,393,340,,,181,71,43,395,91,123,78,164,135,109,131,109,129,128,71,49,94,142,102,215,311,58,168,,384,,,183,338,268,279,193,150,158,179,411,400,350,386,357,360,255,358,368,303,357,262,283,177,407,400,304,304,231,328,146,322,194,392,420,43,58,217,294,210,319,264,,,121,253,,,181,359,183,172,180,299,218,239,120,113,402,385,335,334,333,277,356,259,292,286,362,35,272,310,,119,,,b'\x11\xe8\xe1I\xe8\xbe\x99|\x9a\xbe\x12\xdf\x17\xaeN\x1e'
11E8E149-E8BE-997C-9ABE-12DF17AE4E1E,2025-ncaa-d3-conf-NEWMAC,genius_ncaa,9,8,7,9,8,9,9,8,10,9,7,10,6,7,9,8,4,4,5,4,1,6,6,10,10,9,3,8,1,6,8,9,10,8,8,9,6,8,7,9,2,3,9,9,,,11,10,,10,9,6,3,4,7,8,4,9,4,6,5,2,2,2,2,2,1,8,5,8,11,1,9,,12,,12,9,9,8,6,8,7,6,9,8,7,6,9,8,9,2,8,10,7,8,8,8,6,7,7,8,11,10,9,8,10,8,12,12,3,2,10,6,5,11,11,,,4,2,,12,9,6,9,8,9,9,8,8,8,7,10,9,10,11,10,10,11,11,10,11,11,1,8,11,,2,,12,b'\x11\xe8\xe1I\xe8\xbe\x99|\x9a\xbe\x12\xdf\x17\xaeN\x1e'
11E8E149-E8BE-997C-9ABE-12DF17AE4E1E,2025-ncaa-d3-natl,genius_ncaa,234,242,192,239,218,147,184,141,248,190,170,241,177,146,227,201,43,53,62,54,84,126,129,245,196,178,127,219,45,122,179,186,314,159,275,168,171,205,148,183,98,121,157,167,,,356,330,,336,190,135,78,127,95,161,86,170,139,167,135,20,39,43,50,70,95,153,112,153,220,87,159,,385,,341,188,284,257,263,203,262,206,266,226,310,84,274,315,314,226,309,303,290,320,194,217,169,223,173,271,347,314,315,179,346,275,374,400,90,119,250,113,77,382,349,,,56,49,,309,190,286,172,208,190,297,267,285,268,214,226,326,335,332,329,307,347,345,322,338,361,72,134,382,,25,,318,b'\x11\xe8\xe1I\xe8\xbe\x99|\x9a\xbe\x12\xdf\x17\xaeN\x1e'
11E8E149-E8BE-997C-9ABE-12DF17AE4E1E,2026-ncaa-d3-conf-NEWMAC,genius_ncaa,1,1,1,1,1,2,2,2,3,2,2,4,1,2,2,3,2,1,4,1,2,2,1,3,3,3,3,2,2,2,2,3,2,3,3,1,2,2,2,2,1,1,2,2,,,3,4,,4,2,1,1,1,2,2,2,2,2,1,2,2,1,1,2,1,2,3,3,1,2,1,2,,3,,4,2,2,1,1,3,2,1,3,1,2,2,3,4,2,4,2,4,1,2,3,3,3,4,2,4,1,2,4,2,3,3,2,4,1,1,2,2,2,1,2,,,1,2,,2,2,3,2,2,2,2,1,1,2,1,1,2,4,2,2,1,2,1,4,3,2,1,2,1,,1,,2,b'\x11\xe8\xe1I\xe8\xbe\x99|\x9a\xbe\x12\xdf\x17\xaeN\x1e'
11E8E149-E8BE-997C-9ABE-12DF17AE4E1E,2026-ncaa-d3-natl,genius_ncaa,13,132,8,111,10,5,13,9,199,32,24,228,14,25,104,192,3,5,83,5,51,6,9,177,143,126,71,151,58,3,36,35,289,11,141,11,64,354,137,106,5,33,41,52,,,412,362,,416,37,20,121,77,39,105,59,153,120,78,100,15,22,19,32,38,19,207,64,49,210,27,102,,383,,415,66,367,301,363,92,263,301,129,360,395,124,335,414,410,336,411,405,388,396,113,194,110,395,276,402,389,289,370,36,382,141,349,336,14,53,80,297,81,405,329,,,6,115,,146,37,394,73,129,80,189,70,127,54,60,247,316,389,378,379,185,294,287,209,251,197,42,143,358,,42,,217,b'\x11\xe8\xe1I\xe8\xbe\x99|\x9a\xbe\x12\xdf\x17\xaeN\x1e'
11E8E149-E8C7-ACD8-9ABE-12DF17AE4E1E,2018-ncaa-d3-conf-CSAC,ncaa,12,12,7,12,9,12,12,11,12,11,12,11,7,5,10,4,12,12,11,12,9,12,12,12,12,11,5,4,8,12,12,12,12,12,12,12,12,2,7,10,9,7,9,9,,,1,1,,,12,12,12,5,12,12,10,11,12,5,5,12,12,12,12,12,12,12,12,12,3,7,9,,1,,,12,11,12,8,12,8,1,12,12,12,11,12,1,2,6,2,2,6,3,12,12,12,12,12,1,12,12,11,12,11,12,12,12,11,11,12,4,8,6,11,,,11,8,,,12,1,12,12,12,11,12,10,8,4,12,12,1,2,2,10,7,12,12,12,12,11,5,9,,11,,,b'\x11\xe8\xe1I\xe8\xc7\xac\xd8\x9a\xbe\x12\xdf\x17\xaeN\x1e'
11E8E149-E8C7-ACD8-9ABE-12DF17AE4E1E,2018-ncaa-d3-natl,ncaa,426,427,363,426,367,414,412,378,415,413,391,407,292,203,382,83,426,421,397,418,343,389,407,408,416,404,130,92,349,434,442,427,439,430,441,404,304,69,233,354,364,361,346,350,,,13,4,,,427,378,250,129,418,416,323,419,370,252,126,421,413,408,370,395,442,438,443,406,145,341,339,,8,,,424,287,363,245,373,252,144,362,426,378,418,410,26,31,32,32,31,177,105,404,364,395,252,426,10,388,439,297,442,353,441,433,439,397,392,436,161,308,221,377,,,424,373,,,427,58,415,426,427,396,413,401,350,292,440,429,30,47,48,368,314,411,404,411,434,373,261,294,,419,,,b'\x11\xe8\xe1I\xe8\xc7\xac\xd8\x9a\xbe\x12\xdf\x17\xaeN\x1e'
11E8E149-E8C7-ACD8-9ABE-12DF17AE4E1E,2019-ncaa-d3-conf-CSAC,ncaa,9,9,7,9,9,9,9,9,9,9,9,9,3,2,5,1,9,9,5,9,7,9,9,8,8,8,1,1,9,9,9,9,9,9,9,9,6,4,7,8,9,9,9,8,,,2,5,,,9,9,9,6,9,9,9,9,9,2,2,9,9,9,9,9,9,9,9,9,5,9,8,,4,,,9,8,8,3,9,9,6,9,3,3,4,3,3,4,1,4,4,1,1,9,9,9,1,3,3,8,9,6,9,6,9,4,3,9,8,7,4,8,5,9,,,9,7,,,9,1,9,9,9,9,9,7,9,8,4,3,4,4,4,5,3,9,8,9,6,9,5,6,,9,,,b'\x11\xe8\xe1I\xe8\xc7\xac\xd8\x9a\xbe\x12\xdf\x17\xaeN\x1e'
11E8E149-E8C7-ACD8-9ABE-12DF17AE4E1E,2019-ncaa-d3-natl,ncaa,439,421,390,439,403,433,432,426,433,438,438,432,257,132,399,5,440,441,408,441,439,433,426,426,431,431,16,3,442,439,440,435,438,438,441,420,179,178,416,414,384,343,436,435,,,20,49,,,429,417,377,352,437,437,428,440,441,173,43,442,443,443,439,440,441,442,442,424,327,342,437,,50,,,429,88,188,61,394,266,101,410,89,91,181,198,28,45,8,50,90,51,43,373,318,343,32,137,33,296,438,142,440,195,441,215,213,372,291,359,282,419,39,325,,,432,419,,,429,31,434,388,429,303,376,300,394,304,190,216,55,112,124,261,214,398,345,376,338,287,374,78,,439,,,b'\x11\xe8\xe1I\xe8\xc7\xac\xd8\x9a\xbe\x12\xdf\x17\xaeN\x1e'
11E8E149-E8C7-ACD8-9ABE-12DF17AE4E1E,2020-ncaa-d3-conf-CSAC,ncaa,3,3,4,3,4,3,4,4,2,7,10,2,2,2,3,1,8,9,2,9,6,6,7,2,2,2,1,1,10,9,9,4,4,8,6,3,5,1,2,2,8,9,10,10,,,6,9,,,3,8,8,6,3,3,5,8,10,2,1,9,9,9,7,10,9,5,8,3,1,9,10,,6,,,3,2,4,5,3,4,5,5,2,5,1,5,6,6,8,6,5,5,3,2,2,5,2,3,7,5,4,3,9,4,6,1,1,9,9,6,2,2,1,1,,,9,9,,,3,3,2,5,3,4,4,6,5,6,3,4,6,6,6,5,2,4,2,3,1,9,2,1,,9,,,b'\x11\xe8\xe1I\xe8\xc7\xac\xd8\x9a\xbe\x12\xdf\x17\xaeN\x1e'
11E8E149-E8C7-ACD8-9ABE-12DF17AE4E1E,2020-ncaa-d3-natl,ncaa,118,63,327,86,352,164,153,239,72,307,405,20,13,19,64,5,390,403,210,404,258,289,354,20,33,26,30,7,432,336,285,223,151,288,192,148,177,37,80,45,373,362,425,427,,,125,194,,,102,350,222,267,67,57,124,289,417,8,9,385,405,408,191,279,326,123,223,89,66,368,429,,185,,,98,98,142,165,156,191,160,257,99,216,21,271,129,129,165,120,161,144,85,132,123,212,108,140,186,123,151,105,285,94,192,34,21,368,347,178,32,64,6,13,,,405,397,,,102,91,45,207,92,199,227,279,266,251,143,282,176,188,178,258,186,183,178,181,68,356,54,2,,411,,,b'\x11\xe8\xe1I\xe8\xc7\xac\xd8\x9a\xbe\x12\xdf\x17\xaeN\x1e'
11E8E149-E8C7-ACD8-9ABE-12DF17AE4E1E,2021-ncaa-d3-conf-CSAC,ncaa,1,1,2,1,2,2,2,2,1,3,3,1,1,2,1,1,3,3,2,3,3,2,3,1,1,1,1,1,3,2,1,3,1,2,1,2,1,1,1,1,2,1,3,1,,,1,2,,,1,3,3,1,1,1,1,2,3,1,1,3,3,3,1,3,1,3,2,1,1,2,3,,1,,,1,1,1,1,2,1,1,2,2,2,1,3,1,1,2,1,2,1,1,2,1,2,2,2,2,1,1,1,1,1,1,1,2,3,2,2,1,1,2,3,,,3,3,,,1,1,1,1,1,1,1,1,1,1,2,2,1,1,1,1,1,1,1,1,1,2,1,3,,3,,,b'\x11\xe8\xe1I\xe8\xc7\xac\xd8\x9a\xbe\x12\xdf\x17\xaeN\x1e'
11E8E149-E8C7-ACD8-9ABE-12DF17AE4E1E,2021-ncaa-d3-natl,ncaa,176,1,256,1,259,257,254,259,46,268,271,94,213,244,4,3,282,283,254,282,283,261,268,11,24,3,12,1,285,256,12,269,72,261,22,252,116,6,1,2,258,21,274,252,,,14,35,,,75,272,285,110,41,20,28,197,252,1,3,285,284,284,97,268,31,205,96,32,1,80,270,,6,,,4,12,11,15,20,7,14,32,26,27,70,280,5,8,48,8,29,14,14,31,15,18,244,279,19,13,72,13,12,12,22,9,75,261,63,34,1,1,21,85,,,279,283,,,75,14,1,18,4,4,5,11,3,2,124,197,3,2,2,3,1,43,15,14,7,172,1,38,,284,,,b'\x11\xe8\xe1I\xe8\xc7\xac\xd8\x9a\xbe\x12\xdf\x17\xaeN\x1e'
11E8E149-E8C7-ACD8-9ABE-12DF17AE4E1E,2022-ncaa-d3-conf-CSAC,ncaa,1,1,4,1,5,1,1,4,1,2,9,1,2,2,2,2,4,5,4,5,5,5,5,1,1,1,2,2,10,5,1,2,3,3,1,2,3,1,2,1,6,6,1,1,,,1,1,,,1,6,9,7,1,1,3,2,9,2,2,5,8,8,5,7,7,1,4,1,1,7,1,,1,,,1,1,1,6,1,2,7,1,2,4,2,3,2,2,2,2,2,6,5,1,1,1,2,3,4,5,3,1,1,2,1,1,2,9,7,2,1,1,1,1,,,5,8,,,1,5,1,1,1,1,1,7,1,8,2,3,2,2,2,3,2,3,1,1,1,8,1,1,,8,,,b'\x11\xe8\xe1I\xe8\xc7\xac\xd8\x9a\xbe\x12\xdf\x17\xaeN\x1e'
11E8E149-E8C7-ACD8-9ABE-12DF17AE4E1E,2022-ncaa-d3-natl,ncaa,49,39,107,41,162,50,48,97,25,119,274,10,21,28,54,25,262,283,165,288,223,122,151,16,19,18,85,33,415,140,62,84,301,103,119,18,14,138,103,10,157,198,156,214,,,43,8,,,23,160,229,290,26,23,103,122,360,16,22,306,342,348,136,206,165,86,113,6,108,184,176,,7,,,18,161,205,357,33,167,350,23,287,319,186,252,52,84,17,82,29,325,318,39,16,53,217,347,50,390,301,101,62,239,119,247,276,202,275,237,98,77,14,6,,,320,398,,,23,269,15,86,19,87,135,336,114,314,253,277,20,42,37,290,262,360,38,171,201,245,76,2,,399,,,b'\x11\xe8\xe1I\xe8\xc7\xac\xd8\x9a\xbe\x12\xdf\x17\xaeN\x1e'
11E8E149-E8C7-ACD8-9ABE-12DF17AE4E1E,2023-ncaa-d3-conf-CSAC,ncaa,2,2,1,2,1,1,2,1,3,4,5,3,1,1,2,2,1,1,1,1,2,1,1,2,2,2,2,2,4,3,5,1,4,1,5,2,5,4,1,2,2,4,4,7,,,7,3,,,2,1,2,4,2,2,2,5,7,1,2,1,2,2,2,3,4,3,3,3,2,3,6,,4,,,2,10,10,10,7,10,10,9,8,10,4,7,5,5,4,5,4,10,10,7,6,6,1,4,4,8,4,10,5,10,5,9,4,3,5,5,4,1,8,9,,,2,6,,,2,10,2,5,2,8,9,8,8,8,5,8,4,4,4,7,8,4,6,6,6,5,2,7,,5,,,b'\x11\xe8\xe1I\xe8\xc7\xac\xd8\x9a\xbe\x12\xdf\x17\xaeN\x1e'
11E8E149-E8C7-ACD8-9ABE-12DF17AE4E1E,2023-ncaa-d3-natl,ncaa,107,131,63,128,71,38,54,22,218,112,117,160,34,19,203,59,76,74,165,70,150,22,23,164,175,146,85,82,259,41,120,84,308,53,221,38,76,303,107,83,41,83,269,359,,,165,24,,,126,20,26,89,43,64,14,151,176,39,21,107,111,107,19,23,61,134,67,47,229,44,309,,72,,,134,389,418,419,290,421,413,344,185,314,29,158,67,119,11,124,27,410,415,240,147,131,7,70,21,394,308,381,120,398,221,402,285,49,140,236,235,99,201,146,,,128,365,,,126,409,138,153,142,309,376,385,394,395,133,256,33,65,68,373,398,341,299,332,362,72,177,147,,209,,,b'\x11\xe8\xe1I\xe8\xc7\xac\xd8\x9a\xbe\x12\xdf\x17\xaeN\x1e'
11E8E149-E8C7-ACD8-9ABE-12DF17AE4E1E,2024-ncaa-d3-conf-United East,ncaa,14,16,7,15,8,13,13,11,14,10,8,14,15,16,11,16,11,12,7,12,14,11,11,14,14,14,13,14,8,16,15,5,10,10,12,12,7,15,16,14,13,15,1,2,,,6,4,,,14,8,10,10,15,15,15,14,12,16,16,14,16,15,15,16,16,5,14,14,14,15,2,,4,,,14,14,15,16,8,10,12,5,17,16,15,12,6,7,1,7,4,15,10,10,6,12,11,15,3,13,10,10,15,12,12,15,13,13,15,15,16,15,4,5,,,9,8,,,14,10,15,13,14,13,14,14,10,12,14,14,3,5,5,14,10,12,8,10,15,16,16,2,,12,,,b'\x11\xe8\xe1I\xe8\xc7\xac\xd8\x9a\xbe\x12\xdf\x17\xaeN\x1e'
11E8E149-E8C7-ACD8-9ABE-12DF17AE4E1E,2024-ncaa-d3-natl,ncaa,396,361,392,398,395,407,399,393,384,354,316,379,414,410,404,383,384,387,268,381,360,399,390,400,394,401,391,397,131,403,396,338,325,385,351,365,108,324,396,375,390,390,116,114,,,24,25,,,378,376,54,244,396,382,328,296,120,412,391,345,339,324,341,164,398,103,281,319,391,351,49,,63,,,384,85,134,169,126,142,190,106,201,164,277,219,22,50,9,49,57,130,70,144,81,200,159,314,44,229,325,56,396,106,351,296,398,390,389,397,341,392,24,39,,,393,347,,,378,57,405,239,379,328,359,402,333,396,358,358,76,172,171,402,381,367,311,347,383,343,392,39,,321,,,b'\x11\xe8\xe1I\xe8\xc7\xac\xd8\x9a\xbe\x12\xdf\x17\xaeN\x1e'
11E8E149-E8CC-BCDC-9ABE-12DF17AE4E1E,2018-ncaa-d3-conf-Liberty League,ncaa,8,8,7,8,8,7,7,7,8,8,8,7,2,2,9,1,7,7,5,7,3,7,8,7,8,7,2,1,5,8,8,9,7,8,8,7,6,1,3,6,6,5,9,9,,,7,9,,,8,9,7,4,7,7,4,8,8,2,1,7,6,6,5,6,7,9,8,7,3,5,9,,9,,,8,8,9,1,9,8,4,9,5,2,10,3,4,4,8,4,6,1,2,9,9,9,3,4,4,5,7,7,8,7,8,8,6,5,4,7,2,4,7,8,,,6,4,,,8,2,7,9,8,9,9,5,9,8,5,4,6,6,6,5,5,7,9,9,8,4,3,8,,5,,,b'\x11\xe8\xe1I\xe8\xcc\xbc\xdc\x9a\xbe\x12\xdf\x17\xaeN\x1e'
11E8E149-E8CC-BCDC-9ABE-12DF17AE4E1E,2018-ncaa-d3-natl,ncaa,262,279,197,275,224,292,323,261,356,380,372,356,69,52,190,32,273,300,160,293,143,271,336,297,297,235,20,32,220,333,402,363,264,377,394,294,225,36,63,166,238,219,415,415,,,219,322,,,279,320,371,146,306,347,248,399,404,63,43,279,314,306,273,384,358,407,419,319,36,254,423,,228,,,276,180,246,110,383,306,180,375,132,99,301,142,98,89,289,93,113,86,94,365,357,319,79,139,99,127,264,371,402,283,394,217,180,217,162,234,23,47,181,310,,,215,101,,,279,110,264,295,287,203,259,110,300,198,150,101,102,88,93,87,71,144,370,306,235,226,31,187,,213,,,b'\x11\xe8\xe1I\xe8\xcc\xbc\xdc\x9a\xbe\x12\xdf\x17\xaeN\x1e'
11E8E149-E8CC-BCDC-9ABE-12DF17AE4E1E,2019-ncaa-d3-conf-Liberty League,ncaa,9,9,7,9,7,9,9,6,9,9,9,9,2,1,8,1,10,10,10,10,8,6,6,9,9,9,2,1,10,9,9,9,8,9,9,8,8,3,5,8,3,3,9,9,,,8,10,,,9,5,4,3,9,9,4,9,9,1,1,10,10,10,4,3,6,9,9,8,5,3,9,,10,,,9,7,6,1,9,8,3,9,3,1,8,3,8,9,3,9,9,3,3,9,9,9,4,2,9,4,8,9,9,9,9,6,5,3,3,5,1,3,9,9,,,7,5,,,9,5,9,9,9,9,9,3,9,7,5,2,10,10,10,7,8,7,9,9,7,3,5,9,,5,,,b'\x11\xe8\xe1I\xe8\xcc\xbc\xdc\x9a\xbe\x12\xdf\x17\xaeN\x1e'
11E8E149-E8CC-BCDC-9ABE-12DF17AE4E1E,2019-ncaa-d3-natl,ncaa,338,361,215,356,251,342,310,162,400,387,358,390,64,21,298,20,429,422,418,420,422,230,292,361,395,361,49,9,441,211,351,302,278,285,379,335,322,66,82,246,234,222,333,351,,,239,313,,,341,309,330,167,376,339,84,410,374,44,16,437,436,434,186,278,193,325,284,361,70,240,353,,269,,,340,182,213,124,326,285,211,315,104,84,235,104,198,218,162,235,231,125,125,297,289,264,90,101,218,212,278,419,351,379,379,146,98,246,211,191,42,48,352,394,,,360,360,,,341,127,353,273,344,210,250,143,289,240,107,80,212,231,244,149,143,230,421,382,157,241,48,361,,393,,,b'\x11\xe8\xe1I\xe8\xcc\xbc\xdc\x9a\xbe\x12\xdf\x17\xaeN\x1e'
11E8E149-E8CC-BCDC-9ABE-12DF17AE4E1E,2020-ncaa-d3-conf-Liberty League,ncaa,9,9,7,9,9,9,9,8,9,9,8,9,4,6,7,4,10,10,7,10,10,9,9,8,9,8,5,4,10,9,9,9,3,9,9,9,10,2,7,9,7,7,9,9,,,2,4,,,9,9,10,9,9,9,7,9,7,4,6,10,10,10,9,9,8,9,9,9,5,7,9,,3,,,9,5,5,2,9,6,3,9,6,3,7,5,3,3,10,3,4,2,1,8,9,9,5,6,3,1,3,8,9,2,9,7,9,9,7,8,3,6,10,9,,,9,6,,,9,1,9,9,9,7,8,2,8,4,7,4,4,3,3,2,1,2,8,7,8,7,4,10,,9,,,b'\x11\xe8\xe1I\xe8\xcc\xbc\xdc\x9a\xbe\x12\xdf\x17\xaeN\x1e'
11E8E149-E8CC-BCDC-9ABE-12DF17AE4E1E,2020-ncaa-d3-natl,ncaa,306,306,327,316,357,361,311,313,288,311,284,313,238,257,200,163,430,433,331,433,438,367,395,288,337,307,313,123,438,353,356,353,37,369,273,315,313,44,155,224,289,186,367,352,,,37,104,,,309,396,381,303,368,297,234,297,230,216,222,435,436,436,346,398,353,336,360,316,79,263,369,,35,,,308,78,175,49,392,231,75,396,106,90,229,237,27,15,372,16,40,28,30,379,360,347,40,176,39,11,37,188,356,67,273,228,276,349,237,332,56,158,340,361,,,420,398,,,309,42,317,289,315,166,258,91,289,132,150,124,26,14,14,40,18,13,272,128,282,333,101,373,,430,,,b'\x11\xe8\xe1I\xe8\xcc\xbc\xdc\x9a\xbe\x12\xdf\x17\xaeN\x1e'
11E8E149-E8CC-BCDC-9ABE-12DF17AE4E1E,2021-ncaa-d3-conf-Liberty League,ncaa,1,3,1,2,1,1,1,1,4,1,1,4,1,1,2,3,2,2,4,2,4,1,1,4,4,4,4,2,4,1,1,2,3,1,2,1,1,3,1,1,1,2,2,2,,,3,2,,,1,1,1,3,3,2,2,1,1,2,2,4,4,4,2,3,1,4,2,1,1,3,3,,1,,,1,3,3,3,3,3,3,3,3,3,2,3,4,4,4,4,2,3,3,3,3,3,2,2,2,3,3,4,1,3,2,3,1,1,2,2,3,1,4,4,,,1,4,,,1,3,1,2,1,1,1,1,1,1,1,2,2,2,2,1,1,1,2,1,1,2,1,4,,3,,,b'\x11\xe8\xe1I\xe8\xcc\xbc\xdc\x9a\xbe\x12\xdf\x17\xaeN\x1e'
11E8E149-E8CC-BCDC-9ABE-12DF17AE4E1E,2021-ncaa-d3-natl,ncaa,101,115,146,112,160,148,121,110,190,111,100,193,130,117,179,143,218,206,270,206,279,125,151,194,226,170,245,136,281,65,57,168,152,127,135,112,93,81,11,17,101,63,194,217,,,103,61,,,79,164,190,110,145,70,12,66,20,125,94,277,272,275,30,92,19,193,62,70,16,79,227,,54,,,89,109,112,118,91,119,113,154,98,134,30,204,117,97,272,98,78,113,120,82,89,61,95,89,125,124,152,157,57,146,135,94,57,115,50,38,99,49,152,115,,,184,262,,,79,122,126,63,83,55,78,77,110,71,60,144,80,48,54,53,88,117,231,198,44,73,63,187,,249,,,b'\x11\xe8\xe1I\xe8\xcc\xbc\xdc\x9a\xbe\x12\xdf\x17\xaeN\x1e'
11E8E149-E8CC-BCDC-9ABE-12DF17AE4E1E,2022-ncaa-d3-conf-Liberty League,ncaa,8,8,7,8,8,9,9,9,9,8,8,9,8,5,10,4,9,9,8,9,7,9,9,9,10,8,5,5,6,9,8,9,8,9,8,9,9,2,5,8,7,6,10,10,,,1,2,,,9,10,9,7,9,9,9,8,8,6,4,9,9,9,9,9,8,9,9,9,3,7,10,,1,,,9,4,6,2,9,8,1,9,2,6,2,7,1,1,10,1,3,1,1,9,9,9,1,2,2,6,8,6,8,5,8,9,7,8,6,9,6,9,7,9,,,10,8,,,9,1,8,9,9,7,8,5,9,4,4,7,2,1,1,4,3,6,9,8,9,7,7,8,,10,,,b'\x11\xe8\xe1I\xe8\xcc\xbc\xdc\x9a\xbe\x12\xdf\x17\xaeN\x1e'
11E8E149-E8CC-BCDC-9ABE-12DF17AE4E1E,2022-ncaa-d3-natl,ncaa,351,385,188,365,194,328,293,256,337,281,238,333,267,217,316,201,354,362,246,360,382,278,321,337,347,303,255,205,316,355,401,275,196,319,364,355,395,63,106,275,346,359,408,415,,,65,65,,,372,301,399,66,378,351,310,329,264,290,243,392,400,399,358,412,388,325,376,394,42,376,418,,31,,,361,303,361,228,387,384,219,410,159,216,101,236,109,58,420,58,45,182,133,371,370,391,22,107,58,141,196,358,401,293,364,348,223,366,369,397,198,258,346,366,,,347,305,,,372,131,327,380,370,291,348,211,365,227,144,203,103,31,34,158,60,139,366,295,322,397,196,360,,394,,,b'\x11\xe8\xe1I\xe8\xcc\xbc\xdc\x9a\xbe\x12\xdf\x17\xaeN\x1e'
11E8E149-E8CC-BCDC-9ABE-12DF17AE4E1E,2023-ncaa-d3-conf-Liberty League,ncaa,9,8,8,9,8,9,9,9,7,8,7,9,6,7,1,7,6,7,1,7,5,9,9,8,7,5,6,7,2,9,9,9,9,9,9,9,8,1,1,5,7,6,8,9,,,3,3,,,9,9,6,6,8,9,9,8,4,6,7,5,6,6,9,9,9,10,9,9,1,7,8,,3,,,9,8,9,2,10,10,7,10,3,1,8,1,3,3,9,3,3,1,3,10,10,10,1,1,3,7,9,8,9,7,9,8,5,6,6,7,2,7,9,9,,,9,5,,,9,2,8,9,9,9,9,6,10,10,3,2,6,5,5,6,7,9,10,9,8,6,5,10,,8,,,b'\x11\xe8\xe1I\xe8\xcc\xbc\xdc\x9a\xbe\x12\xdf\x17\xaeN\x1e'
11E8E149-E8CC-BCDC-9ABE-12DF17AE4E1E,2023-ncaa-d3-natl,ncaa,289,269,333,292,363,322,326,347,291,317,288,352,251,325,79,283,269,342,35,330,288,356,396,289,264,198,168,190,146,410,425,384,368,403,421,332,294,14,47,154,365,346,401,411,,,40,53,,,337,379,294,288,296,301,274,291,202,215,300,214,317,297,295,391,421,391,419,309,18,350,403,,45,,,335,215,342,126,421,389,263,397,71,39,322,52,41,38,256,37,24,91,61,403,387,390,6,47,36,241,368,309,425,297,421,295,182,349,292,362,54,162,357,380,,,354,196,,,337,50,271,394,344,338,384,286,401,382,117,60,53,52,49,229,188,317,394,369,330,294,109,398,,327,,,b'\x11\xe8\xe1I\xe8\xcc\xbc\xdc\x9a\xbe\x12\xdf\x17\xaeN\x1e'
11E8E149-E8CC-BCDC-9ABE-12DF17AE4E1E,2024-ncaa-d3-conf-Liberty League,ncaa,9,9,7,9,7,9,9,9,8,9,10,8,6,5,6,2,7,8,5,7,2,9,10,6,6,7,1,3,3,10,10,10,9,10,10,10,10,2,6,9,3,2,9,9,,,2,2,,,9,9,9,3,9,9,10,9,10,5,5,6,6,6,9,10,10,10,10,10,2,3,9,,1,,,9,7,8,3,10,8,2,9,7,3,10,5,1,1,3,1,1,2,2,9,10,9,1,7,2,6,9,8,10,8,10,10,10,5,3,9,2,7,8,10,,,8,5,,,9,2,9,9,9,7,9,5,9,4,8,3,1,1,1,4,4,8,10,9,9,3,2,8,,9,,,b'\x11\xe8\xe1I\xe8\xcc\xbc\xdc\x9a\xbe\x12\xdf\x17\xaeN\x1e'
11E8E149-E8CC-BCDC-9ABE-12DF17AE4E1E,2024-ncaa-d3-natl,ncaa,367,375,296,370,310,359,362,365,343,384,388,348,176,168,197,59,355,378,132,376,248,371,393,307,312,256,51,42,245,403,421,388,386,400,414,370,342,26,134,256,162,92,298,300,,,32,45,,,339,382,405,119,372,374,378,399,397,154,125,361,386,386,401,425,417,413,425,378,38,121,295,,21,,,340,124,214,89,359,239,149,328,171,90,370,175,39,31,259,31,47,56,63,353,324,314,88,230,50,268,386,315,421,302,414,356,406,279,193,358,57,190,337,414,,,392,322,,,339,51,315,351,341,195,283,150,280,205,223,115,45,32,32,99,90,316,355,353,364,246,91,368,,406,,,b'\x11\xe8\xe1I\xe8\xcc\xbc\xdc\x9a\xbe\x12\xdf\x17\xaeN\x1e'
11E8E149-E8CC-BCDC-9ABE-12DF17AE4E1E,2025-ncaa-d3-conf-Liberty League,genius_ncaa,7,7,7,7,8,8,9,9,6,9,10,7,5,6,4,1,8,9,2,9,6,10,10,5,5,6,1,2,6,10,10,10,9,10,10,8,1,7,8,8,4,3,7,5,,,2,5,,1,8,10,9,7,8,9,9,9,10,5,4,8,9,9,10,10,10,10,10,6,7,3,7,,3,,1,8,4,4,1,8,3,1,8,5,4,6,9,9,8,8,8,10,1,1,8,9,7,8,5,8,6,9,3,10,5,10,3,4,5,3,4,8,8,5,10,,,10,7,,10,8,1,8,8,8,8,5,3,5,2,6,5,10,9,9,3,2,8,6,7,4,4,8,7,,10,,10,b'\x11\xe8\xe1I\xe8\xcc\xbc\xdc\x9a\xbe\x12\xdf\x17\xaeN\x1e'
11E8E149-E8CC-BCDC-9ABE-12DF17AE4E1E,2025-ncaa-d3-natl,genius_ncaa,274,269,290,283,302,348,331,354,268,346,358,277,216,239,161,101,377,405,28,406,377,370,384,242,248,253,131,83,336,404,405,344,244,387,368,277,98,96,258,207,142,71,157,104,,,130,263,,34,261,369,382,116,355,339,374,351,359,184,190,388,411,410,400,415,412,331,409,256,160,99,137,,178,,36,263,44,36,33,144,40,41,162,113,111,188,245,236,221,269,213,346,38,37,162,202,186,338,229,354,131,244,195,405,154,368,53,153,266,164,137,171,306,349,402,,,395,372,,385,261,44,299,197,268,98,68,52,69,55,163,165,304,278,267,68,62,170,264,229,89,232,216,366,,410,,387,b'\x11\xe8\xe1I\xe8\xcc\xbc\xdc\x9a\xbe\x12\xdf\x17\xaeN\x1e'
11E8E149-E8CC-BCDC-9ABE-12DF17AE4E1E,2026-ncaa-d3-conf-Liberty League,genius_ncaa,8,8,3,8,3,10,8,10,5,8,9,7,4,8,3,4,9,10,8,9,9,10,7,4,5,10,4,2,9,10,10,8,7,10,10,7,2,8,10,9,6,6,7,9,,,3,1,,1,10,4,3,1,10,7,10,8,9,3,7,9,10,9,10,7,10,6,10,6,10,5,7,,3,,2,10,9,8,7,9,7,7,5,10,6,10,8,8,7,10,5,4,7,7,10,10,10,8,7,6,6,7,4,10,5,10,9,10,8,8,10,9,10,2,5,,,10,10,,5,10,6,10,10,10,10,9,9,8,9,10,8,10,7,5,9,8,7,5,6,10,8,10,2,,10,,5,b'\x11\xe8\xe1I\xe8\xcc\xbc\xdc\x9a\xbe\x12\xdf\x17\xaeN\x1e'
11E8E149-E8CC-BCDC-9ABE-12DF17AE4E1E,2026-ncaa-d3-natl,genius_ncaa,157,200,116,194,139,218,169,228,93,189,236,119,117,196,59,130,392,389,313,390,413,271,221,80,131,239,267,80,414,283,223,127,159,179,123,39,4,334,368,160,249,262,158,212,,,150,100,,130,236,208,318,113,289,199,348,223,318,130,234,415,415,414,391,349,327,126,234,35,326,284,197,,67,,119,234,218,247,254,178,249,264,182,237,248,195,213,132,142,117,134,78,246,211,174,148,227,140,233,85,228,159,138,223,162,123,224,159,295,338,307,340,372,55,49,,,338,401,,323,236,206,250,228,243,160,213,235,212,243,211,211,75,86,82,200,116,191,42,86,192,363,335,37,,409,,348,b'\x11\xe8\xe1I\xe8\xcc\xbc\xdc\x9a\xbe\x12\xdf\x17\xaeN\x1e'
11E8E149-E8D2-3734-9ABE-12DF17AE4E1E,2018-ncaa-d3-conf-NEWMAC,ncaa,7,7,4,7,6,7,7,6,9,7,7,8,7,3,10,2,6,5,7,5,4,7,3,9,10,9,4,5,6,4,5,7,4,4,4,9,9,9,9,10,6,5,6,7,,,10,11,,,8,5,3,7,7,7,4,8,8,5,3,6,5,4,5,2,5,5,4,10,9,6,6,,10,,,8,7,7,6,8,8,6,8,4,2,4,2,9,10,9,10,5,6,6,8,8,8,6,3,7,3,4,7,5,5,4,7,7,5,6,7,8,7,5,7,,,8,10,,,8,8,8,7,8,7,7,6,8,7,3,3,9,9,9,7,6,4,7,6,7,3,8,6,,8,,,b'\x11\xe8\xe1I\xe8\xd274\x9a\xbe\x12\xdf\x17\xaeN\x1e'
11E8E149-E8D2-3734-9ABE-12DF17AE4E1E,2018-ncaa-d3-natl,ncaa,218,223,197,227,264,296,273,244,290,282,301,251,197,131,308,97,351,356,285,357,327,276,233,279,302,328,205,129,354,105,67,234,67,160,61,289,296,345,360,342,206,186,252,244,,,288,374,,,222,286,254,303,320,286,225,308,317,187,116,370,381,379,282,206,79,215,108,312,349,213,259,,324,,,222,97,101,90,187,124,144,152,138,121,281,166,161,147,245,155,212,88,125,185,187,153,223,210,249,51,67,126,67,79,61,165,270,160,111,151,260,279,40,54,,,339,374,,,222,177,302,110,213,106,115,90,136,162,156,118,161,144,148,91,100,57,140,85,177,149,274,38,,362,,,b'\x11\xe8\xe1I\xe8\xd274\x9a\xbe\x12\xdf\x17\xaeN\x1e'
11E8E149-E8D2-3734-9ABE-12DF17AE4E1E,2019-ncaa-d3-conf-NEWMAC,ncaa,7,7,8,7,8,6,6,5,5,6,8,3,3,2,6,3,8,8,7,8,8,7,6,4,5,6,7,4,10,4,6,7,8,7,8,6,9,7,7,7,5,3,5,4,,,9,8,,,6,5,1,3,4,3,2,3,5,3,1,8,8,8,3,2,4,6,5,5,9,2,4,,10,,,6,5,4,4,5,7,7,8,1,1,1,2,10,10,6,10,9,5,6,4,4,4,2,1,11,6,8,5,6,5,8,6,8,2,2,4,7,6,5,5,,,9,11,,,6,6,6,5,6,8,7,8,9,10,1,3,11,11,11,8,9,8,8,8,7,2,7,5,,9,,,b'\x11\xe8\xe1I\xe8\xd274\x9a\xbe\x12\xdf\x17\xaeN\x1e'
11E8E149-E8D2-3734-9ABE-12DF17AE4E1E,2019-ncaa-d3-natl,ncaa,338,361,215,356,262,200,152,125,218,193,221,157,116,68,269,66,387,397,268,395,416,180,147,202,252,266,246,103,429,93,84,315,344,229,223,219,349,331,303,297,157,172,245,288,,,399,399,,,211,169,103,191,177,116,55,167,205,105,55,404,411,412,109,76,74,340,200,208,339,145,240,,423,,,211,233,199,144,277,307,309,217,43,30,256,20,400,412,216,413,375,201,283,221,263,190,129,26,405,303,344,176,84,223,223,185,163,96,102,99,229,196,234,240,,,380,435,,,211,268,245,201,212,269,231,173,306,341,48,30,408,422,426,258,341,315,185,243,199,77,238,250,,414,,,b'\x11\xe8\xe1I\xe8\xd274\x9a\xbe\x12\xdf\x17\xaeN\x1e'
11E8E149-E8D2-3734-9ABE-12DF17AE4E1E,2020-ncaa-d3-conf-NEWMAC,ncaa,8,5,9,8,9,6,8,7,9,8,6,8,7,5,9,7,4,3,5,3,2,6,9,8,7,7,3,10,1,5,6,7,7,8,7,7,6,3,2,6,9,9,5,5,,,2,3,,,8,8,2,3,4,4,1,4,2,6,2,1,1,1,1,2,1,3,2,5,7,7,4,,5,,,8,7,8,6,8,8,8,6,7,4,10,4,4,3,11,3,3,4,4,8,8,9,4,6,3,5,7,7,6,8,7,3,1,9,8,6,6,6,8,6,,,4,2,,,8,4,6,8,8,9,9,9,10,10,10,8,7,6,6,9,10,9,11,9,7,5,9,9,,1,,,b'\x11\xe8\xe1I\xe8\xd274\x9a\xbe\x12\xdf\x17\xaeN\x1e'
11E8E149-E8D2-3734-9ABE-12DF17AE4E1E,2020-ncaa-d3-natl,ncaa,149,136,198,150,237,168,194,73,325,210,124,315,150,90,300,161,79,74,205,79,140,67,83,324,302,257,141,194,99,72,149,155,232,94,225,177,167,188,94,168,184,229,212,265,,,233,161,,,178,90,47,155,110,160,22,192,90,151,72,51,41,50,17,26,53,93,42,148,210,168,214,,275,,,179,227,284,330,175,345,395,132,99,93,212,40,181,197,153,184,80,304,341,131,122,119,61,75,173,284,232,393,149,361,225,88,29,128,165,69,155,100,292,232,,,94,180,,,178,333,238,131,187,255,299,347,343,415,110,83,199,216,198,335,377,294,391,359,110,101,168,301,,55,,,b'\x11\xe8\xe1I\xe8\xd274\x9a\xbe\x12\xdf\x17\xaeN\x1e'
11E8E149-E8D2-3734-9ABE-12DF17AE4E1E,2021-ncaa-d3-natl,ncaa,128,1,232,1,234,214,209,227,21,210,227,15,209,226,93,145,229,234,85,232,210,228,233,26,32,14,220,164,231,240,168,221,146,228,122,206,118,43,27,16,237,200,247,259,,,52,81,,,80,232,18,110,10,8,16,11,31,73,84,122,140,128,24,41,142,8,28,17,53,161,241,,158,,,42,52,49,52,49,46,55,39,58,58,147,121,60,61,120,59,105,52,53,50,57,78,180,179,164,63,146,50,168,53,122,28,4,234,178,15,50,142,46,59,,,231,140,,,80,53,30,90,46,169,159,258,143,256,197,205,186,193,178,257,265,240,183,218,5,118,159,87,,81,,,b'\x11\xe8\xe1I\xe8\xd274\x9a\xbe\x12\xdf\x17\xaeN\x1e'
11E8E149-E8D2-3734-9ABE-12DF17AE4E1E,2022-ncaa-d3-conf-NEWMAC,ncaa,6,6,4,6,6,5,5,3,7,4,3,7,5,3,7,7,5,6,3,6,9,3,3,7,7,6,6,7,7,3,6,4,6,4,6,4,3,2,2,2,2,2,2,2,,,8,6,,,6,3,2,6,4,3,1,4,1,6,1,4,6,6,1,1,1,4,2,2,2,1,2,,8,,,6,9,7,9,7,9,8,7,8,7,8,5,8,9,5,8,8,9,9,7,7,7,7,8,7,10,6,11,6,11,6,8,7,2,5,6,5,2,10,8,,,8,10,,,6,9,6,7,6,8,8,9,8,9,9,7,8,10,9,10,10,8,10,10,7,1,4,10,,6,,,b'\x11\xe8\xe1I\xe8\xd274\x9a\xbe\x12\xdf\x17\xaeN\x1e'
11E8E149-E8D2-3734-9ABE-12DF17AE4E1E,2022-ncaa-d3-natl,ncaa,210,182,300,202,316,197,169,147,224,147,112,247,192,198,188,253,309,289,334,288,369,165,243,227,257,179,295,223,372,95,104,246,311,174,228,144,150,29,9,29,259,263,132,151,,,178,209,,,169,288,113,143,90,54,13,61,29,155,155,274,214,220,18,61,29,120,49,71,40,220,93,,285,,,164,158,199,200,199,250,264,188,92,117,121,97,134,215,22,207,168,192,163,166,134,170,79,105,173,309,311,230,104,263,228,221,218,259,271,266,61,53,206,154,,,329,361,,,169,147,137,215,171,257,296,349,328,375,121,171,216,292,286,353,353,356,351,357,284,207,96,267,,282,,,b'\x11\xe8\xe1I\xe8\xd274\x9a\xbe\x12\xdf\x17\xaeN\x1e'
11E8E149-E8D2-3734-9ABE-12DF17AE4E1E,2023-ncaa-d3-conf-NEWMAC,ncaa,6,5,8,6,11,6,6,5,5,6,6,5,3,6,3,6,7,8,1,8,8,6,8,4,4,4,4,3,5,6,5,7,7,6,6,6,7,1,2,3,8,7,6,5,,,3,6,,,6,9,5,11,4,4,2,5,4,1,4,7,7,7,3,4,4,5,6,4,2,6,5,,5,,,6,4,4,3,6,5,4,7,6,4,5,6,5,5,4,5,8,3,3,6,6,8,6,6,6,6,7,2,5,2,6,4,4,10,10,9,1,2,3,4,,,10,10,,,6,3,5,9,6,9,9,9,8,6,7,8,8,7,7,9,8,8,6,6,6,8,2,4,,10,,,b'\x11\xe8\xe1I\xe8\xd274\x9a\xbe\x12\xdf\x17\xaeN\x1e'
11E8E149-E8D2-3734-9ABE-12DF17AE4E1E,2023-ncaa-d3-natl,ncaa,188,198,185,198,192,113,116,91,176,167,132,239,69,113,37,174,146,197,68,198,259,101,170,146,136,75,121,109,247,134,166,195,284,172,233,117,186,36,14,25,310,361,187,242,,,150,108,,,184,196,177,40,63,75,42,148,94,57,107,120,184,186,47,135,108,175,137,91,27,332,190,,152,,,185,341,362,335,292,358,358,260,304,239,348,176,193,154,335,153,85,316,274,292,283,313,153,235,100,305,284,257,166,301,233,317,186,246,300,318,43,31,77,46,,,217,246,,,184,252,66,314,170,333,346,351,347,362,296,230,198,153,153,329,297,298,279,291,301,254,44,76,,202,,,b'\x11\xe8\xe1I\xe8\xd274\x9a\xbe\x12\xdf\x17\xaeN\x1e'
11E8E149-E8D2-3734-9ABE-12DF17AE4E1E,2024-ncaa-d3-conf-NEWMAC,ncaa,5,3,7,4,8,7,5,6,4,5,6,4,6,6,6,4,10,10,9,11,12,8,8,4,6,5,11,7,12,6,5,5,5,5,5,3,1,2,4,3,7,6,1,1,,,3,3,,,4,8,5,9,5,3,3,4,3,4,3,11,12,12,4,7,5,1,1,2,4,5,1,,2,,,4,2,5,5,1,5,9,2,4,4,2,6,2,3,4,3,2,5,5,1,1,1,1,6,2,6,5,7,5,6,5,4,4,8,10,6,1,4,6,5,,,11,12,,,4,5,4,2,4,5,5,9,7,9,5,6,1,1,1,6,5,7,9,8,5,9,4,6,,11,,,b'\x11\xe8\xe1I\xe8\xd274\x9a\xbe\x12\xdf\x17\xaeN\x1e'
11E8E149-E8D2-3734-9ABE-12DF17AE4E1E,2024-ncaa-d3-natl,ncaa,74,66,112,77,170,78,40,60,65,67,94,63,59,77,66,126,393,408,134,409,427,99,146,56,89,56,310,110,427,112,127,16,25,32,35,21,23,49,23,4,304,316,34,62,,,80,46,,,46,171,216,244,51,17,28,48,97,56,83,411,420,422,83,179,105,6,14,6,33,324,30,,38,,,41,115,199,340,62,225,350,59,167,253,75,202,39,42,94,37,21,285,235,49,28,69,91,231,54,130,25,276,127,207,35,83,28,320,350,195,40,21,99,50,,,402,426,,,46,267,43,63,37,94,157,323,190,320,142,230,23,23,20,256,178,105,225,166,67,361,28,74,,425,,,b'\x11\xe8\xe1I\xe8\xd274\x9a\xbe\x12\xdf\x17\xaeN\x1e'
11E8E149-E8D2-3734-9ABE-12DF17AE4E1E,2025-ncaa-d3-conf-NEWMAC,genius_ncaa,8,6,7,8,9,7,5,5,4,5,5,4,5,6,4,6,11,11,2,11,12,8,9,4,6,4,11,5,12,7,7,8,8,7,6,2,2,1,2,2,10,9,2,3,,,3,3,,2,8,9,7,7,5,2,1,3,2,4,2,11,11,11,4,5,5,6,3,1,2,10,2,,3,,4,8,8,10,7,10,9,9,6,7,3,12,3,3,2,12,2,1,6,4,10,10,12,2,6,2,6,8,4,7,6,6,4,3,11,11,9,4,7,5,6,,,11,11,,7,8,4,4,11,8,8,10,10,10,11,6,6,3,3,3,8,7,6,8,7,6,12,7,7,,11,,7,b'\x11\xe8\xe1I\xe8\xd274\x9a\xbe\x12\xdf\x17\xaeN\x1e'
11E8E149-E8D2-3734-9ABE-12DF17AE4E1E,2025-ncaa-d3-natl,genius_ncaa,173,118,290,153,299,137,98,132,60,101,123,127,116,212,30,245,341,380,104,383,417,176,256,69,100,59,291,157,410,160,143,197,207,178,181,58,61,22,34,8,359,363,66,87,,,72,74,,70,136,288,179,107,45,25,33,31,50,80,165,346,384,388,61,138,114,90,86,16,52,351,40,,83,,75,134,211,293,291,225,309,342,169,194,140,297,120,62,32,413,31,10,228,146,210,189,270,67,182,56,229,207,170,143,185,181,83,18,363,375,251,44,55,227,171,,,319,332,,295,136,132,54,285,129,299,333,364,341,386,234,196,79,34,33,322,262,267,239,262,122,359,78,270,,300,,298,b'\x11\xe8\xe1I\xe8\xd274\x9a\xbe\x12\xdf\x17\xaeN\x1e'
11E8E149-E8D2-3734-9ABE-12DF17AE4E1E,2026-ncaa-d3-natl,genius_ncaa,98,200,42,183,64,25,24,18,164,42,89,66,26,10,260,31,198,266,29,266,381,35,61,149,162,99,195,107,382,47,154,80,171,68,198,15,90,178,28,26,174,272,88,189,,,263,116,,75,101,73,171,113,73,52,25,104,202,64,18,310,378,385,55,144,104,197,144,37,56,261,153,,119,,59,120,330,361,350,277,360,369,244,301,298,279,156,158,177,122,147,26,335,333,259,223,225,82,207,43,274,171,357,154,338,198,349,221,92,198,250,103,21,336,284,,,248,405,,291,101,346,79,211,122,230,289,252,296,287,222,159,47,52,41,201,208,166,299,244,279,195,30,285,,401,,342,b'\x11\xe8\xe1I\xe8\xd274\x9a\xbe\x12\xdf\x17\xaeN\x1e'
11E8E149-E8D6-9F2C-9ABE-12DF17AE4E1E,2018-ncaa-d3-conf-NEAC,ncaa,9,9,9,9,13,10,10,11,11,11,9,11,10,10,10,9,9,9,9,9,8,12,11,11,11,11,7,9,6,5,4,9,3,5,3,12,12,10,12,12,9,9,12,11,,,12,14,,,9,13,11,13,10,10,10,10,6,10,9,8,7,7,9,7,4,5,2,12,12,9,12,,14,,,9,4,4,2,7,3,2,11,5,8,3,10,10,10,12,9,13,2,2,6,10,10,10,7,13,1,3,4,4,2,3,6,10,10,9,9,5,9,7,8,,,9,7,,,9,2,10,8,8,5,4,4,5,4,8,8,12,12,12,4,4,3,5,3,8,9,9,7,,6,,,"b'\x11\xe8\xe1I\xe8\xd6\x9f,\x9a\xbe\x12\xdf\x17\xaeN\x1e'"
11E8E149-E8D6-9F2C-9ABE-12DF17AE4E1E,2018-ncaa-d3-conf-United East,ncaa,9,9,9,9,13,10,10,11,11,11,9,11,10,10,10,9,9,9,9,9,8,12,11,11,11,11,7,9,6,5,4,9,3,5,3,12,12,10,12,12,9,9,12,11,,,12,14,,,9,13,11,13,10,10,10,10,6,10,9,8,7,7,9,7,4,5,2,12,12,9,12,,14,,,9,4,4,2,7,3,2,11,5,8,3,10,10,10,12,9,13,2,2,6,10,10,10,7,13,1,3,4,4,2,3,6,10,10,9,9,5,9,7,8,,,9,7,,,9,2,10,8,8,5,4,4,5,4,8,8,12,12,12,4,4,3,5,3,8,9,9,7,,6,,,"b'\x11\xe8\xe1I\xe8\xd6\x9f,\x9a\xbe\x12\xdf\x17\xaeN\x1e'"
11E8E149-E8D6-9F2C-9ABE-12DF17AE4E1E,2018-ncaa-d3-natl,ncaa,262,251,305,267,359,289,263,202,318,230,150,327,293,293,294,299,297,256,346,259,321,210,169,332,343,351,308,281,276,68,60,129,47,85,40,294,324,345,330,345,179,172,372,371,,,384,423,,,229,241,88,414,250,236,86,179,77,279,255,281,206,212,96,57,36,23,16,286,380,154,377,,428,,,229,108,65,98,102,88,97,146,113,198,55,240,349,382,99,378,417,134,161,89,125,128,332,170,414,65,47,177,60,108,40,126,293,185,160,150,262,251,142,111,,,255,323,,,229,218,312,98,220,180,115,182,133,165,160,249,397,413,412,240,288,93,256,181,184,141,305,172,,188,,,"b'\x11\xe8\xe1I\xe8\xd6\x9f,\x9a\xbe\x12\xdf\x17\xaeN\x1e'"
11E8E149-E8D6-9F2C-9ABE-12DF17AE4E1E,2019-ncaa-d3-conf-NEAC,ncaa,8,7,7,8,7,10,10,10,10,9,6,10,11,9,12,7,4,4,8,4,2,8,9,11,10,10,8,12,1,8,5,5,1,6,2,8,2,7,7,8,11,11,10,9,,,8,11,,,10,9,8,1,10,10,8,8,6,11,8,3,3,3,6,6,6,1,4,7,10,11,10,,11,,,10,3,2,3,3,3,2,4,5,6,3,9,11,10,12,10,10,4,2,4,5,7,10,7,10,1,1,4,5,2,2,6,10,12,11,10,6,5,6,6,,,5,2,,,10,3,10,3,10,4,3,5,4,4,7,8,11,10,11,6,4,1,7,3,7,12,6,7,,3,,,"b'\x11\xe8\xe1I\xe8\xd6\x9f,\x9a\xbe\x12\xdf\x17\xaeN\x1e'"
11E8E149-E8D6-9F2C-9ABE-12DF17AE4E1E,2019-ncaa-d3-conf-United East,ncaa,8,7,7,8,7,10,10,10,10,9,6,10,11,9,12,7,4,4,8,4,2,8,9,11,10,10,8,12,1,8,5,5,1,6,2,8,2,7,7,8,11,11,10,9,,,8,11,,,10,9,8,1,10,10,8,8,6,11,8,3,3,3,6,6,6,1,4,7,10,11,10,,11,,,10,3,2,3,3,3,2,4,5,6,3,9,11,10,12,10,10,4,2,4,5,7,10,7,10,1,1,4,5,2,2,6,10,12,11,10,6,5,6,6,,,5,2,,,10,3,10,3,10,4,3,5,4,4,7,8,11,10,11,6,4,1,7,3,7,12,6,7,,3,,,"b'\x11\xe8\xe1I\xe8\xd6\x9f,\x9a\xbe\x12\xdf\x17\xaeN\x1e'"
11E8E149-E8D6-9F2C-9ABE-12DF17AE4E1E,2019-ncaa-d3-natl,ncaa,263,185,390,242,390,361,380,359,380,352,300,376,368,340,376,305,212,142,361,145,81,341,348,388,370,363,214,331,31,243,160,262,70,272,103,277,36,163,257,248,360,328,333,334,,,109,223,,,256,362,100,5,289,327,131,260,111,333,265,73,24,25,80,60,112,38,42,160,318,303,317,,268,,,259,55,53,87,79,73,108,113,69,148,35,228,170,155,255,162,237,83,60,69,83,153,229,155,307,38,70,83,160,50,103,136,336,372,342,314,181,257,130,182,,,254,134,,,256,76,354,122,259,221,197,356,230,327,170,298,313,304,308,365,324,138,278,218,282,287,305,237,,49,,,"b'\x11\xe8\xe1I\xe8\xd6\x9f,\x9a\xbe\x12\xdf\x17\xaeN\x1e'"
11E8E149-E8D6-9F2C-9ABE-12DF17AE4E1E,2020-ncaa-d3-conf-NEAC,ncaa,6,8,4,8,5,5,5,4,11,5,4,11,5,4,5,7,3,3,5,4,4,4,4,11,10,9,4,5,3,1,1,1,1,1,1,8,11,9,6,9,11,11,9,9,,,9,9,,,7,4,4,7,7,7,2,6,4,5,6,3,3,3,1,1,1,1,1,8,10,11,9,,10,,,7,9,6,10,5,7,8,4,9,8,9,8,10,11,3,11,8,10,8,6,6,9,9,8,7,3,1,10,1,8,1,9,10,8,10,10,10,9,7,7,,,4,5,,,7,9,8,8,7,7,6,10,5,7,9,8,10,9,9,10,5,1,8,6,7,9,10,8,,2,,,"b'\x11\xe8\xe1I\xe8\xd6\x9f,\x9a\xbe\x12\xdf\x17\xaeN\x1e'"
11E8E149-E8D6-9F2C-9ABE-12DF17AE4E1E,2020-ncaa-d3-conf-United East,ncaa,6,8,4,8,5,5,5,4,11,5,4,11,5,4,5,7,3,3,5,4,4,4,4,11,10,9,4,5,3,1,1,1,1,1,1,8,11,9,6,9,11,11,9,9,,,9,9,,,7,4,4,7,7,7,2,6,4,5,6,3,3,3,1,1,1,1,1,8,10,11,9,,10,,,7,9,6,10,5,7,8,4,9,8,9,8,10,11,3,11,8,10,8,6,6,9,9,8,7,3,1,10,1,8,1,9,10,8,10,10,10,9,7,7,,,4,5,,,7,9,8,8,7,7,6,10,5,7,9,8,10,9,9,10,5,1,8,6,7,9,10,8,,2,,,"b'\x11\xe8\xe1I\xe8\xd6\x9f,\x9a\xbe\x12\xdf\x17\xaeN\x1e'"
11E8E149-E8D6-9F2C-9ABE-12DF17AE4E1E,2020-ncaa-d3-natl,ncaa,237,245,198,250,280,193,206,111,304,210,102,337,176,179,193,251,123,104,255,116,211,112,87,305,295,285,177,200,138,48,70,44,27,32,44,244,306,295,222,300,344,369,381,398,,,321,312,,,226,121,56,303,156,176,42,192,73,173,162,106,72,78,33,28,32,6,9,232,317,352,390,,350,,,228,268,252,302,165,208,293,117,325,262,356,215,253,337,27,334,285,323,257,192,161,243,303,303,220,120,27,317,70,239,44,346,362,301,345,359,370,318,118,78,,,127,223,,,226,306,248,211,231,284,274,333,228,321,327,284,262,341,344,353,309,134,327,262,343,303,364,118,,86,,,"b'\x11\xe8\xe1I\xe8\xd6\x9f,\x9a\xbe\x12\xdf\x17\xaeN\x1e'"
11E8E149-E8D6-9F2C-9ABE-12DF17AE4E1E,2021-ncaa-d3-conf-North Atlantic,ncaa,3,1,4,1,5,3,3,4,4,3,4,5,6,7,5,7,3,3,6,3,4,4,4,5,5,3,6,7,3,3,1,4,3,3,2,4,3,2,3,3,3,2,3,2,,,4,7,,,3,5,3,3,3,2,1,1,1,6,7,2,2,2,1,2,1,2,2,3,3,2,2,,6,,,3,1,1,1,5,2,1,5,4,2,5,7,1,3,1,3,7,1,1,4,4,3,6,6,3,1,3,2,1,2,2,3,6,4,3,3,2,4,2,2,,,3,2,,,3,2,2,3,3,3,3,2,4,1,5,5,2,5,5,2,3,3,3,3,5,2,4,2,,1,,,"b'\x11\xe8\xe1I\xe8\xd6\x9f,\x9a\xbe\x12\xdf\x17\xaeN\x1e'"
11E8E149-E8D6-9F2C-9ABE-12DF17AE4E1E,2021-ncaa-d3-natl,ncaa,176,1,256,1,259,260,261,258,193,255,257,217,269,270,204,275,255,253,261,253,154,258,256,222,231,206,265,262,112,247,8,258,74,255,21,257,119,26,110,135,246,13,240,48,,,31,260,,,122,258,38,110,102,82,15,29,4,247,249,84,20,19,13,11,3,37,5,85,190,13,77,,265,,,85,21,19,18,82,17,15,148,30,30,81,268,19,26,6,27,271,19,23,112,68,45,227,246,110,17,74,22,8,20,21,27,273,256,56,122,27,84,24,33,,,253,69,,,122,27,156,43,87,98,98,119,63,22,207,255,99,207,230,153,213,120,141,137,207,39,136,87,,12,,,"b'\x11\xe8\xe1I\xe8\xd6\x9f,\x9a\xbe\x12\xdf\x17\xaeN\x1e'"
11E8E149-E8D6-9F2C-9ABE-12DF17AE4E1E,2022-ncaa-d3-conf-North Atlantic,ncaa,5,4,7,4,9,6,6,7,5,6,6,6,5,6,4,6,8,8,5,8,11,7,8,4,6,4,6,5,9,4,3,7,5,7,5,6,7,2,1,4,2,1,3,3,,,8,12,,,4,8,4,8,4,3,1,3,2,3,6,7,7,7,1,2,2,8,4,4,3,1,2,,11,,,4,2,2,3,4,2,4,3,2,2,6,2,5,8,2,8,10,4,4,3,3,1,5,3,11,3,5,7,3,6,5,3,6,1,1,1,3,2,3,2,,,6,7,,,4,4,4,1,4,3,2,1,4,4,2,2,7,10,9,2,7,6,6,6,3,1,2,4,,4,,,"b'\x11\xe8\xe1I\xe8\xd6\x9f,\x9a\xbe\x12\xdf\x17\xaeN\x1e'"
11E8E149-E8D6-9F2C-9ABE-12DF17AE4E1E,2022-ncaa-d3-natl,ncaa,210,182,300,202,333,220,187,188,197,142,104,226,278,312,213,325,315,312,287,314,395,213,203,226,250,251,364,302,357,95,64,204,235,146,134,168,173,259,252,216,135,117,50,38,,,258,301,,,91,244,41,290,128,77,29,56,25,260,266,287,261,275,40,24,29,49,22,93,326,73,25,,371,,,69,34,29,102,22,58,188,12,26,41,46,43,225,302,39,290,301,116,182,12,15,7,193,56,391,255,235,169,64,193,134,93,335,73,30,39,83,83,58,20,,,291,335,,,91,175,224,13,89,66,57,200,106,319,30,52,293,355,351,247,373,320,292,308,154,23,152,68,,200,,,"b'\x11\xe8\xe1I\xe8\xd6\x9f,\x9a\xbe\x12\xdf\x17\xaeN\x1e'"
11E8E149-E8D6-9F2C-9ABE-12DF17AE4E1E,2023-ncaa-d3-conf-North Atlantic,ncaa,4,3,2,4,2,5,5,4,6,4,3,6,6,4,10,7,2,2,8,2,4,4,3,6,7,7,10,9,4,3,5,1,3,2,4,3,6,5,3,5,7,10,3,3,,,12,12,,,3,2,5,2,6,6,4,3,4,7,4,2,3,3,4,3,4,1,1,4,4,9,3,,12,,,3,4,4,7,1,8,11,4,1,1,1,1,12,12,10,12,9,8,10,1,1,3,4,1,12,4,3,11,5,9,4,3,3,4,6,3,5,4,5,4,,,2,2,,,3,11,7,3,3,4,3,5,4,9,1,1,11,12,12,6,7,3,9,6,3,7,5,4,,2,,,"b'\x11\xe8\xe1I\xe8\xd6\x9f,\x9a\xbe\x12\xdf\x17\xaeN\x1e'"
11E8E149-E8D6-9F2C-9ABE-12DF17AE4E1E,2023-ncaa-d3-natl,ncaa,152,131,185,153,214,150,136,84,239,118,93,201,202,148,332,235,187,142,307,144,242,84,85,261,270,252,303,286,244,70,141,14,122,20,102,85,93,231,156,139,316,376,71,122,,,307,230,,,123,102,57,164,113,100,31,84,63,211,141,169,117,119,33,33,46,3,5,70,254,340,64,,325,,,120,152,151,361,17,263,396,23,38,117,8,45,309,343,70,339,188,376,332,12,11,44,85,28,345,307,122,362,141,357,102,208,250,248,338,235,258,195,186,112,,,145,248,,,123,324,212,63,131,161,163,370,262,403,31,109,320,357,352,380,352,303,362,350,212,257,259,183,,92,,,"b'\x11\xe8\xe1I\xe8\xd6\x9f,\x9a\xbe\x12\xdf\x17\xaeN\x1e'"
11E8E149-E8D6-9F2C-9ABE-12DF17AE4E1E,2024-ncaa-d3-conf-North Atlantic,ncaa,4,1,13,1,13,7,7,13,2,7,12,2,7,10,3,5,11,12,2,12,8,13,13,2,2,2,7,6,11,7,1,9,3,9,1,5,4,2,2,2,9,5,2,1,,,2,6,,,2,13,8,5,1,1,2,2,5,3,3,3,4,4,2,4,2,1,1,1,3,5,1,,5,,,1,2,2,2,1,2,2,1,2,2,2,2,2,2,1,2,4,2,2,1,1,1,7,3,10,2,3,2,1,2,1,2,2,12,4,1,2,2,2,2,,,13,8,,,2,2,2,1,1,1,1,4,1,10,1,1,1,4,4,4,5,4,1,3,1,3,2,2,,7,,,"b'\x11\xe8\xe1I\xe8\xd6\x9f,\x9a\xbe\x12\xdf\x17\xaeN\x1e'"
11E8E149-E8D6-9F2C-9ABE-12DF17AE4E1E,2024-ncaa-d3-natl,ncaa,74,2,403,5,406,239,226,322,100,225,318,79,203,220,160,156,286,297,204,301,209,328,381,102,111,67,225,185,283,80,1,213,50,147,3,137,37,8,14,9,299,131,22,4,,,29,122,,,6,404,191,244,16,20,16,39,69,80,70,99,94,102,14,46,3,3,1,8,66,123,4,,130,,,1,5,3,20,1,4,37,1,4,18,1,90,11,18,3,17,66,18,21,1,1,1,116,96,258,57,50,15,1,17,3,3,222,298,79,15,4,12,35,65,,,373,300,,,6,23,15,1,1,1,1,185,8,276,3,72,18,72,72,138,221,231,89,135,15,91,22,111,,172,,,"b'\x11\xe8\xe1I\xe8\xd6\x9f,\x9a\xbe\x12\xdf\x17\xaeN\x1e'"
11E8E149-E8D6-9F2C-9ABE-12DF17AE4E1E,2025-ncaa-d3-conf-North Atlantic,genius_ncaa,2,2,1,2,1,1,1,1,2,1,1,2,2,2,5,4,1,1,4,1,3,1,1,2,2,2,7,6,8,1,1,2,1,1,1,2,8,1,1,1,2,3,1,1,,,10,9,,9,1,2,9,6,1,1,1,1,2,3,2,1,2,2,1,2,1,2,1,2,1,3,1,,9,,9,1,2,2,6,2,2,8,2,2,1,2,1,7,9,3,9,7,8,8,2,2,2,8,3,9,1,1,5,1,2,1,2,2,2,3,2,1,1,3,2,,,1,3,,2,1,10,1,2,1,2,2,1,2,2,2,1,4,5,5,1,1,1,2,1,2,4,1,3,,2,,3,"b'\x11\xe8\xe1I\xe8\xd6\x9f,\x9a\xbe\x12\xdf\x17\xaeN\x1e'"
11E8E149-E8D6-9F2C-9ABE-12DF17AE4E1E,2025-ncaa-d3-natl,genius_ncaa,20,25,16,27,22,9,17,9,124,21,24,98,61,39,205,186,9,13,105,11,131,8,9,129,114,68,204,222,159,3,2,17,91,4,10,12,79,171,14,12,171,277,7,14,,,397,319,,382,11,26,169,202,25,34,22,38,76,104,78,32,44,44,19,48,5,67,8,23,59,278,10,,315,,346,13,254,227,384,32,230,391,23,209,255,148,98,326,374,40,376,251,390,386,34,35,43,244,174,304,273,91,286,2,291,10,309,323,79,160,165,78,10,107,27,,,5,104,,84,11,392,20,43,16,65,61,172,84,228,97,96,206,276,277,187,210,135,91,97,177,149,25,46,,38,,127,"b'\x11\xe8\xe1I\xe8\xd6\x9f,\x9a\xbe\x12\xdf\x17\xaeN\x1e'"
11E8E149-E8D6-9F2C-9ABE-12DF17AE4E1E,2026-ncaa-d3-conf-North Atlantic,genius_ncaa,5,5,3,6,3,6,7,4,8,7,7,8,2,3,5,2,4,7,1,7,8,4,6,8,8,6,2,2,4,7,6,5,6,5,7,7,8,4,3,6,7,7,7,7,,,9,10,,6,6,6,4,1,5,7,3,8,8,3,2,5,9,9,4,6,5,6,5,7,3,7,7,,10,,6,6,5,5,5,7,6,6,5,4,3,6,2,9,9,5,9,9,6,7,7,7,6,5,2,9,4,6,8,6,7,7,5,1,4,4,3,4,2,8,8,,,4,3,,2,6,7,6,6,6,6,6,5,7,6,2,2,10,10,10,5,6,5,8,8,3,4,2,9,,3,,2,"b'\x11\xe8\xe1I\xe8\xd6\x9f,\x9a\xbe\x12\xdf\x17\xaeN\x1e'"
11E8E149-E8D6-9F2C-9ABE-12DF17AE4E1E,2026-ncaa-d3-natl,genius_ncaa,157,132,215,163,249,305,326,210,388,358,258,393,157,123,283,80,235,245,190,245,193,221,259,372,367,316,45,63,140,251,353,187,143,211,305,280,106,93,85,180,298,305,304,310,,,342,405,,271,209,252,107,113,297,323,66,370,215,117,53,174,212,216,85,144,202,61,112,251,104,278,290,,408,,303,212,109,79,116,58,124,184,57,29,51,60,24,312,356,107,347,364,151,171,26,62,48,188,20,405,164,143,335,353,294,305,43,34,152,88,13,59,42,151,190,,,172,72,,12,209,173,316,54,204,104,60,135,134,269,15,25,371,395,393,206,277,221,407,379,20,77,55,175,,64,,4,"b'\x11\xe8\xe1I\xe8\xd6\x9f,\x9a\xbe\x12\xdf\x17\xaeN\x1e'"
11E8E149-E8DA-F770-9ABE-12DF17AE4E1E,2018-ncaa-d3-conf-American Rivers,ncaa,3,3,5,3,5,4,4,8,3,7,7,5,3,8,2,6,3,5,1,5,4,8,8,3,2,2,3,3,3,9,5,4,1,6,2,4,3,2,4,2,7,7,5,4,,,7,9,,,3,8,9,1,4,5,9,6,6,3,8,2,6,6,7,9,9,4,6,3,2,7,4,,6,,,3,2,1,2,3,1,3,3,1,1,4,2,6,6,9,6,6,2,2,3,3,4,7,3,8,1,1,1,5,1,2,1,1,8,8,3,3,5,6,6,,,7,2,,,3,2,2,4,3,4,2,3,2,5,4,1,7,6,6,3,2,2,1,1,1,8,3,7,,5,,,b'\x11\xe8\xe1I\xe8\xda\xf7p\x9a\xbe\x12\xdf\x17\xaeN\x1e'
11E8E149-E8DA-F770-9ABE-12DF17AE4E1E,2018-ncaa-d3-natl,ncaa,179,172,197,179,230,137,168,321,28,236,362,37,50,122,18,73,146,295,1,287,144,323,324,16,12,21,63,62,226,406,343,147,7,280,71,104,72,182,260,99,292,261,187,144,,,319,406,,,170,269,253,155,81,123,349,251,397,35,105,118,308,298,359,365,424,90,289,69,192,297,184,,355,,,170,274,215,131,317,168,84,348,324,312,298,356,344,282,429,282,363,141,104,345,382,388,369,318,333,18,7,66,343,35,71,56,12,351,330,192,230,289,287,396,,,272,187,,,170,187,45,326,163,281,232,141,189,84,327,314,371,296,292,154,77,14,67,32,58,375,239,305,,298,,,b'\x11\xe8\xe1I\xe8\xda\xf7p\x9a\xbe\x12\xdf\x17\xaeN\x1e'
11E8E149-E8DA-F770-9ABE-12DF17AE4E1E,2019-ncaa-d3-conf-American Rivers,ncaa,5,5,5,5,5,6,5,7,4,5,7,2,5,6,4,4,8,8,4,8,5,7,8,4,4,4,6,5,8,8,6,3,3,6,3,4,2,5,6,4,8,8,1,2,,,3,3,,,5,8,9,1,5,4,7,3,6,5,5,9,8,8,8,9,8,4,6,4,6,8,2,,3,,,5,5,4,3,5,4,7,4,6,3,9,3,5,5,1,5,6,6,2,5,5,6,6,6,8,4,3,3,6,3,3,3,2,9,8,8,6,7,2,2,,,6,4,,,5,2,4,6,5,5,4,4,4,6,7,3,4,5,6,4,2,4,3,3,3,9,6,2,,7,,,b'\x11\xe8\xe1I\xe8\xda\xf7p\x9a\xbe\x12\xdf\x17\xaeN\x1e'
11E8E149-E8DA-F770-9ABE-12DF17AE4E1E,2019-ncaa-d3-natl,ncaa,155,162,129,161,129,114,115,232,42,163,325,18,73,83,87,61,237,281,81,277,179,246,196,25,31,79,147,97,343,293,223,114,67,192,96,39,11,355,348,112,170,179,63,59,,,203,192,,,169,154,250,3,102,103,306,175,380,62,93,254,314,316,324,244,330,106,215,23,330,187,60,,177,,,170,321,317,275,280,228,211,246,390,327,385,320,225,232,212,229,224,271,249,312,309,320,322,371,164,110,67,110,223,107,96,243,145,233,263,249,405,396,86,148,,,225,244,,,169,294,110,258,171,275,269,241,207,176,371,310,199,200,203,232,187,94,75,72,212,266,387,70,,252,,,b'\x11\xe8\xe1I\xe8\xda\xf7p\x9a\xbe\x12\xdf\x17\xaeN\x1e'
11E8E149-E8DA-F770-9ABE-12DF17AE4E1E,2020-ncaa-d3-conf-American Rivers,ncaa,4,4,1,4,1,5,5,6,6,6,6,6,3,3,3,3,7,8,5,8,6,6,5,5,5,5,3,2,9,5,5,3,3,3,4,3,2,6,6,4,7,6,1,1,,,5,6,,,5,5,9,1,6,6,6,7,6,3,3,8,9,9,7,9,7,4,5,3,6,7,2,,4,,,5,2,3,5,3,4,5,3,2,5,2,6,4,4,7,4,4,6,4,3,3,3,3,2,6,3,3,6,5,3,4,4,5,5,5,4,6,6,4,6,,,7,7,,,5,6,5,4,5,2,2,3,3,5,2,4,3,3,3,3,1,3,4,3,4,6,5,3,,9,,,b'\x11\xe8\xe1I\xe8\xda\xf7p\x9a\xbe\x12\xdf\x17\xaeN\x1e'
11E8E149-E8DA-F770-9ABE-12DF17AE4E1E,2020-ncaa-d3-natl,ncaa,134,163,65,158,75,119,105,184,48,156,292,31,65,78,95,76,273,305,157,305,268,205,166,36,46,110,171,95,388,246,184,174,7,210,60,56,41,344,325,146,192,195,48,26,,,252,274,,,168,136,290,89,171,137,305,208,373,84,108,334,363,366,341,309,318,278,304,60,281,250,58,,177,,,172,295,249,181,296,196,102,344,340,356,243,355,332,276,407,283,348,196,206,323,353,316,344,308,295,13,7,111,184,41,60,217,185,184,187,213,375,356,148,191,,,236,296,,,168,318,131,226,164,198,165,72,127,33,285,287,270,207,217,80,65,6,46,15,166,246,334,113,,344,,,b'\x11\xe8\xe1I\xe8\xda\xf7p\x9a\xbe\x12\xdf\x17\xaeN\x1e'
11E8E149-E8DA-F770-9ABE-12DF17AE4E1E,2021-ncaa-d3-conf-American Rivers,ncaa,2,3,1,3,2,2,2,2,3,2,2,4,3,2,3,3,4,4,6,4,8,2,2,2,4,2,2,2,6,2,3,2,1,1,3,2,2,6,3,3,3,7,1,2,,,8,9,,,3,2,7,3,4,3,4,5,6,3,3,6,6,6,3,7,2,3,2,3,3,7,2,,6,,,3,7,7,8,2,7,8,2,4,7,2,2,9,9,4,9,9,8,8,2,3,3,4,3,9,6,1,9,3,8,3,5,2,4,7,4,4,3,2,1,,,1,5,,,3,8,3,2,3,2,2,3,3,5,2,2,8,9,9,5,3,2,8,5,2,7,2,1,,5,,,b'\x11\xe8\xe1I\xe8\xda\xf7p\x9a\xbe\x12\xdf\x17\xaeN\x1e'
11E8E149-E8DA-F770-9ABE-12DF17AE4E1E,2021-ncaa-d3-natl,ncaa,35,115,47,80,52,49,48,49,87,75,86,83,14,19,52,23,98,95,149,94,159,53,55,47,62,65,45,17,253,55,133,48,18,49,77,32,65,212,105,61,50,78,32,33,,,239,234,,,47,55,153,60,70,71,88,165,233,19,29,199,210,217,107,137,133,98,104,50,101,94,47,,214,,,73,218,206,216,112,206,200,135,199,225,91,179,253,246,200,247,255,218,221,115,142,130,214,125,256,151,18,231,133,213,77,193,112,56,91,75,237,169,162,107,,,65,149,,,47,232,69,88,74,112,70,51,80,40,102,140,230,222,222,73,91,21,147,79,80,113,157,71,,147,,,b'\x11\xe8\xe1I\xe8\xda\xf7p\x9a\xbe\x12\xdf\x17\xaeN\x1e'
11E8E149-E8DA-F770-9ABE-12DF17AE4E1E,2022-ncaa-d3-conf-American Rivers,ncaa,6,8,4,7,6,6,6,6,6,7,8,8,5,5,5,4,7,7,7,7,5,6,7,6,6,5,3,3,6,8,7,8,4,8,6,8,9,4,4,7,6,6,2,2,,,5,8,,,6,7,9,5,6,6,7,9,6,4,5,8,7,7,8,9,8,8,9,9,4,6,3,,7,,,6,7,6,3,8,8,4,8,2,4,4,3,9,7,9,7,7,4,3,7,8,7,3,1,9,4,4,6,7,4,6,4,3,7,7,6,5,5,2,4,,,5,5,,,6,3,6,8,6,5,5,2,5,4,1,2,8,8,8,3,1,3,5,4,4,7,5,3,,5,,,b'\x11\xe8\xe1I\xe8\xda\xf7p\x9a\xbe\x12\xdf\x17\xaeN\x1e'
11E8E149-E8DA-F770-9ABE-12DF17AE4E1E,2022-ncaa-d3-natl,ncaa,302,341,188,325,231,251,266,300,233,342,372,230,72,88,80,39,311,271,371,272,89,295,311,149,185,199,32,23,307,359,362,319,101,348,281,310,348,150,248,288,271,251,132,88,,,205,304,,,326,281,348,290,305,315,378,385,410,62,77,341,289,296,379,399,389,383,402,342,163,299,132,,192,,,318,313,267,140,355,213,89,376,341,299,327,344,362,305,429,301,361,149,113,374,401,406,348,294,328,45,101,172,362,108,281,263,224,353,353,361,246,304,88,202,,,282,196,,,326,152,241,376,325,301,249,102,208,44,327,297,359,289,288,116,40,32,147,79,256,386,238,70,,323,,,b'\x11\xe8\xe1I\xe8\xda\xf7p\x9a\xbe\x12\xdf\x17\xaeN\x1e'
11E8E149-E8DA-F770-9ABE-12DF17AE4E1E,2023-ncaa-d3-conf-American Rivers,ncaa,4,3,5,4,5,6,6,7,5,5,7,4,6,8,4,7,7,5,8,5,4,7,7,5,5,4,8,7,5,7,7,5,3,6,4,8,8,4,6,6,6,5,2,1,,,5,6,,,4,6,9,1,7,6,7,4,6,6,7,7,5,5,7,9,7,5,6,8,5,5,3,,3,,,4,3,2,3,3,2,4,3,3,3,3,5,8,8,2,8,8,3,2,3,4,3,8,4,8,3,3,3,7,3,4,3,5,5,5,3,4,5,2,2,,,7,6,,,4,3,4,3,4,3,3,3,3,3,3,4,8,8,8,4,2,3,3,3,4,5,5,2,,7,,,b'\x11\xe8\xe1I\xe8\xda\xf7p\x9a\xbe\x12\xdf\x17\xaeN\x1e'
11E8E149-E8DA-F770-9ABE-12DF17AE4E1E,2023-ncaa-d3-natl,ncaa,90,85,109,91,114,170,173,277,58,213,346,41,82,110,68,81,274,296,226,294,167,281,296,37,48,90,128,84,360,329,266,187,69,271,118,178,207,195,261,187,313,307,75,40,,,168,223,,,151,273,392,31,203,191,374,261,393,87,129,326,339,338,386,392,370,246,343,197,167,363,80,,122,,,153,141,89,141,97,52,87,96,299,299,216,345,318,265,406,270,350,144,128,130,180,212,404,341,361,64,69,80,266,57,118,134,233,292,269,223,244,286,68,161,,,273,223,,,151,168,122,167,139,100,63,74,41,46,260,267,298,228,230,85,45,49,45,31,115,346,221,50,,348,,,b'\x11\xe8\xe1I\xe8\xda\xf7p\x9a\xbe\x12\xdf\x17\xaeN\x1e'
11E8E149-E8DA-F770-9ABE-12DF17AE4E1E,2024-ncaa-d3-conf-American Rivers,ncaa,3,3,1,3,2,4,3,3,1,2,3,4,3,6,1,7,3,3,8,3,5,5,6,1,2,4,6,4,7,8,6,5,6,7,6,4,7,4,4,4,2,2,2,3,,,2,2,,,3,2,6,3,4,3,6,2,5,5,7,5,3,3,8,9,8,7,8,5,4,3,3,,2,,,4,5,5,7,3,4,7,4,5,4,5,4,4,3,8,3,3,6,8,3,4,3,5,7,4,7,6,6,6,5,6,3,2,3,3,3,4,4,7,6,,,3,3,,,3,8,4,4,3,4,3,4,4,6,4,4,3,3,3,4,4,5,3,3,3,4,4,6,,5,,,b'\x11\xe8\xe1I\xe8\xda\xf7p\x9a\xbe\x12\xdf\x17\xaeN\x1e'
11E8E149-E8DA-F770-9ABE-12DF17AE4E1E,2024-ncaa-d3-natl,ncaa,56,45,63,56,67,60,67,165,13,95,199,22,62,155,6,189,130,121,242,132,131,156,143,13,12,30,175,140,313,353,347,109,91,228,167,112,302,270,239,169,75,97,112,137,,,208,132,,,83,83,192,31,57,63,279,112,276,74,207,187,173,180,262,283,404,177,343,138,213,104,134,,139,,,84,269,265,299,149,245,275,151,294,297,232,258,244,183,371,182,146,284,319,172,183,152,264,268,194,141,91,151,347,141,167,127,36,91,137,78,343,311,328,310,,,140,154,,,83,347,73,123,87,161,165,191,169,183,233,233,176,130,130,159,206,84,67,60,84,141,297,292,,208,,,b'\x11\xe8\xe1I\xe8\xda\xf7p\x9a\xbe\x12\xdf\x17\xaeN\x1e'
11E8E149-E8DA-F770-9ABE-12DF17AE4E1E,2025-ncaa-d3-conf-American Rivers,genius_ncaa,2,2,1,2,3,4,3,5,2,3,4,3,4,5,2,4,5,8,1,8,8,6,7,2,3,2,7,6,8,7,6,4,4,5,4,4,4,2,2,3,5,5,6,6,,,7,9,,8,3,7,9,4,4,3,8,4,7,5,7,7,9,9,8,9,9,5,7,4,2,7,6,,5,,8,3,3,4,4,3,4,6,3,2,3,4,2,5,5,1,6,5,4,2,3,3,5,2,2,5,4,4,2,6,3,4,4,7,7,6,7,2,2,7,7,,,6,5,,8,3,3,3,4,3,2,2,2,3,5,2,2,2,3,3,2,1,3,2,2,3,9,2,5,,8,,8,b'\x11\xe8\xe1I\xe8\xda\xf7p\x9a\xbe\x12\xdf\x17\xaeN\x1e'
11E8E149-E8DA-F770-9ABE-12DF17AE4E1E,2025-ncaa-d3-natl,genius_ncaa,57,56,55,61,97,69,59,155,17,101,249,12,34,70,25,65,226,312,8,317,292,181,251,11,9,6,144,68,374,307,266,163,56,234,112,86,234,40,52,28,186,151,278,271,,,214,274,,272,82,230,385,258,60,54,253,135,338,41,99,287,369,373,309,402,354,269,346,94,14,235,308,,149,,243,83,258,269,190,308,210,126,311,347,310,333,341,160,133,271,145,212,177,135,329,320,339,285,345,128,59,56,108,266,63,112,255,211,304,305,314,47,58,267,289,,,255,237,,276,82,175,11,288,76,161,174,77,129,50,289,239,102,90,97,60,15,35,42,32,187,371,31,226,,348,,300,b'\x11\xe8\xe1I\xe8\xda\xf7p\x9a\xbe\x12\xdf\x17\xaeN\x1e'
11E8E149-E8DA-F770-9ABE-12DF17AE4E1E,2026-ncaa-d3-conf-American Rivers,genius_ncaa,1,1,1,1,1,3,6,6,5,4,6,3,6,6,8,7,1,1,4,2,1,4,7,6,5,4,6,8,1,6,7,4,1,5,1,4,5,5,4,7,3,4,8,8,,,9,9,,6,2,6,7,1,5,8,7,6,8,7,7,1,1,2,5,7,6,4,5,6,4,4,8,,9,,5,3,3,3,3,4,4,3,5,2,3,3,3,5,7,2,6,9,3,3,4,3,2,5,1,8,1,1,5,7,3,1,3,2,2,2,1,4,3,3,2,,,1,1,,4,2,4,4,1,3,1,1,1,3,2,1,1,5,7,6,1,1,1,5,1,1,3,2,2,,1,,4,b'\x11\xe8\xe1I\xe8\xda\xf7p\x9a\xbe\x12\xdf\x17\xaeN\x1e'
11E8E149-E8DA-F770-9ABE-12DF17AE4E1E,2026-ncaa-d3-natl,genius_ncaa,54,21,215,41,319,241,216,320,52,249,356,13,145,168,169,44,341,367,88,371,315,331,333,44,56,73,185,103,373,339,250,258,8,300,54,231,232,100,212,144,291,186,261,160,,,160,370,,271,45,329,396,391,199,162,345,202,386,109,104,360,392,400,377,402,342,188,286,191,124,264,252,,212,,303,33,35,29,58,12,25,46,43,82,153,55,369,103,83,312,71,228,55,62,16,31,28,348,302,323,29,8,80,250,56,54,22,50,265,77,15,117,207,24,43,,,338,283,,98,45,81,91,14,31,7,5,12,9,11,82,197,93,59,46,7,7,8,54,19,4,213,140,13,,369,,79,b'\x11\xe8\xe1I\xe8\xda\xf7p\x9a\xbe\x12\xdf\x17\xaeN\x1e'
11E8E149-E8DF-3FA6-9ABE-12DF17AE4E1E,2018-ncaa-d3-conf-NESCAC,ncaa,7,7,6,7,6,8,7,10,3,8,9,4,7,8,2,3,11,11,6,11,11,10,10,3,4,6,9,2,11,10,9,7,5,9,8,5,2,7,11,7,10,9,7,6,,,2,5,,,8,9,10,2,9,6,11,7,10,5,8,11,11,11,11,11,11,8,10,5,10,10,7,,3,,,8,6,5,3,6,4,4,4,7,2,11,4,6,5,11,5,7,3,3,6,8,10,10,8,7,3,5,3,9,3,8,5,6,10,9,9,9,11,1,1,,,10,9,,,8,3,8,9,9,7,4,5,4,7,10,3,9,6,6,5,2,3,4,4,4,11,10,1,,10,,,b'\x11\xe8\xe1I\xe8\xdf?\xa6\x9a\xbe\x12\xdf\x17\xaeN\x1e'
11E8E149-E8DF-3FA6-9ABE-12DF17AE4E1E,2018-ncaa-d3-natl,ncaa,262,251,305,267,317,358,335,394,173,358,403,183,204,265,102,101,422,428,279,428,391,411,413,131,181,245,191,85,430,409,349,323,93,384,197,191,10,157,368,170,436,435,138,110,,,61,206,,,251,407,435,109,376,336,429,358,412,167,222,427,436,437,436,437,419,287,392,132,214,442,124,,65,,,249,38,31,45,127,62,109,64,43,24,260,63,214,139,414,136,222,42,25,93,148,238,222,105,379,43,93,59,349,42,197,56,178,420,373,289,123,291,47,144,,,426,376,,,251,33,281,210,255,69,61,49,100,180,58,32,254,180,175,54,13,69,97,71,86,432,166,55,,437,,,b'\x11\xe8\xe1I\xe8\xdf?\xa6\x9a\xbe\x12\xdf\x17\xaeN\x1e'
11E8E149-E8DF-3FA6-9ABE-12DF17AE4E1E,2019-ncaa-d3-conf-NESCAC,ncaa,9,8,6,9,10,9,9,10,8,10,9,9,4,3,2,2,10,10,9,10,9,10,10,8,8,8,1,1,10,10,10,6,9,8,9,8,4,4,9,7,11,11,2,4,,,4,6,,,9,10,10,10,9,9,10,11,10,2,2,11,10,11,10,10,10,3,9,7,7,11,2,,6,,,9,6,7,7,5,9,8,4,1,1,3,1,9,9,6,9,7,7,3,3,4,9,1,1,8,7,9,7,10,7,9,5,6,11,11,11,7,11,1,6,,,10,10,,,9,2,9,11,9,7,10,11,10,11,2,1,10,10,10,11,4,11,8,9,7,11,9,3,,10,,,b'\x11\xe8\xe1I\xe8\xdf?\xa6\x9a\xbe\x12\xdf\x17\xaeN\x1e'
11E8E149-E8DF-3FA6-9ABE-12DF17AE4E1E,2019-ncaa-d3-natl,ncaa,263,244,317,271,317,318,304,345,245,386,405,230,68,69,103,23,398,418,119,419,359,377,389,149,179,192,36,19,407,380,354,135,61,253,153,282,214,99,247,212,440,441,46,63,,,82,188,,,256,384,414,6,297,288,327,394,415,29,38,408,428,431,389,410,360,26,138,252,155,442,25,,109,,,257,121,138,156,147,262,363,95,20,14,223,8,260,238,299,235,151,162,54,99,119,337,55,17,312,92,61,156,354,124,153,51,44,436,440,425,86,190,86,260,,,425,414,,,256,53,225,320,263,200,220,285,320,408,23,14,308,283,283,297,53,140,234,184,102,443,127,114,,433,,,b'\x11\xe8\xe1I\xe8\xdf?\xa6\x9a\xbe\x12\xdf\x17\xaeN\x1e'
11E8E149-E8DF-3FA6-9ABE-12DF17AE4E1E,2020-ncaa-d3-conf-NESCAC,ncaa,9,11,7,10,7,10,11,8,11,11,10,11,6,5,7,2,8,8,8,8,4,8,8,11,11,11,1,2,3,8,10,6,4,8,4,8,3,10,11,11,10,11,6,6,,,1,1,,,10,8,9,3,11,11,11,11,11,5,3,10,8,7,11,7,8,2,4,9,11,11,6,,1,,,9,4,7,8,2,6,7,2,6,7,9,8,1,1,3,1,1,7,5,2,2,3,3,9,1,6,4,5,10,6,4,6,9,10,11,11,10,11,6,10,,,10,11,,,10,4,11,4,10,4,10,11,7,9,9,8,1,1,1,8,5,5,5,5,9,11,11,8,,11,,,b'\x11\xe8\xe1I\xe8\xdf?\xa6\x9a\xbe\x12\xdf\x17\xaeN\x1e'
11E8E149-E8DF-3FA6-9ABE-12DF17AE4E1E,2020-ncaa-d3-natl,ncaa,306,275,372,311,377,357,365,383,302,389,401,312,166,182,165,63,355,383,160,377,204,387,407,248,254,258,50,44,251,371,255,281,111,336,131,318,170,65,237,245,427,424,177,159,,,15,45,,,244,406,377,60,321,347,339,386,393,111,97,318,352,342,354,380,348,121,247,287,154,427,125,,21,,,244,25,45,102,70,46,143,22,221,123,371,238,18,19,256,15,19,57,28,88,59,189,275,380,58,68,111,21,255,26,131,70,169,423,412,365,28,112,259,399,,,415,348,,,244,32,271,184,247,112,158,287,109,301,303,230,32,26,23,211,74,141,76,84,148,423,68,331,,401,,,b'\x11\xe8\xe1I\xe8\xdf?\xa6\x9a\xbe\x12\xdf\x17\xaeN\x1e'
11E8E149-E8DF-3FA6-9ABE-12DF17AE4E1E,2021-ncaa-d3-conf-NESCAC,ncaa,2,2,1,2,2,2,2,2,2,2,2,2,1,1,2,1,2,2,2,2,1,2,1,2,2,2,1,1,2,1,2,2,2,2,2,1,1,2,2,2,1,1,2,2,,,1,2,,,2,1,1,2,2,2,2,2,2,1,1,2,2,2,2,1,1,2,2,1,2,1,2,,1,,,2,2,2,2,2,2,2,2,1,1,2,1,2,2,2,2,1,2,1,2,2,2,1,1,2,1,2,2,2,2,2,1,1,2,2,2,1,1,2,2,,,1,2,,,2,1,2,2,2,2,2,2,2,2,1,1,2,2,2,2,1,1,2,2,1,2,1,2,,1,,,b'\x11\xe8\xe1I\xe8\xdf?\xa6\x9a\xbe\x12\xdf\x17\xaeN\x1e'
11E8E149-E8DF-3FA6-9ABE-12DF17AE4E1E,2021-ncaa-d3-natl,ncaa,176,92,220,164,229,217,220,226,135,218,229,63,226,219,249,133,193,200,97,197,22,224,227,155,131,94,149,220,24,229,162,224,95,227,132,229,202,49,45,107,233,194,219,197,,,60,108,,,151,227,207,277,143,172,214,132,204,206,138,30,33,30,160,228,196,175,198,186,36,206,192,,86,,,151,62,60,61,200,66,66,176,57,54,172,41,72,67,224,67,109,63,57,181,190,216,71,52,155,54,95,56,162,55,132,60,142,237,238,232,46,63,82,237,,,220,99,,,151,59,108,200,151,158,174,136,201,205,76,50,172,140,146,140,62,70,84,77,176,258,44,225,,149,,,b'\x11\xe8\xe1I\xe8\xdf?\xa6\x9a\xbe\x12\xdf\x17\xaeN\x1e'
11E8E149-E8DF-3FA6-9ABE-12DF17AE4E1E,2022-ncaa-d3-conf-NESCAC,ncaa,11,11,8,11,8,9,10,9,10,10,10,8,7,6,9,4,8,7,8,7,2,9,9,8,8,10,5,6,2,8,8,10,6,10,8,10,11,6,10,11,7,4,11,11,,,4,8,,,11,9,6,3,10,10,10,10,11,8,5,5,4,5,10,10,10,11,11,11,10,4,11,,8,,,10,6,5,3,11,5,3,11,9,4,10,7,4,4,10,4,6,3,3,11,11,11,8,8,4,3,6,2,8,2,8,8,9,7,4,9,8,10,8,7,,,9,6,,,11,3,10,11,10,11,10,4,8,4,9,7,7,6,6,5,4,2,3,3,10,4,10,6,,7,,,b'\x11\xe8\xe1I\xe8\xdf?\xa6\x9a\xbe\x12\xdf\x17\xaeN\x1e'
11E8E149-E8DF-3FA6-9ABE-12DF17AE4E1E,2022-ncaa-d3-natl,ncaa,256,156,391,229,394,383,385,404,231,390,410,175,261,283,206,93,369,382,210,382,148,405,410,195,199,201,120,112,217,406,328,401,91,411,221,399,408,25,219,326,346,204,417,412,,,59,325,,,244,409,357,112,310,312,370,335,384,142,135,278,302,304,376,403,391,381,401,392,136,249,419,,234,,,251,23,28,17,300,34,25,252,96,32,388,207,30,29,118,29,163,15,19,315,291,285,212,292,101,11,91,15,328,11,221,26,113,390,242,233,37,214,54,241,,,390,158,,,244,23,243,238,242,176,204,105,184,138,260,138,106,123,119,85,50,25,68,36,150,288,164,139,,296,,,b'\x11\xe8\xe1I\xe8\xdf?\xa6\x9a\xbe\x12\xdf\x17\xaeN\x1e'
11E8E149-E8DF-3FA6-9ABE-12DF17AE4E1E,2023-ncaa-d3-conf-NESCAC,ncaa,9,9,7,9,9,10,10,11,10,10,10,9,9,10,8,7,7,6,9,6,4,10,9,10,10,10,6,9,3,8,8,10,11,10,10,11,9,10,11,11,11,11,8,8,,,3,4,,,11,9,7,11,10,11,11,11,11,10,10,5,5,5,11,8,8,10,11,11,10,11,6,,6,,,10,6,8,5,8,8,8,8,2,2,9,1,6,4,9,4,2,5,4,8,8,8,2,2,3,7,11,2,8,3,10,9,8,10,9,10,10,11,7,10,,,10,4,,,11,3,10,10,10,10,10,9,10,10,6,1,5,5,5,8,8,10,3,7,10,9,10,8,,6,,,b'\x11\xe8\xe1I\xe8\xdf?\xa6\x9a\xbe\x12\xdf\x17\xaeN\x1e'
11E8E149-E8DF-3FA6-9ABE-12DF17AE4E1E,2023-ncaa-d3-natl,ncaa,316,223,408,291,409,394,401,410,344,390,394,332,378,382,355,277,318,338,221,339,125,408,408,351,333,334,217,307,47,371,181,417,248,408,225,405,346,59,305,359,409,360,269,210,,,29,198,,,278,414,345,253,354,372,364,323,280,355,311,165,163,159,346,335,243,407,368,386,265,385,185,,126,,,286,17,18,13,236,27,44,101,44,10,425,49,34,28,291,27,89,14,14,225,222,227,161,193,155,23,248,17,181,12,225,39,212,394,228,246,46,230,329,420,,,398,227,,,278,16,332,224,299,135,170,118,196,265,161,34,130,104,93,94,74,142,74,90,191,281,194,415,,303,,,b'\x11\xe8\xe1I\xe8\xdf?\xa6\x9a\xbe\x12\xdf\x17\xaeN\x1e'
11E8E149-E8DF-3FA6-9ABE-12DF17AE4E1E,2024-ncaa-d3-conf-NESCAC,ncaa,7,7,3,7,5,7,6,7,6,6,7,4,8,6,8,6,10,8,11,7,5,8,8,4,7,7,8,7,8,10,10,6,8,8,9,8,11,7,7,9,6,6,5,9,,,6,6,,,7,6,8,6,9,8,11,6,9,9,6,10,7,6,11,11,10,7,10,11,6,7,7,,5,,,7,7,7,9,5,8,8,7,2,8,1,6,7,6,11,4,3,8,7,5,5,7,2,3,7,9,8,5,10,8,9,8,7,10,10,11,4,5,10,10,,,9,9,,,7,6,8,8,7,6,6,9,8,8,3,7,7,5,3,7,4,8,5,6,6,10,4,10,,10,,,b'\x11\xe8\xe1I\xe8\xdf?\xa6\x9a\xbe\x12\xdf\x17\xaeN\x1e'
11E8E149-E8DF-3FA6-9ABE-12DF17AE4E1E,2024-ncaa-d3-natl,ncaa,203,139,375,177,385,334,309,375,171,292,345,137,319,319,283,228,342,340,288,342,230,377,399,176,194,151,303,268,262,375,309,361,150,378,230,362,391,11,81,199,343,264,258,223,,,62,244,,,196,401,356,244,258,228,286,188,246,270,253,274,258,260,296,381,341,251,322,338,41,303,217,,167,,,191,28,36,35,138,57,68,136,30,32,146,111,83,57,379,46,118,29,27,121,144,208,129,104,256,49,150,38,309,34,230,32,90,373,305,222,8,29,337,394,,,371,183,,,196,28,184,188,190,115,132,142,192,224,76,79,181,133,119,117,69,119,164,137,101,350,19,403,,305,,,b'\x11\xe8\xe1I\xe8\xdf?\xa6\x9a\xbe\x12\xdf\x17\xaeN\x1e'
11E8E149-E8DF-3FA6-9ABE-12DF17AE4E1E,2025-ncaa-d3-conf-NESCAC,genius_ncaa,3,4,2,3,2,2,3,3,3,4,6,2,2,2,4,6,1,1,6,1,1,3,3,3,1,1,3,7,1,6,9,5,10,6,9,7,11,7,2,9,3,5,9,10,,,9,6,,4,3,3,8,2,2,5,10,7,10,5,5,1,1,1,8,10,11,10,11,11,1,5,10,,7,,4,3,11,11,11,8,11,10,10,10,10,6,10,7,8,5,7,5,10,10,8,8,6,6,9,4,10,10,10,9,10,9,10,7,3,5,8,6,4,11,10,,,1,1,,7,3,10,2,7,3,7,7,7,7,4,9,10,4,4,4,6,8,7,2,2,8,5,3,9,,1,,8,b'\x11\xe8\xe1I\xe8\xdf?\xa6\x9a\xbe\x12\xdf\x17\xaeN\x1e'
11E8E149-E8DF-3FA6-9ABE-12DF17AE4E1E,2025-ncaa-d3-natl,genius_ncaa,194,118,345,168,348,230,267,361,64,255,341,83,242,299,111,233,73,119,55,110,26,343,383,77,48,45,134,239,33,354,225,379,249,381,217,343,379,10,71,179,299,212,325,291,,,144,303,,24,116,385,361,15,124,186,345,181,298,193,249,18,40,39,264,369,332,363,377,323,37,248,309,,245,,28,105,38,54,37,188,66,52,218,113,125,152,282,87,82,251,75,177,32,30,191,193,213,215,244,181,88,249,16,225,26,217,71,164,326,216,196,12,72,341,391,,,147,9,,368,116,35,65,206,99,136,150,140,150,121,197,226,143,133,124,123,93,156,43,65,148,276,51,381,,32,,369,b'\x11\xe8\xe1I\xe8\xdf?\xa6\x9a\xbe\x12\xdf\x17\xaeN\x1e'
11E8E149-E8DF-3FA6-9ABE-12DF17AE4E1E,2026-ncaa-d3-conf-NESCAC,genius_ncaa,5,5,1,5,3,4,4,4,5,3,4,3,4,3,5,3,3,3,6,3,4,4,4,6,6,5,5,4,4,4,6,4,4,4,6,5,5,3,5,6,2,4,5,6,,,5,5,,1,5,4,4,3,6,6,6,5,6,5,3,5,5,5,6,5,5,5,6,6,3,4,6,,5,,1,5,4,3,3,3,3,3,5,5,6,3,5,5,5,4,5,5,3,3,3,6,4,5,4,6,4,4,6,6,6,6,4,4,2,4,4,3,4,3,4,,,3,4,,4,5,4,5,4,5,4,2,1,2,2,4,5,5,5,5,3,2,3,6,6,2,3,3,3,,5,,4,b'\x11\xe8\xe1I\xe8\xdf?\xa6\x9a\xbe\x12\xdf\x17\xaeN\x1e'
11E8E149-E8DF-3FA6-9ABE-12DF17AE4E1E,2026-ncaa-d3-natl,genius_ncaa,157,68,327,116,337,330,303,376,18,221,362,4,371,359,356,275,324,344,123,346,221,375,375,51,54,87,392,375,251,358,132,341,52,358,37,241,102,78,253,124,352,245,377,362,,,44,173,,1,112,376,355,113,190,130,365,62,279,349,317,217,269,273,371,373,315,179,257,77,188,291,368,,89,,1,82,33,37,46,101,54,60,165,20,47,24,166,66,54,292,56,148,47,40,62,74,83,98,78,253,37,52,23,132,27,37,37,117,337,172,110,46,123,107,208,,,363,220,,381,112,47,111,61,70,37,53,75,120,123,29,89,117,86,88,64,53,49,13,16,58,251,84,164,,308,,381,b'\x11\xe8\xe1I\xe8\xdf?\xa6\x9a\xbe\x12\xdf\x17\xaeN\x1e'
11E8E149-E8E3-6B08-9ABE-12DF17AE4E1E,2018-ncaa-d3-conf-North Atlantic,ncaa,3,2,3,3,5,5,3,4,2,2,2,1,7,8,7,8,6,5,4,5,8,5,5,3,3,3,9,9,8,4,3,6,7,5,5,4,6,2,2,3,2,1,3,4,,,3,3,,,3,6,9,5,4,2,3,2,2,9,8,7,7,7,4,6,4,5,5,4,2,2,3,,2,,,2,2,3,3,2,3,4,2,4,5,3,7,1,1,1,1,1,3,2,3,1,2,2,9,2,6,7,2,3,4,5,3,3,4,4,5,3,4,2,2,,,6,8,,,3,3,3,2,2,2,3,4,4,4,4,5,1,1,1,3,3,7,3,4,4,4,4,3,,8,,,b'\x11\xe8\xe1I\xe8\xe3k\x08\x9a\xbe\x12\xdf\x17\xaeN\x1e'
11E8E149-E8E3-6B08-9ABE-12DF17AE4E1E,2018-ncaa-d3-natl,ncaa,66,49,123,60,137,181,142,110,211,105,89,196,280,249,314,306,286,302,208,293,394,131,154,238,259,216,383,336,357,80,91,95,203,77,137,137,197,123,82,95,104,90,145,161,,,69,40,,,54,209,343,72,206,135,100,85,76,299,280,339,356,345,128,209,80,74,59,146,92,110,164,,39,,,50,31,65,270,9,75,248,17,168,290,31,318,18,19,54,17,14,171,233,12,4,9,141,332,27,322,203,241,91,280,137,75,160,131,117,79,112,91,268,168,,,303,378,,,54,201,191,14,57,13,46,220,52,202,141,262,4,6,6,112,149,294,206,237,68,142,96,253,,373,,,b'\x11\xe8\xe1I\xe8\xe3k\x08\x9a\xbe\x12\xdf\x17\xaeN\x1e'
11E8E149-E8E3-6B08-9ABE-12DF17AE4E1E,2019-ncaa-d3-conf-Great Northeast,ncaa,7,7,5,7,7,9,8,13,6,8,12,5,12,12,12,9,7,6,11,4,2,12,11,7,7,8,9,11,3,12,11,4,2,6,4,6,3,11,12,9,8,8,7,7,,,2,2,,,5,10,11,7,10,11,13,8,11,12,11,4,3,3,13,13,12,3,7,7,12,8,8,,2,,,5,2,2,7,2,2,3,2,11,11,7,12,1,2,3,2,1,5,3,2,2,2,10,13,1,4,2,2,11,2,4,7,10,8,8,8,13,13,11,12,,,5,2,,,5,4,10,2,5,1,2,6,1,3,11,12,1,1,1,4,4,4,3,3,6,8,13,9,,4,,,b'\x11\xe8\xe1I\xe8\xe3k\x08\x9a\xbe\x12\xdf\x17\xaeN\x1e'
11E8E149-E8E3-6B08-9ABE-12DF17AE4E1E,2019-ncaa-d3-natl,ncaa,169,185,129,179,192,272,261,308,200,215,252,175,311,304,310,288,241,195,326,191,153,298,284,234,247,268,310,318,174,336,356,85,148,174,204,191,119,272,315,236,246,268,183,192,,,53,40,,,201,249,318,295,333,319,389,243,303,344,345,259,222,214,387,371,376,66,193,207,241,284,194,,26,,,201,110,164,324,64,156,266,75,268,350,102,342,47,43,145,46,41,260,220,70,44,89,205,350,51,261,148,258,356,262,204,157,161,280,312,239,287,311,352,352,,,153,76,,,201,210,296,101,198,88,145,296,131,226,242,326,32,30,35,221,157,240,215,219,136,331,263,333,,160,,,b'\x11\xe8\xe1I\xe8\xe3k\x08\x9a\xbe\x12\xdf\x17\xaeN\x1e'
11E8E149-E8E3-6B08-9ABE-12DF17AE4E1E,2020-ncaa-d3-conf-Great Northeast,ncaa,6,6,5,6,8,6,5,7,2,4,6,2,8,9,6,10,8,8,6,8,6,6,8,2,3,4,10,11,9,7,6,6,5,6,4,3,1,6,7,3,8,9,4,2,,,5,9,,,6,9,8,12,4,4,10,3,6,8,10,8,8,8,8,10,8,3,4,2,6,9,3,,7,,,5,2,2,4,3,2,4,2,7,7,9,8,4,6,3,7,9,5,3,3,3,3,11,10,9,3,5,1,6,1,4,4,9,9,9,8,5,6,9,8,,,8,4,,,6,4,5,4,6,4,3,4,2,6,8,7,7,7,7,5,3,4,2,3,6,11,5,9,,5,,,b'\x11\xe8\xe1I\xe8\xe3k\x08\x9a\xbe\x12\xdf\x17\xaeN\x1e'
11E8E149-E8E3-6B08-9ABE-12DF17AE4E1E,2020-ncaa-d3-natl,ncaa,118,85,198,101,272,242,222,284,153,129,205,75,371,316,408,307,199,256,114,231,259,277,298,201,192,208,391,394,184,152,86,96,94,122,50,140,50,192,242,136,312,291,177,147,,,117,167,,,122,340,342,285,241,210,275,85,179,380,319,190,251,235,277,282,131,40,61,111,214,314,170,,116,,,119,38,41,153,28,47,121,35,181,274,60,327,92,86,191,88,153,123,92,27,27,62,317,322,212,156,94,66,86,85,50,142,326,325,296,261,183,219,310,290,,,191,107,,,122,88,197,59,116,46,56,192,49,133,201,294,101,90,96,157,97,174,81,109,158,334,192,316,,147,,,b'\x11\xe8\xe1I\xe8\xe3k\x08\x9a\xbe\x12\xdf\x17\xaeN\x1e'
11E8E149-E8E3-6B08-9ABE-12DF17AE4E1E,2022-ncaa-d3-conf-Great Northeast,ncaa,10,10,11,10,11,11,12,12,10,12,13,11,5,6,6,1,11,10,9,10,2,12,12,8,9,9,1,1,4,11,7,13,10,13,10,12,9,6,10,12,13,13,6,4,,,4,11,,,11,11,9,6,10,10,10,12,13,4,4,8,7,7,10,10,9,12,12,12,11,13,1,,9,,,12,8,9,2,12,9,6,11,2,1,11,1,11,10,13,10,10,3,3,11,11,13,5,1,12,7,10,4,7,5,10,2,2,12,11,8,8,12,5,11,,,9,3,,,11,3,8,13,12,11,10,8,12,12,4,2,13,13,13,10,7,10,7,7,5,9,12,7,,4,,,b'\x11\xe8\xe1I\xe8\xe3k\x08\x9a\xbe\x12\xdf\x17\xaeN\x1e'
11E8E149-E8E3-6B08-9ABE-12DF17AE4E1E,2022-ncaa-d3-natl,ncaa,381,385,300,390,325,373,389,345,391,407,401,401,119,94,233,28,357,328,397,321,76,348,323,353,370,383,12,20,219,344,347,322,349,344,350,372,249,332,382,384,412,422,112,142,,,145,177,,,389,311,151,239,389,400,351,421,412,81,56,364,292,282,359,241,341,277,319,373,372,419,71,,227,,,390,257,286,196,313,330,300,275,101,73,287,41,262,267,227,264,205,202,150,278,283,328,78,54,238,283,349,188,347,224,350,139,54,342,360,289,382,403,240,404,,,295,198,,,389,121,387,352,386,348,357,347,377,394,142,91,336,338,340,360,309,343,308,327,205,318,396,301,,211,,,b'\x11\xe8\xe1I\xe8\xe3k\x08\x9a\xbe\x12\xdf\x17\xaeN\x1e'
11E8E149-E8E3-6B08-9ABE-12DF17AE4E1E,2023-ncaa-d3-conf-Great Northeast,ncaa,8,8,8,9,11,12,12,12,11,12,13,11,5,5,6,1,8,5,11,7,1,12,12,9,8,10,1,1,2,12,10,7,9,12,9,12,7,9,12,11,12,12,6,6,,,1,3,,,9,12,12,11,12,12,12,12,13,4,4,6,3,3,12,13,11,6,11,12,11,12,6,,1,,,9,3,4,5,5,3,3,3,10,8,7,11,2,1,12,1,3,3,2,5,5,7,9,11,4,9,9,4,10,6,9,4,9,11,12,10,11,12,8,12,,,3,1,,,9,2,12,8,10,5,7,8,5,4,11,10,2,1,1,7,3,11,6,6,7,12,12,10,,2,,,b'\x11\xe8\xe1I\xe8\xe3k\x08\x9a\xbe\x12\xdf\x17\xaeN\x1e'
11E8E149-E8E3-6B08-9ABE-12DF17AE4E1E,2023-ncaa-d3-natl,ncaa,270,325,109,298,162,333,371,364,365,399,392,373,138,136,199,69,214,138,356,141,13,343,276,328,315,357,12,36,54,341,345,140,310,239,310,313,123,405,400,383,374,395,175,212,,,104,67,,,331,230,313,288,394,411,424,417,425,159,153,239,150,157,416,374,379,178,314,356,373,399,196,,54,,,323,173,243,327,106,229,287,134,252,314,98,299,78,64,271,70,48,289,247,106,73,122,167,287,66,360,310,233,345,318,310,307,311,250,290,312,394,388,382,427,,,91,19,,,331,195,366,177,328,129,197,283,184,235,220,287,44,38,44,227,185,330,195,262,262,293,365,373,,84,,,b'\x11\xe8\xe1I\xe8\xe3k\x08\x9a\xbe\x12\xdf\x17\xaeN\x1e'
11E8E149-E8E3-6B08-9ABE-12DF17AE4E1E,2024-ncaa-d3-conf-Great Northeast,ncaa,9,9,8,9,8,12,12,12,13,13,15,10,4,4,11,1,9,11,9,11,3,12,10,12,12,14,2,2,5,14,13,7,11,10,11,11,1,13,13,13,9,10,6,4,,,5,6,,,12,10,10,1,14,14,12,14,15,6,5,9,11,12,13,12,13,5,9,11,11,9,4,,6,,,12,7,7,9,7,10,10,7,1,8,1,7,6,6,4,6,6,9,9,6,5,5,3,3,5,13,11,11,13,12,11,8,8,8,10,7,14,13,3,9,,,10,5,,,12,6,14,7,12,7,10,12,10,11,4,8,6,5,5,13,11,12,11,12,8,8,12,2,,6,,,b'\x11\xe8\xe1I\xe8\xe3k\x08\x9a\xbe\x12\xdf\x17\xaeN\x1e'
11E8E149-E8E3-6B08-9ABE-12DF17AE4E1E,2024-ncaa-d3-natl,ncaa,299,342,112,322,160,303,341,274,379,389,399,311,91,26,337,6,236,199,312,202,19,271,139,338,339,373,8,18,117,336,391,84,307,181,349,226,7,416,402,361,176,265,177,235,,,232,102,,,349,85,80,179,359,386,361,418,423,96,26,250,227,234,354,162,374,58,217,248,397,188,201,,199,,,344,281,324,384,133,344,366,214,171,334,22,222,140,166,69,169,93,373,370,117,85,89,60,126,89,390,307,385,391,401,349,339,292,86,173,230,401,383,66,243,,,101,106,,,349,352,381,134,335,233,295,366,323,352,149,305,106,144,152,360,375,370,358,371,309,104,386,47,,95,,,b'\x11\xe8\xe1I\xe8\xe3k\x08\x9a\xbe\x12\xdf\x17\xaeN\x1e'
11E8E149-E8E3-6B08-9ABE-12DF17AE4E1E,2025-ncaa-d3-conf-Great Northeast,genius_ncaa,13,10,14,13,15,15,15,15,11,14,15,10,12,10,15,5,13,12,13,12,2,15,15,10,12,12,9,10,5,14,12,15,9,15,11,14,10,9,15,12,14,12,15,14,,,1,5,,7,13,14,6,7,14,12,15,12,14,11,8,10,7,7,15,11,14,15,14,12,13,11,14,,5,,10,13,7,9,4,14,10,6,14,1,1,4,1,3,2,5,2,5,2,1,13,12,13,1,1,5,3,9,1,12,1,11,11,8,15,13,13,13,15,1,2,,,14,6,,6,13,2,13,12,13,12,13,10,14,14,3,1,7,7,7,9,8,8,7,9,13,13,14,1,,9,,4,b'\x11\xe8\xe1I\xe8\xe3k\x08\x9a\xbe\x12\xdf\x17\xaeN\x1e'
11E8E149-E8E3-6B08-9ABE-12DF17AE4E1E,2025-ncaa-d3-natl,genius_ncaa,293,269,345,297,357,335,353,357,299,352,393,175,245,143,361,53,250,172,365,170,13,341,299,284,289,340,91,143,99,339,283,336,245,355,261,262,40,370,382,337,288,284,363,378,,,118,135,,107,335,260,55,258,307,330,310,336,384,199,75,156,81,81,262,103,309,250,292,197,383,237,357,,208,,137,339,229,304,165,358,358,264,366,61,69,112,71,126,171,48,187,157,164,148,318,286,288,22,46,120,144,245,61,283,71,261,272,209,255,248,297,382,386,18,85,,,196,105,,227,335,161,347,269,332,343,371,341,392,373,121,156,201,268,285,344,332,225,189,199,330,175,390,25,,68,,205,b'\x11\xe8\xe1I\xe8\xe3k\x08\x9a\xbe\x12\xdf\x17\xaeN\x1e'
11E8E149-E8E3-6B08-9ABE-12DF17AE4E1E,2026-ncaa-d3-natl,genius_ncaa,225,329,42,282,64,111,112,151,108,141,206,85,72,98,112,120,135,68,353,63,56,141,85,86,116,224,135,124,241,342,390,187,296,255,338,99,178,383,365,302,76,177,304,364,,,349,213,,234,303,47,85,113,235,235,365,257,374,133,185,234,167,158,347,232,408,366,402,210,353,142,353,,254,,169,286,368,376,345,339,373,364,295,322,285,334,117,334,367,130,358,236,352,366,330,317,281,157,172,195,299,296,265,390,289,338,302,80,52,143,147,353,306,260,280,,,74,139,,123,303,371,279,263,285,302,313,234,312,279,245,140,255,296,285,245,285,202,107,140,205,102,296,195,,156,,186,b'\x11\xe8\xe1I\xe8\xe3k\x08\x9a\xbe\x12\xdf\x17\xaeN\x1e'
11E8E149-E8E7-D90E-9ABE-12DF17AE4E1E,2018-ncaa-d3-conf-SCAC,ncaa,4,4,2,4,3,4,4,5,1,4,5,3,4,6,1,5,6,7,4,7,8,6,5,2,2,3,7,5,8,6,6,3,3,4,4,3,4,8,8,5,5,6,7,7,,,5,3,,,6,3,6,7,4,4,8,4,6,5,7,8,8,8,8,7,7,5,6,3,7,6,7,,3,,,6,8,8,7,7,7,6,5,7,7,8,5,6,3,8,3,2,7,6,7,7,8,7,7,3,5,3,2,6,1,4,6,2,6,7,5,6,5,5,5,,,6,6,,,6,6,4,7,5,8,7,7,6,5,8,6,4,3,3,6,3,3,1,1,4,7,6,3,,7,,,b'\x11\xe8\xe1I\xe8\xe7\xd9\x0e\x9a\xbe\x12\xdf\x17\xaeN\x1e'
11E8E149-E8E7-D90E-9ABE-12DF17AE4E1E,2018-ncaa-d3-natl,ncaa,280,309,197,292,295,279,236,346,102,206,267,157,264,355,58,319,358,372,278,373,373,356,289,107,145,269,327,242,380,396,354,210,186,308,240,255,259,398,413,343,252,281,258,271,,,233,237,,,361,231,164,409,290,245,383,201,263,263,362,377,390,391,404,300,412,176,327,254,394,268,265,,244,,,353,367,352,287,338,280,215,324,398,344,387,331,253,220,354,225,233,281,225,366,369,379,316,360,159,190,186,115,354,131,240,298,159,311,353,345,329,344,244,273,,,315,293,,,361,233,309,367,347,365,345,324,286,241,403,356,268,227,235,322,263,203,125,152,301,334,325,257,,337,,,b'\x11\xe8\xe1I\xe8\xe7\xd9\x0e\x9a\xbe\x12\xdf\x17\xaeN\x1e'
11E8E149-E8E7-D90E-9ABE-12DF17AE4E1E,2019-ncaa-d3-conf-SCAC,ncaa,5,5,2,5,2,3,3,2,4,3,3,3,3,2,4,3,5,6,1,6,8,3,2,4,4,4,6,3,7,2,3,1,4,1,3,4,4,8,5,5,4,7,3,4,,,9,6,,,5,3,2,8,4,3,2,4,3,3,3,5,7,7,2,2,3,2,1,4,5,5,3,,8,,,5,8,7,9,5,7,9,6,5,7,6,2,9,9,1,9,8,9,8,5,5,6,5,4,6,7,4,6,3,8,3,6,1,6,8,6,5,5,5,4,,,6,8,,,5,7,4,6,5,7,7,8,7,8,5,4,8,9,9,9,9,8,6,5,5,6,5,4,,8,,,b'\x11\xe8\xe1I\xe8\xe7\xd9\x0e\x9a\xbe\x12\xdf\x17\xaeN\x1e'
11E8E149-E8E7-D90E-9ABE-12DF17AE4E1E,2019-ncaa-d3-natl,ncaa,206,219,215,219,298,170,158,166,166,201,254,146,102,87,169,79,279,325,67,317,314,193,161,144,154,195,164,101,350,225,219,90,122,130,130,135,137,328,308,207,287,334,240,285,,,217,170,,,220,147,61,380,130,126,92,185,251,86,74,278,345,342,132,94,211,23,70,101,333,298,237,,238,,,219,321,333,335,239,332,325,249,252,282,198,203,257,350,16,348,273,358,294,229,184,263,177,191,188,220,122,219,219,216,130,230,103,313,368,303,280,252,78,95,,,306,374,,,220,303,207,239,215,324,332,377,327,353,265,301,265,365,365,388,353,243,241,239,239,325,285,73,,317,,,b'\x11\xe8\xe1I\xe8\xe7\xd9\x0e\x9a\xbe\x12\xdf\x17\xaeN\x1e'
11E8E149-E8E7-D90E-9ABE-12DF17AE4E1E,2020-ncaa-d3-conf-SCAC,ncaa,4,4,5,4,5,4,4,5,3,3,5,4,6,6,4,8,4,4,3,4,8,6,5,4,4,4,7,8,6,4,4,1,1,1,1,5,4,6,6,5,7,9,4,4,,,5,4,,,4,6,5,7,4,3,3,3,5,6,6,4,6,6,4,3,3,1,1,3,6,9,4,,5,,,4,2,2,9,1,3,10,1,3,4,2,3,6,7,2,7,1,9,4,1,1,4,2,3,5,1,1,2,4,2,1,1,1,9,9,5,4,4,9,7,,,8,9,,,4,4,4,3,4,3,3,8,4,10,4,4,5,6,6,8,5,2,4,3,1,9,4,8,,8,,,b'\x11\xe8\xe1I\xe8\xe7\xd9\x0e\x9a\xbe\x12\xdf\x17\xaeN\x1e'
11E8E149-E8E7-D90E-9ABE-12DF17AE4E1E,2020-ncaa-d3-natl,ncaa,170,198,126,190,169,108,100,108,132,101,107,149,139,173,130,232,148,195,83,194,296,125,123,142,138,121,247,210,262,171,210,11,10,42,51,86,121,183,133,75,382,407,162,213,,,188,145,,,130,112,131,292,91,90,101,87,120,160,193,164,239,238,113,140,182,3,18,74,158,405,175,,153,,,130,260,301,379,110,298,373,105,271,302,177,217,145,195,49,195,101,376,277,110,83,210,160,263,118,115,10,298,210,229,51,126,43,374,404,302,97,68,233,180,,,273,365,,,130,329,127,169,136,219,253,352,258,353,251,279,126,175,180,338,231,100,252,194,115,401,81,226,,339,,,b'\x11\xe8\xe1I\xe8\xe7\xd9\x0e\x9a\xbe\x12\xdf\x17\xaeN\x1e'
11E8E149-E8E7-D90E-9ABE-12DF17AE4E1E,2021-ncaa-d3-conf-SCAC,ncaa,2,2,5,2,5,4,4,5,3,4,5,3,5,6,2,7,2,3,1,3,1,5,6,2,1,2,2,5,1,6,4,1,1,4,1,4,2,6,4,4,8,8,4,2,,,3,1,,,2,6,7,4,2,3,8,4,8,3,7,1,1,1,6,7,9,1,1,3,4,8,3,,1,,,2,3,4,5,2,3,4,3,9,9,7,8,3,3,2,3,1,4,4,4,2,7,6,9,1,2,1,2,4,3,1,5,4,9,9,8,4,4,7,7,,,5,4,,,2,4,3,5,2,4,5,8,2,3,8,9,1,2,2,6,2,3,1,1,4,9,4,7,,4,,,b'\x11\xe8\xe1I\xe8\xe7\xd9\x0e\x9a\xbe\x12\xdf\x17\xaeN\x1e'
11E8E149-E8E7-D90E-9ABE-12DF17AE4E1E,2021-ncaa-d3-natl,ncaa,63,92,112,77,115,95,107,132,57,114,131,103,90,123,25,154,66,79,66,79,44,122,127,41,35,45,71,107,61,158,187,63,3,84,24,99,81,148,138,93,183,249,96,83,,,109,29,,,74,124,140,32,61,99,188,124,163,72,151,33,45,43,139,150,215,5,32,78,125,254,92,,27,,,90,164,166,176,93,130,148,87,241,233,204,270,110,120,41,118,69,172,148,132,100,184,246,277,34,105,3,146,187,129,24,146,75,195,271,235,124,95,191,208,,,130,148,,,74,160,70,143,90,149,162,225,90,109,262,266,39,58,56,203,103,31,90,57,119,274,87,202,,153,,,b'\x11\xe8\xe1I\xe8\xe7\xd9\x0e\x9a\xbe\x12\xdf\x17\xaeN\x1e'
11E8E149-E8E7-D90E-9ABE-12DF17AE4E1E,2022-ncaa-d3-conf-SCAC,ncaa,2,3,1,3,1,2,2,2,2,2,3,2,2,1,5,1,6,6,5,6,7,2,1,2,2,4,4,1,8,1,1,1,1,1,1,2,1,9,6,2,8,9,1,1,,,4,3,,,2,2,6,4,3,3,3,3,7,2,2,8,9,9,3,3,2,1,1,2,6,9,2,,2,,,2,6,5,9,1,2,9,1,9,9,1,8,6,6,5,6,4,9,6,1,1,2,8,8,5,2,1,5,1,3,1,6,6,7,9,7,5,3,5,4,,,7,9,,,2,8,2,2,2,2,1,6,2,3,5,9,3,2,3,6,2,2,1,1,2,9,4,4,,8,,,b'\x11\xe8\xe1I\xe8\xe7\xd9\x0e\x9a\xbe\x12\xdf\x17\xaeN\x1e'
11E8E149-E8E7-D90E-9ABE-12DF17AE4E1E,2022-ncaa-d3-natl,ncaa,116,210,13,165,18,45,41,23,144,76,111,76,43,27,200,58,167,124,301,123,212,26,18,116,147,164,155,87,374,27,75,1,9,1,8,14,10,371,198,74,371,416,36,52,,,332,173,,,131,18,188,182,112,103,97,167,288,69,46,293,262,266,113,115,80,1,1,22,227,420,60,,150,,,144,393,363,426,37,250,365,61,424,428,126,406,331,334,230,334,240,424,397,70,66,231,401,401,208,233,9,373,75,336,8,372,291,378,424,408,266,129,240,176,,,142,378,,,131,403,134,187,154,187,158,354,85,156,391,419,201,207,208,348,155,87,164,128,234,426,151,141,,349,,,b'\x11\xe8\xe1I\xe8\xe7\xd9\x0e\x9a\xbe\x12\xdf\x17\xaeN\x1e'
11E8E149-E8E7-D90E-9ABE-12DF17AE4E1E,2023-ncaa-d3-conf-SCAC,ncaa,2,2,1,2,4,2,2,2,2,3,4,2,2,2,3,2,4,5,2,5,6,2,3,2,2,2,5,2,9,1,1,1,1,1,1,2,2,5,2,2,3,3,3,3,,,4,4,,,2,3,7,9,2,2,2,3,6,2,2,6,6,6,2,5,1,1,1,2,3,3,3,,2,,,2,1,3,7,1,5,7,1,2,2,2,2,1,1,6,1,1,5,5,1,1,2,2,4,3,1,1,3,1,1,1,1,1,5,5,2,1,1,7,6,,,5,8,,,2,7,2,2,2,1,3,3,4,5,2,2,1,1,1,3,2,1,2,1,1,5,1,6,,7,,,b'\x11\xe8\xe1I\xe8\xe7\xd9\x0e\x9a\xbe\x12\xdf\x17\xaeN\x1e'
11E8E149-E8E7-D90E-9ABE-12DF17AE4E1E,2023-ncaa-d3-natl,ncaa,90,85,109,91,181,62,69,89,87,129,211,48,49,41,119,70,104,108,142,113,104,85,80,61,66,76,113,98,263,34,23,62,45,37,18,47,60,262,174,80,102,109,144,154,,,272,241,,,57,116,146,417,41,61,80,122,269,44,38,109,121,128,69,81,34,44,19,34,237,117,159,,241,,,56,221,223,271,155,168,238,106,328,269,350,262,201,193,202,184,158,251,262,183,173,171,306,333,159,99,45,136,23,105,18,102,52,148,175,100,151,96,176,180,,,149,262,,,57,316,44,129,60,170,177,212,133,181,299,229,156,157,146,188,201,82,83,75,86,180,134,146,,163,,,b'\x11\xe8\xe1I\xe8\xe7\xd9\x0e\x9a\xbe\x12\xdf\x17\xaeN\x1e'
11E8E149-E8E7-D90E-9ABE-12DF17AE4E1E,2024-ncaa-d3-conf-SCAC,ncaa,2,3,1,3,1,2,1,1,1,1,3,1,3,4,2,4,5,6,4,4,8,3,1,2,2,2,7,5,9,2,2,1,1,1,1,2,4,8,7,3,5,5,1,1,,,8,7,,,2,3,6,7,3,3,6,2,4,3,4,8,9,9,6,6,2,1,1,3,7,5,2,,3,,,2,2,2,8,1,3,9,1,3,6,2,4,4,4,7,4,1,8,7,1,1,1,5,4,6,3,1,1,2,3,1,1,1,4,5,3,8,5,2,1,,,4,9,,,2,7,3,1,2,1,2,3,2,5,1,3,1,1,1,2,2,2,1,1,1,7,4,1,,9,,,b'\x11\xe8\xe1I\xe8\xe7\xd9\x0e\x9a\xbe\x12\xdf\x17\xaeN\x1e'
11E8E149-E8E7-D90E-9ABE-12DF17AE4E1E,2024-ncaa-d3-natl,ncaa,67,87,38,83,46,68,61,121,27,71,139,30,101,139,56,198,201,193,225,181,243,120,83,32,42,102,271,188,349,73,30,16,17,25,6,67,152,370,313,188,168,194,42,48,,,311,270,,,50,91,296,182,117,90,271,106,254,150,216,278,295,279,287,238,128,26,42,98,299,240,63,,198,,,54,157,145,311,38,132,272,36,263,338,124,281,217,226,187,219,174,305,303,50,44,62,310,308,245,116,17,66,30,75,6,163,176,175,222,141,315,244,181,145,,,144,259,,,50,331,88,49,49,50,59,122,52,128,174,226,122,129,121,109,86,50,9,16,80,276,235,115,,272,,,b'\x11\xe8\xe1I\xe8\xe7\xd9\x0e\x9a\xbe\x12\xdf\x17\xaeN\x1e'
11E8E149-E8E7-D90E-9ABE-12DF17AE4E1E,2025-ncaa-d3-conf-SCAC,genius_ncaa,2,1,4,1,6,4,4,5,4,4,10,2,4,2,5,2,5,6,4,5,3,5,6,4,3,3,3,4,5,2,1,4,1,2,1,3,1,2,3,2,7,6,1,1,,,1,1,,5,1,8,11,9,4,4,5,5,11,4,1,6,6,6,4,10,2,1,1,1,3,7,1,,1,,5,1,1,1,6,1,2,11,1,1,1,3,2,1,1,7,1,1,3,2,1,1,1,1,2,3,2,1,2,1,2,1,2,5,7,7,3,4,5,1,3,,,4,4,,7,1,5,2,1,1,1,1,2,2,10,1,1,1,1,1,2,1,1,1,1,2,9,3,2,,5,,7,b'\x11\xe8\xe1I\xe8\xe7\xd9\x0e\x9a\xbe\x12\xdf\x17\xaeN\x1e'
11E8E149-E8E7-D90E-9ABE-12DF17AE4E1E,2025-ncaa-d3-natl,genius_ncaa,30,18,55,22,95,70,85,146,41,134,264,17,46,57,86,61,65,112,47,102,57,138,146,30,26,39,89,99,196,87,25,52,34,53,8,11,1,190,144,16,241,250,32,45,,,24,12,,89,37,182,344,255,63,96,236,173,354,54,72,91,150,142,213,275,116,58,68,10,137,305,37,,5,,75,35,106,183,300,83,208,334,53,168,165,208,139,27,31,213,32,11,232,172,71,49,113,79,228,46,93,34,46,25,45,8,188,195,304,324,280,188,165,13,17,,,103,107,,138,37,218,26,90,35,49,102,177,123,237,120,93,12,8,10,106,49,63,12,22,128,371,147,5,,157,,183,b'\x11\xe8\xe1I\xe8\xe7\xd9\x0e\x9a\xbe\x12\xdf\x17\xaeN\x1e'
11E8E149-E8E7-D90E-9ABE-12DF17AE4E1E,2026-ncaa-d3-natl,genius_ncaa,157,132,215,163,219,271,295,316,211,333,357,182,132,156,157,47,244,270,167,266,88,309,302,162,156,199,54,59,196,339,332,139,63,223,133,195,43,183,269,189,360,369,230,230,,,126,163,,234,227,288,325,13,244,275,332,335,388,89,84,195,244,243,331,323,342,18,130,145,230,373,218,,143,,278,227,157,170,193,150,172,186,166,209,213,181,274,87,97,119,98,61,171,124,154,126,230,169,286,65,117,63,161,332,139,133,138,102,365,373,318,249,327,193,325,,,288,213,,169,227,133,226,213,217,202,243,314,225,274,261,297,63,78,81,269,152,148,216,179,173,380,292,229,,269,,165,b'\x11\xe8\xe1I\xe8\xe7\xd9\x0e\x9a\xbe\x12\xdf\x17\xaeN\x1e'
11E8E149-E8EC-2A68-9ABE-12DF17AE4E1E,2018-ncaa-d3-conf-ASC,ncaa,5,6,5,6,7,8,8,9,10,9,10,9,10,10,10,8,3,7,2,6,4,9,7,10,7,9,8,10,2,9,11,6,8,8,8,13,12,12,11,13,5,4,4,4,,,4,5,,,8,7,6,8,9,10,10,9,8,10,10,2,3,3,10,9,10,9,12,13,12,3,5,,6,,,8,3,2,5,3,1,5,2,6,6,8,6,9,6,13,6,6,4,7,3,5,5,12,7,11,7,8,7,11,7,8,4,8,5,3,5,11,10,5,6,,,6,6,,,8,7,9,5,8,3,3,4,3,3,5,4,8,6,6,4,8,5,8,7,5,3,10,6,,6,,,b'\x11\xe8\xe1I\xe8\xec*h\x9a\xbe\x12\xdf\x17\xaeN\x1e'
11E8E149-E8EC-2A68-9ABE-12DF17AE4E1E,2018-ncaa-d3-natl,ncaa,151,197,68,182,89,189,251,173,325,229,189,289,270,171,379,223,26,22,175,21,12,123,92,339,287,295,141,313,4,133,223,166,269,150,270,357,416,377,301,391,73,89,187,200,,,391,350,,,250,85,154,200,264,340,303,309,293,306,214,24,28,24,198,165,191,280,244,402,307,82,212,,359,,,248,300,174,267,126,171,249,115,257,283,176,224,429,415,395,418,406,332,357,119,210,159,392,201,427,327,269,363,223,359,270,227,268,71,99,104,358,299,87,67,,,31,48,,,250,354,301,161,248,192,105,139,104,142,201,206,413,393,396,197,282,255,265,265,167,94,307,49,,39,,,b'\x11\xe8\xe1I\xe8\xec*h\x9a\xbe\x12\xdf\x17\xaeN\x1e'
11E8E149-E8EC-2A68-9ABE-12DF17AE4E1E,2019-ncaa-d3-conf-ASC,ncaa,10,9,12,10,11,12,13,13,12,13,13,12,1,1,5,1,11,11,11,11,1,13,13,10,11,10,1,1,10,13,13,12,11,13,13,10,2,1,6,6,8,6,9,9,,,2,5,,,8,13,11,1,11,12,11,13,13,1,1,10,10,10,11,12,13,11,13,7,4,6,9,,6,,,8,1,3,1,8,7,5,8,2,1,7,3,4,3,8,3,5,1,2,7,8,6,2,5,7,10,11,12,13,12,13,4,8,8,6,6,4,11,7,13,,,13,7,,,8,1,12,7,8,8,8,7,10,10,4,3,9,8,9,7,10,12,13,13,7,6,7,9,,10,,,b'\x11\xe8\xe1I\xe8\xec*h\x9a\xbe\x12\xdf\x17\xaeN\x1e'
11E8E149-E8EC-2A68-9ABE-12DF17AE4E1E,2019-ncaa-d3-natl,ncaa,306,331,215,326,217,276,359,294,397,432,434,384,15,6,196,2,212,236,137,234,3,289,298,289,267,271,1,2,124,410,436,285,389,364,429,238,25,211,261,239,147,161,270,304,,,265,218,,,339,199,184,13,294,392,303,438,442,8,4,195,220,223,289,285,428,290,405,221,224,127,269,,290,,,336,307,291,261,268,328,292,286,162,201,152,158,336,343,205,342,290,300,299,240,253,239,170,115,289,396,389,415,436,419,429,347,343,161,201,267,282,309,158,417,,,245,178,,,339,250,323,296,328,313,305,311,325,322,179,213,346,358,358,343,357,393,418,416,340,139,287,173,,228,,,b'\x11\xe8\xe1I\xe8\xec*h\x9a\xbe\x12\xdf\x17\xaeN\x1e'
11E8E149-E8EC-2A68-9ABE-12DF17AE4E1E,2020-ncaa-d3-conf-ASC,ncaa,8,8,7,8,8,10,9,9,8,11,11,11,2,2,1,2,11,11,8,11,7,11,11,6,6,6,2,1,9,12,12,12,10,12,10,9,10,3,7,8,6,4,10,10,,,7,9,,,6,10,6,9,9,8,7,12,12,2,2,11,12,12,8,11,12,11,12,9,4,3,10,,9,,,6,4,4,1,6,7,6,8,1,2,2,3,7,9,3,9,10,1,3,6,6,5,3,1,9,8,10,8,12,9,10,6,6,5,1,4,2,4,4,9,,,10,7,,,6,3,7,5,6,6,6,3,8,5,1,2,8,10,10,4,7,10,9,10,7,2,3,5,,8,,,b'\x11\xe8\xe1I\xe8\xec*h\x9a\xbe\x12\xdf\x17\xaeN\x1e'
11E8E149-E8EC-2A68-9ABE-12DF17AE4E1E,2020-ncaa-d3-natl,ncaa,306,329,198,322,280,231,281,181,343,374,354,371,36,31,141,25,243,234,233,231,114,187,189,273,276,275,14,14,243,308,373,366,369,354,402,281,281,224,212,299,56,62,381,385,,,377,357,,,279,148,70,303,227,292,130,394,368,25,26,225,234,235,139,128,312,397,381,295,246,47,390,,395,,,277,263,245,101,386,319,164,386,90,97,190,105,357,381,84,380,387,146,291,355,366,209,123,57,335,292,369,389,373,360,402,209,180,31,29,58,230,223,148,235,,,201,204,,,279,279,296,225,278,278,269,117,318,181,103,87,370,389,388,186,339,301,385,357,227,23,245,157,,157,,,b'\x11\xe8\xe1I\xe8\xec*h\x9a\xbe\x12\xdf\x17\xaeN\x1e'
11E8E149-E8EC-2A68-9ABE-12DF17AE4E1E,2021-ncaa-d3-conf-ASC,ncaa,10,8,11,9,11,11,11,11,10,12,12,11,10,10,5,3,11,11,8,11,4,11,11,10,9,9,1,1,6,11,4,11,7,11,6,12,11,2,12,12,11,6,10,8,,,2,12,,,9,11,11,1,11,12,11,12,11,5,5,10,6,7,9,5,4,11,9,12,12,7,8,,9,,,8,2,2,1,12,2,2,11,1,1,8,2,1,1,9,1,6,1,2,11,11,9,4,2,6,1,7,2,4,2,6,1,11,11,2,9,1,6,5,12,,,11,4,,,9,2,9,9,8,7,8,1,10,8,4,2,6,6,6,3,5,4,6,5,9,4,7,12,,4,,,b'\x11\xe8\xe1I\xe8\xec*h\x9a\xbe\x12\xdf\x17\xaeN\x1e'
11E8E149-E8EC-2A68-9ABE-12DF17AE4E1E,2021-ncaa-d3-natl,ncaa,176,238,112,218,113,144,161,134,235,168,155,237,100,93,153,66,103,93,183,91,33,132,112,215,204,226,25,62,44,92,107,148,142,123,160,182,251,226,251,265,123,162,142,174,,,209,264,,,226,118,125,8,202,234,199,250,238,95,79,92,69,67,162,73,77,213,159,251,259,159,169,,261,,,207,180,170,141,235,194,166,229,112,111,160,32,207,204,182,205,221,153,159,213,227,183,84,35,220,142,142,178,107,159,160,182,171,80,60,120,160,147,233,269,,,82,34,,,226,168,219,163,202,181,170,75,207,162,52,34,237,238,240,120,169,91,182,152,190,59,153,257,,25,,,b'\x11\xe8\xe1I\xe8\xec*h\x9a\xbe\x12\xdf\x17\xaeN\x1e'
11E8E149-E8EC-2A68-9ABE-12DF17AE4E1E,2022-ncaa-d3-conf-ASC,ncaa,7,9,2,7,3,7,8,7,11,9,7,11,5,6,8,5,2,3,5,3,1,7,6,10,9,8,1,5,1,6,10,7,10,6,9,9,9,11,10,10,5,6,9,9,,,7,5,,,8,4,9,6,10,11,11,11,11,8,7,3,5,5,10,11,10,10,10,11,8,7,9,,3,,,8,9,9,8,6,9,8,5,10,8,9,5,8,8,5,8,4,8,8,7,8,7,6,7,3,10,10,8,10,10,9,9,7,5,5,6,11,10,11,11,,,1,1,,,8,8,8,7,8,5,5,5,5,4,8,5,4,4,4,6,6,10,5,8,7,7,9,10,,1,,,b'\x11\xe8\xe1I\xe8\xec*h\x9a\xbe\x12\xdf\x17\xaeN\x1e'
11E8E149-E8EC-2A68-9ABE-12DF17AE4E1E,2022-ncaa-d3-natl,ncaa,275,341,107,305,162,242,311,250,363,325,295,341,184,108,334,113,25,51,85,54,16,225,198,348,295,299,43,172,8,226,298,267,342,259,339,320,299,299,296,346,139,164,293,319,,,300,262,,,331,184,261,290,331,387,366,388,380,217,140,33,64,68,319,297,272,364,346,371,256,171,332,,263,,,320,335,296,232,293,254,206,253,341,246,385,214,368,351,328,351,342,257,283,316,345,287,332,270,317,331,342,324,298,338,339,306,258,115,141,201,323,315,336,392,,,21,12,,,331,259,302,306,318,272,224,131,194,143,304,197,347,328,328,165,206,284,271,288,258,143,291,322,,21,,,b'\x11\xe8\xe1I\xe8\xec*h\x9a\xbe\x12\xdf\x17\xaeN\x1e'
11E8E149-E8EC-2A68-9ABE-12DF17AE4E1E,2023-ncaa-d3-conf-ASC,ncaa,6,6,4,6,5,6,6,4,4,6,5,4,2,2,3,1,10,10,4,10,8,6,7,3,4,3,3,1,9,7,10,6,7,6,8,6,2,4,5,4,9,9,2,2,,,10,9,,,6,5,5,7,6,4,4,7,7,2,2,10,10,10,5,8,10,7,9,4,3,10,2,,10,,,6,9,4,7,4,7,7,2,5,4,5,3,10,10,10,10,10,10,7,4,4,7,7,5,10,7,7,7,10,10,8,6,5,9,9,7,6,6,1,4,,,10,8,,,6,4,7,7,6,6,4,5,5,7,5,4,10,10,10,7,5,7,6,9,5,10,6,2,,9,,,b'\x11\xe8\xe1I\xe8\xec*h\x9a\xbe\x12\xdf\x17\xaeN\x1e'
11E8E149-E8EC-2A68-9ABE-12DF17AE4E1E,2023-ncaa-d3-natl,ncaa,248,269,185,262,226,202,219,196,250,272,255,272,82,97,80,99,260,304,121,299,252,211,230,197,208,204,78,55,303,316,364,201,315,265,352,208,195,172,183,194,308,357,83,79,,,373,388,,,265,188,153,238,199,210,157,287,273,73,98,271,327,319,193,213,337,183,274,201,180,326,81,,393,,,263,303,139,207,109,131,203,97,215,237,173,188,421,419,393,419,418,304,270,111,231,253,402,171,428,334,315,355,364,365,352,160,191,214,273,191,204,215,231,269,,,245,254,,,265,239,241,289,264,298,155,231,146,200,216,226,423,418,418,318,289,334,355,356,171,223,214,231,,257,,,b'\x11\xe8\xe1I\xe8\xec*h\x9a\xbe\x12\xdf\x17\xaeN\x1e'
11E8E149-E8EC-2A68-9ABE-12DF17AE4E1E,2024-ncaa-d3-conf-ASC,ncaa,9,9,7,9,7,9,8,9,6,10,10,8,4,7,2,4,10,10,5,10,9,10,10,5,5,8,3,2,9,10,8,10,10,10,9,9,9,9,10,9,7,6,2,1,,,2,6,,,9,10,7,3,9,8,9,10,9,3,6,10,10,10,10,9,9,10,10,9,9,7,2,,5,,,9,5,6,4,6,3,2,9,9,8,7,10,2,1,6,1,5,4,3,9,8,8,9,9,4,10,10,1,8,5,9,10,10,6,6,8,10,10,3,5,,,10,10,,,9,1,8,10,9,8,8,7,3,3,10,10,5,4,4,7,6,10,3,8,10,6,10,3,,10,,,b'\x11\xe8\xe1I\xe8\xec*h\x9a\xbe\x12\xdf\x17\xaeN\x1e'
11E8E149-E8EC-2A68-9ABE-12DF17AE4E1E,2024-ncaa-d3-natl,ncaa,367,375,296,370,310,310,324,367,235,365,388,279,137,182,68,72,282,331,85,332,133,369,320,178,169,301,35,44,180,360,332,366,366,374,360,307,224,380,399,370,270,260,99,59,,,263,319,,,357,301,200,119,307,334,391,380,397,101,144,248,316,325,397,267,361,380,396,308,388,237,76,,330,,,355,302,237,116,348,174,79,343,368,283,383,331,347,307,378,302,371,145,145,373,392,374,376,346,317,284,366,97,332,167,360,377,411,216,180,344,377,396,57,192,,,319,273,,,357,121,325,377,360,354,299,205,234,127,385,332,386,359,351,240,259,323,162,245,377,166,387,73,,296,,,b'\x11\xe8\xe1I\xe8\xec*h\x9a\xbe\x12\xdf\x17\xaeN\x1e'
11E8E149-E8EC-2A68-9ABE-12DF17AE4E1E,2025-ncaa-d3-conf-SCAC,genius_ncaa,6,6,7,6,9,6,7,9,6,9,11,5,6,6,8,4,7,7,5,7,2,8,8,5,5,5,4,5,4,11,11,7,9,7,10,8,9,4,7,8,5,5,3,4,,,3,4,,10,6,7,5,9,5,7,6,8,9,5,3,3,4,4,5,6,11,7,8,7,6,5,2,,4,,11,6,3,4,7,4,3,6,3,6,6,7,4,4,4,11,4,3,6,7,3,5,5,7,7,7,9,9,5,11,7,10,7,7,6,6,7,3,4,9,11,,,6,6,,8,6,6,7,5,6,6,7,9,6,9,6,5,7,6,4,8,8,11,6,10,8,5,5,9,,4,,8,b'\x11\xe8\xe1I\xe8\xec*h\x9a\xbe\x12\xdf\x17\xaeN\x1e'
11E8E149-E8EC-2A68-9ABE-12DF17AE4E1E,2025-ncaa-d3-natl,genius_ncaa,194,184,192,195,248,151,188,214,151,234,315,79,96,68,202,44,89,175,7,182,71,208,209,115,87,102,66,110,118,322,320,225,269,278,289,189,215,196,195,192,155,162,120,121,,,175,158,,336,198,178,130,258,103,166,176,236,340,77,52,63,148,153,166,182,333,212,285,173,208,137,109,,185,,341,198,281,245,245,206,195,228,155,308,262,344,225,294,211,416,213,202,241,236,229,265,259,321,289,255,258,269,201,320,232,289,282,283,203,218,260,157,171,252,321,,,177,157,,223,198,222,145,268,208,295,258,270,209,240,309,267,323,222,226,270,272,266,223,250,280,195,174,262,,149,,215,b'\x11\xe8\xe1I\xe8\xec*h\x9a\xbe\x12\xdf\x17\xaeN\x1e'
11E8E149-E8EC-2A68-9ABE-12DF17AE4E1E,2026-ncaa-d3-natl,genius_ncaa,345,268,327,351,332,357,349,357,276,376,369,313,170,242,87,72,375,382,209,382,339,364,357,231,254,279,66,23,355,350,336,350,378,364,372,338,244,140,315,298,360,340,178,156,,,78,126,,104,343,349,221,30,281,264,206,339,304,69,93,367,371,378,276,201,287,233,280,270,292,300,103,,185,,133,358,185,183,135,314,182,140,288,209,153,323,231,158,116,351,118,160,131,93,323,320,375,205,254,163,263,378,138,336,178,372,224,272,376,376,385,173,316,134,274,,,384,398,,201,343,62,290,391,366,380,372,375,357,344,348,326,307,244,260,376,323,382,353,378,361,344,309,229,,395,,148,b'\x11\xe8\xe1I\xe8\xec*h\x9a\xbe\x12\xdf\x17\xaeN\x1e'
11E8E149-E8F0-6F7E-9ABE-12DF17AE4E1E,2018-ncaa-d3-conf-NACC,ncaa,5,5,5,5,5,1,1,1,5,3,7,4,1,1,4,2,2,3,3,5,5,1,1,3,3,3,4,2,9,12,12,2,8,4,9,5,7,6,5,3,1,1,6,9,,,11,7,,,6,1,1,1,1,1,1,1,6,1,1,2,4,4,1,1,12,1,5,4,6,1,6,,11,,,6,10,10,12,4,9,12,5,10,12,6,9,10,12,3,11,8,12,12,6,6,4,8,8,9,12,8,12,12,12,9,10,10,1,4,4,5,3,2,1,,,6,10,,,6,12,4,5,6,10,9,12,7,9,8,11,11,12,12,12,12,11,11,12,10,1,5,3,,6,,,b'\x11\xe8\xe1I\xe8\xf0o~\x9a\xbe\x12\xdf\x17\xaeN\x1e'
11E8E149-E8F0-6F7E-9ABE-12DF17AE4E1E,2018-ncaa-d3-natl,ncaa,114,88,197,98,212,53,50,78,65,132,235,40,17,24,68,41,183,223,92,237,251,96,125,35,38,25,96,54,374,380,424,50,180,161,333,77,201,111,60,47,34,40,173,211,,,356,253,,,79,75,19,63,12,13,29,86,228,8,15,166,215,238,45,69,394,10,110,39,115,20,173,,385,,,67,297,275,371,109,237,316,131,307,368,102,300,316,340,130,335,284,385,378,104,102,109,282,265,277,351,180,409,424,402,333,331,326,96,154,181,60,37,40,40,,,205,308,,,79,377,65,128,77,306,288,392,261,332,299,382,343,373,364,402,420,347,410,391,326,66,65,38,,193,,,b'\x11\xe8\xe1I\xe8\xf0o~\x9a\xbe\x12\xdf\x17\xaeN\x1e'
11E8E149-E8F0-6F7E-9ABE-12DF17AE4E1E,2019-ncaa-d3-conf-NACC,ncaa,9,9,4,9,5,8,9,4,8,10,10,8,5,1,9,1,10,10,11,8,7,6,3,8,8,10,3,1,9,7,10,11,11,10,10,10,11,10,10,10,2,5,4,4,,,12,9,,,9,2,2,3,8,9,3,10,11,5,2,11,11,11,5,4,6,12,10,10,10,1,4,,11,,,9,10,9,9,9,8,6,9,10,9,10,9,11,11,5,11,11,9,11,9,9,9,13,10,8,11,11,13,10,12,10,9,8,1,4,5,10,10,13,13,,,8,10,,,9,12,10,9,9,9,9,8,9,5,10,9,11,11,11,9,12,11,11,11,8,1,10,12,,9,,,b'\x11\xe8\xe1I\xe8\xf0o~\x9a\xbe\x12\xdf\x17\xaeN\x1e'
11E8E149-E8F0-6F7E-9ABE-12DF17AE4E1E,2019-ncaa-d3-natl,ncaa,306,304,317,320,342,347,341,300,368,365,379,298,193,93,382,49,358,336,368,324,191,311,273,344,361,380,128,95,309,340,382,342,359,358,399,339,272,341,363,376,125,119,70,51,,,308,324,,,376,231,77,294,353,344,199,370,361,172,53,352,326,312,230,131,315,324,349,343,383,85,48,,380,,,373,233,222,140,325,200,122,312,316,260,347,297,239,251,191,242,299,148,213,342,345,251,303,310,222,291,359,329,382,323,399,361,408,110,103,244,336,354,401,433,,,351,363,,,376,193,387,277,374,322,313,267,270,200,353,314,289,297,289,279,360,337,393,375,390,67,363,419,,331,,,b'\x11\xe8\xe1I\xe8\xf0o~\x9a\xbe\x12\xdf\x17\xaeN\x1e'
11E8E149-E8F0-6F7E-9ABE-12DF17AE4E1E,2020-ncaa-d3-conf-NACC,ncaa,9,9,7,9,11,8,7,6,10,9,8,9,4,2,9,1,13,11,13,11,11,7,7,10,10,9,5,2,12,7,8,13,12,8,13,9,12,4,6,9,1,1,6,6,,,11,10,,,9,6,2,8,8,7,2,9,7,3,1,12,11,11,5,4,6,13,8,9,6,1,6,,12,,,9,7,8,2,10,8,4,10,5,4,4,6,11,11,5,11,12,4,8,9,10,7,6,3,10,9,12,13,8,12,13,7,7,1,1,4,7,7,12,12,,,11,13,,,9,8,8,8,9,8,8,3,9,6,5,6,11,12,12,6,11,10,13,12,7,1,7,12,,9,,,b'\x11\xe8\xe1I\xe8\xf0o~\x9a\xbe\x12\xdf\x17\xaeN\x1e'
11E8E149-E8F0-6F7E-9ABE-12DF17AE4E1E,2020-ncaa-d3-natl,ncaa,285,275,327,291,352,291,289,212,334,344,336,329,99,64,213,49,392,387,334,374,328,254,281,293,320,302,79,30,396,278,346,393,356,368,394,263,217,143,182,234,46,28,238,205,,,365,399,,,275,273,102,267,262,257,88,345,305,50,39,392,381,362,134,141,216,403,357,223,217,29,231,,411,,,274,146,105,36,338,168,73,355,44,42,167,92,378,393,133,389,420,58,165,315,346,168,207,46,404,210,356,376,346,322,394,253,374,38,16,88,155,189,423,434,,,341,344,,,275,168,310,178,265,242,187,60,251,131,71,67,407,413,413,134,310,270,405,360,301,19,202,429,,307,,,b'\x11\xe8\xe1I\xe8\xf0o~\x9a\xbe\x12\xdf\x17\xaeN\x1e'
11E8E149-E8F0-6F7E-9ABE-12DF17AE4E1E,2021-ncaa-d3-conf-NACC,ncaa,8,7,8,9,8,8,7,7,7,6,7,7,7,8,7,4,9,8,10,8,8,7,8,7,8,7,7,5,11,10,11,8,7,10,11,9,12,5,6,8,8,9,8,7,,,7,10,,,8,8,4,1,7,5,4,6,6,5,4,9,8,8,6,5,9,9,11,10,6,10,7,,11,,,8,6,6,6,9,6,6,9,4,5,4,4,7,7,10,7,10,6,5,8,9,9,7,4,8,4,7,6,11,5,11,5,5,7,6,7,4,8,4,4,,,8,8,,,8,5,9,8,8,8,9,7,9,7,6,6,11,10,10,8,9,7,11,10,8,4,8,5,,7,,,b'\x11\xe8\xe1I\xe8\xf0o~\x9a\xbe\x12\xdf\x17\xaeN\x1e'
11E8E149-E8F0-6F7E-9ABE-12DF17AE4E1E,2021-ncaa-d3-natl,ncaa,148,238,81,200,83,129,119,104,203,114,112,182,121,96,219,118,148,134,226,136,196,105,102,202,212,208,183,147,203,180,274,112,201,136,255,158,260,194,180,235,184,267,117,170,,,203,182,,,252,85,109,27,220,201,165,177,171,178,129,226,212,213,189,174,267,191,246,239,167,265,159,,198,,,225,205,209,202,170,212,207,153,181,178,164,109,207,200,216,203,150,205,198,167,169,185,122,108,165,202,201,221,274,219,255,218,179,106,180,196,204,195,191,180,,,107,152,,,252,197,236,192,227,196,191,200,185,203,156,136,201,176,178,209,184,188,239,220,199,161,182,175,,174,,,b'\x11\xe8\xe1I\xe8\xf0o~\x9a\xbe\x12\xdf\x17\xaeN\x1e'
11E8E149-E8F0-6F7E-9ABE-12DF17AE4E1E,2022-ncaa-d3-conf-NACC,ncaa,9,10,8,9,10,9,9,8,9,9,10,9,7,7,10,5,10,9,12,9,9,9,9,9,9,9,6,4,7,6,8,10,10,9,9,9,9,8,10,10,6,7,8,8,,,10,14,,,10,10,5,6,8,8,7,10,9,5,5,10,8,8,7,4,6,9,8,8,11,5,7,,11,,,10,7,6,3,9,6,4,10,4,4,5,6,14,14,13,14,14,5,6,8,10,9,11,4,14,10,10,9,8,8,9,8,7,7,8,4,11,12,14,14,,,9,7,,,10,5,9,10,10,9,7,5,7,5,5,4,14,14,14,6,10,10,9,11,7,5,11,14,,8,,,b'\x11\xe8\xe1I\xe8\xf0o~\x9a\xbe\x12\xdf\x17\xaeN\x1e'
11E8E149-E8F0-6F7E-9ABE-12DF17AE4E1E,2022-ncaa-d3-natl,ncaa,302,290,300,313,333,323,311,282,333,337,318,330,156,134,232,100,344,337,354,337,238,294,306,298,323,311,111,74,299,234,263,315,261,288,294,324,316,174,261,318,254,214,247,203,,,239,351,,,272,318,198,290,309,302,163,337,286,109,87,339,309,309,204,169,169,259,211,310,265,207,227,,351,,,274,120,72,73,192,117,82,260,63,141,35,204,368,345,348,339,399,97,101,169,236,229,269,80,412,191,261,226,263,206,294,74,134,249,191,124,224,277,388,417,,,313,273,,,272,100,301,242,284,225,145,129,189,137,92,199,397,385,384,196,211,257,348,316,129,196,286,418,,241,,,b'\x11\xe8\xe1I\xe8\xf0o~\x9a\xbe\x12\xdf\x17\xaeN\x1e'
11E8E149-E8F0-6F7E-9ABE-12DF17AE4E1E,2023-ncaa-d3-conf-NACC,ncaa,7,6,7,7,9,7,7,2,11,8,3,10,5,3,8,7,9,5,10,4,10,2,3,11,11,8,7,6,10,2,4,9,8,3,9,7,13,3,2,7,4,5,4,4,,,4,3,,,9,7,4,3,7,7,1,8,2,4,2,8,5,4,1,1,1,5,2,7,4,3,3,,4,,,9,9,8,8,11,8,7,9,11,11,13,10,6,4,7,4,4,6,8,11,11,10,8,12,3,6,8,13,4,12,9,10,10,5,7,8,5,3,10,8,,,12,14,,,9,8,7,9,8,10,10,9,11,9,12,11,8,6,6,9,11,9,13,12,10,5,7,10,,12,,,b'\x11\xe8\xe1I\xe8\xf0o~\x9a\xbe\x12\xdf\x17\xaeN\x1e'
11E8E149-E8F0-6F7E-9ABE-12DF17AE4E1E,2023-ncaa-d3-natl,ncaa,228,198,333,225,335,208,213,138,287,248,196,314,108,102,143,131,278,252,330,238,232,160,260,259,290,193,124,93,329,172,269,241,178,202,293,285,339,22,16,111,241,223,153,139,,,65,74,,,263,279,112,19,107,107,17,184,85,61,59,233,166,147,26,65,94,83,66,240,43,179,115,,121,,,262,280,313,203,352,261,152,337,361,297,383,339,102,91,222,90,119,166,142,367,351,365,252,354,62,172,178,383,269,323,293,362,351,294,282,373,34,45,258,263,,,349,385,,,263,148,183,339,259,360,372,362,335,270,395,374,160,155,152,341,321,237,417,384,384,219,76,329,,315,,,b'\x11\xe8\xe1I\xe8\xf0o~\x9a\xbe\x12\xdf\x17\xaeN\x1e'
11E8E149-E8F0-6F7E-9ABE-12DF17AE4E1E,2024-ncaa-d3-conf-NACC,ncaa,10,10,9,10,10,12,11,9,10,10,8,11,11,10,8,9,12,12,7,12,13,12,9,11,10,12,9,8,7,6,4,11,10,10,8,9,8,13,13,11,7,6,4,3,,,10,13,,,10,12,5,5,12,10,4,8,4,9,9,12,12,12,7,3,2,8,7,9,13,4,2,,14,,,10,6,5,3,9,7,6,9,2,3,4,4,11,12,5,12,14,4,3,8,9,8,7,2,12,6,10,5,4,7,8,7,10,8,9,7,11,11,9,9,,,13,13,,,10,2,11,9,11,9,8,5,9,8,4,4,13,13,13,7,7,9,8,8,8,6,11,10,,13,,,b'\x11\xe8\xe1I\xe8\xf0o~\x9a\xbe\x12\xdf\x17\xaeN\x1e'
11E8E149-E8F0-6F7E-9ABE-12DF17AE4E1E,2024-ncaa-d3-natl,ncaa,318,297,345,324,349,328,316,311,319,318,311,315,242,220,276,157,321,345,172,346,294,326,327,313,319,325,170,167,224,245,203,333,269,320,258,316,288,227,301,315,212,141,200,153,,,295,393,,,315,342,205,42,289,280,183,286,226,207,165,272,311,307,209,161,166,253,201,292,302,134,162,,391,,,318,137,111,53,287,153,70,329,91,116,117,187,339,383,54,381,416,90,87,268,291,307,261,105,386,165,269,126,203,128,258,180,262,311,263,261,265,308,113,182,,,343,310,,,315,76,314,300,324,294,232,169,254,168,164,205,401,418,416,261,241,251,271,272,260,239,312,168,,285,,,b'\x11\xe8\xe1I\xe8\xf0o~\x9a\xbe\x12\xdf\x17\xaeN\x1e'
11E8E149-E8F0-6F7E-9ABE-12DF17AE4E1E,2025-ncaa-d3-conf-NACC,genius_ncaa,11,12,6,12,7,12,12,9,12,12,10,12,7,7,7,7,12,12,11,12,11,10,9,12,12,12,5,3,6,12,12,13,9,14,11,12,12,11,13,13,6,7,1,2,,,9,10,,10,12,8,7,3,13,12,11,14,10,9,8,12,13,12,11,10,12,13,14,13,11,5,1,,9,,10,12,12,11,7,12,12,9,12,5,4,10,3,7,10,3,10,7,8,7,12,12,12,4,3,5,7,9,11,12,9,11,13,14,7,8,12,12,13,6,6,,,14,14,,5,12,7,12,10,12,10,11,7,11,8,5,4,8,11,12,8,8,7,10,9,13,6,11,6,,14,,5,b'\x11\xe8\xe1I\xe8\xf0o~\x9a\xbe\x12\xdf\x17\xaeN\x1e'
11E8E149-E8F0-6F7E-9ABE-12DF17AE4E1E,2025-ncaa-d3-natl,genius_ncaa,343,356,290,348,298,358,366,334,373,371,331,378,255,244,262,147,312,330,219,325,221,339,337,359,356,355,94,117,166,368,379,362,286,376,373,386,394,244,325,379,236,211,190,170,,,245,328,,373,368,309,221,92,375,381,341,379,327,230,195,312,330,326,344,302,377,372,395,397,283,208,173,,325,,389,367,279,278,103,380,272,110,375,267,176,361,214,221,264,73,272,332,124,111,385,377,369,203,235,180,161,286,272,379,224,373,322,315,280,247,338,252,326,43,98,,,357,326,,109,368,117,366,361,367,331,328,194,308,168,302,230,281,319,331,231,203,194,329,296,341,254,287,52,,359,,89,b'\x11\xe8\xe1I\xe8\xf0o~\x9a\xbe\x12\xdf\x17\xaeN\x1e'
11E8E149-E8F0-6F7E-9ABE-12DF17AE4E1E,2026-ncaa-d3-conf-NACC,genius_ncaa,2,5,1,5,1,3,3,3,9,3,4,9,5,3,6,8,3,3,11,3,7,3,4,8,9,8,5,5,6,9,13,3,10,6,13,5,10,10,9,9,1,3,2,2,,,13,12,,12,6,2,3,1,7,8,8,8,8,6,7,6,6,6,6,7,13,5,11,9,8,1,2,,13,,11,6,9,8,9,4,5,8,4,12,13,9,13,13,13,5,13,12,10,12,5,5,5,12,12,10,13,10,13,13,13,13,11,13,1,4,8,5,3,5,4,,,3,6,,3,6,12,8,6,6,6,6,7,4,5,12,13,12,12,12,7,12,13,13,13,10,2,3,4,,5,,4,b'\x11\xe8\xe1I\xe8\xf0o~\x9a\xbe\x12\xdf\x17\xaeN\x1e'
11E8E149-E8F0-6F7E-9ABE-12DF17AE4E1E,2026-ncaa-d3-natl,genius_ncaa,225,329,42,282,47,127,126,93,249,161,180,185,66,29,264,48,176,200,166,191,224,101,104,222,237,231,124,91,268,261,381,178,336,211,383,162,298,273,192,236,70,140,145,204,,,403,402,,413,327,78,257,66,258,249,213,289,342,124,62,288,319,304,260,293,362,359,379,280,163,135,222,,389,,406,312,379,345,312,337,320,274,325,360,338,333,256,405,403,294,402,393,338,337,348,374,363,344,246,370,356,336,364,381,369,383,379,347,100,217,306,160,72,90,58,,,129,251,,76,327,330,262,365,323,327,264,150,221,109,314,264,394,388,388,214,218,281,324,316,327,209,63,39,,291,,127,b'\x11\xe8\xe1I\xe8\xf0o~\x9a\xbe\x12\xdf\x17\xaeN\x1e'
11E8E149-E8F4-CF4C-9ABE-12DF17AE4E1E,2018-ncaa-d3-conf-NACC,ncaa,2,2,1,2,3,6,5,4,4,4,3,6,5,8,2,9,4,7,4,7,10,5,8,4,5,4,10,6,10,6,4,4,5,5,4,2,1,2,2,2,6,6,4,3,,,3,2,,,2,7,11,7,6,5,7,5,8,6,9,6,10,10,8,11,6,6,7,2,2,8,4,,2,,,2,2,2,4,2,3,7,2,5,5,7,5,2,2,5,2,2,3,4,2,1,2,4,5,2,5,5,5,4,5,4,2,2,6,5,2,3,4,6,3,,,3,2,,,2,6,3,2,2,2,2,2,2,5,4,3,2,1,1,2,2,3,4,4,2,7,3,6,,7,,,b'\x11\xe8\xe1I\xe8\xf4\xcfL\x9a\xbe\x12\xdf\x17\xaeN\x1e'
11E8E149-E8F4-CF4C-9ABE-12DF17AE4E1E,2018-ncaa-d3-natl,ncaa,66,68,68,75,107,127,139,182,91,136,147,135,178,265,51,294,117,164,69,158,218,172,262,92,78,47,232,241,180,296,294,128,53,198,135,57,28,30,31,13,332,335,87,95,,,103,113,,,105,240,411,303,179,185,325,170,240,210,319,152,220,212,314,422,367,205,312,60,10,384,112,,46,,,104,139,199,203,190,205,264,151,222,177,295,192,79,82,182,79,62,168,155,194,159,197,156,263,82,74,53,180,294,124,135,70,32,259,250,144,38,45,181,137,,,91,18,,,105,208,61,158,91,74,115,84,126,152,175,122,44,48,42,52,23,44,94,57,47,362,21,125,,135,,,b'\x11\xe8\xe1I\xe8\xf4\xcfL\x9a\xbe\x12\xdf\x17\xaeN\x1e'
11E8E149-E8F4-CF4C-9ABE-12DF17AE4E1E,2019-ncaa-d3-conf-NACC,ncaa,2,4,1,4,1,1,1,2,3,2,2,5,1,3,1,8,1,1,3,1,2,2,2,2,2,2,2,3,5,6,5,2,7,4,7,2,6,6,1,3,6,7,9,10,,,8,5,,,3,1,11,2,4,6,9,7,8,2,6,2,2,2,7,9,8,6,8,5,1,9,10,,3,,,3,8,8,11,8,11,13,7,6,5,6,3,9,9,7,9,5,12,13,6,6,6,2,2,7,9,7,8,5,8,7,4,1,3,6,3,3,2,8,8,,,1,1,,,3,13,2,6,3,6,7,5,7,10,4,4,5,6,5,4,3,5,2,2,3,7,2,6,,3,,,b'\x11\xe8\xe1I\xe8\xf4\xcfL\x9a\xbe\x12\xdf\x17\xaeN\x1e'
11E8E149-E8F4-CF4C-9ABE-12DF17AE4E1E,2019-ncaa-d3-natl,ncaa,78,90,67,92,90,70,102,183,53,180,224,132,37,139,6,172,47,97,33,100,89,162,228,31,21,11,55,78,136,314,289,173,189,243,206,80,100,52,37,24,246,282,357,390,,,127,90,,,57,187,375,111,68,135,319,234,319,42,188,68,138,142,277,398,372,268,352,85,24,307,392,,67,,,56,166,235,261,197,345,366,206,31,77,31,50,149,134,270,136,77,231,251,132,123,130,28,30,162,220,189,187,289,193,206,62,23,171,182,87,86,80,381,377,,,60,14,,,57,265,24,131,52,92,157,135,268,286,17,40,104,95,94,95,86,145,91,104,39,234,49,357,,75,,,b'\x11\xe8\xe1I\xe8\xf4\xcfL\x9a\xbe\x12\xdf\x17\xaeN\x1e'
11E8E149-E8F4-CF4C-9ABE-12DF17AE4E1E,2020-ncaa-d3-conf-NACC,ncaa,5,5,5,5,6,4,6,7,5,5,6,4,5,7,3,7,2,2,2,2,4,5,6,5,3,2,3,7,5,5,2,4,2,5,2,4,6,2,1,3,8,7,4,5,,,6,8,,,4,7,9,9,4,4,6,5,6,5,6,2,2,2,6,7,4,3,4,5,2,7,4,,6,,,3,5,5,5,6,6,8,6,4,2,7,3,7,7,7,7,5,5,2,6,6,8,3,4,7,1,2,4,2,2,2,3,2,9,8,6,1,1,6,6,,,1,1,,,4,6,2,5,3,5,6,4,8,8,4,3,7,7,7,3,3,1,3,1,2,9,1,7,,1,,,b'\x11\xe8\xe1I\xe8\xf4\xcfL\x9a\xbe\x12\xdf\x17\xaeN\x1e'
11E8E149-E8F4-CF4C-9ABE-12DF17AE4E1E,2020-ncaa-d3-natl,ncaa,170,163,198,177,280,179,212,251,170,247,277,197,119,176,74,168,91,99,169,96,51,216,315,141,118,63,87,139,110,216,179,151,1,177,42,134,45,24,27,21,297,237,209,208,,,109,208,,,88,341,338,303,127,189,230,248,281,105,158,61,63,65,181,310,191,87,128,96,25,297,212,,98,,,73,63,85,64,216,139,175,147,52,32,293,58,115,121,139,120,152,60,48,177,160,204,98,112,213,6,1,143,179,37,42,59,79,339,270,190,17,13,182,225,,,98,30,,,88,95,63,114,68,76,120,74,166,200,55,24,128,139,139,58,25,4,170,39,77,357,7,196,,63,,,b'\x11\xe8\xe1I\xe8\xf4\xcfL\x9a\xbe\x12\xdf\x17\xaeN\x1e'
11E8E149-E8F4-CF4C-9ABE-12DF17AE4E1E,2021-ncaa-d3-conf-NACC,ncaa,3,6,2,5,3,3,3,5,4,5,5,6,4,5,3,6,2,2,1,2,4,5,5,4,4,4,3,4,3,3,6,4,4,3,4,3,4,6,4,4,6,8,2,4,,,3,1,,,5,5,12,4,6,8,10,8,11,4,7,5,5,5,10,12,8,8,7,5,2,8,3,,1,,,5,9,10,10,7,10,10,6,10,9,8,7,2,3,1,3,1,8,8,6,4,7,2,8,1,7,4,7,6,7,4,11,11,6,9,10,7,6,9,8,,,2,3,,,5,8,4,7,6,5,6,4,7,5,4,4,1,1,1,3,1,3,1,1,9,10,4,7,,6,,,b'\x11\xe8\xe1I\xe8\xf4\xcfL\x9a\xbe\x12\xdf\x17\xaeN\x1e'
11E8E149-E8F4-CF4C-9ABE-12DF17AE4E1E,2021-ncaa-d3-natl,ncaa,25,183,17,95,22,29,29,40,51,29,35,53,39,53,72,160,18,23,88,22,54,37,35,49,41,49,121,157,78,62,181,19,92,28,101,19,38,244,124,59,72,210,28,94,,,216,40,,,37,27,246,110,125,139,255,138,222,138,192,69,84,81,244,263,244,100,175,72,70,223,88,,25,,,71,241,259,263,75,260,264,84,248,258,98,165,146,177,25,177,24,262,257,76,42,73,61,183,25,256,92,244,181,254,101,259,153,59,206,194,242,127,243,158,,,20,18,,,37,257,73,77,73,47,106,155,118,151,103,133,13,15,15,97,43,114,41,56,134,233,85,129,,71,,,b'\x11\xe8\xe1I\xe8\xf4\xcfL\x9a\xbe\x12\xdf\x17\xaeN\x1e'
11E8E149-E8F4-CF4C-9ABE-12DF17AE4E1E,2022-ncaa-d3-conf-NACC,ncaa,5,4,8,5,10,7,6,11,5,7,8,6,11,12,4,13,5,4,5,4,4,11,11,5,5,6,11,12,6,7,3,3,5,4,2,5,1,7,11,6,13,14,2,2,,,2,2,,,6,12,9,6,6,6,9,5,4,11,12,5,4,4,10,8,7,1,1,4,10,14,2,,1,,,6,3,3,12,2,4,9,2,4,11,2,10,1,1,11,1,1,7,4,3,2,3,5,9,4,7,5,1,3,3,2,5,6,13,12,11,9,10,5,4,,,6,2,,,6,3,6,3,6,4,5,12,5,11,5,10,3,1,1,10,5,9,2,4,5,12,10,4,,4,,,b'\x11\xe8\xe1I\xe8\xf4\xcfL\x9a\xbe\x12\xdf\x17\xaeN\x1e'
11E8E149-E8F4-CF4C-9ABE-12DF17AE4E1E,2022-ncaa-d3-natl,ncaa,168,129,300,153,333,279,269,348,122,235,280,138,317,355,180,314,250,257,202,251,172,343,346,148,144,190,291,311,155,282,166,129,123,199,58,183,48,139,288,164,415,420,56,45,,,31,32,,,157,355,336,290,233,211,356,161,223,309,346,174,165,155,345,335,236,16,68,108,237,421,29,,20,,,150,37,63,173,30,89,190,43,71,181,20,232,35,24,351,26,15,124,79,20,11,81,105,189,83,179,123,57,166,78,58,36,74,399,403,291,184,271,120,165,,,267,89,,,157,76,188,110,148,72,121,330,153,323,99,251,36,17,19,273,120,249,83,142,68,412,240,168,,152,,,b'\x11\xe8\xe1I\xe8\xf4\xcfL\x9a\xbe\x12\xdf\x17\xaeN\x1e'
11E8E149-E8F4-CF4C-9ABE-12DF17AE4E1E,2023-ncaa-d3-conf-NACC,ncaa,3,4,1,4,1,4,4,6,3,5,4,5,3,9,1,11,3,2,9,2,3,6,7,3,3,3,5,7,6,7,6,3,6,6,6,3,2,5,5,3,12,12,5,9,,,5,6,,,4,6,11,5,4,5,12,6,6,3,11,4,3,3,10,12,8,6,9,4,3,12,6,,5,,,4,8,9,10,7,12,12,4,4,4,7,4,8,7,10,7,3,10,10,6,4,8,3,5,6,9,6,3,6,4,6,5,3,12,11,7,3,5,12,11,,,1,1,,,4,9,4,8,4,5,7,8,10,12,4,3,7,4,4,7,5,6,2,3,4,12,3,12,,1,,,b'\x11\xe8\xe1I\xe8\xf4\xcfL\x9a\xbe\x12\xdf\x17\xaeN\x1e'
11E8E149-E8F4-CF4C-9ABE-12DF17AE4E1E,2023-ncaa-d3-natl,ncaa,132,113,185,125,240,185,197,295,73,217,277,152,118,247,8,233,221,193,282,190,130,281,322,56,68,71,143,128,243,341,293,195,119,280,176,159,146,93,160,103,390,390,205,238,,,92,120,,,189,305,331,288,171,176,339,223,294,111,263,209,182,172,330,378,356,175,292,137,99,402,213,,68,,,190,192,248,202,260,289,275,218,148,116,266,115,128,99,345,99,77,170,113,234,233,306,90,155,129,121,119,115,293,96,176,78,27,373,374,262,76,120,371,384,,,139,21,,,189,126,110,278,181,198,252,223,290,280,152,107,128,90,91,187,88,124,104,102,90,394,83,383,,90,,,b'\x11\xe8\xe1I\xe8\xf4\xcfL\x9a\xbe\x12\xdf\x17\xaeN\x1e'
11E8E149-E8F4-CF4C-9ABE-12DF17AE4E1E,2024-ncaa-d3-conf-NACC,ncaa,6,6,5,6,6,9,7,8,6,4,2,7,14,14,13,14,4,3,5,3,10,8,11,9,9,9,14,14,3,8,6,5,6,6,5,7,7,6,7,7,12,12,4,5,,,3,5,,,6,10,10,5,10,8,13,3,1,14,14,3,3,4,12,11,7,5,6,8,6,12,4,,4,,,6,3,4,8,4,6,8,3,6,6,5,8,2,4,3,4,3,5,4,3,3,4,6,11,5,5,6,2,6,3,5,3,3,11,10,6,7,7,9,5,,,4,1,,,6,6,9,4,6,5,5,7,5,9,7,8,3,4,4,5,5,5,3,5,5,11,7,8,,3,,,b'\x11\xe8\xe1I\xe8\xf4\xcfL\x9a\xbe\x12\xdf\x17\xaeN\x1e'
11E8E149-E8F4-CF4C-9ABE-12DF17AE4E1E,2024-ncaa-d3-natl,ncaa,203,206,200,213,257,302,285,329,213,187,174,235,397,401,374,396,205,210,201,202,246,318,332,280,265,268,392,409,87,289,211,188,86,238,112,271,207,180,263,251,393,399,234,217,,,68,116,,,231,332,372,244,333,304,368,184,144,406,412,188,194,193,369,378,292,161,225,284,197,408,233,,56,,,233,87,113,150,111,109,155,114,212,206,212,277,59,74,68,74,107,124,89,134,100,172,239,326,90,95,86,63,211,63,112,93,108,357,336,255,172,239,200,177,,,169,32,,,231,99,277,152,228,97,128,167,116,155,227,235,52,65,65,121,60,95,72,64,102,380,181,206,,126,,,b'\x11\xe8\xe1I\xe8\xf4\xcfL\x9a\xbe\x12\xdf\x17\xaeN\x1e'
11E8E149-E8F4-CF4C-9ABE-12DF17AE4E1E,2025-ncaa-d3-conf-NACC,genius_ncaa,3,3,3,3,4,6,7,7,3,5,4,6,12,14,4,14,5,6,2,7,9,7,7,6,5,5,12,13,5,11,10,4,3,7,5,5,3,5,4,4,10,11,5,6,,,5,4,,2,5,7,11,5,7,8,13,4,5,12,14,5,10,10,13,13,14,7,10,4,3,13,5,,1,,2,5,4,4,8,5,5,8,4,4,6,5,9,1,4,1,3,4,6,6,4,3,4,8,8,6,4,3,3,10,3,5,2,2,7,7,6,2,2,14,13,,,1,1,,1,5,8,6,3,5,4,4,4,4,5,4,3,2,3,3,4,4,4,3,3,2,11,2,14,,4,,1,b'\x11\xe8\xe1I\xe8\xf4\xcfL\x9a\xbe\x12\xdf\x17\xaeN\x1e'
11E8E149-E8F4-CF4C-9ABE-12DF17AE4E1E,2025-ncaa-d3-natl,genius_ncaa,194,184,192,195,218,273,262,317,176,219,232,187,320,348,228,329,193,252,45,258,241,316,341,214,177,186,293,329,126,362,336,249,43,314,177,224,131,110,200,176,348,323,206,185,,,149,252,,180,206,320,352,127,284,275,360,208,221,333,356,169,255,263,363,395,383,243,353,218,138,360,211,,151,,188,206,78,88,70,186,94,108,149,146,89,289,178,163,159,191,139,217,64,59,186,200,227,231,219,224,21,43,93,336,46,177,62,84,304,233,174,42,86,316,323,,,181,45,,18,206,96,231,162,212,96,97,70,105,117,157,95,163,164,154,70,44,28,99,53,72,317,54,324,,153,,11,b'\x11\xe8\xe1I\xe8\xf4\xcfL\x9a\xbe\x12\xdf\x17\xaeN\x1e'
11E8E149-E8F4-CF4C-9ABE-12DF17AE4E1E,2026-ncaa-d3-conf-NACC,genius_ncaa,6,5,8,7,8,11,6,10,3,4,9,3,10,12,9,9,12,11,7,11,12,10,11,5,7,5,12,9,12,12,11,12,6,12,8,12,12,3,3,7,6,4,11,11,,,4,4,,1,7,11,11,1,8,5,6,3,3,9,10,12,11,11,7,12,11,13,13,10,3,5,11,,5,,2,7,6,4,3,11,4,2,12,6,4,11,12,6,4,11,4,10,3,3,12,12,10,10,11,6,3,6,3,11,3,8,4,2,6,3,4,3,2,2,2,,,12,12,,7,7,3,7,10,7,9,7,3,7,1,10,6,9,9,8,3,3,3,5,4,5,6,2,2,,13,,4,b'\x11\xe8\xe1I\xe8\xf4\xcfL\x9a\xbe\x12\xdf\x17\xaeN\x1e'
11E8E149-E8F4-CF4C-9ABE-12DF17AE4E1E,2026-ncaa-d3-natl,genius_ncaa,288,268,215,305,249,345,319,325,242,280,287,231,329,317,298,257,380,395,84,395,412,344,337,268,282,287,365,277,380,381,358,342,122,365,256,373,398,133,267,339,321,260,334,286,,,210,388,,104,314,318,364,113,366,312,361,250,256,329,323,404,412,412,394,405,397,369,398,387,176,318,332,,312,,111,319,160,96,79,206,95,79,229,142,136,187,249,368,306,405,298,398,102,87,220,324,342,367,169,407,59,122,94,358,72,256,37,15,337,293,110,83,155,151,207,,,350,318,,291,314,97,317,299,322,213,86,44,87,58,176,163,403,373,371,100,37,52,72,52,15,355,89,175,,385,,304,b'\x11\xe8\xe1I\xe8\xf4\xcfL\x9a\xbe\x12\xdf\x17\xaeN\x1e'
11E8E149-E8F9-2B5A-9ABE-12DF17AE4E1E,2018-ncaa-d3-conf-MIAC,ncaa,6,6,7,6,11,9,10,11,5,11,11,7,7,6,5,2,9,9,4,9,7,11,12,5,5,7,2,2,5,7,5,9,5,8,5,11,7,9,10,10,12,9,12,12,,,4,6,,,6,12,10,10,8,10,11,11,10,4,5,9,9,9,11,11,7,6,8,10,9,12,12,,5,,,6,3,3,3,5,5,2,9,4,7,2,10,3,3,10,3,5,2,1,4,5,6,5,5,5,2,5,3,5,1,5,4,5,11,9,8,9,10,4,6,,,11,10,,,6,1,7,6,6,6,5,5,6,4,5,8,5,3,4,5,3,5,5,3,5,11,9,4,,11,,,b'\x11\xe8\xe1I\xe8\xf9+Z\x9a\xbe\x12\xdf\x17\xaeN\x1e'
11E8E149-E8F9-2B5A-9ABE-12DF17AE4E1E,2018-ncaa-d3-natl,ncaa,243,223,305,246,346,312,334,406,127,379,422,144,121,200,37,64,278,343,64,346,83,403,406,74,60,137,36,50,195,364,190,344,101,369,102,339,278,206,382,320,389,338,434,426,,,83,257,,,246,406,426,303,292,334,435,386,438,92,157,256,334,339,433,432,354,321,370,336,265,393,438,,103,,,245,86,111,55,289,102,38,372,247,286,155,409,67,51,379,65,191,45,29,313,308,349,258,342,104,39,101,20,190,18,102,61,69,409,358,275,238,349,130,361,,,370,205,,,246,40,174,311,240,151,184,98,151,47,280,333,86,59,72,63,20,65,18,25,94,421,280,160,,374,,,b'\x11\xe8\xe1I\xe8\xf9+Z\x9a\xbe\x12\xdf\x17\xaeN\x1e'
11E8E149-E8F9-2B5A-9ABE-12DF17AE4E1E,2019-ncaa-d3-conf-MIAC,ncaa,9,9,6,9,6,9,9,9,8,9,10,9,5,5,6,4,8,8,4,8,4,10,8,9,9,9,3,4,3,4,5,7,10,5,8,7,6,9,11,9,8,9,12,12,,,8,8,,,11,7,11,2,10,10,10,12,12,5,5,7,7,7,11,9,4,9,8,8,10,8,12,,7,,,11,12,11,9,12,11,7,11,11,9,11,10,8,7,5,7,6,9,7,12,12,12,7,9,4,9,10,8,5,9,8,11,9,9,9,11,12,11,9,11,,,9,9,,,11,7,9,11,11,10,11,6,11,8,10,9,7,7,7,8,5,9,6,8,11,11,10,11,,8,,,b'\x11\xe8\xe1I\xe8\xf9+Z\x9a\xbe\x12\xdf\x17\xaeN\x1e'
11E8E149-E8F9-2B5A-9ABE-12DF17AE4E1E,2019-ncaa-d3-natl,ncaa,306,304,317,320,322,289,313,377,179,348,395,173,152,192,125,84,241,278,101,277,85,372,361,141,123,207,67,98,142,279,158,378,274,359,213,301,254,286,368,333,290,247,404,391,,,173,299,,,363,367,353,68,256,299,382,347,396,120,140,194,235,235,382,317,236,390,353,282,332,270,405,,243,,,360,335,352,93,432,288,72,433,388,269,426,356,164,154,237,145,264,88,76,436,440,437,266,357,102,108,274,53,158,56,213,316,215,336,270,370,356,395,158,315,,,321,216,,,363,76,203,428,363,389,385,174,332,104,407,324,216,211,199,172,120,160,87,107,348,306,378,197,,265,,,b'\x11\xe8\xe1I\xe8\xf9+Z\x9a\xbe\x12\xdf\x17\xaeN\x1e'
11E8E149-E8F9-2B5A-9ABE-12DF17AE4E1E,2020-ncaa-d3-conf-MIAC,ncaa,6,5,7,6,7,6,7,11,4,9,10,5,5,6,3,5,5,5,3,5,4,11,10,4,4,5,2,4,2,10,9,2,3,4,3,6,5,6,9,7,12,12,8,8,,,4,5,,,8,9,7,2,4,5,10,8,10,4,5,3,5,5,10,8,10,1,3,6,9,12,8,,6,,,8,10,8,12,3,5,5,4,11,11,7,11,7,8,6,8,7,12,5,4,5,11,11,10,6,6,3,5,9,5,3,5,5,12,12,12,9,10,3,5,,,6,4,,,8,4,5,11,8,11,10,12,7,9,11,11,9,8,8,12,8,7,6,5,7,12,10,4,,5,,,b'\x11\xe8\xe1I\xe8\xf9+Z\x9a\xbe\x12\xdf\x17\xaeN\x1e'
11E8E149-E8F9-2B5A-9ABE-12DF17AE4E1E,2020-ncaa-d3-natl,ncaa,237,218,327,240,328,215,258,387,39,311,399,36,116,189,43,90,120,183,47,181,17,377,371,28,14,57,56,98,106,391,278,274,51,349,92,235,187,232,347,257,417,413,389,376,,,151,285,,,289,358,312,4,142,221,399,297,410,75,148,68,127,123,375,342,400,202,330,186,297,415,395,,248,,,289,329,266,163,333,115,55,333,426,399,405,415,267,242,327,241,359,163,64,390,391,425,416,410,208,33,51,14,278,13,92,231,189,419,426,411,331,381,27,95,,,166,27,,,289,87,116,404,281,375,327,274,186,83,431,418,316,301,302,285,128,52,21,25,284,427,360,34,,72,,,b'\x11\xe8\xe1I\xe8\xf9+Z\x9a\xbe\x12\xdf\x17\xaeN\x1e'
11E8E149-E8F9-2B5A-9ABE-12DF17AE4E1E,2021-ncaa-d3-conf-MIAC,ncaa,5,8,3,6,3,5,5,5,6,5,5,6,5,5,7,4,4,5,2,5,7,5,5,7,5,7,6,7,3,6,10,5,8,5,7,5,4,8,8,7,6,9,7,10,,,7,5,,,9,4,6,4,9,7,10,7,9,8,9,5,9,9,10,9,10,7,7,6,7,9,10,,5,,,9,9,9,10,5,9,9,4,10,10,7,6,8,8,6,7,5,9,9,5,5,7,8,10,5,9,8,8,10,8,7,8,4,6,10,8,8,9,4,2,,,4,5,,,9,8,6,8,9,8,7,10,6,8,9,9,6,7,6,10,8,8,4,7,4,10,7,2,,7,,,b'\x11\xe8\xe1I\xe8\xf9+Z\x9a\xbe\x12\xdf\x17\xaeN\x1e'
11E8E149-E8F9-2B5A-9ABE-12DF17AE4E1E,2021-ncaa-d3-natl,ncaa,148,115,193,155,197,191,192,205,76,189,207,56,186,191,130,142,163,188,9,189,110,205,208,84,52,79,142,172,71,225,240,203,165,210,175,192,201,82,170,158,201,184,228,259,,,91,210,,,186,201,199,110,147,159,250,142,226,167,183,80,165,156,251,260,269,208,256,182,108,193,262,,177,,,180,101,96,88,185,96,87,165,115,99,225,166,120,109,222,107,178,89,85,196,212,241,194,194,180,90,165,73,240,79,175,71,24,217,245,180,106,214,40,14,,,190,38,,,186,86,117,234,176,202,181,164,155,141,212,176,212,184,178,166,92,113,37,53,77,261,171,12,,102,,,b'\x11\xe8\xe1I\xe8\xf9+Z\x9a\xbe\x12\xdf\x17\xaeN\x1e'
11E8E149-E8F9-2B5A-9ABE-12DF17AE4E1E,2022-ncaa-d3-conf-MIAC,ncaa,7,7,11,7,11,10,9,10,5,6,10,4,9,7,11,6,12,12,3,12,12,10,11,5,5,5,8,7,11,11,10,11,6,11,10,8,9,6,6,6,6,6,10,6,,,7,10,,,6,11,11,2,7,5,10,5,6,8,7,12,12,12,10,12,11,11,12,6,6,6,10,,7,,,6,5,4,2,9,3,3,7,9,5,12,7,6,6,11,6,8,3,2,10,11,7,9,9,6,3,6,3,10,3,10,3,2,6,5,3,5,8,3,4,,,11,8,,,6,2,6,6,6,6,5,3,4,4,10,5,7,6,6,4,4,3,5,4,3,7,8,3,,11,,,b'\x11\xe8\xe1I\xe8\xf9+Z\x9a\xbe\x12\xdf\x17\xaeN\x1e'
11E8E149-E8F9-2B5A-9ABE-12DF17AE4E1E,2022-ncaa-d3-natl,ncaa,275,290,250,287,268,266,236,331,110,233,318,69,240,226,236,153,344,381,87,379,345,342,361,114,122,151,274,209,362,389,357,371,130,381,277,294,352,81,210,226,212,123,280,228,,,223,386,,,250,338,401,147,281,218,372,212,343,231,223,370,404,403,398,418,402,410,421,298,105,188,291,,279,,,250,162,125,53,357,73,42,305,350,178,426,327,205,156,349,155,341,51,62,391,399,359,396,389,237,23,130,75,357,45,277,41,26,256,143,96,166,266,80,150,,,317,166,,,250,88,195,316,251,199,159,22,92,23,377,202,237,203,204,17,21,24,69,37,52,241,194,81,,334,,,b'\x11\xe8\xe1I\xe8\xf9+Z\x9a\xbe\x12\xdf\x17\xaeN\x1e'
11E8E149-E8F9-2B5A-9ABE-12DF17AE4E1E,2023-ncaa-d3-conf-MIAC,ncaa,2,2,1,2,2,2,2,4,3,2,3,3,3,4,4,6,1,2,1,3,6,4,5,3,2,2,5,7,5,7,8,2,3,6,5,2,2,3,3,2,5,6,7,9,,,6,5,,,2,2,5,7,2,2,4,2,5,4,5,2,5,5,4,8,9,4,8,2,3,6,8,,5,,,2,7,9,10,4,9,9,8,5,8,1,5,8,8,4,8,6,10,10,3,3,6,3,3,7,4,3,6,8,6,5,3,1,6,8,6,5,4,4,5,,,1,2,,,2,11,2,6,2,6,6,7,7,8,3,5,8,8,8,7,3,3,4,4,2,8,4,4,,2,,,b'\x11\xe8\xe1I\xe8\xf9+Z\x9a\xbe\x12\xdf\x17\xaeN\x1e'
11E8E149-E8F9-2B5A-9ABE-12DF17AE4E1E,2023-ncaa-d3-natl,ncaa,37,30,63,36,69,54,78,142,38,133,232,35,57,77,39,102,47,131,5,137,109,139,210,30,20,13,95,114,162,320,270,195,105,264,148,81,185,51,42,26,142,138,249,268,,,176,165,,,73,164,354,61,67,96,258,171,336,61,113,66,193,198,257,375,378,328,380,104,20,189,292,,90,,,78,272,278,256,255,284,206,296,242,288,136,285,249,216,324,214,215,241,204,256,258,298,200,222,198,105,105,104,270,84,148,82,20,274,294,171,89,87,110,127,,,77,39,,,73,244,22,248,81,160,178,113,189,105,186,212,187,148,147,98,59,56,39,30,51,358,61,68,,127,,,b'\x11\xe8\xe1I\xe8\xf9+Z\x9a\xbe\x12\xdf\x17\xaeN\x1e'
11E8E149-E8F9-2B5A-9ABE-12DF17AE4E1E,2024-ncaa-d3-conf-MIAC,ncaa,2,2,3,2,6,2,2,3,3,3,5,3,4,4,4,5,1,2,1,2,2,3,4,3,2,2,5,6,3,9,8,4,2,7,3,2,2,1,1,1,4,4,11,11,,,3,4,,,2,3,1,7,2,2,2,3,6,3,4,1,1,1,1,6,11,3,9,2,1,4,11,,2,,,2,6,6,7,4,5,4,6,9,10,5,10,3,3,1,3,5,6,9,6,3,2,6,9,3,2,2,3,8,3,3,4,5,3,4,3,1,1,6,5,,,2,1,,,2,9,2,2,2,3,3,4,2,3,8,10,2,2,2,3,5,2,3,3,3,4,1,5,,1,,,b'\x11\xe8\xe1I\xe8\xf9+Z\x9a\xbe\x12\xdf\x17\xaeN\x1e'
11E8E149-E8F9-2B5A-9ABE-12DF17AE4E1E,2024-ncaa-d3-natl,ncaa,67,45,112,59,170,63,127,207,49,141,242,56,104,148,54,177,7,17,1,17,18,155,250,45,16,6,75,199,26,353,303,292,36,336,147,96,99,24,12,15,113,96,386,370,,,211,258,,,64,175,234,244,36,116,256,155,291,109,174,1,15,14,178,340,394,356,401,86,12,122,395,,177,,,59,215,202,111,308,158,55,362,332,342,241,395,224,172,356,169,312,113,151,338,349,284,320,351,211,20,36,56,303,35,147,148,103,130,86,112,27,28,137,158,,,37,11,,,64,244,25,184,57,169,160,60,129,27,301,309,197,153,152,52,78,13,28,11,130,145,21,116,,25,,,b'\x11\xe8\xe1I\xe8\xf9+Z\x9a\xbe\x12\xdf\x17\xaeN\x1e'
11E8E149-E8F9-2B5A-9ABE-12DF17AE4E1E,2025-ncaa-d3-conf-MIAC,genius_ncaa,4,3,12,4,12,6,9,9,8,7,8,7,8,10,7,9,2,3,1,3,3,7,11,8,5,5,3,10,1,11,9,12,2,11,6,3,1,3,4,2,6,6,11,10,,,3,3,,1,5,10,1,3,4,5,4,5,3,7,6,2,2,2,2,2,10,4,10,3,4,6,10,,3,,3,4,3,6,3,8,4,3,7,4,5,6,8,4,3,7,3,3,2,1,8,6,6,6,8,4,2,2,3,9,2,6,5,6,7,5,8,4,6,6,7,,,3,1,,8,5,3,6,4,5,6,8,7,6,7,9,7,4,3,3,7,9,2,6,4,8,6,6,9,,1,,8,b'\x11\xe8\xe1I\xe8\xf9+Z\x9a\xbe\x12\xdf\x17\xaeN\x1e'
11E8E149-E8F9-2B5A-9ABE-12DF17AE4E1E,2025-ncaa-d3-natl,genius_ncaa,141,75,345,111,353,243,292,354,142,293,329,180,220,286,69,221,94,186,5,187,69,339,378,127,78,83,87,187,40,372,316,350,52,374,178,154,21,42,141,66,269,169,388,369,,,34,92,,73,170,365,264,149,150,221,301,251,279,156,232,28,87,89,259,322,373,278,360,69,102,212,390,,40,,93,166,68,101,36,323,82,37,315,262,185,348,351,31,35,145,39,127,27,27,339,313,295,253,364,60,10,52,32,316,19,178,111,144,324,204,234,85,200,300,368,,,149,13,,177,170,51,124,240,170,190,235,136,173,83,326,283,51,60,63,105,81,27,93,46,188,267,163,360,,34,,140,b'\x11\xe8\xe1I\xe8\xf9+Z\x9a\xbe\x12\xdf\x17\xaeN\x1e'
11E8E149-E8F9-2B5A-9ABE-12DF17AE4E1E,2026-ncaa-d3-conf-MIAC,genius_ncaa,2,4,1,4,1,2,2,3,2,2,2,6,2,5,2,9,3,2,4,2,6,2,2,3,3,3,4,5,6,2,3,1,1,1,1,1,2,10,6,2,9,10,1,1,,,11,10,,12,3,2,6,3,4,4,8,5,6,4,9,3,4,4,5,6,4,4,2,2,5,10,2,,7,,12,3,11,10,11,2,10,10,3,4,10,3,6,12,11,9,10,8,11,10,2,4,3,6,3,10,4,1,9,3,6,1,10,8,2,7,6,6,4,12,8,,,2,7,,9,3,11,4,2,3,3,3,6,2,5,3,5,8,7,7,6,4,1,2,1,6,8,3,9,,7,,10,b'\x11\xe8\xe1I\xe8\xf9+Z\x9a\xbe\x12\xdf\x17\xaeN\x1e'
11E8E149-E8F9-2B5A-9ABE-12DF17AE4E1E,2026-ncaa-d3-natl,genius_ncaa,13,21,116,27,206,94,105,192,46,95,151,82,157,245,55,315,48,60,172,57,80,163,185,60,57,47,213,265,128,159,95,103,26,121,29,30,17,170,127,35,259,280,84,65,,,276,307,,370,46,190,256,394,74,99,256,98,169,191,301,53,51,49,188,254,180,85,124,22,104,300,98,,259,,375,52,176,159,217,80,161,181,144,187,302,54,332,219,168,364,155,176,211,208,69,97,115,248,212,271,91,26,150,95,122,29,254,355,204,205,246,144,103,226,202,,,80,36,,323,46,243,49,81,40,79,82,152,93,100,141,290,187,121,103,134,110,42,53,40,231,251,100,213,,57,,348,b'\x11\xe8\xe1I\xe8\xf9+Z\x9a\xbe\x12\xdf\x17\xaeN\x1e'
11E8E149-E8FD-681E-9ABE-12DF17AE4E1E,2018-ncaa-d3-conf-NESCAC,ncaa,6,5,6,6,7,5,4,6,4,4,7,3,4,5,6,2,7,7,3,8,9,6,6,4,3,4,6,5,9,7,5,6,9,6,6,4,7,6,7,6,6,7,6,7,,,8,10,,,5,6,3,5,3,2,3,4,7,3,3,7,8,9,4,3,6,6,7,4,8,7,5,,10,,,5,9,6,5,8,9,5,7,5,3,8,2,10,9,10,9,8,6,5,7,9,8,7,3,9,5,9,4,5,4,6,6,4,8,8,6,8,8,4,6,,,6,8,,,5,6,4,8,5,9,8,9,9,9,5,4,10,10,10,10,9,9,5,5,8,8,8,5,,7,,,b'\x11\xe8\xe1I\xe8\xfdh\x1e\x9a\xbe\x12\xdf\x17\xaeN\x1e'
11E8E149-E8FD-681E-9ABE-12DF17AE4E1E,2018-ncaa-d3-natl,ncaa,151,114,305,144,346,229,211,347,57,241,337,81,121,227,28,131,329,379,86,391,338,360,358,42,49,94,169,100,379,364,253,333,75,361,143,204,216,204,319,206,228,181,130,107,,,236,373,,,152,347,255,303,163,136,312,202,321,92,183,332,379,389,353,323,354,301,358,154,263,211,117,,304,,,149,82,80,47,276,148,128,212,43,20,324,43,248,220,342,211,286,52,67,251,287,220,145,64,356,30,75,45,253,31,143,59,91,198,109,97,107,195,253,354,,,315,200,,,152,97,137,171,144,142,134,59,207,210,58,21,316,267,265,70,84,42,71,48,92,156,152,300,,289,,,b'\x11\xe8\xe1I\xe8\xfdh\x1e\x9a\xbe\x12\xdf\x17\xaeN\x1e'
11E8E149-E8FD-681E-9ABE-12DF17AE4E1E,2019-ncaa-d3-conf-NESCAC,ncaa,7,6,6,7,6,8,8,9,6,8,10,6,1,1,3,1,8,7,11,7,3,8,9,4,4,4,2,2,9,11,11,10,11,10,11,9,8,2,4,6,9,10,5,5,,,8,9,,,7,9,6,2,7,7,9,8,11,1,1,7,6,6,7,9,11,10,11,8,2,10,5,,10,,,7,7,5,2,9,5,5,7,7,4,11,4,8,6,7,7,8,3,6,8,9,8,5,6,7,6,11,9,11,9,11,8,8,6,4,6,4,7,1,7,,,7,3,,,7,3,7,8,8,8,7,4,8,6,8,5,9,8,8,6,9,10,9,11,8,3,6,3,,6,,,b'\x11\xe8\xe1I\xe8\xfdh\x1e\x9a\xbe\x12\xdf\x17\xaeN\x1e'
11E8E149-E8FD-681E-9ABE-12DF17AE4E1E,2019-ncaa-d3-natl,ncaa,187,134,365,169,377,306,299,385,145,380,412,159,68,111,39,33,383,380,302,380,170,392,411,65,96,80,33,23,389,407,388,394,304,406,360,318,306,14,83,128,384,338,124,89,,,139,361,,,171,407,398,255,214,220,340,366,412,23,50,361,364,362,360,421,405,367,411,271,31,367,94,,265,,,168,50,53,37,227,81,72,205,61,50,229,140,135,118,308,113,219,37,37,207,226,219,196,144,273,133,304,95,388,102,360,26,59,351,214,139,20,94,39,179,,,337,98,,,171,35,119,244,173,135,142,87,180,173,110,93,218,195,192,84,62,247,226,231,85,275,46,60,,237,,,b'\x11\xe8\xe1I\xe8\xfdh\x1e\x9a\xbe\x12\xdf\x17\xaeN\x1e'
11E8E149-E8FD-681E-9ABE-12DF17AE4E1E,2020-ncaa-d3-conf-NESCAC,ncaa,9,8,9,9,10,9,9,10,8,8,8,6,10,8,10,6,9,11,5,11,9,10,10,8,8,8,8,8,7,10,11,10,11,10,11,9,7,1,2,4,9,9,10,9,,,4,10,,,11,10,5,6,10,9,7,8,5,9,7,9,11,11,8,9,11,11,11,8,3,9,7,,11,,,11,6,5,2,11,7,5,11,1,1,4,1,10,7,11,7,6,4,2,9,10,10,1,1,10,8,11,7,11,7,11,2,1,9,8,3,2,5,3,3,,,9,3,,,11,2,10,10,11,10,11,8,11,11,2,2,10,10,10,11,9,11,11,11,3,7,4,3,,6,,,b'\x11\xe8\xe1I\xe8\xfdh\x1e\x9a\xbe\x12\xdf\x17\xaeN\x1e'
11E8E149-E8FD-681E-9ABE-12DF17AE4E1E,2020-ncaa-d3-natl,ncaa,324,329,327,332,336,326,307,309,285,311,330,254,226,195,286,127,386,418,70,418,407,346,379,281,290,252,229,150,369,359,381,346,306,366,360,264,169,44,138,154,382,365,177,184,,,241,374,,,315,381,354,46,313,289,226,297,286,206,154,381,425,425,306,364,361,324,356,227,79,377,149,,331,,,316,169,143,70,299,274,219,278,21,21,134,14,370,316,423,314,298,90,69,240,310,325,85,12,388,204,306,259,381,244,360,88,81,335,295,235,32,93,172,239,,,339,205,,,315,58,275,326,320,261,232,158,326,318,28,22,397,350,354,204,142,264,338,308,140,312,54,218,,302,,,b'\x11\xe8\xe1I\xe8\xfdh\x1e\x9a\xbe\x12\xdf\x17\xaeN\x1e'
11E8E149-E8FD-681E-9ABE-12DF17AE4E1E,2021-ncaa-d3-natl,ncaa,176,92,220,164,222,223,216,214,237,216,213,198,220,202,264,109,235,236,214,237,265,216,221,247,253,219,235,174,257,192,58,220,126,215,123,205,58,55,39,65,205,82,209,169,,,56,50,,,152,223,133,110,188,129,16,101,45,182,63,250,242,244,33,61,16,143,41,85,69,87,160,,57,,,154,58,59,64,152,63,65,160,60,63,100,127,49,45,267,45,26,62,63,136,126,120,43,106,44,60,126,66,58,62,123,84,277,221,113,211,47,46,59,75,,,225,235,,,152,63,190,109,152,120,165,182,182,189,98,125,41,19,24,133,143,120,242,206,250,112,61,108,,197,,,b'\x11\xe8\xe1I\xe8\xfdh\x1e\x9a\xbe\x12\xdf\x17\xaeN\x1e'
11E8E149-E8FD-681E-9ABE-12DF17AE4E1E,2022-ncaa-d3-conf-NESCAC,ncaa,9,6,11,9,11,11,11,11,11,11,11,11,10,9,11,2,11,11,10,11,7,11,11,11,11,11,3,3,7,10,9,11,11,11,11,11,4,1,8,9,11,3,10,5,,,1,6,,,10,11,9,2,11,11,6,11,10,7,2,11,11,11,7,7,6,10,9,10,8,3,7,,6,,,11,1,1,1,8,1,1,9,5,1,9,11,1,1,1,1,8,1,1,10,9,4,11,11,2,1,11,1,9,1,11,1,8,10,1,3,1,5,1,8,,,11,9,,,10,1,11,7,11,5,5,1,1,1,11,11,1,1,1,1,7,8,11,11,7,1,5,8,,11,,,b'\x11\xe8\xe1I\xe8\xfdh\x1e\x9a\xbe\x12\xdf\x17\xaeN\x1e'
11E8E149-E8FD-681E-9ABE-12DF17AE4E1E,2022-ncaa-d3-natl,ncaa,364,257,405,358,408,409,408,400,406,409,407,389,337,233,404,59,416,416,389,416,386,405,414,401,407,384,183,101,388,352,308,410,343,397,369,405,334,10,116,299,406,328,310,185,,,48,320,,,333,415,389,120,400,391,188,389,336,239,70,414,416,413,270,350,195,365,307,390,83,348,255,,266,,,349,13,14,11,238,12,11,219,173,89,379,387,34,27,281,26,292,12,14,300,302,259,400,407,182,59,343,85,308,65,369,8,76,373,138,98,11,105,46,198,,,407,268,,,333,14,375,287,361,179,155,101,78,31,398,333,169,155,149,89,104,285,391,364,90,189,69,147,,336,,,b'\x11\xe8\xe1I\xe8\xfdh\x1e\x9a\xbe\x12\xdf\x17\xaeN\x1e'
11E8E149-E8FD-681E-9ABE-12DF17AE4E1E,2023-ncaa-d3-conf-NESCAC,ncaa,11,11,10,11,11,11,11,10,11,11,11,10,11,9,11,3,11,11,11,11,11,11,11,11,11,11,10,6,11,10,10,11,10,11,11,9,6,1,7,8,6,3,4,2,,,4,9,,,10,11,9,9,11,10,6,10,5,11,3,11,11,11,10,10,10,9,10,7,7,3,3,,7,,,11,1,1,1,6,1,1,6,6,5,7,10,4,2,10,2,8,1,1,7,7,5,11,11,9,5,10,6,10,6,11,5,10,8,2,7,2,6,2,4,,,11,6,,,10,1,11,6,11,5,4,3,2,2,10,9,7,7,7,3,4,7,11,11,9,2,4,4,,9,,,b'\x11\xe8\xe1I\xe8\xfdh\x1e\x9a\xbe\x12\xdf\x17\xaeN\x1e'
11E8E149-E8FD-681E-9ABE-12DF17AE4E1E,2023-ncaa-d3-natl,ncaa,341,269,397,332,400,400,392,402,343,376,384,320,365,357,361,215,410,409,347,412,388,403,411,345,361,342,314,234,365,396,371,392,155,397,321,354,135,29,218,231,369,245,126,26,,,88,380,,,268,413,401,254,393,367,352,327,299,338,282,412,402,404,389,413,364,290,355,297,122,293,68,,281,,,273,12,11,12,105,10,12,110,81,74,198,340,56,35,384,33,220,13,15,129,144,114,351,330,265,31,155,84,371,45,321,52,367,346,111,187,23,143,16,41,,,367,71,,,268,18,344,118,276,53,41,45,37,37,207,206,136,87,85,32,35,128,315,237,186,202,89,19,,229,,,b'\x11\xe8\xe1I\xe8\xfdh\x1e\x9a\xbe\x12\xdf\x17\xaeN\x1e'
11E8E149-E8FD-681E-9ABE-12DF17AE4E1E,2024-ncaa-d3-conf-NESCAC,ncaa,11,9,10,11,11,11,11,10,11,11,11,11,5,4,6,1,11,11,6,11,11,11,11,11,11,11,1,1,11,11,11,11,11,11,11,11,3,1,5,5,8,3,9,5,,,1,3,,,11,11,6,11,11,11,5,11,11,2,1,11,11,11,10,9,11,11,11,8,4,4,4,,3,,,11,3,4,1,11,3,1,10,9,4,11,11,1,1,5,1,4,1,1,11,11,9,10,11,1,4,11,6,11,6,11,10,11,8,1,8,3,6,1,6,,,11,11,,,11,1,11,10,11,9,9,6,7,2,11,11,2,2,2,3,6,9,11,11,11,1,6,2,,11,,,b'\x11\xe8\xe1I\xe8\xfdh\x1e\x9a\xbe\x12\xdf\x17\xaeN\x1e'
11E8E149-E8FD-681E-9ABE-12DF17AE4E1E,2024-ncaa-d3-natl,ncaa,339,275,392,331,401,372,357,381,246,367,395,241,206,228,163,67,407,413,196,415,361,394,409,208,235,205,115,62,383,398,403,398,271,405,381,296,105,10,112,113,353,252,168,105,,,41,231,,,273,405,341,397,288,263,244,313,343,113,99,392,401,402,315,384,389,329,384,194,62,283,97,,168,,,281,42,57,27,331,53,38,239,131,39,417,179,46,29,344,28,115,23,20,335,325,334,228,292,113,74,271,104,403,71,381,249,410,369,262,375,13,90,48,196,,,408,318,,,273,21,245,336,287,221,257,156,233,200,291,136,141,100,100,124,97,220,349,309,361,290,54,119,,380,,,b'\x11\xe8\xe1I\xe8\xfdh\x1e\x9a\xbe\x12\xdf\x17\xaeN\x1e'
11E8E149-E8FD-681E-9ABE-12DF17AE4E1E,2025-ncaa-d3-conf-NESCAC,genius_ncaa,11,10,11,11,11,11,11,11,10,11,11,9,10,9,9,1,11,11,11,11,4,11,11,9,9,11,2,1,6,11,10,11,8,11,11,11,8,4,11,11,11,11,7,4,,,1,3,,1,10,11,7,11,11,11,11,11,11,3,2,11,7,7,11,11,9,7,9,10,11,11,2,,3,,2,11,1,1,1,11,3,2,11,1,1,5,4,1,1,4,1,3,1,1,11,10,11,1,3,2,2,8,2,10,2,11,4,9,11,9,10,4,10,1,8,,,11,8,,10,10,1,11,11,11,10,11,10,11,11,5,5,5,5,5,9,7,8,11,10,10,10,10,6,,10,,10,b'\x11\xe8\xe1I\xe8\xfdh\x1e\x9a\xbe\x12\xdf\x17\xaeN\x1e'
11E8E149-E8FD-681E-9ABE-12DF17AE4E1E,2025-ncaa-d3-natl,genius_ncaa,274,184,386,248,387,349,331,383,158,339,378,182,233,308,74,157,377,386,255,383,257,388,403,136,153,174,161,107,332,348,243,377,213,376,221,269,85,43,229,159,403,364,110,52,,,110,340,,17,208,404,304,112,216,203,249,252,276,118,181,319,324,316,284,300,251,190,224,123,193,372,46,,313,,20,205,23,25,18,168,47,49,166,26,18,135,110,94,82,273,80,192,18,17,154,155,204,142,106,251,67,213,25,243,29,221,63,247,378,265,252,26,167,132,274,,,365,154,,405,208,17,185,214,202,165,171,187,222,242,105,108,240,218,218,186,147,218,197,200,218,285,139,260,,212,,405,b'\x11\xe8\xe1I\xe8\xfdh\x1e\x9a\xbe\x12\xdf\x17\xaeN\x1e'
11E8E149-E8FD-681E-9ABE-12DF17AE4E1E,2026-ncaa-d3-natl,genius_ncaa,54,200,8,151,18,28,24,35,122,50,91,74,16,19,149,58,235,230,229,223,349,47,63,103,133,93,175,77,395,107,238,22,83,33,137,69,310,229,82,111,233,345,22,51,,,371,296,,9,99,60,372,108,195,145,220,201,323,85,80,385,395,390,297,371,273,139,199,233,49,376,68,,191,,9,130,326,288,360,73,263,361,37,328,322,273,169,380,377,309,377,269,366,348,79,115,184,339,264,347,263,83,356,238,334,137,332,324,180,328,303,97,19,242,184,,,157,346,,123,99,359,106,167,118,85,56,111,54,148,188,123,272,224,230,120,47,98,161,116,175,370,10,126,,384,,214,b'\x11\xe8\xe1I\xe8\xfdh\x1e\x9a\xbe\x12\xdf\x17\xaeN\x1e'
11E8E149-E901-B496-9ABE-12DF17AE4E1E,2018-ncaa-d3-conf-Midwest Conference,ncaa,1,1,2,1,2,2,2,2,5,4,5,4,1,1,5,1,8,7,9,8,6,2,2,4,5,1,1,1,10,2,3,6,3,3,6,2,1,2,1,1,1,1,6,5,,,8,9,,,1,2,10,10,2,1,1,6,9,1,1,10,10,10,2,5,2,10,7,1,1,1,9,,6,,,1,3,3,3,3,3,2,3,8,7,8,9,4,5,4,5,7,2,9,6,6,2,9,10,6,3,3,9,3,9,6,5,10,1,1,2,2,1,3,4,,,7,10,,,1,9,1,3,1,2,2,2,2,1,5,4,3,3,3,1,2,2,8,5,3,1,1,2,,10,,,b'\x11\xe8\xe1I\xe9\x01\xb4\x96\x9a\xbe\x12\xdf\x17\xaeN\x1e'
11E8E149-E901-B496-9ABE-12DF17AE4E1E,2018-ncaa-d3-conf-MWC,ncaa,1,1,2,1,2,2,2,2,5,4,5,4,1,1,5,1,8,7,9,8,6,2,2,4,5,1,1,1,10,2,3,6,3,3,6,2,1,2,1,1,1,1,6,5,,,8,9,,,1,2,10,10,2,1,1,6,9,1,1,10,10,10,2,5,2,10,7,1,1,1,9,,6,,,1,3,3,3,3,3,2,3,8,7,8,9,4,5,4,5,7,2,9,6,6,2,9,10,6,3,3,9,3,9,6,5,10,1,1,2,2,1,3,4,,,7,10,,,1,9,1,3,1,2,2,2,2,1,5,4,3,3,3,1,2,2,8,5,3,1,1,2,,10,,,b'\x11\xe8\xe1I\xe9\x01\xb4\x96\x9a\xbe\x12\xdf\x17\xaeN\x1e'
11E8E149-E901-B496-9ABE-12DF17AE4E1E,2018-ncaa-d3-natl,ncaa,66,49,123,60,191,183,194,139,272,304,345,212,27,13,203,13,311,278,343,287,172,152,239,200,226,148,39,19,382,128,197,385,225,305,304,113,53,28,21,26,36,14,324,262,,,330,401,,,126,276,377,404,207,230,137,352,402,27,13,353,318,337,167,320,136,435,387,106,17,33,342,,321,,,126,100,93,43,318,65,37,296,304,186,395,341,129,158,119,147,338,41,129,360,358,151,368,377,212,74,225,331,197,215,304,259,415,53,16,88,42,41,54,100,,,221,225,,,126,169,129,120,121,73,73,10,44,6,263,159,107,120,115,10,44,67,294,183,224,41,40,36,,304,,,b'\x11\xe8\xe1I\xe9\x01\xb4\x96\x9a\xbe\x12\xdf\x17\xaeN\x1e'
11E8E149-E901-B496-9ABE-12DF17AE4E1E,2019-ncaa-d3-conf-Midwest Conference,ncaa,6,6,5,6,5,8,8,7,7,10,10,7,2,1,7,1,10,9,7,9,3,8,9,7,7,8,1,1,8,8,7,10,6,9,7,8,6,4,6,6,1,1,8,7,,,10,10,,,6,10,10,2,8,8,5,10,10,2,1,9,9,9,6,7,6,9,8,8,5,1,8,,10,,,6,3,1,1,6,1,1,7,8,8,7,9,9,9,9,9,10,1,1,6,7,7,10,9,10,2,6,4,7,3,7,10,10,3,1,9,3,5,3,9,,,10,8,,,6,1,8,6,6,5,2,1,1,1,8,8,9,9,9,1,1,3,6,5,10,1,4,4,,10,,,b'\x11\xe8\xe1I\xe9\x01\xb4\x96\x9a\xbe\x12\xdf\x17\xaeN\x1e'
11E8E149-E901-B496-9ABE-12DF17AE4E1E,2019-ncaa-d3-conf-MWC,ncaa,6,6,5,6,5,8,8,7,7,10,10,7,2,1,7,1,10,9,7,9,3,8,9,7,7,8,1,1,8,8,7,10,6,9,7,8,6,4,6,6,1,1,8,7,,,10,10,,,6,10,10,2,8,8,5,10,10,2,1,9,9,9,6,7,6,9,8,8,5,1,8,,10,,,6,3,1,1,6,1,1,7,8,8,7,9,9,9,9,9,10,1,1,6,7,7,10,9,10,2,6,4,7,3,7,10,10,3,1,9,3,5,3,9,,,10,8,,,6,1,8,6,6,5,2,1,1,1,8,8,9,9,9,1,1,3,6,5,10,1,4,4,,10,,,b'\x11\xe8\xe1I\xe9\x01\xb4\x96\x9a\xbe\x12\xdf\x17\xaeN\x1e'
11E8E149-E901-B496-9ABE-12DF17AE4E1E,2019-ncaa-d3-natl,ncaa,338,304,365,344,367,375,398,396,353,421,431,263,116,51,308,7,361,364,283,366,54,396,401,299,299,307,14,21,261,378,345,399,171,394,320,348,144,109,304,292,157,52,311,162,,,286,439,,,309,403,388,66,369,389,370,423,438,56,20,334,340,338,386,383,336,383,383,325,222,82,286,,399,,,309,71,27,20,288,14,7,335,288,253,327,409,312,294,289,291,442,29,34,350,384,336,437,393,400,26,171,149,345,78,320,303,443,287,126,332,102,255,170,412,,,365,202,,,309,41,315,303,323,186,98,23,44,7,370,338,382,375,373,48,46,77,293,193,372,196,190,255,,295,,,b'\x11\xe8\xe1I\xe9\x01\xb4\x96\x9a\xbe\x12\xdf\x17\xaeN\x1e'
11E8E149-E901-B496-9ABE-12DF17AE4E1E,2020-ncaa-d3-conf-Midwest Conference,ncaa,3,3,3,3,4,7,8,5,10,9,9,8,2,1,8,1,9,9,3,9,4,6,8,9,8,6,1,1,9,8,10,2,2,5,8,7,6,1,1,3,7,6,4,2,,,5,7,,,3,8,10,6,8,9,7,9,9,1,1,9,9,9,9,10,9,4,4,8,1,6,4,,4,,,4,2,2,2,1,1,3,1,7,7,7,7,3,3,2,3,6,2,2,2,1,1,10,9,6,3,2,10,10,10,8,4,9,6,4,5,1,2,2,9,,,10,10,,,3,3,7,2,3,1,1,2,1,2,7,5,3,3,3,2,1,3,10,10,4,7,1,1,,10,,,b'\x11\xe8\xe1I\xe9\x01\xb4\x96\x9a\xbe\x12\xdf\x17\xaeN\x1e'
11E8E149-E901-B496-9ABE-12DF17AE4E1E,2020-ncaa-d3-conf-MWC,ncaa,3,3,3,3,4,7,8,5,10,9,9,8,2,1,8,1,9,9,3,9,4,6,8,9,8,6,1,1,9,8,10,2,2,5,8,7,6,1,1,3,7,6,4,2,,,5,7,,,3,8,10,6,8,9,7,9,9,1,1,9,9,9,9,10,9,4,4,8,1,6,4,,4,,,4,2,2,2,1,1,3,1,7,7,7,7,3,3,2,3,6,2,2,2,1,1,10,9,6,3,2,10,10,10,8,4,9,6,4,5,1,2,2,9,,,10,10,,,3,3,7,2,3,1,1,2,1,2,7,5,3,3,3,2,1,3,10,10,4,7,1,1,,10,,,b'\x11\xe8\xe1I\xe9\x01\xb4\x96\x9a\xbe\x12\xdf\x17\xaeN\x1e'
11E8E149-E901-B496-9ABE-12DF17AE4E1E,2020-ncaa-d3-natl,ncaa,202,136,372,176,388,377,392,402,352,422,431,296,110,58,262,6,349,389,105,389,46,405,417,282,262,232,7,9,203,407,402,366,107,395,320,369,227,14,99,211,333,202,185,50,,,88,344,,,223,414,430,303,360,385,392,422,436,45,25,307,359,357,399,433,395,298,371,362,29,293,130,,174,,,223,15,16,18,111,6,10,72,317,200,396,416,39,50,67,49,330,18,22,216,195,166,430,433,185,26,107,155,402,76,320,129,419,331,137,259,15,62,148,407,,,404,203,,,223,25,260,154,220,43,33,19,5,9,372,320,79,103,100,15,11,66,310,211,217,258,21,219,,382,,,b'\x11\xe8\xe1I\xe9\x01\xb4\x96\x9a\xbe\x12\xdf\x17\xaeN\x1e'
11E8E149-E901-B496-9ABE-12DF17AE4E1E,2021-ncaa-d3-conf-MWC,ncaa,4,3,5,4,5,5,5,5,3,5,5,2,5,3,5,1,5,5,2,5,2,5,5,3,4,3,3,2,2,5,5,5,3,5,5,5,5,1,2,3,5,5,1,1,,,1,4,,,3,5,3,1,3,3,2,3,5,2,1,4,4,4,3,5,4,3,4,4,2,5,1,,3,,,3,1,2,1,4,2,1,4,2,1,5,2,1,1,3,1,3,1,1,4,4,5,2,2,4,2,3,1,5,2,5,3,5,5,4,5,1,1,3,5,,,5,4,,,3,1,3,5,4,4,3,2,3,4,2,2,4,5,3,2,2,2,5,4,5,4,1,4,,5,,,b'\x11\xe8\xe1I\xe9\x01\xb4\x96\x9a\xbe\x12\xdf\x17\xaeN\x1e'
11E8E149-E901-B496-9ABE-12DF17AE4E1E,2021-ncaa-d3-natl,ncaa,176,58,232,125,234,231,230,238,90,225,241,20,226,221,230,47,234,243,11,243,211,239,239,98,93,90,199,163,206,247,210,242,93,245,170,243,269,45,113,178,242,182,204,75,,,62,274,,,114,239,159,110,122,96,125,76,200,142,62,177,236,228,163,194,219,210,234,219,86,189,77,,257,,,100,46,44,42,191,48,44,219,30,38,22,29,70,70,98,67,251,46,47,149,170,132,52,15,261,41,93,49,210,45,170,48,189,228,61,104,45,140,35,39,,,244,239,,,114,47,109,106,101,111,98,27,168,108,15,21,239,254,251,55,87,58,134,94,141,87,113,25,,252,,,b'\x11\xe8\xe1I\xe9\x01\xb4\x96\x9a\xbe\x12\xdf\x17\xaeN\x1e'
11E8E149-E901-B496-9ABE-12DF17AE4E1E,2022-ncaa-d3-conf-MWC,ncaa,5,2,8,5,8,8,8,8,6,8,9,7,6,7,3,3,9,9,7,9,8,9,9,4,5,5,4,3,8,6,2,9,5,8,4,9,7,2,4,7,9,6,4,2,,,1,2,,,5,9,9,3,7,6,8,6,7,4,3,9,8,7,9,8,2,4,3,7,4,7,2,,2,,,5,1,1,1,2,1,2,2,2,3,5,4,1,1,1,1,2,1,1,2,2,2,4,5,1,3,5,1,2,1,4,1,7,8,5,6,1,2,2,4,,,9,9,,,5,1,5,3,5,2,3,3,2,4,4,4,1,2,1,3,3,5,3,4,5,7,2,3,,9,,,b'\x11\xe8\xe1I\xe9\x01\xb4\x96\x9a\xbe\x12\xdf\x17\xaeN\x1e'
11E8E149-E901-B496-9ABE-12DF17AE4E1E,2022-ncaa-d3-natl,ncaa,190,95,376,149,380,354,352,378,241,358,385,228,240,271,168,134,351,361,231,356,202,383,397,212,221,195,150,132,249,321,180,353,155,352,158,395,423,24,128,307,349,241,269,197,,,47,208,,,174,403,404,127,267,267,286,295,312,148,159,279,283,276,297,370,209,200,206,395,80,285,230,,115,,,166,16,20,26,132,23,29,115,80,71,217,264,28,49,8,46,217,26,21,144,106,135,247,304,136,51,155,35,180,34,158,17,126,380,247,172,31,151,46,135,,,376,201,,,174,26,185,136,166,67,89,92,87,93,185,184,65,149,142,78,45,149,136,150,87,305,113,83,,300,,,b'\x11\xe8\xe1I\xe9\x01\xb4\x96\x9a\xbe\x12\xdf\x17\xaeN\x1e'
11E8E149-E901-B496-9ABE-12DF17AE4E1E,2023-ncaa-d3-conf-MWC,ncaa,3,3,2,3,2,5,5,3,8,8,8,7,1,1,3,1,7,8,1,8,7,6,6,6,6,6,1,1,7,6,8,7,8,9,9,4,2,4,3,2,1,1,4,3,,,5,3,,,6,6,9,6,8,8,8,9,9,1,1,8,9,9,8,9,8,9,9,5,1,2,5,,3,,,6,7,8,4,7,2,1,9,8,8,8,9,3,4,4,4,4,2,4,8,7,5,7,8,2,7,8,9,8,9,9,9,9,2,2,5,3,2,5,6,,,8,9,,,6,5,5,5,6,4,3,2,3,1,8,7,3,3,3,2,2,3,7,6,7,2,1,4,,9,,,b'\x11\xe8\xe1I\xe9\x01\xb4\x96\x9a\xbe\x12\xdf\x17\xaeN\x1e'
11E8E149-E901-B496-9ABE-12DF17AE4E1E,2023-ncaa-d3-natl,ncaa,248,247,271,257,312,319,340,348,332,392,407,295,85,66,205,11,309,374,24,371,149,359,383,257,243,238,11,14,221,380,379,409,340,398,393,299,160,71,202,230,76,31,289,184,,,216,356,,,283,375,372,288,327,359,348,410,422,56,35,315,392,386,376,408,388,425,423,299,111,44,286,,293,,,279,106,99,29,358,50,13,401,344,309,309,417,118,112,207,111,363,33,59,387,389,266,388,400,153,151,340,196,379,167,393,264,371,119,37,169,70,157,56,261,,,350,235,,,283,65,273,270,274,164,156,29,76,5,363,349,148,142,142,29,86,173,272,231,278,78,98,68,,363,,,b'\x11\xe8\xe1I\xe9\x01\xb4\x96\x9a\xbe\x12\xdf\x17\xaeN\x1e'
11E8E149-E901-B496-9ABE-12DF17AE4E1E,2024-ncaa-d3-conf-MWC,ncaa,7,7,5,7,5,8,7,9,5,8,9,6,2,3,3,1,9,9,6,9,9,9,9,3,3,6,2,1,9,9,8,8,8,9,9,5,3,4,7,6,4,2,3,2,,,7,9,,,5,9,8,1,8,7,9,8,9,2,2,9,9,9,9,9,9,7,9,5,4,3,3,,7,,,5,1,1,1,5,1,1,6,2,4,2,7,4,7,1,7,9,1,1,5,5,3,6,5,8,5,8,3,8,4,9,5,9,4,2,4,3,7,2,5,,,9,7,,,5,1,6,4,6,2,2,2,4,1,3,6,7,7,7,3,3,5,4,4,6,3,4,3,,9,,,b'\x11\xe8\xe1I\xe9\x01\xb4\x96\x9a\xbe\x12\xdf\x17\xaeN\x1e'
11E8E149-E901-B496-9ABE-12DF17AE4E1E,2024-ncaa-d3-natl,ncaa,271,275,296,284,301,330,329,363,264,360,387,276,148,168,122,62,345,361,208,361,187,368,377,206,209,238,64,41,275,401,414,364,267,387,388,340,319,147,285,305,109,63,266,172,,,341,411,,,298,358,346,47,332,339,377,379,396,119,125,353,360,361,393,401,416,377,414,344,202,88,258,,398,,,296,122,83,36,305,48,19,355,263,238,282,381,324,361,107,363,425,47,71,343,360,302,401,340,378,120,267,228,414,179,388,219,379,188,84,214,146,276,53,175,,,338,189,,,298,72,305,282,299,193,127,35,86,8,315,300,367,387,392,67,105,166,310,262,263,130,204,63,,325,,,b'\x11\xe8\xe1I\xe9\x01\xb4\x96\x9a\xbe\x12\xdf\x17\xaeN\x1e'
11E8E149-E901-B496-9ABE-12DF17AE4E1E,2025-ncaa-d3-conf-Midwest Conference,genius_ncaa,4,5,3,5,3,5,7,8,6,8,9,3,2,1,4,1,5,6,2,6,2,8,8,4,4,5,2,1,4,8,8,4,7,7,6,6,1,7,7,7,8,9,6,6,,,4,2,,7,6,7,7,1,6,7,9,8,9,2,1,6,6,6,9,9,8,6,7,7,6,8,7,,3,,6,6,5,3,4,3,3,2,4,9,9,6,9,4,4,8,4,5,4,5,5,5,6,9,9,6,8,7,6,8,5,6,7,9,5,5,6,8,8,4,6,,,6,4,,3,6,3,5,6,6,4,4,3,3,3,9,9,4,5,5,3,5,6,4,4,6,5,8,5,,7,,3,b'\x11\xe8\xe1I\xe9\x01\xb4\x96\x9a\xbe\x12\xdf\x17\xaeN\x1e'
11E8E149-E901-B496-9ABE-12DF17AE4E1E,2025-ncaa-d3-natl,genius_ncaa,173,155,192,170,248,277,321,342,252,375,409,144,62,47,173,5,196,219,142,224,8,335,333,151,131,205,7,14,127,385,394,201,189,317,315,266,115,244,320,279,348,352,320,258,,,200,267,,336,218,287,294,258,289,351,401,401,418,46,29,178,213,220,390,384,402,169,355,272,254,360,324,,219,,341,218,85,51,104,57,22,20,135,364,398,125,415,213,237,139,246,388,116,124,121,120,136,415,407,278,202,189,230,394,216,315,221,381,212,180,229,252,324,56,285,,,244,126,,95,218,126,267,147,225,106,61,114,16,11,351,393,225,250,261,129,127,191,242,227,233,207,257,54,,244,,82,b'\x11\xe8\xe1I\xe9\x01\xb4\x96\x9a\xbe\x12\xdf\x17\xaeN\x1e'
11E8E149-E901-B496-9ABE-12DF17AE4E1E,2026-ncaa-d3-conf-Midwest Conference,genius_ncaa,7,7,4,7,5,7,6,7,5,7,8,3,5,4,8,2,8,7,8,7,3,7,7,5,6,6,5,4,8,7,7,8,9,8,9,6,7,5,8,7,4,2,3,2,,,4,4,,4,7,7,7,4,8,7,8,6,8,5,4,8,7,7,8,8,8,9,9,7,8,2,3,,4,,5,7,5,5,4,8,4,3,7,9,6,8,8,4,5,1,5,7,4,5,8,8,7,8,9,4,7,9,3,7,5,9,5,6,7,3,7,5,8,2,3,,,6,7,,7,7,2,7,9,7,8,8,3,5,2,9,8,4,5,5,4,5,8,4,6,8,4,8,2,,6,,6,b'\x11\xe8\xe1I\xe9\x01\xb4\x96\x9a\xbe\x12\xdf\x17\xaeN\x1e'
11E8E149-E901-B496-9ABE-12DF17AE4E1E,2026-ncaa-d3-natl,genius_ncaa,225,200,215,240,319,326,346,340,292,347,382,98,260,149,374,25,190,252,41,260,37,331,329,281,243,250,107,205,48,364,375,288,252,342,318,293,75,120,232,220,124,57,134,29,,,189,316,,197,246,315,354,391,334,356,383,350,409,259,76,119,217,226,377,392,377,267,358,267,153,77,113,,263,,234,250,120,99,92,186,41,42,187,340,305,346,408,117,215,2,200,396,98,113,291,232,186,408,412,169,164,252,161,375,156,318,213,385,227,112,225,137,234,47,121,,,219,33,,201,246,102,274,203,251,131,98,62,22,8,389,377,117,293,276,91,104,221,216,220,276,149,165,45,,124,,195,b'\x11\xe8\xe1I\xe9\x01\xb4\x96\x9a\xbe\x12\xdf\x17\xaeN\x1e'
11E8E149-E906-2760-9ABE-12DF17AE4E1E,2018-ncaa-d3-conf-USA South,ncaa,8,7,14,8,14,12,13,16,3,15,18,4,5,9,1,3,13,16,4,16,8,16,16,2,2,4,2,2,16,15,12,15,7,14,7,8,2,7,14,10,11,9,18,18,,,3,8,,,8,16,14,8,9,10,16,14,19,1,5,12,17,17,16,17,15,11,14,5,13,11,18,,4,,,8,5,5,4,14,3,2,18,14,17,5,19,1,2,11,2,9,4,4,15,14,12,15,18,4,1,7,3,12,2,7,11,14,16,11,13,13,14,10,17,,,17,15,,,8,4,6,11,8,8,11,10,8,2,14,18,2,3,3,7,4,7,4,3,12,15,14,13,,18,,,"b""\x11\xe8\xe1I\xe9\x06'`\x9a\xbe\x12\xdf\x17\xaeN\x1e"""
11E8E149-E906-2760-9ABE-12DF17AE4E1E,2018-ncaa-d3-natl,ncaa,179,197,123,190,137,132,145,204,88,211,308,79,47,76,44,72,196,230,117,230,152,207,159,52,58,114,83,61,318,249,211,137,145,173,153,173,255,360,339,266,167,194,393,401,,,161,103,,,212,137,179,72,123,139,262,257,371,43,81,224,275,274,271,214,281,141,218,184,339,187,410,,114,,,212,357,368,345,288,300,175,377,407,429,178,422,174,179,177,175,219,331,304,320,305,330,290,380,85,212,145,155,211,166,153,361,258,234,289,335,378,352,116,165,,,255,328,,,212,312,149,297,212,303,319,315,251,130,391,422,144,135,132,288,256,176,114,128,320,284,350,90,,331,,,"b""\x11\xe8\xe1I\xe9\x06'`\x9a\xbe\x12\xdf\x17\xaeN\x1e"""
11E8E149-E906-2760-9ABE-12DF17AE4E1E,2019-ncaa-d3-conf-USA South,ncaa,11,10,10,10,16,12,11,13,4,7,11,3,11,11,11,7,15,15,10,15,14,13,12,4,7,9,17,9,15,7,6,17,11,16,8,5,4,10,14,7,2,1,14,13,,,10,13,,,7,13,7,16,10,5,8,5,9,8,8,15,15,15,9,6,5,17,14,3,15,1,15,,13,,,7,6,7,2,17,6,2,17,10,5,15,12,5,5,4,5,13,2,4,17,17,12,12,10,6,3,11,4,6,2,8,10,11,3,1,5,13,15,4,5,,,15,15,,,7,6,8,10,7,10,10,4,10,3,12,8,7,9,9,4,8,5,6,3,14,1,15,5,,14,,,"b""\x11\xe8\xe1I\xe9\x06'`\x9a\xbe\x12\xdf\x17\xaeN\x1e"""
11E8E149-E906-2760-9ABE-12DF17AE4E1E,2019-ncaa-d3-natl,ncaa,282,304,215,299,307,195,150,193,121,121,167,84,267,239,303,258,310,298,313,298,340,209,141,153,189,262,372,305,365,112,79,362,317,286,209,119,126,402,379,265,30,21,370,366,,,314,289,,,237,153,73,398,168,109,137,73,138,270,236,319,294,297,160,66,88,407,287,84,406,19,383,,337,,,236,300,302,113,410,288,124,402,282,189,382,240,263,300,92,306,356,134,274,407,404,262,225,235,213,192,317,128,79,142,209,227,127,51,31,73,419,400,93,80,,,280,357,,,237,291,246,233,237,311,311,130,292,137,296,206,270,308,318,164,328,206,138,150,237,23,413,96,,266,,,"b""\x11\xe8\xe1I\xe9\x06'`\x9a\xbe\x12\xdf\x17\xaeN\x1e"""
11E8E149-E906-2760-9ABE-12DF17AE4E1E,2020-ncaa-d3-conf-USA South,ncaa,11,11,10,11,15,14,14,15,10,12,16,8,14,14,11,9,15,17,5,17,18,15,15,12,12,13,12,9,16,14,11,15,14,15,14,9,2,15,16,14,16,16,8,9,,,2,2,,,14,16,14,11,13,13,17,12,13,11,11,15,17,17,17,13,12,15,16,6,15,16,8,,2,,,14,7,12,5,15,11,8,15,8,6,12,10,3,3,14,3,5,4,3,15,14,16,7,9,3,9,14,2,11,4,14,13,12,17,17,17,16,16,9,10,,,16,16,,,14,3,14,15,14,12,13,10,13,10,11,10,6,3,3,9,6,13,3,6,14,17,16,9,,16,,,"b""\x11\xe8\xe1I\xe9\x06'`\x9a\xbe\x12\xdf\x17\xaeN\x1e"""
11E8E149-E906-2760-9ABE-12DF17AE4E1E,2020-ncaa-d3-natl,ncaa,306,275,372,311,388,373,351,388,245,319,341,257,342,367,238,291,388,402,206,400,370,394,372,259,271,351,312,268,305,320,186,348,346,346,260,254,48,372,414,328,373,354,185,200,,,33,47,,,350,384,208,303,344,317,354,277,246,313,330,366,382,384,377,224,236,262,268,179,407,347,130,,49,,,353,160,280,169,335,356,266,346,65,83,126,104,46,40,173,38,35,116,71,297,245,314,15,69,44,266,346,35,186,86,260,242,193,383,359,370,406,418,124,197,,,399,369,,,350,50,344,334,357,308,373,356,408,399,137,167,86,83,78,320,261,339,115,237,331,345,417,187,,373,,,"b""\x11\xe8\xe1I\xe9\x06'`\x9a\xbe\x12\xdf\x17\xaeN\x1e"""
11E8E149-E906-2760-9ABE-12DF17AE4E1E,2021-ncaa-d3-conf-USA South,ncaa,6,10,3,7,5,6,6,6,8,5,5,8,4,4,9,6,9,6,14,7,11,6,4,8,9,8,7,4,15,5,6,4,3,3,6,6,10,11,7,7,6,5,3,4,,,12,5,,,6,5,11,9,9,8,7,7,9,6,7,12,10,11,9,8,5,4,4,8,7,7,3,,6,,,6,10,10,12,3,6,11,2,12,13,7,14,5,7,2,7,5,12,13,4,3,4,14,15,4,9,3,11,6,11,6,7,3,4,4,4,7,4,12,13,,,10,16,,,6,12,7,4,5,4,4,7,5,7,11,13,3,3,3,7,6,6,7,7,3,6,4,11,,14,,,"b""\x11\xe8\xe1I\xe9\x06'`\x9a\xbe\x12\xdf\x17\xaeN\x1e"""
11E8E149-E906-2760-9ABE-12DF17AE4E1E,2021-ncaa-d3-natl,ncaa,50,275,3,164,4,6,5,3,115,4,4,95,8,7,146,87,29,15,260,14,169,4,3,110,151,166,169,99,252,3,50,3,141,2,79,10,189,283,193,180,5,94,8,77,,,282,198,,,69,5,43,110,92,69,47,82,109,83,58,215,161,153,54,33,36,46,28,118,230,73,75,,232,,,106,280,277,281,72,274,280,75,280,282,154,197,277,281,35,281,214,281,281,94,84,71,227,219,182,282,141,279,50,281,79,266,60,5,88,42,284,166,273,143,,,16,259,,,69,281,147,78,111,134,117,179,90,126,203,216,172,223,218,196,227,198,143,167,71,64,198,155,,206,,,"b""\x11\xe8\xe1I\xe9\x06'`\x9a\xbe\x12\xdf\x17\xaeN\x1e"""
11E8E149-E906-2760-9ABE-12DF17AE4E1E,2022-ncaa-d3-conf-USA South,ncaa,14,11,16,13,17,16,17,18,14,17,18,12,11,11,12,3,17,17,5,17,16,17,18,12,13,15,7,4,16,18,9,17,8,17,6,17,13,6,14,14,16,13,10,6,,,5,12,,,12,17,18,6,16,17,18,17,18,8,5,17,17,18,17,18,15,10,10,15,14,16,7,,9,,,12,2,2,2,8,2,2,7,5,5,8,13,5,6,3,6,11,2,2,7,3,7,12,13,10,5,8,2,9,3,6,1,9,16,14,11,6,15,10,19,,,17,16,,,12,3,15,7,12,4,5,5,5,8,8,10,7,9,9,4,2,10,4,7,5,16,13,14,,17,,,"b""\x11\xe8\xe1I\xe9\x06'`\x9a\xbe\x12\xdf\x17\xaeN\x1e"""
11E8E149-E906-2760-9ABE-12DF17AE4E1E,2022-ncaa-d3-natl,ncaa,275,234,345,271,353,365,365,367,315,374,391,259,220,182,286,66,367,386,186,382,229,375,372,276,284,319,112,88,271,331,244,326,255,339,229,366,327,213,356,356,302,244,259,218,,,163,340,,,269,375,301,124,347,341,333,367,383,150,97,349,371,371,362,298,261,199,239,347,325,252,229,,326,,,278,50,43,57,135,49,62,130,105,120,164,231,185,215,114,223,351,59,58,139,142,169,306,220,338,156,255,66,244,82,229,46,137,320,245,159,271,369,120,295,,,374,309,,,269,56,317,199,274,160,126,157,128,149,184,219,294,333,342,195,183,273,152,201,119,248,338,195,,347,,,"b""\x11\xe8\xe1I\xe9\x06'`\x9a\xbe\x12\xdf\x17\xaeN\x1e"""
11E8E149-E906-2760-9ABE-12DF17AE4E1E,2023-ncaa-d3-conf-CCS,ncaa,7,7,6,7,8,7,7,8,5,7,9,4,4,5,3,1,7,7,3,7,4,7,8,4,3,6,1,1,7,7,6,7,7,7,6,6,1,7,8,7,8,8,1,1,,,5,6,,,7,8,9,9,7,7,8,7,9,4,4,7,7,7,7,8,7,6,6,5,8,8,1,,5,,,7,3,3,5,2,4,4,2,3,5,5,4,5,4,8,4,2,4,1,2,2,5,4,4,7,7,7,1,6,2,6,2,4,7,7,5,9,8,3,6,,,7,6,,,7,1,6,6,6,4,5,6,4,7,4,5,5,4,4,6,4,7,1,5,4,7,8,3,,7,,,"b""\x11\xe8\xe1I\xe9\x06'`\x9a\xbe\x12\xdf\x17\xaeN\x1e"""
11E8E149-E906-2760-9ABE-12DF17AE4E1E,2023-ncaa-d3-natl,ncaa,289,297,271,303,330,286,306,372,153,324,375,190,143,222,45,122,278,314,186,315,136,374,349,115,116,233,82,89,208,295,158,258,376,292,228,240,102,329,387,299,377,387,40,33,,,133,155,,,272,349,320,411,290,298,404,338,388,116,205,266,297,305,401,346,283,188,242,212,350,389,26,,176,,,271,151,147,256,74,153,241,84,185,242,109,228,227,220,226,205,175,236,142,76,82,196,239,224,258,386,376,33,158,133,228,89,82,388,403,299,392,400,77,210,,,303,207,,,272,81,250,305,272,229,217,338,214,322,219,278,262,260,238,332,229,385,30,197,131,398,388,96,,290,,,"b""\x11\xe8\xe1I\xe9\x06'`\x9a\xbe\x12\xdf\x17\xaeN\x1e"""
11E8E149-E906-2760-9ABE-12DF17AE4E1E,2024-ncaa-d3-conf-CCS,ncaa,7,8,5,7,6,7,7,7,6,8,9,3,2,1,4,1,8,9,1,9,1,8,8,3,3,6,1,1,9,8,9,8,7,8,7,7,1,6,8,7,8,9,1,1,,,3,4,,,7,8,9,5,8,8,9,9,9,1,1,9,9,9,9,9,9,6,9,7,7,9,1,,1,,,7,4,3,4,3,2,5,2,3,3,7,3,4,4,9,4,4,4,2,2,3,5,6,5,7,6,7,3,9,3,7,1,1,8,9,7,7,8,2,9,,,8,8,,,7,2,7,7,7,4,4,5,3,7,5,4,6,6,6,5,2,7,1,2,1,9,7,1,,9,,,"b""\x11\xe8\xe1I\xe9\x06'`\x9a\xbe\x12\xdf\x17\xaeN\x1e"""
11E8E149-E906-2760-9ABE-12DF17AE4E1E,2024-ncaa-d3-natl,ncaa,353,329,375,353,385,387,401,409,322,419,423,236,112,89,185,2,347,370,142,371,9,408,406,201,185,300,1,2,132,416,399,336,288,393,297,360,80,235,389,350,408,400,25,14,,,76,229,,,293,399,334,244,370,394,421,424,427,41,28,282,324,327,420,413,423,184,374,337,338,404,11,,197,,,309,37,32,57,39,37,100,35,57,72,91,143,209,221,158,224,298,62,38,35,45,151,282,149,369,181,288,23,399,38,297,20,61,408,398,281,262,377,28,358,,,377,167,,,293,33,343,199,297,141,113,265,135,287,124,171,328,346,348,295,167,313,78,174,66,406,328,45,,324,,,"b""\x11\xe8\xe1I\xe9\x06'`\x9a\xbe\x12\xdf\x17\xaeN\x1e"""
11E8E149-E906-2760-9ABE-12DF17AE4E1E,2025-ncaa-d3-conf-CCS,genius_ncaa,7,7,7,7,7,7,7,7,8,9,9,8,3,3,6,1,6,7,2,7,2,7,7,7,7,7,1,1,1,5,4,3,5,5,4,7,1,7,7,7,7,6,5,3,,,7,9,,8,7,7,5,4,7,7,6,9,9,2,2,4,7,7,6,5,3,3,3,6,7,5,3,,9,,8,7,3,3,2,6,4,4,4,2,1,4,1,6,6,2,6,7,3,2,5,6,6,2,3,8,5,5,3,4,3,4,3,4,8,6,6,7,7,6,9,,,4,3,,1,7,2,7,6,7,5,5,5,5,7,2,1,7,7,7,6,4,8,5,6,6,5,7,7,,3,,1,"b""\x11\xe8\xe1I\xe9\x06'`\x9a\xbe\x12\xdf\x17\xaeN\x1e"""
11E8E149-E906-2760-9ABE-12DF17AE4E1E,2025-ncaa-d3-natl,genius_ncaa,326,215,406,316,407,381,395,403,352,409,412,317,245,221,279,31,263,301,112,297,10,400,391,317,277,349,12,47,21,350,155,393,246,390,199,359,37,334,400,368,195,78,224,149,,,183,382,,309,287,394,14,97,252,342,226,380,390,85,33,48,69,63,178,29,159,136,139,212,413,52,114,,409,,396,302,22,14,12,193,38,36,182,10,6,92,24,267,314,63,303,399,17,22,149,190,132,165,22,411,44,246,12,155,12,199,27,193,236,83,85,370,403,107,380,,,315,99,,15,287,25,351,130,292,310,241,262,304,352,57,65,409,415,415,347,387,284,209,231,228,36,410,303,,27,,2,"b""\x11\xe8\xe1I\xe9\x06'`\x9a\xbe\x12\xdf\x17\xaeN\x1e"""
11E8E149-E906-2760-9ABE-12DF17AE4E1E,2026-ncaa-d3-natl,genius_ncaa,390,21,415,390,415,416,416,416,317,416,416,288,416,416,341,297,414,416,1,416,3,416,416,326,89,272,23,364,1,416,413,415,367,416,391,415,310,2,408,399,415,188,415,403,,,1,394,,1,257,416,328,113,378,411,414,410,414,377,390,4,38,51,414,413,414,307,408,405,362,172,399,,389,,1,394,1,1,1,316,1,1,309,1,1,102,21,2,2,416,2,384,1,1,254,374,404,207,9,415,1,367,1,413,1,391,1,8,416,408,281,4,415,1,414,,,416,4,,406,257,1,331,406,393,387,313,261,368,348,48,51,416,411,413,351,245,354,81,224,69,400,410,358,,69,,406,"b""\x11\xe8\xe1I\xe9\x06'`\x9a\xbe\x12\xdf\x17\xaeN\x1e"""
11E8E149-E90A-8AF8-9ABE-12DF17AE4E1E,2018-ncaa-d3-conf-UMAC,ncaa,6,6,6,6,9,8,7,8,6,5,5,6,9,9,9,9,8,7,9,7,7,8,8,8,9,8,9,9,5,5,6,8,4,7,4,6,2,8,8,7,4,3,8,8,,,4,7,,,7,8,8,9,8,7,8,5,4,9,9,8,6,6,7,6,5,6,6,6,8,3,8,,6,,,7,4,2,1,6,2,2,6,4,4,5,6,5,4,6,4,8,1,1,6,6,6,8,6,6,2,4,5,6,2,4,5,8,8,7,7,8,8,8,6,,,5,2,,,7,1,8,6,7,4,4,3,3,3,6,6,7,6,6,3,1,3,7,4,5,8,8,8,,4,,,b'\x11\xe8\xe1I\xe9\n\x8a\xf8\x9a\xbe\x12\xdf\x17\xaeN\x1e'
11E8E149-E90A-8AF8-9ABE-12DF17AE4E1E,2018-ncaa-d3-natl,ncaa,280,251,363,283,370,395,381,393,333,298,267,330,426,419,422,425,330,283,386,276,266,389,378,374,381,392,418,432,114,276,190,380,246,366,241,328,94,318,395,351,155,83,372,348,,,107,260,,,343,388,304,155,399,378,390,246,130,431,426,299,190,177,370,263,205,348,292,285,384,105,369,,208,,,342,69,67,49,233,83,41,311,138,182,117,324,174,169,212,170,341,50,48,254,253,253,265,236,292,101,246,76,190,72,241,178,368,306,200,268,375,411,368,391,,,225,65,,,343,46,384,244,354,186,170,133,175,95,221,284,265,259,263,143,134,184,187,178,287,236,400,413,,87,,,b'\x11\xe8\xe1I\xe9\n\x8a\xf8\x9a\xbe\x12\xdf\x17\xaeN\x1e'
11E8E149-E90A-8AF8-9ABE-12DF17AE4E1E,2019-ncaa-d3-conf-UMAC,ncaa,7,7,6,7,7,9,9,9,8,7,3,8,9,9,9,9,7,5,9,5,6,9,9,9,8,9,9,9,1,4,3,8,8,8,6,9,8,9,9,9,8,7,9,9,,,7,8,,,8,9,6,7,9,9,9,7,1,9,9,7,4,4,9,7,4,8,6,9,9,8,9,,8,,,8,7,7,4,7,7,2,8,5,6,7,6,6,7,1,7,7,4,1,7,7,8,6,5,4,5,8,6,3,5,6,8,8,8,7,7,8,9,8,8,,,6,5,,,8,1,9,8,8,7,7,5,7,4,7,7,7,8,8,6,5,6,6,7,8,8,8,8,,5,,,b'\x11\xe8\xe1I\xe9\n\x8a\xf8\x9a\xbe\x12\xdf\x17\xaeN\x1e'
11E8E149-E90A-8AF8-9ABE-12DF17AE4E1E,2019-ncaa-d3-natl,ncaa,413,412,365,415,376,429,427,417,428,399,259,429,437,439,429,443,394,359,428,351,344,411,378,432,432,435,427,441,65,326,225,412,379,393,343,419,321,426,437,433,331,285,434,429,,,282,405,,,432,381,229,247,436,435,430,398,135,440,443,387,312,296,430,260,253,414,382,430,435,283,434,,398,,,430,227,247,74,415,262,82,421,213,173,293,276,216,243,164,235,334,80,72,415,412,409,197,198,211,192,379,76,225,103,343,320,341,336,267,372,427,429,395,393,,,363,267,,,432,62,435,409,430,375,367,239,354,191,304,289,317,344,338,263,232,300,178,236,383,254,430,425,,279,,,b'\x11\xe8\xe1I\xe9\n\x8a\xf8\x9a\xbe\x12\xdf\x17\xaeN\x1e'
11E8E149-E90A-8AF8-9ABE-12DF17AE4E1E,2020-ncaa-d3-conf-UMAC,ncaa,8,8,6,8,9,9,9,9,7,7,4,7,9,9,9,9,9,9,7,9,9,9,9,8,8,8,9,9,5,7,7,8,4,7,6,7,5,7,9,7,9,8,8,8,,,1,5,,,8,9,8,9,9,9,9,6,3,9,9,9,9,9,9,9,7,7,7,7,8,9,8,,5,,,8,5,6,3,8,2,1,8,9,8,8,9,1,1,2,1,4,1,1,8,8,8,8,9,1,1,4,2,7,2,6,7,9,9,6,8,9,9,6,5,,,8,6,,,8,1,8,8,8,6,7,5,5,1,9,9,2,2,2,4,3,4,5,5,7,7,9,7,,8,,,b'\x11\xe8\xe1I\xe9\n\x8a\xf8\x9a\xbe\x12\xdf\x17\xaeN\x1e'
11E8E149-E90A-8AF8-9ABE-12DF17AE4E1E,2020-ncaa-d3-natl,ncaa,379,368,372,383,397,401,379,383,348,307,221,368,428,426,411,417,402,392,365,393,408,390,378,390,395,403,430,426,265,330,224,396,287,386,291,295,42,309,396,333,289,227,415,403,,,96,192,,,398,390,217,425,404,366,339,243,84,428,428,396,370,367,362,255,253,371,342,237,384,234,418,,192,,,402,205,245,76,401,165,34,418,372,356,331,417,72,77,134,76,237,61,50,408,400,396,299,387,61,99,287,56,224,59,291,373,403,335,269,388,397,414,248,251,,,346,231,,,398,53,401,378,405,350,353,256,286,79,404,404,138,154,152,228,200,204,173,184,396,261,413,320,,250,,,b'\x11\xe8\xe1I\xe9\n\x8a\xf8\x9a\xbe\x12\xdf\x17\xaeN\x1e'
11E8E149-E90A-8AF8-9ABE-12DF17AE4E1E,2021-ncaa-d3-conf-UMAC,ncaa,8,7,8,8,8,8,8,8,9,8,8,9,6,6,9,2,8,8,9,8,3,8,8,9,9,9,1,2,6,8,8,8,9,8,9,8,6,2,9,8,8,7,9,9,,,2,6,,,9,8,2,1,9,9,7,9,9,6,2,9,7,5,7,2,6,9,9,8,9,6,9,,6,,,9,3,3,2,9,3,2,9,4,5,5,8,2,2,5,2,6,2,2,9,9,9,3,5,4,3,9,4,8,4,9,4,7,8,8,8,3,9,6,9,,,8,9,,,9,2,9,9,9,9,8,8,8,6,9,9,6,6,6,8,8,7,9,9,9,6,9,7,,9,,,b'\x11\xe8\xe1I\xe9\n\x8a\xf8\x9a\xbe\x12\xdf\x17\xaeN\x1e'
11E8E149-E90A-8AF8-9ABE-12DF17AE4E1E,2021-ncaa-d3-natl,ncaa,251,214,193,251,195,217,218,198,275,223,209,269,192,157,266,46,216,200,277,197,124,199,194,274,276,275,78,69,151,195,247,206,249,204,263,210,103,117,248,259,193,193,253,282,,,98,155,,,277,195,74,82,274,272,181,273,240,188,68,255,195,192,189,103,165,235,229,242,248,169,282,,195,,,280,127,136,99,276,153,96,282,127,124,168,208,104,106,117,107,152,101,93,277,272,278,69,123,56,113,249,129,247,125,263,181,251,205,233,273,138,253,120,245,,,207,254,,,277,91,275,276,279,276,277,244,273,195,235,244,166,178,178,245,220,219,275,267,277,193,254,221,,242,,,b'\x11\xe8\xe1I\xe9\n\x8a\xf8\x9a\xbe\x12\xdf\x17\xaeN\x1e'
11E8E149-E90A-8AF8-9ABE-12DF17AE4E1E,2022-ncaa-d3-conf-UMAC,ncaa,7,7,5,7,5,6,6,3,7,6,3,7,4,4,4,4,8,8,4,8,8,4,5,6,7,6,5,1,8,6,5,8,6,7,6,6,6,2,2,6,5,5,8,8,,,5,6,,,6,5,3,5,6,6,1,6,3,4,2,8,8,8,1,2,3,8,7,6,3,5,8,,6,,,6,7,7,3,8,8,7,8,2,2,7,1,5,5,5,5,5,3,3,8,8,7,1,2,5,5,6,5,5,5,6,7,4,5,5,6,1,3,8,8,,,8,8,,,6,4,6,7,7,7,7,4,8,8,2,2,6,6,6,6,4,5,6,5,7,5,3,8,,8,,,b'\x11\xe8\xe1I\xe9\n\x8a\xf8\x9a\xbe\x12\xdf\x17\xaeN\x1e'
11E8E149-E90A-8AF8-9ABE-12DF17AE4E1E,2022-ncaa-d3-natl,ncaa,302,257,345,293,366,296,255,255,258,287,311,219,119,100,215,53,409,412,215,412,423,309,342,222,271,220,189,55,428,283,258,395,303,377,334,269,279,41,86,145,238,158,425,427,,,123,261,,,308,351,166,290,205,147,48,222,217,70,42,415,422,422,108,176,200,417,367,208,104,167,427,,261,,,313,212,272,61,424,337,134,415,63,22,378,26,149,109,341,120,171,57,66,416,415,398,21,37,137,67,303,123,258,102,334,296,270,286,198,329,41,99,383,416,,,408,420,,,308,78,225,377,316,362,375,187,397,327,118,36,265,238,252,192,204,155,307,252,360,199,104,424,,418,,,b'\x11\xe8\xe1I\xe9\n\x8a\xf8\x9a\xbe\x12\xdf\x17\xaeN\x1e'
11E8E149-E90A-8AF8-9ABE-12DF17AE4E1E,2023-ncaa-d3-conf-UMAC,ncaa,5,5,3,5,5,4,4,7,4,4,7,3,3,4,5,3,6,6,7,6,2,7,4,4,4,5,5,4,6,5,3,6,1,6,3,5,8,7,8,8,5,3,8,8,,,6,7,,,6,4,6,8,6,4,8,5,7,4,3,6,4,4,8,6,7,8,8,6,8,5,8,,6,,,6,5,5,3,5,4,4,5,5,3,8,4,6,7,5,7,7,3,3,6,6,6,7,5,6,1,1,1,3,1,3,6,7,5,4,6,6,6,3,6,,,6,7,,,6,5,6,6,6,5,5,2,4,3,5,4,7,6,6,2,3,1,1,1,5,7,6,4,,8,,,b'\x11\xe8\xe1I\xe9\n\x8a\xf8\x9a\xbe\x12\xdf\x17\xaeN\x1e'
11E8E149-E90A-8AF8-9ABE-12DF17AE4E1E,2023-ncaa-d3-natl,ncaa,248,171,397,228,407,347,346,400,161,373,416,62,157,153,209,23,380,373,337,374,81,400,402,112,141,205,69,38,348,393,216,413,61,409,122,354,310,97,313,305,353,227,422,423,,,56,286,,,281,403,260,404,250,251,330,321,406,76,51,340,309,310,342,318,350,416,405,297,274,268,427,,205,,,285,62,56,18,376,52,21,375,171,100,355,308,146,106,364,105,341,20,19,383,396,404,301,290,254,9,61,12,216,8,122,110,239,403,324,353,138,305,30,217,,,406,369,,,281,27,239,340,294,288,262,105,230,73,308,253,309,261,267,117,64,8,16,9,264,368,274,68,,389,,,b'\x11\xe8\xe1I\xe9\n\x8a\xf8\x9a\xbe\x12\xdf\x17\xaeN\x1e'
11E8E149-E90A-8AF8-9ABE-12DF17AE4E1E,2024-ncaa-d3-conf-UMAC,ncaa,7,7,4,7,4,7,7,4,7,7,7,6,2,1,7,1,7,6,6,6,1,5,5,7,7,7,1,3,4,6,7,7,7,7,7,7,6,3,5,7,4,4,8,8,,,4,4,,,7,4,6,2,7,7,6,7,7,2,1,7,6,6,6,5,6,8,7,7,3,4,8,,4,,,7,7,7,3,7,7,3,7,5,4,8,5,6,6,3,7,7,3,4,7,7,7,5,5,4,5,7,8,7,7,7,6,4,6,5,6,3,2,8,8,,,7,7,,,7,3,7,7,7,7,7,3,6,3,5,4,6,7,7,3,3,5,7,7,6,4,2,8,,7,,,b'\x11\xe8\xe1I\xe9\n\x8a\xf8\x9a\xbe\x12\xdf\x17\xaeN\x1e'
11E8E149-E90A-8AF8-9ABE-12DF17AE4E1E,2024-ncaa-d3-natl,ncaa,396,405,296,405,301,312,311,306,315,373,403,205,69,36,253,4,385,380,342,382,178,334,356,236,269,253,20,7,384,393,411,392,252,399,389,346,359,117,221,294,311,280,419,419,,,91,161,,,365,315,257,47,309,310,254,390,418,39,9,398,391,393,317,350,411,416,423,350,175,294,425,,138,,,368,330,334,122,414,305,88,416,366,265,395,334,165,140,316,150,254,117,88,419,417,411,229,312,99,73,252,211,411,123,389,237,107,350,323,347,116,205,391,425,,,398,393,,,365,107,319,396,371,368,368,212,340,138,383,323,221,190,205,194,138,86,294,201,276,348,159,406,,415,,,b'\x11\xe8\xe1I\xe9\n\x8a\xf8\x9a\xbe\x12\xdf\x17\xaeN\x1e'
11E8E149-E90A-8AF8-9ABE-12DF17AE4E1E,2025-ncaa-d3-conf-UMAC,genius_ncaa,7,7,3,7,5,7,7,6,7,7,7,7,4,4,5,2,7,7,8,7,5,7,6,6,6,7,3,1,8,7,7,3,6,7,7,6,1,7,7,7,7,7,8,8,,,4,4,,2,7,7,6,5,7,7,7,7,8,4,3,8,8,8,7,8,7,4,6,6,7,7,8,,3,,2,7,7,6,7,5,5,3,7,8,8,5,8,3,3,6,1,2,7,4,6,7,7,7,7,3,6,6,7,7,7,7,7,7,7,7,7,7,7,8,8,,,8,8,,3,7,3,7,7,7,7,7,7,5,2,7,8,2,2,2,7,4,6,7,7,7,8,6,8,,8,,4,b'\x11\xe8\xe1I\xe9\n\x8a\xf8\x9a\xbe\x12\xdf\x17\xaeN\x1e'
11E8E149-E90A-8AF8-9ABE-12DF17AE4E1E,2025-ncaa-d3-natl,genius_ncaa,359,384,192,367,248,368,359,311,378,375,374,358,191,94,343,25,405,389,405,389,312,331,324,358,374,371,80,29,389,381,398,257,201,343,349,364,312,252,322,356,332,336,410,410,,,101,116,,89,370,279,257,258,397,384,351,401,397,183,77,415,405,406,385,368,396,253,383,377,259,340,415,,91,,88,366,246,267,280,201,121,98,232,403,409,292,407,65,48,311,44,87,230,146,277,242,323,369,409,49,181,201,295,398,250,349,288,266,367,376,372,233,296,373,411,,,377,360,,209,370,148,382,306,366,266,274,307,143,100,395,404,63,44,40,255,151,176,304,264,281,386,242,373,,401,,207,b'\x11\xe8\xe1I\xe9\n\x8a\xf8\x9a\xbe\x12\xdf\x17\xaeN\x1e'
11E8E149-E90A-8AF8-9ABE-12DF17AE4E1E,2026-ncaa-d3-natl,genius_ncaa,345,366,116,375,139,252,267,147,370,300,223,346,145,69,322,68,249,241,278,236,238,163,187,354,364,317,109,93,235,239,337,232,237,240,328,280,268,164,121,238,239,270,409,413,,,193,144,,197,340,170,222,113,339,335,155,360,294,176,65,313,289,289,188,261,291,307,316,328,102,269,414,,135,,177,329,294,254,259,181,172,160,222,377,380,263,394,330,249,406,258,323,260,240,246,284,327,397,379,288,221,237,321,337,300,328,286,289,272,325,323,179,159,354,371,,,181,191,,123,340,244,322,308,335,287,221,239,108,71,383,391,332,224,236,244,177,184,345,295,274,328,143,355,,221,,138,b'\x11\xe8\xe1I\xe9\n\x8a\xf8\x9a\xbe\x12\xdf\x17\xaeN\x1e'
11E8E149-E90E-9C06-9ABE-12DF17AE4E1E,2018-ncaa-d3-conf-CCC,ncaa,6,6,5,6,7,8,8,6,9,8,7,9,9,4,10,4,5,4,10,4,2,5,4,9,9,10,5,8,3,3,6,8,7,8,8,6,2,9,8,7,1,1,7,6,,,9,10,,,6,7,4,7,9,9,6,8,8,9,3,6,3,3,5,4,3,10,6,6,9,1,7,,10,,,6,1,1,1,3,1,1,2,7,5,9,9,3,2,10,2,8,1,4,3,5,2,10,9,8,3,7,8,6,9,8,4,9,1,1,1,10,10,3,6,,,8,10,,,6,4,9,2,6,2,1,1,1,1,7,6,4,3,3,1,6,3,9,8,5,1,10,4,,8,,,b'\x11\xe8\xe1I\xe9\x0e\x9c\x06\x9a\xbe\x12\xdf\x17\xaeN\x1e'
11E8E149-E90E-9C06-9ABE-12DF17AE4E1E,2018-ncaa-d3-natl,ncaa,218,251,123,239,182,347,360,175,421,354,220,404,311,146,423,158,193,108,388,107,85,156,125,422,418,410,152,256,44,114,290,256,199,186,340,270,54,345,293,328,24,15,315,269,,,351,355,,,270,138,163,303,401,408,208,391,274,336,154,218,110,111,173,139,122,333,231,318,314,19,330,,340,,,266,70,50,95,63,31,51,97,269,320,126,394,197,164,346,172,321,93,271,91,109,26,405,368,320,166,199,433,290,394,340,140,348,28,15,29,417,393,279,289,,,137,195,,,270,298,404,24,269,50,28,40,22,22,235,292,160,125,130,43,216,143,417,350,125,21,389,266,,152,,,b'\x11\xe8\xe1I\xe9\x0e\x9c\x06\x9a\xbe\x12\xdf\x17\xaeN\x1e'
11E8E149-E90E-9C06-9ABE-12DF17AE4E1E,2019-ncaa-d3-conf-CCC,ncaa,4,5,2,5,2,4,4,2,8,3,3,5,4,2,9,5,3,3,4,3,4,3,3,8,6,4,4,7,2,5,7,8,8,6,8,7,8,5,2,7,1,1,7,7,,,9,7,,,5,1,2,5,4,4,2,3,4,6,2,3,4,4,2,2,5,9,8,7,4,1,7,,7,,,5,7,7,3,7,6,2,6,7,5,7,7,6,7,2,7,7,5,9,8,7,4,8,7,5,8,8,9,7,8,8,8,9,1,1,2,8,4,3,4,,,3,6,,,5,7,5,5,5,5,5,1,3,1,7,5,5,6,6,3,8,7,7,7,7,1,7,4,,4,,,b'\x11\xe8\xe1I\xe9\x0e\x9c\x06\x9a\xbe\x12\xdf\x17\xaeN\x1e'
11E8E149-E90E-9C06-9ABE-12DF17AE4E1E,2019-ncaa-d3-natl,ncaa,155,185,67,173,114,235,263,93,396,245,118,386,244,136,385,226,102,67,321,63,109,81,85,396,379,356,168,248,55,117,314,215,331,169,375,309,357,254,157,330,32,36,216,196,,,399,346,,,225,87,154,295,326,356,144,333,184,301,186,141,91,88,118,145,164,333,268,385,179,33,239,,363,,,223,210,157,216,135,153,176,160,252,301,159,288,340,384,69,378,390,264,363,144,153,70,339,256,343,361,331,437,314,424,375,209,248,32,33,51,327,260,270,218,,,115,217,,,225,352,349,86,229,120,95,91,105,84,194,233,281,337,332,125,283,304,407,388,140,28,268,227,,181,,,b'\x11\xe8\xe1I\xe9\x0e\x9c\x06\x9a\xbe\x12\xdf\x17\xaeN\x1e'
11E8E149-E90E-9C06-9ABE-12DF17AE4E1E,2020-ncaa-d3-conf-CCC,ncaa,6,6,4,6,5,8,8,6,9,9,9,9,3,2,9,1,7,5,9,6,1,6,5,9,9,8,2,2,3,7,7,9,8,8,9,7,4,8,8,8,5,6,7,7,,,3,2,,,8,4,4,4,9,9,7,9,9,3,1,7,5,6,7,6,7,9,9,9,8,4,7,,3,,,8,8,9,6,9,9,5,9,4,6,7,5,3,5,5,5,4,5,7,9,9,6,1,3,2,8,8,9,7,9,9,9,9,4,3,6,8,8,6,9,,,3,2,,,8,5,8,6,8,7,7,7,9,5,5,6,5,5,5,6,6,7,8,7,7,2,8,6,,2,,,b'\x11\xe8\xe1I\xe9\x0e\x9c\x06\x9a\xbe\x12\xdf\x17\xaeN\x1e'
11E8E149-E90E-9C06-9ABE-12DF17AE4E1E,2020-ncaa-d3-natl,ncaa,344,391,126,365,190,363,371,231,423,387,347,403,220,67,412,58,291,180,404,184,76,221,180,413,415,408,68,105,128,271,392,281,402,288,417,333,161,341,333,363,157,207,330,359,,,247,163,,,386,150,180,399,403,414,291,412,389,244,69,328,217,221,290,229,309,341,343,374,314,170,353,,241,,,374,331,354,319,309,362,282,348,264,301,161,259,167,250,35,255,209,314,352,303,247,215,111,208,113,408,402,427,392,430,417,407,409,93,132,300,323,312,347,392,,,120,113,,,386,292,409,284,375,273,311,269,319,246,247,277,154,226,234,263,317,382,417,417,380,107,303,333,,131,,,b'\x11\xe8\xe1I\xe9\x0e\x9c\x06\x9a\xbe\x12\xdf\x17\xaeN\x1e'
11E8E149-E90E-9C06-9ABE-12DF17AE4E1E,2021-ncaa-d3-conf-CCC,ncaa,6,6,5,6,5,5,5,5,6,5,5,6,5,5,3,4,5,5,5,5,4,5,5,6,6,6,2,2,3,5,5,5,5,5,5,5,4,3,6,6,4,5,4,4,,,3,6,,,6,5,1,4,6,6,6,6,4,5,4,6,4,4,6,4,6,3,4,6,6,3,4,,6,,,6,3,3,2,2,3,3,3,2,3,1,2,5,6,2,6,6,2,2,2,3,3,3,1,6,5,5,3,5,5,5,4,6,5,5,5,6,6,3,5,,,5,2,,,6,2,6,4,6,5,4,5,4,4,2,4,6,6,6,6,5,6,5,5,5,3,6,5,,3,,,b'\x11\xe8\xe1I\xe9\x0e\x9c\x06\x9a\xbe\x12\xdf\x17\xaeN\x1e'
11E8E149-E90E-9C06-9ABE-12DF17AE4E1E,2021-ncaa-d3-natl,ncaa,215,183,193,233,197,208,208,197,262,218,201,267,176,178,161,94,214,213,178,216,244,201,199,255,257,259,68,50,194,203,250,187,226,195,238,215,223,102,225,253,189,179,204,207,,,103,188,,,219,197,137,110,256,256,169,261,178,137,122,249,250,251,218,166,207,61,128,258,205,167,202,,217,,,226,93,87,92,51,91,92,85,85,111,41,173,120,128,63,128,218,97,91,49,56,83,160,111,217,146,226,116,250,124,238,98,211,200,191,177,126,244,103,192,,,203,187,,,219,89,260,130,229,128,110,205,123,159,109,216,212,239,238,224,201,254,264,266,168,170,240,181,,191,,,b'\x11\xe8\xe1I\xe9\x0e\x9c\x06\x9a\xbe\x12\xdf\x17\xaeN\x1e'
11E8E149-E90E-9C06-9ABE-12DF17AE4E1E,2022-ncaa-d3-conf-CCC,ncaa,10,10,7,10,7,9,9,10,9,10,10,9,3,2,4,1,9,7,9,7,1,10,10,9,9,9,1,1,2,10,10,10,10,10,10,9,6,9,9,9,9,9,9,9,,,1,1,,,10,8,4,4,9,9,10,10,10,2,2,9,6,6,10,10,10,10,10,9,9,9,9,,1,,,10,9,10,9,10,10,9,10,8,5,10,3,1,1,1,1,1,9,8,10,10,10,1,3,1,9,10,9,10,9,10,10,9,8,9,10,9,9,4,10,,,8,3,,,10,4,9,10,10,9,10,9,10,9,8,5,1,1,1,9,9,9,9,9,10,8,9,5,,7,,,b'\x11\xe8\xe1I\xe9\x0e\x9c\x06\x9a\xbe\x12\xdf\x17\xaeN\x1e'
11E8E149-E90E-9C06-9ABE-12DF17AE4E1E,2022-ncaa-d3-natl,ncaa,364,410,107,385,128,288,328,218,395,396,389,359,64,22,325,13,272,170,399,161,9,213,134,355,368,378,8,12,180,364,421,251,420,309,421,281,154,403,367,368,332,403,336,400,,,86,10,,,412,66,66,90,375,397,309,422,423,65,19,322,197,184,293,177,403,348,395,337,364,378,366,,30,,,403,422,428,422,410,428,424,401,314,289,278,103,59,117,6,120,11,419,405,396,350,365,6,103,10,426,420,417,421,425,421,428,408,169,318,412,411,387,254,399,,,138,192,,,412,364,393,394,401,407,420,415,423,419,275,246,25,73,77,406,405,417,413,418,428,208,387,218,,179,,,b'\x11\xe8\xe1I\xe9\x0e\x9c\x06\x9a\xbe\x12\xdf\x17\xaeN\x1e'
11E8E149-E90E-9C06-9ABE-12DF17AE4E1E,2023-ncaa-d3-conf-CCC,ncaa,9,9,9,9,9,9,9,9,8,10,10,5,2,2,4,2,6,7,3,7,1,9,9,6,5,7,1,2,2,9,8,9,8,9,9,9,5,8,9,9,5,4,9,8,,,9,10,,,8,8,2,7,9,9,9,10,10,2,2,3,5,4,9,7,9,9,9,9,9,4,9,,9,,,8,6,6,1,8,6,1,8,3,1,8,4,9,9,3,9,10,1,3,8,8,8,6,3,10,4,8,7,8,6,9,8,7,4,3,3,7,8,6,10,,,7,2,,,8,3,9,8,8,8,7,3,7,5,4,5,9,9,9,3,9,6,9,9,8,2,8,6,,3,,,b'\x11\xe8\xe1I\xe9\x0e\x9c\x06\x9a\xbe\x12\xdf\x17\xaeN\x1e'
11E8E149-E90E-9C06-9ABE-12DF17AE4E1E,2023-ncaa-d3-natl,ncaa,316,345,185,334,233,233,297,252,334,348,376,237,103,47,310,28,63,94,60,86,10,233,167,286,236,283,19,71,28,314,360,344,354,350,388,216,58,365,349,304,108,142,269,284,,,393,397,,,300,117,75,273,240,326,263,379,400,92,31,43,72,65,218,131,335,395,395,217,352,108,278,,403,,,293,320,272,134,366,322,220,335,114,72,311,66,395,398,175,399,390,191,313,342,363,228,188,60,385,295,354,358,360,347,388,366,388,42,40,168,358,333,363,421,,,80,68,,,300,303,310,245,291,311,272,127,318,232,122,64,397,402,402,213,337,282,357,339,351,27,347,370,,51,,,b'\x11\xe8\xe1I\xe9\x0e\x9c\x06\x9a\xbe\x12\xdf\x17\xaeN\x1e'
11E8E149-E90E-9C06-9ABE-12DF17AE4E1E,2024-ncaa-d3-conf-CCC,ncaa,9,8,7,9,8,9,8,9,7,8,9,7,6,3,8,2,8,8,3,8,3,9,6,7,7,9,4,4,5,9,10,8,8,9,8,8,3,9,9,9,4,3,7,7,,,8,9,,,9,6,2,3,9,8,9,8,9,4,2,7,7,7,8,2,9,8,9,7,9,3,7,,8,,,9,7,6,3,7,5,4,7,6,3,7,3,9,9,5,9,9,4,5,8,8,7,6,4,9,5,8,9,10,7,8,6,7,2,2,6,8,9,10,10,,,7,6,,,9,5,9,7,9,8,7,5,6,5,6,3,9,9,9,6,9,7,9,9,6,2,9,10,,5,,,b'\x11\xe8\xe1I\xe9\x0e\x9c\x06\x9a\xbe\x12\xdf\x17\xaeN\x1e'
11E8E149-E90E-9C06-9ABE-12DF17AE4E1E,2024-ncaa-d3-natl,ncaa,318,342,200,333,255,215,234,221,247,273,280,226,148,111,212,109,164,193,146,195,119,215,117,226,201,303,103,139,153,301,352,269,311,292,359,131,17,400,378,295,94,136,237,265,,,396,364,,,295,74,21,236,221,242,189,272,289,142,103,145,179,182,187,56,307,287,308,104,394,92,237,,412,,,293,343,302,201,344,334,297,299,137,79,340,39,391,404,145,403,356,265,348,316,332,228,171,59,353,292,311,349,352,337,359,363,371,40,47,150,366,332,371,378,,,119,160,,,295,349,329,216,288,345,311,235,338,321,143,69,403,413,412,302,385,293,350,342,353,20,361,369,,67,,,b'\x11\xe8\xe1I\xe9\x0e\x9c\x06\x9a\xbe\x12\xdf\x17\xaeN\x1e'
11E8E149-E90E-9C06-9ABE-12DF17AE4E1E,2025-ncaa-d3-conf-CNE,genius_ncaa,9,9,7,9,9,9,9,9,7,8,10,6,6,4,7,3,6,8,1,8,1,9,9,6,6,8,2,3,3,9,7,9,8,10,9,8,4,8,9,9,4,4,6,6,,,5,5,,4,8,9,4,6,9,9,9,8,10,4,3,4,6,7,9,7,9,9,10,8,9,4,6,,5,,5,8,5,7,2,8,7,3,7,4,2,9,3,5,5,10,5,5,2,2,8,8,8,6,8,4,5,8,4,7,4,9,5,4,4,4,6,9,9,9,9,,,8,7,,5,8,2,9,8,8,7,7,6,7,6,6,3,6,5,5,6,6,6,7,6,7,3,9,9,,7,,4,b'\x11\xe8\xe1I\xe9\x0e\x9c\x06\x9a\xbe\x12\xdf\x17\xaeN\x1e'
11E8E149-E90E-9C06-9ABE-12DF17AE4E1E,2025-ncaa-d3-natl,genius_ncaa,293,299,290,299,341,306,343,369,255,359,390,221,181,187,168,75,160,207,67,217,30,359,322,204,152,271,27,93,50,365,356,370,336,379,356,240,35,356,383,319,190,156,278,282,,,173,206,,122,308,291,173,396,293,348,399,370,402,137,139,107,155,168,384,268,375,389,403,215,371,142,259,,230,,138,309,196,202,87,342,222,167,264,173,56,392,97,226,147,408,145,173,83,134,327,354,264,175,170,220,229,336,122,356,147,356,255,275,118,81,178,326,353,258,387,,,193,70,,190,308,127,304,278,312,282,272,170,282,234,220,86,287,192,188,163,250,267,202,224,284,80,340,299,,115,,169,b'\x11\xe8\xe1I\xe9\x0e\x9c\x06\x9a\xbe\x12\xdf\x17\xaeN\x1e'
11E8E149-E90E-9C06-9ABE-12DF17AE4E1E,2026-ncaa-d3-conf-CNE,genius_ncaa,10,10,1,10,6,11,11,5,11,11,6,11,6,4,9,5,5,5,6,5,7,5,5,11,11,11,3,5,4,3,5,5,11,4,11,10,5,10,11,11,2,6,8,10,,,11,10,,4,9,5,8,11,11,11,10,11,10,8,7,9,10,9,10,9,6,9,8,11,10,5,10,,10,,4,9,8,9,8,6,10,10,6,4,5,5,1,10,9,7,8,4,8,9,6,6,6,2,1,8,11,11,10,5,10,11,6,1,2,5,3,9,10,4,4,,,4,7,,4,9,8,11,7,9,6,8,8,10,10,1,1,8,7,6,8,8,10,9,9,4,5,9,4,,8,,7,b'\x11\xe8\xe1I\xe9\x0e\x9c\x06\x9a\xbe\x12\xdf\x17\xaeN\x1e'
11E8E149-E90E-9C06-9ABE-12DF17AE4E1E,2026-ncaa-d3-natl,genius_ncaa,345,366,116,375,201,314,343,272,368,364,312,368,199,168,269,109,168,145,271,146,41,259,196,345,334,372,41,109,45,163,162,342,376,293,331,313,153,368,392,375,249,276,371,390,,,336,358,,75,380,203,298,373,381,399,398,407,395,231,207,184,181,182,387,287,190,409,381,356,373,284,392,,341,,69,369,307,301,189,394,330,237,380,176,108,324,54,342,328,299,324,309,211,234,391,398,358,117,75,287,279,376,215,162,243,331,213,59,121,113,140,353,370,151,231,,,111,64,,98,380,217,364,361,374,301,305,99,334,204,121,45,341,323,321,134,154,268,152,205,176,127,349,120,,113,,114,b'\x11\xe8\xe1I\xe9\x0e\x9c\x06\x9a\xbe\x12\xdf\x17\xaeN\x1e'
11E8E149-E913-073C-9ABE-12DF17AE4E1E,2018-ncaa-d3-conf-AMCC,ncaa,9,9,7,9,8,8,8,9,8,8,8,8,9,10,7,9,8,7,8,7,5,9,8,9,8,8,8,8,3,7,5,6,6,6,4,8,2,8,9,7,10,10,5,5,,,3,3,,,9,8,7,5,8,8,8,8,5,9,9,7,5,5,8,6,3,2,4,7,8,10,5,,3,,,9,8,9,9,5,5,6,7,8,7,9,6,8,7,7,7,6,8,3,9,7,10,8,7,7,8,6,3,5,6,4,10,10,10,10,10,7,9,6,10,,,6,4,,,9,2,8,10,9,10,9,9,6,7,9,10,8,8,8,9,6,9,5,7,10,10,8,8,,5,,,b'\x11\xe8\xe1I\xe9\x13\x07<\x9a\xbe\x12\xdf\x17\xaeN\x1e'
11E8E149-E913-073C-9ABE-12DF17AE4E1E,2018-ncaa-d3-natl,ncaa,364,394,197,381,249,311,323,227,371,277,170,364,338,301,375,314,190,113,379,115,124,197,145,380,383,380,259,329,82,86,104,194,385,134,257,222,61,374,347,309,285,340,227,274,,,145,74,,,390,190,132,243,344,347,194,301,151,342,301,179,83,83,156,89,58,145,70,220,375,291,214,,144,,,387,387,388,390,253,367,354,268,342,360,233,271,304,294,267,295,209,392,320,278,267,348,229,256,194,418,385,255,104,369,257,427,409,335,401,421,398,383,287,263,,,164,207,,,390,254,362,383,386,387,376,400,353,357,345,372,336,306,312,411,364,409,278,365,414,361,390,305,,126,,,b'\x11\xe8\xe1I\xe9\x13\x07<\x9a\xbe\x12\xdf\x17\xaeN\x1e'
11E8E149-E913-073C-9ABE-12DF17AE4E1E,2019-ncaa-d3-conf-AMCC,ncaa,8,6,7,8,7,6,6,5,6,6,7,4,5,5,7,5,4,5,1,5,5,5,6,4,4,4,5,5,6,4,4,5,10,5,7,5,4,2,1,3,10,10,4,3,,,4,4,,,6,6,4,1,3,4,2,5,4,4,3,2,2,2,3,3,2,3,3,3,3,10,3,,4,,,7,9,9,7,9,9,7,8,7,6,7,8,7,6,9,6,5,6,6,9,9,10,6,7,5,10,10,4,4,6,7,8,7,10,10,10,1,1,3,5,,,5,4,,,6,5,4,10,7,10,10,10,9,9,8,8,8,7,7,10,9,10,6,10,10,10,2,4,,2,,,b'\x11\xe8\xe1I\xe9\x13\x07<\x9a\xbe\x12\xdf\x17\xaeN\x1e'
11E8E149-E913-073C-9ABE-12DF17AE4E1E,2019-ncaa-d3-natl,ncaa,263,274,215,276,221,140,130,79,229,135,124,178,164,104,306,175,188,229,104,231,301,96,143,237,233,163,257,227,271,94,167,179,299,136,254,96,92,82,39,48,295,341,183,230,,,111,68,,,266,165,130,25,83,77,27,92,91,158,95,167,212,213,35,70,75,121,75,61,91,305,170,,117,,,264,407,411,378,346,396,351,348,340,320,273,247,263,198,397,206,137,371,296,335,339,389,152,222,131,349,299,332,167,349,254,423,380,345,396,422,140,107,70,48,,,268,342,,,266,266,138,399,270,404,401,401,393,379,340,337,270,213,218,404,354,354,349,361,417,357,153,65,,254,,,b'\x11\xe8\xe1I\xe9\x13\x07<\x9a\xbe\x12\xdf\x17\xaeN\x1e'
11E8E149-E913-073C-9ABE-12DF17AE4E1E,2020-ncaa-d3-conf-AMCC,ncaa,3,3,1,3,3,5,6,2,7,5,6,6,5,2,10,4,3,3,8,3,3,1,1,7,7,6,6,7,4,2,5,1,2,1,2,7,9,9,5,7,8,9,2,3,,,8,7,,,5,2,4,3,6,6,6,6,7,5,3,3,3,3,2,3,3,1,1,7,7,9,3,,7,,,5,4,5,11,1,7,11,2,3,10,1,7,7,7,9,7,6,10,10,1,1,1,2,3,7,6,2,9,5,6,2,6,5,7,9,7,3,2,7,6,,,1,2,,,5,10,6,2,5,2,3,7,5,8,3,6,6,6,6,9,7,5,7,6,3,10,3,7,,2,,,b'\x11\xe8\xe1I\xe9\x13\x07<\x9a\xbe\x12\xdf\x17\xaeN\x1e'
11E8E149-E913-073C-9ABE-12DF17AE4E1E,2020-ncaa-d3-natl,ncaa,101,111,65,109,83,135,159,61,301,133,91,232,203,90,387,195,56,40,226,41,105,48,51,318,296,259,221,287,82,51,96,20,54,19,67,190,264,242,129,223,164,220,48,83,,,310,212,,,143,63,150,119,192,227,87,185,149,252,130,76,56,57,58,89,64,23,17,230,180,212,58,,252,,,147,220,232,380,56,298,376,99,121,294,8,192,272,261,303,266,155,387,365,37,45,74,121,98,275,219,54,374,96,325,67,217,203,201,292,226,169,89,172,120,,,48,139,,,143,380,233,67,147,128,153,298,206,311,69,229,217,196,195,278,250,157,277,243,166,262,123,136,,77,,,b'\x11\xe8\xe1I\xe9\x13\x07<\x9a\xbe\x12\xdf\x17\xaeN\x1e'
11E8E149-E913-073C-9ABE-12DF17AE4E1E,2021-ncaa-d2-conf-ECC,ncaa,5,2,6,5,6,6,6,6,4,6,6,4,4,4,4,1,6,6,2,6,6,6,6,3,4,3,1,1,6,6,6,6,6,6,6,6,2,1,1,2,6,6,5,3,,,1,1,,,5,6,1,3,3,3,1,4,3,1,1,6,6,6,1,1,5,4,5,3,2,6,3,,4,,,6,2,2,1,6,2,1,5,2,1,6,2,1,1,1,1,4,1,1,6,6,6,2,4,1,2,6,1,6,2,6,3,3,6,6,6,1,4,3,5,,,6,5,,,5,1,4,6,6,6,6,6,6,6,6,6,4,6,6,6,6,6,6,6,6,4,4,5,,5,,,b'\x11\xe8\xe1I\xe9\x13\x07<\x9a\xbe\x12\xdf\x17\xaeN\x1e'
11E8E149-E913-073C-9ABE-12DF17AE4E1E,2021-ncaa-d2-natl,ncaa,190,66,202,179,205,204,201,198,207,209,201,210,177,180,145,39,211,212,112,212,218,200,202,192,201,184,56,29,209,203,169,209,221,207,221,193,36,17,45,62,207,155,146,47,,,24,81,,,185,202,56,121,160,144,23,175,89,49,26,210,218,217,53,77,81,183,150,77,50,120,39,,139,,,210,31,33,25,194,30,23,164,48,31,221,134,27,29,17,29,155,27,27,203,190,188,152,181,54,47,221,34,169,34,221,42,190,201,118,187,18,69,93,224,,,208,194,,,185,26,175,214,206,209,205,188,184,171,211,176,141,181,184,199,203,219,221,224,216,66,78,224,,179,,,b'\x11\xe8\xe1I\xe9\x13\x07<\x9a\xbe\x12\xdf\x17\xaeN\x1e'
11E8E149-E913-073C-9ABE-12DF17AE4E1E,2022-ncaa-d2-conf-ECC,ncaa,7,7,7,7,9,7,7,6,8,8,7,7,6,5,9,5,6,4,4,4,5,7,7,7,7,7,7,6,5,4,5,7,8,6,7,9,10,3,5,6,4,3,3,3,,,6,5,,,8,6,2,7,4,5,1,5,4,6,4,5,3,3,2,2,1,6,6,7,6,2,3,,7,,,8,8,8,5,9,9,8,8,7,3,10,3,4,7,1,7,5,5,4,9,9,9,4,5,3,5,8,6,5,6,7,4,2,7,7,6,4,5,6,7,,,2,3,,,8,3,7,9,8,9,9,8,9,9,8,4,6,9,9,8,7,7,8,8,5,6,7,7,,2,,,b'\x11\xe8\xe1I\xe9\x13\x07<\x9a\xbe\x12\xdf\x17\xaeN\x1e'
11E8E149-E913-073C-9ABE-12DF17AE4E1E,2022-ncaa-d2-natl,ncaa,215,107,291,185,291,286,283,287,253,284,283,251,239,234,200,101,285,291,140,291,233,290,291,237,238,218,106,95,197,220,131,283,227,278,202,262,125,15,137,162,214,93,123,43,,,15,86,,,201,292,83,224,177,180,49,202,110,103,66,197,204,208,68,75,65,105,70,151,169,78,37,,131,,,210,14,14,13,165,10,18,89,71,28,294,128,10,14,21,15,72,10,11,185,146,162,181,244,49,64,227,29,131,29,202,33,193,273,156,187,23,158,128,253,,,289,170,,,201,10,201,185,213,208,228,246,178,241,258,168,80,123,122,232,227,253,262,271,225,139,186,276,,123,,,b'\x11\xe8\xe1I\xe9\x13\x07<\x9a\xbe\x12\xdf\x17\xaeN\x1e'
11E8E149-E913-073C-9ABE-12DF17AE4E1E,2023-ncaa-d2-conf-ECC,ncaa,5,5,7,5,7,7,7,7,7,7,7,7,3,3,5,1,9,9,7,9,8,7,8,5,6,6,2,1,8,4,3,9,6,8,6,5,1,2,3,3,5,2,9,9,,,1,6,,,5,9,9,1,5,4,4,7,7,3,1,9,9,9,6,8,4,9,7,2,3,4,9,,2,,,5,1,2,1,7,3,1,5,4,2,8,6,1,1,7,1,3,1,1,8,7,7,6,7,4,2,6,4,3,3,6,2,2,8,5,2,2,5,8,9,,,8,5,,,5,1,5,7,5,3,4,1,4,3,6,2,4,3,4,1,1,3,4,3,2,8,5,8,,7,,,b'\x11\xe8\xe1I\xe9\x13\x07<\x9a\xbe\x12\xdf\x17\xaeN\x1e'
11E8E149-E913-073C-9ABE-12DF17AE4E1E,2023-ncaa-d2-natl,ncaa,152,162,148,162,166,245,219,172,265,222,155,273,163,156,173,128,288,288,169,288,291,202,218,253,271,247,185,95,280,103,104,233,155,197,170,123,22,73,130,82,170,119,250,243,,,35,94,,,220,243,287,146,269,247,157,240,147,160,145,291,294,294,232,248,89,259,207,96,102,171,253,,45,,,213,68,95,75,193,92,66,192,144,123,197,196,19,20,183,22,67,56,47,195,175,189,127,214,44,68,155,135,104,113,170,121,162,213,168,188,82,127,294,296,,,238,232,,,220,52,233,180,226,79,117,52,110,58,163,135,32,32,36,25,13,87,161,120,132,220,96,297,,261,,,b'\x11\xe8\xe1I\xe9\x13\x07<\x9a\xbe\x12\xdf\x17\xaeN\x1e'
11E8E149-E913-073C-9ABE-12DF17AE4E1E,2024-ncaa-d2-conf-ECC,ncaa,5,5,3,5,5,6,6,3,7,3,5,3,6,5,8,6,7,7,4,7,6,4,6,7,7,6,7,6,6,1,1,7,3,6,3,5,4,1,1,3,7,6,8,8,,,2,4,,,5,8,9,8,7,5,4,5,5,6,5,7,7,7,3,8,1,8,6,4,1,7,8,,2,,,5,4,3,1,7,2,2,6,8,6,9,8,2,2,4,2,6,1,1,8,8,7,9,8,2,1,3,3,1,2,3,2,1,6,4,3,2,2,9,9,,,6,5,,,5,2,4,6,5,4,5,1,2,1,8,7,3,3,3,1,1,1,4,2,3,7,2,9,,5,,,b'\x11\xe8\xe1I\xe9\x13\x07<\x9a\xbe\x12\xdf\x17\xaeN\x1e'
11E8E149-E913-073C-9ABE-12DF17AE4E1E,2024-ncaa-d2-natl,ncaa,201,212,172,208,182,206,200,172,241,202,183,210,180,134,234,120,217,236,93,231,217,184,209,233,229,199,144,146,161,99,89,236,178,190,162,148,54,65,105,101,161,113,233,227,,,22,35,,,191,235,274,78,216,212,146,202,164,178,123,206,229,224,176,204,82,256,189,125,92,153,241,,21,,,181,93,124,74,216,65,57,160,257,172,293,244,27,18,242,17,39,52,54,253,234,215,236,281,26,100,178,109,89,94,162,124,140,186,128,166,50,84,290,296,,,230,216,,,191,56,165,224,202,132,159,77,67,50,265,191,26,17,16,36,40,111,129,117,151,174,71,295,,237,,,b'\x11\xe8\xe1I\xe9\x13\x07<\x9a\xbe\x12\xdf\x17\xaeN\x1e'
11E8E149-E913-073C-9ABE-12DF17AE4E1E,2025-ncaa-d2-conf-ECC,genius_ncaa,5,4,5,4,6,6,6,8,4,9,9,4,2,3,1,1,9,9,4,9,8,8,9,2,4,3,1,1,9,9,9,5,3,8,7,5,3,1,2,2,9,8,9,9,,,1,1,,2,4,9,9,2,6,5,7,9,9,1,1,9,9,9,7,9,9,3,7,4,1,9,9,,1,,3,4,1,3,3,6,3,5,4,3,1,7,2,2,2,1,2,3,2,1,6,4,6,3,5,2,1,3,3,9,2,7,1,1,9,8,7,2,3,1,5,,,9,9,,6,4,1,4,6,4,4,6,6,4,8,3,2,2,3,3,5,1,3,5,5,2,9,3,1,,9,,6,b'\x11\xe8\xe1I\xe9\x13\x07<\x9a\xbe\x12\xdf\x17\xaeN\x1e'
11E8E149-E913-073C-9ABE-12DF17AE4E1E,2025-ncaa-d2-natl,genius_ncaa,187,159,230,183,235,264,241,255,205,282,290,197,83,88,104,15,294,294,105,294,297,279,283,146,185,186,51,12,298,268,249,187,145,232,198,126,22,50,170,73,278,271,232,234,,,8,7,,52,169,277,275,59,255,218,209,280,279,43,41,297,299,299,279,283,255,82,189,73,100,272,216,,6,,77,170,19,54,70,77,73,111,69,63,58,113,106,8,15,9,15,16,42,30,74,41,92,39,143,19,107,145,88,249,84,198,75,162,276,262,246,71,174,57,150,,,294,300,,271,169,26,206,127,168,65,120,186,153,221,97,107,9,27,26,123,54,182,192,174,147,266,123,77,,300,,273,b'\x11\xe8\xe1I\xe9\x13\x07<\x9a\xbe\x12\xdf\x17\xaeN\x1e'
11E8E149-E913-073C-9ABE-12DF17AE4E1E,2026-ncaa-d2-conf-ECC,genius_ncaa,1,1,1,1,3,1,1,5,1,7,7,2,1,3,1,2,4,7,2,7,3,6,4,1,1,1,2,2,8,7,5,1,6,3,3,1,4,5,6,1,8,8,5,5,,,3,3,,5,2,5,4,3,1,1,5,7,7,1,3,4,7,7,6,4,7,1,3,1,5,8,5,,3,,5,2,6,6,8,3,5,6,4,5,7,4,7,2,4,2,3,2,8,7,3,3,5,4,5,2,8,6,1,5,3,3,6,5,8,8,8,5,8,1,3,,,8,7,,5,2,3,1,5,2,6,6,8,5,6,5,7,2,4,3,8,7,8,1,3,6,8,5,1,,8,,5,b'\x11\xe8\xe1I\xe9\x13\x07<\x9a\xbe\x12\xdf\x17\xaeN\x1e'
11E8E149-E913-073C-9ABE-12DF17AE4E1E,2026-ncaa-d2-natl,genius_ncaa,107,144,59,135,84,115,97,128,64,163,188,99,22,57,14,26,274,281,116,278,292,161,151,26,53,88,68,7,298,231,249,51,132,112,162,38,24,187,206,72,266,290,82,109,,,90,39,,140,193,132,244,88,176,124,222,225,271,15,75,295,298,296,277,277,271,53,172,47,139,291,104,,27,,126,193,210,206,232,111,183,203,107,231,240,170,206,167,147,202,142,101,217,174,135,126,231,198,217,121,223,132,175,249,192,162,217,201,255,292,287,235,250,119,144,,,258,295,,260,193,167,123,241,198,168,162,228,133,163,217,226,124,107,104,202,82,198,101,143,201,292,208,91,,298,,278,b'\x11\xe8\xe1I\xe9\x13\x07<\x9a\xbe\x12\xdf\x17\xaeN\x1e'
11E8E149-E917-795C-9ABE-12DF17AE4E1E,2018-ncaa-d3-conf-SCAC,ncaa,8,7,7,8,7,8,8,7,7,7,6,7,8,8,7,6,7,5,8,5,2,7,7,7,7,8,3,6,4,4,4,6,5,6,5,6,3,7,7,8,8,8,6,6,,,4,5,,,8,7,4,3,8,8,6,6,5,6,6,6,5,5,6,5,4,4,4,5,8,8,5,,5,,,8,2,3,2,3,3,2,7,4,5,3,7,2,2,3,2,4,1,2,3,3,4,4,5,4,4,5,3,4,2,5,7,8,7,6,7,8,8,3,7,,,5,3,,,8,2,8,4,8,5,5,8,4,3,5,8,5,5,5,7,7,7,4,4,8,5,8,6,,4,,,b'\x11\xe8\xe1I\xe9\x17y\\\x9a\xbe\x12\xdf\x17\xaeN\x1e'
11E8E149-E917-795C-9ABE-12DF17AE4E1E,2018-ncaa-d3-natl,ncaa,346,279,412,333,421,400,406,412,364,394,379,373,377,379,298,312,300,240,373,244,76,403,396,370,366,384,187,279,49,308,177,386,325,384,255,361,90,294,405,374,378,344,318,243,,,93,230,,,339,403,93,273,357,376,313,340,226,316,317,156,68,70,244,95,155,182,159,278,410,303,258,,302,,,347,54,50,52,165,34,21,249,247,307,131,415,98,118,100,113,335,48,43,214,201,212,367,372,214,156,325,47,177,65,255,223,428,328,220,316,367,414,130,264,,,276,67,,,339,41,382,233,346,286,265,337,192,158,378,427,266,305,294,350,356,349,249,307,378,160,418,270,,36,,,b'\x11\xe8\xe1I\xe9\x17y\\\x9a\xbe\x12\xdf\x17\xaeN\x1e'
11E8E149-E917-795C-9ABE-12DF17AE4E1E,2019-ncaa-d3-conf-SCAC,ncaa,8,8,7,8,7,9,9,9,8,8,8,8,8,8,6,6,7,4,8,4,2,9,9,8,8,9,3,4,2,9,7,8,9,8,8,9,6,9,9,9,9,9,8,8,,,1,1,,,9,9,7,4,9,9,9,8,8,8,8,4,3,3,9,9,9,8,8,9,9,9,8,,1,,,9,7,8,7,8,8,8,8,6,3,8,3,2,1,8,1,1,6,4,8,8,8,1,5,1,9,9,3,7,4,8,9,8,9,9,9,9,9,7,8,,,8,2,,,9,1,9,8,9,8,8,9,8,9,8,5,2,2,2,8,6,9,4,8,9,9,9,8,,4,,,b'\x11\xe8\xe1I\xe9\x17y\\\x9a\xbe\x12\xdf\x17\xaeN\x1e'
11E8E149-E917-795C-9ABE-12DF17AE4E1E,2019-ncaa-d3-natl,ncaa,424,399,407,429,414,428,430,434,413,434,436,407,373,353,366,109,380,353,396,346,14,434,422,408,399,419,43,125,32,422,372,420,406,426,393,420,208,327,433,430,424,412,419,416,,,15,39,,,427,420,302,253,429,434,438,434,435,322,259,301,205,197,433,382,399,390,417,418,421,413,408,,32,,,426,112,213,65,411,236,105,389,187,91,398,219,23,17,269,18,33,44,31,405,375,415,66,253,24,203,406,30,372,50,393,366,419,424,399,432,356,428,270,439,,,387,133,,,427,25,422,422,428,387,415,386,410,376,359,277,65,57,57,344,237,380,198,298,426,395,419,387,,232,,,b'\x11\xe8\xe1I\xe9\x17y\\\x9a\xbe\x12\xdf\x17\xaeN\x1e'
11E8E149-E917-795C-9ABE-12DF17AE4E1E,2020-ncaa-d3-conf-SCAC,ncaa,10,10,7,10,9,10,10,9,10,9,9,10,9,8,9,6,5,5,6,5,1,8,9,10,10,10,2,6,1,9,8,10,10,9,9,10,5,8,8,9,8,8,9,9,,,1,2,,,10,10,8,5,10,10,9,9,9,8,8,5,4,4,8,9,8,9,9,10,8,7,9,,3,,,10,9,10,5,9,10,3,10,8,8,5,9,1,2,4,2,2,4,3,9,9,8,3,7,1,10,10,2,8,8,9,10,10,7,7,9,8,8,7,10,,,3,1,,,10,2,10,10,10,10,10,9,10,6,8,8,3,2,2,9,8,10,6,10,10,6,8,9,,2,,,b'\x11\xe8\xe1I\xe9\x17y\\\x9a\xbe\x12\xdf\x17\xaeN\x1e'
11E8E149-E917-795C-9ABE-12DF17AE4E1E,2020-ncaa-d3-natl,ncaa,418,409,398,422,409,419,422,419,414,428,417,416,362,357,350,178,353,341,325,332,64,418,411,411,403,415,59,156,26,418,401,400,378,411,391,410,162,341,423,417,411,402,422,423,,,31,62,,,423,405,216,282,423,426,422,423,402,322,275,274,241,229,423,326,399,321,384,413,413,397,425,,77,,,423,221,321,130,407,263,71,414,359,320,350,393,23,35,28,34,89,83,41,410,388,414,168,373,17,244,378,93,401,144,391,375,364,412,387,421,356,417,159,357,,,273,36,,,423,34,418,416,424,398,410,380,393,259,416,411,56,92,95,361,282,356,300,339,414,382,405,253,,82,,,b'\x11\xe8\xe1I\xe9\x17y\\\x9a\xbe\x12\xdf\x17\xaeN\x1e'
11E8E149-E917-795C-9ABE-12DF17AE4E1E,2021-ncaa-d3-conf-SCAC,ncaa,6,7,5,7,6,6,6,6,8,8,6,9,2,4,1,5,4,4,8,4,2,6,5,4,4,8,1,1,3,5,5,6,9,6,7,5,1,8,9,8,6,7,3,4,,,8,7,,,7,5,2,8,6,8,9,9,9,2,6,3,2,2,7,2,5,4,4,5,9,5,2,,9,,,8,7,8,7,4,8,8,4,3,4,4,3,7,8,4,8,7,7,6,3,4,4,4,4,6,9,9,4,5,7,7,7,7,3,5,6,9,9,9,9,,,4,3,,,7,5,8,7,7,8,7,9,7,9,5,5,8,8,8,9,9,9,4,8,9,4,9,9,,2,,,b'\x11\xe8\xe1I\xe9\x17y\\\x9a\xbe\x12\xdf\x17\xaeN\x1e'
11E8E149-E917-795C-9ABE-12DF17AE4E1E,2021-ncaa-d3-natl,ncaa,128,183,112,164,130,127,140,133,189,161,137,247,72,111,22,124,108,87,222,86,47,129,112,146,154,190,20,33,88,127,191,102,235,112,205,121,65,221,245,206,156,245,89,124,,,194,172,,,226,106,42,110,159,198,195,244,192,50,125,104,57,57,152,73,159,58,100,132,255,212,77,,239,,,207,196,193,199,128,197,211,100,170,164,175,92,192,202,94,204,151,200,193,117,116,154,127,122,158,239,235,186,191,203,205,208,195,136,218,212,246,259,250,277,,,114,133,,,226,181,197,193,198,229,213,255,210,262,189,164,215,234,230,261,261,257,198,244,226,157,260,270,,101,,,b'\x11\xe8\xe1I\xe9\x17y\\\x9a\xbe\x12\xdf\x17\xaeN\x1e'
11E8E149-E917-795C-9ABE-12DF17AE4E1E,2022-ncaa-d3-conf-SCAC,ncaa,8,9,6,9,6,6,7,6,9,9,8,9,6,7,6,4,3,2,8,2,1,6,6,7,7,7,1,3,2,8,8,8,8,8,9,6,6,3,5,6,6,6,5,5,,,8,7,,,9,5,3,1,6,7,4,9,8,5,5,1,1,1,4,4,8,6,8,6,4,6,3,,8,,,9,8,8,4,8,8,5,8,4,3,8,2,8,8,6,8,7,5,5,8,8,9,3,1,7,5,8,6,8,6,9,8,4,6,6,6,8,7,4,5,,,4,3,,,9,5,7,9,8,9,9,7,9,8,6,3,9,9,8,8,7,6,9,9,8,6,7,5,,3,,,b'\x11\xe8\xe1I\xe9\x17y\\\x9a\xbe\x12\xdf\x17\xaeN\x1e'
11E8E149-E917-795C-9ABE-12DF17AE4E1E,2022-ncaa-d3-natl,ncaa,364,385,250,375,268,265,328,243,386,342,278,385,198,117,343,130,57,28,294,28,10,201,220,380,352,325,46,166,12,276,343,305,328,298,366,334,298,167,172,324,284,326,180,189,,,386,390,,,368,192,59,147,279,359,159,373,273,194,93,26,8,8,89,98,259,310,297,348,213,282,153,,410,,,355,359,309,246,306,314,238,323,219,232,188,172,413,412,254,411,394,297,245,292,334,348,255,126,385,270,328,350,343,333,366,329,263,256,309,322,271,260,195,253,,,85,54,,,368,241,341,342,354,379,341,326,343,305,241,265,420,420,419,377,365,306,388,362,335,241,292,218,,26,,,b'\x11\xe8\xe1I\xe9\x17y\\\x9a\xbe\x12\xdf\x17\xaeN\x1e'
11E8E149-E917-795C-9ABE-12DF17AE4E1E,2023-ncaa-d3-conf-SCAC,ncaa,5,6,5,5,5,5,5,5,5,5,7,5,5,7,4,7,2,2,4,3,2,5,5,5,5,5,3,6,2,7,7,3,4,5,5,5,7,8,8,6,7,7,2,2,,,7,8,,,5,5,6,3,5,6,7,6,7,4,8,3,3,3,7,6,7,3,6,6,7,8,2,,8,,,5,6,4,6,4,7,9,2,3,1,7,1,9,9,8,9,6,8,6,2,3,6,6,1,8,7,4,4,7,4,5,6,6,6,7,6,8,7,4,5,,,3,1,,,5,5,5,6,5,5,4,4,5,9,3,1,8,8,8,7,4,4,3,4,4,7,6,4,,3,,,b'\x11\xe8\xe1I\xe9\x17y\\\x9a\xbe\x12\xdf\x17\xaeN\x1e'
11E8E149-E917-795C-9ABE-12DF17AE4E1E,2023-ncaa-d3-natl,ncaa,228,223,271,237,290,233,270,328,189,291,310,244,167,247,51,231,72,67,209,69,28,287,254,161,133,229,73,169,38,252,210,234,228,255,199,269,211,346,360,323,274,290,68,69,,,359,393,,,236,243,122,152,179,266,316,281,291,153,230,35,34,35,252,144,220,150,195,249,358,253,53,,396,,,239,210,105,139,118,110,226,54,156,77,370,68,411,399,400,398,387,196,199,119,232,224,374,147,420,220,228,103,210,133,199,160,251,201,211,184,381,378,220,286,,,151,85,,,236,194,238,237,233,281,159,225,166,294,190,97,419,408,407,304,300,254,149,197,210,164,378,259,,65,,,b'\x11\xe8\xe1I\xe9\x17y\\\x9a\xbe\x12\xdf\x17\xaeN\x1e'
11E8E149-E917-795C-9ABE-12DF17AE4E1E,2024-ncaa-d3-conf-SCAC,ncaa,5,5,4,5,6,5,5,5,5,3,2,5,7,7,7,9,9,8,9,8,9,5,5,6,7,5,9,9,8,6,7,3,5,5,7,5,6,4,3,4,7,7,2,2,,,4,4,,,5,4,3,8,5,5,2,3,2,7,7,9,8,7,3,4,5,3,4,4,3,7,1,,5,,,5,6,6,6,5,8,8,5,2,5,3,1,8,8,6,7,5,6,6,4,4,5,3,2,7,5,5,9,7,8,7,5,4,6,7,5,6,4,5,3,,,6,7,,,5,6,5,5,5,5,6,7,6,9,3,5,7,7,6,7,7,5,8,8,4,5,6,6,,7,,,b'\x11\xe8\xe1I\xe9\x17y\\\x9a\xbe\x12\xdf\x17\xaeN\x1e'
11E8E149-E917-795C-9ABE-12DF17AE4E1E,2024-ncaa-d3-natl,ncaa,184,206,112,192,143,191,189,111,290,179,108,287,220,178,290,254,156,115,326,115,193,103,106,298,309,274,242,251,168,124,241,109,197,107,250,194,209,252,189,222,256,304,63,72,,,388,368,,,233,108,129,152,234,224,103,197,114,241,203,182,127,128,96,106,125,105,99,213,226,283,64,,377,,,232,278,184,273,104,206,264,118,180,243,105,177,416,411,320,411,394,321,319,96,159,173,331,136,411,278,197,389,241,371,250,163,143,160,214,129,312,255,200,138,,,83,123,,,233,321,267,176,232,231,145,225,174,216,161,212,411,408,407,289,289,247,372,336,139,178,291,184,,76,,,b'\x11\xe8\xe1I\xe9\x17y\\\x9a\xbe\x12\xdf\x17\xaeN\x1e'
11E8E149-E917-795C-9ABE-12DF17AE4E1E,2025-ncaa-d3-conf-SCAC,genius_ncaa,11,11,7,11,8,9,10,8,11,11,8,11,7,8,4,5,10,11,7,11,10,9,7,9,10,11,1,2,8,10,12,8,12,10,12,9,5,11,10,10,11,12,6,7,,,7,6,,7,11,6,3,8,9,10,4,12,7,6,6,10,10,10,6,5,10,8,10,9,11,11,6,,9,,8,11,11,11,10,9,12,9,10,9,10,6,7,7,11,1,11,8,10,10,9,9,10,6,6,4,12,12,10,12,11,12,12,10,9,12,12,12,12,8,9,,,9,9,,4,11,8,11,11,11,11,12,12,12,11,9,11,8,10,10,12,12,12,12,12,12,10,12,8,,8,,3,b'\x11\xe8\xe1I\xe9\x17y\\\x9a\xbe\x12\xdf\x17\xaeN\x1e'
11E8E149-E917-795C-9ABE-12DF17AE4E1E,2025-ncaa-d3-natl,genius_ncaa,370,384,290,381,320,276,298,247,330,338,289,359,122,132,139,97,229,252,134,265,188,257,240,292,280,282,35,51,163,252,285,349,387,321,371,249,133,236,263,258,392,405,272,285,,,242,221,,272,373,236,100,215,237,280,132,342,264,84,85,176,215,226,149,125,218,344,301,223,276,399,248,,318,,300,374,402,399,328,399,377,221,400,391,368,371,328,283,341,45,342,324,343,249,402,400,412,245,314,131,366,387,276,285,331,371,409,379,371,396,414,344,345,316,358,,,203,169,,109,373,184,290,411,371,401,400,384,386,313,397,382,337,377,379,390,346,370,332,357,405,365,353,347,,124,,89,b'\x11\xe8\xe1I\xe9\x17y\\\x9a\xbe\x12\xdf\x17\xaeN\x1e'
11E8E149-E920-658A-9ABE-12DF17AE4E1E,2018-ncaa-d3-conf-NCAC,ncaa,1,1,3,1,4,1,1,6,1,1,2,1,4,7,1,8,2,3,1,3,3,4,5,1,1,1,5,7,3,2,1,3,1,3,1,5,8,2,2,4,6,4,7,5,,,3,6,,,1,7,8,4,1,1,6,1,3,4,8,1,3,3,3,7,3,3,2,5,1,6,8,,2,,,1,1,2,2,3,1,1,2,3,6,3,9,2,2,6,2,2,1,2,3,3,3,6,6,3,1,1,1,1,1,1,2,5,1,1,2,1,1,2,2,,,3,3,,,1,4,1,1,1,1,2,1,1,1,3,5,2,2,2,1,1,1,1,1,2,3,1,3,,3,,,b'\x11\xe8\xe1I\xe9 e\x8a\x9a\xbe\x12\xdf\x17\xaeN\x1e'
11E8E149-E920-658A-9ABE-12DF17AE4E1E,2018-ncaa-d3-natl,ncaa,14,7,43,12,56,66,72,128,44,62,87,82,192,302,40,352,42,116,5,107,234,117,184,67,39,19,279,317,125,70,13,125,5,85,4,228,423,36,15,94,292,263,279,275,,,78,94,,,20,245,437,246,105,118,302,95,168,249,361,65,188,178,279,414,121,275,194,332,4,368,325,,20,,,22,82,139,172,158,148,139,197,230,290,128,362,30,21,301,18,20,107,119,169,116,131,145,335,28,15,5,32,13,17,4,104,106,227,180,158,20,15,287,179,,,127,112,,,20,205,9,76,12,19,51,31,58,34,155,179,5,4,4,12,5,2,2,1,52,359,7,218,,282,,,b'\x11\xe8\xe1I\xe9 e\x8a\x9a\xbe\x12\xdf\x17\xaeN\x1e'
11E8E149-E920-658A-9ABE-12DF17AE4E1E,2019-ncaa-d3-conf-NCAC,ncaa,1,1,1,1,2,1,1,2,2,1,1,2,5,8,2,9,1,1,5,1,4,1,2,2,2,1,9,9,4,1,1,1,1,1,1,5,9,2,1,4,6,6,2,2,,,2,1,,,1,3,9,5,1,1,6,1,1,7,8,1,2,2,2,6,2,3,1,7,1,7,2,,1,,,1,2,3,9,2,4,7,1,3,7,2,6,1,1,2,1,1,5,5,2,2,1,4,6,1,3,1,1,1,1,1,2,2,5,6,2,1,1,7,6,,,1,1,,,1,7,1,1,1,1,1,3,2,5,3,5,1,1,1,1,1,2,1,1,2,8,1,6,,2,,,b'\x11\xe8\xe1I\xe9 e\x8a\x9a\xbe\x12\xdf\x17\xaeN\x1e'
11E8E149-E920-658A-9ABE-12DF17AE4E1E,2019-ncaa-d3-natl,ncaa,15,29,8,26,16,34,35,44,50,34,47,89,102,186,28,308,42,59,122,68,218,42,75,47,47,25,261,243,242,35,21,31,25,25,13,172,420,71,16,101,287,327,202,247,,,200,160,,,24,116,437,295,109,107,283,105,177,187,332,152,181,196,262,407,99,207,123,331,6,392,285,,39,,,34,197,273,376,112,266,336,127,268,350,102,299,66,71,194,69,40,346,285,104,71,140,137,281,56,136,25,114,21,119,13,126,51,280,343,211,56,16,303,159,,,49,89,,,24,314,10,113,25,28,62,63,89,86,116,168,18,14,13,28,6,24,7,10,31,417,9,171,,208,,,b'\x11\xe8\xe1I\xe9 e\x8a\x9a\xbe\x12\xdf\x17\xaeN\x1e'
11E8E149-E920-658A-9ABE-12DF17AE4E1E,2020-ncaa-d3-conf-NCAC,ncaa,1,1,1,1,1,1,1,2,1,1,2,1,3,4,1,6,1,1,6,1,2,1,1,1,1,1,5,6,3,1,1,1,1,1,1,2,6,4,2,2,6,5,5,5,,,4,4,,,1,2,8,7,1,1,6,1,7,5,6,2,2,3,4,5,2,1,1,3,2,8,5,,2,,,1,1,2,5,2,2,3,2,6,9,3,9,1,1,3,1,2,4,4,2,1,1,8,9,5,1,1,1,1,1,1,4,5,3,3,2,1,1,3,3,,,1,1,,,1,8,1,1,1,1,2,2,2,1,3,5,1,1,1,1,1,1,1,1,1,6,1,3,,1,,,b'\x11\xe8\xe1I\xe9 e\x8a\x9a\xbe\x12\xdf\x17\xaeN\x1e'
11E8E149-E920-658A-9ABE-12DF17AE4E1E,2020-ncaa-d3-natl,ncaa,2,4,2,4,4,28,41,60,62,48,68,78,96,128,83,259,21,20,125,19,79,40,44,65,52,47,198,233,123,31,9,25,4,17,2,103,295,228,100,119,238,280,285,300,,,284,239,,,23,66,428,111,122,149,306,154,264,183,264,75,90,95,268,348,82,160,96,203,65,351,345,,78,,,30,203,212,326,100,150,269,78,334,323,289,295,153,149,230,137,113,288,301,122,114,131,311,350,146,44,4,82,9,46,2,223,222,176,218,203,71,19,118,61,,,9,20,,,23,370,14,72,24,20,36,29,33,45,197,140,45,38,34,14,3,7,7,1,96,348,17,54,,60,,,b'\x11\xe8\xe1I\xe9 e\x8a\x9a\xbe\x12\xdf\x17\xaeN\x1e'
11E8E149-E920-658A-9ABE-12DF17AE4E1E,2021-ncaa-d3-conf-NCAC,ncaa,2,1,5,1,5,5,5,5,3,5,5,3,4,5,3,3,3,3,2,3,1,5,5,3,3,3,1,2,1,4,1,5,1,5,1,5,3,2,3,3,5,4,3,2,,,2,4,,,2,5,6,4,4,6,5,6,5,2,2,1,1,2,5,5,2,4,3,4,2,5,2,,1,,,2,2,1,2,1,1,2,1,2,2,4,5,2,2,6,2,2,2,2,1,3,2,6,6,5,1,1,1,1,1,1,2,5,5,2,2,2,3,5,6,,,5,1,,,2,2,2,1,2,1,1,1,1,1,2,2,1,1,1,1,1,1,1,1,1,6,2,6,,2,,,b'\x11\xe8\xe1I\xe9 e\x8a\x9a\xbe\x12\xdf\x17\xaeN\x1e'
11E8E149-E920-658A-9ABE-12DF17AE4E1E,2021-ncaa-d3-natl,ncaa,50,28,146,35,160,147,145,172,96,146,168,99,117,134,92,111,148,156,100,156,135,170,176,89,86,85,111,104,155,98,9,177,15,157,7,151,177,98,106,104,124,48,147,95,,,99,148,,,32,184,279,110,142,137,212,157,204,101,136,150,172,179,223,253,48,227,145,155,62,123,153,,47,,,27,76,76,89,27,77,88,34,78,89,45,156,104,85,280,81,88,87,96,24,36,23,178,121,228,70,15,82,9,80,7,74,143,137,27,24,99,83,120,156,,,148,76,,,32,101,52,16,21,7,3,4,6,6,26,38,62,25,22,2,2,5,8,3,17,103,63,133,,138,,,b'\x11\xe8\xe1I\xe9 e\x8a\x9a\xbe\x12\xdf\x17\xaeN\x1e'
11E8E149-E920-658A-9ABE-12DF17AE4E1E,2022-ncaa-d3-conf-NCAC,ncaa,1,1,3,1,7,2,3,4,2,3,3,3,3,6,1,6,1,1,1,1,1,3,5,2,1,1,4,5,2,1,1,1,1,1,1,3,4,1,2,2,5,5,3,1,,,3,5,,,1,7,9,9,1,1,3,2,2,3,6,1,1,1,1,4,1,1,1,3,2,5,2,,3,,,1,1,1,1,1,1,1,1,1,8,1,9,1,1,1,1,2,1,1,1,1,1,6,8,3,1,1,1,1,1,1,1,5,6,3,2,1,1,7,7,,,1,1,,,1,3,1,1,1,1,1,2,1,1,1,9,1,1,1,1,1,1,1,1,1,5,1,7,,1,,,b'\x11\xe8\xe1I\xe9 e\x8a\x9a\xbe\x12\xdf\x17\xaeN\x1e'
11E8E149-E920-658A-9ABE-12DF17AE4E1E,2022-ncaa-d3-natl,ncaa,18,21,32,22,47,33,49,75,53,42,46,104,104,214,9,327,6,20,34,22,144,63,83,57,36,26,210,263,98,13,3,30,10,15,1,89,273,131,58,78,162,175,58,54,,,337,338,,,8,139,403,227,51,79,213,76,124,174,316,25,69,72,176,291,37,43,25,155,44,241,72,,206,,,10,87,78,280,14,91,244,24,159,302,24,288,156,107,367,99,86,253,235,13,12,28,262,245,253,77,10,80,3,70,1,105,172,186,214,107,36,8,369,263,,,12,32,,,8,299,7,19,6,6,11,62,23,67,65,177,61,26,24,36,17,21,4,3,34,295,7,307,,58,,,b'\x11\xe8\xe1I\xe9 e\x8a\x9a\xbe\x12\xdf\x17\xaeN\x1e'
11E8E149-E920-658A-9ABE-12DF17AE4E1E,2023-ncaa-d3-conf-NCAC,ncaa,1,1,3,1,3,3,3,4,2,4,5,2,1,3,1,3,2,1,4,1,2,4,4,1,1,2,2,2,4,3,1,3,1,2,1,4,6,2,2,4,3,3,3,3,,,2,5,,,2,6,8,1,2,2,5,5,6,1,2,1,1,1,5,7,3,3,2,4,2,4,4,,2,,,2,2,2,1,3,2,2,3,5,4,6,5,2,2,7,2,3,2,2,3,2,3,6,6,4,1,1,1,1,1,1,2,5,5,3,3,2,2,1,1,,,1,1,,,2,3,1,3,2,2,2,2,2,2,4,5,3,2,2,2,1,1,1,1,3,5,2,1,,1,,,b'\x11\xe8\xe1I\xe9 e\x8a\x9a\xbe\x12\xdf\x17\xaeN\x1e'
11E8E149-E920-658A-9ABE-12DF17AE4E1E,2023-ncaa-d3-natl,ncaa,67,85,63,81,79,77,78,124,53,123,145,120,64,167,5,219,133,193,44,195,243,136,190,34,35,26,146,118,286,96,46,152,48,123,29,202,371,78,66,126,241,221,97,98,,,216,277,,,55,239,405,112,95,96,227,160,224,78,219,176,270,267,250,356,133,272,204,261,41,291,116,,139,,,58,181,189,171,221,180,206,159,242,172,363,196,203,147,379,148,146,152,139,228,239,257,254,279,192,51,48,85,46,54,29,69,34,278,267,156,32,20,68,45,,,124,111,,,55,184,17,196,55,87,106,55,102,105,186,98,121,82,82,45,15,27,23,18,39,362,12,36,,203,,,b'\x11\xe8\xe1I\xe9 e\x8a\x9a\xbe\x12\xdf\x17\xaeN\x1e'
11E8E149-E920-658A-9ABE-12DF17AE4E1E,2024-ncaa-d3-conf-NCAC,ncaa,1,1,1,1,1,2,3,2,4,3,3,4,2,1,3,4,1,1,2,1,1,2,2,3,2,3,2,5,1,2,2,1,2,1,2,3,3,5,3,5,4,4,2,2,,,7,5,,,3,2,6,3,3,4,4,4,5,3,4,1,1,1,3,4,2,3,1,4,4,5,3,,5,,,3,2,3,8,2,5,8,3,2,7,1,5,6,7,4,6,4,8,8,2,2,2,4,1,6,3,2,3,2,3,2,2,1,2,3,2,3,2,2,2,,,1,1,,,3,7,3,3,3,1,2,2,3,2,1,3,3,4,4,2,2,2,1,2,1,5,2,1,,1,,,b'\x11\xe8\xe1I\xe9 e\x8a\x9a\xbe\x12\xdf\x17\xaeN\x1e'
11E8E149-E920-658A-9ABE-12DF17AE4E1E,2024-ncaa-d3-natl,ncaa,42,87,8,75,13,36,56,53,108,78,61,164,79,124,30,256,18,23,52,24,122,44,61,106,81,68,157,196,111,34,41,56,77,37,43,65,160,198,74,75,119,166,68,100,,,343,280,,,65,67,392,244,121,162,238,177,197,160,257,64,123,127,211,324,104,258,170,149,54,243,120,,162,,,82,323,314,347,187,325,339,235,206,301,78,210,299,297,261,280,204,350,340,168,177,205,162,139,241,187,77,245,41,221,43,253,168,159,238,213,146,66,238,130,,,17,67,,,65,358,41,161,70,82,99,61,140,96,81,114,154,135,127,51,30,53,27,29,111,317,53,132,,139,,,b'\x11\xe8\xe1I\xe9 e\x8a\x9a\xbe\x12\xdf\x17\xaeN\x1e'
11E8E149-E920-658A-9ABE-12DF17AE4E1E,2025-ncaa-d3-conf-NCAC,genius_ncaa,1,2,2,2,3,3,3,1,4,4,2,6,2,3,1,4,1,1,2,1,3,1,3,4,4,2,3,3,1,1,1,2,1,1,1,3,6,1,1,2,6,3,5,6,,,3,3,,5,2,4,8,8,2,2,2,3,2,2,2,1,1,1,2,3,1,2,1,5,1,6,6,,1,,4,2,2,2,2,1,3,3,3,2,2,2,6,1,1,8,1,2,2,2,1,1,2,5,6,4,1,1,2,1,2,1,4,5,3,2,3,1,1,4,2,,,1,1,,6,2,4,2,2,2,2,2,2,3,2,2,2,1,1,1,2,1,1,2,2,2,3,1,3,,1,,7,b'\x11\xe8\xe1I\xe9 e\x8a\x9a\xbe\x12\xdf\x17\xaeN\x1e'
11E8E149-E920-658A-9ABE-12DF17AE4E1E,2025-ncaa-d3-natl,genius_ncaa,57,56,55,61,114,88,85,127,54,103,138,109,85,176,16,230,108,175,32,169,219,134,195,47,43,26,173,163,247,56,8,221,10,124,6,103,226,21,15,27,155,94,250,198,,,72,120,,201,33,292,418,395,85,96,204,138,197,102,228,132,231,217,209,364,62,340,187,129,7,201,281,,21,,182,30,65,90,65,222,75,57,217,242,206,288,350,59,24,418,21,65,44,69,252,263,171,276,346,117,8,10,34,8,17,6,143,243,142,72,136,6,13,72,54,,,193,194,,327,33,129,6,105,20,29,47,7,36,13,177,130,26,6,6,4,2,6,5,4,99,206,6,47,,279,,347,b'\x11\xe8\xe1I\xe9 e\x8a\x9a\xbe\x12\xdf\x17\xaeN\x1e'
11E8E149-E920-658A-9ABE-12DF17AE4E1E,2026-ncaa-d3-conf-NCAC,genius_ncaa,5,5,1,5,1,7,5,3,6,5,1,6,4,7,2,7,7,8,5,8,8,5,1,7,7,7,5,5,7,1,1,1,6,1,2,5,4,7,6,5,8,8,3,2,,,6,6,,6,7,6,7,1,7,5,3,5,1,4,7,7,8,8,5,1,1,1,1,5,7,8,3,,6,,6,7,4,2,7,2,1,1,2,8,8,6,8,4,7,2,7,8,8,5,3,3,3,8,8,4,7,6,2,1,4,2,8,8,7,8,8,4,4,7,5,,,5,6,,7,7,1,7,6,7,4,2,7,1,1,8,8,4,7,7,8,5,7,2,4,8,7,4,7,,5,,7,b'\x11\xe8\xe1I\xe9 e\x8a\x9a\xbe\x12\xdf\x17\xaeN\x1e'
11E8E149-E920-658A-9ABE-12DF17AE4E1E,2026-ncaa-d3-natl,genius_ncaa,225,200,215,240,249,290,286,284,230,241,206,289,303,356,137,355,235,266,134,266,285,299,323,257,244,177,291,306,159,239,116,290,218,289,160,333,348,41,50,171,298,231,215,105,,,101,192,,234,219,336,402,113,277,254,272,195,110,310,368,174,235,243,278,374,193,271,255,340,22,278,202,,91,,278,220,136,128,114,210,79,49,322,312,334,182,412,98,97,196,92,264,103,86,275,262,305,370,394,102,140,218,97,116,104,160,175,299,349,320,328,43,54,226,241,,,273,132,,323,219,79,166,302,225,154,149,130,64,13,370,393,86,78,69,101,33,178,78,107,239,367,37,277,,251,,330,b'\x11\xe8\xe1I\xe9 e\x8a\x9a\xbe\x12\xdf\x17\xaeN\x1e'
11E8E149-E924-B112-9ABE-12DF17AE4E1E,2018-ncaa-d3-conf-MAC Freedom,ncaa,2,2,1,2,1,2,2,2,3,2,2,2,2,3,3,7,5,6,2,5,8,2,2,3,4,2,6,5,7,3,4,2,4,3,3,1,1,2,2,1,2,2,2,1,,,8,6,,,2,2,4,4,3,2,2,3,2,2,6,6,7,6,3,4,4,4,4,1,1,2,2,,6,,,2,3,2,5,1,2,4,2,6,7,2,7,8,8,7,8,7,6,7,2,2,1,8,6,7,5,4,8,4,6,3,2,3,2,2,1,5,2,3,2,,,4,7,,,2,7,3,1,2,2,2,2,1,2,5,6,7,6,6,2,6,5,7,5,1,2,3,2,,7,,,b'\x11\xe8\xe1I\xe9$\xb1\x12\x9a\xbe\x12\xdf\x17\xaeN\x1e'
11E8E149-E924-B112-9ABE-12DF17AE4E1E,2018-ncaa-d3-natl,ncaa,151,172,123,165,155,146,96,52,227,75,41,237,221,207,253,300,339,361,215,351,438,75,107,241,280,208,386,282,427,130,256,166,229,147,289,75,105,92,43,39,42,42,22,14,,,342,293,,,115,117,115,179,152,75,28,54,35,231,231,381,400,394,55,105,138,200,160,49,73,41,19,,333,,,118,141,86,167,65,102,194,60,180,188,157,186,378,367,283,366,372,205,329,66,108,51,354,196,416,286,229,406,256,383,289,104,176,45,39,30,170,113,338,178,,,323,417,,,115,324,212,53,127,111,69,114,82,149,153,162,370,372,370,149,307,245,373,340,90,37,139,325,,382,,,b'\x11\xe8\xe1I\xe9$\xb1\x12\x9a\xbe\x12\xdf\x17\xaeN\x1e'
11E8E149-E924-B112-9ABE-12DF17AE4E1E,2019-ncaa-d3-conf-MAC Freedom,ncaa,1,1,1,1,1,1,1,1,1,2,3,2,1,2,2,4,1,1,1,1,5,1,1,1,1,1,5,4,5,2,3,2,2,2,2,1,1,1,1,1,1,1,1,1,,,7,6,,,1,1,4,4,1,1,2,3,3,3,4,1,4,4,2,3,3,3,3,1,1,1,1,,3,,,1,1,1,4,1,1,3,1,6,7,3,7,2,2,5,2,3,4,8,1,1,1,8,8,7,3,2,6,3,6,2,1,3,1,1,1,3,1,3,3,,,4,6,,,1,8,1,1,1,1,1,1,1,1,4,7,2,2,2,1,4,1,2,2,1,1,1,3,,6,,,b'\x11\xe8\xe1I\xe9$\xb1\x12\x9a\xbe\x12\xdf\x17\xaeN\x1e'
11E8E149-E924-B112-9ABE-12DF17AE4E1E,2019-ncaa-d3-natl,ncaa,7,7,8,9,17,6,6,4,90,8,5,115,59,64,95,300,1,7,4,7,184,3,5,105,66,39,233,288,103,21,81,6,74,7,72,3,44,306,24,13,3,8,4,6,,,439,303,,,4,4,23,366,7,15,18,15,25,125,178,3,34,32,11,31,60,31,28,9,109,7,7,,379,,,3,224,98,401,4,54,368,1,340,381,172,242,429,432,252,432,385,421,440,6,11,2,436,340,436,341,74,427,81,411,72,112,191,4,13,2,298,66,381,154,,,9,233,,,4,439,28,1,8,31,9,109,5,120,178,200,351,351,348,147,376,159,249,202,25,10,142,291,,88,,,b'\x11\xe8\xe1I\xe9$\xb1\x12\x9a\xbe\x12\xdf\x17\xaeN\x1e'
11E8E149-E924-B112-9ABE-12DF17AE4E1E,2020-ncaa-d3-conf-MAC Freedom,ncaa,1,1,1,1,1,1,1,1,1,1,1,1,2,2,3,8,1,1,2,1,3,1,1,1,1,1,7,8,2,1,1,1,1,1,1,1,6,1,1,1,1,1,2,2,,,4,2,,,1,2,1,3,1,1,2,1,1,6,5,1,1,1,1,1,2,1,1,2,1,1,3,,2,,,1,1,1,6,1,1,5,1,3,6,1,7,2,2,3,2,2,5,7,1,1,1,6,7,4,1,1,7,1,4,1,1,4,1,1,1,1,1,6,4,,,1,2,,,1,8,1,1,1,1,1,2,1,1,1,4,2,2,2,1,2,1,1,1,1,1,1,5,,1,,,b'\x11\xe8\xe1I\xe9$\xb1\x12\x9a\xbe\x12\xdf\x17\xaeN\x1e'
11E8E149-E924-B112-9ABE-12DF17AE4E1E,2020-ncaa-d3-natl,ncaa,24,31,26,31,53,26,41,27,141,33,24,125,184,164,259,311,7,11,86,10,110,18,24,167,142,89,274,345,61,56,93,41,83,34,81,76,235,206,58,78,14,12,62,69,,,370,203,,,17,26,78,303,46,71,64,48,64,248,237,13,27,26,37,78,88,86,66,123,102,18,89,,263,,,15,152,152,341,43,127,269,62,246,346,63,300,191,222,112,241,201,332,413,44,35,16,282,291,226,227,83,359,93,318,81,196,234,16,22,24,194,80,419,311,,,15,80,,,17,417,73,14,15,45,57,144,63,121,161,239,112,133,147,123,287,128,208,168,120,26,119,382,,36,,,b'\x11\xe8\xe1I\xe9$\xb1\x12\x9a\xbe\x12\xdf\x17\xaeN\x1e'
11E8E149-E924-B112-9ABE-12DF17AE4E1E,2021-ncaa-d3-conf-MAC Freedom,ncaa,1,1,1,1,1,1,1,1,1,1,1,1,1,3,1,5,1,1,2,1,5,1,1,1,1,1,4,3,7,3,3,1,1,1,1,1,4,2,1,1,1,1,1,2,,,8,4,,,1,1,2,3,1,1,1,1,1,1,4,1,1,1,1,1,5,1,2,1,1,1,2,,5,,,1,4,4,8,1,4,5,1,5,7,2,6,4,4,1,4,2,6,8,1,1,1,3,5,2,3,1,5,3,4,1,4,4,1,1,1,2,2,6,4,,,1,6,,,1,8,1,1,1,1,1,1,1,1,3,5,1,2,1,1,6,1,1,1,2,1,2,4,,5,,,b'\x11\xe8\xe1I\xe9$\xb1\x12\x9a\xbe\x12\xdf\x17\xaeN\x1e'
11E8E149-E924-B112-9ABE-12DF17AE4E1E,2021-ncaa-d3-natl,ncaa,35,1,146,1,160,91,77,136,3,68,113,8,117,171,15,236,137,143,81,142,228,139,158,5,7,5,238,197,236,172,154,121,9,143,32,62,72,88,22,7,34,2,72,34,,,116,96,,,6,154,97,110,11,7,63,8,25,101,214,126,148,150,67,143,211,41,105,10,27,4,43,,88,,,2,70,80,100,10,87,110,18,67,91,14,111,67,72,21,72,30,98,124,10,9,2,37,72,55,83,9,105,154,97,32,74,116,55,5,5,70,14,184,174,,,166,211,,,6,134,9,1,2,2,5,16,13,53,14,40,8,11,12,6,109,13,60,24,17,7,15,231,,205,,,b'\x11\xe8\xe1I\xe9$\xb1\x12\x9a\xbe\x12\xdf\x17\xaeN\x1e'
11E8E149-E924-B112-9ABE-12DF17AE4E1E,2022-ncaa-d3-conf-MAC Freedom,ncaa,1,1,1,1,1,1,1,1,1,1,2,1,3,3,4,6,1,1,1,1,2,1,1,1,1,1,7,8,5,1,1,1,1,1,1,1,4,2,2,2,1,1,2,2,,,4,1,,,1,1,2,2,1,1,1,1,2,4,4,1,1,1,1,1,1,1,1,1,2,1,2,,1,,,1,1,2,9,1,2,9,1,5,9,2,8,1,1,4,1,1,9,9,1,1,1,6,8,3,7,1,2,1,3,1,2,6,1,2,1,2,1,9,2,,,1,4,,,1,9,1,1,1,1,1,5,1,4,4,5,1,1,1,4,6,2,1,1,2,1,2,3,,2,,,b'\x11\xe8\xe1I\xe9$\xb1\x12\x9a\xbe\x12\xdf\x17\xaeN\x1e'
11E8E149-E924-B112-9ABE-12DF17AE4E1E,2022-ncaa-d3-natl,ncaa,28,21,61,26,90,31,32,53,46,36,69,42,89,110,90,220,25,66,40,69,207,51,69,49,39,30,235,232,200,43,21,49,137,33,32,22,62,142,59,16,41,48,39,33,,,185,89,,,7,95,215,290,24,28,78,40,116,109,167,63,112,123,71,135,64,45,33,19,76,58,42,,83,,,6,80,77,306,6,51,224,6,304,371,105,365,75,68,172,67,50,276,332,11,5,5,360,394,126,307,137,157,21,213,32,190,318,43,60,58,143,72,414,358,,,109,233,,,7,328,14,7,7,15,18,165,13,97,224,306,24,19,17,109,192,215,47,102,100,78,89,402,,188,,,b'\x11\xe8\xe1I\xe9$\xb1\x12\x9a\xbe\x12\xdf\x17\xaeN\x1e'
11E8E149-E924-B112-9ABE-12DF17AE4E1E,2023-ncaa-d3-conf-MAC Freedom,ncaa,1,1,1,1,1,1,1,1,1,2,2,1,3,4,1,7,2,2,4,2,6,1,2,1,1,1,7,7,6,1,1,2,1,2,1,1,1,2,1,1,1,1,1,1,,,4,3,,,1,2,3,4,1,1,1,2,2,4,7,2,2,2,1,2,1,5,2,1,2,1,1,,3,,,1,1,1,2,1,1,1,1,3,4,4,8,2,2,2,2,4,1,6,1,1,1,9,8,3,1,1,4,1,2,1,1,6,1,1,1,2,1,5,1,,,1,6,,,1,8,1,1,1,1,1,1,1,1,3,3,2,2,2,1,3,1,1,1,1,1,1,2,,3,,,b'\x11\xe8\xe1I\xe9$\xb1\x12\x9a\xbe\x12\xdf\x17\xaeN\x1e'
11E8E149-E924-B112-9ABE-12DF17AE4E1E,2023-ncaa-d3-natl,ncaa,11,4,63,6,93,46,39,49,61,30,28,81,194,236,146,345,114,91,235,86,300,48,69,92,108,64,373,340,302,26,20,125,60,55,28,18,23,72,21,5,5,2,13,2,,,129,94,,,5,122,263,288,57,33,59,28,32,251,302,155,141,137,53,147,30,222,72,8,39,5,14,,48,,,3,11,12,56,3,9,64,2,100,135,96,280,38,46,106,51,109,41,246,3,3,1,360,358,214,78,60,182,20,123,28,31,264,6,2,1,84,42,296,130,,,128,250,,,5,298,29,1,1,1,1,1,1,23,60,77,18,18,20,1,95,47,81,54,17,8,53,245,,209,,,b'\x11\xe8\xe1I\xe9$\xb1\x12\x9a\xbe\x12\xdf\x17\xaeN\x1e'
11E8E149-E924-B112-9ABE-12DF17AE4E1E,2024-ncaa-d3-conf-MAC Freedom,ncaa,1,1,1,1,1,1,1,1,1,1,2,1,1,1,1,2,3,3,6,3,3,1,1,1,1,1,2,2,6,1,2,3,1,1,1,1,1,1,1,1,1,1,2,1,,,5,5,,,1,1,4,5,1,1,1,2,4,1,1,5,4,4,1,4,2,7,4,1,1,1,2,,4,,,1,1,1,1,1,1,3,1,2,1,4,2,2,2,2,2,5,1,7,1,1,1,4,3,7,1,1,5,2,2,1,1,3,1,1,1,2,1,8,6,,,3,4,,,1,8,1,1,1,1,1,1,1,2,1,1,1,1,1,1,2,1,3,1,1,1,2,6,,4,,,b'\x11\xe8\xe1I\xe9$\xb1\x12\x9a\xbe\x12\xdf\x17\xaeN\x1e'
11E8E149-E924-B112-9ABE-12DF17AE4E1E,2024-ncaa-d3-natl,ncaa,9,7,17,10,22,34,29,19,116,46,49,106,53,49,132,150,109,112,189,108,286,25,46,114,127,66,215,163,331,49,141,71,51,58,131,24,78,54,5,6,11,8,15,19,,,249,141,,,8,45,265,189,62,58,51,87,131,95,97,209,229,226,66,192,112,240,162,40,5,19,24,,96,,,9,71,88,187,52,144,308,23,57,55,139,41,145,166,99,169,122,180,349,33,31,8,115,94,255,124,51,398,141,335,131,112,197,12,10,8,110,33,415,339,,,75,244,,,8,376,50,5,9,7,13,19,31,123,14,12,54,63,66,12,89,37,251,140,35,23,43,379,,236,,,b'\x11\xe8\xe1I\xe9$\xb1\x12\x9a\xbe\x12\xdf\x17\xaeN\x1e'
11E8E149-E924-B112-9ABE-12DF17AE4E1E,2025-ncaa-d3-conf-MAC Freedom,genius_ncaa,4,4,1,4,1,4,4,2,7,4,3,7,2,3,1,4,5,3,7,3,5,2,2,6,6,4,3,3,5,6,8,3,2,3,7,5,5,3,2,4,1,1,3,3,,,3,2,,1,4,2,6,2,6,6,6,7,5,3,3,6,6,6,6,6,7,4,6,6,1,1,3,,1,,1,4,2,2,6,3,3,6,3,2,6,2,6,2,1,5,1,2,6,7,2,2,2,4,4,3,5,2,8,8,8,7,4,4,1,1,2,1,1,7,5,,,3,4,,3,4,7,4,2,4,2,2,2,3,2,2,4,1,1,1,1,3,2,8,7,3,1,1,6,,5,,3,b'\x11\xe8\xe1I\xe9$\xb1\x12\x9a\xbe\x12\xdf\x17\xaeN\x1e'
11E8E149-E924-B112-9ABE-12DF17AE4E1E,2025-ncaa-d3-natl,genius_ncaa,121,155,55,149,73,213,219,142,303,265,168,360,116,155,83,194,236,236,195,229,270,153,215,281,287,218,102,95,242,242,358,160,210,196,334,228,230,35,40,121,44,30,83,64,,,76,56,,24,138,211,368,178,299,295,225,325,226,148,207,297,307,305,250,383,311,268,303,288,12,47,99,,25,,19,140,72,84,176,50,63,164,40,248,249,237,285,98,52,403,52,66,131,230,64,67,42,312,347,158,247,210,393,358,374,334,236,349,76,58,114,68,64,409,403,,,270,281,,309,138,220,227,55,128,32,46,69,32,74,187,172,49,22,22,34,83,179,355,304,169,95,40,402,,361,,339,b'\x11\xe8\xe1I\xe9$\xb1\x12\x9a\xbe\x12\xdf\x17\xaeN\x1e'
11E8E149-E924-B112-9ABE-12DF17AE4E1E,2026-ncaa-d3-natl,genius_ncaa,157,132,215,163,249,287,227,226,239,161,130,264,352,355,302,374,341,342,260,346,407,252,311,279,298,197,405,365,349,322,371,238,56,273,268,195,145,20,8,11,94,30,134,43,,,159,281,,45,154,307,313,113,267,176,99,89,35,356,366,360,347,356,154,356,313,140,231,145,4,48,113,,209,,64,155,82,51,76,48,44,60,90,142,192,102,342,233,194,328,212,382,91,109,65,121,84,385,295,387,66,56,265,371,187,268,149,395,211,80,162,15,8,336,310,,,317,286,,169,154,117,216,63,129,54,18,39,24,25,176,267,308,263,289,61,86,62,371,274,197,134,5,383,,343,,165,b'\x11\xe8\xe1I\xe9$\xb1\x12\x9a\xbe\x12\xdf\x17\xaeN\x1e'
11E8E149-E929-0E2E-9ABE-12DF17AE4E1E,2018-ncaa-d3-conf-NECC,ncaa,2,1,7,1,7,4,2,4,1,1,2,1,9,9,7,9,6,5,8,5,7,4,5,1,3,2,9,9,8,6,3,7,2,6,3,2,3,1,2,1,2,2,4,3,,,4,4,,,2,6,2,1,2,1,2,1,1,9,9,5,4,4,3,3,4,4,5,1,1,1,4,,5,,,2,1,1,1,4,1,1,4,2,2,5,5,3,2,7,2,5,1,2,4,5,3,5,6,4,1,2,1,3,1,3,3,7,2,1,1,1,2,1,1,,,6,7,,,2,4,2,2,2,3,3,2,3,2,4,2,5,4,2,2,6,1,4,1,7,1,2,1,,5,,,b'\x11\xe8\xe1I\xe9)\x0e.\x9a\xbe\x12\xdf\x17\xaeN\x1e'
11E8E149-E929-0E2E-9ABE-12DF17AE4E1E,2018-ncaa-d3-natl,ncaa,114,88,197,98,220,196,103,112,107,19,10,191,430,436,366,443,351,295,400,292,439,134,145,231,291,254,444,443,421,177,238,222,112,205,213,187,363,159,118,169,46,34,290,306,,,182,146,,,125,144,84,114,184,44,49,4,3,437,442,370,308,302,69,89,167,196,177,167,180,34,297,,192,,,121,77,114,124,177,182,242,137,71,57,210,71,86,115,63,113,109,105,263,139,107,31,80,110,152,99,112,306,238,212,213,150,213,39,24,40,88,63,54,8,,,333,406,,,125,309,260,26,124,91,132,135,203,261,75,52,91,116,112,108,298,101,325,238,165,24,92,48,,347,,,b'\x11\xe8\xe1I\xe9)\x0e.\x9a\xbe\x12\xdf\x17\xaeN\x1e'
11E8E149-E929-0E2E-9ABE-12DF17AE4E1E,2019-ncaa-d3-conf-NECC,ncaa,5,5,5,5,8,4,3,2,5,3,2,5,3,5,6,7,5,5,8,5,7,2,2,5,6,4,8,7,8,2,3,10,9,7,9,7,9,1,1,6,1,1,7,7,,,7,7,,,5,3,1,10,3,2,1,3,1,3,5,4,3,4,1,1,1,10,7,7,2,1,7,,7,,,4,6,6,1,8,3,1,8,6,5,10,7,7,7,7,7,10,1,9,8,9,5,9,7,6,6,9,10,3,10,9,9,9,1,1,1,2,2,9,8,,,5,8,,,5,8,4,6,5,7,6,2,5,3,8,6,7,7,7,2,9,6,10,9,8,1,4,9,,4,,,b'\x11\xe8\xe1I\xe9)\x0e.\x9a\xbe\x12\xdf\x17\xaeN\x1e'
11E8E149-E929-0E2E-9ABE-12DF17AE4E1E,2019-ncaa-d3-natl,ncaa,206,244,129,232,176,134,100,28,306,53,14,295,318,239,392,361,214,94,411,94,337,28,26,340,362,332,408,382,300,24,88,376,413,178,356,249,410,337,163,316,5,6,320,337,,,397,269,,,164,36,12,227,136,78,16,32,9,349,268,227,100,98,10,11,17,430,201,278,315,3,346,,392,,,166,254,257,148,349,306,211,340,146,127,261,125,304,323,147,327,325,173,413,323,325,50,154,116,271,354,413,419,88,407,356,357,388,3,1,18,298,154,387,227,,,75,271,,,164,412,295,56,170,216,221,93,267,176,129,96,273,292,297,116,421,323,402,386,316,2,274,379,,57,,,b'\x11\xe8\xe1I\xe9)\x0e.\x9a\xbe\x12\xdf\x17\xaeN\x1e'
11E8E149-E929-0E2E-9ABE-12DF17AE4E1E,2020-ncaa-d3-conf-NECC,ncaa,5,5,5,5,5,5,5,5,5,4,4,4,7,7,7,8,5,5,4,5,5,5,4,5,5,5,8,7,4,3,4,4,5,4,4,6,5,7,6,6,5,5,1,1,,,3,5,,,5,4,2,4,4,4,4,3,4,7,7,5,5,5,4,1,3,2,2,5,7,5,1,,5,,,5,6,6,5,5,5,1,6,8,8,6,8,4,6,3,6,6,5,4,6,5,5,6,8,4,4,5,4,4,4,4,6,8,5,5,6,7,6,6,4,,,4,6,,,5,5,5,6,6,6,6,6,5,5,7,8,5,5,5,6,6,5,4,5,6,5,6,6,,3,,,b'\x11\xe8\xe1I\xe9)\x0e.\x9a\xbe\x12\xdf\x17\xaeN\x1e'
11E8E149-E929-0E2E-9ABE-12DF17AE4E1E,2020-ncaa-d3-natl,ncaa,344,391,126,365,165,248,193,103,297,91,42,252,393,314,427,371,302,149,426,148,312,115,28,348,375,393,425,409,314,38,58,92,293,53,141,182,176,435,409,368,125,209,128,172,,,271,119,,,348,35,21,259,298,226,93,78,33,402,337,337,172,163,91,14,38,78,29,185,428,130,128,,261,,,344,388,399,401,255,379,354,295,340,388,149,297,219,301,36,300,193,406,408,259,209,199,156,261,114,380,293,290,58,348,141,415,390,78,175,295,432,385,148,67,,,88,292,,,348,399,377,222,341,336,348,376,345,329,312,359,195,269,266,382,406,353,243,306,385,82,418,132,,94,,,b'\x11\xe8\xe1I\xe9)\x0e.\x9a\xbe\x12\xdf\x17\xaeN\x1e'
11E8E149-E929-0E2E-9ABE-12DF17AE4E1E,2022-ncaa-d3-conf-Great Northeast,ncaa,13,11,13,13,13,13,13,13,13,13,12,13,13,13,13,10,13,13,13,13,13,13,13,13,13,13,11,10,12,9,4,12,12,12,7,13,7,13,13,13,12,12,12,12,,,1,2,,,13,13,8,11,13,13,13,13,9,13,12,13,13,13,13,7,5,7,6,13,13,12,12,,3,,,13,4,7,3,9,6,4,10,7,5,7,10,2,2,1,1,2,2,2,9,8,11,4,9,1,9,12,1,4,3,7,9,10,13,13,13,13,13,10,13,,,13,13,,,13,1,13,12,13,10,12,13,11,11,11,11,5,5,5,13,9,11,6,8,12,13,13,13,,11,,,b'\x11\xe8\xe1I\xe9)\x0e.\x9a\xbe\x12\xdf\x17\xaeN\x1e'
11E8E149-E929-0E2E-9ABE-12DF17AE4E1E,2022-ncaa-d3-natl,ncaa,423,318,417,423,419,424,423,419,427,422,417,425,418,416,423,346,422,420,428,420,399,418,417,425,426,428,387,349,326,372,149,406,372,398,267,422,247,351,427,426,422,418,411,394,,,17,49,,,405,417,137,290,425,425,416,417,272,418,393,423,414,414,420,131,142,126,129,419,426,415,374,,100,,,420,17,29,24,259,43,28,265,56,41,230,245,12,16,12,16,35,18,12,258,189,288,88,250,23,111,372,11,149,18,267,98,341,419,396,406,402,426,156,401,,,417,373,,,405,12,426,346,418,350,377,403,375,397,337,350,56,129,123,399,364,390,204,332,385,362,428,391,,352,,,b'\x11\xe8\xe1I\xe9)\x0e.\x9a\xbe\x12\xdf\x17\xaeN\x1e'
11E8E149-E929-0E2E-9ABE-12DF17AE4E1E,2023-ncaa-d3-conf-Great Northeast,ncaa,13,13,8,13,12,13,13,13,13,13,11,13,13,12,13,12,13,13,13,12,6,13,11,13,13,13,8,12,1,13,11,13,13,13,13,13,11,13,13,13,13,13,13,13,,,2,2,,,13,11,9,12,13,13,13,13,12,13,12,13,12,11,13,11,12,13,13,13,13,13,13,,3,,,13,13,13,11,13,13,12,13,9,7,11,4,1,2,1,2,1,11,5,13,13,13,2,5,1,12,13,7,11,9,13,13,11,13,13,13,13,13,13,13,,,13,9,,,13,3,13,13,13,13,13,13,13,12,10,7,1,3,3,13,8,13,7,10,13,13,13,13,,12,,,b'\x11\xe8\xe1I\xe9)\x0e.\x9a\xbe\x12\xdf\x17\xaeN\x1e'
11E8E149-E929-0E2E-9ABE-12DF17AE4E1E,2023-ncaa-d3-natl,ncaa,423,420,333,423,360,417,418,412,424,416,332,424,423,422,422,422,391,328,419,322,216,409,358,425,425,428,344,415,7,360,330,364,406,374,386,417,287,427,428,426,414,424,409,420,,,115,110,,,428,338,154,257,426,428,429,423,270,426,426,397,293,275,428,245,341,331,360,423,427,418,415,,204,,,426,368,407,313,417,410,370,410,215,164,320,116,60,116,8,111,55,284,183,407,367,408,16,112,24,392,406,131,330,279,386,406,356,378,397,420,426,426,346,391,,,337,270,,,428,112,428,417,427,406,417,399,418,410,283,239,84,193,185,393,351,397,268,364,412,366,426,389,,283,,,b'\x11\xe8\xe1I\xe9)\x0e.\x9a\xbe\x12\xdf\x17\xaeN\x1e'
11E8E149-E929-0E2E-9ABE-12DF17AE4E1E,2024-ncaa-d3-conf-Great Northeast,ncaa,15,15,11,15,13,15,15,15,15,15,12,15,15,14,15,13,12,12,12,12,6,15,15,15,15,15,7,11,2,15,14,15,15,15,15,14,5,15,15,15,15,15,15,15,,,1,1,,,15,14,12,8,15,15,15,15,12,15,14,11,10,10,15,14,14,15,15,14,15,15,15,,1,,,15,15,15,12,15,14,4,15,15,15,15,15,1,1,7,1,3,6,2,15,15,15,11,15,1,15,15,9,14,10,15,15,13,14,15,15,15,15,15,15,,,13,6,,,15,2,15,15,15,15,15,15,15,8,15,15,1,1,1,15,10,15,10,14,15,14,15,15,,12,,,b'\x11\xe8\xe1I\xe9)\x0e.\x9a\xbe\x12\xdf\x17\xaeN\x1e'
11E8E149-E929-0E2E-9ABE-12DF17AE4E1E,2024-ncaa-d3-natl,ncaa,396,394,345,402,357,415,417,397,424,414,332,425,412,403,408,371,333,325,331,322,208,395,361,423,421,421,181,353,8,365,378,393,414,387,409,405,33,395,415,411,392,403,424,426,,,67,64,,,423,347,170,244,423,424,414,423,277,415,397,309,266,263,410,255,347,400,404,404,410,392,427,,129,,,422,364,393,248,412,339,134,418,416,387,407,408,35,35,93,37,72,189,133,422,412,409,214,404,12,368,414,254,378,316,409,411,381,340,338,403,417,421,337,387,,,285,134,,,423,88,422,420,423,409,412,386,388,253,422,419,57,66,71,373,328,398,366,391,417,286,418,385,,174,,,b'\x11\xe8\xe1I\xe9)\x0e.\x9a\xbe\x12\xdf\x17\xaeN\x1e'
11E8E149-E929-0E2E-9ABE-12DF17AE4E1E,2025-ncaa-d3-conf-Great Northeast,genius_ncaa,14,14,7,14,8,11,13,10,13,13,13,12,7,6,12,4,9,5,15,6,3,9,9,13,14,14,5,7,4,13,14,12,15,12,15,13,12,14,14,14,6,11,11,13,,,3,1,,3,15,6,1,4,13,13,14,14,13,6,5,7,5,6,11,7,13,14,13,14,14,8,10,,3,,3,15,15,15,15,15,15,14,15,15,14,14,10,2,3,2,2,1,15,15,15,15,15,6,13,1,15,15,14,14,15,15,15,11,2,11,14,15,14,4,7,,,7,8,,15,15,11,14,15,14,15,15,15,15,15,14,14,3,3,3,15,15,15,15,15,15,3,15,5,,7,,15,b'\x11\xe8\xe1I\xe9)\x0e.\x9a\xbe\x12\xdf\x17\xaeN\x1e'
11E8E149-E929-0E2E-9ABE-12DF17AE4E1E,2025-ncaa-d3-natl,genius_ncaa,403,334,406,403,408,393,398,404,362,404,408,331,320,297,340,92,351,327,355,336,51,401,397,347,340,373,71,130,92,396,381,404,415,408,411,379,156,296,393,376,360,342,401,389,,,17,17,,21,393,393,11,104,326,352,233,361,331,197,98,174,94,107,202,46,329,299,342,300,403,194,373,,154,,33,404,240,340,127,403,297,83,409,360,287,373,375,13,15,21,14,29,70,63,408,392,387,121,366,6,377,415,78,381,237,411,366,326,313,245,374,374,406,18,141,,,372,203,,385,393,29,373,404,400,416,417,416,407,399,417,417,67,113,102,412,414,416,390,410,415,72,411,84,,91,,370,b'\x11\xe8\xe1I\xe9)\x0e.\x9a\xbe\x12\xdf\x17\xaeN\x1e'
11E8E149-E929-0E2E-9ABE-12DF17AE4E1E,2026-ncaa-d3-natl,genius_ncaa,225,268,116,265,211,150,176,102,321,207,113,350,89,106,129,182,73,109,129,113,182,101,76,291,277,285,68,112,124,193,359,199,332,198,379,286,372,351,287,350,116,242,402,414,,,288,114,,1,373,57,8,411,159,212,52,261,112,96,106,88,121,122,51,25,240,247,259,334,354,136,411,,275,,1,359,389,403,360,404,410,386,409,237,251,185,75,286,306,171,288,112,353,364,397,391,369,15,46,82,343,332,380,359,373,379,376,138,69,185,266,280,191,134,81,,,74,159,,406,373,361,304,359,349,407,409,387,413,400,211,218,282,299,281,386,401,328,397,388,369,68,270,107,,48,,406,b'\x11\xe8\xe1I\xe9)\x0e.\x9a\xbe\x12\xdf\x17\xaeN\x1e'
11E8E149-E92D-5114-9ABE-12DF17AE4E1E,2018-ncaa-d3-conf-HCAC,ncaa,9,8,7,9,9,6,8,8,5,7,6,7,3,4,6,4,5,7,3,7,5,8,8,6,5,6,4,4,4,7,8,8,7,8,8,7,6,6,7,7,9,9,4,4,,,5,8,,,8,7,3,9,5,7,5,6,6,3,4,3,5,5,4,5,7,6,8,6,7,9,4,,8,,,8,8,8,6,9,9,8,8,2,1,9,1,9,9,6,9,5,6,4,9,9,10,2,2,7,5,7,6,8,6,8,8,7,8,8,9,8,9,4,7,,,8,7,,,8,4,5,10,8,9,9,8,9,9,4,1,9,9,10,9,8,6,8,8,8,8,9,5,,6,,,b'\x11\xe8\xe1I\xe9-Q\x14\x9a\xbe\x12\xdf\x17\xaeN\x1e'
11E8E149-E92D-5114-9ABE-12DF17AE4E1E,2018-ncaa-d3-natl,ncaa,320,327,305,326,359,277,300,333,253,354,363,292,113,153,93,82,252,316,49,312,183,341,340,199,175,210,51,60,201,312,305,387,263,386,331,272,205,201,288,263,357,352,246,277,,,239,340,,,356,338,221,414,237,281,290,354,367,85,101,214,304,304,303,283,290,405,398,249,259,356,221,,308,,,356,364,363,102,437,402,286,422,77,14,432,8,379,351,366,349,315,130,100,433,435,436,64,27,322,101,263,167,305,127,331,370,291,341,316,395,253,310,130,242,,,328,250,,,356,127,228,423,348,401,392,188,415,351,104,13,406,395,394,235,198,145,246,204,378,318,302,160,,300,,,b'\x11\xe8\xe1I\xe9-Q\x14\x9a\xbe\x12\xdf\x17\xaeN\x1e'
11E8E149-E92D-5114-9ABE-12DF17AE4E1E,2019-ncaa-d3-conf-HCAC,ncaa,4,5,1,5,1,3,5,3,7,7,7,7,3,2,4,3,3,3,4,3,2,3,2,5,5,5,3,3,4,4,4,2,2,1,3,4,5,9,8,7,9,9,5,5,,,5,3,,,4,2,6,1,4,6,6,8,8,3,3,3,5,4,6,3,4,3,3,4,8,9,5,,4,,,4,10,10,10,6,6,7,6,10,10,8,9,4,5,1,5,4,9,9,7,4,7,7,10,2,5,2,7,4,7,3,9,6,9,9,9,9,7,6,7,,,1,4,,,4,9,4,7,4,6,7,9,4,5,10,10,4,5,5,7,6,4,5,4,8,9,7,6,,2,,,b'\x11\xe8\xe1I\xe9-Q\x14\x9a\xbe\x12\xdf\x17\xaeN\x1e'
11E8E149-E92D-5114-9ABE-12DF17AE4E1E,2019-ncaa-d3-natl,ncaa,282,331,129,313,130,231,271,263,288,359,366,287,73,63,131,46,188,213,133,213,76,257,200,215,204,258,22,43,151,202,193,166,138,180,145,258,216,357,353,337,370,395,209,203,,,157,168,,,321,193,349,7,273,332,345,396,402,62,73,206,237,236,335,254,227,178,204,288,331,405,216,,127,,,310,357,367,327,317,282,207,314,417,402,366,384,131,134,190,133,145,312,196,352,326,397,311,397,77,168,138,204,193,182,145,335,211,387,415,410,408,402,234,331,,,130,114,,,321,214,259,377,330,309,321,305,252,170,410,386,116,119,114,262,118,136,152,134,300,420,389,221,,137,,,b'\x11\xe8\xe1I\xe9-Q\x14\x9a\xbe\x12\xdf\x17\xaeN\x1e'
11E8E149-E92D-5114-9ABE-12DF17AE4E1E,2020-ncaa-d3-conf-HCAC,ncaa,7,4,7,7,8,9,7,7,7,8,7,7,6,6,6,5,9,7,8,7,6,7,6,6,6,9,6,4,4,7,6,7,3,7,6,9,10,9,8,9,9,9,6,6,,,3,3,,,9,7,5,2,8,5,7,6,6,5,5,8,5,5,7,4,5,5,4,8,9,8,6,,5,,,9,6,8,3,7,7,5,8,5,2,7,3,7,5,10,6,6,4,3,7,8,10,4,4,7,2,3,5,6,4,6,5,4,9,8,10,8,7,7,9,,,5,3,,,9,4,9,9,9,9,9,7,9,9,8,4,8,6,8,9,6,5,6,6,7,8,8,7,,2,,,b'\x11\xe8\xe1I\xe9-Q\x14\x9a\xbe\x12\xdf\x17\xaeN\x1e'
11E8E149-E92D-5114-9ABE-12DF17AE4E1E,2020-ncaa-d3-natl,ncaa,324,345,198,337,211,343,348,342,326,346,328,351,271,276,233,217,298,266,339,260,175,340,315,327,326,352,169,178,170,187,147,311,242,273,212,365,356,319,364,383,395,381,226,227,,,129,220,,,353,350,386,35,373,369,380,369,341,264,269,300,258,253,369,310,157,331,281,394,334,404,235,,139,,,349,240,235,130,328,239,169,287,237,135,376,178,257,211,375,226,251,131,74,331,348,381,239,243,243,150,242,140,147,134,212,187,147,383,363,337,323,352,347,381,,,201,100,,,353,71,334,366,361,264,256,157,256,187,255,154,268,232,249,169,69,165,163,156,196,395,332,355,,157,,,b'\x11\xe8\xe1I\xe9-Q\x14\x9a\xbe\x12\xdf\x17\xaeN\x1e'
11E8E149-E92D-5114-9ABE-12DF17AE4E1E,2021-ncaa-d3-conf-HCAC,ncaa,8,9,7,9,7,8,8,8,8,7,7,7,7,8,7,7,6,6,9,6,1,7,7,8,8,7,6,7,2,6,8,7,6,7,7,8,10,4,5,8,9,10,10,10,,,3,2,,,9,7,6,9,6,7,7,5,3,6,9,2,1,2,6,7,7,7,7,10,5,9,10,,2,,,10,5,5,4,10,4,4,7,8,4,10,10,3,3,10,3,5,4,3,10,10,10,10,10,1,3,6,5,8,3,7,6,10,8,8,10,2,4,7,10,,,7,1,,,9,4,7,10,10,10,10,5,6,3,10,8,6,2,3,5,4,4,7,7,10,9,3,10,,1,,,b'\x11\xe8\xe1I\xe9-Q\x14\x9a\xbe\x12\xdf\x17\xaeN\x1e'
11E8E149-E92D-5114-9ABE-12DF17AE4E1E,2021-ncaa-d3-natl,ncaa,176,250,81,222,107,123,135,122,176,117,110,189,160,152,190,228,68,60,200,59,43,113,117,195,178,174,159,231,27,110,173,131,172,125,192,164,257,167,151,225,147,211,177,228,,,164,131,,,241,116,232,261,210,227,250,183,167,235,236,66,42,44,231,238,182,239,236,249,110,223,238,,92,,,216,204,199,172,223,169,159,171,251,199,270,226,185,166,268,171,159,173,162,252,256,256,260,262,114,165,172,191,173,180,192,226,245,133,176,231,143,126,249,257,,,73,16,,,241,169,176,250,223,189,165,86,108,55,257,181,152,105,114,75,45,93,123,111,217,204,93,264,,49,,,b'\x11\xe8\xe1I\xe9-Q\x14\x9a\xbe\x12\xdf\x17\xaeN\x1e'
11E8E149-E92D-5114-9ABE-12DF17AE4E1E,2022-ncaa-d3-conf-HCAC,ncaa,5,4,4,5,4,5,6,5,5,6,6,4,5,4,4,5,6,5,5,5,4,5,5,4,4,4,5,4,5,5,6,7,5,7,6,4,4,7,9,7,8,8,10,10,,,4,4,,,7,5,5,2,4,5,7,6,7,4,5,4,4,4,6,4,5,7,7,4,8,9,10,,4,,,7,8,8,7,7,9,8,7,4,3,7,2,5,4,5,4,4,6,6,7,7,7,1,2,4,3,5,3,6,3,6,5,1,6,8,6,9,10,6,7,,,3,1,,,7,6,6,6,6,6,7,6,9,9,5,2,6,5,5,6,5,2,3,3,5,7,8,7,,1,,,b'\x11\xe8\xe1I\xe9-Q\x14\x9a\xbe\x12\xdf\x17\xaeN\x1e'
11E8E149-E92D-5114-9ABE-12DF17AE4E1E,2022-ncaa-d3-natl,ncaa,190,156,300,181,304,220,236,314,147,269,303,192,127,201,45,172,167,179,172,187,84,292,320,119,104,121,86,119,129,296,174,335,89,330,123,183,89,97,177,126,324,299,421,422,,,69,118,,,207,323,227,52,128,173,226,236,267,85,160,86,87,92,201,227,251,313,293,108,179,308,426,,93,,,206,188,239,125,345,245,145,321,211,137,360,191,77,64,207,63,80,103,85,345,329,351,136,230,65,25,89,55,174,36,123,98,41,362,328,283,198,256,139,200,,,178,45,,,207,107,136,299,202,290,325,263,321,274,279,196,114,110,102,211,134,44,74,49,162,344,256,182,,57,,,b'\x11\xe8\xe1I\xe9-Q\x14\x9a\xbe\x12\xdf\x17\xaeN\x1e'
11E8E149-E92D-5114-9ABE-12DF17AE4E1E,2023-ncaa-d3-conf-HCAC,ncaa,8,8,7,8,7,7,6,8,4,3,5,2,7,6,8,6,8,8,5,8,9,8,9,7,8,5,8,8,7,8,7,9,7,9,6,7,7,2,4,4,6,5,9,9,,,4,5,,,8,8,8,2,7,4,6,2,4,7,6,8,8,8,8,9,8,9,9,5,4,6,9,,5,,,7,4,4,2,7,2,2,6,10,8,9,9,4,4,5,4,8,2,2,9,8,8,9,9,4,5,7,5,7,5,6,9,8,6,4,8,4,5,9,8,,,8,8,,,8,3,5,7,7,6,6,2,3,2,9,9,4,4,4,4,4,5,5,5,9,4,4,10,,8,,,b'\x11\xe8\xe1I\xe9-Q\x14\x9a\xbe\x12\xdf\x17\xaeN\x1e'
11E8E149-E92D-5114-9ABE-12DF17AE4E1E,2023-ncaa-d3-natl,ncaa,270,269,271,276,282,250,226,265,171,202,254,136,241,217,294,195,269,332,57,334,326,279,332,192,182,162,285,245,270,320,301,302,240,326,292,252,266,67,123,172,166,128,408,398,,,140,201,,,264,322,279,70,211,180,202,163,220,229,202,253,334,334,238,307,309,272,311,232,103,135,412,,193,,,264,213,170,125,265,42,35,250,424,406,407,420,159,135,312,140,324,118,118,358,350,325,422,427,142,181,240,175,301,172,292,312,369,236,193,309,117,189,288,309,,,335,291,,,264,118,190,316,251,285,244,208,70,32,422,414,203,168,174,191,191,213,250,234,315,203,150,326,,337,,,b'\x11\xe8\xe1I\xe9-Q\x14\x9a\xbe\x12\xdf\x17\xaeN\x1e'
11E8E149-E92D-5114-9ABE-12DF17AE4E1E,2024-ncaa-d3-conf-HCAC,ncaa,10,10,7,10,7,10,10,10,10,10,9,10,7,7,10,3,10,10,10,10,10,10,10,10,10,10,5,2,9,10,10,10,10,10,10,9,2,10,10,10,7,8,10,10,,,7,8,,,10,8,7,4,10,10,10,10,8,7,6,10,10,10,10,10,10,10,10,9,10,7,10,,9,,,10,9,10,4,10,10,7,10,6,3,9,3,7,7,2,7,6,5,5,10,10,9,1,3,4,10,10,8,10,10,10,10,7,6,8,9,10,10,8,10,,,10,10,,,10,4,10,10,10,10,10,9,10,10,7,5,7,7,7,8,9,10,9,10,10,6,10,8,,10,,,b'\x11\xe8\xe1I\xe9-Q\x14\x9a\xbe\x12\xdf\x17\xaeN\x1e'
11E8E149-E92D-5114-9ABE-12DF17AE4E1E,2024-ncaa-d3-natl,ncaa,419,427,200,419,253,381,379,327,396,391,360,396,216,159,314,80,358,358,286,353,246,342,289,382,387,389,66,63,200,362,406,396,417,392,420,291,35,373,382,358,188,224,406,412,,,349,344,,,417,243,187,227,401,402,367,412,387,216,153,377,376,371,392,304,382,425,424,314,362,177,411,,371,,,412,420,411,259,425,417,303,423,258,145,381,97,383,387,203,383,337,289,283,424,426,422,74,70,207,388,417,381,406,398,420,407,274,229,276,374,364,372,389,418,,,351,363,,,417,208,395,423,414,413,405,300,408,323,268,158,395,398,394,337,314,385,386,393,393,220,356,387,,377,,,b'\x11\xe8\xe1I\xe9-Q\x14\x9a\xbe\x12\xdf\x17\xaeN\x1e'
11E8E149-E931-A642-9ABE-12DF17AE4E1E,2018-ncaa-d3-conf-MAC Freedom,ncaa,6,6,5,6,6,6,6,6,6,6,6,7,6,7,5,2,7,7,7,7,5,7,7,6,6,6,5,3,5,5,5,6,3,6,5,6,5,3,5,6,7,6,8,8,,,2,5,,,6,8,8,5,6,6,5,6,5,6,5,7,6,7,6,6,5,6,6,6,5,6,8,,4,,,6,6,6,3,7,4,2,7,7,6,5,8,3,3,5,3,4,3,2,7,6,7,6,8,2,3,3,3,5,3,5,7,8,7,7,7,2,4,5,7,,,7,4,,,6,1,6,7,6,7,7,4,5,3,7,7,4,3,3,4,2,3,3,3,7,7,4,6,,6,,,b'\x11\xe8\xe1I\xe91\xa6B\x9a\xbe\x12\xdf\x17\xaeN\x1e'
11E8E149-E931-A642-9ABE-12DF17AE4E1E,2018-ncaa-d3-natl,ncaa,320,349,197,335,295,256,244,219,270,251,253,274,197,172,262,152,286,283,284,293,294,233,222,262,271,287,204,153,308,197,242,203,217,202,252,280,326,268,271,305,201,209,412,411,,,258,268,,,307,226,176,409,259,252,183,265,247,187,155,307,289,306,209,184,193,162,172,299,278,206,418,,270,,,304,303,319,262,306,231,121,373,385,404,218,414,155,162,187,167,237,240,216,339,320,334,294,371,97,240,217,281,242,267,252,384,376,254,266,370,219,219,404,409,,,233,261,,,307,217,282,329,307,313,321,300,255,133,388,413,156,157,158,274,254,252,307,292,364,268,227,406,,244,,,b'\x11\xe8\xe1I\xe91\xa6B\x9a\xbe\x12\xdf\x17\xaeN\x1e'
11E8E149-E931-A642-9ABE-12DF17AE4E1E,2019-ncaa-d3-conf-MAC Freedom,ncaa,5,4,5,5,6,6,7,7,4,7,7,3,3,3,3,1,8,8,2,8,7,8,8,3,3,3,3,1,8,8,8,8,6,8,7,7,7,4,7,7,6,5,8,7,,,3,7,,,6,8,6,2,6,7,7,7,7,1,1,8,8,8,8,8,8,7,8,7,6,5,7,,6,,,6,5,3,2,8,3,1,8,6,3,8,5,4,6,2,6,7,1,2,8,8,7,5,6,5,2,6,3,8,2,7,3,4,5,4,5,2,3,1,2,,,8,7,,,6,1,6,7,6,6,6,4,5,2,7,3,6,7,7,4,5,4,6,5,5,4,3,1,,8,,,b'\x11\xe8\xe1I\xe91\xa6B\x9a\xbe\x12\xdf\x17\xaeN\x1e'
11E8E149-E931-A642-9ABE-12DF17AE4E1E,2019-ncaa-d3-natl,ncaa,237,244,215,248,287,214,242,253,247,305,350,221,97,77,175,57,207,281,26,286,165,260,266,192,161,173,56,66,201,388,412,179,253,288,345,295,364,201,231,285,264,298,340,372,,,230,213,,,265,194,123,338,189,233,221,326,362,73,66,187,273,284,232,241,403,121,294,316,215,275,357,,255,,,262,312,322,301,263,332,312,266,213,231,216,169,276,313,89,306,234,323,264,244,232,284,161,156,219,291,253,312,412,315,345,223,107,289,336,274,159,184,42,97,,,259,230,,,265,258,235,299,256,318,319,346,327,343,223,244,283,326,318,358,317,305,338,333,235,285,167,47,,244,,,b'\x11\xe8\xe1I\xe91\xa6B\x9a\xbe\x12\xdf\x17\xaeN\x1e'
11E8E149-E931-A642-9ABE-12DF17AE4E1E,2020-ncaa-d3-conf-MAC Freedom,ncaa,8,8,5,8,8,8,8,8,8,8,7,8,8,8,8,3,7,7,4,7,7,8,8,8,8,8,5,5,6,8,8,8,8,8,8,7,2,8,8,7,7,7,3,3,,,6,6,,,8,7,6,8,8,8,8,8,7,8,8,7,7,7,8,8,8,8,8,7,8,7,2,,7,,,8,7,7,5,7,7,4,7,7,5,6,5,7,7,7,7,6,6,3,7,8,8,3,4,6,8,8,5,8,7,8,8,8,7,7,8,8,8,1,2,,,8,8,,,8,1,8,8,8,8,8,8,7,7,7,7,7,7,7,8,7,8,7,8,8,7,8,1,,8,,,b'\x11\xe8\xe1I\xe91\xa6B\x9a\xbe\x12\xdf\x17\xaeN\x1e'
11E8E149-E931-A642-9ABE-12DF17AE4E1E,2020-ncaa-d3-natl,ncaa,418,430,198,426,322,371,385,341,398,393,344,407,242,234,256,159,262,271,225,267,162,340,297,388,380,389,57,116,74,342,385,298,414,333,409,326,98,368,387,373,340,374,95,121,,,308,275,,,418,254,195,424,396,409,378,409,356,237,230,259,261,260,369,278,365,311,353,347,364,349,82,,338,,,412,409,394,337,365,376,322,338,334,267,364,187,355,372,117,376,320,363,297,365,359,389,222,232,230,418,414,336,385,394,409,394,329,321,366,391,356,372,340,390,,,359,367,,,418,191,398,411,413,393,380,350,375,342,333,288,368,379,385,383,343,413,348,389,381,325,361,348,,384,,,b'\x11\xe8\xe1I\xe91\xa6B\x9a\xbe\x12\xdf\x17\xaeN\x1e'
11E8E149-E931-A642-9ABE-12DF17AE4E1E,2021-ncaa-d3-conf-MAC Freedom,ncaa,4,3,6,4,6,5,5,6,4,5,6,4,4,5,2,4,2,5,1,5,3,6,6,4,2,3,2,5,1,6,4,5,7,6,4,4,3,6,7,5,5,5,2,1,,,3,2,,,3,6,6,3,5,6,8,6,6,4,5,2,5,4,8,8,6,2,4,5,7,4,1,,3,,,3,3,2,3,2,2,3,2,6,8,4,8,5,5,2,5,6,3,3,3,2,2,8,8,6,5,7,3,4,3,4,2,5,6,5,4,5,4,2,2,,,6,5,,,3,3,4,2,3,3,2,5,2,2,6,8,4,6,6,5,5,8,2,4,4,5,4,1,,6,,,b'\x11\xe8\xe1I\xe91\xa6B\x9a\xbe\x12\xdf\x17\xaeN\x1e'
11E8E149-E931-A642-9ABE-12DF17AE4E1E,2021-ncaa-d3-natl,ncaa,128,149,146,152,151,175,177,179,195,161,161,203,186,185,171,219,151,165,63,165,173,182,170,203,190,210,174,204,70,187,206,153,173,169,161,164,102,167,252,225,161,170,48,17,,,125,116,,,161,165,226,26,239,238,260,215,175,221,240,154,197,200,259,229,236,128,186,198,226,179,18,,102,,,150,107,98,120,38,99,120,38,108,126,78,126,150,163,79,156,191,123,122,35,40,55,201,129,239,151,173,119,206,127,161,115,188,157,142,116,149,213,139,186,,,176,198,,,161,118,224,65,159,51,38,94,50,104,81,115,175,195,178,113,93,186,90,132,91,158,185,177,,229,,,b'\x11\xe8\xe1I\xe91\xa6B\x9a\xbe\x12\xdf\x17\xaeN\x1e'
11E8E149-E931-A642-9ABE-12DF17AE4E1E,2022-ncaa-d3-conf-MAC Freedom,ncaa,8,8,7,8,7,7,6,7,6,6,7,5,8,7,8,5,5,5,6,5,4,7,7,7,7,7,6,6,3,9,9,9,9,9,9,5,6,3,5,5,6,6,7,8,,,2,3,,,9,7,1,2,6,5,6,5,4,8,5,4,4,4,6,6,8,9,9,5,5,5,6,,5,,,9,9,9,6,8,8,3,9,9,6,8,6,8,7,9,7,6,7,4,9,9,9,7,6,5,9,9,7,9,9,9,9,7,6,7,9,7,9,5,8,,,8,8,,,9,3,7,9,9,9,9,9,9,8,9,8,9,8,7,9,9,9,9,9,9,7,8,9,,7,,,b'\x11\xe8\xe1I\xe91\xa6B\x9a\xbe\x12\xdf\x17\xaeN\x1e'
11E8E149-E931-A642-9ABE-12DF17AE4E1E,2022-ncaa-d3-natl,ncaa,328,290,345,332,366,362,368,371,323,340,356,262,352,314,387,210,256,252,230,251,83,364,366,325,312,320,222,292,44,394,394,377,417,391,411,348,240,150,324,333,224,187,274,251,,,125,199,,,367,348,165,290,342,353,350,306,299,330,238,148,122,117,323,280,387,375,398,317,289,146,260,,273,,,370,195,155,109,256,111,74,283,304,275,304,361,289,210,417,207,330,111,105,295,330,313,362,339,303,367,417,172,394,263,411,304,383,269,225,319,192,300,254,364,,,291,93,,,367,74,352,371,374,351,313,316,239,178,400,387,370,331,330,333,343,399,349,389,362,173,283,339,,131,,,b'\x11\xe8\xe1I\xe91\xa6B\x9a\xbe\x12\xdf\x17\xaeN\x1e'
11E8E149-E931-A642-9ABE-12DF17AE4E1E,2023-ncaa-d3-conf-MAC Freedom,ncaa,4,4,4,4,5,5,5,5,5,3,3,5,8,9,8,8,1,1,1,1,3,4,3,6,6,5,8,9,1,5,5,3,5,4,5,5,7,8,6,5,4,4,6,7,,,8,8,,,4,3,2,4,4,4,6,3,3,9,9,1,1,1,5,3,5,2,5,5,6,4,7,,8,,,4,6,4,6,3,3,5,4,7,6,5,5,4,7,1,7,6,6,8,4,3,3,7,6,4,5,5,3,5,5,5,5,3,4,4,4,5,5,9,6,,,1,2,,,4,7,5,3,4,4,4,7,4,6,7,6,5,6,6,7,7,5,4,5,5,4,5,9,,1,,,b'\x11\xe8\xe1I\xe91\xa6B\x9a\xbe\x12\xdf\x17\xaeN\x1e'
11E8E149-E931-A642-9ABE-12DF17AE4E1E,2023-ncaa-d3-natl,ncaa,210,247,109,231,162,205,213,198,236,136,93,232,368,352,378,379,84,85,135,84,187,175,117,296,263,296,358,398,59,149,176,125,217,132,182,193,167,373,326,286,58,68,212,224,,,359,330,,,201,113,151,288,254,254,246,140,90,389,382,78,95,98,210,148,163,145,153,219,325,68,237,,347,,,201,168,170,238,121,140,198,117,280,282,223,273,193,278,17,278,273,243,313,142,105,73,288,305,191,292,217,236,176,275,182,224,258,70,74,102,352,304,414,368,,,124,182,,,201,304,285,92,205,127,135,173,110,144,239,249,154,243,237,182,257,251,199,221,189,79,317,408,,138,,,b'\x11\xe8\xe1I\xe91\xa6B\x9a\xbe\x12\xdf\x17\xaeN\x1e'
11E8E149-E931-A642-9ABE-12DF17AE4E1E,2024-ncaa-d3-conf-MAC Freedom,ncaa,5,5,5,5,7,4,2,5,2,2,4,3,8,5,8,6,4,4,2,4,4,5,5,3,3,4,8,8,4,3,1,7,6,5,4,3,5,5,5,5,3,2,5,5,,,6,6,,,4,5,2,5,2,2,4,1,3,7,5,3,2,2,4,3,3,6,3,3,6,2,5,,6,,,4,4,3,2,5,3,2,4,4,5,7,7,5,8,1,8,7,3,4,6,5,4,7,7,6,5,6,1,1,1,4,4,5,3,3,2,3,3,1,1,,,4,3,,,4,4,3,4,4,6,5,4,5,3,5,6,5,8,8,6,7,5,2,3,5,2,3,2,,3,,,b'\x11\xe8\xe1I\xe91\xa6B\x9a\xbe\x12\xdf\x17\xaeN\x1e'
11E8E149-E931-A642-9ABE-12DF17AE4E1E,2024-ncaa-d3-natl,ncaa,129,115,200,127,247,176,168,202,138,106,139,92,331,281,377,313,123,180,64,181,243,198,170,179,164,199,358,367,137,159,112,166,243,161,139,180,235,289,274,232,108,120,186,210,,,277,260,,,158,182,136,207,157,139,162,73,106,341,290,107,165,164,150,123,135,134,116,175,292,102,189,,296,,,160,167,186,204,151,217,269,127,156,134,247,123,213,266,43,280,248,224,256,149,128,114,189,179,221,268,243,113,112,176,139,158,136,134,149,116,290,271,276,233,,,166,166,,,158,250,186,133,162,182,196,241,225,285,166,139,218,282,297,262,291,277,125,191,164,116,295,289,,118,,,b'\x11\xe8\xe1I\xe91\xa6B\x9a\xbe\x12\xdf\x17\xaeN\x1e'
11E8E149-E931-A642-9ABE-12DF17AE4E1E,2025-ncaa-d3-conf-MAC Freedom,genius_ncaa,8,8,5,8,6,7,8,7,8,7,5,8,8,7,8,7,3,4,4,4,4,6,5,8,8,8,5,8,1,2,4,8,8,7,8,8,7,7,7,7,2,2,8,8,,,5,4,,4,8,5,2,3,7,8,5,5,2,8,7,3,3,2,4,2,2,7,5,8,7,2,8,,5,,4,8,7,7,4,8,7,4,8,7,5,8,4,4,5,1,5,5,4,4,8,8,6,5,6,4,8,8,5,4,7,8,7,7,4,4,6,8,7,8,7,,,5,5,,6,8,4,8,7,8,7,7,6,7,7,7,6,5,5,5,7,7,8,6,8,7,2,8,8,,4,,6,b'\x11\xe8\xe1I\xe91\xa6B\x9a\xbe\x12\xdf\x17\xaeN\x1e'
11E8E149-E931-A642-9ABE-12DF17AE4E1E,2025-ncaa-d3-natl,genius_ncaa,370,400,192,385,248,305,288,185,351,186,59,366,391,384,387,398,205,226,141,224,359,192,170,378,367,352,391,400,91,89,110,312,381,215,300,313,315,280,265,329,162,178,325,354,,,149,112,,236,346,218,171,258,331,301,127,167,26,397,390,188,224,220,147,120,61,336,180,333,280,145,330,,151,,251,341,335,365,294,349,358,305,324,278,214,341,175,126,133,141,135,94,271,268,336,311,298,93,201,73,371,381,254,110,331,300,369,312,180,212,318,304,295,409,365,,,302,354,,177,346,202,334,341,346,324,351,316,358,334,271,219,129,140,146,293,298,366,265,332,353,156,303,411,,323,,175,b'\x11\xe8\xe1I\xe91\xa6B\x9a\xbe\x12\xdf\x17\xaeN\x1e'
11E8E149-E931-A642-9ABE-12DF17AE4E1E,2026-ncaa-d3-natl,genius_ncaa,288,200,327,282,337,354,335,347,244,284,230,320,363,395,88,399,341,382,7,379,409,357,360,278,271,261,371,345,245,319,164,326,297,330,213,349,332,88,226,284,298,214,334,323,,,150,334,,306,193,360,234,113,269,221,158,128,34,343,399,267,371,363,218,209,197,136,159,299,218,192,288,,339,,386,188,49,55,78,55,86,119,70,24,51,35,62,98,116,77,118,181,79,71,26,24,64,79,61,265,171,297,60,164,90,213,50,116,344,277,168,46,80,336,361,,,379,374,,262,193,52,264,106,192,97,123,256,198,322,39,98,190,244,260,261,238,331,155,245,96,268,84,409,,372,,217,b'\x11\xe8\xe1I\xe91\xa6B\x9a\xbe\x12\xdf\x17\xaeN\x1e'
11E8E149-E936-01EC-9ABE-12DF17AE4E1E,2018-ncaa-d3-conf-NCAC,ncaa,5,5,5,5,5,6,6,3,7,7,5,9,2,3,3,2,8,8,7,7,8,5,6,5,6,5,3,2,8,3,3,7,5,6,5,4,2,1,1,1,8,8,3,3,,,3,4,,,4,8,7,2,5,5,2,7,2,2,2,8,8,7,2,4,2,7,4,2,2,8,3,,4,,,4,4,3,4,6,5,4,6,1,1,2,2,5,7,1,7,7,4,3,5,5,5,1,1,8,4,5,6,3,4,5,3,2,6,5,3,2,2,8,8,,,7,8,,,4,2,5,5,5,4,4,3,6,3,1,1,5,7,7,3,3,4,8,6,3,6,3,8,,8,,,b'\x11\xe8\xe1I\xe96\x01\xec\x9a\xbe\x12\xdf\x17\xaeN\x1e'
11E8E149-E936-01EC-9ABE-12DF17AE4E1E,2018-ncaa-d3-natl,ncaa,218,251,123,239,168,222,183,95,293,202,113,337,130,151,120,176,383,392,282,387,431,141,208,278,317,237,240,111,431,99,145,242,197,162,214,170,192,39,33,64,345,351,179,213,,,158,188,,,230,257,376,207,256,208,82,248,122,140,159,414,421,420,143,280,100,312,198,178,25,378,194,,113,,,231,210,242,177,281,347,297,308,43,81,57,62,282,266,304,285,236,197,168,238,235,279,54,32,297,172,197,308,145,262,214,92,42,299,296,210,104,104,353,295,,,337,381,,,230,176,209,272,237,170,199,131,299,262,30,46,252,236,253,138,72,154,274,223,85,364,86,346,,393,,,b'\x11\xe8\xe1I\xe96\x01\xec\x9a\xbe\x12\xdf\x17\xaeN\x1e'
11E8E149-E936-01EC-9ABE-12DF17AE4E1E,2019-ncaa-d3-conf-NCAC,ncaa,2,2,1,2,1,3,2,1,3,2,2,3,3,2,5,3,8,8,6,8,9,2,1,3,3,4,8,4,9,3,3,4,2,2,2,1,1,9,6,2,2,2,3,4,,,7,5,,,3,1,6,2,3,3,5,3,6,4,5,9,8,8,7,4,5,5,4,1,6,3,3,,4,,,3,5,5,7,5,5,6,5,2,4,3,4,8,8,9,8,6,8,9,4,5,4,5,3,9,1,2,6,3,4,2,5,3,1,2,4,9,8,4,4,,,5,6,,,3,9,4,4,4,4,4,2,5,4,2,2,7,5,6,2,3,1,3,2,3,4,7,4,,7,,,b'\x11\xe8\xe1I\xe96\x01\xec\x9a\xbe\x12\xdf\x17\xaeN\x1e'
11E8E149-E936-01EC-9ABE-12DF17AE4E1E,2019-ncaa-d3-natl,ncaa,118,104,129,120,139,166,117,169,85,122,160,100,148,206,96,219,363,380,196,376,419,209,258,87,118,108,327,187,422,157,115,242,34,213,79,46,22,107,122,31,246,226,297,294,,,257,358,,,160,284,397,32,179,105,182,109,186,167,231,393,413,407,268,347,180,299,253,30,79,284,318,,225,,,161,188,139,107,242,167,162,196,155,113,322,138,362,279,439,291,318,116,102,238,310,316,300,161,381,22,34,119,115,59,79,157,196,296,256,245,122,141,86,69,,,306,318,,,160,164,100,229,152,153,121,53,138,118,137,75,342,247,259,65,28,17,83,38,136,346,108,70,,373,,,b'\x11\xe8\xe1I\xe96\x01\xec\x9a\xbe\x12\xdf\x17\xaeN\x1e'
11E8E149-E936-01EC-9ABE-12DF17AE4E1E,2020-ncaa-d3-conf-NCAC,ncaa,2,2,1,2,2,2,2,1,6,2,1,7,2,2,7,4,7,7,7,7,8,2,2,6,7,6,7,3,9,2,2,4,3,2,2,1,1,2,1,1,2,2,2,2,,,4,3,,,3,4,9,9,7,4,3,4,2,4,4,8,8,8,6,6,3,6,4,1,1,5,2,,2,,,3,4,5,4,4,4,5,4,8,7,7,8,4,5,4,5,6,5,6,4,4,3,7,8,6,4,3,7,2,7,2,5,4,2,1,3,2,2,5,4,,,6,8,,,3,5,2,3,3,2,3,1,3,2,4,2,3,2,2,2,2,3,4,3,5,3,2,4,,7,,,b'\x11\xe8\xe1I\xe96\x01\xec\x9a\xbe\x12\xdf\x17\xaeN\x1e'
11E8E149-E936-01EC-9ABE-12DF17AE4E1E,2020-ncaa-d3-natl,ncaa,79,111,26,104,26,132,85,38,222,87,54,223,126,96,202,190,349,351,249,349,426,60,94,223,257,191,311,171,423,46,82,145,139,71,128,32,25,96,38,16,130,148,90,101,,,182,151,,,120,144,400,43,232,147,96,156,130,177,165,408,421,421,166,289,74,293,172,48,33,201,126,,71,,,127,184,209,238,163,249,239,226,151,237,61,240,201,184,309,179,163,232,259,142,144,137,142,160,216,179,139,352,82,295,128,213,213,142,146,166,71,38,285,178,,,306,403,,,120,297,143,125,125,61,92,65,128,98,80,131,120,89,80,45,46,90,201,136,137,229,35,210,,413,,,b'\x11\xe8\xe1I\xe96\x01\xec\x9a\xbe\x12\xdf\x17\xaeN\x1e'
11E8E149-E936-01EC-9ABE-12DF17AE4E1E,2021-ncaa-d3-conf-NCAC,ncaa,4,5,2,5,2,2,2,2,4,2,2,5,3,3,4,4,5,5,6,5,6,2,3,4,5,4,6,4,6,1,3,4,5,3,5,2,1,3,1,1,2,1,5,4,,,3,3,,,4,3,4,1,3,2,2,2,1,4,4,6,6,6,2,3,1,6,5,1,1,1,6,,2,,,4,4,4,3,5,5,4,5,4,3,6,3,4,3,4,3,4,3,4,5,5,4,3,3,3,4,5,5,3,4,5,4,4,2,1,3,4,1,3,3,,,3,5,,,4,4,4,4,4,4,4,3,4,4,5,3,3,3,3,3,4,5,4,4,5,1,3,4,,5,,,b'\x11\xe8\xe1I\xe96\x01\xec\x9a\xbe\x12\xdf\x17\xaeN\x1e'
11E8E149-E936-01EC-9ABE-12DF17AE4E1E,2021-ncaa-d3-natl,ncaa,176,183,176,202,176,183,169,169,207,164,152,228,153,162,123,152,221,216,240,212,275,176,187,200,228,196,204,88,272,138,85,199,228,185,202,132,24,87,69,45,98,27,194,200,,,99,118,,,165,188,225,17,199,140,56,146,63,128,141,272,275,271,100,158,67,264,210,59,63,36,219,,104,,,163,103,108,94,201,107,96,193,115,103,212,155,96,96,175,98,118,94,101,199,199,137,129,174,96,116,228,110,85,109,202,109,121,144,40,78,96,90,110,112,,,194,225,,,165,98,178,142,163,117,131,62,127,83,160,100,81,75,92,49,99,164,165,160,132,66,85,149,,232,,,b'\x11\xe8\xe1I\xe96\x01\xec\x9a\xbe\x12\xdf\x17\xaeN\x1e'
11E8E149-E936-01EC-9ABE-12DF17AE4E1E,2022-ncaa-d3-conf-NCAC,ncaa,5,5,8,5,8,7,7,7,8,7,9,7,5,3,6,2,8,6,8,6,3,7,7,6,6,6,3,3,5,3,3,4,3,4,4,5,2,6,7,5,7,6,6,5,,,4,6,,,5,8,5,1,6,5,2,7,7,4,2,7,2,2,2,1,2,3,2,4,7,6,4,,6,,,5,3,4,3,5,4,3,5,3,3,5,5,3,3,2,3,4,2,2,4,4,5,5,5,5,2,3,5,3,3,4,4,3,9,8,5,4,4,1,1,,,7,5,,,5,2,6,5,5,5,5,6,5,5,5,6,4,7,7,5,4,5,8,5,5,8,4,1,,3,,,b'\x11\xe8\xe1I\xe96\x01\xec\x9a\xbe\x12\xdf\x17\xaeN\x1e'
11E8E149-E936-01EC-9ABE-12DF17AE4E1E,2022-ncaa-d3-natl,ncaa,256,257,250,263,264,275,264,244,311,264,264,273,198,140,309,122,323,323,274,321,286,254,283,293,313,283,201,162,293,176,186,236,157,218,199,208,92,133,187,187,330,331,192,205,,,117,158,,,319,301,311,64,297,271,160,276,253,194,118,329,324,325,208,229,138,184,154,179,184,340,175,,128,,,316,260,294,207,324,299,233,299,211,158,328,153,182,137,363,136,127,186,117,313,319,372,142,182,143,127,157,220,186,178,199,226,128,384,385,369,196,219,88,118,,,335,333,,,319,121,264,359,321,303,323,289,330,303,230,176,224,173,175,258,132,165,284,237,251,400,215,89,,346,,,b'\x11\xe8\xe1I\xe96\x01\xec\x9a\xbe\x12\xdf\x17\xaeN\x1e'
11E8E149-E936-01EC-9ABE-12DF17AE4E1E,2023-ncaa-d3-conf-NCAC,ncaa,5,5,5,5,6,5,5,5,5,5,4,5,5,5,5,5,7,8,5,8,8,5,5,5,6,5,6,5,8,6,6,4,5,5,6,3,2,3,4,3,3,4,5,5,,,7,7,,,5,5,2,5,5,5,3,4,3,5,5,7,7,7,3,3,6,4,4,3,4,3,5,,7,,,5,5,4,5,5,5,5,4,2,1,4,2,6,6,6,6,6,5,5,4,5,5,3,2,6,5,5,6,6,5,6,4,4,4,4,5,4,4,6,7,,,8,8,,,5,4,5,5,5,6,5,6,5,6,2,1,6,6,6,5,7,6,7,6,5,3,4,8,,8,,,b'\x11\xe8\xe1I\xe96\x01\xec\x9a\xbe\x12\xdf\x17\xaeN\x1e'
11E8E149-E936-01EC-9ABE-12DF17AE4E1E,2023-ncaa-d3-natl,ncaa,270,297,185,283,240,215,191,218,156,170,158,198,219,278,116,287,288,317,214,318,368,241,280,168,191,171,306,236,339,282,299,231,156,271,253,134,109,103,129,87,236,231,187,214,,,216,260,,,271,268,247,288,216,169,196,155,140,227,290,314,336,336,237,305,298,227,279,108,107,235,190,,233,,,269,296,286,199,321,284,246,252,267,146,406,136,265,225,356,225,191,195,160,320,337,363,224,239,208,147,156,243,299,198,253,211,119,311,322,292,211,251,352,320,,,360,387,,,271,175,193,326,263,290,291,219,286,254,268,144,273,224,227,215,159,146,265,211,216,333,220,359,,398,,,b'\x11\xe8\xe1I\xe96\x01\xec\x9a\xbe\x12\xdf\x17\xaeN\x1e'
11E8E149-E936-01EC-9ABE-12DF17AE4E1E,2024-ncaa-d3-conf-NCAC,ncaa,4,4,3,4,4,4,3,4,3,4,4,3,1,2,2,3,4,4,5,4,4,4,4,2,3,4,4,2,6,4,4,2,4,4,4,4,5,3,4,4,2,2,1,1,,,8,8,,,4,4,4,3,4,3,3,3,4,1,2,4,4,4,4,6,5,1,3,5,2,2,1,,8,,,4,4,2,3,3,3,3,2,3,1,3,1,8,8,5,8,8,7,6,3,3,4,7,3,8,5,4,7,4,6,4,1,3,4,4,3,4,4,6,5,,,4,6,,,4,5,4,4,4,4,4,3,4,3,3,1,8,8,8,4,5,4,6,5,3,4,4,6,,6,,,b'\x11\xe8\xe1I\xe96\x01\xec\x9a\xbe\x12\xdf\x17\xaeN\x1e'
11E8E149-E936-01EC-9ABE-12DF17AE4E1E,2024-ncaa-d3-natl,ncaa,67,66,63,71,92,115,104,130,85,106,125,120,120,188,32,242,247,227,283,227,303,130,184,78,102,82,257,178,357,189,240,133,209,152,218,121,219,90,75,71,199,222,15,21,,,354,365,,,128,177,342,244,148,115,204,136,184,158,246,306,294,295,233,345,249,207,233,145,50,253,19,,302,,,131,215,170,248,105,236,326,93,86,104,127,58,379,371,321,370,295,274,254,85,119,171,209,60,389,274,209,308,240,301,218,163,157,254,294,207,181,174,300,244,,,237,285,,,128,241,89,187,127,119,96,113,159,229,49,50,334,317,317,149,104,218,201,202,104,324,127,254,,336,,,b'\x11\xe8\xe1I\xe96\x01\xec\x9a\xbe\x12\xdf\x17\xaeN\x1e'
11E8E149-E936-01EC-9ABE-12DF17AE4E1E,2025-ncaa-d3-conf-NCAC,genius_ncaa,4,3,4,4,4,4,5,5,3,6,6,2,1,1,4,1,4,4,4,4,1,5,5,3,3,4,1,1,6,5,4,4,3,6,3,6,3,3,3,3,2,2,2,4,,,6,7,,7,4,3,3,1,3,4,3,6,7,1,1,3,4,4,4,4,4,3,4,3,3,2,2,,8,,7,4,3,3,3,5,4,6,2,1,1,7,1,8,8,7,8,8,3,5,3,4,4,4,1,8,3,3,4,4,3,3,2,2,6,6,4,3,4,5,6,,,5,5,,8,4,6,4,4,4,4,4,4,5,6,1,1,8,8,8,4,4,4,4,4,4,6,4,5,,5,,8,b'\x11\xe8\xe1I\xe96\x01\xec\x9a\xbe\x12\xdf\x17\xaeN\x1e'
11E8E149-E936-01EC-9ABE-12DF17AE4E1E,2025-ncaa-d3-natl,genius_ncaa,141,155,116,156,130,102,107,193,39,169,303,18,42,62,64,41,167,211,72,206,116,194,211,26,27,43,83,56,300,206,122,221,111,223,84,140,268,149,150,137,149,120,149,182,,,281,329,,360,104,225,320,73,73,89,229,185,358,36,62,172,243,238,242,297,235,282,261,149,131,162,171,,261,,354,102,233,228,148,289,283,285,200,100,26,370,22,315,309,245,303,263,177,154,267,285,279,145,72,303,92,111,55,122,55,84,136,97,246,239,193,176,185,213,288,,,262,271,,295,104,194,40,252,101,184,178,94,239,241,91,16,313,300,295,119,84,80,33,38,117,296,158,203,,321,,314,b'\x11\xe8\xe1I\xe96\x01\xec\x9a\xbe\x12\xdf\x17\xaeN\x1e'
11E8E149-E936-01EC-9ABE-12DF17AE4E1E,2026-ncaa-d3-conf-NCAC,genius_ncaa,1,1,1,1,1,5,7,2,7,8,8,7,1,1,3,1,5,1,7,1,1,1,4,6,6,6,1,1,5,2,3,7,8,5,7,1,1,1,1,1,4,5,2,4,,,2,2,,1,2,7,7,1,5,7,2,8,8,1,1,5,1,1,1,4,2,7,5,1,1,4,2,,2,,1,2,2,3,5,3,4,8,3,4,2,7,2,2,1,4,1,1,4,7,2,2,2,4,4,2,8,8,7,3,8,7,4,5,1,3,4,1,1,5,7,,,2,3,,2,2,3,3,2,2,2,3,5,4,8,4,2,2,1,1,4,7,8,7,8,4,1,1,5,,2,,2,b'\x11\xe8\xe1I\xe96\x01\xec\x9a\xbe\x12\xdf\x17\xaeN\x1e'
11E8E149-E936-01EC-9ABE-12DF17AE4E1E,2026-ncaa-d3-natl,genius_ncaa,1,1,42,1,110,9,15,22,134,56,73,147,8,17,66,99,19,13,234,13,58,18,35,99,86,52,61,76,171,4,11,127,153,28,42,14,79,223,33,32,23,42,36,35,,,386,371,,271,7,69,161,389,11,38,32,126,156,15,34,42,26,30,21,49,10,282,57,27,87,40,51,,360,,213,16,256,247,250,188,233,254,172,274,263,264,197,274,341,53,338,305,265,326,200,179,80,261,253,244,221,153,276,11,264,42,269,258,25,35,68,160,40,193,110,,,32,120,,62,7,349,13,67,17,87,93,60,93,93,168,116,168,243,234,74,183,116,119,106,167,44,63,116,,50,,110,b'\x11\xe8\xe1I\xe96\x01\xec\x9a\xbe\x12\xdf\x17\xaeN\x1e'
11E8E149-E93A-7380-9ABE-12DF17AE4E1E,2018-ncaa-d3-conf-Centennial,ncaa,5,5,6,5,6,7,7,10,5,6,9,5,7,9,6,8,1,1,5,1,1,10,8,6,5,6,7,7,1,8,3,5,3,5,3,10,11,9,9,9,10,9,7,5,,,4,5,,,7,7,2,5,6,7,10,6,6,7,8,1,1,1,9,6,7,4,3,10,9,9,6,,6,,,7,5,7,5,6,6,5,6,6,7,4,7,8,8,5,8,7,6,3,5,5,7,8,5,7,2,3,1,3,2,3,1,1,9,9,6,7,7,6,6,,,2,2,,,7,4,7,7,6,7,8,8,8,7,6,8,8,8,8,9,7,4,3,3,4,8,7,6,,1,,,b'\x11\xe8\xe1I\xe9:s\x80\x9a\xbe\x12\xdf\x17\xaeN\x1e'
11E8E149-E93A-7380-9ABE-12DF17AE4E1E,2018-ncaa-d3-natl,ncaa,262,279,197,275,264,294,318,344,269,254,206,315,373,388,259,388,100,124,143,126,114,312,307,306,258,272,267,378,23,249,185,142,81,177,92,396,433,203,264,387,394,394,187,219,,,108,160,,,277,317,339,303,314,342,379,268,193,385,405,66,92,91,343,338,247,77,135,415,209,413,184,,94,,,274,168,208,192,217,252,304,165,117,91,293,72,170,204,88,192,140,192,110,198,176,291,116,126,197,105,81,118,185,96,92,67,27,406,416,280,166,232,327,328,,,175,71,,,277,138,271,265,273,188,226,227,271,319,131,89,168,210,199,218,82,104,129,107,80,430,176,342,,138,,,b'\x11\xe8\xe1I\xe9:s\x80\x9a\xbe\x12\xdf\x17\xaeN\x1e'
11E8E149-E93A-7380-9ABE-12DF17AE4E1E,2019-ncaa-d3-conf-Centennial,ncaa,6,5,6,6,8,5,5,8,3,7,11,3,4,5,2,3,4,7,1,7,4,9,9,3,3,2,2,3,7,10,10,7,6,9,8,6,8,1,3,4,6,6,6,6,,,11,10,,,5,6,3,4,2,3,6,6,9,2,4,4,6,6,8,8,10,5,9,5,4,6,6,,11,,,5,7,6,4,6,6,5,6,2,3,5,3,11,11,6,11,10,5,7,6,6,7,7,3,11,5,6,4,10,4,8,2,1,7,6,3,2,3,8,10,,,7,4,,,5,6,4,7,4,8,7,5,7,5,5,4,11,11,11,6,8,7,6,6,4,4,4,9,,4,,,b'\x11\xe8\xe1I\xe9:s\x80\x9a\xbe\x12\xdf\x17\xaeN\x1e'
11E8E149-E93A-7380-9ABE-12DF17AE4E1E,2019-ncaa-d3-natl,ncaa,187,185,215,187,276,199,220,276,155,259,326,161,104,130,91,85,239,307,25,301,211,289,348,113,102,73,96,82,267,396,406,251,249,331,342,214,253,28,53,86,205,183,150,146,,,303,369,,,138,320,310,274,176,194,270,270,342,91,106,225,325,308,289,394,413,237,362,199,27,195,140,,328,,,132,102,75,107,105,121,178,110,55,91,73,105,356,359,240,356,373,134,138,80,121,135,245,84,415,227,249,256,406,242,342,23,35,233,204,74,31,49,373,399,,,286,174,,,138,131,123,159,129,126,83,106,138,197,59,86,370,369,370,164,162,253,277,274,32,225,36,383,,276,,,b'\x11\xe8\xe1I\xe9:s\x80\x9a\xbe\x12\xdf\x17\xaeN\x1e'
11E8E149-E93A-7380-9ABE-12DF17AE4E1E,2020-ncaa-d3-conf-Centennial,ncaa,3,4,1,4,2,2,3,1,5,6,5,4,4,2,3,3,2,1,2,1,1,1,1,4,3,3,2,3,3,6,8,3,1,4,6,3,3,9,4,3,1,2,10,9,,,11,9,,,3,1,1,4,2,4,4,7,8,4,2,2,4,4,3,3,7,5,5,3,5,2,10,,9,,,3,8,6,5,6,4,4,5,8,6,9,5,10,10,2,11,10,7,10,6,7,5,9,7,9,2,1,11,8,9,6,7,8,1,1,1,7,5,11,9,,,2,5,,,3,11,3,3,4,5,4,2,3,1,6,4,9,10,10,4,7,1,8,5,5,1,6,10,,4,,,b'\x11\xe8\xe1I\xe9:s\x80\x9a\xbe\x12\xdf\x17\xaeN\x1e'
11E8E149-E93A-7380-9ABE-12DF17AE4E1E,2020-ncaa-d3-natl,ncaa,134,163,65,158,106,194,229,148,299,252,192,310,143,128,205,165,86,120,117,116,126,140,182,284,251,200,106,164,86,158,254,136,44,147,184,184,124,76,60,96,118,114,267,256,,,411,420,,,136,201,348,245,256,308,251,327,289,184,178,124,161,157,236,338,209,220,225,219,41,155,298,,381,,,138,113,63,74,133,84,149,83,130,70,326,88,367,395,80,398,404,126,200,128,163,100,337,178,406,78,44,379,254,276,184,73,138,87,69,41,103,98,423,410,,,131,124,,,136,257,204,69,131,50,29,13,46,64,85,29,315,353,366,32,63,42,283,172,47,138,65,408,,193,,,b'\x11\xe8\xe1I\xe9:s\x80\x9a\xbe\x12\xdf\x17\xaeN\x1e'
11E8E149-E93A-7380-9ABE-12DF17AE4E1E,2022-ncaa-d3-conf-Centennial,ncaa,4,4,4,4,4,4,3,5,4,5,4,4,4,4,2,4,8,8,9,8,8,6,5,3,4,4,5,4,11,4,3,6,7,4,5,4,6,7,6,5,7,5,8,9,,,9,9,,,4,5,9,5,4,2,3,4,6,4,4,8,8,8,7,6,3,6,5,3,7,5,8,,9,,,5,5,7,6,6,9,8,7,1,2,1,2,7,7,6,7,4,7,6,5,4,4,1,1,7,7,7,2,3,4,5,3,2,5,5,3,8,7,3,3,,,7,8,,,4,7,3,5,5,4,5,6,8,7,1,2,7,7,7,6,4,8,4,4,3,5,7,3,,8,,,b'\x11\xe8\xe1I\xe9:s\x80\x9a\xbe\x12\xdf\x17\xaeN\x1e'
11E8E149-E93A-7380-9ABE-12DF17AE4E1E,2022-ncaa-d3-natl,ncaa,147,182,107,173,115,242,219,208,257,203,154,298,232,262,163,279,320,306,322,309,363,228,259,261,286,247,277,224,333,84,63,169,167,131,110,214,187,100,117,157,220,191,262,293,,,289,373,,,129,304,425,73,331,291,286,254,196,272,302,378,362,363,329,390,109,244,162,256,65,260,293,,253,,,135,45,59,131,49,171,272,78,8,25,1,15,169,187,147,181,144,128,138,17,27,41,13,4,334,211,167,184,63,178,110,28,61,249,219,78,98,132,263,216,,,320,336,,,129,120,202,49,125,11,20,31,118,205,1,7,131,141,138,33,15,152,105,120,11,312,76,227,,399,,,b'\x11\xe8\xe1I\xe9:s\x80\x9a\xbe\x12\xdf\x17\xaeN\x1e'
11E8E149-E93A-7380-9ABE-12DF17AE4E1E,2023-ncaa-d3-conf-Centennial,ncaa,3,3,6,3,6,5,3,7,3,3,5,3,9,11,6,11,9,8,8,9,8,6,7,3,4,4,11,10,8,5,5,6,5,6,4,5,4,3,5,5,3,2,6,4,,,8,8,,,3,8,8,1,4,3,7,3,3,9,11,7,5,7,5,5,4,5,5,3,5,2,6,,9,,,2,1,1,1,1,1,2,1,2,3,3,7,8,8,5,8,9,1,3,1,2,1,10,6,10,4,5,1,5,3,4,2,4,3,2,1,3,5,3,2,,,7,5,,,3,4,4,1,3,1,1,1,1,2,3,5,8,9,9,1,5,6,2,3,3,2,5,3,,6,,,b'\x11\xe8\xe1I\xe9:s\x80\x9a\xbe\x12\xdf\x17\xaeN\x1e'
11E8E149-E93A-7380-9ABE-12DF17AE4E1E,2023-ncaa-d3-natl,ncaa,107,85,185,101,198,294,248,284,196,169,110,276,383,406,161,412,318,328,263,327,403,294,342,266,282,257,404,391,289,179,111,271,132,229,106,267,255,72,152,185,182,106,126,101,,,156,300,,,94,371,425,71,328,272,327,150,73,393,414,349,358,350,347,393,172,295,231,275,83,187,122,,157,,,88,14,13,32,6,20,104,4,27,22,106,58,117,106,220,102,168,35,48,7,10,8,233,113,368,92,132,72,111,65,106,17,120,171,70,16,89,142,258,185,,,322,256,,,94,57,219,7,80,2,2,12,7,96,16,11,103,100,93,10,12,104,66,66,11,175,94,269,,361,,,b'\x11\xe8\xe1I\xe9:s\x80\x9a\xbe\x12\xdf\x17\xaeN\x1e'
11E8E149-E93A-7380-9ABE-12DF17AE4E1E,2024-ncaa-d3-conf-Centennial,ncaa,3,3,1,3,1,3,3,2,2,3,4,4,4,5,2,7,7,8,5,8,8,3,3,2,2,3,6,3,10,3,3,5,2,4,3,3,4,4,4,4,2,2,6,5,,,11,11,,,3,5,11,6,3,3,3,3,5,4,6,9,9,9,4,8,3,6,5,3,4,2,7,,10,,,3,6,3,3,6,3,5,4,5,2,11,3,9,10,4,10,10,4,5,6,6,5,9,6,8,1,2,4,3,1,3,5,5,4,3,2,2,2,1,1,,,6,6,,,3,7,3,3,3,3,2,1,2,3,4,2,7,8,8,1,1,1,2,1,3,4,2,1,,7,,,b'\x11\xe8\xe1I\xe9:s\x80\x9a\xbe\x12\xdf\x17\xaeN\x1e'
11E8E149-E93A-7380-9ABE-12DF17AE4E1E,2024-ncaa-d3-natl,ncaa,74,87,63,88,74,217,186,227,154,182,182,225,184,274,34,283,325,345,199,338,371,252,289,149,172,166,269,181,363,134,71,252,48,198,69,183,184,132,175,147,130,73,193,170,,,315,403,,,122,326,426,171,302,252,360,238,248,222,327,380,394,391,391,416,180,365,299,232,76,169,224,,252,,,126,48,52,43,164,97,140,108,30,20,307,19,171,221,74,209,263,44,83,140,148,80,149,68,324,36,48,81,71,45,69,46,95,150,61,45,27,31,82,59,,,291,275,,,122,110,134,59,103,11,18,1,53,47,15,1,119,161,149,4,3,16,22,15,26,205,16,44,,381,,,b'\x11\xe8\xe1I\xe9:s\x80\x9a\xbe\x12\xdf\x17\xaeN\x1e'
11E8E149-E93A-7380-9ABE-12DF17AE4E1E,2025-ncaa-d3-conf-Centennial,genius_ncaa,5,6,1,6,1,4,4,3,7,6,3,9,5,6,3,9,7,6,10,6,8,4,3,6,8,8,5,4,8,3,6,4,5,4,6,6,7,8,7,7,3,4,4,5,,,11,10,,11,6,3,4,1,6,5,3,6,3,6,9,7,6,6,4,3,3,4,4,6,7,3,6,,11,,11,6,7,7,9,4,9,9,5,4,6,3,5,8,9,1,9,8,9,10,5,4,4,3,3,6,6,5,11,6,10,6,4,3,4,5,3,7,3,5,3,,,7,8,,7,6,10,7,4,6,5,6,7,7,7,4,5,6,8,8,7,7,5,9,8,4,5,5,4,,8,,7,b'\x11\xe8\xe1I\xe9:s\x80\x9a\xbe\x12\xdf\x17\xaeN\x1e'
11E8E149-E93A-7380-9ABE-12DF17AE4E1E,2025-ncaa-d3-natl,genius_ncaa,173,215,55,202,55,263,239,189,285,230,132,343,242,292,124,308,304,261,346,258,331,196,180,294,316,300,256,210,299,181,270,121,174,156,232,240,235,261,257,269,96,100,124,147,,,353,369,,411,221,184,366,10,347,323,309,292,191,286,344,356,335,339,331,341,248,213,232,308,205,123,141,,320,,407,222,106,119,181,105,246,303,113,24,45,31,29,232,319,10,323,270,221,252,58,57,62,53,23,284,235,174,334,270,305,232,107,112,129,135,96,113,111,267,217,,,294,338,,190,221,253,306,69,217,49,65,72,156,204,15,19,168,272,279,92,98,158,245,210,64,184,84,226,,380,,215,b'\x11\xe8\xe1I\xe9:s\x80\x9a\xbe\x12\xdf\x17\xaeN\x1e'
11E8E149-E93A-7380-9ABE-12DF17AE4E1E,2026-ncaa-d3-conf-Centennial,genius_ncaa,3,1,10,1,10,11,11,11,5,11,11,7,10,10,3,9,5,6,8,6,1,11,11,4,4,4,2,6,1,10,4,11,4,11,4,9,1,2,5,3,11,10,11,11,,,2,9,,1,7,11,11,1,6,8,10,9,7,4,8,1,1,1,6,9,2,10,5,3,5,10,11,,6,,1,7,2,2,1,11,2,2,11,2,1,3,1,2,2,5,3,8,1,1,10,10,10,2,2,7,1,4,1,4,1,4,4,11,10,6,10,2,7,6,9,,,8,1,,2,7,1,4,8,7,6,8,1,11,7,2,1,6,8,8,1,1,1,4,1,11,7,5,9,,1,,1,b'\x11\xe8\xe1I\xe9:s\x80\x9a\xbe\x12\xdf\x17\xaeN\x1e'
11E8E149-E93A-7380-9ABE-12DF17AE4E1E,2026-ncaa-d3-natl,genius_ncaa,54,132,42,116,109,90,67,80,163,73,61,239,99,157,63,272,202,241,93,236,382,89,101,163,179,168,242,161,328,63,101,97,54,84,71,30,44,257,162,78,207,255,145,223,,,210,146,,45,175,117,337,383,197,157,177,159,130,163,268,318,356,355,236,289,137,222,180,59,137,300,222,,72,,39,184,305,332,283,352,374,327,362,111,173,69,65,224,215,215,230,129,277,272,314,280,295,13,24,122,126,54,276,101,228,71,351,279,185,249,322,257,169,290,206,,,193,331,,201,175,299,141,241,187,165,238,104,318,214,29,43,105,96,119,95,46,34,119,68,286,318,152,229,,352,,259,b'\x11\xe8\xe1I\xe9:s\x80\x9a\xbe\x12\xdf\x17\xaeN\x1e'
11E8E149-E93E-C2BE-9ABE-12DF17AE4E1E,2018-ncaa-d3-conf-NACC,ncaa,7,7,7,7,8,7,7,3,9,8,5,9,7,6,10,6,5,2,12,1,3,3,4,9,9,8,8,7,6,1,1,7,9,3,6,9,12,4,4,9,10,10,1,2,,,5,4,,,7,8,5,5,7,7,2,7,3,7,6,4,1,1,2,2,1,7,1,9,5,9,1,,7,,,7,5,7,9,7,10,11,8,2,3,2,2,5,7,4,6,4,9,6,5,4,6,2,1,7,10,9,6,1,8,6,7,8,9,11,10,6,6,8,8,,,2,3,,,7,5,7,7,7,7,7,10,10,12,3,4,6,7,6,11,9,10,6,8,8,8,6,8,,1,,,b'\x11\xe8\xe1I\xe9>\xc2\xbe\x9a\xbe\x12\xdf\x17\xaeN\x1e'
11E8E149-E93E-C2BE-9ABE-12DF17AE4E1E,2018-ncaa-d3-natl,ncaa,179,172,197,179,251,221,208,143,279,187,153,261,230,168,320,213,246,106,431,102,138,127,159,291,326,275,269,238,277,45,50,198,258,95,142,282,378,95,69,222,347,365,33,46,,,155,149,,,186,247,216,263,204,191,76,166,121,216,147,250,80,73,61,102,32,149,43,302,106,364,23,,153,,,185,142,199,267,141,294,364,129,65,103,72,64,161,179,145,180,106,250,210,88,80,156,59,61,203,304,258,233,50,256,142,272,314,290,321,312,191,158,315,282,,,103,94,,,186,191,210,182,187,165,214,305,293,366,62,104,161,175,178,290,243,308,255,278,276,298,200,332,,49,,,b'\x11\xe8\xe1I\xe9>\xc2\xbe\x9a\xbe\x12\xdf\x17\xaeN\x1e'
11E8E149-E93E-C2BE-9ABE-12DF17AE4E1E,2019-ncaa-d3-conf-NACC,ncaa,5,5,2,5,2,6,7,1,10,6,1,10,9,9,8,10,6,5,7,5,11,1,1,10,10,9,10,11,8,1,1,6,8,1,5,9,10,8,5,9,1,3,1,1,,,13,13,,,7,3,7,5,7,7,2,6,1,10,9,8,9,9,2,3,1,9,3,9,7,4,1,,12,,,7,6,4,5,4,5,9,4,4,4,5,4,13,13,10,13,13,7,10,4,4,4,12,3,12,10,8,10,1,9,5,6,10,2,5,4,6,3,11,7,,,9,11,,,7,9,8,5,7,5,3,3,3,3,3,5,12,12,12,5,7,8,8,8,6,4,3,9,,12,,,b'\x11\xe8\xe1I\xe9>\xc2\xbe\x9a\xbe\x12\xdf\x17\xaeN\x1e'
11E8E149-E93E-C2BE-9ABE-12DF17AE4E1E,2019-ncaa-d3-natl,ncaa,118,134,67,137,116,209,183,46,367,150,34,378,274,220,337,325,253,213,332,198,370,55,67,381,383,343,330,303,289,19,30,183,252,52,116,223,313,216,89,232,82,83,2,2,,,414,417,,,150,134,285,333,296,256,53,195,43,321,278,305,271,258,71,103,18,297,65,295,148,101,3,,389,,,154,108,58,150,40,105,242,39,39,82,40,69,418,417,268,415,397,207,300,27,67,44,308,53,441,282,252,312,30,311,116,181,378,84,80,86,135,60,405,288,,,282,408,,,150,296,284,53,162,49,24,45,58,144,20,41,384,382,379,77,153,213,217,203,123,104,95,381,,387,,,b'\x11\xe8\xe1I\xe9>\xc2\xbe\x9a\xbe\x12\xdf\x17\xaeN\x1e'
11E8E149-E93E-C2BE-9ABE-12DF17AE4E1E,2020-ncaa-d3-conf-NACC,ncaa,4,4,1,4,4,5,5,2,8,4,2,11,6,6,4,10,7,7,8,7,9,2,2,8,7,7,8,5,7,1,5,3,7,3,6,5,10,8,5,7,3,5,2,1,,,12,11,,,6,3,4,13,5,6,3,6,3,6,8,8,7,7,3,3,1,5,5,8,7,4,2,,10,,,6,8,6,6,5,9,11,4,3,3,5,1,12,12,11,12,11,8,11,4,5,4,7,1,13,7,7,11,5,10,6,5,4,3,4,3,10,8,7,4,,,3,9,,,6,11,7,4,6,6,5,5,6,9,3,2,12,11,11,7,6,5,9,6,5,5,8,6,,4,,,b'\x11\xe8\xe1I\xe9>\xc2\xbe\x9a\xbe\x12\xdf\x17\xaeN\x1e'
11E8E149-E93E-C2BE-9ABE-12DF17AE4E1E,2020-ncaa-d3-natl,ncaa,79,85,65,88,125,141,138,57,272,173,70,333,96,110,107,215,208,160,336,162,298,57,80,253,281,227,172,127,316,78,156,86,123,69,165,135,157,143,67,94,85,98,4,2,,,384,347,,,111,83,196,436,196,179,76,233,112,120,159,268,226,230,85,146,103,128,101,151,85,104,1,,320,,,113,154,87,202,58,127,309,38,69,77,160,42,404,406,237,407,360,259,331,41,86,63,286,77,424,204,123,393,156,336,165,138,220,91,111,77,251,188,310,212,,,168,293,,,111,343,210,52,126,82,42,87,89,212,38,32,376,375,374,138,181,146,307,253,101,143,197,264,,248,,,b'\x11\xe8\xe1I\xe9>\xc2\xbe\x9a\xbe\x12\xdf\x17\xaeN\x1e'
11E8E149-E93E-C2BE-9ABE-12DF17AE4E1E,2021-ncaa-d3-conf-NACC,ncaa,8,5,12,6,12,10,10,12,3,10,12,3,11,11,8,11,10,9,9,9,3,12,12,5,6,8,9,11,4,11,5,12,10,12,6,11,10,4,10,9,12,10,11,8,,,1,4,,,9,12,1,4,4,4,6,2,2,10,9,3,2,2,4,2,5,2,2,7,11,9,8,,7,,,9,2,2,2,8,2,2,8,4,3,11,12,1,1,12,1,4,2,1,9,8,11,8,11,2,2,10,1,5,1,6,2,4,12,10,11,5,11,3,9,,,12,4,,,9,1,7,10,9,12,12,12,11,11,12,12,7,5,4,12,12,12,6,11,11,9,11,10,,2,,,b'\x11\xe8\xe1I\xe9>\xc2\xbe\x9a\xbe\x12\xdf\x17\xaeN\x1e'
11E8E149-E93E-C2BE-9ABE-12DF17AE4E1E,2021-ncaa-d3-natl,ncaa,148,115,193,155,197,177,175,194,75,152,184,57,202,199,199,226,161,152,207,154,87,191,192,102,102,140,233,242,107,200,198,182,164,185,148,185,211,106,200,187,213,254,177,191,,,87,93,,,201,190,22,110,83,76,118,39,73,209,208,70,41,42,77,54,181,26,74,136,220,237,176,,160,,,199,118,123,114,186,120,105,210,140,136,163,233,95,89,214,90,68,109,98,195,192,225,132,211,58,113,164,95,198,97,148,125,120,210,251,244,126,221,114,172,,,170,61,,,201,96,154,228,194,264,265,271,246,238,252,264,140,117,116,270,255,219,176,202,233,219,240,206,,40,,,b'\x11\xe8\xe1I\xe9>\xc2\xbe\x9a\xbe\x12\xdf\x17\xaeN\x1e'
11E8E149-E93E-C2BE-9ABE-12DF17AE4E1E,2022-ncaa-d3-conf-NACC,ncaa,10,11,8,11,10,11,11,8,12,13,12,12,3,2,9,1,12,12,10,12,11,10,12,11,11,11,1,1,11,12,14,11,13,12,14,11,10,5,5,9,8,9,9,10,,,13,12,,,12,8,4,6,12,12,7,14,14,3,2,13,12,12,8,11,12,10,12,11,4,8,10,,14,,,12,13,12,8,11,12,10,11,7,5,9,2,10,12,6,11,9,12,10,11,11,12,4,3,9,13,13,14,14,14,14,10,8,8,9,12,5,6,2,6,,,11,11,,,12,7,12,12,12,12,12,11,12,13,7,5,12,12,12,13,13,13,14,14,11,8,4,2,,10,,,b'\x11\xe8\xe1I\xe9>\xc2\xbe\x9a\xbe\x12\xdf\x17\xaeN\x1e'
11E8E149-E93E-C2BE-9ABE-12DF17AE4E1E,2022-ncaa-d3-natl,ncaa,328,365,188,345,231,337,328,199,403,383,308,404,90,55,283,29,393,382,379,382,365,237,269,384,396,372,42,21,399,379,423,283,360,340,418,343,332,120,156,310,235,277,285,324,,,341,332,,,393,210,161,290,384,384,169,410,367,82,41,412,413,414,253,319,405,330,390,380,117,246,306,,358,,,379,352,346,273,333,373,304,346,185,196,185,137,341,342,231,342,305,293,268,310,323,321,132,100,267,349,360,415,423,409,418,300,163,216,276,287,156,177,139,207,,,338,355,,,393,226,384,341,381,335,336,293,352,309,160,180,346,348,348,316,294,337,418,403,288,231,155,121,,386,,,b'\x11\xe8\xe1I\xe9>\xc2\xbe\x9a\xbe\x12\xdf\x17\xaeN\x1e'
11E8E149-E93E-C2BE-9ABE-12DF17AE4E1E,2023-ncaa-d3-conf-NACC,ncaa,13,13,7,13,7,11,9,7,12,9,6,12,9,6,10,8,13,8,14,8,7,8,4,12,12,12,10,9,12,12,13,6,12,10,14,7,4,11,9,9,9,10,2,5,,,12,8,,,11,2,1,1,11,9,4,9,4,9,6,13,6,6,4,3,12,3,7,7,12,9,1,,13,,,11,12,12,13,6,13,14,3,7,5,9,3,14,14,12,13,6,13,14,5,7,9,4,4,10,14,12,14,13,14,14,13,13,11,12,13,13,12,3,3,,,11,12,,,11,12,12,10,11,12,12,14,13,14,7,7,14,14,13,14,14,14,14,14,13,10,13,3,,9,,,b'\x11\xe8\xe1I\xe9>\xc2\xbe\x9a\xbe\x12\xdf\x17\xaeN\x1e'
11E8E149-E93E-C2BE-9ABE-12DF17AE4E1E,2023-ncaa-d3-natl,ncaa,381,411,185,396,185,303,281,181,362,273,179,360,237,174,346,206,351,212,422,219,227,188,143,362,385,370,258,193,337,347,414,75,346,183,392,279,222,332,302,328,259,351,87,170,,,355,246,,,392,86,64,8,336,309,143,289,178,254,176,378,207,209,151,98,362,21,166,289,320,266,83,,372,,,381,402,393,410,200,395,411,164,267,266,230,101,361,364,270,363,186,412,381,168,187,301,160,135,252,410,346,425,414,422,392,404,387,309,398,402,389,366,134,119,,,248,322,,,392,339,385,347,377,388,377,414,381,416,268,274,372,370,374,418,407,398,423,420,394,329,371,127,,263,,,b'\x11\xe8\xe1I\xe9>\xc2\xbe\x9a\xbe\x12\xdf\x17\xaeN\x1e'
11E8E149-E93E-C2BE-9ABE-12DF17AE4E1E,2024-ncaa-d3-conf-NACC,ncaa,14,14,9,14,10,14,13,13,13,12,5,13,13,13,12,13,14,14,14,14,14,14,13,13,13,13,12,11,14,10,12,12,14,12,13,14,13,9,11,13,13,13,8,10,,,4,3,,,14,13,6,5,14,13,9,12,2,13,12,14,14,14,13,8,10,12,12,14,11,13,8,,6,,,14,14,14,13,12,14,13,14,8,9,8,6,7,7,4,7,2,13,8,12,11,14,2,4,2,14,14,13,12,14,13,14,13,14,14,14,14,14,12,13,,,14,14,,,14,5,13,14,14,14,14,14,14,14,11,12,7,7,7,14,12,14,13,14,14,13,14,14,,14,,,b'\x11\xe8\xe1I\xe9>\xc2\xbe\x9a\xbe\x12\xdf\x17\xaeN\x1e'
11E8E149-E93E-C2BE-9ABE-12DF17AE4E1E,2024-ncaa-d3-natl,ncaa,408,423,200,416,293,376,332,252,383,292,156,381,363,343,386,334,403,353,420,353,392,284,250,389,403,393,387,327,370,283,361,263,410,285,403,333,295,326,327,355,350,392,312,364,,,263,176,,,409,230,156,414,398,362,248,302,123,371,353,413,369,371,303,232,286,277,297,354,317,367,316,,281,,,400,388,400,392,334,396,371,349,300,347,162,213,231,300,31,306,178,396,331,312,271,355,80,160,92,415,410,387,361,413,403,419,405,346,394,408,387,385,258,225,,,379,409,,,409,238,394,393,397,384,389,395,393,387,310,350,241,309,322,399,372,410,394,410,414,367,383,273,,411,,,b'\x11\xe8\xe1I\xe9>\xc2\xbe\x9a\xbe\x12\xdf\x17\xaeN\x1e'
11E8E149-E93E-C2BE-9ABE-12DF17AE4E1E,2025-ncaa-d3-conf-NACC,genius_ncaa,13,13,10,13,11,14,14,13,13,14,9,13,14,12,14,11,13,10,13,11,10,14,14,13,14,14,10,12,3,6,9,14,13,13,13,13,10,6,10,12,9,8,10,10,,,7,9,,11,13,14,8,5,14,14,10,13,4,14,11,11,8,9,10,8,6,14,13,12,10,9,10,,10,,13,13,13,13,6,13,11,7,13,11,5,13,4,12,11,6,11,11,7,5,13,13,13,6,6,7,12,13,12,9,13,13,12,9,9,10,11,10,11,11,11,,,12,11,,13,13,1,13,13,13,13,13,11,12,10,12,9,14,14,14,11,11,13,12,13,12,7,10,12,,10,,12,b'\x11\xe8\xe1I\xe9>\xc2\xbe\x9a\xbe\x12\xdf\x17\xaeN\x1e'
11E8E149-E93E-C2BE-9ABE-12DF17AE4E1E,2025-ncaa-d3-natl,genius_ncaa,343,356,290,348,323,351,326,274,363,270,186,342,372,327,397,328,317,255,383,265,286,278,256,375,379,367,371,363,197,169,249,328,346,281,338,319,243,255,289,326,224,227,334,327,,,313,360,,401,355,284,151,231,361,332,170,244,105,376,317,316,220,226,186,138,129,306,223,317,291,196,323,,381,,408,356,275,242,118,344,236,130,339,242,176,315,199,326,341,148,342,360,154,168,340,353,320,259,197,288,287,346,315,249,314,338,228,196,180,162,195,233,252,152,127,,,266,247,,190,355,144,359,332,354,329,304,216,289,187,271,230,364,377,379,258,293,315,363,349,267,126,261,176,,221,,169,b'\x11\xe8\xe1I\xe9>\xc2\xbe\x9a\xbe\x12\xdf\x17\xaeN\x1e'
11E8E149-E93E-C2BE-9ABE-12DF17AE4E1E,2026-ncaa-d3-conf-NACC,genius_ncaa,11,11,1,11,1,4,4,4,10,6,6,10,1,2,3,3,6,5,12,5,5,4,6,10,10,10,2,1,9,4,9,7,9,5,9,3,4,9,8,6,5,9,9,10,,,10,9,,9,10,4,8,1,10,10,9,11,11,3,4,7,8,8,8,9,7,11,9,5,6,9,10,,8,,8,10,12,12,10,10,11,10,11,10,8,8,5,11,10,10,10,8,10,10,10,10,11,6,6,5,10,9,12,9,10,9,10,6,5,11,10,10,10,11,10,,,6,8,,5,10,9,9,11,10,11,11,8,10,8,9,5,8,7,7,7,7,9,11,10,9,10,10,10,,9,,8,b'\x11\xe8\xe1I\xe9>\xc2\xbe\x9a\xbe\x12\xdf\x17\xaeN\x1e'
11E8E149-E93E-C2BE-9ABE-12DF17AE4E1E,2026-ncaa-d3-natl,genius_ncaa,225,200,215,240,249,279,300,280,263,300,273,274,244,253,215,228,190,120,356,119,50,271,263,260,269,282,143,207,99,170,123,349,157,305,215,205,48,236,282,233,100,53,384,378,,,336,412,,324,239,272,164,113,255,284,266,277,246,224,228,119,48,47,204,154,114,386,291,155,290,57,396,,403,,366,239,163,117,62,340,137,68,371,82,98,115,193,359,324,376,324,410,89,133,327,374,239,287,83,404,66,157,164,123,119,215,94,124,84,20,32,228,263,210,273,,,186,84,,146,239,155,267,187,228,224,125,21,166,39,82,102,396,381,382,54,171,62,222,129,103,27,279,257,,77,,131,b'\x11\xe8\xe1I\xe9>\xc2\xbe\x9a\xbe\x12\xdf\x17\xaeN\x1e'
11E8E149-E943-C138-9ABE-12DF17AE4E1E,2018-ncaa-d3-conf-Landmark,ncaa,7,7,5,7,7,5,5,6,3,6,7,4,4,4,3,4,6,6,4,6,6,6,6,3,4,4,4,2,8,5,5,6,7,7,7,5,3,3,7,3,4,4,7,6,,,5,7,,,7,6,5,7,5,5,5,5,7,4,4,6,6,6,5,5,5,6,6,4,3,4,6,,7,,,7,4,3,3,6,3,3,4,7,3,8,4,4,5,2,5,6,3,3,7,7,6,7,8,4,7,7,1,5,3,7,6,6,4,4,6,4,7,4,7,,,7,7,,,7,3,4,7,7,6,6,5,5,3,7,5,5,6,6,6,5,7,2,5,7,4,7,7,,7,,,b'\x11\xe8\xe1I\xe9C\xc18\x9a\xbe\x12\xdf\x17\xaeN\x1e'
11E8E149-E943-C138-9ABE-12DF17AE4E1E,2018-ncaa-d3-natl,ncaa,218,223,197,227,264,233,188,253,111,169,252,94,214,232,175,185,369,403,144,402,406,300,330,111,149,127,321,200,418,287,251,255,284,282,254,118,63,82,149,63,110,79,235,222,,,288,367,,,153,334,363,303,225,152,236,143,246,205,221,389,417,418,324,375,300,246,297,81,93,94,228,,324,,,151,75,59,102,80,46,144,24,237,135,404,172,188,227,102,236,290,109,138,100,95,94,380,345,304,279,284,136,251,176,254,110,244,177,141,128,147,225,287,309,,,423,423,,,153,118,157,142,142,89,73,105,51,162,246,134,180,232,244,111,130,286,155,194,126,171,159,305,,438,,,b'\x11\xe8\xe1I\xe9C\xc18\x9a\xbe\x12\xdf\x17\xaeN\x1e'
11E8E149-E943-C138-9ABE-12DF17AE4E1E,2019-ncaa-d3-conf-Landmark,ncaa,6,6,5,6,7,7,7,8,5,6,7,6,6,6,6,4,5,6,7,6,5,8,8,5,6,5,6,4,5,5,5,7,7,7,7,7,6,5,5,5,3,2,5,3,,,2,4,,,5,8,8,7,7,7,8,6,6,6,4,5,6,6,8,7,5,7,7,7,5,2,5,,4,,,5,1,2,1,3,2,2,2,5,6,5,7,1,2,3,1,3,1,1,3,2,3,7,8,2,7,7,2,5,4,7,4,8,3,2,4,1,4,4,5,,,5,3,,,5,1,5,3,5,3,3,3,3,2,7,7,2,3,2,3,2,7,3,7,4,2,3,4,,4,,,b'\x11\xe8\xe1I\xe9C\xc18\x9a\xbe\x12\xdf\x17\xaeN\x1e'
11E8E149-E943-C138-9ABE-12DF17AE4E1E,2019-ncaa-d3-natl,ncaa,187,185,215,187,249,278,269,316,215,281,305,253,178,238,105,183,319,323,263,324,286,321,334,198,217,231,185,139,316,232,161,360,383,330,292,238,189,182,268,222,88,45,121,100,,,105,136,,,166,349,400,162,298,280,344,300,310,176,233,335,343,348,356,366,221,404,361,221,191,71,114,,99,,,167,60,73,83,133,61,106,94,178,142,296,246,80,77,260,78,130,66,111,145,136,76,270,317,158,321,383,100,161,184,292,157,328,109,56,105,224,286,270,320,,,294,214,,,166,86,218,125,167,61,81,69,83,111,191,145,89,78,78,52,106,328,103,190,171,94,226,290,,294,,,b'\x11\xe8\xe1I\xe9C\xc18\x9a\xbe\x12\xdf\x17\xaeN\x1e'
11E8E149-E943-C138-9ABE-12DF17AE4E1E,2020-ncaa-d3-conf-Landmark,ncaa,5,3,5,5,5,6,4,6,1,2,5,1,7,8,5,8,7,7,4,7,5,6,6,2,3,5,8,7,5,5,3,6,7,7,4,4,1,6,8,4,4,3,1,1,,,3,4,,,4,7,6,1,5,3,6,2,4,7,8,5,4,4,5,4,5,3,5,1,7,2,1,,4,,,4,2,2,3,2,2,1,2,8,7,8,8,3,3,2,3,4,2,1,4,3,4,8,8,4,6,7,1,3,1,4,6,8,5,4,4,7,8,1,1,,,8,7,,,4,2,5,4,4,4,4,5,2,2,8,8,4,4,4,4,3,7,1,2,6,3,7,2,,8,,,b'\x11\xe8\xe1I\xe9C\xc18\x9a\xbe\x12\xdf\x17\xaeN\x1e'
11E8E149-E943-C138-9ABE-12DF17AE4E1E,2020-ncaa-d3-natl,ncaa,101,136,26,125,45,54,51,91,37,35,65,37,207,227,199,312,52,57,140,57,180,70,49,69,65,106,331,344,172,53,27,103,275,65,66,24,56,374,271,116,33,52,14,16,,,353,241,,,94,61,259,224,92,91,229,52,147,280,302,96,111,118,204,173,86,250,146,34,282,63,20,,249,,,100,313,260,344,137,157,278,81,390,354,378,294,296,307,231,310,255,349,383,185,192,143,379,377,256,352,275,100,27,208,66,376,407,61,106,224,386,319,292,190,,,92,232,,,94,374,72,171,103,152,134,150,78,123,318,248,210,205,200,144,193,260,20,68,288,129,327,221,,206,,,b'\x11\xe8\xe1I\xe9C\xc18\x9a\xbe\x12\xdf\x17\xaeN\x1e'
11E8E149-E943-C138-9ABE-12DF17AE4E1E,2021-ncaa-d3-conf-Landmark,ncaa,3,2,3,3,4,2,2,3,1,2,3,1,5,5,4,5,2,3,2,2,4,3,3,2,1,4,5,5,2,3,2,3,3,4,3,3,2,3,4,4,2,3,3,3,,,2,2,,,3,3,1,2,1,1,1,1,1,5,5,1,3,2,1,1,2,2,2,2,4,2,3,,4,,,3,3,3,3,2,3,3,2,3,3,3,2,3,3,3,3,3,3,3,2,2,4,4,3,4,3,3,2,2,2,3,4,5,3,3,4,3,4,2,1,,,3,3,,,3,3,3,3,3,4,4,5,4,5,4,5,5,4,4,5,5,4,2,3,5,3,4,2,,3,,,b'\x11\xe8\xe1I\xe9C\xc18\x9a\xbe\x12\xdf\x17\xaeN\x1e'
11E8E149-E943-C138-9ABE-12DF17AE4E1E,2021-ncaa-d3-natl,ncaa,101,149,112,125,130,92,85,107,52,58,69,78,171,179,137,263,81,104,31,102,207,104,101,91,73,101,260,259,118,65,36,117,237,98,113,76,89,198,184,117,74,98,64,90,,,171,102,,,91,107,46,110,52,41,66,14,14,221,247,58,105,101,58,36,40,124,57,43,221,64,48,,166,,,103,181,178,182,109,189,202,93,146,149,144,78,182,170,244,169,91,182,187,100,115,115,106,93,168,226,237,134,36,168,113,223,262,94,128,184,195,179,197,138,,,116,176,,,91,178,79,146,105,188,186,235,191,254,124,125,191,160,154,233,250,251,64,170,243,83,207,211,,106,,,b'\x11\xe8\xe1I\xe9C\xc18\x9a\xbe\x12\xdf\x17\xaeN\x1e'
11E8E149-E943-C138-9ABE-12DF17AE4E1E,2022-ncaa-d3-conf-Landmark,ncaa,4,5,2,5,3,4,4,5,2,2,4,1,7,6,6,6,1,1,4,1,1,5,4,3,2,3,8,8,1,6,5,3,7,4,4,2,1,6,6,4,2,2,1,1,,,2,2,,,4,2,4,4,5,4,8,3,5,7,7,1,2,2,5,6,7,3,5,1,6,2,1,,2,,,4,4,5,7,2,2,7,2,7,5,6,5,3,4,2,4,2,7,8,2,2,3,7,8,3,7,7,2,5,3,4,7,8,3,4,4,6,6,2,2,,,1,1,,,4,7,4,3,4,3,3,5,2,4,7,5,3,4,4,4,5,7,2,3,5,3,6,2,,2,,,b'\x11\xe8\xe1I\xe9C\xc18\x9a\xbe\x12\xdf\x17\xaeN\x1e'
11E8E149-E943-C138-9ABE-12DF17AE4E1E,2022-ncaa-d3-natl,ncaa,131,95,250,118,271,174,156,292,26,100,198,34,317,357,176,353,173,212,106,221,227,282,297,55,51,80,372,364,190,242,89,193,181,213,76,72,23,200,273,86,139,86,36,28,,,62,57,,,69,300,298,153,105,84,289,42,135,323,365,129,155,165,278,273,217,100,148,26,244,108,21,,50,,,57,52,68,145,53,73,157,39,151,161,191,211,54,51,175,51,52,115,128,54,46,65,218,288,116,211,181,47,89,79,76,145,292,220,171,168,251,296,120,110,,,249,164,,,69,119,85,76,61,58,88,186,92,219,160,179,48,43,42,146,143,236,26,87,167,200,279,131,,194,,,b'\x11\xe8\xe1I\xe9C\xc18\x9a\xbe\x12\xdf\x17\xaeN\x1e'
11E8E149-E943-C138-9ABE-12DF17AE4E1E,2023-ncaa-d3-conf-Landmark,ncaa,5,4,5,5,5,5,5,7,3,5,7,2,4,6,4,3,4,3,6,3,1,6,8,3,3,3,3,7,2,7,5,8,8,8,7,4,2,3,5,4,5,3,5,4,,,1,3,,,4,8,8,5,5,5,7,5,7,4,5,3,2,3,6,8,7,8,8,3,5,3,5,,3,,,4,3,4,2,3,2,1,5,7,8,4,8,2,2,7,2,3,1,1,5,5,4,7,8,4,7,8,1,5,1,7,7,8,5,4,6,3,4,2,4,,,4,1,,,4,1,3,6,4,3,4,4,2,1,7,8,3,2,2,4,3,8,2,5,7,3,4,2,,2,,,b'\x11\xe8\xe1I\xe9C\xc18\x9a\xbe\x12\xdf\x17\xaeN\x1e'
11E8E149-E943-C138-9ABE-12DF17AE4E1E,2023-ncaa-d3-natl,ncaa,152,85,333,121,347,238,221,361,45,188,322,33,255,300,165,243,244,249,215,265,162,354,374,55,54,85,292,285,213,261,114,367,395,348,252,90,15,108,227,63,102,57,230,187,,,53,88,,,98,385,343,139,128,119,300,100,254,218,257,162,160,183,291,310,197,339,283,41,188,64,193,,78,,,86,32,39,67,80,45,64,121,127,197,74,328,41,38,256,40,96,45,72,88,71,54,212,294,115,336,395,29,114,88,252,204,386,166,81,180,88,181,141,218,,,286,128,,,98,41,87,116,85,79,113,187,107,133,197,277,53,52,54,133,209,376,51,205,269,100,143,189,,186,,,b'\x11\xe8\xe1I\xe9C\xc18\x9a\xbe\x12\xdf\x17\xaeN\x1e'
11E8E149-E943-C138-9ABE-12DF17AE4E1E,2024-ncaa-d3-conf-Landmark,ncaa,5,5,5,5,5,6,6,5,8,6,6,8,9,9,9,8,4,1,8,1,2,5,6,8,8,8,8,9,1,3,5,8,7,5,8,8,9,3,4,6,4,3,7,7,,,7,9,,,5,8,9,4,7,7,6,6,4,9,8,2,1,1,3,7,3,9,6,9,4,4,7,,7,,,5,8,7,3,7,4,2,7,8,8,7,9,7,6,8,6,9,4,3,7,7,7,9,9,6,6,7,9,5,7,8,8,9,5,5,8,5,5,8,7,,,2,2,,,5,3,5,6,5,5,5,4,5,2,8,7,7,5,7,3,3,5,9,8,8,6,5,8,,1,,,b'\x11\xe8\xe1I\xe9C\xc18\x9a\xbe\x12\xdf\x17\xaeN\x1e'
11E8E149-E943-C138-9ABE-12DF17AE4E1E,2024-ncaa-d3-natl,ncaa,251,297,112,276,143,267,278,171,365,225,102,356,345,298,390,340,123,91,292,92,170,149,173,378,370,342,300,356,58,59,120,327,352,202,299,301,328,164,144,279,61,60,211,183,,,353,376,,,316,250,338,152,330,335,195,258,108,363,323,131,97,102,169,230,57,399,243,347,135,66,231,,343,,,305,263,199,124,292,168,110,279,300,225,344,265,355,341,314,344,378,156,212,313,337,277,349,280,339,321,352,347,120,341,299,259,289,101,93,168,236,214,401,343,,,121,96,,,316,173,303,298,307,202,157,65,137,58,270,197,333,315,323,93,150,279,316,302,228,126,213,387,,119,,,b'\x11\xe8\xe1I\xe9C\xc18\x9a\xbe\x12\xdf\x17\xaeN\x1e'
11E8E149-E943-C138-9ABE-12DF17AE4E1E,2025-ncaa-d3-conf-Landmark,genius_ncaa,5,5,2,5,2,6,6,5,8,9,7,10,3,5,4,3,10,8,7,8,6,5,7,6,6,6,1,1,6,7,7,7,8,7,8,5,2,3,4,5,4,4,6,6,,,2,1,,7,5,5,10,4,9,9,8,9,9,3,5,10,10,10,9,10,8,9,9,6,3,4,6,,1,,5,5,6,8,8,5,8,8,6,6,8,5,6,2,3,2,2,1,6,8,5,5,5,1,5,1,8,8,8,7,8,8,8,10,4,4,7,3,4,9,8,,,4,4,,5,5,5,5,5,5,4,5,4,6,4,5,6,1,2,1,3,2,7,7,7,7,5,3,8,,8,,5,b'\x11\xe8\xe1I\xe9C\xc18\x9a\xbe\x12\xdf\x17\xaeN\x1e'
11E8E149-E943-C138-9ABE-12DF17AE4E1E,2025-ncaa-d3-natl,genius_ncaa,173,184,116,187,156,199,243,197,286,301,237,350,89,136,65,136,136,164,150,163,127,187,199,248,238,219,33,57,132,232,305,268,395,253,380,138,30,165,159,143,149,185,196,254,,,104,54,,154,258,198,276,174,241,287,234,343,292,90,143,141,174,175,223,280,267,332,321,144,146,162,216,,60,,146,258,294,356,358,267,353,328,276,267,299,175,243,38,54,72,60,27,311,310,255,186,193,61,225,23,409,395,350,305,398,380,400,399,140,197,344,109,114,388,386,,,135,95,,227,258,214,224,284,260,238,319,320,316,308,243,271,20,35,36,258,276,385,315,365,372,158,99,375,,148,,244,b'\x11\xe8\xe1I\xe9C\xc18\x9a\xbe\x12\xdf\x17\xaeN\x1e'
11E8E149-E943-C138-9ABE-12DF17AE4E1E,2026-ncaa-d3-conf-Landmark,genius_ncaa,5,5,1,5,1,6,6,9,6,6,8,6,4,6,3,5,6,6,8,5,2,9,10,5,6,6,4,3,4,10,10,10,6,10,10,6,3,6,6,5,3,3,3,4,,,2,4,,2,5,8,9,1,6,6,9,6,8,4,6,6,6,5,9,10,10,10,10,6,6,3,3,,2,,2,5,5,5,3,8,6,4,7,3,2,5,6,2,1,8,1,1,2,3,7,6,5,3,4,2,4,6,7,10,7,10,5,5,3,3,5,4,4,5,6,,,7,4,,6,5,2,6,5,5,5,5,3,6,4,3,2,2,1,1,2,3,4,7,7,5,3,4,5,,7,,6,b'\x11\xe8\xe1I\xe9C\xc18\x9a\xbe\x12\xdf\x17\xaeN\x1e'
11E8E149-E943-C138-9ABE-12DF17AE4E1E,2026-ncaa-d3-natl,genius_ncaa,54,132,42,116,64,86,80,110,124,86,93,169,110,162,71,263,123,113,239,105,195,105,126,124,141,128,218,197,248,185,293,101,212,129,263,39,63,229,147,71,53,80,76,146,,,189,66,,324,62,111,319,113,192,183,285,177,217,183,273,217,230,223,279,341,304,229,285,77,96,112,123,,52,,289,79,203,266,314,124,321,338,205,67,226,6,134,95,70,352,56,5,274,305,64,48,38,7,29,47,294,212,328,293,323,263,263,215,64,86,123,170,87,290,239,,,82,104,,236,62,300,154,52,79,35,116,160,227,233,11,79,13,4,4,88,112,194,216,209,155,126,68,229,,185,,292,b'\x11\xe8\xe1I\xe9C\xc18\x9a\xbe\x12\xdf\x17\xaeN\x1e'
11E8E149-E948-228C-9ABE-12DF17AE4E1E,2018-ncaa-d3-conf-American Rivers,ncaa,8,8,7,8,7,8,8,7,8,8,6,9,8,6,8,4,6,7,6,6,5,7,7,9,9,8,4,4,2,2,2,8,8,8,8,9,9,7,7,9,6,6,7,7,,,8,8,,,7,7,2,3,7,8,3,8,4,6,3,5,3,3,3,2,1,7,4,9,7,4,7,,9,,,7,7,3,3,5,2,2,7,7,7,5,8,9,9,6,9,9,3,5,6,7,6,9,8,9,7,8,6,2,6,8,4,6,5,5,4,7,7,2,4,,,6,5,,,7,3,7,7,7,8,6,6,5,4,7,9,9,9,9,8,9,9,7,8,5,4,8,4,,2,,,"b'\x11\xe8\xe1I\xe9H""\x8c\x9a\xbe\x12\xdf\x17\xaeN\x1e'"
11E8E149-E948-228C-9ABE-12DF17AE4E1E,2018-ncaa-d3-natl,ncaa,364,394,197,381,251,171,203,120,307,258,215,309,78,58,189,85,158,181,110,183,188,121,105,269,248,253,75,90,185,138,245,265,272,214,317,291,389,312,232,327,138,174,264,190,,,397,379,,,342,113,41,263,131,180,54,274,206,71,47,128,169,168,57,54,114,264,185,316,316,127,275,,422,,,338,428,347,204,378,135,39,403,444,437,423,438,440,434,352,433,444,302,331,426,436,409,443,436,394,250,272,396,245,354,317,394,366,102,122,235,277,229,268,277,,,143,238,,,342,336,248,388,329,422,340,243,147,24,444,441,438,434,433,338,376,262,394,352,373,77,288,287,,100,,,"b'\x11\xe8\xe1I\xe9H""\x8c\x9a\xbe\x12\xdf\x17\xaeN\x1e'"
11E8E149-E948-228C-9ABE-12DF17AE4E1E,2019-ncaa-d3-conf-American Rivers,ncaa,9,9,7,9,9,7,7,6,7,7,4,8,9,9,7,9,5,5,8,5,4,6,5,8,8,8,8,8,4,3,3,6,8,4,6,9,9,9,7,9,9,9,5,5,,,6,7,,,9,6,1,8,7,7,4,5,2,8,8,5,3,3,3,1,1,2,1,9,9,9,5,,8,,,9,9,9,9,7,6,2,7,9,9,8,9,8,8,5,8,8,9,6,7,7,9,9,9,5,8,8,6,3,6,6,8,8,8,9,9,8,6,6,6,,,5,6,,,9,4,8,9,9,9,9,9,7,4,9,9,8,9,8,9,9,9,7,8,9,8,8,6,,3,,,"b'\x11\xe8\xe1I\xe9H""\x8c\x9a\xbe\x12\xdf\x17\xaeN\x1e'"
11E8E149-E948-228C-9ABE-12DF17AE4E1E,2019-ncaa-d3-natl,ncaa,403,421,215,407,261,197,218,172,275,226,166,315,157,197,118,239,177,129,331,134,152,159,79,263,269,322,158,178,175,162,242,146,348,151,301,304,391,428,399,402,259,357,297,289,,,366,241,,,411,68,8,182,171,191,99,221,137,145,185,153,99,97,82,25,147,91,90,332,424,267,301,,396,,,407,441,431,413,380,322,152,406,443,443,407,437,381,396,227,391,404,422,402,424,422,425,433,435,168,416,348,346,242,388,301,436,404,198,338,409,410,369,340,306,,,98,198,,,411,376,333,426,401,439,423,424,321,171,443,443,397,407,403,434,430,403,362,392,429,187,406,346,,49,,,"b'\x11\xe8\xe1I\xe9H""\x8c\x9a\xbe\x12\xdf\x17\xaeN\x1e'"
11E8E149-E948-228C-9ABE-12DF17AE4E1E,2020-ncaa-d3-conf-American Rivers,ncaa,7,7,7,7,8,8,8,8,8,7,5,8,9,9,9,9,5,4,9,4,4,7,7,9,9,9,9,9,2,6,6,6,6,7,7,9,5,8,8,9,5,5,6,5,,,9,9,,,7,7,1,8,8,8,7,6,3,9,9,4,3,3,6,1,4,6,6,9,9,4,5,,9,,,7,7,7,4,7,3,1,7,9,9,6,9,7,7,3,6,9,4,2,7,7,7,8,9,4,6,6,4,6,6,7,8,8,6,6,8,7,7,5,5,,,4,2,,,7,3,9,7,7,7,7,6,7,4,9,9,8,8,8,6,8,6,7,7,8,4,7,6,,2,,,"b'\x11\xe8\xe1I\xe9H""\x8c\x9a\xbe\x12\xdf\x17\xaeN\x1e'"
11E8E149-E948-228C-9ABE-12DF17AE4E1E,2020-ncaa-d3-natl,ncaa,324,345,198,337,310,211,243,306,173,159,200,143,362,354,355,362,39,18,258,20,22,230,90,216,180,310,294,398,12,281,274,272,310,287,308,261,280,434,422,396,27,32,222,194,,,427,401,,,364,48,10,402,193,243,311,127,171,371,354,18,10,10,210,37,281,275,293,252,431,21,229,,431,,,360,427,405,287,408,337,98,431,423,425,308,414,403,398,280,398,418,340,382,419,422,378,369,354,280,287,310,220,274,259,308,423,399,52,91,289,430,402,327,305,,,40,67,,,364,388,331,354,352,415,392,321,337,104,423,425,411,400,401,365,414,296,231,270,409,40,423,326,,7,,,"b'\x11\xe8\xe1I\xe9H""\x8c\x9a\xbe\x12\xdf\x17\xaeN\x1e'"
11E8E149-E948-228C-9ABE-12DF17AE4E1E,2021-ncaa-d3-conf-American Rivers,ncaa,6,5,4,6,6,6,6,6,8,5,4,8,7,8,8,9,2,2,2,2,1,6,4,8,6,7,7,9,1,6,2,5,7,5,4,8,8,9,9,9,5,6,3,3,,,6,5,,,6,4,1,5,6,8,7,6,3,8,8,1,1,1,7,3,5,6,6,8,9,5,3,,8,,,6,6,6,7,5,3,4,3,8,8,7,8,4,5,1,5,7,7,6,6,5,5,8,8,3,8,7,2,2,5,4,8,8,5,5,7,9,7,3,3,,,3,1,,,6,6,7,5,6,6,6,8,2,3,8,9,4,4,4,7,8,8,1,4,8,4,8,3,,1,,,"b'\x11\xe8\xe1I\xe9H""\x8c\x9a\xbe\x12\xdf\x17\xaeN\x1e'"
11E8E149-E948-228C-9ABE-12DF17AE4E1E,2021-ncaa-d3-natl,ncaa,101,214,61,162,70,77,97,99,112,84,76,122,146,137,177,238,28,34,19,34,46,88,63,140,91,178,157,243,14,98,125,72,133,79,104,115,205,267,272,256,34,40,41,28,,,229,195,,,218,59,26,110,144,187,246,126,154,233,241,15,40,40,220,69,185,136,166,204,278,30,45,,236,,,188,230,226,223,168,179,163,168,278,272,236,281,202,210,86,209,231,220,227,220,214,170,279,280,94,204,133,179,125,186,104,245,238,48,73,144,265,261,210,171,,,48,56,,,218,230,193,159,178,214,185,192,72,25,279,277,143,167,164,194,233,139,46,71,224,48,264,173,,47,,,"b'\x11\xe8\xe1I\xe9H""\x8c\x9a\xbe\x12\xdf\x17\xaeN\x1e'"
11E8E149-E948-228C-9ABE-12DF17AE4E1E,2022-ncaa-d3-conf-American Rivers,ncaa,4,4,4,4,4,4,5,5,4,2,1,5,7,9,6,9,2,2,5,2,4,5,5,4,4,4,8,8,3,6,6,7,7,6,5,5,4,6,5,4,2,1,1,1,,,8,7,,,4,5,4,3,4,4,5,2,1,7,9,2,2,1,4,4,5,7,7,4,6,2,1,,8,,,4,3,1,4,4,1,2,1,9,5,7,5,4,4,6,4,5,2,5,4,4,3,9,9,6,5,7,5,6,8,5,9,9,3,1,4,4,4,6,2,,,2,1,,,4,5,4,3,4,3,1,3,1,2,7,4,4,4,4,2,5,5,4,6,7,3,4,5,,1,,,"b'\x11\xe8\xe1I\xe9H""\x8c\x9a\xbe\x12\xdf\x17\xaeN\x1e'"
11E8E149-E948-228C-9ABE-12DF17AE4E1E,2022-ncaa-d3-natl,ncaa,131,182,61,161,76,110,109,135,116,66,81,105,295,265,317,336,37,35,189,32,122,99,88,170,150,173,331,370,87,196,247,174,98,176,191,96,128,317,234,184,14,8,30,12,,,335,283,,,141,68,160,204,152,158,244,87,133,337,331,69,66,64,197,185,270,308,301,126,231,16,34,,257,,,148,278,221,238,186,100,110,147,412,382,374,392,282,255,338,254,320,236,325,259,266,159,416,413,242,112,98,279,247,206,191,388,425,37,31,185,282,212,195,119,,,28,57,,,141,356,192,121,156,151,109,71,43,24,394,334,212,171,167,68,170,57,140,98,327,55,211,145,,56,,,"b'\x11\xe8\xe1I\xe9H""\x8c\x9a\xbe\x12\xdf\x17\xaeN\x1e'"
11E8E149-E948-228C-9ABE-12DF17AE4E1E,2023-ncaa-d3-conf-American Rivers,ncaa,6,6,5,6,6,5,5,4,7,3,1,6,8,7,8,8,3,1,7,1,3,4,5,7,7,7,9,9,3,1,3,8,6,7,7,6,6,6,5,5,3,2,9,8,,,4,4,,,5,5,3,5,4,5,5,3,1,8,6,3,1,1,5,2,2,8,7,6,6,2,9,,2,,,5,5,5,2,8,4,1,9,8,8,8,9,1,1,3,1,5,2,5,8,8,7,6,9,1,2,6,5,3,5,7,9,9,3,2,6,3,4,8,7,,,4,2,,,5,5,6,6,6,5,5,2,4,2,8,8,1,1,1,2,3,2,5,5,8,3,4,8,,1,,,"b'\x11\xe8\xe1I\xe9H""\x8c\x9a\xbe\x12\xdf\x17\xaeN\x1e'"
11E8E149-E948-228C-9ABE-12DF17AE4E1E,2023-ncaa-d3-natl,ncaa,188,223,109,207,149,134,132,182,93,125,190,53,180,164,262,200,122,115,188,108,119,170,146,102,104,135,264,265,168,210,198,310,113,284,184,145,216,298,253,218,34,17,383,341,,,223,224,,,171,135,197,229,130,139,229,116,244,208,198,128,129,122,205,194,232,396,357,160,261,32,400,,186,,,174,277,286,115,391,156,25,425,413,409,314,426,100,101,157,99,307,105,209,420,412,294,367,410,61,53,113,164,198,97,184,389,412,51,26,212,306,277,258,257,,,170,194,,,171,270,152,229,189,231,240,52,122,3,393,397,63,70,72,39,136,38,109,68,361,47,273,228,,187,,,"b'\x11\xe8\xe1I\xe9H""\x8c\x9a\xbe\x12\xdf\x17\xaeN\x1e'"
11E8E149-E948-228C-9ABE-12DF17AE4E1E,2024-ncaa-d3-conf-American Rivers,ncaa,4,4,1,4,1,5,5,5,5,4,2,7,7,7,2,9,2,2,5,2,2,4,2,5,5,5,4,7,2,5,5,3,3,3,5,7,8,7,5,7,5,5,6,6,,,2,3,,,5,3,7,1,6,7,7,5,4,7,9,2,2,2,6,6,5,5,5,7,5,7,8,,2,,,5,4,6,6,5,8,5,6,4,8,1,8,2,2,5,2,2,5,7,4,3,4,2,3,2,4,3,7,5,6,5,7,8,5,6,6,7,6,2,2,,,2,2,,,5,7,5,3,5,3,4,3,5,3,3,5,2,2,2,3,3,3,5,5,5,6,5,2,,2,,,"b'\x11\xe8\xe1I\xe9H""\x8c\x9a\xbe\x12\xdf\x17\xaeN\x1e'"
11E8E149-E948-228C-9ABE-12DF17AE4E1E,2024-ncaa-d3-natl,ncaa,129,162,63,151,63,146,154,179,131,145,177,150,172,198,121,245,100,107,171,108,124,161,153,128,126,134,197,227,149,274,308,154,58,208,198,239,369,250,220,259,56,56,207,186,,,119,94,,,133,120,311,9,205,217,295,193,244,209,263,133,152,157,270,302,330,254,313,296,190,83,241,,55,,,137,167,238,218,236,193,134,283,353,362,214,398,31,27,240,27,42,158,231,259,213,137,233,383,31,85,58,304,308,199,198,303,324,83,73,177,307,279,150,133,,,137,136,,,133,279,168,109,141,95,148,96,117,44,290,307,9,6,6,46,80,41,193,104,241,124,252,109,,203,,,"b'\x11\xe8\xe1I\xe9H""\x8c\x9a\xbe\x12\xdf\x17\xaeN\x1e'"
11E8E149-E948-228C-9ABE-12DF17AE4E1E,2025-ncaa-d3-conf-American Rivers,genius_ncaa,6,5,5,6,6,6,6,6,5,2,1,7,9,9,9,9,2,1,7,1,6,5,5,7,7,7,9,9,2,3,2,3,2,3,3,8,9,6,7,8,3,4,5,5,,,6,7,,1,6,4,5,4,7,6,6,2,1,9,9,2,1,1,5,4,2,3,3,8,7,3,5,,7,,1,6,4,3,3,4,3,1,6,5,6,2,8,7,7,5,7,9,3,5,4,4,4,9,5,8,3,2,5,2,4,3,4,8,3,3,3,7,7,5,3,,,3,3,,1,6,5,7,3,6,3,3,4,2,1,4,6,8,8,8,4,4,4,5,3,6,3,7,6,,3,,1,"b'\x11\xe8\xe1I\xe9H""\x8c\x9a\xbe\x12\xdf\x17\xaeN\x1e'"
11E8E149-E948-228C-9ABE-12DF17AE4E1E,2025-ncaa-d3-natl,genius_ncaa,250,299,116,275,166,203,179,236,122,92,92,146,378,381,354,387,140,150,186,147,242,221,194,203,194,229,395,401,133,277,286,192,49,235,179,231,297,267,277,262,119,105,235,156,,,222,243,,138,283,174,219,258,244,205,305,77,94,390,392,143,157,157,291,269,315,239,288,265,240,129,248,,197,,128,277,329,290,141,363,162,30,412,393,403,277,414,238,195,358,195,357,135,175,392,397,350,380,392,170,38,49,221,286,125,179,344,334,137,116,264,326,323,227,156,,,232,241,,78,283,244,242,292,276,276,246,89,134,9,379,382,214,159,160,90,107,36,180,92,306,146,293,216,,273,,77,"b'\x11\xe8\xe1I\xe9H""\x8c\x9a\xbe\x12\xdf\x17\xaeN\x1e'"
11E8E149-E948-228C-9ABE-12DF17AE4E1E,2026-ncaa-d3-conf-American Rivers,genius_ncaa,3,1,8,1,8,9,9,8,2,9,8,2,9,8,4,4,8,9,2,9,6,8,9,2,2,3,7,6,6,8,6,8,9,8,9,9,6,1,3,2,9,7,5,5,,,1,1,,1,4,9,9,1,3,3,5,3,4,5,4,6,6,6,4,9,6,7,8,4,2,6,2,,1,,1,2,1,1,2,1,2,2,2,1,2,2,8,1,1,1,1,1,2,1,1,1,1,3,8,1,4,9,2,6,2,9,1,7,9,8,7,2,8,1,4,,,8,5,,6,4,1,3,3,2,2,3,9,4,7,5,9,1,1,1,6,5,9,2,6,4,8,6,3,,5,,5,"b'\x11\xe8\xe1I\xe9H""\x8c\x9a\xbe\x12\xdf\x17\xaeN\x1e'"
11E8E149-E948-228C-9ABE-12DF17AE4E1E,2026-ncaa-d3-natl,genius_ncaa,225,268,116,265,122,242,291,258,286,327,331,258,127,120,207,53,176,182,201,173,46,254,244,245,233,259,43,65,123,297,302,253,123,273,239,252,156,248,283,281,335,348,249,259,,,175,227,,156,317,225,392,50,335,355,389,386,403,145,119,197,231,219,383,378,344,352,368,305,212,382,285,,110,,133,309,270,288,202,366,312,195,395,176,213,109,235,256,210,346,200,219,199,165,353,363,386,89,100,206,110,123,211,302,167,239,218,90,331,362,337,307,346,210,317,,,186,110,,323,317,181,275,362,327,257,277,124,310,129,121,168,234,164,154,117,28,65,143,89,178,398,294,188,,232,,348,"b'\x11\xe8\xe1I\xe9H""\x8c\x9a\xbe\x12\xdf\x17\xaeN\x1e'"
11E8E149-E94C-A0DC-9ABE-12DF17AE4E1E,2018-ncaa-d3-conf-HCAC,ncaa,5,5,5,5,6,7,5,4,7,4,4,8,7,7,7,7,9,8,7,8,9,4,4,7,7,8,7,6,8,6,6,6,5,5,7,5,5,9,9,8,4,4,7,8,,,10,10,,,5,3,4,8,7,6,4,5,5,7,8,9,8,8,5,4,5,5,6,5,9,3,7,,10,,,5,3,3,3,3,5,5,5,1,2,1,2,10,10,8,10,10,4,6,3,4,3,5,1,10,4,5,7,6,5,7,2,1,3,3,2,9,8,10,9,,,6,10,,,5,8,9,2,5,4,4,4,5,5,1,2,10,10,9,4,5,4,6,7,2,2,8,9,,8,,,b'\x11\xe8\xe1I\xe9L\xa0\xdc\x9a\xbe\x12\xdf\x17\xaeN\x1e'
11E8E149-E94C-A0DC-9ABE-12DF17AE4E1E,2018-ncaa-d3-natl,ncaa,320,349,197,335,264,306,290,272,297,218,164,302,370,358,353,357,246,265,190,259,309,275,228,331,321,342,348,367,159,245,252,313,224,295,271,255,174,350,361,318,129,116,328,330,,,361,392,,,310,216,155,303,331,310,270,219,143,383,366,250,268,265,278,191,241,351,320,254,355,120,334,,387,,,307,216,154,92,305,280,190,346,27,68,29,67,411,378,431,372,377,130,199,255,334,252,139,19,425,135,224,217,252,183,271,98,87,117,89,83,356,345,388,376,,,228,243,,,310,229,342,218,308,235,188,93,286,212,26,62,419,390,389,146,230,157,237,202,120,100,347,393,,231,,,b'\x11\xe8\xe1I\xe9L\xa0\xdc\x9a\xbe\x12\xdf\x17\xaeN\x1e'
11E8E149-E94C-A0DC-9ABE-12DF17AE4E1E,2019-ncaa-d3-conf-HCAC,ncaa,7,6,7,7,9,9,8,8,9,6,4,8,8,7,10,7,5,5,8,5,6,6,6,9,9,9,6,7,3,2,2,10,7,7,7,8,4,5,6,5,2,2,10,9,,,7,9,,,5,10,7,4,8,7,4,5,4,8,6,5,4,5,3,4,1,9,6,8,6,2,10,,8,,,5,2,2,1,10,3,2,9,1,1,5,3,7,7,4,7,9,1,2,9,9,4,5,3,7,2,7,5,2,2,7,2,3,2,2,2,6,6,10,10,,,6,5,,,5,1,8,4,6,4,2,2,5,2,2,1,7,8,8,2,2,3,7,5,2,2,6,10,,3,,,b'\x11\xe8\xe1I\xe9L\xa0\xdc\x9a\xbe\x12\xdf\x17\xaeN\x1e'
11E8E149-E94C-A0DC-9ABE-12DF17AE4E1E,2019-ncaa-d3-natl,ncaa,338,331,317,349,320,337,346,324,352,325,263,361,337,314,338,291,197,219,152,231,181,314,342,366,336,313,209,294,50,137,108,417,259,363,258,330,225,105,193,266,134,58,404,383,,,247,403,,,323,377,378,61,332,353,266,310,193,326,294,138,155,161,238,269,84,434,360,329,165,94,405,,331,,,322,162,145,28,427,190,51,414,122,36,423,108,304,279,302,286,400,35,55,428,432,383,222,136,331,36,259,142,108,81,258,122,137,159,58,115,148,225,432,434,,,225,96,,,323,68,279,344,320,259,235,15,263,71,166,42,348,338,343,32,65,60,214,137,178,108,196,439,,128,,,b'\x11\xe8\xe1I\xe9L\xa0\xdc\x9a\xbe\x12\xdf\x17\xaeN\x1e'
11E8E149-E94C-A0DC-9ABE-12DF17AE4E1E,2020-ncaa-d3-conf-HCAC,ncaa,5,4,5,5,5,5,4,5,8,4,3,10,7,5,7,7,7,6,7,5,9,5,5,8,9,8,7,6,7,6,7,10,8,8,9,4,2,6,5,5,3,2,8,8,,,9,10,,,7,3,2,3,4,4,3,5,3,7,6,9,7,7,4,2,6,10,9,4,4,3,8,,10,,,7,8,6,1,10,8,3,9,2,1,6,1,9,9,9,9,9,2,7,10,10,7,2,1,9,3,8,9,7,8,9,7,6,2,1,2,2,2,10,10,,,6,9,,,7,8,8,6,7,8,6,1,8,5,2,1,9,9,9,1,8,2,9,8,6,1,2,10,,7,,,b'\x11\xe8\xe1I\xe9L\xa0\xdc\x9a\xbe\x12\xdf\x17\xaeN\x1e'
11E8E149-E94C-A0DC-9ABE-12DF17AE4E1E,2020-ncaa-d3-natl,ncaa,324,345,198,337,234,339,324,285,351,304,210,362,334,316,333,304,302,291,287,283,301,291,306,361,361,353,283,292,191,263,313,412,298,387,372,275,145,202,260,281,110,79,330,303,,,365,414,,,344,298,287,147,367,354,277,317,186,339,319,308,290,282,294,295,253,436,416,284,226,94,328,,389,,,342,213,190,26,424,263,83,408,76,25,390,51,365,349,324,341,389,38,101,417,426,331,157,59,363,78,298,315,313,214,372,273,313,56,21,126,97,128,406,396,,,254,195,,,344,140,346,297,345,246,220,10,274,82,89,18,378,356,351,25,117,93,325,245,275,47,114,413,,244,,,b'\x11\xe8\xe1I\xe9L\xa0\xdc\x9a\xbe\x12\xdf\x17\xaeN\x1e'
11E8E149-E94C-A0DC-9ABE-12DF17AE4E1E,2021-ncaa-d3-conf-HCAC,ncaa,10,5,10,10,10,10,9,9,10,9,9,8,9,9,8,6,10,10,6,10,10,9,10,10,10,10,10,5,7,9,6,10,4,9,6,9,5,1,9,7,8,1,9,4,,,1,10,,,7,10,8,4,9,9,8,7,5,8,6,10,10,9,8,8,8,9,9,6,8,2,6,,8,,,7,1,1,1,7,1,1,3,1,1,9,2,2,2,9,2,10,1,1,7,9,7,9,5,10,1,4,2,6,1,6,1,8,9,1,1,1,9,1,4,,,10,10,,,7,1,9,4,7,3,1,1,2,2,1,1,10,10,10,1,3,3,4,2,5,3,9,5,,10,,,b'\x11\xe8\xe1I\xe9L\xa0\xdc\x9a\xbe\x12\xdf\x17\xaeN\x1e'
11E8E149-E94C-A0DC-9ABE-12DF17AE4E1E,2021-ncaa-d3-natl,ncaa,215,183,193,233,197,207,205,208,204,201,204,191,213,209,234,184,209,211,119,211,235,206,208,214,216,228,229,209,164,203,161,210,106,205,153,188,57,96,233,186,141,25,161,79,,,94,259,,,189,207,259,110,253,241,261,209,193,241,227,231,246,242,264,260,207,251,247,174,187,53,119,,187,,,182,78,71,69,155,70,73,118,73,69,226,73,137,123,235,123,273,73,78,160,204,133,239,100,276,70,106,79,161,76,153,81,239,174,33,71,109,226,98,181,,,213,240,,,189,79,230,115,186,59,33,8,38,19,71,25,242,219,227,12,18,41,71,51,105,86,195,155,,265,,,b'\x11\xe8\xe1I\xe9L\xa0\xdc\x9a\xbe\x12\xdf\x17\xaeN\x1e'
11E8E149-E94C-A0DC-9ABE-12DF17AE4E1E,2022-ncaa-d3-conf-HCAC,ncaa,10,10,10,10,10,10,10,10,10,9,8,9,9,6,10,4,10,10,7,10,9,10,10,10,10,10,7,5,8,10,10,10,10,10,10,10,10,5,8,10,9,7,9,9,,,3,3,,,10,8,1,3,10,9,2,8,4,7,4,9,10,9,4,3,9,9,10,10,9,4,9,,7,,,10,4,4,3,8,5,3,8,6,5,9,8,8,8,8,8,8,3,4,8,9,9,7,8,8,8,10,8,10,7,10,6,5,8,6,7,5,9,5,8,,,10,10,,,10,3,10,9,10,10,9,9,8,7,9,9,9,9,9,9,10,10,10,10,9,3,9,9,,7,,,b'\x11\xe8\xe1I\xe9L\xa0\xdc\x9a\xbe\x12\xdf\x17\xaeN\x1e'
11E8E149-E94C-A0DC-9ABE-12DF17AE4E1E,2022-ncaa-d3-natl,ncaa,406,365,391,411,393,390,392,371,375,383,365,364,319,288,353,163,373,377,282,373,266,379,390,370,373,357,196,184,199,417,424,414,404,419,425,386,328,63,233,325,314,269,396,383,,,61,124,,,399,368,39,92,337,327,135,320,197,244,142,293,275,261,151,136,421,421,428,334,251,200,382,,243,,,404,246,210,58,406,143,51,384,355,184,425,308,275,241,371,242,377,66,61,420,422,415,365,360,261,166,404,196,424,170,425,249,272,337,273,344,184,333,221,350,,,367,191,,,399,61,380,408,402,422,399,369,363,277,421,388,403,391,396,393,392,351,412,399,386,176,330,376,,152,,,b'\x11\xe8\xe1I\xe9L\xa0\xdc\x9a\xbe\x12\xdf\x17\xaeN\x1e'
11E8E149-E94C-A0DC-9ABE-12DF17AE4E1E,2023-ncaa-d3-conf-HCAC,ncaa,9,10,7,9,8,9,9,7,10,9,4,10,8,7,9,8,7,6,10,6,5,7,7,10,10,10,7,7,3,6,8,8,5,8,8,9,9,7,8,10,7,8,7,8,,,6,8,,,10,7,3,4,9,10,5,7,3,8,7,7,4,5,5,2,5,7,7,10,8,8,8,,7,,,9,8,5,4,9,6,3,9,5,6,6,5,8,9,3,9,10,4,4,8,9,9,7,4,8,4,5,9,8,7,8,5,4,7,5,5,5,7,6,6,,,7,3,,,10,4,10,9,9,10,8,6,9,3,7,6,9,9,9,7,8,4,10,9,7,5,7,9,,2,,,b'\x11\xe8\xe1I\xe9L\xa0\xdc\x9a\xbe\x12\xdf\x17\xaeN\x1e'
11E8E149-E94C-A0DC-9ABE-12DF17AE4E1E,2023-ncaa-d3-natl,ncaa,396,385,377,404,381,374,377,344,389,334,282,375,383,325,411,302,245,168,369,179,106,323,345,403,391,369,278,361,34,339,355,389,272,383,373,393,385,145,245,369,284,240,404,390,,,236,360,,,377,335,108,59,342,355,165,286,127,374,269,127,50,53,130,112,262,351,335,392,276,196,400,,377,,,379,236,158,46,382,131,37,404,257,232,281,332,373,366,272,363,422,73,68,388,414,395,363,253,380,105,272,285,355,200,373,173,194,274,194,234,151,235,176,226,,,215,67,,,377,85,372,377,382,379,327,212,295,104,347,343,413,411,409,291,299,196,406,361,286,152,260,273,,43,,,b'\x11\xe8\xe1I\xe9L\xa0\xdc\x9a\xbe\x12\xdf\x17\xaeN\x1e'
11E8E149-E94C-A0DC-9ABE-12DF17AE4E1E,2024-ncaa-d3-conf-HCAC,ncaa,9,9,7,9,7,7,7,8,7,8,7,7,5,6,2,5,9,9,7,9,4,8,7,6,7,8,3,4,6,8,8,7,8,8,7,7,5,8,9,8,10,10,7,8,,,2,3,,,9,7,5,4,7,7,8,8,7,3,5,9,9,9,8,6,8,6,8,7,9,10,7,,3,,,9,7,9,7,8,8,6,8,9,9,7,10,4,4,6,4,3,7,4,8,7,10,5,10,2,7,8,5,8,5,7,9,8,10,10,10,9,9,9,9,,,9,9,,,9,3,8,9,9,9,9,10,9,7,10,10,4,5,5,10,6,8,8,8,9,10,9,9,,9,,,b'\x11\xe8\xe1I\xe9L\xa0\xdc\x9a\xbe\x12\xdf\x17\xaeN\x1e'
11E8E149-E94C-A0DC-9ABE-12DF17AE4E1E,2024-ncaa-d3-natl,ncaa,385,342,392,386,395,384,385,394,312,390,394,339,250,300,149,142,361,358,302,353,140,397,396,272,287,329,84,98,184,385,355,378,313,386,335,367,250,172,345,344,393,370,280,240,,,36,121,,,380,394,184,244,323,339,331,361,339,184,186,273,251,241,327,252,348,211,300,322,328,366,223,,149,,,385,206,248,76,389,210,61,387,338,210,400,336,83,71,319,68,151,60,36,402,395,412,254,358,78,155,313,47,355,71,335,310,328,413,406,410,240,356,265,396,,,398,335,,,380,32,345,410,391,400,391,370,368,286,412,389,234,203,199,371,262,326,295,309,391,398,339,380,,344,,,b'\x11\xe8\xe1I\xe9L\xa0\xdc\x9a\xbe\x12\xdf\x17\xaeN\x1e'
11E8E149-E94C-A0DC-9ABE-12DF17AE4E1E,2025-ncaa-d3-conf-HCAC,genius_ncaa,10,10,10,10,10,10,10,10,8,9,7,10,9,10,4,8,10,10,9,10,9,10,10,9,10,10,7,7,6,10,10,8,9,10,10,10,10,3,7,9,10,10,9,9,,,1,3,,4,10,10,4,7,10,8,7,6,4,8,10,10,9,9,8,6,10,5,8,10,7,9,8,,4,,6,10,6,4,3,7,4,3,9,9,10,6,10,5,4,10,4,4,3,1,8,8,10,8,9,5,7,9,4,10,5,10,3,4,9,9,9,3,7,8,7,,,10,8,,5,10,1,10,10,10,10,10,9,10,6,10,10,8,5,5,9,9,9,10,10,10,8,6,9,,9,,5,b'\x11\xe8\xe1I\xe9L\xa0\xdc\x9a\xbe\x12\xdf\x17\xaeN\x1e'
11E8E149-E94C-A0DC-9ABE-12DF17AE4E1E,2025-ncaa-d3-natl,genius_ncaa,343,334,345,347,357,300,274,321,188,216,187,267,342,382,122,374,302,317,178,320,353,326,363,232,236,214,361,345,248,369,375,299,235,353,327,348,382,61,151,249,384,383,297,287,,,54,80,,122,341,349,167,258,234,194,192,131,69,331,376,252,268,273,210,266,354,161,283,331,144,375,269,,95,,152,342,323,295,174,343,216,132,318,370,292,388,324,249,139,419,131,187,162,86,359,380,403,335,348,183,178,235,203,375,185,327,221,133,396,394,375,128,232,393,378,,,347,260,,240,341,79,251,394,341,379,370,349,315,266,388,355,342,236,225,343,266,256,335,310,289,392,211,406,,291,,215,b'\x11\xe8\xe1I\xe9L\xa0\xdc\x9a\xbe\x12\xdf\x17\xaeN\x1e'
11E8E149-E94C-A0DC-9ABE-12DF17AE4E1E,2026-ncaa-d3-conf-HCAC,genius_ncaa,8,8,1,8,3,9,9,10,7,7,9,6,7,5,7,5,7,7,9,7,5,9,9,8,9,9,5,5,5,8,8,10,10,10,10,9,5,5,9,8,9,9,10,9,,,2,1,,6,10,8,8,3,9,9,10,7,9,7,5,7,7,7,9,9,8,10,10,9,5,9,10,,2,,6,10,9,9,9,7,4,1,10,10,10,6,10,5,4,8,3,7,9,7,9,9,10,10,10,2,10,10,5,8,9,10,10,9,9,9,10,4,9,8,10,,,7,4,,2,10,3,9,10,10,9,9,9,4,1,10,10,5,4,3,9,7,10,5,9,10,9,4,8,,7,,2,b'\x11\xe8\xe1I\xe9L\xa0\xdc\x9a\xbe\x12\xdf\x17\xaeN\x1e'
11E8E149-E94C-A0DC-9ABE-12DF17AE4E1E,2026-ncaa-d3-natl,genius_ncaa,345,268,327,351,337,361,369,362,330,373,357,312,295,279,304,153,273,277,218,278,114,355,364,328,304,284,121,190,82,355,374,366,410,373,406,359,293,70,176,274,380,380,351,334,,,54,47,,104,376,355,177,113,299,319,234,319,272,228,152,132,140,147,209,239,304,331,332,330,168,351,304,,119,,133,383,216,228,166,336,177,102,358,328,308,315,382,144,129,211,127,242,157,111,359,344,394,316,364,100,353,410,172,374,255,406,296,339,381,396,402,179,334,311,403,,,335,200,,323,376,62,297,409,380,402,393,396,350,281,404,411,293,290,289,394,370,408,383,400,391,360,313,396,,218,,313,b'\x11\xe8\xe1I\xe9L\xa0\xdc\x9a\xbe\x12\xdf\x17\xaeN\x1e'
11E8E149-E951-1D1A-9ABE-12DF17AE4E1E,2018-ncaa-d3-conf-ASC,ncaa,1,3,1,3,1,1,2,5,1,3,5,1,2,3,1,3,2,1,4,1,3,3,1,1,1,2,4,3,7,6,5,1,6,3,2,4,6,13,12,6,2,6,4,6,,,13,10,,,3,1,9,7,6,7,11,8,12,3,5,7,8,9,13,12,11,3,8,6,10,6,8,,8,,,4,13,12,13,1,2,9,1,13,13,6,13,10,13,1,13,13,13,13,2,2,2,13,13,5,13,6,5,5,10,2,13,12,1,5,6,12,8,8,10,,,1,4,,,3,13,4,3,3,2,2,3,1,1,11,12,3,5,5,2,4,7,1,1,6,5,6,4,,7,,,b'\x11\xe8\xe1I\xe9Q\x1d\x1a\x9a\xbe\x12\xdf\x17\xaeN\x1e'
11E8E149-E951-1D1A-9ABE-12DF17AE4E1E,2018-ncaa-d3-natl,ncaa,14,68,2,53,2,15,26,41,40,55,110,33,27,37,70,120,8,12,154,12,20,34,10,33,28,80,110,139,128,53,57,29,312,29,105,37,153,433,349,231,31,82,145,177,,,444,410,,,82,8,291,234,114,160,376,223,384,116,168,70,94,96,342,278,214,310,283,138,317,92,266,,401,,,110,432,376,436,87,192,290,94,443,444,268,424,426,442,44,442,433,443,442,159,158,116,442,427,349,429,312,208,57,369,105,416,406,24,100,145,361,185,237,160,,,4,62,,,82,439,72,151,98,121,72,94,18,16,384,398,289,370,376,137,208,285,8,58,217,111,158,87,,97,,,b'\x11\xe8\xe1I\xe9Q\x1d\x1a\x9a\xbe\x12\xdf\x17\xaeN\x1e'
11E8E149-E951-1D1A-9ABE-12DF17AE4E1E,2019-ncaa-d3-conf-ASC,ncaa,3,3,2,3,2,3,3,3,1,3,3,1,2,2,3,3,10,9,12,9,12,3,3,1,2,3,10,3,13,2,2,3,2,3,3,3,3,13,12,5,1,1,4,4,,,12,10,,,3,3,9,9,3,2,4,3,9,2,3,13,12,13,6,4,3,5,4,2,11,1,5,,8,,,3,4,1,7,3,2,7,2,6,10,4,8,10,11,4,11,13,8,11,3,3,2,11,8,12,3,2,5,2,4,3,5,11,2,1,2,10,5,2,2,,,8,13,,,3,11,3,2,3,2,2,2,1,1,5,6,6,6,7,2,4,2,3,3,3,1,5,2,,13,,,b'\x11\xe8\xe1I\xe9Q\x1d\x1a\x9a\xbe\x12\xdf\x17\xaeN\x1e'
11E8E149-E951-1D1A-9ABE-12DF17AE4E1E,2019-ncaa-d3-natl,ncaa,24,15,67,19,123,53,41,78,28,64,167,19,43,61,60,100,265,193,378,195,232,89,68,21,40,72,224,111,408,75,58,122,66,87,51,28,56,372,291,96,10,7,142,106,,,392,363,,,21,76,124,371,46,26,127,66,258,49,88,322,254,254,139,104,109,190,120,20,320,10,175,,349,,,17,89,47,121,38,36,79,63,206,314,50,355,363,377,204,380,428,163,331,50,72,23,415,299,422,105,66,142,58,121,51,154,377,19,16,24,263,170,34,22,,,214,356,,,21,370,70,15,21,37,18,29,12,19,151,250,315,323,337,50,218,53,64,48,107,18,203,18,,297,,,b'\x11\xe8\xe1I\xe9Q\x1d\x1a\x9a\xbe\x12\xdf\x17\xaeN\x1e'
11E8E149-E951-1D1A-9ABE-12DF17AE4E1E,2020-ncaa-d3-conf-ASC,ncaa,3,3,2,3,3,4,4,6,2,3,6,1,6,7,9,7,9,9,9,9,8,8,5,3,4,4,9,9,10,2,2,3,2,2,1,4,3,11,11,6,4,2,4,3,,,8,8,,,3,7,12,6,7,5,11,4,10,9,8,10,10,10,11,10,3,3,2,5,9,4,7,,5,,,3,1,1,4,1,1,1,1,9,10,5,11,3,2,12,2,7,4,6,1,1,1,12,11,11,2,2,1,2,1,1,5,10,4,2,2,8,7,1,1,,,6,8,,,3,6,5,1,3,1,1,1,1,1,8,9,3,2,2,1,1,2,1,1,5,4,5,1,,9,,,b'\x11\xe8\xe1I\xe9Q\x1d\x1a\x9a\xbe\x12\xdf\x17\xaeN\x1e'
11E8E149-E951-1D1A-9ABE-12DF17AE4E1E,2020-ncaa-d3-natl,ncaa,61,63,65,69,74,108,91,173,34,84,245,15,150,110,252,139,173,137,302,131,111,164,98,49,69,157,279,231,299,84,33,54,31,60,13,35,27,402,353,173,76,82,246,201,,,349,329,,,54,111,254,87,150,113,294,102,340,191,159,227,195,191,279,195,105,76,73,32,346,90,275,,286,,,57,89,46,199,20,15,63,19,384,417,178,421,240,205,348,211,341,198,295,48,61,33,433,421,318,110,31,53,33,59,13,199,386,56,63,89,311,258,7,3,,,100,174,,,54,338,128,25,45,39,15,85,4,14,332,372,183,149,158,81,138,65,17,24,146,86,261,3,,162,,,b'\x11\xe8\xe1I\xe9Q\x1d\x1a\x9a\xbe\x12\xdf\x17\xaeN\x1e'
11E8E149-E951-1D1A-9ABE-12DF17AE4E1E,2021-ncaa-d3-conf-ASC,ncaa,1,1,1,1,1,1,1,1,1,1,1,1,1,1,1,5,1,1,3,1,3,1,1,1,1,1,3,2,9,1,1,1,1,1,1,1,4,12,6,4,1,1,7,10,,,12,9,,,1,1,10,7,1,1,8,4,8,1,3,3,5,5,7,7,2,1,1,3,7,4,10,,7,,,1,10,7,11,1,5,9,1,12,12,6,12,11,12,3,12,8,12,12,1,1,1,12,12,10,10,1,9,1,10,1,7,6,1,4,1,8,1,9,6,,,1,6,,,1,12,1,1,1,1,1,2,1,1,8,10,5,5,5,2,2,1,1,1,2,7,1,5,,8,,,b'\x11\xe8\xe1I\xe9Q\x1d\x1a\x9a\xbe\x12\xdf\x17\xaeN\x1e'
11E8E149-E951-1D1A-9ABE-12DF17AE4E1E,2021-ncaa-d3-natl,ncaa,1,28,1,28,1,1,1,1,49,2,1,60,1,2,33,108,1,1,74,1,26,1,1,33,22,43,55,80,62,1,29,1,53,1,18,1,146,285,167,137,2,68,40,183,,,285,255,,,2,1,96,110,38,67,143,111,182,43,93,22,30,29,90,78,62,16,21,93,189,69,215,,251,,,25,283,280,285,12,271,284,15,285,285,63,243,284,284,85,284,256,285,285,19,27,24,278,239,263,284,53,282,29,284,18,276,104,1,65,23,279,52,284,160,,,1,44,,,2,285,39,21,24,37,17,88,7,29,158,230,191,216,209,121,168,107,32,47,25,67,72,150,,37,,,b'\x11\xe8\xe1I\xe9Q\x1d\x1a\x9a\xbe\x12\xdf\x17\xaeN\x1e'
11E8E149-E951-1D1A-9ABE-12DF17AE4E1E,2022-ncaa-d3-conf-ASC,ncaa,2,3,2,3,2,4,4,3,6,4,3,6,2,2,6,2,4,4,2,4,5,3,3,5,5,5,4,2,6,1,1,2,1,1,1,4,8,10,6,7,4,5,10,10,,,11,11,,,2,5,11,5,5,5,3,8,8,2,2,5,7,7,5,4,1,1,1,6,6,6,10,,11,,,2,2,1,6,1,1,2,2,5,11,3,11,9,9,4,9,11,6,6,1,1,1,11,10,11,2,1,4,1,4,1,1,6,3,2,1,2,2,9,9,,,4,8,,,2,7,3,1,2,1,1,1,1,1,6,9,8,9,9,1,1,1,1,1,1,3,2,9,,8,,,b'\x11\xe8\xe1I\xe9Q\x1d\x1a\x9a\xbe\x12\xdf\x17\xaeN\x1e'
11E8E149-E951-1D1A-9ABE-12DF17AE4E1E,2022-ncaa-d3-natl,ncaa,49,39,107,41,139,112,153,153,178,195,241,134,83,75,166,99,37,82,26,78,66,138,125,144,105,137,75,126,82,30,8,75,18,49,3,165,226,274,222,222,88,62,340,300,,,417,426,,,38,200,294,182,109,174,190,241,321,83,79,45,104,100,166,155,21,69,27,196,229,102,369,,412,,,35,70,22,99,8,17,38,44,211,372,17,409,399,387,354,380,424,134,191,16,61,39,428,334,428,59,18,88,8,70,3,55,277,87,58,20,156,121,336,352,,,118,181,,,38,248,73,20,30,29,5,13,1,4,157,343,378,364,360,41,89,33,23,19,32,107,127,322,,152,,,b'\x11\xe8\xe1I\xe9Q\x1d\x1a\x9a\xbe\x12\xdf\x17\xaeN\x1e'
11E8E149-E951-1D1A-9ABE-12DF17AE4E1E,2023-ncaa-d3-conf-ASC,ncaa,3,2,2,3,2,4,5,6,2,5,4,2,5,8,2,8,2,2,2,2,3,5,5,2,2,2,5,8,3,4,3,3,2,5,2,4,5,7,7,5,3,3,9,8,,,8,10,,,3,7,10,4,4,5,8,4,5,6,8,2,4,4,9,10,5,6,5,5,6,4,9,,5,,,3,3,2,2,2,1,1,4,8,9,3,9,4,4,9,4,9,2,3,3,3,5,10,9,7,2,2,2,3,2,2,3,6,4,4,4,5,4,9,7,,,1,1,,,3,6,2,5,3,2,2,3,1,1,7,8,4,2,2,3,1,3,2,1,3,6,4,7,,2,,,b'\x11\xe8\xe1I\xe9Q\x1d\x1a\x9a\xbe\x12\xdf\x17\xaeN\x1e'
11E8E149-E951-1D1A-9ABE-12DF17AE4E1E,2023-ncaa-d3-natl,ncaa,56,62,63,68,84,71,124,227,51,147,202,72,124,211,28,259,11,13,33,12,14,165,135,46,25,46,105,229,20,126,57,94,76,104,30,118,178,306,259,199,108,114,308,271,,,395,408,,,72,154,305,178,89,168,360,185,313,157,278,8,20,19,284,280,167,152,163,161,235,154,344,,369,,,74,218,116,177,93,41,57,135,382,405,210,405,373,348,381,353,410,209,247,153,209,185,424,397,388,129,76,67,57,74,30,143,206,132,141,117,217,186,319,308,,,24,8,,,72,282,43,147,68,115,53,58,12,17,338,353,342,300,301,84,96,87,15,26,102,193,156,274,,21,,,b'\x11\xe8\xe1I\xe9Q\x1d\x1a\x9a\xbe\x12\xdf\x17\xaeN\x1e'
11E8E149-E951-1D1A-9ABE-12DF17AE4E1E,2024-ncaa-d3-conf-ASC,ncaa,4,5,1,5,4,4,6,4,7,5,4,6,7,6,9,7,1,1,7,1,2,3,3,7,6,6,5,7,1,2,1,1,1,1,1,7,6,7,7,7,8,8,8,6,,,10,9,,,4,5,10,5,6,6,8,5,5,8,7,1,1,1,4,5,2,2,1,7,7,8,8,,7,,,4,2,2,5,1,1,4,1,7,10,3,9,9,8,10,8,9,5,6,1,1,3,10,10,9,5,1,2,1,1,1,1,4,8,7,3,7,6,6,6,,,1,1,,,4,6,5,3,4,2,2,2,1,2,6,8,6,5,5,2,1,2,1,1,1,8,6,5,,1,,,b'\x11\xe8\xe1I\xe9Q\x1d\x1a\x9a\xbe\x12\xdf\x17\xaeN\x1e'
11E8E149-E951-1D1A-9ABE-12DF17AE4E1E,2024-ncaa-d3-natl,ncaa,162,206,63,191,87,156,231,192,276,206,177,259,263,225,326,298,4,4,141,3,10,110,84,292,202,234,110,330,1,28,16,75,99,41,18,232,222,350,280,308,218,250,244,212,,,415,416,,,181,134,262,212,218,307,319,269,244,302,275,4,4,3,183,146,37,108,38,288,289,272,274,,405,,,184,264,100,207,51,29,81,31,402,406,299,401,422,412,374,412,422,276,284,95,190,209,427,408,420,187,99,113,16,133,18,93,138,188,226,110,310,242,294,265,,,5,6,,,181,297,178,178,179,157,42,82,12,25,375,366,409,395,394,151,141,121,40,57,54,257,256,240,,1,,,b'\x11\xe8\xe1I\xe9Q\x1d\x1a\x9a\xbe\x12\xdf\x17\xaeN\x1e'
11E8E149-E951-1D1A-9ABE-12DF17AE4E1E,2025-ncaa-d3-conf-ASC,genius_ncaa,1,1,1,1,1,1,2,2,1,2,2,1,1,1,1,2,1,1,2,1,1,2,2,1,1,1,3,2,3,2,2,1,2,1,1,1,1,1,2,1,3,3,1,1,,,2,2,,2,1,3,3,1,1,2,2,3,3,1,2,1,1,1,2,2,3,1,1,1,1,3,1,,2,,2,1,2,2,4,1,2,5,1,1,3,1,2,2,3,1,3,2,4,3,1,1,1,4,3,3,4,2,2,2,2,1,1,1,3,4,1,3,2,2,2,,,1,1,,3,1,3,1,1,1,1,1,3,2,5,1,2,2,2,2,3,3,3,1,2,1,4,2,2,,1,,4,b'\x11\xe8\xe1I\xe9Q\x1d\x1a\x9a\xbe\x12\xdf\x17\xaeN\x1e'
11E8E149-E951-1D1A-9ABE-12DF17AE4E1E,2025-ncaa-d3-natl,genius_ncaa,37,18,116,23,166,77,104,135,80,134,203,81,82,100,91,155,38,27,258,28,20,111,99,68,64,85,107,158,105,53,16,37,81,31,13,56,39,231,162,94,148,167,59,74,,,308,292,,404,40,139,147,258,40,83,129,141,230,79,111,29,16,17,88,99,43,16,14,44,213,160,60,,298,,404,31,91,73,300,12,86,297,13,137,244,54,180,254,309,56,303,258,314,291,13,12,33,292,196,331,218,81,71,16,114,13,46,70,206,264,91,247,192,15,12,,,59,80,,177,40,299,55,35,33,67,58,249,66,258,118,204,244,300,295,261,251,173,51,83,42,246,230,11,,50,,195,b'\x11\xe8\xe1I\xe9Q\x1d\x1a\x9a\xbe\x12\xdf\x17\xaeN\x1e'
11E8E149-E951-1D1A-9ABE-12DF17AE4E1E,2026-ncaa-d3-natl,genius_ncaa,1,21,8,21,10,12,29,63,68,46,80,96,35,72,52,213,4,6,109,6,21,35,33,57,38,67,80,182,41,22,29,9,38,13,14,47,240,366,239,219,45,109,68,104,,,230,59,,408,15,38,316,77,77,156,324,192,300,119,232,19,25,24,238,217,108,80,69,194,236,158,155,,31,,383,41,302,297,363,81,202,292,45,405,398,316,385,179,168,198,169,87,346,370,137,109,92,384,403,73,228,38,244,29,240,14,342,338,44,120,181,280,126,107,41,,,7,49,,123,15,380,48,69,35,57,63,127,25,54,347,329,22,22,24,79,88,68,23,24,195,163,132,32,,62,,214,b'\x11\xe8\xe1I\xe9Q\x1d\x1a\x9a\xbe\x12\xdf\x17\xaeN\x1e'
11E8E149-E955-8526-9ABE-12DF17AE4E1E,2018-ncaa-d3-conf-ODAC,ncaa,8,7,7,8,8,8,9,9,7,11,12,8,5,3,5,2,8,7,5,7,3,9,11,6,6,6,3,1,6,9,5,9,8,8,5,11,11,2,4,8,11,10,11,11,,,4,7,,,8,12,12,5,6,7,9,9,11,2,2,8,7,7,9,11,8,5,5,10,5,11,11,,7,,,8,3,4,6,2,2,3,1,11,12,10,12,4,4,7,4,7,3,2,7,6,8,12,12,5,6,8,4,5,4,5,5,8,11,10,10,1,1,10,12,,,9,8,,,8,1,6,8,8,6,5,7,4,5,11,12,6,6,6,6,3,8,5,5,7,11,1,11,,7,,,b'\x11\xe8\xe1I\xe9U\x85&\x9a\xbe\x12\xdf\x17\xaeN\x1e'
11E8E149-E955-8526-9ABE-12DF17AE4E1E,2018-ncaa-d3-natl,ncaa,196,197,197,202,264,208,224,293,150,276,338,153,95,139,81,95,225,219,226,218,102,283,328,99,109,99,93,88,252,302,269,171,189,239,190,218,221,67,115,129,405,421,389,398,,,124,173,,,186,325,353,303,194,226,311,299,366,91,119,219,212,206,290,370,318,118,224,207,74,423,401,,125,,,185,160,147,243,107,109,168,81,356,350,287,365,133,138,186,126,152,213,128,142,128,259,374,397,155,236,189,134,269,155,190,205,261,404,419,382,12,19,228,326,,,294,214,,,186,123,124,270,181,184,182,285,111,189,363,363,141,131,123,245,112,242,148,173,221,429,9,238,,323,,,b'\x11\xe8\xe1I\xe9U\x85&\x9a\xbe\x12\xdf\x17\xaeN\x1e'
11E8E149-E955-8526-9ABE-12DF17AE4E1E,2019-ncaa-d3-conf-ODAC,ncaa,10,10,5,10,8,10,9,7,9,10,7,7,6,4,9,5,10,11,6,11,13,8,9,9,9,9,10,7,13,11,12,10,7,10,10,10,10,2,4,6,9,9,7,7,,,6,8,,,10,7,7,5,9,8,6,10,7,5,5,11,12,12,7,9,11,7,10,10,2,10,6,,6,,,10,7,6,7,5,7,6,5,9,10,6,10,9,8,11,8,7,8,7,4,5,7,8,7,8,7,7,10,12,8,10,7,11,10,10,11,1,2,6,7,,,11,12,,,10,7,10,8,10,8,6,9,6,8,9,10,8,8,8,11,7,8,11,10,8,10,1,6,,13,,,b'\x11\xe8\xe1I\xe9U\x85&\x9a\xbe\x12\xdf\x17\xaeN\x1e'
11E8E149-E955-8526-9ABE-12DF17AE4E1E,2019-ncaa-d3-natl,ncaa,282,304,215,299,247,257,225,250,201,226,259,186,171,177,204,140,351,378,143,380,386,284,325,195,223,184,240,161,386,404,424,247,198,342,353,244,288,72,126,162,211,203,190,176,,,146,182,,,244,271,246,158,255,201,214,221,262,169,160,367,395,394,280,353,423,226,371,231,80,203,180,,164,,,245,201,187,171,230,182,172,209,252,227,285,252,248,238,264,235,252,171,157,241,249,258,280,263,253,171,198,292,424,248,353,262,286,262,251,281,77,115,277,305,,,391,396,,,244,175,251,240,245,230,219,206,202,194,265,242,254,243,244,216,183,182,323,281,264,259,86,296,,425,,,b'\x11\xe8\xe1I\xe9U\x85&\x9a\xbe\x12\xdf\x17\xaeN\x1e'
11E8E149-E955-8526-9ABE-12DF17AE4E1E,2020-ncaa-d3-conf-ODAC,ncaa,12,11,11,12,12,10,9,9,8,9,7,11,7,7,7,6,12,10,10,10,12,8,9,11,11,10,6,5,10,11,12,10,10,10,12,10,12,1,1,8,10,10,7,8,,,2,2,,,9,10,4,5,9,9,3,8,3,6,6,11,9,9,5,6,9,7,8,10,3,10,7,,2,,,10,12,13,11,12,13,9,12,10,9,10,7,3,3,2,3,3,10,6,12,9,11,2,10,1,12,10,11,12,12,12,13,9,12,12,13,1,3,12,13,,,9,10,,,9,4,10,11,9,13,13,13,13,13,12,12,5,5,5,13,12,13,12,13,13,11,3,13,,7,,,b'\x11\xe8\xe1I\xe9U\x85&\x9a\xbe\x12\xdf\x17\xaeN\x1e'
11E8E149-E955-8526-9ABE-12DF17AE4E1E,2020-ncaa-d3-natl,ncaa,397,391,372,403,384,359,352,327,358,331,263,378,323,313,298,279,344,321,343,323,310,336,367,363,371,342,248,238,237,363,403,300,320,342,383,400,424,89,173,354,357,345,192,214,,,37,38,,,366,357,125,162,326,319,156,294,126,281,254,299,256,257,168,196,339,163,263,408,191,321,138,,57,,,367,250,339,229,354,358,303,319,214,129,351,130,53,61,90,61,47,188,112,334,293,343,53,192,37,273,320,366,403,338,383,324,244,358,355,380,127,206,383,387,,,327,233,,,366,88,357,349,364,374,401,394,411,416,299,241,104,125,128,381,350,345,420,405,373,298,207,419,,218,,,b'\x11\xe8\xe1I\xe9U\x85&\x9a\xbe\x12\xdf\x17\xaeN\x1e'
11E8E149-E955-8526-9ABE-12DF17AE4E1E,2021-ncaa-d3-conf-ODAC,ncaa,11,6,9,11,9,10,10,9,11,10,9,11,11,9,11,6,10,10,5,10,8,9,9,11,11,11,7,9,1,11,11,9,9,9,11,11,10,3,6,10,9,2,11,11,,,2,1,,,9,9,3,6,11,11,6,10,7,10,5,7,9,9,6,5,6,9,9,11,7,2,11,,2,,,11,3,3,3,10,3,3,10,3,3,10,11,2,2,11,2,3,3,3,11,11,10,9,11,1,3,9,3,11,3,11,3,9,10,2,5,3,4,4,11,,,9,9,,,9,3,11,9,11,9,9,8,8,2,10,11,2,2,2,4,8,7,11,11,9,2,4,11,,7,,,b'\x11\xe8\xe1I\xe9U\x85&\x9a\xbe\x12\xdf\x17\xaeN\x1e'
11E8E149-E955-8526-9ABE-12DF17AE4E1E,2021-ncaa-d3-natl,ncaa,251,149,220,251,222,239,241,221,278,238,220,265,241,214,277,107,225,227,154,227,188,221,222,280,277,272,166,213,45,235,269,226,88,230,253,240,186,60,146,242,189,39,247,258,,,58,55,,,239,221,58,110,267,269,103,250,138,253,103,189,190,188,112,112,225,195,226,260,145,42,266,,64,,,264,66,69,63,252,62,53,256,88,74,240,251,56,52,239,49,70,60,65,262,261,209,162,250,40,51,88,80,269,70,253,77,217,209,39,157,54,100,88,242,,,227,221,,,239,66,272,188,262,210,218,143,178,71,253,236,68,50,48,105,175,61,277,249,237,40,100,246,,206,,,b'\x11\xe8\xe1I\xe9U\x85&\x9a\xbe\x12\xdf\x17\xaeN\x1e'
11E8E149-E955-8526-9ABE-12DF17AE4E1E,2022-ncaa-d3-conf-ODAC,ncaa,11,11,8,11,8,10,8,7,11,7,5,12,12,11,10,9,12,11,12,11,12,7,7,12,12,11,11,10,10,8,10,8,9,9,10,11,11,8,8,11,3,4,12,12,,,10,7,,,11,7,2,2,11,9,2,7,1,10,9,12,11,11,2,2,7,7,8,12,9,4,12,,8,,,10,9,11,5,10,11,6,11,5,5,8,4,8,7,10,7,6,5,7,10,10,9,3,3,6,7,9,12,10,11,10,8,4,1,2,2,7,8,9,7,,,9,9,,,11,6,11,9,10,10,10,7,10,9,4,4,9,8,8,8,11,8,12,11,8,1,10,10,,8,,,b'\x11\xe8\xe1I\xe9U\x85&\x9a\xbe\x12\xdf\x17\xaeN\x1e'
11E8E149-E955-8526-9ABE-12DF17AE4E1E,2022-ncaa-d3-natl,ncaa,351,365,250,360,253,331,302,222,377,245,131,376,369,330,399,342,301,231,384,239,310,229,216,393,390,379,358,358,178,231,327,282,232,265,340,382,421,269,276,382,77,60,416,420,,,243,248,,,333,212,103,21,359,325,129,230,63,378,322,293,181,187,129,96,206,266,240,402,297,52,421,,312,,,333,210,231,136,322,287,190,325,92,101,162,105,242,241,261,223,244,134,204,289,301,197,97,68,251,184,232,380,327,328,340,138,83,68,39,50,287,284,240,184,,,275,304,,,333,221,379,172,328,249,272,170,318,259,95,99,277,273,259,179,316,202,404,358,158,34,304,270,,237,,,b'\x11\xe8\xe1I\xe9U\x85&\x9a\xbe\x12\xdf\x17\xaeN\x1e'
11E8E149-E955-8526-9ABE-12DF17AE4E1E,2023-ncaa-d3-conf-ODAC,ncaa,10,10,6,10,6,11,10,7,11,11,11,11,4,3,9,3,11,11,8,10,8,9,9,10,11,10,2,3,8,12,12,10,11,11,12,10,11,4,7,10,10,11,11,12,,,3,2,,,12,5,5,1,11,11,6,11,10,3,3,10,9,9,8,6,12,9,13,10,7,10,11,,4,,,12,13,13,11,12,13,12,12,11,7,12,6,2,2,7,2,2,11,10,12,12,12,2,8,2,12,11,13,12,12,12,13,10,10,11,12,7,10,7,9,,,8,7,,,12,10,11,13,12,12,13,12,13,12,11,10,2,2,2,12,11,11,13,12,13,10,9,8,,8,,,b'\x11\xe8\xe1I\xe9U\x85&\x9a\xbe\x12\xdf\x17\xaeN\x1e'
11E8E149-E955-8526-9ABE-12DF17AE4E1E,2023-ncaa-d3-natl,ncaa,289,325,185,314,205,295,318,228,380,334,257,383,179,142,290,143,211,181,298,179,123,222,216,368,359,343,70,125,94,286,381,305,355,318,395,360,361,216,236,350,174,214,398,410,,,199,142,,,369,185,156,85,329,356,210,370,275,187,132,196,154,155,199,196,304,347,352,384,240,174,409,,215,,,360,359,382,294,377,373,297,349,328,242,393,210,172,175,191,169,117,281,282,375,360,338,148,255,76,328,355,406,381,397,395,373,294,144,180,308,274,272,201,242,,,136,97,,,369,252,346,349,357,349,364,316,356,310,327,236,171,173,169,300,307,329,405,385,358,133,269,205,,88,,,b'\x11\xe8\xe1I\xe9U\x85&\x9a\xbe\x12\xdf\x17\xaeN\x1e'
11E8E149-E955-8526-9ABE-12DF17AE4E1E,2024-ncaa-d3-conf-ODAC,ncaa,10,10,7,10,9,9,9,10,10,10,10,10,8,8,9,7,2,2,8,3,3,9,11,8,10,8,4,7,2,9,10,11,10,11,12,11,11,1,1,9,4,4,10,10,,,8,10,,,10,10,8,10,8,10,10,11,9,7,7,2,2,3,7,11,10,12,11,12,1,4,10,,10,,,10,11,8,4,11,7,1,12,13,12,10,13,7,8,4,8,11,5,4,11,12,11,10,12,5,8,10,12,10,11,12,13,13,9,8,12,1,1,6,8,,,6,2,,,10,4,8,11,11,10,10,5,7,2,13,13,9,9,9,5,5,10,10,10,12,8,1,8,,5,,,b'\x11\xe8\xe1I\xe9U\x85&\x9a\xbe\x12\xdf\x17\xaeN\x1e'
11E8E149-E955-8526-9ABE-12DF17AE4E1E,2024-ncaa-d3-natl,ncaa,251,275,200,264,257,269,307,247,360,303,236,343,264,210,349,226,90,77,205,84,60,217,280,360,337,273,127,261,32,217,293,331,292,302,347,365,401,76,101,307,86,68,367,346,,,255,316,,,263,291,277,244,297,339,234,311,232,275,214,61,56,62,191,274,214,362,321,386,92,75,376,,278,,,263,175,176,99,305,150,59,342,285,277,268,351,176,216,88,209,329,97,140,330,310,251,297,322,186,202,292,352,293,308,347,231,278,140,87,175,64,86,150,176,,,145,56,,,263,132,272,256,268,187,186,83,168,46,296,289,191,230,224,94,153,215,356,314,244,121,80,162,,92,,,b'\x11\xe8\xe1I\xe9U\x85&\x9a\xbe\x12\xdf\x17\xaeN\x1e'
11E8E149-E955-8526-9ABE-12DF17AE4E1E,2025-ncaa-d3-conf-ODAC,genius_ncaa,11,11,8,11,9,12,13,12,13,13,12,13,6,8,8,3,6,7,3,7,2,10,10,11,11,11,1,2,2,11,10,8,8,9,8,11,8,9,10,11,12,11,11,11,,,9,9,,9,11,11,6,5,12,13,10,13,10,4,2,6,7,7,9,6,10,7,7,11,10,11,11,,10,,9,11,8,8,8,10,8,7,10,6,6,7,7,12,9,13,9,10,8,4,10,10,11,6,5,12,7,8,8,10,7,8,8,8,13,11,12,10,11,11,13,,,9,7,,9,11,5,11,10,11,11,10,10,9,8,9,11,12,11,11,11,9,9,11,10,10,10,10,11,,7,,9,b'\x11\xe8\xe1I\xe9U\x85&\x9a\xbe\x12\xdf\x17\xaeN\x1e'
11E8E149-E955-8526-9ABE-12DF17AE4E1E,2025-ncaa-d3-natl,genius_ncaa,250,242,290,256,327,327,352,327,349,364,359,338,191,153,234,86,259,217,318,211,63,321,313,318,313,320,42,70,125,240,252,272,322,260,290,361,341,240,307,350,257,249,272,281,,,204,258,,360,298,327,234,258,332,360,315,375,360,153,115,225,167,160,296,243,203,194,198,367,281,231,248,,275,,382,296,118,116,153,135,155,187,157,93,146,88,174,218,221,211,225,242,156,137,119,119,163,164,127,262,310,322,191,252,249,290,83,91,262,251,170,226,281,308,388,,,250,163,,190,298,106,317,221,290,194,195,259,225,270,139,200,271,278,282,264,255,334,260,308,122,228,256,340,,187,,169,b'\x11\xe8\xe1I\xe9U\x85&\x9a\xbe\x12\xdf\x17\xaeN\x1e'
11E8E149-E955-8526-9ABE-12DF17AE4E1E,2026-ncaa-d3-conf-ODAC,genius_ncaa,8,7,3,8,7,11,10,10,11,10,9,8,9,5,11,3,8,9,9,9,9,10,10,11,11,10,8,6,7,11,11,10,10,11,11,7,6,2,5,6,4,2,8,7,,,3,2,,1,12,9,6,5,11,10,9,10,9,7,4,8,9,9,9,9,11,9,11,6,3,3,8,,3,,1,12,8,8,6,7,5,4,7,12,12,11,12,2,2,6,2,5,6,7,10,8,9,12,12,3,9,10,9,11,9,11,10,11,7,7,11,5,9,8,8,,,10,8,,10,12,5,10,10,11,10,10,7,5,5,12,12,2,2,2,7,9,11,11,11,10,5,6,8,,10,,10,b'\x11\xe8\xe1I\xe9U\x85&\x9a\xbe\x12\xdf\x17\xaeN\x1e'
11E8E149-E955-8526-9ABE-12DF17AE4E1E,2026-ncaa-d3-natl,genius_ncaa,157,268,42,231,64,62,70,74,181,141,151,195,16,27,88,65,130,88,303,87,125,76,95,138,161,121,67,44,274,185,349,42,328,85,329,62,147,189,64,70,63,155,261,349,,,298,122,,104,94,83,220,113,151,167,156,257,308,50,60,226,197,196,161,271,304,95,182,137,63,122,324,,161,,72,114,274,284,371,35,282,380,36,274,317,132,157,224,276,68,280,114,365,366,39,21,50,181,223,153,399,328,378,349,394,329,241,137,88,227,141,179,84,90,51,,,97,194,,98,94,333,152,112,115,115,138,317,143,310,168,220,105,153,158,292,285,370,349,368,131,190,75,39,,229,,148,b'\x11\xe8\xe1I\xe9U\x85&\x9a\xbe\x12\xdf\x17\xaeN\x1e'
11E8E149-E95A-1618-9ABE-12DF17AE4E1E,2018-ncaa-d3-conf-MAC Freedom,ncaa,7,7,5,7,6,7,6,5,7,7,7,6,5,2,7,1,8,8,4,8,7,8,8,7,7,7,4,1,8,7,7,8,6,8,7,7,8,1,3,5,4,5,6,6,,,4,7,,,7,7,7,5,7,6,4,7,7,3,1,8,8,8,7,8,7,8,8,7,3,4,6,,5,,,7,5,4,2,6,4,3,6,5,2,7,4,5,4,8,4,5,2,3,6,7,6,5,5,6,4,6,4,7,4,7,5,7,6,6,6,4,5,2,5,,,8,5,,,7,1,7,6,7,6,5,3,5,4,6,2,5,5,5,3,3,4,4,4,6,6,5,4,,8,,,b'\x11\xe8\xe1I\xe9Z\x16\x18\x9a\xbe\x12\xdf\x17\xaeN\x1e'
11E8E149-E95A-1618-9ABE-12DF17AE4E1E,2018-ncaa-d3-natl,ncaa,364,379,305,377,326,318,293,315,258,310,316,278,201,207,188,127,397,401,296,397,367,340,363,242,279,270,218,115,397,364,373,330,248,359,351,329,342,108,214,262,246,217,252,251,,,179,281,,,324,354,296,138,309,267,234,300,291,164,162,402,403,397,300,333,354,297,356,330,155,228,233,,242,,,323,213,199,111,327,224,175,300,168,109,337,129,311,240,432,236,273,111,88,314,361,359,215,150,325,151,248,227,373,191,351,277,317,321,271,341,202,290,147,214,,,364,309,,,324,88,299,348,330,295,281,197,292,257,209,138,368,282,283,210,171,212,314,279,319,295,251,184,,360,,,b'\x11\xe8\xe1I\xe9Z\x16\x18\x9a\xbe\x12\xdf\x17\xaeN\x1e'
11E8E149-E95A-1618-9ABE-12DF17AE4E1E,2019-ncaa-d3-conf-MAC Freedom,ncaa,5,4,5,5,8,5,6,6,6,5,5,5,6,6,6,5,6,6,4,6,4,6,6,7,7,6,6,6,3,3,2,5,3,3,3,5,6,6,6,6,7,6,3,3,,,8,8,,,5,7,2,8,4,5,4,4,4,6,5,5,3,3,4,2,2,4,2,5,7,6,3,,8,,,5,3,2,1,4,2,2,5,1,1,2,2,8,8,8,8,8,2,1,4,7,6,7,1,8,1,3,1,2,1,3,5,8,7,7,7,4,4,2,1,,,5,3,,,5,2,5,6,5,5,3,3,3,3,2,2,8,8,8,5,3,2,3,3,6,7,6,2,,3,,,b'\x11\xe8\xe1I\xe9Z\x16\x18\x9a\xbe\x12\xdf\x17\xaeN\x1e'
11E8E149-E95A-1618-9ABE-12DF17AE4E1E,2019-ncaa-d3-natl,ncaa,282,274,317,293,363,218,233,237,230,185,143,257,306,332,231,350,106,85,241,81,119,197,195,262,245,244,277,337,76,100,87,154,158,123,102,348,417,260,248,353,256,278,177,175,,,392,426,,,262,236,44,441,134,164,103,113,63,304,320,46,35,31,67,53,64,43,30,354,316,237,142,,433,,,263,304,195,194,216,242,207,275,122,205,57,167,433,430,356,430,424,276,196,190,277,350,282,78,427,203,158,172,87,173,102,295,347,357,382,374,227,217,42,33,,,103,90,,,262,204,206,325,261,369,284,322,310,303,166,270,441,440,440,387,343,267,254,261,327,342,276,55,,26,,,b'\x11\xe8\xe1I\xe9Z\x16\x18\x9a\xbe\x12\xdf\x17\xaeN\x1e'
11E8E149-E95A-1618-9ABE-12DF17AE4E1E,2020-ncaa-d3-conf-MAC Freedom,ncaa,4,5,3,5,4,4,4,4,4,3,3,4,4,6,2,5,4,5,5,5,6,4,4,4,4,3,6,3,7,4,4,5,3,4,4,5,5,3,4,4,5,4,4,4,,,8,8,,,5,4,8,3,5,4,3,3,3,3,4,4,6,6,5,5,4,6,4,5,4,5,5,,8,,,5,5,3,2,5,5,3,5,3,1,7,1,8,8,8,8,8,2,4,5,5,6,5,1,8,2,3,3,4,1,4,6,7,6,5,6,2,3,5,6,,,5,6,,,5,5,4,6,5,4,3,1,4,2,2,1,8,8,8,2,1,2,2,2,5,6,3,6,,6,,,b'\x11\xe8\xe1I\xe9Z\x16\x18\x9a\xbe\x12\xdf\x17\xaeN\x1e'
11E8E149-E95A-1618-9ABE-12DF17AE4E1E,2020-ncaa-d3-natl,ncaa,215,218,198,221,243,233,234,215,244,253,226,277,159,194,120,196,271,302,168,298,306,229,254,231,235,229,176,143,284,160,171,308,254,261,252,259,291,171,190,242,130,104,149,130,,,352,404,,,243,284,278,163,228,232,181,258,203,157,191,266,306,304,208,219,137,329,265,247,195,115,132,,377,,,242,199,143,78,290,168,164,220,146,61,382,72,374,376,177,376,380,118,115,280,314,297,277,139,378,168,254,221,171,188,252,289,366,230,201,286,183,208,359,350,,,273,270,,,243,128,222,287,250,231,176,93,195,181,169,60,383,387,385,152,136,186,232,222,287,216,192,363,,276,,,b'\x11\xe8\xe1I\xe9Z\x16\x18\x9a\xbe\x12\xdf\x17\xaeN\x1e'
11E8E149-E95A-1618-9ABE-12DF17AE4E1E,2021-ncaa-d3-conf-MAC Commonwealth,ncaa,7,7,5,7,5,6,6,6,7,6,6,7,4,3,4,2,5,6,5,6,5,6,6,7,7,7,2,2,5,3,2,6,6,5,5,6,2,3,6,5,4,3,7,6,,,5,7,,,7,6,7,3,7,7,5,7,6,3,2,6,6,6,6,5,2,7,6,5,5,4,6,,7,,,7,2,3,2,7,3,2,7,1,2,3,1,7,7,4,7,7,2,2,6,7,7,5,1,7,2,6,4,2,2,5,4,5,5,4,5,4,6,3,6,,,5,6,,,7,2,5,7,7,6,4,2,6,2,3,2,7,7,7,3,1,2,6,4,4,5,5,5,,6,,,b'\x11\xe8\xe1I\xe9Z\x16\x18\x9a\xbe\x12\xdf\x17\xaeN\x1e'
11E8E149-E95A-1618-9ABE-12DF17AE4E1E,2021-ncaa-d3-natl,ncaa,215,238,146,237,160,188,184,174,246,191,164,259,146,149,143,127,195,192,165,193,247,175,167,240,243,250,102,73,210,114,74,185,207,172,162,164,73,148,221,207,147,131,147,150,,,154,254,,,231,178,253,110,255,253,221,249,184,161,169,252,257,252,246,222,83,255,210,198,194,160,153,,211,,,219,123,117,107,175,135,125,174,78,83,76,30,185,187,170,184,239,116,115,135,171,173,96,26,262,130,207,121,74,122,162,129,164,164,155,168,164,230,210,259,,,187,245,,,231,111,235,180,221,116,96,35,148,122,26,22,248,244,241,64,42,135,100,107,131,183,210,259,,257,,,b'\x11\xe8\xe1I\xe9Z\x16\x18\x9a\xbe\x12\xdf\x17\xaeN\x1e'
11E8E149-E95A-1618-9ABE-12DF17AE4E1E,2022-ncaa-d3-conf-MAC Commonwealth,ncaa,7,7,3,7,3,6,5,5,5,4,5,5,8,7,7,7,8,2,9,2,4,5,3,6,8,8,8,8,5,5,7,5,3,5,5,8,8,8,8,8,6,6,9,9,,,9,9,,,8,4,4,1,7,5,5,3,4,8,7,8,3,3,4,3,5,5,5,8,8,6,9,,9,,,8,8,6,5,8,5,3,8,8,7,7,8,8,8,7,8,9,7,5,8,9,9,8,8,9,4,3,6,7,5,5,9,9,5,6,9,8,8,7,8,,,2,3,,,8,6,8,9,8,8,6,4,4,3,8,7,8,8,8,7,6,4,6,5,9,4,8,7,,2,,,b'\x11\xe8\xe1I\xe9Z\x16\x18\x9a\xbe\x12\xdf\x17\xaeN\x1e'
11E8E149-E95A-1618-9ABE-12DF17AE4E1E,2022-ncaa-d3-natl,ncaa,302,341,188,325,194,281,261,262,259,226,212,253,315,298,328,289,288,174,407,176,175,257,216,280,314,339,317,306,216,239,262,233,198,246,244,333,386,368,359,375,254,275,355,362,,,341,368,,,330,205,212,66,341,311,327,240,220,334,306,312,163,157,306,206,249,265,265,363,349,268,372,,358,,,322,275,243,168,283,207,148,274,287,232,340,243,329,344,148,346,369,203,199,303,317,278,317,264,308,196,198,223,262,204,244,360,381,180,180,296,360,347,377,382,,,169,147,,,330,210,345,272,329,262,222,140,199,132,288,223,337,349,353,177,202,180,223,192,332,187,333,383,,150,,,b'\x11\xe8\xe1I\xe9Z\x16\x18\x9a\xbe\x12\xdf\x17\xaeN\x1e'
11E8E149-E95A-1618-9ABE-12DF17AE4E1E,2023-ncaa-d3-conf-MAC Commonwealth,ncaa,8,8,6,8,7,9,9,9,9,9,8,9,7,6,7,6,7,4,9,4,3,8,7,9,9,9,4,5,3,5,5,9,8,8,7,9,9,9,9,9,5,5,7,7,,,6,6,,,9,8,7,2,9,9,8,9,7,7,6,7,3,4,6,5,4,9,6,9,9,5,7,,6,,,9,7,7,2,9,7,3,9,6,5,4,7,3,4,2,4,5,3,1,9,8,7,4,6,2,5,8,3,5,2,7,8,7,9,7,9,4,7,6,8,,,7,6,,,9,1,9,9,9,7,9,4,9,4,6,6,3,5,5,5,3,7,4,5,9,7,7,7,,6,,,b'\x11\xe8\xe1I\xe9Z\x16\x18\x9a\xbe\x12\xdf\x17\xaeN\x1e'
11E8E149-E95A-1618-9ABE-12DF17AE4E1E,2023-ncaa-d3-natl,ncaa,366,372,333,370,346,388,387,382,378,373,335,387,355,354,309,292,334,266,402,260,141,377,369,379,381,382,211,239,111,254,220,383,327,363,315,401,391,272,368,399,226,147,345,323,,,216,379,,,354,381,339,137,397,395,377,374,274,342,328,316,179,170,357,289,193,390,329,409,332,171,334,,336,,,352,85,99,40,332,149,67,351,71,70,159,151,193,234,58,225,337,44,44,303,304,275,138,106,279,183,327,117,220,131,315,182,291,278,165,247,148,252,296,358,,,339,241,,,354,39,376,304,363,203,214,91,261,136,117,116,259,315,312,112,128,255,248,251,256,205,226,353,,287,,,b'\x11\xe8\xe1I\xe9Z\x16\x18\x9a\xbe\x12\xdf\x17\xaeN\x1e'
11E8E149-E95A-1618-9ABE-12DF17AE4E1E,2024-ncaa-d3-conf-MAC Commonwealth,ncaa,5,4,5,5,5,7,6,6,6,7,6,7,5,5,5,6,8,6,8,6,4,7,7,6,7,7,4,3,7,4,4,4,3,4,3,8,7,5,6,7,5,4,4,2,,,7,8,,,5,7,6,1,7,6,5,7,5,4,5,8,4,5,6,5,3,3,2,8,6,4,3,,8,,,5,1,1,2,1,1,2,1,3,4,3,5,7,6,6,6,8,2,1,1,2,2,6,4,8,2,3,4,4,2,3,3,6,7,5,3,3,5,8,8,,,7,4,,,5,2,6,2,5,2,2,3,1,4,3,4,8,8,8,3,2,3,4,3,3,6,4,8,,6,,,b'\x11\xe8\xe1I\xe9Z\x16\x18\x9a\xbe\x12\xdf\x17\xaeN\x1e'
11E8E149-E95A-1618-9ABE-12DF17AE4E1E,2024-ncaa-d3-natl,ncaa,251,232,296,255,324,355,311,319,296,286,233,320,329,345,263,317,402,333,423,338,341,335,316,316,365,363,352,267,389,189,121,241,217,225,153,328,326,273,325,340,218,152,186,151,,,242,342,,,244,348,293,232,364,310,291,262,178,323,335,409,321,329,319,260,139,162,133,334,309,168,163,,312,,,245,46,46,95,41,45,99,60,91,160,52,256,145,143,179,144,232,88,99,44,42,52,284,227,302,202,217,87,121,115,153,131,327,246,176,169,202,252,391,381,,,365,367,,,244,91,351,72,242,69,70,159,80,153,132,222,181,194,195,152,172,246,152,189,173,198,237,406,,373,,,b'\x11\xe8\xe1I\xe9Z\x16\x18\x9a\xbe\x12\xdf\x17\xaeN\x1e'
11E8E149-E95A-1618-9ABE-12DF17AE4E1E,2025-ncaa-d3-conf-MAC Commonwealth,genius_ncaa,8,8,5,8,6,8,8,5,8,8,8,8,3,2,3,1,8,7,8,7,6,6,6,8,8,8,1,1,7,8,8,8,8,8,8,8,6,4,6,8,5,4,7,8,,,6,7,,7,8,5,2,3,8,8,2,8,8,2,1,8,7,7,5,3,6,8,8,8,6,4,7,,8,,8,8,8,8,4,8,8,4,8,8,3,8,4,5,6,1,6,6,5,4,8,8,8,4,6,2,7,8,8,8,8,8,8,8,5,6,8,2,3,7,8,,,8,6,,7,8,3,8,8,8,8,8,7,8,7,8,4,5,6,6,8,8,8,8,8,8,5,2,7,,7,,7,b'\x11\xe8\xe1I\xe9Z\x16\x18\x9a\xbe\x12\xdf\x17\xaeN\x1e'
11E8E149-E95A-1618-9ABE-12DF17AE4E1E,2025-ncaa-d3-natl,genius_ncaa,393,414,192,401,248,377,373,223,407,377,211,412,255,227,285,205,397,336,413,329,350,249,218,403,407,397,120,69,331,170,326,290,352,245,381,370,284,277,291,365,308,338,297,332,,,296,304,,328,400,243,201,258,401,394,185,404,194,254,211,405,353,350,238,191,164,296,242,382,277,315,301,,331,,336,390,355,376,267,371,388,330,359,173,117,296,66,221,288,28,289,221,291,231,353,333,351,56,86,142,339,352,404,326,401,381,390,362,293,332,383,201,217,411,409,,,312,342,,276,400,173,394,372,394,344,364,292,381,354,182,128,241,311,316,309,270,338,400,391,373,302,216,412,,340,,287,b'\x11\xe8\xe1I\xe9Z\x16\x18\x9a\xbe\x12\xdf\x17\xaeN\x1e'
11E8E149-E95A-1618-9ABE-12DF17AE4E1E,2026-ncaa-d3-natl,genius_ncaa,157,200,116,194,139,242,263,178,343,322,247,349,99,76,201,57,287,259,331,260,231,196,147,311,320,346,55,27,279,129,173,103,132,114,142,192,88,356,353,318,213,257,178,243,,,305,285,,347,283,149,138,113,335,328,227,380,338,106,71,348,309,304,269,144,146,85,101,235,361,244,214,,295,,349,276,221,247,271,154,300,313,192,100,167,57,70,209,238,112,236,148,263,264,118,101,124,48,50,202,221,132,260,173,255,142,198,113,185,235,189,330,320,320,359,,,273,382,,201,283,269,334,125,267,167,213,251,289,317,48,100,178,203,207,251,245,184,244,222,160,221,320,325,,363,,217,b'\x11\xe8\xe1I\xe9Z\x16\x18\x9a\xbe\x12\xdf\x17\xaeN\x1e'
11E8E149-E95E-CA82-9ABE-12DF17AE4E1E,2018-ncaa-d3-conf-Little East,ncaa,4,4,3,4,3,4,3,5,1,2,2,1,8,8,6,8,1,1,1,1,3,4,4,2,1,2,7,8,1,6,6,4,2,5,3,3,2,2,3,2,6,8,4,6,,,4,4,,,4,4,3,2,3,3,7,2,2,8,8,1,1,1,4,4,6,3,5,2,3,7,4,,4,,,4,6,7,6,5,7,5,6,4,4,4,4,2,2,4,2,3,5,4,5,5,5,3,4,2,2,2,1,6,1,3,5,1,7,8,6,4,5,7,4,,,2,1,,,4,5,2,5,4,6,6,7,7,7,4,4,2,2,2,7,3,3,1,1,4,8,3,6,,1,,,b'\x11\xe8\xe1I\xe9^\xca\x82\x9a\xbe\x12\xdf\x17\xaeN\x1e'
11E8E149-E95E-CA82-9ABE-12DF17AE4E1E,2018-ncaa-d3-natl,ncaa,218,279,68,252,107,106,63,154,20,12,27,49,413,427,269,442,95,116,137,118,330,146,136,83,71,91,439,441,184,349,364,91,192,200,245,66,141,253,208,86,309,377,318,363,,,182,72,,,243,84,139,303,126,70,264,10,33,428,441,123,151,148,239,269,417,140,315,67,182,362,348,,85,,,242,416,426,419,335,417,393,353,363,376,250,278,115,132,96,138,60,406,357,329,285,336,103,264,35,314,192,227,364,261,245,331,75,246,366,317,267,234,327,142,,,103,117,,,243,359,161,327,241,331,377,365,368,328,316,326,68,84,89,336,282,234,142,170,250,345,206,283,,158,,,b'\x11\xe8\xe1I\xe9^\xca\x82\x9a\xbe\x12\xdf\x17\xaeN\x1e'
11E8E149-E95E-CA82-9ABE-12DF17AE4E1E,2019-ncaa-d3-conf-Little East,ncaa,2,2,1,2,2,2,2,5,1,1,3,1,8,9,3,9,2,2,5,2,5,4,5,1,1,1,8,9,3,6,5,1,3,3,2,2,4,2,3,1,8,9,3,5,,,7,3,,,2,3,4,5,2,2,5,1,3,9,9,2,2,2,4,5,6,1,3,2,1,8,3,,5,,,2,4,5,9,1,6,8,1,5,9,2,5,5,7,1,7,4,9,8,1,1,2,4,4,6,6,3,3,5,5,2,1,1,9,9,6,1,1,2,1,,,2,1,,,2,7,2,3,2,3,3,9,4,8,5,9,4,7,7,9,7,5,3,3,1,9,1,2,,2,,,b'\x11\xe8\xe1I\xe9^\xca\x82\x9a\xbe\x12\xdf\x17\xaeN\x1e'
11E8E149-E95E-CA82-9ABE-12DF17AE4E1E,2019-ncaa-d3-natl,ncaa,78,104,42,105,46,83,72,175,25,20,39,44,414,424,322,439,34,35,149,35,167,132,101,78,68,99,433,440,87,304,300,12,63,60,85,57,102,337,280,130,384,425,94,159,,,327,207,,,121,70,235,99,154,132,373,19,81,429,437,63,69,69,322,307,389,13,118,82,235,424,116,,195,,,125,287,322,424,65,345,416,90,168,336,19,180,229,279,78,286,134,417,377,51,38,114,102,128,182,282,63,219,300,245,85,122,33,309,403,232,178,112,255,109,,,22,18,,,121,378,150,110,123,133,167,333,221,338,96,234,143,171,180,312,199,170,79,103,61,402,94,178,,39,,,b'\x11\xe8\xe1I\xe9^\xca\x82\x9a\xbe\x12\xdf\x17\xaeN\x1e'
11E8E149-E95E-CA82-9ABE-12DF17AE4E1E,2020-ncaa-d3-conf-Little East,ncaa,1,1,1,1,3,1,2,5,1,1,1,1,6,6,3,7,2,1,5,1,2,5,5,1,1,1,7,8,3,5,4,2,3,3,2,1,1,3,2,1,9,9,1,1,,,1,1,,,1,4,6,3,2,2,6,1,2,7,6,3,2,2,6,6,5,3,5,1,2,9,1,,1,,,1,3,5,8,2,6,7,2,5,6,1,6,1,1,3,1,1,7,7,2,1,1,3,5,2,7,3,1,4,3,2,2,1,5,6,3,2,2,8,8,,,1,1,,,1,7,1,2,2,2,4,7,4,5,4,6,1,1,1,4,4,6,1,3,2,7,2,8,,2,,,b'\x11\xe8\xe1I\xe9^\xca\x82\x9a\xbe\x12\xdf\x17\xaeN\x1e'
11E8E149-E95E-CA82-9ABE-12DF17AE4E1E,2020-ncaa-d3-natl,ncaa,18,31,7,29,22,69,77,131,56,45,60,83,255,306,144,367,21,18,131,18,81,90,69,98,72,100,305,369,64,124,119,41,235,62,107,33,33,324,236,97,283,358,16,34,,,195,74,,,51,53,331,299,174,185,364,100,201,327,373,46,61,64,311,327,242,144,205,85,190,370,29,,51,,,66,193,240,417,32,268,405,41,181,312,28,207,142,101,370,93,28,404,397,23,22,30,118,185,140,380,235,166,119,290,107,152,95,105,209,99,179,111,419,353,,,13,16,,,51,389,101,46,62,33,78,223,111,257,75,171,52,32,28,160,139,269,28,87,67,225,79,370,,47,,,b'\x11\xe8\xe1I\xe9^\xca\x82\x9a\xbe\x12\xdf\x17\xaeN\x1e'
11E8E149-E95E-CA82-9ABE-12DF17AE4E1E,2022-ncaa-d3-conf-Little East,ncaa,2,2,3,2,3,3,3,3,3,3,3,4,6,6,3,6,2,1,2,1,5,3,4,4,3,3,6,6,3,2,1,3,1,3,1,3,3,3,3,2,5,5,3,2,,,5,4,,,3,5,9,2,3,3,6,3,4,6,6,2,2,2,5,7,2,4,2,3,3,6,3,,3,,,2,1,4,4,2,4,4,3,2,6,2,7,1,1,4,1,2,4,4,2,2,2,3,4,3,1,1,2,1,1,1,1,1,5,5,2,2,1,5,3,,,1,2,,,3,6,3,2,2,1,2,4,2,3,2,5,1,1,1,2,1,1,2,1,1,5,1,6,,2,,,b'\x11\xe8\xe1I\xe9^\xca\x82\x9a\xbe\x12\xdf\x17\xaeN\x1e'
11E8E149-E95E-CA82-9ABE-12DF17AE4E1E,2022-ncaa-d3-natl,ncaa,76,129,32,113,33,130,153,122,223,115,91,195,267,208,326,293,25,64,47,66,174,101,98,249,212,202,261,340,48,84,109,71,71,75,67,122,112,283,204,188,176,223,78,89,,,295,240,,,94,112,376,37,246,269,307,194,204,332,305,82,140,144,286,324,174,185,183,193,164,267,103,,155,,,105,139,189,284,81,213,307,103,144,230,56,193,89,93,109,99,58,261,311,67,48,44,111,177,96,166,71,251,109,214,67,193,164,81,94,86,83,43,254,171,,,25,43,,,94,328,190,34,96,22,56,69,90,122,56,102,23,22,24,42,54,66,88,63,82,179,29,174,,85,,,b'\x11\xe8\xe1I\xe9^\xca\x82\x9a\xbe\x12\xdf\x17\xaeN\x1e'
11E8E149-E95E-CA82-9ABE-12DF17AE4E1E,2023-ncaa-d3-conf-Little East,ncaa,2,2,1,2,2,3,3,4,2,2,1,3,8,8,4,8,5,7,2,7,9,4,4,3,3,3,8,8,8,2,2,2,2,2,2,2,5,3,3,3,6,7,1,1,,,2,2,,,2,4,9,4,3,3,4,2,2,8,8,6,7,7,5,8,3,2,2,2,3,7,2,,2,,,2,2,1,7,1,1,6,2,4,6,1,6,3,3,7,3,3,6,5,1,1,2,5,6,5,4,2,1,2,3,2,1,2,6,8,1,5,4,4,3,,,5,6,,,2,6,2,2,2,2,1,4,1,3,3,4,3,3,3,3,2,4,1,2,1,9,5,3,,7,,,b'\x11\xe8\xe1I\xe9^\xca\x82\x9a\xbe\x12\xdf\x17\xaeN\x1e'
11E8E149-E95E-CA82-9ABE-12DF17AE4E1E,2023-ncaa-d3-natl,ncaa,37,43,33,43,35,121,87,124,63,44,51,105,318,362,124,391,125,208,18,212,367,138,141,107,97,113,387,379,207,207,168,29,51,74,41,107,235,216,181,156,279,314,54,75,,,209,164,,,63,123,374,100,196,153,309,71,103,361,396,200,324,317,329,371,290,69,178,186,126,365,75,,86,,,71,112,153,319,32,241,376,49,59,155,13,99,152,124,321,124,60,297,271,22,21,49,62,64,197,157,51,122,168,118,41,48,31,202,265,87,135,109,274,156,,,100,114,,,63,299,123,45,67,24,51,125,113,223,24,67,68,51,52,87,54,79,27,29,26,331,81,199,,221,,,b'\x11\xe8\xe1I\xe9^\xca\x82\x9a\xbe\x12\xdf\x17\xaeN\x1e'
11E8E149-E95E-CA82-9ABE-12DF17AE4E1E,2024-ncaa-d3-conf-Little East,ncaa,4,4,1,4,2,5,3,4,3,3,1,5,9,9,9,9,4,6,1,6,8,3,4,7,7,6,9,9,3,6,5,2,4,3,3,5,5,5,4,5,9,9,1,1,,,5,5,,,8,4,9,3,9,5,7,3,2,9,9,5,7,7,7,8,7,2,3,6,3,9,1,,5,,,8,9,9,9,4,8,9,3,7,8,6,7,4,5,4,5,1,9,6,4,4,8,4,7,3,7,4,6,5,5,3,7,5,9,9,9,5,5,4,3,,,7,6,,,8,6,6,8,7,6,7,8,7,8,7,7,3,3,3,8,2,6,2,2,7,9,3,3,,9,,,b'\x11\xe8\xe1I\xe9^\xca\x82\x9a\xbe\x12\xdf\x17\xaeN\x1e'
11E8E149-E95E-CA82-9ABE-12DF17AE4E1E,2024-ncaa-d3-natl,ncaa,227,297,63,262,74,293,269,242,298,133,44,344,419,421,395,426,159,241,31,237,385,249,263,368,348,330,423,426,68,315,356,50,185,139,237,259,212,205,228,253,420,427,68,133,,,127,88,,,367,228,381,171,377,352,369,177,52,425,426,214,313,309,385,403,371,54,203,320,137,427,82,,68,,,359,355,378,405,211,357,396,156,357,309,330,183,98,108,140,106,32,389,265,207,158,347,119,275,49,335,185,324,356,331,237,334,211,409,425,413,269,282,200,76,,,266,264,,,367,235,341,358,358,262,317,353,296,361,300,245,58,58,57,318,119,258,222,249,277,427,211,161,,366,,,b'\x11\xe8\xe1I\xe9^\xca\x82\x9a\xbe\x12\xdf\x17\xaeN\x1e'
11E8E149-E95E-CA82-9ABE-12DF17AE4E1E,2025-ncaa-d3-conf-Little East,genius_ncaa,4,4,9,4,9,8,7,9,5,5,5,6,6,9,3,7,9,9,2,9,8,9,9,6,5,5,7,7,6,6,2,7,4,7,3,7,8,1,3,4,9,9,8,7,,,1,2,,4,5,9,9,1,7,5,5,5,3,6,8,8,8,8,6,8,3,3,3,6,2,9,7,,1,,4,5,1,3,1,6,5,3,6,3,4,1,7,1,1,1,1,1,1,1,6,4,6,1,4,1,4,4,1,2,1,3,4,5,9,9,9,2,5,3,3,,,9,8,,8,5,1,5,6,5,5,7,7,7,7,4,6,1,1,1,7,2,6,1,3,6,9,5,4,,8,,8,b'\x11\xe8\xe1I\xe9^\xca\x82\x9a\xbe\x12\xdf\x17\xaeN\x1e'
11E8E149-E95E-CA82-9ABE-12DF17AE4E1E,2025-ncaa-d3-natl,genius_ncaa,274,242,345,271,350,325,321,348,244,244,193,294,380,397,229,396,191,261,36,255,273,345,379,289,260,236,363,387,57,271,126,315,218,302,142,322,273,47,149,214,413,413,254,266,,,49,126,,180,278,387,367,42,277,272,286,162,79,381,396,104,179,172,275,324,200,199,196,291,112,417,219,,81,,239,280,94,183,120,278,232,176,269,113,107,204,182,25,36,96,34,38,79,32,262,210,328,54,168,47,144,218,27,126,39,142,169,172,411,406,390,28,104,267,249,,,319,176,,343,278,30,220,333,283,241,311,293,326,323,197,202,43,64,53,250,100,225,84,126,258,414,79,323,,249,,335,b'\x11\xe8\xe1I\xe9^\xca\x82\x9a\xbe\x12\xdf\x17\xaeN\x1e'
11E8E149-E95E-CA82-9ABE-12DF17AE4E1E,2026-ncaa-d3-conf-Little East,genius_ncaa,4,1,8,1,8,8,8,9,7,8,9,6,8,8,7,4,3,5,3,4,1,8,8,6,4,4,1,7,1,8,6,8,5,8,4,8,1,1,6,3,8,3,6,4,,,1,5,,1,5,8,3,2,5,8,9,8,8,5,5,1,1,1,6,5,7,3,5,3,6,3,4,,5,,1,4,1,1,1,3,2,2,9,1,1,1,6,2,3,3,3,7,1,2,2,2,1,1,1,6,2,5,1,6,1,4,2,7,8,2,5,1,7,3,8,,,7,1,,8,5,2,5,1,3,2,4,7,8,6,1,6,4,4,7,7,8,6,3,5,6,2,7,8,,2,,8,b'\x11\xe8\xe1I\xe9^\xca\x82\x9a\xbe\x12\xdf\x17\xaeN\x1e'
11E8E149-E95E-CA82-9ABE-12DF17AE4E1E,2026-ncaa-d3-natl,genius_ncaa,225,329,42,282,55,153,131,115,224,119,144,170,145,101,293,133,202,252,74,260,337,136,141,216,225,214,250,204,273,239,330,136,364,166,350,139,233,248,182,194,259,365,36,117,,,254,107,,75,272,119,348,75,289,258,292,231,297,238,188,318,368,376,335,367,347,303,353,264,122,362,51,,107,,59,256,320,345,367,193,381,394,211,111,203,37,40,268,256,240,258,59,362,338,126,122,202,16,18,161,391,364,313,330,361,350,336,229,190,329,317,190,120,242,213,,,236,356,,323,272,312,236,253,248,207,264,305,336,366,29,69,161,138,142,273,221,353,191,294,263,322,84,164,,390,,368,b'\x11\xe8\xe1I\xe9^\xca\x82\x9a\xbe\x12\xdf\x17\xaeN\x1e'
11E8E149-E963-3130-9ABE-12DF17AE4E1E,2018-ncaa-d3-conf-CCC,ncaa,7,7,5,7,8,5,6,7,5,7,9,5,1,2,4,1,8,9,2,9,8,8,3,4,4,6,2,1,9,4,4,3,2,3,2,9,10,10,10,10,10,10,9,10,,,7,9,,,7,4,2,10,5,6,7,7,10,1,2,8,9,9,9,2,4,2,3,9,10,10,10,,9,,,7,9,9,5,10,9,7,10,5,4,5,5,6,6,3,6,5,5,3,9,9,10,1,2,3,1,2,2,4,1,2,7,5,9,10,8,9,7,7,8,,,5,6,,,7,6,6,8,7,8,8,7,9,9,5,4,7,7,7,7,5,2,4,1,7,10,7,7,,4,,,b'\x11\xe8\xe1I\xe9c10\x9a\xbe\x12\xdf\x17\xaeN\x1e'
11E8E149-E963-3130-9ABE-12DF17AE4E1E,2018-ncaa-d3-natl,ncaa,243,251,197,255,304,212,221,284,160,260,333,125,121,124,147,87,237,301,60,293,197,293,200,121,113,233,118,110,263,232,141,103,78,149,56,237,268,404,399,349,398,422,418,423,,,291,321,,,224,187,122,444,199,221,286,277,360,113,108,230,316,306,302,158,230,42,92,238,402,417,426,,330,,,226,225,268,280,218,322,279,283,155,261,54,225,181,226,84,211,181,269,225,199,168,240,110,130,169,120,78,76,141,81,56,259,214,294,336,314,262,271,253,346,,,162,144,,,224,258,240,206,230,242,285,317,316,295,172,267,173,230,219,312,263,133,77,90,268,307,276,269,,120,,,b'\x11\xe8\xe1I\xe9c10\x9a\xbe\x12\xdf\x17\xaeN\x1e'
11E8E149-E963-3130-9ABE-12DF17AE4E1E,2019-ncaa-d3-conf-NECC,ncaa,4,4,3,4,3,2,3,3,3,4,6,3,2,3,1,4,1,2,1,2,4,3,4,3,3,1,2,3,3,3,2,5,5,5,3,5,7,2,2,2,5,5,3,4,,,6,6,,,3,6,7,3,2,4,5,5,6,2,4,1,1,1,4,7,4,6,5,6,1,5,5,,6,,,3,3,3,6,4,4,5,2,4,2,9,2,6,6,9,6,5,5,4,4,5,6,5,5,7,3,5,4,2,3,3,1,3,5,5,5,2,4,6,3,,,3,2,,,3,4,2,5,3,4,4,4,4,5,4,2,6,5,6,4,3,4,2,3,2,6,2,5,,1,,,b'\x11\xe8\xe1I\xe9c10\x9a\xbe\x12\xdf\x17\xaeN\x1e'
11E8E149-E963-3130-9ABE-12DF17AE4E1E,2019-ncaa-d3-natl,ncaa,78,72,129,76,188,101,104,113,123,88,87,162,193,265,109,328,106,113,168,104,215,104,92,139,143,148,293,293,195,44,24,196,182,95,58,164,336,319,232,245,97,104,150,188,,,301,272,,,40,137,149,278,82,80,97,68,75,230,286,108,126,110,87,81,42,240,80,176,284,104,158,,273,,,35,63,64,131,51,155,334,33,14,17,110,10,248,262,174,267,193,145,283,29,36,16,76,20,365,192,182,109,24,133,58,61,147,48,30,19,184,113,70,32,,,75,128,,,40,300,109,16,37,34,42,73,129,309,6,5,215,234,235,83,235,155,72,95,55,34,154,54,,57,,,b'\x11\xe8\xe1I\xe9c10\x9a\xbe\x12\xdf\x17\xaeN\x1e'
11E8E149-E963-3130-9ABE-12DF17AE4E1E,2020-ncaa-d3-conf-NECC,ncaa,1,1,1,1,3,3,3,4,3,3,5,3,1,1,1,3,1,1,1,1,2,3,3,2,1,2,3,3,2,3,3,1,3,2,2,1,1,6,4,1,4,4,2,2,,,7,7,,,1,3,6,5,3,3,5,4,5,1,1,1,2,2,5,5,4,1,4,1,4,4,2,,7,,,1,1,1,3,1,1,5,1,1,3,1,4,6,7,1,7,7,3,5,1,1,1,5,2,7,4,3,2,3,2,2,1,1,4,4,1,5,5,2,3,,,1,1,,,1,6,1,1,1,1,1,2,1,4,1,2,3,6,6,2,2,4,2,2,1,4,4,2,,1,,,b'\x11\xe8\xe1I\xe9c10\x9a\xbe\x12\xdf\x17\xaeN\x1e'
11E8E149-E963-3130-9ABE-12DF17AE4E1E,2020-ncaa-d3-natl,ncaa,48,15,198,27,272,103,103,169,63,100,171,54,150,181,148,212,114,152,93,158,203,168,135,68,57,105,240,239,228,61,11,119,77,73,11,51,30,313,285,115,118,111,222,235,,,329,356,,,11,198,138,285,48,53,112,59,142,151,163,90,128,135,107,72,41,58,28,14,330,103,229,,358,,,8,18,23,95,16,79,219,31,6,34,2,38,160,268,17,272,252,101,192,7,9,4,63,11,360,120,77,27,11,37,11,5,2,73,51,3,235,200,41,31,,,102,140,,,11,231,62,5,11,13,18,111,99,249,2,27,178,275,282,133,235,134,25,39,2,56,248,38,,65,,,b'\x11\xe8\xe1I\xe9c10\x9a\xbe\x12\xdf\x17\xaeN\x1e'
11E8E149-E963-3130-9ABE-12DF17AE4E1E,2021-ncaa-d3-conf-NECC,ncaa,1,1,1,1,1,1,1,1,2,1,1,2,1,2,2,3,1,1,2,1,2,1,1,1,1,1,3,3,3,1,1,1,1,1,1,1,3,4,3,2,1,4,1,2,,,4,3,,,1,1,3,1,1,2,3,2,2,2,3,2,1,1,3,2,1,1,1,1,3,4,2,,3,,,1,4,3,4,1,3,4,1,4,4,2,4,4,4,4,4,4,4,4,1,2,2,4,4,4,2,1,3,1,3,1,3,2,1,2,1,4,2,3,2,,,1,2,,,1,4,1,1,1,1,1,1,1,1,2,4,4,3,3,1,1,1,1,1,1,4,2,1,,1,,,b'\x11\xe8\xe1I\xe9c10\x9a\xbe\x12\xdf\x17\xaeN\x1e'
11E8E149-E963-3130-9ABE-12DF17AE4E1E,2021-ncaa-d3-natl,ncaa,80,58,176,66,179,161,153,187,40,135,158,97,171,209,24,248,158,177,49,174,204,187,189,54,51,71,219,202,154,164,45,170,2,172,8,126,59,99,153,69,189,171,186,188,,,80,74,,,57,189,216,96,97,86,197,62,75,172,254,130,168,156,198,196,111,96,89,51,128,207,202,,34,,,59,94,94,90,129,93,94,98,100,88,194,128,83,85,123,81,76,88,88,124,119,109,136,189,92,52,2,81,45,72,8,108,204,179,114,153,105,130,139,181,,,187,178,,,57,97,65,59,52,46,62,36,72,68,103,75,50,54,51,22,15,2,25,7,127,172,107,211,,196,,,b'\x11\xe8\xe1I\xe9c10\x9a\xbe\x12\xdf\x17\xaeN\x1e'
11E8E149-E963-3130-9ABE-12DF17AE4E1E,2022-ncaa-d3-conf-NECC,ncaa,3,2,2,2,3,2,2,3,1,2,3,1,1,2,1,1,4,4,1,4,4,3,3,1,1,1,2,1,4,3,3,4,3,3,3,1,1,1,1,1,2,1,2,2,,,2,2,,,3,2,2,3,2,1,2,2,3,1,1,4,4,4,3,3,3,4,3,1,1,1,1,,2,,,3,2,2,2,4,2,2,3,1,1,4,1,2,2,4,2,2,1,2,4,4,3,2,2,3,2,3,2,3,2,3,2,2,2,1,2,1,2,2,3,,,4,4,,,3,3,1,3,2,2,3,2,3,3,1,1,3,2,2,1,2,2,3,2,3,1,1,3,,4,,,b'\x11\xe8\xe1I\xe9c10\x9a\xbe\x12\xdf\x17\xaeN\x1e'
11E8E149-E963-3130-9ABE-12DF17AE4E1E,2022-ncaa-d3-natl,ncaa,232,129,391,190,394,307,230,326,106,216,271,111,272,318,172,228,406,418,49,419,426,357,377,125,168,166,371,229,426,274,90,402,356,382,272,162,64,50,168,66,169,53,293,262,,,40,81,,,190,388,98,112,87,30,21,33,42,161,173,402,418,418,65,79,92,385,262,20,220,47,253,,144,,,183,49,72,30,362,103,49,348,85,33,367,154,41,28,375,28,89,27,42,358,359,245,115,193,89,98,356,28,90,40,272,161,288,184,24,138,55,153,50,62,,,411,414,,,190,42,147,248,183,298,333,227,337,275,239,148,160,111,114,188,339,305,193,242,341,26,197,120,,403,,,b'\x11\xe8\xe1I\xe9c10\x9a\xbe\x12\xdf\x17\xaeN\x1e'
11E8E149-E963-3130-9ABE-12DF17AE4E1E,2023-ncaa-d3-conf-NECC,ncaa,2,2,1,2,1,2,2,2,2,2,1,2,2,2,3,2,2,3,1,3,4,2,2,2,2,2,2,2,3,3,4,2,4,3,4,2,3,1,1,2,2,2,3,4,,,2,2,,,2,2,3,1,2,2,2,2,2,2,2,3,4,4,2,3,3,4,4,2,1,2,3,,2,,,2,4,3,3,2,3,3,3,4,4,3,4,2,2,3,2,2,3,4,2,3,2,3,4,2,4,4,4,4,4,4,3,2,2,3,3,2,2,3,3,,,2,3,,,2,3,2,3,2,3,3,3,3,3,3,3,2,1,2,3,3,3,4,4,3,2,2,3,,4,,,b'\x11\xe8\xe1I\xe9c10\x9a\xbe\x12\xdf\x17\xaeN\x1e'
11E8E149-E963-3130-9ABE-12DF17AE4E1E,2023-ncaa-d3-natl,ncaa,248,247,271,257,276,148,100,157,69,150,244,46,71,78,103,72,392,404,115,406,422,225,207,53,84,118,242,85,429,360,380,349,411,366,409,78,122,259,262,129,67,98,398,413,,,90,23,,,301,142,32,57,74,34,56,82,206,49,52,407,420,421,119,93,361,359,390,44,293,42,404,,112,,,299,399,417,388,400,412,372,413,328,324,240,266,69,60,233,61,26,353,365,391,364,324,38,208,20,410,411,276,380,378,409,412,352,97,150,337,254,259,220,255,,,379,420,,,301,310,185,374,283,405,414,409,413,396,348,363,73,64,68,395,418,412,341,394,409,55,279,259,,392,,,b'\x11\xe8\xe1I\xe9c10\x9a\xbe\x12\xdf\x17\xaeN\x1e'
11E8E149-E963-3130-9ABE-12DF17AE4E1E,2024-ncaa-d3-conf-North Atlantic,ncaa,5,6,11,5,11,8,8,8,7,6,9,6,9,9,8,8,8,10,4,10,11,9,10,6,7,6,8,8,9,6,5,12,12,12,11,4,1,8,8,5,2,1,7,5,,,9,10,,,5,10,2,1,5,5,3,5,3,5,5,4,5,5,4,1,4,11,7,4,9,1,5,,14,,,5,5,6,4,11,7,4,9,7,3,12,4,6,7,3,7,9,4,5,11,10,6,6,7,6,9,12,5,5,6,11,8,13,4,1,5,5,6,4,4,,,11,12,,,5,5,6,6,5,10,10,9,8,11,10,4,10,13,13,9,13,12,10,12,11,1,8,5,,9,,,b'\x11\xe8\xe1I\xe9c10\x9a\xbe\x12\xdf\x17\xaeN\x1e'
11E8E149-E963-3130-9ABE-12DF17AE4E1E,2024-ncaa-d3-natl,ncaa,203,162,345,188,350,224,211,181,239,201,197,218,220,174,296,192,253,242,250,248,282,193,139,256,253,297,254,225,256,174,208,319,356,259,317,98,9,356,319,211,12,7,211,180,,,321,274,,,198,138,6,112,115,109,26,115,68,187,108,177,158,169,28,13,79,200,121,30,383,6,179,,406,,,197,137,138,120,208,101,97,166,319,229,359,295,158,260,17,256,333,135,309,250,215,45,342,374,183,337,356,296,208,312,317,377,426,17,9,107,298,263,89,73,,,291,368,,,198,294,290,68,199,294,272,303,197,209,379,337,251,342,338,317,418,378,382,386,395,4,332,129,,188,,,b'\x11\xe8\xe1I\xe9c10\x9a\xbe\x12\xdf\x17\xaeN\x1e'
11E8E149-E967-A396-9ABE-12DF17AE4E1E,2018-ncaa-d3-conf-NACC,ncaa,8,8,7,8,10,8,8,7,7,7,1,8,10,11,8,11,6,4,10,3,7,7,6,8,8,9,11,11,5,4,3,6,7,6,7,7,8,7,7,8,8,8,8,10,,,8,8,,,8,6,3,7,8,8,4,4,1,10,11,5,3,2,4,4,2,5,3,7,7,7,7,,9,,,8,7,8,7,9,11,9,9,4,4,4,4,8,9,2,9,7,7,7,8,7,7,3,4,8,7,7,8,3,7,7,5,5,7,8,7,8,7,11,11,,,7,8,,,8,7,8,8,8,8,8,8,11,11,5,5,8,10,9,10,10,7,8,7,5,5,8,11,,2,,,b'\x11\xe8\xe1I\xe9g\xa3\x96\x9a\xbe\x12\xdf\x17\xaeN\x1e'
11E8E149-E967-A396-9ABE-12DF17AE4E1E,2018-ncaa-d3-natl,ncaa,243,251,197,255,256,249,224,182,262,179,126,294,297,310,285,334,276,206,369,204,297,187,186,292,314,297,338,315,284,188,261,159,168,164,238,215,208,245,227,239,292,322,235,281,,,321,333,,,304,184,108,286,251,226,139,155,90,302,310,284,197,191,138,134,181,101,117,203,256,297,228,,356,,,300,308,328,296,285,372,350,288,132,163,154,96,286,324,134,308,224,303,268,261,243,288,100,81,235,218,168,325,261,288,238,232,122,250,293,259,210,194,388,351,,,218,275,,,304,279,304,273,291,315,328,328,359,354,150,161,314,352,327,341,315,228,344,308,246,266,218,393,,215,,,b'\x11\xe8\xe1I\xe9g\xa3\x96\x9a\xbe\x12\xdf\x17\xaeN\x1e'
11E8E149-E967-A396-9ABE-12DF17AE4E1E,2019-ncaa-d3-conf-NACC,ncaa,6,5,8,6,10,7,6,9,2,3,4,2,10,11,4,11,13,13,6,13,13,12,10,3,5,6,13,9,13,12,9,3,6,6,4,3,1,7,9,5,11,10,6,6,,,8,11,,,6,10,9,10,6,3,7,1,3,9,11,13,13,13,11,8,12,1,4,1,8,11,5,,9,,,5,3,3,6,2,3,5,3,4,7,1,7,5,8,1,8,9,6,4,2,2,3,6,6,9,7,6,2,9,2,4,3,7,12,11,7,2,6,5,5,,,13,13,,,6,3,6,3,6,3,4,7,4,8,6,7,8,9,9,8,6,9,4,6,4,12,5,5,,13,,,b'\x11\xe8\xe1I\xe9g\xa3\x96\x9a\xbe\x12\xdf\x17\xaeN\x1e'
11E8E149-E967-A396-9ABE-12DF17AE4E1E,2019-ncaa-d3-natl,ncaa,169,162,215,170,294,248,154,269,67,134,175,102,257,338,71,307,421,424,260,425,440,322,334,80,135,162,406,250,440,386,374,75,107,199,173,53,8,184,272,53,343,345,139,144,,,257,322,,,115,306,295,361,244,122,261,89,144,256,353,431,438,438,357,366,400,15,134,25,194,353,131,,284,,,109,44,45,187,11,73,204,34,31,195,2,216,174,207,100,200,204,177,133,8,7,35,190,102,338,223,107,192,374,195,173,67,235,334,327,194,80,130,287,262,,,416,428,,,115,129,211,47,110,39,45,229,102,231,37,211,188,221,215,228,154,248,203,206,94,348,90,305,,437,,,b'\x11\xe8\xe1I\xe9g\xa3\x96\x9a\xbe\x12\xdf\x17\xaeN\x1e'
11E8E149-E967-A396-9ABE-12DF17AE4E1E,2020-ncaa-d3-conf-NACC,ncaa,2,2,1,2,3,1,1,3,1,1,1,1,8,9,5,11,6,6,9,6,10,3,4,1,2,1,12,11,11,3,3,1,1,2,1,2,9,3,3,2,7,9,3,3,,,5,4,,,1,4,6,9,2,1,4,1,1,9,9,7,6,6,4,6,5,1,2,2,3,8,3,,5,,,1,3,4,10,2,6,12,2,2,5,1,5,6,6,3,6,3,7,9,2,2,2,2,5,5,2,1,6,3,3,1,4,3,7,9,7,5,5,10,7,,,6,12,,,1,10,1,2,1,2,4,7,4,10,2,4,3,5,5,4,4,2,4,2,3,10,3,10,,10,,,b'\x11\xe8\xe1I\xe9g\xa3\x96\x9a\xbe\x12\xdf\x17\xaeN\x1e'
11E8E149-E967-A396-9ABE-12DF17AE4E1E,2020-ncaa-d3-natl,ncaa,9,9,26,8,52,36,17,40,23,15,36,24,143,165,162,281,225,172,335,162,349,44,70,41,77,46,381,299,404,146,216,4,2,25,33,13,82,100,28,8,140,176,67,114,,,132,73,,,13,50,213,301,68,26,100,18,89,208,240,315,279,265,119,230,230,8,48,19,36,211,99,,43,,,13,95,143,361,30,227,390,36,56,176,11,108,124,141,89,158,70,344,337,19,15,25,69,88,175,49,2,345,216,214,33,142,158,195,255,151,149,83,391,273,,,285,404,,,13,385,52,17,14,19,51,186,114,273,22,77,57,69,70,140,100,11,191,73,81,296,76,341,,408,,,b'\x11\xe8\xe1I\xe9g\xa3\x96\x9a\xbe\x12\xdf\x17\xaeN\x1e'
11E8E149-E967-A396-9ABE-12DF17AE4E1E,2021-ncaa-d3-conf-NACC,ncaa,2,3,2,3,3,2,2,4,1,2,3,1,5,7,2,9,4,3,6,4,6,3,2,1,1,2,10,8,10,7,9,1,1,2,1,1,3,9,8,1,8,12,1,1,,,6,2,,,2,2,7,4,3,3,8,1,4,6,11,6,6,6,8,8,11,1,3,1,8,12,1,,2,,,3,8,9,12,3,9,12,2,9,12,2,5,5,6,2,6,2,12,10,3,2,3,3,6,4,9,1,8,9,9,1,7,3,8,11,8,8,5,5,2,,,3,6,,,2,11,3,3,3,4,5,10,5,10,3,9,2,2,2,9,5,4,2,3,3,11,5,2,,8,,,b'\x11\xe8\xe1I\xe9g\xa3\x96\x9a\xbe\x12\xdf\x17\xaeN\x1e'
11E8E149-E967-A396-9ABE-12DF17AE4E1E,2021-ncaa-d3-natl,ncaa,18,149,17,82,18,24,19,23,37,12,18,38,55,58,124,196,55,46,170,53,236,25,24,52,65,74,242,201,234,92,260,6,11,18,69,14,51,250,121,43,128,262,14,78,,,245,100,,,44,20,170,67,114,72,167,48,107,177,204,203,207,218,198,218,263,7,66,41,85,270,65,,82,,,79,253,258,268,47,254,270,48,256,266,93,162,220,227,88,221,48,265,262,44,38,92,124,184,79,224,11,268,260,259,69,251,126,80,263,221,218,72,247,124,,,29,141,,,44,265,106,69,81,77,104,206,107,188,124,173,57,63,57,167,80,43,160,101,111,266,60,142,,185,,,b'\x11\xe8\xe1I\xe9g\xa3\x96\x9a\xbe\x12\xdf\x17\xaeN\x1e'
11E8E149-E967-A396-9ABE-12DF17AE4E1E,2022-ncaa-d3-conf-NACC,ncaa,4,4,4,4,5,4,5,10,2,2,6,3,9,10,5,10,1,2,2,2,1,6,7,4,3,3,10,13,2,11,11,1,2,7,5,2,3,9,9,5,11,11,3,3,,,5,4,,,5,4,3,6,3,5,10,2,6,10,11,1,2,2,9,9,11,2,7,2,9,11,3,,5,,,5,6,10,13,5,7,12,4,10,10,10,7,3,3,4,3,2,11,9,5,4,5,7,11,3,4,2,4,11,5,5,6,5,9,10,5,10,9,9,10,,,4,3,,,5,11,5,5,5,6,9,10,8,9,9,6,1,2,2,8,8,3,3,3,6,10,9,9,,6,,,b'\x11\xe8\xe1I\xe9g\xa3\x96\x9a\xbe\x12\xdf\x17\xaeN\x1e'
11E8E149-E967-A396-9ABE-12DF17AE4E1E,2022-ncaa-d3-natl,ncaa,168,234,61,202,90,124,124,206,70,86,157,45,278,244,306,288,68,100,70,92,139,191,153,102,86,144,320,350,109,361,393,40,88,141,206,106,115,338,303,199,332,388,68,100,,,180,78,,,207,83,172,290,185,181,363,109,256,328,317,107,151,147,349,325,411,28,238,144,255,393,79,,79,,,211,340,372,385,217,358,379,184,350,338,283,238,105,161,31,160,62,376,339,211,152,239,155,287,43,255,88,311,393,289,206,237,68,236,343,267,351,318,377,345,,,155,194,,,207,347,210,225,209,228,280,323,263,295,286,260,46,82,84,284,207,167,194,175,151,334,290,345,,252,,,b'\x11\xe8\xe1I\xe9g\xa3\x96\x9a\xbe\x12\xdf\x17\xaeN\x1e'
11E8E149-E967-A396-9ABE-12DF17AE4E1E,2023-ncaa-d3-conf-NACC,ncaa,5,6,1,6,1,5,2,5,4,1,2,2,12,12,9,13,4,6,1,7,12,5,2,4,4,5,14,14,9,9,8,1,4,1,2,2,3,12,8,6,13,14,1,1,,,2,1,,,6,1,7,5,6,3,7,1,3,13,14,6,10,10,8,9,11,1,1,3,8,14,2,,1,,,6,10,10,14,2,9,11,2,13,13,4,13,1,2,8,2,1,14,13,2,2,6,7,13,1,10,4,8,8,9,2,8,6,13,14,12,9,8,6,4,,,4,5,,,6,14,6,7,6,7,9,12,5,10,11,13,1,1,1,11,8,8,4,5,8,14,8,4,,5,,,b'\x11\xe8\xe1I\xe9g\xa3\x96\x9a\xbe\x12\xdf\x17\xaeN\x1e'
11E8E149-E967-A396-9ABE-12DF17AE4E1E,2023-ncaa-d3-natl,ncaa,152,198,63,182,93,115,71,131,37,43,90,40,248,273,214,314,227,279,76,281,376,160,149,67,74,96,385,345,353,353,373,5,24,42,73,78,175,241,215,125,415,427,90,121,,,65,21,,,177,87,193,288,140,90,240,52,137,303,326,286,350,348,276,302,400,1,49,96,176,429,109,,23,,,181,335,374,421,75,271,348,105,424,427,179,413,30,36,125,28,13,406,324,126,69,239,302,416,14,212,24,295,373,271,73,309,156,401,423,401,211,190,201,125,,,210,271,,,177,336,151,222,186,232,288,388,172,240,405,423,12,12,11,348,192,149,196,163,237,426,152,147,,314,,,b'\x11\xe8\xe1I\xe9g\xa3\x96\x9a\xbe\x12\xdf\x17\xaeN\x1e'
11E8E149-E967-A396-9ABE-12DF17AE4E1E,2024-ncaa-d3-conf-NACC,ncaa,3,2,3,3,4,4,4,6,1,3,4,1,5,12,1,12,6,7,4,7,8,6,6,1,1,1,11,12,11,14,11,1,5,2,2,1,1,11,10,3,14,14,1,1,,,2,1,,,3,3,9,5,3,2,14,2,10,8,13,6,10,9,14,14,14,1,1,1,9,14,1,,1,,,3,5,7,14,2,10,14,2,5,8,3,3,1,1,2,1,1,14,13,2,1,3,3,5,1,10,5,1,11,5,2,4,1,13,13,10,8,9,2,2,,,8,7,,,3,12,4,3,3,4,6,12,8,13,3,5,1,1,1,10,6,8,2,4,4,14,8,2,,11,,,b'\x11\xe8\xe1I\xe9g\xa3\x96\x9a\xbe\x12\xdf\x17\xaeN\x1e'
11E8E149-E967-A396-9ABE-12DF17AE4E1E,2024-ncaa-d3-natl,ncaa,142,185,63,172,92,151,117,259,16,104,203,35,189,296,22,297,268,268,223,258,284,267,252,26,34,84,322,247,344,370,364,13,118,99,117,33,2,286,306,77,413,422,46,95,,,81,37,,,158,170,318,244,210,151,390,129,283,228,345,329,338,333,398,397,407,9,142,27,224,425,59,,24,,,164,253,309,408,66,289,379,72,324,381,106,285,49,52,131,54,18,394,292,61,34,163,152,317,35,344,118,151,364,244,117,185,55,398,419,379,298,307,57,52,,,233,211,,,158,266,133,200,159,145,219,369,211,340,259,335,22,18,19,327,159,268,67,139,133,422,242,30,,333,,,b'\x11\xe8\xe1I\xe9g\xa3\x96\x9a\xbe\x12\xdf\x17\xaeN\x1e'
11E8E149-E967-A396-9ABE-12DF17AE4E1E,2025-ncaa-d3-conf-NACC,genius_ncaa,7,5,6,7,8,5,5,6,2,2,7,2,10,6,11,8,6,6,4,6,5,6,7,2,2,2,11,10,8,6,7,3,5,6,4,3,4,2,2,3,14,14,2,3,,,3,3,,6,6,10,9,5,3,3,6,2,7,10,6,3,5,4,6,9,7,1,3,3,2,14,2,,4,,6,6,6,8,12,6,8,11,6,5,7,7,5,2,1,10,1,2,11,4,5,5,8,7,7,3,8,5,4,7,6,4,5,4,13,12,8,6,7,3,3,,,10,10,,7,6,5,4,8,6,6,7,10,9,11,5,7,3,2,2,10,5,8,5,6,6,14,6,3,,9,,9,b'\x11\xe8\xe1I\xe9g\xa3\x96\x9a\xbe\x12\xdf\x17\xaeN\x1e'
11E8E149-E967-A396-9ABE-12DF17AE4E1E,2025-ncaa-d3-natl,genius_ncaa,173,155,192,170,248,176,153,225,72,146,254,33,188,148,240,125,268,297,129,287,250,237,272,85,102,99,264,205,320,245,212,99,118,162,115,108,112,116,156,99,404,406,141,152,,,110,131,,236,193,275,258,258,151,115,190,122,265,177,136,270,313,301,220,272,252,45,119,76,145,412,145,,114,,251,194,219,268,280,204,236,200,233,302,344,180,345,76,68,264,71,70,237,138,225,178,281,188,322,64,182,118,133,212,138,115,188,123,382,390,346,226,253,48,63,,,331,333,,209,193,141,116,280,192,234,276,307,242,211,305,345,72,59,62,260,145,179,137,154,204,400,233,44,,356,,207,b'\x11\xe8\xe1I\xe9g\xa3\x96\x9a\xbe\x12\xdf\x17\xaeN\x1e'
11E8E149-E967-A396-9ABE-12DF17AE4E1E,2026-ncaa-d3-conf-NACC,genius_ncaa,2,1,8,1,8,5,5,8,5,8,8,8,3,6,2,4,5,7,2,7,8,8,8,4,4,4,3,3,8,6,5,4,3,6,5,2,1,4,5,2,11,11,5,5,,,7,13,,5,3,8,1,1,2,2,1,4,2,1,1,3,3,3,1,1,3,1,1,2,7,10,3,,12,,6,4,3,3,4,2,3,4,1,5,4,5,4,10,11,7,11,13,6,6,2,3,4,13,8,13,4,3,7,5,4,5,2,5,9,9,3,4,5,12,13,,,9,4,,11,3,6,4,4,4,4,4,6,2,7,6,6,13,13,13,12,11,7,11,7,3,8,5,13,,3,,11,b'\x11\xe8\xe1I\xe9g\xa3\x96\x9a\xbe\x12\xdf\x17\xaeN\x1e'
11E8E149-E967-A396-9ABE-12DF17AE4E1E,2026-ncaa-d3-natl,genius_ncaa,225,200,215,240,249,309,306,268,306,300,287,262,254,213,331,135,279,319,101,317,277,288,280,306,294,297,202,209,214,269,273,216,185,236,228,263,122,201,255,255,335,333,134,110,,,171,253,,234,330,275,216,113,303,290,209,277,256,245,149,261,311,304,254,215,224,97,149,228,251,340,113,,245,,278,338,229,192,176,219,132,130,185,334,293,352,339,307,241,393,236,329,186,139,278,316,370,389,362,317,180,185,211,273,195,228,276,351,360,370,384,160,201,320,384,,,250,196,,201,330,131,298,364,347,328,268,278,146,162,385,363,363,325,326,297,200,234,316,292,331,376,197,373,,200,,195,b'\x11\xe8\xe1I\xe9g\xa3\x96\x9a\xbe\x12\xdf\x17\xaeN\x1e'
11E8E149-E96B-FE46-9ABE-12DF17AE4E1E,2018-ncaa-d3-conf-Landmark,ncaa,3,3,3,3,4,4,4,3,4,3,5,3,3,2,5,2,2,3,1,3,2,3,3,4,3,3,2,4,2,4,4,4,2,3,2,2,2,5,5,2,3,3,5,7,,,3,3,,,2,3,2,5,2,3,4,4,6,2,1,1,3,3,4,3,4,4,3,1,6,3,7,,3,,,2,5,6,4,5,6,4,6,5,7,4,5,3,3,5,4,3,4,5,5,4,5,3,4,2,1,2,3,4,1,2,3,1,3,3,3,5,6,6,6,,,4,3,,,2,6,3,4,3,5,5,6,6,5,4,4,3,3,4,5,4,1,3,2,3,3,5,6,,3,,,b'\x11\xe8\xe1I\xe9k\xfeF\x9a\xbe\x12\xdf\x17\xaeN\x1e'
11E8E149-E96B-FE46-9ABE-12DF17AE4E1E,2018-ncaa-d3-natl,ncaa,151,138,197,155,210,163,195,180,222,218,214,244,135,158,111,165,88,152,43,153,153,169,244,192,151,103,109,145,106,172,183,181,37,170,104,145,117,59,55,67,219,192,269,289,,,123,185,,,113,255,274,61,112,167,133,219,205,126,136,55,126,131,120,220,161,127,130,120,63,222,280,,120,,,109,115,147,141,215,218,230,205,96,112,167,124,108,100,243,101,103,117,115,191,172,199,96,122,149,37,37,217,183,112,104,90,84,272,241,187,67,68,417,414,,,204,183,,,113,169,98,152,117,123,182,163,229,250,109,110,108,99,101,133,86,40,237,129,113,286,75,417,,187,,,b'\x11\xe8\xe1I\xe9k\xfeF\x9a\xbe\x12\xdf\x17\xaeN\x1e'
11E8E149-E96B-FE46-9ABE-12DF17AE4E1E,2019-ncaa-d3-conf-Landmark,ncaa,2,2,1,2,1,1,2,2,2,1,2,2,4,4,3,5,1,1,1,1,1,2,2,2,2,2,3,7,1,2,3,2,4,2,4,2,4,4,2,2,2,4,2,4,,,6,3,,,2,1,4,4,1,2,2,1,3,5,6,1,1,2,2,3,3,3,3,2,3,4,3,,3,,,2,6,6,8,4,6,6,6,2,7,1,6,5,6,1,6,4,8,8,4,4,4,2,1,3,6,4,7,3,7,4,2,1,2,3,2,7,3,6,6,,,1,1,,,2,8,2,4,2,4,4,6,6,4,1,4,4,4,4,4,5,5,4,3,2,3,4,6,,1,,,b'\x11\xe8\xe1I\xe9k\xfeF\x9a\xbe\x12\xdf\x17\xaeN\x1e'
11E8E149-E96B-FE46-9ABE-12DF17AE4E1E,2019-ncaa-d3-natl,ncaa,78,72,129,76,163,132,166,167,178,158,108,265,189,296,53,341,46,73,78,74,144,144,193,197,150,111,195,265,66,216,269,124,167,157,211,124,105,85,58,68,142,145,115,130,,,157,125,,,110,176,227,184,132,181,180,172,120,220,331,39,67,75,145,237,244,115,163,121,62,155,121,,127,,,108,157,175,251,132,208,263,149,155,231,95,217,170,189,149,192,174,241,266,117,101,109,184,182,209,242,167,303,269,286,211,81,53,155,168,90,170,156,414,359,,,91,66,,,110,268,122,111,103,129,152,210,176,220,137,193,153,165,167,198,207,209,272,253,78,176,144,402,,89,,,b'\x11\xe8\xe1I\xe9k\xfeF\x9a\xbe\x12\xdf\x17\xaeN\x1e'
11E8E149-E96B-FE46-9ABE-12DF17AE4E1E,2020-ncaa-d3-conf-Landmark,ncaa,3,3,3,3,3,3,3,2,5,3,2,4,4,2,6,2,1,1,5,1,3,2,2,5,5,2,4,5,3,4,7,4,5,5,7,2,2,1,1,1,6,6,7,7,,,2,1,,,6,2,3,3,2,2,2,3,3,4,2,2,1,1,2,3,4,6,6,2,2,6,7,,1,,,5,8,8,8,8,8,8,7,5,3,5,2,1,1,7,1,1,7,7,8,7,7,1,2,1,5,5,8,7,7,7,8,3,4,5,5,3,3,5,3,,,1,2,,,6,7,3,6,6,6,8,8,8,8,5,4,1,1,1,5,6,6,7,7,7,5,4,4,,2,,,b'\x11\xe8\xe1I\xe9k\xfeF\x9a\xbe\x12\xdf\x17\xaeN\x1e'
11E8E149-E96B-FE46-9ABE-12DF17AE4E1E,2020-ncaa-d3-natl,ncaa,215,218,198,221,280,172,200,193,208,183,177,194,215,220,234,269,56,55,170,49,56,158,255,209,184,109,197,279,58,263,331,317,317,310,350,151,103,18,11,26,244,253,279,308,,,45,32,,,257,248,188,303,117,167,149,155,148,222,217,30,32,31,95,222,253,337,321,127,18,245,279,,31,,,256,360,410,289,410,409,337,381,299,157,415,146,46,24,399,23,11,210,200,402,390,375,39,237,21,244,317,338,331,315,350,384,251,219,234,344,93,113,318,287,,,70,29,,,257,200,124,367,255,353,397,322,406,364,306,179,43,20,19,242,246,263,353,319,370,203,107,319,,33,,,b'\x11\xe8\xe1I\xe9k\xfeF\x9a\xbe\x12\xdf\x17\xaeN\x1e'
11E8E149-E96B-FE46-9ABE-12DF17AE4E1E,2022-ncaa-d3-conf-Landmark,ncaa,2,2,2,2,3,1,1,3,1,1,1,2,3,5,1,5,2,3,3,3,4,2,2,1,1,1,5,5,4,2,1,2,3,2,1,3,7,2,2,2,7,7,2,3,,,1,1,,,3,3,6,4,1,1,3,1,2,4,5,3,3,3,2,3,3,2,1,2,2,7,2,,1,,,3,7,7,8,5,7,8,5,4,4,3,4,2,1,5,1,1,8,7,4,4,5,1,3,2,6,3,1,1,1,1,5,2,7,8,7,5,4,6,4,,,2,3,,,3,6,1,5,3,5,6,8,6,8,5,4,2,1,1,8,3,5,1,1,3,8,4,6,,3,,,b'\x11\xe8\xe1I\xe9k\xfeF\x9a\xbe\x12\xdf\x17\xaeN\x1e'
11E8E149-E96B-FE46-9ABE-12DF17AE4E1E,2022-ncaa-d3-natl,ncaa,62,55,107,61,110,72,69,141,38,53,80,86,145,281,10,340,82,80,156,83,211,121,145,48,49,46,267,271,209,67,24,124,314,97,108,92,222,159,114,91,290,351,48,81,,,139,68,,,119,182,315,32,47,46,155,51,89,180,318,90,100,104,134,191,83,150,99,92,131,342,44,,70,,,123,317,348,363,204,368,392,162,219,212,226,111,185,154,320,151,44,341,304,180,161,252,93,159,103,380,314,103,24,227,108,263,119,280,363,309,209,174,422,386,,,106,130,,,119,252,27,289,118,245,294,341,316,371,160,160,144,114,111,317,232,347,39,158,216,347,181,419,,125,,,b'\x11\xe8\xe1I\xe9k\xfeF\x9a\xbe\x12\xdf\x17\xaeN\x1e'
11E8E149-E96B-FE46-9ABE-12DF17AE4E1E,2023-ncaa-d3-conf-Landmark,ncaa,2,2,1,2,1,1,1,3,1,1,2,1,2,4,1,7,2,2,2,1,2,2,1,1,1,1,4,5,5,5,2,2,4,2,2,1,4,5,4,2,3,5,1,2,,,3,2,,,2,1,4,1,1,1,5,1,3,2,7,2,3,2,4,4,5,3,5,1,3,5,1,,2,,,2,7,8,8,5,7,8,3,6,3,7,2,4,4,3,4,2,8,8,4,4,5,2,3,2,7,4,2,2,4,2,4,2,4,6,5,5,5,3,2,,,1,3,,,2,8,1,4,2,5,6,8,7,8,5,2,2,3,3,6,7,6,1,1,4,6,5,3,,3,,,b'\x11\xe8\xe1I\xe9k\xfeF\x9a\xbe\x12\xdf\x17\xaeN\x1e'
11E8E149-E96B-FE46-9ABE-12DF17AE4E1E,2023-ncaa-d3-natl,ncaa,26,30,33,32,43,24,18,86,6,22,41,28,118,289,2,361,37,42,102,39,184,72,78,11,9,10,316,298,228,66,26,98,275,76,64,40,215,180,89,39,107,154,56,105,,,212,115,,,34,99,330,177,25,20,205,31,82,175,352,69,92,88,172,258,113,239,180,56,89,177,78,,92,,,34,306,350,370,227,378,400,151,169,109,327,50,141,154,163,153,49,347,344,189,154,162,48,108,83,352,275,72,26,183,64,312,198,124,189,216,192,125,288,152,,,35,78,,,34,326,7,189,34,132,211,190,275,331,94,42,59,66,64,138,142,257,9,59,213,218,116,206,,91,,,b'\x11\xe8\xe1I\xe9k\xfeF\x9a\xbe\x12\xdf\x17\xaeN\x1e'
11E8E149-E96B-FE46-9ABE-12DF17AE4E1E,2024-ncaa-d3-conf-Landmark,ncaa,3,3,1,3,1,2,2,3,1,1,1,1,5,8,1,9,3,7,1,6,9,4,4,1,1,1,9,8,8,5,2,4,2,4,2,1,3,4,3,2,5,5,2,3,,,3,3,,,3,4,10,1,2,2,4,1,1,5,9,4,7,7,5,9,7,5,5,1,3,6,2,,2,,,3,3,4,6,5,3,7,4,5,1,9,1,3,2,9,2,3,3,5,5,4,4,4,7,3,2,2,1,2,2,2,4,4,3,3,4,2,2,4,2,,,4,4,,,3,6,1,3,3,3,4,2,3,5,4,1,2,1,1,2,2,2,1,2,4,4,2,3,,6,,,b'\x11\xe8\xe1I\xe9k\xfeF\x9a\xbe\x12\xdf\x17\xaeN\x1e'
11E8E149-E96B-FE46-9ABE-12DF17AE4E1E,2024-ncaa-d3-natl,ncaa,74,87,63,88,70,52,48,138,14,34,69,36,200,313,17,363,54,133,8,132,267,125,155,25,19,18,329,328,197,112,25,171,93,139,23,62,166,143,109,54,212,193,68,71,,,115,124,,,37,188,383,79,47,43,219,26,99,237,360,70,177,180,218,307,141,291,203,62,91,266,82,,53,,,33,160,197,182,206,199,230,135,220,131,369,160,125,91,357,92,94,153,168,208,210,190,210,265,136,104,93,34,25,38,23,212,213,175,155,176,103,83,305,207,,,101,85,,,37,216,12,148,35,87,118,63,121,141,169,73,82,49,47,41,39,57,3,8,150,241,70,266,,160,,,b'\x11\xe8\xe1I\xe9k\xfeF\x9a\xbe\x12\xdf\x17\xaeN\x1e'
11E8E149-E96B-FE46-9ABE-12DF17AE4E1E,2025-ncaa-d3-conf-Landmark,genius_ncaa,3,2,4,2,6,4,3,4,1,1,4,2,4,7,2,9,4,9,1,9,10,4,4,2,1,2,9,5,9,4,1,4,3,5,2,3,6,4,5,3,6,6,3,3,,,4,4,,3,3,6,8,7,3,2,4,1,3,4,8,7,9,9,4,5,5,2,5,2,4,7,2,,4,,3,3,2,4,4,4,5,9,4,1,2,2,2,4,4,10,4,3,4,5,4,4,3,4,2,6,5,3,1,1,2,2,2,1,5,6,3,8,7,1,3,,,10,9,,4,3,6,2,3,3,3,4,3,4,9,1,1,4,4,4,5,3,5,1,2,2,6,7,2,,9,,3,b'\x11\xe8\xe1I\xe9k\xfeF\x9a\xbe\x12\xdf\x17\xaeN\x1e'
11E8E149-E96B-FE46-9ABE-12DF17AE4E1E,2025-ncaa-d3-natl,genius_ncaa,30,25,36,33,50,12,9,67,2,12,63,4,68,194,4,284,112,200,6,195,336,83,66,2,2,5,325,231,364,91,18,34,196,40,19,10,129,304,211,55,213,305,18,50,,,266,149,,154,28,61,205,258,12,6,155,13,129,96,278,171,303,297,187,190,151,61,81,14,221,297,21,,160,,122,29,347,345,394,130,374,408,108,132,185,103,55,307,276,323,283,106,395,367,91,88,160,70,54,225,363,196,31,18,131,19,138,32,183,306,153,365,309,121,50,,,177,312,,122,28,360,3,179,29,177,208,276,275,358,70,81,223,181,188,266,234,279,2,37,75,291,298,65,,310,,168,b'\x11\xe8\xe1I\xe9k\xfeF\x9a\xbe\x12\xdf\x17\xaeN\x1e'
11E8E149-E96B-FE46-9ABE-12DF17AE4E1E,2026-ncaa-d3-conf-Landmark,genius_ncaa,1,1,1,1,1,4,4,6,3,4,5,3,6,7,5,8,7,8,3,9,10,7,9,3,3,4,9,7,8,5,4,4,3,4,3,5,7,5,5,4,8,8,7,8,,,1,1,,4,4,10,10,1,4,4,6,4,5,6,7,7,8,9,7,9,5,4,4,5,5,8,7,,1,,4,4,3,4,4,5,5,7,6,1,1,4,1,1,2,1,2,2,4,2,3,3,4,1,1,1,3,3,2,4,2,3,3,2,7,5,4,6,6,3,4,,,2,1,,1,4,1,4,3,4,3,4,4,5,7,1,1,1,2,2,4,2,3,2,2,3,7,6,3,,2,,1,b'\x11\xe8\xe1I\xe9k\xfeF\x9a\xbe\x12\xdf\x17\xaeN\x1e'
11E8E149-E96B-FE46-9ABE-12DF17AE4E1E,2026-ncaa-d3-natl,genius_ncaa,13,1,215,1,215,161,137,240,26,80,165,38,282,335,150,352,157,241,15,236,299,248,282,59,45,36,366,354,217,261,151,211,129,228,98,224,342,86,93,119,352,364,195,232,,,66,48,,156,96,280,350,1,43,37,138,13,60,290,341,93,211,200,146,220,219,90,140,181,88,364,172,,45,,190,93,161,205,185,240,258,257,198,82,73,183,35,87,97,119,101,35,168,130,197,150,235,25,88,60,140,129,108,151,111,98,108,36,342,356,256,120,152,193,171,,,186,56,,76,96,131,44,226,91,217,292,304,332,367,82,58,63,78,88,255,168,178,89,117,126,359,149,229,,77,,66,b'\x11\xe8\xe1I\xe9k\xfeF\x9a\xbe\x12\xdf\x17\xaeN\x1e'
11E8E149-E970-C142-9ABE-12DF17AE4E1E,2018-ncaa-d3-conf-CCIW,ncaa,4,4,3,4,4,5,5,6,6,4,8,3,5,4,7,3,3,4,2,3,3,5,4,5,6,5,3,3,5,2,1,4,2,3,2,3,3,6,6,5,4,5,9,9,,,8,9,,,5,4,7,5,5,5,6,6,8,4,3,4,6,6,6,5,2,4,3,3,5,7,9,,9,,,5,4,4,1,5,6,8,3,1,1,6,1,5,5,4,7,5,2,3,4,4,5,1,1,5,1,2,2,1,2,2,4,3,3,3,4,7,6,8,8,,,4,6,,,5,6,5,3,5,4,4,2,5,6,1,1,6,6,6,3,2,1,4,1,4,4,6,8,,6,,,b'\x11\xe8\xe1I\xe9p\xc1B\x9a\xbe\x12\xdf\x17\xaeN\x1e'
11E8E149-E970-C142-9ABE-12DF17AE4E1E,2018-ncaa-d3-natl,ncaa,196,223,123,213,148,110,118,206,42,154,304,14,82,83,124,79,146,214,40,224,151,207,186,36,31,61,149,125,266,273,234,152,16,212,76,89,98,315,292,152,272,294,340,373,,,321,358,,,188,152,182,155,88,98,266,153,364,94,90,157,250,262,271,250,320,173,265,72,276,312,360,,310,,,188,360,372,211,403,391,314,389,155,118,312,79,327,263,418,260,206,223,221,376,393,377,92,73,241,29,16,136,234,63,76,298,141,233,247,283,294,282,381,413,,,237,292,,,188,308,91,305,182,307,322,174,356,274,134,83,315,234,232,170,137,18,98,42,256,282,273,369,,316,,,b'\x11\xe8\xe1I\xe9p\xc1B\x9a\xbe\x12\xdf\x17\xaeN\x1e'
11E8E149-E970-C142-9ABE-12DF17AE4E1E,2019-ncaa-d3-conf-CCIW,ncaa,6,5,5,6,5,4,6,4,8,9,3,9,3,4,3,5,3,4,5,4,4,4,3,8,7,5,2,3,2,4,6,7,4,7,6,6,7,2,3,4,6,6,8,8,,,9,9,,,7,5,6,5,6,7,3,8,4,3,4,2,4,4,3,6,4,6,7,7,3,6,9,,9,,,7,8,7,1,8,8,4,8,3,3,5,4,8,9,3,9,9,4,5,8,9,9,4,2,9,1,4,8,6,7,6,7,6,6,6,8,4,4,7,6,,,2,3,,,7,5,4,8,7,8,8,1,8,4,3,1,9,9,9,5,4,2,7,5,7,6,3,7,,2,,,b'\x11\xe8\xe1I\xe9p\xc1B\x9a\xbe\x12\xdf\x17\xaeN\x1e'
11E8E149-E970-C142-9ABE-12DF17AE4E1E,2019-ncaa-d3-natl,ncaa,263,304,129,285,178,179,225,180,270,240,172,332,140,211,62,252,93,134,83,138,154,169,196,250,220,185,101,165,96,216,290,323,174,298,304,260,302,159,136,225,242,258,423,428,,,433,442,,,336,180,232,231,200,260,215,286,199,145,241,95,141,144,180,244,244,397,365,292,130,273,433,,436,,,327,415,378,129,433,400,199,432,168,109,355,96,432,427,351,425,423,197,209,431,439,427,178,59,382,79,174,349,290,248,304,359,256,208,213,323,192,178,366,335,,,99,83,,,336,263,191,412,325,379,336,71,363,165,152,70,431,425,425,147,138,64,317,201,319,244,158,353,,103,,,b'\x11\xe8\xe1I\xe9p\xc1B\x9a\xbe\x12\xdf\x17\xaeN\x1e'
11E8E149-E970-C142-9ABE-12DF17AE4E1E,2020-ncaa-d3-conf-CCIW,ncaa,8,8,7,8,9,9,9,8,9,6,6,8,9,8,9,8,9,8,4,8,8,8,8,9,9,9,8,8,5,5,5,8,6,7,6,8,7,3,6,8,6,5,9,9,,,2,2,,,9,8,7,5,9,8,7,5,3,9,8,9,8,8,7,6,4,8,6,7,6,5,9,,3,,,9,3,6,4,9,7,3,9,3,3,5,4,2,2,4,2,2,3,2,9,8,9,2,5,3,1,6,3,5,3,6,5,5,7,6,8,3,5,7,7,,,7,4,,,9,2,9,9,9,7,9,5,8,6,5,4,3,3,3,5,3,3,8,6,8,6,5,9,,6,,,b'\x11\xe8\xe1I\xe9p\xc1B\x9a\xbe\x12\xdf\x17\xaeN\x1e'
11E8E149-E970-C142-9ABE-12DF17AE4E1E,2020-ncaa-d3-natl,ncaa,263,275,198,276,243,279,293,311,246,278,296,228,262,239,272,205,225,242,173,240,192,305,317,243,238,254,212,222,160,263,241,339,265,324,285,229,131,206,274,237,309,293,323,312,,,198,276,,,344,324,316,163,293,304,316,290,310,256,236,211,242,243,321,312,253,370,341,215,230,311,323,,233,,,342,345,331,137,409,287,115,400,359,245,413,306,235,201,341,195,267,134,106,416,416,412,274,315,155,145,265,178,241,151,285,343,295,293,262,353,216,261,336,359,,,220,135,,,344,121,264,397,346,337,328,172,288,127,356,269,248,221,215,174,123,160,200,182,342,291,235,342,,187,,,b'\x11\xe8\xe1I\xe9p\xc1B\x9a\xbe\x12\xdf\x17\xaeN\x1e'
11E8E149-E970-C142-9ABE-12DF17AE4E1E,2021-ncaa-d3-conf-CCIW,ncaa,7,7,3,7,4,6,5,4,6,6,3,8,3,5,4,6,9,9,5,9,9,5,4,6,6,7,6,3,9,3,4,6,8,5,8,2,1,9,8,5,6,6,8,8,,,6,6,,,9,4,5,7,7,6,5,7,5,5,7,9,9,9,7,5,3,8,7,3,8,6,8,,6,,,9,8,9,7,9,9,7,9,5,4,5,4,6,6,9,6,5,7,6,7,8,9,2,4,6,7,8,5,4,6,8,8,7,5,6,8,6,5,8,6,,,3,2,,,9,6,6,9,9,9,8,5,8,6,5,4,7,6,6,6,6,7,4,6,8,6,6,8,,4,,,b'\x11\xe8\xe1I\xe9p\xc1B\x9a\xbe\x12\xdf\x17\xaeN\x1e'
11E8E149-E970-C142-9ABE-12DF17AE4E1E,2021-ncaa-d3-natl,ncaa,148,262,47,208,53,78,78,62,165,96,74,195,52,64,81,98,119,115,152,117,227,67,64,145,163,177,96,61,223,68,143,77,192,76,182,39,13,242,212,111,111,228,158,224,,,245,242,,,249,61,197,110,198,188,205,217,197,93,129,230,235,238,234,205,162,229,222,67,186,223,226,,225,,,214,240,241,230,222,244,229,227,229,225,195,152,240,239,204,238,184,232,222,221,232,235,141,137,167,223,192,225,143,228,182,258,240,80,181,228,216,150,220,175,,,42,42,,,249,224,179,227,213,193,183,116,176,115,177,140,200,183,177,136,94,138,114,124,223,192,128,154,,78,,,b'\x11\xe8\xe1I\xe9p\xc1B\x9a\xbe\x12\xdf\x17\xaeN\x1e'
11E8E149-E970-C142-9ABE-12DF17AE4E1E,2022-ncaa-d3-conf-CCIW,ncaa,9,9,7,9,9,8,8,8,8,7,7,8,5,5,4,3,7,6,7,5,3,7,7,6,8,9,3,3,3,9,8,9,9,9,9,8,2,8,9,8,7,8,9,9,,,6,6,,,9,7,4,7,8,8,8,7,7,4,4,7,5,3,7,6,9,6,8,7,9,6,9,,9,,,9,9,9,8,9,9,9,9,5,2,5,2,4,4,4,4,2,7,3,9,9,9,1,3,3,9,9,3,8,5,9,9,2,8,8,9,9,9,5,7,,,8,8,,,9,3,9,9,9,9,9,9,9,9,6,6,5,6,6,9,9,9,4,7,9,8,9,8,,7,,,b'\x11\xe8\xe1I\xe9p\xc1B\x9a\xbe\x12\xdf\x17\xaeN\x1e'
11E8E149-E970-C142-9ABE-12DF17AE4E1E,2022-ncaa-d3-natl,ncaa,381,410,188,392,207,249,280,331,205,289,333,182,187,199,175,154,124,133,170,127,33,315,242,190,166,269,95,171,54,346,333,288,316,319,316,176,29,407,397,317,328,373,365,386,,,376,375,,,392,193,162,164,303,338,408,342,386,206,222,113,121,114,394,277,379,339,376,176,391,362,384,,390,,,378,410,410,311,420,407,295,420,369,316,364,263,255,258,214,247,190,313,238,418,412,417,134,218,76,273,316,149,333,192,316,399,231,309,371,401,389,390,240,334,,,131,82,,,392,232,306,409,382,399,401,345,394,299,367,310,252,254,249,347,264,267,126,181,371,351,379,241,,110,,,b'\x11\xe8\xe1I\xe9p\xc1B\x9a\xbe\x12\xdf\x17\xaeN\x1e'
11E8E149-E970-C142-9ABE-12DF17AE4E1E,2023-ncaa-d3-conf-CCIW,ncaa,9,9,7,9,7,9,9,9,9,9,9,9,9,8,8,4,4,1,7,1,1,9,8,9,9,9,2,4,1,8,8,8,8,7,7,9,1,9,9,9,9,9,7,7,,,4,5,,,9,8,4,5,9,9,9,9,8,9,8,2,1,1,9,7,8,7,7,9,9,9,7,,7,,,9,9,9,7,9,8,8,9,9,5,9,4,5,5,2,5,5,7,3,9,9,9,5,6,3,8,8,2,8,2,7,9,5,9,9,9,9,9,8,9,,,4,1,,,9,3,9,9,9,9,9,8,8,8,9,9,5,7,7,8,8,8,6,7,9,9,9,8,,1,,,b'\x11\xe8\xe1I\xe9p\xc1B\x9a\xbe\x12\xdf\x17\xaeN\x1e'
11E8E149-E970-C142-9ABE-12DF17AE4E1E,2023-ncaa-d3-natl,ncaa,381,398,271,390,305,350,378,387,351,386,382,354,248,254,240,167,187,145,301,137,20,371,317,329,303,355,45,147,23,386,375,289,293,352,333,297,42,395,408,371,399,410,345,367,,,284,317,,,412,271,149,252,367,399,416,404,394,240,236,135,87,75,396,269,392,240,359,296,397,408,352,,346,,,408,407,403,293,416,383,226,406,397,324,421,305,220,252,89,243,231,294,183,422,419,424,232,326,73,241,293,161,375,191,333,376,247,389,410,412,405,402,176,321,,,197,82,,,412,168,371,420,409,410,404,365,386,294,414,363,252,295,290,371,273,271,238,255,381,401,399,203,,109,,,b'\x11\xe8\xe1I\xe9p\xc1B\x9a\xbe\x12\xdf\x17\xaeN\x1e'
11E8E149-E970-C142-9ABE-12DF17AE4E1E,2024-ncaa-d3-conf-CCIW,ncaa,6,6,5,6,5,4,4,2,9,4,4,6,4,2,9,3,4,4,9,4,3,2,1,8,8,6,5,6,2,1,3,7,7,3,5,9,9,5,4,9,5,3,8,9,,,9,8,,,7,4,2,1,4,5,1,4,4,5,2,4,2,2,1,1,1,8,3,9,5,3,9,,9,,,7,9,9,5,8,9,5,8,7,5,8,5,9,9,9,9,9,6,6,9,9,8,6,6,8,2,7,8,3,8,5,9,7,4,4,5,4,3,9,7,,,2,3,,,7,6,5,8,7,9,8,5,8,4,6,6,8,8,8,8,8,3,8,8,9,4,4,9,,1,,,b'\x11\xe8\xe1I\xe9p\xc1B\x9a\xbe\x12\xdf\x17\xaeN\x1e'
11E8E149-E970-C142-9ABE-12DF17AE4E1E,2024-ncaa-d3-natl,ncaa,203,232,112,223,116,73,85,26,259,97,98,118,115,17,389,70,82,35,344,28,87,23,23,262,275,219,201,200,207,13,60,274,224,87,215,266,421,252,79,280,24,25,319,340,,,419,397,,,237,37,26,16,46,61,9,82,103,126,12,79,29,25,6,6,6,339,67,298,226,14,338,,420,,,236,411,387,218,417,389,237,417,232,176,319,135,425,422,384,422,411,293,362,409,424,376,211,67,385,179,224,411,60,367,215,388,301,34,41,165,146,46,188,124,,,27,177,,,237,383,160,338,238,391,363,174,371,199,214,156,423,420,419,269,369,153,399,329,356,24,131,175,,18,,,b'\x11\xe8\xe1I\xe9p\xc1B\x9a\xbe\x12\xdf\x17\xaeN\x1e'
11E8E149-E970-C142-9ABE-12DF17AE4E1E,2025-ncaa-d3-conf-CCIW,genius_ncaa,5,5,5,5,5,3,3,3,3,3,2,5,7,8,7,9,2,2,7,2,6,3,3,6,7,4,8,8,4,5,6,7,9,7,8,8,9,4,4,6,3,4,1,1,,,9,7,,4,6,3,1,2,3,3,3,3,1,7,9,3,2,2,3,3,5,9,7,8,4,3,1,,9,,4,6,7,6,6,5,5,7,5,6,5,7,5,9,9,5,9,8,9,9,5,5,5,8,5,9,9,9,7,6,9,8,7,7,3,4,5,2,2,6,4,,,2,4,,2,6,7,3,6,6,8,5,8,5,6,8,7,9,9,9,9,9,9,8,9,8,3,2,8,,3,,2,b'\x11\xe8\xe1I\xe9p\xc1B\x9a\xbe\x12\xdf\x17\xaeN\x1e'
11E8E149-E970-C142-9ABE-12DF17AE4E1E,2025-ncaa-d3-natl,genius_ncaa,121,94,192,114,218,109,100,172,44,58,99,47,280,312,196,345,73,74,171,70,147,151,153,76,72,88,357,360,149,245,218,303,321,288,279,185,349,206,172,197,65,76,141,150,,,371,355,,256,155,126,73,127,51,46,115,21,66,290,320,53,55,53,92,100,252,317,305,170,225,61,145,,394,,266,150,305,206,184,220,199,192,205,233,206,270,181,403,389,373,389,372,245,305,228,295,226,342,163,397,279,321,137,218,196,279,152,129,81,85,81,123,106,84,46,,,93,88,,40,155,297,113,230,151,308,222,214,212,202,230,215,403,394,393,275,334,291,141,208,166,58,148,88,,56,,31,b'\x11\xe8\xe1I\xe9p\xc1B\x9a\xbe\x12\xdf\x17\xaeN\x1e'
11E8E149-E970-C142-9ABE-12DF17AE4E1E,2026-ncaa-d3-conf-CCIW,genius_ncaa,1,1,1,1,2,3,3,4,3,6,4,8,1,4,1,5,4,3,8,3,5,3,5,2,2,1,1,1,5,2,2,5,6,5,6,3,7,4,3,4,2,2,6,5,,,4,2,,1,2,7,9,2,3,3,5,8,6,1,4,5,4,4,3,6,2,6,5,5,2,4,6,,2,,1,2,4,3,4,3,5,3,4,4,6,3,8,5,4,6,4,5,3,4,2,3,2,5,6,4,8,6,4,2,6,6,3,3,2,3,4,4,4,1,1,,,1,1,,1,2,3,1,3,2,2,1,3,3,2,3,4,3,2,2,1,2,8,3,5,3,3,4,1,,1,,1,b'\x11\xe8\xe1I\xe9p\xc1B\x9a\xbe\x12\xdf\x17\xaeN\x1e'
11E8E149-E970-C142-9ABE-12DF17AE4E1E,2026-ncaa-d3-natl,genius_ncaa,157,68,327,116,337,305,280,340,112,284,334,129,214,279,77,176,360,344,320,339,261,342,374,105,142,58,216,134,362,332,242,390,316,382,330,327,343,13,10,44,309,156,351,269,,,47,181,,20,145,372,370,113,127,92,133,128,186,103,152,310,269,257,155,346,234,404,377,235,5,206,304,,96,,31,120,60,74,43,348,118,42,408,29,70,22,300,90,47,401,32,153,39,42,320,336,265,58,60,208,85,316,91,242,80,330,58,85,295,71,106,28,64,134,228,,,317,95,,30,145,39,60,264,136,147,191,54,270,61,48,161,168,75,58,33,58,166,233,210,124,137,52,229,,172,,6,b'\x11\xe8\xe1I\xe9p\xc1B\x9a\xbe\x12\xdf\x17\xaeN\x1e'
11E8E149-E991-8350-9ABE-12DF17AE4E1E,2018-ncaa-d3-conf-Empire 8,ncaa,7,7,5,7,7,7,7,8,5,6,8,6,4,7,2,5,7,5,8,5,3,8,7,5,5,6,4,4,3,7,5,4,4,5,4,6,2,6,9,8,9,9,5,6,,,2,3,,,8,7,2,7,6,7,8,5,8,4,5,5,3,3,8,6,7,1,4,5,8,9,5,,3,,,8,5,7,7,4,7,8,4,4,4,3,4,5,4,7,4,3,5,3,4,3,7,3,4,4,4,4,5,5,5,4,7,7,9,9,8,8,9,6,7,,,4,1,,,8,3,7,7,8,8,7,9,7,8,5,6,6,5,4,8,7,7,6,6,8,9,8,7,,2,,,b'\x11\xe8\xe1I\xe9\x91\x83P\x9a\xbe\x12\xdf\x17\xaeN\x1e'
11E8E149-E991-8350-9ABE-12DF17AE4E1E,2018-ncaa-d3-natl,ncaa,196,197,197,202,264,249,286,285,278,277,253,318,243,279,182,272,113,90,268,86,61,240,253,281,254,260,145,230,52,179,158,102,138,131,119,224,119,210,235,232,379,396,208,230,,,135,140,,,199,263,232,303,251,302,292,301,247,235,273,77,57,58,220,232,170,39,68,223,218,402,198,,134,,,198,117,130,270,61,160,270,85,155,265,47,241,147,167,142,155,130,245,182,56,49,125,187,202,209,232,138,165,158,183,119,163,203,342,370,281,281,301,368,387,,,130,70,,,199,183,244,145,195,127,152,307,182,285,172,273,148,160,148,283,204,239,183,202,175,367,292,382,,77,,,b'\x11\xe8\xe1I\xe9\x91\x83P\x9a\xbe\x12\xdf\x17\xaeN\x1e'
11E8E149-E991-8350-9ABE-12DF17AE4E1E,2019-ncaa-d3-conf-Empire 8,ncaa,9,9,5,9,8,9,9,6,9,5,3,8,9,8,9,8,6,6,6,6,6,7,8,9,9,9,8,8,2,6,8,9,8,8,8,8,6,4,4,7,5,4,7,6,,,3,4,,,9,8,5,8,9,9,5,5,2,9,8,6,4,4,5,7,6,9,8,8,5,4,6,,4,,,9,8,7,4,8,8,5,7,6,4,9,4,6,4,9,5,5,3,4,8,9,8,3,6,4,3,8,8,8,8,8,8,8,7,6,8,3,5,6,5,,,7,7,,,9,3,9,8,9,8,8,6,8,8,8,4,6,6,6,6,6,5,8,8,8,6,5,6,,7,,,b'\x11\xe8\xe1I\xe9\x91\x83P\x9a\xbe\x12\xdf\x17\xaeN\x1e'
11E8E149-E991-8350-9ABE-12DF17AE4E1E,2019-ncaa-d3-natl,ncaa,356,382,215,371,294,340,319,276,348,205,118,328,425,402,433,400,228,213,247,223,297,269,263,394,375,373,415,432,81,245,279,318,287,307,313,291,204,241,278,303,197,187,245,287,,,166,187,,,364,258,207,361,374,349,270,190,84,430,401,211,195,203,253,233,238,346,322,310,256,188,240,,184,,,357,229,259,193,304,336,306,282,71,65,212,58,287,232,401,229,181,182,180,260,290,283,74,52,268,208,287,270,279,248,313,340,353,243,227,325,246,273,401,349,,,328,339,,,364,188,373,278,358,266,280,238,331,340,80,63,299,241,241,240,219,225,301,281,331,238,255,405,,346,,,b'\x11\xe8\xe1I\xe9\x91\x83P\x9a\xbe\x12\xdf\x17\xaeN\x1e'
11E8E149-E991-8350-9ABE-12DF17AE4E1E,2020-ncaa-d3-conf-Empire 8,ncaa,8,8,5,8,6,8,8,7,8,7,4,8,8,6,8,6,8,8,7,8,8,8,8,8,8,8,7,6,6,8,8,8,8,8,8,8,8,5,5,8,5,5,7,6,,,6,8,,,8,8,7,2,8,8,6,7,2,7,6,8,8,8,8,7,7,8,8,8,5,4,7,,8,,,8,7,7,2,8,7,2,8,5,3,8,3,5,8,1,8,8,2,4,8,8,8,4,4,3,7,8,8,8,8,8,8,8,6,3,7,4,6,6,6,,,8,8,,,8,2,8,8,8,8,8,4,7,5,7,3,6,8,8,4,6,7,8,8,8,3,6,7,,8,,,b'\x11\xe8\xe1I\xe9\x91\x83P\x9a\xbe\x12\xdf\x17\xaeN\x1e'
11E8E149-E991-8350-9ABE-12DF17AE4E1E,2020-ncaa-d3-natl,ncaa,379,409,198,390,243,390,371,236,419,356,196,413,342,264,402,257,399,359,401,356,383,267,308,420,423,409,278,230,298,308,395,351,364,344,415,312,110,135,185,283,313,318,295,301,,,274,331,,,413,286,275,163,412,397,212,375,161,353,257,411,378,374,260,298,312,382,368,332,155,318,303,,308,,,409,359,339,176,396,325,202,363,304,170,406,168,316,374,34,371,363,225,159,393,387,399,240,251,238,296,364,420,395,398,415,405,410,324,333,399,226,265,304,279,,,372,382,,,413,136,410,401,412,352,332,216,327,230,309,198,325,385,378,257,201,304,421,392,391,329,241,313,,399,,,b'\x11\xe8\xe1I\xe9\x91\x83P\x9a\xbe\x12\xdf\x17\xaeN\x1e'
11E8E149-E991-8350-9ABE-12DF17AE4E1E,2021-ncaa-d3-conf-Empire 8,ncaa,6,4,7,6,7,7,7,7,6,7,7,7,7,7,7,7,7,7,7,7,6,7,7,7,7,7,7,7,3,7,5,7,5,7,5,7,3,1,5,5,7,7,7,7,,,1,5,,,5,7,7,1,7,6,6,5,1,7,7,6,5,5,6,7,5,7,7,6,2,7,7,,5,,,6,2,1,1,7,1,1,7,2,2,4,4,2,1,2,1,5,1,1,7,7,7,3,3,3,1,5,2,5,1,5,1,6,7,7,7,2,6,2,6,,,7,2,,,5,1,7,7,7,4,6,4,6,3,2,3,2,5,5,3,2,5,6,5,6,7,6,7,,3,,,b'\x11\xe8\xe1I\xe9\x91\x83P\x9a\xbe\x12\xdf\x17\xaeN\x1e'
11E8E149-E991-8350-9ABE-12DF17AE4E1E,2021-ncaa-d3-natl,ncaa,176,115,206,182,206,224,212,210,247,204,198,248,241,232,267,251,243,235,266,235,278,213,218,260,266,247,279,253,270,196,141,219,216,216,223,194,33,51,16,25,205,113,240,266,,,56,27,,,168,220,275,110,258,219,108,141,23,268,255,276,272,271,169,259,90,248,210,128,8,152,268,,11,,,175,59,69,68,166,81,76,167,50,60,55,45,46,55,14,55,28,67,67,122,78,91,9,37,26,79,216,86,141,81,223,96,280,219,146,236,53,55,98,153,,,234,274,,,168,65,227,118,187,33,107,55,163,150,23,22,10,16,17,25,10,159,228,204,228,201,41,211,,278,,,b'\x11\xe8\xe1I\xe9\x91\x83P\x9a\xbe\x12\xdf\x17\xaeN\x1e'
11E8E149-E991-8350-9ABE-12DF17AE4E1E,2022-ncaa-d3-conf-Empire 8,ncaa,7,7,6,7,6,7,6,8,6,5,2,7,9,9,8,9,5,5,8,5,6,7,5,7,6,8,9,9,3,4,3,6,6,5,4,6,7,9,8,8,6,7,6,5,,,8,8,,,7,6,2,1,7,6,6,3,1,9,9,5,5,5,5,2,4,5,3,6,9,6,6,,8,,,7,8,5,6,6,3,1,8,9,8,9,9,8,8,4,8,8,6,5,8,8,8,7,7,8,6,6,2,3,3,4,7,8,6,6,7,9,9,8,5,,,6,6,,,7,4,7,7,7,9,8,8,3,2,9,9,8,8,8,9,9,8,5,6,8,5,9,9,,5,,,b'\x11\xe8\xe1I\xe9\x91\x83P\x9a\xbe\x12\xdf\x17\xaeN\x1e'
11E8E149-E991-8350-9ABE-12DF17AE4E1E,2022-ncaa-d3-natl,ncaa,232,290,107,256,154,227,198,114,319,117,29,342,387,371,373,406,195,129,336,131,325,111,52,351,358,373,405,409,151,33,55,90,346,59,202,224,274,424,362,355,78,143,173,155,,,396,311,,,298,74,72,219,306,253,125,119,26,403,400,217,147,151,118,38,27,95,37,270,395,91,188,,382,,,288,315,253,344,84,149,189,122,400,417,150,398,353,357,197,357,358,359,379,128,137,113,408,378,311,407,346,325,55,386,202,373,399,60,124,202,420,379,361,225,,,171,332,,,298,349,350,167,291,243,181,319,104,119,384,414,329,335,336,337,379,381,276,343,330,69,401,353,,220,,,b'\x11\xe8\xe1I\xe9\x91\x83P\x9a\xbe\x12\xdf\x17\xaeN\x1e'
11E8E149-E991-8350-9ABE-12DF17AE4E1E,2023-ncaa-d3-conf-Empire 8,ncaa,4,4,1,4,5,4,4,6,4,4,2,5,8,8,6,8,4,5,4,6,9,5,4,4,4,6,9,8,5,6,5,6,9,5,6,4,6,7,6,6,2,2,6,5,,,7,6,,,6,4,3,9,6,5,7,4,4,8,8,7,7,7,8,7,7,9,9,6,6,2,7,,7,,,6,9,6,7,6,3,2,9,9,10,5,10,8,6,9,7,8,9,9,7,8,6,10,9,6,9,9,8,5,9,6,8,8,2,2,6,9,8,6,4,,,5,7,,,6,7,6,7,6,6,6,5,2,1,8,8,7,6,6,5,8,7,4,5,8,2,6,5,,7,,,b'\x11\xe8\xe1I\xe9\x91\x83P\x9a\xbe\x12\xdf\x17\xaeN\x1e'
11E8E149-E991-8350-9ABE-12DF17AE4E1E,2023-ncaa-d3-natl,ncaa,152,171,109,168,231,245,204,185,223,140,82,252,346,358,269,368,296,304,267,312,402,207,198,269,287,282,391,365,320,160,177,231,271,194,231,165,142,241,249,209,36,21,205,153,,,198,179,,,217,219,186,429,298,238,234,143,81,368,383,347,346,353,274,279,176,309,247,187,220,34,231,,158,,,217,138,128,164,129,67,58,205,349,388,156,408,167,150,289,160,291,142,236,180,177,98,389,391,189,263,271,218,177,239,231,295,383,74,61,153,330,312,220,137,,,288,334,,,217,224,274,117,208,99,91,95,51,29,322,360,131,107,121,83,169,221,173,193,251,83,292,197,,359,,,b'\x11\xe8\xe1I\xe9\x91\x83P\x9a\xbe\x12\xdf\x17\xaeN\x1e'
11E8E149-E991-8350-9ABE-12DF17AE4E1E,2024-ncaa-d3-conf-Empire 8,ncaa,6,7,4,7,5,7,7,6,6,6,5,7,6,7,1,7,5,7,2,8,7,6,6,7,7,7,4,4,2,6,6,9,6,7,7,7,7,6,6,7,5,6,6,6,,,7,7,,,8,6,6,5,7,7,5,6,4,6,7,5,7,7,6,7,6,8,9,7,6,6,6,,8,,,8,8,7,2,8,7,1,8,8,6,9,7,8,7,9,7,8,4,5,8,9,8,9,8,7,3,6,8,6,4,7,8,7,4,4,8,4,5,9,8,,,6,4,,,8,4,7,8,8,8,7,4,6,2,8,6,8,8,8,5,4,5,6,4,8,5,4,8,,6,,,b'\x11\xe8\xe1I\xe9\x91\x83P\x9a\xbe\x12\xdf\x17\xaeN\x1e'
11E8E149-E991-8350-9ABE-12DF17AE4E1E,2024-ncaa-d3-natl,ncaa,227,206,296,233,310,342,333,311,346,318,232,377,289,329,170,307,313,350,110,348,352,328,329,348,347,346,210,221,181,254,248,289,171,281,231,298,187,224,299,306,291,238,266,225,,,140,265,,,303,340,308,119,347,343,277,317,175,276,316,299,347,343,308,286,223,232,225,302,265,260,258,,208,,,305,105,93,72,190,60,52,190,274,228,300,343,202,165,327,162,307,69,73,235,258,264,370,362,273,109,171,199,248,152,231,224,366,287,212,291,231,289,413,403,,,291,202,,,303,78,336,249,314,173,144,112,101,69,321,294,252,221,220,122,107,149,281,225,266,259,262,418,,262,,,b'\x11\xe8\xe1I\xe9\x91\x83P\x9a\xbe\x12\xdf\x17\xaeN\x1e'
11E8E149-E991-8350-9ABE-12DF17AE4E1E,2025-ncaa-d3-conf-Empire 8,genius_ncaa,8,8,5,8,6,8,7,8,7,5,3,8,10,11,5,11,7,9,7,9,12,8,6,8,8,9,11,9,9,5,7,9,5,8,7,6,6,11,9,7,5,4,5,5,,,12,12,,10,8,7,7,2,8,7,7,5,3,10,10,8,9,9,8,3,4,9,7,6,10,4,5,,12,,11,8,8,4,2,7,5,4,9,2,6,3,5,12,12,10,12,12,3,5,8,9,9,6,3,12,3,5,7,7,6,7,1,2,7,6,4,10,9,10,7,,,5,7,,2,8,6,8,9,8,8,4,1,6,3,2,5,12,12,12,5,4,5,7,5,4,7,10,10,,6,,1,b'\x11\xe8\xe1I\xe9\x91\x83P\x9a\xbe\x12\xdf\x17\xaeN\x1e'
11E8E149-E991-8350-9ABE-12DF17AE4E1E,2025-ncaa-d3-natl,genius_ncaa,217,242,116,232,134,269,228,157,300,198,107,324,278,276,259,295,327,325,292,329,395,188,149,322,331,328,332,261,329,74,80,163,119,115,94,209,166,315,293,276,138,117,130,118,,,365,396,,201,261,194,290,90,325,271,168,221,109,307,309,368,362,370,225,179,68,198,116,242,285,146,148,,366,,188,260,175,105,111,157,165,124,257,56,173,19,190,394,394,274,393,400,173,173,139,206,209,240,50,410,125,119,222,80,177,94,124,179,197,182,147,304,284,213,158,,,203,252,,84,261,205,305,173,265,141,83,65,140,84,46,140,386,384,383,116,105,107,185,144,109,224,277,203,,242,,86,b'\x11\xe8\xe1I\xe9\x91\x83P\x9a\xbe\x12\xdf\x17\xaeN\x1e'
11E8E149-E991-8350-9ABE-12DF17AE4E1E,2026-ncaa-d3-natl,genius_ncaa,157,132,215,163,249,246,273,314,157,339,353,210,78,162,38,56,267,277,206,272,111,309,289,102,99,183,31,16,257,277,138,199,16,228,32,114,6,246,333,169,279,224,249,184,,,218,363,,271,163,288,242,113,205,241,329,340,383,38,93,240,254,253,331,267,236,76,140,47,303,246,235,,319,,303,161,110,89,108,112,61,74,125,225,233,187,346,187,265,20,258,386,124,112,145,131,162,372,351,299,45,16,87,138,65,32,191,377,306,258,291,190,252,33,61,,,241,148,,76,163,133,193,108,151,109,72,108,45,51,272,311,241,345,343,151,100,27,62,38,251,307,222,25,,176,,66,b'\x11\xe8\xe1I\xe9\x91\x83P\x9a\xbe\x12\xdf\x17\xaeN\x1e'
11E8E149-E995-FAFC-9ABE-12DF17AE4E1E,2018-ncaa-d3-conf-NECC,ncaa,5,5,2,5,2,3,2,1,4,2,1,4,7,7,6,8,2,2,4,2,6,1,1,4,4,4,8,8,5,1,1,2,3,2,2,4,5,4,3,3,4,5,1,2,,,9,9,,,4,3,4,3,3,3,1,2,2,7,8,3,3,3,1,1,1,2,2,4,4,6,2,,9,,,4,8,7,7,6,6,9,5,3,1,9,1,9,9,6,9,9,9,7,6,7,6,6,2,9,3,3,5,1,5,2,4,3,5,5,5,4,3,8,2,,,3,5,,,4,7,3,5,4,7,6,4,6,7,2,1,9,9,9,7,5,3,3,4,2,6,5,7,,3,,,b'\x11\xe8\xe1I\xe9\x95\xfa\xfc\x9a\xbe\x12\xdf\x17\xaeN\x1e'
11E8E149-E995-FAFC-9ABE-12DF17AE4E1E,2018-ncaa-d3-natl,ncaa,243,309,68,273,84,206,177,61,347,68,9,359,415,408,417,437,154,63,384,60,337,59,32,392,391,382,435,437,135,19,40,61,183,22,94,242,354,408,300,359,204,302,55,127,,,406,352,,,273,59,94,153,288,246,72,73,9,430,427,204,96,95,60,41,22,79,20,314,374,262,71,,386,,,267,312,305,365,154,396,435,111,14,22,74,2,400,419,107,414,261,397,384,74,92,112,37,2,392,340,183,380,40,378,94,92,22,109,194,78,326,184,259,65,,,68,267,,,273,385,349,122,267,202,201,261,329,409,5,6,374,396,392,319,334,274,287,284,60,143,272,221,,104,,,b'\x11\xe8\xe1I\xe9\x95\xfa\xfc\x9a\xbe\x12\xdf\x17\xaeN\x1e'
11E8E149-E995-FAFC-9ABE-12DF17AE4E1E,2019-ncaa-d3-conf-NECC,ncaa,6,6,5,6,7,7,6,6,7,6,4,8,9,9,3,10,6,7,6,7,8,6,6,8,7,7,9,8,5,4,4,4,4,4,4,6,3,5,6,7,6,6,1,1,,,9,9,,,6,7,4,7,6,6,4,6,2,9,9,6,6,6,5,4,3,4,3,5,6,6,1,,9,,,6,4,5,5,5,6,7,5,1,1,3,1,8,9,4,9,8,6,6,3,4,4,4,1,9,4,4,7,4,6,4,5,6,6,6,6,8,7,10,9,,,6,4,,,6,5,7,4,6,5,5,7,6,8,1,1,9,10,10,7,7,5,8,6,6,5,8,10,,5,,,b'\x11\xe8\xe1I\xe9\x95\xfa\xfc\x9a\xbe\x12\xdf\x17\xaeN\x1e'
11E8E149-E995-FAFC-9ABE-12DF17AE4E1E,2019-ncaa-d3-natl,ncaa,206,244,129,232,170,214,181,117,279,102,20,355,377,421,97,437,197,93,399,94,315,103,51,329,338,374,405,399,188,51,86,97,204,61,127,120,71,432,394,322,90,140,61,108,,,418,360,,,175,55,25,192,249,197,102,93,13,395,430,215,96,98,84,30,50,86,37,118,417,87,58,,420,,,178,153,145,255,89,311,415,65,9,13,41,2,371,422,28,422,306,333,396,37,47,24,48,5,407,303,204,321,86,323,127,188,233,25,38,37,402,333,401,255,,,78,204,,,175,396,355,28,175,127,125,214,271,402,2,4,358,419,421,286,405,278,289,295,155,13,384,393,,61,,,b'\x11\xe8\xe1I\xe9\x95\xfa\xfc\x9a\xbe\x12\xdf\x17\xaeN\x1e'
11E8E149-E995-FAFC-9ABE-12DF17AE4E1E,2020-ncaa-d3-conf-NECC,ncaa,5,5,5,5,6,6,6,3,6,5,3,6,6,6,5,6,7,7,5,7,8,4,5,6,6,6,6,5,6,1,2,5,2,3,3,4,2,5,5,5,6,6,4,4,,,6,6,,,6,6,4,8,6,5,3,5,2,6,6,7,7,7,3,3,1,5,1,3,5,6,3,,6,,,6,5,5,2,6,6,6,5,4,1,7,2,5,3,7,3,3,1,1,5,6,6,4,3,5,2,2,5,2,3,3,3,2,6,6,5,4,3,7,7,,,3,3,,,6,3,6,5,5,5,5,5,6,6,4,1,6,3,4,5,1,2,5,3,3,6,5,7,,2,,,b'\x11\xe8\xe1I\xe9\x95\xfa\xfc\x9a\xbe\x12\xdf\x17\xaeN\x1e'
11E8E149-E995-FAFC-9ABE-12DF17AE4E1E,2020-ncaa-d3-natl,ncaa,285,329,126,314,160,259,214,63,356,147,30,380,319,289,332,355,345,333,326,328,427,97,42,375,388,387,380,328,372,23,43,145,260,55,125,103,19,415,346,277,178,240,185,251,,,360,282,,,297,73,69,235,309,247,40,162,20,336,317,379,364,364,77,27,17,154,30,99,393,189,190,,343,,,295,264,301,322,215,379,412,159,36,36,152,9,300,323,162,321,156,339,367,129,133,125,27,15,284,313,260,330,43,330,125,239,173,82,130,133,289,195,213,94,,,161,336,,,297,364,355,137,294,227,253,276,345,409,26,19,276,302,291,284,347,287,287,291,216,95,270,202,,177,,,b'\x11\xe8\xe1I\xe9\x95\xfa\xfc\x9a\xbe\x12\xdf\x17\xaeN\x1e'
11E8E149-E995-FAFC-9ABE-12DF17AE4E1E,2021-ncaa-d3-conf-NECC,ncaa,2,2,3,2,3,2,2,3,3,2,2,3,3,3,1,4,2,3,1,3,4,3,3,3,3,3,2,2,1,2,2,3,2,3,2,2,1,2,2,3,3,3,2,1,,,2,2,,,2,3,2,2,3,3,2,3,1,3,4,1,3,3,2,1,2,2,2,2,3,2,1,,2,,,2,2,2,2,2,2,2,2,1,2,1,1,2,2,1,2,3,2,2,2,1,1,1,1,3,3,2,2,2,2,2,2,1,3,4,2,2,1,2,1,,,3,4,,,2,2,3,2,2,2,2,3,2,3,1,1,3,4,4,3,3,2,2,2,2,3,1,1,,4,,,b'\x11\xe8\xe1I\xe9\x95\xfa\xfc\x9a\xbe\x12\xdf\x17\xaeN\x1e'
11E8E149-E995-FAFC-9ABE-12DF17AE4E1E,2021-ncaa-d3-natl,ncaa,215,28,256,125,259,264,265,270,160,262,259,230,267,277,20,278,251,261,1,261,231,269,262,185,107,139,163,240,18,268,155,265,69,265,87,259,45,25,178,123,264,155,240,113,,,23,191,,,127,264,130,110,151,182,203,126,39,221,278,23,150,156,210,189,238,149,210,107,152,161,77,,166,,,100,18,19,16,104,24,25,102,7,10,15,9,22,26,48,26,148,18,19,51,59,66,17,7,226,14,69,14,155,14,87,16,66,260,150,91,13,25,16,15,,,266,228,,,127,21,153,56,100,72,98,101,185,240,7,9,177,207,205,129,119,58,29,26,68,154,18,17,,244,,,b'\x11\xe8\xe1I\xe9\x95\xfa\xfc\x9a\xbe\x12\xdf\x17\xaeN\x1e'
11E8E149-E995-FAFC-9ABE-12DF17AE4E1E,2022-ncaa-d3-conf-Great Northeast,ncaa,6,6,1,6,2,6,7,8,7,5,3,7,11,11,8,12,2,2,4,2,7,7,5,7,6,6,10,12,2,5,5,5,4,4,4,7,11,10,9,9,10,10,4,8,,,8,6,,,7,6,7,2,7,8,9,5,3,11,11,2,2,2,8,6,7,5,5,8,8,10,6,,5,,,7,10,11,12,10,12,13,8,8,4,12,3,5,5,2,5,1,12,7,8,7,8,1,6,2,3,4,7,5,7,4,11,7,8,12,12,11,8,6,5,,,4,6,,,7,10,7,8,7,8,9,10,9,13,7,3,4,4,4,9,5,3,5,4,10,12,9,5,,5,,,b'\x11\xe8\xe1I\xe9\x95\xfa\xfc\x9a\xbe\x12\xdf\x17\xaeN\x1e'
11E8E149-E995-FAFC-9ABE-12DF17AE4E1E,2022-ncaa-d3-natl,ncaa,147,129,250,145,266,240,223,215,256,155,100,290,348,353,300,377,213,190,256,176,274,211,196,296,299,290,362,371,158,135,65,136,63,138,44,224,228,264,257,264,346,379,139,186,,,191,203,,,228,224,96,123,214,189,111,104,38,352,361,168,134,125,96,80,88,47,48,213,294,363,118,,229,,,228,179,245,265,174,269,328,124,167,145,263,96,69,150,4,146,83,249,182,161,102,181,86,185,59,93,63,111,65,103,44,277,268,309,351,338,246,224,114,58,,,223,254,,,228,214,271,139,228,222,281,350,297,379,181,152,68,197,190,340,281,115,131,121,304,319,272,118,,168,,,b'\x11\xe8\xe1I\xe9\x95\xfa\xfc\x9a\xbe\x12\xdf\x17\xaeN\x1e'
11E8E149-E995-FAFC-9ABE-12DF17AE4E1E,2023-ncaa-d3-conf-Great Northeast,ncaa,11,11,8,11,8,10,10,10,12,11,7,12,9,8,7,7,4,4,5,3,3,10,8,12,12,12,4,5,3,3,4,8,8,6,6,8,2,7,8,8,10,11,11,11,,,4,5,,,10,10,8,4,9,11,8,11,6,7,7,3,2,2,8,4,2,8,3,8,7,10,11,,6,,,10,7,12,10,11,12,13,11,1,1,3,1,3,3,2,3,2,5,4,9,8,10,1,1,2,4,8,9,4,7,6,10,6,10,11,12,7,7,12,11,,,6,7,,,10,4,9,11,11,10,12,11,12,13,1,1,4,4,4,9,7,5,9,7,11,11,7,12,,5,,,b'\x11\xe8\xe1I\xe9\x95\xfa\xfc\x9a\xbe\x12\xdf\x17\xaeN\x1e'
11E8E149-E995-FAFC-9ABE-12DF17AE4E1E,2023-ncaa-d3-natl,ncaa,270,297,185,283,228,252,287,134,386,275,120,400,255,225,311,297,60,56,195,46,110,115,94,388,369,348,136,268,19,34,63,173,276,94,178,176,19,327,256,248,288,338,327,393,,,203,134,,,286,141,96,245,262,320,94,290,79,274,231,41,41,38,57,40,24,146,35,157,313,299,334,,217,,,281,252,351,330,279,406,412,236,19,24,42,3,135,204,36,207,58,321,299,177,134,166,3,3,98,307,276,319,63,328,178,342,259,185,255,297,315,258,423,386,,,89,157,,,286,283,320,181,278,264,336,346,396,417,11,12,134,203,210,336,329,303,319,327,314,189,302,421,,56,,,b'\x11\xe8\xe1I\xe9\x95\xfa\xfc\x9a\xbe\x12\xdf\x17\xaeN\x1e'
11E8E149-E995-FAFC-9ABE-12DF17AE4E1E,2024-ncaa-d3-conf-Great Northeast,ncaa,11,9,11,11,13,11,13,11,14,13,14,13,5,5,12,2,7,7,7,7,2,10,11,13,13,12,1,4,3,10,10,13,12,13,12,13,11,5,7,10,2,1,14,14,,,8,10,,,11,11,3,8,10,12,9,13,14,4,2,3,2,2,7,5,9,13,12,13,7,1,14,,12,,,11,3,4,2,12,4,2,13,10,5,13,9,5,4,9,4,8,1,5,14,14,8,10,10,6,6,12,10,10,9,12,13,15,5,2,9,3,6,4,12,,,11,4,,,11,5,12,9,11,11,12,8,8,7,12,10,8,6,6,5,15,11,13,11,13,2,6,6,,3,,,b'\x11\xe8\xe1I\xe9\x95\xfa\xfc\x9a\xbe\x12\xdf\x17\xaeN\x1e'
11E8E149-E995-FAFC-9ABE-12DF17AE4E1E,2024-ncaa-d3-natl,ncaa,251,275,200,264,294,183,245,135,347,329,321,316,53,20,246,21,105,101,197,108,32,122,109,291,270,267,11,31,101,195,280,332,346,289,364,230,182,307,238,270,26,23,416,421,,,336,272,,,269,89,23,415,176,249,73,355,351,35,8,74,75,79,63,44,184,368,303,224,300,11,422,,363,,,267,342,361,266,374,357,275,366,251,198,305,184,176,197,139,197,156,251,340,363,350,237,97,181,100,290,346,371,280,350,364,413,417,40,42,254,233,170,209,293,,,97,147,,,269,340,281,226,258,344,362,307,359,300,262,227,191,210,209,288,382,291,377,355,406,20,232,219,,51,,,b'\x11\xe8\xe1I\xe9\x95\xfa\xfc\x9a\xbe\x12\xdf\x17\xaeN\x1e'
11E8E149-E995-FAFC-9ABE-12DF17AE4E1E,2025-ncaa-d3-conf-Great Northeast,genius_ncaa,8,9,3,8,5,8,11,8,14,12,8,14,6,5,10,6,2,2,6,2,1,7,2,14,11,11,3,8,1,8,10,5,7,8,9,11,11,15,12,13,5,9,8,10,,,14,12,,15,12,1,2,7,11,14,12,13,11,7,7,2,1,1,8,2,10,7,9,13,15,10,9,,13,,15,12,13,13,12,11,12,10,12,12,12,12,9,5,7,1,7,6,12,13,12,10,10,7,12,3,7,7,10,10,10,9,13,10,5,9,12,14,13,12,12,,,4,10,,11,12,14,12,8,12,11,11,12,11,9,12,9,4,5,5,11,11,5,9,8,12,9,13,12,,8,,13,b'\x11\xe8\xe1I\xe9\x95\xfa\xfc\x9a\xbe\x12\xdf\x17\xaeN\x1e'
11E8E149-E995-FAFC-9ABE-12DF17AE4E1E,2025-ncaa-d3-natl,genius_ncaa,250,319,55,289,113,195,283,125,377,295,176,379,194,123,313,190,20,9,262,8,12,92,34,370,343,360,37,193,8,99,181,151,300,124,271,307,304,413,368,381,86,183,341,366,,,381,239,,388,353,22,28,394,281,361,198,360,246,228,154,21,12,12,114,39,131,258,187,359,384,105,364,,357,,384,346,409,411,407,347,398,366,347,406,404,334,326,210,290,14,296,195,405,399,356,321,276,204,336,59,342,300,356,181,366,271,412,354,63,157,306,408,357,373,343,,,42,148,,295,353,402,356,272,338,370,380,368,353,298,380,365,152,246,247,370,380,299,273,297,383,81,377,336,,45,,322,b'\x11\xe8\xe1I\xe9\x95\xfa\xfc\x9a\xbe\x12\xdf\x17\xaeN\x1e'
11E8E149-E995-FAFC-9ABE-12DF17AE4E1E,2026-ncaa-d3-natl,genius_ncaa,288,397,8,341,21,89,109,44,323,104,66,273,139,47,345,175,45,22,326,21,79,32,18,323,310,337,170,244,100,55,187,68,190,63,216,125,246,404,357,348,68,220,178,285,,,414,384,,408,343,19,80,113,306,316,253,290,273,277,178,153,109,105,212,97,186,307,269,301,369,199,287,,386,,383,313,396,390,391,317,383,387,270,377,356,342,165,384,400,79,398,308,393,389,324,305,283,236,236,226,299,190,364,187,358,216,381,226,41,180,226,399,338,336,263,,,20,165,,201,343,397,339,248,318,289,283,207,263,222,272,193,278,333,329,228,260,138,193,156,278,148,347,229,,109,,288,b'\x11\xe8\xe1I\xe9\x95\xfa\xfc\x9a\xbe\x12\xdf\x17\xaeN\x1e'
11E8E149-E99A-58D6-9ABE-12DF17AE4E1E,2018-ncaa-d3-conf-NEWMAC,ncaa,6,6,4,6,6,4,5,4,4,6,6,6,1,2,2,3,9,4,10,5,8,4,5,2,4,3,2,2,11,7,8,8,8,8,8,1,2,3,2,1,5,6,1,3,,,11,8,,,6,3,2,7,3,3,2,4,4,2,2,8,4,4,2,3,7,7,6,1,4,4,1,,11,,,6,9,9,9,7,9,10,7,5,4,5,1,11,11,4,11,8,10,10,7,7,9,5,2,8,10,8,10,8,10,8,9,8,6,8,8,5,6,9,8,,,4,6,,,6,9,4,9,6,8,8,9,9,10,5,6,11,11,11,9,9,8,11,10,8,5,6,9,,3,,,b'\x11\xe8\xe1I\xe9\x9aX\xd6\x9a\xbe\x12\xdf\x17\xaeN\x1e'
11E8E149-E99A-58D6-9ABE-12DF17AE4E1E,2018-ncaa-d3-natl,ncaa,243,251,197,255,230,180,156,225,83,205,273,146,62,163,14,125,372,356,344,361,357,258,282,55,87,98,159,59,434,380,389,289,279,343,356,72,29,139,185,52,208,220,179,185,,,275,306,,,217,231,202,155,150,109,188,199,268,48,140,395,381,385,250,292,394,313,384,34,151,214,181,,298,,,217,273,293,194,330,289,226,316,279,208,346,209,207,215,178,206,217,195,205,332,329,309,202,244,171,236,279,239,389,228,356,328,297,194,203,273,135,172,181,205,,,283,265,,,217,210,162,299,217,280,306,231,291,247,269,210,200,222,210,224,235,242,260,255,321,194,140,187,,311,,,b'\x11\xe8\xe1I\xe9\x9aX\xd6\x9a\xbe\x12\xdf\x17\xaeN\x1e'
11E8E149-E99A-58D6-9ABE-12DF17AE4E1E,2019-ncaa-d3-conf-NEWMAC,ncaa,5,5,4,5,4,5,5,6,3,5,6,5,4,4,4,5,6,6,3,6,7,6,7,3,3,4,5,5,7,7,7,6,5,6,7,4,4,4,4,5,7,7,7,7,,,10,10,,,5,6,6,1,5,5,5,5,6,4,5,5,5,5,5,6,6,8,6,4,4,6,8,,9,,,5,6,4,3,6,6,5,4,2,2,7,4,9,11,3,11,10,4,5,6,5,5,4,2,10,4,5,6,7,6,7,3,3,5,4,1,5,5,8,8,,,6,4,,,5,5,5,6,5,7,5,3,7,5,3,2,9,10,10,7,7,6,7,7,4,4,5,8,,4,,,b'\x11\xe8\xe1I\xe9\x9aX\xd6\x9a\xbe\x12\xdf\x17\xaeN\x1e'
11E8E149-E99A-58D6-9ABE-12DF17AE4E1E,2019-ncaa-d3-natl,ncaa,137,104,215,130,216,177,166,272,73,201,289,98,110,180,45,152,286,285,270,286,230,280,306,59,75,91,183,115,354,248,190,302,145,300,171,128,116,169,218,107,192,142,304,295,,,342,427,,,107,308,367,9,147,134,264,185,294,100,166,289,279,284,271,297,247,325,310,96,174,185,311,,373,,,99,83,81,49,244,111,143,124,89,22,425,31,271,279,166,277,322,61,97,227,248,161,237,141,351,66,145,110,190,83,171,57,109,128,67,62,86,110,151,213,,,254,191,,,107,124,104,136,100,104,90,32,126,163,92,16,274,286,285,41,82,79,118,94,82,114,93,164,,239,,,b'\x11\xe8\xe1I\xe9\x9aX\xd6\x9a\xbe\x12\xdf\x17\xaeN\x1e'
11E8E149-E99A-58D6-9ABE-12DF17AE4E1E,2020-ncaa-d3-conf-NEWMAC,ncaa,5,6,3,5,4,5,5,6,6,5,8,3,5,3,7,2,5,6,6,6,4,7,5,5,5,6,5,4,8,9,10,9,6,9,9,5,4,8,9,7,4,3,8,7,,,11,11,,,7,5,4,6,6,6,6,7,8,4,3,6,6,6,6,4,10,10,10,6,8,3,8,,11,,,7,10,6,4,9,6,4,9,8,3,11,1,11,11,8,11,11,5,7,9,10,8,10,5,11,2,6,8,10,7,9,7,6,2,2,4,9,9,4,4,,,3,4,,,7,7,7,7,7,7,6,2,6,3,6,1,11,11,11,3,7,2,7,7,8,3,8,4,,4,,,b'\x11\xe8\xe1I\xe9\x9aX\xd6\x9a\xbe\x12\xdf\x17\xaeN\x1e'
11E8E149-E99A-58D6-9ABE-12DF17AE4E1E,2020-ncaa-d3-natl,ncaa,170,163,198,177,227,230,187,238,143,215,304,96,137,127,181,98,395,397,274,396,378,283,290,134,173,198,246,117,422,359,376,353,185,373,332,148,113,220,270,167,151,123,339,336,,,353,400,,,192,232,205,80,225,157,213,198,316,130,113,405,417,414,287,272,376,385,401,122,244,132,339,,380,,,191,120,99,44,307,165,138,254,44,23,337,28,338,366,116,362,377,62,138,276,302,161,174,60,377,69,185,239,376,150,332,111,161,68,35,48,189,221,106,143,,,294,277,,,192,196,250,126,191,153,135,29,191,153,50,16,343,368,369,65,170,75,249,177,131,54,198,108,,309,,,b'\x11\xe8\xe1I\xe9\x9aX\xd6\x9a\xbe\x12\xdf\x17\xaeN\x1e'
11E8E149-E99A-58D6-9ABE-12DF17AE4E1E,2022-ncaa-d3-conf-NEWMAC,ncaa,7,8,4,7,5,8,8,7,9,8,7,9,7,5,9,1,7,7,7,7,6,7,6,9,9,8,4,5,4,8,9,8,8,7,9,8,6,6,6,8,7,8,6,6,,,5,8,,,9,6,4,3,9,9,7,9,8,7,3,8,8,8,8,7,8,10,9,9,6,8,6,,7,,,9,10,10,8,10,10,9,10,4,3,10,1,8,7,8,7,7,6,7,10,10,10,2,2,6,7,8,10,9,9,9,10,9,4,6,8,6,6,11,11,,,5,4,,,9,6,9,9,9,9,9,5,10,10,4,1,8,7,7,6,7,4,9,8,9,5,6,11,,5,,,b'\x11\xe8\xe1I\xe9\x9aX\xd6\x9a\xbe\x12\xdf\x17\xaeN\x1e'
11E8E149-E99A-58D6-9ABE-12DF17AE4E1E,2022-ncaa-d3-natl,ncaa,328,318,300,340,326,355,352,326,352,362,331,363,214,194,237,121,367,378,228,375,320,338,333,331,341,344,128,96,290,381,387,390,352,392,399,314,184,177,307,308,328,317,229,243,,,211,321,,,369,317,182,240,363,355,277,374,310,178,152,377,387,384,328,301,385,423,423,301,269,312,191,,325,,,367,218,249,80,402,325,244,337,45,13,419,5,259,210,378,207,182,86,102,378,395,349,34,21,260,127,352,195,387,160,399,289,284,217,145,284,153,223,400,425,,,279,131,,,369,106,365,334,371,318,337,153,376,363,59,6,333,288,286,169,212,205,318,281,340,145,207,423,,182,,,b'\x11\xe8\xe1I\xe9\x9aX\xd6\x9a\xbe\x12\xdf\x17\xaeN\x1e'
11E8E149-E99A-58D6-9ABE-12DF17AE4E1E,2023-ncaa-d3-conf-NEWMAC,ncaa,7,7,8,7,10,8,8,9,7,8,7,6,8,9,7,7,10,10,6,10,10,9,9,7,7,7,9,8,9,11,11,10,9,11,10,7,3,7,8,7,9,10,7,9,,,4,5,,,10,7,1,10,8,7,7,8,5,8,7,9,10,10,7,6,11,9,11,6,8,9,7,,8,,,10,9,9,4,10,10,7,10,2,2,8,2,9,6,9,6,6,4,5,10,10,10,2,2,7,9,9,5,11,6,10,8,6,8,8,10,8,8,11,10,,,9,6,,,10,5,8,10,9,10,10,10,10,11,6,3,11,11,11,10,11,9,9,9,9,3,8,11,,5,,,b'\x11\xe8\xe1I\xe9\x9aX\xd6\x9a\xbe\x12\xdf\x17\xaeN\x1e'
11E8E149-E99A-58D6-9ABE-12DF17AE4E1E,2023-ncaa-d3-natl,ncaa,289,269,333,292,363,310,277,360,146,217,261,162,356,368,284,325,312,356,116,356,350,363,350,195,197,271,364,349,258,414,422,390,353,407,407,219,96,277,359,254,294,302,242,287,,,156,174,,,351,275,69,288,267,217,297,144,159,347,344,288,333,333,322,235,425,404,424,136,335,255,227,,268,,,348,290,356,191,402,398,342,372,69,41,291,27,146,140,245,140,80,168,169,370,357,354,14,34,91,209,353,147,422,167,407,314,192,231,227,310,265,328,374,388,,,305,212,,,351,158,334,337,346,368,392,352,407,402,113,63,226,212,213,342,339,277,284,288,349,153,315,406,,234,,,b'\x11\xe8\xe1I\xe9\x9aX\xd6\x9a\xbe\x12\xdf\x17\xaeN\x1e'
11E8E149-E99A-58D6-9ABE-12DF17AE4E1E,2024-ncaa-d3-conf-NEWMAC,ncaa,9,6,12,9,12,9,9,11,2,9,12,2,7,8,5,2,9,9,5,9,6,11,12,2,2,6,6,5,8,12,12,10,3,12,10,9,4,4,10,8,10,10,7,6,,,4,8,,,7,11,2,9,6,6,8,5,11,3,4,8,9,9,8,6,12,4,10,5,9,8,3,,9,,,7,1,1,1,7,1,2,1,1,1,12,1,4,4,8,4,7,1,1,6,8,7,6,4,9,1,3,1,12,1,10,3,7,9,6,5,2,7,2,6,,,9,2,,,7,2,8,6,7,8,8,7,9,11,6,1,9,8,8,9,9,3,7,5,7,2,7,3,,3,,,b'\x11\xe8\xe1I\xe9\x9aX\xd6\x9a\xbe\x12\xdf\x17\xaeN\x1e'
11E8E149-E99A-58D6-9ABE-12DF17AE4E1E,2024-ncaa-d3-natl,ncaa,203,185,296,192,342,171,135,288,17,161,324,12,96,137,55,76,370,389,125,387,366,313,301,16,24,79,234,102,420,413,418,231,124,351,290,72,41,299,330,139,301,308,168,218,,,146,146,,,189,188,47,392,80,53,208,102,318,64,100,379,399,397,285,215,425,148,369,25,324,275,148,,210,,,188,241,260,211,262,303,333,180,117,60,334,43,251,194,373,182,123,208,208,226,249,256,100,89,227,103,124,127,418,103,290,201,135,210,213,205,262,294,33,63,,,277,229,,,189,254,162,201,182,318,318,329,339,385,154,80,299,244,240,324,323,136,203,170,231,158,292,32,,241,,,b'\x11\xe8\xe1I\xe9\x9aX\xd6\x9a\xbe\x12\xdf\x17\xaeN\x1e'
11E8E149-E99A-58D6-9ABE-12DF17AE4E1E,2025-ncaa-d3-conf-NEWMAC,genius_ncaa,5,3,7,5,7,5,5,8,2,8,9,2,2,2,3,1,6,6,10,6,4,9,8,2,2,3,1,1,10,12,12,7,6,9,9,5,5,7,6,4,9,11,2,5,,,5,6,,8,3,5,1,3,2,2,4,5,11,1,1,6,6,6,6,3,12,2,10,2,9,7,2,,10,,9,3,10,9,9,6,12,10,8,2,2,3,1,10,8,11,8,6,9,8,4,4,7,1,1,10,8,6,7,12,8,9,7,6,7,9,8,3,4,1,1,,,7,7,,6,3,9,3,6,3,10,9,11,12,12,2,3,11,10,10,11,11,8,9,9,9,6,4,1,,4,,4,b'\x11\xe8\xe1I\xe9\x9aX\xd6\x9a\xbe\x12\xdf\x17\xaeN\x1e'
11E8E149-E99A-58D6-9ABE-12DF17AE4E1E,2025-ncaa-d3-natl,genius_ncaa,121,118,116,129,122,111,128,221,46,196,294,50,43,96,18,77,174,243,29,237,146,222,183,27,25,75,69,49,287,373,389,46,205,171,262,99,121,309,302,187,362,397,44,103,,,293,207,,272,176,102,132,41,92,120,281,216,347,39,106,185,278,275,293,241,400,20,203,87,278,391,45,,276,,264,176,332,322,383,131,358,405,84,123,125,166,32,315,298,259,299,130,382,345,94,92,198,85,57,246,350,205,257,389,312,262,214,95,260,354,254,272,264,29,49,,,137,123,,95,176,321,139,226,173,279,279,359,324,394,107,98,313,294,291,362,318,316,219,278,181,309,248,18,,151,,98,b'\x11\xe8\xe1I\xe9\x9aX\xd6\x9a\xbe\x12\xdf\x17\xaeN\x1e'
11E8E149-E99A-58D6-9ABE-12DF17AE4E1E,2026-ncaa-d3-natl,genius_ncaa,5,132,3,91,7,3,5,15,56,42,48,160,1,13,4,76,48,93,45,100,253,16,13,20,14,70,42,10,329,170,363,1,47,2,94,22,281,397,299,235,233,397,3,65,,,364,78,,408,80,5,146,408,100,115,271,261,333,11,111,258,333,337,314,258,375,4,87,181,269,398,39,,81,,348,119,399,399,414,69,389,413,51,390,404,176,216,334,301,356,311,34,414,409,63,55,176,195,279,111,368,47,396,363,385,94,376,163,177,400,343,381,258,397,334,,,14,172,,30,80,412,126,164,132,191,216,357,197,336,250,288,108,61,71,326,210,159,180,161,196,397,231,291,,206,,113,b'\x11\xe8\xe1I\xe9\x9aX\xd6\x9a\xbe\x12\xdf\x17\xaeN\x1e'
11E8E149-E99E-D104-9ABE-12DF17AE4E1E,2018-ncaa-d3-conf-Great Northeast,ncaa,2,2,3,2,4,2,1,1,2,1,1,1,4,7,5,12,8,6,11,6,13,1,1,2,3,2,13,10,13,1,3,6,10,2,5,1,3,8,1,2,1,1,4,5,,,9,4,,,2,1,1,10,1,1,1,1,1,6,8,9,8,8,1,1,2,7,3,1,7,1,6,,7,,,2,7,7,10,5,9,11,5,3,6,4,4,9,8,11,8,4,10,13,5,6,2,7,3,10,9,10,7,3,9,5,5,5,1,1,1,6,2,6,3,,,10,13,,,2,13,2,2,2,6,5,7,5,8,2,3,8,6,6,6,12,9,5,7,5,1,5,5,,12,,,b'\x11\xe8\xe1I\xe9\x9e\xd1\x04\x9a\xbe\x12\xdf\x17\xaeN\x1e'
11E8E149-E99E-D104-9ABE-12DF17AE4E1E,2018-ncaa-d3-natl,ncaa,66,68,68,75,82,25,8,21,25,6,13,25,226,214,244,358,232,162,367,167,399,24,24,57,92,88,427,373,432,62,119,86,276,65,194,9,97,335,133,45,16,24,112,158,,,335,132,,,25,16,24,104,19,5,14,3,12,262,269,303,216,231,21,25,77,133,78,5,264,12,135,,267,,,24,242,221,358,68,265,377,73,123,220,59,117,349,344,254,346,242,374,430,53,67,16,185,99,351,386,276,367,119,390,194,150,110,11,22,9,290,130,244,62,,,252,434,,,25,429,83,22,36,143,129,242,190,300,88,147,307,283,288,255,414,332,267,303,99,8,238,195,,370,,,b'\x11\xe8\xe1I\xe9\x9e\xd1\x04\x9a\xbe\x12\xdf\x17\xaeN\x1e'
11E8E149-E99E-D104-9ABE-12DF17AE4E1E,2019-ncaa-d3-conf-Great Northeast,ncaa,1,1,1,1,1,1,1,1,1,1,1,2,7,11,3,13,6,5,10,5,12,1,1,2,2,3,13,12,13,1,1,1,5,1,1,1,2,13,5,2,1,1,3,4,,,12,8,,,2,1,2,3,1,1,2,1,1,9,12,9,6,5,2,1,1,1,1,1,9,1,4,,8,,,2,10,7,13,1,5,12,1,13,13,2,11,10,9,12,10,7,13,13,1,1,1,13,11,11,12,5,9,1,11,1,2,2,1,1,1,11,4,4,2,,,6,13,,,2,13,2,1,2,3,1,9,2,6,8,11,6,6,6,7,10,8,2,4,1,1,6,3,,8,,,b'\x11\xe8\xe1I\xe9\x9e\xd1\x04\x9a\xbe\x12\xdf\x17\xaeN\x1e'
11E8E149-E99E-D104-9ABE-12DF17AE4E1E,2019-ncaa-d3-natl,ncaa,21,46,8,46,8,7,2,3,15,1,1,34,198,289,82,419,131,69,356,71,423,4,3,36,63,64,441,405,417,5,20,3,221,3,48,2,78,407,143,33,16,60,70,152,,,412,118,,,30,3,31,50,8,2,13,2,3,319,379,268,206,217,12,14,21,19,13,1,283,30,117,,246,,,38,439,426,443,91,392,437,83,425,434,202,324,365,334,387,329,123,443,441,103,108,88,313,339,187,430,221,370,20,417,48,328,88,16,108,67,360,102,243,21,,,93,423,,,30,441,34,97,51,257,254,390,199,321,338,377,213,164,157,373,412,353,122,222,152,47,209,121,,304,,,b'\x11\xe8\xe1I\xe9\x9e\xd1\x04\x9a\xbe\x12\xdf\x17\xaeN\x1e'
11E8E149-E99E-D104-9ABE-12DF17AE4E1E,2020-ncaa-d3-conf-Great Northeast,ncaa,1,1,1,1,2,1,1,1,5,1,1,6,11,12,9,12,2,2,5,2,12,1,1,6,6,6,12,12,8,1,1,1,2,1,1,1,4,11,5,2,1,1,3,4,,,12,10,,,1,1,3,9,3,2,2,1,1,12,12,5,6,6,2,1,1,4,1,1,9,1,4,,9,,,1,4,4,9,2,5,8,3,6,8,1,6,12,12,9,12,10,10,12,2,2,1,6,5,11,5,2,11,1,9,1,6,8,1,1,1,7,3,8,5,,,2,12,,,1,12,3,1,1,2,2,2,3,4,1,5,8,8,8,2,8,2,3,2,4,1,4,8,,8,,,b'\x11\xe8\xe1I\xe9\x9e\xd1\x04\x9a\xbe\x12\xdf\x17\xaeN\x1e'
11E8E149-E99E-D104-9ABE-12DF17AE4E1E,2020-ncaa-d3-natl,ncaa,48,85,7,81,24,29,11,6,96,1,1,144,379,384,312,434,109,116,196,112,419,7,6,185,198,201,437,435,338,8,20,23,133,6,39,6,44,394,186,64,18,39,111,171,,,418,266,,,46,13,72,395,83,27,30,1,1,416,424,213,236,234,38,41,24,96,21,10,283,40,165,,313,,,52,289,288,406,69,306,392,93,200,337,30,211,319,329,183,341,202,414,428,56,51,26,178,149,283,319,133,325,20,330,39,339,337,22,52,84,230,63,213,34,,,118,396,,,46,427,139,26,60,95,103,202,136,214,93,195,192,199,205,199,307,189,110,133,207,46,127,130,,300,,,b'\x11\xe8\xe1I\xe9\x9e\xd1\x04\x9a\xbe\x12\xdf\x17\xaeN\x1e'
11E8E149-E99E-D104-9ABE-12DF17AE4E1E,2022-ncaa-d3-conf-Great Northeast,ncaa,1,1,1,1,4,2,1,2,2,1,2,2,6,10,2,11,5,3,6,3,10,2,1,2,2,3,12,11,11,1,2,1,1,1,1,1,1,9,6,3,1,1,1,1,,,11,10,,,1,3,4,4,2,1,3,1,2,7,10,6,3,4,2,1,2,1,1,1,7,1,1,,10,,,1,2,2,8,1,1,3,1,10,13,4,13,4,3,8,3,4,6,9,2,2,1,12,12,6,4,1,6,2,5,1,8,13,1,1,2,6,5,2,1,,,7,12,,,1,11,2,1,1,1,1,4,1,1,8,12,3,1,1,3,8,4,2,3,7,1,5,2,,10,,,b'\x11\xe8\xe1I\xe9\x9e\xd1\x04\x9a\xbe\x12\xdf\x17\xaeN\x1e'
11E8E149-E99E-D104-9ABE-12DF17AE4E1E,2022-ncaa-d3-natl,ncaa,9,5,32,7,40,23,15,22,31,7,7,65,173,262,57,380,123,82,284,85,367,21,13,59,77,102,396,344,377,15,26,12,142,11,37,5,42,396,230,65,11,13,45,46,,,409,268,,,16,15,52,106,29,13,40,5,18,254,349,214,166,174,43,33,41,18,15,4,300,13,61,,346,,,16,227,192,387,13,107,281,21,385,419,77,393,225,239,182,236,185,384,416,25,25,6,393,392,221,359,142,291,26,333,37,355,404,11,18,55,252,102,73,7,,,125,383,,,16,415,75,9,18,60,58,252,28,94,300,389,116,119,117,209,371,261,109,167,233,17,166,25,,287,,,b'\x11\xe8\xe1I\xe9\x9e\xd1\x04\x9a\xbe\x12\xdf\x17\xaeN\x1e'
11E8E149-E99E-D104-9ABE-12DF17AE4E1E,2023-ncaa-d3-conf-Great Northeast,ncaa,2,2,1,2,2,1,1,1,2,1,2,2,4,6,4,10,6,2,9,2,11,1,1,2,2,3,11,9,13,1,1,3,1,1,1,2,8,10,6,5,1,1,2,1,,,10,9,,,2,2,3,3,1,1,1,2,2,5,6,8,6,6,1,1,1,3,1,2,8,1,2,,10,,,2,6,6,9,6,4,4,7,11,11,5,12,8,7,8,7,7,8,11,7,7,4,10,10,7,3,1,3,1,3,1,11,12,1,1,6,6,4,5,3,,,6,13,,,2,12,2,2,2,3,3,3,3,3,8,8,6,5,5,3,4,2,2,2,10,3,6,5,,11,,,b'\x11\xe8\xe1I\xe9\x9e\xd1\x04\x9a\xbe\x12\xdf\x17\xaeN\x1e'
11E8E149-E99E-D104-9ABE-12DF17AE4E1E,2023-ncaa-d3-natl,ncaa,37,43,33,43,42,14,12,14,29,7,9,57,92,148,34,318,117,59,334,57,317,14,8,43,71,100,352,279,388,4,2,15,27,5,2,8,130,409,232,107,19,28,24,18,,,408,346,,,13,15,60,164,12,8,15,7,20,129,223,189,116,112,22,11,4,27,3,6,333,26,36,,358,,,15,260,237,326,102,208,258,124,291,346,119,286,311,334,101,336,311,349,398,109,99,42,304,276,295,140,27,141,2,127,2,350,381,20,30,86,291,107,266,72,,,126,403,,,13,416,35,29,19,102,96,131,92,110,199,242,224,249,254,140,280,69,40,32,253,34,213,186,,268,,,b'\x11\xe8\xe1I\xe9\x9e\xd1\x04\x9a\xbe\x12\xdf\x17\xaeN\x1e'
11E8E149-E99E-D104-9ABE-12DF17AE4E1E,2024-ncaa-d3-conf-Great Northeast,ncaa,3,3,3,3,4,4,3,5,2,2,2,4,12,13,9,14,6,2,11,2,11,5,1,5,4,5,14,14,7,1,2,4,6,3,5,3,9,12,8,5,3,3,1,1,,,15,15,,,3,3,4,8,4,2,4,2,2,13,13,6,3,3,3,2,2,4,2,2,8,3,1,,15,,,2,2,1,8,1,1,7,1,13,12,12,11,14,14,14,14,12,10,11,1,2,1,15,13,15,9,6,7,2,7,5,3,9,2,3,1,6,4,6,1,,,5,12,,,3,10,5,2,3,2,1,4,1,3,10,9,14,11,11,4,7,8,5,6,2,3,5,4,,8,,,b'\x11\xe8\xe1I\xe9\x9e\xd1\x04\x9a\xbe\x12\xdf\x17\xaeN\x1e'
11E8E149-E99E-D104-9ABE-12DF17AE4E1E,2024-ncaa-d3-natl,ncaa,142,185,63,172,74,82,69,66,104,21,12,162,345,374,222,415,76,31,345,28,265,58,29,170,182,225,407,408,183,25,21,61,211,34,67,59,115,391,309,221,58,116,9,7,,,411,367,,,130,32,48,171,92,70,81,20,13,370,400,108,50,45,59,22,30,73,29,55,358,87,10,,402,,,134,295,184,356,33,109,256,26,381,407,185,344,395,391,308,388,355,382,395,59,84,61,415,371,387,348,211,209,21,280,67,315,384,49,101,134,322,183,33,2,,,47,212,,,130,389,200,74,140,179,109,278,61,160,333,371,368,361,360,305,351,278,112,175,256,57,265,15,,62,,,b'\x11\xe8\xe1I\xe9\x9e\xd1\x04\x9a\xbe\x12\xdf\x17\xaeN\x1e'
11E8E149-E99E-D104-9ABE-12DF17AE4E1E,2025-ncaa-d3-conf-Great Northeast,genius_ncaa,6,7,3,7,4,6,5,3,5,2,2,7,11,12,13,14,8,7,10,7,14,5,4,8,8,7,14,14,11,1,5,6,8,4,7,4,7,13,8,7,1,1,1,1,,,15,15,,14,6,5,12,5,7,5,5,2,2,13,12,12,10,9,5,6,3,8,6,5,9,1,1,,15,,14,6,6,2,7,1,3,5,2,8,7,6,8,14,14,13,14,14,7,8,2,4,1,14,8,15,11,8,9,5,9,7,5,13,1,1,2,5,3,4,3,,,6,12,,11,6,9,7,2,6,2,1,2,1,2,6,7,12,11,11,2,4,9,6,6,4,1,4,4,,12,,13,b'\x11\xe8\xe1I\xe9\x9e\xd1\x04\x9a\xbe\x12\xdf\x17\xaeN\x1e'
11E8E149-E99E-D104-9ABE-12DF17AE4E1E,2025-ncaa-d3-natl,genius_ncaa,173,215,55,202,70,114,88,82,128,52,37,168,283,316,200,369,145,106,304,98,274,77,50,180,199,251,377,359,254,62,72,112,214,85,126,102,210,388,304,250,35,42,21,11,,,413,408,,416,134,48,95,114,157,104,111,44,44,328,357,191,140,135,105,64,75,189,118,128,340,40,19,,406,,417,138,257,141,257,71,99,157,83,308,354,160,325,394,381,352,378,371,300,359,100,157,93,397,299,393,287,214,248,72,273,126,290,358,46,61,106,263,164,48,11,,,81,227,,285,134,359,229,98,169,160,77,132,59,70,257,301,372,345,338,170,282,220,135,171,232,52,216,29,,123,,309,b'\x11\xe8\xe1I\xe9\x9e\xd1\x04\x9a\xbe\x12\xdf\x17\xaeN\x1e'
11E8E149-E99E-D104-9ABE-12DF17AE4E1E,2026-ncaa-d3-natl,genius_ncaa,98,132,116,138,139,73,42,103,48,22,41,92,221,279,103,365,184,170,254,164,344,105,124,83,100,102,385,335,321,119,117,303,369,245,303,99,316,236,150,143,7,6,158,141,,,379,390,,156,80,124,93,113,43,19,57,6,21,255,331,213,213,206,59,86,129,395,322,109,193,6,197,,396,,133,85,236,166,156,227,123,125,144,322,233,386,279,374,365,331,358,395,184,284,283,331,120,403,345,389,299,369,225,117,261,303,218,293,18,9,22,195,117,193,89,,,202,325,,146,80,277,95,151,101,204,96,40,46,42,321,195,375,364,356,87,299,288,168,230,178,9,162,157,,266,,179,b'\x11\xe8\xe1I\xe9\x9e\xd1\x04\x9a\xbe\x12\xdf\x17\xaeN\x1e'
11E8E149-E9A3-DEB0-9ABE-12DF17AE4E1E,2018-ncaa-d3-conf-UAA,ncaa,5,5,1,5,2,5,5,5,3,3,4,2,8,8,7,7,7,6,7,6,6,6,6,3,4,5,8,8,7,5,3,4,3,4,3,2,2,5,5,4,6,5,3,2,,,5,5,,,5,8,8,2,5,5,5,3,4,8,8,7,6,6,6,6,5,4,4,2,5,6,3,,5,,,5,3,4,3,4,4,5,3,3,3,4,2,8,6,5,6,5,3,1,3,3,5,5,2,8,3,3,2,3,2,3,3,3,6,6,4,3,3,1,1,,,7,8,,,5,1,5,5,5,3,4,3,4,5,3,3,8,6,6,3,1,3,2,2,3,6,3,1,,7,,,b'\x11\xe8\xe1I\xe9\xa3\xde\xb0\x9a\xbe\x12\xdf\x17\xaeN\x1e'
11E8E149-E9A3-DEB0-9ABE-12DF17AE4E1E,2018-ncaa-d3-natl,ncaa,196,197,197,202,202,215,160,197,121,100,128,85,349,325,352,342,311,318,219,318,388,223,253,171,201,190,411,379,358,202,134,252,181,241,155,107,79,159,183,89,238,250,58,68,,,263,315,,,219,251,286,24,201,116,166,57,92,353,331,336,346,349,192,232,198,242,226,71,180,254,53,,280,,,219,206,206,163,249,231,278,180,138,83,359,66,301,278,320,276,244,181,167,244,258,275,183,124,316,156,181,103,134,103,155,78,45,254,249,157,130,146,167,119,,,339,361,,,219,183,202,263,215,228,220,192,255,294,156,75,331,285,285,202,186,170,110,118,96,268,135,173,,362,,,b'\x11\xe8\xe1I\xe9\xa3\xde\xb0\x9a\xbe\x12\xdf\x17\xaeN\x1e'
11E8E149-E9A3-DEB0-9ABE-12DF17AE4E1E,2019-ncaa-d3-conf-UAA,ncaa,2,2,1,2,4,4,2,8,2,2,6,2,5,6,2,4,5,5,4,5,4,8,8,2,2,2,7,5,7,5,4,2,2,4,2,2,2,1,5,2,7,7,2,2,,,3,8,,,2,8,8,4,4,2,8,2,6,5,6,5,5,5,8,8,5,2,4,2,1,7,2,,3,,,2,1,1,2,1,4,7,1,2,2,3,2,4,6,1,5,3,3,1,1,1,2,4,3,7,3,2,1,4,1,2,1,1,7,7,4,1,3,1,1,,,6,3,,,2,1,2,3,2,1,1,2,4,7,2,2,4,6,5,3,1,3,1,1,1,7,1,1,,6,,,b'\x11\xe8\xe1I\xe9\xa3\xde\xb0\x9a\xbe\x12\xdf\x17\xaeN\x1e'
11E8E149-E9A3-DEB0-9ABE-12DF17AE4E1E,2019-ncaa-d3-natl,ncaa,78,72,129,76,137,122,100,208,37,92,175,46,178,270,72,276,232,278,73,271,307,222,301,41,42,32,319,253,330,253,159,131,58,184,62,49,34,46,54,9,420,421,36,42,,,222,316,,,71,305,416,30,117,78,273,75,204,199,290,248,313,305,292,395,284,124,206,35,28,430,34,,198,,,71,94,102,166,95,172,336,42,47,24,312,19,260,245,273,242,168,169,103,63,81,170,142,71,337,85,58,70,159,64,62,32,36,376,383,204,25,31,25,17,,,245,176,,,71,128,37,155,69,77,77,105,144,313,36,12,232,210,212,113,30,70,46,43,28,415,21,16,,278,,,b'\x11\xe8\xe1I\xe9\xa3\xde\xb0\x9a\xbe\x12\xdf\x17\xaeN\x1e'
11E8E149-E9A3-DEB0-9ABE-12DF17AE4E1E,2020-ncaa-d3-conf-UAA,ncaa,2,2,1,2,6,4,2,4,2,3,7,1,2,2,6,2,7,8,2,7,8,7,8,3,3,2,6,2,7,5,4,6,2,5,2,3,5,2,2,2,5,5,2,2,,,2,5,,,3,8,8,6,4,2,4,3,7,2,2,7,8,7,7,8,5,6,5,3,2,5,2,,2,,,3,2,2,2,4,5,5,6,1,1,1,1,5,4,6,4,3,1,1,2,3,2,1,1,7,1,2,2,4,2,2,1,1,6,4,2,1,1,1,1,,,8,8,,,3,1,2,2,3,2,2,2,5,5,1,1,5,4,4,1,1,1,2,2,1,6,1,1,,8,,,b'\x11\xe8\xe1I\xe9\xa3\xde\xb0\x9a\xbe\x12\xdf\x17\xaeN\x1e'
11E8E149-E9A3-DEB0-9ABE-12DF17AE4E1E,2020-ncaa-d3-natl,ncaa,79,46,198,57,259,172,123,206,51,149,269,45,96,125,89,108,372,409,72,409,414,263,349,42,62,40,242,106,428,243,164,243,121,246,133,155,250,18,33,30,361,334,67,67,,,110,188,,,76,368,391,216,117,71,171,111,259,76,110,390,426,426,253,371,219,233,241,131,18,369,57,,103,,,65,54,76,106,123,157,229,116,26,34,75,47,135,115,277,120,116,86,62,93,97,147,64,43,249,91,121,97,164,79,133,11,3,356,317,67,23,40,106,131,,,415,418,,,76,66,34,142,57,68,106,124,188,260,23,27,146,134,139,108,47,106,106,92,7,374,26,108,,432,,,b'\x11\xe8\xe1I\xe9\xa3\xde\xb0\x9a\xbe\x12\xdf\x17\xaeN\x1e'
11E8E149-E9A3-DEB0-9ABE-12DF17AE4E1E,2022-ncaa-d3-conf-UAA,ncaa,2,2,3,2,4,5,5,4,6,6,5,7,2,2,2,2,7,7,6,7,7,4,5,4,5,5,3,1,7,7,8,6,4,6,6,6,5,2,3,3,2,2,4,4,,,2,3,,,3,4,5,2,5,5,3,6,5,2,2,7,7,7,4,4,6,5,5,5,2,2,4,,2,,,3,1,3,2,5,6,4,4,1,2,1,1,4,2,7,2,2,2,3,3,3,2,1,1,4,4,4,8,8,5,6,2,2,2,2,2,2,2,4,4,,,8,8,,,3,3,5,2,3,2,3,2,7,6,1,2,4,2,2,2,3,4,8,6,2,1,2,4,,8,,,b'\x11\xe8\xe1I\xe9\xa3\xde\xb0\x9a\xbe\x12\xdf\x17\xaeN\x1e'
11E8E149-E9A3-DEB0-9ABE-12DF17AE4E1E,2022-ncaa-d3-natl,ncaa,131,129,188,137,191,158,149,153,171,166,166,201,104,147,86,187,272,309,127,295,339,179,224,159,181,146,202,142,348,211,266,198,77,201,193,208,309,92,77,140,218,215,125,127,,,249,298,,,137,222,232,59,141,131,105,157,154,102,153,289,339,327,133,218,221,177,204,220,85,231,121,,262,,,139,164,142,148,181,226,201,218,40,95,29,88,329,299,391,290,287,155,172,142,188,164,126,29,374,77,77,279,266,184,193,48,29,169,139,51,94,108,263,227,,,343,392,,,137,210,155,129,137,145,128,111,215,203,28,62,337,285,280,123,146,75,272,178,41,171,102,261,,390,,,b'\x11\xe8\xe1I\xe9\xa3\xde\xb0\x9a\xbe\x12\xdf\x17\xaeN\x1e'
11E8E149-E9A3-DEB0-9ABE-12DF17AE4E1E,2023-ncaa-d3-conf-UAA,ncaa,4,4,1,4,8,6,5,5,4,6,5,5,2,4,1,4,7,8,4,8,6,6,5,4,4,5,4,3,7,6,6,2,4,3,4,3,2,5,5,3,5,4,3,2,,,6,6,,,3,5,5,8,6,5,5,6,5,2,4,7,8,8,6,5,6,2,3,3,5,5,3,,6,,,3,2,3,4,2,3,5,3,2,2,1,2,5,5,2,5,4,5,4,2,2,2,2,2,7,4,4,4,6,3,4,4,5,6,5,4,4,4,6,6,,,8,8,,,3,3,5,2,4,2,3,4,3,5,2,2,5,5,5,5,4,4,4,3,4,6,4,6,,8,,,b'\x11\xe8\xe1I\xe9\xa3\xde\xb0\x9a\xbe\x12\xdf\x17\xaeN\x1e'
11E8E149-E9A3-DEB0-9ABE-12DF17AE4E1E,2023-ncaa-d3-natl,ncaa,107,85,185,101,270,98,83,115,59,118,171,67,67,104,38,137,242,285,93,287,328,142,204,51,56,39,193,117,380,257,283,65,96,141,152,55,62,65,59,16,286,306,65,70,,,299,296,,,79,183,141,414,52,43,74,84,156,55,103,237,298,307,87,180,266,14,92,25,72,294,59,,318,,,65,170,144,249,81,208,250,143,86,216,17,180,337,336,244,339,323,274,228,59,84,145,197,86,372,181,96,252,283,215,152,125,140,280,320,207,41,35,319,287,,,289,336,,,79,242,57,141,79,181,158,265,210,257,83,210,352,350,352,293,242,174,271,231,143,289,40,330,,324,,,b'\x11\xe8\xe1I\xe9\xa3\xde\xb0\x9a\xbe\x12\xdf\x17\xaeN\x1e'
11E8E149-E9A3-DEB0-9ABE-12DF17AE4E1E,2024-ncaa-d3-conf-UAA,ncaa,3,3,1,3,2,4,5,4,5,5,4,5,3,3,2,3,6,7,3,7,7,5,7,4,3,3,4,3,6,6,4,6,6,6,6,2,1,1,2,2,8,8,3,4,,,6,6,,,4,8,8,2,4,5,4,5,4,3,3,6,7,7,5,7,6,6,6,2,1,8,3,,6,,,4,4,4,4,4,5,7,3,1,2,2,2,7,6,8,6,5,4,4,4,4,4,1,1,7,6,6,4,4,4,6,4,3,3,3,4,4,5,3,4,,,6,6,,,4,2,3,4,4,4,4,4,5,7,1,2,7,6,6,4,4,6,4,4,4,3,4,3,,6,,,b'\x11\xe8\xe1I\xe9\xa3\xde\xb0\x9a\xbe\x12\xdf\x17\xaeN\x1e'
11E8E149-E9A3-DEB0-9ABE-12DF17AE4E1E,2024-ncaa-d3-natl,ncaa,74,66,112,77,170,96,80,146,31,119,196,71,49,121,8,136,303,354,75,353,381,181,234,24,32,31,177,77,406,300,278,196,238,248,238,68,114,108,111,47,319,341,93,129,,,245,233,,,110,191,236,244,67,51,156,121,218,47,138,347,387,389,220,311,327,247,306,48,89,340,102,,211,,,110,239,260,245,238,339,324,288,30,99,10,62,300,270,346,268,198,249,245,158,194,214,43,13,306,247,238,173,278,202,238,109,24,203,231,127,105,117,106,92,,,319,354,,,110,248,52,204,106,184,210,202,309,288,26,67,289,245,246,193,196,225,129,161,90,238,96,88,,370,,,b'\x11\xe8\xe1I\xe9\xa3\xde\xb0\x9a\xbe\x12\xdf\x17\xaeN\x1e'
11E8E149-E9A3-DEB0-9ABE-12DF17AE4E1E,2025-ncaa-d3-conf-UAA,genius_ncaa,3,3,1,3,1,4,4,4,4,5,5,4,3,3,6,3,7,7,3,7,7,4,3,4,5,5,3,3,7,5,6,5,4,5,5,3,2,8,7,5,3,4,3,4,,,5,5,,8,5,2,2,1,4,4,4,5,5,3,3,7,7,7,4,3,5,5,5,3,8,3,3,,5,,8,5,5,5,5,4,8,7,3,3,2,3,2,8,8,7,8,7,5,7,4,4,3,3,2,8,4,4,6,6,6,5,4,4,3,3,2,8,8,7,7,,,4,5,,5,5,7,5,3,5,5,5,5,8,7,3,2,8,8,8,5,7,4,6,6,4,3,8,7,,4,,5,b'\x11\xe8\xe1I\xe9\xa3\xde\xb0\x9a\xbe\x12\xdf\x17\xaeN\x1e'
11E8E149-E9A3-DEB0-9ABE-12DF17AE4E1E,2025-ncaa-d3-natl,genius_ncaa,141,118,192,141,211,166,160,195,132,210,238,154,89,131,72,116,263,312,65,311,294,218,233,105,111,120,133,91,321,223,197,177,150,191,157,164,209,162,174,162,247,255,80,82,,,144,152,,395,164,243,227,84,140,129,139,199,236,71,114,266,337,333,185,219,219,139,163,146,176,260,64,,147,,401,164,178,191,196,185,268,274,201,65,98,87,90,254,201,386,187,156,191,164,155,179,220,95,56,266,170,150,151,197,142,157,94,58,247,250,168,128,156,316,335,,,306,323,,327,164,176,132,200,157,197,210,227,272,300,79,103,283,207,190,218,188,160,162,157,105,263,153,324,,332,,336,b'\x11\xe8\xe1I\xe9\xa3\xde\xb0\x9a\xbe\x12\xdf\x17\xaeN\x1e'
11E8E149-E9A3-DEB0-9ABE-12DF17AE4E1E,2026-ncaa-d3-natl,genius_ncaa,1,1,42,1,60,1,1,17,5,10,72,7,2,14,7,69,108,145,90,146,289,31,51,4,4,2,123,36,392,42,45,11,36,14,18,2,38,164,17,3,59,118,10,39,,,282,140,,104,4,61,137,104,3,3,24,29,153,3,32,201,264,270,41,113,92,14,23,2,42,116,22,,146,,72,4,260,258,346,37,271,374,31,198,238,130,78,292,297,215,280,117,343,336,31,34,70,175,131,275,213,36,237,45,228,18,241,185,118,233,170,179,63,117,50,,,227,399,,291,4,357,3,55,4,92,101,237,137,307,93,93,199,183,158,222,215,107,64,68,131,236,75,67,,377,,342,b'\x11\xe8\xe1I\xe9\xa3\xde\xb0\x9a\xbe\x12\xdf\x17\xaeN\x1e'
11E8E149-E9A8-50EE-9ABE-12DF17AE4E1E,2018-ncaa-d3-conf-ODAC,ncaa,1,1,1,1,3,1,1,3,1,2,4,1,3,4,3,6,5,5,6,4,8,3,2,1,1,2,7,6,10,2,3,6,6,3,3,1,5,12,10,5,1,1,7,7,,,11,10,,,1,2,3,5,1,1,3,3,6,5,6,7,6,5,3,3,4,12,7,1,10,1,8,,10,,,1,9,5,4,8,4,5,6,10,8,11,8,10,10,8,10,11,6,11,9,10,5,11,9,11,5,6,2,3,3,3,6,7,1,1,2,9,6,6,3,,,7,10,,,1,11,1,5,1,5,4,3,2,1,9,7,9,9,9,3,9,4,1,2,3,1,7,5,,9,,,b'\x11\xe8\xe1I\xe9\xa8P\xee\x9a\xbe\x12\xdf\x17\xaeN\x1e'
11E8E149-E9A8-50EE-9ABE-12DF17AE4E1E,2018-ncaa-d3-natl,ncaa,31,68,8,68,15,19,17,55,15,15,57,6,149,155,176,280,39,33,179,33,126,51,25,25,26,63,333,335,227,93,92,116,256,91,154,26,162,419,317,171,14,22,145,169,,,415,286,,,56,14,173,303,75,63,287,45,232,248,290,113,124,123,246,204,229,379,337,75,304,25,222,,273,,,72,385,328,362,193,247,272,208,385,395,239,342,407,402,304,401,376,391,431,240,265,108,394,326,354,355,256,217,92,280,154,331,252,18,29,52,336,183,378,249,,,74,299,,,56,431,68,106,68,124,92,56,71,46,253,254,295,263,257,67,221,167,31,63,149,36,182,256,,303,,,b'\x11\xe8\xe1I\xe9\xa8P\xee\x9a\xbe\x12\xdf\x17\xaeN\x1e'
11E8E149-E9A8-50EE-9ABE-12DF17AE4E1E,2019-ncaa-d3-conf-ODAC,ncaa,2,2,5,2,7,4,4,8,1,4,9,1,5,6,6,9,3,3,3,3,2,7,7,1,1,1,6,10,3,5,3,5,5,8,3,3,2,5,6,2,3,2,5,3,,,8,10,,,1,6,5,4,3,2,8,1,9,4,6,2,2,2,6,6,4,3,5,1,6,2,4,,10,,,1,2,1,4,2,3,5,2,2,4,2,6,6,7,3,7,6,5,8,3,2,2,7,4,9,5,5,2,3,3,3,2,5,4,3,1,5,6,7,10,,,8,8,,,1,8,1,2,1,2,1,3,3,6,4,7,7,6,7,3,9,5,2,3,3,2,7,9,,7,,,b'\x11\xe8\xe1I\xe9\xa8P\xee\x9a\xbe\x12\xdf\x17\xaeN\x1e'
11E8E149-E9A8-50EE-9ABE-12DF17AE4E1E,2019-ncaa-d3-natl,ncaa,38,15,129,23,157,67,68,209,14,57,210,7,178,199,167,230,47,70,93,71,72,181,169,16,15,27,285,309,138,143,39,162,119,147,39,53,90,264,239,82,45,31,150,135,,,331,327,,,33,182,221,161,39,38,278,45,260,199,224,43,64,68,207,208,159,175,152,41,229,39,158,,308,,,27,96,94,124,115,130,145,159,89,169,32,208,276,292,160,299,331,143,247,92,105,61,230,129,347,144,119,31,39,39,39,74,133,76,51,40,263,246,203,215,,,189,208,,,33,284,22,52,22,79,66,66,114,106,69,140,245,262,267,80,186,119,12,27,75,73,235,185,,214,,,b'\x11\xe8\xe1I\xe9\xa8P\xee\x9a\xbe\x12\xdf\x17\xaeN\x1e'
11E8E149-E9A8-50EE-9ABE-12DF17AE4E1E,2020-ncaa-d3-conf-ODAC,ncaa,1,1,3,1,3,3,5,4,5,5,5,3,5,5,6,5,1,4,3,4,2,4,4,4,2,2,5,7,1,3,3,2,8,2,4,3,2,10,9,3,4,4,3,5,,,5,3,,,3,4,6,3,3,4,7,5,9,5,5,1,4,4,6,4,3,2,3,3,8,4,4,,4,,,3,6,8,13,2,6,10,2,9,12,6,11,4,6,3,5,5,13,12,2,1,1,7,11,5,11,8,4,3,6,4,5,4,4,6,5,10,9,9,9,,,2,3,,,3,11,2,3,3,5,7,11,4,10,9,10,4,4,4,9,10,8,5,7,6,4,9,9,,2,,,b'\x11\xe8\xe1I\xe9\xa8P\xee\x9a\xbe\x12\xdf\x17\xaeN\x1e'
11E8E149-E9A8-50EE-9ABE-12DF17AE4E1E,2020-ncaa-d3-natl,ncaa,36,31,65,37,72,72,94,144,81,84,154,49,167,171,197,236,14,26,39,22,38,117,82,83,51,83,201,293,45,114,107,32,134,58,65,86,126,334,261,175,76,115,101,144,,,176,76,,,87,66,169,40,76,124,250,102,247,209,219,17,33,33,173,152,166,31,68,115,274,90,117,,105,,,86,257,280,384,87,266,365,94,274,342,113,255,163,215,70,202,112,385,384,91,67,76,196,271,139,302,134,166,107,232,65,157,76,131,210,110,345,289,340,306,,,40,71,,,87,385,90,90,81,154,193,306,181,291,225,276,118,156,145,271,288,241,84,130,111,169,300,306,,60,,,b'\x11\xe8\xe1I\xe9\xa8P\xee\x9a\xbe\x12\xdf\x17\xaeN\x1e'
11E8E149-E9A8-50EE-9ABE-12DF17AE4E1E,2021-ncaa-d3-conf-ODAC,ncaa,3,10,1,7,1,1,2,1,5,3,3,3,2,2,7,4,1,2,2,2,5,1,1,5,4,6,5,5,5,2,6,1,7,1,7,1,2,11,9,7,1,4,3,6,,,11,6,,,6,1,5,6,6,8,8,6,8,5,6,6,6,6,8,7,8,6,7,5,8,4,5,,8,,,6,11,11,11,7,11,11,8,10,10,4,6,11,11,5,11,7,11,11,7,8,6,3,4,6,10,7,10,6,10,7,10,6,1,4,6,10,6,11,10,,,2,7,,,6,11,6,5,6,6,6,4,6,5,4,5,7,6,5,6,6,8,5,5,6,4,6,10,,6,,,b'\x11\xe8\xe1I\xe9\xa8P\xee\x9a\xbe\x12\xdf\x17\xaeN\x1e'
11E8E149-E9A8-50EE-9ABE-12DF17AE4E1E,2021-ncaa-d3-natl,ncaa,80,238,32,155,40,47,49,47,99,52,58,70,44,40,135,86,39,58,25,59,127,48,46,96,76,104,112,129,123,84,221,39,61,48,138,36,70,253,188,126,43,86,72,148,,,235,140,,,109,40,104,110,113,120,175,131,198,103,105,106,164,173,175,157,233,123,177,92,183,90,151,,140,,,126,246,247,244,180,250,251,186,225,237,146,129,230,231,161,230,124,243,245,179,175,157,107,124,117,213,61,246,221,239,138,253,190,46,111,164,225,123,257,234,,,59,188,,,109,249,132,134,128,148,155,125,162,136,124,124,136,128,119,122,134,63,137,104,187,114,113,221,,189,,,b'\x11\xe8\xe1I\xe9\xa8P\xee\x9a\xbe\x12\xdf\x17\xaeN\x1e'
11E8E149-E9A8-50EE-9ABE-12DF17AE4E1E,2022-ncaa-d2-natl,ncaa,275,35,299,234,299,299,299,299,232,299,299,210,295,298,256,165,298,299,181,299,156,299,299,236,229,276,173,198,105,299,177,299,222,299,167,299,49,4,298,265,299,183,298,250,,,3,1,,,224,299,27,224,259,262,226,229,189,237,185,182,172,169,227,61,161,20,60,153,296,137,230,,4,,,278,3,3,3,159,3,3,236,5,5,65,291,3,3,2,3,26,3,3,179,106,175,102,266,5,5,222,3,177,3,167,3,158,299,256,259,7,299,6,252,,,299,277,,,224,3,281,200,275,268,285,299,261,223,285,300,9,45,39,293,282,283,187,246,264,192,298,249,,245,,,b'\x11\xe8\xe1I\xe9\xa8P\xee\x9a\xbe\x12\xdf\x17\xaeN\x1e'
11E8E149-E9A8-50EE-9ABE-12DF17AE4E1E,2023-ncaa-d2-conf-SAC,ncaa,10,11,9,11,9,10,10,9,12,10,9,12,6,7,6,5,11,13,3,13,13,9,9,11,9,11,3,2,10,12,12,8,10,7,11,6,2,11,10,8,7,8,5,4,,,3,4,,,11,9,2,6,10,9,7,11,9,6,7,11,13,13,9,6,12,3,7,3,10,6,5,,6,,,11,6,7,7,4,5,8,4,11,10,9,10,5,5,3,5,6,8,6,7,3,5,9,11,4,12,10,5,12,9,11,5,5,10,10,10,12,12,5,7,,,12,11,,,11,5,11,9,11,11,10,11,9,11,10,11,6,9,9,11,12,12,12,12,8,7,12,5,,12,,,b'\x11\xe8\xe1I\xe9\xa8P\xee\x9a\xbe\x12\xdf\x17\xaeN\x1e'
11E8E149-E9A8-50EE-9ABE-12DF17AE4E1E,2023-ncaa-d2-natl,ncaa,222,206,239,227,252,215,209,215,172,217,223,172,151,153,127,102,239,267,48,268,243,229,222,159,161,189,126,97,205,267,265,136,214,200,240,92,6,166,222,117,169,166,43,33,,,41,39,,,209,204,35,208,164,150,106,178,153,103,100,203,247,250,149,99,243,27,106,28,231,127,20,,106,,,206,95,106,144,87,89,136,81,173,169,166,175,96,104,72,99,120,139,127,105,96,121,194,221,116,231,214,159,265,193,240,79,92,188,193,143,266,288,160,213,,,247,239,,,209,93,222,157,204,220,216,277,180,243,235,237,155,174,173,275,266,272,273,277,151,131,281,206,,214,,,b'\x11\xe8\xe1I\xe9\xa8P\xee\x9a\xbe\x12\xdf\x17\xaeN\x1e'
11E8E149-E9A8-50EE-9ABE-12DF17AE4E1E,2024-ncaa-d2-conf-SAC,ncaa,11,11,9,11,13,9,10,10,8,10,11,6,7,5,6,5,5,8,2,9,4,11,9,7,6,8,3,5,3,11,11,10,11,10,10,6,2,13,13,8,8,7,7,5,,,2,4,,,12,9,2,12,7,10,10,10,11,6,5,4,6,6,10,7,10,8,10,4,13,6,6,,4,,,12,9,10,8,13,9,2,13,11,12,11,13,3,4,11,4,7,8,5,13,13,12,8,12,2,6,11,3,11,3,10,11,11,11,11,12,13,13,4,8,,,9,6,,,12,5,8,12,12,12,12,12,11,6,12,13,6,6,6,11,11,11,4,7,12,10,13,6,,6,,,b'\x11\xe8\xe1I\xe9\xa8P\xee\x9a\xbe\x12\xdf\x17\xaeN\x1e'
11E8E149-E9A8-50EE-9ABE-12DF17AE4E1E,2024-ncaa-d2-natl,ncaa,201,212,172,208,200,115,122,153,90,126,161,81,121,130,115,127,102,146,23,149,135,153,101,88,73,139,118,140,120,154,145,135,219,140,176,49,20,284,278,145,112,148,67,65,,,72,22,,,250,87,16,221,67,81,109,102,141,104,109,77,132,138,103,38,128,90,99,19,286,107,45,,84,,,245,277,282,254,271,267,184,282,280,270,247,247,125,112,190,121,87,242,226,283,272,277,157,235,34,245,219,128,145,188,176,292,222,153,209,268,298,297,202,212,,,167,226,,,250,213,151,280,237,293,294,293,283,233,289,285,135,127,130,284,280,261,159,221,290,136,297,219,,137,,,b'\x11\xe8\xe1I\xe9\xa8P\xee\x9a\xbe\x12\xdf\x17\xaeN\x1e'
11E8E149-E9A8-50EE-9ABE-12DF17AE4E1E,2025-ncaa-d2-conf-SAC,genius_ncaa,13,13,9,13,9,11,9,10,9,10,12,3,3,3,9,2,12,12,3,12,9,10,10,6,6,11,5,3,10,11,12,9,9,11,10,4,2,11,12,7,9,9,8,7,,,1,2,,2,12,9,7,2,8,7,8,10,12,3,3,12,12,12,9,8,11,7,10,3,11,9,8,,3,,2,12,12,12,11,13,11,8,13,12,11,13,11,2,2,5,2,2,7,4,13,13,13,5,12,2,9,9,5,12,5,10,13,11,13,13,13,13,12,2,3,,,12,10,,11,12,4,11,13,12,12,13,11,12,10,12,12,4,4,3,11,10,10,8,8,13,13,12,1,,9,,10,b'\x11\xe8\xe1I\xe9\xa8P\xee\x9a\xbe\x12\xdf\x17\xaeN\x1e'
11E8E149-E9A8-50EE-9ABE-12DF17AE4E1E,2025-ncaa-d2-natl,genius_ncaa,233,293,43,256,55,71,50,51,83,63,103,39,70,38,178,67,166,195,70,192,228,71,43,83,95,137,166,112,253,115,172,79,191,86,183,25,20,280,232,96,105,178,71,130,,,94,9,,29,241,40,77,93,102,71,102,86,192,93,70,222,248,242,137,88,153,138,157,23,236,156,101,,31,,20,226,297,300,287,286,295,270,284,285,272,253,217,119,138,77,139,45,281,267,284,271,278,75,200,14,262,191,247,172,265,183,297,224,142,237,278,294,274,138,123,,,144,251,,201,241,260,149,282,231,285,291,277,288,231,258,246,71,80,78,262,221,209,166,178,285,210,273,101,,228,,232,b'\x11\xe8\xe1I\xe9\xa8P\xee\x9a\xbe\x12\xdf\x17\xaeN\x1e'
11E8E149-E9A8-50EE-9ABE-12DF17AE4E1E,2026-ncaa-d2-conf-SAC,genius_ncaa,6,8,1,8,1,3,3,1,5,3,2,9,2,5,3,6,3,5,2,5,6,1,1,4,4,5,2,3,5,4,11,1,6,2,8,1,4,8,7,5,8,11,1,3,,,7,7,,6,9,1,2,1,3,5,2,5,4,2,5,3,5,5,2,2,5,1,3,1,8,9,1,,7,,6,9,10,11,11,9,11,12,7,7,9,4,6,8,8,8,8,6,12,12,6,7,10,4,3,8,10,6,12,11,11,8,12,9,10,11,12,4,1,11,10,,,8,10,,9,9,11,6,9,9,10,11,11,11,12,6,7,8,8,8,12,12,10,11,11,12,10,3,11,,8,,10,b'\x11\xe8\xe1I\xe9\xa8P\xee\x9a\xbe\x12\xdf\x17\xaeN\x1e'
11E8E149-E9A8-50EE-9ABE-12DF17AE4E1E,2026-ncaa-d2-natl,genius_ncaa,157,196,59,188,61,74,66,66,116,82,87,107,66,59,130,100,117,143,83,139,190,74,56,114,122,160,151,115,212,126,222,13,97,38,140,36,41,268,220,136,122,201,7,10,,,170,49,,105,183,43,42,10,83,73,55,108,124,88,78,147,187,179,71,42,179,7,33,40,250,168,7,,100,,87,179,244,237,266,105,213,238,99,246,258,168,192,232,221,206,218,133,266,250,124,136,154,210,202,159,245,97,258,222,253,140,238,183,112,212,210,240,185,244,240,,,164,274,,57,183,246,169,157,183,245,218,276,173,229,240,252,210,188,183,281,262,212,265,250,222,157,216,236,,237,,77,b'\x11\xe8\xe1I\xe9\xa8P\xee\x9a\xbe\x12\xdf\x17\xaeN\x1e'
11E8E149-E9AC-AC8E-9ABE-12DF17AE4E1E,2018-ncaa-d3-conf-CCC,ncaa,3,3,3,3,4,3,1,3,1,1,3,1,5,6,1,8,9,8,4,8,10,3,7,1,1,1,9,7,10,8,8,4,8,7,7,2,5,1,2,1,4,4,2,2,,,5,5,,,3,3,7,5,2,1,3,1,2,4,8,10,10,10,3,9,9,5,8,2,1,3,2,,4,,,3,5,4,6,2,6,8,3,1,2,2,2,10,10,5,9,7,8,8,2,2,4,4,1,10,8,8,6,8,6,7,3,3,4,5,4,1,2,2,2,,,7,7,,,3,8,1,4,3,4,4,5,6,6,1,2,9,8,8,6,7,8,5,6,3,3,1,2,,9,,,b'\x11\xe8\xe1I\xe9\xac\xac\x8e\x9a\xbe\x12\xdf\x17\xaeN\x1e'
11E8E149-E9AC-AC8E-9ABE-12DF17AE4E1E,2018-ncaa-d3-natl,ncaa,114,138,68,134,89,162,128,145,122,127,131,137,164,200,117,226,311,369,76,365,412,172,249,126,144,100,307,199,394,333,372,149,288,244,323,110,156,59,56,46,186,218,11,11,,,261,219,,,138,194,379,200,222,156,232,149,209,203,259,367,415,416,314,410,402,245,368,135,24,236,12,,170,,,142,154,118,270,46,143,299,34,180,192,153,155,322,311,276,323,275,290,291,50,62,84,287,190,366,358,288,291,372,328,323,101,125,177,224,123,15,7,181,131,,,218,211,,,138,254,154,137,137,82,67,140,86,204,120,132,251,242,250,145,115,292,196,227,66,262,4,125,,342,,,b'\x11\xe8\xe1I\xe9\xac\xac\x8e\x9a\xbe\x12\xdf\x17\xaeN\x1e'
11E8E149-E9AC-AC8E-9ABE-12DF17AE4E1E,2019-ncaa-d3-conf-CCC,ncaa,1,1,2,1,4,2,1,4,1,1,2,1,2,4,2,6,5,5,2,5,6,4,4,1,1,2,7,4,6,6,5,2,2,2,3,3,7,2,3,2,4,5,1,1,,,2,2,,,3,4,5,7,2,1,5,1,2,2,6,5,5,5,4,7,7,2,4,2,2,4,1,,2,,,3,4,6,7,2,7,9,3,4,4,3,3,5,4,9,4,3,6,6,3,3,5,3,4,6,5,2,3,5,4,3,3,2,4,6,4,2,3,2,2,,,5,5,,,3,6,2,4,3,3,4,7,4,7,2,3,4,3,3,6,4,4,2,2,2,4,3,2,,6,,,b'\x11\xe8\xe1I\xe9\xac\xac\x8e\x9a\xbe\x12\xdf\x17\xaeN\x1e'
11E8E149-E9AC-AC8E-9ABE-12DF17AE4E1E,2019-ncaa-d3-natl,ncaa,101,104,67,108,111,182,188,140,265,178,118,280,211,215,220,274,172,206,107,213,289,142,183,276,261,201,238,246,185,248,329,37,140,91,198,249,340,102,70,180,305,347,11,11,,,182,127,,,151,157,312,280,266,261,231,230,184,264,276,222,263,270,240,346,319,44,129,323,48,356,11,,104,,,155,145,113,346,18,113,332,12,213,290,101,227,285,254,326,248,176,353,298,22,28,74,330,258,327,306,140,362,329,349,198,102,144,269,331,176,29,13,191,130,,,153,160,,,151,287,226,87,151,76,57,246,64,242,159,220,217,185,178,226,151,245,274,270,73,352,14,150,,230,,,b'\x11\xe8\xe1I\xe9\xac\xac\x8e\x9a\xbe\x12\xdf\x17\xaeN\x1e'
11E8E149-E9AC-AC8E-9ABE-12DF17AE4E1E,2020-ncaa-d3-conf-CCC,ncaa,1,2,1,2,1,1,1,1,1,1,1,2,7,8,3,9,2,2,1,2,9,1,1,1,1,1,9,9,9,3,5,1,3,1,3,2,6,4,1,3,1,3,1,2,,,9,7,,,1,1,1,2,1,1,1,1,1,9,9,3,7,7,1,1,5,1,1,3,2,1,1,,7,,,1,5,5,9,1,4,9,1,5,5,8,2,9,9,2,9,6,9,9,2,2,2,9,7,9,5,3,8,5,6,3,4,3,1,4,4,2,1,3,2,,,2,7,,,1,9,1,2,1,4,4,6,3,8,4,3,6,7,7,7,7,4,6,5,4,1,1,3,,4,,,b'\x11\xe8\xe1I\xe9\xac\xac\x8e\x9a\xbe\x12\xdf\x17\xaeN\x1e'
11E8E149-E9AC-AC8E-9ABE-12DF17AE4E1E,2020-ncaa-d3-natl,ncaa,79,163,2,135,3,15,6,4,95,2,3,114,255,257,235,397,109,137,123,136,416,6,8,155,170,131,422,397,361,94,290,2,71,7,147,27,258,288,77,71,102,246,26,84,,,420,218,,,82,5,81,102,81,33,41,10,12,344,362,245,305,301,55,107,227,11,54,97,118,216,47,,285,,,96,409,380,435,60,378,433,51,284,329,150,94,399,418,79,418,233,435,433,47,46,69,216,153,310,363,71,429,290,429,147,261,114,55,239,119,216,59,197,37,,,28,262,,,82,434,160,62,102,162,154,301,176,353,132,147,273,320,324,315,318,214,321,280,118,179,89,102,,189,,,b'\x11\xe8\xe1I\xe9\xac\xac\x8e\x9a\xbe\x12\xdf\x17\xaeN\x1e'
11E8E149-E9AC-AC8E-9ABE-12DF17AE4E1E,2021-ncaa-d3-conf-CCC,ncaa,4,4,3,5,4,4,4,3,5,4,4,5,4,2,6,2,4,4,4,4,5,4,3,5,5,5,4,4,5,1,2,4,3,2,2,1,1,4,4,3,5,6,2,3,,,2,1,,,4,4,3,6,5,4,1,4,3,4,2,5,5,5,2,1,1,2,1,2,4,6,2,,1,,,4,4,4,4,3,4,5,2,3,2,6,1,3,2,4,2,1,4,4,3,2,2,1,2,2,2,3,4,2,3,2,2,1,4,6,2,5,5,3,3,,,3,4,,,4,4,5,2,4,3,4,4,5,6,1,1,3,3,3,4,4,3,3,3,1,6,5,4,,1,,,b'\x11\xe8\xe1I\xe9\xac\xac\x8e\x9a\xbe\x12\xdf\x17\xaeN\x1e'
11E8E149-E9AC-AC8E-9ABE-12DF17AE4E1E,2021-ncaa-d3-natl,ncaa,148,149,176,178,192,185,180,166,249,182,173,235,146,119,223,59,202,207,103,207,261,172,180,244,245,235,129,74,240,102,55,148,50,131,49,144,21,105,130,102,199,231,153,172,,,78,30,,,145,187,172,280,214,191,44,205,121,120,47,247,262,262,74,81,22,20,13,85,141,236,139,,26,,,144,97,100,113,57,108,141,28,93,77,235,20,79,76,203,75,18,106,100,52,43,75,65,114,63,101,50,120,55,109,49,62,5,196,204,60,118,167,103,118,,,182,192,,,145,100,209,71,148,69,110,189,132,260,79,26,43,36,36,146,95,101,197,160,15,220,173,129,,165,,,b'\x11\xe8\xe1I\xe9\xac\xac\x8e\x9a\xbe\x12\xdf\x17\xaeN\x1e'
11E8E149-E9AC-AC8E-9ABE-12DF17AE4E1E,2022-ncaa-d3-conf-CCC,ncaa,3,3,1,3,2,4,2,3,6,2,1,6,10,10,9,10,3,3,5,4,10,3,2,7,7,5,9,10,7,2,4,2,4,2,4,3,5,3,2,3,5,5,3,3,,,9,9,,,5,2,7,6,6,4,3,3,1,10,10,4,3,4,3,2,2,3,2,5,2,5,3,,8,,,5,6,5,6,4,5,8,4,1,1,4,1,9,9,5,9,7,8,9,4,4,4,4,1,8,5,4,7,4,7,4,5,2,5,6,4,4,4,4,2,,,3,6,,,5,9,5,4,5,4,4,4,5,7,1,1,8,8,8,4,4,3,6,5,4,5,3,4,,5,,,b'\x11\xe8\xe1I\xe9\xac\xac\x8e\x9a\xbe\x12\xdf\x17\xaeN\x1e'
11E8E149-E9AC-AC8E-9ABE-12DF17AE4E1E,2022-ncaa-d3-natl,ncaa,96,182,13,148,16,64,33,10,235,14,2,237,324,240,386,387,148,109,286,110,402,10,15,289,311,224,417,404,324,8,74,15,114,9,104,37,122,163,17,36,160,276,15,41,,,370,200,,,161,23,185,107,160,86,20,29,10,386,356,275,251,250,29,92,25,57,26,75,43,264,22,,201,,,171,379,377,412,144,398,423,111,159,204,131,39,378,384,187,380,179,417,409,104,113,156,99,46,287,338,114,413,74,400,104,268,97,115,281,176,143,25,369,128,,,78,320,,,161,412,184,140,169,174,189,259,258,351,49,53,268,276,273,260,225,179,314,265,124,257,46,285,,258,,,b'\x11\xe8\xe1I\xe9\xac\xac\x8e\x9a\xbe\x12\xdf\x17\xaeN\x1e'
11E8E149-E9AC-AC8E-9ABE-12DF17AE4E1E,2023-ncaa-d3-conf-CCC,ncaa,4,6,1,6,1,4,5,2,7,3,2,10,6,5,7,9,3,2,5,2,6,2,2,10,9,8,6,7,3,3,7,4,7,5,7,5,6,5,5,5,6,6,3,4,,,6,3,,,7,2,5,5,8,8,3,7,2,8,8,5,4,5,3,5,6,6,6,6,5,6,3,,4,,,7,9,9,9,7,9,9,7,2,5,2,2,5,6,8,5,2,9,9,7,6,7,1,2,3,9,7,9,7,9,7,6,2,5,6,4,7,6,3,2,,,2,3,,,7,9,7,7,7,7,8,8,9,9,2,3,4,4,4,7,6,7,8,8,4,6,6,3,,4,,,b'\x11\xe8\xe1I\xe9\xac\xac\x8e\x9a\xbe\x12\xdf\x17\xaeN\x1e'
11E8E149-E9AC-AC8E-9ABE-12DF17AE4E1E,2023-ncaa-d3-natl,ncaa,188,269,33,230,52,138,116,51,270,77,24,305,284,259,293,354,144,119,256,113,344,51,37,312,310,289,354,352,197,95,243,66,277,68,280,96,152,326,190,202,208,320,52,137,,,317,133,,,309,31,140,220,243,201,110,126,53,345,336,222,220,209,120,127,164,174,172,165,231,290,73,,194,,,298,418,420,419,297,423,425,280,95,135,85,23,286,265,327,270,52,419,402,229,215,283,8,15,120,374,277,416,243,408,280,348,95,179,343,302,317,210,245,95,,,61,211,,,309,399,281,298,296,312,357,363,393,407,42,59,201,162,163,344,291,287,334,328,252,297,237,170,,155,,,b'\x11\xe8\xe1I\xe9\xac\xac\x8e\x9a\xbe\x12\xdf\x17\xaeN\x1e'
11E8E149-E9AC-AC8E-9ABE-12DF17AE4E1E,2024-ncaa-d3-conf-CCC,ncaa,5,5,7,5,7,4,4,6,1,1,5,1,9,8,9,9,9,9,5,9,10,7,8,1,1,1,10,10,10,8,7,5,3,6,5,3,5,2,4,3,8,7,6,6,,,3,4,,,5,7,3,1,2,2,2,1,2,8,8,9,9,9,3,3,8,1,4,1,4,7,6,,6,,,4,5,5,5,5,6,7,5,3,2,5,2,2,2,4,2,3,5,4,5,5,5,3,3,4,2,3,3,7,2,5,5,5,9,7,7,3,4,4,4,,,9,9,,,5,4,4,4,4,6,6,7,7,9,4,2,6,6,5,7,7,3,7,4,5,6,4,6,,10,,,b'\x11\xe8\xe1I\xe9\xac\xac\x8e\x9a\xbe\x12\xdf\x17\xaeN\x1e'
11E8E149-E9AC-AC8E-9ABE-12DF17AE4E1E,2024-ncaa-d3-natl,ncaa,162,162,200,166,209,105,46,113,18,17,57,20,312,313,285,360,300,302,239,301,401,129,136,53,71,91,422,373,405,254,249,78,155,142,155,34,61,238,198,57,244,293,163,244,,,197,129,,,135,106,64,54,43,13,50,7,33,317,319,316,317,317,78,82,254,23,88,7,248,239,167,,215,,,133,272,322,332,229,362,398,191,62,74,119,20,190,197,175,197,80,322,311,160,142,164,27,28,145,257,155,205,249,231,155,306,246,182,248,259,146,126,258,134,,,243,328,,,135,317,120,166,138,290,333,361,373,401,63,62,208,210,209,363,352,264,217,250,300,165,168,273,,248,,,b'\x11\xe8\xe1I\xe9\xac\xac\x8e\x9a\xbe\x12\xdf\x17\xaeN\x1e'
11E8E149-E9AC-AC8E-9ABE-12DF17AE4E1E,2025-ncaa-d3-conf-CNE,genius_ncaa,1,1,1,1,2,1,1,3,1,1,3,1,7,6,6,8,5,5,3,6,10,4,5,2,2,1,10,9,9,6,5,1,2,3,4,2,7,1,1,1,2,2,2,2,,,4,2,,6,2,5,9,2,2,2,4,1,4,8,7,8,8,9,5,9,6,2,5,2,1,2,2,,3,,6,2,2,3,6,1,4,10,1,2,1,5,1,3,2,8,2,1,4,5,1,1,2,2,2,5,2,2,7,5,5,4,2,2,5,5,2,1,1,7,6,,,6,8,,3,2,6,2,2,2,2,2,3,3,7,2,1,2,2,2,3,2,2,4,4,2,6,1,6,,9,,3,b'\x11\xe8\xe1I\xe9\xac\xac\x8e\x9a\xbe\x12\xdf\x17\xaeN\x1e'
11E8E149-E9AC-AC8E-9ABE-12DF17AE4E1E,2025-ncaa-d3-natl,genius_ncaa,37,44,36,44,42,73,52,75,50,38,58,67,194,225,133,306,127,135,188,147,287,80,127,74,88,53,352,305,298,163,238,60,89,92,140,69,199,58,26,25,164,198,50,97,,,175,125,,107,73,114,331,194,112,73,164,48,111,247,306,215,223,236,181,328,264,130,182,95,13,242,82,,71,,86,74,223,245,315,128,291,388,55,123,54,335,23,226,159,393,172,72,296,296,105,110,139,108,105,209,202,89,317,238,279,140,77,31,158,208,101,26,20,258,144,,,115,155,,84,73,310,64,126,70,81,102,120,157,291,66,13,138,86,93,102,77,104,165,130,40,275,12,188,,232,,115,b'\x11\xe8\xe1I\xe9\xac\xac\x8e\x9a\xbe\x12\xdf\x17\xaeN\x1e'
11E8E149-E9AC-AC8E-9ABE-12DF17AE4E1E,2026-ncaa-d3-conf-CNE,genius_ncaa,2,1,7,1,7,8,5,8,3,3,10,1,10,6,10,4,10,10,2,9,8,8,10,5,5,4,11,10,9,7,2,9,4,9,4,3,4,2,2,2,8,5,9,9,,,1,2,,2,3,11,11,1,5,2,3,1,6,10,4,7,8,7,5,8,3,5,5,2,2,6,8,,2,,2,2,2,3,3,5,3,5,4,2,2,4,4,1,1,3,1,2,3,1,4,2,3,3,5,3,3,4,2,2,4,4,3,2,10,6,5,1,3,1,3,,,8,5,,4,3,1,1,2,2,2,4,4,5,8,3,3,1,2,2,4,1,4,2,4,3,8,1,2,,5,,2,b'\x11\xe8\xe1I\xe9\xac\xac\x8e\x9a\xbe\x12\xdf\x17\xaeN\x1e'
11E8E149-E9AC-AC8E-9ABE-12DF17AE4E1E,2026-ncaa-d3-natl,genius_ncaa,98,268,8,194,10,36,18,34,100,17,54,50,89,47,253,142,249,263,231,245,391,48,71,117,150,104,342,215,402,206,365,21,57,63,203,56,307,189,45,63,222,325,158,273,,,246,91,,75,189,54,379,77,222,128,215,116,243,216,178,394,402,402,301,390,367,133,269,211,19,364,275,,43,,45,198,364,382,387,290,381,388,259,340,344,280,204,179,168,198,155,21,371,342,277,243,307,90,231,30,228,57,378,365,344,203,302,52,217,358,299,160,59,290,200,,,80,184,,12,189,362,145,268,197,173,248,186,259,227,217,150,22,22,20,137,42,68,225,133,134,392,40,172,,298,,43,b'\x11\xe8\xe1I\xe9\xac\xac\x8e\x9a\xbe\x12\xdf\x17\xaeN\x1e'
11E8E149-E9B2-1F8E-9ABE-12DF17AE4E1E,2018-ncaa-d3-conf-SLIAC,ncaa,3,2,3,3,3,1,3,3,2,4,6,3,1,2,2,3,3,3,2,2,1,3,3,2,2,2,2,2,4,5,7,1,6,2,4,1,1,4,3,2,2,4,2,3,,,2,1,,,3,2,1,5,1,2,2,4,6,1,1,2,2,2,2,3,6,1,2,1,5,3,3,,3,,,3,6,6,9,1,6,8,1,7,9,1,8,4,4,6,5,3,9,9,1,1,3,4,4,5,9,6,9,7,9,4,6,4,4,5,5,5,4,4,4,,,3,2,,,3,8,2,3,3,7,6,9,6,8,6,9,6,6,6,9,9,9,8,9,4,4,5,4,,2,,,b'\x11\xe8\xe1I\xe9\xb2\x1f\x8e\x9a\xbe\x12\xdf\x17\xaeN\x1e'
11E8E149-E9B2-1F8E-9ABE-12DF17AE4E1E,2018-ncaa-d3-natl,ncaa,114,88,197,98,246,34,56,99,45,136,231,47,18,34,31,76,45,71,46,71,55,87,97,26,21,20,58,69,191,212,244,43,267,91,202,19,17,213,124,30,112,160,109,138,,,161,43,,,89,79,23,212,5,15,38,92,214,9,28,23,49,49,38,45,212,9,42,3,223,97,101,,164,,,79,376,379,429,129,317,343,184,405,434,105,405,232,204,294,206,128,423,386,145,127,207,297,365,118,405,267,257,244,351,202,358,240,198,343,302,277,216,206,199,,,81,134,,,89,364,29,238,101,375,363,431,313,349,409,439,229,210,210,429,424,396,279,351,337,198,288,210,,33,,,b'\x11\xe8\xe1I\xe9\xb2\x1f\x8e\x9a\xbe\x12\xdf\x17\xaeN\x1e'
11E8E149-E9B2-1F8E-9ABE-12DF17AE4E1E,2019-ncaa-d3-conf-SLIAC,ncaa,5,5,5,5,7,5,5,5,6,6,6,6,5,5,6,4,3,3,5,3,2,5,6,6,6,6,4,4,2,4,5,7,5,5,5,5,5,3,4,6,6,6,7,7,,,9,10,,,6,6,4,10,5,6,4,6,6,5,5,1,1,1,4,4,4,6,4,6,4,6,7,,9,,,6,6,4,3,5,2,2,5,6,5,7,5,9,9,10,9,9,4,4,5,8,5,10,6,9,3,5,9,5,8,5,3,4,5,5,5,2,3,2,1,,,2,1,,,6,4,5,6,6,6,4,5,4,2,6,5,10,9,9,6,4,5,9,6,5,5,3,1,,1,,,b'\x11\xe8\xe1I\xe9\xb2\x1f\x8e\x9a\xbe\x12\xdf\x17\xaeN\x1e'
11E8E149-E9B2-1F8E-9ABE-12DF17AE4E1E,2019-ncaa-d3-natl,ncaa,206,162,365,185,385,204,251,266,239,273,318,203,145,126,224,107,102,129,118,122,55,236,274,208,176,155,81,157,84,232,232,345,133,320,245,159,57,118,154,120,192,146,304,249,,,247,348,,,208,280,41,411,64,142,62,201,218,95,65,25,39,36,52,51,131,254,189,74,237,121,266,,381,,,208,223,141,66,329,125,62,336,268,215,338,302,396,328,441,324,408,87,104,349,406,362,386,260,403,42,133,227,232,133,245,219,288,189,131,193,105,133,21,40,,,182,123,,,208,153,157,308,210,373,287,211,242,140,350,319,436,402,400,275,332,110,364,286,303,100,194,36,,35,,,b'\x11\xe8\xe1I\xe9\xb2\x1f\x8e\x9a\xbe\x12\xdf\x17\xaeN\x1e'
11E8E149-E9B2-1F8E-9ABE-12DF17AE4E1E,2020-ncaa-d3-conf-SLIAC,ncaa,6,6,5,6,8,6,6,5,7,5,4,7,6,6,7,6,2,3,2,3,4,5,4,7,7,6,5,7,2,6,8,3,5,4,8,6,7,2,3,6,3,4,8,8,,,2,2,,,6,3,1,7,5,6,3,5,2,6,6,1,2,2,2,2,6,2,2,6,3,3,8,,2,,,6,4,6,5,4,3,2,6,8,9,5,10,1,2,2,2,3,4,8,6,3,4,6,9,3,6,5,9,8,9,8,5,5,3,4,3,3,2,3,4,,,4,3,,,6,7,6,5,6,6,6,7,3,3,8,9,1,2,2,6,9,7,9,9,6,2,3,4,,3,,,b'\x11\xe8\xe1I\xe9\xb2\x1f\x8e\x9a\xbe\x12\xdf\x17\xaeN\x1e'
11E8E149-E9B2-1F8E-9ABE-12DF17AE4E1E,2020-ncaa-d3-natl,ncaa,237,198,372,231,373,178,238,258,215,264,327,167,143,122,215,125,31,70,15,70,21,209,241,183,121,126,66,181,19,303,295,274,237,298,283,246,255,156,170,227,70,55,402,394,,,29,23,,,149,212,26,50,34,112,68,175,209,95,61,4,14,14,31,39,206,113,167,160,270,32,401,,48,,,136,175,220,166,278,109,59,316,400,398,309,423,35,30,205,29,88,101,182,324,292,195,340,412,33,189,237,214,295,199,283,284,299,82,58,157,235,249,141,203,,,159,119,,,149,204,159,186,161,322,336,349,234,145,426,427,63,56,53,310,397,285,352,326,348,31,314,202,,29,,,b'\x11\xe8\xe1I\xe9\xb2\x1f\x8e\x9a\xbe\x12\xdf\x17\xaeN\x1e'
11E8E149-E9B2-1F8E-9ABE-12DF17AE4E1E,2021-ncaa-d3-conf-SLIAC,ncaa,4,5,1,4,1,1,1,1,5,3,3,7,1,2,3,4,4,3,4,3,5,1,1,4,4,4,3,3,5,1,3,1,2,1,3,2,3,7,4,4,2,2,3,4,,,8,7,,,3,1,3,4,3,3,2,5,4,2,3,5,4,4,3,2,3,4,2,3,6,2,4,,7,,,3,6,6,7,5,6,7,5,3,3,3,1,8,8,8,8,6,7,8,4,7,5,3,1,8,4,2,6,3,6,3,3,1,2,2,2,7,3,6,4,,,4,8,,,3,8,4,3,3,4,4,2,5,5,1,1,7,6,6,2,4,2,5,3,1,2,6,3,,8,,,b'\x11\xe8\xe1I\xe9\xb2\x1f\x8e\x9a\xbe\x12\xdf\x17\xaeN\x1e'
11E8E149-E9B2-1F8E-9ABE-12DF17AE4E1E,2021-ncaa-d3-natl,ncaa,63,214,32,125,34,27,22,24,66,26,27,73,22,32,66,110,52,45,143,45,181,26,23,60,67,84,142,85,224,21,59,46,86,36,84,24,96,256,143,92,33,88,110,201,,,255,178,,,75,26,34,61,35,28,29,50,78,46,65,143,140,137,34,27,51,149,80,35,195,72,196,,210,,,102,262,262,251,232,267,255,230,208,218,166,57,263,257,215,257,179,253,256,215,229,197,86,49,191,219,86,241,59,237,84,231,52,29,85,69,252,146,178,54,,,68,263,,,75,260,72,168,107,215,204,154,234,201,90,78,228,213,214,168,211,74,117,97,123,63,179,67,,215,,,b'\x11\xe8\xe1I\xe9\xb2\x1f\x8e\x9a\xbe\x12\xdf\x17\xaeN\x1e'
11E8E149-E9B2-1F8E-9ABE-12DF17AE4E1E,2022-ncaa-d3-conf-SLIAC,ncaa,5,4,5,5,5,5,5,4,5,4,3,5,7,7,7,6,3,4,6,4,6,4,3,5,5,5,6,7,4,4,4,6,3,3,3,6,8,6,5,6,8,8,2,2,,,8,8,,,5,6,5,1,5,5,3,3,2,7,7,3,4,4,4,4,4,4,3,6,6,8,2,,8,,,5,2,2,2,6,5,5,6,1,1,3,1,8,8,6,8,8,4,2,5,5,4,2,1,8,2,3,3,4,3,3,1,1,6,5,3,7,6,6,4,,,6,6,,,5,3,5,3,5,4,3,3,5,7,1,1,8,8,8,6,2,3,5,5,3,6,7,7,,6,,,b'\x11\xe8\xe1I\xe9\xb2\x1f\x8e\x9a\xbe\x12\xdf\x17\xaeN\x1e'
11E8E149-E9B2-1F8E-9ABE-12DF17AE4E1E,2022-ncaa-d3-natl,ncaa,210,257,107,241,139,134,146,107,229,109,78,203,274,219,329,311,62,24,321,26,119,84,42,256,246,281,297,342,90,101,196,145,320,130,273,254,398,411,329,361,195,304,184,265,,,419,369,,,341,36,24,182,154,165,119,107,86,318,268,74,41,44,76,28,135,198,160,304,376,232,202,,417,,,328,415,404,369,353,410,403,338,197,172,266,40,422,421,287,421,354,402,400,328,356,337,138,34,366,371,320,342,196,365,273,324,87,95,227,193,416,375,263,166,,,51,173,,,341,391,283,337,322,387,371,352,386,389,149,110,415,415,416,389,395,336,305,323,270,125,398,227,,60,,,b'\x11\xe8\xe1I\xe9\xb2\x1f\x8e\x9a\xbe\x12\xdf\x17\xaeN\x1e'
11E8E149-E9B2-1F8E-9ABE-12DF17AE4E1E,2023-ncaa-d3-conf-SLIAC,ncaa,6,6,4,6,4,5,5,6,4,5,5,4,5,6,5,5,5,3,6,3,3,6,5,4,4,5,6,6,4,6,6,6,2,6,6,5,6,4,6,5,4,4,8,6,,,7,7,,,6,4,3,3,5,4,7,4,5,5,7,3,3,3,5,6,6,5,5,5,6,4,8,,7,,,6,5,4,1,6,4,4,4,3,2,7,2,7,7,6,7,7,2,3,6,8,6,6,3,7,2,2,4,6,2,6,3,3,5,3,3,5,6,6,5,,,4,3,,,6,5,5,6,6,6,3,2,3,4,4,1,8,8,8,3,3,2,5,3,3,3,6,6,,3,,,b'\x11\xe8\xe1I\xe9\xb2\x1f\x8e\x9a\xbe\x12\xdf\x17\xaeN\x1e'
11E8E149-E9B2-1F8E-9ABE-12DF17AE4E1E,2023-ncaa-d3-natl,ncaa,289,345,109,321,144,107,136,163,115,125,165,83,190,173,274,246,25,12,234,10,25,112,67,138,113,168,203,303,39,210,264,244,214,223,284,193,282,378,304,293,67,105,345,383,,,412,394,,,308,46,33,194,100,143,192,116,212,221,206,18,10,9,116,67,232,325,299,219,339,79,376,,405,,,300,424,402,256,423,408,348,408,221,95,417,40,422,420,300,420,409,341,374,421,426,397,182,53,390,201,214,322,264,287,284,333,122,56,87,160,401,359,192,170,,,25,28,,,308,388,197,366,288,398,368,193,385,293,195,62,421,420,419,294,348,167,276,229,289,58,375,160,,9,,,b'\x11\xe8\xe1I\xe9\xb2\x1f\x8e\x9a\xbe\x12\xdf\x17\xaeN\x1e'
11E8E149-E9B2-1F8E-9ABE-12DF17AE4E1E,2024-ncaa-d3-conf-SLIAC,ncaa,9,9,7,9,7,9,9,8,10,7,7,10,8,4,9,3,9,8,8,8,5,9,9,10,10,9,3,4,3,8,8,5,5,6,7,10,9,9,9,9,7,7,2,4,,,5,7,,,9,9,3,4,9,9,8,7,7,8,4,9,8,8,9,5,6,4,5,10,9,7,2,,7,,,9,6,6,5,6,7,7,6,1,1,1,2,6,5,10,5,3,5,2,6,6,7,1,1,6,4,5,8,8,7,7,8,7,8,7,8,8,8,1,3,,,8,6,,,9,2,9,7,9,7,7,7,8,8,1,3,8,8,8,7,8,7,8,8,8,8,9,1,,6,,,b'\x11\xe8\xe1I\xe9\xb2\x1f\x8e\x9a\xbe\x12\xdf\x17\xaeN\x1e'
11E8E149-E9B2-1F8E-9ABE-12DF17AE4E1E,2024-ncaa-d3-natl,ncaa,353,375,200,357,225,321,343,285,377,325,292,347,300,192,391,182,147,83,373,84,37,252,118,376,368,385,135,256,43,219,292,148,232,174,273,385,402,421,405,409,184,259,132,191,,,331,259,,,398,97,29,100,354,371,308,351,309,303,195,128,62,62,247,58,216,94,135,403,412,172,122,,356,,,389,393,391,358,354,402,369,376,156,223,90,121,367,375,220,376,269,378,345,319,317,349,61,42,247,284,232,349,292,334,273,379,271,229,316,351,405,381,35,53,,,76,97,,,398,348,388,337,380,387,381,379,398,386,166,246,377,381,384,390,383,288,350,340,363,220,394,24,,38,,,b'\x11\xe8\xe1I\xe9\xb2\x1f\x8e\x9a\xbe\x12\xdf\x17\xaeN\x1e'
11E8E149-E9B2-1F8E-9ABE-12DF17AE4E1E,2025-ncaa-d3-conf-SLIAC,genius_ncaa,4,4,2,4,2,3,2,2,2,1,1,2,8,7,6,8,7,6,7,6,10,3,3,3,3,3,10,9,10,2,1,5,3,4,3,3,4,6,4,3,1,1,6,7,,,10,10,,9,3,3,4,1,4,2,3,1,1,7,7,7,8,8,5,4,2,7,6,3,5,1,7,,10,,8,3,5,4,3,4,5,4,4,3,2,3,1,10,10,10,10,10,5,7,4,6,4,7,1,10,3,3,5,1,4,3,4,3,2,2,2,4,3,4,1,,,6,10,,10,3,8,3,3,3,5,2,1,3,3,2,1,10,10,10,3,6,1,2,1,3,2,3,2,,8,,10,b'\x11\xe8\xe1I\xe9\xb2\x1f\x8e\x9a\xbe\x12\xdf\x17\xaeN\x1e'
11E8E149-E9B2-1F8E-9ABE-12DF17AE4E1E,2025-ncaa-d3-natl,genius_ncaa,121,155,55,149,97,31,19,13,102,8,6,118,242,218,270,361,136,104,297,110,376,13,7,156,189,191,398,367,350,10,31,77,157,26,76,38,190,383,201,163,4,6,135,166,,,417,403,,395,65,9,9,258,26,11,11,5,4,286,273,182,139,148,11,7,15,112,24,26,333,4,172,,415,,389,65,336,179,247,123,253,281,159,81,173,46,74,417,417,178,417,418,357,407,95,181,48,318,37,419,252,157,354,31,336,76,209,217,8,11,15,311,131,267,59,,,121,375,,327,65,411,149,41,77,221,101,122,166,173,54,101,414,417,417,251,390,185,271,248,140,6,255,226,,182,,347,b'\x11\xe8\xe1I\xe9\xb2\x1f\x8e\x9a\xbe\x12\xdf\x17\xaeN\x1e'
11E8E149-E9B2-1F8E-9ABE-12DF17AE4E1E,2026-ncaa-d3-conf-SLIAC,genius_ncaa,8,6,7,8,7,9,9,8,6,8,8,4,8,4,7,2,9,9,7,9,5,9,9,6,7,5,6,5,8,9,7,9,7,9,8,7,3,2,3,3,8,4,7,7,,,2,9,,4,7,9,7,3,6,4,5,3,7,5,2,7,7,7,5,8,7,9,9,5,2,4,6,,7,,6,8,3,3,3,9,5,3,9,2,1,9,1,1,2,4,2,5,3,1,9,9,9,1,1,2,2,7,2,7,2,8,6,8,9,4,9,2,3,1,1,,,9,7,,8,7,1,4,8,8,8,8,3,9,7,2,1,2,5,5,3,3,3,7,5,9,6,2,1,,8,,8,b'\x11\xe8\xe1I\xe9\xb2\x1f\x8e\x9a\xbe\x12\xdf\x17\xaeN\x1e'
11E8E149-E9B2-1F8E-9ABE-12DF17AE4E1E,2026-ncaa-d3-natl,genius_ncaa,390,366,215,390,317,345,338,246,380,364,347,324,170,70,355,7,386,377,328,382,369,287,273,359,382,367,110,32,384,319,372,385,408,376,412,313,176,223,281,309,194,164,364,380,,,230,304,,306,397,258,154,376,366,345,148,378,366,136,23,405,403,405,251,188,304,414,409,298,274,133,365,,336,,342,403,333,362,182,413,386,249,413,142,84,326,38,243,221,273,230,208,191,173,413,411,410,17,35,108,279,408,276,372,284,412,396,381,280,280,398,249,295,24,36,,,354,397,,381,397,145,378,410,406,405,407,299,412,356,176,76,310,299,315,313,284,342,378,374,410,248,292,13,,391,,389,b'\x11\xe8\xe1I\xe9\xb2\x1f\x8e\x9a\xbe\x12\xdf\x17\xaeN\x1e'
11E8E149-E9B6-BFDA-9ABE-12DF17AE4E1E,2018-ncaa-d3-conf-MAC Freedom,ncaa,1,1,1,1,2,1,1,1,4,1,1,4,1,1,2,5,1,1,1,1,4,1,1,1,1,1,2,2,3,2,3,4,7,2,4,2,6,4,1,2,1,1,3,5,,,5,2,,,1,1,1,5,1,1,1,2,1,1,2,1,3,3,1,1,2,5,3,3,2,1,3,,2,,,1,7,7,8,5,7,8,5,3,1,6,1,1,1,2,1,1,7,8,5,5,3,1,1,1,7,7,7,3,8,4,6,5,1,1,2,1,1,7,3,,,1,8,,,1,8,1,4,1,5,6,7,7,7,1,1,1,1,1,6,7,7,6,7,5,1,1,5,,5,,,b'\x11\xe8\xe1I\xe9\xb6\xbf\xda\x9a\xbe\x12\xdf\x17\xaeN\x1e'
11E8E149-E9B6-BFDA-9ABE-12DF17AE4E1E,2018-ncaa-d3-natl,ncaa,45,68,17,70,38,11,13,7,128,26,21,160,29,35,72,191,14,22,78,22,176,7,7,104,97,66,155,160,179,34,146,73,317,49,265,56,313,297,53,105,18,38,78,203,,,392,158,,,59,6,39,303,20,25,25,67,66,68,95,33,59,60,20,40,78,261,143,111,133,22,133,,271,,,69,434,438,437,352,440,443,319,112,103,230,14,267,288,168,276,52,437,440,300,268,146,11,22,93,408,317,436,146,434,265,421,204,16,43,110,281,84,404,224,,,21,235,,,59,438,52,156,79,272,350,309,403,404,42,28,132,130,126,276,387,322,322,331,324,27,155,329,,76,,,b'\x11\xe8\xe1I\xe9\xb6\xbf\xda\x9a\xbe\x12\xdf\x17\xaeN\x1e'
11E8E149-E9B6-BFDA-9ABE-12DF17AE4E1E,2019-ncaa-d3-conf-MAC Freedom,ncaa,7,7,5,7,7,6,5,3,8,3,1,8,8,8,8,8,7,7,8,7,8,3,3,8,8,8,8,8,7,5,5,7,8,7,8,8,8,2,2,5,2,2,5,5,,,5,2,,,7,4,1,6,6,3,1,2,1,8,8,7,7,7,1,1,4,6,5,8,3,2,5,,7,,,7,6,6,5,6,7,6,3,5,4,7,1,4,5,4,5,2,6,6,6,4,4,4,4,3,8,8,8,5,8,8,7,5,2,3,3,1,2,6,4,,,7,8,,,7,5,8,5,7,7,7,7,8,8,6,4,6,6,6,8,8,8,8,8,7,2,2,7,,7,,,b'\x11\xe8\xe1I\xe9\xb6\xbf\xda\x9a\xbe\x12\xdf\x17\xaeN\x1e'
11E8E149-E9B6-BFDA-9ABE-12DF17AE4E1E,2019-ncaa-d3-natl,ncaa,282,304,215,299,305,230,174,80,304,62,10,330,428,426,419,442,208,78,421,74,329,72,81,374,378,354,439,442,181,104,266,171,417,134,380,357,432,252,152,356,68,107,304,355,,,382,262,,,321,85,16,390,211,145,28,22,5,432,432,191,49,48,20,28,82,111,74,383,265,41,311,,410,,,318,359,330,392,141,366,400,168,139,243,52,107,396,405,210,405,277,409,408,111,135,149,156,68,344,433,417,426,266,436,380,247,123,102,200,132,246,165,349,136,,,99,197,,,321,357,345,220,314,360,329,410,355,411,155,252,405,417,416,421,432,429,425,432,256,82,255,352,,56,,,b'\x11\xe8\xe1I\xe9\xb6\xbf\xda\x9a\xbe\x12\xdf\x17\xaeN\x1e'
11E8E149-E9B6-BFDA-9ABE-12DF17AE4E1E,2020-ncaa-d3-conf-MAC Freedom,ncaa,6,6,5,6,5,6,6,6,6,6,6,7,7,7,6,6,5,4,8,4,4,6,6,6,6,6,4,4,5,6,6,6,7,6,7,6,7,4,6,6,6,6,1,1,,,2,3,,,6,5,5,1,6,6,6,6,6,7,7,5,4,4,6,4,5,4,5,6,6,6,1,,3,,,6,3,3,4,4,6,6,4,1,2,4,2,3,3,6,3,3,3,5,4,4,4,2,3,3,7,7,6,6,6,7,4,6,3,4,4,5,6,4,5,,,6,4,,,6,4,6,4,6,5,5,7,6,8,3,2,4,3,3,6,8,7,8,7,4,3,6,4,,4,,,b'\x11\xe8\xe1I\xe9\xb6\xbf\xda\x9a\xbe\x12\xdf\x17\xaeN\x1e'
11E8E149-E9B6-BFDA-9ABE-12DF17AE4E1E,2020-ncaa-d3-natl,ncaa,324,329,327,332,335,327,339,329,339,319,258,361,319,324,268,308,199,114,395,109,70,293,277,347,348,350,203,271,75,315,363,281,358,305,367,375,386,271,320,378,299,322,72,87,,,128,103,,,334,258,111,45,314,343,258,316,181,297,292,154,49,39,197,131,278,211,258,384,328,275,49,,195,,,337,205,249,216,259,308,258,279,121,148,102,138,187,201,168,195,170,205,227,228,214,194,78,105,191,343,358,352,363,356,367,209,179,157,149,175,295,321,318,324,,,149,75,,,334,193,358,241,332,290,318,326,351,355,171,215,242,257,260,325,372,366,394,385,267,97,339,345,,57,,,b'\x11\xe8\xe1I\xe9\xb6\xbf\xda\x9a\xbe\x12\xdf\x17\xaeN\x1e'
11E8E149-E9B6-BFDA-9ABE-12DF17AE4E1E,2021-ncaa-d3-conf-MAC Freedom,ncaa,7,8,2,7,2,6,6,4,8,6,4,8,5,2,7,2,7,6,8,6,8,5,5,8,8,8,5,4,8,4,6,6,8,5,8,7,8,7,6,8,6,8,6,6,,,5,3,,,8,4,7,2,8,8,5,8,7,5,2,8,8,8,6,7,3,8,8,8,5,8,7,,2,,,8,8,8,6,8,7,7,8,8,5,8,4,7,7,7,7,5,7,5,8,8,8,6,6,4,7,8,8,6,8,8,8,8,5,7,7,8,7,8,8,,,5,7,,,8,5,8,8,8,7,7,4,6,5,7,4,6,5,5,4,2,5,8,8,8,7,7,8,,7,,,b'\x11\xe8\xe1I\xe9\xb6\xbf\xda\x9a\xbe\x12\xdf\x17\xaeN\x1e'
11E8E149-E9B6-BFDA-9ABE-12DF17AE4E1E,2021-ncaa-d3-natl,ncaa,251,250,146,251,155,204,203,176,277,198,172,263,209,140,278,102,206,199,251,202,248,179,169,279,280,278,223,207,159,149,211,186,224,180,248,208,220,157,237,271,172,190,142,153,,,107,78,,,273,169,244,87,278,278,229,266,216,266,149,267,263,263,256,227,148,258,237,274,204,204,146,,59,,,267,133,145,119,245,158,139,203,134,93,267,50,127,120,186,118,85,117,116,244,237,219,94,126,90,147,224,170,211,155,248,193,260,157,135,226,187,249,239,279,,,179,205,,,273,114,277,229,270,160,189,84,185,165,150,42,114,99,96,67,57,171,248,219,242,158,234,271,,234,,,b'\x11\xe8\xe1I\xe9\xb6\xbf\xda\x9a\xbe\x12\xdf\x17\xaeN\x1e'
11E8E149-E9B6-BFDA-9ABE-12DF17AE4E1E,2022-ncaa-d3-conf-MAC Freedom,ncaa,9,9,9,9,9,9,9,8,9,9,9,9,4,4,6,1,9,9,9,9,8,9,9,8,8,9,1,1,7,5,6,8,7,8,6,9,5,8,9,8,5,4,8,5,,,1,5,,,8,9,4,2,9,9,7,9,9,2,2,9,9,9,7,4,5,6,5,6,9,2,7,,6,,,8,2,1,1,4,1,1,6,7,8,4,9,4,4,6,4,8,1,1,5,5,7,9,9,7,6,7,2,6,2,6,7,9,8,6,7,5,8,1,9,,,9,9,,,8,1,9,7,8,7,6,6,4,1,8,9,7,7,8,8,8,8,7,8,8,5,9,8,,9,,,b'\x11\xe8\xe1I\xe9\xb6\xbf\xda\x9a\xbe\x12\xdf\x17\xaeN\x1e'
11E8E149-E9B6-BFDA-9ABE-12DF17AE4E1E,2022-ncaa-d3-natl,ncaa,393,400,300,401,333,397,398,360,413,412,401,418,156,117,268,33,393,363,408,365,156,366,318,395,400,407,15,18,264,242,230,323,364,297,310,368,116,401,412,400,154,101,236,157,,,136,187,,,365,330,223,290,408,413,383,426,412,109,72,404,368,365,395,217,179,280,229,369,409,92,204,,213,,,358,76,67,109,97,58,61,173,206,310,58,383,167,167,203,160,314,104,131,116,122,103,341,319,277,318,364,169,230,231,310,260,417,199,132,242,382,399,300,420,,,352,317,,,365,102,402,152,362,158,131,214,106,83,273,376,246,251,251,217,274,359,292,331,321,117,396,358,,330,,,b'\x11\xe8\xe1I\xe9\xb6\xbf\xda\x9a\xbe\x12\xdf\x17\xaeN\x1e'
11E8E149-E9B6-BFDA-9ABE-12DF17AE4E1E,2023-ncaa-d3-conf-MAC Freedom,ncaa,9,9,6,9,8,9,9,8,9,9,7,9,9,7,9,4,9,9,9,9,9,9,9,9,9,9,6,5,5,9,9,9,9,9,9,9,9,7,8,9,9,9,9,9,,,1,1,,,9,7,6,4,9,9,8,9,7,8,6,9,9,9,9,9,9,9,9,9,8,9,9,,1,,,9,9,9,9,9,9,8,9,9,9,9,9,1,1,7,1,1,9,7,9,9,9,4,9,1,9,9,9,9,9,9,9,9,9,9,9,9,9,1,5,,,9,9,,,9,2,9,9,9,9,9,9,9,9,9,9,1,1,1,9,9,9,9,9,9,9,9,3,,9,,,b'\x11\xe8\xe1I\xe9\xb6\xbf\xda\x9a\xbe\x12\xdf\x17\xaeN\x1e'
11E8E149-E9B6-BFDA-9ABE-12DF17AE4E1E,2023-ncaa-d3-natl,ncaa,423,385,408,423,410,422,421,409,428,421,404,427,410,354,427,161,425,421,425,421,417,415,407,428,428,427,279,217,315,402,419,411,424,411,426,421,421,231,404,425,422,428,428,429,,,9,2,,,427,406,198,288,427,426,356,425,329,407,241,428,426,426,405,291,381,323,377,427,393,425,429,,2,,,428,247,374,217,404,294,121,394,407,356,414,397,7,7,26,7,3,116,36,418,386,421,151,411,2,403,424,301,419,375,426,420,429,417,421,429,342,409,56,244,,,421,428,,,427,23,427,426,428,421,423,424,410,394,427,426,4,6,5,417,370,425,426,426,429,417,403,175,,428,,,b'\x11\xe8\xe1I\xe9\xb6\xbf\xda\x9a\xbe\x12\xdf\x17\xaeN\x1e'
11E8E149-E9B6-BFDA-9ABE-12DF17AE4E1E,2024-ncaa-d3-conf-MAC Freedom,ncaa,6,6,5,6,5,6,6,3,8,5,3,7,7,7,7,7,5,5,3,5,5,3,4,8,7,6,7,6,3,4,7,5,7,6,8,8,8,3,4,7,4,4,8,8,,,4,4,,,7,4,1,1,5,5,2,4,2,6,7,4,5,5,3,1,4,4,5,8,5,4,7,,5,,,7,8,8,7,8,8,6,8,7,6,6,5,6,4,6,4,4,7,6,8,8,8,3,4,1,7,7,8,7,8,8,8,6,5,6,8,4,5,6,4,,,5,5,,,7,5,6,8,7,8,8,8,8,8,8,7,6,5,6,8,8,8,8,8,8,4,6,8,,5,,,b'\x11\xe8\xe1I\xe9\xb6\xbf\xda\x9a\xbe\x12\xdf\x17\xaeN\x1e'
11E8E149-E9B6-BFDA-9ABE-12DF17AE4E1E,2024-ncaa-d3-natl,ncaa,227,206,296,233,301,232,214,168,265,168,91,289,321,321,288,356,205,202,216,195,308,175,188,300,297,263,333,338,169,165,220,219,355,196,305,281,365,187,177,263,227,263,258,308,,,162,126,,,299,205,94,47,200,170,62,107,42,307,306,144,149,140,62,70,110,129,104,273,239,185,250,,229,,,298,319,363,323,319,371,362,316,164,164,186,114,130,148,108,147,84,303,279,285,248,295,40,98,76,375,355,319,220,351,305,325,219,260,309,327,202,187,276,197,,,257,312,,,299,213,259,335,296,361,379,389,392,395,208,229,169,197,202,385,376,391,364,383,347,216,237,312,,213,,,b'\x11\xe8\xe1I\xe9\xb6\xbf\xda\x9a\xbe\x12\xdf\x17\xaeN\x1e'
11E8E149-E9B6-BFDA-9ABE-12DF17AE4E1E,2025-ncaa-d3-conf-MAC Freedom,genius_ncaa,6,6,5,6,6,5,5,4,5,3,2,6,7,8,4,8,6,6,6,6,6,4,4,7,7,6,6,7,4,4,2,7,7,6,6,6,6,6,6,6,5,8,5,5,,,6,5,,6,7,4,1,3,4,4,1,2,1,7,8,5,5,4,1,1,3,6,4,5,6,5,4,,6,,7,7,8,8,8,5,6,2,7,8,8,6,8,6,6,3,6,6,7,6,7,7,8,7,8,5,6,7,2,2,5,6,6,5,6,6,7,4,5,4,3,,,6,7,,7,7,5,6,8,7,8,8,8,6,5,8,8,6,7,7,8,8,7,5,6,6,5,5,4,,6,,7,b'\x11\xe8\xe1I\xe9\xb6\xbf\xda\x9a\xbe\x12\xdf\x17\xaeN\x1e'
11E8E149-E9B6-BFDA-9ABE-12DF17AE4E1E,2025-ncaa-d3-natl,genius_ncaa,312,334,192,322,201,257,202,123,292,129,34,349,359,377,254,394,302,267,334,251,394,143,112,340,353,342,394,375,306,112,149,184,344,151,272,197,194,321,279,268,217,288,128,159,,,236,156,,256,333,116,72,50,268,193,65,93,16,366,382,311,271,253,77,55,83,149,98,182,316,215,130,,260,,266,330,363,349,372,215,288,297,196,384,368,318,298,264,304,76,314,265,372,339,249,224,262,314,344,166,371,344,295,149,350,272,344,277,216,316,319,319,273,258,118,,,290,370,,240,333,304,329,299,326,355,344,380,288,325,376,363,292,326,332,383,361,366,304,340,336,211,309,269,,298,,245,b'\x11\xe8\xe1I\xe9\xb6\xbf\xda\x9a\xbe\x12\xdf\x17\xaeN\x1e'
11E8E149-E9B6-BFDA-9ABE-12DF17AE4E1E,2026-ncaa-d3-natl,genius_ncaa,98,68,215,92,227,254,227,210,266,147,83,309,380,380,303,405,213,182,287,191,323,210,202,322,307,308,395,396,160,124,85,244,209,195,151,156,70,255,251,215,146,116,100,108,,,189,221,,234,194,223,109,27,223,176,66,67,5,377,401,143,120,122,63,39,56,152,84,84,318,94,69,,263,,278,195,140,128,145,128,137,199,64,132,73,330,47,201,228,118,230,251,157,178,123,133,94,216,169,289,180,209,169,85,168,151,99,104,145,85,66,307,321,242,175,,,273,342,,236,194,182,287,103,207,167,149,203,166,297,147,58,266,310,315,220,302,234,240,243,112,70,357,301,,251,,217,b'\x11\xe8\xe1I\xe9\xb6\xbf\xda\x9a\xbe\x12\xdf\x17\xaeN\x1e'
11E8E149-E9BB-C804-9ABE-12DF17AE4E1E,2018-ncaa-d3-conf-Skyline,ncaa,3,3,1,3,2,2,2,2,6,5,8,4,1,1,3,1,5,6,5,5,2,2,2,3,5,1,1,1,10,4,9,6,4,5,7,2,5,1,1,1,1,1,5,5,,,8,7,,,3,2,3,5,2,2,2,7,9,1,1,6,7,6,2,4,6,7,7,2,1,1,5,,7,,,3,5,4,4,5,4,5,5,1,3,3,3,7,7,3,7,6,4,10,5,5,3,5,3,6,4,4,10,9,9,7,6,9,1,1,2,1,1,4,6,,,3,4,,,3,9,3,3,3,4,4,3,4,4,1,2,5,5,5,3,5,4,8,7,5,1,1,3,,3,,,b'\x11\xe8\xe1I\xe9\xbb\xc8\x04\x9a\xbe\x12\xdf\x17\xaeN\x1e'
11E8E149-E9BB-C804-9ABE-12DF17AE4E1E,2018-ncaa-d3-natl,ncaa,151,172,123,165,148,101,116,30,329,267,281,269,9,3,237,5,278,237,328,227,185,42,66,239,284,199,16,7,407,74,275,201,357,125,370,104,158,118,32,70,11,11,179,227,,,269,116,,,80,61,49,155,78,97,11,322,331,4,4,324,282,265,17,44,66,235,115,92,90,7,194,,227,,,76,164,199,290,125,231,326,113,132,177,114,143,170,215,69,206,136,281,397,90,77,18,134,148,200,396,357,441,275,438,370,298,353,21,20,45,142,66,338,380,,,182,362,,,80,380,198,32,83,122,163,237,205,290,117,149,137,172,164,221,400,364,431,419,256,9,116,325,,216,,,b'\x11\xe8\xe1I\xe9\xbb\xc8\x04\x9a\xbe\x12\xdf\x17\xaeN\x1e'
11E8E149-E9BB-C804-9ABE-12DF17AE4E1E,2019-ncaa-d3-conf-Skyline,ncaa,6,6,1,6,3,5,5,1,7,7,7,5,2,2,5,2,10,10,9,10,10,2,4,5,7,6,3,1,10,8,9,5,4,5,8,5,4,1,1,5,1,1,5,5,,,6,5,,,5,1,6,4,5,5,4,8,10,2,2,10,10,10,4,6,9,5,7,5,1,1,5,,5,,,5,4,4,6,5,4,6,5,4,4,8,5,9,6,10,6,6,7,8,5,5,4,5,6,8,5,4,10,9,9,8,9,10,1,1,7,1,1,4,6,,,9,10,,,5,10,6,4,5,4,4,3,4,6,3,3,6,5,5,3,5,4,9,9,9,1,1,4,,10,,,b'\x11\xe8\xe1I\xe9\xbb\xc8\x04\x9a\xbe\x12\xdf\x17\xaeN\x1e'
11E8E149-E9BB-C804-9ABE-12DF17AE4E1E,2019-ncaa-d3-natl,ncaa,263,331,67,297,116,251,221,39,401,305,191,388,54,14,336,32,407,367,430,367,398,65,97,379,404,366,93,29,435,198,413,103,403,131,421,231,266,118,44,181,78,134,254,328,,,117,30,,,315,79,133,333,347,304,39,383,284,69,18,432,415,414,89,166,263,148,208,298,64,92,295,,61,,,305,325,353,415,119,294,409,64,384,327,365,213,133,163,76,154,64,404,414,128,93,90,238,358,88,435,403,442,413,442,421,432,436,71,139,292,114,59,340,319,,,342,426,,,315,366,370,166,307,209,260,372,214,365,324,274,92,123,110,347,380,424,439,438,404,90,78,302,,421,,,b'\x11\xe8\xe1I\xe9\xbb\xc8\x04\x9a\xbe\x12\xdf\x17\xaeN\x1e'
11E8E149-E9BB-C804-9ABE-12DF17AE4E1E,2020-ncaa-d3-conf-Skyline,ncaa,7,7,7,7,11,7,8,8,5,8,11,5,1,3,2,1,10,10,11,10,9,8,8,3,6,6,1,1,11,9,10,10,7,10,10,5,5,6,7,7,4,4,6,6,,,11,11,,,7,5,3,11,5,6,6,8,11,1,2,10,10,10,8,6,9,10,10,5,6,2,6,,11,,,7,6,6,2,8,6,4,7,4,2,9,1,11,10,8,10,11,6,5,7,9,7,6,1,10,6,7,8,10,6,10,4,5,5,5,5,5,7,2,3,,,10,10,,,7,7,8,7,7,7,7,6,7,6,5,2,11,10,10,6,7,7,9,7,7,2,6,2,,10,,,b'\x11\xe8\xe1I\xe9\xbb\xc8\x04\x9a\xbe\x12\xdf\x17\xaeN\x1e'
11E8E149-E9BB-C804-9ABE-12DF17AE4E1E,2020-ncaa-d3-natl,ncaa,263,245,327,269,371,287,267,189,323,356,351,338,48,36,159,18,417,397,415,400,359,240,236,257,315,315,49,10,434,303,378,263,325,290,374,240,179,246,268,269,107,118,212,236,,,293,293,,,298,207,48,438,248,237,67,362,333,24,23,424,402,406,123,96,253,184,227,194,307,81,198,,373,,,300,217,207,169,249,256,261,204,136,86,311,71,316,342,125,351,312,205,248,227,230,196,177,119,312,319,325,408,378,382,374,247,270,133,120,179,166,177,78,140,,,361,394,,,298,223,329,227,302,301,291,293,312,358,193,116,365,378,382,325,381,351,419,406,299,73,213,92,,355,,,b'\x11\xe8\xe1I\xe9\xbb\xc8\x04\x9a\xbe\x12\xdf\x17\xaeN\x1e'
11E8E149-E9BB-C804-9ABE-12DF17AE4E1E,2022-ncaa-d3-conf-Skyline,ncaa,6,6,4,6,5,5,5,5,3,2,3,3,9,9,3,9,7,3,11,3,6,5,4,3,6,6,10,9,7,2,2,8,10,7,5,1,1,11,9,5,3,4,4,5,,,9,9,,,6,4,4,4,5,3,5,2,2,9,9,7,3,3,5,3,2,10,6,1,10,2,4,,10,,,6,7,5,8,6,5,5,7,7,9,4,8,9,9,10,9,10,8,10,6,6,6,8,8,9,8,10,2,2,6,5,5,5,3,4,4,11,8,10,10,,,6,8,,,6,8,7,6,6,6,5,5,5,5,8,10,9,8,8,6,8,7,3,5,5,2,9,10,,7,,,b'\x11\xe8\xe1I\xe9\xbb\xc8\x04\x9a\xbe\x12\xdf\x17\xaeN\x1e'
11E8E149-E9BB-C804-9ABE-12DF17AE4E1E,2022-ncaa-d3-natl,ncaa,190,210,188,202,207,135,83,88,95,33,20,150,337,371,178,408,325,200,415,202,390,97,53,162,229,266,421,389,409,12,12,208,380,84,160,30,27,412,340,177,53,87,162,200,,,323,197,,,212,91,33,164,107,33,39,10,7,349,391,361,180,183,42,12,7,204,40,13,397,48,161,,336,,,213,326,318,328,202,314,319,234,255,310,130,227,315,331,161,331,269,334,374,189,186,145,194,180,255,401,380,164,12,307,160,281,178,46,89,108,380,305,354,196,,,308,415,,,212,341,223,200,210,310,309,360,308,330,237,307,317,334,335,368,404,388,138,306,276,35,365,366,,359,,,b'\x11\xe8\xe1I\xe9\xbb\xc8\x04\x9a\xbe\x12\xdf\x17\xaeN\x1e'
11E8E149-E9BB-C804-9ABE-12DF17AE4E1E,2023-ncaa-d3-conf-Skyline,ncaa,9,9,7,9,9,9,9,9,10,9,7,10,7,7,10,7,9,9,9,9,9,9,9,10,10,9,5,5,2,7,8,10,10,10,10,9,9,7,8,9,7,7,5,5,,,1,2,,,9,9,6,8,9,9,8,9,4,7,7,9,9,9,8,8,7,10,10,9,8,6,4,,2,,,9,6,6,5,8,6,2,8,10,8,10,9,3,3,6,3,5,5,3,9,9,7,8,9,2,9,10,9,8,9,10,8,7,5,5,6,5,6,10,10,,,8,3,,,9,1,9,8,9,7,7,6,6,5,10,9,4,3,3,6,5,9,10,10,8,5,6,10,,5,,,b'\x11\xe8\xe1I\xe9\xbb\xc8\x04\x9a\xbe\x12\xdf\x17\xaeN\x1e'
11E8E149-E9BB-C804-9ABE-12DF17AE4E1E,2023-ncaa-d3-natl,ncaa,366,372,333,370,363,396,399,314,417,388,225,417,368,338,391,310,375,342,398,347,362,329,282,416,418,415,251,260,155,238,316,351,404,326,397,377,196,363,382,393,186,201,172,181,,,98,77,,,398,292,94,288,413,410,201,392,124,366,314,377,317,323,228,99,167,297,231,377,392,128,145,,175,,,395,197,223,189,241,172,185,181,324,228,397,251,111,159,50,165,180,172,216,280,237,188,272,344,101,398,404,366,316,394,397,354,390,124,116,263,295,315,400,404,,,325,323,,,398,137,415,271,395,322,328,349,287,321,367,309,181,232,239,345,378,403,414,413,376,66,343,422,,266,,,b'\x11\xe8\xe1I\xe9\xbb\xc8\x04\x9a\xbe\x12\xdf\x17\xaeN\x1e'
11E8E149-E9BB-C804-9ABE-12DF17AE4E1E,2024-ncaa-d3-conf-Skyline,ncaa,6,6,4,6,4,5,5,6,6,6,4,5,5,4,3,6,5,5,10,5,3,6,4,4,5,6,5,6,4,6,5,7,6,7,7,6,5,7,7,7,6,7,8,9,,,8,8,,,6,4,2,3,6,6,6,5,5,5,4,4,4,5,6,2,4,8,7,6,8,6,8,,11,,,6,8,7,5,7,6,6,7,6,2,9,2,11,10,11,10,9,6,8,7,8,7,8,4,10,6,6,6,5,5,7,6,4,4,5,6,8,7,9,9,,,3,3,,,6,7,6,7,6,7,6,6,6,6,6,3,11,11,11,6,7,6,6,6,6,4,8,9,,1,,,b'\x11\xe8\xe1I\xe9\xbb\xc8\x04\x9a\xbe\x12\xdf\x17\xaeN\x1e'
11E8E149-E9BB-C804-9ABE-12DF17AE4E1E,2024-ncaa-d3-natl,ncaa,227,275,112,249,170,165,163,85,279,156,94,271,179,128,275,224,169,59,403,66,146,73,49,274,315,322,227,213,218,42,104,116,283,73,210,145,143,381,300,271,135,226,273,322,,,362,262,,,226,53,30,244,194,182,60,172,97,198,149,190,64,72,44,19,38,111,41,152,356,146,292,,352,,,226,323,288,329,148,308,352,155,180,212,147,130,373,367,302,366,268,354,374,142,171,124,204,113,329,362,283,376,104,386,210,261,216,53,92,111,352,257,353,271,,,33,111,,,226,364,289,143,230,281,246,312,268,326,161,186,355,345,341,330,377,337,344,352,232,48,321,336,,20,,,b'\x11\xe8\xe1I\xe9\xbb\xc8\x04\x9a\xbe\x12\xdf\x17\xaeN\x1e'
11E8E149-E9BB-C804-9ABE-12DF17AE4E1E,2025-ncaa-d3-conf-Skyline,genius_ncaa,3,4,1,4,2,6,5,1,9,5,2,9,6,3,8,8,2,2,6,2,6,1,1,9,9,7,5,8,4,1,4,5,4,3,4,6,8,3,2,6,2,2,6,6,,,9,8,,3,6,1,3,7,7,6,1,5,2,6,4,3,2,2,1,1,2,9,3,7,3,2,7,,7,,3,6,5,5,2,6,5,5,5,4,4,4,3,10,10,7,10,10,3,9,6,6,5,6,2,10,3,4,10,4,8,4,5,7,1,2,2,4,3,11,9,,,1,2,,1,6,11,6,4,6,4,5,2,5,2,3,3,10,9,9,3,5,3,8,6,4,2,4,11,,2,,1,b'\x11\xe8\xe1I\xe9\xbb\xc8\x04\x9a\xbe\x12\xdf\x17\xaeN\x1e'
11E8E149-E9BB-C804-9ABE-12DF17AE4E1E,2025-ncaa-d3-natl,genius_ncaa,82,94,55,92,92,177,184,21,385,177,28,392,206,84,363,239,125,115,244,122,317,21,24,386,386,347,198,223,152,5,45,107,97,23,130,156,143,243,87,199,32,36,254,276,,,276,189,,220,111,58,101,250,242,251,14,238,34,239,123,164,153,159,21,30,4,177,18,205,187,34,290,,211,,188,115,86,80,157,68,121,209,78,56,121,42,125,264,273,174,266,278,179,343,48,62,15,176,90,342,159,97,410,45,383,130,165,289,18,10,24,193,62,407,332,,,65,248,,6,111,362,294,12,122,37,43,56,74,114,38,60,207,227,220,64,247,102,384,315,115,15,151,399,,103,,9,b'\x11\xe8\xe1I\xe9\xbb\xc8\x04\x9a\xbe\x12\xdf\x17\xaeN\x1e'
11E8E149-E9BB-C804-9ABE-12DF17AE4E1E,2026-ncaa-d3-conf-Skyline,genius_ncaa,4,6,1,6,2,2,2,1,8,1,1,8,10,7,10,11,1,2,5,2,6,1,1,10,8,8,10,11,4,2,5,1,4,1,6,8,11,8,4,8,3,5,1,2,,,11,9,,11,7,1,1,2,7,6,1,4,1,10,10,2,3,3,1,1,2,6,3,9,6,5,2,,11,,11,7,10,10,10,7,10,11,5,4,5,4,2,10,10,5,10,7,10,11,7,6,6,4,3,9,9,4,11,5,11,6,7,6,2,6,7,5,3,11,5,,,1,4,,1,7,11,7,5,7,8,8,7,9,9,2,1,8,9,9,7,9,4,11,8,5,5,4,7,,1,,2,b'\x11\xe8\xe1I\xe9\xbb\xc8\x04\x9a\xbe\x12\xdf\x17\xaeN\x1e'
11E8E149-E9BB-C804-9ABE-12DF17AE4E1E,2026-ncaa-d3-natl,genius_ncaa,157,200,116,194,139,174,142,53,342,52,8,364,389,365,384,411,94,102,188,105,373,54,55,382,372,336,411,412,112,9,23,149,268,44,119,235,351,304,170,306,58,84,22,42,,,353,303,,324,188,106,45,113,200,160,14,43,1,406,403,106,115,117,13,13,4,167,12,284,281,62,19,,362,,324,191,224,231,236,173,282,338,99,82,54,297,7,286,370,24,372,279,259,308,131,118,67,80,38,302,299,268,309,23,318,119,254,255,48,60,93,203,76,276,101,,,111,298,,47,188,300,283,87,198,175,182,193,265,355,45,7,282,368,369,238,340,288,329,323,231,37,167,271,,113,,62,b'\x11\xe8\xe1I\xe9\xbb\xc8\x04\x9a\xbe\x12\xdf\x17\xaeN\x1e'
11E8E149-E9CC-EA58-9ABE-12DF17AE4E1E,2018-ncaa-d3-conf-USA South,ncaa,3,5,2,5,3,6,5,6,4,3,5,3,10,10,11,11,9,9,3,9,15,6,6,5,5,5,17,14,12,9,11,4,1,6,5,6,10,12,10,8,5,6,4,5,,,10,6,,,6,6,18,9,10,9,15,5,11,14,15,11,13,13,14,18,14,9,12,9,3,8,5,,2,,,6,8,7,11,1,5,8,2,15,14,12,13,13,11,19,11,11,10,10,3,5,5,17,17,14,2,1,11,11,6,5,10,12,7,8,8,14,10,12,8,,,10,9,,,6,14,7,5,6,1,1,2,1,3,10,6,9,6,6,1,1,1,5,1,4,13,9,7,,14,,,b'\x11\xe8\xe1I\xe9\xcc\xeaX\x9a\xbe\x12\xdf\x17\xaeN\x1e'
11E8E149-E9CC-EA58-9ABE-12DF17AE4E1E,2018-ncaa-d3-natl,ncaa,114,138,68,134,107,147,135,148,134,95,129,75,284,223,346,269,150,181,93,177,273,151,152,167,164,151,345,346,212,206,241,89,46,137,120,210,346,195,159,204,117,110,102,92,,,118,86,,,132,144,301,303,203,176,247,112,204,320,284,200,253,252,255,309,278,136,215,269,122,143,128,,56,,,134,160,113,197,79,75,168,43,336,295,340,305,277,232,388,225,264,200,252,110,151,140,410,382,319,87,46,257,241,176,120,116,155,146,147,112,277,268,147,105,,,233,311,,,132,296,185,103,134,87,62,79,33,78,276,224,197,147,138,72,70,51,169,97,76,209,222,94,,354,,,b'\x11\xe8\xe1I\xe9\xcc\xeaX\x9a\xbe\x12\xdf\x17\xaeN\x1e'
11E8E149-E9CC-EA58-9ABE-12DF17AE4E1E,2019-ncaa-d3-conf-ODAC,ncaa,13,13,11,13,13,12,12,13,11,12,13,11,10,10,8,3,12,10,13,10,6,13,12,11,11,12,3,4,7,12,11,11,9,12,11,13,13,13,13,13,10,8,13,13,,,5,7,,,12,12,8,13,12,12,13,12,13,9,7,12,10,10,13,11,12,9,12,13,13,8,13,,5,,,12,6,5,2,12,4,2,12,11,12,10,12,8,9,5,9,11,3,2,12,12,13,12,12,7,5,9,4,11,4,11,6,10,11,8,12,11,13,2,9,,,10,7,,,12,2,12,12,12,11,9,5,7,4,12,12,9,11,10,9,6,7,7,7,10,8,13,2,,10,,,b'\x11\xe8\xe1I\xe9\xcc\xeaX\x9a\xbe\x12\xdf\x17\xaeN\x1e'
11E8E149-E9CC-EA58-9ABE-12DF17AE4E1E,2019-ncaa-d3-natl,ncaa,403,421,215,407,309,388,390,400,327,389,401,293,279,248,321,97,380,365,349,363,186,400,368,319,331,389,153,138,278,412,416,329,308,387,373,405,394,394,424,422,324,307,419,414,,,187,248,,,409,335,346,402,416,416,435,413,422,289,243,396,382,381,432,416,429,359,428,420,397,330,422,,205,,,404,290,247,131,350,187,96,356,376,310,371,349,304,310,187,306,386,153,120,376,374,387,360,355,256,235,308,189,416,197,373,310,314,311,289,350,346,393,42,158,,,291,164,,,409,115,405,391,411,308,272,155,206,89,380,327,312,324,318,191,128,262,199,209,309,320,349,47,,288,,,b'\x11\xe8\xe1I\xe9\xcc\xeaX\x9a\xbe\x12\xdf\x17\xaeN\x1e'
11E8E149-E9CC-EA58-9ABE-12DF17AE4E1E,2020-ncaa-d3-conf-ODAC,ncaa,10,9,11,10,13,11,12,12,11,13,13,10,4,4,10,3,9,11,5,11,5,12,12,10,10,11,3,3,7,12,11,12,11,11,11,11,9,6,11,11,13,11,10,9,,,9,11,,,10,12,9,6,11,11,9,13,13,4,4,8,10,10,10,9,11,10,11,11,10,12,10,,11,,,11,9,5,4,10,3,2,10,11,10,11,12,10,10,7,10,12,3,3,11,12,13,13,12,10,10,11,7,11,9,11,11,12,10,10,12,9,12,1,3,,,9,5,,,10,2,11,13,11,11,10,8,8,5,13,13,11,11,11,10,8,11,10,10,12,10,12,1,,7,,,b'\x11\xe8\xe1I\xe9\xcc\xeaX\x9a\xbe\x12\xdf\x17\xaeN\x1e'
11E8E149-E9CC-EA58-9ABE-12DF17AE4E1E,2020-ncaa-d3-natl,ncaa,379,409,198,390,280,344,369,355,373,400,399,370,139,88,283,30,254,298,127,294,66,355,337,338,316,346,21,34,109,357,388,290,339,333,365,379,343,304,363,388,357,364,259,250,,,356,392,,,371,295,268,303,375,394,389,419,424,135,68,247,304,297,387,341,375,292,353,406,325,365,255,,383,,,366,296,204,151,269,200,140,283,237,237,220,244,413,402,361,406,412,216,169,272,331,350,342,190,400,323,339,298,388,319,365,247,272,296,307,312,274,326,78,219,,,240,147,,,371,133,361,360,369,306,228,190,218,156,255,260,422,404,407,247,209,322,314,322,257,299,292,77,,224,,,b'\x11\xe8\xe1I\xe9\xcc\xeaX\x9a\xbe\x12\xdf\x17\xaeN\x1e'
11E8E149-E9CC-EA58-9ABE-12DF17AE4E1E,2021-ncaa-d3-conf-ODAC,ncaa,9,11,2,10,2,4,4,3,8,5,5,4,1,1,9,1,4,4,6,4,6,3,3,7,8,7,4,3,9,4,10,4,10,4,9,4,9,8,4,5,3,9,6,7,,,8,5,,,8,2,6,2,7,7,5,9,10,3,2,9,10,10,5,8,10,8,10,8,3,8,8,,4,,,8,10,10,10,9,10,10,9,11,11,11,9,9,10,4,10,8,10,10,10,10,11,10,10,4,11,10,11,10,11,9,11,10,3,6,10,9,7,6,3,,,4,4,,,8,10,7,11,8,11,10,10,9,7,11,10,8,8,8,10,9,10,10,10,10,6,8,2,,5,,,b'\x11\xe8\xe1I\xe9\xcc\xeaX\x9a\xbe\x12\xdf\x17\xaeN\x1e'
11E8E149-E9CC-EA58-9ABE-12DF17AE4E1E,2021-ncaa-d3-natl,ncaa,176,262,61,224,62,71,73,62,145,102,118,79,37,26,159,18,122,118,157,114,144,66,77,112,138,119,69,38,237,135,266,78,169,98,241,87,180,177,85,105,118,229,153,209,,,197,94,,,235,69,106,50,126,115,92,176,247,41,20,210,219,214,111,160,251,171,227,138,72,210,216,,115,,,201,238,244,227,240,234,216,233,261,240,246,218,206,208,137,208,156,221,216,255,249,249,183,230,84,216,169,248,266,242,241,255,218,88,179,230,191,131,114,81,,,85,145,,,235,215,149,240,199,241,237,201,195,142,254,231,151,158,163,203,181,157,256,226,247,164,120,38,,153,,,b'\x11\xe8\xe1I\xe9\xcc\xeaX\x9a\xbe\x12\xdf\x17\xaeN\x1e'
11E8E149-E9CC-EA58-9ABE-12DF17AE4E1E,2022-ncaa-d3-conf-ODAC,ncaa,10,9,10,10,10,9,10,11,9,12,11,9,4,3,6,2,8,10,3,10,3,11,11,7,7,9,1,2,4,11,11,11,12,11,11,9,7,5,9,7,12,12,10,10,,,9,11,,,10,10,7,8,10,11,11,12,12,2,3,7,7,7,11,10,11,11,11,8,8,11,9,,12,,,11,11,10,3,12,9,5,12,7,4,12,3,10,10,1,10,11,4,3,12,12,12,6,5,8,11,12,5,11,9,11,7,5,12,12,11,4,9,7,12,,,6,3,,,10,3,9,12,11,11,11,9,11,10,9,5,11,12,12,11,9,11,10,10,11,10,8,11,,4,,,b'\x11\xe8\xe1I\xe9\xcc\xeaX\x9a\xbe\x12\xdf\x17\xaeN\x1e'
11E8E149-E9CC-EA58-9ABE-12DF17AE4E1E,2022-ncaa-d3-natl,ncaa,364,385,250,375,282,308,337,338,325,370,374,309,142,128,205,75,200,237,97,244,58,329,314,272,238,278,34,69,64,361,385,363,394,370,404,338,293,264,343,351,286,307,340,357,,,239,281,,,391,286,238,278,328,370,379,392,400,125,111,153,188,197,370,331,380,400,406,354,294,284,351,,306,,,382,381,371,183,417,362,195,397,330,184,411,160,353,388,66,380,383,226,170,417,413,413,226,210,248,352,394,258,385,311,404,292,125,301,324,336,328,374,263,389,,,223,100,,,391,139,311,416,390,389,376,264,367,261,352,209,372,396,394,320,263,364,325,348,310,293,336,290,,168,,,b'\x11\xe8\xe1I\xe9\xcc\xeaX\x9a\xbe\x12\xdf\x17\xaeN\x1e'
11E8E149-E9CC-EA58-9ABE-12DF17AE4E1E,2023-ncaa-d3-conf-ODAC,ncaa,8,8,3,8,4,9,8,11,8,8,10,8,8,5,10,4,9,9,5,9,6,10,7,9,9,9,6,6,7,10,9,7,5,10,9,8,5,11,11,9,4,4,12,11,,,12,11,,,9,8,10,5,10,10,11,10,12,8,5,9,11,11,11,10,10,11,11,9,9,6,12,,12,,,9,10,7,4,11,5,1,11,13,13,13,13,8,10,3,10,13,3,6,11,11,11,13,13,7,3,5,8,9,7,9,11,11,4,4,7,9,11,11,12,,,6,4,,,9,8,9,8,9,7,6,3,5,1,13,11,8,10,10,3,3,2,7,5,8,5,8,9,,6,,,b'\x11\xe8\xe1I\xe9\xcc\xeaX\x9a\xbe\x12\xdf\x17\xaeN\x1e'
11E8E149-E9CC-EA58-9ABE-12DF17AE4E1E,2023-ncaa-d3-natl,ncaa,210,269,63,242,93,262,267,247,300,273,293,235,199,142,332,127,179,188,157,185,108,242,154,292,272,322,149,194,103,213,235,241,236,221,248,224,127,398,378,333,105,118,383,369,,,395,404,,,304,144,281,288,343,354,389,347,379,259,200,229,263,258,377,313,271,373,354,278,342,144,406,,369,,,295,284,179,155,226,60,60,186,410,378,403,381,354,383,94,383,419,201,284,304,322,216,423,407,335,220,236,236,235,226,248,270,308,68,65,124,342,310,374,396,,,54,46,,,304,294,328,207,292,166,94,46,27,20,374,319,317,345,346,74,139,155,133,131,192,101,282,351,,87,,,b'\x11\xe8\xe1I\xe9\xcc\xeaX\x9a\xbe\x12\xdf\x17\xaeN\x1e'
11E8E149-E9CC-EA58-9ABE-12DF17AE4E1E,2024-ncaa-d3-conf-ODAC,ncaa,9,9,7,9,10,12,12,13,8,12,13,8,12,12,12,11,6,4,4,4,1,13,13,10,8,10,7,12,1,13,12,8,4,12,6,10,8,6,12,11,12,11,11,11,,,3,9,,,9,13,13,12,12,12,13,12,13,12,12,4,4,4,13,13,13,8,12,10,7,13,11,,4,,,9,3,5,3,7,5,3,7,8,7,11,11,1,1,11,1,3,1,1,8,8,10,7,10,2,1,4,1,12,1,6,6,7,13,11,10,5,12,11,13,,,5,1,,,9,2,10,10,9,5,5,3,5,4,10,8,1,1,1,1,1,1,3,1,6,13,6,10,,3,,,b'\x11\xe8\xe1I\xe9\xcc\xeaX\x9a\xbe\x12\xdf\x17\xaeN\x1e'
11E8E149-E9CC-EA58-9ABE-12DF17AE4E1E,2024-ncaa-d3-natl,ncaa,271,297,200,289,287,356,371,388,285,315,353,202,397,365,413,318,100,137,98,137,26,378,368,334,252,324,270,394,6,377,350,257,159,332,233,358,263,277,365,362,311,268,410,399,,,197,338,,,309,361,403,375,387,392,425,341,380,406,381,69,108,113,418,419,400,258,367,379,283,318,413,,215,,,308,92,97,78,180,63,64,153,279,204,338,327,111,122,153,112,223,68,68,227,219,235,338,380,165,116,159,77,350,84,233,118,190,303,221,219,240,323,228,348,,,87,4,,,309,69,342,224,310,104,106,66,75,51,287,232,111,124,115,58,32,125,86,86,135,307,243,246,,45,,,b'\x11\xe8\xe1I\xe9\xcc\xeaX\x9a\xbe\x12\xdf\x17\xaeN\x1e'
11E8E149-E9CC-EA58-9ABE-12DF17AE4E1E,2025-ncaa-d3-conf-ODAC,genius_ncaa,7,7,3,7,4,8,9,8,9,10,11,7,6,6,9,4,8,8,5,8,5,8,6,9,9,9,4,5,6,9,8,4,4,5,6,6,3,11,11,9,7,7,7,7,,,12,13,,13,6,7,13,13,13,12,13,12,13,7,8,10,12,12,13,13,11,4,8,8,9,8,7,,11,,13,6,2,2,6,2,2,5,3,5,7,3,8,13,11,9,11,11,7,6,2,3,3,12,8,13,6,4,4,8,5,6,7,11,9,8,7,8,7,6,9,,,6,8,,5,6,7,9,5,6,3,2,3,2,3,2,2,9,8,8,3,2,4,4,4,5,12,6,5,,11,,6,b'\x11\xe8\xe1I\xe9\xcc\xeaX\x9a\xbe\x12\xdf\x17\xaeN\x1e'
11E8E149-E9CC-EA58-9ABE-12DF17AE4E1E,2025-ncaa-d3-natl,genius_ncaa,173,215,55,202,88,273,288,289,269,306,337,206,168,127,251,80,236,229,215,229,109,287,228,244,242,283,86,109,174,210,203,94,84,143,105,259,182,337,346,317,186,165,243,224,,,316,374,,413,188,246,395,224,356,364,403,369,401,207,164,297,300,305,402,394,279,154,215,321,274,235,276,,264,,410,192,59,36,110,29,42,112,38,104,192,59,216,308,309,235,303,352,133,160,31,51,61,347,192,394,144,84,191,203,156,105,42,131,169,141,69,179,193,205,311,,,209,188,,36,188,176,285,60,182,25,16,29,18,42,72,119,266,262,259,36,37,98,94,77,26,238,131,164,,296,,47,b'\x11\xe8\xe1I\xe9\xcc\xeaX\x9a\xbe\x12\xdf\x17\xaeN\x1e'
11E8E149-E9CC-EA58-9ABE-12DF17AE4E1E,2026-ncaa-d2-conf-Conference Carolinas,genius_ncaa,7,4,8,6,8,13,12,11,4,6,10,1,15,11,16,11,12,12,8,12,14,10,12,11,12,12,16,16,9,10,9,10,12,11,11,13,14,5,9,13,15,15,10,10,,,4,4,,9,11,11,15,1,13,7,8,1,6,16,11,11,11,11,7,10,9,4,8,13,9,15,10,,3,,10,11,6,8,8,9,7,9,10,3,6,3,6,2,2,1,2,1,8,8,6,4,6,1,6,1,11,12,8,9,9,11,9,11,11,10,13,3,5,3,6,,,12,8,,16,11,6,11,8,11,8,13,12,13,15,3,8,2,3,3,11,12,12,12,11,15,7,5,5,,10,,16,b'\x11\xe8\xe1I\xe9\xcc\xeaX\x9a\xbe\x12\xdf\x17\xaeN\x1e'
11E8E149-E9CC-EA58-9ABE-12DF17AE4E1E,2026-ncaa-d2-natl,genius_ncaa,157,144,141,167,145,211,181,204,107,122,168,62,252,224,272,225,156,126,229,131,100,195,176,158,165,211,268,265,97,171,163,112,191,137,146,187,176,209,266,226,259,273,137,145,,,157,171,,183,188,171,167,29,206,173,232,89,148,267,237,127,93,97,218,133,172,41,81,182,253,259,127,,201,,202,187,119,139,149,107,165,154,184,75,163,26,152,101,164,14,164,170,153,136,77,47,96,54,76,135,213,191,129,163,157,146,91,56,198,213,131,188,215,137,150,,,88,32,,132,188,123,218,121,192,125,159,222,199,197,76,189,113,198,196,234,201,247,145,201,94,196,210,153,,32,,134,b'\x11\xe8\xe1I\xe9\xcc\xeaX\x9a\xbe\x12\xdf\x17\xaeN\x1e'
11E8E149-E9D2-6D84-9ABE-12DF17AE4E1E,2018-ncaa-d3-conf-ACAA,ncaa,4,2,5,4,5,5,5,5,5,5,5,5,5,5,1,1,5,5,2,5,1,5,5,4,3,3,1,1,1,5,4,5,4,5,4,5,1,1,2,3,5,5,5,5,,,1,1,,,4,5,1,2,2,3,1,4,4,1,1,1,1,1,1,1,2,2,1,3,4,5,4,,1,,,5,1,1,1,5,1,1,4,1,1,4,1,1,1,2,1,1,1,1,5,5,5,1,2,1,1,4,1,4,1,4,1,1,5,5,5,1,5,1,5,,,5,1,,,4,1,4,5,5,5,5,5,5,5,2,1,2,2,2,5,5,5,5,5,5,5,5,5,,1,,,b'\x11\xe8\xe1I\xe9\xd2m\x84\x9a\xbe\x12\xdf\x17\xaeN\x1e'
11E8E149-E9D2-6D84-9ABE-12DF17AE4E1E,2018-ncaa-d3-natl,ncaa,383,349,390,389,411,376,389,375,382,414,419,382,140,94,256,23,370,417,51,422,298,383,384,350,334,356,17,21,262,301,264,403,419,392,382,336,91,245,374,329,389,382,331,345,,,20,20,,,406,393,129,443,332,361,187,410,391,60,29,330,393,400,253,159,194,355,291,262,377,347,298,,42,,,413,349,396,193,428,383,234,420,312,192,406,212,94,93,220,93,95,165,84,429,418,435,101,241,44,335,419,131,264,203,382,380,247,414,422,431,363,408,228,408,,,422,396,,,406,56,353,438,409,432,434,414,428,396,397,328,189,193,197,416,363,403,326,378,423,389,411,341,,375,,,b'\x11\xe8\xe1I\xe9\xd2m\x84\x9a\xbe\x12\xdf\x17\xaeN\x1e'
11E8E149-E9D2-6D84-9ABE-12DF17AE4E1E,2019-ncaa-d3-conf-ACAA,ncaa,5,2,6,5,6,6,6,6,5,6,6,5,5,6,5,2,6,6,1,6,2,6,6,5,5,4,1,2,1,6,5,6,4,6,6,6,4,1,2,3,6,2,6,5,,,1,6,,,3,6,6,1,5,5,6,6,5,4,3,1,3,3,5,6,5,6,6,5,1,2,5,,6,,,5,1,1,1,6,1,1,5,1,1,6,2,1,1,2,2,6,1,1,6,6,5,6,6,4,1,4,1,5,1,6,1,3,6,2,4,2,3,3,6,,,6,1,,,3,1,4,6,5,3,2,1,2,1,6,1,4,4,5,1,1,3,5,5,4,4,3,6,,2,,,b'\x11\xe8\xe1I\xe9\xd2m\x84\x9a\xbe\x12\xdf\x17\xaeN\x1e'
11E8E149-E9D2-6D84-9ABE-12DF17AE4E1E,2019-ncaa-d3-natl,ncaa,403,361,407,403,408,418,425,431,384,429,428,391,293,320,225,77,371,390,176,389,97,430,417,348,335,398,29,64,95,429,425,410,319,422,390,392,59,332,430,410,324,230,411,398,,,51,158,,,408,411,180,56,409,422,424,425,418,192,184,282,310,300,428,305,427,293,406,353,427,205,399,,202,,,419,124,163,39,418,187,64,403,187,79,410,214,83,93,106,93,202,41,36,419,408,404,163,245,101,99,319,59,425,59,390,157,164,367,261,324,399,434,329,440,,,392,185,,,408,34,414,404,419,399,396,315,375,301,359,257,222,253,252,312,301,303,306,310,334,227,432,414,,240,,,b'\x11\xe8\xe1I\xe9\xd2m\x84\x9a\xbe\x12\xdf\x17\xaeN\x1e'
11E8E149-E9D2-6D84-9ABE-12DF17AE4E1E,2020-ncaa-d3-conf-ACAA,ncaa,1,1,2,1,3,3,3,3,1,2,3,1,3,3,3,3,1,2,2,2,4,3,3,2,1,1,5,4,3,3,3,3,6,3,3,3,2,4,2,2,2,2,1,1,,,5,5,,,1,3,5,3,2,3,3,1,4,3,3,3,4,4,3,6,4,3,5,2,2,2,1,,6,,,1,4,4,4,1,3,4,1,3,4,2,3,5,5,3,5,5,4,4,1,2,1,5,2,6,5,6,5,3,5,3,3,1,2,2,1,3,2,5,4,,,2,2,,,1,4,1,1,1,1,1,2,1,2,1,1,6,6,6,2,2,5,2,3,1,2,1,4,,4,,,b'\x11\xe8\xe1I\xe9\xd2m\x84\x9a\xbe\x12\xdf\x17\xaeN\x1e'
11E8E149-E9D2-6D84-9ABE-12DF17AE4E1E,2020-ncaa-d3-natl,ncaa,285,136,424,233,427,404,411,429,278,386,395,304,416,424,317,389,212,298,41,298,80,423,427,326,241,296,250,393,4,417,333,415,281,417,297,402,276,76,352,357,337,182,308,217,,,175,432,,,293,426,95,303,267,333,326,235,138,386,386,19,37,37,262,169,325,130,234,318,351,144,228,,435,,,305,13,11,13,158,19,13,267,12,29,13,201,323,305,321,291,430,15,15,126,233,235,321,48,436,60,281,12,333,15,297,20,187,388,211,149,121,341,58,163,,,346,24,,,293,12,315,262,304,289,179,209,224,177,101,251,436,436,436,311,329,311,268,294,178,157,348,193,,16,,,b'\x11\xe8\xe1I\xe9\xd2m\x84\x9a\xbe\x12\xdf\x17\xaeN\x1e'
11E8E149-E9D2-6D84-9ABE-12DF17AE4E1E,2021-ncaa-d3-natl,ncaa,176,28,246,84,248,249,249,252,134,246,246,157,261,261,199,271,221,230,46,230,51,250,251,178,125,112,194,269,7,246,44,250,129,250,83,247,145,32,97,121,238,61,262,237,,,40,232,,,132,253,141,110,99,144,160,70,43,256,262,8,12,12,87,115,58,176,105,138,99,57,255,,228,,,119,36,33,32,141,31,29,148,41,42,152,199,56,59,102,59,284,34,35,164,191,150,269,172,275,28,129,32,44,33,83,42,266,245,80,136,29,47,44,113,,,249,122,,,132,36,82,139,104,150,82,45,63,22,177,175,271,273,274,117,153,102,70,81,184,84,44,155,,112,,,b'\x11\xe8\xe1I\xe9\xd2m\x84\x9a\xbe\x12\xdf\x17\xaeN\x1e'
11E8E149-E9D2-6D84-9ABE-12DF17AE4E1E,2022-ncaa-d3-conf-C2C,ncaa,5,3,5,4,5,5,5,5,1,4,5,1,5,5,1,5,5,5,1,5,5,5,6,1,1,1,6,6,5,6,1,6,3,6,1,4,2,2,4,1,4,3,6,6,,,2,2,,,2,6,6,1,1,1,4,1,2,4,6,2,5,5,4,6,6,6,6,1,5,3,6,,2,,,2,2,2,2,6,2,2,5,4,2,6,7,2,2,2,2,2,2,2,6,6,5,7,7,2,2,3,2,1,2,1,2,4,5,3,5,2,5,3,4,,,6,5,,,2,2,1,5,2,4,5,2,2,1,6,6,1,2,2,1,2,1,1,1,5,4,4,5,,5,,,b'\x11\xe8\xe1I\xe9\xd2m\x84\x9a\xbe\x12\xdf\x17\xaeN\x1e'
11E8E149-E9D2-6D84-9ABE-12DF17AE4E1E,2022-ncaa-d3-natl,ncaa,232,55,417,137,418,385,379,416,57,356,407,60,357,395,126,265,362,406,1,405,291,415,418,72,52,82,273,284,187,392,82,416,80,414,68,297,53,16,260,102,299,40,380,269,,,27,367,,,151,419,262,286,100,91,232,75,176,217,267,117,284,278,246,246,209,320,273,44,244,65,303,,311,,,117,9,7,8,301,9,8,224,33,12,417,183,38,49,73,50,400,8,9,336,340,250,366,311,344,7,80,9,82,8,68,7,211,389,59,101,49,323,50,214,,,412,229,,,151,11,86,192,124,159,113,19,88,39,269,92,301,350,348,40,85,38,29,22,148,114,307,234,,238,,,b'\x11\xe8\xe1I\xe9\xd2m\x84\x9a\xbe\x12\xdf\x17\xaeN\x1e'
11E8E149-E9D2-6D84-9ABE-12DF17AE4E1E,2023-ncaa-d3-conf-C2C,ncaa,3,2,4,2,4,3,3,3,2,3,4,2,2,3,2,4,4,4,2,4,7,3,4,2,2,2,6,2,7,4,4,3,2,3,3,3,4,3,1,1,3,3,3,4,,,4,4,,,2,4,2,3,2,1,1,1,1,2,2,6,7,7,1,2,3,1,3,1,1,3,5,,4,,,2,3,3,4,3,3,4,3,3,3,4,2,5,5,1,5,4,4,4,3,3,3,4,3,4,3,2,4,4,3,3,3,3,4,4,4,3,3,2,1,,,5,7,,,2,4,2,3,2,4,4,4,4,5,4,3,5,6,6,5,5,2,5,3,4,5,3,2,,7,,,b'\x11\xe8\xe1I\xe9\xd2m\x84\x9a\xbe\x12\xdf\x17\xaeN\x1e'
11E8E149-E9D2-6D84-9ABE-12DF17AE4E1E,2023-ncaa-d3-natl,ncaa,210,131,377,185,379,197,162,208,110,139,173,96,225,222,241,228,323,385,16,381,415,246,320,133,137,103,342,261,390,252,245,297,154,297,224,172,224,32,49,45,108,58,262,225,,,236,352,,,143,328,93,46,55,28,16,35,38,161,134,262,365,361,36,73,150,87,107,64,93,49,229,,377,,,121,93,63,44,217,55,62,162,194,113,364,215,280,283,238,278,366,53,78,235,271,195,359,282,357,99,154,161,245,118,224,86,175,175,100,108,28,55,30,17,,,388,400,,,143,97,109,178,133,275,216,211,176,186,294,217,376,379,379,257,314,192,348,303,198,81,87,49,,354,,,b'\x11\xe8\xe1I\xe9\xd2m\x84\x9a\xbe\x12\xdf\x17\xaeN\x1e'
11E8E149-E9D7-7298-9ABE-12DF17AE4E1E,2018-ncaa-d3-conf-MASCAC,ncaa,6,6,5,6,6,5,5,4,7,7,7,6,2,2,5,2,6,6,4,6,6,5,3,6,6,7,2,2,5,2,2,3,3,2,2,7,7,7,7,7,7,7,7,7,,,5,6,,,7,4,2,5,5,6,2,7,7,2,2,6,6,6,3,2,2,2,1,7,7,7,7,,6,,,7,7,7,6,6,6,5,6,6,6,5,5,5,5,1,5,7,6,5,6,6,7,4,4,3,5,3,5,2,4,2,5,2,5,6,7,7,7,5,7,,,6,5,,,7,5,6,7,7,7,7,7,7,6,7,5,6,7,7,7,6,5,5,5,6,5,7,5,,6,,,b'\x11\xe8\xe1I\xe9\xd7r\x98\x9a\xbe\x12\xdf\x17\xaeN\x1e'
11E8E149-E9D7-7298-9ABE-12DF17AE4E1E,2018-ncaa-d3-natl,ncaa,299,327,197,314,251,157,164,66,317,267,270,287,26,8,234,20,291,263,326,258,245,80,54,253,288,311,47,29,383,50,122,86,301,57,219,260,380,417,341,373,208,325,397,418,,,368,214,,,329,58,9,263,106,119,20,290,264,18,7,313,266,261,29,12,37,27,18,267,411,214,409,,391,,,324,432,427,424,334,428,406,378,301,358,112,211,338,367,108,366,232,431,408,307,296,312,104,120,172,401,301,400,122,410,219,388,149,136,263,271,427,392,315,349,,,127,321,,,329,394,295,324,310,424,417,427,420,414,290,370,364,386,385,433,431,392,398,401,369,120,420,332,,75,,,b'\x11\xe8\xe1I\xe9\xd7r\x98\x9a\xbe\x12\xdf\x17\xaeN\x1e'
11E8E149-E9D7-7298-9ABE-12DF17AE4E1E,2019-ncaa-d3-conf-MASCAC,ncaa,6,6,5,6,5,5,5,5,6,7,7,6,2,2,2,2,7,6,6,7,3,5,5,5,5,5,1,2,4,4,5,5,6,5,5,5,5,7,5,5,6,7,6,6,,,6,6,,,6,5,2,2,5,5,2,7,7,2,2,7,6,6,2,2,4,5,4,5,7,6,6,,6,,,6,7,6,7,6,6,5,6,7,7,5,5,7,6,7,6,6,7,6,6,6,7,4,3,5,7,6,6,5,6,5,6,6,7,7,7,4,4,5,7,,,6,6,,,6,3,5,7,6,7,7,7,6,6,7,7,7,6,6,7,6,7,5,5,7,6,5,5,,7,,,b'\x11\xe8\xe1I\xe9\xd7r\x98\x9a\xbe\x12\xdf\x17\xaeN\x1e'
11E8E149-E9D7-7298-9ABE-12DF17AE4E1E,2019-ncaa-d3-natl,ncaa,282,331,129,313,182,158,143,43,321,248,194,321,27,16,177,37,363,308,409,310,348,65,37,268,318,333,60,27,426,36,116,59,338,35,228,162,250,414,332,329,211,322,333,395,,,291,95,,,355,51,20,244,170,153,24,298,237,19,17,393,353,357,43,19,35,22,20,170,404,232,362,,257,,,348,433,431,437,281,432,427,316,310,385,109,184,298,337,85,337,147,437,422,255,212,277,71,130,122,428,338,403,116,426,228,427,301,180,352,375,374,267,303,279,,,316,436,,,355,404,303,326,331,409,417,429,418,415,284,360,267,310,310,432,428,418,395,411,407,205,350,286,,381,,,b'\x11\xe8\xe1I\xe9\xd7r\x98\x9a\xbe\x12\xdf\x17\xaeN\x1e'
11E8E149-E9D7-7298-9ABE-12DF17AE4E1E,2020-ncaa-d3-conf-MASCAC,ncaa,5,5,4,5,5,6,6,6,6,7,7,5,4,4,4,2,6,5,6,5,1,6,6,5,5,5,2,2,3,6,6,4,4,6,4,5,1,3,5,5,6,6,7,7,,,1,2,,,6,6,7,4,6,6,7,7,7,4,3,6,3,3,7,7,7,5,7,5,5,6,7,,1,,,6,4,5,2,6,3,2,5,6,4,5,5,3,3,6,3,3,2,2,6,6,7,5,5,3,4,4,3,6,4,4,3,2,7,7,6,4,5,2,5,,,6,3,,,6,2,5,7,6,4,6,3,4,2,6,4,3,2,2,3,2,4,4,4,3,7,5,3,,6,,,b'\x11\xe8\xe1I\xe9\xd7r\x98\x9a\xbe\x12\xdf\x17\xaeN\x1e'
11E8E149-E9D7-7298-9ABE-12DF17AE4E1E,2020-ncaa-d3-natl,ncaa,344,391,126,365,165,317,336,295,359,382,373,359,123,81,242,50,293,264,341,264,103,295,205,325,329,361,36,35,223,252,301,179,362,217,334,250,66,397,390,349,355,389,323,356,,,146,88,,,391,194,226,259,374,380,369,407,411,132,86,330,293,295,368,271,283,215,264,281,371,378,342,,118,,,378,406,412,381,334,389,306,367,384,400,242,336,191,256,57,255,189,387,333,346,312,367,182,298,79,400,362,327,301,378,334,324,129,320,376,357,365,359,233,347,,,236,248,,,391,257,362,389,379,358,371,355,352,270,359,374,173,231,234,354,286,370,284,342,293,362,351,226,,284,,,b'\x11\xe8\xe1I\xe9\xd7r\x98\x9a\xbe\x12\xdf\x17\xaeN\x1e'
11E8E149-E9D7-7298-9ABE-12DF17AE4E1E,2022-ncaa-d3-conf-MASCAC,ncaa,6,6,5,6,5,6,6,6,6,6,6,6,2,2,3,2,7,6,7,6,4,6,6,6,6,6,1,1,7,6,6,6,6,6,6,6,2,7,7,7,7,7,4,4,,,4,5,,,6,5,2,3,6,6,6,6,6,2,2,7,6,6,6,3,6,5,6,6,7,7,4,,5,,,6,7,6,7,6,6,6,7,7,7,4,5,6,6,7,6,5,7,5,6,6,7,3,2,5,6,6,4,6,5,6,4,1,7,7,7,7,7,1,3,,,5,6,,,6,4,6,6,6,7,6,7,6,6,7,7,7,7,7,7,6,6,4,6,5,7,7,1,,5,,,b'\x11\xe8\xe1I\xe9\xd7r\x98\x9a\xbe\x12\xdf\x17\xaeN\x1e'
11E8E149-E9D7-7298-9ABE-12DF17AE4E1E,2022-ncaa-d3-natl,ncaa,393,410,250,403,280,356,352,289,381,374,342,379,165,107,298,71,386,328,418,330,203,302,118,357,385,409,87,53,358,215,288,174,362,193,321,220,6,428,425,394,363,411,229,295,,,249,115,,,426,95,8,249,388,383,282,396,370,147,85,407,334,334,315,20,188,83,124,200,428,373,217,,320,,,419,423,421,407,405,421,400,411,341,342,229,187,345,357,160,357,216,411,375,397,391,410,68,123,107,397,362,315,288,366,321,417,271,282,389,409,428,422,28,47,,,303,397,,,426,350,415,406,412,428,426,425,424,415,363,377,367,377,375,424,421,391,363,390,416,277,426,19,,303,,,b'\x11\xe8\xe1I\xe9\xd7r\x98\x9a\xbe\x12\xdf\x17\xaeN\x1e'
11E8E149-E9D7-7298-9ABE-12DF17AE4E1E,2023-ncaa-d3-conf-MASCAC,ncaa,6,6,7,6,7,6,6,6,7,7,6,7,3,3,6,2,7,7,6,6,4,6,6,7,7,7,2,2,7,6,6,4,4,6,4,6,1,6,6,6,7,7,6,6,,,2,4,,,6,7,3,1,6,6,6,6,6,3,2,6,6,6,6,5,6,3,5,5,6,7,6,,4,,,6,4,5,3,7,5,2,7,3,4,2,4,5,5,3,5,5,2,1,7,7,7,3,3,3,4,4,3,6,3,4,4,4,7,7,6,6,6,1,3,,,7,7,,,6,1,6,7,6,7,7,6,7,6,4,4,6,6,6,7,5,5,6,4,5,7,6,1,,7,,,b'\x11\xe8\xe1I\xe9\xd7r\x98\x9a\xbe\x12\xdf\x17\xaeN\x1e'
11E8E149-E9D7-7298-9ABE-12DF17AE4E1E,2023-ncaa-d3-natl,ncaa,381,398,271,390,306,361,356,264,395,368,318,395,190,138,323,94,397,368,408,363,323,289,149,383,399,411,123,65,376,187,262,159,320,175,309,218,3,424,413,368,338,386,126,160,,,187,106,,,414,146,20,257,382,374,200,389,301,182,108,414,379,373,256,44,143,59,81,181,423,330,105,,244,,,411,410,408,380,380,405,325,411,317,368,140,289,269,297,113,293,216,378,337,371,355,382,105,179,107,366,320,349,262,368,309,400,317,241,334,381,421,404,56,111,,,331,399,,,414,310,409,382,406,412,405,402,402,377,342,390,315,338,332,411,408,371,385,388,395,206,415,68,,330,,,b'\x11\xe8\xe1I\xe9\xd7r\x98\x9a\xbe\x12\xdf\x17\xaeN\x1e'
11E8E149-E9D7-7298-9ABE-12DF17AE4E1E,2024-ncaa-d3-conf-MASCAC,ncaa,6,7,4,6,6,6,6,6,6,6,6,6,4,3,5,3,4,2,5,2,1,6,3,6,6,6,2,3,1,4,4,3,4,3,4,6,6,7,6,6,6,7,6,7,,,3,2,,,6,3,2,4,6,6,5,6,5,4,3,3,1,1,4,3,3,2,3,6,6,6,6,,3,,,6,7,7,7,6,7,6,7,7,7,3,7,3,3,1,3,2,7,6,6,5,6,2,7,1,6,4,5,4,5,4,6,3,6,7,6,7,6,7,7,,,2,2,,,6,5,6,6,6,7,7,7,7,6,7,7,3,3,3,7,6,6,5,5,5,5,7,7,,2,,,b'\x11\xe8\xe1I\xe9\xd7r\x98\x9a\xbe\x12\xdf\x17\xaeN\x1e'
11E8E149-E9D7-7298-9ABE-12DF17AE4E1E,2024-ncaa-d3-natl,ncaa,353,394,112,364,165,238,239,76,385,208,77,360,264,131,398,227,179,125,352,121,241,74,25,383,388,386,268,294,140,43,164,39,299,34,242,217,155,423,373,368,199,324,333,383,,,251,58,,,384,25,7,205,284,274,44,222,80,293,151,202,136,132,45,9,41,14,15,237,408,222,352,,218,,,375,415,419,422,312,419,413,363,362,415,83,278,160,180,124,189,58,423,409,289,244,286,53,173,43,401,299,414,164,415,242,409,254,123,303,337,426,399,353,262,,,92,319,,,384,400,379,310,369,394,403,415,404,399,329,400,144,167,173,411,415,387,406,403,378,138,416,336,,86,,,b'\x11\xe8\xe1I\xe9\xd7r\x98\x9a\xbe\x12\xdf\x17\xaeN\x1e'
11E8E149-E9D7-7298-9ABE-12DF17AE4E1E,2025-ncaa-d3-conf-MASCAC,genius_ncaa,6,6,5,6,6,6,6,5,6,6,5,6,5,4,6,4,3,3,5,3,2,5,4,6,6,6,4,5,1,5,5,5,6,5,5,6,5,6,6,6,5,6,6,6,,,1,1,,1,6,4,2,6,6,6,4,6,4,5,4,3,2,2,3,2,3,5,3,6,6,5,6,,2,,1,6,6,6,6,6,6,6,6,6,5,6,4,1,2,3,1,1,6,5,6,6,6,3,4,1,6,6,5,5,5,5,5,2,4,5,6,6,5,5,6,,,2,3,,1,6,3,6,6,6,6,6,6,6,6,6,5,2,3,2,6,6,6,5,6,5,3,6,6,,2,,1,b'\x11\xe8\xe1I\xe9\xd7r\x98\x9a\xbe\x12\xdf\x17\xaeN\x1e'
11E8E149-E9D7-7298-9ABE-12DF17AE4E1E,2025-ncaa-d3-natl,genius_ncaa,370,400,192,385,288,273,288,70,396,238,82,386,330,143,407,262,115,34,399,34,103,56,25,400,401,391,247,341,44,36,190,73,386,38,343,319,334,408,330,378,227,368,310,375,,,222,50,,1,407,31,6,406,284,301,23,247,46,340,130,90,15,15,13,6,19,23,9,341,392,229,310,,246,,1,394,416,417,417,352,416,419,354,360,376,210,165,270,290,130,286,75,419,409,328,301,344,44,123,62,417,386,412,190,415,343,397,116,172,360,342,399,331,355,262,,,66,250,,414,407,391,378,380,386,410,408,418,413,416,348,369,301,312,311,418,415,413,414,415,380,145,383,355,,31,,416,b'\x11\xe8\xe1I\xe9\xd7r\x98\x9a\xbe\x12\xdf\x17\xaeN\x1e'
11E8E149-E9D7-7298-9ABE-12DF17AE4E1E,2026-ncaa-d3-natl,genius_ncaa,288,366,42,332,64,223,235,154,339,221,198,279,230,109,370,138,135,74,346,61,53,141,100,339,345,352,167,245,92,226,362,68,370,118,360,224,190,368,341,341,184,316,195,242,,,371,252,,45,362,80,194,113,370,376,370,358,364,314,196,234,173,140,347,286,339,166,263,342,310,273,269,,303,,39,341,343,320,384,90,258,282,157,399,410,129,404,299,306,213,305,256,381,377,125,123,154,361,380,184,405,370,359,362,389,360,351,311,92,255,254,382,371,134,126,,,78,124,,363,362,341,368,245,340,251,217,336,119,121,376,408,207,193,191,328,321,389,307,362,286,195,352,68,,162,,381,b'\x11\xe8\xe1I\xe9\xd7r\x98\x9a\xbe\x12\xdf\x17\xaeN\x1e'
11E8E149-E9DB-F278-9ABE-12DF17AE4E1E,2018-ncaa-d3-conf-SLIAC,ncaa,5,4,5,5,9,6,6,8,5,7,8,2,5,3,5,2,7,7,6,7,4,8,8,5,5,5,5,4,7,8,8,5,3,7,6,6,3,5,7,5,3,2,8,8,,,4,5,,,6,7,6,9,6,6,8,7,8,3,3,7,7,7,8,8,8,5,6,5,6,2,8,,5,,,6,1,2,1,5,3,1,5,2,5,4,6,3,3,3,2,5,1,3,4,4,4,3,5,4,3,3,4,8,3,6,4,8,3,2,4,1,6,2,6,,,8,7,,,6,3,6,4,6,3,4,2,5,2,4,5,3,3,2,2,3,4,4,4,6,2,2,2,,8,,,b'\x11\xe8\xe1I\xe9\xdb\xf2x\x9a\xbe\x12\xdf\x17\xaeN\x1e'
11E8E149-E9DB-F278-9ABE-12DF17AE4E1E,2018-ncaa-d3-natl,ncaa,262,197,390,250,394,326,318,377,190,350,422,48,156,86,309,16,398,406,288,402,192,381,400,145,188,204,127,65,390,411,382,398,215,411,345,255,114,88,258,180,126,58,418,403,,,93,232,,,256,394,153,118,218,201,202,284,409,82,21,362,369,365,249,249,380,331,385,136,237,61,414,,236,,,257,73,99,37,343,97,24,400,215,216,208,385,72,74,227,73,241,28,41,361,354,271,239,318,121,57,215,95,382,65,345,249,399,207,95,239,39,116,69,245,,,409,342,,,256,50,253,241,253,262,290,189,250,103,321,346,153,136,135,162,251,164,282,233,360,99,105,122,,350,,,b'\x11\xe8\xe1I\xe9\xdb\xf2x\x9a\xbe\x12\xdf\x17\xaeN\x1e'
11E8E149-E9DB-F278-9ABE-12DF17AE4E1E,2019-ncaa-d3-conf-SLIAC,ncaa,6,6,8,6,8,6,6,7,5,7,9,2,4,2,8,1,6,6,3,6,1,7,8,5,5,5,3,3,5,8,9,9,8,9,9,6,3,2,5,5,2,2,6,5,,,6,6,,,5,8,2,5,6,5,6,7,9,3,2,4,5,5,6,6,8,10,9,5,5,2,6,,7,,,5,2,3,1,7,6,4,8,2,2,3,2,5,4,3,4,5,1,3,6,6,4,2,2,5,4,8,7,9,4,9,1,2,4,2,3,4,5,3,7,,,6,3,,,5,3,6,4,5,4,5,4,7,7,2,2,4,6,6,5,8,6,10,9,6,2,5,4,,4,,,b'\x11\xe8\xe1I\xe9\xdb\xf2x\x9a\xbe\x12\xdf\x17\xaeN\x1e'
11E8E149-E9DB-F278-9ABE-12DF17AE4E1E,2019-ncaa-d3-natl,ncaa,282,244,365,282,374,245,273,331,190,336,419,23,104,32,345,11,222,259,103,263,18,331,337,133,117,150,47,60,183,397,395,397,303,404,385,191,91,190,276,184,35,18,304,273,,,148,200,,,220,299,55,146,119,175,160,283,421,46,9,123,162,163,154,131,379,379,402,110,298,14,266,,282,,,222,185,209,69,401,240,100,404,150,116,301,192,193,181,274,178,265,72,134,396,397,261,150,154,216,122,303,192,395,151,385,271,285,88,39,125,217,284,137,347,,,259,157,,,220,161,215,230,213,342,341,213,342,224,241,196,295,277,275,235,368,231,333,304,341,21,299,197,,112,,,b'\x11\xe8\xe1I\xe9\xdb\xf2x\x9a\xbe\x12\xdf\x17\xaeN\x1e'
11E8E149-E9DB-F278-9ABE-12DF17AE4E1E,2020-ncaa-d3-conf-SLIAC,ncaa,2,2,3,2,4,5,5,6,2,6,9,1,1,1,6,2,5,5,6,5,3,6,7,2,2,2,2,2,7,8,6,9,8,9,6,4,3,4,6,4,2,1,6,6,,,6,7,,,4,6,8,8,6,5,7,7,9,1,1,6,5,5,7,9,9,10,9,4,5,2,7,,7,,,4,1,1,1,6,7,5,7,1,1,1,1,7,6,10,6,7,1,4,3,4,3,2,1,7,4,8,1,6,1,6,1,2,2,2,2,2,4,6,8,,,5,4,,,4,6,5,3,4,2,2,1,8,5,1,1,7,7,7,1,2,3,2,1,2,3,2,5,,5,,,b'\x11\xe8\xe1I\xe9\xdb\xf2x\x9a\xbe\x12\xdf\x17\xaeN\x1e'
11E8E149-E9DB-F278-9ABE-12DF17AE4E1E,2020-ncaa-d3-natl,ncaa,149,136,198,150,310,162,172,294,57,305,410,13,23,25,95,9,276,330,104,332,85,309,300,21,22,61,32,17,370,381,344,402,269,407,328,93,32,264,321,140,35,23,353,337,,,247,302,,,175,229,154,402,105,133,290,318,425,15,20,276,339,343,324,284,396,431,433,49,287,30,357,,290,,,174,238,217,75,377,274,95,407,121,157,91,243,347,261,435,255,335,86,171,357,389,290,169,93,336,74,269,85,344,65,328,213,208,71,46,109,192,235,248,403,,,306,291,,,175,227,123,237,167,262,237,89,280,101,130,179,357,271,264,108,210,85,96,77,231,55,204,271,,323,,,b'\x11\xe8\xe1I\xe9\xdb\xf2x\x9a\xbe\x12\xdf\x17\xaeN\x1e'
11E8E149-E9DB-F278-9ABE-12DF17AE4E1E,2021-ncaa-d3-conf-SLIAC,ncaa,5,5,5,6,7,7,7,7,7,8,8,2,4,1,8,1,5,5,1,5,1,7,7,7,7,6,1,1,2,7,7,5,6,7,7,5,5,4,6,6,4,4,8,7,,,2,1,,,6,6,6,8,7,7,8,8,8,3,1,4,5,5,8,7,7,6,7,6,5,3,7,,1,,,6,5,5,5,6,5,5,7,6,5,5,5,2,2,2,2,1,4,4,7,5,6,2,4,1,6,6,5,7,5,7,6,5,5,7,7,4,4,4,8,,,7,3,,,6,3,7,6,6,6,7,7,7,7,6,6,1,1,1,7,6,6,6,6,7,6,3,5,,4,,,b'\x11\xe8\xe1I\xe9\xdb\xf2x\x9a\xbe\x12\xdf\x17\xaeN\x1e'
11E8E149-E9DB-F278-9ABE-12DF17AE4E1E,2021-ncaa-d3-natl,ncaa,128,183,112,164,145,125,137,129,174,154,199,21,75,35,237,4,115,134,40,134,24,133,122,142,136,159,27,42,117,187,258,140,233,164,249,117,71,188,209,169,85,118,171,245,,,116,19,,,248,109,45,285,151,178,164,233,282,52,8,128,168,156,172,128,256,195,241,130,199,89,222,,38,,,227,207,229,204,244,238,212,242,199,184,204,146,97,109,56,107,19,190,184,240,215,228,35,150,14,204,233,182,258,188,249,238,182,141,222,255,160,159,125,227,,,132,164,,,248,179,188,239,220,252,272,265,268,263,226,219,31,43,44,252,237,226,193,215,264,177,153,108,,163,,,b'\x11\xe8\xe1I\xe9\xdb\xf2x\x9a\xbe\x12\xdf\x17\xaeN\x1e'
11E8E149-E9DB-F278-9ABE-12DF17AE4E1E,2022-ncaa-d3-conf-SLIAC,ncaa,4,4,2,4,2,3,3,5,2,6,8,1,1,1,4,1,7,6,7,6,1,5,6,1,2,2,1,1,8,8,6,3,5,6,5,3,3,4,4,3,6,7,6,7,,,1,1,,,3,4,7,2,3,3,8,6,8,1,1,8,7,7,8,8,8,5,7,3,3,7,7,,1,,,3,6,7,8,3,4,6,3,6,7,5,6,4,3,5,3,1,6,5,4,3,3,6,6,2,7,5,2,6,6,5,8,8,4,6,8,1,2,1,8,,,2,1,,,3,5,3,4,3,3,5,7,4,5,6,7,3,2,2,7,4,7,3,4,8,7,1,2,,3,,,b'\x11\xe8\xe1I\xe9\xdb\xf2x\x9a\xbe\x12\xdf\x17\xaeN\x1e'
11E8E149-E9DB-F278-9ABE-12DF17AE4E1E,2022-ncaa-d3-natl,ncaa,210,210,250,222,271,117,138,276,22,281,415,1,15,17,74,4,265,259,250,254,5,270,290,5,7,21,13,8,381,391,378,265,256,341,292,108,100,182,250,106,261,290,374,379,,,59,29,,,170,233,102,153,38,63,253,293,426,8,12,242,217,210,249,260,407,249,365,55,224,256,388,,45,,,172,308,338,283,307,275,165,342,400,387,316,391,73,72,137,72,85,253,212,343,306,315,260,382,31,230,256,94,378,132,292,401,391,253,290,381,118,157,46,243,,,189,94,,,170,208,57,311,165,344,361,368,306,226,411,410,77,78,75,346,325,256,107,165,397,233,156,37,,121,,,b'\x11\xe8\xe1I\xe9\xdb\xf2x\x9a\xbe\x12\xdf\x17\xaeN\x1e'
11E8E149-E9DB-F278-9ABE-12DF17AE4E1E,2023-ncaa-d3-conf-SLIAC,ncaa,4,4,2,4,2,2,2,4,2,6,8,1,1,1,1,1,4,5,4,4,1,4,4,1,1,1,1,1,7,7,7,4,7,5,7,3,3,3,5,3,3,3,7,8,,,3,1,,,2,3,5,3,2,2,6,7,8,1,1,6,6,5,7,8,8,7,8,3,3,3,7,,1,,,2,6,7,6,5,7,7,7,1,3,1,3,2,2,5,2,1,6,6,5,4,4,1,1,2,7,7,5,7,6,7,7,5,4,5,6,2,3,4,6,,,5,4,,,2,6,2,5,2,5,7,6,7,6,1,2,2,2,2,6,6,6,2,4,6,5,2,4,,6,,,b'\x11\xe8\xe1I\xe9\xdb\xf2x\x9a\xbe\x12\xdf\x17\xaeN\x1e'
11E8E149-E9DB-F278-9ABE-12DF17AE4E1E,2023-ncaa-d3-natl,ncaa,228,171,377,207,394,153,178,332,24,299,414,3,22,32,32,7,255,269,231,271,21,332,361,5,10,22,21,13,351,356,253,401,358,393,322,131,124,112,206,92,117,66,404,406,,,40,45,,,170,342,89,288,17,40,142,215,415,3,10,148,136,142,138,139,301,402,388,46,243,54,400,,69,,,163,226,317,108,419,358,125,424,139,140,176,234,83,57,348,57,81,81,88,410,405,378,37,119,57,179,358,39,253,53,322,314,249,228,161,307,145,238,56,282,,,333,245,,,170,85,34,372,169,375,394,333,398,323,239,266,164,114,110,309,327,284,119,193,369,111,251,115,,204,,,b'\x11\xe8\xe1I\xe9\xdb\xf2x\x9a\xbe\x12\xdf\x17\xaeN\x1e'
11E8E149-E9DB-F278-9ABE-12DF17AE4E1E,2024-ncaa-d3-conf-SLIAC,ncaa,7,8,1,7,2,6,7,4,8,8,10,7,1,1,6,1,7,7,10,6,2,4,5,7,8,7,1,1,7,7,9,8,7,7,9,6,7,5,4,4,5,5,9,10,,,7,6,,,7,3,7,2,7,7,4,10,10,1,1,7,7,6,4,8,9,9,10,7,4,5,10,,6,,,7,9,9,8,9,8,8,9,8,4,10,4,8,8,4,8,4,9,7,9,9,8,4,4,2,7,7,10,9,10,9,7,1,6,6,6,5,4,8,10,,,4,5,,,7,8,8,8,7,6,6,5,6,5,7,1,6,7,7,5,4,5,10,7,6,6,3,8,,7,,,b'\x11\xe8\xe1I\xe9\xdb\xf2x\x9a\xbe\x12\xdf\x17\xaeN\x1e'
11E8E149-E9DB-F278-9ABE-12DF17AE4E1E,2024-ncaa-d3-natl,ncaa,318,361,112,344,128,195,247,175,318,371,400,233,14,8,186,3,225,95,408,84,5,152,149,203,241,235,2,1,251,267,348,343,363,330,396,259,268,247,214,266,162,204,412,415,,,288,226,,,369,114,155,67,239,287,199,409,424,7,3,242,105,93,173,182,299,412,397,293,221,173,416,,267,,,361,417,413,302,422,415,329,420,324,204,388,150,310,344,115,337,261,322,315,423,423,408,73,123,115,309,363,386,348,371,396,351,89,175,240,300,277,243,150,351,,,128,124,,,369,308,264,402,362,397,399,283,402,294,299,181,296,320,313,292,282,270,360,336,322,201,247,136,,131,,,b'\x11\xe8\xe1I\xe9\xdb\xf2x\x9a\xbe\x12\xdf\x17\xaeN\x1e'
11E8E149-E9DB-F278-9ABE-12DF17AE4E1E,2025-ncaa-d3-conf-SLIAC,genius_ncaa,9,9,10,9,10,9,10,9,10,10,10,9,3,1,10,1,9,7,10,7,1,9,10,10,10,9,1,1,2,9,10,10,10,10,10,10,8,1,3,9,9,9,8,9,,,1,1,,1,9,10,9,1,9,9,9,10,10,2,1,8,6,6,9,10,9,10,10,9,1,9,8,,1,,1,9,6,8,8,8,8,5,8,9,9,8,9,1,1,8,1,1,3,1,8,8,9,2,9,1,9,10,9,10,9,10,8,10,9,9,9,1,5,1,7,,,8,2,,7,9,1,9,9,9,8,8,8,8,8,10,10,1,1,1,8,5,10,10,10,8,9,4,1,,6,,7,b'\x11\xe8\xe1I\xe9\xdb\xf2x\x9a\xbe\x12\xdf\x17\xaeN\x1e'
11E8E149-E9DB-F278-9ABE-12DF17AE4E1E,2025-ncaa-d3-natl,genius_ncaa,370,334,386,372,392,393,402,389,404,413,416,354,200,49,389,1,341,275,401,273,4,385,400,383,388,368,2,7,76,407,414,398,414,403,418,399,320,61,248,360,357,339,388,394,,,3,2,,122,390,392,138,258,381,398,298,419,419,82,5,259,107,110,269,263,391,362,404,393,228,265,377,,2,,188,399,227,372,237,383,366,207,393,278,271,257,323,4,3,148,3,2,121,70,379,337,370,17,273,2,397,414,321,414,380,418,368,297,380,368,396,185,337,29,326,,,323,74,,177,390,28,376,402,398,394,407,406,404,402,378,388,2,2,2,394,377,414,413,411,401,289,319,73,,118,,99,b'\x11\xe8\xe1I\xe9\xdb\xf2x\x9a\xbe\x12\xdf\x17\xaeN\x1e'
11E8E149-E9E1-9DC2-9ABE-12DF17AE4E1E,2018-ncaa-d3-conf-MASCAC,ncaa,2,2,1,2,1,2,2,2,2,3,3,1,3,3,2,3,1,2,1,2,2,2,2,1,1,1,3,3,2,4,5,2,6,3,3,3,6,3,2,2,3,3,6,6,,,6,4,,,2,2,4,3,2,2,3,3,5,3,3,1,2,2,2,4,6,3,4,3,3,3,6,,4,,,2,5,5,7,2,4,4,4,7,7,1,7,3,3,4,3,2,7,6,3,3,3,6,6,2,7,6,3,5,6,3,6,5,4,4,4,2,3,4,4,,,1,1,,,2,6,2,5,2,5,5,6,4,3,5,7,2,3,2,6,5,7,2,4,5,4,2,3,,1,,,b'\x11\xe8\xe1I\xe9\xe1\x9d\xc2\x9a\xbe\x12\xdf\x17\xaeN\x1e'
11E8E149-E9E1-9DC2-9ABE-12DF17AE4E1E,2018-ncaa-d3-natl,ncaa,138,138,123,152,129,56,58,93,56,83,138,42,90,108,113,159,72,141,19,144,212,99,113,60,41,39,213,195,219,218,258,55,241,106,201,132,330,173,107,125,148,208,324,335,,,248,105,,,157,93,92,32,30,32,80,61,156,108,118,63,152,154,81,118,258,27,93,131,141,161,342,,205,,,158,409,412,427,227,335,266,340,436,442,156,437,119,114,219,107,98,410,374,290,239,286,319,419,42,391,241,259,258,336,201,408,331,181,294,360,176,121,181,134,,,119,177,,,157,362,48,293,153,363,371,408,285,216,430,443,97,91,86,391,377,357,224,297,377,220,146,150,,122,,,b'\x11\xe8\xe1I\xe9\xe1\x9d\xc2\x9a\xbe\x12\xdf\x17\xaeN\x1e'
11E8E149-E9E1-9DC2-9ABE-12DF17AE4E1E,2019-ncaa-d3-conf-MASCAC,ncaa,4,4,1,4,1,3,4,4,3,4,5,3,3,3,1,3,2,4,1,4,2,4,4,3,2,2,3,3,3,5,4,2,2,3,3,4,2,2,2,4,3,3,4,5,,,3,3,,,2,2,5,1,3,4,5,4,6,3,3,2,5,5,5,7,5,2,3,4,2,3,5,,2,,,2,2,3,4,3,5,6,3,2,2,1,2,3,1,5,2,1,4,4,2,2,1,2,2,3,2,2,4,4,3,3,2,2,3,3,2,2,2,4,4,,,1,2,,,2,6,3,1,2,1,2,2,4,3,2,2,2,1,2,2,2,2,3,3,2,3,2,3,,2,,,b'\x11\xe8\xe1I\xe9\xe1\x9d\xc2\x9a\xbe\x12\xdf\x17\xaeN\x1e'
11E8E149-E9E1-9DC2-9ABE-12DF17AE4E1E,2019-ncaa-d3-natl,ncaa,155,134,215,151,298,145,143,219,84,169,237,91,128,174,78,177,202,246,92,244,212,224,220,67,70,98,197,167,281,225,171,185,236,209,167,128,152,248,258,158,206,211,183,219,,,115,96,,,111,215,160,380,92,97,171,146,232,112,158,182,228,230,174,165,211,132,161,96,264,197,170,,119,,,105,144,220,258,176,274,334,140,146,119,276,106,55,72,82,78,48,195,216,162,117,125,67,179,60,269,236,133,171,177,167,219,183,194,195,194,165,162,377,381,,,160,138,,,111,206,117,150,116,169,262,307,283,368,162,117,56,74,78,250,262,287,142,186,233,178,173,388,,117,,,b'\x11\xe8\xe1I\xe9\xe1\x9d\xc2\x9a\xbe\x12\xdf\x17\xaeN\x1e'
11E8E149-E9E1-9DC2-9ABE-12DF17AE4E1E,2020-ncaa-d3-conf-MASCAC,ncaa,1,1,2,1,3,2,2,4,1,2,4,1,3,3,1,4,2,2,1,2,3,4,4,1,1,1,4,4,4,4,3,1,1,1,1,2,2,4,4,2,5,5,2,2,,,3,1,,,1,4,4,5,2,2,4,1,6,3,4,2,2,2,4,5,5,1,1,2,4,5,2,,2,,,1,1,1,7,1,2,4,1,5,6,1,6,1,2,1,2,1,6,4,1,1,1,6,6,1,2,1,1,3,1,1,2,3,5,5,3,3,3,1,2,,,1,1,,,1,4,1,1,1,1,1,4,1,4,4,5,1,1,1,2,3,2,1,1,2,6,3,1,,2,,,b'\x11\xe8\xe1I\xe9\xe1\x9d\xc2\x9a\xbe\x12\xdf\x17\xaeN\x1e'
11E8E149-E9E1-9DC2-9ABE-12DF17AE4E1E,2020-ncaa-d3-natl,ncaa,48,46,65,50,110,25,29,100,11,41,141,9,58,98,42,160,58,86,89,83,124,90,59,10,9,25,211,186,252,110,81,8,60,22,19,23,109,368,279,108,244,319,43,64,,,173,71,,,30,45,87,295,17,18,170,45,231,71,142,79,117,116,142,109,162,4,20,21,310,295,52,,97,,,29,274,301,424,51,157,339,39,417,424,268,375,81,106,64,102,64,409,388,87,48,99,356,409,52,292,60,105,81,167,19,303,243,201,310,267,306,230,259,227,,,56,136,,,30,394,25,105,36,179,211,363,106,255,382,394,48,64,57,322,295,233,44,89,225,262,256,222,,88,,,b'\x11\xe8\xe1I\xe9\xe1\x9d\xc2\x9a\xbe\x12\xdf\x17\xaeN\x1e'
11E8E149-E9E1-9DC2-9ABE-12DF17AE4E1E,2022-ncaa-d3-conf-MASCAC,ncaa,1,1,2,1,2,3,3,5,1,3,4,1,4,5,2,5,1,1,1,1,2,4,4,1,1,1,4,5,1,5,1,2,1,2,1,4,5,1,3,3,3,3,3,3,,,3,3,,,1,3,6,2,2,3,5,2,4,4,6,1,1,1,5,6,5,1,1,4,1,3,3,,1,,,1,1,1,2,1,1,1,1,2,4,1,7,3,3,5,3,4,2,1,1,1,1,6,6,4,1,1,1,1,1,1,1,3,4,4,4,1,1,5,4,,,1,1,,,1,5,1,1,1,1,1,2,1,1,3,5,3,3,2,2,1,1,1,1,1,5,1,5,,1,,,b'\x11\xe8\xe1I\xe9\xe1\x9d\xc2\x9a\xbe\x12\xdf\x17\xaeN\x1e'
11E8E149-E9E1-9DC2-9ABE-12DF17AE4E1E,2022-ncaa-d3-natl,ncaa,39,21,107,30,128,43,45,105,15,24,47,24,267,304,199,368,7,13,79,14,123,79,92,47,31,37,350,384,88,166,143,40,8,63,24,38,97,205,111,48,119,141,146,163,,,130,63,,,29,81,90,90,19,22,112,9,49,307,339,10,19,20,64,94,197,12,45,25,165,136,171,,65,,,23,203,225,297,107,193,262,110,280,327,163,306,115,97,273,85,60,274,303,120,107,91,234,312,100,62,8,177,143,118,24,333,362,102,136,211,118,67,230,124,,,8,17,,,29,348,41,58,28,124,154,249,137,191,245,288,81,55,44,183,231,34,100,57,278,127,93,205,,7,,,b'\x11\xe8\xe1I\xe9\xe1\x9d\xc2\x9a\xbe\x12\xdf\x17\xaeN\x1e'
11E8E149-E9E1-9DC2-9ABE-12DF17AE4E1E,2023-ncaa-d3-conf-MASCAC,ncaa,3,2,4,3,4,3,3,5,1,1,5,1,4,5,1,5,3,5,2,5,2,5,5,1,1,1,5,5,3,5,2,1,1,4,1,2,4,2,4,2,6,5,5,2,,,2,3,,,3,5,4,5,1,1,5,1,3,4,5,2,3,4,5,6,5,1,1,1,2,6,4,,3,,,2,2,2,5,1,1,1,2,7,7,3,7,4,3,7,3,4,4,2,2,2,3,7,7,5,1,1,1,2,1,1,1,2,5,5,4,2,4,4,2,,,4,2,,,3,3,1,3,2,4,3,4,2,3,7,7,4,4,4,4,3,2,1,1,3,5,4,4,,3,,,b'\x11\xe8\xe1I\xe9\xe1\x9d\xc2\x9a\xbe\x12\xdf\x17\xaeN\x1e'
11E8E149-E9E1-9DC2-9ABE-12DF17AE4E1E,2023-ncaa-d3-natl,ncaa,107,43,333,69,374,105,65,245,5,36,142,9,292,344,101,351,182,233,84,238,298,248,238,13,12,34,395,372,310,137,10,60,72,84,4,77,177,269,288,131,338,341,237,202,,,72,75,,,48,274,67,403,11,9,89,4,45,257,324,85,135,147,79,52,62,4,6,17,330,303,212,,132,,,36,93,79,198,31,31,85,34,370,385,229,402,111,96,273,97,184,164,148,73,67,108,415,414,157,151,72,19,10,32,4,129,246,272,263,206,269,278,176,134,,,248,253,,,48,159,26,104,40,214,180,358,62,163,402,417,181,165,162,338,328,215,14,62,218,197,323,238,,124,,,b'\x11\xe8\xe1I\xe9\xe1\x9d\xc2\x9a\xbe\x12\xdf\x17\xaeN\x1e'
11E8E149-E9E1-9DC2-9ABE-12DF17AE4E1E,2024-ncaa-d3-conf-MASCAC,ncaa,1,1,1,1,2,2,3,5,1,3,4,2,3,4,1,5,1,1,1,1,2,4,6,1,1,1,4,4,2,3,2,1,1,1,1,3,3,4,4,3,5,4,5,5,,,2,3,,,1,6,6,6,2,3,6,4,4,3,5,1,3,2,6,6,5,1,1,3,3,5,5,,2,,,1,1,1,5,1,1,3,1,3,6,1,6,2,2,2,2,3,4,2,1,1,1,3,6,3,1,1,3,2,1,1,1,2,5,4,4,2,2,5,5,,,3,3,,,1,3,1,1,1,1,1,3,1,2,2,4,1,1,1,2,1,1,1,1,1,6,2,4,,3,,,b'\x11\xe8\xe1I\xe9\xe1\x9d\xc2\x9a\xbe\x12\xdf\x17\xaeN\x1e'
11E8E149-E9E1-9DC2-9ABE-12DF17AE4E1E,2024-ncaa-d3-natl,ncaa,20,7,63,15,86,38,57,110,30,43,58,77,212,305,40,370,11,20,10,19,118,84,66,55,33,61,286,339,78,56,23,4,14,7,2,30,34,340,246,96,234,294,296,333,,,149,68,,,32,77,142,210,34,57,168,35,71,247,350,14,33,32,122,105,72,2,6,24,275,290,329,,86,,,30,190,218,396,25,193,313,63,308,416,21,382,109,77,351,84,53,372,335,32,24,56,258,334,102,172,14,74,23,98,2,219,224,247,324,249,240,147,319,203,,,56,133,,,32,355,45,50,32,106,131,339,117,215,245,386,63,35,42,287,234,113,16,40,171,315,183,286,,82,,,b'\x11\xe8\xe1I\xe9\xe1\x9d\xc2\x9a\xbe\x12\xdf\x17\xaeN\x1e'
11E8E149-E9E1-9DC2-9ABE-12DF17AE4E1E,2025-ncaa-d3-conf-MASCAC,genius_ncaa,2,2,1,2,1,4,4,4,4,5,6,2,3,3,3,3,1,1,3,1,1,4,5,1,1,2,1,3,2,3,2,2,2,2,3,5,4,3,4,5,4,4,5,5,,,3,2,,1,4,5,6,2,4,5,6,5,6,3,3,1,1,1,5,6,4,2,2,5,3,4,5,,1,,1,4,4,4,4,3,3,4,3,4,4,4,5,2,1,4,2,2,4,2,3,3,4,5,5,2,2,2,2,2,2,3,4,4,5,4,5,2,4,3,3,,,1,1,,1,4,2,2,4,3,3,3,4,3,3,4,4,1,1,1,4,2,2,1,2,4,5,2,3,,1,,1,b'\x11\xe8\xe1I\xe9\xe1\x9d\xc2\x9a\xbe\x12\xdf\x17\xaeN\x1e'
11E8E149-E9E1-9DC2-9ABE-12DF17AE4E1E,2025-ncaa-d3-natl,genius_ncaa,194,118,345,168,369,211,218,269,169,201,208,198,255,292,155,291,129,90,317,91,93,232,231,186,187,199,224,270,117,118,69,137,132,134,69,251,282,209,231,242,312,304,235,242,,,114,136,,4,209,285,69,398,90,119,92,110,89,214,237,58,28,30,58,51,47,19,17,186,282,261,203,,205,,4,209,171,169,215,142,99,173,71,358,277,377,295,129,115,257,116,138,186,138,190,171,243,349,385,143,174,132,97,69,109,69,282,336,322,322,336,128,151,103,101,,,100,44,,414,209,144,171,241,203,318,303,365,206,322,384,350,203,185,186,358,328,254,228,245,340,261,211,153,,16,,415,b'\x11\xe8\xe1I\xe9\xe1\x9d\xc2\x9a\xbe\x12\xdf\x17\xaeN\x1e'
11E8E149-E9E1-9DC2-9ABE-12DF17AE4E1E,2026-ncaa-d3-natl,genius_ncaa,225,329,42,282,105,29,67,77,169,101,125,139,60,45,181,118,10,27,26,28,47,60,47,152,95,147,76,159,53,73,110,55,106,67,87,56,125,358,256,225,289,382,50,135,,,210,58,,156,200,43,86,379,84,157,165,200,271,111,92,20,51,51,116,92,154,136,138,127,294,380,94,,72,,123,204,377,384,372,334,374,371,286,371,344,351,232,243,183,388,180,44,355,350,337,328,337,168,285,66,234,106,270,110,265,87,387,291,128,266,333,325,224,336,306,,,16,51,,98,200,366,156,296,213,319,343,318,318,299,332,269,124,63,61,263,245,127,115,107,345,255,244,285,,23,,148,b'\x11\xe8\xe1I\xe9\xe1\x9d\xc2\x9a\xbe\x12\xdf\x17\xaeN\x1e'
11E8E149-E9E6-D378-9ABE-12DF17AE4E1E,2018-ncaa-d3-conf-AMCC,ncaa,10,10,7,10,9,10,10,10,9,10,10,10,4,8,2,2,10,10,9,10,9,10,10,8,9,10,1,1,10,10,10,10,9,10,10,9,3,9,10,10,9,9,9,7,,,2,4,,,10,10,9,7,10,10,10,10,10,3,8,10,10,10,10,10,10,8,10,9,10,9,7,,2,,,10,3,3,3,6,2,1,5,10,6,10,10,2,2,5,2,5,2,1,10,8,9,10,10,1,6,9,1,10,3,10,5,7,9,9,9,10,10,1,7,,,10,9,,,10,1,10,9,10,7,8,8,4,4,10,9,4,5,5,8,2,8,4,4,7,9,10,1,,10,,,b'\x11\xe8\xe1I\xe9\xe6\xd3x\x9a\xbe\x12\xdf\x17\xaeN\x1e'
11E8E149-E9E6-D378-9ABE-12DF17AE4E1E,2018-ncaa-d3-natl,ncaa,426,427,363,426,378,422,422,422,398,422,418,422,293,350,144,138,433,435,310,436,434,427,404,383,395,425,113,51,417,414,374,304,383,382,355,392,98,425,440,421,369,373,346,353,,,62,73,,,424,395,256,303,433,429,437,432,411,256,313,440,443,443,441,372,414,161,324,387,435,354,339,,107,,,423,181,190,199,189,129,159,134,363,317,376,337,105,122,104,127,168,185,103,247,205,310,345,399,102,378,383,67,374,169,355,310,363,407,415,407,434,440,40,162,,,428,415,,,424,62,428,361,422,328,326,384,234,306,414,393,169,200,216,375,312,404,175,321,359,398,437,62,,433,,,b'\x11\xe8\xe1I\xe9\xe6\xd3x\x9a\xbe\x12\xdf\x17\xaeN\x1e'
11E8E149-E9E6-D378-9ABE-12DF17AE4E1E,2019-ncaa-d3-conf-AMCC,ncaa,10,10,7,10,9,10,9,9,10,7,6,9,9,9,10,8,9,10,6,10,10,10,9,10,10,10,8,9,7,9,9,10,7,10,9,9,10,6,9,10,9,9,6,6,,,5,6,,,10,8,5,8,10,9,7,7,3,9,9,9,10,10,9,8,9,8,9,9,9,9,6,,7,,,10,6,4,2,7,2,1,9,10,10,9,9,8,8,10,8,9,4,3,10,10,9,10,9,7,3,7,6,9,4,9,2,3,8,8,7,4,6,10,10,,,10,9,,,10,3,10,9,10,8,7,6,5,2,10,10,9,8,8,7,6,5,8,6,3,7,4,10,,10,,,b'\x11\xe8\xe1I\xe9\xe6\xd3x\x9a\xbe\x12\xdf\x17\xaeN\x1e'
11E8E149-E9E6-D378-9ABE-12DF17AE4E1E,2019-ncaa-d3-natl,ncaa,413,421,317,417,358,392,367,338,374,311,207,382,396,375,371,353,397,415,156,414,431,366,357,392,393,397,390,348,338,370,369,350,381,370,388,303,127,254,346,317,364,370,320,319,,,97,113,,,407,345,241,415,407,375,294,290,134,392,373,406,425,422,361,310,350,337,372,286,314,359,328,,140,,,410,279,256,203,285,213,108,360,332,379,171,383,282,203,421,206,284,188,121,304,329,378,314,311,240,324,381,230,369,272,388,243,194,365,373,366,252,328,409,392,,,412,420,,,407,97,403,403,413,354,322,335,281,183,371,405,328,258,263,338,257,366,316,345,291,361,298,422,,429,,,b'\x11\xe8\xe1I\xe9\xe6\xd3x\x9a\xbe\x12\xdf\x17\xaeN\x1e'
11E8E149-E9E6-D378-9ABE-12DF17AE4E1E,2020-ncaa-d3-conf-AMCC,ncaa,7,7,7,7,8,8,8,9,9,8,8,8,8,8,7,6,11,11,6,11,11,9,8,8,9,10,8,5,11,5,3,8,3,8,4,9,11,10,10,10,5,2,9,9,,,10,11,,,7,9,6,6,8,8,7,8,5,7,8,11,11,11,9,6,4,7,4,9,10,2,9,,11,,,7,1,1,1,6,3,3,6,2,1,4,2,5,6,5,6,10,1,1,6,7,5,3,2,10,2,3,3,3,1,4,1,6,6,2,1,5,5,11,11,,,10,9,,,7,3,7,3,7,3,2,2,4,3,2,2,7,7,7,2,4,2,5,3,3,2,5,11,,10,,,b'\x11\xe8\xe1I\xe9\xe6\xd3x\x9a\xbe\x12\xdf\x17\xaeN\x1e'
11E8E149-E9E6-D378-9ABE-12DF17AE4E1E,2020-ncaa-d3-natl,ncaa,263,275,198,276,270,334,291,179,353,253,135,357,307,248,354,249,408,424,186,424,436,250,197,364,381,375,352,243,410,72,63,203,92,130,82,355,413,341,340,381,192,170,353,345,,,340,396,,,294,279,239,277,359,303,128,258,108,302,247,423,431,431,229,144,53,168,75,381,341,178,357,,365,,,293,108,112,102,190,145,127,241,99,144,76,213,253,274,171,266,317,107,121,170,191,171,200,134,315,89,92,194,63,136,82,152,211,197,153,161,230,233,347,302,,,363,405,,,294,162,347,144,292,146,143,119,171,136,110,168,262,282,275,137,144,103,216,161,169,175,245,355,,391,,,b'\x11\xe8\xe1I\xe9\xe6\xd3x\x9a\xbe\x12\xdf\x17\xaeN\x1e'
11E8E149-E9E6-D378-9ABE-12DF17AE4E1E,2021-ncaa-d3-conf-PAC,ncaa,9,10,3,10,6,9,10,8,10,10,8,10,8,7,10,4,7,5,6,5,3,8,7,10,10,9,3,4,1,9,10,9,10,10,10,10,10,7,9,10,10,10,9,9,,,4,2,,,10,6,8,6,10,10,9,10,8,8,5,7,5,5,10,9,9,10,10,10,8,10,9,,4,,,10,8,8,6,10,7,6,9,8,7,9,8,4,8,2,8,6,6,5,10,9,8,5,8,2,10,10,9,10,9,10,10,9,6,6,9,8,9,8,10,,,3,2,,,10,5,9,10,10,9,9,8,8,8,9,8,3,8,8,8,7,10,9,9,10,6,7,8,,2,,,b'\x11\xe8\xe1I\xe9\xe6\xd3x\x9a\xbe\x12\xdf\x17\xaeN\x1e'
11E8E149-E9E6-D378-9ABE-12DF17AE4E1E,2021-ncaa-d3-natl,ncaa,215,250,112,242,130,171,180,147,261,185,162,256,144,106,229,78,134,124,198,126,70,145,137,257,251,258,54,97,43,160,243,166,277,171,274,202,266,200,239,275,168,253,186,242,,,143,37,,,276,130,141,110,256,264,237,267,247,180,113,162,145,142,240,186,219,252,253,275,223,239,234,,81,,,268,209,217,190,236,211,171,250,234,220,218,238,139,168,18,163,121,188,185,247,221,226,137,234,36,259,277,200,243,225,274,243,248,127,188,249,223,251,205,251,,,100,52,,,276,155,258,268,268,256,264,249,236,177,260,259,86,157,146,248,241,277,238,269,270,144,244,225,,79,,,b'\x11\xe8\xe1I\xe9\xe6\xd3x\x9a\xbe\x12\xdf\x17\xaeN\x1e'
11E8E149-E9E6-D378-9ABE-12DF17AE4E1E,2022-ncaa-d3-conf-PAC,ncaa,10,10,8,10,9,9,9,7,10,9,7,9,9,7,10,7,9,5,10,5,5,8,6,10,10,10,7,9,4,4,4,7,8,7,8,10,9,9,10,10,6,6,9,10,,,5,6,,,10,6,3,4,10,9,5,7,6,9,8,9,4,4,4,3,4,8,5,10,10,6,7,,6,,,10,8,8,5,8,9,7,8,5,2,9,3,8,7,10,7,6,6,5,8,9,9,3,2,9,8,8,8,4,8,8,8,6,8,8,9,9,10,8,10,,,5,4,,,10,5,10,9,10,8,8,7,8,9,6,4,10,8,8,8,8,7,9,9,8,5,10,10,,3,,,b'\x11\xe8\xe1I\xe9\xe6\xd3x\x9a\xbe\x12\xdf\x17\xaeN\x1e'
11E8E149-E9E6-D378-9ABE-12DF17AE4E1E,2022-ncaa-d3-natl,ncaa,406,410,300,417,333,387,379,318,401,350,273,394,366,285,413,235,373,289,419,280,218,318,251,406,411,412,298,291,214,154,182,302,335,247,291,387,368,405,398,410,311,332,310,346,,,119,122,,,401,276,91,290,402,393,247,360,212,358,241,384,214,205,243,68,71,223,133,401,411,290,310,,185,,,400,299,295,215,319,316,275,290,159,126,302,92,318,246,424,242,200,213,160,298,332,353,151,111,278,283,335,264,182,272,291,281,218,309,329,340,418,412,361,396,,,260,250,,,401,142,405,367,400,373,362,361,370,385,216,173,369,319,319,362,338,343,370,359,338,279,417,405,,149,,,b'\x11\xe8\xe1I\xe9\xe6\xd3x\x9a\xbe\x12\xdf\x17\xaeN\x1e'
11E8E149-E9E6-D378-9ABE-12DF17AE4E1E,2023-ncaa-d3-conf-PAC,ncaa,9,9,9,9,9,10,10,9,11,10,8,11,5,5,8,5,11,9,9,8,6,9,5,10,11,11,5,4,4,6,8,11,8,10,8,11,9,11,11,11,7,6,10,10,,,5,5,,,10,6,3,2,10,10,5,10,7,5,4,8,8,7,5,3,4,10,8,11,11,6,10,,6,,,10,8,8,5,9,8,6,8,9,5,11,6,8,6,11,6,5,6,6,9,10,8,7,4,5,7,8,8,8,8,8,9,10,5,6,8,9,9,11,11,,,8,7,,,10,4,10,8,10,8,8,8,8,9,9,7,10,8,8,8,8,7,9,9,9,4,9,11,,7,,,b'\x11\xe8\xe1I\xe9\xe6\xd3x\x9a\xbe\x12\xdf\x17\xaeN\x1e'
11E8E149-E9E6-D378-9ABE-12DF17AE4E1E,2023-ncaa-d3-natl,ncaa,366,385,271,373,308,330,330,186,408,345,227,405,202,124,356,126,330,287,383,289,268,206,139,397,404,400,131,119,241,100,215,222,348,166,328,336,284,382,356,384,175,228,283,322,,,144,92,,,384,169,47,271,347,344,86,357,185,194,97,342,264,268,98,36,58,129,64,340,386,147,275,,200,,,378,351,366,327,308,346,323,278,334,272,354,225,209,193,262,186,118,317,290,310,303,310,185,271,103,371,348,390,215,395,328,394,381,189,253,360,400,375,421,417,,,289,376,,,384,246,387,335,373,372,378,383,364,375,352,318,239,227,224,381,376,378,410,404,392,146,396,425,,270,,,b'\x11\xe8\xe1I\xe9\xe6\xd3x\x9a\xbe\x12\xdf\x17\xaeN\x1e'
11E8E149-E9E6-D378-9ABE-12DF17AE4E1E,2024-ncaa-d3-conf-PAC,ncaa,10,10,10,10,10,11,10,10,10,9,8,10,11,11,11,11,10,8,11,8,9,10,8,11,11,11,10,11,2,6,6,9,7,9,8,11,8,11,10,11,6,6,10,10,,,2,4,,,10,9,3,5,10,10,7,9,3,11,11,10,5,4,7,3,4,8,6,10,11,5,9,,6,,,10,7,7,3,9,7,4,8,10,5,11,9,2,2,3,2,2,3,3,10,10,10,8,11,2,6,7,7,6,6,8,8,10,5,6,9,10,10,5,6,,,7,5,,,10,3,10,10,10,9,10,8,8,7,10,10,2,3,4,7,6,7,9,9,10,4,10,7,,6,,,b'\x11\xe8\xe1I\xe9\xe6\xd3x\x9a\xbe\x12\xdf\x17\xaeN\x1e'
11E8E149-E9E6-D378-9ABE-12DF17AE4E1E,2024-ncaa-d3-natl,ncaa,367,361,345,367,357,370,337,285,369,267,156,357,403,373,417,372,370,309,413,305,358,292,239,388,397,394,408,392,266,145,171,254,228,206,223,303,194,363,364,360,277,269,211,205,,,96,112,,,389,280,66,244,360,313,124,191,49,398,358,366,248,247,136,43,62,100,61,281,389,210,179,,182,,,388,302,329,223,367,245,169,311,413,330,423,355,43,45,101,49,71,177,142,391,364,375,295,414,21,200,228,273,171,242,223,382,375,298,293,383,385,380,238,217,,,310,343,,,389,137,387,366,388,379,385,377,331,301,421,395,71,88,91,364,337,286,373,351,397,227,399,318,,225,,,b'\x11\xe8\xe1I\xe9\xe6\xd3x\x9a\xbe\x12\xdf\x17\xaeN\x1e'
11E8E149-E9E6-D378-9ABE-12DF17AE4E1E,2025-ncaa-d3-conf-PAC,genius_ncaa,10,10,6,10,8,9,9,9,10,8,3,10,11,11,9,11,5,2,11,2,4,9,5,10,10,10,11,11,1,8,9,11,10,9,10,10,9,9,9,10,5,6,10,9,,,6,3,,7,10,4,2,5,9,9,8,8,1,11,11,5,2,2,6,2,7,10,9,10,9,4,10,,7,,7,10,10,10,10,11,10,8,10,11,11,11,10,3,4,5,4,4,10,9,11,11,10,5,11,1,10,10,11,9,10,10,11,11,7,7,10,10,9,9,7,,,5,5,,9,10,9,10,10,10,10,10,10,10,8,11,11,3,4,4,10,10,10,11,10,11,7,10,9,,2,,9,b'\x11\xe8\xe1I\xe9\xe6\xd3x\x9a\xbe\x12\xdf\x17\xaeN\x1e'
11E8E149-E9E6-D378-9ABE-12DF17AE4E1E,2025-ncaa-d3-natl,genius_ncaa,393,414,192,401,284,278,237,140,332,171,81,327,349,299,379,342,282,185,394,176,284,142,117,356,365,351,374,357,243,206,355,170,364,181,382,282,310,307,261,316,166,252,263,323,,,121,33,,138,409,89,40,382,291,242,85,154,45,361,311,289,154,146,75,60,199,125,147,294,305,151,265,,124,,143,398,418,418,409,408,414,382,410,417,411,402,359,93,98,173,95,28,403,368,415,407,414,138,360,9,402,364,408,355,409,382,418,366,280,385,413,379,346,341,248,,,296,376,,343,409,340,354,414,393,411,412,407,403,390,416,408,89,94,88,402,394,387,407,403,416,295,365,343,,313,,345,b'\x11\xe8\xe1I\xe9\xe6\xd3x\x9a\xbe\x12\xdf\x17\xaeN\x1e'
11E8E149-E9E6-D378-9ABE-12DF17AE4E1E,2026-ncaa-d3-conf-PAC,genius_ncaa,9,9,1,9,3,11,10,5,9,11,11,11,4,2,9,2,10,11,6,11,7,8,7,9,9,10,2,2,8,6,8,9,8,10,9,11,7,8,7,10,4,3,6,7,,,2,4,,7,12,7,7,3,11,10,5,11,11,4,2,10,11,11,8,7,6,9,10,11,8,4,6,,2,,7,12,11,12,7,12,11,9,11,11,4,12,4,9,7,12,6,6,6,5,12,12,12,7,9,6,6,8,8,8,8,9,9,3,9,9,11,5,5,5,5,,,11,11,,10,12,6,10,12,12,11,12,7,11,9,11,4,9,7,6,6,5,6,8,8,9,9,5,5,,11,,10,b'\x11\xe8\xe1I\xe9\xe6\xd3x\x9a\xbe\x12\xdf\x17\xaeN\x1e'
11E8E149-E9E6-D378-9ABE-12DF17AE4E1E,2026-ncaa-d3-natl,genius_ncaa,288,366,42,332,64,169,192,65,373,269,156,374,57,22,272,50,152,74,366,77,107,66,50,347,363,350,39,34,202,57,240,73,304,70,311,195,238,360,263,324,39,108,76,157,,,271,68,,370,383,50,78,113,318,333,128,381,311,103,42,259,173,179,125,95,128,183,151,319,298,82,123,,131,,331,365,394,394,393,332,386,369,347,386,392,244,316,330,314,301,311,166,389,379,334,325,347,192,271,112,375,304,393,240,386,311,396,296,121,298,347,363,281,397,396,,,123,336,,262,383,375,337,353,362,368,371,363,349,287,356,371,253,199,201,363,338,325,372,359,363,240,311,370,,283,,313,b'\x11\xe8\xe1I\xe9\xe6\xd3x\x9a\xbe\x12\xdf\x17\xaeN\x1e'
11E8E149-E9EC-4A2E-9ABE-12DF17AE4E1E,2018-ncaa-d3-conf-HCAC,ncaa,6,5,7,6,9,8,7,7,9,5,5,6,9,8,9,5,10,10,9,10,10,7,7,9,9,9,9,8,9,5,4,9,4,7,5,9,10,7,8,9,7,7,9,9,,,9,9,,,6,9,5,9,8,5,3,4,3,8,6,10,9,9,3,3,1,8,5,9,8,7,9,,9,,,6,4,4,1,8,3,2,6,7,3,10,4,6,6,1,6,9,2,1,8,8,6,8,8,5,2,4,4,4,4,5,3,4,5,4,4,5,6,8,8,,,10,9,,,6,3,8,6,6,5,5,3,4,3,9,3,6,7,7,3,4,3,7,6,5,4,7,8,,7,,,b'\x11\xe8\xe1I\xe9\xecJ.\x9a\xbe\x12\xdf\x17\xaeN\x1e'
11E8E149-E9EC-4A2E-9ABE-12DF17AE4E1E,2018-ncaa-d3-natl,ncaa,320,327,305,326,319,344,312,307,303,264,258,290,338,310,364,256,388,409,191,409,413,337,343,326,338,332,358,292,360,199,157,401,218,362,253,364,394,178,265,333,272,210,397,389,,,259,395,,,318,370,352,121,352,291,219,240,183,326,278,394,411,409,288,289,156,425,360,370,234,250,403,,335,,,318,147,134,35,413,135,49,358,247,78,441,176,223,220,212,206,347,35,56,418,423,355,295,290,259,54,218,136,157,86,253,101,109,177,84,123,153,244,333,358,,,366,337,,,318,74,313,323,325,236,219,36,197,82,280,105,273,267,258,49,69,82,205,143,153,134,209,375,,365,,,b'\x11\xe8\xe1I\xe9\xecJ.\x9a\xbe\x12\xdf\x17\xaeN\x1e'
11E8E149-E9EC-4A2E-9ABE-12DF17AE4E1E,2019-ncaa-d3-conf-HCAC,ncaa,7,6,7,7,8,5,4,7,4,3,3,5,10,9,9,9,4,4,9,4,9,4,3,6,6,8,9,10,5,5,5,6,5,4,5,6,10,8,9,9,6,6,4,4,,,10,10,,,6,4,1,3,3,3,3,1,1,10,9,4,3,3,2,1,5,2,1,5,9,4,4,,10,,,6,6,3,4,4,2,3,5,8,8,7,7,9,10,5,10,10,5,7,4,6,5,10,7,10,6,5,4,5,4,5,4,5,4,6,4,7,8,7,4,,,7,7,,,6,8,5,5,5,8,5,6,2,4,9,8,9,10,10,8,10,6,6,7,6,3,9,7,,6,,,b'\x11\xe8\xe1I\xe9\xecJ.\x9a\xbe\x12\xdf\x17\xaeN\x1e'
11E8E149-E9EC-4A2E-9ABE-12DF17AE4E1E,2019-ncaa-d3-natl,ncaa,306,331,215,326,227,179,135,232,64,55,80,86,400,416,286,423,197,197,199,203,326,227,192,129,136,189,428,427,240,253,197,223,185,251,160,255,392,337,330,320,153,154,216,182,,,395,401,,,267,164,102,73,148,82,189,16,40,409,418,180,178,183,179,124,249,196,229,242,345,138,203,,419,,,266,362,271,200,309,190,131,285,392,331,394,329,407,402,292,401,418,253,263,346,372,363,404,352,357,176,185,126,197,137,160,288,255,195,215,252,396,388,381,304,,,242,274,,,267,286,213,333,264,366,290,247,211,142,395,349,414,414,414,302,313,189,137,140,294,179,397,393,,225,,,b'\x11\xe8\xe1I\xe9\xecJ.\x9a\xbe\x12\xdf\x17\xaeN\x1e'
11E8E149-E9EC-4A2E-9ABE-12DF17AE4E1E,2020-ncaa-d3-conf-HCAC,ncaa,3,3,1,3,3,3,2,1,3,1,1,3,9,9,8,9,5,3,9,3,10,1,1,5,5,4,10,10,9,1,2,2,5,2,2,2,4,8,4,3,1,3,4,4,,,10,9,,,3,1,1,9,3,2,1,1,1,9,9,6,3,4,1,1,1,3,2,2,6,1,4,,9,,,3,7,4,9,3,5,6,3,6,8,3,6,10,10,8,10,10,10,10,3,3,2,9,5,10,8,5,7,2,7,2,2,2,1,2,1,4,3,2,1,,,4,10,,,3,10,3,2,3,5,3,5,3,4,5,7,10,10,10,7,10,8,5,5,2,2,4,2,,5,,,b'\x11\xe8\xe1I\xe9\xecJ.\x9a\xbe\x12\xdf\x17\xaeN\x1e'
11E8E149-E9EC-4A2E-9ABE-12DF17AE4E1E,2020-ncaa-d3-natl,ncaa,118,111,126,118,195,115,71,53,159,21,8,201,393,397,304,429,165,146,262,151,400,55,61,236,244,216,436,427,275,27,30,216,217,79,93,86,184,230,128,106,52,63,95,77,,,402,381,,,110,104,103,420,103,44,31,8,2,402,412,186,165,173,30,47,20,267,69,74,216,56,101,,392,,,107,195,100,150,106,96,155,108,196,213,169,223,409,396,355,394,399,210,332,116,189,95,370,203,422,216,217,233,30,229,93,58,59,45,48,17,125,50,318,122,,,173,318,,,110,338,157,92,112,167,87,109,91,116,180,190,400,382,378,173,278,198,190,194,48,50,106,297,,183,,,b'\x11\xe8\xe1I\xe9\xecJ.\x9a\xbe\x12\xdf\x17\xaeN\x1e'
11E8E149-E9EC-4A2E-9ABE-12DF17AE4E1E,2021-ncaa-d3-conf-HCAC,ncaa,4,4,6,5,6,6,6,6,2,5,5,2,7,7,9,8,4,4,5,4,3,6,5,5,3,6,9,10,3,5,1,5,3,4,1,3,1,7,8,5,6,6,5,3,,,6,9,,,3,6,3,4,5,5,5,2,2,9,8,1,2,1,5,4,2,1,1,1,10,6,2,,10,,,3,4,4,5,1,4,5,1,5,6,5,9,5,5,1,5,8,5,5,1,1,1,8,9,8,5,3,3,1,4,1,5,3,5,7,5,8,7,4,2,,,6,4,,,3,5,5,1,3,4,4,9,3,6,9,9,7,8,8,9,8,6,2,3,3,6,8,2,,2,,,b'\x11\xe8\xe1I\xe9\xecJ.\x9a\xbe\x12\xdf\x17\xaeN\x1e'
11E8E149-E9EC-4A2E-9ABE-12DF17AE4E1E,2021-ncaa-d3-natl,ncaa,63,149,61,109,70,79,87,92,97,64,75,68,160,130,239,229,41,35,116,35,56,81,75,123,110,154,224,255,32,53,46,57,78,55,35,39,10,242,231,111,86,156,60,73,,,229,244,,,90,78,156,110,148,154,231,83,140,245,234,43,43,41,195,130,86,70,67,36,225,161,90,,236,,,108,195,182,208,53,169,193,69,203,223,104,206,211,217,92,214,197,211,209,63,72,82,220,201,201,192,78,170,46,181,35,178,132,78,141,114,230,193,171,107,,,62,68,,,90,209,144,80,108,87,68,114,61,87,160,190,160,180,174,132,123,105,38,52,93,151,191,105,,77,,,b'\x11\xe8\xe1I\xe9\xecJ.\x9a\xbe\x12\xdf\x17\xaeN\x1e'
11E8E149-E9EC-4A2E-9ABE-12DF17AE4E1E,2022-ncaa-d3-conf-HCAC,ncaa,7,6,4,7,5,6,7,4,7,4,2,8,10,10,9,10,5,1,10,1,5,4,4,8,9,9,9,10,2,2,2,4,6,4,4,7,3,10,10,8,3,3,4,4,,,10,10,,,6,4,4,6,7,7,4,3,2,10,10,3,1,1,2,1,1,3,1,5,10,3,3,,10,,,6,3,3,6,4,3,6,3,2,4,3,3,9,9,7,9,10,7,7,3,4,4,8,3,10,5,6,4,2,4,4,2,3,2,3,1,10,8,8,2,,,3,5,,,6,7,8,4,7,4,3,3,3,5,3,3,10,10,10,7,7,6,5,5,1,4,10,8,,1,,,b'\x11\xe8\xe1I\xe9\xecJ.\x9a\xbe\x12\xdf\x17\xaeN\x1e'
11E8E149-E9EC-4A2E-9ABE-12DF17AE4E1E,2022-ncaa-d3-natl,ncaa,275,318,188,293,194,191,207,197,252,147,96,283,328,343,271,381,53,8,392,8,48,143,94,277,277,294,288,368,33,43,23,140,214,83,85,196,171,374,315,292,176,217,125,141,,,427,427,,,254,132,104,66,190,209,167,133,67,345,363,36,5,5,82,43,18,113,35,198,357,186,121,,428,,,254,310,182,226,147,186,250,114,192,181,235,102,426,427,225,426,423,305,290,148,219,254,372,135,425,281,214,179,23,216,85,135,107,209,278,145,370,311,254,173,,,60,104,,,254,284,258,255,257,297,165,210,176,254,176,162,427,427,427,334,320,273,153,203,126,226,348,252,,33,,,b'\x11\xe8\xe1I\xe9\xecJ.\x9a\xbe\x12\xdf\x17\xaeN\x1e'
11E8E149-E9EC-4A2E-9ABE-12DF17AE4E1E,2023-ncaa-d3-conf-HCAC,ncaa,6,7,7,6,9,8,8,9,5,6,6,7,6,8,4,7,9,9,6,9,8,9,8,4,6,8,6,5,8,5,4,7,9,6,5,4,3,9,10,7,8,9,1,2,,,9,10,,,7,9,6,5,8,7,10,6,6,6,8,9,9,9,9,8,4,5,6,3,10,9,1,,10,,,6,3,3,3,2,3,4,3,4,4,3,3,10,10,7,10,9,3,3,2,4,6,8,3,10,7,9,2,4,4,5,2,6,9,8,4,8,10,2,2,,,9,9,,,7,2,8,6,6,4,2,5,4,6,3,3,10,10,10,6,5,8,3,4,1,8,10,2,,9,,,b'\x11\xe8\xe1I\xe9\xecJ.\x9a\xbe\x12\xdf\x17\xaeN\x1e'
11E8E149-E9EC-4A2E-9ABE-12DF17AE4E1E,2023-ncaa-d3-natl,ncaa,289,269,333,292,347,293,282,352,170,255,288,208,297,337,145,296,266,292,211,289,222,351,340,190,183,254,274,267,174,295,227,314,330,323,269,232,119,241,338,250,300,294,75,60,,,387,424,,,294,341,194,139,246,231,286,193,202,265,312,211,233,231,285,206,242,203,225,159,316,265,50,,424,,,297,177,83,87,157,118,125,175,81,105,111,112,412,409,355,410,417,142,119,138,246,284,335,77,425,292,330,70,227,142,269,82,136,317,295,198,244,303,77,118,,,325,264,,,294,91,265,312,290,310,196,229,225,246,140,175,424,422,422,323,285,347,165,261,161,256,299,119,,266,,,b'\x11\xe8\xe1I\xe9\xecJ.\x9a\xbe\x12\xdf\x17\xaeN\x1e'
11E8E149-E9EC-4A2E-9ABE-12DF17AE4E1E,2024-ncaa-d3-conf-HCAC,ncaa,4,4,2,4,2,2,2,2,3,2,2,2,4,4,4,7,3,3,2,3,7,2,2,2,2,3,8,7,5,4,5,2,3,3,3,3,9,6,3,3,5,6,5,6,,,8,7,,,4,2,2,4,2,2,2,2,3,4,7,3,5,5,2,2,5,2,3,3,3,6,5,,7,,,4,8,8,10,6,9,9,5,5,7,5,2,9,9,4,9,9,10,9,5,5,6,4,2,9,4,3,7,5,6,3,7,2,7,9,6,3,2,7,4,,,6,8,,,4,9,3,6,4,7,7,6,8,9,4,3,9,10,9,7,7,4,4,5,6,8,2,5,,7,,,b'\x11\xe8\xe1I\xe9\xecJ.\x9a\xbe\x12\xdf\x17\xaeN\x1e'
11E8E149-E9EC-4A2E-9ABE-12DF17AE4E1E,2024-ncaa-d3-natl,ncaa,129,139,112,142,170,55,78,101,77,83,123,67,120,132,110,215,29,54,18,51,104,87,92,70,48,49,184,233,113,178,198,84,117,110,126,87,178,187,110,90,126,160,146,189,,,374,339,,,140,86,83,244,23,49,92,70,133,134,154,23,58,55,68,91,200,58,104,72,159,133,161,,362,,,142,373,324,298,288,327,326,250,258,194,322,122,410,412,207,413,369,350,330,276,304,330,268,145,358,211,117,259,198,241,126,269,172,210,291,258,146,106,353,284,,,121,188,,,140,337,61,294,144,343,295,272,291,292,236,170,405,410,409,328,298,175,208,194,242,243,131,336,,119,,,b'\x11\xe8\xe1I\xe9\xecJ.\x9a\xbe\x12\xdf\x17\xaeN\x1e'
11E8E149-E9EC-4A2E-9ABE-12DF17AE4E1E,2025-ncaa-d3-conf-HCAC,genius_ncaa,5,4,5,5,8,5,3,4,3,3,4,6,5,5,5,6,4,7,2,6,7,4,4,4,4,4,6,6,5,6,7,5,2,6,6,4,7,6,5,5,7,8,7,8,,,6,7,,10,6,4,2,7,2,3,2,2,3,5,6,3,4,4,2,2,5,2,5,4,5,7,7,,6,,10,6,9,8,7,6,7,6,5,10,6,9,4,7,7,3,7,7,8,7,6,7,8,7,7,6,5,2,5,7,6,6,7,6,7,6,5,6,5,10,10,,,6,7,,3,6,7,4,8,7,9,8,7,6,7,9,8,6,7,7,8,8,5,6,6,6,6,5,10,,5,,3,b'\x11\xe8\xe1I\xe9\xecJ.\x9a\xbe\x12\xdf\x17\xaeN\x1e'
11E8E149-E9EC-4A2E-9ABE-12DF17AE4E1E,2025-ncaa-d3-natl,genius_ncaa,141,155,116,156,183,77,78,96,76,53,68,93,227,242,186,309,46,106,10,102,226,96,126,112,86,61,297,332,139,189,256,92,120,133,180,140,318,86,56,103,288,341,206,267,,,323,305,,286,180,99,112,377,40,52,77,29,57,237,262,43,105,104,66,130,221,81,135,149,76,328,227,,327,,280,181,383,359,325,314,351,330,272,284,232,322,126,386,378,313,378,306,355,294,303,326,358,221,149,306,197,120,297,256,258,180,248,92,293,353,296,140,96,417,400,,,151,220,,100,180,310,79,340,193,342,322,279,311,310,253,194,380,361,360,310,256,152,252,212,219,336,123,416,,176,,106,b'\x11\xe8\xe1I\xe9\xecJ.\x9a\xbe\x12\xdf\x17\xaeN\x1e'
11E8E149-E9EC-4A2E-9ABE-12DF17AE4E1E,2026-ncaa-d3-conf-HCAC,genius_ncaa,1,1,1,1,3,3,1,3,2,2,1,5,5,6,4,6,6,5,7,4,7,3,3,2,3,3,8,7,6,5,5,4,7,4,7,3,7,7,6,6,1,2,8,8,,,5,5,,1,3,3,1,3,3,1,3,2,1,5,6,6,5,4,3,3,5,4,4,3,7,1,8,,5,,1,3,6,7,7,5,8,6,6,6,7,3,9,4,5,5,3,3,7,8,5,5,3,4,6,5,8,7,6,5,6,7,3,2,1,2,1,6,5,1,1,,,4,8,,3,3,8,3,4,3,6,7,7,8,6,6,7,4,5,3,7,8,8,6,6,3,1,6,1,,4,,3,b'\x11\xe8\xe1I\xe9\xecJ.\x9a\xbe\x12\xdf\x17\xaeN\x1e'
11E8E149-E9EC-4A2E-9ABE-12DF17AE4E1E,2026-ncaa-d3-natl,genius_ncaa,98,68,215,92,249,164,148,221,82,91,104,146,316,369,99,400,88,120,113,119,205,210,244,129,101,85,355,377,113,257,229,253,219,257,230,205,310,112,101,131,133,103,364,345,,,298,356,,271,83,234,68,113,46,53,94,20,15,318,386,43,48,47,63,110,210,177,187,155,140,84,365,,384,,303,71,143,125,149,125,137,99,285,123,278,21,354,233,256,138,236,360,162,184,109,134,87,234,146,330,180,219,172,229,172,230,164,274,125,73,103,97,78,320,283,,,181,102,,39,83,190,98,90,74,176,143,208,166,95,134,350,308,335,326,227,317,234,250,247,219,56,103,373,,69,,27,b'\x11\xe8\xe1I\xe9\xecJ.\x9a\xbe\x12\xdf\x17\xaeN\x1e'
11E8E149-E9F0-D81E-9ABE-12DF17AE4E1E,2018-ncaa-d3-conf-Centennial,ncaa,8,8,6,8,6,6,5,6,6,7,7,6,5,5,3,5,9,5,10,5,6,6,6,5,6,7,4,3,11,4,6,8,6,7,6,5,2,5,6,6,9,7,10,10,,,6,8,,,8,7,6,5,4,4,3,7,5,5,5,9,5,5,3,3,3,7,5,4,7,7,9,,7,,,8,9,8,2,10,9,6,9,2,1,8,1,10,10,10,10,10,3,2,9,10,9,5,1,10,3,6,5,6,4,6,4,4,10,8,8,9,9,3,3,,,8,9,,,8,2,5,9,8,9,9,4,9,8,3,1,10,10,10,6,4,5,7,6,5,9,9,4,,7,,,b'\x11\xe8\xe1I\xe9\xf0\xd8\x1e\x9a\xbe\x12\xdf\x17\xaeN\x1e'
11E8E149-E9F0-D81E-9ABE-12DF17AE4E1E,2018-ncaa-d3-natl,ncaa,262,279,197,275,256,254,215,211,228,209,167,288,197,275,75,274,379,307,429,303,352,230,303,211,272,217,284,154,419,179,208,265,162,239,222,159,112,41,61,58,341,317,199,237,,,176,279,,,260,332,374,286,257,204,175,206,149,187,267,400,321,320,204,319,170,264,224,134,50,355,193,,179,,,259,192,187,121,296,306,300,217,36,17,326,9,343,328,350,330,283,143,87,249,291,346,95,31,373,120,162,249,208,191,222,82,57,383,381,269,138,193,228,187,,,382,395,,,260,97,204,330,261,211,207,126,300,316,37,8,369,356,357,155,59,133,270,214,102,407,151,238,,412,,,b'\x11\xe8\xe1I\xe9\xf0\xd8\x1e\x9a\xbe\x12\xdf\x17\xaeN\x1e'
11E8E149-E9F0-D81E-9ABE-12DF17AE4E1E,2019-ncaa-d3-conf-Centennial,ncaa,6,5,6,6,6,6,7,9,6,6,5,6,7,8,5,8,2,2,2,2,2,6,6,6,6,6,8,8,3,4,2,4,3,3,3,7,7,6,7,8,10,10,8,9,,,6,7,,,7,9,8,1,5,6,7,5,3,7,8,2,2,2,5,4,3,3,2,6,7,10,7,,7,,,7,8,7,6,8,7,7,5,6,2,9,2,9,9,7,9,8,7,1,7,8,9,8,6,8,2,3,1,2,2,3,5,5,10,10,8,8,10,11,9,,,3,3,,,7,3,6,9,7,9,9,7,8,8,7,2,10,9,9,8,4,2,3,3,6,10,9,11,,2,,,b'\x11\xe8\xe1I\xe9\xf0\xd8\x1e\x9a\xbe\x12\xdf\x17\xaeN\x1e'
11E8E149-E9F0-D81E-9ABE-12DF17AE4E1E,2019-ncaa-d3-natl,ncaa,187,185,215,187,228,266,296,308,280,278,235,319,267,318,144,303,112,142,111,145,111,288,325,286,240,205,152,254,42,143,90,148,60,140,57,262,169,80,141,176,391,379,104,104,,,148,281,,,195,361,419,76,274,325,335,295,228,270,332,86,112,116,287,353,123,95,79,259,89,403,96,,166,,,195,116,95,123,120,136,199,101,80,97,143,113,329,290,376,277,279,138,70,95,144,270,240,107,391,76,60,105,90,85,57,81,138,419,422,365,236,289,417,410,,,230,127,,,195,76,161,248,199,136,115,142,152,227,84,97,335,295,285,168,34,102,110,97,105,434,246,417,,200,,,b'\x11\xe8\xe1I\xe9\xf0\xd8\x1e\x9a\xbe\x12\xdf\x17\xaeN\x1e'
11E8E149-E9F0-D81E-9ABE-12DF17AE4E1E,2020-ncaa-d3-conf-Centennial,ncaa,5,5,6,5,8,6,7,9,7,3,1,8,10,10,10,11,1,3,1,2,5,5,5,8,7,6,8,11,1,1,1,4,2,3,1,10,11,6,7,10,9,9,4,6,,,3,5,,,7,10,7,8,5,5,6,3,1,10,10,1,2,1,2,1,1,2,1,10,8,9,3,,3,,,7,5,8,6,9,8,7,8,6,3,10,3,3,3,3,3,5,5,3,9,8,9,5,5,4,1,2,1,1,1,1,8,7,10,9,10,9,9,1,1,,,4,3,,,7,5,4,9,6,8,9,7,9,9,7,3,3,3,3,7,5,3,3,1,8,9,9,1,,3,,,b'\x11\xe8\xe1I\xe9\xf0\xd8\x1e\x9a\xbe\x12\xdf\x17\xaeN\x1e'
11E8E149-E9F0-D81E-9ABE-12DF17AE4E1E,2020-ncaa-d3-natl,ncaa,215,218,198,221,310,297,310,269,328,197,79,350,416,412,405,419,108,157,69,154,281,252,309,374,341,301,384,430,21,53,17,220,58,120,20,375,418,82,120,314,366,336,64,74,,,52,106,,,247,386,410,402,317,334,252,175,44,425,422,84,134,131,232,302,36,204,60,401,89,376,53,,39,,,248,87,136,112,233,213,271,133,56,24,365,21,118,105,227,108,91,89,47,190,176,285,70,94,177,56,58,49,17,40,20,123,126,405,377,329,149,190,48,26,,,240,170,,,247,60,230,251,243,121,170,135,235,307,61,17,133,119,119,114,23,58,58,42,138,414,161,47,,224,,,b'\x11\xe8\xe1I\xe9\xf0\xd8\x1e\x9a\xbe\x12\xdf\x17\xaeN\x1e'
11E8E149-E9F0-D81E-9ABE-12DF17AE4E1E,2022-ncaa-d3-conf-Centennial,ncaa,7,7,6,7,10,8,9,10,7,8,8,7,10,9,10,7,3,3,4,2,2,8,7,8,6,9,4,9,1,5,1,5,3,6,3,10,9,10,10,10,8,7,2,1,,,6,7,,,7,9,4,10,8,9,10,8,7,10,8,2,2,2,8,3,4,4,4,9,10,6,1,,7,,,7,6,5,5,5,5,7,5,7,4,9,3,8,8,9,8,8,5,3,6,6,7,8,7,8,4,3,1,1,1,3,6,7,9,9,7,9,10,3,4,,,3,2,,,7,4,8,7,7,7,7,7,5,10,8,4,9,9,8,7,6,5,3,3,6,8,10,4,,1,,,b'\x11\xe8\xe1I\xe9\xf0\xd8\x1e\x9a\xbe\x12\xdf\x17\xaeN\x1e'
11E8E149-E9F0-D81E-9ABE-12DF17AE4E1E,2022-ncaa-d3-natl,ncaa,232,290,107,256,157,285,302,260,340,252,166,361,348,350,312,362,122,137,143,136,181,250,212,354,333,349,247,346,26,69,28,134,132,107,45,290,235,357,350,347,228,226,4,2,,,241,288,,,236,264,387,246,371,381,388,323,208,376,382,146,160,154,369,321,84,176,117,343,307,269,2,,187,,,236,110,81,183,55,136,318,22,63,38,300,14,299,278,336,264,189,192,166,41,70,95,198,91,372,188,132,108,28,130,45,155,261,236,251,196,255,244,286,255,,,125,109,,,236,178,310,103,233,51,47,83,89,267,38,11,262,236,228,91,52,132,44,64,110,297,217,258,,170,,,b'\x11\xe8\xe1I\xe9\xf0\xd8\x1e\x9a\xbe\x12\xdf\x17\xaeN\x1e'
11E8E149-E9F0-D81E-9ABE-12DF17AE4E1E,2023-ncaa-d3-conf-Centennial,ncaa,9,9,6,9,9,9,10,9,10,9,8,10,6,5,8,4,1,1,3,1,1,7,6,9,8,9,3,5,1,6,7,8,9,7,8,10,5,9,9,9,4,3,4,5,,,7,7,,,10,7,5,8,9,10,9,9,8,5,4,1,1,1,7,4,6,9,6,9,9,3,4,,7,,,10,8,9,6,9,9,7,7,7,7,11,4,7,7,6,7,7,6,6,9,9,9,5,7,5,9,9,6,7,7,8,9,8,6,8,10,5,6,10,10,,,3,2,,,10,5,10,9,10,10,10,9,10,9,7,7,7,7,7,10,9,9,8,9,10,6,6,10,,1,,,b'\x11\xe8\xe1I\xe9\xf0\xd8\x1e\x9a\xbe\x12\xdf\x17\xaeN\x1e'
11E8E149-E9F0-D81E-9ABE-12DF17AE4E1E,2023-ncaa-d3-natl,ncaa,270,297,185,283,227,337,374,342,388,353,266,398,356,339,341,316,69,107,61,108,67,310,324,390,350,341,118,325,2,191,182,280,319,252,254,367,267,172,257,340,218,174,61,71,,,119,170,,,293,356,409,240,376,405,398,385,287,369,349,53,88,89,362,380,184,313,254,391,180,219,56,,102,,,287,90,133,137,174,220,297,95,56,32,312,20,118,108,229,117,83,125,98,135,121,173,59,71,169,296,319,167,182,214,254,196,254,317,278,284,125,194,390,400,,,185,49,,,293,71,324,236,297,91,146,132,223,310,49,16,109,102,107,106,69,285,176,230,194,340,131,395,,145,,,b'\x11\xe8\xe1I\xe9\xf0\xd8\x1e\x9a\xbe\x12\xdf\x17\xaeN\x1e'
11E8E149-E9F0-D81E-9ABE-12DF17AE4E1E,2024-ncaa-d3-conf-Centennial,ncaa,9,9,7,9,7,9,10,9,10,10,9,10,7,6,9,4,3,5,2,5,2,9,9,10,9,9,3,6,2,9,9,11,10,10,10,10,7,6,7,10,4,3,7,7,,,6,7,,,8,9,9,1,9,10,9,10,9,7,5,3,4,4,9,7,7,11,10,10,7,3,6,,7,,,8,2,2,1,7,5,6,7,1,1,5,2,8,6,11,6,6,1,3,5,7,4,4,2,10,8,10,10,9,10,10,4,6,3,2,1,7,9,7,11,,,5,3,,,8,2,9,5,8,5,5,3,7,7,1,1,10,7,7,3,7,10,11,10,5,2,9,8,,3,,,b'\x11\xe8\xe1I\xe9\xf0\xd8\x1e\x9a\xbe\x12\xdf\x17\xaeN\x1e'
11E8E149-E9F0-D81E-9ABE-12DF17AE4E1E,2024-ncaa-d3-natl,ncaa,251,275,200,264,209,380,383,348,389,354,313,382,345,300,388,244,247,274,129,270,173,348,360,394,379,366,176,289,45,289,304,370,338,348,361,358,218,162,271,327,160,93,143,127,,,123,238,,,260,367,421,54,400,406,398,384,338,356,307,237,285,282,399,409,292,409,392,379,177,140,136,,130,,,256,35,37,41,106,83,147,84,14,17,154,16,150,98,402,92,132,40,69,82,105,49,98,35,326,219,338,259,304,246,361,49,165,122,43,39,140,238,265,330,,,233,70,,,260,58,361,77,269,20,28,21,93,146,10,5,157,98,95,14,33,234,273,264,52,110,152,282,,237,,,b'\x11\xe8\xe1I\xe9\xf0\xd8\x1e\x9a\xbe\x12\xdf\x17\xaeN\x1e'
11E8E149-E9F0-D81E-9ABE-12DF17AE4E1E,2025-ncaa-d3-conf-Centennial,genius_ncaa,7,6,10,7,10,9,9,9,8,8,9,8,8,7,8,4,5,4,6,5,1,8,10,8,6,5,2,7,1,10,9,10,10,10,10,10,10,1,2,9,6,6,10,10,,,2,6,,5,8,10,6,3,5,8,6,7,8,8,5,1,2,3,5,7,9,10,10,10,1,6,10,,6,,6,8,6,6,3,8,7,7,9,5,3,8,3,7,6,9,6,4,3,3,7,7,8,2,4,4,9,10,8,9,8,10,6,7,7,7,8,1,4,4,6,,,5,3,,3,8,3,5,8,8,9,8,8,10,10,6,6,8,7,7,9,9,11,10,10,7,6,2,7,,3,,2,b'\x11\xe8\xe1I\xe9\xf0\xd8\x1e\x9a\xbe\x12\xdf\x17\xaeN\x1e'
11E8E149-E9F0-D81E-9ABE-12DF17AE4E1E,2025-ncaa-d3-natl,genius_ncaa,141,118,192,141,218,266,283,250,302,270,219,309,267,250,269,257,160,142,252,157,138,228,322,311,294,207,178,242,86,238,304,251,299,249,323,317,336,7,10,135,257,234,183,228,,,130,173,,201,212,340,378,127,278,293,228,279,202,270,247,129,114,128,204,367,240,246,249,337,5,267,187,,132,,218,212,88,129,145,163,257,302,137,25,20,107,19,154,137,231,131,93,126,115,115,106,153,33,26,200,287,299,324,304,324,323,181,241,283,258,248,8,27,196,215,,,159,43,,78,212,82,202,199,210,109,159,164,257,330,26,17,151,144,143,147,108,298,339,325,194,297,15,214,,130,,70,b'\x11\xe8\xe1I\xe9\xf0\xd8\x1e\x9a\xbe\x12\xdf\x17\xaeN\x1e'
11E8E149-E9F0-D81E-9ABE-12DF17AE4E1E,2026-ncaa-d3-conf-Centennial,genius_ncaa,3,5,1,5,1,6,7,3,9,7,2,9,4,6,7,6,7,5,11,5,8,3,3,9,9,9,7,5,9,4,7,1,6,3,6,6,7,3,3,6,6,7,6,7,,,7,6,,5,6,6,7,1,8,8,4,8,3,5,6,8,7,7,4,4,6,2,4,8,2,7,7,,6,,4,6,4,4,9,3,7,11,1,4,3,3,2,7,9,8,9,4,9,8,3,3,3,4,3,11,7,6,10,7,8,6,6,6,8,10,6,5,4,10,8,,,2,5,,6,6,6,8,3,6,3,3,8,6,11,3,2,7,8,8,9,8,7,10,8,5,10,4,10,,4,,7,b'\x11\xe8\xe1I\xe9\xf0\xd8\x1e\x9a\xbe\x12\xdf\x17\xaeN\x1e'
11E8E149-E9F0-D81E-9ABE-12DF17AE4E1E,2026-ncaa-d3-natl,genius_ncaa,13,68,42,64,64,110,109,61,279,86,63,246,188,109,332,234,62,82,164,77,212,60,95,292,281,205,262,287,147,47,143,47,71,44,121,195,345,120,18,139,116,168,41,87,,,254,189,,306,73,120,345,113,234,231,118,177,134,278,196,138,180,179,116,271,104,123,102,319,20,219,67,,107,,251,97,196,203,266,77,244,367,26,100,59,302,9,233,232,203,236,95,261,281,44,44,57,99,69,269,201,71,351,143,319,121,147,95,107,152,79,112,39,336,257,,,61,91,,123,73,297,170,47,87,25,44,75,104,281,21,5,117,119,127,69,67,95,288,194,43,221,39,285,,135,,186,b'\x11\xe8\xe1I\xe9\xf0\xd8\x1e\x9a\xbe\x12\xdf\x17\xaeN\x1e'
11E8E149-E9F5-8832-9ABE-12DF17AE4E1E,2018-ncaa-d3-conf-SUNYAC,ncaa,7,6,7,7,9,7,7,8,4,3,5,3,10,10,9,10,5,6,6,6,5,8,8,5,4,6,9,10,2,9,5,8,6,9,4,7,7,7,8,8,6,6,6,5,,,4,5,,,6,7,1,8,6,7,6,3,2,10,10,5,4,4,7,3,8,8,9,6,8,6,5,,5,,,6,5,2,4,5,1,3,1,9,8,9,8,5,5,1,5,6,4,2,7,6,7,10,9,5,2,6,1,5,1,4,3,4,7,7,8,7,8,3,3,,,7,6,,,6,3,6,6,6,7,7,8,3,6,10,9,5,5,5,8,7,5,2,2,5,7,8,5,,6,,,b'\x11\xe8\xe1I\xe9\xf5\x882\x9a\xbe\x12\xdf\x17\xaeN\x1e'
11E8E149-E9F5-8832-9ABE-12DF17AE4E1E,2018-ncaa-d3-natl,ncaa,280,309,197,292,264,291,284,298,259,222,234,234,360,324,376,310,196,198,189,204,211,287,262,296,277,298,318,356,112,317,287,188,156,255,185,237,163,294,325,279,221,233,179,157,,,79,62,,,277,228,188,303,304,298,316,228,218,365,330,188,189,191,294,259,333,134,249,238,296,226,181,,61,,,274,175,165,276,105,63,121,59,430,413,372,419,76,106,49,107,162,234,189,188,133,208,420,440,74,172,156,128,287,135,185,217,267,308,335,299,302,315,206,201,,,255,241,,,277,206,317,202,280,199,192,312,69,133,429,419,76,107,107,268,217,189,144,155,235,325,309,210,,279,,,b'\x11\xe8\xe1I\xe9\xf5\x882\x9a\xbe\x12\xdf\x17\xaeN\x1e'
11E8E149-E9F5-8832-9ABE-12DF17AE4E1E,2019-ncaa-d3-conf-SUNYAC,ncaa,4,4,1,4,1,6,5,4,6,3,2,5,8,8,9,8,8,6,10,6,6,3,4,6,7,8,9,9,8,10,10,4,5,6,7,6,5,6,6,8,5,5,1,1,,,6,5,,,7,3,6,6,9,7,9,5,5,9,8,10,9,9,9,9,10,6,9,6,6,6,1,,4,,,7,7,8,10,3,8,9,4,5,6,1,5,7,6,7,6,4,10,10,2,3,4,3,5,6,7,5,7,10,8,7,2,1,5,7,2,8,7,2,2,,,7,8,,,7,10,9,4,7,5,6,5,3,7,4,4,5,5,5,6,6,5,3,3,2,6,7,2,,9,,,b'\x11\xe8\xe1I\xe9\xf5\x882\x9a\xbe\x12\xdf\x17\xaeN\x1e'
11E8E149-E9F5-8832-9ABE-12DF17AE4E1E,2019-ncaa-d3-natl,ncaa,206,274,67,245,89,235,179,152,237,128,91,250,318,316,300,349,319,240,423,237,350,160,134,279,315,314,394,342,361,293,361,56,155,121,236,179,226,323,279,255,177,229,21,34,,,247,141,,,272,101,189,110,326,249,260,168,128,363,363,373,296,298,272,255,354,75,186,228,249,214,24,,170,,,265,284,306,401,93,304,384,93,261,341,104,235,216,198,285,196,103,396,357,83,77,139,199,225,175,306,155,361,361,346,236,126,38,221,325,160,388,367,70,34,,,248,335,,,272,359,342,146,258,179,200,348,219,330,203,283,164,143,140,319,271,245,270,265,89,300,352,45,,348,,,b'\x11\xe8\xe1I\xe9\xf5\x882\x9a\xbe\x12\xdf\x17\xaeN\x1e'
11E8E149-E9F5-8832-9ABE-12DF17AE4E1E,2020-ncaa-d3-conf-SUNYAC,ncaa,8,8,7,8,9,8,7,9,3,6,8,5,9,10,6,7,10,10,6,10,9,9,10,5,5,7,10,9,8,10,10,6,7,8,8,7,6,5,7,8,9,9,6,7,,,3,3,,,9,8,5,6,7,6,7,6,4,8,8,10,8,8,7,8,10,4,8,5,7,9,5,,3,,,9,8,7,8,5,6,5,5,10,9,9,9,4,4,8,4,3,7,3,7,7,9,8,8,3,7,7,5,10,4,8,5,2,10,10,8,7,9,2,3,,,10,9,,,9,4,8,9,9,9,8,8,7,8,10,10,4,4,4,9,8,7,8,7,5,10,9,3,,10,,,b'\x11\xe8\xe1I\xe9\xf5\x882\x9a\xbe\x12\xdf\x17\xaeN\x1e'
11E8E149-E9F5-8832-9ABE-12DF17AE4E1E,2020-ncaa-d3-natl,ncaa,285,306,198,299,243,290,271,300,237,259,266,238,255,267,213,227,325,338,227,339,330,317,332,238,247,264,263,208,302,387,404,173,285,293,330,254,222,180,256,246,340,356,226,244,,,124,111,,,346,269,244,163,308,281,297,266,256,249,263,336,346,346,335,335,404,116,297,244,204,349,235,,129,,,345,329,320,356,187,208,249,157,406,392,349,351,184,141,366,137,121,337,203,239,226,348,348,391,129,324,285,259,404,303,330,182,84,401,420,366,226,281,100,118,,,387,383,,,346,164,307,356,347,328,319,371,228,288,397,389,200,167,163,362,247,324,276,304,191,411,241,99,,412,,,b'\x11\xe8\xe1I\xe9\xf5\x882\x9a\xbe\x12\xdf\x17\xaeN\x1e'
11E8E149-E9F5-8832-9ABE-12DF17AE4E1E,2022-ncaa-d3-conf-SUNYAC,ncaa,6,8,5,8,6,7,6,9,4,7,5,6,7,7,2,6,4,7,4,7,8,9,9,4,3,6,7,6,5,9,8,4,8,8,7,3,1,9,9,5,8,8,1,3,,,4,3,,,7,6,8,3,7,7,9,6,5,7,7,5,6,6,9,9,9,6,8,3,9,8,1,,5,,,7,6,8,9,4,9,10,4,3,2,3,2,6,6,3,6,3,9,7,4,4,4,2,3,7,10,8,4,8,6,7,3,1,9,9,6,10,10,1,1,,,5,4,,,7,5,7,6,7,6,7,8,9,10,2,2,6,6,6,8,6,10,4,7,4,9,10,1,,5,,,b'\x11\xe8\xe1I\xe9\xf5\x882\x9a\xbe\x12\xdf\x17\xaeN\x1e'
11E8E149-E9F5-8832-9ABE-12DF17AE4E1E,2022-ncaa-d3-natl,ncaa,210,257,107,241,186,233,221,231,234,205,168,285,232,291,116,290,256,286,145,288,328,242,220,234,235,260,244,238,230,272,296,65,230,124,203,114,18,318,323,198,308,361,53,92,,,185,130,,,234,194,286,423,314,294,337,258,213,272,329,299,344,348,357,333,326,37,151,120,273,361,53,,122,,,234,200,239,365,51,279,398,41,127,191,82,83,161,190,108,193,56,351,280,37,31,110,100,128,164,359,230,241,296,305,203,193,123,345,398,311,396,386,40,13,,,203,202,,,234,230,278,148,236,123,165,344,217,382,83,127,121,146,147,324,201,326,175,255,136,401,364,17,,269,,,b'\x11\xe8\xe1I\xe9\xf5\x882\x9a\xbe\x12\xdf\x17\xaeN\x1e'
11E8E149-E9F5-8832-9ABE-12DF17AE4E1E,2023-ncaa-d3-conf-SUNYAC,ncaa,9,9,3,9,3,6,6,4,9,10,9,8,2,1,6,1,8,8,8,8,8,5,4,6,7,7,1,1,8,6,8,7,9,8,9,6,6,6,7,6,6,7,2,4,,,6,4,,,9,3,6,5,8,8,6,10,10,3,1,9,9,9,7,7,8,9,9,6,7,6,2,,6,,,9,10,10,7,10,10,10,9,6,4,9,2,8,8,10,8,7,7,8,10,10,10,2,3,5,6,9,6,8,6,9,8,7,6,8,7,7,7,8,9,,,8,9,,,9,8,7,10,9,9,10,6,10,9,6,4,8,8,8,6,6,7,6,6,8,7,7,7,,9,,,b'\x11\xe8\xe1I\xe9\xf5\x882\x9a\xbe\x12\xdf\x17\xaeN\x1e'
11E8E149-E9F5-8832-9ABE-12DF17AE4E1E,2023-ncaa-d3-natl,ncaa,357,345,333,361,363,342,333,324,339,372,378,329,131,102,228,34,405,399,313,398,356,357,375,297,330,307,65,23,411,346,292,386,383,382,361,302,197,113,235,249,325,300,118,109,,,58,101,,,345,368,254,288,332,316,220,371,366,85,59,413,412,410,297,311,308,394,387,277,191,287,92,,101,,,345,188,212,133,302,201,164,244,260,146,401,206,128,130,200,128,154,121,92,314,305,332,222,291,132,287,383,106,292,171,361,271,280,340,308,347,100,205,220,351,,,409,422,,,345,68,322,363,349,315,324,294,305,284,329,221,209,205,203,283,237,342,228,290,312,284,162,295,,424,,,b'\x11\xe8\xe1I\xe9\xf5\x882\x9a\xbe\x12\xdf\x17\xaeN\x1e'
11E8E149-E9F5-8832-9ABE-12DF17AE4E1E,2024-ncaa-d3-conf-SUNYAC,ncaa,7,6,7,7,8,7,7,7,7,8,8,8,6,6,6,4,8,8,3,9,7,7,7,7,7,6,5,5,5,8,8,9,9,9,9,7,6,5,7,6,4,3,6,7,,,8,9,,,9,7,3,6,6,7,6,8,8,6,5,8,8,8,6,6,7,8,9,6,5,3,6,,10,,,9,8,8,4,9,10,6,9,4,2,8,2,7,9,2,9,8,4,4,9,9,9,2,1,7,7,9,4,8,6,9,5,3,3,3,4,5,8,5,7,,,9,7,,,9,5,7,9,9,8,8,6,10,8,5,3,10,10,10,7,8,7,7,7,7,3,6,6,,7,,,b'\x11\xe8\xe1I\xe9\xf5\x882\x9a\xbe\x12\xdf\x17\xaeN\x1e'
11E8E149-E9F5-8832-9ABE-12DF17AE4E1E,2024-ncaa-d3-natl,ncaa,203,206,200,213,257,263,230,218,242,269,251,250,147,137,165,104,394,403,203,406,412,271,299,223,250,239,190,83,414,307,321,269,316,301,320,232,225,153,206,202,194,177,288,311,,,131,138,,,267,286,261,244,283,237,186,270,259,139,123,408,414,416,278,319,314,287,317,233,167,179,299,,148,,,265,199,224,191,249,257,235,229,156,141,231,151,163,201,86,203,179,189,175,225,205,224,127,159,161,301,316,252,321,277,320,170,105,232,219,187,140,192,73,83,,,405,417,,,267,155,265,254,259,200,239,222,259,256,166,149,173,214,216,214,215,299,266,289,172,225,152,69,,421,,,b'\x11\xe8\xe1I\xe9\xf5\x882\x9a\xbe\x12\xdf\x17\xaeN\x1e'
11E8E149-E9F5-8832-9ABE-12DF17AE4E1E,2025-ncaa-d3-conf-SUNYAC,genius_ncaa,7,7,7,7,7,7,7,6,8,9,9,6,6,3,10,2,6,7,5,6,3,6,7,8,7,6,3,4,3,2,1,10,6,7,4,7,5,6,6,7,4,2,10,10,,,3,7,,7,7,9,6,2,5,6,4,8,8,5,2,4,5,5,5,2,2,10,6,7,7,2,10,,5,,9,7,7,6,2,9,1,1,7,10,8,10,8,4,4,2,4,8,2,3,10,9,8,10,10,3,4,6,2,1,1,4,8,10,4,3,7,3,3,7,10,,,6,5,,8,7,2,5,7,7,8,7,4,4,1,10,8,5,6,6,4,5,4,3,2,8,2,4,9,,4,,8,b'\x11\xe8\xe1I\xe9\xf5\x882\x9a\xbe\x12\xdf\x17\xaeN\x1e'
11E8E149-E9F5-8832-9ABE-12DF17AE4E1E,2025-ncaa-d3-natl,genius_ncaa,274,269,290,283,302,281,277,238,297,299,316,218,168,84,323,46,297,315,180,315,213,266,292,276,282,261,124,102,267,121,39,347,199,259,103,251,191,133,178,211,217,160,408,400,,,62,104,,169,268,335,289,116,250,246,124,290,310,131,50,283,305,300,155,181,65,341,197,226,188,189,412,,66,,188,269,173,186,91,317,52,28,288,410,373,412,410,39,63,59,54,193,66,66,372,356,341,403,418,39,93,199,45,39,44,103,315,352,293,222,333,171,213,213,301,,,323,311,,356,268,76,228,320,278,262,262,181,88,32,413,387,46,81,71,140,113,122,87,88,331,270,216,263,,305,,359,b'\x11\xe8\xe1I\xe9\xf5\x882\x9a\xbe\x12\xdf\x17\xaeN\x1e'
11E8E149-E9F5-8832-9ABE-12DF17AE4E1E,2026-ncaa-d3-conf-SUNYAC,genius_ncaa,2,5,1,5,1,3,5,1,9,5,3,9,3,2,6,4,2,1,8,2,2,1,1,9,9,8,1,2,4,1,4,4,4,2,5,5,7,6,3,6,1,1,2,3,,,8,9,,6,5,5,4,1,5,7,2,8,5,4,3,3,1,2,2,2,2,5,3,7,4,1,6,,8,,5,6,6,5,5,3,5,5,7,4,8,4,8,10,10,6,10,10,5,6,3,4,3,8,4,10,4,4,8,4,7,5,5,5,2,1,3,8,7,6,4,,,2,2,,2,5,7,5,3,6,4,2,2,2,1,4,7,10,10,10,2,5,3,8,7,3,2,6,4,,2,,3,b'\x11\xe8\xe1I\xe9\xf5\x882\x9a\xbe\x12\xdf\x17\xaeN\x1e'
11E8E149-E9F5-8832-9ABE-12DF17AE4E1E,2026-ncaa-d3-natl,genius_ncaa,157,132,215,163,242,208,180,166,223,150,165,187,230,189,301,210,267,210,359,210,255,175,217,240,272,216,318,263,306,98,75,247,34,183,60,133,115,100,66,68,139,76,195,167,,,123,139,,130,102,245,144,48,118,82,26,71,60,212,118,240,160,162,30,65,40,161,66,56,124,89,172,,133,,133,99,112,138,135,180,202,122,342,37,185,2,277,125,133,123,134,221,133,135,124,114,105,32,30,203,50,34,172,75,118,60,182,297,227,150,213,241,242,134,109,,,257,309,,323,102,168,175,66,102,114,174,172,268,152,23,249,140,159,169,168,184,32,250,126,243,149,286,146,,215,,330,b'\x11\xe8\xe1I\xe9\xf5\x882\x9a\xbe\x12\xdf\x17\xaeN\x1e'
11E8E149-E9F9-F19C-9ABE-12DF17AE4E1E,2018-ncaa-d3-conf-C2C,ncaa,6,6,5,6,6,6,7,6,7,7,6,7,5,4,3,3,7,9,1,9,7,6,7,7,6,5,5,3,7,7,7,5,7,6,7,7,6,7,7,5,7,7,2,4,,,3,4,,,6,5,6,6,6,6,7,6,7,4,5,7,9,9,9,7,7,6,8,6,7,7,3,,6,,,6,6,8,7,6,7,8,5,9,7,9,2,6,6,3,6,3,7,6,6,6,7,7,8,2,8,7,6,7,6,7,9,9,6,7,8,9,9,4,7,,,9,10,,,6,6,6,7,6,7,7,7,8,9,9,4,6,8,7,7,6,8,5,6,9,8,8,5,,10,,,b'\x11\xe8\xe1I\xe9\xf9\xf1\x9c\x9a\xbe\x12\xdf\x17\xaeN\x1e'
11E8E149-E9F9-F19C-9ABE-12DF17AE4E1E,2018-ncaa-d3-conf-CAC,ncaa,6,6,5,6,6,6,7,6,7,7,6,7,5,4,3,3,7,9,1,9,7,6,7,7,6,5,5,3,7,7,7,5,7,6,7,7,6,7,7,5,7,7,2,4,,,3,4,,,6,5,6,6,6,6,7,6,7,4,5,7,9,9,9,7,7,6,8,6,7,7,3,,6,,,6,6,8,7,6,7,8,5,9,7,9,2,6,6,3,6,3,7,6,6,6,7,7,8,2,8,7,6,7,6,7,9,9,6,7,8,9,9,4,7,,,9,10,,,6,6,6,7,6,7,7,7,8,9,9,4,6,8,7,7,6,8,5,6,9,8,8,5,,10,,,b'\x11\xe8\xe1I\xe9\xf9\xf1\x9c\x9a\xbe\x12\xdf\x17\xaeN\x1e'
11E8E149-E9F9-F19C-9ABE-12DF17AE4E1E,2018-ncaa-d3-natl,ncaa,218,251,123,239,155,188,195,198,193,234,264,224,103,131,98,117,225,274,102,268,264,209,178,157,161,205,123,107,288,276,317,241,316,269,314,148,128,329,315,234,187,237,78,106,,,311,288,,,283,144,181,179,213,233,252,286,311,119,142,265,313,312,275,239,324,307,340,162,290,217,88,,297,,,282,368,344,282,319,351,337,251,269,159,394,85,369,384,166,381,318,317,314,311,330,324,221,173,306,322,316,255,317,287,314,398,385,165,233,328,382,365,147,169,,,276,343,,,283,300,235,325,283,317,302,229,305,301,235,124,362,380,378,266,277,294,216,244,354,202,355,123,,346,,,b'\x11\xe8\xe1I\xe9\xf9\xf1\x9c\x9a\xbe\x12\xdf\x17\xaeN\x1e'
11E8E149-E9F9-F19C-9ABE-12DF17AE4E1E,2019-ncaa-d3-conf-C2C,ncaa,5,4,5,5,6,6,5,6,3,7,7,5,3,5,2,4,7,7,5,7,5,7,8,3,3,3,3,3,7,6,5,6,4,6,5,4,1,2,4,3,4,4,8,8,,,6,8,,,4,8,6,4,4,4,6,7,6,3,5,7,7,7,7,7,6,6,6,4,2,4,8,,7,,,4,2,1,1,3,2,2,3,3,2,6,3,6,5,8,6,8,1,1,3,5,5,7,3,8,3,4,4,5,3,5,2,4,6,4,4,2,4,5,6,,,6,4,,,4,1,4,5,4,4,2,1,2,2,3,2,7,6,7,3,3,3,5,4,3,5,2,6,,5,,,b'\x11\xe8\xe1I\xe9\xf9\xf1\x9c\x9a\xbe\x12\xdf\x17\xaeN\x1e'
11E8E149-E9F9-F19C-9ABE-12DF17AE4E1E,2019-ncaa-d3-conf-CAC,ncaa,5,4,5,5,6,6,5,6,3,7,7,5,3,5,2,4,7,7,5,7,5,7,8,3,3,3,3,3,7,6,5,6,4,6,5,4,1,2,4,3,4,4,8,8,,,6,8,,,4,8,6,4,4,4,6,7,6,3,5,7,7,7,7,7,6,6,6,4,2,4,8,,7,,,4,2,1,1,3,2,2,3,3,2,6,3,6,5,8,6,8,1,1,3,5,5,7,3,8,3,4,4,5,3,5,2,4,6,4,4,2,4,5,6,,,6,4,,,4,1,4,5,4,4,2,1,2,2,3,2,7,6,7,3,3,3,5,4,3,5,2,6,,5,,,b'\x11\xe8\xe1I\xe9\xf9\xf1\x9c\x9a\xbe\x12\xdf\x17\xaeN\x1e'
11E8E149-E9F9-F19C-9ABE-12DF17AE4E1E,2019-ncaa-d3-natl,ncaa,155,162,129,161,163,207,211,286,142,233,296,156,140,192,90,163,241,242,222,248,171,282,240,116,119,193,155,147,264,225,186,255,213,257,188,120,39,336,349,202,115,92,142,103,,,375,422,,,162,239,348,184,240,242,366,273,349,145,213,259,260,271,369,315,255,317,309,118,313,126,154,,372,,,164,131,58,89,96,45,70,99,232,261,187,325,400,357,431,356,420,112,172,119,208,150,419,288,433,181,213,152,186,151,188,144,333,118,94,102,268,281,324,342,,,121,75,,,162,187,195,148,168,101,37,36,35,33,206,229,388,341,346,62,92,143,105,111,125,129,239,304,,129,,,b'\x11\xe8\xe1I\xe9\xf9\xf1\x9c\x9a\xbe\x12\xdf\x17\xaeN\x1e'
11E8E149-E9F9-F19C-9ABE-12DF17AE4E1E,2020-ncaa-d2-conf-MEC,ncaa,11,10,11,11,11,11,12,12,10,11,11,11,9,8,9,6,11,11,9,11,7,12,12,11,11,11,5,5,5,8,8,11,8,11,8,9,1,11,12,10,5,5,5,2,,,10,12,,,11,12,10,7,11,12,11,11,11,8,8,10,9,9,12,11,7,9,9,9,12,5,5,,12,,,11,2,1,1,3,1,1,5,9,9,8,12,12,12,7,12,12,1,2,7,7,5,12,11,12,5,8,5,8,3,8,4,10,6,4,5,11,12,1,1,,,11,5,,,11,1,11,5,11,4,2,2,1,1,10,9,12,12,12,4,3,6,6,6,6,5,11,1,,6,,,b'\x11\xe8\xe1I\xe9\xf9\xf1\x9c\x9a\xbe\x12\xdf\x17\xaeN\x1e'
11E8E149-E9F9-F19C-9ABE-12DF17AE4E1E,2020-ncaa-d2-natl,ncaa,254,279,102,266,131,157,150,114,179,115,82,193,195,207,171,233,152,140,200,140,213,119,78,197,199,226,220,218,154,94,117,116,151,101,133,121,102,289,261,210,127,161,109,80,,,286,282,,,268,81,58,159,181,166,136,124,82,210,226,162,157,159,137,67,103,119,102,123,279,133,107,,291,,,259,284,217,196,187,134,89,223,292,299,207,280,307,302,245,302,306,251,234,226,271,256,299,251,289,191,151,185,117,195,133,210,177,131,172,169,301,280,165,111,,,113,157,,,268,237,221,256,256,277,196,179,115,49,290,293,308,300,301,248,240,180,168,177,195,143,290,154,,95,,,b'\x11\xe8\xe1I\xe9\xf9\xf1\x9c\x9a\xbe\x12\xdf\x17\xaeN\x1e'
11E8E149-E9F9-F19C-9ABE-12DF17AE4E1E,2021-ncaa-d2-conf-MEC,ncaa,11,12,8,12,9,12,12,10,12,12,3,12,12,12,9,12,9,4,12,4,6,10,10,12,12,12,10,11,2,7,9,12,10,11,11,12,12,6,7,12,6,6,10,8,,,7,11,,,12,10,6,5,12,12,7,12,2,11,12,7,2,2,6,6,6,11,10,12,7,6,10,,10,,,12,9,7,2,10,3,1,10,12,9,12,11,8,8,12,8,11,4,4,12,12,12,12,12,9,6,10,10,9,8,11,10,10,6,6,10,9,11,6,4,,,4,2,,,12,3,12,12,12,12,8,3,5,3,12,11,10,10,10,4,7,7,12,10,10,6,10,6,,2,,,b'\x11\xe8\xe1I\xe9\xf9\xf1\x9c\x9a\xbe\x12\xdf\x17\xaeN\x1e'
11E8E149-E9F9-F19C-9ABE-12DF17AE4E1E,2021-ncaa-d2-natl,ncaa,190,199,114,199,123,139,133,104,206,100,42,215,185,183,160,225,112,69,219,70,164,98,95,211,214,212,211,220,53,63,111,127,198,113,200,177,220,144,139,215,97,141,153,188,,,154,153,,,223,100,18,121,168,158,41,77,5,218,223,102,24,22,25,16,41,148,80,213,191,91,183,,209,,,221,175,167,133,207,150,120,200,204,171,220,183,162,156,163,150,166,136,135,219,221,211,183,198,99,176,198,165,111,166,200,184,154,94,120,178,195,202,124,48,,,60,24,,,223,129,210,219,219,225,214,200,193,151,224,216,196,192,187,209,214,203,218,219,215,61,218,118,,3,,,b'\x11\xe8\xe1I\xe9\xf9\xf1\x9c\x9a\xbe\x12\xdf\x17\xaeN\x1e'
11E8E149-E9F9-F19C-9ABE-12DF17AE4E1E,2022-ncaa-d2-conf-MEC,ncaa,11,10,10,11,11,11,11,10,11,10,4,11,10,11,5,11,10,8,11,7,9,9,9,11,11,11,7,8,1,6,7,12,4,11,8,11,11,7,8,11,10,7,5,5,,,8,12,,,10,10,7,9,10,11,6,10,2,9,11,10,4,2,6,7,4,10,9,11,9,9,5,,12,,,10,4,2,1,7,3,2,7,7,5,10,7,10,9,9,10,12,2,2,8,9,9,10,8,12,1,4,5,7,4,8,3,5,8,5,6,8,8,2,2,,,5,1,,,10,3,11,8,10,8,4,2,4,3,8,6,12,12,12,6,4,2,8,5,4,6,8,3,,1,,,b'\x11\xe8\xe1I\xe9\xf9\xf1\x9c\x9a\xbe\x12\xdf\x17\xaeN\x1e'
11E8E149-E9F9-F19C-9ABE-12DF17AE4E1E,2022-ncaa-d2-natl,ncaa,255,283,106,266,145,158,156,97,248,116,41,274,235,243,146,279,104,61,264,56,167,83,75,260,260,252,222,255,72,89,119,148,115,122,136,248,290,239,178,269,217,261,142,160,,,274,259,,,276,78,35,293,208,202,93,130,24,258,271,110,60,57,60,49,96,181,143,276,224,243,157,,273,,,264,268,229,216,187,185,188,156,274,239,261,182,288,285,209,285,274,245,218,212,231,252,277,214,255,107,115,187,119,164,136,99,19,175,233,133,218,175,68,19,,,40,46,,,276,228,252,233,257,273,225,224,167,165,265,236,289,282,282,259,226,90,177,140,81,200,211,49,,19,,,b'\x11\xe8\xe1I\xe9\xf9\xf1\x9c\x9a\xbe\x12\xdf\x17\xaeN\x1e'
11E8E149-E9F9-F19C-9ABE-12DF17AE4E1E,2023-ncaa-d2-conf-MEC,ncaa,8,9,4,9,4,7,9,7,9,9,4,10,6,6,7,7,3,4,9,4,4,6,6,10,10,7,6,6,2,7,9,4,5,8,9,9,8,7,6,8,10,11,10,10,,,7,8,,,8,5,7,2,7,10,6,8,6,6,6,5,3,3,4,7,9,6,8,9,5,11,10,,7,,,8,11,11,11,9,8,9,9,10,11,5,10,8,8,4,7,7,12,8,9,9,10,6,8,7,5,5,9,9,9,9,8,5,9,9,8,6,5,11,11,,,2,1,,,8,8,8,9,8,10,10,10,6,8,10,11,8,7,7,9,7,6,8,7,7,10,5,11,,2,,,b'\x11\xe8\xe1I\xe9\xf9\xf1\x9c\x9a\xbe\x12\xdf\x17\xaeN\x1e'
11E8E149-E9F9-F19C-9ABE-12DF17AE4E1E,2023-ncaa-d2-natl,ncaa,207,266,47,235,51,62,74,29,201,58,27,192,147,114,215,214,15,9,188,9,70,27,28,215,194,173,178,229,37,93,190,77,203,79,204,167,277,236,116,225,202,270,183,253,,,284,186,,,244,19,11,41,73,105,36,67,45,185,163,21,17,18,15,25,153,118,135,240,175,238,216,,255,,,235,294,292,288,190,282,274,227,277,286,122,212,267,272,150,269,156,290,282,192,196,229,152,176,133,263,203,267,190,274,204,230,41,105,237,166,189,66,288,252,,,6,16,,,244,280,189,234,225,282,281,286,270,250,248,280,228,227,217,290,284,230,209,235,172,163,125,281,,4,,,b'\x11\xe8\xe1I\xe9\xf9\xf1\x9c\x9a\xbe\x12\xdf\x17\xaeN\x1e'
11E8E149-E9F9-F19C-9ABE-12DF17AE4E1E,2024-ncaa-d2-conf-MEC,ncaa,3,2,7,3,10,4,4,5,1,1,3,1,9,11,2,11,4,4,3,4,7,5,6,1,2,1,10,11,4,9,5,2,1,3,2,6,9,4,4,6,10,10,9,10,,,5,4,,,3,7,4,9,3,2,6,1,1,8,11,2,3,3,5,5,9,1,3,6,6,10,10,,5,,,3,5,4,8,2,5,8,3,8,9,5,7,4,4,7,4,4,8,5,2,2,7,7,6,3,4,1,2,5,3,2,3,3,10,11,8,7,8,4,4,,,3,1,,,3,5,2,7,3,7,8,10,7,9,9,10,7,6,5,10,5,4,2,3,4,10,9,5,,1,,,b'\x11\xe8\xe1I\xe9\xf9\xf1\x9c\x9a\xbe\x12\xdf\x17\xaeN\x1e'
11E8E149-E9F9-F19C-9ABE-12DF17AE4E1E,2024-ncaa-d2-natl,ncaa,86,93,78,90,93,33,31,56,17,12,14,47,196,241,63,284,14,25,29,25,141,41,29,39,31,62,263,279,62,91,47,47,135,55,26,81,234,277,199,177,150,225,174,231,,,249,117,,,97,25,10,167,10,11,47,4,11,228,269,8,25,27,29,17,108,40,50,87,255,174,194,,207,,,98,278,274,282,134,267,273,135,259,264,163,170,231,247,69,246,137,285,274,142,125,175,159,184,115,235,135,55,47,114,26,190,40,133,232,159,292,248,219,103,,,13,52,,,97,274,66,179,104,267,271,294,257,274,242,254,195,211,210,293,283,208,12,58,150,163,277,202,,10,,,b'\x11\xe8\xe1I\xe9\xf9\xf1\x9c\x9a\xbe\x12\xdf\x17\xaeN\x1e'
11E8E149-E9F9-F19C-9ABE-12DF17AE4E1E,2025-ncaa-d2-conf-MEC,genius_ncaa,2,4,4,4,4,4,4,5,1,2,6,1,5,8,3,9,2,4,2,4,4,5,5,1,1,2,9,9,5,9,6,2,4,5,2,3,5,8,9,5,7,8,2,2,,,3,1,,7,6,4,6,1,3,2,7,2,6,7,8,2,7,7,7,6,9,2,6,3,9,7,2,,3,,9,6,9,8,11,5,6,7,3,11,10,10,8,4,4,4,4,3,10,8,5,3,7,8,10,1,6,4,2,6,4,2,9,7,8,9,11,11,11,6,7,,,4,4,,6,6,8,2,7,5,6,9,11,6,9,11,10,3,4,3,10,6,7,2,4,8,8,11,6,,4,,8,b'\x11\xe8\xe1I\xe9\xf9\xf1\x9c\x9a\xbe\x12\xdf\x17\xaeN\x1e'
11E8E149-E9F9-F19C-9ABE-12DF17AE4E1E,2025-ncaa-d2-natl,genius_ncaa,67,95,43,86,50,26,25,50,10,23,49,18,72,114,24,189,29,59,16,55,132,45,32,16,12,32,184,181,140,151,115,29,184,55,79,65,208,283,217,164,181,260,69,139,,,183,27,,284,84,20,30,48,17,20,85,25,80,97,162,42,96,93,84,61,195,35,90,84,239,222,85,,99,,279,91,284,288,298,115,279,287,102,291,296,193,231,85,97,89,99,14,297,284,135,101,150,134,255,11,283,184,97,115,194,79,212,40,117,242,171,286,242,247,175,,,32,99,,57,84,281,53,170,95,240,271,298,228,278,274,284,41,53,55,289,275,254,24,104,155,183,258,216,,53,,79,b'\x11\xe8\xe1I\xe9\xf9\xf1\x9c\x9a\xbe\x12\xdf\x17\xaeN\x1e'
11E8E149-E9F9-F19C-9ABE-12DF17AE4E1E,2026-ncaa-d2-conf-MEC,genius_ncaa,6,8,1,8,1,7,6,6,7,5,7,5,9,8,10,8,2,4,2,3,2,5,5,8,6,9,7,10,2,6,7,3,4,5,5,8,8,7,8,10,9,10,10,10,,,6,5,,1,9,5,5,1,9,8,8,6,8,10,9,2,5,4,6,6,7,3,5,9,7,10,10,,5,,1,9,10,9,10,6,9,9,7,6,7,7,7,7,9,5,9,7,10,8,7,7,10,8,5,5,7,4,9,7,8,5,10,10,9,11,11,7,9,2,3,,,5,6,,10,9,8,9,10,9,9,8,10,8,8,6,7,6,8,8,9,7,4,7,6,10,9,7,2,,6,,10,b'\x11\xe8\xe1I\xe9\xf9\xf1\x9c\x9a\xbe\x12\xdf\x17\xaeN\x1e'
11E8E149-E9F9-F19C-9ABE-12DF17AE4E1E,2026-ncaa-d2-natl,genius_ncaa,107,196,13,157,27,34,56,89,57,44,78,46,113,110,131,179,6,22,5,19,30,64,44,65,24,63,116,202,23,143,167,45,101,74,101,59,128,274,229,175,222,280,231,271,,,256,165,,239,221,33,124,88,92,152,268,130,211,179,204,20,59,56,225,188,235,149,216,134,206,276,267,,164,,198,210,288,280,282,245,267,251,262,288,289,222,240,258,233,256,231,143,281,263,259,266,288,195,219,104,197,101,175,167,181,101,283,197,176,277,285,240,175,137,92,,,18,42,,132,221,267,92,282,208,275,267,243,218,149,264,256,177,144,139,224,136,96,28,37,252,276,161,76,,54,,184,b'\x11\xe8\xe1I\xe9\xf9\xf1\x9c\x9a\xbe\x12\xdf\x17\xaeN\x1e'
11E8E149-E9FF-0FA6-9ABE-12DF17AE4E1E,2018-ncaa-d3-conf-NEAC,ncaa,5,5,3,5,3,3,4,1,8,3,1,8,11,12,9,13,1,1,2,1,9,1,1,9,8,8,11,12,2,1,1,4,5,1,4,5,7,11,7,7,3,6,6,9,,,13,10,,,6,2,2,4,5,6,2,3,1,11,13,1,2,2,1,1,1,8,1,6,11,5,8,,11,,,6,13,12,10,12,13,13,12,8,3,14,2,13,14,3,14,11,13,14,12,12,11,7,3,9,7,5,9,1,8,4,11,12,3,6,7,7,3,13,6,,,2,8,,,6,14,7,10,6,11,11,6,10,8,7,2,11,13,13,9,10,7,6,6,11,4,6,12,,4,,,b'\x11\xe8\xe1I\xe9\xff\x0f\xa6\x9a\xbe\x12\xdf\x17\xaeN\x1e'
11E8E149-E9FF-0FA6-9ABE-12DF17AE4E1E,2018-ncaa-d3-conf-United East,ncaa,5,5,3,5,3,3,4,1,8,3,1,8,11,12,9,13,1,1,2,1,9,1,1,9,8,8,11,12,2,1,1,4,5,1,4,5,7,11,7,7,3,6,6,9,,,13,10,,,6,2,2,4,5,6,2,3,1,11,13,1,2,2,1,1,1,8,1,6,11,5,8,,11,,,6,13,12,10,12,13,13,12,8,3,14,2,13,14,3,14,11,13,14,12,12,11,7,3,9,7,5,9,1,8,4,11,12,3,6,7,7,3,13,6,,,2,8,,,6,14,7,10,6,11,11,6,10,8,7,2,11,13,13,9,10,7,6,6,11,4,6,12,,4,,,b'\x11\xe8\xe1I\xe9\xff\x0f\xa6\x9a\xbe\x12\xdf\x17\xaeN\x1e'
11E8E149-E9FF-0FA6-9ABE-12DF17AE4E1E,2018-ncaa-d3-natl,ncaa,196,251,68,222,89,94,91,35,257,43,8,320,335,370,222,420,53,42,201,44,307,32,16,318,296,300,378,397,109,18,32,70,200,27,90,78,122,418,283,243,23,43,192,297,,,371,183,,,205,22,30,200,110,108,35,41,7,372,400,56,55,61,28,16,20,110,25,83,388,23,217,,309,,,206,402,411,397,311,420,425,239,205,131,357,38,299,360,36,358,176,403,425,287,246,165,70,83,174,335,200,355,32,359,90,429,388,31,72,190,395,275,440,337,,,102,368,,,205,428,259,150,200,302,336,322,372,389,146,73,227,311,310,332,403,270,261,265,385,33,348,432,,155,,,b'\x11\xe8\xe1I\xe9\xff\x0f\xa6\x9a\xbe\x12\xdf\x17\xaeN\x1e'
11E8E149-E9FF-0FA6-9ABE-12DF17AE4E1E,2019-ncaa-d3-conf-NEAC,ncaa,2,3,2,3,3,1,1,1,3,1,1,3,5,6,5,11,1,2,1,2,6,1,1,4,2,2,9,9,3,1,1,4,11,1,5,1,4,1,1,1,1,2,8,10,,,10,6,,,3,1,1,10,1,1,1,1,1,6,6,1,2,2,1,1,1,9,1,1,1,1,9,,7,,,3,12,12,12,11,12,12,10,10,8,7,5,6,7,4,6,4,12,12,10,10,9,3,5,3,12,11,8,1,10,5,9,2,1,3,4,2,2,12,8,,,1,5,,,3,12,1,9,3,11,11,9,11,11,8,6,4,5,4,9,11,10,4,6,6,3,3,11,,2,,,b'\x11\xe8\xe1I\xe9\xff\x0f\xa6\x9a\xbe\x12\xdf\x17\xaeN\x1e'
11E8E149-E9FF-0FA6-9ABE-12DF17AE4E1E,2019-ncaa-d3-conf-United East,ncaa,2,3,2,3,3,1,1,1,3,1,1,3,5,6,5,11,1,2,1,2,6,1,1,4,2,2,9,9,3,1,1,4,11,1,5,1,4,1,1,1,1,2,8,10,,,10,6,,,3,1,1,10,1,1,1,1,1,6,6,1,2,2,1,1,1,9,1,1,1,1,9,,7,,,3,12,12,12,11,12,12,10,10,8,7,5,6,7,4,6,4,12,12,10,10,9,3,5,3,12,11,8,1,10,5,9,2,1,3,4,2,2,12,8,,,1,5,,,3,12,1,9,3,11,11,9,11,11,8,6,4,5,4,9,11,10,4,6,6,3,3,11,,2,,,b'\x11\xe8\xe1I\xe9\xff\x0f\xa6\x9a\xbe\x12\xdf\x17\xaeN\x1e'
11E8E149-E9FF-0FA6-9ABE-12DF17AE4E1E,2019-ncaa-d3-natl,ncaa,118,134,67,137,116,21,17,7,112,6,3,160,221,257,178,393,29,59,42,63,373,7,10,172,151,94,395,386,241,7,14,124,373,23,120,31,209,264,32,50,27,59,286,375,,,257,59,,,97,14,15,333,9,8,6,6,2,270,311,30,79,88,5,8,6,194,23,24,186,26,328,,175,,,97,434,439,430,359,436,440,301,288,205,373,54,159,183,118,173,36,428,431,326,293,227,33,111,48,424,373,303,14,390,120,402,130,48,133,177,282,90,426,232,,,96,376,,,97,428,48,256,118,383,410,409,420,420,221,128,118,135,129,399,426,396,207,319,339,60,219,411,,146,,,b'\x11\xe8\xe1I\xe9\xff\x0f\xa6\x9a\xbe\x12\xdf\x17\xaeN\x1e'
11E8E149-E9FF-0FA6-9ABE-12DF17AE4E1E,2020-ncaa-d3-conf-NEAC,ncaa,6,6,7,6,8,6,4,6,2,3,2,4,11,11,11,11,4,6,3,6,12,6,6,6,5,5,12,12,5,4,4,10,3,6,5,4,9,5,4,5,4,4,11,10,,,2,2,,,6,6,5,2,3,2,4,1,1,11,11,4,6,6,4,3,4,6,6,3,6,4,10,,3,,,6,6,10,3,12,10,7,11,6,3,11,4,1,1,4,1,2,2,4,11,11,11,2,6,2,2,3,2,4,1,5,5,2,5,5,6,5,5,11,6,,,8,10,,,6,6,4,9,6,9,12,8,12,9,8,4,2,3,2,6,6,3,5,2,6,5,6,11,,7,,,b'\x11\xe8\xe1I\xe9\xff\x0f\xa6\x9a\xbe\x12\xdf\x17\xaeN\x1e'
11E8E149-E9FF-0FA6-9ABE-12DF17AE4E1E,2020-ncaa-d3-conf-United East,ncaa,6,6,7,6,8,6,4,6,2,3,2,4,11,11,11,11,4,6,3,6,12,6,6,6,5,5,12,12,5,4,4,10,3,6,5,4,9,5,4,5,4,4,11,10,,,2,2,,,6,6,5,2,3,2,4,1,1,11,11,4,6,6,4,3,4,6,6,3,6,4,10,,3,,,6,6,10,3,12,10,7,11,6,3,11,4,1,1,4,1,2,2,4,11,11,11,2,6,2,2,3,2,4,1,5,5,2,5,5,6,5,5,11,6,,,8,10,,,6,6,4,9,6,9,12,8,12,9,8,4,2,3,2,6,6,3,5,2,6,5,6,11,,7,,,b'\x11\xe8\xe1I\xe9\xff\x0f\xa6\x9a\xbe\x12\xdf\x17\xaeN\x1e'
11E8E149-E9FF-0FA6-9ABE-12DF17AE4E1E,2020-ncaa-d3-natl,ncaa,285,306,198,299,237,198,116,153,107,24,18,127,430,427,424,437,217,227,188,231,411,164,141,224,227,244,438,438,261,146,121,231,103,208,118,135,196,292,267,194,68,61,381,401,,,45,30,,,261,139,77,155,166,59,89,3,3,433,435,202,228,235,102,76,124,222,177,100,315,55,390,,31,,,260,334,402,242,414,406,325,388,247,122,404,120,39,47,75,40,25,192,220,400,383,338,25,188,23,78,103,137,121,96,118,331,168,157,142,256,335,308,371,214,,,291,377,,,261,284,245,291,267,330,389,288,403,348,265,132,37,47,41,226,269,93,160,119,332,136,340,378,,297,,,b'\x11\xe8\xe1I\xe9\xff\x0f\xa6\x9a\xbe\x12\xdf\x17\xaeN\x1e'
11E8E149-E9FF-0FA6-9ABE-12DF17AE4E1E,2022-ncaa-d3-conf-United East,ncaa,2,2,1,2,2,2,1,3,2,1,1,3,8,8,7,9,2,3,3,3,6,3,2,3,3,4,9,9,3,3,1,1,2,1,2,1,3,7,5,3,1,1,3,1,,,4,3,,,3,2,5,2,3,1,4,1,1,8,8,2,3,3,5,3,4,2,2,1,5,2,5,,3,,,3,4,5,7,3,2,2,5,6,9,3,9,2,2,2,2,2,7,8,4,3,2,8,9,3,3,2,2,1,2,2,6,8,3,4,6,6,4,6,3,,,3,3,,,3,8,4,1,2,3,3,6,2,1,6,9,2,2,2,5,4,3,2,2,6,3,4,6,,4,,,b'\x11\xe8\xe1I\xe9\xff\x0f\xa6\x9a\xbe\x12\xdf\x17\xaeN\x1e'
11E8E149-E9FF-0FA6-9ABE-12DF17AE4E1E,2022-ncaa-d3-natl,ncaa,116,129,107,125,135,146,100,197,47,29,31,88,403,410,294,423,187,155,259,152,343,193,140,118,124,193,424,423,237,147,56,78,170,100,53,51,43,366,326,146,39,39,156,164,,,64,22,,,134,142,203,174,174,93,268,18,30,419,423,211,179,178,256,186,171,74,103,37,318,45,176,,18,,,140,181,269,332,112,218,241,160,341,397,93,390,21,24,9,24,9,284,307,133,67,74,166,369,12,292,170,91,56,151,53,375,393,121,164,279,363,324,174,67,,,150,204,,,134,297,187,85,135,103,199,311,156,171,304,378,5,8,5,206,236,245,28,91,333,152,316,154,,189,,,b'\x11\xe8\xe1I\xe9\xff\x0f\xa6\x9a\xbe\x12\xdf\x17\xaeN\x1e'
11E8E149-E9FF-0FA6-9ABE-12DF17AE4E1E,2023-ncaa-d3-conf-United East,ncaa,6,6,5,6,5,5,3,7,1,1,1,2,9,9,8,9,7,5,8,6,8,7,4,2,3,5,9,9,9,3,1,2,2,1,1,3,2,8,8,6,6,6,1,1,,,5,5,,,5,6,4,3,5,1,7,1,1,9,9,7,5,5,7,4,2,1,1,1,8,5,1,,5,,,5,6,5,7,2,2,2,3,8,8,6,8,6,5,9,5,5,7,4,4,4,6,8,8,5,5,2,1,1,1,1,7,8,6,7,7,7,7,4,2,,,5,7,,,5,5,5,6,5,6,6,7,2,4,6,8,7,5,5,6,6,7,1,1,7,6,7,4,,5,,,b'\x11\xe8\xe1I\xe9\xff\x0f\xa6\x9a\xbe\x12\xdf\x17\xaeN\x1e'
11E8E149-E9FF-0FA6-9ABE-12DF17AE4E1E,2023-ncaa-d3-natl,ncaa,289,325,185,314,232,309,206,340,39,41,38,150,429,429,425,429,375,322,411,327,420,348,196,169,240,353,429,429,385,172,27,101,281,124,46,123,69,425,423,342,259,296,47,43,,,61,28,,,325,206,166,259,341,188,396,19,15,429,429,402,343,350,403,169,158,46,78,100,422,266,40,,41,,,321,220,267,344,116,201,258,114,354,368,234,341,86,94,108,88,70,310,273,147,100,154,267,361,63,356,281,23,27,84,46,361,380,220,279,343,425,412,165,51,,,299,351,,,325,231,350,204,317,243,265,357,206,269,346,366,74,85,79,324,294,349,5,89,340,230,413,156,,334,,,b'\x11\xe8\xe1I\xe9\xff\x0f\xa6\x9a\xbe\x12\xdf\x17\xaeN\x1e'
11E8E149-E9FF-0FA6-9ABE-12DF17AE4E1E,2024-ncaa-d3-conf-United East,ncaa,7,2,16,4,17,10,10,16,1,5,11,1,17,17,16,17,15,15,1,15,16,16,16,1,1,2,17,17,13,15,3,11,2,13,1,4,1,6,11,2,12,10,2,1,,,2,2,,,7,16,9,10,3,1,11,1,2,17,17,7,13,13,12,12,9,1,6,1,13,9,1,,3,,,6,1,2,2,6,1,1,12,12,12,11,17,1,1,9,1,2,1,1,12,7,10,14,16,2,2,2,1,3,1,1,6,15,16,12,12,6,12,1,4,,,17,13,,,7,2,1,9,6,8,11,13,5,3,15,17,1,1,1,10,8,5,1,1,14,13,11,8,,14,,,b'\x11\xe8\xe1I\xe9\xff\x0f\xa6\x9a\xbe\x12\xdf\x17\xaeN\x1e'
11E8E149-E9FF-0FA6-9ABE-12DF17AE4E1E,2024-ncaa-d3-natl,ncaa,110,139,63,133,92,108,42,82,32,8,3,84,423,425,418,427,201,232,115,237,417,93,51,137,150,216,427,427,318,79,57,34,205,44,71,16,13,401,344,154,55,110,32,86,,,33,7,,,194,42,57,244,128,32,106,3,3,427,427,244,304,309,133,57,95,37,40,8,375,81,40,,7,,,196,359,397,418,215,394,400,278,300,392,56,275,54,54,164,65,19,404,399,189,130,148,48,208,19,362,205,150,57,264,71,406,349,93,218,315,402,350,188,32,,,281,408,,,194,386,220,160,197,275,348,384,348,364,240,347,26,19,24,361,357,308,62,159,360,143,381,146,,371,,,b'\x11\xe8\xe1I\xe9\xff\x0f\xa6\x9a\xbe\x12\xdf\x17\xaeN\x1e'
11E8E149-E9FF-0FA6-9ABE-12DF17AE4E1E,2025-ncaa-d3-conf-United East,genius_ncaa,2,2,1,2,1,2,1,5,1,1,1,1,15,16,5,17,5,9,2,9,17,5,5,1,1,2,17,17,15,5,3,1,14,4,5,1,2,16,11,4,5,6,1,1,,,10,4,,5,5,3,9,1,3,2,9,1,1,15,17,8,12,13,9,8,9,3,5,1,10,7,1,,4,,4,5,12,14,17,2,11,16,2,17,17,9,14,4,6,3,6,3,17,17,2,3,5,12,17,4,17,14,3,3,12,5,15,16,9,12,12,15,9,10,6,,,9,12,,15,5,14,3,9,5,8,9,15,6,14,16,15,3,3,3,13,12,17,2,7,11,11,10,10,,14,,15,b'\x11\xe8\xe1I\xe9\xff\x0f\xa6\x9a\xbe\x12\xdf\x17\xaeN\x1e'
11E8E149-E9FF-0FA6-9ABE-12DF17AE4E1E,2025-ncaa-d3-natl,genius_ncaa,82,155,16,127,18,49,20,43,21,4,3,52,380,396,257,415,155,181,154,176,406,50,18,79,95,193,419,412,338,26,7,29,369,21,87,3,9,417,359,145,39,85,17,60,,,236,45,,107,147,15,128,80,116,39,138,6,15,402,414,268,302,298,173,79,51,102,54,5,377,66,26,,92,,80,157,393,399,416,99,388,414,82,382,401,196,237,115,176,20,174,35,417,413,109,60,81,140,301,33,418,369,93,7,362,87,411,391,58,199,294,416,368,252,45,,,165,382,,368,147,401,164,163,162,216,286,378,260,363,281,325,33,75,76,350,353,395,8,191,358,122,379,150,,339,,386,b'\x11\xe8\xe1I\xe9\xff\x0f\xa6\x9a\xbe\x12\xdf\x17\xaeN\x1e'
11E8E149-E9FF-0FA6-9ABE-12DF17AE4E1E,2026-ncaa-d3-conf-United East,genius_ncaa,11,12,4,11,4,7,8,8,8,7,6,11,11,13,2,14,7,7,7,6,9,8,6,8,7,11,10,11,4,8,10,4,12,5,9,8,8,13,13,12,14,14,8,10,,,8,5,,6,12,4,3,1,11,12,13,11,7,12,14,10,10,10,13,6,12,2,5,11,14,14,8,,6,,6,13,11,11,10,10,11,11,9,14,12,11,11,11,13,3,13,10,11,11,12,9,13,9,12,5,11,12,7,10,9,9,14,13,11,14,14,13,13,10,10,,,3,5,,6,12,11,12,13,13,13,13,13,13,13,13,14,9,13,13,14,14,13,6,9,14,13,14,9,,5,,6,b'\x11\xe8\xe1I\xe9\xff\x0f\xa6\x9a\xbe\x12\xdf\x17\xaeN\x1e'
11E8E149-E9FF-0FA6-9ABE-12DF17AE4E1E,2026-ncaa-d3-natl,genius_ncaa,345,329,215,363,249,372,360,350,324,284,180,372,403,410,240,416,324,329,223,334,389,352,219,365,362,399,413,413,135,269,131,178,353,213,207,349,288,407,414,405,352,399,230,308,,,105,17,,75,401,212,32,113,396,380,396,253,74,414,416,331,323,338,401,71,224,51,118,363,414,364,218,,96,,80,405,312,349,327,315,360,346,293,274,265,251,143,125,177,41,169,51,314,259,300,242,341,55,173,29,370,353,87,131,192,207,386,361,337,404,406,408,411,290,293,,,313,384,,323,401,213,400,377,401,394,403,412,402,412,336,338,140,221,212,411,398,397,62,287,405,355,413,351,,334,,330,b'\x11\xe8\xe1I\xe9\xff\x0f\xa6\x9a\xbe\x12\xdf\x17\xaeN\x1e'
11E8E149-EA03-7A46-9ABE-12DF17AE4E1E,2018-ncaa-d3-conf-PAC,ncaa,7,7,7,7,7,7,7,8,7,7,8,7,7,6,9,4,6,6,6,5,2,8,8,8,8,7,2,5,2,9,9,8,9,9,9,9,10,6,7,8,9,9,9,9,,,4,4,,,9,8,7,3,7,7,7,8,8,7,6,5,5,4,8,10,9,9,10,9,6,10,9,,4,,,9,10,10,9,9,9,8,9,8,7,7,5,5,4,6,4,3,9,5,9,9,9,2,3,2,9,9,9,9,9,9,8,6,9,8,9,6,6,4,7,,,7,1,,,9,3,7,9,9,9,9,8,10,8,8,5,6,6,6,8,8,9,8,9,8,8,6,4,,4,,,b'\x11\xe8\xe1I\xea\x03zF\x9a\xbe\x12\xdf\x17\xaeN\x1e'
11E8E149-EA03-7A46-9ABE-12DF17AE4E1E,2018-ncaa-d3-natl,ncaa,299,309,305,307,346,340,355,395,246,372,391,271,251,308,148,169,216,251,148,237,59,392,392,221,199,251,101,151,76,427,428,391,375,417,408,392,393,187,344,378,369,369,340,351,,,118,189,,,384,368,312,303,346,373,430,373,401,220,270,174,200,186,417,416,437,410,438,402,243,375,345,,166,,,381,325,353,161,417,359,183,416,279,196,359,230,178,158,287,138,172,148,98,417,409,426,137,215,106,250,375,150,428,174,408,342,223,373,357,394,290,376,181,339,,,315,116,,,384,84,308,421,385,377,388,272,383,266,305,245,210,196,181,253,196,309,219,258,350,365,322,224,,289,,,b'\x11\xe8\xe1I\xea\x03zF\x9a\xbe\x12\xdf\x17\xaeN\x1e'
11E8E149-EA03-7A46-9ABE-12DF17AE4E1E,2019-ncaa-d3-conf-PAC,ncaa,9,9,9,9,9,9,9,8,8,7,6,9,8,8,8,8,9,8,7,8,6,8,8,9,9,9,6,7,3,5,5,7,5,8,5,9,9,7,9,9,8,6,8,8,,,1,1,,,9,8,3,8,9,8,5,5,3,8,7,6,5,4,5,2,2,3,2,9,9,7,8,,1,,,9,6,7,6,8,7,5,8,8,8,3,7,2,2,9,1,1,6,2,8,8,9,2,5,1,4,5,3,5,3,5,6,7,9,9,9,6,9,2,2,,,9,9,,,9,2,9,9,9,8,9,9,7,7,8,9,5,2,2,7,5,6,5,6,9,9,9,3,,9,,,b'\x11\xe8\xe1I\xea\x03zF\x9a\xbe\x12\xdf\x17\xaeN\x1e'
11E8E149-EA03-7A46-9ABE-12DF17AE4E1E,2019-ncaa-d3-natl,ncaa,390,361,390,393,397,366,367,381,314,358,347,320,311,332,245,254,338,336,290,324,248,383,387,317,320,323,221,220,221,266,176,350,199,340,190,390,389,166,314,369,400,359,432,425,,,26,64,,,371,399,210,138,300,291,204,265,191,252,250,262,237,228,205,154,127,166,121,374,319,360,425,,70,,,381,173,222,98,383,213,54,423,282,314,185,400,78,45,422,42,122,69,40,393,387,423,201,314,82,68,199,81,176,66,190,328,366,420,413,426,268,364,78,133,,,402,366,,,371,45,311,416,384,386,392,366,358,199,388,418,172,112,108,331,209,217,271,254,409,407,368,149,,352,,,b'\x11\xe8\xe1I\xea\x03zF\x9a\xbe\x12\xdf\x17\xaeN\x1e'
11E8E149-EA03-7A46-9ABE-12DF17AE4E1E,2020-ncaa-d3-conf-PAC,ncaa,8,8,6,8,8,7,7,3,8,6,6,7,3,2,9,2,8,8,7,8,8,4,2,8,8,8,5,3,8,3,5,5,7,5,8,7,6,9,7,7,4,5,6,7,,,8,5,,,8,2,1,6,7,7,2,6,4,2,1,8,8,8,3,1,2,3,1,6,9,3,6,,8,,,8,9,9,8,7,6,5,7,9,9,9,9,6,7,5,7,7,8,8,9,9,7,9,9,3,7,7,9,5,8,8,9,9,4,4,7,9,8,3,4,,,7,9,,,8,8,8,7,8,9,8,8,7,6,9,9,7,8,8,8,9,7,9,8,9,3,9,3,,7,,,b'\x11\xe8\xe1I\xea\x03zF\x9a\xbe\x12\xdf\x17\xaeN\x1e'
11E8E149-EA03-7A46-9ABE-12DF17AE4E1E,2020-ncaa-d3-natl,ncaa,397,345,412,400,418,361,335,290,360,367,381,261,180,59,388,17,421,412,410,409,340,330,289,339,377,380,163,51,421,124,132,364,353,292,299,347,346,351,369,380,164,128,381,351,,,139,191,,,381,341,7,303,226,175,16,267,232,67,11,406,356,348,25,10,30,118,34,262,423,58,335,,385,,,390,303,273,137,369,109,41,368,431,407,411,425,178,160,289,158,324,121,110,405,407,392,410,422,130,248,353,203,132,229,299,397,422,251,224,373,410,406,78,180,,,411,430,,,381,93,364,391,381,430,417,421,336,240,436,435,359,340,338,426,430,385,413,414,429,75,431,176,,298,,,b'\x11\xe8\xe1I\xea\x03zF\x9a\xbe\x12\xdf\x17\xaeN\x1e'
11E8E149-EA03-7A46-9ABE-12DF17AE4E1E,2021-ncaa-d3-conf-PAC,ncaa,5,6,3,6,8,4,3,1,7,5,5,7,1,1,5,2,10,8,10,8,9,1,1,7,7,7,4,1,10,2,7,4,8,3,9,5,7,10,6,7,2,3,5,7,,,10,10,,,7,1,1,10,3,3,1,5,4,1,1,10,10,10,1,1,2,4,1,4,10,2,5,,10,,,7,10,9,8,8,10,10,8,3,4,4,1,10,10,5,10,10,10,10,7,7,6,3,1,9,8,8,10,7,10,9,9,8,2,3,5,9,5,8,4,,,7,10,,,7,10,7,5,7,10,10,9,10,10,3,4,10,10,10,10,10,8,10,10,9,2,10,8,,7,,,b'\x11\xe8\xe1I\xea\x03zF\x9a\xbe\x12\xdf\x17\xaeN\x1e'
11E8E149-EA03-7A46-9ABE-12DF17AE4E1E,2021-ncaa-d3-natl,ncaa,128,183,112,164,144,84,80,56,209,108,102,186,27,17,148,15,188,152,274,156,243,62,58,166,209,207,60,12,277,49,147,98,246,77,235,92,171,235,191,188,26,22,101,157,,,248,247,,,211,61,2,272,45,31,2,114,80,11,2,261,215,222,4,2,18,55,19,68,271,6,101,,283,,,191,222,219,207,210,240,224,220,140,157,92,46,243,252,77,247,229,215,223,188,200,142,77,32,221,243,246,251,147,251,235,241,230,45,55,124,244,190,205,193,,,144,280,,,211,219,203,161,185,274,266,268,271,274,110,147,279,281,281,279,284,262,281,282,268,12,259,225,,206,,,b'\x11\xe8\xe1I\xea\x03zF\x9a\xbe\x12\xdf\x17\xaeN\x1e'
11E8E149-EA03-7A46-9ABE-12DF17AE4E1E,2022-ncaa-d3-conf-PAC,ncaa,6,6,3,6,3,1,2,1,7,4,5,4,1,1,7,1,3,3,7,3,4,1,1,5,5,5,3,1,7,2,9,3,10,2,10,4,7,10,6,7,1,3,2,4,,,9,2,,,8,1,1,3,1,2,1,5,5,1,1,3,3,3,1,1,2,3,2,3,9,1,2,,9,,,8,10,10,10,9,10,10,9,10,9,7,1,7,8,1,8,2,10,10,9,8,6,1,3,2,10,10,10,9,10,10,10,7,1,4,5,10,7,5,6,,,6,10,,,8,10,7,7,6,10,10,10,10,10,9,8,6,7,7,10,10,10,10,10,10,1,9,5,,8,,,b'\x11\xe8\xe1I\xea\x03zF\x9a\xbe\x12\xdf\x17\xaeN\x1e'
11E8E149-EA03-7A46-9ABE-12DF17AE4E1E,2022-ncaa-d3-natl,ncaa,232,290,107,256,185,99,109,15,362,224,194,272,25,5,339,16,162,167,190,170,185,16,10,318,327,310,33,24,296,55,312,94,413,76,400,151,269,412,244,302,15,59,63,182,,,351,56,,,372,8,4,420,77,118,4,273,249,21,6,191,193,195,4,3,59,105,63,182,379,11,64,,328,,,353,429,429,428,369,427,429,351,386,362,331,104,323,365,68,357,84,428,425,355,336,280,45,141,55,429,413,427,312,428,400,424,313,20,147,288,419,321,282,266,,,306,427,,,372,422,308,340,340,427,425,426,421,425,366,332,289,344,336,427,427,427,427,427,419,18,400,251,,384,,,b'\x11\xe8\xe1I\xea\x03zF\x9a\xbe\x12\xdf\x17\xaeN\x1e'
11E8E149-EA03-7A46-9ABE-12DF17AE4E1E,2023-ncaa-d3-conf-PAC,ncaa,8,8,5,8,5,2,3,1,8,6,6,3,2,1,6,2,3,2,7,2,3,1,1,7,7,6,2,2,7,2,9,7,11,5,11,4,5,8,5,6,2,4,4,6,,,11,11,,,8,1,1,3,1,2,1,5,6,2,1,2,2,2,1,1,2,7,3,3,8,2,4,,11,,,8,11,11,11,11,11,11,10,4,2,7,1,11,11,5,11,11,11,11,11,11,9,2,1,10,11,11,11,9,11,11,11,7,2,4,7,8,6,2,3,,,6,11,,,8,11,7,9,8,11,11,11,11,11,6,3,11,11,11,11,11,11,11,11,10,1,8,2,,4,,,b'\x11\xe8\xe1I\xea\x03zF\x9a\xbe\x12\xdf\x17\xaeN\x1e'
11E8E149-EA03-7A46-9ABE-12DF17AE4E1E,2023-ncaa-d3-natl,ncaa,341,385,109,358,179,60,71,11,326,175,169,185,16,4,327,10,173,88,352,81,107,13,7,272,301,288,42,25,352,50,280,112,409,68,399,72,158,406,217,234,26,103,58,162,,,424,288,,,368,7,3,397,40,62,4,191,218,11,3,186,101,93,4,4,48,114,52,66,375,25,61,,425,,,358,428,427,428,401,427,428,387,334,314,270,69,420,427,60,425,308,429,425,377,376,359,64,52,238,428,409,428,280,428,399,423,301,37,187,311,423,349,245,229,,,210,424,,,368,423,283,383,348,425,422,423,422,424,304,287,417,424,423,428,427,422,428,427,415,30,406,217,,257,,,b'\x11\xe8\xe1I\xea\x03zF\x9a\xbe\x12\xdf\x17\xaeN\x1e'
11E8E149-EA03-7A46-9ABE-12DF17AE4E1E,2024-ncaa-d3-conf-PAC,ncaa,3,5,1,5,1,1,2,1,8,4,2,6,2,1,7,2,1,1,3,1,3,1,1,6,5,5,4,5,3,1,8,1,8,1,9,4,10,9,4,8,2,2,1,2,,,11,11,,,8,1,1,5,2,3,1,6,4,2,1,1,1,1,1,1,2,3,2,5,8,2,1,,11,,,8,10,10,11,7,10,11,6,8,8,7,1,11,11,2,11,10,11,11,6,7,6,3,2,8,10,8,11,8,11,9,10,8,2,2,6,8,5,11,9,,,2,9,,,8,11,4,7,8,10,8,10,9,10,5,3,11,11,11,10,11,10,11,10,8,2,8,9,,2,,,b'\x11\xe8\xe1I\xea\x03zF\x9a\xbe\x12\xdf\x17\xaeN\x1e'
11E8E149-EA03-7A46-9ABE-12DF17AE4E1E,2024-ncaa-d3-natl,ncaa,162,232,38,192,51,27,36,5,284,94,50,232,17,6,238,49,70,72,152,70,238,5,4,243,242,211,82,64,289,19,205,10,331,6,292,73,265,362,127,186,30,107,6,28,,,424,218,,,243,4,4,244,27,46,5,144,92,22,6,124,144,144,5,4,29,11,12,108,285,37,7,,403,,,241,425,423,426,280,422,426,223,402,389,342,103,406,424,35,424,233,426,425,263,238,252,160,178,172,424,331,424,205,425,292,424,373,40,235,320,379,220,421,382,,,113,396,,,243,424,199,284,231,406,397,412,394,412,351,311,362,405,406,422,424,403,420,418,405,59,324,415,,240,,,b'\x11\xe8\xe1I\xea\x03zF\x9a\xbe\x12\xdf\x17\xaeN\x1e'
11E8E149-EA03-7A46-9ABE-12DF17AE4E1E,2025-ncaa-d3-conf-PAC,genius_ncaa,8,8,6,8,6,4,5,2,7,7,8,1,4,1,10,1,7,4,10,5,3,2,2,7,8,8,5,5,9,2,3,9,8,4,8,9,10,10,8,9,2,2,5,5,,,11,11,,10,8,1,1,1,4,4,1,3,7,4,1,7,3,3,1,1,1,6,2,9,10,2,5,,11,,11,8,9,8,8,9,9,6,9,5,5,4,4,11,11,8,11,11,9,10,9,9,8,6,1,11,7,8,8,3,8,8,9,10,2,3,7,8,7,6,8,,,6,10,,11,8,11,8,8,8,9,8,8,9,7,6,7,11,11,11,9,11,8,9,9,9,2,8,8,,4,,11,b'\x11\xe8\xe1I\xea\x03zF\x9a\xbe\x12\xdf\x17\xaeN\x1e'
11E8E149-EA03-7A46-9ABE-12DF17AE4E1E,2025-ncaa-d3-natl,genius_ncaa,234,242,192,239,216,89,73,31,232,98,164,71,73,7,358,34,206,157,332,157,196,34,22,218,246,243,188,131,348,28,105,142,288,68,241,220,392,355,207,305,46,68,120,155,,,415,400,,272,295,31,7,110,28,28,6,54,131,50,6,195,131,128,5,5,17,98,21,213,346,28,109,,417,,285,293,412,406,369,385,405,355,389,289,287,235,141,415,415,262,415,387,395,392,373,393,355,183,75,358,330,288,396,105,394,241,410,376,73,144,303,275,143,334,291,,,229,399,,401,295,388,203,351,284,403,389,373,395,366,286,308,415,414,414,396,409,326,391,381,398,46,275,338,,220,,404,b'\x11\xe8\xe1I\xea\x03zF\x9a\xbe\x12\xdf\x17\xaeN\x1e'
11E8E149-EA03-7A46-9ABE-12DF17AE4E1E,2026-ncaa-d3-conf-PAC,genius_ncaa,9,9,1,9,3,5,5,1,11,7,2,10,2,1,11,1,9,6,11,6,9,1,1,10,10,9,4,3,10,1,2,8,9,1,8,6,9,2,1,3,2,4,12,12,,,12,11,,7,9,2,1,3,5,5,1,7,2,2,1,9,6,6,1,1,1,8,1,6,2,2,12,,12,,7,9,11,11,5,11,11,6,12,6,2,10,2,11,12,9,12,11,8,10,11,11,11,7,3,10,7,9,11,2,11,8,9,4,3,5,8,1,1,1,1,,,4,9,,10,9,11,7,11,10,11,11,5,11,6,6,2,11,12,12,8,10,7,11,11,9,3,1,1,,4,,10,b'\x11\xe8\xe1I\xea\x03zF\x9a\xbe\x12\xdf\x17\xaeN\x1e'
11E8E149-EA03-7A46-9ABE-12DF17AE4E1E,2026-ncaa-d3-natl,genius_ncaa,288,268,215,305,228,178,169,88,327,221,228,221,60,12,317,6,267,210,359,210,183,95,124,294,316,273,85,38,347,23,57,321,306,166,241,151,182,197,97,159,34,23,323,323,,,353,374,,324,241,162,22,28,56,73,3,173,151,16,1,240,160,162,3,5,6,337,51,74,244,17,304,,411,,366,241,281,261,154,390,300,171,403,132,147,140,127,364,362,288,358,380,182,237,376,394,294,145,58,358,195,306,298,57,269,241,299,300,55,40,145,112,47,276,315,,,250,380,,236,241,250,217,274,244,374,347,215,373,233,147,189,400,397,397,288,384,258,391,361,349,15,129,335,,200,,217,b'\x11\xe8\xe1I\xea\x03zF\x9a\xbe\x12\xdf\x17\xaeN\x1e'
11E8E149-EA08-0BE2-9ABE-12DF17AE4E1E,2018-ncaa-d3-conf-NWC,ncaa,1,1,1,1,2,1,2,1,2,2,4,1,2,2,4,4,1,1,6,1,1,1,1,1,1,1,2,4,1,1,1,3,5,1,3,2,2,8,5,2,1,1,1,2,,,9,7,,,1,1,2,9,1,2,4,2,8,3,3,1,1,1,1,1,1,7,3,2,6,1,1,,9,,,1,3,3,6,2,6,8,2,1,2,4,2,8,8,1,8,5,6,9,2,1,1,2,2,7,7,5,4,1,4,3,4,4,1,1,1,7,4,8,6,,,1,2,,,1,9,1,1,1,2,2,2,4,6,1,2,4,7,7,2,7,5,1,2,3,1,5,4,,1,,,b'\x11\xe8\xe1I\xea\x08\x0b\xe2\x9a\xbe\x12\xdf\x17\xaeN\x1e'
11E8E149-EA08-0BE2-9ABE-12DF17AE4E1E,2018-ncaa-d3-natl,ncaa,22,19,43,22,67,24,52,119,32,109,228,24,35,53,45,107,7,9,120,9,4,71,56,20,17,34,68,122,58,63,28,178,209,107,64,64,159,396,281,189,39,51,49,70,,,433,413,,,45,55,150,438,33,86,275,165,362,56,98,10,13,13,166,136,104,361,238,87,303,59,64,,407,,,49,343,332,290,295,382,379,246,101,78,277,32,382,384,229,387,291,328,376,264,280,173,108,44,339,256,209,86,28,131,64,201,94,41,59,66,378,296,359,372,,,8,12,,,45,389,24,153,51,176,179,83,267,253,48,24,319,304,309,115,228,138,13,40,121,58,312,296,,8,,,b'\x11\xe8\xe1I\xea\x08\x0b\xe2\x9a\xbe\x12\xdf\x17\xaeN\x1e'
11E8E149-EA08-0BE2-9ABE-12DF17AE4E1E,2019-ncaa-d3-conf-NWC,ncaa,1,1,1,1,1,1,2,2,1,2,2,4,2,5,1,7,1,1,9,1,1,2,1,1,1,1,5,4,5,2,3,7,5,3,4,2,5,5,4,2,1,1,1,1,,,9,7,,,1,1,6,2,1,3,3,4,3,3,7,3,1,1,3,2,3,8,6,2,4,1,1,,7,,,1,1,1,2,2,4,5,4,1,2,1,2,5,4,5,4,5,2,8,2,2,1,2,1,7,5,5,6,3,5,4,5,7,1,1,1,3,1,9,8,,,1,4,,,1,9,2,1,1,1,1,1,2,1,1,1,3,3,3,1,4,2,3,3,2,1,2,8,,4,,,b'\x11\xe8\xe1I\xea\x08\x0b\xe2\x9a\xbe\x12\xdf\x17\xaeN\x1e'
11E8E149-EA08-0BE2-9ABE-12DF17AE4E1E,2019-ncaa-d3-natl,ncaa,24,15,67,19,68,41,55,145,21,68,151,33,93,167,27,257,19,14,203,14,16,90,84,19,17,29,162,217,97,139,103,367,193,304,183,131,342,321,224,196,8,2,209,181,,,429,431,,,29,77,175,22,31,50,248,76,239,111,225,15,11,11,142,142,191,437,410,157,243,5,235,,410,,,26,176,164,56,389,288,145,384,26,27,194,36,347,320,349,313,340,73,315,348,380,95,83,22,371,56,193,133,103,87,183,144,134,8,4,5,294,222,303,257,,,12,19,,,29,361,32,62,31,96,103,4,208,63,13,8,294,250,242,9,172,28,54,34,99,7,230,257,,11,,,b'\x11\xe8\xe1I\xea\x08\x0b\xe2\x9a\xbe\x12\xdf\x17\xaeN\x1e'
11E8E149-EA08-0BE2-9ABE-12DF17AE4E1E,2020-ncaa-d3-conf-NWC,ncaa,2,2,1,2,2,3,3,2,7,5,3,7,1,1,5,4,2,2,7,2,2,2,2,6,7,5,2,3,4,3,3,1,1,1,3,6,7,4,3,5,2,2,8,7,,,5,4,,,2,2,7,8,4,7,7,8,7,3,4,3,3,3,4,7,3,1,2,7,2,2,8,,1,,,2,1,1,7,1,1,1,1,8,9,4,9,1,1,6,1,3,5,8,1,1,1,9,9,2,5,1,9,3,8,3,4,4,2,2,1,2,2,8,8,,,2,6,,,2,8,4,1,2,1,1,3,1,1,8,9,1,1,1,1,2,1,5,5,3,2,2,8,,6,,,b'\x11\xe8\xe1I\xea\x08\x0b\xe2\x9a\xbe\x12\xdf\x17\xaeN\x1e'
11E8E149-EA08-0BE2-9ABE-12DF17AE4E1E,2020-ncaa-d3-natl,ncaa,36,46,26,47,37,97,143,186,113,217,274,137,48,94,31,120,60,47,209,47,26,153,205,64,58,42,55,87,131,165,146,130,45,147,85,194,301,60,54,95,146,132,359,310,,,182,198,,,67,227,429,179,183,244,379,319,387,86,161,112,97,100,338,415,253,281,290,265,17,226,395,,71,,,71,144,136,197,118,49,44,170,417,427,244,433,68,54,275,58,187,155,166,206,175,163,419,429,82,85,45,166,146,114,85,101,97,180,156,107,56,54,213,252,,,37,12,,,67,221,37,130,53,38,47,36,15,4,362,377,23,17,20,16,7,34,52,32,46,281,28,155,,100,,,b'\x11\xe8\xe1I\xea\x08\x0b\xe2\x9a\xbe\x12\xdf\x17\xaeN\x1e'
11E8E149-EA08-0BE2-9ABE-12DF17AE4E1E,2021-ncaa-d3-conf-NWC,ncaa,4,1,5,2,5,5,5,5,1,5,5,3,5,7,1,7,5,5,6,5,6,5,5,1,1,3,7,7,6,5,1,5,4,5,1,5,6,3,7,7,7,7,5,3,,,2,1,,,2,5,7,5,5,4,7,2,4,7,7,6,6,6,7,7,1,3,1,5,7,7,3,,1,,,2,3,2,3,1,2,3,1,3,3,1,7,2,2,7,2,2,3,3,1,1,2,7,7,3,3,4,1,1,1,1,2,5,7,7,7,3,6,3,5,,,5,6,,,2,3,1,2,1,1,1,7,1,2,6,7,3,2,2,5,2,5,1,1,3,7,6,5,,6,,,b'\x11\xe8\xe1I\xea\x08\x0b\xe2\x9a\xbe\x12\xdf\x17\xaeN\x1e'
11E8E149-EA08-0BE2-9ABE-12DF17AE4E1E,2021-ncaa-d3-natl,ncaa,148,58,220,101,229,215,211,231,6,209,226,23,220,245,14,244,224,224,184,223,143,231,231,13,16,50,232,203,205,197,2,221,177,219,13,220,224,64,226,176,253,266,219,177,,,51,52,,,102,233,278,277,132,99,269,67,174,182,262,182,173,156,268,268,31,161,68,163,171,273,192,,31,,,93,55,52,66,24,46,53,43,73,84,47,278,61,52,274,49,70,65,55,32,34,131,259,260,119,67,177,41,2,46,13,49,107,253,283,265,67,219,69,173,,,227,130,,,102,54,17,149,54,75,66,222,33,71,215,272,92,50,48,179,32,174,3,11,73,283,176,155,,206,,,b'\x11\xe8\xe1I\xea\x08\x0b\xe2\x9a\xbe\x12\xdf\x17\xaeN\x1e'
11E8E149-EA08-0BE2-9ABE-12DF17AE4E1E,2022-ncaa-d3-conf-NWC,ncaa,4,4,3,4,3,4,4,5,6,6,5,8,3,4,1,6,5,4,6,4,3,5,6,6,6,6,2,3,3,5,5,3,6,4,7,7,6,5,4,6,6,6,2,2,,,3,3,,,4,6,8,1,5,8,6,9,7,4,5,4,4,4,7,6,6,4,5,8,4,6,2,,4,,,4,3,2,7,1,1,2,2,5,9,2,9,4,4,8,4,5,4,5,2,2,2,7,9,5,9,6,7,5,8,7,5,5,4,5,4,4,5,6,6,,,6,5,,,4,4,5,3,4,2,2,5,1,2,4,9,4,4,3,4,4,8,6,7,5,5,4,6,,6,,,b'\x11\xe8\xe1I\xea\x08\x0b\xe2\x9a\xbe\x12\xdf\x17\xaeN\x1e'
11E8E149-EA08-0BE2-9ABE-12DF17AE4E1E,2022-ncaa-d3-natl,ncaa,210,234,188,233,193,218,241,320,131,287,325,189,96,190,22,143,162,151,218,152,49,305,312,93,91,135,59,83,130,291,229,214,222,253,181,269,294,167,265,262,293,293,146,83,,,185,251,,,179,309,412,65,229,288,399,339,381,93,208,159,140,138,385,401,324,222,278,297,181,320,147,,170,,,181,139,107,176,83,52,64,140,365,403,138,424,195,125,407,109,266,155,136,134,148,218,412,405,245,235,222,86,229,126,181,155,232,316,310,274,207,262,159,259,,,211,88,,,179,117,153,236,180,119,91,148,41,25,362,406,188,120,103,123,62,219,52,106,142,355,202,161,,215,,,b'\x11\xe8\xe1I\xea\x08\x0b\xe2\x9a\xbe\x12\xdf\x17\xaeN\x1e'
11E8E149-EA08-0BE2-9ABE-12DF17AE4E1E,2023-ncaa-d3-conf-NWC,ncaa,5,4,5,5,8,8,7,7,8,7,9,7,4,2,8,1,9,9,9,9,6,7,8,8,8,7,3,1,8,4,1,5,5,5,3,7,5,4,7,6,6,6,6,4,,,4,5,,,5,8,9,4,8,7,6,7,9,4,2,9,9,9,6,6,3,2,2,7,5,6,6,,5,,,5,1,2,3,1,1,1,4,7,8,3,9,1,1,4,1,4,2,1,2,1,4,9,9,2,5,5,2,1,2,3,6,6,8,8,7,3,4,6,8,,,9,8,,,5,1,6,4,6,3,3,4,2,3,7,8,1,1,1,4,2,5,3,2,6,8,4,7,,9,,,b'\x11\xe8\xe1I\xea\x08\x0b\xe2\x9a\xbe\x12\xdf\x17\xaeN\x1e'
11E8E149-EA08-0BE2-9ABE-12DF17AE4E1E,2023-ncaa-d3-natl,ncaa,248,223,333,248,356,381,369,383,329,380,403,231,219,153,342,33,407,394,381,392,240,392,398,302,335,333,138,69,389,254,107,351,114,337,86,369,290,124,300,324,384,304,327,205,,,79,301,,,291,404,426,223,381,368,379,384,405,185,100,416,401,401,402,399,193,297,251,361,202,382,310,,137,,,292,36,28,33,124,12,10,227,355,379,209,429,52,29,397,28,228,27,24,223,223,305,421,424,119,38,114,28,107,27,86,68,220,408,377,345,104,256,77,276,,,382,275,,,291,25,313,284,312,88,81,77,11,4,389,410,65,37,36,53,2,84,48,45,132,419,174,119,,377,,,b'\x11\xe8\xe1I\xea\x08\x0b\xe2\x9a\xbe\x12\xdf\x17\xaeN\x1e'
11E8E149-EA08-0BE2-9ABE-12DF17AE4E1E,2024-ncaa-d3-conf-NWC,ncaa,5,5,5,5,7,6,8,8,6,7,7,6,7,9,3,8,1,2,1,2,1,7,7,6,5,4,2,7,1,8,8,8,7,9,9,7,6,3,5,5,5,5,1,1,,,6,7,,,5,7,5,7,6,8,8,7,6,6,9,1,1,1,6,6,8,8,9,7,4,4,1,,7,,,5,5,3,1,8,5,5,4,1,1,9,1,6,8,5,8,8,2,3,8,8,6,6,2,8,3,7,5,8,4,9,5,8,5,4,5,4,5,8,9,,,3,1,,,5,3,7,5,6,7,5,3,6,6,2,1,7,8,8,5,5,4,7,7,8,4,5,9,,2,,,b'\x11\xe8\xe1I\xea\x08\x0b\xe2\x9a\xbe\x12\xdf\x17\xaeN\x1e'
11E8E149-EA08-0BE2-9ABE-12DF17AE4E1E,2024-ncaa-d3-natl,ncaa,339,232,403,329,404,385,395,411,241,394,403,291,331,381,113,259,219,280,53,274,31,408,413,234,170,184,77,216,21,420,413,413,208,417,380,390,310,19,225,278,343,175,128,38,,,105,404,,,277,411,326,101,281,345,401,339,341,243,305,40,73,71,374,395,418,398,422,343,145,233,37,,360,,,287,32,27,13,358,30,25,233,45,7,427,22,213,166,337,174,372,15,14,354,381,370,289,137,384,12,208,29,413,20,380,27,133,386,225,223,54,283,238,406,,,342,16,,,277,17,253,347,301,256,193,56,216,194,172,19,393,380,381,98,74,91,252,178,163,279,217,387,,65,,,b'\x11\xe8\xe1I\xea\x08\x0b\xe2\x9a\xbe\x12\xdf\x17\xaeN\x1e'
11E8E149-EA08-0BE2-9ABE-12DF17AE4E1E,2025-ncaa-d3-conf-NWC,genius_ncaa,2,2,1,2,2,2,3,2,4,2,3,3,4,4,4,7,1,1,3,1,2,2,1,4,2,2,4,7,2,1,2,2,3,1,3,2,3,9,5,3,3,4,1,3,,,8,7,,6,2,1,6,9,2,4,8,4,7,5,6,2,2,2,6,6,4,5,5,2,6,5,3,,7,,6,2,5,6,6,5,8,9,5,1,1,5,1,8,9,2,9,5,8,9,4,4,3,1,1,8,3,3,4,2,3,3,3,2,2,2,2,5,3,4,3,,,1,2,,4,2,9,2,3,2,3,5,2,6,8,1,1,6,8,8,2,2,2,3,2,2,3,3,3,,1,,4,b'\x11\xe8\xe1I\xea\x08\x0b\xe2\x9a\xbe\x12\xdf\x17\xaeN\x1e'
11E8E149-EA08-0BE2-9ABE-12DF17AE4E1E,2025-ncaa-d3-natl,genius_ncaa,102,56,290,79,339,260,267,356,92,238,316,88,280,319,189,254,160,195,91,211,110,348,367,106,84,112,221,281,100,280,115,361,107,347,89,271,244,109,240,213,299,205,88,69,,,186,365,,180,150,378,387,386,212,230,380,201,310,271,302,107,142,160,360,382,255,370,339,251,169,279,58,,249,,222,141,38,58,21,297,185,166,222,5,3,178,1,213,178,333,180,216,23,26,218,253,233,21,6,343,21,107,17,115,15,89,10,14,293,155,79,56,138,107,193,,,181,27,,190,150,42,118,181,136,84,102,23,249,232,5,1,268,234,237,27,20,49,21,27,24,270,88,131,,104,,169,b'\x11\xe8\xe1I\xea\x08\x0b\xe2\x9a\xbe\x12\xdf\x17\xaeN\x1e'
11E8E149-EA08-0BE2-9ABE-12DF17AE4E1E,2026-ncaa-d3-conf-NWC,genius_ncaa,1,1,2,1,2,3,3,4,1,2,4,1,3,4,2,2,5,5,1,5,5,4,4,1,1,2,3,2,5,4,4,4,1,4,1,3,4,2,3,2,5,4,4,4,,,3,4,,3,2,5,4,1,2,2,4,1,4,2,4,4,5,5,4,4,4,4,4,2,2,5,4,,3,,4,2,1,1,1,4,2,1,4,1,1,2,1,3,4,1,3,5,1,1,4,4,4,1,1,4,1,1,1,4,1,1,1,1,4,3,2,3,5,1,1,,,5,4,,4,2,2,2,3,2,1,2,1,3,1,1,1,3,4,3,1,1,1,1,1,1,3,3,1,,5,,4,b'\x11\xe8\xe1I\xea\x08\x0b\xe2\x9a\xbe\x12\xdf\x17\xaeN\x1e'
11E8E149-EA08-0BE2-9ABE-12DF17AE4E1E,2026-ncaa-d3-natl,genius_ncaa,225,21,400,75,400,392,390,406,2,378,401,3,395,413,8,394,380,402,3,403,250,407,408,2,2,3,367,363,188,407,311,406,55,408,63,391,310,8,237,125,410,394,351,206,,,21,409,,20,209,408,413,97,142,110,411,57,302,329,407,124,291,304,411,416,411,360,405,211,75,411,172,,305,,45,201,13,15,8,401,26,13,350,6,4,394,1,73,38,390,32,303,9,9,384,405,408,59,6,381,5,55,6,311,7,63,14,121,411,392,381,8,227,7,31,,,403,43,,381,209,9,10,394,181,269,241,31,336,261,12,1,383,353,345,53,3,19,1,1,178,414,91,21,,284,,348,b'\x11\xe8\xe1I\xea\x08\x0b\xe2\x9a\xbe\x12\xdf\x17\xaeN\x1e'
11E8E149-EA0C-8EBA-9ABE-12DF17AE4E1E,2018-ncaa-d3-conf-Centennial,ncaa,1,1,1,1,1,1,1,3,1,1,3,1,2,6,1,6,3,3,4,3,2,3,4,1,1,1,3,5,8,9,5,2,1,3,1,1,4,4,3,1,5,5,9,9,,,5,4,,,1,2,9,3,2,1,8,1,8,2,6,3,4,4,7,9,9,3,4,1,3,5,10,,4,,,1,3,6,9,3,6,8,5,5,9,1,9,2,3,1,3,3,7,8,4,3,3,1,7,2,1,1,2,5,1,1,2,2,3,4,2,4,5,4,4,,,1,3,,,1,10,1,2,1,2,4,6,5,4,5,9,2,2,2,3,2,1,1,1,1,5,4,3,,3,,,b'\x11\xe8\xe1I\xea\x0c\x8e\xba\x9a\xbe\x12\xdf\x17\xaeN\x1e'
11E8E149-EA0C-8EBA-9ABE-12DF17AE4E1E,2018-ncaa-d3-natl,ncaa,10,7,17,10,29,52,48,102,35,66,93,74,95,214,17,296,81,122,85,115,223,95,130,39,37,24,237,209,253,215,226,16,6,58,32,53,140,92,49,27,296,337,179,252,,,176,126,,,35,117,412,221,125,122,327,131,243,165,324,177,235,226,328,417,348,55,195,102,23,389,251,,49,,,38,156,263,369,110,322,393,98,150,195,115,140,42,54,73,50,18,317,300,77,43,83,43,171,38,69,6,208,226,141,32,104,39,217,269,154,90,60,297,200,,,85,97,,,35,330,30,59,31,33,90,118,140,223,64,78,11,14,11,51,22,20,49,22,35,386,35,195,,261,,,b'\x11\xe8\xe1I\xea\x0c\x8e\xba\x9a\xbe\x12\xdf\x17\xaeN\x1e'
11E8E149-EA0C-8EBA-9ABE-12DF17AE4E1E,2019-ncaa-d3-conf-Centennial,ncaa,1,1,1,1,3,1,1,1,2,2,3,2,1,2,4,5,3,3,3,3,3,1,1,2,2,3,4,5,6,3,5,1,2,1,2,1,4,10,8,2,4,5,4,5,,,7,4,,,1,1,1,8,1,1,2,2,7,1,2,3,3,3,2,1,6,1,1,1,9,5,4,,5,,,1,5,8,10,2,8,11,3,4,9,1,6,4,5,1,5,4,10,11,1,1,2,2,4,5,5,2,6,5,6,2,4,2,5,7,5,7,5,4,4,,,2,7,,,1,11,3,2,3,4,5,9,6,9,2,7,3,3,3,9,9,4,5,4,3,7,6,3,,5,,,b'\x11\xe8\xe1I\xea\x0c\x8e\xba\x9a\xbe\x12\xdf\x17\xaeN\x1e'
11E8E149-EA0C-8EBA-9ABE-12DF17AE4E1E,2019-ncaa-d3-natl,ncaa,38,46,42,51,60,58,67,83,80,112,158,79,56,76,79,126,91,142,62,145,177,86,95,62,56,63,143,133,258,134,168,12,19,34,50,51,94,245,160,75,231,291,63,101,,,243,164,,,64,92,286,295,100,123,227,176,299,97,126,165,226,238,227,279,230,13,55,79,137,317,87,,125,,,69,212,235,390,67,255,382,66,202,280,94,175,181,204,131,219,116,375,335,58,48,99,173,195,176,203,19,265,168,238,50,115,55,246,330,169,197,123,287,252,,,160,269,,,64,357,74,84,67,86,117,233,141,267,113,169,108,127,133,202,113,103,111,99,57,359,112,217,,293,,,b'\x11\xe8\xe1I\xea\x0c\x8e\xba\x9a\xbe\x12\xdf\x17\xaeN\x1e'
11E8E149-EA0C-8EBA-9ABE-12DF17AE4E1E,2020-ncaa-d3-conf-Centennial,ncaa,2,2,1,2,3,1,1,4,1,1,7,1,1,6,1,5,3,5,3,5,2,3,2,1,1,1,5,4,8,10,10,1,3,2,3,1,1,8,5,2,10,10,5,8,,,6,6,,,2,2,4,6,1,1,9,2,9,2,7,3,5,5,9,9,10,1,4,1,4,11,7,,6,,,2,7,7,10,2,5,10,1,9,10,4,8,8,8,5,8,6,10,11,2,2,3,8,9,6,8,3,2,10,6,3,5,4,9,10,9,8,8,2,4,,,1,1,,,2,10,1,5,2,4,5,10,4,7,8,10,7,7,7,10,8,8,1,4,3,10,7,2,,2,,,b'\x11\xe8\xe1I\xea\x0c\x8e\xba\x9a\xbe\x12\xdf\x17\xaeN\x1e'
11E8E149-EA0C-8EBA-9ABE-12DF17AE4E1E,2020-ncaa-d3-natl,ncaa,36,46,26,47,48,77,77,245,7,98,233,21,88,237,1,248,86,113,130,109,86,214,218,6,7,17,181,169,232,378,365,6,76,75,83,63,94,232,244,79,423,431,107,167,,,323,263,,,60,131,361,263,130,135,409,170,360,136,315,151,191,194,400,420,425,12,182,106,125,436,142,,201,,,68,191,124,391,9,131,393,8,173,281,47,136,381,380,224,384,268,412,335,11,18,86,326,181,390,306,76,134,365,211,83,88,94,393,427,298,276,288,163,179,,,34,10,,,60,316,47,113,56,66,38,244,66,282,96,173,296,313,313,254,98,216,37,69,41,432,194,111,,97,,,b'\x11\xe8\xe1I\xea\x0c\x8e\xba\x9a\xbe\x12\xdf\x17\xaeN\x1e'
11E8E149-EA0C-8EBA-9ABE-12DF17AE4E1E,2022-ncaa-d3-conf-Centennial,ncaa,1,1,1,1,3,1,1,3,1,1,2,1,5,7,1,9,2,2,2,2,6,2,2,1,1,1,10,7,8,7,6,1,2,3,2,1,3,8,5,1,6,8,1,2,,,5,2,,,1,1,2,9,1,1,4,1,3,6,9,3,3,3,3,4,7,1,3,1,6,8,2,,4,,,1,2,3,10,1,3,10,1,8,8,3,8,5,5,5,5,3,9,9,1,1,1,9,8,5,7,2,3,6,5,2,1,1,6,8,1,10,8,1,1,,,1,3,,,1,11,1,1,1,2,3,10,2,9,5,8,4,3,3,9,8,6,1,2,1,6,9,1,,3,,,b'\x11\xe8\xe1I\xea\x0c\x8e\xba\x9a\xbe\x12\xdf\x17\xaeN\x1e'
11E8E149-EA0C-8EBA-9ABE-12DF17AE4E1E,2022-ncaa-d3-natl,ncaa,9,21,6,18,10,60,53,57,83,36,26,133,192,254,96,356,68,66,167,66,262,56,51,120,115,122,330,322,207,122,195,3,48,12,40,53,127,284,157,99,195,296,3,11,,,310,144,,,28,39,368,238,202,171,320,114,151,306,374,199,213,225,318,372,285,14,80,143,99,319,12,,92,,,36,128,100,408,1,119,408,1,137,325,8,162,304,305,275,309,123,407,395,1,1,4,283,176,365,327,48,321,195,329,40,23,20,167,300,18,282,183,182,66,,,28,101,,,28,396,128,4,25,5,6,151,12,215,29,125,128,112,115,136,74,137,66,77,1,337,146,73,,195,,,b'\x11\xe8\xe1I\xea\x0c\x8e\xba\x9a\xbe\x12\xdf\x17\xaeN\x1e'
11E8E149-EA0C-8EBA-9ABE-12DF17AE4E1E,2023-ncaa-d3-conf-Centennial,ncaa,1,1,1,1,2,1,1,1,2,1,2,2,2,2,4,5,4,4,6,4,6,1,2,1,1,1,6,4,9,3,3,1,2,1,2,4,9,6,3,4,2,4,1,1,,,4,3,,,1,2,2,5,1,1,1,1,4,3,3,6,7,6,1,2,3,1,1,5,4,4,1,,4,,,1,5,6,10,3,6,11,2,5,4,7,2,3,2,7,2,2,10,10,3,1,2,2,5,3,6,2,7,3,5,2,3,2,2,3,2,7,3,8,3,,,2,6,,,1,11,1,2,1,3,3,8,5,10,5,2,2,2,2,7,6,3,5,4,2,3,4,6,,4,,,b'\x11\xe8\xe1I\xea\x0c\x8e\xba\x9a\xbe\x12\xdf\x17\xaeN\x1e'
11E8E149-EA0C-8EBA-9ABE-12DF17AE4E1E,2023-ncaa-d3-natl,ncaa,48,62,33,63,35,145,116,78,211,107,57,241,188,211,180,301,241,251,185,251,384,89,126,227,246,182,321,266,331,76,130,30,75,35,68,229,363,89,56,167,161,173,3,5,,,124,87,,,51,165,406,100,251,201,180,170,121,268,301,329,353,347,226,351,134,71,87,304,34,241,3,,32,,,55,48,76,281,9,163,398,5,27,20,118,6,88,75,284,72,20,226,242,6,5,10,31,37,181,194,75,316,130,271,68,22,11,161,179,19,133,101,352,245,,,190,263,,,51,252,148,11,50,6,15,79,67,319,6,2,37,27,26,48,34,110,148,118,2,272,75,299,,335,,,b'\x11\xe8\xe1I\xea\x0c\x8e\xba\x9a\xbe\x12\xdf\x17\xaeN\x1e'
11E8E149-EA0C-8EBA-9ABE-12DF17AE4E1E,2024-ncaa-d3-conf-Centennial,ncaa,1,1,1,1,2,2,2,3,1,4,7,1,1,3,1,2,1,2,1,2,1,2,2,1,1,1,2,2,3,7,5,2,5,3,4,2,8,3,3,3,6,6,1,2,,,4,4,,,1,2,4,7,2,2,6,4,8,1,3,2,2,2,2,6,8,2,3,2,3,6,1,,3,,,1,1,5,9,2,7,10,3,3,7,1,6,1,3,2,3,3,10,10,1,1,1,2,5,2,10,5,1,5,4,4,1,1,6,7,3,5,4,6,4,,,1,1,,,1,10,1,2,1,1,3,9,4,10,2,6,1,2,2,9,8,8,1,3,1,7,4,6,,1,,,b'\x11\xe8\xe1I\xea\x0c\x8e\xba\x9a\xbe\x12\xdf\x17\xaeN\x1e'
11E8E149-EA0C-8EBA-9ABE-12DF17AE4E1E,2024-ncaa-d3-natl,ncaa,20,17,38,22,51,94,113,168,77,173,202,153,55,154,4,180,105,175,24,175,175,169,208,42,37,40,89,87,215,254,239,31,129,92,106,151,270,121,116,117,198,217,8,8,,,105,65,,,23,181,406,244,160,196,353,247,324,79,234,176,276,275,355,410,335,62,183,216,51,282,12,,25,,,22,51,80,290,11,109,336,10,78,157,27,141,61,85,38,88,51,248,245,8,6,17,120,186,131,301,129,171,239,225,106,43,48,201,224,68,158,159,312,297,,,63,27,,,23,232,53,22,20,8,19,97,32,186,36,70,16,28,29,61,37,188,44,77,16,303,93,239,,162,,,b'\x11\xe8\xe1I\xea\x0c\x8e\xba\x9a\xbe\x12\xdf\x17\xaeN\x1e'
11E8E149-EA0C-8EBA-9ABE-12DF17AE4E1E,2025-ncaa-d3-conf-Centennial,genius_ncaa,1,1,1,1,3,2,3,4,3,3,5,3,1,3,1,5,1,3,1,3,2,3,4,3,2,1,3,3,5,5,5,1,1,2,1,4,8,4,3,2,4,5,1,1,,,7,5,,3,1,4,8,8,2,3,4,3,7,1,4,2,4,4,3,5,5,1,2,4,2,5,1,,5,,3,1,1,1,4,2,2,6,3,3,5,2,7,4,7,3,7,6,4,5,1,1,1,6,5,8,1,1,3,5,3,1,1,1,3,3,1,2,1,9,7,,,1,2,,1,1,8,1,1,1,1,1,1,2,4,3,4,4,4,4,1,2,1,3,3,1,4,1,8,,1,,1,b'\x11\xe8\xe1I\xea\x0c\x8e\xba\x9a\xbe\x12\xdf\x17\xaeN\x1e'
11E8E149-EA0C-8EBA-9ABE-12DF17AE4E1E,2025-ncaa-d3-natl,genius_ncaa,7,11,3,11,7,23,23,25,58,25,30,87,97,117,102,266,59,84,94,77,263,25,38,78,82,62,281,251,272,51,94,8,40,16,34,73,311,200,63,97,83,133,10,19,,,204,94,,272,13,37,381,208,134,108,208,96,178,209,269,207,254,248,219,338,161,108,124,196,40,206,22,,32,,187,22,142,177,377,24,216,388,20,132,213,82,103,129,133,163,135,58,356,374,23,18,16,117,151,155,218,40,332,94,300,34,69,40,56,94,27,245,124,355,209,,,21,84,,2,13,382,52,17,17,9,22,45,39,137,34,34,23,26,29,20,30,57,70,45,19,176,91,230,,165,,7,b'\x11\xe8\xe1I\xea\x0c\x8e\xba\x9a\xbe\x12\xdf\x17\xaeN\x1e'
11E8E149-EA0C-8EBA-9ABE-12DF17AE4E1E,2026-ncaa-d3-conf-Centennial,genius_ncaa,3,1,10,1,10,10,10,10,7,10,10,8,11,11,4,11,7,8,10,8,5,10,10,8,7,5,8,9,3,11,6,10,1,10,2,8,3,1,1,1,9,1,6,2,,,1,2,,3,3,10,2,1,4,3,1,2,1,6,10,3,3,2,1,3,4,1,1,2,1,2,2,,2,,4,2,1,1,2,2,1,1,3,3,2,2,9,1,1,2,1,1,2,2,2,2,2,3,5,1,1,1,2,6,2,2,1,5,10,9,4,1,2,5,5,,,11,4,,6,3,2,6,2,2,2,2,9,1,6,4,8,1,1,1,8,4,1,7,6,3,7,2,7,,3,,4,b'\x11\xe8\xe1I\xea\x0c\x8e\xba\x9a\xbe\x12\xdf\x17\xaeN\x1e'
11E8E149-EA0C-8EBA-9ABE-12DF17AE4E1E,2026-ncaa-d3-natl,genius_ncaa,157,200,116,194,139,161,156,184,156,119,142,175,230,242,210,306,123,145,139,135,188,170,173,179,172,178,279,295,166,88,54,52,84,70,28,151,207,229,202,188,335,374,26,23,,,263,284,,324,165,207,304,113,183,186,234,139,154,267,300,130,181,172,213,227,99,22,28,190,187,382,22,,241,,324,168,208,192,266,54,177,237,77,237,311,99,297,279,224,375,212,192,257,220,57,86,204,304,248,303,208,84,161,54,168,28,248,316,325,379,350,179,148,226,194,,,165,187,,19,165,217,147,189,162,147,120,249,115,204,211,302,265,185,172,234,125,166,69,95,224,393,143,213,,196,,22,b'\x11\xe8\xe1I\xea\x0c\x8e\xba\x9a\xbe\x12\xdf\x17\xaeN\x1e'
11E8E149-EA11-01C0-9ABE-12DF17AE4E1E,2018-ncaa-d3-conf-CCC,ncaa,7,7,5,7,5,7,7,8,7,6,6,7,8,8,7,9,4,5,8,5,5,6,6,7,7,7,8,9,5,7,7,5,4,5,6,7,7,8,7,8,8,9,8,8,,,4,6,,,8,6,5,1,7,7,8,6,5,8,9,5,5,4,6,5,6,3,5,8,8,9,8,,6,,,8,8,7,7,7,5,2,7,10,10,8,10,4,4,6,4,9,7,5,7,7,7,9,10,2,4,4,7,7,5,6,8,7,8,7,7,5,5,10,9,,,3,3,,,8,5,7,7,8,7,7,8,5,3,10,10,6,5,6,8,8,6,7,7,8,8,6,10,,3,,,b'\x11\xe8\xe1I\xea\x11\x01\xc0\x9a\xbe\x12\xdf\x17\xaeN\x1e'
11E8E149-EA11-01C0-9ABE-12DF17AE4E1E,2018-ncaa-d3-natl,ncaa,299,349,123,324,140,274,280,191,349,271,247,308,241,151,359,143,232,203,281,191,177,192,151,343,339,346,195,204,171,212,299,178,179,195,262,248,186,345,321,311,304,345,354,358,,,330,326,,,346,140,191,77,335,337,244,326,298,258,159,270,241,228,247,198,252,214,240,287,314,336,374,,321,,,337,343,321,305,269,224,144,336,400,416,238,412,264,240,344,243,297,298,293,310,319,317,355,378,196,223,179,331,299,299,262,388,380,184,234,321,243,213,412,415,,,113,108,,,346,303,350,291,337,284,277,244,199,107,384,407,232,194,196,234,236,185,294,252,339,223,214,402,,113,,,b'\x11\xe8\xe1I\xea\x11\x01\xc0\x9a\xbe\x12\xdf\x17\xaeN\x1e'
11E8E149-EA11-01C0-9ABE-12DF17AE4E1E,2019-ncaa-d3-conf-CCC,ncaa,7,7,5,7,5,7,6,9,3,5,9,2,9,8,6,7,6,6,3,6,5,8,7,3,4,7,8,8,5,8,6,6,7,7,6,9,9,9,9,9,9,9,6,6,,,3,3,,,7,5,6,2,7,7,9,4,9,9,8,6,6,6,9,9,8,6,7,9,9,9,6,,4,,,7,8,8,9,5,8,3,9,9,9,1,9,3,3,7,3,4,8,4,6,5,7,6,9,3,7,7,1,6,1,6,7,4,9,9,8,9,9,5,5,,,6,4,,,7,5,7,8,7,8,8,8,8,4,8,9,3,4,4,8,6,8,1,4,6,9,9,5,,5,,,b'\x11\xe8\xe1I\xea\x11\x01\xc0\x9a\xbe\x12\xdf\x17\xaeN\x1e'
11E8E149-EA11-01C0-9ABE-12DF17AE4E1E,2019-ncaa-d3-natl,ncaa,306,361,129,339,174,334,344,329,345,342,294,364,281,291,263,246,237,255,164,250,182,322,276,341,324,362,157,214,94,282,256,183,325,234,261,382,387,365,392,409,421,431,270,272,,,203,198,,,382,260,357,215,390,401,404,390,348,317,323,254,280,282,407,364,317,219,283,412,342,431,292,,177,,,372,296,273,370,122,201,191,212,384,428,51,413,251,210,336,200,210,361,239,138,149,293,342,372,202,369,325,172,256,262,261,253,184,403,427,398,348,365,287,329,,,157,91,,,382,191,366,337,373,246,244,354,171,156,367,428,219,183,177,342,176,340,126,219,220,427,325,278,,171,,,b'\x11\xe8\xe1I\xea\x11\x01\xc0\x9a\xbe\x12\xdf\x17\xaeN\x1e'
11E8E149-EA11-01C0-9ABE-12DF17AE4E1E,2020-ncaa-d3-conf-CCC,ncaa,5,5,4,5,5,5,5,4,3,4,4,4,4,9,1,8,3,3,3,3,4,4,4,3,3,3,6,6,4,4,3,4,2,4,2,5,8,6,5,5,3,1,5,5,,,1,1,,,5,5,5,4,3,4,4,4,3,4,8,2,1,1,4,4,2,3,2,4,5,2,6,,1,,,5,3,4,3,5,3,2,5,7,8,4,9,1,1,9,1,1,2,2,5,5,5,6,9,1,2,2,2,3,2,2,5,6,5,6,5,5,5,3,4,,,3,4,,,5,6,4,5,5,5,5,4,5,2,7,7,1,1,1,4,4,2,3,2,5,6,5,4,,2,,,b'\x11\xe8\xe1I\xea\x11\x01\xc0\x9a\xbe\x12\xdf\x17\xaeN\x1e'
11E8E149-EA11-01C0-9ABE-12DF17AE4E1E,2020-ncaa-d3-natl,ncaa,149,163,126,164,150,170,176,168,199,137,94,235,248,299,146,332,83,98,158,96,191,151,161,215,189,182,259,309,105,138,148,74,8,94,47,240,334,198,160,238,281,298,305,329,,,132,122,,,170,170,200,185,182,198,200,148,106,268,322,85,93,98,163,197,154,55,92,258,176,310,320,,95,,,177,217,268,326,162,249,241,223,294,364,119,333,101,84,268,81,79,277,207,178,138,230,184,297,83,30,8,214,148,98,47,324,321,328,351,361,114,95,292,224,,,115,132,,,170,300,190,157,163,189,231,277,211,209,272,336,81,63,64,230,143,16,172,74,293,369,98,278,,124,,,b'\x11\xe8\xe1I\xea\x11\x01\xc0\x9a\xbe\x12\xdf\x17\xaeN\x1e'
11E8E149-EA11-01C0-9ABE-12DF17AE4E1E,2021-ncaa-d3-conf-CCC,ncaa,2,3,2,2,2,3,3,2,3,2,3,3,2,3,2,3,2,3,2,3,3,2,2,3,3,3,3,3,2,2,1,2,1,1,1,4,6,6,5,5,3,4,3,5,,,5,4,,,3,2,5,2,3,3,5,3,5,3,3,2,3,3,5,3,2,4,3,4,5,4,5,,4,,,3,5,5,5,4,5,4,4,4,4,2,4,6,5,5,5,5,5,5,4,4,4,4,4,5,3,1,2,1,2,1,5,4,2,3,4,4,4,5,4,,,2,3,,,3,5,3,3,3,4,3,2,3,3,3,3,5,5,5,3,2,2,2,2,4,4,4,3,,4,,,b'\x11\xe8\xe1I\xea\x11\x01\xc0\x9a\xbe\x12\xdf\x17\xaeN\x1e'
11E8E149-EA11-01C0-9ABE-12DF17AE4E1E,2021-ncaa-d3-natl,ncaa,80,149,81,118,84,112,107,99,164,109,109,175,94,90,122,106,126,141,57,142,234,103,92,153,156,180,120,92,191,56,39,76,40,71,25,129,214,224,223,222,106,151,161,202,,,174,128,,,124,100,187,41,171,161,145,172,164,105,121,193,227,232,181,125,60,72,54,195,219,165,218,,111,,,129,171,159,175,67,153,172,74,175,182,130,174,183,173,243,175,149,176,179,81,93,106,199,188,188,142,40,149,39,144,25,158,136,108,151,134,172,139,132,102,,,124,212,,,124,186,162,86,123,93,82,110,78,99,148,153,150,118,119,108,86,55,50,44,103,166,131,83,,200,,,b'\x11\xe8\xe1I\xea\x11\x01\xc0\x9a\xbe\x12\xdf\x17\xaeN\x1e'
11E8E149-EA11-01C0-9ABE-12DF17AE4E1E,2022-ncaa-d3-conf-CCC,ncaa,5,5,3,5,5,7,7,7,5,6,6,5,7,8,6,7,5,5,3,5,4,7,6,5,5,6,6,6,4,7,6,3,3,5,5,8,10,8,7,8,8,8,10,10,,,2,2,,,6,4,6,7,8,7,8,6,6,8,8,5,5,5,8,9,8,1,6,8,7,8,10,,3,,,6,5,6,8,5,5,6,6,5,10,1,9,3,3,8,3,3,7,6,5,5,5,3,4,3,4,3,5,6,5,5,6,7,9,8,8,8,8,7,6,,,7,4,,,6,7,6,5,6,6,6,6,6,4,4,9,4,3,4,6,5,5,4,4,6,9,7,7,,6,,,b'\x11\xe8\xe1I\xea\x11\x01\xc0\x9a\xbe\x12\xdf\x17\xaeN\x1e'
11E8E149-EA11-01C0-9ABE-12DF17AE4E1E,2022-ncaa-d3-natl,ncaa,190,234,107,217,162,188,173,196,160,143,151,165,232,230,203,274,254,248,234,244,299,204,171,187,196,229,303,270,283,226,250,58,149,90,130,183,233,334,309,260,293,357,390,411,,,142,73,,,233,145,194,290,239,195,266,158,191,272,282,293,304,299,284,248,272,21,93,225,285,350,411,,75,,,233,274,318,377,117,325,341,203,230,376,18,315,132,113,283,120,55,362,302,100,86,195,106,190,84,312,149,225,250,261,130,370,346,321,387,392,340,317,373,335,,,230,285,,,233,288,245,204,235,203,253,365,272,293,174,354,97,70,77,338,229,263,151,195,324,382,302,363,,313,,,b'\x11\xe8\xe1I\xea\x11\x01\xc0\x9a\xbe\x12\xdf\x17\xaeN\x1e'
11E8E149-EA11-01C0-9ABE-12DF17AE4E1E,2023-ncaa-d3-conf-CCC,ncaa,3,2,5,3,5,6,6,8,2,3,8,2,7,7,6,6,4,5,7,5,3,7,7,3,2,4,9,9,5,8,6,1,1,1,3,7,10,6,7,7,7,7,8,7,,,5,5,,,4,4,3,3,4,4,7,2,6,7,6,4,3,3,5,4,8,1,1,7,6,7,8,,6,,,4,4,4,8,2,2,4,3,10,10,3,10,3,2,6,2,4,8,6,3,2,3,9,10,2,3,1,5,6,3,3,4,6,8,10,9,6,7,9,7,,,5,5,,,4,7,4,2,4,4,4,9,3,4,9,10,3,3,3,9,5,3,4,3,6,9,7,10,,5,,,b'\x11\xe8\xe1I\xea\x11\x01\xc0\x9a\xbe\x12\xdf\x17\xaeN\x1e'
11E8E149-EA11-01C0-9ABE-12DF17AE4E1E,2023-ncaa-d3-natl,ncaa,152,171,109,168,131,146,133,192,92,85,129,77,314,292,301,324,122,126,161,123,195,179,122,132,119,194,353,367,159,243,249,17,32,70,48,155,238,370,325,267,246,292,321,334,,,243,191,,,182,95,119,181,157,140,241,77,139,335,325,128,140,139,219,157,281,7,53,179,323,274,345,,213,,,182,253,265,365,92,172,211,146,377,417,121,390,161,130,334,132,133,338,296,124,104,172,334,373,126,135,32,203,249,166,48,348,363,236,313,338,327,285,408,374,,,145,199,,,182,333,222,135,187,206,213,326,136,153,350,401,125,93,93,290,245,113,149,120,306,280,289,403,,157,,,b'\x11\xe8\xe1I\xea\x11\x01\xc0\x9a\xbe\x12\xdf\x17\xaeN\x1e'
11E8E149-EA11-01C0-9ABE-12DF17AE4E1E,2024-ncaa-d3-conf-CCC,ncaa,8,9,3,8,3,7,7,4,6,7,7,6,2,2,2,4,5,6,4,6,4,5,4,6,6,7,3,3,7,4,6,6,6,5,6,7,8,8,8,8,5,6,8,8,,,5,2,,,8,3,4,4,7,7,6,7,8,2,4,6,6,6,7,4,5,6,7,8,8,5,8,,4,,,8,9,9,9,9,9,8,8,10,8,10,8,3,3,6,3,2,8,8,9,9,10,4,7,1,8,6,8,6,8,6,9,6,6,8,9,9,8,8,8,,,4,5,,,8,8,7,9,8,9,9,9,8,7,10,10,1,2,1,8,8,6,6,6,9,7,8,7,,4,,,b'\x11\xe8\xe1I\xea\x11\x01\xc0\x9a\xbe\x12\xdf\x17\xaeN\x1e'
11E8E149-EA11-01C0-9ABE-12DF17AE4E1E,2024-ncaa-d3-natl,ncaa,353,405,63,366,92,140,156,143,179,192,165,247,91,155,26,211,119,107,241,101,122,124,67,147,155,232,107,121,191,115,133,121,306,107,205,134,136,399,356,297,253,333,371,396,,,295,149,,,346,66,104,244,197,220,229,250,236,120,207,164,152,146,214,108,143,196,161,174,372,305,390,,223,,,338,422,420,417,383,410,405,348,413,367,412,220,190,194,184,182,65,412,383,386,373,384,143,301,45,371,306,286,133,333,205,420,332,224,343,393,382,336,337,298,,,42,91,,,346,371,232,385,331,386,395,382,382,373,394,317,132,136,130,374,330,322,168,252,394,288,344,301,,57,,,b'\x11\xe8\xe1I\xea\x11\x01\xc0\x9a\xbe\x12\xdf\x17\xaeN\x1e'
11E8E149-EA11-01C0-9ABE-12DF17AE4E1E,2025-ncaa-d3-conf-CNE,genius_ncaa,7,7,7,7,7,8,8,6,9,9,8,9,1,2,3,1,10,10,5,10,8,7,8,8,8,7,1,1,10,8,10,7,6,7,8,6,5,5,6,5,8,9,9,9,,,7,6,,1,9,6,2,4,7,7,2,9,8,1,2,10,10,10,4,2,8,4,7,6,5,7,9,,8,,1,9,9,8,10,7,8,7,8,9,10,3,9,6,6,6,6,6,9,8,7,7,9,4,6,3,8,6,9,10,9,8,5,3,7,8,8,6,8,8,8,,,10,9,,8,9,5,8,9,9,9,8,10,8,8,9,10,8,8,8,10,9,9,9,9,7,5,8,8,,10,,8,b'\x11\xe8\xe1I\xea\x11\x01\xc0\x9a\xbe\x12\xdf\x17\xaeN\x1e'
11E8E149-EA11-01C0-9ABE-12DF17AE4E1E,2025-ncaa-d3-natl,genius_ncaa,274,269,290,283,325,194,222,166,277,331,321,303,27,34,80,16,287,319,121,320,222,193,187,202,213,227,14,8,325,248,324,212,292,238,331,160,90,221,227,193,204,240,363,367,,,349,349,,12,286,165,54,245,137,176,56,333,315,9,15,265,311,314,76,72,212,116,152,105,268,171,365,,399,,12,284,340,311,245,305,308,192,345,255,298,155,267,344,333,249,337,333,280,273,299,316,301,220,176,268,299,292,350,324,348,331,243,143,175,211,202,208,203,213,306,,,242,264,,368,286,258,237,311,281,366,345,338,339,278,291,342,378,368,377,363,360,327,380,369,274,123,247,263,,177,,372,b'\x11\xe8\xe1I\xea\x11\x01\xc0\x9a\xbe\x12\xdf\x17\xaeN\x1e'
11E8E149-EA11-01C0-9ABE-12DF17AE4E1E,2026-ncaa-d3-conf-CNE,genius_ncaa,5,8,1,8,1,4,6,4,9,9,7,8,3,3,6,1,3,4,3,4,4,4,4,7,7,9,1,1,3,4,7,6,10,6,10,7,6,10,9,10,5,8,4,6,,,8,5,,3,10,3,2,1,9,9,8,10,11,6,5,4,6,6,9,5,7,11,10,9,10,8,5,,7,,3,10,11,11,11,11,11,11,11,8,7,7,3,6,5,6,5,3,11,9,10,10,11,1,4,1,8,10,9,7,7,10,11,10,7,9,11,9,9,4,5,,,4,9,,3,10,10,9,11,10,11,11,11,11,11,6,5,3,3,3,11,8,7,8,6,11,8,9,4,,8,,4,b'\x11\xe8\xe1I\xea\x11\x01\xc0\x9a\xbe\x12\xdf\x17\xaeN\x1e'
11E8E149-EA11-01C0-9ABE-12DF17AE4E1E,2026-ncaa-d3-natl,genius_ncaa,288,397,8,341,41,90,156,31,381,257,125,385,24,7,257,38,28,39,128,34,62,30,22,350,325,330,11,37,60,124,373,80,360,94,393,125,141,394,316,326,36,189,145,304,,,401,234,,156,396,16,43,403,309,362,205,398,362,102,43,114,157,155,188,120,301,339,337,301,325,121,261,,323,,99,376,413,413,408,397,413,407,386,403,380,359,163,310,356,92,358,97,407,409,399,386,374,74,203,32,398,360,409,373,406,393,411,306,34,225,340,395,315,320,291,,,31,179,,76,396,409,345,373,371,393,401,366,395,363,344,280,145,180,176,364,369,333,385,373,388,129,319,225,,138,,160,b'\x11\xe8\xe1I\xea\x11\x01\xc0\x9a\xbe\x12\xdf\x17\xaeN\x1e'
11E8E149-EA15-7908-9ABE-12DF17AE4E1E,2018-ncaa-d3-conf-Landmark,ncaa,8,8,5,8,7,8,8,8,8,8,2,8,8,8,8,8,8,8,8,8,8,8,8,8,8,8,8,8,5,7,7,8,8,8,8,8,8,8,8,8,8,8,8,8,,,1,1,,,8,7,6,7,8,8,8,8,1,8,8,8,8,8,8,7,7,8,8,8,8,7,8,,1,,,8,8,8,8,8,8,6,8,8,8,7,7,1,1,3,1,1,5,4,8,8,8,1,5,1,8,8,7,7,8,8,8,8,8,8,8,8,8,8,8,,,8,8,,,8,2,8,8,8,8,8,8,8,8,8,8,1,1,1,8,8,8,8,8,8,8,8,8,,8,,,b'\x11\xe8\xe1I\xea\x15y\x08\x9a\xbe\x12\xdf\x17\xaeN\x1e'
11E8E149-EA15-7908-9ABE-12DF17AE4E1E,2018-ncaa-d3-natl,ncaa,433,444,197,433,256,433,432,413,437,398,131,438,444,443,444,444,418,395,433,391,425,416,383,441,441,440,443,444,45,425,438,412,443,422,442,439,443,412,432,442,432,443,442,444,,,9,1,,,443,358,382,286,442,442,441,421,98,444,444,429,408,406,442,431,438,440,442,443,406,441,443,,1,,,441,440,443,434,440,443,422,439,398,329,409,235,10,8,154,8,1,386,264,438,428,443,5,248,1,442,443,349,438,431,442,443,437,423,444,444,412,427,434,419,,,402,347,,,443,108,441,444,442,434,441,434,440,428,403,336,1,1,1,404,302,439,358,422,444,440,402,434,,427,,,b'\x11\xe8\xe1I\xea\x15y\x08\x9a\xbe\x12\xdf\x17\xaeN\x1e'
11E8E149-EA15-7908-9ABE-12DF17AE4E1E,2019-ncaa-d3-conf-Landmark,ncaa,8,8,5,8,6,8,8,5,8,7,4,8,7,8,7,6,6,5,8,5,7,5,6,8,8,8,7,5,4,8,8,8,8,8,8,8,8,1,3,8,4,3,8,8,,,1,1,,,8,5,3,5,8,8,3,7,2,7,7,6,5,5,3,5,8,8,8,8,2,3,8,,1,,,8,7,8,5,8,8,5,8,4,4,6,3,2,1,8,1,1,5,4,8,8,8,1,2,1,8,8,8,8,8,8,8,4,6,5,8,5,7,8,8,,,6,6,,,8,4,8,8,8,8,8,8,8,8,5,5,3,2,2,8,8,8,8,8,8,4,7,8,,6,,,b'\x11\xe8\xe1I\xea\x15y\x08\x9a\xbe\x12\xdf\x17\xaeN\x1e'
11E8E149-EA15-7908-9ABE-12DF17AE4E1E,2019-ncaa-d3-natl,ncaa,375,399,215,386,274,339,328,259,381,290,128,409,342,366,202,379,272,173,412,174,250,237,281,390,391,365,281,310,134,351,418,340,398,356,425,412,436,107,142,387,165,182,424,436,,,56,35,,,395,242,172,272,373,365,234,309,94,354,375,268,143,148,201,261,355,377,390,427,127,159,430,,45,,,393,346,398,316,388,415,371,375,162,140,275,99,121,91,339,94,55,279,266,361,343,344,34,97,66,377,398,412,418,405,425,374,246,214,233,338,275,299,433,409,,,275,246,,,395,212,377,370,392,352,393,363,412,395,179,143,128,100,105,325,321,377,413,408,370,202,284,436,,259,,,b'\x11\xe8\xe1I\xea\x15y\x08\x9a\xbe\x12\xdf\x17\xaeN\x1e'
11E8E149-EA15-7908-9ABE-12DF17AE4E1E,2020-ncaa-d3-conf-Landmark,ncaa,8,8,5,8,6,8,8,7,8,8,7,8,8,7,8,6,5,4,7,4,2,8,8,8,8,8,6,8,1,7,8,8,8,8,8,8,8,4,5,8,5,5,8,8,,,1,2,,,8,8,5,3,8,8,7,8,6,8,7,3,3,3,8,7,6,8,8,8,4,5,8,,2,,,8,6,7,5,7,7,3,8,5,6,3,7,4,4,6,5,3,4,5,7,6,6,2,4,3,8,8,7,8,8,8,7,7,6,6,7,6,6,7,8,,,6,4,,,8,1,8,8,8,7,7,6,7,5,7,7,6,5,5,6,7,8,8,8,8,6,6,8,,3,,,b'\x11\xe8\xe1I\xea\x15y\x08\x9a\xbe\x12\xdf\x17\xaeN\x1e'
11E8E149-EA15-7908-9ABE-12DF17AE4E1E,2020-ncaa-d3-natl,ncaa,367,391,198,374,280,367,373,362,372,337,315,354,397,336,422,293,183,175,232,181,112,348,344,392,367,370,252,368,17,375,408,397,431,402,429,414,431,267,343,414,234,264,367,390,,,113,75,,,397,296,263,303,391,399,397,363,324,397,332,169,163,170,382,354,387,427,431,427,289,230,374,,107,,,385,354,384,292,379,405,315,392,181,206,147,176,176,180,198,192,143,277,253,347,329,330,44,102,108,419,431,338,408,397,429,378,300,223,261,343,328,365,413,422,,,208,87,,,397,151,385,385,390,345,372,324,401,336,201,231,194,193,212,314,306,414,353,390,364,210,337,416,,167,,,b'\x11\xe8\xe1I\xea\x15y\x08\x9a\xbe\x12\xdf\x17\xaeN\x1e'
11E8E149-EA15-7908-9ABE-12DF17AE4E1E,2022-ncaa-d3-conf-Landmark,ncaa,8,8,5,8,7,8,8,7,8,7,5,8,8,8,8,7,7,7,7,7,8,7,6,8,8,8,7,6,3,5,8,8,8,8,8,8,8,8,7,8,5,6,7,7,,,4,4,,,8,6,3,8,8,8,7,7,3,8,8,7,8,8,8,4,5,8,8,8,7,6,7,,5,,,8,8,8,4,8,8,4,8,7,7,5,6,5,3,6,3,4,4,3,8,8,8,2,5,1,8,8,8,8,8,8,8,6,5,6,8,8,8,7,7,,,8,8,,,8,3,8,8,8,8,8,6,8,3,8,7,6,5,5,6,7,8,8,8,8,5,7,7,,8,,,b'\x11\xe8\xe1I\xea\x15y\x08\x9a\xbe\x12\xdf\x17\xaeN\x1e'
11E8E149-EA15-7908-9ABE-12DF17AE4E1E,2022-ncaa-d3-natl,ncaa,406,385,376,414,390,406,407,385,419,395,281,422,409,407,409,397,380,376,356,375,373,387,382,423,420,417,353,388,85,279,252,419,423,401,410,411,400,221,374,409,340,287,401,395,,,112,290,,,413,393,221,429,416,411,316,380,96,411,403,356,321,322,342,224,148,429,410,419,360,271,399,,308,,,414,231,274,47,428,307,77,427,127,50,389,135,156,142,264,136,277,48,51,428,427,418,71,114,134,249,423,123,252,162,410,279,242,309,206,339,297,393,361,398,,,395,372,,,413,37,412,422,415,397,397,219,406,273,264,143,311,308,306,245,250,366,360,375,374,189,385,425,,374,,,b'\x11\xe8\xe1I\xea\x15y\x08\x9a\xbe\x12\xdf\x17\xaeN\x1e'
11E8E149-EA15-7908-9ABE-12DF17AE4E1E,2023-ncaa-d3-conf-Landmark,ncaa,8,8,5,8,5,7,7,5,8,7,5,8,5,4,7,5,6,7,4,7,8,5,5,8,7,7,2,3,3,1,1,6,6,5,4,8,8,7,6,8,8,8,7,7,,,8,8,,,7,6,5,5,7,7,4,7,4,5,4,6,7,7,5,1,1,6,2,8,7,8,7,,8,,,7,8,5,3,7,5,3,6,8,6,8,5,8,8,6,8,8,5,2,8,8,8,8,6,7,5,6,4,1,3,4,8,7,8,8,8,7,6,8,8,,,7,8,,,7,3,7,8,7,8,7,5,6,5,8,7,8,8,8,7,5,5,5,7,8,8,7,8,,6,,,b'\x11\xe8\xe1I\xea\x15y\x08\x9a\xbe\x12\xdf\x17\xaeN\x1e'
11E8E149-EA15-7908-9ABE-12DF17AE4E1E,2023-ncaa-d3-natl,ncaa,381,411,185,396,240,344,345,240,397,324,195,406,309,242,348,247,312,331,239,327,358,255,182,398,397,397,213,213,169,32,22,345,389,178,218,390,414,393,376,408,384,398,370,378,,,382,407,,,402,286,293,288,386,385,235,361,205,314,258,345,359,350,271,154,21,399,159,411,377,398,379,,398,,,393,382,351,209,388,335,198,373,328,247,386,221,380,382,255,383,377,261,198,389,403,411,281,232,309,352,389,150,22,248,218,350,288,326,355,378,389,373,416,410,,,301,363,,,402,142,358,415,400,362,336,236,329,196,327,245,386,393,393,281,210,345,159,256,326,352,371,416,,339,,,b'\x11\xe8\xe1I\xea\x15y\x08\x9a\xbe\x12\xdf\x17\xaeN\x1e'
11E8E149-EA15-7908-9ABE-12DF17AE4E1E,2024-ncaa-d3-conf-Landmark,ncaa,10,10,7,10,10,10,10,7,10,10,9,10,3,2,5,1,10,10,9,10,10,8,8,9,10,10,1,1,10,9,10,9,10,10,10,10,10,9,8,10,10,10,9,9,,,2,1,,,10,5,1,9,10,10,3,10,9,2,1,10,10,10,8,4,9,7,10,10,9,10,9,,3,,,10,10,10,10,10,10,10,10,7,9,4,5,4,4,5,4,1,10,9,10,8,10,1,1,1,10,10,10,10,10,10,10,6,9,10,10,10,10,1,6,,,10,10,,,10,7,10,10,10,10,10,10,10,10,7,10,4,4,4,10,10,10,10,10,10,8,10,2,,10,,,b'\x11\xe8\xe1I\xea\x15y\x08\x9a\xbe\x12\xdf\x17\xaeN\x1e'
11E8E149-EA15-7908-9ABE-12DF17AE4E1E,2024-ncaa-d3-natl,ncaa,408,423,200,416,286,361,352,163,412,398,334,411,94,32,329,13,413,404,402,400,380,223,162,398,410,400,21,5,412,304,410,289,422,312,421,390,410,354,333,397,348,405,343,393,,,82,14,,,420,127,50,374,390,381,115,416,366,77,16,422,415,413,198,116,313,311,334,407,345,363,354,,75,,,413,423,424,422,399,424,419,414,294,365,101,176,176,157,286,154,30,421,398,385,365,394,16,57,28,427,422,422,410,424,421,422,285,298,391,404,379,367,145,251,,,403,425,,,420,315,401,421,415,418,419,424,420,419,301,376,191,178,175,424,416,425,424,423,418,304,378,154,,418,,,b'\x11\xe8\xe1I\xea\x15y\x08\x9a\xbe\x12\xdf\x17\xaeN\x1e'
11E8E149-EA15-7908-9ABE-12DF17AE4E1E,2025-ncaa-d3-conf-Landmark,genius_ncaa,6,7,4,6,4,3,4,1,9,4,1,8,5,1,9,5,1,1,10,1,3,1,1,9,10,9,6,7,5,1,5,9,9,2,9,9,10,9,3,9,1,2,9,10,,,10,10,,9,9,1,1,3,2,4,1,2,1,5,1,1,1,1,1,1,1,10,1,9,8,1,10,,10,,9,8,10,10,10,10,10,10,10,6,4,8,1,10,10,8,10,10,10,10,10,10,8,3,1,10,9,9,10,5,10,9,10,8,1,1,4,6,3,6,1,,,1,10,,6,9,10,7,7,7,10,10,8,10,10,6,4,10,10,10,10,10,9,10,10,10,1,5,5,,1,,8,b'\x11\xe8\xe1I\xea\x15y\x08\x9a\xbe\x12\xdf\x17\xaeN\x1e'
11E8E149-EA15-7908-9ABE-12DF17AE4E1E,2025-ncaa-d3-natl,genius_ncaa,194,215,116,207,139,5,7,1,315,16,1,291,19,1,321,139,14,2,364,2,166,1,1,319,323,262,174,171,221,1,17,290,409,12,337,149,410,386,55,290,1,1,312,368,,,419,370,,309,167,1,1,154,1,2,1,8,1,15,2,9,2,2,1,1,1,360,4,160,358,1,327,,419,,305,170,419,414,392,417,419,410,413,185,118,312,8,419,419,195,419,412,414,419,405,415,194,97,10,402,415,409,419,17,419,337,417,363,1,3,31,344,44,190,22,,,22,398,,285,167,419,168,207,187,417,403,376,411,405,168,89,419,419,419,404,419,404,419,418,407,1,308,170,,12,,302,b'\x11\xe8\xe1I\xea\x15y\x08\x9a\xbe\x12\xdf\x17\xaeN\x1e'
11E8E149-EA15-7908-9ABE-12DF17AE4E1E,2026-ncaa-d3-conf-Landmark,genius_ncaa,6,6,1,6,1,8,8,8,7,9,10,9,3,3,6,2,10,8,10,8,4,8,6,7,8,8,2,1,10,8,9,6,9,8,9,10,10,8,9,10,6,7,10,10,,,9,8,,9,8,4,4,1,8,8,8,9,10,3,3,10,8,8,8,6,8,6,8,10,8,6,10,,9,,9,8,7,7,8,7,8,8,8,5,7,2,4,10,10,9,10,8,8,8,6,8,8,4,2,8,8,9,9,9,9,9,8,8,5,7,7,9,9,1,3,,,10,9,,9,8,7,8,7,8,7,7,8,8,8,5,7,10,10,10,8,8,8,9,9,8,5,9,1,,10,,9,b'\x11\xe8\xe1I\xea\x15y\x08\x9a\xbe\x12\xdf\x17\xaeN\x1e'
11E8E149-EA15-7908-9ABE-12DF17AE4E1E,2026-ncaa-d3-natl,genius_ncaa,157,200,116,194,139,309,295,154,387,315,219,369,188,83,356,70,353,313,369,302,327,181,177,384,391,376,154,97,339,201,347,149,274,158,335,368,403,241,215,369,124,158,283,328,,,311,302,,306,308,170,222,113,378,364,174,373,292,225,78,397,371,361,232,237,244,167,203,396,199,149,304,,305,,291,302,200,159,238,43,209,267,93,67,187,16,110,371,324,398,324,287,250,261,20,75,97,182,31,399,307,274,360,347,356,335,164,195,162,202,129,228,205,134,137,,,281,367,,323,308,244,377,124,304,131,82,196,150,252,28,121,365,320,321,221,233,295,387,364,117,186,192,107,,370,,348,b'\x11\xe8\xe1I\xea\x15y\x08\x9a\xbe\x12\xdf\x17\xaeN\x1e'
11E8E149-EA19-F910-9ABE-12DF17AE4E1E,2018-ncaa-d3-conf-North Atlantic,ncaa,10,10,7,10,8,9,9,10,9,9,10,8,4,1,9,1,10,10,8,10,10,10,9,8,9,9,1,1,10,9,8,9,8,9,8,10,9,10,10,10,10,10,9,9,,,2,2,,,9,9,6,7,9,9,10,9,10,3,1,10,10,10,10,8,9,8,9,10,10,10,9,,3,,,9,10,10,9,10,9,6,10,10,10,7,10,3,3,4,3,3,8,3,10,10,10,4,10,3,8,8,7,8,7,8,10,8,10,10,10,9,9,6,8,,,10,10,,,9,1,9,10,10,10,10,9,9,6,10,10,3,3,3,9,6,8,8,8,10,10,9,7,,10,,,b'\x11\xe8\xe1I\xea\x19\xf9\x10\x9a\xbe\x12\xdf\x17\xaeN\x1e'
11E8E149-EA19-F910-9ABE-12DF17AE4E1E,2018-ncaa-d3-natl,ncaa,383,349,390,389,400,420,419,381,430,430,432,405,182,47,404,4,435,438,295,438,442,409,397,410,419,420,30,4,441,353,378,345,374,366,390,416,381,309,409,419,440,444,354,355,,,27,29,,,418,400,195,274,421,415,220,436,435,104,10,442,444,444,369,235,270,138,206,420,398,444,338,,50,,,421,173,280,189,315,229,118,370,324,344,211,396,32,36,29,37,47,128,62,334,274,365,149,364,14,331,374,252,378,292,390,319,299,424,434,429,213,326,90,350,,,433,440,,,418,42,419,406,423,378,406,413,379,329,410,430,45,76,72,394,323,401,413,413,393,418,321,157,,441,,,b'\x11\xe8\xe1I\xea\x19\xf9\x10\x9a\xbe\x12\xdf\x17\xaeN\x1e'
11E8E149-EA1E-C562-9ABE-12DF17AE4E1E,2018-ncaa-d3-conf-USA South,ncaa,3,5,2,5,2,4,2,2,14,2,3,13,7,3,15,9,10,8,14,8,19,2,2,14,15,10,15,9,18,4,6,2,3,2,6,3,5,11,2,3,2,3,14,15,,,18,16,,,7,2,7,7,7,4,4,3,4,8,7,13,11,12,4,4,5,4,3,4,2,4,16,,16,,,7,15,13,12,4,11,9,8,13,14,6,9,17,18,5,18,18,13,18,6,8,4,16,8,17,9,3,19,6,16,6,3,1,2,3,1,5,3,3,1,,,6,16,,,7,18,9,4,7,6,4,5,3,5,8,6,16,16,16,8,10,2,14,12,1,3,1,1,,12,,,b'\x11\xe8\xe1I\xea\x1e\xc5b\x9a\xbe\x12\xdf\x17\xaeN\x1e'
11E8E149-EA1E-C562-9ABE-12DF17AE4E1E,2018-ncaa-d3-natl,ncaa,89,68,197,82,240,153,120,40,285,106,52,265,210,120,336,228,280,190,390,195,359,60,80,300,333,268,342,260,375,38,99,130,76,66,131,168,295,127,44,130,61,54,336,334,,,351,344,,,144,116,52,192,101,64,10,62,24,200,102,292,178,184,11,27,29,60,22,148,131,46,350,,381,,,139,175,125,139,166,143,141,186,198,216,150,214,354,404,27,403,418,196,300,168,179,105,311,192,391,105,76,397,99,301,131,21,4,77,74,12,82,33,69,18,,,248,404,,,144,322,223,83,150,199,144,156,158,161,199,217,373,415,414,225,338,104,395,318,22,50,87,63,,268,,,b'\x11\xe8\xe1I\xea\x1e\xc5b\x9a\xbe\x12\xdf\x17\xaeN\x1e'
11E8E149-EA1E-C562-9ABE-12DF17AE4E1E,2019-ncaa-d3-conf-USA South,ncaa,6,4,10,5,17,10,8,6,12,9,8,13,5,4,8,4,13,14,8,14,15,7,10,11,12,7,6,5,16,5,9,10,3,7,7,9,12,1,1,3,5,4,13,11,,,14,16,,,5,11,4,17,5,4,2,6,5,3,3,12,13,13,2,3,4,6,5,7,1,3,12,,17,,,5,4,3,3,6,2,4,5,9,10,12,11,10,13,3,13,18,5,5,6,7,5,16,12,14,3,3,13,9,9,7,1,3,6,5,2,1,1,10,8,,,13,16,,,5,8,6,4,5,9,8,7,4,5,11,10,14,17,17,9,12,5,15,15,2,3,1,11,,11,,,b'\x11\xe8\xe1I\xea\x1e\xc5b\x9a\xbe\x12\xdf\x17\xaeN\x1e'
11E8E149-EA1E-C562-9ABE-12DF17AE4E1E,2019-ncaa-d3-natl,ncaa,169,46,422,98,428,313,285,276,298,313,292,317,167,183,181,134,372,377,265,376,367,304,380,280,302,202,181,100,378,169,141,364,123,313,179,367,404,9,11,139,182,71,357,306,,,173,392,,,118,401,22,413,44,35,5,99,29,45,32,245,230,230,7,15,26,50,21,203,75,43,309,,431,,,89,17,10,18,98,10,20,79,66,56,225,222,193,254,62,242,419,24,34,108,138,94,384,249,408,24,123,146,141,75,179,5,12,237,82,8,2,2,70,101,,,423,413,,,118,43,153,77,106,220,138,236,123,201,249,265,398,429,428,309,390,209,417,377,17,44,5,197,,271,,,b'\x11\xe8\xe1I\xea\x1e\xc5b\x9a\xbe\x12\xdf\x17\xaeN\x1e'
11E8E149-EA1E-C562-9ABE-12DF17AE4E1E,2020-ncaa-d3-conf-USA South,ncaa,8,6,8,7,8,6,6,3,12,8,5,11,2,2,5,4,10,10,11,10,16,5,6,7,9,6,4,2,18,6,7,10,7,7,9,6,10,4,3,2,8,8,13,11,,,13,13,,,7,5,4,1,3,2,1,7,6,2,1,12,12,12,2,2,5,8,4,4,3,7,13,,15,,,7,14,11,8,12,8,4,13,16,17,14,16,14,14,17,14,15,11,13,13,15,11,16,15,13,6,7,16,7,13,9,6,3,6,4,6,3,2,7,5,,,7,14,,,7,14,4,11,8,14,9,8,7,5,16,16,13,13,13,8,11,6,17,14,8,6,2,7,,11,,,b'\x11\xe8\xe1I\xea\x1e\xc5b\x9a\xbe\x12\xdf\x17\xaeN\x1e'
11E8E149-EA1E-C562-9ABE-12DF17AE4E1E,2020-ncaa-d3-natl,ncaa,215,111,412,175,413,283,277,248,283,325,325,317,110,117,124,94,376,373,319,374,342,283,369,240,273,199,102,43,392,187,181,378,146,320,242,281,286,15,20,86,231,124,381,318,,,91,247,,,182,395,58,56,74,70,9,184,80,26,29,284,257,256,14,29,50,153,63,144,82,93,335,,307,,,166,44,38,23,251,34,20,296,225,206,246,385,135,102,334,104,345,24,33,292,308,246,363,357,263,33,146,211,181,99,242,63,157,259,110,125,19,32,71,111,,,396,368,,,182,37,179,215,183,292,261,251,183,109,365,382,307,285,288,256,327,159,415,351,211,80,77,164,,233,,,b'\x11\xe8\xe1I\xea\x1e\xc5b\x9a\xbe\x12\xdf\x17\xaeN\x1e'
11E8E149-EA1E-C562-9ABE-12DF17AE4E1E,2021-ncaa-d3-conf-USA South,ncaa,7,12,1,10,1,5,5,2,9,7,4,10,2,1,7,3,3,3,12,3,3,2,2,9,8,9,2,2,7,6,9,2,11,4,9,5,6,15,10,9,7,12,4,10,,,16,16,,,13,2,3,4,7,9,8,11,11,3,2,5,5,5,7,5,7,9,8,9,11,10,9,,16,,,13,15,15,15,14,15,16,13,13,11,11,2,16,16,16,16,12,16,16,13,14,14,6,2,14,14,11,15,9,16,9,15,12,7,13,12,14,8,12,12,,,2,3,,,13,15,9,14,13,15,11,12,12,13,7,4,16,16,16,14,14,12,13,13,13,12,8,8,,3,,,b'\x11\xe8\xe1I\xea\x1e\xc5b\x9a\xbe\x12\xdf\x17\xaeN\x1e'
11E8E149-EA1E-C562-9ABE-12DF17AE4E1E,2021-ncaa-d3-natl,ncaa,80,250,23,164,24,28,30,21,140,48,38,132,14,13,97,58,22,21,148,21,40,22,19,111,112,147,42,57,106,27,132,28,217,26,191,31,113,272,208,179,31,136,51,165,,,276,246,,,247,18,20,64,72,107,79,168,179,39,40,62,48,50,55,29,93,124,98,106,240,95,135,,275,,,198,274,272,267,207,275,271,196,248,245,183,47,280,278,250,278,226,269,268,193,230,222,135,47,257,271,217,266,132,270,191,275,201,31,167,195,266,176,238,148,,,21,83,,,247,268,146,233,189,266,242,235,249,258,143,109,281,272,272,258,269,235,208,228,244,100,213,136,,38,,,b'\x11\xe8\xe1I\xea\x1e\xc5b\x9a\xbe\x12\xdf\x17\xaeN\x1e'
11E8E149-EA1E-C562-9ABE-12DF17AE4E1E,2022-ncaa-d3-conf-USA South,ncaa,2,2,2,2,3,1,1,2,3,3,8,2,1,1,1,1,9,12,1,11,15,2,3,1,1,1,4,1,18,6,8,3,12,4,10,2,3,15,3,2,1,3,2,2,,,18,16,,,3,3,4,17,1,1,1,3,12,1,1,12,14,14,2,5,9,4,6,2,7,3,2,,16,,,3,15,15,17,5,15,17,3,10,13,5,4,16,17,10,17,13,16,18,3,4,4,10,4,12,17,12,14,8,18,10,10,6,2,4,2,5,2,12,11,,,9,14,,,3,17,1,4,3,9,9,10,11,13,5,7,13,14,14,12,15,14,6,13,6,3,2,10,,13,,,b'\x11\xe8\xe1I\xea\x1e\xc5b\x9a\xbe\x12\xdf\x17\xaeN\x1e'
11E8E149-EA1E-C562-9ABE-12DF17AE4E1E,2022-ncaa-d3-natl,ncaa,28,5,188,12,248,24,23,58,14,63,178,14,19,39,16,60,140,234,20,221,244,70,81,11,11,13,109,54,386,147,128,150,263,146,184,55,253,190,97,62,24,30,72,85,,,412,395,,,15,75,21,415,7,6,14,35,172,10,28,134,238,216,21,27,139,126,125,28,193,19,62,,420,,,9,200,142,229,95,211,304,97,56,108,49,59,392,398,251,394,349,270,356,62,108,50,197,33,410,331,263,193,128,247,184,68,49,29,22,6,74,24,104,84,,,123,249,,,15,352,12,55,11,179,128,215,200,309,42,74,388,386,381,283,391,316,178,244,60,15,67,85,,99,,,b'\x11\xe8\xe1I\xea\x1e\xc5b\x9a\xbe\x12\xdf\x17\xaeN\x1e'
11E8E149-EA1E-C562-9ABE-12DF17AE4E1E,2023-ncaa-d3-conf-USA South,ncaa,1,1,1,1,1,1,1,1,1,1,2,1,1,1,1,1,1,1,1,1,3,1,1,1,1,1,2,1,9,2,4,1,4,2,4,1,2,8,1,1,1,1,1,4,,,10,5,,,1,1,1,9,1,1,1,1,5,1,1,1,3,3,1,2,5,1,3,2,1,1,4,,6,,,1,10,10,10,4,10,10,4,10,10,7,3,10,10,3,10,4,10,10,5,3,1,6,6,5,9,4,10,4,10,4,9,2,1,1,1,4,1,2,2,,,1,9,,,1,10,1,2,1,6,7,5,7,7,4,3,4,5,5,6,7,5,3,5,2,1,2,2,,7,,,b'\x11\xe8\xe1I\xea\x1e\xc5b\x9a\xbe\x12\xdf\x17\xaeN\x1e'
11E8E149-EA1E-C562-9ABE-12DF17AE4E1E,2023-ncaa-d3-natl,ncaa,11,9,33,12,62,7,7,16,10,11,47,10,19,42,19,160,7,22,4,21,113,15,13,4,3,4,170,173,172,84,126,56,261,61,164,13,217,314,98,47,6,13,118,215,,,406,234,,,20,9,10,421,3,5,28,13,96,35,71,9,44,43,24,25,147,161,151,14,209,11,161,,357,,,23,423,410,406,314,415,414,273,208,192,245,51,399,400,196,402,252,416,422,278,284,174,88,54,289,367,261,285,126,345,164,242,26,17,57,26,222,75,38,8,,,39,273,,,20,422,8,159,29,335,331,312,365,380,129,89,357,360,361,333,401,273,125,187,139,23,137,11,,99,,,b'\x11\xe8\xe1I\xea\x1e\xc5b\x9a\xbe\x12\xdf\x17\xaeN\x1e'
11E8E149-EA1E-C562-9ABE-12DF17AE4E1E,2024-ncaa-d3-conf-USA South,ncaa,5,5,5,5,5,8,7,6,8,5,3,8,9,9,8,10,6,6,3,6,9,6,8,8,9,8,8,9,4,9,9,6,8,7,9,9,10,3,4,6,4,4,2,2,,,5,5,,,7,6,5,2,8,8,5,6,1,9,9,6,6,6,6,8,10,4,7,9,3,5,2,,5,,,7,8,8,6,6,5,5,6,9,9,7,9,9,7,9,5,6,5,6,6,7,5,6,8,7,8,8,9,9,9,9,7,9,5,5,6,2,5,7,5,,,7,6,,,7,6,8,7,7,7,7,7,5,5,9,9,7,7,7,7,7,7,9,9,7,4,3,7,,7,,,b'\x11\xe8\xe1I\xea\x1e\xc5b\x9a\xbe\x12\xdf\x17\xaeN\x1e'
11E8E149-EA1E-C562-9ABE-12DF17AE4E1E,2024-ncaa-d3-natl,ncaa,318,342,200,333,246,340,319,197,390,237,53,404,407,404,379,418,251,216,320,212,359,200,182,403,402,383,390,407,91,272,369,258,376,272,397,392,422,273,264,384,86,109,112,138,,,214,134,,,377,149,97,198,375,356,152,229,26,411,416,241,199,198,153,134,271,269,280,408,281,75,105,,233,,,372,322,300,279,260,305,279,262,225,229,215,186,322,323,253,322,277,287,328,248,266,234,212,169,275,379,376,409,369,409,397,306,268,93,144,204,272,250,238,122,,,274,336,,,377,278,386,275,370,330,306,317,307,303,246,259,336,335,334,335,365,379,413,406,300,82,274,257,,295,,,b'\x11\xe8\xe1I\xea\x1e\xc5b\x9a\xbe\x12\xdf\x17\xaeN\x1e'
11E8E149-EA1E-C562-9ABE-12DF17AE4E1E,2025-ncaa-d3-conf-USA South,genius_ncaa,7,7,5,7,5,9,8,7,8,7,8,6,7,6,9,5,9,9,6,9,9,8,8,9,9,9,8,5,7,9,9,6,7,6,8,7,7,9,9,8,9,9,4,4,,,4,4,,2,9,6,7,1,9,9,7,8,7,8,5,9,9,9,9,9,9,6,6,7,9,9,4,,5,,2,9,8,7,8,6,6,6,6,8,9,6,6,9,8,9,8,6,9,6,6,6,7,7,7,7,8,7,8,9,9,8,8,9,9,9,8,9,9,3,8,,,9,8,,8,9,4,9,7,9,7,7,7,6,6,8,8,9,9,9,9,8,8,8,9,7,9,9,4,,9,,8,b'\x11\xe8\xe1I\xea\x1e\xc5b\x9a\xbe\x12\xdf\x17\xaeN\x1e'
11E8E149-EA1E-C562-9ABE-12DF17AE4E1E,2025-ncaa-d3-natl,genius_ncaa,370,356,373,376,375,407,405,393,406,392,349,398,405,384,413,313,410,413,341,413,408,399,382,409,409,409,388,373,232,391,392,346,408,383,403,409,400,374,407,411,397,398,206,205,,,42,48,,101,404,373,159,89,411,407,391,381,247,405,372,408,408,408,408,248,386,182,323,411,398,381,158,,113,,135,401,123,118,206,87,115,150,143,194,295,70,314,178,148,295,145,188,186,118,92,87,197,249,249,213,405,408,189,392,340,403,218,295,359,361,335,400,412,107,222,,,408,406,,368,404,49,410,319,403,322,309,392,287,350,304,378,316,291,288,393,369,412,362,397,317,288,407,196,,407,,362,b'\x11\xe8\xe1I\xea\x1e\xc5b\x9a\xbe\x12\xdf\x17\xaeN\x1e'
11E8E149-EA1E-C562-9ABE-12DF17AE4E1E,2026-ncaa-d3-conf-USA South,genius_ncaa,7,8,3,7,3,2,4,3,6,5,5,5,2,2,4,2,2,3,8,3,3,3,3,5,5,5,2,1,8,3,8,7,9,5,10,4,3,6,2,4,2,3,6,7,,,9,10,,3,7,3,2,1,2,3,1,6,4,1,1,5,3,3,1,2,3,8,4,2,5,3,6,,10,,4,7,8,8,8,10,8,6,10,8,7,9,4,9,9,8,9,10,8,8,9,9,9,7,6,10,6,9,8,8,8,10,8,7,3,4,7,8,7,7,5,,,3,7,,2,7,8,5,9,7,10,10,9,10,6,7,6,10,10,10,9,9,5,10,10,8,1,9,5,,3,,2,b'\x11\xe8\xe1I\xea\x1e\xc5b\x9a\xbe\x12\xdf\x17\xaeN\x1e'
11E8E149-EA1E-C562-9ABE-12DF17AE4E1E,2026-ncaa-d3-natl,genius_ncaa,345,268,327,351,377,266,303,159,391,347,257,386,127,47,318,40,202,170,298,154,93,161,163,374,378,344,34,52,141,73,163,382,397,305,388,302,236,226,184,299,39,31,304,331,,,298,318,,130,351,197,2,388,60,130,1,246,56,26,2,55,29,20,1,1,7,379,102,171,369,4,240,,414,,204,367,299,301,124,412,351,234,406,82,22,409,4,344,348,231,341,327,154,228,408,410,355,49,14,305,234,397,328,163,303,388,309,241,41,15,124,346,355,354,390,,,288,377,,236,351,223,321,347,352,415,413,364,414,411,186,15,411,413,412,392,416,365,416,413,394,3,401,412,,88,,192,b'\x11\xe8\xe1I\xea\x1e\xc5b\x9a\xbe\x12\xdf\x17\xaeN\x1e'
11E8E149-EA23-44AC-9ABE-12DF17AE4E1E,2018-ncaa-d3-conf-SLIAC,ncaa,1,1,3,1,4,3,2,4,1,2,3,1,2,6,1,6,4,4,5,4,6,4,5,1,1,1,6,5,9,7,4,3,5,4,3,3,5,1,1,1,4,3,1,1,,,5,4,,,1,4,7,6,2,1,4,1,5,2,6,5,5,5,5,7,7,3,5,3,1,4,2,,4,,,1,2,3,6,2,4,6,3,4,6,3,7,1,1,2,1,2,5,5,2,2,2,5,8,2,6,5,2,4,5,3,1,3,2,3,2,1,1,1,1,,,4,5,,,1,5,1,2,1,1,2,4,1,3,3,6,1,1,1,3,5,6,2,3,1,3,1,1,,7,,,b'\x11\xe8\xe1I\xea#D\xac\x9a\xbe\x12\xdf\x17\xaeN\x1e'
11E8E149-EA23-44AC-9ABE-12DF17AE4E1E,2018-ncaa-d3-natl,ncaa,138,19,425,46,426,245,221,404,5,232,375,19,178,361,3,253,330,350,209,353,241,401,427,6,11,8,230,142,366,418,271,413,227,421,207,233,262,11,37,24,309,152,220,103,,,40,195,,,83,427,170,239,17,11,127,30,138,50,211,162,156,161,122,245,340,220,302,53,41,153,120,,201,,,44,16,33,16,283,29,14,326,155,138,261,372,25,23,98,23,115,14,16,306,273,241,231,355,64,45,227,14,271,14,207,32,83,365,153,148,17,111,15,33,,,417,199,,,83,17,11,232,48,233,286,250,233,166,340,352,72,89,83,206,242,229,101,145,174,149,102,44,,219,,,b'\x11\xe8\xe1I\xea#D\xac\x9a\xbe\x12\xdf\x17\xaeN\x1e'
11E8E149-EA23-44AC-9ABE-12DF17AE4E1E,2019-ncaa-d3-conf-SLIAC,ncaa,1,1,1,1,1,2,3,4,1,2,2,3,6,6,2,7,1,1,2,1,4,3,3,2,2,2,7,7,3,6,4,1,2,2,3,1,1,5,3,2,2,3,1,1,,,8,7,,,1,2,8,3,3,3,7,2,3,6,7,2,3,3,5,7,6,2,3,1,3,3,1,,6,,,1,1,2,9,1,1,2,1,7,10,1,10,3,2,5,2,4,9,9,1,1,1,9,10,4,7,2,6,4,7,3,4,6,2,3,2,3,2,9,8,,,3,4,,,1,9,2,1,1,1,1,3,1,1,5,7,2,2,2,3,3,4,2,3,1,3,2,9,,5,,,b'\x11\xe8\xe1I\xea#D\xac\x9a\xbe\x12\xdf\x17\xaeN\x1e'
11E8E149-EA23-44AC-9ABE-12DF17AE4E1E,2019-ncaa-d3-natl,ncaa,62,15,317,26,318,113,127,287,22,112,200,45,211,327,35,338,68,77,148,74,79,246,263,33,29,41,262,302,120,340,248,213,128,281,133,35,3,182,212,37,74,39,91,38,,,201,246,,,57,218,98,20,32,36,172,41,124,185,309,23,26,26,110,117,315,100,196,5,240,33,64,,289,,,43,78,88,113,113,49,42,192,316,390,99,422,85,86,208,88,213,93,162,152,127,78,365,401,141,116,128,70,248,74,133,223,379,102,62,121,159,179,303,283,,,201,158,,,57,194,71,71,57,141,147,231,100,55,353,410,117,114,125,195,308,173,116,127,276,58,208,335,,105,,,b'\x11\xe8\xe1I\xea#D\xac\x9a\xbe\x12\xdf\x17\xaeN\x1e'
11E8E149-EA23-44AC-9ABE-12DF17AE4E1E,2020-ncaa-d3-conf-SLIAC,ncaa,4,3,3,4,3,3,3,3,4,3,3,4,3,4,2,4,7,7,3,7,9,3,3,4,5,3,7,4,9,2,3,5,3,3,3,2,1,3,2,1,4,3,3,3,,,5,5,,,3,5,9,6,4,2,2,3,5,4,4,7,8,8,5,6,2,6,4,2,2,4,3,,4,,,3,2,3,4,3,1,3,2,6,6,8,6,5,4,9,4,5,2,3,5,5,5,8,8,5,5,3,4,3,5,3,6,7,4,3,6,6,7,10,9,,,6,9,,,3,5,2,4,3,3,3,2,2,2,6,6,5,4,4,2,1,4,5,4,5,5,6,10,,9,,,b'\x11\xe8\xe1I\xea#D\xac\x9a\xbe\x12\xdf\x17\xaeN\x1e'
11E8E149-EA23-44AC-9ABE-12DF17AE4E1E,2020-ncaa-d3-natl,ncaa,170,111,372,146,386,170,159,249,76,213,305,90,81,146,36,110,260,347,16,346,315,276,328,48,44,48,140,93,347,217,110,375,138,329,142,11,1,92,145,6,100,44,238,177,,,100,179,,,101,354,120,257,29,37,59,96,184,35,67,175,297,303,86,110,120,315,235,1,195,52,211,,198,,,88,89,100,38,322,70,37,290,304,179,401,350,105,45,427,48,176,30,59,366,376,250,347,381,148,31,138,48,110,28,142,300,412,133,43,210,253,309,354,377,,,390,392,,,101,80,48,209,95,249,240,142,158,85,363,299,182,94,94,116,226,77,156,114,352,53,333,401,,358,,,b'\x11\xe8\xe1I\xea#D\xac\x9a\xbe\x12\xdf\x17\xaeN\x1e'
11E8E149-EA23-44AC-9ABE-12DF17AE4E1E,2021-ncaa-d3-conf-SLIAC,ncaa,2,3,2,3,2,4,4,6,3,4,4,5,5,6,2,5,3,4,3,4,3,5,3,3,3,3,5,6,4,5,6,2,3,3,5,1,1,5,3,2,3,3,1,1,,,4,4,,,4,4,8,2,4,5,7,4,5,5,6,3,3,3,6,6,6,2,4,2,3,4,2,,3,,,4,4,4,4,2,4,4,4,7,8,2,8,4,5,4,5,5,5,5,2,2,2,7,8,4,5,3,4,6,4,5,5,7,4,5,5,6,6,7,6,,,5,5,,,4,5,3,4,4,3,3,4,3,3,7,8,3,4,4,3,2,5,3,4,5,5,5,7,,6,,,b'\x11\xe8\xe1I\xea#D\xac\x9a\xbe\x12\xdf\x17\xaeN\x1e'
11E8E149-EA23-44AC-9ABE-12DF17AE4E1E,2021-ncaa-d3-natl,ncaa,35,250,9,125,9,14,15,13,100,13,12,119,23,27,95,169,14,20,68,20,148,15,15,104,96,108,151,158,125,35,216,13,174,19,181,3,9,270,150,50,19,124,32,123,,,271,125,,,165,12,116,71,119,115,155,105,129,135,173,111,138,139,151,159,229,140,191,22,133,118,119,,148,,,148,278,278,278,181,278,273,204,277,278,136,196,262,263,107,263,111,277,275,183,165,171,111,164,86,274,174,275,216,275,181,283,229,18,158,203,271,171,283,239,,,24,199,,,165,274,134,175,147,176,194,197,181,153,193,202,119,125,118,183,179,183,132,151,230,135,159,246,,198,,,b'\x11\xe8\xe1I\xea#D\xac\x9a\xbe\x12\xdf\x17\xaeN\x1e'
11E8E149-EA23-44AC-9ABE-12DF17AE4E1E,2022-ncaa-d3-conf-SLIAC,ncaa,3,3,2,3,3,4,4,3,4,3,4,4,3,4,2,3,5,8,3,8,7,3,5,4,4,4,4,4,7,5,5,2,2,4,4,2,1,1,3,2,3,4,5,3,,,1,2,,,4,5,8,3,4,4,5,4,5,3,4,7,8,8,6,7,5,2,6,2,1,4,4,,1,,,4,7,6,5,5,2,2,2,8,8,8,8,1,1,4,1,2,5,4,6,7,7,8,8,1,4,2,6,5,5,4,7,7,8,7,7,2,3,4,3,,,8,7,,,4,4,4,7,4,5,4,5,2,1,8,8,1,1,1,3,1,2,4,3,5,8,2,3,,8,,,b'\x11\xe8\xe1I\xea#D\xac\x9a\xbe\x12\xdf\x17\xaeN\x1e'
11E8E149-EA23-44AC-9ABE-12DF17AE4E1E,2022-ncaa-d3-natl,ncaa,168,95,345,142,366,207,208,319,66,251,313,118,94,204,7,147,269,321,75,321,224,325,345,46,48,54,115,82,286,343,289,296,188,324,215,110,24,75,165,50,279,235,358,343,,,28,28,,,204,336,129,290,57,70,144,152,222,51,133,163,222,231,165,190,301,122,210,21,178,216,345,,33,,,203,207,243,144,325,119,75,297,414,349,414,407,35,29,238,29,65,104,88,376,352,373,363,423,21,115,188,79,289,83,215,249,239,358,327,360,88,180,63,117,,,366,308,,,204,91,77,362,201,359,366,363,251,180,424,418,57,45,45,325,273,232,198,205,345,299,189,101,,310,,,b'\x11\xe8\xe1I\xea#D\xac\x9a\xbe\x12\xdf\x17\xaeN\x1e'
11E8E149-EA23-44AC-9ABE-12DF17AE4E1E,2023-ncaa-d3-conf-SLIAC,ncaa,3,2,4,2,4,4,4,5,3,3,4,3,3,5,3,4,2,6,1,5,5,5,6,3,3,3,5,5,3,5,5,7,4,7,5,2,1,1,2,1,2,2,5,4,,,1,3,,,3,6,6,3,3,3,5,2,4,2,6,2,4,4,4,7,5,8,6,2,1,2,5,,2,,,3,2,5,3,8,5,1,8,6,7,5,7,1,1,4,1,2,1,2,8,7,5,4,7,1,1,4,3,5,1,5,6,6,2,2,4,1,2,7,7,,,6,7,,,3,3,3,4,3,4,6,3,4,2,6,6,1,1,1,1,1,1,3,1,7,2,1,7,,7,,,b'\x11\xe8\xe1I\xea#D\xac\x9a\xbe\x12\xdf\x17\xaeN\x1e'
11E8E149-EA23-44AC-9ABE-12DF17AE4E1E,2023-ncaa-d3-natl,ncaa,90,62,185,76,240,64,76,180,23,81,184,22,118,164,74,208,37,85,10,90,102,164,170,27,18,24,204,230,126,290,276,332,247,335,290,33,26,183,163,35,31,20,269,269,,,185,124,,,107,131,84,288,21,37,138,53,187,111,160,26,67,70,115,135,311,380,371,10,192,21,278,,186,,,104,329,372,178,415,376,142,426,252,275,169,316,108,105,183,102,144,149,278,413,404,287,73,190,56,164,247,167,276,158,290,343,235,44,29,145,230,214,213,203,,,224,266,,,107,304,40,253,103,318,353,196,359,142,252,280,97,99,93,160,301,160,176,160,317,28,239,213,,219,,,b'\x11\xe8\xe1I\xea#D\xac\x9a\xbe\x12\xdf\x17\xaeN\x1e'
11E8E149-EA23-44AC-9ABE-12DF17AE4E1E,2024-ncaa-d3-conf-SLIAC,ncaa,3,3,5,3,5,4,5,7,4,5,5,4,7,9,7,7,2,2,2,2,3,6,6,4,4,4,6,8,2,5,3,3,2,4,2,4,6,8,8,8,3,3,6,5,,,3,3,,,5,5,4,3,4,4,7,5,5,7,8,3,3,3,6,4,5,2,4,4,8,3,6,,4,,,4,4,4,3,5,3,2,5,9,9,9,9,2,3,5,4,7,3,5,5,5,4,9,9,5,2,2,1,3,2,2,4,5,3,4,5,7,7,6,7,,,3,3,,,5,5,4,4,4,4,4,4,4,4,9,9,4,4,6,4,6,2,2,2,4,3,7,6,,1,,,b'\x11\xe8\xe1I\xea#D\xac\x9a\xbe\x12\xdf\x17\xaeN\x1e'
11E8E149-EA23-44AC-9ABE-12DF17AE4E1E,2024-ncaa-d3-natl,ncaa,129,115,200,127,229,144,165,263,73,111,190,61,300,317,233,337,31,22,149,23,35,210,129,101,68,159,287,360,47,189,95,157,139,168,82,207,307,383,359,321,43,36,273,279,,,232,180,,,155,115,61,133,87,130,266,78,162,303,324,16,12,12,177,74,182,112,129,197,379,28,282,,250,,,157,258,254,203,264,225,175,282,308,294,264,299,217,254,92,259,286,212,294,278,262,166,275,289,173,163,139,50,95,75,82,177,102,67,70,75,361,328,200,190,,,77,83,,,155,316,170,140,158,267,266,238,231,178,313,312,226,257,272,249,328,170,54,74,177,47,349,206,,40,,,b'\x11\xe8\xe1I\xea#D\xac\x9a\xbe\x12\xdf\x17\xaeN\x1e'
11E8E149-EA23-44AC-9ABE-12DF17AE4E1E,2025-ncaa-d3-conf-SLIAC,genius_ncaa,5,5,6,5,6,6,6,8,5,6,6,5,9,10,7,10,1,1,3,1,3,6,7,5,5,4,6,10,1,7,5,3,2,5,1,7,5,5,6,7,7,6,7,6,,,3,3,,3,5,7,6,1,5,5,7,5,6,9,10,1,1,1,6,7,7,2,2,5,7,7,6,,3,,4,5,4,5,4,3,1,2,3,10,10,10,10,3,3,7,3,4,4,3,6,5,6,10,10,5,2,2,1,5,1,1,5,6,6,7,6,7,8,10,9,,,4,1,,5,5,4,4,6,5,6,6,7,4,5,9,9,3,3,3,6,3,5,4,3,6,6,8,10,,1,,5,b'\x11\xe8\xe1I\xea#D\xac\x9a\xbe\x12\xdf\x17\xaeN\x1e'
11E8E149-EA23-44AC-9ABE-12DF17AE4E1E,2025-ncaa-d3-natl,genius_ncaa,234,242,192,239,248,155,205,217,203,141,106,231,349,359,282,381,3,4,114,4,17,148,80,256,169,252,234,389,1,118,112,94,262,98,148,225,246,394,342,335,78,116,149,180,,,267,169,,294,240,72,29,258,105,199,179,112,76,361,371,2,4,4,84,31,91,40,49,221,380,73,153,,294,,311,240,343,316,363,154,240,281,146,377,368,294,308,270,295,107,289,254,365,360,196,180,177,340,350,190,334,262,188,112,269,148,311,254,100,172,189,403,376,401,361,,,16,23,,95,240,349,239,196,237,332,315,371,245,311,368,363,301,318,316,380,386,335,211,287,297,86,392,400,,4,,82,b'\x11\xe8\xe1I\xea#D\xac\x9a\xbe\x12\xdf\x17\xaeN\x1e'
11E8E149-EA23-44AC-9ABE-12DF17AE4E1E,2026-ncaa-d3-conf-SLIAC,genius_ncaa,2,3,1,3,1,3,3,4,7,5,3,8,3,5,2,8,4,3,9,3,4,3,2,7,6,8,5,6,4,3,4,1,4,1,4,5,7,8,7,7,5,7,7,9,,,6,5,,7,4,3,6,1,5,6,6,8,4,5,7,5,4,4,5,2,3,1,1,8,8,7,9,,3,,5,4,5,5,7,2,6,7,4,4,8,1,8,7,6,8,6,4,7,6,2,3,2,5,4,7,6,4,7,4,7,4,5,3,3,5,4,7,7,9,9,,,2,3,,1,4,7,8,2,4,3,3,7,4,6,2,8,5,4,4,7,6,6,5,6,4,4,7,9,,3,,2,b'\x11\xe8\xe1I\xea#D\xac\x9a\xbe\x12\xdf\x17\xaeN\x1e'
11E8E149-EA23-44AC-9ABE-12DF17AE4E1E,2026-ncaa-d3-natl,genius_ncaa,225,366,8,302,10,98,137,74,305,86,38,297,268,211,362,349,8,4,334,3,30,38,19,332,303,348,239,369,14,98,296,6,169,19,219,252,377,411,380,390,133,327,304,377,,,398,245,,347,369,9,58,77,319,344,349,261,207,368,354,52,17,16,264,99,269,60,137,380,387,289,368,,305,,269,330,404,394,405,190,398,399,298,312,402,27,271,404,398,329,398,272,408,402,152,195,246,147,98,300,374,169,395,296,386,219,392,259,74,321,312,407,369,408,359,,,2,13,,6,369,407,358,239,325,309,303,350,320,291,147,338,351,329,329,366,336,250,298,284,308,260,375,369,,8,,26,b'\x11\xe8\xe1I\xea#D\xac\x9a\xbe\x12\xdf\x17\xaeN\x1e'
11E8E149-EA27-D058-9ABE-12DF17AE4E1E,2018-ncaa-d3-conf-Midwest Conference,ncaa,9,9,5,9,6,7,7,7,9,7,4,10,6,6,6,7,3,3,4,3,3,6,8,9,8,6,4,5,2,7,9,9,9,9,10,9,10,3,3,9,7,7,3,2,,,4,5,,,9,8,5,4,8,8,6,8,5,5,6,1,1,1,5,8,8,9,10,10,2,8,3,,4,,,9,9,9,5,10,8,6,10,5,5,7,5,5,6,3,6,6,5,4,10,9,10,4,5,4,5,9,8,9,8,10,10,9,8,6,10,4,6,4,5,,,4,1,,,9,2,7,10,9,10,10,5,9,6,6,7,5,6,6,5,6,5,10,9,10,8,5,5,,2,,,"b""\x11\xe8\xe1I\xea'\xd0X\x9a\xbe\x12\xdf\x17\xaeN\x1e"""
11E8E149-EA27-D058-9ABE-12DF17AE4E1E,2018-ncaa-d3-conf-MWC,ncaa,9,9,5,9,6,7,7,7,9,7,4,10,6,6,6,7,3,3,4,3,3,6,8,9,8,6,4,5,2,7,9,9,9,9,10,9,10,3,3,9,7,7,3,2,,,4,5,,,9,8,5,4,8,8,6,8,5,5,6,1,1,1,5,8,8,9,10,10,2,8,3,,4,,,9,9,9,5,10,8,6,10,5,5,7,5,5,6,3,6,6,5,4,10,9,10,4,5,4,5,9,8,9,8,10,10,9,8,6,10,4,6,4,5,,,4,1,,,9,2,7,10,9,10,10,5,9,6,6,7,5,6,6,5,6,5,10,9,10,8,5,5,,2,,,"b""\x11\xe8\xe1I\xea'\xd0X\x9a\xbe\x12\xdf\x17\xaeN\x1e"""
11E8E149-EA27-D058-9ABE-12DF17AE4E1E,2018-ncaa-d3-natl,ncaa,364,279,425,353,428,397,405,425,283,389,406,317,393,403,258,336,263,327,61,334,137,423,433,301,240,212,199,326,28,428,404,430,345,429,396,423,438,13,119,338,399,288,298,188,,,35,211,,,316,433,318,303,279,330,341,293,230,321,350,62,124,127,306,378,394,403,424,419,77,304,197,,175,,,335,44,56,13,411,60,16,387,193,57,430,255,62,70,161,68,266,12,13,416,406,398,253,323,132,56,345,40,404,38,396,236,430,412,254,405,23,210,40,136,,,390,42,,,316,12,254,403,339,335,337,192,302,183,359,238,209,240,231,188,156,265,305,295,410,285,143,127,,130,,,"b""\x11\xe8\xe1I\xea'\xd0X\x9a\xbe\x12\xdf\x17\xaeN\x1e"""
11E8E149-EA27-D058-9ABE-12DF17AE4E1E,2019-ncaa-d3-conf-Midwest Conference,ncaa,8,8,5,8,7,9,10,8,10,9,9,8,8,3,10,3,7,3,9,3,1,7,8,10,10,10,4,7,2,6,8,6,10,6,9,10,10,6,7,10,4,4,4,4,,,9,9,,,9,8,4,5,9,10,6,9,9,8,3,7,3,3,5,6,4,6,6,10,7,3,4,,9,,,9,4,3,4,4,3,3,2,6,7,9,7,10,10,10,10,9,6,5,5,5,6,9,8,9,8,10,10,8,10,9,8,8,5,4,6,6,7,3,6,,,4,4,,,9,4,10,7,9,6,3,6,4,3,7,7,10,10,10,8,8,9,10,10,8,4,6,4,,2,,,"b""\x11\xe8\xe1I\xea'\xd0X\x9a\xbe\x12\xdf\x17\xaeN\x1e"""
11E8E149-EA27-D058-9ABE-12DF17AE4E1E,2019-ncaa-d3-conf-MWC,ncaa,8,8,5,8,7,9,10,8,10,9,9,8,8,3,10,3,7,3,9,3,1,7,8,10,10,10,4,7,2,6,8,6,10,6,9,10,10,6,7,10,4,4,4,4,,,9,9,,,9,8,4,5,9,10,6,9,9,8,3,7,3,3,5,6,4,6,6,10,7,3,4,,9,,,9,4,3,4,4,3,3,2,6,7,9,7,10,10,10,10,9,6,5,5,5,6,9,8,9,8,10,10,8,10,9,8,8,5,4,6,6,7,3,6,,,4,4,,,9,4,10,7,9,6,3,6,4,3,7,7,10,10,10,8,8,9,10,10,8,4,6,4,,2,,,"b""\x11\xe8\xe1I\xea'\xd0X\x9a\xbe\x12\xdf\x17\xaeN\x1e"""
11E8E149-EA27-D058-9ABE-12DF17AE4E1E,2019-ncaa-d3-natl,ncaa,338,274,390,336,394,405,412,408,398,406,416,308,364,228,431,74,306,258,374,255,23,402,405,397,385,385,141,235,44,373,352,380,246,390,337,432,439,111,313,425,273,186,190,90,,,214,416,,,345,406,296,64,392,409,363,395,395,326,106,208,122,114,326,288,280,252,288,434,272,193,119,,395,,,353,49,16,25,136,18,19,170,129,148,174,332,319,273,372,260,427,33,37,158,243,208,412,274,425,76,246,170,352,131,337,120,414,316,161,238,93,245,137,338,,,275,40,,,345,39,384,215,355,192,101,99,83,60,254,298,412,393,386,163,177,235,371,331,267,183,211,244,,76,,,"b""\x11\xe8\xe1I\xea'\xd0X\x9a\xbe\x12\xdf\x17\xaeN\x1e"""
11E8E149-EA27-D058-9ABE-12DF17AE4E1E,2020-ncaa-d3-conf-Midwest Conference,ncaa,8,8,5,8,6,6,7,7,7,7,8,7,9,6,9,5,3,3,7,3,1,6,6,8,7,8,6,8,1,4,4,5,7,4,4,10,10,4,4,9,9,10,3,4,,,3,4,,,8,6,4,2,6,7,5,6,7,9,5,3,2,2,3,3,3,3,3,10,4,9,2,,6,,,8,6,7,8,6,8,9,6,2,3,2,3,7,7,9,6,4,7,5,5,5,7,3,1,5,8,7,5,4,8,4,9,7,10,10,10,2,3,7,6,,,2,1,,,8,5,6,8,8,7,8,9,9,10,3,3,7,7,7,9,8,8,7,9,9,10,3,8,,1,,,"b""\x11\xe8\xe1I\xea'\xd0X\x9a\xbe\x12\xdf\x17\xaeN\x1e"""
11E8E149-EA27-D058-9ABE-12DF17AE4E1E,2020-ncaa-d3-conf-MWC,ncaa,8,8,5,8,6,6,7,7,7,7,8,7,9,6,9,5,3,3,7,3,1,6,6,8,7,8,6,8,1,4,4,5,7,4,4,10,10,4,4,9,9,10,3,4,,,3,4,,,8,6,4,2,6,7,5,6,7,9,5,3,2,2,3,3,3,3,3,10,4,9,2,,6,,,8,6,7,8,6,8,9,6,2,3,2,3,7,7,9,6,4,7,5,5,5,7,3,1,5,8,7,5,4,8,4,9,7,10,10,10,2,3,7,6,,,2,1,,,8,5,6,8,8,7,8,9,9,10,3,3,7,7,7,9,8,8,7,9,9,10,3,8,,1,,,"b""\x11\xe8\xe1I\xea'\xd0X\x9a\xbe\x12\xdf\x17\xaeN\x1e"""
11E8E149-EA27-D058-9ABE-12DF17AE4E1E,2020-ncaa-d3-natl,ncaa,285,218,398,273,402,329,356,394,240,325,375,189,339,320,345,240,139,129,235,131,20,378,398,251,213,213,184,311,24,286,155,346,225,333,179,418,437,65,205,375,411,394,134,90,,,105,281,,,282,408,262,133,217,275,285,239,273,287,231,33,25,24,205,209,147,167,159,416,213,397,70,,268,,,285,85,90,55,254,102,88,237,140,98,302,198,201,141,396,147,245,51,32,258,281,361,258,221,290,110,225,39,155,45,179,178,287,416,388,386,22,60,106,209,,,177,6,,,282,31,214,347,288,305,292,284,278,295,270,237,335,290,296,291,189,251,204,233,309,398,64,186,,12,,,"b""\x11\xe8\xe1I\xea'\xd0X\x9a\xbe\x12\xdf\x17\xaeN\x1e"""
11E8E149-EA27-D058-9ABE-12DF17AE4E1E,2022-ncaa-d3-conf-MWC,ncaa,7,7,7,7,7,6,7,7,7,7,8,5,3,2,6,2,8,8,5,8,5,7,7,6,7,6,3,2,7,8,8,5,7,7,7,5,4,4,6,6,7,9,6,8,,,3,7,,,7,7,6,1,6,7,4,7,8,2,2,8,9,9,8,7,7,2,6,5,5,8,5,,7,,,7,3,4,3,5,8,8,3,1,1,3,1,6,3,7,3,1,3,3,3,4,5,1,1,6,6,7,5,8,6,7,4,3,9,9,8,4,6,1,1,,,8,6,,,7,3,6,6,7,6,6,9,9,9,1,2,7,7,7,8,4,7,7,7,4,8,5,1,,7,,,"b""\x11\xe8\xe1I\xea'\xd0X\x9a\xbe\x12\xdf\x17\xaeN\x1e"""
11E8E149-EA27-D058-9ABE-12DF17AE4E1E,2022-ncaa-d3-natl,ncaa,302,182,405,267,405,388,393,408,246,398,414,170,258,254,238,61,378,399,116,399,183,409,413,209,210,206,97,89,238,411,395,387,204,403,335,397,390,20,220,304,392,315,331,303,,,71,361,,,267,411,290,45,265,282,292,326,377,107,81,269,325,330,321,347,395,210,339,355,169,314,275,,341,,,282,26,26,20,270,66,57,231,16,11,238,17,118,73,402,67,202,19,18,224,271,318,92,26,336,30,204,39,395,31,335,10,31,407,344,234,34,217,8,17,,,391,134,,,267,17,255,318,293,274,269,230,332,359,51,32,356,310,299,249,165,206,336,290,104,348,191,6,,213,,,"b""\x11\xe8\xe1I\xea'\xd0X\x9a\xbe\x12\xdf\x17\xaeN\x1e"""
11E8E149-EA27-D058-9ABE-12DF17AE4E1E,2023-ncaa-d3-conf-MWC,ncaa,5,3,5,5,9,8,7,9,5,7,9,5,2,2,2,2,9,9,6,9,8,9,9,4,4,5,3,2,9,9,9,4,4,5,5,7,6,2,6,6,9,9,3,5,,,1,1,,,4,9,8,9,7,6,9,7,8,2,2,9,8,8,9,8,9,2,5,7,4,9,3,,1,,,4,1,3,7,2,8,9,3,1,4,1,4,1,1,7,1,1,3,1,2,2,3,1,2,1,6,4,6,9,4,5,2,2,9,9,9,4,9,4,5,,,9,7,,,4,1,7,3,4,3,6,8,8,9,2,4,1,1,1,6,3,7,6,7,4,9,6,5,,8,,,"b""\x11\xe8\xe1I\xea'\xd0X\x9a\xbe\x12\xdf\x17\xaeN\x1e"""
11E8E149-EA27-D058-9ABE-12DF17AE4E1E,2023-ncaa-d3-natl,ncaa,289,198,408,262,412,385,380,411,205,396,418,139,219,238,200,40,368,386,219,387,87,410,414,150,153,203,59,61,224,414,409,357,121,396,260,386,314,39,284,296,420,417,299,241,,,19,97,,,244,412,290,422,294,303,376,351,404,109,94,282,301,309,374,383,416,54,275,324,201,423,225,,57,,,249,20,25,24,147,44,46,204,39,66,43,242,31,21,392,21,63,21,16,131,123,230,96,160,130,38,121,36,409,30,260,28,84,415,389,320,109,336,19,163,,,370,48,,,244,19,268,242,253,174,224,284,267,267,146,243,113,71,65,238,131,172,258,220,142,403,278,37,,149,,,"b""\x11\xe8\xe1I\xea'\xd0X\x9a\xbe\x12\xdf\x17\xaeN\x1e"""
11E8E149-EA27-D058-9ABE-12DF17AE4E1E,2024-ncaa-d3-conf-MWC,ncaa,4,2,5,4,5,4,4,5,2,7,8,2,1,1,2,2,4,4,4,4,1,5,8,2,2,2,1,2,7,7,7,3,5,4,5,4,2,2,4,3,8,9,2,3,,,1,1,,,4,6,6,1,4,4,3,7,8,1,1,3,4,4,4,7,7,1,3,3,3,8,2,,1,,,4,4,6,8,3,6,7,4,5,9,1,9,1,1,3,1,1,7,5,4,1,5,3,7,1,8,5,6,7,7,5,3,1,9,9,7,4,6,6,7,,,5,3,,,4,4,3,5,4,6,6,9,6,7,6,9,1,1,1,8,6,9,7,8,3,9,5,6,,4,,,"b""\x11\xe8\xe1I\xea'\xd0X\x9a\xbe\x12\xdf\x17\xaeN\x1e"""
11E8E149-EA27-D058-9ABE-12DF17AE4E1E,2024-ncaa-d3-natl,ncaa,184,139,345,164,347,247,283,363,150,333,388,155,117,167,58,78,173,193,181,191,25,352,375,103,92,101,42,65,119,395,405,149,191,306,280,291,300,54,174,201,381,383,186,161,,,46,61,,,171,360,241,13,168,230,324,309,378,63,96,96,103,97,274,335,405,14,180,257,123,379,141,,84,,,169,81,111,192,82,114,132,139,201,334,43,370,47,65,51,58,102,152,95,86,54,142,213,318,82,241,191,163,405,191,280,17,3,371,380,162,119,240,73,218,,,222,28,,,171,73,151,175,165,180,232,362,209,252,285,396,80,113,105,346,263,319,312,316,41,369,203,105,,79,,,"b""\x11\xe8\xe1I\xea'\xd0X\x9a\xbe\x12\xdf\x17\xaeN\x1e"""
11E8E149-EA27-D058-9ABE-12DF17AE4E1E,2025-ncaa-d3-conf-Midwest Conference,genius_ncaa,2,2,1,2,1,3,4,6,3,7,7,4,1,2,1,2,1,1,3,1,1,3,2,3,3,3,1,2,1,2,2,1,2,2,2,4,2,8,6,5,7,8,2,3,,,1,1,,9,2,1,6,1,3,6,7,7,8,1,2,1,1,1,7,6,4,1,2,5,4,9,2,,1,,9,2,3,5,9,2,5,9,2,3,6,3,2,1,1,3,1,1,9,8,2,1,2,1,5,1,6,2,3,2,4,2,2,2,9,9,5,7,5,7,7,,,1,1,,5,2,7,3,2,2,3,3,6,4,9,3,3,1,1,1,5,3,3,2,2,2,9,4,7,,1,,6,"b""\x11\xe8\xe1I\xea'\xd0X\x9a\xbe\x12\xdf\x17\xaeN\x1e"""
11E8E149-EA27-D058-9ABE-12DF17AE4E1E,2025-ncaa-d3-natl,genius_ncaa,82,75,116,87,139,117,209,283,134,324,370,164,31,67,23,43,12,18,107,14,2,211,202,63,39,65,6,31,13,252,242,12,18,65,28,182,142,214,226,201,348,365,70,78,,,72,60,,360,74,193,267,154,104,254,362,363,410,26,68,8,13,11,272,284,292,7,45,206,194,378,69,,33,,354,66,97,142,335,34,118,293,31,255,302,146,275,39,40,232,37,17,271,178,43,29,94,206,335,61,104,18,161,242,125,28,68,50,349,374,222,201,207,240,357,,,22,5,,209,74,225,86,79,66,74,116,282,97,254,227,273,24,20,21,219,112,88,110,92,58,391,185,224,,12,,215,"b""\x11\xe8\xe1I\xea'\xd0X\x9a\xbe\x12\xdf\x17\xaeN\x1e"""
11E8E149-EA27-D058-9ABE-12DF17AE4E1E,2026-ncaa-d3-conf-Midwest Conference,genius_ncaa,1,3,1,3,1,3,4,3,4,4,5,5,1,1,3,3,1,1,4,1,1,3,3,3,3,3,1,2,2,5,6,2,2,2,4,3,6,8,6,6,6,8,7,8,,,6,2,,4,4,3,8,2,5,6,7,9,9,1,3,2,1,1,7,7,6,2,5,6,4,8,7,,2,,2,4,7,8,7,5,8,7,6,8,9,5,6,5,6,3,5,2,7,7,6,4,4,1,8,1,4,2,8,6,7,4,5,2,4,6,4,7,4,6,8,,,1,1,,2,4,7,4,4,4,3,5,4,6,4,6,6,1,2,2,2,2,2,3,2,3,7,2,6,,1,,3,"b""\x11\xe8\xe1I\xea'\xd0X\x9a\xbe\x12\xdf\x17\xaeN\x1e"""
11E8E149-EA27-D058-9ABE-12DF17AE4E1E,2026-ncaa-d3-natl,genius_ncaa,157,329,8,257,9,55,109,100,208,221,225,236,8,19,57,27,45,60,102,63,39,87,77,126,98,138,8,11,145,291,399,62,164,132,310,148,296,326,236,268,271,376,334,379,,,271,102,,408,288,52,368,76,260,316,388,389,410,49,80,153,227,236,384,396,401,295,380,327,153,393,389,,54,,383,269,388,394,382,361,389,360,365,377,377,277,308,243,224,256,220,83,373,357,361,342,364,138,267,51,286,164,364,399,354,310,336,71,152,307,289,276,182,368,392,,,50,80,,39,288,366,203,341,272,256,303,175,284,146,272,272,72,47,50,139,69,119,193,149,189,352,122,281,,223,,99,"b""\x11\xe8\xe1I\xea'\xd0X\x9a\xbe\x12\xdf\x17\xaeN\x1e"""
11E8E149-EA2C-53E4-9ABE-12DF17AE4E1E,2018-ncaa-d3-conf-PAC,ncaa,4,4,1,4,3,5,5,5,4,4,4,4,6,7,3,8,1,2,2,1,5,5,5,5,4,5,8,8,6,1,2,7,6,4,2,6,8,5,4,5,4,3,2,3,,,2,3,,,4,6,10,3,5,5,5,4,4,6,7,1,2,1,5,5,1,7,4,6,5,4,3,,2,,,4,3,5,4,6,6,7,3,3,2,9,2,3,3,2,3,4,4,6,6,4,4,5,4,5,7,6,2,2,3,2,4,5,4,4,4,4,4,6,3,,,2,5,,,4,6,3,4,4,3,4,3,5,7,3,2,2,2,2,3,2,6,2,3,4,4,4,5,,2,,,"b'\x11\xe8\xe1I\xea,S\xe4\x9a\xbe\x12\xdf\x17\xaeN\x1e'"
11E8E149-EA2C-53E4-9ABE-12DF17AE4E1E,2018-ncaa-d3-natl,ncaa,89,138,43,126,59,74,70,83,85,63,75,105,182,236,97,329,67,84,111,79,210,81,73,96,90,111,285,293,177,32,16,217,216,89,53,134,322,340,228,230,37,36,75,94,,,242,153,,,109,110,311,303,115,117,209,98,148,234,317,113,149,145,191,201,50,387,203,208,226,50,118,,99,,,115,306,317,226,326,317,292,248,288,158,419,123,241,244,231,232,184,226,330,325,333,204,203,233,190,232,216,109,16,138,53,277,175,55,50,94,260,159,348,228,,,57,136,,,109,341,63,188,113,138,165,50,181,138,196,72,138,124,117,46,97,116,17,41,166,84,164,282,,134,,,"b'\x11\xe8\xe1I\xea,S\xe4\x9a\xbe\x12\xdf\x17\xaeN\x1e'"
11E8E149-EA2C-53E4-9ABE-12DF17AE4E1E,2019-ncaa-d3-conf-PAC,ncaa,3,3,2,3,4,5,4,2,7,3,2,7,6,6,7,6,7,9,4,9,9,2,4,8,8,7,9,6,8,1,1,8,4,3,4,6,8,3,3,7,4,3,2,1,,,3,4,,,3,6,8,6,6,4,3,4,2,6,6,9,9,9,4,5,1,9,6,6,3,4,2,,3,,,3,2,2,1,5,4,2,4,2,1,7,2,3,4,3,4,6,1,3,6,5,2,5,4,5,1,4,4,1,4,4,4,8,1,1,2,5,3,9,6,,,5,6,,,3,4,4,2,3,2,2,1,3,2,2,1,2,4,4,1,2,1,3,3,4,1,5,8,,6,,,"b'\x11\xe8\xe1I\xea,S\xe4\x9a\xbe\x12\xdf\x17\xaeN\x1e'"
11E8E149-EA2C-53E4-9ABE-12DF17AE4E1E,2019-ncaa-d3-natl,ncaa,101,185,8,151,15,65,47,18,192,33,17,200,184,154,277,304,180,197,142,198,400,26,23,229,248,217,371,315,346,16,44,97,120,32,92,130,365,341,156,216,57,82,77,87,,,308,172,,,98,39,362,237,208,153,120,101,92,306,296,318,356,354,161,204,48,349,151,258,157,124,126,,96,,,110,307,263,282,214,231,271,182,310,264,330,215,329,351,128,350,316,314,389,231,231,113,306,261,276,208,120,376,44,333,92,351,370,30,40,101,319,166,334,139,,,86,297,,,98,401,151,92,112,59,58,14,68,44,149,85,169,182,182,17,48,45,139,90,177,87,157,197,,282,,,"b'\x11\xe8\xe1I\xea,S\xe4\x9a\xbe\x12\xdf\x17\xaeN\x1e'"
11E8E149-EA2C-53E4-9ABE-12DF17AE4E1E,2020-ncaa-d3-conf-PAC,ncaa,1,1,2,1,2,1,1,1,2,1,1,3,6,5,4,9,5,6,5,6,9,1,3,2,4,2,9,8,7,1,1,6,4,4,2,2,8,2,2,2,1,1,3,3,,,5,4,,,1,3,3,1,2,2,1,2,1,6,7,6,7,7,1,3,1,7,4,3,2,1,3,,5,,,1,1,1,1,2,2,2,2,1,2,2,4,4,4,1,4,5,1,7,2,2,1,5,3,6,2,4,5,1,4,2,3,7,1,1,1,2,2,9,6,,,5,7,,,1,7,2,1,1,1,1,1,2,3,1,1,2,4,4,1,5,3,4,3,3,1,2,9,,5,,,"b'\x11\xe8\xe1I\xea,S\xe4\x9a\xbe\x12\xdf\x17\xaeN\x1e'"
11E8E149-EA2C-53E4-9ABE-12DF17AE4E1E,2020-ncaa-d3-natl,ncaa,9,9,26,8,31,19,7,12,35,7,9,63,167,197,142,341,139,149,177,154,399,16,21,71,95,74,399,337,384,29,44,108,182,48,87,56,326,286,106,104,11,11,162,176,,,308,144,,,6,25,115,98,25,8,24,4,16,229,276,218,248,259,34,53,46,259,102,93,194,12,209,,178,,,7,100,113,227,66,117,237,75,158,216,90,218,178,192,163,202,185,226,410,63,54,9,243,238,252,255,182,303,44,295,87,134,183,6,7,8,183,57,376,188,,,120,352,,,6,412,50,8,10,21,35,59,54,95,86,105,105,100,108,42,276,154,142,136,73,8,109,322,,247,,,"b'\x11\xe8\xe1I\xea,S\xe4\x9a\xbe\x12\xdf\x17\xaeN\x1e'"
11E8E149-EA2C-53E4-9ABE-12DF17AE4E1E,2021-ncaa-d3-conf-PAC,ncaa,2,2,3,2,3,2,2,2,3,1,1,2,7,4,6,8,6,7,3,7,10,3,3,4,4,4,10,9,9,1,2,6,4,3,4,2,4,3,1,2,1,1,7,5,,,7,6,,,1,4,2,2,1,1,2,1,1,6,4,6,7,7,2,2,1,6,1,2,3,1,7,,8,,,1,3,3,3,3,2,5,3,4,3,8,2,5,5,3,4,7,3,6,3,3,1,6,6,8,2,4,7,2,5,4,2,3,1,1,1,3,1,7,3,,,8,9,,,1,7,3,1,2,2,2,2,3,5,4,2,6,6,6,3,8,3,6,5,2,1,2,7,,9,,,"b'\x11\xe8\xe1I\xea,S\xe4\x9a\xbe\x12\xdf\x17\xaeN\x1e'"
11E8E149-EA2C-53E4-9ABE-12DF17AE4E1E,2021-ncaa-d3-natl,ncaa,50,58,112,54,115,67,54,64,52,41,59,33,106,94,178,175,131,138,89,138,255,71,80,71,87,73,259,208,260,39,31,109,102,77,59,57,152,157,65,51,22,7,110,115,,,161,80,,,19,92,17,32,12,4,5,4,7,119,81,156,183,188,8,8,13,86,19,19,145,3,119,,144,,,16,128,126,148,60,122,153,45,150,141,185,124,143,155,57,151,139,143,186,68,67,21,189,205,147,155,102,176,31,163,59,107,49,36,8,7,174,118,197,123,,,148,272,,,19,192,46,19,23,64,62,100,59,119,143,105,110,132,119,93,244,134,177,157,34,6,176,211,,221,,,"b'\x11\xe8\xe1I\xea,S\xe4\x9a\xbe\x12\xdf\x17\xaeN\x1e'"
11E8E149-EA2C-53E4-9ABE-12DF17AE4E1E,2022-ncaa-d3-conf-PAC,ncaa,3,2,3,3,5,3,1,2,3,1,1,3,5,6,3,8,4,4,6,4,9,2,2,3,4,4,9,8,8,1,1,5,4,1,2,2,5,6,4,2,2,2,4,5,,,10,10,,,2,2,2,10,2,1,2,1,1,5,7,5,5,6,2,2,1,5,1,2,5,2,4,,10,,,2,7,5,7,5,7,8,5,1,3,3,2,10,9,5,9,9,7,9,4,5,3,4,1,10,7,4,7,1,7,2,5,5,2,2,2,5,2,9,4,,,3,8,,,2,9,2,3,2,5,5,4,5,5,2,1,9,9,9,5,9,5,5,5,4,2,5,8,,4,,,"b'\x11\xe8\xe1I\xea,S\xe4\x9a\xbe\x12\xdf\x17\xaeN\x1e'"
11E8E149-EA2C-53E4-9ABE-12DF17AE4E1E,2022-ncaa-d3-natl,ncaa,96,129,61,115,106,39,28,18,126,25,11,151,140,154,152,306,124,135,160,131,380,18,16,155,175,165,345,290,334,9,27,82,182,32,96,48,188,343,143,121,20,25,125,161,,,420,372,,,71,26,36,422,35,21,12,20,17,200,218,184,194,187,12,15,11,139,30,49,257,21,164,,401,,,74,333,274,293,169,283,327,143,219,222,206,123,411,413,176,415,384,336,401,167,199,102,288,148,393,300,182,347,27,346,96,241,169,20,28,41,316,158,373,192,,,116,364,,,71,401,112,98,95,212,150,149,172,214,140,122,376,378,380,217,357,206,250,236,153,27,244,340,,214,,,"b'\x11\xe8\xe1I\xea,S\xe4\x9a\xbe\x12\xdf\x17\xaeN\x1e'"
11E8E149-EA2C-53E4-9ABE-12DF17AE4E1E,2023-ncaa-d3-conf-PAC,ncaa,4,3,5,3,8,3,1,2,4,1,1,4,10,8,7,10,1,1,4,1,5,2,2,5,5,3,10,10,2,1,1,4,2,2,1,5,8,1,1,4,3,2,5,4,,,8,9,,,4,3,4,11,2,1,2,1,1,10,8,1,1,1,2,2,1,5,1,4,3,3,5,,8,,,3,3,3,1,5,3,2,3,5,2,8,5,7,9,3,9,10,2,5,5,6,4,9,8,9,2,2,6,1,3,1,2,3,3,2,3,2,2,8,4,,,1,4,,,4,8,3,4,4,5,4,2,3,3,7,3,9,10,10,5,6,2,6,4,3,3,2,8,,1,,,"b'\x11\xe8\xe1I\xea,S\xe4\x9a\xbe\x12\xdf\x17\xaeN\x1e'"
11E8E149-EA2C-53E4-9ABE-12DF17AE4E1E,2023-ncaa-d3-natl,ncaa,152,171,109,168,147,83,60,27,206,34,12,224,309,266,326,377,100,69,276,66,338,28,35,267,273,209,389,381,212,14,35,50,135,15,77,86,253,170,52,99,47,60,82,94,,,293,194,,,96,61,76,206,69,50,8,22,8,330,305,103,73,66,8,19,8,28,7,93,147,47,94,,266,,,97,244,208,303,107,180,266,85,304,295,236,243,304,326,97,333,305,333,354,116,111,96,320,293,292,261,135,374,35,354,77,202,170,79,113,95,170,71,414,274,,,118,311,,,96,359,137,98,106,194,168,257,141,214,265,261,279,311,323,277,324,220,338,301,170,88,139,408,,130,,,"b'\x11\xe8\xe1I\xea,S\xe4\x9a\xbe\x12\xdf\x17\xaeN\x1e'"
11E8E149-EA2C-53E4-9ABE-12DF17AE4E1E,2024-ncaa-d3-conf-PAC,ncaa,8,5,10,8,10,8,7,6,7,6,5,7,7,7,8,7,9,10,8,10,10,6,7,9,9,8,7,7,9,2,1,6,2,4,2,5,7,4,5,4,7,4,7,6,,,2,7,,,6,10,7,5,6,5,2,4,2,7,7,8,9,9,3,2,1,5,1,4,6,6,6,,6,,,6,2,3,2,5,3,1,5,6,3,8,10,3,3,5,3,8,1,2,7,6,7,9,9,5,2,2,3,1,2,2,5,5,8,4,8,4,4,8,7,,,10,11,,,6,2,5,6,7,6,6,5,5,5,9,9,6,6,6,5,5,3,6,4,5,5,7,8,,10,,,"b'\x11\xe8\xe1I\xea,S\xe4\x9a\xbe\x12\xdf\x17\xaeN\x1e'"
11E8E149-EA2C-53E4-9ABE-12DF17AE4E1E,2024-ncaa-d3-natl,ncaa,251,232,296,255,310,226,178,113,258,153,106,248,228,182,310,230,358,350,321,350,402,143,154,270,325,278,335,242,396,40,53,102,85,66,73,150,121,201,172,156,208,184,105,77,,,189,222,,,201,247,118,119,186,110,19,95,48,211,144,363,347,345,33,39,14,16,8,93,249,160,84,,265,,,202,145,138,180,122,101,108,150,319,345,199,366,169,212,78,209,283,179,164,163,146,162,346,369,198,141,85,271,53,211,73,195,249,241,227,221,236,208,391,329,,,383,423,,,201,187,229,149,198,219,204,298,154,166,355,379,224,264,258,293,287,186,330,287,227,189,276,406,,398,,,"b'\x11\xe8\xe1I\xea,S\xe4\x9a\xbe\x12\xdf\x17\xaeN\x1e'"
11E8E149-EA2C-53E4-9ABE-12DF17AE4E1E,2025-ncaa-d3-conf-PAC,genius_ncaa,4,4,3,4,3,7,4,4,6,5,6,6,5,5,5,4,11,11,9,11,11,4,4,5,6,6,8,4,11,4,4,7,5,7,6,4,3,7,7,6,3,3,7,7,,,8,8,,3,6,5,7,3,8,5,5,6,5,5,4,11,11,11,7,6,4,7,6,3,7,3,8,,9,,3,6,5,4,2,5,3,3,4,7,7,5,8,8,7,9,8,8,2,7,5,5,4,10,9,8,5,5,4,4,4,6,6,7,3,2,4,7,8,7,6,,,11,11,,8,6,7,6,4,6,4,4,3,4,3,5,6,9,7,7,3,6,5,5,5,5,3,7,7,,11,,8,"b'\x11\xe8\xe1I\xea,S\xe4\x9a\xbe\x12\xdf\x17\xaeN\x1e'"
11E8E149-EA2C-53E4-9ABE-12DF17AE4E1E,2025-ncaa-d3-natl,genius_ncaa,121,118,116,129,133,128,87,61,152,106,114,149,87,76,149,124,349,365,220,364,409,108,85,138,188,190,259,124,415,106,192,76,143,84,188,87,157,283,199,161,86,110,183,212,,,175,101,,107,167,84,89,78,121,63,43,102,123,89,87,387,397,397,85,85,108,57,64,73,252,93,204,,145,,99,170,292,298,341,169,249,253,186,347,359,234,332,160,124,317,131,113,316,335,202,175,154,258,331,122,242,143,363,192,335,188,248,155,90,126,139,350,299,227,169,,,357,415,,309,167,341,182,151,166,237,256,291,203,205,314,339,128,100,109,263,305,210,328,299,219,96,321,216,,404,,329,"b'\x11\xe8\xe1I\xea,S\xe4\x9a\xbe\x12\xdf\x17\xaeN\x1e'"
11E8E149-EA2C-53E4-9ABE-12DF17AE4E1E,2026-ncaa-d3-conf-PAC,genius_ncaa,1,1,1,1,12,3,4,11,2,3,8,2,4,8,2,8,1,1,6,1,2,6,6,2,2,2,5,8,2,4,3,2,4,3,1,2,5,9,10,6,12,12,9,8,,,6,7,,3,3,6,6,12,3,4,11,3,8,4,8,1,1,1,6,6,4,2,3,2,9,12,9,,6,,3,3,7,7,11,4,4,3,4,12,12,8,12,1,1,1,1,2,10,8,5,5,7,11,12,1,8,4,2,3,3,1,9,10,11,10,12,7,7,1,2,,,2,2,,6,3,7,2,7,3,7,7,11,4,3,12,12,1,1,1,10,8,8,2,3,9,11,7,1,,2,,6,"b'\x11\xe8\xe1I\xea,S\xe4\x9a\xbe\x12\xdf\x17\xaeN\x1e'"
11E8E149-EA2C-53E4-9ABE-12DF17AE4E1E,2026-ncaa-d3-natl,genius_ncaa,54,68,116,75,205,86,100,121,150,150,189,140,50,56,108,85,96,86,248,87,95,114,135,122,128,116,89,83,222,137,188,89,69,105,114,125,264,212,126,145,174,223,195,213,,,223,177,,45,117,131,97,387,60,92,81,171,237,51,54,109,96,95,73,109,155,65,91,148,165,206,231,,185,,45,118,258,264,259,212,223,199,237,334,351,229,365,187,160,268,155,156,249,263,245,235,219,299,350,117,155,69,265,188,237,114,299,292,133,169,230,257,198,320,326,,,138,227,,262,117,281,113,177,130,240,235,239,171,136,339,353,137,115,103,210,243,119,258,187,288,141,219,325,,160,,296,"b'\x11\xe8\xe1I\xea,S\xe4\x9a\xbe\x12\xdf\x17\xaeN\x1e'"
11E8E149-EA31-03F8-9ABE-12DF17AE4E1E,2018-ncaa-d3-conf-ODAC,ncaa,4,4,7,4,8,6,5,7,2,3,3,2,12,12,9,12,9,10,2,10,10,8,8,4,4,5,12,12,9,10,9,10,3,10,4,6,8,5,6,4,3,2,8,5,,,3,4,,,3,8,5,5,5,4,6,1,2,12,12,9,10,10,8,6,10,6,9,4,6,2,7,,3,,,3,2,2,2,3,1,1,3,9,10,8,11,2,2,5,2,5,2,3,5,4,2,10,10,2,2,3,3,9,2,4,3,9,3,3,4,5,5,8,5,,,10,9,,,3,5,5,2,3,2,3,4,1,2,10,10,2,2,2,2,4,2,4,3,5,3,6,9,,10,,,b'\x11\xe8\xe1I\xea1\x03\xf8\x9a\xbe\x12\xdf\x17\xaeN\x1e'
11E8E149-EA31-03F8-9ABE-12DF17AE4E1E,2018-ncaa-d3-natl,ncaa,114,68,305,86,326,197,144,304,23,48,91,46,415,428,274,440,230,302,44,305,402,314,333,85,70,85,440,438,267,321,190,261,120,299,110,143,213,118,192,103,137,88,269,218,,,60,78,,,68,323,247,138,122,55,216,7,28,422,438,186,282,288,235,271,304,170,250,86,172,109,261,,64,,,53,25,39,67,66,30,57,79,198,223,138,353,46,49,138,47,110,54,81,84,64,45,279,356,113,83,120,41,190,45,110,51,147,136,73,61,99,148,244,147,,,362,327,,,68,106,115,39,56,54,73,121,55,93,228,276,49,56,53,73,147,117,61,79,82,93,127,291,,351,,,b'\x11\xe8\xe1I\xea1\x03\xf8\x9a\xbe\x12\xdf\x17\xaeN\x1e'
11E8E149-EA31-03F8-9ABE-12DF17AE4E1E,2019-ncaa-d3-conf-ODAC,ncaa,1,1,5,1,9,9,10,11,3,7,8,3,13,13,11,12,5,7,2,7,5,11,10,5,4,6,13,13,2,9,6,2,1,6,1,8,6,10,11,10,6,6,8,8,,,1,1,,,3,10,11,6,8,9,11,5,8,13,12,5,6,6,10,10,9,1,3,8,11,6,8,,1,,,2,1,2,6,1,2,7,1,5,5,5,9,1,1,1,1,1,4,3,1,1,1,5,10,1,2,1,1,6,1,1,1,4,9,7,5,4,9,4,4,,,6,2,,,3,4,7,1,2,1,2,7,2,9,5,8,1,1,1,2,1,3,1,1,2,9,6,4,,4,,,b'\x11\xe8\xe1I\xea1\x03\xf8\x9a\xbe\x12\xdf\x17\xaeN\x1e'
11E8E149-EA31-03F8-9ABE-12DF17AE4E1E,2019-ncaa-d3-natl,ncaa,62,46,129,59,165,209,211,332,71,141,197,88,360,388,210,381,99,146,74,144,142,307,285,117,82,147,349,390,74,298,181,75,40,138,46,223,274,315,337,283,220,215,158,180,,,29,28,,,102,269,369,186,243,242,405,147,242,378,406,100,152,150,395,372,334,45,135,261,278,247,166,,14,,,100,61,113,242,61,153,302,53,118,152,130,162,29,38,35,36,20,167,140,53,25,58,78,230,47,105,40,57,181,62,46,65,79,291,274,156,239,278,183,183,,,127,48,,,102,178,168,51,90,33,92,196,127,268,98,116,14,25,24,111,59,85,32,40,62,341,216,166,,132,,,b'\x11\xe8\xe1I\xea1\x03\xf8\x9a\xbe\x12\xdf\x17\xaeN\x1e'
11E8E149-EA31-03F8-9ABE-12DF17AE4E1E,2020-ncaa-d3-conf-ODAC,ncaa,4,7,1,7,1,6,3,5,2,2,2,4,7,10,2,11,8,7,6,7,10,5,5,3,4,3,11,9,12,7,7,4,7,6,7,7,11,5,6,7,5,5,11,11,,,1,1,,,5,5,13,6,8,7,12,6,7,9,11,10,11,11,13,13,10,11,10,8,2,6,12,,1,,,5,4,9,9,4,2,4,7,13,13,7,13,1,1,12,1,1,8,8,6,5,4,9,13,2,7,7,5,7,5,7,6,8,5,5,7,5,5,10,7,,,5,4,,,5,9,5,7,4,1,2,1,2,1,10,11,1,1,1,1,1,5,2,3,3,7,1,7,,9,,,b'\x11\xe8\xe1I\xea1\x03\xf8\x9a\xbe\x12\xdf\x17\xaeN\x1e'
11E8E149-EA31-03F8-9ABE-12DF17AE4E1E,2020-ncaa-d3-natl,ncaa,118,136,65,136,113,208,167,257,91,103,126,121,318,367,136,376,257,260,244,260,329,261,287,136,149,156,376,348,296,271,231,114,50,187,111,268,383,156,196,249,227,185,339,328,,,19,21,,,119,279,426,303,281,240,390,136,207,351,397,320,327,331,392,419,340,191,279,329,95,273,371,,6,,,123,69,110,172,95,84,113,123,271,320,136,369,32,33,121,32,61,111,105,121,94,107,264,372,56,95,50,145,231,110,111,107,140,257,222,169,136,166,259,215,,,194,120,,,119,136,176,94,124,23,58,66,46,39,220,257,13,13,11,24,12,55,71,47,74,332,90,222,,278,,,b'\x11\xe8\xe1I\xea1\x03\xf8\x9a\xbe\x12\xdf\x17\xaeN\x1e'
11E8E149-EA31-03F8-9ABE-12DF17AE4E1E,2021-ncaa-d3-natl,ncaa,251,28,273,251,275,279,279,276,272,285,282,282,261,266,102,7,274,281,5,280,90,276,276,256,242,222,1,2,60,284,282,281,240,283,282,271,1,8,112,88,267,53,262,116,,,16,277,,,156,274,4,110,168,241,22,282,244,4,3,84,184,156,27,31,270,241,274,54,152,21,48,,284,,,241,9,8,6,253,10,11,228,1,1,5,1,22,18,279,18,264,8,10,185,263,194,24,1,282,5,240,12,282,11,282,5,14,268,21,14,6,109,3,12,,,280,241,,,156,11,247,182,233,267,214,119,274,279,1,1,285,284,283,231,279,204,284,280,80,7,136,8,,179,,,b'\x11\xe8\xe1I\xea1\x03\xf8\x9a\xbe\x12\xdf\x17\xaeN\x1e'
11E8E149-EA31-03F8-9ABE-12DF17AE4E1E,2022-ncaa-d3-conf-ODAC,ncaa,9,9,5,9,6,7,7,9,6,8,10,7,3,6,3,4,5,4,6,4,1,9,9,6,6,6,2,3,3,7,5,7,8,7,8,8,8,10,12,9,7,6,7,6,,,7,6,,,9,9,10,4,9,10,12,11,11,4,7,4,4,4,12,12,9,7,9,9,10,7,6,,7,,,9,10,8,7,9,5,4,8,11,11,10,12,6,9,3,9,9,7,5,9,9,10,11,11,3,8,8,3,5,5,8,10,7,9,7,10,8,10,7,10,,,5,7,,,9,4,7,10,9,9,9,6,7,5,12,11,6,7,7,6,4,6,1,5,9,9,9,8,,9,,,b'\x11\xe8\xe1I\xea1\x03\xf8\x9a\xbe\x12\xdf\x17\xaeN\x1e'
11E8E149-EA31-03F8-9ABE-12DF17AE4E1E,2022-ncaa-d3-natl,ncaa,328,318,300,340,304,326,346,371,245,353,371,267,228,277,123,181,200,184,226,176,28,358,339,217,195,262,81,160,45,291,173,329,287,325,205,360,346,273,369,367,271,229,269,225,,,92,152,,,303,349,339,52,312,347,401,361,374,199,235,111,89,84,378,316,248,299,285,359,335,242,270,,137,,,302,168,155,112,255,86,56,282,369,329,337,396,126,166,82,155,322,104,90,311,292,320,384,397,153,192,287,53,173,77,205,207,253,349,314,323,266,338,221,353,,,306,178,,,303,83,266,330,303,271,248,216,143,65,407,396,205,249,244,217,153,259,71,140,271,327,311,280,,235,,,b'\x11\xe8\xe1I\xea1\x03\xf8\x9a\xbe\x12\xdf\x17\xaeN\x1e'
11E8E149-EA31-03F8-9ABE-12DF17AE4E1E,2023-ncaa-d3-conf-ODAC,ncaa,5,4,6,4,8,4,4,3,3,4,5,3,5,8,3,10,7,6,9,7,9,5,3,2,3,4,8,8,10,4,4,11,10,7,8,6,9,12,10,8,1,1,3,2,,,10,7,,,6,3,2,5,2,2,4,4,5,4,8,6,4,5,5,3,3,10,7,6,11,1,2,,11,,,6,6,6,5,8,7,6,6,7,2,11,1,9,9,6,9,9,4,11,9,9,5,7,6,9,10,10,4,4,6,8,6,8,1,1,2,11,9,3,2,,,11,12,,,6,11,6,6,6,8,8,4,8,8,8,2,10,12,12,5,13,10,6,7,7,1,10,3,,9,,,b'\x11\xe8\xe1I\xea1\x03\xf8\x9a\xbe\x12\xdf\x17\xaeN\x1e'
11E8E149-EA31-03F8-9ABE-12DF17AE4E1E,2023-ncaa-d3-natl,ncaa,56,43,109,50,162,81,89,126,66,91,130,85,135,197,62,267,56,52,183,59,117,114,60,69,65,130,219,232,149,116,84,263,344,190,215,169,322,395,333,298,7,6,39,38,,,372,289,,,90,58,46,288,65,74,151,87,143,151,224,60,56,62,121,59,123,344,240,190,361,6,42,,368,,,87,237,194,205,188,220,271,128,176,120,326,81,353,376,105,370,348,254,384,173,197,56,264,161,355,345,344,130,84,221,215,148,121,11,14,11,346,270,101,61,,,139,280,,,90,378,133,69,91,184,153,136,175,220,154,85,343,362,359,192,362,324,80,178,130,12,308,81,,152,,,b'\x11\xe8\xe1I\xea1\x03\xf8\x9a\xbe\x12\xdf\x17\xaeN\x1e'
11E8E149-EA31-03F8-9ABE-12DF17AE4E1E,2024-ncaa-d3-conf-ODAC,ncaa,4,3,7,4,8,2,3,3,3,4,4,6,3,3,1,5,5,3,9,2,4,3,2,2,2,5,2,2,9,3,4,9,12,6,9,4,6,13,11,7,1,1,5,5,,,13,12,,,4,2,1,3,2,2,1,4,3,3,3,3,3,2,1,1,3,9,5,2,13,1,4,,13,,,4,12,10,9,10,10,10,10,5,5,4,4,13,13,6,13,12,11,12,9,9,7,4,3,13,13,12,5,4,10,9,12,11,1,1,5,13,10,10,9,,,4,8,,,4,12,3,8,5,11,11,12,12,10,5,7,12,13,13,12,13,12,9,9,11,1,12,9,,1,,,b'\x11\xe8\xe1I\xea1\x03\xf8\x9a\xbe\x12\xdf\x17\xaeN\x1e'
11E8E149-EA31-03F8-9ABE-12DF17AE4E1E,2024-ncaa-d3-natl,ncaa,89,66,200,81,219,74,106,94,120,153,165,172,39,86,21,139,107,61,318,54,76,84,55,90,106,174,86,78,248,50,54,236,380,133,226,123,230,389,322,276,10,11,68,93,,,423,392,,,104,52,11,65,24,47,39,135,134,27,69,78,39,33,24,11,32,231,83,92,387,8,57,,425,,,97,266,213,238,153,301,311,209,45,108,16,55,403,414,150,414,382,300,388,110,154,48,133,21,404,392,380,220,54,324,226,217,229,14,18,27,361,275,238,224,,,70,217,,,104,371,143,78,120,279,221,280,299,336,39,107,410,417,417,341,413,389,238,331,225,10,349,257,,34,,,b'\x11\xe8\xe1I\xea1\x03\xf8\x9a\xbe\x12\xdf\x17\xaeN\x1e'
11E8E149-EA31-03F8-9ABE-12DF17AE4E1E,2025-ncaa-d3-conf-ODAC,genius_ncaa,5,5,5,5,5,4,4,4,6,4,2,8,10,10,5,12,2,2,9,2,4,4,2,8,6,6,10,11,1,2,2,6,10,4,5,5,11,13,9,10,1,1,4,5,,,13,11,,5,5,2,1,5,2,3,2,2,1,11,11,1,1,1,2,1,2,8,2,5,11,1,4,,12,,7,5,9,9,11,8,11,11,11,2,5,2,2,7,10,4,10,7,11,12,6,6,4,2,2,9,11,10,3,2,8,5,11,9,1,1,5,13,10,13,11,,,2,4,,10,5,12,5,6,5,7,8,8,10,10,1,5,7,9,9,8,12,11,5,7,11,1,12,13,,2,,10,b'\x11\xe8\xe1I\xea1\x03\xf8\x9a\xbe\x12\xdf\x17\xaeN\x1e'
11E8E149-EA31-03F8-9ABE-12DF17AE4E1E,2025-ncaa-d3-natl,genius_ncaa,141,155,116,156,166,86,92,68,155,58,46,172,261,260,237,351,24,10,263,10,80,47,31,194,181,211,294,354,62,14,10,204,350,72,139,216,377,374,262,314,9,9,83,86,,,387,314,,388,83,55,44,258,49,66,51,35,29,285,292,15,8,7,28,19,10,257,48,249,344,6,86,,387,,393,75,225,234,251,178,280,276,213,113,192,80,147,260,283,127,283,250,267,378,158,148,39,130,101,249,375,350,214,10,311,139,188,151,11,13,22,351,238,418,401,,,53,186,,155,83,365,150,63,94,176,184,199,234,221,102,158,249,270,274,215,371,350,171,276,164,8,323,418,,36,,178,b'\x11\xe8\xe1I\xea1\x03\xf8\x9a\xbe\x12\xdf\x17\xaeN\x1e'
11E8E149-EA31-03F8-9ABE-12DF17AE4E1E,2026-ncaa-d3-conf-ODAC,genius_ncaa,2,1,3,1,7,6,3,4,3,4,4,5,2,4,4,4,11,12,9,11,12,5,6,2,5,5,9,3,12,3,2,6,3,5,2,2,2,7,8,2,1,1,2,1,,,5,5,,1,5,6,4,5,5,1,2,3,3,2,3,11,12,11,4,4,1,5,4,1,9,1,1,,6,,1,5,4,5,5,5,3,5,4,11,10,12,10,5,4,3,4,6,5,6,6,5,5,9,11,5,4,3,3,2,1,2,5,4,7,6,6,6,7,1,3,,,11,12,,12,5,6,5,5,5,5,6,6,3,6,11,11,5,4,4,6,7,5,4,2,5,5,8,3,,11,,12,b'\x11\xe8\xe1I\xea1\x03\xf8\x9a\xbe\x12\xdf\x17\xaeN\x1e'
11E8E149-EA31-03F8-9ABE-12DF17AE4E1E,2026-ncaa-d3-natl,genius_ncaa,13,1,215,1,249,131,121,165,96,69,83,167,254,321,95,381,78,102,162,100,210,155,168,139,130,124,325,343,152,98,51,178,226,140,101,42,30,201,154,59,27,13,18,19,,,175,130,,156,59,186,24,113,20,20,23,7,5,245,326,39,38,36,19,18,40,51,26,8,251,10,5,,251,,190,51,157,162,211,98,177,250,63,162,147,205,109,132,160,71,169,124,203,232,86,57,51,156,192,147,250,226,150,51,178,101,157,170,118,102,92,211,178,180,99,,,202,254,,323,59,226,89,68,61,202,226,339,233,358,199,189,149,204,212,332,379,314,190,259,209,47,258,208,,99,,330,b'\x11\xe8\xe1I\xea1\x03\xf8\x9a\xbe\x12\xdf\x17\xaeN\x1e'
11E8E149-EA35-66A0-9ABE-12DF17AE4E1E,2018-ncaa-d3-conf-MIAC,ncaa,2,3,1,3,1,1,1,1,3,1,1,3,3,5,3,11,1,2,1,4,10,1,1,3,3,3,11,9,7,1,1,3,1,1,2,1,4,6,3,1,1,1,10,9,,,12,12,,,2,1,6,8,1,1,1,1,1,6,8,3,7,7,1,2,1,8,3,1,3,1,11,,9,,,2,4,4,2,7,3,3,6,6,5,7,5,7,10,1,10,12,4,12,7,7,2,9,6,8,1,1,8,1,5,2,3,3,1,1,1,4,2,11,7,,,6,11,,,2,12,2,1,2,2,2,1,1,1,4,3,3,8,8,1,4,1,3,2,3,1,3,10,,9,,,b'\x11\xe8\xe1I\xea5f\xa0\x9a\xbe\x12\xdf\x17\xaeN\x1e'
11E8E149-EA35-66A0-9ABE-12DF17AE4E1E,2018-ncaa-d3-natl,ncaa,22,68,5,59,5,10,9,31,18,12,39,26,56,102,35,255,18,47,12,48,219,26,31,18,16,14,246,235,215,66,75,160,68,100,73,15,144,240,74,29,16,12,357,370,,,432,415,,,15,29,389,248,47,50,233,69,211,147,258,80,195,197,232,340,209,427,397,57,51,39,406,,306,,,18,338,313,165,386,311,183,374,295,204,368,195,349,376,133,381,388,209,368,379,386,175,257,220,302,74,68,233,75,154,73,126,41,19,13,13,210,73,400,246,,,33,167,,,15,409,12,109,23,59,56,2,76,5,119,40,155,170,176,5,21,7,15,8,25,45,58,262,,259,,,b'\x11\xe8\xe1I\xea5f\xa0\x9a\xbe\x12\xdf\x17\xaeN\x1e'
11E8E149-EA35-66A0-9ABE-12DF17AE4E1E,2019-ncaa-d3-conf-MIAC,ncaa,4,4,1,4,5,4,3,2,3,3,2,3,10,9,12,9,4,4,8,3,8,2,3,6,5,5,11,12,6,3,4,11,1,9,3,3,2,1,1,2,3,2,7,7,,,3,3,,,4,3,8,11,4,3,3,3,2,11,10,5,6,6,2,8,7,11,10,3,1,3,8,,2,,,4,3,4,2,9,7,5,7,3,2,4,5,3,2,8,2,4,1,5,8,7,3,2,5,3,1,1,5,4,2,3,3,3,3,3,3,3,3,11,8,,,4,7,,,4,9,4,3,4,2,3,2,4,2,3,2,3,2,2,1,2,1,3,2,3,3,3,10,,6,,,b'\x11\xe8\xe1I\xea5f\xa0\x9a\xbe\x12\xdf\x17\xaeN\x1e'
11E8E149-EA35-66A0-9ABE-12DF17AE4E1E,2019-ncaa-d3-natl,ncaa,155,185,67,173,120,103,89,136,81,59,103,52,267,231,313,297,118,124,195,122,205,123,145,118,114,95,360,352,226,230,180,367,52,341,158,80,121,159,96,62,25,14,265,246,,,185,206,,,94,129,277,357,142,121,223,57,166,320,287,164,164,166,197,280,289,437,430,85,85,24,300,,108,,,95,172,222,81,398,262,127,382,168,97,374,172,110,84,395,85,127,66,178,395,392,194,106,187,111,9,52,137,180,45,158,136,75,46,17,38,229,194,314,237,,,110,139,,,94,291,120,116,104,95,150,11,181,48,121,43,77,47,50,7,35,4,57,18,93,48,164,268,,174,,,b'\x11\xe8\xe1I\xea5f\xa0\x9a\xbe\x12\xdf\x17\xaeN\x1e'
11E8E149-EA35-66A0-9ABE-12DF17AE4E1E,2020-ncaa-d3-conf-MIAC,ncaa,4,4,1,4,2,3,3,3,2,2,4,1,3,5,4,6,1,4,1,4,5,3,3,3,1,1,7,8,3,9,7,4,4,6,4,4,6,8,5,4,3,3,10,10,,,9,9,,,4,3,3,5,3,3,8,2,9,5,6,1,4,4,5,7,9,7,12,4,6,3,11,,9,,,4,11,9,6,10,11,8,10,6,6,5,6,9,9,3,9,8,10,10,10,9,6,6,5,7,3,4,2,7,2,4,8,6,3,4,4,5,4,10,10,,,4,7,,,4,10,1,6,4,7,8,5,8,5,5,6,8,9,9,6,5,3,2,1,5,4,4,10,,6,,,b'\x11\xe8\xe1I\xea5f\xa0\x9a\xbe\x12\xdf\x17\xaeN\x1e'
11E8E149-EA35-66A0-9ABE-12DF17AE4E1E,2020-ncaa-d3-natl,ncaa,101,111,65,109,88,50,69,222,9,86,273,7,88,142,54,148,31,91,4,90,48,188,175,8,6,12,156,196,124,342,197,286,87,324,94,86,186,278,264,142,56,56,365,357,,,393,388,,,77,101,233,151,50,82,359,105,361,113,190,34,123,126,325,322,393,389,410,115,219,77,387,,332,,,76,289,268,158,337,268,129,377,247,267,196,290,327,359,108,362,378,199,262,337,342,274,256,215,291,51,87,18,197,21,94,263,224,93,93,158,194,181,205,242,,,63,54,,,77,338,30,200,76,197,180,56,184,51,204,202,261,304,305,82,115,21,6,3,201,146,146,174,,106,,,b'\x11\xe8\xe1I\xea5f\xa0\x9a\xbe\x12\xdf\x17\xaeN\x1e'
11E8E149-EA35-66A0-9ABE-12DF17AE4E1E,2021-ncaa-d3-conf-MIAC,ncaa,2,4,3,3,3,4,3,3,2,2,3,2,4,4,4,8,5,4,8,4,8,3,3,2,3,2,9,9,10,2,2,4,2,3,1,1,1,9,7,1,2,5,3,5,,,7,6,,,2,3,3,4,2,1,2,1,3,6,5,7,6,6,2,1,1,5,2,1,8,5,5,,5,,,2,7,7,7,4,7,6,6,6,9,4,9,7,7,4,7,8,7,8,4,4,2,7,6,7,5,2,5,2,6,1,5,3,3,3,2,9,7,9,8,,,4,8,,,2,9,2,2,2,2,3,3,2,2,4,8,5,6,6,3,4,2,2,2,2,3,9,9,,7,,,b'\x11\xe8\xe1I\xea5f\xa0\x9a\xbe\x12\xdf\x17\xaeN\x1e'
11E8E149-EA35-66A0-9ABE-12DF17AE4E1E,2021-ncaa-d3-natl,ncaa,101,58,193,75,197,169,164,195,14,146,196,12,171,187,98,168,173,179,161,179,117,195,196,22,21,36,218,187,192,180,26,200,19,197,16,122,28,88,144,35,176,110,177,139,,,91,226,,,65,198,148,110,51,36,138,28,119,130,161,121,104,110,123,127,98,194,157,13,139,128,176,,177,,,54,89,85,78,145,83,75,198,88,96,89,224,112,108,168,107,240,81,84,152,156,145,186,144,206,56,19,59,26,59,16,58,22,193,110,48,107,184,98,145,,,190,102,,,65,89,37,94,51,109,91,50,95,27,119,170,183,181,178,63,59,8,10,6,28,134,179,155,,102,,,b'\x11\xe8\xe1I\xea5f\xa0\x9a\xbe\x12\xdf\x17\xaeN\x1e'
11E8E149-EA35-66A0-9ABE-12DF17AE4E1E,2022-ncaa-d3-conf-MIAC,ncaa,2,1,5,2,10,3,3,9,2,3,4,3,6,8,2,8,4,5,2,5,7,9,10,2,1,1,7,8,7,4,1,9,1,7,1,2,2,3,4,1,5,4,2,2,,,6,6,,,1,10,12,10,2,2,9,2,5,5,8,4,5,5,9,11,5,7,6,2,3,5,2,,5,,,1,1,1,3,1,1,2,1,7,6,7,11,2,3,3,3,7,2,3,2,2,2,12,12,8,1,1,2,1,1,1,1,6,5,2,2,1,1,2,1,,,1,1,,,1,3,1,2,1,1,1,1,1,1,6,6,3,3,3,1,1,1,1,1,2,6,1,1,,1,,,b'\x11\xe8\xe1I\xea5f\xa0\x9a\xbe\x12\xdf\x17\xaeN\x1e'
11E8E149-EA35-66A0-9ABE-12DF17AE4E1E,2022-ncaa-d3-natl,ncaa,28,39,32,37,58,62,63,148,28,63,143,35,104,173,58,233,76,86,128,78,141,128,164,28,27,27,234,225,215,187,77,155,28,163,30,70,147,120,81,46,83,65,86,60,,,300,317,,,39,154,408,391,117,121,346,110,274,174,263,149,171,164,334,408,295,343,335,106,37,150,112,,158,,,46,179,142,186,136,85,119,102,360,313,346,339,211,210,181,207,280,182,209,183,177,146,394,388,232,49,28,77,77,52,30,116,121,127,107,83,83,69,73,48,,,11,11,,,39,282,28,92,35,39,28,10,20,15,265,189,100,93,94,6,10,8,3,2,40,235,29,25,,54,,,b'\x11\xe8\xe1I\xea5f\xa0\x9a\xbe\x12\xdf\x17\xaeN\x1e'
11E8E149-EA35-66A0-9ABE-12DF17AE4E1E,2023-ncaa-d3-conf-MIAC,ncaa,1,1,1,1,3,1,1,1,1,1,1,1,3,8,1,11,3,1,7,1,9,1,1,1,1,1,11,9,9,1,1,7,1,1,1,1,1,2,1,1,1,1,1,1,,,5,7,,,1,3,9,8,1,1,1,1,1,4,8,5,2,2,1,2,1,8,2,1,2,1,3,,3,,,1,1,1,3,1,1,3,1,3,4,3,7,6,6,7,6,9,2,6,1,1,1,12,8,11,1,1,1,1,1,1,2,9,1,1,1,1,1,5,3,,,3,7,,,1,10,1,1,1,1,1,1,1,1,2,3,4,3,3,1,1,1,1,1,1,2,1,5,,5,,,b'\x11\xe8\xe1I\xea5f\xa0\x9a\xbe\x12\xdf\x17\xaeN\x1e'
11E8E149-EA35-66A0-9ABE-12DF17AE4E1E,2023-ncaa-d3-natl,ncaa,7,9,13,9,27,11,13,53,4,19,52,15,54,152,4,280,41,37,184,35,155,43,67,3,4,2,256,206,305,77,7,180,4,125,3,16,139,61,17,3,37,23,83,54,,,326,312,,,7,81,368,288,20,14,187,40,153,89,260,106,109,105,163,331,167,405,330,29,9,71,130,,156,,,7,166,133,139,172,75,77,179,349,314,317,360,239,223,286,231,330,134,245,231,244,121,399,378,262,12,4,35,7,22,3,124,147,58,43,46,50,15,141,49,,,43,96,,,7,341,2,62,6,30,27,3,9,7,234,184,106,91,93,2,5,2,1,1,47,122,11,60,,166,,,b'\x11\xe8\xe1I\xea5f\xa0\x9a\xbe\x12\xdf\x17\xaeN\x1e'
11E8E149-EA35-66A0-9ABE-12DF17AE4E1E,2024-ncaa-d3-conf-MIAC,ncaa,1,1,2,1,2,1,1,2,1,1,1,1,5,7,3,7,4,4,7,4,7,2,2,1,1,1,9,7,10,2,1,3,1,2,1,1,1,5,3,2,1,1,5,2,,,9,7,,,1,2,7,11,1,1,3,1,2,6,7,6,5,6,3,2,2,6,1,1,3,1,5,,6,,,1,1,1,1,1,1,4,1,2,4,1,5,6,8,8,7,10,1,8,1,1,1,10,5,11,1,1,1,1,1,1,1,8,1,1,1,4,3,4,2,,,3,3,,,1,10,1,1,1,1,1,1,1,1,1,4,6,6,6,1,1,1,1,1,1,1,3,3,,3,,,b'\x11\xe8\xe1I\xea5f\xa0\x9a\xbe\x12\xdf\x17\xaeN\x1e'
11E8E149-EA35-66A0-9ABE-12DF17AE4E1E,2024-ncaa-d3-natl,ncaa,15,7,38,13,43,28,23,122,4,13,105,1,148,198,61,279,76,77,161,77,149,107,113,3,4,7,344,308,302,159,22,190,8,171,5,9,39,220,166,25,45,31,83,37,,,379,394,,,7,107,331,95,28,21,274,19,201,200,279,130,151,154,251,317,240,350,329,12,120,62,106,,292,,,7,83,40,80,42,32,90,39,124,146,122,216,373,334,395,337,387,109,221,51,101,38,390,211,417,5,8,20,22,15,5,37,115,48,25,12,214,152,66,43,,,42,50,,,7,323,8,20,7,14,10,5,7,16,61,61,305,240,245,8,25,1,1,1,14,83,121,23,,102,,,b'\x11\xe8\xe1I\xea5f\xa0\x9a\xbe\x12\xdf\x17\xaeN\x1e'
11E8E149-EA35-66A0-9ABE-12DF17AE4E1E,2025-ncaa-d3-conf-MIAC,genius_ncaa,1,1,1,1,1,2,1,1,2,1,1,1,7,7,4,11,2,2,2,2,9,1,3,2,2,2,11,11,6,3,2,2,1,3,1,1,2,4,2,1,2,2,2,2,,,9,9,,9,1,2,9,5,2,1,3,1,2,9,11,3,5,5,3,9,3,11,8,1,2,2,4,,7,,7,1,1,1,1,1,1,2,1,3,7,2,9,8,10,4,10,11,1,8,1,2,1,11,5,12,1,1,2,2,1,1,1,5,1,1,1,2,2,2,2,,,2,3,,1,1,11,1,1,1,1,1,1,1,2,2,3,7,9,9,1,1,1,1,1,1,1,2,2,,3,,1,b'\x11\xe8\xe1I\xea5f\xa0\x9a\xbe\x12\xdf\x17\xaeN\x1e'
11E8E149-EA35-66A0-9ABE-12DF17AE4E1E,2025-ncaa-d3-natl,genius_ncaa,3,4,3,4,6,22,24,49,28,19,47,32,127,178,71,289,46,104,12,107,267,53,64,35,29,25,302,290,239,174,180,103,3,136,35,16,70,171,73,17,52,50,157,128,,,379,361,,346,12,48,400,201,132,109,326,82,210,238,331,155,283,290,327,407,342,396,393,64,27,104,247,,195,,284,17,131,70,122,74,61,86,104,218,279,109,306,348,358,183,357,390,170,324,93,131,37,377,268,383,5,3,196,180,54,35,29,35,25,16,7,56,21,84,28,,,35,59,,56,12,379,36,14,10,7,3,1,3,3,67,68,169,176,180,2,3,1,10,3,5,83,7,24,,207,,114,b'\x11\xe8\xe1I\xea5f\xa0\x9a\xbe\x12\xdf\x17\xaeN\x1e'
11E8E149-EA35-66A0-9ABE-12DF17AE4E1E,2026-ncaa-d3-conf-MIAC,genius_ncaa,6,6,4,6,5,7,5,6,7,7,8,7,6,6,4,5,9,11,8,10,11,6,6,6,7,8,5,3,12,5,2,9,7,7,4,5,4,7,10,6,8,5,5,5,,,8,11,,6,8,8,10,2,7,5,4,6,7,5,6,10,12,11,6,4,2,10,8,5,10,7,5,,11,,6,8,10,5,4,11,3,3,10,10,7,9,9,11,9,12,9,12,5,5,12,12,11,11,10,11,5,7,3,2,3,4,7,9,6,5,7,9,9,2,2,,,7,6,,3,8,8,7,10,8,11,7,4,3,2,11,9,12,11,11,7,8,6,3,4,9,5,9,2,,5,,2,b'\x11\xe8\xe1I\xea5f\xa0\x9a\xbe\x12\xdf\x17\xaeN\x1e'
11E8E149-EA35-66A0-9ABE-12DF17AE4E1E,2026-ncaa-d3-natl,genius_ncaa,157,132,215,163,226,284,247,311,116,241,324,62,221,224,225,111,360,344,320,346,294,318,304,118,152,206,277,162,379,277,107,339,50,326,70,213,138,197,298,209,222,107,195,89,,,218,389,,156,227,309,376,23,262,199,320,195,330,197,181,378,357,356,351,338,236,363,330,164,244,172,172,,319,,190,227,146,117,69,321,86,53,327,254,187,331,355,224,194,284,194,381,75,93,349,366,313,369,346,310,37,50,63,107,51,70,117,179,249,100,149,203,288,24,26,,,264,152,,39,227,112,209,235,214,182,125,30,76,15,309,256,299,263,267,36,45,17,32,17,148,180,249,13,,225,,27,b'\x11\xe8\xe1I\xea5f\xa0\x9a\xbe\x12\xdf\x17\xaeN\x1e'
11E8E149-EA39-FC60-9ABE-12DF17AE4E1E,2018-ncaa-d3-conf-CSAC,ncaa,3,2,4,2,5,5,5,5,6,6,9,5,3,2,3,2,7,7,6,7,3,5,5,4,4,3,2,3,9,6,5,3,2,4,2,5,3,1,2,2,4,4,5,5,,,4,5,,,3,6,10,5,5,5,4,8,10,3,2,8,8,8,4,9,4,2,3,4,1,5,6,,3,,,3,2,2,3,2,2,4,2,4,5,8,5,3,3,3,3,5,3,4,2,2,2,10,10,8,1,2,6,5,3,2,2,7,4,4,4,1,2,12,12,,,9,6,,,3,7,4,2,2,2,2,2,2,2,4,5,3,3,3,2,1,1,7,2,2,5,2,12,,9,,,b'\x11\xe8\xe1I\xea9\xfc`\x9a\xbe\x12\xdf\x17\xaeN\x1e'
11E8E149-EA39-FC60-9ABE-12DF17AE4E1E,2018-ncaa-d3-natl,ncaa,114,88,197,98,264,228,254,217,289,356,367,293,41,30,146,25,253,252,230,253,97,222,293,212,216,168,21,23,279,194,214,181,99,181,168,132,18,48,65,50,257,242,269,260,,,145,215,,,111,313,327,303,214,263,182,376,400,28,22,261,251,255,189,304,190,127,144,97,52,271,280,,144,,,107,45,46,115,37,43,135,26,150,159,195,203,126,147,126,155,218,100,116,45,42,58,305,288,283,110,99,236,214,176,168,173,403,215,170,207,53,72,400,432,,,275,234,,,111,143,163,55,97,51,47,116,47,154,162,154,130,144,148,105,88,110,258,194,188,224,63,403,,302,,,b'\x11\xe8\xe1I\xea9\xfc`\x9a\xbe\x12\xdf\x17\xaeN\x1e'
11E8E149-EA39-FC60-9ABE-12DF17AE4E1E,2019-ncaa-d3-conf-Atlantic East,ncaa,6,6,5,6,6,5,5,2,6,6,6,6,1,1,2,1,6,4,6,4,2,3,2,6,6,5,1,1,6,2,2,6,3,5,4,4,2,2,3,4,7,7,7,7,,,6,7,,,5,4,3,6,4,5,1,7,6,1,1,5,4,4,2,1,1,6,5,4,3,7,7,,7,,,5,7,7,2,7,7,3,6,3,1,7,3,5,4,7,4,3,3,3,7,7,7,1,2,5,2,3,7,2,2,4,6,4,3,3,4,4,3,6,7,,,5,5,,,5,4,5,6,5,6,7,4,7,6,4,3,6,4,4,4,4,2,7,5,6,3,4,6,,4,,,b'\x11\xe8\xe1I\xea9\xfc`\x9a\xbe\x12\xdf\x17\xaeN\x1e'
11E8E149-EA39-FC60-9ABE-12DF17AE4E1E,2019-ncaa-d3-natl,ncaa,263,304,129,285,202,142,208,85,341,290,210,360,54,45,168,71,53,75,105,69,69,77,89,303,271,228,23,61,75,94,206,231,143,168,241,144,89,213,114,156,259,308,350,380,,,386,375,,,286,102,84,369,144,236,64,346,260,48,42,49,68,62,58,77,106,286,188,144,176,301,379,,382,,,280,415,390,255,412,381,304,361,350,160,435,118,377,364,363,363,310,303,308,410,419,400,241,210,270,116,143,386,206,306,241,394,303,152,187,305,290,223,422,406,,,84,142,,,286,332,209,362,283,379,350,214,333,274,314,131,372,350,351,253,268,100,365,277,354,169,266,413,,73,,,b'\x11\xe8\xe1I\xea9\xfc`\x9a\xbe\x12\xdf\x17\xaeN\x1e'
11E8E149-EA39-FC60-9ABE-12DF17AE4E1E,2020-ncaa-d3-conf-Atlantic East,ncaa,3,3,1,3,2,1,1,1,7,3,2,4,1,1,7,1,1,1,4,1,2,1,1,5,6,3,1,1,7,1,2,5,6,1,6,2,4,1,1,2,1,1,4,5,,,7,4,,,3,1,1,3,1,1,1,3,2,1,1,1,1,1,1,1,1,6,1,2,1,1,4,,7,,,3,7,7,7,7,7,7,6,1,1,2,1,7,7,5,7,4,7,7,6,6,3,1,1,5,7,6,7,2,7,6,7,4,1,2,3,1,1,7,6,,,2,7,,,3,7,3,3,3,7,7,7,7,7,1,1,7,7,7,7,7,7,7,7,6,1,1,7,,2,,,b'\x11\xe8\xe1I\xea9\xfc`\x9a\xbe\x12\xdf\x17\xaeN\x1e'
11E8E149-EA39-FC60-9ABE-12DF17AE4E1E,2020-ncaa-d3-natl,ncaa,149,218,26,202,53,1,2,1,403,79,23,300,3,1,401,4,5,3,239,3,31,1,1,371,370,276,9,13,198,1,87,64,416,2,373,7,140,313,1,35,1,7,231,378,,,438,324,,,166,1,1,303,1,2,1,134,54,3,1,7,3,2,1,1,1,164,3,9,221,2,277,,438,,,176,438,438,438,398,438,438,379,230,249,187,10,438,438,314,438,362,438,438,349,384,192,59,3,383,436,416,438,87,438,373,438,418,1,13,118,216,1,394,259,,,5,409,,,166,438,198,219,196,437,431,431,432,433,147,142,437,437,437,437,438,431,438,438,435,2,139,347,,5,,,b'\x11\xe8\xe1I\xea9\xfc`\x9a\xbe\x12\xdf\x17\xaeN\x1e'
11E8E149-EA39-FC60-9ABE-12DF17AE4E1E,2021-ncaa-d3-conf-Atlantic East,ncaa,1,1,2,1,2,1,2,3,2,3,3,3,1,1,2,1,1,3,2,3,2,3,3,2,2,1,1,1,3,2,1,2,3,1,2,3,4,3,2,2,3,5,2,3,,,2,1,,,2,3,1,1,1,2,2,4,2,1,1,1,2,2,2,2,1,2,1,3,3,4,3,,1,,,2,3,4,5,3,4,4,3,4,4,3,4,3,2,4,2,1,4,4,3,3,3,2,3,1,4,3,3,1,3,2,4,4,4,5,5,2,2,5,5,,,3,4,,,2,4,1,4,2,4,5,5,5,5,4,4,3,1,1,5,5,4,3,4,5,5,1,5,,3,,,b'\x11\xe8\xe1I\xea9\xfc`\x9a\xbe\x12\xdf\x17\xaeN\x1e'
11E8E149-EA39-FC60-9ABE-12DF17AE4E1E,2021-ncaa-d3-natl,ncaa,176,1,256,1,259,254,257,257,109,263,265,161,230,249,27,35,243,247,28,247,12,257,258,62,36,12,6,20,38,252,37,253,195,254,64,260,238,19,6,30,270,268,247,178,,,23,90,,,119,260,48,110,5,34,13,146,135,3,10,3,9,9,9,26,14,4,3,120,13,257,119,,166,,,76,30,29,31,77,27,29,57,35,32,204,182,22,21,252,23,58,31,28,97,90,212,185,232,87,28,195,23,37,26,64,28,118,274,284,278,13,9,46,275,,,255,115,,,119,27,5,246,76,263,257,280,219,276,262,266,177,132,154,281,265,263,174,239,217,281,18,274,,51,,,b'\x11\xe8\xe1I\xea9\xfc`\x9a\xbe\x12\xdf\x17\xaeN\x1e'
11E8E149-EA39-FC60-9ABE-12DF17AE4E1E,2022-ncaa-d3-conf-Atlantic East,ncaa,3,4,1,4,1,1,1,1,5,6,6,4,1,1,3,1,1,1,1,1,1,1,1,3,2,1,1,1,2,4,6,2,7,2,6,2,3,4,2,2,1,2,2,4,,,6,3,,,4,1,1,2,1,1,1,6,7,1,1,1,1,1,1,1,6,2,3,3,2,1,2,,5,,,4,7,7,7,3,7,7,3,7,7,4,5,3,3,3,3,1,7,7,4,3,3,2,6,1,7,7,7,6,7,6,7,7,1,5,5,2,2,3,3,,,1,4,,,4,7,3,5,4,7,7,7,7,7,7,7,3,2,2,7,7,7,7,7,7,2,2,3,,2,,,b'\x11\xe8\xe1I\xea9\xfc`\x9a\xbe\x12\xdf\x17\xaeN\x1e'
11E8E149-EA39-FC60-9ABE-12DF17AE4E1E,2022-ncaa-d3-natl,ncaa,147,234,32,199,39,21,63,6,329,228,220,231,5,2,220,8,4,6,117,6,6,4,5,231,214,153,4,13,102,157,384,19,366,41,383,46,80,255,29,80,44,213,112,256,,,365,46,,,230,3,6,103,27,121,9,344,370,9,4,16,23,23,5,10,250,25,96,67,133,80,166,,245,,,229,428,427,429,190,419,427,206,429,429,221,355,263,308,105,306,38,429,428,207,159,221,207,355,34,427,366,428,384,427,383,429,419,43,303,385,164,18,221,238,,,16,246,,,230,427,189,266,226,401,403,427,382,411,413,425,151,188,182,425,424,410,421,421,422,112,74,147,,69,,,b'\x11\xe8\xe1I\xea9\xfc`\x9a\xbe\x12\xdf\x17\xaeN\x1e'
11E8E149-EA39-FC60-9ABE-12DF17AE4E1E,2023-ncaa-d3-conf-Atlantic East,ncaa,3,2,4,3,4,2,2,2,5,4,5,5,1,1,2,2,1,1,2,1,1,2,2,5,5,2,1,1,1,2,3,3,7,3,5,4,6,1,1,2,2,2,2,2,,,4,2,,,3,2,1,1,1,2,1,3,3,1,1,1,1,1,1,1,1,3,2,3,1,2,2,,4,,,3,6,6,6,5,7,4,5,4,6,2,5,2,4,4,4,4,5,6,5,5,3,2,3,2,6,7,7,3,7,5,7,7,2,1,4,1,1,6,7,,,2,4,,,3,6,2,4,3,5,5,7,7,6,5,6,5,4,4,7,7,7,7,7,7,1,1,7,,1,,,b'\x11\xe8\xe1I\xea9\xfc`\x9a\xbe\x12\xdf\x17\xaeN\x1e'
11E8E149-EA39-FC60-9ABE-12DF17AE4E1E,2023-ncaa-d3-natl,ncaa,152,131,185,153,188,92,185,74,336,287,248,322,41,20,192,35,14,20,31,20,11,53,74,279,206,134,7,43,17,73,197,129,298,101,278,134,113,99,35,86,82,107,137,172,,,281,161,,,141,91,52,25,47,165,24,309,264,22,14,4,7,7,9,29,52,79,40,108,104,70,135,,304,,,136,315,300,342,170,311,300,221,242,312,94,264,295,278,304,278,211,342,361,158,174,149,202,196,234,352,298,403,197,399,278,400,421,92,138,296,104,58,363,372,,,60,132,,,141,346,120,171,141,305,304,355,311,315,245,328,306,283,283,355,381,345,402,389,389,77,117,370,,36,,,b'\x11\xe8\xe1I\xea9\xfc`\x9a\xbe\x12\xdf\x17\xaeN\x1e'
11E8E149-EA39-FC60-9ABE-12DF17AE4E1E,2024-ncaa-d3-conf-Atlantic East,ncaa,5,5,4,5,4,5,5,4,5,5,5,4,2,1,5,1,5,5,5,5,3,4,4,4,5,5,1,2,4,2,2,5,4,4,2,6,6,3,5,6,3,3,4,3,,,6,6,,,4,4,3,2,4,4,1,5,4,2,1,4,4,4,2,2,1,4,2,6,5,3,4,,6,,,4,3,2,3,4,2,1,5,5,5,4,5,6,6,3,6,6,3,4,4,5,4,6,5,6,3,4,4,2,3,2,5,6,5,4,5,3,3,6,6,,,5,5,,,4,2,5,4,4,4,3,4,3,2,5,5,6,6,6,4,5,4,5,4,6,3,4,6,,4,,,b'\x11\xe8\xe1I\xea9\xfc`\x9a\xbe\x12\xdf\x17\xaeN\x1e'
11E8E149-EA39-FC60-9ABE-12DF17AE4E1E,2024-ncaa-d3-natl,ncaa,271,297,200,289,220,190,205,98,330,247,192,313,117,71,264,97,193,204,184,199,219,103,112,306,306,265,105,111,208,59,122,164,287,105,225,163,112,219,159,180,92,114,121,136,,,251,185,,,230,146,99,72,185,206,40,241,164,103,50,181,189,187,40,50,44,127,56,150,234,85,113,,275,,,230,275,281,305,177,257,235,229,300,352,149,308,231,239,168,245,218,300,309,191,185,182,246,267,168,339,287,351,122,351,225,395,419,146,187,328,231,171,408,390,,,226,331,,,230,292,235,203,225,297,291,342,259,256,310,356,241,247,252,341,349,333,353,357,380,123,229,413,,219,,,b'\x11\xe8\xe1I\xea9\xfc`\x9a\xbe\x12\xdf\x17\xaeN\x1e'
11E8E149-EA39-FC60-9ABE-12DF17AE4E1E,2025-ncaa-d3-conf-Atlantic East,genius_ncaa,6,6,6,6,6,6,6,5,6,6,4,6,5,4,6,2,5,5,4,5,4,5,6,6,6,6,4,3,4,4,4,6,3,6,4,6,6,2,3,5,3,2,6,6,,,2,5,,2,6,6,2,1,5,5,2,4,3,4,2,4,5,5,3,2,4,6,4,6,5,2,6,,5,,3,6,3,2,1,6,3,1,6,4,4,5,5,3,3,2,3,5,1,1,6,6,6,4,5,2,2,3,4,4,3,4,6,6,4,2,5,2,3,5,6,,,5,5,,6,6,1,6,5,6,6,6,4,5,1,6,6,4,4,4,4,5,2,6,6,6,2,3,5,,5,,6,b'\x11\xe8\xe1I\xea9\xfc`\x9a\xbe\x12\xdf\x17\xaeN\x1e'
11E8E149-EA39-FC60-9ABE-12DF17AE4E1E,2025-ncaa-d3-natl,genius_ncaa,343,356,290,348,316,302,287,213,333,296,262,307,200,129,306,102,353,335,346,326,306,240,260,323,336,309,170,113,343,199,275,386,308,346,360,228,111,168,189,205,72,48,369,351,,,233,299,,12,330,280,170,172,287,260,102,289,218,164,83,356,335,331,129,142,149,406,336,188,217,56,370,,306,,12,327,291,298,72,406,246,57,405,353,249,404,335,157,185,82,187,309,70,119,412,410,365,264,343,116,150,308,325,275,269,360,394,403,127,82,322,200,228,419,419,,,360,378,,401,330,130,308,354,330,338,338,142,292,80,366,295,189,240,242,149,227,188,371,320,389,87,243,419,,362,,402,b'\x11\xe8\xe1I\xea9\xfc`\x9a\xbe\x12\xdf\x17\xaeN\x1e'
11E8E149-EA39-FC60-9ABE-12DF17AE4E1E,2026-ncaa-d3-natl,genius_ncaa,288,132,379,257,382,385,382,377,348,374,348,358,385,384,315,348,368,324,401,327,207,375,385,360,375,306,317,327,174,148,7,380,45,339,20,340,47,14,23,58,360,126,377,215,,,70,406,,9,190,398,391,113,296,270,75,198,48,329,309,217,71,76,59,167,3,165,10,143,36,199,341,,349,,15,180,21,7,12,91,6,8,76,142,87,319,410,78,86,143,84,414,15,16,198,226,170,416,413,372,16,45,35,7,25,20,25,353,373,95,142,13,45,226,342,,,384,292,,406,190,19,202,139,168,59,16,11,3,1,375,361,286,317,308,19,23,44,201,107,119,199,50,394,,269,,406,b'\x11\xe8\xe1I\xea9\xfc`\x9a\xbe\x12\xdf\x17\xaeN\x1e'
11E8E149-EA3E-8EA6-9ABE-12DF17AE4E1E,2018-ncaa-d3-conf-NESCAC,ncaa,10,7,11,10,11,11,10,11,6,10,11,5,9,9,7,4,10,10,7,10,3,11,11,5,6,7,5,4,7,11,10,11,6,11,9,10,5,3,9,8,11,10,9,5,,,6,11,,,10,11,6,11,7,8,10,8,9,6,6,8,7,6,10,9,10,7,8,8,6,11,6,,11,,,10,3,2,1,10,2,1,10,2,1,7,8,7,7,9,7,11,1,1,10,11,11,9,4,10,1,6,2,10,1,9,3,9,11,10,10,1,5,2,3,,,8,1,,,10,1,7,11,10,11,7,6,7,5,9,8,11,11,11,8,4,5,8,7,9,10,5,2,,3,,,b'\x11\xe8\xe1I\xea>\x8e\xa6\x9a\xbe\x12\xdf\x17\xaeN\x1e'
11E8E149-EA3E-8EA6-9ABE-12DF17AE4E1E,2018-ncaa-d3-natl,ncaa,196,138,363,177,384,349,342,390,237,323,346,252,321,362,196,286,308,318,212,312,229,386,400,236,231,259,254,261,176,325,206,333,26,346,83,276,110,112,276,224,324,204,199,105,,,266,436,,,201,405,381,417,319,311,368,281,284,291,328,263,267,260,366,367,267,217,253,221,206,275,156,,382,,,200,24,17,15,152,17,22,99,107,52,353,190,220,210,226,206,394,21,22,173,222,205,396,271,404,12,26,48,206,21,83,25,130,342,168,121,60,161,116,192,,,230,28,,,201,36,263,149,202,78,35,22,37,52,187,106,326,313,316,36,24,19,121,51,53,280,109,171,,95,,,b'\x11\xe8\xe1I\xea>\x8e\xa6\x9a\xbe\x12\xdf\x17\xaeN\x1e'
11E8E149-EA3E-8EA6-9ABE-12DF17AE4E1E,2019-ncaa-d3-conf-NESCAC,ncaa,11,10,11,11,11,11,11,11,10,11,11,11,10,9,9,4,11,11,8,11,10,11,11,9,10,10,3,3,7,7,6,11,10,11,8,10,5,1,8,9,10,8,11,7,,,2,8,,,10,11,7,4,10,10,3,9,7,5,4,9,8,9,6,5,4,11,7,9,8,9,8,,8,,,10,1,2,1,10,1,1,10,6,3,9,10,2,4,2,3,10,1,1,11,11,11,10,9,6,2,10,1,6,1,8,6,11,10,7,10,2,10,6,11,,,11,9,,,10,1,10,10,10,10,9,3,4,2,11,10,8,9,9,7,6,7,7,7,11,9,10,11,,8,,,b'\x11\xe8\xe1I\xea>\x8e\xa6\x9a\xbe\x12\xdf\x17\xaeN\x1e'
11E8E149-EA3E-8EA6-9ABE-12DF17AE4E1E,2019-ncaa-d3-natl,ncaa,282,185,407,258,421,371,356,390,278,362,363,309,274,323,145,211,388,395,289,399,351,394,410,266,288,252,213,158,341,246,83,405,114,373,106,353,269,26,162,205,359,245,340,281,,,98,368,,,212,418,259,392,239,211,129,235,159,160,189,329,323,330,158,191,77,242,122,224,163,261,305,,321,,,213,26,21,22,215,26,23,203,104,65,281,279,113,98,276,91,293,19,22,236,259,250,319,275,288,14,114,25,83,15,106,29,167,382,222,203,17,87,116,224,,,394,258,,,212,28,217,210,208,197,175,151,157,136,258,237,278,264,248,154,133,92,171,126,159,255,95,246,,247,,,b'\x11\xe8\xe1I\xea>\x8e\xa6\x9a\xbe\x12\xdf\x17\xaeN\x1e'
11E8E149-EA3E-8EA6-9ABE-12DF17AE4E1E,2020-ncaa-d3-conf-NESCAC,ncaa,6,4,9,6,9,8,8,9,6,9,8,9,4,7,1,5,11,10,10,10,8,9,9,4,5,5,2,1,11,9,8,9,8,9,8,6,5,6,9,8,8,8,11,11,,,3,5,,,6,9,2,2,5,4,6,9,5,1,5,11,9,9,6,3,7,7,7,4,9,8,11,,8,,,6,3,3,3,5,4,3,7,4,4,2,5,5,3,10,3,4,2,3,4,6,4,6,4,8,5,8,2,8,3,8,4,6,8,4,4,7,8,6,9,,,8,8,,,6,3,6,5,6,8,5,9,9,7,4,7,9,7,7,7,11,6,7,8,6,2,8,11,,5,,,b'\x11\xe8\xe1I\xea>\x8e\xa6\x9a\xbe\x12\xdf\x17\xaeN\x1e'
11E8E149-EA3E-8EA6-9ABE-12DF17AE4E1E,2020-ncaa-d3-natl,ncaa,149,136,198,150,215,197,147,179,123,177,166,199,110,208,17,216,379,381,290,379,409,220,269,107,157,132,244,108,425,149,102,325,266,266,187,180,257,100,127,112,180,151,217,207,,,125,160,,,121,312,317,55,161,94,128,143,136,99,208,397,397,396,188,246,125,349,271,150,108,163,223,,131,,,114,85,116,108,193,122,140,179,151,132,226,221,129,78,403,81,126,81,118,189,198,136,195,245,200,161,266,112,102,114,187,101,118,142,86,82,79,108,423,404,,,339,347,,,121,133,108,139,111,120,147,125,151,156,174,153,143,77,83,97,140,179,130,135,119,116,94,425,,366,,,b'\x11\xe8\xe1I\xea>\x8e\xa6\x9a\xbe\x12\xdf\x17\xaeN\x1e'
11E8E149-EA3E-8EA6-9ABE-12DF17AE4E1E,2022-ncaa-d3-conf-NESCAC,ncaa,9,8,10,10,10,10,9,9,8,9,8,7,10,10,10,8,10,10,11,10,9,10,10,10,10,9,10,9,11,9,10,9,4,9,9,9,6,2,2,5,9,7,6,4,,,3,9,,,9,10,4,6,9,8,5,4,4,9,7,10,7,7,5,6,9,8,8,6,2,6,4,,9,,,9,2,2,2,7,2,2,5,8,3,11,9,3,3,7,3,9,2,2,9,10,9,10,10,7,2,4,5,10,3,9,6,10,11,6,10,2,3,5,5,,,10,4,,,9,2,9,9,9,9,7,7,4,3,10,8,8,8,8,7,6,5,10,8,9,7,2,7,,3,,,b'\x11\xe8\xe1I\xea>\x8e\xa6\x9a\xbe\x12\xdf\x17\xaeN\x1e'
11E8E149-EA3E-8EA6-9ABE-12DF17AE4E1E,2022-ncaa-d3-natl,ncaa,256,234,300,254,316,311,275,284,266,241,232,257,319,310,341,277,314,295,331,288,273,286,327,288,308,252,325,299,242,323,322,325,169,335,295,329,369,52,96,230,311,283,125,73,,,258,401,,,229,327,250,143,278,234,166,175,128,313,261,281,232,220,182,269,296,288,299,316,88,290,85,,371,,,232,80,55,67,143,38,69,80,255,153,382,268,238,205,334,201,326,70,87,182,216,200,402,359,346,77,169,201,322,142,295,130,308,249,160,183,38,76,294,304,,,221,71,,,229,97,270,175,239,163,104,113,63,96,317,216,305,281,278,131,137,135,326,253,190,196,63,349,,94,,,b'\x11\xe8\xe1I\xea>\x8e\xa6\x9a\xbe\x12\xdf\x17\xaeN\x1e'
11E8E149-EA3E-8EA6-9ABE-12DF17AE4E1E,2023-ncaa-d3-conf-NESCAC,ncaa,8,4,10,7,10,9,9,9,7,9,7,8,10,11,7,10,4,3,8,3,3,9,10,9,8,9,7,10,1,7,3,6,2,6,2,10,10,6,8,10,10,8,11,11,,,2,5,,,6,10,2,2,7,9,5,5,3,9,9,3,1,1,5,1,3,2,1,10,9,8,11,,5,,,6,2,2,3,5,2,4,4,1,1,10,2,5,3,8,3,5,2,2,6,5,6,7,5,7,2,2,1,3,1,2,1,2,11,8,5,4,7,9,9,,,8,3,,,6,2,8,5,6,6,7,7,7,9,7,4,8,8,8,7,7,3,6,5,5,8,7,10,,2,,,b'\x11\xe8\xe1I\xea>\x8e\xa6\x9a\xbe\x12\xdf\x17\xaeN\x1e'
11E8E149-EA3E-8EA6-9ABE-12DF17AE4E1E,2023-ncaa-d3-natl,ncaa,210,171,333,196,337,283,288,356,186,244,252,227,340,370,164,344,187,212,128,219,173,340,364,215,189,206,281,330,87,285,222,191,28,247,69,351,395,120,225,310,408,400,301,304,,,102,239,,,211,367,295,49,232,241,288,180,149,316,348,86,113,116,261,277,227,38,108,338,199,411,280,,178,,,212,75,82,81,161,125,179,116,65,46,231,74,167,88,422,84,103,63,35,137,168,261,136,107,274,26,28,80,222,42,69,62,93,394,369,281,62,129,410,416,,,261,104,,,211,59,208,211,213,169,186,216,237,304,106,72,240,146,139,190,96,56,181,110,123,392,119,427,,139,,,b'\x11\xe8\xe1I\xea>\x8e\xa6\x9a\xbe\x12\xdf\x17\xaeN\x1e'
11E8E149-EA3E-8EA6-9ABE-12DF17AE4E1E,2024-ncaa-d3-conf-NESCAC,ncaa,6,5,10,6,10,10,10,11,7,10,10,3,9,8,10,5,8,7,8,6,1,10,10,7,6,8,5,9,3,9,3,8,2,10,2,9,6,5,9,8,11,10,9,8,,,2,7,,,6,10,3,6,7,7,10,7,10,8,5,4,2,2,6,4,4,1,1,5,9,10,4,,8,,,6,2,2,2,6,2,2,5,6,3,7,7,3,3,9,2,5,2,2,6,8,8,9,8,6,1,2,1,3,1,2,4,8,11,9,9,5,8,6,9,,,10,2,,,6,2,7,7,6,7,7,10,5,7,9,8,6,7,7,10,7,4,2,3,7,9,8,9,,3,,,b'\x11\xe8\xe1I\xea>\x8e\xa6\x9a\xbe\x12\xdf\x17\xaeN\x1e'
11E8E149-EA3E-8EA6-9ABE-12DF17AE4E1E,2024-ncaa-d3-natl,ncaa,142,66,375,106,385,322,330,371,229,310,364,180,312,274,342,191,205,202,216,199,50,361,380,253,217,212,186,272,70,306,190,249,19,287,68,325,278,56,194,236,378,335,218,154,,,58,217,,,168,388,250,244,245,262,262,220,271,265,192,75,70,68,213,251,213,42,89,274,176,348,160,,163,,,158,25,30,39,79,32,47,113,48,90,37,246,92,57,400,55,155,35,31,68,83,132,219,168,285,15,19,39,190,28,68,22,71,368,297,159,48,133,319,393,,,297,88,,,168,40,221,97,161,101,102,176,131,176,106,209,207,133,134,147,102,42,169,96,72,330,118,395,,130,,,b'\x11\xe8\xe1I\xea>\x8e\xa6\x9a\xbe\x12\xdf\x17\xaeN\x1e'
11E8E149-EA3E-8EA6-9ABE-12DF17AE4E1E,2025-ncaa-d3-conf-NESCAC,genius_ncaa,9,4,10,9,10,10,10,10,4,9,10,5,11,11,3,9,5,5,4,4,3,10,10,4,4,4,5,10,4,9,4,9,5,9,3,8,4,1,6,3,10,8,10,9,,,2,2,,8,6,10,4,8,4,4,7,4,4,8,10,3,3,3,7,5,6,4,3,4,6,8,8,,2,,10,6,2,3,3,7,3,3,8,4,4,4,7,2,2,8,2,4,3,2,5,5,9,4,7,5,4,5,1,4,1,3,6,8,10,10,9,3,7,7,9,,,8,3,,9,6,2,4,9,8,8,8,8,10,8,8,8,6,3,3,8,5,5,3,3,9,11,7,10,,3,,7,b'\x11\xe8\xe1I\xea>\x8e\xa6\x9a\xbe\x12\xdf\x17\xaeN\x1e'
11E8E149-EA3E-8EA6-9ABE-12DF17AE4E1E,2025-ncaa-d3-natl,genius_ncaa,141,94,290,126,291,203,223,286,147,198,220,173,269,309,156,301,98,115,139,110,104,266,304,170,140,131,216,293,72,216,146,157,115,182,91,253,279,86,140,186,332,309,206,235,,,68,96,,236,160,315,271,16,147,177,205,148,158,248,294,50,62,60,155,217,170,56,90,233,151,321,195,,76,,272,151,97,142,184,137,165,237,97,155,125,242,164,70,59,294,54,49,137,91,138,108,202,134,214,103,125,115,76,146,84,91,176,219,355,344,320,140,189,316,316,,,169,71,,361,160,101,131,189,148,175,226,286,231,328,204,184,91,74,71,249,170,167,136,153,237,344,188,347,,94,,362,b'\x11\xe8\xe1I\xea>\x8e\xa6\x9a\xbe\x12\xdf\x17\xaeN\x1e'
11E8E149-EA3E-8EA6-9ABE-12DF17AE4E1E,2026-ncaa-d3-natl,genius_ncaa,98,200,42,183,64,33,28,50,89,27,43,108,78,120,91,244,152,182,124,183,356,63,66,101,106,100,292,212,346,156,234,34,141,70,153,52,276,270,145,123,184,302,45,120,,,314,160,,234,93,55,108,113,92,61,92,69,93,146,215,259,300,300,120,170,267,70,151,116,153,273,86,,187,,169,112,314,315,367,114,294,372,56,347,322,327,174,233,297,60,305,151,364,360,126,92,125,263,324,128,307,141,303,234,314,153,286,157,111,260,212,257,141,354,254,,,150,332,,169,93,364,128,131,110,194,206,305,157,301,286,230,117,183,191,287,272,208,168,184,184,230,152,304,,312,,217,b'\x11\xe8\xe1I\xea>\x8e\xa6\x9a\xbe\x12\xdf\x17\xaeN\x1e'
11E8E149-EA43-35FA-9ABE-12DF17AE4E1E,2018-ncaa-d3-conf-MIAC,ncaa,11,11,7,11,11,11,11,8,12,10,8,12,8,4,9,5,11,11,6,11,11,9,9,11,12,11,6,3,12,8,12,11,11,10,11,8,5,8,8,8,4,3,11,11,,,9,9,,,11,8,3,10,11,11,3,10,7,8,4,11,11,11,8,6,8,11,10,8,8,3,10,,10,,,11,9,6,5,11,7,6,10,9,7,10,8,10,9,6,9,10,5,6,10,11,9,10,7,9,10,11,10,12,11,11,7,7,8,7,5,10,9,10,11,,,12,12,,,11,5,11,9,11,9,8,9,9,7,9,8,11,11,11,9,10,10,11,11,8,6,10,11,,12,,,b'\x11\xe8\xe1I\xeaC5\xfa\x9a\xbe\x12\xdf\x17\xaeN\x1e'
11E8E149-EA43-35FA-9ABE-12DF17AE4E1E,2018-ncaa-d3-natl,ncaa,383,411,197,396,264,321,318,277,344,345,319,342,164,148,230,94,363,373,283,365,317,304,310,314,328,314,124,87,347,296,339,366,348,359,374,280,199,164,237,259,133,105,353,343,,,321,391,,,376,305,323,303,358,342,278,370,344,152,127,385,392,386,334,343,309,412,410,299,183,124,360,,356,,,364,316,252,117,384,194,95,354,353,243,425,276,362,351,290,352,402,146,147,395,407,391,378,329,329,240,348,278,339,262,374,190,128,239,222,230,271,313,338,398,,,384,390,,,376,142,320,390,370,322,268,122,210,102,356,243,383,378,381,159,145,252,301,285,210,252,285,355,,413,,,b'\x11\xe8\xe1I\xeaC5\xfa\x9a\xbe\x12\xdf\x17\xaeN\x1e'
11E8E149-EA43-35FA-9ABE-12DF17AE4E1E,2019-ncaa-d3-conf-MIAC,ncaa,7,6,8,7,12,11,11,12,11,12,12,10,9,10,11,8,5,5,11,5,2,11,12,11,10,10,5,8,1,9,7,6,5,7,6,12,12,6,7,10,7,6,11,11,,,2,2,,,8,12,10,12,11,11,12,11,9,9,8,4,2,2,10,11,5,5,5,12,6,6,11,,3,,,8,2,5,6,7,5,1,9,8,10,3,12,1,1,2,1,2,2,1,7,4,6,5,11,1,3,5,5,7,5,6,5,6,8,6,7,7,9,12,12,,,6,2,,,8,1,10,6,8,5,7,8,7,3,8,10,1,1,1,5,3,6,7,6,7,8,8,12,,3,,,b'\x11\xe8\xe1I\xeaC5\xfa\x9a\xbe\x12\xdf\x17\xaeN\x1e'
11E8E149-EA43-35FA-9ABE-12DF17AE4E1E,2019-ncaa-d3-natl,ncaa,206,185,317,203,353,288,313,359,235,313,362,195,244,235,268,173,180,150,295,145,40,341,355,224,215,213,138,207,88,246,188,369,275,347,259,374,397,116,223,328,132,75,389,368,,,105,186,,,191,371,314,388,254,299,350,293,343,222,192,119,75,75,288,309,196,375,324,384,176,89,396,,152,,,191,80,144,71,327,171,58,392,162,227,112,372,37,27,284,28,73,49,79,324,296,182,104,262,50,127,275,114,188,111,259,157,192,134,57,118,229,307,387,425,,,164,32,,,191,82,197,173,184,147,230,118,236,82,215,291,39,32,31,66,140,179,177,173,214,86,283,409,,71,,,b'\x11\xe8\xe1I\xeaC5\xfa\x9a\xbe\x12\xdf\x17\xaeN\x1e'
11E8E149-EA43-35FA-9ABE-12DF17AE4E1E,2020-ncaa-d3-conf-MIAC,ncaa,5,5,5,5,6,5,5,6,6,5,6,6,7,7,5,8,4,3,8,3,3,4,6,6,6,6,6,6,4,11,11,5,10,10,12,7,9,2,2,5,6,6,8,9,,,5,4,,,5,4,6,9,5,6,7,6,7,7,7,5,3,3,4,9,11,6,10,8,2,7,9,,5,,,5,8,10,11,6,9,10,8,7,9,6,7,4,4,8,4,4,9,9,7,7,9,4,7,4,11,10,11,11,11,12,9,7,6,7,8,3,3,11,11,,,3,2,,,5,9,6,7,6,8,9,8,10,10,7,8,4,3,4,8,7,8,10,11,9,7,2,11,,3,,,b'\x11\xe8\xe1I\xeaC5\xfa\x9a\xbe\x12\xdf\x17\xaeN\x1e'
11E8E149-EA43-35FA-9ABE-12DF17AE4E1E,2020-ncaa-d3-natl,ncaa,149,163,126,164,155,165,197,260,135,238,301,146,119,165,93,156,96,55,318,51,18,207,274,114,113,82,101,144,120,381,399,291,194,346,336,237,300,63,81,149,186,180,344,343,,,222,250,,,199,203,273,195,176,229,322,276,350,127,177,102,50,44,264,356,407,351,405,256,49,204,366,,205,,,201,268,288,193,321,237,130,343,346,317,315,341,170,174,229,171,227,173,182,345,336,311,273,328,136,123,194,275,399,214,336,300,253,201,193,265,117,135,275,312,,,71,23,,,199,218,151,282,203,235,243,149,201,89,317,300,157,150,149,131,122,105,227,176,255,223,100,254,,69,,,b'\x11\xe8\xe1I\xeaC5\xfa\x9a\xbe\x12\xdf\x17\xaeN\x1e'
11E8E149-EA43-35FA-9ABE-12DF17AE4E1E,2021-ncaa-d3-conf-MIAC,ncaa,6,6,7,7,7,8,7,8,9,8,8,9,6,6,3,2,8,8,10,8,4,8,8,8,7,6,2,1,9,7,6,6,9,7,8,7,8,4,3,5,8,11,8,9,,,5,4,,,6,8,11,4,10,8,9,10,10,2,2,10,7,8,9,11,7,3,5,9,2,11,8,,3,,,5,4,4,5,2,4,5,2,4,6,3,10,6,4,11,4,4,5,4,3,3,5,9,5,9,6,9,4,6,4,8,4,7,8,11,9,4,2,5,7,,,7,2,,,6,4,5,6,7,4,4,7,3,6,6,10,9,3,3,8,2,10,8,8,5,11,2,6,,6,,,b'\x11\xe8\xe1I\xeaC5\xfa\x9a\xbe\x12\xdf\x17\xaeN\x1e'
11E8E149-EA43-35FA-9ABE-12DF17AE4E1E,2021-ncaa-d3-natl,ncaa,176,115,206,182,206,204,207,216,147,218,225,112,171,180,133,33,198,203,167,204,50,215,219,119,123,98,46,55,119,223,237,213,189,218,218,220,245,57,75,150,230,241,234,249,,,79,239,,,159,216,253,110,170,194,230,231,268,77,59,140,132,139,229,266,242,186,233,228,42,251,255,,197,,,162,74,66,72,87,65,70,134,71,82,54,220,124,89,285,87,212,72,69,91,166,207,227,104,271,82,189,75,237,76,218,56,86,226,242,186,56,76,80,206,,,206,47,,,159,68,123,212,167,145,92,106,99,66,112,197,263,191,178,125,47,168,168,168,76,264,44,144,,119,,,b'\x11\xe8\xe1I\xeaC5\xfa\x9a\xbe\x12\xdf\x17\xaeN\x1e'
11E8E149-EA43-35FA-9ABE-12DF17AE4E1E,2022-ncaa-d3-conf-MIAC,ncaa,4,3,5,4,5,4,4,7,4,7,5,5,3,6,1,7,2,1,9,1,1,4,6,4,4,3,3,5,3,5,5,4,5,3,5,5,8,5,5,5,4,5,8,4,,,1,2,,,4,8,6,1,3,4,8,8,7,3,5,1,1,1,3,4,6,4,3,5,5,4,7,,3,,,4,6,5,5,3,4,4,4,11,12,5,12,4,4,8,4,6,5,5,3,4,4,10,11,5,6,5,6,5,5,5,6,10,4,6,4,6,5,11,12,,,3,2,,,4,6,3,4,4,4,3,6,2,3,11,12,4,4,4,6,6,7,7,6,5,3,5,12,,3,,,b'\x11\xe8\xe1I\xeaC5\xfa\x9a\xbe\x12\xdf\x17\xaeN\x1e'
11E8E149-EA43-35FA-9ABE-12DF17AE4E1E,2022-ncaa-d3-natl,ncaa,62,79,61,75,63,91,124,184,88,192,239,132,56,98,14,137,24,11,303,11,11,139,164,64,60,55,49,81,103,226,284,145,111,174,208,212,346,139,110,193,70,64,196,145,,,223,176,,,109,137,351,39,116,181,338,279,356,68,150,61,29,32,255,343,306,281,298,274,73,104,246,,116,,,116,264,225,229,203,125,84,264,402,407,244,414,263,239,344,239,335,222,262,264,267,220,407,399,233,139,111,300,284,240,208,231,212,95,101,123,224,197,383,394,,,38,29,,,109,297,65,181,109,136,110,65,55,13,364,370,186,150,156,57,88,78,177,126,146,167,167,355,,73,,,b'\x11\xe8\xe1I\xeaC5\xfa\x9a\xbe\x12\xdf\x17\xaeN\x1e'
11E8E149-EA43-35FA-9ABE-12DF17AE4E1E,2023-ncaa-d3-conf-MIAC,ncaa,3,3,1,3,3,3,4,3,6,6,4,8,1,2,2,2,5,4,8,4,4,3,2,4,4,3,3,2,8,4,7,4,7,4,8,5,10,4,4,4,3,4,9,8,,,11,10,,,3,1,3,8,3,4,3,10,9,1,2,8,7,7,3,5,6,5,6,6,4,4,10,,9,,,3,6,5,7,2,4,5,2,9,11,2,9,9,10,1,10,11,8,12,2,2,2,10,9,10,9,7,10,7,10,8,8,10,4,5,4,3,3,10,10,,,7,11,,,3,12,4,2,3,2,2,5,2,3,7,8,9,9,9,6,9,6,8,7,6,5,3,10,,9,,,b'\x11\xe8\xe1I\xeaC5\xfa\x9a\xbe\x12\xdf\x17\xaeN\x1e'
11E8E149-EA43-35FA-9ABE-12DF17AE4E1E,2023-ncaa-d3-natl,ncaa,90,113,63,109,93,96,120,119,126,223,288,140,25,37,42,39,137,131,193,132,70,118,185,75,85,47,29,26,255,238,247,267,144,269,217,246,381,54,32,137,77,62,283,239,,,342,368,,,87,171,324,288,119,163,218,292,375,31,47,181,193,189,212,352,306,393,386,300,22,103,320,,288,,,90,197,139,160,160,79,53,241,357,392,185,401,280,316,79,314,395,179,219,220,224,184,406,380,297,112,144,200,247,152,217,113,115,133,126,93,65,60,319,346,,,234,274,,,87,260,63,145,86,98,70,47,39,14,306,337,223,254,256,62,68,66,90,73,72,195,38,274,,344,,,b'\x11\xe8\xe1I\xeaC5\xfa\x9a\xbe\x12\xdf\x17\xaeN\x1e'
11E8E149-EA43-35FA-9ABE-12DF17AE4E1E,2024-ncaa-d3-conf-MIAC,ncaa,6,6,7,6,7,6,6,5,7,9,10,7,3,2,6,2,7,6,6,6,4,5,7,5,7,5,2,2,6,5,4,10,7,10,8,6,7,2,2,4,6,6,9,7,,,7,8,,,6,8,11,2,6,6,4,9,9,2,1,7,7,7,4,5,5,11,10,6,2,7,10,,8,,,6,4,3,5,5,3,1,10,6,8,2,9,5,6,6,5,9,3,1,4,6,7,7,7,7,5,7,5,4,4,8,8,10,8,7,8,2,2,10,11,,,7,8,,,6,1,5,7,6,4,4,3,4,2,6,9,7,7,7,4,2,7,6,5,9,7,2,10,,7,,,b'\x11\xe8\xe1I\xeaC5\xfa\x9a\xbe\x12\xdf\x17\xaeN\x1e'
11E8E149-EA43-35FA-9ABE-12DF17AE4E1E,2024-ncaa-d3-natl,ncaa,203,206,200,213,203,221,263,255,267,343,378,244,55,50,128,20,197,226,138,219,46,255,309,184,175,146,13,22,174,282,207,360,244,344,243,298,354,66,114,223,234,163,337,284,,,282,383,,,202,307,390,20,232,272,251,373,403,37,33,184,219,208,250,342,283,404,388,328,83,229,340,,306,,,204,152,97,63,227,60,28,321,285,330,166,405,339,307,363,302,413,79,81,265,316,324,400,338,377,104,244,71,207,70,243,201,306,303,242,268,52,70,312,399,,,244,161,,,202,89,164,296,224,170,106,51,73,13,296,339,354,323,312,69,46,101,77,69,200,307,55,326,,252,,,b'\x11\xe8\xe1I\xeaC5\xfa\x9a\xbe\x12\xdf\x17\xaeN\x1e'
11E8E149-EA43-35FA-9ABE-12DF17AE4E1E,2025-ncaa-d3-conf-MIAC,genius_ncaa,3,3,1,3,2,4,4,2,7,6,4,8,1,2,1,2,10,12,7,12,12,3,2,6,7,6,1,1,12,1,1,5,10,2,4,4,4,8,7,5,1,1,8,6,,,11,11,,11,3,3,12,7,6,6,6,10,7,1,3,11,12,12,7,8,1,12,4,4,7,1,9,,11,,10,3,2,2,3,2,2,1,4,9,11,1,11,11,8,10,9,12,5,11,3,3,3,12,11,10,10,10,8,1,8,4,7,11,2,2,2,5,5,7,5,,,7,11,,5,3,10,5,3,3,2,2,2,2,1,4,11,10,8,7,2,2,8,4,5,3,2,4,5,,12,,5,b'\x11\xe8\xe1I\xeaC5\xfa\x9a\xbe\x12\xdf\x17\xaeN\x1e'
11E8E149-EA43-35FA-9ABE-12DF17AE4E1E,2025-ncaa-d3-natl,genius_ncaa,68,75,55,80,97,179,174,199,161,259,262,230,51,103,19,88,297,307,217,311,269,219,226,102,123,135,60,26,357,106,59,327,169,239,116,189,231,180,190,184,44,15,334,221,,,369,411,,336,98,288,416,258,245,240,329,321,351,60,138,353,366,367,357,392,140,414,354,250,123,47,359,,340,,327,96,59,26,24,119,13,8,259,267,346,106,409,330,273,377,278,417,35,106,180,260,103,416,373,401,78,169,78,59,61,116,114,325,62,18,42,91,100,240,272,,,250,244,,122,98,135,109,89,85,25,8,3,2,1,210,279,291,227,230,3,8,51,28,29,73,78,61,193,,344,,149,b'\x11\xe8\xe1I\xeaC5\xfa\x9a\xbe\x12\xdf\x17\xaeN\x1e'
11E8E149-EA43-35FA-9ABE-12DF17AE4E1E,2026-ncaa-d3-conf-MIAC,genius_ncaa,6,6,4,6,6,6,8,11,4,10,11,1,4,4,5,2,4,5,5,5,1,11,10,4,4,5,3,2,4,7,4,11,5,10,5,11,11,5,9,10,3,3,10,9,,,3,3,,3,5,11,12,3,6,8,12,10,12,2,4,4,5,5,12,11,7,12,11,11,6,3,10,,2,,3,5,2,3,3,7,5,2,12,3,5,4,11,4,4,5,3,6,2,2,7,8,6,3,4,4,2,5,1,4,2,5,4,5,7,4,3,8,11,3,9,,,6,1,,5,5,2,5,4,5,3,5,3,6,1,4,7,4,3,2,2,1,4,1,2,5,6,8,4,,3,,5,b'\x11\xe8\xe1I\xeaC5\xfa\x9a\xbe\x12\xdf\x17\xaeN\x1e'
11E8E149-EA43-35FA-9ABE-12DF17AE4E1E,2026-ncaa-d3-natl,genius_ncaa,157,132,215,163,249,231,255,321,113,325,384,29,78,103,120,5,249,313,40,302,76,319,323,61,61,78,40,22,256,325,119,366,51,365,82,316,341,116,213,245,124,29,364,280,,,101,240,,75,87,317,380,113,175,216,347,317,411,38,39,217,302,285,353,374,319,406,398,310,147,77,365,,91,,80,72,69,61,46,252,46,35,271,176,126,291,363,125,105,315,107,341,52,66,295,306,160,356,349,277,25,51,44,119,32,82,70,183,180,28,50,203,308,55,157,,,281,146,,62,87,87,93,98,76,37,30,3,26,4,220,148,140,99,110,3,9,6,9,2,59,96,249,52,,264,,43,b'\x11\xe8\xe1I\xeaC5\xfa\x9a\xbe\x12\xdf\x17\xaeN\x1e'
11E8E149-EA47-C264-9ABE-12DF17AE4E1E,2018-ncaa-d3-conf-HCAC,ncaa,4,4,1,4,1,1,1,2,2,1,3,1,6,5,5,6,1,1,6,1,3,1,1,2,2,2,6,7,5,4,3,1,3,1,3,3,7,8,5,4,2,2,4,5,,,8,4,,,4,1,2,2,1,1,2,1,4,6,5,1,1,1,1,1,6,1,1,3,6,2,5,,6,,,4,8,9,10,4,8,10,3,9,10,4,7,5,3,10,3,1,10,10,4,3,5,4,7,3,8,3,5,3,7,3,6,2,4,6,5,7,4,6,5,,,2,4,,,4,10,3,5,4,6,7,9,7,8,7,10,3,2,2,8,9,5,4,3,6,6,5,6,,2,,,b'\x11\xe8\xe1I\xeaG\xc2d\x9a\xbe\x12\xdf\x17\xaeN\x1e'
11E8E149-EA47-C264-9ABE-12DF17AE4E1E,2018-ncaa-d3-natl,ncaa,89,114,68,106,70,44,60,137,29,56,125,23,182,198,153,281,12,19,91,19,27,91,88,44,30,41,245,324,62,209,215,82,164,132,162,101,247,294,189,159,71,94,246,307,,,281,162,,,87,67,121,70,37,66,213,59,199,212,253,17,21,22,136,147,284,125,208,117,210,80,288,,206,,,88,346,386,399,224,383,381,255,257,324,111,236,166,106,416,110,50,376,366,210,196,183,99,179,89,297,164,204,215,231,162,287,112,104,158,159,205,122,368,318,,,50,89,,,87,379,51,178,92,229,298,325,314,309,201,258,106,66,70,261,303,201,117,146,212,137,134,330,,61,,,b'\x11\xe8\xe1I\xeaG\xc2d\x9a\xbe\x12\xdf\x17\xaeN\x1e'
11E8E149-EA47-C264-9ABE-12DF17AE4E1E,2019-ncaa-d3-conf-HCAC,ncaa,3,3,1,3,3,2,2,1,3,2,1,3,4,6,3,8,1,1,3,1,3,1,1,3,2,2,7,8,2,1,3,5,3,3,2,2,1,7,3,2,1,1,7,8,,,6,6,,,3,1,2,9,2,2,1,3,2,5,7,1,1,1,1,2,2,7,5,2,5,1,8,,5,,,3,5,9,7,8,9,8,8,6,5,4,6,3,4,3,4,2,7,10,8,5,3,2,4,3,3,3,6,3,6,2,6,2,1,1,3,2,1,9,8,,,2,6,,,3,10,3,2,3,3,6,4,8,7,4,4,3,3,3,3,7,2,4,3,4,1,2,9,,5,,,b'\x11\xe8\xe1I\xeaG\xc2d\x9a\xbe\x12\xdf\x17\xaeN\x1e'
11E8E149-EA47-C264-9ABE-12DF17AE4E1E,2019-ncaa-d3-natl,ncaa,78,90,67,92,106,52,79,69,138,75,74,168,171,211,139,327,8,11,98,10,53,47,63,157,103,82,204,317,27,63,92,196,117,114,126,59,76,190,61,59,19,16,245,277,,,291,220,,,93,77,141,214,45,101,110,84,96,225,271,2,10,9,60,95,79,312,175,68,117,18,287,,209,,,94,339,367,266,375,341,275,333,360,243,413,224,125,132,156,136,117,237,329,379,355,234,180,300,79,110,117,296,92,225,126,313,176,59,55,117,99,36,440,401,,,69,169,,,93,363,67,180,97,224,276,139,265,179,299,163,88,93,94,99,206,58,201,125,245,70,60,435,,100,,,b'\x11\xe8\xe1I\xeaG\xc2d\x9a\xbe\x12\xdf\x17\xaeN\x1e'
11E8E149-EA47-C264-9ABE-12DF17AE4E1E,2020-ncaa-d3-conf-HCAC,ncaa,2,2,1,2,1,2,3,4,1,2,2,2,3,8,1,8,2,2,5,2,5,4,3,2,2,2,8,7,6,5,4,4,4,4,4,1,1,3,3,1,2,1,7,7,,,8,8,,,2,2,4,7,2,3,5,2,2,3,8,2,2,2,5,5,7,6,6,1,3,2,7,,7,,,2,5,6,6,6,6,4,6,8,6,5,7,6,7,3,7,8,7,9,5,6,3,7,7,6,5,4,4,4,5,4,10,9,3,3,3,4,5,8,4,,,2,4,,,2,9,2,3,2,4,5,2,6,2,7,5,5,5,5,3,5,3,4,4,8,3,4,8,,3,,,b'\x11\xe8\xe1I\xeaG\xc2d\x9a\xbe\x12\xdf\x17\xaeN\x1e'
11E8E149-EA47-C264-9ABE-12DF17AE4E1E,2020-ncaa-d3-natl,ncaa,79,63,126,79,173,161,156,267,49,124,130,160,220,372,4,384,116,122,199,119,185,232,292,67,68,60,272,295,164,293,214,318,252,318,240,93,55,92,124,46,81,59,279,253,,,266,332,,,149,276,345,303,167,158,336,119,145,244,387,130,121,122,302,369,329,387,378,82,71,84,295,,259,,,151,197,197,111,314,152,91,307,304,236,357,308,181,201,148,211,303,104,147,336,330,255,301,318,190,153,252,101,214,103,240,348,402,139,95,262,127,156,402,362,,,200,121,,,149,171,79,245,142,168,172,61,137,53,280,213,165,180,192,62,91,132,68,79,318,152,110,397,,216,,,b'\x11\xe8\xe1I\xeaG\xc2d\x9a\xbe\x12\xdf\x17\xaeN\x1e'
11E8E149-EA47-C264-9ABE-12DF17AE4E1E,2021-ncaa-d3-conf-HCAC,ncaa,3,3,5,3,5,4,4,4,4,4,3,5,6,6,6,9,3,3,8,3,7,4,4,6,7,4,8,9,5,4,4,6,9,6,8,4,6,6,1,3,2,2,7,9,,,7,8,,,4,4,1,4,2,2,1,1,1,5,7,3,3,3,1,1,3,8,6,5,3,1,9,,9,,,4,7,7,6,9,7,6,10,4,7,2,5,7,7,4,7,6,6,7,9,8,5,2,3,5,8,9,6,4,7,8,7,5,2,2,4,6,2,6,1,,,4,6,,,4,7,3,7,4,9,9,6,9,7,6,6,8,7,7,7,9,9,9,9,8,1,4,4,,3,,,b'\x11\xe8\xe1I\xeaG\xc2d\x9a\xbe\x12\xdf\x17\xaeN\x1e'
11E8E149-EA47-C264-9ABE-12DF17AE4E1E,2021-ncaa-d3-natl,ncaa,35,115,47,80,53,55,54,50,119,40,30,142,109,106,142,242,40,29,176,30,126,47,53,149,149,128,221,233,94,46,110,87,244,73,209,54,121,200,66,81,27,33,101,152,,,247,220,,,99,52,113,110,107,103,90,64,38,203,228,73,52,53,65,100,94,250,215,109,74,32,167,,227,,,116,226,230,221,196,240,220,237,190,225,66,169,229,235,111,232,187,223,236,184,188,122,100,78,162,250,244,236,110,246,209,240,184,29,36,86,201,94,210,98,,,48,104,,,99,233,118,133,119,141,143,88,167,90,85,140,164,173,169,102,178,202,162,185,179,31,103,145,,89,,,b'\x11\xe8\xe1I\xeaG\xc2d\x9a\xbe\x12\xdf\x17\xaeN\x1e'
11E8E149-EA47-C264-9ABE-12DF17AE4E1E,2022-ncaa-d3-conf-HCAC,ncaa,3,4,3,4,3,2,2,1,6,1,1,7,7,8,7,9,1,2,4,2,8,1,2,7,7,6,10,9,3,1,3,3,4,3,5,4,8,6,1,3,1,2,6,6,,,7,5,,,4,2,2,7,2,2,1,1,1,9,9,2,2,2,1,2,2,6,4,7,2,2,6,,5,,,4,9,9,8,6,8,7,6,8,7,7,7,7,5,10,5,5,8,9,6,6,5,5,7,5,4,4,9,3,9,5,8,6,1,2,3,4,2,10,5,,,5,8,,,4,9,4,5,4,5,6,5,5,3,7,6,5,4,4,4,8,5,6,6,7,1,2,10,,6,,,b'\x11\xe8\xe1I\xeaG\xc2d\x9a\xbe\x12\xdf\x17\xaeN\x1e'
11E8E149-EA47-C264-9ABE-12DF17AE4E1E,2022-ncaa-d3-natl,ncaa,168,156,250,168,271,131,144,115,216,107,51,263,274,315,197,369,56,60,152,62,216,95,171,245,224,149,294,345,86,65,83,240,129,157,144,178,263,45,10,73,154,139,247,233,,,226,243,,,176,220,87,153,65,73,19,50,15,280,295,24,34,39,13,53,32,192,78,145,48,121,252,,284,,,176,282,249,158,317,207,127,301,314,240,363,276,320,244,428,242,306,161,184,341,364,307,324,280,289,98,129,265,83,189,144,346,365,145,119,259,78,62,346,245,,,181,216,,,176,217,108,275,178,320,286,206,245,167,339,270,353,277,282,224,286,120,333,248,346,105,109,381,,102,,,b'\x11\xe8\xe1I\xeaG\xc2d\x9a\xbe\x12\xdf\x17\xaeN\x1e'
11E8E149-EA47-C264-9ABE-12DF17AE4E1E,2023-ncaa-d3-conf-HCAC,ncaa,2,3,2,2,3,3,2,3,2,1,1,4,9,9,6,10,1,1,3,1,6,3,3,3,3,3,9,9,1,3,2,4,1,3,2,3,6,5,3,3,3,4,5,3,,,3,3,,,2,4,5,6,3,2,4,1,1,9,9,1,2,2,3,4,3,4,3,4,5,4,5,,3,,,2,5,6,8,5,5,5,5,8,7,7,6,3,3,2,3,3,6,5,6,5,2,3,8,2,2,1,4,2,3,2,7,5,3,3,3,7,4,8,3,,,4,4,,,2,7,3,2,2,2,3,4,5,4,5,4,3,3,3,3,3,1,2,2,5,3,6,7,,5,,,b'\x11\xe8\xe1I\xeaG\xc2d\x9a\xbe\x12\xdf\x17\xaeN\x1e'
11E8E149-EA47-C264-9ABE-12DF17AE4E1E,2023-ncaa-d3-natl,ncaa,107,85,185,101,240,163,171,176,169,88,56,222,372,387,285,404,41,63,69,61,203,148,192,246,200,152,372,407,40,152,145,201,80,176,111,227,302,99,81,173,156,145,149,125,,,111,109,,,174,213,180,288,129,147,131,57,29,384,397,31,47,47,96,165,130,183,152,233,104,156,148,,93,,,176,211,233,187,253,135,123,210,377,305,394,350,111,82,343,79,122,147,174,300,293,260,338,392,89,72,80,182,145,118,111,246,221,171,156,208,199,197,266,153,,,131,120,,,174,219,143,210,176,235,235,206,149,122,368,317,101,77,74,156,183,85,201,126,239,175,208,276,,86,,,b'\x11\xe8\xe1I\xeaG\xc2d\x9a\xbe\x12\xdf\x17\xaeN\x1e'
11E8E149-EA47-C264-9ABE-12DF17AE4E1E,2024-ncaa-d3-conf-HCAC,ncaa,2,2,4,2,6,4,4,5,2,1,1,3,10,10,5,10,1,1,3,1,8,5,6,3,3,2,10,10,4,7,4,3,5,4,4,2,3,2,2,2,4,2,3,3,,,2,2,,,2,5,4,4,3,3,4,1,1,10,10,1,1,1,3,5,7,1,5,2,2,3,3,,2,,,2,2,2,5,3,4,8,3,2,5,2,5,2,2,1,2,2,4,6,3,2,2,2,4,3,5,5,3,4,4,4,2,3,3,3,3,2,3,4,2,,,4,3,,,2,6,2,2,2,2,3,5,5,6,3,4,2,2,2,4,4,6,2,4,3,3,3,3,,3,,,b'\x11\xe8\xe1I\xeaG\xc2d\x9a\xbe\x12\xdf\x17\xaeN\x1e'
11E8E149-EA47-C264-9ABE-12DF17AE4E1E,2024-ncaa-d3-natl,ncaa,89,87,112,98,143,72,68,120,34,26,34,82,331,383,102,410,48,80,44,81,288,103,146,84,59,41,396,402,141,224,233,105,148,152,158,79,174,75,49,41,106,127,44,55,,,119,70,,,73,131,169,152,45,36,113,17,24,350,396,48,86,90,96,179,258,102,164,56,63,119,41,,90,,,68,209,265,288,173,262,279,175,232,253,197,231,90,108,100,118,97,257,285,178,136,133,151,257,83,222,148,216,233,216,158,224,182,140,167,164,158,135,305,149,,,176,199,,,73,287,58,130,74,163,214,248,227,237,214,230,69,87,92,203,236,189,164,171,199,154,135,294,,199,,,b'\x11\xe8\xe1I\xeaG\xc2d\x9a\xbe\x12\xdf\x17\xaeN\x1e'
11E8E149-EA47-C264-9ABE-12DF17AE4E1E,2025-ncaa-d3-conf-HCAC,genius_ncaa,3,3,2,3,3,1,1,2,1,1,1,2,6,7,1,10,9,9,5,9,10,2,3,1,1,1,10,8,10,5,5,3,1,4,4,1,3,5,3,1,4,4,6,6,,,4,1,,7,2,3,3,7,1,1,1,1,1,7,9,9,10,10,1,3,8,6,6,1,4,3,6,,2,,7,2,7,10,8,9,9,7,8,6,6,5,5,2,2,7,2,2,7,8,7,6,4,2,4,1,1,1,7,5,4,4,6,2,2,3,4,4,2,3,2,,,9,10,,10,2,8,2,3,2,4,7,6,8,4,4,5,2,2,2,4,5,1,5,4,3,3,3,3,,10,,10,b'\x11\xe8\xe1I\xeaG\xc2d\x9a\xbe\x12\xdf\x17\xaeN\x1e'
11E8E149-EA47-C264-9ABE-12DF17AE4E1E,2025-ncaa-d3-natl,genius_ncaa,68,75,55,80,97,43,25,51,26,10,10,58,305,364,101,399,108,159,57,163,382,58,92,59,60,42,408,392,304,178,232,103,44,142,127,66,280,66,20,31,124,154,126,175,,,89,38,,272,100,69,137,258,34,17,63,7,14,346,387,132,207,211,70,166,245,175,213,70,32,164,150,,29,,243,98,361,387,360,348,397,371,341,242,229,258,151,110,62,411,64,19,319,313,324,310,296,42,142,48,71,44,286,232,185,127,293,105,150,210,235,91,48,300,112,,,209,316,,379,100,351,49,236,100,265,325,258,348,309,177,150,61,25,28,189,178,46,190,101,236,216,61,267,,296,,388,b'\x11\xe8\xe1I\xeaG\xc2d\x9a\xbe\x12\xdf\x17\xaeN\x1e'
11E8E149-EA47-C264-9ABE-12DF17AE4E1E,2026-ncaa-d3-conf-HCAC,genius_ncaa,4,4,1,4,3,6,3,5,4,1,1,2,9,7,10,9,9,9,1,9,10,6,4,7,7,8,10,9,9,4,3,5,6,6,4,3,6,9,10,7,6,5,2,2,,,3,2,,6,4,5,5,3,6,3,5,1,1,9,7,9,9,9,6,4,4,5,6,3,9,6,2,,3,,6,4,4,3,4,3,2,5,4,4,6,2,8,6,5,10,6,5,4,5,3,3,2,6,4,8,5,6,4,3,4,4,5,7,5,4,4,6,6,2,2,,,4,7,,7,4,6,7,2,4,4,3,4,2,5,4,6,6,5,6,4,5,5,4,4,5,5,6,2,,4,,7,b'\x11\xe8\xe1I\xeaG\xc2d\x9a\xbe\x12\xdf\x17\xaeN\x1e'
11E8E149-EA47-C264-9ABE-12DF17AE4E1E,2026-ncaa-d3-natl,genius_ncaa,98,68,215,92,249,122,86,170,42,39,83,60,303,332,219,380,148,234,9,223,358,185,211,90,72,65,393,382,240,94,24,194,76,144,24,92,224,144,119,79,203,161,44,20,,,66,29,,234,68,235,88,113,14,10,27,2,5,310,338,81,200,189,35,50,34,68,30,38,185,146,18,,45,,278,58,176,176,190,161,165,148,235,237,295,120,353,132,112,289,107,128,173,158,180,172,220,233,299,131,106,76,102,24,95,24,191,216,284,271,259,211,210,90,33,,,241,294,,323,68,178,40,179,73,247,249,310,216,200,296,368,149,124,110,271,253,132,85,88,251,257,258,92,,176,,330,b'\x11\xe8\xe1I\xeaG\xc2d\x9a\xbe\x12\xdf\x17\xaeN\x1e'
11E8E149-EA4C-5C8E-9ABE-12DF17AE4E1E,2018-ncaa-d3-conf-ASC,ncaa,9,10,8,10,9,9,9,11,7,8,6,10,12,13,2,13,6,8,3,9,9,10,11,8,6,7,11,11,4,11,10,8,7,10,7,7,10,5,8,7,10,10,9,8,,,5,9,,,9,12,11,2,8,8,9,6,4,12,13,3,5,5,9,10,9,6,9,7,7,10,7,,9,,,9,7,6,3,11,10,1,12,6,7,4,9,6,7,9,7,9,3,3,12,11,10,6,6,6,4,7,4,10,3,7,6,7,10,9,10,8,12,13,12,,,9,3,,,9,4,8,10,9,10,9,8,10,5,8,8,9,8,8,7,5,6,7,6,8,10,11,13,,5,,,b'\x11\xe8\xe1I\xeaL\\\x8e\x9a\xbe\x12\xdf\x17\xaeN\x1e'
11E8E149-EA4C-5C8E-9ABE-12DF17AE4E1E,2018-ncaa-d3-natl,ncaa,346,394,123,365,140,200,227,243,216,171,123,284,321,376,120,390,71,60,185,60,115,200,153,243,206,255,277,357,43,115,74,246,281,175,152,248,266,354,331,317,272,314,307,311,,,410,420,,,323,185,258,77,238,268,326,191,139,345,401,61,64,63,258,208,123,316,219,287,326,312,324,,411,,,313,394,338,233,347,354,208,405,226,298,107,247,433,429,335,428,426,317,279,336,377,381,262,114,406,286,281,115,74,162,152,302,191,264,327,311,401,390,385,340,,,56,37,,,323,267,232,382,314,350,294,194,309,164,207,274,428,423,423,266,219,245,76,124,260,315,381,377,,41,,,b'\x11\xe8\xe1I\xeaL\\\x8e\x9a\xbe\x12\xdf\x17\xaeN\x1e'
11E8E149-EA4C-5C8E-9ABE-12DF17AE4E1E,2019-ncaa-d3-conf-ASC,ncaa,4,4,4,4,7,4,5,4,7,7,6,7,4,4,8,4,6,7,5,6,8,4,6,7,7,5,3,4,9,7,10,4,6,5,7,5,7,2,2,3,6,7,2,2,,,8,6,,,4,6,7,7,4,5,3,7,10,4,2,6,6,6,3,9,8,2,6,5,2,7,2,,7,,,4,6,7,11,4,9,12,4,3,4,3,2,9,9,7,9,4,10,9,4,4,4,3,2,10,8,6,11,10,11,7,2,1,6,7,3,2,2,9,9,,,5,6,,,4,9,5,4,4,4,4,8,7,12,2,4,10,10,10,10,9,8,11,10,2,8,2,10,,5,,,b'\x11\xe8\xe1I\xeaL\\\x8e\x9a\xbe\x12\xdf\x17\xaeN\x1e'
11E8E149-EA4C-5C8E-9ABE-12DF17AE4E1E,2019-ncaa-d3-natl,ncaa,118,90,215,103,224,152,174,152,226,222,245,217,97,77,175,88,160,174,179,170,136,149,207,191,188,126,100,102,220,258,334,159,144,207,262,142,145,56,34,61,122,130,88,95,,,323,311,,,138,184,136,37,107,145,73,216,240,73,66,135,146,145,75,150,254,101,150,114,60,110,77,,351,,,132,174,145,195,137,211,267,148,80,127,86,103,356,364,226,363,330,231,258,109,141,141,207,81,384,181,144,358,334,298,262,97,99,162,177,107,99,91,287,299,,,153,137,,,138,282,145,130,132,206,173,242,233,297,84,122,370,370,376,283,311,193,372,317,121,140,111,305,,107,,,b'\x11\xe8\xe1I\xeaL\\\x8e\x9a\xbe\x12\xdf\x17\xaeN\x1e'
11E8E149-EA4C-5C8E-9ABE-12DF17AE4E1E,2020-ncaa-d3-conf-ASC,ncaa,3,3,2,3,2,3,3,4,3,4,5,2,4,3,4,5,4,7,3,7,4,5,6,2,1,2,7,5,8,8,7,2,4,4,5,3,4,6,6,2,9,10,1,1,,,10,4,,,4,4,9,4,4,3,10,5,8,4,6,6,8,8,9,12,10,1,4,3,3,11,1,,6,,,4,7,6,9,3,5,8,3,7,8,3,7,8,11,2,11,5,10,9,3,3,4,8,7,6,10,4,7,7,8,5,4,3,8,9,6,8,8,6,7,,,4,3,,,4,9,3,4,4,4,4,7,3,6,5,7,6,6,6,6,6,7,3,4,3,11,5,4,,5,,,b'\x11\xe8\xe1I\xeaL\\\x8e\x9a\xbe\x12\xdf\x17\xaeN\x1e'
11E8E149-EA4C-5C8E-9ABE-12DF17AE4E1E,2020-ncaa-d3-natl,ncaa,61,63,65,69,75,58,61,97,64,95,197,35,55,54,123,104,93,124,110,125,137,99,85,51,48,62,148,138,253,246,289,48,128,99,170,46,76,280,191,83,81,119,32,28,,,377,291,,,63,47,129,89,62,74,159,121,294,66,79,131,177,178,150,156,318,52,163,41,222,99,35,,316,,,62,241,178,322,72,191,271,109,188,317,31,251,383,402,94,398,367,364,380,68,89,71,293,166,374,270,128,315,289,306,170,111,87,85,147,59,313,251,205,204,,,68,138,,,63,392,96,74,78,148,110,206,124,170,134,256,338,369,366,237,281,212,211,209,80,132,265,174,,112,,,b'\x11\xe8\xe1I\xeaL\\\x8e\x9a\xbe\x12\xdf\x17\xaeN\x1e'
11E8E149-EA4C-5C8E-9ABE-12DF17AE4E1E,2021-ncaa-d3-conf-ASC,ncaa,2,3,3,3,3,2,2,3,3,3,4,3,2,5,2,8,3,5,1,5,9,3,3,2,2,2,7,7,10,5,8,3,4,3,4,3,5,7,2,3,8,9,2,2,,,5,1,,,2,4,5,6,2,2,5,2,4,4,7,4,8,9,6,8,9,4,4,4,2,10,2,,1,,,2,7,10,9,4,10,10,6,6,9,1,5,5,5,2,5,2,9,9,3,4,3,1,3,4,7,4,10,8,9,4,8,4,4,8,5,6,3,11,9,,,2,2,,,2,9,2,3,2,4,4,7,6,9,2,5,2,2,2,6,6,5,3,4,4,8,3,10,,3,,,b'\x11\xe8\xe1I\xeaL\\\x8e\x9a\xbe\x12\xdf\x17\xaeN\x1e'
11E8E149-EA4C-5C8E-9ABE-12DF17AE4E1E,2021-ncaa-d3-natl,ncaa,8,149,9,74,9,10,9,10,83,8,11,91,17,14,88,146,7,13,27,13,100,10,11,85,60,62,116,149,81,23,184,7,66,12,119,15,140,266,107,94,40,186,5,42,,,266,65,,,25,11,86,71,55,75,104,80,115,94,126,38,72,78,79,102,169,43,90,96,109,178,35,,76,,,63,269,272,274,97,276,277,131,234,269,34,104,267,269,78,269,115,273,274,78,71,79,58,50,140,265,66,278,184,274,119,262,83,15,134,98,259,89,277,209,,,5,24,,,25,275,74,67,69,110,127,168,163,180,49,112,130,142,141,158,171,100,164,142,98,120,98,229,,23,,,b'\x11\xe8\xe1I\xeaL\\\x8e\x9a\xbe\x12\xdf\x17\xaeN\x1e'
11E8E149-EA4C-5C8E-9ABE-12DF17AE4E1E,2022-ncaa-d3-conf-ASC,ncaa,2,2,5,2,7,3,3,4,1,3,7,1,1,1,1,1,6,8,6,8,6,5,5,1,1,1,3,1,10,4,3,4,4,4,3,3,4,5,5,3,7,8,2,4,,,5,3,,,1,6,4,6,1,2,5,5,10,1,1,9,9,9,7,6,4,3,3,2,5,8,4,,2,,,1,6,4,7,3,7,7,4,2,5,1,4,5,5,7,5,3,7,7,3,2,2,2,1,7,7,4,6,3,6,3,3,3,6,7,3,8,6,2,3,,,5,5,,,1,6,1,2,1,3,4,6,4,6,1,4,3,3,2,5,5,4,2,2,2,8,6,3,,6,,,b'\x11\xe8\xe1I\xeaL\\\x8e\x9a\xbe\x12\xdf\x17\xaeN\x1e'
11E8E149-EA4C-5C8E-9ABE-12DF17AE4E1E,2022-ncaa-d3-natl,ncaa,62,39,188,46,231,91,99,201,41,189,318,21,34,53,24,37,179,222,98,221,108,208,216,19,20,32,50,35,317,231,204,136,113,170,118,58,54,198,202,71,192,199,132,140,,,201,193,,,55,212,164,290,37,53,181,193,375,19,38,170,212,216,194,206,242,105,170,32,199,198,132,,188,,,52,170,165,200,154,231,205,228,63,183,16,174,282,284,259,281,276,207,207,121,135,134,123,51,320,156,113,147,204,146,118,186,180,178,176,144,266,253,80,150,,,158,141,,,55,224,39,124,50,152,147,169,220,210,47,166,278,275,275,184,210,141,123,135,159,182,259,62,,138,,,b'\x11\xe8\xe1I\xeaL\\\x8e\x9a\xbe\x12\xdf\x17\xaeN\x1e'
11E8E149-EA4C-5C8E-9ABE-12DF17AE4E1E,2023-ncaa-d3-conf-ASC,ncaa,1,1,4,1,6,1,1,4,1,3,6,1,1,1,1,2,1,1,1,1,2,4,4,1,1,1,2,2,7,5,2,2,3,3,1,1,1,2,2,1,7,6,4,4,,,1,1,,,1,6,6,8,1,1,4,3,9,1,1,1,1,1,3,4,4,1,2,1,2,6,4,,1,,,1,2,4,8,3,8,8,3,2,3,1,4,1,1,1,1,1,6,4,2,1,2,2,3,1,5,3,1,2,1,1,1,1,7,7,5,4,3,4,5,,,2,3,,,1,5,1,4,1,4,4,6,8,8,2,3,1,1,1,5,4,5,1,2,2,8,3,4,,1,,,b'\x11\xe8\xe1I\xeaL\\\x8e\x9a\xbe\x12\xdf\x17\xaeN\x1e'
11E8E149-EA4C-5C8E-9ABE-12DF17AE4E1E,2023-ncaa-d3-natl,ncaa,26,21,63,21,93,16,32,115,3,59,217,2,30,70,12,112,15,22,26,21,19,90,83,2,2,3,87,127,116,143,67,34,106,60,31,22,84,284,192,53,182,259,96,142,,,229,126,,,23,71,157,288,9,19,216,68,323,36,99,11,29,27,149,168,189,36,82,17,211,246,111,,146,,,25,324,340,376,191,346,387,174,221,236,199,128,244,278,98,293,160,372,344,161,141,190,121,163,164,233,106,72,67,116,31,182,62,185,280,183,211,137,245,264,,,19,14,,,23,354,6,170,25,209,242,270,273,303,171,162,180,209,223,264,226,165,19,49,124,266,152,198,,17,,,b'\x11\xe8\xe1I\xeaL\\\x8e\x9a\xbe\x12\xdf\x17\xaeN\x1e'
11E8E149-EA4C-5C8E-9ABE-12DF17AE4E1E,2024-ncaa-d3-conf-ASC,ncaa,1,1,1,1,1,1,1,2,1,2,5,1,1,1,1,1,4,4,1,4,5,2,2,1,1,1,2,1,10,3,4,2,4,3,4,1,2,2,2,1,4,5,5,7,,,8,5,,,1,1,5,1,1,1,2,3,6,1,1,5,7,8,2,4,3,3,3,1,2,5,6,,4,,,1,7,8,9,4,9,9,5,1,2,1,2,3,5,2,5,2,9,10,3,2,2,1,1,3,7,4,7,4,9,4,4,3,2,5,2,2,2,10,10,,,2,5,,,1,9,1,2,1,3,4,6,8,9,1,2,2,3,3,6,8,6,5,4,3,5,1,10,,3,,,b'\x11\xe8\xe1I\xeaL\\\x8e\x9a\xbe\x12\xdf\x17\xaeN\x1e'
11E8E149-EA4C-5C8E-9ABE-12DF17AE4E1E,2024-ncaa-d3-natl,ncaa,9,17,8,18,8,2,5,12,15,28,87,13,3,9,11,53,5,8,16,9,39,8,7,8,5,3,58,59,203,59,169,22,116,31,133,3,107,230,39,13,60,170,211,306,,,415,298,,,18,7,110,36,4,11,52,77,268,3,21,17,45,45,34,88,170,144,141,16,77,144,285,,324,,,19,419,407,410,298,413,417,294,156,179,140,35,424,420,354,420,291,420,421,249,294,247,90,27,350,304,116,395,169,384,133,296,60,36,122,97,246,69,420,400,,,4,52,,,18,421,4,198,22,283,266,200,329,314,50,46,377,357,359,236,283,128,197,160,154,103,104,402,,22,,,b'\x11\xe8\xe1I\xeaL\\\x8e\x9a\xbe\x12\xdf\x17\xaeN\x1e'
11E8E149-EA4C-5C8E-9ABE-12DF17AE4E1E,2025-ncaa-d3-conf-ASC,genius_ncaa,3,3,1,3,1,2,1,1,3,1,1,3,2,2,3,4,3,2,4,2,5,1,1,3,3,2,4,4,4,1,1,4,3,2,3,2,5,3,1,2,1,1,3,3,,,5,5,,2,2,1,1,1,2,1,1,1,1,3,3,4,3,2,1,1,1,4,3,2,2,1,3,,5,,2,2,3,3,2,4,3,3,3,2,1,4,1,5,5,3,5,5,3,3,4,4,3,3,1,5,3,3,3,1,3,3,3,3,1,1,2,2,1,5,4,,,2,4,,2,2,4,2,3,3,3,3,1,3,2,2,1,5,5,5,2,3,2,3,3,3,1,1,5,,2,,2,b'\x11\xe8\xe1I\xeaL\\\x8e\x9a\xbe\x12\xdf\x17\xaeN\x1e'
11E8E149-EA4C-5C8E-9ABE-12DF17AE4E1E,2025-ncaa-d3-natl,genius_ncaa,68,44,192,53,218,85,92,75,144,122,153,131,74,66,135,126,85,46,309,48,79,65,110,122,133,80,129,139,201,47,52,233,130,119,98,172,343,50,16,92,47,31,206,187,,,344,377,,319,51,154,107,127,27,41,27,86,111,52,49,60,32,34,22,53,26,225,69,158,60,30,211,,373,,333,44,128,86,72,175,112,110,199,76,94,120,133,354,360,206,355,373,109,214,166,218,112,263,102,391,102,130,246,52,173,98,152,264,63,46,64,15,12,291,253,,,109,168,,177,51,259,48,85,52,150,95,73,131,119,92,99,361,365,363,121,252,106,259,193,166,44,27,308,,71,,175,b'\x11\xe8\xe1I\xeaL\\\x8e\x9a\xbe\x12\xdf\x17\xaeN\x1e'
11E8E149-EA4C-5C8E-9ABE-12DF17AE4E1E,2026-ncaa-d3-natl,genius_ncaa,13,21,116,27,139,122,148,119,258,211,170,302,50,70,73,113,78,79,230,82,101,109,175,211,213,97,46,62,158,59,102,216,158,138,181,99,100,36,9,14,59,46,145,97,,,314,366,,387,35,221,338,113,117,179,78,272,204,51,66,94,80,85,66,230,61,269,156,109,5,65,172,,316,,386,37,123,85,129,42,79,99,97,142,226,68,320,286,256,322,245,363,143,191,51,103,37,353,218,392,159,158,288,102,252,181,149,344,68,36,55,13,1,311,301,,,132,134,,47,35,205,58,40,33,22,15,24,23,22,96,185,282,234,225,24,83,129,290,214,96,64,3,309,,152,,62,b'\x11\xe8\xe1I\xeaL\\\x8e\x9a\xbe\x12\xdf\x17\xaeN\x1e'
11E8E149-EA51-10DA-9ABE-12DF17AE4E1E,2018-ncaa-d3-conf-Empire 8,ncaa,6,6,5,6,5,4,4,7,1,2,6,1,6,9,6,8,5,8,1,8,8,7,8,2,1,1,8,9,7,5,4,8,8,7,5,4,5,1,3,1,5,5,6,5,,,1,1,,,4,9,8,1,3,1,7,1,4,6,8,4,8,8,7,8,5,8,7,1,1,5,6,,1,,,4,4,6,2,7,2,1,6,9,9,9,9,3,2,2,2,4,2,2,8,8,8,8,9,2,7,8,1,4,2,5,5,6,7,5,7,2,4,1,1,,,8,7,,,4,2,3,8,4,7,6,5,3,2,9,9,3,2,2,5,5,8,3,4,7,6,3,1,,8,,,b'\x11\xe8\xe1I\xeaQ\x10\xda\x9a\xbe\x12\xdf\x17\xaeN\x1e'
11E8E149-EA51-10DA-9ABE-12DF17AE4E1E,2018-ncaa-d3-natl,ncaa,299,327,197,314,218,261,241,323,153,193,260,130,316,327,288,293,232,318,16,312,315,329,345,183,157,174,324,338,196,287,213,330,382,330,299,263,271,134,229,223,246,245,244,193,,,93,106,,,287,354,402,105,262,250,351,175,256,324,336,229,346,341,368,391,300,370,371,271,146,261,242,,73,,,284,252,275,208,286,143,79,323,428,419,351,433,73,78,197,77,142,171,144,351,323,344,390,435,51,358,382,85,213,180,299,295,246,308,292,339,170,263,125,138,,,315,227,,,287,90,195,372,288,268,288,247,158,72,427,423,70,74,72,198,140,350,92,199,295,325,180,118,,337,,,b'\x11\xe8\xe1I\xeaQ\x10\xda\x9a\xbe\x12\xdf\x17\xaeN\x1e'
11E8E149-EA51-10DA-9ABE-12DF17AE4E1E,2019-ncaa-d3-conf-Empire 8,ncaa,1,1,1,1,2,1,1,1,1,1,2,1,3,6,1,6,1,4,1,4,7,1,2,1,1,1,6,6,8,3,2,2,3,2,2,1,8,1,1,1,4,5,6,7,,,4,2,,,1,1,6,2,1,1,2,1,3,4,6,3,5,5,1,4,4,2,2,1,1,5,7,,2,,,1,7,7,9,3,6,9,3,8,9,3,8,3,3,6,3,3,9,9,3,3,3,6,7,3,9,3,6,2,6,2,7,4,3,4,3,5,1,1,2,,,2,4,,,1,9,1,3,1,3,5,7,3,7,7,8,2,2,3,7,8,4,3,3,5,4,2,1,,3,,,b'\x11\xe8\xe1I\xeaQ\x10\xda\x9a\xbe\x12\xdf\x17\xaeN\x1e'
11E8E149-EA51-10DA-9ABE-12DF17AE4E1E,2019-ncaa-d3-natl,ncaa,24,29,42,31,48,29,27,45,29,26,62,37,100,136,65,266,57,131,19,134,281,48,72,34,32,19,291,249,291,139,183,27,150,49,114,42,220,137,40,35,209,290,240,307,,,222,89,,,36,66,211,114,35,23,106,30,122,134,218,118,217,221,111,222,235,67,98,66,45,286,296,,106,,,39,286,320,409,88,323,374,152,246,398,20,306,198,196,225,200,115,406,393,72,66,97,157,200,150,333,150,279,183,315,114,283,198,134,231,192,197,108,137,57,,,82,168,,,36,388,21,99,36,132,165,299,192,243,150,313,123,121,118,260,247,242,125,159,173,229,112,80,,166,,,b'\x11\xe8\xe1I\xeaQ\x10\xda\x9a\xbe\x12\xdf\x17\xaeN\x1e'
11E8E149-EA51-10DA-9ABE-12DF17AE4E1E,2020-ncaa-d3-conf-Empire 8,ncaa,3,4,3,4,4,5,5,5,4,3,3,6,6,7,3,7,3,3,1,3,4,4,4,6,5,4,5,7,2,6,6,4,3,4,5,5,7,1,2,4,3,1,4,3,,,3,4,,,5,4,8,5,5,5,8,4,3,6,7,2,2,2,6,8,8,4,6,6,1,3,3,,2,,,5,3,3,4,4,4,4,4,3,4,5,4,2,2,4,2,4,3,5,4,4,4,3,3,5,4,3,5,6,5,5,3,4,5,2,3,5,5,5,4,,,4,2,,,5,5,5,4,5,2,3,3,3,3,3,4,3,3,3,2,2,3,5,4,3,4,4,4,,4,,,b'\x11\xe8\xe1I\xeaQ\x10\xda\x9a\xbe\x12\xdf\x17\xaeN\x1e'
11E8E149-EA51-10DA-9ABE-12DF17AE4E1E,2020-ncaa-d3-natl,ncaa,170,198,126,190,169,218,224,215,226,173,160,202,307,274,322,296,130,154,142,151,209,201,250,244,232,196,293,330,115,260,296,171,150,210,231,229,253,99,104,166,187,174,177,145,,,129,142,,,167,246,320,292,249,262,269,188,197,319,290,139,180,173,256,330,293,193,253,249,74,208,187,,91,,,168,114,149,187,145,102,117,171,304,329,206,359,65,78,98,75,120,146,154,180,134,135,287,366,92,174,150,285,296,248,231,196,237,184,160,189,142,152,182,160,,,185,134,,,167,178,221,134,174,101,136,141,98,76,280,311,49,55,51,101,99,145,238,205,177,199,120,172,,196,,,b'\x11\xe8\xe1I\xeaQ\x10\xda\x9a\xbe\x12\xdf\x17\xaeN\x1e'
11E8E149-EA51-10DA-9ABE-12DF17AE4E1E,2022-ncaa-d3-conf-Empire 8,ncaa,2,2,4,2,5,2,2,3,2,1,1,1,6,7,3,7,3,2,7,2,3,2,2,3,3,3,7,7,4,2,2,4,2,3,2,4,6,5,5,3,1,1,3,2,,,9,9,,,2,2,1,5,2,1,1,1,2,6,6,2,1,1,1,1,2,4,2,4,5,1,2,,9,,,2,3,1,2,1,2,4,1,3,2,6,2,9,9,9,9,9,5,6,1,3,2,9,4,9,2,2,4,2,2,2,3,6,1,1,1,4,4,4,2,,,4,5,,,2,8,3,2,2,2,1,2,2,3,3,2,9,9,9,2,6,2,6,2,3,1,5,4,,4,,,b'\x11\xe8\xe1I\xeaQ\x10\xda\x9a\xbe\x12\xdf\x17\xaeN\x1e'
11E8E149-EA51-10DA-9ABE-12DF17AE4E1E,2022-ncaa-d3-natl,ncaa,96,79,188,93,231,129,140,153,158,136,125,188,162,200,112,276,98,48,322,47,111,125,115,165,178,185,214,235,150,57,44,119,165,85,86,164,245,291,228,225,70,66,72,47,,,371,363,,,61,144,93,290,96,119,105,110,105,172,224,81,50,50,68,60,46,78,42,160,281,59,62,,386,,,58,92,33,155,7,24,119,4,211,251,145,270,399,376,388,380,403,200,270,10,40,21,425,310,426,240,165,199,44,210,86,89,324,62,55,29,234,176,275,209,,,118,195,,,61,277,156,28,68,73,14,122,9,92,196,242,393,374,376,172,296,233,186,198,90,47,223,269,,95,,,b'\x11\xe8\xe1I\xeaQ\x10\xda\x9a\xbe\x12\xdf\x17\xaeN\x1e'
11E8E149-EA51-10DA-9ABE-12DF17AE4E1E,2023-ncaa-d3-conf-Empire 8,ncaa,7,7,7,7,7,9,9,7,9,8,6,9,10,9,10,9,7,7,7,7,8,8,8,10,10,9,8,9,2,3,3,8,5,6,4,8,9,8,8,9,4,3,3,2,,,8,9,,,7,8,7,3,9,9,6,8,3,10,9,5,6,6,7,4,2,7,3,8,8,3,3,,9,,,7,2,2,1,2,2,1,5,3,5,1,6,9,9,3,9,10,1,1,2,2,2,7,4,9,4,5,3,3,2,4,1,1,7,5,2,6,6,4,5,,,7,6,,,7,3,9,2,7,2,2,3,3,3,5,5,9,9,9,3,2,6,5,4,1,4,7,6,,6,,,b'\x11\xe8\xe1I\xeaQ\x10\xda\x9a\xbe\x12\xdf\x17\xaeN\x1e'
11E8E149-EA51-10DA-9ABE-12DF17AE4E1E,2023-ncaa-d3-natl,ncaa,316,325,271,328,308,367,361,311,382,287,149,393,399,397,392,399,292,282,315,284,347,307,301,402,398,388,381,400,93,167,134,257,175,207,149,374,338,281,331,377,211,162,122,87,,,229,337,,,303,332,286,271,391,379,289,279,75,411,403,289,259,261,299,230,116,186,142,388,307,184,104,,303,,,302,54,48,91,69,79,88,152,74,200,14,271,215,244,82,243,335,107,94,60,64,99,231,156,330,158,175,126,134,123,149,65,143,295,243,163,317,343,201,167,,,322,305,,,303,93,369,110,306,86,83,141,112,121,96,232,247,290,290,168,141,180,196,181,97,268,336,234,,319,,,b'\x11\xe8\xe1I\xeaQ\x10\xda\x9a\xbe\x12\xdf\x17\xaeN\x1e'
11E8E149-EA51-10DA-9ABE-12DF17AE4E1E,2024-ncaa-d3-conf-Empire 8,ncaa,4,4,2,4,2,4,4,4,4,4,4,5,4,6,6,6,3,2,8,2,4,3,3,4,4,4,7,6,5,2,3,6,5,6,3,4,1,7,5,4,4,4,4,5,,,8,8,,,4,3,9,4,5,4,6,4,5,5,6,6,3,4,5,6,3,9,7,4,5,4,5,,7,,,4,6,6,4,7,5,4,7,5,5,6,4,7,8,6,8,7,6,6,7,7,5,6,4,8,5,5,2,3,3,3,6,6,3,3,5,7,4,2,3,,,3,5,,,4,7,4,4,4,4,4,2,4,1,4,4,7,6,6,3,1,3,2,3,5,3,5,2,,5,,,b'\x11\xe8\xe1I\xeaQ\x10\xda\x9a\xbe\x12\xdf\x17\xaeN\x1e'
11E8E149-EA51-10DA-9ABE-12DF17AE4E1E,2024-ncaa-d3-natl,ncaa,184,232,63,208,73,212,213,185,243,192,162,256,239,236,248,275,164,121,323,125,157,171,132,261,260,282,246,262,155,106,96,221,260,163,171,97,5,336,295,187,148,168,148,152,,,349,345,,,229,156,312,151,294,282,309,250,228,276,288,221,173,175,290,262,137,337,250,121,272,195,193,,298,,,229,236,208,223,166,228,192,237,186,279,86,255,311,350,119,350,348,254,281,171,182,169,247,174,316,252,260,199,96,223,171,282,323,154,177,231,312,274,228,209,,,185,246,,,229,271,263,174,226,138,126,99,148,110,137,199,263,289,287,123,131,185,106,126,221,215,259,195,,273,,,b'\x11\xe8\xe1I\xeaQ\x10\xda\x9a\xbe\x12\xdf\x17\xaeN\x1e'
11E8E149-EA51-10DA-9ABE-12DF17AE4E1E,2025-ncaa-d3-conf-Empire 8,genius_ncaa,10,9,10,10,11,11,10,12,10,10,10,10,12,12,8,10,8,7,12,7,6,12,12,10,10,10,8,8,5,11,11,12,12,12,12,9,3,8,10,9,9,6,7,6,,,3,7,,7,10,12,12,7,10,10,12,10,9,12,12,7,5,5,12,12,11,12,12,9,8,7,6,,6,,8,10,3,5,1,11,7,2,11,4,1,8,6,2,3,4,4,5,1,1,11,11,10,3,5,4,5,12,3,11,3,12,7,8,8,2,7,5,8,5,9,,,8,1,,7,10,1,10,10,10,7,9,3,9,8,4,4,4,5,6,1,3,7,6,6,8,3,7,9,,5,,6,b'\x11\xe8\xe1I\xeaQ\x10\xda\x9a\xbe\x12\xdf\x17\xaeN\x1e'
11E8E149-EA51-10DA-9ABE-12DF17AE4E1E,2025-ncaa-d3-natl,genius_ncaa,326,334,290,335,299,377,375,329,391,370,305,393,327,266,374,196,346,286,396,285,195,329,352,388,394,375,175,198,164,324,332,403,394,395,402,335,99,130,236,287,224,184,304,301,,,92,133,,89,355,354,316,107,395,390,321,377,289,323,236,349,256,257,323,339,308,419,416,338,185,196,292,,123,,95,356,152,242,107,350,259,154,335,185,111,329,191,43,54,106,54,73,76,90,341,308,274,74,210,51,236,394,227,332,235,402,318,327,229,169,309,128,219,205,281,,,262,125,,250,355,71,371,294,358,239,304,198,302,217,228,165,51,71,71,155,165,282,301,303,338,188,177,257,,212,,248,b'\x11\xe8\xe1I\xeaQ\x10\xda\x9a\xbe\x12\xdf\x17\xaeN\x1e'
11E8E149-EA51-10DA-9ABE-12DF17AE4E1E,2026-ncaa-d3-natl,genius_ncaa,288,268,215,305,215,317,329,302,312,318,260,333,282,304,231,308,213,112,383,105,48,285,228,316,311,355,160,250,79,303,284,308,335,320,327,324,266,343,381,371,271,290,215,258,,,185,172,,271,326,208,127,1,322,331,310,304,221,290,304,143,42,40,238,81,281,307,313,326,391,240,202,,257,,303,332,216,234,208,258,258,274,176,176,95,347,33,201,244,78,245,200,218,203,242,210,231,127,142,198,250,335,172,284,198,327,269,287,234,242,279,307,341,151,192,,,111,42,,62,326,195,367,244,339,307,324,333,332,384,220,96,266,328,334,348,346,314,250,297,328,158,357,175,,18,,43,b'\x11\xe8\xe1I\xeaQ\x10\xda\x9a\xbe\x12\xdf\x17\xaeN\x1e'
11E8E149-EA55-C54E-9ABE-12DF17AE4E1E,2018-ncaa-d3-conf-Centennial,ncaa,2,3,1,3,3,4,4,4,4,5,8,3,5,3,7,3,6,9,1,9,8,5,6,4,4,4,6,6,9,6,8,4,4,4,5,2,1,2,5,2,7,6,1,1,,,2,3,,,3,6,11,10,5,5,9,5,11,6,4,7,10,10,10,11,8,5,6,3,2,10,1,,1,,,3,1,2,6,1,2,9,1,4,4,6,3,1,1,6,1,2,2,5,1,1,1,6,9,3,4,4,3,8,3,5,3,5,4,3,3,2,3,1,1,,,7,6,,,3,6,4,1,3,1,1,2,1,6,4,4,1,1,1,2,1,2,2,2,2,7,2,1,,9,,,b'\x11\xe8\xe1I\xeaU\xc5N\x9a\xbe\x12\xdf\x17\xaeN\x1e'
11E8E149-EA55-C54E-9ABE-12DF17AE4E1E,2018-ncaa-d3-natl,ncaa,52,68,43,72,64,187,172,156,189,164,179,168,188,161,249,157,269,349,26,353,390,189,262,194,190,123,265,197,343,188,200,55,88,91,97,72,16,48,51,20,339,343,15,17,,,63,52,,,66,281,442,403,305,274,353,264,327,235,237,357,420,425,393,438,287,124,214,98,12,404,21,,12,,,73,36,59,270,7,70,355,4,155,118,312,95,35,28,258,28,12,185,158,9,7,23,188,317,73,200,88,213,200,205,97,123,301,286,272,222,53,67,147,133,,,294,297,,,66,159,132,31,53,3,16,73,19,205,83,37,10,5,5,28,6,99,80,80,63,401,24,88,,421,,,b'\x11\xe8\xe1I\xeaU\xc5N\x9a\xbe\x12\xdf\x17\xaeN\x1e'
11E8E149-EA55-C54E-9ABE-12DF17AE4E1E,2019-ncaa-d3-conf-Centennial,ncaa,3,3,1,3,2,4,2,7,1,3,9,1,2,3,3,2,9,10,4,10,9,7,8,1,1,1,6,2,11,8,6,6,7,7,4,2,1,2,4,1,3,2,3,3,,,1,1,,,2,10,11,7,6,4,10,7,11,4,6,10,10,11,10,11,8,8,8,2,1,4,3,,1,,,3,1,2,7,1,2,3,1,7,5,6,8,1,2,3,2,1,4,5,2,2,1,6,9,3,7,7,2,6,3,4,3,6,4,3,2,5,4,1,1,,,9,9,,,2,4,1,3,1,1,1,3,2,3,4,3,1,1,1,2,1,5,1,2,2,5,3,1,,11,,,b'\x11\xe8\xe1I\xeaU\xc5N\x9a\xbe\x12\xdf\x17\xaeN\x1e'
11E8E149-EA55-C54E-9ABE-12DF17AE4E1E,2019-ncaa-d3-natl,ncaa,38,46,42,51,55,158,140,250,65,198,315,59,76,104,51,73,316,344,165,341,291,271,324,42,55,52,148,68,392,277,217,112,206,177,148,62,21,60,88,20,188,160,55,41,,,47,43,,,44,332,442,282,281,241,413,302,409,110,181,385,406,404,429,442,362,249,338,94,17,250,71,,10,,,48,25,41,183,9,39,198,8,146,198,113,256,38,39,101,39,42,120,137,11,5,14,250,348,99,286,206,135,217,190,148,38,132,202,160,77,42,64,191,261,,,333,296,,,44,117,60,30,28,3,6,30,9,62,76,101,10,10,9,13,7,174,36,62,14,316,17,128,,428,,,b'\x11\xe8\xe1I\xeaU\xc5N\x9a\xbe\x12\xdf\x17\xaeN\x1e'
11E8E149-EA55-C54E-9ABE-12DF17AE4E1E,2020-ncaa-d3-conf-Centennial,ncaa,1,1,1,1,1,3,2,2,2,5,4,3,1,5,2,7,6,6,6,6,8,2,3,2,2,2,3,2,9,2,2,2,6,1,2,2,2,2,1,1,4,5,1,1,,,1,1,,,1,4,11,1,3,2,7,5,6,2,6,7,7,7,7,10,4,3,2,2,1,6,1,,1,,,1,1,3,8,1,2,5,2,5,9,2,11,1,1,10,1,1,6,6,1,1,1,7,10,2,7,6,3,2,4,2,3,6,3,3,4,4,2,2,3,,,6,6,,,1,8,2,1,1,1,1,6,1,4,3,9,1,1,1,2,2,6,2,2,2,6,2,2,,7,,,b'\x11\xe8\xe1I\xeaU\xc5N\x9a\xbe\x12\xdf\x17\xaeN\x1e'
11E8E149-EA55-C54E-9ABE-12DF17AE4E1E,2020-ncaa-d3-natl,ncaa,24,31,26,31,35,192,188,191,198,207,140,284,147,264,26,287,167,231,71,231,299,200,261,179,169,133,178,172,221,91,65,141,211,112,95,145,97,72,84,63,157,130,9,6,,,13,10,,,46,333,438,107,301,306,387,314,287,211,333,256,337,339,390,431,155,287,243,201,23,238,12,,3,,,49,20,38,209,13,70,236,15,65,163,19,233,20,11,406,11,7,116,129,16,11,14,103,244,76,270,211,123,65,170,95,55,128,197,159,74,109,121,187,158,,,161,104,,,46,113,89,22,29,4,8,42,23,93,29,72,4,3,3,5,2,169,31,52,21,300,48,121,,298,,,b'\x11\xe8\xe1I\xeaU\xc5N\x9a\xbe\x12\xdf\x17\xaeN\x1e'
11E8E149-EA55-C54E-9ABE-12DF17AE4E1E,2022-ncaa-d3-conf-Centennial,ncaa,3,3,4,3,5,6,6,6,5,4,3,5,8,10,4,10,5,5,6,5,7,5,6,5,5,5,8,8,4,6,5,4,5,5,6,6,8,1,1,2,3,3,3,3,,,7,6,,,3,6,10,6,6,5,6,3,2,8,10,5,5,4,4,8,6,5,6,7,1,4,3,,5,,,3,1,1,4,3,1,5,4,3,6,2,6,3,6,2,6,6,4,5,3,2,2,6,5,6,5,5,6,5,6,6,4,6,4,4,2,3,3,2,2,,,5,4,,,3,5,5,3,3,1,2,1,3,3,3,6,3,5,5,1,3,3,5,6,4,4,3,2,,5,,,b'\x11\xe8\xe1I\xeaU\xc5N\x9a\xbe\x12\xdf\x17\xaeN\x1e'
11E8E149-EA55-C54E-9ABE-12DF17AE4E1E,2022-ncaa-d3-natl,ncaa,96,95,107,105,116,257,241,217,297,177,103,314,357,349,351,374,215,179,278,176,267,216,274,332,332,256,357,377,128,128,154,169,126,149,143,229,185,48,39,110,201,156,27,15,,,180,256,,,87,304,423,75,349,321,304,220,125,390,379,247,205,202,296,404,155,244,202,276,13,236,23,,118,,,85,19,18,88,5,36,149,9,17,57,3,73,123,156,91,160,212,89,119,3,3,3,174,49,369,139,126,248,154,201,143,32,230,172,83,38,48,59,174,120,,,204,138,,,87,121,227,3,69,1,2,6,11,80,4,22,91,116,121,7,12,102,184,149,15,211,27,154,,272,,,b'\x11\xe8\xe1I\xeaU\xc5N\x9a\xbe\x12\xdf\x17\xaeN\x1e'
11E8E149-EA55-C54E-9ABE-12DF17AE4E1E,2023-ncaa-d3-conf-Centennial,ncaa,4,4,4,4,5,6,7,3,8,5,3,8,8,6,9,8,8,5,9,5,7,3,4,8,10,8,8,8,6,2,2,4,4,4,5,6,7,1,1,6,8,7,2,2,,,6,6,,,5,5,10,7,7,7,2,6,2,8,7,8,4,4,2,3,2,4,3,7,1,7,2,,5,,,5,4,5,6,4,6,9,5,2,6,2,3,5,6,9,6,4,5,5,4,4,5,1,3,7,5,4,9,2,8,5,6,7,7,9,6,2,1,1,1,,,5,4,,,5,7,6,5,5,4,4,6,6,8,2,3,5,6,6,4,3,5,9,7,5,9,2,1,,5,,,b'\x11\xe8\xe1I\xeaU\xc5N\x9a\xbe\x12\xdf\x17\xaeN\x1e'
11E8E149-EA55-C54E-9ABE-12DF17AE4E1E,2023-ncaa-d3-natl,ncaa,132,131,109,138,131,286,267,126,375,207,58,391,356,342,337,373,257,284,173,277,401,154,265,389,386,313,350,356,166,45,85,195,149,111,144,308,333,19,9,145,241,188,14,12,,,113,178,,,166,340,424,181,351,333,151,249,55,375,372,304,331,327,187,360,44,251,113,352,5,272,9,,61,,,169,39,52,115,52,131,292,38,19,16,63,13,109,82,333,84,59,101,88,26,30,59,41,25,244,158,149,322,85,254,144,105,238,289,233,194,28,36,302,181,,,264,259,,,166,88,259,68,166,18,32,52,103,242,7,4,76,54,55,36,13,130,276,206,91,345,21,282,,340,,,b'\x11\xe8\xe1I\xeaU\xc5N\x9a\xbe\x12\xdf\x17\xaeN\x1e'
11E8E149-EA55-C54E-9ABE-12DF17AE4E1E,2024-ncaa-d3-conf-Centennial,ncaa,9,9,7,9,7,10,8,6,9,7,5,8,8,8,10,9,11,11,9,11,11,8,8,9,10,10,10,9,11,6,7,4,7,5,5,9,9,5,6,6,9,9,5,6,,,8,8,,,10,10,8,1,10,7,2,7,4,8,8,11,11,11,7,5,6,4,4,9,6,9,5,,8,,,10,7,4,7,4,6,7,5,2,6,2,7,11,9,8,11,9,7,4,4,4,6,6,3,11,7,7,8,7,8,5,7,9,9,10,9,4,5,9,10,,,10,10,,,10,3,10,8,10,8,6,8,8,8,3,8,11,11,11,10,9,9,9,9,8,9,5,9,,10,,,b'\x11\xe8\xe1I\xeaU\xc5N\x9a\xbe\x12\xdf\x17\xaeN\x1e'
11E8E149-EA55-C54E-9ABE-12DF17AE4E1E,2024-ncaa-d3-natl,ncaa,299,329,200,316,209,383,347,287,382,305,197,378,366,337,392,315,408,411,287,411,425,325,344,386,396,380,385,320,373,219,236,186,203,202,217,335,255,151,242,300,375,369,168,181,,,137,254,,,306,363,415,54,404,376,310,316,170,374,349,415,419,419,380,393,216,155,173,360,164,397,173,,156,,,303,54,60,131,43,132,208,77,23,83,5,93,171,186,157,197,197,141,84,27,29,90,85,33,320,222,203,241,236,238,217,102,239,375,381,310,110,194,238,239,,,406,411,,,306,66,372,126,306,48,68,144,139,231,18,75,181,202,209,142,52,235,257,256,117,400,124,257,,423,,,b'\x11\xe8\xe1I\xeaU\xc5N\x9a\xbe\x12\xdf\x17\xaeN\x1e'
11E8E149-EA55-C54E-9ABE-12DF17AE4E1E,2025-ncaa-d3-conf-Centennial,genius_ncaa,9,9,6,9,6,8,7,7,6,7,8,6,4,5,5,2,11,9,8,9,9,7,8,5,5,6,4,2,11,7,7,7,8,6,7,7,5,6,6,6,9,9,6,7,,,1,1,,1,9,8,10,4,8,6,8,9,9,4,3,11,10,10,8,10,8,6,7,7,6,9,5,,1,,1,9,8,8,7,9,10,8,6,9,6,10,6,1,2,2,2,1,6,4,9,8,9,4,8,1,8,8,6,7,6,7,10,10,11,10,11,6,6,6,11,,,10,9,,11,9,4,6,9,9,8,9,9,9,9,9,7,1,2,2,8,4,8,6,6,10,11,6,6,,10,,11,b'\x11\xe8\xe1I\xeaU\xc5N\x9a\xbe\x12\xdf\x17\xaeN\x1e'
11E8E149-EA55-C54E-9ABE-12DF17AE4E1E,2025-ncaa-d3-natl,genius_ncaa,234,242,192,239,218,283,228,278,173,238,241,203,194,250,90,191,399,398,299,402,415,313,337,163,212,220,270,132,417,267,224,268,229,272,220,157,77,114,202,136,275,239,115,117,,,27,29,,43,230,348,396,127,305,224,282,247,243,186,247,407,413,415,355,389,277,271,277,135,143,285,106,,11,,41,230,82,175,146,235,228,244,172,109,58,299,85,22,42,17,43,33,103,84,214,143,195,48,171,35,202,229,120,224,132,220,323,383,326,293,364,113,196,161,183,,,406,416,,368,230,70,213,217,224,104,196,167,233,265,122,57,19,37,38,112,64,191,116,152,314,339,134,156,,419,,378,b'\x11\xe8\xe1I\xeaU\xc5N\x9a\xbe\x12\xdf\x17\xaeN\x1e'
11E8E149-EA55-C54E-9ABE-12DF17AE4E1E,2026-ncaa-d3-conf-Centennial,genius_ncaa,9,9,1,9,1,5,5,5,6,5,6,2,5,4,9,3,7,9,5,9,9,5,6,7,8,7,10,8,11,7,10,7,11,8,10,6,8,7,8,8,1,4,2,4,,,8,7,,5,9,3,4,1,7,6,6,6,7,7,4,8,9,9,7,7,9,8,10,8,7,1,3,,8,,4,9,10,10,10,7,11,8,8,8,8,8,6,9,8,9,8,5,10,10,6,6,8,7,6,6,10,11,8,10,9,10,10,8,4,8,7,4,3,1,2,,,8,10,,4,9,9,7,10,9,10,10,10,10,8,8,7,9,7,7,10,10,10,7,9,9,4,2,1,,10,,4,b'\x11\xe8\xe1I\xeaU\xc5N\x9a\xbe\x12\xdf\x17\xaeN\x1e'
11E8E149-EA55-C54E-9ABE-12DF17AE4E1E,2026-ncaa-d3-natl,genius_ncaa,98,132,116,138,118,96,64,104,110,101,156,93,57,65,111,84,287,292,219,295,363,130,144,92,122,113,197,85,396,189,265,55,189,99,195,62,157,207,134,84,84,106,10,15,,,276,219,,271,76,133,176,21,77,49,60,107,177,61,61,348,350,352,97,141,227,25,79,53,153,93,9,,259,,261,80,206,192,283,32,161,282,24,274,278,221,206,249,284,104,280,229,285,285,48,42,69,319,307,270,316,189,290,265,305,195,182,186,141,206,130,127,68,210,187,,,329,408,,363,76,276,127,97,90,143,120,286,93,272,251,258,225,276,272,286,305,300,296,303,143,153,80,188,,408,,377,b'\x11\xe8\xe1I\xeaU\xc5N\x9a\xbe\x12\xdf\x17\xaeN\x1e'
11E8E149-EA5A-5C08-9ABE-12DF17AE4E1E,2018-ncaa-d3-conf-OAC,ncaa,10,10,9,10,10,10,10,9,10,10,7,10,6,5,9,4,9,9,9,9,5,10,8,10,10,10,3,4,4,9,10,9,8,10,10,10,7,8,10,10,9,9,8,8,,,4,4,,,10,8,2,10,10,10,4,10,7,5,4,8,5,6,5,3,8,7,7,10,10,8,8,,6,,,10,8,10,7,10,10,8,10,5,5,8,5,5,4,6,4,3,7,3,10,10,10,2,4,2,5,8,9,10,8,10,10,9,9,9,10,9,10,4,9,,,10,10,,,10,3,10,10,10,10,10,10,10,10,8,7,5,5,5,10,8,8,10,9,10,8,10,8,,7,,,b'\x11\xe8\xe1I\xeaZ\\\x08\x9a\xbe\x12\xdf\x17\xaeN\x1e'
11E8E149-EA5A-5C08-9ABE-12DF17AE4E1E,2018-ncaa-d3-natl,ncaa,383,411,197,396,264,300,332,221,385,375,297,399,135,111,200,96,205,243,121,244,180,223,199,366,349,349,34,66,117,306,406,269,254,295,384,358,351,315,303,379,384,417,279,324,,,296,283,,,412,154,87,303,324,365,185,396,306,126,93,202,242,243,192,150,321,273,320,379,320,405,292,,334,,,406,438,433,353,431,427,355,426,349,270,391,183,360,324,399,319,229,361,286,430,429,440,142,182,173,228,254,413,406,375,384,414,225,361,403,422,350,335,381,407,,,202,216,,,412,291,363,431,405,430,423,374,419,360,354,281,379,352,345,381,330,236,412,370,400,383,343,388,,178,,,b'\x11\xe8\xe1I\xeaZ\\\x08\x9a\xbe\x12\xdf\x17\xaeN\x1e'
11E8E149-EA5A-5C08-9ABE-12DF17AE4E1E,2019-ncaa-d3-conf-OAC,ncaa,9,8,9,9,9,9,9,9,9,9,7,9,8,9,6,9,5,7,3,7,7,9,9,9,9,9,7,6,5,6,7,7,5,8,8,9,8,6,8,9,9,9,5,6,,,4,6,,,9,8,3,3,8,8,7,7,2,8,9,4,6,7,7,5,4,6,7,9,9,8,5,,6,,,9,6,8,4,10,10,10,10,1,1,8,1,5,6,1,5,4,3,2,9,8,9,1,1,4,3,5,5,7,5,8,2,2,7,6,6,7,7,5,5,,,8,6,,,9,4,9,8,9,8,9,8,10,10,3,2,5,7,6,8,7,5,8,6,6,5,8,6,,7,,,b'\x11\xe8\xe1I\xeaZ\\\x08\x9a\xbe\x12\xdf\x17\xaeN\x1e'
11E8E149-EA5A-5C08-9ABE-12DF17AE4E1E,2019-ncaa-d3-natl,ncaa,282,304,215,299,236,192,235,253,222,237,200,297,167,275,50,280,90,150,57,160,148,224,218,210,162,182,120,195,80,222,213,233,190,240,202,330,402,254,265,341,346,376,158,201,,,308,315,,,307,213,164,84,161,218,221,239,177,163,266,62,119,128,174,161,206,212,213,356,268,363,143,,333,,,304,388,383,258,395,400,351,354,187,84,402,43,340,337,251,342,240,294,223,378,377,405,94,93,241,171,190,211,213,192,202,108,15,320,355,231,252,256,340,323,,,157,132,,,307,256,185,385,294,385,380,307,397,379,200,80,354,353,358,337,275,182,224,199,129,335,262,346,,113,,,b'\x11\xe8\xe1I\xeaZ\\\x08\x9a\xbe\x12\xdf\x17\xaeN\x1e'
11E8E149-EA5A-5C08-9ABE-12DF17AE4E1E,2020-ncaa-d3-conf-OAC,ncaa,9,9,9,9,9,10,10,8,9,5,4,9,10,9,10,9,8,8,7,8,10,10,10,10,10,10,10,10,6,9,9,10,8,9,9,10,10,6,6,9,7,5,4,4,,,1,2,,,9,10,5,2,10,9,4,4,2,10,9,7,8,8,5,6,7,10,9,10,6,6,3,,4,,,9,6,8,5,10,8,4,10,4,4,8,7,2,2,8,2,2,3,1,10,9,9,2,4,1,5,8,6,9,6,9,7,7,9,7,8,8,8,2,2,,,10,8,,,9,1,9,9,9,8,8,8,8,8,7,6,4,4,4,8,7,6,7,8,9,6,8,2,,10,,,b'\x11\xe8\xe1I\xeaZ\\\x08\x9a\xbe\x12\xdf\x17\xaeN\x1e'
11E8E149-EA5A-5C08-9ABE-12DF17AE4E1E,2020-ncaa-d3-natl,ncaa,306,329,198,322,243,246,183,187,191,114,84,215,330,351,246,352,361,391,151,391,430,231,295,235,252,219,409,343,395,217,223,291,228,267,267,271,372,85,115,202,313,309,77,75,,,202,249,,,322,306,283,163,243,150,136,73,52,328,350,378,411,410,211,276,195,297,272,272,93,318,73,,237,,,320,347,363,233,380,337,206,374,334,291,336,304,160,121,366,115,130,212,132,384,377,402,180,289,101,174,228,246,223,214,267,308,192,358,360,374,189,224,163,109,,,398,414,,,322,151,223,381,312,339,350,280,337,233,333,314,178,139,131,243,162,192,260,245,307,376,198,179,,418,,,b'\x11\xe8\xe1I\xeaZ\\\x08\x9a\xbe\x12\xdf\x17\xaeN\x1e'
11E8E149-EA5A-5C08-9ABE-12DF17AE4E1E,2021-ncaa-d3-conf-OAC,ncaa,9,10,6,10,7,8,8,8,10,8,5,10,9,9,7,10,9,8,6,8,10,8,8,10,10,10,9,9,5,7,5,8,7,8,7,10,10,10,10,10,9,9,10,10,,,3,9,,,10,8,6,5,10,9,9,7,3,10,9,8,9,9,8,6,4,9,8,10,10,9,10,,6,,,10,9,10,3,10,10,4,10,3,6,4,5,5,5,6,5,7,4,3,10,10,9,2,1,3,3,7,3,5,3,7,10,10,8,9,10,10,10,3,2,,,9,9,,,10,3,10,9,10,9,9,5,9,6,5,6,7,7,6,6,5,6,4,6,10,9,10,2,,9,,,b'\x11\xe8\xe1I\xeaZ\\\x08\x9a\xbe\x12\xdf\x17\xaeN\x1e'
11E8E149-EA5A-5C08-9ABE-12DF17AE4E1E,2021-ncaa-d3-natl,ncaa,215,275,47,249,53,89,92,60,218,81,38,240,130,131,139,246,73,79,108,80,229,60,54,230,220,238,203,214,101,39,76,79,209,60,158,132,255,258,236,255,109,233,153,227,,,235,199,,,279,56,136,110,224,212,180,169,72,221,246,164,181,182,187,110,79,233,180,241,238,222,224,,187,,,257,264,266,240,271,269,246,275,229,237,156,142,247,241,210,240,171,241,232,268,270,273,76,76,112,235,209,222,76,230,158,274,256,92,223,269,272,267,162,52,,,76,183,,,279,229,222,272,260,262,261,188,264,168,177,171,214,192,190,198,160,165,108,134,272,215,271,71,,172,,,b'\x11\xe8\xe1I\xeaZ\\\x08\x9a\xbe\x12\xdf\x17\xaeN\x1e'
11E8E149-EA5A-5C08-9ABE-12DF17AE4E1E,2022-ncaa-d3-conf-OAC,ncaa,9,10,4,10,4,9,9,7,10,9,5,10,8,8,8,8,5,2,8,3,3,6,5,10,10,10,2,7,1,7,7,7,8,7,10,10,10,8,9,10,4,5,10,10,,,3,3,,,10,5,4,2,9,10,7,9,4,8,7,3,1,1,6,4,7,8,7,10,9,3,10,,5,,,10,9,9,8,10,9,6,10,9,7,8,8,2,2,3,2,1,8,7,10,9,9,4,7,1,8,8,9,7,9,10,10,10,6,6,9,8,9,9,9,,,6,6,,,10,6,9,9,10,9,9,8,9,7,9,8,2,2,2,7,8,8,9,9,10,5,8,9,,5,,,b'\x11\xe8\xe1I\xeaZ\\\x08\x9a\xbe\x12\xdf\x17\xaeN\x1e'
11E8E149-EA5A-5C08-9ABE-12DF17AE4E1E,2022-ncaa-d3-natl,ncaa,381,424,107,394,139,264,297,223,372,303,224,381,220,170,296,189,140,151,175,152,138,219,182,359,342,347,110,181,50,246,329,300,338,279,365,381,418,326,312,393,129,149,180,199,,,252,211,,,379,158,233,182,360,380,317,379,291,256,209,171,175,178,303,276,294,394,372,411,280,148,191,,204,,,366,378,392,297,380,380,274,375,376,313,371,280,169,125,373,120,90,282,290,386,384,355,177,283,60,292,338,369,329,352,365,393,306,151,193,314,347,327,406,405,,,199,232,,,379,280,351,355,365,329,353,249,333,216,341,266,131,80,77,201,214,245,343,304,349,194,304,398,,253,,,b'\x11\xe8\xe1I\xeaZ\\\x08\x9a\xbe\x12\xdf\x17\xaeN\x1e'
11E8E149-EA5A-5C08-9ABE-12DF17AE4E1E,2023-ncaa-d3-conf-OAC,ncaa,10,10,7,10,10,10,10,10,10,10,8,10,10,9,10,6,9,8,10,8,3,9,9,10,10,10,8,10,3,8,8,9,9,8,9,10,6,10,10,10,9,9,8,7,,,3,5,,,10,9,6,8,10,10,10,10,8,10,8,9,8,8,9,7,6,8,8,10,10,8,6,,6,,,10,8,9,5,9,8,4,10,5,6,6,7,4,2,9,2,4,3,2,8,8,8,2,5,2,8,9,6,8,9,9,10,10,9,8,9,10,10,5,7,,,9,8,,,10,2,10,9,10,8,9,10,9,6,7,7,6,5,5,7,6,9,10,10,10,8,10,6,,9,,,b'\x11\xe8\xe1I\xeaZ\\\x08\x9a\xbe\x12\xdf\x17\xaeN\x1e'
11E8E149-EA5A-5C08-9ABE-12DF17AE4E1E,2023-ncaa-d3-natl,ncaa,396,411,271,409,312,389,389,371,390,362,348,362,378,304,415,226,305,274,349,271,138,369,353,400,394,395,275,335,64,325,320,294,136,326,270,395,347,303,369,396,318,287,212,179,,,160,278,,,378,346,309,288,410,409,402,378,345,386,292,306,246,250,392,348,327,251,311,410,317,313,202,,216,,,373,181,193,102,328,168,76,356,260,250,252,337,179,144,339,148,248,98,62,338,342,366,263,292,170,83,136,200,320,137,270,182,172,358,311,314,311,363,201,301,,,359,317,,,378,84,396,324,381,258,257,156,230,101,295,287,222,182,186,147,94,118,278,199,225,351,331,234,,375,,,b'\x11\xe8\xe1I\xeaZ\\\x08\x9a\xbe\x12\xdf\x17\xaeN\x1e'
11E8E149-EA5A-5C08-9ABE-12DF17AE4E1E,2024-ncaa-d3-conf-OAC,ncaa,10,10,7,10,10,9,9,9,9,9,9,6,8,7,9,4,8,7,10,6,2,9,7,9,9,9,4,5,6,8,7,7,10,6,9,8,6,10,10,10,10,10,9,10,,,2,1,,,10,6,1,8,9,9,9,9,9,8,6,7,6,6,9,2,8,6,6,8,10,10,7,,3,,,10,10,10,10,10,10,10,10,5,3,6,1,3,2,6,2,1,10,7,10,9,10,1,1,1,10,10,5,7,8,9,10,2,10,10,10,10,10,2,6,,,8,6,,,10,5,10,10,10,10,10,10,10,10,6,4,3,3,2,10,10,10,9,9,10,10,10,3,,6,,,b'\x11\xe8\xe1I\xeaZ\\\x08\x9a\xbe\x12\xdf\x17\xaeN\x1e'
11E8E149-EA5A-5C08-9ABE-12DF17AE4E1E,2024-ncaa-d3-natl,ncaa,367,394,200,379,257,268,280,311,226,313,363,192,159,128,208,75,271,206,382,202,53,298,269,195,211,281,95,92,209,283,272,302,359,310,328,284,274,347,351,338,393,412,288,348,,,97,67,,,386,254,215,244,296,299,354,336,389,156,117,262,191,193,336,263,286,323,331,303,336,408,299,,98,,,380,400,415,364,408,421,379,405,263,182,346,118,130,103,331,95,34,335,230,405,396,414,25,101,36,353,359,196,272,278,328,327,57,378,407,398,355,352,170,295,,,253,232,,,386,179,298,415,378,402,409,383,411,390,274,201,138,103,98,372,269,346,214,290,327,401,337,181,,269,,,b'\x11\xe8\xe1I\xeaZ\\\x08\x9a\xbe\x12\xdf\x17\xaeN\x1e'
11E8E149-EA5A-5C08-9ABE-12DF17AE4E1E,2025-ncaa-d3-conf-OAC,genius_ncaa,9,9,7,9,9,10,10,10,10,9,8,10,10,10,8,9,6,5,7,5,2,9,7,10,10,10,5,8,1,8,7,8,8,8,8,10,5,10,10,10,10,10,9,9,,,6,5,,9,10,7,1,7,10,10,10,9,7,10,9,5,2,2,9,2,7,5,7,10,10,10,9,,7,,9,10,10,10,9,10,10,10,10,3,1,8,1,4,6,1,6,3,9,8,10,8,10,1,2,2,8,8,2,7,5,8,9,4,10,10,10,10,10,10,10,,,5,4,,7,10,4,10,10,10,10,10,10,10,10,5,2,4,7,7,10,10,9,4,8,9,10,10,10,,4,,7,b'\x11\xe8\xe1I\xeaZ\\\x08\x9a\xbe\x12\xdf\x17\xaeN\x1e'
11E8E149-EA5A-5C08-9ABE-12DF17AE4E1E,2025-ncaa-d3-natl,genius_ncaa,370,400,192,385,248,316,340,361,263,319,305,290,310,352,183,315,114,58,327,60,18,332,239,267,247,334,143,284,16,344,312,304,303,337,301,327,238,405,397,377,348,379,263,318,,,296,295,,395,389,189,120,258,341,371,411,337,330,325,360,84,43,45,388,225,359,323,376,347,387,360,265,,331,,401,379,400,409,308,415,411,373,402,209,84,382,41,254,302,66,289,175,321,256,407,405,407,30,55,115,247,303,115,312,156,301,333,98,309,348,358,405,400,404,415,,,84,33,,190,389,246,344,396,379,389,397,330,401,380,216,90,283,324,316,338,289,258,112,173,322,319,397,407,,48,,190,b'\x11\xe8\xe1I\xeaZ\\\x08\x9a\xbe\x12\xdf\x17\xaeN\x1e'
11E8E149-EA5A-5C08-9ABE-12DF17AE4E1E,2026-ncaa-d3-conf-OAC,genius_ncaa,6,5,4,6,4,7,9,8,7,7,9,4,9,7,9,6,3,3,8,2,1,4,4,9,9,9,5,9,1,5,4,7,5,7,4,5,1,6,8,8,7,7,6,5,,,6,6,,5,8,4,1,1,6,9,6,5,8,9,6,1,1,1,1,1,2,5,4,3,9,7,3,,8,,5,8,5,5,6,8,6,5,5,7,3,8,2,2,5,1,5,4,6,5,8,8,8,6,6,1,3,5,4,4,3,4,5,6,6,8,9,7,9,1,3,,,4,1,,9,8,5,9,8,8,8,8,9,9,8,8,4,3,7,7,9,7,5,6,5,8,6,9,2,,1,,9,b'\x11\xe8\xe1I\xeaZ\\\x08\x9a\xbe\x12\xdf\x17\xaeN\x1e'
11E8E149-EA5A-5C08-9ABE-12DF17AE4E1E,2026-ncaa-d3-natl,genius_ncaa,345,329,215,363,249,317,333,272,351,291,236,317,352,286,377,302,152,113,312,105,69,254,209,364,354,370,246,353,35,239,263,258,239,257,283,321,230,341,366,366,321,359,84,131,,,226,255,,324,392,194,26,113,322,339,226,261,167,356,274,86,45,40,159,47,193,188,187,317,389,318,48,,330,,366,390,329,332,232,396,331,295,329,301,117,413,42,261,328,59,324,265,247,213,400,388,397,160,208,141,195,239,231,263,212,283,276,103,302,354,342,325,348,311,341,,,202,204,,98,392,216,374,387,388,404,400,365,390,390,357,136,333,383,382,383,357,258,340,313,331,297,373,358,,99,,79,b'\x11\xe8\xe1I\xeaZ\\\x08\x9a\xbe\x12\xdf\x17\xaeN\x1e'
11E8E149-EA5F-102C-9ABE-12DF17AE4E1E,2018-ncaa-d3-conf-SAA,ncaa,2,2,1,2,1,1,1,2,4,2,2,3,3,3,3,5,1,1,7,1,1,2,2,4,4,3,4,4,3,2,2,2,2,1,1,1,1,6,3,1,6,6,7,8,,,8,8,,,3,2,6,2,1,3,3,2,5,3,3,2,1,1,2,2,2,2,1,1,4,7,7,,8,,,3,8,8,8,4,8,8,5,2,5,1,2,8,8,4,8,3,8,7,3,4,4,1,1,6,2,2,6,2,4,1,2,1,5,7,3,6,4,7,7,,,2,2,,,3,7,1,4,3,4,4,5,7,7,1,3,6,6,5,5,2,2,3,3,2,7,5,7,,2,,,"b'\x11\xe8\xe1I\xea_\x10,\x9a\xbe\x12\xdf\x17\xaeN\x1e'"
11E8E149-EA5F-102C-9ABE-12DF17AE4E1E,2018-ncaa-d3-natl,ncaa,80,114,43,105,43,84,160,131,225,178,192,187,127,88,235,161,6,5,240,5,1,70,88,201,152,115,73,208,9,87,149,67,79,68,117,128,137,178,83,124,257,332,389,405,,,440,437,,,160,102,335,15,151,262,306,288,341,172,151,7,5,4,164,262,150,166,149,195,80,352,415,,420,,,172,370,293,328,200,260,256,245,312,351,148,290,414,412,260,412,401,363,335,230,259,287,344,226,393,151,79,345,149,273,117,74,11,187,261,113,153,90,279,269,,,10,7,,,160,355,108,237,160,204,141,123,142,97,220,261,378,379,377,158,104,78,195,132,34,304,85,207,,12,,,"b'\x11\xe8\xe1I\xea_\x10,\x9a\xbe\x12\xdf\x17\xaeN\x1e'"
11E8E149-EA5F-102C-9ABE-12DF17AE4E1E,2019-ncaa-d3-conf-SAA,ncaa,8,8,5,8,7,8,8,4,8,8,8,7,8,3,8,2,5,5,7,5,3,6,5,8,8,8,2,3,2,5,7,6,3,6,6,7,6,5,6,7,4,4,8,8,,,7,7,,,8,5,2,3,7,8,4,7,7,8,2,3,3,3,4,3,4,6,6,7,7,4,8,,7,,,8,7,5,1,7,4,1,7,7,4,7,5,8,7,7,7,7,2,2,7,8,8,6,5,7,1,3,8,7,4,6,3,2,4,4,2,8,7,6,7,,,4,2,,,8,4,8,8,8,7,6,3,6,2,7,5,8,7,7,4,3,1,8,6,5,4,8,7,,2,,,"b'\x11\xe8\xe1I\xea_\x10,\x9a\xbe\x12\xdf\x17\xaeN\x1e'"
11E8E149-EA5F-102C-9ABE-12DF17AE4E1E,2019-ncaa-d3-natl,ncaa,282,331,129,313,143,291,339,262,388,367,378,307,184,54,407,47,123,70,344,74,10,215,250,371,354,317,45,141,33,261,364,210,45,247,270,340,284,149,164,301,329,319,417,396,,,433,443,,,350,234,352,75,361,396,343,406,408,208,68,128,64,75,274,329,292,250,293,388,122,351,423,,436,,,344,302,145,84,300,87,33,362,376,368,274,393,434,433,286,433,443,151,130,347,395,386,431,349,429,35,45,391,364,267,270,27,18,271,242,96,203,218,352,402,,,49,7,,,350,198,329,330,351,254,125,34,72,11,344,339,433,430,431,85,51,25,376,228,23,314,171,333,,23,,,"b'\x11\xe8\xe1I\xea_\x10,\x9a\xbe\x12\xdf\x17\xaeN\x1e'"
11E8E149-EA5F-102C-9ABE-12DF17AE4E1E,2020-ncaa-d3-conf-SAA,ncaa,8,8,5,8,8,8,8,7,8,8,8,8,4,2,5,1,7,7,6,7,3,8,6,8,8,8,1,1,3,7,7,5,6,7,7,6,3,7,7,7,8,8,7,7,,,8,6,,,8,5,4,8,8,8,7,8,8,4,2,7,6,6,7,5,7,5,7,5,7,8,7,,8,,,8,8,8,5,8,7,5,8,5,5,6,4,7,8,2,8,6,6,5,7,7,8,4,4,4,6,6,7,7,7,7,3,3,8,8,8,8,8,2,7,,,6,5,,,8,5,8,8,8,8,8,7,8,6,5,6,7,8,8,8,8,7,8,8,5,7,8,4,,5,,,"b'\x11\xe8\xe1I\xea_\x10,\x9a\xbe\x12\xdf\x17\xaeN\x1e'"
11E8E149-EA5F-102C-9ABE-12DF17AE4E1E,2020-ncaa-d3-natl,ncaa,418,430,198,426,323,384,404,389,399,420,422,393,174,102,309,24,265,222,338,222,12,380,362,369,356,381,10,28,54,381,407,298,382,352,396,402,342,351,399,415,431,438,405,410,,,414,426,,,420,336,304,427,407,423,423,434,433,169,89,264,220,219,419,388,396,311,377,423,345,438,413,,423,,,415,400,327,223,341,304,167,370,317,308,265,274,427,428,202,429,426,315,185,353,379,418,338,211,387,371,382,318,407,349,396,103,24,403,417,324,313,364,88,281,,,153,31,,,420,123,393,423,415,388,324,260,307,184,319,328,428,434,434,346,227,363,332,350,122,413,320,83,,110,,,"b'\x11\xe8\xe1I\xea_\x10,\x9a\xbe\x12\xdf\x17\xaeN\x1e'"
11E8E149-EA5F-102C-9ABE-12DF17AE4E1E,2021-ncaa-d3-conf-SAA,ncaa,7,7,3,7,3,4,5,3,6,6,6,7,3,3,2,2,4,4,5,4,4,3,4,6,6,7,2,2,3,5,6,3,5,4,6,4,1,6,6,6,6,6,5,6,,,6,5,,,7,4,4,3,5,7,5,7,7,3,3,5,5,5,4,4,5,4,4,4,6,6,5,,6,,,7,6,6,5,6,6,5,6,7,5,7,3,5,6,1,6,5,5,4,6,6,7,4,5,2,4,5,5,6,5,6,6,4,6,5,7,7,7,7,7,,,4,4,,,7,4,7,7,7,6,6,5,6,5,6,4,5,5,5,5,4,5,5,4,6,6,7,7,,5,,,"b'\x11\xe8\xe1I\xea_\x10,\x9a\xbe\x12\xdf\x17\xaeN\x1e'"
11E8E149-EA5F-102C-9ABE-12DF17AE4E1E,2021-ncaa-d3-natl,ncaa,215,270,61,247,62,82,101,71,212,109,96,197,66,55,161,71,53,39,194,41,31,65,60,193,184,198,49,79,51,82,203,49,171,54,174,99,117,249,218,210,181,277,147,220,,,257,250,,,271,58,35,50,160,197,141,226,204,91,70,75,47,51,103,57,151,30,65,162,239,270,202,,271,,,245,258,254,243,226,251,245,221,258,243,230,144,255,264,37,263,246,248,235,233,224,260,175,169,175,245,171,239,203,247,174,234,79,122,264,237,237,178,254,261,,,55,81,,,271,230,211,259,240,273,263,254,247,232,249,238,257,274,273,274,256,224,235,232,202,231,198,255,,51,,,"b'\x11\xe8\xe1I\xea_\x10,\x9a\xbe\x12\xdf\x17\xaeN\x1e'"
11E8E149-EA5F-102C-9ABE-12DF17AE4E1E,2022-ncaa-d3-conf-SAA,ncaa,8,8,8,8,8,7,8,7,8,8,7,8,5,4,7,3,6,5,8,5,1,7,7,8,8,8,2,4,1,5,4,4,3,5,4,8,8,3,5,8,7,6,7,4,,,4,7,,,7,8,2,1,5,7,3,8,6,3,3,2,1,1,3,2,2,4,2,8,5,6,7,,6,,,8,3,3,3,6,2,1,5,7,5,7,7,3,4,3,4,6,3,1,6,6,6,7,8,4,1,3,3,4,3,4,1,2,7,6,6,4,4,4,6,,,5,2,,,7,1,7,6,8,7,7,4,4,4,8,7,6,6,6,7,6,6,7,7,4,5,6,5,,1,,,"b'\x11\xe8\xe1I\xea_\x10,\x9a\xbe\x12\xdf\x17\xaeN\x1e'"
11E8E149-EA5F-102C-9ABE-12DF17AE4E1E,2022-ncaa-d3-natl,ncaa,302,290,300,313,321,310,332,304,350,349,332,332,192,143,297,110,187,100,369,107,21,273,291,327,324,307,70,137,52,159,99,269,234,225,164,336,295,182,251,330,363,364,240,162,,,346,421,,,301,316,193,180,275,329,208,354,315,155,90,100,46,52,147,122,75,152,97,323,272,359,212,,408,,,300,192,86,112,152,52,59,161,335,323,272,377,382,378,274,380,422,145,109,205,249,298,421,365,404,192,234,126,99,145,164,39,43,345,338,175,174,207,195,301,,,144,55,,,301,108,285,308,301,296,175,216,98,76,388,392,408,407,410,306,234,259,238,254,77,324,226,254,,38,,,"b'\x11\xe8\xe1I\xea_\x10,\x9a\xbe\x12\xdf\x17\xaeN\x1e'"
11E8E149-EA5F-102C-9ABE-12DF17AE4E1E,2023-ncaa-d3-conf-SAA,ncaa,7,7,5,7,8,7,7,7,8,7,7,8,3,2,6,3,4,1,8,1,1,6,6,8,7,7,1,4,1,6,7,7,6,7,8,7,4,1,3,5,5,5,5,5,,,3,3,,,7,6,3,6,7,7,7,7,7,3,2,2,1,1,3,4,5,7,7,7,3,5,5,,3,,,7,7,7,3,7,7,4,7,7,2,8,3,1,1,6,1,2,3,3,7,7,8,2,5,1,5,6,7,7,7,8,5,3,5,4,7,5,5,8,8,,,3,1,,,7,3,7,7,7,7,7,6,7,6,7,3,1,1,1,4,6,6,7,7,6,4,6,8,,1,,,"b'\x11\xe8\xe1I\xea_\x10,\x9a\xbe\x12\xdf\x17\xaeN\x1e'"
11E8E149-EA5F-102C-9ABE-12DF17AE4E1E,2023-ncaa-d3-natl,ncaa,341,325,333,348,347,273,346,337,350,379,373,361,138,146,181,110,35,21,295,21,2,273,315,311,257,244,8,96,3,292,317,373,328,364,363,364,326,116,173,318,291,285,315,314,,,150,206,,,320,303,132,139,198,336,250,382,358,100,87,7,3,3,128,151,239,360,331,351,195,251,293,,261,,,322,289,303,126,395,294,160,370,267,140,409,194,210,186,303,180,200,126,125,400,402,383,187,242,145,206,328,257,317,233,363,121,36,225,191,175,138,206,346,413,,,45,2,,,320,121,261,376,321,367,366,286,358,279,334,216,284,262,257,289,293,274,371,347,200,150,219,389,,3,,,"b'\x11\xe8\xe1I\xea_\x10,\x9a\xbe\x12\xdf\x17\xaeN\x1e'"
11E8E149-EA5F-102C-9ABE-12DF17AE4E1E,2024-ncaa-d3-conf-SAA,ncaa,7,7,5,7,8,7,8,6,8,8,6,8,4,5,3,4,5,5,2,5,4,6,7,7,7,6,3,2,3,4,6,6,7,6,7,6,3,1,4,4,8,8,3,3,,,5,7,,,7,7,7,6,7,7,4,7,6,2,5,4,4,4,4,6,3,6,5,6,3,8,3,,5,,,7,7,7,5,8,7,4,8,8,7,6,8,1,1,3,1,3,5,2,8,7,8,3,7,1,6,7,5,6,7,7,6,4,8,8,8,1,2,6,6,,,7,6,,,7,1,5,8,7,7,7,6,7,5,8,8,1,1,1,5,3,6,7,7,6,8,2,7,,5,,,"b'\x11\xe8\xe1I\xea_\x10,\x9a\xbe\x12\xdf\x17\xaeN\x1e'"
11E8E149-EA5F-102C-9ABE-12DF17AE4E1E,2024-ncaa-d3-natl,ncaa,367,405,112,384,170,199,261,241,273,305,277,307,137,153,117,152,42,63,73,54,28,207,201,242,183,204,44,137,37,172,180,295,368,245,303,281,316,241,236,291,402,415,163,185,,,338,354,,,356,221,300,244,242,303,320,342,337,147,180,41,67,58,256,272,193,361,305,325,213,419,190,,333,,,347,403,404,336,394,367,239,402,407,390,360,347,287,265,315,263,239,336,244,404,405,416,249,321,114,361,368,238,180,308,303,345,162,365,397,396,224,213,328,357,,,66,31,,,356,184,197,418,357,381,375,316,347,201,395,374,264,239,238,313,191,335,190,271,315,401,192,313,,59,,,"b'\x11\xe8\xe1I\xea_\x10,\x9a\xbe\x12\xdf\x17\xaeN\x1e'"
11E8E149-EA5F-102C-9ABE-12DF17AE4E1E,2025-ncaa-d3-conf-SAA,genius_ncaa,7,7,3,7,3,6,6,4,7,6,3,7,6,6,1,5,3,3,6,3,3,4,4,7,7,6,2,4,3,2,3,4,5,4,5,7,7,1,2,6,6,6,2,2,,,4,3,,5,6,5,5,1,6,6,3,6,3,5,5,3,3,3,2,3,1,3,3,7,2,6,2,,4,,5,6,5,5,5,5,3,2,4,7,7,7,6,5,5,7,5,4,4,5,5,5,7,6,6,4,6,5,5,3,6,5,5,4,6,6,7,1,1,7,6,,,5,3,,5,6,3,5,7,6,6,5,6,4,3,7,7,5,5,5,6,6,7,7,7,5,6,1,7,,3,,5,"b'\x11\xe8\xe1I\xea_\x10,\x9a\xbe\x12\xdf\x17\xaeN\x1e'"
11E8E149-EA5F-102C-9ABE-12DF17AE4E1E,2025-ncaa-d3-natl,genius_ncaa,293,319,192,309,201,196,275,281,261,294,236,333,177,267,42,281,34,27,227,25,11,216,213,238,193,197,43,174,11,146,124,182,309,166,203,302,299,206,213,288,373,392,110,95,,,271,272,,403,259,253,232,50,183,285,290,316,231,167,276,13,10,9,183,186,132,143,127,319,225,389,103,,302,,406,261,301,214,304,98,107,169,92,379,385,266,369,354,318,354,327,341,325,241,157,182,275,400,370,323,339,309,142,124,246,203,210,197,341,382,321,123,141,174,198,,,28,6,,28,259,189,181,316,255,306,225,325,121,174,370,376,361,336,345,340,277,338,149,257,223,361,148,178,,5,,22,"b'\x11\xe8\xe1I\xea_\x10,\x9a\xbe\x12\xdf\x17\xaeN\x1e'"
11E8E149-EA5F-102C-9ABE-12DF17AE4E1E,2026-ncaa-d3-natl,genius_ncaa,345,132,400,323,401,397,397,398,336,403,404,283,303,304,290,16,392,367,404,361,19,397,400,298,322,303,32,28,208,355,143,385,299,385,222,402,360,22,205,325,403,378,334,175,,,17,119,,9,254,401,66,113,214,253,71,344,342,61,7,177,41,38,47,39,43,12,9,344,268,342,150,,212,,20,286,22,21,25,57,17,13,181,37,73,31,379,59,43,325,40,316,24,15,60,91,217,318,252,336,77,299,27,143,37,222,14,99,403,388,282,38,247,20,163,,,390,116,,323,254,16,278,273,290,314,270,389,230,261,305,410,369,357,356,394,375,385,373,392,178,343,297,107,,43,,217,"b'\x11\xe8\xe1I\xea_\x10,\x9a\xbe\x12\xdf\x17\xaeN\x1e'"
11E8E149-EA63-DDC8-9ABE-12DF17AE4E1E,2018-ncaa-d3-conf-AMCC,ncaa,1,1,1,1,4,3,4,6,1,4,7,2,3,4,4,5,4,4,5,4,3,5,7,1,1,2,6,4,5,4,3,1,1,3,2,5,5,2,4,3,8,7,1,1,,,1,1,,,1,7,10,9,6,6,9,5,9,4,7,4,4,4,9,9,7,1,3,6,2,8,1,,1,,,1,1,1,6,1,1,4,1,6,8,1,7,1,1,3,1,3,3,4,1,1,1,7,8,5,3,1,2,3,2,2,2,2,8,7,3,2,3,3,2,,,3,1,,,1,4,2,1,1,1,1,3,1,2,6,6,1,1,1,1,1,3,1,1,1,8,2,2,,4,,,b'\x11\xe8\xe1I\xeac\xdd\xc8\x9a\xbe\x12\xdf\x17\xaeN\x1e'
11E8E149-EA63-DDC8-9ABE-12DF17AE4E1E,2018-ncaa-d3-natl,ncaa,52,68,43,72,59,104,120,89,180,123,114,171,149,136,209,220,65,42,273,40,81,75,81,185,183,170,201,233,133,35,43,37,191,30,68,115,180,268,156,164,171,235,26,36,,,128,47,,,77,119,329,303,182,207,222,190,244,207,203,112,87,85,175,229,60,85,47,173,148,245,36,,43,,,80,157,145,383,15,157,352,25,226,354,34,277,207,238,131,243,145,378,343,17,15,46,261,260,238,374,191,233,43,306,68,156,165,175,260,156,329,254,228,158,,,36,76,,,77,325,120,66,72,55,58,217,63,199,149,263,111,121,122,187,146,276,96,157,81,292,246,145,,81,,,b'\x11\xe8\xe1I\xeac\xdd\xc8\x9a\xbe\x12\xdf\x17\xaeN\x1e'
11E8E149-EA63-DDC8-9ABE-12DF17AE4E1E,2019-ncaa-d3-conf-AMCC,ncaa,1,1,2,1,2,4,4,6,2,5,4,2,5,7,2,7,2,3,3,3,3,6,4,2,2,3,6,6,5,5,2,1,2,2,1,5,7,9,7,6,6,7,1,1,,,2,1,,,2,4,9,4,5,5,9,6,7,7,7,3,4,4,8,9,8,1,2,5,7,7,1,,1,,,2,3,4,8,1,4,8,1,4,7,2,7,2,3,2,3,2,7,7,1,1,1,5,6,3,5,2,2,2,3,1,3,4,5,7,4,9,10,1,1,,,3,6,,,2,7,3,1,2,1,3,5,4,6,2,6,2,2,2,4,3,3,1,1,2,9,10,1,,5,,,b'\x11\xe8\xe1I\xeac\xdd\xc8\x9a\xbe\x12\xdf\x17\xaeN\x1e'
11E8E149-EA63-DDC8-9ABE-12DF17AE4E1E,2019-ncaa-d3-natl,ncaa,38,46,42,51,52,100,91,135,91,77,104,85,204,224,195,293,123,146,136,140,217,126,87,112,106,157,315,307,235,82,71,59,229,51,90,89,133,378,316,195,188,248,13,24,,,65,17,,,124,104,311,210,187,165,314,129,222,285,313,201,229,229,310,262,149,116,104,128,287,250,16,,17,,,130,256,343,404,127,359,404,136,202,295,75,179,89,108,83,118,52,383,369,100,68,102,63,170,67,380,229,168,71,262,90,354,306,164,258,278,408,371,116,68,,,196,325,,,124,351,139,128,127,110,187,280,238,308,113,183,42,54,60,223,182,288,50,113,260,267,357,61,,343,,,b'\x11\xe8\xe1I\xeac\xdd\xc8\x9a\xbe\x12\xdf\x17\xaeN\x1e'
11E8E149-EA63-DDC8-9ABE-12DF17AE4E1E,2020-ncaa-d3-conf-AMCC,ncaa,2,2,1,2,4,3,5,4,4,4,5,4,6,5,5,7,1,1,1,1,2,3,4,5,3,3,4,8,1,4,2,6,5,3,5,6,8,1,1,6,3,4,4,4,,,4,3,,,3,5,9,6,3,5,8,5,6,6,5,1,2,2,6,8,5,9,7,6,1,4,4,,1,,,4,7,6,4,9,7,6,5,6,4,9,5,6,4,11,4,5,4,6,8,9,7,4,6,5,4,5,5,2,5,5,9,10,3,3,6,4,4,10,9,,,1,1,,,3,7,3,7,4,5,5,3,5,4,6,3,5,4,2,3,2,4,4,4,9,5,4,9,,2,,,b'\x11\xe8\xe1I\xeac\xdd\xc8\x9a\xbe\x12\xdf\x17\xaeN\x1e'
11E8E149-EA63-DDC8-9ABE-12DF17AE4E1E,2020-ncaa-d3-natl,ncaa,61,63,65,69,113,102,149,125,203,114,110,177,213,191,279,274,17,34,29,32,78,99,127,214,161,107,206,317,28,85,92,231,257,159,183,189,277,91,49,113,116,126,139,162,,,100,61,,,141,168,319,303,137,203,202,159,175,263,244,21,44,46,150,257,109,344,250,226,47,152,160,,38,,,146,283,305,244,287,319,298,264,214,163,288,150,264,180,428,165,122,233,259,271,299,270,152,167,223,236,257,248,92,254,183,354,347,148,151,271,136,105,310,240,,,32,37,,,141,269,74,265,145,190,212,136,230,192,164,102,205,122,106,111,113,172,148,146,295,190,90,264,,54,,,b'\x11\xe8\xe1I\xeac\xdd\xc8\x9a\xbe\x12\xdf\x17\xaeN\x1e'
11E8E149-EA63-DDC8-9ABE-12DF17AE4E1E,2022-ncaa-d3-conf-AMCC,ncaa,5,4,4,5,5,7,8,7,8,7,7,8,8,6,9,4,3,1,6,1,2,6,5,9,8,9,3,5,1,2,1,5,5,3,2,9,9,9,8,9,8,6,5,4,,,1,1,,,7,7,9,3,9,8,7,7,8,8,5,2,1,1,7,5,1,4,3,9,8,7,5,,1,,,7,4,5,6,4,3,3,6,8,7,5,8,1,1,4,1,1,2,3,5,3,3,4,8,1,6,5,3,1,4,2,7,8,6,5,7,8,8,8,8,,,1,1,,,7,2,7,5,7,4,6,6,5,4,8,8,1,1,1,4,3,6,4,4,8,6,7,8,,1,,,b'\x11\xe8\xe1I\xeac\xdd\xc8\x9a\xbe\x12\xdf\x17\xaeN\x1e'
11E8E149-EA63-DDC8-9ABE-12DF17AE4E1E,2022-ncaa-d3-natl,ncaa,275,341,107,305,162,319,316,212,385,269,160,388,328,253,389,280,225,201,267,202,236,213,136,397,388,391,245,308,83,75,107,168,330,124,224,374,404,401,365,401,228,279,280,333,,,77,30,,,378,167,247,290,387,388,297,347,202,356,293,255,234,237,293,178,93,237,151,407,363,269,315,,27,,,364,334,386,353,305,393,356,332,247,289,140,219,69,82,83,75,25,320,298,279,230,270,27,170,25,367,330,279,107,330,224,401,342,226,307,373,385,350,275,236,,,169,234,,,378,257,376,304,369,267,344,333,355,324,194,246,32,40,33,282,226,335,217,282,356,286,347,236,,217,,,b'\x11\xe8\xe1I\xeac\xdd\xc8\x9a\xbe\x12\xdf\x17\xaeN\x1e'
11E8E149-EA63-DDC8-9ABE-12DF17AE4E1E,2023-ncaa-d3-conf-AMCC,ncaa,5,5,1,5,3,5,5,5,7,6,4,8,6,7,6,6,4,3,4,2,3,5,4,7,7,7,4,5,1,3,3,4,2,3,2,8,8,7,6,7,4,4,7,7,,,2,1,,,5,4,7,7,8,8,6,7,6,6,7,4,4,3,6,6,3,7,4,8,7,5,7,,1,,,5,5,8,7,8,8,6,7,5,3,7,3,1,1,2,1,1,3,3,8,7,5,2,4,1,2,2,5,3,3,2,8,5,4,4,5,7,7,7,6,,,2,2,,,5,5,6,4,5,3,5,3,8,5,4,3,1,1,1,2,1,2,3,2,5,6,6,6,,3,,,b'\x11\xe8\xe1I\xeac\xdd\xc8\x9a\xbe\x12\xdf\x17\xaeN\x1e'
11E8E149-EA63-DDC8-9ABE-12DF17AE4E1E,2023-ncaa-d3-natl,ncaa,248,297,109,271,178,299,322,175,404,280,110,408,353,300,384,340,113,91,230,95,183,159,105,410,390,383,224,339,22,21,19,144,252,54,95,363,365,381,335,389,255,288,249,303,,,59,31,,,339,190,265,396,361,383,215,331,113,371,332,116,103,108,194,116,15,182,30,396,344,284,272,,30,,,328,275,351,348,259,349,372,212,280,232,323,181,50,53,142,51,17,299,250,253,192,242,76,252,28,301,252,226,19,271,95,337,253,260,310,342,399,367,302,230,,,80,130,,,339,234,348,267,331,224,307,304,315,335,239,188,29,29,25,234,187,261,184,219,295,305,368,282,,80,,,b'\x11\xe8\xe1I\xeac\xdd\xc8\x9a\xbe\x12\xdf\x17\xaeN\x1e'
11E8E149-EA63-DDC8-9ABE-12DF17AE4E1E,2024-ncaa-d3-conf-AMCC,ncaa,9,7,9,9,9,9,9,9,8,9,9,8,9,9,9,10,4,6,1,6,4,9,9,9,8,9,7,10,1,7,3,8,1,9,2,9,5,6,7,9,9,9,5,4,,,2,7,,,8,9,10,1,9,9,9,9,6,9,10,3,6,6,9,9,7,4,5,9,7,9,5,,4,,,8,1,1,1,6,3,1,6,1,1,4,3,5,4,7,4,7,1,2,5,5,7,5,3,7,1,1,2,3,2,2,1,5,9,8,8,5,8,7,10,,,8,2,,,8,2,9,7,8,3,4,2,4,3,3,2,7,6,6,2,1,2,3,2,4,9,6,9,,5,,,b'\x11\xe8\xe1I\xeac\xdd\xc8\x9a\xbe\x12\xdf\x17\xaeN\x1e'
11E8E149-EA63-DDC8-9ABE-12DF17AE4E1E,2024-ncaa-d3-natl,ncaa,367,375,296,370,305,376,370,346,380,330,268,365,373,347,399,310,265,320,67,312,277,350,323,384,375,378,278,346,63,178,94,236,123,212,94,340,173,316,354,356,390,385,273,278,,,49,90,,,339,359,363,54,386,384,349,332,223,376,336,226,304,297,353,277,124,153,120,344,335,399,266,,51,,,340,100,138,120,208,186,167,219,117,125,160,190,92,91,198,95,127,97,57,190,172,282,122,182,135,101,123,59,94,61,94,207,261,388,382,369,343,364,381,385,,,330,295,,,339,64,365,267,347,166,204,210,237,225,154,168,120,126,130,172,73,132,116,108,236,395,353,397,,311,,,b'\x11\xe8\xe1I\xeac\xdd\xc8\x9a\xbe\x12\xdf\x17\xaeN\x1e'
11E8E149-EA63-DDC8-9ABE-12DF17AE4E1E,2025-ncaa-d3-conf-AMCC,genius_ncaa,8,7,7,8,7,9,9,9,9,9,9,9,9,9,6,8,8,9,5,9,6,9,8,9,9,9,4,5,3,9,7,7,7,9,7,9,3,9,9,9,9,9,6,7,,,1,1,,3,9,8,9,1,9,9,9,9,9,9,9,8,9,9,9,9,9,8,9,9,9,9,6,,1,,3,9,8,8,6,9,8,7,9,7,5,8,4,2,2,9,2,1,5,2,8,9,9,1,5,1,7,7,3,7,6,7,8,7,9,9,9,9,9,9,9,,,8,5,,7,9,2,9,9,9,8,8,7,9,7,7,4,1,1,1,7,3,7,5,6,8,9,9,9,,9,,7,b'\x11\xe8\xe1I\xeac\xdd\xc8\x9a\xbe\x12\xdf\x17\xaeN\x1e'
11E8E149-EA63-DDC8-9ABE-12DF17AE4E1E,2025-ncaa-d3-natl,genius_ncaa,393,400,290,399,344,403,404,396,400,403,327,411,389,399,280,372,369,387,191,387,347,397,371,402,402,406,217,303,59,395,391,310,339,369,366,387,159,406,415,401,409,416,346,364,,,11,4,,63,415,345,269,414,413,414,418,414,324,391,402,378,392,395,419,390,401,267,389,398,397,416,345,,3,,63,411,364,401,349,393,402,342,383,315,264,353,217,18,12,376,12,3,264,119,389,371,408,31,234,7,299,339,151,391,222,366,398,310,408,416,416,417,416,415,418,,,383,344,,368,415,90,408,406,412,378,401,389,398,386,343,315,18,7,7,352,227,327,229,293,391,415,409,417,,398,,372,b'\x11\xe8\xe1I\xeac\xdd\xc8\x9a\xbe\x12\xdf\x17\xaeN\x1e'
11E8E149-EA63-DDC8-9ABE-12DF17AE4E1E,2026-ncaa-d3-conf-AMCC,genius_ncaa,4,4,4,5,4,5,5,7,6,4,7,2,5,4,6,2,4,6,3,6,2,7,6,6,4,5,5,5,3,7,6,8,9,8,9,5,4,5,8,6,2,1,6,8,,,5,7,,1,6,6,6,2,5,5,8,5,8,5,2,4,4,4,8,6,8,9,9,5,7,1,7,,8,,1,6,6,7,3,8,7,3,8,3,2,7,1,3,4,5,4,6,2,4,8,8,8,1,1,4,4,9,3,6,3,9,8,4,3,2,3,3,5,3,6,,,7,4,,5,6,4,5,8,8,8,8,3,8,3,5,1,4,6,6,2,4,7,2,5,8,1,4,2,,5,,6,b'\x11\xe8\xe1I\xeac\xdd\xc8\x9a\xbe\x12\xdf\x17\xaeN\x1e'
11E8E149-EA63-DDC8-9ABE-12DF17AE4E1E,2026-ncaa-d3-natl,genius_ncaa,345,397,42,385,64,297,273,166,360,221,159,334,303,207,381,227,305,270,343,266,338,192,108,373,386,392,331,302,261,239,352,276,406,278,403,263,215,396,396,377,87,190,304,368,,,131,9,,130,409,83,212,113,401,389,383,358,317,367,310,395,383,385,398,301,347,410,406,359,379,169,353,,10,,96,401,398,408,369,408,407,384,401,360,308,380,141,193,204,152,212,52,356,358,406,403,390,51,185,20,390,406,338,352,369,403,407,362,88,223,376,393,381,412,411,,,250,390,,323,409,338,396,395,404,377,396,309,391,321,314,194,77,81,88,265,270,351,247,316,398,190,366,408,,403,,368,b'\x11\xe8\xe1I\xeac\xdd\xc8\x9a\xbe\x12\xdf\x17\xaeN\x1e'
11E8E149-EA68-984A-9ABE-12DF17AE4E1E,2018-ncaa-d3-conf-NCAC,ncaa,5,5,5,5,8,5,5,2,6,4,3,8,5,4,6,6,4,5,4,5,6,3,4,7,5,6,4,4,4,1,2,5,7,4,6,6,6,6,5,6,1,1,7,8,,,7,7,,,6,4,3,9,4,4,1,3,1,5,4,4,5,5,1,2,1,5,3,6,6,1,7,,8,,,6,6,5,5,5,4,6,5,4,3,6,1,6,6,3,6,6,5,5,6,6,4,4,3,6,5,7,5,2,7,6,5,8,1,3,4,6,5,6,6,,,5,7,,,6,5,6,6,6,5,6,5,5,8,5,2,6,6,6,6,6,7,7,8,6,1,6,6,,5,,,b'\x11\xe8\xe1I\xeah\x98J\x9a\xbe\x12\xdf\x17\xaeN\x1e'
11E8E149-EA68-984A-9ABE-12DF17AE4E1E,2018-ncaa-d3-natl,ncaa,243,279,123,261,168,224,195,84,330,165,85,329,261,210,323,283,267,265,256,247,370,110,108,344,351,315,315,280,312,61,94,273,305,153,237,269,368,237,164,278,102,101,318,349,,,284,264,,,274,143,193,207,258,233,74,176,72,280,233,317,306,290,93,107,52,354,173,315,199,108,336,,257,,,270,291,305,243,293,343,332,244,168,121,323,75,286,282,247,276,202,257,292,282,284,254,132,111,248,290,305,314,94,312,237,211,121,140,156,166,302,255,287,176,,,245,371,,,274,282,292,256,277,239,254,202,298,297,141,84,258,252,245,201,234,251,280,271,196,157,279,272,,327,,,b'\x11\xe8\xe1I\xeah\x98J\x9a\xbe\x12\xdf\x17\xaeN\x1e'
11E8E149-EA68-984A-9ABE-12DF17AE4E1E,2019-ncaa-d3-conf-NCAC,ncaa,7,7,5,7,5,5,4,4,4,5,4,4,6,5,7,5,4,7,3,7,7,6,7,5,6,5,6,6,7,6,5,8,6,8,6,7,8,3,3,6,3,3,9,9,,,6,7,,,7,7,3,6,4,4,2,4,3,5,3,5,7,7,3,3,6,7,8,6,3,2,9,,7,,,7,7,9,4,9,8,8,8,5,2,9,2,3,3,8,3,2,3,3,9,9,9,2,4,2,6,6,5,5,6,6,9,8,6,7,8,3,3,8,8,,,8,8,,,7,3,5,8,7,7,8,7,7,7,5,3,5,4,4,7,7,7,7,7,9,5,4,8,,8,,,b'\x11\xe8\xe1I\xeah\x98J\x9a\xbe\x12\xdf\x17\xaeN\x1e'
11E8E149-EA68-984A-9ABE-12DF17AE4E1E,2019-ncaa-d3-natl,ncaa,263,304,129,285,204,162,166,127,242,181,154,236,148,135,221,176,177,277,6,281,328,151,201,236,208,140,200,193,236,169,215,343,296,299,312,269,383,66,48,172,108,95,411,421,,,321,335,,,275,208,282,383,174,181,118,196,181,167,143,196,309,318,151,259,190,415,367,308,44,113,420,,296,,,271,393,412,231,426,405,318,401,288,111,442,91,174,173,229,173,132,210,215,427,421,412,82,178,91,197,296,292,215,260,312,400,279,219,221,358,86,70,401,372,,,312,350,,,275,227,143,402,272,344,374,187,371,290,260,72,156,150,150,169,148,160,259,215,361,251,67,393,,377,,,b'\x11\xe8\xe1I\xeah\x98J\x9a\xbe\x12\xdf\x17\xaeN\x1e'
11E8E149-EA68-984A-9ABE-12DF17AE4E1E,2020-ncaa-d3-conf-NCAC,ncaa,8,8,5,8,7,6,6,4,7,6,7,6,4,3,8,2,6,6,4,6,6,4,7,7,6,4,3,2,7,6,8,9,9,9,9,8,9,1,3,5,3,4,9,9,,,2,2,,,9,6,4,3,4,3,2,6,6,2,2,6,6,6,2,3,5,9,9,9,3,2,9,,4,,,9,9,9,8,9,9,9,8,9,4,9,2,3,2,6,2,1,7,7,9,9,9,2,5,1,9,9,9,8,9,9,9,6,6,7,9,3,3,8,8,,,7,6,,,9,4,5,9,9,9,9,9,9,9,9,6,4,4,4,8,8,9,9,9,9,4,3,8,,6,,,b'\x11\xe8\xe1I\xeah\x98J\x9a\xbe\x12\xdf\x17\xaeN\x1e'
11E8E149-EA68-984A-9ABE-12DF17AE4E1E,2020-ncaa-d3-natl,ncaa,324,368,126,349,145,149,118,115,164,126,157,116,130,102,204,137,279,333,100,342,379,146,168,154,167,149,258,168,380,293,355,404,422,385,420,240,391,156,134,220,79,102,378,407,,,219,139,,,339,119,159,110,153,104,108,123,192,144,116,316,364,377,154,204,329,438,430,258,131,82,398,,203,,,335,430,434,348,434,435,407,432,225,79,425,30,191,141,377,147,56,325,353,432,434,416,13,53,45,372,422,366,355,380,420,417,216,102,150,327,169,145,213,192,,,327,390,,,339,317,193,413,333,410,421,311,426,402,214,55,173,128,129,274,320,341,326,344,392,117,150,202,,384,,,b'\x11\xe8\xe1I\xeah\x98J\x9a\xbe\x12\xdf\x17\xaeN\x1e'
11E8E149-EA68-984A-9ABE-12DF17AE4E1E,2021-ncaa-d3-conf-NCAC,ncaa,4,2,6,4,6,6,6,6,5,6,6,4,6,6,6,1,6,6,1,6,5,6,6,5,4,5,3,3,4,6,4,6,3,6,4,6,6,1,2,5,6,3,6,5,,,1,1,,,5,6,2,4,2,3,1,3,4,3,1,4,4,4,1,2,3,2,2,5,4,2,4,,3,,,5,1,2,1,6,2,1,6,1,1,2,1,1,1,5,1,1,1,1,6,6,5,1,1,2,2,3,2,4,2,4,1,1,6,4,4,1,5,1,1,,,6,6,,,5,1,5,5,5,5,5,5,6,5,1,1,5,2,2,5,5,4,5,5,4,2,5,1,,4,,,b'\x11\xe8\xe1I\xeah\x98J\x9a\xbe\x12\xdf\x17\xaeN\x1e'
11E8E149-EA68-984A-9ABE-12DF17AE4E1E,2021-ncaa-d3-natl,ncaa,176,58,232,125,234,236,239,232,232,241,240,169,220,214,247,29,239,244,34,243,218,235,235,227,223,205,106,82,197,232,165,239,131,236,185,245,249,49,126,205,224,83,228,205,,,46,88,,,179,237,73,110,182,175,54,188,190,105,27,199,241,228,75,87,101,149,130,223,133,70,185,,119,,,210,54,55,50,242,58,51,243,41,45,97,42,48,45,247,45,45,49,49,216,213,196,20,31,66,44,131,53,165,51,185,46,17,230,108,84,61,232,35,36,,,239,248,,,179,51,207,177,193,206,238,202,265,245,52,58,112,69,78,171,196,120,244,207,108,89,238,25,,223,,,b'\x11\xe8\xe1I\xeah\x98J\x9a\xbe\x12\xdf\x17\xaeN\x1e'
11E8E149-EA68-984A-9ABE-12DF17AE4E1E,2022-ncaa-d3-conf-NCAC,ncaa,6,6,3,6,3,6,5,6,7,5,4,6,8,8,9,7,4,3,7,3,5,6,3,8,7,7,7,8,4,4,5,6,7,6,7,6,6,7,8,7,2,4,8,8,,,9,9,,,7,5,3,3,7,6,7,5,3,8,7,4,3,3,6,2,4,7,6,6,8,1,8,,9,,,7,7,7,7,7,7,7,6,6,5,7,4,6,5,9,5,3,8,7,7,7,6,3,3,4,7,7,8,5,8,7,7,7,3,4,6,5,5,4,5,,,6,9,,,7,6,7,6,7,7,7,7,7,7,7,7,7,6,6,8,8,7,7,8,7,3,5,6,,6,,,b'\x11\xe8\xe1I\xeah\x98J\x9a\xbe\x12\xdf\x17\xaeN\x1e'
11E8E149-EA68-984A-9ABE-12DF17AE4E1E,2022-ncaa-d3-natl,ncaa,302,318,250,320,268,277,264,266,260,205,206,224,356,320,392,296,237,286,77,283,301,270,291,300,280,273,346,363,126,254,245,339,350,317,315,305,343,177,247,297,192,173,355,369,,,292,350,,,327,290,255,147,300,271,238,166,150,362,303,193,263,263,249,262,232,372,332,309,221,174,363,,354,,,323,269,296,181,346,330,255,326,144,105,288,93,249,196,386,193,158,177,158,327,342,332,101,102,213,267,350,160,245,195,315,274,200,259,263,302,134,175,130,123,,,324,313,,,327,144,276,343,324,312,325,262,350,321,152,107,281,241,235,251,221,303,214,259,300,246,169,143,,337,,,b'\x11\xe8\xe1I\xeah\x98J\x9a\xbe\x12\xdf\x17\xaeN\x1e'
11E8E149-EA68-984A-9ABE-12DF17AE4E1E,2023-ncaa-d3-conf-NCAC,ncaa,7,7,5,7,5,7,7,6,8,6,6,7,8,7,8,7,6,5,7,4,4,6,6,8,8,7,4,7,1,4,4,8,4,5,5,6,4,7,7,7,6,6,7,7,,,1,3,,,7,7,6,4,7,7,6,6,5,8,7,6,3,3,6,4,1,7,4,6,7,6,7,,3,,,7,4,6,3,8,6,3,8,4,5,2,7,1,1,5,1,1,1,1,7,7,6,1,4,1,2,4,3,4,3,5,7,7,6,6,6,7,6,2,2,,,6,5,,,7,2,7,6,6,5,6,5,6,4,5,6,1,1,1,4,2,3,5,4,7,6,7,2,,6,,,b'\x11\xe8\xe1I\xeah\x98J\x9a\xbe\x12\xdf\x17\xaeN\x1e'
11E8E149-EA68-984A-9ABE-12DF17AE4E1E,2023-ncaa-d3-natl,ncaa,270,325,109,298,157,280,290,190,369,261,125,386,304,298,275,328,182,173,251,168,233,184,162,375,364,345,227,290,88,107,98,310,159,215,155,336,353,266,247,345,180,182,180,206,,,207,227,,,328,203,280,266,345,348,239,311,135,327,329,198,195,188,233,224,111,396,281,381,241,215,210,,170,,,320,285,336,226,362,358,244,366,194,192,208,202,141,130,263,117,104,188,186,343,333,323,74,153,90,95,159,167,98,121,155,325,256,228,238,321,346,319,302,241,,,217,258,,,328,224,333,280,323,240,286,157,319,189,170,155,104,93,81,120,101,78,112,86,282,279,308,282,,269,,,b'\x11\xe8\xe1I\xeah\x98J\x9a\xbe\x12\xdf\x17\xaeN\x1e'
11E8E149-EA68-984A-9ABE-12DF17AE4E1E,2024-ncaa-d3-conf-NCAC,ncaa,6,6,5,6,6,6,6,6,6,6,5,6,7,7,6,7,7,6,6,6,8,5,6,6,6,6,7,7,5,5,5,8,8,6,7,6,6,6,6,6,5,5,6,6,,,3,3,,,6,6,5,3,6,6,6,6,3,6,7,7,6,6,5,5,4,8,6,6,6,4,6,,4,,,6,7,7,2,7,7,2,7,7,8,6,7,1,1,3,1,2,2,4,7,7,6,2,7,1,7,8,6,5,7,7,7,7,5,5,6,6,6,8,7,,,7,7,,,6,3,6,6,6,7,7,5,7,5,8,8,2,2,2,5,8,7,7,7,7,3,6,8,,7,,,b'\x11\xe8\xe1I\xeah\x98J\x9a\xbe\x12\xdf\x17\xaeN\x1e'
11E8E149-EA68-984A-9ABE-12DF17AE4E1E,2024-ncaa-d3-natl,ncaa,271,329,112,302,170,261,221,187,251,173,111,270,321,312,306,329,332,331,299,332,393,215,203,289,322,314,375,324,334,87,80,321,354,212,254,211,186,265,262,241,135,128,244,247,,,91,84,,,313,275,358,244,314,258,218,185,116,344,340,371,367,370,275,275,76,391,262,234,240,146,260,,58,,,302,273,335,244,361,318,195,367,338,299,317,321,41,38,123,41,50,186,181,365,322,318,114,311,22,330,354,211,80,269,254,380,368,220,209,348,298,296,401,347,,,336,373,,,313,145,268,343,315,217,302,201,278,156,308,280,24,20,23,126,114,292,160,224,350,250,279,387,,387,,,b'\x11\xe8\xe1I\xeah\x98J\x9a\xbe\x12\xdf\x17\xaeN\x1e'
11E8E149-EA68-984A-9ABE-12DF17AE4E1E,2025-ncaa-d3-conf-NCAC,genius_ncaa,6,6,2,6,2,5,4,4,6,3,3,5,4,4,5,7,3,2,8,2,5,4,1,6,5,6,5,6,4,3,3,5,5,3,5,5,4,6,6,6,4,6,2,5,,,7,6,,5,6,2,2,1,5,5,4,2,3,5,6,5,2,2,3,2,3,7,5,6,6,4,3,,6,,4,6,8,7,8,7,7,7,7,6,5,5,3,6,6,2,6,4,8,7,7,7,6,2,3,3,4,5,7,3,7,5,8,8,4,5,6,6,5,6,5,,,2,2,,3,6,7,5,6,6,6,6,6,6,5,5,4,4,4,6,6,6,5,6,5,7,5,6,6,,2,,4,b'\x11\xe8\xe1I\xeah\x98J\x9a\xbe\x12\xdf\x17\xaeN\x1e'
11E8E149-EA68-984A-9ABE-12DF17AE4E1E,2025-ncaa-d3-natl,genius_ncaa,234,242,192,239,248,158,131,229,48,139,216,64,139,227,45,212,308,280,354,278,282,235,231,42,79,109,268,169,382,174,91,323,195,278,138,76,60,216,245,118,129,96,235,246,,,245,315,,180,178,257,242,258,129,76,194,106,198,124,211,332,290,291,216,218,168,357,285,48,233,110,235,,267,,188,177,229,277,99,381,313,186,367,137,56,347,83,149,190,58,195,213,103,124,365,360,318,68,117,135,110,195,49,91,51,138,317,299,189,139,278,266,286,152,153,,,277,280,,227,178,149,110,282,184,248,288,112,309,193,151,54,147,190,199,112,127,113,55,61,307,169,270,144,,285,,236,b'\x11\xe8\xe1I\xeah\x98J\x9a\xbe\x12\xdf\x17\xaeN\x1e'
11E8E149-EA68-984A-9ABE-12DF17AE4E1E,2026-ncaa-d3-conf-PAC,genius_ncaa,5,5,1,5,1,5,5,3,8,6,4,8,3,4,5,4,7,9,5,9,10,3,3,7,8,6,7,4,9,8,11,7,10,8,10,6,9,3,3,5,4,6,1,1,,,8,6,,3,8,3,3,1,5,5,3,6,4,3,4,7,9,9,3,3,8,7,8,6,3,4,1,,8,,3,8,9,9,10,7,10,11,7,4,7,3,5,6,10,2,10,9,11,12,6,6,6,3,4,5,10,10,10,11,11,10,8,6,3,7,5,3,3,11,9,,,8,8,,6,8,12,6,6,8,9,9,10,10,11,4,7,6,10,10,11,12,10,10,11,8,3,3,11,,8,,6,b'\x11\xe8\xe1I\xeah\x98J\x9a\xbe\x12\xdf\x17\xaeN\x1e'
11E8E149-EA68-984A-9ABE-12DF17AE4E1E,2026-ncaa-d3-natl,genius_ncaa,288,268,215,305,229,242,247,258,212,257,282,176,199,196,236,147,246,174,372,173,91,254,280,198,233,203,171,163,233,364,404,331,225,354,381,302,320,100,129,212,207,179,100,108,,,139,134,,271,338,248,132,35,203,199,188,207,254,167,129,211,107,106,159,215,377,350,382,278,124,159,69,,164,,303,345,295,308,173,407,321,199,402,225,136,355,124,249,185,381,200,218,175,167,405,406,401,111,129,171,117,225,260,404,210,381,351,333,265,244,364,120,150,90,108,,,269,231,,169,338,182,251,384,334,387,386,268,388,297,272,163,323,244,276,273,269,148,370,310,383,213,149,92,,237,,165,b'\x11\xe8\xe1I\xeah\x98J\x9a\xbe\x12\xdf\x17\xaeN\x1e'
11E8E149-EA6D-4B74-9ABE-12DF17AE4E1E,2018-ncaa-d3-conf-ODAC,ncaa,12,12,7,12,8,12,12,11,12,10,9,11,10,10,12,7,12,12,12,12,12,11,9,12,12,12,11,8,12,8,8,12,12,9,10,9,2,10,11,11,10,11,5,3,,,1,1,,,12,11,11,5,12,12,10,8,7,9,9,12,12,12,11,9,7,10,8,9,11,10,4,,1,,,12,10,10,8,11,8,6,11,12,11,12,10,1,1,1,1,1,5,4,12,11,12,7,11,1,10,12,6,8,8,10,12,12,12,12,12,12,12,1,1,,,12,12,,,12,2,12,12,12,11,12,12,8,7,12,11,1,1,1,9,5,12,9,11,12,12,12,1,,12,,,b'\x11\xe8\xe1I\xeamKt\x9a\xbe\x12\xdf\x17\xaeN\x1e'
11E8E149-EA6D-4B74-9ABE-12DF17AE4E1E,2018-ncaa-d3-natl,ncaa,400,411,305,410,346,418,394,366,395,340,240,390,411,399,418,367,437,432,439,432,444,393,374,412,428,427,438,375,443,273,263,299,359,303,311,314,48,350,411,360,425,432,158,171,,,16,12,,,428,379,378,303,432,402,363,340,169,420,406,444,442,442,419,358,245,239,257,305,382,435,137,,5,,,422,244,330,250,323,258,240,257,376,274,426,293,37,47,67,47,32,191,83,352,301,385,201,391,17,340,359,167,263,231,311,418,432,425,440,443,394,416,26,16,,,427,430,,,428,54,421,417,430,320,368,358,321,314,405,325,39,52,53,321,155,367,246,322,420,441,395,24,,439,,,b'\x11\xe8\xe1I\xeamKt\x9a\xbe\x12\xdf\x17\xaeN\x1e'
11E8E149-EA6D-4B74-9ABE-12DF17AE4E1E,2019-ncaa-d3-conf-ODAC,ncaa,11,11,11,11,11,13,13,12,13,13,12,13,8,5,12,1,13,13,10,13,11,12,13,13,13,13,2,1,10,13,13,12,12,13,13,12,7,6,12,12,12,10,8,5,,,3,4,,,13,13,12,11,13,13,12,13,12,8,4,13,13,13,12,13,13,12,13,12,12,11,5,,4,,,13,3,4,3,11,5,3,11,10,9,9,11,5,5,2,5,8,1,1,11,10,12,9,11,6,9,12,6,13,7,13,13,13,12,11,13,10,12,11,13,,,12,10,,,13,1,13,13,13,10,7,6,8,5,11,11,6,7,6,7,5,11,10,11,13,11,12,12,,11,,,b'\x11\xe8\xe1I\xeamKt\x9a\xbe\x12\xdf\x17\xaeN\x1e'
11E8E149-EA6D-4B74-9ABE-12DF17AE4E1E,2019-ncaa-d3-natl,ncaa,356,361,317,365,340,403,404,387,394,415,396,404,204,215,211,75,403,411,319,409,331,395,397,365,372,383,58,48,331,385,371,369,324,388,367,387,287,195,344,375,311,260,245,178,,,102,214,,,390,395,393,256,415,417,398,420,397,184,171,414,414,415,420,418,378,375,399,400,251,289,228,,151,,,388,133,134,62,328,109,53,327,297,221,367,335,135,210,23,200,350,68,59,357,327,332,321,364,173,197,324,185,371,182,367,300,401,333,241,360,224,344,203,346,,,367,242,,,390,51,388,345,393,217,216,102,167,76,334,284,182,266,260,117,80,263,263,269,333,298,268,253,,364,,,b'\x11\xe8\xe1I\xeamKt\x9a\xbe\x12\xdf\x17\xaeN\x1e'
11E8E149-EA6D-4B74-9ABE-12DF17AE4E1E,2020-ncaa-d3-conf-ODAC,ncaa,9,9,6,9,6,9,9,8,9,11,12,8,3,3,11,1,11,12,4,12,11,9,10,8,9,8,4,2,11,13,13,11,12,13,13,13,13,2,3,9,11,12,3,4,,,12,12,,,11,8,8,2,10,10,6,11,12,3,3,12,12,12,8,10,13,12,13,13,1,11,3,,12,,,9,13,12,7,13,11,7,11,12,8,13,6,11,11,4,11,10,9,9,13,13,12,8,9,9,12,12,13,13,13,13,10,5,6,9,9,3,4,2,2,,,12,11,,,11,6,9,12,10,12,12,9,11,9,11,9,12,12,12,11,11,12,13,12,10,6,2,2,,12,,,b'\x11\xe8\xe1I\xeamKt\x9a\xbe\x12\xdf\x17\xaeN\x1e'
11E8E149-EA6D-4B74-9ABE-12DF17AE4E1E,2020-ncaa-d3-natl,ncaa,237,275,126,265,130,222,229,146,300,306,310,264,73,37,226,38,323,347,162,346,314,183,236,250,263,224,75,39,362,389,429,223,299,327,413,292,362,85,86,230,164,188,84,91,,,375,355,,,266,143,228,36,260,268,167,347,355,64,48,358,383,386,224,306,419,280,386,333,63,177,90,,360,,,264,271,197,168,242,180,217,156,258,136,392,116,385,413,56,412,398,240,285,252,259,220,335,246,367,304,299,424,429,415,413,163,142,127,131,116,142,143,48,66,,,336,363,,,266,266,283,244,280,236,172,127,156,176,239,105,374,401,400,203,239,280,411,373,145,139,120,36,,389,,,b'\x11\xe8\xe1I\xeamKt\x9a\xbe\x12\xdf\x17\xaeN\x1e'
11E8E149-EA6D-4B74-9ABE-12DF17AE4E1E,2022-ncaa-d3-conf-ODAC,ncaa,8,7,12,8,12,11,12,12,7,11,12,6,8,4,9,3,11,12,5,12,6,12,12,9,8,8,5,6,8,10,7,12,10,12,9,12,12,1,6,8,5,2,5,4,,,3,10,,,8,12,9,9,7,7,7,9,10,6,2,8,8,8,9,8,5,12,10,11,6,3,4,,10,,,8,2,1,1,8,1,1,7,4,6,6,9,4,3,5,3,10,2,1,8,8,8,10,9,9,6,10,2,7,3,9,4,9,7,4,5,1,3,1,6,,,10,2,,,8,1,8,8,8,8,5,4,4,2,8,9,8,9,9,4,7,10,9,9,5,4,4,5,,2,,,b'\x11\xe8\xe1I\xeamKt\x9a\xbe\x12\xdf\x17\xaeN\x1e'
11E8E149-EA6D-4B74-9ABE-12DF17AE4E1E,2022-ncaa-d3-natl,ncaa,256,156,391,229,399,359,363,395,200,353,405,98,295,249,327,104,320,324,262,327,73,392,403,196,194,191,182,190,156,305,130,404,374,389,293,392,414,27,173,309,195,42,250,118,,,77,323,,,183,408,349,290,215,235,275,239,351,201,109,165,128,134,247,299,143,390,292,364,147,56,174,,303,,,177,18,16,16,173,18,19,199,60,62,177,286,86,76,234,82,350,17,22,191,205,143,321,256,322,120,374,26,130,44,293,21,188,291,71,87,21,135,37,132,,,324,36,,,183,21,171,197,177,125,103,76,103,62,193,218,272,270,279,95,154,331,167,256,132,104,115,67,,68,,,b'\x11\xe8\xe1I\xeamKt\x9a\xbe\x12\xdf\x17\xaeN\x1e'
11E8E149-EA6D-4B74-9ABE-12DF17AE4E1E,2023-ncaa-d3-conf-ODAC,ncaa,12,12,11,12,12,13,13,13,13,13,12,13,12,11,12,6,12,8,13,8,2,13,13,13,13,13,3,5,1,13,13,7,13,13,13,11,8,9,12,11,13,13,4,4,,,2,4,,,13,12,6,5,13,13,13,13,11,11,9,11,3,3,13,12,13,6,12,11,10,13,3,,6,,,13,11,11,10,7,10,9,9,10,12,3,10,4,4,8,4,4,10,7,5,6,10,3,9,3,13,13,11,13,13,13,12,13,13,13,13,8,12,4,7,,,10,5,,,13,2,13,12,13,11,11,13,10,10,10,13,6,6,6,13,12,13,12,13,12,12,11,6,,7,,,b'\x11\xe8\xe1I\xeamKt\x9a\xbe\x12\xdf\x17\xaeN\x1e'
11E8E149-EA6D-4B74-9ABE-12DF17AE4E1E,2023-ncaa-d3-natl,ncaa,366,345,377,368,386,393,405,401,406,406,390,411,340,321,315,217,292,177,412,174,23,394,391,394,393,396,56,164,26,390,401,337,398,372,402,403,306,234,372,398,372,374,68,51,,,108,146,,,386,382,190,132,403,413,399,411,359,294,262,205,55,52,351,272,360,163,287,404,347,337,33,,251,,,388,153,170,191,168,172,145,234,215,287,89,319,146,164,135,158,192,172,104,171,155,267,210,259,154,384,398,262,401,346,402,284,328,385,387,383,254,351,77,237,,,255,43,,,386,54,402,351,391,337,333,387,326,339,318,389,257,284,280,389,345,408,400,409,354,347,337,144,,76,,,b'\x11\xe8\xe1I\xeamKt\x9a\xbe\x12\xdf\x17\xaeN\x1e'
11E8E149-EA6D-4B74-9ABE-12DF17AE4E1E,2024-ncaa-d3-conf-ODAC,ncaa,11,11,11,11,11,11,11,11,11,10,8,11,9,9,8,9,12,9,13,9,8,11,9,11,11,11,9,6,12,11,11,10,7,10,11,9,9,3,9,10,3,3,4,2,,,11,11,,,11,9,5,2,11,9,6,9,5,8,9,12,5,5,5,5,9,6,9,8,10,2,2,,11,,,11,5,6,2,9,6,6,8,6,2,13,5,9,9,10,9,9,3,5,10,10,9,5,5,8,3,7,13,11,12,11,7,8,3,2,6,3,4,1,2,,,9,4,,,11,5,12,9,10,9,9,6,8,9,7,3,10,10,10,8,10,5,13,12,9,2,4,1,,6,,,b'\x11\xe8\xe1I\xeamKt\x9a\xbe\x12\xdf\x17\xaeN\x1e'
11E8E149-EA6D-4B74-9ABE-12DF17AE4E1E,2024-ncaa-d3-natl,ncaa,318,297,345,324,345,344,308,271,340,305,250,330,264,230,334,203,400,293,424,299,273,287,302,343,378,362,291,187,387,245,324,239,164,248,298,301,269,187,241,288,119,77,62,32,,,259,346,,,253,311,167,1,316,269,108,249,152,239,173,404,225,237,124,111,166,76,108,279,268,61,23,,364,,,258,63,54,51,124,68,118,82,88,47,329,86,195,229,109,219,280,54,108,126,135,70,271,196,322,130,164,369,324,298,298,76,186,104,56,51,80,116,35,49,,,266,203,,,253,116,356,79,257,149,129,158,150,238,156,83,281,310,306,178,290,229,416,376,147,41,140,53,,158,,,b'\x11\xe8\xe1I\xeamKt\x9a\xbe\x12\xdf\x17\xaeN\x1e'
11E8E149-EA6D-4B74-9ABE-12DF17AE4E1E,2025-ncaa-d3-conf-ODAC,genius_ncaa,10,10,8,10,9,10,11,6,12,9,7,11,9,9,13,6,12,12,10,10,11,6,5,13,13,12,6,6,11,8,11,7,7,6,10,7,4,6,6,6,6,6,3,2,,,5,7,,12,10,6,3,5,9,10,3,7,7,9,3,12,10,10,4,4,7,3,5,6,7,5,3,,8,,12,10,7,7,7,9,7,10,6,7,4,10,3,10,7,12,8,8,6,8,9,9,9,7,7,11,8,7,13,11,13,10,12,12,8,7,10,6,6,2,2,,,8,11,,11,10,8,12,9,10,10,9,9,8,11,10,7,11,10,10,9,11,10,13,13,12,5,7,2,,5,,10,b'\x11\xe8\xe1I\xeamKt\x9a\xbe\x12\xdf\x17\xaeN\x1e'
11E8E149-EA6D-4B74-9ABE-12DF17AE4E1E,2025-ncaa-d3-natl,genius_ncaa,293,184,397,262,399,386,380,374,371,374,372,348,330,274,372,120,408,408,374,406,370,382,401,366,377,354,243,159,367,344,345,362,192,364,318,372,252,26,181,263,318,170,91,22,,,56,215,,294,271,403,161,86,343,298,93,294,189,233,104,394,367,363,132,151,197,64,107,301,204,151,17,,254,,378,285,12,8,16,79,10,23,61,50,29,224,197,87,76,266,72,247,16,17,81,96,100,313,255,297,71,192,189,345,125,318,42,304,317,124,158,19,146,27,89,,,388,292,,309,271,16,348,120,288,159,124,219,114,208,214,214,279,264,254,229,273,272,402,375,224,113,159,88,,263,,271,b'\x11\xe8\xe1I\xeamKt\x9a\xbe\x12\xdf\x17\xaeN\x1e'
11E8E149-EA6D-4B74-9ABE-12DF17AE4E1E,2026-ncaa-d3-conf-ODAC,genius_ncaa,6,6,3,6,3,10,12,7,12,12,4,12,9,9,8,9,5,4,8,4,2,6,5,12,12,12,2,7,2,4,7,7,2,7,6,9,5,9,10,11,5,3,3,2,,,8,10,,6,7,5,5,1,10,12,6,12,3,7,8,5,3,2,5,3,2,6,6,9,11,4,3,,10,,8,7,3,3,3,6,2,3,6,6,3,10,9,7,6,12,4,7,3,5,5,7,4,11,9,8,1,2,8,7,6,6,6,8,2,1,4,2,2,10,9,,,4,5,,1,7,8,11,3,7,3,3,4,2,4,8,5,8,6,4,3,6,1,10,8,7,1,2,10,,3,,1,b'\x11\xe8\xe1I\xeamKt\x9a\xbe\x12\xdf\x17\xaeN\x1e'
11E8E149-EA6D-4B74-9ABE-12DF17AE4E1E,2026-ncaa-d3-natl,genius_ncaa,98,68,215,92,229,279,286,216,330,249,133,373,295,335,179,368,202,200,237,191,268,218,224,343,339,313,259,301,122,119,126,158,27,137,76,192,56,207,210,203,146,91,26,10,,,145,174,,104,138,249,141,35,255,254,80,202,38,304,341,133,136,122,81,75,53,31,25,135,257,94,7,,170,,111,131,78,68,120,18,64,138,22,111,113,136,173,144,135,174,127,195,116,145,22,29,18,288,229,296,72,27,241,126,164,76,47,68,135,58,14,120,100,55,22,,,209,186,,47,138,176,289,12,134,48,37,140,49,173,117,130,171,171,152,132,222,70,351,233,30,62,149,52,,110,,31,b'\x11\xe8\xe1I\xeamKt\x9a\xbe\x12\xdf\x17\xaeN\x1e'
11E8E149-EA72-371A-9ABE-12DF17AE4E1E,2018-ncaa-d3-conf-MAC Commonwealth,ncaa,8,8,6,8,7,8,8,8,8,8,8,8,5,7,1,4,8,8,9,8,8,8,8,7,8,8,4,2,8,9,9,9,9,9,9,8,8,7,8,8,7,7,6,6,,,4,4,,,8,8,4,4,8,8,8,8,8,4,6,8,8,8,8,8,9,7,9,8,7,7,6,,6,,,8,8,6,7,6,5,4,6,8,8,6,8,6,5,8,5,6,7,5,6,6,8,8,8,6,9,9,7,9,8,9,9,9,7,7,8,9,9,8,8,,,9,9,,,8,2,8,8,8,9,8,9,6,6,8,9,7,6,6,9,8,9,8,9,9,7,9,8,,9,,,b'\x11\xe8\xe1I\xear7\x1a\x9a\xbe\x12\xdf\x17\xaeN\x1e'
11E8E149-EA72-371A-9ABE-12DF17AE4E1E,2018-ncaa-d3-natl,ncaa,364,379,305,377,359,376,355,341,365,325,198,388,370,388,236,378,379,313,424,318,351,344,315,377,392,389,339,310,295,342,395,310,407,343,406,390,388,292,358,395,292,312,274,313,,,242,244,,,398,294,152,414,394,373,300,320,124,366,390,382,301,310,318,244,338,257,325,398,344,262,268,,312,,,396,294,297,284,248,351,337,251,123,163,140,104,327,269,412,271,197,290,230,232,248,316,125,80,295,402,407,320,395,385,406,384,390,320,363,396,320,346,315,312,,,387,392,,,398,154,396,359,396,357,344,376,375,391,181,194,377,329,341,383,353,407,382,404,391,294,341,363,,390,,,b'\x11\xe8\xe1I\xear7\x1a\x9a\xbe\x12\xdf\x17\xaeN\x1e'
11E8E149-EA72-371A-9ABE-12DF17AE4E1E,2019-ncaa-d3-conf-MAC Commonwealth,ncaa,8,8,6,8,7,7,8,7,8,8,8,8,1,1,5,1,9,9,6,9,9,7,8,7,7,7,2,1,9,8,8,7,8,8,9,8,9,2,5,6,9,9,6,6,,,4,4,,,8,7,3,7,7,8,3,8,8,1,1,9,9,9,5,5,6,6,6,8,4,9,5,,6,,,8,8,9,6,8,8,7,8,5,3,8,2,8,8,3,8,7,6,3,8,8,9,4,4,5,7,8,7,8,8,9,8,7,8,8,9,4,5,3,8,,,9,9,,,8,3,8,9,8,9,9,9,9,9,7,4,8,8,9,9,7,9,9,9,8,8,4,6,,9,,,b'\x11\xe8\xe1I\xear7\x1a\x9a\xbe\x12\xdf\x17\xaeN\x1e'
11E8E149-EA72-371A-9ABE-12DF17AE4E1E,2019-ncaa-d3-natl,ncaa,356,382,215,371,255,296,288,232,335,325,285,336,152,133,237,102,327,331,258,321,294,262,295,316,329,297,125,93,315,273,335,266,314,287,351,346,377,127,168,299,418,428,177,237,,,243,278,,,374,284,276,172,318,310,189,349,286,142,110,341,352,345,235,283,265,266,289,372,144,426,163,,272,,,370,345,353,234,364,390,375,284,114,41,408,17,349,366,173,370,254,285,187,327,341,391,80,51,285,296,314,335,335,331,351,362,318,370,398,414,165,203,126,160,,,351,352,,,374,161,304,401,370,351,347,282,376,397,119,36,363,376,382,329,222,306,352,341,357,398,173,129,,383,,,b'\x11\xe8\xe1I\xear7\x1a\x9a\xbe\x12\xdf\x17\xaeN\x1e'
11E8E149-EA72-371A-9ABE-12DF17AE4E1E,2020-ncaa-d3-conf-MAC Commonwealth,ncaa,9,9,6,9,8,9,7,7,8,7,5,8,8,7,7,6,9,9,7,9,9,7,7,8,8,8,8,6,9,9,9,7,9,7,9,7,5,6,5,8,9,9,5,4,,,9,9,,,9,7,2,6,9,7,4,6,1,8,6,9,9,9,6,4,9,4,5,6,6,9,5,,9,,,9,9,2,4,5,3,1,6,8,8,6,8,9,9,5,9,9,7,4,6,6,6,9,6,9,8,9,8,9,9,9,5,8,7,8,7,7,7,1,1,,,9,9,,,9,3,9,8,9,9,4,6,4,3,8,8,9,9,9,9,8,9,9,9,8,5,7,1,,9,,,b'\x11\xe8\xe1I\xear7\x1a\x9a\xbe\x12\xdf\x17\xaeN\x1e'
11E8E149-EA72-371A-9ABE-12DF17AE4E1E,2020-ncaa-d3-natl,ncaa,344,368,198,357,232,350,318,195,381,280,96,402,339,338,310,335,397,370,380,382,425,236,213,393,404,390,356,289,366,243,359,182,340,216,359,290,223,292,311,326,299,337,35,47,,,390,371,,,375,202,151,121,380,345,151,292,69,349,336,409,389,400,215,162,219,140,190,306,315,301,28,,403,,,370,310,212,246,160,203,316,86,247,136,387,80,414,423,147,423,388,331,299,167,211,264,346,201,395,380,340,416,359,418,359,292,310,245,304,294,356,355,100,59,,,407,433,,,375,233,392,306,371,311,235,294,220,337,265,156,423,427,427,359,346,372,412,407,290,238,361,99,,425,,,b'\x11\xe8\xe1I\xear7\x1a\x9a\xbe\x12\xdf\x17\xaeN\x1e'
11E8E149-EA72-371A-9ABE-12DF17AE4E1E,2022-ncaa-d3-conf-MAC Commonwealth,ncaa,9,9,3,9,3,9,9,7,9,7,2,9,9,9,9,9,7,6,8,5,7,6,2,9,9,9,9,9,3,8,8,4,7,6,8,9,9,9,9,9,7,9,6,6,,,7,5,,,9,1,1,1,9,9,8,7,1,9,9,7,6,5,6,2,8,4,6,9,9,7,6,,7,,,9,9,9,9,6,9,9,6,7,8,4,5,9,9,3,9,8,9,9,6,7,7,7,7,8,8,7,8,8,8,8,8,6,6,8,8,9,9,8,7,,,5,8,,,9,9,9,8,9,9,9,9,9,9,7,8,9,9,9,9,9,9,8,8,8,6,9,8,,5,,,b'\x11\xe8\xe1I\xear7\x1a\x9a\xbe\x12\xdf\x17\xaeN\x1e'
11E8E149-EA72-371A-9ABE-12DF17AE4E1E,2022-ncaa-d3-natl,ncaa,351,400,107,368,120,317,293,225,368,205,71,386,402,392,407,411,198,137,310,140,270,217,99,396,387,396,389,416,53,233,304,155,228,190,279,374,410,426,399,412,217,295,90,147,,,328,219,,,380,71,63,79,386,377,322,258,76,417,413,222,160,158,299,104,283,219,256,407,407,251,94,,304,,,368,342,309,321,188,353,387,153,110,144,149,38,410,411,233,412,334,363,364,154,182,201,170,36,386,272,228,328,304,319,279,249,153,124,221,171,425,404,400,320,,,178,282,,,380,370,397,182,359,283,242,297,300,361,73,72,389,390,391,342,355,223,281,268,207,158,409,388,,229,,,b'\x11\xe8\xe1I\xear7\x1a\x9a\xbe\x12\xdf\x17\xaeN\x1e'
11E8E149-EA72-371A-9ABE-12DF17AE4E1E,2023-ncaa-d3-conf-MAC Commonwealth,ncaa,9,9,6,9,8,8,6,3,7,3,1,7,9,8,9,8,8,8,7,8,9,3,3,8,8,8,9,8,8,2,1,6,6,4,3,8,8,8,8,8,4,4,7,8,,,9,9,,,8,3,1,4,8,4,2,2,1,8,7,8,8,8,2,1,1,4,2,8,8,3,7,,9,,,8,8,6,4,8,5,4,8,5,6,3,6,9,9,5,9,9,6,6,8,9,9,7,4,9,4,6,5,1,5,3,6,5,5,6,6,9,8,2,2,,,8,9,,,8,7,8,8,8,9,8,6,7,5,5,7,9,9,9,9,9,5,8,7,8,4,9,2,,7,,,b'\x11\xe8\xe1I\xear7\x1a\x9a\xbe\x12\xdf\x17\xaeN\x1e'
11E8E149-EA72-371A-9ABE-12DF17AE4E1E,2023-ncaa-d3-natl,ncaa,366,398,185,376,240,292,230,122,340,153,44,353,378,365,395,389,359,338,367,343,421,166,133,371,382,365,413,389,374,78,137,210,192,142,205,325,402,309,269,349,244,271,205,216,,,401,412,,,354,181,123,288,326,244,80,118,24,392,380,390,368,372,118,88,65,192,94,350,300,243,213,,410,,,341,328,248,189,275,304,203,338,107,202,40,152,410,418,185,417,416,278,256,241,295,304,230,50,410,212,192,320,137,293,205,220,177,202,254,221,299,263,165,59,,,316,395,,,354,262,345,291,338,317,252,207,308,200,111,194,414,415,414,298,272,207,323,283,223,210,291,156,,357,,,b'\x11\xe8\xe1I\xear7\x1a\x9a\xbe\x12\xdf\x17\xaeN\x1e'
11E8E149-EA72-371A-9ABE-12DF17AE4E1E,2024-ncaa-d3-conf-MAC Commonwealth,ncaa,7,7,5,7,5,8,8,8,5,6,8,4,8,7,8,4,7,8,7,8,7,8,8,5,5,6,7,6,5,8,8,8,8,8,8,6,2,6,8,6,2,1,8,8,,,1,3,,,8,8,7,1,8,8,8,5,8,8,7,7,8,8,8,7,8,8,8,6,7,1,8,,3,,,8,3,3,1,6,2,1,5,7,6,7,7,2,1,8,1,4,1,2,7,7,6,7,8,2,5,8,2,8,4,8,8,8,2,2,7,4,7,1,2,,,8,8,,,8,1,8,7,8,4,5,2,4,2,8,7,2,2,2,2,3,6,3,4,8,1,6,1,,8,,,b'\x11\xe8\xe1I\xear7\x1a\x9a\xbe\x12\xdf\x17\xaeN\x1e'
11E8E149-EA72-371A-9ABE-12DF17AE4E1E,2024-ncaa-d3-natl,ncaa,367,394,200,379,257,367,350,353,329,291,251,295,395,370,405,347,316,263,386,258,222,354,314,364,366,377,379,380,124,346,329,379,333,376,357,330,228,351,375,364,109,81,406,402,,,132,182,,,353,296,282,244,393,378,407,300,259,404,384,336,269,264,404,352,363,418,413,352,342,103,411,,150,,,348,149,176,102,301,163,112,270,258,154,374,249,117,112,223,121,181,89,137,323,301,220,255,306,129,181,333,141,329,152,357,266,329,107,69,184,304,337,73,83,,,304,260,,,353,132,380,217,354,167,186,88,180,119,268,167,116,116,123,78,149,191,153,163,271,100,301,69,,329,,,b'\x11\xe8\xe1I\xear7\x1a\x9a\xbe\x12\xdf\x17\xaeN\x1e'
11E8E149-EA72-371A-9ABE-12DF17AE4E1E,2025-ncaa-d3-conf-MAC Commonwealth,genius_ncaa,6,6,5,6,8,7,7,8,4,6,6,6,7,8,6,8,3,2,6,2,2,8,8,5,5,5,5,7,2,3,2,7,7,7,1,5,5,8,8,7,8,7,5,4,,,3,5,,6,7,8,7,8,7,7,8,6,3,7,8,3,2,2,8,7,2,6,5,5,8,8,5,,4,,7,7,3,2,2,7,2,1,6,5,5,5,7,4,2,7,2,5,2,1,7,7,6,6,7,5,1,7,1,2,1,1,7,7,7,5,7,8,8,4,4,,,3,3,,4,7,1,6,6,7,5,4,3,3,2,6,7,4,4,4,2,2,2,2,2,7,7,8,4,,3,,2,b'\x11\xe8\xe1I\xear7\x1a\x9a\xbe\x12\xdf\x17\xaeN\x1e'
11E8E149-EA72-371A-9ABE-12DF17AE4E1E,2025-ncaa-d3-natl,genius_ncaa,293,319,192,309,245,307,298,319,249,195,165,265,397,393,381,397,158,63,378,65,105,290,209,313,308,336,385,403,48,122,73,231,279,176,155,348,369,367,364,370,288,293,149,164,,,186,201,,373,292,260,255,214,333,321,363,176,132,400,399,128,48,47,311,182,95,223,144,366,353,293,153,,196,,378,290,152,169,174,174,187,218,158,168,150,233,169,173,158,247,156,158,171,162,174,162,183,170,189,188,270,279,98,73,156,155,236,268,212,207,236,344,339,174,145,,,156,127,,100,292,144,319,213,295,174,190,206,204,223,175,163,178,163,164,192,186,281,103,173,242,207,336,178,,125,,95,b'\x11\xe8\xe1I\xear7\x1a\x9a\xbe\x12\xdf\x17\xaeN\x1e'
11E8E149-EA72-371A-9ABE-12DF17AE4E1E,2026-ncaa-d3-natl,genius_ncaa,345,268,327,351,337,388,382,385,280,370,373,266,391,389,368,340,380,362,380,367,264,385,372,319,329,387,375,362,228,392,380,356,247,378,319,349,89,270,405,365,327,239,304,239,,,50,110,,104,347,361,224,113,397,382,408,308,311,390,389,377,305,328,409,336,389,263,362,299,394,240,240,,105,,133,360,84,112,66,328,131,74,332,111,87,211,260,36,32,215,32,68,58,61,321,283,236,102,211,58,101,247,76,380,81,319,213,368,285,115,278,292,396,55,129,,,376,308,,323,347,54,389,236,364,235,287,196,291,195,224,222,63,51,58,165,202,220,210,215,350,116,388,96,,345,,313,b'\x11\xe8\xe1I\xear7\x1a\x9a\xbe\x12\xdf\x17\xaeN\x1e'
11E8E149-EA77-077C-9ABE-12DF17AE4E1E,2018-ncaa-d3-conf-Michigan Intercol. Ath. Assn.,ncaa,1,1,1,1,1,1,1,1,2,2,1,3,1,2,1,2,2,1,4,1,3,1,1,2,3,2,2,2,5,1,1,1,3,1,1,3,7,3,1,3,1,2,5,5,,,5,5,,,1,1,7,2,1,1,1,2,4,1,2,2,2,2,1,3,1,1,1,3,2,2,6,,5,,,1,3,3,8,2,4,7,2,2,7,1,4,2,2,6,2,1,6,8,2,1,1,2,2,3,6,3,6,1,5,1,2,2,2,4,2,2,2,8,6,,,3,7,,,1,9,1,1,1,2,2,4,2,4,2,5,2,1,1,4,2,4,3,3,2,3,2,7,,5,,,b'\x11\xe8\xe1I\xeaw\x07|\x9a\xbe\x12\xdf\x17\xaeN\x1e'
11E8E149-EA77-077C-9ABE-12DF17AE4E1E,2018-ncaa-d3-natl,ncaa,5,3,8,4,11,14,23,34,63,40,61,71,40,59,47,190,9,10,191,8,32,21,26,53,52,31,136,167,132,37,69,12,60,15,35,123,391,233,59,150,44,69,62,85,,,309,150,,,10,28,295,99,46,80,176,125,236,102,156,36,38,37,119,215,113,81,72,247,68,89,115,,103,,,9,205,234,404,31,224,360,67,247,399,16,343,166,132,328,138,86,394,408,30,23,25,207,253,163,256,60,310,69,301,35,185,142,54,94,69,99,22,436,393,,,27,152,,,10,419,20,21,9,32,41,125,60,101,113,265,51,41,44,75,108,84,77,72,56,129,27,389,,160,,,b'\x11\xe8\xe1I\xeaw\x07|\x9a\xbe\x12\xdf\x17\xaeN\x1e'
11E8E149-EA77-077C-9ABE-12DF17AE4E1E,2019-ncaa-d3-conf-Michigan Intercol. Ath. Assn.,ncaa,2,2,1,2,1,2,1,1,2,1,1,3,2,1,2,6,3,2,6,2,5,1,1,2,2,2,5,4,6,1,1,2,1,1,1,1,3,2,1,1,1,1,2,3,,,4,1,,,2,1,3,1,2,1,1,1,1,2,1,3,3,3,1,1,1,2,1,1,2,1,3,,3,,,2,2,1,5,1,2,5,1,1,3,1,6,4,4,7,3,4,3,8,1,1,1,4,5,6,2,1,7,1,6,1,1,1,1,1,1,2,1,9,8,,,4,6,,,2,9,2,1,2,2,1,2,2,3,1,1,4,3,2,2,4,2,5,5,1,1,2,9,,4,,,b'\x11\xe8\xe1I\xeaw\x07|\x9a\xbe\x12\xdf\x17\xaeN\x1e'
11E8E149-EA77-077C-9ABE-12DF17AE4E1E,2019-ncaa-d3-natl,ncaa,21,29,20,29,19,14,16,9,82,20,23,73,41,40,124,192,38,20,269,18,156,8,16,76,94,48,226,199,296,12,29,32,38,12,41,26,167,133,8,11,6,5,50,43,,,303,148,,,6,22,192,97,21,20,25,38,85,92,92,97,69,59,19,67,27,127,36,42,29,11,79,,130,,,4,97,113,298,37,100,230,40,261,341,104,336,103,110,172,100,102,251,399,46,34,6,307,353,149,154,38,366,29,294,41,112,165,13,12,6,108,17,438,368,,,69,313,,,6,418,17,3,7,13,23,48,21,49,137,188,41,39,40,24,161,35,160,102,36,16,40,416,,217,,,b'\x11\xe8\xe1I\xeaw\x07|\x9a\xbe\x12\xdf\x17\xaeN\x1e'
11E8E149-EA77-077C-9ABE-12DF17AE4E1E,2020-ncaa-d3-conf-Michigan Intercol. Ath. Assn.,ncaa,1,1,1,1,1,1,1,1,1,1,2,1,3,2,4,6,2,1,6,1,2,1,1,2,2,2,6,6,8,1,1,3,1,1,1,2,6,2,1,2,1,1,1,1,,,3,1,,,1,2,3,3,1,1,1,1,3,4,3,2,1,1,1,1,1,4,1,2,2,1,2,,1,,,1,1,2,2,2,1,1,2,4,6,3,8,1,1,2,1,1,1,7,2,1,1,8,8,1,1,1,1,1,1,1,2,6,1,1,1,2,1,5,3,,,2,4,,,1,8,2,1,1,1,2,2,1,1,4,5,1,1,1,1,3,1,1,1,2,1,2,5,,2,,,b'\x11\xe8\xe1I\xeaw\x07|\x9a\xbe\x12\xdf\x17\xaeN\x1e'
11E8E149-EA77-077C-9ABE-12DF17AE4E1E,2020-ncaa-d3-natl,ncaa,2,1,26,1,47,18,15,28,26,17,53,18,88,68,171,184,86,86,198,96,246,30,43,38,43,24,299,245,330,48,32,83,3,56,7,63,310,124,29,37,6,3,37,17,,,176,135,,,1,54,231,261,23,16,69,26,129,136,126,151,154,177,70,150,77,207,116,106,48,6,56,,66,,,1,10,13,81,2,9,61,4,158,267,42,379,8,12,60,13,41,48,282,5,2,1,358,403,73,12,3,129,32,44,7,25,186,11,2,2,35,5,275,168,,,63,184,,,1,379,9,1,1,1,1,5,1,10,86,165,3,5,5,1,60,2,35,12,8,12,10,202,,155,,,b'\x11\xe8\xe1I\xeaw\x07|\x9a\xbe\x12\xdf\x17\xaeN\x1e'
11E8E149-EA77-077C-9ABE-12DF17AE4E1E,2021-ncaa-d3-conf-Michigan Intercol. Ath. Assn.,ncaa,1,1,1,1,1,1,1,1,1,1,1,1,1,1,1,5,1,1,6,1,1,1,1,1,1,1,5,3,6,1,1,1,1,1,1,1,4,3,1,1,1,1,1,1,,,5,1,,,1,1,2,2,1,1,1,1,2,1,1,1,1,1,1,1,1,1,1,1,1,1,2,,1,,,1,4,4,7,2,2,5,1,6,8,4,7,3,2,7,2,1,5,7,2,2,1,7,7,4,1,1,3,1,3,1,3,3,1,1,1,1,1,4,3,,,1,1,,,1,8,1,1,1,2,2,2,1,1,5,5,2,1,1,1,2,1,1,1,3,1,1,3,,1,,,b'\x11\xe8\xe1I\xeaw\x07|\x9a\xbe\x12\xdf\x17\xaeN\x1e'
11E8E149-EA77-077C-9ABE-12DF17AE4E1E,2021-ncaa-d3-natl,ncaa,2,1,17,1,20,5,6,11,12,6,14,18,6,12,17,126,11,8,153,9,53,12,17,9,11,6,100,86,161,6,7,19,8,15,3,5,88,215,13,8,4,5,3,2,,,238,76,,,1,19,85,95,2,6,22,19,68,20,55,25,18,17,17,37,17,100,27,11,28,8,10,,64,,,1,211,206,253,17,176,241,14,253,260,106,242,196,185,226,184,72,244,264,26,25,9,261,263,121,174,8,226,7,216,3,214,169,6,7,10,160,8,257,135,,,15,85,,,1,267,2,7,3,12,12,24,5,13,121,146,35,20,19,15,105,7,15,9,35,15,16,180,,48,,,b'\x11\xe8\xe1I\xeaw\x07|\x9a\xbe\x12\xdf\x17\xaeN\x1e'
11E8E149-EA77-077C-9ABE-12DF17AE4E1E,2022-ncaa-d3-conf-Michigan Intercol. Ath. Assn.,ncaa,1,1,1,1,1,1,1,1,1,1,1,1,2,2,1,6,1,1,3,1,1,1,1,1,1,1,4,3,4,1,2,1,1,1,1,1,4,6,4,3,1,1,1,1,,,9,5,,,1,1,1,4,1,1,1,1,3,2,2,1,1,1,1,1,3,1,2,1,5,1,2,,7,,,1,1,1,5,1,2,5,1,3,3,2,3,3,3,5,3,4,5,9,1,1,1,8,8,7,3,1,3,2,3,1,2,3,1,1,1,5,3,4,1,,,1,3,,,1,9,1,1,1,1,1,2,1,3,2,2,1,1,1,2,6,3,1,1,2,1,4,1,,1,,,b'\x11\xe8\xe1I\xeaw\x07|\x9a\xbe\x12\xdf\x17\xaeN\x1e'
11E8E149-EA77-077C-9ABE-12DF17AE4E1E,2022-ncaa-d3-natl,ncaa,1,1,3,1,5,1,1,3,2,1,10,8,13,42,2,202,3,3,200,2,105,3,3,2,3,2,195,153,300,11,31,7,34,7,23,11,323,261,23,19,2,1,20,30,,,405,191,,,1,6,99,251,5,5,51,8,110,37,123,43,48,48,28,85,104,98,83,40,59,5,39,,192,,,1,219,225,386,26,193,376,20,280,342,127,242,173,227,71,232,108,382,422,26,20,2,261,300,171,235,34,327,31,296,23,130,79,2,5,1,218,38,400,230,,,5,220,,,1,424,3,1,1,7,16,48,24,77,98,117,28,31,34,26,218,50,41,32,12,10,60,288,,138,,,b'\x11\xe8\xe1I\xeaw\x07|\x9a\xbe\x12\xdf\x17\xaeN\x1e'
11E8E149-EA77-077C-9ABE-12DF17AE4E1E,2023-ncaa-d3-conf-Michigan Intercol. Ath. Assn.,ncaa,1,1,1,1,4,1,1,1,1,2,3,1,1,1,1,3,1,1,3,1,4,1,1,1,1,1,3,3,6,1,1,3,1,1,1,2,8,3,2,3,1,1,5,4,,,7,7,,,1,1,2,8,1,1,1,2,4,1,1,1,2,2,1,1,1,3,1,2,3,1,6,,4,,,1,2,2,2,2,2,2,3,3,7,1,8,4,2,9,2,4,2,6,2,3,1,8,7,6,1,1,1,1,1,1,1,2,1,2,1,2,1,8,8,,,1,5,,,1,9,1,1,1,2,2,2,2,2,3,6,3,2,2,2,2,1,1,1,1,1,2,8,,1,,,b'\x11\xe8\xe1I\xeaw\x07|\x9a\xbe\x12\xdf\x17\xaeN\x1e'
11E8E149-EA77-077C-9ABE-12DF17AE4E1E,2023-ncaa-d3-natl,ncaa,11,9,33,12,61,4,5,28,1,20,115,1,4,26,1,97,22,17,187,16,44,24,34,1,1,1,101,67,330,60,40,34,5,33,10,44,364,135,27,29,28,32,192,209,,,332,240,,,3,32,134,394,2,3,67,27,230,8,49,39,38,36,45,107,106,82,79,60,55,38,245,,222,,,2,242,259,295,159,185,219,142,361,338,325,331,152,122,328,121,113,267,357,199,189,94,314,363,122,44,5,134,40,78,10,125,70,39,44,25,65,11,425,395,,,21,66,,,3,395,1,51,2,90,114,100,75,75,284,234,68,49,51,71,167,12,33,16,65,69,27,402,,41,,,b'\x11\xe8\xe1I\xeaw\x07|\x9a\xbe\x12\xdf\x17\xaeN\x1e'
11E8E149-EA77-077C-9ABE-12DF17AE4E1E,2024-ncaa-d3-conf-Michigan Intercol. Ath. Assn.,ncaa,1,1,2,1,2,1,3,1,5,4,3,5,1,1,1,3,1,2,1,2,3,1,1,3,1,1,2,3,2,1,2,3,1,1,2,5,7,5,2,5,2,2,4,4,,,2,1,,,1,2,5,2,1,2,1,5,4,1,2,1,2,2,1,2,1,3,1,4,5,2,6,,2,,,1,3,4,5,3,4,3,4,7,9,4,9,1,1,2,1,2,5,7,3,2,2,5,9,1,2,1,4,2,3,2,3,4,2,2,3,1,1,5,4,,,2,2,,,1,7,1,2,1,3,4,4,3,3,5,9,1,1,1,4,5,2,2,2,4,2,2,4,,2,,,b'\x11\xe8\xe1I\xeaw\x07|\x9a\xbe\x12\xdf\x17\xaeN\x1e'
11E8E149-EA77-077C-9ABE-12DF17AE4E1E,2024-ncaa-d3-natl,ncaa,9,17,8,18,9,11,20,24,67,76,85,91,6,19,9,77,24,35,56,35,103,20,22,33,30,20,53,45,250,32,70,30,44,24,57,103,385,220,57,136,35,57,121,158,,,251,92,,,16,26,259,83,22,55,104,176,265,12,55,77,140,139,105,178,100,177,122,212,70,71,203,,69,,,17,320,357,383,201,309,324,211,391,398,276,345,51,73,53,72,40,355,389,230,165,95,198,378,24,171,44,338,70,287,57,266,131,35,57,76,143,44,377,281,,,17,144,,,16,403,13,67,19,78,143,103,119,84,265,250,5,7,8,54,109,44,91,56,129,95,51,257,,139,,,b'\x11\xe8\xe1I\xeaw\x07|\x9a\xbe\x12\xdf\x17\xaeN\x1e'
11E8E149-EA77-077C-9ABE-12DF17AE4E1E,2025-ncaa-d3-conf-Michigan Intercol. Ath. Assn.,genius_ncaa,2,2,4,2,5,1,2,2,2,3,2,2,1,2,1,3,1,1,2,1,2,2,2,2,2,1,2,2,5,2,2,6,3,2,1,3,9,1,1,3,1,1,5,4,,,3,3,,6,1,4,2,6,1,1,2,2,2,1,2,1,1,1,1,1,2,7,3,4,3,1,5,,4,,6,1,2,3,1,7,3,2,8,3,3,5,5,2,3,2,3,4,1,3,7,5,3,2,3,2,2,3,3,2,1,1,5,6,1,1,2,1,1,9,8,,,1,1,,1,1,7,1,3,1,3,3,3,3,2,3,2,3,3,3,2,4,2,3,2,3,1,1,9,,1,,2,b'\x11\xe8\xe1I\xeaw\x07|\x9a\xbe\x12\xdf\x17\xaeN\x1e'
11E8E149-EA77-077C-9ABE-12DF17AE4E1E,2025-ncaa-d3-natl,genius_ncaa,44,25,116,39,139,35,75,118,55,149,188,129,20,82,5,153,7,12,93,12,15,80,136,32,22,12,26,75,68,74,64,188,59,130,59,220,390,27,8,101,50,32,190,158,,,168,171,,286,17,173,228,154,13,49,103,161,211,16,92,5,9,10,52,154,68,233,134,254,21,44,208,,133,,280,12,120,148,99,261,142,93,280,218,226,207,299,98,112,125,114,191,90,185,272,239,122,197,271,130,48,59,170,64,94,59,181,222,69,39,82,20,18,388,366,,,30,19,,209,17,249,4,81,9,91,121,58,116,53,188,187,71,88,89,42,118,45,114,66,157,63,20,375,,18,,215,b'\x11\xe8\xe1I\xeaw\x07|\x9a\xbe\x12\xdf\x17\xaeN\x1e'
11E8E149-EA77-077C-9ABE-12DF17AE4E1E,2026-ncaa-d3-conf-Michigan Intercol. Ath. Assn.,genius_ncaa,1,1,3,1,3,2,2,3,1,2,3,1,3,4,1,5,8,5,9,4,8,3,5,1,1,1,9,5,9,3,4,3,3,2,3,7,9,3,1,3,3,3,2,3,,,3,1,,6,1,5,5,1,1,1,2,1,2,3,4,9,7,6,2,4,4,2,3,7,1,3,3,,1,,6,1,3,3,4,2,3,3,3,6,7,2,8,1,1,9,1,1,3,3,3,2,2,6,8,1,4,3,4,4,3,3,4,6,3,3,4,3,2,3,4,,,6,9,,4,1,5,1,3,1,2,4,5,3,4,6,8,1,1,1,4,4,4,2,3,4,3,1,4,,8,,4,b'\x11\xe8\xe1I\xeaw\x07|\x9a\xbe\x12\xdf\x17\xaeN\x1e'
11E8E149-EA77-077C-9ABE-12DF17AE4E1E,2026-ncaa-d3-natl,genius_ncaa,13,21,116,27,120,59,50,151,12,64,148,31,78,183,21,240,135,125,240,119,165,150,187,11,17,12,222,172,286,137,80,139,138,135,62,205,387,116,62,134,53,45,134,78,,,92,25,,197,23,203,351,33,35,31,168,61,161,86,218,146,147,142,152,261,155,147,148,255,61,58,166,,15,,177,28,169,176,217,117,90,93,150,382,387,259,413,27,51,45,47,67,189,204,203,138,104,388,414,11,195,138,145,80,154,62,224,280,135,109,171,127,90,320,305,,,150,151,,262,23,211,12,107,22,68,108,152,28,16,386,398,4,6,6,94,105,156,50,76,192,146,80,325,,180,,296,b'\x11\xe8\xe1I\xeaw\x07|\x9a\xbe\x12\xdf\x17\xaeN\x1e'
11E8E149-EA7B-CF0A-9ABE-12DF17AE4E1E,2018-ncaa-d3-conf-Empire 8,ncaa,4,5,3,5,3,6,5,4,6,3,2,5,8,5,8,6,6,9,2,9,9,4,4,7,7,7,9,8,9,3,3,3,2,3,3,7,8,4,4,7,6,7,3,3,,,7,9,,,6,5,9,3,7,4,5,3,3,8,6,7,9,9,6,7,3,4,3,7,4,7,3,,7,,,6,6,4,4,5,6,7,5,2,3,2,3,7,8,4,7,7,4,5,5,4,5,5,2,7,2,2,6,3,6,3,2,2,8,8,5,3,1,5,4,,,5,6,,,6,5,5,5,6,5,3,4,4,4,2,3,7,7,7,4,1,2,4,3,2,8,1,5,,6,,,b'\x11\xe8\xe1I\xea{\xcf\n\x9a\xbe\x12\xdf\x17\xaeN\x1e'
11E8E149-EA7B-CF0A-9ABE-12DF17AE4E1E,2018-ncaa-d3-natl,ncaa,218,223,197,227,224,284,260,317,197,211,281,149,311,298,331,243,284,336,90,327,313,327,320,222,212,241,326,314,251,238,139,259,172,260,145,242,214,208,286,246,272,246,89,73,,,253,353,,,240,343,391,146,297,269,337,212,282,318,297,301,359,358,362,362,233,255,261,243,217,281,81,,264,,,240,120,103,105,175,132,135,171,123,146,180,178,271,280,198,276,326,112,92,166,190,236,251,172,344,135,172,72,139,89,145,61,72,311,264,168,147,215,167,196,,,221,122,,,240,104,237,220,243,132,119,107,145,154,138,141,290,292,285,122,68,157,74,96,70,334,159,173,,224,,,b'\x11\xe8\xe1I\xea{\xcf\n\x9a\xbe\x12\xdf\x17\xaeN\x1e'
11E8E149-EA7B-CF0A-9ABE-12DF17AE4E1E,2019-ncaa-d3-conf-Empire 8,ncaa,6,6,5,6,9,6,5,9,2,4,5,3,7,7,5,7,7,8,3,8,5,9,9,4,3,3,7,7,6,8,3,5,2,6,3,7,5,6,8,6,7,7,2,2,,,6,9,,,6,9,7,9,6,3,8,3,4,7,7,7,8,8,8,8,7,4,5,6,7,7,2,,7,,,6,3,3,1,5,3,2,4,2,1,7,1,8,8,8,8,8,1,1,5,6,7,8,3,8,1,2,1,3,1,3,2,5,8,8,6,1,3,3,3,,,6,5,,,6,1,3,6,5,5,3,2,4,5,3,2,9,9,9,3,1,1,2,2,4,8,1,5,,6,,,b'\x11\xe8\xe1I\xea{\xcf\n\x9a\xbe\x12\xdf\x17\xaeN\x1e'
11E8E149-EA7B-CF0A-9ABE-12DF17AE4E1E,2019-ncaa-d3-natl,ncaa,237,244,215,248,316,194,152,265,68,103,148,82,311,355,170,352,264,330,30,324,381,287,316,104,95,109,387,356,307,160,60,196,103,194,49,113,97,149,211,88,280,257,101,107,,,136,221,,,143,340,325,440,167,116,251,54,118,323,364,257,350,348,282,312,144,153,126,77,159,287,93,,155,,,137,116,112,116,153,172,235,119,71,54,260,62,263,228,330,219,203,117,97,135,165,200,186,103,323,99,103,41,60,39,49,178,266,328,287,272,80,111,126,98,,,337,324,,,143,112,94,189,126,136,135,132,187,265,80,47,270,236,231,135,82,114,34,46,189,343,90,129,,363,,,b'\x11\xe8\xe1I\xea{\xcf\n\x9a\xbe\x12\xdf\x17\xaeN\x1e'
11E8E149-EA7B-CF0A-9ABE-12DF17AE4E1E,2020-ncaa-d3-conf-Empire 8,ncaa,6,6,5,6,5,6,6,8,5,6,6,5,5,5,4,4,6,5,6,5,7,7,7,5,6,6,6,5,5,5,4,6,6,6,4,6,6,6,8,7,8,7,5,7,,,2,2,,,6,6,5,1,6,6,7,6,5,5,5,6,5,5,7,6,4,6,5,5,7,7,5,,3,,,6,4,5,5,7,8,7,7,1,2,4,2,3,2,5,3,2,5,2,6,6,6,1,1,4,5,6,2,4,3,4,7,7,8,8,8,6,7,2,2,,,6,5,,,6,3,6,7,6,6,7,6,8,8,1,2,5,5,5,7,4,6,3,5,7,8,7,2,,6,,,b'\x11\xe8\xe1I\xea{\xcf\n\x9a\xbe\x12\xdf\x17\xaeN\x1e'
11E8E149-EA7B-CF0A-9ABE-12DF17AE4E1E,2020-ncaa-d3-natl,ncaa,344,368,198,357,255,301,279,258,276,229,213,237,334,278,383,270,337,321,316,323,350,273,274,313,319,323,355,321,301,165,143,296,347,249,270,254,210,235,280,280,333,338,259,287,,,162,189,,,328,306,298,190,324,287,240,211,188,339,270,353,333,336,273,250,142,308,248,244,259,340,255,,188,,,327,239,276,225,282,322,321,242,140,107,287,83,201,187,292,189,134,214,157,250,238,296,88,116,188,319,347,158,143,234,270,306,279,317,329,345,194,226,148,147,,,324,330,,,328,125,309,315,329,263,293,265,324,341,156,98,221,204,203,246,199,319,181,256,305,317,208,157,,346,,,b'\x11\xe8\xe1I\xea{\xcf\n\x9a\xbe\x12\xdf\x17\xaeN\x1e'
11E8E149-EA7B-CF0A-9ABE-12DF17AE4E1E,2021-ncaa-d3-conf-Empire 8,ncaa,3,1,6,1,6,6,6,6,2,6,6,2,6,6,2,3,6,6,4,6,7,6,6,2,2,2,5,3,7,6,1,6,3,6,1,6,1,2,1,1,6,3,4,1,,,2,4,,,3,6,6,1,3,2,5,2,5,3,5,5,6,6,5,5,3,3,4,1,1,4,1,,3,,,1,1,2,2,2,2,2,2,1,1,1,1,1,2,1,2,1,2,2,1,1,1,1,1,2,2,3,1,1,2,1,2,7,6,3,4,1,1,1,1,,,6,6,,,3,2,2,1,1,1,2,2,4,7,1,1,1,1,1,1,1,3,1,1,3,5,1,1,,6,,,b'\x11\xe8\xe1I\xea{\xcf\n\x9a\xbe\x12\xdf\x17\xaeN\x1e'
11E8E149-EA7B-CF0A-9ABE-12DF17AE4E1E,2021-ncaa-d3-natl,ncaa,148,1,246,1,248,247,241,250,29,241,251,29,234,247,47,128,265,265,119,265,276,252,255,27,47,25,231,105,279,240,4,246,115,246,9,225,11,27,31,4,249,100,171,23,,,28,44,,,70,255,274,110,76,32,86,34,93,77,129,268,278,277,149,235,25,52,23,6,23,134,5,,20,,,7,24,29,34,23,35,42,27,4,14,4,5,14,18,1,18,7,32,31,8,1,8,1,3,12,35,115,24,4,28,9,38,276,254,165,190,25,13,7,5,,,257,275,,,70,31,10,11,5,5,29,101,138,263,3,5,2,11,7,47,21,159,5,16,147,208,9,5,,276,,,b'\x11\xe8\xe1I\xea{\xcf\n\x9a\xbe\x12\xdf\x17\xaeN\x1e'
11E8E149-EA7B-CF0A-9ABE-12DF17AE4E1E,2022-ncaa-d3-conf-Empire 8,ncaa,8,8,6,8,8,8,8,6,8,8,8,8,3,2,6,2,8,8,4,8,9,8,8,8,8,7,2,2,9,9,9,9,9,9,9,8,8,2,4,7,7,6,8,8,,,7,7,,,8,8,8,3,8,8,5,8,8,3,2,8,8,8,8,8,9,9,9,8,3,7,8,,7,,,8,6,4,3,8,6,6,6,4,4,5,3,7,7,7,7,7,4,3,7,7,7,4,3,7,9,9,9,9,9,9,7,9,8,7,8,2,2,6,8,,,8,8,,,8,2,8,8,8,7,5,4,8,8,4,4,7,7,7,7,5,9,9,9,8,7,2,6,,8,,,b'\x11\xe8\xe1I\xea{\xcf\n\x9a\xbe\x12\xdf\x17\xaeN\x1e'
11E8E149-EA7B-CF0A-9ABE-12DF17AE4E1E,2022-ncaa-d3-natl,ncaa,256,318,107,283,133,261,282,111,402,386,337,396,46,15,295,10,348,353,249,353,265,154,187,368,379,336,11,5,373,242,381,221,400,229,407,323,353,113,91,285,97,140,86,101,,,340,252,,,321,165,260,110,358,369,122,418,406,43,16,401,406,407,192,280,291,307,312,375,77,113,86,,319,,,312,287,258,315,120,264,322,127,219,281,109,195,343,336,280,338,282,329,342,117,132,133,240,174,321,419,400,417,381,423,407,382,410,112,184,278,78,66,307,393,,,309,374,,,321,275,346,232,309,214,188,287,202,272,160,234,316,305,310,298,323,397,413,416,342,131,54,283,,388,,,b'\x11\xe8\xe1I\xea{\xcf\n\x9a\xbe\x12\xdf\x17\xaeN\x1e'
11E8E149-EA7B-CF0A-9ABE-12DF17AE4E1E,2023-ncaa-d3-conf-Empire 8,ncaa,5,4,5,5,4,6,5,4,7,6,8,4,3,2,9,3,8,8,5,8,5,6,5,5,5,5,3,3,10,6,6,4,4,4,5,5,5,3,4,5,7,7,1,1,,,10,10,,,5,5,6,2,5,4,2,7,8,3,2,8,9,9,5,5,5,4,5,5,4,8,1,,10,,,5,4,3,4,3,5,9,2,1,1,8,1,10,10,8,10,9,4,5,3,4,4,5,1,10,2,4,9,6,6,5,4,5,6,6,4,3,3,3,6,,,8,10,,,5,6,5,4,5,5,3,4,4,8,2,1,10,10,10,6,3,2,9,6,4,8,3,3,,9,,,b'\x11\xe8\xe1I\xea{\xcf\n\x9a\xbe\x12\xdf\x17\xaeN\x1e'
11E8E149-EA7B-CF0A-9ABE-12DF17AE4E1E,2023-ncaa-d3-natl,ncaa,107,131,63,128,82,158,141,57,290,199,229,165,61,16,332,21,324,291,374,287,262,75,85,252,297,258,129,48,419,43,131,66,131,44,141,113,145,180,93,123,75,77,22,21,,,364,353,,,122,115,266,162,224,187,75,269,334,72,20,387,362,360,112,173,63,102,54,154,118,98,24,,320,,,129,141,95,219,40,145,342,22,69,60,172,34,379,385,195,383,328,270,293,31,58,62,247,65,407,227,131,390,131,356,141,224,340,117,137,147,180,119,134,151,,,294,404,,,122,314,207,65,129,68,39,87,84,236,37,26,346,348,346,122,158,159,313,253,162,157,130,86,,390,,,b'\x11\xe8\xe1I\xea{\xcf\n\x9a\xbe\x12\xdf\x17\xaeN\x1e'
11E8E149-EA7B-CF0A-9ABE-12DF17AE4E1E,2024-ncaa-d3-conf-Empire 8,ncaa,2,3,1,3,1,2,3,1,3,3,2,3,1,1,4,3,8,8,5,7,9,2,1,3,3,3,5,3,9,3,5,3,3,3,5,3,5,2,2,3,1,2,2,2,,,9,9,,,3,1,1,7,3,3,2,3,3,2,2,8,8,8,2,4,5,5,5,3,2,2,2,,9,,,3,5,2,6,3,3,8,3,1,2,2,1,9,9,7,9,9,8,9,1,3,2,8,1,9,6,3,9,5,9,5,4,8,1,1,1,2,2,6,4,,,7,8,,,3,9,3,2,3,2,1,1,1,3,1,1,9,9,9,2,5,4,8,5,3,1,2,5,,8,,,b'\x11\xe8\xe1I\xea{\xcf\n\x9a\xbe\x12\xdf\x17\xaeN\x1e'
11E8E149-EA7B-CF0A-9ABE-12DF17AE4E1E,2024-ncaa-d3-natl,ncaa,30,30,38,35,51,104,70,33,187,86,73,144,86,45,257,100,333,338,266,338,405,52,73,177,224,152,280,142,419,52,152,89,120,66,166,60,120,97,27,39,20,12,7,2,,,418,405,,,29,88,256,244,175,100,49,134,157,132,76,399,398,399,104,212,88,193,123,87,32,24,9,,386,,,27,58,29,126,5,34,214,6,30,62,31,50,388,398,192,398,385,185,337,5,14,4,345,58,426,211,120,397,152,355,166,98,346,21,15,13,110,54,337,245,,,330,413,,,29,351,132,6,24,10,3,17,9,82,9,18,332,341,337,31,145,112,308,231,43,27,61,275,,414,,,b'\x11\xe8\xe1I\xea{\xcf\n\x9a\xbe\x12\xdf\x17\xaeN\x1e'
11E8E149-EA7B-CF0A-9ABE-12DF17AE4E1E,2025-ncaa-d3-conf-Empire 8,genius_ncaa,6,6,5,6,8,5,5,6,5,6,9,5,1,1,4,1,11,11,8,10,9,7,8,5,5,5,3,1,12,4,5,6,2,5,3,5,5,3,5,5,10,10,3,3,,,9,11,,2,5,9,11,6,5,5,3,6,11,1,1,11,11,10,6,7,3,5,4,4,5,10,3,,10,,3,5,1,1,3,3,3,5,3,6,5,10,4,9,10,2,10,11,2,2,3,4,6,9,7,10,1,2,4,5,2,3,4,9,10,9,8,2,4,1,1,,,11,11,,10,5,4,5,5,5,3,3,2,3,4,5,3,9,10,10,2,1,1,5,4,5,10,3,1,,11,,10,b'\x11\xe8\xe1I\xea{\xcf\n\x9a\xbe\x12\xdf\x17\xaeN\x1e'
11E8E149-EA7B-CF0A-9ABE-12DF17AE4E1E,2025-ncaa-d3-natl,genius_ncaa,102,118,55,118,89,101,75,48,166,187,235,130,7,5,87,11,387,384,324,386,393,83,116,92,149,103,61,9,419,40,51,45,41,28,26,52,59,86,51,26,263,281,32,33,,,290,312,,34,45,170,330,227,123,79,55,256,326,8,9,406,409,409,110,216,44,41,31,49,53,330,37,,221,,31,47,74,58,234,17,59,256,9,155,185,144,152,244,304,36,289,273,248,202,19,23,59,333,243,335,131,41,268,51,208,26,131,272,290,317,224,143,94,15,16,,,367,414,,401,45,231,69,54,47,34,25,105,28,156,108,115,188,260,245,120,61,90,154,119,90,360,100,7,,411,,407,b'\x11\xe8\xe1I\xea{\xcf\n\x9a\xbe\x12\xdf\x17\xaeN\x1e'
11E8E149-EA7B-CF0A-9ABE-12DF17AE4E1E,2026-ncaa-d3-natl,genius_ncaa,54,1,327,1,327,153,112,208,37,174,273,30,35,90,31,35,367,388,34,382,403,242,307,14,30,7,137,21,411,185,47,347,32,305,46,61,72,17,5,2,146,41,84,22,,,38,65,,20,11,330,153,7,2,2,5,17,70,1,3,335,388,378,9,44,43,206,102,3,13,37,22,,75,,31,5,51,55,48,209,54,74,92,100,34,395,63,59,77,111,84,168,51,64,223,195,78,227,273,174,26,32,67,47,48,46,127,367,180,26,109,18,10,47,46,,,395,414,,323,11,86,4,39,7,103,123,89,120,195,207,40,110,138,149,90,222,23,177,78,279,25,25,68,,410,,313,b'\x11\xe8\xe1I\xea{\xcf\n\x9a\xbe\x12\xdf\x17\xaeN\x1e'
11E8E149-EA80-9A4E-9ABE-12DF17AE4E1E,2018-ncaa-d3-conf-ASC,ncaa,5,6,5,6,6,6,6,3,8,5,4,8,6,5,8,5,11,11,12,11,13,5,6,7,10,8,12,7,13,5,8,7,10,6,11,9,13,3,2,8,1,1,1,1,,,12,13,,,5,6,2,6,5,3,2,3,3,7,3,12,12,12,2,3,3,11,6,10,4,1,1,,12,,,5,4,4,6,5,9,13,4,2,1,5,1,11,11,5,12,7,7,10,4,4,3,2,2,12,8,10,13,8,11,11,1,1,2,2,1,1,1,1,1,,,5,9,,,5,9,7,2,6,5,5,5,8,12,2,1,10,10,10,6,12,9,12,12,1,1,1,1,,2,,,b'\x11\xe8\xe1I\xea\x80\x9aN\x9a\xbe\x12\xdf\x17\xaeN\x1e'
11E8E149-EA80-9A4E-9ABE-12DF17AE4E1E,2018-ncaa-d3-natl,ncaa,151,114,305,144,339,186,181,131,251,168,144,239,192,155,279,197,221,140,377,147,203,126,177,247,273,201,251,212,286,82,107,388,350,276,295,353,436,63,40,257,50,33,126,126,,,397,424,,,162,236,80,261,96,88,30,107,70,154,106,178,82,88,30,60,45,408,212,356,97,27,108,,436,,,159,159,130,61,322,241,205,286,21,15,232,16,379,391,165,391,389,95,212,280,313,171,120,20,411,190,350,270,107,239,295,29,5,68,35,10,60,52,9,4,,,95,72,,,162,226,175,170,162,247,212,107,310,286,34,15,406,421,419,181,342,257,349,325,43,29,89,4,,18,,,b'\x11\xe8\xe1I\xea\x80\x9aN\x9a\xbe\x12\xdf\x17\xaeN\x1e'
11E8E149-EA80-9A4E-9ABE-12DF17AE4E1E,2019-ncaa-d3-conf-ASC,ncaa,7,7,8,7,9,9,9,8,9,9,10,9,8,7,9,8,7,6,8,6,3,7,7,8,8,9,5,7,6,9,8,9,8,9,8,12,13,7,9,12,5,3,3,3,,,9,11,,,6,7,6,4,7,8,7,8,8,7,7,4,4,4,5,5,7,9,7,12,9,2,3,,12,,,6,5,4,2,9,4,2,9,5,6,6,10,7,8,3,8,12,2,7,10,10,5,7,7,8,4,8,9,8,8,8,5,6,4,3,5,7,7,12,11,,,4,2,,,6,7,8,5,6,6,5,3,5,4,9,8,11,11,11,3,11,7,10,9,6,2,8,12,,2,,,b'\x11\xe8\xe1I\xea\x80\x9aN\x9a\xbe\x12\xdf\x17\xaeN\x1e'
11E8E149-EA80-9A4E-9ABE-12DF17AE4E1E,2019-ncaa-d3-natl,ncaa,237,185,365,229,370,280,317,347,264,328,351,260,232,239,221,190,149,122,280,122,39,317,328,252,232,245,109,196,58,309,272,386,297,377,323,378,398,204,281,359,111,67,230,136,,,300,387,,,232,326,90,140,182,253,212,262,267,181,154,54,32,36,140,110,224,353,321,366,308,50,187,,408,,,234,137,102,46,315,92,31,379,232,257,211,367,308,323,161,313,430,60,100,334,356,233,362,282,350,136,297,161,272,142,323,170,281,110,53,111,153,216,151,248,,,121,26,,,232,112,258,217,236,295,234,137,190,54,316,348,379,395,389,211,327,252,310,291,269,41,243,236,,13,,,b'\x11\xe8\xe1I\xea\x80\x9aN\x9a\xbe\x12\xdf\x17\xaeN\x1e'
11E8E149-EA80-9A4E-9ABE-12DF17AE4E1E,2020-ncaa-d3-conf-ASC,ncaa,6,6,7,6,7,6,7,8,7,7,9,6,8,4,11,4,1,1,11,1,1,6,7,7,7,7,4,8,1,5,5,7,6,6,7,10,11,5,5,10,8,8,9,9,,,11,11,,,8,8,3,1,5,7,6,7,7,6,3,1,1,1,2,2,4,7,6,11,7,8,9,,11,,,8,9,8,6,11,6,2,10,10,9,12,10,12,12,8,12,12,6,5,12,12,12,10,9,7,5,6,8,5,6,7,9,7,7,7,9,4,6,12,12,,,1,1,,,8,5,6,10,8,10,8,8,6,4,11,10,12,12,12,8,10,5,9,9,8,7,7,12,,1,,,b'\x11\xe8\xe1I\xea\x80\x9aN\x9a\xbe\x12\xdf\x17\xaeN\x1e'
11E8E149-EA80-9A4E-9ABE-12DF17AE4E1E,2020-ncaa-d3-natl,ncaa,285,245,372,288,372,236,301,317,256,301,356,169,226,154,352,136,60,20,349,20,3,244,259,246,234,234,105,224,16,238,259,308,270,298,309,363,416,183,206,347,192,183,308,262,,,349,387,,,333,266,50,24,114,222,138,223,279,179,73,11,1,1,47,46,139,186,167,352,293,122,293,,422,,,338,370,263,117,384,147,49,393,403,375,381,389,412,401,366,398,429,168,166,399,419,407,417,365,369,190,270,273,259,244,309,278,241,217,212,268,208,236,318,375,,,59,15,,,333,182,243,390,330,416,358,310,275,122,427,416,431,429,429,372,391,288,388,352,346,125,294,371,,3,,,b'\x11\xe8\xe1I\xea\x80\x9aN\x9a\xbe\x12\xdf\x17\xaeN\x1e'
11E8E149-EA80-9A4E-9ABE-12DF17AE4E1E,2021-ncaa-d3-conf-ASC,ncaa,5,3,10,4,10,8,8,9,4,10,10,4,4,6,6,1,5,4,10,3,1,9,10,4,3,4,2,3,2,9,7,8,8,9,8,10,12,4,4,9,5,4,5,3,,,7,11,,,6,10,3,7,3,5,6,8,12,2,2,1,1,1,4,3,7,6,5,11,5,2,3,,10,,,6,5,4,3,6,4,3,4,8,5,12,9,7,7,5,7,11,4,4,8,9,7,11,11,8,6,8,5,7,5,8,5,10,8,3,4,3,2,3,7,,,4,1,,,6,3,5,8,6,8,5,6,4,3,11,9,9,11,10,7,10,8,10,9,8,3,2,4,,1,,,b'\x11\xe8\xe1I\xea\x80\x9aN\x9a\xbe\x12\xdf\x17\xaeN\x1e'
11E8E149-EA80-9A4E-9ABE-12DF17AE4E1E,2021-ncaa-d3-natl,ncaa,35,149,32,88,40,39,51,43,141,64,67,92,28,16,154,55,12,9,211,8,2,30,30,117,113,116,30,87,25,39,171,34,187,39,187,111,272,247,128,228,32,96,28,44,,,269,258,,,114,28,36,110,66,128,125,173,242,68,37,12,5,5,50,52,126,109,101,235,159,68,61,,268,,,128,257,242,250,131,224,238,111,269,259,224,213,273,273,123,273,278,256,259,165,185,141,273,229,250,262,187,264,171,262,187,246,167,25,70,87,202,56,197,137,,,10,6,,,114,259,120,153,130,197,134,151,88,85,240,227,261,266,265,200,235,204,227,221,167,44,82,87,,4,,,b'\x11\xe8\xe1I\xea\x80\x9aN\x9a\xbe\x12\xdf\x17\xaeN\x1e'
11E8E149-EA80-9A4E-9ABE-12DF17AE4E1E,2022-ncaa-d3-conf-ASC,ncaa,10,11,5,11,6,6,5,6,5,5,4,5,6,5,9,3,9,10,9,10,8,6,7,6,7,7,8,6,9,10,11,5,9,7,10,8,10,6,7,8,8,9,6,8,,,6,2,,,11,3,3,4,7,6,7,7,6,6,4,10,10,10,8,8,11,6,9,8,7,9,7,,5,,,10,11,11,10,10,10,9,9,11,10,10,7,10,10,3,10,8,11,9,10,10,10,8,9,5,11,9,11,11,11,10,11,4,8,10,10,9,7,7,8,,,7,9,,,11,9,7,11,10,11,11,11,10,10,11,10,11,11,11,11,10,11,11,11,9,9,7,7,,9,,,b'\x11\xe8\xe1I\xea\x80\x9aN\x9a\xbe\x12\xdf\x17\xaeN\x1e'
11E8E149-EA80-9A4E-9ABE-12DF17AE4E1E,2022-ncaa-d3-natl,ncaa,364,400,188,380,194,199,212,232,218,228,263,159,165,126,262,135,127,113,223,98,62,218,184,205,200,228,154,183,115,364,409,189,318,275,377,220,220,318,304,282,173,236,223,252,,,292,210,,,383,112,58,66,200,224,245,242,297,177,132,117,97,84,213,145,394,170,323,236,304,183,233,,314,,,373,418,399,330,370,358,286,334,419,358,422,272,420,417,326,415,390,373,335,393,406,409,381,337,332,351,318,375,409,374,377,396,283,236,340,371,328,316,240,279,,,116,119,,,383,319,287,399,372,411,379,364,340,288,414,358,419,413,412,394,377,342,378,370,368,260,313,241,,93,,,b'\x11\xe8\xe1I\xea\x80\x9aN\x9a\xbe\x12\xdf\x17\xaeN\x1e'
11E8E149-EA80-9A4E-9ABE-12DF17AE4E1E,2023-ncaa-d3-conf-ASC,ncaa,10,10,7,10,8,10,9,8,9,9,8,9,9,7,10,5,9,9,7,9,6,8,6,10,10,10,6,7,4,7,9,7,6,7,6,10,9,10,10,10,8,8,10,10,,,4,4,,,10,4,2,5,10,9,7,9,6,8,6,7,7,8,7,3,7,2,6,10,10,8,10,,6,,,10,10,10,10,10,10,9,10,6,5,7,5,7,5,8,6,3,9,5,9,10,10,3,4,4,6,6,6,9,3,6,9,3,7,8,9,9,9,6,8,,,6,5,,,10,7,10,9,10,10,10,10,10,9,6,6,8,7,7,10,9,6,10,6,9,7,9,8,,5,,,b'\x11\xe8\xe1I\xea\x80\x9aN\x9a\xbe\x12\xdf\x17\xaeN\x1e'
11E8E149-EA80-9A4E-9ABE-12DF17AE4E1E,2023-ncaa-d3-natl,ncaa,411,420,271,417,300,334,364,336,373,356,344,347,304,209,379,159,175,165,242,174,54,314,233,369,345,374,111,220,25,368,393,119,126,240,291,391,406,412,398,410,304,353,365,386,,,332,323,,,403,165,36,180,350,383,335,368,340,291,194,118,100,110,305,118,372,24,183,407,409,296,368,,380,,,397,392,387,300,381,393,309,379,252,237,258,163,366,348,347,339,284,325,266,368,381,399,158,123,276,173,126,342,393,289,291,264,79,289,344,300,409,394,238,325,,,112,60,,,403,287,391,375,390,401,391,369,392,368,286,276,389,382,382,383,354,197,380,333,278,262,402,277,,42,,,b'\x11\xe8\xe1I\xea\x80\x9aN\x9a\xbe\x12\xdf\x17\xaeN\x1e'
11E8E149-EA80-9A4E-9ABE-12DF17AE4E1E,2024-ncaa-d3-conf-ASC,ncaa,8,7,7,8,8,8,9,8,9,8,8,9,6,5,7,3,9,8,9,8,3,8,8,9,9,9,4,4,5,7,9,9,5,9,8,8,8,8,8,8,6,4,9,10,,,6,8,,,7,6,1,6,7,9,4,8,8,5,3,8,6,6,5,3,7,9,9,8,8,4,9,,8,,,7,3,3,2,10,8,7,7,1,1,9,1,9,10,5,10,6,2,2,7,9,5,3,2,8,1,5,8,9,6,8,2,1,5,4,1,8,8,8,9,,,7,6,,,7,4,9,5,8,6,5,3,9,7,2,1,10,10,10,4,5,4,9,9,2,4,8,9,,4,,,b'\x11\xe8\xe1I\xea\x80\x9aN\x9a\xbe\x12\xdf\x17\xaeN\x1e'
11E8E149-EA80-9A4E-9ABE-12DF17AE4E1E,2024-ncaa-d3-natl,ncaa,271,232,345,270,357,306,344,317,359,360,346,354,181,155,229,106,169,157,261,158,36,296,283,333,316,337,38,95,62,304,311,356,182,346,306,332,251,307,324,347,144,100,376,376,,,321,389,,,288,269,53,244,262,320,193,362,314,138,89,84,63,64,148,85,245,313,290,310,347,91,369,,406,,,290,135,103,43,330,228,184,264,13,10,228,5,401,387,364,387,391,63,114,253,331,243,121,7,419,74,182,234,311,146,306,23,8,107,60,22,322,333,294,375,,,126,36,,,288,143,340,192,289,291,211,102,318,318,20,3,424,422,421,195,303,124,348,283,48,44,351,354,,15,,,b'\x11\xe8\xe1I\xea\x80\x9aN\x9a\xbe\x12\xdf\x17\xaeN\x1e'
11E8E149-EA80-9A4E-9ABE-12DF17AE4E1E,2025-ncaa-d3-conf-ASC,genius_ncaa,5,5,4,5,4,5,5,5,4,5,5,4,3,3,2,1,5,5,5,5,4,5,5,4,5,5,1,1,5,5,5,5,5,5,5,5,2,4,5,5,5,5,5,5,,,1,1,,1,5,4,4,1,5,5,5,5,5,2,1,5,5,5,5,5,5,5,5,5,5,5,5,,1,,1,5,4,5,3,5,4,2,5,5,4,5,4,1,1,4,1,1,2,2,5,5,5,1,4,1,2,5,4,5,4,5,5,5,5,5,5,5,5,4,5,,,5,5,,1,5,1,5,5,5,5,5,5,5,4,5,5,1,1,1,4,2,4,4,4,5,5,5,4,,5,,1,b'\x11\xe8\xe1I\xea\x80\x9aN\x9a\xbe\x12\xdf\x17\xaeN\x1e'
11E8E149-EA80-9A4E-9ABE-12DF17AE4E1E,2025-ncaa-d3-natl,genius_ncaa,359,374,290,363,327,326,348,324,342,362,370,316,181,137,256,62,276,223,337,229,66,322,317,310,309,308,47,62,147,394,409,367,310,389,401,374,380,218,295,361,275,272,396,391,,,124,143,,154,352,259,139,258,330,355,307,373,376,137,90,246,177,182,300,256,399,384,412,380,266,259,401,,166,,173,351,319,319,167,369,278,112,379,347,299,346,339,181,153,284,150,222,158,138,380,379,372,246,320,127,197,310,329,409,292,401,300,224,262,252,313,256,321,227,348,,,260,175,,84,352,137,340,366,356,353,350,274,313,171,363,343,228,200,197,265,257,241,374,335,313,228,295,270,,210,,63,b'\x11\xe8\xe1I\xea\x80\x9aN\x9a\xbe\x12\xdf\x17\xaeN\x1e'
11E8E149-EA80-9A4E-9ABE-12DF17AE4E1E,2026-ncaa-d3-natl,genius_ncaa,225,268,116,265,139,219,255,288,166,211,282,101,282,253,323,247,52,47,289,47,12,252,216,193,163,251,187,328,25,226,148,282,334,273,248,373,410,325,356,389,116,109,323,319,,,175,152,,234,264,208,324,113,293,321,405,272,375,329,308,62,33,38,380,330,273,385,368,399,317,136,348,,110,,222,257,236,218,193,255,151,163,180,347,278,389,324,243,183,388,186,244,191,218,312,319,262,374,375,225,263,334,131,148,168,248,175,128,125,98,118,267,278,33,32,,,68,12,,123,264,201,253,276,269,204,167,106,82,74,353,258,220,133,138,98,120,241,37,95,135,132,231,10,,40,,138,b'\x11\xe8\xe1I\xea\x80\x9aN\x9a\xbe\x12\xdf\x17\xaeN\x1e'
11E8E149-EA85-C8AC-9ABE-12DF17AE4E1E,2018-ncaa-d3-conf-CUNYAC,ncaa,4,4,1,4,2,1,2,2,2,2,2,3,4,4,3,5,2,2,1,2,7,2,2,2,1,2,5,5,6,2,2,5,1,2,2,4,5,4,3,4,2,2,2,2,,,9,9,,,3,2,3,3,1,2,2,2,3,4,4,2,3,3,2,2,2,6,2,4,3,2,2,,9,,,3,3,3,1,4,3,2,3,3,1,5,1,9,9,9,9,9,3,6,3,5,3,9,1,9,1,1,2,2,1,2,3,2,4,4,3,3,3,1,1,,,5,7,,,3,8,2,3,3,3,3,1,3,2,3,1,9,9,9,3,2,1,2,1,3,4,3,1,,6,,,b'\x11\xe8\xe1I\xea\x85\xc8\xac\x9a\xbe\x12\xdf\x17\xaeN\x1e'
11E8E149-EA85-C8AC-9ABE-12DF17AE4E1E,2018-ncaa-d3-natl,ncaa,89,138,43,126,47,18,14,9,104,12,17,89,112,87,197,266,80,87,171,86,335,12,8,123,135,133,334,283,339,9,20,82,249,19,88,52,289,399,184,178,5,4,70,102,,,411,267,,,23,13,46,87,27,14,16,15,32,160,145,140,152,157,18,17,16,210,32,76,328,5,106,,358,,,28,281,199,331,84,252,357,105,107,196,40,107,423,419,319,414,361,367,432,59,105,19,244,65,424,370,249,363,20,382,88,169,144,6,12,6,354,150,35,7,,,103,403,,,23,433,77,23,34,118,85,124,134,208,53,108,392,381,380,164,381,272,211,229,87,7,275,14,,228,,,b'\x11\xe8\xe1I\xea\x85\xc8\xac\x9a\xbe\x12\xdf\x17\xaeN\x1e'
11E8E149-EA85-C8AC-9ABE-12DF17AE4E1E,2019-ncaa-d3-conf-CUNYAC,ncaa,1,1,1,1,1,1,1,2,1,1,3,1,3,3,1,4,1,1,3,1,1,2,3,1,1,1,3,3,4,4,3,6,5,4,4,3,6,1,1,1,1,1,5,4,,,6,5,,,1,4,8,2,1,1,2,1,4,3,3,1,1,1,2,6,4,8,6,3,1,1,6,,4,,,1,2,2,1,3,2,1,2,2,3,5,4,6,5,6,5,7,1,6,2,2,2,7,5,7,4,5,4,3,5,4,1,2,1,1,1,1,1,3,1,,,1,2,,,1,6,1,2,1,2,2,1,2,1,2,2,2,3,3,1,2,4,4,4,1,1,1,2,,1,,,b'\x11\xe8\xe1I\xea\x85\xc8\xac\x9a\xbe\x12\xdf\x17\xaeN\x1e'
11E8E149-EA85-C8AC-9ABE-12DF17AE4E1E,2019-ncaa-d3-natl,ncaa,101,134,42,125,55,24,39,31,115,68,59,174,32,64,29,216,11,12,150,12,70,20,21,93,72,61,97,151,114,52,152,196,366,107,302,83,279,281,77,121,6,10,209,260,,,378,174,,,45,16,47,282,24,44,52,109,119,50,115,17,21,21,33,50,87,368,238,116,163,9,258,,283,,,50,346,340,327,254,358,363,232,198,189,227,112,349,389,72,390,301,365,432,230,217,56,165,118,284,411,366,397,152,413,302,320,244,6,10,23,203,53,116,49,,,18,119,,,45,430,55,68,48,181,185,128,235,214,109,94,257,306,306,160,394,322,305,320,217,8,117,61,,32,,,b'\x11\xe8\xe1I\xea\x85\xc8\xac\x9a\xbe\x12\xdf\x17\xaeN\x1e'
11E8E149-EA85-C8AC-9ABE-12DF17AE4E1E,2020-ncaa-d3-conf-CUNYAC,ncaa,2,2,1,2,2,3,3,3,1,2,6,1,2,2,2,2,4,5,3,5,5,3,4,1,1,1,3,3,8,4,4,4,5,4,4,2,2,1,1,2,3,3,3,3,,,6,5,,,2,3,7,2,3,3,3,2,6,2,2,4,6,6,3,7,4,7,4,2,1,3,3,,4,,,2,3,2,3,3,3,4,3,3,3,4,4,7,7,6,7,7,3,6,3,3,3,6,5,7,6,5,4,4,4,4,2,4,3,3,3,1,1,3,3,,,4,4,,,2,7,2,4,2,3,2,2,3,2,3,2,6,6,6,2,4,5,3,3,2,3,1,3,,5,,,b'\x11\xe8\xe1I\xea\x85\xc8\xac\x9a\xbe\x12\xdf\x17\xaeN\x1e'
11E8E149-EA85-C8AC-9ABE-12DF17AE4E1E,2020-ncaa-d3-natl,ncaa,149,163,126,164,197,98,66,53,147,118,218,56,36,22,216,28,356,375,197,377,398,89,137,116,156,86,191,59,430,132,242,187,400,173,349,39,62,58,25,11,34,58,84,120,,,156,67,,,80,133,142,437,78,39,31,109,252,36,21,391,410,411,67,151,149,231,197,23,45,41,90,,130,,,72,165,168,320,67,196,344,61,158,198,114,133,219,242,128,249,165,317,381,58,47,29,188,183,250,431,400,391,242,424,349,278,339,44,68,103,41,25,78,75,,,336,401,,,80,314,86,79,70,131,151,275,168,320,140,182,195,219,227,265,366,407,351,388,240,44,37,66,,389,,,b'\x11\xe8\xe1I\xea\x85\xc8\xac\x9a\xbe\x12\xdf\x17\xaeN\x1e'
11E8E149-EA85-C8AC-9ABE-12DF17AE4E1E,2022-ncaa-d3-conf-CUNYAC,ncaa,5,4,5,5,6,5,5,4,4,6,6,3,2,2,1,1,6,6,5,6,3,5,7,3,3,3,1,1,7,4,4,6,5,5,4,4,1,3,4,4,5,5,3,3,,,4,4,,,4,7,7,2,4,5,4,6,6,2,2,6,6,6,4,6,4,6,4,4,4,5,3,,4,,,4,2,2,1,5,2,1,4,3,3,4,5,6,5,5,5,7,2,1,5,5,5,6,5,6,2,5,3,4,3,4,1,1,5,4,4,5,6,2,5,,,4,3,,,4,1,3,5,4,3,3,2,3,1,4,4,6,6,6,2,1,3,4,3,2,5,5,3,,4,,,b'\x11\xe8\xe1I\xea\x85\xc8\xac\x9a\xbe\x12\xdf\x17\xaeN\x1e'
11E8E149-EA85-C8AC-9ABE-12DF17AE4E1E,2022-ncaa-d3-natl,ncaa,256,257,250,263,271,312,291,263,327,371,381,311,68,56,160,21,400,391,361,391,318,301,270,247,293,331,30,10,420,239,261,344,403,313,370,196,32,352,370,280,212,224,146,112,,,106,69,,,306,270,202,153,329,316,234,394,403,49,31,411,415,416,313,196,213,378,326,163,361,188,126,,109,,,303,199,212,179,239,193,124,289,269,289,172,329,144,156,138,170,246,173,209,251,231,175,231,282,144,384,403,220,261,319,370,237,238,107,82,140,387,395,139,280,,,301,294,,,306,159,328,249,304,240,255,258,230,162,293,329,178,203,217,243,324,386,284,353,269,65,390,159,,292,,,b'\x11\xe8\xe1I\xea\x85\xc8\xac\x9a\xbe\x12\xdf\x17\xaeN\x1e'
11E8E149-EA85-C8AC-9ABE-12DF17AE4E1E,2023-ncaa-d3-conf-CUNYAC,ncaa,3,3,1,3,1,3,3,3,4,3,5,1,2,2,5,2,2,4,2,4,3,3,3,3,3,3,3,2,4,3,4,5,5,5,4,3,3,5,4,4,2,2,3,3,,,5,5,,,3,2,3,2,3,3,4,4,5,2,2,2,4,4,3,3,4,7,5,3,4,2,3,,5,,,3,5,4,3,3,3,2,5,3,6,2,5,8,8,5,8,8,4,8,4,4,3,8,3,8,6,5,5,4,5,4,3,3,1,2,1,6,4,6,5,,,1,1,,,3,8,3,3,3,5,3,2,3,2,2,3,8,8,8,2,6,5,3,4,2,1,5,4,,1,,,b'\x11\xe8\xe1I\xea\x85\xc8\xac\x9a\xbe\x12\xdf\x17\xaeN\x1e'
11E8E149-EA85-C8AC-9ABE-12DF17AE4E1E,2023-ncaa-d3-natl,ncaa,152,198,63,182,71,73,64,54,124,74,126,60,106,58,294,114,146,148,178,149,214,61,27,131,139,225,249,202,304,57,100,207,390,121,279,28,29,417,347,213,10,12,118,158,,,223,43,,,133,22,28,89,90,76,72,95,195,129,74,191,213,209,75,26,85,335,201,33,383,10,146,,141,,,138,339,343,378,206,362,357,265,208,309,49,229,304,317,139,319,238,379,417,174,163,45,133,134,220,408,390,298,100,384,279,354,304,7,15,45,417,370,310,252,,,55,261,,,133,409,209,73,143,242,249,271,288,245,159,251,238,258,270,278,405,370,200,306,287,9,393,266,,89,,,b'\x11\xe8\xe1I\xea\x85\xc8\xac\x9a\xbe\x12\xdf\x17\xaeN\x1e'
11E8E149-EA85-C8AC-9ABE-12DF17AE4E1E,2024-ncaa-d3-conf-CUNYAC,ncaa,3,3,1,3,1,2,2,4,2,2,4,1,3,2,3,3,4,5,1,5,6,4,4,1,1,1,3,4,7,5,4,6,3,5,4,2,4,5,4,4,2,3,5,5,,,4,5,,,4,4,6,1,3,3,4,2,5,3,3,4,7,7,4,5,5,6,5,3,4,4,5,,4,,,4,5,4,2,5,3,3,5,6,6,8,7,7,7,7,7,8,2,5,7,7,4,7,7,7,3,3,4,4,3,4,5,3,2,2,3,5,4,6,5,,,2,1,,,4,5,2,4,4,4,4,1,3,2,4,3,7,5,5,1,3,2,2,2,4,2,4,6,,2,,,b'\x11\xe8\xe1I\xea\x85\xc8\xac\x9a\xbe\x12\xdf\x17\xaeN\x1e'
11E8E149-EA85-C8AC-9ABE-12DF17AE4E1E,2024-ncaa-d3-natl,ncaa,142,185,63,172,92,71,64,38,156,84,82,121,72,53,189,115,247,283,97,279,374,56,39,140,163,189,236,143,385,36,81,106,254,64,165,24,14,369,261,130,31,44,132,173,,,317,160,,,117,40,45,244,75,60,31,93,125,89,64,306,353,347,57,33,46,171,76,18,323,27,156,,254,,,123,305,277,311,160,278,342,128,242,198,293,139,318,339,168,348,260,332,396,169,173,65,243,205,282,339,254,358,81,357,165,373,402,20,26,119,387,319,371,276,,,173,365,,,117,391,155,76,128,188,179,209,197,247,192,142,269,282,285,221,354,266,278,280,323,17,354,325,,257,,,b'\x11\xe8\xe1I\xea\x85\xc8\xac\x9a\xbe\x12\xdf\x17\xaeN\x1e'
11E8E149-EA85-C8AC-9ABE-12DF17AE4E1E,2025-ncaa-d3-conf-CUNYAC,genius_ncaa,1,1,2,1,2,1,2,5,1,2,6,1,2,4,1,4,2,2,1,2,1,5,6,1,1,1,3,4,5,6,6,3,4,5,3,1,2,2,3,2,3,4,1,1,,,3,3,,4,2,3,8,3,1,1,6,1,7,2,4,2,2,2,6,7,7,3,6,2,2,4,1,,3,,4,2,2,2,6,2,2,3,2,3,7,1,7,6,5,5,5,5,6,6,2,1,2,5,5,6,6,4,1,6,2,3,3,5,4,4,3,2,4,5,6,,,2,3,,1,2,6,1,2,2,2,2,3,2,3,3,7,5,4,4,3,3,5,1,3,3,4,2,5,,3,,1,b'\x11\xe8\xe1I\xea\x85\xc8\xac\x9a\xbe\x12\xdf\x17\xaeN\x1e'
11E8E149-EA85-C8AC-9ABE-12DF17AE4E1E,2025-ncaa-d3-natl,genius_ncaa,44,56,36,57,53,39,43,55,52,41,87,34,122,107,188,219,39,38,157,39,115,51,31,66,59,101,249,260,175,135,222,27,341,48,249,8,8,380,268,90,25,59,23,57,,,333,128,,201,38,18,58,375,53,59,122,53,172,179,169,66,78,82,107,84,216,50,108,9,300,35,29,,244,,165,38,200,177,397,10,268,400,19,50,255,3,75,349,382,64,381,234,402,411,6,8,10,125,39,359,412,341,344,222,402,249,365,408,16,52,97,382,301,382,307,,,39,143,,24,38,403,126,18,46,69,69,281,136,343,28,132,276,317,313,299,379,378,215,327,278,25,326,329,,77,,30,b'\x11\xe8\xe1I\xea\x85\xc8\xac\x9a\xbe\x12\xdf\x17\xaeN\x1e'
11E8E149-EA85-C8AC-9ABE-12DF17AE4E1E,2026-ncaa-d3-conf-CUNYAC,genius_ncaa,1,1,1,1,1,1,1,5,1,1,6,1,1,1,1,1,6,7,1,7,6,4,6,1,1,1,4,2,8,4,2,7,5,7,2,1,2,1,1,1,4,2,6,2,,,4,7,,1,1,7,8,1,1,1,5,1,6,1,1,6,7,7,4,6,4,7,7,1,1,4,6,,4,,1,1,2,2,1,4,2,1,4,1,3,1,7,5,3,8,3,7,1,1,4,4,3,5,2,7,2,5,1,2,1,2,1,1,4,4,2,1,1,2,2,,,5,4,,2,1,1,1,3,1,2,2,1,2,1,1,3,5,3,3,1,1,2,1,1,1,4,1,2,,5,,2,b'\x11\xe8\xe1I\xea\x85\xc8\xac\x9a\xbe\x12\xdf\x17\xaeN\x1e'
11E8E149-EA85-C8AC-9ABE-12DF17AE4E1E,2026-ncaa-d3-natl,genius_ncaa,13,132,8,111,20,2,2,2,148,2,6,136,35,23,199,209,23,34,86,32,270,2,6,157,154,115,258,234,247,7,62,63,314,16,217,1,12,316,58,21,3,14,26,88,,,393,229,,20,17,11,57,112,21,22,16,34,43,119,93,98,147,139,15,33,24,305,128,6,143,15,69,,286,,15,43,361,353,372,202,371,393,178,237,256,177,53,384,389,200,390,247,385,399,164,188,73,137,91,306,384,314,390,62,392,217,369,309,4,27,72,333,131,354,169,,,30,265,,169,17,400,69,91,58,164,165,146,220,250,76,50,278,285,287,171,320,281,282,293,248,17,204,251,,134,,254,b'\x11\xe8\xe1I\xea\x85\xc8\xac\x9a\xbe\x12\xdf\x17\xaeN\x1e'
11E8E149-EA8A-ABA6-9ABE-12DF17AE4E1E,2018-ncaa-d3-conf-USA South,ncaa,9,9,10,9,10,14,11,10,12,11,10,10,13,11,14,10,14,12,15,12,13,12,14,12,14,12,14,10,14,7,8,9,9,10,9,10,3,3,8,6,14,12,1,1,,,8,7,,,10,15,15,9,14,12,7,11,9,11,10,14,12,11,8,13,6,5,6,8,6,13,1,,5,,,10,4,4,7,3,8,14,1,2,1,16,1,9,9,6,9,6,7,5,2,1,6,5,4,12,10,9,7,8,7,9,5,10,14,14,11,2,7,7,7,,,14,14,,,10,5,12,8,10,4,6,11,11,14,3,1,7,9,9,9,7,10,10,10,7,16,5,8,,16,,,b'\x11\xe8\xe1I\xea\x8a\xab\xa6\x9a\xbe\x12\xdf\x17\xaeN\x1e'
11E8E149-EA8A-ABA6-9ABE-12DF17AE4E1E,2018-ncaa-d3-natl,ncaa,196,138,363,177,378,310,290,304,260,243,265,238,321,296,350,260,305,229,387,237,220,300,335,289,308,279,316,306,249,165,142,220,204,193,175,282,252,72,132,201,304,264,25,27,,,50,63,,,196,373,190,303,232,216,121,152,129,291,218,255,133,142,117,148,82,49,44,229,161,246,9,,75,,,193,49,72,128,76,168,335,36,12,11,193,5,138,161,141,155,99,112,84,40,40,89,45,28,285,212,204,161,142,174,175,29,24,356,320,133,107,173,107,126,,,377,365,,,196,78,241,129,186,145,185,321,283,415,22,11,216,251,248,323,280,326,309,324,55,288,195,158,,340,,,b'\x11\xe8\xe1I\xea\x8a\xab\xa6\x9a\xbe\x12\xdf\x17\xaeN\x1e'
11E8E149-EA8A-ABA6-9ABE-12DF17AE4E1E,2019-ncaa-d3-conf-USA South,ncaa,3,2,5,3,7,4,3,4,2,2,7,2,6,5,6,5,7,7,2,7,10,5,5,3,3,3,9,6,12,5,8,5,6,5,5,2,6,5,3,2,4,5,2,2,,,15,15,,,2,7,8,14,2,3,6,3,8,6,6,9,10,10,6,8,7,9,6,2,3,4,2,,14,,,1,5,4,6,3,8,10,2,1,3,2,3,16,16,15,15,12,8,10,2,3,2,4,1,18,6,6,8,8,6,5,2,4,2,3,1,7,7,14,11,,,6,6,,,2,12,4,1,1,2,2,3,5,10,1,2,16,14,14,6,6,4,9,5,1,4,7,9,,5,,,b'\x11\xe8\xe1I\xea\x8a\xab\xa6\x9a\xbe\x12\xdf\x17\xaeN\x1e'
11E8E149-EA8A-ABA6-9ABE-12DF17AE4E1E,2019-ncaa-d3-natl,ncaa,118,15,407,40,418,248,235,351,75,209,332,54,249,282,197,210,268,289,178,294,190,356,395,82,83,57,275,241,265,253,100,354,111,337,98,223,236,13,36,54,234,123,150,102,,,111,345,,,49,405,119,353,38,27,45,37,101,129,121,101,111,113,46,89,81,97,63,76,78,116,83,,349,,,19,7,6,15,46,22,59,56,3,7,8,11,239,232,248,229,362,18,33,23,51,34,119,6,440,24,111,32,100,29,98,3,6,233,68,3,32,96,82,132,,,319,129,,,49,38,47,31,24,68,41,80,145,292,1,9,394,396,401,142,253,151,211,181,5,74,138,192,,67,,,b'\x11\xe8\xe1I\xea\x8a\xab\xa6\x9a\xbe\x12\xdf\x17\xaeN\x1e'
11E8E149-EA8A-ABA6-9ABE-12DF17AE4E1E,2020-ncaa-d3-conf-USA South,ncaa,7,8,2,8,3,8,5,4,11,4,3,9,8,8,9,12,5,5,14,5,10,4,4,13,13,10,13,13,9,5,6,12,6,6,12,3,7,6,4,4,2,3,16,17,,,15,14,,,6,4,12,16,9,9,5,6,3,10,10,8,7,7,6,11,6,18,12,7,4,4,17,,10,,,6,9,8,2,14,13,12,12,1,1,5,1,15,15,9,15,13,5,15,11,12,4,6,1,14,4,6,18,6,15,12,2,1,2,1,1,7,5,16,12,,,3,3,,,6,15,9,2,6,3,3,1,6,4,1,1,10,10,10,1,4,3,13,8,1,2,5,15,,3,,,b'\x11\xe8\xe1I\xea\x8a\xab\xa6\x9a\xbe\x12\xdf\x17\xaeN\x1e'
11E8E149-EA8A-ABA6-9ABE-12DF17AE4E1E,2020-ncaa-d3-natl,ncaa,215,245,126,234,190,204,180,96,286,137,74,279,266,208,326,294,217,121,398,124,250,96,101,314,332,289,315,300,250,61,125,295,159,173,224,212,278,183,112,208,67,60,397,402,,,284,297,,,163,147,180,399,233,205,80,148,77,281,235,237,118,129,76,108,59,358,197,228,158,71,408,,270,,,164,139,133,59,308,246,193,280,30,26,194,26,308,323,179,324,331,83,222,261,276,109,87,23,352,91,159,388,125,292,224,66,55,27,15,13,216,169,364,274,,,65,103,,,163,288,255,78,170,117,123,22,209,148,16,13,281,302,302,39,174,74,345,250,62,28,196,351,,62,,,b'\x11\xe8\xe1I\xea\x8a\xab\xa6\x9a\xbe\x12\xdf\x17\xaeN\x1e'
11E8E149-EA8A-ABA6-9ABE-12DF17AE4E1E,2021-ncaa-d3-conf-USA South,ncaa,9,12,3,12,3,8,8,5,13,8,6,12,6,2,13,4,7,6,4,6,10,5,5,13,13,11,5,6,6,7,10,10,10,8,13,12,15,6,5,11,2,3,15,13,,,14,15,,,8,4,14,7,11,13,6,12,10,8,4,10,10,9,8,9,6,16,13,14,3,3,16,,14,,,8,11,11,7,11,10,8,12,10,6,12,6,14,14,5,14,16,9,10,12,13,7,11,8,13,8,10,15,10,13,13,3,1,2,2,2,6,5,11,10,,,4,8,,,8,11,11,6,8,6,6,1,6,2,5,2,14,14,14,2,1,5,14,11,1,2,3,9,,9,,,b'\x11\xe8\xe1I\xea\x8a\xab\xa6\x9a\xbe\x12\xdf\x17\xaeN\x1e'
11E8E149-EA8A-ABA6-9ABE-12DF17AE4E1E,2021-ncaa-d3-natl,ncaa,101,250,32,181,38,55,58,32,230,72,40,207,47,22,218,65,45,41,99,37,119,33,34,226,215,193,85,108,104,31,144,74,215,50,230,94,233,235,108,191,13,18,177,253,,,262,233,,,132,35,107,105,164,177,59,187,145,116,48,124,134,123,57,67,70,256,200,214,127,20,265,,233,,,137,233,223,219,195,225,218,191,208,204,189,105,263,265,84,265,276,226,246,192,210,101,192,102,255,244,215,266,144,262,230,174,38,13,15,12,232,112,229,139,,,38,143,,,132,243,186,100,149,115,79,15,95,33,90,61,228,251,246,36,143,152,253,221,33,18,126,146,,106,,,b'\x11\xe8\xe1I\xea\x8a\xab\xa6\x9a\xbe\x12\xdf\x17\xaeN\x1e'
11E8E149-EA8A-ABA6-9ABE-12DF17AE4E1E,2022-ncaa-d3-conf-USA South,ncaa,11,11,11,11,12,15,14,12,15,14,12,15,10,6,10,9,14,13,6,13,10,12,13,14,14,11,8,10,8,11,12,14,6,12,12,11,7,3,5,10,11,6,18,18,,,12,18,,,10,14,15,2,13,14,6,15,11,9,7,13,11,11,8,10,8,16,14,10,2,8,18,,14,,,10,8,6,5,10,7,6,13,2,8,3,7,13,13,15,12,16,6,6,10,10,10,11,3,18,4,6,10,12,7,12,6,7,13,9,6,3,3,8,9,,,14,8,,,10,7,11,9,10,7,6,3,9,5,4,4,16,15,15,3,4,3,15,9,4,11,3,8,,11,,,b'\x11\xe8\xe1I\xea\x8a\xab\xa6\x9a\xbe\x12\xdf\x17\xaeN\x1e'
11E8E149-EA8A-ABA6-9ABE-12DF17AE4E1E,2022-ncaa-d3-natl,ncaa,232,257,188,250,188,177,199,124,312,184,125,295,220,155,319,226,92,60,261,62,130,103,107,313,301,265,204,259,84,159,227,234,156,204,236,244,325,250,169,274,111,126,401,410,,,384,358,,,235,106,64,12,168,199,65,184,105,230,161,76,58,61,47,56,151,269,207,271,243,101,412,,395,,,235,293,237,217,233,279,233,259,117,174,90,126,406,409,237,410,392,268,300,204,245,214,220,63,401,127,156,316,227,251,236,163,99,100,131,92,184,134,73,40,,,69,114,,,235,326,269,164,237,279,215,192,266,247,105,154,398,404,405,280,332,126,329,249,144,91,182,54,,40,,,b'\x11\xe8\xe1I\xea\x8a\xab\xa6\x9a\xbe\x12\xdf\x17\xaeN\x1e'
11E8E149-EA8A-ABA6-9ABE-12DF17AE4E1E,2023-ncaa-d3-conf-CCS,ncaa,6,6,2,6,2,5,5,4,6,5,5,6,2,2,4,3,5,3,8,2,1,4,4,5,6,5,2,2,6,6,7,5,5,6,7,7,8,2,2,4,5,5,8,8,,,6,7,,,5,3,5,1,5,5,4,5,5,1,1,5,2,2,4,4,6,7,7,7,2,5,8,,6,,,5,6,6,4,8,5,5,6,7,2,9,2,6,6,7,6,6,5,7,8,8,7,8,8,5,3,5,9,7,8,7,6,6,6,6,6,2,2,4,5,,,2,1,,,5,7,5,7,7,7,7,5,6,5,7,2,6,6,6,4,3,4,9,7,6,6,2,4,,2,,,b'\x11\xe8\xe1I\xea\x8a\xab\xa6\x9a\xbe\x12\xdf\x17\xaeN\x1e'
11E8E149-EA8A-ABA6-9ABE-12DF17AE4E1E,2023-ncaa-d3-natl,ncaa,289,325,185,314,187,160,160,123,197,182,180,184,115,98,183,147,230,99,400,98,115,117,153,176,233,184,179,137,299,224,290,266,218,259,314,258,360,126,82,214,226,253,356,371,,,255,252,,,238,136,152,20,123,127,83,171,180,108,101,219,80,77,65,108,217,289,262,270,130,226,370,,279,,,237,339,317,224,341,304,231,302,304,214,379,194,326,320,241,319,312,249,225,345,353,360,258,237,264,194,218,350,290,307,314,229,113,228,266,244,96,78,101,98,,,157,176,,,238,240,200,329,268,331,315,250,308,239,296,207,340,333,336,269,240,182,350,302,230,241,104,103,,112,,,b'\x11\xe8\xe1I\xea\x8a\xab\xa6\x9a\xbe\x12\xdf\x17\xaeN\x1e'
11E8E149-EA8A-ABA6-9ABE-12DF17AE4E1E,2024-ncaa-d3-conf-CCS,ncaa,5,5,4,5,4,5,4,2,7,3,2,7,7,6,8,8,4,4,8,3,7,2,3,7,8,7,8,9,4,3,5,5,6,5,6,5,8,3,1,5,4,4,7,7,,,7,7,,,6,4,5,7,6,5,3,3,2,9,8,6,3,3,3,4,2,9,6,5,2,6,7,,6,,,6,8,8,7,8,9,7,8,4,6,3,4,7,7,8,7,6,7,7,8,7,7,2,3,4,4,6,8,5,6,6,6,4,4,5,5,4,3,7,3,,,4,4,,,6,6,6,6,6,6,6,4,8,5,3,3,5,5,5,4,4,2,7,7,6,7,2,5,,4,,,b'\x11\xe8\xe1I\xea\x8a\xab\xa6\x9a\xbe\x12\xdf\x17\xaeN\x1e'
11E8E149-EA8A-ABA6-9ABE-12DF17AE4E1E,2024-ncaa-d3-natl,ncaa,227,232,200,238,291,221,217,137,307,137,70,280,363,309,401,366,109,49,354,49,151,111,138,346,349,298,362,389,79,124,162,343,247,262,267,297,386,153,105,264,92,94,326,342,,,371,379,,,270,152,93,408,232,222,79,113,45,371,315,81,25,26,51,83,84,389,271,324,167,85,332,,388,,,269,281,250,130,343,325,218,356,48,68,63,53,397,397,282,397,380,191,240,290,328,279,106,18,394,120,247,307,162,231,267,140,59,100,108,91,190,150,312,216,,,130,150,,,270,276,278,241,262,302,263,143,332,242,43,57,408,403,405,216,274,128,315,250,151,97,198,326,,74,,,b'\x11\xe8\xe1I\xea\x8a\xab\xa6\x9a\xbe\x12\xdf\x17\xaeN\x1e'
11E8E149-EA8A-ABA6-9ABE-12DF17AE4E1E,2025-ncaa-d3-conf-CCS,genius_ncaa,6,6,4,6,6,5,6,5,5,4,3,5,6,7,3,6,5,4,7,4,6,5,4,5,5,6,6,5,7,7,8,5,3,7,6,5,6,5,5,6,5,5,9,9,,,4,4,,1,5,4,2,9,5,5,5,4,2,5,7,6,3,3,5,4,7,5,7,5,6,4,9,,4,,1,5,5,6,5,7,8,9,7,1,2,1,2,5,5,7,5,4,5,5,7,7,7,1,1,4,1,3,5,8,5,6,8,6,6,7,7,5,4,9,8,,,5,6,,8,5,6,6,5,5,6,7,7,8,8,1,3,5,5,5,7,5,2,6,5,8,6,5,9,,6,,8,b'\x11\xe8\xe1I\xea\x8a\xab\xa6\x9a\xbe\x12\xdf\x17\xaeN\x1e'
11E8E149-EA8A-ABA6-9ABE-12DF17AE4E1E,2025-ncaa-d3-natl,genius_ncaa,234,269,116,249,191,116,116,90,175,79,67,165,255,224,291,317,90,31,373,29,101,66,54,220,241,245,319,336,161,145,208,262,250,215,270,172,302,334,234,255,69,109,314,355,,,340,232,,220,238,38,16,416,102,102,68,58,56,279,245,87,27,20,42,34,163,316,253,187,302,76,330,,344,,212,237,375,361,337,303,388,361,334,109,195,71,84,385,388,221,393,312,364,373,261,277,231,81,38,321,227,250,311,208,285,270,312,191,72,110,149,315,220,325,228,,,73,201,,309,238,380,252,183,239,327,323,284,365,336,95,159,377,380,383,325,358,182,268,241,273,65,284,313,,69,,329,b'\x11\xe8\xe1I\xea\x8a\xab\xa6\x9a\xbe\x12\xdf\x17\xaeN\x1e'
11E8E149-EA8A-ABA6-9ABE-12DF17AE4E1E,2026-ncaa-d3-natl,genius_ncaa,345,329,215,363,249,320,319,236,359,284,245,300,316,202,392,185,244,135,393,126,78,225,248,370,383,342,264,299,134,239,299,359,381,343,398,345,340,144,157,311,146,129,414,416,,,314,366,,75,363,240,81,113,325,312,120,253,189,318,135,195,60,51,88,114,193,399,365,353,185,94,416,,393,,80,363,260,242,144,379,249,144,379,209,167,296,168,330,373,87,374,397,176,191,378,374,330,227,149,326,250,381,282,299,274,398,191,114,152,122,150,127,125,90,87,,,145,61,,169,363,186,341,338,359,356,331,194,323,191,261,224,385,403,404,280,332,314,381,364,251,77,157,92,,46,,165,b'\x11\xe8\xe1I\xea\x8a\xab\xa6\x9a\xbe\x12\xdf\x17\xaeN\x1e'
11E8E149-EA8F-7B7C-9ABE-12DF17AE4E1E,2018-ncaa-d3-conf-North Atlantic,ncaa,1,2,1,2,1,1,1,1,3,1,1,3,8,10,4,10,1,1,5,1,7,1,1,4,4,2,10,10,4,2,4,2,5,2,6,1,5,4,1,2,1,2,2,2,,,8,6,,,2,1,5,1,1,1,1,1,1,10,10,1,2,2,1,2,2,4,4,2,1,1,2,,4,,,3,6,7,7,4,5,5,6,7,9,5,9,7,9,5,9,7,9,10,5,5,3,8,7,6,7,5,8,4,8,6,7,10,1,3,3,4,1,7,1,,,2,4,,,2,10,2,4,3,4,4,3,3,3,6,6,6,6,6,4,4,3,6,6,5,1,2,5,,3,,,b'\x11\xe8\xe1I\xea\x8f{|\x9a\xbe\x12\xdf\x17\xaeN\x1e'
11E8E149-EA8F-7B7C-9ABE-12DF17AE4E1E,2018-ncaa-d3-natl,ncaa,80,138,17,120,18,70,46,22,223,21,6,264,302,323,264,403,84,82,193,91,376,22,28,274,261,211,397,391,232,49,182,51,206,43,232,72,198,249,71,90,66,108,89,97,,,300,128,,,145,25,211,13,165,115,66,47,21,370,385,182,182,198,75,128,106,196,129,127,100,113,140,,133,,,153,372,330,394,144,182,266,116,435,431,336,407,282,302,172,316,295,395,417,218,200,124,417,424,193,369,206,437,182,430,232,412,422,36,79,175,135,38,253,46,,,51,237,,,145,414,203,138,165,154,127,158,56,65,386,369,147,149,157,141,246,219,323,296,309,80,54,146,,176,,,b'\x11\xe8\xe1I\xea\x8f{|\x9a\xbe\x12\xdf\x17\xaeN\x1e'
11E8E149-EA8F-7B7C-9ABE-12DF17AE4E1E,2019-ncaa-d3-conf-North Atlantic,ncaa,1,1,1,1,2,1,1,1,1,1,2,2,1,3,1,5,5,4,8,5,7,1,2,1,2,1,6,4,8,1,1,4,2,2,2,1,3,1,1,1,1,1,2,1,,,5,5,,,1,3,7,4,1,1,1,1,2,2,3,6,5,6,1,2,1,5,2,1,1,1,2,,3,,,1,2,2,2,2,2,2,2,1,1,2,2,3,3,8,3,4,2,5,2,2,1,4,2,6,2,2,3,1,2,2,3,6,1,1,1,1,1,2,2,,,5,6,,,1,6,1,1,1,2,2,2,2,2,1,1,3,2,2,2,2,2,2,2,2,1,1,2,,5,,,b'\x11\xe8\xe1I\xea\x8f{|\x9a\xbe\x12\xdf\x17\xaeN\x1e'
11E8E149-EA8F-7B7C-9ABE-12DF17AE4E1E,2019-ncaa-d3-natl,ncaa,101,104,67,108,69,146,129,62,249,145,89,284,130,149,121,236,261,246,285,244,354,85,111,240,265,204,235,174,348,61,104,100,149,66,122,147,231,141,66,115,134,147,57,50,,,157,105,,,101,151,344,29,204,172,96,191,126,162,203,316,304,302,130,213,77,138,81,174,72,179,63,,90,,,101,124,129,277,55,87,220,38,332,323,263,327,106,118,155,127,135,242,295,77,62,57,347,391,144,242,149,325,104,300,122,257,360,107,121,146,170,114,255,165,,,235,334,,,101,300,159,63,89,57,69,146,48,119,272,266,73,80,87,104,146,165,227,195,179,142,119,197,,328,,,b'\x11\xe8\xe1I\xea\x8f{|\x9a\xbe\x12\xdf\x17\xaeN\x1e'
11E8E149-EA8F-7B7C-9ABE-12DF17AE4E1E,2020-ncaa-d3-conf-North Atlantic,ncaa,1,1,2,1,2,1,1,2,1,1,2,1,1,7,1,8,4,4,3,4,8,2,2,1,1,1,7,4,8,1,1,3,2,2,1,1,4,2,2,1,2,2,2,1,,,2,3,,,1,3,8,4,1,1,3,1,1,1,8,4,6,6,4,6,2,4,2,1,1,2,2,,2,,,1,2,2,3,2,1,2,2,4,6,3,7,2,2,5,2,3,3,4,2,2,2,8,7,4,2,2,1,1,1,1,3,5,4,3,2,2,3,1,1,,,5,7,,,1,6,1,2,1,2,2,2,1,1,3,6,1,1,1,1,1,1,1,1,2,3,1,1,,8,,,b'\x11\xe8\xe1I\xea\x8f{|\x9a\xbe\x12\xdf\x17\xaeN\x1e'
11E8E149-EA8F-7B7C-9ABE-12DF17AE4E1E,2020-ncaa-d3-natl,ncaa,79,85,65,88,110,113,81,115,89,61,60,148,180,280,47,327,257,253,252,240,364,131,139,104,139,127,337,262,379,75,38,145,48,92,31,66,90,196,147,61,107,100,61,42,,,135,137,,,80,182,346,295,163,99,190,71,98,223,325,320,322,317,219,264,99,236,148,68,126,143,76,,64,,,80,121,100,193,80,63,127,64,334,323,289,346,176,176,225,171,229,173,192,114,118,115,387,389,229,82,48,78,38,65,31,280,397,182,174,244,230,197,54,24,,,294,380,,,80,247,85,84,74,56,50,82,28,50,279,262,127,117,109,61,56,43,29,26,211,244,172,31,,392,,,b'\x11\xe8\xe1I\xea\x8f{|\x9a\xbe\x12\xdf\x17\xaeN\x1e'
11E8E149-EA8F-7B7C-9ABE-12DF17AE4E1E,2021-ncaa-d3-conf-North Atlantic,ncaa,1,1,1,1,1,1,1,1,1,1,1,1,1,1,1,2,1,2,1,2,5,1,1,1,1,1,4,2,5,1,2,1,1,1,1,1,6,4,1,1,1,1,1,3,,,3,1,,,1,1,7,3,1,1,3,2,4,1,3,3,5,5,3,5,3,6,4,4,1,3,2,,1,,,1,6,6,7,2,6,7,3,2,7,1,4,2,1,5,1,1,7,7,2,2,2,1,2,1,3,1,6,2,5,1,7,5,1,1,2,4,3,1,1,,,2,6,,,1,7,1,2,1,1,1,1,3,2,1,2,1,1,1,1,1,1,1,1,2,3,2,1,,6,,,b'\x11\xe8\xe1I\xea\x8f{|\x9a\xbe\x12\xdf\x17\xaeN\x1e'
11E8E149-EA8F-7B7C-9ABE-12DF17AE4E1E,2021-ncaa-d3-natl,ncaa,101,28,206,44,219,200,202,211,127,215,214,176,146,181,42,52,202,218,15,216,172,211,216,99,90,56,37,31,181,213,118,214,181,217,141,200,175,54,21,47,162,23,186,151,,,42,5,,,57,216,248,275,117,124,134,206,204,30,64,150,219,214,161,251,169,216,218,150,16,41,153,,3,,,37,57,57,74,42,61,74,50,63,73,51,183,41,37,237,37,6,68,70,36,22,25,50,170,22,78,181,59,118,67,141,65,185,205,83,94,56,70,59,84,,,215,194,,,57,70,60,27,34,17,44,112,70,124,63,116,6,4,2,42,50,142,51,76,99,116,44,57,,237,,,b'\x11\xe8\xe1I\xea\x8f{|\x9a\xbe\x12\xdf\x17\xaeN\x1e'
11E8E149-EA8F-7B7C-9ABE-12DF17AE4E1E,2022-ncaa-d3-conf-North Atlantic,ncaa,2,2,3,2,6,3,2,5,2,2,5,2,2,7,2,8,4,6,3,6,5,6,6,1,1,1,9,6,11,3,2,5,4,4,3,2,2,4,2,1,1,2,2,2,,,4,4,,,3,7,12,12,3,2,7,2,6,4,8,6,9,8,9,11,4,5,5,2,1,3,3,,1,,,3,5,3,6,3,3,4,4,10,10,3,12,4,4,7,4,5,6,6,4,4,4,11,12,5,6,4,3,2,4,3,6,8,7,4,3,4,6,6,3,,,9,9,,,3,6,1,4,2,2,1,3,1,1,8,9,3,2,2,1,1,4,1,2,4,9,4,3,,11,,,b'\x11\xe8\xe1I\xea\x8f{|\x9a\xbe\x12\xdf\x17\xaeN\x1e'
11E8E149-EA8F-7B7C-9ABE-12DF17AE4E1E,2022-ncaa-d3-natl,ncaa,116,55,300,81,301,193,185,267,75,155,222,92,224,281,114,263,232,262,121,265,245,269,317,88,89,78,270,257,246,92,7,240,122,167,17,95,41,66,107,32,224,144,118,64,,,69,135,,,61,357,373,19,86,76,139,66,122,191,237,155,177,175,139,205,26,114,43,31,114,181,76,,93,,,50,33,40,84,48,33,75,50,173,207,158,331,65,53,252,51,132,69,65,63,59,94,333,352,184,93,122,25,7,36,17,108,325,322,261,249,111,171,88,94,,,317,270,,,61,72,40,102,45,65,72,162,56,111,236,285,94,76,66,125,91,151,16,49,168,289,176,114,,266,,,b'\x11\xe8\xe1I\xea\x8f{|\x9a\xbe\x12\xdf\x17\xaeN\x1e'
11E8E149-EA8F-7B7C-9ABE-12DF17AE4E1E,2023-ncaa-d3-conf-North Atlantic,ncaa,2,2,2,2,4,1,1,2,2,2,4,2,2,2,3,3,5,6,1,6,11,3,4,2,2,2,6,3,12,2,3,6,2,4,2,1,3,1,1,1,1,1,4,4,,,4,4,,,1,5,10,5,1,1,2,2,5,2,2,7,8,9,3,4,3,7,4,1,1,1,5,,1,,,1,1,1,2,3,2,3,2,3,2,7,3,5,1,11,1,5,2,5,3,4,1,8,8,9,2,2,4,3,3,2,2,2,1,1,1,1,2,2,3,,,8,12,,,1,6,1,1,1,1,1,1,2,2,2,2,4,1,1,1,2,2,3,2,2,1,1,2,,11,,,b'\x11\xe8\xe1I\xea\x8f{|\x9a\xbe\x12\xdf\x17\xaeN\x1e'
11E8E149-EA8F-7B7C-9ABE-12DF17AE4E1E,2023-ncaa-d3-natl,ncaa,67,62,109,71,152,44,45,63,56,72,147,36,57,57,98,95,182,277,17,277,341,81,129,45,45,25,199,123,375,78,56,183,86,132,54,10,6,49,20,1,58,48,137,100,,,104,100,,,15,172,237,249,28,24,46,60,166,52,58,198,326,327,64,171,86,241,153,2,31,68,153,,54,,,10,71,76,129,83,45,78,92,291,300,200,374,69,59,248,57,112,102,192,118,94,40,339,383,109,86,86,126,56,89,54,134,255,63,35,57,58,44,122,88,,,309,394,,,15,241,14,33,11,41,50,64,30,38,253,270,40,33,31,37,116,72,78,63,115,70,47,100,,383,,,b'\x11\xe8\xe1I\xea\x8f{|\x9a\xbe\x12\xdf\x17\xaeN\x1e'
11E8E149-EA8F-7B7C-9ABE-12DF17AE4E1E,2024-ncaa-d3-conf-North Atlantic,ncaa,3,5,1,4,1,3,1,1,4,2,2,4,2,3,5,6,6,8,3,8,13,1,2,4,4,4,10,7,14,1,2,3,1,2,2,1,3,6,1,3,1,2,3,3,,,12,14,,,3,3,11,4,4,3,1,3,2,4,4,10,12,12,1,3,1,5,4,3,2,2,4,,10,,,3,7,5,8,4,5,8,3,8,5,8,3,13,12,12,12,13,8,8,4,5,4,12,6,14,3,1,6,2,4,2,5,4,1,2,3,7,3,9,6,,,9,14,,,3,11,3,3,3,3,3,1,2,2,4,2,13,10,10,1,1,1,3,1,3,4,3,7,,14,,,b'\x11\xe8\xe1I\xea\x8f{|\x9a\xbe\x12\xdf\x17\xaeN\x1e'
11E8E149-EA8F-7B7C-9ABE-12DF17AE4E1E,2024-ncaa-d3-natl,ncaa,129,139,112,142,139,107,87,65,157,115,119,151,72,72,131,120,289,314,175,322,382,84,99,129,161,128,206,116,398,50,26,142,40,90,20,28,4,160,88,28,65,64,148,143,,,282,295,,,54,142,189,130,79,65,36,114,128,71,75,330,352,357,64,101,48,164,71,14,127,69,168,,259,,,49,98,75,154,55,52,159,34,216,212,221,250,261,264,235,268,314,170,217,63,78,55,373,313,342,68,40,106,26,68,20,154,277,117,110,106,178,125,159,107,,,356,414,,,54,275,100,40,53,72,52,93,34,114,200,186,244,237,246,107,154,38,69,43,134,136,151,141,,402,,,b'\x11\xe8\xe1I\xea\x8f{|\x9a\xbe\x12\xdf\x17\xaeN\x1e'
11E8E149-EA8F-7B7C-9ABE-12DF17AE4E1E,2025-ncaa-d3-conf-North Atlantic,genius_ncaa,3,3,3,3,3,3,3,2,3,2,2,3,4,5,2,7,2,2,3,3,7,2,2,3,3,3,8,8,6,2,2,3,3,3,3,3,7,2,2,3,1,1,3,3,,,8,6,,8,3,1,2,2,2,2,2,2,1,4,6,2,3,3,2,1,2,4,3,3,3,1,3,,8,,7,3,5,6,5,5,5,6,4,6,5,6,4,4,5,5,5,5,5,10,6,4,3,5,8,4,3,3,8,2,5,3,5,6,1,1,3,2,2,1,1,,,3,6,,4,3,9,3,3,3,3,3,3,4,4,4,2,2,3,3,3,5,3,3,3,4,1,3,2,,4,,4,b'\x11\xe8\xe1I\xea\x8f{|\x9a\xbe\x12\xdf\x17\xaeN\x1e'
11E8E149-EA8F-7B7C-9ABE-12DF17AE4E1E,2025-ncaa-d3-natl,genius_ncaa,194,155,290,184,322,184,168,121,258,155,104,268,233,218,246,272,196,209,165,220,319,135,168,266,270,217,274,258,227,70,82,334,263,221,222,113,78,99,80,89,40,19,215,203,,,228,254,,107,153,225,82,221,107,101,29,88,39,210,172,134,161,174,35,56,34,314,132,63,163,19,202,,296,,123,144,132,152,81,294,149,132,220,209,80,386,161,118,124,164,119,167,68,173,302,291,144,199,258,152,166,263,246,82,206,222,269,332,55,27,112,33,26,132,79,,,285,340,,209,153,194,174,133,144,207,230,154,218,188,251,129,154,160,159,142,295,199,311,286,298,27,66,155,,246,,188,b'\x11\xe8\xe1I\xea\x8f{|\x9a\xbe\x12\xdf\x17\xaeN\x1e'
11E8E149-EA8F-7B7C-9ABE-12DF17AE4E1E,2026-ncaa-d3-conf-North Atlantic,genius_ncaa,2,1,8,1,8,5,5,8,1,3,8,1,8,9,7,9,8,8,4,8,9,8,8,1,1,1,10,10,9,3,1,9,2,9,2,4,2,1,2,1,4,1,8,5,,,4,8,,3,3,8,6,1,1,1,1,1,1,5,4,4,6,5,1,1,2,4,3,1,2,2,6,,8,,5,3,2,2,1,6,3,1,6,3,2,5,3,5,5,7,5,10,1,1,5,6,5,7,4,8,1,2,2,1,1,2,2,4,6,3,4,2,3,4,4,,,10,10,,5,3,1,2,5,3,5,5,3,3,3,5,3,9,8,8,4,3,2,2,2,4,2,3,5,,9,,5,b'\x11\xe8\xe1I\xea\x8f{|\x9a\xbe\x12\xdf\x17\xaeN\x1e'
11E8E149-EA8F-7B7C-9ABE-12DF17AE4E1E,2026-ncaa-d3-natl,genius_ncaa,157,21,379,59,382,340,325,371,81,291,354,65,329,356,203,261,356,377,43,376,334,374,381,106,92,103,330,283,291,309,59,383,199,373,112,186,10,33,160,36,291,79,392,384,,,50,288,,156,163,382,125,113,41,25,46,30,63,195,193,162,254,248,58,78,58,199,121,5,210,81,379,,294,,316,123,41,47,31,311,54,42,274,58,34,317,138,50,47,230,47,189,31,30,310,295,273,163,190,179,45,199,27,59,31,112,84,314,369,177,267,74,223,47,81,,,393,376,,363,163,32,70,258,153,277,288,218,284,250,240,150,223,194,199,211,236,193,148,161,321,157,253,126,,324,,328,b'\x11\xe8\xe1I\xea\x8f{|\x9a\xbe\x12\xdf\x17\xaeN\x1e'
11E8E149-EA94-908A-9ABE-12DF17AE4E1E,2018-ncaa-d3-natl,ncaa,433,349,435,433,435,434,434,436,420,431,426,421,433,429,427,389,417,408,414,408,169,434,435,430,427,429,331,396,32,431,412,433,433,434,432,437,424,159,426,434,427,403,402,382,,,13,49,,,431,435,104,420,429,431,420,397,245,425,413,320,176,169,401,223,376,344,389,434,421,360,360,,141,,,436,56,109,34,374,93,15,428,269,277,197,431,20,16,136,16,85,22,15,389,363,401,194,387,19,270,433,30,412,72,432,379,444,432,410,441,345,431,228,423,,,425,90,,,431,11,431,432,434,429,432,435,411,333,435,444,104,115,119,428,411,436,392,425,441,332,432,426,,98,,,b'\x11\xe8\xe1I\xea\x94\x90\x8a\x9a\xbe\x12\xdf\x17\xaeN\x1e'
11E8E149-EA94-908A-9ABE-12DF17AE4E1E,2019-ncaa-d3-conf-NACC,ncaa,13,13,8,13,13,13,13,13,13,13,12,13,13,13,13,13,9,9,10,11,4,13,13,13,13,13,11,13,1,13,13,10,12,13,12,13,13,13,13,13,13,13,11,11,,,1,1,,,13,11,8,13,13,13,13,13,9,13,13,9,7,8,13,12,13,7,13,13,13,13,11,,1,,,13,12,12,12,10,10,2,12,13,13,9,13,2,2,12,2,3,11,6,11,10,12,9,13,2,12,12,7,13,10,12,12,12,13,13,13,13,13,10,12,,,11,7,,,13,4,13,12,13,12,12,12,11,4,13,13,2,2,2,12,10,12,9,10,12,13,13,11,,8,,,b'\x11\xe8\xe1I\xea\x94\x90\x8a\x9a\xbe\x12\xdf\x17\xaeN\x1e'
11E8E149-EA94-908A-9ABE-12DF17AE4E1E,2019-ncaa-d3-natl,ncaa,424,421,365,432,388,431,435,431,434,423,380,433,440,436,441,435,340,294,398,294,139,424,409,437,435,437,369,443,1,433,437,345,384,408,424,436,433,396,436,439,433,437,432,426,,,12,6,,,439,397,287,431,438,439,440,426,317,442,440,303,209,207,437,415,436,254,414,439,422,438,428,,9,,,439,341,390,301,386,246,70,426,439,437,324,441,19,13,346,12,29,184,81,420,398,434,323,437,8,333,384,245,437,288,424,437,438,427,433,440,422,438,417,438,,,340,120,,,439,52,438,437,439,418,421,417,347,161,442,442,26,15,14,396,272,399,381,393,436,430,427,434,,242,,,b'\x11\xe8\xe1I\xea\x94\x90\x8a\x9a\xbe\x12\xdf\x17\xaeN\x1e'
11E8E149-EA94-908A-9ABE-12DF17AE4E1E,2020-ncaa-d3-conf-NACC,ncaa,13,13,7,13,8,13,13,13,12,12,9,13,13,13,12,13,5,3,10,3,1,11,10,13,13,13,10,13,1,12,13,10,10,12,11,13,13,12,12,13,13,13,13,13,,,2,2,,,13,10,8,2,13,13,13,12,8,13,13,4,3,3,11,10,12,9,12,13,12,13,13,,2,,,13,13,13,12,13,10,2,13,13,13,13,13,2,2,8,2,4,11,6,13,13,13,13,13,2,10,10,7,13,8,11,12,11,13,13,13,12,12,11,10,,,4,2,,,13,4,13,13,13,13,13,12,10,2,13,13,2,2,2,12,8,11,10,10,12,13,12,11,,3,,,b'\x11\xe8\xe1I\xea\x94\x90\x8a\x9a\xbe\x12\xdf\x17\xaeN\x1e'
11E8E149-EA94-908A-9ABE-12DF17AE4E1E,2020-ncaa-d3-natl,ncaa,431,425,372,431,374,421,429,423,424,412,379,424,429,427,416,409,235,162,358,158,30,415,409,427,417,420,216,414,1,422,425,341,315,399,388,432,398,334,418,429,426,425,431,430,,,11,14,,,433,398,318,52,427,432,433,417,346,431,430,145,67,61,429,394,428,249,379,431,392,423,434,,11,,,430,391,406,244,416,213,39,428,437,434,429,437,16,15,219,18,69,163,51,433,428,437,396,437,6,223,315,197,425,208,388,434,435,430,435,438,364,415,364,421,,,316,83,,,433,44,423,436,433,424,422,400,328,97,438,437,25,24,27,367,203,312,342,335,437,437,392,407,,195,,,b'\x11\xe8\xe1I\xea\x94\x90\x8a\x9a\xbe\x12\xdf\x17\xaeN\x1e'
11E8E149-EA94-908A-9ABE-12DF17AE4E1E,2022-ncaa-d3-conf-NACC,ncaa,13,14,4,13,4,13,13,12,14,12,7,13,13,13,13,12,11,11,7,11,12,12,8,14,13,13,9,11,4,8,9,9,12,11,11,14,14,14,13,14,12,13,14,14,,,4,3,,,13,7,10,2,13,13,13,12,7,13,13,11,11,11,12,10,8,12,11,14,14,13,14,,4,,,13,14,14,14,14,14,13,14,13,13,7,11,8,6,9,6,4,14,11,14,14,14,2,6,2,12,12,11,9,12,11,14,11,12,13,13,14,13,12,11,,,12,13,,,13,9,13,13,13,13,13,13,13,10,10,14,7,5,4,12,9,12,8,10,13,13,14,12,,13,,,b'\x11\xe8\xe1I\xea\x94\x90\x8a\x9a\xbe\x12\xdf\x17\xaeN\x1e'
11E8E149-EA94-908A-9ABE-12DF17AE4E1E,2022-ncaa-d3-natl,ncaa,351,385,188,365,201,384,386,304,412,350,202,419,384,367,375,359,315,317,269,312,334,310,237,418,410,411,276,332,78,222,291,257,329,252,325,418,429,410,401,425,357,387,414,421,,,79,43,,,415,241,269,74,415,412,382,391,199,397,386,348,352,344,390,266,227,301,275,428,394,387,421,,49,,,409,383,405,332,389,408,304,421,278,342,97,300,105,109,131,105,63,311,220,381,361,395,26,163,30,322,329,314,291,324,325,399,262,352,392,410,392,389,383,379,,,316,348,,,415,197,411,393,409,371,390,367,399,309,271,346,95,104,99,345,237,310,323,314,371,384,381,387,,369,,,b'\x11\xe8\xe1I\xea\x94\x90\x8a\x9a\xbe\x12\xdf\x17\xaeN\x1e'
11E8E149-EA94-908A-9ABE-12DF17AE4E1E,2023-ncaa-d3-conf-NACC,ncaa,11,11,7,11,8,10,10,10,9,11,10,11,6,7,5,6,10,13,11,13,9,11,9,9,10,11,2,2,11,13,12,11,13,12,13,9,7,13,13,11,11,11,9,12,,,8,5,,,13,4,2,2,10,10,8,11,9,5,7,10,12,12,9,4,13,11,12,9,13,11,9,,10,,,13,14,14,11,14,14,13,14,7,2,12,1,9,9,6,9,5,12,12,14,14,14,1,1,4,12,13,11,12,13,13,12,8,8,9,10,14,14,14,13,,,7,10,,,13,11,11,13,13,14,14,11,14,13,7,4,10,11,11,13,13,12,11,13,12,8,14,14,,6,,,b'\x11\xe8\xe1I\xea\x94\x90\x8a\x9a\xbe\x12\xdf\x17\xaeN\x1e'
11E8E149-EA94-908A-9ABE-12DF17AE4E1E,2023-ncaa-d3-natl,ncaa,316,345,185,334,188,242,238,203,283,302,261,332,79,100,66,101,330,298,371,304,253,223,160,226,267,300,67,32,373,350,397,251,309,312,384,244,226,351,334,313,262,325,242,330,,,212,121,,,381,105,78,25,253,249,168,323,280,68,102,359,320,326,200,128,365,257,344,251,337,271,250,,231,,,371,422,423,376,422,424,408,403,176,83,389,25,274,288,167,288,110,370,337,415,408,409,18,40,85,301,309,396,397,378,384,392,199,210,312,369,372,350,374,388,,,231,286,,,381,329,335,396,369,408,410,376,419,412,180,76,282,290,294,377,356,293,396,367,382,215,361,386,,232,,,b'\x11\xe8\xe1I\xea\x94\x90\x8a\x9a\xbe\x12\xdf\x17\xaeN\x1e'
11E8E149-EA94-908A-9ABE-12DF17AE4E1E,2024-ncaa-d3-conf-NACC,ncaa,12,12,9,12,9,11,12,11,12,13,13,12,8,6,10,5,7,7,10,8,2,10,12,12,12,11,3,4,4,13,14,14,13,14,14,11,11,8,9,12,8,9,14,14,,,5,4,,,12,8,3,1,11,12,6,13,11,6,5,4,2,2,5,6,13,14,14,11,10,6,14,,7,,,12,12,13,10,14,11,9,13,12,7,13,7,6,6,6,6,5,7,11,14,13,11,4,8,3,13,13,12,14,12,14,13,12,4,3,11,12,12,11,11,,,9,6,,,12,9,12,11,12,12,13,11,12,10,12,10,6,6,6,11,14,13,12,12,13,1,12,11,,5,,,b'\x11\xe8\xe1I\xea\x94\x90\x8a\x9a\xbe\x12\xdf\x17\xaeN\x1e'
11E8E149-EA94-908A-9ABE-12DF17AE4E1E,2024-ncaa-d3-natl,ncaa,367,361,345,367,353,343,362,327,378,385,358,391,172,166,192,91,278,263,280,263,108,326,342,354,354,341,30,57,116,360,389,404,406,398,415,349,253,162,255,318,218,178,400,401,,,74,79,,,374,319,135,132,315,355,211,387,321,125,94,210,185,185,209,202,338,421,409,339,251,137,401,,146,,,373,292,348,136,415,338,175,406,300,150,410,221,54,61,136,57,83,106,138,414,409,372,89,261,29,309,406,332,389,324,415,383,367,160,109,321,286,338,381,415,,,287,180,,,374,109,353,381,374,375,390,322,386,302,369,268,94,106,104,285,332,357,404,394,399,73,327,411,,180,,,b'\x11\xe8\xe1I\xea\x94\x90\x8a\x9a\xbe\x12\xdf\x17\xaeN\x1e'
11E8E149-EA94-908A-9ABE-12DF17AE4E1E,2025-ncaa-d3-conf-NACC,genius_ncaa,9,9,10,9,11,10,8,8,9,8,8,9,7,10,3,9,14,14,14,14,13,10,12,8,9,9,9,6,13,14,13,11,12,11,12,7,7,4,6,6,8,9,11,13,,,1,2,,3,11,9,3,5,9,7,3,8,3,5,7,14,12,13,7,5,13,10,9,7,7,8,11,,3,,3,11,11,12,13,11,12,12,11,7,8,6,6,4,5,4,5,3,13,10,11,9,10,2,5,2,11,12,13,13,12,12,10,6,10,11,10,9,10,10,10,,,13,13,,4,11,6,11,11,11,12,12,13,13,13,10,11,4,7,6,13,12,12,13,12,10,8,9,11,,12,,4,b'\x11\xe8\xe1I\xea\x94\x90\x8a\x9a\xbe\x12\xdf\x17\xaeN\x1e'
11E8E149-EA94-908A-9ABE-12DF17AE4E1E,2025-ncaa-d3-natl,genius_ncaa,250,242,290,256,327,261,214,247,191,231,230,225,188,234,109,200,372,330,390,329,342,271,301,181,245,233,245,140,394,365,390,257,311,321,372,271,317,121,176,218,242,266,369,384,,,87,65,,122,304,250,103,258,215,170,132,184,168,146,184,382,330,335,174,207,375,166,301,251,179,217,370,,116,,138,304,277,330,263,326,364,286,350,113,195,77,160,149,200,38,198,154,255,219,283,245,272,39,73,112,303,311,325,390,336,372,224,104,266,303,270,150,201,258,263,,,340,325,,84,304,176,273,296,296,330,361,351,382,359,163,242,182,252,250,349,323,330,371,359,264,232,197,299,,330,,63,b'\x11\xe8\xe1I\xea\x94\x90\x8a\x9a\xbe\x12\xdf\x17\xaeN\x1e'
11E8E149-EA94-908A-9ABE-12DF17AE4E1E,2026-ncaa-d3-conf-NACC,genius_ncaa,6,10,1,10,1,7,6,6,11,4,3,12,10,10,10,11,8,7,10,7,9,7,7,11,12,11,10,12,5,7,12,6,13,8,12,6,6,11,11,11,3,5,5,7,,,5,1,,5,11,4,9,1,12,11,11,9,6,12,12,8,9,9,13,10,12,10,12,11,10,4,8,,1,,3,11,9,10,11,9,10,11,9,8,9,6,8,4,4,2,6,2,9,11,9,7,6,2,7,2,11,13,10,12,11,12,7,3,4,6,7,11,11,9,9,,,5,5,,7,11,7,11,8,11,6,9,10,9,9,7,6,2,3,3,6,9,11,8,11,6,5,11,8,,8,,10,b'\x11\xe8\xe1I\xea\x94\x90\x8a\x9a\xbe\x12\xdf\x17\xaeN\x1e'
11E8E149-EA94-908A-9ABE-12DF17AE4E1E,2026-ncaa-d3-natl,genius_ncaa,288,329,116,323,139,301,306,243,330,230,192,293,371,297,397,323,157,145,242,154,161,234,170,358,344,374,328,388,47,297,368,194,347,236,363,293,198,368,383,363,133,198,249,300,,,193,86,,234,356,147,135,113,375,372,374,290,249,392,352,172,181,193,360,219,344,236,314,341,373,161,285,,135,,222,351,277,301,289,270,331,297,322,162,265,56,190,209,221,160,212,142,279,291,231,208,188,53,89,137,356,347,303,368,329,363,224,74,100,157,134,388,390,180,168,,,87,53,,47,356,269,381,232,351,262,305,297,336,287,107,238,178,182,172,273,315,348,320,345,192,100,388,137,,69,,62,b'\x11\xe8\xe1I\xea\x94\x90\x8a\x9a\xbe\x12\xdf\x17\xaeN\x1e'
11E8E149-EA99-F44E-9ABE-12DF17AE4E1E,2018-ncaa-d3-conf-CCIW,ncaa,1,1,1,1,1,1,1,1,1,1,1,1,2,5,2,6,1,1,4,1,1,1,1,1,1,1,5,6,3,1,2,3,4,2,4,1,2,2,1,1,1,1,3,3,,,9,8,,,1,1,2,6,1,1,2,1,1,3,6,1,1,1,1,2,3,8,5,1,2,1,3,,8,,,1,2,2,2,3,4,3,6,2,4,1,6,7,9,2,9,9,4,9,3,3,2,4,2,8,5,4,5,2,5,4,2,7,1,1,1,2,1,3,1,,,1,3,,,1,9,1,2,1,2,2,1,3,1,2,3,3,7,7,1,6,2,3,4,2,1,1,2,,2,,,b'\x11\xe8\xe1I\xea\x99\xf4N\x9a\xbe\x12\xdf\x17\xaeN\x1e'
11E8E149-EA99-F44E-9ABE-12DF17AE4E1E,2018-ncaa-d3-natl,ncaa,14,19,17,18,38,4,3,12,7,5,18,8,58,124,25,328,2,7,27,7,96,10,19,12,7,3,261,296,129,118,221,117,85,111,181,2,51,129,8,2,13,20,130,150,,,431,366,,,9,9,56,303,4,6,44,5,53,118,229,3,15,16,32,79,236,336,310,2,32,18,191,,379,,,8,421,394,315,376,394,281,411,237,298,123,220,420,412,307,412,392,354,426,364,385,192,197,102,355,125,85,386,221,303,181,372,238,10,19,56,96,18,221,51,,,16,143,,,9,434,4,126,14,225,204,54,248,76,130,157,361,358,355,88,290,46,188,104,222,17,38,109,,63,,,b'\x11\xe8\xe1I\xea\x99\xf4N\x9a\xbe\x12\xdf\x17\xaeN\x1e'
11E8E149-EA99-F44E-9ABE-12DF17AE4E1E,2019-ncaa-d3-conf-CCIW,ncaa,1,1,1,1,3,1,1,1,1,1,1,2,4,6,4,8,1,2,1,2,9,1,1,2,2,1,8,8,7,1,1,4,1,2,1,2,2,3,1,1,1,1,2,2,,,7,5,,,1,1,2,4,1,1,1,1,1,5,8,1,5,5,1,1,1,5,3,2,2,1,2,,5,,,1,6,6,7,5,5,5,6,7,8,6,7,3,3,4,3,3,5,9,5,5,2,5,6,2,2,1,2,1,1,1,5,5,1,1,1,1,1,5,2,,,4,9,,,1,9,1,2,1,3,4,3,4,3,6,6,3,2,2,1,6,1,2,1,5,1,1,3,,7,,,b'\x11\xe8\xe1I\xea\x99\xf4N\x9a\xbe\x12\xdf\x17\xaeN\x1e'
11E8E149-EA99-F44E-9ABE-12DF17AE4E1E,2019-ncaa-d3-natl,ncaa,24,29,42,31,55,22,24,50,13,13,54,9,171,183,191,302,29,64,36,59,195,45,57,23,19,17,364,357,225,115,124,139,88,123,104,15,54,222,81,17,91,128,74,78,,,359,274,,,56,47,155,282,23,18,125,12,105,243,272,52,123,120,102,159,203,298,266,14,108,143,98,,245,,,62,388,384,312,362,359,242,381,369,349,295,312,257,231,303,248,217,316,366,369,360,249,219,273,146,127,88,224,124,177,104,390,311,52,66,166,50,12,255,120,,,69,177,,,56,394,18,194,64,224,256,103,238,94,274,240,159,139,144,86,178,40,80,54,296,85,24,178,,150,,,b'\x11\xe8\xe1I\xea\x99\xf4N\x9a\xbe\x12\xdf\x17\xaeN\x1e'
11E8E149-EA99-F44E-9ABE-12DF17AE4E1E,2020-ncaa-d3-conf-CCIW,ncaa,1,1,1,1,2,1,1,1,1,1,1,1,4,4,4,7,6,6,8,6,9,1,1,1,1,1,9,7,9,2,2,5,5,2,3,2,6,6,2,2,1,1,2,2,,,4,1,,,1,1,1,6,1,1,1,1,1,6,5,7,7,7,1,1,2,5,3,2,4,1,2,,4,,,1,7,8,7,7,8,6,8,6,7,2,6,3,3,5,3,1,6,9,6,6,1,3,6,2,7,5,6,2,7,3,9,7,1,1,2,7,6,3,2,,,6,9,,,1,9,1,1,1,4,7,6,7,4,6,6,2,2,2,4,9,5,4,4,7,1,7,3,,8,,,b'\x11\xe8\xe1I\xea\x99\xf4N\x9a\xbe\x12\xdf\x17\xaeN\x1e'
11E8E149-EA99-F44E-9ABE-12DF17AE4E1E,2020-ncaa-d3-natl,ncaa,79,111,26,104,40,23,16,37,22,28,50,41,55,106,29,229,129,104,273,112,267,37,41,29,39,38,265,187,371,114,199,98,135,105,175,15,133,217,88,31,40,77,43,48,,,313,171,,,89,34,146,209,30,23,94,39,121,96,185,204,185,195,99,148,199,246,238,26,116,79,66,,186,,,92,405,403,361,339,368,234,380,393,408,260,364,213,230,156,230,217,360,392,364,341,266,251,325,102,201,135,349,199,306,175,399,335,47,87,232,276,184,172,90,,,139,312,,,89,406,42,224,98,256,282,186,242,92,325,340,130,137,141,162,228,113,197,147,330,93,194,115,,272,,,b'\x11\xe8\xe1I\xea\x99\xf4N\x9a\xbe\x12\xdf\x17\xaeN\x1e'
11E8E149-EA99-F44E-9ABE-12DF17AE4E1E,2021-ncaa-d3-conf-CCIW,ncaa,5,3,8,4,9,8,8,8,2,8,8,4,6,9,1,7,8,7,7,7,5,8,8,2,3,4,3,4,6,9,6,9,7,9,4,5,3,2,7,4,4,3,5,2,,,2,3,,,3,8,2,3,3,2,2,3,4,4,6,4,2,2,2,2,8,3,4,1,7,2,1,,4,,,3,1,1,2,2,3,3,7,1,2,1,6,2,2,4,2,2,2,2,2,1,2,1,1,4,5,7,2,6,3,4,1,5,7,5,3,5,8,1,1,,,9,9,,,3,2,4,2,3,4,6,9,9,9,2,6,4,4,4,9,9,9,5,8,4,3,8,2,,7,,,b'\x11\xe8\xe1I\xea\x99\xf4N\x9a\xbe\x12\xdf\x17\xaeN\x1e'
11E8E149-EA99-F44E-9ABE-12DF17AE4E1E,2021-ncaa-d3-natl,ncaa,80,115,112,101,115,105,105,127,63,114,132,100,84,112,30,130,111,96,203,96,78,122,122,48,57,80,86,76,150,149,189,106,183,118,155,69,31,165,164,71,71,64,77,81,,,167,129,,,73,121,114,32,81,93,160,124,170,58,128,117,77,87,139,128,204,79,135,34,164,52,70,,161,,,84,144,161,173,99,191,169,202,106,179,9,191,143,145,115,143,92,171,166,72,66,76,33,40,105,198,183,151,189,168,155,178,183,114,142,167,199,212,103,72,,,119,120,,,73,164,93,92,86,120,153,218,193,171,45,210,110,111,111,202,196,217,119,170,181,122,213,59,,114,,,b'\x11\xe8\xe1I\xea\x99\xf4N\x9a\xbe\x12\xdf\x17\xaeN\x1e'
11E8E149-EA99-F44E-9ABE-12DF17AE4E1E,2022-ncaa-d3-conf-CCIW,ncaa,1,1,1,1,3,2,2,1,3,3,3,3,1,2,1,4,4,3,4,3,6,1,2,3,3,2,4,4,8,1,3,4,5,3,5,4,8,2,1,2,3,3,1,1,,,3,2,,,2,2,3,7,2,2,1,4,3,2,3,4,3,5,1,2,1,7,3,5,1,3,1,,2,,,2,4,7,6,6,7,5,7,4,4,3,5,3,3,2,3,3,5,8,6,4,2,2,4,2,5,5,7,3,7,5,5,4,2,3,3,3,2,5,4,,,4,7,,,2,8,2,2,2,3,6,4,6,5,1,3,2,2,2,4,5,4,5,5,4,2,3,4,,5,,,b'\x11\xe8\xe1I\xea\x99\xf4N\x9a\xbe\x12\xdf\x17\xaeN\x1e'
11E8E149-EA99-F44E-9ABE-12DF17AE4E1E,2022-ncaa-d3-natl,ncaa,49,129,6,104,8,19,21,17,100,43,36,136,38,51,34,149,74,74,155,73,247,17,14,81,85,84,143,103,315,42,129,180,252,101,242,65,286,343,132,148,18,31,78,91,,,354,141,,,108,13,190,162,76,80,116,146,195,67,126,210,237,243,126,164,150,409,334,164,150,42,140,,143,,,126,412,409,366,385,403,310,400,397,381,319,320,255,244,295,247,173,359,415,395,388,240,181,275,74,298,252,389,129,366,242,398,225,8,12,81,240,90,354,235,,,5,111,,,108,417,78,205,123,216,254,59,238,43,272,222,90,60,67,45,188,110,145,133,259,24,100,247,,92,,,b'\x11\xe8\xe1I\xea\x99\xf4N\x9a\xbe\x12\xdf\x17\xaeN\x1e'
11E8E149-EA99-F44E-9ABE-12DF17AE4E1E,2023-ncaa-d3-conf-CCIW,ncaa,4,4,2,4,3,3,3,3,3,3,2,3,3,3,3,6,6,3,9,4,7,2,2,3,4,4,6,6,8,2,3,3,1,2,3,3,7,6,2,4,3,3,8,8,,,6,4,,,4,3,3,9,3,3,2,3,2,4,4,8,6,7,2,1,2,2,2,3,2,3,8,,4,,,4,6,7,6,6,7,6,6,5,8,2,7,4,4,3,4,4,6,7,5,5,5,3,5,5,1,1,6,3,5,3,5,3,2,4,4,7,4,7,4,,,5,9,,,4,7,4,4,3,5,7,7,6,5,4,6,3,4,4,6,6,1,3,3,4,3,7,7,,9,,,b'\x11\xe8\xe1I\xea\x99\xf4N\x9a\xbe\x12\xdf\x17\xaeN\x1e'
11E8E149-EA99-F44E-9ABE-12DF17AE4E1E,2023-ncaa-d3-natl,ncaa,132,171,63,160,78,41,29,52,31,27,49,31,138,157,154,270,214,168,322,168,340,58,54,48,76,66,368,296,398,93,139,124,92,109,121,90,340,216,109,134,70,87,321,339,,,340,266,,,100,52,136,111,48,15,63,21,70,183,209,270,241,239,68,105,126,217,175,122,156,96,358,,287,,,105,357,372,292,360,364,233,380,310,314,211,292,239,242,194,258,237,294,342,359,345,265,170,230,136,129,92,285,139,212,121,309,161,65,84,151,281,203,266,144,,,139,289,,,100,377,65,200,109,261,284,158,289,127,244,256,175,179,190,152,223,87,182,121,237,97,231,215,,222,,,b'\x11\xe8\xe1I\xea\x99\xf4N\x9a\xbe\x12\xdf\x17\xaeN\x1e'
11E8E149-EA99-F44E-9ABE-12DF17AE4E1E,2024-ncaa-d3-conf-CCIW,ncaa,2,2,1,2,1,2,3,1,3,3,5,3,1,1,3,2,3,2,7,2,2,1,2,3,3,3,3,1,7,4,5,4,4,5,6,2,4,2,1,1,1,1,1,2,,,3,1,,,2,2,3,4,2,3,2,3,5,1,1,3,3,3,2,2,5,7,7,2,1,1,1,,2,,,2,4,8,6,5,7,7,7,2,7,2,6,1,1,2,1,1,5,8,5,4,1,1,4,1,7,4,7,5,7,6,7,6,1,1,1,2,1,6,4,,,3,5,,,2,8,3,1,2,2,4,1,6,2,1,5,1,1,1,1,7,2,7,6,5,1,1,4,,3,,,b'\x11\xe8\xe1I\xea\x99\xf4N\x9a\xbe\x12\xdf\x17\xaeN\x1e'
11E8E149-EA99-F44E-9ABE-12DF17AE4E1E,2024-ncaa-d3-natl,ncaa,30,45,17,44,18,6,7,14,19,19,63,19,10,17,25,94,20,11,193,14,79,11,13,15,18,11,117,103,279,63,167,145,258,97,252,12,156,209,37,26,9,19,116,171,,,362,156,,,33,9,71,89,7,10,34,42,174,14,45,53,47,57,26,68,140,343,264,23,88,15,181,,225,,,39,416,414,391,396,414,364,408,338,356,198,237,272,277,218,280,166,393,416,389,382,258,70,143,91,325,258,394,167,386,252,408,270,11,24,128,181,48,283,169,,,9,116,,,33,419,10,220,46,317,344,195,349,191,207,213,156,152,160,166,319,174,242,217,331,19,84,187,,53,,,b'\x11\xe8\xe1I\xea\x99\xf4N\x9a\xbe\x12\xdf\x17\xaeN\x1e'
11E8E149-EA99-F44E-9ABE-12DF17AE4E1E,2025-ncaa-d3-conf-CCIW,genius_ncaa,1,1,1,1,2,2,2,1,2,2,3,1,1,1,4,4,4,4,2,4,9,1,1,2,2,2,5,4,9,1,1,1,1,1,1,2,5,3,2,2,1,1,3,3,,,5,2,,3,1,2,3,5,2,2,1,2,4,1,1,6,5,6,1,1,1,1,1,2,2,1,4,,4,,3,1,3,3,5,3,3,3,2,5,7,2,8,1,1,6,1,1,5,7,2,2,1,6,7,2,1,1,5,1,4,1,4,6,1,1,1,4,3,9,6,,,3,8,,5,1,8,2,1,1,1,2,2,2,2,4,6,1,1,1,1,4,1,4,2,2,1,3,9,,5,,7,b'\x11\xe8\xe1I\xea\x99\xf4N\x9a\xbe\x12\xdf\x17\xaeN\x1e'
11E8E149-EA99-F44E-9ABE-12DF17AE4E1E,2025-ncaa-d3-natl,genius_ncaa,7,4,11,7,12,4,4,12,19,9,44,9,22,21,116,122,20,41,18,40,171,10,11,17,12,13,218,191,271,56,100,67,72,43,85,17,258,231,57,41,14,28,176,225,,,296,121,,122,15,8,118,206,11,12,58,20,167,62,71,69,137,139,51,115,141,279,218,53,83,32,248,,122,,83,21,393,391,382,320,383,330,351,336,372,174,300,244,190,387,180,107,373,401,313,314,158,148,216,125,161,72,343,100,285,85,347,184,13,28,71,252,89,390,277,,,35,210,,49,15,412,9,110,24,171,211,103,218,89,196,218,104,57,52,76,206,47,98,58,196,37,123,310,,153,,93,b'\x11\xe8\xe1I\xea\x99\xf4N\x9a\xbe\x12\xdf\x17\xaeN\x1e'
11E8E149-EA99-F44E-9ABE-12DF17AE4E1E,2026-ncaa-d3-conf-CCIW,genius_ncaa,1,1,1,1,1,1,4,3,7,2,2,6,7,7,9,7,1,1,4,1,2,1,1,7,6,4,4,8,1,5,7,7,8,6,7,7,9,6,5,8,1,1,4,4,,,8,4,,3,3,1,1,1,1,5,3,3,3,8,7,1,1,1,1,1,5,9,7,9,5,1,4,,6,,3,3,6,5,3,5,6,3,6,4,4,5,4,9,9,8,9,8,5,9,6,8,3,7,3,9,6,8,8,7,7,7,5,8,1,1,3,7,5,6,6,,,2,3,,8,3,9,4,2,3,4,3,1,4,2,3,2,7,7,7,3,8,4,7,6,5,1,6,6,,2,,9,b'\x11\xe8\xe1I\xea\x99\xf4N\x9a\xbe\x12\xdf\x17\xaeN\x1e'
11E8E149-EA99-F44E-9ABE-12DF17AE4E1E,2026-ncaa-d3-natl,genius_ncaa,54,68,116,75,121,108,105,133,137,99,155,88,145,126,250,167,88,158,29,164,219,137,151,144,124,118,229,243,183,114,104,321,300,253,258,173,324,212,148,192,31,16,283,265,,,206,169,,271,126,156,233,49,96,99,103,102,173,176,126,102,194,206,111,159,125,405,337,217,165,24,304,,155,,261,135,246,258,176,359,244,136,389,274,285,217,337,209,204,215,200,290,176,245,365,359,232,212,258,170,180,300,215,104,198,258,238,169,49,33,82,302,276,290,276,,,150,214,,146,126,259,96,214,140,222,228,73,205,52,251,268,178,155,154,73,187,145,152,134,207,40,288,292,,180,,179,b'\x11\xe8\xe1I\xea\x99\xf4N\x9a\xbe\x12\xdf\x17\xaeN\x1e'
11E8E149-EA9F-28BA-9ABE-12DF17AE4E1E,2018-ncaa-d3-conf-Midwest Conference,ncaa,6,6,5,6,5,6,6,4,7,3,3,6,7,5,9,5,9,9,7,9,10,4,4,7,9,9,8,7,8,4,5,5,7,5,7,6,5,4,4,4,6,6,4,6,,,5,4,,,7,5,2,2,7,6,3,3,3,6,5,8,9,9,3,2,3,5,3,5,5,6,4,,5,,,7,8,7,7,7,6,9,4,10,6,10,6,6,3,10,3,3,7,7,8,8,8,7,8,5,6,7,7,5,7,7,8,7,4,5,8,6,7,8,7,,,8,8,,,7,6,8,8,7,9,9,8,7,9,10,8,6,4,4,8,9,7,9,8,9,4,7,9,,7,,,b'\x11\xe8\xe1I\xea\x9f(\xba\x9a\xbe\x12\xdf\x17\xaeN\x1e'
11E8E149-EA9F-28BA-9ABE-12DF17AE4E1E,2018-ncaa-d3-conf-MWC,ncaa,6,6,5,6,5,6,6,4,7,3,3,6,7,5,9,5,9,9,7,9,10,4,4,7,9,9,8,7,8,4,5,5,7,5,7,6,5,4,4,4,6,6,4,6,,,5,4,,,7,5,2,2,7,6,3,3,3,6,5,8,9,9,3,2,3,5,3,5,5,6,4,,5,,,7,8,7,7,7,6,9,4,10,6,10,6,6,3,10,3,3,7,7,8,8,8,7,8,5,6,7,7,5,7,7,8,7,4,5,8,6,7,8,7,,,8,8,,,7,6,8,8,7,9,9,8,7,9,10,8,6,4,4,8,9,7,9,8,9,4,7,9,,7,,,b'\x11\xe8\xe1I\xea\x9f(\xba\x9a\xbe\x12\xdf\x17\xaeN\x1e'
11E8E149-EA9F-28BA-9ABE-12DF17AE4E1E,2018-ncaa-d3-natl,ncaa,299,309,305,307,309,261,230,253,209,175,200,163,321,296,350,282,269,237,303,247,276,257,273,235,250,244,349,343,261,221,210,339,326,305,292,233,250,164,213,221,225,225,244,245,,,194,234,,,291,284,187,53,209,168,153,116,126,309,259,238,185,196,146,154,183,315,262,202,222,208,215,,254,,,293,268,275,163,341,231,193,291,312,182,414,213,226,172,380,162,183,152,154,355,371,351,255,291,191,247,326,183,210,198,292,302,263,227,214,282,170,209,167,159,,,205,148,,,291,150,243,343,298,338,331,276,307,278,338,236,277,220,205,260,284,306,262,282,331,184,223,212,,125,,,b'\x11\xe8\xe1I\xea\x9f(\xba\x9a\xbe\x12\xdf\x17\xaeN\x1e'
11E8E149-EA9F-28BA-9ABE-12DF17AE4E1E,2019-ncaa-d3-conf-Midwest Conference,ncaa,8,8,5,8,10,5,5,6,6,5,5,5,5,4,8,5,6,7,3,7,7,6,6,6,6,5,6,4,6,9,9,5,9,8,8,5,4,5,4,4,8,6,4,5,,,2,2,,,8,4,1,9,4,5,3,5,4,4,4,6,6,6,3,2,8,5,7,3,6,6,4,,4,,,8,10,10,7,8,9,8,6,8,2,10,2,6,6,8,5,4,7,7,8,8,10,6,5,4,8,9,8,9,9,8,7,3,10,10,10,8,9,9,7,,,7,7,,,8,7,6,10,8,10,10,10,9,10,8,4,7,6,6,10,10,9,8,9,7,10,9,9,,7,,,b'\x11\xe8\xe1I\xea\x9f(\xba\x9a\xbe\x12\xdf\x17\xaeN\x1e'
11E8E149-EA9F-28BA-9ABE-12DF17AE4E1E,2019-ncaa-d3-conf-MWC,ncaa,8,8,5,8,10,5,5,6,6,5,5,5,5,4,8,5,6,7,3,7,7,6,6,6,6,5,6,4,6,9,9,5,9,8,8,5,4,5,4,4,8,6,4,5,,,2,2,,,8,4,1,9,4,5,3,5,4,4,4,6,6,6,3,2,8,5,7,3,6,6,4,,4,,,8,10,10,7,8,9,8,6,8,2,10,2,6,6,8,5,4,7,7,8,8,10,6,5,4,8,9,8,9,9,8,7,3,10,10,10,8,9,9,7,,,7,7,,,8,7,6,10,8,10,10,10,9,10,8,4,7,6,6,10,10,9,8,9,7,10,9,9,,7,,,b'\x11\xe8\xe1I\xea\x9f(\xba\x9a\xbe\x12\xdf\x17\xaeN\x1e'
11E8E149-EA9F-28BA-9ABE-12DF17AE4E1E,2019-ncaa-d3-natl,ncaa,282,274,317,293,345,221,221,299,130,197,266,107,249,265,230,233,190,242,79,244,188,295,319,140,120,133,255,270,172,388,384,293,231,349,321,172,153,141,210,143,251,251,173,187,,,191,239,,,259,272,115,320,143,152,197,133,202,232,220,131,180,179,184,206,384,224,329,124,201,235,139,,263,,,260,292,298,163,367,315,287,272,213,60,432,56,283,261,309,253,200,170,144,362,370,375,185,163,235,168,231,211,384,190,321,219,118,294,276,276,246,294,263,290,,,251,171,,,259,156,181,363,269,362,352,292,349,371,263,88,329,307,300,308,281,233,294,279,272,250,292,312,,167,,,b'\x11\xe8\xe1I\xea\x9f(\xba\x9a\xbe\x12\xdf\x17\xaeN\x1e'
11E8E149-EA9F-28BA-9ABE-12DF17AE4E1E,2020-ncaa-d3-conf-Midwest Conference,ncaa,6,6,5,6,5,4,4,6,2,4,7,1,5,7,3,6,7,5,8,5,5,5,3,2,4,4,7,5,8,1,1,3,5,2,2,4,2,10,9,7,3,4,5,5,,,6,3,,,6,5,2,1,3,2,2,3,5,5,6,7,5,5,2,1,1,1,1,3,10,3,5,,7,,,6,6,6,10,4,6,6,5,9,10,3,6,6,5,6,5,5,10,6,4,4,5,4,7,4,9,5,1,1,2,2,6,6,8,8,8,8,8,2,4,,,6,9,,,6,7,4,6,6,7,7,10,6,7,9,10,6,6,6,10,9,9,1,3,6,6,9,5,,4,,,b'\x11\xe8\xe1I\xea\x9f(\xba\x9a\xbe\x12\xdf\x17\xaeN\x1e'
11E8E149-EA9F-28BA-9ABE-12DF17AE4E1E,2020-ncaa-d3-conf-MWC,ncaa,6,6,5,6,5,4,4,6,2,4,7,1,5,7,3,6,7,5,8,5,5,5,3,2,4,4,7,5,8,1,1,3,5,2,2,4,2,10,9,7,3,4,5,5,,,6,3,,,6,5,2,1,3,2,2,3,5,5,6,7,5,5,2,1,1,1,1,3,10,3,5,,7,,,6,6,6,10,4,6,6,5,9,10,3,6,6,5,6,5,5,10,6,4,4,5,4,7,4,9,5,1,1,2,2,6,6,8,8,8,8,8,2,4,,,6,9,,,6,7,4,6,6,7,7,10,6,7,9,10,6,6,6,10,9,9,1,3,6,6,9,5,,4,,,b'\x11\xe8\xe1I\xea\x9f(\xba\x9a\xbe\x12\xdf\x17\xaeN\x1e'
11E8E149-EA9F-28BA-9ABE-12DF17AE4E1E,2020-ncaa-d3-natl,ncaa,202,198,198,203,218,182,170,254,100,149,185,145,203,303,68,313,160,82,378,83,95,214,141,109,140,220,260,258,217,99,56,130,184,114,58,173,204,404,372,306,130,156,111,94,,,241,209,,,241,162,101,63,138,130,235,111,150,207,298,142,51,52,176,76,92,73,57,146,399,115,96,,284,,,240,318,276,300,206,168,160,227,393,402,284,378,272,268,281,264,289,298,272,251,248,287,372,382,219,238,184,54,56,99,58,296,256,230,279,291,401,366,182,175,,,84,106,,,241,284,209,276,242,317,293,331,195,175,386,400,284,275,272,332,324,254,64,123,296,216,385,196,,48,,,b'\x11\xe8\xe1I\xea\x9f(\xba\x9a\xbe\x12\xdf\x17\xaeN\x1e'
11E8E149-EA9F-28BA-9ABE-12DF17AE4E1E,2021-ncaa-d3-conf-MWC,ncaa,1,1,1,1,1,1,1,1,2,1,1,3,1,2,1,3,2,2,4,2,4,1,1,2,2,2,4,3,4,1,1,1,2,1,2,1,1,4,3,1,4,4,1,4,,,3,1,,,2,2,4,1,2,2,4,2,2,2,3,3,3,3,4,3,2,1,1,1,3,4,4,,1,,,2,4,4,5,2,3,4,2,4,5,1,5,3,3,2,3,2,5,4,2,1,2,4,5,2,4,2,3,1,3,2,2,1,4,5,2,4,3,5,4,,,2,2,,,2,4,1,2,2,2,2,5,2,2,4,5,1,1,1,5,3,3,2,2,2,5,3,5,,3,,,b'\x11\xe8\xe1I\xea\x9f(\xba\x9a\xbe\x12\xdf\x17\xaeN\x1e'
11E8E149-EA9F-28BA-9ABE-12DF17AE4E1E,2021-ncaa-d3-natl,ncaa,63,149,61,109,70,62,59,73,55,41,51,51,155,143,185,249,41,46,70,52,119,69,67,92,66,100,244,261,66,56,52,54,154,53,54,58,115,229,197,143,109,215,77,128,,,216,156,,,175,72,93,110,82,80,157,31,56,239,245,43,55,62,124,93,96,52,62,83,201,196,115,,180,,,155,234,236,235,164,232,230,173,234,240,151,186,234,230,181,232,173,234,219,175,173,214,156,167,151,232,154,169,52,193,54,182,29,131,253,183,244,205,205,120,,,39,22,,,175,214,88,218,154,230,209,231,190,192,214,231,211,199,203,238,192,201,35,83,99,244,212,155,,18,,,b'\x11\xe8\xe1I\xea\x9f(\xba\x9a\xbe\x12\xdf\x17\xaeN\x1e'
11E8E149-EA9F-28BA-9ABE-12DF17AE4E1E,2022-ncaa-d3-conf-MWC,ncaa,4,2,4,4,6,3,3,4,2,2,4,2,4,4,4,5,1,1,2,1,2,4,4,2,2,2,5,8,2,4,3,4,4,4,3,3,5,6,5,4,3,2,6,6,,,5,5,,,4,5,1,7,1,2,3,2,4,5,4,2,2,2,1,1,4,5,4,2,7,2,6,,6,,,4,6,9,6,8,7,5,8,8,6,8,6,3,4,3,4,4,4,4,8,7,7,5,8,2,5,4,3,3,4,3,9,9,5,4,9,6,5,7,8,,,2,2,,,4,5,2,7,4,7,9,8,8,7,8,6,4,4,4,6,7,4,2,3,9,4,7,9,,2,,,b'\x11\xe8\xe1I\xea\x9f(\xba\x9a\xbe\x12\xdf\x17\xaeN\x1e'
11E8E149-EA9F-28BA-9ABE-12DF17AE4E1E,2022-ncaa-d3-natl,ncaa,256,156,391,229,399,272,291,394,45,260,377,36,312,355,151,264,127,210,27,217,43,386,393,56,25,60,212,303,36,373,224,382,175,388,182,324,342,83,287,261,279,167,310,270,,,108,328,,,201,392,94,290,54,96,273,79,224,217,253,8,30,31,205,152,298,275,290,223,288,153,273,,350,,,201,86,92,35,367,88,33,366,211,120,380,301,95,86,250,75,286,37,35,383,387,375,280,316,174,27,175,17,224,16,182,195,307,355,234,324,125,289,139,275,,,297,42,,,201,40,89,339,198,360,354,282,313,190,387,324,284,284,271,277,276,143,86,99,352,206,293,277,,37,,,b'\x11\xe8\xe1I\xea\x9f(\xba\x9a\xbe\x12\xdf\x17\xaeN\x1e'
11E8E149-EA9F-28BA-9ABE-12DF17AE4E1E,2023-ncaa-d3-conf-MWC,ncaa,4,3,4,4,4,4,4,4,4,4,4,4,6,5,5,6,4,4,5,4,6,3,5,5,5,4,6,5,4,3,3,8,9,5,6,5,5,6,4,4,3,3,2,2,,,6,5,,,3,5,4,5,4,4,4,5,4,5,6,4,4,4,3,4,2,8,8,4,5,3,2,,6,,,3,5,5,5,5,4,2,7,6,6,3,6,6,6,2,6,8,6,5,6,6,4,6,6,7,8,9,4,3,6,6,7,8,4,4,6,1,1,3,2,,,7,8,,,3,4,4,6,3,6,4,3,4,2,7,6,5,6,6,3,7,8,3,5,6,3,2,2,,7,,,b'\x11\xe8\xe1I\xea\x9f(\xba\x9a\xbe\x12\xdf\x17\xaeN\x1e'
11E8E149-EA9F-28BA-9ABE-12DF17AE4E1E,2023-ncaa-d3-natl,ncaa,228,269,109,252,131,131,141,169,111,118,149,107,208,214,223,273,71,80,126,76,126,144,132,139,118,140,268,299,114,170,162,297,326,252,266,197,286,269,223,237,87,89,87,72,,,381,382,,,234,133,191,181,126,145,206,111,171,244,255,71,90,87,173,177,190,388,323,223,244,93,97,,374,,,234,371,317,228,338,268,142,352,367,336,339,321,387,390,274,390,399,281,292,364,378,345,362,304,331,299,326,178,162,222,266,376,378,122,152,291,180,139,45,28,,,174,213,,,234,278,147,334,238,326,271,159,216,89,341,311,381,375,380,218,241,258,129,180,341,137,154,27,,195,,,b'\x11\xe8\xe1I\xea\x9f(\xba\x9a\xbe\x12\xdf\x17\xaeN\x1e'
11E8E149-EA9F-28BA-9ABE-12DF17AE4E1E,2024-ncaa-d3-conf-MWC,ncaa,3,2,3,3,3,3,3,2,7,3,3,5,3,2,7,4,3,5,2,5,8,2,2,6,7,5,5,4,8,1,2,1,4,1,2,2,1,6,3,2,3,4,1,1,,,9,8,,,2,2,3,3,3,3,2,3,2,3,3,5,6,6,2,2,1,2,1,2,6,4,1,,9,,,2,6,3,7,1,2,4,1,7,8,5,8,9,8,6,9,7,8,8,1,3,2,9,8,9,7,4,7,2,8,2,7,8,2,3,3,7,4,2,3,,,6,9,,,2,8,4,2,2,5,3,4,2,4,7,7,8,8,8,5,8,6,6,6,5,2,7,2,,7,,,b'\x11\xe8\xe1I\xea\x9f(\xba\x9a\xbe\x12\xdf\x17\xaeN\x1e'
11E8E149-EA9F-28BA-9ABE-12DF17AE4E1E,2024-ncaa-d3-natl,ncaa,142,162,112,157,114,128,131,90,191,120,129,152,179,109,305,184,104,112,165,108,164,88,73,202,193,210,241,249,175,71,109,101,152,86,123,167,286,328,231,245,83,111,34,23,,,426,421,,,156,79,113,8,113,125,74,122,137,198,120,111,124,121,69,54,64,93,65,185,295,97,30,,424,,,159,284,117,183,94,79,152,78,319,292,289,254,426,426,229,426,426,282,335,123,218,155,420,284,425,233,152,306,109,282,123,135,178,70,89,55,315,235,26,7,,,113,228,,,156,344,193,139,168,235,94,123,65,103,289,273,425,425,425,248,311,206,252,243,116,66,294,13,,114,,,b'\x11\xe8\xe1I\xea\x9f(\xba\x9a\xbe\x12\xdf\x17\xaeN\x1e'
11E8E149-EA9F-28BA-9ABE-12DF17AE4E1E,2025-ncaa-d3-conf-Midwest Conference,genius_ncaa,6,6,5,6,5,6,3,3,5,4,4,6,3,4,6,5,9,9,6,9,9,5,4,6,6,6,7,4,9,2,3,5,9,3,4,3,4,5,4,4,3,4,4,4,,,8,7,,5,5,4,2,1,4,3,2,3,3,3,4,9,9,9,3,2,2,3,3,2,7,3,3,,9,,5,5,4,4,7,5,5,8,5,2,2,1,1,9,9,5,9,6,8,7,3,3,4,2,1,8,9,9,5,3,7,4,4,3,4,4,3,5,4,1,2,,,9,9,,9,5,5,6,5,5,5,5,8,6,8,2,4,9,9,9,9,8,9,6,7,4,4,6,2,,9,,9,b'\x11\xe8\xe1I\xea\x9f(\xba\x9a\xbe\x12\xdf\x17\xaeN\x1e'
11E8E149-EA9F-28BA-9ABE-12DF17AE4E1E,2025-ncaa-d3-natl,genius_ncaa,250,269,192,262,248,201,167,120,253,190,172,238,139,114,215,137,353,307,386,301,345,149,128,241,286,276,236,133,399,139,207,130,247,136,231,146,144,285,246,215,94,112,70,66,,,369,351,,256,241,125,67,258,193,138,61,170,144,124,96,377,326,323,86,69,121,84,81,120,284,84,52,,392,,266,241,237,162,227,118,199,231,156,123,222,58,163,393,404,126,405,389,298,310,103,138,142,272,97,396,299,247,319,207,324,231,148,158,118,167,121,282,242,63,56,,,346,407,,285,241,294,280,155,242,254,177,254,212,246,138,225,392,403,405,316,339,307,327,325,162,107,279,70,,376,,295,b'\x11\xe8\xe1I\xea\x9f(\xba\x9a\xbe\x12\xdf\x17\xaeN\x1e'
11E8E149-EA9F-28BA-9ABE-12DF17AE4E1E,2026-ncaa-d3-conf-Midwest Conference,genius_ncaa,5,7,1,6,3,2,2,1,3,2,1,4,2,2,1,6,4,3,5,3,8,1,1,4,4,4,6,5,6,5,8,3,5,3,6,2,4,7,2,1,3,7,2,3,,,9,6,,2,5,1,1,4,3,3,2,3,2,3,6,5,6,6,3,3,6,6,7,2,2,7,2,,7,,1,5,9,9,8,6,9,8,5,4,7,2,1,9,9,8,9,6,8,8,5,6,6,5,1,8,9,5,9,8,9,6,7,3,1,5,2,8,2,3,2,,,3,6,,2,5,8,5,5,5,5,6,6,7,7,2,1,8,7,7,6,6,6,7,7,4,5,3,2,,5,,3,b'\x11\xe8\xe1I\xea\x9f(\xba\x9a\xbe\x12\xdf\x17\xaeN\x1e'
11E8E149-EA9F-28BA-9ABE-12DF17AE4E1E,2026-ncaa-d3-natl,genius_ncaa,157,268,42,231,64,14,18,50,60,42,55,145,14,90,10,235,39,34,245,34,126,39,41,45,58,75,120,116,231,159,290,61,311,92,298,12,51,349,222,101,63,196,22,85,,,409,368,,370,142,28,28,113,25,40,92,104,117,44,173,84,69,64,71,64,272,150,209,19,273,122,41,,403,,331,162,383,371,375,264,391,398,255,162,218,87,28,408,408,242,408,333,390,387,202,249,243,106,16,379,384,311,349,290,373,298,286,61,55,207,132,333,229,78,16,,,74,258,,98,142,384,112,266,179,337,312,320,361,373,63,78,398,400,400,368,377,340,280,324,184,108,272,24,,156,,148,b'\x11\xe8\xe1I\xea\x9f(\xba\x9a\xbe\x12\xdf\x17\xaeN\x1e'
11E8E149-EAA4-7CF2-9ABE-12DF17AE4E1E,2018-ncaa-d3-conf-CSAC,ncaa,7,7,7,7,9,7,8,10,7,9,10,7,8,8,7,7,4,6,3,6,2,9,11,7,7,7,6,6,1,8,8,11,9,10,9,8,7,6,8,7,7,6,10,10,,,3,7,,,7,10,8,5,7,8,9,9,8,7,7,2,5,5,8,10,8,9,10,8,8,6,10,,6,,,7,5,6,1,10,9,7,11,3,3,6,3,4,5,4,5,4,2,2,9,9,9,2,2,4,6,9,3,8,4,9,7,6,5,5,6,7,9,3,5,,,2,1,,,7,3,7,9,7,7,8,5,10,9,3,3,4,7,8,5,6,7,6,7,8,4,9,4,,1,,,b'\x11\xe8\xe1I\xea\xa4|\xf2\x9a\xbe\x12\xdf\x17\xaeN\x1e'
11E8E149-EAA4-7CF2-9ABE-12DF17AE4E1E,2018-ncaa-d3-natl,ncaa,320,327,305,326,346,348,370,359,374,373,331,374,302,287,321,212,161,190,89,187,84,344,339,372,337,340,104,228,19,314,318,350,356,350,354,319,104,216,309,307,318,306,360,385,,,143,190,,,349,335,225,303,359,391,346,377,314,287,244,91,134,134,318,281,293,334,337,309,274,295,367,,203,,,344,197,256,135,353,331,276,314,101,49,352,54,155,227,37,225,196,138,142,319,297,296,67,88,153,290,356,190,318,212,354,342,355,243,221,323,294,338,268,362,,,126,13,,,349,120,347,313,343,274,324,238,358,340,137,70,185,272,273,244,265,339,263,304,350,202,324,318,,37,,,b'\x11\xe8\xe1I\xea\xa4|\xf2\x9a\xbe\x12\xdf\x17\xaeN\x1e'
11E8E149-EAA4-7CF2-9ABE-12DF17AE4E1E,2019-ncaa-d3-conf-Atlantic East,ncaa,5,5,1,5,3,6,6,6,5,5,5,4,4,4,7,3,5,6,3,6,4,6,6,5,5,6,3,5,3,6,4,5,6,6,6,6,4,7,6,6,3,4,3,4,,,5,5,,,6,5,6,5,6,6,7,5,7,4,4,6,6,6,7,7,7,7,7,6,6,4,3,,3,,,6,6,4,4,5,5,5,4,3,2,6,2,6,6,5,6,4,5,5,4,5,4,3,3,6,6,6,3,4,5,6,3,2,4,4,3,7,7,3,3,,,4,4,,,6,3,6,5,6,4,3,2,4,3,3,1,4,3,3,2,2,6,2,2,3,5,6,3,,6,,,b'\x11\xe8\xe1I\xea\xa4|\xf2\x9a\xbe\x12\xdf\x17\xaeN\x1e'
11E8E149-EAA4-7CF2-9ABE-12DF17AE4E1E,2019-ncaa-d3-natl,ncaa,338,382,129,360,187,323,333,332,319,345,375,259,228,149,344,81,251,285,110,271,117,333,280,307,291,337,114,164,125,395,398,334,386,375,394,292,177,372,397,364,188,207,221,266,,,378,386,,,348,204,281,264,383,390,405,393,405,249,168,268,324,305,413,369,421,409,432,347,348,201,234,,374,,,342,232,178,177,208,282,346,132,43,24,292,14,419,412,342,409,338,237,269,155,228,196,174,28,421,354,386,224,398,282,394,234,261,143,158,167,363,376,203,316,,,209,147,,,348,227,371,232,345,202,155,121,252,327,35,12,409,398,394,193,213,323,170,245,201,161,339,185,,235,,,b'\x11\xe8\xe1I\xea\xa4|\xf2\x9a\xbe\x12\xdf\x17\xaeN\x1e'
11E8E149-EAA4-7CF2-9ABE-12DF17AE4E1E,2020-ncaa-d3-conf-Atlantic East,ncaa,4,4,5,4,5,5,4,5,3,5,6,3,3,3,5,2,5,7,2,7,6,5,6,3,3,4,3,2,5,5,5,3,3,5,2,4,2,4,5,4,4,4,2,2,,,3,3,,,4,5,5,1,4,4,3,4,6,3,2,4,7,7,3,4,5,1,3,4,5,4,2,,3,,,4,3,3,3,3,3,4,3,5,2,6,2,3,3,4,3,3,2,3,3,3,4,3,4,4,2,3,3,5,3,2,4,5,5,5,5,4,4,3,3,,,6,3,,,4,3,4,4,4,3,3,3,3,5,5,4,3,3,3,3,2,3,4,4,4,5,4,3,,5,,,b'\x11\xe8\xe1I\xea\xa4|\xf2\x9a\xbe\x12\xdf\x17\xaeN\x1e'
11E8E149-EAA4-7CF2-9ABE-12DF17AE4E1E,2020-ncaa-d3-natl,ncaa,237,245,198,250,218,214,248,176,306,245,222,267,207,150,334,162,83,134,58,136,134,171,135,312,260,281,145,225,59,128,185,153,259,142,221,184,81,319,290,261,136,167,192,210,,,365,335,,,234,136,84,63,200,251,123,246,199,213,131,56,106,108,111,72,111,90,86,152,334,120,182,,389,,,234,224,166,216,141,220,287,130,112,123,146,86,391,405,149,403,369,276,310,120,146,144,249,89,391,306,259,303,185,315,221,213,264,139,168,163,319,291,292,284,,,75,92,,,234,294,269,173,237,252,202,254,240,317,124,134,399,406,404,313,353,313,318,319,231,113,328,301,,41,,,b'\x11\xe8\xe1I\xea\xa4|\xf2\x9a\xbe\x12\xdf\x17\xaeN\x1e'
11E8E149-EAA4-7CF2-9ABE-12DF17AE4E1E,2021-ncaa-d3-conf-Atlantic East,ncaa,4,4,2,4,2,2,1,2,4,1,2,4,2,3,3,2,3,4,3,4,5,2,2,3,3,3,3,3,5,2,3,4,4,4,3,1,2,2,1,1,3,4,1,2,,,3,2,,,4,2,1,1,2,1,1,1,1,2,2,4,5,5,1,1,1,3,3,1,1,4,1,,2,,,4,4,3,4,4,3,3,4,5,5,4,5,4,4,5,4,3,3,3,4,4,5,4,5,3,4,4,4,3,4,3,3,1,3,4,4,2,1,3,3,,,4,5,,,4,3,3,5,4,5,4,4,3,4,5,5,5,5,5,4,4,4,5,5,4,4,1,4,,5,,,b'\x11\xe8\xe1I\xea\xa4|\xf2\x9a\xbe\x12\xdf\x17\xaeN\x1e'
11E8E149-EAA4-7CF2-9ABE-12DF17AE4E1E,2021-ncaa-d3-natl,ncaa,251,58,256,251,259,255,256,256,188,258,258,214,246,252,90,116,259,261,38,257,241,255,257,173,175,78,97,67,209,252,87,261,255,259,215,256,156,13,3,3,270,261,225,26,,,26,168,,,155,258,48,110,25,26,4,57,9,26,31,111,150,128,2,18,14,103,23,54,4,257,20,,228,,,193,32,28,27,169,22,18,115,46,39,264,265,44,39,265,37,277,29,27,222,252,279,282,276,243,28,255,31,87,30,215,25,51,270,278,251,13,7,27,85,,,258,203,,,155,24,48,280,206,279,249,262,127,148,282,282,282,276,274,277,252,263,273,275,157,269,18,155,,106,,,b'\x11\xe8\xe1I\xea\xa4|\xf2\x9a\xbe\x12\xdf\x17\xaeN\x1e'
11E8E149-EAA4-7CF2-9ABE-12DF17AE4E1E,2022-ncaa-d3-conf-Atlantic East,ncaa,1,2,1,2,2,2,2,2,3,1,1,2,2,2,5,2,2,3,2,3,3,2,2,4,3,3,2,3,3,1,2,3,2,1,2,1,2,2,1,1,3,3,6,6,,,7,6,,,2,2,6,3,2,2,2,3,4,2,2,3,3,3,2,3,1,3,1,1,1,3,6,,6,,,2,5,5,6,2,5,6,4,3,5,2,4,6,7,1,7,5,6,6,2,2,2,3,1,5,3,2,6,2,6,2,3,1,3,4,2,1,1,6,5,,,2,2,,,2,6,1,2,2,3,3,3,3,3,1,3,4,5,4,3,2,3,3,2,2,5,1,5,,3,,,b'\x11\xe8\xe1I\xea\xa4|\xf2\x9a\xbe\x12\xdf\x17\xaeN\x1e'
11E8E149-EAA4-7CF2-9ABE-12DF17AE4E1E,2022-ncaa-d3-natl,ncaa,116,129,107,125,114,124,167,87,272,166,146,240,142,89,305,157,25,33,169,32,68,73,92,270,243,200,139,212,59,38,73,113,108,73,113,68,12,163,85,67,109,110,340,348,,,350,343,,,102,128,240,38,140,191,88,202,183,176,107,33,52,51,56,94,34,134,58,56,134,124,369,,327,,,100,166,122,173,110,147,155,149,117,227,34,233,336,350,159,342,359,210,249,94,127,87,263,144,378,179,108,333,73,283,113,105,129,88,80,52,111,60,396,363,,,23,48,,,102,280,163,82,115,89,71,77,102,86,79,174,303,325,316,105,167,124,296,223,74,108,84,384,,24,,,b'\x11\xe8\xe1I\xea\xa4|\xf2\x9a\xbe\x12\xdf\x17\xaeN\x1e'
11E8E149-EAA4-7CF2-9ABE-12DF17AE4E1E,2023-ncaa-d3-conf-Atlantic East,ncaa,3,4,2,4,3,4,4,3,4,3,4,4,4,4,1,4,3,4,1,4,4,4,4,4,4,5,2,5,3,5,6,4,3,5,6,2,1,3,3,3,3,4,3,4,,,5,6,,,4,3,5,3,4,5,4,4,6,4,5,3,3,3,5,6,5,6,6,2,2,3,5,,5,,,4,3,4,5,4,5,5,4,3,4,3,4,6,6,2,6,5,6,5,4,4,4,3,4,4,4,3,4,6,4,6,5,5,4,4,3,3,4,4,4,,,4,3,,,4,5,5,3,4,4,3,2,3,3,4,4,4,5,5,2,4,3,4,2,4,4,3,4,,4,,,b'\x11\xe8\xe1I\xea\xa4|\xf2\x9a\xbe\x12\xdf\x17\xaeN\x1e'
11E8E149-EAA4-7CF2-9ABE-12DF17AE4E1E,2023-ncaa-d3-natl,ncaa,210,247,109,231,131,221,233,183,292,209,167,281,233,202,306,237,125,197,37,198,219,190,212,304,265,239,212,263,91,238,261,314,280,299,303,123,25,150,142,112,156,163,299,311,,,307,309,,,233,201,283,181,274,285,232,259,215,273,233,139,238,242,240,300,274,401,373,131,120,181,319,,285,,,233,221,228,206,229,284,231,272,114,185,65,170,290,292,235,286,260,214,222,196,210,203,140,97,294,209,280,238,261,220,303,301,315,179,197,266,208,211,394,375,,,190,170,,,233,231,256,209,232,170,182,138,236,174,96,146,260,256,250,151,151,171,202,176,257,220,184,392,,230,,,b'\x11\xe8\xe1I\xea\xa4|\xf2\x9a\xbe\x12\xdf\x17\xaeN\x1e'
11E8E149-EAA4-7CF2-9ABE-12DF17AE4E1E,2024-ncaa-d3-conf-Atlantic East,ncaa,2,2,4,2,5,4,4,5,3,4,4,3,4,5,3,3,4,4,2,4,4,5,5,3,3,2,4,3,3,6,5,6,2,6,6,4,4,1,1,1,2,2,3,2,,,1,1,,,2,5,2,3,2,2,2,2,2,4,3,3,3,3,3,4,5,6,6,3,1,2,2,,1,,,2,2,4,2,6,6,3,6,2,2,2,2,1,1,6,1,1,2,2,5,4,3,1,1,1,2,2,2,5,2,6,2,1,2,2,2,1,2,3,3,,,4,4,,,2,3,2,2,2,3,5,3,6,4,2,3,1,1,1,3,4,2,3,2,3,2,2,4,,3,,,b'\x11\xe8\xe1I\xea\xa4|\xf2\x9a\xbe\x12\xdf\x17\xaeN\x1e'
11E8E149-EAA4-7CF2-9ABE-12DF17AE4E1E,2024-ncaa-d3-natl,ncaa,162,162,200,166,245,185,189,185,199,177,156,222,223,239,191,271,137,214,45,202,261,184,259,214,192,137,239,258,148,307,301,347,318,343,333,126,51,48,53,53,113,102,93,123,,,70,48,,,212,230,188,197,178,188,136,159,123,225,238,121,196,193,136,246,314,394,383,95,58,105,86,,59,,,212,246,314,251,320,352,314,331,91,119,109,119,98,63,399,58,35,200,201,274,267,266,32,61,79,208,318,190,301,194,333,261,181,204,205,250,198,211,398,365,,,266,269,,,212,203,171,257,209,253,324,295,354,338,96,121,96,51,53,225,235,223,211,212,268,195,202,401,,287,,,b'\x11\xe8\xe1I\xea\xa4|\xf2\x9a\xbe\x12\xdf\x17\xaeN\x1e'
11E8E149-EAA4-7CF2-9ABE-12DF17AE4E1E,2025-ncaa-d3-conf-Atlantic East,genius_ncaa,1,1,1,1,2,1,1,1,2,2,2,2,2,2,4,5,1,1,1,1,2,1,1,1,1,1,2,5,1,1,2,1,1,1,1,2,3,3,2,2,1,1,1,1,,,1,1,,4,1,1,1,3,1,2,3,2,2,2,3,1,1,1,1,1,1,2,2,2,2,1,1,,1,,4,1,2,3,5,2,2,4,1,6,6,4,6,1,1,4,1,1,4,6,3,2,1,3,6,1,1,1,2,2,2,1,4,5,1,1,2,3,2,6,5,,,1,3,,2,1,6,1,1,1,1,2,5,2,3,4,4,1,1,1,1,6,1,2,1,4,1,2,6,,2,,3,b'\x11\xe8\xe1I\xea\xa4|\xf2\x9a\xbe\x12\xdf\x17\xaeN\x1e'
11E8E149-EAA4-7CF2-9ABE-12DF17AE4E1E,2025-ncaa-d3-natl,genius_ncaa,37,18,116,23,161,86,92,113,82,62,84,91,240,247,218,321,29,39,70,36,108,95,109,121,98,84,280,348,73,106,59,157,166,135,72,60,80,154,90,59,37,34,27,27,,,96,52,,122,53,115,126,210,49,66,99,40,80,261,270,16,37,32,65,109,108,187,137,52,134,29,24,,50,,115,49,129,179,259,109,181,252,106,209,252,154,234,62,71,165,64,50,213,298,113,77,54,151,259,83,197,166,78,59,111,72,259,294,63,65,117,188,142,411,383,,,121,187,,72,53,314,78,49,50,97,149,212,152,201,179,212,40,46,39,154,262,152,61,80,235,61,173,409,,129,,72,b'\x11\xe8\xe1I\xea\xa4|\xf2\x9a\xbe\x12\xdf\x17\xaeN\x1e'
11E8E149-EAA4-7CF2-9ABE-12DF17AE4E1E,2026-ncaa-d3-natl,genius_ncaa,98,21,327,49,337,276,254,337,59,241,299,110,230,327,34,276,329,361,75,361,359,345,361,63,65,63,266,191,315,342,231,351,257,361,237,327,374,57,141,187,271,134,178,111,,,25,24,,130,108,355,218,113,77,61,130,75,104,124,254,233,291,304,168,221,267,240,276,235,135,136,103,,25,,204,76,58,87,60,265,118,74,308,58,73,92,214,23,54,22,56,113,57,58,239,168,131,52,140,55,110,257,63,231,75,237,113,247,291,119,199,90,193,117,170,,,354,282,,169,108,52,78,155,95,140,225,177,270,195,111,174,41,86,88,158,190,239,162,194,249,121,186,202,,291,,114,b'\x11\xe8\xe1I\xea\xa4|\xf2\x9a\xbe\x12\xdf\x17\xaeN\x1e'
11E8E149-EAA9-A060-9ABE-12DF17AE4E1E,2018-ncaa-d3-conf-SLIAC,ncaa,7,7,5,7,7,9,9,9,8,9,9,8,6,4,6,1,8,8,8,8,2,9,9,6,7,7,1,1,5,9,9,8,2,9,8,7,7,3,6,7,9,9,7,7,,,1,3,,,7,9,9,7,9,9,9,9,9,4,4,8,8,8,9,9,9,7,9,7,4,9,7,,2,,,7,4,4,4,4,2,3,4,8,8,7,9,1,2,1,2,4,4,1,6,6,7,8,9,1,2,2,5,9,4,8,5,6,9,9,9,6,7,8,9,,,6,1,,,7,1,7,7,7,6,5,6,4,5,8,8,2,2,2,6,1,2,6,5,7,9,7,9,,5,,,b'\x11\xe8\xe1I\xea\xa9\xa0`\x9a\xbe\x12\xdf\x17\xaeN\x1e'
11E8E149-EAA9-A060-9ABE-12DF17AE4E1E,2018-ncaa-d3-natl,ncaa,383,379,363,392,378,381,393,405,335,416,428,331,143,141,164,27,379,395,242,395,121,410,408,257,265,312,18,20,282,432,439,366,220,417,387,380,256,195,380,367,435,439,307,292,,,67,124,,,400,386,219,303,378,390,414,425,439,87,67,360,377,373,418,404,441,308,427,373,295,440,284,,116,,,400,295,299,186,345,180,97,337,419,366,407,408,133,102,378,101,179,161,69,384,383,432,375,418,86,91,220,140,439,101,387,361,358,431,442,438,311,403,279,435,,,328,87,,,400,76,364,418,398,399,390,373,297,235,437,425,208,162,165,362,220,172,273,235,396,443,358,362,,210,,,b'\x11\xe8\xe1I\xea\xa9\xa0`\x9a\xbe\x12\xdf\x17\xaeN\x1e'
11E8E149-EAA9-A060-9ABE-12DF17AE4E1E,2019-ncaa-d3-conf-SLIAC,ncaa,7,7,5,7,5,7,8,8,9,9,8,9,3,4,3,2,7,9,1,9,6,8,7,8,7,7,1,1,4,7,7,7,9,7,8,7,9,7,8,7,8,8,8,8,,,2,2,,,8,7,7,4,7,8,8,10,10,2,3,8,9,9,8,9,7,6,8,8,7,8,8,,3,,,8,10,10,10,4,8,10,4,8,9,5,7,2,3,1,3,2,10,7,4,3,6,4,7,2,9,9,4,7,6,8,10,10,8,8,8,10,9,7,10,,,8,7,,,8,5,7,8,7,8,8,9,8,9,8,8,3,3,3,8,7,9,4,5,9,8,9,7,,8,,,b'\x11\xe8\xe1I\xea\xa9\xa0`\x9a\xbe\x12\xdf\x17\xaeN\x1e'
11E8E149-EAA9-A060-9ABE-12DF17AE4E1E,2019-ncaa-d3-natl,ncaa,390,361,390,393,395,384,406,405,355,425,427,375,123,119,147,24,344,393,49,395,126,408,400,290,268,330,9,16,193,421,375,395,415,414,381,370,155,276,406,374,408,406,389,384,,,53,71,,,393,387,116,129,344,382,353,424,429,38,36,276,355,353,374,251,416,307,392,319,394,381,374,,153,,,398,193,247,229,248,197,134,293,360,376,223,386,66,87,70,87,128,179,93,283,222,349,243,382,58,326,415,34,375,106,381,413,433,412,420,433,388,425,234,421,,,374,249,,,393,65,367,382,390,402,400,425,348,354,424,436,151,190,189,419,392,411,144,306,431,389,422,338,,258,,,b'\x11\xe8\xe1I\xea\xa9\xa0`\x9a\xbe\x12\xdf\x17\xaeN\x1e'
11E8E149-EAA9-A060-9ABE-12DF17AE4E1E,2020-ncaa-d3-conf-SLIAC,ncaa,7,7,5,7,7,7,7,10,5,10,10,5,5,4,3,1,8,9,1,9,5,10,10,5,3,7,1,1,6,10,10,10,10,10,10,7,6,6,9,7,9,9,9,10,,,2,3,,,8,10,10,5,7,7,10,10,10,3,3,8,9,9,10,10,10,9,10,7,7,9,9,,2,,,8,9,9,9,10,10,10,10,4,4,4,3,3,3,3,3,2,9,5,9,9,9,1,3,2,9,10,3,10,8,10,8,4,8,8,8,9,9,6,10,,,9,6,,,8,2,7,9,8,9,9,9,10,10,5,5,3,3,3,9,6,9,4,8,8,8,9,7,,8,,,b'\x11\xe8\xe1I\xea\xa9\xa0`\x9a\xbe\x12\xdf\x17\xaeN\x1e'
11E8E149-EAA9-A060-9ABE-12DF17AE4E1E,2020-ncaa-d3-natl,ncaa,367,368,327,370,345,293,322,390,185,401,429,158,33,54,44,7,331,393,17,391,72,396,381,62,56,185,5,5,304,432,431,413,420,426,424,298,211,333,406,345,378,395,427,434,,,33,20,,,410,315,157,163,264,325,402,413,437,16,33,312,396,392,413,368,437,430,437,279,365,372,430,,29,,,410,431,435,369,433,434,384,434,334,230,399,158,78,53,346,54,22,333,207,434,433,435,16,150,14,345,420,74,431,180,424,425,236,395,413,431,379,408,364,437,,,382,316,,,410,156,285,434,403,432,434,420,433,423,360,297,114,75,76,407,351,368,138,269,424,392,389,393,,383,,,b'\x11\xe8\xe1I\xea\xa9\xa0`\x9a\xbe\x12\xdf\x17\xaeN\x1e'
11E8E149-EAA9-A060-9ABE-12DF17AE4E1E,2021-ncaa-d3-conf-SLIAC,ncaa,7,7,2,7,3,5,5,4,6,5,6,3,3,3,6,2,7,7,5,7,6,6,5,5,5,5,4,2,7,8,8,4,7,6,8,7,8,6,5,7,6,8,6,8,,,5,2,,,7,3,5,6,6,6,6,6,7,4,2,8,8,8,7,8,8,5,8,8,4,7,8,,4,,,7,7,8,8,7,8,8,6,5,4,6,2,5,4,6,4,2,8,6,6,6,7,1,2,2,8,7,8,8,8,8,7,3,6,8,8,5,5,2,2,,,3,4,,,7,6,6,7,7,7,8,8,8,8,3,3,5,3,3,8,7,8,8,8,6,8,4,1,,5,,,b'\x11\xe8\xe1I\xea\xa9\xa0`\x9a\xbe\x12\xdf\x17\xaeN\x1e'
11E8E149-EAA9-A060-9ABE-12DF17AE4E1E,2021-ncaa-d3-natl,ncaa,176,280,23,235,27,46,43,37,121,45,47,75,40,24,192,60,63,65,151,65,160,42,33,120,139,153,153,114,208,164,280,40,248,63,266,98,268,259,185,233,82,246,161,267,,,227,45,,,280,23,60,110,166,141,173,153,223,123,77,198,206,211,201,177,282,195,266,233,171,234,253,,73,,,244,276,281,271,254,282,274,249,273,262,234,112,224,214,192,212,32,268,267,256,242,269,41,130,28,271,248,271,280,271,266,279,122,71,266,268,255,172,210,127,,,29,112,,,280,263,199,273,248,270,276,270,272,268,234,192,82,72,61,256,230,235,241,245,255,251,153,86,,123,,,b'\x11\xe8\xe1I\xea\xa9\xa0`\x9a\xbe\x12\xdf\x17\xaeN\x1e'
11E8E149-EAAE-5876-9ABE-12DF17AE4E1E,2018-ncaa-d3-conf-Liberty League,ncaa,2,2,1,2,3,2,1,1,5,1,1,3,4,3,8,6,3,4,3,3,9,1,1,4,4,2,8,6,7,4,6,7,8,7,7,1,4,3,1,2,1,1,1,1,,,10,10,,,2,1,1,7,2,1,1,1,2,4,3,6,5,5,1,2,5,8,7,1,2,1,1,,10,,,2,6,4,3,7,6,7,5,4,3,6,2,10,10,7,10,10,5,10,6,7,2,8,3,10,8,8,9,6,9,7,3,3,1,1,1,6,3,3,2,,,5,8,,,2,10,2,2,2,5,3,1,4,2,3,2,10,10,10,1,9,8,8,8,3,1,6,3,,7,,,b'\x11\xe8\xe1I\xea\xaeXv\x9a\xbe\x12\xdf\x17\xaeN\x1e'
11E8E149-EAAE-5876-9ABE-12DF17AE4E1E,2018-ncaa-d3-natl,ncaa,52,88,17,79,29,38,20,19,98,17,28,64,149,95,286,241,205,206,204,204,397,27,37,122,158,104,382,295,404,105,243,189,240,141,298,40,194,195,48,44,20,25,14,15,,,425,362,,,91,26,146,221,91,47,61,34,79,224,187,338,354,355,90,170,216,401,353,73,66,29,27,,359,,,103,366,309,270,280,336,312,267,202,172,229,112,422,409,348,410,381,328,418,270,314,114,238,100,400,290,240,417,243,398,298,213,123,14,18,22,262,124,228,73,,,191,405,,,91,425,119,102,105,147,112,35,165,106,93,68,366,343,351,56,249,132,268,212,98,20,131,121,,381,,,b'\x11\xe8\xe1I\xea\xaeXv\x9a\xbe\x12\xdf\x17\xaeN\x1e'
11E8E149-EAAE-5876-9ABE-12DF17AE4E1E,2019-ncaa-d3-conf-Liberty League,ncaa,1,1,1,1,1,2,2,2,3,2,2,3,4,5,2,6,3,2,5,2,6,2,2,3,3,3,5,6,7,2,4,3,4,2,4,1,1,4,2,2,2,2,1,1,,,10,9,,,1,1,2,1,2,2,2,2,2,4,5,6,3,3,2,2,4,3,2,1,3,2,2,,9,,,1,4,1,6,1,1,4,2,6,8,1,8,10,10,1,10,10,7,10,1,2,1,9,5,10,7,4,8,4,7,4,1,2,2,2,1,1,1,3,1,,,1,3,,,1,10,3,1,1,1,1,1,1,2,3,7,9,9,9,2,9,5,6,6,1,2,1,1,,3,,,b'\x11\xe8\xe1I\xea\xaeXv\x9a\xbe\x12\xdf\x17\xaeN\x1e'
11E8E149-EAAE-5876-9ABE-12DF17AE4E1E,2019-ncaa-d3-natl,ncaa,15,46,4,44,4,16,14,10,78,16,10,119,64,94,59,285,75,89,124,87,349,12,17,84,91,59,298,228,336,66,208,18,201,24,194,20,135,230,31,28,26,68,6,7,,,436,340,,,41,10,284,54,76,60,101,61,100,155,257,228,270,277,126,235,208,188,199,64,35,75,12,,319,,,55,379,313,417,70,271,354,115,340,415,45,326,416,418,239,417,353,425,434,73,97,62,345,244,359,400,201,432,208,423,194,185,76,18,64,27,135,27,270,85,,,30,187,,,41,434,65,67,56,82,54,82,61,66,148,262,266,257,253,96,188,204,213,198,35,81,32,127,,213,,,b'\x11\xe8\xe1I\xea\xaeXv\x9a\xbe\x12\xdf\x17\xaeN\x1e'
11E8E149-EAAE-5876-9ABE-12DF17AE4E1E,2020-ncaa-d3-conf-Liberty League,ncaa,1,1,1,1,3,2,2,3,2,1,2,2,7,8,4,8,2,4,1,4,8,3,4,3,3,2,9,8,4,5,5,2,4,3,4,1,2,5,2,1,1,1,1,1,,,8,6,,,2,3,2,7,2,2,5,1,2,8,8,2,5,5,5,5,5,3,3,1,2,1,1,,6,,,2,3,2,7,1,1,5,1,7,8,4,8,9,8,8,8,8,7,10,2,2,1,9,8,10,8,4,6,5,8,4,1,2,1,2,1,3,3,2,1,,,4,5,,,2,9,2,1,2,1,1,5,1,5,6,7,8,6,6,5,9,7,4,4,1,1,2,2,,5,,,b'\x11\xe8\xe1I\xea\xaeXv\x9a\xbe\x12\xdf\x17\xaeN\x1e'
11E8E149-EAAE-5876-9ABE-12DF17AE4E1E,2020-ncaa-d3-natl,ncaa,24,46,7,43,17,45,18,26,42,5,7,69,323,329,275,404,160,237,40,231,423,35,56,120,123,69,432,413,364,140,222,18,119,51,137,20,141,133,44,19,90,150,8,10,,,365,219,,,74,38,264,227,124,43,126,12,23,377,392,279,361,359,170,288,277,81,170,52,38,156,10,,202,,,87,304,268,406,55,263,384,71,264,362,73,239,347,313,381,310,173,412,406,56,68,83,270,226,302,306,119,359,222,346,137,138,60,105,219,95,142,61,285,92,,,168,327,,,74,406,92,89,82,103,95,202,105,199,145,217,223,172,174,190,172,171,153,151,55,225,53,191,,364,,,b'\x11\xe8\xe1I\xea\xaeXv\x9a\xbe\x12\xdf\x17\xaeN\x1e'
11E8E149-EAAE-5876-9ABE-12DF17AE4E1E,2022-ncaa-d3-conf-Liberty League,ncaa,1,1,2,1,2,2,1,3,1,1,1,1,6,6,5,8,6,6,6,6,9,3,2,1,1,2,10,9,9,2,1,2,1,2,1,1,1,5,3,2,1,1,2,2,,,4,5,,,1,3,6,4,2,1,3,1,1,7,8,6,6,7,4,4,1,4,3,1,5,2,2,,3,,,1,1,1,3,2,1,3,2,2,2,4,6,4,4,6,4,6,2,5,2,2,1,6,5,6,1,1,1,1,1,1,1,3,2,2,1,5,4,1,1,,,6,10,,,1,8,1,1,1,1,1,1,1,1,2,1,1,2,2,1,1,1,1,1,1,2,5,1,,7,,,b'\x11\xe8\xe1I\xea\xaeXv\x9a\xbe\x12\xdf\x17\xaeN\x1e'
11E8E149-EAAE-5876-9ABE-12DF17AE4E1E,2022-ncaa-d3-natl,ncaa,9,21,6,18,6,17,9,11,55,6,6,64,132,143,147,312,207,217,158,221,412,15,19,83,99,59,394,310,414,22,67,26,20,17,38,13,118,165,24,12,22,38,21,26,,,278,129,,,17,24,319,109,75,27,58,19,39,246,278,344,372,380,95,220,100,140,105,35,28,68,35,,64,,,21,258,239,351,62,213,338,59,272,323,139,239,294,253,377,259,160,349,387,65,82,62,281,246,271,120,20,377,67,298,38,139,82,36,69,24,240,106,212,49,,,193,400,,,17,408,44,31,20,32,31,46,45,72,106,121,120,67,73,35,57,20,124,60,28,133,100,96,,405,,,b'\x11\xe8\xe1I\xea\xaeXv\x9a\xbe\x12\xdf\x17\xaeN\x1e'
11E8E149-EAAE-5876-9ABE-12DF17AE4E1E,2023-ncaa-d3-conf-Liberty League,ncaa,1,1,1,1,3,2,1,3,1,1,1,2,7,8,4,9,2,2,4,2,4,2,2,1,1,1,9,9,7,3,3,2,1,2,2,1,1,4,2,1,1,1,1,1,,,5,4,,,1,3,7,6,2,1,4,1,2,8,8,3,3,3,2,4,3,4,4,1,3,1,1,,4,,,1,1,1,4,1,2,3,2,1,6,1,6,5,5,5,5,6,4,8,1,1,1,3,3,8,2,1,6,3,2,2,2,6,1,1,1,4,1,3,1,,,4,7,,,1,8,1,1,1,1,1,1,1,2,1,4,3,3,3,1,2,1,2,2,1,1,1,3,,6,,,b'\x11\xe8\xe1I\xea\xaeXv\x9a\xbe\x12\xdf\x17\xaeN\x1e'
11E8E149-EAAE-5876-9ABE-12DF17AE4E1E,2023-ncaa-d3-natl,ncaa,17,30,13,29,21,61,41,45,86,26,22,103,237,247,230,353,162,168,200,162,379,44,57,128,144,105,396,363,342,52,112,22,18,22,43,34,126,126,44,20,47,52,9,9,,,265,209,,,28,74,369,217,143,91,145,48,64,329,347,276,305,304,167,299,120,92,93,72,36,97,17,,94,,,35,98,95,264,24,92,233,31,185,262,72,260,183,198,141,196,181,245,303,29,27,26,274,266,245,99,18,340,112,233,43,92,131,83,86,43,131,66,274,103,,,203,347,,,28,348,85,15,31,11,11,33,16,56,80,125,64,75,77,23,33,30,130,67,34,174,54,174,,376,,,b'\x11\xe8\xe1I\xea\xaeXv\x9a\xbe\x12\xdf\x17\xaeN\x1e'
11E8E149-EAAE-5876-9ABE-12DF17AE4E1E,2024-ncaa-d3-conf-Liberty League,ncaa,3,3,1,3,1,1,1,3,1,1,1,1,4,7,2,9,3,2,7,2,7,3,2,1,1,1,10,10,7,3,3,5,5,4,3,1,7,5,4,3,1,1,5,5,,,7,6,,,3,1,5,1,1,1,5,1,1,6,9,4,3,3,4,5,3,7,4,2,5,1,6,,4,,,3,6,5,4,5,3,4,4,9,7,9,7,6,5,9,5,7,5,8,8,8,4,10,10,6,4,5,2,3,3,3,4,1,1,1,2,7,3,1,1,,,3,4,,,3,10,2,3,3,4,4,2,2,1,9,5,6,5,5,2,3,3,1,2,3,1,5,1,,4,,,b'\x11\xe8\xe1I\xea\xaeXv\x9a\xbe\x12\xdf\x17\xaeN\x1e'
11E8E149-EAAE-5876-9ABE-12DF17AE4E1E,2024-ncaa-d3-natl,ncaa,56,45,63,56,74,97,72,88,80,54,58,103,194,248,87,326,225,192,298,188,339,95,131,99,125,87,353,297,353,87,74,137,121,104,91,107,267,81,45,59,78,72,121,116,,,174,165,,,76,160,330,171,109,73,125,57,71,233,304,275,256,253,138,256,109,225,154,130,43,109,144,,112,,,79,154,156,215,112,136,189,103,285,277,268,286,160,139,300,129,142,195,231,143,141,121,301,335,177,160,121,187,74,172,91,112,82,136,136,90,158,129,120,51,,,183,242,,,76,260,65,116,71,83,91,92,77,100,226,198,105,90,79,68,80,98,96,76,71,194,113,86,,270,,,b'\x11\xe8\xe1I\xea\xaeXv\x9a\xbe\x12\xdf\x17\xaeN\x1e'
11E8E149-EAAE-5876-9ABE-12DF17AE4E1E,2025-ncaa-d3-conf-Liberty League,genius_ncaa,1,1,1,1,3,2,1,1,3,2,3,4,1,1,3,3,4,3,5,3,3,1,1,3,3,3,4,3,7,1,1,4,4,2,2,1,3,4,3,1,2,2,3,3,,,10,10,,4,2,3,6,6,2,1,2,3,5,1,1,4,5,5,2,2,1,8,2,1,3,2,3,,10,,4,2,3,2,3,2,4,4,2,3,2,5,3,10,9,10,10,9,3,8,2,4,2,6,4,10,3,4,5,1,3,2,2,2,2,2,1,7,4,5,5,,,3,5,,2,2,8,2,1,1,1,1,1,2,3,3,2,9,7,7,1,3,3,4,2,2,2,5,5,,5,,2,b'\x11\xe8\xe1I\xea\xaeXv\x9a\xbe\x12\xdf\x17\xaeN\x1e'
11E8E149-EAAE-5876-9ABE-12DF17AE4E1E,2025-ncaa-d3-natl,genius_ncaa,68,75,55,80,73,117,103,73,178,126,118,181,89,93,132,154,252,245,240,248,326,99,113,160,191,150,200,135,355,53,78,186,74,103,97,80,118,149,89,80,98,91,103,90,,,344,373,,220,105,148,307,178,161,126,98,165,177,106,128,310,315,321,126,205,57,294,153,89,92,127,115,,303,,188,108,184,116,115,176,112,190,81,194,71,385,81,362,309,389,321,321,142,222,185,251,168,339,199,376,67,74,304,78,200,97,124,159,89,76,80,252,206,276,218,,,214,303,,209,105,274,111,129,105,99,63,30,70,101,142,35,324,262,275,46,74,43,213,115,85,124,206,231,,303,,234,b'\x11\xe8\xe1I\xea\xaeXv\x9a\xbe\x12\xdf\x17\xaeN\x1e'
11E8E149-EAAE-5876-9ABE-12DF17AE4E1E,2026-ncaa-d3-conf-Liberty League,genius_ncaa,1,4,1,4,1,1,1,1,1,1,1,1,3,3,4,8,4,3,6,3,6,1,1,2,2,2,8,8,8,1,3,1,5,1,4,1,5,8,8,5,1,2,2,3,,,10,10,,1,2,1,6,1,2,2,5,2,3,6,8,8,7,7,5,4,4,6,5,2,7,2,3,,10,,1,2,8,7,9,2,8,8,7,1,9,1,4,10,10,2,10,10,9,9,2,2,2,3,1,10,9,5,9,3,9,4,5,1,1,2,1,8,8,9,6,,,2,7,,1,2,9,2,2,2,3,2,1,4,3,1,4,9,10,10,4,5,4,1,3,1,2,8,5,,6,,1,b'\x11\xe8\xe1I\xea\xaeXv\x9a\xbe\x12\xdf\x17\xaeN\x1e'
11E8E149-EAAE-5876-9ABE-12DF17AE4E1E,2026-ncaa-d3-natl,genius_ncaa,157,268,42,231,60,71,38,58,126,46,76,102,89,72,188,165,279,270,283,245,377,79,91,130,178,149,312,170,399,98,140,232,288,166,253,21,59,229,111,49,63,95,261,309,,,360,315,,37,196,97,290,104,165,97,115,110,163,148,145,384,383,363,174,248,187,393,353,40,96,122,324,,269,,31,200,334,357,266,392,383,267,410,142,263,46,171,292,356,64,358,321,287,305,375,355,311,30,34,181,260,288,270,140,274,253,269,63,78,133,156,320,256,354,286,,,234,386,,76,196,310,149,290,209,244,285,75,343,103,48,116,199,278,285,104,112,152,115,121,167,163,231,304,,387,,127,b'\x11\xe8\xe1I\xea\xaeXv\x9a\xbe\x12\xdf\x17\xaeN\x1e'
11E8E149-EAB3-2E3C-9ABE-12DF17AE4E1E,2018-ncaa-d3-conf-Great Northeast,ncaa,6,5,5,6,7,6,5,5,5,4,4,6,5,9,3,7,10,10,8,10,11,6,7,5,5,5,11,6,10,10,10,8,2,9,8,6,10,2,2,3,2,2,13,13,,,6,7,,,5,7,8,3,6,3,5,3,5,4,9,10,9,9,6,8,10,10,11,5,2,2,13,,6,,,5,5,6,3,10,6,3,10,5,4,10,8,4,3,2,3,5,1,6,10,8,7,4,7,2,1,2,8,10,5,8,2,2,3,3,3,1,1,3,4,,,8,8,,,5,7,5,3,5,5,6,2,6,3,6,4,4,3,3,2,5,2,7,6,4,2,1,4,,9,,,b'\x11\xe8\xe1I\xea\xb3.<\x9a\xbe\x12\xdf\x17\xaeN\x1e'
11E8E149-EAB3-2E3C-9ABE-12DF17AE4E1E,2018-ncaa-d3-natl,ncaa,151,138,197,155,251,201,174,153,203,150,130,215,235,236,225,263,311,318,219,311,385,175,229,213,236,193,329,251,368,287,370,224,59,262,280,220,312,87,85,154,152,139,418,416,,,186,202,,,178,198,137,263,192,131,97,117,96,222,230,336,346,338,123,195,300,201,270,215,98,142,426,,195,,,177,148,227,141,310,280,173,361,117,172,93,228,82,97,121,96,121,114,181,298,256,185,73,134,90,48,59,381,370,238,280,86,44,122,88,81,14,6,167,122,,,252,276,,,178,253,226,135,179,173,241,163,286,191,131,182,83,98,97,127,203,53,381,262,110,109,12,173,,277,,,b'\x11\xe8\xe1I\xea\xb3.<\x9a\xbe\x12\xdf\x17\xaeN\x1e'
11E8E149-EAB3-2E3C-9ABE-12DF17AE4E1E,2019-ncaa-d3-conf-Great Northeast,ncaa,8,8,5,8,6,5,5,5,7,6,4,9,3,7,2,8,10,11,2,11,11,6,5,6,6,5,5,3,10,7,9,7,9,7,10,5,7,8,7,5,9,9,12,12,,,10,11,,,9,6,8,5,6,5,6,7,5,3,7,10,11,12,6,7,9,7,8,4,5,9,12,,9,,,9,11,10,8,9,9,8,7,9,5,12,4,11,11,9,11,10,10,9,9,10,11,8,8,10,9,9,10,9,8,10,7,5,10,11,9,5,6,3,4,,,9,11,,,9,8,5,11,8,11,9,10,9,11,10,5,12,11,11,10,8,9,8,9,6,11,5,5,,12,,,b'\x11\xe8\xe1I\xea\xb3.<\x9a\xbe\x12\xdf\x17\xaeN\x1e'
11E8E149-EAB3-2E3C-9ABE-12DF17AE4E1E,2019-ncaa-d3-natl,ncaa,375,382,317,383,335,329,287,279,301,293,226,354,211,287,100,235,398,425,29,424,438,332,348,294,307,290,245,140,403,382,403,332,368,365,403,325,343,133,230,280,335,330,365,377,,,291,356,,,384,328,214,177,316,259,152,263,149,185,254,408,433,433,270,286,368,302,364,319,193,316,365,,366,,,383,319,284,175,348,282,211,310,251,163,364,164,356,339,316,329,327,193,147,341,363,392,251,188,308,318,368,291,403,315,403,238,162,347,351,337,86,144,116,113,,,398,397,,,384,111,320,406,382,377,342,306,327,306,300,224,392,381,374,348,284,360,369,370,285,321,127,142,,415,,,b'\x11\xe8\xe1I\xea\xb3.<\x9a\xbe\x12\xdf\x17\xaeN\x1e'
11E8E149-EAB3-2E3C-9ABE-12DF17AE4E1E,2020-ncaa-d3-conf-Great Northeast,ncaa,7,7,5,7,5,7,7,6,7,7,7,7,5,7,2,7,9,10,3,10,11,7,9,5,5,8,6,6,10,10,9,7,7,8,8,7,7,7,8,9,10,10,5,8,,,2,3,,,7,6,10,2,8,7,9,7,7,7,8,9,12,12,10,11,10,5,9,7,7,10,6,,1,,,7,6,10,7,8,10,11,6,3,1,12,1,2,2,8,2,1,7,5,8,8,8,2,3,3,7,7,7,9,5,8,2,1,10,11,5,6,9,3,3,,,10,11,,,7,6,8,8,7,7,7,8,9,11,4,1,2,2,2,8,4,6,6,6,3,12,8,2,,12,,,b'\x11\xe8\xe1I\xea\xb3.<\x9a\xbe\x12\xdf\x17\xaeN\x1e'
11E8E149-EAB3-2E3C-9ABE-12DF17AE4E1E,2020-ncaa-d3-natl,ncaa,202,218,126,211,129,243,197,132,268,137,71,285,307,287,299,323,341,337,298,339,415,159,151,310,328,313,375,316,374,160,270,60,188,88,233,250,336,258,228,285,323,360,202,269,,,159,115,,,277,145,229,18,288,229,131,148,72,319,314,377,372,373,176,177,176,39,80,281,239,358,214,,131,,,270,241,311,363,152,370,419,107,82,73,203,22,160,160,209,171,57,352,300,108,102,173,29,56,142,306,188,398,270,374,233,59,8,284,344,139,194,170,10,2,,,282,359,,,277,281,312,198,276,206,262,330,330,417,65,53,145,143,149,308,249,282,360,336,53,324,171,6,,348,,,b'\x11\xe8\xe1I\xea\xb3.<\x9a\xbe\x12\xdf\x17\xaeN\x1e'
11E8E149-EAB3-2E3C-9ABE-12DF17AE4E1E,2022-ncaa-d3-conf-Great Northeast,ncaa,12,13,8,12,8,12,11,10,11,10,10,10,10,8,11,8,12,12,12,12,11,11,10,11,11,12,9,7,13,10,12,8,8,9,9,8,3,12,12,11,9,9,2,3,,,10,13,,,10,10,11,7,12,12,11,10,10,10,9,12,12,12,12,13,11,6,8,9,12,9,3,,13,,,10,7,3,5,4,4,7,4,5,6,5,4,10,11,9,11,12,7,5,4,5,5,11,4,13,10,8,8,12,9,9,4,5,9,10,7,7,10,6,7,,,12,11,,,10,4,12,6,10,6,6,6,6,5,5,6,11,11,11,6,4,9,9,9,3,10,8,6,,13,,,b'\x11\xe8\xe1I\xea\xb3.<\x9a\xbe\x12\xdf\x17\xaeN\x1e'
11E8E149-EAB3-2E3C-9ABE-12DF17AE4E1E,2022-ncaa-d3-natl,ncaa,393,410,250,403,278,379,349,315,364,312,254,367,337,318,352,260,410,379,427,379,396,335,279,372,397,400,354,243,419,283,316,225,308,258,314,256,57,394,395,350,271,297,156,179,,,244,272,,,370,266,169,241,403,379,332,338,240,340,301,421,402,403,374,216,279,153,224,259,399,271,129,,315,,,363,158,150,209,115,211,273,120,60,120,48,82,294,329,95,322,291,221,188,82,98,137,146,50,339,328,308,272,316,295,314,163,176,254,283,216,304,330,212,249,,,364,388,,,370,162,400,176,364,195,187,291,249,339,61,119,328,357,354,314,292,341,338,338,178,236,314,243,,387,,,b'\x11\xe8\xe1I\xea\xb3.<\x9a\xbe\x12\xdf\x17\xaeN\x1e'
11E8E149-EAB3-2E3C-9ABE-12DF17AE4E1E,2023-ncaa-d3-conf-Great Northeast,ncaa,7,9,1,8,4,7,8,8,8,7,6,10,8,10,5,9,9,10,4,10,10,8,6,7,9,9,7,7,8,11,13,2,7,5,10,5,3,11,10,9,9,9,1,2,,,13,10,,,7,3,6,13,10,9,10,9,7,9,11,11,13,13,10,9,13,2,8,5,10,9,1,,11,,,7,8,7,12,1,6,10,1,7,12,4,7,12,12,10,12,11,13,12,1,1,5,12,9,12,12,7,11,13,12,10,7,7,9,10,8,12,10,4,5,,,12,12,,,7,11,11,6,7,6,4,10,4,9,6,9,12,12,12,11,9,9,10,9,3,9,9,3,,13,,,b'\x11\xe8\xe1I\xea\xb3.<\x9a\xbe\x12\xdf\x17\xaeN\x1e'
11E8E149-EAB3-2E3C-9ABE-12DF17AE4E1E,2023-ncaa-d3-natl,ncaa,270,269,271,276,312,314,290,302,265,258,204,326,309,347,121,327,327,364,127,361,392,321,288,285,293,324,299,257,284,391,405,150,303,291,348,197,30,331,366,268,279,309,29,23,,,332,331,,,291,225,104,288,318,288,275,244,146,294,341,338,373,371,312,211,401,52,241,145,351,260,13,,380,,,289,130,109,244,42,140,270,52,95,178,45,134,329,325,219,329,299,266,250,34,52,82,240,110,375,345,303,282,405,330,348,182,277,193,235,188,306,332,77,81,,,360,383,,,291,215,349,125,285,209,166,329,204,351,128,209,365,365,371,351,347,361,345,362,225,155,328,96,,378,,,b'\x11\xe8\xe1I\xea\xb3.<\x9a\xbe\x12\xdf\x17\xaeN\x1e'
11E8E149-EAB3-2E3C-9ABE-12DF17AE4E1E,2024-ncaa-d3-conf-Great Northeast,ncaa,9,9,8,9,9,9,9,8,9,8,6,11,7,8,4,8,14,15,3,15,15,9,9,9,9,9,9,7,14,7,7,3,2,4,7,7,7,9,10,8,13,13,4,3,,,12,11,,,8,9,7,3,8,7,5,8,5,7,7,14,15,15,8,4,4,1,1,7,9,13,3,,13,,,8,9,3,11,3,3,5,3,14,14,11,13,11,11,10,11,11,11,6,4,6,9,14,14,13,4,2,8,7,8,7,9,10,13,14,14,9,10,11,11,,,15,15,,,8,7,9,8,8,10,5,13,3,6,14,14,13,13,13,14,5,7,8,7,9,13,10,13,,15,,,b'\x11\xe8\xe1I\xea\xb3.<\x9a\xbe\x12\xdf\x17\xaeN\x1e'
11E8E149-EAB3-2E3C-9ABE-12DF17AE4E1E,2024-ncaa-d3-natl,ncaa,271,275,296,284,322,243,225,154,288,221,177,286,206,174,260,187,317,357,88,360,389,200,161,283,295,312,250,186,327,156,181,109,167,122,162,190,130,317,292,254,291,309,148,141,,,349,366,,,223,171,49,214,216,185,48,181,95,192,134,311,356,358,85,47,90,19,30,143,338,260,128,,401,,,223,150,91,196,47,48,155,27,313,308,251,304,343,364,181,358,370,238,242,70,94,107,410,364,383,241,167,288,181,269,162,227,374,186,201,216,234,209,159,143,,,358,406,,,223,245,295,118,223,226,141,313,86,210,348,355,385,390,385,356,350,283,338,320,269,129,269,198,,359,,,b'\x11\xe8\xe1I\xea\xb3.<\x9a\xbe\x12\xdf\x17\xaeN\x1e'
11E8E149-EAB3-2E3C-9ABE-12DF17AE4E1E,2025-ncaa-d3-conf-Great Northeast,genius_ncaa,1,1,3,1,6,1,2,1,3,4,9,2,1,1,4,1,6,11,5,10,9,1,1,2,4,3,2,1,14,5,9,2,3,1,6,3,8,3,2,2,3,6,2,3,,,13,10,,5,1,3,3,12,1,1,1,7,12,1,1,11,13,13,1,1,5,1,1,3,2,6,2,,11,,5,1,9,8,11,2,7,13,1,8,7,6,4,11,12,7,12,8,11,11,1,1,2,9,6,10,10,3,11,9,11,6,3,3,9,12,4,1,1,14,15,,,13,14,,8,1,13,1,4,2,6,4,11,6,11,6,7,9,9,9,10,10,7,11,11,3,10,1,14,,14,,8,b'\x11\xe8\xe1I\xea\xb3.<\x9a\xbe\x12\xdf\x17\xaeN\x1e'
11E8E149-EAB3-2E3C-9ABE-12DF17AE4E1E,2025-ncaa-d3-natl,genius_ncaa,82,4,397,12,403,169,176,265,85,296,381,56,17,41,39,8,312,357,110,360,197,287,366,36,44,19,20,10,381,256,169,238,106,250,113,189,227,2,7,15,299,215,215,189,,,96,216,,63,42,379,22,388,3,5,8,116,216,1,1,149,200,202,8,24,64,4,6,30,63,133,126,,342,,95,11,19,17,35,28,32,101,26,21,25,46,72,149,148,148,139,225,40,32,22,28,57,172,82,349,83,106,58,169,51,113,12,103,339,246,120,1,3,205,350,,,397,404,,309,42,38,19,62,21,206,176,369,225,389,99,192,346,357,354,381,372,287,358,333,120,140,11,361,,325,,271,b'\x11\xe8\xe1I\xea\xb3.<\x9a\xbe\x12\xdf\x17\xaeN\x1e'
11E8E149-EAB3-2E3C-9ABE-12DF17AE4E1E,2026-ncaa-d3-conf-CNE,genius_ncaa,1,1,1,1,1,1,1,2,4,1,3,3,1,1,4,2,2,2,7,2,1,3,3,3,3,2,2,4,6,4,6,1,5,2,5,1,8,6,3,3,4,7,2,4,,,8,5,,10,1,2,3,1,1,3,4,4,7,2,1,2,2,2,4,4,7,1,2,5,3,7,3,,7,,7,3,7,7,9,3,6,9,2,10,9,8,6,7,10,4,11,6,10,9,5,5,4,9,8,7,9,5,8,6,9,5,8,9,4,8,9,6,4,11,11,,,3,4,,2,1,9,2,4,3,5,5,9,3,9,8,8,6,8,9,10,8,8,7,8,8,6,4,11,,3,,2,b'\x11\xe8\xe1I\xea\xb3.<\x9a\xbe\x12\xdf\x17\xaeN\x1e'
11E8E149-EAB3-2E3C-9ABE-12DF17AE4E1E,2026-ncaa-d3-natl,genius_ncaa,13,68,42,64,64,20,55,30,250,119,128,200,13,6,214,33,16,30,54,32,52,27,47,207,171,117,37,75,87,63,259,18,115,21,202,92,292,207,35,118,227,351,7,36,,,393,342,,347,113,46,84,113,52,132,44,231,275,34,9,33,56,59,39,92,137,24,37,202,69,332,20,,374,,299,127,347,320,363,131,316,380,95,301,302,267,108,384,389,200,390,286,376,368,132,153,209,269,179,328,316,115,396,259,380,202,248,81,128,285,187,59,6,414,415,,,41,135,,98,113,369,108,193,141,258,217,291,210,310,222,172,342,351,354,321,289,216,373,343,135,255,8,415,,83,,148,b'\x11\xe8\xe1I\xea\xb3.<\x9a\xbe\x12\xdf\x17\xaeN\x1e'
11E8E149-EAB8-0902-9ABE-12DF17AE4E1E,2018-ncaa-d3-conf-OAC,ncaa,7,7,5,7,5,7,7,6,7,5,6,7,7,6,7,5,5,2,10,2,3,4,3,6,7,7,6,8,5,6,7,10,10,9,8,6,6,10,9,8,3,4,6,7,,,8,7,,,9,2,3,2,6,6,6,5,6,7,6,4,2,2,4,2,5,9,8,6,9,2,6,,8,,,9,9,8,6,9,9,5,9,7,4,9,3,9,8,5,8,10,8,9,9,9,8,7,5,7,10,10,6,7,6,8,8,5,2,3,4,10,9,6,6,,,2,1,,,9,9,8,8,9,9,9,7,8,6,7,4,10,10,10,7,10,9,8,8,8,2,9,7,,2,,,b'\x11\xe8\xe1I\xea\xb8\t\x02\x9a\xbe\x12\xdf\x17\xaeN\x1e'
11E8E149-EAB8-0902-9ABE-12DF17AE4E1E,2018-ncaa-d3-natl,ncaa,299,349,123,324,124,178,191,234,148,173,235,115,221,218,224,230,121,70,309,71,51,194,149,152,160,207,222,259,131,270,311,289,331,294,339,225,294,352,326,303,159,195,220,233,,,388,372,,,341,131,171,9,200,225,315,195,288,231,241,121,81,76,251,192,316,373,378,264,324,171,225,,390,,,331,426,390,265,405,351,239,379,389,294,427,234,428,412,389,414,407,326,327,408,424,403,359,276,361,306,331,252,311,269,339,319,140,136,184,223,354,320,268,288,,,51,29,,,341,321,238,394,327,397,341,215,305,196,369,264,424,412,413,282,301,267,212,230,279,153,323,253,,34,,,b'\x11\xe8\xe1I\xea\xb8\t\x02\x9a\xbe\x12\xdf\x17\xaeN\x1e'
11E8E149-EAB8-0902-9ABE-12DF17AE4E1E,2019-ncaa-d3-conf-OAC,ncaa,1,1,1,1,2,1,1,1,3,1,1,4,3,4,2,7,6,3,10,3,5,1,1,4,5,6,8,4,8,1,1,5,9,1,6,2,3,10,5,4,1,1,1,1,,,5,3,,,1,1,5,9,4,2,6,2,4,3,6,7,7,5,5,2,2,7,6,3,8,1,1,,3,,,1,4,7,9,2,8,9,6,4,8,1,6,3,4,2,4,3,8,10,2,1,1,2,3,3,10,9,9,1,10,6,7,6,1,1,2,9,9,2,1,,,3,5,,,1,10,5,1,1,1,3,5,6,4,2,4,2,3,3,5,6,9,5,7,4,1,9,2,,5,,,b'\x11\xe8\xe1I\xea\xb8\t\x02\x9a\xbe\x12\xdf\x17\xaeN\x1e'
11E8E149-EAB8-0902-9ABE-12DF17AE4E1E,2019-ncaa-d3-natl,ncaa,38,72,20,68,30,44,37,29,108,57,63,145,39,58,46,181,172,87,380,79,221,27,27,88,132,120,203,123,375,46,143,112,306,65,247,76,268,323,138,138,50,100,39,44,,,412,288,,,91,27,188,226,89,72,93,136,171,82,134,280,200,190,101,138,104,318,216,137,169,99,56,,302,,,98,375,349,380,182,332,333,229,297,362,120,265,368,379,217,378,308,395,420,187,195,116,245,201,290,398,306,399,143,410,247,227,95,31,61,53,327,183,287,175,,,59,210,,,91,417,105,138,102,154,149,126,162,127,168,219,248,252,255,136,252,279,248,268,103,66,204,190,,162,,,b'\x11\xe8\xe1I\xea\xb8\t\x02\x9a\xbe\x12\xdf\x17\xaeN\x1e'
11E8E149-EAB8-0902-9ABE-12DF17AE4E1E,2020-ncaa-d3-conf-OAC,ncaa,2,2,1,2,2,2,1,3,1,1,1,1,6,7,4,7,5,4,10,4,5,2,1,2,2,3,9,8,7,2,1,1,4,1,1,3,7,9,7,7,5,7,1,1,,,7,4,,,2,3,6,9,4,2,5,1,4,7,7,6,6,6,6,5,2,1,1,5,8,8,1,,3,,,2,4,5,9,1,4,9,1,4,8,2,8,3,3,2,3,1,8,10,1,1,1,5,8,3,9,4,2,1,4,1,2,1,3,6,2,10,9,1,1,,,3,5,,,2,10,2,2,2,3,3,7,2,5,2,7,2,2,2,5,5,7,1,4,2,5,9,1,,5,,,b'\x11\xe8\xe1I\xea\xb8\t\x02\x9a\xbe\x12\xdf\x17\xaeN\x1e'
11E8E149-EAB8-0902-9ABE-12DF17AE4E1E,2020-ncaa-d3-natl,ncaa,24,31,26,31,63,49,32,82,18,25,56,23,174,234,104,316,145,96,345,90,236,71,75,32,49,55,363,312,345,56,24,29,162,27,21,81,279,271,171,125,157,217,7,5,,,245,149,,,23,87,300,422,85,45,217,36,132,233,312,224,169,166,207,232,88,54,53,129,172,238,8,,127,,,25,125,177,383,26,171,365,33,214,337,38,267,73,94,71,97,52,368,369,22,17,24,167,283,97,334,162,66,24,165,21,49,26,142,217,43,390,338,148,77,,,60,129,,,23,358,36,34,20,30,69,226,85,222,128,234,24,40,40,178,152,244,13,50,18,229,331,92,,145,,,b'\x11\xe8\xe1I\xea\xb8\t\x02\x9a\xbe\x12\xdf\x17\xaeN\x1e'
11E8E149-EAB8-0902-9ABE-12DF17AE4E1E,2021-ncaa-d3-conf-OAC,ncaa,1,1,1,1,2,1,1,3,1,1,2,1,4,5,4,6,5,5,5,5,9,4,3,1,1,1,10,6,10,6,2,1,5,1,1,1,4,9,7,2,1,2,1,1,,,8,4,,,1,1,7,4,4,1,7,1,5,5,8,7,8,8,7,8,7,1,3,1,8,2,1,,4,,,1,3,2,10,1,2,7,1,8,8,2,6,6,7,2,7,5,10,10,1,1,1,8,7,7,9,5,2,2,4,1,2,1,1,4,1,9,9,2,1,,,4,7,,,1,10,1,1,1,2,1,4,1,4,3,4,4,5,5,4,4,7,1,1,1,3,9,1,,8,,,b'\x11\xe8\xe1I\xea\xb8\t\x02\x9a\xbe\x12\xdf\x17\xaeN\x1e'
11E8E149-EAB8-0902-9ABE-12DF17AE4E1E,2021-ncaa-d3-natl,ncaa,8,58,23,39,25,18,16,30,10,13,25,11,34,53,47,163,46,46,93,45,187,34,28,14,15,22,212,161,226,34,51,24,125,23,40,22,158,256,157,90,28,89,2,3,,,255,159,,,17,29,164,65,43,27,136,27,116,95,166,152,178,177,147,144,130,57,77,60,148,91,2,,156,,,35,235,230,259,40,219,253,29,252,251,141,159,248,247,128,250,161,259,258,41,46,53,234,212,200,260,125,211,51,234,40,158,11,40,130,31,267,222,152,38,,,35,151,,,17,257,32,60,37,70,52,140,47,129,159,158,147,154,157,145,150,174,15,48,14,125,222,36,,158,,,b'\x11\xe8\xe1I\xea\xb8\t\x02\x9a\xbe\x12\xdf\x17\xaeN\x1e'
11E8E149-EAB8-0902-9ABE-12DF17AE4E1E,2022-ncaa-d3-conf-OAC,ncaa,2,2,1,2,2,1,1,1,1,1,1,2,4,5,2,9,4,5,5,5,10,1,1,1,2,2,10,9,10,3,3,1,6,1,3,1,4,9,4,1,2,6,1,1,,,10,5,,,2,1,1,6,1,1,2,1,1,6,8,6,7,7,2,2,3,1,2,1,7,4,1,,7,,,2,7,5,10,2,5,9,1,6,8,5,5,6,8,1,8,4,10,10,2,1,2,6,6,7,10,6,4,3,8,3,4,4,1,5,3,10,8,1,1,,,2,7,,,2,10,2,2,2,3,3,7,3,9,5,6,4,6,7,8,9,6,3,3,3,4,9,1,,2,,,b'\x11\xe8\xe1I\xea\xb8\t\x02\x9a\xbe\x12\xdf\x17\xaeN\x1e'
11E8E149-EAB8-0902-9ABE-12DF17AE4E1E,2022-ncaa-d3-natl,ncaa,18,39,13,32,30,12,11,21,17,8,12,30,134,167,115,316,55,107,28,116,353,23,20,38,38,40,367,324,309,69,94,26,139,29,65,35,264,323,130,94,70,171,1,4,,,365,161,,,32,16,114,394,32,16,81,12,51,226,281,152,248,258,94,126,183,85,121,70,168,157,3,,189,,,37,356,338,417,66,302,406,45,360,367,233,212,312,310,282,312,134,413,412,74,79,82,285,290,220,341,139,272,94,305,65,178,35,49,178,59,404,303,312,136,,,40,223,,,32,414,45,83,44,131,133,280,123,265,227,227,170,156,158,246,269,188,62,96,50,155,309,217,,178,,,b'\x11\xe8\xe1I\xea\xb8\t\x02\x9a\xbe\x12\xdf\x17\xaeN\x1e'
11E8E149-EAB8-0902-9ABE-12DF17AE4E1E,2023-ncaa-d3-conf-OAC,ncaa,5,5,5,5,5,5,4,2,7,5,3,9,7,8,4,9,2,2,9,2,5,2,2,7,7,7,6,7,4,2,2,6,6,3,3,6,8,6,3,7,5,5,10,10,,,9,8,,,7,4,1,7,4,4,2,4,1,7,9,3,2,2,2,1,2,10,3,6,6,5,10,,9,,,7,10,10,8,10,9,8,9,6,4,8,3,9,9,5,9,7,9,9,10,10,10,3,4,8,6,6,3,2,3,3,7,3,6,6,6,8,4,3,2,,,4,5,,,7,7,6,8,7,10,10,8,10,9,6,4,9,9,9,10,10,5,3,4,7,5,7,3,,4,,,b'\x11\xe8\xe1I\xea\xb8\t\x02\x9a\xbe\x12\xdf\x17\xaeN\x1e'
11E8E149-EAB8-0902-9ABE-12DF17AE4E1E,2023-ncaa-d3-natl,ncaa,188,247,63,218,85,162,168,88,281,149,67,315,213,219,222,313,133,78,317,79,212,79,91,300,298,263,273,288,158,66,87,183,188,119,151,277,380,195,116,265,195,256,262,298,,,368,357,,,290,106,243,201,235,229,133,188,86,269,289,176,118,121,125,179,91,321,199,326,137,258,303,,330,,,280,384,364,318,317,328,315,239,370,262,419,201,337,354,189,347,283,342,306,331,339,361,295,297,227,218,188,254,87,239,151,215,66,220,299,227,299,240,186,90,,,109,191,,,290,321,227,325,284,296,277,202,240,202,321,189,293,301,296,220,172,152,149,141,154,309,243,135,,171,,,b'\x11\xe8\xe1I\xea\xb8\t\x02\x9a\xbe\x12\xdf\x17\xaeN\x1e'
11E8E149-EAB8-0902-9ABE-12DF17AE4E1E,2024-ncaa-d3-conf-OAC,ncaa,5,5,4,5,4,5,5,5,7,3,3,7,9,10,7,10,3,2,5,3,6,4,5,8,7,7,10,10,2,5,4,5,7,5,5,5,3,3,4,4,6,6,7,9,,,9,9,,,6,5,4,5,6,7,5,2,1,10,10,2,2,2,4,4,4,6,5,6,4,6,8,,9,,,6,7,7,7,6,9,8,6,3,6,3,4,9,9,9,9,7,7,8,5,5,5,2,2,9,8,7,3,4,6,5,7,3,7,7,6,9,8,8,3,,,4,5,,,6,7,6,7,5,7,7,9,9,9,2,3,9,9,9,9,9,8,3,6,4,7,9,8,,5,,,b'\x11\xe8\xe1I\xea\xb8\t\x02\x9a\xbe\x12\xdf\x17\xaeN\x1e'
11E8E149-EAB8-0902-9ABE-12DF17AE4E1E,2024-ncaa-d3-natl,ncaa,184,206,112,192,164,169,178,156,194,153,130,219,228,244,195,295,96,125,105,125,183,147,187,215,190,157,243,287,110,156,118,212,273,184,177,245,353,121,103,193,245,278,273,299,,,211,194,,,220,206,266,204,202,212,185,170,140,251,270,100,136,135,166,247,165,277,221,280,101,277,292,,177,,,220,299,290,302,204,285,249,267,263,345,108,297,261,212,382,224,192,290,249,205,223,289,225,220,210,278,273,147,118,199,177,158,40,298,333,237,209,193,228,189,,,222,255,,,220,235,146,291,214,247,251,283,247,206,243,316,244,185,190,264,198,247,111,158,136,340,179,216,,275,,,b'\x11\xe8\xe1I\xea\xb8\t\x02\x9a\xbe\x12\xdf\x17\xaeN\x1e'
11E8E149-EAB8-0902-9ABE-12DF17AE4E1E,2025-ncaa-d3-conf-OAC,genius_ncaa,4,3,5,4,5,4,6,6,3,6,4,7,3,5,2,6,4,4,5,3,4,5,5,3,3,3,2,2,7,4,3,5,4,4,3,3,2,3,4,3,2,3,7,7,,,1,1,,2,4,4,5,7,4,4,4,7,5,2,5,4,4,3,3,5,4,6,5,2,5,3,7,,1,,4,4,4,5,7,6,7,7,6,6,9,4,9,1,1,3,1,1,3,4,5,4,3,3,6,1,3,4,3,3,4,3,6,6,4,4,6,4,5,8,8,,,3,3,,10,4,7,3,3,4,4,6,6,7,5,6,8,1,1,1,4,5,4,2,3,6,3,6,8,,3,,10,b'\x11\xe8\xe1I\xea\xb8\t\x02\x9a\xbe\x12\xdf\x17\xaeN\x1e'
11E8E149-EAB8-0902-9ABE-12DF17AE4E1E,2025-ncaa-d3-natl,genius_ncaa,68,56,116,67,139,104,138,148,129,201,211,185,53,106,24,140,62,58,174,60,62,131,162,88,85,74,54,80,144,153,108,278,113,231,111,97,103,99,78,72,105,89,297,284,,,92,82,,309,92,164,231,154,77,131,150,227,242,48,118,64,73,74,117,201,178,343,273,86,84,107,311,,45,,305,85,178,228,181,249,190,115,303,284,319,167,355,87,94,186,95,137,150,180,269,234,200,200,310,91,66,113,104,108,67,111,164,130,140,125,145,135,117,384,372,,,53,30,,190,92,240,76,154,91,143,178,133,161,75,253,289,66,66,66,103,115,64,77,48,142,158,119,369,,36,,211,b'\x11\xe8\xe1I\xea\xb8\t\x02\x9a\xbe\x12\xdf\x17\xaeN\x1e'
11E8E149-EAB8-0902-9ABE-12DF17AE4E1E,2026-ncaa-d3-conf-NCAC,genius_ncaa,5,5,1,5,1,3,2,1,5,3,5,3,2,2,4,2,8,7,8,7,6,2,5,3,5,4,4,3,8,7,8,8,7,8,8,2,5,1,2,2,4,4,7,7,,,1,1,,3,5,2,5,1,3,2,1,3,5,2,2,8,7,7,2,5,7,8,8,2,1,4,7,,1,,3,5,7,8,3,8,8,7,8,1,1,4,1,3,3,6,3,2,3,1,8,7,8,1,2,3,3,7,6,8,5,8,1,1,6,4,1,2,2,1,1,,,5,5,,7,5,1,4,8,6,7,8,3,8,7,1,1,3,3,3,3,1,3,6,5,1,6,2,1,,5,,7,b'\x11\xe8\xe1I\xea\xb8\t\x02\x9a\xbe\x12\xdf\x17\xaeN\x1e'
11E8E149-EAB8-0902-9ABE-12DF17AE4E1E,2026-ncaa-d3-natl,genius_ncaa,54,21,215,41,249,164,146,233,50,234,334,35,24,68,33,13,338,353,169,353,298,258,298,16,31,17,63,5,403,211,41,303,41,288,26,162,256,57,52,47,233,122,377,381,,,78,137,,370,42,307,345,113,46,47,114,186,347,7,19,348,369,371,174,303,159,297,253,95,47,188,390,,59,,397,32,88,123,102,223,124,115,191,162,103,309,215,21,27,81,40,42,87,83,237,165,173,131,300,25,39,41,51,41,45,26,25,3,302,200,47,46,48,276,381,,,309,299,,262,42,102,15,119,27,64,135,97,134,134,199,113,10,14,21,50,29,21,17,9,6,297,41,335,,324,,271,b'\x11\xe8\xe1I\xea\xb8\t\x02\x9a\xbe\x12\xdf\x17\xaeN\x1e'
11E8E149-EABC-D270-9ABE-12DF17AE4E1E,2018-ncaa-d3-conf-CUNYAC,ncaa,8,8,7,8,7,9,9,9,9,9,9,9,7,5,9,4,8,8,5,8,2,9,9,9,9,9,2,4,1,9,9,8,9,9,9,9,8,7,8,9,9,9,7,7,,,1,1,,,8,9,9,7,9,9,9,9,9,7,5,8,8,8,9,9,9,8,9,9,7,9,7,,1,,,8,7,8,8,8,8,9,8,7,6,7,6,1,1,8,1,1,6,1,8,8,8,1,6,1,8,9,7,9,8,9,9,9,9,9,9,8,9,5,8,,,8,4,,,8,1,9,8,9,7,8,8,8,9,7,7,1,1,1,8,4,9,9,9,9,9,8,5,,8,,,b'\x11\xe8\xe1I\xea\xbc\xd2p\x9a\xbe\x12\xdf\x17\xaeN\x1e'
11E8E149-EABC-D270-9ABE-12DF17AE4E1E,2018-ncaa-d3-natl,ncaa,426,437,197,428,264,426,430,358,442,435,361,442,367,210,428,111,358,318,383,312,193,361,216,439,438,438,37,123,20,308,411,269,425,297,428,422,273,438,434,438,415,437,415,434,,,17,3,,,440,173,100,303,440,440,405,443,392,378,194,377,346,341,409,177,326,273,323,437,433,430,423,,3,,,440,437,441,439,408,437,420,404,413,382,366,272,29,32,42,33,6,416,348,401,355,404,36,304,4,438,425,425,411,439,428,442,429,359,431,442,442,439,35,85,,,283,319,,,440,279,438,430,440,428,437,439,432,427,416,397,18,26,29,427,402,428,426,432,438,381,439,33,,311,,,b'\x11\xe8\xe1I\xea\xbc\xd2p\x9a\xbe\x12\xdf\x17\xaeN\x1e'
11E8E149-EABC-D270-9ABE-12DF17AE4E1E,2019-ncaa-d3-conf-CUNYAC,ncaa,5,5,5,5,5,5,6,4,6,4,4,6,7,7,6,9,3,2,6,2,3,4,4,6,6,6,9,8,2,5,6,4,4,5,6,6,8,7,6,6,5,5,6,6,,,7,6,,,5,2,2,4,5,6,4,4,2,7,8,2,2,2,4,3,6,2,4,6,6,5,5,,6,,,5,7,7,8,6,9,7,7,4,9,1,7,7,7,3,7,6,9,9,6,6,6,1,2,5,6,4,8,6,8,6,8,6,5,6,6,6,4,6,6,,,3,3,,,5,7,6,5,5,6,6,7,6,6,5,8,7,8,6,7,7,5,7,6,7,5,6,8,,2,,,b'\x11\xe8\xe1I\xea\xbc\xd2p\x9a\xbe\x12\xdf\x17\xaeN\x1e'
11E8E149-EABC-D270-9ABE-12DF17AE4E1E,2019-ncaa-d3-natl,ncaa,206,244,129,232,192,224,210,63,358,128,27,370,382,347,400,404,131,51,395,45,214,58,24,393,390,402,381,406,98,48,170,66,333,41,269,287,374,438,385,407,66,138,173,269,,,327,98,,,343,19,3,295,263,238,50,125,17,400,368,139,42,38,36,9,44,28,24,341,428,55,182,,302,,,337,395,418,429,188,423,422,265,168,341,17,166,209,302,25,299,119,431,430,150,107,104,41,79,108,426,333,428,170,431,269,411,310,60,150,214,427,360,366,222,,,78,286,,,343,424,393,147,324,347,382,422,404,414,152,320,187,272,267,422,435,414,408,419,382,46,410,353,,61,,,b'\x11\xe8\xe1I\xea\xbc\xd2p\x9a\xbe\x12\xdf\x17\xaeN\x1e'
11E8E149-EABC-D270-9ABE-12DF17AE4E1E,2020-ncaa-d3-conf-CUNYAC,ncaa,3,3,1,3,1,1,2,1,3,1,1,2,4,4,5,4,1,1,1,1,1,1,1,3,3,3,4,5,2,2,3,2,3,3,3,3,5,4,3,3,1,1,5,5,,,7,7,,,3,1,1,1,1,2,1,1,1,4,4,1,1,1,1,1,2,2,3,3,4,1,5,,7,,,3,5,5,5,4,5,7,4,2,3,3,2,6,6,3,6,5,5,8,4,4,2,2,1,6,3,3,7,3,6,3,4,1,1,2,2,3,3,7,5,,,1,2,,,3,8,3,2,3,4,4,4,4,5,2,2,4,4,4,4,6,2,4,4,3,1,3,6,,1,,,b'\x11\xe8\xe1I\xea\xbc\xd2p\x9a\xbe\x12\xdf\x17\xaeN\x1e'
11E8E149-EABC-D270-9ABE-12DF17AE4E1E,2020-ncaa-d3-natl,ncaa,170,163,198,177,319,56,68,49,158,41,33,150,238,214,284,329,19,9,236,9,84,32,27,188,174,166,302,367,68,66,124,53,246,47,172,72,152,317,159,151,19,31,273,346,,,274,99,,,65,28,4,418,11,21,14,14,14,235,214,8,5,5,8,9,43,16,13,28,332,15,274,,308,,,53,250,333,394,143,396,426,161,56,142,22,53,118,216,9,216,74,393,420,95,50,27,14,29,95,368,246,383,124,384,172,273,172,23,56,64,222,110,148,60,,,44,176,,,65,413,147,35,73,268,330,408,392,426,61,164,133,239,241,406,432,360,378,376,275,17,238,157,,10,,,b'\x11\xe8\xe1I\xea\xbc\xd2p\x9a\xbe\x12\xdf\x17\xaeN\x1e'
11E8E149-EABC-D270-9ABE-12DF17AE4E1E,2022-ncaa-d3-conf-CUNYAC,ncaa,2,2,1,2,1,2,2,1,3,1,1,4,7,7,5,7,1,1,3,1,5,1,1,4,4,2,7,7,1,2,3,1,2,1,3,2,5,4,2,3,3,3,5,5,,,7,5,,,2,1,2,3,2,2,3,1,1,7,7,2,1,1,2,2,2,2,2,3,2,3,6,,6,,,2,6,4,5,2,3,5,2,7,7,5,7,5,6,2,6,5,6,7,3,3,2,7,7,4,6,2,7,3,7,3,4,3,2,3,3,2,2,7,6,,,1,1,,,2,7,2,2,2,2,2,4,2,3,6,7,4,5,5,4,6,2,5,5,3,3,2,7,,1,,,b'\x11\xe8\xe1I\xea\xbc\xd2p\x9a\xbe\x12\xdf\x17\xaeN\x1e'
11E8E149-EABC-D270-9ABE-12DF17AE4E1E,2022-ncaa-d3-natl,ncaa,116,129,107,125,152,136,103,67,189,26,8,227,415,406,419,426,101,25,385,22,272,59,35,292,309,301,425,427,146,53,161,60,313,44,233,130,234,381,258,246,48,109,310,361,,,237,64,,,163,37,25,210,161,97,55,14,1,423,418,123,42,36,32,18,56,23,21,147,336,54,343,,182,,,161,239,288,389,61,254,350,86,321,382,84,317,78,128,16,112,47,371,406,68,38,16,190,321,53,409,313,392,161,408,233,348,332,24,49,89,316,198,377,177,,,72,244,,,163,392,281,41,172,169,213,374,194,314,280,363,39,86,70,350,408,383,368,384,294,19,278,369,,84,,,b'\x11\xe8\xe1I\xea\xbc\xd2p\x9a\xbe\x12\xdf\x17\xaeN\x1e'
11E8E149-EABC-D270-9ABE-12DF17AE4E1E,2023-ncaa-d3-conf-CUNYAC,ncaa,2,2,1,2,2,2,2,2,1,1,1,3,5,7,1,8,4,2,6,2,5,2,2,1,1,2,8,7,6,2,1,1,1,1,1,1,2,4,3,2,3,3,6,7,,,7,7,,,2,3,6,5,2,2,2,1,1,5,7,4,2,2,2,2,2,1,1,1,3,4,8,,7,,,2,1,1,6,1,1,5,1,7,8,3,8,2,3,4,3,2,5,4,1,1,1,7,8,5,2,1,2,1,1,1,1,1,4,4,2,3,2,7,4,,,2,3,,,2,6,2,1,2,1,1,4,1,3,5,8,2,2,2,3,2,2,2,1,1,4,3,6,,2,,,b'\x11\xe8\xe1I\xea\xbc\xd2p\x9a\xbe\x12\xdf\x17\xaeN\x1e'
11E8E149-EABC-D270-9ABE-12DF17AE4E1E,2023-ncaa-d3-natl,ncaa,90,131,33,123,55,39,20,18,79,5,1,166,387,401,234,425,119,46,362,41,382,17,10,165,213,241,425,423,321,5,5,9,58,6,9,7,34,414,282,138,22,41,283,354,,,345,144,,,56,12,30,288,76,26,29,3,1,410,420,192,97,89,31,13,9,12,4,5,362,29,333,,240,,,62,290,296,398,60,325,396,66,185,279,57,141,274,278,199,284,123,400,411,45,45,36,141,140,221,241,58,271,5,268,9,350,338,27,68,113,365,198,423,198,,,66,354,,,56,417,180,26,78,121,149,279,195,308,107,177,177,180,178,261,341,145,108,114,253,43,283,393,,161,,,b'\x11\xe8\xe1I\xea\xbc\xd2p\x9a\xbe\x12\xdf\x17\xaeN\x1e'
11E8E149-EABC-D270-9ABE-12DF17AE4E1E,2024-ncaa-d3-conf-CUNYAC,ncaa,1,2,1,2,1,1,1,2,1,1,1,2,4,6,2,6,1,2,3,2,7,2,3,2,2,2,7,6,5,4,3,1,1,2,2,3,5,3,3,3,5,5,4,4,,,6,7,,,2,3,5,1,2,1,3,1,1,6,6,1,2,3,3,4,4,1,3,4,3,6,4,,5,,,2,4,2,7,2,2,2,2,8,8,5,8,6,4,8,4,6,7,4,2,3,3,8,8,6,1,1,5,3,2,2,3,5,5,6,5,2,2,4,2,,,3,4,,,2,6,3,3,2,3,2,4,1,1,8,8,4,3,3,4,2,1,3,1,3,6,2,3,,3,,,b'\x11\xe8\xe1I\xea\xbc\xd2p\x9a\xbe\x12\xdf\x17\xaeN\x1e'
11E8E149-EABC-D270-9ABE-12DF17AE4E1E,2024-ncaa-d3-natl,ncaa,74,87,63,88,92,103,95,56,183,51,16,260,278,339,128,394,70,70,164,73,320,53,40,235,212,227,359,365,157,24,58,11,70,9,40,79,116,363,250,192,106,179,168,194,,,371,266,,,116,47,67,244,120,102,57,53,16,326,376,97,106,117,52,34,28,8,7,89,312,141,209,,322,,,120,246,170,371,18,90,245,19,391,419,165,383,300,331,135,316,293,376,379,41,41,43,409,402,305,284,70,346,58,327,40,351,412,75,154,218,265,130,401,234,,,89,293,,,116,382,195,45,126,140,96,301,42,150,354,390,255,272,262,297,327,224,256,245,290,108,201,376,,147,,,b'\x11\xe8\xe1I\xea\xbc\xd2p\x9a\xbe\x12\xdf\x17\xaeN\x1e'
11E8E149-EABC-D270-9ABE-12DF17AE4E1E,2025-ncaa-d3-conf-CUNYAC,genius_ncaa,4,4,2,4,3,4,4,4,2,3,3,4,5,6,4,6,1,1,2,1,2,3,2,4,2,4,6,7,1,3,2,1,1,2,2,4,4,6,5,4,5,6,4,4,,,3,4,,7,4,2,6,8,4,5,5,5,5,6,6,1,1,1,5,5,4,1,2,4,5,7,5,,3,,6,4,4,3,7,3,3,4,3,8,8,5,8,3,2,8,2,2,7,4,3,3,4,8,8,4,2,1,3,2,1,2,4,4,5,5,5,4,3,8,8,,,1,2,,2,4,7,4,3,4,3,3,5,3,4,8,8,3,2,2,4,2,2,2,1,4,7,4,8,,1,,2,b'\x11\xe8\xe1I\xea\xbc\xd2p\x9a\xbe\x12\xdf\x17\xaeN\x1e'
11E8E149-EABC-D270-9ABE-12DF17AE4E1E,2025-ncaa-d3-natl,genius_ncaa,217,269,55,237,110,172,165,85,287,63,13,311,399,386,402,411,39,37,170,38,237,67,36,355,325,335,397,413,24,29,61,22,146,18,71,95,42,404,321,265,124,218,149,209,,,228,97,,319,249,43,65,370,238,229,114,67,18,409,401,46,46,52,90,43,30,18,12,110,363,164,184,,161,,303,249,325,301,390,72,228,352,60,376,378,254,297,240,221,296,213,126,382,382,97,85,96,327,354,176,322,146,340,61,351,71,405,417,75,138,291,354,243,406,295,,,33,114,,109,249,381,310,103,244,208,201,327,146,264,318,334,181,154,147,306,333,265,254,271,366,93,302,398,,35,,136,b'\x11\xe8\xe1I\xea\xbc\xd2p\x9a\xbe\x12\xdf\x17\xaeN\x1e'
11E8E149-EABC-D270-9ABE-12DF17AE4E1E,2026-ncaa-d3-conf-CUNYAC,genius_ncaa,3,3,1,3,1,3,4,6,2,4,4,2,5,5,4,7,2,1,6,1,3,4,4,2,2,2,5,6,4,5,5,1,3,2,3,3,1,6,5,3,5,5,3,5,,,1,1,,6,4,4,4,1,3,4,6,4,4,5,5,2,1,1,4,4,5,1,2,3,6,5,3,,1,,6,4,4,4,7,3,4,5,3,7,8,6,8,1,1,3,1,1,6,7,3,2,4,4,8,1,7,3,5,5,4,3,4,3,6,6,5,6,5,6,6,,,4,5,,2,4,4,3,4,4,4,4,7,4,5,7,8,1,1,1,6,7,7,5,4,4,6,6,6,,4,,2,b'\x11\xe8\xe1I\xea\xbc\xd2p\x9a\xbe\x12\xdf\x17\xaeN\x1e'
11E8E149-EABC-D270-9ABE-12DF17AE4E1E,2026-ncaa-d3-natl,genius_ncaa,288,397,8,341,21,62,62,26,277,17,2,319,352,345,315,412,19,7,342,7,157,17,3,331,312,359,384,408,46,31,221,2,168,5,162,30,58,414,386,327,53,254,88,271,,,353,44,,234,356,3,15,113,269,257,187,116,23,398,407,80,30,29,115,19,142,9,27,136,403,172,192,,149,,133,326,410,410,412,197,404,414,119,386,370,329,98,359,373,179,374,69,412,413,190,164,211,143,214,107,393,168,402,221,400,162,412,391,37,270,353,413,392,394,214,,,8,211,,76,356,413,362,210,317,341,350,393,345,401,300,243,216,215,216,387,393,308,331,334,389,141,403,324,,67,,160,b'\x11\xe8\xe1I\xea\xbc\xd2p\x9a\xbe\x12\xdf\x17\xaeN\x1e'
11E8E149-EAC1-F11A-9ABE-12DF17AE4E1E,2018-ncaa-d3-conf-Centennial,ncaa,4,4,1,4,1,3,2,1,3,2,4,2,3,1,5,1,7,5,6,5,7,1,1,3,3,3,5,4,10,3,4,1,2,1,2,4,6,6,4,4,6,8,5,8,,,7,6,,,4,1,7,3,3,3,2,2,9,3,1,8,8,8,2,5,5,2,2,5,5,8,8,,5,,,4,7,9,10,4,8,11,3,3,3,5,2,5,5,4,5,4,10,11,3,4,5,2,2,5,6,2,7,4,6,2,4,3,8,10,7,3,2,2,2,,,10,11,,,4,11,3,5,4,5,6,9,7,10,2,2,4,4,4,7,5,3,5,4,3,10,3,2,,11,,,b'\x11\xe8\xe1I\xea\xc1\xf1\x1a\x9a\xbe\x12\xdf\x17\xaeN\x1e'
11E8E149-EAC1-F11A-9ABE-12DF17AE4E1E,2018-ncaa-d3-natl,ncaa,114,138,68,134,78,160,130,93,194,148,140,192,119,107,178,136,318,331,216,327,389,128,178,182,208,146,253,136,406,154,227,38,74,70,128,141,238,63,42,66,353,387,136,235,,,201,193,,,148,191,392,86,216,158,155,184,217,148,139,373,396,395,207,342,217,46,82,179,27,409,166,,111,,,152,183,256,360,113,343,423,53,71,45,265,15,119,147,85,138,38,338,243,63,48,172,35,57,119,186,74,331,227,283,128,126,70,391,429,320,58,48,359,320,,,404,438,,,148,250,146,163,147,92,164,248,252,388,40,19,74,96,89,209,64,128,236,188,88,436,41,321,,441,,,b'\x11\xe8\xe1I\xea\xc1\xf1\x1a\x9a\xbe\x12\xdf\x17\xaeN\x1e'
11E8E149-EAC1-F11A-9ABE-12DF17AE4E1E,2019-ncaa-d3-conf-Centennial,ncaa,2,1,4,2,5,3,3,3,5,4,4,5,3,6,1,7,5,4,9,4,8,4,4,4,4,4,5,4,9,2,1,2,1,2,1,5,9,5,2,5,8,7,9,10,,,9,9,,,3,5,10,8,3,2,5,3,4,3,7,5,4,4,4,7,2,4,3,7,3,8,10,,8,,,2,2,1,3,4,3,4,2,1,1,3,1,6,6,5,6,7,3,2,3,3,3,5,2,7,1,1,3,1,1,1,1,3,6,4,1,3,2,9,7,,,6,6,,,3,7,2,1,2,2,2,2,3,4,1,1,6,6,6,3,2,1,2,1,1,6,2,7,,7,,,b'\x11\xe8\xe1I\xea\xc1\xf1\x1a\x9a\xbe\x12\xdf\x17\xaeN\x1e'
11E8E149-EAC1-F11A-9ABE-12DF17AE4E1E,2019-ncaa-d3-natl,ncaa,24,29,42,31,60,131,133,104,197,182,152,242,86,102,84,155,232,225,236,223,266,119,147,170,193,141,145,104,319,61,73,73,11,47,40,187,323,137,80,160,295,297,135,150,,,336,381,,,71,196,428,295,237,226,272,279,288,121,179,309,320,318,296,376,103,146,95,285,45,372,185,,211,,,76,81,62,143,42,85,249,26,71,73,193,77,333,307,317,313,283,166,167,36,63,83,297,126,409,45,11,245,73,147,40,32,78,225,212,85,50,33,405,375,,,254,333,,,71,243,106,57,70,20,16,16,31,97,34,29,237,204,204,19,9,12,95,42,13,345,24,366,,399,,,b'\x11\xe8\xe1I\xea\xc1\xf1\x1a\x9a\xbe\x12\xdf\x17\xaeN\x1e'
11E8E149-EAC1-F11A-9ABE-12DF17AE4E1E,2020-ncaa-d3-conf-Centennial,ncaa,3,3,4,3,4,5,6,7,6,10,11,6,3,1,4,1,9,9,5,9,7,10,9,3,4,4,1,1,10,7,4,5,4,6,4,4,5,5,9,5,7,6,8,7,,,8,8,,,4,7,10,3,6,8,8,10,11,1,1,9,9,9,10,8,6,6,7,5,6,7,8,,7,,,4,2,2,4,4,6,6,4,1,1,1,1,5,6,1,6,7,3,4,3,3,2,1,1,7,4,4,4,4,2,4,1,2,6,5,3,5,7,10,11,,,8,9,,,4,6,5,2,3,2,2,3,6,6,1,1,4,6,6,1,1,2,4,3,1,7,5,9,,10,,,b'\x11\xe8\xe1I\xea\xc1\xf1\x1a\x9a\xbe\x12\xdf\x17\xaeN\x1e'
11E8E149-EAC1-F11A-9ABE-12DF17AE4E1E,2020-ncaa-d3-natl,ncaa,101,111,65,109,84,263,267,205,316,319,319,303,114,78,217,64,310,349,115,349,309,235,266,275,277,263,84,61,309,121,145,210,109,182,152,226,159,146,179,203,162,122,145,165,,,288,380,,,128,322,433,129,345,352,335,383,386,145,108,369,407,407,373,407,173,317,276,288,87,207,166,,222,,,131,30,38,72,76,139,280,65,5,10,29,6,184,208,131,206,172,76,104,30,38,34,28,5,346,99,109,244,145,167,152,31,65,173,107,38,103,118,413,423,,,344,354,,,128,128,239,32,114,10,12,11,94,173,1,2,136,151,153,8,9,60,139,89,17,228,65,390,,415,,,b'\x11\xe8\xe1I\xea\xc1\xf1\x1a\x9a\xbe\x12\xdf\x17\xaeN\x1e'
11E8E149-EAC1-F11A-9ABE-12DF17AE4E1E,2022-ncaa-d3-conf-Centennial,ncaa,2,2,1,2,2,2,2,4,2,3,7,2,2,3,5,3,3,4,1,4,3,4,2,2,2,2,3,3,5,2,2,2,1,1,1,2,5,9,8,7,5,6,4,4,,,10,8,,,2,3,8,4,2,4,7,6,10,3,3,4,4,5,6,4,5,2,1,4,8,7,4,,8,,,2,3,2,8,2,4,9,2,2,1,4,1,10,10,8,10,9,8,8,2,3,3,7,2,10,1,1,5,2,2,1,2,3,8,6,4,5,5,10,9,,,6,6,,,2,9,2,2,2,3,1,3,4,8,2,1,8,8,9,3,2,1,2,1,2,9,4,8,,6,,,b'\x11\xe8\xe1I\xea\xc1\xf1\x1a\x9a\xbe\x12\xdf\x17\xaeN\x1e'
11E8E149-EAC1-F11A-9ABE-12DF17AE4E1E,2022-ncaa-d3-natl,ncaa,28,21,61,26,62,165,170,181,167,161,218,106,165,116,289,136,173,199,146,202,184,190,201,181,174,170,220,211,203,84,41,40,4,45,6,151,165,176,170,152,231,216,48,53,,,287,354,,,39,246,420,36,253,247,333,235,338,217,174,233,273,281,348,387,144,28,57,217,106,293,55,,191,,,40,30,22,150,2,61,309,2,11,20,12,10,275,310,128,314,258,165,153,2,2,8,156,13,415,45,4,136,41,89,6,18,104,269,266,70,83,81,346,354,,,243,278,,,39,188,130,5,27,2,1,17,19,182,2,4,208,234,238,16,6,12,34,12,4,358,44,313,,368,,,b'\x11\xe8\xe1I\xea\xc1\xf1\x1a\x9a\xbe\x12\xdf\x17\xaeN\x1e'
11E8E149-EAC1-F11A-9ABE-12DF17AE4E1E,2023-ncaa-d3-conf-Centennial,ncaa,1,1,1,1,3,2,2,4,1,2,4,1,5,4,7,6,7,7,7,8,9,4,3,2,2,2,10,9,10,4,4,2,1,3,1,3,6,4,4,2,5,6,3,3,,,10,9,,,2,3,9,9,2,2,5,2,6,7,5,9,9,9,6,9,5,2,4,4,3,8,3,,8,,,3,3,2,5,2,4,10,3,1,1,1,1,10,10,10,10,8,7,7,2,3,4,8,1,11,1,1,4,4,1,1,1,1,9,10,3,4,4,7,4,,,6,9,,,2,9,2,3,2,2,2,2,3,6,1,1,9,8,8,2,1,1,1,1,1,10,3,4,,9,,,b'\x11\xe8\xe1I\xea\xc1\xf1\x1a\x9a\xbe\x12\xdf\x17\xaeN\x1e'
11E8E149-EAC1-F11A-9ABE-12DF17AE4E1E,2023-ncaa-d3-natl,ncaa,48,62,33,63,55,177,130,129,137,75,80,132,329,296,343,335,274,294,232,289,397,162,206,196,224,176,400,371,355,84,70,40,10,48,21,214,323,87,77,152,259,244,40,61,,,286,362,,,79,267,428,288,299,224,314,123,160,372,359,361,383,380,348,414,147,105,120,291,30,342,60,,160,,,85,46,36,157,12,108,352,8,10,15,21,7,311,252,409,258,165,156,124,5,15,48,94,7,408,56,10,171,70,100,21,10,4,326,321,39,65,65,302,206,,,289,332,,,79,165,134,36,66,5,4,19,44,183,1,1,224,149,155,16,1,20,50,23,1,407,27,217,,407,,,b'\x11\xe8\xe1I\xea\xc1\xf1\x1a\x9a\xbe\x12\xdf\x17\xaeN\x1e'
11E8E149-EAC1-F11A-9ABE-12DF17AE4E1E,2024-ncaa-d3-conf-Centennial,ncaa,2,2,1,2,4,1,1,1,3,1,1,2,3,2,4,3,3,3,11,3,7,1,1,3,3,2,7,4,9,1,1,1,1,1,1,1,5,2,1,1,5,5,3,4,,,2,1,,,2,1,1,11,1,1,1,1,1,3,2,4,3,3,1,1,1,1,1,1,2,5,3,,2,,,2,3,5,10,1,3,9,1,7,8,3,8,4,2,10,1,1,9,11,2,2,2,7,8,6,2,1,11,1,7,1,2,3,5,6,4,1,1,11,6,,,3,8,,,2,11,2,1,2,2,3,10,2,9,6,7,2,1,1,8,10,2,7,4,2,6,1,10,,4,,,b'\x11\xe8\xe1I\xea\xc1\xf1\x1a\x9a\xbe\x12\xdf\x17\xaeN\x1e'
11E8E149-EAC1-F11A-9ABE-12DF17AE4E1E,2024-ncaa-d3-natl,ncaa,9,17,8,18,16,32,28,8,203,41,13,223,63,53,168,220,79,27,365,26,257,7,12,204,229,126,237,193,297,2,34,5,16,2,27,44,183,56,2,12,168,258,42,101,,,197,71,,,20,34,290,407,88,87,27,105,64,140,127,196,128,130,27,124,11,30,9,107,3,296,89,,35,,,28,212,205,394,20,241,402,16,149,220,80,109,280,206,417,203,79,386,374,17,26,37,197,142,293,172,16,418,34,390,27,135,80,95,197,81,55,10,423,349,,,35,233,,,20,395,59,31,26,30,31,117,72,219,46,64,129,64,64,89,76,46,302,176,33,261,12,410,,179,,,b'\x11\xe8\xe1I\xea\xc1\xf1\x1a\x9a\xbe\x12\xdf\x17\xaeN\x1e'
11E8E149-EAC1-F11A-9ABE-12DF17AE4E1E,2025-ncaa-d3-conf-Centennial,genius_ncaa,2,2,1,2,1,3,2,1,4,1,1,4,6,2,6,8,1,2,5,2,6,1,1,4,4,4,9,9,3,1,1,2,2,1,2,3,6,5,1,1,2,2,2,3,,,6,4,,9,2,1,2,1,3,2,1,1,1,7,2,2,3,2,1,1,1,2,1,3,3,2,2,,3,,8,2,3,4,8,3,4,10,1,6,4,7,4,3,3,4,3,3,7,11,3,2,2,7,6,5,4,2,9,1,7,2,2,2,1,2,2,5,2,11,10,,,3,6,,6,2,11,3,2,2,2,3,6,3,8,5,3,3,3,3,5,8,3,5,5,2,1,3,11,,4,,6,b'\x11\xe8\xe1I\xea\xc1\xf1\x1a\x9a\xbe\x12\xdf\x17\xaeN\x1e'
11E8E149-EAC1-F11A-9ABE-12DF17AE4E1E,2025-ncaa-d3-natl,genius_ncaa,30,25,36,33,38,65,48,33,131,37,27,142,188,150,236,287,140,125,254,110,311,33,55,168,195,123,355,301,312,24,48,24,78,17,42,70,224,110,32,53,75,90,37,72,,,90,27,,319,16,72,291,29,97,64,57,41,52,242,230,223,202,190,62,140,38,42,26,101,50,106,57,,18,,293,15,42,101,336,18,170,375,17,46,124,29,78,30,59,19,48,13,281,334,10,4,9,40,110,72,236,78,334,48,306,42,90,113,68,77,34,128,51,378,233,,,181,339,,177,16,344,84,8,18,13,35,143,77,252,23,48,8,17,16,80,133,129,207,158,43,106,73,321,,316,,215,b'\x11\xe8\xe1I\xea\xc1\xf1\x1a\x9a\xbe\x12\xdf\x17\xaeN\x1e'
11E8E149-EAC1-F11A-9ABE-12DF17AE4E1E,2026-ncaa-d3-conf-Centennial,genius_ncaa,1,1,1,1,1,1,1,1,2,3,4,3,1,2,1,5,1,1,6,1,2,1,2,1,1,1,1,1,6,3,2,2,2,2,1,5,9,4,2,4,4,6,4,6,,,3,1,,9,1,1,1,1,1,1,1,4,5,1,2,2,2,2,1,2,4,3,3,7,3,5,5,,1,,9,1,3,3,8,1,6,10,2,1,4,1,3,2,2,5,2,2,7,9,1,1,1,1,1,4,4,2,4,2,3,1,2,1,1,1,1,3,1,1,1,,,4,6,,4,1,11,1,1,1,1,1,7,5,10,1,3,2,2,2,6,9,4,2,1,1,1,1,1,,6,,4,b'\x11\xe8\xe1I\xea\xc1\xf1\x1a\x9a\xbe\x12\xdf\x17\xaeN\x1e'
11E8E149-EAC1-F11A-9ABE-12DF17AE4E1E,2026-ncaa-d3-natl,genius_ncaa,5,1,116,1,139,39,32,112,14,58,159,19,26,76,28,115,223,163,349,154,193,118,155,9,25,15,178,84,388,42,12,50,17,42,5,52,239,120,47,40,168,153,68,48,,,59,13,,197,2,197,299,113,16,11,71,54,184,20,71,265,207,193,83,167,33,19,11,46,65,195,69,,4,,177,2,40,44,190,1,46,183,1,82,218,18,293,43,54,125,47,20,165,186,1,1,2,222,284,142,101,17,122,12,104,5,58,197,128,78,20,63,15,226,205,,,186,250,,123,2,213,6,2,3,1,1,102,8,102,45,174,9,8,6,44,73,55,29,27,11,138,20,213,,232,,138,b'\x11\xe8\xe1I\xea\xc1\xf1\x1a\x9a\xbe\x12\xdf\x17\xaeN\x1e'
11E8E149-EAC6-A35E-9ABE-12DF17AE4E1E,2018-ncaa-d3-conf-Landmark,ncaa,2,2,1,2,2,3,2,1,5,2,2,5,2,1,4,3,4,4,7,4,5,1,1,5,5,5,3,3,6,1,3,1,3,1,3,3,5,7,4,5,2,2,1,1,,,8,6,,,3,1,3,4,4,2,1,3,4,3,2,5,5,5,2,2,2,2,2,4,5,2,1,,6,,,3,6,4,5,2,5,5,3,2,5,1,3,8,8,6,8,7,7,8,2,2,2,5,2,7,5,3,8,3,7,3,5,3,2,2,2,7,5,7,5,,,3,4,,,3,8,5,1,2,4,2,3,4,4,1,3,7,7,7,4,6,3,7,4,2,2,4,5,,4,,,b'\x11\xe8\xe1I\xea\xc6\xa3^\x9a\xbe\x12\xdf\x17\xaeN\x1e'
11E8E149-EAC6-A35E-9ABE-12DF17AE4E1E,2018-ncaa-d3-natl,ncaa,31,49,17,47,23,76,75,37,226,93,72,208,100,71,219,173,103,57,294,60,186,39,47,209,215,183,216,191,247,44,118,27,94,25,101,119,260,255,96,162,92,140,7,9,,,394,319,,,88,51,275,94,180,170,135,180,194,170,149,208,155,159,127,190,94,96,69,213,105,158,11,,279,,,100,256,210,365,55,237,403,31,155,165,189,68,381,379,242,385,263,387,395,46,61,61,237,117,381,286,94,406,118,383,101,227,236,75,129,107,281,152,385,285,,,37,147,,,88,396,155,61,95,71,59,113,95,240,71,56,269,254,260,125,161,129,231,180,108,155,155,299,,143,,,b'\x11\xe8\xe1I\xea\xc6\xa3^\x9a\xbe\x12\xdf\x17\xaeN\x1e'
11E8E149-EAC6-A35E-9ABE-12DF17AE4E1E,2019-ncaa-d3-conf-Landmark,ncaa,3,3,5,3,7,6,5,6,4,5,6,5,3,3,5,3,8,8,3,8,8,6,5,4,4,7,5,2,8,3,2,4,2,4,2,3,2,7,8,6,8,8,7,6,,,5,6,,,6,6,5,7,6,4,4,5,5,3,3,8,8,8,5,4,2,2,2,3,8,8,7,,6,,,6,4,4,4,5,5,3,5,1,4,3,5,4,4,5,4,6,3,2,5,5,5,4,3,6,1,2,1,2,1,2,5,5,8,8,6,8,8,1,3,,,7,8,,,6,3,6,5,6,5,5,5,5,3,3,5,5,5,5,6,3,2,2,2,5,8,8,3,,7,,,b'\x11\xe8\xe1I\xea\xc6\xa3^\x9a\xbe\x12\xdf\x17\xaeN\x1e'
11E8E149-EAC6-A35E-9ABE-12DF17AE4E1E,2019-ncaa-d3-natl,ncaa,263,274,215,276,281,309,273,290,259,278,284,271,189,223,174,164,385,404,192,404,405,325,215,242,273,357,227,135,393,123,72,127,78,117,52,140,17,427,422,323,400,405,142,174,,,257,307,,,319,254,201,295,336,287,298,295,283,189,210,403,418,419,362,158,101,76,58,112,420,413,136,,284,,,316,214,266,225,276,350,299,313,66,131,44,111,193,240,93,248,196,223,152,224,196,276,51,50,191,122,78,86,72,87,52,328,337,361,369,389,439,437,137,186,,,351,388,,,319,185,338,241,319,238,289,272,340,335,72,126,209,245,256,277,179,131,93,100,321,382,434,144,,383,,,b'\x11\xe8\xe1I\xea\xc6\xa3^\x9a\xbe\x12\xdf\x17\xaeN\x1e'
11E8E149-EAC6-A35E-9ABE-12DF17AE4E1E,2020-ncaa-d3-conf-Landmark,ncaa,7,7,5,7,6,7,6,5,7,6,4,7,5,5,2,5,8,8,8,8,8,5,5,7,7,7,3,2,8,3,4,5,3,4,5,5,4,7,6,6,7,7,6,6,,,7,8,,,7,4,2,3,7,6,3,5,2,3,5,8,8,8,3,2,3,2,2,5,8,7,6,,8,,,7,7,5,2,6,6,4,6,1,1,1,1,8,8,8,8,8,5,3,6,8,8,4,1,8,2,3,4,4,4,5,5,5,7,7,6,8,7,6,6,,,7,6,,,7,5,7,7,7,8,6,4,6,6,1,3,8,8,8,7,5,2,6,6,5,7,8,6,,5,,,b'\x11\xe8\xe1I\xea\xc6\xa3^\x9a\xbe\x12\xdf\x17\xaeN\x1e'
11E8E149-EAC6-A35E-9ABE-12DF17AE4E1E,2020-ncaa-d3-natl,ncaa,379,391,327,387,357,311,305,325,260,274,250,291,303,329,198,299,325,325,264,320,318,327,262,271,289,338,285,255,264,165,101,246,173,220,122,226,95,387,391,325,387,386,199,187,,,353,407,,,355,293,148,303,303,273,249,240,159,277,301,305,303,292,265,121,110,147,123,182,405,384,166,,405,,,352,307,227,145,301,278,182,327,130,148,132,134,421,409,392,407,400,209,113,278,345,387,261,71,413,145,173,91,101,92,122,284,296,383,381,379,404,399,259,271,,,270,259,,,355,136,325,365,353,363,304,259,329,278,186,215,430,421,420,331,251,209,159,173,323,379,403,307,,198,,,b'\x11\xe8\xe1I\xea\xc6\xa3^\x9a\xbe\x12\xdf\x17\xaeN\x1e'
11E8E149-EAC6-A35E-9ABE-12DF17AE4E1E,2021-ncaa-d3-conf-Landmark,ncaa,5,5,2,5,2,3,3,2,5,3,2,4,3,3,5,2,5,4,4,4,5,2,2,5,5,5,4,3,5,2,1,4,2,2,2,2,1,5,5,3,4,5,5,5,,,4,4,,,5,2,3,2,5,3,2,3,4,3,2,5,5,5,3,2,1,3,3,1,5,5,5,,3,,,5,4,4,4,5,4,4,5,4,4,4,4,4,5,2,5,4,4,4,5,5,5,2,2,2,2,2,4,1,3,2,3,1,4,4,5,5,5,4,5,,,4,5,,,5,4,5,5,5,5,5,3,5,2,3,3,4,3,3,4,2,1,3,2,3,4,5,5,,4,,,b'\x11\xe8\xe1I\xea\xc6\xa3^\x9a\xbe\x12\xdf\x17\xaeN\x1e'
11E8E149-EAC6-A35E-9ABE-12DF17AE4E1E,2021-ncaa-d3-natl,ncaa,251,250,146,251,160,162,141,144,169,132,129,159,168,152,214,180,188,188,139,187,258,152,143,190,199,218,243,195,244,77,23,175,166,140,78,87,5,191,241,130,209,259,125,133,,,150,201,,,237,157,135,110,187,129,91,97,75,198,173,243,250,246,127,62,23,218,93,26,256,263,119,,175,,,223,160,170,133,256,192,144,263,121,122,140,97,148,140,208,141,122,130,127,249,251,254,45,53,107,122,166,115,23,116,78,162,117,168,190,220,195,225,250,272,,,165,236,,,237,125,196,242,230,227,233,157,252,178,101,96,167,149,151,156,124,108,77,87,202,196,243,279,,198,,,b'\x11\xe8\xe1I\xea\xc6\xa3^\x9a\xbe\x12\xdf\x17\xaeN\x1e'
11E8E149-EAC6-A35E-9ABE-12DF17AE4E1E,2022-ncaa-d3-conf-Landmark,ncaa,7,7,8,7,8,7,7,8,7,8,8,7,5,4,7,2,8,8,8,8,6,8,8,7,7,7,2,2,7,7,6,7,4,7,7,7,2,7,8,7,6,5,8,8,,,7,8,,,7,8,1,6,7,7,6,8,7,5,2,8,7,7,7,2,4,7,7,7,8,5,8,,8,,,7,6,4,1,7,6,1,7,1,1,4,2,8,8,7,8,8,1,1,7,7,7,4,1,8,1,4,6,6,2,7,4,5,6,5,5,7,7,5,8,,,7,7,,,7,1,7,7,7,7,7,4,7,5,4,2,8,8,8,5,6,2,7,7,7,4,8,5,,6,,,b'\x11\xe8\xe1I\xea\xc6\xa3^\x9a\xbe\x12\xdf\x17\xaeN\x1e'
11E8E149-EAC6-A35E-9ABE-12DF17AE4E1E,2022-ncaa-d3-natl,ncaa,328,318,300,340,342,357,348,257,389,358,281,395,224,147,336,111,384,371,373,371,359,280,270,388,395,388,161,104,351,102,141,311,236,229,243,267,78,302,335,319,238,205,355,352,,,337,414,,,354,304,141,402,369,350,121,363,227,191,100,398,376,374,167,87,39,248,106,243,355,188,353,,406,,,351,185,138,76,308,205,118,317,56,68,153,75,375,375,200,373,398,107,121,275,321,273,187,39,400,141,236,269,141,221,243,186,216,214,158,187,322,337,294,336,,,313,319,,,354,124,372,273,351,288,235,136,289,234,80,84,399,406,406,226,258,220,373,324,244,139,357,349,,241,,,b'\x11\xe8\xe1I\xea\xc6\xa3^\x9a\xbe\x12\xdf\x17\xaeN\x1e'
11E8E149-EAC6-A35E-9ABE-12DF17AE4E1E,2023-ncaa-d3-conf-Landmark,ncaa,7,7,5,7,5,8,8,6,7,8,8,6,7,2,8,1,8,8,8,8,7,7,6,7,8,8,7,2,8,6,8,7,7,7,8,7,7,8,8,7,6,6,7,8,,,5,5,,,8,5,3,5,8,8,6,8,8,7,2,8,8,8,7,5,6,7,7,7,8,6,7,,5,,,8,6,7,3,8,8,7,8,1,1,5,1,6,5,5,5,5,3,4,7,7,7,1,1,5,4,7,5,8,8,8,5,4,6,5,7,6,7,7,7,,,6,5,,,8,4,8,7,8,7,8,5,8,7,2,1,6,6,6,5,8,4,8,8,6,5,6,7,,5,,,b'\x11\xe8\xe1I\xea\xc6\xa3^\x9a\xbe\x12\xdf\x17\xaeN\x1e'
11E8E149-EAC6-A35E-9ABE-12DF17AE4E1E,2023-ncaa-d3-natl,ncaa,316,345,185,334,214,334,327,270,367,320,299,339,255,168,376,123,336,336,292,336,282,288,245,364,370,372,200,176,245,210,257,321,380,290,354,340,309,373,374,382,182,215,345,374,,,307,291,,,370,247,226,164,374,368,302,356,325,274,163,361,365,365,337,227,203,363,313,366,357,187,365,,325,,,365,313,322,222,346,365,271,354,121,135,144,117,290,292,235,296,245,233,250,306,314,290,81,67,230,357,380,301,257,347,354,343,305,144,168,274,360,354,421,425,,,177,126,,,370,201,363,317,364,303,319,248,351,276,130,135,299,299,303,255,268,350,309,339,317,133,348,419,,136,,,b'\x11\xe8\xe1I\xea\xc6\xa3^\x9a\xbe\x12\xdf\x17\xaeN\x1e'
11E8E149-EAC6-A35E-9ABE-12DF17AE4E1E,2024-ncaa-d3-conf-Landmark,ncaa,9,9,7,9,8,9,9,8,9,9,8,9,8,4,10,3,9,9,7,9,6,7,7,10,9,9,4,5,4,7,8,5,4,6,6,9,6,10,10,9,6,6,10,10,,,4,6,,,9,7,2,7,9,9,7,9,8,8,4,9,9,9,7,2,5,4,4,8,10,5,10,,8,,,9,4,5,4,6,8,6,6,3,2,5,3,5,5,4,5,5,6,2,6,6,5,3,3,4,4,4,7,8,6,6,6,7,6,6,7,9,9,9,9,,,7,6,,,9,4,9,5,9,6,7,7,8,7,5,4,6,5,5,7,7,6,8,7,6,5,9,9,,5,,,b'\x11\xe8\xe1I\xea\xc6\xa3^\x9a\xbe\x12\xdf\x17\xaeN\x1e'
11E8E149-EAC6-A35E-9ABE-12DF17AE4E1E,2024-ncaa-d3-natl,ncaa,353,375,200,357,227,353,364,269,403,351,311,380,273,149,397,121,258,219,334,219,117,270,196,397,391,388,111,189,82,159,222,183,302,165,272,360,312,373,361,386,274,290,363,372,,,300,309,,,359,219,201,106,384,388,281,382,336,284,136,245,210,208,276,151,135,151,125,381,362,276,373,,321,,,358,224,228,245,189,253,210,249,171,267,69,244,242,279,65,277,272,252,228,176,160,215,184,165,222,339,302,332,222,338,272,284,299,254,282,304,379,373,426,426,,,180,163,,,359,181,382,252,363,232,241,290,255,233,187,285,250,293,291,290,265,333,337,346,284,254,378,426,,141,,,b'\x11\xe8\xe1I\xea\xc6\xa3^\x9a\xbe\x12\xdf\x17\xaeN\x1e'
11E8E149-EAC6-A35E-9ABE-12DF17AE4E1E,2025-ncaa-d3-conf-Landmark,genius_ncaa,7,6,9,7,10,8,8,10,5,7,9,5,9,9,6,8,7,10,3,10,5,10,10,5,5,5,7,9,4,10,9,10,6,10,6,6,4,5,8,6,7,5,9,9,,,1,2,,1,6,10,5,10,6,6,9,7,8,9,9,4,6,6,8,9,10,7,8,5,6,6,9,,2,,2,6,4,6,2,9,7,3,8,4,1,10,3,1,2,1,1,2,2,1,9,9,7,2,4,2,3,6,3,9,3,6,5,4,6,5,6,6,8,5,7,,,8,1,,6,6,1,6,6,6,6,7,5,8,8,7,5,3,3,3,4,5,6,5,5,5,4,8,6,,4,,6,b'\x11\xe8\xe1I\xea\xc6\xa3^\x9a\xbe\x12\xdf\x17\xaeN\x1e'
11E8E149-EAC6-A35E-9ABE-12DF17AE4E1E,2025-ncaa-d3-natl,genius_ncaa,274,269,290,283,317,254,253,309,172,210,243,151,315,309,308,283,165,223,39,211,174,301,303,205,171,222,283,330,103,344,346,266,220,309,292,185,88,221,286,212,295,286,341,349,,,65,67,,24,303,268,154,192,207,220,262,159,195,316,294,110,177,160,245,215,339,186,276,131,268,272,330,,73,,25,303,287,344,193,379,329,224,362,278,165,378,187,65,106,35,105,92,161,138,376,357,345,87,241,41,195,220,191,346,181,292,306,206,272,263,324,340,354,190,225,,,188,90,,295,303,139,250,343,306,336,369,290,367,317,307,220,83,126,130,269,257,236,260,258,320,241,350,231,,108,,298,b'\x11\xe8\xe1I\xea\xc6\xa3^\x9a\xbe\x12\xdf\x17\xaeN\x1e'
11E8E149-EAC6-A35E-9ABE-12DF17AE4E1E,2026-ncaa-d3-conf-Landmark,genius_ncaa,9,9,1,9,1,10,9,10,9,7,7,7,10,8,10,7,9,10,4,10,8,10,5,9,9,10,7,8,2,6,5,7,7,7,5,8,5,10,10,9,10,10,8,9,,,6,5,,1,10,5,5,1,10,9,10,7,7,10,8,9,10,10,10,5,6,7,7,8,10,10,8,,6,,1,10,10,10,7,10,10,9,10,7,5,9,2,5,9,2,9,6,7,6,10,9,10,2,3,3,6,7,4,5,4,5,7,3,10,10,10,10,10,10,10,,,1,3,,5,10,6,10,10,10,10,10,7,10,9,7,5,5,9,9,7,6,6,4,4,7,10,10,10,,1,,5,b'\x11\xe8\xe1I\xea\xc6\xa3^\x9a\xbe\x12\xdf\x17\xaeN\x1e'
11E8E149-EAC6-A35E-9ABE-12DF17AE4E1E,2026-ncaa-d3-natl,genius_ncaa,390,397,116,390,139,328,329,221,384,311,180,390,303,272,338,290,246,313,29,317,370,240,192,388,380,388,226,269,129,148,200,182,279,156,249,307,167,351,370,361,394,415,230,311,,,145,77,,9,397,201,306,113,392,388,337,368,223,344,328,307,371,383,367,269,170,216,196,349,354,416,263,,62,,11,392,356,382,303,403,391,352,382,286,173,391,56,141,210,15,220,90,300,231,401,380,405,31,144,21,286,279,265,200,281,249,369,211,370,412,409,372,386,401,401,,,202,230,,201,397,212,380,403,399,371,394,323,397,367,267,103,78,164,176,314,148,274,258,270,363,411,377,400,,266,,217,b'\x11\xe8\xe1I\xea\xc6\xa3^\x9a\xbe\x12\xdf\x17\xaeN\x1e'
11E8E149-EACB-BB32-9ABE-12DF17AE4E1E,2018-ncaa-d3-conf-Michigan Intercol. Ath. Assn.,ncaa,5,5,5,5,9,9,6,4,9,7,3,9,7,5,8,7,9,9,6,9,9,5,7,9,9,8,6,6,9,5,9,4,5,6,7,7,4,2,4,5,7,6,3,3,,,2,2,,,5,7,4,9,9,6,3,7,1,7,5,9,9,9,4,6,5,2,4,7,4,7,3,,3,,,5,5,6,7,4,7,6,8,7,8,6,8,3,4,5,4,4,5,4,5,4,6,6,7,2,5,5,9,9,8,7,5,4,8,8,7,3,5,2,2,,,9,8,,,5,3,8,6,5,5,6,8,7,7,7,8,4,4,4,6,7,6,9,8,5,8,5,2,,9,,,b'\x11\xe8\xe1I\xea\xcb\xbb2\x9a\xbe\x12\xdf\x17\xaeN\x1e'
11E8E149-EACB-BB32-9ABE-12DF17AE4E1E,2018-ncaa-d3-natl,ncaa,280,251,363,283,386,387,367,309,396,337,231,393,373,336,393,302,390,399,274,399,409,336,382,402,404,372,330,301,302,302,350,273,167,297,305,336,166,26,78,186,366,339,140,98,,,63,137,,,353,390,279,430,384,359,130,310,95,355,300,372,385,382,176,282,237,103,164,298,67,348,110,,110,,,358,110,114,107,203,116,76,260,230,277,144,358,126,169,77,167,293,97,54,241,211,313,271,309,198,120,167,301,350,227,305,133,186,422,413,380,39,99,107,116,,,405,364,,,353,50,370,306,361,251,247,281,215,185,303,364,201,259,256,289,169,226,405,355,226,422,84,158,,384,,,b'\x11\xe8\xe1I\xea\xcb\xbb2\x9a\xbe\x12\xdf\x17\xaeN\x1e'
11E8E149-EACB-BB32-9ABE-12DF17AE4E1E,2019-ncaa-d3-conf-Michigan Intercol. Ath. Assn.,ncaa,9,9,7,9,7,9,9,6,9,9,7,9,5,4,6,2,9,9,7,9,8,7,7,9,9,9,1,1,5,7,9,8,8,8,9,8,8,4,5,8,7,8,9,9,,,6,5,,,9,7,1,3,9,9,2,9,5,3,3,9,8,8,3,3,5,7,7,8,5,6,9,,7,,,9,9,9,7,9,9,8,9,6,6,8,4,6,6,3,6,6,8,5,8,9,9,2,3,5,8,8,9,9,9,9,9,5,7,7,9,8,9,8,9,,,9,9,,,9,3,9,9,9,9,9,9,9,9,8,7,7,7,7,9,9,8,9,9,9,7,9,8,,8,,,b'\x11\xe8\xe1I\xea\xcb\xbb2\x9a\xbe\x12\xdf\x17\xaeN\x1e'
11E8E149-EACB-BB32-9ABE-12DF17AE4E1E,2019-ncaa-d3-natl,ncaa,439,434,365,439,371,420,423,306,439,430,318,440,249,195,330,116,419,412,373,413,411,350,359,436,436,430,30,32,298,285,396,401,426,382,431,428,412,156,263,419,351,353,365,378,,,90,106,,,433,364,176,143,426,429,117,436,218,195,109,419,409,409,189,173,197,386,330,431,263,322,356,,185,,,432,375,402,239,423,398,225,427,306,269,311,271,141,151,132,145,154,207,122,423,411,426,85,206,76,389,426,421,396,418,431,346,172,389,401,416,275,343,369,395,,,399,395,,,433,80,428,434,432,430,427,406,425,375,381,364,229,246,239,405,362,416,440,436,396,362,345,410,,398,,,b'\x11\xe8\xe1I\xea\xcb\xbb2\x9a\xbe\x12\xdf\x17\xaeN\x1e'
11E8E149-EACB-BB32-9ABE-12DF17AE4E1E,2020-ncaa-d3-conf-Michigan Intercol. Ath. Assn.,ncaa,8,8,7,8,7,9,9,7,9,8,8,9,6,6,6,4,9,8,8,8,7,8,8,9,9,9,3,2,4,7,7,8,8,8,8,8,4,7,8,9,9,9,8,8,,,4,4,,,9,8,6,1,9,9,6,8,7,5,5,8,8,8,7,5,7,8,7,8,8,9,8,,6,,,9,8,8,8,8,7,6,8,8,8,7,7,7,6,9,6,6,9,4,8,8,8,7,7,4,9,8,7,7,8,8,9,8,9,9,9,9,9,9,9,,,8,9,,,9,1,9,8,9,8,8,9,8,7,8,9,8,6,6,9,8,9,8,8,9,9,9,9,,7,,,b'\x11\xe8\xe1I\xea\xcb\xbb2\x9a\xbe\x12\xdf\x17\xaeN\x1e'
11E8E149-EACB-BB32-9ABE-12DF17AE4E1E,2020-ncaa-d3-natl,ncaa,397,391,372,403,380,410,414,391,420,424,391,429,242,243,228,106,404,419,201,419,345,401,403,406,407,407,37,32,242,342,350,351,404,359,382,398,213,237,373,389,411,411,162,125,,,91,154,,,414,403,335,136,418,421,365,426,374,190,172,400,419,415,394,346,307,268,298,399,338,408,113,,179,,,414,241,232,189,267,175,111,303,328,343,235,356,213,170,376,171,242,168,70,295,300,391,312,327,202,376,404,211,350,306,382,305,309,417,423,416,383,420,376,431,,,420,395,,,414,36,405,412,416,368,343,365,299,254,381,399,301,265,268,372,259,403,346,380,356,417,409,415,,417,,,b'\x11\xe8\xe1I\xea\xcb\xbb2\x9a\xbe\x12\xdf\x17\xaeN\x1e'
11E8E149-EACB-BB32-9ABE-12DF17AE4E1E,2021-ncaa-d3-conf-Michigan Intercol. Ath. Assn.,ncaa,8,8,5,8,5,8,8,7,8,8,8,7,7,6,8,1,7,7,2,7,7,6,6,8,8,8,1,5,1,8,8,8,8,8,8,7,7,7,8,8,6,7,8,8,,,4,5,,,8,5,1,3,8,8,7,8,8,7,5,7,7,7,7,5,8,8,8,8,8,5,8,,8,,,8,8,8,4,8,7,4,8,8,4,7,5,5,5,5,5,6,4,4,8,8,8,2,4,1,8,8,5,8,7,8,8,8,5,7,8,8,8,5,8,,,8,8,,,8,4,8,8,8,8,8,8,8,8,8,7,7,6,6,8,8,8,7,7,8,4,8,8,,8,,,b'\x11\xe8\xe1I\xea\xcb\xbb2\x9a\xbe\x12\xdf\x17\xaeN\x1e'
11E8E149-EACB-BB32-9ABE-12DF17AE4E1E,2021-ncaa-d3-natl,ncaa,251,270,81,251,96,178,187,118,281,195,141,273,155,75,274,42,143,157,59,159,199,122,103,277,275,276,61,112,41,176,275,166,280,176,281,194,229,240,265,280,147,248,186,261,,,205,139,,,284,87,89,102,275,279,232,279,256,220,90,216,244,248,254,180,265,277,281,277,257,223,249,,207,,,283,261,264,233,281,262,224,281,261,235,257,188,226,220,191,214,153,230,210,282,280,283,113,177,76,264,280,231,275,250,281,271,252,149,267,276,257,270,267,283,,,166,273,,,284,199,278,284,283,281,279,267,274,239,273,250,231,228,212,271,248,273,261,270,278,242,267,273,,273,,,b'\x11\xe8\xe1I\xea\xcb\xbb2\x9a\xbe\x12\xdf\x17\xaeN\x1e'
11E8E149-EACB-BB32-9ABE-12DF17AE4E1E,2022-ncaa-d3-conf-Michigan Intercol. Ath. Assn.,ncaa,8,8,5,8,6,8,8,8,9,9,8,9,7,7,7,5,8,8,9,8,7,8,8,9,9,9,3,4,2,6,7,8,8,8,8,8,6,9,8,9,9,9,9,9,,,7,8,,,9,8,6,5,9,9,8,9,8,7,6,9,8,8,8,6,6,9,7,9,9,9,9,,9,,,9,9,9,8,8,8,6,8,9,8,8,5,9,9,6,9,7,9,6,9,9,9,4,5,3,8,8,7,7,8,8,9,9,8,9,9,9,8,9,9,,,9,9,,,9,2,8,9,9,9,9,8,8,7,8,8,9,9,9,8,8,8,7,8,9,9,8,9,,9,,,b'\x11\xe8\xe1I\xea\xcb\xbb2\x9a\xbe\x12\xdf\x17\xaeN\x1e'
11E8E149-EACB-BB32-9ABE-12DF17AE4E1E,2022-ncaa-d3-natl,ncaa,381,410,188,392,224,378,378,296,409,372,277,409,303,219,365,188,341,332,347,330,279,308,240,405,403,406,165,177,161,187,246,283,384,250,344,391,393,406,393,414,387,414,236,274,,,267,246,,,422,249,265,257,411,410,374,402,331,322,245,381,361,362,387,267,188,330,272,418,389,414,251,,282,,,413,414,412,348,403,404,330,395,389,332,383,261,305,288,335,290,196,350,241,406,405,424,183,255,102,382,384,296,246,351,344,410,323,387,417,424,425,416,393,413,,,309,334,,,422,188,401,423,414,405,402,375,388,341,401,336,294,279,280,378,270,367,297,339,404,415,413,400,,363,,,b'\x11\xe8\xe1I\xea\xcb\xbb2\x9a\xbe\x12\xdf\x17\xaeN\x1e'
11E8E149-EACB-BB32-9ABE-12DF17AE4E1E,2023-ncaa-d3-conf-Michigan Intercol. Ath. Assn.,ncaa,9,9,7,9,7,9,9,9,9,9,6,9,9,9,9,9,4,2,6,2,2,9,9,9,9,9,4,9,1,5,7,6,8,6,8,9,9,9,9,9,8,8,9,9,,,4,4,,,9,9,5,1,9,9,9,9,6,9,9,2,1,1,9,6,5,5,5,9,9,7,9,,8,,,9,8,8,8,8,7,6,8,9,9,9,6,3,2,8,3,3,7,3,8,8,8,4,8,1,8,8,9,7,8,8,9,9,9,9,9,9,9,9,9,,,6,4,,,9,1,9,8,9,8,8,8,8,7,9,9,6,4,4,8,8,8,9,8,9,9,9,9,,3,,,b'\x11\xe8\xe1I\xea\xcb\xbb2\x9a\xbe\x12\xdf\x17\xaeN\x1e'
11E8E149-EACB-BB32-9ABE-12DF17AE4E1E,2023-ncaa-d3-natl,ncaa,411,420,271,417,288,405,413,383,421,409,283,423,392,395,364,383,182,131,319,137,72,368,299,421,416,416,89,336,1,316,349,248,296,295,345,415,349,407,409,421,372,388,321,349,,,243,275,,,422,283,189,146,416,423,414,419,248,397,398,131,74,75,391,229,303,170,248,422,406,379,315,,315,,,419,415,409,345,406,385,268,385,419,362,426,325,177,157,288,158,121,325,177,419,413,428,254,362,53,280,296,322,349,319,345,404,349,410,422,424,418,419,408,419,,,219,123,,,422,149,416,423,420,415,407,390,388,347,420,388,215,194,194,383,263,314,369,355,402,423,414,420,,135,,,b'\x11\xe8\xe1I\xea\xcb\xbb2\x9a\xbe\x12\xdf\x17\xaeN\x1e'
11E8E149-EACB-BB32-9ABE-12DF17AE4E1E,2024-ncaa-d3-conf-Michigan Intercol. Ath. Assn.,ncaa,9,9,7,9,8,9,9,9,7,8,8,8,6,6,7,5,7,7,2,8,5,9,8,7,7,8,4,6,1,7,8,7,8,8,8,8,3,8,9,9,9,8,5,6,,,8,8,,,9,8,3,5,8,9,9,8,7,5,6,5,7,8,9,5,7,5,8,8,9,8,4,,8,,,9,8,8,8,9,9,9,9,5,3,8,3,7,8,5,7,7,7,4,9,8,9,2,3,5,8,8,6,8,6,8,8,7,9,9,8,8,9,9,9,,,8,8,,,9,4,8,8,9,8,8,8,9,9,7,3,7,8,8,8,7,8,7,7,8,9,9,9,,8,,,b'\x11\xe8\xe1I\xea\xcb\xbb2\x9a\xbe\x12\xdf\x17\xaeN\x1e'
11E8E149-EACB-BB32-9ABE-12DF17AE4E1E,2024-ncaa-d3-natl,ncaa,367,375,296,370,308,333,355,361,324,340,334,324,295,284,294,221,164,206,112,215,78,355,300,326,282,353,119,237,44,373,374,179,270,291,293,314,157,377,391,372,353,372,177,221,,,326,348,,,395,249,120,115,336,361,373,348,334,281,269,117,154,161,364,211,380,70,239,317,384,341,157,,383,,,390,375,365,299,349,354,323,326,294,210,351,149,336,374,114,372,302,328,220,344,339,391,192,175,233,308,270,176,374,238,293,303,171,384,411,395,387,398,381,408,,,277,231,,,395,187,366,394,386,395,380,380,379,380,332,284,380,397,398,393,334,336,258,300,332,393,390,397,,241,,,b'\x11\xe8\xe1I\xea\xcb\xbb2\x9a\xbe\x12\xdf\x17\xaeN\x1e'
11E8E149-EACB-BB32-9ABE-12DF17AE4E1E,2025-ncaa-d3-conf-Michigan Intercol. Ath. Assn.,genius_ncaa,7,7,7,7,8,7,7,5,7,7,5,9,6,8,6,7,9,8,9,8,8,7,6,8,8,8,4,5,7,3,3,8,6,3,5,9,7,7,6,9,9,9,2,2,,,9,9,,8,7,8,3,3,7,6,3,6,3,6,7,8,6,5,3,2,3,4,2,9,8,8,2,,9,,9,7,6,4,4,4,6,5,4,2,2,3,2,8,8,9,8,8,5,2,4,7,8,4,2,8,5,6,2,3,4,5,2,2,9,8,6,8,7,3,4,,,9,8,,1,7,2,7,7,7,8,5,6,8,8,2,3,9,9,9,8,7,7,4,7,4,8,8,4,,7,,1,b'\x11\xe8\xe1I\xea\xcb\xbb2\x9a\xbe\x12\xdf\x17\xaeN\x1e'
11E8E149-EACB-BB32-9ABE-12DF17AE4E1E,2025-ncaa-d3-natl,genius_ncaa,274,299,192,292,218,257,256,218,283,238,173,319,266,277,203,288,202,156,321,153,176,203,183,293,300,293,215,245,146,66,50,167,170,112,79,279,275,268,266,299,348,362,37,31,,,407,419,,346,299,256,235,127,268,266,181,247,147,263,286,183,129,125,163,137,45,121,56,289,272,360,27,,408,,350,295,272,133,154,155,199,198,198,73,131,68,96,416,412,367,413,411,248,166,136,250,321,308,45,417,202,170,142,50,152,79,94,90,349,369,242,326,317,276,242,,,199,217,,190,299,168,258,305,291,286,162,178,212,207,88,141,417,412,413,277,192,191,149,167,105,369,316,286,,178,,190,b'\x11\xe8\xe1I\xea\xcb\xbb2\x9a\xbe\x12\xdf\x17\xaeN\x1e'
11E8E149-EACB-BB32-9ABE-12DF17AE4E1E,2026-ncaa-d3-conf-Michigan Intercol. Ath. Assn.,genius_ncaa,7,7,3,7,4,7,7,6,9,9,7,9,4,3,8,1,7,4,7,4,3,6,6,9,9,9,2,1,5,5,7,5,6,5,7,6,1,6,7,7,7,8,1,1,,,5,5,,1,7,6,7,2,9,9,6,9,9,4,1,8,6,6,7,6,6,5,6,5,7,7,1,,3,,1,7,5,5,4,5,6,6,5,2,3,3,1,5,5,7,5,4,5,3,4,4,6,3,1,6,6,6,6,7,7,7,5,5,6,7,7,4,6,3,6,,,4,4,,2,7,3,9,6,7,6,6,5,6,7,1,1,5,4,3,6,4,6,8,7,5,7,5,4,,6,,2,b'\x11\xe8\xe1I\xea\xcb\xbb2\x9a\xbe\x12\xdf\x17\xaeN\x1e'
11E8E149-EACB-BB32-9ABE-12DF17AE4E1E,2026-ncaa-d3-natl,genius_ncaa,345,366,116,375,139,322,333,201,398,315,243,345,303,123,404,95,219,217,217,210,169,201,195,395,393,384,191,278,78,141,235,127,215,131,242,286,103,257,248,305,327,367,10,15,,,246,274,,104,334,208,330,113,389,391,281,373,329,344,121,256,260,262,294,284,162,126,139,334,226,379,9,,212,,90,326,213,214,266,97,219,282,83,209,238,155,164,243,244,185,236,183,261,217,91,90,218,211,193,248,274,215,318,235,312,242,232,239,342,393,359,292,293,242,288,,,172,170,,201,334,196,375,237,344,157,155,249,162,272,172,201,220,219,207,248,119,261,338,311,197,400,274,229,,209,,217,b'\x11\xe8\xe1I\xea\xcb\xbb2\x9a\xbe\x12\xdf\x17\xaeN\x1e'
11E8E149-EAD1-750E-9ABE-12DF17AE4E1E,2018-ncaa-d3-conf-NJAC,ncaa,7,7,7,7,7,7,7,5,8,8,6,8,6,5,8,5,7,7,7,7,7,5,5,8,8,8,5,7,5,3,4,9,8,7,8,8,7,5,6,8,1,1,3,3,,,7,8,,,7,6,2,2,7,7,2,6,5,6,3,7,6,6,2,2,3,9,6,7,6,1,2,,8,,,7,5,7,2,9,7,7,8,3,1,9,1,7,7,1,7,5,3,6,9,9,6,5,3,6,5,8,8,4,8,8,8,7,2,1,3,3,2,4,3,,,7,8,,,7,5,8,6,7,8,9,5,9,8,3,1,7,7,7,5,8,6,9,8,9,1,4,4,,6,,,b'\x11\xe8\xe1I\xea\xd1u\x0e\x9a\xbe\x12\xdf\x17\xaeN\x1e'
11E8E149-EAD1-750E-9ABE-12DF17AE4E1E,2018-ncaa-d3-natl,ncaa,280,279,305,286,312,287,269,191,327,218,175,297,316,236,399,248,273,237,313,237,286,203,198,348,350,337,319,318,224,165,225,358,328,291,338,291,309,259,252,308,30,17,73,78,,,233,224,,,262,206,81,57,248,241,78,171,99,304,189,247,185,186,87,71,110,358,241,280,317,13,63,,300,,,262,144,190,105,324,280,236,299,65,36,257,55,182,187,179,180,182,99,238,292,290,133,68,58,218,218,328,301,225,271,338,227,254,58,31,86,170,160,259,234,,,286,339,,,262,240,323,143,257,230,272,191,328,311,82,49,225,241,237,190,358,280,368,346,291,25,223,312,,237,,,b'\x11\xe8\xe1I\xea\xd1u\x0e\x9a\xbe\x12\xdf\x17\xaeN\x1e'
11E8E149-EAD1-750E-9ABE-12DF17AE4E1E,2019-ncaa-d3-conf-NJAC,ncaa,5,6,1,6,1,1,1,1,6,1,1,4,4,1,10,4,1,3,5,3,7,1,1,5,6,5,6,5,6,1,3,1,3,1,5,1,3,9,5,3,1,1,6,8,,,10,7,,,5,1,2,1,2,2,2,2,5,4,3,3,4,4,3,2,3,5,4,2,7,1,7,,7,,,5,10,10,10,8,10,10,7,4,4,7,1,9,9,8,9,3,10,10,7,7,6,2,1,6,5,3,9,3,7,5,8,5,2,3,6,7,5,8,6,,,2,8,,,5,10,5,6,5,7,8,8,8,10,3,2,7,6,6,7,9,2,7,4,7,4,6,7,,3,,,b'\x11\xe8\xe1I\xea\xd1u\x0e\x9a\xbe\x12\xdf\x17\xaeN\x1e'
11E8E149-EAD1-750E-9ABE-12DF17AE4E1E,2019-ncaa-d3-natl,ncaa,169,244,42,203,42,86,93,27,300,95,78,210,157,46,403,146,72,46,294,45,133,23,15,312,308,310,237,262,153,13,34,118,315,32,137,102,168,417,292,277,21,32,183,284,,,423,297,,,197,17,106,2,157,169,49,162,150,234,82,132,92,91,46,29,19,258,52,142,369,23,232,,371,,,198,411,399,392,299,424,424,254,100,88,219,22,391,405,189,401,214,407,426,235,250,160,58,24,297,402,315,370,34,391,137,347,178,25,65,94,385,242,324,217,,,37,229,,,197,427,257,164,206,268,279,245,346,376,44,34,326,346,331,268,369,317,223,280,248,37,320,246,,82,,,b'\x11\xe8\xe1I\xea\xd1u\x0e\x9a\xbe\x12\xdf\x17\xaeN\x1e'
11E8E149-EAD1-750E-9ABE-12DF17AE4E1E,2020-ncaa-d3-conf-NJAC,ncaa,3,3,5,3,6,3,2,4,1,2,5,1,4,4,2,3,5,5,6,5,5,4,5,2,2,2,5,3,10,5,5,7,9,6,6,2,3,7,5,3,4,4,6,6,,,4,4,,,4,4,2,7,2,2,3,2,5,4,3,6,6,6,3,4,5,7,7,2,7,4,6,,4,,,4,9,10,8,9,10,9,9,2,1,4,1,3,3,9,3,2,7,8,7,7,7,1,2,3,8,9,3,5,5,6,6,3,4,4,5,1,2,1,3,,,3,4,,,4,8,3,7,4,7,9,8,10,9,2,2,3,3,3,6,9,8,2,3,6,4,2,2,,4,,,b'\x11\xe8\xe1I\xea\xd1u\x0e\x9a\xbe\x12\xdf\x17\xaeN\x1e'
11E8E149-EAD1-750E-9ABE-12DF17AE4E1E,2020-ncaa-d3-natl,ncaa,118,111,126,118,159,129,133,105,193,128,144,142,150,102,280,171,137,69,363,64,100,92,66,187,207,226,230,212,230,80,100,170,363,110,251,107,115,334,250,196,59,97,159,228,,,247,121,,,183,68,63,232,125,119,95,125,168,174,116,148,64,62,71,56,78,189,108,104,312,66,164,,241,,,185,296,344,372,203,393,406,209,90,142,70,67,233,225,246,230,95,372,391,136,127,110,34,42,176,406,363,288,100,367,251,178,58,59,117,73,201,123,304,257,,,62,143,,,183,372,213,161,185,257,303,343,360,400,77,113,211,202,210,333,387,378,240,328,161,63,182,285,,59,,,b'\x11\xe8\xe1I\xea\xd1u\x0e\x9a\xbe\x12\xdf\x17\xaeN\x1e'
11E8E149-EAD1-750E-9ABE-12DF17AE4E1E,2021-ncaa-d3-conf-NJAC,ncaa,4,7,2,4,2,4,3,2,5,4,5,3,2,1,5,1,6,6,6,6,8,3,3,4,4,4,2,1,8,5,6,4,5,4,6,2,1,8,7,4,4,5,4,6,,,7,6,,,5,2,4,2,4,4,4,8,8,2,1,8,8,8,7,6,6,6,6,3,8,5,4,,6,,,4,8,8,6,6,8,7,5,4,5,7,2,7,7,7,7,4,7,7,6,6,6,4,4,6,7,5,7,6,7,6,8,5,2,4,5,8,6,6,6,,,5,8,,,5,6,4,5,4,6,6,4,6,7,4,2,6,5,6,4,5,5,5,4,6,4,7,5,,8,,,b'\x11\xe8\xe1I\xea\xd1u\x0e\x9a\xbe\x12\xdf\x17\xaeN\x1e'
11E8E149-EAD1-750E-9ABE-12DF17AE4E1E,2021-ncaa-d3-natl,ncaa,148,214,112,193,130,139,137,124,183,155,167,151,72,66,138,21,173,175,190,178,190,135,132,147,171,179,53,22,245,131,172,140,203,138,200,101,25,173,192,120,133,172,110,149,,,154,126,,,191,133,163,110,189,178,151,237,259,50,33,246,242,247,207,172,166,195,195,82,181,173,119,,132,,,173,157,155,156,135,165,186,72,134,107,248,23,185,178,225,177,129,162,155,119,139,143,131,85,204,179,203,162,172,170,200,161,152,120,139,149,170,183,220,267,,,181,267,,,191,151,182,158,171,142,130,131,146,221,93,29,204,174,175,147,143,189,156,173,151,133,166,242,,267,,,b'\x11\xe8\xe1I\xea\xd1u\x0e\x9a\xbe\x12\xdf\x17\xaeN\x1e'
11E8E149-EAD1-750E-9ABE-12DF17AE4E1E,2022-ncaa-d3-conf-NJAC,ncaa,1,1,4,1,5,4,5,2,8,4,6,3,4,3,8,2,4,4,5,4,2,3,3,7,7,7,3,3,5,3,5,1,8,2,5,4,3,5,5,5,3,5,2,2,,,7,5,,,2,3,3,6,5,6,3,5,8,4,2,5,6,6,3,2,3,2,2,2,7,3,2,,7,,,2,1,2,10,1,4,9,1,3,6,1,4,4,4,1,4,2,9,9,1,1,1,3,4,4,10,8,7,5,9,5,1,3,3,4,2,6,7,3,3,,,4,7,,,2,8,7,1,2,1,4,8,4,10,4,4,2,2,2,7,8,9,9,9,3,3,7,2,,6,,,b'\x11\xe8\xe1I\xea\xd1u\x0e\x9a\xbe\x12\xdf\x17\xaeN\x1e'
11E8E149-EAD1-750E-9ABE-12DF17AE4E1E,2022-ncaa-d3-natl,ncaa,96,55,250,72,285,236,250,216,316,264,291,214,152,81,348,77,207,147,304,152,79,208,209,286,291,274,122,145,148,143,185,193,290,159,248,151,38,228,225,185,125,115,61,57,,,249,244,,,157,234,101,290,213,243,115,276,293,136,53,157,99,105,92,89,99,100,81,105,264,83,41,,320,,,159,74,76,188,44,132,244,52,53,132,28,108,185,248,46,247,237,192,221,30,32,23,154,97,296,338,290,286,185,307,248,55,95,107,92,35,214,206,130,181,,,221,237,,,157,195,259,43,157,94,105,268,154,312,53,131,228,282,284,274,342,348,345,345,79,65,239,143,,162,,,b'\x11\xe8\xe1I\xea\xd1u\x0e\x9a\xbe\x12\xdf\x17\xaeN\x1e'
11E8E149-EAD1-750E-9ABE-12DF17AE4E1E,2023-ncaa-d3-conf-NJAC,ncaa,3,1,5,3,6,3,3,3,2,4,6,1,2,2,2,2,10,10,9,8,8,4,4,2,2,3,3,2,10,3,2,3,3,3,2,1,1,7,6,1,2,2,4,4,,,7,7,,,2,4,4,6,3,3,3,4,8,2,1,10,9,9,3,3,3,2,3,1,8,2,4,,7,,,2,3,3,4,1,3,8,1,2,4,3,2,5,5,5,4,3,4,5,1,1,1,4,2,7,3,3,4,2,4,2,4,5,2,3,3,3,2,2,3,,,9,9,,,2,6,4,1,1,3,3,4,5,7,2,2,4,5,4,4,5,3,3,4,4,2,4,2,,10,,,b'\x11\xe8\xe1I\xea\xd1u\x0e\x9a\xbe\x12\xdf\x17\xaeN\x1e'
11E8E149-EAD1-750E-9ABE-12DF17AE4E1E,2023-ncaa-d3-natl,ncaa,132,131,109,138,131,140,126,109,157,197,248,133,53,44,105,58,297,243,376,235,189,126,102,110,154,201,107,40,401,39,28,152,300,88,119,29,2,336,275,106,100,125,65,81,,,346,307,,,121,152,211,181,139,133,123,232,315,45,44,348,281,273,148,110,37,196,71,21,298,115,67,,332,,,123,174,158,268,85,225,333,73,86,120,97,73,322,330,161,322,249,287,308,61,77,80,177,85,349,336,300,164,28,248,119,169,184,116,145,114,222,163,238,272,,,273,386,,,121,275,144,109,125,130,125,204,180,281,64,85,304,317,311,224,254,313,109,204,145,119,200,214,,348,,,b'\x11\xe8\xe1I\xea\xd1u\x0e\x9a\xbe\x12\xdf\x17\xaeN\x1e'
11E8E149-EAD1-750E-9ABE-12DF17AE4E1E,2024-ncaa-d3-conf-NJAC,ncaa,3,3,1,3,1,1,1,2,1,1,2,1,2,3,5,4,2,3,4,2,6,2,2,2,2,2,7,4,8,2,3,1,6,2,4,1,4,6,4,2,3,8,5,6,,,8,4,,,3,1,3,4,1,1,2,1,3,4,3,3,3,3,2,2,3,1,2,1,5,4,6,,5,,,3,8,9,9,5,9,10,5,2,4,1,2,8,10,1,10,4,10,10,2,2,3,3,1,4,10,6,4,3,7,4,8,8,5,9,8,7,5,4,3,,,2,5,,,3,10,2,6,3,7,7,8,8,10,2,2,6,9,9,8,8,8,2,5,7,7,6,3,,2,,,b'\x11\xe8\xe1I\xea\xd1u\x0e\x9a\xbe\x12\xdf\x17\xaeN\x1e'
11E8E149-EAD1-750E-9ABE-12DF17AE4E1E,2024-ncaa-d3-natl,ncaa,110,139,63,133,92,50,43,71,39,56,100,38,86,98,103,173,145,133,258,125,211,71,77,44,56,69,261,191,336,73,78,93,343,81,180,42,118,245,147,74,162,251,93,179,,,312,197,,,108,80,157,244,44,35,96,61,156,107,129,195,177,175,93,118,92,145,103,42,185,207,114,,248,,,114,351,364,394,196,389,410,210,88,157,48,49,280,306,122,316,135,398,372,145,129,170,39,29,185,404,343,230,78,347,180,371,310,168,284,313,175,104,217,151,,,128,252,,,108,340,56,244,121,249,293,337,344,383,54,96,227,249,262,338,310,376,126,273,320,234,120,177,,191,,,b'\x11\xe8\xe1I\xea\xd1u\x0e\x9a\xbe\x12\xdf\x17\xaeN\x1e'
11E8E149-EAD1-750E-9ABE-12DF17AE4E1E,2025-ncaa-d3-conf-NJAC,genius_ncaa,5,5,1,5,2,5,4,5,4,3,5,3,4,3,4,2,10,9,6,9,7,5,3,4,4,5,6,3,10,3,3,1,8,1,5,4,4,7,6,5,6,8,2,3,,,7,5,,8,7,3,6,6,5,5,6,4,7,4,5,10,10,10,7,5,4,3,3,4,6,7,2,,6,,8,7,9,10,10,7,10,10,4,5,7,3,4,8,8,3,8,3,10,8,6,5,8,4,5,3,9,8,4,3,8,5,8,6,7,9,8,6,4,8,7,,,9,10,,9,7,8,5,7,7,7,7,7,9,9,5,5,6,6,6,7,5,8,2,6,8,8,4,7,,10,,9,b'\x11\xe8\xe1I\xea\xd1u\x0e\x9a\xbe\x12\xdf\x17\xaeN\x1e'
11E8E149-EAD1-750E-9ABE-12DF17AE4E1E,2025-ncaa-d3-natl,genius_ncaa,194,242,55,218,97,201,192,152,245,167,159,207,238,190,293,227,250,195,325,195,244,157,90,255,276,298,279,248,266,63,71,99,329,78,186,144,109,386,340,286,124,179,82,122,,,322,248,,388,285,113,218,258,288,257,247,220,219,278,241,306,262,262,260,161,79,163,109,183,338,164,97,,274,,384,278,333,332,370,183,346,386,147,185,181,219,66,274,328,41,332,207,375,354,164,141,181,112,115,199,387,329,230,71,339,186,369,340,169,268,311,338,274,308,268,,,193,300,,295,285,315,284,243,271,214,245,267,278,339,133,111,216,285,290,280,267,348,119,252,309,238,274,276,,279,,322,b'\x11\xe8\xe1I\xea\xd1u\x0e\x9a\xbe\x12\xdf\x17\xaeN\x1e'
11E8E149-EAD1-750E-9ABE-12DF17AE4E1E,2026-ncaa-d3-conf-NJAC,genius_ncaa,8,8,1,8,2,9,9,10,8,7,5,8,10,10,10,10,8,9,5,9,10,10,8,8,8,9,10,10,4,8,8,8,7,9,8,7,5,10,10,9,8,9,6,6,,,7,8,,10,9,7,7,2,9,9,10,7,5,10,10,8,9,9,10,8,8,8,9,7,10,8,6,,7,,10,9,9,9,7,10,8,2,10,9,10,7,9,7,8,4,8,10,8,6,10,10,10,9,9,2,7,7,2,8,6,8,10,9,8,9,10,8,9,8,8,,,9,7,,9,9,3,8,10,10,9,9,7,8,2,9,10,7,8,8,8,6,7,2,6,10,8,8,8,,9,,9,b'\x11\xe8\xe1I\xea\xd1u\x0e\x9a\xbe\x12\xdf\x17\xaeN\x1e'
11E8E149-EAD1-750E-9ABE-12DF17AE4E1E,2026-ncaa-d3-natl,genius_ncaa,345,268,327,351,337,386,382,380,325,370,316,376,391,403,153,407,365,355,300,353,318,379,361,346,352,391,358,368,146,369,320,372,389,378,371,359,135,291,404,379,309,244,215,172,,,131,257,,370,389,346,155,113,392,382,395,308,141,390,410,324,284,280,396,221,327,348,362,330,398,206,137,,305,,411,397,187,198,105,373,182,104,360,237,147,361,255,132,168,66,155,278,108,91,385,367,378,210,289,115,244,389,84,320,130,371,321,394,344,313,390,302,393,242,335,,,363,310,,381,389,65,390,392,398,382,379,331,357,285,373,323,270,337,329,341,319,370,224,331,402,268,392,358,,308,,381,b'\x11\xe8\xe1I\xea\xd1u\x0e\x9a\xbe\x12\xdf\x17\xaeN\x1e'
11E8E149-EAD6-22E8-9ABE-12DF17AE4E1E,2018-ncaa-d3-conf-Little East,ncaa,5,5,5,5,5,8,8,7,7,8,8,8,3,3,5,2,7,7,6,7,6,6,8,8,8,8,2,2,7,7,8,5,6,7,7,8,6,1,4,6,7,6,8,7,,,3,5,,,5,7,7,2,8,8,5,8,8,3,2,7,7,7,6,8,7,5,7,8,1,6,8,,3,,,5,1,1,2,3,1,1,3,6,5,5,6,5,3,6,3,8,2,2,4,4,4,7,7,6,5,6,7,8,7,7,1,6,5,5,4,1,3,4,5,,,6,2,,,5,2,8,4,6,4,3,3,1,1,7,6,6,3,3,2,2,6,7,7,5,5,1,4,,6,,,"b'\x11\xe8\xe1I\xea\xd6""\xe8\x9a\xbe\x12\xdf\x17\xaeN\x1e'"
11E8E149-EAD6-22E8-9ABE-12DF17AE4E1E,2018-ncaa-d3-natl,ncaa,346,394,123,365,155,324,329,191,389,407,384,394,38,19,210,8,414,422,330,419,358,255,256,345,373,357,12,3,433,378,433,185,297,276,404,301,212,240,262,304,335,375,379,387,,,140,80,,,379,188,248,179,386,389,244,431,429,34,18,432,437,436,345,349,415,223,355,348,202,369,397,,86,,,366,327,319,339,216,180,165,218,431,427,331,423,155,130,312,127,163,311,296,295,276,289,398,425,91,347,297,429,433,421,404,322,242,204,253,279,166,191,47,124,,,321,330,,,379,262,378,301,365,269,271,302,152,123,421,420,123,104,103,251,241,325,415,388,286,256,135,31,,380,,,"b'\x11\xe8\xe1I\xea\xd6""\xe8\x9a\xbe\x12\xdf\x17\xaeN\x1e'"
11E8E149-EAD6-22E8-9ABE-12DF17AE4E1E,2019-ncaa-d3-conf-Little East,ncaa,9,9,7,9,8,9,9,9,7,9,9,8,4,4,7,2,9,8,9,8,3,9,9,8,9,9,3,2,6,9,9,8,6,9,9,9,2,5,9,9,9,8,8,8,,,5,8,,,9,9,7,4,9,8,8,9,9,3,2,9,6,6,9,8,9,8,9,7,8,9,8,,7,,,9,6,7,1,8,4,1,8,8,4,8,8,4,4,7,4,8,1,1,8,8,9,6,8,3,3,6,5,9,3,9,8,9,8,5,9,7,9,2,7,,,6,3,,,9,1,9,9,9,8,8,4,8,2,8,5,6,5,5,4,3,4,8,6,8,6,9,4,,4,,,"b'\x11\xe8\xe1I\xea\xd6""\xe8\x9a\xbe\x12\xdf\x17\xaeN\x1e'"
11E8E149-EAD6-22E8-9ABE-12DF17AE4E1E,2019-ncaa-d3-natl,ncaa,390,412,215,398,234,367,371,363,354,387,404,266,216,101,387,40,367,361,337,357,149,367,346,333,346,376,106,83,286,413,427,384,309,406,411,322,150,322,386,357,381,393,323,321,,,270,341,,,383,298,323,82,401,403,403,410,428,219,90,383,377,371,415,391,430,423,437,350,328,395,339,,294,,,375,201,199,109,335,195,99,358,252,247,269,318,213,178,344,158,245,103,118,340,357,302,260,263,224,149,309,283,427,228,411,351,410,185,138,293,263,330,103,273,,,227,94,,,383,135,396,290,383,230,231,112,218,96,265,254,233,191,169,109,126,154,313,256,345,166,275,107,,194,,,"b'\x11\xe8\xe1I\xea\xd6""\xe8\x9a\xbe\x12\xdf\x17\xaeN\x1e'"
11E8E149-EAD6-22E8-9ABE-12DF17AE4E1E,2020-ncaa-d3-conf-Little East,ncaa,6,6,5,6,5,8,8,8,7,8,9,6,7,5,9,2,8,9,6,9,6,8,8,7,7,8,4,3,7,7,6,6,4,7,5,8,6,9,9,8,4,3,7,7,,,4,5,,,8,7,7,4,8,8,9,8,9,6,5,8,8,9,9,8,7,5,7,8,9,4,7,,4,,,8,2,2,2,4,3,3,4,4,5,6,5,2,3,1,3,5,1,1,4,4,3,5,6,3,5,4,4,6,4,5,4,6,3,2,4,7,8,3,6,,,6,7,,,8,2,8,3,8,3,2,3,3,3,5,4,2,2,2,3,3,4,5,5,4,4,7,4,,8,,,"b'\x11\xe8\xe1I\xea\xd6""\xe8\x9a\xbe\x12\xdf\x17\xaeN\x1e'"
11E8E149-EAD6-22E8-9ABE-12DF17AE4E1E,2020-ncaa-d3-natl,ncaa,324,368,126,349,173,354,343,347,321,335,350,287,281,232,338,149,365,336,377,332,248,358,272,323,339,377,222,183,294,308,286,326,348,331,333,315,234,413,416,391,178,173,330,317,,,261,303,,,323,254,332,303,399,383,411,377,392,300,255,401,369,367,418,355,341,396,392,364,391,189,353,,257,,,317,108,118,119,168,113,109,213,200,226,157,299,178,184,203,184,260,109,195,187,186,104,272,275,242,289,348,188,286,236,333,253,360,75,54,131,335,348,285,351,,,161,95,,,323,171,386,135,325,99,100,76,101,67,188,202,162,163,166,67,132,262,149,200,224,79,316,266,,177,,,"b'\x11\xe8\xe1I\xea\xd6""\xe8\x9a\xbe\x12\xdf\x17\xaeN\x1e'"
11E8E149-EAD6-22E8-9ABE-12DF17AE4E1E,2021-ncaa-d3-conf-Little East,ncaa,3,5,2,3,2,3,3,2,5,2,2,3,3,1,6,1,2,3,3,1,2,2,2,5,5,5,3,4,2,2,4,3,1,2,2,3,4,5,5,5,2,3,1,1,,,5,6,,,4,2,2,3,4,5,3,5,6,3,1,2,3,2,2,2,4,3,4,4,6,4,1,,6,,,3,6,6,5,3,5,5,3,5,5,4,4,6,6,5,6,5,5,5,3,3,3,5,4,6,3,1,5,4,5,2,5,2,2,2,3,4,2,5,4,,,1,1,,,4,5,5,3,3,3,3,2,4,2,4,3,5,5,5,2,3,1,3,2,2,3,1,3,,1,,,"b'\x11\xe8\xe1I\xea\xd6""\xe8\x9a\xbe\x12\xdf\x17\xaeN\x1e'"
11E8E149-EAD6-22E8-9ABE-12DF17AE4E1E,2021-ncaa-d3-natl,ncaa,101,149,112,125,130,153,157,130,233,171,189,131,91,48,233,6,162,152,217,152,68,137,129,207,219,224,34,28,195,135,193,124,43,129,139,144,94,189,216,209,146,177,77,45,,,195,262,,,152,128,146,110,226,230,186,256,278,75,16,224,215,211,210,154,169,149,170,183,202,187,70,,241,,,147,126,119,128,85,115,128,66,155,139,207,163,152,170,58,169,202,132,146,107,106,65,235,216,187,106,43,177,193,148,139,125,127,88,42,49,92,28,103,149,,,124,117,,,152,152,228,49,150,56,43,34,36,42,154,100,132,160,154,43,78,34,179,110,73,72,31,59,,122,,,"b'\x11\xe8\xe1I\xea\xd6""\xe8\x9a\xbe\x12\xdf\x17\xaeN\x1e'"
11E8E149-EAD6-22E8-9ABE-12DF17AE4E1E,2022-ncaa-d3-conf-Little East,ncaa,5,5,4,5,5,7,7,6,8,9,8,6,4,4,4,3,7,5,9,5,1,7,6,6,7,7,1,2,5,7,7,7,4,8,7,6,6,5,6,8,3,3,8,8,,,6,8,,,6,6,5,5,7,7,7,9,8,4,3,7,3,3,7,6,8,7,9,7,6,4,8,,7,,,6,3,1,2,5,2,1,6,5,8,4,9,5,3,9,3,6,2,3,5,5,4,7,7,5,2,4,6,7,4,7,3,7,3,1,3,4,5,1,4,,,6,4,,,6,4,7,4,6,3,3,1,3,1,4,8,5,2,2,1,3,3,7,6,3,1,5,1,,4,,,"b'\x11\xe8\xe1I\xea\xd6""\xe8\x9a\xbe\x12\xdf\x17\xaeN\x1e'"
11E8E149-EAD6-22E8-9ABE-12DF17AE4E1E,2022-ncaa-d3-natl,ncaa,256,257,250,263,253,325,324,333,284,345,359,266,170,155,226,97,315,241,404,234,69,324,301,255,285,327,91,90,223,304,287,320,164,319,258,296,203,326,366,341,165,122,384,353,,,275,366,,,220,285,285,21,346,349,373,376,388,154,131,325,192,181,361,280,305,335,337,302,343,144,398,,337,,,220,54,42,62,104,31,37,146,206,263,111,388,212,154,383,151,348,62,124,131,158,72,392,344,349,82,164,143,287,114,258,108,315,79,19,46,156,199,28,56,,,189,84,,,220,146,339,60,223,70,44,37,32,16,225,302,245,198,197,44,136,101,185,148,137,42,187,19,,121,,,"b'\x11\xe8\xe1I\xea\xd6""\xe8\x9a\xbe\x12\xdf\x17\xaeN\x1e'"
11E8E149-EAD6-22E8-9ABE-12DF17AE4E1E,2023-ncaa-d3-conf-Little East,ncaa,6,8,5,8,6,7,7,6,8,8,8,6,2,2,7,2,9,8,8,8,3,6,5,6,7,7,2,2,9,5,5,6,4,6,5,7,6,8,8,8,5,5,9,8,,,6,7,,,7,5,5,4,8,8,9,8,9,2,2,9,8,8,9,7,5,7,7,7,6,6,9,,7,,,7,5,5,2,7,3,1,8,7,8,7,9,4,4,2,4,8,2,2,8,7,7,9,8,3,3,4,5,5,5,5,7,8,3,2,8,7,7,1,2,,,9,9,,,7,4,8,6,7,4,3,1,3,1,9,9,4,4,4,1,3,3,5,4,7,2,7,1,,9,,,"b'\x11\xe8\xe1I\xea\xd6""\xe8\x9a\xbe\x12\xdf\x17\xaeN\x1e'"
11E8E149-EAD6-22E8-9ABE-12DF17AE4E1E,2023-ncaa-d3-natl,ncaa,316,297,333,323,363,378,375,375,358,391,391,359,199,185,267,78,389,379,353,377,231,382,378,337,347,354,79,52,314,350,325,343,134,360,283,344,201,247,365,351,304,247,378,312,,,139,298,,,305,376,289,288,378,381,349,398,387,164,123,392,375,378,375,328,320,281,320,331,318,270,374,,243,,,304,48,53,35,238,40,23,346,221,272,123,403,60,72,88,70,274,32,37,275,247,178,307,356,128,53,134,157,325,94,283,255,401,208,91,238,180,288,30,117,,,348,244,,,305,52,356,151,309,117,139,78,97,26,290,347,84,108,105,70,105,111,297,212,302,129,250,35,,311,,,"b'\x11\xe8\xe1I\xea\xd6""\xe8\x9a\xbe\x12\xdf\x17\xaeN\x1e'"
11E8E149-EAD6-22E8-9ABE-12DF17AE4E1E,2024-ncaa-d3-conf-Little East,ncaa,5,5,5,5,5,4,9,9,5,9,9,7,3,3,3,2,1,2,2,2,1,9,9,4,3,3,2,2,1,9,9,9,8,9,9,9,9,2,5,8,6,6,9,9,,,4,4,,,4,7,8,3,5,9,9,8,8,3,3,1,1,1,9,9,9,9,9,9,2,6,9,,3,,,4,3,5,6,5,4,3,7,9,9,5,9,2,1,3,1,5,4,3,6,5,5,7,9,2,8,8,3,9,4,9,9,9,5,6,7,2,2,6,9,,,2,1,,,4,3,3,6,4,4,6,5,4,3,9,9,2,2,2,4,4,7,3,7,8,6,2,6,,1,,,"b'\x11\xe8\xe1I\xea\xd6""\xe8\x9a\xbe\x12\xdf\x17\xaeN\x1e'"
11E8E149-EAD6-22E8-9ABE-12DF17AE4E1E,2024-ncaa-d3-natl,ncaa,227,232,200,238,257,299,340,315,353,374,370,367,129,113,157,64,187,245,65,258,95,308,337,309,267,246,14,39,81,373,384,357,358,375,394,378,389,127,216,336,234,206,390,377,,,109,130,,,267,312,327,244,328,366,355,402,392,117,107,174,245,264,356,386,397,401,412,394,132,229,394,,108,,,265,124,152,137,212,101,76,222,362,334,318,394,63,76,82,75,152,113,134,260,220,185,320,405,74,274,358,259,384,274,394,327,404,180,130,284,38,68,265,372,,,190,46,,,267,114,299,219,272,146,168,146,110,62,360,342,55,67,68,111,146,282,273,284,327,163,39,282,,160,,,"b'\x11\xe8\xe1I\xea\xd6""\xe8\x9a\xbe\x12\xdf\x17\xaeN\x1e'"
11E8E149-EAD6-22E8-9ABE-12DF17AE4E1E,2025-ncaa-d3-conf-Little East,genius_ncaa,4,5,2,5,2,4,6,6,6,8,9,5,3,3,4,1,1,2,1,2,1,6,7,4,4,4,1,3,1,8,8,4,8,6,8,7,9,3,5,7,6,7,7,6,,,3,3,,5,4,6,8,4,5,7,9,9,9,3,3,1,3,3,9,9,8,6,9,9,4,7,9,,3,,5,4,4,4,5,3,1,4,2,8,8,6,8,4,4,5,4,4,6,6,3,3,3,8,9,4,8,8,8,8,8,8,6,6,6,6,5,1,1,2,6,,,1,1,,1,4,4,4,5,4,4,3,5,1,4,7,7,2,3,3,5,4,8,5,8,5,7,1,2,,1,,1,"b'\x11\xe8\xe1I\xea\xd6""\xe8\x9a\xbe\x12\xdf\x17\xaeN\x1e'"
11E8E149-EAD6-22E8-9ABE-12DF17AE4E1E,2025-ncaa-d3-natl,genius_ncaa,217,242,116,232,184,197,283,259,293,366,400,210,36,16,192,6,90,109,123,110,6,224,269,217,175,158,4,12,65,344,376,229,304,294,361,362,395,96,127,308,279,307,235,223,,,226,214,,286,186,225,296,380,239,336,336,399,416,30,19,87,110,114,298,362,379,288,370,384,82,322,248,,199,,280,189,150,124,206,95,69,130,65,353,326,316,343,171,217,61,222,276,203,228,152,124,130,384,387,184,308,304,332,376,341,361,204,267,146,151,173,3,5,121,308,,,39,4,,11,186,194,204,157,185,118,100,151,54,85,319,302,141,182,185,148,162,285,299,302,175,166,2,100,,27,,12,"b'\x11\xe8\xe1I\xea\xd6""\xe8\x9a\xbe\x12\xdf\x17\xaeN\x1e'"
11E8E149-EAD6-22E8-9ABE-12DF17AE4E1E,2026-ncaa-d3-conf-Little East,genius_ncaa,1,1,1,1,2,1,1,3,1,2,6,1,2,2,6,2,1,3,4,3,3,3,3,2,1,2,4,3,5,4,5,7,5,7,6,7,9,6,4,9,1,1,3,5,,,5,3,,3,2,2,1,2,1,1,3,2,7,2,2,2,4,4,3,3,4,9,9,9,4,1,4,,3,,3,2,5,6,6,6,6,7,4,6,5,8,3,4,5,1,5,4,4,8,6,5,3,4,6,4,6,5,4,5,4,6,7,5,1,1,2,7,5,1,1,,,1,2,,1,2,9,2,2,2,4,4,4,4,7,5,3,2,4,4,2,7,4,2,2,5,1,5,1,,1,,1,"b'\x11\xe8\xe1I\xea\xd6""\xe8\x9a\xbe\x12\xdf\x17\xaeN\x1e'"
11E8E149-EAD6-22E8-9ABE-12DF17AE4E1E,2026-ncaa-d3-natl,genius_ncaa,13,68,42,64,42,6,3,12,54,14,74,10,5,1,151,24,145,223,16,223,365,20,28,39,47,45,159,72,391,98,219,143,267,123,273,76,389,314,125,198,11,44,128,216,,,365,153,,130,26,24,25,7,5,5,13,33,159,10,4,245,342,349,22,28,187,317,278,180,215,19,195,,288,,96,46,354,349,362,229,343,355,233,322,338,202,212,330,343,197,347,226,363,390,233,221,98,187,199,212,307,267,338,219,333,273,364,285,8,25,76,241,70,226,148,,,55,244,,4,26,398,63,84,49,275,275,283,273,261,245,264,253,244,260,278,392,208,247,236,307,13,134,143,,118,,8,"b'\x11\xe8\xe1I\xea\xd6""\xe8\x9a\xbe\x12\xdf\x17\xaeN\x1e'"
11E8E149-EADA-A4F8-9ABE-12DF17AE4E1E,2018-ncaa-d3-conf-NCAC,ncaa,3,3,3,3,3,4,4,5,4,8,7,6,1,1,2,1,9,9,2,9,9,6,7,4,4,4,1,1,9,7,7,4,2,4,3,2,1,3,3,2,2,2,6,4,,,6,8,,,3,6,9,3,6,6,3,9,9,1,1,9,9,9,9,9,6,4,6,1,3,2,6,,5,,,3,2,1,3,2,2,2,3,2,5,1,8,4,4,4,5,9,3,4,2,2,2,7,2,9,2,2,7,7,3,3,1,1,5,2,1,3,3,5,5,,,9,9,,,3,3,3,2,3,2,1,2,2,2,2,4,4,4,4,2,2,2,3,3,1,4,2,4,,9,,,b'\x11\xe8\xe1I\xea\xda\xa4\xf8\x9a\xbe\x12\xdf\x17\xaeN\x1e'
11E8E149-EADA-A4F8-9ABE-12DF17AE4E1E,2018-ncaa-d3-natl,ncaa,52,37,123,43,137,245,198,205,187,239,276,220,95,128,90,92,416,430,109,430,443,279,331,151,198,158,210,64,442,281,297,151,21,216,125,175,181,54,102,83,251,201,258,206,,,145,277,,,110,339,430,72,294,237,265,295,323,110,137,437,441,441,378,427,329,169,269,187,39,296,282,,96,,,111,33,27,75,34,40,63,91,77,232,10,332,166,109,413,113,250,71,70,29,44,65,268,187,346,31,21,200,297,97,125,13,28,286,211,68,45,70,79,87,,,421,419,,,110,103,187,46,100,16,18,30,27,27,56,190,134,87,92,23,11,24,171,76,5,348,44,58,,440,,,b'\x11\xe8\xe1I\xea\xda\xa4\xf8\x9a\xbe\x12\xdf\x17\xaeN\x1e'
11E8E149-EADA-A4F8-9ABE-12DF17AE4E1E,2019-ncaa-d3-conf-NCAC,ncaa,4,3,5,4,7,6,5,6,6,7,9,5,1,1,3,1,9,9,2,9,8,8,8,4,4,3,1,1,8,4,2,5,5,3,3,3,2,1,2,1,8,7,4,3,,,4,9,,,4,9,8,8,5,5,4,7,9,1,1,8,9,9,5,8,3,4,2,3,2,8,4,,5,,,4,3,1,1,4,1,1,2,5,5,7,7,5,7,1,7,9,1,1,5,4,5,9,9,7,2,5,2,2,2,3,1,1,7,5,1,2,2,1,3,,,9,9,,,4,1,3,5,3,3,2,1,1,1,5,6,6,7,7,3,2,4,4,4,1,6,2,1,,9,,,b'\x11\xe8\xe1I\xea\xda\xa4\xf8\x9a\xbe\x12\xdf\x17\xaeN\x1e'
11E8E149-EADA-A4F8-9ABE-12DF17AE4E1E,2019-ncaa-d3-natl,ncaa,137,104,215,130,310,267,259,244,287,345,359,286,60,55,127,36,372,402,106,402,366,292,363,213,241,152,53,28,395,160,153,215,92,201,121,157,41,14,21,29,395,365,209,158,,,178,355,,,157,390,432,404,277,265,200,373,378,39,45,388,416,416,294,413,144,174,142,132,15,409,198,,196,,,156,64,47,70,92,31,81,59,228,159,334,268,189,198,184,196,314,75,51,120,129,193,392,360,316,69,92,187,153,132,121,14,17,385,346,114,25,47,29,58,,,407,406,,,157,55,121,187,145,71,50,56,38,70,234,173,203,213,213,61,15,89,195,138,10,406,30,25,,432,,,b'\x11\xe8\xe1I\xea\xda\xa4\xf8\x9a\xbe\x12\xdf\x17\xaeN\x1e'
11E8E149-EADA-A4F8-9ABE-12DF17AE4E1E,2020-ncaa-d3-conf-NCAC,ncaa,6,6,5,6,5,8,7,8,5,9,9,4,1,1,2,1,9,9,1,9,9,8,9,4,4,5,1,1,8,9,9,7,7,8,7,3,2,3,6,3,9,9,4,4,,,6,7,,,6,9,7,1,8,8,7,9,9,1,1,9,9,9,8,9,8,5,8,2,4,9,3,,5,,,6,5,4,2,5,5,4,5,1,1,5,1,8,7,8,7,8,3,2,5,5,6,6,2,8,6,7,5,9,5,7,3,2,9,8,6,5,9,1,1,,,9,9,,,6,2,7,6,7,5,5,5,5,5,2,1,8,7,7,5,5,6,5,5,4,9,6,1,,9,,,b'\x11\xe8\xe1I\xea\xda\xa4\xf8\x9a\xbe\x12\xdf\x17\xaeN\x1e'
11E8E149-EADA-A4F8-9ABE-12DF17AE4E1E,2020-ncaa-d3-natl,ncaa,263,275,198,276,218,300,300,333,236,329,361,230,141,165,156,73,379,426,2,426,410,366,372,194,190,228,133,69,382,350,334,308,329,342,322,204,68,164,292,186,329,317,162,168,,,146,227,,,304,371,402,63,322,310,358,352,379,141,149,397,433,432,403,409,370,329,367,189,185,337,155,,161,,,301,186,168,137,240,224,219,216,112,93,241,96,330,285,386,283,270,156,95,209,249,313,185,107,340,281,329,130,334,185,322,104,83,362,346,263,274,350,10,20,,,409,388,,,304,69,257,329,305,223,204,172,245,249,124,83,336,299,300,196,103,292,152,219,125,378,292,9,,427,,,b'\x11\xe8\xe1I\xea\xda\xa4\xf8\x9a\xbe\x12\xdf\x17\xaeN\x1e'
11E8E149-EADA-A4F8-9ABE-12DF17AE4E1E,2022-ncaa-d3-conf-NCAC,ncaa,6,6,3,6,3,5,5,8,6,8,8,8,2,4,2,4,3,4,2,3,2,7,8,5,4,4,1,1,3,6,6,8,8,8,8,7,7,4,5,6,6,8,5,7,,,1,1,,,6,6,7,3,5,6,8,8,9,1,4,2,4,3,8,9,6,8,8,7,4,8,5,,1,,,6,8,8,8,8,8,8,8,8,3,9,2,2,2,7,2,1,7,5,8,8,8,1,4,1,8,8,5,6,7,8,9,9,7,9,9,6,6,3,4,,,8,8,,,6,4,4,8,6,8,8,8,8,8,9,2,2,2,2,7,6,8,4,7,9,9,6,3,,9,,,b'\x11\xe8\xe1I\xea\xda\xa4\xf8\x9a\xbe\x12\xdf\x17\xaeN\x1e'
11E8E149-EADA-A4F8-9ABE-12DF17AE4E1E,2022-ncaa-d3-natl,ncaa,328,385,107,351,139,196,215,230,225,264,256,288,86,133,44,125,200,289,8,280,231,240,245,180,155,174,67,66,191,319,345,312,379,318,374,279,363,200,231,286,289,337,131,210,,,113,60,,,357,220,341,182,249,284,333,343,341,89,170,223,347,340,355,378,364,402,403,330,161,337,149,,54,,,341,408,414,349,411,415,390,387,298,187,397,95,185,117,409,120,33,324,253,402,398,412,39,151,48,355,379,269,345,321,374,413,340,326,378,414,297,309,174,210,,,324,349,,,357,208,206,412,346,374,388,324,396,366,258,123,144,73,77,288,176,323,203,270,396,387,260,154,,402,,,b'\x11\xe8\xe1I\xea\xda\xa4\xf8\x9a\xbe\x12\xdf\x17\xaeN\x1e'
11E8E149-EADA-A4F8-9ABE-12DF17AE4E1E,2023-ncaa-d3-conf-NCAC,ncaa,6,6,5,6,6,6,6,8,6,7,8,6,4,4,2,1,5,7,3,6,1,8,8,6,5,6,1,1,3,8,7,5,7,7,7,7,7,5,6,6,8,8,6,6,,,5,6,,,6,8,7,5,6,6,8,7,8,2,3,4,6,5,8,8,8,5,7,7,6,8,6,,6,,,6,7,7,6,6,8,8,7,3,2,5,1,7,7,2,7,4,6,3,6,6,8,2,1,5,7,7,5,7,6,7,5,2,8,8,8,5,7,3,5,,,5,2,,,6,1,6,8,7,7,7,7,8,8,3,2,7,7,7,7,5,7,6,7,6,8,6,4,,4,,,b'\x11\xe8\xe1I\xea\xda\xa4\xf8\x9a\xbe\x12\xdf\x17\xaeN\x1e'
11E8E149-EADA-A4F8-9ABE-12DF17AE4E1E,2023-ncaa-d3-natl,ncaa,341,345,271,349,284,306,335,369,280,361,358,342,173,262,52,182,175,263,19,251,94,361,380,242,190,211,41,111,55,372,328,332,335,361,331,389,416,113,246,352,418,426,212,260,,,144,250,,,357,370,396,115,312,351,394,375,364,155,248,118,230,209,382,396,375,324,375,405,154,426,202,,200,,,349,311,326,214,356,374,345,305,90,58,296,39,295,265,341,270,177,219,71,307,329,417,57,44,237,287,335,97,328,161,331,110,22,420,428,411,230,323,274,363,,,316,172,,,357,49,251,419,360,348,349,313,380,387,120,69,336,305,313,322,106,323,143,227,155,429,262,315,,313,,,b'\x11\xe8\xe1I\xea\xda\xa4\xf8\x9a\xbe\x12\xdf\x17\xaeN\x1e'
11E8E149-EADA-A4F8-9ABE-12DF17AE4E1E,2024-ncaa-d3-conf-NCAC,ncaa,7,7,5,7,6,8,8,8,7,7,8,7,8,8,5,5,8,7,8,7,3,8,8,7,7,7,3,4,3,8,8,6,7,8,6,8,8,8,8,8,8,8,5,5,,,4,7,,,7,8,8,3,8,8,8,7,8,8,8,8,7,7,8,8,8,5,8,8,8,8,4,,6,,,7,6,6,5,6,6,4,6,4,4,5,4,5,5,1,7,7,6,1,5,5,7,3,5,4,8,7,1,8,4,6,6,4,8,8,7,8,8,1,6,,,6,2,,,7,1,7,7,7,6,6,6,6,6,4,6,6,7,7,8,3,8,4,4,6,8,8,2,,5,,,b'\x11\xe8\xe1I\xea\xda\xa4\xf8\x9a\xbe\x12\xdf\x17\xaeN\x1e'
11E8E149-EADA-A4F8-9ABE-12DF17AE4E1E,2024-ncaa-d3-natl,ncaa,385,417,112,395,170,390,394,389,375,381,376,368,354,347,361,252,271,288,178,287,109,390,346,375,364,390,159,270,39,356,325,252,378,324,324,406,371,393,412,413,419,425,78,97,,,249,289,,,407,323,411,244,413,418,426,413,410,368,370,305,331,331,425,420,395,326,386,418,378,426,77,,214,,,395,347,337,308,296,337,292,309,263,274,228,203,272,285,189,290,228,315,157,288,286,385,168,191,178,385,378,87,325,246,324,331,263,412,422,414,420,420,258,373,,,222,69,,,407,99,393,405,401,311,304,287,308,258,243,243,257,260,264,284,85,363,55,200,293,426,408,234,,275,,,b'\x11\xe8\xe1I\xea\xda\xa4\xf8\x9a\xbe\x12\xdf\x17\xaeN\x1e'
11E8E149-EADA-A4F8-9ABE-12DF17AE4E1E,2025-ncaa-d3-conf-NCAC,genius_ncaa,8,8,7,8,8,8,8,8,8,8,7,8,8,8,8,5,8,8,6,8,6,8,8,8,8,8,7,7,3,8,8,6,8,8,8,8,8,6,7,8,7,7,8,8,,,2,2,,3,8,8,6,7,8,8,8,8,6,8,8,8,8,8,8,8,8,4,8,8,7,7,8,,4,,3,8,6,6,6,6,6,4,6,7,7,6,5,4,4,1,4,3,5,3,6,6,7,3,5,2,8,8,8,8,8,8,6,4,8,8,7,7,8,7,7,,,8,7,,3,8,1,8,7,8,7,7,7,7,7,7,7,5,7,7,7,7,8,8,8,6,8,7,7,,8,,3,b'\x11\xe8\xe1I\xea\xda\xa4\xf8\x9a\xbe\x12\xdf\x17\xaeN\x1e'
11E8E149-EADA-A4F8-9ABE-12DF17AE4E1E,2025-ncaa-d3-natl,genius_ncaa,403,400,345,408,367,401,391,400,367,392,401,337,353,325,365,117,413,417,192,417,405,403,404,360,368,384,240,160,366,416,418,381,391,401,410,393,351,264,391,385,378,371,272,274,,,37,62,,53,406,390,347,372,403,401,416,394,399,338,291,419,419,419,418,418,419,368,418,399,330,369,234,,52,,59,400,249,308,180,351,283,154,353,302,265,325,296,73,90,115,93,105,146,60,355,330,392,156,298,55,347,391,177,418,267,410,320,281,408,410,406,390,413,362,416,,,415,397,,267,406,33,395,401,406,358,374,351,357,303,357,344,121,142,145,333,211,371,307,354,356,410,395,391,,418,,251,b'\x11\xe8\xe1I\xea\xda\xa4\xf8\x9a\xbe\x12\xdf\x17\xaeN\x1e'
11E8E149-EADA-A4F8-9ABE-12DF17AE4E1E,2026-ncaa-d3-conf-NCAC,genius_ncaa,5,5,1,5,1,4,5,8,2,6,7,5,2,6,1,5,2,3,2,3,2,8,7,2,1,3,2,2,3,8,7,5,5,7,6,2,2,7,8,4,6,6,5,5,,,8,8,,8,6,2,1,1,4,5,8,6,7,2,6,2,3,3,8,7,8,5,7,2,7,6,5,,8,,8,6,8,6,4,5,7,6,5,1,4,1,3,8,7,8,7,5,5,6,4,6,7,2,1,7,4,5,3,7,3,6,2,2,5,6,3,6,7,3,3,,,2,2,,2,6,8,5,7,5,8,6,4,7,6,1,4,8,7,7,5,6,4,3,3,2,5,6,3,,2,,2,b'\x11\xe8\xe1I\xea\xda\xa4\xf8\x9a\xbe\x12\xdf\x17\xaeN\x1e'
11E8E149-EADA-A4F8-9ABE-12DF17AE4E1E,2026-ncaa-d3-natl,genius_ncaa,225,329,42,282,64,78,130,130,183,169,119,291,65,159,17,254,30,53,53,48,90,112,109,156,118,140,58,126,69,239,331,111,252,151,295,125,206,291,220,223,184,292,36,64,,,368,298,,387,299,85,197,113,178,252,323,298,265,116,269,65,118,111,290,307,347,247,322,235,184,273,51,,299,,360,284,380,378,350,329,363,340,312,357,344,317,229,376,356,372,365,266,361,340,329,340,361,245,224,247,328,252,318,331,326,295,336,152,167,305,302,228,145,180,123,,,70,94,,169,299,344,184,354,270,332,320,252,299,235,304,269,329,278,289,270,229,227,199,212,263,305,125,103,,151,,217,b'\x11\xe8\xe1I\xea\xda\xa4\xf8\x9a\xbe\x12\xdf\x17\xaeN\x1e'
11E8E149-EADF-45E4-9ABE-12DF17AE4E1E,2018-ncaa-d3-conf-NEAC,ncaa,2,3,1,3,1,2,1,3,1,1,3,2,3,5,1,8,13,12,14,12,12,3,2,2,2,3,9,7,14,4,2,1,1,2,2,1,6,12,10,4,2,2,1,1,,,14,13,,,1,3,12,5,4,2,9,4,8,5,8,13,13,13,10,10,6,3,4,2,8,6,2,,10,,,1,3,1,4,1,2,5,1,6,5,5,7,14,13,13,13,14,6,9,2,2,1,14,9,14,3,1,3,2,3,2,1,1,2,2,1,7,5,2,1,,,5,10,,,1,12,2,1,1,1,1,1,1,2,2,2,14,11,11,1,2,1,2,1,1,6,4,2,,11,,,b'\x11\xe8\xe1I\xea\xdfE\xe4\x9a\xbe\x12\xdf\x17\xaeN\x1e'
11E8E149-EADF-45E4-9ABE-12DF17AE4E1E,2018-ncaa-d3-conf-United East,ncaa,2,3,1,3,1,2,1,3,1,1,3,2,3,5,1,8,13,12,14,12,12,3,2,2,2,3,9,7,14,4,2,1,1,2,2,1,6,12,10,4,2,2,1,1,,,14,13,,,1,3,12,5,4,2,9,4,8,5,8,13,13,13,10,10,6,3,4,2,8,6,2,,10,,,1,3,1,4,1,2,5,1,6,5,5,7,14,13,13,13,14,6,9,2,2,1,14,9,14,3,1,3,2,3,2,1,1,2,2,1,7,5,2,1,,,5,10,,,1,12,2,1,1,1,1,1,1,2,2,2,14,11,11,1,2,1,2,1,1,6,4,2,,11,,,b'\x11\xe8\xe1I\xea\xdfE\xe4\x9a\xbe\x12\xdf\x17\xaeN\x1e'
11E8E149-EADF-45E4-9ABE-12DF17AE4E1E,2018-ncaa-d3-natl,ncaa,66,49,123,60,174,138,77,131,54,106,122,100,84,192,19,218,407,385,415,387,426,162,132,50,105,159,310,116,444,93,42,95,15,83,16,81,157,356,316,174,61,44,35,16,,,345,376,,,42,155,189,254,132,52,124,88,137,98,210,425,414,420,196,146,90,74,62,62,334,60,34,,335,,,41,49,23,81,12,18,121,6,155,123,296,153,344,344,238,342,386,110,207,20,45,27,422,281,434,39,15,76,42,49,16,21,96,83,52,15,262,222,181,125,,,323,411,,,42,287,142,12,41,35,14,33,12,88,134,92,345,345,336,53,116,28,44,29,12,81,244,150,,382,,,b'\x11\xe8\xe1I\xea\xdfE\xe4\x9a\xbe\x12\xdf\x17\xaeN\x1e'
11E8E149-EADF-45E4-9ABE-12DF17AE4E1E,2019-ncaa-d3-conf-NEAC,ncaa,2,2,4,2,4,5,4,6,2,2,4,2,10,10,9,10,5,5,7,5,7,6,5,3,4,7,11,10,5,2,2,2,2,2,1,5,7,11,9,6,3,1,3,3,,,9,9,,,2,8,9,6,6,4,7,3,3,10,11,6,5,5,7,7,2,3,2,4,11,3,3,,9,,,2,1,1,2,1,1,4,1,1,1,4,2,6,9,3,10,9,2,4,1,1,1,9,3,11,2,2,1,2,1,1,1,5,2,1,1,11,9,4,2,,,6,6,,,2,5,3,1,2,1,1,1,1,2,1,1,7,7,8,1,3,2,1,1,1,1,11,4,,5,,,b'\x11\xe8\xe1I\xea\xdfE\xe4\x9a\xbe\x12\xdf\x17\xaeN\x1e'
11E8E149-EADF-45E4-9ABE-12DF17AE4E1E,2019-ncaa-d3-conf-United East,ncaa,2,2,4,2,4,5,4,6,2,2,4,2,10,10,9,10,5,5,7,5,7,6,5,3,4,7,11,10,5,2,2,2,2,2,1,5,7,11,9,6,3,1,3,3,,,9,9,,,2,8,9,6,6,4,7,3,3,10,11,6,5,5,7,7,2,3,2,4,11,3,3,,9,,,2,1,1,2,1,1,4,1,1,1,4,2,6,9,3,10,9,2,4,1,1,1,9,3,11,2,2,1,2,1,1,1,5,2,1,1,11,9,4,2,,,6,6,,,2,5,3,1,2,1,1,1,1,2,1,1,7,7,8,1,3,2,1,1,1,1,11,4,,5,,,b'\x11\xe8\xe1I\xea\xdfE\xe4\x9a\xbe\x12\xdf\x17\xaeN\x1e'
11E8E149-EADF-45E4-9ABE-12DF17AE4E1E,2019-ncaa-d3-natl,ncaa,78,46,215,65,239,156,107,177,63,45,77,69,377,371,316,397,241,210,291,198,336,179,160,124,152,171,432,414,312,73,23,94,59,71,21,144,273,286,256,193,132,114,113,110,,,133,135,,,53,213,185,98,114,48,111,14,35,381,381,226,191,176,108,93,59,25,27,117,299,114,104,,150,,,45,39,38,134,22,51,187,14,71,134,59,159,146,189,51,200,212,129,177,19,13,20,249,194,296,127,59,51,23,58,21,57,203,142,125,70,319,291,263,155,,,248,307,,,53,208,129,21,55,35,38,159,62,208,80,133,152,201,215,156,211,133,49,66,82,124,327,280,,231,,,b'\x11\xe8\xe1I\xea\xdfE\xe4\x9a\xbe\x12\xdf\x17\xaeN\x1e'
11E8E149-EADF-45E4-9ABE-12DF17AE4E1E,2020-ncaa-d3-conf-NEAC,ncaa,9,8,7,9,11,11,11,11,9,9,9,9,6,6,9,3,11,12,11,12,11,11,11,9,11,11,5,3,12,9,9,12,7,11,10,10,6,7,10,8,5,5,12,11,,,6,10,,,10,11,10,7,11,11,11,9,9,6,5,11,12,12,11,10,9,11,10,10,8,5,12,,9,,,10,2,2,1,8,2,1,9,2,1,5,6,4,4,6,4,9,1,1,7,7,3,6,4,9,1,7,9,9,4,10,3,4,4,3,4,9,10,5,8,,,10,6,,,10,2,11,3,10,2,2,1,4,3,3,3,6,8,6,1,1,2,10,8,3,4,9,5,,8,,,b'\x11\xe8\xe1I\xea\xdfE\xe4\x9a\xbe\x12\xdf\x17\xaeN\x1e'
11E8E149-EADF-45E4-9ABE-12DF17AE4E1E,2020-ncaa-d3-conf-United East,ncaa,9,8,7,9,11,11,11,11,9,9,9,9,6,6,9,3,11,12,11,12,11,11,11,9,11,11,5,3,12,9,9,12,7,11,10,10,6,7,10,8,5,5,12,11,,,6,10,,,10,11,10,7,11,11,11,9,9,6,5,11,12,12,11,10,9,11,10,10,8,5,12,,9,,,10,2,2,1,8,2,1,9,2,1,5,6,4,4,6,4,9,1,1,7,7,3,6,4,9,1,7,9,9,4,10,3,4,4,3,4,9,10,5,8,,,10,6,,,10,2,11,3,10,2,2,1,4,3,3,3,6,8,6,1,1,2,10,8,3,4,9,5,,8,,,b'\x11\xe8\xe1I\xea\xdfE\xe4\x9a\xbe\x12\xdf\x17\xaeN\x1e'
11E8E149-EADF-45E4-9ABE-12DF17AE4E1E,2020-ncaa-d3-natl,ncaa,263,218,372,263,381,382,355,373,289,368,385,253,215,197,266,77,427,429,400,429,406,390,405,260,318,331,215,73,435,410,414,353,127,394,346,295,138,126,308,258,256,160,393,379,,,67,187,,,281,396,288,144,371,324,296,348,358,172,124,433,430,429,362,358,402,274,365,237,236,180,386,,141,,,280,24,47,26,257,80,62,240,69,42,273,177,38,37,110,37,107,23,35,249,213,142,117,216,115,38,127,225,414,111,346,130,282,217,80,160,270,373,58,142,,,390,273,,,281,43,352,121,285,109,161,98,180,152,146,92,67,74,73,69,110,91,357,267,219,125,344,81,,358,,,b'\x11\xe8\xe1I\xea\xdfE\xe4\x9a\xbe\x12\xdf\x17\xaeN\x1e'
11E8E149-EADF-45E4-9ABE-12DF17AE4E1E,2021-ncaa-d3-conf-Empire 8,ncaa,6,6,4,6,4,5,5,5,7,5,5,5,4,2,6,1,5,5,1,5,5,5,5,6,6,6,2,1,6,5,7,5,6,5,6,5,5,7,7,7,5,6,6,6,,,3,1,,,7,4,5,1,6,7,7,7,7,5,2,7,7,7,7,6,7,5,6,7,7,6,6,,1,,,7,6,6,5,6,6,5,6,3,4,3,3,3,3,4,3,2,5,4,6,4,6,2,2,1,6,6,5,7,5,6,6,5,4,6,6,7,7,3,5,,,5,7,,,7,4,6,6,6,7,7,7,7,6,2,4,3,2,2,7,6,7,5,6,7,6,7,2,,7,,,b'\x11\xe8\xe1I\xea\xdfE\xe4\x9a\xbe\x12\xdf\x17\xaeN\x1e'
11E8E149-EADF-45E4-9ABE-12DF17AE4E1E,2021-ncaa-d3-natl,ncaa,251,214,193,251,197,220,220,207,269,236,227,250,164,121,254,2,239,244,34,245,268,211,206,263,264,270,21,7,266,211,239,209,276,207,270,220,150,117,268,266,205,230,209,236,,,68,10,,,269,205,229,110,276,276,256,281,283,105,22,280,282,282,275,257,235,247,255,263,248,205,221,,12,,,273,110,128,108,234,147,109,260,100,121,77,201,65,63,196,59,10,99,90,218,197,230,21,98,10,185,276,97,239,121,270,153,213,214,247,272,184,281,88,256,,,231,282,,,269,82,269,274,273,238,270,262,270,253,177,241,23,13,13,240,199,278,195,265,269,240,279,146,,282,,,b'\x11\xe8\xe1I\xea\xdfE\xe4\x9a\xbe\x12\xdf\x17\xaeN\x1e'
11E8E149-EADF-45E4-9ABE-12DF17AE4E1E,2022-ncaa-d3-conf-Empire 8,ncaa,9,9,6,9,9,9,9,9,9,9,9,9,5,1,9,1,9,9,6,9,7,9,9,9,9,9,1,1,7,8,8,8,8,8,8,9,4,7,9,9,9,9,9,9,,,4,5,,,9,9,9,5,9,9,9,9,9,5,1,9,9,9,9,9,7,8,8,9,8,9,9,,5,,,9,7,7,4,9,7,5,9,5,5,8,5,3,4,2,4,4,2,1,9,9,9,3,5,3,4,8,7,8,6,8,6,5,9,9,9,6,8,7,9,,,9,9,,,9,1,9,9,9,8,9,6,9,6,5,5,5,5,5,5,2,6,7,7,6,9,8,8,,9,,,b'\x11\xe8\xe1I\xea\xdfE\xe4\x9a\xbe\x12\xdf\x17\xaeN\x1e'
11E8E149-EADF-45E4-9ABE-12DF17AE4E1E,2022-ncaa-d3-natl,ncaa,406,429,188,422,231,377,389,221,425,420,419,415,44,8,369,1,412,410,350,410,295,267,228,406,414,408,2,1,424,206,336,161,331,176,356,343,137,377,373,383,357,395,365,387,,,195,142,,,414,231,210,290,410,416,217,429,428,31,5,422,425,426,345,230,216,137,180,380,359,387,384,,175,,,407,395,400,361,343,387,297,380,376,387,196,342,192,194,204,174,126,343,251,350,339,389,162,267,62,371,331,408,336,401,356,408,328,372,411,415,363,358,422,429,,,401,425,,,414,200,404,396,408,377,380,385,372,300,372,397,185,194,167,374,284,358,409,397,380,403,338,426,,425,,,b'\x11\xe8\xe1I\xea\xdfE\xe4\x9a\xbe\x12\xdf\x17\xaeN\x1e'
11E8E149-EADF-45E4-9ABE-12DF17AE4E1E,2023-ncaa-d3-conf-Empire 8,ncaa,10,10,7,10,10,10,10,10,10,10,10,10,6,4,7,2,10,10,6,10,7,10,10,9,9,10,2,2,9,10,10,10,10,10,10,10,4,10,10,10,9,9,10,10,,,1,1,,,10,10,10,8,10,10,10,10,10,5,3,10,10,10,10,10,10,10,10,10,10,9,10,,1,,,10,8,10,6,10,7,3,10,8,9,7,9,1,2,2,2,3,6,2,10,10,10,6,8,1,10,10,5,10,7,10,10,9,10,10,10,10,10,7,9,,,10,9,,,10,1,10,10,10,10,10,9,9,6,9,10,1,2,2,9,5,10,6,9,10,10,10,7,,10,,,b'\x11\xe8\xe1I\xea\xdfE\xe4\x9a\xbe\x12\xdf\x17\xaeN\x1e'
11E8E149-EADF-45E4-9ABE-12DF17AE4E1E,2023-ncaa-d3-natl,ncaa,357,385,185,367,264,386,383,363,393,404,394,389,167,118,303,32,394,393,299,390,270,375,353,372,377,389,34,21,323,362,369,310,378,351,378,346,161,327,388,373,348,356,394,399,,,29,15,,,401,333,382,392,415,414,412,418,419,177,114,417,417,416,418,403,385,353,396,378,313,372,407,,9,,,392,314,366,300,348,299,129,389,397,409,249,412,24,31,59,35,46,229,142,372,324,387,208,396,10,364,378,238,369,321,378,393,376,382,391,413,392,401,274,402,,,377,360,,,401,90,393,401,405,304,351,322,301,128,397,407,19,22,23,252,137,354,259,321,383,406,377,286,,411,,,b'\x11\xe8\xe1I\xea\xdfE\xe4\x9a\xbe\x12\xdf\x17\xaeN\x1e'
11E8E149-EADF-45E4-9ABE-12DF17AE4E1E,2024-ncaa-d3-conf-Empire 8,ncaa,9,9,7,9,9,9,9,9,9,9,9,9,4,5,7,2,9,9,7,9,8,9,9,9,9,9,2,1,7,9,9,7,8,9,9,9,9,8,9,9,9,9,9,9,,,1,3,,,9,9,7,7,9,9,9,9,9,4,4,9,9,9,9,9,9,6,8,9,9,9,9,,2,,,9,9,9,8,9,8,3,9,9,9,8,9,3,2,8,3,4,7,1,9,8,9,7,9,1,7,8,5,9,7,9,9,9,9,9,9,8,9,8,9,,,9,9,,,9,2,9,9,9,9,9,8,9,7,9,9,4,3,4,9,6,7,7,9,9,9,9,9,,9,,,b'\x11\xe8\xe1I\xea\xdfE\xe4\x9a\xbe\x12\xdf\x17\xaeN\x1e'
11E8E149-EADF-45E4-9ABE-12DF17AE4E1E,2024-ncaa-d3-natl,ncaa,408,405,345,414,357,396,397,379,392,409,383,409,239,267,180,129,390,381,351,382,279,387,384,374,381,381,57,48,235,372,375,338,329,366,368,396,322,245,358,381,393,391,376,360,,,33,52,,,404,379,315,244,402,403,388,414,372,204,214,391,375,379,403,367,356,285,356,396,314,395,369,,45,,,401,296,311,170,378,213,68,382,412,375,405,413,79,68,298,72,149,139,58,403,391,413,335,413,52,241,329,184,375,204,368,396,409,410,414,422,334,386,361,416,,,400,369,,,404,50,384,414,402,378,374,346,303,164,420,416,142,118,122,323,180,319,325,323,409,415,365,399,,401,,,b'\x11\xe8\xe1I\xea\xdfE\xe4\x9a\xbe\x12\xdf\x17\xaeN\x1e'
11E8E149-EADF-45E4-9ABE-12DF17AE4E1E,2025-ncaa-d3-conf-Empire 8,genius_ncaa,12,12,10,12,12,12,11,9,12,11,8,12,8,9,9,6,12,12,9,12,11,10,11,12,12,11,4,2,7,12,12,11,9,11,11,12,12,6,8,11,11,11,10,8,,,6,8,,1,12,10,6,12,11,11,9,11,8,7,7,12,12,12,9,10,12,11,11,12,7,11,8,,7,,2,12,11,11,4,12,11,9,12,5,4,11,3,10,9,12,9,9,4,3,12,12,12,5,4,9,7,9,10,12,9,11,10,6,12,12,12,7,10,11,11,,,12,12,,8,12,3,11,12,12,12,12,8,12,11,6,6,11,11,11,11,7,8,12,12,11,12,8,11,,12,,8,b'\x11\xe8\xe1I\xea\xdfE\xe4\x9a\xbe\x12\xdf\x17\xaeN\x1e'
11E8E149-EADF-45E4-9ABE-12DF17AE4E1E,2025-ncaa-d3-natl,genius_ncaa,343,374,192,353,289,352,346,187,394,364,265,396,160,90,307,58,403,401,336,402,411,244,285,381,392,366,84,27,398,252,362,163,306,204,363,332,257,108,145,271,397,404,149,220,,,99,84,,63,375,283,263,409,382,373,131,386,283,147,73,413,416,415,229,292,259,119,170,351,130,408,153,,85,,58,370,337,356,354,274,374,373,250,180,185,202,99,210,190,301,187,91,336,192,239,233,353,66,104,145,347,306,400,362,399,363,341,261,404,417,404,213,249,341,360,,,399,418,,309,375,140,363,377,373,328,348,362,373,380,191,195,222,190,190,353,229,345,394,388,332,415,227,343,,417,,318,b'\x11\xe8\xe1I\xea\xdfE\xe4\x9a\xbe\x12\xdf\x17\xaeN\x1e'
11E8E149-EADF-45E4-9ABE-12DF17AE4E1E,2026-ncaa-d3-conf-Empire 8,genius_ncaa,3,3,1,3,1,3,3,3,3,3,3,3,1,1,1,1,4,4,1,4,4,3,4,3,3,3,1,1,4,4,4,4,4,4,4,3,4,2,3,3,3,3,2,3,,,1,1,,1,3,3,3,1,3,3,3,3,3,1,1,4,4,4,3,4,4,4,4,3,2,3,2,,1,,1,3,4,4,4,4,4,4,4,2,1,2,1,2,2,3,2,2,3,2,4,4,4,1,1,2,3,4,4,4,4,4,4,4,4,4,4,3,3,4,4,,,3,3,,1,3,1,3,4,3,4,4,4,4,4,2,1,2,2,2,3,2,3,4,4,4,4,3,4,,3,,1,b'\x11\xe8\xe1I\xea\xdfE\xe4\x9a\xbe\x12\xdf\x17\xaeN\x1e'
11E8E149-EADF-45E4-9ABE-12DF17AE4E1E,2026-ncaa-d3-natl,genius_ncaa,157,132,215,163,249,252,277,284,219,303,306,238,165,219,121,145,213,234,141,236,134,293,298,185,175,174,96,125,162,269,164,247,162,257,138,286,253,120,189,216,309,286,100,132,,,145,205,,197,196,299,277,113,219,247,272,281,294,128,166,143,200,200,267,303,224,161,187,259,153,294,69,,170,,234,197,143,176,160,253,271,240,269,17,47,17,18,132,194,18,194,162,164,122,157,128,208,5,5,173,140,162,114,164,114,138,241,317,329,334,357,137,189,33,38,,,309,299,,262,196,122,181,196,186,176,249,227,348,345,8,22,149,263,267,229,149,178,103,124,308,342,165,25,,324,,271,b'\x11\xe8\xe1I\xea\xdfE\xe4\x9a\xbe\x12\xdf\x17\xaeN\x1e'
11E8E149-EAE3-CF74-9ABE-12DF17AE4E1E,2018-ncaa-d3-conf-CSAC,ncaa,7,7,7,7,8,9,9,8,10,7,5,9,11,10,12,9,9,9,5,9,8,7,7,10,9,9,9,11,3,3,2,7,4,6,4,9,8,9,9,9,10,10,4,4,,,6,10,,,8,11,9,4,9,9,7,6,4,11,10,7,7,7,6,5,2,6,4,9,9,10,4,,8,,,8,3,3,1,7,4,2,5,7,4,10,6,4,4,5,3,6,1,1,7,7,8,6,8,5,2,4,1,2,1,4,7,9,10,7,9,6,7,10,8,,,8,4,,,8,2,8,7,8,6,7,5,5,7,9,6,4,6,6,4,2,4,1,2,8,8,8,11,,4,,,b'\x11\xe8\xe1I\xea\xe3\xcft\x9a\xbe\x12\xdf\x17\xaeN\x1e'
11E8E149-EAE3-CF74-9ABE-12DF17AE4E1E,2018-ncaa-d3-natl,ncaa,320,349,197,335,256,339,342,233,392,289,126,397,386,371,374,377,196,139,342,141,217,213,156,404,398,395,297,370,51,75,79,227,265,143,172,294,152,374,355,361,285,304,246,282,,,275,297,,,351,217,172,286,377,380,207,315,90,392,371,188,115,117,174,99,48,207,79,319,375,291,249,,298,,,343,233,235,224,222,265,307,177,180,136,290,90,271,315,94,308,259,250,224,208,208,250,169,147,268,279,265,213,79,231,172,350,381,259,280,342,315,294,304,243,,,175,212,,,351,212,380,261,350,252,248,265,277,323,189,135,290,337,327,290,261,286,234,260,336,278,316,322,,138,,,b'\x11\xe8\xe1I\xea\xe3\xcft\x9a\xbe\x12\xdf\x17\xaeN\x1e'
11E8E149-EAE3-CF74-9ABE-12DF17AE4E1E,2019-ncaa-d3-conf-CSAC,ncaa,2,2,1,2,2,2,2,2,5,6,6,5,1,1,2,2,3,2,4,2,2,2,2,3,3,2,2,2,5,3,5,7,6,5,7,2,2,3,2,2,2,2,8,9,,,8,7,,,2,2,3,3,2,2,3,7,7,1,1,4,2,2,2,3,5,8,7,2,2,2,9,,6,,,2,6,7,5,7,8,7,7,2,2,2,2,6,8,2,7,5,5,8,5,5,4,2,2,5,5,6,9,5,9,7,8,8,1,1,3,2,2,9,8,,,2,3,,,2,8,3,4,2,4,6,1,6,5,2,2,5,6,6,1,6,5,7,6,7,1,2,9,,2,,,b'\x11\xe8\xe1I\xea\xe3\xcft\x9a\xbe\x12\xdf\x17\xaeN\x1e'
11E8E149-EAE3-CF74-9ABE-12DF17AE4E1E,2019-ncaa-d3-natl,ncaa,137,162,67,155,110,150,139,49,312,217,178,283,49,25,228,54,303,251,377,255,292,64,72,267,304,269,105,51,387,75,198,182,292,125,286,83,43,252,139,104,51,73,389,409,,,231,121,,,154,83,137,263,205,187,61,287,268,58,30,354,317,329,88,112,109,292,190,89,175,60,412,,160,,,158,211,311,305,240,366,354,269,89,153,48,115,103,169,20,166,108,291,372,186,140,65,35,70,95,330,292,397,198,395,286,416,426,39,43,180,238,152,191,180,,,160,302,,,154,364,250,75,160,124,205,176,285,276,53,89,70,128,121,142,294,276,347,328,368,36,177,150,,236,,,b'\x11\xe8\xe1I\xea\xe3\xcft\x9a\xbe\x12\xdf\x17\xaeN\x1e'
11E8E149-EAE3-CF74-9ABE-12DF17AE4E1E,2020-ncaa-d3-conf-CSAC,ncaa,1,1,1,1,1,1,1,2,1,2,7,1,1,1,1,2,3,5,7,5,2,2,3,1,1,1,3,2,9,5,6,2,5,3,3,1,1,2,1,1,2,4,5,5,,,7,6,,,1,3,6,5,1,1,3,2,8,1,2,5,5,5,4,5,7,4,7,1,2,4,6,,7,,,1,4,3,7,1,2,6,1,6,7,5,6,7,7,7,7,6,8,9,1,1,2,8,7,8,6,5,6,6,7,3,7,9,3,3,4,1,1,3,5,,,3,4,,,1,8,1,2,1,2,2,4,2,3,4,3,4,4,4,2,5,5,3,4,6,3,1,2,,4,,,b'\x11\xe8\xe1I\xea\xe3\xcft\x9a\xbe\x12\xdf\x17\xaeN\x1e'
11E8E149-EAE3-CF74-9ABE-12DF17AE4E1E,2020-ncaa-d3-natl,ncaa,61,63,65,69,108,26,31,45,36,103,237,25,9,15,41,22,212,191,259,198,214,53,77,19,30,21,74,26,409,174,252,77,248,109,244,5,8,151,70,5,91,139,313,358,,,229,109,,,51,50,112,262,21,24,56,136,336,12,19,272,263,270,81,130,217,118,176,5,92,113,355,,152,,,56,338,311,375,131,261,336,122,346,368,236,282,300,278,357,272,186,380,390,143,159,151,304,296,241,345,248,359,252,364,244,410,425,91,171,296,71,31,58,56,,,226,356,,,51,381,28,175,65,228,218,282,174,245,292,304,242,211,202,267,305,291,259,281,360,143,45,35,,330,,,b'\x11\xe8\xe1I\xea\xe3\xcft\x9a\xbe\x12\xdf\x17\xaeN\x1e'
11E8E149-EAE3-CF74-9ABE-12DF17AE4E1E,2022-ncaa-d3-conf-CSAC,ncaa,2,2,1,2,2,2,2,3,2,4,10,2,1,1,1,1,4,4,7,4,1,3,4,2,2,2,1,1,9,8,10,1,5,5,6,1,1,4,3,2,3,7,8,9,,,3,2,,,3,3,8,3,2,2,7,7,10,1,1,7,5,5,7,9,10,3,7,2,3,6,8,,2,,,3,8,9,10,3,9,10,7,8,10,1,10,1,1,1,1,1,10,9,3,2,3,1,8,1,8,5,8,10,9,6,10,9,5,10,10,3,3,6,8,,,4,3,,,3,8,2,4,3,4,8,9,8,7,7,10,1,1,1,9,7,7,6,5,10,9,3,6,,7,,,b'\x11\xe8\xe1I\xea\xe3\xcft\x9a\xbe\x12\xdf\x17\xaeN\x1e'
11E8E149-EAE3-CF74-9ABE-12DF17AE4E1E,2022-ncaa-d3-natl,ncaa,76,95,61,96,66,79,87,91,94,197,289,62,16,23,49,23,280,228,365,230,142,105,112,42,72,76,40,19,412,254,334,59,334,109,303,24,8,247,167,44,103,180,369,402,,,75,11,,,125,80,183,89,99,104,164,286,395,15,25,354,315,316,209,248,339,61,194,23,160,145,400,,16,,,134,318,375,419,100,351,382,165,369,422,38,378,35,62,7,58,14,409,391,99,47,100,121,338,16,415,334,369,334,403,303,419,422,191,322,386,170,123,159,219,,,286,389,,,125,357,113,159,134,188,281,391,257,302,313,408,10,16,14,361,336,382,279,347,383,269,112,105,,395,,,b'\x11\xe8\xe1I\xea\xe3\xcft\x9a\xbe\x12\xdf\x17\xaeN\x1e'
11E8E149-EAE3-CF74-9ABE-12DF17AE4E1E,2023-ncaa-d3-conf-CSAC,ncaa,6,6,4,6,5,5,6,7,4,8,10,2,2,2,5,1,6,5,6,5,1,7,6,3,4,4,1,1,5,8,10,2,5,6,8,4,4,5,6,5,7,8,1,1,,,8,8,,,6,6,6,3,6,7,7,8,10,2,1,5,4,5,7,9,10,1,7,4,4,7,1,,8,,,6,7,5,8,1,2,7,1,9,9,7,8,8,8,5,8,8,9,7,1,1,5,10,9,8,9,5,8,10,9,8,6,8,9,10,7,5,5,3,8,,,3,1,,,6,5,5,6,6,5,5,9,4,5,9,10,8,8,8,8,6,9,10,10,5,10,4,2,,1,,,b'\x11\xe8\xe1I\xea\xe3\xcft\x9a\xbe\x12\xdf\x17\xaeN\x1e'
11E8E149-EAE3-CF74-9ABE-12DF17AE4E1E,2023-ncaa-d3-natl,ncaa,228,269,109,252,112,176,213,157,275,321,389,118,28,11,252,4,257,173,392,174,24,157,110,175,227,266,14,11,324,323,388,85,384,181,379,134,66,357,307,244,117,217,122,204,,,346,197,,,268,60,91,29,210,254,182,376,421,23,11,304,195,196,191,132,359,72,219,147,312,129,133,,332,,,266,343,327,408,61,325,407,44,267,300,161,131,326,378,30,380,230,415,399,54,47,104,214,200,259,421,384,400,388,419,379,375,372,163,327,329,342,294,56,196,,,139,205,,,268,361,294,188,265,287,281,392,285,397,237,270,313,364,368,402,400,411,377,405,339,199,305,38,,152,,,b'\x11\xe8\xe1I\xea\xe3\xcft\x9a\xbe\x12\xdf\x17\xaeN\x1e'
11E8E149-EAE3-CF74-9ABE-12DF17AE4E1E,2024-ncaa-d3-conf-United East,ncaa,10,11,7,11,9,9,8,6,12,8,6,11,8,7,13,7,11,11,12,11,15,7,10,12,12,11,10,8,11,8,13,9,13,8,15,9,10,5,3,7,6,5,5,11,,,9,10,,,12,10,15,17,12,12,9,10,9,8,6,14,14,14,10,14,14,9,11,12,1,6,7,,9,,,12,9,10,9,7,11,14,4,1,1,8,1,13,11,12,11,9,8,8,4,5,8,3,1,13,14,13,16,13,14,15,12,17,9,9,11,7,8,12,11,,,10,12,,,12,8,12,8,12,6,7,5,11,13,2,2,10,9,11,6,5,13,16,15,13,10,6,12,,16,,,b'\x11\xe8\xe1I\xea\xe3\xcft\x9a\xbe\x12\xdf\x17\xaeN\x1e'
11E8E149-EAE3-CF74-9ABE-12DF17AE4E1E,2024-ncaa-d3-natl,ncaa,251,232,296,255,340,274,235,183,294,198,135,283,295,262,341,280,355,342,340,342,387,210,277,319,346,289,351,295,355,261,334,282,347,278,373,254,284,72,90,175,116,106,288,350,,,127,125,,,275,270,134,377,260,203,71,149,65,281,231,361,337,335,100,149,227,217,220,231,112,90,287,,184,,,278,185,257,207,265,361,390,202,10,11,60,1,237,235,243,245,113,213,209,153,157,184,8,2,251,349,347,374,334,375,373,371,403,231,241,346,172,200,209,166,,,373,394,,,275,161,294,240,276,269,316,326,385,408,5,2,280,278,289,331,324,364,405,395,375,173,217,250,,387,,,b'\x11\xe8\xe1I\xea\xe3\xcft\x9a\xbe\x12\xdf\x17\xaeN\x1e'
11E8E149-EAE3-CF74-9ABE-12DF17AE4E1E,2025-ncaa-d3-conf-United East,genius_ncaa,9,8,8,9,9,10,11,7,12,12,14,8,6,4,15,4,8,6,11,6,4,8,9,11,11,10,4,5,6,7,7,15,8,11,9,12,13,4,5,10,3,1,13,12,,,12,14,,3,9,10,11,12,10,11,7,13,15,5,3,4,6,6,6,9,5,16,10,12,5,2,14,,12,,5,8,3,2,1,10,5,4,11,1,1,5,2,9,7,12,7,12,1,5,10,9,4,6,1,13,4,8,10,7,7,9,5,7,3,1,3,5,6,8,10,,,7,5,,6,9,8,9,4,8,4,3,1,7,5,1,1,10,9,9,1,5,6,11,9,6,3,6,8,,6,,7,b'\x11\xe8\xe1I\xea\xe3\xcft\x9a\xbe\x12\xdf\x17\xaeN\x1e'
11E8E149-EAE3-CF74-9ABE-12DF17AE4E1E,2025-ncaa-d3-natl,genius_ncaa,141,118,192,141,238,219,228,129,322,204,188,242,269,114,392,158,116,80,288,80,95,125,115,339,324,295,226,288,87,25,19,323,283,149,153,209,166,246,185,232,18,8,346,347,,,296,321,,43,119,190,158,152,204,224,73,189,163,277,96,94,63,61,48,58,13,357,93,200,255,11,352,,331,,41,118,47,66,54,177,171,188,174,13,12,43,16,221,253,114,249,260,63,209,116,133,32,47,13,334,209,283,219,19,208,153,204,339,34,12,48,315,270,161,143,,,144,218,,223,119,212,244,37,126,62,76,46,188,197,11,9,241,271,266,65,245,205,233,219,216,20,307,156,,110,,215,b'\x11\xe8\xe1I\xea\xe3\xcft\x9a\xbe\x12\xdf\x17\xaeN\x1e'
11E8E149-EAE3-CF74-9ABE-12DF17AE4E1E,2026-ncaa-d3-conf-United East,genius_ncaa,9,8,4,10,4,9,7,6,12,9,7,13,3,5,7,4,14,13,14,13,14,6,7,12,13,12,6,1,13,7,12,6,9,8,13,10,11,9,9,10,6,9,7,7,,,10,9,,14,11,8,8,1,12,11,7,12,9,6,7,13,13,13,9,8,6,12,12,12,9,7,7,,10,,14,11,9,9,9,8,10,9,8,8,9,9,7,12,10,11,10,6,9,9,8,10,8,8,8,9,9,9,11,12,10,13,8,8,6,8,7,9,10,9,9,,,8,10,,1,11,10,11,9,10,10,9,9,9,9,8,6,12,8,9,10,9,8,14,11,8,7,10,8,,11,,2,b'\x11\xe8\xe1I\xea\xe3\xcft\x9a\xbe\x12\xdf\x17\xaeN\x1e'
11E8E149-EAE3-CF74-9ABE-12DF17AE4E1E,2026-ncaa-d3-natl,genius_ncaa,345,411,8,388,21,277,247,49,402,257,87,400,199,35,393,93,356,223,412,223,354,63,31,401,409,402,241,141,376,124,388,40,396,68,404,213,138,400,360,368,116,328,158,325,,,406,266,,387,411,26,139,113,407,402,277,398,313,327,139,414,388,390,330,209,301,224,282,362,347,267,275,,347,,316,396,405,406,407,239,405,411,231,322,359,146,84,390,405,36,405,243,409,407,212,173,226,97,102,205,414,396,414,388,415,404,408,382,52,283,354,399,360,364,307,,,104,350,,47,411,393,407,305,394,317,332,359,350,377,167,203,286,363,356,375,367,400,404,405,375,199,347,267,,344,,114,b'\x11\xe8\xe1I\xea\xe3\xcft\x9a\xbe\x12\xdf\x17\xaeN\x1e'
11E8E149-EAE8-2C9A-9ABE-12DF17AE4E1E,2018-ncaa-d3-conf-MAC Freedom,ncaa,3,2,3,3,3,4,5,4,5,5,5,3,4,5,4,4,6,4,8,4,2,4,5,5,5,5,3,4,4,8,8,3,5,5,6,4,2,5,4,3,4,7,1,2,,,1,1,,,5,4,5,2,5,5,7,5,6,5,7,5,4,4,8,7,8,2,5,4,4,7,1,,1,,,5,2,3,6,2,3,6,1,2,5,3,2,2,1,6,2,2,5,5,1,1,2,3,2,4,6,5,6,8,5,6,3,4,3,4,4,2,3,4,4,,,2,1,,,5,5,5,3,5,3,3,6,3,6,3,4,2,2,2,7,5,6,5,6,3,4,2,3,,2,,,"b'\x11\xe8\xe1I\xea\xe8,\x9a\x9a\xbe\x12\xdf\x17\xaeN\x1e'"
11E8E149-EAE8-2C9A-9ABE-12DF17AE4E1E,2018-ncaa-d3-natl,ncaa,151,172,123,165,155,216,206,203,205,183,187,210,226,229,206,242,246,184,349,187,224,197,214,208,224,227,266,232,285,329,397,91,159,186,291,154,126,195,196,165,215,258,24,24,,,171,121,,,200,163,209,179,249,243,259,214,234,235,257,283,208,219,257,296,378,71,231,166,165,248,20,,127,,,201,175,221,317,132,251,328,126,168,220,110,174,138,167,111,170,112,292,295,99,82,106,127,174,147,279,159,370,397,340,291,241,248,172,217,220,150,153,304,298,,,167,142,,,200,289,265,123,198,134,186,263,214,293,141,181,113,127,128,230,238,238,327,302,215,211,124,293,,196,,,"b'\x11\xe8\xe1I\xea\xe8,\x9a\x9a\xbe\x12\xdf\x17\xaeN\x1e'"
11E8E149-EAE8-2C9A-9ABE-12DF17AE4E1E,2019-ncaa-d3-conf-MAC Freedom,ncaa,4,4,3,4,4,3,3,4,3,5,6,1,2,1,4,2,2,5,3,5,2,4,5,2,2,2,2,3,4,6,6,3,5,4,6,3,2,3,3,2,5,7,4,4,,,6,3,,,4,3,5,7,2,4,5,6,6,2,2,3,5,5,5,7,7,5,6,3,2,7,4,,4,,,4,7,8,7,3,8,7,4,4,5,4,4,7,7,1,7,6,7,5,3,3,5,3,3,4,7,5,7,6,7,6,4,2,6,6,6,5,5,5,6,,,5,5,,,4,6,3,4,4,4,5,6,6,7,5,6,4,5,5,6,6,7,5,6,3,6,4,4,,5,,,"b'\x11\xe8\xe1I\xea\xe8,\x9a\x9a\xbe\x12\xdf\x17\xaeN\x1e'"
11E8E149-EAE8-2C9A-9ABE-12DF17AE4E1E,2019-ncaa-d3-natl,ncaa,206,244,129,232,213,92,116,90,167,136,156,137,116,83,229,136,77,120,63,122,155,88,123,166,144,100,171,190,149,248,339,162,310,207,333,104,142,133,64,71,165,223,197,270,,,301,193,,,206,94,69,429,69,104,68,138,183,115,93,76,131,134,72,121,281,175,235,92,106,183,203,,273,,,206,405,408,383,331,419,399,337,162,195,160,92,342,359,169,363,216,391,363,293,286,303,68,62,225,369,310,374,339,386,333,366,207,189,284,312,192,139,363,327,,,167,245,,,206,347,134,319,204,363,371,368,398,392,145,170,320,346,351,380,367,340,348,355,330,214,158,350,,184,,,"b'\x11\xe8\xe1I\xea\xe8,\x9a\x9a\xbe\x12\xdf\x17\xaeN\x1e'"
11E8E149-EAE8-2C9A-9ABE-12DF17AE4E1E,2020-ncaa-d3-conf-MAC Freedom,ncaa,2,3,1,3,1,2,2,2,2,2,2,5,1,5,1,7,2,2,1,2,5,2,2,2,2,2,3,7,3,5,7,4,5,5,6,3,4,5,2,3,2,3,7,7,,,1,1,,,4,1,2,3,2,3,5,4,4,2,6,2,3,3,4,6,7,7,7,4,2,3,7,,1,,,4,8,8,8,8,8,8,8,6,6,2,6,1,1,5,1,1,8,8,6,6,5,1,2,1,6,5,8,7,8,6,7,5,2,2,5,4,2,7,7,,,3,5,,,4,7,2,5,4,6,7,5,8,6,3,4,1,1,1,3,3,4,6,5,7,2,2,7,,5,,,"b'\x11\xe8\xe1I\xea\xe8,\x9a\x9a\xbe\x12\xdf\x17\xaeN\x1e'"
11E8E149-EAE8-2C9A-9ABE-12DF17AE4E1E,2020-ncaa-d3-natl,ncaa,134,163,65,158,124,48,55,65,102,68,63,166,88,173,24,278,48,68,98,57,181,55,74,84,79,54,186,198,181,224,336,153,326,186,340,39,73,177,82,38,70,120,170,238,,,88,26,,,137,43,75,433,49,67,104,83,101,113,225,61,92,81,83,127,287,241,278,33,106,89,204,,34,,,141,403,422,418,344,422,403,358,322,340,219,242,48,40,188,40,12,394,401,326,273,236,26,218,15,387,326,408,336,404,340,388,198,68,138,239,201,126,434,409,,,139,261,,,137,395,88,267,152,296,376,354,390,357,269,275,20,19,17,286,345,330,335,340,336,103,152,431,,212,,,"b'\x11\xe8\xe1I\xea\xe8,\x9a\x9a\xbe\x12\xdf\x17\xaeN\x1e'"
11E8E149-EAE8-2C9A-9ABE-12DF17AE4E1E,2022-ncaa-d3-conf-MAC Freedom,ncaa,3,3,3,3,4,3,3,4,3,3,5,2,1,1,3,2,5,6,4,6,6,4,5,2,2,2,2,2,8,6,7,5,6,5,7,3,3,1,1,1,4,5,6,7,,,3,2,,,3,4,9,2,2,3,4,3,8,1,1,7,7,7,4,9,7,7,7,3,1,7,8,,2,,,3,8,7,5,7,9,7,8,2,3,3,3,5,5,5,6,5,5,6,7,6,4,1,2,4,5,6,9,7,7,7,5,2,5,5,4,1,2,1,3,,,7,6,,,3,6,2,5,3,4,5,3,7,5,3,2,4,5,5,3,2,4,6,6,4,6,1,1,,8,,,"b'\x11\xe8\xe1I\xea\xe8,\x9a\x9a\xbe\x12\xdf\x17\xaeN\x1e'"
11E8E149-EAE8-2C9A-9ABE-12DF17AE4E1E,2022-ncaa-d3-natl,ncaa,96,95,107,105,139,105,115,119,143,218,272,113,34,35,81,30,215,241,137,234,165,133,189,85,97,62,45,29,337,258,331,237,246,255,327,65,52,72,36,18,115,118,208,227,,,216,175,,,116,162,254,182,98,129,132,269,359,27,29,247,294,287,155,284,308,332,336,54,31,128,238,,156,,,118,240,276,213,289,316,252,320,108,151,114,138,220,221,213,232,203,207,249,266,251,193,75,77,193,237,246,356,331,326,327,241,167,86,78,118,98,94,275,309,,,193,219,,,116,264,87,184,121,170,206,112,267,181,66,87,171,172,186,103,167,186,322,273,186,106,76,236,,247,,,"b'\x11\xe8\xe1I\xea\xe8,\x9a\x9a\xbe\x12\xdf\x17\xaeN\x1e'"
11E8E149-EAE8-2C9A-9ABE-12DF17AE4E1E,2023-ncaa-d3-conf-MAC Freedom,ncaa,6,4,6,6,7,8,8,9,6,8,9,7,4,3,2,3,5,5,5,5,1,8,8,5,5,6,2,2,2,8,6,6,7,7,6,7,4,9,9,8,8,8,8,8,,,3,4,,,7,9,7,2,8,8,9,8,8,3,3,3,5,4,8,7,8,3,6,7,9,8,8,,4,,,7,5,4,5,4,4,4,5,6,5,6,7,3,3,9,3,3,5,2,5,5,6,6,7,2,7,7,2,6,3,6,7,7,7,7,7,8,8,4,7,,,7,3,,,7,1,7,6,8,6,7,8,5,7,8,8,4,3,3,8,5,8,3,6,7,7,8,6,,4,,,"b'\x11\xe8\xe1I\xea\xe8,\x9a\x9a\xbe\x12\xdf\x17\xaeN\x1e'"
11E8E149-EAE8-2C9A-9ABE-12DF17AE4E1E,2023-ncaa-d3-natl,ncaa,316,325,271,328,290,375,379,386,357,404,398,385,145,192,104,77,364,348,366,347,127,389,358,319,331,367,25,18,236,339,312,251,292,308,288,302,47,376,403,363,363,364,356,362,,,98,127,,,352,345,316,152,396,401,415,414,411,121,156,381,348,345,414,353,336,177,269,303,380,370,360,,127,,,346,123,170,167,207,212,163,264,148,226,70,268,102,110,122,111,140,137,116,182,152,201,115,187,124,269,292,141,312,192,288,284,328,323,302,344,396,405,310,415,,,331,249,,,352,89,368,254,351,191,244,262,265,219,181,262,118,138,142,230,186,307,219,259,300,302,389,345,,330,,,"b'\x11\xe8\xe1I\xea\xe8,\x9a\x9a\xbe\x12\xdf\x17\xaeN\x1e'"
11E8E149-EAE8-2C9A-9ABE-12DF17AE4E1E,2024-ncaa-d3-conf-MAC Freedom,ncaa,8,8,5,8,5,7,7,7,7,8,6,8,4,6,4,5,7,6,7,7,7,7,7,6,6,7,3,4,5,7,6,8,8,8,7,7,6,8,8,8,6,5,6,6,,,7,7,,,8,7,5,1,7,7,6,7,6,4,6,6,6,6,6,5,6,8,8,7,8,5,6,,7,,,8,7,7,5,7,5,5,5,6,4,8,3,7,7,5,7,6,5,3,7,7,7,6,6,5,6,8,3,6,6,7,6,7,6,5,7,7,7,4,7,,,8,8,,,8,2,8,7,8,7,7,7,6,6,7,5,8,7,7,7,6,7,6,7,7,6,8,5,,8,,,"b'\x11\xe8\xe1I\xea\xe8,\x9a\x9a\xbe\x12\xdf\x17\xaeN\x1e'"
11E8E149-EAE8-2C9A-9ABE-12DF17AE4E1E,2024-ncaa-d3-natl,ncaa,385,405,200,390,207,360,335,284,368,333,238,384,257,268,220,229,398,395,308,398,408,317,304,367,377,372,222,149,365,245,284,266,348,264,339,275,94,299,331,309,327,338,226,242,,,279,322,,,373,312,348,45,389,363,306,360,237,267,272,410,411,412,367,329,247,284,274,289,298,333,226,,300,,,369,256,277,226,283,296,267,258,206,161,291,157,176,236,55,234,195,228,161,267,245,308,147,193,148,355,348,304,284,327,339,306,287,330,339,357,327,342,319,335,,,379,390,,,373,119,369,349,372,266,289,261,288,283,221,173,191,241,239,265,194,348,314,333,300,347,313,333,,411,,,"b'\x11\xe8\xe1I\xea\xe8,\x9a\x9a\xbe\x12\xdf\x17\xaeN\x1e'"
11E8E149-EAE8-2C9A-9ABE-12DF17AE4E1E,2025-ncaa-d3-conf-MAC Freedom,genius_ncaa,5,5,5,5,5,6,6,6,6,8,6,5,3,2,6,2,3,5,3,5,2,6,6,5,5,5,2,2,3,5,6,4,4,5,5,4,1,5,5,5,6,6,6,7,,,1,1,,4,5,6,3,1,5,5,4,8,6,2,2,3,4,3,4,3,4,2,3,2,5,6,6,,2,,4,5,5,6,5,7,8,7,6,4,3,5,3,3,1,8,1,1,3,3,5,5,7,2,3,1,3,4,7,6,4,5,8,8,7,8,8,6,6,5,6,,,4,3,,8,5,2,5,6,5,6,6,7,8,8,6,3,3,2,2,6,6,6,7,5,8,7,6,5,,3,,8,"b'\x11\xe8\xe1I\xea\xe8,\x9a\x9a\xbe\x12\xdf\x17\xaeN\x1e'"
11E8E149-EAE8-2C9A-9ABE-12DF17AE4E1E,2025-ncaa-d3-natl,genius_ncaa,293,299,290,299,302,337,338,312,345,351,351,299,216,140,310,64,346,365,208,357,246,325,347,321,322,302,111,90,279,312,337,217,129,268,268,201,14,125,233,169,355,328,254,280,,,41,69,,169,312,351,324,116,344,343,273,355,349,184,103,349,363,353,315,325,295,127,207,155,183,345,237,,35,,188,313,125,210,140,281,264,221,251,100,73,227,112,53,45,283,48,48,101,57,254,225,297,51,131,76,110,129,284,337,202,268,333,378,383,362,392,165,247,300,382,,,319,238,,327,312,64,316,283,314,204,275,244,307,313,145,117,73,54,60,191,94,143,343,284,346,388,207,335,,300,,322,"b'\x11\xe8\xe1I\xea\xe8,\x9a\x9a\xbe\x12\xdf\x17\xaeN\x1e'"
11E8E149-EAE8-2C9A-9ABE-12DF17AE4E1E,2026-ncaa-d3-natl,genius_ncaa,157,68,327,116,337,331,357,350,317,384,379,327,165,207,160,60,223,227,207,223,34,339,351,267,249,221,17,43,73,325,278,244,77,286,152,293,41,63,143,137,291,193,145,136,,,47,90,,75,149,351,162,113,198,286,181,365,336,64,51,75,63,62,141,182,213,14,50,148,150,187,69,,96,,105,123,43,66,89,75,107,142,82,20,41,33,49,27,74,5,71,54,74,66,36,15,46,21,49,88,88,77,131,278,104,152,65,147,349,281,211,52,86,117,268,,,281,69,,146,149,67,219,49,123,72,155,287,246,353,29,72,45,133,127,253,228,182,337,284,150,273,96,202,,80,,85,"b'\x11\xe8\xe1I\xea\xe8,\x9a\x9a\xbe\x12\xdf\x17\xaeN\x1e'"
11E8E149-EAEC-914A-9ABE-12DF17AE4E1E,2018-ncaa-d3-conf-Midwest Conference,ncaa,3,4,3,4,3,3,5,5,3,6,8,3,3,3,1,2,2,2,3,2,1,5,5,2,1,3,2,2,3,6,6,3,4,4,3,4,4,8,8,6,2,4,4,4,,,2,1,,,4,4,8,1,4,7,8,7,10,3,3,3,3,3,8,9,7,3,5,6,9,3,5,,1,,,4,5,8,9,5,7,5,7,9,10,2,10,2,2,1,2,2,9,8,5,3,4,6,9,1,7,4,5,6,4,3,9,8,7,8,9,9,8,6,8,,,3,5,,,4,8,4,4,4,4,4,7,4,3,9,10,2,2,2,6,5,6,3,4,8,9,8,6,,5,,,b'\x11\xe8\xe1I\xea\xec\x91J\x9a\xbe\x12\xdf\x17\xaeN\x1e'
11E8E149-EAEC-914A-9ABE-12DF17AE4E1E,2018-ncaa-d3-conf-MWC,ncaa,3,4,3,4,3,3,5,5,3,6,8,3,3,3,1,2,2,2,3,2,1,5,5,2,1,3,2,2,3,6,6,3,4,4,3,4,4,8,8,6,2,4,4,4,,,2,1,,,4,4,8,1,4,7,8,7,10,3,3,3,3,3,8,9,7,3,5,6,9,3,5,,1,,,4,5,8,9,5,7,5,7,9,10,2,10,2,2,1,2,2,9,8,5,3,4,6,9,1,7,4,5,6,4,3,9,8,7,8,9,9,8,6,8,,,3,5,,,4,8,4,4,4,4,4,7,4,3,9,10,2,2,2,6,5,6,3,4,8,9,8,6,,5,,,b'\x11\xe8\xe1I\xea\xec\x91J\x9a\xbe\x12\xdf\x17\xaeN\x1e'
11E8E149-EAEC-914A-9ABE-12DF17AE4E1E,2018-ncaa-d3-natl,ncaa,151,114,305,144,312,252,281,387,78,319,405,69,145,213,67,105,200,213,173,204,26,377,377,54,54,112,86,109,151,396,303,231,237,320,193,210,86,223,353,226,246,223,274,226,,,21,18,,,206,364,338,57,202,255,417,312,414,116,170,148,159,149,395,368,391,119,284,160,282,228,268,,16,,,206,125,187,197,183,112,49,313,393,429,125,439,27,30,48,30,69,133,94,257,169,243,313,430,16,244,237,43,303,86,193,365,424,362,342,402,251,334,58,167,,,230,68,,,206,82,169,268,203,205,264,327,163,82,415,438,22,34,34,238,189,304,66,143,374,350,297,72,,163,,,b'\x11\xe8\xe1I\xea\xec\x91J\x9a\xbe\x12\xdf\x17\xaeN\x1e'
11E8E149-EAEC-914A-9ABE-12DF17AE4E1E,2019-ncaa-d3-conf-Midwest Conference,ncaa,4,4,5,4,7,7,7,9,5,6,8,4,6,5,6,4,4,4,4,4,2,9,7,5,4,7,3,3,3,3,2,4,7,4,2,7,3,9,10,8,2,2,2,1,,,3,5,,,5,7,5,5,7,7,8,6,8,5,5,2,4,4,9,4,3,4,3,6,10,2,2,,5,,,5,2,3,5,2,2,2,5,10,10,4,10,1,2,1,2,5,3,3,3,2,2,8,10,2,6,7,2,2,2,2,9,9,3,3,8,7,8,7,8,,,6,6,,,5,2,7,2,5,2,3,7,2,2,10,10,1,2,2,5,6,7,2,3,9,1,8,8,,5,,,b'\x11\xe8\xe1I\xea\xec\x91J\x9a\xbe\x12\xdf\x17\xaeN\x1e'
11E8E149-EAEC-914A-9ABE-12DF17AE4E1E,2019-ncaa-d3-conf-MWC,ncaa,4,4,5,4,7,7,7,9,5,6,8,4,6,5,6,4,4,4,4,4,2,9,7,5,4,7,3,3,3,3,2,4,7,4,2,7,3,9,10,8,2,2,2,1,,,3,5,,,5,7,5,5,7,7,8,6,8,5,5,2,4,4,9,4,3,4,3,6,10,2,2,,5,,,5,2,3,5,2,2,2,5,10,10,4,10,1,2,1,2,5,3,3,3,2,2,8,10,2,6,7,2,2,2,2,9,9,3,3,8,7,8,7,8,,,6,6,,,5,2,7,2,5,2,3,7,2,2,10,10,1,2,2,5,6,7,2,3,9,1,8,8,,5,,,b'\x11\xe8\xe1I\xea\xec\x91J\x9a\xbe\x12\xdf\x17\xaeN\x1e'
11E8E149-EAEC-914A-9ABE-12DF17AE4E1E,2019-ncaa-d3-natl,ncaa,187,185,215,187,215,253,282,348,180,261,347,130,267,248,293,197,91,126,97,122,41,319,253,194,146,251,161,266,37,191,91,161,184,172,86,198,81,398,408,332,153,131,80,32,,,265,296,,,178,266,301,8,251,307,388,276,360,270,243,65,95,93,354,215,171,103,105,180,401,138,67,,290,,,177,101,88,152,72,46,41,176,350,414,53,428,164,187,133,184,346,145,172,115,110,106,408,406,242,227,184,57,91,101,86,303,428,178,152,250,305,321,158,253,,,110,52,,,178,173,247,119,178,123,100,182,51,32,345,422,181,198,196,180,204,253,56,108,303,157,314,173,,69,,,b'\x11\xe8\xe1I\xea\xec\x91J\x9a\xbe\x12\xdf\x17\xaeN\x1e'
11E8E149-EAEC-914A-9ABE-12DF17AE4E1E,2020-ncaa-d3-conf-Midwest Conference,ncaa,4,4,3,4,3,5,5,4,6,3,3,5,7,5,6,7,5,6,5,6,8,4,5,5,5,5,8,7,6,3,3,6,9,6,6,6,8,7,7,6,1,1,1,1,,,4,2,,,5,4,6,5,5,5,3,5,6,6,7,5,6,6,6,5,5,8,6,6,6,2,1,,2,,,5,3,4,6,5,3,4,3,10,8,9,8,1,1,7,1,2,4,7,6,6,4,9,10,3,10,9,6,3,9,6,10,10,1,2,6,9,9,2,1,,,4,7,,,5,6,5,4,5,4,4,5,4,4,10,8,2,1,1,4,7,10,4,6,10,1,8,1,,8,,,b'\x11\xe8\xe1I\xea\xec\x91J\x9a\xbe\x12\xdf\x17\xaeN\x1e'
11E8E149-EAEC-914A-9ABE-12DF17AE4E1E,2020-ncaa-d3-conf-MWC,ncaa,4,4,3,4,3,5,5,4,6,3,3,5,7,5,6,7,5,6,5,6,8,4,5,5,5,5,8,7,6,3,3,6,9,6,6,6,8,7,7,6,1,1,1,1,,,4,2,,,5,4,6,5,5,5,3,5,6,6,7,5,6,6,6,5,5,8,6,6,6,2,1,,2,,,5,3,4,6,5,3,4,3,10,8,9,8,1,1,7,1,2,4,7,6,6,4,9,10,3,10,9,6,3,9,6,10,10,1,2,6,9,9,2,1,,,4,7,,,5,6,5,4,5,4,4,5,4,4,10,8,2,1,1,4,7,10,4,6,10,1,8,1,,8,,,b'\x11\xe8\xe1I\xea\xec\x91J\x9a\xbe\x12\xdf\x17\xaeN\x1e'
11E8E149-EAEC-914A-9ABE-12DF17AE4E1E,2020-ncaa-d3-natl,ncaa,149,136,198,150,202,180,178,235,128,167,213,141,192,241,137,268,130,137,184,131,136,209,225,139,134,146,227,244,165,174,131,321,305,274,234,200,256,206,213,217,64,42,30,4,,,226,260,,,144,246,252,16,134,142,209,130,188,195,242,116,110,103,171,181,148,341,283,184,230,51,16,,269,,,143,153,92,87,171,25,38,102,415,364,417,410,233,180,383,165,339,82,178,283,311,176,432,426,271,233,305,128,131,156,234,334,432,56,37,168,283,295,133,136,,,149,116,,,144,169,136,189,149,187,128,105,26,23,407,357,242,193,182,99,219,248,147,192,337,47,297,139,,107,,,b'\x11\xe8\xe1I\xea\xec\x91J\x9a\xbe\x12\xdf\x17\xaeN\x1e'
11E8E149-EAEC-914A-9ABE-12DF17AE4E1E,2021-ncaa-d3-conf-MWC,ncaa,3,3,3,3,3,4,4,3,5,4,4,5,1,1,3,2,4,4,5,4,5,3,4,5,5,4,1,1,5,2,2,4,5,4,3,2,2,2,1,2,3,2,1,2,,,2,2,,,4,4,5,1,4,4,1,4,3,1,2,5,5,5,1,2,1,5,3,2,1,2,2,,2,,,4,3,3,3,3,3,3,3,3,3,3,3,2,2,4,2,1,3,3,3,3,3,1,3,1,3,5,4,2,4,3,4,4,3,2,4,2,2,1,1,,,4,5,,,4,2,4,3,3,3,4,4,3,5,3,3,2,2,2,3,4,5,4,5,4,3,2,1,,4,,,b'\x11\xe8\xe1I\xea\xec\x91J\x9a\xbe\x12\xdf\x17\xaeN\x1e'
11E8E149-EAEC-914A-9ABE-12DF17AE4E1E,2021-ncaa-d3-natl,ncaa,215,58,246,182,248,253,252,248,247,254,253,242,240,242,204,72,255,248,276,247,177,249,250,241,254,227,122,66,235,225,30,260,283,252,251,254,222,29,48,159,230,28,228,154,,,37,141,,,170,254,214,110,208,189,41,206,112,105,49,243,166,156,49,81,9,283,174,216,67,25,119,,163,,,217,39,40,35,251,44,39,248,30,29,133,28,37,34,146,34,65,35,36,230,223,180,21,29,80,52,283,42,30,44,251,37,34,241,66,67,38,132,7,6,,,252,222,,,170,32,177,235,217,190,225,152,258,229,46,33,120,116,108,140,185,269,224,261,120,58,136,5,,193,,,b'\x11\xe8\xe1I\xea\xec\x91J\x9a\xbe\x12\xdf\x17\xaeN\x1e'
11E8E149-EAEC-914A-9ABE-12DF17AE4E1E,2022-ncaa-d3-conf-MWC,ncaa,3,2,3,3,3,4,4,3,3,3,3,3,5,3,5,6,6,5,8,5,9,3,3,5,6,4,7,5,5,2,4,3,6,2,5,4,6,5,3,3,5,5,1,1,,,6,2,,,2,3,5,7,4,3,1,3,2,6,5,7,6,6,2,4,3,3,1,4,3,5,1,,5,,,2,4,3,9,1,3,6,1,6,9,1,9,5,5,4,5,3,9,9,1,1,1,7,7,4,8,6,6,4,7,5,6,5,4,7,2,5,3,6,5,,,2,4,,,2,7,4,1,2,3,1,6,1,5,5,8,3,3,3,5,6,6,4,5,3,5,3,5,,4,,,b'\x11\xe8\xe1I\xea\xec\x91J\x9a\xbe\x12\xdf\x17\xaeN\x1e'
11E8E149-EAEC-914A-9ABE-12DF17AE4E1E,2022-ncaa-d3-natl,ncaa,190,234,107,217,120,167,146,125,206,133,123,181,184,160,252,218,256,209,344,211,289,134,149,216,239,216,280,236,313,171,207,169,219,161,218,208,312,188,145,208,176,222,65,49,,,360,329,,,178,139,204,79,204,165,136,150,156,217,197,299,247,251,157,199,202,244,222,249,149,212,67,,334,,,180,231,178,281,77,127,141,133,335,398,79,389,305,314,202,314,338,290,309,103,118,116,376,345,305,264,219,277,207,268,218,163,147,137,182,109,143,118,151,99,,,137,180,,,178,306,217,126,176,155,114,201,81,71,296,382,269,274,272,214,240,212,209,202,115,178,117,108,,174,,,b'\x11\xe8\xe1I\xea\xec\x91J\x9a\xbe\x12\xdf\x17\xaeN\x1e'
11E8E149-EAEC-914A-9ABE-12DF17AE4E1E,2023-ncaa-d3-conf-MWC,ncaa,1,1,2,1,3,2,2,2,2,1,2,1,8,9,4,9,6,5,4,5,9,2,2,2,3,2,9,9,8,2,2,1,7,2,2,1,1,5,1,1,5,5,1,1,,,2,2,,,2,4,6,8,3,1,3,1,1,9,9,7,7,7,6,7,3,3,1,1,2,6,1,,2,,,2,2,1,9,1,1,7,1,7,9,2,8,2,2,5,2,2,9,9,1,1,1,8,7,3,9,7,2,2,5,2,4,5,5,5,3,5,4,1,1,,,4,6,,,2,6,2,1,2,1,2,7,1,4,6,8,2,2,2,4,6,9,2,2,3,6,3,1,,6,,,b'\x11\xe8\xe1I\xea\xec\x91J\x9a\xbe\x12\xdf\x17\xaeN\x1e'
11E8E149-EAEC-914A-9ABE-12DF17AE4E1E,2023-ncaa-d3-natl,ncaa,37,43,33,43,53,48,36,58,46,21,26,54,278,292,232,365,104,108,142,108,339,60,52,82,87,91,399,380,285,89,93,37,164,51,78,32,131,252,132,62,126,209,33,27,,,272,129,,,66,48,204,228,94,58,130,29,54,340,354,174,205,207,143,187,156,95,121,53,152,203,51,,147,,,77,281,248,383,53,163,252,86,361,414,99,371,277,295,159,293,254,383,382,74,72,84,361,353,229,314,164,196,93,248,78,237,193,98,171,135,285,204,56,10,,,66,178,,,66,383,92,94,76,113,107,222,67,103,284,350,192,195,191,209,220,200,58,106,137,163,205,19,,161,,,b'\x11\xe8\xe1I\xea\xec\x91J\x9a\xbe\x12\xdf\x17\xaeN\x1e'
11E8E149-EAEC-914A-9ABE-12DF17AE4E1E,2024-ncaa-d3-conf-MWC,ncaa,2,2,1,2,2,1,1,1,3,2,1,3,4,4,4,8,2,2,5,2,7,1,1,4,4,3,8,8,5,2,4,2,9,2,7,1,4,3,1,1,1,3,5,7,,,6,3,,,3,1,1,6,1,1,1,2,1,5,6,2,2,2,1,1,2,4,2,1,2,1,5,,4,,,3,9,9,9,7,9,9,7,6,7,6,3,7,6,4,6,3,9,9,6,6,6,2,3,3,9,9,9,4,9,7,9,5,1,4,5,1,1,5,1,,,1,5,,,3,9,2,6,3,8,8,8,8,9,5,5,4,5,4,9,9,8,9,9,9,1,1,4,,2,,,b'\x11\xe8\xe1I\xea\xec\x91J\x9a\xbe\x12\xdf\x17\xaeN\x1e'
11E8E149-EAEC-914A-9ABE-12DF17AE4E1E,2024-ncaa-d3-natl,ncaa,74,87,63,88,65,19,26,27,90,14,9,148,189,247,82,380,6,3,198,3,99,14,17,122,104,71,305,349,76,101,252,81,178,83,257,71,306,200,35,81,22,41,288,353,,,375,204,,,101,10,13,15,10,16,13,15,8,228,303,5,2,3,8,15,132,114,109,76,128,21,320,,334,,,104,402,401,389,341,398,394,313,313,256,328,115,367,387,95,386,258,401,413,327,313,232,148,141,213,290,178,413,252,399,257,322,109,27,63,87,105,20,129,23,,,6,72,,,101,417,84,186,123,359,356,332,355,349,250,183,325,360,352,357,395,226,383,335,262,25,72,91,,8,,,b'\x11\xe8\xe1I\xea\xec\x91J\x9a\xbe\x12\xdf\x17\xaeN\x1e'
11E8E149-EAEC-914A-9ABE-12DF17AE4E1E,2025-ncaa-d3-conf-Midwest Conference,genius_ncaa,4,4,5,4,5,2,2,2,2,2,2,2,4,6,3,6,3,3,1,3,7,2,3,2,2,1,5,7,6,7,7,3,4,5,5,2,6,1,1,1,2,2,8,8,,,6,6,,6,3,2,1,1,1,1,1,2,2,4,6,2,3,3,1,1,7,2,4,1,1,2,8,,7,,7,3,6,6,6,6,4,5,6,4,7,4,6,7,8,2,8,9,6,9,6,6,5,6,3,7,5,4,8,7,7,5,5,6,2,3,4,1,2,6,5,,,4,7,,5,3,9,2,4,3,6,6,7,5,5,5,7,7,8,8,7,9,6,8,7,5,2,3,6,,4,,5,b'\x11\xe8\xe1I\xea\xec\x91J\x9a\xbe\x12\xdf\x17\xaeN\x1e'
11E8E149-EAEC-914A-9ABE-12DF17AE4E1E,2025-ncaa-d3-natl,genius_ncaa,141,118,192,141,248,62,75,111,57,69,104,74,155,193,114,274,33,48,38,50,123,101,138,71,52,38,223,275,106,316,367,117,273,214,329,134,305,64,39,73,62,86,341,348,,,308,224,,294,127,86,38,258,20,31,52,28,70,141,179,11,34,38,38,86,328,74,179,106,72,58,346,,347,,311,128,364,326,342,232,299,221,309,324,380,113,344,364,367,220,360,344,359,351,241,259,247,296,247,270,327,273,367,367,365,329,300,212,121,204,207,113,87,276,205,,,112,138,,190,127,339,73,261,131,356,326,354,297,230,328,374,373,368,368,374,374,324,366,356,287,111,134,286,,74,,190,b'\x11\xe8\xe1I\xea\xec\x91J\x9a\xbe\x12\xdf\x17\xaeN\x1e'
11E8E149-EAEC-914A-9ABE-12DF17AE4E1E,2026-ncaa-d3-conf-Midwest Conference,genius_ncaa,1,3,1,3,2,1,1,2,2,1,2,2,3,6,4,9,2,2,3,2,6,2,2,2,1,2,7,8,4,3,5,1,3,1,2,1,3,9,7,3,1,5,4,5,,,8,5,,9,2,2,3,3,2,2,6,2,4,8,9,3,4,4,6,5,5,1,3,1,7,5,5,,6,,9,3,8,7,9,3,7,9,2,7,8,4,4,8,8,7,8,4,9,9,2,2,3,7,4,7,8,3,7,5,8,2,9,8,3,8,8,9,5,6,6,,,2,4,,5,2,9,3,3,3,4,4,9,4,8,4,5,6,6,5,9,8,4,2,3,6,6,5,6,,4,,6,b'\x11\xe8\xe1I\xea\xec\x91J\x9a\xbe\x12\xdf\x17\xaeN\x1e'
11E8E149-EAEC-914A-9ABE-12DF17AE4E1E,2026-ncaa-d3-natl,genius_ncaa,225,268,116,265,134,38,43,123,31,12,30,63,347,364,243,408,11,21,72,23,135,90,73,92,59,106,386,409,50,134,137,50,184,78,113,84,303,349,275,243,184,293,304,359,,,371,301,,400,232,70,18,85,13,21,84,4,9,370,402,9,13,14,43,21,151,19,40,87,351,216,328,,385,,395,230,382,362,354,286,348,333,287,347,359,238,250,401,397,310,396,353,375,341,290,315,366,297,206,337,316,184,231,137,266,113,379,320,234,363,374,365,318,290,174,,,56,114,,201,232,348,120,355,229,398,372,384,355,343,353,372,404,401,402,400,388,300,182,242,370,290,365,292,,26,,217,b'\x11\xe8\xe1I\xea\xec\x91J\x9a\xbe\x12\xdf\x17\xaeN\x1e'
11E8E149-EAF0-F636-9ABE-12DF17AE4E1E,2018-ncaa-d3-conf-AMCC,ncaa,6,6,5,6,6,6,5,5,2,3,4,1,5,5,6,6,6,6,6,6,6,7,5,3,4,5,9,6,7,5,4,8,8,8,6,6,9,7,7,6,5,6,6,8,,,9,10,,,7,6,6,6,4,4,6,3,4,5,4,6,6,6,6,5,6,10,9,5,6,6,6,,9,,,7,9,6,2,10,8,8,8,3,1,8,1,9,9,9,9,9,5,5,8,10,8,4,2,9,6,8,4,4,5,6,4,5,6,6,7,5,5,7,8,,,7,8,,,7,5,4,8,7,8,6,5,8,8,3,1,10,9,9,7,4,6,2,3,5,7,4,7,,7,,,b'\x11\xe8\xe1I\xea\xf0\xf66\x9a\xbe\x12\xdf\x17\xaeN\x1e'
11E8E149-EAF0-F636-9ABE-12DF17AE4E1E,2018-ncaa-d3-natl,ncaa,243,279,123,261,174,149,156,154,162,147,163,140,192,179,229,215,154,134,250,136,168,149,105,164,172,222,249,244,210,93,85,282,395,186,261,194,287,378,320,287,170,232,290,344,,,434,429,,,282,130,134,254,157,151,174,141,200,206,193,163,138,140,154,98,90,367,231,211,347,192,310,,440,,,281,408,349,282,331,402,398,295,43,32,191,7,443,443,298,443,409,370,343,273,344,335,126,6,437,404,395,183,85,306,261,357,278,156,238,260,365,309,287,253,,,167,274,,,282,315,208,358,285,361,305,229,378,375,30,20,441,441,441,339,341,374,151,263,317,179,337,272,,196,,,b'\x11\xe8\xe1I\xea\xf0\xf66\x9a\xbe\x12\xdf\x17\xaeN\x1e'
11E8E149-EAF0-F636-9ABE-12DF17AE4E1E,2019-ncaa-d3-conf-AMCC,ncaa,2,2,4,2,6,1,2,4,1,3,5,1,2,3,1,4,6,7,5,7,7,4,5,1,1,1,7,4,9,3,1,9,3,6,2,1,1,3,3,1,2,1,9,10,,,7,8,,,1,5,6,10,1,1,4,2,6,2,5,6,7,7,4,5,4,10,8,1,2,1,9,,6,,,1,1,1,1,6,5,3,7,1,1,1,1,6,7,8,7,7,1,4,5,6,2,1,1,8,1,3,3,1,1,2,1,1,2,1,1,3,2,2,3,,,6,7,,,1,6,1,3,1,2,1,1,6,5,1,1,6,5,5,1,2,1,2,2,1,2,3,2,,6,,,b'\x11\xe8\xe1I\xea\xf0\xf66\x9a\xbe\x12\xdf\x17\xaeN\x1e'
11E8E149-EAF0-F636-9ABE-12DF17AE4E1E,2019-ncaa-d3-natl,ncaa,137,104,215,130,314,148,123,225,51,120,226,40,178,207,156,202,253,304,72,301,304,250,268,52,57,71,307,233,339,225,125,384,321,350,240,67,42,166,196,58,82,44,399,405,,,121,152,,,124,279,240,437,95,66,181,69,211,176,200,242,307,308,217,248,211,423,381,32,170,58,403,,126,,,123,165,218,91,382,353,225,385,20,29,64,35,205,143,425,151,157,83,125,322,346,242,26,11,236,162,321,70,125,87,240,279,290,120,77,185,206,235,70,72,,,342,353,,,124,141,81,226,137,189,253,81,343,253,16,27,226,148,162,73,143,171,71,100,286,106,214,65,,370,,,b'\x11\xe8\xe1I\xea\xf0\xf66\x9a\xbe\x12\xdf\x17\xaeN\x1e'
11E8E149-EAF0-F636-9ABE-12DF17AE4E1E,2020-ncaa-d3-conf-AMCC,ncaa,1,1,1,1,1,1,1,5,1,1,7,1,1,3,1,3,5,5,4,5,7,5,5,1,1,1,7,3,8,6,4,3,4,3,3,1,4,4,4,1,2,1,7,7,,,6,6,,,1,3,7,1,1,1,9,2,8,1,4,5,5,5,8,9,7,6,7,1,3,3,7,,6,,,1,5,8,6,8,11,8,10,1,2,2,1,4,5,4,5,2,7,7,5,5,6,1,1,4,3,4,2,4,3,3,4,2,5,5,5,2,3,1,1,,,5,6,,,1,9,1,5,1,4,6,4,9,6,1,1,3,5,5,4,3,3,1,2,1,6,2,1,,8,,,b'\x11\xe8\xe1I\xea\xf0\xf66\x9a\xbe\x12\xdf\x17\xaeN\x1e'
11E8E149-EAF0-F636-9ABE-12DF17AE4E1E,2020-ncaa-d3-natl,ncaa,61,63,65,69,105,73,51,136,19,68,201,16,65,96,56,129,240,242,208,231,263,149,161,16,25,32,232,137,393,156,112,187,149,187,108,70,185,194,156,65,102,101,249,288,,,274,279,,,92,162,326,233,77,52,225,83,304,84,140,289,315,310,254,303,203,294,279,84,123,127,281,,206,,,97,266,335,227,353,410,359,371,21,52,18,33,230,222,234,211,127,230,231,279,272,268,10,4,197,148,149,112,112,108,108,273,170,179,192,238,121,101,48,43,,,259,326,,,92,273,31,236,90,172,242,116,356,276,9,20,172,169,158,107,90,98,49,46,205,241,73,26,,368,,,b'\x11\xe8\xe1I\xea\xf0\xf66\x9a\xbe\x12\xdf\x17\xaeN\x1e'
11E8E149-EAF0-F636-9ABE-12DF17AE4E1E,2022-ncaa-d3-conf-AMCC,ncaa,1,1,2,1,2,3,1,2,1,2,4,1,2,3,2,3,6,4,9,4,5,1,2,1,3,3,7,3,9,5,5,3,2,5,3,1,2,2,2,2,1,1,2,2,,,8,8,,,2,1,4,2,2,2,2,2,3,2,3,8,5,5,2,3,5,5,5,2,2,1,2,,7,,,2,3,3,5,2,5,6,3,1,2,1,2,6,5,5,5,4,6,8,2,2,2,1,1,7,4,2,4,5,3,3,1,2,2,2,1,1,1,1,1,,,3,6,,,2,8,3,2,2,1,2,3,3,5,1,1,6,5,6,3,5,2,3,3,2,2,1,1,,5,,,b'\x11\xe8\xe1I\xea\xf0\xf66\x9a\xbe\x12\xdf\x17\xaeN\x1e'
11E8E149-EAF0-F636-9ABE-12DF17AE4E1E,2022-ncaa-d3-natl,ncaa,49,55,61,56,75,42,18,38,34,16,31,38,111,138,109,266,280,196,398,190,371,43,58,45,83,52,379,258,423,102,168,141,244,128,212,55,266,124,35,37,21,24,162,234,,,295,181,,,45,58,140,203,36,14,42,15,48,151,207,354,270,266,52,117,166,270,217,59,63,26,201,,197,,,47,265,306,318,193,382,390,225,33,114,10,37,275,296,194,290,140,319,362,127,128,93,14,8,246,315,244,304,168,315,212,89,18,52,90,23,98,39,114,27,,,257,395,,,45,363,52,105,56,140,190,188,301,326,14,37,208,218,211,178,253,225,187,192,43,88,56,58,,373,,,b'\x11\xe8\xe1I\xea\xf0\xf66\x9a\xbe\x12\xdf\x17\xaeN\x1e'
11E8E149-EAF0-F636-9ABE-12DF17AE4E1E,2023-ncaa-d3-conf-AMCC,ncaa,1,1,1,1,1,2,2,3,2,2,2,1,2,3,2,5,1,1,6,1,2,3,3,1,1,2,5,4,4,5,2,2,1,5,1,1,1,3,3,2,2,2,3,6,,,4,5,,,2,2,4,5,2,2,4,2,2,2,4,1,1,1,3,5,5,5,5,1,3,2,4,,4,,,2,1,1,2,2,5,8,2,1,1,1,1,5,5,7,5,3,2,6,1,2,2,1,1,6,1,1,1,2,1,1,1,1,2,1,1,1,1,2,1,,,1,3,,,2,7,2,1,2,1,1,1,3,7,1,1,4,4,4,1,3,1,1,1,1,2,1,2,,2,,,b'\x11\xe8\xe1I\xea\xf0\xf66\x9a\xbe\x12\xdf\x17\xaeN\x1e'
11E8E149-EAF0-F636-9ABE-12DF17AE4E1E,2023-ncaa-d3-natl,ncaa,67,62,109,71,131,55,60,115,33,57,97,58,138,229,29,311,45,38,202,37,101,101,120,41,39,36,261,276,157,144,69,183,230,173,107,58,117,151,92,41,79,82,225,272,,,190,118,,,41,120,169,181,36,50,134,50,97,159,271,46,43,41,88,153,160,241,207,48,124,82,239,,147,,,43,163,185,233,137,294,365,139,34,54,39,33,295,252,375,248,153,231,294,83,106,76,52,18,321,253,230,76,69,123,107,95,74,76,76,42,58,39,110,54,,,73,101,,,41,299,38,83,46,119,144,166,251,324,20,33,268,216,218,171,243,214,43,88,79,86,47,89,,77,,,b'\x11\xe8\xe1I\xea\xf0\xf66\x9a\xbe\x12\xdf\x17\xaeN\x1e'
11E8E149-EAF0-F636-9ABE-12DF17AE4E1E,2024-ncaa-d3-conf-AMCC,ncaa,1,1,2,1,4,1,2,4,1,2,2,1,4,7,1,9,2,3,4,3,5,3,5,1,1,1,9,8,7,2,1,9,2,5,1,1,2,3,2,1,1,1,6,6,,,4,3,,,1,6,8,6,1,2,4,2,2,4,7,2,4,4,3,5,3,9,6,1,2,1,6,,3,,,1,3,4,2,8,6,2,9,4,6,1,8,2,2,5,2,4,2,3,7,7,2,3,4,3,2,2,1,1,1,1,5,7,2,2,2,1,1,4,2,,,4,4,,,1,5,1,2,1,2,2,1,3,1,2,6,2,2,2,1,2,1,1,1,5,2,1,3,,4,,,b'\x11\xe8\xe1I\xea\xf0\xf66\x9a\xbe\x12\xdf\x17\xaeN\x1e'
11E8E149-EAF0-F636-9ABE-12DF17AE4E1E,2024-ncaa-d3-natl,ncaa,56,17,200,29,257,33,22,91,7,15,72,10,123,208,20,293,129,166,107,162,297,98,160,7,8,4,340,276,352,80,8,316,97,199,17,15,66,27,8,2,40,15,333,310,,,57,51,,,16,221,178,244,6,3,33,6,47,111,212,112,141,138,30,113,52,333,169,2,22,26,337,,40,,,10,132,205,123,302,232,86,380,171,281,57,364,70,49,297,49,110,92,142,298,279,193,108,221,75,49,97,23,8,22,17,269,298,101,68,180,10,7,48,18,,,226,282,,,16,200,1,132,10,156,212,121,235,78,187,291,60,41,45,82,160,40,5,10,273,98,11,42,,219,,,b'\x11\xe8\xe1I\xea\xf0\xf66\x9a\xbe\x12\xdf\x17\xaeN\x1e'
11E8E149-EAF0-F636-9ABE-12DF17AE4E1E,2025-ncaa-d3-conf-AMCC,genius_ncaa,1,2,1,2,2,2,2,2,2,2,2,2,6,7,4,7,2,2,2,2,3,2,2,2,3,2,7,7,5,1,1,3,1,2,2,1,2,3,2,2,1,1,2,2,,,7,6,,7,2,3,5,9,2,2,4,2,2,6,7,2,3,2,2,4,1,7,4,1,3,1,2,,6,,7,2,3,3,3,2,2,3,2,2,3,3,3,7,6,7,6,6,3,7,2,2,2,7,2,8,1,1,2,1,1,2,3,4,1,2,2,3,1,4,2,,,3,3,,6,2,8,2,2,2,1,1,1,1,2,2,2,7,4,3,1,1,1,2,1,2,2,1,3,,3,,6,b'\x11\xe8\xe1I\xea\xf0\xf66\x9a\xbe\x12\xdf\x17\xaeN\x1e'
11E8E149-EAF0-F636-9ABE-12DF17AE4E1E,2025-ncaa-d3-natl,genius_ncaa,44,44,55,46,86,47,40,63,35,25,36,65,206,282,63,355,64,78,126,75,248,61,75,52,55,54,356,340,234,91,56,163,107,127,56,46,122,187,95,50,30,25,54,53,,,260,185,,382,29,72,145,217,35,32,91,19,43,239,336,85,109,101,80,127,124,269,193,41,129,31,70,,191,,371,27,148,129,202,106,179,225,140,100,181,57,177,275,258,270,256,252,215,323,87,107,52,180,116,312,119,107,101,56,90,56,198,259,42,41,56,168,91,161,53,,,139,255,,295,29,349,50,39,31,73,73,84,107,130,68,111,219,198,194,91,203,84,36,39,134,47,121,111,,217,,322,b'\x11\xe8\xe1I\xea\xf0\xf66\x9a\xbe\x12\xdf\x17\xaeN\x1e'
11E8E149-EAF0-F636-9ABE-12DF17AE4E1E,2026-ncaa-d3-conf-AMCC,genius_ncaa,1,1,1,1,2,2,2,3,4,2,2,6,1,2,2,7,1,1,7,1,4,2,3,3,2,3,2,2,4,4,7,2,3,2,5,3,7,7,3,4,1,2,1,1,,,8,3,,9,2,2,2,2,3,4,6,4,3,2,6,1,1,1,3,4,7,4,5,4,3,1,1,,4,,8,3,7,8,8,1,8,8,3,4,9,1,7,6,6,6,6,2,8,9,1,1,1,2,2,5,8,3,8,7,8,5,5,3,1,4,2,6,3,5,5,,,1,5,,3,2,9,4,2,3,2,3,6,4,7,1,8,3,2,2,6,9,4,5,4,2,3,3,5,,4,,4,b'\x11\xe8\xe1I\xea\xf0\xf66\x9a\xbe\x12\xdf\x17\xaeN\x1e'
11E8E149-EAF0-F636-9ABE-12DF17AE4E1E,2026-ncaa-d3-natl,genius_ncaa,225,268,116,265,139,187,198,148,283,181,121,307,214,219,216,298,78,100,173,82,141,144,138,284,276,264,172,257,83,239,304,207,283,219,312,263,326,273,224,303,68,99,45,59,,,288,208,,370,225,117,51,113,228,250,161,215,121,245,263,94,111,85,131,121,291,258,295,315,250,70,45,,275,,375,225,249,210,277,86,209,272,87,209,271,113,187,368,343,359,341,297,287,303,70,132,111,305,161,378,274,283,286,304,289,312,309,370,81,135,204,292,251,210,165,,,117,160,,19,225,304,284,118,216,225,146,261,150,256,172,247,361,339,339,290,334,261,285,282,299,83,274,188,,120,,22,b'\x11\xe8\xe1I\xea\xf0\xf66\x9a\xbe\x12\xdf\x17\xaeN\x1e'
11E8E149-EAF5-99B6-9ABE-12DF17AE4E1E,2018-ncaa-d3-conf-SCIAC,ncaa,8,8,5,8,6,3,3,2,9,6,7,6,1,1,8,1,4,3,9,3,2,2,2,8,9,7,2,2,7,3,3,7,9,4,9,6,9,4,1,7,3,4,9,9,,,6,5,,,9,2,1,4,2,2,1,5,6,1,1,4,2,2,1,1,2,6,2,6,5,3,9,,7,,,9,9,9,9,9,9,9,9,6,3,8,1,5,6,1,6,5,9,9,9,9,9,1,1,2,9,9,9,3,9,9,9,9,2,4,9,7,3,9,9,,,3,8,,,9,9,5,9,8,9,9,9,9,9,7,3,8,8,8,9,9,9,9,9,9,2,8,9,,1,,,b'\x11\xe8\xe1I\xea\xf5\x99\xb6\x9a\xbe\x12\xdf\x17\xaeN\x1e'
11E8E149-EAF5-99B6-9ABE-12DF17AE4E1E,2018-ncaa-d3-natl,ncaa,400,349,412,404,414,265,260,159,350,329,363,228,75,15,357,12,341,240,430,237,86,166,261,299,342,267,71,37,370,140,218,420,430,372,412,364,425,23,20,228,246,256,438,440,,,150,172,,,381,301,11,42,48,61,3,187,188,14,3,233,68,65,5,8,33,372,122,284,136,138,435,,380,,,388,414,435,232,442,437,365,441,168,65,412,51,98,128,86,134,74,207,175,440,439,437,9,53,30,360,430,346,218,365,412,438,402,297,303,428,76,89,195,316,,,321,324,,,381,134,233,437,383,444,442,440,443,441,309,193,266,319,338,440,436,420,440,441,443,131,234,338,,58,,,b'\x11\xe8\xe1I\xea\xf5\x99\xb6\x9a\xbe\x12\xdf\x17\xaeN\x1e'
11E8E149-EAF5-99B6-9ABE-12DF17AE4E1E,2019-ncaa-d3-conf-SCIAC,ncaa,6,6,5,6,5,4,4,2,7,4,2,6,5,3,9,4,4,3,9,3,5,2,1,8,8,9,7,7,5,2,3,2,5,2,3,8,8,7,4,8,6,7,2,2,,,5,3,,,7,2,1,3,3,4,1,2,1,5,3,4,1,1,1,1,1,1,1,8,9,6,2,,7,,,7,7,7,8,5,8,9,6,2,3,2,1,8,7,8,7,3,8,8,4,4,8,3,2,6,8,5,8,3,8,3,8,5,7,7,8,7,5,4,3,,,3,8,,,7,8,7,8,7,8,8,9,9,9,3,4,9,8,8,9,9,8,8,8,8,7,8,5,,1,,,b'\x11\xe8\xe1I\xea\xf5\x99\xb6\x9a\xbe\x12\xdf\x17\xaeN\x1e'
11E8E149-EAF5-99B6-9ABE-12DF17AE4E1E,2019-ncaa-d3-natl,ncaa,306,162,430,270,431,375,370,370,329,322,335,274,384,327,421,259,331,315,320,315,245,374,407,357,356,294,330,339,171,169,62,388,269,337,139,414,427,11,41,293,425,410,150,129,,,37,167,,,259,416,49,135,115,106,14,57,23,294,106,112,61,55,9,16,14,30,14,359,161,386,49,,278,,,275,47,72,42,253,159,127,234,18,21,119,39,89,65,369,69,101,40,24,189,192,329,45,36,206,92,269,38,62,38,139,97,217,430,423,417,10,43,93,164,,,397,301,,,259,23,236,347,288,401,399,423,419,430,126,159,330,289,294,426,399,372,378,380,363,397,135,300,,99,,,b'\x11\xe8\xe1I\xea\xf5\x99\xb6\x9a\xbe\x12\xdf\x17\xaeN\x1e'
11E8E149-EAF5-99B6-9ABE-12DF17AE4E1E,2020-ncaa-d3-conf-SCIAC,ncaa,7,7,5,7,7,5,5,1,9,5,3,7,3,1,9,1,3,3,9,2,4,1,1,9,9,8,3,3,3,1,2,3,3,1,3,7,8,5,1,6,4,5,4,4,,,8,6,,,7,1,1,4,2,2,1,4,1,3,1,2,1,1,1,1,1,2,1,7,6,3,3,,9,,,7,9,6,6,5,6,7,5,6,3,9,2,8,7,7,7,7,9,9,7,8,7,6,6,6,2,3,9,2,7,3,7,6,2,4,5,4,1,3,3,,,2,7,,,7,9,7,4,7,9,7,7,6,9,6,5,9,8,8,9,9,4,9,7,7,2,4,3,,1,,,b'\x11\xe8\xe1I\xea\xf5\x99\xb6\x9a\xbe\x12\xdf\x17\xaeN\x1e'
11E8E149-EAF5-99B6-9ABE-12DF17AE4E1E,2020-ncaa-d3-natl,ncaa,306,136,429,245,429,358,362,311,384,379,384,319,194,75,395,31,360,343,346,342,187,325,404,365,376,284,96,84,260,55,18,413,236,293,114,392,392,8,3,144,370,256,238,164,,,67,341,,,209,420,20,19,32,50,3,141,42,32,6,115,44,39,3,3,2,48,2,209,77,165,93,,418,,,202,16,20,16,246,31,29,194,41,20,348,121,118,88,325,88,284,16,17,243,265,278,259,186,314,42,236,56,18,34,114,28,124,390,236,197,4,3,34,88,,,387,276,,,209,18,172,271,208,385,347,382,350,397,304,254,401,388,390,405,416,318,424,409,266,121,54,151,,18,,,b'\x11\xe8\xe1I\xea\xf5\x99\xb6\x9a\xbe\x12\xdf\x17\xaeN\x1e'
11E8E149-EAF5-99B6-9ABE-12DF17AE4E1E,2022-ncaa-d3-conf-SCIAC,ncaa,7,6,4,7,6,4,5,1,9,8,4,9,1,1,7,1,5,1,9,1,2,1,1,9,9,9,1,1,5,1,1,3,6,1,4,7,9,6,3,8,4,6,8,9,,,9,7,,,8,1,1,9,4,6,1,9,4,1,1,4,2,2,1,1,1,2,1,7,6,6,8,,9,,,8,9,9,8,8,9,9,8,2,3,5,2,7,7,1,7,6,9,8,7,6,7,1,2,4,8,6,9,1,9,4,8,7,4,6,8,6,3,9,8,,,2,7,,,8,7,8,7,8,8,9,8,9,9,4,2,7,7,7,9,9,9,9,9,8,5,6,9,,2,,,b'\x11\xe8\xe1I\xea\xf5\x99\xb6\x9a\xbe\x12\xdf\x17\xaeN\x1e'
11E8E149-EAF5-99B6-9ABE-12DF17AE4E1E,2022-ncaa-d3-natl,ncaa,328,234,391,318,403,301,320,274,351,367,325,382,96,106,133,82,299,273,324,268,134,274,338,307,320,227,35,37,211,115,68,375,262,305,226,382,416,14,13,231,374,338,396,405,,,205,405,,,273,379,49,411,85,144,6,285,114,32,23,126,67,66,7,16,5,208,34,325,71,296,382,,415,,,284,148,173,56,392,283,151,358,23,15,338,8,249,253,226,259,300,61,45,359,371,392,29,14,295,82,262,136,68,110,226,195,192,397,372,380,25,49,263,342,,,359,301,,,273,46,176,387,290,390,386,355,408,410,81,33,394,395,403,384,351,278,393,367,352,328,125,391,,126,,,b'\x11\xe8\xe1I\xea\xf5\x99\xb6\x9a\xbe\x12\xdf\x17\xaeN\x1e'
11E8E149-EAF5-99B6-9ABE-12DF17AE4E1E,2023-ncaa-d3-conf-SCIAC,ncaa,1,1,1,1,1,1,1,1,5,1,1,5,3,3,6,6,2,2,4,2,4,1,1,5,4,3,5,6,2,1,1,1,1,1,1,4,7,4,1,1,1,4,4,4,,,7,5,,,1,1,1,3,1,1,1,1,1,5,6,2,2,2,1,1,1,2,1,5,2,3,4,,4,,,1,6,7,8,5,8,8,6,2,7,1,4,6,3,4,4,4,8,8,4,2,1,2,3,5,1,1,9,1,6,1,4,4,1,2,1,2,1,7,2,,,2,3,,,1,9,1,1,1,1,4,2,5,4,1,4,3,3,3,1,4,1,6,2,3,2,1,5,,2,,,b'\x11\xe8\xe1I\xea\xf5\x99\xb6\x9a\xbe\x12\xdf\x17\xaeN\x1e'
11E8E149-EAF5-99B6-9ABE-12DF17AE4E1E,2023-ncaa-d3-natl,ncaa,90,4,408,8,408,272,282,335,204,243,247,230,326,346,214,331,128,157,109,158,120,307,393,232,195,98,248,329,51,157,30,366,63,302,42,313,324,9,2,49,346,210,180,127,,,36,153,,,84,405,183,54,46,72,26,58,28,217,226,12,14,14,14,63,20,70,14,188,17,213,102,,154,,,52,18,23,20,181,67,51,216,10,16,15,75,40,41,198,42,108,17,22,117,103,138,28,29,178,13,63,31,30,21,42,24,83,382,237,173,5,4,110,136,,,328,142,,,84,26,50,108,59,143,208,237,313,325,30,83,157,159,157,210,193,101,227,149,129,239,13,267,,64,,,b'\x11\xe8\xe1I\xea\xf5\x99\xb6\x9a\xbe\x12\xdf\x17\xaeN\x1e'
11E8E149-EAF5-99B6-9ABE-12DF17AE4E1E,2024-ncaa-d3-conf-SCIAC,ncaa,3,1,4,2,6,5,4,7,2,6,6,1,4,4,3,4,6,6,5,6,4,6,6,2,1,1,3,4,5,3,1,5,2,5,1,6,8,5,4,7,6,7,6,5,,,4,6,,,3,7,8,6,4,4,6,6,6,3,3,5,5,5,5,6,3,6,4,6,5,7,5,,4,,,3,3,3,3,6,2,2,7,6,7,5,8,3,4,2,4,4,3,3,6,5,7,5,7,3,1,2,2,1,1,1,4,4,8,7,8,4,5,6,9,,,6,4,,,3,3,1,7,3,2,3,1,3,2,5,7,2,3,3,2,1,1,1,1,3,9,4,8,,5,,,b'\x11\xe8\xe1I\xea\xf5\x99\xb6\x9a\xbe\x12\xdf\x17\xaeN\x1e'
11E8E149-EAF5-99B6-9ABE-12DF17AE4E1E,2024-ncaa-d3-natl,ncaa,142,45,392,83,399,322,320,390,133,340,397,110,206,256,112,102,300,335,118,332,100,392,407,110,100,88,102,117,190,277,49,405,216,381,114,316,259,9,91,135,388,307,367,312,,,58,350,,,185,413,410,391,189,218,293,247,348,113,122,160,205,201,287,370,122,366,270,225,59,349,330,,213,,,178,34,43,19,345,50,24,337,62,34,312,195,70,65,180,65,255,20,15,341,327,365,183,201,182,28,216,13,49,13,114,67,209,407,345,349,14,102,137,333,,,382,174,,,185,15,60,359,177,178,202,69,228,124,181,117,178,191,191,75,21,121,28,48,206,388,64,272,,288,,,b'\x11\xe8\xe1I\xea\xf5\x99\xb6\x9a\xbe\x12\xdf\x17\xaeN\x1e'
11E8E149-EAF5-99B6-9ABE-12DF17AE4E1E,2025-ncaa-d3-conf-SCIAC,genius_ncaa,8,9,3,9,4,6,7,5,9,9,9,9,1,1,6,1,3,4,4,4,1,5,5,9,8,8,1,1,2,4,4,6,2,5,4,7,2,9,7,7,8,8,9,9,,,7,6,,9,9,5,7,3,7,9,5,9,9,1,1,3,4,5,5,5,4,7,5,7,8,8,9,,5,,9,9,9,9,7,9,9,4,9,8,7,7,8,6,5,7,5,4,7,5,9,9,9,6,6,3,1,2,8,4,6,4,8,6,8,8,9,5,5,7,9,,,3,2,,1,9,5,7,9,9,9,9,7,8,4,8,8,5,4,5,8,3,1,7,7,8,8,5,8,,2,,1,b'\x11\xe8\xe1I\xea\xf5\x99\xb6\x9a\xbe\x12\xdf\x17\xaeN\x1e'
11E8E149-EAF5-99B6-9ABE-12DF17AE4E1E,2025-ncaa-d3-natl,genius_ncaa,326,319,345,333,345,257,301,298,281,366,394,252,59,48,158,10,206,275,30,278,65,300,344,211,180,156,9,15,155,215,162,378,257,341,256,297,247,51,118,190,389,381,410,412,,,114,210,,286,320,363,270,12,165,237,128,362,388,19,14,117,197,203,143,204,134,355,258,256,128,386,414,,205,,331,323,346,363,135,412,329,141,401,336,199,414,248,129,109,308,109,141,114,47,416,413,416,161,283,70,99,257,119,162,88,256,376,328,401,392,412,71,134,227,377,,,273,161,,138,320,61,140,408,319,386,385,312,384,284,377,296,203,173,168,295,183,166,247,215,388,399,138,302,,168,,109,b'\x11\xe8\xe1I\xea\xf5\x99\xb6\x9a\xbe\x12\xdf\x17\xaeN\x1e'
11E8E149-EAF5-99B6-9ABE-12DF17AE4E1E,2026-ncaa-d3-conf-SCIAC,genius_ncaa,6,4,7,6,7,8,8,8,1,8,8,7,3,7,1,1,7,8,6,8,1,8,8,1,1,2,1,1,4,8,4,8,7,8,6,8,4,2,8,6,8,8,7,7,,,1,3,,6,6,8,6,3,4,5,8,8,8,1,3,3,3,3,8,7,6,8,8,4,8,8,7,,3,,8,6,2,2,2,8,2,1,8,5,2,7,8,1,1,8,1,4,2,1,8,8,8,6,7,2,2,7,1,4,2,6,2,3,8,6,7,4,8,5,8,,,8,3,,3,6,1,2,8,6,8,8,5,6,1,8,8,3,2,2,5,1,5,1,2,6,7,8,7,,3,,2,b'\x11\xe8\xe1I\xea\xf5\x99\xb6\x9a\xbe\x12\xdf\x17\xaeN\x1e'
11E8E149-EAF5-99B6-9ABE-12DF17AE4E1E,2026-ncaa-d3-natl,genius_ncaa,390,132,409,390,410,405,407,411,27,411,413,117,282,394,1,3,413,414,302,414,341,412,410,5,7,54,3,1,412,406,271,412,371,413,366,398,53,7,354,175,412,372,402,354,,,6,214,,45,288,410,371,113,170,173,383,381,412,1,49,407,409,413,404,395,369,416,415,63,274,391,385,,119,,251,352,8,10,6,416,8,6,414,82,10,416,390,8,7,306,7,295,7,7,416,416,416,382,410,36,5,371,5,271,6,366,22,298,408,190,376,19,389,12,338,,,412,323,,236,288,7,82,415,363,399,392,75,291,23,414,338,168,131,127,69,47,119,30,46,380,273,362,164,,383,,24,b'\x11\xe8\xe1I\xea\xf5\x99\xb6\x9a\xbe\x12\xdf\x17\xaeN\x1e'
11E8E149-EAFA-24EA-9ABE-12DF17AE4E1E,2018-ncaa-d3-conf-USA South,ncaa,14,13,17,14,17,16,16,18,15,16,16,14,17,17,17,16,12,14,2,14,4,17,18,15,13,14,9,16,1,12,9,18,14,18,14,15,7,2,13,14,16,14,8,3,,,3,11,,,13,19,19,5,15,16,18,15,12,17,18,7,8,7,17,19,8,18,16,14,12,15,4,,9,,,13,2,2,1,18,1,1,16,16,10,19,18,4,6,3,6,15,1,2,19,19,18,19,19,8,5,14,2,9,3,14,4,11,13,9,10,6,13,12,18,,,14,3,,,13,2,13,14,13,10,10,4,4,1,18,14,8,10,10,5,3,11,6,7,10,10,12,15,,10,,,b'\x11\xe8\xe1I\xea\xfa$\xea\x9a\xbe\x12\xdf\x17\xaeN\x1e'
11E8E149-EAFA-24EA-9ABE-12DF17AE4E1E,2018-ncaa-d3-natl,ncaa,299,251,390,289,393,372,391,415,284,365,374,296,398,392,324,346,171,188,124,179,37,400,415,311,255,283,211,355,7,306,143,403,379,394,277,388,310,105,305,337,359,305,179,90,,,80,227,,,296,420,355,115,322,364,403,307,287,368,365,43,62,54,351,326,197,355,298,366,255,305,125,,213,,,299,66,57,33,266,34,18,266,295,220,355,374,98,175,15,175,387,31,33,316,293,267,388,395,206,232,379,27,143,60,277,38,68,311,182,132,184,333,211,347,,,270,25,,,296,27,269,315,292,238,217,170,138,85,376,350,202,326,335,196,213,357,119,224,118,189,306,318,,66,,,b'\x11\xe8\xe1I\xea\xfa$\xea\x9a\xbe\x12\xdf\x17\xaeN\x1e'
11E8E149-EAFA-24EA-9ABE-12DF17AE4E1E,2019-ncaa-d3-conf-USA South,ncaa,11,10,10,10,10,13,13,14,6,12,12,10,12,17,1,17,11,13,3,13,12,15,17,5,6,5,11,10,9,12,5,16,9,17,6,13,13,4,11,9,8,3,16,10,,,3,7,,,6,18,18,1,11,12,14,8,10,11,17,11,12,12,15,17,10,16,16,12,5,5,16,,3,,,6,1,1,1,8,1,1,16,13,15,7,18,3,3,16,3,17,1,1,14,14,9,18,18,10,1,9,1,5,1,6,8,16,11,4,9,2,8,12,13,,,17,11,,,6,1,5,6,6,3,3,1,1,1,15,17,3,3,3,1,1,2,1,1,12,5,2,12,,17,,,b'\x11\xe8\xe1I\xea\xfa$\xea\x9a\xbe\x12\xdf\x17\xaeN\x1e'
11E8E149-EAFA-24EA-9ABE-12DF17AE4E1E,2019-ncaa-d3-natl,ncaa,282,185,407,258,408,378,383,421,152,344,375,255,382,428,37,391,300,325,155,324,199,416,421,184,160,181,292,334,112,366,110,411,168,403,111,403,395,34,270,318,256,103,397,254,,,29,210,,,165,428,406,56,271,275,383,209,175,334,409,155,170,168,370,374,220,300,275,371,188,149,365,,129,,,157,8,8,11,104,4,3,292,178,305,36,440,60,62,181,58,421,11,16,160,172,121,430,420,281,17,168,11,110,9,111,20,294,330,98,109,16,128,103,221,,,411,220,,,165,18,165,117,141,75,47,43,16,2,347,430,176,179,174,39,55,115,51,56,117,149,85,240,,315,,,b'\x11\xe8\xe1I\xea\xfa$\xea\x9a\xbe\x12\xdf\x17\xaeN\x1e'
11E8E149-EAFA-24EA-9ABE-12DF17AE4E1E,2020-ncaa-d3-conf-USA South,ncaa,10,9,10,10,11,13,12,14,9,11,9,12,12,15,3,13,11,11,13,12,12,14,17,8,8,8,11,11,10,9,5,13,2,12,4,14,13,2,5,7,12,4,7,2,,,11,18,,,9,17,18,3,12,12,13,9,8,9,14,10,10,11,12,17,8,12,9,13,5,8,7,,16,,,9,1,1,1,6,1,1,7,14,11,16,17,13,13,10,13,18,1,1,8,11,10,18,17,15,1,2,4,5,1,4,1,14,14,5,7,2,4,10,9,,,14,9,,,9,2,8,8,9,5,2,2,1,1,14,12,13,14,15,2,1,1,6,2,5,11,3,11,,14,,,b'\x11\xe8\xe1I\xea\xfa$\xea\x9a\xbe\x12\xdf\x17\xaeN\x1e'
11E8E149-EAFA-24EA-9ABE-12DF17AE4E1E,2020-ncaa-d3-natl,ncaa,263,163,412,232,414,385,374,410,262,353,347,328,368,410,125,368,337,318,321,328,247,406,413,287,285,267,276,303,149,289,128,390,84,362,120,373,303,25,178,259,256,92,209,58,,,83,369,,,216,424,353,123,290,296,274,238,125,309,365,199,151,171,259,301,114,190,142,310,148,118,123,,296,,,212,11,9,14,124,6,7,136,158,118,286,391,129,154,97,158,424,13,16,197,217,177,428,394,364,15,84,23,128,14,120,30,297,344,118,137,24,133,163,248,,,415,268,,,216,19,241,151,194,113,55,39,22,13,321,324,294,335,338,72,86,89,212,143,142,174,117,300,,319,,,b'\x11\xe8\xe1I\xea\xfa$\xea\x9a\xbe\x12\xdf\x17\xaeN\x1e'
11E8E149-EAFA-24EA-9ABE-12DF17AE4E1E,2021-ncaa-d3-conf-USA South,ncaa,5,4,9,4,10,7,7,7,7,4,7,5,5,7,8,8,8,5,13,5,5,7,9,5,7,6,10,9,11,3,2,8,2,5,2,7,11,5,3,5,4,2,6,3,,,9,11,,,4,11,7,9,4,5,3,5,7,5,5,7,4,4,3,2,2,5,2,6,5,2,4,,9,,,3,1,1,3,2,1,1,3,2,9,1,11,10,11,6,11,14,4,5,1,2,2,13,5,16,3,2,4,2,3,2,1,10,5,3,3,3,3,3,2,,,7,10,,,4,7,4,2,3,3,1,3,3,3,2,9,9,12,12,3,7,3,5,4,5,3,5,3,,6,,,b'\x11\xe8\xe1I\xea\xfa$\xea\x9a\xbe\x12\xdf\x17\xaeN\x1e'
11E8E149-EAFA-24EA-9ABE-12DF17AE4E1E,2021-ncaa-d3-natl,ncaa,50,115,61,84,70,45,43,48,60,41,55,47,44,49,108,120,57,33,236,32,80,46,51,61,79,76,154,135,189,14,6,55,98,34,19,47,153,213,94,82,14,10,57,54,,,221,173,,,10,67,64,110,19,23,21,31,68,57,54,78,39,38,19,15,8,56,7,47,149,9,77,,187,,,12,153,132,184,21,142,178,47,131,211,16,187,230,240,101,240,258,203,220,15,28,15,210,79,272,210,98,197,6,194,19,153,191,27,20,18,204,103,132,47,,,59,154,,,10,223,27,15,15,28,15,55,30,41,41,149,207,224,226,82,193,142,66,90,64,21,140,63,,72,,,b'\x11\xe8\xe1I\xea\xfa$\xea\x9a\xbe\x12\xdf\x17\xaeN\x1e'
11E8E149-EAFA-24EA-9ABE-12DF17AE4E1E,2022-ncaa-d3-conf-USA South,ncaa,8,5,15,6,15,12,11,15,4,12,16,4,6,10,3,8,12,11,9,12,3,15,15,3,3,4,5,6,11,14,5,13,7,15,5,9,10,5,13,9,15,9,15,12,,,8,19,,,6,15,13,3,4,4,15,7,14,3,8,7,7,6,14,11,12,11,9,8,9,11,13,,15,,,6,5,3,3,11,4,3,10,7,4,18,9,10,12,2,12,18,4,5,14,13,12,16,14,13,6,7,3,5,4,5,4,10,14,7,7,4,9,3,7,,,11,2,,,6,5,4,12,6,11,7,4,8,4,13,6,14,16,16,5,7,5,2,2,7,9,7,6,,4,,,b'\x11\xe8\xe1I\xea\xfa$\xea\x9a\xbe\x12\xdf\x17\xaeN\x1e'
11E8E149-EAFA-24EA-9ABE-12DF17AE4E1E,2022-ncaa-d3-natl,ncaa,147,95,300,131,302,157,183,272,68,199,283,71,115,178,63,165,127,91,266,92,46,253,254,61,64,98,132,157,163,217,142,260,239,253,171,227,322,233,264,243,157,135,324,328,,,356,402,,,159,262,79,20,45,68,142,118,230,80,127,57,40,41,93,72,154,138,140,178,302,96,323,,414,,,154,206,167,96,296,204,128,294,117,102,245,112,345,391,41,392,404,136,165,283,288,237,223,120,368,209,239,91,142,120,171,130,114,140,99,97,209,221,73,112,,,82,31,,,159,173,102,235,151,307,271,193,287,250,160,147,386,414,414,293,358,277,165,208,190,62,270,97,,10,,,b'\x11\xe8\xe1I\xea\xfa$\xea\x9a\xbe\x12\xdf\x17\xaeN\x1e'
11E8E149-EAFA-24EA-9ABE-12DF17AE4E1E,2023-ncaa-d3-conf-CCS,ncaa,3,2,6,2,6,4,4,3,4,3,3,5,8,8,8,9,3,2,5,2,6,3,3,6,5,4,9,9,1,2,2,6,6,3,4,5,6,4,3,3,2,2,5,5,,,8,9,,,3,4,2,4,3,2,1,1,1,8,9,1,1,1,1,1,1,4,1,3,3,2,4,,9,,,2,2,2,2,3,3,3,3,1,1,1,3,8,8,5,8,8,2,4,3,3,2,7,2,8,5,6,3,2,4,4,5,8,5,4,4,3,3,6,4,,,3,5,,,3,4,3,3,3,3,2,4,3,3,1,4,8,8,8,5,6,6,6,6,5,3,3,6,,1,,,b'\x11\xe8\xe1I\xea\xfa$\xea\x9a\xbe\x12\xdf\x17\xaeN\x1e'
11E8E149-EAFA-24EA-9ABE-12DF17AE4E1E,2023-ncaa-d3-natl,ncaa,107,43,333,69,357,147,151,192,113,85,95,128,350,342,313,378,55,29,302,32,85,141,195,173,159,128,355,388,72,55,13,323,270,188,88,273,382,85,72,193,133,97,289,270,,,375,421,,,92,272,109,235,38,53,39,24,21,333,320,15,5,5,18,27,18,219,46,221,163,86,265,,420,,,79,100,37,56,104,69,92,127,52,80,50,108,406,411,192,411,425,112,117,79,156,158,337,62,429,190,270,52,13,80,88,52,146,218,177,101,28,18,110,53,,,126,109,,,92,114,90,163,105,226,102,145,147,182,75,137,420,423,424,270,275,262,121,174,112,139,70,151,,22,,,b'\x11\xe8\xe1I\xea\xfa$\xea\x9a\xbe\x12\xdf\x17\xaeN\x1e'
11E8E149-EAFA-24EA-9ABE-12DF17AE4E1E,2024-ncaa-d3-conf-CCS,ncaa,3,2,7,2,8,4,5,6,2,5,6,2,3,4,2,3,5,5,6,5,3,6,6,2,2,2,4,3,8,6,3,7,5,6,3,6,7,1,3,3,5,5,3,3,,,5,8,,,2,7,3,8,1,1,2,2,4,2,2,1,1,1,2,2,3,3,2,4,3,3,3,,9,,,2,3,2,2,5,4,3,4,2,2,1,1,5,5,2,6,8,2,3,4,5,3,3,1,9,2,5,2,3,2,3,2,2,6,4,2,1,2,5,7,,,5,2,,,2,3,2,3,2,5,5,6,7,8,1,2,9,9,9,6,7,6,5,5,4,2,4,6,,1,,,b'\x11\xe8\xe1I\xea\xfa$\xea\x9a\xbe\x12\xdf\x17\xaeN\x1e'
11E8E149-EAFA-24EA-9ABE-12DF17AE4E1E,2024-ncaa-d3-natl,ncaa,162,45,403,97,410,247,255,355,99,239,321,94,245,296,148,250,197,145,339,153,51,341,373,112,117,105,214,248,136,181,35,383,248,334,110,320,380,33,108,196,317,210,197,126,,,174,381,,,117,392,51,417,21,39,42,54,76,144,142,30,9,9,19,30,25,152,46,191,206,154,98,,413,,,86,30,23,24,125,34,44,134,14,21,88,59,294,277,284,280,397,28,34,104,170,141,255,38,416,81,248,22,35,27,110,14,72,290,132,64,48,122,82,140,,,274,82,,,117,36,68,142,95,255,166,230,235,298,71,100,416,416,420,310,342,273,186,234,114,86,196,206,,17,,,b'\x11\xe8\xe1I\xea\xfa$\xea\x9a\xbe\x12\xdf\x17\xaeN\x1e'
11E8E149-EAFA-24EA-9ABE-12DF17AE4E1E,2025-ncaa-d3-conf-CCS,genius_ncaa,5,5,2,5,2,4,4,2,6,5,5,6,2,2,5,4,3,2,6,3,3,2,3,6,6,5,4,3,4,4,7,3,8,3,7,6,8,2,3,5,4,7,4,5,,,9,8,,3,6,2,6,2,4,6,3,6,6,3,3,3,2,2,3,6,4,7,6,7,2,6,4,,8,,3,6,8,8,6,8,8,6,8,3,3,7,3,9,9,5,9,9,7,8,8,8,8,3,2,9,8,8,9,7,9,7,7,3,3,4,5,2,3,5,3,,,3,2,,3,6,8,5,8,6,7,6,2,6,5,3,2,8,9,9,5,6,7,9,8,5,4,2,4,,2,,3,b'\x11\xe8\xe1I\xea\xfa$\xea\x9a\xbe\x12\xdf\x17\xaeN\x1e'
11E8E149-EAFA-24EA-9ABE-12DF17AE4E1E,2025-ncaa-d3-natl,genius_ncaa,217,155,345,194,347,175,195,194,193,203,232,161,174,141,224,161,116,91,271,102,83,172,193,188,182,162,155,192,138,210,254,369,317,320,333,290,374,140,137,240,81,75,228,199,,,333,359,,89,167,196,41,14,52,75,36,111,111,105,74,45,30,36,29,32,126,320,230,247,234,50,196,,403,,103,163,175,108,48,306,199,91,348,36,60,46,88,398,407,81,408,415,102,217,268,303,165,189,25,413,209,317,272,254,244,333,119,160,57,36,43,135,136,92,109,,,166,159,,68,167,220,173,160,167,319,248,161,301,195,73,138,411,416,416,283,376,289,365,339,210,19,216,140,,47,,37,b'\x11\xe8\xe1I\xea\xfa$\xea\x9a\xbe\x12\xdf\x17\xaeN\x1e'
11E8E149-EAFA-24EA-9ABE-12DF17AE4E1E,2026-ncaa-d3-conf-CCS,genius_ncaa,1,1,2,1,2,3,3,3,3,3,2,3,3,3,2,3,3,3,3,3,2,3,3,3,3,3,3,2,3,2,2,2,2,2,2,2,1,2,2,2,3,3,2,2,,,2,3,,1,2,3,3,1,3,3,3,3,1,3,3,3,3,2,3,3,2,1,2,1,2,3,2,,3,,1,2,1,1,1,1,1,2,1,1,1,1,1,2,2,3,2,3,1,1,1,1,1,2,1,3,1,2,2,2,2,2,1,3,3,2,2,2,2,3,3,,,2,2,,1,2,1,3,1,2,1,1,1,1,3,1,1,3,3,3,1,1,2,3,3,1,2,2,3,,2,,1,b'\x11\xe8\xe1I\xea\xfa$\xea\x9a\xbe\x12\xdf\x17\xaeN\x1e'
11E8E149-EAFA-24EA-9ABE-12DF17AE4E1E,2026-ncaa-d3-natl,genius_ncaa,157,132,215,163,249,287,273,224,307,234,176,323,282,286,281,316,267,259,281,245,302,229,263,325,321,288,298,282,224,170,197,290,282,264,289,252,197,120,139,191,124,71,195,185,,,226,338,,75,258,272,202,113,267,241,98,186,66,290,274,240,222,216,108,154,114,271,192,221,153,77,172,,330,,80,260,176,146,116,260,182,148,266,82,95,121,104,310,301,261,288,354,139,139,230,272,250,184,72,376,188,282,237,197,212,289,204,312,240,173,229,127,138,260,256,,,273,277,,323,258,129,272,260,275,247,188,135,238,200,82,96,368,370,366,183,200,246,348,313,266,163,157,320,,251,,330,b'\x11\xe8\xe1I\xea\xfa$\xea\x9a\xbe\x12\xdf\x17\xaeN\x1e'
11E8E149-EAFE-D530-9ABE-12DF17AE4E1E,2018-ncaa-d3-conf-Midwest Conference,ncaa,3,5,1,5,1,1,1,1,6,1,1,7,2,2,4,4,1,1,1,1,8,1,1,6,4,5,6,4,5,3,7,1,6,1,4,1,2,9,2,2,4,8,2,3,,,9,6,,,5,1,1,3,1,3,2,4,2,4,4,4,4,5,1,1,5,1,2,2,3,7,2,,7,,,5,10,10,10,4,10,10,5,4,9,3,3,9,9,7,9,5,10,10,3,4,5,3,2,7,10,6,10,7,10,4,7,1,2,9,4,8,4,5,3,,,1,6,,,5,10,6,5,5,7,8,10,8,10,4,5,7,7,7,10,10,8,7,10,4,6,4,4,,3,,,b'\x11\xe8\xe1I\xea\xfe\xd50\x9a\xbe\x12\xdf\x17\xaeN\x1e'
11E8E149-EAFE-D530-9ABE-12DF17AE4E1E,2018-ncaa-d3-conf-MWC,ncaa,3,5,1,5,1,1,1,1,6,1,1,7,2,2,4,4,1,1,1,1,8,1,1,6,4,5,6,4,5,3,7,1,6,1,4,1,2,9,2,2,4,8,2,3,,,9,6,,,5,1,1,3,1,3,2,4,2,4,4,4,4,5,1,1,5,1,2,2,3,7,2,,7,,,5,10,10,10,4,10,10,5,4,9,3,3,9,9,7,9,5,10,10,3,4,5,3,2,7,10,6,10,7,10,4,7,1,2,9,4,8,4,5,3,,,1,6,,,5,10,6,5,5,7,8,10,8,10,4,5,7,7,7,10,10,8,7,10,4,6,4,4,,3,,,b'\x11\xe8\xe1I\xea\xfe\xd50\x9a\xbe\x12\xdf\x17\xaeN\x1e'
11E8E149-EAFE-D530-9ABE-12DF17AE4E1E,2018-ncaa-d3-natl,ncaa,196,251,68,222,72,135,145,71,263,139,63,313,201,216,172,309,92,156,39,158,311,79,83,280,242,229,241,265,139,151,259,76,292,102,273,93,67,268,165,135,196,299,119,196,,,311,184,,,262,70,133,75,188,200,108,173,83,233,271,120,205,212,114,135,210,116,157,105,191,257,145,,247,,,261,404,408,414,241,412,409,280,219,298,85,161,308,337,114,337,174,418,394,220,198,251,83,98,185,399,292,385,259,406,273,241,55,167,300,217,281,204,167,72,,,63,127,,,262,375,234,274,256,305,330,357,362,362,165,227,243,275,271,363,343,346,294,333,181,254,231,112,,94,,,b'\x11\xe8\xe1I\xea\xfe\xd50\x9a\xbe\x12\xdf\x17\xaeN\x1e'
11E8E149-EAFE-D530-9ABE-12DF17AE4E1E,2019-ncaa-d3-conf-Midwest Conference,ncaa,3,3,3,3,4,1,1,1,4,3,1,6,3,7,1,8,3,6,1,6,9,1,2,3,2,1,7,5,7,5,5,2,4,2,4,1,2,2,2,1,9,9,3,3,,,8,6,,,3,3,2,9,1,1,2,3,1,3,6,3,7,7,2,3,7,2,2,1,2,9,3,,7,,,3,9,5,9,3,5,7,4,7,9,3,8,8,7,7,7,6,10,9,2,4,4,7,7,6,10,4,6,5,8,4,4,4,7,9,4,2,1,5,2,,,8,9,,,3,8,1,4,3,7,6,9,6,7,6,9,6,7,7,9,9,8,4,7,5,8,2,3,,8,,,b'\x11\xe8\xe1I\xea\xfe\xd50\x9a\xbe\x12\xdf\x17\xaeN\x1e'
11E8E149-EAFE-D530-9ABE-12DF17AE4E1E,2019-ncaa-d3-conf-MWC,ncaa,3,3,3,3,4,1,1,1,4,3,1,6,3,7,1,8,3,6,1,6,9,1,2,3,2,1,7,5,7,5,5,2,4,2,4,1,2,2,2,1,9,9,3,3,,,8,6,,,3,3,2,9,1,1,2,3,1,3,6,3,7,7,2,3,7,2,2,1,2,9,3,,7,,,3,9,5,9,3,5,7,4,7,9,3,8,8,7,7,7,6,10,9,2,4,4,7,7,6,10,4,6,5,8,4,4,4,7,9,4,2,1,5,2,,,8,9,,,3,8,1,4,3,7,6,9,6,7,6,9,6,7,7,9,9,8,4,7,5,8,2,3,,8,,,b'\x11\xe8\xe1I\xea\xfe\xd50\x9a\xbe\x12\xdf\x17\xaeN\x1e'
11E8E149-EAFE-D530-9ABE-12DF17AE4E1E,2019-ncaa-d3-natl,ncaa,187,162,317,178,343,188,191,246,150,185,152,247,198,326,30,332,183,264,23,263,317,249,302,155,129,110,229,232,202,298,273,202,131,253,187,120,60,76,108,63,264,266,101,76,,,265,317,,,163,284,118,295,99,113,109,113,70,178,306,121,218,218,113,163,257,92,138,63,131,245,81,,345,,,160,160,145,136,200,159,117,259,198,264,111,310,251,243,262,224,292,139,147,196,216,205,267,228,279,133,131,185,273,151,187,148,173,225,198,178,68,93,158,125,,,300,277,,,163,172,128,192,157,246,235,263,227,190,243,323,303,288,276,272,284,190,263,230,204,173,106,197,,247,,,b'\x11\xe8\xe1I\xea\xfe\xd50\x9a\xbe\x12\xdf\x17\xaeN\x1e'
11E8E149-EAFE-D530-9ABE-12DF17AE4E1E,2020-ncaa-d3-conf-Midwest Conference,ncaa,5,4,5,5,6,3,3,3,4,5,4,4,3,4,4,4,4,4,2,4,7,3,4,4,3,3,4,4,5,5,5,9,8,8,9,3,3,6,5,4,2,2,7,8,,,10,10,,,7,3,1,2,1,1,1,4,3,3,4,4,4,4,1,2,4,9,7,2,8,1,7,,10,,,7,10,7,4,8,7,5,8,6,4,8,4,10,10,10,10,10,6,8,9,10,9,6,5,9,6,8,7,5,7,9,5,2,3,3,3,7,6,6,3,,,4,8,,,7,8,3,9,7,10,8,7,7,6,6,4,10,10,10,8,10,6,8,8,5,3,7,7,,3,,,b'\x11\xe8\xe1I\xea\xfe\xd50\x9a\xbe\x12\xdf\x17\xaeN\x1e'
11E8E149-EAFE-D530-9ABE-12DF17AE4E1E,2020-ncaa-d3-conf-MWC,ncaa,5,4,5,5,6,3,3,3,4,5,4,4,3,4,4,4,4,4,2,4,7,3,4,4,3,3,4,4,5,5,5,9,8,8,9,3,3,6,5,4,2,2,7,8,,,10,10,,,7,3,1,2,1,1,1,4,3,3,4,4,4,4,1,2,4,9,7,2,8,1,7,,10,,,7,10,7,4,8,7,5,8,6,4,8,4,10,10,10,10,10,6,8,9,10,9,6,5,9,6,8,7,5,7,9,5,2,3,3,3,7,6,6,3,,,4,8,,,7,8,3,9,7,10,8,7,7,6,6,4,10,10,10,8,10,6,8,8,5,3,7,7,,3,,,b'\x11\xe8\xe1I\xea\xfe\xd50\x9a\xbe\x12\xdf\x17\xaeN\x1e'
11E8E149-EAFE-D530-9ABE-12DF17AE4E1E,2020-ncaa-d3-natl,ncaa,202,198,198,203,243,141,159,204,122,180,203,164,131,202,59,222,104,166,48,158,184,194,192,117,88,114,164,180,162,202,175,353,318,312,288,142,146,220,214,160,76,71,313,298,,,425,429,,,241,198,141,163,87,110,166,151,177,118,202,80,144,135,145,135,177,385,326,117,244,65,317,,428,,,240,370,232,102,367,191,104,336,312,192,395,220,436,425,413,425,431,183,231,383,415,370,395,240,426,204,318,164,175,170,288,182,144,119,102,120,259,259,205,207,,,191,186,,,241,250,113,345,235,365,251,119,212,110,314,220,435,432,432,221,285,225,187,204,191,90,274,228,,147,,,b'\x11\xe8\xe1I\xea\xfe\xd50\x9a\xbe\x12\xdf\x17\xaeN\x1e'
11E8E149-EAFE-D530-9ABE-12DF17AE4E1E,2021-ncaa-d3-conf-MWC,ncaa,4,5,1,4,2,3,3,2,4,3,2,4,4,5,4,5,1,1,1,1,1,2,2,4,3,5,2,5,1,4,4,2,4,2,4,4,3,5,5,5,1,3,5,5,,,5,3,,,5,1,2,5,5,5,5,5,4,5,5,1,2,2,5,4,5,4,5,4,5,3,5,,4,,,5,5,5,4,5,5,5,5,5,4,4,4,5,5,1,5,4,4,5,5,5,4,3,4,3,5,4,5,4,5,4,5,2,1,3,3,5,5,4,3,,,1,1,,,5,5,5,4,5,5,5,3,5,3,5,4,3,3,4,4,5,4,3,3,3,2,5,3,,2,,,b'\x11\xe8\xe1I\xea\xfe\xd50\x9a\xbe\x12\xdf\x17\xaeN\x1e'
11E8E149-EAFE-D530-9ABE-12DF17AE4E1E,2021-ncaa-d3-natl,ncaa,215,214,176,236,191,194,195,189,234,175,165,238,216,212,240,252,148,143,155,140,112,188,182,251,238,255,206,251,26,174,169,189,150,184,186,204,242,170,262,267,156,142,213,250,,,143,230,,,262,178,72,279,240,246,227,188,95,265,257,93,83,72,210,90,151,217,205,255,267,130,241,,235,,,263,140,154,104,278,156,113,262,150,101,278,85,133,150,29,156,211,111,108,279,273,268,112,166,85,98,150,114,169,106,186,118,41,168,152,156,184,258,59,19,,,154,74,,,262,107,251,257,264,261,260,143,248,170,235,95,171,236,237,169,172,94,174,143,157,132,257,23,,66,,,b'\x11\xe8\xe1I\xea\xfe\xd50\x9a\xbe\x12\xdf\x17\xaeN\x1e'
11E8E149-EAFE-D530-9ABE-12DF17AE4E1E,2022-ncaa-d3-conf-MWC,ncaa,8,8,4,8,5,5,5,6,4,5,6,4,7,5,7,4,5,7,3,6,3,6,6,7,4,8,6,6,4,7,7,6,9,6,9,6,9,9,9,8,2,3,9,9,,,8,8,,,8,3,2,5,5,5,6,5,5,7,6,3,4,4,6,3,8,8,9,8,9,1,9,,8,,,8,8,6,5,6,4,4,7,7,7,6,5,9,9,6,9,8,7,7,7,8,8,8,6,9,9,9,7,7,9,9,7,4,3,3,3,8,8,3,2,,,7,8,,,8,4,8,8,8,8,7,7,5,6,7,7,9,9,9,9,9,9,6,9,6,2,8,2,,6,,,b'\x11\xe8\xe1I\xea\xfe\xd50\x9a\xbe\x12\xdf\x17\xaeN\x1e'
11E8E149-EAFE-D530-9ABE-12DF17AE4E1E,2022-ncaa-d3-natl,ncaa,275,318,188,293,207,212,212,245,195,210,222,191,202,204,192,214,200,210,176,211,197,242,200,200,190,245,207,217,174,323,346,243,296,280,326,303,391,357,347,358,106,116,396,403,,,391,391,,,333,145,115,164,220,224,272,223,244,216,232,187,195,204,271,174,353,283,330,331,341,95,409,,398,,,327,374,306,234,314,262,145,344,355,337,306,311,418,408,394,406,414,283,277,342,379,358,378,261,395,298,296,258,346,274,326,111,24,180,223,110,351,334,96,105,,,216,241,,,333,266,279,361,334,364,295,222,245,130,351,338,417,403,401,303,300,289,256,277,107,187,327,78,,225,,,b'\x11\xe8\xe1I\xea\xfe\xd50\x9a\xbe\x12\xdf\x17\xaeN\x1e'
11E8E149-EAFE-D530-9ABE-12DF17AE4E1E,2023-ncaa-d3-conf-MWC,ncaa,7,7,5,7,5,3,3,6,3,3,5,3,7,6,7,5,1,2,2,2,1,5,3,3,2,3,5,6,1,8,5,3,3,3,3,3,3,9,9,7,6,6,8,8,,,7,7,,,7,2,2,1,1,3,2,3,5,6,5,1,1,1,2,1,7,1,2,2,9,5,8,,8,,,7,9,9,8,8,7,6,6,9,7,9,7,7,7,1,7,7,8,8,9,8,9,9,9,4,4,3,3,5,3,3,8,6,6,6,8,9,8,2,3,,,3,3,,,7,8,3,9,7,9,9,9,7,8,9,9,8,8,8,9,9,5,4,4,9,5,9,3,,2,,,b'\x11\xe8\xe1I\xea\xfe\xd50\x9a\xbe\x12\xdf\x17\xaeN\x1e'
11E8E149-EAFE-D530-9ABE-12DF17AE4E1E,2023-ncaa-d3-natl,ncaa,270,269,271,276,271,126,180,294,54,153,285,27,248,233,281,250,13,11,52,12,6,234,169,70,33,102,183,337,10,368,323,201,165,297,212,188,210,368,351,280,226,278,345,361,,,401,405,,,262,101,23,5,44,111,259,92,253,240,213,2,4,4,138,60,372,98,253,130,376,201,352,,422,,,259,396,366,274,373,284,189,317,417,338,428,306,354,386,84,380,378,313,290,395,394,389,379,367,240,178,165,100,323,111,212,337,231,175,239,288,334,309,51,84,,,35,17,,,262,322,160,357,260,404,378,353,322,251,418,378,384,400,399,378,376,203,145,169,343,132,349,62,,6,,,b'\x11\xe8\xe1I\xea\xfe\xd50\x9a\xbe\x12\xdf\x17\xaeN\x1e'
11E8E149-EAFE-D530-9ABE-12DF17AE4E1E,2024-ncaa-d3-conf-MWC,ncaa,8,8,5,8,7,7,6,8,4,5,5,7,8,8,5,7,8,8,7,8,5,8,4,5,5,8,7,6,4,6,5,6,6,7,4,7,6,9,9,9,5,7,9,9,,,8,6,,,8,4,2,7,7,6,8,4,4,7,8,8,7,7,8,3,6,6,6,7,9,5,9,,8,,,8,8,7,5,8,7,3,8,8,6,7,5,8,9,2,8,8,6,6,8,8,8,7,6,6,6,6,2,5,3,4,8,7,7,7,8,9,9,1,2,,,8,8,,,8,6,8,8,8,9,7,6,7,5,9,8,9,9,9,7,7,7,3,3,8,6,9,1,,8,,,b'\x11\xe8\xe1I\xea\xfe\xd50\x9a\xbe\x12\xdf\x17\xaeN\x1e'
11E8E149-EAFE-D530-9ABE-12DF17AE4E1E,2024-ncaa-d3-natl,ncaa,318,342,200,333,257,289,298,330,245,269,283,210,331,303,353,274,164,184,177,181,106,313,219,267,245,347,260,323,74,341,338,245,210,314,278,328,341,405,400,388,259,285,386,379,,,407,413,,,375,152,101,244,317,326,372,270,295,341,308,145,170,164,363,172,357,245,338,351,395,256,392,,421,,,371,374,292,178,350,245,103,375,370,348,321,326,419,423,178,423,423,265,249,371,389,383,386,274,396,181,210,182,338,179,278,275,232,232,267,279,372,368,22,22,,,218,218,,,375,269,357,367,373,373,300,204,246,112,371,351,420,424,424,302,281,191,199,193,278,225,369,12,,209,,,b'\x11\xe8\xe1I\xea\xfe\xd50\x9a\xbe\x12\xdf\x17\xaeN\x1e'
11E8E149-EAFE-D530-9ABE-12DF17AE4E1E,2025-ncaa-d3-conf-Midwest Conference,genius_ncaa,7,7,5,7,5,7,6,4,7,5,6,7,5,3,7,4,8,8,9,8,8,6,5,7,7,7,6,5,8,5,6,7,6,6,8,7,5,3,5,6,5,5,9,9,,,7,8,,4,7,5,3,1,7,5,3,5,6,5,3,8,8,8,4,4,5,5,5,6,5,5,9,,8,,4,7,8,8,8,7,8,6,9,6,8,5,5,7,7,4,7,8,7,6,7,7,7,3,2,4,6,6,7,6,7,8,6,4,6,8,7,6,6,1,4,,,8,8,,7,7,6,7,7,7,8,8,9,8,6,6,8,7,7,7,8,7,8,7,7,7,6,7,2,,8,,7,b'\x11\xe8\xe1I\xea\xfe\xd50\x9a\xbe\x12\xdf\x17\xaeN\x1e'
11E8E149-EAFE-D530-9ABE-12DF17AE4E1E,2025-ncaa-d3-natl,genius_ncaa,359,384,192,367,218,289,278,184,350,311,281,304,139,69,311,48,332,309,348,301,239,203,182,324,337,327,110,64,326,245,342,115,187,171,295,243,161,271,267,281,242,292,363,372,,,325,317,,256,362,162,93,127,312,289,126,328,308,124,56,354,328,323,163,134,252,69,136,256,275,255,376,,362,,266,358,385,376,333,341,346,233,370,341,364,214,304,336,362,113,364,342,351,289,337,335,367,235,239,210,247,187,380,342,358,295,344,238,311,364,363,319,311,52,91,,,328,368,,276,362,281,335,359,350,374,364,345,346,249,337,360,349,367,372,369,320,258,378,347,336,323,309,49,,354,,287,b'\x11\xe8\xe1I\xea\xfe\xd50\x9a\xbe\x12\xdf\x17\xaeN\x1e'
11E8E149-EAFE-D530-9ABE-12DF17AE4E1E,2026-ncaa-d3-conf-Midwest Conference,genius_ncaa,7,3,9,7,9,9,9,9,8,9,9,9,8,8,5,1,9,9,1,9,9,9,9,8,8,7,2,1,9,7,3,9,8,9,5,9,1,1,5,5,8,4,9,9,,,1,8,,1,6,9,5,4,6,5,3,7,6,2,1,9,9,9,5,6,2,4,4,3,6,4,9,,8,,2,6,1,1,1,2,1,1,1,1,1,6,5,3,1,9,1,9,1,1,3,5,5,9,5,9,2,8,1,3,2,5,1,5,9,9,6,1,7,9,9,,,9,9,,9,6,1,6,6,6,5,2,7,2,6,7,8,9,9,9,8,7,9,7,9,5,7,7,9,,9,,9,b'\x11\xe8\xe1I\xea\xfe\xd50\x9a\xbe\x12\xdf\x17\xaeN\x1e'
11E8E149-EAFE-D530-9ABE-12DF17AE4E1E,2026-ncaa-d3-natl,genius_ncaa,288,329,116,323,139,227,267,257,241,278,296,206,188,168,248,127,130,130,203,135,55,245,202,227,207,274,105,167,80,211,210,163,236,176,205,195,93,336,361,307,347,390,395,408,,,288,292,,234,366,197,275,113,312,335,387,338,382,225,207,135,164,172,375,307,262,186,233,247,328,394,409,,275,,222,355,340,313,279,322,276,195,353,360,362,285,359,354,337,316,341,355,292,240,341,356,393,331,322,273,271,236,196,210,224,205,335,288,320,384,387,337,362,397,413,,,111,57,,123,366,233,280,389,356,353,321,267,259,129,368,376,351,330,339,295,177,256,119,175,326,388,332,395,,113,,138,b'\x11\xe8\xe1I\xea\xfe\xd50\x9a\xbe\x12\xdf\x17\xaeN\x1e'
11E8E149-EB03-41EC-9ABE-12DF17AE4E1E,2018-ncaa-d3-conf-NACC,ncaa,3,3,1,3,1,5,6,5,3,1,6,3,8,7,9,7,1,1,1,1,2,4,3,5,4,5,9,10,2,3,2,3,3,2,1,4,3,10,8,6,2,3,2,1,,,6,6,,,3,3,8,2,5,6,8,2,9,8,7,1,2,3,6,6,5,4,4,5,8,2,2,,4,,,3,4,5,10,3,4,4,3,7,11,3,11,4,4,11,4,5,11,11,3,3,3,10,11,5,6,3,4,2,4,1,9,12,3,2,6,10,9,7,7,,,4,7,,,3,10,5,3,3,3,4,5,3,2,7,10,3,4,4,5,5,4,2,2,7,4,10,7,,8,,,b'\x11\xe8\xe1I\xeb\x03A\xec\x9a\xbe\x12\xdf\x17\xaeN\x1e'
11E8E149-EB03-41EC-9ABE-12DF17AE4E1E,2018-ncaa-d3-natl,ncaa,89,114,68,106,79,122,137,156,124,110,165,58,243,172,334,206,64,111,55,120,141,147,122,149,108,139,280,331,105,168,154,62,28,90,46,71,43,318,255,133,63,56,62,50,,,253,213,,,100,124,245,89,168,181,267,132,269,283,217,74,143,152,242,243,232,82,132,74,236,72,78,,155,,,101,151,140,239,95,122,163,119,307,351,134,366,170,145,288,155,198,217,286,111,111,88,328,346,205,71,28,180,154,121,46,368,438,113,114,228,336,298,167,139,,,167,248,,,100,323,160,68,103,81,88,120,67,73,242,298,109,94,98,97,109,41,94,56,297,147,282,112,,278,,,b'\x11\xe8\xe1I\xeb\x03A\xec\x9a\xbe\x12\xdf\x17\xaeN\x1e'
11E8E149-EB03-41EC-9ABE-12DF17AE4E1E,2019-ncaa-d3-conf-NACC,ncaa,4,3,4,3,4,5,4,5,6,5,6,4,6,5,6,7,3,3,1,3,5,5,7,6,4,3,6,8,7,8,6,5,1,7,6,5,3,2,3,2,3,2,3,3,,,4,4,,,4,6,6,1,5,4,4,4,6,6,5,3,4,4,4,7,7,4,6,4,4,3,3,,4,,,4,5,6,4,7,4,3,6,8,8,8,11,3,3,3,3,4,4,7,8,8,5,7,12,4,2,1,6,6,6,6,9,13,5,3,8,8,5,4,3,,,7,9,,,4,7,5,4,4,7,6,6,5,2,8,8,3,3,3,3,5,2,7,5,8,3,6,4,,7,,,b'\x11\xe8\xe1I\xeb\x03A\xec\x9a\xbe\x12\xdf\x17\xaeN\x1e'
11E8E149-EB03-41EC-9ABE-12DF17AE4E1E,2019-ncaa-d3-natl,ncaa,62,46,129,59,145,126,147,180,128,165,241,87,130,111,199,132,106,156,66,162,122,175,220,114,93,77,166,183,155,306,327,114,67,198,184,50,10,93,76,26,94,80,57,35,,,127,114,,,69,180,279,87,121,156,215,179,289,131,124,108,161,162,191,292,340,106,225,38,66,100,50,,93,,,70,85,113,183,102,92,136,97,282,304,217,350,64,84,87,82,111,139,205,123,90,68,296,383,97,110,67,270,327,209,184,379,441,113,101,256,140,149,130,144,,,219,203,,,69,248,108,59,73,64,92,127,76,95,255,284,51,65,62,78,129,94,237,163,344,123,129,112,,249,,,b'\x11\xe8\xe1I\xeb\x03A\xec\x9a\xbe\x12\xdf\x17\xaeN\x1e'
11E8E149-EB03-41EC-9ABE-12DF17AE4E1E,2020-ncaa-d3-conf-NACC,ncaa,6,6,7,6,8,7,8,8,9,8,10,6,7,5,10,4,3,5,4,5,2,8,9,7,6,6,2,6,3,9,12,9,8,9,10,8,3,1,2,4,4,2,7,7,,,6,7,,,7,9,7,2,7,8,8,8,10,7,4,3,4,4,7,8,9,8,9,7,1,3,7,,8,,,7,6,6,4,7,3,3,7,10,10,11,11,4,5,9,5,6,3,4,7,7,6,9,11,4,5,8,12,12,9,10,11,13,6,3,9,2,6,3,5,,,7,4,,,7,4,6,7,7,7,7,6,5,4,11,10,5,6,6,5,7,7,12,11,11,3,5,3,,5,,,b'\x11\xe8\xe1I\xeb\x03A\xec\x9a\xbe\x12\xdf\x17\xaeN\x1e'
11E8E149-EB03-41EC-9ABE-12DF17AE4E1E,2020-ncaa-d3-natl,ncaa,237,245,198,250,218,280,316,305,311,331,354,259,187,135,302,102,165,168,204,170,55,281,363,292,264,206,89,145,92,402,426,307,244,372,401,177,14,22,46,36,87,51,202,140,,,116,152,,,237,318,340,63,296,340,303,356,368,186,118,149,147,152,284,390,416,327,399,148,22,73,200,,112,,,237,102,131,98,244,90,59,265,325,304,301,384,61,57,169,61,168,69,103,286,242,185,322,388,84,156,244,403,426,329,401,411,438,159,89,335,87,153,124,211,,,333,245,,,237,111,265,183,241,134,165,114,108,49,327,325,61,57,61,83,119,174,400,334,397,140,102,124,,360,,,b'\x11\xe8\xe1I\xeb\x03A\xec\x9a\xbe\x12\xdf\x17\xaeN\x1e'
11E8E149-EB03-41EC-9ABE-12DF17AE4E1E,2021-ncaa-d3-conf-NACC,ncaa,4,7,2,6,2,4,4,3,8,4,4,5,6,4,9,5,5,5,5,5,7,4,4,8,7,6,8,7,7,8,12,3,5,4,9,4,6,7,5,7,4,4,4,6,,,8,5,,,7,4,10,3,9,9,7,7,8,9,6,7,9,9,9,11,12,7,8,6,3,4,6,,4,,,7,10,8,8,4,8,7,4,12,11,5,9,10,9,9,10,8,10,9,4,5,6,10,9,7,10,5,12,12,11,9,9,10,3,5,5,10,7,8,5,,,6,11,,,7,9,8,6,7,6,4,3,4,3,7,7,7,7,7,4,3,6,10,6,6,7,7,6,,11,,,b'\x11\xe8\xe1I\xeb\x03A\xec\x9a\xbe\x12\xdf\x17\xaeN\x1e'
11E8E149-EB03-41EC-9ABE-12DF17AE4E1E,2021-ncaa-d3-natl,ncaa,80,183,61,125,69,106,96,81,162,91,87,118,126,87,235,131,126,134,109,134,233,89,99,179,185,152,227,193,202,158,268,66,47,86,189,87,91,128,44,62,96,152,89,106,,,186,130,,,144,89,245,94,215,182,202,144,172,204,154,220,236,234,227,271,260,99,197,138,23,177,136,,87,,,141,187,181,196,81,176,191,88,190,202,119,180,178,178,195,177,120,194,196,90,92,116,171,186,145,165,47,234,268,218,189,202,203,103,168,172,137,81,171,119,,,128,216,,,144,197,172,98,140,63,65,71,70,77,117,131,106,91,94,61,27,58,219,155,128,201,44,105,,258,,,b'\x11\xe8\xe1I\xeb\x03A\xec\x9a\xbe\x12\xdf\x17\xaeN\x1e'
11E8E149-EB03-41EC-9ABE-12DF17AE4E1E,2022-ncaa-d3-conf-NACC,ncaa,8,8,4,8,5,6,7,5,8,8,4,8,5,6,8,8,3,3,9,3,2,5,6,8,8,7,5,7,3,9,10,4,4,5,8,7,11,2,2,7,9,10,7,9,,,7,7,,,7,5,8,6,7,7,5,8,5,6,7,4,3,3,4,7,9,3,6,9,2,10,8,,7,,,7,9,9,9,8,10,10,7,6,6,6,3,12,11,10,11,9,13,7,7,6,10,8,5,11,5,4,12,10,11,8,4,1,11,11,7,4,2,13,12,,,3,4,,,7,10,7,8,7,8,8,7,9,7,4,3,11,11,11,9,4,4,13,8,4,11,3,13,,5,,,b'\x11\xe8\xe1I\xeb\x03A\xec\x9a\xbe\x12\xdf\x17\xaeN\x1e'
11E8E149-EB03-41EC-9ABE-12DF17AE4E1E,2022-ncaa-d3-natl,ncaa,168,210,107,194,162,202,215,159,304,241,191,312,137,120,216,168,148,77,360,75,101,143,210,279,292,212,127,156,140,262,363,61,42,119,231,285,370,49,22,190,238,258,208,237,,,192,166,,,197,188,273,290,256,284,201,301,246,164,151,176,90,94,169,318,312,27,136,339,16,277,238,,129,,,198,212,217,284,114,254,281,166,137,264,25,217,255,271,178,277,236,290,216,91,97,187,157,130,262,127,42,402,363,350,231,42,9,316,366,148,92,96,377,368,,,123,106,,,197,248,232,150,196,135,143,218,194,224,89,220,223,229,236,214,112,96,386,300,26,377,70,369,,167,,,b'\x11\xe8\xe1I\xeb\x03A\xec\x9a\xbe\x12\xdf\x17\xaeN\x1e'
11E8E149-EB03-41EC-9ABE-12DF17AE4E1E,2023-ncaa-d3-conf-NACC,ncaa,5,5,5,5,5,6,6,4,5,3,1,7,10,14,7,14,5,7,3,5,13,4,5,6,6,6,13,12,8,8,10,2,2,4,7,6,6,2,3,2,8,8,3,3,,,9,7,,,5,5,8,5,5,4,3,2,1,11,13,5,7,7,3,8,7,4,4,5,2,8,4,,7,,,5,5,5,7,5,7,10,6,5,7,6,5,9,10,4,10,10,8,6,4,5,7,6,6,11,4,2,10,10,8,7,4,4,9,8,6,2,2,2,1,,,10,11,,,5,10,5,5,5,6,5,7,4,8,6,6,9,9,9,8,7,4,9,7,5,11,2,2,,11,,,b'\x11\xe8\xe1I\xeb\x03A\xec\x9a\xbe\x12\xdf\x17\xaeN\x1e'
11E8E149-EB03-41EC-9ABE-12DF17AE4E1E,2023-ncaa-d3-natl,ncaa,171,198,109,190,162,150,126,121,142,95,81,169,251,270,233,319,196,212,154,212,336,131,202,178,184,123,345,328,260,300,367,48,11,139,185,169,269,49,37,70,198,208,153,164,,,257,267,,,185,162,213,288,166,133,140,89,80,292,308,216,254,251,157,287,344,23,158,190,31,230,168,,224,,,189,253,255,246,225,263,223,242,230,250,170,233,277,300,123,297,276,256,203,219,218,281,215,205,246,51,11,387,367,270,185,134,78,307,333,231,50,52,91,36,,,248,285,,,185,262,164,212,191,206,203,181,212,167,202,208,248,274,272,197,125,36,352,216,115,359,42,66,,317,,,b'\x11\xe8\xe1I\xeb\x03A\xec\x9a\xbe\x12\xdf\x17\xaeN\x1e'
11E8E149-EB03-41EC-9ABE-12DF17AE4E1E,2024-ncaa-d3-conf-NACC,ncaa,8,8,9,8,10,7,6,10,5,6,11,5,8,7,9,6,10,9,12,9,3,9,7,6,6,8,8,7,8,9,9,10,11,11,11,8,10,12,12,9,2,3,12,11,,,8,7,,,9,6,1,5,6,6,5,5,9,6,6,6,4,3,4,2,8,6,8,6,12,2,12,,9,,,9,10,11,5,11,9,3,12,13,13,10,12,8,8,1,8,9,5,7,11,12,10,8,12,6,8,11,6,9,8,11,9,8,7,5,9,9,10,4,7,,,5,3,,,9,7,10,10,9,11,11,9,10,5,13,13,8,9,9,9,11,10,10,10,10,3,10,6,,1,,,b'\x11\xe8\xe1I\xeb\x03A\xec\x9a\xbe\x12\xdf\x17\xaeN\x1e'
11E8E149-EB03-41EC-9ABE-12DF17AE4E1E,2024-ncaa-d3-natl,ncaa,271,297,200,289,257,252,254,288,208,284,334,149,168,118,261,83,274,218,379,212,73,280,249,187,204,259,132,138,249,322,345,249,303,299,334,275,304,328,328,320,91,88,363,354,,,275,264,,,317,202,153,244,267,265,312,290,366,177,111,269,204,198,297,229,336,250,315,289,319,80,373,,294,,,313,299,297,198,337,241,100,371,375,369,280,389,184,239,59,236,311,204,242,357,333,301,296,361,127,292,303,293,345,294,334,278,237,127,129,210,329,324,217,317,,,133,61,,,317,222,292,302,303,316,301,232,243,107,378,380,202,247,243,235,277,293,300,297,281,111,314,228,,78,,,b'\x11\xe8\xe1I\xeb\x03A\xec\x9a\xbe\x12\xdf\x17\xaeN\x1e'
11E8E149-EB03-41EC-9ABE-12DF17AE4E1E,2025-ncaa-d3-conf-NACC,genius_ncaa,8,8,6,8,9,7,6,2,8,4,1,8,11,11,9,13,7,4,12,3,12,2,1,9,10,10,13,11,9,3,4,7,8,5,9,11,13,13,9,11,1,2,12,12,,,12,8,,1,8,1,2,14,6,4,1,3,1,11,12,7,2,2,1,1,2,8,2,11,13,1,12,,13,,1,8,9,9,9,8,10,10,10,2,2,3,2,13,13,11,13,10,9,13,8,7,5,5,2,11,9,8,9,4,11,9,7,5,1,1,2,13,9,7,5,,,3,8,,7,8,14,8,6,8,8,8,9,10,9,3,2,13,13,13,9,13,9,9,10,7,1,13,8,,2,,9,b'\x11\xe8\xe1I\xeb\x03A\xec\x9a\xbe\x12\xdf\x17\xaeN\x1e'
11E8E149-EB03-41EC-9ABE-12DF17AE4E1E,2025-ncaa-d3-natl,genius_ncaa,217,242,116,232,188,122,122,88,189,77,47,232,273,291,206,362,83,51,275,46,190,69,56,234,234,250,333,350,143,74,141,146,176,110,200,327,416,346,252,357,21,26,363,372,,,351,270,,107,185,57,37,400,113,107,66,56,30,298,326,79,56,48,45,36,68,174,103,362,311,16,384,,353,,99,187,328,293,226,295,303,233,305,209,217,216,176,354,355,237,357,336,267,363,285,300,147,198,138,301,222,176,344,141,306,200,236,148,22,25,39,354,269,325,195,,,50,122,,78,185,369,234,125,188,274,249,176,263,181,179,178,343,339,344,215,348,177,309,272,207,16,327,313,,33,,77,b'\x11\xe8\xe1I\xeb\x03A\xec\x9a\xbe\x12\xdf\x17\xaeN\x1e'
11E8E149-EB03-41EC-9ABE-12DF17AE4E1E,2026-ncaa-d3-conf-NACC,genius_ncaa,6,5,8,7,8,12,9,11,6,8,11,4,7,9,8,5,11,12,1,12,11,11,10,7,6,9,11,6,10,11,8,10,11,11,10,11,11,6,10,10,6,7,11,13,,,6,8,,9,8,10,5,1,9,6,7,4,8,7,6,11,12,12,10,6,10,6,10,8,11,5,11,,11,,12,8,4,5,5,5,6,6,7,2,2,3,2,8,4,13,4,6,5,5,4,6,7,4,1,9,8,11,4,8,6,10,6,9,6,7,9,7,9,4,4,,,11,13,,7,8,4,10,7,8,8,8,9,8,12,3,2,11,9,8,10,10,10,6,9,8,6,9,4,,11,,4,b'\x11\xe8\xe1I\xeb\x03A\xec\x9a\xbe\x12\xdf\x17\xaeN\x1e'
11E8E149-EB03-41EC-9ABE-12DF17AE4E1E,2026-ncaa-d3-natl,genius_ncaa,345,329,215,363,229,300,306,297,256,284,291,241,268,265,292,224,223,189,305,183,96,295,257,266,267,311,198,254,127,235,196,334,392,311,343,307,248,307,362,343,222,227,384,399,,,305,352,,347,330,252,160,35,286,290,302,253,260,272,243,158,123,114,270,138,180,354,297,283,365,172,396,,387,,386,338,243,222,175,300,249,240,217,142,79,345,30,348,319,360,311,298,194,196,276,321,301,190,94,361,337,392,164,196,233,343,224,207,196,181,217,254,284,290,353,,,104,21,,12,330,165,311,340,341,343,310,272,323,345,176,66,393,380,378,318,341,370,222,329,293,109,297,351,,15,,4,b'\x11\xe8\xe1I\xeb\x03A\xec\x9a\xbe\x12\xdf\x17\xaeN\x1e'
11E8E149-EB07-B70E-9ABE-12DF17AE4E1E,2018-ncaa-d3-conf-NEAC,ncaa,3,1,5,2,8,7,6,12,2,4,6,3,12,14,5,14,3,4,4,3,4,9,12,3,3,2,14,13,5,9,5,2,2,4,1,7,10,2,6,6,13,13,13,13,,,2,2,,,2,10,13,10,6,4,12,2,5,12,14,3,3,3,12,13,9,1,3,7,3,13,14,,1,,,2,1,3,8,2,3,7,2,3,10,1,11,1,1,7,1,2,5,3,1,1,2,3,10,2,2,2,1,5,1,1,2,3,14,13,8,3,7,10,10,,,7,4,,,2,5,3,2,2,2,2,8,3,6,3,9,1,1,1,5,3,2,1,2,2,14,5,10,,7,,,b'\x11\xe8\xe1I\xeb\x07\xb7\x0e\x9a\xbe\x12\xdf\x17\xaeN\x1e'
11E8E149-EB07-B70E-9ABE-12DF17AE4E1E,2018-ncaa-d3-conf-United East,ncaa,3,1,5,2,8,7,6,12,2,4,6,3,12,14,5,14,3,4,4,3,4,9,12,3,3,2,14,13,5,9,5,2,2,4,1,7,10,2,6,6,13,13,13,13,,,2,2,,,2,10,13,10,6,4,12,2,5,12,14,3,3,3,12,13,9,1,3,7,3,13,14,,1,,,2,1,3,8,2,3,7,2,3,10,1,11,1,1,7,1,2,5,3,1,1,2,3,10,2,2,2,1,5,1,1,2,3,14,13,8,3,7,10,10,,,7,4,,,2,5,3,2,2,2,2,8,3,6,3,9,1,1,1,5,3,2,1,2,2,14,5,10,,7,,,b'\x11\xe8\xe1I\xeb\x07\xb7\x0e\x9a\xbe\x12\xdf\x17\xaeN\x1e'
11E8E149-EB07-B70E-9ABE-12DF17AE4E1E,2018-ncaa-d3-natl,ncaa,114,114,123,122,182,165,148,258,46,79,107,70,382,400,202,414,103,103,195,94,175,218,196,97,95,145,396,413,122,232,102,48,34,101,21,185,275,324,311,250,345,359,428,435,,,34,16,,,134,176,224,303,176,142,340,58,106,397,419,101,102,99,287,261,265,22,81,199,283,378,437,,7,,,133,138,268,375,96,280,343,150,222,341,38,317,23,20,149,22,9,303,214,82,36,137,57,266,12,101,34,44,102,51,21,200,133,376,404,350,348,329,348,272,,,191,200,,,134,260,179,111,138,108,227,348,238,304,204,320,9,7,7,246,132,81,14,31,180,419,319,339,,231,,,b'\x11\xe8\xe1I\xeb\x07\xb7\x0e\x9a\xbe\x12\xdf\x17\xaeN\x1e'
11E8E149-EB07-B70E-9ABE-12DF17AE4E1E,2019-ncaa-d3-conf-NEAC,ncaa,6,5,7,6,9,9,9,11,4,7,9,6,6,8,2,5,10,10,9,10,10,11,11,5,6,8,7,4,11,11,9,9,5,9,6,6,5,3,8,5,9,7,6,7,,,4,7,,,7,11,10,3,8,7,9,6,9,4,7,9,10,10,10,9,11,7,9,6,6,9,6,,5,,,7,2,3,3,4,4,3,5,3,5,1,8,8,5,10,8,8,3,3,3,3,4,8,6,9,5,5,2,9,4,6,3,7,10,9,7,10,11,4,7,,,12,10,,,7,2,7,4,7,3,4,5,6,5,3,7,9,8,9,4,5,6,3,5,4,10,10,6,,12,,,b'\x11\xe8\xe1I\xeb\x07\xb7\x0e\x9a\xbe\x12\xdf\x17\xaeN\x1e'
11E8E149-EB07-B70E-9ABE-12DF17AE4E1E,2019-ncaa-d3-conf-United East,ncaa,6,5,7,6,9,9,9,11,4,7,9,6,6,8,2,5,10,10,9,10,10,11,11,5,6,8,7,4,11,11,9,9,5,9,6,6,5,3,8,5,9,7,6,7,,,4,7,,,7,11,10,3,8,7,9,6,9,4,7,9,10,10,10,9,11,7,9,6,6,9,6,,5,,,7,2,3,3,4,4,3,5,3,5,1,8,8,5,10,8,8,3,3,3,3,4,8,6,9,5,5,2,9,4,6,3,7,10,9,7,10,11,4,7,,,12,10,,,7,2,7,4,7,3,4,5,6,5,3,7,9,8,9,4,5,6,3,5,4,10,10,6,,12,,,b'\x11\xe8\xe1I\xeb\x07\xb7\x0e\x9a\xbe\x12\xdf\x17\xaeN\x1e'
11E8E149-EB07-B70E-9ABE-12DF17AE4E1E,2019-ncaa-d3-natl,ncaa,338,304,365,344,366,354,306,354,234,275,286,261,304,340,187,282,407,406,359,409,414,376,383,245,290,296,338,225,402,354,260,320,263,348,243,273,188,153,297,235,355,326,286,265,,,56,92,,,311,379,268,65,314,229,230,203,167,267,299,407,394,396,301,270,285,186,248,188,260,326,245,,105,,,319,121,121,128,159,128,114,202,202,255,155,309,162,141,318,145,211,112,70,174,180,278,263,266,228,181,263,70,260,97,243,215,312,402,397,383,304,384,116,152,,,416,404,,,311,63,307,301,316,273,268,337,247,261,292,341,255,227,239,333,231,291,176,224,302,394,367,172,,416,,,b'\x11\xe8\xe1I\xeb\x07\xb7\x0e\x9a\xbe\x12\xdf\x17\xaeN\x1e'
11E8E149-EB07-B70E-9ABE-12DF17AE4E1E,2020-ncaa-d3-conf-NEAC,ncaa,4,4,4,4,5,8,7,8,6,5,7,5,7,7,6,6,10,10,4,10,9,8,9,5,7,6,6,7,9,8,7,7,8,8,7,6,3,3,5,3,10,10,6,6,,,4,6,,,5,10,11,7,10,8,9,6,7,7,7,10,9,9,10,11,8,7,9,6,3,10,6,,2,,,5,4,4,5,2,3,6,2,7,7,6,7,7,7,8,7,7,5,3,3,3,6,8,7,8,7,8,4,7,4,7,4,6,9,8,8,4,7,3,2,,,9,8,,,5,3,7,6,5,3,3,5,3,5,7,7,7,7,8,5,2,7,3,4,5,10,4,3,,9,,,b'\x11\xe8\xe1I\xeb\x07\xb7\x0e\x9a\xbe\x12\xdf\x17\xaeN\x1e'
11E8E149-EB07-B70E-9ABE-12DF17AE4E1E,2020-ncaa-d3-conf-United East,ncaa,4,4,4,4,5,8,7,8,6,5,7,5,7,7,6,6,10,10,4,10,9,8,9,5,7,6,6,7,9,8,7,7,8,8,7,6,3,3,5,3,10,10,6,6,,,4,6,,,5,10,11,7,10,8,9,6,7,7,7,10,9,9,10,11,8,7,9,6,3,10,6,,2,,,5,4,4,5,2,3,6,2,7,7,6,7,7,7,8,7,7,5,3,3,3,6,8,7,8,7,8,4,7,4,7,4,6,9,8,8,4,7,3,2,,,9,8,,,5,3,7,6,5,3,3,5,3,5,7,7,7,7,8,5,2,7,3,4,5,10,4,3,,9,,,b'\x11\xe8\xe1I\xeb\x07\xb7\x0e\x9a\xbe\x12\xdf\x17\xaeN\x1e'
11E8E149-EB07-B70E-9ABE-12DF17AE4E1E,2020-ncaa-d3-natl,ncaa,237,245,198,250,280,289,254,254,243,226,192,250,281,294,232,283,352,355,251,353,381,281,317,255,280,271,321,259,354,335,342,235,221,296,289,192,92,135,193,158,344,341,231,231,,,120,138,,,283,287,256,303,306,261,235,209,157,281,282,367,371,367,284,312,347,227,300,163,155,352,239,,120,,,279,178,157,202,135,113,171,110,299,267,303,288,230,222,234,230,253,204,136,160,165,240,341,326,255,201,221,214,342,208,289,303,372,339,343,356,194,243,205,200,,,369,373,,,283,141,291,254,284,208,186,240,138,193,306,288,239,245,253,234,168,224,228,241,300,357,208,228,,398,,,b'\x11\xe8\xe1I\xeb\x07\xb7\x0e\x9a\xbe\x12\xdf\x17\xaeN\x1e'
11E8E149-EB07-B70E-9ABE-12DF17AE4E1E,2021-ncaa-d3-natl,ncaa,80,149,81,118,94,134,134,127,167,138,124,210,101,128,59,156,141,120,231,120,140,131,116,154,169,197,95,83,163,114,109,81,119,96,75,119,83,215,243,201,147,209,194,247,,,146,67,,,113,114,247,79,227,226,258,234,217,140,199,206,184,184,258,234,190,91,139,175,209,223,254,,44,,,124,131,130,174,32,120,164,25,184,199,115,215,135,159,19,163,142,175,160,37,26,46,222,248,98,185,119,139,109,151,75,146,149,146,208,166,210,215,139,133,,,93,82,,,113,163,205,58,137,32,37,105,28,81,169,181,49,97,106,96,41,146,34,58,75,238,192,97,,134,,,b'\x11\xe8\xe1I\xeb\x07\xb7\x0e\x9a\xbe\x12\xdf\x17\xaeN\x1e'
11E8E149-EB07-B70E-9ABE-12DF17AE4E1E,2022-ncaa-d3-conf-United East,ncaa,5,3,6,4,7,4,4,7,1,5,7,1,3,3,1,3,6,7,1,7,4,7,8,1,1,1,4,4,8,8,4,2,1,5,1,3,2,3,6,2,7,6,7,7,,,7,9,,,1,9,9,6,4,3,7,4,6,3,3,6,7,7,7,8,7,1,3,2,4,7,7,,7,,,1,1,1,1,1,1,1,1,1,1,2,3,6,5,5,5,7,1,1,1,1,3,7,2,9,1,1,1,4,1,1,1,1,7,7,2,1,3,2,5,,,7,7,,,1,1,1,2,1,1,1,2,1,4,1,2,7,7,7,2,1,1,1,1,1,7,3,2,,7,,,b'\x11\xe8\xe1I\xeb\x07\xb7\x0e\x9a\xbe\x12\xdf\x17\xaeN\x1e'
11E8E149-EB07-B70E-9ABE-12DF17AE4E1E,2022-ncaa-d3-natl,ncaa,168,182,188,184,231,170,159,279,39,208,328,28,78,111,41,74,323,359,90,353,275,300,286,21,26,86,135,58,398,258,119,115,72,166,33,96,67,299,346,166,231,203,369,377,,,280,365,,,66,279,355,290,150,140,353,219,385,66,116,360,397,393,382,353,276,71,161,69,292,243,390,,298,,,60,53,54,125,45,79,170,36,71,102,92,121,173,230,67,223,259,124,136,38,39,66,216,162,318,112,72,50,119,53,33,18,33,246,215,56,255,295,63,125,,,345,346,,,66,142,95,57,58,36,36,78,60,157,51,68,166,228,226,83,62,106,12,25,9,269,251,42,,391,,,b'\x11\xe8\xe1I\xeb\x07\xb7\x0e\x9a\xbe\x12\xdf\x17\xaeN\x1e'
11E8E149-EB07-B70E-9ABE-12DF17AE4E1E,2023-ncaa-d3-conf-United East,ncaa,4,4,5,4,7,4,6,6,5,7,8,4,3,3,2,3,4,7,2,8,4,6,9,5,5,4,3,3,3,6,3,5,1,6,2,5,1,3,4,4,7,7,6,6,,,6,7,,,4,9,9,6,4,6,6,7,7,3,3,3,6,6,6,8,6,4,4,4,4,8,6,,6,,,4,1,1,1,6,3,3,6,2,2,1,2,5,6,7,6,6,1,1,2,3,5,3,2,7,1,1,2,3,2,2,2,3,7,6,5,2,4,5,5,,,7,6,,,4,1,4,5,4,4,4,3,7,6,2,2,6,6,7,2,1,1,2,2,3,8,4,6,,7,,,b'\x11\xe8\xe1I\xeb\x07\xb7\x0e\x9a\xbe\x12\xdf\x17\xaeN\x1e'
11E8E149-EB07-B70E-9ABE-12DF17AE4E1E,2023-ncaa-d3-natl,ncaa,171,131,271,165,312,258,255,281,219,303,346,207,110,116,115,79,288,353,64,354,251,297,341,159,158,157,84,60,296,274,209,201,65,237,94,153,32,82,165,97,297,262,338,353,,,72,125,,,118,352,302,288,223,236,233,295,344,81,90,282,354,357,272,334,245,98,178,99,127,286,334,,76,,,110,33,44,111,38,98,196,61,32,72,10,103,96,96,148,94,105,99,65,24,25,65,68,59,222,56,65,76,209,51,94,65,151,356,306,201,70,124,65,148,,,389,392,,,118,95,169,57,95,52,75,179,151,259,29,89,108,123,114,150,99,90,105,83,97,348,98,80,,409,,,b'\x11\xe8\xe1I\xeb\x07\xb7\x0e\x9a\xbe\x12\xdf\x17\xaeN\x1e'
11E8E149-EB07-B70E-9ABE-12DF17AE4E1E,2024-ncaa-d3-conf-United East,ncaa,11,7,16,9,16,11,12,13,11,12,14,12,6,9,3,6,7,10,4,10,3,13,14,10,8,6,4,4,4,12,11,17,5,16,10,13,11,2,6,9,9,4,13,10,,,5,9,,,9,14,1,1,4,7,3,8,7,4,4,2,2,2,3,3,7,13,9,8,7,4,11,,10,,,9,3,4,1,15,4,2,15,9,7,14,15,5,5,15,5,12,2,4,15,15,11,15,14,8,1,5,4,11,3,10,5,8,11,7,9,1,5,12,15,,,12,6,,,9,4,8,11,9,14,13,11,12,8,13,13,12,11,10,13,15,3,14,11,11,5,8,16,,3,,,b'\x11\xe8\xe1I\xeb\x07\xb7\x0e\x9a\xbe\x12\xdf\x17\xaeN\x1e'
11E8E149-EB07-B70E-9ABE-12DF17AE4E1E,2024-ncaa-d3-natl,ncaa,299,297,296,308,297,201,199,123,291,199,128,305,194,173,224,238,210,148,371,150,220,116,130,285,311,261,213,202,217,212,287,280,317,252,337,201,214,198,148,197,99,134,226,259,,,170,107,,,259,113,22,14,134,141,24,152,55,180,133,159,85,88,21,26,161,213,178,164,246,64,213,,245,,,260,312,331,318,279,331,318,277,263,267,237,208,145,157,130,154,112,293,322,264,235,218,117,214,86,292,317,354,287,338,337,358,330,104,161,262,158,128,379,316,,,260,357,,,259,318,276,211,249,358,367,387,360,377,315,324,181,208,209,382,400,329,395,374,368,64,211,394,,216,,,b'\x11\xe8\xe1I\xeb\x07\xb7\x0e\x9a\xbe\x12\xdf\x17\xaeN\x1e'
11E8E149-EB07-B70E-9ABE-12DF17AE4E1E,2025-ncaa-d3-conf-United East,genius_ncaa,11,11,8,11,10,11,10,12,7,9,10,10,8,11,4,10,13,13,7,13,11,12,12,8,8,8,11,9,13,16,15,13,4,15,8,9,6,5,7,6,11,12,12,13,,,6,9,,5,10,11,13,13,11,9,11,9,10,8,11,14,15,15,11,15,16,14,17,8,7,11,12,,7,,7,10,4,5,2,13,8,6,12,2,2,6,1,8,9,7,9,8,3,3,11,11,10,3,2,11,2,4,5,15,3,8,1,1,10,6,4,7,7,10,14,,,11,6,,4,10,7,11,8,10,6,8,5,10,8,2,2,8,11,12,6,2,3,5,3,2,10,8,11,,8,,3,b'\x11\xe8\xe1I\xeb\x07\xb7\x0e\x9a\xbe\x12\xdf\x17\xaeN\x1e'
11E8E149-EB07-B70E-9ABE-12DF17AE4E1E,2025-ncaa-d3-natl,genius_ncaa,250,269,192,262,284,272,243,253,242,198,147,285,315,354,181,352,268,255,248,248,315,259,240,268,278,275,338,316,223,296,267,287,180,292,225,164,65,240,269,204,253,254,378,395,,,100,105,,180,219,219,184,382,283,251,235,182,102,329,362,270,257,245,247,227,303,290,317,146,247,264,388,,86,,188,219,93,197,151,254,357,363,234,4,7,7,4,106,148,30,154,85,135,155,144,94,117,2,3,154,119,180,133,267,118,225,87,49,187,159,116,282,303,227,186,,,232,208,,95,219,180,295,99,232,114,214,174,356,371,2,3,104,156,162,156,172,121,137,132,98,165,279,245,,227,,82,b'\x11\xe8\xe1I\xeb\x07\xb7\x0e\x9a\xbe\x12\xdf\x17\xaeN\x1e'
11E8E149-EB07-B70E-9ABE-12DF17AE4E1E,2026-ncaa-d3-conf-United East,genius_ncaa,2,1,9,1,9,10,10,10,4,11,11,5,5,9,3,5,9,11,5,10,4,10,13,4,4,3,3,3,9,12,8,12,6,13,7,7,1,2,3,3,13,12,4,4,,,2,2,,8,8,12,14,1,5,7,8,9,12,2,6,5,6,4,6,13,11,10,13,4,3,12,2,,2,,9,6,5,6,5,12,6,6,10,3,2,6,5,2,2,7,2,2,3,2,9,7,10,1,2,2,4,6,5,8,4,7,4,2,13,11,9,2,3,8,12,,,11,3,,1,8,2,4,8,7,7,10,7,11,10,3,4,2,1,1,4,1,5,5,4,6,12,3,9,,4,,1,b'\x11\xe8\xe1I\xeb\x07\xb7\x0e\x9a\xbe\x12\xdf\x17\xaeN\x1e'
11E8E149-EB07-B70E-9ABE-12DF17AE4E1E,2026-ncaa-d3-natl,genius_ncaa,157,366,3,280,3,75,94,25,328,91,24,348,139,123,239,312,37,24,282,19,152,23,23,335,323,315,184,253,95,141,367,13,255,33,317,65,113,377,241,266,316,412,68,249,,,271,15,,37,323,14,305,83,359,360,351,333,240,313,329,216,196,181,334,344,359,228,319,287,198,412,191,,14,,26,299,394,408,411,205,411,415,201,237,320,78,37,233,249,150,245,10,410,403,147,106,189,10,40,41,393,255,405,367,402,317,342,39,92,347,248,382,287,320,189,,,4,44,,6,323,403,327,208,300,172,277,313,342,382,47,57,35,35,31,250,163,245,268,262,122,354,242,162,,105,,42,b'\x11\xe8\xe1I\xeb\x07\xb7\x0e\x9a\xbe\x12\xdf\x17\xaeN\x1e'
11E8E149-EB0C-2F00-9ABE-12DF17AE4E1E,2018-ncaa-d3-conf-Great Northeast,ncaa,9,9,9,9,13,13,13,13,10,12,13,10,7,5,8,2,13,12,13,12,9,13,13,10,11,11,5,3,11,13,13,13,12,13,12,11,7,1,7,8,12,11,8,8,,,4,10,,,9,13,12,13,13,13,11,12,13,5,4,13,12,12,13,13,13,12,13,11,3,12,8,,8,,,9,4,5,2,7,5,4,7,2,3,6,5,5,6,7,6,10,2,1,8,7,9,3,4,6,8,12,9,13,10,12,9,10,12,9,10,5,11,8,10,,,13,10,,,9,1,11,10,10,7,8,5,7,6,3,5,7,9,9,7,6,11,10,11,9,11,8,8,,11,,,b'\x11\xe8\xe1I\xeb\x0c/\x00\x9a\xbe\x12\xdf\x17\xaeN\x1e'
11E8E149-EB0C-2F00-9ABE-12DF17AE4E1E,2018-ncaa-d3-natl,ncaa,364,394,197,381,300,387,388,262,424,403,351,409,226,78,409,54,388,337,422,324,231,278,315,414,421,398,88,71,294,317,415,238,311,284,400,378,263,82,134,316,374,392,279,298,,,128,155,,,378,306,331,426,412,413,250,422,383,213,62,408,360,354,285,358,333,224,300,397,93,398,292,,130,,,371,151,167,194,173,163,203,155,269,246,270,249,123,187,31,201,221,194,153,193,150,216,243,302,143,317,311,423,415,411,400,307,372,319,326,359,191,257,304,397,,,294,233,,,378,126,405,258,377,177,194,231,183,224,262,246,128,185,208,223,165,330,425,403,304,347,200,322,,323,,,b'\x11\xe8\xe1I\xeb\x0c/\x00\x9a\xbe\x12\xdf\x17\xaeN\x1e'
11E8E149-EB0C-2F00-9ABE-12DF17AE4E1E,2019-ncaa-d3-conf-Great Northeast,ncaa,11,11,9,11,11,11,12,6,13,12,6,13,8,5,8,4,12,9,13,9,9,7,9,13,13,12,7,5,8,10,13,12,13,12,13,12,12,3,4,11,2,2,12,10,,,8,9,,,11,9,3,7,11,10,3,12,4,7,5,12,9,9,4,4,8,11,10,12,4,2,11,,11,,,11,5,6,3,10,6,5,10,3,3,10,5,8,8,2,8,9,2,6,11,11,8,4,4,8,9,13,13,13,12,13,10,11,4,2,5,7,8,13,13,,,10,10,,,11,5,12,9,11,10,11,8,10,10,5,6,10,9,9,8,11,13,13,13,11,2,10,13,,9,,,b'\x11\xe8\xe1I\xeb\x0c/\x00\x9a\xbe\x12\xdf\x17\xaeN\x1e'
11E8E149-EB0C-2F00-9ABE-12DF17AE4E1E,2019-ncaa-d3-natl,ncaa,338,331,317,349,326,349,353,200,415,378,294,412,189,91,377,72,327,294,372,294,242,217,268,410,408,382,89,85,244,301,415,328,410,327,428,397,409,90,99,350,122,132,320,358,,,187,157,,,379,251,93,134,359,364,67,388,244,165,49,315,252,252,86,128,260,287,298,409,143,80,328,,258,,,376,240,320,218,341,366,319,321,109,91,240,76,157,204,63,196,150,204,261,302,273,210,52,83,135,402,410,438,415,430,428,376,376,128,136,269,165,191,314,339,,,335,343,,,379,190,385,289,375,331,362,351,389,394,147,119,206,263,254,353,391,408,441,437,397,84,213,344,,296,,,b'\x11\xe8\xe1I\xeb\x0c/\x00\x9a\xbe\x12\xdf\x17\xaeN\x1e'
11E8E149-EB0C-2F00-9ABE-12DF17AE4E1E,2020-ncaa-d3-conf-Great Northeast,ncaa,9,8,9,9,10,8,8,9,8,9,9,9,6,8,3,6,6,7,4,7,4,8,11,8,7,5,4,5,4,11,11,9,9,9,10,10,12,1,2,7,7,6,6,6,,,1,2,,,8,10,4,5,5,5,3,6,4,4,7,3,4,4,3,5,9,8,8,9,2,5,5,,4,,,8,9,7,3,10,6,6,8,8,4,11,5,9,3,12,4,7,3,2,9,10,10,7,9,7,6,9,5,11,4,10,10,11,10,10,11,4,5,2,4,,,9,5,,,8,3,7,9,8,11,10,10,8,10,11,9,11,9,9,10,9,10,11,10,10,8,7,3,,6,,,b'\x11\xe8\xe1I\xeb\x0c/\x00\x9a\xbe\x12\xdf\x17\xaeN\x1e'
11E8E149-EB0C-2F00-9ABE-12DF17AE4E1E,2020-ncaa-d3-natl,ncaa,263,245,327,269,339,255,255,286,218,241,260,209,255,257,235,237,229,260,163,264,243,287,331,226,208,204,243,246,200,320,328,174,255,238,276,313,373,108,164,270,253,250,107,128,,,65,60,,,226,322,173,137,208,212,191,187,185,225,222,176,212,217,189,218,286,61,156,311,168,223,77,,84,,,226,136,183,254,113,200,313,85,188,157,254,142,98,78,300,81,62,216,162,112,103,157,143,252,123,281,255,233,328,263,276,239,278,314,324,316,114,160,19,17,,,320,267,,,226,146,231,196,210,233,267,361,269,388,242,225,139,111,124,337,308,320,311,321,289,271,155,16,,275,,,b'\x11\xe8\xe1I\xeb\x0c/\x00\x9a\xbe\x12\xdf\x17\xaeN\x1e'
11E8E149-EB0C-2F00-9ABE-12DF17AE4E1E,2022-ncaa-d3-conf-Great Northeast,ncaa,9,9,1,9,1,7,6,3,9,6,4,5,7,5,12,6,7,4,11,4,6,3,2,10,10,10,8,9,7,4,8,2,6,3,8,6,10,11,8,8,5,6,10,10,,,12,8,,,8,1,2,1,8,7,4,6,5,8,6,9,5,5,4,2,4,2,4,7,9,5,10,,11,,,8,11,10,11,8,10,11,6,11,8,13,5,11,12,7,12,9,11,11,10,10,7,10,10,8,8,6,12,8,11,8,10,3,5,5,5,12,9,2,3,,,5,7,,,8,13,10,7,8,9,8,9,8,9,10,7,10,10,10,8,10,7,12,11,9,5,11,2,,6,,,b'\x11\xe8\xe1I\xeb\x0c/\x00\x9a\xbe\x12\xdf\x17\xaeN\x1e'
11E8E149-EB0C-2F00-9ABE-12DF17AE4E1E,2022-ncaa-d3-natl,ncaa,256,257,250,263,260,242,210,138,320,191,168,255,240,120,381,160,339,261,412,258,300,154,134,323,355,338,311,234,375,157,273,148,166,149,268,216,212,284,240,257,119,127,303,339,,,211,153,,,276,132,35,47,223,172,35,151,100,231,95,358,221,219,37,26,116,59,65,185,310,78,319,,266,,,277,249,269,251,237,266,269,200,247,201,317,163,195,258,43,259,226,250,281,230,209,177,186,221,166,225,166,378,273,342,268,263,220,107,125,161,332,298,58,34,,,270,352,,,276,291,334,155,266,295,310,331,294,337,276,229,236,296,295,343,382,252,403,368,292,65,342,48,,233,,,b'\x11\xe8\xe1I\xeb\x0c/\x00\x9a\xbe\x12\xdf\x17\xaeN\x1e'
11E8E149-EB0C-2F00-9ABE-12DF17AE4E1E,2023-ncaa-d3-conf-Great Northeast,ncaa,10,10,8,10,9,8,7,6,9,6,4,8,10,9,11,11,12,12,10,12,13,7,3,10,10,11,12,11,12,4,5,11,10,8,7,11,13,12,9,12,4,6,5,5,,,12,13,,,11,4,1,6,7,6,3,4,3,10,10,12,11,11,3,2,4,10,6,11,12,3,5,,13,,,11,12,9,3,10,10,9,10,4,2,10,2,13,13,9,13,13,10,10,8,11,9,5,2,13,7,10,8,5,8,7,6,3,3,3,4,10,9,2,2,,,11,11,,,11,10,10,9,9,12,10,7,10,11,4,2,13,13,13,12,13,8,8,8,8,1,11,4,,8,,,b'\x11\xe8\xe1I\xeb\x0c/\x00\x9a\xbe\x12\xdf\x17\xaeN\x1e'
11E8E149-EB0C-2F00-9ABE-12DF17AE4E1E,2023-ncaa-d3-natl,ncaa,341,345,271,349,285,270,223,138,306,163,106,269,346,257,399,305,327,313,351,304,390,172,100,338,353,356,388,353,349,100,123,362,356,267,295,293,354,401,361,370,70,85,200,243,,,400,396,,,350,106,11,118,247,167,47,99,46,347,243,338,290,289,59,17,58,382,208,288,401,43,184,,421,,,343,353,327,175,383,385,323,350,71,45,286,16,403,406,213,406,368,251,336,348,370,268,98,22,381,272,356,230,123,260,295,297,208,47,54,115,330,274,51,24,,,248,367,,,350,334,347,263,330,373,352,272,388,375,89,50,412,413,412,340,405,308,306,320,308,21,345,62,,194,,,b'\x11\xe8\xe1I\xeb\x0c/\x00\x9a\xbe\x12\xdf\x17\xaeN\x1e'
11E8E149-EB0C-2F00-9ABE-12DF17AE4E1E,2024-ncaa-d3-conf-Great Northeast,ncaa,5,5,8,5,10,7,6,7,6,5,4,7,8,9,7,9,13,10,14,9,13,7,6,7,7,8,12,9,15,3,3,11,5,7,6,12,14,10,9,12,5,5,8,8,,,9,9,,,6,7,1,6,6,4,3,3,4,8,9,13,9,8,4,1,1,7,3,12,10,5,8,,10,,,6,3,7,5,9,10,11,6,1,2,10,2,3,7,2,7,5,5,8,7,7,4,2,4,4,2,5,4,3,2,6,4,3,5,4,4,8,7,7,3,,,8,11,,,6,9,6,3,6,4,10,7,10,13,4,2,5,7,7,6,9,2,6,5,5,4,8,8,,5,,,b'\x11\xe8\xe1I\xeb\x0c/\x00\x9a\xbe\x12\xdf\x17\xaeN\x1e'
11E8E149-EB0C-2F00-9ABE-12DF17AE4E1E,2024-ncaa-d3-natl,ncaa,162,87,375,131,380,265,214,262,167,201,235,156,235,243,204,218,396,342,417,332,333,286,271,168,240,272,332,206,415,112,28,295,199,210,79,303,394,289,312,333,245,198,358,359,,,220,310,,,153,317,39,111,132,74,41,76,73,183,150,382,261,249,54,20,23,79,28,245,364,139,331,,373,,,149,51,73,75,117,135,167,130,30,54,54,77,105,189,11,189,229,75,105,92,68,53,76,65,217,130,199,37,28,47,79,66,121,196,126,83,134,163,28,30,,,277,276,,,153,112,237,60,153,183,216,315,277,355,76,133,217,324,327,329,368,256,161,208,170,67,251,45,,97,,,b'\x11\xe8\xe1I\xeb\x0c/\x00\x9a\xbe\x12\xdf\x17\xaeN\x1e'
11E8E149-EB0C-2F00-9ABE-12DF17AE4E1E,2025-ncaa-d3-conf-Great Northeast,genius_ncaa,9,8,11,9,11,13,12,11,12,10,5,13,13,14,9,13,12,9,12,10,10,11,11,12,13,13,11,12,8,3,1,9,6,7,4,10,4,11,10,11,6,4,4,2,,,11,14,,12,8,11,10,7,12,11,7,10,3,12,14,9,8,8,7,5,1,5,2,10,11,4,3,,14,,13,8,1,1,3,3,2,4,3,3,3,5,7,10,8,15,8,11,3,5,3,6,5,11,7,14,4,6,5,1,5,4,1,2,10,2,1,6,7,2,1,,,8,5,,2,8,5,11,6,8,5,3,4,3,5,5,6,11,10,10,3,7,6,8,7,2,2,8,2,,3,,2,b'\x11\xe8\xe1I\xeb\x0c/\x00\x9a\xbe\x12\xdf\x17\xaeN\x1e'
11E8E149-EB0C-2F00-9ABE-12DF17AE4E1E,2025-ncaa-d3-natl,genius_ncaa,250,242,290,256,313,235,206,203,236,181,141,271,273,297,191,320,272,235,316,229,293,202,123,250,274,319,307,279,268,64,27,167,172,110,54,189,155,400,369,323,127,131,165,181,,,328,336,,154,250,152,47,127,180,155,87,126,62,252,281,240,190,182,96,28,28,63,30,134,391,94,143,,389,,173,251,201,138,170,143,190,245,123,93,98,156,82,376,341,388,332,304,211,262,128,196,152,236,81,388,206,172,74,27,111,54,87,79,104,108,65,304,263,13,8,,,125,181,,177,250,273,292,148,247,290,221,278,256,332,139,146,394,377,370,312,354,246,133,183,125,67,331,16,,51,,153,b'\x11\xe8\xe1I\xeb\x0c/\x00\x9a\xbe\x12\xdf\x17\xaeN\x1e'
11E8E149-EB0C-2F00-9ABE-12DF17AE4E1E,2026-ncaa-d3-natl,genius_ncaa,5,21,42,22,105,51,31,46,130,20,23,180,157,202,140,330,202,230,132,223,402,56,44,160,181,215,372,293,365,42,100,11,88,14,52,49,235,366,264,226,158,273,134,219,,,336,206,,271,83,50,99,379,134,76,69,51,46,245,307,318,348,349,110,80,92,14,23,113,309,252,211,,228,,213,109,270,291,370,52,298,350,107,264,367,46,302,196,210,147,200,76,356,356,45,30,62,148,209,120,290,88,321,100,321,52,269,178,100,234,184,249,97,90,14,,,104,316,,262,83,363,199,64,117,112,153,312,170,247,147,317,81,92,87,265,268,189,207,202,167,209,142,39,,244,,313,b'\x11\xe8\xe1I\xeb\x0c/\x00\x9a\xbe\x12\xdf\x17\xaeN\x1e'
11E8E149-EB10-7F9C-9ABE-12DF17AE4E1E,2018-ncaa-d3-conf-Midwest Conference,ncaa,6,6,5,6,6,8,8,9,8,9,8,9,8,7,7,6,4,4,2,4,2,8,9,8,7,8,3,6,1,9,10,4,8,7,9,7,3,6,9,8,9,10,7,8,,,3,3,,,8,9,5,4,9,9,10,10,8,8,7,2,2,2,9,10,10,4,8,7,7,10,7,,3,,,8,4,6,8,6,5,7,6,6,8,4,8,3,4,2,4,4,8,6,4,5,6,5,7,3,9,8,6,10,6,9,3,2,9,10,7,7,9,2,2,,,6,4,,,8,4,9,6,8,5,7,9,6,7,7,9,4,5,5,9,8,10,6,7,5,10,9,1,,6,,,b'\x11\xe8\xe1I\xeb\x10\x7f\x9c\x9a\xbe\x12\xdf\x17\xaeN\x1e'
11E8E149-EB10-7F9C-9ABE-12DF17AE4E1E,2018-ncaa-d3-conf-MWC,ncaa,6,6,5,6,6,8,8,9,8,9,8,9,8,7,7,6,4,4,2,4,2,8,9,8,7,8,3,6,1,9,10,4,8,7,9,7,3,6,9,8,9,10,7,8,,,3,3,,,8,9,5,4,9,9,10,10,8,8,7,2,2,2,9,10,10,4,8,7,7,10,7,,3,,,8,4,6,8,6,5,7,6,6,8,4,8,3,4,2,4,4,8,6,4,5,6,5,7,3,9,8,6,10,6,9,3,2,9,10,7,7,9,2,2,,,6,4,,,8,4,9,6,8,5,7,9,6,7,7,9,4,5,5,9,8,10,6,7,5,10,9,1,,6,,,b'\x11\xe8\xe1I\xeb\x10\x7f\x9c\x9a\xbe\x12\xdf\x17\xaeN\x1e'
11E8E149-EB10-7F9C-9ABE-12DF17AE4E1E,2018-ncaa-d3-natl,ncaa,320,349,197,335,240,344,362,361,354,358,318,361,309,318,289,250,188,267,33,276,181,357,352,359,309,323,144,249,38,364,365,295,323,339,353,263,41,223,329,264,257,257,307,309,,,145,187,,,347,330,364,192,379,396,408,378,342,314,320,169,273,282,405,401,385,322,382,271,238,271,314,,144,,,340,203,244,194,265,241,196,292,230,257,200,263,138,162,135,155,173,184,149,279,242,293,167,238,130,290,323,204,365,228,353,241,217,311,308,319,315,358,69,109,,,283,170,,,347,132,339,309,341,223,257,231,263,215,241,259,146,157,148,212,153,299,229,255,258,334,316,63,,311,,,b'\x11\xe8\xe1I\xeb\x10\x7f\x9c\x9a\xbe\x12\xdf\x17\xaeN\x1e'
11E8E149-EB10-7F9C-9ABE-12DF17AE4E1E,2019-ncaa-d3-conf-Midwest Conference,ncaa,10,10,5,10,5,10,9,10,9,7,7,9,10,9,9,7,5,5,5,5,6,10,10,9,9,9,8,9,1,10,10,9,5,10,10,9,5,8,8,9,10,10,9,9,,,3,7,,,10,9,7,2,10,9,10,7,6,9,8,5,5,5,10,10,10,8,10,9,8,10,9,,5,,,10,6,6,2,9,7,4,9,4,1,6,5,5,3,6,3,7,2,2,10,9,8,4,3,5,2,5,5,10,4,10,6,6,9,5,7,10,10,1,3,,,5,3,,,10,3,9,8,10,8,8,3,8,5,4,3,5,5,5,4,5,3,7,6,6,6,10,2,,4,,,b'\x11\xe8\xe1I\xeb\x10\x7f\x9c\x9a\xbe\x12\xdf\x17\xaeN\x1e'
11E8E149-EB10-7F9C-9ABE-12DF17AE4E1E,2019-ncaa-d3-conf-MWC,ncaa,10,10,5,10,5,10,9,10,9,7,7,9,10,9,9,7,5,5,5,5,6,10,10,9,9,9,8,9,1,10,10,9,5,10,10,9,5,8,8,9,10,10,9,9,,,3,7,,,10,9,7,2,10,9,10,7,6,9,8,5,5,5,10,10,10,8,10,9,8,10,9,,5,,,10,6,6,2,9,7,4,9,4,1,6,5,5,3,6,3,7,2,2,10,9,8,4,3,5,2,5,5,10,4,10,6,6,9,5,7,10,10,1,3,,,5,3,,,10,3,9,8,10,8,8,3,8,5,4,3,5,5,5,4,5,3,7,6,6,6,10,2,,4,,,b'\x11\xe8\xe1I\xeb\x10\x7f\x9c\x9a\xbe\x12\xdf\x17\xaeN\x1e'
11E8E149-EB10-7F9C-9ABE-12DF17AE4E1E,2019-ncaa-d3-natl,ncaa,356,361,317,365,323,374,386,393,332,329,318,303,414,383,424,346,208,236,129,237,140,384,381,370,333,346,317,394,20,409,410,371,110,397,326,328,122,216,338,321,370,349,357,340,,,195,359,,,347,355,328,70,387,398,408,316,279,417,376,148,171,173,397,385,420,381,425,327,277,373,360,,275,,,347,112,129,43,376,187,72,386,89,73,220,168,187,223,115,224,339,54,61,358,353,294,141,120,258,18,110,181,410,83,326,185,251,236,135,215,327,389,86,142,,,164,16,,,347,89,375,225,349,193,210,57,260,104,117,106,244,271,276,69,84,33,257,141,239,184,359,114,,71,,,b'\x11\xe8\xe1I\xeb\x10\x7f\x9c\x9a\xbe\x12\xdf\x17\xaeN\x1e'
11E8E149-EB10-7F9C-9ABE-12DF17AE4E1E,2020-ncaa-d3-conf-Midwest Conference,ncaa,9,9,5,9,9,9,9,8,9,8,6,10,8,8,7,8,6,8,4,8,9,8,7,10,10,9,5,6,4,7,7,8,6,7,7,8,7,5,8,8,8,8,8,7,,,7,8,,,9,7,3,6,9,8,6,8,4,8,8,6,8,8,7,6,6,7,5,7,7,8,8,,8,,,9,5,5,3,7,5,2,9,8,9,5,10,8,8,5,8,8,3,4,8,8,8,5,6,7,4,6,8,7,5,7,6,8,7,7,7,6,7,2,2,,,7,6,,,9,4,9,7,9,6,5,6,5,3,8,9,8,8,8,6,6,5,9,7,6,5,6,5,,6,,,b'\x11\xe8\xe1I\xeb\x10\x7f\x9c\x9a\xbe\x12\xdf\x17\xaeN\x1e'
11E8E149-EB10-7F9C-9ABE-12DF17AE4E1E,2020-ncaa-d3-conf-MWC,ncaa,9,9,5,9,9,9,9,8,9,8,6,10,8,8,7,8,6,8,4,8,9,8,7,10,10,9,5,6,4,7,7,8,6,7,7,8,7,5,8,8,8,8,8,7,,,7,8,,,9,7,3,6,9,8,6,8,4,8,8,6,8,8,7,6,6,7,5,7,7,8,8,,8,,,9,5,5,3,7,5,2,9,8,9,5,10,8,8,5,8,8,3,4,8,8,8,5,6,7,4,6,8,7,5,7,6,8,7,7,7,6,7,2,2,,,7,6,,,9,4,9,7,9,6,5,6,5,3,8,9,8,8,8,6,6,5,9,7,6,5,6,5,,6,,,b'\x11\xe8\xe1I\xeb\x10\x7f\x9c\x9a\xbe\x12\xdf\x17\xaeN\x1e'
11E8E149-EB10-7F9C-9ABE-12DF17AE4E1E,2020-ncaa-d3-natl,ncaa,344,368,198,357,280,291,320,324,315,301,237,340,323,337,251,317,109,152,91,154,149,299,304,331,279,290,194,306,27,289,260,361,214,344,298,311,268,224,283,315,329,321,339,296,,,310,389,,,343,291,256,303,311,351,331,315,216,321,334,88,128,131,304,290,284,394,368,330,246,337,339,,341,,,341,313,260,78,406,213,57,409,328,274,353,339,347,325,328,324,397,98,107,407,418,401,332,293,298,89,214,184,260,130,298,263,231,219,180,266,263,307,172,186,,,146,62,,,343,144,300,363,344,314,281,93,235,46,330,294,357,333,332,128,125,103,207,152,271,203,279,188,,101,,,b'\x11\xe8\xe1I\xeb\x10\x7f\x9c\x9a\xbe\x12\xdf\x17\xaeN\x1e'
11E8E149-EB10-7F9C-9ABE-12DF17AE4E1E,2022-ncaa-d3-conf-MWC,ncaa,5,2,8,5,8,9,9,9,9,9,7,9,8,8,8,7,2,3,4,2,1,8,8,8,8,7,2,7,1,9,9,7,3,9,6,7,3,1,2,5,8,8,8,7,,,2,1,,,6,8,4,3,8,9,9,9,6,8,7,1,1,1,3,6,9,1,5,6,2,6,8,,3,,,6,2,2,2,3,2,1,6,4,4,2,7,2,2,5,2,7,2,2,4,5,4,6,4,5,2,3,4,9,3,6,2,6,7,6,5,3,4,5,7,,,5,1,,,6,2,7,4,6,5,5,5,4,3,6,5,5,5,5,4,5,3,8,6,7,6,4,6,,1,,,b'\x11\xe8\xe1I\xeb\x10\x7f\x9c\x9a\xbe\x12\xdf\x17\xaeN\x1e'
11E8E149-EB10-7F9C-9ABE-12DF17AE4E1E,2022-ncaa-d3-natl,ncaa,232,182,345,226,356,340,370,370,336,367,360,335,301,295,284,208,103,137,91,136,19,352,375,324,267,248,76,228,6,381,379,317,49,354,257,357,252,62,180,276,302,233,324,285,,,106,257,,,249,363,237,134,299,363,348,356,318,257,219,20,47,42,274,320,369,161,287,328,144,252,308,,220,,,252,60,60,46,246,68,39,307,137,161,155,321,134,121,277,109,310,47,54,257,265,249,271,244,265,19,49,131,379,72,257,51,110,289,167,136,118,239,130,252,,,125,3,,,249,70,280,193,247,186,178,118,161,74,221,273,252,246,233,120,125,51,313,184,133,202,214,202,,9,,,b'\x11\xe8\xe1I\xeb\x10\x7f\x9c\x9a\xbe\x12\xdf\x17\xaeN\x1e'
11E8E149-EB10-7F9C-9ABE-12DF17AE4E1E,2023-ncaa-d3-conf-MWC,ncaa,9,9,5,9,5,9,9,8,9,9,7,9,4,3,8,3,7,6,9,6,3,8,7,9,9,9,2,3,5,5,7,5,5,4,7,8,7,3,7,8,8,8,5,4,,,4,6,,,9,8,7,1,9,9,7,8,7,4,3,6,5,5,7,5,5,4,4,8,6,8,4,,5,,,9,4,5,2,6,6,5,5,4,3,5,3,5,5,3,5,5,3,3,5,5,8,2,4,6,3,5,8,7,8,7,5,4,8,8,7,6,7,6,8,,,5,2,,,9,2,9,8,9,7,7,5,6,7,4,3,7,7,7,6,5,4,9,9,5,8,7,6,,3,,,b'\x11\xe8\xe1I\xeb\x10\x7f\x9c\x9a\xbe\x12\xdf\x17\xaeN\x1e'
11E8E149-EB10-7F9C-9ABE-12DF17AE4E1E,2023-ncaa-d3-natl,ncaa,316,345,185,334,188,277,299,286,299,308,308,302,180,187,216,164,199,129,344,141,61,267,273,282,280,290,109,145,109,282,319,175,98,226,236,320,319,234,283,331,395,401,242,245,,,320,376,,,316,253,284,25,306,327,329,337,331,191,196,187,107,115,300,285,298,153,228,343,256,407,250,,334,,,314,269,248,165,300,257,156,318,221,220,221,236,324,326,188,322,351,185,141,299,319,358,244,186,303,105,98,292,319,205,236,189,127,331,339,295,317,331,245,311,,,50,9,,,316,171,298,313,316,269,252,171,253,152,222,213,337,343,338,207,134,109,305,215,190,360,307,256,,25,,,b'\x11\xe8\xe1I\xeb\x10\x7f\x9c\x9a\xbe\x12\xdf\x17\xaeN\x1e'
11E8E149-EB10-7F9C-9ABE-12DF17AE4E1E,2024-ncaa-d3-conf-MWC,ncaa,4,5,3,5,4,5,5,4,8,4,4,8,6,5,8,5,6,7,1,7,6,4,5,7,6,4,4,5,6,4,3,7,3,5,3,6,5,1,2,4,7,6,6,5,,,5,7,,,6,8,9,4,5,5,4,6,6,6,5,7,8,8,6,8,4,8,7,6,1,7,7,,6,,,6,5,5,2,6,3,2,5,9,5,9,6,6,5,7,5,6,2,2,7,7,7,8,9,5,2,3,4,3,2,3,4,6,5,5,6,2,3,4,4,,,4,2,,,6,2,5,7,5,3,4,1,3,2,8,4,6,6,6,1,1,2,2,2,4,7,2,5,,5,,,b'\x11\xe8\xe1I\xeb\x10\x7f\x9c\x9a\xbe\x12\xdf\x17\xaeN\x1e'
11E8E149-EB10-7F9C-9ABE-12DF17AE4E1E,2024-ncaa-d3-natl,ncaa,142,162,112,157,133,212,250,266,219,239,266,189,235,194,293,202,66,63,178,61,33,233,272,229,189,182,153,252,49,241,251,276,168,267,235,287,335,135,168,246,263,248,302,287,,,333,384,,,213,275,373,78,257,290,352,275,325,255,226,62,67,65,305,357,273,341,341,333,105,291,326,,319,,,213,187,123,83,255,79,72,171,338,191,408,274,321,312,273,310,386,106,140,297,319,269,398,366,343,111,168,223,251,171,235,118,146,153,99,102,209,230,53,71,,,9,1,,,213,163,189,238,210,148,98,37,65,37,308,165,312,292,296,48,68,89,175,127,97,170,179,35,,5,,,b'\x11\xe8\xe1I\xeb\x10\x7f\x9c\x9a\xbe\x12\xdf\x17\xaeN\x1e'
11E8E149-EB10-7F9C-9ABE-12DF17AE4E1E,2025-ncaa-d3-conf-Midwest Conference,genius_ncaa,3,2,3,3,3,4,5,5,4,3,3,5,6,7,5,7,4,4,4,4,3,4,6,5,5,4,4,6,5,4,4,6,3,4,3,5,3,2,2,2,4,3,3,2,,,3,5,,1,4,8,9,1,5,4,5,4,5,6,7,4,5,5,5,7,3,7,6,4,2,4,4,,2,,1,4,2,2,2,4,2,1,3,5,3,7,8,2,3,1,3,4,1,2,4,4,3,7,8,5,2,3,4,4,2,3,3,5,3,2,2,2,3,1,1,,,3,2,,1,4,2,4,3,4,2,2,2,2,2,4,2,2,2,2,2,2,2,3,3,3,3,2,1,,3,,2,b'\x11\xe8\xe1I\xeb\x10\x7f\x9c\x9a\xbe\x12\xdf\x17\xaeN\x1e'
11E8E149-EB10-7F9C-9ABE-12DF17AE4E1E,2025-ncaa-d3-natl,genius_ncaa,82,75,116,87,139,172,203,206,217,213,205,224,200,203,170,244,54,46,218,41,39,165,213,219,192,140,132,217,53,242,299,173,60,204,205,160,119,67,70,100,162,127,119,62,,,197,235,,138,117,210,300,154,189,243,252,250,233,216,224,55,47,41,190,301,286,203,247,177,54,182,123,,172,,128,119,106,76,84,134,38,46,144,315,310,282,380,203,211,196,218,345,93,151,187,199,138,396,384,258,59,60,308,299,198,205,136,257,111,79,108,120,133,29,26,,,47,14,,49,117,199,161,100,121,79,59,43,26,15,290,282,177,179,181,47,75,54,263,155,117,127,105,18,,30,,54,b'\x11\xe8\xe1I\xeb\x10\x7f\x9c\x9a\xbe\x12\xdf\x17\xaeN\x1e'
11E8E149-EB10-7F9C-9ABE-12DF17AE4E1E,2026-ncaa-d3-conf-Midwest Conference,genius_ncaa,1,1,4,1,5,5,5,5,6,6,6,7,3,3,6,5,3,4,2,4,2,4,5,6,5,5,3,6,1,2,2,4,4,5,3,4,2,2,1,2,7,5,1,1,,,2,1,,2,3,5,4,4,4,4,4,5,5,4,2,1,2,2,1,2,2,3,2,3,1,6,1,,1,,2,2,3,3,5,4,3,4,4,4,5,3,7,2,2,5,1,1,3,4,4,3,2,4,7,3,3,4,4,2,3,3,4,9,5,2,5,4,6,3,4,,,4,2,,1,3,5,2,2,2,2,3,5,3,3,5,7,3,1,1,3,4,3,5,4,6,2,6,4,,2,,1,b'\x11\xe8\xe1I\xeb\x10\x7f\x9c\x9a\xbe\x12\xdf\x17\xaeN\x1e'
11E8E149-EB10-7F9C-9ABE-12DF17AE4E1E,2026-ncaa-d3-natl,genius_ncaa,13,21,116,27,139,104,126,162,123,139,186,123,110,141,113,181,48,130,8,119,129,155,187,114,74,57,131,177,116,189,164,121,96,142,90,76,101,132,83,57,194,201,4,3,,,139,85,,75,31,181,269,113,87,125,185,151,228,123,157,53,164,142,166,261,227,116,160,72,70,225,4,,58,,69,35,142,135,197,45,61,156,9,347,298,368,358,90,90,178,76,55,171,211,110,88,53,400,409,84,159,96,182,164,168,90,138,188,88,61,61,151,112,47,21,,,123,101,,123,31,223,65,48,37,49,48,112,14,69,353,283,22,25,18,66,116,129,99,95,74,93,103,21,,139,,138,b'\x11\xe8\xe1I\xeb\x10\x7f\x9c\x9a\xbe\x12\xdf\x17\xaeN\x1e'
11E8E149-EB14-DD6C-9ABE-12DF17AE4E1E,2018-ncaa-d3-conf-ASC,ncaa,12,12,8,12,12,11,10,7,12,11,8,12,8,7,9,4,13,12,13,12,11,7,9,12,12,12,6,4,12,8,7,12,11,9,10,11,11,1,3,9,12,12,13,13,,,6,11,,,11,11,8,13,11,9,5,11,5,8,4,13,13,13,5,7,6,12,7,12,2,12,13,,10,,,11,9,8,2,13,12,4,13,3,5,1,5,13,10,8,10,12,5,2,11,13,12,4,3,10,6,11,9,7,8,10,7,6,12,11,11,1,4,9,11,,,11,8,,,11,2,11,12,10,11,10,7,12,10,4,7,13,12,12,8,3,8,11,11,9,12,3,10,,11,,,b'\x11\xe8\xe1I\xeb\x14\xddl\x9a\xbe\x12\xdf\x17\xaeN\x1e'
11E8E149-EB14-DD6C-9ABE-12DF17AE4E1E,2018-ncaa-d3-natl,ncaa,364,349,363,371,371,331,341,277,376,349,276,383,251,232,284,209,269,163,408,163,116,255,315,371,382,331,140,161,141,91,82,393,336,287,249,377,381,45,73,273,413,407,441,441,,,297,417,,,349,379,249,198,278,308,94,321,141,202,152,203,67,68,76,126,38,376,139,367,102,415,442,,406,,,350,235,174,63,379,230,72,419,107,168,77,221,392,402,176,403,434,104,67,362,384,407,224,79,403,161,336,178,82,162,249,196,211,401,384,376,71,110,253,293,,,187,78,,,349,58,283,409,353,368,316,200,337,181,187,260,429,432,432,299,215,278,319,311,298,384,126,337,,43,,,b'\x11\xe8\xe1I\xeb\x14\xddl\x9a\xbe\x12\xdf\x17\xaeN\x1e'
11E8E149-EB14-DD6C-9ABE-12DF17AE4E1E,2019-ncaa-d3-conf-ASC,ncaa,12,13,8,13,8,13,12,12,13,12,12,13,10,5,11,2,13,13,10,13,9,12,10,13,13,13,2,2,8,6,6,10,13,10,10,13,10,12,13,13,13,13,10,10,,,3,4,,,13,10,12,3,13,13,12,12,12,9,4,12,13,12,13,11,6,10,8,13,13,12,10,,5,,,13,8,9,9,7,12,10,7,1,3,2,4,5,5,11,5,2,7,6,5,5,7,1,1,6,13,13,6,6,9,10,3,3,11,12,7,13,13,4,8,,,10,11,,,13,2,13,9,13,10,10,13,12,13,3,5,8,7,6,12,8,13,8,11,5,11,13,4,,11,,,b'\x11\xe8\xe1I\xeb\x14\xddl\x9a\xbe\x12\xdf\x17\xaeN\x1e'
11E8E149-EB14-DD6C-9ABE-12DF17AE4E1E,2019-ncaa-d3-natl,ncaa,375,382,317,383,319,389,401,352,409,406,367,418,233,202,292,110,351,349,333,346,236,361,331,398,396,405,61,76,200,261,245,357,408,343,362,385,299,333,389,405,355,362,346,362,,,182,230,,,387,342,291,49,405,412,334,418,353,208,152,348,341,335,348,238,215,355,315,399,376,346,351,,254,,,384,157,160,163,186,248,225,260,47,135,18,134,287,276,266,273,255,174,140,148,169,206,92,45,319,365,408,200,245,273,362,132,125,307,294,237,348,385,82,177,,,328,282,,,387,99,402,285,386,245,254,292,314,324,69,179,334,332,329,314,279,395,278,347,191,264,373,104,,280,,,b'\x11\xe8\xe1I\xeb\x14\xddl\x9a\xbe\x12\xdf\x17\xaeN\x1e'
11E8E149-EB14-DD6C-9ABE-12DF17AE4E1E,2020-ncaa-d3-conf-ASC,ncaa,5,5,7,5,8,7,11,7,9,9,8,10,7,6,10,6,3,2,4,2,3,7,10,10,9,5,3,6,2,3,3,6,5,5,4,7,7,1,1,4,7,6,8,8,,,8,12,,,5,11,8,9,6,9,2,8,6,5,5,2,2,2,3,5,1,5,3,7,1,6,8,,10,,,5,2,3,3,5,3,7,5,2,1,4,2,9,8,7,7,8,3,2,5,5,6,5,2,12,4,5,5,3,4,4,1,2,10,8,5,1,1,2,2,,,6,2,,,5,2,4,6,5,5,5,4,5,9,2,1,9,9,8,5,3,4,7,5,2,8,1,2,,3,,,b'\x11\xe8\xe1I\xeb\x14\xddl\x9a\xbe\x12\xdf\x17\xaeN\x1e'
11E8E149-EB14-DD6C-9ABE-12DF17AE4E1E,2020-ncaa-d3-natl,ncaa,170,198,126,190,150,127,185,51,347,237,137,323,105,34,315,109,38,29,167,29,52,39,67,335,304,223,65,147,47,16,52,182,165,61,124,177,178,79,14,90,46,46,222,240,,,426,423,,,141,139,171,185,121,218,26,272,156,112,46,28,30,30,19,57,13,225,37,181,55,53,243,,421,,,144,234,136,136,189,227,240,191,44,63,97,39,429,428,242,425,415,229,276,140,228,183,252,25,431,179,165,383,52,315,124,96,90,105,114,62,29,9,118,91,,,78,169,,,141,306,142,165,143,203,126,92,193,206,34,39,427,424,419,187,229,150,343,276,89,120,23,103,,79,,,b'\x11\xe8\xe1I\xeb\x14\xddl\x9a\xbe\x12\xdf\x17\xaeN\x1e'
11E8E149-EB14-DD6C-9ABE-12DF17AE4E1E,2021-ncaa-d3-conf-ASC,ncaa,5,5,6,5,7,5,6,7,5,7,8,5,5,7,4,6,6,6,6,6,5,8,8,5,6,3,5,5,8,3,3,9,6,7,5,5,1,3,1,1,3,2,8,9,,,3,2,,,5,7,6,7,4,4,3,5,6,3,4,4,3,3,5,6,3,9,6,2,1,3,7,,2,,,4,4,6,5,8,7,7,5,3,3,11,1,4,3,7,3,1,5,5,7,6,5,3,5,3,4,6,6,3,4,5,6,8,7,5,6,4,4,2,2,,,7,5,,,5,5,3,5,4,5,6,5,8,11,5,1,3,1,1,4,4,6,7,6,7,6,5,1,,5,,,b'\x11\xe8\xe1I\xeb\x14\xddl\x9a\xbe\x12\xdf\x17\xaeN\x1e'
11E8E149-EB14-DD6C-9ABE-12DF17AE4E1E,2021-ncaa-d3-natl,ncaa,35,183,23,101,27,30,35,22,149,37,29,138,30,24,132,115,15,17,134,17,49,21,21,137,133,111,81,125,58,18,103,36,137,30,145,27,69,238,76,73,25,70,72,180,,,253,132,,,62,24,87,110,80,112,82,132,132,86,77,38,37,35,51,75,71,176,127,80,94,71,168,,146,,,95,255,260,256,173,265,265,128,206,191,208,27,244,242,158,244,102,257,260,154,146,121,64,59,136,247,137,265,103,261,145,252,125,23,74,100,242,97,191,67,,,19,36,,,62,261,90,105,94,131,147,119,179,213,63,30,141,137,140,124,167,109,192,159,147,73,108,65,,27,,,b'\x11\xe8\xe1I\xeb\x14\xddl\x9a\xbe\x12\xdf\x17\xaeN\x1e'
11E8E149-EB14-DD6C-9ABE-12DF17AE4E1E,2022-ncaa-d3-conf-ASC,ncaa,5,5,8,5,9,8,7,8,4,8,10,4,7,7,4,6,7,9,7,9,4,8,10,4,3,2,5,7,5,7,7,8,7,8,6,6,5,1,1,1,11,11,3,5,,,1,1,,,6,11,7,6,4,4,4,4,5,5,5,2,4,4,3,9,6,5,6,5,1,11,2,,1,,,6,3,7,4,8,8,6,6,1,1,6,1,1,1,2,1,1,4,2,6,6,8,1,2,2,6,7,5,7,5,6,5,5,11,11,11,1,3,5,5,,,9,3,,,6,2,4,8,6,8,9,9,11,11,2,1,2,1,3,9,7,9,10,10,8,11,1,5,,4,,,b'\x11\xe8\xe1I\xeb\x14\xddl\x9a\xbe\x12\xdf\x17\xaeN\x1e'
11E8E149-EB14-DD6C-9ABE-12DF17AE4E1E,2022-ncaa-d3-natl,ncaa,168,95,345,142,366,223,257,328,142,262,334,110,187,192,190,145,86,122,82,127,30,312,352,139,96,63,114,193,43,314,271,328,209,333,253,193,79,22,43,42,373,356,173,159,,,55,99,,,192,358,191,290,78,152,172,169,262,128,117,13,28,29,114,225,239,207,228,87,50,353,99,,101,,,188,152,194,94,342,275,195,303,49,27,295,20,164,161,223,160,169,93,68,305,308,344,43,40,205,109,209,99,271,101,253,221,222,380,357,363,44,117,80,159,,,207,34,,,192,73,72,332,188,317,342,294,369,377,96,48,280,283,290,299,216,218,259,244,317,346,110,136,,39,,,b'\x11\xe8\xe1I\xeb\x14\xddl\x9a\xbe\x12\xdf\x17\xaeN\x1e'
11E8E149-EB14-DD6C-9ABE-12DF17AE4E1E,2023-ncaa-d3-conf-ASC,ncaa,9,9,7,9,9,9,8,10,8,8,7,8,10,10,9,9,5,7,3,7,5,10,8,8,8,9,7,9,2,10,7,8,8,8,7,9,10,9,9,9,6,7,3,3,,,5,6,,,9,8,3,8,9,8,10,8,4,10,10,5,6,6,10,5,9,5,7,9,9,5,3,,9,,,9,7,7,6,5,4,5,6,9,8,9,7,6,8,2,8,7,8,6,6,6,6,8,8,5,10,8,3,7,5,7,8,7,6,6,6,10,10,4,6,,,7,4,,,9,3,9,6,9,8,7,8,7,6,9,9,7,9,9,9,10,10,4,7,8,5,10,5,,6,,,b'\x11\xe8\xe1I\xeb\x14\xddl\x9a\xbe\x12\xdf\x17\xaeN\x1e'
11E8E149-EB14-DD6C-9ABE-12DF17AE4E1E,2023-ncaa-d3-natl,ncaa,316,325,271,328,278,283,327,372,246,307,305,299,320,365,127,333,53,72,79,76,36,347,241,258,179,321,133,306,8,365,331,220,362,306,327,366,359,421,416,407,198,261,63,65,,,379,369,,,367,174,58,63,284,341,404,303,285,312,357,27,40,42,351,122,366,128,266,375,418,173,44,,408,,,363,369,306,284,268,236,233,199,377,303,398,248,395,401,154,400,391,335,319,293,318,315,382,313,351,384,362,124,331,262,327,318,278,170,249,275,424,416,159,224,,,91,36,,,367,267,342,352,356,389,338,361,291,298,386,341,407,409,411,387,397,383,191,323,324,127,418,181,,27,,,b'\x11\xe8\xe1I\xeb\x14\xddl\x9a\xbe\x12\xdf\x17\xaeN\x1e'
11E8E149-EB14-DD6C-9ABE-12DF17AE4E1E,2024-ncaa-d3-conf-ASC,ncaa,9,9,7,9,8,10,10,10,10,9,7,10,9,9,6,9,8,9,3,9,6,9,9,10,10,10,7,9,2,6,5,5,7,6,5,10,7,10,9,10,10,10,1,3,,,6,7,,,10,9,6,6,10,10,10,9,4,9,9,6,8,7,9,6,6,1,4,10,10,10,1,,8,,,10,4,4,6,3,5,8,2,5,5,8,4,5,6,4,6,4,6,4,4,4,7,4,5,6,6,7,3,5,3,5,5,6,10,10,9,9,9,6,7,,,9,7,,,10,2,10,8,10,7,6,10,6,8,5,6,7,9,9,10,7,9,5,6,7,10,9,7,,9,,,b'\x11\xe8\xe1I\xeb\x14\xddl\x9a\xbe\x12\xdf\x17\xaeN\x1e'
11E8E149-EB14-DD6C-9ABE-12DF17AE4E1E,2024-ncaa-d3-natl,ncaa,339,342,296,347,310,338,368,368,348,330,261,370,366,387,277,374,79,107,87,104,55,348,277,366,317,367,171,352,3,241,161,213,276,235,176,351,241,391,403,391,314,315,85,85,,,365,396,,,352,279,154,119,346,380,393,332,216,364,387,38,52,52,348,149,206,126,149,359,400,299,56,,409,,,350,217,130,175,116,153,214,95,149,128,238,112,400,396,328,396,379,232,169,116,192,263,329,138,408,284,276,66,161,142,176,158,194,318,328,252,395,397,181,231,,,176,84,,,352,153,362,279,349,300,195,293,212,308,197,175,415,414,414,344,296,323,122,218,193,289,393,220,,73,,,b'\x11\xe8\xe1I\xeb\x14\xddl\x9a\xbe\x12\xdf\x17\xaeN\x1e'
11E8E149-EB14-DD6C-9ABE-12DF17AE4E1E,2025-ncaa-d3-conf-ASC,genius_ncaa,4,4,1,4,1,4,4,3,5,4,4,5,4,4,4,3,2,3,1,3,2,3,3,5,4,4,2,3,1,4,4,2,4,4,4,4,4,5,4,4,4,4,4,4,,,4,3,,2,4,2,2,1,4,4,4,4,4,4,4,2,4,4,4,4,4,3,4,4,4,4,4,,3,,2,4,5,4,5,3,5,4,4,4,5,2,3,4,4,5,4,3,5,5,3,3,4,2,2,2,5,4,5,4,5,4,4,4,2,3,4,4,4,3,3,,,3,2,,5,4,5,4,4,4,4,4,4,4,3,3,3,4,4,4,5,5,5,5,5,4,2,4,3,,4,,5,b'\x11\xe8\xe1I\xeb\x14\xddl\x9a\xbe\x12\xdf\x17\xaeN\x1e'
11E8E149-EB14-DD6C-9ABE-12DF17AE4E1E,2025-ncaa-d3-natl,genius_ncaa,326,299,373,331,378,342,371,381,309,383,389,346,220,261,119,129,155,179,159,170,14,374,379,275,235,269,16,92,17,376,373,388,375,392,385,348,178,193,317,324,312,270,288,248,,,255,366,,180,327,365,119,258,271,350,348,372,353,129,155,49,54,50,281,214,354,330,378,305,304,222,231,,393,,260,334,175,133,61,325,175,65,369,109,155,108,228,339,321,281,319,378,79,78,306,340,330,225,114,360,284,375,129,373,191,385,228,290,293,230,288,226,330,92,256,,,285,98,,309,327,54,302,360,331,360,324,277,332,215,225,307,401,398,398,331,324,365,318,348,321,162,318,171,,119,,293,b'\x11\xe8\xe1I\xeb\x14\xddl\x9a\xbe\x12\xdf\x17\xaeN\x1e'
11E8E149-EB14-DD6C-9ABE-12DF17AE4E1E,2026-ncaa-d3-conf-SCAC,genius_ncaa,3,3,3,3,3,4,3,3,3,3,3,1,4,4,4,3,4,4,3,4,4,4,4,3,4,4,4,4,3,4,2,3,4,4,3,3,1,1,4,3,4,2,4,4,,,2,2,,2,3,4,3,1,4,3,2,2,2,4,3,4,4,4,4,3,2,2,3,1,3,2,4,,2,,3,3,2,1,1,1,1,1,1,2,2,2,3,2,2,3,2,2,2,2,1,2,2,3,2,4,2,4,1,2,2,3,1,2,3,2,1,3,4,2,3,,,4,4,,4,3,2,4,2,3,2,1,1,1,1,2,3,2,3,2,2,4,4,2,3,1,1,4,3,,4,,4,b'\x11\xe8\xe1I\xeb\x14\xddl\x9a\xbe\x12\xdf\x17\xaeN\x1e'
11E8E149-EB14-DD6C-9ABE-12DF17AE4E1E,2026-ncaa-d3-natl,genius_ncaa,390,329,327,390,337,367,363,366,294,353,338,304,340,351,261,284,333,355,120,353,288,367,344,304,291,329,243,262,175,369,327,378,320,381,348,354,286,226,367,351,289,215,409,411,,,185,355,,234,316,333,75,113,321,304,276,261,193,297,295,245,284,280,298,152,327,367,373,313,369,172,411,,379,,331,332,125,106,56,344,137,67,375,58,70,100,148,268,268,194,258,393,66,83,326,346,282,180,63,377,114,320,91,327,90,348,127,243,244,81,160,203,335,180,279,,,384,404,,291,316,82,351,275,336,308,273,146,309,165,111,161,392,398,396,218,307,251,233,245,279,64,326,285,,395,,279,b'\x11\xe8\xe1I\xeb\x14\xddl\x9a\xbe\x12\xdf\x17\xaeN\x1e'
11E8E149-EB19-4352-9ABE-12DF17AE4E1E,2018-ncaa-d3-conf-MAC Commonwealth,ncaa,5,4,4,5,5,5,5,5,3,4,5,3,8,6,6,6,3,3,4,3,2,5,6,4,4,4,5,7,2,7,7,8,5,7,6,3,3,2,3,3,4,3,9,9,,,7,7,,,5,5,7,4,5,5,7,4,5,7,7,2,2,2,7,7,7,9,8,3,2,3,9,,5,,,5,6,9,2,9,9,6,9,1,1,2,2,4,4,5,4,4,2,4,9,9,7,1,1,3,2,5,6,7,5,6,5,4,4,3,5,3,4,9,9,,,3,2,,,5,5,4,7,5,4,6,2,9,3,1,2,3,3,3,2,2,3,4,5,5,4,3,9,,2,,,b'\x11\xe8\xe1I\xeb\x19CR\x9a\xbe\x12\xdf\x17\xaeN\x1e'
11E8E149-EB19-4352-9ABE-12DF17AE4E1E,2018-ncaa-d3-natl,ncaa,151,223,43,198,59,124,139,123,176,92,73,202,297,321,260,371,50,51,132,53,165,104,115,215,186,157,313,372,73,188,280,231,329,220,328,87,65,184,113,84,81,107,415,433,,,361,292,,,224,108,305,303,215,240,294,138,144,351,374,76,105,108,244,325,287,398,386,125,83,123,430,,246,,,228,381,403,340,367,424,393,382,85,131,88,61,329,311,316,308,171,346,349,308,325,281,32,30,226,345,329,352,280,362,328,312,116,106,148,180,277,235,430,381,,,99,135,,,224,346,190,284,222,218,270,144,348,275,38,45,224,196,189,136,162,230,203,210,200,174,188,400,,208,,,b'\x11\xe8\xe1I\xeb\x19CR\x9a\xbe\x12\xdf\x17\xaeN\x1e'
11E8E149-EB19-4352-9ABE-12DF17AE4E1E,2019-ncaa-d3-conf-MAC Commonwealth,ncaa,3,4,1,4,1,4,3,3,3,3,3,2,5,3,6,3,6,6,8,6,7,3,3,3,5,5,8,5,8,9,9,4,7,5,8,4,5,5,4,4,3,3,8,9,,,9,9,,,6,1,6,3,6,4,6,4,6,6,4,7,7,7,7,7,9,7,8,5,3,3,9,,9,,,6,9,8,8,6,9,9,5,2,2,1,1,9,9,7,9,8,9,9,5,7,7,3,1,9,8,7,8,9,9,8,6,3,4,5,5,3,3,4,4,,,6,7,,,6,9,5,7,6,7,4,4,8,8,2,2,9,9,8,5,6,7,6,7,4,5,3,2,,8,,,b'\x11\xe8\xe1I\xeb\x19CR\x9a\xbe\x12\xdf\x17\xaeN\x1e'
11E8E149-EB19-4352-9ABE-12DF17AE4E1E,2019-ncaa-d3-natl,ncaa,169,219,67,197,96,196,170,169,185,97,84,188,368,353,351,380,186,178,230,174,295,167,155,255,256,246,401,395,192,282,357,187,262,240,324,138,147,264,227,175,87,96,315,363,,,372,353,,,248,127,278,125,286,230,293,119,114,398,384,233,232,234,284,303,348,301,351,168,186,108,347,,323,,,246,315,306,266,275,386,391,227,31,34,188,12,381,397,222,393,272,326,322,198,235,213,62,14,358,296,262,367,357,346,324,198,97,147,196,149,268,243,243,150,,,227,284,,,248,312,275,218,253,201,200,139,312,342,17,11,349,356,356,189,184,228,282,265,134,207,207,196,,316,,,b'\x11\xe8\xe1I\xeb\x19CR\x9a\xbe\x12\xdf\x17\xaeN\x1e'
11E8E149-EB19-4352-9ABE-12DF17AE4E1E,2020-ncaa-d3-conf-MAC Commonwealth,ncaa,7,7,6,7,6,6,6,8,5,5,7,4,9,9,9,9,6,8,5,8,7,8,8,5,5,6,9,9,4,8,4,8,7,9,4,9,9,9,9,9,8,7,8,8,,,1,2,,,7,8,8,1,6,5,8,4,5,9,9,6,7,7,8,7,7,8,8,8,9,8,8,,1,,,7,3,8,2,9,8,4,8,5,3,9,6,1,2,2,2,1,2,2,9,9,9,2,8,1,3,7,2,4,2,4,4,3,8,6,8,8,9,6,7,,,7,2,,,7,2,7,9,7,7,9,5,9,7,7,5,1,3,2,4,4,5,2,2,6,7,9,7,,4,,,b'\x11\xe8\xe1I\xeb\x19CR\x9a\xbe\x12\xdf\x17\xaeN\x1e'
11E8E149-EB19-4352-9ABE-12DF17AE4E1E,2020-ncaa-d3-natl,ncaa,285,306,198,299,201,307,281,336,195,153,130,212,416,416,376,420,254,210,324,217,288,327,286,267,272,322,424,428,161,198,118,200,253,205,138,324,364,356,371,364,277,277,259,280,,,56,54,,,300,306,343,10,331,292,366,114,99,425,429,247,209,216,347,265,174,161,174,346,349,279,255,,46,,,299,179,296,248,272,308,309,231,214,154,313,151,27,47,8,43,30,200,146,256,172,229,60,254,27,264,253,66,118,127,138,247,190,312,309,319,392,394,376,332,,,231,173,,,300,135,313,261,301,210,305,300,314,335,232,177,18,47,44,233,184,275,81,148,257,311,379,382,,204,,,b'\x11\xe8\xe1I\xeb\x19CR\x9a\xbe\x12\xdf\x17\xaeN\x1e'
11E8E149-EB19-4352-9ABE-12DF17AE4E1E,2021-ncaa-d3-conf-MAC Commonwealth,ncaa,5,6,2,6,2,4,5,3,5,4,3,6,6,4,6,6,3,3,4,3,3,3,3,6,5,5,4,7,1,3,7,3,5,3,6,3,3,6,5,4,3,6,6,7,,,7,6,,,6,2,3,3,6,6,7,5,4,7,6,3,4,4,7,6,7,4,5,4,4,6,7,,6,,,6,6,6,7,2,7,7,4,4,7,1,6,5,5,5,5,4,7,6,2,2,2,1,2,4,6,5,6,7,6,6,3,1,3,6,2,7,7,7,5,,,3,4,,,6,6,6,3,6,2,3,6,5,5,2,6,5,6,6,7,6,7,5,6,2,6,7,6,,4,,,b'\x11\xe8\xe1I\xeb\x19CR\x9a\xbe\x12\xdf\x17\xaeN\x1e'
11E8E149-EB19-4352-9ABE-12DF17AE4E1E,2021-ncaa-d3-natl,ncaa,148,238,81,200,100,146,141,119,229,124,91,231,189,163,245,241,114,124,84,120,200,117,114,249,236,237,228,246,57,114,178,105,184,111,173,139,108,191,201,198,135,205,110,159,,,164,105,,,216,111,212,110,249,248,234,193,117,263,248,163,187,184,243,230,190,168,188,209,160,209,149,,92,,,189,170,178,192,83,200,202,125,123,168,33,113,152,152,144,151,67,186,182,65,65,98,44,55,106,200,184,188,178,189,173,129,28,137,199,109,220,234,257,260,,,138,215,,,216,177,234,114,190,92,122,173,158,181,48,113,83,85,81,149,104,181,120,143,44,212,208,268,,243,,,b'\x11\xe8\xe1I\xeb\x19CR\x9a\xbe\x12\xdf\x17\xaeN\x1e'
11E8E149-EB19-4352-9ABE-12DF17AE4E1E,2022-ncaa-d3-conf-MAC Commonwealth,ncaa,6,6,3,6,5,8,7,6,6,6,9,4,7,2,8,2,9,9,3,9,9,9,9,8,7,7,6,6,9,9,9,9,6,9,9,4,2,1,3,4,8,7,4,4,,,5,6,,,7,9,9,4,8,8,6,6,9,7,2,9,9,9,9,9,9,9,9,4,1,8,4,,5,,,7,4,4,1,4,3,4,2,4,1,9,1,5,6,5,6,5,2,2,5,5,4,6,6,7,5,6,7,9,6,9,3,4,8,7,4,1,2,1,2,,,9,9,,,7,2,7,5,7,3,3,3,3,4,4,1,5,6,6,3,2,5,7,6,3,8,1,1,,9,,,b'\x11\xe8\xe1I\xeb\x19CR\x9a\xbe\x12\xdf\x17\xaeN\x1e'
11E8E149-EB19-4352-9ABE-12DF17AE4E1E,2022-ncaa-d3-natl,ncaa,256,290,188,275,207,341,285,285,282,238,267,168,352,222,417,174,396,403,203,403,410,322,332,316,338,312,392,321,396,350,371,288,286,323,348,233,113,96,203,186,293,292,65,65,,,124,165,,,293,328,416,164,391,344,365,264,313,367,247,413,421,420,402,422,383,339,379,258,89,320,57,,98,,,283,100,122,138,157,193,252,119,45,44,154,31,173,221,86,216,184,136,129,123,115,153,87,48,259,239,286,237,371,242,348,85,100,282,267,179,94,179,104,142,,,375,367,,,293,114,332,177,279,84,107,100,183,256,32,25,166,222,218,100,56,229,240,235,85,316,102,85,,415,,,b'\x11\xe8\xe1I\xeb\x19CR\x9a\xbe\x12\xdf\x17\xaeN\x1e'
11E8E149-EB19-4352-9ABE-12DF17AE4E1E,2023-ncaa-d3-conf-MAC Commonwealth,ncaa,4,4,4,4,4,5,4,5,2,5,7,2,3,4,4,3,9,9,5,9,8,7,8,2,3,3,7,3,9,8,8,5,3,7,8,6,7,2,4,5,6,6,6,6,,,5,5,,,4,7,8,3,6,3,5,5,8,3,4,9,9,9,8,8,8,7,8,5,1,7,6,,5,,,4,2,4,5,6,6,6,5,2,1,7,1,4,6,3,5,4,5,4,4,4,4,3,1,6,3,3,7,8,6,8,2,2,5,5,2,1,2,4,4,,,9,7,,,4,3,5,4,4,3,3,2,5,6,2,1,5,6,6,2,2,3,5,4,2,6,1,5,,9,,,b'\x11\xe8\xe1I\xeb\x19CR\x9a\xbe\x12\xdf\x17\xaeN\x1e'
11E8E149-EB19-4352-9ABE-12DF17AE4E1E,2023-ncaa-d3-natl,ncaa,210,198,271,207,290,302,256,311,174,245,269,216,225,285,106,224,405,413,181,413,424,351,383,174,221,196,311,171,426,354,333,299,210,344,297,305,343,46,134,208,360,322,269,283,,,98,207,,,224,383,399,152,308,237,289,223,236,205,274,419,423,423,359,408,353,266,338,306,67,365,261,,127,,,224,72,121,75,254,250,214,240,21,21,54,24,106,140,54,140,135,68,54,179,150,194,19,17,172,164,210,161,333,155,297,37,23,349,277,161,34,102,238,279,,,393,358,,,224,50,218,219,221,105,176,111,296,275,14,18,121,177,174,102,66,185,238,217,53,343,55,277,,412,,,b'\x11\xe8\xe1I\xeb\x19CR\x9a\xbe\x12\xdf\x17\xaeN\x1e'
11E8E149-EB19-4352-9ABE-12DF17AE4E1E,2024-ncaa-d3-conf-MAC Freedom,ncaa,3,3,3,3,4,5,5,4,4,4,5,4,3,3,3,4,6,7,5,6,8,6,6,4,4,3,4,3,8,7,8,1,2,3,3,5,7,2,2,2,7,8,3,3,,,2,2,,,2,6,8,4,6,4,5,5,5,3,3,7,8,8,5,8,7,1,2,5,2,8,3,,2,,,2,2,2,6,2,4,7,2,1,2,1,1,3,3,3,3,2,6,2,2,2,2,2,1,4,3,2,6,8,4,3,2,1,8,8,5,1,2,2,2,,,6,6,,,2,3,4,2,2,2,2,3,3,7,2,2,2,4,4,3,1,3,5,4,2,8,1,1,,7,,,b'\x11\xe8\xe1I\xeb\x19CR\x9a\xbe\x12\xdf\x17\xaeN\x1e'
11E8E149-EB19-4352-9ABE-12DF17AE4E1E,2024-ncaa-d3-natl,ncaa,162,162,200,166,248,285,227,283,165,201,231,159,260,276,210,235,409,415,238,412,421,323,371,173,214,172,367,229,422,356,365,194,154,289,263,278,355,18,59,122,408,406,146,178,,,51,101,,,210,372,417,208,311,232,305,189,227,271,284,417,423,420,378,422,377,168,303,294,15,418,140,,28,,,210,71,136,145,158,263,288,168,14,32,24,25,51,65,84,68,43,116,58,105,76,197,14,24,95,155,154,211,365,181,263,37,14,398,392,278,18,57,57,64,,,372,317,,,210,55,210,205,207,74,150,153,263,317,10,23,46,54,58,112,24,163,228,196,39,413,20,57,,403,,,b'\x11\xe8\xe1I\xeb\x19CR\x9a\xbe\x12\xdf\x17\xaeN\x1e'
11E8E149-EB19-4352-9ABE-12DF17AE4E1E,2025-ncaa-d3-conf-MAC Freedom,genius_ncaa,2,1,3,2,3,3,3,4,1,1,4,3,5,5,5,5,7,7,5,7,8,5,7,2,2,2,8,6,7,7,7,1,1,2,1,3,4,2,4,2,6,5,1,1,,,2,3,,3,1,7,7,3,3,2,7,1,4,5,6,7,7,7,7,7,6,1,1,3,3,7,1,,3,,3,1,1,1,2,1,1,8,1,1,1,1,1,5,4,7,4,4,2,2,1,1,1,1,1,7,1,1,3,7,2,1,1,1,5,5,1,2,3,1,2,,,7,6,,5,1,3,3,1,1,1,1,1,1,6,1,1,4,4,4,2,1,1,3,2,1,6,2,2,,7,,5,b'\x11\xe8\xe1I\xeb\x19CR\x9a\xbe\x12\xdf\x17\xaeN\x1e'
11E8E149-EB19-4352-9ABE-12DF17AE4E1E,2025-ncaa-d3-natl,genius_ncaa,68,44,192,53,248,221,140,243,40,76,120,73,327,368,148,365,391,395,238,397,419,294,356,80,118,81,410,353,418,288,253,101,33,173,68,131,181,11,44,20,327,271,32,28,,,39,73,,107,58,361,407,258,206,87,222,30,83,337,377,398,410,412,316,409,296,47,140,98,11,334,20,,22,,109,51,14,19,84,9,50,225,12,11,18,9,36,62,48,302,54,53,61,42,5,5,21,52,33,237,44,33,113,253,60,68,4,8,337,286,50,10,41,52,33,,,390,388,,227,58,66,88,21,36,10,20,90,65,231,8,15,59,44,46,63,22,68,109,74,4,358,17,49,,414,,236,b'\x11\xe8\xe1I\xeb\x19CR\x9a\xbe\x12\xdf\x17\xaeN\x1e'
11E8E149-EB19-4352-9ABE-12DF17AE4E1E,2026-ncaa-d3-natl,genius_ncaa,98,68,215,92,249,258,235,297,117,150,214,83,385,359,375,366,198,189,244,191,176,296,312,186,184,145,394,401,137,257,129,194,3,218,21,349,404,66,87,249,339,281,128,91,,,62,115,,37,140,322,366,113,231,190,302,71,125,389,372,128,123,122,273,357,210,68,125,363,58,346,100,,39,,38,132,86,106,105,152,95,133,72,187,87,377,147,46,77,52,76,75,96,75,178,140,206,225,337,68,28,3,97,129,60,21,50,33,360,318,185,74,91,107,92,,,236,75,,47,140,99,133,122,113,62,105,105,87,168,233,79,22,48,53,71,18,7,78,25,34,376,66,113,,164,,31,b'\x11\xe8\xe1I\xeb\x19CR\x9a\xbe\x12\xdf\x17\xaeN\x1e'
11E8E149-EB1D-CBD4-9ABE-12DF17AE4E1E,2018-ncaa-d3-conf-CUNYAC,ncaa,3,3,1,3,1,2,1,1,1,1,1,2,5,6,5,8,1,1,3,1,5,1,1,5,5,3,8,8,3,5,6,7,5,6,7,2,4,1,1,2,1,1,6,6,,,7,7,,,4,1,2,2,2,1,1,1,1,5,7,1,1,1,1,1,5,7,7,2,1,1,6,,7,,,4,6,5,4,6,6,6,7,4,4,6,2,8,8,4,8,8,5,9,6,6,4,4,2,6,4,5,9,6,9,7,4,1,1,2,4,1,1,3,2,,,1,3,,,4,9,4,4,4,5,5,4,5,4,4,4,8,8,8,4,8,4,8,5,4,1,1,2,,1,,,b'\x11\xe8\xe1I\xeb\x1d\xcb\xd4\x9a\xbe\x12\xdf\x17\xaeN\x1e'
11E8E149-EB1D-CBD4-9ABE-12DF17AE4E1E,2018-ncaa-d3-natl,ncaa,138,172,68,161,74,47,28,14,151,9,7,147,311,285,347,392,81,39,338,36,303,16,14,214,235,215,414,403,273,89,304,174,369,128,379,47,191,364,135,134,4,7,290,340,,,367,111,,,136,7,6,80,38,17,13,6,6,352,333,109,54,50,10,13,118,290,200,42,293,4,321,,303,,,136,405,409,381,333,410,390,345,226,250,194,127,306,371,25,372,260,397,439,305,281,69,90,107,180,412,369,442,304,441,379,347,135,4,10,24,275,98,101,11,,,59,326,,,136,437,229,87,158,310,333,291,361,322,184,171,238,332,333,319,430,368,420,409,263,4,219,69,,88,,,b'\x11\xe8\xe1I\xeb\x1d\xcb\xd4\x9a\xbe\x12\xdf\x17\xaeN\x1e'
11E8E149-EB1D-CBD4-9ABE-12DF17AE4E1E,2019-ncaa-d3-conf-CUNYAC,ncaa,8,8,7,8,8,9,9,9,9,9,9,9,9,8,9,6,9,8,9,8,4,9,9,9,9,9,8,7,3,8,8,9,7,8,8,9,5,8,8,9,9,9,9,9,,,1,1,,,9,9,7,4,9,9,9,9,8,9,7,9,8,8,9,7,7,7,8,9,8,9,9,,1,,,9,9,9,4,9,7,2,9,9,8,8,9,1,1,9,1,2,3,1,9,9,9,5,9,1,5,7,7,8,6,8,5,1,9,7,7,8,9,1,4,,,7,4,,,9,1,9,9,9,9,9,6,8,5,9,9,3,2,2,6,5,6,9,7,6,9,8,3,,6,,,b'\x11\xe8\xe1I\xeb\x1d\xcb\xd4\x9a\xbe\x12\xdf\x17\xaeN\x1e'
11E8E149-EB1D-CBD4-9ABE-12DF17AE4E1E,2019-ncaa-d3-natl,ncaa,424,434,317,434,360,435,433,386,441,428,342,439,434,346,442,278,424,357,442,351,277,390,308,441,441,440,329,372,92,314,408,325,409,331,423,430,301,433,434,438,381,407,441,443,,,70,46,,,440,283,107,422,439,440,394,437,309,436,347,428,348,340,404,169,273,278,303,437,434,383,443,,89,,,437,335,374,288,372,366,267,377,316,280,309,263,110,143,75,144,131,257,244,368,336,339,113,250,65,402,409,425,408,422,423,343,206,221,244,315,435,435,42,91,,,324,303,,,440,181,440,379,438,389,405,393,389,358,353,333,149,186,191,382,381,408,435,430,366,168,433,55,,270,,,b'\x11\xe8\xe1I\xeb\x1d\xcb\xd4\x9a\xbe\x12\xdf\x17\xaeN\x1e'
11E8E149-EB1D-CBD4-9ABE-12DF17AE4E1E,2020-ncaa-d3-conf-CUNYAC,ncaa,8,8,7,8,7,8,8,8,8,7,4,8,8,8,8,8,2,2,6,2,2,7,7,8,8,8,5,8,1,6,6,8,6,8,7,7,7,6,7,8,6,6,8,8,,,1,4,,,6,8,3,2,8,8,8,7,3,8,8,2,2,2,7,4,6,8,6,7,7,5,8,,3,,,6,6,6,4,8,6,2,8,7,7,6,7,2,2,7,2,3,4,3,8,8,7,5,7,2,5,6,5,6,5,7,6,3,5,5,6,7,7,4,4,,,2,1,,,6,1,8,6,6,6,6,6,6,6,8,8,5,2,2,6,5,6,7,6,6,5,7,4,,2,,,b'\x11\xe8\xe1I\xeb\x1d\xcb\xd4\x9a\xbe\x12\xdf\x17\xaeN\x1e'
11E8E149-EB1D-CBD4-9ABE-12DF17AE4E1E,2020-ncaa-d3-natl,ncaa,418,419,372,423,387,423,419,380,433,393,177,434,432,432,435,433,328,195,419,189,238,374,257,435,434,434,383,437,6,174,236,357,401,304,368,426,389,432,429,433,268,289,435,438,,,36,22,,,431,287,42,265,429,429,319,393,55,436,433,268,102,96,283,45,94,276,178,429,434,197,438,,54,,,429,367,409,278,412,394,223,416,359,325,341,325,41,43,118,43,50,224,221,411,392,371,86,299,18,366,401,334,236,361,368,394,294,197,214,339,425,416,34,29,,,265,254,,,431,163,433,392,427,414,424,411,417,376,395,391,82,85,88,400,415,399,409,420,411,106,427,50,,136,,,b'\x11\xe8\xe1I\xeb\x1d\xcb\xd4\x9a\xbe\x12\xdf\x17\xaeN\x1e'
11E8E149-EB1D-CBD4-9ABE-12DF17AE4E1E,2022-ncaa-d3-conf-CUNYAC,ncaa,6,6,5,6,7,6,6,6,6,5,4,6,6,5,7,5,3,4,4,4,6,6,6,6,6,6,5,6,2,6,5,5,7,6,6,6,7,5,5,6,4,4,6,6,,,3,3,,,6,6,4,6,6,6,5,5,3,6,5,3,4,4,5,4,6,5,6,6,5,4,5,,3,,,6,5,5,4,6,4,2,6,6,6,7,6,3,3,6,3,4,4,2,6,6,6,5,6,2,4,7,5,5,5,6,5,4,4,5,5,4,4,5,4,,,6,5,,,6,2,6,6,6,6,6,5,5,4,7,6,5,4,4,5,5,6,6,6,6,4,4,5,,6,,,b'\x11\xe8\xe1I\xeb\x1d\xcb\xd4\x9a\xbe\x12\xdf\x17\xaeN\x1e'
11E8E149-EB1D-CBD4-9ABE-12DF17AE4E1E,2022-ncaa-d3-natl,ncaa,381,318,391,386,404,403,400,393,393,374,328,387,412,393,424,347,389,371,382,373,314,394,391,410,406,401,388,397,143,319,275,389,381,380,362,397,314,165,363,385,186,61,390,367,,,45,119,,,350,396,154,413,398,389,250,297,117,410,358,338,264,261,262,140,159,315,247,379,366,55,375,,169,,,362,29,37,33,218,39,36,207,110,89,262,284,40,40,188,41,170,30,40,220,208,148,245,301,139,209,381,100,275,130,362,170,389,242,70,213,209,354,73,149,,,401,370,,,350,34,398,210,366,220,230,248,207,195,292,284,153,160,165,225,318,369,379,381,344,57,356,190,,348,,,b'\x11\xe8\xe1I\xeb\x1d\xcb\xd4\x9a\xbe\x12\xdf\x17\xaeN\x1e'
11E8E149-EB1D-CBD4-9ABE-12DF17AE4E1E,2023-ncaa-d3-conf-CUNYAC,ncaa,6,6,5,6,6,5,5,6,5,4,3,5,7,6,6,6,1,1,5,1,1,6,5,5,5,5,6,8,2,6,6,6,6,6,6,5,5,3,5,5,4,4,7,6,,,4,3,,,6,5,4,4,5,4,5,3,3,7,6,1,1,1,5,4,6,8,6,5,5,3,7,,3,,,6,6,6,4,6,6,3,7,7,5,6,7,4,2,8,2,3,3,3,7,7,6,4,6,2,5,6,4,6,4,6,5,5,3,3,4,5,6,2,3,,,4,2,,,6,4,6,6,6,6,6,5,6,4,7,6,5,3,3,5,5,6,5,5,6,3,6,3,,3,,,b'\x11\xe8\xe1I\xeb\x1d\xcb\xd4\x9a\xbe\x12\xdf\x17\xaeN\x1e'
11E8E149-EB1D-CBD4-9ABE-12DF17AE4E1E,2023-ncaa-d3-natl,ncaa,270,325,109,298,159,212,176,108,259,80,46,226,391,341,416,388,196,72,399,66,215,104,53,333,344,346,411,413,167,122,241,210,370,168,343,134,129,400,329,277,18,19,277,336,,,216,81,,,268,44,35,280,260,200,118,70,41,408,370,216,81,66,94,46,128,269,202,147,367,15,301,,183,,,266,293,343,337,252,380,385,247,121,150,126,80,161,195,104,196,97,329,393,209,171,70,43,80,104,399,370,394,241,405,343,379,362,21,27,128,408,357,45,14,,,205,356,,,268,379,341,105,266,245,298,292,338,361,102,112,125,160,164,274,382,365,367,374,345,16,380,27,,249,,,b'\x11\xe8\xe1I\xeb\x1d\xcb\xd4\x9a\xbe\x12\xdf\x17\xaeN\x1e'
11E8E149-EB1D-CBD4-9ABE-12DF17AE4E1E,2024-ncaa-d3-conf-CUNYAC,ncaa,5,5,5,5,5,6,6,6,4,6,6,4,4,5,5,5,5,3,6,3,2,6,6,5,5,5,5,5,3,6,7,5,4,6,6,5,6,7,5,5,4,4,6,7,,,5,6,,,5,5,3,1,5,5,6,6,7,5,5,4,3,2,6,6,7,4,6,5,5,3,6,,7,,,5,6,6,4,7,6,4,7,3,5,2,4,4,6,5,5,4,5,6,6,6,5,4,2,5,4,4,7,7,5,6,4,2,3,4,4,6,5,5,6,,,5,5,,,5,4,5,5,5,5,5,5,6,5,3,4,5,7,6,5,5,4,6,5,5,3,5,5,,5,,,b'\x11\xe8\xe1I\xeb\x1d\xcb\xd4\x9a\xbe\x12\xdf\x17\xaeN\x1e'
11E8E149-EB1D-CBD4-9ABE-12DF17AE4E1E,2024-ncaa-d3-natl,ncaa,318,361,112,344,170,282,262,223,299,208,137,303,339,317,343,331,292,229,390,227,290,224,102,330,350,375,348,332,227,332,400,171,357,255,392,236,169,418,397,369,38,67,258,321,,,189,55,,,368,58,28,244,342,309,284,222,155,355,347,334,259,254,293,103,373,208,324,267,399,33,278,,165,,,360,362,390,377,333,395,377,330,225,246,195,152,140,172,62,178,87,365,393,303,254,161,49,125,67,393,357,400,400,410,392,393,333,38,72,212,415,402,276,232,,,257,366,,,368,375,383,207,355,333,365,356,377,371,210,218,106,153,165,350,391,377,387,389,366,32,402,256,,319,,,b'\x11\xe8\xe1I\xeb\x1d\xcb\xd4\x9a\xbe\x12\xdf\x17\xaeN\x1e'
11E8E149-EB1D-CBD4-9ABE-12DF17AE4E1E,2025-ncaa-d3-conf-CUNYAC,genius_ncaa,5,5,4,5,5,5,5,3,5,5,4,5,6,5,6,5,3,4,4,4,5,4,4,5,5,5,7,5,4,4,4,6,3,6,4,5,7,3,4,5,4,3,8,7,,,8,8,,6,5,5,3,3,5,4,3,4,2,5,5,3,4,4,3,3,3,6,5,5,4,3,8,,7,,6,5,6,5,1,6,4,1,7,5,5,4,6,8,8,7,8,8,1,2,6,7,6,6,3,8,1,3,6,4,4,4,5,3,3,3,4,4,5,7,5,,,4,4,,4,5,3,5,5,5,5,5,2,4,2,4,5,8,7,7,2,4,3,6,4,5,3,5,7,,4,,4,b'\x11\xe8\xe1I\xeb\x1d\xcb\xd4\x9a\xbe\x12\xdf\x17\xaeN\x1e'
11E8E149-EB1D-CBD4-9ABE-12DF17AE4E1E,2025-ncaa-d3-natl,genius_ncaa,234,269,116,249,166,253,203,45,379,119,11,384,372,331,396,383,263,162,393,163,378,48,28,389,399,383,400,393,246,18,102,117,293,42,253,207,204,384,281,315,53,72,351,371,,,371,283,,220,306,46,36,258,311,243,21,121,7,385,358,301,171,175,30,12,14,131,28,235,353,49,368,,370,,212,297,297,285,277,229,353,314,296,43,163,12,80,359,398,22,397,347,331,377,169,158,78,63,20,328,357,293,409,102,405,253,379,397,29,49,154,369,272,334,138,,,166,359,,250,306,366,365,101,303,244,242,238,316,292,40,126,345,389,389,286,368,322,395,383,345,26,346,317,,201,,273,b'\x11\xe8\xe1I\xeb\x1d\xcb\xd4\x9a\xbe\x12\xdf\x17\xaeN\x1e'
11E8E149-EB1D-CBD4-9ABE-12DF17AE4E1E,2026-ncaa-d3-conf-CUNYAC,genius_ncaa,3,3,1,3,1,5,5,3,6,5,5,6,2,2,2,2,3,5,4,4,4,3,5,6,6,6,2,1,3,6,8,5,7,6,7,5,5,2,2,5,3,4,3,3,,,6,5,,3,5,3,3,1,5,5,3,5,5,2,2,3,5,4,3,5,6,5,6,5,2,3,3,,6,,3,5,5,5,4,5,5,4,5,7,5,8,5,3,5,1,3,5,4,6,6,6,5,6,7,5,5,7,8,8,8,7,5,6,1,2,4,3,4,8,8,,,2,3,,1,5,6,6,5,5,5,5,4,5,4,7,5,3,5,3,4,6,5,8,8,5,1,3,8,,2,,1,b'\x11\xe8\xe1I\xeb\x1d\xcb\xd4\x9a\xbe\x12\xdf\x17\xaeN\x1e'
11E8E149-EB1D-CBD4-9ABE-12DF17AE4E1E,2026-ncaa-d3-natl,genius_ncaa,98,132,116,138,139,101,75,83,171,48,55,164,221,183,294,307,135,130,213,135,304,84,83,206,218,219,348,325,252,201,357,166,350,173,373,181,359,300,203,270,13,18,88,150,,,349,220,,387,113,61,14,113,83,63,30,35,36,255,218,146,164,172,33,32,244,190,224,223,278,11,109,,359,,386,115,238,258,264,185,271,308,135,198,173,251,68,219,319,11,305,232,274,359,166,137,27,134,151,187,372,350,376,357,378,373,254,210,10,12,21,241,128,151,68,,,150,317,,201,113,349,243,46,144,209,228,246,252,308,147,103,187,315,300,264,400,363,395,394,231,6,201,120,,180,,217,b'\x11\xe8\xe1I\xeb\x1d\xcb\xd4\x9a\xbe\x12\xdf\x17\xaeN\x1e'
11E8E149-EB22-46AA-9ABE-12DF17AE4E1E,2018-ncaa-d3-conf-NECC,ncaa,7,7,4,7,4,6,5,6,5,5,6,5,4,4,4,4,8,8,9,8,8,7,6,5,6,6,6,5,9,7,7,6,7,7,7,6,7,6,7,6,7,7,8,8,,,6,8,,,7,4,6,2,6,5,5,5,6,3,5,8,8,8,7,7,8,7,7,6,7,7,8,,8,,,7,7,8,6,7,8,7,7,6,4,6,3,8,8,2,8,7,8,6,8,8,8,4,3,5,6,7,2,7,3,7,4,1,7,8,7,8,7,3,4,,,7,8,,,7,6,7,8,7,8,7,7,7,6,6,4,8,8,8,8,7,6,2,6,3,8,7,4,,8,,,"b'\x11\xe8\xe1I\xeb""F\xaa\x9a\xbe\x12\xdf\x17\xaeN\x1e'"
11E8E149-EB22-46AA-9ABE-12DF17AE4E1E,2018-ncaa-d3-natl,ncaa,383,411,197,396,221,373,339,288,370,294,189,371,367,344,365,332,405,385,405,384,404,319,197,384,397,411,374,311,372,224,224,201,349,216,275,380,386,424,423,417,374,420,406,429,,,284,233,,,397,180,118,116,408,377,297,318,175,378,352,418,402,404,346,143,225,156,189,401,420,398,416,,317,,,393,308,355,365,237,401,412,210,71,91,118,31,232,335,9,335,154,377,319,181,132,229,27,36,175,389,349,197,224,294,275,86,7,293,379,198,418,409,130,121,,,286,341,,,397,282,411,269,389,315,349,387,398,422,75,89,229,366,364,397,362,375,214,313,110,301,415,132,,315,,,"b'\x11\xe8\xe1I\xeb""F\xaa\x9a\xbe\x12\xdf\x17\xaeN\x1e'"
11E8E149-EB22-46AA-9ABE-12DF17AE4E1E,2019-ncaa-d3-conf-NECC,ncaa,9,9,9,9,10,8,8,9,8,8,9,7,6,6,8,2,8,6,10,6,1,9,9,7,8,8,3,2,6,9,8,7,8,8,7,9,8,9,9,9,9,9,5,6,,,2,2,,,9,8,5,9,8,8,8,8,8,5,3,8,1,3,7,6,8,5,6,8,9,9,3,,5,,,9,9,9,9,9,9,10,9,7,7,6,6,5,5,6,5,2,7,3,9,8,9,3,6,3,9,8,3,8,5,7,6,1,9,9,9,9,9,2,5,,,7,5,,,9,3,8,9,9,9,9,9,9,10,9,8,5,6,5,9,10,9,7,8,9,9,9,4,,7,,,"b'\x11\xe8\xe1I\xeb""F\xaa\x9a\xbe\x12\xdf\x17\xaeN\x1e'"
11E8E149-EB22-46AA-9ABE-12DF17AE4E1E,2019-ncaa-d3-natl,ncaa,413,412,365,415,384,395,391,388,360,373,385,313,354,284,409,185,357,206,438,213,63,375,302,369,387,418,242,245,198,285,239,339,405,335,349,401,380,419,427,429,346,375,224,298,,,73,51,,,423,292,42,409,389,380,347,354,330,330,207,331,102,104,300,73,197,232,223,403,433,312,178,,139,,,420,342,402,323,385,424,389,378,104,102,213,52,125,134,143,127,59,303,221,345,317,368,13,43,74,387,405,146,239,255,349,279,82,338,366,353,434,432,53,121,,,303,285,,,423,161,416,397,420,419,427,427,430,432,176,178,200,220,209,424,418,415,292,374,349,257,436,82,,180,,,"b'\x11\xe8\xe1I\xeb""F\xaa\x9a\xbe\x12\xdf\x17\xaeN\x1e'"
11E8E149-EB22-46AA-9ABE-12DF17AE4E1E,2020-ncaa-d3-conf-NECC,ncaa,7,7,7,7,8,8,8,8,7,7,8,7,8,8,8,7,6,4,8,4,1,8,7,7,7,8,4,8,1,7,7,7,7,7,7,8,8,8,8,8,8,8,8,8,,,1,1,,,8,8,7,6,8,8,8,7,8,8,8,4,1,1,8,6,7,7,7,8,8,8,8,,1,,,8,8,8,8,8,8,8,8,2,5,3,3,1,1,8,1,1,7,2,8,8,8,1,1,1,7,7,3,7,6,7,7,3,8,8,8,8,8,4,6,,,7,2,,,8,2,7,8,8,8,8,8,8,8,5,6,1,1,1,7,7,7,7,7,7,8,8,5,,5,,,"b'\x11\xe8\xe1I\xeb""F\xaa\x9a\xbe\x12\xdf\x17\xaeN\x1e'"
11E8E149-EB22-46AA-9ABE-12DF17AE4E1E,2020-ncaa-d3-natl,ncaa,418,329,429,419,430,435,435,433,435,435,427,430,435,429,438,331,426,410,430,409,145,433,432,436,435,435,360,424,13,427,377,432,434,432,428,435,436,126,420,436,432,430,425,428,,,5,3,,,429,430,175,249,434,435,418,421,325,435,383,376,213,208,409,299,363,434,429,437,414,426,422,,5,,,437,67,321,49,432,414,187,436,8,14,57,41,4,4,155,4,1,20,11,424,394,429,1,7,1,201,434,10,377,27,428,217,123,433,431,433,289,430,27,184,,,429,303,,,429,9,435,432,437,428,438,436,438,436,108,185,2,1,1,427,386,424,317,386,421,415,426,141,,342,,,"b'\x11\xe8\xe1I\xeb""F\xaa\x9a\xbe\x12\xdf\x17\xaeN\x1e'"
11E8E149-EB22-46AA-9ABE-12DF17AE4E1E,2022-ncaa-d3-conf-NECC,ncaa,4,4,2,4,2,4,4,4,4,4,4,4,4,4,3,2,3,3,2,3,2,4,4,4,4,4,1,2,1,4,4,3,4,4,4,4,3,3,4,4,4,4,4,4,,,1,1,,,4,4,4,1,4,4,4,4,4,4,4,3,3,3,4,4,4,3,4,4,4,4,4,,1,,,4,3,4,4,3,4,4,4,3,3,1,2,1,1,1,1,1,3,3,3,2,4,1,1,1,4,4,3,4,4,4,4,1,4,4,4,4,4,4,4,,,3,2,,,4,2,4,4,4,4,4,4,4,4,3,4,1,1,1,4,4,4,4,4,4,4,4,4,,3,,,"b'\x11\xe8\xe1I\xeb""F\xaa\x9a\xbe\x12\xdf\x17\xaeN\x1e'"
11E8E149-EB22-46AA-9ABE-12DF17AE4E1E,2022-ncaa-d3-natl,ncaa,406,365,391,411,397,405,409,412,379,404,395,398,393,402,291,322,371,344,388,343,125,411,396,386,380,405,203,280,49,409,390,400,422,409,412,411,375,361,422,420,385,384,390,408,,,20,12,,,407,387,60,261,405,408,417,393,324,360,378,282,167,170,412,215,397,366,399,412,421,323,375,,44,,,412,195,334,163,396,377,248,388,108,88,254,114,18,19,44,18,6,111,86,377,330,361,5,112,8,359,422,55,390,139,412,268,148,374,359,382,386,417,151,327,,,359,124,,,407,49,414,395,411,408,422,422,425,423,285,277,21,28,30,413,409,420,274,388,394,241,418,294,,126,,,"b'\x11\xe8\xe1I\xeb""F\xaa\x9a\xbe\x12\xdf\x17\xaeN\x1e'"
11E8E149-EB22-46AA-9ABE-12DF17AE4E1E,2023-ncaa-d3-conf-NECC,ncaa,4,4,3,4,3,4,4,4,3,4,3,4,4,4,1,4,3,2,3,2,1,4,4,4,3,4,4,4,1,4,3,3,3,4,3,4,4,4,4,4,4,4,1,1,,,1,1,,,4,3,2,3,4,4,4,4,1,4,4,2,1,1,4,4,4,2,3,4,4,4,1,,1,,,4,3,4,4,4,4,4,4,3,3,2,3,1,1,2,1,1,3,2,3,2,4,1,2,1,3,3,1,3,3,3,4,4,4,4,4,4,4,2,2,,,3,1,,,4,2,4,4,4,4,4,4,4,4,4,4,1,1,1,4,4,4,2,3,4,4,4,2,,1,,,"b'\x11\xe8\xe1I\xeb""F\xaa\x9a\xbe\x12\xdf\x17\xaeN\x1e'"
11E8E149-EB22-46AA-9ABE-12DF17AE4E1E,2023-ncaa-d3-natl,ncaa,381,372,377,385,396,372,358,379,303,250,161,350,420,420,357,424,281,241,354,238,266,372,321,360,354,378,412,421,82,295,206,397,405,378,349,354,288,388,401,388,405,413,242,285,,,82,82,,,400,315,38,426,338,311,292,149,31,419,423,194,103,104,259,78,205,379,325,319,412,401,206,,197,,,403,341,391,276,403,400,330,383,221,146,349,129,87,68,307,61,32,214,157,385,377,400,36,150,42,336,405,49,206,142,349,382,307,355,362,396,391,393,134,106,,,188,59,,,400,112,379,406,402,414,416,412,417,415,325,273,179,149,129,405,395,388,172,324,401,258,405,209,,24,,,"b'\x11\xe8\xe1I\xeb""F\xaa\x9a\xbe\x12\xdf\x17\xaeN\x1e'"
11E8E149-EB22-46AA-9ABE-12DF17AE4E1E,2024-ncaa-d3-conf-North Atlantic,ncaa,13,13,8,13,9,13,13,11,13,11,8,13,12,12,12,12,12,11,14,11,12,11,9,13,13,12,13,13,7,13,13,13,14,13,14,13,12,11,12,13,13,14,12,14,,,5,3,,,14,8,6,13,13,13,14,12,10,12,13,13,11,11,14,13,14,14,14,13,11,14,13,,4,,,14,14,14,13,14,14,12,14,13,12,13,13,7,6,5,6,5,12,9,14,14,14,4,12,1,14,14,12,13,14,14,14,9,13,14,14,13,12,5,5,,,10,11,,,14,7,12,14,14,14,14,13,13,13,13,13,7,7,6,13,12,14,11,13,14,14,12,5,,12,,,"b'\x11\xe8\xe1I\xeb""F\xaa\x9a\xbe\x12\xdf\x17\xaeN\x1e'"
11E8E149-EB22-46AA-9ABE-12DF17AE4E1E,2024-ncaa-d3-natl,ncaa,419,417,345,419,374,398,393,368,404,359,281,400,392,378,396,349,342,267,407,263,202,363,337,408,407,403,311,345,86,377,401,376,419,382,418,400,348,336,374,396,414,423,343,369,,,44,21,,,421,310,84,416,403,397,335,358,183,385,368,318,188,185,323,187,369,349,387,401,373,421,322,,82,,,420,408,417,385,405,399,318,403,418,405,404,352,75,119,27,112,76,365,263,410,394,417,161,376,16,415,419,312,401,396,418,415,339,383,413,420,352,375,31,45,,,323,261,,,421,134,406,424,419,422,417,422,412,394,423,421,123,192,186,421,403,420,392,416,420,381,376,37,,251,,,"b'\x11\xe8\xe1I\xeb""F\xaa\x9a\xbe\x12\xdf\x17\xaeN\x1e'"
11E8E149-EB22-46AA-9ABE-12DF17AE4E1E,2025-ncaa-d3-conf-North Atlantic,genius_ncaa,7,7,7,7,7,8,7,8,7,7,7,8,7,8,6,8,7,6,8,6,8,8,7,8,8,8,6,5,7,6,5,7,7,6,7,7,3,7,8,8,8,7,6,5,,,7,10,,1,8,9,6,5,8,7,7,6,6,7,8,7,7,7,7,5,5,6,6,7,8,8,5,,10,,1,8,8,7,4,7,8,3,8,7,6,7,7,6,7,4,7,9,4,2,7,7,7,4,6,6,8,7,3,5,7,7,7,5,8,8,7,6,7,5,6,,,8,7,,8,8,2,8,7,8,7,7,7,7,6,7,7,9,10,10,7,6,7,8,8,7,8,7,6,,7,,8,"b'\x11\xe8\xe1I\xeb""F\xaa\x9a\xbe\x12\xdf\x17\xaeN\x1e'"
11E8E149-EB22-46AA-9ABE-12DF17AE4E1E,2025-ncaa-d3-natl,genius_ncaa,326,269,386,320,389,395,388,384,380,382,364,381,355,347,348,228,395,371,404,369,245,390,386,377,387,388,214,201,253,329,277,373,325,364,312,315,15,252,374,321,279,193,297,250,,,152,313,,12,341,391,133,239,383,377,270,354,228,312,253,367,284,277,289,141,201,171,177,208,373,155,222,,354,,15,350,34,45,31,210,63,49,223,85,77,181,208,87,167,5,166,302,30,31,213,160,174,194,207,189,209,325,76,277,116,312,143,318,317,201,246,201,329,72,200,,,385,329,,401,341,27,383,228,352,256,261,275,255,242,238,268,228,341,341,298,308,347,337,341,301,142,332,184,,302,,400,"b'\x11\xe8\xe1I\xeb""F\xaa\x9a\xbe\x12\xdf\x17\xaeN\x1e'"
11E8E149-EB22-46AA-9ABE-12DF17AE4E1E,2026-ncaa-d3-conf-North Atlantic,genius_ncaa,8,10,1,8,1,2,2,1,9,1,1,9,4,2,9,8,2,1,10,1,4,1,1,9,9,9,8,7,6,2,7,2,7,2,10,3,7,10,8,8,1,5,6,9,,,10,5,,6,10,1,5,10,8,8,7,7,6,8,8,8,2,2,7,7,7,10,10,9,8,5,9,,5,,3,8,10,10,10,10,10,10,10,10,10,10,9,10,9,8,10,5,10,10,10,10,10,8,10,3,10,7,10,7,10,10,10,10,1,7,8,10,8,9,7,,,1,4,,5,10,10,8,8,8,8,8,6,8,5,10,8,6,4,6,6,7,7,9,9,9,6,8,7,,4,,8,"b'\x11\xe8\xe1I\xeb""F\xaa\x9a\xbe\x12\xdf\x17\xaeN\x1e'"
11E8E149-EB22-46AA-9ABE-12DF17AE4E1E,2026-ncaa-d3-natl,genius_ncaa,288,411,3,350,5,158,173,10,401,161,22,401,170,31,385,193,88,34,376,34,199,10,4,400,403,397,174,235,121,38,325,39,355,30,376,162,203,405,331,367,21,142,230,342,,,393,128,,234,407,4,111,103,399,398,233,387,233,337,204,323,225,226,237,149,223,347,310,368,333,113,350,,184,,131,385,412,412,410,346,403,399,321,415,411,379,341,334,383,47,384,211,411,414,373,337,300,293,371,52,407,355,415,325,414,376,415,412,15,134,341,403,314,408,337,,,20,252,,363,407,414,398,311,385,324,339,282,272,176,390,352,108,176,175,260,313,319,380,366,401,92,317,339,,220,,393,"b'\x11\xe8\xe1I\xeb""F\xaa\x9a\xbe\x12\xdf\x17\xaeN\x1e'"
11E8E149-EB26-D59E-9ABE-12DF17AE4E1E,2018-ncaa-d3-conf-NWC,ncaa,4,4,3,4,3,5,4,5,7,3,2,4,7,5,8,5,3,2,7,2,4,3,3,7,7,5,6,6,3,6,6,7,9,6,6,4,5,5,4,5,5,6,3,3,,,4,3,,,6,2,4,5,5,5,5,5,6,7,5,3,3,3,5,8,7,6,6,5,4,6,3,,3,,,6,8,8,9,3,7,7,4,6,7,3,4,3,3,5,3,3,9,8,3,3,3,4,4,3,9,9,6,6,7,6,5,5,6,6,4,4,5,9,8,,,4,5,,,6,8,6,5,6,5,8,8,7,7,5,6,3,3,3,8,8,8,6,7,5,6,4,7,,4,,,b'\x11\xe8\xe1I\xeb&\xd5\x9e\x9a\xbe\x12\xdf\x17\xaeN\x1e'
11E8E149-EB26-D59E-9ABE-12DF17AE4E1E,2018-ncaa-d3-natl,ncaa,218,138,390,184,390,308,300,382,135,271,350,116,297,334,201,257,256,272,199,268,145,378,403,147,141,135,257,273,164,388,278,393,291,401,279,311,285,50,174,195,296,215,220,192,,,87,209,,,272,401,231,16,173,165,235,144,219,230,247,136,131,128,210,258,315,304,331,224,157,205,153,,223,,,272,130,150,71,340,199,125,322,138,89,339,157,144,100,403,89,132,66,48,328,350,358,147,175,189,117,291,38,278,52,279,133,129,381,314,301,107,262,142,232,,,353,157,,,272,45,188,351,266,343,347,320,351,337,252,187,280,208,193,309,269,272,168,196,275,290,241,241,,185,,,b'\x11\xe8\xe1I\xeb&\xd5\x9e\x9a\xbe\x12\xdf\x17\xaeN\x1e'
11E8E149-EB26-D59E-9ABE-12DF17AE4E1E,2019-ncaa-d3-conf-NWC,ncaa,9,9,5,9,9,9,9,9,9,7,7,9,9,8,9,8,7,7,5,7,4,8,7,9,9,9,7,8,2,7,7,8,9,8,8,9,8,9,9,9,9,9,7,7,,,4,4,,,9,7,3,8,9,9,9,7,6,9,8,7,6,6,8,7,7,7,8,9,9,9,7,,5,,,9,8,8,7,6,8,6,8,8,9,5,9,7,6,9,5,6,7,4,7,6,9,5,6,4,8,9,4,7,8,8,7,5,8,9,9,9,9,5,5,,,7,6,,,9,3,9,9,9,9,8,8,8,7,9,9,7,7,7,9,7,9,6,9,8,8,9,6,,6,,,b'\x11\xe8\xe1I\xeb&\xd5\x9e\x9a\xbe\x12\xdf\x17\xaeN\x1e'
11E8E149-EB26-D59E-9ABE-12DF17AE4E1E,2019-ncaa-d3-natl,ncaa,424,382,422,427,429,419,421,433,317,405,417,288,423,423,397,334,342,363,209,363,125,432,427,339,316,369,299,373,40,429,394,427,365,433,383,424,400,163,411,415,433,430,350,310,,,102,382,,,412,424,200,423,388,394,417,330,314,401,372,193,185,188,410,330,419,402,431,414,390,427,296,,383,,,421,124,124,32,416,161,27,431,122,129,205,315,209,152,407,145,357,31,20,414,426,439,212,159,272,58,365,14,394,20,383,57,56,432,424,406,263,417,158,358,,,378,61,,,412,19,391,435,421,422,406,341,401,248,328,368,407,377,374,370,246,297,167,216,280,421,405,340,,119,,,b'\x11\xe8\xe1I\xeb&\xd5\x9e\x9a\xbe\x12\xdf\x17\xaeN\x1e'
11E8E149-EB26-D59E-9ABE-12DF17AE4E1E,2020-ncaa-d3-conf-NWC,ncaa,9,9,5,9,7,9,9,9,9,9,9,9,4,4,6,2,7,7,4,7,4,9,7,8,8,9,1,1,5,9,7,5,3,7,5,9,4,9,9,9,9,9,5,5,,,6,6,,,9,4,3,4,9,9,9,9,9,2,2,7,6,6,9,4,9,3,7,8,9,9,5,,7,,,9,7,7,5,7,6,6,7,6,4,7,6,5,7,1,7,6,6,2,7,7,9,4,5,3,1,3,2,7,2,5,6,6,9,9,9,9,9,5,7,,,6,5,,,9,4,9,7,9,7,7,7,6,7,6,5,7,8,8,7,6,3,3,3,7,9,9,5,,4,,,b'\x11\xe8\xe1I\xeb&\xd5\x9e\x9a\xbe\x12\xdf\x17\xaeN\x1e'
11E8E149-EB26-D59E-9ABE-12DF17AE4E1E,2020-ncaa-d3-natl,ncaa,413,368,412,414,414,402,408,424,266,404,426,265,289,329,175,107,376,405,118,400,138,425,420,237,229,312,78,100,167,425,353,420,105,422,216,410,366,179,400,397,433,432,359,297,,,105,395,,,374,416,311,123,362,370,412,387,409,188,205,284,341,333,411,377,414,354,407,398,357,437,308,,325,,,383,116,152,22,420,135,32,410,230,90,422,273,92,98,129,97,286,21,14,425,423,433,233,294,128,9,105,7,353,7,216,104,93,432,430,417,240,393,27,170,,,354,45,,,374,20,342,422,396,384,381,232,363,195,370,273,256,279,277,235,70,41,51,33,270,436,363,68,,122,,,b'\x11\xe8\xe1I\xeb&\xd5\x9e\x9a\xbe\x12\xdf\x17\xaeN\x1e'
11E8E149-EB26-D59E-9ABE-12DF17AE4E1E,2022-ncaa-d3-conf-NWC,ncaa,6,6,5,6,5,8,8,6,8,8,3,9,5,5,5,5,6,6,9,6,6,6,5,8,8,9,5,4,6,6,4,4,4,5,6,9,9,9,8,9,5,5,9,9,,,8,7,,,7,5,2,2,8,7,4,6,3,5,4,6,5,5,5,3,4,1,2,9,9,4,9,,8,,,7,4,5,5,4,3,4,4,7,7,6,7,5,6,3,6,6,4,6,3,4,4,5,7,4,4,4,5,4,5,6,7,6,3,4,6,8,8,3,2,,,4,4,,,7,5,9,5,7,6,6,8,4,4,7,8,6,6,6,8,8,4,7,8,7,3,8,3,,3,,,b'\x11\xe8\xe1I\xeb&\xd5\x9e\x9a\xbe\x12\xdf\x17\xaeN\x1e'
11E8E149-EB26-D59E-9ABE-12DF17AE4E1E,2022-ncaa-d3-natl,ncaa,232,182,345,226,360,319,310,350,214,307,336,220,232,271,143,194,297,273,314,277,133,346,354,201,215,221,171,168,188,327,212,345,184,349,192,368,402,123,271,336,302,250,384,363,,,218,383,,,259,356,208,142,222,237,265,253,265,171,196,206,146,148,242,233,253,264,267,350,254,252,379,,373,,,261,115,92,69,249,76,47,275,263,224,290,351,195,205,168,201,353,72,62,282,286,303,352,341,269,70,184,48,212,48,192,123,195,345,288,282,242,336,28,41,,,216,37,,,259,75,235,288,260,280,237,208,178,108,354,345,306,323,318,237,197,159,111,132,234,282,319,25,,48,,,b'\x11\xe8\xe1I\xeb&\xd5\x9e\x9a\xbe\x12\xdf\x17\xaeN\x1e'
11E8E149-EB26-D59E-9ABE-12DF17AE4E1E,2023-ncaa-d3-conf-NWC,ncaa,9,9,5,9,6,7,8,4,9,9,5,9,5,5,9,3,5,1,8,1,1,4,4,9,9,9,1,3,1,5,8,9,9,9,9,9,9,6,4,8,3,3,9,9,,,2,1,,,9,4,2,2,7,8,2,9,3,5,4,4,1,1,2,2,4,9,9,9,6,3,9,,3,,,9,9,9,8,9,7,4,9,9,9,9,8,3,2,9,2,3,7,8,9,9,9,5,7,1,9,9,9,8,9,9,9,8,3,3,8,6,6,4,5,,,3,3,,,9,5,9,9,9,9,9,9,8,4,9,9,5,2,2,9,9,9,9,9,9,3,6,5,,2,,,b'\x11\xe8\xe1I\xeb&\xd5\x9e\x9a\xbe\x12\xdf\x17\xaeN\x1e'
11E8E149-EB26-D59E-9ABE-12DF17AE4E1E,2023-ncaa-d3-natl,ncaa,411,398,377,415,380,380,387,366,394,400,386,392,202,160,317,73,334,317,345,315,103,365,387,378,376,349,38,53,141,341,327,414,397,404,404,400,386,72,210,357,267,183,394,368,,,44,107,,,386,392,259,53,356,380,227,401,354,144,74,279,219,209,227,249,267,424,412,400,193,178,385,,100,,,388,249,292,86,414,140,29,419,422,373,423,419,46,23,425,24,94,51,42,427,427,420,366,420,30,190,397,178,327,179,404,383,400,349,268,395,184,299,98,259,,,312,138,,,386,36,352,418,397,387,386,303,310,77,425,419,87,35,39,248,217,302,361,347,404,253,281,162,,165,,,b'\x11\xe8\xe1I\xeb&\xd5\x9e\x9a\xbe\x12\xdf\x17\xaeN\x1e'
11E8E149-EB26-D59E-9ABE-12DF17AE4E1E,2024-ncaa-d3-conf-NWC,ncaa,9,9,5,9,6,8,7,5,9,6,3,9,8,7,9,7,8,9,3,9,9,5,4,9,9,9,8,6,7,6,6,7,9,5,8,9,9,8,8,9,8,9,6,7,,,8,8,,,9,4,1,6,8,7,4,6,2,8,7,8,9,9,4,3,6,4,5,9,9,8,5,,9,,,9,9,9,8,6,9,8,8,3,4,4,4,9,9,4,9,7,9,6,6,6,9,2,1,7,8,9,6,6,9,8,8,6,8,8,9,9,8,6,5,,,9,9,,,9,6,9,9,9,9,9,9,9,8,3,6,9,9,9,9,9,9,8,9,9,8,9,6,,9,,,b'\x11\xe8\xe1I\xeb&\xd5\x9e\x9a\xbe\x12\xdf\x17\xaeN\x1e'
11E8E149-EB26-D59E-9ABE-12DF17AE4E1E,2024-ncaa-d3-natl,ncaa,396,342,403,396,405,403,400,402,371,391,385,373,357,356,345,222,396,408,155,407,348,405,410,373,374,359,221,223,201,386,346,406,229,406,329,413,406,36,251,357,410,389,302,248,,,137,406,,,366,409,272,107,372,359,255,336,221,293,248,342,366,358,304,314,321,312,347,399,211,394,240,,396,,,379,66,60,21,369,109,34,369,39,23,213,117,244,216,301,203,359,25,18,346,375,398,176,62,352,30,229,40,346,33,329,69,155,415,388,370,119,327,73,211,,,411,338,,,366,19,360,388,381,351,322,214,341,250,157,144,406,399,397,281,161,171,326,276,253,392,303,196,,363,,,b'\x11\xe8\xe1I\xeb&\xd5\x9e\x9a\xbe\x12\xdf\x17\xaeN\x1e'
11E8E149-EB26-D59E-9ABE-12DF17AE4E1E,2025-ncaa-d3-conf-NWC,genius_ncaa,9,9,5,9,5,8,6,7,7,6,7,6,9,8,8,6,7,8,2,7,6,8,8,7,7,8,5,8,5,8,8,8,8,8,8,5,4,6,9,6,8,8,8,8,,,5,5,,2,9,6,2,1,8,6,6,6,5,8,7,5,8,7,7,5,8,7,8,5,9,8,8,,5,,3,9,8,7,8,7,5,3,6,9,8,9,9,6,5,7,3,7,6,4,8,9,9,8,9,3,8,8,5,8,7,8,8,7,7,8,8,9,9,5,4,,,6,4,,6,9,4,8,9,9,8,7,8,5,4,9,9,7,5,4,8,8,8,5,7,8,6,9,5,,4,,6,b'\x11\xe8\xe1I\xeb&\xd5\x9e\x9a\xbe\x12\xdf\x17\xaeN\x1e'
11E8E149-EB26-D59E-9ABE-12DF17AE4E1E,2025-ncaa-d3-natl,genius_ncaa,343,242,406,332,406,392,389,411,271,381,403,276,367,383,261,256,369,401,23,397,265,411,413,279,262,258,219,254,140,391,284,409,320,410,313,382,286,8,238,274,408,367,396,346,,,25,251,,63,316,413,355,94,324,320,346,287,258,299,298,226,321,316,347,370,314,359,364,332,175,380,367,,204,,106,331,24,22,9,327,16,6,332,194,96,359,388,45,28,381,27,249,9,7,352,366,385,358,383,163,38,320,8,284,10,313,40,200,412,359,351,35,289,63,259,,,390,86,,309,316,7,272,383,335,315,297,223,191,87,382,358,238,167,163,206,111,262,180,213,259,377,236,251,,195,,257,b'\x11\xe8\xe1I\xeb&\xd5\x9e\x9a\xbe\x12\xdf\x17\xaeN\x1e'
11E8E149-EB26-D59E-9ABE-12DF17AE4E1E,2026-ncaa-d3-conf-NWC,genius_ncaa,4,3,2,4,2,5,5,2,5,5,2,5,4,2,5,1,1,2,3,2,1,2,2,5,5,5,1,4,1,2,3,3,5,2,4,5,2,4,2,5,2,2,1,1,,,4,3,,1,5,2,1,1,5,5,1,5,1,4,1,1,1,1,1,1,1,3,2,5,4,1,1,,4,,1,5,3,3,4,2,3,4,3,2,4,1,3,3,3,2,3,3,4,4,2,2,1,2,2,3,4,5,4,3,4,4,4,5,2,1,1,4,4,4,4,,,2,1,,4,5,4,5,1,5,4,4,5,4,5,2,4,3,3,3,4,5,5,5,5,5,1,5,4,,1,,4,b'\x11\xe8\xe1I\xeb&\xd5\x9e\x9a\xbe\x12\xdf\x17\xaeN\x1e'
11E8E149-EB26-D59E-9ABE-12DF17AE4E1E,2026-ncaa-d3-natl,genius_ncaa,345,21,413,194,413,413,413,413,412,413,412,413,411,410,377,247,400,404,46,405,22,413,413,411,395,325,10,286,3,403,158,413,403,411,369,413,380,3,3,261,413,297,377,56,,,7,404,,37,229,413,119,113,269,392,33,389,67,297,110,1,4,4,11,60,16,307,112,396,9,240,42,,413,,291,255,3,3,3,71,4,4,86,3,5,89,152,6,8,138,8,367,4,4,58,79,90,295,135,384,8,403,7,158,8,369,2,285,412,174,148,2,9,5,103,,,411,5,,323,229,4,285,180,250,237,155,291,171,276,147,258,378,394,399,339,372,398,408,408,231,86,15,137,,1,,43,b'\x11\xe8\xe1I\xeb&\xd5\x9e\x9a\xbe\x12\xdf\x17\xaeN\x1e'
11E8E149-EB2B-57AE-9ABE-12DF17AE4E1E,2018-ncaa-d3-conf-NWC,ncaa,6,6,5,6,5,7,8,9,4,4,5,5,8,9,6,9,2,3,4,3,3,8,9,6,5,6,7,8,2,7,4,5,1,5,4,5,3,7,8,8,9,8,5,5,,,7,8,,,7,6,3,2,6,7,8,3,3,8,9,2,2,2,7,7,6,2,4,3,8,8,5,,7,,,7,4,2,3,6,3,3,5,7,4,8,6,9,9,2,9,9,4,1,7,7,9,8,7,9,1,1,3,4,2,4,2,3,8,7,5,8,8,2,2,,,2,1,,,7,4,7,7,7,6,3,4,3,4,7,4,9,9,9,6,3,2,4,3,4,7,8,3,,2,,,b'\x11\xe8\xe1I\xeb+W\xae\x9a\xbe\x12\xdf\x17\xaeN\x1e'
11E8E149-EB2B-57AE-9ABE-12DF17AE4E1E,2018-ncaa-d3-natl,ncaa,320,223,425,300,425,353,355,430,39,316,402,65,393,414,85,383,208,248,119,259,64,425,429,69,45,102,291,369,47,415,196,402,12,414,43,326,169,75,346,241,431,414,383,333,,,124,428,,,268,430,217,109,140,172,385,109,213,321,393,29,44,50,333,267,327,157,253,156,321,422,355,,399,,,273,60,35,11,398,32,12,367,138,46,420,207,295,286,262,285,435,15,11,400,422,434,386,251,407,6,12,9,196,9,43,16,36,436,399,303,92,305,9,22,,,245,1,,,268,16,143,389,275,369,292,127,243,131,327,202,431,428,429,222,93,13,45,16,123,425,288,25,,4,,,b'\x11\xe8\xe1I\xeb+W\xae\x9a\xbe\x12\xdf\x17\xaeN\x1e'
11E8E149-EB2B-57AE-9ABE-12DF17AE4E1E,2019-ncaa-d3-conf-NWC,ncaa,4,5,3,5,4,4,4,3,5,3,1,7,8,9,3,9,2,3,2,3,6,3,3,6,5,5,8,9,1,5,6,3,7,5,6,3,3,6,6,5,6,7,5,8,,,1,1,,,8,3,2,5,5,4,4,3,1,8,9,1,3,3,4,4,6,6,5,3,6,6,6,,1,,,8,9,9,9,9,9,9,7,9,6,7,5,1,1,4,1,1,9,7,9,9,8,1,4,1,9,7,9,6,9,6,9,1,5,7,6,8,8,6,4,,,3,3,,,8,7,5,8,7,8,9,9,9,9,8,7,1,1,1,8,8,8,5,7,7,4,8,5,,5,,,b'\x11\xe8\xe1I\xeb+W\xae\x9a\xbe\x12\xdf\x17\xaeN\x1e'
11E8E149-EB2B-57AE-9ABE-12DF17AE4E1E,2019-ncaa-d3-natl,ncaa,306,185,422,276,422,362,363,420,99,278,360,131,421,429,221,410,241,303,47,301,173,415,420,163,111,129,367,411,51,407,258,424,300,425,289,374,330,22,226,233,412,348,346,326,,,11,21,,,314,422,217,48,150,162,286,57,89,381,408,36,84,85,223,234,311,370,374,230,213,341,290,,21,,,341,94,203,34,435,248,67,429,129,45,414,178,21,14,389,10,23,23,19,434,429,432,42,190,23,31,300,12,258,13,289,34,14,416,345,296,125,346,21,51,,,348,42,,,314,21,154,425,341,410,425,365,427,373,334,218,85,52,44,301,244,236,151,170,231,338,337,77,,49,,,b'\x11\xe8\xe1I\xeb+W\xae\x9a\xbe\x12\xdf\x17\xaeN\x1e'
11E8E149-EB2B-57AE-9ABE-12DF17AE4E1E,2020-ncaa-d3-conf-NWC,ncaa,7,6,5,7,9,4,6,6,4,6,5,6,6,9,1,8,3,3,3,3,3,6,8,5,3,2,4,5,1,6,6,7,9,6,9,3,3,1,2,2,8,8,1,2,,,1,1,,,6,8,4,8,3,3,3,3,3,4,9,2,2,2,3,6,6,7,6,2,3,8,1,,3,,,6,8,8,8,6,7,8,6,4,5,3,4,8,4,9,4,4,9,5,6,6,7,3,4,5,9,9,6,6,9,9,5,5,7,8,8,5,6,5,5,,,5,2,,,6,2,3,9,6,8,8,8,7,8,5,6,8,6,6,9,7,9,7,9,6,7,5,5,,3,,,b'\x11\xe8\xe1I\xeb+W\xae\x9a\xbe\x12\xdf\x17\xaeN\x1e'
11E8E149-EB2B-57AE-9ABE-12DF17AE4E1E,2020-ncaa-d3-natl,ncaa,344,136,432,291,434,417,418,434,93,410,434,126,393,420,55,284,383,416,82,412,68,434,434,82,63,33,179,237,83,434,362,434,351,434,354,422,357,4,19,80,434,412,295,133,,,8,195,,,266,434,378,303,160,204,353,195,272,201,294,60,99,90,305,410,388,405,417,294,5,417,116,,137,,,288,7,8,5,397,13,6,397,12,7,294,199,30,13,434,12,244,5,5,387,404,427,151,137,262,7,351,5,362,5,354,6,36,435,424,381,6,229,10,105,,,428,17,,,266,5,61,428,287,360,346,243,365,251,252,218,351,267,270,240,92,256,155,198,172,429,148,82,,103,,,b'\x11\xe8\xe1I\xeb+W\xae\x9a\xbe\x12\xdf\x17\xaeN\x1e'
11E8E149-EB2B-57AE-9ABE-12DF17AE4E1E,2021-ncaa-d3-conf-NWC,ncaa,7,4,6,6,6,7,7,7,7,7,7,6,7,6,7,2,6,6,3,6,3,7,7,7,6,7,2,3,2,7,7,6,5,7,7,7,7,2,3,6,6,4,6,5,,,1,2,,,5,6,5,6,7,7,6,7,7,5,4,4,5,5,6,6,7,6,7,7,2,4,5,,2,,,7,2,3,2,7,3,2,3,1,1,7,1,1,1,1,1,1,2,2,4,3,3,1,1,1,1,5,3,7,3,7,3,4,6,2,3,2,2,1,2,,,6,4,,,5,2,7,3,7,4,5,2,7,7,1,1,1,1,1,2,3,4,7,7,5,3,2,1,,5,,,b'\x11\xe8\xe1I\xeb+W\xae\x9a\xbe\x12\xdf\x17\xaeN\x1e'
11E8E149-EB2B-57AE-9ABE-12DF17AE4E1E,2021-ncaa-d3-natl,ncaa,215,92,232,202,244,243,246,245,228,250,247,212,226,229,202,64,227,229,118,228,34,244,245,217,195,169,43,95,34,252,272,247,225,250,268,248,227,39,67,175,242,168,234,216,,,40,72,,,174,240,243,280,223,249,236,248,258,142,97,93,103,101,227,267,261,272,280,243,36,189,202,,48,,,201,49,53,46,273,54,48,239,44,30,276,12,32,34,27,34,17,43,46,264,248,215,11,56,17,46,225,55,272,52,268,50,106,235,94,171,32,23,35,51,,,235,53,,,174,45,194,215,216,151,223,79,250,222,73,10,18,26,19,45,43,139,250,216,189,129,12,25,,123,,,b'\x11\xe8\xe1I\xeb+W\xae\x9a\xbe\x12\xdf\x17\xaeN\x1e'
11E8E149-EB2B-57AE-9ABE-12DF17AE4E1E,2022-ncaa-d3-conf-NWC,ncaa,9,9,5,9,6,9,9,9,7,9,9,6,8,7,8,4,9,9,5,9,9,9,8,7,7,8,7,6,9,8,7,9,9,9,9,4,3,8,9,7,9,9,1,1,,,5,8,,,9,9,7,4,9,9,9,8,8,7,6,9,9,9,9,8,8,9,9,4,8,9,1,,6,,,9,8,6,3,7,4,3,6,9,6,9,5,7,7,9,7,8,3,2,8,9,9,8,8,7,8,9,2,7,4,9,4,4,9,9,8,8,9,2,4,,,9,8,,,9,2,8,9,9,8,7,6,5,3,9,6,8,7,7,7,5,9,3,6,4,9,8,2,,9,,,b'\x11\xe8\xe1I\xeb+W\xae\x9a\xbe\x12\xdf\x17\xaeN\x1e'
11E8E149-EB2B-57AE-9ABE-12DF17AE4E1E,2022-ncaa-d3-natl,ncaa,406,410,300,417,312,335,325,375,173,317,383,126,252,254,225,129,330,350,188,346,180,377,370,168,176,244,192,173,231,378,319,376,312,384,318,235,59,233,364,252,392,389,184,113,,,287,415,,,387,358,346,131,330,319,407,315,387,217,214,315,343,334,409,391,381,405,411,188,302,400,135,,391,,,380,329,235,82,388,180,81,365,326,174,416,230,416,402,414,402,421,122,78,403,421,427,391,259,405,118,312,58,319,59,318,150,93,400,404,374,300,382,17,29,,,295,92,,,387,82,277,420,384,385,322,158,274,135,380,244,426,420,420,267,113,191,85,112,215,414,335,8,,211,,,b'\x11\xe8\xe1I\xeb+W\xae\x9a\xbe\x12\xdf\x17\xaeN\x1e'
11E8E149-EB2B-57AE-9ABE-12DF17AE4E1E,2023-ncaa-d3-conf-NWC,ncaa,7,7,5,7,7,6,6,8,4,6,7,4,8,8,4,7,7,7,4,7,3,8,7,4,5,6,6,7,4,8,5,6,6,7,5,5,1,9,9,7,6,7,4,5,,,8,8,,,7,7,4,3,6,6,8,6,7,8,7,6,7,7,8,5,8,4,7,3,9,6,4,,8,,,7,6,6,4,7,6,6,8,1,3,1,4,7,7,1,7,7,4,3,6,6,6,3,2,7,6,6,1,5,2,5,2,2,6,6,5,9,9,8,9,,,6,2,,,7,3,7,6,7,7,6,5,7,7,1,5,7,8,8,5,5,6,2,2,3,6,9,9,,3,,,b'\x11\xe8\xe1I\xeb+W\xae\x9a\xbe\x12\xdf\x17\xaeN\x1e'
11E8E149-EB2B-57AE-9ABE-12DF17AE4E1E,2023-ncaa-d3-natl,ncaa,289,223,397,274,400,391,385,417,150,380,415,109,329,347,226,134,378,399,70,401,213,416,409,144,132,281,196,182,218,399,267,394,162,399,170,325,74,216,407,326,399,339,277,201,,,96,378,,,302,411,388,254,353,346,423,334,402,260,273,337,387,392,424,407,382,297,367,248,363,378,220,,297,,,311,29,31,17,298,81,30,368,24,43,22,174,128,116,264,111,306,19,17,263,280,322,83,42,306,34,162,15,267,12,170,12,8,405,337,167,336,413,122,358,,,370,83,,,302,21,302,311,314,177,200,96,284,138,52,130,285,275,274,109,51,132,31,47,37,376,394,242,,237,,,b'\x11\xe8\xe1I\xeb+W\xae\x9a\xbe\x12\xdf\x17\xaeN\x1e'
11E8E149-EB2B-57AE-9ABE-12DF17AE4E1E,2024-ncaa-d3-conf-NWC,ncaa,5,5,5,5,7,7,6,9,4,5,8,3,9,8,6,6,6,6,2,6,3,9,9,4,3,6,6,8,3,7,5,6,5,6,4,5,3,7,9,6,9,8,6,6,,,2,5,,,6,8,7,7,7,6,9,5,8,9,8,5,5,5,9,9,7,3,6,4,8,9,5,,3,,,6,3,3,4,5,4,7,2,3,2,8,2,4,4,3,4,3,4,2,5,5,5,5,5,4,6,5,1,5,2,4,2,2,9,9,8,7,7,7,8,,,4,2,,,6,2,5,6,5,5,5,6,5,7,3,2,5,6,6,6,3,7,2,2,2,9,7,7,,3,,,b'\x11\xe8\xe1I\xeb+W\xae\x9a\xbe\x12\xdf\x17\xaeN\x1e'
11E8E149-EB2B-57AE-9ABE-12DF17AE4E1E,2024-ncaa-d3-natl,ncaa,318,162,415,275,417,409,408,420,143,399,417,101,378,400,252,216,377,400,91,398,97,420,421,152,131,195,220,274,99,411,228,412,170,414,130,400,221,14,320,281,423,410,353,257,,,18,331,,,249,421,416,244,319,323,415,291,384,301,311,193,252,248,416,418,351,234,320,301,224,420,250,,189,,,271,8,7,8,205,17,16,126,20,8,372,74,30,29,197,28,221,9,6,200,209,346,226,192,267,6,170,5,228,5,130,7,54,423,416,362,31,325,129,402,,,385,8,,,249,7,219,345,277,160,159,123,187,226,159,60,236,238,237,136,19,146,15,45,92,424,246,360,,61,,,b'\x11\xe8\xe1I\xeb+W\xae\x9a\xbe\x12\xdf\x17\xaeN\x1e'
11E8E149-EB2B-57AE-9ABE-12DF17AE4E1E,2025-ncaa-d3-conf-NWC,genius_ncaa,3,3,3,3,4,4,4,7,3,4,5,2,8,9,5,9,3,3,5,3,3,6,5,3,3,3,8,9,3,7,4,1,4,4,2,3,2,7,8,5,9,9,3,2,,,3,2,,6,3,5,9,5,4,5,9,3,8,9,9,3,3,3,9,8,7,2,3,3,5,9,2,,3,,7,3,3,3,7,2,4,7,1,4,5,2,4,4,3,4,3,4,5,5,2,2,2,5,4,5,5,4,1,4,2,2,2,4,6,7,3,6,7,7,8,,,2,1,,3,3,5,4,2,3,2,2,6,4,6,4,5,3,3,3,3,3,5,2,3,3,8,6,7,,2,,3,b'\x11\xe8\xe1I\xeb+W\xae\x9a\xbe\x12\xdf\x17\xaeN\x1e'
11E8E149-EB2B-57AE-9ABE-12DF17AE4E1E,2025-ncaa-d3-natl,genius_ncaa,121,56,345,85,372,285,283,382,47,225,324,46,342,375,171,333,179,236,48,237,122,378,393,70,51,82,298,351,85,312,81,306,99,316,38,278,228,60,218,177,391,359,97,49,,,60,186,,272,136,400,398,418,199,211,397,145,270,331,365,86,144,144,377,401,263,177,221,219,140,388,51,,105,,319,125,29,27,30,104,52,72,119,26,34,72,123,143,101,383,95,172,25,21,76,112,187,155,88,308,41,99,7,81,8,38,18,67,391,325,188,47,179,190,279,,,241,22,,138,136,24,83,169,104,78,78,99,126,166,52,79,220,155,153,95,41,103,6,26,50,375,102,265,,114,,109,b'\x11\xe8\xe1I\xeb+W\xae\x9a\xbe\x12\xdf\x17\xaeN\x1e'
11E8E149-EB2B-57AE-9ABE-12DF17AE4E1E,2026-ncaa-d3-conf-NWC,genius_ncaa,1,1,2,1,2,2,2,3,2,2,2,3,2,3,1,3,3,4,2,3,3,3,3,2,2,1,2,1,3,3,2,2,2,3,2,2,3,1,1,1,4,3,2,2,,,1,1,,3,1,3,3,1,1,1,2,1,1,1,2,2,3,2,2,3,3,2,3,1,1,3,2,,1,,4,1,2,2,3,3,1,3,2,3,2,4,2,1,1,2,1,1,3,3,3,3,3,3,5,1,3,2,2,2,2,2,2,3,3,2,3,1,1,2,2,,,3,3,,2,1,3,1,2,1,2,3,3,2,3,3,2,1,1,1,3,3,3,2,2,3,2,1,2,,2,,1,b'\x11\xe8\xe1I\xeb+W\xae\x9a\xbe\x12\xdf\x17\xaeN\x1e'
11E8E149-EB2B-57AE-9ABE-12DF17AE4E1E,2026-ncaa-d3-natl,genius_ncaa,225,68,379,151,382,370,366,387,104,378,393,157,230,335,25,108,380,394,116,390,262,389,395,67,82,82,102,49,334,364,150,394,64,392,149,354,277,23,153,138,369,166,334,211,,,25,254,,104,180,396,340,113,143,134,234,221,289,55,132,288,331,304,270,330,199,372,322,194,104,230,234,,149,,210,167,28,34,16,393,54,21,381,15,10,277,41,59,35,365,32,237,16,21,382,395,324,67,42,262,13,64,24,150,17,149,10,5,362,64,29,38,196,12,39,,,381,167,,76,180,22,71,255,150,194,212,25,284,112,48,13,248,168,164,20,42,20,119,55,23,129,163,32,,239,,11,b'\x11\xe8\xe1I\xeb+W\xae\x9a\xbe\x12\xdf\x17\xaeN\x1e'
11E8E149-EB2F-E940-9ABE-12DF17AE4E1E,2018-ncaa-d3-conf-American Rivers,ncaa,4,4,1,4,2,5,5,6,5,4,5,2,6,3,5,3,5,6,3,6,6,6,6,5,5,5,5,6,6,6,7,3,2,4,4,5,4,4,5,4,8,8,8,8,,,5,6,,,4,6,8,4,6,7,8,7,7,7,6,7,8,8,8,8,7,6,7,5,3,8,8,,4,,,4,3,6,4,6,7,4,8,3,5,2,5,3,3,2,3,5,4,4,5,6,5,2,1,3,2,2,4,7,2,4,5,4,6,6,7,2,2,8,7,,,3,3,,,4,6,5,3,4,2,4,1,6,2,2,2,3,3,3,1,1,1,4,2,4,7,2,6,,6,,,b'\x11\xe8\xe1I\xeb/\xe9@\x9a\xbe\x12\xdf\x17\xaeN\x1e'
11E8E149-EB2F-E940-9ABE-12DF17AE4E1E,2018-ncaa-d3-natl,ncaa,114,138,68,134,104,68,81,158,36,148,305,10,35,37,87,48,100,170,30,174,90,153,143,21,19,28,92,84,259,270,262,132,23,189,91,38,36,255,220,59,215,254,367,364,,,335,336,,,158,126,203,269,66,90,269,184,393,41,54,133,231,241,269,297,346,221,306,31,185,276,393,,267,,,161,391,389,253,406,316,94,433,424,423,321,428,239,250,189,248,334,255,283,421,412,378,338,394,111,34,23,174,262,93,91,409,377,154,169,331,107,83,353,399,,,122,133,,,158,340,40,307,152,292,303,129,213,32,399,395,159,163,158,116,107,16,88,37,352,219,74,316,,186,,,b'\x11\xe8\xe1I\xeb/\xe9@\x9a\xbe\x12\xdf\x17\xaeN\x1e'
11E8E149-EB2F-E940-9ABE-12DF17AE4E1E,2019-ncaa-d3-conf-American Rivers,ncaa,2,2,1,2,4,3,1,4,2,1,2,4,3,7,1,8,2,4,3,4,8,4,2,3,3,3,7,6,6,2,1,4,2,3,2,3,6,6,4,3,3,2,7,6,,,5,5,,,2,4,6,9,3,1,5,1,4,4,9,3,6,5,5,5,3,6,5,3,5,3,7,,4,,,2,4,5,5,6,5,1,6,7,8,2,8,3,2,6,2,3,3,5,6,6,4,5,8,1,1,2,2,1,2,2,5,6,3,2,3,4,3,4,3,,,3,3,,,2,7,2,3,2,3,3,2,3,1,6,8,2,1,1,1,3,1,2,2,4,3,3,4,,4,,,b'\x11\xe8\xe1I\xeb/\xe9@\x9a\xbe\x12\xdf\x17\xaeN\x1e'
11E8E149-EB2F-E940-9ABE-12DF17AE4E1E,2019-ncaa-d3-natl,ncaa,38,46,42,51,65,17,20,53,8,32,93,22,27,95,7,196,61,138,17,122,229,57,50,11,9,12,191,142,326,82,51,105,26,83,31,23,108,359,240,69,28,28,254,242,,,362,271,,,60,44,122,421,15,16,136,48,189,36,161,122,224,210,138,135,149,235,185,18,261,36,313,,251,,,65,410,378,349,313,231,141,345,437,431,362,426,279,183,433,178,225,346,374,370,376,301,406,421,145,63,26,95,51,72,31,403,357,67,93,212,374,277,203,119,,,75,199,,,60,410,14,206,61,265,248,157,125,35,425,407,178,108,104,119,189,22,21,17,315,105,292,137,,151,,,b'\x11\xe8\xe1I\xeb/\xe9@\x9a\xbe\x12\xdf\x17\xaeN\x1e'
11E8E149-EB2F-E940-9ABE-12DF17AE4E1E,2020-ncaa-d3-conf-American Rivers,ncaa,2,2,1,2,4,2,4,2,4,2,2,5,4,4,5,6,1,1,3,1,3,1,2,3,3,3,4,7,3,2,1,7,1,6,3,5,8,4,4,5,1,1,5,6,,,6,5,,,2,1,3,5,3,4,4,3,5,4,4,1,1,1,3,4,3,8,7,5,4,1,6,,5,,,2,4,5,1,5,6,3,6,6,3,7,5,3,2,8,2,2,1,9,6,6,2,5,6,3,1,1,3,1,1,3,2,1,1,1,1,5,4,6,4,,,1,3,,,2,9,3,2,2,3,3,1,4,2,5,2,2,1,1,1,4,1,2,1,2,1,4,5,,3,,,b'\x11\xe8\xe1I\xeb/\xe9@\x9a\xbe\x12\xdf\x17\xaeN\x1e'
11E8E149-EB2F-E940-9ABE-12DF17AE4E1E,2020-ncaa-d3-natl,ncaa,9,15,7,14,10,4,14,39,14,22,83,8,48,51,113,169,2,6,14,6,16,21,20,12,8,9,154,242,51,160,127,267,22,229,88,86,363,330,149,171,8,5,159,156,,,406,278,,,21,7,65,109,8,29,178,49,250,104,129,2,13,13,92,116,292,423,402,156,195,10,214,,281,,,23,407,397,272,404,358,198,402,388,354,373,322,296,250,398,241,248,273,416,403,411,214,271,302,172,20,22,133,127,54,88,190,37,10,10,9,349,220,233,165,,,8,56,,,21,432,13,104,27,214,224,40,190,34,290,208,175,116,110,33,214,3,19,6,94,16,249,147,,28,,,b'\x11\xe8\xe1I\xeb/\xe9@\x9a\xbe\x12\xdf\x17\xaeN\x1e'
11E8E149-EB2F-E940-9ABE-12DF17AE4E1E,2021-ncaa-d3-conf-American Rivers,ncaa,5,5,3,5,3,3,3,3,4,7,5,5,2,1,2,2,5,7,3,6,6,3,3,3,2,5,1,1,7,5,7,7,4,7,7,5,6,8,6,5,2,2,5,7,,,7,8,,,5,3,2,5,5,5,5,8,9,1,2,8,8,7,5,2,7,9,9,5,6,2,7,,7,,,5,8,8,5,9,9,7,9,1,1,5,1,8,7,7,7,8,5,7,7,7,6,1,1,8,4,4,6,7,6,7,6,5,2,1,2,8,6,9,9,,,4,6,,,5,7,5,6,5,5,5,1,9,6,1,1,7,8,8,2,6,1,4,2,5,1,6,9,,4,,,b'\x11\xe8\xe1I\xeb/\xe9@\x9a\xbe\x12\xdf\x17\xaeN\x1e'
11E8E149-EB2F-E940-9ABE-12DF17AE4E1E,2021-ncaa-d3-natl,ncaa,80,214,47,146,53,51,52,46,123,98,99,114,10,11,69,12,82,85,122,84,108,49,47,75,88,125,15,10,227,70,138,128,101,108,184,59,173,255,207,182,10,12,84,118,,,258,257,,,128,41,28,110,74,95,70,220,255,14,9,181,196,195,79,51,168,278,272,126,227,14,147,,251,,,135,243,242,200,275,254,212,277,170,167,171,71,258,245,236,247,247,211,234,271,278,205,87,38,216,136,101,219,138,195,184,246,167,17,13,64,261,218,269,274,,,52,150,,,128,241,140,156,144,199,188,19,218,63,69,44,245,220,222,39,165,11,90,43,196,16,236,263,,99,,,b'\x11\xe8\xe1I\xeb/\xe9@\x9a\xbe\x12\xdf\x17\xaeN\x1e'
11E8E149-EB2F-E940-9ABE-12DF17AE4E1E,2022-ncaa-d3-conf-American Rivers,ncaa,3,3,1,3,2,2,2,1,2,3,6,2,1,1,2,1,6,9,2,9,7,2,2,2,2,2,2,1,9,2,5,4,1,3,3,2,7,2,2,2,4,4,7,6,,,8,5,,,2,2,6,2,2,2,1,3,7,1,1,7,9,9,3,5,4,6,6,2,2,4,7,,6,,,2,8,7,5,5,5,3,6,8,8,5,9,6,6,5,6,6,6,7,5,5,4,8,5,5,1,1,8,5,3,3,5,6,4,4,3,1,1,8,7,,,8,9,,,2,8,2,4,2,4,2,1,2,1,6,6,5,5,5,1,4,1,3,1,3,4,1,6,,9,,,b'\x11\xe8\xe1I\xeb/\xe9@\x9a\xbe\x12\xdf\x17\xaeN\x1e'
11E8E149-EB2F-E940-9ABE-12DF17AE4E1E,2022-ncaa-d3-natl,ncaa,76,95,61,96,67,29,36,69,40,166,297,20,4,13,8,15,200,273,29,272,182,87,114,9,10,11,17,9,402,296,315,187,14,236,155,68,225,145,83,58,115,134,303,302,,,328,294,,,77,66,159,93,22,36,117,242,398,6,17,257,358,355,160,252,365,316,361,82,79,162,347,,246,,,81,370,335,249,337,250,102,385,407,405,291,402,362,313,419,321,373,262,304,369,389,327,379,361,273,20,14,241,315,125,155,340,240,90,104,188,166,120,275,325,,,240,340,,,77,367,24,244,83,266,217,84,143,21,373,362,302,240,247,96,122,4,113,33,244,144,107,216,,360,,,b'\x11\xe8\xe1I\xeb/\xe9@\x9a\xbe\x12\xdf\x17\xaeN\x1e'
11E8E149-EB2F-E940-9ABE-12DF17AE4E1E,2023-ncaa-d3-conf-American Rivers,ncaa,1,1,1,1,4,3,2,2,2,1,3,1,3,2,6,3,4,7,2,7,7,3,3,3,3,2,6,5,7,2,1,7,1,4,2,3,9,2,2,2,1,1,5,3,,,7,8,,,1,3,7,7,3,2,3,1,5,3,2,5,7,7,4,6,3,7,5,4,2,1,5,,7,,,1,1,1,1,2,1,2,2,2,4,2,7,3,4,1,4,6,1,6,2,2,1,9,7,7,1,1,4,1,1,2,2,6,1,1,1,1,1,1,1,,,2,4,,,1,6,2,1,1,1,1,1,1,1,1,2,3,4,4,1,1,1,2,1,2,1,1,1,,4,,,b'\x11\xe8\xe1I\xeb/\xe9@\x9a\xbe\x12\xdf\x17\xaeN\x1e'
11E8E149-EB2F-E940-9ABE-12DF17AE4E1E,2023-ncaa-d3-natl,ncaa,17,30,13,29,24,26,26,47,34,48,183,4,30,16,198,30,82,177,9,168,175,46,55,25,26,19,153,107,334,167,153,157,7,166,50,76,312,155,65,69,28,22,137,93,,,359,324,,,18,41,277,227,54,56,149,105,361,54,30,178,310,308,181,292,285,387,363,153,50,46,194,,219,,,24,213,186,171,212,113,66,295,349,388,156,400,256,232,299,235,347,175,320,257,260,105,373,360,236,16,7,173,153,69,50,208,214,28,22,38,84,32,30,19,,,85,204,,,18,386,24,48,22,51,40,11,26,2,234,269,116,97,102,4,42,3,29,4,94,68,26,9,,256,,,b'\x11\xe8\xe1I\xeb/\xe9@\x9a\xbe\x12\xdf\x17\xaeN\x1e'
11E8E149-EB2F-E940-9ABE-12DF17AE4E1E,2024-ncaa-d3-conf-American Rivers,ncaa,2,2,1,2,4,2,2,1,3,3,6,3,2,2,3,3,3,4,2,4,6,1,4,4,4,1,3,3,8,2,2,6,2,4,3,3,5,1,1,1,1,1,3,1,,,6,6,,,2,5,8,6,2,2,2,3,6,2,3,5,7,7,2,7,3,8,6,4,1,1,5,,4,,,2,2,1,2,2,2,2,2,2,3,3,5,5,5,7,5,6,1,4,2,2,2,6,5,7,1,2,4,2,2,3,2,4,1,1,2,1,1,1,1,,,6,7,,,2,4,1,2,2,2,1,1,1,2,2,2,4,4,4,1,1,1,2,2,2,2,1,1,,8,,,b'\x11\xe8\xe1I\xeb/\xe9@\x9a\xbe\x12\xdf\x17\xaeN\x1e'
11E8E149-EB2F-E940-9ABE-12DF17AE4E1E,2024-ncaa-d3-natl,ncaa,30,17,63,25,74,56,54,106,26,114,261,14,22,33,48,32,233,257,139,252,207,122,169,19,23,17,109,50,394,212,160,221,27,221,88,87,247,63,48,42,44,26,121,80,,,211,237,,,31,160,317,171,48,50,166,148,358,21,40,286,328,326,204,331,269,337,336,102,29,54,144,,141,,,29,134,127,111,194,89,72,188,332,288,323,363,165,125,383,129,238,104,173,244,259,145,369,382,201,25,27,117,160,51,88,81,64,75,48,36,64,55,20,15,,,266,332,,,31,270,22,84,23,70,71,27,41,22,267,211,113,71,79,19,43,10,43,18,47,108,40,3,,366,,,b'\x11\xe8\xe1I\xeb/\xe9@\x9a\xbe\x12\xdf\x17\xaeN\x1e'
11E8E149-EB2F-E940-9ABE-12DF17AE4E1E,2025-ncaa-d3-conf-American Rivers,genius_ncaa,7,5,7,7,7,7,7,8,7,7,9,5,6,4,6,2,9,9,5,9,7,8,9,6,6,5,4,4,7,5,4,9,5,8,6,6,3,1,1,2,7,3,4,3,,,2,4,,6,5,9,7,4,6,5,4,6,6,4,1,8,7,7,4,7,3,9,8,5,1,4,3,,2,,6,5,2,2,1,8,2,2,5,4,1,9,5,2,2,9,2,3,1,1,8,8,7,8,6,4,1,5,4,4,2,6,2,4,6,4,6,1,1,1,1,,,9,9,,6,5,1,5,7,5,4,5,3,4,4,7,4,3,2,2,3,3,2,7,5,5,5,1,1,,9,,6,b'\x11\xe8\xe1I\xeb/\xe9@\x9a\xbe\x12\xdf\x17\xaeN\x1e'
11E8E149-EB2F-E940-9ABE-12DF17AE4E1E,2025-ncaa-d3-natl,genius_ncaa,274,299,192,292,248,233,236,255,229,316,378,112,62,40,210,7,310,371,42,364,208,281,339,152,159,125,41,22,344,330,338,322,65,340,267,185,110,30,75,78,295,232,165,114,,,124,226,,360,252,332,364,258,231,239,239,334,404,46,22,336,390,381,299,391,340,352,379,170,35,298,162,,126,,373,252,217,202,74,357,121,54,343,353,259,400,353,185,111,412,109,228,60,42,375,389,391,346,367,173,19,65,230,338,99,267,176,163,335,280,300,35,74,34,115,,,386,393,,155,252,80,157,349,258,230,218,75,143,41,344,263,190,106,100,61,22,22,242,122,189,354,45,29,,412,,154,b'\x11\xe8\xe1I\xeb/\xe9@\x9a\xbe\x12\xdf\x17\xaeN\x1e'
11E8E149-EB2F-E940-9ABE-12DF17AE4E1E,2026-ncaa-d3-conf-American Rivers,genius_ncaa,7,7,1,7,1,6,5,3,9,7,5,9,2,1,4,1,8,8,7,8,9,3,3,8,8,9,1,1,9,2,1,7,6,6,3,3,2,7,5,4,5,5,2,2,,,3,5,,2,9,7,8,1,8,7,3,9,7,3,1,9,9,9,3,3,2,9,6,4,6,6,2,,3,,2,9,9,9,5,9,8,5,9,8,4,9,2,7,5,9,4,5,4,4,9,9,9,6,6,6,3,6,3,1,4,3,9,5,4,4,9,7,6,7,6,,,7,9,,5,9,3,8,9,9,9,9,3,8,4,7,2,7,5,4,3,2,2,3,3,9,5,7,6,,9,,5,b'\x11\xe8\xe1I\xeb/\xe9@\x9a\xbe\x12\xdf\x17\xaeN\x1e'
11E8E149-EB2F-E940-9ABE-12DF17AE4E1E,2026-ncaa-d3-natl,genius_ncaa,225,200,215,240,249,294,291,305,210,311,343,159,170,183,209,67,329,344,150,346,265,317,312,180,197,213,141,98,302,317,239,312,118,324,191,224,97,140,235,181,271,200,158,128,,,96,147,,234,283,311,335,113,283,263,313,295,358,136,115,338,357,356,346,357,297,318,322,181,181,240,143,,85,,278,282,186,210,120,370,165,108,316,312,167,407,292,50,80,60,76,94,104,101,393,369,359,251,370,23,72,118,122,239,90,191,204,192,299,224,295,211,307,151,261,,,304,243,,201,283,110,221,320,276,254,296,140,216,116,370,224,32,53,53,107,72,70,119,79,266,291,258,175,,316,,195,b'\x11\xe8\xe1I\xeb/\xe9@\x9a\xbe\x12\xdf\x17\xaeN\x1e'
11E8E149-EB34-5D54-9ABE-12DF17AE4E1E,2018-ncaa-d3-conf-ASC,ncaa,8,8,5,8,5,5,5,6,6,2,2,3,11,9,12,12,9,9,7,8,12,6,5,6,8,6,13,13,11,2,4,5,5,4,6,5,9,10,6,5,3,3,6,7,,,10,6,,,7,4,4,4,3,2,3,1,1,11,9,9,10,10,3,1,2,2,2,5,9,2,6,,7,,,7,10,7,10,7,7,7,7,9,9,9,8,8,8,4,8,10,11,9,8,8,8,10,9,8,9,5,9,4,9,6,9,10,7,7,8,7,6,6,3,,,7,12,,,7,8,6,8,7,8,8,9,6,6,9,9,7,9,9,9,10,10,10,9,10,6,9,7,,12,,,b'\x11\xe8\xe1I\xeb4]T\x9a\xbe\x12\xdf\x17\xaeN\x1e'
11E8E149-EB34-5D54-9ABE-12DF17AE4E1E,2018-ncaa-d3-natl,ncaa,179,172,197,179,230,125,113,105,157,58,59,108,363,310,405,365,90,67,248,68,209,89,87,220,210,209,394,405,142,52,56,217,321,117,171,146,264,297,190,211,69,71,235,240,,,394,384,,,202,121,66,155,72,59,42,18,34,369,310,57,46,44,41,35,39,184,56,123,298,49,228,,419,,,202,352,256,242,235,214,203,222,336,319,311,265,412,426,120,424,424,317,322,274,299,276,391,279,395,351,321,217,56,273,171,345,359,142,186,233,281,208,244,129,,,133,259,,,202,310,183,288,223,347,275,281,220,224,337,321,420,427,425,352,367,347,237,299,330,122,292,257,,83,,,b'\x11\xe8\xe1I\xeb4]T\x9a\xbe\x12\xdf\x17\xaeN\x1e'
11E8E149-EB34-5D54-9ABE-12DF17AE4E1E,2019-ncaa-d3-conf-ASC,ncaa,7,8,4,8,5,7,7,6,8,5,3,8,13,13,13,13,3,2,9,2,4,5,4,9,9,8,13,13,1,10,12,8,10,8,11,8,12,8,7,9,4,4,12,12,,,4,2,,,10,4,4,5,8,7,10,5,2,13,13,2,2,2,8,7,11,8,10,11,7,4,12,,2,,,10,12,12,12,11,11,6,12,12,12,8,12,6,7,5,6,8,12,10,11,11,10,9,12,2,12,10,13,12,13,11,13,13,5,5,8,11,12,6,3,,,3,3,,,10,10,9,11,10,11,11,11,9,5,12,12,4,5,3,11,12,11,12,12,13,4,12,5,,4,,,b'\x11\xe8\xe1I\xeb4]T\x9a\xbe\x12\xdf\x17\xaeN\x1e'
11E8E149-EB34-5D54-9ABE-12DF17AE4E1E,2019-ncaa-d3-natl,ncaa,237,244,215,248,231,191,197,211,183,133,111,197,355,350,318,377,88,48,341,45,98,170,165,244,237,232,343,389,71,301,359,251,291,284,350,233,303,232,214,251,92,110,402,399,,,222,159,,,310,132,68,79,160,170,161,83,71,366,361,54,23,22,98,98,297,237,279,219,245,74,411,,246,,,306,392,365,275,365,304,124,409,406,407,269,397,298,317,152,303,351,298,319,390,382,351,328,362,181,281,291,349,359,333,350,413,396,113,143,300,268,248,103,61,,,94,87,,,310,314,260,335,300,391,363,321,302,137,411,414,310,330,312,341,373,298,367,342,405,97,282,107,,42,,,b'\x11\xe8\xe1I\xeb4]T\x9a\xbe\x12\xdf\x17\xaeN\x1e'
11E8E149-EB34-5D54-9ABE-12DF17AE4E1E,2020-ncaa-d3-conf-ASC,ncaa,10,11,5,11,5,8,8,5,12,8,4,12,9,9,7,10,6,6,7,5,5,4,4,12,12,12,6,7,3,7,10,9,12,9,12,8,8,10,9,11,2,7,12,12,,,3,1,,,12,3,2,3,10,10,3,9,3,8,9,5,4,4,4,3,8,12,11,8,10,2,12,,4,,,12,12,12,12,9,8,4,12,12,12,10,12,4,5,6,5,9,12,12,11,10,8,11,12,2,12,12,11,10,12,12,12,12,3,6,10,12,12,7,6,,,3,4,,,12,10,12,11,12,12,12,12,7,3,12,12,5,5,5,11,11,12,11,11,12,3,12,7,,2,,,b'\x11\xe8\xe1I\xeb4]T\x9a\xbe\x12\xdf\x17\xaeN\x1e'
11E8E149-EB34-5D54-9ABE-12DF17AE4E1E,2020-ncaa-d3-natl,ncaa,367,345,372,368,374,324,356,290,385,348,260,394,289,262,311,261,144,133,234,130,97,262,235,379,359,360,121,226,29,278,315,392,424,366,410,350,317,292,322,369,121,147,424,420,,,156,107,,,384,214,16,52,261,328,106,321,123,238,194,58,40,34,66,35,181,360,303,337,372,70,426,,301,,,384,385,354,255,356,157,35,417,436,438,317,436,206,232,119,241,382,255,314,401,393,351,418,427,107,396,424,294,315,356,410,427,433,110,127,342,386,382,94,106,,,139,96,,,384,241,365,373,374,423,406,404,285,81,435,438,292,328,335,414,429,419,399,419,430,41,411,134,,18,,,b'\x11\xe8\xe1I\xeb4]T\x9a\xbe\x12\xdf\x17\xaeN\x1e'
11E8E149-EB34-5D54-9ABE-12DF17AE4E1E,2021-ncaa-d3-conf-ASC,ncaa,8,5,12,8,12,12,11,11,10,11,11,12,12,12,10,11,12,12,5,12,10,12,12,11,11,11,11,11,7,12,6,12,10,12,10,11,3,1,9,7,12,7,12,11,,,1,8,,,8,12,2,2,9,8,2,6,1,11,11,9,7,6,2,2,6,8,8,5,11,6,11,,11,,,9,1,1,2,7,1,1,8,2,2,5,7,2,2,11,1,10,2,1,6,7,6,6,6,11,2,10,1,6,1,10,2,12,12,7,11,2,10,1,3,,,12,7,,,8,1,10,7,9,10,9,10,7,7,7,7,11,10,11,10,11,11,9,10,12,2,11,6,,7,,,b'\x11\xe8\xe1I\xeb4]T\x9a\xbe\x12\xdf\x17\xaeN\x1e'
11E8E149-EB34-5D54-9ABE-12DF17AE4E1E,2021-ncaa-d3-natl,ncaa,148,183,146,182,146,157,161,134,235,139,114,241,178,164,215,233,116,118,128,114,149,134,126,248,234,234,179,223,47,127,157,162,214,155,203,147,101,184,206,203,128,166,194,234,,,199,240,,,223,127,14,21,169,180,58,136,27,212,197,75,70,64,46,21,108,165,142,146,245,126,227,,272,,,215,160,136,143,136,147,135,166,140,161,88,171,221,206,223,205,257,155,158,127,167,140,202,101,259,170,214,153,157,156,203,188,257,101,89,150,178,188,114,74,,,111,88,,,223,155,232,145,209,227,175,214,170,161,174,222,277,265,267,237,268,214,221,223,234,42,224,116,,36,,,b'\x11\xe8\xe1I\xeb4]T\x9a\xbe\x12\xdf\x17\xaeN\x1e'
11E8E149-EB38-E50E-9ABE-12DF17AE4E1E,2018-ncaa-d3-conf-American Rivers,ncaa,2,2,1,2,3,2,1,1,4,1,1,3,5,4,4,7,3,3,2,3,8,1,1,4,4,3,9,8,7,1,1,2,6,1,3,3,7,5,3,3,3,3,2,2,,,4,3,,,2,2,3,5,2,1,2,1,2,5,7,4,7,7,2,3,3,3,1,4,4,3,3,,3,,,2,5,4,9,2,5,9,2,4,6,3,4,5,5,4,4,3,8,8,2,2,2,4,2,5,8,6,7,1,7,3,3,3,3,4,2,5,4,3,2,,,5,7,,,2,8,3,2,2,3,3,8,3,8,3,5,4,4,4,5,6,7,5,5,3,3,4,2,,7,,,b'\x11\xe8\xe1I\xeb8\xe5\x0e\x9a\xbe\x12\xdf\x17\xaeN\x1e'
11E8E149-EB38-E50E-9ABE-12DF17AE4E1E,2018-ncaa-d3-natl,ncaa,89,138,43,126,57,26,30,41,59,48,82,57,56,73,80,162,61,127,23,123,263,53,55,56,47,46,200,172,269,172,277,26,130,61,167,83,297,278,122,127,133,227,49,72,,,381,243,,,138,31,79,271,36,38,92,72,164,96,124,105,202,195,100,131,274,50,122,121,160,196,64,,293,,,148,428,416,431,221,380,386,224,407,416,263,314,387,355,397,346,227,433,416,259,277,290,304,306,242,327,130,368,277,363,167,283,71,126,257,188,326,212,268,163,,,99,269,,,138,419,62,267,146,326,307,337,263,267,341,351,333,256,247,337,331,209,215,211,171,215,242,195,,208,,,b'\x11\xe8\xe1I\xeb8\xe5\x0e\x9a\xbe\x12\xdf\x17\xaeN\x1e'
11E8E149-EB38-E50E-9ABE-12DF17AE4E1E,2019-ncaa-d3-conf-American Rivers,ncaa,4,4,1,4,2,4,4,1,6,2,1,5,7,5,8,6,3,3,6,3,6,1,1,7,7,6,9,9,5,1,4,5,4,2,4,5,7,4,2,5,1,1,3,3,,,9,9,,,4,2,5,5,6,6,2,2,1,9,6,4,4,4,2,3,2,7,4,5,4,2,3,,9,,,4,3,1,1,2,1,3,1,2,2,5,2,9,9,7,9,9,4,7,2,3,2,8,3,9,5,4,8,4,8,4,2,3,1,1,1,1,1,5,4,,,4,7,,,4,8,5,2,4,2,1,1,1,2,1,1,9,8,9,2,4,3,8,6,2,1,1,5,,5,,,b'\x11\xe8\xe1I\xeb8\xe5\x0e\x9a\xbe\x12\xdf\x17\xaeN\x1e'
11E8E149-EB38-E50E-9ABE-12DF17AE4E1E,2019-ncaa-d3-natl,ncaa,206,219,215,219,240,184,173,143,236,143,169,129,267,141,404,186,194,195,202,198,238,146,132,265,259,254,320,313,228,191,268,279,137,263,266,183,248,299,244,242,39,27,88,49,,,422,433,,,188,123,59,105,153,143,63,103,140,270,122,176,174,176,74,59,171,281,240,161,306,25,77,,438,,,189,221,117,87,235,68,80,174,340,231,406,291,413,386,413,388,431,121,275,289,352,187,423,342,420,73,137,342,268,240,266,148,208,44,24,39,239,200,314,274,,,171,237,,,188,318,265,139,197,255,138,77,98,69,340,244,422,394,397,139,329,97,358,271,162,17,251,318,,130,,,b'\x11\xe8\xe1I\xeb8\xe5\x0e\x9a\xbe\x12\xdf\x17\xaeN\x1e'
11E8E149-EB38-E50E-9ABE-12DF17AE4E1E,2020-ncaa-d3-conf-American Rivers,ncaa,3,3,1,3,3,3,2,1,3,1,1,4,7,6,7,8,3,5,2,5,8,2,1,4,4,4,8,8,4,1,3,4,2,2,2,2,4,5,5,3,3,3,4,4,,,8,7,,,4,2,4,4,4,3,3,1,1,7,7,5,5,5,4,3,1,5,2,2,5,3,4,,6,,,4,6,6,3,6,7,6,5,5,2,8,2,5,6,1,6,7,3,8,5,5,5,4,5,5,2,2,7,3,4,2,3,4,2,2,3,3,2,2,1,,,5,6,,,4,8,4,3,4,4,5,2,5,6,4,1,5,5,5,2,3,2,5,4,3,2,2,2,,5,,,b'\x11\xe8\xe1I\xeb8\xe5\x0e\x9a\xbe\x12\xdf\x17\xaeN\x1e'
11E8E149-EB38-E50E-9ABE-12DF17AE4E1E,2020-ncaa-d3-natl,ncaa,149,136,198,150,237,101,76,147,30,54,133,26,194,200,210,244,181,274,30,267,333,168,159,59,55,73,341,301,321,233,174,326,66,308,156,82,155,247,218,110,63,48,145,106,,,293,322,,,154,130,64,155,47,30,81,25,103,199,199,166,266,260,107,97,213,356,317,37,266,50,127,,326,,,150,310,315,83,418,291,107,406,304,148,423,231,253,237,291,230,307,88,203,423,424,334,245,272,203,25,66,112,174,50,156,228,149,49,31,94,179,157,88,58,,,259,328,,,154,302,99,259,157,311,315,100,290,115,309,170,262,255,253,113,247,22,130,56,241,35,189,83,,245,,,b'\x11\xe8\xe1I\xeb8\xe5\x0e\x9a\xbe\x12\xdf\x17\xaeN\x1e'
11E8E149-EB38-E50E-9ABE-12DF17AE4E1E,2021-ncaa-d3-conf-American Rivers,ncaa,8,8,7,8,7,8,8,8,5,8,9,6,6,7,5,6,9,9,9,9,9,8,8,6,7,8,6,5,9,8,5,6,3,6,2,6,5,7,8,7,9,9,7,6,,,5,7,,,8,8,6,5,8,7,8,7,7,6,7,9,9,9,8,8,8,2,4,6,8,9,6,,5,,,8,3,2,4,6,4,5,6,4,2,6,3,5,4,8,4,5,4,2,5,6,8,6,4,5,2,3,1,5,1,2,4,7,9,9,9,7,9,5,8,,,9,8,,,8,2,8,8,8,8,7,7,7,9,6,5,9,7,7,8,4,4,3,3,7,9,8,7,,9,,,b'\x11\xe8\xe1I\xeb8\xe5\x0e\x9a\xbe\x12\xdf\x17\xaeN\x1e'
11E8E149-EB38-E50E-9ABE-12DF17AE4E1E,2021-ncaa-d3-natl,ncaa,215,250,112,242,130,159,149,156,161,157,171,150,103,106,126,51,190,182,237,182,212,160,134,134,168,231,99,51,255,138,131,115,68,121,91,141,99,238,277,246,184,255,125,140,,,174,202,,,264,133,150,110,237,217,257,239,266,105,113,262,256,252,265,181,179,122,147,180,272,256,152,,176,,,247,199,189,166,221,174,147,215,219,187,242,222,204,184,260,183,198,166,152,237,253,266,240,227,178,130,68,136,131,134,91,203,187,164,235,246,249,274,178,235,,,162,230,,,264,157,233,251,246,236,204,171,158,107,251,225,227,186,192,174,125,68,68,68,213,235,272,184,,244,,,b'\x11\xe8\xe1I\xeb8\xe5\x0e\x9a\xbe\x12\xdf\x17\xaeN\x1e'
11E8E149-EB38-E50E-9ABE-12DF17AE4E1E,2022-ncaa-d3-conf-American Rivers,ncaa,5,5,1,5,3,5,4,4,5,4,3,7,4,4,4,6,8,8,6,8,9,4,3,5,5,6,6,5,7,1,1,1,2,1,1,4,5,8,7,5,9,9,5,7,,,7,6,,,5,4,7,5,5,5,4,5,5,5,6,9,8,8,5,6,1,3,1,6,7,9,6,,5,,,5,9,9,8,6,9,9,5,7,3,9,1,8,7,4,7,4,9,6,8,7,8,4,3,4,3,2,7,1,5,1,6,2,8,8,7,7,6,9,8,,,4,8,,,5,6,5,7,5,6,7,6,7,8,4,1,6,6,6,6,3,2,2,2,5,9,6,9,,8,,,b'\x11\xe8\xe1I\xeb8\xe5\x0e\x9a\xbe\x12\xdf\x17\xaeN\x1e'
11E8E149-EB38-E50E-9ABE-12DF17AE4E1E,2022-ncaa-d3-natl,ncaa,256,341,61,291,76,166,156,142,199,192,194,211,86,95,106,120,304,309,240,303,326,164,107,176,202,246,162,86,384,133,165,78,41,91,80,139,158,385,333,265,324,377,208,249,,,351,335,,,324,110,270,204,255,212,255,279,295,105,145,379,385,382,301,244,196,135,163,191,314,386,257,,281,,,309,404,384,319,338,347,316,279,390,298,410,206,382,369,322,368,313,338,278,356,372,402,320,298,268,101,41,263,165,188,80,314,130,326,384,364,393,360,361,348,,,267,371,,,324,317,240,366,315,325,300,190,253,194,348,208,340,316,313,222,97,45,129,83,223,404,337,325,,378,,,b'\x11\xe8\xe1I\xeb8\xe5\x0e\x9a\xbe\x12\xdf\x17\xaeN\x1e'
11E8E149-EB38-E50E-9ABE-12DF17AE4E1E,2023-ncaa-d3-conf-American Rivers,ncaa,5,5,1,5,2,4,4,6,4,4,4,5,4,6,3,6,1,3,1,3,2,6,2,4,4,5,3,6,2,4,2,1,2,1,1,5,5,9,8,8,5,6,4,5,,,9,7,,,6,2,4,4,5,7,8,7,7,5,8,2,4,4,8,5,4,2,2,7,9,6,4,,8,,,6,6,7,8,5,8,9,5,4,6,1,2,7,7,5,7,4,9,8,5,5,5,1,1,5,5,2,2,2,4,1,4,1,7,7,5,8,8,7,6,,,2,5,,,6,8,5,4,5,4,4,6,5,8,2,5,5,5,5,6,5,4,1,2,3,7,8,6,,4,,,b'\x11\xe8\xe1I\xeb8\xe5\x0e\x9a\xbe\x12\xdf\x17\xaeN\x1e'
11E8E149-EB38-E50E-9ABE-12DF17AE4E1E,2023-ncaa-d3-natl,ncaa,171,223,63,204,64,133,167,224,102,185,278,70,117,122,137,121,68,152,13,158,95,214,109,87,59,178,122,165,105,179,133,33,40,70,26,152,184,413,390,318,300,366,97,118,,,327,258,,,256,98,232,12,180,227,355,252,370,150,172,88,218,228,350,223,235,34,105,208,378,371,116,,253,,,250,386,381,384,269,352,289,323,357,401,139,346,308,283,337,286,227,384,320,276,277,350,246,283,173,125,40,106,133,91,26,229,59,313,383,306,402,374,220,270,,,61,91,,,256,354,189,301,234,300,302,291,280,177,306,351,246,211,216,284,189,80,41,37,167,382,363,163,,102,,,b'\x11\xe8\xe1I\xeb8\xe5\x0e\x9a\xbe\x12\xdf\x17\xaeN\x1e'
11E8E149-EB38-E50E-9ABE-12DF17AE4E1E,2024-ncaa-d3-conf-American Rivers,ncaa,6,6,5,6,6,6,6,4,6,5,4,6,6,5,5,6,6,5,3,5,7,6,1,6,6,6,7,6,5,1,1,4,5,1,1,6,3,8,8,6,6,6,4,4,,,8,8,,,6,6,5,5,5,4,3,4,3,6,5,4,4,4,3,1,1,2,1,6,8,6,4,,8,,,6,7,6,5,6,7,3,7,5,5,4,7,7,8,2,8,8,6,6,6,7,6,7,4,8,5,5,1,1,3,1,4,3,7,7,5,8,7,6,5,,,4,5,,,6,5,6,6,6,7,5,6,7,5,6,6,7,7,7,7,6,6,4,4,4,7,8,7,,4,,,b'\x11\xe8\xe1I\xeb8\xe5\x0e\x9a\xbe\x12\xdf\x17\xaeN\x1e'
11E8E149-EB38-E50E-9ABE-12DF17AE4E1E,2024-ncaa-d3-natl,ncaa,227,275,112,249,128,152,154,157,149,151,188,146,160,168,156,196,132,199,60,215,245,169,116,141,130,194,195,200,196,124,87,100,39,100,44,177,257,367,321,286,145,155,177,156,,,315,313,,,224,125,159,67,150,166,187,168,202,185,188,148,227,242,200,122,125,91,95,196,340,158,201,,299,,,224,345,302,257,294,213,136,306,407,393,353,390,291,273,288,271,326,262,259,339,340,339,379,395,203,81,39,138,87,94,44,189,67,200,234,183,393,365,283,263,,,152,213,,,224,309,180,278,221,307,270,213,183,86,395,377,269,251,248,210,210,55,100,61,166,235,374,268,,168,,,b'\x11\xe8\xe1I\xeb8\xe5\x0e\x9a\xbe\x12\xdf\x17\xaeN\x1e'
11E8E149-EB38-E50E-9ABE-12DF17AE4E1E,2025-ncaa-d3-conf-American Rivers,genius_ncaa,3,4,1,4,2,2,1,1,3,1,2,2,5,3,5,5,6,7,3,7,9,1,1,4,4,4,8,7,9,2,3,1,3,1,2,2,8,8,5,5,6,8,1,2,,,5,3,,4,4,1,2,3,2,2,1,1,3,6,5,9,8,8,3,3,4,1,1,3,6,9,1,,4,,4,4,6,6,9,2,8,9,2,3,4,5,1,9,9,7,9,4,9,9,2,2,2,1,1,9,6,3,6,3,6,2,3,1,5,7,5,4,3,4,4,,,4,8,,6,4,9,4,2,4,5,4,7,7,9,3,3,9,9,9,7,6,5,3,4,2,8,3,4,,6,,7,b'\x11\xe8\xe1I\xeb8\xe5\x0e\x9a\xbe\x12\xdf\x17\xaeN\x1e'
11E8E149-EB38-E50E-9ABE-12DF17AE4E1E,2025-ncaa-d3-natl,genius_ncaa,82,94,55,92,84,41,28,94,9,44,197,3,36,53,67,63,287,352,27,342,366,127,133,9,10,16,239,108,413,274,281,36,20,96,62,50,201,184,134,52,233,282,27,34,,,130,86,,138,90,93,188,212,31,18,121,39,280,45,67,343,398,394,192,249,335,28,141,47,125,292,32,,57,,119,89,349,352,353,263,317,289,261,341,346,272,283,207,205,236,198,151,338,290,278,258,305,212,282,133,74,20,211,281,136,62,204,65,262,331,244,113,82,152,136,,,281,358,,240,90,329,29,248,83,249,264,244,235,183,282,279,149,138,135,221,143,48,107,63,138,340,84,105,,369,,270,b'\x11\xe8\xe1I\xeb8\xe5\x0e\x9a\xbe\x12\xdf\x17\xaeN\x1e'
11E8E149-EB38-E50E-9ABE-12DF17AE4E1E,2026-ncaa-d3-conf-American Rivers,genius_ncaa,3,5,1,5,1,4,3,5,3,5,4,7,3,5,3,5,5,5,3,5,7,6,4,3,3,5,5,4,7,3,4,3,7,4,7,5,7,9,9,9,3,6,1,1,,,5,4,,9,6,4,6,1,6,5,6,7,4,4,6,7,7,7,7,4,3,3,4,7,9,4,1,,5,,9,6,5,5,7,3,6,7,6,3,9,1,7,4,4,5,4,4,7,8,2,2,4,2,2,5,9,7,6,4,7,7,4,1,4,7,4,9,9,8,7,,,6,8,,6,6,5,6,6,6,4,5,6,6,6,2,7,4,4,4,6,8,8,6,7,2,5,9,7,,8,,8,b'\x11\xe8\xe1I\xeb8\xe5\x0e\x9a\xbe\x12\xdf\x17\xaeN\x1e'
11E8E149-EB38-E50E-9ABE-12DF17AE4E1E,2026-ncaa-d3-natl,genius_ncaa,98,132,116,138,212,92,83,171,36,135,234,28,41,90,44,75,213,234,141,223,204,188,166,17,22,66,125,68,342,309,318,178,214,228,251,65,126,279,260,150,168,229,128,171,,,175,76,,324,221,140,79,413,69,75,210,146,314,35,89,248,283,277,246,200,355,212,307,57,260,195,150,,110,,324,222,334,353,308,355,316,267,322,382,338,382,309,158,190,67,200,148,300,282,374,335,345,237,356,37,241,214,211,318,216,251,302,119,190,269,274,314,312,151,173,,,257,355,,201,221,291,109,326,208,349,361,327,313,252,386,345,95,147,154,314,290,206,143,165,294,232,305,120,,346,,217,b'\x11\xe8\xe1I\xeb8\xe5\x0e\x9a\xbe\x12\xdf\x17\xaeN\x1e'
11E8E149-EB3D-9F2C-9ABE-12DF17AE4E1E,2018-ncaa-d3-conf-MAC Commonwealth,ncaa,3,3,4,3,4,4,4,4,4,5,6,4,1,3,2,3,5,6,1,6,5,4,4,3,3,3,3,3,7,5,2,4,6,5,4,4,6,3,5,4,5,6,3,1,,,8,9,,,3,4,6,3,3,4,5,6,6,1,3,5,6,6,5,5,4,3,3,4,4,6,1,,9,,,3,4,2,4,3,1,1,2,9,9,9,9,8,8,2,8,9,6,6,3,3,4,9,9,9,7,6,1,2,4,4,4,5,5,5,4,2,3,5,5,,,5,3,,,3,6,3,4,3,3,3,3,1,1,9,8,8,9,9,5,5,6,2,4,4,5,2,6,,4,,,"b'\x11\xe8\xe1I\xeb=\x9f,\x9a\xbe\x12\xdf\x17\xaeN\x1e'"
11E8E149-EB3D-9F2C-9ABE-12DF17AE4E1E,2018-ncaa-d3-natl,ncaa,138,88,305,106,326,201,203,251,146,189,195,203,214,304,71,288,214,297,34,293,326,265,305,144,129,118,248,220,243,192,106,242,252,227,151,200,223,88,136,135,228,214,39,18,,,242,314,,,130,333,239,138,129,124,148,129,117,178,266,171,274,265,157,216,140,139,119,148,137,211,24,,312,,,122,76,54,121,53,53,135,37,180,169,202,204,258,276,170,282,332,128,130,58,71,99,351,261,372,247,252,73,106,118,151,90,235,246,218,163,63,88,333,331,,,289,242,,,130,122,113,140,119,130,101,214,92,226,216,214,330,349,353,233,247,306,127,190,145,207,93,375,,245,,,"b'\x11\xe8\xe1I\xeb=\x9f,\x9a\xbe\x12\xdf\x17\xaeN\x1e'"
11E8E149-EB3D-9F2C-9ABE-12DF17AE4E1E,2019-ncaa-d3-conf-MAC Commonwealth,ncaa,2,2,1,2,2,3,2,4,2,2,4,1,7,6,7,5,5,4,3,4,4,4,4,2,2,3,7,7,5,5,4,1,6,3,4,2,4,3,2,3,6,6,2,3,,,5,3,,,3,3,8,5,4,3,8,3,7,7,7,5,5,5,8,8,7,3,5,2,2,6,2,,2,,,3,5,4,9,2,5,8,2,7,8,3,6,7,4,8,4,1,8,8,1,1,2,7,7,7,8,6,3,4,6,4,7,8,6,7,6,2,2,4,5,,,2,2,,,3,7,3,3,2,2,2,5,3,5,5,6,4,2,2,4,5,7,2,3,7,7,2,2,,3,,,"b'\x11\xe8\xe1I\xeb=\x9f,\x9a\xbe\x12\xdf\x17\xaeN\x1e'"
11E8E149-EB3D-9F2C-9ABE-12DF17AE4E1E,2019-ncaa-d3-natl,ncaa,118,104,129,120,170,182,155,260,77,83,133,64,373,358,354,368,154,181,146,174,235,241,285,135,131,116,403,408,165,285,222,171,211,224,168,140,162,100,127,91,238,244,68,80,,,111,108,,,132,272,372,192,207,168,336,63,154,390,380,171,194,188,318,372,323,192,271,141,71,266,69,,82,,,131,123,126,234,73,149,292,60,155,156,221,155,174,105,434,100,81,190,180,71,89,122,228,220,237,246,211,122,222,159,168,240,345,257,253,261,131,167,243,204,,,182,110,,,132,178,132,144,131,93,110,194,124,255,137,121,156,94,91,141,101,220,84,117,207,291,120,228,,207,,,"b'\x11\xe8\xe1I\xeb=\x9f,\x9a\xbe\x12\xdf\x17\xaeN\x1e'"
11E8E149-EB3D-9F2C-9ABE-12DF17AE4E1E,2020-ncaa-d3-conf-MAC Commonwealth,ncaa,5,4,4,5,4,5,4,5,4,4,6,5,3,5,4,3,8,7,8,7,5,5,4,4,4,4,6,3,8,4,5,6,4,6,5,4,3,8,8,4,6,8,6,6,,,5,5,,,5,5,6,2,4,4,7,5,8,3,5,8,8,8,7,5,4,6,6,2,7,7,6,,6,,,5,8,6,6,7,7,5,7,4,5,8,5,8,7,9,7,7,4,3,7,7,7,7,4,7,4,4,3,5,3,5,8,6,6,5,9,9,8,5,5,,,8,8,,,5,5,4,7,5,6,7,4,7,6,5,4,7,7,7,5,5,4,4,4,7,6,8,5,,8,,,"b'\x11\xe8\xe1I\xeb=\x9f,\x9a\xbe\x12\xdf\x17\xaeN\x1e'"
11E8E149-EB3D-9F2C-9ABE-12DF17AE4E1E,2020-ncaa-d3-natl,ncaa,149,163,126,164,127,144,95,132,108,74,73,162,190,284,73,324,279,260,311,254,360,144,122,129,163,172,342,263,383,126,151,125,203,130,164,111,181,271,226,162,190,221,77,123,,,209,155,,,198,129,214,8,143,85,131,62,75,217,306,316,289,286,153,139,140,127,131,113,254,215,82,,175,,,198,313,311,311,236,345,370,198,158,126,269,70,332,329,243,331,223,328,306,202,216,251,131,100,288,264,203,246,151,263,164,327,290,227,288,311,337,304,376,293,,,254,345,,,198,305,178,260,200,265,262,264,300,347,140,90,300,312,310,279,255,240,205,224,298,255,319,365,,313,,,"b'\x11\xe8\xe1I\xeb=\x9f,\x9a\xbe\x12\xdf\x17\xaeN\x1e'"
11E8E149-EB3D-9F2C-9ABE-12DF17AE4E1E,2021-ncaa-d3-conf-MAC Freedom,ncaa,5,3,7,5,7,7,7,7,2,7,7,3,7,7,3,8,6,7,5,7,4,7,7,2,3,6,7,7,4,7,7,7,2,7,3,6,5,3,8,6,7,6,7,4,,,2,5,,,7,7,1,1,3,3,7,3,4,7,8,5,2,2,7,2,8,3,7,3,8,6,3,,6,,,7,2,2,2,7,3,2,7,4,2,7,7,2,2,8,2,3,2,2,7,7,7,5,7,3,2,2,2,7,2,3,5,7,7,8,8,4,8,3,6,,,7,1,,,7,2,6,7,7,8,8,8,7,6,8,7,5,3,3,8,7,2,3,2,7,8,8,7,,1,,,"b'\x11\xe8\xe1I\xeb=\x9f,\x9a\xbe\x12\xdf\x17\xaeN\x1e'"
11E8E149-EB3D-9F2C-9ABE-12DF17AE4E1E,2021-ncaa-d3-natl,ncaa,176,92,220,164,221,229,226,230,107,211,215,143,259,255,204,281,229,225,238,223,203,229,223,167,187,241,277,279,141,244,232,216,26,223,109,215,77,90,278,238,228,172,164,71,,,61,103,,,203,222,81,80,241,204,265,91,77,278,282,207,180,156,262,150,250,71,164,148,276,173,48,,104,,,227,63,65,65,179,69,69,172,63,64,149,115,61,56,240,57,50,65,63,173,150,189,72,113,71,46,26,58,232,55,109,77,249,228,202,242,99,266,103,246,,,216,114,,,203,64,248,154,225,168,199,212,207,214,143,130,92,62,61,179,143,37,123,77,237,200,264,267,,117,,,"b'\x11\xe8\xe1I\xeb=\x9f,\x9a\xbe\x12\xdf\x17\xaeN\x1e'"
11E8E149-EB3D-9F2C-9ABE-12DF17AE4E1E,2022-ncaa-d3-conf-MAC Freedom,ncaa,6,7,5,7,5,8,8,5,8,5,3,7,9,8,9,7,3,2,7,2,3,5,4,9,9,8,8,9,2,4,3,3,3,4,3,8,9,9,7,9,7,7,4,6,,,6,4,,,7,5,3,2,8,8,5,6,3,9,7,3,3,3,5,2,3,2,2,9,8,6,4,,4,,,7,5,6,6,5,6,4,5,6,5,5,7,3,3,1,3,3,6,3,4,4,5,4,5,2,3,3,4,3,4,3,6,4,7,8,6,8,6,5,4,,,5,3,,,7,5,8,4,6,5,7,8,6,6,6,7,2,4,4,7,5,5,4,5,5,8,7,7,,4,,,"b'\x11\xe8\xe1I\xeb=\x9f,\x9a\xbe\x12\xdf\x17\xaeN\x1e'"
11E8E149-EB3D-9F2C-9ABE-12DF17AE4E1E,2022-ncaa-d3-natl,ncaa,328,365,188,345,231,357,361,271,398,305,231,378,390,280,425,268,240,185,326,190,170,263,203,409,402,399,299,373,37,119,139,180,159,149,157,346,262,399,383,392,195,197,202,216,,,218,221,,,359,236,218,290,399,402,342,355,252,400,287,234,168,172,330,180,119,155,131,384,384,204,208,,209,,,345,194,203,223,175,200,209,163,211,216,203,213,195,200,186,193,188,210,193,177,166,189,206,223,207,198,159,233,139,216,157,263,303,207,216,255,382,372,346,361,,,122,112,,,359,199,395,173,349,175,186,199,186,218,196,203,188,202,193,187,190,182,233,203,256,222,366,360,,97,,,"b'\x11\xe8\xe1I\xeb=\x9f,\x9a\xbe\x12\xdf\x17\xaeN\x1e'"
11E8E149-EB3D-9F2C-9ABE-12DF17AE4E1E,2023-ncaa-d3-conf-MAC Freedom,ncaa,8,8,6,8,8,6,6,7,7,6,4,8,5,6,6,6,8,8,2,8,7,7,6,7,7,7,4,4,4,4,3,7,2,6,3,6,5,6,7,7,6,6,7,6,,,5,7,,,7,8,4,4,6,6,5,6,4,5,5,7,8,8,6,4,3,6,4,6,7,5,6,,7,,,7,7,7,3,8,6,3,8,5,3,7,3,7,6,6,6,7,3,1,8,8,8,3,3,5,2,2,1,3,1,3,6,4,6,5,6,6,7,7,8,,,8,7,,,7,4,6,7,7,8,8,4,7,3,6,4,7,7,7,5,4,2,2,2,6,5,7,8,,8,,,"b'\x11\xe8\xe1I\xeb=\x9f,\x9a\xbe\x12\xdf\x17\xaeN\x1e'"
11E8E149-EB3D-9F2C-9ABE-12DF17AE4E1E,2023-ncaa-d3-natl,ncaa,316,345,185,334,240,288,267,233,314,258,234,292,230,181,319,169,327,338,264,336,346,252,213,316,323,339,247,192,322,111,86,201,116,157,97,236,150,334,340,301,146,120,192,185,,,203,235,,,288,260,234,288,323,296,223,278,246,238,192,357,368,365,267,190,92,183,123,243,322,139,197,,217,,,284,170,189,148,257,190,122,288,221,244,178,284,183,220,73,214,269,137,165,266,245,217,220,250,179,116,116,141,86,116,97,255,274,185,162,222,363,352,302,312,,,328,374,,,288,186,315,184,275,181,201,142,198,119,222,240,188,221,218,139,165,120,147,122,243,189,351,311,,368,,,"b'\x11\xe8\xe1I\xeb=\x9f,\x9a\xbe\x12\xdf\x17\xaeN\x1e'"
11E8E149-EB3D-9F2C-9ABE-12DF17AE4E1E,2024-ncaa-d3-conf-Landmark,ncaa,7,6,7,7,9,8,8,9,7,8,7,7,7,6,7,6,7,8,2,8,5,9,9,7,6,6,2,6,2,8,7,10,8,8,7,6,2,6,7,5,9,7,8,8,,,1,2,,,8,10,8,8,8,8,9,8,7,7,5,7,8,8,9,8,8,10,8,5,6,8,8,,1,,,8,7,9,5,9,9,4,9,8,5,10,6,1,1,7,1,2,2,1,9,9,9,2,10,2,5,8,4,7,3,7,9,10,10,8,9,8,8,10,10,,,9,7,,,8,1,6,9,8,9,9,8,9,6,10,8,3,2,2,5,4,7,5,5,9,9,8,10,,8,,,"b'\x11\xe8\xe1I\xeb=\x9f,\x9a\xbe\x12\xdf\x17\xaeN\x1e'"
11E8E149-EB3D-9F2C-9ABE-12DF17AE4E1E,2024-ncaa-d3-natl,ncaa,203,206,200,213,222,279,290,280,305,279,266,251,289,218,373,197,164,233,51,234,169,280,282,318,281,287,207,282,83,188,156,329,339,281,274,217,52,235,276,228,225,201,177,176,,,41,35,,,320,304,333,75,305,316,299,279,278,297,223,145,230,227,297,295,172,360,294,206,247,218,182,,23,,,320,261,298,199,338,257,187,307,353,248,384,287,81,57,359,58,77,158,149,351,329,331,218,352,66,278,339,157,156,207,274,349,347,247,223,340,315,331,407,409,,,239,184,,,320,127,270,346,320,274,303,233,259,197,352,274,83,50,53,168,171,287,172,226,344,242,311,412,,244,,,"b'\x11\xe8\xe1I\xeb=\x9f,\x9a\xbe\x12\xdf\x17\xaeN\x1e'"
11E8E149-EB3D-9F2C-9ABE-12DF17AE4E1E,2025-ncaa-d3-conf-Landmark,genius_ncaa,9,8,9,9,9,9,9,9,7,8,8,6,8,8,7,7,5,4,4,5,2,9,9,7,7,7,4,6,2,8,8,6,7,8,7,7,5,7,9,7,8,8,7,7,,,3,3,,4,8,9,2,5,7,8,7,8,7,7,7,2,3,3,7,4,7,5,7,7,9,8,7,,5,,5,9,7,7,5,6,6,2,7,8,9,6,9,4,5,7,5,5,5,4,6,6,6,7,8,4,7,7,6,8,6,7,7,7,10,9,9,9,9,10,9,,,7,3,,8,8,2,9,9,9,8,8,10,7,7,9,9,6,6,6,9,8,8,8,8,8,8,10,10,,3,,7,"b'\x11\xe8\xe1I\xeb=\x9f,\x9a\xbe\x12\xdf\x17\xaeN\x1e'"
11E8E149-EB3D-9F2C-9ABE-12DF17AE4E1E,2025-ncaa-d3-natl,genius_ncaa,359,374,290,363,318,309,328,316,317,306,274,305,301,270,327,235,129,168,113,170,98,302,251,328,293,323,154,268,31,301,303,233,361,272,336,238,47,339,355,310,324,357,304,306,,,106,71,,122,364,233,99,193,302,334,284,303,248,296,243,80,102,101,246,131,283,148,214,211,356,304,292,,142,,138,364,370,363,345,293,309,190,346,384,396,222,381,242,224,299,222,236,332,260,320,319,356,286,337,147,383,361,214,303,319,336,390,375,326,370,394,395,388,407,414,,,159,94,,327,364,186,333,382,360,383,379,388,341,275,387,405,312,281,276,386,352,380,291,352,386,305,388,414,,82,,322,"b'\x11\xe8\xe1I\xeb=\x9f,\x9a\xbe\x12\xdf\x17\xaeN\x1e'"
11E8E149-EB3D-9F2C-9ABE-12DF17AE4E1E,2026-ncaa-d3-conf-Landmark,genius_ncaa,6,6,1,6,1,7,7,6,8,8,6,8,4,5,7,4,8,7,6,7,5,6,3,8,7,7,3,2,5,7,7,2,8,3,6,4,1,8,8,7,4,5,5,5,,,3,2,,4,7,3,3,1,7,7,6,8,6,4,5,8,7,7,6,3,7,2,3,4,8,4,5,,3,,4,7,6,6,9,4,3,3,4,10,10,8,10,8,6,5,8,7,9,9,5,4,6,10,10,5,9,8,8,7,8,6,6,4,9,9,6,7,7,7,7,,,2,5,,2,7,8,7,6,7,6,6,9,3,3,10,10,8,6,8,9,9,9,8,8,6,9,7,7,,2,,2,"b'\x11\xe8\xe1I\xeb=\x9f,\x9a\xbe\x12\xdf\x17\xaeN\x1e'"
11E8E149-EB3D-9F2C-9ABE-12DF17AE4E1E,2026-ncaa-d3-natl,genius_ncaa,225,268,116,265,139,233,220,187,298,221,151,341,199,228,162,270,273,302,149,302,372,201,180,295,297,305,214,175,269,201,276,108,250,138,254,125,35,284,286,218,87,102,128,123,,,185,93,,130,264,174,198,113,326,297,242,285,169,231,280,340,362,361,294,245,244,93,156,148,265,99,150,,126,,119,257,213,168,264,30,118,180,50,334,368,150,381,286,256,322,271,311,264,272,61,85,107,398,369,312,328,250,288,276,308,254,122,84,158,212,89,241,222,276,258,,,219,264,,146,264,260,307,145,249,157,99,246,40,98,339,380,282,234,254,252,267,310,290,308,65,178,201,271,,284,,179,"b'\x11\xe8\xe1I\xeb=\x9f,\x9a\xbe\x12\xdf\x17\xaeN\x1e'"
11E8E149-EB42-E89C-9ABE-12DF17AE4E1E,2018-ncaa-d3-conf-ODAC,ncaa,3,3,7,3,11,9,8,8,8,6,5,6,9,8,11,9,7,6,7,6,6,7,7,8,8,9,8,10,2,2,2,11,1,6,2,7,3,7,8,7,6,3,10,9,,,2,5,,,4,10,8,11,8,6,8,5,4,8,8,4,3,3,7,5,2,9,3,6,7,4,10,,2,,,4,1,1,1,7,3,2,4,4,1,7,6,3,3,9,3,6,1,1,6,5,1,5,7,7,1,1,1,2,1,2,1,1,2,2,1,8,10,4,6,,,4,2,,,4,3,8,1,4,1,2,1,5,3,5,2,3,3,3,1,1,1,2,1,1,2,10,6,,2,,,b'\x11\xe8\xe1I\xebB\xe8\x9c\x9a\xbe\x12\xdf\x17\xaeN\x1e'
11E8E149-EB42-E89C-9ABE-12DF17AE4E1E,2018-ncaa-d3-natl,ncaa,66,49,123,60,196,195,189,200,179,110,106,154,389,365,392,385,113,103,222,107,189,174,185,244,220,224,388,409,98,69,34,210,14,129,24,128,82,213,200,144,163,120,298,296,,,73,90,,,97,248,354,425,229,220,256,97,105,401,378,113,102,111,214,247,61,256,120,128,186,178,317,,41,,,93,49,86,73,198,152,138,206,57,75,103,136,61,63,211,68,81,62,101,162,143,74,71,109,117,15,14,100,34,44,24,40,40,125,65,39,184,165,157,99,,,117,95,,,97,185,181,44,86,35,69,28,119,100,39,43,42,39,40,16,30,5,65,19,28,135,154,134,,118,,,b'\x11\xe8\xe1I\xebB\xe8\x9c\x9a\xbe\x12\xdf\x17\xaeN\x1e'
11E8E149-EB42-E89C-9ABE-12DF17AE4E1E,2019-ncaa-d3-conf-ODAC,ncaa,6,5,5,5,10,8,8,10,2,8,11,2,6,8,7,7,4,5,7,5,3,9,8,2,2,3,7,8,5,7,5,4,2,7,2,6,3,9,10,9,13,13,1,1,,,4,3,,,7,8,9,7,6,6,9,6,11,5,9,4,4,4,9,8,6,2,4,5,10,13,1,,2,,,7,5,9,9,6,9,9,6,6,3,11,4,3,3,8,3,3,7,4,8,6,10,4,6,3,1,2,3,5,2,2,3,1,13,13,9,8,10,1,1,,,5,3,,,7,6,4,9,6,7,10,11,11,11,7,5,3,3,3,10,3,2,3,2,4,13,10,1,,3,,,b'\x11\xe8\xe1I\xebB\xe8\x9c\x9a\xbe\x12\xdf\x17\xaeN\x1e'
11E8E149-EB42-E89C-9ABE-12DF17AE4E1E,2019-ncaa-d3-natl,ncaa,187,219,129,203,140,134,137,290,31,128,259,27,198,260,130,248,123,110,231,122,86,265,213,39,38,89,264,275,173,240,135,142,84,184,65,115,131,348,342,201,369,394,101,121,,,166,175,,,173,196,316,33,136,148,375,125,313,235,279,128,121,134,345,282,265,139,206,108,321,402,103,,134,,,175,289,330,288,296,345,328,274,206,176,280,143,181,178,234,173,126,266,196,285,262,330,103,157,140,116,84,64,135,68,65,115,28,348,367,257,324,318,18,18,,,148,124,,,173,233,111,294,177,239,286,250,303,299,182,147,162,156,150,227,118,100,42,45,108,391,300,9,,149,,,b'\x11\xe8\xe1I\xebB\xe8\x9c\x9a\xbe\x12\xdf\x17\xaeN\x1e'
11E8E149-EB42-E89C-9ABE-12DF17AE4E1E,2020-ncaa-d3-conf-ODAC,ncaa,8,8,3,8,4,7,6,7,3,4,4,2,6,6,5,8,7,5,11,5,6,7,6,2,5,4,8,8,9,5,5,6,2,7,3,5,6,7,8,4,8,9,2,2,,,8,8,,,6,6,10,6,6,5,8,3,8,7,7,7,5,5,7,8,6,9,6,5,5,9,2,,6,,,7,5,7,6,8,8,8,8,5,1,9,2,7,8,5,8,6,4,5,8,7,8,4,4,6,2,2,3,5,3,3,2,1,7,8,4,11,10,5,5,,,4,2,,,6,8,4,8,7,4,5,6,6,8,3,1,6,6,6,3,3,1,3,1,2,9,10,6,,3,,,b'\x11\xe8\xe1I\xebB\xe8\x9c\x9a\xbe\x12\xdf\x17\xaeN\x1e'
11E8E149-EB42-E89C-9ABE-12DF17AE4E1E,2020-ncaa-d3-natl,ncaa,202,245,65,217,113,163,140,213,79,103,168,72,220,249,173,282,189,131,351,125,160,191,178,97,128,159,314,290,266,198,157,118,42,151,73,146,199,261,255,189,294,305,46,62,,,245,284,,,147,176,344,303,221,184,344,136,262,271,304,250,185,178,327,332,250,197,236,176,203,343,55,,168,,,152,181,202,216,191,268,329,145,90,73,230,56,250,247,254,249,174,216,188,149,156,206,106,87,272,86,42,136,157,97,73,45,15,264,274,106,263,255,259,236,,,102,97,,,147,243,168,167,153,106,132,101,184,232,51,31,190,182,185,95,54,47,63,41,25,341,217,222,,165,,,b'\x11\xe8\xe1I\xebB\xe8\x9c\x9a\xbe\x12\xdf\x17\xaeN\x1e'
11E8E149-EB42-E89C-9ABE-12DF17AE4E1E,2021-ncaa-d3-conf-ODAC,ncaa,1,3,2,3,2,3,3,4,1,2,2,1,5,6,2,10,2,1,4,1,4,4,4,2,2,4,10,10,4,2,2,2,3,2,2,3,7,9,5,4,4,8,1,1,,,7,2,,,2,4,10,2,5,5,10,3,4,8,10,2,2,2,9,9,5,5,5,6,5,9,1,,1,,,4,9,9,9,2,8,8,3,9,9,6,7,6,5,3,5,1,9,8,3,1,3,6,9,3,7,3,6,2,6,2,6,1,4,7,3,8,8,8,2,,,1,1,,,2,8,4,3,3,2,3,5,3,4,8,7,1,1,1,3,1,2,1,1,1,9,5,4,,1,,,b'\x11\xe8\xe1I\xebB\xe8\x9c\x9a\xbe\x12\xdf\x17\xaeN\x1e'
11E8E149-EB42-E89C-9ABE-12DF17AE4E1E,2021-ncaa-d3-natl,ncaa,18,28,61,30,62,63,63,86,30,50,57,62,130,168,38,265,47,51,96,45,102,79,84,42,37,47,230,241,83,84,60,69,27,71,23,63,134,189,132,89,135,227,18,27,,,154,59,,,45,83,221,50,83,87,222,46,79,207,265,54,58,56,185,210,156,117,134,99,103,242,25,,36,,,69,192,197,211,95,186,206,81,211,211,187,184,139,137,106,136,49,204,197,110,88,123,142,224,52,142,27,144,60,137,23,141,27,118,194,115,184,138,162,78,,,55,23,,,45,204,57,89,66,77,107,127,92,120,177,149,36,42,43,86,40,29,14,12,38,230,110,87,,51,,,b'\x11\xe8\xe1I\xebB\xe8\x9c\x9a\xbe\x12\xdf\x17\xaeN\x1e'
11E8E149-EB42-E89C-9ABE-12DF17AE4E1E,2022-ncaa-d3-conf-ODAC,ncaa,5,6,2,6,2,4,5,4,4,3,6,4,7,7,7,8,1,1,4,1,2,4,4,5,4,5,7,9,2,6,8,3,5,5,7,5,6,9,7,6,7,10,2,2,,,2,1,,,5,2,6,3,3,5,10,3,6,8,8,1,2,2,7,5,6,3,4,5,7,8,1,,1,,,6,8,9,12,2,7,10,2,11,12,9,11,2,2,11,1,1,12,12,5,5,7,9,12,1,10,5,10,8,10,7,11,10,6,8,9,8,7,5,4,,,1,1,,,5,11,5,7,6,7,8,11,3,7,11,12,1,1,1,10,8,7,8,8,10,8,6,4,,1,,,b'\x11\xe8\xe1I\xebB\xe8\x9c\x9a\xbe\x12\xdf\x17\xaeN\x1e'
11E8E149-EB42-E89C-9ABE-12DF17AE4E1E,2022-ncaa-d3-natl,ncaa,131,156,107,149,110,127,160,210,119,127,182,95,250,213,277,269,17,34,109,36,53,175,166,145,102,138,233,320,41,189,205,73,241,109,173,167,218,259,229,214,218,266,34,39,,,97,42,,,146,156,282,32,142,180,294,138,235,286,264,27,53,54,230,240,224,54,122,203,209,257,31,,46,,,152,244,264,357,78,180,307,63,382,378,250,347,95,59,390,56,24,318,306,106,95,142,312,381,66,355,241,216,205,289,173,249,206,217,292,257,271,227,230,208,,,68,61,,,146,270,144,178,155,171,195,336,133,253,350,355,59,24,19,278,233,323,141,233,207,276,228,205,,81,,,b'\x11\xe8\xe1I\xebB\xe8\x9c\x9a\xbe\x12\xdf\x17\xaeN\x1e'
11E8E149-EB42-E89C-9ABE-12DF17AE4E1E,2023-ncaa-d3-conf-ODAC,ncaa,9,9,6,9,7,7,9,9,9,12,13,10,2,2,2,1,5,7,6,6,1,8,10,8,8,8,1,1,5,9,11,6,9,9,10,7,4,2,6,6,11,9,9,9,,,6,8,,,8,10,9,3,6,8,8,12,13,2,1,5,5,4,6,7,9,7,8,7,5,11,9,,8,,,8,9,9,7,10,9,8,10,4,4,7,5,10,7,13,7,6,8,5,10,10,9,4,2,8,6,9,10,11,10,10,10,9,7,7,10,4,4,9,13,,,4,1,,,8,5,8,10,8,10,9,9,9,9,5,3,11,8,8,8,6,9,11,11,9,6,5,10,,3,,,b'\x11\xe8\xe1I\xebB\xe8\x9c\x9a\xbe\x12\xdf\x17\xaeN\x1e'
11E8E149-EB42-E89C-9ABE-12DF17AE4E1E,2023-ncaa-d3-natl,ncaa,316,372,109,346,130,208,292,238,347,392,379,382,25,31,46,18,107,115,134,120,17,219,170,243,217,264,2,4,77,224,275,285,329,273,338,250,133,334,319,311,269,315,289,329,,,336,294,,,326,157,206,179,257,350,312,415,416,21,28,111,129,135,292,237,254,372,346,279,295,305,312,,319,,,319,378,366,279,371,391,320,371,156,175,158,113,383,339,414,347,281,307,307,337,365,348,109,56,317,314,329,320,275,330,338,333,217,138,183,253,336,313,405,428,,,44,23,,,326,289,272,344,311,330,322,224,353,266,132,131,368,325,327,247,251,268,274,274,289,165,301,399,,45,,,b'\x11\xe8\xe1I\xebB\xe8\x9c\x9a\xbe\x12\xdf\x17\xaeN\x1e'
11E8E149-EB42-E89C-9ABE-12DF17AE4E1E,2024-ncaa-d3-conf-ODAC,ncaa,7,7,3,7,3,4,4,4,6,6,12,4,2,1,3,1,8,7,6,7,5,4,4,3,4,4,1,1,11,8,8,4,3,4,5,6,5,11,8,5,8,9,7,8,,,9,6,,,7,4,4,4,3,4,4,8,12,2,1,8,9,8,4,4,8,4,6,6,9,8,7,,9,,,7,10,9,11,8,11,12,9,1,2,2,2,11,11,12,11,6,10,10,6,6,8,3,1,11,4,3,11,8,6,5,3,1,6,7,4,10,9,12,12,,,7,11,,,7,10,4,7,7,8,8,9,10,11,1,2,11,11,11,9,9,4,8,6,5,6,10,12,,9,,,b'\x11\xe8\xe1I\xebB\xe8\x9c\x9a\xbe\x12\xdf\x17\xaeN\x1e'
11E8E149-EB42-E89C-9ABE-12DF17AE4E1E,2024-ncaa-d3-natl,ncaa,162,185,112,178,125,138,156,155,158,259,318,130,30,38,77,29,203,180,256,185,71,163,133,98,112,141,40,28,292,183,214,118,157,143,168,132,131,320,278,207,171,190,154,215,,,289,248,,,146,129,168,46,127,169,184,293,373,25,35,220,208,213,189,153,207,123,147,134,285,183,174,,268,,,146,248,243,265,182,334,363,189,27,59,26,18,347,341,293,344,230,281,295,118,149,157,54,11,344,222,157,273,214,255,168,69,12,163,196,71,310,273,294,353,,,183,239,,,146,300,150,147,150,185,199,219,301,343,21,34,330,315,323,245,253,189,221,206,53,184,288,280,,212,,,b'\x11\xe8\xe1I\xebB\xe8\x9c\x9a\xbe\x12\xdf\x17\xaeN\x1e'
11E8E149-EB42-E89C-9ABE-12DF17AE4E1E,2025-ncaa-d3-conf-ODAC,genius_ncaa,9,7,8,9,9,9,10,10,8,12,13,9,3,4,3,1,10,13,7,13,8,12,13,7,7,7,3,1,12,13,13,9,5,13,12,9,6,5,7,7,13,12,6,6,,,2,2,,3,9,9,5,5,7,9,9,11,11,1,1,11,13,13,11,12,13,9,13,7,6,12,6,,3,,4,9,4,4,5,6,6,8,7,4,3,6,4,5,4,10,4,5,4,3,7,8,8,4,3,10,3,5,6,13,4,12,5,6,12,10,8,6,8,8,10,,,11,6,,3,9,4,8,8,9,8,7,7,7,9,6,6,8,7,7,7,7,5,10,8,6,9,7,10,,10,,3,b'\x11\xe8\xe1I\xebB\xe8\x9c\x9a\xbe\x12\xdf\x17\xaeN\x1e'
11E8E149-EB42-E89C-9ABE-12DF17AE4E1E,2025-ncaa-d3-natl,genius_ncaa,250,242,290,256,338,311,315,336,254,358,385,229,105,111,129,28,353,361,265,364,191,349,360,183,204,241,34,18,330,406,408,251,138,358,326,292,205,171,283,254,361,356,183,183,,,118,172,,236,254,317,215,366,306,303,344,368,396,67,66,356,358,360,362,359,414,162,365,280,227,353,168,,161,,272,254,79,96,122,127,155,179,171,46,108,39,146,185,167,252,156,178,120,96,96,99,159,104,74,256,104,138,224,408,163,326,32,28,316,287,134,165,258,174,338,,,273,135,,40,254,113,293,152,248,156,167,225,225,257,77,160,232,225,208,224,173,136,297,239,53,294,207,212,,231,,28,b'\x11\xe8\xe1I\xebB\xe8\x9c\x9a\xbe\x12\xdf\x17\xaeN\x1e'
11E8E149-EB42-E89C-9ABE-12DF17AE4E1E,2026-ncaa-d3-conf-ODAC,genius_ncaa,8,7,3,8,3,7,9,5,10,8,6,10,5,6,6,7,5,6,2,6,7,4,4,10,8,9,3,4,5,7,8,2,5,3,5,8,8,10,11,10,10,10,4,5,,,8,8,,11,8,4,2,1,7,9,4,8,5,4,5,5,6,6,3,2,6,1,1,7,12,9,4,,10,,11,8,7,6,10,4,8,10,5,4,5,5,3,8,8,4,8,8,10,9,4,4,6,5,5,7,8,5,7,8,8,5,6,6,11,11,9,11,11,11,11,,,5,7,,6,8,9,9,6,8,9,8,12,10,11,6,7,10,10,10,12,11,10,9,10,7,10,12,11,,4,,5,b'\x11\xe8\xe1I\xebB\xe8\x9c\x9a\xbe\x12\xdf\x17\xaeN\x1e'
11E8E149-EB42-E89C-9ABE-12DF17AE4E1E,2026-ncaa-d3-natl,genius_ncaa,98,68,215,92,243,190,200,210,213,221,230,219,132,159,138,150,123,189,37,183,153,208,224,184,158,155,106,138,138,283,283,158,92,202,168,181,164,178,169,172,298,323,117,178,,,171,170,,197,147,212,47,61,81,120,66,173,155,89,91,60,123,114,59,75,244,31,99,116,222,278,89,,245,,234,145,176,210,207,203,276,307,152,49,51,135,11,144,204,29,186,92,202,189,140,110,134,19,22,143,133,92,206,283,175,168,40,2,244,241,39,203,215,151,172,,,227,222,,146,147,209,189,120,155,247,296,330,354,399,41,25,171,277,249,331,329,166,307,252,18,171,249,175,,137,,131,b'\x11\xe8\xe1I\xebB\xe8\x9c\x9a\xbe\x12\xdf\x17\xaeN\x1e'
11E8E149-EB48-8B8A-9ABE-12DF17AE4E1E,2018-ncaa-d3-conf-MASCAC,ncaa,7,6,7,7,7,7,6,7,5,6,6,5,5,5,4,4,7,7,7,7,7,7,7,5,5,5,6,4,7,6,4,6,4,7,4,6,4,4,4,5,6,5,3,3,,,1,1,,,6,7,5,1,6,5,4,5,4,4,4,7,7,7,5,5,3,5,5,5,4,5,3,,2,,,6,1,1,1,4,1,1,3,5,5,3,6,2,2,6,2,3,1,1,4,4,6,7,7,4,2,4,2,4,2,4,3,6,7,5,6,5,6,6,5,,,7,6,,,6,1,5,6,6,4,4,4,2,2,6,6,3,2,3,4,3,4,4,3,4,6,6,6,,7,,,b'\x11\xe8\xe1I\xebH\x8b\x8a\x9a\xbe\x12\xdf\x17\xaeN\x1e'
11E8E149-EB48-8B8A-9ABE-12DF17AE4E1E,2018-ncaa-d3-natl,ncaa,346,349,305,353,312,341,286,292,268,258,257,281,288,293,282,229,425,425,353,425,436,338,311,284,325,345,359,216,436,228,174,249,342,251,250,252,176,289,351,282,315,310,67,60,,,47,38,,,308,330,260,57,347,259,197,234,180,271,255,428,434,434,293,234,189,152,161,215,343,288,55,,53,,,310,136,172,266,124,117,155,121,363,380,226,404,54,57,164,61,67,199,158,156,106,186,317,414,54,355,342,131,174,211,250,287,354,321,334,348,350,373,315,342,,,390,397,,,308,116,334,246,309,218,255,363,173,239,396,416,61,63,68,331,286,371,198,298,322,295,365,363,,391,,,b'\x11\xe8\xe1I\xebH\x8b\x8a\x9a\xbe\x12\xdf\x17\xaeN\x1e'
11E8E149-EB48-8B8A-9ABE-12DF17AE4E1E,2019-ncaa-d3-conf-MASCAC,ncaa,7,6,7,7,7,7,7,7,7,6,4,7,7,7,7,6,6,6,5,6,4,7,7,7,7,7,5,6,2,7,7,6,5,7,6,7,7,3,6,7,7,6,5,4,,,4,4,,,7,7,3,7,7,7,6,6,4,7,6,4,3,3,6,3,6,4,7,7,6,4,4,,5,,,7,5,4,1,4,3,1,4,3,4,3,6,4,4,6,4,7,2,1,4,5,6,5,4,6,4,5,5,7,5,6,3,3,6,5,6,7,7,2,3,,,7,4,,,7,1,7,6,7,6,5,6,5,5,6,6,6,7,7,6,5,6,6,6,5,5,7,4,,5,,,b'\x11\xe8\xe1I\xebH\x8b\x8a\x9a\xbe\x12\xdf\x17\xaeN\x1e'
11E8E149-EB48-8B8A-9ABE-12DF17AE4E1E,2019-ncaa-d3-natl,ncaa,375,382,317,383,356,380,363,319,385,261,138,387,425,419,428,413,323,344,211,346,396,336,302,411,402,407,418,425,140,313,313,320,375,327,357,357,267,341,376,385,301,314,209,213,,,98,78,,,404,280,113,401,396,373,255,230,61,426,411,312,334,335,279,163,271,272,298,363,383,281,179,,144,,,403,283,340,273,323,297,232,308,360,301,346,300,93,115,91,118,113,233,207,332,299,313,203,333,64,333,375,232,313,278,357,358,322,262,277,356,394,406,340,287,,,333,321,,,404,170,409,343,404,356,377,385,339,336,387,358,132,155,156,368,355,376,319,351,385,215,408,373,,287,,,b'\x11\xe8\xe1I\xebH\x8b\x8a\x9a\xbe\x12\xdf\x17\xaeN\x1e'
11E8E149-EB48-8B8A-9ABE-12DF17AE4E1E,2020-ncaa-d3-conf-MASCAC,ncaa,7,7,7,7,7,7,7,7,7,6,6,7,6,6,7,5,7,7,7,7,5,7,7,7,7,7,6,5,2,7,7,5,5,7,5,7,6,5,7,7,7,7,3,1,,,2,4,,,7,7,5,3,7,7,6,6,4,6,6,7,6,6,6,6,6,3,5,6,7,7,1,,3,,,7,2,2,1,2,1,1,3,7,7,6,7,2,1,2,1,5,1,1,5,3,6,7,7,2,5,5,2,7,3,5,5,7,6,6,7,7,7,4,4,,,7,5,,,7,1,7,6,7,5,4,6,2,1,7,7,2,3,3,6,4,5,6,6,7,5,7,4,,7,,,b'\x11\xe8\xe1I\xebH\x8b\x8a\x9a\xbe\x12\xdf\x17\xaeN\x1e'
11E8E149-EB48-8B8A-9ABE-12DF17AE4E1E,2020-ncaa-d3-natl,ncaa,413,391,398,416,406,416,415,399,413,397,339,414,409,393,399,326,410,395,393,397,361,404,390,421,421,423,310,310,212,301,271,378,413,356,375,416,351,334,410,419,368,348,128,65,,,77,127,,,410,401,164,241,421,412,304,379,164,392,353,395,345,350,336,166,164,254,216,415,411,315,65,,230,,,416,154,143,127,225,77,53,258,372,377,296,408,139,153,141,147,297,110,72,277,255,308,382,399,154,384,413,181,271,295,375,321,405,358,332,378,355,403,359,398,,,418,400,,,410,39,417,370,414,364,334,378,231,203,421,428,267,298,296,387,371,422,371,411,386,250,404,417,,393,,,b'\x11\xe8\xe1I\xebH\x8b\x8a\x9a\xbe\x12\xdf\x17\xaeN\x1e'
11E8E149-EB48-8B8A-9ABE-12DF17AE4E1E,2022-ncaa-d3-conf-MASCAC,ncaa,6,6,5,6,6,7,7,7,7,7,7,7,5,3,7,3,6,6,6,6,3,7,7,7,7,7,3,3,2,7,7,7,7,7,7,7,6,4,6,6,5,5,7,7,,,1,1,,,7,7,7,5,7,7,7,7,7,5,3,6,6,6,7,7,7,7,7,7,5,5,7,,2,,,7,6,7,4,7,7,7,6,5,3,6,3,1,1,1,1,1,4,3,7,7,6,1,5,1,7,7,7,7,7,7,7,5,5,5,5,6,6,3,6,,,6,2,,,7,1,7,7,7,6,7,5,7,7,6,3,1,1,1,5,4,7,7,7,7,4,6,4,,6,,,b'\x11\xe8\xe1I\xebH\x8b\x8a\x9a\xbe\x12\xdf\x17\xaeN\x1e'
11E8E149-EB48-8B8A-9ABE-12DF17AE4E1E,2022-ncaa-d3-natl,ncaa,406,410,300,417,322,401,402,354,421,405,379,416,319,189,411,85,396,382,381,382,277,363,349,420,419,415,123,125,189,418,428,404,429,416,429,366,66,264,371,372,186,207,425,429,,,72,37,,,425,296,112,230,418,419,367,420,382,313,134,406,390,392,389,340,427,427,429,366,331,135,428,,97,,,421,382,414,292,425,420,386,419,159,77,377,29,41,43,179,44,8,250,230,421,407,390,4,45,14,416,429,399,428,412,429,422,392,203,228,399,365,398,151,295,,,364,300,,,425,151,419,414,419,410,424,400,428,420,216,106,54,46,53,391,399,423,420,424,426,123,386,196,,357,,,b'\x11\xe8\xe1I\xebH\x8b\x8a\x9a\xbe\x12\xdf\x17\xaeN\x1e'
11E8E149-EB48-8B8A-9ABE-12DF17AE4E1E,2023-ncaa-d3-conf-MASCAC,ncaa,6,7,4,7,4,7,7,7,5,6,7,6,6,6,3,4,6,6,3,7,5,7,7,6,6,6,3,3,2,7,7,6,7,7,7,7,6,7,7,7,5,6,2,4,,,1,1,,,7,6,7,5,7,7,7,7,7,5,6,7,7,7,7,7,7,4,7,7,7,5,2,,1,,,7,7,7,7,4,6,7,4,5,5,5,5,1,2,2,2,1,7,3,5,4,6,4,4,1,7,7,2,7,5,7,7,7,6,6,7,7,7,2,5,,,5,1,,,7,2,7,6,7,6,6,7,6,7,5,5,1,2,2,6,4,7,4,5,7,6,7,3,,5,,,b'\x11\xe8\xe1I\xebH\x8b\x8a\x9a\xbe\x12\xdf\x17\xaeN\x1e'
11E8E149-EB48-8B8A-9ABE-12DF17AE4E1E,2023-ncaa-d3-natl,ncaa,366,385,271,373,328,390,383,391,359,386,365,379,314,319,236,210,385,378,341,384,309,395,332,356,358,404,171,143,256,398,407,339,422,377,416,371,251,417,422,409,269,305,162,217,,,95,47,,,408,279,171,401,412,404,419,404,374,299,317,400,395,400,420,307,412,338,403,385,416,246,147,,119,,,405,334,380,363,293,383,374,282,267,255,255,184,91,137,34,145,69,338,281,286,225,292,69,209,43,422,422,199,407,382,416,407,408,285,352,397,414,417,40,114,,,303,231,,,408,145,411,381,408,357,383,395,386,398,301,293,102,171,181,390,365,420,275,396,406,260,410,43,,290,,,b'\x11\xe8\xe1I\xebH\x8b\x8a\x9a\xbe\x12\xdf\x17\xaeN\x1e'
11E8E149-EB48-8B8A-9ABE-12DF17AE4E1E,2024-ncaa-d3-conf-MASCAC,ncaa,7,6,7,7,7,7,7,7,7,7,7,7,6,6,6,4,7,7,7,7,6,7,7,7,7,7,5,5,6,7,7,7,7,7,7,7,4,5,7,7,7,6,4,3,,,1,1,,,7,7,7,5,7,7,7,7,7,6,6,7,7,7,7,7,7,7,7,7,7,7,4,,1,,,7,2,3,1,7,3,1,6,4,2,4,5,1,1,3,1,1,1,1,7,7,7,1,4,2,3,7,1,7,3,7,4,5,7,6,7,5,7,1,1,,,7,5,,,7,1,7,7,7,5,6,5,6,4,5,6,2,2,2,5,2,5,3,4,6,7,6,1,,7,,,b'\x11\xe8\xe1I\xebH\x8b\x8a\x9a\xbe\x12\xdf\x17\xaeN\x1e'
11E8E149-EB48-8B8A-9ABE-12DF17AE4E1E,2024-ncaa-d3-natl,ncaa,367,375,296,370,323,412,409,395,407,391,368,393,403,378,409,288,414,405,414,404,369,402,361,409,413,418,355,325,287,394,412,324,404,370,404,383,101,413,422,406,291,298,148,177,,,38,24,,,410,320,222,218,421,419,422,406,369,405,378,421,412,411,423,360,412,298,391,391,413,260,128,,31,,,405,210,307,284,273,327,273,322,180,261,92,257,31,54,21,49,37,232,204,245,176,219,44,188,26,397,404,218,412,335,404,400,415,260,277,385,412,417,10,21,,,348,277,,,410,122,419,313,405,292,353,368,358,346,231,321,37,68,60,344,320,402,303,369,402,216,411,8,,346,,,b'\x11\xe8\xe1I\xebH\x8b\x8a\x9a\xbe\x12\xdf\x17\xaeN\x1e'
11E8E149-EB48-8B8A-9ABE-12DF17AE4E1E,2026-ncaa-d3-natl,genius_ncaa,390,268,379,390,381,404,400,379,409,399,388,405,363,304,387,63,416,410,416,412,414,387,383,405,413,409,282,74,416,374,383,321,391,357,389,405,395,133,371,401,396,403,261,202,,,31,39,,45,388,379,37,99,408,396,103,394,230,286,74,416,416,416,238,96,231,7,31,405,383,364,131,,191,,99,406,79,74,116,38,41,70,41,274,285,217,393,55,60,192,56,122,101,69,92,68,182,386,400,98,343,391,155,383,228,389,170,380,390,390,386,151,353,55,181,,,406,415,,397,388,38,410,325,402,374,354,415,224,372,412,416,231,232,230,415,409,415,411,415,384,296,367,152,,413,,399,b'\x11\xe8\xe1I\xebH\x8b\x8a\x9a\xbe\x12\xdf\x17\xaeN\x1e'
11E8E149-EB4D-25C8-9ABE-12DF17AE4E1E,2018-ncaa-d3-conf-NEWMAC,ncaa,3,5,1,5,2,3,3,3,5,5,5,3,5,5,5,6,3,3,3,3,6,2,4,4,5,2,6,7,7,8,9,2,6,5,6,6,10,1,1,4,7,8,5,6,,,2,2,,,3,2,9,3,5,5,8,6,7,6,6,7,8,8,7,10,10,6,7,9,1,9,5,,2,,,3,4,6,8,2,7,9,3,1,5,1,3,3,3,6,3,2,8,9,1,1,2,2,1,4,7,6,11,9,9,6,4,1,4,4,4,2,2,4,3,,,1,1,,,3,10,5,2,4,1,4,5,6,6,1,1,2,2,2,4,4,7,8,7,3,6,1,2,,6,,,b'\x11\xe8\xe1I\xebM%\xc8\x9a\xbe\x12\xdf\x17\xaeN\x1e'
11E8E149-EB4D-25C8-9ABE-12DF17AE4E1E,2018-ncaa-d3-natl,ncaa,89,138,43,126,44,139,111,164,67,127,198,50,127,148,114,137,295,354,72,344,366,194,255,65,73,62,273,155,395,356,384,122,72,229,209,175,332,82,91,112,257,273,279,310,,,65,42,,,78,194,431,37,236,192,365,193,349,172,216,374,425,415,400,436,429,269,400,263,28,352,325,,13,,,81,97,150,222,135,194,294,93,155,150,231,160,39,37,228,38,22,159,193,107,76,79,93,227,50,105,72,268,384,189,209,83,74,159,146,105,33,35,33,25,,,233,226,,,78,236,114,71,70,25,63,48,91,140,83,64,14,10,9,21,18,48,124,74,46,274,11,11,,389,,,b'\x11\xe8\xe1I\xebM%\xc8\x9a\xbe\x12\xdf\x17\xaeN\x1e'
11E8E149-EB4D-25C8-9ABE-12DF17AE4E1E,2019-ncaa-d3-conf-NEWMAC,ncaa,1,2,1,2,2,1,1,2,2,3,5,2,1,1,2,4,5,5,5,5,4,3,4,2,2,2,1,2,8,7,9,3,4,5,4,1,6,3,3,1,2,4,1,2,,,7,3,,,2,2,7,6,3,4,6,6,8,1,3,7,6,6,6,8,9,4,7,3,2,5,1,,5,,,2,7,7,10,3,9,10,2,3,3,5,1,6,5,11,5,3,8,11,2,2,1,3,4,5,8,4,8,9,8,4,4,4,3,5,2,4,3,1,1,,,4,3,,,2,11,3,2,2,2,3,5,4,8,2,1,4,2,2,5,5,5,4,5,2,6,2,1,,6,,,b'\x11\xe8\xe1I\xebM%\xc8\x9a\xbe\x12\xdf\x17\xaeN\x1e'
11E8E149-EB4D-25C8-9ABE-12DF17AE4E1E,2019-ncaa-d3-natl,ncaa,53,90,20,85,35,51,49,69,49,103,158,72,22,55,16,91,246,266,144,263,309,92,113,28,37,34,129,57,398,258,307,88,209,138,226,87,256,171,90,72,122,173,47,85,,,303,208,,,51,88,380,288,127,112,290,211,337,41,127,344,378,378,337,409,380,261,350,146,42,210,73,,130,,,63,205,239,349,116,315,412,72,100,97,204,38,213,177,348,158,66,342,354,79,88,77,79,88,221,318,209,309,307,326,226,126,62,91,128,71,135,92,64,50,,,157,238,,,51,347,54,85,59,46,76,83,146,256,33,28,107,85,75,55,64,169,107,118,44,185,51,24,,345,,,b'\x11\xe8\xe1I\xebM%\xc8\x9a\xbe\x12\xdf\x17\xaeN\x1e'
11E8E149-EB4D-25C8-9ABE-12DF17AE4E1E,2020-ncaa-d3-conf-NEWMAC,ncaa,4,3,3,4,6,4,4,8,3,9,9,4,1,1,1,1,2,5,1,5,1,8,7,2,2,2,1,1,4,8,5,6,5,7,6,6,9,4,3,5,6,4,4,4,,,3,2,,,4,6,5,10,3,5,8,10,10,1,1,3,5,5,7,7,7,7,8,7,3,6,5,,2,,,4,6,7,7,7,9,7,8,4,6,5,6,2,2,1,2,2,6,6,6,5,5,2,4,2,8,5,5,5,4,6,9,8,5,4,7,8,7,1,2,,,5,5,,,4,5,3,6,4,5,7,6,7,7,3,4,1,1,1,4,5,7,3,3,9,6,6,1,,7,,,b'\x11\xe8\xe1I\xebM%\xc8\x9a\xbe\x12\xdf\x17\xaeN\x1e'
11E8E149-EB4D-25C8-9ABE-12DF17AE4E1E,2020-ncaa-d3-natl,ncaa,170,198,126,190,161,166,170,229,119,243,309,151,67,108,38,101,221,286,84,287,235,244,263,72,76,93,93,67,300,281,250,267,210,284,238,264,374,171,197,253,151,134,286,279,,,48,43,,,139,252,330,236,178,187,288,284,354,55,127,242,324,329,312,345,320,328,338,297,149,160,306,,22,,,137,168,258,208,285,231,184,270,304,253,324,314,24,20,267,20,17,128,163,300,240,201,139,335,26,168,210,158,250,154,238,336,348,154,112,260,179,207,41,54,,,270,255,,,139,187,114,193,139,135,225,162,197,142,280,234,12,8,8,84,104,142,125,121,304,159,159,26,,335,,,b'\x11\xe8\xe1I\xebM%\xc8\x9a\xbe\x12\xdf\x17\xaeN\x1e'
11E8E149-EB4D-25C8-9ABE-12DF17AE4E1E,2022-ncaa-d3-conf-NEWMAC,ncaa,5,3,4,5,4,4,6,5,4,6,5,4,3,4,2,5,2,4,1,4,2,5,5,3,2,3,1,4,2,4,3,6,5,5,5,6,11,5,3,6,4,3,5,5,,,9,9,,,4,5,5,1,2,5,2,5,4,1,2,2,3,3,2,3,2,6,4,6,4,3,5,,9,,,4,6,5,6,5,6,5,6,6,8,2,8,10,8,6,8,10,7,8,6,5,5,9,5,10,9,5,5,3,6,5,5,6,3,2,3,3,3,7,6,,,4,5,,,4,7,3,5,4,6,6,4,5,4,5,8,10,9,9,8,9,6,4,5,6,3,2,7,,4,,,b'\x11\xe8\xe1I\xebM%\xc8\x9a\xbe\x12\xdf\x17\xaeN\x1e'
11E8E149-EB4D-25C8-9ABE-12DF17AE4E1E,2022-ncaa-d3-natl,ncaa,190,129,345,165,346,209,208,303,92,237,283,141,127,219,27,183,251,321,36,314,252,312,325,82,75,95,153,131,258,211,71,307,215,275,115,233,280,113,214,201,299,274,299,313,,,130,238,,,128,338,176,16,63,70,107,126,164,76,148,141,222,222,114,110,108,136,110,150,249,247,289,,280,,,115,72,83,78,209,144,138,183,49,50,167,77,144,133,238,143,193,78,90,173,173,178,113,85,257,133,215,53,71,59,115,150,256,265,196,223,98,172,96,143,,,303,214,,,128,91,81,183,117,223,234,265,280,329,96,97,261,256,268,264,285,258,116,172,263,170,200,162,,152,,,b'\x11\xe8\xe1I\xebM%\xc8\x9a\xbe\x12\xdf\x17\xaeN\x1e'
11E8E149-EB4D-25C8-9ABE-12DF17AE4E1E,2023-ncaa-d3-conf-NEWMAC,ncaa,3,3,4,3,4,4,3,4,4,3,2,7,5,8,1,10,4,4,5,4,6,4,3,5,5,6,8,7,4,3,2,3,4,3,4,4,8,4,4,6,6,8,5,6,,,10,8,,,4,3,3,6,3,3,3,3,1,5,9,2,4,4,1,1,1,3,1,5,5,8,6,,7,,,4,6,8,9,4,8,10,4,3,7,2,4,8,8,5,8,5,9,9,4,4,4,3,3,8,6,4,6,2,7,4,6,7,4,5,5,4,4,8,6,,,3,5,,,4,9,6,4,4,6,5,8,7,7,2,4,5,5,5,8,7,5,5,5,5,4,5,8,,3,,,b'\x11\xe8\xe1I\xebM%\xc8\x9a\xbe\x12\xdf\x17\xaeN\x1e'
11E8E149-EB4D-25C8-9ABE-12DF17AE4E1E,2023-ncaa-d3-natl,ncaa,132,131,109,138,126,110,88,84,119,67,35,228,219,333,26,386,141,159,129,162,361,86,98,155,155,138,337,324,235,37,38,152,141,82,71,161,318,192,118,177,169,198,225,246,,,216,187,,,124,147,212,96,104,73,71,54,26,252,360,151,175,179,70,103,36,196,68,184,160,193,239,,183,,,125,249,286,240,283,304,258,269,215,189,267,175,189,164,293,165,134,212,265,277,264,198,139,189,143,173,141,208,38,188,71,314,289,115,112,200,119,77,274,123,,,151,239,,,124,284,103,176,127,201,240,176,257,207,188,151,152,130,127,148,204,141,161,138,270,117,105,252,,168,,,b'\x11\xe8\xe1I\xebM%\xc8\x9a\xbe\x12\xdf\x17\xaeN\x1e'
11E8E149-EB4D-25C8-9ABE-12DF17AE4E1E,2024-ncaa-d3-conf-NEWMAC,ncaa,3,3,3,3,4,3,3,3,7,4,3,9,2,1,2,1,2,3,1,4,5,3,3,6,5,3,1,1,7,2,2,4,6,3,3,6,12,3,1,4,2,2,5,10,,,7,4,,,3,3,6,3,2,4,1,6,4,2,1,2,3,3,1,3,2,8,3,8,3,3,9,,5,,,3,8,10,11,9,11,11,10,5,6,1,5,5,6,6,6,5,11,10,7,6,4,2,3,5,8,6,12,2,12,3,9,8,4,4,7,3,2,12,11,,,2,7,,,3,10,3,5,3,6,6,5,10,8,3,5,5,6,6,5,6,6,5,6,8,4,2,11,,5,,,b'\x11\xe8\xe1I\xebM%\xc8\x9a\xbe\x12\xdf\x17\xaeN\x1e'
11E8E149-EB4D-25C8-9ABE-12DF17AE4E1E,2024-ncaa-d3-natl,ncaa,74,87,63,88,69,65,95,70,151,164,141,206,27,65,18,112,98,155,59,165,216,77,87,107,95,83,68,60,253,80,115,145,114,102,127,171,357,172,89,167,171,199,237,281,,,227,163,,,131,103,220,76,66,102,95,206,203,29,81,129,207,224,106,155,97,234,151,217,111,216,264,,152,,,135,341,371,310,360,379,347,358,206,189,235,158,115,103,266,101,54,274,302,340,309,291,50,124,61,146,114,316,115,253,127,376,296,123,164,295,84,42,337,285,,,92,173,,,131,328,66,250,132,236,308,207,336,251,148,124,68,52,52,149,176,92,206,150,325,182,57,301,,156,,,b'\x11\xe8\xe1I\xebM%\xc8\x9a\xbe\x12\xdf\x17\xaeN\x1e'
11E8E149-EB4D-25C8-9ABE-12DF17AE4E1E,2025-ncaa-d3-conf-NEWMAC,genius_ncaa,2,5,2,4,2,2,2,2,7,2,3,5,4,3,5,9,2,2,7,3,5,2,2,6,4,6,6,7,4,1,2,3,5,2,5,8,12,9,4,8,3,6,1,2,,,12,8,,4,4,2,8,2,6,6,6,4,5,5,7,3,3,3,5,6,4,9,7,10,4,6,4,,8,,2,4,12,12,11,9,11,11,7,11,10,10,6,12,12,9,12,8,12,11,9,9,8,10,9,6,9,5,12,2,11,5,9,8,2,6,7,4,3,7,3,,,1,4,,4,4,11,5,7,4,7,6,5,6,6,8,7,7,7,7,6,6,5,6,5,7,7,3,4,,3,,5,b'\x11\xe8\xe1I\xebM%\xc8\x9a\xbe\x12\xdf\x17\xaeN\x1e'
11E8E149-EB4D-25C8-9ABE-12DF17AE4E1E,2025-ncaa-d3-natl,genius_ncaa,194,269,36,231,38,115,124,84,196,122,90,208,132,141,152,229,125,122,233,127,215,88,69,195,198,209,205,200,220,55,76,176,228,98,172,253,387,300,204,297,224,299,76,98,,,385,354,,328,248,81,295,29,196,197,178,195,186,194,216,211,196,206,189,200,81,337,212,336,211,310,102,,330,,300,245,381,374,330,338,351,348,252,324,217,403,121,339,304,328,309,232,339,347,330,349,310,218,218,214,255,228,297,76,295,172,306,152,100,154,185,193,112,349,265,,,46,77,,56,248,348,175,290,240,256,252,138,240,192,246,97,261,224,228,144,155,150,132,146,208,174,116,290,,93,,75,b'\x11\xe8\xe1I\xebM%\xc8\x9a\xbe\x12\xdf\x17\xaeN\x1e'
11E8E149-EB4D-25C8-9ABE-12DF17AE4E1E,2026-ncaa-d3-conf-NEWMAC,genius_ncaa,3,3,1,3,1,4,3,3,4,4,3,3,1,1,4,1,4,4,3,4,3,3,4,4,4,4,2,1,4,3,4,4,4,4,4,4,3,3,3,4,4,4,3,4,,,2,2,,1,4,3,3,1,4,3,3,4,3,1,1,4,4,4,3,4,3,4,4,4,3,4,3,,2,,1,4,4,4,4,4,4,4,4,1,1,4,1,2,2,3,2,1,4,3,4,4,4,1,1,2,4,4,3,4,3,4,3,1,4,4,4,3,3,4,4,,,4,4,,3,4,1,4,4,4,4,4,4,4,4,1,1,2,2,2,4,3,4,3,3,3,4,3,4,,4,,3,b'\x11\xe8\xe1I\xebM%\xc8\x9a\xbe\x12\xdf\x17\xaeN\x1e'
11E8E149-EB4D-25C8-9ABE-12DF17AE4E1E,2026-ncaa-d3-natl,genius_ncaa,225,329,42,282,64,116,62,57,196,42,34,207,199,168,269,305,273,245,322,245,397,78,54,228,266,281,377,291,385,47,81,63,67,56,56,75,215,360,279,247,102,175,50,114,,,311,233,,156,242,67,180,113,241,150,113,104,76,295,277,380,363,363,173,125,104,159,126,170,298,192,94,,183,,123,238,332,337,330,281,342,346,247,286,275,268,145,286,215,398,212,86,319,312,260,275,288,142,166,180,171,67,276,81,248,56,241,53,148,250,203,375,337,260,151,,,157,358,,323,242,333,266,240,257,236,244,195,264,242,190,127,190,96,88,173,130,74,119,83,131,280,335,195,,319,,368,b'\x11\xe8\xe1I\xebM%\xc8\x9a\xbe\x12\xdf\x17\xaeN\x1e'
11E8E149-EB52-2EBA-9ABE-12DF17AE4E1E,2018-ncaa-d3-conf-NACC,ncaa,9,9,7,9,8,10,10,11,8,11,12,7,6,5,7,3,11,12,7,12,6,12,12,7,7,7,3,4,8,10,8,10,6,11,8,10,10,8,10,10,7,5,10,8,,,2,3,,,9,12,10,5,10,10,11,11,11,5,5,11,12,12,12,10,9,9,10,10,9,5,10,,3,,,9,3,3,2,8,2,2,6,11,6,12,10,3,3,12,3,3,2,1,9,9,9,12,12,3,4,6,3,8,3,8,6,9,11,7,8,9,10,1,5,,,12,9,,,9,1,9,9,9,5,6,4,4,3,11,7,4,3,3,3,3,6,5,5,6,10,9,2,,12,,,b'\x11\xe8\xe1I\xebR.\xba\x9a\xbe\x12\xdf\x17\xaeN\x1e'
11E8E149-EB52-2EBA-9ABE-12DF17AE4E1E,2018-ncaa-d3-natl,ncaa,262,279,197,275,250,330,328,345,296,361,375,280,172,145,263,65,372,403,161,406,325,364,375,258,268,284,115,78,348,353,347,315,153,349,288,346,317,139,263,302,296,238,252,209,,,58,101,,,305,366,416,253,370,357,381,380,406,158,123,395,417,422,411,425,377,352,396,364,151,300,259,,47,,,301,143,156,99,297,113,80,242,356,267,413,363,81,70,357,65,117,76,65,343,341,340,343,404,88,89,153,183,347,129,288,272,351,331,255,346,118,217,69,154,,,386,336,,,305,72,305,316,315,167,191,104,117,74,363,278,82,60,52,61,32,89,200,150,276,356,122,63,,416,,,b'\x11\xe8\xe1I\xebR.\xba\x9a\xbe\x12\xdf\x17\xaeN\x1e'
11E8E149-EB52-2EBA-9ABE-12DF17AE4E1E,2019-ncaa-d3-conf-NACC,ncaa,6,7,4,7,6,9,8,10,7,8,11,7,7,8,7,4,12,12,9,12,12,11,11,7,7,7,9,6,12,9,8,8,5,9,8,8,7,4,7,7,7,6,7,7,,,5,7,,,8,13,12,6,9,8,12,8,12,7,7,12,12,12,12,13,9,8,9,8,5,6,7,,6,,,8,4,5,3,6,6,7,5,3,2,7,2,8,7,11,7,7,2,1,5,7,7,4,4,10,3,5,5,8,5,8,5,6,9,8,6,7,9,3,4,,,10,8,,,8,2,7,7,8,4,5,2,6,6,5,2,9,8,8,2,2,3,5,4,5,10,4,3,,10,,,b'\x11\xe8\xe1I\xebR.\xba\x9a\xbe\x12\xdf\x17\xaeN\x1e'
11E8E149-EB52-2EBA-9ABE-12DF17AE4E1E,2019-ncaa-d3-natl,ncaa,187,219,129,203,197,302,258,313,191,261,346,135,184,160,257,83,394,406,256,408,387,348,362,178,227,230,247,127,410,345,333,270,134,318,249,179,93,137,246,150,157,97,118,114,,,121,209,,,198,350,431,336,367,312,392,317,388,208,182,422,429,429,421,434,381,344,387,188,107,177,124,,85,,,196,77,86,79,160,144,185,121,53,36,266,46,202,168,340,166,193,79,83,137,164,163,155,94,309,76,134,200,333,142,249,139,264,246,165,187,131,227,103,189,,,326,226,,,198,104,249,151,191,52,59,31,120,147,40,22,184,146,146,31,17,61,149,106,122,277,120,84,,394,,,b'\x11\xe8\xe1I\xebR.\xba\x9a\xbe\x12\xdf\x17\xaeN\x1e'
11E8E149-EB52-2EBA-9ABE-12DF17AE4E1E,2020-ncaa-d3-conf-NACC,ncaa,8,8,7,8,12,11,10,11,7,10,12,7,10,11,7,8,12,13,12,13,8,12,13,6,8,10,11,8,10,11,9,7,4,10,7,10,5,9,11,10,9,8,10,8,,,4,6,,,8,13,13,9,11,10,11,10,12,10,11,11,12,12,12,13,11,6,10,10,9,9,9,,4,,,8,1,1,1,4,1,1,5,6,7,3,10,5,4,13,4,7,1,1,5,4,5,10,10,6,3,4,1,9,1,7,2,5,10,7,5,8,11,5,8,,,13,6,,,8,1,10,6,8,4,3,2,2,1,7,7,6,4,4,2,1,4,1,4,4,8,9,5,,12,,,b'\x11\xe8\xe1I\xebR.\xba\x9a\xbe\x12\xdf\x17\xaeN\x1e'
11E8E149-EB52-2EBA-9ABE-12DF17AE4E1E,2020-ncaa-d3-natl,ncaa,285,306,198,299,308,389,379,401,317,371,376,314,338,342,296,226,363,343,356,339,210,397,391,320,331,365,226,218,218,388,382,305,116,362,282,302,61,287,394,331,299,233,367,340,,,53,116,,,331,385,414,390,411,404,430,388,398,344,343,380,354,346,431,430,406,325,395,319,313,301,374,,41,,,329,68,70,54,224,70,52,233,208,176,256,324,108,71,397,61,177,38,44,242,244,227,298,314,199,56,116,137,382,82,282,137,246,270,169,214,340,396,245,355,,,349,207,,,331,54,376,204,337,84,96,44,84,37,226,201,116,67,61,25,19,58,160,107,152,268,346,257,,375,,,b'\x11\xe8\xe1I\xebR.\xba\x9a\xbe\x12\xdf\x17\xaeN\x1e'
11E8E149-EB52-2EBA-9ABE-12DF17AE4E1E,2021-ncaa-d3-conf-NACC,ncaa,7,7,6,8,6,5,5,2,9,3,2,9,8,6,10,10,6,6,8,6,10,2,6,10,10,9,11,10,9,2,3,7,6,6,8,6,9,3,1,5,2,1,10,10,,,10,11,,,6,6,11,4,8,6,2,4,1,11,8,8,7,7,2,6,3,12,9,8,1,2,12,,10,,,6,5,5,5,10,5,4,12,7,7,3,11,8,10,5,8,11,5,7,10,11,4,9,5,11,4,6,9,3,8,8,6,8,2,1,1,3,1,10,7,,,5,9,,,6,7,6,4,5,3,3,1,3,1,2,3,9,9,9,1,2,2,8,5,4,1,1,8,,9,,,b'\x11\xe8\xe1I\xebR.\xba\x9a\xbe\x12\xdf\x17\xaeN\x1e'
11E8E149-EB52-2EBA-9ABE-12DF17AE4E1E,2021-ncaa-d3-natl,ncaa,80,183,61,125,70,92,78,59,185,62,45,185,140,101,227,218,126,111,228,107,246,63,83,205,218,157,256,221,222,51,120,118,80,92,167,107,212,99,8,41,48,26,186,221,,,219,245,,,62,89,241,110,174,124,65,76,40,215,193,220,207,203,76,208,76,259,208,179,5,50,255,,186,,,81,149,149,144,167,158,132,222,145,172,75,209,180,198,64,192,244,151,190,169,163,52,148,116,197,136,80,228,120,206,167,168,192,34,9,30,86,3,210,116,,,90,166,,,62,200,135,37,77,27,30,5,41,4,52,79,112,129,117,4,23,24,201,120,79,23,5,173,,193,,,b'\x11\xe8\xe1I\xebR.\xba\x9a\xbe\x12\xdf\x17\xaeN\x1e'
11E8E149-EB52-2EBA-9ABE-12DF17AE4E1E,2022-ncaa-d3-conf-NACC,ncaa,10,9,13,10,14,12,12,13,7,11,14,7,10,11,6,6,13,13,6,13,13,13,14,7,7,8,7,5,12,13,12,13,9,13,12,8,5,3,8,8,10,8,10,7,,,3,8,,,8,14,13,6,11,9,12,9,13,8,8,12,13,13,13,14,13,13,13,7,5,9,9,,9,,,8,2,2,1,10,1,1,9,8,3,11,14,3,2,7,2,11,1,1,10,9,8,13,14,7,3,9,2,12,1,12,7,13,10,5,9,3,8,2,9,,,13,9,,,8,1,8,9,8,5,4,3,4,2,12,11,6,6,6,3,3,7,6,6,8,7,6,7,,12,,,b'\x11\xe8\xe1I\xebR.\xba\x9a\xbe\x12\xdf\x17\xaeN\x1e'
11E8E149-EB52-2EBA-9ABE-12DF17AE4E1E,2022-ncaa-d3-natl,ncaa,302,257,345,293,356,381,370,388,275,379,392,246,267,249,274,102,384,395,211,398,282,395,399,259,272,276,170,129,292,403,397,367,288,387,361,334,156,66,280,248,340,272,269,188,,,100,303,,,280,395,409,134,376,363,397,371,392,214,176,387,395,401,411,421,410,321,388,296,159,303,255,,216,,,285,36,40,43,172,26,27,181,236,201,286,379,64,64,101,70,295,41,39,216,203,207,369,385,177,125,288,98,397,106,361,130,356,328,205,271,125,308,104,277,,,377,207,,,280,35,316,237,292,117,115,94,66,33,333,325,125,153,155,84,69,248,252,258,239,257,219,173,,365,,,b'\x11\xe8\xe1I\xebR.\xba\x9a\xbe\x12\xdf\x17\xaeN\x1e'
11E8E149-EB52-2EBA-9ABE-12DF17AE4E1E,2023-ncaa-d3-conf-NACC,ncaa,9,9,7,9,11,12,12,14,8,12,12,9,8,10,6,5,14,14,8,14,14,14,14,8,9,9,6,3,13,14,14,14,11,14,12,11,10,4,7,8,6,6,10,7,,,5,10,,,8,14,13,5,12,12,13,12,12,8,8,14,14,14,14,14,14,14,14,11,5,6,10,,8,,,8,3,3,2,4,3,1,10,7,12,2,12,5,5,5,4,13,2,1,7,6,3,11,9,9,8,11,6,14,5,12,6,9,6,5,5,4,7,6,10,,,14,8,,,8,1,10,4,9,3,3,4,3,2,7,12,6,7,6,4,3,10,8,8,6,6,5,9,,14,,,b'\x11\xe8\xe1I\xebR.\xba\x9a\xbe\x12\xdf\x17\xaeN\x1e'
11E8E149-EB52-2EBA-9ABE-12DF17AE4E1E,2023-ncaa-d3-natl,ncaa,341,345,271,349,312,364,353,366,321,363,362,335,208,229,191,115,408,412,290,409,405,381,395,297,324,315,167,83,410,413,428,375,213,401,401,348,289,95,260,295,203,122,338,258,,,177,333,,,327,365,372,288,389,368,390,380,372,199,210,420,422,422,411,423,428,412,426,359,138,180,334,,235,,,325,89,85,41,296,56,21,381,267,289,180,404,141,137,240,132,357,38,47,335,341,276,352,355,210,83,213,255,428,176,401,151,266,211,103,185,162,293,91,197,,,360,224,,,327,60,351,256,332,145,136,44,92,12,301,333,186,171,165,43,54,118,327,242,197,182,204,106,,378,,,b'\x11\xe8\xe1I\xebR.\xba\x9a\xbe\x12\xdf\x17\xaeN\x1e'
11E8E149-EB52-2EBA-9ABE-12DF17AE4E1E,2024-ncaa-d3-conf-NACC,ncaa,5,4,5,5,6,8,9,7,9,7,7,9,10,11,5,10,2,1,9,1,1,7,8,8,8,7,6,9,2,7,5,8,4,8,6,10,12,7,8,8,4,1,8,7,,,6,8,,,5,9,11,5,9,11,12,9,7,10,10,1,1,1,11,10,6,10,11,10,7,3,10,,5,,,5,2,2,2,3,1,1,4,8,11,6,13,3,2,10,2,7,1,2,4,4,2,13,13,7,3,4,3,5,2,6,1,2,3,1,1,2,4,1,1,,,6,2,,,5,3,8,2,5,2,2,4,2,1,9,11,4,3,2,2,4,4,5,3,2,2,3,1,,4,,,b'\x11\xe8\xe1I\xebR.\xba\x9a\xbe\x12\xdf\x17\xaeN\x1e'
11E8E149-EB52-2EBA-9ABE-12DF17AE4E1E,2024-ncaa-d3-natl,ncaa,89,87,112,98,170,234,250,265,221,239,243,221,235,237,225,234,132,121,252,121,82,246,267,230,205,213,179,238,97,214,175,245,60,240,122,303,370,187,218,289,61,33,326,261,,,266,358,,,124,283,376,244,278,290,351,275,295,255,266,148,135,132,321,354,242,314,293,349,159,66,340,,238,,,120,39,37,49,84,24,27,122,232,294,138,409,83,101,116,95,294,46,103,111,104,40,388,398,212,54,60,138,175,79,122,25,50,81,27,16,91,109,20,12,,,111,43,,,124,131,223,35,122,15,20,16,11,3,214,275,64,76,70,11,30,29,100,50,18,89,77,10,,110,,,b'\x11\xe8\xe1I\xebR.\xba\x9a\xbe\x12\xdf\x17\xaeN\x1e'
11E8E149-EB52-2EBA-9ABE-12DF17AE4E1E,2025-ncaa-d3-conf-NACC,genius_ncaa,4,5,3,5,4,8,9,14,5,9,13,7,5,9,2,6,4,3,7,4,1,13,11,5,4,6,3,7,2,10,8,8,4,9,6,8,8,7,12,9,7,4,8,7,,,14,14,,12,7,11,14,5,11,11,14,10,14,8,9,4,4,5,14,14,10,12,12,10,5,6,8,,12,,11,7,2,2,1,4,2,2,3,10,9,9,10,8,9,12,9,13,1,2,6,6,7,12,12,13,3,4,2,8,2,6,3,7,6,6,7,3,5,5,8,,,5,2,,12,7,4,7,5,7,3,3,2,2,2,7,6,6,4,5,3,1,3,2,2,3,8,3,5,,6,,13,b'\x11\xe8\xe1I\xebR.\xba\x9a\xbe\x12\xdf\x17\xaeN\x1e'
11E8E149-EB52-2EBA-9ABE-12DF17AE4E1E,2025-ncaa-d3-natl,genius_ncaa,141,184,55,175,82,211,241,299,171,274,308,163,163,185,138,142,116,135,145,144,55,280,272,148,122,168,96,151,93,277,230,245,85,261,144,304,350,224,275,303,176,128,250,179,,,368,410,,382,166,265,413,188,298,325,407,330,386,202,235,145,183,193,398,412,337,364,380,358,177,219,281,,338,,371,168,106,62,79,112,28,39,111,324,319,287,386,252,241,287,239,362,89,117,175,208,170,409,389,325,56,85,104,230,61,144,87,180,183,123,113,109,149,40,80,,,125,50,,155,166,155,188,137,164,49,27,13,10,6,269,250,197,171,172,15,10,33,38,29,54,256,77,22,,196,,198,b'\x11\xe8\xe1I\xebR.\xba\x9a\xbe\x12\xdf\x17\xaeN\x1e'
11E8E149-EB52-2EBA-9ABE-12DF17AE4E1E,2026-ncaa-d3-conf-NACC,genius_ncaa,2,1,8,1,8,9,12,12,4,13,12,7,6,8,1,2,7,9,3,9,1,12,12,3,3,3,1,2,3,9,3,9,2,9,2,7,5,2,2,3,13,10,5,3,,,2,7,,7,2,12,13,1,6,9,11,10,13,2,5,4,5,4,11,13,6,4,4,4,2,13,3,,2,,10,3,2,2,2,3,2,3,2,3,3,4,9,3,3,6,3,7,2,2,3,2,3,9,10,7,2,2,2,3,2,2,2,10,12,8,5,2,1,2,3,,,10,3,,13,2,2,3,3,3,1,1,2,1,2,4,3,3,2,2,2,1,2,2,1,3,11,1,2,,7,,13,b'\x11\xe8\xe1I\xebR.\xba\x9a\xbe\x12\xdf\x17\xaeN\x1e'
11E8E149-EB52-2EBA-9ABE-12DF17AE4E1E,2026-ncaa-d3-natl,genius_ncaa,54,21,215,41,229,290,335,344,254,358,354,277,188,228,131,122,108,200,12,191,36,322,341,215,149,134,30,121,28,322,202,282,4,314,47,302,127,63,124,149,291,165,304,220,,,117,310,,197,76,340,412,35,277,342,386,370,384,148,195,50,136,122,365,408,313,247,302,278,55,264,290,,127,,234,65,37,34,51,60,46,59,109,29,64,34,195,122,105,291,107,280,53,49,41,66,54,201,106,355,21,4,74,202,47,47,25,70,285,89,36,80,146,78,139,,,219,20,,146,76,74,146,25,55,8,9,5,26,24,15,44,126,99,110,5,1,3,46,13,6,262,77,68,,124,,131,b'\x11\xe8\xe1I\xebR.\xba\x9a\xbe\x12\xdf\x17\xaeN\x1e'
11E8E149-EB56-897E-9ABE-12DF17AE4E1E,2018-ncaa-d3-conf-SLIAC,ncaa,8,8,5,8,5,7,7,7,7,8,7,7,7,5,7,4,9,9,9,9,7,7,7,8,8,8,3,3,8,6,6,9,9,8,9,8,8,8,8,8,7,7,9,9,,,9,9,,,8,6,4,2,7,7,7,8,7,6,5,9,9,9,7,6,5,8,7,8,8,7,9,,9,,,8,9,7,5,8,7,5,9,8,7,8,5,9,8,9,8,9,6,4,9,9,9,9,7,9,8,9,7,6,7,9,9,7,8,8,8,8,8,5,8,,,9,9,,,8,4,8,9,8,9,8,7,7,6,8,7,9,8,8,7,7,8,9,8,9,7,8,6,,9,,,b'\x11\xe8\xe1I\xebV\x89~\x9a\xbe\x12\xdf\x17\xaeN\x1e'
11E8E149-EB56-897E-9ABE-12DF17AE4E1E,2018-ncaa-d3-natl,ncaa,400,379,390,406,392,378,374,364,373,402,400,365,182,131,283,55,402,369,410,372,208,370,367,354,371,371,70,43,346,370,388,416,390,409,415,402,406,229,348,402,335,320,431,428,,,311,402,,,431,361,65,108,336,335,161,384,346,104,48,368,294,297,171,104,285,392,380,394,369,253,429,,433,,,427,417,374,111,438,280,65,437,419,310,440,352,397,382,362,378,427,149,110,441,443,444,402,363,310,223,390,259,388,242,415,414,401,349,332,420,315,370,157,334,,,377,331,,,431,97,381,441,425,441,427,360,397,243,441,411,439,433,434,406,385,351,416,399,432,235,384,267,,284,,,b'\x11\xe8\xe1I\xebV\x89~\x9a\xbe\x12\xdf\x17\xaeN\x1e'
11E8E149-EB56-897E-9ABE-12DF17AE4E1E,2019-ncaa-d3-conf-SLIAC,ncaa,9,7,9,9,9,9,9,9,7,8,10,7,7,7,7,6,8,7,8,7,3,9,9,7,8,8,5,6,1,9,8,5,6,8,7,8,2,9,9,8,9,9,10,10,,,4,8,,,9,9,5,1,9,9,9,9,8,7,6,5,4,4,9,8,9,1,6,7,10,9,10,,8,,,9,7,7,4,10,7,1,9,8,8,9,9,4,5,2,5,7,5,2,10,10,10,7,9,3,5,6,3,8,2,7,8,7,9,9,9,6,8,5,9,,,7,2,,,9,2,9,9,9,9,9,8,9,8,10,10,7,8,8,9,6,8,6,8,8,9,7,6,,3,,,b'\x11\xe8\xe1I\xebV\x89~\x9a\xbe\x12\xdf\x17\xaeN\x1e'
11E8E149-EB56-897E-9ABE-12DF17AE4E1E,2019-ncaa-d3-natl,ncaa,413,399,390,414,393,390,407,422,269,400,414,270,325,349,213,204,261,249,274,250,21,414,385,259,231,377,102,202,38,422,399,289,307,382,303,314,30,422,438,404,430,436,421,418,,,166,244,,,426,352,62,62,355,385,423,385,393,265,281,134,105,107,408,151,418,71,250,215,438,433,417,,359,,,424,380,367,273,368,297,111,417,412,417,248,412,225,246,171,242,313,271,108,398,379,435,316,380,129,273,307,54,399,114,303,408,385,429,438,438,405,427,223,389,,,264,79,,,426,93,399,430,422,438,431,432,407,331,437,440,360,371,372,436,407,388,209,314,428,429,428,328,,64,,,b'\x11\xe8\xe1I\xebV\x89~\x9a\xbe\x12\xdf\x17\xaeN\x1e'
11E8E149-EB56-897E-9ABE-12DF17AE4E1E,2020-ncaa-d3-conf-SLIAC,ncaa,7,7,5,7,6,8,8,7,9,8,8,9,8,7,8,7,4,4,8,4,1,7,5,8,8,8,4,6,1,5,5,8,4,7,7,8,8,9,7,9,5,6,9,9,,,9,10,,,7,4,3,4,8,8,6,8,8,7,7,4,4,4,6,4,5,8,7,8,9,5,9,,10,,,7,8,7,3,8,4,1,8,7,7,9,9,10,10,6,10,10,5,6,10,10,7,10,7,10,3,4,7,5,6,7,7,8,6,5,7,4,6,5,6,,,2,1,,,7,8,8,7,7,8,7,6,4,1,7,7,10,10,10,7,7,5,7,6,7,4,7,6,,1,,,b'\x11\xe8\xe1I\xebV\x89~\x9a\xbe\x12\xdf\x17\xaeN\x1e'
11E8E149-EB56-897E-9ABE-12DF17AE4E1E,2020-ncaa-d3-natl,ncaa,344,329,372,351,378,313,352,353,332,364,359,336,226,217,254,155,146,131,248,141,34,327,269,319,291,335,73,163,35,303,249,400,196,381,292,346,309,374,381,386,107,87,433,429,,,360,403,,,357,258,28,117,245,319,218,343,291,179,141,61,39,39,159,52,206,378,335,327,409,61,436,,425,,,357,308,183,45,402,107,25,412,359,306,367,382,414,386,416,389,434,71,135,413,429,376,414,330,396,38,196,125,249,70,292,346,411,95,53,234,267,299,248,339,,,110,53,,,357,210,340,314,350,400,317,176,227,41,395,381,433,422,426,250,369,91,271,197,382,36,341,320,,9,,,b'\x11\xe8\xe1I\xebV\x89~\x9a\xbe\x12\xdf\x17\xaeN\x1e'
11E8E149-EB5A-F644-9ABE-12DF17AE4E1E,2018-ncaa-d3-conf-MIAC,ncaa,10,10,7,10,7,10,9,9,11,8,5,11,10,10,12,9,10,10,5,10,12,8,10,12,11,9,9,11,6,10,11,5,12,7,10,6,3,3,6,6,11,12,3,3,,,7,8,,,10,10,9,1,10,9,5,7,2,10,10,10,10,10,7,8,9,2,4,4,6,10,2,,8,,,10,7,8,11,4,8,9,4,7,9,5,7,9,8,3,8,8,12,8,5,6,8,8,8,7,12,12,9,11,12,10,9,9,12,12,11,3,4,8,9,,,10,9,,,10,2,10,11,10,8,9,12,10,11,8,10,9,9,9,12,11,12,10,12,10,12,5,9,,10,,,b'\x11\xe8\xe1I\xebZ\xf6D\x9a\xbe\x12\xdf\x17\xaeN\x1e'
11E8E149-EB5A-F644-9ABE-12DF17AE4E1E,2018-ncaa-d3-natl,ncaa,299,327,197,314,202,287,288,317,249,277,295,254,246,259,232,200,253,297,95,300,269,321,349,245,225,226,206,207,188,342,352,265,333,320,343,231,135,103,182,173,332,333,38,26,,,248,298,,,337,328,396,24,302,307,337,301,303,245,250,261,312,313,354,396,368,264,349,231,110,342,30,,255,,,329,306,261,209,271,219,214,224,324,263,373,243,334,288,394,289,302,234,152,303,327,375,333,296,299,325,333,200,352,252,343,266,226,389,402,383,112,188,237,294,,,344,277,,,337,118,251,397,335,314,282,253,232,237,327,270,358,301,302,268,160,337,226,275,272,411,114,245,,366,,,b'\x11\xe8\xe1I\xebZ\xf6D\x9a\xbe\x12\xdf\x17\xaeN\x1e'
11E8E149-EB5A-F644-9ABE-12DF17AE4E1E,2019-ncaa-d3-conf-MIAC,ncaa,11,11,8,11,11,10,8,7,10,8,5,11,8,8,8,7,11,11,6,12,12,7,9,10,11,11,8,6,11,5,6,9,6,6,9,9,8,7,9,8,10,10,10,10,,,9,12,,,10,9,3,8,9,8,2,7,4,7,6,11,11,12,4,3,2,6,3,7,8,9,10,,10,,,10,8,8,5,8,8,6,8,7,6,7,6,10,10,7,10,10,7,3,9,11,10,8,6,9,7,6,9,6,8,9,9,10,10,10,9,6,7,8,9,,,11,12,,,10,3,11,9,10,9,9,7,10,9,7,7,11,11,11,10,9,8,11,10,10,9,7,9,,11,,,b'\x11\xe8\xe1I\xebZ\xf6D\x9a\xbe\x12\xdf\x17\xaeN\x1e'
11E8E149-EB5A-F644-9ABE-12DF17AE4E1E,2019-ncaa-d3-natl,ncaa,356,382,215,371,280,290,282,237,326,313,229,368,164,202,134,191,317,328,234,333,345,264,245,313,317,319,142,109,304,162,173,311,277,272,255,275,239,281,306,307,317,318,297,275,,,388,428,,,369,266,226,293,313,307,193,338,221,158,194,333,349,351,239,194,147,335,262,281,297,324,301,,416,,,363,344,273,141,366,248,115,388,288,276,271,286,407,415,230,410,429,195,165,371,396,402,325,213,367,207,277,219,173,207,255,257,189,304,306,313,313,326,314,311,,,284,294,,,369,173,310,394,368,350,294,170,274,124,301,292,414,426,423,250,196,219,241,227,262,308,322,318,,274,,,b'\x11\xe8\xe1I\xebZ\xf6D\x9a\xbe\x12\xdf\x17\xaeN\x1e'
11E8E149-EB5A-F644-9ABE-12DF17AE4E1E,2020-ncaa-d3-conf-MIAC,ncaa,12,12,7,12,9,12,10,8,12,8,5,10,11,10,12,9,12,12,11,12,12,9,9,12,12,12,11,10,12,3,5,11,11,9,8,10,10,10,11,12,11,11,12,12,,,3,3,,,12,10,8,6,12,10,4,7,3,11,9,12,12,12,8,5,3,11,5,10,11,10,12,,3,,,12,12,12,10,12,12,12,12,7,3,12,2,5,3,12,3,1,8,3,12,12,12,1,4,2,10,11,9,5,9,8,12,3,11,11,11,10,11,6,8,,,12,12,,,12,3,12,12,12,12,12,11,12,12,8,4,6,4,3,10,6,11,9,9,12,11,11,7,,12,,,b'\x11\xe8\xe1I\xebZ\xf6D\x9a\xbe\x12\xdf\x17\xaeN\x1e'
11E8E149-EB5A-F644-9ABE-12DF17AE4E1E,2020-ncaa-d3-natl,ncaa,418,430,198,426,212,311,297,290,270,261,263,245,293,261,327,219,356,351,284,353,357,312,302,291,306,321,306,251,335,229,213,382,276,337,305,338,367,271,331,350,382,377,367,384,,,182,265,,,400,311,337,41,335,307,286,268,251,293,253,372,366,367,330,287,208,410,359,358,291,395,374,,214,,,395,423,418,199,431,406,259,411,372,123,438,126,279,170,437,143,118,175,99,435,435,436,173,262,132,120,276,200,213,155,305,367,184,380,371,406,304,336,113,135,,,290,251,,,400,119,318,430,404,408,405,236,403,302,367,134,289,185,165,213,114,134,224,188,354,390,315,114,,295,,,b'\x11\xe8\xe1I\xebZ\xf6D\x9a\xbe\x12\xdf\x17\xaeN\x1e'
11E8E149-EB5A-F644-9ABE-12DF17AE4E1E,2021-ncaa-d3-conf-MIAC,ncaa,6,1,10,1,10,10,10,10,3,10,10,5,9,10,5,5,11,10,11,10,11,10,10,3,8,3,10,4,11,10,11,10,6,10,10,10,11,2,1,2,10,4,9,7,,,2,2,,,3,10,5,1,4,2,1,2,1,4,3,11,11,10,1,6,11,2,6,7,1,3,4,,3,,,3,2,2,2,3,2,2,3,2,2,1,1,1,1,10,1,1,2,2,1,1,1,1,1,1,3,6,2,11,2,10,2,2,10,6,4,2,3,1,1,,,10,10,,,3,2,8,1,3,3,8,11,11,11,1,2,1,1,1,11,11,9,9,10,5,6,3,1,,10,,,b'\x11\xe8\xe1I\xebZ\xf6D\x9a\xbe\x12\xdf\x17\xaeN\x1e'
11E8E149-EB5A-F644-9ABE-12DF17AE4E1E,2021-ncaa-d3-natl,ncaa,176,1,256,1,257,259,258,262,41,256,260,35,256,260,107,147,271,266,279,265,226,260,266,45,100,48,241,140,274,279,284,261,122,269,244,265,273,17,9,49,261,109,253,199,,,22,127,,,122,262,189,3,89,41,82,34,89,105,129,264,212,196,90,214,285,103,249,186,5,97,169,,148,,,85,22,25,24,121,30,28,162,12,18,6,33,15,13,273,12,5,23,22,60,52,77,3,12,29,22,122,26,284,25,244,17,19,261,185,118,22,58,7,8,,,261,169,,,122,23,125,75,95,114,195,243,258,271,11,55,26,10,7,203,177,152,212,197,80,172,44,8,,201,,,b'\x11\xe8\xe1I\xebZ\xf6D\x9a\xbe\x12\xdf\x17\xaeN\x1e'
11E8E149-EB5A-F644-9ABE-12DF17AE4E1E,2022-ncaa-d3-conf-MIAC,ncaa,10,11,5,11,8,8,7,6,7,5,3,8,10,9,7,9,9,10,7,10,11,8,7,8,7,9,9,9,9,7,8,7,8,6,8,9,10,8,8,9,10,10,3,9,,,8,7,,,10,7,4,5,8,7,5,6,4,10,9,10,11,11,8,5,7,6,5,9,8,10,3,,8,,,10,9,12,10,11,12,12,5,2,1,10,1,7,8,2,8,2,9,8,9,9,9,1,3,3,9,8,7,8,10,8,5,1,9,9,8,9,9,4,3,,,10,12,,,10,5,9,10,10,10,12,10,12,12,2,1,6,7,7,9,9,10,8,10,4,9,9,5,,12,,,b'\x11\xe8\xe1I\xebZ\xf6D\x9a\xbe\x12\xdf\x17\xaeN\x1e'
11E8E149-EB5A-F644-9ABE-12DF17AE4E1E,2022-ncaa-d3-natl,ncaa,275,341,107,305,162,210,190,208,185,159,151,202,247,267,189,287,272,250,295,258,311,220,220,206,226,223,306,269,288,209,243,210,185,209,220,280,392,233,235,298,332,367,162,230,,,310,330,,,288,219,326,290,277,227,286,190,191,282,303,322,307,312,308,333,252,289,279,333,186,378,180,,276,,,280,322,355,269,351,386,385,258,137,39,404,11,220,262,76,259,125,270,203,323,303,335,33,59,132,201,185,241,243,224,220,89,7,298,341,199,293,292,130,96,,,243,262,,,288,214,230,324,275,250,306,184,345,358,89,13,171,226,223,176,102,142,175,156,65,360,257,91,,325,,,b'\x11\xe8\xe1I\xebZ\xf6D\x9a\xbe\x12\xdf\x17\xaeN\x1e'
11E8E149-EB5A-F644-9ABE-12DF17AE4E1E,2023-ncaa-d3-conf-MIAC,ncaa,11,11,7,11,7,11,8,8,8,5,5,7,11,10,12,9,12,12,12,12,12,10,10,10,11,11,12,11,11,9,9,6,10,8,9,8,8,6,7,7,12,12,5,6,,,1,1,,,11,10,10,4,11,8,9,5,4,11,10,12,12,12,10,9,8,3,5,8,6,12,5,,2,,,11,11,11,12,8,11,11,7,6,6,7,3,4,4,12,4,1,12,5,6,6,11,2,4,2,12,10,8,9,9,9,6,2,12,12,12,12,12,3,4,,,12,12,,,11,3,11,11,11,11,11,12,11,11,8,7,6,4,4,12,10,11,9,11,8,12,12,3,,12,,,b'\x11\xe8\xe1I\xebZ\xf6D\x9a\xbe\x12\xdf\x17\xaeN\x1e'
11E8E149-EB5A-F644-9ABE-12DF17AE4E1E,2023-ncaa-d3-natl,ncaa,316,345,185,334,214,295,248,317,148,213,296,104,289,254,308,198,384,387,281,386,389,342,352,166,216,248,348,244,407,380,350,265,244,339,286,298,330,175,285,278,412,418,200,236,,,96,117,,,361,322,370,164,329,272,367,221,320,296,270,410,413,411,397,400,399,282,376,316,184,424,211,,74,,,357,351,374,302,354,352,282,331,334,275,351,253,189,124,396,128,101,278,120,356,348,416,176,271,86,215,244,118,350,150,286,148,25,416,425,398,361,384,30,40,,,365,335,,,361,114,278,412,362,346,355,324,343,287,331,280,195,121,122,298,103,210,115,151,164,427,350,18,,402,,,b'\x11\xe8\xe1I\xebZ\xf6D\x9a\xbe\x12\xdf\x17\xaeN\x1e'
11E8E149-EB5A-F644-9ABE-12DF17AE4E1E,2024-ncaa-d3-conf-MIAC,ncaa,7,9,3,7,3,7,7,7,6,4,3,8,11,11,11,11,9,8,10,8,10,7,6,9,10,9,11,11,7,7,9,6,6,6,9,9,10,6,7,8,7,8,2,3,,,10,10,,,9,6,10,4,10,8,8,4,1,11,11,9,8,8,9,11,8,5,8,10,7,8,3,,10,,,9,7,7,7,8,9,7,8,5,5,4,4,9,9,7,9,6,8,7,7,8,9,4,4,8,6,6,10,9,9,9,6,4,7,8,7,6,8,1,1,,,5,5,,,9,6,9,8,9,6,7,4,8,7,5,5,8,9,8,5,4,5,10,8,4,8,7,1,,8,,,b'\x11\xe8\xe1I\xebZ\xf6D\x9a\xbe\x12\xdf\x17\xaeN\x1e'
11E8E149-EB5A-F644-9ABE-12DF17AE4E1E,2024-ncaa-d3-natl,ncaa,251,275,200,264,218,319,304,345,231,222,210,240,393,392,381,381,229,240,187,241,253,337,349,301,279,280,380,401,92,356,343,346,192,356,301,367,408,168,267,341,277,233,154,115,,,358,415,,,326,327,386,64,352,333,392,212,187,399,398,216,237,239,389,398,377,393,407,388,184,281,151,,380,,,324,187,147,69,321,199,84,354,117,137,142,207,347,314,349,316,381,93,91,307,345,345,242,107,367,84,192,147,343,103,301,106,83,298,250,203,224,297,11,4,,,173,25,,,326,106,313,318,326,194,163,58,202,77,125,145,360,331,331,84,61,78,158,111,120,304,226,4,,129,,,b'\x11\xe8\xe1I\xebZ\xf6D\x9a\xbe\x12\xdf\x17\xaeN\x1e'
11E8E149-EB5A-F644-9ABE-12DF17AE4E1E,2025-ncaa-d3-conf-MIAC,genius_ncaa,9,9,5,9,9,9,6,6,9,4,2,11,12,12,12,12,6,7,6,7,11,6,7,11,11,8,12,12,3,8,8,9,6,9,9,7,9,2,3,6,5,5,7,7,,,8,8,,4,9,7,7,7,9,7,2,3,1,12,12,6,6,6,4,5,8,8,9,7,3,5,7,,9,,4,9,6,5,2,7,3,4,5,4,3,11,4,7,6,11,7,8,3,4,7,8,7,8,6,7,5,6,10,8,9,9,3,3,4,4,4,3,3,1,1,,,11,9,,7,9,5,8,7,9,5,5,4,4,3,6,4,9,7,8,4,5,6,11,10,6,4,3,1,,10,,7,b'\x11\xe8\xe1I\xebZ\xf6D\x9a\xbe\x12\xdf\x17\xaeN\x1e'
11E8E149-EB5A-F644-9ABE-12DF17AE4E1E,2025-ncaa-d3-natl,genius_ncaa,217,215,192,221,248,266,241,275,215,176,162,226,353,357,305,354,229,239,179,248,297,276,314,260,253,216,364,364,176,262,260,336,144,317,244,299,344,65,115,202,217,158,263,231,,,228,345,,201,247,323,353,258,278,247,269,157,128,365,367,220,235,245,282,357,272,382,355,314,74,215,265,,252,,218,247,141,114,46,324,112,82,258,185,69,381,173,247,185,396,198,290,52,64,322,352,302,284,223,281,54,144,182,260,102,244,63,60,216,127,115,99,160,29,18,,,262,179,,129,247,86,219,264,249,162,138,40,131,77,200,77,269,188,202,44,50,73,206,124,74,211,107,26,,269,,129,b'\x11\xe8\xe1I\xebZ\xf6D\x9a\xbe\x12\xdf\x17\xaeN\x1e'
11E8E149-EB5A-F644-9ABE-12DF17AE4E1E,2026-ncaa-d3-conf-MIAC,genius_ncaa,11,12,1,11,1,4,4,1,11,4,3,9,6,1,10,3,6,5,9,5,9,3,3,11,11,11,7,6,8,2,6,3,6,3,6,5,7,11,8,8,4,9,4,8,,,12,8,,11,12,3,7,3,11,11,6,8,9,8,5,9,10,10,9,7,4,7,5,7,7,8,6,,8,,10,11,12,12,12,12,12,12,8,11,10,11,5,10,12,3,12,7,12,12,11,9,12,7,8,5,11,6,12,6,12,6,11,2,8,11,10,12,10,5,3,,,3,9,,7,12,10,9,11,12,12,11,10,11,10,9,5,6,9,8,9,6,7,7,7,7,11,11,3,,9,,8,b'\x11\xe8\xe1I\xebZ\xf6D\x9a\xbe\x12\xdf\x17\xaeN\x1e'
11E8E149-EB5A-F644-9ABE-12DF17AE4E1E,2026-ncaa-d3-natl,genius_ncaa,345,397,42,385,64,204,209,117,352,249,200,301,127,42,332,52,184,210,145,207,203,130,110,336,328,322,103,115,195,177,322,89,203,121,293,280,323,326,271,336,174,258,100,166,,,349,282,,387,363,99,272,113,356,354,295,369,368,211,86,300,328,324,321,311,299,208,272,366,239,261,168,,254,,360,342,357,341,339,271,326,316,260,340,347,271,261,363,351,295,354,277,345,316,274,285,334,273,251,256,294,203,358,322,348,293,286,104,227,340,293,365,344,226,236,,,172,306,,291,363,319,325,328,348,280,258,222,232,190,272,274,304,273,273,225,143,194,305,265,184,355,313,143,,333,,342,b'\x11\xe8\xe1I\xebZ\xf6D\x9a\xbe\x12\xdf\x17\xaeN\x1e'
11E8E149-EB5F-88F8-9ABE-12DF17AE4E1E,2018-ncaa-d3-conf-North Atlantic,ncaa,3,4,1,4,2,2,2,2,4,4,3,4,1,3,2,6,2,3,6,3,2,2,2,2,2,4,5,5,5,3,2,5,2,4,2,3,2,7,5,4,3,3,9,7,,,10,10,,,4,2,8,10,5,6,8,5,8,4,6,4,3,3,6,7,3,10,6,3,5,4,10,,10,,,4,3,2,2,5,2,2,5,3,4,4,6,10,10,10,10,10,2,6,4,6,5,10,4,10,2,2,4,2,2,2,4,9,2,2,2,2,2,4,5,,,1,1,,,4,9,4,3,4,3,2,1,2,1,3,2,9,8,8,2,1,1,1,1,2,3,1,2,,2,,,b'\x11\xe8\xe1I\xeb_\x88\xf8\x9a\xbe\x12\xdf\x17\xaeN\x1e'
11E8E149-EB5F-88F8-9ABE-12DF17AE4E1E,2018-ncaa-d3-natl,ncaa,66,88,43,84,65,113,127,125,147,142,153,141,127,136,141,188,106,75,271,71,101,111,85,130,140,178,184,188,194,63,51,91,45,66,31,39,8,360,270,117,113,118,315,270,,,429,435,,,55,110,315,423,197,215,295,223,297,172,203,173,140,138,260,248,104,226,142,46,257,162,354,,397,,,61,103,39,132,21,22,53,42,279,366,63,398,386,381,282,381,431,177,303,36,74,42,437,348,431,80,45,161,51,112,31,143,383,62,47,59,107,58,90,55,,,19,21,,,55,329,152,25,59,27,10,19,5,3,191,285,329,299,294,24,53,32,50,34,73,97,53,44,,40,,,b'\x11\xe8\xe1I\xeb_\x88\xf8\x9a\xbe\x12\xdf\x17\xaeN\x1e'
11E8E149-EB5F-88F8-9ABE-12DF17AE4E1E,2019-ncaa-d3-conf-North Atlantic,ncaa,2,2,1,2,4,2,4,5,2,4,7,1,2,4,4,2,2,1,3,1,1,4,4,2,1,2,2,5,2,2,2,2,1,3,1,2,1,6,4,2,5,3,3,3,,,8,8,,,2,5,8,7,2,5,8,6,8,4,4,2,2,2,8,8,3,2,3,2,3,6,4,,6,,,2,1,1,1,1,1,1,1,2,5,1,7,7,7,5,7,8,1,1,1,1,2,8,6,8,1,1,1,2,1,1,1,5,4,2,2,2,2,5,6,,,1,1,,,2,4,2,2,2,1,1,1,1,1,2,2,6,6,6,1,1,1,1,1,1,5,2,3,,1,,,b'\x11\xe8\xe1I\xeb_\x88\xf8\x9a\xbe\x12\xdf\x17\xaeN\x1e'
11E8E149-EB5F-88F8-9ABE-12DF17AE4E1E,2019-ncaa-d3-natl,ncaa,78,46,215,65,287,259,276,337,198,281,363,123,204,167,288,119,160,138,271,122,24,306,333,190,182,179,134,194,100,132,49,169,8,144,17,211,129,118,208,174,242,170,254,118,,,286,430,,,55,374,413,338,259,295,374,300,383,205,150,135,108,93,334,363,116,109,87,198,140,246,252,,315,,,49,11,4,27,2,3,12,6,129,261,27,407,225,258,129,260,438,34,50,7,12,12,443,395,437,13,8,43,49,25,17,9,143,189,74,11,63,106,215,318,,,117,24,,,55,71,133,5,34,4,1,6,1,3,137,279,242,265,270,12,11,10,45,21,4,172,74,231,,80,,,b'\x11\xe8\xe1I\xeb_\x88\xf8\x9a\xbe\x12\xdf\x17\xaeN\x1e'
11E8E149-EB5F-88F8-9ABE-12DF17AE4E1E,2020-ncaa-d3-conf-North Atlantic,ncaa,2,2,4,2,6,3,4,4,3,4,4,3,4,4,4,6,2,2,4,2,1,3,3,4,3,3,4,6,3,2,2,2,1,3,2,2,1,4,4,2,4,3,3,2,,,6,7,,,2,5,3,7,2,2,4,2,4,4,3,2,1,1,3,1,1,1,1,2,4,3,3,,6,,,2,1,1,1,1,1,4,1,1,1,1,2,5,5,1,5,6,1,3,1,1,1,2,1,8,1,1,2,2,2,2,1,4,2,2,1,1,1,4,5,,,2,2,,,2,3,2,1,2,1,1,1,2,3,1,1,5,5,5,2,2,2,2,2,1,2,2,5,,1,,,b'\x11\xe8\xe1I\xeb_\x88\xf8\x9a\xbe\x12\xdf\x17\xaeN\x1e'
11E8E149-EB5F-88F8-9ABE-12DF17AE4E1E,2020-ncaa-d3-natl,ncaa,79,46,198,57,255,206,224,282,162,201,226,184,234,294,122,301,120,85,304,83,69,239,230,162,166,193,218,265,114,140,73,142,41,145,41,166,104,261,281,218,247,224,159,109,,,299,364,,,43,265,223,190,189,213,272,183,203,231,282,99,52,52,219,189,123,80,91,142,284,248,146,,329,,,31,13,12,62,3,15,80,12,23,153,3,247,253,290,109,291,364,80,128,3,6,6,330,118,425,72,41,59,73,50,41,20,165,125,72,15,69,76,88,86,,,146,108,,,43,180,191,4,30,11,6,70,19,77,18,172,262,305,306,94,158,83,69,56,19,98,80,83,,101,,,b'\x11\xe8\xe1I\xeb_\x88\xf8\x9a\xbe\x12\xdf\x17\xaeN\x1e'
11E8E149-EB5F-88F8-9ABE-12DF17AE4E1E,2021-ncaa-d3-conf-North Atlantic,ncaa,2,1,2,1,3,2,2,2,5,2,2,4,2,2,3,3,2,1,4,1,2,2,2,3,2,2,3,4,2,2,3,2,2,2,3,2,2,6,4,2,2,3,1,1,,,7,6,,,2,2,1,3,2,3,2,3,2,2,1,1,1,1,2,1,2,1,1,1,4,1,1,,5,,,2,4,4,6,1,4,6,1,2,3,2,2,6,6,3,6,2,5,6,1,1,1,4,4,7,4,2,7,3,7,3,1,2,2,2,1,3,2,5,4,,,1,3,,,2,6,3,1,2,2,2,4,2,6,3,3,3,2,2,3,5,2,6,5,1,1,3,4,,3,,,b'\x11\xe8\xe1I\xeb_\x88\xf8\x9a\xbe\x12\xdf\x17\xaeN\x1e'
11E8E149-EB5F-88F8-9ABE-12DF17AE4E1E,2021-ncaa-d3-natl,ncaa,148,1,246,1,248,246,247,247,198,248,250,178,234,238,185,92,233,232,224,232,39,246,247,187,188,176,82,115,77,240,73,241,21,241,37,237,47,44,142,122,218,15,204,43,,,44,223,,,77,246,7,110,59,89,16,106,81,77,35,38,16,15,14,7,25,2,4,47,222,11,30,,264,,,24,29,27,37,4,29,36,5,27,33,25,66,35,40,33,40,101,36,40,5,8,4,130,81,210,28,21,44,73,40,37,22,24,231,23,4,32,30,46,164,,,238,91,,,77,41,164,4,30,19,21,184,33,218,30,84,106,149,143,176,264,102,246,202,7,14,70,195,,17,,,b'\x11\xe8\xe1I\xeb_\x88\xf8\x9a\xbe\x12\xdf\x17\xaeN\x1e'
11E8E149-EB5F-88F8-9ABE-12DF17AE4E1E,2022-ncaa-d3-conf-North Atlantic,ncaa,2,2,3,2,4,1,3,4,3,7,7,4,1,1,1,1,1,1,1,2,1,3,4,3,2,2,1,1,4,5,5,1,1,2,2,1,1,8,4,2,9,11,1,1,,,9,6,,,2,4,8,5,1,4,5,6,11,1,2,1,1,1,4,6,5,1,1,1,4,11,1,,7,,,2,7,6,9,1,5,8,1,7,11,2,10,8,7,6,7,6,9,9,1,1,3,10,9,7,5,1,6,5,7,2,5,4,9,11,7,4,3,2,1,,,3,6,,,2,9,3,2,3,4,4,9,2,5,6,10,5,4,4,8,4,3,3,3,2,11,4,1,,6,,,b'\x11\xe8\xe1I\xeb_\x88\xf8\x9a\xbe\x12\xdf\x17\xaeN\x1e'
11E8E149-EB5F-88F8-9ABE-12DF17AE4E1E,2022-ncaa-d3-natl,ncaa,116,21,376,41,379,235,262,358,80,332,386,145,81,182,4,87,217,267,81,277,72,355,365,44,34,61,27,43,173,327,134,155,25,241,18,101,1,100,255,63,384,365,23,5,,,91,218,,,50,366,111,119,46,101,179,250,325,25,73,66,96,107,161,128,215,3,16,11,276,353,1,,254,,,25,14,15,77,4,19,98,3,53,108,39,201,65,68,103,58,118,65,55,4,4,17,292,248,285,40,25,23,134,22,18,24,210,382,332,192,72,166,15,24,,,359,253,,,50,68,69,18,22,56,62,341,62,334,138,255,171,212,186,329,277,130,71,78,101,308,192,17,,206,,,b'\x11\xe8\xe1I\xeb_\x88\xf8\x9a\xbe\x12\xdf\x17\xaeN\x1e'
11E8E149-EB5F-88F8-9ABE-12DF17AE4E1E,2023-ncaa-d3-conf-North Atlantic,ncaa,1,1,2,1,5,2,3,6,1,5,9,1,1,1,1,1,4,5,3,5,2,6,6,1,1,1,1,1,11,5,1,4,1,5,1,2,2,7,7,2,3,2,1,1,,,7,9,,,2,6,9,7,2,3,6,7,10,1,1,5,5,5,6,7,5,5,5,2,6,4,1,,4,,,2,2,2,4,2,1,2,1,4,7,3,10,8,7,7,8,10,4,4,2,2,2,12,11,10,1,1,1,1,1,1,1,1,3,2,2,5,6,1,1,,,5,7,,,2,8,2,2,2,2,2,2,1,1,4,3,7,4,4,2,1,1,1,1,1,6,5,1,,6,,,b'\x11\xe8\xe1I\xeb_\x88\xf8\x9a\xbe\x12\xdf\x17\xaeN\x1e'
11E8E149-EB5F-88F8-9ABE-12DF17AE4E1E,2023-ncaa-d3-natl,ncaa,56,43,109,50,148,73,94,174,47,201,301,63,17,58,7,51,155,188,95,188,98,176,156,20,21,35,32,20,316,152,45,66,36,96,12,34,17,266,244,72,186,206,50,32,,,205,192,,,38,175,216,222,58,83,211,239,365,12,61,168,225,223,213,208,166,51,83,24,241,217,52,,166,,,30,98,89,272,19,62,194,25,257,329,93,329,167,203,96,207,214,257,239,28,26,55,343,339,224,74,36,41,45,36,12,44,63,218,259,97,114,98,41,75,,,226,287,,,38,284,36,39,24,67,63,214,48,139,228,302,131,167,173,199,171,63,10,17,38,270,98,25,,285,,,b'\x11\xe8\xe1I\xeb_\x88\xf8\x9a\xbe\x12\xdf\x17\xaeN\x1e'
11E8E149-EB5F-88F8-9ABE-12DF17AE4E1E,2024-ncaa-d3-conf-North Atlantic,ncaa,1,1,5,1,5,2,3,3,1,3,6,1,1,1,1,2,3,6,5,5,5,3,5,1,1,1,5,2,12,3,3,2,2,3,3,2,5,3,3,1,3,3,1,2,,,11,12,,,1,7,14,3,2,2,5,4,11,1,2,5,7,6,5,10,5,3,3,2,1,3,2,,9,,,2,4,4,7,2,4,7,4,3,8,3,7,10,10,8,10,10,7,7,2,2,2,10,5,13,4,2,3,3,3,3,3,1,6,5,2,3,1,3,1,,,7,10,,,1,8,1,2,2,2,2,2,3,1,3,3,8,6,7,2,2,2,2,2,2,6,1,1,,11,,,b'\x11\xe8\xe1I\xeb_\x88\xf8\x9a\xbe\x12\xdf\x17\xaeN\x1e'
11E8E149-EB5F-88F8-9ABE-12DF17AE4E1E,2024-ncaa-d3-natl,ncaa,67,30,200,41,295,90,98,151,44,164,287,33,31,58,43,55,229,221,243,219,137,163,233,30,39,29,97,54,360,139,99,73,11,94,21,36,8,59,58,11,212,162,61,27,,,226,305,,,27,266,228,420,37,40,102,143,303,15,39,216,211,208,109,198,118,20,35,11,68,201,46,,242,,,16,59,54,111,53,42,91,55,186,238,120,325,123,120,238,121,209,97,111,60,59,59,332,337,246,38,11,121,99,64,21,65,151,224,165,99,6,2,11,9,,,281,313,,,27,161,26,42,16,52,62,108,45,87,203,266,128,123,123,94,103,32,133,68,70,214,5,4,,300,,,b'\x11\xe8\xe1I\xeb_\x88\xf8\x9a\xbe\x12\xdf\x17\xaeN\x1e'
11E8E149-EB5F-88F8-9ABE-12DF17AE4E1E,2025-ncaa-d3-conf-North Atlantic,genius_ncaa,1,1,1,1,1,2,2,3,1,3,5,1,1,1,1,1,6,7,2,8,9,3,3,1,1,1,2,1,10,3,3,1,2,2,2,1,2,3,3,2,3,4,2,2,,,9,8,,5,2,3,10,6,3,3,3,3,8,1,1,8,10,10,4,9,3,1,2,1,2,4,2,,7,,3,2,1,1,9,1,1,7,1,1,9,1,6,9,10,2,10,10,9,8,1,1,1,10,1,10,5,2,2,3,3,2,1,1,4,5,1,3,3,2,3,,,6,9,,1,2,8,2,1,2,1,1,2,1,1,1,3,5,8,8,2,1,2,1,2,1,6,2,1,,9,,2,b'\x11\xe8\xe1I\xeb_\x88\xf8\x9a\xbe\x12\xdf\x17\xaeN\x1e'
11E8E149-EB5F-88F8-9ABE-12DF17AE4E1E,2025-ncaa-d3-natl,genius_ncaa,44,25,116,39,165,98,96,176,36,210,310,43,9,46,8,23,304,330,136,342,266,200,227,13,18,32,39,11,407,195,130,40,31,82,20,35,16,133,143,23,272,267,76,40,,,255,309,,122,23,251,326,257,71,68,200,243,363,5,40,340,368,376,256,318,229,17,63,15,111,308,72,,232,,115,14,33,23,144,6,23,101,11,146,277,35,319,196,227,102,225,294,143,142,8,11,25,373,303,346,99,31,73,130,67,20,32,136,239,223,94,24,30,26,40,,,268,263,,109,23,167,30,25,13,20,12,91,11,63,123,247,164,193,193,98,69,86,54,48,25,292,22,17,,328,,119,b'\x11\xe8\xe1I\xeb_\x88\xf8\x9a\xbe\x12\xdf\x17\xaeN\x1e'
11E8E149-EB5F-88F8-9ABE-12DF17AE4E1E,2026-ncaa-d3-conf-North Atlantic,genius_ncaa,1,1,3,1,3,1,1,2,3,4,4,3,1,1,2,1,9,9,5,10,10,3,4,2,3,2,3,1,10,1,2,1,1,1,1,1,4,3,1,2,6,6,1,1,,,5,6,,3,1,7,9,1,2,2,2,2,3,1,1,10,10,10,2,4,1,1,1,2,1,6,2,,3,,3,1,3,3,4,2,1,2,1,5,7,3,10,2,4,1,4,7,4,4,3,2,2,10,9,6,2,1,4,2,4,1,1,2,5,5,2,1,1,2,2,,,8,9,,4,1,4,1,2,1,1,1,4,1,1,6,6,1,2,2,3,1,1,4,1,1,7,1,2,,10,,3,b'\x11\xe8\xe1I\xeb_\x88\xf8\x9a\xbe\x12\xdf\x17\xaeN\x1e'
11E8E149-EB5F-88F8-9ABE-12DF17AE4E1E,2026-ncaa-d3-natl,genius_ncaa,157,21,379,59,382,342,326,360,176,351,369,193,188,248,98,71,399,397,269,398,398,370,379,142,185,136,152,45,408,177,14,294,5,267,3,252,69,24,59,38,389,310,195,25,,,29,238,,75,47,390,202,113,49,29,15,111,87,17,25,369,359,377,27,59,8,2,1,21,121,338,55,,179,,133,11,9,6,28,2,7,15,2,82,98,115,395,15,19,28,20,229,26,26,6,4,9,405,405,196,16,5,34,14,22,3,13,213,382,200,87,9,12,1,1,,,391,371,,169,47,27,51,7,15,15,12,160,5,47,300,375,51,103,88,139,115,44,189,101,42,246,36,1,,306,,72,b'\x11\xe8\xe1I\xeb_\x88\xf8\x9a\xbe\x12\xdf\x17\xaeN\x1e'
11E8E149-EB63-F960-9ABE-12DF17AE4E1E,2018-ncaa-d3-conf-HCAC,ncaa,6,5,7,6,7,9,9,9,10,10,9,10,4,3,8,3,5,4,8,5,1,9,10,10,10,7,2,3,2,9,9,10,10,10,10,10,9,1,2,6,6,6,10,10,,,1,1,,,9,10,8,5,9,9,8,10,9,4,2,3,3,4,6,9,9,10,10,10,2,6,10,,2,,,9,6,7,4,10,7,3,10,4,4,7,5,1,2,5,2,4,3,2,10,10,8,1,5,1,6,10,9,9,9,10,10,10,6,5,8,2,5,9,10,,,6,3,,,9,1,7,9,9,8,8,6,8,7,6,6,4,4,4,6,6,7,10,9,10,5,4,10,,5,,,b'\x11\xe8\xe1I\xebc\xf9`\x9a\xbe\x12\xdf\x17\xaeN\x1e'
11E8E149-EB63-F960-9ABE-12DF17AE4E1E,2018-ncaa-d3-natl,ncaa,320,327,305,326,319,365,391,362,393,409,406,379,204,119,332,53,265,267,234,276,66,358,395,373,364,310,32,77,81,404,425,425,413,423,435,395,344,21,79,270,215,165,430,431,,,51,75,,,385,389,397,121,381,400,359,420,415,167,79,231,220,233,348,420,404,443,441,405,35,195,434,,58,,,382,255,335,80,433,347,118,436,237,126,417,201,73,59,374,53,77,65,74,435,434,412,85,222,49,212,413,352,425,308,435,406,413,221,144,377,105,240,409,440,,,374,249,,,385,61,333,415,387,330,369,149,373,197,274,152,95,67,63,103,101,279,399,362,413,181,141,421,,376,,,b'\x11\xe8\xe1I\xebc\xf9`\x9a\xbe\x12\xdf\x17\xaeN\x1e'
11E8E149-EB63-F960-9ABE-12DF17AE4E1E,2019-ncaa-d3-conf-HCAC,ncaa,10,10,7,10,10,10,10,4,10,9,6,10,5,4,7,4,10,8,10,8,8,7,8,10,10,10,4,4,6,7,9,8,9,9,9,10,9,3,5,8,8,8,9,10,,,9,7,,,10,6,3,5,10,10,2,9,5,4,4,9,6,6,4,5,6,6,7,10,4,8,9,,9,,,10,9,5,5,7,8,6,7,4,3,3,2,10,9,8,9,8,5,6,6,8,9,4,2,9,8,9,10,9,10,9,7,7,8,7,7,5,5,8,9,,,10,9,,,10,4,10,9,10,10,9,8,9,8,6,6,10,9,9,8,9,10,10,10,9,4,5,8,,8,,,b'\x11\xe8\xe1I\xebc\xf9`\x9a\xbe\x12\xdf\x17\xaeN\x1e'
11E8E149-EB63-F960-9ABE-12DF17AE4E1E,2019-ncaa-d3-natl,ncaa,390,412,215,398,243,351,358,221,412,376,249,420,221,164,314,165,306,257,376,255,228,235,267,409,406,384,104,121,177,326,417,242,326,288,408,322,184,127,155,274,282,312,372,388,,,334,330,,,394,236,179,142,385,391,177,400,247,226,145,314,248,251,190,243,332,220,294,350,144,292,388,,362,,,392,318,252,210,265,275,242,261,198,183,232,150,403,393,320,393,378,271,255,254,303,306,262,133,379,333,326,430,417,416,408,271,241,225,254,259,290,308,427,429,,,298,298,,,394,220,392,327,389,320,273,265,284,281,209,197,411,406,407,320,309,348,431,414,278,215,302,430,,300,,,b'\x11\xe8\xe1I\xebc\xf9`\x9a\xbe\x12\xdf\x17\xaeN\x1e'
11E8E149-EB63-F960-9ABE-12DF17AE4E1E,2020-ncaa-d3-conf-HCAC,ncaa,10,10,7,10,9,8,10,6,9,9,9,6,4,2,9,3,3,4,3,4,1,6,7,9,7,7,2,3,2,8,9,9,10,10,10,7,6,4,6,6,5,5,10,10,,,6,6,,,10,6,3,4,7,10,6,9,8,4,2,3,4,3,6,6,8,9,10,7,5,5,10,,8,,,10,10,10,7,9,10,8,10,3,3,4,2,5,6,4,5,5,6,5,9,9,9,1,2,4,10,10,8,9,10,10,8,5,5,6,7,9,9,2,6,,,8,5,,,10,5,7,10,10,10,10,10,10,10,4,6,6,7,6,10,9,10,10,10,9,4,9,4,,6,,,b'\x11\xe8\xe1I\xebc\xf9`\x9a\xbe\x12\xdf\x17\xaeN\x1e'
11E8E149-EB63-F960-9ABE-12DF17AE4E1E,2020-ncaa-d3-natl,ncaa,306,329,198,322,243,321,364,334,370,391,393,344,159,82,323,41,154,208,90,189,28,322,346,344,310,303,22,70,36,351,386,391,417,390,419,326,189,148,240,304,208,199,405,413,,,233,267,,,355,325,327,163,347,387,362,408,419,157,65,137,207,188,343,359,371,420,419,347,173,194,413,,275,,,350,284,310,195,342,305,206,340,258,200,318,226,235,211,310,206,213,190,181,344,347,333,179,229,189,380,417,318,386,356,419,308,255,223,228,293,306,353,248,380,,,236,128,,,355,112,323,369,355,295,310,227,308,233,271,226,248,232,230,224,223,372,332,355,307,210,318,271,,217,,,b'\x11\xe8\xe1I\xebc\xf9`\x9a\xbe\x12\xdf\x17\xaeN\x1e'
11E8E149-EB63-F960-9ABE-12DF17AE4E1E,2021-ncaa-d3-conf-HCAC,ncaa,7,10,1,8,2,3,3,2,9,2,2,4,5,3,10,5,1,1,10,1,2,2,2,9,9,8,7,8,4,2,3,2,7,2,4,5,8,10,7,9,4,8,3,8,,,10,5,,,10,2,7,3,7,8,6,6,6,7,4,4,4,4,7,6,5,5,4,9,7,7,8,,5,,,9,10,10,10,8,10,10,8,9,9,6,1,9,9,5,9,2,10,9,8,7,9,1,1,2,10,7,9,3,10,4,10,9,3,9,9,10,8,9,6,,,1,3,,,10,9,8,9,8,7,8,7,10,10,2,2,4,5,5,6,5,8,5,8,9,8,7,6,,4,,,b'\x11\xe8\xe1I\xebc\xf9`\x9a\xbe\x12\xdf\x17\xaeN\x1e'
11E8E149-EB63-F960-9ABE-12DF17AE4E1E,2021-ncaa-d3-natl,ncaa,128,284,5,217,5,24,28,15,200,22,15,145,63,19,253,148,13,11,219,11,60,14,13,208,201,203,171,212,50,13,112,17,205,17,168,53,232,275,186,227,44,189,32,143,,,275,192,,,256,14,235,104,225,229,241,194,215,221,179,130,86,86,230,213,128,225,199,236,151,202,141,,147,,,193,277,276,273,199,280,279,185,259,257,161,59,275,275,138,275,147,274,273,182,182,193,80,62,148,275,205,277,112,277,168,282,233,22,170,214,277,201,275,220,,,9,55,,,256,272,198,195,204,135,146,91,175,156,75,54,148,153,153,92,60,166,105,130,198,189,172,192,,93,,,b'\x11\xe8\xe1I\xebc\xf9`\x9a\xbe\x12\xdf\x17\xaeN\x1e'
11E8E149-EB63-F960-9ABE-12DF17AE4E1E,2022-ncaa-d3-conf-HCAC,ncaa,8,6,6,8,8,8,9,8,9,8,7,10,7,7,8,7,4,6,1,6,3,7,7,9,8,8,4,8,1,8,8,9,9,9,9,8,2,2,4,6,5,4,7,7,,,5,7,,,8,6,8,9,9,10,10,9,6,8,7,1,3,3,9,9,8,9,9,8,3,5,7,,6,,,8,5,5,4,10,6,5,10,2,2,5,4,6,6,6,5,6,5,5,9,8,8,3,1,6,9,9,6,8,8,9,7,8,4,4,8,5,7,3,6,,,7,2,,,8,5,9,8,8,7,8,4,10,6,4,4,7,7,7,3,4,7,7,7,8,5,5,5,,4,,,b'\x11\xe8\xe1I\xebc\xf9`\x9a\xbe\x12\xdf\x17\xaeN\x1e'
11E8E149-EB63-F960-9ABE-12DF17AE4E1E,2022-ncaa-d3-natl,ncaa,275,257,300,279,329,314,359,346,334,360,334,344,261,270,227,209,59,126,21,116,26,337,357,317,241,215,56,208,3,364,373,382,385,386,398,258,45,54,136,155,220,166,349,342,,,159,259,,,341,347,300,274,284,365,355,365,322,233,231,15,56,55,291,363,363,416,413,233,91,176,344,,251,,,339,255,258,90,400,260,94,394,236,151,365,224,245,227,304,223,312,98,97,399,404,388,196,207,223,240,385,196,373,206,398,329,330,286,238,341,143,236,230,324,,,230,47,,,341,84,247,392,342,346,345,171,334,174,299,214,320,300,300,198,187,314,320,316,354,239,203,295,,107,,,b'\x11\xe8\xe1I\xebc\xf9`\x9a\xbe\x12\xdf\x17\xaeN\x1e'
11E8E149-EB63-F960-9ABE-12DF17AE4E1E,2023-ncaa-d3-conf-HCAC,ncaa,6,8,5,7,6,6,7,6,7,8,7,6,4,4,5,3,6,5,7,5,3,6,6,6,5,6,3,4,4,7,9,6,8,7,9,5,4,8,7,8,5,6,8,10,,,7,6,,,9,6,4,6,6,8,8,10,8,4,3,4,6,6,7,5,9,8,8,6,7,7,10,,6,,,8,10,10,6,8,9,6,7,9,5,8,4,6,7,4,7,7,7,5,7,7,7,6,6,6,8,8,7,9,8,9,8,3,4,6,6,9,9,4,7,,,6,2,,,9,5,7,8,8,8,9,7,8,7,8,5,6,8,8,8,9,7,8,8,6,6,8,4,,4,,,b'\x11\xe8\xe1I\xebc\xf9`\x9a\xbe\x12\xdf\x17\xaeN\x1e'
11E8E149-EB63-F960-9ABE-12DF17AE4E1E,2023-ncaa-d3-natl,ncaa,270,269,271,276,312,241,279,279,268,305,330,240,154,142,224,116,97,89,192,86,31,253,278,241,214,216,57,135,53,295,318,309,299,322,337,281,233,167,211,252,137,121,419,421,,,307,348,,,298,258,143,288,195,274,230,301,322,129,112,54,53,51,179,188,283,288,302,267,221,111,426,,354,,,296,303,241,144,316,153,113,263,361,255,418,282,336,331,254,336,376,172,177,354,362,353,383,346,310,228,299,257,318,254,337,229,196,208,205,226,258,287,134,215,,,100,22,,,298,163,242,342,295,343,295,233,214,158,375,293,370,371,377,276,263,264,330,316,260,177,283,149,,34,,,b'\x11\xe8\xe1I\xebc\xf9`\x9a\xbe\x12\xdf\x17\xaeN\x1e'
11E8E149-EB63-F960-9ABE-12DF17AE4E1E,2024-ncaa-d3-conf-HCAC,ncaa,8,8,7,8,7,9,9,9,9,9,10,8,6,5,9,4,5,6,6,6,1,9,9,8,8,9,1,5,1,9,9,9,6,9,9,10,7,7,8,9,8,7,9,9,,,5,5,,,8,9,8,4,9,9,9,9,9,6,4,4,3,3,9,9,9,9,9,10,8,8,9,,5,,,8,6,6,2,9,5,1,9,7,6,10,7,5,5,7,5,8,3,2,9,9,8,8,7,6,2,6,4,9,3,9,6,6,8,4,7,7,8,3,7,,,3,1,,,8,2,9,7,8,6,6,3,6,1,8,7,6,6,6,3,3,2,7,3,7,7,8,4,,1,,,b'\x11\xe8\xe1I\xebc\xf9`\x9a\xbe\x12\xdf\x17\xaeN\x1e'
11E8E149-EB63-F960-9ABE-12DF17AE4E1E,2024-ncaa-d3-natl,ncaa,318,342,200,333,229,314,365,357,356,374,379,349,212,182,254,119,82,55,259,56,8,323,305,335,285,328,19,136,15,356,367,386,246,384,367,348,243,313,340,363,208,169,404,395,,,149,211,,,369,267,248,133,345,389,408,402,405,210,182,58,31,37,378,333,377,423,419,368,306,198,409,,169,,,366,332,319,103,409,285,80,415,347,225,401,314,267,210,401,189,297,97,126,418,422,393,272,283,189,78,246,223,367,144,367,319,266,175,121,265,359,370,337,410,,,45,7,,,369,163,347,373,365,337,326,91,284,71,344,248,285,224,207,94,129,73,239,156,313,153,347,347,,12,,,b'\x11\xe8\xe1I\xebc\xf9`\x9a\xbe\x12\xdf\x17\xaeN\x1e'
11E8E149-EB63-F960-9ABE-12DF17AE4E1E,2025-ncaa-d3-conf-HCAC,genius_ncaa,8,8,9,8,9,9,9,9,10,10,9,9,7,6,6,4,2,2,4,3,3,9,8,10,8,9,3,4,1,8,4,7,4,7,5,9,8,8,10,10,8,7,10,10,,,3,4,,1,9,7,7,1,8,10,8,8,7,6,4,1,1,1,7,5,7,8,7,8,10,8,10,,3,,1,9,2,6,5,4,6,4,6,4,9,3,9,3,3,9,3,3,5,3,4,4,7,3,6,3,2,4,2,4,1,5,2,3,8,7,7,10,10,8,8,,,2,1,,1,9,4,9,7,9,7,9,8,7,5,7,9,3,3,3,7,6,4,3,3,4,9,10,8,,1,,1,b'\x11\xe8\xe1I\xebc\xf9`\x9a\xbe\x12\xdf\x17\xaeN\x1e'
11E8E149-EB63-F960-9ABE-12DF17AE4E1E,2025-ncaa-d3-natl,genius_ncaa,293,299,290,299,290,254,301,287,294,265,227,295,315,302,316,299,44,65,44,68,59,251,284,320,257,240,167,330,10,269,214,289,147,286,193,299,253,125,168,241,318,294,351,359,,,84,110,,53,263,278,210,5,207,284,207,241,161,316,288,10,33,33,146,173,237,222,231,287,183,290,353,,108,,56,264,201,249,190,275,286,178,340,151,241,74,260,160,107,394,105,109,159,106,257,262,316,98,143,153,93,147,112,214,80,193,169,117,346,341,308,250,292,393,389,,,58,12,,34,263,130,241,277,267,290,308,289,323,253,192,287,197,132,130,268,200,122,179,150,230,337,283,401,,8,,17,b'\x11\xe8\xe1I\xebc\xf9`\x9a\xbe\x12\xdf\x17\xaeN\x1e'
11E8E149-EB63-F960-9ABE-12DF17AE4E1E,2026-ncaa-d3-conf-HCAC,genius_ncaa,1,1,1,1,3,4,6,6,6,6,8,4,3,4,5,3,1,2,5,2,3,5,5,4,2,2,3,4,2,2,2,8,1,6,2,7,8,3,2,5,6,4,7,7,,,4,6,,6,2,7,6,3,4,6,6,6,8,3,4,1,2,2,5,5,2,8,6,7,3,6,7,,4,,6,2,5,6,3,10,6,3,9,6,4,10,4,2,3,4,3,6,2,4,10,10,9,5,8,4,1,1,2,2,2,2,3,3,7,3,5,3,3,2,3,,,3,2,,1,2,5,2,7,2,5,6,3,6,3,6,4,2,3,3,2,4,1,2,2,3,7,3,2,,3,,1,b'\x11\xe8\xe1I\xebc\xf9`\x9a\xbe\x12\xdf\x17\xaeN\x1e'
11E8E149-EB63-F960-9ABE-12DF17AE4E1E,2026-ncaa-d3-natl,genius_ncaa,54,21,215,41,249,178,216,316,64,234,320,58,165,231,80,191,33,49,88,57,10,282,295,55,20,31,69,208,20,297,184,303,21,316,81,247,283,100,151,165,239,151,323,281,,,126,228,,234,96,291,261,113,56,162,332,186,324,128,196,8,12,13,228,291,270,297,305,216,124,201,304,,143,,278,93,149,152,83,362,165,98,351,142,92,313,175,144,135,174,134,259,87,99,355,348,299,161,182,187,29,21,94,184,60,81,127,129,249,114,166,195,264,55,79,,,86,3,,24,96,121,45,216,85,190,205,52,216,94,176,88,171,171,169,50,65,8,72,25,163,180,231,52,,7,,12,b'\x11\xe8\xe1I\xebc\xf9`\x9a\xbe\x12\xdf\x17\xaeN\x1e'
11E8E149-EB68-916E-9ABE-12DF17AE4E1E,2018-ncaa-d3-conf-MAC Freedom,ncaa,5,4,5,5,5,5,4,7,1,4,4,5,8,8,1,8,3,3,6,3,3,5,6,2,2,3,8,8,2,4,2,5,2,4,2,5,7,6,7,7,4,4,5,3,,,6,8,,,4,6,6,1,4,4,6,4,3,8,8,3,2,2,4,5,3,3,2,5,6,4,5,,7,,,3,1,1,1,3,1,1,3,1,3,1,6,6,6,4,6,8,1,1,3,3,4,7,4,8,1,2,1,2,1,2,1,6,5,3,3,6,6,1,1,,,6,3,,,4,3,4,2,3,1,1,1,2,1,2,5,6,7,7,1,1,2,1,1,2,3,6,1,,3,,,b'\x11\xe8\xe1I\xebh\x91n\x9a\xbe\x12\xdf\x17\xaeN\x1e'
11E8E149-EB68-916E-9ABE-12DF17AE4E1E,2018-ncaa-d3-natl,ncaa,89,68,197,82,230,179,148,256,47,63,70,113,401,425,79,441,150,95,336,102,254,219,175,108,125,191,422,428,170,84,18,145,140,108,27,175,257,356,342,265,84,68,192,154,,,342,385,,,38,231,212,155,147,94,240,21,40,412,437,122,63,73,186,127,57,89,47,159,359,69,188,,372,,,34,17,11,73,4,20,90,14,21,156,2,205,279,302,151,301,371,89,182,3,9,7,308,94,433,177,140,33,18,57,27,19,146,88,48,14,243,228,69,19,,,157,169,,,38,194,158,7,38,14,11,62,20,96,20,148,297,323,321,96,204,191,23,65,20,56,257,63,,116,,,b'\x11\xe8\xe1I\xebh\x91n\x9a\xbe\x12\xdf\x17\xaeN\x1e'
11E8E149-EB68-916E-9ABE-12DF17AE4E1E,2019-ncaa-d3-conf-MAC Freedom,ncaa,3,3,3,3,3,4,4,5,5,4,4,7,5,7,1,6,3,2,6,2,3,5,4,5,4,4,4,5,2,4,4,6,7,6,5,4,4,5,5,4,4,4,7,8,,,4,4,,,3,6,8,3,5,6,6,5,5,5,7,4,2,2,6,6,5,8,7,4,4,4,8,,2,,,3,4,4,3,7,6,5,6,2,2,5,3,4,4,6,4,5,3,4,5,5,3,2,2,6,6,7,2,4,5,5,6,7,3,2,4,6,6,8,7,,,2,2,,,3,3,4,3,3,3,4,2,4,4,1,1,3,3,3,2,2,6,4,4,4,3,5,8,,2,,,b'\x11\xe8\xe1I\xebh\x91n\x9a\xbe\x12\xdf\x17\xaeN\x1e'
11E8E149-EB68-916E-9ABE-12DF17AE4E1E,2019-ncaa-d3-natl,ncaa,118,72,317,90,348,175,155,217,110,115,95,198,308,383,54,399,164,131,298,140,249,200,234,154,157,138,358,361,190,139,117,279,312,231,210,106,65,145,148,77,64,34,357,364,,,157,171,,,71,263,104,341,78,69,83,43,27,309,376,102,63,67,70,87,86,202,109,52,204,28,360,,229,,,64,51,58,99,80,117,170,111,23,77,16,120,152,159,137,154,191,90,191,57,61,28,101,64,292,282,312,158,117,201,210,93,247,68,34,45,239,253,183,107,,,145,105,,,71,170,126,40,68,89,108,178,174,259,38,109,198,215,208,182,335,331,236,294,146,24,288,235,,43,,,b'\x11\xe8\xe1I\xebh\x91n\x9a\xbe\x12\xdf\x17\xaeN\x1e'
11E8E149-EB68-916E-9ABE-12DF17AE4E1E,2020-ncaa-d3-conf-Skyline,ncaa,3,3,3,3,3,2,1,6,1,1,4,1,6,8,1,8,7,9,2,9,10,6,6,1,1,1,8,8,9,5,3,3,5,4,4,2,6,4,5,2,5,5,3,3,,,8,10,,,1,6,8,2,1,1,7,1,4,6,8,7,9,9,6,8,5,2,4,1,5,4,3,,9,,,1,1,1,3,1,2,2,1,1,3,1,5,8,8,10,8,9,3,3,1,1,1,10,3,11,4,5,1,3,1,4,1,3,4,4,2,1,1,1,1,,,4,6,,,1,6,1,3,1,2,1,3,2,3,2,4,9,8,8,4,4,4,1,2,2,4,1,1,,7,,,b'\x11\xe8\xe1I\xebh\x91n\x9a\xbe\x12\xdf\x17\xaeN\x1e'
11E8E149-EB68-916E-9ABE-12DF17AE4E1E,2020-ncaa-d3-natl,ncaa,36,15,126,25,163,55,29,79,15,22,49,27,167,249,66,322,250,264,200,264,388,113,112,27,37,41,385,302,402,83,47,51,96,56,32,46,190,170,109,40,70,73,80,73,,,356,346,,,5,152,186,254,24,7,65,9,38,185,272,268,293,295,89,124,81,30,33,25,146,76,86,,336,,,2,16,14,145,1,19,184,1,27,144,4,156,305,326,154,331,342,170,266,1,1,2,353,121,429,216,96,93,47,120,32,10,45,64,62,6,30,16,71,30,,,228,320,,,5,284,17,2,3,8,4,104,9,142,14,115,279,310,310,126,220,198,62,97,4,69,24,60,,269,,,b'\x11\xe8\xe1I\xebh\x91n\x9a\xbe\x12\xdf\x17\xaeN\x1e'
11E8E149-EB68-916E-9ABE-12DF17AE4E1E,2022-ncaa-d3-conf-Skyline,ncaa,4,4,1,4,3,3,3,3,4,3,4,4,5,8,4,8,1,1,3,1,3,3,3,5,3,3,7,8,2,3,3,1,4,2,2,3,5,6,4,4,2,2,5,6,,,10,10,,,2,3,7,11,4,4,6,3,4,7,8,1,1,1,4,5,4,2,4,4,5,3,6,,8,,,2,3,2,5,1,3,4,3,2,5,1,7,7,7,4,7,8,6,6,1,1,1,6,4,8,4,4,5,3,3,2,3,3,2,2,2,4,3,9,6,,,1,1,,,2,9,3,1,2,3,2,4,3,3,1,3,6,6,6,4,3,4,4,3,3,3,4,8,,1,,,b'\x11\xe8\xe1I\xebh\x91n\x9a\xbe\x12\xdf\x17\xaeN\x1e'
11E8E149-EB68-916E-9ABE-12DF17AE4E1E,2022-ncaa-d3-natl,ncaa,76,95,61,96,103,51,52,35,145,32,15,183,214,224,173,365,14,12,198,12,193,24,29,193,183,155,315,343,120,17,46,23,76,14,47,77,207,284,108,128,31,50,192,246,,,356,222,,,22,33,53,417,50,52,37,36,22,278,299,32,39,35,22,32,23,17,7,90,201,43,236,,290,,,22,152,175,331,32,231,354,54,85,245,9,151,185,267,24,264,149,328,385,21,13,9,103,95,231,259,76,353,46,330,47,111,96,31,53,14,184,64,206,61,,,66,255,,,22,395,117,10,31,48,78,212,132,263,40,150,113,186,184,202,319,170,254,214,58,38,126,157,,117,,,b'\x11\xe8\xe1I\xebh\x91n\x9a\xbe\x12\xdf\x17\xaeN\x1e'
11E8E149-EB68-916E-9ABE-12DF17AE4E1E,2023-ncaa-d3-conf-Skyline,ncaa,2,2,1,2,1,3,3,5,1,3,4,2,4,5,2,6,2,2,8,2,1,4,4,2,2,2,7,8,5,2,2,4,3,3,2,4,8,5,5,4,3,3,2,3,,,10,10,,,2,4,9,1,3,3,7,3,6,5,6,2,2,2,6,6,3,4,4,5,4,3,3,,10,,,2,1,1,3,1,2,6,1,1,1,1,1,6,5,4,5,7,4,7,1,1,1,2,1,10,4,3,2,2,2,2,1,1,2,2,2,2,3,9,8,,,1,1,,,2,7,3,1,2,1,1,2,2,4,1,1,5,5,5,3,2,3,2,2,1,2,2,8,,1,,,b'\x11\xe8\xe1I\xebh\x91n\x9a\xbe\x12\xdf\x17\xaeN\x1e'
11E8E149-EB68-916E-9ABE-12DF17AE4E1E,2023-ncaa-d3-natl,ncaa,56,21,271,26,283,183,185,255,100,181,217,122,186,246,90,262,182,89,368,98,82,237,235,103,122,159,234,222,188,100,42,160,167,130,55,131,110,234,258,181,121,91,160,140,,,296,355,,,26,286,200,114,115,121,179,119,170,173,227,131,53,54,145,119,58,60,37,81,285,95,141,,349,,,14,10,10,53,2,21,138,3,6,34,1,61,134,214,22,214,256,54,145,2,2,2,134,27,397,200,167,65,42,94,55,19,168,60,23,4,89,97,186,194,,,91,38,,,26,141,128,2,15,3,3,72,23,190,4,36,170,253,259,86,235,227,92,148,24,31,124,211,,27,,,b'\x11\xe8\xe1I\xebh\x91n\x9a\xbe\x12\xdf\x17\xaeN\x1e'
11E8E149-EB68-916E-9ABE-12DF17AE4E1E,2024-ncaa-d3-conf-Skyline,ncaa,1,1,2,1,3,1,2,3,1,2,3,2,4,5,2,7,2,2,8,2,4,3,3,2,2,2,8,7,6,4,4,2,4,3,4,1,1,3,2,1,2,2,1,1,,,10,11,,,1,5,8,3,2,2,5,3,3,4,6,1,2,2,4,7,6,2,4,1,2,2,3,,10,,,1,1,1,3,1,1,3,1,2,5,1,8,7,8,4,8,10,3,6,1,1,1,10,5,11,5,4,5,4,4,4,1,3,1,1,1,1,1,4,2,,,2,1,,,1,9,2,1,1,1,1,1,1,2,2,4,7,7,6,2,3,5,4,4,1,1,1,4,,3,,,b'\x11\xe8\xe1I\xebh\x91n\x9a\xbe\x12\xdf\x17\xaeN\x1e'
11E8E149-EB68-916E-9ABE-12DF17AE4E1E,2024-ncaa-d3-natl,ncaa,30,17,63,25,92,58,53,50,105,52,47,135,133,159,98,287,119,63,360,64,233,47,59,117,146,124,295,246,296,48,79,27,73,29,65,36,58,238,106,58,34,43,93,92,,,409,380,,,10,57,95,244,55,48,46,55,57,174,210,164,90,101,37,66,58,21,24,31,178,36,114,,397,,,6,29,17,187,2,23,188,3,30,217,3,204,330,383,37,383,384,241,356,2,2,2,361,102,423,238,73,323,79,294,65,19,156,18,17,1,57,15,159,61,,,62,190,,,10,370,107,2,8,6,2,67,3,94,15,153,284,347,346,106,285,169,216,192,8,16,35,123,,94,,,b'\x11\xe8\xe1I\xebh\x91n\x9a\xbe\x12\xdf\x17\xaeN\x1e'
11E8E149-EB68-916E-9ABE-12DF17AE4E1E,2025-ncaa-d3-conf-Skyline,genius_ncaa,3,3,4,3,5,4,4,6,3,4,5,3,4,7,2,7,6,5,10,5,5,6,6,3,3,3,6,4,9,6,6,6,6,6,6,4,7,2,3,4,1,1,1,1,,,8,9,,1,3,6,10,3,3,3,7,4,5,4,7,7,5,6,7,8,8,8,7,4,2,1,1,,8,,1,3,1,1,1,1,1,1,1,1,2,1,4,3,6,1,6,8,1,3,1,1,1,7,4,9,6,6,6,6,5,6,1,5,2,1,1,1,1,1,2,,,6,3,,9,3,6,3,1,3,1,1,1,1,1,1,2,3,5,5,2,4,6,5,4,1,1,1,1,,5,,9,b'\x11\xe8\xe1I\xebh\x91n\x9a\xbe\x12\xdf\x17\xaeN\x1e'
11E8E149-EB68-916E-9ABE-12DF17AE4E1E,2025-ncaa-d3-natl,genius_ncaa,82,56,192,73,214,193,160,177,162,154,159,178,210,239,153,261,308,271,358,270,323,190,222,173,214,180,296,212,362,220,279,178,198,191,258,108,93,99,111,87,23,10,70,36,,,204,219,,43,30,235,209,98,177,129,117,129,125,200,222,332,280,281,141,210,213,141,163,76,116,13,52,,223,,41,24,6,4,45,4,16,103,5,20,42,16,104,65,119,11,119,189,45,180,3,1,1,187,126,294,229,198,308,279,285,258,25,269,23,6,4,13,24,72,57,,,309,335,,385,30,176,191,1,22,1,4,39,12,105,21,39,63,118,119,26,215,233,314,300,32,11,24,80,,336,,389,b'\x11\xe8\xe1I\xebh\x91n\x9a\xbe\x12\xdf\x17\xaeN\x1e'
11E8E149-EB68-916E-9ABE-12DF17AE4E1E,2026-ncaa-d3-conf-Skyline,genius_ncaa,1,1,4,1,4,4,4,5,2,5,6,3,2,4,1,3,6,9,1,8,9,6,9,1,1,1,4,3,8,10,8,10,7,10,8,4,8,1,1,1,9,7,10,9,,,4,6,,7,2,9,11,2,2,3,5,5,5,2,4,6,10,7,7,11,11,10,11,3,1,9,10,,4,,8,2,3,4,3,10,5,2,10,5,6,6,7,5,3,11,3,5,2,3,10,10,8,6,7,4,2,7,5,8,2,8,4,3,5,2,3,1,1,6,6,,,6,5,,3,2,3,1,7,2,4,5,1,6,2,6,5,5,4,4,1,1,1,4,2,4,4,1,5,,6,,3,b'\x11\xe8\xe1I\xebh\x91n\x9a\xbe\x12\xdf\x17\xaeN\x1e'
11E8E149-EB68-916E-9ABE-12DF17AE4E1E,2026-ncaa-d3-natl,genius_ncaa,54,68,116,75,139,59,46,130,33,71,148,54,50,126,26,158,198,263,38,245,322,147,185,23,26,14,181,118,359,206,202,261,315,251,276,36,108,94,42,19,153,182,283,315,,,218,194,,197,39,175,240,113,35,25,100,74,161,51,126,228,316,297,140,254,258,360,334,30,44,182,304,,176,,177,44,202,214,197,230,233,240,194,162,123,262,94,196,154,336,155,121,191,249,217,222,117,133,141,207,263,315,196,202,221,276,182,144,58,42,64,70,29,290,274,,,193,215,,62,39,239,26,142,42,134,155,112,194,207,107,53,156,108,103,98,197,241,119,171,143,50,27,292,,241,,75,b'\x11\xe8\xe1I\xebh\x91n\x9a\xbe\x12\xdf\x17\xaeN\x1e'
11E8E149-EB6D-16C6-9ABE-12DF17AE4E1E,2018-ncaa-d3-natl,ncaa,383,68,441,289,441,441,440,441,287,437,440,213,439,439,434,337,440,441,263,441,400,441,441,352,354,358,431,415,324,438,163,441,214,441,208,435,84,3,336,260,416,27,402,113,,,5,294,,,248,441,227,434,354,276,205,134,119,417,341,362,373,376,265,199,137,250,196,174,338,35,175,,261,,,257,3,2,3,140,2,2,135,6,6,262,371,5,6,157,6,365,3,4,186,195,96,407,375,312,2,214,3,163,2,208,2,442,439,49,165,6,359,2,12,,,440,273,,,248,4,346,105,258,102,81,66,43,42,291,295,215,243,243,81,192,193,242,221,314,61,357,18,,276,,,b'\x11\xe8\xe1I\xebm\x16\xc6\x9a\xbe\x12\xdf\x17\xaeN\x1e'
11E8E149-EB6D-16C6-9ABE-12DF17AE4E1E,2019-ncaa-d3-natl,ncaa,306,7,441,83,442,440,440,441,153,440,442,147,430,437,157,201,433,436,182,436,34,441,442,138,107,180,121,209,52,438,15,442,271,441,54,435,24,1,340,206,426,41,424,160,,,3,101,,,168,443,390,238,228,291,396,288,368,215,258,80,76,92,371,321,71,321,170,126,307,59,250,,75,,,101,1,1,1,63,1,1,108,2,2,98,415,5,4,420,4,242,1,1,94,114,54,405,396,259,1,271,1,15,1,54,1,407,439,41,89,1,305,1,12,,,441,148,,,168,1,124,69,81,41,32,50,20,18,259,340,131,86,87,33,90,217,9,39,168,78,268,4,,209,,,b'\x11\xe8\xe1I\xebm\x16\xc6\x9a\xbe\x12\xdf\x17\xaeN\x1e'
11E8E149-EB6D-16C6-9ABE-12DF17AE4E1E,2020-ncaa-d3-natl,ncaa,285,9,435,64,435,434,434,435,80,433,435,119,427,434,79,333,435,435,347,434,230,435,435,99,130,179,324,297,284,433,39,435,250,435,91,425,83,5,317,185,373,6,434,368,,,4,157,,,180,435,212,303,177,131,264,91,137,254,345,228,174,166,247,198,127,400,310,94,309,13,410,,145,,,111,4,4,4,116,2,3,169,8,6,280,435,5,5,192,5,338,4,4,231,218,80,431,435,163,2,250,3,39,3,91,4,437,431,27,156,3,275,5,80,,,435,148,,,180,4,171,71,107,104,75,79,16,6,401,417,108,98,86,53,176,116,11,27,335,39,277,92,,143,,,b'\x11\xe8\xe1I\xebm\x16\xc6\x9a\xbe\x12\xdf\x17\xaeN\x1e'
11E8E149-EB6D-16C6-9ABE-12DF17AE4E1E,2021-ncaa-d3-natl,ncaa,251,92,246,251,248,258,259,254,244,251,247,233,282,275,284,283,254,248,265,247,220,254,253,265,267,271,284,285,83,256,203,257,281,256,271,261,241,46,264,269,240,101,253,244,,,32,26,,,222,251,141,110,273,260,250,146,50,285,283,223,166,156,251,181,212,274,269,265,252,74,227,,59,,,273,43,45,40,233,38,36,188,61,49,271,235,22,24,154,24,23,39,39,254,233,223,166,270,15,58,281,38,203,43,271,52,267,248,154,243,47,260,52,189,,,250,106,,,222,35,270,267,272,253,266,257,219,218,275,251,32,28,27,235,243,280,135,250,276,103,245,231,,123,,,b'\x11\xe8\xe1I\xebm\x16\xc6\x9a\xbe\x12\xdf\x17\xaeN\x1e'
11E8E149-EB6D-16C6-9ABE-12DF17AE4E1E,2022-ncaa-d3-natl,ncaa,406,129,425,398,425,426,426,425,307,423,424,316,428,427,426,420,421,422,362,422,298,425,425,367,367,385,423,426,107,423,162,425,411,425,343,426,428,6,389,417,425,270,423,360,,,5,107,,,320,425,213,262,390,358,376,177,79,425,421,284,204,187,363,222,221,420,382,425,387,244,359,,140,,,392,5,6,5,374,5,5,422,6,6,89,370,5,5,284,5,162,5,5,373,362,362,108,203,69,6,411,5,162,5,343,6,260,426,287,348,7,371,11,237,,,425,184,,,320,5,383,389,394,354,372,325,368,198,304,381,171,157,159,309,281,365,89,226,355,249,359,302,,189,,,b'\x11\xe8\xe1I\xebm\x16\xc6\x9a\xbe\x12\xdf\x17\xaeN\x1e'
11E8E149-EB6D-16C6-9ABE-12DF17AE4E1E,2023-ncaa-d3-natl,ncaa,411,85,426,399,426,428,428,428,416,428,427,413,428,427,428,407,428,428,378,428,174,428,427,419,417,422,393,425,4,426,307,427,386,427,357,429,428,11,427,428,428,391,424,388,,,3,54,,,375,427,74,251,419,420,426,400,265,427,418,286,186,209,422,149,342,381,389,426,428,373,375,,130,,,424,5,5,4,424,5,4,427,5,4,302,356,5,3,373,3,132,4,3,425,424,427,129,278,55,4,386,3,307,2,357,7,347,428,393,419,17,427,41,429,,,427,87,,,375,3,422,424,424,422,420,401,415,344,413,413,262,215,206,399,361,356,186,278,419,354,428,429,,68,,,b'\x11\xe8\xe1I\xebm\x16\xc6\x9a\xbe\x12\xdf\x17\xaeN\x1e'
11E8E149-EB6D-16C6-9ABE-12DF17AE4E1E,2024-ncaa-d3-natl,ncaa,408,139,424,399,424,424,424,425,415,424,424,417,427,426,423,422,422,422,361,422,184,425,425,421,417,419,383,425,4,425,370,424,370,424,363,425,425,7,419,424,426,421,423,398,,,2,9,,,376,426,114,211,420,421,417,386,168,426,425,243,184,162,411,236,388,236,357,423,415,417,387,,13,,,418,3,5,3,315,3,2,318,9,5,301,296,4,3,196,3,24,2,2,324,285,388,112,302,18,2,370,2,370,2,363,8,363,426,424,423,18,414,16,342,,,425,238,,,376,2,420,399,417,403,408,417,396,404,404,406,87,84,87,410,367,383,223,318,411,418,415,373,,257,,,b'\x11\xe8\xe1I\xebm\x16\xc6\x9a\xbe\x12\xdf\x17\xaeN\x1e'
11E8E149-EB6D-16C6-9ABE-12DF17AE4E1E,2025-ncaa-d3-natl,genius_ncaa,412,155,418,412,418,418,418,418,416,418,418,415,419,419,419,388,418,418,411,418,334,418,418,417,417,419,406,414,43,419,404,418,385,418,393,418,415,27,419,419,418,415,417,407,,,2,36,,34,393,418,23,232,419,419,415,411,237,419,408,399,348,357,416,124,397,215,366,418,419,402,389,,148,,240,418,2,2,2,398,2,2,390,8,2,342,205,2,2,95,2,36,2,2,393,373,406,43,203,15,1,385,2,404,2,393,6,249,418,409,411,128,419,3,260,,,418,256,,379,393,2,419,405,417,413,413,414,414,411,386,373,146,177,177,414,404,388,346,373,406,356,419,259,,212,,254,b'\x11\xe8\xe1I\xebm\x16\xc6\x9a\xbe\x12\xdf\x17\xaeN\x1e'
11E8E149-EB6D-16C6-9ABE-12DF17AE4E1E,2026-ncaa-d3-natl,genius_ncaa,390,268,379,390,382,411,411,407,410,409,405,408,413,407,410,346,401,397,350,395,94,406,395,410,407,416,238,388,10,412,415,402,405,407,408,412,390,371,416,415,406,413,402,409,,,12,7,,45,413,380,82,113,416,415,416,415,413,415,409,386,359,345,416,330,416,398,416,414,416,408,408,,17,,99,416,174,222,77,411,209,53,416,254,218,275,391,27,27,136,40,139,63,38,409,407,414,118,319,9,133,405,16,415,36,408,182,133,405,416,413,398,416,12,122,,,397,333,,397,413,36,416,414,416,414,415,404,411,306,406,414,131,150,176,402,351,368,35,194,389,410,415,32,,367,,399,b'\x11\xe8\xe1I\xebm\x16\xc6\x9a\xbe\x12\xdf\x17\xaeN\x1e'
11E8E149-EB72-0050-9ABE-12DF17AE4E1E,2018-ncaa-d3-conf-NACC,ncaa,12,12,7,12,10,12,12,12,11,10,4,11,12,12,12,12,10,7,11,8,9,11,10,11,11,11,12,12,1,8,10,9,10,10,10,11,6,11,12,11,12,12,8,7,,,4,5,,,11,10,7,7,12,12,12,10,2,12,12,10,5,5,11,8,7,8,9,11,11,12,7,,6,,,11,9,9,7,10,7,6,10,8,9,9,8,6,6,6,6,6,5,5,10,10,10,7,9,4,9,10,7,10,9,10,8,6,9,10,11,11,12,10,10,,,8,5,,,11,4,12,10,11,9,10,8,8,8,9,9,7,6,6,8,8,9,7,9,9,8,11,10,,5,,,b'\x11\xe8\xe1I\xebr\x00P\x9a\xbe\x12\xdf\x17\xaeN\x1e'
11E8E149-EB72-0050-9ABE-12DF17AE4E1E,2018-ncaa-d3-natl,ncaa,400,427,197,414,264,410,401,373,405,337,180,408,430,422,431,430,339,288,393,293,334,369,314,426,422,424,415,435,77,328,366,265,358,311,368,371,155,391,414,407,394,410,214,220,,,155,144,,,425,298,284,303,430,424,424,367,159,437,435,361,296,306,420,354,347,264,332,393,386,413,202,,153,,,418,302,309,280,267,252,230,264,342,325,315,308,220,220,205,217,220,272,216,302,286,333,269,327,161,364,358,281,366,328,368,331,280,316,352,367,415,418,385,378,,,212,111,,,425,167,423,354,418,311,314,317,271,250,345,331,213,227,226,313,254,356,307,341,326,340,405,392,,204,,,b'\x11\xe8\xe1I\xebr\x00P\x9a\xbe\x12\xdf\x17\xaeN\x1e'
11E8E149-EB72-0050-9ABE-12DF17AE4E1E,2019-ncaa-d3-conf-NACC,ncaa,11,11,8,11,11,12,11,8,12,9,3,11,12,12,12,12,7,4,13,4,9,8,6,12,12,12,12,12,3,5,7,9,9,8,9,12,12,11,11,12,8,8,10,9,,,6,6,,,11,7,3,11,12,11,6,9,2,12,12,6,3,3,6,2,4,5,5,12,11,7,9,,8,,,11,11,10,8,11,9,4,10,11,11,11,12,10,10,8,10,10,8,8,10,11,10,10,11,6,8,9,11,7,11,9,11,11,7,7,10,11,11,7,6,,,3,5,,,11,8,12,10,11,11,10,11,10,7,11,11,10,10,10,11,11,10,12,12,11,6,11,8,,2,,,b'\x11\xe8\xe1I\xebr\x00P\x9a\xbe\x12\xdf\x17\xaeN\x1e'
11E8E149-EB72-0050-9ABE-12DF17AE4E1E,2019-ncaa-d3-natl,ncaa,413,434,215,421,296,397,391,279,425,319,135,419,425,374,439,382,295,210,404,213,272,268,181,429,428,425,385,418,67,194,324,273,311,262,368,406,396,401,398,426,264,304,370,382,,,187,138,,,430,174,91,368,418,418,274,342,103,430,382,299,191,191,250,115,174,276,236,422,405,275,383,,205,,,425,419,408,307,406,371,223,407,405,366,387,333,315,294,301,291,275,325,280,411,415,413,276,320,166,286,311,401,324,385,368,429,403,252,292,403,419,407,387,345,,,121,125,,,430,276,424,410,425,411,398,353,356,251,407,377,321,301,295,361,338,301,410,391,421,246,413,397,,85,,,b'\x11\xe8\xe1I\xebr\x00P\x9a\xbe\x12\xdf\x17\xaeN\x1e'
11E8E149-EB72-0050-9ABE-12DF17AE4E1E,2020-ncaa-d3-conf-NACC,ncaa,11,11,7,11,10,10,11,9,13,13,11,12,8,4,11,2,9,10,6,9,7,9,8,12,12,11,1,3,6,8,7,8,11,7,9,11,7,11,10,11,10,10,12,12,,,9,9,,,11,8,5,5,10,11,9,13,11,8,3,9,10,9,8,5,7,7,6,11,11,10,12,,11,,,11,10,10,8,9,11,9,9,8,9,9,7,10,10,4,10,10,9,10,10,9,10,5,6,8,12,11,10,7,13,9,9,8,8,10,10,11,10,13,13,,,7,7,,,11,7,11,10,11,11,10,10,11,11,8,9,10,10,10,11,12,12,11,13,9,7,11,13,,5,,,b'\x11\xe8\xe1I\xebr\x00P\x9a\xbe\x12\xdf\x17\xaeN\x1e'
11E8E149-EB72-0050-9ABE-12DF17AE4E1E,2020-ncaa-d3-natl,ncaa,379,409,198,390,236,374,383,282,421,399,345,418,192,114,340,82,312,321,228,320,234,297,228,409,406,406,42,62,136,246,332,221,324,237,344,302,54,384,377,366,370,398,344,371,,,288,264,,,401,217,155,149,398,406,272,418,359,195,98,322,333,334,300,188,224,206,226,319,380,382,347,,324,,,396,365,348,289,315,341,257,326,294,281,271,232,312,364,69,366,329,320,272,319,306,336,213,224,228,338,324,379,332,371,344,378,350,268,322,367,383,378,416,430,,,240,240,,,401,238,403,338,392,356,339,322,340,298,300,305,322,367,371,351,324,337,374,362,364,260,372,420,,224,,,b'\x11\xe8\xe1I\xebr\x00P\x9a\xbe\x12\xdf\x17\xaeN\x1e'
11E8E149-EB72-0050-9ABE-12DF17AE4E1E,2021-ncaa-d3-conf-NACC,ncaa,10,11,2,10,5,7,6,6,10,7,8,10,1,1,5,1,8,10,3,10,9,6,3,9,9,10,2,1,12,6,10,5,11,5,12,5,5,11,11,10,5,6,5,9,,,12,9,,,11,3,8,12,10,10,11,11,12,2,2,11,12,12,11,9,10,11,12,9,9,6,10,,8,,,10,12,12,11,12,12,11,10,11,8,12,1,12,12,6,12,9,11,11,12,12,10,5,3,6,12,11,10,10,12,12,12,9,4,7,9,11,10,12,12,,,7,12,,,11,10,10,11,10,9,10,6,10,9,5,1,10,11,11,7,7,10,7,9,10,8,10,9,,12,,,b'\x11\xe8\xe1I\xebr\x00P\x9a\xbe\x12\xdf\x17\xaeN\x1e'
11E8E149-EB72-0050-9ABE-12DF17AE4E1E,2021-ncaa-d3-natl,ncaa,176,262,61,224,77,128,125,101,220,155,157,192,47,38,160,8,179,190,65,189,245,110,92,182,193,223,31,11,265,142,249,97,219,113,237,112,84,237,256,221,124,220,125,189,,,213,207,,,263,84,227,266,251,247,247,269,281,69,35,270,280,280,270,258,253,223,248,194,215,221,185,,166,,,236,220,225,209,219,234,226,201,181,161,217,56,217,214,126,221,158,213,204,206,206,213,92,80,141,229,219,220,249,225,237,236,199,108,192,225,220,210,225,262,,,135,243,,,263,201,239,226,241,171,182,118,195,175,103,58,167,179,178,138,85,199,168,189,206,208,169,189,,264,,,b'\x11\xe8\xe1I\xebr\x00P\x9a\xbe\x12\xdf\x17\xaeN\x1e'
11E8E149-EB72-0050-9ABE-12DF17AE4E1E,2022-ncaa-d3-conf-NACC,ncaa,10,11,8,11,9,10,10,7,10,10,11,10,8,4,12,3,8,8,4,8,5,8,4,10,10,10,4,6,5,5,6,12,11,9,10,12,13,13,12,12,4,3,13,13,,,11,13,,,11,6,2,4,9,10,6,11,11,7,4,6,7,7,6,3,4,11,8,12,12,2,13,,12,,,11,11,11,5,12,11,6,12,12,8,14,9,7,7,5,7,6,6,8,12,12,11,6,10,5,11,11,10,6,10,10,12,12,3,2,10,12,11,10,13,,,5,6,,,11,8,11,11,11,11,11,8,11,6,11,7,8,9,8,7,11,11,10,12,12,1,12,11,,3,,,b'\x11\xe8\xe1I\xebr\x00P\x9a\xbe\x12\xdf\x17\xaeN\x1e'
11E8E149-EB72-0050-9ABE-12DF17AE4E1E,2022-ncaa-d3-natl,ncaa,302,341,188,325,206,283,300,219,376,317,302,317,173,77,372,55,248,268,154,272,178,231,169,356,348,366,92,124,144,147,221,294,298,244,306,351,380,388,361,389,129,130,390,406,,,360,357,,,359,177,149,159,343,357,215,372,358,189,65,252,286,296,236,118,139,351,260,388,370,117,407,,376,,,345,329,340,212,379,332,212,362,298,193,394,186,224,232,173,223,225,205,241,382,380,306,179,229,131,249,298,325,221,301,306,377,339,90,79,250,347,320,307,370,,,131,149,,,359,248,357,301,348,313,327,185,319,221,295,175,222,231,226,181,270,240,342,302,351,75,322,310,,110,,,b'\x11\xe8\xe1I\xebr\x00P\x9a\xbe\x12\xdf\x17\xaeN\x1e'
11E8E149-EB72-0050-9ABE-12DF17AE4E1E,2023-ncaa-d3-conf-NACC,ncaa,9,9,7,9,11,8,8,11,7,7,8,6,13,13,12,12,6,4,7,5,6,10,12,7,7,7,12,13,1,10,9,5,10,9,8,12,14,9,11,13,14,13,10,11,,,1,2,,,10,10,5,5,8,8,9,4,5,12,12,3,4,5,7,7,9,2,6,12,10,13,10,,3,,,10,11,11,12,8,4,5,7,14,14,11,14,3,1,14,1,2,11,7,10,10,12,14,14,2,11,10,4,9,7,8,14,14,14,13,14,8,9,5,5,,,7,7,,,10,6,9,12,10,11,11,13,6,6,14,14,3,2,2,12,10,11,7,9,14,13,9,7,,6,,,b'\x11\xe8\xe1I\xebr\x00P\x9a\xbe\x12\xdf\x17\xaeN\x1e'
11E8E149-EB72-0050-9ABE-12DF17AE4E1E,2023-ncaa-d3-natl,ncaa,316,345,185,334,233,260,246,279,194,194,238,142,337,278,371,264,187,184,226,190,157,271,267,230,223,265,317,342,117,365,374,116,233,229,289,344,411,293,314,360,399,414,301,296,,,63,35,,,364,196,163,273,280,268,321,187,250,347,290,169,165,172,306,270,387,63,231,374,287,416,311,,46,,,359,397,396,391,299,274,154,345,429,428,375,427,78,55,377,47,53,361,249,373,352,407,395,426,25,307,233,243,374,295,289,414,405,385,414,423,251,271,122,143,,,237,208,,,364,230,292,402,358,384,381,394,271,150,426,427,57,39,33,374,267,303,265,287,400,412,252,117,,245,,,b'\x11\xe8\xe1I\xebr\x00P\x9a\xbe\x12\xdf\x17\xaeN\x1e'
11E8E149-EB72-0050-9ABE-12DF17AE4E1E,2024-ncaa-d3-conf-NACC,ncaa,10,10,9,10,10,10,9,12,8,9,14,6,7,5,11,3,9,11,2,11,7,11,14,7,7,6,7,5,5,10,10,6,9,9,10,12,14,2,5,10,10,10,6,6,,,1,2,,,11,14,8,5,7,7,7,7,12,5,4,5,9,10,6,9,10,3,5,12,4,10,6,,2,,,11,9,9,11,8,5,5,8,14,14,14,14,4,3,12,3,4,10,5,10,7,12,14,14,4,11,9,7,10,9,10,12,14,12,12,13,4,6,8,10,,,11,8,,,11,1,7,12,10,10,10,13,7,7,14,14,5,5,5,12,9,11,11,11,12,12,6,9,,6,,,b'\x11\xe8\xe1I\xebr\x00P\x9a\xbe\x12\xdf\x17\xaeN\x1e'
11E8E149-EB72-0050-9ABE-12DF17AE4E1E,2024-ncaa-d3-natl,ncaa,318,342,200,333,257,279,296,280,311,314,328,261,194,127,308,87,231,243,176,246,120,285,308,286,274,258,101,141,138,312,341,142,236,219,285,374,414,157,215,342,340,350,288,285,,,63,49,,,342,299,289,244,305,321,299,338,359,195,116,218,243,251,306,338,324,85,192,392,170,350,299,,44,,,337,306,321,329,222,202,118,310,418,426,233,423,67,44,312,41,86,279,158,286,250,359,352,418,34,299,236,312,341,307,285,386,393,393,412,409,175,226,170,270,,,215,110,,,342,130,284,369,338,319,330,359,206,129,415,425,59,36,37,321,189,296,318,313,370,411,186,181,,202,,,b'\x11\xe8\xe1I\xebr\x00P\x9a\xbe\x12\xdf\x17\xaeN\x1e'
11E8E149-EB72-0050-9ABE-12DF17AE4E1E,2025-ncaa-d3-conf-NACC,genius_ncaa,10,10,10,10,10,9,10,9,10,10,12,10,5,5,10,3,11,11,10,10,6,9,13,10,8,8,4,2,7,9,11,9,10,10,10,10,11,3,3,8,13,12,9,9,,,4,5,,5,10,12,5,4,8,9,5,9,11,3,3,9,9,8,5,6,8,4,7,9,6,12,7,,6,,7,10,10,10,10,9,4,4,7,14,14,14,14,6,6,8,6,8,10,3,10,10,11,13,14,4,10,10,8,11,8,10,11,13,14,13,13,6,8,9,12,,,11,9,,10,10,3,9,12,10,11,10,12,6,6,14,14,9,8,8,12,10,10,11,11,11,13,8,10,,7,,8,b'\x11\xe8\xe1I\xebr\x00P\x9a\xbe\x12\xdf\x17\xaeN\x1e'
11E8E149-EB72-0050-9ABE-12DF17AE4E1E,2025-ncaa-d3-natl,genius_ncaa,312,334,192,322,213,279,312,271,339,342,341,298,139,84,271,55,170,147,266,144,35,246,224,301,291,291,32,74,88,299,349,210,332,254,344,357,367,246,271,347,337,366,314,310,,,233,205,,346,347,204,175,96,292,338,263,367,364,124,69,136,122,115,235,213,304,192,255,370,255,346,319,,255,,350,343,369,345,316,292,236,135,337,406,406,319,397,247,267,140,266,315,323,257,338,325,357,371,393,151,342,332,328,349,354,344,333,265,309,349,358,221,233,196,304,,,129,73,,49,347,207,309,375,347,362,339,335,242,144,400,402,269,293,299,339,291,341,347,343,322,319,231,214,,95,,46,b'\x11\xe8\xe1I\xebr\x00P\x9a\xbe\x12\xdf\x17\xaeN\x1e'
11E8E149-EB72-0050-9ABE-12DF17AE4E1E,2026-ncaa-d3-conf-NACC,genius_ncaa,11,11,1,11,1,6,8,5,13,7,7,11,7,5,13,7,2,2,8,2,3,5,1,13,11,12,4,11,1,5,10,5,12,4,11,13,13,12,12,13,10,13,4,9,,,9,3,,1,13,1,2,1,11,12,10,12,12,11,9,5,4,4,9,3,8,6,7,13,12,12,7,,7,,1,13,13,13,13,12,13,13,13,11,12,7,3,9,9,12,9,3,13,13,11,11,13,3,5,4,11,12,11,10,12,11,13,7,10,13,13,12,12,5,8,,,2,9,,10,13,13,12,13,13,13,13,13,13,13,11,12,7,6,6,13,13,11,9,12,13,13,12,4,,4,,11,b'\x11\xe8\xe1I\xebr\x00P\x9a\xbe\x12\xdf\x17\xaeN\x1e'
11E8E149-EB72-0050-9ABE-12DF17AE4E1E,2026-ncaa-d3-natl,genius_ncaa,390,366,215,390,249,362,375,334,383,378,357,352,282,215,364,74,249,302,80,317,163,338,291,376,355,383,74,157,55,358,382,346,379,361,395,402,413,319,394,410,369,393,323,347,,,78,35,,20,404,267,164,113,388,400,379,398,388,290,157,217,282,304,386,275,370,376,393,413,377,384,304,,59,,27,407,341,371,262,405,360,253,404,347,292,387,280,109,100,266,101,39,241,174,407,404,411,108,293,17,279,379,193,382,228,395,336,164,376,410,407,369,401,90,179,,,313,320,,262,404,147,386,411,409,408,410,386,402,362,392,358,112,85,88,379,288,342,286,325,378,400,395,92,,334,,271,b'\x11\xe8\xe1I\xebr\x00P\x9a\xbe\x12\xdf\x17\xaeN\x1e'
11E8E149-EB76-A646-9ABE-12DF17AE4E1E,2018-ncaa-d3-conf-OAC,ncaa,1,1,1,1,1,1,1,1,5,1,1,3,3,3,5,6,1,1,8,1,2,1,1,4,4,3,5,5,1,1,2,3,5,2,5,3,8,6,3,4,1,1,1,1,,,9,9,,,2,1,1,3,1,1,1,1,1,4,5,1,1,1,1,1,1,6,2,5,3,1,2,,9,,,2,10,8,9,8,5,6,6,10,8,10,6,8,10,3,9,8,10,10,8,8,4,9,9,6,8,5,10,2,10,5,9,10,1,1,2,6,3,7,2,,,1,5,,,2,10,2,3,2,6,6,4,4,3,9,5,7,8,8,4,9,4,7,6,9,1,4,5,,1,,,b'\x11\xe8\xe1I\xebv\xa6F\x9a\xbe\x12\xdf\x17\xaeN\x1e'
11E8E149-EB76-A646-9ABE-12DF17AE4E1E,2018-ncaa-d3-natl,ncaa,22,37,17,35,20,7,11,11,62,18,32,52,47,46,108,207,4,4,134,4,34,9,13,63,51,23,176,229,91,30,83,66,102,37,108,83,384,182,17,78,32,53,115,119,,,437,393,,,61,12,109,39,7,18,39,36,94,101,109,6,10,10,26,61,54,238,105,157,61,53,169,,396,,,70,441,415,378,350,317,260,312,441,424,433,379,434,415,422,420,405,405,424,391,417,350,432,409,337,206,102,405,83,356,108,412,337,35,82,174,191,44,315,146,,,7,81,,,61,432,16,289,82,332,251,134,137,60,419,340,396,361,363,165,271,83,228,160,309,78,81,216,,21,,,b'\x11\xe8\xe1I\xebv\xa6F\x9a\xbe\x12\xdf\x17\xaeN\x1e'
11E8E149-EB76-A646-9ABE-12DF17AE4E1E,2019-ncaa-d3-conf-OAC,ncaa,2,3,3,3,3,2,3,3,5,2,2,3,5,3,8,4,1,1,6,1,1,2,2,5,4,3,4,5,4,5,10,1,2,2,5,3,2,3,3,3,2,3,2,3,,,9,7,,,3,2,2,2,1,3,4,4,6,4,3,1,1,1,1,3,6,2,2,2,3,2,3,,7,,,3,8,6,8,3,5,8,2,6,7,4,4,7,8,3,9,7,9,9,3,3,3,6,5,7,6,2,10,10,9,5,8,8,3,4,5,5,2,9,9,,,1,2,,,3,9,4,3,3,7,7,7,5,6,5,6,7,6,6,7,8,3,9,8,9,4,4,8,,2,,,b'\x11\xe8\xe1I\xebv\xa6F\x9a\xbe\x12\xdf\x17\xaeN\x1e'
11E8E149-EB76-A646-9ABE-12DF17AE4E1E,2019-ncaa-d3-natl,ncaa,101,104,67,108,76,59,88,127,83,136,217,63,68,69,103,117,29,37,114,40,33,95,115,63,48,49,94,156,110,232,293,79,46,114,140,108,205,184,102,98,180,217,108,113,,,378,362,,,112,94,206,42,54,118,207,177,315,87,98,30,48,49,150,219,294,99,175,134,110,220,127,,330,,,117,346,273,307,189,205,232,177,380,353,326,305,376,368,331,374,360,350,319,232,265,269,381,330,332,110,46,328,293,246,140,230,157,196,255,213,148,100,303,293,,,52,46,,,112,345,72,214,117,233,182,180,137,131,322,294,337,310,322,215,180,58,233,143,153,263,100,257,,53,,,b'\x11\xe8\xe1I\xebv\xa6F\x9a\xbe\x12\xdf\x17\xaeN\x1e'
11E8E149-EB76-A646-9ABE-12DF17AE4E1E,2020-ncaa-d3-conf-OAC,ncaa,4,4,3,4,3,5,7,5,10,8,5,8,7,6,8,6,2,1,2,1,2,5,3,9,8,8,3,6,1,5,7,4,5,4,6,7,6,8,8,8,4,4,2,2,,,10,9,,,8,1,3,1,7,10,6,8,6,6,6,1,2,2,3,4,6,4,4,8,9,4,2,,9,,,8,8,6,7,6,6,7,4,8,6,9,3,8,10,3,10,9,7,8,6,6,5,8,7,8,6,5,8,7,8,6,8,9,2,5,7,6,6,10,9,,,1,2,,,8,9,8,5,8,6,6,6,6,6,6,4,8,9,9,7,8,5,6,6,7,2,6,8,,1,,,b'\x11\xe8\xe1I\xebv\xa6F\x9a\xbe\x12\xdf\x17\xaeN\x1e'
11E8E149-EB76-A646-9ABE-12DF17AE4E1E,2020-ncaa-d3-natl,ncaa,170,218,65,207,86,153,201,151,254,189,182,211,200,146,320,200,29,44,65,39,43,126,97,258,203,222,146,273,25,160,218,151,130,155,194,222,273,304,245,289,171,208,75,89,,,402,376,,,270,71,192,132,209,274,253,256,275,247,195,32,60,55,200,190,212,239,240,275,253,218,93,,353,,,263,394,344,268,323,274,253,244,390,262,431,222,377,370,273,371,347,312,336,358,370,339,354,323,294,168,130,324,218,273,194,313,214,146,190,237,267,216,416,394,,,20,32,,,270,362,237,302,270,287,248,155,189,159,342,200,327,322,326,194,190,110,225,169,239,188,222,395,,27,,,b'\x11\xe8\xe1I\xebv\xa6F\x9a\xbe\x12\xdf\x17\xaeN\x1e'
11E8E149-EB76-A646-9ABE-12DF17AE4E1E,2021-ncaa-d3-conf-OAC,ncaa,7,6,6,7,6,3,5,4,4,5,6,5,2,3,3,3,4,4,2,4,6,5,5,4,4,4,2,2,6,1,1,6,2,5,2,6,6,5,4,5,7,8,2,2,,,10,10,,,6,5,4,1,1,3,1,4,4,1,1,4,4,4,1,1,1,2,1,4,7,8,2,,10,,,6,8,7,4,8,8,9,6,3,1,10,1,10,10,4,10,9,5,5,7,7,8,4,2,8,2,2,5,1,2,2,4,3,7,8,7,5,3,5,6,,,5,5,,,6,6,3,8,6,8,8,6,7,9,5,2,10,10,10,8,8,3,7,4,5,6,6,7,,5,,,b'\x11\xe8\xe1I\xebv\xa6F\x9a\xbe\x12\xdf\x17\xaeN\x1e'
11E8E149-EB76-A646-9ABE-12DF17AE4E1E,2021-ncaa-d3-natl,ncaa,80,214,47,146,47,35,38,34,102,55,40,134,17,30,34,80,35,40,58,37,119,38,37,76,70,67,52,48,152,17,41,47,70,35,53,56,221,228,90,128,88,221,28,72,,,260,237,,,105,45,53,14,22,39,20,94,85,21,38,60,90,84,23,22,27,82,31,117,140,195,42,,256,,,122,259,254,242,229,260,256,145,229,168,275,17,269,265,171,266,209,247,241,224,235,242,140,86,222,204,70,234,41,229,53,211,26,67,189,137,210,79,239,165,,,37,123,,,105,244,49,214,120,249,226,198,233,252,177,46,267,267,266,230,214,86,150,129,110,160,118,194,,57,,,b'\x11\xe8\xe1I\xebv\xa6F\x9a\xbe\x12\xdf\x17\xaeN\x1e'
11E8E149-EB76-A646-9ABE-12DF17AE4E1E,2022-ncaa-d3-conf-OAC,ncaa,3,3,3,3,3,3,3,2,4,2,2,4,2,3,6,6,2,4,3,2,8,2,2,4,4,3,7,6,7,1,2,3,2,2,2,2,7,4,1,3,1,1,3,3,,,6,4,,,3,2,2,6,2,2,1,2,2,3,3,4,5,5,1,1,2,3,1,2,4,1,3,,4,,,3,5,6,7,4,6,5,5,5,6,6,7,5,5,10,5,3,7,8,4,4,4,5,5,4,3,2,8,2,6,2,7,6,2,2,4,3,1,8,2,,,3,9,,,3,9,3,4,3,5,5,6,5,6,6,7,5,3,3,6,6,2,8,6,6,2,2,8,,7,,,b'\x11\xe8\xe1I\xebv\xa6F\x9a\xbe\x12\xdf\x17\xaeN\x1e'
11E8E149-EB76-A646-9ABE-12DF17AE4E1E,2022-ncaa-d3-natl,ncaa,28,55,13,49,28,32,31,20,130,41,34,140,69,69,117,190,65,93,72,89,278,19,23,131,120,106,206,175,268,35,114,32,17,25,50,61,242,279,92,107,60,104,53,77,,,354,220,,,70,21,170,290,81,82,73,103,127,106,138,167,229,227,84,130,103,103,84,131,123,130,80,,175,,,90,362,342,366,191,322,345,186,330,339,209,254,331,298,398,298,187,368,386,195,211,180,252,240,244,107,17,387,114,311,50,345,241,52,120,152,205,71,419,333,,,72,288,,,70,409,93,120,90,138,137,119,139,124,186,193,201,132,136,101,121,22,206,100,177,163,91,380,,241,,,b'\x11\xe8\xe1I\xebv\xa6F\x9a\xbe\x12\xdf\x17\xaeN\x1e'
11E8E149-EB76-A646-9ABE-12DF17AE4E1E,2023-ncaa-d3-conf-OAC,ncaa,2,2,1,2,4,3,2,1,8,2,2,6,5,3,9,7,3,3,8,3,7,1,1,8,8,6,7,6,6,1,1,2,1,1,1,3,5,2,1,2,1,1,1,3,,,6,6,,,2,2,4,8,3,2,1,2,3,6,4,5,5,5,1,2,1,2,1,5,2,1,2,,5,,,2,2,2,7,2,2,7,1,7,7,7,6,5,3,10,3,3,7,7,2,3,1,8,8,6,1,1,10,1,8,1,3,4,3,3,3,3,1,9,5,,,4,7,,,2,8,3,1,2,1,1,3,2,4,5,5,3,1,1,2,2,1,6,3,3,4,1,8,,5,,,b'\x11\xe8\xe1I\xebv\xa6F\x9a\xbe\x12\xdf\x17\xaeN\x1e'
11E8E149-EB76-A646-9ABE-12DF17AE4E1E,2023-ncaa-d3-natl,ncaa,37,62,13,60,27,99,105,39,285,110,58,250,154,85,329,211,51,49,179,43,172,32,41,295,283,212,220,250,118,24,65,20,9,12,33,202,336,153,50,182,79,88,97,116,,,272,205,,,112,67,329,288,214,233,128,204,165,236,173,130,134,133,126,232,56,86,47,301,47,145,149,,105,,,118,241,208,340,66,149,285,47,344,338,254,296,269,190,419,186,138,332,323,96,108,127,353,342,242,69,9,379,65,271,33,143,103,143,206,133,155,73,410,337,,,66,206,,,112,366,156,86,115,62,57,86,45,78,227,197,140,68,67,68,44,19,190,82,56,286,74,369,,228,,,b'\x11\xe8\xe1I\xebv\xa6F\x9a\xbe\x12\xdf\x17\xaeN\x1e'
11E8E149-EB76-A646-9ABE-12DF17AE4E1E,2024-ncaa-d3-conf-OAC,ncaa,1,2,2,2,3,1,1,2,2,2,2,5,2,4,1,7,2,3,1,2,5,2,2,2,2,1,3,4,5,3,3,1,3,1,3,1,7,4,2,2,3,5,1,1,,,8,6,,,1,1,2,8,1,1,1,1,3,3,5,3,4,4,1,1,3,1,2,1,3,4,1,,6,,,1,4,4,9,1,6,9,3,6,8,1,6,5,5,2,6,4,9,10,1,1,1,6,7,6,6,3,7,3,7,3,2,4,4,6,2,3,2,10,9,,,3,7,,,1,10,1,2,1,3,3,8,4,7,3,8,4,5,5,8,6,4,4,5,3,6,2,10,,7,,,b'\x11\xe8\xe1I\xebv\xa6F\x9a\xbe\x12\xdf\x17\xaeN\x1e'
11E8E149-EB76-A646-9ABE-12DF17AE4E1E,2024-ncaa-d3-natl,ncaa,56,66,38,64,51,44,65,59,114,109,99,157,34,69,27,140,60,106,47,98,177,60,81,89,80,53,100,100,226,94,144,19,80,32,90,98,271,108,36,67,148,207,31,42,,,304,220,,,58,80,252,244,64,95,112,171,196,55,110,114,186,177,112,226,151,32,60,157,40,227,51,,184,,,65,269,260,379,67,221,301,97,332,403,72,337,237,256,149,256,194,378,340,76,64,122,292,310,190,260,80,338,144,319,90,167,68,244,325,193,105,52,417,383,,,166,296,,,58,345,47,124,65,114,125,240,108,158,234,333,145,160,164,217,157,161,188,172,82,344,58,404,,298,,,b'\x11\xe8\xe1I\xebv\xa6F\x9a\xbe\x12\xdf\x17\xaeN\x1e'
11E8E149-EB76-A646-9ABE-12DF17AE4E1E,2025-ncaa-d3-conf-OAC,genius_ncaa,5,5,5,5,5,3,4,2,7,5,2,8,4,5,3,7,3,3,4,3,6,2,4,5,4,4,3,4,3,5,6,6,6,6,7,7,10,2,1,6,1,1,6,6,,,9,9,,6,7,3,2,7,3,3,2,6,2,4,5,3,3,3,1,1,5,8,6,9,1,1,6,,10,,7,7,8,8,3,8,5,3,8,9,6,10,5,9,9,4,9,9,5,7,8,9,8,9,8,7,6,6,10,6,9,7,8,9,1,1,8,1,1,8,7,,,4,5,,5,7,8,4,7,6,7,7,4,5,4,9,7,8,10,10,6,6,6,10,7,8,1,2,8,,5,,6,b'\x11\xe8\xe1I\xebv\xa6F\x9a\xbe\x12\xdf\x17\xaeN\x1e'
11E8E149-EB76-A646-9ABE-12DF17AE4E1E,2025-ncaa-d3-natl,genius_ncaa,141,155,116,156,158,122,157,146,184,193,169,247,106,155,55,220,52,44,199,46,67,127,173,159,139,94,93,146,90,174,244,283,140,244,240,289,388,54,43,182,81,74,278,236,,,376,401,,272,175,178,233,187,113,172,149,212,192,103,175,51,45,48,112,224,205,347,297,324,42,88,296,,374,,264,175,306,231,104,345,115,62,310,384,295,409,348,347,333,258,327,384,134,199,370,385,326,398,377,296,88,140,301,244,208,240,293,305,106,86,181,20,22,399,379,,,81,54,,84,175,244,103,274,174,255,182,62,95,30,359,269,333,320,319,89,131,77,257,163,260,116,20,389,,78,,86,b'\x11\xe8\xe1I\xebv\xa6F\x9a\xbe\x12\xdf\x17\xaeN\x1e'
11E8E149-EB76-A646-9ABE-12DF17AE4E1E,2026-ncaa-d3-conf-OAC,genius_ncaa,6,5,4,6,4,9,6,6,6,5,4,6,8,8,8,9,4,5,1,5,7,7,6,8,7,6,8,8,2,5,3,5,8,5,5,9,8,3,4,6,8,8,2,1,,,1,2,,3,5,7,7,1,8,5,3,3,1,8,7,3,4,4,4,3,2,3,2,8,3,8,1,,1,,4,5,4,2,5,2,2,4,2,4,4,7,6,3,1,6,1,2,4,3,3,4,5,7,8,5,7,8,3,3,4,5,4,5,9,9,7,1,1,6,7,,,6,6,,2,5,1,4,7,6,6,2,8,2,6,7,6,5,2,2,6,4,9,5,7,5,9,1,7,,6,,2,b'\x11\xe8\xe1I\xebv\xa6F\x9a\xbe\x12\xdf\x17\xaeN\x1e'
11E8E149-EB76-A646-9ABE-12DF17AE4E1E,2026-ncaa-d3-natl,genius_ncaa,157,268,42,231,45,75,70,98,138,32,33,171,282,289,259,388,39,15,351,15,103,74,80,192,202,176,362,383,104,170,272,166,147,156,249,186,369,257,140,240,84,143,117,159,,,368,328,,271,251,68,213,62,171,167,234,81,70,361,380,84,31,33,155,207,294,345,340,303,137,162,172,,299,,213,244,365,332,295,341,312,282,301,347,302,366,205,399,381,374,380,352,316,317,352,381,357,322,247,340,188,147,318,272,281,249,330,219,96,183,232,211,101,408,352,,,25,28,,12,251,339,207,314,258,296,238,118,204,121,286,172,362,334,333,164,146,89,199,127,247,203,103,392,,32,,29,b'\x11\xe8\xe1I\xebv\xa6F\x9a\xbe\x12\xdf\x17\xaeN\x1e'
11E8E149-EB7B-1EB0-9ABE-12DF17AE4E1E,2018-ncaa-d3-conf-UMAC,ncaa,7,7,6,7,7,5,5,3,8,6,3,8,5,5,6,4,5,4,4,4,5,3,3,7,7,7,4,4,4,2,2,6,2,4,3,7,7,1,2,5,5,4,4,4,,,5,6,,,6,6,2,3,4,5,1,6,2,5,4,3,3,3,1,1,2,4,2,7,2,4,4,,7,,,6,6,7,2,9,7,4,7,3,2,8,2,7,8,2,8,6,3,3,8,8,7,3,3,5,1,2,9,2,6,3,6,4,5,3,4,2,3,9,7,,,6,7,,,6,5,4,7,6,7,8,4,8,7,3,2,8,8,8,6,6,1,9,9,6,3,5,9,,5,,,b'\x11\xe8\xe1I\xeb{\x1e\xb0\x9a\xbe\x12\xdf\x17\xaeN\x1e'
11E8E149-EB7B-1EB0-9ABE-12DF17AE4E1E,2018-ncaa-d3-natl,ncaa,364,349,363,371,386,343,362,288,397,361,262,396,307,269,348,247,181,167,237,170,139,266,278,399,386,362,135,247,36,99,103,358,148,256,187,349,236,173,222,319,190,142,199,167,,,128,229,,,317,344,125,430,296,346,104,334,125,274,186,83,78,78,83,73,43,275,85,328,280,135,156,,239,,,321,148,165,54,392,219,102,380,117,81,328,133,197,235,109,236,319,69,79,372,372,322,143,134,233,59,148,222,103,138,187,287,360,213,139,258,311,331,443,442,,,280,263,,,317,107,329,280,316,300,313,177,326,242,206,139,298,336,350,205,260,115,356,277,346,133,358,444,,151,,,b'\x11\xe8\xe1I\xeb{\x1e\xb0\x9a\xbe\x12\xdf\x17\xaeN\x1e'
11E8E149-EB7B-1EB0-9ABE-12DF17AE4E1E,2019-ncaa-d3-conf-UMAC,ncaa,7,7,6,7,6,8,8,7,9,9,8,9,7,5,7,4,9,8,7,8,7,7,5,8,9,8,2,2,5,3,6,7,9,7,9,6,1,8,8,8,7,8,8,8,,,6,6,,,9,7,2,6,8,8,4,9,7,7,5,8,8,8,5,1,3,7,5,6,8,7,8,,6,,,9,9,9,6,9,9,8,9,8,5,9,4,7,6,9,6,5,6,6,9,9,9,4,6,3,7,9,9,6,9,9,9,9,7,8,9,9,8,9,9,,,8,7,,,9,3,8,9,9,9,9,9,9,9,9,5,8,7,7,9,9,9,9,9,9,7,9,9,,7,,,b'\x11\xe8\xe1I\xeb{\x1e\xb0\x9a\xbe\x12\xdf\x17\xaeN\x1e'
11E8E149-EB7B-1EB0-9ABE-12DF17AE4E1E,2019-ncaa-d3-natl,ncaa,413,421,317,417,348,420,421,353,435,422,326,436,345,287,398,194,398,403,325,400,383,371,265,433,433,434,115,134,184,237,275,381,419,350,398,373,23,434,432,421,311,336,309,335,,,155,137,,,438,263,97,341,435,433,338,429,292,340,254,408,402,400,379,118,177,395,333,382,437,289,296,,226,,,435,426,425,296,429,419,295,428,340,257,391,210,275,240,325,229,186,294,226,430,428,431,107,184,118,373,419,285,275,337,398,437,423,313,347,427,440,439,424,435,,,376,407,,,438,178,433,431,435,431,429,394,426,374,377,309,319,285,281,394,370,397,363,384,435,270,439,431,,392,,,b'\x11\xe8\xe1I\xeb{\x1e\xb0\x9a\xbe\x12\xdf\x17\xaeN\x1e'
11E8E149-EB7B-1EB0-9ABE-12DF17AE4E1E,2020-ncaa-d3-conf-UMAC,ncaa,7,7,6,7,8,8,8,4,9,9,3,9,8,7,8,8,8,8,9,8,8,6,6,9,9,9,8,7,7,3,5,6,7,6,8,8,8,8,7,9,7,7,6,7,,,6,6,,,9,6,2,5,8,8,2,9,1,8,7,8,8,8,3,2,1,5,4,8,9,5,6,,6,,,9,8,8,6,7,8,6,7,4,5,4,5,7,8,5,8,7,8,5,7,7,7,3,4,7,7,7,8,5,8,8,9,8,6,8,9,7,8,9,9,,,9,9,,,9,5,9,7,9,8,8,8,8,7,6,6,8,9,9,8,8,7,8,8,9,5,8,9,,9,,,b'\x11\xe8\xe1I\xeb{\x1e\xb0\x9a\xbe\x12\xdf\x17\xaeN\x1e'
11E8E149-EB7B-1EB0-9ABE-12DF17AE4E1E,2020-ncaa-d3-natl,ncaa,397,391,372,403,395,396,383,286,417,360,219,412,374,310,413,290,383,341,396,345,362,305,208,422,422,422,301,298,233,211,201,361,368,316,325,375,282,411,402,412,285,316,295,322,,,266,257,,,424,212,11,410,388,373,99,338,82,359,251,362,282,294,124,22,113,284,207,368,425,229,273,,394,,,420,391,376,283,376,397,282,401,200,245,115,195,365,369,208,369,334,321,248,351,361,386,112,92,276,296,368,211,201,257,325,407,388,321,356,403,426,411,419,411,,,349,391,,,424,232,419,382,417,424,413,412,420,404,289,347,414,414,415,428,422,357,346,358,417,238,428,432,,257,,,b'\x11\xe8\xe1I\xeb{\x1e\xb0\x9a\xbe\x12\xdf\x17\xaeN\x1e'
11E8E149-EB7B-1EB0-9ABE-12DF17AE4E1E,2021-ncaa-d3-conf-UMAC,ncaa,6,8,2,6,2,4,4,1,7,4,1,8,3,3,6,4,2,3,4,2,8,1,2,7,7,7,3,4,4,1,2,3,2,2,3,5,8,8,2,6,6,8,5,5,,,9,7,,,7,2,3,3,6,6,1,7,2,4,4,4,4,4,1,1,1,5,1,7,4,8,5,,7,,,6,9,9,8,8,9,7,7,9,8,9,5,9,9,7,9,8,8,8,8,8,8,8,7,7,6,2,9,2,8,3,9,8,4,6,7,8,4,9,7,,,2,8,,,7,8,6,8,6,8,7,6,6,2,8,6,8,8,8,6,5,2,7,6,7,7,5,8,,5,,,b'\x11\xe8\xe1I\xeb{\x1e\xb0\x9a\xbe\x12\xdf\x17\xaeN\x1e'
11E8E149-EB7B-1EB0-9ABE-12DF17AE4E1E,2021-ncaa-d3-natl,ncaa,148,262,47,208,53,64,71,41,240,81,36,245,66,49,183,141,53,60,111,59,179,44,45,234,227,199,101,128,105,20,70,65,84,44,126,79,166,217,86,153,131,250,164,239,,,261,269,,,260,50,84,110,153,163,33,169,66,127,88,119,119,126,38,47,29,170,69,166,119,250,240,,260,,,231,262,253,234,255,251,233,251,253,230,244,122,271,268,176,268,266,238,229,260,269,272,197,140,231,192,84,257,70,245,126,266,250,88,210,258,232,141,243,162,,,73,217,,,260,236,175,260,231,260,222,130,206,125,223,151,274,269,268,185,151,67,232,179,251,203,152,201,,168,,,b'\x11\xe8\xe1I\xeb{\x1e\xb0\x9a\xbe\x12\xdf\x17\xaeN\x1e'
11E8E149-EB7B-1EB0-9ABE-12DF17AE4E1E,2022-ncaa-d3-conf-UMAC,ncaa,6,6,5,6,5,7,7,6,8,7,6,6,5,5,6,5,5,4,5,4,3,6,4,7,6,7,2,5,2,3,4,3,3,3,4,7,7,7,7,7,7,7,4,5,,,7,7,,,6,4,1,5,7,7,3,7,5,5,5,4,4,4,4,1,2,2,2,7,7,6,4,,7,,,6,6,6,4,6,6,5,6,3,4,5,4,7,7,6,7,7,5,5,6,5,6,4,3,7,4,3,6,4,4,4,4,2,7,7,7,7,7,6,6,,,4,5,,,6,5,7,6,6,6,6,7,6,7,5,5,7,7,7,7,5,4,8,4,6,7,7,6,,2,,,b'\x11\xe8\xe1I\xeb{\x1e\xb0\x9a\xbe\x12\xdf\x17\xaeN\x1e'
11E8E149-EB7B-1EB0-9ABE-12DF17AE4E1E,2022-ncaa-d3-natl,ncaa,302,341,188,325,226,245,267,212,341,285,267,301,162,93,323,101,187,160,241,161,107,207,169,320,317,322,104,144,114,147,194,134,93,141,147,261,232,343,316,332,262,298,173,176,,,346,353,,,345,177,125,266,294,318,206,334,313,172,88,173,145,142,193,118,139,104,104,284,323,283,169,,363,,,337,353,304,243,295,304,221,322,236,247,189,202,409,376,416,380,370,279,221,290,346,356,264,147,377,120,93,291,194,227,147,260,166,269,313,301,323,302,206,254,,,138,156,,,345,266,307,325,331,337,291,241,292,230,219,236,399,374,376,296,239,119,294,212,253,291,310,204,,118,,,b'\x11\xe8\xe1I\xeb{\x1e\xb0\x9a\xbe\x12\xdf\x17\xaeN\x1e'
11E8E149-EB7B-1EB0-9ABE-12DF17AE4E1E,2023-ncaa-d3-conf-UMAC,ncaa,8,8,6,8,7,8,8,4,7,5,3,7,8,7,8,7,8,7,6,7,7,6,7,7,7,8,6,7,4,6,7,7,5,8,7,8,7,4,4,7,6,6,6,6,,,4,4,,,8,6,2,5,8,7,2,3,2,8,6,7,6,6,2,2,4,5,6,8,6,4,6,,4,,,8,6,7,6,7,5,3,8,7,7,6,7,4,4,4,4,5,6,5,8,7,7,6,6,3,4,5,6,7,6,7,8,6,8,8,8,3,3,7,5,,,7,6,,,8,4,8,7,8,7,8,8,6,4,8,7,5,4,4,7,7,5,7,6,8,6,3,7,,5,,,b'\x11\xe8\xe1I\xeb{\x1e\xb0\x9a\xbe\x12\xdf\x17\xaeN\x1e'
11E8E149-EB7B-1EB0-9ABE-12DF17AE4E1E,2023-ncaa-d3-natl,ncaa,316,297,333,323,361,317,311,291,315,299,299,279,241,200,321,156,336,317,350,318,238,295,327,315,329,306,223,183,287,333,294,368,112,367,250,336,337,135,213,302,218,164,301,248,,,140,232,,,323,309,121,269,291,270,155,262,226,204,140,318,265,265,176,183,296,342,347,318,225,161,280,,249,,,324,195,189,69,369,151,44,398,299,285,243,376,206,184,285,184,338,73,79,378,383,356,297,310,194,26,112,120,294,59,250,175,169,231,157,211,104,166,141,199,,,340,307,,,323,123,323,292,320,320,308,192,264,71,344,354,280,257,263,202,219,56,255,146,253,153,174,189,,295,,,b'\x11\xe8\xe1I\xeb{\x1e\xb0\x9a\xbe\x12\xdf\x17\xaeN\x1e'
11E8E149-EB7B-1EB0-9ABE-12DF17AE4E1E,2024-ncaa-d3-conf-UMAC,ncaa,5,4,6,4,6,6,6,5,6,6,4,7,5,3,5,5,4,3,5,3,5,4,6,6,6,6,5,6,2,5,4,6,4,5,5,6,5,2,2,5,2,2,5,5,,,5,6,,,6,6,2,1,6,6,1,5,4,5,3,2,2,2,1,2,4,4,4,6,4,2,5,,7,,,6,4,1,1,5,1,1,5,7,7,5,7,4,4,5,4,8,1,2,5,5,4,8,7,5,3,4,5,4,4,5,5,7,2,2,5,1,1,4,4,,,5,5,,,6,3,6,3,6,5,5,5,2,2,8,8,5,5,5,5,6,4,6,6,7,2,3,4,,4,,,b'\x11\xe8\xe1I\xeb{\x1e\xb0\x9a\xbe\x12\xdf\x17\xaeN\x1e'
11E8E149-EB7B-1EB0-9ABE-12DF17AE4E1E,2024-ncaa-d3-natl,ncaa,227,206,296,233,306,256,263,222,303,284,277,257,194,118,316,118,242,216,295,212,139,221,257,287,296,260,150,160,187,296,285,310,103,317,232,272,281,147,173,237,69,50,244,164,,,239,281,,,239,236,106,74,237,240,114,255,233,180,86,193,159,158,110,132,267,267,277,256,202,46,234,,308,,,242,164,150,109,251,79,34,332,384,393,248,420,152,157,165,150,339,106,151,310,298,225,389,411,159,57,103,199,285,109,232,219,281,114,75,148,209,224,44,58,,,204,162,,,239,214,287,154,234,248,220,198,123,35,403,410,205,208,205,180,272,71,281,180,263,69,244,51,,125,,,b'\x11\xe8\xe1I\xeb{\x1e\xb0\x9a\xbe\x12\xdf\x17\xaeN\x1e'
11E8E149-EB7B-1EB0-9ABE-12DF17AE4E1E,2025-ncaa-d3-conf-UMAC,genius_ncaa,4,5,3,5,3,4,4,2,5,6,6,6,2,1,4,1,2,2,5,2,1,2,1,5,5,4,1,2,4,1,3,3,3,2,3,4,6,2,2,2,3,3,6,6,,,8,8,,8,4,4,4,2,3,5,1,6,6,1,1,2,1,1,1,1,1,4,1,5,2,3,6,,8,,8,5,5,3,3,3,2,1,3,6,7,6,7,6,7,2,7,8,4,5,4,5,5,8,8,6,4,3,5,3,5,3,3,4,4,4,3,1,1,4,6,,,2,2,,8,4,5,4,5,5,6,3,4,1,1,6,7,6,8,8,5,5,4,6,6,3,4,2,6,,1,,8,b'\x11\xe8\xe1I\xeb{\x1e\xb0\x9a\xbe\x12\xdf\x17\xaeN\x1e'
11E8E149-EB7B-1EB0-9ABE-12DF17AE4E1E,2025-ncaa-d3-natl,genius_ncaa,121,118,116,129,123,130,145,59,275,265,234,283,14,13,108,22,243,241,221,229,206,76,119,209,232,159,22,13,337,81,89,134,50,106,70,202,306,70,38,133,98,91,165,114,,,308,332,,360,87,140,192,59,124,143,39,308,281,10,16,272,276,267,47,123,76,160,99,229,57,103,179,,298,,354,80,111,65,161,39,40,54,117,284,380,49,394,294,351,51,337,398,201,222,61,71,83,399,353,356,61,50,227,89,138,70,42,77,154,158,62,35,23,103,121,,,232,317,,295,87,279,136,61,86,86,50,111,27,23,253,356,289,335,324,145,156,55,195,110,41,177,35,86,,273,,314,b'\x11\xe8\xe1I\xeb{\x1e\xb0\x9a\xbe\x12\xdf\x17\xaeN\x1e'
11E8E149-EB7B-1EB0-9ABE-12DF17AE4E1E,2026-ncaa-d3-natl,genius_ncaa,98,200,42,183,64,80,80,58,233,150,194,121,18,7,246,11,202,145,337,135,133,70,77,183,228,190,81,35,348,129,213,232,232,185,275,192,366,241,108,228,23,37,334,343,,,175,43,,20,160,76,185,113,179,183,115,271,361,57,15,318,264,257,141,201,229,393,366,313,104,40,376,,37,,17,172,299,320,296,310,288,184,376,367,388,172,403,109,148,40,147,161,274,322,332,276,172,226,361,27,213,232,305,213,281,275,269,120,31,46,81,302,225,320,332,,,138,311,,146,160,340,204,150,173,156,217,122,147,30,325,364,17,38,41,88,155,107,175,127,167,63,212,269,,302,,210,b'\x11\xe8\xe1I\xeb{\x1e\xb0\x9a\xbe\x12\xdf\x17\xaeN\x1e'
11E8E149-EB7F-896E-9ABE-12DF17AE4E1E,2018-ncaa-d3-conf-USA South,ncaa,18,18,14,18,15,17,17,15,18,19,17,18,8,6,8,2,19,19,18,19,18,15,14,18,18,17,1,1,19,18,18,16,17,16,17,17,18,18,17,18,16,17,19,19,,,12,9,,,19,10,1,18,17,17,11,19,18,6,3,19,19,19,15,7,18,13,17,17,17,16,19,,15,,,19,17,16,16,15,16,11,17,19,19,13,17,12,13,12,13,12,16,13,16,16,19,13,16,9,18,17,13,18,18,17,12,3,12,17,12,17,17,5,14,,,18,19,,,19,11,18,19,18,19,18,19,17,15,19,19,17,17,17,19,19,19,17,18,14,12,17,11,,19,,,b'\x11\xe8\xe1I\xeb\x7f\x89n\x9a\xbe\x12\xdf\x17\xaeN\x1e'
11E8E149-EB7F-896E-9ABE-12DF17AE4E1E,2018-ncaa-d3-natl,ncaa,417,433,197,422,223,361,355,186,417,411,328,430,69,42,238,30,421,411,419,411,383,240,101,396,412,419,24,6,426,370,429,194,428,281,431,408,429,440,427,432,228,372,386,413,,,378,171,,,434,53,7,135,398,393,143,429,357,63,33,434,427,426,220,50,387,145,294,424,436,235,398,,402,,,431,442,432,442,256,423,409,327,385,426,124,288,423,435,116,435,348,444,433,269,266,315,241,207,290,444,428,429,429,442,431,227,14,144,339,177,436,425,221,305,,,409,442,,,434,407,425,368,421,437,422,441,414,418,388,433,427,435,435,443,440,441,428,439,244,125,430,231,,434,,,b'\x11\xe8\xe1I\xeb\x7f\x89n\x9a\xbe\x12\xdf\x17\xaeN\x1e'
11E8E149-EB7F-896E-9ABE-12DF17AE4E1E,2019-ncaa-d3-conf-USA South,ncaa,8,7,9,8,9,9,9,6,14,10,5,16,4,7,3,8,12,12,9,12,16,6,8,12,13,8,3,4,14,14,17,6,10,9,15,10,14,2,2,6,11,11,11,14,,,6,4,,,11,6,3,4,9,6,3,9,4,4,7,13,14,14,5,5,14,8,10,11,2,11,9,,8,,,11,12,13,13,7,13,13,6,12,12,10,10,4,4,5,4,3,12,13,7,6,8,10,11,3,10,10,17,17,15,15,6,5,10,11,8,4,4,3,3,,,11,13,,,11,13,12,7,11,12,12,16,12,12,14,14,4,6,6,14,15,11,16,16,8,8,2,3,,12,,,b'\x11\xe8\xe1I\xeb\x7f\x89n\x9a\xbe\x12\xdf\x17\xaeN\x1e'
11E8E149-EB7F-896E-9ABE-12DF17AE4E1E,2019-ncaa-d3-natl,ncaa,118,134,67,137,100,78,64,15,293,103,20,357,56,87,54,237,256,229,310,237,404,21,32,274,300,221,205,106,388,134,342,46,239,68,319,164,386,163,23,155,92,193,197,274,,,257,67,,,126,18,17,199,90,68,15,133,24,72,112,311,285,298,15,37,185,61,86,213,88,119,221,,175,,,129,326,340,428,57,275,410,49,384,405,200,294,167,258,29,253,114,426,428,67,46,49,275,356,109,391,239,440,342,433,319,126,30,61,145,52,102,28,25,4,,,251,421,,,126,429,241,58,140,211,246,399,194,366,324,366,124,187,182,392,420,332,416,404,89,76,66,13,,353,,,b'\x11\xe8\xe1I\xeb\x7f\x89n\x9a\xbe\x12\xdf\x17\xaeN\x1e'
11E8E149-EB7F-896E-9ABE-12DF17AE4E1E,2020-ncaa-d3-conf-USA South,ncaa,11,11,10,11,12,11,11,10,13,13,13,10,5,5,8,3,14,14,12,14,15,10,11,10,11,12,5,4,17,12,15,5,9,10,13,12,8,5,9,9,14,14,18,18,,,10,11,,,12,10,5,4,11,10,6,13,12,5,4,13,13,13,7,8,10,2,6,10,9,15,18,,13,,,12,8,7,13,5,6,9,4,14,12,13,12,11,9,16,9,10,12,6,6,7,9,13,13,11,8,9,11,15,8,13,8,10,15,15,10,6,8,4,7,,,13,15,,,12,9,12,10,12,13,11,15,10,11,14,14,12,11,11,16,15,10,16,15,10,12,9,6,,13,,,b'\x11\xe8\xe1I\xeb\x7f\x89n\x9a\xbe\x12\xdf\x17\xaeN\x1e'
11E8E149-EB7F-896E-9ABE-12DF17AE4E1E,2020-ncaa-d3-natl,ncaa,215,218,198,221,218,205,216,127,303,278,235,309,88,59,192,91,250,202,312,189,200,136,112,264,292,279,90,71,287,238,360,58,171,117,290,275,350,271,215,308,144,197,353,382,,,310,215,,,219,77,33,63,186,201,51,290,214,60,51,232,199,188,56,54,215,21,59,284,291,125,357,,341,,,220,221,209,346,83,224,337,82,208,258,109,185,279,297,220,306,216,351,362,79,87,77,242,200,289,299,171,418,360,390,290,138,103,119,177,97,245,202,148,159,,,228,320,,,219,366,298,97,218,250,234,362,245,364,226,281,289,309,316,374,401,308,414,381,154,90,257,157,,199,,,b'\x11\xe8\xe1I\xeb\x7f\x89n\x9a\xbe\x12\xdf\x17\xaeN\x1e'
11E8E149-EB7F-896E-9ABE-12DF17AE4E1E,2021-ncaa-d3-conf-USA South,ncaa,9,6,14,7,14,9,9,13,3,10,11,6,10,13,2,10,11,13,9,13,13,14,15,3,3,4,11,8,12,16,14,15,12,15,10,9,8,1,2,4,14,13,8,6,,,3,9,,,7,15,4,1,6,4,4,6,4,4,9,9,7,7,6,7,13,10,11,5,2,13,4,,10,,,7,4,7,2,13,6,3,11,7,4,16,9,4,5,4,3,8,2,2,14,12,12,7,11,5,3,12,2,14,2,10,5,4,13,10,11,2,6,4,8,,,13,9,,,7,2,6,11,7,11,10,11,11,10,14,14,8,10,9,11,12,9,12,10,10,10,6,10,,8,,,b'\x11\xe8\xe1I\xeb\x7f\x89n\x9a\xbe\x12\xdf\x17\xaeN\x1e'
11E8E149-EB7F-896E-9ABE-12DF17AE4E1E,2021-ncaa-d3-natl,ncaa,101,149,112,125,112,75,72,97,35,79,93,61,75,110,28,166,110,102,144,102,158,98,104,32,38,38,156,119,211,127,190,124,220,126,211,73,132,145,89,63,116,180,89,105,,,182,123,,,93,98,41,7,24,20,40,33,48,52,123,111,98,101,41,48,159,149,164,39,122,144,77,,203,,,106,200,203,179,204,202,185,184,197,174,228,125,180,194,75,192,163,183,193,203,202,177,139,163,115,210,220,185,190,190,211,177,84,80,105,112,154,128,152,107,,,107,144,,,93,188,58,190,106,237,231,227,216,216,224,188,190,214,205,236,261,229,196,217,180,59,146,152,,91,,,b'\x11\xe8\xe1I\xeb\x7f\x89n\x9a\xbe\x12\xdf\x17\xaeN\x1e'
11E8E149-EB7F-896E-9ABE-12DF17AE4E1E,2022-ncaa-d3-conf-USA South,ncaa,6,7,5,7,5,8,7,9,7,5,4,8,14,17,9,18,7,7,13,7,6,9,7,9,9,9,18,17,4,13,17,5,13,7,14,8,9,14,11,11,9,15,14,16,,,7,4,,,9,5,7,10,10,9,14,5,4,18,18,6,5,5,12,9,18,6,12,9,11,12,17,,6,,,9,11,12,15,7,12,13,9,13,17,2,17,7,7,11,7,5,15,15,4,2,3,7,15,7,15,13,14,17,15,14,14,13,5,6,8,11,8,5,2,,,2,3,,,9,15,10,5,9,6,10,14,10,10,11,17,4,4,4,11,14,13,14,14,11,6,9,2,,5,,,b'\x11\xe8\xe1I\xeb\x7f\x89n\x9a\xbe\x12\xdf\x17\xaeN\x1e'
11E8E149-EB7F-896E-9ABE-12DF17AE4E1E,2022-ncaa-d3-natl,ncaa,168,129,300,153,327,249,232,309,146,159,155,198,387,399,240,409,155,89,342,85,132,275,280,215,219,239,380,403,79,314,305,239,292,277,284,274,321,247,297,294,205,208,374,378,,,149,133,,,191,258,51,248,179,167,222,67,47,388,404,78,35,28,156,101,282,105,198,251,311,156,377,,235,,,189,102,129,161,137,155,142,190,127,227,41,275,104,128,78,133,176,146,192,126,101,71,159,195,163,287,292,166,305,211,284,130,157,100,72,77,214,237,37,9,,,96,23,,,191,177,262,93,185,196,221,320,240,268,178,308,161,217,221,310,380,345,287,320,190,37,276,25,,13,,,b'\x11\xe8\xe1I\xeb\x7f\x89n\x9a\xbe\x12\xdf\x17\xaeN\x1e'
11E8E149-EB7F-896E-9ABE-12DF17AE4E1E,2023-ncaa-d3-conf-USA South,ncaa,10,8,9,10,9,9,9,9,6,9,9,8,10,10,10,10,9,9,2,9,9,9,9,8,6,9,10,10,1,9,9,9,8,9,8,9,5,4,10,8,10,9,9,9,,,2,1,,,9,9,8,5,10,9,10,8,8,10,10,9,10,10,10,10,10,6,9,7,10,9,9,,2,,,9,2,2,2,8,2,2,8,3,3,6,10,2,2,9,2,1,2,2,8,8,8,7,10,1,6,8,2,9,2,8,4,8,9,10,10,6,10,3,10,,,9,4,,,9,2,10,8,9,8,8,10,8,8,10,10,2,2,2,9,6,8,6,7,8,9,10,9,,8,,,b'\x11\xe8\xe1I\xeb\x7f\x89n\x9a\xbe\x12\xdf\x17\xaeN\x1e'
11E8E149-EB7F-896E-9ABE-12DF17AE4E1E,2023-ncaa-d3-natl,ncaa,423,345,416,423,418,414,414,420,244,389,404,266,426,425,418,423,390,388,312,388,208,419,417,336,318,399,418,426,48,419,384,414,402,419,372,414,328,321,425,413,419,415,421,424,,,24,111,,,396,415,105,244,402,386,425,233,198,424,425,247,209,204,419,230,411,233,378,390,425,405,421,,230,,,412,53,87,25,365,151,75,342,48,30,275,77,71,66,173,60,127,24,21,330,327,384,53,88,138,224,402,11,384,24,372,129,232,411,385,388,372,425,68,268,,,400,127,,,396,15,408,403,411,400,402,400,406,413,239,210,318,326,317,408,379,406,128,329,371,315,423,281,,140,,,b'\x11\xe8\xe1I\xeb\x7f\x89n\x9a\xbe\x12\xdf\x17\xaeN\x1e'
11E8E149-EB7F-896E-9ABE-12DF17AE4E1E,2024-ncaa-d3-conf-USA South,ncaa,10,10,9,10,9,10,10,10,10,10,9,9,7,7,9,6,5,5,9,5,2,10,10,9,8,9,2,6,2,10,8,3,7,6,7,10,7,10,10,10,10,10,10,10,,,6,6,,,10,8,3,1,9,10,10,10,7,7,7,3,3,3,9,5,9,3,4,10,10,10,10,,6,,,10,7,6,8,4,4,4,5,10,10,5,10,5,5,6,5,7,7,4,5,4,6,8,10,6,7,7,7,8,7,7,9,10,10,10,10,8,10,8,10,,,6,3,,,10,3,10,8,10,8,8,9,7,8,10,10,8,8,8,9,8,8,7,7,9,10,9,9,,3,,,b'\x11\xe8\xe1I\xeb\x7f\x89n\x9a\xbe\x12\xdf\x17\xaeN\x1e'
11E8E149-EB7F-896E-9ABE-12DF17AE4E1E,2024-ncaa-d3-natl,ncaa,385,405,200,390,209,358,376,335,388,342,230,397,368,363,359,364,126,87,302,81,61,301,173,399,382,395,182,344,12,325,368,127,327,216,341,392,381,413,408,414,317,357,397,406,,,268,174,,,394,122,79,54,388,399,380,368,224,378,377,110,65,59,339,126,339,66,188,408,406,322,403,,287,,,383,347,320,352,183,301,306,213,313,355,167,262,326,365,106,366,304,371,339,188,193,245,266,235,262,385,327,335,368,378,341,345,319,216,308,319,411,406,238,266,,,180,181,,,394,304,400,286,384,349,329,376,299,331,320,359,339,374,375,387,379,382,342,368,342,211,404,257,,141,,,b'\x11\xe8\xe1I\xeb\x7f\x89n\x9a\xbe\x12\xdf\x17\xaeN\x1e'
11E8E149-EB7F-896E-9ABE-12DF17AE4E1E,2026-ncaa-d3-conf-USA South,genius_ncaa,3,5,3,5,3,7,7,5,10,7,7,10,4,3,8,1,6,5,9,5,5,5,5,10,10,10,1,2,4,6,10,5,3,6,9,5,1,6,6,6,3,4,8,9,,,5,5,,1,6,4,3,1,10,10,4,10,10,5,2,7,6,6,4,4,7,6,6,7,5,4,8,,4,,1,6,6,6,4,7,7,8,5,2,2,3,1,5,5,4,5,3,4,6,6,5,5,2,2,5,4,3,7,10,7,9,7,8,4,2,5,4,2,9,10,,,5,9,,2,6,6,10,5,6,5,4,3,8,8,2,1,4,5,5,2,6,1,9,9,6,4,2,9,,8,,2,b'\x11\xe8\xe1I\xeb\x7f\x89n\x9a\xbe\x12\xdf\x17\xaeN\x1e'
11E8E149-EB7F-896E-9ABE-12DF17AE4E1E,2026-ncaa-d3-natl,genius_ncaa,345,268,327,351,336,383,392,360,407,397,367,411,295,259,336,121,279,288,214,278,100,354,331,402,397,393,21,99,21,335,364,372,357,370,397,391,284,207,340,386,271,205,377,388,,,105,166,,75,379,326,54,94,385,403,218,412,290,228,116,142,154,147,203,105,244,348,320,388,356,136,368,,256,,105,387,164,198,83,398,263,133,400,49,44,156,45,155,177,96,180,261,94,102,386,370,325,24,26,178,159,357,219,364,192,397,259,326,249,123,283,195,310,242,382,,,354,338,,201,379,90,394,331,384,363,379,273,396,335,96,79,304,343,349,307,346,320,400,387,377,71,321,358,,291,,148,b'\x11\xe8\xe1I\xeb\x7f\x89n\x9a\xbe\x12\xdf\x17\xaeN\x1e'
11E8E149-EB84-203C-9ABE-12DF17AE4E1E,2018-ncaa-d3-conf-ASC,ncaa,3,1,3,2,4,2,1,1,2,1,1,4,4,6,5,9,1,3,1,3,10,1,2,4,2,1,9,9,6,3,6,2,4,1,5,1,1,2,1,1,7,7,2,2,,,2,1,,,1,2,3,11,1,1,1,2,2,6,7,1,4,4,1,2,4,1,1,1,1,7,2,,1,,,1,8,10,12,2,8,12,3,11,12,3,12,1,1,10,1,1,12,12,1,1,4,8,12,1,12,4,11,6,12,5,10,9,6,8,7,4,2,12,8,,,4,11,,,1,12,1,4,2,6,7,12,5,7,10,13,1,1,1,10,11,11,9,10,7,7,2,10,,10,,,b'\x11\xe8\xe1I\xeb\x84 <\x9a\xbe\x12\xdf\x17\xaeN\x1e'
11E8E149-EB84-203C-9ABE-12DF17AE4E1E,2018-ncaa-d3-natl,ncaa,45,19,123,31,191,33,44,45,117,56,50,124,113,124,127,258,24,54,13,53,182,46,75,119,80,36,217,257,118,58,86,76,234,60,144,17,30,54,6,3,121,149,78,88,,,224,122,,,40,89,86,404,14,21,24,32,48,131,134,19,52,50,19,59,47,56,37,7,39,125,88,,182,,,39,272,246,359,97,182,252,128,356,407,132,383,255,258,223,256,246,355,345,118,117,136,346,352,223,366,234,286,86,331,144,315,318,129,185,208,101,46,181,74,,,113,239,,,40,334,19,162,49,222,205,334,156,207,335,399,221,225,223,328,346,340,250,293,269,139,82,150,,113,,,b'\x11\xe8\xe1I\xeb\x84 <\x9a\xbe\x12\xdf\x17\xaeN\x1e'
11E8E149-EB84-203C-9ABE-12DF17AE4E1E,2019-ncaa-d3-conf-ASC,ncaa,1,1,2,1,3,1,2,2,2,1,1,3,5,10,1,12,1,1,2,1,6,2,2,2,1,1,11,12,3,4,5,1,3,2,4,1,1,5,1,1,3,5,1,1,,,10,3,,,2,2,5,10,1,1,2,1,1,10,12,1,1,1,1,3,5,1,3,1,1,5,1,,4,,,2,9,6,13,1,3,13,1,10,11,10,6,11,10,12,10,7,13,13,1,1,3,12,11,11,11,3,10,5,10,4,7,7,3,4,4,1,1,8,4,,,1,1,,,2,12,1,3,2,3,3,4,3,7,8,7,7,3,5,6,6,5,5,5,4,5,1,7,,1,,,b'\x11\xe8\xe1I\xeb\x84 <\x9a\xbe\x12\xdf\x17\xaeN\x1e'
11E8E149-EB84-203C-9ABE-12DF17AE4E1E,2019-ncaa-d3-natl,ncaa,12,15,8,15,18,10,11,13,58,12,7,93,111,170,54,359,2,5,27,5,114,9,11,68,43,30,263,335,64,48,123,10,91,10,80,4,15,260,33,8,79,176,31,64,,,409,226,,,23,9,96,432,19,32,72,27,49,208,316,4,22,23,54,96,135,51,62,10,69,172,57,,235,,,32,409,335,427,60,242,417,23,402,381,356,191,422,418,332,420,286,434,433,74,100,108,396,328,362,346,91,389,123,387,80,354,313,62,166,151,170,30,255,65,,,2,59,,,23,435,27,95,40,150,99,217,77,225,275,200,324,290,293,243,261,160,154,148,186,155,50,133,,27,,,b'\x11\xe8\xe1I\xeb\x84 <\x9a\xbe\x12\xdf\x17\xaeN\x1e'
11E8E149-EB84-203C-9ABE-12DF17AE4E1E,2020-ncaa-d3-conf-ASC,ncaa,1,1,1,1,1,1,1,1,4,1,1,5,5,10,3,11,2,3,1,3,12,1,1,4,3,1,10,11,7,4,6,1,3,3,3,1,2,4,2,1,3,5,3,5,,,2,3,,,2,1,7,8,2,2,4,1,1,10,11,4,6,7,6,8,9,2,5,1,2,5,5,,1,,,2,6,7,11,4,9,12,4,3,7,1,6,1,1,10,1,1,9,10,2,2,2,2,4,3,6,3,10,6,10,3,7,4,2,5,3,3,2,10,3,,,2,5,,,2,12,2,3,2,3,3,5,4,8,3,4,1,1,1,3,4,3,4,3,4,6,2,9,,7,,,b'\x11\xe8\xe1I\xeb\x84 <\x9a\xbe\x12\xdf\x17\xaeN\x1e'
11E8E149-EB84-203C-9ABE-12DF17AE4E1E,2020-ncaa-d3-natl,ncaa,9,9,26,8,36,24,26,30,54,14,17,76,190,229,150,351,34,64,23,73,297,29,38,93,73,45,348,356,186,126,215,26,56,53,119,16,101,143,39,18,91,154,192,232,,,235,97,,,29,29,128,137,37,36,74,17,30,259,309,55,125,134,63,132,210,49,110,27,58,135,233,,114,,,33,274,301,398,88,301,367,119,258,373,52,283,206,156,385,165,86,391,398,86,81,68,176,241,169,215,56,373,215,320,119,193,112,67,136,92,155,67,259,112,,,52,160,,,29,410,55,51,38,123,157,255,162,228,178,267,124,73,75,208,253,120,223,173,116,134,82,201,,126,,,b'\x11\xe8\xe1I\xeb\x84 <\x9a\xbe\x12\xdf\x17\xaeN\x1e'
11E8E149-EB84-203C-9ABE-12DF17AE4E1E,2021-ncaa-d3-conf-ASC,ncaa,4,7,5,6,5,4,4,5,2,2,2,2,11,11,7,12,9,8,11,8,12,5,6,3,4,5,12,12,11,4,5,4,2,4,3,2,2,6,5,2,9,8,1,1,,,9,10,,,4,6,12,5,6,3,7,1,2,12,12,11,11,11,8,10,8,2,3,1,4,8,1,,6,,,5,6,5,8,2,6,8,2,4,4,3,4,9,10,10,10,9,8,7,2,3,4,9,4,12,5,2,7,5,7,3,3,1,9,10,3,5,5,5,1,,,6,9,,,4,7,6,4,5,3,2,4,3,5,3,3,10,8,8,5,1,2,2,2,1,11,4,3,,9,,,b'\x11\xe8\xe1I\xeb\x84 <\x9a\xbe\x12\xdf\x17\xaeN\x1e'
11E8E149-EB84-203C-9ABE-12DF17AE4E1E,2021-ncaa-d3-natl,ncaa,25,214,14,108,14,17,14,18,61,5,8,82,109,94,187,266,26,18,230,18,174,17,18,106,124,130,272,265,156,21,134,8,39,13,67,13,75,264,141,85,46,167,4,21,,,277,252,,,53,17,132,69,120,77,133,26,28,252,262,139,93,100,119,120,141,22,55,62,135,172,19,,246,,,96,265,250,266,41,253,268,46,219,253,52,90,281,280,218,280,253,270,269,33,69,89,217,57,281,255,39,269,134,268,67,211,42,31,169,52,254,101,233,50,,,18,92,,,53,269,130,72,97,95,40,99,69,133,51,88,270,258,257,151,129,77,136,112,21,169,99,80,,90,,,b'\x11\xe8\xe1I\xeb\x84 <\x9a\xbe\x12\xdf\x17\xaeN\x1e'
11E8E149-EB84-203C-9ABE-12DF17AE4E1E,2022-ncaa-d3-conf-ASC,ncaa,1,1,1,1,1,1,1,1,2,1,1,2,8,8,7,10,3,1,8,1,10,1,1,3,4,4,10,9,8,2,2,1,2,2,2,1,2,7,2,2,1,3,1,1,,,10,9,,,3,1,6,1,3,1,1,1,1,9,9,8,6,6,1,3,2,2,2,1,2,4,1,,10,,,3,8,6,9,2,4,11,1,5,4,7,2,11,11,10,11,7,9,11,2,3,3,9,5,10,8,2,9,2,8,2,8,8,1,4,4,4,1,4,2,,,2,7,,,3,11,2,4,3,4,3,3,3,5,3,2,10,10,10,3,4,3,3,3,4,4,3,2,,7,,,b'\x11\xe8\xe1I\xeb\x84 <\x9a\xbe\x12\xdf\x17\xaeN\x1e'
11E8E149-EB84-203C-9ABE-12DF17AE4E1E,2022-ncaa-d3-natl,ncaa,18,21,32,22,36,37,39,39,96,21,14,115,258,247,246,373,7,9,159,8,161,25,26,147,123,124,347,381,95,23,42,57,125,27,70,29,90,305,124,83,56,103,34,51,,,424,407,,,90,30,158,44,66,60,89,31,35,325,344,29,38,34,53,81,51,110,59,46,185,105,46,,397,,,96,361,212,303,92,205,359,34,239,161,362,52,429,428,396,428,412,371,389,86,201,165,398,150,429,276,125,330,42,322,70,326,366,49,122,137,231,104,167,42,,,9,108,,,90,397,92,142,105,184,70,96,84,208,125,43,424,416,415,180,238,156,157,154,196,124,144,94,,52,,,b'\x11\xe8\xe1I\xeb\x84 <\x9a\xbe\x12\xdf\x17\xaeN\x1e'
11E8E149-EB84-203C-9ABE-12DF17AE4E1E,2023-ncaa-d3-conf-ASC,ncaa,3,2,2,3,3,2,2,1,7,2,1,7,3,3,4,7,8,6,9,6,10,1,1,6,7,4,9,6,10,1,1,5,4,1,3,2,7,1,1,2,2,2,1,1,,,9,8,,,2,2,4,6,3,2,1,2,2,3,3,8,8,7,1,2,1,9,1,3,1,2,1,,7,,,2,4,3,1,6,6,6,5,1,1,8,1,9,9,7,9,8,1,8,5,7,3,4,1,9,1,4,10,1,8,3,2,4,2,2,1,1,1,1,1,,,8,10,,,2,9,3,2,2,3,3,1,3,5,1,1,9,8,8,2,3,1,7,4,1,2,1,1,,8,,,b'\x11\xe8\xe1I\xeb\x84 <\x9a\xbe\x12\xdf\x17\xaeN\x1e'
11E8E149-EB84-203C-9ABE-12DF17AE4E1E,2023-ncaa-d3-natl,ncaa,67,85,63,81,85,57,51,17,228,46,19,249,131,124,184,290,124,97,250,90,342,20,31,238,252,172,298,248,294,9,41,125,41,29,72,82,258,142,24,74,25,18,40,34,,,393,386,,,70,50,130,201,70,59,10,55,23,166,175,164,144,140,13,37,10,222,31,106,81,28,54,,360,,,70,249,153,123,234,216,242,158,90,46,341,36,413,406,385,400,386,182,325,201,302,139,279,57,418,56,41,400,41,304,72,148,155,33,24,22,96,21,192,47,,,117,326,,,70,374,107,88,84,146,79,25,130,140,54,15,399,391,388,64,194,29,342,190,106,38,64,140,,189,,,b'\x11\xe8\xe1I\xeb\x84 <\x9a\xbe\x12\xdf\x17\xaeN\x1e'
11E8E149-EB84-203C-9ABE-12DF17AE4E1E,2024-ncaa-d3-conf-ASC,ncaa,2,2,1,2,1,2,2,1,4,1,1,4,3,3,4,6,3,3,4,3,8,1,1,4,4,3,8,6,8,1,2,3,2,2,2,2,10,1,1,2,1,2,4,4,,,4,1,,,2,2,4,1,2,2,1,1,2,4,4,4,3,3,1,1,1,4,2,4,1,1,5,,2,,,2,9,7,7,7,6,6,4,7,6,10,5,7,3,9,3,3,7,9,8,7,4,6,7,5,3,2,9,2,8,2,7,5,1,2,4,3,1,2,1,,,5,9,,,2,10,2,4,2,4,3,4,4,5,6,5,4,2,2,3,4,1,7,3,5,3,2,2,,8,,,b'\x11\xe8\xe1I\xeb\x84 <\x9a\xbe\x12\xdf\x17\xaeN\x1e'
11E8E149-EB84-203C-9ABE-12DF17AE4E1E,2024-ncaa-d3-natl,ncaa,56,66,38,64,40,23,27,16,137,31,23,147,101,89,161,265,12,16,57,15,167,12,14,144,128,85,235,265,128,4,12,108,90,22,45,103,362,207,38,131,29,34,143,159,,,379,277,,,81,30,121,85,17,28,17,37,44,150,144,24,42,34,12,28,7,246,33,162,110,35,197,,292,,,90,392,346,294,335,289,241,275,400,320,411,259,406,378,415,377,351,324,378,355,383,287,371,325,331,141,90,344,12,278,45,326,248,30,46,104,246,80,137,42,,,38,250,,,81,397,34,222,92,288,215,100,177,108,341,207,362,306,305,129,251,68,196,121,234,40,149,81,,89,,,b'\x11\xe8\xe1I\xeb\x84 <\x9a\xbe\x12\xdf\x17\xaeN\x1e'
11E8E149-EB84-203C-9ABE-12DF17AE4E1E,2025-ncaa-d3-conf-ASC,genius_ncaa,2,2,4,2,5,3,3,4,2,3,3,2,5,5,5,5,4,4,3,4,3,4,4,2,2,3,5,5,2,3,3,3,1,3,2,3,3,1,3,3,2,2,2,2,,,3,4,,5,3,5,5,5,3,3,3,2,2,5,5,3,2,3,3,3,2,2,2,3,3,2,2,,4,,5,3,1,1,1,2,1,1,2,3,2,3,5,2,2,2,2,4,1,1,2,2,2,5,5,4,1,1,1,3,1,2,2,2,4,2,3,1,3,1,1,,,4,3,,4,3,1,3,2,2,2,2,2,1,1,4,4,3,3,3,1,1,1,2,1,2,3,3,1,,3,,3,b'\x11\xe8\xe1I\xeb\x84 <\x9a\xbe\x12\xdf\x17\xaeN\x1e'
11E8E149-EB84-203C-9ABE-12DF17AE4E1E,2025-ncaa-d3-natl,genius_ncaa,121,56,345,85,371,245,246,291,192,215,250,150,293,261,328,250,160,133,276,137,92,273,287,225,211,225,258,306,110,93,34,221,102,161,41,262,260,177,225,233,96,55,176,80,,,228,343,,286,126,340,146,415,153,159,119,127,154,263,191,75,52,55,100,90,33,66,33,197,258,60,135,,348,,331,120,36,24,41,47,12,16,128,255,349,83,403,201,237,98,235,403,53,70,84,89,88,410,386,336,86,102,51,34,47,41,76,287,206,120,123,201,241,6,7,,,214,144,,84,126,82,169,84,114,126,70,150,29,21,322,386,305,325,326,182,239,146,145,149,155,119,273,9,,86,,57,b'\x11\xe8\xe1I\xeb\x84 <\x9a\xbe\x12\xdf\x17\xaeN\x1e'
11E8E149-EB84-203C-9ABE-12DF17AE4E1E,2026-ncaa-d3-natl,genius_ncaa,157,329,8,257,21,43,38,38,186,69,68,204,32,35,119,112,162,174,186,173,320,43,40,164,186,209,150,87,344,31,103,45,188,33,144,69,269,360,244,241,41,101,249,253,,,357,218,,400,285,42,320,113,237,208,232,240,277,115,139,343,352,352,281,273,142,247,199,233,223,136,341,,154,,340,264,392,380,382,278,288,187,369,414,416,265,416,354,290,400,288,319,379,372,346,358,362,404,404,155,328,188,341,103,338,144,400,371,111,273,358,330,221,180,91,,,119,349,,39,285,374,190,348,271,278,231,175,78,7,403,412,206,113,99,159,93,154,119,123,330,317,199,68,,360,,99,b'\x11\xe8\xe1I\xeb\x84 <\x9a\xbe\x12\xdf\x17\xaeN\x1e'
11E8E149-EB88-B016-9ABE-12DF17AE4E1E,2018-ncaa-d3-conf-C2C,ncaa,4,4,1,4,3,4,6,9,4,6,8,5,4,7,1,6,3,3,4,3,1,8,6,3,2,4,3,5,2,8,5,1,3,4,2,6,7,8,8,7,8,9,6,6,,,7,6,,,5,4,9,9,5,8,10,7,9,5,7,3,4,4,10,10,9,1,5,7,8,10,7,,5,,,5,5,4,8,1,4,7,2,8,10,2,10,5,5,6,5,6,8,7,1,1,4,8,9,6,7,3,1,5,3,2,3,7,8,9,7,7,7,2,2,,,3,2,,,5,7,4,4,4,4,4,5,3,3,7,9,3,3,3,4,2,5,1,2,3,10,5,1,,5,,,b'\x11\xe8\xe1I\xeb\x88\xb0\x16\x9a\xbe\x12\xdf\x17\xaeN\x1e'
11E8E149-EB88-B016-9ABE-12DF17AE4E1E,2018-ncaa-d3-conf-CAC,ncaa,4,4,1,4,3,4,6,9,4,6,8,5,4,7,1,6,3,3,4,3,1,8,6,3,2,4,3,5,2,8,5,1,3,4,2,6,7,8,8,7,8,9,6,6,,,7,6,,,5,4,9,9,5,8,10,7,9,5,7,3,4,4,10,10,9,1,5,7,8,10,7,,5,,,5,5,4,8,1,4,7,2,8,10,2,10,5,5,6,5,6,8,7,1,1,4,8,9,6,7,3,1,5,3,2,3,7,8,9,7,7,7,2,2,,,3,2,,,5,7,4,4,4,4,4,5,3,3,7,9,3,3,3,4,2,5,1,2,3,10,5,1,,5,,,b'\x11\xe8\xe1I\xeb\x88\xb0\x16\x9a\xbe\x12\xdf\x17\xaeN\x1e'
11E8E149-EB88-B016-9ABE-12DF17AE4E1E,2018-ncaa-d3-natl,ncaa,179,223,68,209,122,218,263,337,169,281,322,209,178,243,84,199,84,87,182,82,17,298,205,140,114,234,91,162,50,268,190,95,208,159,138,237,200,406,406,353,285,327,233,242,,,351,346,,,221,176,345,439,300,355,434,359,408,210,303,111,118,120,423,374,345,144,263,309,366,345,270,,292,,,221,207,150,288,78,158,228,118,237,337,68,298,337,363,129,361,351,316,296,79,91,161,323,242,353,327,208,83,190,160,138,182,210,217,267,214,384,374,40,69,,,111,73,,,221,268,262,183,218,115,93,155,98,120,191,280,282,315,317,179,126,255,30,86,129,305,335,23,,167,,,b'\x11\xe8\xe1I\xeb\x88\xb0\x16\x9a\xbe\x12\xdf\x17\xaeN\x1e'
11E8E149-EB88-B016-9ABE-12DF17AE4E1E,2019-ncaa-d3-conf-C2C,ncaa,4,4,3,4,3,5,6,8,2,4,5,2,8,8,4,7,2,2,2,2,1,8,7,2,2,4,6,8,1,8,3,2,1,4,2,6,5,7,8,8,8,8,7,5,,,4,6,,,3,6,8,1,7,7,8,5,7,8,8,1,2,2,8,8,8,1,3,7,8,8,7,,4,,,3,1,2,3,1,1,1,2,6,7,2,8,4,4,2,4,5,3,2,2,1,2,8,8,4,1,1,1,3,1,2,1,2,8,7,3,6,7,1,2,,,3,1,,,3,3,5,2,2,1,1,2,1,1,5,8,4,4,4,2,1,1,1,1,1,7,6,1,,1,,,b'\x11\xe8\xe1I\xeb\x88\xb0\x16\x9a\xbe\x12\xdf\x17\xaeN\x1e'
11E8E149-EB88-B016-9ABE-12DF17AE4E1E,2019-ncaa-d3-conf-CAC,ncaa,4,4,3,4,3,5,6,8,2,4,5,2,8,8,4,7,2,2,2,2,1,8,7,2,2,4,6,8,1,8,3,2,1,4,2,6,5,7,8,8,8,8,7,5,,,4,6,,,3,6,8,1,7,7,8,5,7,8,8,1,2,2,8,8,8,1,3,7,8,8,7,,4,,,3,1,2,3,1,1,1,2,6,7,2,8,4,4,2,4,5,3,2,2,1,2,8,8,4,1,1,1,3,1,2,1,2,8,7,3,6,7,1,2,,,3,1,,,3,3,5,2,2,1,1,2,1,1,5,8,4,4,4,2,1,1,1,1,1,7,6,1,,1,,,b'\x11\xe8\xe1I\xeb\x88\xb0\x16\x9a\xbe\x12\xdf\x17\xaeN\x1e'
11E8E149-EB88-B016-9ABE-12DF17AE4E1E,2019-ncaa-d3-natl,ncaa,169,219,67,197,77,228,259,362,109,194,241,141,356,392,188,383,40,38,194,36,19,308,209,158,109,243,270,384,11,314,231,48,54,127,60,223,186,412,415,361,305,331,177,132,,,340,352,,,155,169,373,43,315,351,436,249,336,387,415,51,51,47,423,379,372,68,196,295,386,356,203,,267,,,159,93,67,198,29,28,88,43,340,401,100,406,243,271,116,267,363,198,240,52,56,63,420,404,321,162,54,90,231,110,60,69,175,147,151,83,377,373,130,144,,,26,2,,,155,272,272,54,158,42,27,70,10,22,279,359,180,205,201,71,76,104,38,44,46,207,330,90,,22,,,b'\x11\xe8\xe1I\xeb\x88\xb0\x16\x9a\xbe\x12\xdf\x17\xaeN\x1e'
11E8E149-EB88-B016-9ABE-12DF17AE4E1E,2020-ncaa-d3-conf-C2C,ncaa,3,2,4,3,4,5,5,6,3,5,6,2,4,4,4,3,5,5,6,5,3,6,6,3,3,4,5,4,4,5,5,4,2,5,4,5,5,3,4,5,6,3,4,3,,,2,4,,,4,6,6,1,5,5,6,4,5,4,4,5,4,4,6,6,5,2,5,5,4,5,4,,3,,,4,1,1,2,1,1,1,3,3,4,1,6,1,1,5,1,4,1,1,2,2,2,6,5,4,2,2,2,5,2,4,1,3,5,3,3,4,4,3,3,,,5,2,,,4,1,5,2,4,1,1,3,1,1,4,5,2,2,1,2,1,2,3,2,1,4,4,3,,3,,,b'\x11\xe8\xe1I\xeb\x88\xb0\x16\x9a\xbe\x12\xdf\x17\xaeN\x1e'
11E8E149-EB88-B016-9ABE-12DF17AE4E1E,2020-ncaa-d3-conf-CAC,ncaa,3,2,4,3,4,5,5,6,3,5,6,2,4,4,4,3,5,5,6,5,3,6,6,3,3,4,5,4,4,5,5,4,2,5,4,5,5,3,4,5,6,3,4,3,,,2,4,,,4,6,6,1,5,5,6,4,5,4,4,5,4,4,6,6,5,2,5,5,4,5,4,,3,,,4,1,1,2,1,1,1,3,3,4,1,6,1,1,5,1,4,1,1,2,2,2,6,5,4,2,2,2,5,2,4,1,3,5,3,3,4,4,3,3,,,5,2,,,4,1,5,2,4,1,1,3,1,1,4,5,2,2,1,2,1,2,3,2,1,4,4,3,,3,,,b'\x11\xe8\xe1I\xeb\x88\xb0\x16\x9a\xbe\x12\xdf\x17\xaeN\x1e'
11E8E149-EB88-B016-9ABE-12DF17AE4E1E,2020-ncaa-d3-natl,ncaa,118,111,126,118,144,220,219,304,129,163,192,157,311,354,158,340,139,188,79,187,228,286,259,159,143,190,303,335,129,263,232,96,53,167,110,248,299,288,334,303,234,215,204,175,,,293,353,,,117,254,350,91,252,257,377,179,229,323,367,154,231,227,361,337,300,98,191,277,277,258,222,,282,,,118,57,31,93,44,43,91,56,146,192,92,278,277,290,226,278,349,100,140,49,75,61,367,274,380,110,53,158,232,127,110,80,228,159,108,80,253,277,248,238,,,102,57,,,117,171,215,50,118,36,21,48,27,53,129,173,260,258,256,56,80,95,125,104,78,167,239,237,,117,,,b'\x11\xe8\xe1I\xeb\x88\xb0\x16\x9a\xbe\x12\xdf\x17\xaeN\x1e'
11E8E149-EB88-B016-9ABE-12DF17AE4E1E,2022-ncaa-d3-conf-C2C,ncaa,3,7,2,5,2,2,2,2,3,2,2,3,2,2,6,4,2,2,5,2,1,2,2,3,3,5,5,5,3,2,5,2,2,2,3,2,6,7,6,6,3,4,2,1,,,6,6,,,5,2,5,2,5,5,5,5,6,6,5,4,3,3,5,5,5,3,3,6,6,4,2,,6,,,5,6,6,6,3,6,6,3,7,6,4,2,6,6,1,6,6,6,6,3,3,3,5,2,5,6,2,6,5,6,3,7,5,2,4,4,7,6,6,5,,,2,2,,,5,6,5,3,5,2,2,3,4,4,2,3,5,6,6,3,3,2,4,2,4,3,6,3,,3,,,b'\x11\xe8\xe1I\xeb\x88\xb0\x16\x9a\xbe\x12\xdf\x17\xaeN\x1e'
11E8E149-EB88-B016-9ABE-12DF17AE4E1E,2022-ncaa-d3-natl,ncaa,116,129,107,125,148,155,173,240,99,112,129,129,319,353,203,378,44,43,185,37,90,205,181,146,119,172,316,375,47,138,60,155,179,146,89,237,359,305,290,295,330,371,42,35,,,399,412,,,159,201,309,198,183,195,349,113,161,348,385,52,59,56,285,270,163,219,199,289,258,375,38,,385,,,160,209,125,165,130,176,216,117,85,117,107,74,412,416,162,417,407,234,224,105,150,167,287,60,419,230,179,103,60,137,89,155,196,190,207,139,304,283,336,293,,,30,18,,,159,228,160,158,159,128,76,66,120,152,46,55,392,399,400,144,126,177,39,74,110,230,264,322,,28,,,b'\x11\xe8\xe1I\xeb\x88\xb0\x16\x9a\xbe\x12\xdf\x17\xaeN\x1e'
11E8E149-EB88-B016-9ABE-12DF17AE4E1E,2023-ncaa-d3-conf-C2C,ncaa,2,6,1,3,1,2,2,2,3,2,1,3,4,2,6,5,1,1,4,1,4,2,2,4,4,4,7,6,3,1,1,2,3,1,2,2,5,7,3,4,2,4,2,2,,,7,6,,,3,2,6,2,4,3,3,3,2,6,5,2,2,2,3,4,1,3,1,3,4,5,3,,6,,,3,7,7,7,2,7,6,4,6,7,2,5,7,7,3,7,7,7,6,2,2,2,6,4,5,7,3,7,1,7,2,5,1,2,3,2,7,4,7,4,,,2,4,,,3,6,3,2,3,2,2,2,2,1,3,4,6,5,5,2,1,3,2,2,1,3,5,4,,3,,,b'\x11\xe8\xe1I\xeb\x88\xb0\x16\x9a\xbe\x12\xdf\x17\xaeN\x1e'
11E8E149-EB88-B016-9ABE-12DF17AE4E1E,2023-ncaa-d3-natl,ncaa,37,62,13,60,17,35,30,59,25,15,29,32,251,275,221,360,40,44,110,43,226,52,35,57,49,80,384,382,179,66,58,119,249,89,116,29,149,358,229,122,46,75,113,112,,,415,398,,,35,33,253,97,85,65,209,34,84,341,358,95,124,133,196,193,145,346,256,67,236,94,163,,359,,,39,206,111,219,56,156,223,100,77,214,12,153,415,416,275,415,407,301,388,39,95,35,308,58,423,317,249,178,58,239,116,74,88,18,21,5,336,231,134,30,,,9,26,,,35,391,74,37,41,48,16,22,47,54,26,82,378,372,366,47,176,176,32,69,27,37,233,56,,40,,,b'\x11\xe8\xe1I\xeb\x88\xb0\x16\x9a\xbe\x12\xdf\x17\xaeN\x1e'
11E8E149-EB88-B016-9ABE-12DF17AE4E1E,2024-ncaa-d3-conf-C2C,ncaa,2,4,2,2,2,2,2,2,2,2,2,2,3,4,5,6,2,3,3,3,5,2,3,2,2,3,6,6,4,3,4,2,3,2,3,2,4,4,3,3,2,3,2,3,,,5,6,,,3,3,6,1,3,2,4,2,2,6,6,3,4,3,4,5,5,2,3,4,3,3,4,,6,,,3,4,3,4,2,3,4,2,4,6,2,3,6,5,5,6,6,4,4,2,2,3,6,3,6,4,3,4,4,4,3,3,1,2,2,1,5,3,4,1,,,2,1,,,3,4,3,3,3,3,1,2,2,1,3,3,6,5,6,3,2,3,2,2,1,2,3,2,,2,,,b'\x11\xe8\xe1I\xeb\x88\xb0\x16\x9a\xbe\x12\xdf\x17\xaeN\x1e'
11E8E149-EB88-B016-9ABE-12DF17AE4E1E,2024-ncaa-d3-natl,ncaa,129,87,296,109,308,221,201,251,148,106,79,184,389,402,321,412,132,170,124,165,285,244,275,221,195,200,401,412,107,145,63,302,83,237,78,188,163,160,196,168,74,35,200,98,,,307,398,,,67,304,219,115,182,143,154,46,38,387,408,85,115,110,132,148,82,248,151,139,212,49,188,,366,,,51,21,9,29,13,12,19,29,48,131,13,320,354,304,391,306,419,34,90,14,56,20,416,199,427,47,83,50,63,38,78,11,192,58,12,5,73,92,145,75,,,111,40,,,67,116,165,13,52,18,6,13,4,8,59,179,389,353,356,30,144,60,99,62,21,25,108,180,,33,,,b'\x11\xe8\xe1I\xeb\x88\xb0\x16\x9a\xbe\x12\xdf\x17\xaeN\x1e'
11E8E149-EB88-B016-9ABE-12DF17AE4E1E,2025-ncaa-d3-conf-C2C,genius_ncaa,2,5,2,3,2,2,2,2,4,2,2,3,3,3,5,6,2,2,5,2,3,2,2,4,4,4,6,6,2,2,3,2,3,2,3,2,5,5,4,5,2,4,3,3,,,6,5,,4,4,2,3,2,4,3,4,3,1,6,6,2,3,3,4,3,2,3,3,4,5,4,3,,5,,5,3,5,4,5,3,4,4,2,5,5,4,3,6,5,6,5,5,5,5,3,4,2,5,3,6,5,3,5,3,5,3,4,1,2,3,2,6,5,6,3,,,2,2,,1,4,5,4,3,3,3,2,2,2,2,3,3,5,5,5,2,3,3,4,3,1,3,5,5,,2,,1,b'\x11\xe8\xe1I\xeb\x88\xb0\x16\x9a\xbe\x12\xdf\x17\xaeN\x1e'
11E8E149-EB88-B016-9ABE-12DF17AE4E1E,2025-ncaa-d3-natl,genius_ncaa,250,319,55,289,97,328,333,192,388,270,127,380,379,305,409,339,158,94,350,86,143,167,98,397,396,390,326,379,26,90,177,150,212,117,229,284,120,389,352,352,211,259,149,143,,,408,404,,180,310,109,229,258,389,388,317,326,183,396,348,210,127,122,288,177,120,256,172,343,341,271,184,,391,,162,305,146,80,139,82,80,157,59,185,167,250,172,366,387,84,385,380,198,300,89,118,65,360,220,392,252,212,364,177,343,229,71,120,53,51,26,304,251,403,371,,,8,11,,21,310,296,381,72,310,68,43,42,45,70,133,94,327,352,351,77,163,185,286,255,47,68,251,386,,9,,20,b'\x11\xe8\xe1I\xeb\x88\xb0\x16\x9a\xbe\x12\xdf\x17\xaeN\x1e'
11E8E149-EB88-B016-9ABE-12DF17AE4E1E,2026-ncaa-d3-natl,genius_ncaa,288,397,8,341,21,135,148,85,319,174,68,363,110,153,96,289,78,27,381,28,97,71,39,300,308,332,115,146,144,148,346,7,181,25,247,118,132,393,344,321,316,408,249,351,,,377,225,,130,369,27,209,113,353,357,364,364,277,243,317,251,129,122,341,266,324,64,172,295,319,406,341,,212,,79,330,389,387,402,177,378,396,196,382,397,193,278,359,378,149,374,186,400,388,194,175,286,222,269,176,376,181,398,346,393,247,390,276,211,389,376,382,325,380,321,,,12,55,,123,369,386,344,288,343,270,276,323,243,270,285,322,216,232,216,317,212,261,306,296,304,387,302,299,,92,,214,b'\x11\xe8\xe1I\xeb\x88\xb0\x16\x9a\xbe\x12\xdf\x17\xaeN\x1e'
11E8E149-EB8D-5B48-9ABE-12DF17AE4E1E,2018-ncaa-d3-conf-C2C,ncaa,1,1,1,1,1,3,2,3,1,1,2,1,8,10,5,10,4,5,5,5,9,3,5,1,3,2,9,10,8,3,2,10,6,6,5,2,2,1,2,1,2,2,9,9,,,4,5,,,2,7,10,3,3,2,6,1,4,9,10,5,7,7,5,8,4,10,9,2,1,2,9,,3,,,2,1,1,1,3,1,1,4,1,3,1,8,1,1,4,1,5,1,4,2,2,1,2,3,5,2,6,3,2,2,5,2,6,2,2,2,1,2,8,6,,,5,4,,,2,5,1,2,2,1,1,1,1,1,1,2,1,1,1,1,1,2,2,1,1,2,1,8,,7,,,b'\x11\xe8\xe1I\xeb\x8d[H\x9a\xbe\x12\xdf\x17\xaeN\x1e'
11E8E149-EB8D-5B48-9ABE-12DF17AE4E1E,2018-ncaa-d3-conf-CAC,ncaa,1,1,1,1,1,3,2,3,1,1,2,1,8,10,5,10,4,5,5,5,9,3,5,1,3,2,9,10,8,3,2,10,6,6,5,2,2,1,2,1,2,2,9,9,,,4,5,,,2,7,10,3,3,2,6,1,4,9,10,5,7,7,5,8,4,10,9,2,1,2,9,,3,,,2,1,1,1,3,1,1,4,1,3,1,8,1,1,4,1,5,1,4,2,2,1,2,3,5,2,6,3,2,2,5,2,6,2,2,2,1,2,8,6,,,5,4,,,2,5,1,2,2,1,1,1,1,1,1,2,1,1,1,1,1,2,2,1,1,2,1,8,,7,,,b'\x11\xe8\xe1I\xeb\x8d[H\x9a\xbe\x12\xdf\x17\xaeN\x1e'
11E8E149-EB8D-5B48-9ABE-12DF17AE4E1E,2018-ncaa-d3-natl,ncaa,14,19,17,18,35,67,37,89,21,10,30,36,360,382,199,417,117,122,194,123,329,90,99,62,68,58,428,416,292,97,70,345,339,237,205,30,83,204,116,40,9,6,333,326,,,350,300,,,32,121,408,240,158,84,318,21,84,400,420,223,235,242,312,383,199,442,426,56,71,17,380,,190,,,36,112,112,95,207,152,116,241,113,165,109,217,207,220,171,232,307,103,331,201,202,28,196,163,287,270,339,144,70,179,205,159,232,13,6,11,161,106,378,203,,,95,150,,,32,334,44,29,26,15,20,5,39,11,43,56,91,93,99,6,42,112,15,38,57,18,68,285,,285,,,b'\x11\xe8\xe1I\xeb\x8d[H\x9a\xbe\x12\xdf\x17\xaeN\x1e'
11E8E149-EB8D-5B48-9ABE-12DF17AE4E1E,2019-ncaa-d3-conf-Atlantic East,ncaa,1,1,1,1,4,2,1,3,1,1,1,1,7,7,6,7,1,2,1,2,5,2,5,1,1,1,7,7,1,1,1,3,1,1,1,3,5,1,1,1,2,1,6,5,,,1,1,,,1,6,7,7,2,1,4,1,1,7,7,1,2,2,4,6,2,4,1,3,1,2,6,,1,,,1,1,1,1,1,1,2,1,1,5,1,6,1,1,2,1,1,1,2,1,1,1,6,7,2,1,1,1,1,1,1,1,6,1,1,1,1,2,7,6,,,2,1,,,1,2,1,1,1,1,1,1,1,1,1,4,1,1,1,1,1,1,1,1,1,1,1,7,,2,,,b'\x11\xe8\xe1I\xeb\x8d[H\x9a\xbe\x12\xdf\x17\xaeN\x1e'
11E8E149-EB8D-5B48-9ABE-12DF17AE4E1E,2019-ncaa-d3-natl,ncaa,38,29,67,35,124,95,81,185,38,37,65,65,364,411,142,422,51,125,11,122,276,172,203,74,51,51,404,421,115,134,57,223,118,197,56,96,175,118,109,66,44,23,340,323,,,120,128,,,19,231,394,374,125,110,326,31,82,392,425,72,166,166,298,368,185,342,292,111,64,53,378,,62,,,14,29,33,73,53,36,64,79,139,238,58,360,55,56,163,59,152,57,167,62,53,9,283,335,155,96,118,54,57,53,56,93,324,40,14,26,126,124,387,291,,,104,80,,,19,207,40,11,11,7,11,9,12,15,94,157,33,31,34,5,27,46,15,23,65,40,88,363,,163,,,b'\x11\xe8\xe1I\xeb\x8d[H\x9a\xbe\x12\xdf\x17\xaeN\x1e'
11E8E149-EB8D-5B48-9ABE-12DF17AE4E1E,2020-ncaa-d3-conf-Atlantic East,ncaa,1,1,1,1,2,3,2,4,1,1,1,1,6,6,1,7,2,2,3,2,3,4,4,1,1,1,7,7,4,2,1,4,1,4,1,3,7,3,3,3,3,2,6,6,,,1,2,,,1,6,7,3,3,2,6,1,1,6,6,2,2,2,6,7,2,5,5,3,3,3,7,,1,,,1,1,1,1,1,1,1,1,2,3,1,5,1,1,6,1,1,1,1,1,1,1,4,5,3,1,1,1,1,1,1,1,2,2,1,1,2,3,5,4,,,1,1,,,1,2,1,1,1,1,1,1,1,1,2,2,1,1,1,1,1,1,1,1,1,2,2,5,,1,,,b'\x11\xe8\xe1I\xeb\x8d[H\x9a\xbe\x12\xdf\x17\xaeN\x1e'
11E8E149-EB8D-5B48-9ABE-12DF17AE4E1E,2020-ncaa-d3-natl,ncaa,18,31,7,29,13,34,38,117,13,9,14,51,366,414,59,436,10,8,183,8,121,63,39,47,36,70,411,431,62,33,5,64,88,40,4,109,318,389,289,236,46,66,330,348,,,261,175,,,8,57,352,220,98,93,349,20,59,407,436,29,28,29,269,240,71,240,127,188,264,95,383,,104,,,10,56,74,250,24,109,219,74,82,294,6,302,105,83,299,86,92,216,355,20,19,10,140,174,204,190,88,32,5,63,4,116,200,25,30,21,328,237,347,177,,,11,26,,,8,377,43,9,9,7,10,33,31,47,24,148,30,23,25,13,62,73,3,9,40,68,226,260,,38,,,b'\x11\xe8\xe1I\xeb\x8d[H\x9a\xbe\x12\xdf\x17\xaeN\x1e'
11E8E149-EB8D-5B48-9ABE-12DF17AE4E1E,2021-ncaa-d3-conf-Atlantic East,ncaa,1,1,2,1,2,3,3,4,1,1,4,1,4,5,1,5,2,2,4,2,1,4,4,1,1,2,4,4,2,4,2,1,1,3,1,2,1,4,5,4,2,3,4,4,,,4,4,,,1,4,3,1,3,3,5,1,5,4,5,2,1,1,5,5,5,1,2,2,5,3,4,,4,,,1,2,2,2,1,2,2,1,2,3,1,3,2,3,1,3,2,2,2,1,1,1,3,2,2,2,1,2,2,2,1,2,3,2,3,1,4,5,1,1,,,2,1,,,1,2,2,1,1,1,1,3,1,3,2,3,1,2,2,3,3,2,1,1,1,3,5,1,,1,,,b'\x11\xe8\xe1I\xeb\x8d[H\x9a\xbe\x12\xdf\x17\xaeN\x1e'
11E8E149-EB8D-5B48-9ABE-12DF17AE4E1E,2021-ncaa-d3-natl,ncaa,148,58,220,101,222,222,223,240,19,211,221,81,254,263,10,284,197,194,188,197,36,233,228,50,40,145,247,277,22,245,151,215,107,225,52,209,55,79,273,202,218,130,234,229,,,69,208,,,91,226,182,110,184,192,281,91,143,273,284,45,27,30,274,245,257,64,173,120,262,134,234,,183,,,75,48,48,56,36,48,56,54,46,61,24,132,52,69,5,67,174,58,61,28,16,19,103,98,122,65,107,46,151,50,52,51,210,215,62,62,97,273,53,92,,,208,8,,,91,61,170,20,75,20,31,68,56,92,42,105,51,147,146,71,120,149,9,18,90,82,260,78,,22,,,b'\x11\xe8\xe1I\xeb\x8d[H\x9a\xbe\x12\xdf\x17\xaeN\x1e'
11E8E149-EB8D-5B48-9ABE-12DF17AE4E1E,2022-ncaa-d3-conf-Atlantic East,ncaa,1,1,4,1,5,3,4,6,1,3,5,1,6,7,1,7,2,2,3,2,2,6,6,1,1,2,6,6,1,3,1,4,1,4,1,4,5,5,6,5,5,4,7,7,,,5,7,,,3,7,7,4,3,3,6,2,3,6,7,2,2,2,6,5,3,4,4,4,6,4,7,,7,,,3,2,2,1,5,2,1,5,1,1,5,2,4,4,6,4,6,1,1,5,5,4,5,3,6,1,1,1,1,1,1,2,3,5,2,4,4,5,4,4,,,3,1,,,3,1,2,3,3,2,2,1,2,1,2,1,5,4,5,1,1,1,1,1,3,4,4,4,,1,,,b'\x11\xe8\xe1I\xeb\x8d[H\x9a\xbe\x12\xdf\x17\xaeN\x1e'
11E8E149-EB8D-5B48-9ABE-12DF17AE4E1E,2022-ncaa-d3-natl,ncaa,131,95,250,118,277,241,277,341,179,247,248,243,308,364,105,357,44,38,193,40,25,297,289,202,159,213,184,317,13,155,18,285,74,232,28,261,206,288,336,304,271,234,380,370,,,318,420,,,182,314,324,163,216,301,386,237,234,310,373,18,13,15,309,253,112,276,190,263,313,271,394,,374,,,182,108,97,72,247,125,100,227,110,82,282,145,229,227,248,236,315,78,95,233,250,233,228,171,312,41,74,30,18,28,28,200,312,236,163,231,218,252,318,339,,,51,8,,,182,117,186,180,181,139,127,55,149,118,122,79,267,259,269,71,70,43,14,13,217,225,246,354,,11,,,b'\x11\xe8\xe1I\xeb\x8d[H\x9a\xbe\x12\xdf\x17\xaeN\x1e'
11E8E149-EB8D-5B48-9ABE-12DF17AE4E1E,2023-ncaa-d3-conf-Atlantic East,ncaa,1,1,2,1,2,3,2,5,3,2,2,3,6,6,5,6,2,2,3,2,3,3,3,3,3,4,6,7,2,1,1,2,1,2,1,3,4,7,5,4,3,3,6,5,,,7,7,,,1,4,7,2,3,3,5,2,2,6,6,2,2,2,4,4,2,1,1,4,6,3,6,,7,,,1,1,1,1,1,1,2,2,1,2,1,3,4,7,1,7,7,1,3,1,1,1,6,2,7,1,1,1,1,1,1,1,1,3,2,1,2,2,6,6,,,1,2,,,1,4,3,1,1,1,1,1,1,1,1,2,3,7,6,1,1,1,1,1,1,3,2,5,,2,,,b'\x11\xe8\xe1I\xeb\x8d[H\x9a\xbe\x12\xdf\x17\xaeN\x1e'
11E8E149-EB8D-5B48-9ABE-12DF17AE4E1E,2023-ncaa-d3-natl,ncaa,26,30,33,32,41,111,157,133,184,118,101,187,268,251,287,330,12,10,48,10,42,95,88,217,142,152,216,360,11,28,6,107,57,45,14,172,230,284,197,228,146,148,277,276,,,414,428,,,63,151,397,106,186,263,319,186,209,337,334,13,28,28,247,274,42,260,114,259,171,218,324,,384,,,71,120,75,118,88,81,160,63,139,127,214,135,357,379,120,370,382,159,233,90,126,87,340,183,401,89,57,87,6,71,14,38,50,101,78,17,204,135,426,393,,,6,5,,,63,272,101,66,64,32,14,10,22,45,69,53,290,317,307,17,27,35,11,12,15,170,126,404,,15,,,b'\x11\xe8\xe1I\xeb\x8d[H\x9a\xbe\x12\xdf\x17\xaeN\x1e'
11E8E149-EB8D-5B48-9ABE-12DF17AE4E1E,2024-ncaa-d3-conf-Atlantic East,ncaa,1,1,2,1,3,1,1,3,1,1,3,1,1,3,1,5,2,2,1,2,2,2,2,1,1,1,3,4,2,1,1,1,1,1,1,1,3,2,2,2,1,1,6,6,,,3,5,,,1,3,4,4,1,1,4,1,3,1,4,2,2,2,4,3,2,1,1,1,3,1,6,,3,,,1,1,1,1,1,1,2,2,1,3,1,3,2,2,1,2,5,1,3,1,1,1,2,2,5,1,1,1,1,1,1,1,3,1,1,1,1,1,2,2,,,1,1,,,1,4,1,1,1,1,1,1,1,1,1,2,2,2,2,1,1,1,1,1,1,1,1,2,,1,,,b'\x11\xe8\xe1I\xeb\x8d[H\x9a\xbe\x12\xdf\x17\xaeN\x1e'
11E8E149-EB8D-5B48-9ABE-12DF17AE4E1E,2024-ncaa-d3-natl,ncaa,42,45,38,48,50,64,80,107,70,69,75,85,172,225,85,308,33,84,6,77,176,99,111,80,53,58,262,298,122,115,73,98,24,96,31,73,138,185,121,78,119,119,319,343,,,343,371,,,36,122,354,240,100,121,247,100,166,230,301,63,160,154,232,316,179,227,191,108,93,185,361,,245,,,38,123,118,159,115,188,266,96,72,68,164,57,287,273,278,268,236,176,223,93,118,93,178,78,341,57,24,132,73,78,31,214,293,107,107,140,97,58,305,221,,,66,87,,,36,288,49,58,39,40,34,25,84,125,31,21,200,182,180,26,28,16,25,17,132,209,48,230,,167,,,b'\x11\xe8\xe1I\xeb\x8d[H\x9a\xbe\x12\xdf\x17\xaeN\x1e'
11E8E149-EB8D-5B48-9ABE-12DF17AE4E1E,2025-ncaa-d3-conf-Atlantic East,genius_ncaa,3,2,4,3,4,5,5,6,3,4,6,4,3,5,2,4,2,2,5,2,1,6,5,3,2,4,3,2,2,2,1,2,2,2,2,5,4,6,6,6,6,6,4,3,,,3,3,,6,2,5,5,3,3,4,6,5,4,3,5,2,2,2,4,4,2,1,1,4,6,6,4,,3,,6,2,1,1,3,1,1,2,2,3,5,3,4,2,2,1,2,3,2,2,1,1,2,5,4,4,3,2,1,1,1,2,1,2,5,5,3,5,6,1,1,,,2,1,,2,2,2,3,2,2,2,1,2,1,2,3,5,2,3,2,2,1,3,1,2,1,5,6,1,,1,,2,b'\x11\xe8\xe1I\xeb\x8d[H\x9a\xbe\x12\xdf\x17\xaeN\x1e'
11E8E149-EB8D-5B48-9ABE-12DF17AE4E1E,2025-ncaa-d3-natl,genius_ncaa,274,269,290,283,327,342,329,369,230,306,331,223,305,329,222,255,322,283,366,278,155,364,351,237,261,305,242,229,224,294,210,217,152,257,145,319,237,301,370,344,397,389,196,186,,,140,236,,413,275,357,321,258,351,337,399,303,327,303,318,318,248,249,393,337,275,127,190,317,329,400,180,,188,,416,276,64,121,115,190,181,148,246,73,144,53,209,35,52,42,54,76,84,60,168,113,178,55,144,68,131,152,55,210,67,145,138,188,346,315,287,301,352,252,336,,,259,116,,122,275,63,313,180,274,127,201,211,247,209,114,199,37,69,71,166,103,170,105,131,192,337,328,290,,203,,99,b'\x11\xe8\xe1I\xeb\x8d[H\x9a\xbe\x12\xdf\x17\xaeN\x1e'
11E8E149-EB8D-5B48-9ABE-12DF17AE4E1E,2026-ncaa-d3-natl,genius_ncaa,288,268,215,305,249,258,220,328,41,156,250,37,352,365,258,361,256,178,379,183,127,311,283,82,121,225,388,373,237,348,306,226,277,286,236,263,301,284,364,310,346,371,304,341,,,131,104,,156,296,258,131,113,231,170,365,85,197,356,378,230,113,114,339,224,357,118,247,228,352,355,290,,151,,190,294,221,271,227,312,309,286,280,142,117,226,60,105,133,54,134,63,215,178,280,225,289,33,107,53,255,277,122,306,156,236,232,131,317,352,326,280,349,193,232,,,230,123,,262,296,159,257,304,292,316,358,360,381,387,176,136,101,159,169,343,302,322,119,220,297,318,327,229,,142,,271,b'\x11\xe8\xe1I\xeb\x8d[H\x9a\xbe\x12\xdf\x17\xaeN\x1e'
11E8E149-EB91-F81A-9ABE-12DF17AE4E1E,2018-ncaa-d3-conf-USA South,ncaa,3,3,5,4,5,5,7,8,1,7,12,1,2,5,2,4,6,10,1,10,7,8,10,1,1,1,3,4,11,8,5,8,5,8,4,1,1,4,7,1,9,7,3,4,,,5,4,,,5,13,16,4,4,6,9,8,14,2,4,6,10,10,9,14,7,10,8,1,1,9,3,,1,,,3,7,10,8,11,9,7,11,12,11,11,11,5,4,14,3,4,6,7,12,12,7,7,13,6,4,5,4,5,5,4,7,8,9,7,7,10,11,14,15,,,12,11,,,5,7,1,7,2,5,8,7,7,8,11,10,1,1,1,3,2,3,2,2,6,8,11,14,,13,,,b'\x11\xe8\xe1I\xeb\x91\xf8\x1a\x9a\xbe\x12\xdf\x17\xaeN\x1e'
11E8E149-EB91-F81A-9ABE-12DF17AE4E1E,2018-ncaa-d3-natl,ncaa,114,138,68,134,79,78,106,115,109,167,220,109,38,54,55,86,95,141,68,136,118,113,132,75,66,55,80,81,231,123,128,113,166,111,141,27,9,144,94,25,149,179,68,91,,,211,139,,,114,140,302,89,84,121,179,235,319,44,78,123,191,180,170,264,169,183,169,23,87,185,90,,118,,,120,299,312,329,225,322,317,220,257,268,209,210,255,244,302,236,170,315,316,236,231,228,190,203,210,266,166,224,128,231,141,145,51,157,210,138,315,280,268,280,,,174,251,,,114,314,39,213,110,189,206,199,218,221,201,189,175,156,153,173,176,180,138,146,97,228,265,228,,287,,,b'\x11\xe8\xe1I\xeb\x91\xf8\x1a\x9a\xbe\x12\xdf\x17\xaeN\x1e'
11E8E149-EB91-F81A-9ABE-12DF17AE4E1E,2019-ncaa-d3-conf-USA South,ncaa,6,7,5,7,6,5,6,9,5,13,15,5,1,1,2,2,6,6,1,6,1,10,9,1,1,1,1,1,8,8,10,13,15,11,14,1,1,7,7,1,1,2,4,4,,,4,5,,,4,9,13,8,4,8,11,16,17,1,1,6,8,8,11,13,11,15,15,1,4,2,5,,5,,,4,8,10,8,10,10,6,8,7,7,8,7,6,6,12,5,6,7,11,9,11,3,9,8,9,12,15,7,10,11,14,13,13,1,2,3,10,10,16,18,,,8,7,,,4,10,1,5,4,5,7,5,6,6,7,5,5,4,4,3,7,10,8,9,11,2,11,17,,9,,,b'\x11\xe8\xe1I\xeb\x91\xf8\x1a\x9a\xbe\x12\xdf\x17\xaeN\x1e'
11E8E149-EB91-F81A-9ABE-12DF17AE4E1E,2019-ncaa-d3-natl,ncaa,187,244,67,215,107,93,151,127,210,267,311,211,23,25,88,39,61,110,55,103,49,118,103,125,100,117,18,35,133,175,249,288,358,259,346,73,27,280,213,109,39,48,139,169,,,279,178,,,136,102,187,221,122,207,207,355,389,25,30,92,154,146,177,196,237,400,368,80,205,45,167,,199,,,142,300,306,247,301,329,291,290,187,173,242,142,298,307,182,318,257,265,355,287,281,159,159,135,251,346,358,341,249,351,346,219,112,43,44,60,313,266,387,408,,,149,223,,,136,340,127,168,142,187,200,113,249,189,134,109,235,240,243,126,265,289,247,273,147,43,259,363,,227,,,b'\x11\xe8\xe1I\xeb\x91\xf8\x1a\x9a\xbe\x12\xdf\x17\xaeN\x1e'
11E8E149-EB91-F81A-9ABE-12DF17AE4E1E,2020-ncaa-d3-conf-USA South,ncaa,5,5,5,5,7,6,8,9,1,7,12,1,3,6,2,6,8,7,8,8,4,9,9,1,1,2,6,6,14,10,8,8,12,9,8,1,1,9,12,3,3,2,5,4,,,9,9,,,4,7,15,10,6,6,14,8,15,4,7,9,9,9,15,16,12,14,14,1,10,3,6,,5,,,4,6,2,10,3,4,7,5,11,15,3,13,10,11,7,11,11,9,14,5,4,2,12,12,12,13,12,5,8,7,8,3,7,4,3,3,14,14,14,14,,,8,8,,,4,12,3,5,3,4,4,5,4,3,7,9,9,8,8,4,5,11,2,3,3,4,13,12,,12,,,b'\x11\xe8\xe1I\xeb\x91\xf8\x1a\x9a\xbe\x12\xdf\x17\xaeN\x1e'
11E8E149-EB91-F81A-9ABE-12DF17AE4E1E,2020-ncaa-d3-natl,ncaa,79,85,65,88,110,99,108,170,68,178,280,62,45,73,59,88,151,157,194,162,115,173,145,39,45,84,103,83,289,198,187,134,290,159,208,59,43,302,276,120,37,54,116,111,,,168,92,,,84,120,250,295,131,139,289,236,366,50,100,201,225,230,291,274,250,215,250,63,250,60,134,,93,,,83,162,183,264,109,182,212,168,214,320,51,307,153,232,31,230,230,264,347,107,92,57,210,259,178,352,290,192,187,284,208,107,78,54,77,36,365,343,327,343,,,206,257,,,84,320,98,75,80,86,116,152,118,119,164,257,110,173,177,139,215,295,99,185,74,81,324,283,,293,,,b'\x11\xe8\xe1I\xeb\x91\xf8\x1a\x9a\xbe\x12\xdf\x17\xaeN\x1e'
11E8E149-EB91-F81A-9ABE-12DF17AE4E1E,2021-ncaa-d3-conf-USA South,ncaa,3,3,3,3,5,3,4,8,1,6,9,1,1,3,1,2,4,8,1,8,4,8,8,1,1,1,1,1,10,11,7,3,6,7,5,1,1,10,9,1,5,4,1,1,,,13,10,,,2,7,16,9,5,6,14,8,15,1,6,4,12,12,13,16,16,2,10,1,6,6,1,,7,,,2,5,4,11,1,2,9,1,8,12,2,12,8,13,1,13,13,11,11,2,1,3,15,12,10,13,6,3,7,8,5,8,9,5,8,5,12,12,4,6,,,5,5,,,2,10,2,3,2,2,3,5,1,4,4,10,6,7,8,5,3,8,1,2,4,10,9,2,,11,,,b'\x11\xe8\xe1I\xeb\x91\xf8\x1a\x9a\xbe\x12\xdf\x17\xaeN\x1e'
11E8E149-EB91-F81A-9ABE-12DF17AE4E1E,2021-ncaa-d3-natl,ncaa,12,58,32,40,40,20,26,53,5,46,83,7,9,28,6,36,27,43,7,45,63,51,49,3,2,9,35,41,140,77,87,29,163,41,55,7,3,252,199,22,22,37,5,5,,,244,171,,,7,45,157,110,23,46,215,113,261,17,57,53,137,137,213,187,218,49,123,5,180,39,7,,165,,,11,202,187,239,19,181,230,23,203,246,48,190,227,254,13,253,235,239,247,22,17,20,223,181,219,260,163,188,87,221,55,188,141,27,58,36,262,233,152,99,,,42,110,,,7,240,14,22,12,26,24,74,24,57,83,161,128,201,198,98,159,203,13,49,44,59,221,54,,132,,,b'\x11\xe8\xe1I\xeb\x91\xf8\x1a\x9a\xbe\x12\xdf\x17\xaeN\x1e'
11E8E149-EB91-F81A-9ABE-12DF17AE4E1E,2022-ncaa-d3-conf-USA South,ncaa,10,9,11,10,11,9,10,13,5,13,15,6,2,5,2,2,12,15,2,15,12,14,14,5,5,5,3,2,13,16,15,8,5,10,7,6,2,3,6,4,14,8,7,5,,,3,3,,,5,13,16,1,6,6,8,14,17,2,3,11,13,13,11,14,17,3,7,4,2,9,6,,3,,,5,6,8,8,2,3,4,5,18,18,12,18,4,3,9,3,6,8,8,8,5,8,18,19,3,7,5,7,15,5,7,12,15,15,15,15,7,13,3,5,,,16,17,,,5,6,6,6,5,5,8,11,3,2,18,18,2,3,3,9,8,7,8,8,13,15,12,4,,16,,,b'\x11\xe8\xe1I\xeb\x91\xf8\x1a\x9a\xbe\x12\xdf\x17\xaeN\x1e'
11E8E149-EB91-F81A-9ABE-12DF17AE4E1E,2022-ncaa-d3-natl,ncaa,210,257,107,241,107,102,117,153,112,165,237,91,72,79,110,95,76,146,14,147,126,153,152,86,71,81,89,113,164,274,310,110,191,168,240,121,167,233,182,144,95,114,180,171,,,195,114,,,120,115,224,8,89,136,190,201,311,75,82,84,169,169,188,211,329,128,230,126,186,110,191,,135,,,124,262,262,310,134,198,197,187,355,399,124,384,220,179,337,174,181,303,314,159,149,166,323,349,179,281,191,289,310,285,240,300,287,154,211,232,287,246,96,109,,,207,277,,,120,305,118,163,136,189,191,281,140,126,323,384,171,133,132,240,248,234,222,226,252,198,249,59,,277,,,b'\x11\xe8\xe1I\xeb\x91\xf8\x1a\x9a\xbe\x12\xdf\x17\xaeN\x1e'
11E8E149-EB91-F81A-9ABE-12DF17AE4E1E,2023-ncaa-d3-conf-CCS,ncaa,5,5,2,5,4,6,6,6,7,6,6,7,5,3,6,2,6,6,2,6,5,6,5,7,7,7,4,5,3,4,4,4,4,5,5,4,2,5,6,6,4,3,4,3,,,2,2,,,6,5,7,5,6,6,6,6,6,5,3,6,6,6,6,5,4,3,5,6,6,3,5,,2,,,6,4,4,3,5,1,1,7,9,9,7,9,2,2,2,2,7,3,6,6,5,4,9,9,2,4,4,5,4,5,5,8,9,4,3,7,6,6,7,9,,,6,4,,,6,6,7,5,5,2,3,3,1,1,9,9,2,2,2,2,2,5,5,4,8,5,6,7,,6,,,b'\x11\xe8\xe1I\xeb\x91\xf8\x1a\x9a\xbe\x12\xdf\x17\xaeN\x1e'
11E8E149-EB91-F81A-9ABE-12DF17AE4E1E,2023-ncaa-d3-natl,ncaa,228,269,109,252,152,265,273,232,324,253,242,264,268,175,377,189,144,131,224,132,99,218,162,331,309,320,198,269,69,92,82,191,237,145,142,257,183,343,322,316,102,100,249,191,,,136,112,,,235,212,292,249,320,339,308,297,302,301,208,156,146,149,290,224,98,248,170,290,302,117,272,,87,,,235,155,139,178,133,52,41,258,390,419,152,423,111,130,112,132,303,156,225,211,182,119,407,417,125,257,237,173,82,202,142,371,427,107,82,261,352,326,245,273,,,131,136,,,235,216,293,142,235,109,109,115,41,15,370,404,79,93,93,92,154,217,120,155,327,108,317,217,,146,,,b'\x11\xe8\xe1I\xeb\x91\xf8\x1a\x9a\xbe\x12\xdf\x17\xaeN\x1e'
11E8E149-EB91-F81A-9ABE-12DF17AE4E1E,2024-ncaa-d3-conf-CCS,ncaa,2,4,1,3,3,3,3,4,5,4,3,6,4,3,7,7,2,3,4,4,5,4,2,6,5,3,5,6,2,2,2,3,1,3,2,4,6,7,5,6,3,2,8,8,,,9,9,,,4,3,8,6,5,6,6,6,5,5,6,3,5,5,6,7,5,7,5,6,4,4,8,,8,,,4,7,7,5,7,7,6,7,5,5,6,5,8,8,5,8,9,6,6,7,8,6,4,4,8,1,1,6,2,5,2,7,6,2,1,4,6,4,9,8,,,1,1,,,4,7,4,4,4,3,3,1,4,1,2,1,7,7,7,1,1,1,2,1,5,5,2,9,,2,,,b'\x11\xe8\xe1I\xeb\x91\xf8\x1a\x9a\xbe\x12\xdf\x17\xaeN\x1e'
11E8E149-EB91-F81A-9ABE-12DF17AE4E1E,2024-ncaa-d3-natl,ncaa,184,206,112,192,193,220,258,189,325,225,181,296,289,212,378,261,47,57,92,61,75,158,142,340,293,285,185,319,28,65,59,299,193,179,141,286,325,277,245,312,133,125,343,334,,,395,408,,,231,196,263,387,265,302,221,258,194,315,249,46,61,65,182,169,58,364,207,329,252,145,363,,389,,,231,228,141,76,291,180,118,285,128,99,256,126,403,408,212,406,417,139,178,275,323,267,303,103,409,124,193,186,59,161,141,231,312,111,85,156,198,154,353,320,,,92,94,,,231,214,251,231,236,176,116,32,143,72,104,67,399,404,402,73,111,99,140,115,211,130,165,336,,86,,,b'\x11\xe8\xe1I\xeb\x91\xf8\x1a\x9a\xbe\x12\xdf\x17\xaeN\x1e'
11E8E149-EB91-F81A-9ABE-12DF17AE4E1E,2025-ncaa-d3-conf-CCS,genius_ncaa,4,4,4,4,4,6,5,6,1,2,4,1,8,8,8,8,8,9,5,9,9,6,9,1,2,4,9,9,9,8,3,8,4,8,3,4,2,3,6,4,6,4,7,7,,,5,7,,4,4,9,9,3,6,4,7,2,4,8,8,8,9,9,8,9,8,8,8,3,5,7,8,,5,,4,4,2,1,1,4,1,1,6,5,6,3,9,3,3,6,3,5,1,1,4,4,4,9,8,5,1,4,1,3,1,3,2,7,7,3,4,3,6,6,4,,,9,7,,6,4,1,4,4,4,2,1,1,1,1,6,6,3,3,3,1,1,2,1,1,2,7,4,6,,9,,6,b'\x11\xe8\xe1I\xeb\x91\xf8\x1a\x9a\xbe\x12\xdf\x17\xaeN\x1e'
11E8E149-EB91-F81A-9ABE-12DF17AE4E1E,2025-ncaa-d3-natl,genius_ncaa,234,269,116,249,139,197,158,233,94,77,111,85,372,361,376,371,216,211,209,211,298,227,179,172,172,238,404,399,225,262,200,306,258,294,226,101,68,323,315,203,72,67,278,240,,,292,297,,286,225,153,213,154,239,178,294,56,117,385,379,239,243,243,303,235,298,387,370,93,294,77,296,,273,,280,225,213,158,122,236,109,64,291,295,326,203,367,298,293,227,299,370,147,238,274,282,184,351,319,295,195,258,85,200,116,226,282,341,82,67,148,286,282,325,258,,,266,305,,155,225,253,253,168,234,172,128,78,91,34,268,302,292,284,291,100,171,149,65,86,253,79,258,313,,326,,178,b'\x11\xe8\xe1I\xeb\x91\xf8\x1a\x9a\xbe\x12\xdf\x17\xaeN\x1e'
11E8E149-EB91-F81A-9ABE-12DF17AE4E1E,2026-ncaa-d3-natl,genius_ncaa,288,68,400,194,401,397,393,403,76,392,399,81,363,395,88,205,405,399,382,398,189,403,403,75,120,196,263,174,351,399,135,404,114,400,105,368,56,25,332,190,396,238,230,12,,,23,373,,75,214,405,225,113,214,169,324,159,279,176,254,340,238,252,327,254,273,307,311,63,304,248,30,,341,,222,208,10,7,10,254,10,10,304,29,25,203,356,23,18,274,16,340,10,11,279,304,254,332,304,292,11,114,10,135,9,105,25,353,395,130,239,32,291,33,221,,,402,226,,323,214,12,215,212,205,204,155,99,120,50,272,302,293,261,236,113,128,70,30,34,288,153,274,188,,256,,217,b'\x11\xe8\xe1I\xeb\x91\xf8\x1a\x9a\xbe\x12\xdf\x17\xaeN\x1e'
11E8E149-EB96-7462-9ABE-12DF17AE4E1E,2018-ncaa-d3-conf-CSAC,ncaa,4,4,2,4,2,2,3,2,2,4,6,1,1,1,2,1,8,8,7,8,7,3,3,1,1,1,3,1,12,3,6,1,1,2,1,1,1,7,4,1,5,8,10,11,,,8,4,,,4,3,5,5,3,3,3,4,9,1,1,9,10,9,3,3,5,1,1,1,6,8,11,,4,,,4,7,7,12,4,6,10,4,9,10,4,9,10,9,10,10,8,11,10,4,4,5,7,7,7,4,1,9,6,7,1,9,8,6,9,8,5,3,10,10,,,4,7,,,4,10,1,4,4,5,4,8,4,5,7,8,7,5,5,8,5,3,5,4,7,9,4,8,,8,,,b'\x11\xe8\xe1I\xeb\x96tb\x9a\xbe\x12\xdf\x17\xaeN\x1e'
11E8E149-EB96-7462-9ABE-12DF17AE4E1E,2018-ncaa-d3-natl,ncaa,151,223,43,198,59,62,65,52,155,171,187,182,11,15,36,37,244,203,304,212,261,65,70,82,112,108,50,22,412,87,161,17,71,33,84,24,31,286,152,56,309,378,346,381,,,346,262,,,156,62,196,303,99,111,112,282,336,13,32,342,315,326,140,175,150,25,55,36,170,381,382,,226,,,160,393,355,409,148,289,343,153,400,419,219,344,369,367,233,376,310,416,360,178,180,292,362,344,275,250,71,371,161,333,84,426,423,304,405,413,271,169,287,278,,,122,280,,,156,374,110,264,170,241,209,284,160,193,333,361,287,278,289,295,192,133,222,177,347,409,177,218,,264,,,b'\x11\xe8\xe1I\xeb\x96tb\x9a\xbe\x12\xdf\x17\xaeN\x1e'
11E8E149-EB96-7462-9ABE-12DF17AE4E1E,2019-ncaa-d3-conf-Atlantic East,ncaa,3,3,1,3,1,3,3,5,3,3,3,3,5,5,3,6,3,3,5,3,3,4,3,3,3,3,6,6,2,5,7,1,2,3,3,2,1,5,5,3,6,6,3,6,,,2,2,,,3,2,5,1,5,4,5,3,4,5,6,3,3,3,5,5,6,1,3,2,4,6,3,,2,,,3,4,5,7,3,4,7,3,6,6,4,5,2,2,6,2,2,7,6,3,3,3,4,5,1,5,2,4,7,6,3,4,3,6,7,6,5,5,5,4,,,3,2,,,3,6,3,3,3,3,4,6,3,5,6,6,2,2,2,5,3,5,3,3,4,7,5,4,,3,,,b'\x11\xe8\xe1I\xeb\x96tb\x9a\xbe\x12\xdf\x17\xaeN\x1e'
11E8E149-EB96-7462-9ABE-12DF17AE4E1E,2019-ncaa-d3-natl,ncaa,187,244,67,215,105,189,196,197,199,174,140,246,236,294,143,315,149,156,204,154,192,188,167,216,211,225,251,277,137,298,349,41,75,112,182,99,26,296,271,144,311,354,224,276,,,214,151,,,288,134,264,208,272,272,346,229,220,290,352,199,203,201,327,324,358,56,166,113,217,365,259,,143,,,281,370,367,388,228,324,349,189,388,352,343,267,221,249,148,253,165,378,313,250,219,323,256,327,133,214,75,335,349,294,182,369,299,353,407,402,371,351,409,373,,,133,140,,,288,320,255,302,273,263,276,309,244,269,329,293,166,175,182,288,168,139,244,189,303,408,313,386,,205,,,b'\x11\xe8\xe1I\xeb\x96tb\x9a\xbe\x12\xdf\x17\xaeN\x1e'
11E8E149-EB96-7462-9ABE-12DF17AE4E1E,2020-ncaa-d3-conf-Atlantic East,ncaa,5,5,1,5,1,4,4,3,4,4,4,5,4,4,4,5,4,4,5,4,5,3,3,4,4,5,4,4,3,3,4,2,4,2,4,4,2,5,4,5,6,6,3,3,,,2,1,,,5,3,6,2,5,5,4,5,4,5,5,6,6,6,4,5,3,3,2,5,4,6,3,,2,,,5,6,6,6,4,5,5,4,7,7,7,6,2,2,1,2,2,6,5,5,4,6,5,7,1,5,4,4,4,5,4,6,6,6,6,6,5,5,4,5,,,3,4,,,5,5,5,6,5,4,5,5,4,4,6,6,2,2,2,4,3,4,3,5,5,6,5,4,,6,,,b'\x11\xe8\xe1I\xeb\x96tb\x9a\xbe\x12\xdf\x17\xaeN\x1e'
11E8E149-EB96-7462-9ABE-12DF17AE4E1E,2020-ncaa-d3-natl,ncaa,285,306,198,299,217,266,271,200,322,261,187,324,248,220,290,246,208,162,332,149,179,188,159,330,334,332,214,223,163,105,152,192,336,157,268,192,69,317,303,268,190,231,259,274,,,188,128,,,350,179,136,61,273,281,161,268,154,241,217,198,143,125,140,97,100,151,107,163,332,176,255,,218,,,348,375,371,355,294,318,286,271,393,373,369,312,225,264,93,255,208,356,323,321,294,329,284,344,125,372,336,288,152,341,268,402,375,257,328,377,352,332,225,216,,,157,177,,,350,260,316,346,348,369,355,370,317,316,386,364,236,272,264,377,358,365,306,346,387,248,356,239,,115,,,b'\x11\xe8\xe1I\xeb\x96tb\x9a\xbe\x12\xdf\x17\xaeN\x1e'
11E8E149-EB96-7462-9ABE-12DF17AE4E1E,2022-ncaa-d3-conf-Atlantic East,ncaa,5,5,4,5,4,6,5,3,4,2,1,5,7,6,7,6,6,6,5,6,7,5,5,5,6,5,7,7,6,6,5,5,6,6,5,5,7,1,3,4,6,6,4,3,,,4,4,,,6,5,5,1,6,4,3,1,1,7,6,6,6,6,4,4,4,5,6,5,3,6,4,,4,,,6,4,4,3,4,4,4,2,3,3,3,3,5,5,7,4,4,3,4,3,4,6,4,2,4,5,6,3,5,4,5,6,6,6,6,6,2,3,7,7,,,6,6,,,6,3,5,6,6,5,5,5,5,6,4,4,6,6,5,5,6,6,4,5,6,6,3,7,,6,,,b'\x11\xe8\xe1I\xeb\x96tb\x9a\xbe\x12\xdf\x17\xaeN\x1e'
11E8E149-EB96-7462-9ABE-12DF17AE4E1E,2022-ncaa-d3-natl,ncaa,275,234,345,271,348,350,323,264,357,289,224,365,308,273,330,234,393,397,281,395,415,304,340,360,377,333,312,226,385,174,160,334,266,280,262,300,219,38,70,183,308,256,187,114,,,87,190,,,312,370,297,48,324,261,56,227,74,269,198,394,398,397,103,171,61,235,128,250,93,258,119,,175,,,319,114,102,81,227,71,78,155,298,193,394,303,134,93,366,99,238,74,64,269,269,299,359,373,202,156,266,179,160,158,262,341,424,358,306,390,49,119,324,330,,,369,323,,,312,64,298,317,317,278,251,272,166,188,391,313,252,220,224,256,199,273,356,326,375,299,121,401,,319,,,b'\x11\xe8\xe1I\xeb\x96tb\x9a\xbe\x12\xdf\x17\xaeN\x1e'
11E8E149-EB96-7462-9ABE-12DF17AE4E1E,2023-ncaa-d3-conf-Atlantic East,ncaa,6,6,4,6,5,6,6,4,6,5,3,6,5,5,6,5,6,7,6,7,7,5,5,6,6,6,5,4,7,4,4,6,2,4,4,5,3,2,4,5,5,5,3,3,,,1,1,,,6,5,3,5,6,6,2,5,1,5,4,7,7,7,3,3,3,5,4,5,4,5,3,,1,,,6,7,7,4,6,6,3,6,7,3,7,6,1,1,5,1,2,4,4,6,6,6,5,6,1,2,2,6,4,5,4,6,6,5,6,7,5,5,5,5,,,6,7,,,6,3,6,6,6,6,6,6,6,4,6,5,1,1,1,5,3,2,5,5,6,6,6,6,,7,,,b'\x11\xe8\xe1I\xeb\x96tb\x9a\xbe\x12\xdf\x17\xaeN\x1e'
11E8E149-EB96-7462-9ABE-12DF17AE4E1E,2023-ncaa-d3-natl,ncaa,210,223,185,220,240,218,197,161,238,142,84,253,329,318,302,350,235,208,274,203,322,168,201,284,292,253,365,357,211,165,217,137,182,151,210,107,50,126,105,81,244,257,144,173,,,77,52,,,238,217,195,288,221,176,116,103,57,343,335,223,203,192,122,178,149,91,110,83,130,243,142,,52,,,237,230,286,284,233,261,285,168,317,239,382,220,84,96,87,102,78,248,208,251,198,237,195,318,59,233,182,295,217,287,210,369,377,269,291,365,162,150,319,228,,,177,159,,,238,203,236,250,240,248,291,301,256,289,315,230,67,88,93,268,222,229,307,280,353,277,164,330,,136,,,b'\x11\xe8\xe1I\xeb\x96tb\x9a\xbe\x12\xdf\x17\xaeN\x1e'
11E8E149-EB96-7462-9ABE-12DF17AE4E1E,2024-ncaa-d3-conf-Atlantic East,ncaa,5,5,4,5,6,6,6,6,6,6,6,6,3,4,2,2,6,6,6,6,6,6,6,6,6,6,2,1,6,4,3,4,6,5,3,5,1,6,6,5,6,6,5,5,,,2,3,,,6,6,5,4,6,6,5,6,6,3,2,6,6,6,5,5,4,2,4,4,6,6,5,,4,,,6,4,3,4,3,3,4,3,4,4,3,4,4,4,4,4,4,4,1,3,3,6,4,4,3,4,6,3,3,4,3,4,5,6,6,6,5,6,4,5,,,6,6,,,6,1,6,6,6,5,4,6,5,6,4,4,5,5,5,6,3,6,4,5,5,6,6,5,,6,,,b'\x11\xe8\xe1I\xeb\x96tb\x9a\xbe\x12\xdf\x17\xaeN\x1e'
11E8E149-EB96-7462-9ABE-12DF17AE4E1E,2024-ncaa-d3-natl,ncaa,299,297,296,308,328,306,297,319,261,316,315,300,189,228,119,159,349,322,381,326,255,331,329,239,261,288,134,106,308,227,186,219,262,232,202,201,32,230,303,216,411,419,258,293,,,58,82,,,329,351,305,244,304,283,291,315,294,178,199,357,309,314,312,286,197,129,145,164,274,422,250,,73,,,327,221,277,258,253,314,277,287,131,182,93,181,125,108,291,106,88,223,99,212,202,354,62,118,110,254,262,123,186,174,202,339,359,414,420,417,224,281,170,256,,,310,254,,,329,74,274,368,336,303,334,351,345,354,173,258,165,146,144,339,172,303,200,259,355,423,258,206,,290,,,b'\x11\xe8\xe1I\xeb\x96tb\x9a\xbe\x12\xdf\x17\xaeN\x1e'
11E8E149-EB96-7462-9ABE-12DF17AE4E1E,2025-ncaa-d3-conf-Atlantic East,genius_ncaa,4,5,1,5,2,4,4,3,5,5,5,5,1,1,1,1,6,6,3,6,5,4,4,5,5,5,1,1,6,5,5,4,6,4,6,3,2,4,4,3,5,5,3,4,,,6,4,,4,5,3,6,3,6,6,4,6,6,1,1,6,6,6,6,6,5,5,5,3,3,5,3,,4,,4,5,6,6,6,4,6,5,5,2,3,1,2,6,6,5,6,4,6,4,4,4,4,2,2,6,6,6,6,5,6,6,5,4,6,6,6,5,5,4,4,,,6,6,,5,5,4,5,4,5,4,4,6,6,5,2,2,5,6,6,6,2,6,4,5,5,6,5,4,,6,,5,b'\x11\xe8\xe1I\xeb\x96tb\x9a\xbe\x12\xdf\x17\xaeN\x1e'
11E8E149-EB96-7462-9ABE-12DF17AE4E1E,2025-ncaa-d3-natl,genius_ncaa,217,242,116,232,187,241,232,231,241,279,290,209,115,110,164,76,327,336,247,329,277,258,279,201,230,228,123,63,354,338,371,245,345,297,370,113,24,154,184,119,286,320,176,261,,,204,180,,180,289,240,308,391,296,273,291,318,343,117,121,368,372,370,330,375,369,300,373,110,134,326,192,,180,,179,283,274,317,294,268,381,385,240,32,40,75,13,249,264,168,272,150,303,247,184,173,246,19,15,208,350,345,321,371,353,370,350,322,290,337,360,235,266,300,346,,,343,345,,309,289,193,256,286,280,219,271,248,354,369,27,26,234,249,264,254,181,316,290,312,311,335,213,294,,394,,329,b'\x11\xe8\xe1I\xeb\x96tb\x9a\xbe\x12\xdf\x17\xaeN\x1e'
11E8E149-EB96-7462-9ABE-12DF17AE4E1E,2026-ncaa-d3-natl,genius_ncaa,157,132,215,163,229,233,255,279,175,219,226,217,268,321,158,325,145,178,92,173,143,281,288,195,168,165,230,300,81,371,398,312,281,348,355,186,82,120,172,127,158,117,283,262,,,157,184,,197,232,261,178,35,185,216,264,159,144,272,326,78,113,106,223,260,388,318,376,132,153,108,280,,201,,234,232,191,162,145,236,118,128,127,322,199,396,285,209,194,234,200,296,153,159,296,289,255,379,373,238,164,281,196,398,185,355,302,400,204,145,286,117,149,368,395,,,219,83,,262,232,157,220,249,233,274,226,203,126,159,378,285,274,263,276,212,255,221,294,267,353,121,140,399,,124,,271,b'\x11\xe8\xe1I\xeb\x96tb\x9a\xbe\x12\xdf\x17\xaeN\x1e'
11E8E149-EB9B-3F92-9ABE-12DF17AE4E1E,2018-ncaa-d3-conf-Centennial,ncaa,5,5,6,5,11,8,8,8,8,10,11,8,4,4,4,2,8,7,7,7,5,8,11,7,7,5,1,1,5,10,11,11,10,11,11,8,9,1,1,5,1,1,11,11,,,9,10,,,5,11,10,11,8,8,6,10,10,4,2,6,6,6,6,10,10,11,11,8,1,1,11,,10,,,5,2,1,1,8,3,1,8,1,2,3,4,4,6,2,6,8,1,1,8,6,4,7,3,8,8,10,11,11,10,11,6,10,1,1,1,1,1,5,8,,,5,1,,,5,1,6,4,5,3,2,1,4,1,1,3,6,6,6,1,3,9,11,10,7,1,1,5,,2,,,b'\x11\xe8\xe1I\xeb\x9b?\x92\x9a\xbe\x12\xdf\x17\xaeN\x1e'
11E8E149-EB9B-3F92-9ABE-12DF17AE4E1E,2018-ncaa-d3-natl,ncaa,218,223,197,227,295,285,276,227,314,301,259,338,172,184,167,154,326,310,299,318,322,253,369,293,307,187,157,113,333,331,396,409,372,399,418,311,329,10,3,51,88,49,336,319,,,204,325,,,147,365,414,409,299,290,194,325,253,158,167,347,336,349,237,419,351,436,433,334,2,73,350,,215,,,141,32,45,39,172,92,82,195,24,44,62,109,98,128,86,127,247,34,81,131,118,48,107,72,267,190,372,363,396,310,418,92,294,96,33,70,8,1,297,329,,,221,75,,,147,77,214,70,139,34,40,20,101,77,23,36,102,126,127,19,51,203,367,328,117,66,2,315,,224,,,b'\x11\xe8\xe1I\xeb\x9b?\x92\x9a\xbe\x12\xdf\x17\xaeN\x1e'
11E8E149-EB9B-3F92-9ABE-12DF17AE4E1E,2019-ncaa-d3-conf-Centennial,ncaa,8,8,6,8,10,8,9,9,7,9,10,8,6,7,6,6,8,8,6,8,6,10,10,7,7,7,3,6,5,9,9,11,10,10,10,8,5,3,5,7,5,4,10,7,,,10,11,,,8,11,6,8,8,9,7,8,8,6,5,7,7,7,9,9,9,11,10,8,5,3,9,,10,,,8,6,5,1,9,5,2,9,8,6,7,10,8,7,10,7,11,2,4,9,9,8,10,8,9,7,10,8,9,8,10,8,9,2,2,7,4,6,7,8,,,4,2,,,8,2,8,8,8,7,6,4,5,2,8,8,9,8,8,4,6,9,8,9,8,2,5,7,,3,,,b'\x11\xe8\xe1I\xeb\x9b?\x92\x9a\xbe\x12\xdf\x17\xaeN\x1e'
11E8E149-EB9B-3F92-9ABE-12DF17AE4E1E,2019-ncaa-d3-natl,ncaa,206,219,215,219,281,302,310,302,318,352,323,344,145,164,140,121,290,300,240,294,198,303,360,284,289,233,75,75,246,354,378,358,294,372,378,242,114,34,69,106,259,232,265,184,,,220,333,,,212,348,382,295,324,339,315,379,339,128,145,296,296,293,328,411,359,403,412,227,32,267,263,,242,,,212,90,79,62,179,60,47,233,206,243,183,354,234,189,366,184,337,65,92,218,252,184,354,297,317,171,294,292,378,248,378,170,334,164,100,148,61,121,358,387,,,242,101,,,212,94,252,185,211,113,87,49,82,36,217,252,247,201,196,51,70,182,323,281,182,144,70,368,,225,,,b'\x11\xe8\xe1I\xeb\x9b?\x92\x9a\xbe\x12\xdf\x17\xaeN\x1e'
11E8E149-EB9B-3F92-9ABE-12DF17AE4E1E,2020-ncaa-d3-conf-Centennial,ncaa,9,9,6,9,6,8,8,3,8,7,8,7,5,4,7,4,10,11,8,11,11,8,8,7,8,9,7,6,11,3,3,11,8,10,8,7,7,4,6,6,3,1,11,11,,,10,11,,,9,11,9,2,8,6,1,6,5,5,4,10,11,11,5,5,2,11,10,6,7,1,11,,11,,,9,4,4,1,10,7,1,10,2,2,5,4,9,9,4,9,9,1,1,10,9,8,6,2,10,5,8,7,3,3,8,2,3,2,2,2,2,4,5,5,,,11,11,,,9,1,7,7,9,6,6,1,7,2,2,2,10,9,9,3,3,5,7,6,4,2,3,5,,11,,,b'\x11\xe8\xe1I\xeb\x9b?\x92\x9a\xbe\x12\xdf\x17\xaeN\x1e'
11E8E149-EB9B-3F92-9ABE-12DF17AE4E1E,2020-ncaa-d3-natl,ncaa,263,275,198,276,213,322,306,224,344,295,247,327,262,187,353,157,373,381,263,382,390,264,335,346,354,314,262,190,360,114,141,398,312,320,304,288,248,51,90,191,100,41,344,316,,,387,434,,,229,376,425,42,348,322,193,309,227,256,169,393,397,400,257,336,107,428,339,304,59,88,347,,400,,,230,45,33,20,266,107,70,276,10,16,54,25,343,357,172,351,401,29,55,200,253,145,125,10,421,128,312,239,141,183,304,27,53,146,49,26,46,79,233,247,,,407,413,,,229,51,273,159,238,58,43,4,132,66,7,9,350,363,360,12,35,147,249,216,26,119,54,248,,425,,,b'\x11\xe8\xe1I\xeb\x9b?\x92\x9a\xbe\x12\xdf\x17\xaeN\x1e'
11E8E149-EB9B-3F92-9ABE-12DF17AE4E1E,2022-ncaa-d3-conf-Centennial,ncaa,10,10,6,10,6,10,8,8,6,7,6,6,7,8,7,5,10,10,5,11,11,10,9,6,8,8,9,6,9,10,10,11,10,10,10,3,1,6,9,4,4,4,9,8,,,8,10,,,8,7,7,2,10,8,8,7,5,7,6,10,10,11,10,9,10,11,10,2,9,3,9,,10,,,8,7,8,1,8,8,2,9,4,5,5,5,9,9,7,9,10,3,4,8,8,8,5,3,9,9,10,8,10,8,10,5,5,1,1,5,7,9,6,6,,,10,9,,,8,3,10,8,8,8,8,2,9,4,4,5,10,10,10,5,7,10,9,9,5,1,8,6,,10,,,b'\x11\xe8\xe1I\xeb\x9b?\x92\x9a\xbe\x12\xdf\x17\xaeN\x1e'
11E8E149-EB9B-3F92-9ABE-12DF17AE4E1E,2022-ncaa-d3-natl,ncaa,351,365,250,360,252,367,337,320,339,285,226,355,362,363,335,331,386,397,213,395,413,340,358,352,366,346,369,318,335,353,372,369,332,371,379,216,11,83,208,136,231,159,285,277,,,201,348,,,265,350,419,14,395,370,352,302,189,369,370,407,417,417,391,416,372,406,407,185,107,215,295,,252,,,265,45,45,44,184,94,90,180,17,20,57,36,238,236,247,239,325,49,77,141,163,107,117,20,382,184,332,223,372,198,379,62,174,191,63,76,105,208,286,298,,,384,377,,,265,70,356,132,281,46,51,9,124,98,13,12,276,269,277,13,34,202,288,263,81,147,140,315,,414,,,b'\x11\xe8\xe1I\xeb\x9b?\x92\x9a\xbe\x12\xdf\x17\xaeN\x1e'
11E8E149-EB9B-3F92-9ABE-12DF17AE4E1E,2023-ncaa-d3-conf-Centennial,ncaa,8,8,6,8,10,8,6,6,5,6,6,5,4,7,3,7,10,10,1,10,11,9,9,6,6,6,7,3,11,7,6,9,7,8,6,2,2,5,6,3,9,5,7,8,,,9,11,,,7,9,7,9,6,4,6,5,5,4,6,10,10,10,9,8,7,10,8,1,6,5,7,,10,,,7,6,4,3,7,5,4,9,2,2,4,5,9,9,8,9,10,3,2,6,8,8,6,2,9,3,7,2,6,4,6,4,3,8,5,5,8,8,5,5,,,10,10,,,7,3,5,8,7,6,7,4,7,4,3,4,10,10,10,5,4,4,3,5,4,7,8,7,,10,,,b'\x11\xe8\xe1I\xeb\x9b?\x92\x9a\xbe\x12\xdf\x17\xaeN\x1e'
11E8E149-EB9B-3F92-9ABE-12DF17AE4E1E,2023-ncaa-d3-natl,ncaa,270,297,185,283,240,311,257,281,226,217,174,277,314,354,125,329,393,407,87,406,427,328,356,247,271,268,366,271,418,219,173,305,195,287,195,161,40,124,214,124,272,203,187,194,,,255,391,,,214,374,421,288,344,278,322,223,160,319,363,415,425,425,381,404,210,347,305,140,123,280,190,,279,,,215,51,50,55,142,135,188,123,15,14,60,14,249,234,269,231,240,56,55,86,115,136,65,13,371,147,195,106,173,102,195,24,28,299,212,84,135,225,319,294,,,396,398,,,214,60,253,149,209,50,55,31,149,184,8,5,249,233,231,40,21,146,91,111,25,313,142,330,,423,,,b'\x11\xe8\xe1I\xeb\x9b?\x92\x9a\xbe\x12\xdf\x17\xaeN\x1e'
11E8E149-EB9B-3F92-9ABE-12DF17AE4E1E,2024-ncaa-d3-conf-Centennial,ncaa,8,8,7,8,9,8,9,10,6,8,8,7,6,7,6,6,9,7,10,6,6,10,7,7,8,8,4,5,6,5,4,10,9,9,7,7,3,10,10,9,10,10,4,3,,,9,10,,,9,8,5,3,8,9,10,8,7,6,7,8,6,6,10,4,5,9,7,6,10,10,4,,11,,,9,8,8,2,9,9,4,9,4,3,9,4,7,8,3,8,8,3,2,9,9,10,5,4,7,6,9,2,4,3,7,3,2,7,5,5,10,10,4,3,,,7,5,,,9,4,8,10,9,10,10,5,10,6,5,3,9,10,10,5,5,7,4,6,4,5,10,5,,6,,,b'\x11\xe8\xe1I\xeb\x9b?\x92\x9a\xbe\x12\xdf\x17\xaeN\x1e'
11E8E149-EB9B-3F92-9ABE-12DF17AE4E1E,2024-ncaa-d3-natl,ncaa,203,206,200,213,209,336,325,347,293,312,303,304,300,308,255,258,308,261,378,258,168,345,324,299,321,345,229,236,179,227,165,295,214,276,185,291,165,297,341,323,370,363,99,74,,,214,334,,,256,346,402,54,371,360,396,335,322,303,314,326,265,264,395,368,233,317,283,314,297,391,90,,233,,,255,69,77,62,156,122,126,149,62,58,175,102,169,226,64,229,282,66,84,146,139,136,174,117,297,152,214,94,165,103,185,27,19,252,169,66,357,376,145,223,,,296,222,,,256,76,330,146,263,71,79,49,124,134,63,48,179,232,233,57,52,158,104,111,29,249,342,154,,312,,,b'\x11\xe8\xe1I\xeb\x9b?\x92\x9a\xbe\x12\xdf\x17\xaeN\x1e'
11E8E149-EB9B-3F92-9ABE-12DF17AE4E1E,2025-ncaa-d3-conf-Centennial,genius_ncaa,5,4,6,5,6,5,5,11,2,5,10,1,7,7,4,3,8,8,9,8,5,10,9,2,3,3,6,5,10,6,3,8,7,8,5,2,1,7,10,4,10,8,4,4,,,9,11,,8,4,9,11,4,4,4,11,5,10,5,7,8,8,8,11,11,6,8,9,2,8,10,4,,10,,9,4,4,4,2,5,5,4,4,2,1,4,2,9,8,5,8,10,2,2,4,5,6,5,2,10,6,7,1,3,1,5,3,4,8,8,6,8,10,1,1,,,6,4,,8,4,2,4,6,4,4,4,2,5,6,2,1,9,10,10,4,1,7,1,2,3,8,8,1,,6,,9,b'\x11\xe8\xe1I\xeb\x9b?\x92\x9a\xbe\x12\xdf\x17\xaeN\x1e'
11E8E149-EB9B-3F92-9ABE-12DF17AE4E1E,2025-ncaa-d3-natl,genius_ncaa,82,118,36,113,42,157,120,150,90,111,193,51,160,135,219,150,322,292,352,285,314,168,161,100,141,165,304,194,395,77,49,109,175,92,65,31,3,240,222,57,215,231,15,21,,,294,318,,236,99,211,417,194,261,192,331,177,318,223,205,392,374,366,356,386,133,253,182,36,158,301,18,,188,,188,100,83,89,176,59,162,337,35,32,22,161,9,260,302,74,303,233,209,211,42,45,67,114,42,340,245,175,123,49,160,65,25,26,199,203,59,256,239,63,65,,,238,285,,190,99,200,133,80,96,23,26,33,72,182,17,6,170,219,223,39,18,139,26,51,17,303,181,35,,364,,231,b'\x11\xe8\xe1I\xeb\x9b?\x92\x9a\xbe\x12\xdf\x17\xaeN\x1e'
11E8E149-EB9B-3F92-9ABE-12DF17AE4E1E,2026-ncaa-d3-conf-Centennial,genius_ncaa,3,5,1,5,1,4,3,9,1,1,7,1,5,8,5,8,2,3,3,3,4,7,9,2,2,3,9,10,2,5,5,6,7,4,5,1,2,7,9,5,2,2,1,1,,,10,11,,9,5,9,10,1,5,3,11,1,9,7,9,3,5,5,9,11,7,7,6,1,7,3,1,,10,,9,5,7,6,3,6,3,5,4,8,5,10,4,10,10,3,10,10,4,3,7,7,9,10,9,10,7,7,3,5,3,5,8,9,7,7,8,6,8,1,3,,,2,3,,6,5,3,3,9,5,7,5,2,1,3,8,4,10,10,10,3,2,7,1,1,7,7,5,1,,4,,7,b'\x11\xe8\xe1I\xeb\x9b?\x92\x9a\xbe\x12\xdf\x17\xaeN\x1e'
11E8E149-EB9B-3F92-9ABE-12DF17AE4E1E,2026-ncaa-d3-natl,genius_ncaa,5,21,42,22,64,31,21,87,15,16,82,11,110,135,144,212,184,207,157,191,325,90,131,27,42,25,341,252,371,88,84,124,146,111,89,4,7,152,56,6,81,96,1,1,,,282,241,,387,5,143,374,113,87,44,191,42,187,183,231,300,321,304,238,352,179,274,249,7,33,152,2,,146,,360,14,152,102,185,15,102,229,6,142,113,237,61,322,328,246,324,314,206,276,17,45,12,347,180,396,221,146,206,84,208,89,127,249,35,30,17,90,34,210,135,,,165,271,,47,5,284,22,17,11,11,6,9,12,68,48,17,245,223,218,10,55,116,40,57,33,67,18,133,,324,,85,b'\x11\xe8\xe1I\xeb\x9b?\x92\x9a\xbe\x12\xdf\x17\xaeN\x1e'
11E8E149-EB9F-D4D0-9ABE-12DF17AE4E1E,2018-ncaa-d3-conf-ASC,ncaa,5,5,8,5,11,7,7,8,4,7,9,7,6,8,3,6,10,10,6,10,8,8,8,3,4,4,5,5,8,7,2,9,3,7,4,6,5,4,7,4,8,8,11,11,,,7,12,,,6,10,7,8,4,5,8,5,6,4,8,8,9,8,8,6,5,7,4,4,6,8,11,,11,,,6,1,1,1,8,4,3,8,1,2,2,2,11,9,7,9,11,1,3,6,7,7,3,1,13,2,3,1,2,1,4,2,2,8,6,3,3,5,4,5,,,13,13,,,6,5,5,7,5,7,4,2,7,9,1,2,11,11,11,5,5,3,4,4,3,8,5,8,,13,,,b'\x11\xe8\xe1I\xeb\x9f\xd4\xd0\x9a\xbe\x12\xdf\x17\xaeN\x1e'
11E8E149-EB9F-D4D0-9ABE-12DF17AE4E1E,2018-ncaa-d3-natl,ncaa,218,138,390,184,409,290,300,376,163,312,360,177,221,277,118,172,221,230,197,227,82,365,388,143,136,143,142,166,143,224,77,406,255,377,166,228,102,72,203,148,233,148,402,392,,,319,439,,,177,404,210,434,137,165,191,204,255,142,163,94,97,90,158,178,99,359,234,113,204,157,399,,435,,,174,55,29,14,272,88,43,297,11,13,48,40,393,400,201,397,437,27,34,223,303,244,211,14,439,69,255,26,77,34,166,17,51,249,115,71,82,182,64,135,,,351,200,,,177,43,127,224,166,216,126,55,231,182,19,33,436,438,438,151,214,183,118,137,62,126,191,108,,181,,,b'\x11\xe8\xe1I\xeb\x9f\xd4\xd0\x9a\xbe\x12\xdf\x17\xaeN\x1e'
11E8E149-EB9F-D4D0-9ABE-12DF17AE4E1E,2019-ncaa-d3-conf-ASC,ncaa,9,10,4,9,4,5,6,5,5,6,5,5,9,7,10,10,4,4,4,4,5,6,5,6,6,7,8,11,4,8,7,11,9,11,9,6,8,10,8,8,7,8,13,13,,,11,12,,,11,5,8,2,6,6,9,6,7,11,9,3,5,5,9,8,9,12,11,6,8,9,13,,13,,,11,13,13,6,13,13,11,13,7,2,13,1,13,13,9,13,10,9,8,13,13,13,4,4,9,5,9,8,7,6,9,12,4,7,9,9,9,9,13,12,,,7,8,,,11,8,7,13,11,12,13,5,13,11,6,1,13,13,13,9,7,6,6,6,11,9,10,13,,6,,,b'\x11\xe8\xe1I\xeb\x9f\xd4\xd0\x9a\xbe\x12\xdf\x17\xaeN\x1e'
11E8E149-EB9F-D4D0-9ABE-12DF17AE4E1E,2019-ncaa-d3-natl,ncaa,306,331,215,326,229,193,228,268,172,198,232,164,257,256,247,263,77,87,134,100,80,233,234,199,155,175,208,287,59,266,226,398,350,374,331,183,159,232,249,203,211,219,404,415,,,347,372,,,352,211,171,77,162,209,259,181,225,256,252,47,56,65,188,184,261,429,413,161,245,203,414,,377,,,349,421,399,170,434,407,281,419,232,70,430,49,405,402,282,398,368,221,216,432,437,430,146,95,301,189,350,158,226,159,331,362,216,229,229,342,286,287,377,380,,,209,182,,,352,237,189,420,348,414,394,202,405,310,239,68,413,414,411,276,262,199,165,171,357,220,291,388,,169,,,b'\x11\xe8\xe1I\xeb\x9f\xd4\xd0\x9a\xbe\x12\xdf\x17\xaeN\x1e'
11E8E149-EB9F-D4D0-9ABE-12DF17AE4E1E,2020-ncaa-d3-conf-ASC,ncaa,10,10,7,10,8,9,5,10,5,5,7,4,10,11,8,9,12,10,12,10,10,10,9,5,5,9,11,10,12,6,4,8,9,8,6,6,5,9,10,7,11,9,10,11,,,6,7,,,9,9,5,9,8,4,8,3,5,11,10,12,9,9,7,4,5,9,8,6,11,9,10,,7,,,9,8,9,7,12,12,10,11,5,3,9,1,5,7,1,6,4,7,4,10,11,11,1,3,4,7,9,3,4,5,6,3,1,11,10,7,11,11,5,8,,,11,10,,,9,4,8,12,9,9,10,9,12,11,6,3,7,8,7,9,8,9,5,6,6,10,11,6,,10,,,b'\x11\xe8\xe1I\xeb\x9f\xd4\xd0\x9a\xbe\x12\xdf\x17\xaeN\x1e'
11E8E149-EB9F-D4D0-9ABE-12DF17AE4E1E,2020-ncaa-d3-natl,ncaa,306,275,372,311,388,271,247,331,149,220,296,110,272,270,248,234,312,210,402,203,155,320,281,161,201,268,298,257,303,140,79,301,249,244,144,187,93,319,351,264,205,169,308,325,,,271,365,,,287,327,73,303,175,129,165,104,166,221,206,244,114,110,138,61,72,165,93,101,388,128,293,,397,,,291,207,225,106,345,313,202,352,52,57,154,68,312,347,96,334,333,129,98,310,318,328,84,32,313,178,249,64,79,89,144,35,7,312,280,123,360,370,118,157,,,285,265,,,287,99,247,317,289,354,338,296,386,361,116,114,384,399,395,334,328,274,199,242,99,219,390,178,,154,,,b'\x11\xe8\xe1I\xeb\x9f\xd4\xd0\x9a\xbe\x12\xdf\x17\xaeN\x1e'
11E8E149-EB9F-D4D0-9ABE-12DF17AE4E1E,2021-ncaa-d3-conf-ASC,ncaa,10,12,3,11,4,7,5,4,9,5,5,7,6,3,11,4,10,10,12,10,11,4,4,9,10,10,10,4,12,8,12,5,11,6,12,6,6,11,11,11,7,11,3,5,,,11,7,,,12,3,4,7,12,10,9,10,10,8,6,12,12,12,11,9,11,9,12,8,10,9,5,,8,,,10,11,11,10,9,12,12,10,5,6,2,3,12,11,8,11,7,10,10,9,8,10,2,1,7,12,11,11,12,11,12,9,2,5,9,8,12,11,8,8,,,9,12,,,12,10,12,10,10,9,10,8,12,12,1,4,8,9,9,9,9,12,11,11,5,9,10,7,,12,,,b'\x11\xe8\xe1I\xeb\x9f\xd4\xd0\x9a\xbe\x12\xdf\x17\xaeN\x1e'
11E8E149-EB9F-D4D0-9ABE-12DF17AE4E1E,2021-ncaa-d3-natl,ncaa,176,285,9,237,12,34,26,14,202,27,19,154,33,10,225,70,57,30,246,29,170,16,12,197,214,233,167,122,221,38,252,16,227,20,245,33,178,281,240,234,39,201,15,119,,,280,235,,,278,9,57,110,222,203,168,192,213,161,91,241,219,214,196,113,238,176,224,193,241,175,96,,258,,,234,281,279,277,197,284,281,224,229,264,42,52,282,282,160,282,223,279,277,168,183,187,62,25,236,280,227,280,252,280,245,265,47,16,162,110,282,216,254,150,,,25,223,,,278,277,242,197,234,220,202,194,242,224,46,89,260,261,263,228,228,227,234,233,114,124,220,126,,212,,,b'\x11\xe8\xe1I\xeb\x9f\xd4\xd0\x9a\xbe\x12\xdf\x17\xaeN\x1e'
11E8E149-EB9F-D4D0-9ABE-12DF17AE4E1E,2022-ncaa-d3-conf-ASC,ncaa,10,10,8,10,8,9,11,11,9,10,9,7,10,10,11,9,8,7,10,6,3,10,8,9,10,9,9,10,2,8,9,11,11,11,11,11,11,3,9,9,6,2,8,7,,,4,8,,,10,9,5,3,9,10,10,6,4,10,10,4,2,2,9,7,8,11,11,10,9,2,8,,9,,,11,7,8,1,11,5,1,11,7,3,11,8,6,4,11,4,10,1,4,11,11,11,7,8,4,3,11,3,9,3,11,10,9,7,3,9,3,8,6,6,,,8,2,,,10,3,9,10,11,10,10,4,8,3,10,8,9,8,8,4,8,7,8,7,11,2,8,6,,2,,,b'\x11\xe8\xe1I\xeb\x9f\xd4\xd0\x9a\xbe\x12\xdf\x17\xaeN\x1e'
11E8E149-EB9F-D4D0-9ABE-12DF17AE4E1E,2022-ncaa-d3-natl,ncaa,393,365,376,398,377,359,372,391,268,335,346,274,382,378,342,333,179,143,268,140,29,376,374,299,266,304,227,352,14,370,326,413,363,407,385,363,268,194,355,349,201,84,285,204,,,185,377,,,381,364,130,97,295,330,354,254,220,353,345,31,18,17,267,162,323,426,419,311,350,79,258,,389,,,383,252,205,29,427,164,23,428,298,139,424,316,331,262,425,270,416,39,52,429,429,425,347,289,329,62,363,82,326,59,385,355,394,227,81,326,236,346,120,223,,,243,35,,,381,60,322,411,389,404,374,115,344,61,406,296,412,379,383,170,255,184,283,246,407,83,346,218,,31,,,b'\x11\xe8\xe1I\xeb\x9f\xd4\xd0\x9a\xbe\x12\xdf\x17\xaeN\x1e'
11E8E149-EB9F-D4D0-9ABE-12DF17AE4E1E,2023-ncaa-d3-conf-ASC,ncaa,7,6,7,7,10,7,7,7,3,7,9,3,6,5,6,4,6,5,8,5,4,7,9,4,3,5,4,4,6,6,6,10,10,10,10,7,8,3,6,7,4,4,7,7,,,3,3,,,7,9,7,10,5,7,6,6,8,4,4,6,5,5,6,7,6,10,10,7,5,3,7,,4,,,7,8,8,4,9,3,2,9,10,10,10,10,3,2,4,2,4,3,1,10,9,9,9,10,2,8,10,4,6,7,10,10,10,5,5,10,3,5,10,9,,,9,6,,,7,1,6,10,7,9,8,7,6,3,10,10,5,4,4,6,6,8,5,8,10,4,5,10,,7,,,b'\x11\xe8\xe1I\xeb\x9f\xd4\xd0\x9a\xbe\x12\xdf\x17\xaeN\x1e'
11E8E149-EB9F-D4D0-9ABE-12DF17AE4E1E,2023-ncaa-d3-natl,ncaa,248,198,377,240,383,268,301,375,138,294,364,123,232,266,170,202,89,82,189,84,15,353,373,135,106,127,116,218,31,383,351,386,359,389,367,329,334,103,222,275,186,134,356,300,,,173,272,,,281,357,128,125,121,198,273,207,293,172,188,21,15,15,185,186,346,345,370,287,234,109,326,,337,,,283,215,163,60,359,62,36,310,393,289,429,380,258,209,358,214,369,63,83,402,409,375,418,408,239,224,359,113,351,147,367,321,385,206,136,298,84,172,220,331,,,219,35,,,281,71,182,378,287,371,329,261,194,97,421,393,360,331,337,282,319,332,298,326,375,103,178,325,,44,,,b'\x11\xe8\xe1I\xeb\x9f\xd4\xd0\x9a\xbe\x12\xdf\x17\xaeN\x1e'
11E8E149-EB9F-D4D0-9ABE-12DF17AE4E1E,2024-ncaa-d3-conf-ASC,ncaa,4,4,5,4,5,3,4,7,2,7,9,2,2,2,3,2,2,2,6,2,1,5,5,2,2,2,1,3,3,8,7,6,9,8,7,5,4,5,4,5,5,7,5,5,,,5,4,,,5,4,3,6,3,5,7,6,10,2,2,2,2,2,6,7,8,6,8,5,4,6,4,,6,,,5,8,9,8,5,6,5,6,10,9,6,7,4,9,1,9,7,8,8,5,6,6,5,8,2,8,9,5,7,7,7,3,2,7,8,6,4,4,1,2,,,3,2,,,5,8,3,7,5,10,9,9,7,6,9,9,3,8,8,9,10,8,4,5,4,7,5,1,,2,,,b'\x11\xe8\xe1I\xeb\x9f\xd4\xd0\x9a\xbe\x12\xdf\x17\xaeN\x1e'
11E8E149-EB9F-D4D0-9ABE-12DF17AE4E1E,2024-ncaa-d3-natl,ncaa,142,139,200,147,257,84,167,275,55,244,359,45,49,87,28,74,9,7,131,7,1,203,191,31,21,38,16,84,33,340,322,239,284,306,283,176,229,258,249,209,156,192,200,206,,,358,326,,,175,134,56,244,32,135,289,236,386,31,70,2,5,5,158,147,355,233,327,169,259,138,204,,380,,,176,366,304,286,261,241,197,253,388,364,337,313,393,400,216,402,400,330,322,295,308,320,380,331,336,284,284,134,322,193,283,177,53,180,251,154,220,206,11,26,,,17,10,,,175,321,78,317,163,362,313,324,243,211,387,375,404,407,410,366,361,288,143,210,177,163,223,4,,4,,,b'\x11\xe8\xe1I\xeb\x9f\xd4\xd0\x9a\xbe\x12\xdf\x17\xaeN\x1e'
11E8E149-EB9F-D4D0-9ABE-12DF17AE4E1E,2025-ncaa-d3-conf-SCAC,genius_ncaa,2,2,3,3,3,3,3,4,2,3,7,1,2,1,3,1,3,5,2,5,4,3,3,2,2,2,2,3,7,8,8,2,2,4,2,4,6,6,6,5,6,7,2,2,,,4,3,,9,2,3,7,12,3,3,8,4,12,2,2,7,9,9,7,11,12,2,3,6,4,6,3,,3,,7,2,5,5,9,2,5,8,4,4,9,1,8,5,5,5,5,5,9,9,2,2,2,5,4,8,4,2,6,8,5,2,1,1,5,5,1,7,6,1,2,,,3,5,,2,2,10,3,2,2,3,2,4,3,3,3,6,4,5,6,3,4,2,4,4,1,6,6,1,,6,,2,b'\x11\xe8\xe1I\xeb\x9f\xd4\xd0\x9a\xbe\x12\xdf\x17\xaeN\x1e'
11E8E149-EB9F-D4D0-9ABE-12DF17AE4E1E,2025-ncaa-d3-natl,genius_ncaa,37,25,55,36,111,76,82,164,31,151,298,14,29,49,48,39,129,157,151,147,68,161,176,20,19,31,74,52,297,312,298,59,39,146,83,83,153,158,139,84,195,221,100,85,,,164,127,,236,56,136,250,378,75,92,271,197,378,32,63,167,205,197,270,333,360,73,220,92,94,249,112,,87,,208,57,155,142,274,63,138,185,126,218,352,38,340,213,205,256,213,231,274,263,63,65,102,260,245,230,107,39,165,298,129,83,12,5,193,224,35,157,154,18,31,,,137,132,,28,56,299,51,76,51,80,79,155,86,90,159,294,157,138,147,139,110,74,86,56,15,274,109,10,,212,,34,b'\x11\xe8\xe1I\xeb\x9f\xd4\xd0\x9a\xbe\x12\xdf\x17\xaeN\x1e'
11E8E149-EB9F-D4D0-9ABE-12DF17AE4E1E,2026-ncaa-d3-conf-SCAC,genius_ncaa,1,1,1,1,1,1,1,2,1,1,1,2,2,2,1,4,2,1,4,1,1,2,2,1,1,1,3,2,4,1,3,1,1,1,1,1,4,3,1,1,3,4,1,1,,,3,3,,4,1,2,1,1,1,1,2,1,1,2,4,2,1,1,2,4,3,1,1,2,1,4,1,,3,,4,1,3,3,4,3,3,3,2,4,4,3,4,4,3,4,3,2,4,4,3,3,3,4,4,3,3,1,3,3,3,1,3,3,1,3,3,3,2,3,2,,,1,1,,2,1,4,1,3,1,3,3,4,2,1,4,4,4,2,2,4,3,1,1,1,2,3,2,2,,1,,3,b'\x11\xe8\xe1I\xeb\x9f\xd4\xd0\x9a\xbe\x12\xdf\x17\xaeN\x1e'
11E8E149-EB9F-D4D0-9ABE-12DF17AE4E1E,2026-ncaa-d3-natl,genius_ncaa,157,1,400,1,401,378,376,399,24,382,395,116,282,390,2,281,386,387,264,388,214,399,402,15,21,38,151,110,307,358,25,392,151,391,40,384,358,17,175,196,396,282,230,30,,,24,324,,130,151,403,105,113,12,14,78,64,81,31,218,135,123,122,79,89,49,100,45,167,218,248,30,,352,,349,80,16,11,13,140,13,12,154,37,28,198,304,59,43,325,40,346,14,13,160,216,241,351,281,359,24,151,12,25,11,40,5,8,398,263,70,21,188,12,48,,,399,284,,323,151,15,23,227,72,282,207,271,150,187,305,333,369,357,356,308,287,197,66,107,34,221,219,68,,209,,217,b'\x11\xe8\xe1I\xeb\x9f\xd4\xd0\x9a\xbe\x12\xdf\x17\xaeN\x1e'
11E8E149-EBA4-5758-9ABE-12DF17AE4E1E,2018-ncaa-d3-conf-North Atlantic,ncaa,8,8,7,8,7,8,8,8,8,8,8,9,9,7,8,4,5,7,3,7,5,8,10,9,8,8,3,7,1,10,10,10,9,10,9,8,4,1,4,6,8,8,7,8,,,1,1,,,8,10,7,4,8,8,6,8,7,7,5,5,6,6,8,9,10,9,10,7,4,8,7,,1,,,8,8,9,8,9,10,8,9,8,6,10,5,2,2,3,2,2,6,4,9,9,9,1,6,1,9,9,9,10,9,9,9,4,9,9,9,6,7,8,7,,,9,5,,,8,2,8,9,8,8,9,8,10,9,8,7,2,2,2,8,8,9,9,9,9,9,7,8,,7,,,b'\x11\xe8\xe1I\xeb\xa4WX\x9a\xbe\x12\xdf\x17\xaeN\x1e'
11E8E149-EBA4-5758-9ABE-12DF17AE4E1E,2018-ncaa-d3-natl,ncaa,346,349,305,353,326,392,398,321,425,400,302,427,302,246,362,175,294,318,163,327,293,331,361,420,413,390,100,158,68,378,427,319,406,356,427,364,147,76,168,288,402,418,279,318,,,19,6,,,409,344,263,138,409,414,249,409,267,287,200,275,307,318,279,331,366,282,352,370,125,411,276,,9,,,405,316,407,356,364,380,335,333,376,312,397,284,19,22,33,18,8,272,178,371,310,366,81,358,7,398,406,416,427,424,427,402,308,383,408,425,161,265,228,292,,,367,316,,,409,112,398,412,407,373,415,411,398,390,405,353,13,18,18,373,307,402,430,428,406,393,216,271,,368,,,b'\x11\xe8\xe1I\xeb\xa4WX\x9a\xbe\x12\xdf\x17\xaeN\x1e'
11E8E149-EBA4-5758-9ABE-12DF17AE4E1E,2019-ncaa-d3-conf-North Atlantic,ncaa,5,5,5,5,5,6,6,6,7,5,3,6,8,7,8,7,1,2,1,2,2,5,6,7,6,6,7,8,1,4,3,5,4,5,4,6,6,5,3,5,8,8,4,4,,,4,3,,,5,6,6,2,6,7,7,4,3,8,7,1,1,1,4,7,2,4,4,6,4,8,3,,4,,,5,3,4,6,5,4,6,5,7,6,8,6,5,5,4,5,5,4,3,6,5,6,6,7,4,4,4,4,3,4,4,4,2,7,7,5,7,7,3,3,,,2,2,,,5,3,5,6,5,5,6,4,4,5,7,7,5,5,5,3,3,3,4,4,4,8,7,4,,2,,,b'\x11\xe8\xe1I\xeb\xa4WX\x9a\xbe\x12\xdf\x17\xaeN\x1e'
11E8E149-EBA4-5758-9ABE-12DF17AE4E1E,2019-ncaa-d3-natl,ncaa,356,382,215,371,249,380,400,322,417,350,183,422,414,397,417,387,183,203,139,203,233,308,310,423,411,404,282,392,7,184,246,259,374,243,338,404,375,245,309,401,415,424,221,214,,,80,77,,,397,336,368,162,412,421,355,377,151,421,395,160,183,183,340,308,167,248,217,419,262,421,212,,77,,,396,237,261,296,198,161,196,142,412,371,396,366,101,102,183,110,125,248,155,262,214,322,356,415,87,384,374,321,246,358,338,276,245,380,404,385,391,405,263,243,,,268,201,,,397,105,398,372,402,272,281,339,175,221,415,381,114,115,119,299,181,384,344,368,284,405,388,280,,254,,,b'\x11\xe8\xe1I\xeb\xa4WX\x9a\xbe\x12\xdf\x17\xaeN\x1e'
11E8E149-EBA4-5758-9ABE-12DF17AE4E1E,2020-ncaa-d3-conf-North Atlantic,ncaa,3,3,1,3,1,2,2,1,5,2,1,6,4,1,7,7,1,1,1,1,4,1,1,5,5,4,3,8,1,3,5,1,4,1,4,4,5,3,1,3,3,4,1,3,,,3,2,,,3,1,2,8,3,5,2,4,2,6,5,1,2,2,1,3,3,2,3,5,2,4,1,,3,,,3,6,7,8,3,7,8,4,2,7,2,3,3,4,2,4,1,8,8,3,3,3,1,3,2,8,4,8,5,8,4,4,1,3,4,3,4,2,5,4,,,1,1,,,3,8,4,3,3,3,4,6,5,7,2,5,3,3,3,5,6,5,7,7,3,4,3,4,,2,,,b'\x11\xe8\xe1I\xeb\xa4WX\x9a\xbe\x12\xdf\x17\xaeN\x1e'
11E8E149-EBA4-5758-9ABE-12DF17AE4E1E,2020-ncaa-d3-natl,ncaa,202,245,65,217,122,217,245,126,345,205,87,348,293,232,361,300,72,123,54,122,229,124,115,358,323,295,233,327,37,205,317,114,282,151,310,244,240,206,152,252,299,344,90,154,,,58,25,,,288,90,224,397,300,330,205,280,139,330,278,98,173,169,194,235,265,191,236,300,140,348,112,,19,,,282,328,371,391,226,382,395,228,237,274,158,181,115,109,187,113,46,376,347,194,145,218,68,180,66,348,282,403,317,389,310,247,108,233,316,264,311,269,370,295,,,156,216,,,288,322,304,248,291,217,285,316,310,334,191,210,73,66,65,261,215,293,324,313,189,302,261,335,,235,,,b'\x11\xe8\xe1I\xeb\xa4WX\x9a\xbe\x12\xdf\x17\xaeN\x1e'
11E8E149-EBA4-5758-9ABE-12DF17AE4E1E,2021-ncaa-d3-conf-North Atlantic,ncaa,4,4,4,4,4,5,4,6,2,5,6,2,5,5,6,4,6,6,3,6,6,7,5,3,4,6,5,5,6,6,5,5,4,5,4,5,5,5,6,6,7,7,7,7,,,1,2,,,5,4,2,2,5,4,5,3,4,5,4,6,6,6,6,3,5,3,3,5,6,7,7,,2,,,5,5,5,4,6,3,3,7,6,6,6,6,4,2,7,2,5,3,2,7,7,7,5,5,2,1,4,1,5,1,4,4,4,7,7,7,6,6,3,3,,,6,5,,,5,4,5,7,5,7,7,7,5,4,6,7,6,4,4,6,4,3,2,2,6,7,6,3,,4,,,b'\x11\xe8\xe1I\xeb\xa4WX\x9a\xbe\x12\xdf\x17\xaeN\x1e'
11E8E149-EBA4-5758-9ABE-12DF17AE4E1E,2021-ncaa-d3-natl,ncaa,251,58,256,251,258,266,263,267,163,260,265,109,267,262,256,153,267,268,222,267,230,268,260,187,197,244,253,219,220,265,206,259,77,263,121,263,142,33,271,245,273,275,269,248,,,20,32,,,184,256,13,83,211,164,160,106,135,221,171,231,224,222,189,52,219,46,123,155,279,266,241,,64,,,255,31,29,27,184,27,20,236,35,36,123,267,27,25,221,24,168,28,26,200,208,246,198,226,109,17,77,20,206,19,121,31,166,266,261,264,43,279,27,154,,,259,209,,,184,30,249,222,250,265,257,262,219,166,262,278,215,186,178,264,244,120,123,125,245,235,282,155,,153,,,b'\x11\xe8\xe1I\xeb\xa4WX\x9a\xbe\x12\xdf\x17\xaeN\x1e'
11E8E149-EBA4-5758-9ABE-12DF17AE4E1E,2022-ncaa-d3-conf-North Atlantic,ncaa,7,4,11,6,11,10,10,11,6,10,12,3,9,9,10,3,10,11,4,11,2,11,11,6,4,5,4,7,1,11,10,10,8,11,8,10,3,1,7,5,10,5,11,11,,,2,7,,,5,11,9,3,8,9,12,7,12,8,4,2,4,4,10,12,12,7,9,6,2,5,11,,8,,,5,1,1,1,5,1,1,7,3,3,4,7,3,2,11,2,8,1,1,6,8,7,9,6,10,2,8,1,10,1,8,1,5,11,7,6,1,5,1,5,,,11,4,,,5,2,5,7,5,6,6,7,5,6,5,6,9,7,7,6,8,8,7,8,8,4,3,2,,8,,,b'\x11\xe8\xe1I\xeb\xa4WX\x9a\xbe\x12\xdf\x17\xaeN\x1e'
11E8E149-EBA4-5758-9ABE-12DF17AE4E1E,2022-ncaa-d3-natl,ncaa,256,129,405,202,406,392,396,405,279,374,400,205,376,347,390,193,325,356,107,363,155,403,408,303,270,268,237,295,70,398,361,385,358,393,359,348,106,38,259,232,349,261,405,398,,,31,94,,,277,407,168,79,292,306,270,246,268,315,200,131,158,167,254,258,342,195,276,224,242,216,387,,161,,,291,25,37,34,216,71,60,223,26,30,95,122,41,42,193,39,115,30,29,176,157,185,73,98,168,160,358,44,361,63,359,55,203,370,229,241,63,249,11,26,,,397,245,,,277,25,297,240,277,268,305,346,336,367,120,187,218,225,222,344,350,373,344,360,282,173,241,21,,259,,,b'\x11\xe8\xe1I\xeb\xa4WX\x9a\xbe\x12\xdf\x17\xaeN\x1e'
11E8E149-EBA4-5758-9ABE-12DF17AE4E1E,2023-ncaa-d3-conf-North Atlantic,ncaa,11,11,8,11,10,9,9,10,9,11,12,9,7,8,4,2,11,12,4,12,10,12,12,9,9,9,2,2,10,11,11,10,10,11,11,9,4,6,8,8,11,8,5,5,,,1,3,,,9,11,8,7,9,9,10,11,12,5,5,11,12,12,12,12,11,10,11,9,8,10,4,,2,,,9,7,7,3,8,5,4,6,10,4,12,7,9,5,9,5,8,3,2,9,11,10,10,10,7,5,10,5,11,5,11,8,12,11,8,11,8,8,9,12,,,12,11,,,9,2,9,9,9,8,7,6,7,6,12,6,10,8,8,7,6,9,10,10,10,10,8,10,,12,,,b'\x11\xe8\xe1I\xeb\xa4WX\x9a\xbe\x12\xdf\x17\xaeN\x1e'
11E8E149-EBA4-5758-9ABE-12DF17AE4E1E,2023-ncaa-d3-natl,ncaa,411,385,397,414,402,404,402,403,385,412,402,401,263,294,201,107,409,415,291,415,363,405,405,363,372,371,66,44,333,421,429,410,401,418,424,371,116,142,364,339,354,303,262,244,,,28,46,,,393,399,188,288,401,396,363,409,368,178,181,408,411,412,395,370,427,373,422,322,304,273,207,,65,,,401,138,170,77,342,137,100,267,285,125,424,226,88,88,164,90,155,59,39,362,343,371,257,328,94,280,401,182,429,217,424,381,426,378,336,406,187,356,245,401,,,414,391,,,393,32,399,389,403,365,367,360,337,348,382,290,228,231,233,352,313,382,397,398,411,278,314,361,,414,,,b'\x11\xe8\xe1I\xeb\xa4WX\x9a\xbe\x12\xdf\x17\xaeN\x1e'
11E8E149-EBA4-5758-9ABE-12DF17AE4E1E,2024-ncaa-d3-conf-North Atlantic,ncaa,11,10,10,11,10,10,11,10,11,12,11,10,9,8,10,4,10,9,10,9,6,10,11,10,10,10,4,5,4,8,9,10,8,10,10,9,7,4,7,8,11,11,9,9,,,3,4,,,10,11,13,12,10,11,8,11,12,9,6,7,9,8,8,12,8,10,8,9,5,12,9,,2,,,9,6,7,5,9,8,6,10,5,6,5,9,3,3,13,3,3,5,4,8,9,7,2,4,5,5,8,7,9,7,10,6,7,7,8,9,7,8,10,13,,,8,4,,,10,4,10,8,9,6,9,6,10,7,6,9,3,1,1,5,4,7,13,11,8,10,7,13,,4,,,b'\x11\xe8\xe1I\xeb\xa4WX\x9a\xbe\x12\xdf\x17\xaeN\x1e'
11E8E149-EBA4-5758-9ABE-12DF17AE4E1E,2024-ncaa-d3-natl,ncaa,339,275,392,331,402,395,401,383,398,403,397,375,319,213,394,82,318,309,297,301,59,382,391,390,386,371,74,155,65,329,323,372,295,359,342,372,133,117,290,329,397,376,343,313,,,29,56,,,335,395,174,410,366,383,246,383,348,244,91,192,157,148,230,189,222,182,185,330,288,371,295,,81,,,346,47,90,48,250,130,58,312,78,118,67,284,22,17,360,18,46,39,37,223,198,227,71,194,68,141,295,171,323,158,342,174,284,350,260,308,146,304,221,387,,,287,55,,,335,34,371,255,348,244,309,333,321,281,211,313,76,44,48,283,270,314,398,373,314,223,300,357,,55,,,b'\x11\xe8\xe1I\xeb\xa4WX\x9a\xbe\x12\xdf\x17\xaeN\x1e'
11E8E149-EBA4-5758-9ABE-12DF17AE4E1E,2025-ncaa-d3-conf-North Atlantic,genius_ncaa,4,4,4,4,5,4,4,4,4,4,6,5,5,6,4,5,3,3,5,2,2,4,5,5,4,4,4,4,2,5,6,4,6,4,5,4,1,3,4,4,5,6,5,6,,,4,2,,2,4,4,3,3,4,4,4,4,5,6,5,3,1,1,3,4,6,3,4,4,4,5,6,,2,,2,4,4,5,8,3,5,9,3,5,4,5,2,5,4,8,4,3,7,7,3,3,4,3,5,5,6,6,9,6,9,5,4,4,4,4,5,4,4,9,8,,,2,1,,5,4,7,4,5,4,5,6,6,6,8,6,6,5,4,4,6,7,6,7,6,5,3,4,9,,1,,5,b'\x11\xe8\xe1I\xeb\xa4WX\x9a\xbe\x12\xdf\x17\xaeN\x1e'
11E8E149-EBA4-5758-9ABE-12DF17AE4E1E,2025-ncaa-d3-natl,genius_ncaa,293,215,386,282,388,336,350,367,270,328,357,216,301,280,320,174,229,252,134,251,97,361,384,270,250,239,168,232,75,381,366,384,296,390,353,245,33,54,182,155,363,325,314,296,,,20,43,,12,241,379,80,228,192,227,145,216,215,225,141,74,89,85,124,134,344,224,306,99,212,284,257,,63,,15,242,35,62,48,182,75,89,136,123,64,304,193,39,25,374,26,54,29,34,183,169,173,169,263,108,125,296,82,366,85,353,138,284,298,181,238,104,237,92,219,,,255,47,,295,241,32,276,193,253,261,291,332,270,341,271,238,130,89,86,296,314,302,342,329,300,129,249,210,,42,,267,b'\x11\xe8\xe1I\xeb\xa4WX\x9a\xbe\x12\xdf\x17\xaeN\x1e'
11E8E149-EBA4-5758-9ABE-12DF17AE4E1E,2026-ncaa-d3-conf-North Atlantic,genius_ncaa,2,3,3,3,3,4,4,5,2,5,3,6,2,6,1,7,3,4,3,5,7,5,5,3,2,3,4,4,7,8,8,5,3,7,6,5,9,5,4,3,2,2,4,3,,,7,9,,2,2,4,2,1,4,3,4,3,2,3,6,3,3,6,5,5,8,6,8,3,4,1,3,,9,,2,2,4,4,3,3,4,5,4,1,1,1,1,8,8,3,8,8,3,5,2,3,1,1,1,10,3,3,6,8,5,6,4,3,3,1,1,5,5,6,6,,,5,6,,5,2,6,4,1,2,2,2,1,5,4,1,1,8,9,9,2,4,3,7,4,2,1,4,6,,5,,7,b'\x11\xe8\xe1I\xeb\xa4WX\x9a\xbe\x12\xdf\x17\xaeN\x1e'
11E8E149-EBA4-5758-9ABE-12DF17AE4E1E,2026-ncaa-d3-natl,genius_ncaa,157,132,215,163,249,249,227,249,195,211,212,237,230,272,146,271,295,319,160,317,352,266,275,202,214,222,270,217,287,352,384,253,144,305,300,205,155,170,214,184,84,51,158,121,,,198,267,,75,118,243,100,113,207,176,154,156,122,212,257,279,311,304,197,192,364,177,291,155,214,38,143,,278,,80,110,81,79,104,89,79,104,88,132,144,147,245,105,160,16,169,288,108,164,95,59,16,259,272,213,123,144,219,384,178,300,149,348,74,24,62,160,197,226,247,,,257,221,,123,118,173,259,18,112,53,60,101,64,101,147,174,101,204,212,110,262,155,322,259,197,22,197,277,,215,,104,b'\x11\xe8\xe1I\xeb\xa4WX\x9a\xbe\x12\xdf\x17\xaeN\x1e'
11E8E149-EBA8-F254-9ABE-12DF17AE4E1E,2018-ncaa-d3-conf-ACAA,ncaa,4,5,3,4,3,4,4,3,4,4,3,4,2,2,4,2,2,4,1,4,4,3,3,5,5,5,2,2,3,3,5,4,5,4,5,4,5,3,5,5,3,4,3,3,,,3,3,,,5,3,4,2,5,5,4,4,5,3,4,4,4,4,5,5,5,5,5,5,5,4,3,,4,,,4,4,4,3,4,5,3,5,2,2,1,2,4,4,3,4,4,3,3,4,4,4,2,1,3,3,5,3,5,3,5,4,3,3,4,4,4,4,4,4,,,3,4,,,5,3,5,4,4,4,4,3,4,4,1,2,4,4,4,3,2,3,2,2,4,4,4,3,,4,,,b'\x11\xe8\xe1I\xeb\xa8\xf2T\x9a\xbe\x12\xdf\x17\xaeN\x1e'
11E8E149-EBA8-F254-9ABE-12DF17AE4E1E,2018-ncaa-d3-natl,ncaa,433,138,442,433,442,442,442,442,413,442,443,418,437,441,395,291,442,443,355,443,387,442,442,416,420,432,286,263,254,443,418,442,431,442,434,442,369,6,436,431,443,356,431,328,,,3,53,,,383,442,123,257,431,425,422,411,320,390,362,419,424,423,430,257,422,437,439,426,432,326,286,,94,,,435,5,4,4,436,4,4,435,4,4,407,125,4,4,159,4,122,4,3,434,427,430,48,154,53,3,431,2,418,3,434,6,382,442,306,418,10,435,3,164,,,442,433,,,383,3,432,433,435,426,430,375,430,386,319,200,180,205,237,369,355,386,317,359,431,248,433,111,,436,,,b'\x11\xe8\xe1I\xeb\xa8\xf2T\x9a\xbe\x12\xdf\x17\xaeN\x1e'
11E8E149-EBA8-F254-9ABE-12DF17AE4E1E,2019-ncaa-d3-conf-North Atlantic,ncaa,7,6,7,7,8,7,7,8,6,7,6,7,6,6,5,6,6,6,7,6,5,8,8,6,7,7,5,6,4,6,6,8,6,7,6,8,8,3,6,8,5,4,7,7,,,2,4,,,7,8,4,8,7,6,6,7,4,6,6,4,4,4,6,5,6,8,6,8,5,3,5,,5,,,7,6,7,3,7,7,4,7,6,2,7,5,2,2,2,2,3,3,2,7,7,7,1,5,2,3,6,2,6,3,6,5,3,6,5,6,4,6,7,7,,,7,5,,,7,1,7,7,7,7,7,5,7,6,6,5,2,4,4,4,4,4,6,5,6,4,5,8,,6,,,b'\x11\xe8\xe1I\xeb\xa8\xf2T\x9a\xbe\x12\xdf\x17\xaeN\x1e'
11E8E149-EBA8-F254-9ABE-12DF17AE4E1E,2019-ncaa-d3-natl,ncaa,356,219,430,338,433,424,426,429,403,424,408,421,379,406,238,275,405,410,343,409,278,429,432,403,397,393,144,177,146,400,270,429,392,427,371,422,363,24,300,381,400,276,357,309,,,19,156,,,365,435,254,428,391,397,276,391,209,283,283,308,265,272,276,249,210,374,326,404,271,262,284,,167,,,386,16,26,16,333,42,21,299,80,39,359,233,17,25,33,25,120,15,11,331,282,317,140,285,57,79,392,21,270,32,371,51,219,420,311,344,35,265,324,423,,,430,336,,,365,9,383,359,394,296,338,314,324,298,318,261,93,141,145,285,236,368,322,350,314,292,242,432,,344,,,b'\x11\xe8\xe1I\xeb\xa8\xf2T\x9a\xbe\x12\xdf\x17\xaeN\x1e'
11E8E149-EBA8-F254-9ABE-12DF17AE4E1E,2020-ncaa-d3-conf-North Atlantic,ncaa,7,7,7,7,7,7,7,6,8,7,7,8,6,3,5,3,3,3,6,3,2,5,7,8,7,6,1,3,2,6,7,8,5,7,7,7,7,1,3,5,7,7,7,7,,,5,8,,,7,7,1,2,6,7,1,7,3,5,1,3,3,3,2,2,4,7,5,6,3,7,7,,8,,,7,7,6,2,8,6,1,8,6,5,6,6,7,7,8,7,8,2,1,8,8,8,5,4,5,3,5,7,7,4,7,7,6,6,6,7,3,5,8,7,,,8,5,,,7,2,6,8,7,8,8,4,7,2,7,7,8,7,7,6,5,3,8,6,7,6,5,8,,5,,,b'\x11\xe8\xe1I\xeb\xa8\xf2T\x9a\xbe\x12\xdf\x17\xaeN\x1e'
11E8E149-EBA8-F254-9ABE-12DF17AE4E1E,2020-ncaa-d3-natl,ncaa,418,345,424,420,426,422,424,418,418,429,419,417,355,340,357,142,396,377,360,379,130,421,429,412,411,383,64,122,79,399,351,431,300,429,380,416,209,13,161,311,419,350,422,405,,,55,382,,,385,429,204,243,384,393,208,399,285,228,136,234,159,161,193,227,248,404,370,371,163,361,416,,361,,,408,42,41,12,421,60,11,421,121,36,398,266,170,157,278,147,403,11,8,426,431,431,289,255,305,16,300,42,351,22,380,202,400,422,340,410,52,296,205,395,,,427,333,,,385,10,383,419,409,404,365,201,353,154,351,278,409,398,399,253,194,184,393,331,401,343,280,394,,337,,,b'\x11\xe8\xe1I\xeb\xa8\xf2T\x9a\xbe\x12\xdf\x17\xaeN\x1e'
11E8E149-EBA8-F254-9ABE-12DF17AE4E1E,2021-ncaa-d3-conf-North Atlantic,ncaa,4,4,4,4,5,7,7,5,6,7,5,7,4,6,2,6,4,5,5,5,3,6,7,6,6,5,1,3,1,7,7,6,6,7,7,7,7,1,2,5,5,4,4,4,,,2,4,,,5,7,5,3,6,6,4,6,3,4,5,4,4,4,5,6,7,4,6,6,2,4,4,,4,,,5,3,2,2,3,1,2,2,7,4,7,5,5,4,4,4,6,2,3,5,5,5,7,7,5,5,6,4,7,4,7,6,7,6,5,6,1,1,5,7,,,7,4,,,5,1,6,5,6,6,4,5,1,3,7,6,7,6,6,5,6,6,7,7,7,5,1,7,,5,,,b'\x11\xe8\xe1I\xeb\xa8\xf2T\x9a\xbe\x12\xdf\x17\xaeN\x1e'
11E8E149-EBA8-F254-9ABE-12DF17AE4E1E,2021-ncaa-d3-natl,ncaa,251,58,256,251,259,270,271,266,264,269,262,275,261,265,120,210,263,256,244,256,128,264,264,262,262,243,73,109,64,277,285,264,259,269,279,269,259,22,55,214,263,178,253,167,,,26,149,,,184,260,55,110,248,256,146,252,97,172,199,165,107,101,133,200,284,124,249,268,47,134,169,,228,,,255,27,24,26,57,14,18,12,46,34,277,256,31,30,66,29,240,27,28,138,130,162,285,283,172,34,259,32,285,34,279,34,281,258,198,233,11,15,46,271,,,263,207,,,184,26,261,204,252,235,165,253,29,148,282,275,224,252,251,262,265,269,279,280,259,137,12,274,,223,,,b'\x11\xe8\xe1I\xeb\xa8\xf2T\x9a\xbe\x12\xdf\x17\xaeN\x1e'
11E8E149-EBA8-F254-9ABE-12DF17AE4E1E,2022-ncaa-d3-conf-North Atlantic,ncaa,4,6,1,5,1,4,4,2,4,4,4,5,6,4,5,7,2,2,7,1,3,2,2,5,5,6,8,9,5,7,8,6,6,6,6,4,6,10,8,6,7,10,3,5,,,10,5,,,8,2,7,6,5,5,8,5,8,9,7,4,3,3,7,9,11,10,10,5,8,10,5,,6,,,8,12,12,11,9,12,11,8,12,9,11,6,9,10,8,10,4,11,11,9,9,9,7,8,4,9,6,9,8,9,6,12,12,5,10,11,9,8,10,9,,,1,1,,,8,11,6,9,8,10,9,8,8,8,10,7,6,5,5,9,6,7,5,5,10,10,7,9,,1,,,b'\x11\xe8\xe1I\xeb\xa8\xf2T\x9a\xbe\x12\xdf\x17\xaeN\x1e'
11E8E149-EBA8-F254-9ABE-12DF17AE4E1E,2022-ncaa-d3-natl,ncaa,232,95,405,178,407,376,377,402,222,347,377,229,369,385,254,308,297,305,221,303,117,398,405,239,227,226,246,316,67,406,370,386,243,399,313,321,105,40,243,205,397,353,250,207,,,39,140,,,282,398,83,116,207,215,227,165,148,303,297,80,65,65,185,163,374,204,315,165,252,320,141,,200,,,298,42,56,35,281,68,66,185,110,30,412,113,47,44,221,41,112,32,27,293,277,310,192,258,121,50,243,29,370,26,313,279,427,396,317,403,41,200,151,288,,,357,63,,,282,32,273,303,296,343,352,362,335,380,336,187,229,232,230,354,326,252,277,274,410,269,208,325,,58,,,b'\x11\xe8\xe1I\xeb\xa8\xf2T\x9a\xbe\x12\xdf\x17\xaeN\x1e'
11E8E149-EBA8-F254-9ABE-12DF17AE4E1E,2023-ncaa-d3-conf-North Atlantic,ncaa,6,5,8,6,8,7,7,8,3,7,8,3,4,10,2,8,7,8,2,7,7,8,11,3,3,3,7,6,5,8,7,12,8,10,7,7,10,2,6,6,5,3,8,7,,,5,11,,,5,12,11,1,5,5,7,4,7,4,9,3,7,6,7,11,7,12,10,6,3,5,8,,8,,,5,3,3,1,6,4,1,8,2,3,2,9,3,6,2,6,12,1,1,6,6,6,5,4,6,3,8,2,7,2,7,5,10,7,4,7,4,7,12,10,,,9,6,,,5,1,3,6,5,5,5,3,6,4,3,3,6,9,9,3,4,6,2,3,6,4,7,12,,7,,,b'\x11\xe8\xe1I\xeb\xa8\xf2T\x9a\xbe\x12\xdf\x17\xaeN\x1e'
11E8E149-EBA8-F254-9ABE-12DF17AE4E1E,2023-ncaa-d3-natl,ncaa,270,131,413,229,413,351,337,396,188,329,372,215,284,330,123,212,353,381,148,377,279,397,406,183,188,158,214,181,269,355,194,412,317,400,264,320,225,16,106,146,279,108,345,263,,,43,219,,,163,409,184,38,122,120,87,145,116,135,159,195,232,234,85,138,175,274,221,156,146,102,269,,259,,,154,15,17,14,176,22,16,279,39,74,38,307,46,79,19,75,326,16,18,163,140,128,191,194,212,78,317,21,194,25,264,129,413,366,154,290,20,123,186,317,,,407,342,,,163,17,162,155,162,190,209,241,226,154,185,313,215,304,305,250,269,306,223,263,349,124,140,364,,308,,,b'\x11\xe8\xe1I\xeb\xa8\xf2T\x9a\xbe\x12\xdf\x17\xaeN\x1e'
11E8E149-EBA8-F254-9ABE-12DF17AE4E1E,2024-ncaa-d3-conf-North Atlantic,ncaa,5,8,5,7,6,4,4,5,6,4,3,8,8,11,4,13,2,2,1,2,3,5,7,7,5,5,6,12,1,10,10,6,7,6,8,7,10,6,4,6,9,12,5,7,,,4,2,,,7,6,7,5,6,6,9,6,4,10,11,1,2,2,7,11,11,7,9,8,4,11,7,,1,,,7,10,12,11,8,12,14,8,12,11,10,8,4,4,4,4,2,9,10,9,7,11,5,11,2,11,7,7,10,8,8,12,10,8,11,12,6,5,13,10,,,4,3,,,7,9,5,12,7,9,11,11,11,12,12,11,2,3,2,11,7,9,6,6,10,11,4,11,,3,,,b'\x11\xe8\xe1I\xeb\xa8\xf2T\x9a\xbe\x12\xdf\x17\xaeN\x1e'
11E8E149-EBA8-F254-9ABE-12DF17AE4E1E,2024-ncaa-d3-natl,ncaa,299,87,420,192,420,400,404,419,190,395,407,277,378,415,57,362,328,374,38,371,121,418,419,210,167,171,192,304,52,412,264,414,245,415,208,388,185,6,202,203,417,371,343,229,,,6,17,,,217,419,88,244,133,198,167,158,77,247,339,27,55,42,127,133,284,57,146,183,229,341,198,,22,,,217,7,12,14,185,16,12,194,70,43,257,359,5,7,4,7,25,10,9,209,120,226,175,385,11,18,245,6,264,7,208,51,361,419,363,388,6,148,82,287,,,412,126,,,217,9,206,246,216,306,353,392,302,342,392,403,10,40,36,378,331,319,181,261,367,320,171,363,,98,,,b'\x11\xe8\xe1I\xeb\xa8\xf2T\x9a\xbe\x12\xdf\x17\xaeN\x1e'
11E8E149-EBA8-F254-9ABE-12DF17AE4E1E,2025-ncaa-d3-conf-North Atlantic,genius_ncaa,7,7,7,7,8,7,8,7,9,9,10,7,6,4,9,3,4,4,1,5,1,7,9,7,7,6,1,3,1,7,8,8,8,8,8,8,5,5,5,7,7,8,8,8,,,3,3,,3,7,8,4,6,7,8,6,10,9,5,4,4,4,4,6,7,7,8,8,8,5,7,8,,3,,4,7,9,9,6,8,9,5,7,9,7,10,8,3,3,6,3,4,5,3,8,8,8,7,9,3,9,8,4,8,8,8,9,9,7,7,8,7,8,4,7,,,5,2,,8,7,3,7,8,7,8,8,8,8,9,8,8,7,7,7,8,9,8,9,9,8,7,8,4,,3,,8,b'\x11\xe8\xe1I\xeb\xa8\xf2T\x9a\xbe\x12\xdf\x17\xaeN\x1e'
11E8E149-EBA8-F254-9ABE-12DF17AE4E1E,2025-ncaa-d3-natl,genius_ncaa,370,215,416,359,416,410,413,416,383,415,417,377,359,362,324,56,400,411,201,412,86,416,417,369,357,361,23,66,64,415,382,416,376,417,396,396,31,12,341,322,409,346,415,403,,,4,25,,53,351,416,104,258,363,382,299,396,374,181,84,206,204,215,301,207,377,378,396,277,326,301,403,,53,,138,384,7,18,5,375,14,3,360,151,29,410,365,7,7,223,7,69,3,4,394,378,388,255,391,24,24,376,6,382,5,396,218,415,413,318,401,73,375,10,241,,,416,202,,397,351,3,369,387,383,385,386,381,364,302,411,381,94,91,90,359,329,356,338,344,412,253,366,131,,208,,379,b'\x11\xe8\xe1I\xeb\xa8\xf2T\x9a\xbe\x12\xdf\x17\xaeN\x1e'
11E8E149-EBA8-F254-9ABE-12DF17AE4E1E,2026-ncaa-d3-conf-North Atlantic,genius_ncaa,9,8,8,9,8,10,10,10,5,10,10,2,9,10,8,4,10,9,8,9,2,10,10,5,6,8,7,5,5,10,10,9,10,10,8,10,1,9,10,10,10,8,9,8,,,1,1,,1,8,9,3,1,9,9,10,9,10,8,9,9,8,8,10,9,10,4,9,8,10,8,7,,1,,1,9,7,8,5,8,7,4,9,7,5,7,7,1,2,2,2,3,5,3,8,8,9,2,6,2,8,10,1,10,3,8,8,8,10,10,10,9,10,6,9,,,9,7,,9,8,3,9,10,9,10,10,10,10,10,8,10,5,7,7,10,9,10,1,7,10,10,10,7,,8,,8,b'\x11\xe8\xe1I\xeb\xa8\xf2T\x9a\xbe\x12\xdf\x17\xaeN\x1e'
11E8E149-EBA8-F254-9ABE-12DF17AE4E1E,2026-ncaa-d3-natl,genius_ncaa,390,200,400,390,401,410,409,408,369,408,406,329,403,399,386,208,408,404,405,403,132,408,403,376,388,406,304,298,201,405,395,399,399,401,385,399,5,144,413,390,404,388,395,392,,,10,5,,9,386,402,101,113,409,408,412,398,400,377,345,397,327,304,412,254,400,152,316,305,411,356,368,,15,,20,411,36,61,36,356,68,32,384,67,59,170,321,11,12,55,12,48,30,19,351,298,376,63,238,10,126,399,15,395,29,385,127,358,406,407,410,280,414,78,393,,,407,368,,381,386,14,409,400,411,403,408,411,405,391,377,402,78,133,138,408,386,406,193,369,408,370,414,309,,372,,348,b'\x11\xe8\xe1I\xeb\xa8\xf2T\x9a\xbe\x12\xdf\x17\xaeN\x1e'
11E8E149-EBAD-7702-9ABE-12DF17AE4E1E,2018-ncaa-d3-conf-AMCC,ncaa,4,3,5,4,5,7,6,4,7,6,6,3,6,2,10,3,2,2,4,2,1,4,3,7,6,7,4,7,2,2,1,2,2,1,1,7,6,10,8,8,4,3,4,4,,,8,8,,,5,4,2,3,5,7,4,6,7,7,2,2,2,2,4,1,1,4,1,8,9,3,4,,8,,,5,4,8,4,8,10,9,9,1,3,3,2,6,4,8,3,1,4,6,4,5,4,1,1,6,2,2,5,1,1,1,3,3,4,4,5,8,6,5,5,,,1,3,,,5,7,6,3,5,5,7,7,9,9,1,2,5,3,3,5,7,1,3,2,4,4,7,5,,2,,,b'\x11\xe8\xe1I\xeb\xadw\x02\x9a\xbe\x12\xdf\x17\xaeN\x1e'
11E8E149-EBAD-7702-9ABE-12DF17AE4E1E,2018-ncaa-d3-natl,ncaa,179,197,123,190,147,140,193,87,323,195,161,259,182,69,370,129,32,21,214,22,19,67,30,322,285,324,119,236,30,17,14,152,231,46,65,183,193,431,383,358,47,64,130,210,,,381,291,,,208,54,37,152,138,229,75,233,197,194,76,21,14,14,49,14,13,173,23,197,419,44,142,,378,,,210,342,368,343,290,412,408,287,43,72,69,28,334,272,421,271,118,345,388,231,245,163,26,15,271,306,231,227,14,254,65,327,184,44,67,106,423,347,287,252,,,42,197,,,208,390,270,147,209,283,319,313,388,394,30,41,328,239,242,311,391,267,190,215,290,35,407,272,,24,,,b'\x11\xe8\xe1I\xeb\xadw\x02\x9a\xbe\x12\xdf\x17\xaeN\x1e'
11E8E149-EBAD-7702-9ABE-12DF17AE4E1E,2019-ncaa-d3-conf-AMCC,ncaa,6,5,7,6,10,7,7,8,7,8,8,7,3,6,4,3,10,9,9,9,8,8,7,5,5,8,3,2,10,8,3,7,6,8,5,7,6,8,10,9,7,6,7,7,,,8,7,,,8,7,3,9,6,6,6,8,8,3,4,10,9,9,6,4,6,6,6,7,10,6,7,,8,,,8,4,3,5,5,6,4,5,2,3,3,3,5,4,6,4,6,5,5,4,4,6,4,2,6,6,6,1,3,2,5,4,5,7,5,6,7,8,8,7,,,9,8,,,8,4,9,6,8,6,6,8,7,7,3,4,5,6,6,8,7,8,3,4,5,5,8,8,,7,,,b'\x11\xe8\xe1I\xeb\xadw\x02\x9a\xbe\x12\xdf\x17\xaeN\x1e'
11E8E149-EBAD-7702-9ABE-12DF17AE4E1E,2019-ncaa-d3-natl,ncaa,263,274,215,276,311,265,214,229,195,223,253,205,157,172,166,143,396,388,366,386,395,278,213,186,249,300,267,124,427,198,147,279,343,266,239,176,163,371,371,290,218,240,328,371,,,185,146,,,302,218,145,407,270,188,185,218,249,145,157,416,403,399,267,156,178,281,243,154,378,209,344,,203,,,297,267,325,300,273,378,362,281,104,138,118,98,189,153,335,158,96,282,264,228,218,236,53,66,157,328,343,122,147,201,239,372,364,217,246,341,381,383,243,265,,,365,409,,,302,233,297,259,286,292,325,344,366,386,107,136,203,170,169,328,317,339,134,221,369,204,381,262,,401,,,b'\x11\xe8\xe1I\xeb\xadw\x02\x9a\xbe\x12\xdf\x17\xaeN\x1e'
11E8E149-EBAD-7702-9ABE-12DF17AE4E1E,2020-ncaa-d3-conf-AMCC,ncaa,9,9,7,9,7,9,10,11,6,10,10,7,9,10,4,5,8,8,9,9,6,11,10,6,6,8,5,4,6,10,9,10,10,10,9,8,6,11,11,9,11,11,11,11,,,2,4,,,9,11,10,5,9,10,11,10,10,9,10,7,8,9,11,10,10,10,10,8,11,11,11,,4,,,9,6,7,7,7,5,4,9,9,11,7,11,2,3,7,2,4,6,2,9,8,9,9,11,3,7,10,1,9,4,9,6,3,11,11,10,11,11,5,10,,,7,3,,,9,1,9,10,9,8,9,9,8,5,9,11,2,3,3,8,5,8,2,5,7,11,11,5,,4,,,b'\x11\xe8\xe1I\xeb\xadw\x02\x9a\xbe\x12\xdf\x17\xaeN\x1e'
11E8E149-EBAD-7702-9ABE-12DF17AE4E1E,2020-ncaa-d3-natl,ncaa,397,419,198,408,278,365,367,395,295,368,370,318,315,340,206,243,276,288,231,305,167,389,377,296,267,334,166,205,104,404,368,361,408,393,369,322,150,313,398,358,370,376,427,431,,,94,96,,,380,361,366,291,390,391,425,385,390,307,340,276,286,314,426,418,417,394,424,345,330,382,432,,80,,,373,285,327,305,274,291,187,339,340,390,145,372,132,109,284,108,131,259,142,287,261,363,217,312,88,378,408,51,368,175,369,247,156,401,406,385,407,422,163,272,,,251,77,,,380,81,360,395,377,297,324,336,290,210,335,386,144,126,119,303,179,367,60,207,257,411,396,179,,236,,,b'\x11\xe8\xe1I\xeb\xadw\x02\x9a\xbe\x12\xdf\x17\xaeN\x1e'
11E8E149-EBAD-7702-9ABE-12DF17AE4E1E,2021-ncaa-d3-natl,ncaa,251,58,256,251,259,271,269,268,253,271,268,274,252,256,61,54,281,280,283,280,280,270,265,235,258,263,47,6,284,270,271,272,284,272,284,273,278,27,235,276,266,207,240,155,,,12,4,,,219,265,159,110,265,251,176,272,204,58,97,282,281,281,247,211,252,285,283,277,210,179,77,,4,,,282,35,39,30,285,40,31,284,39,25,283,93,8,11,59,10,2,26,24,285,285,285,13,162,2,35,284,30,271,31,284,46,216,268,269,284,35,262,21,60,,,280,284,,,219,20,264,285,284,283,284,277,284,279,274,164,6,5,5,259,223,274,272,276,283,262,245,38,,285,,,b'\x11\xe8\xe1I\xeb\xadw\x02\x9a\xbe\x12\xdf\x17\xaeN\x1e'
11E8E149-EBAD-7702-9ABE-12DF17AE4E1E,2022-ncaa-d3-conf-AMCC,ncaa,6,4,7,6,7,6,6,8,4,6,6,4,9,9,4,9,7,7,8,7,3,8,9,4,4,5,9,9,4,6,6,7,3,6,4,7,8,5,7,7,3,3,8,7,,,2,5,,,4,9,8,3,6,6,8,5,5,9,9,6,6,6,8,9,6,6,6,7,6,3,8,,4,,,4,2,1,1,3,1,1,2,9,8,9,9,2,2,8,2,7,1,1,7,7,5,9,9,4,2,3,1,6,1,4,6,9,3,3,6,4,7,3,3,,,4,2,,,4,1,5,4,4,5,3,1,1,1,9,9,3,2,2,1,2,3,2,2,7,3,6,4,,3,,,b'\x11\xe8\xe1I\xeb\xadw\x02\x9a\xbe\x12\xdf\x17\xaeN\x1e'
11E8E149-EBAD-7702-9ABE-12DF17AE4E1E,2022-ncaa-d3-natl,ncaa,210,257,107,241,183,203,175,171,191,107,68,233,345,359,261,389,229,170,328,170,312,170,147,243,258,263,390,380,228,83,72,154,240,123,140,254,377,315,275,315,58,49,331,340,,,201,154,,,203,173,264,390,259,198,221,106,68,368,390,259,197,195,224,194,107,213,149,304,268,63,359,,145,,,207,219,200,255,139,100,151,93,390,354,368,367,164,163,212,170,215,234,258,192,172,154,395,408,155,292,240,201,72,238,140,367,413,121,135,264,314,268,80,22,,,158,213,,,203,243,242,161,212,147,130,160,61,85,378,326,124,122,129,144,180,245,120,169,318,152,274,47,,201,,,b'\x11\xe8\xe1I\xeb\xadw\x02\x9a\xbe\x12\xdf\x17\xaeN\x1e'
11E8E149-EBAD-7702-9ABE-12DF17AE4E1E,2023-ncaa-d3-conf-Empire 8,ncaa,9,9,7,9,8,8,7,9,5,5,4,8,9,10,3,10,9,9,9,9,10,9,9,8,8,8,10,10,8,9,9,7,7,9,8,9,10,5,7,8,10,10,8,8,,,2,2,,,9,9,8,4,8,6,9,5,1,9,10,9,8,8,9,9,9,5,8,9,7,10,6,,2,,,9,5,7,5,9,7,8,7,6,6,9,5,3,3,4,3,1,5,3,6,6,9,3,6,3,7,7,6,9,5,8,6,3,9,9,9,8,9,7,7,,,9,8,,,9,2,8,9,9,8,8,8,9,10,6,6,4,3,3,8,6,8,7,7,7,9,9,7,,8,,,b'\x11\xe8\xe1I\xeb\xadw\x02\x9a\xbe\x12\xdf\x17\xaeN\x1e'
11E8E149-EBAD-7702-9ABE-12DF17AE4E1E,2023-ncaa-d3-natl,ncaa,341,345,271,349,290,332,304,307,279,228,134,357,371,401,95,401,360,364,311,363,413,323,350,327,337,316,392,362,327,300,309,248,291,289,306,360,396,129,220,317,381,384,232,255,,,44,48,,,316,353,332,152,348,297,280,197,66,377,407,379,373,373,318,347,286,170,235,368,164,391,225,,38,,,316,137,198,196,210,216,246,153,200,135,319,155,74,65,247,61,50,145,106,197,165,244,132,245,77,272,291,224,309,252,306,189,166,361,350,322,261,325,258,205,,,358,316,,,316,82,319,285,318,213,262,290,269,330,232,180,82,74,68,244,177,308,299,315,229,357,286,300,,372,,,b'\x11\xe8\xe1I\xeb\xadw\x02\x9a\xbe\x12\xdf\x17\xaeN\x1e'
11E8E149-EBB2-42A0-9ABE-12DF17AE4E1E,2018-ncaa-d3-conf-CUNYAC,ncaa,8,8,7,8,7,8,8,8,8,8,7,8,9,8,8,7,9,9,9,9,9,8,8,8,8,8,6,6,5,7,5,9,8,8,8,8,7,9,9,8,8,8,8,8,,,4,4,,,9,8,6,7,8,8,8,8,7,9,8,9,9,9,8,8,6,9,8,8,9,8,8,,5,,,9,9,9,5,9,8,5,9,9,5,9,5,3,4,2,4,4,4,2,9,9,9,3,8,3,4,8,5,5,4,8,8,8,8,8,8,9,8,6,7,,,9,9,,,9,2,8,9,8,9,9,7,8,7,9,5,7,7,7,7,6,6,5,6,8,8,9,7,,9,,,b'\x11\xe8\xe1I\xeb\xb2B\xa0\x9a\xbe\x12\xdf\x17\xaeN\x1e'
11E8E149-EBB2-42A0-9ABE-12DF17AE4E1E,2018-ncaa-d3-natl,ncaa,426,437,197,428,295,421,417,241,438,381,96,437,422,401,435,408,415,307,442,307,396,262,91,437,440,439,405,401,222,102,179,296,438,206,398,421,421,443,435,440,285,391,423,436,,,281,99,,,439,102,27,409,435,435,218,400,62,432,414,426,321,334,254,38,74,324,180,436,441,291,428,,311,,,439,439,437,438,337,426,417,329,410,388,338,238,280,360,19,361,194,440,415,340,300,353,165,275,79,443,438,376,179,432,398,441,408,203,375,416,444,433,315,221,,,323,421,,,439,363,439,405,438,433,429,438,418,424,413,405,304,384,384,441,434,440,372,426,435,201,440,332,,343,,,b'\x11\xe8\xe1I\xeb\xb2B\xa0\x9a\xbe\x12\xdf\x17\xaeN\x1e'
11E8E149-EBB2-42A0-9ABE-12DF17AE4E1E,2019-ncaa-d3-conf-CUNYAC,ncaa,8,8,7,8,7,8,8,8,8,8,6,8,8,9,8,8,6,7,5,7,6,8,7,8,8,8,6,9,1,6,5,7,8,7,7,8,9,6,7,7,8,7,4,5,,,2,3,,,8,8,3,1,8,8,6,8,5,8,9,5,6,6,6,4,5,6,5,8,7,8,3,,5,,,8,8,8,7,8,8,6,8,8,6,6,6,3,4,2,3,3,6,2,8,8,8,3,8,2,8,8,5,5,7,7,9,9,8,8,9,7,7,3,2,,,5,6,,,8,2,8,8,8,8,8,8,9,8,8,7,6,6,5,8,8,9,6,8,9,8,7,4,,4,,,b'\x11\xe8\xe1I\xeb\xb2B\xa0\x9a\xbe\x12\xdf\x17\xaeN\x1e'
11E8E149-EBB2-42A0-9ABE-12DF17AE4E1E,2019-ncaa-d3-natl,ncaa,424,439,215,435,315,412,415,237,438,380,97,437,430,395,440,400,290,209,400,203,303,228,100,439,438,438,357,426,15,94,253,240,434,174,406,415,351,437,420,432,251,350,190,262,,,222,82,,,431,119,30,438,433,432,193,404,58,435,394,296,188,183,181,39,75,216,108,429,431,258,180,,246,,,428,385,394,405,238,392,393,243,306,325,199,197,205,317,14,320,183,411,401,222,163,191,118,203,110,439,434,423,253,440,406,430,418,128,236,351,432,411,287,216,,,196,304,,,431,329,436,309,426,382,388,417,380,407,312,343,226,330,334,425,429,437,423,435,422,114,424,305,,155,,,b'\x11\xe8\xe1I\xeb\xb2B\xa0\x9a\xbe\x12\xdf\x17\xaeN\x1e'
11E8E149-EBB2-42A0-9ABE-12DF17AE4E1E,2020-ncaa-d3-conf-CUNYAC,ncaa,7,6,7,7,8,7,7,7,6,6,5,6,7,7,7,7,8,6,7,6,7,8,6,7,7,7,6,7,3,5,5,7,7,6,6,6,6,8,8,7,7,7,4,4,,,3,3,,,7,7,2,8,7,6,7,6,4,7,7,7,4,4,8,2,5,6,5,6,8,7,4,,5,,,7,7,7,6,6,7,6,6,6,5,8,6,5,4,5,5,4,6,4,7,7,6,4,6,3,7,7,3,5,7,6,7,8,7,7,7,8,8,6,7,,,5,3,,,7,2,7,7,7,7,7,7,7,7,7,6,8,7,7,7,7,7,5,7,7,6,8,7,,3,,,b'\x11\xe8\xe1I\xeb\xb2B\xa0\x9a\xbe\x12\xdf\x17\xaeN\x1e'
11E8E149-EBB2-42A0-9ABE-12DF17AE4E1E,2020-ncaa-d3-natl,ncaa,344,306,398,348,411,414,401,374,405,345,171,411,430,431,421,427,418,400,418,399,422,385,329,423,425,428,433,423,290,237,205,281,391,272,315,396,283,425,426,421,368,378,259,280,,,24,19,,,393,349,27,434,417,381,210,279,22,430,426,410,351,355,254,40,108,53,58,376,433,315,214,,62,,,400,97,212,235,166,256,309,144,146,129,216,131,16,40,5,40,27,185,166,147,85,108,42,219,28,393,391,158,205,300,315,376,421,240,238,352,427,425,78,65,,,411,423,,,393,91,424,202,391,315,377,425,387,428,274,293,44,123,125,417,424,428,363,413,415,108,432,143,,370,,,b'\x11\xe8\xe1I\xeb\xb2B\xa0\x9a\xbe\x12\xdf\x17\xaeN\x1e'
11E8E149-EBB2-42A0-9ABE-12DF17AE4E1E,2023-ncaa-d3-conf-CUNYAC,ncaa,8,8,7,8,8,8,8,8,7,7,7,8,8,8,7,7,8,8,8,8,8,8,8,7,8,8,7,6,5,8,8,7,8,8,8,8,8,8,8,8,8,8,1,1,,,1,1,,,8,7,1,5,8,8,8,7,7,8,8,8,8,8,8,8,8,5,8,8,8,8,1,,1,,,8,8,8,8,8,8,8,8,2,4,5,1,1,1,3,1,1,8,6,6,6,7,1,1,1,8,8,3,8,8,8,8,8,8,8,8,8,8,5,8,,,8,8,,,8,3,8,8,8,8,8,8,8,8,6,5,1,1,1,8,8,8,6,8,8,8,8,7,,8,,,b'\x11\xe8\xe1I\xeb\xb2B\xa0\x9a\xbe\x12\xdf\x17\xaeN\x1e'
11E8E149-EBB2-42A0-9ABE-12DF17AE4E1E,2023-ncaa-d3-natl,ncaa,396,398,333,407,363,416,412,393,420,395,221,421,421,417,414,415,418,409,423,408,425,398,240,422,422,426,416,408,325,300,298,323,423,332,403,408,240,429,429,424,203,291,10,37,,,25,6,,,426,199,13,288,424,418,406,407,118,423,421,425,418,418,413,53,247,219,246,415,429,146,5,,24,,,423,375,415,407,355,422,417,343,100,143,87,53,41,77,18,76,15,398,368,289,204,259,2,33,16,425,423,208,298,400,403,427,423,196,325,407,429,429,238,262,,,410,427,,,426,249,426,370,422,411,421,426,424,429,167,219,53,124,125,424,425,427,340,416,426,114,429,310,,425,,,b'\x11\xe8\xe1I\xeb\xb2B\xa0\x9a\xbe\x12\xdf\x17\xaeN\x1e'
11E8E149-EBB2-42A0-9ABE-12DF17AE4E1E,2024-ncaa-d3-conf-CUNYAC,ncaa,6,6,1,6,1,5,5,5,6,4,2,6,7,7,6,8,2,1,7,1,4,5,1,6,6,6,8,8,2,2,2,2,5,1,3,6,7,8,7,7,6,7,1,1,,,8,4,,,6,1,1,1,6,6,5,5,2,7,8,3,1,1,5,1,2,2,2,6,8,7,1,,6,,,6,8,7,8,4,7,8,4,7,7,6,6,8,8,2,8,5,8,8,4,4,7,5,6,3,7,5,3,2,6,3,7,7,6,7,7,8,8,7,3,,,1,3,,,6,8,6,6,6,6,6,6,5,6,7,7,8,8,8,6,7,6,1,4,6,7,8,7,,1,,,b'\x11\xe8\xe1I\xeb\xb2B\xa0\x9a\xbe\x12\xdf\x17\xaeN\x1e'
11E8E149-EBB2-42A0-9ABE-12DF17AE4E1E,2024-ncaa-d3-natl,ncaa,271,232,345,270,357,370,352,325,364,264,96,386,416,420,358,424,289,142,416,132,228,298,125,391,395,408,412,422,85,46,18,88,344,59,100,323,197,427,416,402,178,232,14,24,,,178,114,,,337,178,16,244,360,336,206,187,21,422,423,225,49,43,154,10,10,5,3,300,427,111,6,,309,,,343,101,127,311,26,173,359,20,105,148,89,88,125,268,2,265,159,319,322,23,12,26,140,155,176,406,344,87,18,286,100,335,418,150,198,263,427,418,258,181,,,233,327,,,337,250,399,57,333,225,258,398,272,407,175,265,214,358,357,406,420,415,219,370,371,60,426,328,,101,,,b'\x11\xe8\xe1I\xeb\xb2B\xa0\x9a\xbe\x12\xdf\x17\xaeN\x1e'
11E8E149-EBB2-42A0-9ABE-12DF17AE4E1E,2025-ncaa-d3-conf-CUNYAC,genius_ncaa,6,6,4,6,4,6,6,6,6,6,2,7,7,8,5,8,6,5,6,5,8,6,5,6,6,6,8,8,3,5,5,4,6,3,5,6,6,6,6,6,6,7,2,3,,,6,6,,2,6,6,2,2,6,6,4,6,1,8,8,5,5,5,4,4,5,2,3,6,6,6,2,,6,,2,6,7,6,8,4,6,8,4,6,6,6,3,4,6,2,6,3,8,7,4,4,5,4,4,2,7,6,4,5,7,5,7,6,6,8,7,7,6,1,1,,,5,5,,8,6,4,6,6,6,6,6,8,6,7,6,6,6,6,6,8,7,7,5,7,6,8,7,1,,5,,8,b'\x11\xe8\xe1I\xeb\xb2B\xa0\x9a\xbe\x12\xdf\x17\xaeN\x1e'
11E8E149-EBB2-42A0-9ABE-12DF17AE4E1E,2025-ncaa-d3-natl,genius_ncaa,370,334,386,372,389,399,387,367,395,321,111,405,417,417,406,419,380,286,412,293,368,365,311,408,408,408,418,418,122,163,138,212,373,188,277,359,86,392,396,383,247,256,49,67,,,158,170,,43,359,345,21,239,398,375,145,200,5,418,419,327,125,131,136,22,40,11,7,293,412,118,12,,364,,60,368,42,71,213,31,125,308,25,40,60,60,49,106,199,6,195,132,202,167,24,13,36,76,87,193,398,373,148,138,304,277,341,418,266,278,340,409,408,107,70,,,316,277,,418,359,84,405,113,359,298,307,403,335,412,146,235,260,354,356,410,410,415,376,402,394,103,414,231,,112,,418,b'\x11\xe8\xe1I\xeb\xb2B\xa0\x9a\xbe\x12\xdf\x17\xaeN\x1e'
11E8E149-EBB2-42A0-9ABE-12DF17AE4E1E,2026-ncaa-d3-conf-CUNYAC,genius_ncaa,3,3,1,3,1,4,3,2,5,3,1,5,6,7,6,8,5,4,8,4,5,1,2,5,5,5,8,8,6,2,3,3,2,3,4,4,6,3,3,4,2,3,8,8,,,7,6,,1,3,2,2,1,4,3,2,3,1,6,7,5,4,4,1,2,2,3,3,4,3,2,8,,7,,1,3,3,3,3,2,2,2,2,4,4,5,4,7,7,5,7,6,3,3,2,3,2,7,6,6,3,2,6,3,4,4,3,8,2,3,3,2,2,7,5,,,6,6,,5,3,7,5,2,3,3,3,3,2,2,4,4,7,7,7,3,3,3,6,4,3,2,2,7,,6,,5,b'\x11\xe8\xe1I\xeb\xb2B\xa0\x9a\xbe\x12\xdf\x17\xaeN\x1e'
11E8E149-EBB2-42A0-9ABE-12DF17AE4E1E,2026-ncaa-d3-natl,genius_ncaa,345,329,215,363,249,365,363,293,385,291,136,397,408,399,401,415,235,66,410,68,117,266,158,399,402,405,400,414,34,141,155,276,351,240,299,379,356,400,409,408,194,235,334,373,,,241,204,,45,406,157,13,113,390,385,293,261,40,416,415,174,18,21,197,14,77,242,153,391,412,133,332,,344,,64,408,344,345,238,399,369,327,348,209,73,406,14,334,335,257,338,240,252,262,394,399,380,87,87,236,290,351,231,155,261,299,383,356,158,195,339,399,397,242,209,,,97,86,,323,406,255,405,379,405,410,402,372,406,407,261,58,386,385,386,384,399,352,340,355,403,80,407,301,,12,,330,b'\x11\xe8\xe1I\xeb\xb2B\xa0\x9a\xbe\x12\xdf\x17\xaeN\x1e'
11E8E149-EBB6-A926-9ABE-12DF17AE4E1E,2018-ncaa-d3-conf-Skyline,ncaa,4,4,1,4,1,5,5,4,5,3,2,8,6,8,1,7,3,3,2,3,8,4,3,7,6,6,6,6,3,3,3,5,5,3,3,5,4,6,4,5,4,4,4,4,,,3,3,,,5,4,9,2,7,5,6,3,3,6,8,4,5,5,6,7,3,6,4,6,4,6,4,,2,,,5,4,5,6,4,5,6,3,4,3,6,4,2,2,8,2,2,3,5,4,4,4,4,4,3,5,5,4,3,4,3,3,1,3,3,4,5,5,7,4,,,4,2,,,5,7,5,4,5,3,5,5,5,5,3,2,2,2,2,2,2,5,3,3,3,5,5,7,,4,,,b'\x11\xe8\xe1I\xeb\xb6\xa9&\x9a\xbe\x12\xdf\x17\xaeN\x1e'
11E8E149-EBB6-A926-9ABE-12DF17AE4E1E,2018-ncaa-d3-natl,ncaa,138,114,197,130,224,234,198,114,304,130,36,348,365,382,242,410,246,230,262,237,398,128,123,347,346,317,393,385,256,27,21,149,299,58,93,165,150,252,186,198,78,76,73,104,,,51,24,,,95,220,185,146,226,173,52,81,14,375,397,250,226,238,62,68,19,92,19,143,262,64,73,,40,,,83,26,83,253,20,146,357,19,52,96,45,84,17,18,45,18,7,166,265,14,5,5,25,144,24,370,299,183,21,262,93,34,29,83,70,19,251,203,315,156,,,248,358,,,95,222,250,11,84,29,95,293,162,361,49,97,7,9,10,191,306,360,200,285,31,52,267,332,,268,,,b'\x11\xe8\xe1I\xeb\xb6\xa9&\x9a\xbe\x12\xdf\x17\xaeN\x1e'
11E8E149-EBB6-A926-9ABE-12DF17AE4E1E,2019-ncaa-d3-conf-Skyline,ncaa,2,2,1,2,1,6,4,7,4,3,3,4,6,7,1,7,7,6,8,6,9,7,7,4,4,4,8,7,9,2,2,4,3,2,3,4,3,4,5,3,6,6,1,1,,,1,1,,,3,9,10,1,6,4,8,3,4,7,8,9,9,8,8,10,2,4,3,4,4,7,1,,1,,,3,1,2,2,2,3,4,3,1,2,1,6,1,1,9,1,1,2,2,1,1,1,3,2,4,3,3,3,2,3,3,1,1,6,4,1,4,4,1,1,,,6,4,,,3,2,4,1,3,1,2,2,2,2,1,1,1,1,1,2,2,2,3,3,1,7,4,1,,9,,,b'\x11\xe8\xe1I\xeb\xb6\xa9&\x9a\xbe\x12\xdf\x17\xaeN\x1e'
11E8E149-EBB6-A926-9ABE-12DF17AE4E1E,2019-ncaa-d3-natl,ncaa,38,15,129,23,181,216,148,97,240,83,28,299,350,375,184,415,323,268,391,255,406,121,149,298,330,278,420,381,379,11,2,70,152,18,19,131,154,141,84,97,203,185,11,10,,,18,8,,,41,311,399,242,252,158,79,63,18,372,398,358,299,288,103,160,5,35,8,129,112,218,6,,7,,,37,12,27,247,5,79,317,9,16,129,1,145,8,11,10,12,6,144,157,2,1,1,15,98,29,291,152,116,2,177,19,8,3,206,181,10,181,143,103,29,,,294,369,,,41,131,149,2,27,2,19,199,65,289,9,100,2,4,4,82,74,270,80,132,2,239,148,84,,355,,,b'\x11\xe8\xe1I\xeb\xb6\xa9&\x9a\xbe\x12\xdf\x17\xaeN\x1e'
11E8E149-EBB6-A926-9ABE-12DF17AE4E1E,2020-ncaa-d3-conf-Skyline,ncaa,1,1,1,1,2,4,4,1,7,2,1,8,10,10,9,11,2,1,7,1,7,1,2,7,7,7,10,10,4,1,2,2,1,2,1,3,2,5,2,3,2,3,2,2,,,3,3,,,3,3,11,5,7,7,3,2,1,10,11,4,2,2,2,4,2,3,3,4,3,6,2,,1,,,3,2,4,6,3,5,6,4,3,4,2,7,1,1,2,1,1,4,6,3,2,2,2,6,2,2,1,5,2,3,1,3,2,2,2,3,6,2,8,2,,,2,5,,,3,8,4,1,3,1,2,1,3,2,1,3,1,1,1,1,1,1,3,1,1,6,3,6,,4,,,b'\x11\xe8\xe1I\xeb\xb6\xa9&\x9a\xbe\x12\xdf\x17\xaeN\x1e'
11E8E149-EBB6-A926-9ABE-12DF17AE4E1E,2020-ncaa-d3-natl,ncaa,24,31,26,31,53,152,122,19,337,48,6,375,366,369,323,423,116,64,340,64,363,19,24,373,378,330,412,416,169,3,2,13,26,3,3,63,38,215,65,72,125,155,36,40,,,67,37,,,42,101,336,303,253,219,38,75,4,401,406,190,125,130,39,78,4,26,4,106,110,181,54,,16,,,46,32,63,333,7,84,254,20,130,346,7,330,20,28,53,25,18,244,318,10,3,5,135,287,54,186,26,331,2,286,3,19,14,87,103,10,222,107,364,139,,,102,323,,,42,336,208,7,41,5,13,138,30,113,57,239,4,7,7,57,83,95,174,126,6,161,140,310,,233,,,b'\x11\xe8\xe1I\xeb\xb6\xa9&\x9a\xbe\x12\xdf\x17\xaeN\x1e'
11E8E149-EBB6-A926-9ABE-12DF17AE4E1E,2021-ncaa-d3-conf-Skyline,ncaa,1,1,3,1,3,3,3,3,3,3,3,2,3,3,2,3,3,3,2,3,1,3,3,3,1,1,2,3,1,3,1,3,1,3,1,3,3,1,1,2,3,2,2,2,,,1,2,,,1,3,3,1,1,3,3,2,1,3,3,1,1,1,1,1,1,3,1,3,1,3,2,,1,,,1,1,1,1,1,1,1,2,1,1,1,2,1,1,3,1,2,1,1,1,1,1,1,1,2,1,1,1,1,1,1,1,1,3,1,1,1,1,1,2,,,3,1,,,1,1,1,1,1,1,1,1,1,1,1,1,1,1,1,1,1,1,2,1,1,1,1,2,,1,,,b'\x11\xe8\xe1I\xeb\xb6\xa9&\x9a\xbe\x12\xdf\x17\xaeN\x1e'
11E8E149-EBB6-A926-9ABE-12DF17AE4E1E,2021-ncaa-d3-natl,ncaa,215,1,273,1,275,275,277,278,257,276,273,257,280,282,269,269,262,258,159,257,3,275,273,264,239,215,87,276,1,265,16,277,118,273,51,278,136,13,131,216,273,76,283,274,,,3,6,,,109,277,30,110,110,219,61,146,18,266,236,1,1,1,11,6,3,124,9,186,210,57,270,,8,,,20,2,2,4,4,3,5,22,3,4,3,91,5,5,275,3,42,4,6,2,7,1,27,8,249,3,118,6,16,3,51,2,3,266,4,2,13,203,7,26,,,263,2,,,109,8,172,2,26,6,5,47,33,113,4,47,72,39,27,23,204,120,212,190,2,2,245,38,,1,,,b'\x11\xe8\xe1I\xeb\xb6\xa9&\x9a\xbe\x12\xdf\x17\xaeN\x1e'
11E8E149-EBB6-A926-9ABE-12DF17AE4E1E,2022-ncaa-d3-conf-Skyline,ncaa,2,2,4,2,6,7,7,6,6,5,2,9,10,10,8,10,3,5,2,6,9,6,7,9,7,7,9,10,3,1,1,5,1,1,1,8,7,2,3,6,8,6,5,2,,,5,8,,,4,10,11,6,7,7,7,5,1,10,10,4,4,4,7,9,1,4,1,8,2,8,5,,5,,,3,1,1,1,2,1,1,2,5,4,2,9,4,4,6,3,7,1,1,2,2,4,10,10,7,1,1,1,1,1,1,1,2,9,6,3,2,4,8,5,,,4,2,,,4,2,4,4,4,1,1,1,1,1,4,5,3,4,4,1,1,1,1,1,2,9,2,9,,3,,,b'\x11\xe8\xe1I\xeb\xb6\xa9&\x9a\xbe\x12\xdf\x17\xaeN\x1e'
11E8E149-EBB6-A926-9ABE-12DF17AE4E1E,2022-ncaa-d3-natl,ncaa,49,55,61,56,90,141,131,49,293,56,9,345,379,382,318,418,80,88,132,89,368,46,55,347,334,271,402,413,104,2,2,43,27,8,5,159,251,200,78,180,165,179,196,219,,,208,188,,,75,158,353,290,218,190,63,68,9,402,411,121,139,141,63,108,1,30,2,229,120,228,246,,104,,,79,84,95,257,29,94,238,29,173,254,80,250,95,133,46,133,119,231,219,27,19,36,239,274,175,125,27,248,2,194,5,48,63,191,208,65,198,116,336,140,,,87,225,,,75,259,175,27,82,17,24,95,39,114,102,165,40,61,60,64,46,69,119,88,18,269,135,299,,165,,,b'\x11\xe8\xe1I\xeb\xb6\xa9&\x9a\xbe\x12\xdf\x17\xaeN\x1e'
11E8E149-EBB6-A926-9ABE-12DF17AE4E1E,2023-ncaa-d3-conf-Skyline,ncaa,1,1,1,1,2,2,2,2,3,1,1,4,8,9,6,10,1,1,6,1,3,2,2,4,4,3,10,10,3,1,1,3,1,1,1,2,1,1,1,1,5,4,5,6,,,3,4,,,3,7,10,4,2,2,3,1,1,9,10,1,1,1,2,4,1,3,1,2,1,7,6,,1,,,3,2,2,4,2,3,3,2,5,4,5,8,1,1,10,1,2,1,1,3,3,4,7,6,3,1,1,1,1,1,1,2,2,6,6,4,2,2,4,1,,,2,2,,,3,5,1,3,3,2,2,3,3,2,4,3,1,1,1,1,1,1,1,1,2,7,2,3,,2,,,b'\x11\xe8\xe1I\xeb\xb6\xa9&\x9a\xbe\x12\xdf\x17\xaeN\x1e'
11E8E149-EBB6-A926-9ABE-12DF17AE4E1E,2023-ncaa-d3-natl,ncaa,17,9,63,15,85,68,43,35,109,14,4,181,378,392,299,421,69,33,335,33,314,29,38,205,226,144,421,418,189,1,1,24,6,3,1,19,21,132,29,11,126,117,205,228,,,84,63,,,19,184,350,201,83,44,36,6,6,400,410,94,51,49,30,68,1,17,1,11,74,176,242,,28,,,17,58,81,234,22,75,229,18,200,232,146,258,54,51,206,42,33,168,202,30,19,33,235,321,87,63,6,64,1,46,1,116,205,144,142,111,114,47,346,109,,,80,238,,,19,259,25,18,12,19,30,97,36,124,141,157,23,19,17,56,53,32,13,15,74,214,82,313,,131,,,b'\x11\xe8\xe1I\xeb\xb6\xa9&\x9a\xbe\x12\xdf\x17\xaeN\x1e'
11E8E149-EBB6-A926-9ABE-12DF17AE4E1E,2024-ncaa-d3-conf-Skyline,ncaa,5,4,4,5,4,7,6,7,5,3,2,7,11,11,7,11,3,4,7,4,8,7,6,8,8,7,10,11,2,2,2,5,1,2,1,5,4,4,5,4,7,5,5,2,,,5,6,,,5,10,11,3,7,7,7,2,2,11,11,3,3,3,7,8,1,3,2,5,4,7,4,,5,,,5,3,2,1,4,2,1,6,4,6,4,11,2,2,7,3,5,1,1,5,4,4,5,9,5,1,1,2,2,2,1,3,2,7,6,5,5,6,11,6,,,5,2,,,5,2,5,4,5,3,3,3,4,3,3,5,2,2,2,1,1,1,3,3,3,7,5,10,,4,,,b'\x11\xe8\xe1I\xeb\xb6\xa9&\x9a\xbe\x12\xdf\x17\xaeN\x1e'
11E8E149-EBB6-A926-9ABE-12DF17AE4E1E,2024-ncaa-d3-natl,ncaa,89,87,112,98,170,196,161,93,249,70,11,325,397,411,286,423,156,145,260,145,376,96,95,331,335,286,420,420,161,11,2,53,53,18,9,116,85,214,145,138,180,165,138,125,,,109,97,,,100,226,287,244,240,178,80,51,6,410,421,182,156,158,80,96,4,29,4,115,192,197,142,,72,,,96,49,71,202,22,83,177,53,110,287,11,317,63,74,91,77,103,169,184,24,15,25,191,245,137,155,53,154,2,150,9,51,78,179,160,63,190,132,347,136,,,108,171,,,100,204,194,26,93,23,44,149,69,131,89,263,39,48,49,105,118,127,117,106,37,204,161,331,,106,,,b'\x11\xe8\xe1I\xeb\xb6\xa9&\x9a\xbe\x12\xdf\x17\xaeN\x1e'
11E8E149-EBB6-A926-9ABE-12DF17AE4E1E,2025-ncaa-d3-conf-Skyline,genius_ncaa,1,1,4,1,4,2,2,4,2,1,1,2,8,10,1,10,4,4,4,4,9,4,3,2,2,2,10,10,8,2,1,1,1,1,1,2,4,7,6,2,6,6,2,2,,,4,4,,7,2,5,8,1,2,2,3,1,1,9,10,2,3,3,2,2,1,1,1,2,6,6,2,,3,,7,2,2,2,5,2,2,2,3,7,8,3,8,3,2,11,2,5,4,1,2,2,4,9,8,8,1,1,1,1,1,1,2,1,7,7,5,5,5,2,1,,,5,8,,8,2,7,2,3,2,3,2,6,2,3,7,8,3,3,3,5,2,1,1,1,2,8,5,2,,3,,8,b'\x11\xe8\xe1I\xeb\xb6\xa9&\x9a\xbe\x12\xdf\x17\xaeN\x1e'
11E8E149-EBB6-A926-9ABE-12DF17AE4E1E,2025-ncaa-d3-natl,genius_ncaa,30,11,116,17,116,95,58,55,81,22,15,147,320,353,204,389,167,168,204,157,372,63,53,154,167,189,403,385,307,6,1,15,6,6,1,27,29,330,232,105,130,129,88,76,,,95,68,,169,35,111,185,2,65,36,37,11,9,349,374,172,185,170,41,33,3,9,1,12,301,142,88,,47,,159,26,50,67,265,15,69,189,32,173,338,25,346,85,64,340,60,64,219,233,16,17,26,251,292,159,25,6,37,1,27,1,74,139,158,168,98,297,199,121,25,,,199,357,,267,35,304,99,15,38,36,54,221,54,150,156,313,62,38,36,157,168,21,16,9,66,181,265,100,,238,,284,b'\x11\xe8\xe1I\xeb\xb6\xa9&\x9a\xbe\x12\xdf\x17\xaeN\x1e'
11E8E149-EBB6-A926-9ABE-12DF17AE4E1E,2026-ncaa-d3-conf-Skyline,genius_ncaa,4,2,10,4,10,9,8,9,3,6,9,4,9,10,2,9,10,10,8,10,11,9,10,3,4,4,11,7,11,5,1,9,1,8,1,7,5,2,5,3,7,3,3,1,,,1,2,,1,3,11,9,2,4,2,4,1,2,7,8,9,8,7,4,5,3,2,2,2,5,4,3,,2,,1,3,1,2,1,3,1,1,2,5,4,11,6,1,1,8,1,1,1,1,3,3,4,8,10,2,1,1,1,1,1,1,1,1,9,5,2,3,6,7,9,,,11,10,,10,3,1,4,3,3,3,3,5,2,7,9,6,1,1,1,3,2,3,2,1,2,7,6,11,,10,,10,b'\x11\xe8\xe1I\xeb\xb6\xa9&\x9a\xbe\x12\xdf\x17\xaeN\x1e'
11E8E149-EBB6-A926-9ABE-12DF17AE4E1E,2026-ncaa-d3-natl,genius_ncaa,54,68,116,75,139,104,49,104,72,27,30,162,230,327,34,395,256,275,197,278,410,127,101,112,138,188,396,334,383,27,2,76,23,47,1,23,46,343,296,132,59,21,16,11,,,109,111,,45,13,140,303,113,87,28,60,11,9,267,376,324,336,341,92,54,18,45,14,16,336,65,16,,27,,45,17,86,112,166,60,90,194,11,225,117,378,153,21,22,180,21,7,133,138,78,40,47,247,365,26,101,23,67,2,75,1,127,224,217,140,138,262,179,336,216,,,354,416,,363,13,151,132,43,62,12,29,56,28,119,193,51,3,3,2,15,13,55,5,8,69,271,225,340,,412,,377,b'\x11\xe8\xe1I\xeb\xb6\xa9&\x9a\xbe\x12\xdf\x17\xaeN\x1e'
11E8E149-EBBB-49EA-9ABE-12DF17AE4E1E,2018-ncaa-d3-conf-USA South,ncaa,13,14,10,13,10,13,14,13,9,12,10,12,14,15,10,13,11,11,7,11,10,13,12,10,10,13,11,12,8,14,15,7,16,11,16,11,6,14,15,13,19,19,13,14,,,13,14,,,14,11,9,9,13,14,13,12,9,13,14,10,9,9,11,11,17,3,11,11,15,19,14,,14,,,14,14,15,15,8,13,13,10,17,18,10,14,11,12,1,12,10,14,11,11,6,13,12,15,7,16,16,8,15,14,16,17,15,18,19,19,11,12,2,2,,,7,2,,,14,7,14,15,14,15,14,15,13,13,15,17,11,14,14,17,14,16,11,15,17,18,13,2,,2,,,b'\x11\xe8\xe1I\xeb\xbbI\xea\x9a\xbe\x12\xdf\x17\xaeN\x1e'
11E8E149-EBBB-49EA-9ABE-12DF17AE4E1E,2018-ncaa-d3-natl,ncaa,346,394,123,365,182,264,272,217,319,225,158,319,321,302,339,325,143,100,305,100,123,188,137,341,324,343,271,342,80,268,346,130,400,184,371,305,320,381,350,369,421,441,290,346,,,346,221,,,389,113,95,303,321,324,282,269,192,345,325,154,99,102,233,162,314,126,228,350,352,438,310,,337,,,380,424,421,427,255,397,401,265,371,383,247,248,318,399,8,398,292,435,388,276,225,328,210,257,158,437,400,360,346,425,371,392,206,294,414,386,365,327,54,35,,,48,36,,,389,330,356,370,378,392,386,408,369,378,351,373,299,390,390,423,391,416,320,392,344,358,337,36,,30,,,b'\x11\xe8\xe1I\xeb\xbbI\xea\x9a\xbe\x12\xdf\x17\xaeN\x1e'
11E8E149-EBBB-49EA-9ABE-12DF17AE4E1E,2019-ncaa-d3-conf-USA South,ncaa,11,10,10,10,14,16,16,17,13,16,15,12,13,15,14,13,8,9,6,9,4,16,16,14,11,14,7,13,1,17,13,12,12,15,13,11,3,9,15,10,17,17,17,17,,,9,14,,,13,17,17,12,16,16,17,15,14,13,15,7,7,7,16,16,15,10,12,9,12,17,17,,12,,,13,2,2,4,5,5,5,10,2,6,1,8,8,8,9,8,14,4,2,4,4,6,7,5,15,8,12,5,13,4,13,4,8,16,14,13,6,13,12,15,,,9,2,,,13,2,14,9,13,7,6,8,9,9,3,9,12,13,13,8,4,13,7,10,7,16,12,12,,6,,,b'\x11\xe8\xe1I\xeb\xbbI\xea\x9a\xbe\x12\xdf\x17\xaeN\x1e'
11E8E149-EBBB-49EA-9ABE-12DF17AE4E1E,2019-ncaa-d3-natl,ncaa,338,382,129,360,210,314,335,349,307,316,271,337,311,348,193,329,131,137,187,145,100,328,288,318,278,318,173,284,26,358,350,237,347,300,334,266,87,351,377,336,378,409,424,432,,,323,300,,,351,248,304,406,377,393,420,368,325,344,370,139,145,153,411,380,390,294,370,299,325,412,436,,299,,,345,267,266,270,232,330,260,330,109,264,13,221,326,339,176,342,311,305,270,188,193,228,110,73,294,369,347,216,350,288,334,191,110,241,278,223,336,359,270,301,,,138,53,,,351,223,344,275,340,227,237,234,287,217,86,232,301,315,317,254,216,340,166,255,160,273,307,259,,143,,,b'\x11\xe8\xe1I\xeb\xbbI\xea\x9a\xbe\x12\xdf\x17\xaeN\x1e'
11E8E149-EBBB-49EA-9ABE-12DF17AE4E1E,2020-ncaa-d3-conf-USA South,ncaa,14,13,10,14,13,10,10,13,3,5,8,2,16,16,16,17,9,12,2,11,14,13,13,6,6,9,18,18,8,13,10,9,8,11,5,7,5,10,13,11,17,17,11,12,,,3,3,,,10,13,10,8,10,8,11,3,7,16,17,7,11,10,10,12,11,6,7,2,13,17,12,,3,,,10,5,9,9,10,12,14,9,2,2,1,5,5,2,18,2,2,5,4,7,6,8,2,4,8,7,8,2,10,3,5,9,9,16,16,12,8,12,3,4,,,11,7,,,10,4,11,9,10,10,12,13,14,16,4,7,7,2,2,12,8,8,3,4,11,15,12,5,,8,,,b'\x11\xe8\xe1I\xeb\xbbI\xea\x9a\xbe\x12\xdf\x17\xaeN\x1e'
11E8E149-EBBB-49EA-9ABE-12DF17AE4E1E,2020-ncaa-d3-natl,ncaa,306,245,398,298,405,340,315,393,125,191,275,91,421,414,418,403,265,325,88,320,292,388,392,211,186,256,423,432,133,368,262,256,112,320,136,254,134,228,361,279,402,385,313,326,,,25,55,,,229,392,133,231,234,190,281,50,91,421,403,146,216,207,276,178,317,35,134,143,359,379,284,,64,,,226,35,80,81,156,157,187,174,27,42,53,103,32,21,371,21,23,50,39,118,106,141,21,74,86,78,112,31,262,30,136,68,106,349,275,222,155,267,39,45,,,369,256,,,229,46,279,140,228,201,277,342,335,394,84,146,84,49,49,289,273,215,166,186,185,242,276,67,,238,,,b'\x11\xe8\xe1I\xeb\xbbI\xea\x9a\xbe\x12\xdf\x17\xaeN\x1e'
11E8E149-EBBB-49EA-9ABE-12DF17AE4E1E,2021-ncaa-d3-conf-USA South,ncaa,9,4,16,6,16,14,14,16,4,11,16,4,15,16,10,15,13,14,6,14,12,16,16,7,6,7,16,16,8,15,5,16,9,16,7,11,2,4,13,8,16,16,16,16,,,1,3,,,9,16,9,9,10,7,12,4,5,15,16,8,6,6,10,10,8,8,5,3,13,16,13,,3,,,10,1,3,1,10,6,4,9,3,1,9,3,1,1,13,1,1,1,1,10,8,13,1,6,2,1,9,1,5,1,7,2,5,16,14,13,5,13,1,4,,,15,2,,,9,1,8,12,10,10,15,14,15,16,9,5,2,2,2,12,9,13,3,5,11,15,13,6,,4,,,b'\x11\xe8\xe1I\xeb\xbbI\xea\x9a\xbe\x12\xdf\x17\xaeN\x1e'
11E8E149-EBBB-49EA-9ABE-12DF17AE4E1E,2021-ncaa-d3-natl,ncaa,101,115,146,112,160,135,125,167,36,98,123,45,202,207,181,268,119,123,127,120,145,159,146,74,71,143,270,269,109,125,56,135,212,134,97,87,23,204,255,141,220,279,204,263,,,102,25,,,175,147,71,110,99,78,196,23,50,256,266,81,80,74,165,68,103,88,75,26,265,274,236,,51,,,167,153,185,168,183,202,194,152,134,127,179,65,101,99,193,92,15,161,144,170,141,190,31,87,31,189,212,100,56,126,97,162,96,166,232,219,216,256,114,89,,,116,54,,,175,138,136,201,166,222,255,261,261,273,150,116,60,53,42,247,225,238,40,122,202,191,258,116,,45,,,b'\x11\xe8\xe1I\xeb\xbbI\xea\x9a\xbe\x12\xdf\x17\xaeN\x1e'
11E8E149-EBBB-49EA-9ABE-12DF17AE4E1E,2022-ncaa-d3-conf-USA South,ncaa,16,15,16,16,18,17,16,17,13,15,14,14,19,19,19,19,16,16,18,16,18,16,16,16,17,17,19,19,12,15,7,11,3,14,3,16,12,12,17,16,18,19,17,15,,,4,10,,,15,16,11,16,17,16,17,11,7,19,19,15,15,15,16,12,6,2,3,14,16,19,14,,7,,,15,3,7,4,14,8,6,15,4,2,11,6,2,2,5,2,4,3,3,12,11,15,3,6,5,2,3,4,7,2,3,4,4,17,17,17,13,17,2,3,,,15,7,,,15,4,17,15,16,12,14,12,14,14,6,8,5,6,6,10,3,4,5,4,8,17,16,5,,10,,,b'\x11\xe8\xe1I\xeb\xbbI\xea\x9a\xbe\x12\xdf\x17\xaeN\x1e'
11E8E149-EBBB-49EA-9ABE-12DF17AE4E1E,2022-ncaa-d3-natl,ncaa,393,365,376,398,381,395,381,388,317,293,266,318,417,414,421,415,355,344,359,346,324,388,360,364,365,395,418,421,132,265,117,324,120,305,103,388,376,370,409,405,419,425,374,375,,,119,302,,,375,373,139,133,380,345,341,177,78,421,417,293,226,241,345,107,127,102,89,374,416,425,354,,317,,,377,112,150,65,348,235,128,335,37,27,190,46,155,169,125,160,235,63,50,308,309,350,42,31,224,54,120,44,117,39,103,83,78,392,367,316,357,401,114,152,,,282,97,,,375,57,385,326,377,333,351,310,381,372,92,76,308,337,334,326,246,152,182,164,227,349,407,209,,61,,,b'\x11\xe8\xe1I\xeb\xbbI\xea\x9a\xbe\x12\xdf\x17\xaeN\x1e'
11E8E149-EBBB-49EA-9ABE-12DF17AE4E1E,2023-ncaa-d3-conf-USA South,ncaa,5,6,5,5,6,7,7,8,8,6,3,9,8,9,3,9,7,6,9,6,10,7,6,9,8,8,9,9,5,6,6,5,3,6,5,6,6,7,8,7,8,10,6,7,,,5,7,,,6,6,7,5,8,8,9,6,2,9,9,8,5,5,9,8,6,2,6,6,7,10,6,,4,,,6,3,4,6,1,5,5,1,6,9,2,9,4,5,4,4,5,5,4,1,1,3,8,7,6,5,3,5,6,5,5,6,6,8,9,7,9,8,10,8,,,3,1,,,6,5,8,3,6,2,3,6,2,3,5,8,3,4,3,5,3,4,5,4,7,10,7,10,,1,,,b'\x11\xe8\xe1I\xeb\xbbI\xea\x9a\xbe\x12\xdf\x17\xaeN\x1e'
11E8E149-EBBB-49EA-9ABE-12DF17AE4E1E,2023-ncaa-d3-natl,ncaa,289,297,271,303,312,328,307,323,262,183,75,351,416,423,171,427,274,219,373,230,355,311,262,341,342,360,419,422,136,281,226,263,216,288,206,348,373,384,389,387,405,416,321,348,,,177,196,,,342,237,116,288,346,300,310,130,27,420,427,262,162,177,300,156,260,198,231,359,387,417,315,,235,,,337,206,237,252,196,280,263,215,139,202,90,182,229,229,211,211,171,235,185,157,164,235,127,129,216,197,216,90,226,112,206,215,181,322,341,301,383,379,329,235,,,131,69,,,342,182,361,243,340,276,294,336,320,341,178,237,270,266,255,330,274,222,132,170,249,301,379,358,,57,,,b'\x11\xe8\xe1I\xeb\xbbI\xea\x9a\xbe\x12\xdf\x17\xaeN\x1e'
11E8E149-EBBB-49EA-9ABE-12DF17AE4E1E,2024-ncaa-d3-conf-USA South,ncaa,6,6,5,6,5,9,9,7,9,7,4,10,10,10,10,9,8,7,10,7,7,7,6,10,10,10,9,8,5,4,3,7,4,4,3,8,8,9,9,9,9,9,6,6,,,3,4,,,6,9,8,2,10,9,8,7,4,10,10,8,7,7,8,6,3,6,3,8,8,9,6,,4,,,6,6,7,4,7,6,6,7,6,3,10,5,1,3,1,3,3,3,2,7,6,7,5,7,2,4,4,2,3,3,3,6,8,9,8,8,10,8,5,4,,,5,4,,,6,2,9,6,8,6,6,5,6,6,7,5,1,4,4,5,4,5,4,4,6,9,8,5,,4,,,b'\x11\xe8\xe1I\xeb\xbbI\xea\x9a\xbe\x12\xdf\x17\xaeN\x1e'
11E8E149-EBBB-49EA-9ABE-12DF17AE4E1E,2024-ncaa-d3-natl,ncaa,299,329,200,316,229,369,351,309,373,286,131,390,403,404,370,409,318,256,396,252,329,301,173,392,393,402,389,393,129,132,69,269,282,208,154,388,405,413,408,408,309,323,273,315,,,145,136,,,371,202,172,133,394,379,346,297,94,408,416,339,257,261,339,126,102,287,179,406,406,315,282,,164,,,367,206,271,238,256,315,326,227,105,92,209,65,130,189,32,178,121,228,222,210,175,201,55,93,116,252,282,76,69,137,154,237,199,216,232,239,410,404,150,104,,,164,158,,,371,211,396,202,367,212,281,280,319,344,110,87,138,204,196,265,256,255,85,151,247,211,403,162,,117,,,b'\x11\xe8\xe1I\xeb\xbbI\xea\x9a\xbe\x12\xdf\x17\xaeN\x1e'
11E8E149-EBBB-49EA-9ABE-12DF17AE4E1E,2025-ncaa-d3-conf-USA South,genius_ncaa,6,6,5,6,7,7,6,7,6,6,4,7,9,8,8,7,7,7,8,7,5,7,6,7,8,8,6,9,3,4,3,5,8,5,5,7,8,8,7,7,7,8,8,8,,,2,2,,7,6,8,8,3,8,6,7,6,4,9,8,7,5,5,7,5,4,4,4,7,8,8,8,,2,,9,6,6,6,9,4,4,8,3,7,7,7,7,3,2,7,3,2,7,4,5,4,6,6,8,3,9,8,2,3,5,5,5,4,7,8,6,8,8,2,2,,,2,2,,1,6,2,7,6,6,6,6,8,5,7,7,7,4,3,3,6,6,9,2,6,6,8,8,2,,2,,1,b'\x11\xe8\xe1I\xeb\xbbI\xea\x9a\xbe\x12\xdf\x17\xaeN\x1e'
11E8E149-EBBB-49EA-9ABE-12DF17AE4E1E,2025-ncaa-d3-natl,genius_ncaa,312,269,373,314,378,390,381,386,360,333,265,368,406,405,393,400,364,336,368,329,310,387,369,380,381,393,396,402,130,214,44,350,390,306,223,404,409,361,398,405,386,382,325,331,,,26,32,,256,344,386,206,258,394,380,367,278,107,406,404,326,253,249,369,165,91,197,129,407,395,356,295,,56,,324,349,40,73,148,67,93,170,69,104,167,86,213,43,44,193,46,61,107,78,56,47,106,143,221,106,376,390,14,44,85,223,53,82,349,326,194,360,389,56,90,,,285,124,,7,344,34,384,215,349,202,253,377,253,364,222,318,109,103,110,356,324,400,53,288,150,269,385,117,,119,,3,b'\x11\xe8\xe1I\xeb\xbbI\xea\x9a\xbe\x12\xdf\x17\xaeN\x1e'
11E8E149-EBBB-49EA-9ABE-12DF17AE4E1E,2026-ncaa-d3-conf-USA South,genius_ncaa,7,10,2,7,2,3,2,2,5,2,2,7,5,5,7,8,2,4,7,4,8,2,2,6,7,7,9,8,7,3,8,2,7,2,8,2,5,9,10,7,4,9,4,6,,,8,2,,3,10,2,8,1,8,7,9,8,6,8,8,8,8,8,10,10,10,5,8,6,9,9,7,,2,,3,9,9,9,9,6,9,9,3,10,10,8,10,8,8,5,8,5,9,9,8,8,8,8,9,3,9,7,8,8,9,8,10,10,2,9,10,10,10,10,7,,,2,6,,4,10,9,8,8,9,7,7,6,2,2,8,9,3,3,3,8,3,7,6,5,10,8,8,6,,7,,7,b'\x11\xe8\xe1I\xeb\xbbI\xea\x9a\xbe\x12\xdf\x17\xaeN\x1e'
11E8E149-EBBB-49EA-9ABE-12DF17AE4E1E,2026-ncaa-d3-natl,genius_ncaa,390,268,379,390,382,396,391,396,262,384,384,298,395,399,268,375,402,400,318,401,396,398,386,297,309,382,390,350,313,395,297,384,321,390,297,387,285,201,407,384,396,379,384,369,,,21,53,,37,351,386,129,113,377,338,376,240,172,374,396,392,387,396,392,199,340,219,304,338,400,364,362,,88,,68,377,62,79,52,318,86,49,343,111,92,199,314,36,35,191,32,133,49,33,322,291,344,157,259,81,95,321,25,297,43,297,204,401,393,355,397,262,406,193,357,,,394,345,,397,351,34,384,357,379,354,361,362,347,287,337,368,183,168,164,345,298,333,139,241,396,327,398,379,,338,,399,b'\x11\xe8\xe1I\xeb\xbbI\xea\x9a\xbe\x12\xdf\x17\xaeN\x1e'
11E8E149-EBBF-B1F6-9ABE-12DF17AE4E1E,2018-ncaa-d3-conf-MAC Commonwealth,ncaa,1,1,1,1,3,1,1,2,1,1,3,1,3,4,3,5,5,6,1,7,9,2,3,1,1,1,7,5,9,3,3,2,4,2,3,1,2,1,1,1,2,1,1,2,,,1,1,,,1,3,8,9,1,1,2,1,4,3,4,7,7,7,2,6,6,4,4,1,1,2,2,,1,,,1,1,1,5,2,2,7,3,2,3,1,4,1,1,1,1,1,3,7,2,1,1,2,3,1,6,4,5,3,6,3,2,3,2,1,1,1,1,3,2,,,6,8,,,1,7,1,1,1,1,1,1,2,2,2,3,1,1,1,1,1,4,3,2,2,2,1,3,,8,,,b'\x11\xe8\xe1I\xeb\xbf\xb1\xf6\x9a\xbe\x12\xdf\x17\xaeN\x1e'
11E8E149-EBBF-B1F6-9ABE-12DF17AE4E1E,2018-ncaa-d3-natl,ncaa,8,7,8,8,14,22,12,23,41,8,13,73,156,229,63,361,113,193,15,195,415,30,53,70,67,32,380,333,355,82,150,65,219,62,180,12,78,127,24,9,40,62,12,29,,,191,48,,,12,45,357,235,82,45,120,26,63,253,351,258,367,368,161,313,215,301,280,32,20,83,32,,37,,,15,160,242,371,71,354,414,74,30,105,18,47,129,147,139,138,43,352,403,35,25,15,20,33,151,366,219,355,150,377,180,92,42,30,46,20,219,101,279,83,,,173,375,,,12,395,28,19,15,18,48,65,139,238,4,18,40,45,44,42,87,173,112,120,24,83,79,147,,396,,,b'\x11\xe8\xe1I\xeb\xbf\xb1\xf6\x9a\xbe\x12\xdf\x17\xaeN\x1e'
11E8E149-EBBF-B1F6-9ABE-12DF17AE4E1E,2019-ncaa-d3-conf-MAC Commonwealth,ncaa,1,1,1,1,3,2,4,1,5,4,2,5,2,4,2,7,1,2,1,2,3,1,6,5,3,1,3,4,2,6,7,8,5,7,7,3,3,1,1,1,1,1,2,2,,,3,2,,,1,6,9,6,3,5,4,5,3,5,5,1,3,3,3,9,8,9,9,3,1,2,2,,1,,,1,1,2,1,3,2,3,4,1,1,2,3,1,1,4,1,3,1,6,3,3,1,2,2,4,3,5,9,7,7,7,2,4,1,1,1,1,1,6,3,,,3,3,,,1,6,1,1,1,1,1,1,1,1,1,1,1,1,1,1,1,2,8,5,1,1,1,4,,5,,,b'\x11\xe8\xe1I\xeb\xbf\xb1\xf6\x9a\xbe\x12\xdf\x17\xaeN\x1e'
11E8E149-EBBF-B1F6-9ABE-12DF17AE4E1E,2019-ncaa-d3-natl,ncaa,5,2,8,4,11,56,70,36,193,48,13,273,244,314,99,396,16,29,43,28,222,34,59,241,192,92,304,365,57,148,318,162,254,151,330,70,140,53,5,22,29,42,26,47,,,331,179,,,45,47,371,224,190,213,243,147,79,346,392,57,124,122,200,378,311,412,395,154,3,68,53,,115,,,54,157,181,266,128,297,390,78,31,38,173,16,243,264,140,277,155,282,407,78,74,18,60,33,274,306,254,429,318,403,330,168,152,14,15,13,80,26,377,212,,,26,51,,,45,405,116,23,44,16,28,12,109,166,7,3,101,111,119,14,77,121,265,194,45,27,20,285,,139,,,b'\x11\xe8\xe1I\xeb\xbf\xb1\xf6\x9a\xbe\x12\xdf\x17\xaeN\x1e'
11E8E149-EBBF-B1F6-9ABE-12DF17AE4E1E,2020-ncaa-d3-conf-MAC Commonwealth,ncaa,1,1,1,1,2,2,2,3,2,1,1,3,4,6,2,7,1,3,1,3,8,3,3,2,2,1,7,7,5,5,6,4,5,5,6,2,6,1,1,2,2,2,2,2,,,5,4,,,1,3,7,8,3,3,6,1,2,5,7,1,6,6,5,8,8,7,9,3,1,2,2,,3,,,1,1,1,3,1,1,6,1,2,2,1,2,3,3,3,3,4,3,7,1,1,1,3,2,5,5,5,4,6,4,6,3,5,1,1,1,1,1,4,3,,,3,3,,,1,7,1,1,1,1,1,1,1,1,1,2,2,2,3,1,2,3,3,3,1,1,1,3,,6,,,b'\x11\xe8\xe1I\xeb\xbf\xb1\xf6\x9a\xbe\x12\xdf\x17\xaeN\x1e'
11E8E149-EBBF-B1F6-9ABE-12DF17AE4E1E,2020-ncaa-d3-natl,ncaa,18,15,26,19,40,84,103,117,131,64,45,187,266,327,118,383,20,42,19,40,171,92,106,166,116,81,281,366,39,222,283,69,245,124,249,166,304,132,74,137,62,86,26,51,,,222,126,,,26,77,303,209,157,188,271,106,113,318,374,31,84,84,233,324,322,173,259,233,52,92,37,,108,,,27,59,90,305,22,184,400,13,23,46,26,19,118,125,130,120,48,268,372,15,13,8,38,33,221,352,245,338,283,353,249,104,155,31,45,22,109,69,354,233,,,50,66,,,26,358,106,10,23,12,26,110,92,299,8,15,54,53,52,76,164,260,188,231,50,61,48,292,,125,,,b'\x11\xe8\xe1I\xeb\xbf\xb1\xf6\x9a\xbe\x12\xdf\x17\xaeN\x1e'
11E8E149-EBBF-B1F6-9ABE-12DF17AE4E1E,2021-ncaa-d3-conf-MAC Commonwealth,ncaa,1,1,1,1,1,1,1,1,2,1,1,1,1,1,3,5,1,1,1,1,4,1,1,2,1,1,6,6,4,1,3,1,3,1,3,1,5,4,1,1,1,1,1,2,,,6,3,,,1,1,4,1,1,1,2,1,2,4,5,1,3,3,2,3,4,2,3,2,1,1,3,,3,,,1,3,2,6,1,2,6,1,3,5,2,2,6,6,3,6,6,6,7,1,1,1,6,3,6,7,3,7,3,7,3,2,2,1,1,1,3,1,6,2,,,1,1,,,1,7,1,1,1,1,1,1,1,1,1,1,4,4,4,1,4,4,2,3,1,1,1,2,,2,,,b'\x11\xe8\xe1I\xeb\xbf\xb1\xf6\x9a\xbe\x12\xdf\x17\xaeN\x1e'
11E8E149-EBBF-B1F6-9ABE-12DF17AE4E1E,2021-ncaa-d3-natl,ncaa,18,1,81,1,93,80,76,90,67,58,72,73,140,134,151,225,82,106,33,109,221,95,108,97,81,51,236,235,138,94,97,96,145,97,115,85,156,114,29,36,44,16,45,36,,,146,51,,,13,109,219,78,83,68,116,38,56,200,219,109,159,174,120,206,129,144,144,102,26,24,37,,44,,,15,105,98,148,7,110,176,8,81,107,37,31,148,153,108,151,99,143,176,7,11,7,120,51,241,185,145,162,97,172,115,92,75,49,18,6,103,27,220,169,,,103,129,,,13,175,54,8,11,8,4,20,12,110,16,17,76,88,81,19,79,146,72,95,6,26,18,210,,166,,,b'\x11\xe8\xe1I\xeb\xbf\xb1\xf6\x9a\xbe\x12\xdf\x17\xaeN\x1e'
11E8E149-EBBF-B1F6-9ABE-12DF17AE4E1E,2022-ncaa-d3-conf-MAC Commonwealth,ncaa,1,1,1,1,1,1,1,4,1,1,1,1,5,8,1,8,2,7,1,7,8,4,6,1,1,1,7,7,7,6,1,1,1,2,1,1,1,5,5,1,3,3,5,5,,,2,3,,,1,5,7,8,2,1,7,1,3,6,8,4,7,7,8,8,7,2,4,1,4,5,5,,2,,,1,1,1,3,1,2,6,1,2,3,2,4,4,4,4,4,3,3,4,1,1,1,4,3,6,2,1,1,1,1,1,1,2,4,3,1,6,5,3,1,,,7,5,,,1,4,1,1,1,1,1,1,2,2,1,2,2,2,2,1,1,1,1,1,1,7,4,2,,8,,,b'\x11\xe8\xe1I\xeb\xbf\xb1\xf6\x9a\xbe\x12\xdf\x17\xaeN\x1e'
11E8E149-EBBF-B1F6-9ABE-12DF17AE4E1E,2022-ncaa-d3-natl,ncaa,18,21,32,22,59,60,45,128,12,27,64,27,214,307,67,348,117,237,6,229,351,139,131,24,22,38,370,338,284,178,70,73,68,103,29,50,140,253,195,82,145,169,88,116,,,149,84,,,33,123,379,403,106,69,321,43,155,292,372,205,354,343,350,383,277,189,241,75,126,227,123,,38,,,33,146,175,273,85,235,345,70,80,114,95,62,173,225,74,232,136,267,273,56,49,68,96,89,222,160,68,80,70,96,29,62,27,156,189,62,224,181,151,64,,,230,316,,,33,303,42,56,26,25,49,54,99,179,25,28,79,105,110,48,32,65,4,6,13,264,137,70,,382,,,b'\x11\xe8\xe1I\xeb\xbf\xb1\xf6\x9a\xbe\x12\xdf\x17\xaeN\x1e'
11E8E149-EBBF-B1F6-9ABE-12DF17AE4E1E,2023-ncaa-d3-conf-MAC Commonwealth,ncaa,1,1,1,1,1,2,1,7,1,1,2,1,8,9,1,9,3,6,1,4,7,6,6,1,1,1,8,9,6,7,4,2,1,3,1,2,4,6,6,3,3,3,2,1,,,1,2,,,1,5,9,4,2,1,9,1,2,9,9,3,7,6,9,9,7,3,5,4,5,4,2,,1,,,1,1,1,6,1,3,5,2,1,3,1,4,1,2,1,2,2,4,5,1,1,1,2,3,3,1,1,1,4,1,1,1,1,3,2,1,6,6,5,3,,,2,1,,,1,5,1,1,1,1,1,1,1,3,1,2,1,2,1,1,1,1,1,1,1,5,4,4,,3,,,b'\x11\xe8\xe1I\xeb\xbf\xb1\xf6\x9a\xbe\x12\xdf\x17\xaeN\x1e'
11E8E149-EBBF-B1F6-9ABE-12DF17AE4E1E,2023-ncaa-d3-natl,ncaa,7,9,13,9,27,144,96,149,62,39,40,112,365,392,195,409,211,270,65,263,406,169,165,123,121,136,414,406,293,261,268,56,102,135,133,96,194,211,194,135,108,125,40,64,,,84,42,,,60,140,415,288,295,208,388,91,120,396,417,327,385,379,400,420,369,230,334,199,91,206,69,,11,,,76,69,121,264,41,190,366,30,59,79,79,65,60,119,5,117,62,221,274,27,14,13,47,99,99,197,102,208,268,198,133,59,54,107,105,37,194,183,329,187,,,166,169,,,60,289,173,16,63,4,18,33,57,148,19,17,17,36,37,15,18,94,47,46,22,212,97,226,,345,,,b'\x11\xe8\xe1I\xeb\xbf\xb1\xf6\x9a\xbe\x12\xdf\x17\xaeN\x1e'
11E8E149-EBBF-B1F6-9ABE-12DF17AE4E1E,2024-ncaa-d3-conf-MAC Commonwealth,ncaa,1,1,1,1,1,2,2,4,1,1,1,2,4,8,1,8,3,5,1,5,8,4,4,2,1,1,8,8,4,7,5,3,1,5,2,2,5,2,2,2,1,2,1,1,,,6,7,,,1,3,8,1,2,2,7,1,2,6,8,4,7,7,7,8,7,7,7,2,2,3,1,,2,,,1,2,2,3,4,4,4,4,1,1,2,1,5,8,1,8,7,3,5,3,3,1,2,1,7,1,1,1,5,1,2,1,2,1,1,1,2,2,3,1,,,2,3,,,1,6,1,1,1,1,1,1,2,1,1,1,3,5,5,1,1,1,1,1,1,2,1,3,,3,,,b'\x11\xe8\xe1I\xeb\xbf\xb1\xf6\x9a\xbe\x12\xdf\x17\xaeN\x1e'
11E8E149-EBBF-B1F6-9ABE-12DF17AE4E1E,2024-ncaa-d3-natl,ncaa,30,45,17,44,30,114,72,107,42,30,39,78,331,360,201,387,238,309,28,312,413,126,144,104,105,110,418,385,345,270,271,185,94,227,186,112,287,193,154,125,65,71,74,91,,,203,166,,,88,112,396,244,246,148,326,63,102,369,403,352,396,396,371,408,365,385,400,195,72,129,110,,65,,,100,133,176,159,213,268,283,182,48,50,133,38,198,216,144,219,162,163,275,159,155,68,58,37,239,101,94,230,271,166,186,127,96,51,38,37,181,151,99,28,,,215,287,,,88,310,129,51,90,20,43,11,111,93,12,8,89,94,95,9,16,26,45,28,44,118,84,33,,376,,,b'\x11\xe8\xe1I\xeb\xbf\xb1\xf6\x9a\xbe\x12\xdf\x17\xaeN\x1e'
11E8E149-EBBF-B1F6-9ABE-12DF17AE4E1E,2025-ncaa-d3-conf-MAC Commonwealth,genius_ncaa,1,1,1,1,2,1,1,2,1,1,2,1,1,3,1,3,6,8,1,8,8,3,4,1,1,1,6,3,8,5,3,6,1,6,2,1,1,1,1,1,1,1,1,1,,,4,3,,5,1,4,8,3,1,1,5,1,4,3,3,7,8,8,7,8,7,7,7,1,1,1,1,,1,,4,1,1,1,1,1,1,3,1,1,1,1,1,2,5,2,5,3,1,5,1,1,1,2,1,7,2,1,2,3,2,2,1,2,1,1,1,1,1,1,1,,,7,7,,5,1,5,1,1,1,1,1,1,1,1,1,1,2,2,2,1,1,1,1,1,1,1,1,1,,8,,5,b'\x11\xe8\xe1I\xeb\xbf\xb1\xf6\x9a\xbe\x12\xdf\x17\xaeN\x1e'
11E8E149-EBBF-B1F6-9ABE-12DF17AE4E1E,2025-ncaa-d3-natl,genius_ncaa,14,11,36,15,42,100,62,108,37,40,70,45,227,264,128,319,254,301,82,308,397,135,149,61,71,77,380,314,372,135,109,160,272,152,162,59,141,162,121,63,38,33,44,70,,,194,157,,201,20,160,392,194,168,90,243,52,141,283,340,334,378,384,305,373,216,322,291,83,75,54,67,,90,,165,23,31,51,146,33,214,355,50,2,8,1,5,129,227,8,230,140,148,281,11,7,6,6,2,272,308,272,142,109,220,162,8,12,45,32,3,123,102,18,5,,,250,308,,209,20,263,74,9,15,3,13,20,96,203,1,2,60,129,134,16,67,208,34,82,8,70,70,6,,374,,243,b'\x11\xe8\xe1I\xeb\xbf\xb1\xf6\x9a\xbe\x12\xdf\x17\xaeN\x1e'
11E8E149-EBBF-B1F6-9ABE-12DF17AE4E1E,2026-ncaa-d3-natl,genius_ncaa,54,68,116,75,117,80,70,193,10,41,130,16,244,283,148,337,57,113,50,105,164,175,231,31,16,9,337,347,170,303,292,230,222,257,245,47,104,70,24,12,253,264,68,133,,,117,61,,347,73,215,381,19,54,58,257,32,131,284,336,70,130,117,224,360,347,301,351,40,18,297,69,,34,,349,74,221,280,234,306,326,335,221,100,57,312,13,105,74,383,76,8,211,199,251,238,244,12,50,53,208,222,182,292,188,245,191,62,227,226,216,46,22,33,9,,,193,145,,323,73,201,28,243,78,167,270,188,326,347,48,11,45,18,18,134,91,166,99,119,154,283,14,10,,241,,348,b'\x11\xe8\xe1I\xeb\xbf\xb1\xf6\x9a\xbe\x12\xdf\x17\xaeN\x1e'
11E8E149-EBC5-0476-9ABE-12DF17AE4E1E,2018-ncaa-d3-conf-USA South,ncaa,16,18,5,16,7,15,15,14,8,13,13,7,12,11,13,7,16,13,16,13,9,14,7,8,12,16,12,8,15,10,10,5,15,9,11,14,14,19,18,16,15,16,6,10,,,9,5,,,17,8,8,9,16,15,17,13,16,12,12,17,15,15,18,9,11,6,9,15,18,17,6,,8,,,16,16,18,18,16,18,18,15,8,12,3,6,10,10,4,10,3,18,14,13,11,16,1,3,3,17,15,5,10,11,11,16,7,17,18,18,19,18,7,12,,,13,17,,,17,12,16,16,16,16,17,17,18,18,7,11,5,8,8,16,13,15,3,11,13,19,18,5,,15,,,b'\x11\xe8\xe1I\xeb\xc5\x04v\x9a\xbe\x12\xdf\x17\xaeN\x1e'
11E8E149-EBC5-0476-9ABE-12DF17AE4E1E,2018-ncaa-d3-natl,ncaa,400,427,197,414,264,333,323,348,273,294,315,248,297,281,318,211,336,256,411,247,164,338,178,285,318,388,275,245,280,245,187,174,410,206,294,361,377,439,431,420,350,406,168,278,,,194,77,,,401,155,85,303,371,347,386,318,339,302,276,356,257,247,383,129,241,120,180,384,434,367,168,,199,,,397,396,420,423,263,429,429,277,132,198,82,69,244,315,43,319,116,425,355,221,173,303,31,45,120,433,410,123,187,323,294,277,58,345,430,361,440,434,125,175,,,290,357,,,401,299,391,360,393,394,408,426,422,432,150,201,253,337,345,430,409,424,137,339,282,371,435,118,,322,,,b'\x11\xe8\xe1I\xeb\xc5\x04v\x9a\xbe\x12\xdf\x17\xaeN\x1e'
11E8E149-EBC5-0476-9ABE-12DF17AE4E1E,2019-ncaa-d3-conf-USA South,ncaa,15,14,10,15,14,14,14,15,8,13,14,6,14,14,15,11,10,10,11,10,7,14,14,10,9,15,12,15,6,16,11,11,16,12,12,8,2,15,16,13,16,16,9,8,,,5,10,,,14,14,9,12,15,15,15,11,13,14,14,10,9,9,14,11,13,7,9,6,16,16,8,,11,,,15,7,6,10,4,9,12,3,4,4,4,6,10,11,6,11,9,9,6,3,2,7,5,6,13,15,16,3,11,5,12,8,9,17,17,14,16,16,5,9,,,14,10,,,14,5,15,13,15,11,9,15,11,13,5,7,14,15,15,15,14,16,5,13,12,17,16,7,,12,,,b'\x11\xe8\xe1I\xeb\xc5\x04v\x9a\xbe\x12\xdf\x17\xaeN\x1e'
11E8E149-EBC5-0476-9ABE-12DF17AE4E1E,2019-ncaa-d3-natl,ncaa,390,382,365,396,378,367,359,394,267,297,332,233,400,371,395,335,306,268,357,269,161,390,355,310,312,368,355,374,130,361,299,293,393,337,332,330,200,364,413,378,412,417,265,316,,,166,204,,,392,346,114,270,354,335,367,228,235,388,358,244,174,171,346,172,304,128,226,284,413,407,219,,302,,,391,222,227,239,212,320,343,188,71,79,175,42,315,341,113,337,244,268,152,166,176,295,93,56,300,402,393,100,299,231,332,126,67,398,418,346,366,401,144,233,,,380,355,,,392,95,376,369,391,372,358,406,383,416,137,153,386,410,410,416,388,421,232,363,232,387,402,225,,341,,,b'\x11\xe8\xe1I\xeb\xc5\x04v\x9a\xbe\x12\xdf\x17\xaeN\x1e'
11E8E149-EBC5-0476-9ABE-12DF17AE4E1E,2020-ncaa-d3-conf-USA South,ncaa,15,15,10,15,14,15,15,11,16,15,10,16,15,12,15,11,11,9,16,9,7,12,10,17,16,15,9,10,5,7,9,17,16,13,15,13,3,13,14,15,13,13,10,10,,,5,6,,,15,11,6,9,15,15,9,14,9,13,9,10,8,8,9,6,7,17,10,11,14,12,9,,6,,,15,11,15,7,18,16,10,18,5,4,8,8,6,6,3,6,8,7,7,18,17,14,3,5,4,12,16,10,9,10,15,17,15,8,6,14,12,13,11,11,,,8,6,,,15,8,15,14,15,16,16,11,17,12,9,8,8,9,9,14,16,15,15,16,17,5,14,13,,4,,,b'\x11\xe8\xe1I\xeb\xc5\x04v\x9a\xbe\x12\xdf\x17\xaeN\x1e'
11E8E149-EBC5-0476-9ABE-12DF17AE4E1E,2020-ncaa-d3-natl,ncaa,397,345,412,400,417,411,409,405,401,392,370,396,401,364,415,273,386,325,413,332,219,400,396,410,413,410,271,307,132,289,227,415,398,392,358,361,71,247,376,362,322,271,238,206,,,23,49,,,372,407,83,280,387,379,223,349,182,364,261,293,162,178,214,95,114,320,232,290,398,201,166,,99,,,382,73,162,48,388,239,75,403,69,86,135,209,25,64,4,74,159,37,42,362,288,248,24,131,40,255,398,123,227,163,358,317,392,264,145,326,313,388,172,285,,,367,229,,,372,34,404,303,378,341,388,344,407,339,229,270,90,214,233,336,380,387,381,387,403,83,397,311,,152,,,b'\x11\xe8\xe1I\xeb\xc5\x04v\x9a\xbe\x12\xdf\x17\xaeN\x1e'
11E8E149-EBC5-0476-9ABE-12DF17AE4E1E,2021-ncaa-d3-conf-USA South,ncaa,15,15,9,15,12,13,12,11,14,13,10,14,13,9,14,9,10,12,5,12,9,11,10,14,14,14,8,10,5,12,12,11,13,13,12,13,3,12,14,14,12,11,14,14,,,7,8,,,14,9,8,15,14,14,13,14,12,14,10,11,13,13,14,11,12,12,15,13,14,12,14,,8,,,14,13,12,10,15,13,10,15,9,6,8,5,10,9,11,8,7,10,6,15,15,15,5,4,6,10,13,9,12,9,12,13,15,11,12,14,13,14,10,15,,,8,6,,,14,6,14,15,14,13,13,9,13,9,10,7,9,8,7,9,8,10,9,9,15,13,14,14,,7,,,b'\x11\xe8\xe1I\xeb\xc5\x04v\x9a\xbe\x12\xdf\x17\xaeN\x1e'
11E8E149-EBC5-0476-9ABE-12DF17AE4E1E,2021-ncaa-d3-natl,ncaa,215,270,61,247,77,119,122,84,239,117,92,221,126,85,241,132,82,85,122,86,118,85,66,238,229,253,130,170,59,89,166,89,245,92,219,103,54,261,266,240,70,135,171,255,,,213,122,,,275,64,68,266,236,241,213,229,190,204,150,147,150,154,217,87,158,210,208,167,269,117,241,,166,,,254,244,248,228,250,258,235,253,206,204,177,103,230,231,161,230,157,228,224,246,243,233,82,75,120,249,245,217,166,231,219,263,246,65,140,222,264,263,220,195,,,67,111,,,275,220,250,244,256,247,252,208,255,209,171,138,207,202,196,218,219,231,155,199,262,109,263,183,,87,,,b'\x11\xe8\xe1I\xeb\xc5\x04v\x9a\xbe\x12\xdf\x17\xaeN\x1e'
11E8E149-EBC5-0476-9ABE-12DF17AE4E1E,2022-ncaa-d3-conf-USA South,ncaa,8,9,5,9,7,10,8,7,8,8,9,10,9,9,7,11,15,14,16,14,17,11,10,8,10,10,13,11,17,8,13,7,10,8,13,7,4,11,12,8,9,10,12,13,,,10,11,,,11,10,12,13,15,10,13,12,10,11,13,16,16,16,15,16,16,13,15,7,8,12,15,,10,,,11,14,14,12,13,13,12,12,13,11,13,11,9,11,4,11,10,11,9,13,12,13,9,11,8,10,10,13,13,12,13,15,14,11,11,14,9,10,17,15,,,12,13,,,11,10,9,14,11,10,12,6,12,9,11,9,9,10,11,6,5,9,11,11,12,12,6,15,,14,,,b'\x11\xe8\xe1I\xeb\xc5\x04v\x9a\xbe\x12\xdf\x17\xaeN\x1e'
11E8E149-EBC5-0476-9ABE-12DF17AE4E1E,2022-ncaa-d3-natl,ncaa,190,210,188,202,231,230,196,205,215,170,142,260,240,287,142,298,309,271,368,272,335,221,185,225,255,277,308,249,341,181,214,246,300,223,276,193,183,324,313,263,152,168,303,338,,,270,247,,,270,190,150,290,251,195,186,163,118,258,296,336,289,296,216,147,181,287,237,192,309,151,330,,287,,,267,275,282,224,275,299,265,271,170,156,247,118,299,325,120,326,303,238,248,270,262,243,165,136,266,300,300,258,214,275,276,267,208,139,152,190,340,326,318,271,,,249,289,,,270,233,272,251,264,262,262,202,285,266,153,124,291,327,327,233,280,292,256,279,260,129,320,325,,262,,,b'\x11\xe8\xe1I\xeb\xc5\x04v\x9a\xbe\x12\xdf\x17\xaeN\x1e'
11E8E149-EBC5-0476-9ABE-12DF17AE4E1E,2023-ncaa-d3-conf-USA South,ncaa,5,6,5,5,7,5,5,5,7,5,5,6,6,6,9,6,6,7,7,7,8,5,6,6,7,5,7,6,6,4,3,6,5,5,3,5,4,3,3,4,4,3,7,6,,,7,9,,,5,8,10,7,5,5,5,5,3,6,6,7,6,6,5,8,2,8,5,4,3,6,7,,9,,,5,4,3,3,6,3,3,5,8,4,10,7,7,8,2,8,10,3,3,7,7,7,10,9,10,4,5,4,3,4,3,5,7,7,3,6,2,2,7,6,,,7,7,,,5,4,5,6,5,3,1,1,1,1,6,5,9,10,10,2,2,3,4,3,6,7,1,6,,10,,,b'\x11\xe8\xe1I\xeb\xc5\x04v\x9a\xbe\x12\xdf\x17\xaeN\x1e'
11E8E149-EBC5-0476-9ABE-12DF17AE4E1E,2023-ncaa-d3-natl,ncaa,188,171,271,186,312,206,185,206,172,123,99,196,353,347,307,369,205,122,360,128,221,188,202,233,249,235,382,376,181,47,11,341,294,191,104,197,214,175,172,186,114,84,308,273,,,375,417,,,176,290,182,288,151,121,98,59,38,356,341,157,65,69,74,87,22,343,112,145,232,89,306,,407,,,173,124,70,43,243,81,69,220,127,88,301,132,373,402,38,406,426,88,148,250,279,165,345,168,409,197,294,62,11,86,104,80,148,100,55,51,84,81,110,55,,,231,247,,,176,146,167,169,171,196,117,50,121,87,168,106,394,412,412,128,239,222,85,138,120,59,115,133,,159,,,b'\x11\xe8\xe1I\xeb\xc5\x04v\x9a\xbe\x12\xdf\x17\xaeN\x1e'
11E8E149-EBC5-0476-9ABE-12DF17AE4E1E,2024-ncaa-d3-conf-USA South,ncaa,2,2,3,2,4,3,3,3,3,3,2,3,6,6,5,7,7,8,8,8,10,3,4,4,4,4,10,7,9,3,4,5,6,3,5,4,4,1,2,2,1,2,5,4,,,9,9,,,3,4,9,8,3,3,2,1,2,6,6,7,8,8,4,7,4,9,5,4,1,1,5,,8,,,3,2,2,2,2,2,1,2,3,4,3,8,8,8,5,8,10,2,5,3,3,2,7,6,9,6,6,4,4,5,5,2,1,1,1,1,1,1,4,3,,,9,10,,,3,4,3,2,3,2,2,1,2,1,3,3,6,6,6,1,5,6,3,5,2,1,1,4,,10,,,b'\x11\xe8\xe1I\xeb\xc5\x04v\x9a\xbe\x12\xdf\x17\xaeN\x1e'
11E8E149-EBC5-0476-9ABE-12DF17AE4E1E,2024-ncaa-d3-natl,ncaa,56,30,112,40,193,153,103,125,88,52,54,112,306,339,188,375,303,283,311,279,395,138,159,126,166,142,409,359,382,127,93,274,272,204,175,103,188,164,137,97,48,40,251,226,,,287,288,,,84,184,247,387,159,79,119,29,46,328,367,347,325,323,149,210,131,339,246,100,135,52,267,,261,,,81,81,57,85,87,50,108,66,143,127,227,193,265,293,126,293,350,104,226,90,105,36,341,251,364,238,272,144,93,176,175,40,69,43,20,11,134,123,113,46,,,353,398,,,84,223,131,41,79,49,29,38,33,57,127,97,246,267,269,45,170,210,109,133,31,35,117,93,,399,,,b'\x11\xe8\xe1I\xeb\xc5\x04v\x9a\xbe\x12\xdf\x17\xaeN\x1e'
11E8E149-EBC5-0476-9ABE-12DF17AE4E1E,2025-ncaa-d3-conf-USA South,genius_ncaa,4,4,3,4,3,4,4,4,3,3,2,3,6,5,7,6,8,8,9,8,8,4,4,3,4,5,9,6,9,3,4,4,2,3,3,4,5,4,5,5,5,5,5,5,,,8,8,,6,4,4,9,3,5,4,3,3,2,6,6,8,8,8,5,4,3,3,3,4,5,5,6,,8,,5,4,2,2,2,2,2,2,2,4,4,4,5,7,7,5,7,8,2,3,2,2,2,8,5,8,2,2,4,4,2,3,3,8,5,4,3,3,4,8,4,,,8,9,,7,4,6,5,2,4,2,2,2,2,1,4,4,7,6,6,2,1,2,4,2,2,4,3,8,,8,,7,b'\x11\xe8\xe1I\xeb\xc5\x04v\x9a\xbe\x12\xdf\x17\xaeN\x1e'
11E8E149-EBC5-0476-9ABE-12DF17AE4E1E,2025-ncaa-d3-natl,genius_ncaa,173,118,290,153,327,313,232,263,202,145,140,193,370,365,370,360,397,378,400,376,412,294,275,264,315,318,411,377,408,149,96,255,131,218,99,280,321,261,299,296,98,62,243,193,,,200,301,,294,127,307,217,258,309,187,156,79,59,375,361,397,379,378,211,157,103,164,123,261,297,75,222,,269,,327,124,16,9,26,20,20,61,24,26,45,44,135,189,224,93,218,328,31,87,20,27,13,289,134,384,99,131,82,96,71,99,20,185,87,34,20,247,283,141,97,,,390,413,,250,127,99,300,13,130,22,15,41,24,86,41,64,236,281,272,54,151,131,144,141,39,51,278,167,,408,,248,b'\x11\xe8\xe1I\xeb\xc5\x04v\x9a\xbe\x12\xdf\x17\xaeN\x1e'
11E8E149-EBC5-0476-9ABE-12DF17AE4E1E,2026-ncaa-d3-conf-USA South,genius_ncaa,3,5,3,5,3,5,6,6,9,6,3,9,8,7,9,10,4,2,10,2,6,4,4,9,9,9,8,9,3,2,5,4,1,3,3,7,10,5,4,10,5,8,2,1,,,4,3,,8,5,5,4,1,7,8,5,7,1,9,9,6,2,2,3,3,1,3,2,10,4,7,1,,3,,7,5,5,5,7,3,5,4,6,4,8,2,8,4,4,7,4,2,6,7,4,4,3,3,7,4,5,1,6,5,6,3,5,2,5,5,4,6,3,4,4,,,4,5,,9,5,6,7,3,5,3,3,8,5,4,5,8,2,2,2,6,7,3,8,7,2,5,3,4,,4,,9,b'\x11\xe8\xe1I\xeb\xc5\x04v\x9a\xbe\x12\xdf\x17\xaeN\x1e'
11E8E149-EBC5-0476-9ABE-12DF17AE4E1E,2026-ncaa-d3-natl,genius_ncaa,288,200,327,282,337,373,363,356,326,303,211,361,402,404,346,414,314,277,347,272,297,347,309,366,369,386,407,410,114,239,113,269,290,270,178,387,399,273,379,396,321,294,100,76,,,50,36,,75,280,321,38,113,341,304,200,148,14,409,413,204,140,122,178,48,88,37,34,385,395,232,35,,105,,105,292,69,99,138,78,124,148,115,75,136,52,230,30,43,89,47,30,114,114,56,28,40,66,162,56,221,290,94,113,127,178,94,158,260,166,126,249,340,47,25,,,317,293,,397,280,99,376,73,281,185,253,376,278,359,147,311,53,69,79,359,380,361,247,325,222,79,362,68,,172,,403,b'\x11\xe8\xe1I\xeb\xc5\x04v\x9a\xbe\x12\xdf\x17\xaeN\x1e'
11E8E149-EBC9-6A34-9ABE-12DF17AE4E1E,2018-ncaa-d3-conf-NESCAC,ncaa,5,4,10,4,10,7,8,9,5,7,8,6,10,9,8,9,6,8,1,7,8,9,9,6,5,5,8,10,3,6,4,8,3,7,3,7,3,5,8,4,7,6,9,8,,,4,7,,,4,10,4,5,4,5,6,5,3,9,9,5,6,7,5,4,3,4,4,2,9,6,8,,7,,,4,2,3,2,7,3,2,8,4,4,6,9,3,3,1,3,9,2,2,8,6,5,5,11,3,2,3,1,4,2,3,4,8,9,4,5,4,6,3,5,,,9,7,,,4,2,5,4,4,4,5,4,5,4,8,9,5,8,8,4,6,4,3,3,5,6,6,6,,8,,,b'\x11\xe8\xe1I\xeb\xc9j4\x9a\xbe\x12\xdf\x17\xaeN\x1e'
11E8E149-EBC9-6A34-9ABE-12DF17AE4E1E,2018-ncaa-d3-natl,ncaa,114,88,197,98,224,269,247,313,177,232,276,198,243,293,152,233,307,383,20,380,378,333,345,178,171,189,268,218,319,221,116,252,22,250,45,165,68,147,244,143,204,136,163,80,,,179,348,,,129,366,419,146,274,256,331,241,277,235,294,331,401,401,373,391,222,242,242,143,166,210,161,,189,,,124,26,24,32,104,19,22,120,180,188,157,359,126,158,106,155,358,30,52,125,136,87,387,341,321,15,22,61,116,33,45,59,253,194,92,96,51,93,237,267,,,377,360,,,129,80,192,62,114,29,21,17,16,7,189,192,130,151,148,15,19,11,57,23,67,194,59,245,,410,,,b'\x11\xe8\xe1I\xeb\xc9j4\x9a\xbe\x12\xdf\x17\xaeN\x1e'
11E8E149-EBC9-6A34-9ABE-12DF17AE4E1E,2019-ncaa-d3-conf-NESCAC,ncaa,5,5,6,5,8,7,5,6,4,5,5,4,11,11,8,10,5,5,6,5,7,7,6,6,7,6,11,11,4,3,2,7,4,6,2,6,7,8,7,8,8,5,4,2,,,3,5,,,5,6,3,4,4,2,4,2,3,11,11,5,5,5,4,3,3,6,3,5,10,5,3,,5,,,5,5,4,6,6,6,3,8,4,8,2,9,4,3,11,4,6,5,4,6,5,6,4,5,5,3,4,2,2,3,2,4,7,9,10,8,9,9,6,4,,,6,5,,,5,4,5,6,5,6,6,9,9,5,5,9,6,6,6,9,7,3,3,4,6,10,11,6,,4,,,b'\x11\xe8\xe1I\xeb\xc9j4\x9a\xbe\x12\xdf\x17\xaeN\x1e'
11E8E149-EBC9-6A34-9ABE-12DF17AE4E1E,2019-ncaa-d3-natl,ncaa,62,90,42,86,62,76,60,71,70,30,50,66,293,291,295,358,102,142,84,145,316,77,83,120,108,106,396,387,247,32,9,41,37,26,6,131,333,254,153,163,238,277,31,28,,,187,145,,,68,139,379,331,134,91,187,44,98,357,359,179,226,238,196,251,49,102,41,184,142,323,42,,78,,,73,185,203,341,83,182,229,150,297,402,38,381,141,118,312,118,118,322,272,88,82,138,259,324,143,136,37,67,9,77,6,108,68,267,316,186,197,118,329,196,,,138,252,,,68,302,62,114,72,67,89,149,95,80,199,328,80,62,60,93,39,48,13,20,54,381,112,256,,260,,,b'\x11\xe8\xe1I\xeb\xc9j4\x9a\xbe\x12\xdf\x17\xaeN\x1e'
11E8E149-EBC9-6A34-9ABE-12DF17AE4E1E,2020-ncaa-d3-conf-NESCAC,ncaa,11,8,11,11,11,11,10,11,5,10,11,5,9,10,6,8,9,9,6,9,5,11,11,5,4,7,6,7,6,10,9,11,9,11,9,7,1,4,10,7,11,10,7,3,,,2,9,,,9,11,4,5,7,7,10,6,9,7,8,4,4,4,10,6,9,8,9,3,10,10,3,,10,,,10,2,1,1,9,1,1,8,8,5,10,10,6,6,9,6,11,1,1,11,11,11,10,10,9,2,9,1,9,1,9,5,10,10,9,10,6,10,2,5,,,11,6,,,9,1,7,11,9,11,9,6,3,2,10,10,11,11,11,9,8,10,4,6,11,8,9,4,,8,,,b'\x11\xe8\xe1I\xeb\xc9j4\x9a\xbe\x12\xdf\x17\xaeN\x1e'
11E8E149-EBC9-6A34-9ABE-12DF17AE4E1E,2020-ncaa-d3-natl,ncaa,215,198,327,211,331,264,271,370,111,245,333,112,281,338,143,277,173,281,13,275,194,372,389,124,83,112,235,277,118,308,139,237,190,276,101,170,37,92,225,100,423,421,43,20,,,100,210,,,232,399,420,22,219,242,375,199,300,260,316,128,237,232,358,389,272,140,210,118,145,424,31,,136,,,232,129,100,123,144,57,65,142,355,343,304,396,191,135,391,143,277,103,43,204,223,345,401,397,247,156,190,20,139,39,101,149,217,419,421,390,155,263,133,199,,,341,187,,,232,41,107,335,224,226,184,227,95,100,377,373,250,192,199,220,72,221,41,80,193,427,202,168,,307,,,b'\x11\xe8\xe1I\xeb\xc9j4\x9a\xbe\x12\xdf\x17\xaeN\x1e'
11E8E149-EBC9-6A34-9ABE-12DF17AE4E1E,2022-ncaa-d3-conf-NESCAC,ncaa,5,4,8,5,9,8,8,8,1,8,9,1,6,8,1,7,5,6,2,6,3,8,8,1,1,1,4,5,4,11,11,8,9,8,10,8,7,3,9,8,10,11,7,8,,,2,1,,,6,8,1,6,1,3,9,6,6,3,8,3,2,2,8,9,11,5,10,4,9,11,8,,1,,,6,4,5,4,6,6,4,7,7,7,6,8,2,2,2,2,1,4,4,6,5,7,3,7,1,7,9,4,11,5,10,4,3,9,10,7,4,8,5,6,,,6,2,,,6,4,5,8,6,8,10,11,10,10,8,10,2,2,2,11,10,11,6,7,6,6,8,5,,2,,,b'\x11\xe8\xe1I\xeb\xc9j4\x9a\xbe\x12\xdf\x17\xaeN\x1e'
11E8E149-EBC9-6A34-9ABE-12DF17AE4E1E,2022-ncaa-d3-natl,ncaa,190,182,250,192,279,172,144,276,32,135,219,52,176,298,31,273,280,317,129,321,323,284,330,34,44,34,284,221,352,385,380,252,192,327,283,159,223,36,62,45,357,362,285,317,,,62,66,,,155,312,310,243,103,73,253,73,180,162,279,264,316,325,279,384,399,214,350,118,29,371,295,,50,,,155,178,252,195,268,269,238,246,185,145,312,156,49,54,97,51,31,147,114,267,222,277,84,206,42,166,192,131,380,134,283,64,14,350,346,225,21,41,54,52,,,253,98,,,155,115,60,283,152,221,292,279,297,305,204,152,42,52,42,208,118,193,163,174,84,357,21,44,,203,,,b'\x11\xe8\xe1I\xeb\xc9j4\x9a\xbe\x12\xdf\x17\xaeN\x1e'
11E8E149-EBC9-6A34-9ABE-12DF17AE4E1E,2023-ncaa-d3-conf-NESCAC,ncaa,5,4,7,5,7,7,8,7,6,7,8,6,5,6,4,4,3,4,2,3,2,7,8,5,3,2,4,4,2,11,11,8,1,9,7,8,8,4,6,9,3,2,5,5,,,1,1,,,7,8,3,3,3,8,8,7,7,4,4,1,3,3,6,7,11,8,9,9,5,2,5,,1,,,7,5,7,4,10,6,3,9,10,6,11,9,2,1,5,1,4,3,3,10,10,9,6,10,2,1,1,5,11,2,7,7,6,6,4,8,6,9,2,3,,,3,1,,,7,4,6,7,7,8,9,4,8,5,11,8,4,2,2,4,5,1,7,3,8,4,9,2,,1,,,b'\x11\xe8\xe1I\xeb\xc9j4\x9a\xbe\x12\xdf\x17\xaeN\x1e'
11E8E149-EBC9-6A34-9ABE-12DF17AE4E1E,2023-ncaa-d3-natl,ncaa,152,171,109,168,115,204,204,250,123,172,190,153,241,281,174,282,199,270,45,271,278,258,311,148,131,119,286,291,187,382,385,132,16,265,172,288,358,69,113,204,262,238,109,88,,,115,151,,,128,265,391,32,252,238,337,189,244,281,319,226,321,321,351,410,409,157,339,315,52,292,110,,63,,,131,80,89,135,101,98,148,107,139,182,110,247,122,88,359,84,111,114,112,99,93,116,209,234,196,28,16,208,385,100,172,102,158,255,207,174,80,113,110,105,,,174,55,,,128,161,184,77,126,49,63,69,74,93,119,140,89,59,55,54,31,17,161,72,86,300,64,89,,195,,,b'\x11\xe8\xe1I\xeb\xc9j4\x9a\xbe\x12\xdf\x17\xaeN\x1e'
11E8E149-EBC9-6A34-9ABE-12DF17AE4E1E,2024-ncaa-d3-conf-NESCAC,ncaa,4,3,3,4,3,3,3,4,3,5,4,7,5,9,1,9,9,9,7,10,8,4,5,3,3,4,7,5,9,7,8,3,3,4,4,7,10,6,4,6,2,2,7,7,,,3,2,,,4,5,9,2,4,3,7,5,3,5,9,8,8,9,7,7,8,2,5,9,5,2,9,,2,,,4,5,5,6,3,5,6,4,8,9,5,10,4,4,1,5,6,6,6,4,3,2,6,9,4,4,3,8,8,7,4,3,5,2,5,4,7,7,6,8,,,3,3,,,4,7,4,2,4,2,2,5,2,3,6,9,3,3,4,4,3,3,7,4,5,4,7,8,,5,,,b'\x11\xe8\xe1I\xeb\xc9j4\x9a\xbe\x12\xdf\x17\xaeN\x1e'
11E8E149-EBC9-6A34-9ABE-12DF17AE4E1E,2024-ncaa-d3-natl,ncaa,110,115,112,119,118,204,175,158,185,122,85,215,306,319,244,345,250,288,93,294,383,185,239,231,223,190,366,336,269,183,213,124,21,147,102,279,393,93,96,213,148,113,93,78,,,83,109,,,107,261,365,26,248,202,188,127,87,328,348,270,331,336,227,322,207,131,155,323,74,162,102,,47,,,108,51,66,108,76,63,153,49,137,122,223,199,74,70,200,68,100,83,123,80,65,42,241,281,151,38,21,271,213,139,102,37,49,136,76,35,84,97,381,294,,,200,176,,,107,175,182,32,101,24,35,55,46,104,120,91,49,43,44,32,51,24,218,101,30,149,74,365,,253,,,b'\x11\xe8\xe1I\xeb\xc9j4\x9a\xbe\x12\xdf\x17\xaeN\x1e'
11E8E149-EBC9-6A34-9ABE-12DF17AE4E1E,2025-ncaa-d3-conf-NESCAC,genius_ncaa,4,4,4,5,4,4,2,4,1,2,3,3,5,10,1,11,8,7,9,7,10,4,5,1,3,2,11,8,11,7,8,4,4,4,5,6,10,5,3,5,6,7,6,7,,,6,5,,7,5,4,3,1,1,1,2,1,1,6,11,9,8,8,2,3,8,3,4,7,3,6,7,,6,,7,5,8,9,7,6,6,8,3,9,8,11,6,5,7,1,7,6,7,7,7,7,8,7,10,6,6,4,6,8,6,5,7,2,7,8,7,5,6,9,7,,,5,9,,4,5,8,3,8,4,9,9,9,6,10,10,9,7,7,7,10,9,6,4,7,5,8,6,8,,8,,4,b'\x11\xe8\xe1I\xeb\xc9j4\x9a\xbe\x12\xdf\x17\xaeN\x1e'
11E8E149-EBC9-6A34-9ABE-12DF17AE4E1E,2025-ncaa-d3-natl,genius_ncaa,141,118,192,141,192,182,143,195,86,105,97,166,261,340,52,353,276,268,245,273,362,208,277,117,138,104,360,300,327,262,258,204,88,235,170,292,396,49,72,185,242,217,110,100,,,222,311,,43,141,274,345,1,158,98,139,61,64,259,350,282,273,285,166,279,272,177,226,310,58,255,103,,246,,41,136,134,129,118,207,142,180,145,173,94,338,128,178,185,180,180,206,116,98,209,205,241,214,212,205,78,88,175,258,118,170,38,23,304,273,140,47,61,325,252,,,181,102,,138,141,125,121,209,149,154,159,131,167,186,182,99,183,188,183,129,85,93,198,132,48,317,59,332,,153,,143,b'\x11\xe8\xe1I\xeb\xc9j4\x9a\xbe\x12\xdf\x17\xaeN\x1e'
11E8E149-EBC9-6A34-9ABE-12DF17AE4E1E,2026-ncaa-d3-natl,genius_ncaa,54,68,116,75,139,139,117,132,154,116,136,176,117,141,132,188,235,252,180,245,336,148,183,151,170,122,235,152,319,177,230,199,89,192,193,92,154,106,51,51,45,32,261,275,,,167,151,,197,43,181,267,113,145,110,102,132,142,130,157,282,301,297,145,251,213,247,254,102,52,46,295,,96,,177,49,117,143,164,137,182,199,144,75,103,83,111,98,110,114,101,60,147,197,104,83,32,62,103,123,110,89,260,230,207,193,138,162,66,34,41,74,33,290,270,,,257,335,,98,43,229,122,24,46,20,58,50,120,136,36,40,37,42,33,30,89,65,244,149,74,61,34,292,,346,,114,b'\x11\xe8\xe1I\xeb\xc9j4\x9a\xbe\x12\xdf\x17\xaeN\x1e'
11E8E149-EBCD-EC30-9ABE-12DF17AE4E1E,2018-ncaa-d3-conf-CCIW,ncaa,8,8,5,8,8,6,6,8,4,6,5,6,7,8,3,8,4,3,3,3,5,8,8,4,4,6,6,7,1,6,5,6,5,7,3,7,8,8,8,8,9,8,8,8,,,3,6,,,6,9,5,6,6,6,8,4,4,7,8,3,3,3,8,6,6,5,7,7,8,8,8,,5,,,6,6,7,4,6,7,5,7,3,3,3,3,4,3,7,2,2,3,1,6,6,8,2,3,4,2,5,1,5,1,3,6,2,9,8,8,6,7,7,7,,,3,2,,,6,2,6,7,6,6,7,6,7,7,4,4,5,5,4,6,4,5,1,2,6,8,7,7,,3,,,b'\x11\xe8\xe1I\xeb\xcd\xec0\x9a\xbe\x12\xdf\x17\xaeN\x1e'
11E8E149-EBCD-EC30-9ABE-12DF17AE4E1E,2018-ncaa-d3-natl,ncaa,299,327,197,314,264,159,164,301,38,155,231,76,201,329,22,318,127,190,41,195,199,290,256,47,33,87,234,248,168,325,228,273,135,314,157,232,355,326,345,293,327,341,379,394,,,219,247,,,264,209,151,303,107,119,320,121,214,193,339,97,178,184,296,237,343,281,335,235,336,339,389,,228,,,264,380,390,236,412,390,252,418,257,250,253,231,295,212,433,201,192,228,186,397,408,424,135,156,192,93,135,61,228,58,157,338,166,318,341,372,219,238,287,299,,,137,80,,,264,230,134,386,264,381,379,277,385,268,254,248,324,217,208,262,211,96,57,67,329,344,227,305,,91,,,b'\x11\xe8\xe1I\xeb\xcd\xec0\x9a\xbe\x12\xdf\x17\xaeN\x1e'
11E8E149-EBCD-EC30-9ABE-12DF17AE4E1E,2019-ncaa-d3-conf-CCIW,ncaa,8,8,7,8,8,6,4,8,3,4,4,3,7,7,5,6,8,9,2,9,8,8,8,4,4,4,7,6,5,7,7,9,9,9,9,9,9,6,9,7,4,4,9,9,,,2,2,,,8,8,1,6,4,3,4,2,3,7,6,5,7,7,5,4,6,9,9,6,9,3,8,,3,,,8,7,9,5,9,9,7,9,3,2,7,3,1,1,1,1,2,3,2,9,7,8,1,3,1,7,9,4,7,3,9,8,3,4,5,9,3,5,2,3,,,9,7,,,8,2,5,9,8,9,9,9,9,8,4,5,2,4,4,8,8,8,6,8,9,3,5,4,,6,,,b'\x11\xe8\xe1I\xeb\xcd\xec0\x9a\xbe\x12\xdf\x17\xaeN\x1e'
11E8E149-EBCD-EC30-9ABE-12DF17AE4E1E,2019-ncaa-d3-natl,ncaa,306,331,215,326,245,140,136,200,93,127,165,103,198,263,122,284,142,178,95,178,206,193,177,106,90,127,271,273,197,326,348,332,285,346,354,209,358,292,274,262,153,169,372,402,,,208,169,,,317,133,63,152,83,83,143,80,136,202,261,111,151,151,132,109,332,366,378,194,303,138,388,,231,,,314,429,437,285,438,439,361,438,155,117,314,78,213,218,228,212,138,279,289,435,436,424,16,39,85,189,285,270,348,240,354,390,122,158,185,309,108,98,255,231,,,201,228,,,317,306,164,413,313,423,430,331,433,384,171,115,233,231,224,325,348,199,301,271,384,135,133,272,,164,,,b'\x11\xe8\xe1I\xeb\xcd\xec0\x9a\xbe\x12\xdf\x17\xaeN\x1e'
11E8E149-EBCD-EC30-9ABE-12DF17AE4E1E,2020-ncaa-d3-conf-CCIW,ncaa,4,4,5,4,5,4,4,4,4,4,4,2,7,6,8,6,4,3,7,3,2,4,3,6,6,7,6,6,3,3,3,3,2,3,2,4,2,9,8,7,2,4,4,5,,,8,7,,,5,4,2,4,3,3,3,3,5,7,6,1,2,2,3,2,3,2,2,4,9,3,4,,7,,,5,6,5,5,2,6,7,2,5,5,4,5,6,6,7,5,6,5,6,3,3,4,4,3,6,6,2,4,3,4,2,3,1,4,4,3,4,3,9,8,,,5,5,,,5,6,5,3,5,5,4,7,6,7,4,5,7,6,6,8,8,6,5,5,3,4,3,8,,3,,,b'\x11\xe8\xe1I\xeb\xcd\xec0\x9a\xbe\x12\xdf\x17\xaeN\x1e'
11E8E149-EBCD-EC30-9ABE-12DF17AE4E1E,2020-ncaa-d3-natl,ncaa,134,136,126,140,136,100,98,145,87,95,177,47,143,144,188,189,109,91,254,92,108,134,89,80,94,151,241,228,229,102,111,139,34,125,71,85,119,372,313,201,68,75,185,190,,,419,415,,,144,80,100,74,80,89,164,81,211,167,155,122,87,92,129,82,116,143,125,70,340,72,190,,416,,,145,296,235,172,283,231,228,212,247,129,391,119,390,379,290,369,351,222,285,289,327,252,310,209,358,65,34,203,111,120,71,193,154,87,99,111,192,127,318,287,,,61,112,,,144,354,145,191,151,257,209,134,197,191,234,100,379,366,353,182,239,49,164,97,176,100,170,297,,56,,,b'\x11\xe8\xe1I\xeb\xcd\xec0\x9a\xbe\x12\xdf\x17\xaeN\x1e'
11E8E149-EBCD-EC30-9ABE-12DF17AE4E1E,2021-ncaa-d3-conf-CCIW,ncaa,1,2,1,2,2,1,1,1,3,1,1,2,1,1,5,4,1,1,1,1,7,1,1,4,2,2,4,6,4,1,2,1,2,1,3,1,6,6,1,1,1,1,2,4,,,9,8,,,1,1,1,6,1,1,1,1,1,1,1,2,4,4,1,1,1,5,3,2,4,1,5,,9,,,1,9,8,8,8,7,6,3,8,6,9,2,9,9,6,9,9,8,9,9,9,4,8,6,8,3,2,9,2,7,3,5,1,1,1,1,2,1,6,3,,,1,4,,,1,9,2,4,2,6,4,3,4,3,6,2,8,9,9,4,8,1,8,4,2,1,1,3,,1,,,b'\x11\xe8\xe1I\xeb\xcd\xec0\x9a\xbe\x12\xdf\x17\xaeN\x1e'
11E8E149-EBCD-EC30-9ABE-12DF17AE4E1E,2021-ncaa-d3-natl,ncaa,18,92,32,62,34,19,23,26,68,28,32,49,21,21,85,76,24,31,20,31,122,23,29,55,44,31,92,94,134,33,91,51,48,43,103,25,114,224,53,44,21,34,53,91,,,268,270,,,34,32,61,61,18,30,30,56,100,38,43,46,97,101,28,49,72,183,132,42,84,35,117,,263,,,57,251,240,232,211,227,226,161,263,234,263,141,265,261,173,260,261,236,248,231,240,166,256,215,225,183,48,252,91,235,103,230,113,19,29,50,152,24,210,101,,,23,48,,,34,255,35,131,65,162,128,44,98,49,219,111,232,235,230,66,164,32,161,93,120,28,35,115,,26,,,b'\x11\xe8\xe1I\xeb\xcd\xec0\x9a\xbe\x12\xdf\x17\xaeN\x1e'
11E8E149-EBCD-EC30-9ABE-12DF17AE4E1E,2022-ncaa-d3-conf-CCIW,ncaa,2,2,1,2,1,1,1,2,1,1,1,2,3,7,2,8,2,4,2,4,7,2,3,1,1,1,8,7,7,3,1,7,7,5,4,1,6,3,2,1,2,2,4,4,,,5,3,,,3,3,6,5,1,1,2,1,2,5,7,3,6,6,2,5,3,9,9,1,2,2,5,,3,,,3,5,4,3,7,4,4,5,6,3,8,6,6,6,9,6,6,3,7,7,7,4,7,6,6,5,7,2,1,2,4,4,6,3,2,2,1,1,3,3,,,3,3,,,3,7,1,4,3,4,3,1,4,3,5,2,6,5,5,1,4,4,2,2,3,3,1,3,,4,,,b'\x11\xe8\xe1I\xeb\xcd\xec0\x9a\xbe\x12\xdf\x17\xaeN\x1e'
11E8E149-EBCD-EC30-9ABE-12DF17AE4E1E,2022-ncaa-d3-natl,ncaa,39,79,13,65,21,16,17,59,7,23,52,19,75,159,5,272,47,93,32,92,246,61,48,15,9,19,248,214,280,200,209,219,242,209,223,30,189,326,197,93,16,20,68,80,,,400,297,,,75,29,217,221,40,37,243,53,181,117,269,142,229,233,245,286,333,408,394,66,174,31,106,,269,,,95,402,375,300,344,353,298,315,365,281,386,199,405,374,413,375,331,325,399,354,383,263,307,237,323,249,242,208,209,227,223,310,138,16,21,63,94,30,212,113,,,25,95,,,75,403,31,228,86,226,185,42,170,70,233,114,325,260,258,52,166,100,25,44,152,41,26,111,,133,,,b'\x11\xe8\xe1I\xeb\xcd\xec0\x9a\xbe\x12\xdf\x17\xaeN\x1e'
11E8E149-EBCD-EC30-9ABE-12DF17AE4E1E,2023-ncaa-d3-conf-CCIW,ncaa,1,1,2,1,2,2,2,1,4,2,1,4,4,4,1,8,3,7,2,8,9,1,3,4,3,2,7,7,7,4,6,4,3,4,5,4,9,1,1,1,1,1,5,4,,,2,2,,,1,2,2,6,2,2,1,2,1,5,6,6,8,8,1,2,5,3,4,4,1,1,5,,1,,,1,1,2,5,2,3,5,3,2,4,1,6,2,2,5,2,2,4,8,2,1,1,2,3,4,2,3,8,6,7,5,2,6,1,1,1,1,1,9,6,,,2,8,,,1,8,2,1,1,1,2,3,3,3,1,3,2,2,1,1,7,2,5,4,2,1,1,9,,6,,,b'\x11\xe8\xe1I\xeb\xcd\xec0\x9a\xbe\x12\xdf\x17\xaeN\x1e'
11E8E149-EBCD-EC30-9ABE-12DF17AE4E1E,2023-ncaa-d3-natl,ncaa,17,30,13,29,20,21,15,19,30,18,17,65,69,140,15,294,128,184,63,185,399,26,32,38,43,33,319,223,387,116,204,83,171,93,190,52,297,198,64,60,16,26,168,222,,,300,113,,,27,21,145,208,35,16,66,37,59,120,250,241,325,325,83,167,216,279,258,89,78,30,236,,136,,,31,318,335,379,178,352,355,259,194,311,36,245,239,223,286,211,128,363,407,151,145,58,101,133,166,280,171,350,204,338,190,274,152,16,25,35,170,64,382,216,,,55,236,,,27,411,41,52,35,95,141,124,192,141,87,183,106,91,86,96,244,150,142,133,141,35,80,316,,208,,,b'\x11\xe8\xe1I\xeb\xcd\xec0\x9a\xbe\x12\xdf\x17\xaeN\x1e'
11E8E149-EBCD-EC30-9ABE-12DF17AE4E1E,2024-ncaa-d3-conf-CCIW,ncaa,3,3,1,3,1,1,1,3,2,2,2,1,2,5,2,7,1,3,1,2,4,3,3,2,2,1,6,7,6,6,6,3,8,4,3,3,8,4,3,3,3,5,2,3,,,8,6,,,3,1,1,4,1,1,4,2,3,3,6,1,4,3,4,3,7,4,5,3,3,4,2,,7,,,3,7,7,8,3,6,9,2,4,4,3,1,7,7,5,7,6,9,9,2,2,3,5,2,7,9,8,6,6,6,3,4,4,2,3,2,5,4,8,5,,,1,1,,,3,9,2,3,3,5,3,7,5,9,2,1,7,7,7,9,9,9,3,3,3,2,3,8,,2,,,b'\x11\xe8\xe1I\xeb\xcd\xec0\x9a\xbe\x12\xdf\x17\xaeN\x1e'
11E8E149-EBCD-EC30-9ABE-12DF17AE4E1E,2024-ncaa-d3-natl,ncaa,30,45,17,44,22,5,3,22,5,6,22,9,45,124,5,302,14,28,23,33,240,19,15,4,3,5,302,253,284,145,176,46,141,80,118,23,317,299,104,61,42,99,128,209,,,412,290,,,30,8,37,189,3,4,56,9,58,86,227,47,95,107,48,81,261,167,210,36,169,72,195,,351,,,35,421,409,403,356,401,404,305,374,281,402,105,413,418,168,418,328,417,420,352,357,278,221,172,280,284,141,289,176,289,118,363,164,24,74,120,327,165,337,152,,,9,109,,,30,420,6,234,42,340,320,228,316,277,256,128,346,367,373,278,339,148,75,88,259,41,216,238,,53,,,b'\x11\xe8\xe1I\xeb\xcd\xec0\x9a\xbe\x12\xdf\x17\xaeN\x1e'
11E8E149-EBCD-EC30-9ABE-12DF17AE4E1E,2025-ncaa-d3-conf-CCIW,genius_ncaa,5,6,1,6,2,4,4,4,5,6,5,8,2,2,2,3,8,6,8,6,5,4,4,3,4,7,1,1,8,4,5,5,6,5,6,6,7,8,7,7,6,6,6,7,,,8,9,,8,8,4,7,5,5,5,5,7,6,2,3,9,8,7,5,6,6,7,6,7,7,6,6,,7,,8,8,9,9,9,7,9,9,6,3,3,4,1,8,8,1,8,7,8,6,6,6,8,1,1,5,6,6,6,5,7,6,5,3,6,9,8,5,4,6,7,,,5,7,,4,8,6,7,8,8,6,7,5,7,8,2,1,5,6,6,6,3,5,5,4,3,9,4,5,,8,,4,b'\x11\xe8\xe1I\xeb\xcd\xec0\x9a\xbe\x12\xdf\x17\xaeN\x1e'
11E8E149-EBCD-EC30-9ABE-12DF17AE4E1E,2025-ncaa-d3-natl,genius_ncaa,274,334,55,299,85,179,179,210,157,233,275,140,89,96,125,81,229,247,158,243,163,216,174,118,128,185,105,84,273,282,295,296,223,298,291,245,337,308,298,298,253,287,293,328,,,358,375,,404,326,145,298,213,245,249,349,299,365,106,132,294,320,315,351,331,338,402,400,313,244,318,316,,326,,403,318,399,402,254,418,408,342,404,226,71,407,42,336,336,219,347,266,288,251,411,412,409,60,65,179,170,223,230,295,198,291,304,75,239,291,302,185,178,107,161,,,199,225,,109,326,272,218,389,323,346,354,128,379,251,167,35,297,296,304,153,96,105,119,114,241,326,140,73,,287,,136,b'\x11\xe8\xe1I\xeb\xcd\xec0\x9a\xbe\x12\xdf\x17\xaeN\x1e'
11E8E149-EBCD-EC30-9ABE-12DF17AE4E1E,2026-ncaa-d3-conf-CCIW,genius_ncaa,4,4,1,4,2,5,5,5,4,4,5,3,5,6,6,4,3,3,6,4,4,6,4,4,5,7,6,6,4,3,3,1,2,2,1,5,8,7,7,7,9,9,8,9,,,6,6,,9,4,5,7,2,6,6,6,5,7,5,6,4,4,5,7,5,3,1,2,7,6,9,9,,4,,8,4,5,4,5,1,3,7,1,7,4,8,2,6,5,4,5,4,6,4,1,2,4,8,7,5,4,2,3,3,3,1,4,7,6,7,8,6,6,3,3,,,4,4,,2,4,5,5,4,4,3,2,4,1,6,7,2,4,3,3,5,2,2,2,2,4,8,5,2,,4,,3,b'\x11\xe8\xe1I\xeb\xcd\xec0\x9a\xbe\x12\xdf\x17\xaeN\x1e'
11E8E149-EBCD-EC30-9ABE-12DF17AE4E1E,2026-ncaa-d3-natl,genius_ncaa,157,200,116,194,139,167,205,269,105,197,280,69,199,219,191,199,33,53,82,53,15,234,201,110,63,151,117,258,26,297,255,127,183,190,155,241,302,321,345,319,376,406,230,306,,,293,300,,400,288,172,235,113,191,264,394,242,372,231,263,30,43,43,360,306,344,126,251,288,310,405,263,,278,,395,280,317,315,286,309,331,344,220,225,136,355,31,322,328,246,311,199,296,237,289,292,371,136,115,250,244,183,152,255,178,155,232,67,337,399,355,262,260,78,78,,,87,38,,76,288,237,192,360,286,320,322,291,336,359,193,67,326,323,312,308,174,213,58,107,197,399,225,48,,69,,93,b'\x11\xe8\xe1I\xeb\xcd\xec0\x9a\xbe\x12\xdf\x17\xaeN\x1e'
11E8E149-EBD2-E744-9ABE-12DF17AE4E1E,2018-ncaa-d3-conf-SAA,ncaa,6,6,5,6,6,6,5,7,2,4,8,2,8,6,8,4,4,5,5,5,2,6,5,2,2,7,7,7,4,4,3,7,5,5,3,6,4,8,8,7,3,3,5,4,,,4,4,,,5,6,4,3,5,5,7,3,8,7,5,4,5,5,6,4,3,6,4,6,8,2,5,,5,,,5,3,4,2,6,6,3,7,3,2,3,4,4,3,7,3,4,2,3,6,6,3,2,3,5,3,5,1,3,2,3,6,8,3,3,6,5,6,5,5,,,5,6,,,5,4,6,5,5,5,5,4,6,5,3,4,5,4,4,4,7,4,1,2,7,3,6,5,,3,,,b'\x11\xe8\xe1I\xeb\xd2\xe7D\x9a\xbe\x12\xdf\x17\xaeN\x1e'
11E8E149-EBD2-E744-9ABE-12DF17AE4E1E,2018-ncaa-d3-natl,ncaa,299,327,197,314,200,236,295,348,231,306,358,173,210,187,268,133,59,37,260,40,3,290,232,203,168,240,82,193,18,206,138,238,202,234,156,282,245,370,381,350,187,200,102,101,,,365,378,,,280,236,205,21,227,316,386,330,389,200,169,30,20,20,296,202,206,224,217,302,370,189,95,,388,,,278,283,227,181,251,237,229,247,211,181,249,169,384,392,195,387,374,241,241,263,292,297,263,159,378,186,202,98,138,121,156,272,274,210,240,253,243,258,333,412,,,88,33,,,280,249,242,276,260,288,241,221,261,249,214,186,399,401,397,278,278,199,102,136,276,216,257,350,,38,,,b'\x11\xe8\xe1I\xeb\xd2\xe7D\x9a\xbe\x12\xdf\x17\xaeN\x1e'
11E8E149-EBD2-E744-9ABE-12DF17AE4E1E,2019-ncaa-d3-conf-SAA,ncaa,1,1,3,1,4,2,3,5,1,3,5,1,4,5,1,7,1,1,5,1,1,3,3,1,1,1,5,7,3,4,3,2,6,3,1,3,4,8,8,6,3,3,5,5,,,2,2,,,2,3,3,5,1,4,7,3,5,3,6,1,1,1,6,4,3,1,1,3,8,3,5,,2,,,2,3,4,7,2,3,5,3,3,8,1,8,2,3,3,3,2,7,6,2,1,2,3,7,2,7,6,1,3,3,1,2,3,5,6,4,7,6,7,6,,,2,1,,,2,6,1,2,2,3,4,8,4,5,4,8,2,2,2,8,7,7,1,2,3,6,6,6,,1,,,b'\x11\xe8\xe1I\xeb\xd2\xe7D\x9a\xbe\x12\xdf\x17\xaeN\x1e'
11E8E149-EBD2-E744-9ABE-12DF17AE4E1E,2019-ncaa-d3-natl,ncaa,38,29,67,35,86,133,223,316,111,243,370,55,133,117,194,112,15,8,272,8,1,216,178,89,67,121,54,181,8,241,194,34,101,85,78,262,312,335,327,325,234,272,197,166,,,253,229,,,94,161,356,104,188,306,421,332,417,166,164,13,8,8,368,342,310,40,116,335,270,294,221,,173,,,95,124,102,320,16,48,119,51,372,430,29,425,167,253,30,242,304,329,272,34,26,71,411,412,231,261,101,137,194,177,78,48,64,280,334,128,206,188,215,322,,,22,5,,,94,268,135,76,88,57,51,200,23,45,311,415,124,180,172,192,105,191,57,92,29,364,145,168,,17,,,b'\x11\xe8\xe1I\xeb\xd2\xe7D\x9a\xbe\x12\xdf\x17\xaeN\x1e'
11E8E149-EBD2-E744-9ABE-12DF17AE4E1E,2020-ncaa-d3-conf-SAA,ncaa,4,4,3,4,4,7,7,8,5,4,6,2,8,6,8,6,3,3,7,3,1,7,3,7,6,7,6,7,1,4,3,3,4,3,3,5,5,8,8,8,3,5,5,6,,,2,3,,,6,3,6,7,7,7,8,4,7,8,6,3,3,3,8,6,4,3,3,7,8,5,5,,3,,,6,2,2,6,2,3,3,2,6,7,5,7,1,1,3,1,2,5,6,2,2,2,5,7,3,4,4,2,3,3,3,8,8,4,5,7,7,7,4,5,,,3,1,,,6,6,7,2,5,2,2,5,2,4,6,7,2,1,1,5,3,4,1,3,7,5,7,3,,3,,,b'\x11\xe8\xe1I\xeb\xd2\xe7D\x9a\xbe\x12\xdf\x17\xaeN\x1e'
11E8E149-EBD2-E744-9ABE-12DF17AE4E1E,2020-ncaa-d3-natl,ncaa,202,245,65,217,80,261,307,368,196,247,364,50,360,253,423,218,41,15,328,15,1,310,192,233,191,306,231,379,5,207,135,72,213,117,103,344,375,422,413,409,229,270,353,324,,,307,268,,,250,196,356,96,343,376,432,323,418,391,307,48,20,20,412,353,270,108,185,404,387,282,378,,240,,,249,170,105,315,25,25,69,40,422,433,137,429,225,216,236,216,332,302,301,66,62,84,435,430,251,327,213,89,135,175,103,205,322,194,243,207,331,322,100,182,,,22,4,,,250,272,306,119,239,92,54,198,10,18,384,424,165,159,164,184,145,272,36,94,156,253,282,68,,32,,,b'\x11\xe8\xe1I\xeb\xd2\xe7D\x9a\xbe\x12\xdf\x17\xaeN\x1e'
11E8E149-EBD2-E744-9ABE-12DF17AE4E1E,2021-ncaa-d3-conf-SAA,ncaa,1,1,1,1,2,3,3,6,1,2,5,1,5,5,4,6,2,2,1,2,1,4,3,1,1,2,5,7,1,6,4,2,4,2,1,3,2,7,7,7,3,4,4,3,,,5,3,,,2,3,5,6,4,5,7,5,6,7,7,2,2,2,7,6,7,3,5,5,7,3,4,,3,,,2,3,3,4,1,3,4,1,6,7,2,7,4,4,2,4,4,4,5,1,1,1,6,6,5,5,4,2,4,4,1,4,6,2,4,3,6,6,4,4,,,1,1,,,2,5,4,1,1,1,1,3,1,2,5,6,1,1,1,3,3,3,1,1,3,3,4,2,,2,,,b'\x11\xe8\xe1I\xeb\xd2\xe7D\x9a\xbe\x12\xdf\x17\xaeN\x1e'
11E8E149-EBD2-E744-9ABE-12DF17AE4E1E,2021-ncaa-d3-natl,ncaa,12,58,32,40,40,42,54,76,17,33,56,24,145,141,152,261,9,10,92,10,5,57,48,35,20,83,182,268,6,80,72,25,109,39,28,64,187,269,259,224,77,204,110,171,,,252,181,,,34,43,118,110,96,148,274,75,193,251,272,6,6,6,247,171,223,33,101,170,251,193,196,,187,,,57,214,195,249,11,169,221,31,243,274,31,266,244,253,62,253,248,250,251,16,20,29,272,231,242,252,109,162,72,202,28,192,128,46,129,58,224,125,178,96,,,13,4,,,34,249,97,30,53,44,28,148,14,35,166,258,174,198,198,159,174,174,6,18,55,114,111,67,,5,,,b'\x11\xe8\xe1I\xeb\xd2\xe7D\x9a\xbe\x12\xdf\x17\xaeN\x1e'
11E8E149-EBD2-E744-9ABE-12DF17AE4E1E,2022-ncaa-d3-conf-SAA,ncaa,6,5,6,6,6,8,7,8,3,7,8,3,8,7,8,6,7,6,7,6,2,8,8,4,5,7,6,7,2,8,8,6,5,8,5,7,2,7,8,7,5,5,3,3,,,3,3,,,6,7,5,5,8,8,8,7,8,8,6,7,6,6,8,8,8,5,8,6,8,4,3,,4,,,6,1,1,2,1,1,2,1,4,4,5,6,3,3,8,3,5,1,2,3,4,3,8,7,5,4,5,1,8,1,5,4,8,4,3,2,7,8,1,4,,,8,3,,,6,2,8,2,6,2,2,3,2,2,6,6,4,3,3,3,5,5,1,1,6,3,8,2,,7,,,b'\x11\xe8\xe1I\xeb\xd2\xe7D\x9a\xbe\x12\xdf\x17\xaeN\x1e'
11E8E149-EBD2-E744-9ABE-12DF17AE4E1E,2022-ncaa-d3-natl,ncaa,256,290,188,275,225,315,350,385,209,314,387,101,333,285,371,199,62,21,338,17,2,351,293,221,189,318,142,315,2,387,324,217,150,304,150,266,73,418,416,369,248,253,192,135,,,346,379,,,244,240,222,260,364,395,426,369,417,347,292,48,15,12,418,364,412,225,363,292,401,261,191,,363,,,244,97,43,141,19,28,83,27,255,321,108,362,362,339,347,342,402,169,186,32,72,70,423,346,414,137,150,43,324,57,150,98,294,162,140,93,378,394,80,217,,,60,9,,,244,203,355,64,241,79,21,103,15,38,237,320,359,346,348,147,178,135,11,27,97,160,362,62,,33,,,b'\x11\xe8\xe1I\xeb\xd2\xe7D\x9a\xbe\x12\xdf\x17\xaeN\x1e'
11E8E149-EBD2-E744-9ABE-12DF17AE4E1E,2023-ncaa-d3-conf-SAA,ncaa,3,3,3,3,4,4,4,5,3,4,4,4,6,8,3,8,3,3,7,2,2,4,4,3,3,4,5,7,2,5,4,3,3,4,3,4,7,6,6,6,3,4,3,4,,,6,5,,,3,3,2,8,4,5,6,5,3,7,8,3,3,3,4,3,6,3,4,4,6,4,3,,6,,,3,4,3,5,2,1,3,3,8,8,4,8,4,5,3,5,7,5,5,3,3,2,8,8,5,2,3,2,4,2,3,7,8,4,5,6,1,2,2,3,,,1,2,,,3,6,6,2,3,4,4,4,1,2,8,8,5,5,5,5,7,2,3,3,4,5,1,3,,2,,,b'\x11\xe8\xe1I\xeb\xd2\xe7D\x9a\xbe\x12\xdf\x17\xaeN\x1e'
11E8E149-EBD2-E744-9ABE-12DF17AE4E1E,2023-ncaa-d3-natl,ncaa,67,85,63,81,81,70,123,183,80,107,139,91,213,264,133,336,3,2,247,2,4,99,76,96,72,104,182,338,9,248,236,39,44,108,59,263,401,322,240,312,120,179,212,190,,,406,392,,,109,44,107,149,88,166,313,131,214,269,323,3,2,2,161,161,322,49,173,311,260,163,246,,386,,,108,309,167,334,36,58,103,82,407,426,128,416,393,391,309,392,411,364,362,87,128,142,426,403,387,123,44,157,236,132,59,164,171,123,203,127,119,69,91,52,,,4,1,,,109,387,139,100,113,186,89,218,24,34,372,415,367,356,356,254,252,77,70,57,114,186,85,47,,4,,,b'\x11\xe8\xe1I\xeb\xd2\xe7D\x9a\xbe\x12\xdf\x17\xaeN\x1e'
11E8E149-EBD2-E744-9ABE-12DF17AE4E1E,2024-ncaa-d3-conf-SAA,ncaa,1,1,1,1,1,1,1,1,3,2,3,2,2,1,6,5,1,1,8,1,1,1,1,4,3,1,4,5,2,1,2,2,4,1,3,3,6,3,1,2,3,3,4,5,,,4,1,,,1,1,1,6,1,1,2,3,4,5,3,1,1,1,1,1,2,2,2,5,1,3,4,,2,,,1,5,5,8,2,5,7,2,4,8,1,5,5,4,8,4,2,8,8,2,2,2,5,5,6,8,4,8,2,8,3,4,3,3,4,3,4,3,5,4,,,1,2,,,1,8,1,4,2,4,4,7,4,6,4,6,3,2,2,7,7,7,8,8,4,4,3,4,,1,,,b'\x11\xe8\xe1I\xeb\xd2\xe7D\x9a\xbe\x12\xdf\x17\xaeN\x1e'
11E8E149-EBD2-E744-9ABE-12DF17AE4E1E,2024-ncaa-d3-natl,ncaa,20,30,17,31,29,41,95,74,146,84,125,73,165,80,339,207,1,1,374,1,3,33,54,157,145,92,162,306,22,90,159,29,202,42,157,154,323,127,25,121,162,274,102,140,,,368,239,,,87,41,224,243,93,194,235,162,279,238,163,6,1,1,102,213,177,110,127,244,30,268,154,,231,,,98,334,250,404,30,219,331,76,313,421,20,340,408,383,405,388,335,411,396,37,61,103,364,247,388,368,202,360,159,381,157,201,147,152,289,146,129,50,238,193,,,2,3,,,87,385,92,125,104,128,82,229,78,136,186,346,337,287,293,247,213,250,167,203,86,279,59,149,,2,,,b'\x11\xe8\xe1I\xeb\xd2\xe7D\x9a\xbe\x12\xdf\x17\xaeN\x1e'
11E8E149-EBD2-E744-9ABE-12DF17AE4E1E,2025-ncaa-d3-conf-SAA,genius_ncaa,2,1,3,2,5,2,2,6,2,3,5,1,5,3,5,4,2,1,7,1,2,3,3,2,1,2,4,5,2,5,4,3,1,3,1,4,6,2,3,2,4,2,6,6,,,1,1,,4,1,3,2,3,1,2,5,3,5,4,3,2,1,1,1,2,4,2,2,4,3,3,5,,1,,4,1,2,2,3,3,2,3,3,5,5,6,5,1,1,3,1,3,3,2,4,2,2,5,5,2,1,1,4,4,2,1,4,3,5,5,3,5,4,1,2,,,1,1,,6,1,5,2,2,1,3,3,5,3,4,5,5,1,1,1,4,3,2,6,3,4,4,5,2,,1,,6,b'\x11\xe8\xe1I\xeb\xd2\xe7D\x9a\xbe\x12\xdf\x17\xaeN\x1e'
11E8E149-EBD2-E744-9ABE-12DF17AE4E1E,2025-ncaa-d3-natl,genius_ncaa,44,25,116,39,166,79,141,203,66,116,200,44,224,203,226,276,1,1,267,1,3,116,132,90,61,57,141,325,7,142,119,110,116,119,77,194,296,125,86,165,171,190,304,308,,,152,122,,360,66,132,166,258,42,134,246,116,227,232,224,1,1,1,97,147,155,113,125,216,107,192,315,,119,,354,63,181,165,257,92,129,200,89,278,303,181,287,218,237,148,230,238,257,252,117,104,145,307,300,219,174,116,137,119,136,77,217,251,197,219,201,123,90,72,81,,,1,1,,129,66,269,60,131,68,147,134,208,106,158,249,275,191,205,200,202,191,134,95,105,184,224,108,60,,1,,147,b'\x11\xe8\xe1I\xeb\xd2\xe7D\x9a\xbe\x12\xdf\x17\xaeN\x1e'
11E8E149-EBD2-E744-9ABE-12DF17AE4E1E,2026-ncaa-d3-natl,genius_ncaa,98,68,215,92,219,194,263,305,147,272,330,104,188,213,186,183,26,10,307,11,1,242,231,135,93,157,53,221,11,283,209,163,33,208,51,235,175,257,291,279,327,349,304,331,,,150,135,,387,149,219,90,13,93,227,313,227,339,148,149,6,1,1,135,87,244,34,105,201,321,326,290,,180,,403,147,172,198,211,147,236,234,209,82,173,36,140,155,142,186,147,111,199,178,115,100,157,56,76,167,77,33,129,209,97,51,204,223,291,303,276,195,208,33,47,,,56,6,,123,149,209,187,111,147,237,274,339,314,342,82,230,186,179,176,329,302,78,141,92,266,270,231,25,,2,,104,b'\x11\xe8\xe1I\xeb\xd2\xe7D\x9a\xbe\x12\xdf\x17\xaeN\x1e'
11E8E149-EBD7-9F8C-9ABE-12DF17AE4E1E,2018-ncaa-d3-conf-UMAC,ncaa,3,2,4,3,4,3,3,5,2,4,7,1,1,1,3,2,4,5,3,5,2,4,4,1,1,2,3,3,6,6,4,3,9,3,5,1,1,3,4,1,7,8,2,2,,,3,2,,,3,4,5,3,3,3,4,4,7,1,2,5,5,5,4,5,6,1,4,1,5,7,2,,2,,,3,5,5,8,3,6,9,2,5,6,6,4,1,2,3,2,1,8,7,3,3,4,2,5,1,9,9,2,4,9,5,4,3,6,8,6,3,4,4,4,,,2,4,,,3,6,3,5,3,5,5,9,7,9,5,5,2,2,2,9,9,9,3,8,4,7,3,4,,3,,,b'\x11\xe8\xe1I\xeb\xd7\x9f\x8c\x9a\xbe\x12\xdf\x17\xaeN\x1e'
11E8E149-EBD7-9F8C-9ABE-12DF17AE4E1E,2018-ncaa-d3-natl,ncaa,218,138,390,184,410,307,308,395,90,358,428,21,119,111,170,18,343,383,146,378,88,399,411,51,61,106,76,52,342,386,230,361,418,388,315,134,3,112,307,87,327,275,98,86,,,33,41,,,194,412,280,442,171,183,322,298,428,45,37,282,328,314,340,306,312,191,272,29,261,243,57,,63,,,187,52,86,128,118,95,166,70,198,157,285,215,38,39,147,41,46,85,57,108,75,168,179,315,68,391,418,23,230,106,315,159,289,389,356,336,142,304,35,209,,,367,176,,,194,29,141,281,192,214,273,381,247,365,291,283,73,81,87,354,307,418,100,316,302,308,278,77,,246,,,b'\x11\xe8\xe1I\xeb\xd7\x9f\x8c\x9a\xbe\x12\xdf\x17\xaeN\x1e'
11E8E149-EBD7-9F8C-9ABE-12DF17AE4E1E,2019-ncaa-d3-conf-UMAC,ncaa,3,3,4,3,4,3,4,5,1,2,4,1,6,7,4,6,3,4,3,4,5,4,6,2,2,3,8,7,6,7,5,5,3,5,4,2,3,3,4,1,4,2,3,2,,,4,5,,,3,6,7,4,3,3,6,1,6,6,6,3,5,5,4,8,8,6,7,1,4,3,3,,4,,,3,1,1,1,2,1,3,2,2,2,5,3,3,4,6,4,6,1,4,1,2,1,7,4,7,3,3,2,5,2,4,1,5,2,1,1,2,2,1,2,,,2,1,,,3,4,3,1,3,1,2,2,3,3,3,2,4,4,4,2,2,3,4,2,2,1,2,1,,2,,,b'\x11\xe8\xe1I\xeb\xd7\x9f\x8c\x9a\xbe\x12\xdf\x17\xaeN\x1e'
11E8E149-EBD7-9F8C-9ABE-12DF17AE4E1E,2019-ncaa-d3-natl,ncaa,169,104,365,150,383,255,247,391,39,205,382,14,298,305,275,206,215,270,58,277,113,386,394,45,36,70,294,312,157,391,241,390,212,394,203,138,35,118,289,99,125,50,115,66,,,70,165,,,81,387,262,343,131,139,357,102,321,259,246,116,177,182,341,328,356,362,383,58,237,69,85,,132,,,68,19,18,23,149,34,46,114,55,30,302,129,74,77,219,82,197,26,49,154,151,55,224,211,243,49,212,23,241,28,203,97,383,106,21,72,114,247,13,28,,,201,22,,,81,55,102,50,66,54,65,37,101,113,104,52,136,132,137,34,136,120,61,70,198,33,206,15,,49,,,b'\x11\xe8\xe1I\xeb\xd7\x9f\x8c\x9a\xbe\x12\xdf\x17\xaeN\x1e'
11E8E149-EBD7-9F8C-9ABE-12DF17AE4E1E,2020-ncaa-d3-conf-UMAC,ncaa,3,4,1,4,1,2,1,1,4,1,1,5,5,4,4,7,2,4,2,5,7,1,1,4,4,4,7,6,8,2,3,1,1,1,2,1,1,5,3,2,2,2,2,2,,,5,3,,,3,1,4,2,2,1,3,1,2,6,5,6,6,6,2,3,3,1,1,1,3,3,2,,4,,,4,6,5,7,4,5,7,3,5,4,6,4,5,5,3,5,6,7,8,4,4,3,7,5,6,2,1,7,3,6,2,1,1,3,4,1,2,1,2,1,,,4,8,,,3,9,4,1,4,4,4,2,4,5,4,4,4,5,5,3,4,1,4,4,1,4,2,1,,6,,,b'\x11\xe8\xe1I\xeb\xd7\x9f\x8c\x9a\xbe\x12\xdf\x17\xaeN\x1e'
11E8E149-EBD7-9F8C-9ABE-12DF17AE4E1E,2020-ncaa-d3-natl,ncaa,170,85,398,132,398,215,188,322,55,134,243,60,303,334,190,302,225,305,36,309,307,323,353,85,78,98,340,329,246,224,69,321,157,298,77,59,7,117,203,33,96,37,80,52,,,63,134,,,108,376,90,25,42,31,61,22,56,225,245,108,184,192,67,65,102,112,89,6,280,37,40,,197,,,93,48,51,42,210,80,73,184,90,70,238,175,142,141,166,131,241,38,54,195,202,156,224,198,266,72,157,17,69,24,77,51,99,219,113,93,97,164,16,12,,,349,298,,,108,61,81,145,101,241,229,250,242,272,219,199,272,290,279,249,319,206,105,131,151,85,216,19,,181,,,b'\x11\xe8\xe1I\xeb\xd7\x9f\x8c\x9a\xbe\x12\xdf\x17\xaeN\x1e'
11E8E149-EBD7-9F8C-9ABE-12DF17AE4E1E,2021-ncaa-d3-conf-UMAC,ncaa,4,5,4,4,5,5,5,4,4,5,4,4,5,5,4,6,5,4,6,4,4,4,4,4,4,4,6,5,5,5,4,5,7,5,6,4,3,5,3,3,2,2,3,2,,,3,4,,,4,4,4,3,4,4,2,4,4,5,6,3,3,3,2,3,5,6,6,4,3,1,1,,4,,,4,6,6,6,5,7,6,4,5,4,7,2,4,4,3,4,4,6,6,5,5,3,2,4,5,7,7,5,4,6,6,5,6,3,1,2,6,6,3,2,,,5,3,,,4,6,4,3,4,5,5,4,5,7,4,2,4,4,4,4,6,6,5,5,5,1,6,3,,3,,,b'\x11\xe8\xe1I\xeb\xd7\x9f\x8c\x9a\xbe\x12\xdf\x17\xaeN\x1e'
11E8E149-EBD7-9F8C-9ABE-12DF17AE4E1E,2021-ncaa-d3-natl,ncaa,80,115,112,101,130,100,99,116,71,96,107,90,109,131,77,189,106,100,138,99,131,112,119,77,80,77,173,167,143,123,152,140,186,134,179,73,52,134,98,48,59,29,53,51,,,128,36,,,78,123,90,110,71,64,107,65,87,123,172,97,94,97,86,114,150,195,185,39,102,26,40,,53,,,94,153,174,154,209,189,178,170,138,119,232,51,131,133,82,131,64,149,160,194,179,114,53,96,64,167,186,158,152,161,179,193,200,66,37,106,178,181,88,37,,,128,158,,,78,167,78,116,84,139,177,124,191,197,98,50,68,80,84,105,183,163,148,153,200,30,181,38,,149,,,b'\x11\xe8\xe1I\xeb\xd7\x9f\x8c\x9a\xbe\x12\xdf\x17\xaeN\x1e'
11E8E149-EBD7-9F8C-9ABE-12DF17AE4E1E,2022-ncaa-d3-conf-UMAC,ncaa,4,4,1,4,1,3,3,1,5,2,1,4,6,6,7,6,1,2,2,2,5,1,2,5,5,4,6,7,1,5,7,5,8,5,8,3,2,3,1,2,1,1,1,2,,,6,4,,,4,2,4,2,4,4,2,2,1,7,6,2,3,3,2,5,6,6,6,4,1,1,1,,5,,,4,5,4,6,3,4,6,4,4,5,2,5,6,6,4,6,6,6,7,3,4,3,3,4,6,8,8,8,7,8,8,6,8,1,1,1,1,1,4,4,,,2,2,,,4,7,4,3,4,3,4,3,4,4,3,4,5,4,5,3,7,7,7,8,5,1,1,4,,3,,,b'\x11\xe8\xe1I\xeb\xd7\x9f\x8c\x9a\xbe\x12\xdf\x17\xaeN\x1e'
11E8E149-EBD7-9F8C-9ABE-12DF17AE4E1E,2022-ncaa-d3-natl,ncaa,232,129,391,190,392,345,337,383,180,299,353,146,347,348,302,250,294,353,19,360,254,385,404,207,179,139,272,307,127,389,351,412,396,409,396,275,114,11,67,72,90,10,112,31,,,24,71,,,193,400,295,46,169,175,187,129,165,284,240,116,209,226,202,311,338,414,399,136,57,15,40,,78,,,192,28,31,23,269,41,21,331,71,80,144,310,59,33,403,39,239,21,32,277,285,196,201,219,211,172,396,62,351,85,396,123,369,234,51,166,29,156,42,81,,,387,238,,,193,28,169,246,192,209,210,138,216,102,214,264,219,143,162,132,242,355,316,335,315,53,134,87,,286,,,b'\x11\xe8\xe1I\xeb\xd7\x9f\x8c\x9a\xbe\x12\xdf\x17\xaeN\x1e'
11E8E149-EBD7-9F8C-9ABE-12DF17AE4E1E,2023-ncaa-d3-conf-UMAC,ncaa,3,3,3,3,4,3,3,6,1,2,2,4,7,8,2,8,2,4,2,4,5,5,3,2,2,2,8,8,3,8,5,3,8,4,4,1,2,6,7,3,1,1,2,1,,,2,2,,,2,3,5,5,2,3,7,1,1,7,8,2,2,2,7,5,8,3,7,1,7,1,2,,2,,,2,3,2,5,2,1,1,3,8,8,5,8,2,2,8,2,2,3,7,3,3,2,8,8,2,7,8,2,5,5,4,4,8,1,1,2,7,8,1,1,,,3,3,,,2,6,2,3,2,3,3,3,1,1,7,8,2,2,2,2,5,7,3,4,4,1,7,1,,2,,,b'\x11\xe8\xe1I\xeb\xd7\x9f\x8c\x9a\xbe\x12\xdf\x17\xaeN\x1e'
11E8E149-EBD7-9F8C-9ABE-12DF17AE4E1E,2023-ncaa-d3-natl,ncaa,289,223,397,274,402,353,331,406,82,291,356,145,360,399,59,357,348,375,124,374,299,402,404,106,110,187,336,326,230,410,378,404,357,412,353,263,64,115,342,210,142,49,153,35,,,18,33,,,231,402,255,288,256,222,382,161,210,323,392,264,314,310,383,363,413,355,409,118,282,53,93,,34,,,231,29,28,28,146,11,11,199,367,355,305,428,21,14,417,13,92,22,26,261,243,177,420,429,52,176,357,23,378,35,353,113,321,260,95,182,162,338,51,135,,,384,179,,,231,28,257,226,239,177,186,235,49,30,419,424,42,20,18,141,211,325,94,203,265,104,294,130,,278,,,b'\x11\xe8\xe1I\xeb\xd7\x9f\x8c\x9a\xbe\x12\xdf\x17\xaeN\x1e'
11E8E149-EBD7-9F8C-9ABE-12DF17AE4E1E,2024-ncaa-d3-conf-UMAC,ncaa,2,2,1,2,1,1,1,2,2,1,1,2,8,8,8,8,1,1,7,1,2,1,1,4,4,3,8,8,1,1,1,3,6,1,3,1,1,6,6,2,1,1,2,1,,,3,3,,,2,2,5,4,3,1,4,1,1,8,8,1,1,1,3,3,1,6,2,1,6,1,2,,3,,,2,3,3,5,1,2,2,1,8,8,6,8,2,3,1,3,3,4,8,4,3,1,7,8,2,7,6,4,1,6,3,7,8,1,1,1,6,6,1,1,,,1,1,,,2,7,3,1,2,2,2,2,1,1,7,7,1,2,2,1,5,7,2,4,5,1,6,1,,1,,,b'\x11\xe8\xe1I\xeb\xd7\x9f\x8c\x9a\xbe\x12\xdf\x17\xaeN\x1e'
11E8E149-EBD7-9F8C-9ABE-12DF17AE4E1E,2024-ncaa-d3-natl,ncaa,162,66,392,109,394,305,278,391,37,192,324,26,389,395,354,367,258,252,244,248,126,386,397,91,86,117,394,399,145,333,105,403,218,387,136,201,55,56,237,116,102,22,226,70,,,28,87,,,142,402,270,194,145,117,296,44,143,365,369,105,82,81,248,264,232,345,313,53,220,29,143,,73,,,130,20,28,24,163,14,9,195,345,285,343,426,14,12,186,14,134,19,25,277,231,138,412,426,41,36,218,12,105,13,136,62,264,258,62,121,116,291,2,1,,,295,37,,,142,26,122,131,130,119,137,117,28,14,413,409,20,15,16,71,151,144,20,48,196,88,271,1,,60,,,b'\x11\xe8\xe1I\xeb\xd7\x9f\x8c\x9a\xbe\x12\xdf\x17\xaeN\x1e'
11E8E149-EBD7-9F8C-9ABE-12DF17AE4E1E,2025-ncaa-d3-conf-UMAC,genius_ncaa,4,3,7,4,7,5,5,6,4,3,2,4,7,8,6,8,5,5,3,5,7,6,7,4,4,5,8,8,5,6,5,6,7,6,5,5,5,3,5,5,5,4,2,2,,,3,3,,5,5,8,3,5,5,4,5,2,1,7,8,4,4,4,5,3,5,1,4,4,6,4,2,,4,,6,4,1,1,5,1,1,2,1,4,6,1,6,2,1,8,1,4,3,2,1,1,1,6,6,5,7,7,1,5,3,5,4,8,5,5,5,5,6,3,3,,,6,3,,3,5,1,5,1,4,2,2,6,2,5,5,6,4,3,3,6,7,7,3,5,6,3,7,3,,3,,3,b'\x11\xe8\xe1I\xeb\xd7\x9f\x8c\x9a\xbe\x12\xdf\x17\xaeN\x1e'
11E8E149-EBD7-9F8C-9ABE-12DF17AE4E1E,2025-ncaa-d3-natl,genius_ncaa,274,118,406,229,410,380,369,405,160,326,363,184,384,399,238,359,380,390,205,391,325,404,411,215,216,234,372,355,250,388,196,407,287,407,216,373,333,15,241,252,363,206,250,109,,,15,113,,63,228,411,214,258,243,198,238,120,99,352,367,258,265,271,253,252,304,311,334,276,224,205,134,,112,,106,228,5,5,13,84,3,7,96,155,146,215,398,16,10,395,10,117,10,8,141,126,162,381,401,126,29,287,4,196,4,216,16,202,397,241,208,62,293,18,55,,,410,294,,309,228,9,247,172,233,168,163,265,76,97,365,380,103,52,65,225,197,243,50,105,176,251,264,84,,320,,257,b'\x11\xe8\xe1I\xeb\xd7\x9f\x8c\x9a\xbe\x12\xdf\x17\xaeN\x1e'
11E8E149-EBD7-9F8C-9ABE-12DF17AE4E1E,2026-ncaa-d3-natl,genius_ncaa,345,366,116,375,139,161,123,166,98,86,125,106,230,248,197,303,249,298,87,295,379,194,142,132,145,243,361,295,333,169,141,238,358,213,270,213,346,364,363,330,124,192,215,247,,,298,231,,197,367,133,102,113,183,118,203,89,124,267,304,313,354,352,265,129,200,326,284,266,366,149,240,,290,,177,356,381,371,316,371,312,250,344,407,368,399,347,348,319,360,324,299,323,292,398,401,403,355,368,187,346,358,187,141,255,270,357,218,220,322,346,382,382,33,8,,,123,178,,146,367,280,238,397,357,397,382,345,310,222,405,380,348,315,321,351,321,336,105,222,348,273,387,10,,139,,179,b'\x11\xe8\xe1I\xeb\xd7\x9f\x8c\x9a\xbe\x12\xdf\x17\xaeN\x1e'
11E8E149-EBDC-7E76-9ABE-12DF17AE4E1E,2018-ncaa-d3-conf-MAC Freedom,ncaa,4,4,3,4,3,3,3,3,2,3,3,1,3,4,6,6,4,5,3,5,6,3,3,4,3,4,7,7,6,1,1,1,1,1,1,3,3,7,6,4,3,3,4,4,,,3,3,,,3,3,3,2,2,3,3,1,4,4,3,4,5,5,2,2,1,1,1,2,7,3,4,,3,,,4,4,5,4,4,6,5,4,4,4,4,3,3,5,1,5,3,4,4,4,4,5,2,3,3,2,1,2,1,2,1,4,2,4,5,5,7,7,8,6,,,4,6,,,3,6,2,5,4,4,4,5,4,5,4,2,3,4,4,5,4,1,2,2,4,5,7,8,,4,,,b'\x11\xe8\xe1I\xeb\xdc~v\x9a\xbe\x12\xdf\x17\xaeN\x1e'
11E8E149-EBDC-7E76-9ABE-12DF17AE4E1E,2018-ncaa-d3-natl,ncaa,89,172,17,149,29,42,37,17,188,37,31,165,121,71,276,222,88,60,256,60,275,20,15,205,209,200,290,254,293,11,26,5,27,3,19,43,139,386,173,142,109,171,115,197,,,315,165,,,67,23,148,221,100,84,57,80,88,195,149,191,162,159,58,65,24,13,10,79,250,174,169,,150,,,77,313,332,413,89,372,419,89,155,243,71,91,271,341,30,342,156,419,406,60,53,77,105,97,217,190,27,376,26,316,19,233,119,117,235,152,389,246,412,266,,,33,255,,,67,422,138,64,80,98,131,223,201,302,71,112,136,199,198,215,207,79,176,112,114,241,296,348,,131,,,b'\x11\xe8\xe1I\xeb\xdc~v\x9a\xbe\x12\xdf\x17\xaeN\x1e'
11E8E149-EBDC-7E76-9ABE-12DF17AE4E1E,2019-ncaa-d3-conf-MAC Freedom,ncaa,2,2,1,2,1,2,2,2,2,1,2,4,7,5,7,7,4,4,5,3,6,2,2,4,5,5,7,7,6,1,1,1,1,1,1,2,3,7,4,3,3,3,2,2,,,1,1,,,2,2,7,4,3,2,3,1,2,7,6,6,6,6,3,4,1,1,1,2,5,3,2,,1,,,2,2,4,8,2,4,8,2,3,6,1,6,1,1,3,1,1,8,7,2,2,2,1,5,1,5,1,4,1,4,1,2,1,4,5,2,7,7,7,5,,,1,4,,,2,7,2,2,2,2,2,5,2,5,3,5,1,1,1,3,1,3,1,1,2,5,7,6,,4,,,b'\x11\xe8\xe1I\xeb\xdc~v\x9a\xbe\x12\xdf\x17\xaeN\x1e'
11E8E149-EBDC-7E76-9ABE-12DF17AE4E1E,2019-ncaa-d3-natl,ncaa,24,46,20,47,41,27,26,14,129,14,9,104,216,143,335,339,21,18,165,18,213,11,9,183,163,139,366,378,139,10,24,1,15,2,12,27,103,365,130,87,48,105,28,74,,,201,50,,,26,12,83,379,47,42,36,17,39,313,263,50,55,59,31,41,24,2,3,48,231,90,47,,68,,,30,236,318,439,25,330,435,29,206,359,25,183,113,113,203,110,26,432,427,20,9,26,87,181,93,286,15,354,24,338,12,257,153,86,203,116,416,288,340,122,,,30,239,,,26,432,93,24,35,63,123,350,160,359,97,217,45,41,42,281,298,135,148,130,119,171,351,245,,101,,,b'\x11\xe8\xe1I\xeb\xdc~v\x9a\xbe\x12\xdf\x17\xaeN\x1e'
11E8E149-EBDC-7E76-9ABE-12DF17AE4E1E,2020-ncaa-d3-conf-MAC Freedom,ncaa,2,2,3,2,3,3,5,5,5,5,4,3,4,4,4,4,3,3,3,3,2,3,3,5,3,4,2,6,1,2,2,2,2,2,2,4,3,6,5,5,4,5,6,6,,,7,4,,,3,3,3,2,3,5,4,5,5,3,3,3,2,2,3,2,3,2,2,3,5,4,6,,4,,,3,4,5,7,3,3,7,3,5,4,5,3,6,5,4,5,4,7,6,3,3,3,4,5,5,3,2,3,2,3,2,3,1,4,6,3,6,4,3,3,,,2,3,,,3,6,5,3,3,3,4,4,3,5,6,3,3,4,4,5,5,3,2,3,3,5,4,3,,3,,,b'\x11\xe8\xe1I\xeb\xdc~v\x9a\xbe\x12\xdf\x17\xaeN\x1e'
11E8E149-EBDC-7E76-9ABE-12DF17AE4E1E,2020-ncaa-d3-natl,ncaa,61,63,65,69,87,60,59,51,136,66,51,180,110,158,82,276,71,78,156,74,227,47,31,143,136,154,219,211,216,17,12,30,155,14,25,53,105,365,229,153,105,165,128,180,,,370,256,,,82,56,140,142,63,71,73,77,80,143,209,95,104,107,52,49,21,29,12,57,300,133,151,,303,,,81,268,252,376,81,278,367,100,208,307,58,205,312,344,107,351,243,399,389,72,66,90,211,171,292,326,155,181,12,257,25,193,135,148,244,148,352,253,187,101,,,65,219,,,82,383,80,109,83,174,168,292,192,296,152,245,257,286,294,295,299,265,90,153,142,190,310,151,,109,,,b'\x11\xe8\xe1I\xeb\xdc~v\x9a\xbe\x12\xdf\x17\xaeN\x1e'
11E8E149-EBDC-7E76-9ABE-12DF17AE4E1E,2021-ncaa-d3-conf-MAC Freedom,ncaa,2,3,2,2,3,3,3,2,7,3,3,7,3,4,5,3,2,2,4,2,2,2,3,7,7,5,3,2,2,1,2,4,4,2,5,2,2,4,2,3,2,2,3,3,,,6,6,,,2,5,8,3,6,5,3,5,5,3,3,3,3,3,2,5,1,7,1,4,2,3,3,,4,,,2,5,5,4,5,6,6,4,2,3,3,2,6,6,3,6,4,4,4,4,3,3,2,2,5,6,4,6,2,6,5,3,2,2,2,3,3,3,4,3,,,4,4,,,2,4,2,3,2,2,3,2,4,4,2,2,3,4,4,2,1,4,6,5,3,3,3,2,,4,,,b'\x11\xe8\xe1I\xeb\xdc~v\x9a\xbe\x12\xdf\x17\xaeN\x1e'
11E8E149-EBDC-7E76-9ABE-12DF17AE4E1E,2021-ncaa-d3-natl,ncaa,101,115,146,112,160,179,176,161,241,166,145,243,168,154,204,158,182,175,239,174,224,165,167,243,246,230,176,153,188,131,159,156,104,147,151,163,107,108,119,151,124,90,84,60,,,114,113,,,136,174,249,110,245,233,170,223,137,198,177,231,218,220,202,222,111,133,120,186,83,123,48,,76,,,136,98,101,109,71,123,140,77,61,74,35,13,104,120,36,118,83,110,112,46,39,35,23,19,135,119,104,152,159,141,151,93,81,144,84,53,107,98,171,201,,,176,204,,,136,112,218,36,135,23,41,42,120,169,11,13,62,99,96,35,36,98,212,180,42,121,80,207,,229,,,b'\x11\xe8\xe1I\xeb\xdc~v\x9a\xbe\x12\xdf\x17\xaeN\x1e'
11E8E149-EBDC-7E76-9ABE-12DF17AE4E1E,2022-ncaa-d3-conf-MAC Freedom,ncaa,3,3,3,3,3,4,4,3,5,4,4,4,2,2,7,3,4,4,8,4,7,3,3,4,5,4,5,3,6,2,2,4,4,3,4,4,1,4,4,4,3,2,3,3,,,8,7,,,4,3,6,1,4,4,3,4,5,3,3,6,5,5,2,3,2,4,3,4,4,3,3,,8,,,4,4,4,4,3,5,8,2,1,1,6,1,7,8,2,8,7,4,7,3,3,3,3,1,8,4,4,6,2,6,4,3,5,3,3,3,4,3,8,5,,,3,5,,,4,7,4,3,4,3,3,2,5,7,1,1,6,6,6,2,4,3,5,4,3,2,3,5,,5,,,b'\x11\xe8\xe1I\xeb\xdc~v\x9a\xbe\x12\xdf\x17\xaeN\x1e'
11E8E149-EBDC-7E76-9ABE-12DF17AE4E1E,2022-ncaa-d3-natl,ncaa,116,182,32,151,48,149,160,75,281,218,191,265,71,47,208,76,248,185,353,181,199,83,63,244,275,264,96,62,319,43,102,86,201,62,166,81,36,350,246,181,100,146,58,78,,,387,324,,,186,91,314,264,282,279,213,333,344,92,75,337,308,302,235,245,89,239,150,133,226,173,72,,289,,,191,268,253,293,145,260,338,105,219,191,277,109,320,331,189,331,257,311,347,140,143,109,230,183,294,323,201,363,102,358,166,300,299,65,95,133,357,274,417,412,,,96,222,,,186,346,238,125,184,92,92,87,117,168,111,66,226,232,232,93,127,196,213,199,173,130,267,390,,234,,,b'\x11\xe8\xe1I\xeb\xdc~v\x9a\xbe\x12\xdf\x17\xaeN\x1e'
11E8E149-EBDC-7E76-9ABE-12DF17AE4E1E,2023-ncaa-d3-conf-MAC Freedom,ncaa,3,3,4,3,4,3,3,3,3,4,5,2,2,2,5,2,4,7,3,7,5,3,5,4,3,2,3,3,7,3,4,5,3,3,4,3,3,1,2,2,5,5,3,4,,,2,2,,,3,5,8,3,3,3,3,4,6,2,2,5,6,6,3,6,4,4,3,3,1,6,3,,2,,,3,4,6,4,6,8,9,6,1,1,2,1,6,4,8,4,2,4,4,3,4,5,1,1,6,3,3,5,4,4,4,2,1,5,6,5,1,2,2,3,,,6,5,,,3,5,2,4,3,3,5,3,8,8,1,1,6,5,5,3,1,3,7,3,3,6,2,1,,6,,,b'\x11\xe8\xe1I\xeb\xdc~v\x9a\xbe\x12\xdf\x17\xaeN\x1e'
11E8E149-EBDC-7E76-9ABE-12DF17AE4E1E,2023-ncaa-d3-natl,ncaa,90,85,109,91,131,178,197,119,277,233,250,212,95,53,278,67,221,212,241,203,159,129,184,245,254,197,106,94,252,98,163,106,77,103,126,119,70,72,62,66,126,111,58,77,,,98,103,,,93,233,323,181,212,228,137,277,317,102,56,245,254,247,153,259,103,109,91,125,58,147,61,,50,,,92,62,105,174,78,241,360,70,13,25,18,11,121,157,74,148,82,155,181,35,31,41,15,8,215,123,77,331,163,238,126,48,55,178,170,80,175,151,213,247,,,190,200,,,93,207,161,41,87,35,73,107,200,313,5,6,87,113,106,91,93,105,283,191,42,217,141,185,,230,,,b'\x11\xe8\xe1I\xeb\xdc~v\x9a\xbe\x12\xdf\x17\xaeN\x1e'
11E8E149-EBDC-7E76-9ABE-12DF17AE4E1E,2024-ncaa-d3-conf-MAC Freedom,ncaa,7,7,5,7,7,8,8,8,6,7,7,5,5,4,6,3,8,8,8,8,6,8,8,7,8,8,5,5,7,5,4,6,4,7,6,6,3,5,7,6,8,7,4,4,,,1,3,,,6,8,7,5,8,8,7,6,7,5,4,8,7,7,8,6,5,5,6,6,6,7,4,,3,,,6,3,5,3,6,7,4,7,3,3,2,4,1,1,7,1,1,2,1,4,4,6,1,2,2,4,4,2,4,3,6,3,4,7,7,6,6,8,3,5,,,7,7,,,6,1,7,6,6,5,6,6,7,5,3,3,4,2,2,5,3,4,4,6,4,7,7,4,,6,,,b'\x11\xe8\xe1I\xeb\xdc~v\x9a\xbe\x12\xdf\x17\xaeN\x1e'
11E8E149-EBDC-7E76-9ABE-12DF17AE4E1E,2024-ncaa-d3-natl,ncaa,271,297,200,289,257,339,290,275,308,296,283,268,250,192,338,134,412,410,392,410,414,319,336,310,353,339,313,168,418,261,259,186,212,221,221,250,134,159,243,220,403,407,161,192,,,65,93,,,306,352,397,244,374,316,289,304,295,263,195,420,418,418,370,382,262,155,196,255,174,414,159,,46,,,303,112,214,222,178,303,282,254,45,128,8,147,51,47,202,46,33,175,94,132,98,240,21,43,73,233,212,211,259,218,221,205,180,398,400,384,190,258,188,250,,,378,374,,,306,71,328,269,317,130,225,257,305,307,39,134,46,37,40,189,66,239,228,241,202,413,198,201,,408,,,b'\x11\xe8\xe1I\xeb\xdc~v\x9a\xbe\x12\xdf\x17\xaeN\x1e'
11E8E149-EBDC-7E76-9ABE-12DF17AE4E1E,2025-ncaa-d3-conf-MAC Freedom,genius_ncaa,6,6,5,6,6,8,7,8,3,6,7,2,6,6,7,3,8,8,8,8,7,8,8,3,4,7,7,4,8,8,5,5,3,8,2,7,8,8,8,8,8,7,7,6,,,4,6,,6,6,8,8,3,8,7,8,4,7,6,5,8,8,8,8,8,8,5,8,7,8,8,7,,4,,7,6,3,4,1,4,4,1,4,3,4,4,5,1,3,4,3,3,1,1,4,4,4,3,5,2,2,3,1,5,1,2,2,2,8,7,5,7,8,3,4,,,8,8,,4,6,1,7,5,6,4,4,5,4,4,5,5,2,3,3,4,2,4,1,1,4,8,7,3,,8,,4,b'\x11\xe8\xe1I\xeb\xdc~v\x9a\xbe\x12\xdf\x17\xaeN\x1e'
11E8E149-EBDC-7E76-9ABE-12DF17AE4E1E,2025-ncaa-d3-natl,genius_ncaa,326,356,192,339,248,357,325,336,276,287,301,228,337,292,371,199,403,405,312,404,401,358,329,299,329,359,365,265,391,223,133,238,191,239,135,345,327,339,379,364,308,263,263,253,,,108,179,,138,331,349,394,258,386,358,390,307,325,354,305,413,417,417,410,380,219,229,229,364,335,315,265,,110,,143,325,137,168,135,240,145,120,229,251,234,274,291,80,84,187,89,124,109,68,253,223,277,210,308,99,174,191,54,133,76,135,133,128,369,343,301,326,356,227,290,,,393,408,,155,331,65,343,287,336,155,187,153,170,130,259,236,74,82,84,121,52,169,73,94,146,389,316,245,,415,,154,b'\x11\xe8\xe1I\xeb\xdc~v\x9a\xbe\x12\xdf\x17\xaeN\x1e'
11E8E149-EBDC-7E76-9ABE-12DF17AE4E1E,2026-ncaa-d3-natl,genius_ncaa,225,268,116,265,133,271,235,190,311,272,214,315,139,137,208,104,375,377,253,376,408,223,211,286,312,319,177,69,405,193,249,199,276,198,279,134,37,270,288,213,174,184,230,252,,,254,278,,306,292,212,356,73,355,309,252,329,288,166,151,409,412,411,336,321,240,247,259,167,243,206,263,,229,,291,283,206,222,229,172,207,222,168,264,251,249,264,158,127,284,127,101,219,218,189,174,192,214,291,127,271,276,260,249,271,279,248,256,204,213,242,276,290,336,351,,,300,373,,62,292,200,319,217,295,143,176,178,144,173,241,218,95,69,72,149,120,256,244,252,224,251,257,340,,388,,75,b'\x11\xe8\xe1I\xeb\xdc~v\x9a\xbe\x12\xdf\x17\xaeN\x1e'
11E8E149-EBE0-F370-9ABE-12DF17AE4E1E,2018-ncaa-d3-conf-NECC,ncaa,4,4,4,4,6,5,6,7,6,6,8,6,2,2,3,2,4,3,3,4,1,5,4,6,5,5,1,2,1,4,5,3,4,3,4,5,1,5,6,5,5,4,3,4,,,5,5,,,5,5,5,8,5,6,7,6,7,2,2,2,2,2,4,5,5,3,3,5,6,5,3,,4,,,5,3,3,2,2,4,3,3,3,4,3,6,7,7,3,7,8,4,4,2,2,4,7,5,8,4,4,4,5,2,4,1,4,4,4,3,6,6,6,8,,,4,1,,,5,5,5,4,5,4,4,3,4,4,3,4,7,7,7,4,4,5,5,5,1,4,6,8,,2,,,b'\x11\xe8\xe1I\xeb\xe0\xf3p\x9a\xbe\x12\xdf\x17\xaeN\x1e'
11E8E149-EBE0-F370-9ABE-12DF17AE4E1E,2018-ncaa-d3-natl,ncaa,218,251,123,239,177,299,312,220,363,294,220,357,270,209,333,214,204,154,333,158,156,204,96,365,361,391,185,227,113,194,289,58,290,99,259,180,22,434,418,364,285,367,246,308,,,242,93,,,314,81,63,294,360,367,285,346,274,289,232,231,167,170,266,86,228,36,80,192,424,323,272,,200,,,308,240,235,391,54,270,383,63,168,286,33,173,301,342,74,342,230,395,384,44,38,59,175,128,298,407,290,349,289,397,259,123,76,108,188,91,418,387,297,302,,,133,236,,,314,360,392,95,303,201,193,361,230,353,141,254,279,335,336,370,386,381,315,353,115,116,394,286,,145,,,b'\x11\xe8\xe1I\xeb\xe0\xf3p\x9a\xbe\x12\xdf\x17\xaeN\x1e'
11E8E149-EBE0-F370-9ABE-12DF17AE4E1E,2019-ncaa-d3-conf-NECC,ncaa,3,2,3,3,4,3,2,5,1,2,3,2,8,8,4,9,3,4,4,4,6,4,3,2,1,3,10,9,7,6,5,2,1,2,2,4,6,4,4,5,3,3,5,3,,,5,4,,,2,2,6,8,4,3,6,2,4,8,8,3,5,5,6,5,6,2,4,3,5,3,6,,3,,,2,1,1,2,2,1,2,3,8,9,4,10,3,4,2,4,6,3,5,2,2,2,10,9,5,1,1,5,5,2,2,2,8,3,3,2,2,3,3,2,,,4,3,,,2,9,3,1,2,2,2,3,2,2,6,9,3,3,3,3,4,1,3,2,3,3,2,3,,6,,,b'\x11\xe8\xe1I\xeb\xe0\xf3p\x9a\xbe\x12\xdf\x17\xaeN\x1e'
11E8E149-EBE0-F370-9ABE-12DF17AE4E1E,2019-ncaa-d3-natl,ncaa,118,134,67,137,125,116,79,106,92,31,28,113,391,389,323,421,142,94,311,85,287,94,47,175,191,267,430,429,238,87,95,63,36,56,53,115,242,430,383,311,57,78,234,241,,,298,185,,,87,41,57,376,158,101,164,23,37,412,412,189,135,130,148,56,124,79,71,139,411,66,272,,214,,,85,138,151,244,106,130,191,103,288,312,210,311,118,224,6,229,235,242,372,121,78,29,291,351,142,116,36,227,95,173,53,257,330,20,20,50,333,221,42,9,,,86,225,,,87,399,262,19,99,72,88,111,80,99,221,247,81,158,164,104,294,62,124,91,179,19,273,29,,121,,,b'\x11\xe8\xe1I\xeb\xe0\xf3p\x9a\xbe\x12\xdf\x17\xaeN\x1e'
11E8E149-EBE0-F370-9ABE-12DF17AE4E1E,2020-ncaa-d3-conf-NECC,ncaa,3,3,1,3,2,2,1,1,2,1,1,2,4,4,4,5,2,3,3,3,6,1,2,3,3,1,7,6,7,5,5,3,4,5,5,5,6,1,1,3,3,3,5,5,,,5,4,,,3,2,3,2,2,1,1,1,1,4,5,2,4,4,1,4,5,4,5,6,1,3,5,,4,,,3,4,3,5,3,3,3,3,6,7,5,7,7,5,6,5,5,4,6,4,4,4,7,7,6,3,4,6,5,5,5,4,5,3,3,4,1,1,2,2,,,2,4,,,3,7,3,4,3,4,3,4,3,2,6,7,4,4,3,3,3,3,3,4,4,3,1,2,,4,,,b'\x11\xe8\xe1I\xeb\xe0\xf3p\x9a\xbe\x12\xdf\x17\xaeN\x1e'
11E8E149-EBE0-F370-9ABE-12DF17AE4E1E,2020-ncaa-d3-natl,ncaa,149,163,126,164,148,89,45,77,31,19,25,71,303,349,160,400,233,137,386,131,335,77,79,81,145,136,419,386,378,107,134,111,212,110,157,250,432,267,172,290,83,105,313,338,,,213,130,,,66,65,80,163,69,20,62,7,18,316,364,255,148,140,57,68,122,110,108,281,248,87,331,,180,,,58,162,189,284,103,171,215,149,237,337,66,316,139,178,72,171,169,259,350,101,93,56,232,285,151,292,212,239,134,276,157,273,319,53,74,117,61,27,48,15,,,88,179,,,66,345,134,54,85,129,162,247,150,174,223,317,119,157,149,217,313,266,196,238,237,59,54,36,,94,,,b'\x11\xe8\xe1I\xeb\xe0\xf3p\x9a\xbe\x12\xdf\x17\xaeN\x1e'
11E8E149-EBE0-F370-9ABE-12DF17AE4E1E,2021-ncaa-d3-conf-NECC,ncaa,3,2,4,3,4,4,4,4,1,4,4,1,4,4,4,2,4,4,3,4,3,4,4,2,2,2,4,4,4,4,4,4,3,4,3,4,4,1,1,1,4,1,4,3,,,1,4,,,3,4,1,2,2,1,1,1,3,4,2,3,4,3,1,3,4,3,3,3,1,1,3,,4,,,3,1,1,1,4,1,1,4,2,1,4,3,1,1,1,1,1,1,1,4,4,4,2,3,1,1,3,1,4,1,3,1,3,4,3,4,1,3,1,3,,,4,3,,,3,1,2,4,3,4,4,4,4,3,4,3,1,2,2,4,4,4,3,3,4,1,2,3,,3,,,b'\x11\xe8\xe1I\xeb\xe0\xf3p\x9a\xbe\x12\xdf\x17\xaeN\x1e'
11E8E149-EBE0-F370-9ABE-12DF17AE4E1E,2021-ncaa-d3-natl,ncaa,215,115,220,218,222,221,216,219,181,204,212,117,256,235,279,239,218,209,258,207,151,218,220,228,235,236,276,280,131,214,160,212,58,213,124,246,283,71,202,270,226,183,194,145,,,70,165,,,214,219,27,110,181,129,76,43,33,276,217,156,81,71,62,35,85,18,33,272,232,168,119,,199,,,239,72,73,67,206,73,68,208,78,72,201,149,83,82,139,86,210,69,66,208,211,248,154,148,176,60,58,68,160,66,124,70,131,235,259,252,78,189,69,111,,,223,227,,,214,67,229,231,237,256,238,235,228,211,226,221,243,249,254,253,216,120,251,213,213,248,218,155,,173,,,b'\x11\xe8\xe1I\xeb\xe0\xf3p\x9a\xbe\x12\xdf\x17\xaeN\x1e'
11E8E149-EBE0-F370-9ABE-12DF17AE4E1E,2022-ncaa-d3-conf-NECC,ncaa,1,3,1,3,1,1,1,1,2,1,1,2,2,1,2,4,1,1,3,1,1,1,1,2,2,2,3,3,2,2,2,1,2,1,2,2,4,4,3,3,1,2,1,3,,,4,3,,,1,1,1,2,1,2,3,1,2,2,3,1,1,1,1,1,2,2,2,3,3,2,3,,3,,,2,4,3,3,2,3,3,2,4,4,3,4,3,3,2,3,3,4,4,2,3,2,3,3,2,3,2,4,2,3,2,3,4,1,2,3,3,3,3,2,,,1,1,,,1,4,2,2,3,2,2,3,2,2,4,3,2,3,3,3,3,3,1,3,2,2,3,2,,1,,,b'\x11\xe8\xe1I\xeb\xe0\xf3p\x9a\xbe\x12\xdf\x17\xaeN\x1e'
11E8E149-EBE0-F370-9ABE-12DF17AE4E1E,2022-ncaa-d3-natl,ncaa,210,234,188,233,226,140,111,162,86,89,123,84,224,214,214,275,265,228,316,221,297,169,91,113,149,234,348,286,354,88,45,174,168,134,87,192,333,419,375,335,95,102,274,315,,,270,224,,,188,102,48,266,123,72,120,57,101,241,239,276,231,216,124,35,74,149,94,188,402,81,298,,287,,,190,288,325,264,299,316,281,286,263,212,315,188,141,150,141,146,113,244,287,297,268,222,139,213,86,211,168,139,45,151,87,362,317,92,102,227,347,280,139,90,,,189,310,,,188,302,221,201,211,273,314,284,309,284,247,200,134,148,145,248,312,194,108,145,337,81,322,121,,183,,,b'\x11\xe8\xe1I\xeb\xe0\xf3p\x9a\xbe\x12\xdf\x17\xaeN\x1e'
11E8E149-EBE0-F370-9ABE-12DF17AE4E1E,2023-ncaa-d3-conf-NECC,ncaa,1,1,1,1,2,1,1,1,1,1,2,1,1,1,2,1,1,1,2,1,2,1,1,1,1,1,1,1,4,2,2,1,2,1,1,1,1,3,2,1,1,1,3,3,,,4,3,,,1,1,1,2,1,1,1,1,4,1,1,1,2,2,1,1,2,1,1,1,2,1,3,,3,,,1,1,1,2,1,2,2,1,1,1,1,1,3,4,1,4,3,2,3,1,1,1,2,1,4,2,2,3,2,2,1,1,1,1,1,1,1,1,1,1,,,1,2,,,1,4,1,1,1,1,1,2,1,2,1,1,3,4,4,2,2,2,1,1,1,1,1,1,,2,,,b'\x11\xe8\xe1I\xeb\xe0\xf3p\x9a\xbe\x12\xdf\x17\xaeN\x1e'
11E8E149-EBE0-F370-9ABE-12DF17AE4E1E,2023-ncaa-d3-natl,ncaa,132,85,271,109,298,65,48,91,35,63,160,19,89,74,172,117,208,173,306,162,190,95,65,36,58,99,270,179,379,55,14,290,180,174,52,122,325,351,265,236,32,25,392,403,,,385,381,,,32,84,7,164,10,11,13,20,93,59,42,159,108,102,17,7,28,245,77,77,364,18,395,,411,,,18,97,109,95,205,250,220,225,13,33,7,22,286,348,33,357,343,128,308,122,125,23,45,6,362,135,180,56,14,65,52,156,240,19,8,14,155,91,27,16,,,136,272,,,32,343,81,17,32,148,166,143,296,290,9,31,330,382,391,208,389,163,76,103,204,6,202,19,,60,,,b'\x11\xe8\xe1I\xeb\xe0\xf3p\x9a\xbe\x12\xdf\x17\xaeN\x1e'
11E8E149-EBE0-F370-9ABE-12DF17AE4E1E,2024-ncaa-d3-conf-Great Northeast,ncaa,11,9,11,11,11,14,14,14,12,11,11,14,14,11,14,11,1,1,5,1,1,13,12,14,11,13,8,13,1,8,8,12,13,12,9,15,15,10,12,14,11,9,12,11,,,2,2,,,13,12,8,4,13,13,14,11,7,12,11,1,1,1,11,6,7,12,10,15,14,8,11,,4,,,13,6,11,4,13,8,6,14,9,10,9,10,2,2,13,1,2,3,3,12,10,10,4,9,2,11,13,2,8,5,9,14,14,10,8,13,11,12,9,13,,,3,1,,,13,4,13,13,13,13,14,14,14,10,11,11,3,2,1,11,12,13,7,9,14,7,13,12,,1,,,b'\x11\xe8\xe1I\xeb\xe0\xf3p\x9a\xbe\x12\xdf\x17\xaeN\x1e'
11E8E149-EBE0-F370-9ABE-12DF17AE4E1E,2024-ncaa-d3-natl,ncaa,339,297,375,342,382,332,367,371,337,337,323,329,354,346,365,312,60,52,200,51,15,344,328,353,301,335,133,337,2,283,193,390,364,367,309,412,424,283,338,401,218,157,400,394,,,51,60,,,335,327,60,225,256,329,262,277,190,334,286,9,7,8,146,75,183,348,284,412,359,116,395,,142,,,345,191,292,141,380,252,89,391,357,305,335,392,16,15,128,15,23,84,103,390,358,322,145,381,10,219,364,53,193,96,309,404,421,213,147,366,269,312,129,220,,,108,18,,,335,92,331,332,343,366,388,374,364,262,407,405,17,16,17,334,362,338,232,292,419,87,331,221,,3,,,b'\x11\xe8\xe1I\xeb\xe0\xf3p\x9a\xbe\x12\xdf\x17\xaeN\x1e'
11E8E149-EBE0-F370-9ABE-12DF17AE4E1E,2025-ncaa-d3-conf-Great Northeast,genius_ncaa,14,14,7,14,7,14,14,9,15,15,10,15,8,8,7,10,11,9,11,9,8,10,10,15,15,15,4,3,3,15,15,10,14,13,14,15,15,7,9,15,13,15,14,15,,,5,2,,10,14,9,5,1,15,15,13,15,10,9,11,13,11,11,13,14,15,12,15,15,8,14,15,,4,,9,14,14,14,14,13,13,10,13,14,13,13,11,7,6,3,6,4,14,10,14,13,14,10,14,2,14,14,13,15,14,14,14,15,13,15,15,11,12,13,13,,,10,9,,9,14,7,15,14,15,14,14,14,12,12,13,13,5,6,6,14,14,14,14,14,14,14,11,13,,11,,10,b'\x11\xe8\xe1I\xeb\xe0\xf3p\x9a\xbe\x12\xdf\x17\xaeN\x1e'
11E8E149-EBE0-F370-9ABE-12DF17AE4E1E,2025-ncaa-d3-natl,genius_ncaa,393,334,397,395,400,397,401,387,402,406,377,407,348,333,347,207,312,305,310,301,124,385,394,398,397,386,63,168,30,398,399,399,399,401,408,407,398,124,303,387,401,393,414,411,,,47,95,,89,403,388,49,93,371,387,171,385,200,273,183,149,103,97,150,98,353,293,357,403,322,346,410,,231,,151,407,263,304,114,389,204,65,381,388,305,411,377,54,103,26,101,190,96,44,401,388,404,298,394,37,303,399,191,399,247,408,384,398,394,377,408,157,316,240,363,,,331,109,,348,403,31,391,407,405,409,405,402,390,361,419,415,218,302,298,403,396,397,404,404,414,281,330,377,,72,,311,b'\x11\xe8\xe1I\xeb\xe0\xf3p\x9a\xbe\x12\xdf\x17\xaeN\x1e'
11E8E149-EBE0-F370-9ABE-12DF17AE4E1E,2026-ncaa-d3-natl,genius_ncaa,345,200,379,341,382,390,397,393,382,405,398,381,295,292,284,36,324,349,97,346,28,392,392,356,318,312,7,50,27,398,354,397,363,398,374,399,318,36,245,346,401,391,351,243,,,15,23,,156,348,391,214,113,343,386,330,409,398,135,64,98,144,122,309,302,358,383,389,380,216,389,261,,31,,316,375,80,106,45,389,74,30,397,254,153,370,396,13,13,65,13,74,39,30,404,392,398,274,390,5,85,363,37,354,48,374,149,302,394,343,389,38,184,151,401,,,380,171,,291,348,27,326,396,376,376,390,343,330,164,406,402,36,54,50,301,236,303,231,280,375,333,163,347,,223,,217,b'\x11\xe8\xe1I\xeb\xe0\xf3p\x9a\xbe\x12\xdf\x17\xaeN\x1e'
11E8E149-EBE5-5708-9ABE-12DF17AE4E1E,2018-ncaa-d3-conf-Midwest Conference,ncaa,6,6,5,6,6,5,4,6,2,5,7,2,4,4,3,3,5,7,5,7,4,7,7,1,2,2,5,3,7,7,8,8,5,8,5,5,7,4,7,3,5,5,9,10,,,6,8,,,6,7,4,4,3,5,5,5,7,2,2,6,8,8,7,6,8,8,9,4,5,4,10,,8,,,6,7,4,4,9,4,4,8,7,4,9,7,7,7,8,7,9,4,2,9,10,9,8,6,8,4,5,3,8,3,5,5,6,5,4,5,4,5,7,9,,,9,7,,,6,3,3,9,6,8,5,4,5,4,8,6,8,8,8,4,4,3,4,3,7,5,5,8,,9,,,b'\x11\xe8\xe1I\xeb\xe5W\x08\x9a\xbe\x12\xdf\x17\xaeN\x1e'
11E8E149-EBE5-5708-9ABE-12DF17AE4E1E,2018-ncaa-d3-conf-MWC,ncaa,6,6,5,6,6,5,4,6,2,5,7,2,4,4,3,3,5,7,5,7,4,7,7,1,2,2,5,3,7,7,8,8,5,8,5,5,7,4,7,3,5,5,9,10,,,6,8,,,6,7,4,4,3,5,5,5,7,2,2,6,8,8,7,6,8,8,9,4,5,4,10,,8,,,6,7,4,4,9,4,4,8,7,4,9,7,7,7,8,7,9,4,2,9,10,9,8,6,8,4,5,3,8,3,5,5,6,5,4,5,4,5,7,9,,,9,7,,,6,3,3,9,6,8,5,4,5,4,8,6,8,8,8,4,4,3,4,3,7,5,5,8,,9,,,b'\x11\xe8\xe1I\xeb\xe5W\x08\x9a\xbe\x12\xdf\x17\xaeN\x1e'
11E8E149-EBE5-5708-9ABE-12DF17AE4E1E,2018-ncaa-d3-natl,ncaa,280,309,197,292,224,194,198,319,73,225,326,67,130,190,66,123,246,285,138,282,184,320,299,58,59,109,158,119,310,356,316,304,155,345,231,170,164,262,324,213,280,265,360,374,,,307,388,,,264,260,261,146,178,173,343,231,353,123,174,250,293,291,352,317,381,337,388,153,272,285,375,,343,,,264,320,282,125,396,270,160,363,276,162,401,175,362,331,391,330,350,151,132,386,404,397,267,205,327,93,155,100,316,88,231,283,222,278,256,307,290,321,107,170,,,255,196,,,264,165,165,369,270,324,295,137,280,178,265,158,383,359,357,168,124,96,106,95,289,291,301,98,,279,,,b'\x11\xe8\xe1I\xeb\xe5W\x08\x9a\xbe\x12\xdf\x17\xaeN\x1e'
11E8E149-EBE5-5708-9ABE-12DF17AE4E1E,2019-ncaa-d3-conf-Midwest Conference,ncaa,2,2,1,2,1,2,4,4,2,4,4,2,4,6,2,6,1,2,6,2,4,3,3,1,1,2,5,6,4,7,6,2,2,3,3,3,8,7,5,5,7,8,4,6,,,6,3,,,2,2,8,1,2,4,7,4,7,6,7,1,2,2,8,9,9,3,5,7,4,8,6,,2,,,2,7,9,10,5,6,9,3,5,6,8,3,3,4,2,5,3,9,9,4,3,3,5,6,3,7,2,3,6,5,3,5,5,6,8,5,5,3,10,10,,,2,5,,,2,9,2,3,2,3,5,8,5,8,5,5,3,3,4,6,4,6,3,2,4,9,3,10,,6,,,b'\x11\xe8\xe1I\xeb\xe5W\x08\x9a\xbe\x12\xdf\x17\xaeN\x1e'
11E8E149-EBE5-5708-9ABE-12DF17AE4E1E,2019-ncaa-d3-conf-MWC,ncaa,2,2,1,2,1,2,4,4,2,4,4,2,4,6,2,6,1,2,6,2,4,3,3,1,1,2,5,6,4,7,6,2,2,3,3,3,8,7,5,5,7,8,4,6,,,6,3,,,2,2,8,1,2,4,7,4,7,6,7,1,2,2,8,9,9,3,5,7,4,8,6,,2,,,2,7,9,10,5,6,9,3,5,6,8,3,3,4,2,5,3,9,9,4,3,3,5,6,3,7,2,3,6,5,3,5,5,6,8,5,5,3,10,10,,,2,5,,,2,9,2,3,2,3,5,8,5,8,5,5,3,3,4,6,4,6,3,2,4,9,3,10,,6,,,b'\x11\xe8\xe1I\xeb\xe5W\x08\x9a\xbe\x12\xdf\x17\xaeN\x1e'
11E8E149-EBE5-5708-9ABE-12DF17AE4E1E,2019-ncaa-d3-natl,ncaa,78,90,67,92,72,94,104,243,26,116,208,41,137,239,32,261,102,113,158,118,106,206,211,27,26,45,218,219,208,340,312,114,87,212,144,179,353,224,225,198,238,270,150,177,,,277,261,,,117,162,358,38,123,140,378,150,306,174,298,141,157,157,353,381,398,177,320,228,151,299,184,,194,,,122,256,266,251,249,262,295,186,261,178,369,146,216,279,58,277,221,262,258,251,223,232,220,236,190,144,87,164,312,148,144,209,131,208,225,206,131,135,387,379,,,130,102,,,117,289,79,197,115,157,177,122,181,193,203,112,164,209,210,123,89,83,73,69,140,278,92,363,,197,,,b'\x11\xe8\xe1I\xeb\xe5W\x08\x9a\xbe\x12\xdf\x17\xaeN\x1e'
11E8E149-EBE5-5708-9ABE-12DF17AE4E1E,2020-ncaa-d3-conf-Midwest Conference,ncaa,1,1,1,1,1,1,2,1,3,6,5,6,1,2,1,3,1,2,1,2,2,1,2,1,1,1,3,3,2,6,6,4,4,3,3,5,9,2,2,2,5,5,9,10,,,8,5,,,2,2,7,6,2,4,4,7,8,2,3,1,3,3,4,8,7,6,8,5,2,5,10,,5,,,2,9,10,8,9,10,10,7,3,1,10,1,3,6,1,6,1,7,10,7,7,6,1,3,2,4,4,9,6,6,3,3,1,4,5,2,3,1,8,5,,,3,3,,,2,9,1,5,2,5,6,4,8,9,2,1,1,2,2,3,4,4,3,2,3,4,2,3,,5,,,b'\x11\xe8\xe1I\xeb\xe5W\x08\x9a\xbe\x12\xdf\x17\xaeN\x1e'
11E8E149-EBE5-5708-9ABE-12DF17AE4E1E,2020-ncaa-d3-conf-MWC,ncaa,1,1,1,1,1,1,2,1,3,6,5,6,1,2,1,3,1,2,1,2,2,1,2,1,1,1,3,3,2,6,6,4,4,3,3,5,9,2,2,2,5,5,9,10,,,8,5,,,2,2,7,6,2,4,4,7,8,2,3,1,3,3,4,8,7,6,8,5,2,5,10,,5,,,2,9,10,8,9,10,10,7,3,1,10,1,3,6,1,6,1,7,10,7,7,6,1,3,2,4,4,9,6,6,3,3,1,4,5,2,3,1,8,5,,,3,3,,,2,9,1,5,2,5,6,4,8,9,2,1,1,2,2,3,4,4,3,2,3,4,2,3,,5,,,b'\x11\xe8\xe1I\xeb\xe5W\x08\x9a\xbe\x12\xdf\x17\xaeN\x1e'
11E8E149-EBE5-5708-9ABE-12DF17AE4E1E,2020-ncaa-d3-natl,ncaa,61,63,65,69,113,78,125,187,84,180,230,133,69,152,12,183,18,61,1,57,47,156,182,53,23,22,63,141,50,286,248,254,169,274,210,200,340,130,114,164,180,191,308,347,,,284,286,,,114,151,295,303,79,160,309,242,328,89,204,22,85,81,267,338,345,362,373,243,75,231,344,,216,,,120,333,333,202,382,337,308,277,264,83,436,64,250,278,143,283,219,213,234,377,367,319,164,206,184,125,169,147,248,131,210,182,68,159,158,152,93,90,233,241,,,134,130,,,114,288,39,288,122,222,239,87,260,208,215,38,190,211,217,93,94,80,73,58,135,200,60,198,,202,,,b'\x11\xe8\xe1I\xeb\xe5W\x08\x9a\xbe\x12\xdf\x17\xaeN\x1e'
11E8E149-EBE5-5708-9ABE-12DF17AE4E1E,2022-ncaa-d3-conf-MWC,ncaa,2,2,1,2,2,2,2,1,5,6,5,6,1,1,2,1,4,6,1,7,4,1,2,3,3,3,1,1,6,3,5,2,1,3,2,2,1,3,1,1,6,7,2,4,,,4,4,,,3,2,8,7,3,4,2,8,9,1,1,5,7,8,4,9,6,7,7,3,1,9,4,,1,,,3,7,7,8,7,9,9,4,3,2,7,2,7,7,9,7,5,8,5,6,6,6,2,2,7,1,1,8,5,5,2,5,2,6,8,4,2,1,8,9,,,6,7,,,3,8,3,5,3,4,4,2,7,8,2,1,6,6,6,2,1,1,5,2,2,9,1,7,,8,,,b'\x11\xe8\xe1I\xeb\xe5W\x08\x9a\xbe\x12\xdf\x17\xaeN\x1e'
11E8E149-EBE5-5708-9ABE-12DF17AE4E1E,2022-ncaa-d3-natl,ncaa,147,129,250,145,298,198,221,247,203,293,324,200,66,83,79,47,225,306,15,314,210,258,319,142,117,75,41,41,229,308,285,276,2,295,105,202,151,28,34,56,349,322,265,275,,,125,267,,,154,318,317,408,143,187,177,312,354,47,54,183,306,318,215,351,309,261,291,166,21,367,279,,149,,,149,126,132,75,291,180,151,233,71,27,357,30,232,208,306,204,252,80,68,272,289,312,145,84,293,10,2,126,285,47,105,28,17,351,301,156,44,79,182,282,,,294,199,,,154,116,97,222,143,167,165,63,223,213,71,23,271,250,243,72,27,1,158,40,35,359,50,212,,280,,,b'\x11\xe8\xe1I\xeb\xe5W\x08\x9a\xbe\x12\xdf\x17\xaeN\x1e'
11E8E149-EBE5-5708-9ABE-12DF17AE4E1E,2023-ncaa-d3-conf-MWC,ncaa,6,6,5,6,7,7,7,7,7,6,6,8,3,4,6,4,5,7,3,7,5,7,8,7,7,7,4,4,3,7,4,6,2,7,4,6,4,1,2,5,7,7,9,9,,,3,4,,,5,7,5,3,6,6,5,6,6,3,4,5,6,6,5,6,6,5,6,6,3,7,9,,4,,,5,3,2,3,3,3,4,4,5,5,4,5,4,3,6,3,3,1,2,4,3,6,3,5,5,2,2,5,4,2,4,1,1,7,7,4,2,5,8,9,,,6,5,,,5,3,6,4,5,5,5,6,5,6,5,5,4,4,4,5,4,2,5,3,1,7,5,8,,5,,,b'\x11\xe8\xe1I\xeb\xe5W\x08\x9a\xbe\x12\xdf\x17\xaeN\x1e'
11E8E149-EBE5-5708-9ABE-12DF17AE4E1E,2023-ncaa-d3-natl,ncaa,248,269,185,262,186,223,260,271,241,297,315,247,126,150,114,130,114,101,201,105,41,250,251,202,178,214,52,113,79,308,297,169,37,240,147,247,193,241,272,264,325,333,370,381,,,324,370,,,241,209,225,10,226,281,303,320,342,117,142,80,84,86,263,243,330,137,243,255,263,346,379,,340,,,240,234,228,186,250,239,205,246,208,195,241,204,284,286,246,278,270,193,160,249,263,303,227,195,283,36,37,192,297,98,147,97,51,309,317,204,269,284,245,314,,,73,24,,,241,224,252,238,237,252,233,203,241,204,211,190,295,289,283,214,159,33,209,104,108,329,265,256,,47,,,b'\x11\xe8\xe1I\xeb\xe5W\x08\x9a\xbe\x12\xdf\x17\xaeN\x1e'
11E8E149-EBE5-5708-9ABE-12DF17AE4E1E,2024-ncaa-d3-conf-MWC,ncaa,9,9,5,9,7,9,9,6,9,9,7,9,5,6,6,3,7,6,8,6,4,7,6,9,9,9,3,3,2,5,6,9,7,8,8,9,7,7,8,8,9,8,8,8,,,2,2,,,9,7,5,7,9,9,5,9,7,4,4,6,5,5,7,5,5,9,8,9,8,9,8,,2,,,9,7,8,6,9,8,8,9,4,2,8,2,2,2,5,2,2,5,3,9,9,9,1,2,2,4,7,5,6,4,8,6,4,8,8,9,8,8,8,9,,,7,6,,,9,3,9,9,9,7,9,7,9,8,4,3,2,2,2,6,4,4,5,4,7,8,8,9,,6,,,b'\x11\xe8\xe1I\xeb\xe5W\x08\x9a\xbe\x12\xdf\x17\xaeN\x1e'
11E8E149-EBE5-5708-9ABE-12DF17AE4E1E,2024-ncaa-d3-natl,ncaa,396,417,200,407,229,304,344,309,366,337,287,363,271,244,319,233,89,59,255,64,29,271,212,365,342,356,90,239,19,302,316,333,265,334,325,379,388,360,352,390,308,321,288,331,,,185,181,,,379,164,130,133,334,372,346,364,303,280,252,60,37,41,278,168,309,371,371,395,352,311,299,,206,,,374,372,387,231,410,405,336,407,117,81,292,45,278,314,76,316,240,254,228,401,393,386,37,32,154,160,265,259,316,213,325,241,37,260,288,272,398,390,265,313,,,92,54,,,379,256,359,374,375,370,378,270,401,351,125,71,297,331,331,294,265,167,273,233,252,260,389,282,,48,,,b'\x11\xe8\xe1I\xeb\xe5W\x08\x9a\xbe\x12\xdf\x17\xaeN\x1e'
11E8E149-EBE5-5708-9ABE-12DF17AE4E1E,2025-ncaa-d3-conf-Midwest Conference,genius_ncaa,7,7,5,7,5,8,8,7,8,6,5,8,9,8,9,8,6,5,7,5,5,7,7,8,8,8,8,8,2,6,5,9,8,8,7,8,9,9,9,9,6,6,5,5,,,5,4,,2,8,6,4,1,8,8,6,6,4,9,8,5,4,4,6,5,6,9,8,8,9,6,5,,5,,2,8,9,9,4,9,9,7,8,7,4,9,4,5,6,7,5,3,5,3,9,9,9,4,6,3,3,8,2,5,3,7,9,7,7,7,8,9,9,9,8,,,5,6,,4,8,4,8,9,8,9,9,5,9,7,7,5,6,6,6,6,6,4,5,5,9,7,9,9,,5,,4,b'\x11\xe8\xe1I\xeb\xe5W\x08\x9a\xbe\x12\xdf\x17\xaeN\x1e'
11E8E149-EBE5-5708-9ABE-12DF17AE4E1E,2025-ncaa-d3-natl,genius_ncaa,343,374,192,353,248,302,310,284,311,235,174,310,370,355,383,357,129,88,322,86,114,251,191,350,333,343,323,378,34,301,314,255,164,282,274,366,389,334,332,374,308,340,215,249,,,212,191,,89,368,158,85,258,329,335,293,240,149,380,363,115,66,68,240,153,307,252,292,378,328,315,217,,233,,88,365,379,376,294,361,349,258,355,336,287,345,232,321,286,320,283,262,305,245,362,372,390,219,236,196,121,164,252,314,194,274,338,230,302,342,357,386,373,395,376,,,129,96,,240,368,278,346,363,357,371,364,316,349,283,334,308,338,309,310,322,283,126,262,207,329,315,372,396,,95,,245,b'\x11\xe8\xe1I\xeb\xe5W\x08\x9a\xbe\x12\xdf\x17\xaeN\x1e'
11E8E149-EBE5-5708-9ABE-12DF17AE4E1E,2026-ncaa-d3-conf-Midwest Conference,genius_ncaa,7,7,4,7,5,6,6,4,9,4,3,8,9,7,9,7,6,6,6,6,7,5,4,9,9,9,9,9,3,3,4,7,6,6,7,8,9,4,4,7,5,3,5,4,,,3,3,,8,9,4,2,4,7,7,1,4,1,9,7,6,5,5,2,1,4,8,6,9,4,3,4,,3,,8,9,6,6,6,9,6,6,8,6,2,9,2,5,4,6,4,3,6,6,9,9,9,3,6,2,4,6,6,4,6,7,8,7,6,4,9,2,1,6,7,,,8,8,,5,9,6,8,8,8,9,9,8,9,9,8,2,5,4,4,7,9,5,9,8,9,3,1,8,,8,,5,b'\x11\xe8\xe1I\xeb\xe5W\x08\x9a\xbe\x12\xdf\x17\xaeN\x1e'
11E8E149-EBE5-5708-9ABE-12DF17AE4E1E,2026-ncaa-d3-natl,genius_ncaa,288,268,215,305,229,329,343,258,377,311,200,382,352,310,367,332,162,135,286,126,124,245,243,387,377,361,232,341,33,220,258,351,156,327,313,384,405,236,258,385,139,90,334,321,,,293,383,,370,385,238,110,35,338,352,188,295,102,356,316,100,60,51,143,108,168,389,331,395,290,89,332,,382,,397,384,302,271,120,409,236,117,397,328,153,414,202,344,314,352,298,368,141,155,411,413,406,329,297,297,63,156,244,258,164,313,204,89,185,116,196,112,95,354,354,,,150,70,,123,385,188,360,385,377,392,358,140,314,141,381,197,390,376,371,188,245,59,357,233,266,99,129,388,,49,,104,b'\x11\xe8\xe1I\xeb\xe5W\x08\x9a\xbe\x12\xdf\x17\xaeN\x1e'
11E8E149-EBE9-BA0A-9ABE-12DF17AE4E1E,2018-ncaa-d3-conf-NJAC,ncaa,1,1,3,1,4,6,6,8,2,6,9,1,4,6,3,3,4,6,2,6,2,8,8,1,1,1,3,4,4,8,6,4,3,5,4,4,4,1,2,3,6,6,7,6,,,4,4,,,2,8,10,6,6,6,8,8,9,4,6,4,5,5,8,10,9,5,8,4,2,7,7,,3,,,2,1,1,1,2,2,2,3,1,3,1,4,6,6,8,6,6,1,3,2,2,1,3,2,8,3,3,1,6,2,4,1,2,5,5,1,2,4,1,4,,,6,2,,,2,4,2,1,1,1,1,1,1,2,1,3,3,4,4,1,1,3,1,1,1,6,2,1,,5,,,b'\x11\xe8\xe1I\xeb\xe9\xba\n\x9a\xbe\x12\xdf\x17\xaeN\x1e'
11E8E149-EBE9-BA0A-9ABE-12DF17AE4E1E,2018-ncaa-d3-natl,ncaa,14,19,17,18,38,80,85,165,31,73,159,20,192,203,174,251,60,75,96,79,99,148,124,46,35,57,281,300,152,256,231,53,171,120,146,79,143,315,251,140,124,154,89,132,,,171,69,,,48,104,394,303,190,193,411,140,350,270,315,137,175,182,396,413,379,203,319,148,149,201,140,,45,,,56,139,174,353,44,280,373,104,48,223,3,152,202,193,234,192,107,338,350,23,22,29,61,42,245,335,171,161,231,225,146,83,66,95,131,63,290,250,388,374,,,63,74,,,48,349,89,42,45,28,43,89,113,175,12,96,90,80,81,65,65,179,28,66,29,190,162,309,,211,,,b'\x11\xe8\xe1I\xeb\xe9\xba\n\x9a\xbe\x12\xdf\x17\xaeN\x1e'
11E8E149-EBE9-BA0A-9ABE-12DF17AE4E1E,2019-ncaa-d3-conf-NJAC,ncaa,4,3,3,3,6,6,7,9,2,9,10,3,3,4,1,3,3,4,7,4,1,9,7,1,1,3,1,2,3,7,5,5,5,7,4,7,5,8,9,10,7,8,2,2,,,3,4,,,2,6,9,10,6,7,10,10,10,3,4,4,2,2,10,9,7,4,6,8,8,8,2,,3,,,2,2,1,6,1,3,9,1,2,3,2,3,6,6,7,6,4,6,6,1,2,2,5,3,8,6,5,2,5,3,4,2,2,7,7,4,8,9,4,7,,,4,2,,,2,5,4,3,2,3,2,5,2,9,2,3,6,5,5,5,3,4,1,2,2,7,8,3,,6,,,b'\x11\xe8\xe1I\xeb\xe9\xba\n\x9a\xbe\x12\xdf\x17\xaeN\x1e'
11E8E149-EBE9-BA0A-9ABE-12DF17AE4E1E,2019-ncaa-d3-natl,ncaa,137,134,129,145,200,237,267,364,119,310,388,124,133,195,74,127,164,89,370,94,11,333,247,83,97,237,66,107,123,211,113,133,261,162,115,238,193,408,417,362,227,253,43,52,,,208,195,,,147,252,313,360,284,326,429,361,414,138,216,183,94,98,413,327,239,125,169,273,399,250,40,,182,,,146,79,70,209,28,125,324,21,37,73,42,47,298,317,152,324,243,237,251,16,22,37,198,65,392,330,261,64,113,151,115,23,41,176,189,54,422,415,116,239,,,107,57,,,147,220,234,61,138,56,49,163,112,296,30,49,267,284,292,193,193,309,42,111,20,203,404,93,,114,,,b'\x11\xe8\xe1I\xeb\xe9\xba\n\x9a\xbe\x12\xdf\x17\xaeN\x1e'
11E8E149-EBE9-BA0A-9ABE-12DF17AE4E1E,2020-ncaa-d3-conf-NJAC,ncaa,2,2,1,2,2,2,3,5,2,5,6,3,1,3,1,2,3,8,3,9,7,5,3,1,1,1,1,1,8,3,2,3,1,2,1,1,1,9,6,2,6,7,2,2,,,3,2,,,2,6,10,4,3,3,6,7,9,1,4,7,10,10,8,6,4,3,2,1,5,7,2,,2,,,2,1,2,7,3,7,8,3,1,2,1,2,4,4,8,4,4,8,5,1,2,2,2,1,5,2,1,1,2,1,1,1,2,7,8,3,4,5,4,6,,,4,7,,,2,5,1,2,2,1,1,5,7,7,1,1,4,4,4,2,1,1,1,1,1,9,3,3,,8,,,b'\x11\xe8\xe1I\xeb\xe9\xba\n\x9a\xbe\x12\xdf\x17\xaeN\x1e'
11E8E149-EBE9-BA0A-9ABE-12DF17AE4E1E,2020-ncaa-d3-natl,ncaa,48,63,26,64,31,110,135,83,220,199,147,260,51,76,70,134,130,129,207,136,197,85,54,175,181,215,82,85,245,30,34,10,97,9,26,102,89,387,302,232,192,265,19,39,,,162,81,,,70,81,315,98,203,234,220,305,295,88,139,208,224,232,230,184,47,22,14,147,298,274,26,,63,,,79,123,157,387,17,287,411,46,20,172,1,74,240,264,152,266,105,394,369,8,10,21,36,14,297,319,97,244,34,290,26,35,19,216,308,68,298,215,406,378,,,75,194,,,70,364,165,29,71,29,59,234,152,327,5,75,151,166,169,212,152,222,95,129,15,320,223,368,,176,,,b'\x11\xe8\xe1I\xeb\xe9\xba\n\x9a\xbe\x12\xdf\x17\xaeN\x1e'
11E8E149-EBE9-BA0A-9ABE-12DF17AE4E1E,2021-ncaa-d3-conf-NJAC,ncaa,3,1,4,2,4,3,4,4,3,5,4,4,1,3,2,3,3,4,2,4,2,4,4,2,2,2,1,2,5,2,1,3,3,3,2,3,3,4,2,1,3,1,3,1,,,5,5,,,1,5,7,2,2,3,3,5,5,1,2,3,5,5,3,3,3,2,1,2,2,2,1,,4,,,1,2,2,4,3,3,4,3,2,4,1,4,4,5,1,5,5,4,4,2,2,1,2,3,4,4,3,4,1,4,2,2,3,4,2,1,4,2,2,2,,,4,7,,,1,5,1,1,1,1,2,2,2,2,2,3,2,4,4,2,2,3,2,2,2,3,2,1,,6,,,b'\x11\xe8\xe1I\xeb\xe9\xba\n\x9a\xbe\x12\xdf\x17\xaeN\x1e'
11E8E149-EBE9-BA0A-9ABE-12DF17AE4E1E,2021-ncaa-d3-natl,ncaa,50,58,112,54,130,111,117,120,139,139,134,194,61,90,37,81,106,109,98,109,95,116,125,108,99,92,32,43,127,73,42,106,130,94,62,103,64,128,95,70,98,104,13,10,,,151,120,,,43,141,200,110,93,123,118,195,176,34,74,97,112,116,106,145,52,79,50,85,86,114,4,,112,,,49,122,125,150,52,139,166,56,100,125,55,68,137,165,20,163,140,150,149,42,33,39,81,66,142,173,130,139,42,149,62,122,105,122,131,81,109,53,103,76,,,132,153,,,43,146,68,48,47,41,58,103,103,162,42,62,79,143,146,110,109,172,79,113,70,137,59,59,,163,,,b'\x11\xe8\xe1I\xeb\xe9\xba\n\x9a\xbe\x12\xdf\x17\xaeN\x1e'
11E8E149-EBE9-BA0A-9ABE-12DF17AE4E1E,2022-ncaa-d3-conf-NJAC,ncaa,3,4,4,4,5,5,4,5,6,7,8,4,2,4,5,3,6,6,8,6,5,6,5,5,6,5,2,2,9,6,7,6,6,7,7,3,1,3,4,1,6,6,1,1,,,5,7,,,3,7,8,6,6,5,5,6,9,2,4,7,7,7,6,6,6,5,5,1,2,6,1,,5,,,3,2,1,2,3,3,8,3,1,2,2,2,7,7,10,7,8,2,4,2,3,3,4,2,10,6,6,6,7,5,7,4,4,6,5,5,5,6,5,7,,,6,5,,,3,4,5,3,3,3,2,3,3,6,2,2,9,8,8,3,3,5,5,5,4,6,5,5,,8,,,b'\x11\xe8\xe1I\xeb\xe9\xba\n\x9a\xbe\x12\xdf\x17\xaeN\x1e'
11E8E149-EBE9-BA0A-9ABE-12DF17AE4E1E,2022-ncaa-d3-natl,ncaa,147,156,188,156,228,199,206,206,239,235,256,187,125,100,222,112,211,147,318,144,104,198,207,211,222,214,134,138,204,109,126,189,187,152,162,133,58,194,188,138,136,119,27,23,,,267,310,,,126,242,258,279,200,208,192,257,287,124,104,195,136,130,175,188,104,170,132,112,198,133,18,,282,,,125,88,53,109,56,111,194,65,20,45,19,33,390,383,299,378,380,144,179,35,84,67,209,15,423,221,187,226,126,226,162,51,132,127,86,40,209,201,282,306,,,165,153,,,126,179,191,72,132,68,34,57,99,183,11,26,383,376,373,108,160,200,228,211,44,121,204,275,,146,,,b'\x11\xe8\xe1I\xeb\xe9\xba\n\x9a\xbe\x12\xdf\x17\xaeN\x1e'
11E8E149-EBE9-BA0A-9ABE-12DF17AE4E1E,2023-ncaa-d3-conf-NJAC,ncaa,7,6,7,7,8,7,7,9,5,9,9,6,4,5,3,3,4,5,2,5,1,9,10,4,3,5,2,3,6,6,5,7,6,8,5,6,2,3,7,6,9,9,3,3,,,2,6,,,7,9,8,8,7,7,8,8,9,3,3,4,4,4,8,9,6,5,5,5,6,8,3,,5,,,7,4,4,3,7,2,4,2,4,3,9,3,7,3,9,3,4,3,2,6,7,8,7,4,9,4,6,1,5,2,5,3,2,10,10,7,7,9,5,7,,,6,4,,,7,2,5,8,7,6,6,5,7,9,6,4,8,6,6,6,3,7,2,3,3,10,8,6,,5,,,b'\x11\xe8\xe1I\xeb\xe9\xba\n\x9a\xbe\x12\xdf\x17\xaeN\x1e'
11E8E149-EBE9-BA0A-9ABE-12DF17AE4E1E,2023-ncaa-d3-natl,ncaa,228,247,185,243,240,253,273,316,217,298,334,220,158,195,122,155,158,138,258,123,40,289,292,187,176,218,86,136,92,231,191,226,288,226,211,207,73,224,292,226,236,232,40,49,,,195,231,,,244,301,327,288,263,302,366,322,363,162,201,137,110,100,338,333,229,218,228,198,247,235,35,,208,,,244,186,170,184,177,241,297,131,86,66,237,60,313,276,386,270,201,189,162,145,188,231,162,83,332,292,288,113,191,177,211,121,98,303,305,217,311,335,357,399,,,179,79,,,244,130,211,272,242,192,186,201,243,310,83,58,323,276,275,211,162,280,98,179,133,317,299,362,,141,,,b'\x11\xe8\xe1I\xeb\xe9\xba\n\x9a\xbe\x12\xdf\x17\xaeN\x1e'
11E8E149-EBE9-BA0A-9ABE-12DF17AE4E1E,2024-ncaa-d3-conf-NJAC,ncaa,8,8,7,8,7,8,8,9,7,9,10,3,3,2,6,2,9,8,10,8,3,9,10,5,6,7,2,2,6,7,7,8,9,8,7,6,1,8,8,7,9,9,6,5,,,6,9,,,8,10,8,1,7,8,9,9,10,2,2,9,8,8,9,8,7,8,8,5,8,9,5,,8,,,8,4,5,3,6,5,6,7,3,2,2,3,4,5,3,5,6,2,2,6,7,7,5,3,7,7,9,3,7,4,7,6,5,9,8,7,8,8,6,9,,,9,6,,,8,1,8,7,8,6,6,6,6,6,3,4,8,8,8,6,5,7,4,7,6,8,8,6,,8,,,b'\x11\xe8\xe1I\xeb\xe9\xba\n\x9a\xbe\x12\xdf\x17\xaeN\x1e'
11E8E149-EBE9-BA0A-9ABE-12DF17AE4E1E,2024-ncaa-d3-natl,ncaa,271,297,200,289,200,258,266,258,269,316,356,208,110,75,217,38,302,245,384,242,91,265,261,217,243,257,70,52,286,202,210,244,324,230,268,163,29,252,279,200,304,305,116,147,,,255,278,,,260,283,316,6,273,277,258,344,385,90,56,318,245,243,261,247,194,242,213,150,256,307,108,,278,,,256,204,233,215,225,296,285,226,91,113,130,96,213,238,110,236,177,216,175,182,174,233,82,81,204,330,324,226,210,280,268,237,241,281,299,296,250,264,276,371,,,197,131,,,260,142,255,270,261,207,245,252,288,311,96,112,218,243,243,255,215,325,243,291,247,285,248,289,,170,,,b'\x11\xe8\xe1I\xeb\xe9\xba\n\x9a\xbe\x12\xdf\x17\xaeN\x1e'
11E8E149-EBE9-BA0A-9ABE-12DF17AE4E1E,2025-ncaa-d3-conf-NJAC,genius_ncaa,1,1,1,1,1,1,1,3,1,1,4,1,3,2,3,4,1,1,8,1,2,1,1,2,2,3,5,5,7,4,4,4,6,2,7,1,2,4,4,4,3,3,1,1,,,5,2,,7,2,1,4,2,1,1,3,1,4,3,3,3,2,2,2,3,5,7,7,1,4,4,1,,3,,7,2,6,7,8,6,9,9,9,2,4,2,5,5,6,2,6,5,8,10,5,4,2,2,2,5,7,6,7,4,7,7,3,2,2,3,1,2,2,6,5,,,1,2,,3,2,10,2,2,2,5,6,5,7,7,2,4,3,5,5,5,8,6,5,5,3,2,2,4,,1,,3,b'\x11\xe8\xe1I\xeb\xe9\xba\n\x9a\xbe\x12\xdf\x17\xaeN\x1e'
11E8E149-EBE9-BA0A-9ABE-12DF17AE4E1E,2025-ncaa-d3-natl,genius_ncaa,20,25,16,27,16,34,35,24,103,28,39,72,122,73,248,225,79,32,360,33,148,19,13,116,147,154,301,269,276,29,75,66,251,31,163,19,58,352,180,111,51,87,15,35,,,338,163,,404,43,14,129,35,79,60,81,49,110,198,157,157,84,84,63,71,55,209,105,38,238,78,25,,203,,392,50,245,269,368,96,355,398,105,32,89,17,26,290,328,79,332,170,371,403,51,53,20,34,18,265,364,251,376,75,382,163,138,68,12,24,16,221,65,285,146,,,28,178,,24,43,404,129,27,59,59,88,123,201,285,13,21,167,209,215,126,288,248,216,226,55,28,111,190,,97,,40,b'\x11\xe8\xe1I\xeb\xe9\xba\n\x9a\xbe\x12\xdf\x17\xaeN\x1e'
11E8E149-EBE9-BA0A-9ABE-12DF17AE4E1E,2026-ncaa-d3-conf-NJAC,genius_ncaa,2,2,1,2,2,3,4,2,4,3,7,4,3,3,5,3,2,4,2,4,3,3,1,4,4,4,3,3,5,2,2,2,4,1,4,4,7,6,4,5,6,6,6,8,,,6,5,,6,4,3,2,2,3,4,2,3,7,3,3,2,4,4,3,1,2,2,1,4,6,6,6,,6,,6,4,4,5,8,2,9,10,2,1,1,3,1,6,7,2,7,3,7,7,1,1,1,1,1,6,6,4,5,2,6,4,3,3,5,7,5,6,6,10,10,,,7,8,,7,4,9,4,2,4,4,5,8,9,10,1,1,6,7,7,7,7,6,5,6,3,5,6,10,,7,,7,b'\x11\xe8\xe1I\xeb\xe9\xba\n\x9a\xbe\x12\xdf\x17\xaeN\x1e'
11E8E149-EBE9-BA0A-9ABE-12DF17AE4E1E,2026-ncaa-d3-natl,genius_ncaa,54,21,215,41,249,204,216,243,184,230,255,186,170,207,176,173,108,170,44,173,115,238,236,176,144,175,127,189,91,134,52,275,262,228,132,299,330,229,250,297,184,145,145,200,,,201,276,,156,102,261,143,113,111,162,145,181,207,136,138,50,101,106,122,98,66,235,140,273,283,129,128,,291,,190,99,117,135,125,195,229,261,133,10,14,63,2,201,215,153,212,165,138,159,102,117,77,11,2,321,188,262,119,52,134,132,75,49,148,75,46,173,180,210,255,,,202,154,,236,102,154,148,92,100,126,164,151,306,374,2,3,266,293,289,179,255,246,112,167,69,75,213,257,,99,,217,b'\x11\xe8\xe1I\xeb\xe9\xba\n\x9a\xbe\x12\xdf\x17\xaeN\x1e'
11E8E149-EBEE-20D6-9ABE-12DF17AE4E1E,2018-ncaa-d3-conf-Landmark,ncaa,4,5,3,5,3,2,1,2,2,1,1,2,5,7,2,7,3,1,5,2,3,2,2,2,2,2,5,6,3,3,2,3,1,2,1,4,6,6,6,6,6,6,4,5,,,5,4,,,4,2,1,3,1,1,2,1,2,5,7,2,1,1,1,1,3,1,1,3,7,6,4,,5,,,4,7,7,6,7,7,8,7,1,1,3,1,7,6,8,7,4,8,7,6,6,7,2,1,6,2,1,5,2,2,1,7,4,5,6,7,6,4,4,3,,,2,2,,,4,7,2,6,4,7,7,7,7,7,3,2,8,5,5,7,7,2,4,3,6,5,6,4,,2,,,b'\x11\xe8\xe1I\xeb\xee \xd6\x9a\xbe\x12\xdf\x17\xaeN\x1e'
11E8E149-EBEE-20D6-9ABE-12DF17AE4E1E,2018-ncaa-d3-natl,ncaa,114,114,123,122,134,86,109,143,87,75,61,167,264,367,39,398,31,27,174,25,94,104,95,117,98,107,295,358,61,107,95,39,24,55,29,137,254,286,195,194,236,289,45,71,,,224,174,,,103,108,114,56,58,81,151,54,56,284,380,20,19,18,86,84,107,15,34,146,250,277,45,,182,,,97,238,252,335,146,325,401,84,113,94,279,48,267,215,400,225,101,324,304,101,119,180,118,90,260,80,24,197,95,135,29,283,249,215,268,262,230,145,423,353,,,49,77,,,103,330,105,132,108,196,213,289,273,378,105,66,237,172,177,277,256,70,166,103,243,271,198,414,,31,,,b'\x11\xe8\xe1I\xeb\xee \xd6\x9a\xbe\x12\xdf\x17\xaeN\x1e'
11E8E149-EBEE-20D6-9ABE-12DF17AE4E1E,2019-ncaa-d3-conf-Landmark,ncaa,3,4,3,4,4,3,3,1,7,3,1,7,5,5,4,8,2,2,2,2,4,1,1,7,5,3,2,6,2,1,1,3,3,1,3,4,7,3,1,3,5,5,5,7,,,8,8,,,4,2,1,3,2,3,1,2,1,4,5,2,2,1,1,1,1,4,1,5,4,5,6,,8,,,4,8,7,7,7,7,8,7,7,1,8,1,7,7,6,7,5,7,6,7,7,7,3,4,4,4,3,6,1,6,3,7,7,5,6,7,1,1,6,4,,,2,4,,,4,7,3,7,4,7,7,7,7,7,4,2,7,7,7,7,6,3,7,6,7,5,2,7,,2,,,b'\x11\xe8\xe1I\xeb\xee \xd6\x9a\xbe\x12\xdf\x17\xaeN\x1e'
11E8E149-EBEE-20D6-9ABE-12DF17AE4E1E,2019-ncaa-d3-natl,ncaa,155,134,215,151,251,172,199,150,271,165,85,322,267,321,138,363,59,120,40,104,216,134,171,295,251,187,234,323,61,67,61,255,77,153,84,176,187,100,63,123,259,256,224,251,,,232,302,,,214,242,205,167,133,171,71,141,42,270,338,35,88,71,63,102,46,243,91,154,115,267,217,,259,,,214,311,330,156,399,353,281,344,187,59,424,60,251,214,328,206,179,155,128,388,394,395,109,131,193,49,77,189,61,120,84,369,354,294,271,377,93,73,387,314,,,167,180,,,214,188,136,348,221,317,329,191,343,310,200,56,260,228,218,197,150,51,199,119,364,293,103,397,,122,,,b'\x11\xe8\xe1I\xeb\xee \xd6\x9a\xbe\x12\xdf\x17\xaeN\x1e'
11E8E149-EBEE-20D6-9ABE-12DF17AE4E1E,2020-ncaa-d3-conf-Landmark,ncaa,3,3,3,3,3,4,4,4,6,4,3,6,6,4,7,3,6,6,6,5,6,4,3,6,6,6,5,4,4,2,2,7,6,3,6,6,6,3,3,5,3,4,3,4,,,4,3,,,3,5,7,3,6,5,4,4,5,6,4,7,6,6,4,5,2,7,4,6,3,3,3,,3,,,3,3,3,4,5,3,5,4,3,2,7,3,2,2,3,2,2,3,6,5,5,3,3,6,2,4,6,3,2,5,6,4,4,3,3,3,2,4,2,2,,,5,5,,,3,4,6,3,3,2,3,2,4,4,3,1,2,2,2,2,2,5,5,5,3,2,3,3,,4,,,b'\x11\xe8\xe1I\xeb\xee \xd6\x9a\xbe\x12\xdf\x17\xaeN\x1e'
11E8E149-EBEE-20D6-9ABE-12DF17AE4E1E,2020-ncaa-d3-natl,ncaa,149,163,126,164,164,190,176,164,207,142,109,225,242,274,179,310,151,162,181,154,254,159,186,219,212,186,287,294,192,89,76,250,313,177,188,159,165,133,123,123,247,260,95,116,,,216,222,,,187,249,322,255,204,198,192,152,124,265,290,170,189,182,176,237,98,306,201,159,109,270,101,,191,,,187,201,235,222,234,256,305,155,200,111,368,100,163,159,244,163,115,203,209,222,210,208,150,207,168,306,313,174,76,236,188,228,209,193,196,225,163,149,364,304,,,95,82,,,187,180,155,242,188,173,209,181,217,267,188,74,147,139,142,156,146,282,134,200,206,207,140,351,,105,,,b'\x11\xe8\xe1I\xeb\xee \xd6\x9a\xbe\x12\xdf\x17\xaeN\x1e'
11E8E149-EBEE-20D6-9ABE-12DF17AE4E1E,2021-ncaa-d3-conf-Landmark,ncaa,3,2,3,3,3,5,5,4,4,4,4,5,4,4,3,4,2,2,3,3,3,4,4,4,4,2,3,4,1,5,5,5,5,5,5,4,4,1,1,2,3,2,2,2,,,1,3,,,4,4,4,1,4,5,4,4,3,4,4,1,2,3,4,4,5,5,5,4,1,3,2,,2,,,4,2,2,2,3,2,2,4,1,1,1,1,1,1,4,1,2,2,2,3,3,3,1,1,3,4,5,3,5,4,5,2,4,2,2,3,1,1,3,3,,,2,1,,,4,2,4,4,4,2,2,2,3,4,1,1,2,2,2,3,3,5,5,5,4,2,1,3,,1,,,b'\x11\xe8\xe1I\xeb\xee \xd6\x9a\xbe\x12\xdf\x17\xaeN\x1e'
11E8E149-EBEE-20D6-9ABE-12DF17AE4E1E,2021-ncaa-d3-natl,ncaa,80,115,112,101,128,122,125,124,146,117,110,189,137,154,82,222,91,120,17,126,171,128,141,151,128,105,147,180,68,155,208,161,243,164,232,115,95,115,78,79,92,106,38,25,,,176,190,,,83,138,181,100,139,146,151,126,89,170,217,71,135,142,148,207,209,238,241,127,53,104,15,,183,,,99,131,134,145,116,167,169,122,93,115,55,43,160,148,232,146,96,141,155,87,99,64,51,34,185,192,243,160,208,178,232,169,231,77,48,102,92,33,220,218,,,95,35,,,83,147,121,85,98,82,103,92,152,171,28,39,144,115,113,81,143,211,152,188,172,57,31,242,,68,,,b'\x11\xe8\xe1I\xeb\xee \xd6\x9a\xbe\x12\xdf\x17\xaeN\x1e'
11E8E149-EBEE-20D6-9ABE-12DF17AE4E1E,2022-ncaa-d3-conf-Landmark,ncaa,4,4,5,4,5,5,5,4,5,3,2,6,6,7,4,8,3,2,6,2,3,4,5,6,5,5,6,7,2,4,3,6,6,5,5,5,5,4,4,5,4,4,6,6,,,5,5,,,5,4,2,1,3,2,1,2,1,6,6,2,1,1,1,1,2,6,4,4,4,3,6,,6,,,5,3,3,2,6,4,5,4,3,1,7,1,7,6,8,6,5,2,3,6,6,4,5,2,6,3,6,4,3,3,5,6,7,2,2,3,2,2,8,6,,,3,2,,,5,4,5,4,5,4,4,3,4,6,3,1,7,6,6,3,7,4,5,5,6,2,3,8,,1,,,b'\x11\xe8\xe1I\xeb\xee \xd6\x9a\xbe\x12\xdf\x17\xaeN\x1e'
11E8E149-EBEE-20D6-9ABE-12DF17AE4E1E,2022-ncaa-d3-natl,ncaa,256,318,107,283,120,180,179,119,263,121,60,279,315,293,338,351,131,91,275,98,240,109,121,297,298,253,342,357,135,69,145,285,323,188,286,170,192,190,127,189,195,228,202,242,,,360,344,,,270,153,257,79,224,205,132,127,60,344,332,158,115,122,112,150,84,382,253,209,153,232,230,,334,,,264,342,315,220,341,299,319,194,280,74,429,23,368,347,342,346,296,242,275,347,365,308,265,205,313,283,323,337,145,330,286,381,377,102,118,272,118,82,400,311,,,45,58,,,270,270,231,312,268,283,247,120,243,270,245,31,347,321,324,150,196,237,300,282,339,127,93,388,,46,,,b'\x11\xe8\xe1I\xeb\xee \xd6\x9a\xbe\x12\xdf\x17\xaeN\x1e'
11E8E149-EBEE-20D6-9ABE-12DF17AE4E1E,2023-ncaa-d3-conf-Landmark,ncaa,4,4,3,4,3,4,4,4,6,3,1,7,8,8,6,8,1,1,3,2,4,3,3,6,6,5,8,8,1,2,3,5,3,3,3,3,3,4,3,5,4,4,2,1,,,3,4,,,5,3,1,3,4,4,3,2,1,8,8,1,1,1,1,2,2,5,3,5,4,4,2,,4,,,5,5,6,5,6,6,4,7,5,5,6,6,3,3,4,3,4,4,6,6,6,6,3,5,3,2,3,6,3,4,3,5,5,2,2,3,4,3,5,3,,,2,2,,,5,6,5,3,5,6,5,2,5,4,6,4,4,4,4,3,4,3,6,3,5,2,3,5,,1,,,b'\x11\xe8\xe1I\xeb\xee \xd6\x9a\xbe\x12\xdf\x17\xaeN\x1e'
11E8E149-EBEE-20D6-9ABE-12DF17AE4E1E,2023-ncaa-d3-natl,ncaa,152,171,109,168,115,138,126,96,192,53,16,282,377,400,174,420,47,68,77,72,319,87,112,276,239,183,397,411,71,47,68,160,201,100,145,103,154,132,70,82,156,184,54,63,,,205,157,,,145,167,249,32,137,133,95,46,10,394,415,47,71,78,72,133,45,206,89,110,100,181,57,,166,,,143,206,254,234,235,293,279,228,134,150,153,130,193,188,208,186,141,209,268,203,194,146,95,122,168,249,201,284,68,286,145,284,269,110,104,176,62,38,258,85,,,52,77,,,145,265,136,152,140,158,202,170,249,227,114,112,154,149,148,146,206,204,242,228,241,110,51,228,,57,,,b'\x11\xe8\xe1I\xeb\xee \xd6\x9a\xbe\x12\xdf\x17\xaeN\x1e'
11E8E149-EBEE-20D6-9ABE-12DF17AE4E1E,2024-ncaa-d3-conf-Landmark,ncaa,6,6,5,6,6,5,5,6,6,5,3,6,10,10,8,10,6,5,6,5,8,6,5,6,7,7,10,10,3,6,6,7,6,7,5,5,5,7,6,7,3,4,4,2,,,6,7,,,7,6,4,10,5,5,8,5,2,10,10,6,5,5,6,5,6,8,7,6,7,3,3,,6,,,6,9,8,2,8,7,2,8,10,7,8,8,9,7,10,7,10,4,6,8,10,8,10,8,7,3,6,6,6,5,5,7,8,4,4,5,6,6,6,4,,,8,9,,,7,5,7,7,6,7,6,3,6,2,9,5,9,8,8,3,5,3,6,4,7,3,6,7,,9,,,b'\x11\xe8\xe1I\xeb\xee \xd6\x9a\xbe\x12\xdf\x17\xaeN\x1e'
11E8E149-EBEE-20D6-9ABE-12DF17AE4E1E,2024-ncaa-d3-natl,ncaa,299,342,112,322,198,287,274,234,316,187,89,340,385,388,368,395,197,204,191,202,314,236,195,359,351,351,377,398,93,152,155,305,249,241,234,281,282,326,311,326,135,129,46,20,,,301,336,,,345,224,291,411,348,328,311,210,89,396,402,211,233,234,307,265,162,370,298,325,291,146,42,,280,,,333,286,216,128,304,202,95,338,274,274,244,309,383,326,422,322,376,158,182,321,367,329,337,237,365,172,249,234,155,204,234,266,288,163,139,225,282,269,396,324,,,277,324,,,345,199,334,315,337,237,170,68,170,49,249,243,373,304,302,97,115,147,185,164,236,184,253,382,,342,,,b'\x11\xe8\xe1I\xeb\xee \xd6\x9a\xbe\x12\xdf\x17\xaeN\x1e'
11E8E149-EBEE-20D6-9ABE-12DF17AE4E1E,2025-ncaa-d3-conf-Landmark,genius_ncaa,8,8,7,8,7,7,7,7,6,6,3,7,10,10,8,10,6,3,9,3,8,7,6,8,8,8,10,10,3,4,4,5,5,6,5,8,8,8,7,8,9,9,4,4,,,7,8,,6,7,8,7,1,8,7,5,6,2,10,10,6,2,2,5,2,4,4,4,8,7,9,4,,8,,8,7,8,5,3,7,4,4,5,8,6,9,7,9,8,9,8,9,3,3,7,7,9,9,7,7,4,5,5,4,5,5,6,6,8,7,8,4,6,2,2,,,3,2,,2,7,3,8,8,8,7,6,7,5,3,8,8,9,9,9,7,7,4,6,6,6,9,6,3,,2,,2,b'\x11\xe8\xe1I\xeb\xee \xd6\x9a\xbe\x12\xdf\x17\xaeN\x1e'
11E8E149-EBEE-20D6-9ABE-12DF17AE4E1E,2025-ncaa-d3-natl,genius_ncaa,326,356,192,339,196,262,245,207,279,165,78,326,368,380,292,391,170,130,301,127,243,190,133,329,321,333,370,381,101,69,77,147,222,103,143,228,179,358,329,312,375,396,172,191,,,296,291,,256,350,174,148,18,276,256,160,147,40,377,388,136,96,92,141,81,48,105,52,228,350,395,169,,331,,266,347,384,341,290,315,280,251,237,382,294,408,220,386,374,335,364,335,325,263,332,365,383,353,312,305,265,222,238,77,251,143,362,321,301,345,370,332,297,240,147,,,156,213,,223,350,255,311,376,348,373,334,313,284,272,374,312,388,382,372,340,294,277,244,268,347,312,322,254,,125,,215,b'\x11\xe8\xe1I\xeb\xee \xd6\x9a\xbe\x12\xdf\x17\xaeN\x1e'
11E8E149-EBEE-20D6-9ABE-12DF17AE4E1E,2026-ncaa-d3-conf-Landmark,genius_ncaa,6,6,1,6,1,5,5,5,5,5,1,5,9,10,4,10,4,5,1,6,9,5,8,6,5,5,8,9,3,9,8,9,5,9,7,7,8,4,4,6,7,6,8,7,,,6,6,,4,6,6,6,1,5,5,5,5,1,9,10,4,5,6,5,8,9,9,9,7,4,7,8,,6,,4,6,8,8,6,9,8,5,9,8,8,7,7,9,5,10,5,5,5,5,9,10,9,5,6,6,4,5,5,8,6,7,10,10,4,4,8,5,5,9,8,,,2,2,,4,6,5,5,9,6,8,8,6,8,5,8,8,9,5,5,5,5,4,5,6,10,4,5,9,,2,,4,b'\x11\xe8\xe1I\xeb\xee \xd6\x9a\xbe\x12\xdf\x17\xaeN\x1e'
11E8E149-EBEE-20D6-9ABE-12DF17AE4E1E,2026-ncaa-d3-natl,genius_ncaa,288,268,215,305,249,277,263,271,217,181,162,256,363,376,267,398,223,252,136,260,321,282,295,264,251,229,374,386,151,309,298,286,210,305,286,316,337,100,151,232,339,336,261,268,,,139,191,,130,320,287,247,113,251,227,221,114,58,369,394,158,217,226,228,291,289,261,291,310,124,346,252,,164,,133,324,246,261,170,369,298,181,391,142,163,138,186,261,177,409,155,176,166,126,357,383,395,101,93,240,140,210,187,298,164,286,355,386,331,339,394,144,199,388,383,,,264,176,,146,320,127,235,383,324,347,347,248,370,258,176,216,333,221,196,242,160,178,275,233,385,346,170,409,,225,,131,b'\x11\xe8\xe1I\xeb\xee \xd6\x9a\xbe\x12\xdf\x17\xaeN\x1e'
11E8E149-EBF2-9A62-9ABE-12DF17AE4E1E,2018-ncaa-d3-conf-NEAC,ncaa,4,4,5,4,5,4,5,6,4,6,7,5,3,4,3,6,8,8,3,8,10,6,6,4,4,4,6,4,11,7,8,7,4,6,5,3,4,8,8,3,4,5,6,6,,,7,6,,,4,6,3,3,2,3,4,5,7,3,5,7,10,10,4,5,7,7,7,1,7,4,7,,6,,,4,8,8,7,8,6,3,8,14,14,11,14,4,4,1,4,5,7,8,11,9,7,12,14,3,5,4,7,8,6,5,11,14,5,5,11,10,8,9,9,,,11,12,,,4,9,4,4,4,9,8,7,6,5,14,14,3,5,5,7,8,6,8,7,12,5,8,9,,10,,,b'\x11\xe8\xe1I\xeb\xf2\x9ab\x9a\xbe\x12\xdf\x17\xaeN\x1e'
11E8E149-EBF2-9A62-9ABE-12DF17AE4E1E,2018-ncaa-d3-conf-United East,ncaa,4,4,5,4,5,4,5,6,4,6,7,5,3,4,3,6,8,8,3,8,10,6,6,4,4,4,6,4,11,7,8,7,4,6,5,3,4,8,8,3,4,5,6,6,,,7,6,,,4,6,3,3,2,3,4,5,7,3,5,7,10,10,4,5,7,7,7,1,7,4,7,,6,,,4,8,8,7,8,6,3,8,14,14,11,14,4,4,1,4,5,7,8,11,9,7,12,14,3,5,4,7,8,6,5,11,14,5,5,11,10,8,9,9,,,11,12,,,4,9,4,4,4,9,8,7,6,5,14,14,3,5,5,7,8,6,8,7,12,5,8,9,,10,,,b'\x11\xe8\xe1I\xeb\xf2\x9ab\x9a\xbe\x12\xdf\x17\xaeN\x1e'
11E8E149-EBF2-9A62-9ABE-12DF17AE4E1E,2018-ncaa-d3-natl,ncaa,196,197,197,202,230,145,152,125,208,202,182,256,63,95,62,118,221,258,133,259,302,143,128,159,169,181,112,86,334,172,240,185,242,172,258,134,175,283,224,193,90,104,235,259,,,201,125,,,203,129,59,155,90,106,62,192,160,51,82,216,261,265,79,70,161,132,131,107,289,75,228,,210,,,204,322,363,336,298,325,275,293,376,351,333,327,84,147,14,147,123,312,324,317,262,237,212,357,45,301,242,310,240,314,258,418,416,126,157,309,334,297,327,306,,,312,407,,,203,318,201,227,204,327,354,359,319,287,380,366,87,144,143,344,371,305,332,330,404,110,330,342,,336,,,b'\x11\xe8\xe1I\xeb\xf2\x9ab\x9a\xbe\x12\xdf\x17\xaeN\x1e'
11E8E149-EBF2-9A62-9ABE-12DF17AE4E1E,2019-ncaa-d3-conf-NEAC,ncaa,6,7,4,7,5,7,8,8,7,10,12,4,2,2,4,1,8,11,3,11,8,10,10,2,3,6,1,2,9,12,12,7,8,12,12,10,11,9,11,11,4,4,12,12,,,1,1,,,9,5,5,8,9,9,11,12,12,2,1,10,12,12,11,10,12,8,12,9,9,4,12,,2,,,9,9,10,10,7,8,7,7,11,11,9,11,1,1,8,1,1,7,8,8,6,5,6,11,1,8,8,12,12,12,12,12,12,6,5,9,5,6,8,12,,,7,8,,,9,8,9,7,9,7,8,8,7,7,11,10,1,1,1,7,6,8,12,11,12,5,5,8,,8,,,b'\x11\xe8\xe1I\xeb\xf2\x9ab\x9a\xbe\x12\xdf\x17\xaeN\x1e'
11E8E149-EBF2-9A62-9ABE-12DF17AE4E1E,2019-ncaa-d3-conf-United East,ncaa,6,7,4,7,5,7,8,8,7,10,12,4,2,2,4,1,8,11,3,11,8,10,10,2,3,6,1,2,9,12,12,7,8,12,12,10,11,9,11,11,4,4,12,12,,,1,1,,,9,5,5,8,9,9,11,12,12,2,1,10,12,12,11,10,12,8,12,9,9,4,12,,2,,,9,9,10,10,7,8,7,7,11,11,9,11,1,1,8,1,1,7,8,8,6,5,6,11,1,8,8,12,12,12,12,12,12,6,5,9,5,6,8,12,,,7,8,,,9,8,9,7,9,7,8,8,7,7,11,10,1,1,1,7,6,8,12,11,12,5,5,8,,8,,,b'\x11\xe8\xe1I\xeb\xf2\x9ab\x9a\xbe\x12\xdf\x17\xaeN\x1e'
11E8E149-EBF2-9A62-9ABE-12DF17AE4E1E,2019-ncaa-d3-natl,ncaa,306,361,129,339,189,185,179,162,219,303,344,223,26,28,86,25,372,395,167,391,362,206,196,128,171,199,42,18,423,431,441,185,361,355,432,208,294,292,277,259,147,214,421,434,,,62,11,,,346,82,54,279,210,196,168,356,387,17,27,402,419,420,263,244,440,222,424,235,254,161,427,,28,,,339,418,437,426,374,431,418,357,372,320,340,206,44,44,90,44,11,402,390,364,302,296,37,239,13,410,361,435,441,429,432,439,422,139,232,404,282,272,314,366,,,328,377,,,346,367,306,323,329,381,418,413,417,410,339,304,27,33,32,390,397,382,424,415,432,153,254,292,,395,,,b'\x11\xe8\xe1I\xeb\xf2\x9ab\x9a\xbe\x12\xdf\x17\xaeN\x1e'
11E8E149-EBF2-9A62-9ABE-12DF17AE4E1E,2020-ncaa-d3-conf-NEAC,ncaa,2,2,1,2,1,1,2,1,7,10,11,6,1,1,1,1,5,9,1,9,3,1,2,2,1,1,1,1,11,10,12,8,10,10,12,2,1,1,1,1,1,1,10,12,,,11,3,,,2,1,1,7,1,4,1,11,11,1,1,9,11,11,5,8,11,12,12,2,1,1,11,,5,,,2,12,12,11,11,12,12,10,4,4,3,2,5,6,7,5,1,11,12,10,9,2,1,2,4,9,10,12,12,12,12,12,11,1,1,2,1,1,10,11,,,6,12,,,2,12,2,2,2,4,7,3,10,8,1,2,1,1,1,2,11,5,12,11,11,1,1,7,,11,,,b'\x11\xe8\xe1I\xeb\xf2\x9ab\x9a\xbe\x12\xdf\x17\xaeN\x1e'
11E8E149-EBF2-9A62-9ABE-12DF17AE4E1E,2020-ncaa-d3-conf-United East,ncaa,2,2,1,2,1,1,2,1,7,10,11,6,1,1,1,1,5,9,1,9,3,1,2,2,1,1,1,1,11,10,12,8,10,10,12,2,1,1,1,1,1,1,10,12,,,11,3,,,2,1,1,7,1,4,1,11,11,1,1,9,11,11,5,8,11,12,12,2,1,1,11,,5,,,2,12,12,11,11,12,12,10,4,4,3,2,5,6,7,5,1,11,12,10,9,2,1,2,4,9,10,12,12,12,12,12,11,1,1,2,1,1,10,11,,,6,12,,,2,12,2,2,2,4,7,3,10,8,1,2,1,1,1,2,11,5,12,11,11,1,1,7,,11,,,b'\x11\xe8\xe1I\xeb\xf2\x9ab\x9a\xbe\x12\xdf\x17\xaeN\x1e'
11E8E149-EBF2-9A62-9ABE-12DF17AE4E1E,2020-ncaa-d3-natl,ncaa,79,111,26,104,53,37,71,15,265,364,396,193,1,3,105,1,285,351,35,349,166,31,39,106,129,75,1,1,427,380,432,301,379,353,430,45,64,154,45,34,7,8,378,407,,,299,79,,,131,11,29,303,71,123,29,411,435,2,3,368,421,421,73,137,427,422,434,66,68,9,403,,165,,,139,414,426,384,403,428,407,405,146,188,96,98,151,197,61,184,71,382,430,368,334,123,12,34,51,366,379,436,432,432,430,426,356,6,12,105,136,48,187,348,,,313,431,,,131,431,186,123,144,272,344,230,402,324,73,86,77,106,89,200,393,281,425,401,375,8,69,121,,416,,,b'\x11\xe8\xe1I\xeb\xf2\x9ab\x9a\xbe\x12\xdf\x17\xaeN\x1e'
11E8E149-EBF2-9A62-9ABE-12DF17AE4E1E,2022-ncaa-d3-conf-United East,ncaa,1,1,1,1,1,1,2,1,5,6,6,2,2,1,3,2,4,5,2,5,2,1,1,4,4,3,3,2,7,6,8,5,4,6,8,2,4,1,1,1,2,3,6,6,,,3,2,,,2,1,2,1,2,4,2,6,7,2,2,4,6,6,2,2,8,8,8,3,1,3,6,,2,,,2,6,6,6,5,7,8,4,4,3,6,1,4,4,9,4,4,5,9,5,5,4,2,4,4,2,4,9,8,7,8,4,3,1,2,3,2,1,5,6,,,4,6,,,2,9,3,3,3,4,5,4,5,7,4,1,4,3,3,4,5,2,8,5,3,2,1,4,,6,,,b'\x11\xe8\xe1I\xeb\xf2\x9ab\x9a\xbe\x12\xdf\x17\xaeN\x1e'
11E8E149-EBF2-9A62-9ABE-12DF17AE4E1E,2022-ncaa-d3-natl,ncaa,76,95,61,96,71,71,83,41,213,210,304,54,12,5,209,5,265,288,179,288,190,51,77,121,146,99,24,11,408,206,337,223,275,219,358,55,82,107,31,27,29,45,216,264,,,168,54,,,98,55,116,178,84,100,46,298,404,11,9,333,366,369,71,156,288,355,347,59,49,40,261,,66,,,102,293,318,320,213,307,343,177,272,249,276,175,169,176,174,191,100,310,373,203,175,101,164,222,106,292,275,411,337,388,358,333,259,32,50,99,198,130,167,250,,,181,311,,,98,377,126,107,108,165,202,191,214,244,188,158,102,97,106,164,290,201,365,313,243,44,135,113,,297,,,b'\x11\xe8\xe1I\xeb\xf2\x9ab\x9a\xbe\x12\xdf\x17\xaeN\x1e'
11E8E149-EBF2-9A62-9ABE-12DF17AE4E1E,2023-ncaa-d3-conf-United East,ncaa,1,1,1,1,1,2,1,2,2,2,7,1,2,2,4,2,3,4,1,4,3,2,2,1,1,1,2,2,8,4,5,1,3,2,3,2,6,1,1,1,2,2,4,4,,,3,2,,,2,2,7,2,2,2,3,5,8,2,2,4,7,7,4,6,7,3,3,3,1,2,4,,2,,,2,4,7,8,1,4,8,1,5,6,5,5,2,3,2,3,3,8,7,1,1,2,6,6,3,7,3,6,5,6,3,6,5,2,3,4,1,1,3,4,,,3,4,,,2,8,1,2,2,2,2,5,1,5,5,4,1,2,2,3,3,4,3,4,5,3,1,2,,6,,,b'\x11\xe8\xe1I\xeb\xf2\x9ab\x9a\xbe\x12\xdf\x17\xaeN\x1e'
11E8E149-EBF2-9A62-9ABE-12DF17AE4E1E,2023-ncaa-d3-natl,ncaa,56,85,33,77,35,49,57,33,168,203,315,56,3,7,126,3,266,342,30,343,275,54,76,77,101,61,22,5,424,163,256,53,198,89,232,55,120,97,34,22,61,93,308,347,,,124,32,,,59,64,258,100,96,102,73,301,403,7,7,358,409,408,132,253,237,143,200,76,37,106,356,,32,,,66,260,300,389,100,214,317,78,389,398,279,348,74,108,27,105,68,365,372,134,79,88,293,394,45,330,198,376,256,374,232,365,365,101,163,239,114,63,77,141,,,294,407,,,59,365,72,101,71,102,154,249,95,151,330,323,28,45,45,179,200,228,244,241,277,170,63,32,,408,,,b'\x11\xe8\xe1I\xeb\xf2\x9ab\x9a\xbe\x12\xdf\x17\xaeN\x1e'
11E8E149-EBF2-9A62-9ABE-12DF17AE4E1E,2024-ncaa-d3-conf-North Atlantic,ncaa,7,7,11,6,11,11,12,12,8,13,13,7,3,2,9,1,13,13,9,13,7,12,12,8,8,8,1,1,13,11,8,8,6,11,5,8,2,5,9,7,8,7,11,12,,,6,11,,,6,12,10,1,7,7,7,13,14,2,1,12,13,13,9,9,9,4,5,6,8,7,12,,11,,,6,3,3,3,5,3,3,5,4,4,6,10,5,5,2,5,8,3,3,5,4,5,9,10,9,6,6,4,8,5,5,4,5,11,9,6,4,7,8,14,,,12,9,,,6,3,7,5,6,5,5,8,5,5,7,10,6,11,11,7,8,11,9,10,5,9,6,9,,10,,,b'\x11\xe8\xe1I\xeb\xf2\x9ab\x9a\xbe\x12\xdf\x17\xaeN\x1e'
11E8E149-EBF2-9A62-9ABE-12DF17AE4E1E,2024-ncaa-d3-natl,ncaa,299,297,296,308,310,297,304,291,321,382,412,167,41,13,273,1,386,379,357,378,116,308,294,227,266,313,10,3,397,348,373,196,281,285,327,177,6,311,335,243,208,205,298,317,,,178,203,,,302,259,132,119,291,294,212,398,425,19,4,400,390,388,277,197,350,96,229,131,331,160,295,,257,,,300,185,218,223,191,206,207,165,279,238,303,239,111,201,12,209,210,217,198,206,153,196,234,304,106,309,281,297,373,302,327,319,364,252,268,318,256,288,159,386,,,314,303,,,302,168,333,228,298,269,290,335,251,295,323,300,151,254,258,332,315,339,344,353,341,210,289,198,,294,,,b'\x11\xe8\xe1I\xeb\xf2\x9ab\x9a\xbe\x12\xdf\x17\xaeN\x1e'
11E8E149-EBF2-9A62-9ABE-12DF17AE4E1E,2025-ncaa-d3-conf-SUNYAC,genius_ncaa,9,9,7,9,7,8,8,8,10,10,10,9,3,2,5,1,10,10,9,10,8,8,9,7,8,9,1,1,10,10,10,8,8,9,10,6,1,5,7,6,4,4,7,6,,,1,1,,3,9,8,4,2,8,8,6,10,10,2,1,10,10,10,6,8,10,5,9,6,6,2,7,,1,,3,9,8,8,7,8,6,2,10,9,9,7,10,3,1,9,1,3,6,5,8,8,9,8,9,1,6,8,10,10,10,10,9,7,5,6,8,6,9,5,7,,,10,7,,3,9,4,9,9,9,9,9,9,8,3,9,10,4,1,1,7,10,9,10,10,9,5,9,6,,9,,2,b'\x11\xe8\xe1I\xeb\xf2\x9ab\x9a\xbe\x12\xdf\x17\xaeN\x1e'
11E8E149-EBF2-9A62-9ABE-12DF17AE4E1E,2025-ncaa-d3-natl,genius_ncaa,326,356,192,339,218,333,338,280,368,395,402,329,55,25,247,3,396,399,260,397,272,314,325,307,328,317,11,1,393,391,412,233,274,345,388,209,19,176,254,196,153,125,202,160,,,39,22,,107,338,272,265,127,366,369,288,412,415,37,17,403,414,412,358,371,409,225,384,200,189,132,206,,22,,109,335,235,278,247,265,151,74,338,393,405,261,412,36,36,182,34,80,182,164,315,275,271,328,406,25,255,274,384,412,364,388,362,373,236,234,343,240,307,121,318,,,367,350,,227,338,152,342,291,337,253,292,272,172,68,389,401,28,32,26,211,188,264,383,355,347,247,245,119,,396,,236,b'\x11\xe8\xe1I\xeb\xf2\x9ab\x9a\xbe\x12\xdf\x17\xaeN\x1e'
11E8E149-EBF2-9A62-9ABE-12DF17AE4E1E,2026-ncaa-d3-conf-SUNYAC,genius_ncaa,8,9,1,8,1,4,4,3,8,4,5,7,1,1,5,2,5,4,9,4,6,3,4,7,7,6,4,1,8,6,9,4,10,5,10,3,3,6,6,4,4,7,10,10,,,5,1,,3,10,3,2,1,7,6,4,6,8,1,2,8,7,7,4,6,8,5,7,4,4,5,10,,3,,3,10,10,10,10,8,10,9,10,10,10,5,9,6,5,9,5,2,10,10,9,10,10,5,9,3,10,10,10,9,10,10,10,10,5,10,10,6,3,10,9,,,5,7,,2,10,10,7,10,10,10,10,10,10,9,9,10,4,2,2,10,10,10,10,10,10,6,3,9,,7,,3,b'\x11\xe8\xe1I\xeb\xf2\x9ab\x9a\xbe\x12\xdf\x17\xaeN\x1e'
11E8E149-EBF2-9A62-9ABE-12DF17AE4E1E,2026-ncaa-d3-natl,genius_ncaa,345,329,215,363,249,303,295,220,346,333,309,311,132,78,288,30,356,305,385,302,230,234,297,320,348,260,87,33,360,392,414,211,322,311,407,271,170,29,12,54,239,249,402,410,,,50,10,,156,359,258,113,113,294,275,89,335,303,89,26,374,287,285,112,299,409,90,297,235,11,201,410,,21,,190,360,277,284,280,231,142,130,213,409,402,371,414,66,54,292,47,45,241,201,333,297,343,402,415,12,334,322,377,414,367,407,387,409,302,350,399,32,24,380,409,,,323,326,,323,359,176,310,370,358,373,370,395,178,162,415,415,48,27,25,379,344,369,413,410,407,297,15,404,,349,,330,b'\x11\xe8\xe1I\xeb\xf2\x9ab\x9a\xbe\x12\xdf\x17\xaeN\x1e'
11E8E149-EBF6-ECDE-9ABE-12DF17AE4E1E,2018-ncaa-d3-conf-AMCC,ncaa,2,2,1,2,2,2,2,3,3,5,3,5,1,1,1,1,5,5,3,5,7,3,4,2,2,1,2,2,8,6,9,3,4,5,8,2,7,1,1,1,2,2,8,9,,,7,6,,,2,3,5,4,2,2,3,7,6,1,1,5,7,7,3,7,9,5,8,3,1,2,9,,7,,,2,6,5,8,3,4,5,6,7,9,5,8,7,3,10,3,4,7,8,3,3,3,5,6,4,4,4,10,9,9,8,6,6,2,2,4,1,1,8,6,,,5,5,,,2,8,1,4,2,3,3,6,3,3,7,7,3,2,2,4,5,4,10,8,3,2,1,6,,6,,,b'\x11\xe8\xe1I\xeb\xf6\xec\xde\x9a\xbe\x12\xdf\x17\xaeN\x1e'
11E8E149-EBF6-ECDE-9ABE-12DF17AE4E1E,2018-ncaa-d3-natl,ncaa,114,88,197,98,240,121,145,95,240,210,191,258,50,56,96,90,129,159,122,144,159,101,156,181,177,95,72,75,221,162,274,208,282,181,308,185,281,34,10,62,50,47,328,330,,,253,196,,,117,166,98,192,56,93,37,210,176,35,45,100,130,121,47,99,144,167,144,165,34,38,334,,264,,,114,200,199,239,157,176,190,188,295,325,161,328,223,179,356,180,211,226,310,177,183,127,285,301,222,315,282,388,274,375,308,236,262,92,91,125,39,29,221,198,,,175,212,,,117,293,95,154,116,221,214,280,192,212,285,331,220,175,178,259,352,328,387,370,252,59,47,231,,138,,,b'\x11\xe8\xe1I\xeb\xf6\xec\xde\x9a\xbe\x12\xdf\x17\xaeN\x1e'
11E8E149-EBF6-ECDE-9ABE-12DF17AE4E1E,2019-ncaa-d3-conf-AMCC,ncaa,6,6,4,7,4,8,10,10,9,10,10,10,1,1,3,1,6,8,4,8,1,9,10,8,6,6,1,1,3,10,10,6,9,9,10,10,8,1,5,7,4,3,9,9,,,1,2,,,7,10,10,3,9,10,10,10,10,1,1,6,8,8,10,10,10,9,10,10,1,3,9,,2,,,6,2,2,3,4,1,2,4,9,9,6,10,1,1,1,1,4,2,1,6,3,5,8,10,1,7,9,8,10,7,10,7,9,6,4,8,1,4,7,9,,,8,2,,,7,1,6,5,6,3,5,3,1,1,9,9,1,1,1,2,1,7,9,8,7,6,1,6,,9,,,b'\x11\xe8\xe1I\xeb\xf6\xec\xde\x9a\xbe\x12\xdf\x17\xaeN\x1e'
11E8E149-EBF6-ECDE-9ABE-12DF17AE4E1E,2019-ncaa-d3-natl,ncaa,306,361,129,339,173,321,359,332,370,416,418,362,56,39,200,14,265,289,173,292,44,337,341,301,284,283,5,12,152,386,409,301,397,353,409,279,72,195,284,264,180,174,399,401,,,35,22,,,357,317,405,204,381,411,405,432,439,53,34,294,328,331,416,429,415,378,420,330,158,194,413,,16,,,351,272,349,317,283,255,174,331,406,410,264,410,41,35,180,35,44,244,211,319,267,290,234,405,22,402,397,303,409,364,409,431,435,271,288,415,268,329,277,419,,,289,192,,,357,139,317,358,353,228,302,287,228,129,390,400,23,24,22,203,142,373,272,336,415,314,239,269,,349,,,b'\x11\xe8\xe1I\xeb\xf6\xec\xde\x9a\xbe\x12\xdf\x17\xaeN\x1e'
11E8E149-EBF6-ECDE-9ABE-12DF17AE4E1E,2020-ncaa-d3-conf-AMCC,ncaa,9,9,7,9,8,11,11,10,10,11,11,10,3,4,3,1,6,7,3,7,1,10,11,10,10,9,1,1,2,11,11,11,11,11,11,10,7,7,9,8,10,10,8,8,,,1,2,,,11,10,8,6,11,11,10,11,11,3,2,6,7,7,10,11,11,11,11,10,8,10,8,,3,,,11,9,11,5,11,9,5,11,11,6,11,8,3,2,8,2,1,5,4,11,11,11,7,10,1,8,11,8,11,9,11,2,1,9,8,8,6,10,2,8,,,8,5,,,11,2,10,11,11,10,11,8,10,7,11,9,4,2,3,6,6,9,9,10,6,8,6,2,,5,,,b'\x11\xe8\xe1I\xeb\xf6\xec\xde\x9a\xbe\x12\xdf\x17\xaeN\x1e'
11E8E149-EBF6-ECDE-9ABE-12DF17AE4E1E,2020-ncaa-d3-natl,ncaa,379,409,198,390,280,380,404,382,402,426,414,419,134,138,169,42,257,316,85,318,60,383,382,367,340,355,4,20,52,429,433,408,430,419,432,379,193,232,354,371,297,312,339,365,,,45,34,,,404,343,328,303,401,423,419,437,427,124,120,252,329,332,424,423,435,432,436,406,255,297,339,,31,,,399,356,374,302,351,328,261,306,381,297,408,284,115,96,272,97,83,253,196,374,352,372,218,339,55,406,430,318,433,379,432,209,69,317,337,305,251,344,71,231,,,306,152,,,404,109,388,405,407,347,356,333,330,304,379,317,128,104,103,296,245,396,332,368,227,317,267,72,,323,,,b'\x11\xe8\xe1I\xeb\xf6\xec\xde\x9a\xbe\x12\xdf\x17\xaeN\x1e'
11E8E149-EBF6-ECDE-9ABE-12DF17AE4E1E,2021-ncaa-d3-natl,ncaa,251,28,273,251,275,274,275,273,250,280,276,280,261,273,12,93,277,266,284,267,7,273,275,213,249,192,3,5,168,273,251,275,279,276,277,278,229,2,5,84,284,284,283,281,,,1,1,,,162,275,8,110,83,129,8,252,56,4,24,130,3,3,2,13,48,82,50,186,20,283,270,,1,,,265,13,15,12,243,17,13,273,18,17,55,247,2,2,210,2,4,12,13,234,201,253,14,134,3,22,279,14,251,17,277,24,269,283,274,282,9,132,7,30,,,273,67,,,162,10,185,278,257,282,282,284,283,284,262,283,16,6,7,283,283,284,285,285,285,223,185,38,,12,,,b'\x11\xe8\xe1I\xeb\xf6\xec\xde\x9a\xbe\x12\xdf\x17\xaeN\x1e'
11E8E149-EBF6-ECDE-9ABE-12DF17AE4E1E,2022-ncaa-d3-conf-AMCC,ncaa,8,8,7,8,7,9,9,9,7,9,9,7,3,1,6,1,5,6,5,6,1,9,8,7,7,7,1,1,2,9,8,8,7,9,8,8,6,8,9,8,9,9,7,8,,,9,9,,,8,8,3,3,8,9,9,9,9,1,1,3,2,2,9,7,9,8,9,8,9,9,7,,9,,,8,7,6,2,8,6,4,8,5,1,8,1,9,9,6,9,9,3,2,8,8,8,7,3,9,3,7,6,8,5,8,4,3,9,7,5,9,9,1,5,,,5,3,,,8,3,8,8,8,8,8,7,7,7,7,3,9,9,9,7,7,5,7,8,5,7,9,2,,4,,,b'\x11\xe8\xe1I\xeb\xf6\xec\xde\x9a\xbe\x12\xdf\x17\xaeN\x1e'
11E8E149-EBF6-ECDE-9ABE-12DF17AE4E1E,2022-ncaa-d3-natl,ncaa,364,400,188,380,244,324,352,312,371,389,366,383,117,99,207,57,240,201,297,197,41,293,236,326,325,364,19,45,89,373,399,276,319,330,375,343,283,400,390,391,379,410,374,407,,,349,322,,,400,163,100,393,372,396,392,415,409,109,102,234,184,176,377,263,400,326,385,380,385,405,396,,365,,,395,398,401,325,378,406,393,329,230,113,400,21,336,372,72,373,261,347,292,365,355,386,85,83,197,287,319,303,399,297,375,304,88,309,376,352,416,410,21,43,,,240,231,,,400,282,382,384,392,384,381,357,392,403,208,82,342,372,371,375,321,280,309,301,290,351,408,7,,241,,,b'\x11\xe8\xe1I\xeb\xf6\xec\xde\x9a\xbe\x12\xdf\x17\xaeN\x1e'
11E8E149-EBF6-ECDE-9ABE-12DF17AE4E1E,2023-ncaa-d3-conf-AMCC,ncaa,6,6,5,6,5,6,8,7,5,8,8,5,5,5,4,4,5,5,7,5,1,7,6,5,4,6,3,3,2,7,7,5,6,6,6,6,5,8,8,8,4,5,6,5,,,8,8,,,7,5,3,3,6,7,8,8,8,5,5,5,2,2,8,7,8,4,7,7,8,4,6,,8,,,7,7,3,4,3,2,2,3,3,5,3,5,8,8,8,8,8,7,5,3,3,4,8,2,8,6,6,3,7,4,6,3,4,5,5,4,8,8,1,3,,,3,4,,,7,4,7,6,6,7,3,4,2,2,5,5,8,7,7,7,6,7,5,5,4,5,8,1,,4,,,b'\x11\xe8\xe1I\xeb\xf6\xec\xde\x9a\xbe\x12\xdf\x17\xaeN\x1e'
11E8E149-EBF6-ECDE-9ABE-12DF17AE4E1E,2023-ncaa-d3-natl,ncaa,366,411,109,382,131,323,336,284,374,353,310,376,208,179,289,150,252,208,331,203,112,275,156,361,356,387,90,132,107,274,304,210,367,240,342,311,202,420,406,391,254,317,308,342,,,395,377,,,394,119,164,181,383,393,386,397,367,244,212,296,253,247,373,208,318,269,315,353,403,282,332,,392,,,380,388,332,353,209,316,303,229,310,348,160,255,415,410,368,409,379,389,349,205,272,318,327,197,392,397,367,285,304,364,342,336,282,246,346,334,411,386,27,39,,,210,260,,,394,308,392,355,383,347,283,316,272,248,272,320,408,399,400,353,310,362,244,322,291,290,382,13,,257,,,b'\x11\xe8\xe1I\xeb\xf6\xec\xde\x9a\xbe\x12\xdf\x17\xaeN\x1e'
11E8E149-EBF6-ECDE-9ABE-12DF17AE4E1E,2024-ncaa-d3-conf-AMCC,ncaa,4,4,2,4,2,5,4,7,3,4,8,2,2,3,4,1,8,9,3,9,6,7,6,3,2,4,6,3,9,9,8,3,6,7,4,3,4,10,9,6,5,5,2,2,,,10,10,,,4,1,1,4,4,3,7,3,9,2,4,7,9,9,7,6,9,3,9,3,9,5,2,,10,,,4,7,4,8,1,1,6,2,10,10,7,10,10,9,10,8,9,8,7,2,3,5,10,10,9,5,6,3,8,4,4,3,3,5,5,3,9,9,2,3,,,7,8,,,4,9,5,4,4,6,2,7,1,2,9,9,9,9,8,8,6,5,2,3,2,5,9,1,,7,,,b'\x11\xe8\xe1I\xeb\xf6\xec\xde\x9a\xbe\x12\xdf\x17\xaeN\x1e'
11E8E149-EBF6-ECDE-9ABE-12DF17AE4E1E,2024-ncaa-d3-natl,ncaa,184,206,112,192,127,116,111,141,81,138,241,48,65,75,106,71,275,318,103,315,309,168,85,57,65,175,172,96,378,252,194,99,241,156,150,81,95,401,369,257,141,225,63,88,,,371,279,,,202,60,46,53,97,85,148,150,290,66,78,314,354,352,199,77,279,87,174,59,385,155,64,,359,,,205,358,292,382,99,221,294,99,391,408,218,332,380,378,279,377,330,397,363,124,147,213,382,355,323,335,241,102,194,194,150,292,260,188,307,257,394,357,137,156,,,286,385,,,202,363,213,206,212,325,256,364,188,261,376,392,370,369,367,379,371,301,65,152,265,218,377,116,,350,,,b'\x11\xe8\xe1I\xeb\xf6\xec\xde\x9a\xbe\x12\xdf\x17\xaeN\x1e'
11E8E149-EBF6-ECDE-9ABE-12DF17AE4E1E,2025-ncaa-d3-conf-AMCC,genius_ncaa,3,3,1,3,1,3,3,4,3,4,6,3,1,2,3,2,1,1,4,1,1,3,1,3,2,3,2,3,2,3,2,1,2,1,1,3,1,8,7,5,3,5,3,3,,,9,8,,6,3,1,4,4,3,3,8,5,8,2,3,1,1,1,5,3,4,1,2,3,8,6,3,,9,,6,3,6,6,7,3,6,6,4,5,9,2,8,8,9,2,9,9,8,8,3,3,3,8,6,7,5,2,1,2,2,1,5,3,5,7,4,8,7,6,5,,,1,1,,2,3,9,3,3,3,4,4,5,5,3,4,7,8,8,8,6,6,3,1,2,4,7,7,5,,1,,2,b'\x11\xe8\xe1I\xeb\xf6\xec\xde\x9a\xbe\x12\xdf\x17\xaeN\x1e'
11E8E149-EBF6-ECDE-9ABE-12DF17AE4E1E,2025-ncaa-d3-natl,genius_ncaa,102,118,55,118,92,93,109,123,110,155,205,110,62,78,75,118,65,74,146,77,76,118,60,81,76,160,95,115,170,134,99,40,123,59,51,62,55,402,344,229,88,136,100,119,,,316,208,,138,129,47,74,250,94,135,197,203,291,74,117,91,100,108,168,89,183,35,75,66,361,107,112,,264,,119,135,330,309,387,88,294,322,160,292,388,51,303,283,328,65,323,255,388,370,90,76,133,230,231,212,265,123,131,99,184,51,353,331,152,272,283,402,355,300,294,,,93,226,,100,129,371,176,124,141,212,213,322,202,222,228,346,231,285,279,319,304,195,62,99,288,218,367,267,,143,,122,b'\x11\xe8\xe1I\xeb\xf6\xec\xde\x9a\xbe\x12\xdf\x17\xaeN\x1e'
11E8E149-EBF6-ECDE-9ABE-12DF17AE4E1E,2026-ncaa-d3-conf-AMCC,genius_ncaa,2,1,4,1,4,3,3,6,1,3,6,1,2,7,1,5,3,7,1,7,5,6,7,1,1,1,7,4,7,6,1,4,7,5,2,2,1,2,2,1,7,8,3,2,,,2,1,,4,1,8,7,2,1,1,7,1,6,1,5,3,5,5,7,8,6,3,4,1,2,8,2,,1,,4,1,2,4,5,4,3,4,5,5,6,4,8,2,2,2,2,1,5,3,4,2,4,4,9,1,7,7,2,1,2,2,3,5,7,7,6,2,2,3,4,,,8,6,,7,1,3,1,4,1,4,6,7,5,5,6,9,1,1,1,7,3,9,1,1,4,8,2,2,,7,,7,b'\x11\xe8\xe1I\xeb\xf6\xec\xde\x9a\xbe\x12\xdf\x17\xaeN\x1e'
11E8E149-EBF6-ECDE-9ABE-12DF17AE4E1E,2026-ncaa-d3-natl,genius_ncaa,225,200,215,240,224,191,196,292,43,193,320,8,170,202,184,116,135,189,62,191,72,289,272,41,29,83,163,213,150,211,33,266,329,255,116,80,25,241,310,129,321,330,100,79,,,88,50,,75,179,275,291,18,82,107,288,120,324,136,135,72,123,122,261,183,159,204,184,28,296,318,69,,69,,80,178,200,214,211,200,182,164,240,292,315,196,362,125,123,184,113,125,194,169,234,207,268,269,343,93,279,329,46,33,103,116,259,301,306,326,336,280,343,260,349,,,241,190,,262,179,142,76,300,177,286,302,339,238,225,351,379,140,140,125,318,271,342,10,103,322,307,327,320,,176,,271,b'\x11\xe8\xe1I\xeb\xf6\xec\xde\x9a\xbe\x12\xdf\x17\xaeN\x1e'
11E8E149-EBFB-57A6-9ABE-12DF17AE4E1E,2018-ncaa-d3-conf-NEWMAC,ncaa,11,11,8,11,9,11,11,11,11,11,10,11,11,11,11,11,11,10,11,10,7,11,10,11,11,11,10,11,1,11,11,10,11,11,11,11,11,11,11,11,11,11,9,10,,,1,1,,,11,9,5,7,11,11,11,11,10,11,11,11,9,9,11,9,11,10,11,11,11,11,9,,1,,,11,11,11,11,11,11,11,11,11,7,11,4,1,1,3,1,1,11,7,11,11,11,1,5,1,11,11,8,11,11,11,11,9,11,11,11,11,11,6,9,,,11,11,,,11,3,11,11,11,11,11,11,11,11,11,10,1,1,1,11,10,11,10,11,11,11,11,8,,11,,,b'\x11\xe8\xe1I\xeb\xfbW\xa6\x9a\xbe\x12\xdf\x17\xaeN\x1e'
11E8E149-EBFB-57A6-9ABE-12DF17AE4E1E,2018-ncaa-d3-natl,ncaa,433,437,305,433,346,436,436,432,439,433,373,439,441,437,439,438,429,412,432,411,342,433,402,440,439,442,403,436,26,436,443,423,442,431,443,440,439,441,444,444,421,434,402,427,,,21,8,,,444,363,292,303,444,444,444,441,380,443,443,435,419,412,444,426,444,441,444,444,439,432,410,,16,,,443,430,442,382,441,442,415,440,237,131,411,65,21,24,35,24,4,317,221,439,432,441,4,84,3,435,442,259,443,400,443,440,316,386,424,440,438,443,94,189,,,403,305,,,444,90,442,443,444,435,440,424,441,434,274,160,15,24,21,401,349,437,339,414,436,396,436,103,,409,,,b'\x11\xe8\xe1I\xeb\xfbW\xa6\x9a\xbe\x12\xdf\x17\xaeN\x1e'
11E8E149-EBFB-57A6-9ABE-12DF17AE4E1E,2019-ncaa-d3-conf-NEWMAC,ncaa,11,11,8,11,9,11,11,11,11,11,9,11,11,11,11,8,11,10,11,11,10,11,10,11,11,11,10,9,5,11,11,10,11,11,11,11,11,11,11,11,11,11,8,11,,,2,1,,,11,10,5,5,11,11,11,11,9,11,11,11,10,11,11,10,11,10,11,11,11,11,7,,2,,,11,11,11,11,11,11,11,11,7,6,11,3,2,3,1,3,2,11,7,11,10,11,1,3,2,11,11,9,11,11,11,11,7,11,11,11,11,11,4,7,,,10,9,,,11,3,11,11,11,11,11,11,11,11,8,6,2,5,5,11,10,11,10,11,11,11,11,4,,10,,,b'\x11\xe8\xe1I\xeb\xfbW\xa6\x9a\xbe\x12\xdf\x17\xaeN\x1e'
11E8E149-EBFB-57A6-9ABE-12DF17AE4E1E,2019-ncaa-d3-natl,ncaa,439,439,317,439,341,436,431,415,436,419,301,438,435,434,437,434,434,427,440,427,434,418,372,438,439,439,436,423,340,391,401,416,440,412,438,437,440,441,440,440,374,399,382,412,,,33,20,,,441,352,283,271,440,438,437,428,248,439,441,440,434,435,440,357,387,433,435,440,439,376,390,,30,,,440,400,434,337,430,434,397,416,232,107,417,59,46,77,15,74,24,300,214,426,403,422,9,109,15,434,440,255,401,393,438,397,159,353,381,411,438,440,203,258,,,369,309,,,441,92,439,438,440,421,434,411,434,423,281,137,52,100,97,400,361,436,336,418,406,333,437,253,,368,,,b'\x11\xe8\xe1I\xeb\xfbW\xa6\x9a\xbe\x12\xdf\x17\xaeN\x1e'
11E8E149-EBFB-57A6-9ABE-12DF17AE4E1E,2020-ncaa-d3-conf-NEWMAC,ncaa,11,10,10,11,11,11,11,11,11,11,11,11,11,10,11,3,11,11,11,11,9,11,11,11,11,11,4,7,2,11,11,11,11,11,11,11,11,10,11,11,11,11,9,10,,,1,1,,,11,10,6,9,11,11,11,11,11,11,10,11,11,11,11,11,11,11,11,11,11,11,9,,1,,,11,9,10,3,11,11,3,11,3,2,9,2,1,1,9,1,1,3,2,11,11,11,1,1,1,10,11,4,11,6,11,10,7,11,11,11,10,11,5,10,,,11,11,,,11,2,11,11,11,11,11,10,11,11,9,7,3,2,3,10,9,10,9,10,11,11,11,7,,11,,,b'\x11\xe8\xe1I\xeb\xfbW\xa6\x9a\xbe\x12\xdf\x17\xaeN\x1e'
11E8E149-EBFB-57A6-9ABE-12DF17AE4E1E,2020-ncaa-d3-natl,ncaa,418,430,198,426,325,431,426,358,437,407,247,436,426,385,436,336,431,428,432,427,433,381,284,437,437,437,405,358,365,207,303,332,427,302,412,426,359,433,431,434,381,405,400,422,,,33,16,,,436,302,249,430,436,436,393,424,227,432,391,436,434,434,421,263,184,364,307,434,427,391,407,,20,,,431,363,423,394,393,431,428,383,99,121,122,54,13,26,20,25,5,353,294,339,256,318,3,30,7,435,427,392,303,426,412,340,109,300,353,358,433,427,259,270,,,410,428,,,436,158,436,388,432,355,414,408,425,430,110,129,11,22,22,375,341,426,390,421,340,300,424,280,,428,,,b'\x11\xe8\xe1I\xeb\xfbW\xa6\x9a\xbe\x12\xdf\x17\xaeN\x1e'
11E8E149-EBFB-57A6-9ABE-12DF17AE4E1E,2022-ncaa-d3-conf-NEWMAC,ncaa,11,11,8,11,8,10,10,10,11,10,9,11,10,10,10,6,11,11,8,11,11,10,10,11,11,11,8,2,11,10,10,10,11,10,11,10,10,10,11,11,10,10,11,11,,,2,1,,,11,10,10,6,11,11,10,11,11,10,10,11,11,11,11,10,10,11,11,11,11,10,11,,1,,,11,11,11,5,11,11,6,11,7,4,11,4,1,1,11,1,1,5,2,11,11,11,1,3,1,5,11,6,10,7,11,11,4,10,11,11,11,11,1,4,,,11,11,,,11,2,11,11,11,11,11,10,11,11,8,5,1,1,1,7,4,5,8,7,10,11,11,2,,11,,,b'\x11\xe8\xe1I\xeb\xfbW\xa6\x9a\xbe\x12\xdf\x17\xaeN\x1e'
11E8E149-EBFB-57A6-9ABE-12DF17AE4E1E,2022-ncaa-d3-natl,ncaa,393,318,405,396,412,418,417,413,420,415,392,424,408,408,393,319,425,425,345,425,429,416,416,424,424,422,376,264,421,394,330,418,389,418,395,419,337,133,406,415,400,324,424,424,,,7,3,,,406,416,370,290,424,422,398,412,243,398,383,428,429,429,421,393,316,425,412,423,381,334,425,,2,,,415,40,139,27,423,240,78,405,29,15,372,50,6,6,359,6,2,16,17,413,397,394,2,65,4,77,389,33,330,41,395,155,170,401,298,379,174,396,28,92,,,422,424,,,406,15,422,397,417,341,400,322,410,392,144,47,6,3,3,199,140,319,302,312,358,310,355,70,,428,,,b'\x11\xe8\xe1I\xeb\xfbW\xa6\x9a\xbe\x12\xdf\x17\xaeN\x1e'
11E8E149-EBFB-57A6-9ABE-12DF17AE4E1E,2023-ncaa-d3-conf-NEWMAC,ncaa,11,11,8,11,9,11,11,10,11,11,11,11,9,3,11,1,11,11,11,11,11,11,10,11,11,11,1,1,11,8,9,11,11,10,11,11,11,11,11,11,11,11,11,11,,,1,1,,,11,10,8,6,11,11,10,11,11,9,1,11,11,11,11,9,7,11,10,11,11,11,11,,1,,,11,11,11,7,11,11,5,11,11,8,10,8,2,2,11,2,2,7,4,11,11,11,4,8,1,11,11,9,9,10,11,11,10,11,11,11,11,11,9,11,,,11,11,,,11,2,11,11,11,11,11,11,11,10,11,11,4,4,4,11,9,11,11,11,11,11,11,10,,11,,,b'\x11\xe8\xe1I\xeb\xfbW\xa6\x9a\xbe\x12\xdf\x17\xaeN\x1e'
11E8E149-EBFB-57A6-9ABE-12DF17AE4E1E,2023-ncaa-d3-natl,ncaa,381,420,109,398,159,406,402,275,422,414,381,419,202,61,406,15,414,418,327,418,416,335,199,418,420,420,37,15,395,267,344,327,413,319,410,406,344,423,417,419,348,393,404,417,,,133,49,,,425,176,222,280,420,419,373,427,417,237,64,426,428,428,412,282,312,410,393,421,410,384,414,,79,,,417,421,424,403,413,419,393,407,374,329,359,232,65,112,13,111,38,395,353,411,375,396,45,241,12,417,413,385,344,415,410,422,393,248,353,409,416,403,374,423,,,373,416,,,425,269,419,416,419,391,406,382,402,381,343,302,39,81,80,366,323,401,349,393,413,292,398,363,,417,,,b'\x11\xe8\xe1I\xeb\xfbW\xa6\x9a\xbe\x12\xdf\x17\xaeN\x1e'
11E8E149-EBFB-57A6-9ABE-12DF17AE4E1E,2024-ncaa-d3-conf-NEWMAC,ncaa,12,12,9,12,9,12,12,12,12,12,11,12,12,12,12,10,12,12,12,12,10,12,10,12,12,12,2,3,2,10,10,12,12,11,12,12,6,12,12,12,12,12,12,12,,,2,2,,,12,10,7,7,12,12,12,12,12,12,12,12,11,11,12,8,9,12,12,12,12,12,12,,3,,,12,7,11,6,12,10,8,12,9,5,9,8,1,2,2,2,1,6,4,12,12,12,3,8,1,12,12,4,10,10,12,11,11,12,12,12,12,12,11,12,,,12,11,,,12,3,12,12,12,12,12,12,12,12,10,9,2,3,3,12,10,12,11,12,12,12,12,12,,12,,,b'\x11\xe8\xe1I\xeb\xfbW\xa6\x9a\xbe\x12\xdf\x17\xaeN\x1e'
11E8E149-EBFB-57A6-9ABE-12DF17AE4E1E,2024-ncaa-d3-natl,ncaa,396,417,200,407,250,414,412,377,419,405,329,420,383,354,402,267,417,413,411,412,406,391,298,417,420,424,307,241,325,272,247,309,362,306,312,364,20,425,423,407,406,417,371,389,,,135,142,,,422,302,283,216,424,422,418,420,360,388,366,423,422,420,422,318,271,330,327,385,419,416,380,,153,,,417,370,391,333,377,367,303,372,368,322,341,267,102,122,102,112,81,306,190,378,352,396,109,271,40,352,362,157,247,255,312,399,352,384,405,412,424,422,283,356,,,404,416,,,422,141,423,401,421,369,381,363,376,323,368,331,97,124,115,347,225,344,172,269,386,407,417,298,,420,,,b'\x11\xe8\xe1I\xeb\xfbW\xa6\x9a\xbe\x12\xdf\x17\xaeN\x1e'
11E8E149-EBFB-57A6-9ABE-12DF17AE4E1E,2025-ncaa-d3-conf-NEWMAC,genius_ncaa,12,12,10,12,12,12,12,11,12,12,11,12,12,8,12,2,12,12,12,12,11,11,10,12,12,12,5,4,6,9,9,11,12,10,12,12,7,12,12,12,11,12,10,11,,,2,2,,1,12,11,6,12,12,12,9,12,9,12,6,12,12,12,10,4,3,11,8,12,12,9,10,,4,,1,12,7,7,5,7,8,7,11,3,6,4,8,5,4,10,4,5,4,3,7,7,11,4,3,5,12,12,10,9,12,12,11,11,12,12,12,12,12,12,12,,,12,12,,10,12,2,12,12,12,12,12,12,11,10,7,10,9,8,8,12,10,12,12,12,12,10,12,12,,12,,10,b'\x11\xe8\xe1I\xeb\xfbW\xa6\x9a\xbe\x12\xdf\x17\xaeN\x1e'
11E8E149-EBFB-57A6-9ABE-12DF17AE4E1E,2025-ncaa-d3-natl,genius_ncaa,359,356,345,360,370,402,403,360,413,399,335,406,397,309,415,211,359,330,362,336,233,366,293,412,411,410,257,347,46,195,219,268,358,242,310,390,193,409,405,404,363,380,215,230,,,140,144,,9,397,310,91,412,407,408,339,403,287,394,260,342,294,299,337,95,115,109,96,394,408,343,181,,242,,9,393,161,191,227,147,240,209,230,113,258,34,235,185,195,179,187,185,221,170,137,128,188,119,129,194,368,358,239,219,319,310,347,395,287,307,353,386,387,291,367,,,294,258,,379,397,110,409,262,396,309,317,374,330,349,197,337,277,288,285,379,355,386,353,374,367,207,391,351,,190,,380,b'\x11\xe8\xe1I\xeb\xfbW\xa6\x9a\xbe\x12\xdf\x17\xaeN\x1e'
11E8E149-EBFB-57A6-9ABE-12DF17AE4E1E,2026-ncaa-d3-natl,genius_ncaa,288,366,42,332,105,246,235,98,386,156,43,377,371,255,408,356,162,59,396,61,211,85,34,397,398,398,376,394,98,27,92,70,241,42,175,252,273,407,393,388,87,217,26,53,,,376,256,,75,374,39,53,379,387,376,234,283,93,401,360,277,133,140,208,46,59,171,98,354,399,169,43,,311,,59,354,334,332,359,191,300,350,113,377,347,360,238,249,314,56,324,204,356,378,228,177,133,298,352,110,347,241,341,92,351,175,366,332,36,107,207,405,378,368,285,,,41,174,,201,374,377,397,152,353,244,238,273,177,247,341,274,133,199,218,265,326,271,260,268,312,72,393,328,,83,,259,b'\x11\xe8\xe1I\xeb\xfbW\xa6\x9a\xbe\x12\xdf\x17\xaeN\x1e'
11E8E149-EBFF-D1A0-9ABE-12DF17AE4E1E,2018-ncaa-d3-conf-Great Northeast,ncaa,8,8,5,8,5,7,7,6,8,9,11,7,6,4,11,5,3,3,3,3,1,5,6,8,8,7,3,5,2,11,11,11,13,12,13,10,11,4,5,10,5,4,11,12,,,5,3,,,10,5,6,1,7,8,7,11,9,7,3,1,3,3,5,7,11,13,12,10,6,4,11,,5,,,10,13,13,11,13,13,12,13,13,9,12,9,3,3,1,3,1,11,10,13,12,11,2,9,1,13,13,12,11,13,13,13,11,6,6,11,10,9,12,12,,,4,4,,,10,10,7,13,9,13,13,13,13,11,13,10,3,3,3,10,10,13,12,12,13,5,9,10,,5,,,b'\x11\xe8\xe1I\xeb\xff\xd1\xa0\x9a\xbe\x12\xdf\x17\xaeN\x1e'
11E8E149-EBFF-D1A0-9ABE-12DF17AE4E1E,2018-ncaa-d3-natl,ncaa,196,223,123,213,155,157,234,138,343,260,242,295,149,62,340,100,17,36,32,34,14,107,102,324,245,232,56,187,5,265,394,171,391,224,403,275,325,240,163,283,97,153,360,397,,,230,66,,,313,78,54,179,167,278,134,313,294,161,64,9,31,32,89,95,311,206,281,325,202,103,383,,191,,,306,424,433,422,360,418,382,376,407,397,316,321,95,147,24,147,66,408,407,370,317,278,128,324,21,426,391,423,394,435,403,427,271,78,149,257,210,137,327,344,,,45,59,,,313,382,266,320,293,392,411,405,393,352,391,388,77,117,115,387,416,405,409,412,395,75,174,313,,26,,,b'\x11\xe8\xe1I\xeb\xff\xd1\xa0\x9a\xbe\x12\xdf\x17\xaeN\x1e'
11E8E149-EC04-3FC4-9ABE-12DF17AE4E1E,2018-ncaa-d3-natl,ncaa,383,88,439,307,439,440,441,440,386,441,441,387,427,435,325,232,434,437,152,437,136,440,440,391,369,370,120,224,33,440,312,439,366,439,349,436,27,5,359,306,441,324,367,176,,,4,26,,,288,440,320,303,392,401,391,393,334,312,295,186,208,204,379,328,271,228,266,280,304,324,108,,28,,,336,4,5,6,206,5,6,175,4,5,207,121,2,2,70,2,2,5,5,179,86,176,12,180,5,6,366,6,312,6,349,4,310,441,364,387,7,339,47,439,,,438,172,,,288,5,372,243,338,182,334,386,363,408,181,166,3,3,3,300,227,377,288,348,343,359,315,435,,260,,,b'\x11\xe8\xe1I\xec\x04?\xc4\x9a\xbe\x12\xdf\x17\xaeN\x1e'
11E8E149-EC04-3FC4-9ABE-12DF17AE4E1E,2019-ncaa-d3-natl,ncaa,375,46,441,242,441,441,441,442,232,441,441,302,430,440,48,234,439,442,254,442,283,442,441,209,230,340,169,131,301,441,331,441,282,442,273,439,223,3,426,395,441,372,442,427,,,3,57,,,280,442,233,35,370,354,412,363,354,215,328,355,369,365,422,305,394,252,356,328,416,360,425,,75,,,352,2,2,2,246,2,2,326,5,4,106,377,3,3,135,3,47,2,2,247,183,238,114,312,32,2,282,2,331,2,273,2,295,442,320,361,4,423,11,404,,,440,149,,,280,2,368,238,347,258,324,369,305,258,317,389,40,44,45,307,259,275,114,166,336,296,417,382,,198,,,b'\x11\xe8\xe1I\xec\x04?\xc4\x9a\xbe\x12\xdf\x17\xaeN\x1e'
11E8E149-EC04-3FC4-9ABE-12DF17AE4E1E,2020-ncaa-d3-conf-ACAA,ncaa,4,3,4,4,4,6,6,6,6,6,6,6,6,4,6,4,5,4,5,4,1,4,4,6,6,6,2,6,1,3,1,6,2,4,2,6,6,3,5,6,6,6,5,4,,,2,6,,,6,6,6,3,6,6,6,6,6,6,4,2,1,1,4,3,1,6,2,6,5,6,4,,4,,,6,1,1,1,5,1,1,5,2,1,5,4,3,3,4,3,5,1,1,6,6,6,6,4,5,1,2,1,1,1,2,1,6,4,3,3,1,3,6,6,,,4,3,,,6,1,6,4,6,2,2,1,2,1,3,1,5,4,4,1,1,1,3,1,2,3,3,6,,1,,,b'\x11\xe8\xe1I\xec\x04?\xc4\x9a\xbe\x12\xdf\x17\xaeN\x1e'
11E8E149-EC04-3FC4-9ABE-12DF17AE4E1E,2020-ncaa-d3-natl,ncaa,379,306,419,374,422,418,422,421,412,430,423,408,353,314,372,116,340,332,303,328,39,419,424,408,396,386,41,133,20,408,384,426,380,423,407,421,275,44,306,374,398,333,393,370,,,53,270,,,367,421,210,277,389,416,333,416,371,246,142,163,116,115,297,268,338,383,383,405,272,323,346,,291,,,379,31,57,19,362,99,36,373,41,38,193,191,57,59,104,51,191,19,21,335,323,341,81,129,143,105,380,74,384,73,407,296,430,406,297,402,176,367,213,412,,,382,85,,,367,15,391,350,384,327,341,295,373,305,221,233,227,256,252,283,257,324,385,363,410,265,356,377,,121,,,b'\x11\xe8\xe1I\xec\x04?\xc4\x9a\xbe\x12\xdf\x17\xaeN\x1e'
11E8E149-EC04-3FC4-9ABE-12DF17AE4E1E,2022-ncaa-d3-conf-C2C,ncaa,6,2,7,6,7,7,7,7,6,7,7,5,6,6,3,1,7,7,6,7,7,7,7,4,6,6,1,1,7,7,7,7,7,7,7,6,1,1,5,3,7,7,7,7,,,1,1,,,6,7,7,2,7,6,7,7,7,1,1,7,7,7,7,7,7,7,7,5,1,7,7,,1,,,7,1,1,1,7,1,1,7,1,1,7,3,1,1,7,1,1,1,1,7,7,7,1,3,1,1,7,1,7,1,7,1,7,7,7,7,1,1,1,1,,,7,7,,,6,1,6,7,7,7,7,6,7,7,6,4,1,1,1,6,1,5,2,3,7,7,1,1,,7,,,b'\x11\xe8\xe1I\xec\x04?\xc4\x9a\xbe\x12\xdf\x17\xaeN\x1e'
11E8E149-EC04-3FC4-9ABE-12DF17AE4E1E,2022-ncaa-d3-natl,ncaa,423,318,417,423,420,421,419,417,405,419,420,399,405,400,402,180,423,422,413,423,411,419,420,404,413,416,313,207,407,425,429,417,418,422,428,421,324,66,408,407,407,354,387,345,,,13,17,,,411,418,109,428,420,417,411,402,366,363,285,424,423,423,422,402,429,338,427,410,382,295,327,,40,,,423,47,97,31,391,64,19,407,304,216,376,417,8,7,62,8,12,20,16,411,394,405,224,415,3,172,418,37,429,57,428,260,386,412,373,417,143,409,1,1,,,421,404,,,411,13,421,415,422,419,417,418,389,318,427,426,12,13,13,404,390,408,407,414,424,287,391,1,,422,,,b'\x11\xe8\xe1I\xec\x04?\xc4\x9a\xbe\x12\xdf\x17\xaeN\x1e'
11E8E149-EC04-3FC4-9ABE-12DF17AE4E1E,2023-ncaa-d3-conf-C2C,ncaa,5,5,5,5,6,6,6,6,5,5,6,4,6,5,5,1,6,6,7,6,3,6,6,5,5,5,5,4,5,6,6,5,6,6,6,6,6,4,6,6,6,7,5,5,,,2,1,,,7,5,3,3,5,5,5,4,7,4,4,7,6,5,5,6,6,4,6,6,6,7,4,,1,,,6,4,4,3,6,5,3,6,4,4,5,4,2,2,6,2,2,3,3,6,6,6,2,5,2,4,6,3,6,3,6,4,6,6,7,7,4,6,3,5,,,6,6,,,7,3,6,7,6,6,6,6,6,7,5,5,3,3,3,6,6,7,6,6,6,7,6,5,,6,,,b'\x11\xe8\xe1I\xec\x04?\xc4\x9a\xbe\x12\xdf\x17\xaeN\x1e'
11E8E149-EC04-3FC4-9ABE-12DF17AE4E1E,2023-ncaa-d3-natl,ncaa,396,325,413,400,414,401,404,408,361,403,411,338,346,313,351,128,374,353,385,351,73,406,412,357,355,344,126,167,129,418,427,400,385,414,415,379,137,40,267,283,397,375,345,344,,,13,9,,,374,406,77,288,335,347,255,349,318,225,130,246,125,125,230,210,417,122,342,281,266,316,269,,24,,,391,86,206,101,353,245,113,365,165,155,204,277,12,15,49,15,12,50,28,336,276,369,33,244,7,258,385,124,427,175,415,347,389,411,408,421,217,382,150,361,,,384,113,,,374,24,364,392,386,399,412,421,411,411,365,392,36,48,43,415,394,402,416,415,420,364,376,343,,116,,,b'\x11\xe8\xe1I\xec\x04?\xc4\x9a\xbe\x12\xdf\x17\xaeN\x1e'
11E8E149-EC04-3FC4-9ABE-12DF17AE4E1E,2024-ncaa-d3-conf-C2C,ncaa,5,2,6,5,6,6,6,6,5,6,6,5,6,6,1,4,6,6,4,6,6,6,6,4,5,5,4,3,6,6,6,6,4,6,6,6,1,1,5,4,6,5,6,1,,,1,1,,,4,6,3,3,5,4,5,5,3,2,5,6,6,6,6,6,6,3,6,1,4,5,1,,1,,,5,1,1,1,5,1,1,6,1,1,4,6,1,1,1,1,1,1,1,5,5,5,2,5,1,1,4,1,6,1,6,2,6,6,5,6,2,6,1,4,,,6,6,,,4,1,5,5,5,5,5,5,5,4,5,6,1,1,1,5,4,5,5,5,6,5,6,4,,6,,,b'\x11\xe8\xe1I\xec\x04?\xc4\x9a\xbe\x12\xdf\x17\xaeN\x1e'
11E8E149-EC04-3FC4-9ABE-12DF17AE4E1E,2024-ncaa-d3-natl,ncaa,299,162,413,253,414,392,392,404,320,400,413,264,250,232,295,54,391,372,391,375,101,404,412,276,305,271,78,71,263,398,397,391,198,401,354,339,65,17,181,176,325,156,302,182,,,13,39,,,214,410,137,421,268,276,174,328,346,118,49,289,206,204,175,216,343,99,224,184,180,143,218,,49,,,214,10,14,18,108,15,13,160,128,134,173,410,10,15,7,15,145,16,16,152,88,74,312,409,51,46,198,81,397,50,354,55,345,346,125,194,60,277,8,60,,,396,182,,,214,18,307,93,218,134,167,254,103,102,365,397,28,83,86,204,261,251,411,375,270,112,278,22,,198,,,b'\x11\xe8\xe1I\xec\x04?\xc4\x9a\xbe\x12\xdf\x17\xaeN\x1e'
11E8E149-EC04-3FC4-9ABE-12DF17AE4E1E,2025-ncaa-d3-conf-C2C,genius_ncaa,5,2,5,5,6,6,6,5,6,6,6,6,6,5,6,1,6,6,4,6,6,6,6,6,6,6,2,1,6,5,5,6,6,6,6,6,6,1,1,3,6,6,5,5,,,1,1,,1,3,6,6,6,6,6,2,6,6,5,1,6,6,6,3,6,4,6,6,6,1,6,4,,1,,1,5,1,1,1,5,2,1,6,1,1,3,4,1,1,3,1,1,1,1,5,5,6,1,2,1,1,6,1,5,1,6,1,5,6,6,6,1,1,1,5,,,6,3,,4,3,1,6,6,6,5,5,3,6,4,5,4,1,1,1,3,1,4,5,5,5,6,1,4,,4,,4,b'\x11\xe8\xe1I\xec\x04?\xc4\x9a\xbe\x12\xdf\x17\xaeN\x1e'
11E8E149-EC04-3FC4-9ABE-12DF17AE4E1E,2025-ncaa-d3-natl,genius_ncaa,326,184,412,299,412,406,410,412,397,413,413,395,342,336,332,84,374,373,330,373,40,412,412,384,376,374,18,72,37,417,416,411,393,415,415,406,289,37,326,373,363,222,406,393,,,7,20,,12,338,412,110,103,380,393,325,407,366,207,112,198,132,127,294,222,406,327,406,383,308,169,391,,48,,22,360,9,31,14,312,42,17,342,65,47,209,313,3,5,3,5,14,10,9,311,221,208,57,293,8,161,393,62,416,80,415,152,371,369,156,316,143,371,37,286,,,377,31,,348,338,8,386,270,362,307,368,367,363,329,321,347,6,23,23,319,344,382,406,401,382,100,361,191,,44,,292,b'\x11\xe8\xe1I\xec\x04?\xc4\x9a\xbe\x12\xdf\x17\xaeN\x1e'
11E8E149-EC08-C7E2-9ABE-12DF17AE4E1E,2018-ncaa-d3-conf-OAC,ncaa,4,3,5,4,7,5,4,4,3,6,8,1,2,2,4,2,8,8,7,8,4,5,7,3,3,4,4,3,10,7,5,2,2,3,2,1,1,4,5,2,6,6,7,6,,,6,6,,,3,7,5,7,4,3,5,6,8,2,2,9,9,9,6,6,7,1,3,1,5,6,7,,5,,,3,2,1,5,2,2,2,2,4,9,1,9,6,6,9,6,7,4,5,2,2,2,8,6,8,3,2,5,5,4,2,5,8,7,7,7,4,4,1,1,,,7,8,,,3,4,4,2,3,3,2,6,2,4,4,9,6,4,4,6,6,3,5,4,5,6,5,1,,9,,,b'\x11\xe8\xe1I\xec\x08\xc7\xe2\x9a\xbe\x12\xdf\x17\xaeN\x1e'
11E8E149-EC08-C7E2-9ABE-12DF17AE4E1E,2018-ncaa-d3-natl,ncaa,151,172,123,165,168,109,120,165,79,214,347,39,22,26,77,24,232,248,180,234,109,171,222,37,53,43,55,34,365,293,323,64,61,143,147,28,4,98,95,18,302,323,227,216,,,330,354,,,145,185,238,207,86,104,189,258,403,19,24,270,292,279,212,301,337,41,153,15,79,334,238,,321,,,144,279,190,297,112,155,168,173,319,393,81,387,390,334,440,328,345,312,248,124,199,284,395,299,386,129,61,244,323,194,147,272,321,336,383,351,74,69,40,79,,,195,180,,,145,271,60,248,136,225,156,240,123,125,287,380,387,306,294,254,173,103,207,166,234,394,62,30,,241,,,b'\x11\xe8\xe1I\xec\x08\xc7\xe2\x9a\xbe\x12\xdf\x17\xaeN\x1e'
11E8E149-EC08-C7E2-9ABE-12DF17AE4E1E,2019-ncaa-d3-conf-OAC,ncaa,6,6,5,6,8,7,4,4,8,8,9,7,2,1,5,1,10,10,8,10,10,5,7,6,8,5,1,1,10,3,3,6,4,6,3,1,1,1,2,1,6,6,3,2,,,6,8,,,5,10,9,10,6,4,1,8,8,1,1,10,10,10,6,7,3,5,4,1,2,7,4,,5,,,5,3,1,1,5,1,1,3,5,4,6,7,8,7,8,7,10,2,1,4,6,6,9,7,9,2,4,4,3,3,3,5,7,5,5,7,1,1,4,6,,,9,9,,,5,1,3,7,5,5,2,2,2,2,6,5,8,8,8,4,2,2,6,5,5,6,1,4,,9,,,b'\x11\xe8\xe1I\xec\x08\xc7\xe2\x9a\xbe\x12\xdf\x17\xaeN\x1e'
11E8E149-EC08-C7E2-9ABE-12DF17AE4E1E,2019-ncaa-d3-natl,ncaa,118,104,129,120,211,115,111,118,133,252,318,167,12,17,24,22,370,397,131,395,375,172,227,51,78,60,31,7,434,110,97,142,50,120,66,61,46,70,57,25,264,261,124,96,,,323,383,,,114,274,359,412,106,92,105,308,376,9,21,399,421,421,185,299,120,139,102,51,49,303,132,,299,,,115,199,126,144,145,68,94,135,369,327,321,365,344,302,392,313,387,167,127,203,254,288,418,387,355,63,50,181,97,124,66,102,119,320,310,224,35,34,191,266,,,272,287,,,114,181,43,234,101,164,110,90,59,47,330,310,322,272,279,111,49,43,135,87,96,368,31,175,,321,,,b'\x11\xe8\xe1I\xec\x08\xc7\xe2\x9a\xbe\x12\xdf\x17\xaeN\x1e'
11E8E149-EC08-C7E2-9ABE-12DF17AE4E1E,2020-ncaa-d3-conf-OAC,ncaa,6,6,5,6,5,4,4,1,7,9,9,6,1,1,7,1,10,10,4,10,9,3,4,6,7,6,2,1,10,1,2,8,6,6,5,2,2,5,3,2,2,3,7,7,,,5,7,,,6,6,4,4,3,4,1,9,8,1,1,9,10,9,2,2,1,9,3,1,5,2,6,,6,,,6,7,7,2,9,7,5,8,2,1,10,2,10,8,10,8,6,4,5,8,10,8,4,2,10,4,6,9,2,7,5,6,4,5,3,4,5,5,9,10,,,8,9,,,6,5,4,8,6,7,7,4,7,7,3,2,9,8,8,4,6,4,8,7,6,4,5,10,,8,,,b'\x11\xe8\xe1I\xec\x08\xc7\xe2\x9a\xbe\x12\xdf\x17\xaeN\x1e'
11E8E149-EC08-C7E2-9ABE-12DF17AE4E1E,2020-ncaa-d3-natl,ncaa,170,198,126,190,173,87,95,58,217,298,334,213,6,6,58,8,319,356,109,358,308,85,106,103,132,88,12,4,419,71,94,288,238,177,209,105,164,119,68,60,176,184,199,219,,,261,258,,,201,155,194,303,65,85,33,340,376,5,8,354,394,398,64,119,68,348,201,102,96,181,208,,257,,,203,404,376,246,395,372,303,347,312,160,419,125,367,304,431,300,235,259,237,389,408,403,223,196,267,183,238,310,94,268,209,223,75,230,260,248,212,168,391,416,,,265,371,,,201,271,60,374,211,351,329,213,334,266,286,136,349,270,266,217,192,153,262,228,198,257,187,381,,334,,,b'\x11\xe8\xe1I\xec\x08\xc7\xe2\x9a\xbe\x12\xdf\x17\xaeN\x1e'
11E8E149-EC08-C7E2-9ABE-12DF17AE4E1E,2021-ncaa-d3-conf-OAC,ncaa,3,2,4,3,4,2,3,5,3,6,7,7,1,2,2,4,1,2,3,2,1,3,4,3,3,3,1,1,4,5,3,5,6,6,4,2,3,7,5,4,2,3,6,9,,,6,3,,,2,4,5,3,3,4,4,6,7,2,3,1,2,2,4,3,3,6,4,2,6,1,6,,5,,,3,7,9,9,7,9,10,8,1,5,5,3,3,3,1,3,1,8,8,6,6,5,1,3,1,8,6,6,3,7,4,7,4,2,3,3,7,6,9,10,,,3,4,,,2,7,2,4,2,5,7,8,8,8,2,3,2,3,3,5,6,5,5,5,6,1,7,10,,4,,,b'\x11\xe8\xe1I\xec\x08\xc7\xe2\x9a\xbe\x12\xdf\x17\xaeN\x1e'
11E8E149-EC08-C7E2-9ABE-12DF17AE4E1E,2021-ncaa-d3-natl,ncaa,35,149,32,88,33,26,33,35,93,56,42,140,11,29,18,91,19,25,60,25,61,31,32,59,43,44,23,45,89,30,68,42,151,37,105,33,135,234,102,95,34,91,84,182,,,249,150,,,55,34,77,56,34,61,72,145,148,22,61,29,44,45,53,65,68,137,91,84,124,78,163,,182,,,83,256,264,258,215,268,261,207,225,229,180,83,207,214,87,212,60,255,252,198,187,168,42,90,57,245,151,240,68,248,105,227,32,41,124,96,230,108,272,250,,,28,78,,,55,253,42,164,80,195,219,213,237,229,124,99,84,104,99,187,200,156,111,131,116,98,123,261,,56,,,b'\x11\xe8\xe1I\xec\x08\xc7\xe2\x9a\xbe\x12\xdf\x17\xaeN\x1e'
11E8E149-EC08-C7E2-9ABE-12DF17AE4E1E,2022-ncaa-d3-conf-OAC,ncaa,6,6,4,6,7,7,5,4,9,7,8,7,5,1,10,1,8,7,9,7,4,4,4,9,9,8,5,3,8,2,1,6,3,4,5,8,9,4,6,8,6,4,7,8,,,4,7,,,6,7,6,6,7,5,3,7,7,4,1,8,6,6,3,3,1,6,3,9,6,6,7,,6,,,6,4,7,4,7,8,7,6,3,2,7,3,3,3,5,3,2,3,2,8,7,6,2,3,2,2,3,7,1,4,5,5,5,7,7,7,4,3,6,8,,,7,8,,,6,4,6,6,6,6,6,5,8,8,3,2,3,4,5,4,3,3,7,5,5,7,4,7,,8,,,b'\x11\xe8\xe1I\xec\x08\xc7\xe2\x9a\xbe\x12\xdf\x17\xaeN\x1e'
11E8E149-EC08-C7E2-9ABE-12DF17AE4E1E,2022-ncaa-d3-natl,ncaa,232,257,188,250,231,237,232,184,324,279,286,254,104,65,304,48,285,283,243,280,206,202,212,282,300,275,103,78,273,74,66,260,62,171,102,301,367,200,199,301,212,183,156,152,,,230,316,,,259,261,292,290,269,276,149,326,340,102,51,307,310,305,186,198,62,306,173,329,200,224,156,,231,,,259,240,264,133,359,298,202,324,144,75,359,71,232,190,364,193,191,129,142,348,357,331,116,119,216,43,62,208,66,126,102,150,73,242,218,197,164,152,324,378,,,260,290,,,259,166,234,280,258,231,244,91,282,206,116,40,234,190,193,90,67,30,204,106,141,266,162,336,,289,,,b'\x11\xe8\xe1I\xec\x08\xc7\xe2\x9a\xbe\x12\xdf\x17\xaeN\x1e'
11E8E149-EC08-C7E2-9ABE-12DF17AE4E1E,2023-ncaa-d3-conf-OAC,ncaa,9,9,7,9,8,8,7,6,9,7,6,8,4,2,7,3,8,9,4,9,8,7,7,9,9,9,4,3,9,5,4,7,5,7,6,5,2,7,7,5,8,8,9,8,,,7,7,,,9,7,2,3,8,7,3,6,6,4,2,8,9,9,4,3,3,4,4,3,8,7,9,,7,,,9,9,6,3,7,4,2,8,9,9,9,8,7,7,8,7,8,4,4,9,9,7,9,9,7,5,5,5,4,5,6,8,9,4,4,7,5,8,6,6,,,8,9,,,9,4,9,7,9,9,7,7,5,3,10,9,7,7,7,8,9,6,9,8,8,3,8,7,,8,,,b'\x11\xe8\xe1I\xec\x08\xc7\xe2\x9a\xbe\x12\xdf\x17\xaeN\x1e'
11E8E149-EC08-C7E2-9ABE-12DF17AE4E1E,2023-ncaa-d3-natl,ncaa,289,325,185,314,198,226,224,110,335,269,238,301,102,56,286,60,292,348,78,339,348,151,182,305,307,270,110,74,336,122,156,267,88,198,168,234,239,135,112,190,236,224,249,208,,,229,274,,,295,216,223,71,231,223,70,284,250,88,39,317,371,370,103,154,99,291,192,238,144,235,256,,246,,,288,324,255,149,334,118,62,309,413,366,416,388,315,268,399,248,356,149,152,380,400,388,416,404,266,53,88,271,156,163,168,237,185,231,220,252,148,136,274,291,,,344,401,,,295,201,249,331,293,314,256,146,124,50,411,361,325,268,258,160,149,55,285,168,235,245,155,286,,387,,,b'\x11\xe8\xe1I\xec\x08\xc7\xe2\x9a\xbe\x12\xdf\x17\xaeN\x1e'
11E8E149-EC08-C7E2-9ABE-12DF17AE4E1E,2024-ncaa-d3-conf-OAC,ncaa,6,7,4,7,6,7,4,3,5,4,7,2,5,3,8,3,9,9,9,9,8,6,6,4,8,8,8,3,9,9,9,8,4,8,6,4,1,5,6,5,4,2,10,8,,,7,8,,,8,4,3,7,7,6,4,5,7,4,2,9,9,9,8,9,9,9,9,3,6,2,10,,7,,,8,8,9,5,8,8,4,9,8,7,7,7,8,7,8,7,8,6,5,8,8,8,7,8,5,3,4,6,9,3,6,8,9,6,5,8,8,7,5,7,,,9,8,,,8,6,8,8,8,8,9,4,7,3,7,7,7,7,7,3,4,3,7,4,8,5,8,4,,8,,,b'\x11\xe8\xe1I\xec\x08\xc7\xe2\x9a\xbe\x12\xdf\x17\xaeN\x1e'
11E8E149-EC08-C7E2-9ABE-12DF17AE4E1E,2024-ncaa-d3-natl,ncaa,251,297,112,276,167,179,163,127,205,222,274,145,63,41,207,34,360,344,350,342,315,154,216,166,208,170,126,51,409,265,312,310,188,302,308,148,145,72,71,82,156,138,326,303,,,268,293,,,248,184,253,220,220,182,123,253,332,65,38,394,379,376,176,291,294,374,366,159,61,166,340,,241,,,248,330,289,186,340,219,85,374,388,375,311,403,300,256,397,259,346,196,186,367,379,366,359,367,240,111,188,330,312,254,308,273,233,232,229,276,84,81,312,346,,,297,344,,,248,223,192,341,253,289,248,126,186,41,373,361,289,227,232,137,121,89,297,203,246,264,74,304,,358,,,b'\x11\xe8\xe1I\xec\x08\xc7\xe2\x9a\xbe\x12\xdf\x17\xaeN\x1e'
11E8E149-EC08-C7E2-9ABE-12DF17AE4E1E,2025-ncaa-d3-conf-OAC,genius_ncaa,7,6,7,7,9,6,3,5,2,4,5,4,5,4,7,4,9,9,6,9,10,7,8,4,5,5,7,3,10,6,4,7,3,7,4,1,1,1,2,1,4,2,3,2,,,4,7,,1,5,10,7,7,5,1,1,1,3,5,2,9,9,9,2,3,2,3,3,1,4,2,3,,4,,1,5,3,2,1,5,1,1,3,8,3,9,6,5,4,6,4,7,1,1,6,6,6,10,10,8,2,3,4,4,2,4,4,8,8,2,4,3,3,1,1,,,9,10,,5,5,1,5,5,5,5,4,3,2,3,8,5,5,4,4,3,3,2,6,4,5,4,3,2,,9,,5,b'\x11\xe8\xe1I\xec\x08\xc7\xe2\x9a\xbe\x12\xdf\x17\xaeN\x1e'
11E8E149-EC08-C7E2-9ABE-12DF17AE4E1E,2025-ncaa-d3-natl,genius_ncaa,217,215,192,221,284,179,143,129,167,177,224,135,89,72,174,72,364,383,213,383,396,174,244,141,184,127,203,84,411,126,103,283,67,218,101,79,48,40,49,22,130,80,91,26,,,209,322,,180,113,292,309,382,156,98,73,160,208,71,59,389,400,401,118,230,102,286,186,53,49,115,81,,228,,188,111,89,56,42,173,24,32,99,341,238,401,356,226,205,303,198,353,49,80,263,287,224,412,399,292,29,67,156,103,73,101,146,300,173,93,150,40,47,190,208,,,372,392,,138,113,110,106,161,116,110,66,35,22,19,337,240,246,213,202,40,58,40,169,91,160,147,50,202,,400,,143,b'\x11\xe8\xe1I\xec\x08\xc7\xe2\x9a\xbe\x12\xdf\x17\xaeN\x1e'
11E8E149-EC08-C7E2-9ABE-12DF17AE4E1E,2026-ncaa-d3-conf-OAC,genius_ncaa,6,9,1,6,1,3,2,2,3,1,1,3,6,3,7,7,6,4,9,4,9,3,3,3,4,8,9,7,9,1,5,3,3,2,3,3,9,8,9,9,2,3,3,6,,,8,8,,8,6,3,6,1,9,3,8,2,5,7,8,9,9,9,9,9,4,7,6,8,6,3,6,,5,,5,6,8,7,7,6,7,7,6,7,6,6,4,7,8,5,8,5,7,7,7,7,6,5,5,4,6,3,8,5,8,3,8,7,1,2,3,9,8,3,1,,,3,4,,1,6,7,7,4,7,4,3,2,3,4,5,3,4,3,3,2,3,2,3,3,6,1,8,1,,5,,1,b'\x11\xe8\xe1I\xec\x08\xc7\xe2\x9a\xbe\x12\xdf\x17\xaeN\x1e'
11E8E149-EC08-C7E2-9ABE-12DF17AE4E1E,2026-ncaa-d3-natl,genius_ncaa,13,132,8,111,21,11,8,22,57,4,19,56,127,126,193,314,26,33,115,42,223,23,31,88,75,69,323,324,198,54,106,30,15,26,36,13,123,300,116,61,29,60,45,54,,,371,264,,156,27,31,209,113,75,71,157,45,103,253,283,105,144,167,148,209,180,179,179,55,114,87,119,,191,,99,56,327,308,332,170,282,259,253,340,384,125,367,334,290,377,288,255,333,374,201,227,128,311,296,258,117,15,309,106,254,36,327,265,22,54,99,333,213,276,132,,,32,140,,24,27,389,67,79,51,87,85,59,72,32,217,281,183,113,99,45,99,16,71,33,162,85,204,152,,147,,72,b'\x11\xe8\xe1I\xec\x08\xc7\xe2\x9a\xbe\x12\xdf\x17\xaeN\x1e'
11E8E149-EC0D-41FA-9ABE-12DF17AE4E1E,2018-ncaa-d3-conf-HCAC,ncaa,6,8,5,8,5,5,6,6,8,9,7,9,2,2,3,2,8,9,4,9,7,6,9,5,6,5,3,2,10,10,10,7,9,9,9,6,4,3,3,5,5,5,6,6,,,5,5,,,7,6,7,1,6,8,6,9,8,2,3,8,10,10,8,8,10,9,9,7,4,5,6,,7,,,7,7,6,7,6,6,6,9,6,8,2,8,7,8,3,8,8,8,9,6,6,7,6,3,6,10,9,10,10,10,9,7,8,7,7,6,6,7,3,6,,,9,8,,,7,5,6,7,7,7,6,7,6,6,5,9,8,8,8,7,7,10,9,10,7,7,6,4,,10,,,b'\x11\xe8\xe1I\xec\rA\xfa\x9a\xbe\x12\xdf\x17\xaeN\x1e'
11E8E149-EC0D-41FA-9ABE-12DF17AE4E1E,2018-ncaa-d3-natl,ncaa,280,309,197,292,207,281,293,264,313,365,333,355,75,102,83,68,321,367,103,373,312,297,315,248,251,238,41,35,325,391,420,370,404,392,425,266,202,118,179,216,92,81,324,315,,,165,168,,,294,276,314,36,293,315,254,385,360,66,86,343,387,391,310,358,407,415,428,276,126,78,329,,168,,,292,230,231,143,314,260,151,371,168,223,108,245,282,263,317,266,314,157,206,304,318,261,173,141,289,360,404,355,420,374,425,277,276,140,120,200,230,284,157,237,,,364,354,,,294,161,285,296,295,250,245,165,275,167,183,225,308,271,275,177,237,353,361,369,282,121,239,162,,400,,,b'\x11\xe8\xe1I\xec\rA\xfa\x9a\xbe\x12\xdf\x17\xaeN\x1e'
11E8E149-EC0D-41FA-9ABE-12DF17AE4E1E,2019-ncaa-d3-conf-HCAC,ncaa,4,4,5,4,5,7,7,9,8,10,10,9,2,2,2,2,9,10,5,10,4,9,10,7,8,4,1,2,9,10,10,9,10,10,10,9,6,2,2,4,3,4,8,6,,,2,2,,,8,8,9,6,9,9,8,10,9,2,2,10,9,9,8,9,10,10,10,9,2,3,7,,3,,,8,8,8,6,9,5,3,10,9,9,6,10,5,3,10,3,5,3,3,10,10,10,6,8,4,9,10,9,10,9,10,10,10,4,4,8,3,4,4,6,,,9,8,,,8,3,6,10,9,7,8,5,7,3,8,9,5,4,4,4,4,9,9,9,10,5,4,4,,9,,,b'\x11\xe8\xe1I\xec\rA\xfa\x9a\xbe\x12\xdf\x17\xaeN\x1e'
11E8E149-EC0D-41FA-9ABE-12DF17AE4E1E,2019-ncaa-d3-natl,ncaa,187,185,215,187,244,270,315,344,263,397,407,292,49,67,61,30,253,294,112,281,60,350,387,162,153,115,12,20,214,426,432,395,390,416,427,295,230,21,68,134,150,102,297,239,,,65,76,,,302,350,395,148,287,346,384,417,433,28,54,242,291,278,391,433,435,428,438,316,23,135,301,,54,,,297,244,273,136,370,190,54,412,395,396,290,423,106,65,428,64,163,104,104,402,399,376,320,398,89,278,390,270,432,278,427,376,399,246,192,357,63,159,93,271,,,325,165,,,302,90,193,392,301,277,294,161,211,42,398,398,119,70,68,110,98,296,301,305,374,241,74,96,,339,,,b'\x11\xe8\xe1I\xec\rA\xfa\x9a\xbe\x12\xdf\x17\xaeN\x1e'
11E8E149-EC0D-41FA-9ABE-12DF17AE4E1E,2020-ncaa-d3-conf-HCAC,ncaa,7,4,7,7,7,7,8,8,6,10,10,5,2,3,4,2,8,10,4,10,2,8,9,4,4,5,1,1,5,10,10,6,9,9,8,6,5,5,7,7,6,6,9,9,,,1,2,,,6,8,7,1,5,6,8,10,10,2,3,7,9,9,8,9,10,4,8,6,7,6,9,,2,,,6,4,5,5,4,2,2,5,10,10,9,10,2,2,1,2,3,3,4,6,5,6,10,10,1,9,9,6,10,6,8,9,10,7,7,9,6,6,1,5,,,10,7,,,6,3,6,7,6,7,8,9,4,3,10,10,2,3,3,8,7,9,7,9,10,7,6,1,,10,,,b'\x11\xe8\xe1I\xec\rA\xfa\x9a\xbe\x12\xdf\x17\xaeN\x1e'
11E8E149-EC0D-41FA-9ABE-12DF17AE4E1E,2020-ncaa-d3-natl,ncaa,324,345,198,337,204,347,378,372,367,415,421,369,99,68,203,15,265,318,99,314,37,376,382,306,283,297,6,15,116,399,410,329,386,383,398,335,142,159,304,310,285,272,374,363,,,123,165,,,334,370,419,28,379,403,410,431,432,80,55,264,332,327,410,423,413,359,409,354,181,290,381,,125,,,333,160,178,172,211,84,89,165,393,371,375,400,63,64,179,61,133,132,102,270,231,271,373,413,72,345,386,248,410,310,398,311,370,301,276,336,176,278,163,371,,,306,152,,,334,64,330,316,338,196,213,214,102,94,386,361,65,61,61,170,118,349,266,310,310,303,186,179,,323,,,b'\x11\xe8\xe1I\xec\rA\xfa\x9a\xbe\x12\xdf\x17\xaeN\x1e'
11E8E149-EC0D-41FA-9ABE-12DF17AE4E1E,2021-ncaa-d3-conf-HCAC,ncaa,4,1,8,2,8,7,7,7,7,8,8,10,3,4,1,1,8,8,3,8,4,8,8,3,4,5,1,1,10,7,7,8,10,8,10,6,2,3,6,4,5,3,6,5,,,4,1,,,5,8,2,1,3,4,3,10,9,1,1,8,7,7,4,2,6,6,5,2,6,3,3,,6,,,5,3,3,3,5,3,3,9,3,3,1,8,4,4,7,4,9,3,4,2,4,2,4,2,9,6,10,4,7,5,10,3,4,6,3,3,3,5,3,7,,,8,9,,,5,3,4,8,5,8,7,10,8,8,5,10,9,9,9,10,10,10,10,10,6,2,6,3,,8,,,b'\x11\xe8\xe1I\xec\rA\xfa\x9a\xbe\x12\xdf\x17\xaeN\x1e'
11E8E149-EC0D-41FA-9ABE-12DF17AE4E1E,2021-ncaa-d3-natl,ncaa,63,92,112,77,115,118,129,117,175,175,176,222,26,46,36,10,146,152,86,146,101,120,120,103,114,133,4,3,217,114,164,156,264,142,239,92,29,163,158,98,73,75,96,84,,,170,121,,,114,125,144,32,121,148,112,259,268,8,14,189,215,206,126,118,139,224,206,68,161,55,92,,164,,,123,150,149,165,102,165,150,187,127,181,21,202,193,197,145,197,225,169,171,89,102,86,126,69,218,236,264,179,164,201,239,153,138,86,87,85,154,151,139,202,,,134,180,,,114,160,131,135,127,137,124,160,146,111,82,215,219,217,218,181,216,255,183,237,138,70,146,136,,169,,,b'\x11\xe8\xe1I\xec\rA\xfa\x9a\xbe\x12\xdf\x17\xaeN\x1e'
11E8E149-EC0D-41FA-9ABE-12DF17AE4E1E,2022-ncaa-d3-conf-HCAC,ncaa,9,6,9,9,9,8,8,9,8,10,10,5,3,3,6,1,8,8,8,8,1,9,9,6,6,7,1,1,6,9,7,8,8,8,8,9,9,3,6,9,7,5,8,8,,,1,1,,,9,9,6,1,8,8,6,10,10,2,1,8,7,8,7,7,7,8,8,9,6,6,8,,2,,,9,6,6,5,9,4,2,9,10,9,10,10,2,2,9,2,3,4,3,10,10,10,9,10,1,7,8,5,7,5,8,10,10,10,7,10,3,6,2,10,,,9,7,,,9,2,7,10,9,9,10,8,7,2,10,10,3,2,2,8,6,8,9,9,10,6,7,2,,9,,,b'\x11\xe8\xe1I\xec\rA\xfa\x9a\xbe\x12\xdf\x17\xaeN\x1e'
11E8E149-EC0D-41FA-9ABE-12DF17AE4E1E,2022-ncaa-d3-natl,ncaa,302,257,345,293,346,284,326,330,305,401,416,193,53,36,194,6,285,283,243,283,8,333,351,199,208,187,6,7,205,368,386,380,336,383,393,324,282,60,147,234,224,163,340,310,,,37,38,,,351,337,177,16,181,274,174,400,421,18,13,188,157,159,172,221,347,388,383,281,140,146,329,,48,,,350,309,327,119,419,160,43,408,427,373,428,425,57,35,372,34,141,88,89,427,426,420,397,429,22,127,336,246,386,195,393,410,426,303,254,407,83,184,88,332,,,338,226,,,351,87,222,410,353,402,395,327,296,89,429,423,109,62,63,286,278,255,389,354,423,220,186,147,,231,,,b'\x11\xe8\xe1I\xec\rA\xfa\x9a\xbe\x12\xdf\x17\xaeN\x1e'
11E8E149-EC0D-41FA-9ABE-12DF17AE4E1E,2023-ncaa-d3-conf-HCAC,ncaa,3,4,2,3,3,4,4,2,8,4,2,8,5,3,7,5,2,4,4,4,4,2,1,8,7,7,5,6,2,2,3,5,3,4,3,6,8,10,9,9,1,2,2,6,,,10,9,,,4,1,1,6,4,5,1,5,5,5,4,2,5,4,2,1,2,6,4,7,9,1,3,,8,,,4,7,9,7,6,10,10,8,2,2,2,1,9,8,9,8,6,8,9,5,6,4,1,1,9,3,3,6,3,6,3,3,1,2,2,1,10,8,5,5,,,2,7,,,4,10,6,3,5,5,5,3,10,10,1,1,8,7,7,5,7,3,6,3,2,1,9,5,,3,,,b'\x11\xe8\xe1I\xec\rA\xfa\x9a\xbe\x12\xdf\x17\xaeN\x1e'
11E8E149-EC0D-41FA-9ABE-12DF17AE4E1E,2023-ncaa-d3-natl,ncaa,171,171,185,178,240,172,220,195,253,238,225,246,135,132,173,152,76,122,50,113,92,179,130,222,186,234,91,154,78,184,224,239,245,207,251,258,292,341,303,318,58,63,109,136,,,368,363,,,228,121,72,288,149,213,156,256,240,127,125,58,98,94,138,85,177,235,213,270,326,50,100,,387,,,228,298,282,207,301,365,337,285,52,56,115,37,361,343,344,339,268,239,294,248,290,207,66,19,347,228,245,271,224,263,251,143,65,87,93,78,350,307,141,161,,,103,122,,,228,313,243,197,226,292,285,231,351,353,45,49,372,357,352,260,326,225,285,264,160,73,339,137,,62,,,b'\x11\xe8\xe1I\xec\rA\xfa\x9a\xbe\x12\xdf\x17\xaeN\x1e'
11E8E149-EC0D-41FA-9ABE-12DF17AE4E1E,2024-ncaa-d3-conf-HCAC,ncaa,2,3,1,3,1,3,3,1,4,3,3,4,3,3,6,6,4,4,4,5,9,1,1,5,4,5,6,6,7,2,3,1,4,1,5,4,8,9,6,5,1,4,1,2,,,10,9,,,3,1,3,3,5,5,3,4,5,5,3,6,8,8,4,3,3,3,1,4,7,4,1,,8,,,3,5,4,9,2,6,10,2,3,2,4,1,10,10,3,10,7,9,10,2,3,3,6,1,10,8,4,9,3,8,5,1,1,2,2,1,5,4,2,1,,,2,7,,,3,10,4,3,3,3,2,4,2,8,2,1,8,8,8,5,5,5,6,6,1,2,4,2,,6,,,b'\x11\xe8\xe1I\xec\rA\xfa\x9a\xbe\x12\xdf\x17\xaeN\x1e'
11E8E149-EC0D-41FA-9ABE-12DF17AE4E1E,2024-ncaa-d3-natl,ncaa,42,45,38,48,46,67,86,62,161,92,88,124,133,95,234,183,42,66,71,73,161,63,57,162,140,138,200,234,139,73,131,46,126,54,116,109,232,328,203,190,48,82,18,33,,,405,369,,,110,46,145,182,107,133,126,137,182,191,152,73,131,148,119,129,128,103,98,170,235,84,22,,365,,,115,309,228,320,103,268,374,68,137,114,244,40,412,407,270,406,331,363,382,87,127,94,262,82,398,257,126,343,131,319,116,62,10,52,94,20,279,164,120,62,,,47,148,,,110,387,135,87,114,144,105,135,153,260,71,39,372,372,367,180,258,157,191,172,25,94,188,67,,108,,,b'\x11\xe8\xe1I\xec\rA\xfa\x9a\xbe\x12\xdf\x17\xaeN\x1e'
11E8E149-EC0D-41FA-9ABE-12DF17AE4E1E,2025-ncaa-d3-conf-HCAC,genius_ncaa,2,2,1,2,1,2,2,1,2,2,2,4,3,4,3,5,1,2,3,2,6,1,1,3,3,3,5,5,8,1,2,2,5,1,3,2,5,9,6,6,3,5,1,1,,,10,8,,6,3,1,5,2,3,2,4,3,5,4,5,6,7,7,4,4,2,3,2,2,8,4,1,,7,,5,3,8,7,9,3,8,9,2,2,2,4,1,9,10,2,10,8,9,9,3,3,2,5,2,10,9,5,6,2,9,3,1,1,4,4,1,8,6,1,1,,,1,4,,3,3,10,3,2,3,2,2,5,4,9,2,2,7,10,10,6,7,8,4,5,1,4,7,1,,2,,4,b'\x11\xe8\xe1I\xec\rA\xfa\x9a\xbe\x12\xdf\x17\xaeN\x1e'
11E8E149-EC0D-41FA-9ABE-12DF17AE4E1E,2025-ncaa-d3-natl,genius_ncaa,57,75,36,74,38,65,65,74,75,56,54,143,155,237,58,324,55,106,35,102,249,71,73,98,83,92,263,273,186,118,152,46,177,57,133,99,259,246,152,157,168,253,4,16,,,358,276,,201,138,61,237,29,97,103,162,85,106,219,314,105,180,181,161,212,194,88,128,159,166,246,3,,277,,165,144,368,345,385,158,371,406,116,137,125,197,28,388,391,243,389,244,398,366,134,149,225,122,49,330,317,177,293,152,314,133,130,21,199,319,155,256,184,168,74,,,79,167,,138,138,364,96,224,133,217,208,247,273,355,74,50,341,337,336,274,225,228,128,165,63,303,181,103,,174,,200,b'\x11\xe8\xe1I\xec\rA\xfa\x9a\xbe\x12\xdf\x17\xaeN\x1e'
11E8E149-EC0D-41FA-9ABE-12DF17AE4E1E,2026-ncaa-d3-conf-HCAC,genius_ncaa,4,4,1,4,3,8,8,9,1,3,6,3,8,9,8,8,10,10,6,10,9,10,10,3,5,5,9,8,10,9,7,6,5,8,5,6,2,2,4,2,8,8,4,3,,,8,10,,4,5,10,10,3,8,8,9,3,6,8,9,10,10,10,10,10,9,6,8,6,2,8,4,,8,,4,5,2,1,2,1,1,2,1,4,5,4,5,9,9,2,9,10,3,2,2,2,5,9,6,9,4,5,3,7,3,5,1,1,8,8,3,2,2,5,4,,,10,6,,7,5,1,6,5,5,2,1,2,1,2,4,5,9,9,9,3,2,4,3,3,1,8,2,5,,10,,7,b'\x11\xe8\xe1I\xec\rA\xfa\x9a\xbe\x12\xdf\x17\xaeN\x1e'
11E8E149-EC0D-41FA-9ABE-12DF17AE4E1E,2026-ncaa-d3-natl,genius_ncaa,225,200,215,240,326,239,207,263,121,161,236,68,295,269,314,250,300,298,257,302,309,284,285,154,177,185,368,320,304,239,134,276,313,278,221,181,151,152,211,147,233,208,26,6,,,254,351,,156,154,288,227,412,196,133,196,89,167,304,249,288,276,285,231,239,193,242,234,116,190,188,7,,354,,190,155,110,89,129,60,74,95,100,187,243,102,334,201,276,34,271,373,147,151,75,71,79,349,303,329,244,313,114,134,148,221,99,204,220,167,107,190,248,151,176,,,264,206,,123,154,129,185,114,148,109,72,166,61,89,233,320,266,352,350,201,232,307,103,204,112,144,222,175,,225,,104,b'\x11\xe8\xe1I\xec\rA\xfa\x9a\xbe\x12\xdf\x17\xaeN\x1e'
11E8E149-EC11-AC40-9ABE-12DF17AE4E1E,2018-ncaa-d3-conf-Skyline,ncaa,1,1,1,1,3,3,3,3,2,2,3,3,6,6,6,6,1,2,4,2,3,3,4,5,3,2,7,7,2,2,2,2,2,2,2,3,6,2,2,2,6,5,2,2,,,4,5,,,2,9,10,6,3,3,5,2,4,6,6,1,2,2,3,8,2,2,2,3,2,7,2,,3,,,2,1,1,1,1,1,1,1,9,9,5,10,3,3,2,3,8,1,1,1,1,1,10,10,8,2,2,2,2,2,2,1,8,4,4,3,3,2,1,1,,,2,1,,,2,2,1,2,1,1,1,1,1,1,8,9,3,3,3,1,1,2,2,2,1,7,2,1,,2,,,b'\x11\xe8\xe1I\xec\x11\xac@\x9a\xbe\x12\xdf\x17\xaeN\x1e'
11E8E149-EC11-AC40-9ABE-12DF17AE4E1E,2018-ncaa-d3-natl,ncaa,52,49,68,54,107,107,70,65,131,31,36,106,316,289,344,363,165,145,239,147,341,68,76,193,203,177,404,389,303,14,4,29,106,9,8,100,226,240,125,122,149,164,55,19,,,158,109,,,21,153,321,303,128,79,84,27,50,358,340,211,194,199,91,121,15,21,8,112,167,185,71,,70,,,17,38,19,253,2,8,56,2,416,435,121,440,112,118,143,118,267,219,293,4,3,8,444,444,263,301,106,100,4,155,8,67,330,105,108,55,176,97,87,17,,,111,232,,,21,281,74,9,20,9,5,129,1,10,383,432,67,78,77,98,120,207,36,82,45,140,111,49,,167,,,b'\x11\xe8\xe1I\xec\x11\xac@\x9a\xbe\x12\xdf\x17\xaeN\x1e'
11E8E149-EC11-AC40-9ABE-12DF17AE4E1E,2019-ncaa-d3-conf-Skyline,ncaa,1,1,1,1,2,3,2,5,2,2,5,1,4,4,2,6,4,5,3,5,6,5,6,1,1,1,7,6,7,3,3,3,1,3,2,3,5,3,3,2,4,2,4,4,,,3,6,,,1,7,9,3,3,3,6,2,5,4,6,5,7,7,7,9,4,3,4,3,3,5,4,,2,,,1,2,1,1,1,1,1,1,8,10,4,10,2,2,8,2,4,1,1,2,2,2,10,10,5,1,1,2,3,2,2,3,8,4,2,3,2,2,3,3,,,2,2,,,1,4,1,2,1,2,1,1,1,1,8,9,2,2,2,1,1,1,2,1,2,5,2,3,,5,,,b'\x11\xe8\xe1I\xec\x11\xac@\x9a\xbe\x12\xdf\x17\xaeN\x1e'
11E8E149-EC11-AC40-9ABE-12DF17AE4E1E,2019-ncaa-d3-natl,ncaa,24,46,20,47,36,68,47,30,151,38,31,150,142,121,217,271,235,176,353,178,363,35,34,174,218,178,348,258,383,15,26,5,76,5,27,92,283,281,111,135,125,195,167,168,,,162,58,,,37,71,343,291,166,108,95,87,108,236,235,336,298,303,131,180,36,9,17,159,129,213,231,,41,,,46,115,119,413,6,29,204,5,426,441,71,434,52,53,108,59,65,383,386,10,4,13,428,442,62,346,76,302,26,336,27,240,355,113,202,147,229,103,183,67,,,127,326,,,37,372,107,20,39,17,25,228,2,40,375,429,12,16,20,129,117,202,98,129,113,240,116,94,,303,,,b'\x11\xe8\xe1I\xec\x11\xac@\x9a\xbe\x12\xdf\x17\xaeN\x1e'
11E8E149-EC11-AC40-9ABE-12DF17AE4E1E,2020-ncaa-d3-conf-Skyline,ncaa,2,1,3,2,4,3,3,3,2,6,7,2,3,2,3,3,8,8,6,8,5,4,5,2,2,2,5,2,8,6,7,4,2,5,5,4,3,3,3,1,1,1,7,8,,,6,6,,,2,4,4,5,2,2,2,5,6,2,3,9,8,8,4,5,6,4,6,3,4,1,7,,6,,,2,3,3,1,5,4,5,5,1,1,4,2,2,4,6,4,4,1,7,4,4,3,3,2,6,1,2,7,7,4,5,1,1,1,1,1,4,4,4,7,,,9,8,,,2,9,2,2,2,3,4,2,5,5,2,1,2,3,3,2,5,2,6,4,2,1,5,4,,9,,,b'\x11\xe8\xe1I\xec\x11\xac@\x9a\xbe\x12\xdf\x17\xaeN\x1e'
11E8E149-EC11-AC40-9ABE-12DF17AE4E1E,2020-ncaa-d3-natl,ncaa,61,31,198,42,280,156,136,101,212,213,282,113,43,24,219,27,328,315,300,305,272,130,174,158,193,155,119,46,406,165,256,164,131,163,229,118,127,85,62,52,44,34,286,299,,,96,65,,,45,175,88,303,96,87,37,196,292,34,18,339,326,314,48,112,142,104,114,77,93,38,288,,82,,,32,33,58,133,65,102,241,54,41,53,111,75,59,71,91,67,67,95,230,43,31,13,79,126,145,156,131,374,256,304,229,15,12,33,20,5,133,114,148,187,,,359,416,,,45,266,150,12,35,34,82,161,129,279,47,57,55,67,65,121,283,174,369,307,14,25,140,157,,384,,,b'\x11\xe8\xe1I\xec\x11\xac@\x9a\xbe\x12\xdf\x17\xaeN\x1e'
11E8E149-EC11-AC40-9ABE-12DF17AE4E1E,2022-ncaa-d3-conf-Skyline,ncaa,1,1,1,1,2,1,1,1,1,4,5,1,1,2,1,2,5,6,6,5,5,1,1,1,1,1,4,2,11,4,4,3,3,3,4,2,3,1,1,1,1,1,7,7,,,7,6,,,1,2,5,6,1,1,3,4,8,2,2,5,6,6,3,4,5,5,5,2,1,1,8,,7,,,1,4,4,4,4,4,8,1,3,2,10,2,5,5,11,5,3,4,7,3,4,2,5,5,6,3,3,7,4,4,4,2,1,1,1,1,1,1,5,4,,,2,5,,,1,10,1,2,1,4,4,3,4,4,2,1,4,3,3,3,4,3,5,4,1,1,1,4,,4,,,b'\x11\xe8\xe1I\xec\x11\xac@\x9a\xbe\x12\xdf\x17\xaeN\x1e'
11E8E149-EC11-AC40-9ABE-12DF17AE4E1E,2022-ncaa-d3-natl,ncaa,16,21,13,21,21,11,13,4,124,30,38,78,18,14,130,64,187,127,330,123,305,6,7,91,125,94,166,65,416,17,177,21,115,13,180,34,249,262,38,64,19,43,196,291,,,379,146,,,25,10,44,221,28,18,11,70,145,35,27,313,269,266,16,39,65,67,46,68,112,32,272,,219,,,29,351,361,405,126,365,417,62,272,212,329,63,259,267,209,270,66,406,420,113,100,48,152,184,160,331,115,419,177,413,180,210,48,12,23,11,180,26,240,121,,,51,325,,,25,420,74,37,42,121,156,228,185,332,126,58,117,113,116,191,341,170,375,311,71,25,64,141,,205,,,b'\x11\xe8\xe1I\xec\x11\xac@\x9a\xbe\x12\xdf\x17\xaeN\x1e'
11E8E149-EC11-AC40-9ABE-12DF17AE4E1E,2023-ncaa-d3-conf-Skyline,ncaa,3,3,1,3,2,1,1,1,2,2,3,1,1,1,1,1,4,4,2,4,7,1,1,1,1,1,4,2,10,3,4,5,2,4,3,1,5,2,2,2,1,1,8,8,,,8,8,,,1,2,3,4,1,1,1,2,3,1,1,5,6,6,1,1,4,9,5,1,2,1,9,,6,,,1,3,4,1,6,4,4,6,2,2,4,4,5,8,1,8,9,3,9,4,5,2,6,4,9,2,2,7,4,5,3,3,3,1,1,1,1,1,6,6,,,3,8,,,1,10,2,2,1,3,3,1,4,3,2,2,3,6,6,2,4,2,6,4,3,1,1,6,,3,,,b'\x11\xe8\xe1I\xec\x11\xac@\x9a\xbe\x12\xdf\x17\xaeN\x1e'
11E8E149-EC11-AC40-9ABE-12DF17AE4E1E,2023-ncaa-d3-natl,ncaa,67,43,185,57,214,69,58,49,131,112,166,69,42,22,182,43,247,263,223,253,287,64,97,101,126,81,150,72,403,100,208,163,158,132,226,45,79,63,23,13,24,15,345,357,,,212,143,,,17,102,56,164,26,21,9,79,152,29,17,251,271,263,16,45,84,132,86,16,71,17,365,,231,,,9,44,54,109,65,92,179,65,59,88,62,117,102,198,7,192,209,113,304,47,34,3,120,126,213,186,158,376,208,324,226,89,197,14,7,7,39,10,192,171,,,222,331,,,17,328,70,3,14,40,59,99,99,175,53,78,90,199,195,95,333,177,376,325,103,7,39,192,,211,,,b'\x11\xe8\xe1I\xec\x11\xac@\x9a\xbe\x12\xdf\x17\xaeN\x1e'
11E8E149-EC11-AC40-9ABE-12DF17AE4E1E,2024-ncaa-d3-conf-Skyline,ncaa,3,2,4,2,4,3,3,5,2,4,8,1,1,3,1,3,5,7,1,7,5,5,7,1,1,1,3,2,10,5,3,6,2,6,3,2,3,2,3,2,4,4,7,7,,,3,4,,,2,8,10,3,1,3,4,4,8,2,3,4,8,8,5,9,3,7,6,2,1,5,7,,2,,,2,2,3,2,5,5,5,4,1,1,3,1,1,1,2,1,2,2,2,3,3,2,2,1,3,2,2,1,3,1,3,2,1,5,4,2,2,3,3,5,,,7,7,,,2,3,1,2,2,2,5,5,5,5,1,1,1,1,1,3,2,2,1,1,2,6,2,5,,7,,,b'\x11\xe8\xe1I\xec\x11\xac@\x9a\xbe\x12\xdf\x17\xaeN\x1e'
11E8E149-EC11-AC40-9ABE-12DF17AE4E1E,2024-ncaa-d3-natl,ncaa,89,115,63,109,74,110,113,64,214,141,144,181,83,51,218,88,152,228,49,231,292,76,82,191,187,169,151,130,276,73,106,59,142,61,104,84,84,224,133,111,99,135,207,273,,,83,33,,,54,89,183,171,136,145,77,190,205,100,62,207,297,298,101,136,92,71,70,94,163,130,241,,26,,,53,94,192,354,37,274,384,46,60,153,14,100,24,38,25,35,11,312,334,25,10,21,24,84,47,265,142,299,106,289,104,72,20,88,138,41,224,140,283,240,,,207,348,,,54,336,144,21,58,42,115,275,195,341,34,94,7,13,13,182,231,204,180,187,38,134,160,231,,308,,,b'\x11\xe8\xe1I\xec\x11\xac@\x9a\xbe\x12\xdf\x17\xaeN\x1e'
11E8E149-EC11-AC40-9ABE-12DF17AE4E1E,2025-ncaa-d3-conf-Skyline,genius_ncaa,2,2,1,2,1,1,1,2,1,2,4,1,2,2,5,5,5,6,2,6,8,2,4,1,1,1,8,7,11,4,2,4,2,4,2,1,1,1,1,1,4,3,5,5,,,6,6,,6,1,4,11,2,1,1,2,2,4,3,3,6,8,8,4,6,4,5,5,1,1,4,6,,4,,4,1,3,4,3,4,4,8,4,3,3,5,2,2,2,3,3,3,2,3,4,3,2,4,5,5,2,2,2,2,2,2,3,2,4,3,3,3,4,4,3,,,3,4,,5,1,8,1,2,1,2,3,3,4,5,2,1,2,2,2,1,1,2,2,2,3,5,3,3,,4,,6,b'\x11\xe8\xe1I\xec\x11\xac@\x9a\xbe\x12\xdf\x17\xaeN\x1e'
11E8E149-EC11-AC40-9ABE-12DF17AE4E1E,2025-ncaa-d3-natl,genius_ncaa,102,155,36,140,36,63,42,29,118,39,62,61,108,58,276,138,268,291,146,287,391,40,44,130,155,142,331,208,401,20,21,48,90,24,31,5,6,259,124,24,59,69,182,210,,,251,162,,388,31,59,274,3,96,50,50,50,126,156,95,344,371,368,82,113,29,96,39,6,171,80,230,,143,,376,36,102,125,269,49,151,270,64,137,244,54,206,116,143,75,145,118,250,348,45,40,17,153,188,162,222,90,281,21,251,31,184,250,36,40,45,208,95,291,185,,,151,331,,56,31,358,97,20,40,28,48,86,67,122,74,125,47,77,80,67,161,115,111,112,102,53,129,231,,281,,75,b'\x11\xe8\xe1I\xec\x11\xac@\x9a\xbe\x12\xdf\x17\xaeN\x1e'
11E8E149-EC11-AC40-9ABE-12DF17AE4E1E,2026-ncaa-d3-conf-Skyline,genius_ncaa,2,2,4,2,4,3,3,4,4,3,3,2,5,3,9,4,4,5,2,6,5,4,4,4,3,3,6,6,7,3,3,3,3,4,2,1,3,3,2,2,1,1,4,4,,,6,8,,6,1,5,6,2,1,1,2,3,3,5,2,3,5,6,2,3,4,1,1,1,2,1,4,,5,,6,1,2,1,4,1,2,6,1,1,3,1,4,3,6,1,6,6,4,4,1,1,1,2,1,10,4,3,6,3,6,2,2,4,4,3,1,2,2,4,4,,,6,9,,7,1,5,2,1,1,1,1,3,1,5,1,3,4,6,6,4,4,5,5,6,1,3,2,4,,6,,8,b'\x11\xe8\xe1I\xec\x11\xac@\x9a\xbe\x12\xdf\x17\xaeN\x1e'
11E8E149-EC11-AC40-9ABE-12DF17AE4E1E,2026-ncaa-d3-natl,genius_ncaa,98,132,116,138,139,120,123,115,198,91,107,143,221,149,330,222,62,118,56,126,220,117,123,221,196,191,281,316,132,66,88,107,230,88,143,28,9,263,186,76,49,64,261,306,,,254,195,,347,79,140,117,113,114,118,74,93,101,255,171,76,134,161,79,83,67,89,54,20,233,55,295,,229,,349,83,189,205,252,99,223,266,112,176,238,91,192,141,185,35,180,119,247,279,80,52,43,126,174,125,307,230,249,88,277,143,232,251,74,87,115,228,158,242,193,,,172,289,,98,79,267,168,62,96,97,141,233,171,246,121,201,78,143,131,208,281,295,220,266,197,76,192,229,,209,,114,b'\x11\xe8\xe1I\xec\x11\xac@\x9a\xbe\x12\xdf\x17\xaeN\x1e'
11E8E149-EC15-F84A-9ABE-12DF17AE4E1E,2018-ncaa-d3-conf-Centennial,ncaa,2,2,4,2,4,2,3,2,2,3,5,4,1,2,2,4,2,4,3,4,3,2,2,2,2,2,2,2,6,5,1,3,5,2,4,3,3,2,2,3,3,3,3,4,,,3,2,,,2,3,4,1,1,2,1,3,4,1,3,2,3,3,1,2,4,1,1,2,4,3,4,,3,,,2,3,3,8,2,1,4,2,10,10,2,11,6,4,7,4,5,9,9,2,2,2,10,11,6,7,5,4,1,5,4,7,9,5,5,5,5,4,11,10,,,3,4,,,2,9,2,3,2,4,2,7,2,3,9,10,5,5,5,5,8,6,4,5,6,4,5,10,,4,,,b'\x11\xe8\xe1I\xec\x15\xf8J\x9a\xbe\x12\xdf\x17\xaeN\x1e'
11E8E149-EC15-F84A-9ABE-12DF17AE4E1E,2018-ncaa-d3-natl,ncaa,45,19,123,31,155,89,91,113,92,123,118,159,75,168,23,221,161,181,114,183,283,119,203,80,76,30,180,135,316,158,160,42,103,73,87,55,69,19,4,4,252,276,28,33,,,43,27,,,28,222,328,179,60,68,103,118,132,86,178,170,207,210,111,273,185,16,53,40,7,299,25,,19,,,20,64,77,317,8,93,320,9,138,241,56,208,92,84,265,81,51,260,210,6,10,35,219,249,188,256,103,208,160,220,87,169,336,306,344,255,29,23,435,417,,,215,252,,,28,207,23,45,24,45,57,263,75,283,125,198,71,62,58,204,121,217,179,187,146,369,22,430,,295,,,b'\x11\xe8\xe1I\xec\x15\xf8J\x9a\xbe\x12\xdf\x17\xaeN\x1e'
11E8E149-EC15-F84A-9ABE-12DF17AE4E1E,2019-ncaa-d3-conf-Centennial,ncaa,5,5,4,5,4,7,6,2,9,8,7,7,5,1,8,1,6,5,10,5,5,3,3,8,8,8,1,1,8,1,3,9,5,6,7,3,3,3,1,3,1,1,7,4,,,3,6,,,4,3,9,6,7,7,1,9,10,5,1,8,8,8,1,3,1,10,5,4,2,1,8,,4,,,4,3,3,2,5,1,1,7,10,11,8,11,2,1,9,1,6,1,6,8,7,4,11,11,4,3,5,10,3,9,7,9,11,1,1,4,1,1,2,6,,,5,8,,,4,8,7,4,5,3,3,1,1,1,10,11,2,2,2,1,3,3,9,7,9,1,1,2,,6,,,b'\x11\xe8\xe1I\xec\x15\xf8J\x9a\xbe\x12\xdf\x17\xaeN\x1e'
11E8E149-EC15-F84A-9ABE-12DF17AE4E1E,2019-ncaa-d3-natl,ncaa,155,162,129,161,158,285,276,131,392,325,276,345,133,41,381,42,342,331,329,333,308,161,219,373,377,326,112,69,349,52,98,317,234,186,224,198,96,63,45,110,61,24,177,71,,,136,203,,,152,317,409,162,352,338,119,375,331,138,35,380,373,373,166,287,52,394,209,217,39,48,188,,107,,,149,44,33,57,75,12,18,131,350,392,145,432,77,74,238,74,278,52,112,134,130,46,425,428,177,149,234,349,98,275,224,265,437,68,22,108,22,14,303,328,,,312,341,,,152,124,273,49,149,25,22,13,6,4,314,372,62,55,54,11,36,121,317,240,229,62,18,286,,377,,,b'\x11\xe8\xe1I\xec\x15\xf8J\x9a\xbe\x12\xdf\x17\xaeN\x1e'
11E8E149-EC15-F84A-9ABE-12DF17AE4E1E,2020-ncaa-d3-conf-Centennial,ncaa,7,6,6,7,11,10,10,8,10,9,9,9,7,3,9,2,7,7,7,7,6,9,7,10,9,10,4,7,6,4,6,6,5,5,5,6,4,6,8,7,5,4,5,3,,,7,7,,,5,6,5,11,10,10,5,9,7,7,3,6,6,6,6,4,3,4,3,4,8,4,5,,8,,,5,3,1,2,3,1,2,3,7,7,7,9,7,7,6,7,8,2,2,4,5,4,10,11,8,2,5,9,6,5,5,4,9,7,4,6,6,6,6,7,,,7,7,,,5,3,10,4,5,3,3,4,2,3,9,7,8,8,8,5,4,4,10,7,7,4,8,6,,6,,,b'\x11\xe8\xe1I\xec\x15\xf8J\x9a\xbe\x12\xdf\x17\xaeN\x1e'
11E8E149-EC15-F84A-9ABE-12DF17AE4E1E,2020-ncaa-d3-natl,ncaa,237,245,198,250,324,331,352,313,368,346,313,366,281,229,341,194,195,204,193,208,150,301,339,362,343,326,138,207,66,179,182,229,164,217,191,292,135,130,199,260,219,153,122,66,,,244,385,,,218,367,385,428,355,375,317,369,321,281,227,185,202,209,315,347,151,215,193,309,151,205,109,,287,,,218,36,20,55,31,15,67,14,158,139,224,254,288,276,340,278,371,64,63,38,74,81,409,307,407,136,164,227,182,180,191,93,343,279,208,176,127,178,304,334,,,240,145,,,218,62,305,103,223,40,14,50,19,57,183,161,303,283,289,70,49,152,237,210,113,276,136,313,,224,,,b'\x11\xe8\xe1I\xec\x15\xf8J\x9a\xbe\x12\xdf\x17\xaeN\x1e'
11E8E149-EC15-F84A-9ABE-12DF17AE4E1E,2022-ncaa-d3-conf-Centennial,ncaa,8,8,6,8,8,7,7,2,10,9,9,10,3,1,9,1,9,9,8,9,9,3,4,10,10,10,2,2,10,3,7,8,8,7,8,7,2,3,3,6,1,1,7,7,,,4,5,,,10,4,1,7,7,7,1,9,8,2,1,9,9,9,1,1,1,8,7,6,4,1,7,,6,,,10,10,10,7,9,6,1,8,10,9,11,9,4,4,3,4,7,6,7,10,10,9,10,11,2,6,8,11,7,9,8,10,11,2,3,9,2,2,5,7,,,9,10,,,10,8,9,9,9,10,10,9,6,2,10,9,5,6,6,8,10,7,11,10,10,2,2,5,,9,,,b'\x11\xe8\xe1I\xec\x15\xf8J\x9a\xbe\x12\xdf\x17\xaeN\x1e'
11E8E149-EC15-F84A-9ABE-12DF17AE4E1E,2022-ncaa-d3-natl,ncaa,210,257,107,241,130,248,229,80,383,273,198,369,99,52,333,70,346,334,364,333,362,112,145,366,383,341,129,64,382,73,217,203,226,138,280,202,120,131,87,172,86,79,132,115,,,154,109,,,263,179,296,95,339,314,74,352,254,122,52,400,388,386,122,191,87,274,172,240,101,98,157,,90,,,260,227,212,252,159,122,157,108,390,347,375,363,134,144,163,133,164,224,237,210,197,171,382,406,118,245,226,398,217,368,280,355,385,135,144,256,44,16,324,312,,,348,411,,,263,243,313,170,261,153,142,155,76,88,378,312,101,99,92,130,148,195,383,328,301,175,24,302,,411,,,b'\x11\xe8\xe1I\xec\x15\xf8J\x9a\xbe\x12\xdf\x17\xaeN\x1e'
11E8E149-EC15-F84A-9ABE-12DF17AE4E1E,2023-ncaa-d3-conf-Centennial,ncaa,5,5,4,5,4,3,4,5,6,8,9,6,1,1,1,1,5,6,5,6,4,5,5,4,3,3,1,1,7,8,10,5,8,5,9,1,1,2,2,1,7,9,5,6,,,3,2,,,6,4,6,4,3,5,4,8,10,1,1,5,8,8,4,7,8,6,7,2,2,6,5,,3,,,6,9,10,9,8,10,8,8,9,9,5,9,4,5,3,5,3,8,9,8,6,6,4,8,2,8,8,11,10,10,9,8,6,5,7,8,1,2,4,8,,,8,8,,,6,8,3,7,6,8,9,10,8,7,8,9,3,4,4,9,8,8,10,10,8,5,1,5,,8,,,b'\x11\xe8\xe1I\xec\x15\xf8J\x9a\xbe\x12\xdf\x17\xaeN\x1e'
11E8E149-EC15-F84A-9ABE-12DF17AE4E1E,2023-ncaa-d3-natl,ncaa,188,171,271,186,278,306,314,297,317,360,362,327,108,104,140,50,346,367,196,370,267,320,382,262,268,202,43,28,328,324,335,308,288,334,341,236,65,17,45,54,318,282,103,110,,,32,36,,,210,390,410,63,312,312,262,373,372,80,78,355,376,384,311,406,319,286,322,207,16,313,85,,19,,,210,52,107,109,167,190,238,136,39,39,145,59,36,43,119,47,37,81,57,120,83,124,26,75,71,224,288,257,335,246,341,116,167,333,274,251,26,76,310,387,,,386,341,,,210,47,210,166,200,80,162,177,244,309,47,43,38,43,48,119,85,260,330,313,166,321,35,345,,405,,,b'\x11\xe8\xe1I\xec\x15\xf8J\x9a\xbe\x12\xdf\x17\xaeN\x1e'
11E8E149-EC15-F84A-9ABE-12DF17AE4E1E,2024-ncaa-d3-conf-Centennial,ncaa,7,5,7,7,10,7,7,8,8,9,11,6,2,1,3,1,8,9,4,9,3,7,10,6,6,4,1,1,7,10,10,6,4,7,8,5,2,1,2,2,8,7,8,8,,,1,2,,,5,11,10,7,5,6,4,9,11,2,1,6,8,8,3,10,10,5,6,5,1,8,8,,1,,,5,4,7,5,5,2,3,6,9,9,6,9,3,1,9,2,4,5,1,7,5,9,10,10,3,3,4,9,10,6,8,8,8,10,9,10,3,3,3,8,,,9,7,,,5,1,4,9,5,6,7,7,5,4,10,10,4,3,3,7,2,5,10,8,9,10,3,3,,8,,,b'\x11\xe8\xe1I\xec\x15\xf8J\x9a\xbe\x12\xdf\x17\xaeN\x1e'
11E8E149-EC15-F84A-9ABE-12DF17AE4E1E,2024-ncaa-d3-natl,ncaa,162,162,200,166,251,319,322,303,342,374,381,345,96,78,176,26,355,365,245,364,217,321,373,281,304,226,25,15,310,297,317,200,136,248,245,259,75,14,44,88,337,295,200,163,,,22,32,,,183,381,425,221,352,358,336,402,406,81,61,375,382,385,373,423,302,176,244,265,6,346,204,,6,,,182,33,47,92,50,41,94,43,131,161,125,288,26,26,204,30,63,56,42,54,36,79,240,330,93,124,136,285,317,207,245,101,272,365,327,293,31,89,181,337,,,361,279,,,183,46,230,106,174,19,36,76,39,92,139,173,21,14,18,42,7,134,293,226,112,389,33,191,,393,,,b'\x11\xe8\xe1I\xec\x15\xf8J\x9a\xbe\x12\xdf\x17\xaeN\x1e'
11E8E149-EC15-F84A-9ABE-12DF17AE4E1E,2025-ncaa-d3-conf-Centennial,genius_ncaa,7,8,6,8,6,7,8,5,9,11,11,7,3,1,7,1,6,7,2,7,4,6,7,9,9,7,1,1,6,9,10,6,9,6,9,8,4,2,4,5,10,11,9,8,,,2,2,,2,10,7,5,4,7,9,5,11,11,2,1,6,7,7,6,8,10,5,7,8,4,10,9,,4,,2,10,10,10,11,7,6,3,8,11,11,9,11,6,3,10,4,5,10,7,8,9,10,10,11,3,11,9,10,10,11,9,11,11,9,9,10,3,5,3,9,,,7,7,,10,10,5,8,10,10,10,10,11,8,5,11,11,5,5,5,10,10,10,11,11,11,9,4,3,,7,,10,b'\x11\xe8\xe1I\xec\x15\xf8J\x9a\xbe\x12\xdf\x17\xaeN\x1e'
11E8E149-EC15-F84A-9ABE-12DF17AE4E1E,2025-ncaa-d3-natl,genius_ncaa,141,118,192,141,218,290,304,246,341,339,344,284,129,64,300,36,282,265,272,258,125,255,300,303,312,270,52,46,217,191,257,184,261,186,265,262,147,84,128,188,211,194,206,168,,,37,24,,21,233,316,333,127,313,326,224,364,371,109,47,289,267,263,244,312,190,149,155,270,100,207,211,,19,,18,233,77,101,210,66,48,73,95,353,390,142,402,31,34,199,34,81,141,144,108,69,105,350,404,57,279,261,297,257,302,265,341,412,233,214,328,80,115,227,328,,,309,290,,385,233,118,263,141,221,95,122,240,62,67,344,379,25,24,26,165,149,291,306,306,332,243,90,245,,336,,389,b'\x11\xe8\xe1I\xec\x15\xf8J\x9a\xbe\x12\xdf\x17\xaeN\x1e'
11E8E149-EC15-F84A-9ABE-12DF17AE4E1E,2026-ncaa-d3-conf-Centennial,genius_ncaa,1,1,1,1,1,3,3,1,7,6,5,6,2,1,6,2,3,2,7,2,3,2,1,5,5,6,3,2,5,1,1,3,5,1,3,3,5,9,7,7,4,5,3,3,,,6,5,,5,2,2,5,1,3,3,1,7,6,2,1,5,4,4,3,1,1,4,2,5,9,5,4,,5,,4,3,5,5,7,4,3,5,4,7,9,7,10,4,4,11,3,3,6,5,4,4,4,9,10,3,5,5,6,1,7,3,4,3,3,3,2,10,10,7,7,,,1,2,,2,2,6,5,4,3,4,4,6,1,3,7,8,3,3,3,5,4,5,5,6,3,3,10,5,,2,,3,b'\x11\xe8\xe1I\xec\x15\xf8J\x9a\xbe\x12\xdf\x17\xaeN\x1e'
11E8E149-EC15-F84A-9ABE-12DF17AE4E1E,2026-ncaa-d3-natl,genius_ncaa,98,268,8,194,10,58,79,14,350,119,46,339,41,11,286,78,62,82,164,68,227,14,26,333,324,278,88,89,205,20,171,8,136,9,170,71,165,284,84,162,87,221,18,32,,,206,21,,324,216,33,295,77,266,281,83,314,230,127,57,217,254,248,101,175,87,67,49,235,93,238,55,,17,,248,217,359,357,395,108,249,316,80,410,412,314,405,193,190,181,200,105,390,381,175,141,205,392,411,45,353,136,404,171,395,170,284,78,121,302,214,297,130,388,316,,,90,340,,146,216,378,248,199,226,159,173,255,48,81,394,394,40,32,40,201,140,197,352,300,96,321,143,309,,322,,217,b'\x11\xe8\xe1I\xec\x15\xf8J\x9a\xbe\x12\xdf\x17\xaeN\x1e'
11E8E149-EC1A-94FE-9ABE-12DF17AE4E1E,2018-ncaa-d3-conf-OAC,ncaa,9,9,9,9,9,9,9,5,9,9,10,9,4,1,10,1,10,10,2,10,8,8,10,9,9,9,2,1,8,5,9,7,9,7,9,9,9,3,4,7,8,8,4,5,,,3,3,,,8,10,7,1,9,9,2,9,9,3,1,10,10,10,3,4,3,5,5,9,4,7,3,,4,,,8,5,5,4,6,7,4,8,3,3,3,4,2,5,1,4,4,2,1,5,4,6,1,3,4,9,9,8,9,9,9,4,3,8,8,8,5,6,2,7,,,9,7,,,8,1,9,7,8,7,8,8,9,8,3,6,3,6,5,9,7,10,9,10,7,7,6,4,,6,,,b'\x11\xe8\xe1I\xec\x1a\x94\xfe\x9a\xbe\x12\xdf\x17\xaeN\x1e'
11E8E149-EC1A-94FE-9ABE-12DF17AE4E1E,2018-ncaa-d3-natl,ncaa,320,349,197,335,197,238,305,168,381,387,383,353,41,9,292,9,146,258,8,253,80,178,229,340,294,249,7,18,100,203,329,194,211,200,310,348,365,88,89,272,324,346,152,172,,,211,216,,,306,234,293,1,231,325,114,406,413,28,8,118,261,255,125,195,201,145,168,365,101,335,148,,219,,,303,333,362,298,339,356,268,359,307,307,248,270,188,215,122,217,199,287,212,337,316,361,159,240,110,244,211,402,329,359,310,196,65,351,385,315,153,164,167,317,,,164,123,,,306,212,245,357,305,337,353,331,340,282,299,309,180,222,226,327,248,254,401,357,214,375,168,173,,126,,,b'\x11\xe8\xe1I\xec\x1a\x94\xfe\x9a\xbe\x12\xdf\x17\xaeN\x1e'
11E8E149-EC1A-94FE-9ABE-12DF17AE4E1E,2019-ncaa-d3-conf-OAC,ncaa,10,10,9,10,10,10,10,7,10,10,6,10,9,8,10,8,7,6,9,6,4,7,5,10,10,10,5,7,3,2,2,9,10,7,10,10,10,9,10,10,7,7,3,4,,,8,9,,,10,7,1,8,10,10,5,9,1,9,7,6,4,4,3,1,1,8,5,10,10,6,2,,9,,,10,10,9,5,9,6,4,9,9,6,10,5,9,9,7,8,8,6,5,10,10,10,8,8,8,8,10,6,2,7,10,10,9,9,9,10,10,10,7,8,,,10,10,,,10,2,10,10,10,10,10,9,9,7,10,8,10,10,10,9,9,10,10,10,10,7,10,9,,8,,,b'\x11\xe8\xe1I\xec\x1a\x94\xfe\x9a\xbe\x12\xdf\x17\xaeN\x1e'
11E8E149-EC1A-94FE-9ABE-12DF17AE4E1E,2019-ncaa-d3-natl,ncaa,424,439,215,435,301,285,310,228,364,305,200,381,260,246,281,269,164,138,281,138,132,203,183,363,352,349,150,223,72,88,129,302,345,220,280,411,437,317,302,413,311,340,158,163,,,381,396,,,414,229,163,384,305,339,184,326,177,261,242,143,108,102,155,116,70,325,178,425,323,321,143,,409,,,411,432,399,284,413,357,219,396,412,331,419,292,427,405,423,405,395,339,243,421,430,438,361,295,334,315,345,279,129,301,280,386,268,358,395,412,376,362,277,269,,,234,262,,,414,218,322,433,410,429,394,326,345,245,415,349,435,417,416,372,299,320,309,323,380,376,372,296,,206,,,b'\x11\xe8\xe1I\xec\x1a\x94\xfe\x9a\xbe\x12\xdf\x17\xaeN\x1e'
11E8E149-EC1A-94FE-9ABE-12DF17AE4E1E,2020-ncaa-d3-conf-OAC,ncaa,10,10,9,10,9,9,9,7,8,10,8,10,5,5,5,4,9,7,9,7,7,9,6,8,9,9,4,3,8,10,10,9,10,10,10,9,9,10,10,10,9,10,10,10,,,9,6,,,10,5,1,2,8,6,3,10,7,4,5,8,7,7,4,3,10,7,10,9,10,7,10,,10,,,10,10,10,8,8,9,6,9,10,10,6,9,9,9,9,9,7,10,7,9,8,10,7,9,6,10,10,7,10,9,10,10,10,10,10,10,9,10,3,4,,,9,10,,,10,6,10,10,10,10,10,10,10,9,10,10,10,10,10,10,10,10,10,10,10,10,10,4,,9,,,b'\x11\xe8\xe1I\xec\x1a\x94\xfe\x9a\xbe\x12\xdf\x17\xaeN\x1e'
11E8E149-EC1A-94FE-9ABE-12DF17AE4E1E,2020-ncaa-d3-natl,ncaa,397,391,372,403,383,305,301,332,242,314,317,281,187,243,115,182,363,364,283,358,327,342,326,225,243,298,185,121,358,375,370,378,397,391,387,349,402,299,356,370,283,301,294,294,,,321,336,,,389,271,41,152,235,222,168,255,200,142,172,335,330,326,195,105,356,319,350,334,376,227,266,,414,,,388,416,385,287,385,348,200,387,381,368,343,319,367,334,388,324,323,304,213,388,401,420,302,292,254,334,397,153,370,250,387,362,257,356,380,392,374,389,205,263,,,400,407,,,389,169,328,418,383,429,416,413,405,359,410,409,416,392,391,423,410,384,305,353,393,295,395,287,,377,,,b'\x11\xe8\xe1I\xec\x1a\x94\xfe\x9a\xbe\x12\xdf\x17\xaeN\x1e'
11E8E149-EC1A-94FE-9ABE-12DF17AE4E1E,2021-ncaa-d3-conf-OAC,ncaa,9,9,9,9,9,9,9,9,8,9,10,6,7,6,6,1,10,10,10,10,4,9,9,6,8,9,3,3,9,9,10,9,8,9,10,9,8,2,9,9,8,7,8,8,,,2,5,,,9,9,1,5,7,7,5,8,9,4,2,9,7,7,5,5,9,7,9,9,9,7,5,,9,,,9,6,6,2,9,7,3,9,5,2,9,4,4,4,7,4,6,2,2,9,9,10,3,4,6,6,8,4,10,5,10,3,2,10,10,9,3,7,1,3,,,10,8,,,9,2,9,10,9,10,10,10,10,10,9,7,9,9,9,10,10,8,10,10,8,10,8,3,,7,,,b'\x11\xe8\xe1I\xec\x1a\x94\xfe\x9a\xbe\x12\xdf\x17\xaeN\x1e'
11E8E149-EC1A-94FE-9ABE-12DF17AE4E1E,2021-ncaa-d3-natl,ncaa,215,262,81,245,100,96,100,85,158,117,122,136,55,56,128,40,119,98,227,99,105,90,86,126,155,160,67,49,199,166,270,98,234,120,260,129,239,204,163,199,101,192,106,179,,,213,170,,,272,79,25,110,133,127,102,183,202,55,42,178,146,146,96,89,254,157,225,195,182,156,144,,234,,,253,252,252,229,259,254,241,240,234,193,259,84,242,236,220,235,164,230,213,259,264,275,116,117,138,239,234,230,270,235,260,206,23,140,255,217,174,129,125,105,,,100,182,,,272,207,189,275,251,278,274,260,269,266,241,177,259,250,249,271,258,241,260,257,183,221,135,76,,152,,,b'\x11\xe8\xe1I\xec\x1a\x94\xfe\x9a\xbe\x12\xdf\x17\xaeN\x1e'
11E8E149-EC1A-94FE-9ABE-12DF17AE4E1E,2022-ncaa-d3-conf-OAC,ncaa,7,7,4,7,7,5,8,6,8,8,9,9,3,4,4,3,2,2,4,4,1,5,6,7,6,6,1,1,2,8,10,5,7,6,9,5,3,7,8,7,9,10,8,9,,,8,9,,,8,4,3,6,5,8,5,8,8,2,4,1,1,2,4,5,8,5,6,5,8,10,8,,9,,,8,10,10,9,8,10,10,9,2,4,2,1,10,10,6,10,6,9,8,7,8,10,1,1,8,9,7,10,10,10,9,6,3,9,10,8,7,7,2,3,,,5,4,,,8,7,8,10,8,10,10,10,10,10,2,4,10,10,10,10,10,10,10,10,7,10,7,2,,4,,,b'\x11\xe8\xe1I\xec\x1a\x94\xfe\x9a\xbe\x12\xdf\x17\xaeN\x1e'
11E8E149-EC1A-94FE-9ABE-12DF17AE4E1E,2022-ncaa-d3-natl,ncaa,275,290,250,287,285,216,241,308,164,293,323,210,92,165,38,116,162,227,59,244,124,297,308,117,94,140,53,70,134,397,414,252,189,342,342,237,230,177,269,237,354,381,202,248,,,295,341,,,315,251,132,290,172,228,319,312,350,79,146,122,173,197,309,312,417,214,366,241,221,368,186,,356,,,314,356,355,235,377,397,333,369,80,77,182,25,375,345,360,339,275,257,168,349,368,397,53,16,307,160,189,237,414,201,342,204,45,355,377,331,198,243,195,292,,,253,146,,,315,185,209,381,302,378,369,318,395,384,82,69,385,371,369,349,259,189,303,264,221,367,220,218,,203,,,b'\x11\xe8\xe1I\xec\x1a\x94\xfe\x9a\xbe\x12\xdf\x17\xaeN\x1e'
11E8E149-EC1A-94FE-9ABE-12DF17AE4E1E,2023-ncaa-d3-conf-OAC,ncaa,7,5,7,7,7,7,8,9,2,9,10,4,2,4,1,1,9,10,1,10,9,10,10,2,2,3,2,1,10,10,10,10,10,10,10,4,1,4,9,4,10,7,5,5,,,1,1,,,8,10,10,2,7,8,9,9,9,1,3,9,10,10,10,10,10,9,10,2,7,9,5,,1,,,8,5,7,4,8,6,6,5,8,5,10,5,1,1,3,1,2,2,1,7,7,9,4,7,1,9,10,1,10,2,10,9,8,10,10,10,2,7,2,4,,,10,10,,,8,1,7,10,8,7,8,9,7,7,8,6,2,3,3,6,4,10,2,7,9,10,3,2,,10,,,b'\x11\xe8\xe1I\xec\x1a\x94\xfe\x9a\xbe\x12\xdf\x17\xaeN\x1e'
11E8E149-EC1A-94FE-9ABE-12DF17AE4E1E,2023-ncaa-d3-natl,ncaa,248,269,185,262,188,249,254,359,99,329,400,79,62,90,33,20,318,392,1,394,263,373,388,47,36,68,31,17,356,417,426,331,250,392,369,208,125,103,251,157,288,251,212,197,,,77,119,,,252,342,412,25,258,277,411,366,424,47,84,349,416,419,417,426,429,377,425,201,107,299,221,,52,,,252,202,247,130,343,224,127,314,285,202,371,265,123,115,250,105,150,115,75,353,344,372,211,299,106,169,250,134,426,133,369,164,107,366,335,313,70,168,45,204,,,389,344,,,252,76,163,364,267,220,251,123,227,126,277,194,119,106,103,97,40,162,136,135,175,379,79,41,,419,,,b'\x11\xe8\xe1I\xec\x1a\x94\xfe\x9a\xbe\x12\xdf\x17\xaeN\x1e'
11E8E149-EC1A-94FE-9ABE-12DF17AE4E1E,2024-ncaa-d3-conf-OAC,ncaa,8,7,7,8,7,8,8,10,1,8,10,1,3,6,3,1,10,10,4,10,10,10,10,1,1,2,5,1,10,10,10,6,5,10,7,7,5,7,9,7,9,8,4,4,,,1,4,,,5,10,10,1,8,5,10,6,10,2,4,10,10,10,10,10,10,4,10,5,9,8,4,,2,,,5,2,2,2,4,3,2,5,2,5,2,8,4,4,10,3,5,1,1,3,4,7,5,4,8,4,5,2,10,2,7,5,8,9,9,9,4,9,1,2,,,10,10,,,5,1,7,5,6,4,4,5,5,5,4,9,6,4,4,4,3,5,2,3,6,9,6,1,,10,,,b'\x11\xe8\xe1I\xec\x1a\x94\xfe\x9a\xbe\x12\xdf\x17\xaeN\x1e'
11E8E149-EC1A-94FE-9ABE-12DF17AE4E1E,2024-ncaa-d3-natl,ncaa,227,232,200,238,203,233,205,358,25,309,406,18,31,83,10,7,410,417,62,417,386,379,387,9,13,44,63,6,426,421,424,203,147,357,291,199,195,147,304,171,350,332,177,149,,,70,128,,,219,357,408,20,247,206,409,330,421,15,67,419,425,425,419,427,426,186,408,189,161,367,182,,59,,,219,163,156,171,162,158,105,272,220,330,68,368,224,148,410,143,220,155,74,180,211,342,281,263,247,140,147,73,424,89,291,148,150,403,410,380,94,223,73,274,,,388,334,,,219,70,126,334,217,177,171,193,176,116,241,339,232,166,158,165,40,150,80,92,160,419,102,69,,416,,,b'\x11\xe8\xe1I\xec\x1a\x94\xfe\x9a\xbe\x12\xdf\x17\xaeN\x1e'
11E8E149-EC1A-94FE-9ABE-12DF17AE4E1E,2025-ncaa-d3-conf-OAC,genius_ncaa,9,9,7,9,8,9,9,9,5,8,9,6,7,7,6,5,10,10,10,9,9,10,10,6,7,9,6,6,9,10,10,9,9,9,9,8,7,9,9,9,8,7,4,4,,,5,6,,2,9,8,3,6,9,9,9,8,9,6,7,10,10,9,10,9,10,9,9,7,9,6,4,,6,,5,9,9,9,6,9,9,2,9,9,10,7,10,6,5,9,5,6,6,3,9,10,9,7,7,3,7,9,6,10,6,9,10,10,9,9,9,9,9,4,5,,,10,9,,3,9,3,9,9,9,9,9,9,9,6,10,10,7,6,6,8,8,7,9,9,10,6,9,5,,10,,3,b'\x11\xe8\xe1I\xec\x1a\x94\xfe\x9a\xbe\x12\xdf\x17\xaeN\x1e'
11E8E149-EC1A-94FE-9ABE-12DF17AE4E1E,2025-ncaa-d3-natl,genius_ncaa,370,384,290,381,324,330,318,342,243,319,321,269,240,280,142,180,366,367,302,364,301,353,347,228,256,292,194,141,328,385,388,393,359,398,396,332,314,261,343,338,247,230,141,99,,,288,364,,180,387,313,216,236,335,309,355,315,315,220,255,373,365,360,376,325,393,418,419,335,297,223,131,,355,,222,378,386,335,96,409,222,48,407,403,337,416,378,382,336,404,342,407,131,115,418,419,417,395,372,286,216,359,165,388,173,396,387,394,298,275,384,266,335,190,276,,,374,341,,129,387,107,328,413,385,390,362,189,282,65,406,354,399,371,379,241,212,250,237,253,385,279,300,231,,379,,112,b'\x11\xe8\xe1I\xec\x1a\x94\xfe\x9a\xbe\x12\xdf\x17\xaeN\x1e'
11E8E149-EC1A-94FE-9ABE-12DF17AE4E1E,2026-ncaa-d3-conf-OAC,genius_ncaa,6,5,4,6,4,6,6,4,8,8,6,7,4,3,6,3,7,7,4,7,6,4,5,7,8,7,4,4,7,9,9,9,9,9,9,8,6,3,3,4,5,6,8,8,,,4,4,,1,9,5,2,1,5,5,1,7,3,4,1,6,6,6,1,2,9,9,9,7,3,5,8,,6,,1,9,6,6,3,9,3,2,8,9,6,9,8,8,7,7,7,9,5,5,9,9,9,8,9,6,3,9,7,9,6,9,7,8,5,5,8,3,3,6,8,,,9,9,,5,9,5,8,9,9,9,9,5,4,2,9,9,9,9,9,8,7,5,9,9,9,4,3,7,,9,,4,b'\x11\xe8\xe1I\xec\x1a\x94\xfe\x9a\xbe\x12\xdf\x17\xaeN\x1e'
11E8E149-EC1A-94FE-9ABE-12DF17AE4E1E,2026-ncaa-d3-natl,genius_ncaa,225,68,379,151,382,374,378,382,275,395,397,264,199,239,142,19,349,338,294,346,44,380,384,208,215,217,16,15,185,387,344,400,361,397,390,354,143,40,206,217,384,319,283,173,,,88,339,,130,325,380,77,113,169,240,144,350,367,24,20,140,109,122,133,140,295,395,384,194,223,289,155,,376,,269,364,120,89,40,391,68,40,346,198,64,408,240,233,148,408,134,366,44,35,403,408,407,363,312,357,66,361,58,344,62,390,122,264,386,297,349,74,241,151,391,,,381,277,,201,325,37,237,404,365,406,375,291,320,238,395,308,410,393,390,334,314,277,355,332,360,258,253,347,,239,,99,b'\x11\xe8\xe1I\xec\x1a\x94\xfe\x9a\xbe\x12\xdf\x17\xaeN\x1e'
11E8E149-EC1E-F882-9ABE-12DF17AE4E1E,2018-ncaa-d3-conf-USA South,ncaa,9,10,5,10,6,8,6,3,16,4,2,17,15,16,9,19,7,5,13,5,17,4,3,16,16,15,18,18,10,2,2,6,4,3,3,8,17,8,3,11,7,8,10,13,,,16,18,,,8,5,6,6,6,5,2,2,1,16,17,8,5,5,3,2,2,7,2,12,9,7,11,,17,,,9,13,12,10,12,15,15,13,1,3,2,3,18,17,17,17,17,12,12,7,13,10,6,1,18,5,4,17,2,12,3,9,6,5,5,6,8,4,17,6,,,5,12,,,8,15,10,9,9,12,9,9,12,12,1,3,18,18,18,11,11,4,15,13,8,5,7,17,,4,,,b'\x11\xe8\xe1I\xec\x1e\xf8\x82\x9a\xbe\x12\xdf\x17\xaeN\x1e'
11E8E149-EC1E-F882-9ABE-12DF17AE4E1E,2018-ncaa-d3-natl,ncaa,196,223,123,213,155,120,120,15,360,67,4,380,338,329,329,413,50,15,370,14,253,14,20,390,385,325,366,394,85,6,37,111,92,16,95,294,432,213,38,291,96,131,269,323,,,419,390,,,180,46,31,179,95,104,8,43,2,359,353,35,9,8,6,6,6,99,7,347,186,101,296,,425,,,182,337,268,247,239,378,378,238,20,41,36,13,442,440,325,441,396,342,365,164,247,179,112,4,436,141,92,434,37,391,95,104,37,66,90,47,112,24,338,98,,,39,246,,,180,393,246,141,191,279,227,206,334,347,13,29,434,429,430,306,370,121,419,349,90,53,96,325,,23,,,b'\x11\xe8\xe1I\xec\x1e\xf8\x82\x9a\xbe\x12\xdf\x17\xaeN\x1e'
11E8E149-EC1E-F882-9ABE-12DF17AE4E1E,2019-ncaa-d3-conf-USA South,ncaa,9,9,10,9,11,7,5,3,11,5,2,11,8,6,12,9,14,11,16,11,17,4,4,13,15,12,15,7,17,3,3,8,5,4,4,15,17,6,4,12,13,10,6,7,,,16,17,,,9,8,1,3,1,1,1,1,1,7,5,14,11,11,1,1,1,4,1,13,11,9,3,,18,,,8,13,12,9,14,14,15,7,4,1,16,1,18,18,14,18,15,11,9,12,13,15,8,2,17,5,5,9,3,7,4,3,1,12,10,4,5,3,2,1,,,10,17,,,9,11,7,14,8,16,16,12,16,17,5,3,18,18,18,16,16,8,14,14,5,6,6,2,,8,,,b'\x11\xe8\xe1I\xec\x1e\xf8\x82\x9a\xbe\x12\xdf\x17\xaeN\x1e'
11E8E149-EC1E-F882-9ABE-12DF17AE4E1E,2019-ncaa-d3-natl,ncaa,237,274,129,262,153,84,54,11,294,42,8,285,182,106,331,295,276,190,393,191,407,14,18,320,348,301,376,286,396,6,32,78,139,14,82,312,441,311,79,348,177,263,202,315,,,437,413,,,243,28,10,128,56,25,3,18,6,203,114,302,210,214,4,4,2,46,5,367,274,191,210,,443,,,241,431,394,372,320,417,436,179,122,28,433,3,441,443,99,442,391,415,411,268,311,311,150,25,417,261,139,404,32,380,82,67,2,122,248,69,122,19,58,7,,,145,387,,,243,419,222,262,235,406,355,359,396,421,101,15,442,443,443,408,417,240,397,349,69,136,108,46,,147,,,b'\x11\xe8\xe1I\xec\x1e\xf8\x82\x9a\xbe\x12\xdf\x17\xaeN\x1e'
11E8E149-EC1E-F882-9ABE-12DF17AE4E1E,2020-ncaa-d3-conf-USA South,ncaa,4,2,10,3,10,5,7,7,5,6,6,4,4,4,6,7,7,7,4,7,6,7,7,5,5,3,8,7,12,4,2,6,3,4,2,7,14,1,1,1,9,7,15,14,,,7,10,,,3,12,9,2,2,1,2,4,4,3,3,4,4,5,1,1,2,3,2,2,2,5,15,,8,,,2,2,5,4,9,5,3,10,12,14,6,15,2,5,2,5,7,3,5,10,8,7,9,14,5,3,3,7,2,5,2,5,8,10,9,8,1,1,2,2,,,10,12,,,3,7,2,6,2,8,8,9,9,7,12,15,2,6,6,7,9,5,11,9,9,10,1,2,,6,,,b'\x11\xe8\xe1I\xec\x1e\xf8\x82\x9a\xbe\x12\xdf\x17\xaeN\x1e'
11E8E149-EC1E-F882-9ABE-12DF17AE4E1E,2020-ncaa-d3-natl,ncaa,79,46,198,57,233,65,55,40,166,79,77,152,76,65,149,151,127,171,92,168,294,45,70,151,154,87,205,161,297,25,41,73,68,35,48,162,353,103,30,101,113,129,374,381,,,168,125,,,55,125,57,141,14,15,10,44,39,47,54,111,152,147,11,18,12,27,10,136,114,98,381,,196,,,47,203,252,268,213,231,208,246,299,336,185,323,86,126,40,131,147,242,289,217,153,138,201,310,78,150,68,294,41,241,48,187,125,128,135,128,65,26,78,41,,,220,353,,,55,325,38,118,49,238,274,313,250,236,306,342,91,148,155,280,336,165,312,263,196,101,75,77,,187,,,b'\x11\xe8\xe1I\xec\x1e\xf8\x82\x9a\xbe\x12\xdf\x17\xaeN\x1e'
11E8E149-EC1E-F882-9ABE-12DF17AE4E1E,2021-ncaa-d3-conf-USA South,ncaa,1,1,8,1,8,4,3,3,6,3,3,3,3,5,6,7,6,9,2,9,15,4,6,4,4,2,12,7,13,1,1,5,1,2,1,4,13,2,1,2,8,6,11,9,,,8,6,,,3,8,15,3,1,1,1,3,3,2,1,6,9,10,1,3,1,6,1,4,1,8,10,,5,,,4,8,6,9,5,2,6,5,11,10,10,15,7,6,9,6,9,8,8,5,5,5,16,14,8,2,1,5,1,4,1,9,6,8,5,6,1,1,2,1,,,6,12,,,3,9,1,5,4,5,5,6,4,6,12,12,5,6,4,4,2,2,4,3,6,7,1,1,,10,,,b'\x11\xe8\xe1I\xec\x1e\xf8\x82\x9a\xbe\x12\xdf\x17\xaeN\x1e'
11E8E149-EC1E-F882-9ABE-12DF17AE4E1E,2021-ncaa-d3-natl,ncaa,8,1,47,1,48,23,20,24,54,23,28,40,24,30,90,103,43,58,43,59,209,27,36,44,49,23,158,118,212,8,3,43,67,21,12,28,162,191,23,26,34,47,106,158,,,219,117,,,8,51,111,42,7,9,7,18,29,35,38,77,118,126,12,18,6,76,6,31,66,49,179,,127,,,13,207,199,221,57,181,214,49,241,235,182,207,211,210,136,209,165,219,231,80,83,54,249,242,170,204,67,200,3,200,12,193,123,37,41,41,138,18,120,25,,,58,214,,,8,235,8,45,16,71,59,88,40,67,192,168,125,126,119,84,158,86,42,50,80,49,38,35,,120,,,b'\x11\xe8\xe1I\xec\x1e\xf8\x82\x9a\xbe\x12\xdf\x17\xaeN\x1e'
11E8E149-EC1E-F882-9ABE-12DF17AE4E1E,2022-ncaa-d3-conf-USA South,ncaa,5,6,1,5,1,3,3,1,10,4,1,11,2,2,5,10,3,6,3,4,11,1,1,7,7,8,6,8,9,1,3,2,4,2,2,4,8,16,2,7,7,12,5,8,,,13,5,,,7,2,8,19,5,5,3,6,8,4,6,5,10,9,3,6,1,5,2,6,5,14,5,,5,,,7,19,18,19,15,18,18,14,17,15,14,5,11,10,17,9,3,19,17,15,14,14,5,8,6,8,4,18,3,14,2,16,5,7,13,12,15,5,13,6,,,1,10,,,7,18,7,13,8,13,13,9,13,12,10,5,8,5,5,8,9,2,7,5,10,13,5,9,,9,,,b'\x11\xe8\xe1I\xec\x1e\xf8\x82\x9a\xbe\x12\xdf\x17\xaeN\x1e'
11E8E149-EC1E-F882-9ABE-12DF17AE4E1E,2022-ncaa-d3-natl,ncaa,147,182,107,173,187,90,100,62,210,111,71,225,115,117,153,230,44,46,177,40,146,50,50,208,192,181,187,210,124,27,33,122,127,69,82,135,248,288,158,200,145,196,173,232,,,280,196,,,181,73,56,424,72,93,45,108,76,135,149,52,60,59,26,34,16,146,52,154,244,175,188,,240,,,186,373,389,321,352,401,380,328,197,164,301,70,282,281,267,277,142,321,333,331,324,295,62,88,156,192,127,291,33,251,82,255,67,134,202,180,266,159,156,78,,,66,188,,,181,355,141,267,189,322,349,297,364,350,149,96,244,239,236,285,297,138,230,182,212,172,225,117,,72,,,b'\x11\xe8\xe1I\xec\x1e\xf8\x82\x9a\xbe\x12\xdf\x17\xaeN\x1e'
11E8E149-EC1E-F882-9ABE-12DF17AE4E1E,2023-ncaa-d3-conf-USA South,ncaa,2,2,2,2,2,2,2,2,3,2,1,4,5,5,7,8,2,2,4,2,7,2,2,4,4,2,8,8,4,1,1,2,1,1,1,4,8,5,2,5,6,7,2,2,,,3,2,,,2,2,9,8,3,2,2,2,1,7,7,2,2,1,2,3,1,3,1,5,2,8,3,,1,,,2,7,8,7,7,8,9,7,4,5,3,2,3,3,8,3,2,7,7,6,6,6,1,3,3,3,1,6,1,6,1,3,1,4,7,4,5,3,9,3,,,2,5,,,2,8,2,4,2,1,4,2,5,2,2,2,1,1,1,1,1,1,2,2,1,8,4,4,,4,,,b'\x11\xe8\xe1I\xec\x1e\xf8\x82\x9a\xbe\x12\xdf\x17\xaeN\x1e'
11E8E149-EC1E-F882-9ABE-12DF17AE4E1E,2023-ncaa-d3-natl,ncaa,107,62,271,78,332,142,122,152,105,50,54,113,378,372,381,397,67,61,204,63,206,127,145,191,161,147,401,412,98,13,3,267,82,84,6,283,410,172,130,258,300,284,144,171,,,54,79,,,119,286,187,419,64,57,54,14,14,386,379,32,30,29,38,41,5,204,10,272,229,289,124,,56,,,112,161,261,115,374,352,277,336,37,25,224,19,109,102,221,99,76,105,99,316,306,296,12,23,111,50,82,36,3,33,6,76,21,257,201,150,184,147,110,37,,,131,158,,,119,134,58,246,118,246,311,189,366,355,38,22,135,133,123,163,161,76,38,35,113,222,227,133,,57,,,b'\x11\xe8\xe1I\xec\x1e\xf8\x82\x9a\xbe\x12\xdf\x17\xaeN\x1e'
11E8E149-EC1E-F882-9ABE-12DF17AE4E1E,2024-ncaa-d3-conf-USA South,ncaa,3,3,1,3,2,2,2,1,4,1,1,4,4,4,3,5,3,2,4,2,5,1,1,3,3,2,7,5,6,1,2,1,2,1,2,2,3,2,1,1,6,7,4,5,,,4,2,,,2,2,6,9,2,2,1,2,3,4,4,4,4,4,1,2,1,1,1,2,2,7,4,,2,,,2,5,4,9,3,7,9,3,4,7,2,6,4,4,3,4,2,9,9,2,2,3,4,5,4,5,2,6,2,6,2,3,2,7,7,5,5,2,10,7,,,3,7,,,2,8,1,3,2,3,4,6,4,7,2,6,2,1,1,6,6,3,5,3,3,8,2,8,,6,,,b'\x11\xe8\xe1I\xec\x1e\xf8\x82\x9a\xbe\x12\xdf\x17\xaeN\x1e'
11E8E149-EC1E-F882-9ABE-12DF17AE4E1E,2024-ncaa-d3-natl,ncaa,129,139,112,142,199,91,87,84,121,75,65,141,184,197,158,304,111,71,306,70,200,74,75,139,158,140,308,288,234,31,39,84,57,51,41,100,204,260,161,145,128,143,244,291,,,149,105,,,91,104,116,412,65,65,58,60,59,205,229,119,76,75,45,55,27,58,26,97,232,136,260,,125,,,91,200,233,275,145,289,342,143,103,119,128,83,190,194,184,197,126,260,289,127,116,111,81,92,184,130,57,237,39,189,41,148,73,127,156,108,307,227,170,80,,,143,272,,,91,320,114,91,100,155,185,231,249,309,83,89,162,177,177,206,246,105,187,149,130,140,286,157,,155,,,b'\x11\xe8\xe1I\xec\x1e\xf8\x82\x9a\xbe\x12\xdf\x17\xaeN\x1e'
11E8E149-EC1E-F882-9ABE-12DF17AE4E1E,2025-ncaa-d3-conf-USA South,genius_ncaa,3,3,3,3,3,3,3,2,4,1,1,4,5,7,4,8,3,1,7,1,7,2,2,4,3,3,7,8,5,2,2,3,3,2,2,3,4,3,1,3,3,3,3,3,,,5,6,,7,3,3,1,3,3,2,2,1,1,5,7,2,2,2,1,1,2,2,2,3,3,3,3,,6,,8,3,4,3,4,5,3,7,4,3,3,5,2,5,5,6,5,5,4,7,4,5,3,3,2,5,3,3,5,2,3,2,4,2,3,3,4,5,2,7,3,,,4,5,,6,3,7,3,3,3,4,3,4,4,5,3,3,5,4,4,4,5,3,5,3,4,3,4,7,,4,,6,b'\x11\xe8\xe1I\xec\x1e\xf8\x82\x9a\xbe\x12\xdf\x17\xaeN\x1e'
11E8E149-EC1E-F882-9ABE-12DF17AE4E1E,2025-ncaa-d3-natl,genius_ncaa,121,94,192,114,248,156,118,102,153,47,25,204,362,379,252,406,188,128,349,131,341,109,88,233,254,246,405,397,257,42,26,121,53,75,27,157,283,268,191,216,90,84,215,247,,,198,182,,294,101,128,75,258,117,61,41,17,8,368,386,162,92,99,39,38,23,77,27,135,272,82,217,,218,,311,97,99,110,137,140,181,256,101,50,44,165,45,207,224,162,225,199,138,233,110,109,68,106,68,263,74,53,162,26,107,27,119,154,78,62,60,286,227,276,113,,,222,328,,285,101,280,195,45,107,119,132,158,199,278,61,42,217,241,240,159,271,87,180,125,127,54,287,286,,211,,295,b'\x11\xe8\xe1I\xec\x1e\xf8\x82\x9a\xbe\x12\xdf\x17\xaeN\x1e'
11E8E149-EC1E-F882-9ABE-12DF17AE4E1E,2026-ncaa-d3-conf-USA South,genius_ncaa,7,8,3,7,3,6,5,7,7,4,4,6,10,7,10,9,7,7,5,7,10,7,6,8,8,8,10,10,9,7,7,6,6,7,7,6,9,8,8,9,5,6,5,5,,,6,7,,3,9,6,7,1,8,6,7,4,3,10,9,9,9,9,8,6,8,7,7,9,7,7,4,,6,,4,8,7,7,5,8,6,5,8,4,5,6,5,6,6,6,6,7,5,4,7,7,7,4,5,6,6,6,5,7,5,7,6,3,7,8,6,7,9,3,3,,,7,10,,1,9,4,9,7,8,6,6,4,7,5,5,5,7,6,6,5,2,5,7,6,5,7,7,3,,10,,1,b'\x11\xe8\xe1I\xec\x1e\xf8\x82\x9a\xbe\x12\xdf\x17\xaeN\x1e'
11E8E149-EC1E-F882-9ABE-12DF17AE4E1E,2026-ncaa-d3-natl,genius_ncaa,288,329,116,323,139,169,142,86,297,61,30,278,363,278,400,376,96,93,222,87,279,83,62,340,337,326,398,404,130,23,53,152,264,78,161,336,411,354,273,382,94,154,351,372,,,391,395,,306,275,86,29,113,193,160,35,57,9,386,329,109,103,95,31,16,15,173,40,379,357,103,368,,410,,291,268,308,242,249,174,282,267,236,123,209,50,102,411,406,300,406,404,307,313,142,245,223,265,33,412,294,264,296,53,305,161,157,65,84,163,75,356,289,368,269,,,123,314,,123,275,314,296,221,280,304,203,225,265,252,73,158,412,411,411,323,348,281,307,303,106,86,355,372,,139,,138,b'\x11\xe8\xe1I\xec\x1e\xf8\x82\x9a\xbe\x12\xdf\x17\xaeN\x1e'
11E8E149-EC23-5D5A-9ABE-12DF17AE4E1E,2018-ncaa-d3-conf-North Atlantic,ncaa,9,9,7,9,8,10,10,9,10,10,9,10,9,4,10,2,9,8,10,8,3,9,8,10,10,10,2,2,6,8,9,8,10,8,10,9,8,9,9,9,7,7,8,10,,,5,4,,,10,5,1,7,10,10,9,10,9,7,3,9,8,8,9,5,8,7,8,9,9,7,8,,7,,,10,9,8,10,8,8,10,8,6,7,6,3,8,8,8,7,6,10,9,8,8,8,5,2,4,10,10,10,9,10,10,8,2,7,8,8,10,10,10,10,,,8,7,,,10,6,10,8,9,9,8,10,8,10,7,8,8,10,9,10,10,10,10,10,8,7,10,10,,6,,,b'\x11\xe8\xe1I\xec#]Z\x9a\xbe\x12\xdf\x17\xaeN\x1e'
11E8E149-EC23-5D5A-9ABE-12DF17AE4E1E,2018-ncaa-d3-natl,ncaa,417,411,363,419,373,424,424,371,436,427,398,434,329,166,424,67,426,390,438,380,249,376,338,432,433,434,94,83,270,356,421,302,420,341,426,413,249,374,412,423,374,400,346,377,,,171,159,,,433,313,90,260,434,434,288,438,381,297,85,421,368,359,329,155,317,155,247,422,407,356,339,,294,,,430,264,289,305,223,300,315,199,237,231,259,184,207,204,200,201,138,287,227,233,212,283,170,212,176,419,420,410,421,428,426,249,177,321,367,332,348,384,423,443,,,348,288,,,433,137,434,352,431,384,383,416,376,410,311,318,310,306,304,421,408,429,435,436,335,260,383,437,,266,,,b'\x11\xe8\xe1I\xec#]Z\x9a\xbe\x12\xdf\x17\xaeN\x1e'
11E8E149-EC23-5D5A-9ABE-12DF17AE4E1E,2019-ncaa-d3-conf-North Atlantic,ncaa,8,8,7,8,7,8,8,7,8,8,8,8,4,1,7,1,8,8,2,8,6,7,7,8,8,8,1,1,5,8,8,7,8,8,8,7,4,4,7,7,7,7,8,8,,,6,7,,,8,7,1,3,8,8,3,8,7,1,1,7,8,8,5,4,8,6,8,7,7,7,8,,8,,,8,8,8,5,8,8,7,8,4,3,6,1,6,6,3,6,6,6,4,8,8,8,2,1,5,6,8,8,8,8,8,6,4,8,8,8,4,5,6,8,,,8,7,,,8,2,8,8,8,8,8,7,8,8,5,6,7,8,8,8,8,8,8,8,8,7,5,6,,7,,,b'\x11\xe8\xe1I\xec#]Z\x9a\xbe\x12\xdf\x17\xaeN\x1e'
11E8E149-EC23-5D5A-9ABE-12DF17AE4E1E,2019-ncaa-d3-natl,ncaa,424,382,422,427,424,430,434,424,437,439,437,434,287,157,410,16,414,420,235,421,169,425,423,431,429,427,6,17,118,414,414,415,377,417,412,426,195,130,393,416,423,400,404,387,,,65,245,,,418,423,162,252,427,436,328,439,431,145,26,363,381,383,359,253,346,234,310,417,370,383,377,,311,,,423,53,70,35,298,113,56,322,55,57,161,171,113,139,94,130,259,35,28,277,264,331,133,127,233,171,377,152,414,149,412,54,117,415,364,328,114,339,158,423,,,427,328,,,418,24,427,367,423,359,354,371,364,362,219,272,325,364,360,383,343,391,421,417,274,321,329,340,,342,,,b'\x11\xe8\xe1I\xec#]Z\x9a\xbe\x12\xdf\x17\xaeN\x1e'
11E8E149-EC23-5D5A-9ABE-12DF17AE4E1E,2020-ncaa-d3-conf-North Atlantic,ncaa,6,6,4,6,4,6,6,5,6,5,5,5,8,2,8,1,8,8,8,8,7,5,5,6,6,7,8,7,7,4,6,7,6,5,6,6,8,5,5,7,8,8,8,8,,,8,6,,,6,4,4,1,7,6,5,5,5,8,2,8,8,8,5,4,5,6,6,8,6,8,8,,7,,,6,8,8,7,7,8,7,7,2,2,5,1,8,8,3,8,7,7,6,6,7,7,3,2,7,5,6,6,6,6,6,5,3,8,8,6,5,4,6,6,,,7,8,,,6,3,7,7,6,7,7,7,8,8,4,2,7,7,8,8,7,7,5,5,5,8,4,6,,6,,,b'\x11\xe8\xe1I\xec#]Z\x9a\xbe\x12\xdf\x17\xaeN\x1e'
11E8E149-EC23-5D5A-9ABE-12DF17AE4E1E,2020-ncaa-d3-natl,ncaa,379,391,327,387,350,386,360,265,395,324,282,349,354,184,432,138,414,395,412,393,384,301,306,403,418,404,347,264,389,297,309,378,373,355,366,379,368,236,301,372,352,349,430,435,,,316,362,,,394,290,149,240,392,360,157,322,223,348,137,422,399,395,219,172,244,376,344,391,299,331,433,,391,,,387,278,231,184,270,283,284,222,136,86,311,59,392,399,193,394,357,239,153,244,274,340,220,91,373,287,373,255,309,284,366,182,148,352,364,317,166,205,318,337,,,374,387,,,394,136,402,339,393,349,307,304,330,369,193,116,417,416,416,358,303,326,336,338,234,337,213,345,,378,,,b'\x11\xe8\xe1I\xec#]Z\x9a\xbe\x12\xdf\x17\xaeN\x1e'
11E8E149-EC23-5D5A-9ABE-12DF17AE4E1E,2021-ncaa-d3-natl,ncaa,251,183,206,251,218,233,234,224,254,234,231,202,226,202,273,37,239,239,185,238,239,226,211,258,261,280,185,141,214,229,231,197,239,206,193,236,172,179,284,282,246,281,194,212,,,71,33,,,268,209,63,262,277,277,276,271,279,242,145,273,278,277,281,146,255,35,140,266,284,277,169,,83,,,278,95,101,98,134,105,105,108,108,99,191,145,65,61,212,59,12,92,82,130,105,210,75,203,23,124,239,64,231,82,193,129,242,238,282,280,170,282,27,17,,,217,256,,,268,78,280,249,275,253,269,281,262,282,246,247,44,37,27,280,257,267,74,208,274,277,283,8,,255,,,b'\x11\xe8\xe1I\xec#]Z\x9a\xbe\x12\xdf\x17\xaeN\x1e'
11E8E149-EC23-5D5A-9ABE-12DF17AE4E1E,2022-ncaa-d3-conf-North Atlantic,ncaa,8,8,7,8,7,7,8,8,10,9,8,8,4,3,7,2,9,9,8,9,6,8,7,8,8,8,2,2,8,8,9,8,10,8,10,9,12,3,3,9,8,8,8,8,,,11,10,,,7,6,2,1,6,6,2,10,7,2,1,9,8,9,2,1,6,9,7,10,6,6,9,,12,,,7,8,8,7,6,8,9,6,1,1,5,1,12,12,3,12,11,8,8,5,5,5,2,1,12,11,10,10,9,11,10,2,1,4,5,2,2,1,4,6,,,8,8,,,7,8,9,6,7,8,8,10,10,11,1,1,12,12,12,11,11,10,12,11,1,2,1,5,,7,,,b'\x11\xe8\xe1I\xec#]Z\x9a\xbe\x12\xdf\x17\xaeN\x1e'
11E8E149-EC23-5D5A-9ABE-12DF17AE4E1E,2022-ncaa-d3-natl,ncaa,351,290,376,345,376,343,350,285,380,367,341,362,180,103,332,65,331,342,252,346,235,305,331,358,362,321,82,73,220,373,406,353,395,372,414,379,389,56,113,306,324,346,349,381,,,168,195,,,315,320,31,2,236,264,30,324,208,91,32,243,216,241,35,58,337,200,276,349,186,244,321,,377,,,329,135,167,155,211,303,350,141,11,13,83,4,263,323,50,327,241,179,164,129,124,150,11,3,324,355,395,330,406,357,414,16,4,227,236,42,10,7,42,76,,,342,267,,,315,126,349,218,305,356,363,401,404,427,18,17,381,409,411,415,420,409,423,422,68,83,18,65,,152,,,b'\x11\xe8\xe1I\xec#]Z\x9a\xbe\x12\xdf\x17\xaeN\x1e'
11E8E149-EC23-5D5A-9ABE-12DF17AE4E1E,2023-ncaa-d3-conf-North Atlantic,ncaa,6,7,2,7,2,3,2,1,4,1,1,4,4,5,8,10,3,4,7,4,8,1,1,4,4,4,11,10,8,6,6,3,5,6,6,5,11,8,5,7,2,5,12,12,,,11,5,,,7,1,1,2,3,2,1,1,1,6,6,4,4,4,1,1,6,4,6,5,7,2,12,,10,,,7,12,12,12,9,12,12,9,6,8,5,2,6,10,4,10,2,12,12,7,8,7,1,2,3,9,5,10,6,10,6,11,5,2,3,6,2,1,3,2,,,3,4,,,7,12,6,7,7,9,10,10,10,10,5,5,5,6,6,10,11,7,7,7,9,2,2,3,,3,,,b'\x11\xe8\xe1I\xec#]Z\x9a\xbe\x12\xdf\x17\xaeN\x1e'
11E8E149-EC23-5D5A-9ABE-12DF17AE4E1E,2023-ncaa-d3-natl,ncaa,228,171,377,207,386,194,157,172,143,116,127,148,278,262,283,295,292,301,270,299,372,195,243,179,212,179,370,317,366,179,138,276,224,240,177,220,313,108,103,171,208,213,415,422,,,70,56,,,202,255,9,132,51,25,7,22,16,210,180,205,187,182,10,16,77,62,44,105,239,121,418,,177,,,199,199,322,266,303,358,277,341,148,202,103,211,27,49,24,51,29,193,191,282,201,210,23,149,23,186,224,115,138,127,177,318,262,215,230,304,25,16,41,20,,,258,267,,,202,196,174,208,194,359,395,408,398,404,250,325,45,89,89,397,410,299,301,311,370,106,73,87,,77,,,b'\x11\xe8\xe1I\xec#]Z\x9a\xbe\x12\xdf\x17\xaeN\x1e'
11E8E149-EC23-5D5A-9ABE-12DF17AE4E1E,2024-ncaa-d3-conf-North Atlantic,ncaa,12,13,5,12,7,12,10,9,12,9,5,12,13,13,13,14,9,5,13,5,9,8,4,12,12,13,14,14,2,9,11,7,9,6,9,10,8,14,14,12,7,9,13,13,,,7,5,,,13,4,3,14,12,12,13,8,6,14,14,11,6,6,11,6,10,8,9,11,14,10,14,,6,,,12,13,13,14,13,12,9,11,14,14,14,14,8,9,6,9,6,14,12,13,13,13,13,14,3,12,9,9,11,11,9,13,14,9,13,13,14,13,5,3,,,5,6,,,13,12,13,13,13,13,12,12,11,8,14,14,5,5,5,12,11,10,7,7,13,12,13,3,,6,,,b'\x11\xe8\xe1I\xec#]Z\x9a\xbe\x12\xdf\x17\xaeN\x1e'
11E8E149-EC23-5D5A-9ABE-12DF17AE4E1E,2024-ncaa-d3-natl,ncaa,408,361,403,411,412,417,415,416,406,406,384,402,419,419,412,398,411,383,418,382,276,414,398,414,414,420,395,406,111,396,349,395,320,403,319,411,141,395,424,416,385,360,414,405,,,16,27,,,416,393,36,426,417,413,413,376,217,423,420,394,288,294,414,140,360,220,318,383,425,329,407,,61,,,419,174,222,97,362,97,36,341,416,361,420,417,20,23,96,22,91,58,39,400,380,401,378,423,17,116,320,28,349,37,319,315,354,403,390,405,405,423,8,27,,,386,267,,,416,37,421,397,418,411,404,400,335,268,427,426,91,108,101,395,370,331,233,287,407,359,421,16,,226,,,b'\x11\xe8\xe1I\xec#]Z\x9a\xbe\x12\xdf\x17\xaeN\x1e'
11E8E149-EC23-5D5A-9ABE-12DF17AE4E1E,2025-ncaa-d3-conf-North Atlantic,genius_ncaa,9,7,10,9,10,9,9,10,8,10,9,9,9,9,7,6,8,8,7,7,4,10,10,9,9,9,5,7,3,9,7,10,9,10,9,9,9,8,10,9,10,10,10,10,,,2,4,,6,9,10,7,4,9,9,10,9,7,9,9,6,6,6,10,8,8,10,9,9,10,10,10,,4,,8,9,7,8,2,9,7,1,9,8,8,9,10,2,1,7,1,2,1,1,9,9,9,2,10,2,7,9,1,7,1,9,8,8,10,9,9,9,9,10,10,,,7,5,,2,9,1,9,9,9,9,9,9,9,7,10,10,3,2,2,9,8,9,3,7,9,9,9,10,,6,,1,b'\x11\xe8\xe1I\xec#]Z\x9a\xbe\x12\xdf\x17\xaeN\x1e'
11E8E149-EC23-5D5A-9ABE-12DF17AE4E1E,2025-ncaa-d3-natl,genius_ncaa,393,269,415,394,415,417,417,417,405,416,415,404,403,401,391,249,414,414,389,414,199,417,415,404,404,407,183,243,97,414,363,417,392,416,394,410,124,154,406,395,412,373,418,418,,,6,72,,73,391,415,191,230,409,411,410,409,346,374,334,380,327,329,411,278,370,413,413,386,396,356,418,,89,,188,409,19,35,8,394,30,5,399,164,58,373,383,7,8,189,8,62,7,5,403,394,400,185,371,14,43,392,5,363,6,394,241,404,414,352,409,179,398,161,406,,,417,269,,227,391,5,407,399,411,382,388,361,375,223,402,384,58,56,58,326,274,353,249,311,409,330,389,386,,308,,81,b'\x11\xe8\xe1I\xec#]Z\x9a\xbe\x12\xdf\x17\xaeN\x1e'
11E8E149-EC23-5D5A-9ABE-12DF17AE4E1E,2026-ncaa-d3-conf-North Atlantic,genius_ncaa,5,5,3,6,3,7,6,7,6,6,5,7,7,8,4,10,7,6,7,5,6,7,7,7,7,7,9,8,8,9,9,4,5,6,5,6,6,6,7,7,9,9,5,6,,,3,2,,9,7,5,7,1,7,5,8,4,4,7,10,7,7,6,8,8,9,3,6,6,7,10,5,,2,,9,7,6,6,7,4,5,7,3,8,6,8,6,4,3,10,3,1,7,6,6,5,7,9,8,4,5,5,5,9,6,5,7,9,7,8,7,6,6,3,3,,,3,2,,1,7,5,7,7,7,7,7,7,6,7,7,5,3,1,1,7,5,6,6,5,7,8,6,3,,2,,1,b'\x11\xe8\xe1I\xec#]Z\x9a\xbe\x12\xdf\x17\xaeN\x1e'
11E8E149-EC23-5D5A-9ABE-12DF17AE4E1E,2026-ncaa-d3-natl,genius_ncaa,225,366,8,302,21,167,163,50,364,165,48,380,145,103,287,231,157,120,304,119,283,54,25,361,368,385,179,185,212,193,378,18,266,55,316,80,54,405,376,335,168,358,88,225,,,298,34,,387,371,17,63,113,374,366,290,357,238,286,265,337,299,303,318,164,360,122,256,262,378,331,192,,75,,316,337,384,388,409,102,374,403,110,393,409,148,318,231,249,131,245,41,406,401,107,72,129,194,330,48,393,266,399,378,398,316,406,403,74,315,365,382,300,193,93,,,38,207,,62,371,401,387,159,337,243,277,379,235,318,323,373,62,69,68,360,330,308,307,320,373,260,302,84,,170,,136,b'\x11\xe8\xe1I\xec#]Z\x9a\xbe\x12\xdf\x17\xaeN\x1e'
11E8E149-EC27-F28E-9ABE-12DF17AE4E1E,2018-ncaa-d3-conf-North Atlantic,ncaa,5,5,3,5,3,6,6,3,6,6,6,5,2,2,5,3,7,9,2,9,9,4,4,6,6,6,6,3,9,5,5,3,4,3,4,5,3,6,6,5,5,5,1,1,,,4,5,,,6,4,4,2,6,5,2,6,6,1,2,8,9,9,3,3,6,2,2,5,6,5,1,,5,,,6,5,5,5,6,6,9,3,5,2,9,1,5,5,6,5,4,5,7,6,4,6,6,5,5,3,4,6,5,5,4,5,6,6,6,6,5,5,1,3,,,7,9,,,6,7,6,6,6,6,6,5,6,8,5,3,5,5,5,5,5,4,5,5,6,6,5,1,,9,,,"b""\x11\xe8\xe1I\xec'\xf2\x8e\x9a\xbe\x12\xdf\x17\xaeN\x1e"""
11E8E149-EC27-F28E-9ABE-12DF17AE4E1E,2018-ncaa-d3-natl,ncaa,196,197,197,202,206,239,239,168,311,314,283,336,69,76,123,74,328,356,167,357,349,201,174,259,275,292,81,45,364,151,202,86,131,108,158,197,138,320,295,258,238,278,39,49,,,230,207,,,196,188,159,28,234,247,114,335,283,63,58,351,381,379,159,124,131,27,47,177,327,254,33,,241,,,196,127,132,248,69,150,320,32,205,154,319,110,166,204,79,211,143,247,258,68,58,82,234,246,216,228,131,286,202,262,158,156,193,190,223,170,176,156,58,66,,,303,367,,,196,256,289,94,194,148,155,288,166,338,208,146,164,210,219,287,291,236,310,285,170,191,189,53,,330,,,"b""\x11\xe8\xe1I\xec'\xf2\x8e\x9a\xbe\x12\xdf\x17\xaeN\x1e"""
11E8E149-EC27-F28E-9ABE-12DF17AE4E1E,2019-ncaa-d3-conf-North Atlantic,ncaa,3,3,1,3,1,3,2,2,5,3,4,3,2,2,6,3,4,5,6,4,3,2,3,4,5,3,4,3,6,3,5,3,5,4,5,3,2,2,2,3,3,6,1,2,,,3,2,,,3,2,5,1,3,2,2,3,6,4,2,5,6,5,2,3,4,3,5,3,2,5,1,,2,,,3,5,6,7,4,6,8,4,4,7,5,4,4,4,6,4,2,7,7,3,4,4,3,4,3,8,5,7,5,7,5,7,7,2,4,4,3,3,1,1,,,4,4,,,3,7,3,4,3,4,4,6,5,7,4,4,4,3,3,6,5,7,5,7,5,3,3,1,,4,,,"b""\x11\xe8\xe1I\xec'\xf2\x8e\x9a\xbe\x12\xdf\x17\xaeN\x1e"""
11E8E149-EC27-F28E-9ABE-12DF17AE4E1E,2019-ncaa-d3-natl,ncaa,237,162,390,203,398,391,380,367,369,394,398,329,221,153,334,52,416,413,358,412,342,386,403,338,368,334,136,65,390,340,297,371,341,377,339,343,181,30,147,200,290,213,131,97,,,23,54,,,210,408,315,139,356,327,150,364,328,130,56,405,393,384,220,277,231,230,234,268,128,207,84,,55,,,210,15,23,47,68,42,84,70,47,69,84,202,31,32,102,32,69,38,40,60,43,53,122,212,105,227,341,135,297,159,339,106,375,309,167,217,17,72,13,45,,,416,364,,,210,33,336,89,217,80,128,252,153,272,127,186,63,77,77,199,209,361,342,358,253,175,62,21,,395,,,"b""\x11\xe8\xe1I\xec'\xf2\x8e\x9a\xbe\x12\xdf\x17\xaeN\x1e"""
11E8E149-EC27-F28E-9ABE-12DF17AE4E1E,2020-ncaa-d3-conf-North Atlantic,ncaa,5,5,2,5,3,3,3,3,2,3,3,2,2,6,2,5,5,6,2,5,6,4,4,2,2,2,6,5,5,7,4,6,7,6,5,3,3,6,6,4,1,1,5,5,,,7,4,,,4,2,7,5,4,3,7,3,6,3,7,5,7,7,7,8,7,8,8,3,5,1,5,,4,,,4,5,5,5,6,5,6,5,7,4,8,5,3,3,4,3,4,6,7,7,6,5,4,6,3,6,7,4,4,5,5,6,7,1,1,5,6,6,2,2,,,4,6,,,4,7,3,5,4,5,5,3,4,4,6,3,4,4,4,3,3,6,3,4,6,1,6,2,,7,,,"b""\x11\xe8\xe1I\xec'\xf2\x8e\x9a\xbe\x12\xdf\x17\xaeN\x1e"""
11E8E149-EC27-F28E-9ABE-12DF17AE4E1E,2020-ncaa-d3-natl,ncaa,237,245,198,250,280,276,279,307,231,266,272,234,248,269,196,235,254,293,146,290,262,314,312,234,225,255,223,216,219,320,288,385,361,369,348,217,112,247,316,247,53,29,199,182,,,240,301,,,221,287,255,303,286,287,312,278,268,241,265,247,295,290,332,303,327,414,397,200,266,44,186,,283,,,222,93,109,63,248,143,157,188,90,39,333,77,197,192,232,195,236,67,148,230,232,111,171,138,281,243,361,158,288,192,348,273,389,59,34,127,243,287,88,102,,,294,252,,,221,146,270,136,222,124,139,73,169,171,103,41,214,210,215,79,188,259,181,226,275,51,255,83,,309,,,"b""\x11\xe8\xe1I\xec'\xf2\x8e\x9a\xbe\x12\xdf\x17\xaeN\x1e"""
11E8E149-EC27-F28E-9ABE-12DF17AE4E1E,2022-ncaa-d3-conf-North Atlantic,ncaa,9,10,7,9,8,8,9,9,7,8,9,7,8,5,6,4,5,7,2,7,4,9,9,7,7,7,3,4,2,10,11,9,11,9,12,8,8,5,6,7,5,4,9,10,,,7,9,,,9,9,5,7,7,7,6,8,10,5,5,3,6,5,6,8,10,12,12,8,7,2,10,,10,,,9,9,10,5,12,10,6,12,5,6,8,4,11,9,12,9,9,5,5,12,12,11,4,2,9,10,11,8,11,8,12,10,11,7,3,10,7,9,11,12,,,7,5,,,9,4,7,11,9,11,11,6,11,7,7,5,11,11,11,7,9,9,10,9,11,3,8,12,,5,,,"b""\x11\xe8\xe1I\xec'\xf2\x8e\x9a\xbe\x12\xdf\x17\xaeN\x1e"""
11E8E149-EC27-F28E-9ABE-12DF17AE4E1E,2022-ncaa-d3-natl,ncaa,302,210,391,278,398,366,361,366,308,337,339,292,328,323,324,219,335,351,206,350,248,372,387,310,310,285,241,253,176,387,382,406,361,402,401,315,162,54,201,223,246,137,349,320,,,100,282,,,299,381,55,263,237,230,110,207,132,255,181,197,189,187,110,112,331,393,381,204,228,99,305,,343,,,310,65,71,32,356,149,54,389,21,35,45,133,207,130,405,115,299,35,47,324,358,274,83,24,326,93,361,139,382,116,401,268,415,231,75,285,105,247,300,390,,,370,240,,,299,45,309,284,313,334,329,240,366,279,75,151,375,343,333,269,354,299,394,374,394,51,280,414,,184,,,"b""\x11\xe8\xe1I\xec'\xf2\x8e\x9a\xbe\x12\xdf\x17\xaeN\x1e"""
11E8E149-EC27-F28E-9ABE-12DF17AE4E1E,2023-ncaa-d3-conf-North Atlantic,ncaa,8,8,2,8,5,8,8,7,8,8,7,8,8,7,5,6,8,9,5,9,9,7,7,8,8,8,8,7,6,7,9,7,7,7,8,8,8,11,9,9,8,9,10,10,,,8,8,,,8,4,7,7,8,8,9,8,8,8,8,9,10,10,9,10,9,8,7,8,9,11,10,,6,,,8,10,9,8,10,9,7,10,11,11,10,11,4,2,8,2,3,7,8,12,10,9,6,9,2,7,7,9,9,7,8,9,7,7,9,9,10,9,10,8,,,7,9,,,8,9,8,8,8,7,9,7,9,5,11,10,3,2,3,5,5,4,6,5,8,11,9,9,,9,,,"b""\x11\xe8\xe1I\xec'\xf2\x8e\x9a\xbe\x12\xdf\x17\xaeN\x1e"""
11E8E149-EC27-F28E-9ABE-12DF17AE4E1E,2023-ncaa-d3-natl,ncaa,289,269,333,292,359,362,348,345,342,340,342,321,278,229,324,139,397,396,294,394,385,367,343,335,349,359,237,152,372,333,313,341,239,354,304,294,134,314,377,334,348,328,315,298,,,129,204,,,353,333,167,243,362,340,270,323,295,242,179,404,405,402,333,215,296,268,304,268,360,317,293,,220,,,351,147,233,131,329,241,118,359,208,223,186,304,50,45,205,47,67,100,92,317,288,289,102,254,46,147,239,148,313,137,304,321,345,280,222,341,322,368,150,250,,,395,397,,,353,96,362,275,354,277,330,293,330,233,274,304,61,61,63,245,237,209,288,257,357,207,355,202,,395,,,"b""\x11\xe8\xe1I\xec'\xf2\x8e\x9a\xbe\x12\xdf\x17\xaeN\x1e"""
11E8E149-EC27-F28E-9ABE-12DF17AE4E1E,2024-ncaa-d3-conf-North Atlantic,ncaa,7,11,1,9,3,5,5,7,5,8,10,5,4,4,6,3,4,7,8,7,1,7,6,5,6,7,3,3,8,12,12,3,5,5,7,6,6,12,10,9,12,13,8,11,,,10,7,,,11,5,12,10,9,8,12,10,13,6,8,8,10,10,12,14,13,5,12,7,10,13,10,,7,,,10,11,11,10,6,11,13,6,9,10,9,6,11,11,10,11,7,10,11,7,8,12,8,9,8,8,5,11,12,9,7,9,3,9,12,10,11,11,7,8,,,2,2,,,11,10,8,11,10,8,7,7,7,9,8,7,11,9,8,6,3,3,5,4,6,13,9,4,,5,,,"b""\x11\xe8\xe1I\xec'\xf2\x8e\x9a\xbe\x12\xdf\x17\xaeN\x1e"""
11E8E149-EC27-F28E-9ABE-12DF17AE4E1E,2024-ncaa-d3-natl,ncaa,299,206,392,283,398,388,388,406,281,408,416,204,194,177,213,18,394,388,325,385,74,406,402,213,236,319,37,27,292,414,407,347,127,394,275,311,31,201,372,301,415,413,343,318,,,44,200,,,295,397,204,380,340,348,382,391,419,91,58,364,346,336,394,339,414,118,332,214,343,412,295,,175,,,316,36,48,40,161,60,66,142,72,52,234,159,67,64,177,65,141,38,28,162,145,242,170,204,166,44,127,35,407,31,275,90,247,398,353,333,158,335,57,331,,,368,132,,,295,31,350,218,321,195,229,285,239,297,197,178,177,187,191,267,186,154,234,198,236,362,304,139,,228,,,"b""\x11\xe8\xe1I\xec'\xf2\x8e\x9a\xbe\x12\xdf\x17\xaeN\x1e"""
11E8E149-EC27-F28E-9ABE-12DF17AE4E1E,2025-ncaa-d3-conf-North Atlantic,genius_ncaa,4,4,4,4,6,5,5,6,5,6,8,4,3,3,3,2,9,9,9,9,5,6,6,4,5,5,3,2,9,10,9,5,5,6,6,5,4,6,6,5,5,5,4,4,,,5,5,,7,6,6,8,6,5,5,8,7,10,2,3,9,9,9,8,10,10,5,7,5,6,5,4,,5,,6,6,6,4,3,6,4,4,6,3,2,3,3,10,8,9,7,8,3,4,4,6,6,6,2,8,4,5,7,9,6,6,6,7,6,6,6,5,5,8,9,,,9,10,,7,6,5,5,6,6,6,5,5,5,5,3,4,10,9,9,5,3,5,6,5,6,5,5,8,,10,,7,"b""\x11\xe8\xe1I\xec'\xf2\x8e\x9a\xbe\x12\xdf\x17\xaeN\x1e"""
11E8E149-EC27-F28E-9ABE-12DF17AE4E1E,2025-ncaa-d3-natl,genius_ncaa,293,242,373,291,376,359,354,380,250,387,410,195,110,120,134,9,411,412,367,411,259,391,388,162,228,289,30,6,414,410,403,325,236,386,339,243,26,231,367,253,323,260,235,218,,,50,106,,180,302,374,156,101,318,290,328,376,413,42,35,410,407,404,373,286,403,134,336,133,336,240,183,,130,,260,308,53,71,68,152,104,115,152,76,73,164,167,118,108,265,105,149,58,40,153,147,201,158,154,202,148,236,93,403,95,339,233,367,334,271,325,221,338,63,309,,,403,387,,327,302,48,332,211,305,240,251,299,266,324,186,206,235,220,206,292,275,270,293,294,326,245,312,136,,402,,306,"b""\x11\xe8\xe1I\xec'\xf2\x8e\x9a\xbe\x12\xdf\x17\xaeN\x1e"""
11E8E149-EC27-F28E-9ABE-12DF17AE4E1E,2026-ncaa-d3-conf-North Atlantic,genius_ncaa,5,3,8,4,8,8,8,9,4,8,9,4,4,7,3,3,5,3,9,3,1,9,9,4,4,4,1,3,3,6,3,8,8,8,3,8,10,2,5,5,5,4,1,2,,,2,4,,5,4,10,8,1,3,4,4,5,7,2,3,1,1,1,3,2,3,2,2,4,6,3,1,,6,,8,4,1,1,2,1,2,3,2,2,4,2,8,3,1,9,1,4,2,2,1,1,3,6,3,7,7,8,3,3,2,3,2,6,8,6,6,3,4,1,1,,,5,1,,5,4,2,3,3,4,4,3,8,2,8,3,7,7,4,4,8,8,8,3,6,4,5,5,1,,1,,5,"b""\x11\xe8\xe1I\xec'\xf2\x8e\x9a\xbe\x12\xdf\x17\xaeN\x1e"""
11E8E149-EC27-F28E-9ABE-12DF17AE4E1E,2026-ncaa-d3-natl,genius_ncaa,157,132,215,163,249,199,211,178,288,280,265,255,78,56,212,51,162,93,357,100,38,167,199,250,260,211,47,55,177,51,48,143,318,94,164,156,95,120,81,108,139,135,7,13,,,101,37,,104,68,249,104,113,97,148,36,250,234,38,12,100,35,36,25,36,14,22,5,84,153,89,3,,91,,111,58,92,123,252,5,135,264,12,123,243,29,246,46,27,316,23,3,219,213,4,3,8,109,216,59,356,318,225,48,284,164,276,408,211,222,269,80,52,24,18,,,138,111,,291,68,172,142,34,66,71,135,382,156,378,134,320,22,14,11,351,357,390,332,374,331,134,77,13,,41,,304,"b""\x11\xe8\xe1I\xec'\xf2\x8e\x9a\xbe\x12\xdf\x17\xaeN\x1e"""
11E8E149-EC2C-5CDE-9ABE-12DF17AE4E1E,2018-ncaa-d3-conf-UAA,ncaa,4,4,1,4,3,4,3,2,5,4,2,5,6,7,4,6,5,5,5,5,7,3,4,5,5,4,7,6,6,2,2,8,5,6,5,3,4,2,2,3,2,2,5,5,,,8,8,,,4,4,7,3,4,3,2,4,2,6,7,5,5,5,3,4,2,8,6,3,2,2,5,,8,,,4,4,5,1,7,2,2,7,5,4,7,6,4,7,3,7,8,1,2,7,7,6,6,6,5,2,5,3,2,4,5,4,4,2,2,3,2,2,6,4,,,5,5,,,4,2,4,4,4,4,5,1,2,2,5,4,4,7,7,1,2,2,3,4,4,2,2,6,,5,,,"b'\x11\xe8\xe1I\xec,\\\xde\x9a\xbe\x12\xdf\x17\xaeN\x1e'"
11E8E149-EC2C-5CDE-9ABE-12DF17AE4E1E,2018-ncaa-d3-natl,ncaa,89,172,17,149,25,49,36,32,125,45,40,145,90,111,109,236,172,193,115,191,377,43,33,127,147,142,293,206,362,45,84,132,134,72,129,17,47,352,177,74,55,80,235,256,,,438,421,,,141,36,229,97,119,83,102,96,111,162,205,287,344,340,132,152,95,360,227,37,197,93,304,,398,,,150,399,349,321,300,294,270,262,383,327,381,259,400,395,285,401,379,349,386,323,352,255,364,311,331,184,134,339,84,286,129,310,182,52,75,103,213,78,368,212,,,74,272,,,141,402,128,205,156,194,146,57,118,67,273,185,325,291,294,77,143,76,141,98,157,104,95,276,,231,,,"b'\x11\xe8\xe1I\xec,\\\xde\x9a\xbe\x12\xdf\x17\xaeN\x1e'"
11E8E149-EC2C-5CDE-9ABE-12DF17AE4E1E,2019-ncaa-d3-conf-UAA,ncaa,5,5,1,5,2,6,5,3,5,6,8,5,1,1,6,1,8,8,8,8,7,5,6,5,5,5,3,1,8,5,7,7,7,7,7,5,6,2,3,4,5,5,8,8,,,8,6,,,5,5,6,2,6,5,3,6,8,1,1,8,8,8,5,6,5,7,7,5,2,5,8,,8,,,5,6,6,5,7,7,4,8,3,4,2,4,7,7,2,7,8,5,7,5,5,5,3,2,5,7,7,7,7,7,7,3,4,3,3,2,1,2,3,4,,,2,2,,,5,5,5,6,5,6,6,5,7,4,3,4,7,7,7,5,7,7,7,7,3,3,1,3,,2,,,"b'\x11\xe8\xe1I\xec,\\\xde\x9a\xbe\x12\xdf\x17\xaeN\x1e'"
11E8E149-EC2C-5CDE-9ABE-12DF17AE4E1E,2019-ncaa-d3-natl,ncaa,118,134,67,137,101,119,82,87,124,169,249,83,30,29,112,38,385,378,338,386,397,137,173,72,126,96,146,37,438,230,296,120,154,158,222,126,257,109,75,80,351,392,382,397,,,316,285,,,159,156,331,200,164,114,139,224,346,32,37,421,420,424,231,331,289,183,249,149,54,399,404,,230,,,163,279,273,305,196,320,269,294,150,308,21,270,319,276,368,273,232,317,280,171,190,226,158,110,277,227,154,338,296,303,222,132,52,237,282,171,71,50,170,207,,,145,153,,,159,291,118,212,159,174,182,176,234,169,102,239,251,207,205,178,122,150,246,196,91,317,43,134,,217,,,"b'\x11\xe8\xe1I\xec,\\\xde\x9a\xbe\x12\xdf\x17\xaeN\x1e'"
11E8E149-EC2C-5CDE-9ABE-12DF17AE4E1E,2020-ncaa-d3-conf-UAA,ncaa,2,2,1,2,8,2,1,1,3,8,8,4,1,1,1,1,8,7,3,7,7,3,7,1,2,1,1,1,8,4,5,7,3,6,5,2,2,1,1,1,4,3,3,3,,,6,8,,,2,6,6,8,2,1,1,8,8,1,1,8,7,7,3,7,4,7,6,2,1,4,3,,6,,,2,3,2,1,5,3,3,5,2,2,4,3,7,7,5,7,7,2,2,5,6,3,3,2,8,3,3,5,5,3,5,3,3,3,3,3,2,2,2,3,,,5,5,,,2,2,1,3,2,3,2,1,3,3,2,2,7,7,7,2,2,3,5,3,3,3,2,2,,5,,,"b'\x11\xe8\xe1I\xec,\\\xde\x9a\xbe\x12\xdf\x17\xaeN\x1e'"
11E8E149-EC2C-5CDE-9ABE-12DF17AE4E1E,2020-ncaa-d3-natl,ncaa,48,46,65,50,90,21,20,32,38,114,237,33,5,9,18,14,265,359,9,358,373,52,103,11,16,5,45,12,429,102,154,125,153,116,162,18,117,28,5,2,253,299,155,188,,,329,294,,,37,109,247,181,12,13,35,159,336,6,12,331,414,413,78,210,146,209,183,15,6,305,179,,265,,,34,313,294,278,241,308,335,203,208,154,306,110,350,298,404,283,197,284,318,223,257,244,194,147,300,198,153,298,154,273,162,119,38,151,185,100,32,17,133,144,,,149,220,,,37,331,4,229,32,209,201,168,221,243,152,88,285,235,217,167,166,140,202,169,85,194,18,97,,221,,,"b'\x11\xe8\xe1I\xec,\\\xde\x9a\xbe\x12\xdf\x17\xaeN\x1e'"
11E8E149-EC2C-5CDE-9ABE-12DF17AE4E1E,2022-ncaa-d3-conf-UAA,ncaa,1,1,1,1,1,1,1,1,1,1,1,1,4,4,3,6,1,1,1,1,3,1,1,2,1,1,6,6,2,3,3,1,5,1,3,2,7,3,2,1,3,4,1,1,,,5,4,,,1,1,1,6,1,1,5,1,3,4,6,1,1,1,2,3,4,3,4,3,3,4,1,,4,,,1,4,1,5,1,1,7,1,3,3,5,3,6,6,2,6,4,7,8,1,2,1,7,4,7,6,5,2,3,4,3,1,1,1,3,1,3,3,2,2,,,2,2,,,1,8,1,1,1,1,1,3,1,5,3,3,5,6,6,3,6,5,2,3,1,3,3,2,,2,,,"b'\x11\xe8\xe1I\xec,\\\xde\x9a\xbe\x12\xdf\x17\xaeN\x1e'"
11E8E149-EC2C-5CDE-9ABE-12DF17AE4E1E,2022-ncaa-d3-natl,ncaa,9,5,32,7,49,9,10,28,8,12,31,15,75,111,37,245,59,132,12,127,315,32,37,17,13,12,292,239,336,88,98,25,140,34,57,60,357,198,63,77,143,232,8,16,,,376,236,,,14,35,143,284,10,10,66,13,85,97,199,133,242,236,79,141,178,41,77,95,86,222,11,,265,,,13,296,253,381,40,248,396,30,247,273,171,139,366,347,320,346,219,391,396,40,56,73,284,199,347,345,140,235,98,286,57,55,11,82,192,17,88,22,221,98,,,35,135,,,14,394,9,80,13,110,92,236,110,278,134,145,278,253,255,236,251,227,76,123,10,180,32,147,,104,,,"b'\x11\xe8\xe1I\xec,\\\xde\x9a\xbe\x12\xdf\x17\xaeN\x1e'"
11E8E149-EC2C-5CDE-9ABE-12DF17AE4E1E,2023-ncaa-d3-conf-UAA,ncaa,1,1,1,1,4,1,1,2,1,1,2,2,5,6,2,6,8,7,7,6,8,3,8,1,2,1,7,6,8,7,4,8,8,7,6,1,3,1,1,1,1,1,1,1,,,1,1,,,1,7,7,4,1,1,2,1,2,5,6,8,7,6,3,8,7,8,7,1,1,1,1,,1,,,1,1,1,3,1,2,6,1,1,1,2,1,2,2,4,2,2,1,6,1,1,1,1,1,4,7,8,2,4,5,6,1,1,1,1,1,2,2,1,1,,,4,1,,,1,2,1,1,1,1,1,3,2,6,1,1,2,2,2,1,6,7,2,5,1,1,2,1,,4,,,"b'\x11\xe8\xe1I\xec,\\\xde\x9a\xbe\x12\xdf\x17\xaeN\x1e'"
11E8E149-EC2C-5CDE-9ABE-12DF17AE4E1E,2023-ncaa-d3-natl,ncaa,11,9,33,12,55,19,14,36,13,28,73,16,37,65,16,148,194,206,160,195,337,42,71,12,17,7,253,131,423,149,187,51,202,79,160,21,189,56,12,4,132,211,4,4,,,192,78,,,10,61,228,288,16,12,76,41,150,48,111,274,314,306,93,244,222,127,187,32,12,210,4,,65,,,8,178,208,363,49,263,390,42,134,185,99,100,193,184,227,192,84,350,375,37,36,37,113,142,184,341,202,266,187,322,160,102,56,61,98,34,70,27,245,157,,,72,149,,,10,368,11,46,8,58,84,183,127,261,66,87,94,83,92,143,208,243,100,161,46,107,29,170,,175,,,"b'\x11\xe8\xe1I\xec,\\\xde\x9a\xbe\x12\xdf\x17\xaeN\x1e'"
11E8E149-EC2C-5CDE-9ABE-12DF17AE4E1E,2024-ncaa-d3-conf-UAA,ncaa,1,1,1,1,2,1,1,3,1,1,2,1,1,8,1,7,4,4,2,4,6,3,6,1,1,1,5,4,7,3,1,2,1,2,1,1,2,4,3,1,1,1,1,1,,,1,3,,,1,6,6,2,1,1,3,1,2,1,8,4,4,4,3,6,3,2,2,1,4,1,1,,1,,,1,1,1,1,1,1,1,1,3,3,3,5,2,2,3,2,3,1,1,1,1,1,7,6,4,3,1,1,1,1,1,3,8,1,1,1,1,1,1,1,,,5,5,,,1,3,1,1,1,1,1,1,1,1,3,3,2,2,2,1,1,3,1,1,3,1,1,1,,5,,,"b'\x11\xe8\xe1I\xec,\\\xde\x9a\xbe\x12\xdf\x17\xaeN\x1e'"
11E8E149-EC2C-5CDE-9ABE-12DF17AE4E1E,2024-ncaa-d3-natl,ncaa,1,1,5,1,6,3,2,17,1,3,26,2,25,93,3,239,66,95,77,92,311,22,25,2,1,2,316,205,395,92,76,3,26,9,10,1,83,227,67,5,130,253,4,3,,,333,158,,,2,18,276,244,11,7,146,11,147,75,225,206,280,277,172,289,244,31,91,5,53,288,5,,113,,,4,277,292,409,46,289,407,30,263,316,152,165,209,251,77,236,90,409,401,43,32,39,193,234,150,225,26,184,76,199,10,224,149,70,174,109,73,14,238,88,,,23,145,,,2,409,2,36,4,37,64,116,76,193,95,103,56,70,62,88,88,56,6,12,68,236,13,107,,201,,,"b'\x11\xe8\xe1I\xec,\\\xde\x9a\xbe\x12\xdf\x17\xaeN\x1e'"
11E8E149-EC2C-5CDE-9ABE-12DF17AE4E1E,2025-ncaa-d3-conf-UAA,genius_ncaa,1,1,1,1,5,1,1,1,1,1,2,1,1,2,1,4,5,6,1,6,8,1,1,1,1,1,7,4,8,4,2,4,6,2,3,1,1,1,1,1,1,1,1,1,,,1,1,,2,1,1,1,5,1,1,1,1,2,1,2,5,6,6,1,1,4,4,2,1,1,1,1,,1,,2,1,1,1,2,1,3,8,1,1,1,1,1,1,2,1,2,1,1,8,1,1,1,1,1,4,6,6,1,2,3,3,1,2,1,1,1,1,1,1,1,,,4,6,,2,1,8,1,1,1,1,1,2,3,8,1,1,1,2,2,1,8,6,1,3,1,1,1,1,,4,,2,"b'\x11\xe8\xe1I\xec,\\\xde\x9a\xbe\x12\xdf\x17\xaeN\x1e'"
11E8E149-EC2C-5CDE-9ABE-12DF17AE4E1E,2025-ncaa-d3-natl,genius_ncaa,1,1,3,1,10,1,1,5,1,1,20,1,2,16,10,146,31,42,50,45,238,5,6,1,1,1,282,176,390,70,79,20,153,30,63,1,44,174,11,2,7,17,2,10,,,303,85,,319,1,4,117,258,2,1,46,2,134,22,81,116,181,182,46,132,215,196,205,1,29,20,5,,94,,241,1,199,262,391,40,340,415,28,38,51,73,7,181,214,101,210,46,384,414,25,20,5,27,24,178,330,153,230,79,292,63,138,76,6,8,5,20,1,174,43,,,31,230,,10,1,415,1,6,1,17,42,81,109,287,9,4,41,51,50,52,248,140,18,40,30,12,4,56,,192,,26,"b'\x11\xe8\xe1I\xec,\\\xde\x9a\xbe\x12\xdf\x17\xaeN\x1e'"
11E8E149-EC2C-5CDE-9ABE-12DF17AE4E1E,2026-ncaa-d3-natl,genius_ncaa,98,21,327,49,382,117,83,308,1,109,341,1,66,191,12,82,300,288,278,278,150,306,339,1,1,1,217,101,394,220,55,369,176,345,118,39,60,31,31,4,13,1,283,217,,,59,42,,370,3,358,1,416,1,1,53,3,203,8,44,169,154,147,54,135,67,340,198,1,63,1,222,,139,,411,1,18,21,37,8,24,70,5,10,12,77,12,55,47,262,47,106,32,121,3,6,1,115,37,348,54,176,55,55,52,118,24,212,9,1,1,38,57,8,3,,,269,76,,169,3,147,1,1,1,3,7,25,30,180,6,4,99,75,79,14,385,111,111,98,25,1,68,3,,63,,114,"b'\x11\xe8\xe1I\xec,\\\xde\x9a\xbe\x12\xdf\x17\xaeN\x1e'"
11E8E149-EC30-BEAA-9ABE-12DF17AE4E1E,2018-ncaa-d3-conf-Empire 8,ncaa,4,4,5,4,7,5,6,9,4,8,9,2,3,1,5,1,3,4,4,4,1,9,9,4,3,2,1,1,1,9,6,7,7,8,6,5,1,3,6,2,7,6,4,4,,,4,5,,,3,8,7,7,4,6,9,8,9,1,1,1,2,2,9,9,9,7,8,2,5,6,4,,5,,,3,1,2,1,6,5,2,7,1,1,4,1,4,5,3,5,5,1,1,6,6,4,2,1,5,1,7,4,6,3,6,2,5,5,3,3,4,5,2,6,,,6,3,,,3,1,4,4,3,2,4,3,6,5,1,1,5,6,6,2,2,5,5,5,3,4,5,2,,4,,,b'\x11\xe8\xe1I\xec0\xbe\xaa\x9a\xbe\x12\xdf\x17\xaeN\x1e'
11E8E149-EC30-BEAA-9ABE-12DF17AE4E1E,2018-ncaa-d3-natl,ncaa,196,197,197,202,264,237,278,336,202,333,396,155,90,90,150,52,169,197,88,191,28,322,334,134,115,129,38,67,121,287,239,293,201,310,219,215,107,137,226,177,272,240,163,156,,,219,335,,,171,339,388,303,228,292,373,364,423,88,77,139,183,179,355,379,300,319,330,203,150,281,161,,228,,,173,103,109,71,242,176,177,202,65,36,257,60,231,273,81,260,300,82,86,224,221,213,136,78,315,135,201,121,239,112,219,120,185,250,189,195,202,278,157,324,,,237,125,,,171,86,159,211,177,114,123,61,192,194,62,34,228,281,269,80,55,157,134,129,142,266,207,162,,249,,,b'\x11\xe8\xe1I\xec0\xbe\xaa\x9a\xbe\x12\xdf\x17\xaeN\x1e'
11E8E149-EC30-BEAA-9ABE-12DF17AE4E1E,2019-ncaa-d3-conf-Empire 8,ncaa,2,2,3,2,4,3,4,7,4,7,8,4,1,4,2,4,2,2,4,2,2,5,5,2,2,2,2,3,3,7,6,3,5,4,4,4,3,6,5,4,9,9,3,3,,,5,5,,,4,4,9,4,3,6,9,7,9,2,4,2,2,2,8,9,8,3,6,5,4,9,3,,5,,,4,4,4,5,4,4,6,5,4,6,2,6,5,6,2,6,6,7,6,4,4,4,2,5,5,7,5,3,6,4,4,4,3,5,7,4,7,7,4,6,,,4,2,,,4,6,2,4,4,4,4,5,5,3,2,6,5,5,5,4,2,8,4,4,3,7,6,4,,4,,,b'\x11\xe8\xe1I\xec0\xbe\xaa\x9a\xbe\x12\xdf\x17\xaeN\x1e'
11E8E149-EC30-BEAA-9ABE-12DF17AE4E1E,2019-ncaa-d3-natl,ncaa,101,90,129,99,175,186,228,225,225,248,286,218,133,121,190,122,118,146,130,145,84,206,208,203,174,183,98,150,117,175,165,187,214,193,165,150,70,236,241,173,273,294,139,154,,,316,326,,,183,220,298,216,211,263,296,298,338,138,135,125,152,153,263,268,192,224,219,150,210,310,146,,292,,,183,203,195,201,207,275,237,271,80,169,28,157,319,326,211,329,309,223,219,164,182,195,124,67,320,233,214,194,165,198,165,202,190,225,228,219,259,264,255,295,,,189,175,,,183,223,172,200,182,170,169,152,246,198,65,140,289,294,300,181,155,198,143,156,169,258,228,243,,214,,,b'\x11\xe8\xe1I\xec0\xbe\xaa\x9a\xbe\x12\xdf\x17\xaeN\x1e'
11E8E149-EC30-BEAA-9ABE-12DF17AE4E1E,2020-ncaa-d3-conf-Empire 8,ncaa,3,3,5,3,8,4,4,4,3,5,7,2,4,3,2,3,5,6,5,5,6,5,5,2,3,2,3,2,7,3,3,7,5,5,3,4,3,2,3,2,4,3,1,1,,,4,5,,,3,7,4,5,4,2,2,3,6,2,3,5,6,5,3,3,3,7,3,2,3,2,1,,6,,,2,1,1,1,5,2,3,2,2,1,6,1,7,6,7,5,6,1,1,5,5,5,6,2,8,3,5,3,3,2,3,1,1,3,1,1,2,3,1,1,,,5,6,,,3,1,2,5,2,3,2,2,2,6,2,1,7,6,6,3,3,5,4,3,2,1,2,1,,5,,,b'\x11\xe8\xe1I\xec0\xbe\xaa\x9a\xbe\x12\xdf\x17\xaeN\x1e'
11E8E149-EC30-BEAA-9ABE-12DF17AE4E1E,2020-ncaa-d3-natl,ncaa,134,111,198,129,243,155,163,177,161,220,286,122,76,73,134,81,189,225,136,225,186,185,248,123,122,79,108,92,277,99,73,210,178,164,105,120,85,56,66,42,289,278,57,60,,,179,246,,,100,312,310,163,94,111,125,203,298,47,59,177,223,224,131,215,92,179,115,80,67,294,44,,209,,,99,106,100,135,125,147,244,91,69,56,227,57,279,294,228,290,254,154,110,104,125,181,187,101,348,179,178,117,73,127,105,77,105,308,287,183,71,92,124,162,,,285,295,,,100,119,56,185,97,144,138,162,173,280,81,58,289,308,302,190,130,196,136,148,101,307,83,124,,288,,,b'\x11\xe8\xe1I\xec0\xbe\xaa\x9a\xbe\x12\xdf\x17\xaeN\x1e'
11E8E149-EC30-BEAA-9ABE-12DF17AE4E1E,2021-ncaa-d3-conf-Empire 8,ncaa,1,2,1,2,1,2,2,1,3,2,1,3,2,3,3,4,2,2,2,2,4,1,2,3,3,3,3,4,4,2,4,1,4,1,4,1,2,5,3,2,2,4,1,2,,,5,2,,,2,2,4,1,2,3,3,4,4,4,4,3,3,3,3,4,4,1,3,3,3,3,2,,2,,,3,5,5,6,1,5,6,1,6,7,5,5,4,4,6,4,4,6,6,2,2,2,5,6,5,5,4,6,4,6,4,5,1,3,4,2,6,5,6,3,,,2,4,,,2,6,3,3,3,2,3,5,2,4,5,5,4,3,3,4,3,4,3,4,1,3,5,4,,4,,,b'\x11\xe8\xe1I\xec0\xbe\xaa\x9a\xbe\x12\xdf\x17\xaeN\x1e'
11E8E149-EC30-BEAA-9ABE-12DF17AE4E1E,2021-ncaa-d3-natl,ncaa,35,58,81,49,100,69,63,72,62,64,69,89,75,97,55,155,134,146,54,142,252,83,92,65,74,54,195,130,256,44,22,68,110,52,29,39,36,133,42,14,92,128,45,41,,,120,22,,,30,108,211,110,57,40,49,45,54,84,135,197,232,232,70,125,30,31,17,15,51,142,37,,18,,,33,138,149,195,34,135,182,26,195,211,109,228,112,109,149,113,34,179,180,38,30,43,182,251,50,200,110,155,22,176,29,127,62,118,173,89,193,165,229,188,,,136,246,,,30,176,29,53,32,41,60,180,52,135,177,203,28,20,25,128,96,181,63,99,43,184,156,230,,240,,,b'\x11\xe8\xe1I\xec0\xbe\xaa\x9a\xbe\x12\xdf\x17\xaeN\x1e'
11E8E149-EC30-BEAA-9ABE-12DF17AE4E1E,2022-ncaa-d3-conf-Empire 8,ncaa,3,3,1,3,1,3,3,2,3,4,6,3,1,4,2,4,6,7,1,7,8,3,4,2,2,2,4,3,8,5,4,2,3,2,3,2,1,3,3,2,8,8,2,4,,,3,2,,,3,4,7,5,3,3,4,5,6,1,4,7,7,7,4,7,5,3,4,2,2,8,3,,3,,,3,4,6,7,3,9,9,3,1,1,2,1,5,3,8,3,2,8,7,3,2,4,1,1,5,4,3,5,4,5,3,2,1,7,8,4,5,5,1,3,,,7,7,,,3,6,2,3,3,3,4,5,7,9,1,1,3,3,3,4,3,3,2,3,2,8,4,1,,7,,,b'\x11\xe8\xe1I\xec0\xbe\xaa\x9a\xbe\x12\xdf\x17\xaeN\x1e'
11E8E149-EC30-BEAA-9ABE-12DF17AE4E1E,2022-ncaa-d3-natl,ncaa,96,156,32,134,50,73,77,42,201,162,144,234,23,31,51,52,244,312,35,309,372,57,60,140,148,127,62,27,389,76,197,44,229,42,198,25,17,205,90,34,195,282,72,150,,,172,52,,,100,65,267,290,135,143,91,272,276,36,48,332,399,398,148,234,161,76,97,39,92,281,96,,52,,,112,291,331,399,89,370,417,68,127,178,99,53,212,200,262,174,27,390,377,55,54,92,52,73,149,382,229,383,197,392,198,161,34,162,286,120,293,205,324,281,,,260,396,,,100,359,116,128,112,108,160,292,231,368,45,56,104,84,63,232,198,307,251,286,64,274,201,257,,401,,,b'\x11\xe8\xe1I\xec0\xbe\xaa\x9a\xbe\x12\xdf\x17\xaeN\x1e'
11E8E149-EC30-BEAA-9ABE-12DF17AE4E1E,2023-ncaa-d3-conf-Empire 8,ncaa,2,2,1,2,1,3,2,2,2,2,3,3,4,6,2,7,3,3,2,3,6,3,3,2,2,2,7,6,4,4,4,2,3,3,3,3,7,4,3,3,4,5,2,3,,,4,4,,,2,3,5,4,3,2,4,2,5,4,7,3,5,5,4,6,6,3,4,3,3,5,2,,4,,,2,6,5,8,4,10,10,3,5,3,4,2,6,5,10,5,4,8,7,4,3,3,1,2,7,6,3,4,4,4,3,3,2,3,4,3,5,5,1,1,,,2,3,,,2,8,2,3,2,4,5,6,8,9,3,2,5,5,5,4,4,5,3,3,3,3,5,1,,2,,,b'\x11\xe8\xe1I\xec0\xbe\xaa\x9a\xbe\x12\xdf\x17\xaeN\x1e'
11E8E149-EC30-BEAA-9ABE-12DF17AE4E1E,2023-ncaa-d3-natl,ncaa,67,85,63,81,83,86,93,110,85,87,124,90,151,177,118,253,65,108,38,113,192,113,125,93,81,79,243,256,152,134,140,80,107,95,96,86,187,187,133,109,218,260,78,106,,,126,76,,,112,136,288,164,109,115,208,107,189,195,239,83,164,165,197,262,179,123,143,120,128,278,98,,47,,,114,268,283,295,213,289,319,176,252,216,297,179,220,154,405,148,99,275,274,204,211,208,192,228,163,183,107,213,140,195,96,246,159,163,199,199,281,247,91,48,,,66,84,,,112,294,77,186,111,155,186,167,197,205,194,139,149,84,82,127,127,129,107,105,173,237,231,47,,108,,,b'\x11\xe8\xe1I\xec0\xbe\xaa\x9a\xbe\x12\xdf\x17\xaeN\x1e'
11E8E149-EC30-BEAA-9ABE-12DF17AE4E1E,2024-ncaa-d3-conf-Empire 8,ncaa,2,2,4,2,6,2,2,3,1,1,3,1,8,8,5,9,4,4,6,4,6,4,5,1,1,2,9,9,8,5,2,1,1,2,1,1,2,3,3,2,3,3,1,1,,,4,4,,,2,5,4,6,2,1,4,1,1,8,8,4,4,3,4,5,4,1,2,1,3,3,1,,4,,,2,1,1,5,2,2,6,1,2,3,3,3,4,4,4,4,3,3,4,2,2,3,4,5,5,1,1,1,2,1,1,1,1,5,5,3,3,3,3,2,,,4,2,,,2,5,2,3,2,3,3,5,3,6,2,3,3,4,3,4,2,1,1,1,1,6,3,3,,3,,,b'\x11\xe8\xe1I\xec0\xbe\xaa\x9a\xbe\x12\xdf\x17\xaeN\x1e'
11E8E149-EC30-BEAA-9ABE-12DF17AE4E1E,2024-ncaa-d3-natl,ncaa,42,17,112,28,168,81,48,174,8,24,102,7,264,300,199,333,223,172,333,169,266,171,200,20,29,35,404,362,362,183,91,64,47,98,25,35,60,143,135,30,99,84,12,11,,,83,69,,,23,207,275,222,56,23,198,14,108,293,329,240,193,189,202,269,207,40,86,20,113,115,13,,47,,,18,62,83,196,32,119,218,44,78,168,23,198,88,81,241,84,85,168,175,29,23,30,146,162,171,128,47,48,91,64,25,87,163,182,163,98,208,195,145,87,,,164,129,,,23,211,32,30,18,33,60,145,91,186,60,141,67,55,56,103,110,100,21,41,74,207,173,131,,177,,,b'\x11\xe8\xe1I\xec0\xbe\xaa\x9a\xbe\x12\xdf\x17\xaeN\x1e'
11E8E149-EC30-BEAA-9ABE-12DF17AE4E1E,2025-ncaa-d3-conf-Empire 8,genius_ncaa,3,3,3,3,4,3,3,3,1,3,5,1,2,4,1,4,6,6,10,5,7,4,3,1,1,1,10,6,11,6,6,3,3,3,4,3,2,4,4,3,4,5,1,1,,,8,9,,8,3,3,5,10,2,2,4,3,5,2,5,6,7,7,5,5,6,2,5,1,6,5,1,,8,,7,3,4,2,6,2,2,8,1,8,7,12,7,11,11,11,11,10,7,9,2,2,3,11,9,11,4,3,5,6,5,4,3,7,3,4,1,6,5,6,6,,,9,9,,1,3,9,2,3,2,2,2,4,2,6,7,7,10,9,9,4,5,4,4,3,3,4,5,6,,9,,2,b'\x11\xe8\xe1I\xec0\xbe\xaa\x9a\xbe\x12\xdf\x17\xaeN\x1e'
11E8E149-EC30-BEAA-9ABE-12DF17AE4E1E,2025-ncaa-d3-natl,genius_ncaa,57,56,55,61,97,48,38,77,25,57,167,15,46,63,70,105,248,211,294,203,247,98,105,23,37,40,220,122,397,147,186,52,154,77,129,24,49,168,99,21,130,174,9,7,,,200,132,,89,58,94,189,258,37,30,105,55,225,54,80,304,285,277,125,193,203,58,106,18,104,176,2,,136,,75,59,242,186,338,54,155,334,34,262,252,273,154,339,317,305,314,241,347,328,59,78,126,326,250,327,291,154,268,186,285,129,218,235,169,237,182,272,222,316,280,,,296,380,,138,58,319,38,135,60,145,105,220,94,237,207,175,306,269,268,234,213,224,154,189,154,238,226,283,,383,,183,b'\x11\xe8\xe1I\xec0\xbe\xaa\x9a\xbe\x12\xdf\x17\xaeN\x1e'
11E8E149-EC30-BEAA-9ABE-12DF17AE4E1E,2026-ncaa-d3-conf-Empire 8,genius_ncaa,1,1,1,1,1,2,2,2,2,2,2,2,2,3,2,3,2,2,4,2,2,1,2,2,2,2,3,2,2,3,3,2,3,3,3,2,2,3,2,2,1,1,2,2,,,3,3,,1,1,1,1,1,2,2,2,2,2,2,3,2,2,2,1,2,3,2,3,2,3,1,2,,3,,1,1,1,1,1,1,1,1,1,1,3,1,3,4,4,2,4,4,1,4,1,1,1,3,2,4,3,3,2,3,3,3,1,2,1,1,1,1,1,1,1,,,1,1,,1,1,3,2,1,1,1,1,1,1,1,1,3,4,4,4,1,4,3,2,3,1,1,1,1,,1,,1,b'\x11\xe8\xe1I\xec0\xbe\xaa\x9a\xbe\x12\xdf\x17\xaeN\x1e'
11E8E149-EC30-BEAA-9ABE-12DF17AE4E1E,2026-ncaa-d3-natl,genius_ncaa,157,68,327,116,335,283,235,344,39,178,273,36,340,359,219,338,314,277,347,278,240,336,357,71,91,79,387,346,296,352,281,294,186,339,208,235,223,41,91,64,239,114,261,208,,,38,55,,45,152,346,195,34,87,45,140,21,70,297,317,204,140,147,129,201,296,82,171,70,90,106,206,,75,,72,138,83,79,87,133,68,81,134,162,147,205,306,109,95,308,92,179,75,73,150,167,201,303,311,220,114,186,76,281,87,208,122,295,325,231,252,103,217,134,182,,,354,296,,323,152,68,107,198,142,232,207,280,157,218,299,323,225,173,167,257,260,251,210,232,270,211,209,229,,291,,313,b'\x11\xe8\xe1I\xec0\xbe\xaa\x9a\xbe\x12\xdf\x17\xaeN\x1e'
11E8E149-EC35-332C-9ABE-12DF17AE4E1E,2018-ncaa-d3-conf-American Rivers,ncaa,7,7,7,7,8,6,7,2,7,5,2,7,9,7,9,8,6,8,4,8,9,3,4,8,8,6,8,9,4,3,4,9,9,9,9,7,8,3,2,7,1,1,9,9,,,6,7,,,8,5,1,5,5,4,1,2,1,9,4,5,4,4,1,1,2,9,9,7,5,1,9,,8,,,8,8,8,1,9,9,1,9,8,3,9,6,7,7,8,7,8,1,3,9,9,9,6,4,7,3,9,9,4,7,9,9,9,1,1,6,4,3,9,8,,,8,9,,,8,4,6,9,8,9,9,2,9,1,8,7,8,8,8,4,8,4,9,9,9,1,5,9,,8,,,"b'\x11\xe8\xe1I\xec53,\x9a\xbe\x12\xdf\x17\xaeN\x1e'"
11E8E149-EC35-332C-9ABE-12DF17AE4E1E,2018-ncaa-d3-natl,ncaa,196,172,305,187,346,101,112,87,168,134,150,129,108,79,213,121,110,172,38,167,227,97,131,156,132,93,179,174,213,146,216,396,250,332,337,121,206,98,54,73,26,13,434,422,,,217,203,,,192,135,29,303,24,27,17,63,77,80,51,45,116,107,15,30,92,417,305,58,144,11,438,,289,,,192,379,368,99,439,231,28,442,434,403,416,436,218,147,409,138,346,91,243,443,442,387,389,420,105,78,250,328,216,214,337,437,443,47,25,249,205,149,388,368,,,255,359,,,192,291,94,341,206,411,394,186,307,27,438,428,263,188,181,172,360,108,385,305,433,16,256,411,,188,,,"b'\x11\xe8\xe1I\xec53,\x9a\xbe\x12\xdf\x17\xaeN\x1e'"
11E8E149-EC35-332C-9ABE-12DF17AE4E1E,2019-ncaa-d3-conf-American Rivers,ncaa,6,6,5,6,6,5,6,3,8,6,3,9,4,4,5,5,7,7,5,7,9,2,4,6,6,5,5,4,7,4,7,9,9,8,9,6,8,1,1,6,2,3,8,8,,,8,8,,,6,3,3,4,4,5,1,7,3,3,4,6,7,7,1,2,4,9,8,6,1,1,9,,7,,,6,8,8,7,8,8,6,8,5,5,4,6,7,7,3,7,7,7,8,8,8,7,2,2,6,9,9,9,7,9,9,8,9,2,3,5,3,2,9,7,,,9,9,,,6,6,6,8,6,7,7,6,8,5,5,6,7,7,7,7,8,8,9,9,8,2,5,8,,8,,,"b'\x11\xe8\xe1I\xec53,\x9a\xbe\x12\xdf\x17\xaeN\x1e'"
11E8E149-EC35-332C-9ABE-12DF17AE4E1E,2019-ncaa-d3-natl,ncaa,263,185,390,242,392,244,245,257,248,284,308,252,126,126,150,89,292,334,94,337,293,276,323,206,214,176,113,81,306,271,282,420,427,399,415,242,240,68,113,154,75,35,346,318,,,203,264,,,290,331,46,17,57,74,20,170,129,43,39,190,234,240,27,38,133,421,346,123,217,20,331,,392,,,301,291,289,81,424,240,37,437,340,336,251,403,234,196,329,191,365,81,136,429,431,380,279,309,184,318,427,244,282,275,415,420,430,107,60,301,220,275,352,378,,,383,391,,,290,107,174,400,299,425,412,343,377,143,418,425,365,348,342,363,422,405,403,413,433,20,340,412,,283,,,"b'\x11\xe8\xe1I\xec53,\x9a\xbe\x12\xdf\x17\xaeN\x1e'"
11E8E149-EC35-332C-9ABE-12DF17AE4E1E,2020-ncaa-d3-conf-American Rivers,ncaa,7,7,7,7,8,6,6,5,7,5,3,7,5,7,4,7,7,7,7,7,9,5,8,7,7,6,7,5,6,7,8,9,9,8,9,7,9,1,3,6,6,7,8,8,,,4,4,,,8,8,2,8,5,5,1,4,2,5,6,7,6,6,1,2,6,9,8,6,3,6,7,,7,,,8,9,9,8,9,8,7,8,8,4,9,3,9,9,9,9,6,8,5,9,9,9,2,4,2,9,9,9,8,9,9,9,7,8,8,9,4,5,8,7,,,9,9,,,8,2,6,9,8,9,9,9,8,8,8,7,9,9,9,9,9,9,9,9,9,8,6,8,,8,,,"b'\x11\xe8\xe1I\xec53,\x9a\xbe\x12\xdf\x17\xaeN\x1e'"
11E8E149-EC35-332C-9ABE-12DF17AE4E1E,2020-ncaa-d3-natl,ncaa,344,329,372,351,388,194,188,247,138,205,257,159,150,208,100,207,183,187,191,189,189,240,295,132,127,119,187,176,236,373,400,421,426,414,427,278,378,100,135,226,144,158,330,354,,,179,156,,,382,227,17,303,55,64,55,90,114,102,135,101,94,96,46,69,354,424,420,208,208,85,312,,322,,,380,436,432,248,437,424,237,437,416,260,437,241,355,298,414,291,265,270,242,438,438,438,193,284,131,360,426,312,400,341,427,428,314,233,265,396,295,325,387,388,,,300,283,,,382,204,187,437,376,438,435,403,429,387,432,354,410,374,373,415,421,395,403,410,431,147,359,421,,172,,,"b'\x11\xe8\xe1I\xec53,\x9a\xbe\x12\xdf\x17\xaeN\x1e'"
11E8E149-EC35-332C-9ABE-12DF17AE4E1E,2021-ncaa-d3-conf-American Rivers,ncaa,8,8,7,8,7,9,9,9,9,9,7,9,9,9,7,8,7,6,8,6,4,8,9,9,9,9,8,7,2,9,9,8,9,9,9,9,9,5,7,8,8,8,6,4,,,1,1,,,9,9,8,5,9,9,9,9,5,9,9,5,5,5,8,9,9,7,8,9,7,8,5,,1,,,9,4,5,2,7,2,1,7,9,6,9,9,1,1,3,1,1,2,1,9,9,9,9,9,1,5,9,5,9,4,9,9,9,8,8,8,5,8,3,5,,,8,3,,,9,1,9,9,9,9,9,5,4,2,9,8,1,1,1,4,2,7,7,7,9,8,7,6,,7,,,"b'\x11\xe8\xe1I\xec53,\x9a\xbe\x12\xdf\x17\xaeN\x1e'"
11E8E149-EC35-332C-9ABE-12DF17AE4E1E,2021-ncaa-d3-natl,ncaa,215,238,146,237,160,186,189,190,206,179,177,223,192,197,161,234,145,137,180,137,75,189,174,211,194,242,150,211,29,205,264,183,198,192,240,200,248,197,270,272,111,81,120,68,,,91,39,,,266,162,180,110,254,262,275,243,230,242,260,140,119,125,272,244,268,244,274,267,260,96,114,,35,,,261,165,168,126,260,113,99,214,268,210,284,282,78,76,184,79,57,119,123,281,279,267,280,284,13,126,198,131,264,128,240,221,271,141,101,229,232,278,162,231,,,157,95,,,266,123,253,261,265,233,230,141,83,16,284,269,24,14,14,82,98,120,139,136,267,119,274,195,,160,,,"b'\x11\xe8\xe1I\xec53,\x9a\xbe\x12\xdf\x17\xaeN\x1e'"
11E8E149-EC35-332C-9ABE-12DF17AE4E1E,2022-ncaa-d3-conf-American Rivers,ncaa,9,9,7,9,8,9,9,8,9,8,5,9,8,7,7,7,5,5,4,5,6,8,8,9,9,8,7,7,1,4,4,9,9,9,9,9,8,5,6,8,7,7,9,9,,,3,4,,,9,8,8,9,9,9,8,8,4,8,7,5,5,5,7,8,3,9,8,8,5,7,9,,4,,,9,6,5,1,9,4,1,9,5,2,8,4,5,5,8,5,8,1,1,9,9,9,7,4,7,6,9,4,4,6,9,8,8,6,6,8,6,7,7,6,,,5,3,,,9,1,8,9,9,9,8,4,6,2,8,5,7,7,7,4,2,6,7,7,8,6,7,8,,4,,,"b'\x11\xe8\xe1I\xec53,\x9a\xbe\x12\xdf\x17\xaeN\x1e'"
11E8E149-EC35-332C-9ABE-12DF17AE4E1E,2022-ncaa-d3-natl,ncaa,381,400,250,391,297,346,360,334,360,332,292,352,328,295,358,240,219,252,124,254,164,327,322,362,340,343,191,278,39,296,293,338,259,333,307,310,139,208,308,313,317,308,387,368,,,97,155,,,390,325,347,392,377,390,375,362,294,335,276,178,208,210,366,357,293,368,354,314,250,324,402,,102,,,381,329,299,141,382,167,52,399,419,385,401,415,255,169,423,181,339,131,99,412,417,419,406,411,176,137,259,184,293,156,307,390,405,371,362,411,340,381,312,367,,,285,176,,,390,104,347,407,391,358,328,177,204,28,418,409,287,219,225,173,93,170,235,200,381,378,349,344,,255,,,"b'\x11\xe8\xe1I\xec53,\x9a\xbe\x12\xdf\x17\xaeN\x1e'"
11E8E149-EC35-332C-9ABE-12DF17AE4E1E,2023-ncaa-d3-conf-American Rivers,ncaa,8,8,7,8,9,9,9,9,9,9,9,9,9,5,9,2,9,8,9,9,8,9,9,9,9,9,2,2,4,9,9,9,9,9,9,9,2,8,9,9,7,7,8,9,,,2,3,,,9,9,5,9,9,9,9,9,9,9,5,9,8,9,9,8,9,9,9,9,8,7,8,,4,,,9,8,8,4,9,6,3,8,9,7,9,8,6,6,6,6,7,4,4,9,9,9,7,8,3,8,9,7,9,8,9,8,8,6,6,9,9,9,5,9,,,9,9,,,9,2,9,9,9,9,9,5,8,4,9,9,7,7,7,7,8,9,9,9,9,6,9,7,,9,,,"b'\x11\xe8\xe1I\xec53,\x9a\xbe\x12\xdf\x17\xaeN\x1e'"
11E8E149-EC35-332C-9ABE-12DF17AE4E1E,2023-ncaa-d3-natl,ncaa,357,325,377,359,385,402,408,398,414,413,413,397,297,176,396,37,346,363,220,368,97,399,400,406,395,392,30,86,63,400,411,405,352,406,408,396,203,167,355,381,365,323,407,372,,,65,159,,,406,395,269,130,408,416,387,416,408,229,95,302,323,329,390,364,403,408,416,395,292,318,405,,174,,,409,234,199,53,398,73,14,420,419,394,404,425,172,128,365,128,374,47,40,423,423,414,419,421,141,169,352,216,411,190,408,325,370,333,244,372,317,390,101,327,,,397,318,,,406,37,400,413,410,377,349,242,203,27,424,425,286,242,241,232,216,269,383,357,377,236,368,180,,380,,,"b'\x11\xe8\xe1I\xec53,\x9a\xbe\x12\xdf\x17\xaeN\x1e'"
11E8E149-EC35-332C-9ABE-12DF17AE4E1E,2024-ncaa-d3-conf-American Rivers,ncaa,9,9,7,9,9,9,9,8,9,9,5,9,9,9,9,8,9,9,6,9,9,8,8,9,9,9,9,9,4,7,9,8,8,8,9,8,4,5,7,8,7,7,9,9,,,9,9,,,8,9,3,9,9,9,5,9,1,9,8,9,9,9,7,4,6,6,7,8,6,4,9,,9,,,8,8,4,1,8,1,1,8,9,9,8,9,9,9,4,8,9,3,2,8,8,8,9,9,9,6,8,9,9,9,9,8,9,6,5,8,6,8,9,9,,,9,9,,,8,2,9,8,8,8,8,5,3,1,9,9,9,9,9,5,7,7,9,9,8,5,7,9,,9,,,"b'\x11\xe8\xe1I\xec53,\x9a\xbe\x12\xdf\x17\xaeN\x1e'"
11E8E149-EC35-332C-9ABE-12DF17AE4E1E,2024-ncaa-d3-natl,ncaa,419,342,415,419,418,419,418,412,421,418,402,421,413,385,421,213,421,422,221,423,426,415,416,422,424,416,324,290,277,416,422,415,226,416,407,415,205,40,326,380,364,196,399,297,,,65,391,,,403,414,164,413,418,415,231,401,195,384,256,416,421,423,331,288,386,297,369,402,303,191,362,,387,,,410,30,26,10,381,11,4,410,338,212,397,427,76,71,239,68,420,13,13,413,415,395,422,421,216,13,226,127,422,44,407,112,376,389,191,330,158,382,300,417,,,420,395,,,403,14,417,387,413,372,323,188,138,6,425,424,338,343,339,222,239,184,423,401,359,187,373,421,,409,,,"b'\x11\xe8\xe1I\xec53,\x9a\xbe\x12\xdf\x17\xaeN\x1e'"
11E8E149-EC35-332C-9ABE-12DF17AE4E1E,2025-ncaa-d3-conf-American Rivers,genius_ncaa,9,9,7,9,7,9,9,9,9,9,7,9,8,8,8,8,7,4,9,4,2,9,8,9,9,9,6,8,1,9,9,8,9,9,9,9,2,9,9,9,8,7,9,9,,,4,5,,2,9,8,4,4,9,9,9,9,5,8,8,4,2,2,9,6,8,8,9,9,9,5,9,,8,,3,9,8,9,6,9,8,4,9,8,9,6,9,3,4,2,4,6,6,3,9,9,9,3,8,2,9,9,7,9,9,9,9,9,9,8,9,9,9,8,9,,,8,4,,9,9,2,9,9,9,8,9,8,9,6,8,9,4,6,6,8,8,9,8,9,9,7,9,8,,5,,9,"b'\x11\xe8\xe1I\xec53,\x9a\xbe\x12\xdf\x17\xaeN\x1e'"
11E8E149-EC35-332C-9ABE-12DF17AE4E1E,2025-ncaa-d3-natl,genius_ncaa,393,384,345,396,368,365,368,376,329,362,347,357,299,330,199,248,296,270,313,270,133,370,367,325,318,337,130,183,107,377,385,391,377,393,399,345,174,249,354,346,275,248,392,380,,,127,178,,138,399,351,181,393,360,370,371,357,306,272,296,243,193,195,359,287,381,399,410,326,315,218,394,,216,,172,395,378,380,162,411,272,43,417,412,395,405,408,173,124,360,127,279,140,94,419,418,418,355,402,77,270,377,201,385,239,399,406,402,361,350,407,336,377,349,396,,,360,283,,361,399,68,355,418,399,399,393,337,350,103,418,414,264,203,207,330,280,333,333,337,408,328,358,384,,327,,361,"b'\x11\xe8\xe1I\xec53,\x9a\xbe\x12\xdf\x17\xaeN\x1e'"
11E8E149-EC35-332C-9ABE-12DF17AE4E1E,2026-ncaa-d3-conf-American Rivers,genius_ncaa,7,7,1,7,1,2,2,1,8,1,1,6,6,3,9,6,4,3,8,3,5,1,1,9,9,7,8,9,4,1,2,6,3,1,4,7,9,4,2,5,1,2,8,9,,,7,7,,2,7,2,2,1,4,4,1,2,1,7,3,5,4,3,1,1,1,6,1,9,3,2,8,,7,,2,7,8,8,6,8,5,6,8,9,7,7,6,8,6,8,6,7,6,5,8,8,8,7,7,7,6,3,9,2,7,4,7,4,4,6,6,3,1,9,8,,,4,4,,3,7,6,5,8,8,8,8,5,5,5,8,5,8,6,6,5,3,4,9,7,7,5,1,8,,4,,3,"b'\x11\xe8\xe1I\xec53,\x9a\xbe\x12\xdf\x17\xaeN\x1e'"
11E8E149-EC35-332C-9ABE-12DF17AE4E1E,2026-ncaa-d3-natl,genius_ncaa,390,200,400,390,401,402,400,400,293,398,403,216,371,372,324,73,402,401,293,400,186,401,405,280,295,262,165,144,258,402,339,407,205,405,341,395,184,10,144,184,389,174,399,367,,,14,239,,45,310,406,288,113,302,286,222,290,318,203,89,307,275,273,249,316,304,379,373,255,104,206,392,,169,,133,362,26,24,11,406,15,9,397,142,37,412,387,23,17,332,16,357,11,10,412,412,409,394,396,149,14,205,21,339,14,341,65,375,401,251,380,9,124,90,368,,,403,236,,236,310,10,277,401,368,369,340,131,198,35,409,359,293,237,236,144,91,104,334,239,374,302,103,340,,284,,75,"b'\x11\xe8\xe1I\xec53,\x9a\xbe\x12\xdf\x17\xaeN\x1e'"
11E8E149-EC39-C392-9ABE-12DF17AE4E1E,2018-ncaa-d3-conf-CSAC,ncaa,2,3,1,3,1,1,1,1,5,1,1,6,5,6,6,10,1,1,1,1,10,1,1,6,6,5,10,10,5,1,1,5,7,1,5,4,11,4,1,5,1,1,1,2,,,12,12,,,2,1,3,2,1,2,1,2,1,8,9,1,1,1,1,1,1,10,2,6,2,1,2,,11,,,2,10,10,10,8,12,12,9,1,2,2,1,11,11,1,11,9,12,12,5,5,3,1,1,9,10,7,12,1,12,5,6,3,1,1,2,2,1,8,1,,,1,10,,,2,12,3,3,3,3,5,3,9,10,1,1,8,10,10,3,10,5,9,8,3,2,1,5,,5,,,b'\x11\xe8\xe1I\xec9\xc3\x92\x9a\xbe\x12\xdf\x17\xaeN\x1e'
11E8E149-EC39-C392-9ABE-12DF17AE4E1E,2018-ncaa-d3-natl,ncaa,80,88,68,88,99,70,54,29,220,29,19,217,270,218,328,359,69,93,99,86,332,29,42,256,239,176,369,376,190,20,30,236,307,70,165,154,375,169,39,145,27,31,95,147,,,397,345,,,93,69,113,226,70,56,23,25,17,306,274,82,123,126,25,53,23,365,82,200,103,30,121,,371,,,96,283,325,264,308,394,389,274,36,31,162,12,291,354,40,358,243,300,369,250,228,103,30,17,257,317,307,341,30,339,165,254,148,34,42,72,112,36,206,44,,,130,344,,,93,376,109,114,102,171,221,132,324,318,17,9,219,298,310,152,311,241,241,239,189,39,76,143,,206,,,b'\x11\xe8\xe1I\xec9\xc3\x92\x9a\xbe\x12\xdf\x17\xaeN\x1e'
11E8E149-EC39-C392-9ABE-12DF17AE4E1E,2019-ncaa-d3-conf-Atlantic East,ncaa,4,4,5,4,5,4,4,4,4,4,4,5,3,2,5,2,4,5,2,5,6,5,4,4,4,4,2,3,5,4,5,4,5,4,5,5,6,4,4,5,5,5,2,2,,,4,4,,,4,3,1,4,3,3,3,4,3,3,2,4,5,5,3,3,4,3,4,5,5,5,2,,5,,,4,5,6,5,6,6,4,5,5,4,5,4,4,5,1,5,5,4,4,6,4,5,2,4,3,3,5,5,5,3,5,5,5,5,5,5,5,6,1,1,,,6,6,,,4,5,4,4,4,5,5,5,6,7,5,5,3,5,6,6,5,3,6,6,5,4,7,1,,5,,,b'\x11\xe8\xe1I\xec9\xc3\x92\x9a\xbe\x12\xdf\x17\xaeN\x1e'
11E8E149-EC39-C392-9ABE-12DF17AE4E1E,2019-ncaa-d3-natl,ncaa,169,219,67,197,109,97,149,55,309,189,121,294,107,62,255,142,28,63,35,59,104,53,53,293,246,216,88,176,54,169,337,103,272,121,328,198,317,301,161,258,225,329,131,224,,,427,357,,,295,30,43,240,128,201,70,241,187,127,91,29,83,86,64,74,233,148,186,265,225,282,155,,407,,,286,437,421,408,311,429,420,298,187,215,192,55,436,434,311,435,335,430,415,267,312,345,130,40,368,365,272,430,337,421,328,354,149,171,319,283,356,262,116,75,,,52,130,,,295,414,242,328,281,395,356,364,386,398,134,135,430,428,429,402,384,307,400,370,290,234,303,74,,53,,,b'\x11\xe8\xe1I\xec9\xc3\x92\x9a\xbe\x12\xdf\x17\xaeN\x1e'
11E8E149-EC39-C392-9ABE-12DF17AE4E1E,2020-ncaa-d3-conf-Atlantic East,ncaa,6,6,5,6,6,6,6,6,5,6,5,6,4,5,3,4,5,5,6,5,4,6,5,6,5,6,2,3,2,6,7,7,7,6,7,6,5,6,6,6,5,5,5,4,,,5,5,,,6,4,2,3,6,6,5,6,5,4,4,4,3,3,5,3,6,7,7,6,6,5,5,,5,,,6,4,4,5,5,6,5,5,4,5,3,3,6,5,7,5,5,5,4,4,5,5,2,2,6,6,7,5,7,6,7,3,1,4,4,4,6,6,6,7,,,5,5,,,6,4,6,5,6,5,4,4,5,6,4,5,6,6,5,5,6,6,6,6,3,4,6,6,,4,,,b'\x11\xe8\xe1I\xec9\xc3\x92\x9a\xbe\x12\xdf\x17\xaeN\x1e'
11E8E149-EC39-C392-9ABE-12DF17AE4E1E,2020-ncaa-d3-natl,ncaa,344,368,198,357,280,320,345,276,378,337,267,383,281,227,346,220,173,104,366,109,65,236,163,376,372,382,139,217,53,252,343,253,388,256,378,318,236,399,374,382,187,249,323,361,,,416,391,,,383,127,54,303,346,367,261,363,258,281,221,156,72,73,215,100,233,248,260,340,396,174,323,,424,,,376,381,319,284,275,357,316,298,140,192,87,109,434,431,304,431,405,366,360,237,295,298,230,45,414,399,388,400,343,406,378,257,178,159,232,211,416,397,248,276,,,110,126,,,383,314,387,319,373,378,316,319,354,337,156,220,432,435,435,385,398,390,395,400,265,140,406,271,,70,,,b'\x11\xe8\xe1I\xec9\xc3\x92\x9a\xbe\x12\xdf\x17\xaeN\x1e'
11E8E149-EC39-C392-9ABE-12DF17AE4E1E,2021-ncaa-d3-conf-Atlantic East,ncaa,4,5,1,4,1,4,4,1,5,4,1,5,3,2,4,3,3,1,5,1,3,1,1,5,5,5,2,2,4,1,4,3,2,2,5,4,3,5,4,5,1,2,4,5,,,5,5,,,5,1,4,1,5,5,3,5,4,3,3,5,4,4,4,3,3,5,5,5,4,2,5,,5,,,5,5,5,3,5,5,5,5,3,2,2,1,5,5,3,5,5,5,5,5,5,4,1,1,5,2,2,5,4,5,5,5,5,1,2,3,5,4,4,4,,,1,2,,,5,5,5,3,5,3,3,1,4,2,1,1,4,4,4,1,1,1,4,3,3,2,4,3,,2,,,b'\x11\xe8\xe1I\xec9\xc3\x92\x9a\xbe\x12\xdf\x17\xaeN\x1e'
11E8E149-EC39-C392-9ABE-12DF17AE4E1E,2021-ncaa-d3-natl,ncaa,148,92,206,125,206,213,223,215,258,230,217,261,197,192,197,119,187,159,272,156,6,208,210,252,250,249,26,91,20,184,82,221,87,213,165,229,183,77,175,239,168,30,262,280,,,94,281,,,169,214,192,110,238,260,217,262,230,152,110,78,13,12,137,115,41,269,191,240,184,50,283,,265,,,176,67,62,58,248,79,63,264,39,51,20,21,111,113,118,106,275,64,68,211,235,134,46,11,270,54,87,82,82,73,165,55,54,176,16,20,82,154,69,132,,,183,10,,,169,72,226,97,180,83,68,5,154,32,10,12,248,253,244,10,39,22,220,135,40,27,151,87,,8,,,b'\x11\xe8\xe1I\xec9\xc3\x92\x9a\xbe\x12\xdf\x17\xaeN\x1e'
11E8E149-EC39-C392-9ABE-12DF17AE4E1E,2022-ncaa-d3-conf-Atlantic East,ncaa,5,5,4,5,5,5,6,3,6,5,4,6,4,3,6,4,5,5,4,5,5,4,4,6,5,6,4,5,4,2,3,7,3,5,4,6,6,3,4,6,2,1,3,2,,,3,5,,,5,4,2,4,5,6,3,5,2,4,3,4,5,5,3,2,2,7,5,6,5,2,3,,3,,,5,3,3,2,6,3,2,6,5,2,7,1,7,6,5,6,7,2,2,6,6,5,6,4,7,2,3,5,3,2,4,4,5,2,1,3,4,4,5,6,,,7,7,,,5,4,6,4,5,4,4,2,4,2,5,2,7,7,7,2,4,2,6,4,4,1,4,6,,7,,,b'\x11\xe8\xe1I\xec9\xc3\x92\x9a\xbe\x12\xdf\x17\xaeN\x1e'
11E8E149-EC39-C392-9ABE-12DF17AE4E1E,2022-ncaa-d3-natl,ncaa,275,341,107,305,120,234,228,176,321,238,182,325,192,170,251,207,225,205,264,190,219,185,168,308,316,302,193,186,181,151,233,231,173,195,260,263,303,274,249,300,109,98,240,238,,,275,284,,,292,176,293,79,317,313,236,299,235,229,209,255,240,223,237,243,176,322,259,312,229,124,267,,228,,,281,291,256,170,303,218,176,254,304,204,391,203,331,326,289,322,332,199,218,320,343,276,318,268,299,166,173,335,233,280,260,343,343,127,116,238,293,265,307,284,,,243,306,,,292,245,291,259,283,219,184,75,156,99,267,142,294,290,285,98,118,118,298,215,285,162,257,283,,325,,,b'\x11\xe8\xe1I\xec9\xc3\x92\x9a\xbe\x12\xdf\x17\xaeN\x1e'
11E8E149-EC39-C392-9ABE-12DF17AE4E1E,2023-ncaa-d3-conf-Atlantic East,ncaa,5,5,4,5,5,5,5,6,2,6,7,1,3,3,4,1,5,5,5,5,2,6,6,1,1,3,3,2,5,6,5,5,5,6,3,6,7,4,6,6,7,7,5,6,,,3,4,,,5,6,6,5,5,4,7,6,7,3,2,5,5,5,7,7,7,4,5,6,5,7,4,,3,,,5,2,2,3,3,4,6,3,2,1,4,1,2,2,7,2,1,3,2,3,3,5,1,1,6,5,5,2,5,2,3,2,2,7,7,5,4,6,1,2,,,5,1,,,5,2,4,5,5,3,4,4,4,7,2,1,5,2,2,4,2,5,2,3,3,7,5,1,,3,,,b'\x11\xe8\xe1I\xec9\xc3\x92\x9a\xbe\x12\xdf\x17\xaeN\x1e'
11E8E149-EC39-C392-9ABE-12DF17AE4E1E,2023-ncaa-d3-natl,ncaa,210,247,109,231,162,217,241,268,195,291,360,126,97,78,189,46,217,227,193,219,62,263,303,145,145,142,58,73,191,292,310,163,238,218,274,274,278,116,164,221,342,347,258,288,,,156,193,,,208,296,398,288,268,293,362,340,401,105,91,242,266,259,360,398,340,209,296,302,88,377,283,,110,,,207,164,183,238,131,234,295,120,110,132,125,120,236,175,407,169,120,212,150,108,129,220,147,117,261,272,238,240,310,268,274,220,243,364,368,339,138,196,56,158,,,189,80,,,208,125,175,255,211,120,140,173,188,244,90,99,211,135,135,148,65,234,204,214,187,397,125,38,,227,,,b'\x11\xe8\xe1I\xec9\xc3\x92\x9a\xbe\x12\xdf\x17\xaeN\x1e'
11E8E149-EC39-C392-9ABE-12DF17AE4E1E,2024-ncaa-d3-conf-Atlantic East,ncaa,2,3,1,3,1,2,2,2,2,2,2,2,5,2,6,4,3,3,3,3,5,3,3,2,2,3,6,5,5,5,6,3,5,3,5,3,5,4,3,3,4,4,1,1,,,4,2,,,3,2,6,4,5,3,6,3,5,6,5,5,5,5,6,6,6,5,5,5,2,4,1,,2,,,3,5,5,5,2,4,6,1,3,1,6,1,5,5,2,5,3,5,5,2,2,2,3,3,4,6,5,5,6,5,5,3,4,3,3,3,6,5,5,4,,,3,2,,,3,5,3,3,3,2,2,2,2,5,3,1,4,4,4,2,2,3,2,3,2,5,3,3,,5,,,b'\x11\xe8\xe1I\xec9\xc3\x92\x9a\xbe\x12\xdf\x17\xaeN\x1e'
11E8E149-EC39-C392-9ABE-12DF17AE4E1E,2024-ncaa-d3-natl,ncaa,110,139,63,133,92,171,141,229,51,98,183,41,273,276,270,290,242,248,195,242,287,237,247,88,98,123,371,333,301,289,250,165,234,226,203,144,199,214,232,161,270,287,29,68,,,115,102,,,147,219,385,244,244,191,362,116,250,322,328,297,318,315,375,394,344,277,339,180,156,319,34,,53,,,150,159,220,261,150,299,378,88,62,26,333,10,145,153,138,162,74,243,219,115,99,140,51,47,153,265,234,129,250,184,203,195,159,254,279,234,256,259,283,257,,,166,98,,,147,200,141,159,148,86,135,128,222,334,37,9,93,105,108,110,71,204,53,90,140,324,190,231,,250,,,b'\x11\xe8\xe1I\xec9\xc3\x92\x9a\xbe\x12\xdf\x17\xaeN\x1e'
11E8E149-EC39-C392-9ABE-12DF17AE4E1E,2025-ncaa-d3-conf-Atlantic East,genius_ncaa,2,2,1,2,1,3,3,4,4,3,3,1,4,3,5,3,3,4,2,4,3,3,2,4,3,3,5,4,3,6,6,3,5,4,5,4,5,5,5,4,2,3,2,2,,,4,2,,3,3,2,4,2,4,3,5,3,5,5,4,3,4,4,5,5,6,3,5,5,4,3,2,,2,,2,3,4,5,4,3,5,6,3,1,1,2,1,4,4,3,4,2,5,5,2,3,3,1,1,3,5,5,5,6,5,5,2,1,2,3,1,4,4,2,3,,,4,4,,4,3,5,4,3,3,3,3,3,4,6,1,1,3,2,3,3,3,5,3,3,2,3,4,2,,4,,4,b'\x11\xe8\xe1I\xec9\xc3\x92\x9a\xbe\x12\xdf\x17\xaeN\x1e'
11E8E149-EC39-C392-9ABE-12DF17AE4E1E,2025-ncaa-d3-natl,genius_ncaa,121,118,116,129,125,170,154,215,89,114,205,40,276,229,334,226,177,215,86,217,218,219,240,124,113,121,341,324,204,332,353,194,323,261,324,182,266,154,169,170,115,123,76,120,,,188,151,,89,156,198,285,63,186,168,274,115,233,304,251,189,246,249,287,329,361,241,333,206,134,119,72,,155,,81,154,157,255,256,208,374,396,188,9,11,18,6,163,230,25,239,98,257,269,111,75,98,5,4,177,350,323,250,353,309,324,124,62,146,179,126,220,234,213,221,,,219,189,,250,156,222,165,145,147,125,212,204,340,378,4,5,131,194,213,202,218,316,214,274,109,166,195,203,,258,,273,b'\x11\xe8\xe1I\xec9\xc3\x92\x9a\xbe\x12\xdf\x17\xaeN\x1e'
11E8E149-EC39-C392-9ABE-12DF17AE4E1E,2026-ncaa-d3-natl,genius_ncaa,288,366,42,332,60,215,227,178,309,205,180,268,254,178,354,223,96,49,352,57,64,155,136,324,305,314,204,289,70,291,400,198,398,236,405,309,349,319,289,347,41,83,18,45,,,226,75,,156,330,108,312,104,363,371,390,334,342,338,288,180,112,122,372,364,380,371,395,384,221,86,35,,86,,123,318,322,337,334,268,354,364,238,237,243,201,101,249,268,141,271,130,330,344,244,212,181,78,121,136,399,398,373,400,389,405,327,201,63,139,190,340,333,260,259,,,104,142,,62,330,306,333,265,321,212,244,210,281,279,126,98,133,150,149,192,235,370,339,362,241,121,282,195,,244,,110,b'\x11\xe8\xe1I\xec9\xc3\x92\x9a\xbe\x12\xdf\x17\xaeN\x1e'
11E8E149-EC3E-1D70-9ABE-12DF17AE4E1E,2018-ncaa-d3-conf-North Atlantic,ncaa,6,6,3,6,6,4,5,5,5,5,4,6,3,6,1,7,4,2,9,2,1,3,3,5,5,5,4,6,3,1,1,1,3,1,1,7,10,8,8,8,6,6,4,6,,,9,8,,,5,3,2,6,3,4,5,4,3,2,7,3,1,1,2,1,1,1,1,8,8,6,4,,9,,,5,4,4,6,3,7,7,4,2,3,1,2,6,6,7,6,5,7,8,2,3,4,3,1,7,4,3,3,1,3,1,2,1,5,5,4,7,6,4,6,,,3,3,,,5,8,5,5,5,5,5,6,7,7,2,4,7,7,7,6,7,5,4,3,3,5,6,6,,1,,,b'\x11\xe8\xe1I\xec>\x1dp\x9a\xbe\x12\xdf\x17\xaeN\x1e'
11E8E149-EC3E-1D70-9ABE-12DF17AE4E1E,2018-ncaa-d3-natl,ncaa,179,197,123,190,155,150,174,95,276,200,136,314,103,115,131,171,150,63,375,69,111,85,72,250,266,285,125,121,207,23,23,23,69,11,20,305,417,381,274,369,238,319,235,300,,,365,311,,,115,119,99,179,159,188,82,245,155,119,121,160,65,72,65,51,21,7,3,350,352,284,256,,346,,,118,133,120,343,18,199,375,30,62,192,9,115,311,291,323,289,178,347,337,11,17,38,150,59,370,244,69,213,23,215,20,78,97,145,212,89,191,95,130,95,,,37,96,,,115,347,217,37,115,101,103,313,171,339,41,164,293,255,255,318,327,200,180,183,72,167,157,101,,22,,,b'\x11\xe8\xe1I\xec>\x1dp\x9a\xbe\x12\xdf\x17\xaeN\x1e'
11E8E149-EC3E-1D70-9ABE-12DF17AE4E1E,2019-ncaa-d3-conf-NECC,ncaa,1,1,1,1,1,1,1,1,2,1,1,1,1,1,2,5,3,1,7,1,5,1,1,1,2,2,6,4,10,1,1,1,2,1,1,1,5,6,3,1,4,4,2,2,,,10,10,,,1,1,3,1,1,1,2,1,3,1,2,5,4,2,2,2,2,3,1,2,4,4,2,,10,,,1,7,3,8,1,5,8,1,3,6,1,5,10,10,5,10,9,10,10,1,1,3,7,3,10,2,2,2,1,1,1,4,4,4,4,3,1,1,4,1,,,2,6,,,1,10,1,3,1,3,3,5,3,4,2,4,8,8,8,6,5,2,1,1,1,4,1,2,,3,,,b'\x11\xe8\xe1I\xec>\x1dp\x9a\xbe\x12\xdf\x17\xaeN\x1e'
11E8E149-EC3E-1D70-9ABE-12DF17AE4E1E,2019-ncaa-d3-natl,ncaa,78,134,20,118,32,39,30,16,126,23,15,134,137,126,198,306,94,27,403,20,193,13,7,151,203,241,337,295,314,20,27,23,65,10,34,66,290,440,328,284,45,126,83,153,,,443,434,,,79,6,21,246,71,51,47,47,54,224,240,204,81,66,39,20,41,90,34,127,398,86,120,,442,,,86,375,287,403,71,371,421,89,47,165,9,33,442,442,120,442,402,433,435,38,70,52,183,13,438,245,65,283,27,270,34,274,205,23,86,57,319,101,78,13,,,15,231,,,79,438,202,35,94,154,102,192,210,317,12,50,426,436,434,289,372,109,88,82,130,53,195,33,,65,,,b'\x11\xe8\xe1I\xec>\x1dp\x9a\xbe\x12\xdf\x17\xaeN\x1e'
11E8E149-EC3E-1D70-9ABE-12DF17AE4E1E,2020-ncaa-d3-conf-NECC,ncaa,1,1,1,1,1,1,1,2,1,2,2,1,3,3,3,4,3,2,6,2,4,2,1,1,2,3,5,4,8,2,1,2,1,1,1,2,4,3,2,2,2,2,7,6,,,8,8,,,2,1,1,1,1,1,2,2,3,3,4,3,3,3,2,2,2,3,3,2,3,2,7,,8,,,2,3,2,1,2,2,1,2,4,6,2,6,8,8,5,8,8,6,8,2,2,3,8,4,8,1,1,1,1,1,1,2,4,2,2,2,2,2,1,1,,,5,8,,,2,8,2,2,2,3,2,1,2,1,3,5,8,8,8,4,5,1,1,1,2,2,2,1,,6,,,b'\x11\xe8\xe1I\xec>\x1dp\x9a\xbe\x12\xdf\x17\xaeN\x1e'
11E8E149-EC3E-1D70-9ABE-12DF17AE4E1E,2020-ncaa-d3-natl,ncaa,48,63,26,64,39,33,23,29,50,13,18,70,200,225,180,350,102,46,353,47,264,25,12,96,131,175,387,353,312,35,14,59,17,38,5,24,149,423,307,192,36,90,295,349,,,436,425,,,35,14,37,194,60,32,71,15,31,274,300,171,95,100,49,33,61,149,74,34,362,75,334,,429,,,38,226,136,276,64,246,375,68,33,79,23,17,428,436,41,436,411,375,419,31,55,22,205,16,432,74,17,87,14,67,5,162,191,21,39,20,298,140,64,16,,,56,288,,,35,430,149,15,40,90,47,96,126,244,10,22,394,420,423,190,322,24,16,16,93,32,223,30,,134,,,b'\x11\xe8\xe1I\xec>\x1dp\x9a\xbe\x12\xdf\x17\xaeN\x1e'
11E8E149-EC3E-1D70-9ABE-12DF17AE4E1E,2021-ncaa-d3-natl,ncaa,215,115,220,218,231,236,235,223,267,232,223,244,241,218,276,100,238,242,72,241,263,225,224,268,271,265,233,216,184,222,229,243,211,240,262,242,243,64,183,250,196,42,253,273,,,76,265,,,236,224,152,283,266,256,128,228,155,253,113,254,268,269,189,169,151,280,276,264,171,54,270,,250,,,260,65,57,49,280,66,57,261,50,39,273,10,99,92,234,92,271,51,59,274,281,236,108,30,267,49,211,73,229,64,262,77,272,201,19,129,61,161,75,185,,,236,269,,,236,62,265,206,258,201,162,11,201,96,50,8,278,264,264,26,114,56,264,209,237,24,146,184,,269,,,b'\x11\xe8\xe1I\xec>\x1dp\x9a\xbe\x12\xdf\x17\xaeN\x1e'
11E8E149-EC3E-1D70-9ABE-12DF17AE4E1E,2022-ncaa-d3-conf-NECC,ncaa,1,1,2,1,3,3,3,2,3,3,2,3,3,3,4,3,2,2,4,2,3,2,2,3,3,3,4,4,3,1,1,2,1,2,1,3,2,2,2,2,3,3,2,1,,,3,4,,,2,3,3,3,3,3,1,3,1,3,2,2,2,2,2,2,1,1,1,2,2,3,1,,4,,,1,1,1,1,1,1,1,1,2,2,2,3,4,3,3,4,4,2,1,1,1,1,4,4,4,1,1,1,1,1,1,1,3,3,3,1,2,1,1,1,,,2,3,,,2,1,3,1,1,1,1,1,1,1,2,2,4,4,4,2,1,1,1,1,1,3,2,1,,2,,,b'\x11\xe8\xe1I\xec>\x1dp\x9a\xbe\x12\xdf\x17\xaeN\x1e'
11E8E149-EC3E-1D70-9ABE-12DF17AE4E1E,2022-ncaa-d3-natl,ncaa,76,55,188,65,228,186,148,101,240,103,62,232,295,254,322,326,285,167,410,181,319,110,78,264,307,305,382,335,338,7,5,119,105,38,20,250,385,363,285,334,79,70,250,240,,,391,409,,,113,167,119,279,182,130,52,65,34,315,270,307,153,160,50,25,2,78,4,278,344,66,275,,398,,,110,78,39,118,25,46,113,33,85,171,37,184,386,396,171,402,415,157,226,24,52,24,375,157,424,160,105,158,5,151,20,53,179,62,44,13,130,68,28,4,,,207,339,,,113,258,228,22,111,57,17,64,36,84,63,145,380,384,390,126,247,145,134,145,48,47,129,12,,209,,,b'\x11\xe8\xe1I\xec>\x1dp\x9a\xbe\x12\xdf\x17\xaeN\x1e'
11E8E149-EC3E-1D70-9ABE-12DF17AE4E1E,2023-ncaa-d3-conf-NECC,ncaa,3,3,3,3,4,3,3,3,4,3,4,3,3,3,4,3,4,4,4,4,3,3,3,3,4,3,3,3,2,1,1,4,1,2,2,3,2,2,3,3,3,3,2,2,,,3,4,,,3,4,4,4,3,3,3,3,3,3,3,4,3,3,3,2,1,3,2,3,3,3,2,,4,,,3,2,2,1,3,1,1,2,2,2,4,2,4,3,4,3,4,1,1,4,4,3,4,3,3,1,1,2,1,1,2,2,3,3,2,2,3,3,4,4,,,4,4,,,3,1,3,2,3,2,2,1,2,1,2,2,4,3,3,1,1,1,3,2,2,3,3,4,,3,,,b'\x11\xe8\xe1I\xec>\x1dp\x9a\xbe\x12\xdf\x17\xaeN\x1e'
11E8E149-EC3E-1D70-9ABE-12DF17AE4E1E,2023-ncaa-d3-natl,ncaa,248,198,377,240,391,279,245,261,225,212,256,158,268,204,347,191,330,252,405,253,205,265,225,237,286,309,315,247,340,38,4,334,67,177,19,178,78,336,348,260,126,71,365,332,,,277,399,,,215,315,51,239,148,109,51,98,105,203,116,275,119,118,49,15,6,155,12,69,395,66,334,,395,,,214,83,66,29,282,97,56,286,74,65,195,148,304,268,366,263,364,39,63,270,317,203,250,114,379,21,67,42,4,28,19,172,322,141,63,146,239,248,77,104,,,258,276,,,215,111,258,148,214,267,219,139,245,172,162,150,385,367,369,198,287,73,138,92,282,54,327,144,,77,,,b'\x11\xe8\xe1I\xec>\x1dp\x9a\xbe\x12\xdf\x17\xaeN\x1e'
11E8E149-EC3E-1D70-9ABE-12DF17AE4E1E,2024-ncaa-d3-conf-Great Northeast,ncaa,7,7,3,7,7,8,8,9,8,7,7,6,9,7,13,7,10,9,13,10,9,8,5,8,8,11,10,8,11,2,1,10,9,5,4,8,10,14,11,11,12,11,10,9,,,13,13,,,10,8,13,14,11,10,11,9,8,9,8,12,12,11,12,7,3,11,6,10,12,11,10,,9,,,10,12,9,6,8,5,3,11,12,13,7,12,13,12,12,11,14,8,7,10,11,14,12,11,11,5,9,3,1,3,4,11,12,11,11,12,13,11,10,10,,,6,9,,,10,8,10,12,10,9,3,2,5,1,9,12,12,9,9,3,2,3,3,2,10,11,11,9,,9,,,b'\x11\xe8\xe1I\xec>\x1dp\x9a\xbe\x12\xdf\x17\xaeN\x1e'
11E8E149-EC3E-1D70-9ABE-12DF17AE4E1E,2024-ncaa-d3-natl,ncaa,184,206,112,192,140,206,178,184,182,175,224,111,200,132,315,141,303,237,394,237,229,191,97,181,219,306,283,210,340,73,32,166,166,117,62,145,111,395,371,303,184,216,363,362,,,319,307,,,228,125,163,133,250,212,208,186,263,219,154,347,272,273,234,99,66,204,113,152,382,208,379,,303,,,228,253,224,217,214,228,149,314,232,351,58,349,287,287,231,271,320,234,280,213,234,198,267,223,276,181,166,71,32,101,62,338,390,104,128,244,377,346,209,229,,,133,198,,,228,290,273,168,233,190,183,172,194,101,214,326,264,261,248,171,226,155,39,67,308,128,363,193,,136,,,b'\x11\xe8\xe1I\xec>\x1dp\x9a\xbe\x12\xdf\x17\xaeN\x1e'
11E8E149-EC3E-1D70-9ABE-12DF17AE4E1E,2025-ncaa-d3-conf-Great Northeast,genius_ncaa,11,10,11,11,12,12,9,13,9,6,7,8,14,13,14,12,14,14,14,14,13,12,12,9,9,10,13,13,12,6,4,8,4,9,3,9,5,10,11,10,15,14,12,9,,,4,11,,2,9,13,13,14,10,9,10,4,5,14,13,14,12,12,12,9,4,3,3,9,10,15,11,,8,,2,9,3,5,5,8,4,3,9,10,10,10,14,9,10,8,10,13,5,3,8,9,9,12,11,11,2,4,3,4,2,3,7,12,14,14,11,9,11,10,10,,,12,11,,11,9,4,10,9,9,7,8,6,5,3,10,11,10,12,12,7,3,3,4,3,8,15,12,11,,10,,11,b'\x11\xe8\xe1I\xec>\x1dp\x9a\xbe\x12\xdf\x17\xaeN\x1e'
11E8E149-EC3E-1D70-9ABE-12DF17AE4E1E,2025-ncaa-d3-natl,genius_ncaa,250,269,192,262,242,250,199,197,205,140,128,192,330,312,336,332,326,271,377,273,348,210,148,249,284,307,390,349,345,66,32,103,54,85,22,149,106,358,336,257,263,274,381,370,,,247,282,,24,243,198,155,191,255,182,142,107,90,340,320,348,280,285,170,94,45,51,36,125,350,273,393,,270,,23,243,161,105,154,110,84,70,206,267,356,85,374,308,351,88,351,392,197,176,145,151,180,370,304,341,88,54,85,32,70,22,184,273,227,228,216,341,322,92,58,,,192,239,,309,243,226,283,149,243,180,124,178,90,62,265,352,330,358,358,227,208,100,96,87,200,227,335,97,,169,,318,b'\x11\xe8\xe1I\xec>\x1dp\x9a\xbe\x12\xdf\x17\xaeN\x1e'
11E8E149-EC3E-1D70-9ABE-12DF17AE4E1E,2026-ncaa-d3-conf-Great Northeast,genius_ncaa,1,1,1,1,1,1,1,1,1,1,1,1,1,1,1,2,2,2,1,2,2,1,1,1,1,1,2,1,2,2,1,1,1,1,1,1,2,1,1,1,1,1,2,2,,,1,2,,1,1,1,1,1,1,1,1,1,1,1,1,2,2,2,1,1,2,1,1,1,1,1,2,,1,,1,1,1,1,1,1,1,1,1,1,1,1,2,2,2,1,2,2,1,1,1,1,1,2,1,2,2,1,1,1,1,1,1,2,1,1,1,1,1,2,2,,,1,2,,1,1,1,1,1,1,1,1,1,1,1,1,1,2,2,2,1,1,2,1,1,1,1,1,2,,1,,1,b'\x11\xe8\xe1I\xec>\x1dp\x9a\xbe\x12\xdf\x17\xaeN\x1e'
11E8E149-EC3E-1D70-9ABE-12DF17AE4E1E,2026-ncaa-d3-natl,genius_ncaa,54,132,42,116,64,46,44,82,95,73,97,141,35,78,48,170,176,88,373,82,167,79,59,79,125,172,153,88,350,31,28,32,137,21,31,7,3,358,278,89,259,362,178,226,,,368,306,,75,66,74,196,113,127,108,180,159,226,76,155,288,197,187,174,133,74,54,37,12,294,362,249,,299,,59,88,256,202,327,11,165,291,23,286,358,88,290,379,388,183,384,356,343,329,14,32,76,371,265,386,307,137,202,28,248,31,218,244,145,268,175,327,240,276,221,,,48,119,,236,66,333,138,88,98,87,40,187,36,138,190,294,337,349,342,222,195,208,38,83,94,273,256,220,,93,,292,b'\x11\xe8\xe1I\xec>\x1dp\x9a\xbe\x12\xdf\x17\xaeN\x1e'
11E8E149-EC42-570A-9ABE-12DF17AE4E1E,2018-ncaa-d3-conf-NJAC,ncaa,10,9,10,10,10,10,10,10,10,10,10,10,9,2,10,1,10,10,10,10,8,10,10,10,10,10,1,1,8,10,10,10,10,10,10,10,8,10,10,10,9,10,10,10,,,2,3,,,10,10,4,6,10,10,10,10,10,9,2,10,10,10,10,8,10,10,10,10,10,9,10,,5,,,10,10,10,6,10,10,4,10,8,5,10,7,2,3,4,1,4,5,2,10,10,10,2,6,1,8,10,10,10,10,10,10,10,9,8,10,10,10,7,10,,,10,10,,,10,1,10,10,10,10,10,9,10,10,9,7,6,6,6,10,9,10,10,10,10,8,10,10,,10,,,b'\x11\xe8\xe1I\xecBW\n\x9a\xbe\x12\xdf\x17\xaeN\x1e'
11E8E149-EC42-570A-9ABE-12DF17AE4E1E,2018-ncaa-d3-natl,ncaa,433,411,412,433,422,437,438,423,444,439,430,442,405,249,442,43,439,435,443,434,401,428,410,443,444,444,168,105,367,412,430,428,421,427,436,438,348,410,437,441,359,334,357,366,,,56,96,,,441,402,71,303,443,443,384,444,417,404,103,443,439,439,422,171,352,414,422,440,437,270,325,,207,,,442,323,400,84,443,408,149,443,180,96,367,149,73,122,17,118,161,77,59,442,440,439,22,101,39,228,421,325,430,294,436,432,419,362,286,430,425,438,338,441,,,436,444,,,441,47,443,436,441,438,439,394,438,395,320,251,193,306,306,399,389,380,439,431,439,199,438,425,,444,,,b'\x11\xe8\xe1I\xecBW\n\x9a\xbe\x12\xdf\x17\xaeN\x1e'
11E8E149-EC42-570A-9ABE-12DF17AE4E1E,2019-ncaa-d3-conf-NJAC,ncaa,10,10,7,10,10,10,10,6,10,10,5,10,7,7,6,5,8,7,6,6,9,6,6,10,10,10,4,4,2,5,10,10,10,10,10,10,10,1,1,7,6,6,9,9,,,4,5,,,10,7,4,9,9,10,3,9,2,5,5,7,6,6,4,4,4,10,9,10,1,6,9,,6,,,10,8,9,2,10,9,4,10,6,2,10,4,4,4,1,5,7,3,4,10,10,10,3,4,2,4,10,10,10,9,10,9,9,6,5,9,1,1,10,10,,,7,6,,,10,3,10,10,10,10,10,6,10,8,8,4,5,7,7,6,7,7,10,10,10,6,1,10,,5,,,b'\x11\xe8\xe1I\xecBW\n\x9a\xbe\x12\xdf\x17\xaeN\x1e'
11E8E149-EC42-570A-9ABE-12DF17AE4E1E,2019-ncaa-d3-natl,ncaa,390,399,317,397,350,333,347,176,420,336,126,426,318,283,363,312,176,155,273,145,208,166,224,421,413,381,175,276,39,121,262,403,432,326,419,412,430,64,51,367,170,175,333,360,,,282,277,,,381,261,95,363,325,361,48,330,51,315,246,115,86,75,42,80,72,419,291,421,105,130,338,,361,,,378,294,325,154,396,366,271,373,129,64,354,53,263,355,17,356,326,185,240,374,351,289,75,89,215,402,432,407,262,414,419,408,417,127,132,307,71,68,442,437,,,222,205,,,381,176,364,351,377,365,372,281,389,360,172,99,311,391,399,334,379,408,432,426,416,83,112,443,,122,,,b'\x11\xe8\xe1I\xecBW\n\x9a\xbe\x12\xdf\x17\xaeN\x1e'
11E8E149-EC42-570A-9ABE-12DF17AE4E1E,2020-ncaa-d3-conf-NJAC,ncaa,5,5,1,5,1,6,5,2,9,4,1,10,7,6,8,9,8,3,10,2,10,2,2,9,10,10,10,9,7,2,3,8,8,4,7,7,10,5,3,8,2,2,5,5,,,10,9,,,7,2,3,3,9,6,2,4,1,9,7,9,5,5,2,2,2,10,4,9,3,2,5,,10,,,7,10,7,3,7,5,3,8,7,8,9,7,10,10,7,10,10,5,9,8,9,5,7,7,10,4,8,10,3,10,7,7,8,1,1,2,6,3,5,1,,,2,8,,,7,9,9,5,7,6,3,1,2,1,7,6,10,10,10,1,5,2,10,9,7,1,4,4,,3,,,b'\x11\xe8\xe1I\xecBW\n\x9a\xbe\x12\xdf\x17\xaeN\x1e'
11E8E149-EC42-570A-9ABE-12DF17AE4E1E,2020-ncaa-d3-natl,ncaa,202,245,65,217,69,273,260,21,425,199,11,425,347,243,409,377,212,58,427,53,295,23,22,426,429,411,335,355,159,6,83,208,321,44,295,385,433,330,153,398,19,25,101,76,,,434,424,,,320,41,98,37,358,346,21,270,13,378,296,272,81,76,20,19,10,316,51,420,269,24,117,,432,,,312,281,149,176,151,122,138,190,247,283,173,252,431,434,78,435,435,288,400,172,224,73,394,220,428,341,321,433,83,431,295,253,333,17,17,35,331,198,394,228,,,46,227,,,320,400,389,96,309,188,88,67,83,56,204,219,419,431,430,176,342,286,423,397,190,18,282,366,,74,,,b'\x11\xe8\xe1I\xecBW\n\x9a\xbe\x12\xdf\x17\xaeN\x1e'
11E8E149-EC42-570A-9ABE-12DF17AE4E1E,2021-ncaa-d3-conf-NJAC,ncaa,1,3,1,3,1,1,1,1,2,1,1,5,4,4,1,7,2,1,8,1,7,1,1,3,3,3,7,6,6,1,2,1,2,1,3,4,7,5,1,3,1,3,1,2,,,8,7,,,3,1,6,2,3,1,2,1,2,6,8,5,2,2,2,2,1,5,3,4,1,3,3,,7,,,3,7,5,7,2,5,6,2,8,8,5,5,8,8,5,8,7,8,8,3,3,3,8,5,8,6,2,8,2,8,3,6,7,1,1,3,5,1,3,1,,,1,3,,,3,8,3,3,3,3,1,1,1,1,5,5,7,7,7,1,1,1,3,3,3,2,1,2,,2,,,b'\x11\xe8\xe1I\xecBW\n\x9a\xbe\x12\xdf\x17\xaeN\x1e'
11E8E149-EC42-570A-9ABE-12DF17AE4E1E,2021-ncaa-d3-natl,ncaa,35,58,81,49,100,89,84,78,111,69,43,196,140,184,12,277,103,72,253,70,185,74,88,135,164,131,237,227,167,46,40,88,85,74,65,119,244,130,37,108,74,85,18,11,,,199,215,,,46,101,186,110,112,88,77,54,10,200,273,144,67,65,59,107,34,132,56,175,49,102,13,,179,,,64,142,121,159,37,116,158,20,155,155,150,120,224,222,163,221,250,168,177,39,64,49,268,176,273,162,85,187,40,178,65,137,181,74,75,56,113,37,139,45,,,87,105,,,46,183,84,47,63,45,25,33,16,52,95,86,224,230,224,60,82,85,118,103,66,94,40,97,,94,,,b'\x11\xe8\xe1I\xecBW\n\x9a\xbe\x12\xdf\x17\xaeN\x1e'
11E8E149-EC42-570A-9ABE-12DF17AE4E1E,2022-ncaa-d3-conf-NJAC,ncaa,3,2,9,3,9,8,6,9,2,3,4,6,6,8,1,8,7,7,7,7,8,8,9,3,4,4,7,6,8,7,4,3,4,4,2,6,6,1,2,4,10,10,3,3,,,2,1,,,6,9,6,1,2,2,2,2,1,6,6,6,5,5,2,5,4,1,1,6,3,10,3,,2,,,6,3,3,7,2,1,3,2,9,9,7,9,3,3,8,3,3,5,2,3,2,7,9,10,3,7,4,3,4,3,2,6,9,10,10,10,1,2,1,1,,,8,4,,,6,2,3,8,6,8,7,10,5,9,10,10,4,3,3,10,7,7,7,8,8,10,3,1,,3,,,b'\x11\xe8\xe1I\xecBW\n\x9a\xbe\x12\xdf\x17\xaeN\x1e'
11E8E149-EC42-570A-9ABE-12DF17AE4E1E,2022-ncaa-d3-natl,ncaa,168,156,250,168,253,132,119,178,82,93,84,155,247,339,53,370,167,155,219,161,276,180,226,114,118,101,328,312,233,128,93,108,280,117,146,187,310,90,73,119,302,343,68,68,,,127,98,,,135,249,192,21,68,48,70,38,31,242,342,125,108,111,62,103,81,22,29,153,116,310,48,,151,,,133,200,185,299,63,122,233,47,355,353,257,330,173,148,303,136,127,285,215,84,92,172,357,376,180,365,280,160,93,258,146,287,345,309,364,342,68,63,58,16,,,201,189,,,135,166,82,234,139,242,224,381,146,303,382,385,217,192,175,369,327,371,214,309,307,319,88,48,,132,,,b'\x11\xe8\xe1I\xecBW\n\x9a\xbe\x12\xdf\x17\xaeN\x1e'
11E8E149-EC42-570A-9ABE-12DF17AE4E1E,2023-ncaa-d3-conf-NJAC,ncaa,1,1,1,1,2,2,1,2,1,1,1,2,5,4,6,6,7,4,10,4,10,2,2,3,5,4,10,5,9,1,1,1,4,1,1,3,8,6,3,5,5,8,1,1,,,9,5,,,4,2,5,7,2,1,2,1,1,5,5,9,8,8,2,2,1,1,1,3,3,7,1,,6,,,4,9,8,10,3,7,10,4,8,9,6,9,10,10,8,10,8,10,9,4,4,7,9,9,8,8,4,6,1,8,1,7,8,6,8,8,5,1,1,1,,,4,10,,,4,9,1,7,4,8,7,8,4,6,8,8,9,8,8,8,6,6,5,5,7,7,2,1,,9,,,b'\x11\xe8\xe1I\xecBW\n\x9a\xbe\x12\xdf\x17\xaeN\x1e'
11E8E149-EC42-570A-9ABE-12DF17AE4E1E,2023-ncaa-d3-natl,ncaa,107,131,63,128,90,94,53,42,136,35,30,134,219,181,305,307,260,208,346,212,396,46,39,180,234,208,394,332,399,10,9,66,254,17,65,172,375,284,140,228,248,313,8,11,,,355,284,,,196,85,205,207,116,63,43,42,36,278,247,332,284,284,51,69,12,102,13,229,211,306,7,,309,,,197,369,306,374,138,282,322,155,317,353,168,257,407,396,351,397,359,393,359,150,203,269,341,233,378,357,254,255,9,327,65,346,320,224,340,332,217,114,22,2,,,273,414,,,196,334,129,295,202,271,206,268,187,209,256,286,387,373,375,310,248,295,154,224,276,311,156,6,,381,,,b'\x11\xe8\xe1I\xecBW\n\x9a\xbe\x12\xdf\x17\xaeN\x1e'
11E8E149-EC42-570A-9ABE-12DF17AE4E1E,2024-ncaa-d3-conf-NJAC,ncaa,1,1,1,1,1,3,2,1,5,2,1,4,5,4,8,5,5,4,8,4,9,1,1,6,7,4,9,7,9,1,1,2,5,1,3,4,8,2,1,3,1,1,1,2,,,10,8,,,1,2,4,4,3,2,1,2,1,5,4,6,5,6,1,1,1,2,1,6,2,1,3,,7,,,1,2,1,5,1,1,4,1,7,8,4,7,6,7,4,7,8,7,9,1,1,1,10,9,8,5,5,10,1,10,3,5,9,1,1,2,2,1,1,1,,,4,9,,,1,9,3,1,2,1,1,3,1,2,6,7,5,5,5,4,6,5,9,6,4,1,2,1,,6,,,b'\x11\xe8\xe1I\xecBW\n\x9a\xbe\x12\xdf\x17\xaeN\x1e'
11E8E149-EC42-570A-9ABE-12DF17AE4E1E,2024-ncaa-d3-natl,ncaa,89,87,112,98,170,111,93,40,212,67,36,207,223,176,300,305,185,149,313,153,347,48,78,251,262,181,349,311,306,22,62,102,190,50,135,180,366,61,11,102,61,75,108,99,,,336,317,,,90,122,146,244,89,68,15,48,25,245,202,205,162,170,17,61,17,97,25,199,47,66,116,,332,,,87,143,95,194,58,57,160,38,285,294,222,294,326,338,224,337,353,226,301,74,95,54,397,347,370,274,190,374,62,347,135,237,377,66,71,114,63,26,66,13,,,180,314,,,90,295,123,70,96,113,71,139,43,117,257,275,317,313,313,162,264,245,340,312,213,63,56,47,,204,,,b'\x11\xe8\xe1I\xecBW\n\x9a\xbe\x12\xdf\x17\xaeN\x1e'
11E8E149-EC42-570A-9ABE-12DF17AE4E1E,2025-ncaa-d3-conf-NJAC,genius_ncaa,6,5,5,6,5,6,6,1,7,5,3,8,5,5,6,5,7,10,3,10,10,3,2,7,8,6,4,4,8,2,6,9,7,5,8,6,8,5,5,6,1,1,4,5,,,10,9,,1,5,2,2,1,6,6,1,5,2,5,4,9,9,9,1,2,1,9,5,6,5,1,4,,9,,1,5,4,2,2,3,4,4,3,3,1,5,1,9,10,1,10,10,3,7,4,6,1,6,3,10,6,7,10,6,9,8,6,7,1,1,2,8,6,2,1,,,7,9,,2,5,9,6,1,5,6,2,2,4,5,3,3,9,10,10,4,9,7,9,9,6,1,7,2,,7,,2,b'\x11\xe8\xe1I\xecBW\n\x9a\xbe\x12\xdf\x17\xaeN\x1e'
11E8E149-EC42-570A-9ABE-12DF17AE4E1E,2025-ncaa-d3-natl,genius_ncaa,250,299,116,275,117,238,237,90,370,245,80,389,216,196,225,268,220,255,100,258,369,114,81,364,361,344,179,188,191,77,193,266,302,168,307,253,264,315,247,307,34,37,172,176,,,376,344,,53,251,88,134,9,286,283,68,284,78,227,213,248,298,304,94,76,73,326,194,292,285,26,186,,374,,46,250,204,137,115,218,187,209,168,93,55,271,47,383,404,62,404,394,191,330,188,229,80,243,79,395,284,302,388,193,373,307,279,345,28,19,67,362,314,183,100,,,169,288,,36,251,325,327,94,252,164,112,67,157,163,84,39,376,396,397,135,299,255,368,336,251,21,337,159,,204,,38,b'\x11\xe8\xe1I\xecBW\n\x9a\xbe\x12\xdf\x17\xaeN\x1e'
11E8E149-EC42-570A-9ABE-12DF17AE4E1E,2026-ncaa-d3-conf-NJAC,genius_ncaa,5,5,1,5,2,5,7,4,7,8,9,7,2,2,2,2,5,8,3,7,6,4,4,5,5,5,2,2,7,3,3,5,8,4,6,8,9,7,7,7,9,10,6,7,,,10,9,,9,6,5,5,2,5,7,4,8,9,2,2,5,8,7,4,4,3,5,4,8,7,9,6,,10,,9,6,8,8,9,5,6,7,3,8,5,8,4,9,9,5,9,7,9,9,6,6,7,8,7,8,9,8,3,3,8,6,9,10,9,10,9,7,7,6,7,,,6,6,,5,6,4,5,8,6,8,8,9,6,7,8,5,9,9,9,9,9,9,3,8,9,9,7,6,,6,,5,b'\x11\xe8\xe1I\xecBW\n\x9a\xbe\x12\xdf\x17\xaeN\x1e'
11E8E149-EC42-570A-9ABE-12DF17AE4E1E,2026-ncaa-d3-natl,genius_ncaa,225,200,215,240,323,285,319,297,290,342,311,326,170,226,116,172,168,154,261,154,54,289,257,259,248,294,52,111,76,163,83,294,394,257,288,349,363,295,351,374,259,274,261,282,,,319,364,,271,339,268,148,401,264,312,302,345,307,136,191,106,79,78,261,138,101,277,187,363,359,233,252,,395,,303,347,268,244,216,272,236,214,246,254,209,292,176,322,335,215,324,325,234,201,269,287,329,275,196,311,363,394,125,83,216,288,375,411,285,324,388,320,365,226,318,,,172,77,,169,339,157,273,376,338,364,335,349,314,319,309,291,381,385,382,374,344,394,134,318,399,262,368,277,,64,,165,b'\x11\xe8\xe1I\xecBW\n\x9a\xbe\x12\xdf\x17\xaeN\x1e'
11E8E149-EC46-F09E-9ABE-12DF17AE4E1E,2018-ncaa-d3-natl,ncaa,400,172,437,375,438,432,433,435,418,438,436,420,353,344,330,44,432,434,293,434,282,436,436,403,405,378,33,36,257,422,310,436,427,436,416,434,364,6,117,326,417,229,412,365,,,8,33,,,333,436,25,271,269,309,18,382,172,62,12,277,246,245,22,29,53,216,86,358,240,128,309,,163,,,384,9,9,9,393,10,9,300,24,9,442,97,8,13,1,13,110,9,9,383,307,272,97,293,20,48,427,17,310,15,416,18,255,430,163,265,4,71,15,217,,,437,391,,,333,9,368,338,373,415,425,421,416,425,398,242,84,314,294,426,432,434,441,442,412,54,144,252,,240,,,b'\x11\xe8\xe1I\xecF\xf0\x9e\x9a\xbe\x12\xdf\x17\xaeN\x1e'
11E8E149-EC46-F09E-9ABE-12DF17AE4E1E,2019-ncaa-d3-natl,ncaa,375,185,435,347,435,424,418,412,407,417,400,415,339,337,305,151,437,435,437,435,435,418,424,402,418,410,256,79,439,279,154,419,361,402,300,406,255,24,250,314,378,250,382,325,,,37,256,,,326,434,11,328,292,195,8,240,33,119,57,433,396,398,14,10,15,34,16,200,370,167,283,,404,,,358,6,6,9,110,6,16,54,64,23,392,170,96,125,86,121,383,13,13,131,148,151,389,318,364,101,361,49,154,49,300,71,431,387,176,275,93,319,18,62,,,433,432,,,326,10,390,199,352,358,285,396,220,385,383,316,418,434,436,418,431,422,436,434,411,72,394,145,,332,,,b'\x11\xe8\xe1I\xecF\xf0\x9e\x9a\xbe\x12\xdf\x17\xaeN\x1e'
11E8E149-EC4B-6D36-9ABE-12DF17AE4E1E,2018-ncaa-d3-conf-NECC,ncaa,1,2,2,2,3,1,1,2,2,3,3,2,3,5,2,6,1,1,2,1,2,2,2,3,1,1,5,7,2,2,2,1,1,1,1,3,6,3,1,2,3,3,6,7,,,7,6,,,1,2,1,6,1,2,3,3,3,4,6,1,1,1,2,2,3,1,1,2,2,3,6,,7,,,1,2,2,8,1,2,4,1,8,9,2,8,5,5,9,5,4,7,8,1,1,1,8,8,7,2,1,6,2,4,1,6,9,3,3,4,2,1,6,3,,,1,2,,,1,8,1,1,1,2,2,5,2,3,7,9,6,3,3,3,8,2,6,3,6,3,1,5,,1,,,b'\x11\xe8\xe1I\xecKm6\x9a\xbe\x12\xdf\x17\xaeN\x1e'
11E8E149-EC4B-6D36-9ABE-12DF17AE4E1E,2018-ncaa-d3-natl,ncaa,89,114,68,106,103,104,108,68,201,52,29,219,353,340,335,400,37,17,302,16,122,54,38,263,247,256,375,407,66,89,205,8,96,20,121,168,323,384,234,276,74,122,302,339,,,387,256,,,100,30,38,241,124,128,91,50,39,386,376,37,18,17,54,46,118,4,17,218,325,85,332,,349,,,101,200,140,407,6,132,369,11,288,397,26,316,332,315,313,323,225,411,418,7,13,17,361,294,347,351,96,408,205,400,121,283,369,64,121,108,323,189,157,43,,,25,113,,,100,417,252,20,120,110,88,346,79,273,223,359,274,248,250,348,383,283,334,327,209,72,270,103,,27,,,b'\x11\xe8\xe1I\xecKm6\x9a\xbe\x12\xdf\x17\xaeN\x1e'
11E8E149-EC4B-6D36-9ABE-12DF17AE4E1E,2019-ncaa-d3-conf-NECC,ncaa,6,6,5,6,6,6,5,4,4,5,5,6,4,7,5,6,7,8,3,8,9,5,5,4,5,6,7,5,9,5,6,3,3,3,5,2,2,7,7,4,7,7,8,9,,,8,8,,,7,4,2,4,5,5,3,4,5,4,6,7,8,8,3,3,5,1,2,1,7,7,8,,8,,,7,8,7,7,6,7,6,6,5,4,5,4,9,8,8,8,7,7,8,5,6,7,6,4,8,7,3,8,6,8,5,7,7,7,8,8,6,6,8,6,,,8,9,,,7,6,6,7,7,8,7,8,7,7,5,5,10,9,9,8,8,7,9,7,7,7,6,8,,8,,,b'\x11\xe8\xe1I\xecKm6\x9a\xbe\x12\xdf\x17\xaeN\x1e'
11E8E149-EC4B-6D36-9ABE-12DF17AE4E1E,2019-ncaa-d3-natl,ncaa,263,304,129,285,192,213,193,112,299,141,73,314,318,302,323,354,202,163,309,164,300,116,48,330,332,375,353,351,196,94,187,100,220,85,199,108,38,438,407,331,120,198,372,408,,,406,309,,,282,37,13,295,247,214,90,147,56,349,343,218,167,169,97,26,106,89,69,102,428,133,398,,400,,,274,333,322,354,187,376,398,178,100,123,129,37,374,399,136,405,280,376,405,149,156,117,99,41,335,321,220,364,187,354,199,335,289,63,109,136,410,341,223,117,,,171,348,,,282,401,372,120,277,288,274,330,327,391,77,90,364,383,390,366,410,299,334,327,300,54,392,197,,191,,,b'\x11\xe8\xe1I\xecKm6\x9a\xbe\x12\xdf\x17\xaeN\x1e'
11E8E149-EC4F-DFB0-9ABE-12DF17AE4E1E,2018-ncaa-d3-conf-CCC,ncaa,9,9,9,9,10,9,9,10,8,9,10,8,6,9,6,3,5,10,1,10,6,10,10,8,8,8,1,3,2,9,9,10,9,10,9,10,6,6,9,9,9,8,9,9,,,2,3,,,9,10,8,7,8,8,10,9,9,6,6,4,8,8,10,10,8,9,10,10,7,8,9,,3,,,9,7,8,3,8,7,3,8,9,7,10,7,1,3,4,2,3,2,1,10,10,9,5,8,1,9,9,4,9,7,9,9,8,10,8,9,8,9,9,10,,,10,9,,,9,1,8,9,9,9,9,9,8,8,9,9,4,6,5,9,9,9,6,9,9,9,9,9,,10,,,b'\x11\xe8\xe1I\xecO\xdf\xb0\x9a\xbe\x12\xdf\x17\xaeN\x1e'
11E8E149-EC4F-DFB0-9ABE-12DF17AE4E1E,2018-ncaa-d3-natl,ncaa,383,411,197,396,264,360,379,348,388,384,336,391,264,235,302,150,238,312,37,318,252,350,325,385,358,363,85,143,60,362,380,256,362,320,369,331,118,292,362,344,367,393,425,430,,,204,236,,,372,298,322,303,396,406,386,403,365,263,226,236,340,349,397,366,383,248,349,354,291,394,431,,215,,,362,214,223,253,178,199,220,190,295,307,205,295,197,187,239,175,185,241,182,196,189,265,260,292,199,378,362,249,380,317,369,358,405,336,361,385,359,388,427,437,,,350,307,,,372,134,379,319,372,232,238,293,212,245,285,309,191,185,174,278,204,369,270,334,337,363,351,427,,377,,,b'\x11\xe8\xe1I\xecO\xdf\xb0\x9a\xbe\x12\xdf\x17\xaeN\x1e'
11E8E149-EC4F-DFB0-9ABE-12DF17AE4E1E,2019-ncaa-d3-conf-CCC,ncaa,8,8,8,8,8,9,9,6,9,9,7,9,7,7,8,2,9,9,6,9,9,7,8,9,9,9,3,3,8,7,8,7,6,8,7,8,5,8,8,8,6,6,9,9,,,6,8,,,8,9,4,1,9,9,4,9,5,5,3,9,9,9,7,3,6,4,6,8,8,6,9,,8,,,8,3,2,1,6,3,1,7,2,3,2,5,8,8,6,7,8,1,2,5,6,6,5,2,8,4,6,8,8,7,7,6,8,6,5,7,7,8,9,9,,,9,9,,,8,1,9,6,8,7,7,6,7,6,4,7,8,8,8,7,7,6,9,8,8,3,8,9,,9,,,b'\x11\xe8\xe1I\xecO\xdf\xb0\x9a\xbe\x12\xdf\x17\xaeN\x1e'
11E8E149-EC4F-DFB0-9ABE-12DF17AE4E1E,2019-ncaa-d3-natl,ncaa,390,412,215,398,251,410,413,313,432,419,316,435,281,202,373,131,393,397,336,395,377,346,327,430,430,426,70,71,243,319,400,219,335,277,391,398,227,272,335,400,355,371,328,339,,,316,364,,,405,321,351,167,431,430,341,431,332,295,194,415,411,412,384,356,321,184,267,416,285,371,344,,342,,,402,150,111,187,94,120,167,117,178,269,90,269,336,343,205,337,359,210,166,89,118,185,329,215,372,364,335,396,400,400,391,223,344,325,329,306,239,298,436,441,,,378,380,,,405,119,425,235,408,176,133,229,136,186,191,287,346,358,354,266,197,367,405,403,235,340,251,438,,413,,,b'\x11\xe8\xe1I\xecO\xdf\xb0\x9a\xbe\x12\xdf\x17\xaeN\x1e'
11E8E149-EC4F-DFB0-9ABE-12DF17AE4E1E,2020-ncaa-d3-conf-CCC,ncaa,8,6,8,8,9,6,7,8,7,8,8,8,2,3,4,2,5,7,5,7,2,7,7,7,7,6,1,1,1,8,8,6,6,7,7,9,7,3,6,7,6,7,8,9,,,8,9,,,7,6,2,9,6,7,5,8,8,2,2,4,3,3,5,2,8,5,6,8,6,5,8,,9,,,7,9,8,5,7,8,3,8,9,9,5,7,8,8,6,8,9,8,4,8,8,8,8,5,7,7,6,7,8,7,7,8,7,8,8,9,6,6,6,8,,,8,6,,,7,4,7,8,7,9,9,8,8,7,9,9,9,9,9,9,8,8,9,8,9,7,7,7,,5,,,b'\x11\xe8\xe1I\xecO\xdf\xb0\x9a\xbe\x12\xdf\x17\xaeN\x1e'
11E8E149-EC4F-DFB0-9ABE-12DF17AE4E1E,2020-ncaa-d3-natl,ncaa,367,391,198,374,317,318,349,218,400,371,322,391,187,89,365,89,199,180,265,170,94,208,209,391,383,362,58,110,88,263,379,215,359,238,386,342,293,226,234,343,256,302,402,415,,,299,240,,,379,188,99,416,339,371,185,388,332,186,71,190,176,152,169,160,253,185,228,372,251,253,409,,329,,,372,379,376,353,311,382,323,350,264,309,138,236,308,353,85,357,287,371,330,298,275,332,137,163,210,387,359,420,379,425,386,411,395,284,350,393,295,301,335,364,,,246,253,,,379,261,368,351,370,376,361,366,378,345,274,331,319,358,362,390,364,376,421,418,397,283,309,336,,229,,,b'\x11\xe8\xe1I\xecO\xdf\xb0\x9a\xbe\x12\xdf\x17\xaeN\x1e'
11E8E149-EC4F-DFB0-9ABE-12DF17AE4E1E,2021-ncaa-d3-conf-CCC,ncaa,2,4,1,3,1,1,1,1,4,3,1,4,1,1,4,1,1,1,3,1,1,1,1,4,4,4,1,1,1,3,6,1,6,3,6,3,5,5,2,4,1,2,5,6,,,6,2,,,5,1,2,3,4,5,3,5,6,1,1,1,2,2,3,5,5,6,6,5,3,2,6,,3,,,5,6,6,6,6,6,6,6,5,5,3,3,4,4,3,4,2,6,6,6,5,5,2,3,1,6,6,6,6,6,6,6,5,1,4,6,3,3,6,6,,,1,1,,,5,6,4,6,5,6,6,6,6,5,5,5,2,1,1,5,6,5,6,6,6,2,3,6,,2,,,b'\x11\xe8\xe1I\xecO\xdf\xb0\x9a\xbe\x12\xdf\x17\xaeN\x1e'
11E8E149-EC4F-DFB0-9ABE-12DF17AE4E1E,2021-ncaa-d3-natl,ncaa,101,149,112,125,125,138,141,113,237,161,150,227,84,62,176,28,136,139,95,138,129,117,134,212,210,171,29,34,135,149,253,129,254,137,261,164,235,109,43,155,116,163,219,276,,,139,47,,,210,131,139,86,184,207,96,244,234,58,30,165,186,188,108,181,204,163,194,230,44,144,269,,70,,,190,178,195,189,149,194,187,158,184,193,123,203,101,102,169,98,21,176,170,153,120,138,79,197,27,229,254,217,253,224,261,206,178,122,172,201,111,60,191,232,,,138,160,,,210,162,183,185,183,175,214,247,207,222,203,235,34,30,26,223,215,252,270,268,217,137,61,202,,179,,,b'\x11\xe8\xe1I\xecO\xdf\xb0\x9a\xbe\x12\xdf\x17\xaeN\x1e'
11E8E149-EC4F-DFB0-9ABE-12DF17AE4E1E,2022-ncaa-d3-conf-CCC,ncaa,8,8,3,8,5,3,6,1,8,7,7,7,1,1,8,2,2,2,6,2,2,1,1,8,8,8,2,2,6,6,9,7,9,7,9,6,9,6,5,6,1,2,8,8,,,10,8,,,8,1,1,7,3,6,1,7,8,1,1,2,2,2,1,1,7,8,8,6,6,1,8,,10,,,8,10,9,10,8,9,10,8,7,8,5,2,10,10,7,10,9,10,10,8,8,6,2,2,7,10,9,10,9,10,9,9,8,1,1,5,5,2,8,8,,,2,7,,,8,10,8,8,8,10,9,10,9,10,7,8,10,10,10,10,10,10,10,10,8,1,5,8,,2,,,b'\x11\xe8\xe1I\xecO\xdf\xb0\x9a\xbe\x12\xdf\x17\xaeN\x1e'
11E8E149-EC4F-DFB0-9ABE-12DF17AE4E1E,2022-ncaa-d3-natl,ncaa,256,318,107,283,162,84,100,13,356,186,136,293,41,9,321,26,114,70,299,78,147,13,12,319,328,270,47,46,252,194,411,161,419,168,422,115,199,313,94,196,7,29,303,389,,,423,213,,,338,7,2,290,64,93,3,231,167,30,10,134,83,100,3,4,230,228,230,121,266,6,341,,422,,,325,426,422,424,349,426,426,353,230,286,117,56,421,423,121,423,304,427,427,304,312,204,47,23,272,428,419,429,411,429,422,425,396,6,41,204,166,33,406,376,,,82,343,,,338,423,303,263,297,420,411,419,417,422,174,238,406,419,421,423,428,426,429,429,420,5,130,398,,96,,,b'\x11\xe8\xe1I\xecO\xdf\xb0\x9a\xbe\x12\xdf\x17\xaeN\x1e'
11E8E149-EC4F-DFB0-9ABE-12DF17AE4E1E,2023-ncaa-d3-conf-CCC,ncaa,8,8,5,8,6,1,2,1,10,7,5,7,1,1,5,1,2,4,4,3,4,1,1,7,7,5,2,1,7,7,10,10,10,8,10,4,9,2,1,4,1,2,7,9,,,10,9,,,9,1,1,4,1,1,1,5,4,1,1,2,2,2,1,1,7,10,8,4,4,1,7,,10,,,9,10,10,10,10,10,10,10,5,2,9,1,10,10,9,10,8,10,10,10,10,9,2,1,7,10,10,10,10,10,10,10,9,1,2,5,2,1,5,5,,,3,10,,,9,10,5,9,9,10,10,10,10,10,5,4,10,10,10,10,10,10,10,10,10,1,2,5,,2,,,b'\x11\xe8\xe1I\xecO\xdf\xb0\x9a\xbe\x12\xdf\x17\xaeN\x1e'
11E8E149-EC4F-DFB0-9ABE-12DF17AE4E1E,2023-ncaa-d3-natl,ncaa,341,372,185,355,206,47,69,5,355,175,127,259,15,3,336,13,93,95,163,90,164,6,11,321,316,259,35,27,276,170,396,403,428,358,429,96,245,252,51,160,9,34,315,400,,,426,316,,,359,5,2,86,13,32,2,158,88,9,2,70,75,70,2,3,155,426,401,78,267,4,323,,427,,,350,427,426,411,428,428,426,423,121,51,385,2,427,425,301,425,314,422,427,424,428,344,22,4,318,424,428,429,396,429,429,428,407,5,17,203,176,40,231,175,,,100,381,,,359,424,280,368,329,427,425,415,428,426,130,46,426,426,426,423,428,419,429,429,427,3,181,231,,61,,,b'\x11\xe8\xe1I\xecO\xdf\xb0\x9a\xbe\x12\xdf\x17\xaeN\x1e'
11E8E149-EC4F-DFB0-9ABE-12DF17AE4E1E,2024-ncaa-d3-conf-CCC,ncaa,6,6,6,6,6,1,1,1,8,6,3,8,1,1,7,1,3,3,8,3,7,1,1,8,8,6,2,1,8,3,9,10,10,8,10,5,10,3,1,4,1,1,9,10,,,10,8,,,7,1,1,4,1,1,1,4,1,1,1,3,1,1,1,1,2,10,8,4,3,1,10,,10,,,7,10,10,8,10,10,10,10,2,1,9,1,10,10,7,10,8,9,10,10,10,8,1,1,6,9,10,10,9,10,10,10,10,1,1,5,2,1,9,7,,,4,10,,,7,10,6,8,6,10,10,8,10,10,1,1,10,10,10,10,10,10,10,10,10,1,2,9,,1,,,b'\x11\xe8\xe1I\xecO\xdf\xb0\x9a\xbe\x12\xdf\x17\xaeN\x1e'
11E8E149-EC4F-DFB0-9ABE-12DF17AE4E1E,2024-ncaa-d3-natl,ncaa,203,232,112,223,170,14,18,2,300,63,20,266,7,1,219,45,90,34,364,40,259,1,1,257,283,207,83,46,354,39,359,397,424,265,425,45,272,302,21,107,2,2,396,413,,,427,352,,,256,1,1,244,2,5,1,43,9,2,1,88,27,36,1,1,34,427,340,29,262,1,406,,427,,,252,427,426,379,427,427,422,427,91,34,389,2,427,427,129,427,375,415,427,427,427,288,13,3,286,411,424,427,359,427,425,427,427,1,3,126,84,4,398,237,,,44,382,,,256,427,226,274,237,426,422,358,424,410,74,16,427,427,427,397,427,401,427,427,427,1,74,386,,31,,,b'\x11\xe8\xe1I\xecO\xdf\xb0\x9a\xbe\x12\xdf\x17\xaeN\x1e'
11E8E149-EC4F-DFB0-9ABE-12DF17AE4E1E,2025-ncaa-d3-conf-CNE,genius_ncaa,7,7,7,7,9,5,4,1,8,5,4,7,2,1,9,2,7,6,6,6,9,1,1,9,9,6,4,2,8,5,9,10,10,8,10,9,10,6,4,8,1,1,8,8,,,10,9,,10,7,1,1,6,1,1,1,3,2,2,1,5,5,5,1,1,5,10,8,9,6,1,8,,10,,10,7,10,10,4,10,10,8,10,8,2,10,2,10,10,4,10,10,8,10,10,10,7,5,1,9,10,10,10,9,10,10,10,10,1,1,3,3,3,4,5,,,7,10,,6,7,10,6,7,7,10,10,7,10,9,8,3,10,10,10,9,10,10,10,10,10,1,5,7,,5,,6,b'\x11\xe8\xe1I\xecO\xdf\xb0\x9a\xbe\x12\xdf\x17\xaeN\x1e'
11E8E149-EC4F-DFB0-9ABE-12DF17AE4E1E,2025-ncaa-d3-natl,genius_ncaa,194,184,192,195,248,43,51,14,256,95,73,191,34,8,242,69,96,80,212,81,200,13,10,226,233,203,119,97,278,130,365,366,407,287,413,216,399,322,129,285,3,3,351,363,,,418,407,,408,216,6,2,258,8,15,3,46,36,20,8,71,63,64,3,3,111,403,300,210,320,3,361,,418,,411,217,411,386,247,402,391,277,391,267,181,357,79,418,418,212,418,419,360,416,396,411,172,277,71,409,396,407,417,365,416,413,404,386,3,4,32,168,34,152,72,,,89,337,,250,216,414,233,182,223,400,378,272,383,306,265,192,418,418,418,375,418,379,418,416,390,3,179,144,,52,,263,b'\x11\xe8\xe1I\xecO\xdf\xb0\x9a\xbe\x12\xdf\x17\xaeN\x1e'
11E8E149-EC4F-DFB0-9ABE-12DF17AE4E1E,2026-ncaa-d3-conf-CNE,genius_ncaa,5,8,1,8,1,3,2,1,10,5,2,10,2,2,5,6,6,7,4,6,10,1,1,8,9,8,6,3,10,2,8,4,7,3,8,9,11,8,5,7,1,2,6,7,,,10,9,,10,8,1,1,1,8,7,2,8,3,4,2,11,11,11,2,1,4,8,7,10,5,2,7,,9,,7,8,9,8,6,7,8,6,10,9,10,6,9,10,8,9,8,9,6,8,7,7,7,6,6,6,5,7,11,8,10,8,8,8,1,3,6,8,7,3,1,,,6,11,,4,8,10,8,6,8,7,6,3,8,1,7,9,8,6,6,3,7,3,11,9,8,3,8,1,,10,,7,b'\x11\xe8\xe1I\xecO\xdf\xb0\x9a\xbe\x12\xdf\x17\xaeN\x1e'
11E8E149-EC4F-DFB0-9ABE-12DF17AE4E1E,2026-ncaa-d3-natl,genius_ncaa,54,200,8,151,16,35,53,8,344,119,36,351,12,4,206,77,57,39,336,34,156,8,19,317,319,268,57,48,230,27,275,44,295,29,334,139,336,295,72,234,9,43,195,293,,,393,259,,271,136,21,115,99,214,246,48,314,196,68,39,215,157,155,50,99,123,246,183,322,104,32,302,,286,,167,164,334,332,375,141,358,376,203,209,327,49,154,348,351,236,358,213,377,392,116,124,52,112,92,266,382,295,411,275,405,334,299,143,10,39,40,280,93,242,131,,,16,157,,169,136,392,263,70,174,106,129,149,191,187,61,126,197,173,176,156,274,280,394,372,119,27,132,126,,103,,254,b'\x11\xe8\xe1I\xecO\xdf\xb0\x9a\xbe\x12\xdf\x17\xaeN\x1e'
11E8E149-EC54-A130-9ABE-12DF17AE4E1E,2018-ncaa-d3-conf-CCIW,ncaa,8,8,5,8,5,8,9,5,9,9,9,8,2,1,9,1,9,9,8,9,7,6,5,9,9,9,1,1,9,5,9,7,8,6,8,8,7,5,5,7,6,6,4,4,,,2,2,,,9,4,3,2,8,9,3,9,9,2,1,9,9,9,3,3,5,6,6,8,6,4,4,,4,,,9,9,9,9,9,9,7,9,8,8,8,7,2,2,3,3,3,8,5,9,9,9,5,7,1,8,8,9,9,9,8,9,8,7,7,9,5,5,2,5,,,8,7,,,9,4,9,9,9,9,9,9,9,9,8,8,2,4,5,9,7,8,9,9,9,6,5,3,,7,,,b'\x11\xe8\xe1I\xecT\xa10\x9a\xbe\x12\xdf\x17\xaeN\x1e'
11E8E149-EC54-A130-9ABE-12DF17AE4E1E,2018-ncaa-d3-natl,ncaa,364,394,197,381,230,270,273,121,383,367,401,227,47,4,406,3,365,331,382,334,149,150,121,353,372,360,31,13,389,245,401,227,260,247,393,319,349,332,268,355,201,260,214,258,,,263,186,,,399,100,45,155,275,286,59,387,425,32,5,387,358,363,85,63,241,207,235,342,345,206,202,,280,,,394,435,431,356,427,425,352,425,356,290,384,200,282,322,127,323,239,363,328,427,420,423,133,208,103,272,260,440,401,422,393,434,346,210,288,398,302,267,157,336,,,208,314,,,399,325,369,408,395,427,421,378,417,356,363,299,308,348,352,386,374,282,434,410,425,216,309,162,,198,,,b'\x11\xe8\xe1I\xecT\xa10\x9a\xbe\x12\xdf\x17\xaeN\x1e'
11E8E149-EC54-A130-9ABE-12DF17AE4E1E,2019-ncaa-d3-conf-CCIW,ncaa,7,5,7,7,7,7,7,6,6,7,9,5,5,3,6,3,9,7,6,6,5,7,7,6,6,7,4,4,6,8,9,3,2,6,5,4,3,5,6,5,9,9,5,6,,,5,7,,,5,6,3,1,5,5,2,6,6,4,2,7,6,6,4,3,7,2,2,3,8,9,5,,7,,,5,3,3,4,3,6,7,4,1,1,1,1,7,7,7,7,6,6,2,2,3,5,2,1,8,3,2,6,9,6,5,2,2,9,9,5,8,8,8,8,,,5,5,,,5,4,8,5,5,5,6,8,7,8,1,4,7,8,8,9,8,5,8,9,3,8,9,8,,4,,,b'\x11\xe8\xe1I\xecT\xa10\x9a\xbe\x12\xdf\x17\xaeN\x1e'
11E8E149-EC54-A130-9ABE-12DF17AE4E1E,2019-ncaa-d3-natl,ncaa,338,361,215,356,223,209,235,206,262,295,316,248,89,69,162,62,228,213,247,203,107,203,249,207,222,186,59,62,248,329,392,169,115,249,296,223,236,118,135,177,384,402,224,263,,,345,374,,,292,199,174,27,183,218,157,314,332,62,57,211,195,183,155,202,338,109,224,210,140,400,217,,375,,,290,350,325,236,340,373,328,323,118,109,230,66,391,378,360,380,322,291,209,300,335,381,128,54,346,141,115,374,392,304,296,294,202,348,372,369,181,193,397,418,,,184,145,,,292,247,228,353,284,355,325,283,357,354,128,108,403,385,391,335,255,147,392,325,297,360,187,403,,140,,,b'\x11\xe8\xe1I\xecT\xa10\x9a\xbe\x12\xdf\x17\xaeN\x1e'
11E8E149-EC54-A130-9ABE-12DF17AE4E1E,2020-ncaa-d3-conf-CCIW,ncaa,6,6,1,6,2,6,7,6,8,9,7,9,3,3,5,1,1,1,6,1,1,6,4,8,8,8,1,1,1,8,9,2,7,5,8,6,3,8,9,9,9,9,3,4,,,7,6,,,8,3,6,6,8,9,9,9,9,3,4,2,3,3,8,7,8,3,5,8,8,9,3,,6,,,8,8,9,9,3,9,9,5,1,4,1,3,8,8,1,8,5,9,8,2,2,5,1,1,5,9,7,9,9,9,8,8,4,9,9,9,9,9,4,5,,,1,2,,,8,7,8,8,8,6,8,9,9,9,1,3,6,8,8,9,6,9,7,9,6,9,9,4,,2,,,b'\x11\xe8\xe1I\xecT\xa10\x9a\xbe\x12\xdf\x17\xaeN\x1e'
11E8E149-EC54-A130-9ABE-12DF17AE4E1E,2020-ncaa-d3-natl,ncaa,215,275,65,245,94,200,284,288,259,360,360,320,63,98,49,92,55,47,176,53,10,232,195,186,160,205,11,42,33,373,406,88,136,220,287,222,129,319,327,297,376,403,120,161,,,397,373,,,317,114,253,196,269,358,401,402,415,77,142,70,69,76,371,357,412,134,314,275,261,409,139,,340,,,310,400,354,347,279,376,349,291,196,240,117,127,420,419,239,421,375,390,317,247,278,365,189,79,368,219,136,338,406,309,287,343,265,366,400,389,331,323,336,393,,,27,11,,,317,327,263,332,310,294,264,231,302,265,139,176,398,395,398,282,163,157,235,213,279,408,282,293,,51,,,b'\x11\xe8\xe1I\xecT\xa10\x9a\xbe\x12\xdf\x17\xaeN\x1e'
11E8E149-EC54-A130-9ABE-12DF17AE4E1E,2021-ncaa-d3-conf-CCIW,ncaa,9,9,3,9,3,5,6,3,8,5,4,7,4,3,7,3,6,4,8,4,6,3,3,8,9,8,5,5,7,5,9,4,9,3,9,7,7,7,6,7,6,7,1,3,,,5,5,,,8,3,3,5,6,7,3,6,6,6,4,8,6,6,3,4,7,4,5,8,6,6,2,,5,,,8,7,7,9,4,8,8,4,4,7,3,5,8,7,8,7,6,9,7,4,5,7,5,3,7,9,9,7,9,9,9,7,6,6,7,7,7,7,5,5,,,2,3,,,8,7,9,8,8,8,7,7,7,8,3,5,9,8,7,8,7,8,9,9,6,7,7,5,,2,,,b'\x11\xe8\xe1I\xecT\xa10\x9a\xbe\x12\xdf\x17\xaeN\x1e'
11E8E149-EC54-A130-9ABE-12DF17AE4E1E,2021-ncaa-d3-natl,ncaa,176,270,47,232,50,76,82,61,182,95,81,167,61,51,158,73,89,67,229,66,97,59,61,171,183,181,94,81,160,89,228,61,199,64,220,81,139,227,161,164,111,235,48,82,,,243,224,,,240,57,176,57,193,195,189,214,220,117,96,188,150,149,179,185,203,162,190,172,137,223,76,,220,,,203,237,238,238,159,239,236,169,219,237,121,154,254,248,198,245,203,237,229,158,178,201,160,120,212,247,199,249,228,251,220,244,193,85,200,207,225,164,197,152,,,41,46,,,240,227,192,203,207,184,161,167,158,146,164,171,234,226,211,184,151,200,211,211,193,195,144,124,,73,,,b'\x11\xe8\xe1I\xecT\xa10\x9a\xbe\x12\xdf\x17\xaeN\x1e'
11E8E149-EC54-A130-9ABE-12DF17AE4E1E,2022-ncaa-d3-conf-CCIW,ncaa,6,8,5,8,5,6,4,5,5,5,6,5,7,6,5,6,9,8,9,8,9,6,6,5,5,5,6,5,9,7,9,3,6,4,7,3,3,4,4,3,5,6,6,6,,,8,5,,,7,5,5,1,5,4,3,5,4,6,6,9,8,9,5,4,8,2,4,2,5,5,6,,8,,,7,7,5,7,5,6,6,6,3,6,2,3,9,9,7,9,9,9,5,4,6,6,5,2,9,7,6,9,9,9,7,2,1,5,7,5,6,6,2,2,,,5,2,,,7,4,6,7,7,7,7,8,7,7,3,5,9,9,9,8,7,7,9,9,2,5,7,2,,3,,,b'\x11\xe8\xe1I\xecT\xa10\x9a\xbe\x12\xdf\x17\xaeN\x1e'
11E8E149-EC54-A130-9ABE-12DF17AE4E1E,2022-ncaa-d3-natl,ncaa,256,341,61,291,63,146,128,122,175,102,88,169,240,214,249,291,209,151,302,147,258,118,105,204,223,219,327,296,261,254,344,112,176,162,289,96,96,297,227,161,248,319,173,198,,,404,355,,,301,77,197,39,221,185,218,137,147,297,286,265,220,213,226,238,339,211,284,126,207,312,207,,360,,,289,398,354,313,282,365,290,345,255,322,103,225,425,420,397,419,395,359,343,274,341,334,268,116,403,264,176,379,344,354,289,235,85,175,268,194,338,288,130,65,,,33,50,,,301,357,252,320,289,314,250,178,271,166,160,237,411,392,387,255,224,176,306,260,149,251,281,74,,65,,,b'\x11\xe8\xe1I\xecT\xa10\x9a\xbe\x12\xdf\x17\xaeN\x1e'
11E8E149-EC54-A130-9ABE-12DF17AE4E1E,2023-ncaa-d3-conf-CCIW,ncaa,8,8,7,8,8,7,7,7,7,8,6,8,5,6,2,5,1,5,1,5,4,7,9,7,6,6,3,3,2,9,9,6,9,9,9,6,2,2,4,6,8,8,3,5,,,1,1,,,8,6,1,6,6,7,6,7,5,3,5,1,2,2,6,8,9,3,9,6,4,8,3,,2,,,8,8,8,9,7,9,9,7,4,3,5,1,3,3,9,3,1,8,6,7,6,8,1,2,2,9,9,9,9,9,9,6,1,8,8,8,6,8,1,1,,,6,2,,,8,4,7,8,8,8,8,9,9,9,5,5,4,3,3,9,9,9,9,9,8,8,8,1,,2,,,b'\x11\xe8\xe1I\xecT\xa10\x9a\xbe\x12\xdf\x17\xaeN\x1e'
11E8E149-EC54-A130-9ABE-12DF17AE4E1E,2023-ncaa-d3-natl,ncaa,341,345,271,349,312,243,292,303,267,317,313,319,145,204,75,173,72,157,15,154,63,283,330,234,160,150,40,129,30,404,424,244,288,359,389,240,118,72,135,161,375,389,109,128,,,72,59,,,349,262,147,288,202,290,276,323,297,121,182,35,93,96,241,304,418,166,369,212,112,387,91,,76,,,342,379,395,317,384,388,315,369,334,259,372,230,193,99,426,105,72,290,188,381,385,412,123,243,74,272,288,344,424,333,389,321,135,376,395,390,155,228,22,22,,,185,45,,,349,163,244,408,347,394,396,379,391,371,352,306,230,128,137,367,284,308,381,363,325,378,202,12,,83,,,b'\x11\xe8\xe1I\xecT\xa10\x9a\xbe\x12\xdf\x17\xaeN\x1e'
11E8E149-EC54-A130-9ABE-12DF17AE4E1E,2024-ncaa-d3-conf-CCIW,ncaa,5,4,5,5,6,5,5,4,8,5,3,9,9,7,8,8,6,5,8,5,7,5,6,9,9,5,8,8,4,5,7,6,6,6,8,5,3,1,2,4,2,2,4,3,,,5,4,,,5,6,4,3,6,6,3,5,2,9,7,6,6,5,3,5,3,6,4,4,2,2,4,,5,,,5,5,5,4,7,5,6,6,2,3,5,3,3,3,4,3,2,4,4,6,6,4,2,3,2,5,6,9,7,9,8,2,1,3,2,3,1,2,7,3,,,5,4,,,5,4,6,4,5,4,7,4,7,8,5,3,4,4,4,2,6,5,9,9,2,3,2,6,,4,,,b'\x11\xe8\xe1I\xecT\xa10\x9a\xbe\x12\xdf\x17\xaeN\x1e'
11E8E149-EC54-A130-9ABE-12DF17AE4E1E,2024-ncaa-d3-natl,ncaa,203,232,112,223,143,144,124,82,197,81,60,175,283,220,364,316,132,133,233,132,291,81,108,250,244,192,360,351,206,165,297,231,184,204,311,116,148,117,62,83,46,53,161,202,,,343,321,,,258,98,111,152,139,114,54,67,50,311,258,148,139,142,56,110,187,305,246,115,99,47,186,,338,,,253,379,383,259,404,387,297,397,216,148,332,125,300,268,352,265,212,262,304,394,401,361,84,99,169,163,184,404,297,353,311,293,120,88,117,182,158,113,209,98,,,104,155,,,258,328,202,331,254,352,361,215,369,263,200,119,289,242,242,210,271,133,388,317,267,105,135,193,,100,,,b'\x11\xe8\xe1I\xecT\xa10\x9a\xbe\x12\xdf\x17\xaeN\x1e'
11E8E149-EC54-A130-9ABE-12DF17AE4E1E,2025-ncaa-d3-conf-CCIW,genius_ncaa,7,6,7,7,7,6,6,6,4,4,4,7,6,6,6,8,3,3,4,3,3,6,7,7,6,3,6,7,2,8,8,8,5,8,7,4,6,1,3,3,4,3,8,8,,,1,1,,1,5,6,5,1,4,4,4,4,3,6,6,2,3,3,4,4,8,6,8,3,3,4,8,,3,,2,5,4,5,2,8,6,4,7,2,1,8,3,2,2,2,2,2,1,3,7,7,7,2,3,1,4,5,9,8,6,7,2,2,4,3,3,3,5,2,2,,,4,1,,5,5,3,4,5,5,7,8,6,8,7,3,3,3,4,3,5,6,4,9,8,4,4,5,3,,1,,5,b'\x11\xe8\xe1I\xecT\xa10\x9a\xbe\x12\xdf\x17\xaeN\x1e'
11E8E149-EC54-A130-9ABE-12DF17AE4E1E,2025-ncaa-d3-natl,genius_ncaa,250,269,192,262,218,127,126,201,56,79,115,82,286,325,177,350,59,96,69,91,161,176,221,95,77,63,336,358,109,309,322,328,234,335,316,113,163,72,79,68,92,81,325,342,,,158,154,,154,206,190,150,127,72,71,151,36,81,300,339,44,77,78,121,202,320,373,375,81,86,83,330,,164,,155,206,348,371,166,405,385,249,396,164,84,327,93,206,159,348,156,142,159,199,398,402,360,49,80,134,138,234,239,322,191,316,198,47,135,121,155,120,140,27,13,,,97,46,,129,206,228,95,336,211,337,358,193,378,271,172,90,215,164,164,183,237,137,251,204,211,121,144,21,,58,,129,b'\x11\xe8\xe1I\xecT\xa10\x9a\xbe\x12\xdf\x17\xaeN\x1e'
11E8E149-EC54-A130-9ABE-12DF17AE4E1E,2026-ncaa-d3-conf-CCIW,genius_ncaa,4,4,1,4,2,4,6,5,6,5,6,1,5,3,8,3,2,2,3,2,1,5,2,6,3,5,2,7,2,5,5,3,4,4,4,4,6,7,6,6,4,7,6,7,,,5,3,,6,6,2,3,2,5,7,6,6,8,5,3,2,3,2,5,3,5,3,4,6,6,6,6,,3,,6,5,7,8,9,6,9,8,8,3,6,1,3,7,7,3,6,3,9,7,5,4,7,1,1,3,7,4,4,5,5,4,6,4,5,8,7,8,7,9,9,,,3,2,,3,6,8,6,7,6,6,8,9,9,8,1,4,5,5,4,8,6,7,3,4,6,7,7,9,,3,,4,b'\x11\xe8\xe1I\xecT\xa10\x9a\xbe\x12\xdf\x17\xaeN\x1e'
11E8E149-EC54-A130-9ABE-12DF17AE4E1E,2026-ncaa-d3-natl,genius_ncaa,98,132,116,138,139,88,100,159,83,130,174,120,72,153,42,187,73,158,18,164,187,162,197,64,48,33,126,137,189,211,208,191,73,198,128,109,226,116,69,62,309,331,145,177,,,126,80,,130,118,186,288,113,63,92,181,144,210,78,177,88,194,206,181,297,262,231,259,130,61,361,172,,49,,119,122,258,288,221,345,304,216,359,225,218,208,237,174,127,335,127,103,206,189,338,327,332,104,168,97,106,73,193,208,153,128,218,90,256,254,251,127,96,151,130,,,186,183,,262,118,217,43,285,126,240,277,157,295,169,193,174,115,69,72,125,80,61,114,75,178,315,80,120,,232,,296,b'\x11\xe8\xe1I\xecT\xa10\x9a\xbe\x12\xdf\x17\xaeN\x1e'
11E8E149-EC59-B274-9ABE-12DF17AE4E1E,2018-ncaa-d3-conf-UMAC,ncaa,7,7,6,7,6,7,8,7,7,9,9,7,3,3,5,1,3,3,6,3,1,7,7,6,6,6,1,2,2,4,5,6,7,5,6,8,8,7,7,8,9,9,9,9,,,9,9,,,8,7,4,1,5,8,5,9,9,2,1,2,2,2,5,4,3,4,5,8,7,9,9,,9,,,8,8,8,6,7,9,5,8,5,3,7,3,9,9,5,9,9,6,4,7,7,9,5,4,7,6,7,6,5,4,6,7,6,9,9,9,6,6,6,8,,,2,1,,,8,3,7,9,8,9,9,7,9,8,7,4,9,9,9,8,7,8,8,7,8,9,7,6,,1,,,b'\x11\xe8\xe1I\xecY\xb2t\x9a\xbe\x12\xdf\x17\xaeN\x1e'
11E8E149-EC59-B274-9ABE-12DF17AE4E1E,2018-ncaa-d3-natl,ncaa,346,279,412,333,420,398,414,417,379,428,434,375,161,127,252,19,330,285,381,282,6,413,416,333,331,353,5,15,103,282,156,414,351,397,282,397,228,150,364,375,389,326,428,419,,,215,414,,,361,422,226,259,349,392,333,429,437,61,31,212,108,108,284,211,124,328,230,362,350,320,421,,414,,,373,92,93,29,365,152,51,384,65,55,181,144,226,250,148,248,368,33,23,341,353,367,151,89,326,127,351,45,156,55,282,190,345,409,345,381,253,381,116,403,,,370,163,,,361,24,331,381,368,352,332,249,357,284,186,183,395,400,402,317,262,335,243,291,353,316,375,243,,163,,,b'\x11\xe8\xe1I\xecY\xb2t\x9a\xbe\x12\xdf\x17\xaeN\x1e'
11E8E149-EC59-B274-9ABE-12DF17AE4E1E,2019-ncaa-d3-conf-UMAC,ncaa,5,5,4,5,5,5,6,6,7,8,9,5,2,1,5,1,5,6,5,6,2,6,4,5,5,6,1,1,7,5,4,4,2,3,3,8,9,6,6,6,9,9,5,5,,,4,4,,,6,4,5,5,6,6,7,8,9,2,1,5,6,6,7,6,5,2,3,8,6,9,4,,4,,,6,6,6,8,5,6,5,6,7,8,2,8,2,2,4,2,2,8,5,6,5,6,5,8,2,4,2,3,4,3,3,7,7,9,9,8,6,6,5,7,,,5,6,,,6,6,6,6,6,6,6,8,5,5,6,8,2,2,3,8,3,4,5,3,7,9,6,5,,6,,,b'\x11\xe8\xe1I\xecY\xb2t\x9a\xbe\x12\xdf\x17\xaeN\x1e'
11E8E149-EC59-B274-9ABE-12DF17AE4E1E,2019-ncaa-d3-natl,ncaa,237,162,390,203,400,372,389,398,331,410,426,207,162,80,349,17,344,373,135,371,95,398,396,288,283,315,35,46,239,336,128,361,160,368,107,400,385,216,360,392,351,284,270,211,,,44,119,,,277,400,197,269,309,343,285,397,427,88,23,276,315,318,309,203,227,205,222,390,354,288,203,,112,,,284,57,96,77,202,101,69,264,168,231,124,363,36,33,112,33,82,55,39,212,161,246,182,315,61,48,160,15,128,19,107,191,331,408,377,386,93,219,116,356,,,395,330,,,277,44,316,221,287,223,283,338,264,229,304,373,72,89,81,284,185,152,66,85,317,384,211,197,,324,,,b'\x11\xe8\xe1I\xecY\xb2t\x9a\xbe\x12\xdf\x17\xaeN\x1e'
11E8E149-EC59-B274-9ABE-12DF17AE4E1E,2020-ncaa-d3-conf-UMAC,ncaa,5,5,4,5,4,5,5,6,6,6,9,3,3,2,5,1,5,3,6,3,2,5,5,5,6,6,1,1,4,6,4,3,6,3,5,4,4,9,8,5,8,9,5,6,,,2,1,,,6,4,3,5,6,6,6,7,9,2,2,5,3,3,5,4,6,3,3,4,7,8,5,,1,,,6,7,7,9,2,7,8,4,6,9,1,7,4,3,9,3,2,9,9,2,2,5,4,6,4,9,6,6,4,7,5,6,6,8,9,7,7,7,8,8,,,3,3,,,6,8,6,5,6,7,6,9,6,8,7,8,5,3,3,9,7,9,6,7,6,9,7,5,,3,,,b'\x11\xe8\xe1I\xecY\xb2t\x9a\xbe\x12\xdf\x17\xaeN\x1e'
11E8E149-EC59-B274-9ABE-12DF17AE4E1E,2020-ncaa-d3-natl,ncaa,237,245,198,250,261,166,209,254,163,293,383,58,58,34,184,26,115,88,280,88,9,216,155,102,102,183,43,55,152,255,166,166,304,204,181,113,28,385,357,240,294,346,259,302,,,149,72,,,275,116,45,238,109,183,235,305,408,41,31,93,53,56,181,91,239,105,171,73,382,296,255,,164,,,271,377,382,424,155,362,369,230,351,415,80,329,237,211,316,221,122,417,365,155,136,283,199,281,133,360,304,76,166,188,181,387,312,344,402,395,397,369,124,253,,,95,110,,,275,348,220,296,256,373,367,426,358,392,346,413,253,232,245,422,403,355,87,222,372,361,381,124,,58,,,b'\x11\xe8\xe1I\xecY\xb2t\x9a\xbe\x12\xdf\x17\xaeN\x1e'
11E8E149-EC59-B274-9ABE-12DF17AE4E1E,2021-ncaa-d3-conf-UMAC,ncaa,1,2,1,2,1,1,1,2,2,1,2,3,1,1,1,1,6,2,7,2,5,2,1,2,2,3,2,1,9,2,5,1,5,1,2,2,4,9,6,4,3,5,2,4,,,6,2,,,1,1,5,9,2,2,4,5,8,1,1,7,5,8,5,6,7,1,2,3,6,5,3,,2,,,3,8,8,9,1,8,9,1,7,9,2,7,5,6,2,6,3,9,9,1,1,1,5,8,3,9,5,8,5,9,2,8,3,2,5,4,9,5,5,3,,,1,4,,,1,9,3,1,3,2,3,7,3,8,5,8,3,3,3,7,7,8,3,4,3,5,4,1,,4,,,b'\x11\xe8\xe1I\xecY\xb2t\x9a\xbe\x12\xdf\x17\xaeN\x1e'
11E8E149-EC59-B274-9ABE-12DF17AE4E1E,2021-ncaa-d3-natl,ncaa,3,115,5,60,7,4,4,9,20,9,17,25,3,6,23,32,22,19,191,19,94,9,9,12,14,24,57,27,243,18,156,4,200,8,134,4,78,277,166,78,16,148,11,110,,,251,17,,,14,8,100,259,42,47,137,115,243,16,41,176,160,156,142,133,194,38,95,37,166,127,89,,23,,,44,273,275,282,50,277,283,71,271,280,50,168,250,259,55,256,52,280,279,45,35,51,89,135,68,283,200,274,156,279,134,278,158,14,174,162,276,170,210,64,,,14,155,,,14,278,45,73,48,101,133,234,144,217,111,201,59,75,71,221,209,242,78,164,156,143,167,37,,157,,,b'\x11\xe8\xe1I\xecY\xb2t\x9a\xbe\x12\xdf\x17\xaeN\x1e'
11E8E149-EC59-B274-9ABE-12DF17AE4E1E,2022-ncaa-d3-conf-UMAC,ncaa,3,3,1,3,2,2,2,2,2,3,5,2,2,1,5,1,3,1,6,1,1,2,1,3,3,3,3,3,4,7,6,2,5,2,5,2,5,6,5,4,2,2,3,3,,,3,2,,,3,1,2,3,2,2,4,4,8,3,1,3,2,2,3,3,7,3,3,2,5,2,3,,3,,,3,3,3,8,1,3,4,2,7,8,1,8,1,2,1,2,2,8,7,1,1,1,5,6,1,6,5,7,6,7,5,5,7,2,2,3,6,4,1,2,,,3,3,,,3,8,3,1,3,2,3,6,2,3,7,7,1,2,2,5,7,6,5,6,4,2,4,1,,4,,,b'\x11\xe8\xe1I\xecY\xb2t\x9a\xbe\x12\xdf\x17\xaeN\x1e'
11E8E149-EC59-B274-9ABE-12DF17AE4E1E,2022-ncaa-d3-natl,ncaa,62,39,188,46,221,66,76,168,24,151,343,5,27,29,87,20,192,196,191,187,51,171,191,14,15,20,60,38,361,291,309,169,183,227,246,72,130,156,149,69,45,35,139,97,,,50,21,,,20,145,120,218,21,29,130,143,394,17,18,180,176,167,127,157,324,147,246,42,169,35,141,,22,,,15,100,152,235,94,92,105,142,341,389,115,412,23,21,246,20,18,164,233,130,87,43,286,403,20,226,183,226,309,231,246,215,269,52,37,80,192,168,26,37,,,276,322,,,20,248,38,42,21,84,132,230,86,69,327,398,9,7,6,140,257,206,228,216,197,40,185,10,,315,,,b'\x11\xe8\xe1I\xecY\xb2t\x9a\xbe\x12\xdf\x17\xaeN\x1e'
11E8E149-EC59-B274-9ABE-12DF17AE4E1E,2023-ncaa-d3-conf-UMAC,ncaa,2,2,1,2,1,2,1,1,3,1,1,2,2,3,6,5,5,3,8,2,6,1,1,3,5,4,7,6,8,4,8,1,6,1,5,2,3,8,5,4,2,4,1,2,,,8,6,,,4,1,3,3,3,2,3,2,4,6,5,8,7,7,3,3,5,1,2,4,5,2,1,,7,,,4,8,8,8,3,8,8,2,3,5,3,2,8,8,2,8,4,8,8,2,2,4,3,3,7,8,6,8,8,8,5,3,2,2,5,4,8,7,5,2,,,1,4,,,4,8,5,4,4,4,4,7,5,8,3,3,6,8,8,8,8,8,6,7,3,3,8,3,,4,,,b'\x11\xe8\xe1I\xecY\xb2t\x9a\xbe\x12\xdf\x17\xaeN\x1e'
11E8E149-EC59-B274-9ABE-12DF17AE4E1E,2023-ncaa-d3-natl,ncaa,171,131,271,165,301,236,191,222,154,185,288,59,173,108,331,91,364,336,379,339,302,246,273,151,215,213,295,177,420,286,300,182,242,240,276,183,192,162,201,176,166,169,45,36,,,312,325,,,199,252,127,215,181,125,119,135,256,155,80,381,338,341,158,175,272,85,183,127,215,135,28,,356,,,200,129,127,180,108,137,240,69,148,125,232,109,259,314,45,317,301,205,210,102,89,109,242,184,308,263,242,233,300,254,276,82,92,185,195,112,230,261,68,110,,,294,297,,,199,196,235,132,197,204,186,276,201,320,181,166,302,353,358,313,315,295,308,316,122,144,262,88,,276,,,b'\x11\xe8\xe1I\xecY\xb2t\x9a\xbe\x12\xdf\x17\xaeN\x1e'
11E8E149-EC59-B274-9ABE-12DF17AE4E1E,2024-ncaa-d3-conf-UMAC,ncaa,4,6,1,4,2,4,3,1,5,2,2,5,6,6,4,7,2,2,3,2,6,2,2,5,5,4,7,7,3,4,5,1,3,3,4,3,4,5,4,3,6,6,1,2,,,8,5,,,4,1,3,6,5,5,3,2,2,6,7,3,3,4,4,4,5,2,5,4,5,6,1,,6,,,4,6,6,7,4,5,7,3,3,3,3,3,8,8,8,8,5,7,7,3,4,5,6,4,8,4,3,7,5,5,4,3,2,5,6,4,4,4,3,2,,,2,3,,,4,8,5,5,4,4,3,4,5,6,3,3,7,6,6,6,4,3,4,3,2,6,4,3,,3,,,b'\x11\xe8\xe1I\xecY\xb2t\x9a\xbe\x12\xdf\x17\xaeN\x1e'
11E8E149-EC59-B274-9ABE-12DF17AE4E1E,2024-ncaa-d3-natl,ncaa,227,232,200,238,228,171,152,178,123,111,133,115,245,262,231,289,213,233,154,234,307,183,230,148,156,131,331,309,268,344,362,160,29,256,191,197,314,117,125,152,199,181,29,29,,,295,337,,,173,159,128,117,135,107,128,78,100,257,265,200,230,227,135,195,362,122,260,187,124,189,21,,318,,,173,214,170,174,179,213,233,148,131,105,252,95,360,339,338,337,317,203,170,170,222,254,253,119,366,34,29,267,362,128,191,109,70,263,272,166,202,201,44,29,,,226,221,,,173,258,185,169,178,220,180,197,217,254,139,106,369,348,349,230,207,30,276,148,124,265,208,36,,219,,,b'\x11\xe8\xe1I\xecY\xb2t\x9a\xbe\x12\xdf\x17\xaeN\x1e'
11E8E149-EC59-B274-9ABE-12DF17AE4E1E,2025-ncaa-d3-conf-UMAC,genius_ncaa,6,6,3,6,4,6,6,5,6,5,5,5,6,5,7,5,4,4,4,4,3,5,5,7,7,6,6,7,2,3,4,7,4,4,4,7,7,6,6,6,6,6,3,3,,,5,5,,3,6,6,7,4,6,6,6,5,4,6,5,5,5,5,6,5,3,6,5,7,5,6,3,,5,,4,6,3,5,2,6,4,4,6,3,3,3,5,4,4,4,4,5,2,1,5,4,6,4,4,4,3,4,4,4,4,4,5,5,6,6,6,5,5,2,2,,,4,4,,3,6,2,6,6,6,4,5,3,4,3,3,4,3,4,4,3,2,3,4,3,5,6,5,2,,4,,4,b'\x11\xe8\xe1I\xecY\xb2t\x9a\xbe\x12\xdf\x17\xaeN\x1e'
11E8E149-EC59-B274-9ABE-12DF17AE4E1E,2025-ncaa-d3-natl,genius_ncaa,343,384,116,358,137,318,295,218,347,270,259,254,293,139,395,111,327,319,305,320,288,242,188,352,358,357,285,249,286,248,251,199,87,230,161,335,355,323,324,355,312,331,130,125,,,140,138,,154,322,174,243,102,368,347,279,309,320,322,150,368,360,358,319,254,288,248,271,368,294,341,148,,107,,146,316,233,259,243,228,204,148,270,324,354,206,361,122,148,83,150,197,231,180,259,220,256,257,342,107,83,87,177,251,121,161,243,198,278,299,284,358,343,52,78,,,326,364,,250,322,237,357,220,322,184,215,196,171,104,297,332,98,124,125,171,115,75,123,89,213,324,329,39,,384,,273,b'\x11\xe8\xe1I\xecY\xb2t\x9a\xbe\x12\xdf\x17\xaeN\x1e'
11E8E149-EC59-B274-9ABE-12DF17AE4E1E,2026-ncaa-d3-natl,genius_ncaa,288,268,215,305,249,271,277,263,251,257,239,249,260,263,271,256,223,217,247,210,172,262,284,265,262,244,234,263,157,291,300,276,107,296,260,354,397,112,149,304,321,307,334,302,,,263,377,,400,312,278,181,113,244,247,196,207,177,259,239,158,172,162,185,236,266,242,275,369,140,318,332,,361,,409,311,234,176,135,307,142,90,326,292,265,308,344,364,297,407,298,390,155,130,335,384,384,383,306,380,85,107,219,300,154,260,276,364,306,286,345,43,34,151,180,,,232,128,,98,312,151,246,351,305,336,249,172,178,80,351,338,400,369,371,216,168,88,322,218,331,307,37,175,,149,,79,b'\x11\xe8\xe1I\xecY\xb2t\x9a\xbe\x12\xdf\x17\xaeN\x1e'
11E8E149-EC5E-32EA-9ABE-12DF17AE4E1E,2018-ncaa-d3-conf-CCIW,ncaa,7,7,5,7,5,7,7,7,8,7,4,9,9,9,6,9,6,6,7,6,6,7,7,8,8,7,8,9,4,8,8,9,9,9,9,6,4,7,7,6,7,7,5,6,,,7,7,,,8,7,4,2,7,7,7,5,3,9,9,5,5,5,7,4,8,9,9,6,7,5,5,,7,,,8,8,8,6,8,8,6,8,6,4,7,4,3,5,1,5,6,6,6,7,7,7,3,5,3,9,9,7,8,8,9,7,4,6,6,6,9,9,4,3,,,6,5,,,8,3,7,8,8,8,8,8,8,8,7,5,4,8,8,8,8,9,8,8,7,5,9,4,,5,,,b'\x11\xe8\xe1I\xec^2\xea\x9a\xbe\x12\xdf\x17\xaeN\x1e'
11E8E149-EC5E-32EA-9ABE-12DF17AE4E1E,2018-ncaa-d3-natl,ncaa,280,309,197,292,212,286,260,249,261,179,142,268,386,372,372,372,240,210,291,204,290,249,220,317,315,322,384,387,172,321,368,302,353,326,378,242,214,306,310,285,177,205,246,257,,,326,332,,,364,174,140,63,301,269,231,155,103,392,373,240,198,191,231,183,336,330,364,243,308,178,249,,364,,,357,360,360,259,368,356,220,395,304,310,224,279,291,307,183,295,301,275,281,367,367,345,199,219,207,325,353,318,368,331,378,322,192,167,208,250,336,328,279,225,,,212,221,,,364,256,341,344,356,359,351,297,340,245,294,312,320,325,312,316,325,337,333,343,318,166,332,297,,204,,,b'\x11\xe8\xe1I\xec^2\xea\x9a\xbe\x12\xdf\x17\xaeN\x1e'
11E8E149-EC5E-32EA-9ABE-12DF17AE4E1E,2019-ncaa-d3-conf-CCIW,ncaa,5,5,1,5,2,5,5,2,9,2,2,8,9,9,9,9,2,1,9,1,2,2,2,9,9,9,9,9,1,2,3,6,6,4,7,5,8,9,4,9,2,2,7,7,,,8,8,,,9,2,5,3,9,9,5,3,2,9,9,3,1,1,2,2,2,8,6,9,5,2,7,,8,,,9,9,8,6,7,7,6,7,6,4,9,5,9,8,9,8,8,8,8,7,8,7,6,5,7,4,6,9,3,9,7,8,7,2,2,4,5,3,9,9,,,1,2,,,9,8,9,7,9,7,5,2,6,6,5,2,8,7,7,4,5,3,9,7,6,2,4,9,,1,,,b'\x11\xe8\xe1I\xec^2\xea\x9a\xbe\x12\xdf\x17\xaeN\x1e'
11E8E149-EC5E-32EA-9ABE-12DF17AE4E1E,2019-ncaa-d3-natl,ncaa,237,304,67,273,101,205,195,121,292,118,61,279,379,343,402,389,131,34,414,30,121,87,88,335,349,321,386,407,113,100,236,251,170,190,284,233,308,286,190,279,95,117,245,255,,,423,425,,,337,96,186,200,295,270,202,153,74,406,374,178,46,39,134,153,140,369,282,307,211,124,287,,402,,,326,399,306,156,378,271,210,296,326,148,437,123,435,423,426,427,422,240,317,387,420,361,367,214,414,141,170,410,236,346,284,310,259,80,81,144,126,69,443,436,,,44,63,,,337,338,312,314,327,301,200,52,188,114,262,77,428,397,405,101,174,81,360,265,239,98,88,442,,45,,,b'\x11\xe8\xe1I\xec^2\xea\x9a\xbe\x12\xdf\x17\xaeN\x1e'
11E8E149-EC5E-32EA-9ABE-12DF17AE4E1E,2020-ncaa-d3-conf-CCIW,ncaa,3,3,5,3,6,5,5,5,3,2,3,5,8,9,7,9,5,2,9,2,5,5,6,7,7,5,7,9,2,6,7,6,3,6,7,5,8,4,4,4,3,3,6,7,,,9,9,,,4,5,3,9,5,4,6,2,2,8,9,4,1,1,4,5,7,6,7,6,3,4,6,,9,,,4,2,2,3,6,3,5,3,2,1,7,1,9,9,2,9,9,4,4,4,5,3,5,2,9,3,3,7,7,5,7,1,3,2,3,1,5,4,8,6,,,2,1,,,4,5,6,2,4,3,2,1,5,5,2,1,9,9,9,2,4,2,9,8,2,3,4,7,,1,,,b'\x11\xe8\xe1I\xec^2\xea\x9a\xbe\x12\xdf\x17\xaeN\x1e'
11E8E149-EC5E-32EA-9ABE-12DF17AE4E1E,2020-ncaa-d3-natl,ncaa,118,111,126,118,173,176,169,279,71,132,167,120,248,346,59,347,107,82,269,88,106,232,248,87,91,115,273,305,134,355,369,265,80,320,262,208,290,192,208,210,128,113,305,291,,,416,431,,,170,189,241,303,185,181,350,133,205,268,361,119,80,85,302,329,386,326,382,224,167,134,320,,409,,,177,210,128,57,313,139,119,243,173,63,403,82,404,415,127,413,422,106,169,317,351,265,334,165,410,53,80,221,369,124,262,96,100,102,75,61,147,161,275,244,,,28,3,,,170,243,175,208,180,185,119,20,123,80,154,39,392,402,402,63,109,37,176,103,89,117,131,254,,21,,,b'\x11\xe8\xe1I\xec^2\xea\x9a\xbe\x12\xdf\x17\xaeN\x1e'
11E8E149-EC5E-32EA-9ABE-12DF17AE4E1E,2021-ncaa-d3-conf-CCIW,ncaa,3,4,1,3,1,4,2,2,5,2,2,6,9,7,8,9,3,6,3,6,8,2,2,9,7,6,9,9,5,2,7,1,5,2,6,4,5,8,5,6,2,2,7,7,,,8,7,,,4,2,8,1,8,5,4,4,2,9,9,6,8,8,5,6,6,5,6,6,5,3,7,,8,,,4,4,4,5,1,6,9,1,2,1,2,1,7,8,1,8,7,6,8,1,2,1,4,2,9,8,5,7,7,8,6,3,3,2,2,2,9,6,9,8,,,3,7,,,4,8,7,1,4,1,1,1,2,5,1,1,6,7,8,2,5,6,7,7,1,2,5,9,,8,,,b'\x11\xe8\xe1I\xec^2\xea\x9a\xbe\x12\xdf\x17\xaeN\x1e'
11E8E149-EC5E-32EA-9ABE-12DF17AE4E1E,2021-ncaa-d3-natl,ncaa,35,149,32,88,32,64,59,51,157,54,37,158,109,88,198,209,68,74,112,72,214,52,52,181,177,173,226,215,139,62,192,51,135,50,171,50,60,231,152,116,38,60,120,192,,,265,266,,,99,49,239,12,203,182,204,135,119,216,222,179,201,202,218,219,192,183,200,120,120,80,202,,245,,,118,213,206,220,79,215,240,73,163,175,116,49,248,255,61,257,236,229,237,71,81,56,147,65,251,232,135,249,192,249,171,214,169,34,47,57,232,152,257,205,,,42,87,,,99,237,180,55,118,43,36,23,63,89,44,31,181,206,214,41,72,104,151,137,80,79,126,221,,132,,,b'\x11\xe8\xe1I\xec^2\xea\x9a\xbe\x12\xdf\x17\xaeN\x1e'
11E8E149-EC5E-32EA-9ABE-12DF17AE4E1E,2022-ncaa-d3-conf-CCIW,ncaa,4,4,5,4,6,5,5,6,4,4,2,6,9,9,9,9,3,2,8,2,5,5,5,7,7,6,9,9,2,4,5,6,8,6,8,7,7,5,3,7,4,4,7,8,,,7,4,,,8,6,2,2,4,5,5,3,1,9,9,1,1,1,3,3,4,8,7,8,6,4,7,,7,,,8,8,8,5,8,8,8,8,2,1,4,1,8,8,6,8,7,6,6,8,8,8,3,1,7,8,8,6,5,8,8,8,3,4,4,4,5,4,9,9,,,2,1,,,8,6,5,8,8,8,8,7,8,8,1,1,8,8,8,7,8,8,8,8,8,4,4,9,,1,,,b'\x11\xe8\xe1I\xec^2\xea\x9a\xbe\x12\xdf\x17\xaeN\x1e'
11E8E149-EC5E-32EA-9ABE-12DF17AE4E1E,2022-ncaa-d3-natl,ncaa,147,156,188,156,203,150,149,192,128,113,115,147,264,298,193,332,114,86,254,85,173,173,188,163,167,161,307,326,149,215,264,326,269,293,309,168,244,167,159,169,48,34,331,341,,,324,331,,,219,175,147,130,131,131,156,83,93,285,306,100,74,74,128,151,223,392,349,168,181,38,350,,338,,,219,312,290,122,393,325,154,396,127,108,241,110,384,371,319,366,381,149,225,380,400,304,172,57,363,179,269,267,264,233,309,255,181,58,36,104,209,194,396,346,,,60,39,,,219,252,172,285,219,299,276,70,317,142,109,74,379,370,367,116,244,161,264,220,249,45,204,403,,33,,,b'\x11\xe8\xe1I\xec^2\xea\x9a\xbe\x12\xdf\x17\xaeN\x1e'
11E8E149-EC5E-32EA-9ABE-12DF17AE4E1E,2023-ncaa-d3-conf-CCIW,ncaa,6,6,7,6,8,8,8,8,8,6,7,7,8,5,9,3,7,6,8,6,3,8,7,8,8,8,4,5,3,7,7,9,7,8,8,8,6,4,7,8,5,4,9,9,,,8,9,,,7,9,5,6,8,8,7,6,6,8,3,5,3,3,7,6,6,9,8,8,6,4,9,,9,,,7,4,3,1,8,6,2,8,1,1,3,3,7,7,8,7,8,1,1,8,8,6,4,1,7,3,7,5,7,4,8,3,7,5,3,5,3,7,5,7,,,9,5,,,7,1,8,6,7,7,6,1,7,6,2,1,9,8,8,4,5,7,8,8,5,4,6,6,,4,,,b'\x11\xe8\xe1I\xec^2\xea\x9a\xbe\x12\xdf\x17\xaeN\x1e'
11E8E149-EC5E-32EA-9ABE-12DF17AE4E1E,2023-ncaa-d3-natl,ncaa,270,297,185,283,240,264,275,234,323,255,221,293,268,200,352,220,128,95,272,95,75,210,216,330,311,295,190,272,60,219,281,345,193,315,329,263,199,198,209,255,87,64,401,404,,,392,415,,,311,214,170,288,285,304,224,271,238,282,207,101,75,73,192,196,210,399,350,274,214,76,411,,401,,,305,298,272,79,409,329,141,405,95,74,242,86,369,368,231,370,388,122,196,393,406,321,135,51,352,112,193,340,281,242,329,220,149,88,60,118,170,171,192,212,,,145,103,,,311,236,290,279,298,292,272,59,323,137,100,66,380,380,390,104,207,116,346,250,223,74,170,192,,92,,,b'\x11\xe8\xe1I\xec^2\xea\x9a\xbe\x12\xdf\x17\xaeN\x1e'
11E8E149-EC5E-32EA-9ABE-12DF17AE4E1E,2024-ncaa-d3-conf-CCIW,ncaa,9,9,7,9,8,9,8,8,7,9,9,8,5,6,6,1,8,9,3,9,6,8,9,7,7,8,1,2,3,9,9,9,9,9,9,7,5,6,7,7,9,9,8,8,,,7,9,,,9,8,7,7,9,8,8,9,9,4,4,8,8,8,7,9,9,9,9,7,7,9,8,,8,,,9,8,6,1,9,8,4,9,1,1,4,2,8,8,7,8,8,3,2,8,8,9,4,1,9,6,9,5,9,5,9,5,5,8,8,7,6,7,5,9,,,8,7,,,9,2,9,9,9,8,9,2,9,7,4,2,9,9,9,7,3,8,6,7,6,8,7,7,,8,,,b'\x11\xe8\xe1I\xec^2\xea\x9a\xbe\x12\xdf\x17\xaeN\x1e'
11E8E149-EC5E-32EA-9ABE-12DF17AE4E1E,2024-ncaa-d3-natl,ncaa,367,394,200,379,257,262,271,303,225,308,330,227,160,161,164,99,258,322,46,327,236,310,307,197,179,230,99,108,202,377,386,347,322,373,383,246,161,269,314,275,366,387,266,298,,,376,401,,,381,259,218,244,280,286,336,323,362,160,156,245,336,344,357,337,400,394,411,250,278,388,275,,394,,,376,398,378,190,416,385,260,412,195,114,352,76,421,409,392,408,392,258,172,407,421,423,172,50,368,218,322,245,386,237,383,323,177,353,371,382,279,310,228,328,,,310,288,,,381,175,286,413,376,398,371,220,384,278,205,113,422,415,415,298,212,231,260,255,319,373,285,246,,333,,,b'\x11\xe8\xe1I\xec^2\xea\x9a\xbe\x12\xdf\x17\xaeN\x1e'
11E8E149-EC5E-32EA-9ABE-12DF17AE4E1E,2025-ncaa-d3-conf-CCIW,genius_ncaa,9,9,7,9,8,9,9,9,9,9,9,9,8,7,8,5,5,5,6,5,1,9,9,9,9,9,4,6,1,9,9,9,7,9,9,9,8,9,9,9,9,9,5,6,,,3,5,,5,9,7,4,5,9,9,9,9,9,8,7,4,4,4,9,7,9,8,9,9,9,8,5,,5,,6,9,6,7,4,9,8,8,9,4,2,9,2,6,6,4,7,4,4,4,9,9,9,3,4,4,5,7,3,9,3,9,9,5,8,8,9,9,9,5,9,,,6,2,,3,9,4,9,9,9,9,9,9,9,9,5,4,8,7,8,8,8,7,7,7,9,7,9,7,,4,,3,b'\x11\xe8\xe1I\xec^2\xea\x9a\xbe\x12\xdf\x17\xaeN\x1e'
11E8E149-EC5E-32EA-9ABE-12DF17AE4E1E,2025-ncaa-d3-natl,genius_ncaa,370,400,192,385,248,313,336,358,267,313,338,213,310,284,326,218,116,164,80,163,46,341,279,274,222,314,148,286,18,398,397,276,125,361,304,327,248,389,389,371,341,361,314,335,,,260,278,,309,364,183,114,258,339,367,409,331,362,325,297,94,135,136,397,282,415,275,397,347,379,350,319,,284,,325,359,367,361,176,400,371,236,388,202,123,331,108,344,323,288,327,307,217,207,391,399,386,120,96,240,78,125,185,397,124,304,288,147,212,225,279,372,378,183,284,,,105,34,,15,364,260,345,352,353,361,349,207,371,255,211,135,351,342,345,242,243,93,210,140,281,207,360,192,,64,,10,b'\x11\xe8\xe1I\xec^2\xea\x9a\xbe\x12\xdf\x17\xaeN\x1e'
11E8E149-EC5E-32EA-9ABE-12DF17AE4E1E,2026-ncaa-d3-conf-CCIW,genius_ncaa,6,4,8,6,8,9,9,8,9,9,8,9,8,8,4,8,8,9,2,9,8,8,9,9,9,8,7,5,6,9,9,9,7,9,9,9,4,1,4,3,7,4,8,8,,,2,9,,7,7,9,4,2,8,8,4,7,1,5,8,7,7,7,6,7,9,7,9,4,4,3,8,,9,,8,8,1,1,1,8,2,1,9,1,1,2,7,2,2,5,2,9,1,1,7,7,6,4,2,8,1,7,2,9,2,9,2,2,7,2,2,1,1,1,2,,,9,8,,3,7,1,8,6,8,5,5,2,6,1,2,4,7,8,7,4,5,5,9,9,2,2,1,2,,8,,2,b'\x11\xe8\xe1I\xec^2\xea\x9a\xbe\x12\xdf\x17\xaeN\x1e'
11E8E149-EC5E-32EA-9ABE-12DF17AE4E1E,2026-ncaa-d3-natl,genius_ncaa,345,329,215,363,249,321,338,337,272,327,291,336,268,345,80,321,190,234,78,236,159,326,320,271,230,255,132,230,59,387,407,298,80,354,325,321,218,164,272,287,309,261,377,370,,,254,397,,271,247,294,273,113,328,345,380,325,260,272,354,119,200,200,374,368,405,287,382,317,208,294,390,,354,,303,252,130,112,64,331,142,82,352,67,70,123,120,256,290,97,288,392,82,109,304,311,229,178,77,368,57,80,215,407,143,325,145,252,190,65,125,36,43,55,67,,,269,129,,236,247,118,293,175,252,145,117,23,178,64,66,54,328,366,366,46,86,47,321,186,177,103,23,52,,237,,217,b'\x11\xe8\xe1I\xec^2\xea\x9a\xbe\x12\xdf\x17\xaeN\x1e'
11E8E149-EC62-B4FA-9ABE-12DF17AE4E1E,2018-ncaa-d3-conf-UMAC,ncaa,9,9,6,9,7,9,9,9,9,8,6,9,8,8,8,7,6,8,2,8,6,9,9,9,8,9,6,7,1,8,8,9,8,9,9,9,9,9,9,9,8,7,7,7,,,2,4,,,9,9,7,3,9,9,9,8,6,8,8,6,7,7,9,8,8,9,9,9,9,8,7,,3,,,9,7,6,3,8,4,1,9,9,7,9,9,3,3,8,3,7,2,2,9,9,8,9,9,2,4,8,3,8,3,9,8,9,7,6,8,9,9,5,5,,,8,5,,,9,2,9,8,9,8,7,5,5,2,9,8,5,5,5,5,4,7,5,6,9,6,9,5,,6,,,b'\x11\xe8\xe1I\xecb\xb4\xfa\x9a\xbe\x12\xdf\x17\xaeN\x1e'
11E8E149-EC62-B4FA-9ABE-12DF17AE4E1E,2018-ncaa-d3-natl,ncaa,400,411,305,410,362,416,420,418,402,407,371,401,403,401,388,353,291,330,131,334,201,417,388,409,393,414,220,352,14,391,332,411,387,411,377,418,385,401,430,428,237,196,367,332,,,99,179,,,414,381,370,429,428,433,439,417,375,413,409,273,317,323,438,405,386,432,432,432,413,221,371,,128,,,414,220,216,78,395,118,34,409,410,362,388,430,123,112,286,113,317,74,75,419,410,382,399,422,109,223,387,83,332,118,377,354,397,268,196,356,401,426,181,308,,,303,115,,,414,60,416,398,420,298,299,145,176,33,424,404,163,133,142,127,104,283,147,190,363,242,413,224,,273,,,b'\x11\xe8\xe1I\xecb\xb4\xfa\x9a\xbe\x12\xdf\x17\xaeN\x1e'
11E8E149-EC62-B4FA-9ABE-12DF17AE4E1E,2019-ncaa-d3-conf-UMAC,ncaa,7,7,6,7,8,7,7,8,5,6,7,6,8,8,8,8,4,3,8,3,3,8,7,7,7,7,7,8,2,9,8,9,4,9,7,7,7,7,7,7,5,5,7,7,,,9,9,,,7,5,1,8,7,7,8,6,4,8,8,4,3,3,6,2,7,9,9,7,7,5,7,,9,,,7,8,8,2,8,8,7,7,1,1,8,1,9,9,3,9,8,3,3,8,8,7,1,1,8,1,4,7,8,4,7,4,1,5,4,5,7,7,5,5,,,4,3,,,7,5,7,7,7,8,8,3,8,8,2,1,9,9,9,5,7,2,7,6,6,4,7,6,,3,,,b'\x11\xe8\xe1I\xecb\xb4\xfa\x9a\xbe\x12\xdf\x17\xaeN\x1e'
11E8E149-EC62-B4FA-9ABE-12DF17AE4E1E,2019-ncaa-d3-natl,ncaa,390,331,407,390,413,399,398,409,313,369,387,291,379,362,359,281,344,339,315,346,202,407,403,327,325,355,286,306,143,397,294,425,200,423,297,385,309,207,374,377,311,205,365,353,,,237,438,,,354,401,88,245,323,315,267,247,203,331,280,235,193,197,245,140,307,417,407,344,388,198,333,,432,,,365,76,106,19,428,238,97,405,8,6,393,4,209,224,198,206,303,22,31,409,417,374,30,7,313,11,200,32,294,18,297,62,92,296,123,158,259,382,70,168,,,376,236,,,354,40,369,318,371,343,348,116,411,364,22,2,381,390,385,187,237,55,211,133,239,119,383,170,,190,,,b'\x11\xe8\xe1I\xecb\xb4\xfa\x9a\xbe\x12\xdf\x17\xaeN\x1e'
11E8E149-EC62-B4FA-9ABE-12DF17AE4E1E,2020-ncaa-d3-conf-UMAC,ncaa,8,8,6,8,7,7,7,3,8,8,5,8,6,1,7,2,6,2,8,2,3,2,2,7,7,7,2,2,2,5,9,9,9,9,9,9,9,2,2,8,3,3,9,9,,,8,7,,,7,2,1,3,7,7,1,8,5,5,1,2,2,2,1,1,4,9,9,9,4,1,9,,9,,,7,9,9,4,9,9,9,9,1,1,9,1,6,6,4,6,3,4,7,9,9,9,1,1,3,6,9,9,9,9,9,8,2,1,1,5,2,3,7,7,,,2,4,,,7,7,7,9,7,9,9,7,9,9,1,1,6,6,7,7,9,6,9,9,8,1,4,8,,2,,,b'\x11\xe8\xe1I\xecb\xb4\xfa\x9a\xbe\x12\xdf\x17\xaeN\x1e'
11E8E149-EC62-B4FA-9ABE-12DF17AE4E1E,2020-ncaa-d3-natl,ncaa,379,368,372,383,379,258,289,89,397,301,216,358,194,45,417,95,153,80,374,77,71,73,100,398,394,354,132,182,107,101,267,425,393,378,418,369,423,139,76,339,39,36,429,436,,,398,390,,,368,96,5,128,151,202,5,223,78,156,17,73,17,17,5,7,49,437,325,362,255,20,430,,433,,,369,420,420,100,438,433,373,435,15,5,433,1,384,386,212,387,299,151,272,436,437,408,5,1,277,145,393,423,267,375,418,360,160,40,33,155,245,193,197,201,,,123,197,,,368,312,339,375,365,431,430,283,434,429,21,1,425,422,424,352,425,246,433,422,389,15,320,277,,14,,,b'\x11\xe8\xe1I\xecb\xb4\xfa\x9a\xbe\x12\xdf\x17\xaeN\x1e'
11E8E149-EC62-B4FA-9ABE-12DF17AE4E1E,2021-ncaa-d3-conf-UMAC,ncaa,7,3,9,6,9,9,9,9,6,9,9,6,9,9,5,8,9,9,8,9,9,9,9,6,6,6,8,7,8,9,9,9,8,9,8,9,7,1,7,7,9,9,8,7,,,1,1,,,6,9,1,3,7,6,6,6,3,7,8,8,6,6,7,7,9,2,5,6,7,9,6,,3,,,7,1,1,1,6,1,1,8,1,1,1,4,1,1,1,1,1,1,1,6,3,6,1,1,1,1,8,1,9,1,8,1,1,9,9,9,1,1,1,6,,,9,7,,,6,1,7,7,7,7,9,9,9,9,1,5,1,2,2,9,9,9,6,8,8,9,2,6,,8,,,b'\x11\xe8\xe1I\xecb\xb4\xfa\x9a\xbe\x12\xdf\x17\xaeN\x1e'
11E8E149-EC62-B4FA-9ABE-12DF17AE4E1E,2021-ncaa-d3-natl,ncaa,215,92,232,202,234,241,235,242,129,230,231,181,246,251,115,254,250,238,268,238,239,242,238,158,192,194,261,225,233,258,277,231,191,242,233,234,121,52,187,157,256,273,247,268,,,36,11,,,203,235,69,110,204,148,176,95,56,221,257,242,192,196,189,168,273,40,183,133,176,266,241,,16,,,240,56,63,60,239,79,64,259,41,52,23,69,27,34,8,34,8,54,50,201,146,220,2,23,6,60,191,52,277,54,233,60,119,251,275,274,44,104,53,120,,,243,226,,,203,50,225,238,238,244,278,276,281,281,52,153,13,26,19,264,223,232,235,238,256,269,87,155,,235,,,b'\x11\xe8\xe1I\xecb\xb4\xfa\x9a\xbe\x12\xdf\x17\xaeN\x1e'
11E8E149-EC62-B4FA-9ABE-12DF17AE4E1E,2022-ncaa-d3-conf-UMAC,ncaa,8,8,5,8,5,8,8,8,6,8,4,8,8,8,8,8,7,7,8,7,7,8,8,8,8,8,8,8,3,8,8,6,7,8,7,8,8,8,8,8,8,8,7,7,,,1,1,,,8,7,6,5,8,8,8,8,4,8,8,7,7,7,8,8,8,5,8,8,8,8,7,,2,,,8,8,8,7,7,7,3,7,8,7,8,6,4,4,2,4,4,7,6,7,7,8,6,7,2,7,7,3,8,6,7,8,5,8,8,8,8,8,7,7,,,6,4,,,8,2,8,8,8,8,8,8,7,5,8,8,4,5,4,8,6,8,4,7,8,8,8,7,,5,,,b'\x11\xe8\xe1I\xecb\xb4\xfa\x9a\xbe\x12\xdf\x17\xaeN\x1e'
11E8E149-EC62-B4FA-9ABE-12DF17AE4E1E,2022-ncaa-d3-natl,ncaa,406,385,376,414,383,404,401,415,262,381,382,326,413,418,250,413,380,386,293,382,271,413,401,314,315,394,384,400,111,421,418,373,351,400,373,411,409,371,424,422,392,383,405,399,,,34,53,,,415,390,235,290,409,405,427,345,298,414,422,356,351,347,427,397,424,292,408,419,417,372,401,,63,,,416,275,309,112,416,229,67,416,390,289,413,382,75,64,184,63,166,92,52,424,418,428,289,386,37,204,351,34,418,59,373,333,266,410,415,422,405,425,167,317,,,381,186,,,415,41,403,425,416,409,408,380,380,251,423,413,196,211,196,370,255,346,132,246,399,413,420,288,,316,,,b'\x11\xe8\xe1I\xecb\xb4\xfa\x9a\xbe\x12\xdf\x17\xaeN\x1e'
11E8E149-EC62-B4FA-9ABE-12DF17AE4E1E,2023-ncaa-d3-conf-UMAC,ncaa,7,7,6,7,7,7,6,3,8,7,4,8,5,2,7,2,7,8,1,8,8,3,4,8,8,7,4,3,5,3,4,8,7,5,8,7,5,1,1,5,8,8,7,7,,,3,3,,,7,5,1,5,5,5,1,6,3,3,1,5,8,8,1,1,2,7,4,5,1,8,7,,3,,,7,7,6,4,8,6,5,6,6,4,7,5,6,5,6,5,6,5,4,7,8,8,5,4,5,5,7,7,4,7,8,7,5,6,7,7,1,1,4,4,,,8,8,,,7,3,7,8,7,8,7,6,7,6,6,6,8,7,7,6,6,6,8,8,7,4,1,6,,7,,,b'\x11\xe8\xe1I\xecb\xb4\xfa\x9a\xbe\x12\xdf\x17\xaeN\x1e'
11E8E149-EC62-B4FA-9ABE-12DF17AE4E1E,2023-ncaa-d3-natl,ncaa,316,247,397,303,402,359,359,309,381,368,361,355,202,118,358,52,380,403,54,401,391,344,390,366,368,317,117,90,326,362,362,381,264,385,359,381,366,21,69,256,360,310,401,394,,,65,158,,,345,391,95,288,287,276,44,316,227,114,29,340,396,392,76,142,273,231,263,341,98,274,386,,234,,,355,146,137,63,310,107,53,315,267,216,332,324,203,181,278,186,318,65,41,333,340,373,312,316,217,110,264,214,362,159,359,175,226,382,345,351,46,130,68,176,,,404,396,,,345,43,329,359,350,370,348,342,317,241,376,376,348,333,343,357,317,244,409,368,313,287,147,159,,382,,,b'\x11\xe8\xe1I\xecb\xb4\xfa\x9a\xbe\x12\xdf\x17\xaeN\x1e'
11E8E149-EC62-B4FA-9ABE-12DF17AE4E1E,2024-ncaa-d3-conf-UMAC,ncaa,8,8,6,8,8,8,8,8,8,8,8,8,7,7,6,3,8,8,8,8,8,8,8,8,8,8,3,2,8,8,8,8,8,8,8,8,7,8,8,8,8,8,7,7,,,1,1,,,8,8,4,8,8,8,8,8,8,7,6,8,8,8,8,8,8,7,8,8,8,8,7,,1,,,8,8,8,8,8,8,8,8,6,6,4,4,1,1,4,1,1,8,5,8,8,8,1,3,1,8,8,6,8,8,8,8,6,8,8,8,8,8,5,6,,,8,8,,,8,1,8,8,8,8,8,8,8,8,6,6,2,1,1,8,8,8,8,8,8,8,8,6,,8,,,b'\x11\xe8\xe1I\xecb\xb4\xfa\x9a\xbe\x12\xdf\x17\xaeN\x1e'
11E8E149-EC62-B4FA-9ABE-12DF17AE4E1E,2024-ncaa-d3-natl,ncaa,419,405,375,419,391,421,420,418,422,422,418,422,373,328,403,46,424,424,388,424,415,419,405,420,423,425,96,43,374,423,427,408,418,418,426,419,387,419,427,425,406,408,400,408,,,11,4,,,426,384,206,425,425,425,427,426,426,357,268,426,427,427,427,411,427,420,427,424,423,401,395,,4,,,426,383,415,292,424,411,225,425,357,338,302,348,15,14,168,11,7,196,77,425,420,426,23,239,2,375,418,123,427,264,426,412,290,418,423,424,422,426,66,367,,,422,427,,,426,45,425,425,426,419,424,414,419,388,407,412,12,10,9,398,317,408,327,390,421,420,424,124,,427,,,b'\x11\xe8\xe1I\xecb\xb4\xfa\x9a\xbe\x12\xdf\x17\xaeN\x1e'
11E8E149-EC62-B4FA-9ABE-12DF17AE4E1E,2025-ncaa-d3-conf-UMAC,genius_ncaa,8,8,7,8,8,8,8,8,8,8,8,8,8,7,8,6,8,8,7,8,6,8,8,8,8,8,5,5,1,8,8,8,8,8,8,8,8,8,8,8,8,8,7,7,,,1,1,,1,8,5,1,8,8,8,8,8,7,8,7,7,7,7,8,4,8,8,8,8,8,8,7,,1,,1,8,8,8,8,8,8,8,8,7,5,8,3,5,5,1,5,3,8,8,8,8,8,1,3,1,8,8,8,8,8,8,8,6,8,8,8,8,8,5,7,,,7,7,,6,8,4,8,8,8,8,8,8,8,8,8,5,5,6,6,8,8,8,8,8,8,7,8,7,,7,,6,b'\x11\xe8\xe1I\xecb\xb4\xfa\x9a\xbe\x12\xdf\x17\xaeN\x1e'
11E8E149-EC62-B4FA-9ABE-12DF17AE4E1E,2025-ncaa-d3-natl,genius_ncaa,412,384,386,412,396,415,414,401,417,412,404,414,394,324,412,104,416,415,402,415,375,408,392,415,415,416,192,184,236,413,417,395,411,405,417,414,391,382,412,415,417,419,392,399,,,10,5,,17,418,377,63,417,416,417,387,418,368,382,203,418,412,411,407,199,413,321,408,414,409,418,383,,10,,20,419,396,407,303,416,403,232,419,364,334,337,318,54,79,91,75,67,252,91,417,409,419,62,256,13,379,411,297,417,356,417,369,167,415,419,417,413,418,72,283,,,410,396,,356,418,45,416,419,419,419,419,413,416,407,409,409,175,212,204,415,393,407,409,409,403,415,415,184,,397,,341,b'\x11\xe8\xe1I\xecb\xb4\xfa\x9a\xbe\x12\xdf\x17\xaeN\x1e'
11E8E149-EC67-4984-9ABE-12DF17AE4E1E,2018-ncaa-d3-conf-UMAC,ncaa,4,4,1,4,3,4,4,4,4,3,4,4,6,6,7,5,9,9,8,9,9,5,5,4,4,4,7,6,9,9,9,4,6,6,7,4,3,6,5,4,2,2,1,1,,,1,1,,,4,3,9,8,6,4,7,3,5,6,6,9,9,9,8,9,9,7,8,4,4,2,1,,1,,,4,3,4,7,2,3,6,1,7,8,3,7,2,1,9,1,2,7,6,2,2,2,7,8,3,8,6,4,9,5,7,3,5,4,4,3,5,5,2,3,,,9,9,,,4,7,5,2,4,2,2,6,2,4,4,7,1,1,1,4,2,6,2,2,3,5,4,2,,9,,,b'\x11\xe8\xe1I\xecgI\x84\x9a\xbe\x12\xdf\x17\xaeN\x1e'
11E8E149-EC67-4984-9ABE-12DF17AE4E1E,2018-ncaa-d3-natl,ncaa,179,223,68,209,107,280,221,285,158,175,247,107,297,286,315,238,384,374,345,361,371,310,296,188,227,261,377,290,409,402,375,273,365,348,359,152,81,240,296,183,88,87,36,23,,,67,30,,,220,238,401,303,372,306,419,249,345,337,334,417,422,413,428,434,433,395,430,198,167,116,41,,24,,,220,109,117,323,29,102,208,55,288,386,41,391,105,79,390,85,92,266,279,34,27,55,301,349,150,374,365,139,375,225,359,213,343,165,205,201,281,314,116,128,,,367,380,,,220,232,307,91,208,53,66,190,50,109,223,338,62,42,49,127,98,313,59,141,158,251,231,85,,435,,,b'\x11\xe8\xe1I\xecgI\x84\x9a\xbe\x12\xdf\x17\xaeN\x1e'
11E8E149-EC67-4984-9ABE-12DF17AE4E1E,2019-ncaa-d3-conf-UMAC,ncaa,4,4,1,4,1,4,3,3,3,4,5,2,3,2,3,2,8,9,6,9,9,3,3,3,4,4,6,3,9,8,7,2,5,4,5,1,2,5,5,3,2,3,1,1,,,2,2,,,4,3,9,1,4,4,5,4,8,3,3,9,9,9,8,9,9,3,8,2,5,2,2,,1,,,4,4,3,7,1,2,4,1,9,9,4,9,4,3,8,3,4,7,8,2,3,4,9,9,5,8,5,5,7,6,5,5,6,4,5,4,3,4,3,3,,,7,8,,,4,8,4,4,4,3,3,4,1,2,8,9,3,3,2,3,4,5,3,4,3,5,3,3,,9,,,b'\x11\xe8\xe1I\xecgI\x84\x9a\xbe\x12\xdf\x17\xaeN\x1e'
11E8E149-EC67-4984-9ABE-12DF17AE4E1E,2019-ncaa-d3-natl,ncaa,169,219,67,197,84,163,106,187,52,107,208,36,148,160,172,154,384,390,261,391,417,237,188,54,88,161,346,191,430,369,320,135,279,248,225,39,13,360,351,116,106,137,19,13,,,90,42,,,179,128,269,102,223,141,329,137,306,190,214,420,426,426,388,350,414,218,355,39,305,141,21,,35,,,182,240,216,385,56,81,191,48,432,432,279,424,146,101,386,94,110,357,339,112,99,124,421,434,114,350,279,122,320,212,225,313,348,155,217,242,336,316,158,171,,,348,400,,,179,324,223,156,179,149,140,303,45,99,422,424,99,72,63,244,229,294,52,114,245,215,279,121,,426,,,b'\x11\xe8\xe1I\xecgI\x84\x9a\xbe\x12\xdf\x17\xaeN\x1e'
11E8E149-EC67-4984-9ABE-12DF17AE4E1E,2020-ncaa-d3-conf-UMAC,ncaa,3,3,4,3,4,4,4,7,1,4,8,2,2,5,1,4,4,6,4,4,4,7,7,1,1,1,4,3,6,8,6,4,3,5,3,5,6,3,4,4,6,6,1,1,,,3,2,,,4,7,6,5,3,3,7,4,7,1,4,4,4,4,8,8,9,4,5,5,2,6,1,,3,,,3,1,1,5,1,1,4,1,8,7,7,8,3,4,1,3,5,5,3,1,1,1,9,8,5,5,3,1,6,1,3,3,5,7,7,6,4,4,1,2,,,6,2,,,4,3,3,2,3,3,2,6,1,3,8,7,3,4,3,6,5,5,1,2,3,8,3,2,,5,,,b'\x11\xe8\xe1I\xecgI\x84\x9a\xbe\x12\xdf\x17\xaeN\x1e'
11E8E149-EC67-4984-9ABE-12DF17AE4E1E,2020-ncaa-d3-natl,ncaa,134,136,126,140,150,112,140,267,28,185,296,59,81,175,16,152,96,147,60,146,77,246,220,26,18,50,111,128,182,359,287,98,200,225,145,157,232,288,312,228,262,303,33,30,,,153,102,,,126,145,176,185,93,132,336,202,348,87,196,102,168,158,316,281,390,101,275,157,277,286,34,,126,,,126,244,197,365,50,88,244,25,412,410,320,362,213,259,86,255,226,370,322,94,79,155,407,408,201,279,200,51,287,111,145,234,258,296,358,306,318,317,71,96,,,127,94,,,126,309,104,170,123,207,172,338,76,211,385,387,193,238,234,324,268,251,34,85,214,342,299,60,,137,,,b'\x11\xe8\xe1I\xecgI\x84\x9a\xbe\x12\xdf\x17\xaeN\x1e'
11E8E149-EC67-4984-9ABE-12DF17AE4E1E,2021-ncaa-d3-conf-UMAC,ncaa,2,3,2,3,2,2,2,3,3,2,3,2,2,2,3,3,4,6,2,6,6,3,3,3,3,2,4,3,7,3,6,2,4,3,5,1,2,6,1,2,1,1,1,1,,,5,3,,,2,3,8,3,3,3,3,3,6,2,3,5,9,9,4,9,8,4,7,2,1,2,2,,1,,,2,7,7,7,2,6,8,2,8,7,6,6,3,3,4,3,2,7,7,2,2,2,6,9,2,8,4,7,6,7,5,6,2,1,2,1,5,2,6,5,,,4,5,,,2,7,2,2,2,1,2,5,1,4,7,4,2,1,1,1,2,5,4,3,1,2,1,5,,6,,,b'\x11\xe8\xe1I\xecgI\x84\x9a\xbe\x12\xdf\x17\xaeN\x1e'
11E8E149-EC67-4984-9ABE-12DF17AE4E1E,2021-ncaa-d3-natl,ncaa,12,115,17,66,19,16,17,19,50,19,24,37,19,15,80,84,30,36,36,37,182,20,22,40,39,30,136,100,207,44,170,23,97,24,125,11,44,231,59,20,11,38,12,46,,,211,23,,,18,22,178,68,60,57,114,73,160,71,83,145,192,196,125,188,195,116,153,28,50,47,48,,19,,,40,248,256,262,73,247,260,83,263,267,117,223,169,181,74,177,33,260,266,88,63,50,121,225,30,254,97,261,170,259,125,255,159,21,82,101,232,86,178,48,,,29,159,,,18,264,51,50,41,53,98,134,87,106,168,179,21,18,15,76,116,105,102,101,129,92,79,38,,185,,,b'\x11\xe8\xe1I\xecgI\x84\x9a\xbe\x12\xdf\x17\xaeN\x1e'
11E8E149-EC67-4984-9ABE-12DF17AE4E1E,2022-ncaa-d3-conf-UMAC,ncaa,1,1,3,1,3,4,4,5,3,5,8,3,3,3,2,2,4,5,3,5,4,5,6,2,2,2,1,2,6,4,3,4,2,4,2,4,4,1,3,3,3,3,2,1,,,2,3,,,2,6,8,1,3,3,7,5,7,2,4,5,6,6,7,7,5,4,4,3,2,4,2,,1,,,2,1,2,2,2,1,1,1,6,6,4,7,2,1,8,1,3,2,2,2,2,2,8,8,4,3,2,3,3,3,2,2,3,3,4,2,5,6,5,5,,,5,6,,,2,3,2,2,2,1,1,2,1,1,6,6,2,1,1,1,1,2,3,3,1,4,5,5,,6,,,b'\x11\xe8\xe1I\xecgI\x84\x9a\xbe\x12\xdf\x17\xaeN\x1e'
11E8E149-EC67-4984-9ABE-12DF17AE4E1E,2022-ncaa-d3-natl,ncaa,62,39,188,46,189,161,179,254,85,247,347,50,58,70,78,35,260,315,61,312,168,263,295,53,56,67,66,49,328,269,235,217,87,245,135,115,75,124,181,90,79,36,132,69,,,51,47,,,87,292,392,27,144,163,298,283,397,50,61,267,346,344,330,367,289,225,264,89,124,66,132,,23,,,78,75,86,127,127,44,53,151,360,369,231,422,32,20,412,20,43,84,120,186,153,108,374,420,45,77,87,131,235,108,135,190,297,156,74,129,304,335,73,160,,,327,312,,,87,144,76,96,70,53,82,80,35,17,356,369,13,6,6,27,47,75,104,79,163,149,294,54,,375,,,b'\x11\xe8\xe1I\xecgI\x84\x9a\xbe\x12\xdf\x17\xaeN\x1e'
11E8E149-EC67-4984-9ABE-12DF17AE4E1E,2023-ncaa-d3-conf-UMAC,ncaa,1,1,2,1,2,1,2,2,2,3,6,1,1,1,1,1,3,2,5,3,2,2,2,1,1,1,2,1,7,2,2,2,2,2,1,3,4,3,2,1,4,5,3,3,,,1,1,,,1,2,7,2,1,1,4,4,8,1,2,4,5,5,5,7,3,2,1,3,2,6,3,,1,,,1,2,3,7,1,3,7,1,4,6,4,6,1,1,1,1,1,7,6,1,1,1,4,7,1,6,2,4,2,3,1,1,1,4,6,3,5,5,5,7,,,5,5,,,1,7,1,1,1,1,2,5,2,5,4,5,1,1,1,4,2,3,2,3,1,8,5,5,,6,,,b'\x11\xe8\xe1I\xecgI\x84\x9a\xbe\x12\xdf\x17\xaeN\x1e'
11E8E149-EC67-4984-9ABE-12DF17AE4E1E,2023-ncaa-d3-natl,ncaa,67,113,33,107,47,90,114,97,158,217,272,157,22,25,56,31,143,207,41,212,153,111,112,90,88,94,28,24,274,217,252,40,103,99,129,131,228,210,155,166,226,283,131,163,,,49,16,,,103,88,321,210,152,194,243,318,385,38,46,219,316,317,266,332,314,105,212,216,115,312,173,,7,,,112,248,317,396,87,245,309,125,385,418,133,387,35,32,235,31,16,365,313,112,68,150,237,389,27,220,103,266,252,248,129,204,87,292,364,273,261,213,165,211,,,231,327,,,103,326,117,144,119,94,170,274,114,146,313,371,10,9,9,179,92,131,100,106,109,389,176,101,,373,,,b'\x11\xe8\xe1I\xecgI\x84\x9a\xbe\x12\xdf\x17\xaeN\x1e'
11E8E149-EC67-4984-9ABE-12DF17AE4E1E,2024-ncaa-d3-conf-UMAC,ncaa,3,3,4,3,5,3,4,6,1,5,6,1,1,2,2,2,6,7,2,7,3,7,7,1,1,1,2,1,7,7,6,4,5,6,6,2,2,1,1,1,7,7,4,4,,,2,2,,,3,7,8,5,1,4,7,6,6,1,2,6,7,7,7,7,7,5,6,2,1,7,4,,2,,,3,2,4,6,2,3,4,2,4,5,2,6,3,2,6,2,2,6,1,2,2,3,4,6,3,6,5,2,6,3,6,4,5,7,7,7,2,3,2,3,,,6,6,,,3,2,1,4,3,3,4,7,3,4,4,5,3,3,3,4,2,6,3,2,4,7,1,2,,6,,,b'\x11\xe8\xe1I\xecgI\x84\x9a\xbe\x12\xdf\x17\xaeN\x1e'
11E8E149-EC67-4984-9ABE-12DF17AE4E1E,2024-ncaa-d3-natl,ncaa,142,139,200,147,224,135,137,249,35,233,367,24,23,63,14,22,297,356,40,361,256,280,358,17,22,8,61,19,390,390,372,285,108,349,227,161,260,13,20,29,343,331,237,200,,,50,72,,,97,318,367,98,76,91,240,224,390,10,43,313,374,382,297,404,413,303,394,147,4,359,237,,27,,,89,114,162,165,172,125,83,242,332,357,186,407,43,32,274,32,82,122,86,219,189,268,286,392,58,71,108,63,372,53,227,127,116,358,342,297,36,72,66,157,,,321,208,,,97,104,28,221,82,137,175,186,132,76,330,365,33,22,21,115,55,62,72,54,143,382,36,61,,345,,,b'\x11\xe8\xe1I\xecgI\x84\x9a\xbe\x12\xdf\x17\xaeN\x1e'
11E8E149-EC67-4984-9ABE-12DF17AE4E1E,2025-ncaa-d3-conf-UMAC,genius_ncaa,2,2,1,2,2,1,1,1,2,4,4,3,1,2,1,3,1,1,1,1,2,1,3,1,1,1,2,3,3,5,6,5,5,5,6,1,3,1,1,1,1,2,1,1,,,2,2,,3,1,1,5,3,1,2,3,4,5,2,2,1,2,2,2,7,6,7,7,2,1,2,1,,2,,3,1,6,7,6,7,7,7,5,5,4,7,4,1,2,3,3,1,6,7,7,6,4,2,5,2,5,5,6,6,6,6,6,3,1,1,4,2,2,5,5,,,1,1,,1,1,8,1,4,1,5,6,5,7,7,4,3,1,1,1,4,6,5,5,4,4,1,1,4,,2,,1,b'\x11\xe8\xe1I\xecgI\x84\x9a\xbe\x12\xdf\x17\xaeN\x1e'
11E8E149-EC67-4984-9ABE-12DF17AE4E1E,2025-ncaa-d3-natl,genius_ncaa,82,94,55,92,62,71,99,100,115,208,258,125,10,27,33,35,101,167,31,170,118,113,183,54,50,18,21,20,256,333,359,276,167,305,302,90,150,9,5,9,77,79,115,106,,,36,10,,73,62,130,278,68,66,116,137,272,341,11,30,127,218,224,154,345,382,394,405,103,2,98,129,,7,,65,62,191,307,288,252,283,199,307,295,349,151,366,14,13,132,13,9,203,266,264,183,141,91,327,10,112,167,281,359,206,302,163,69,95,95,102,47,45,227,261,,,214,232,,177,62,297,45,111,57,103,207,165,191,106,245,287,3,4,4,79,114,78,178,118,113,128,31,186,,303,,212,b'\x11\xe8\xe1I\xecgI\x84\x9a\xbe\x12\xdf\x17\xaeN\x1e'
11E8E149-EC67-4984-9ABE-12DF17AE4E1E,2026-ncaa-d3-natl,genius_ncaa,345,329,215,363,249,262,270,284,193,325,357,134,107,113,163,20,324,319,273,311,149,303,285,143,173,226,64,26,317,364,379,376,303,380,386,224,120,223,303,242,70,35,283,227,,,135,150,,197,280,256,119,113,239,236,272,317,388,63,45,331,311,293,303,239,377,411,411,181,274,33,280,,155,,234,281,204,176,97,372,182,87,385,198,159,294,275,292,194,411,200,339,104,149,379,402,314,282,188,332,101,303,169,379,139,386,198,232,96,37,108,220,280,78,149,,,354,388,,169,280,165,269,271,279,293,249,80,238,75,248,204,355,263,276,107,227,119,240,179,258,36,271,68,,391,,165,b'\x11\xe8\xe1I\xecgI\x84\x9a\xbe\x12\xdf\x17\xaeN\x1e'
11E8E149-EC6B-C338-9ABE-12DF17AE4E1E,2018-ncaa-d3-conf-Great Northeast,ncaa,7,7,5,7,6,8,8,7,9,8,6,9,10,8,10,6,7,8,5,8,6,7,7,11,9,8,6,8,4,7,7,5,3,6,4,9,6,3,6,7,13,13,12,11,,,11,12,,,7,8,9,2,9,10,8,10,7,11,6,6,6,7,8,8,6,3,5,9,5,13,12,,11,,,7,3,2,5,2,2,1,4,10,13,2,13,5,7,5,7,12,7,2,3,3,6,13,13,8,4,3,4,7,4,4,8,9,13,13,9,3,6,7,7,,,7,7,,,7,3,8,4,7,3,2,4,2,2,11,13,5,8,8,5,2,3,6,5,7,13,4,7,,8,,,b'\x11\xe8\xe1I\xeck\xc38\x9a\xbe\x12\xdf\x17\xaeN\x1e'
11E8E149-EC6B-C338-9ABE-12DF17AE4E1E,2018-ncaa-d3-natl,ncaa,262,279,197,275,240,328,350,240,394,332,235,384,302,223,383,216,203,230,135,218,214,238,285,398,387,350,172,250,63,243,283,109,36,156,134,294,145,82,114,225,410,413,389,369,,,330,418,,,257,292,330,192,368,384,215,361,228,308,212,193,226,206,215,298,238,48,102,319,93,425,401,,367,,,255,72,48,156,24,16,26,62,389,433,79,441,133,200,28,217,395,156,88,61,50,154,441,439,237,60,36,264,283,162,134,140,357,403,395,343,23,32,237,239,,,215,159,,,257,129,344,121,263,86,54,180,14,12,394,435,141,205,226,176,60,73,283,179,155,427,31,245,,213,,,b'\x11\xe8\xe1I\xeck\xc38\x9a\xbe\x12\xdf\x17\xaeN\x1e'
11E8E149-EC6B-C338-9ABE-12DF17AE4E1E,2019-ncaa-d3-conf-Great Northeast,ncaa,10,10,9,10,12,12,13,12,12,11,11,10,11,8,13,7,11,12,6,12,10,13,13,11,11,11,8,7,7,11,8,11,3,13,6,10,6,5,8,7,12,11,9,9,,,1,4,,,8,13,10,11,12,12,9,10,8,10,8,11,12,11,12,11,10,9,11,8,6,12,9,,3,,,8,1,1,1,5,1,1,8,8,10,5,13,2,1,8,1,4,1,1,6,5,6,11,12,3,1,3,1,8,1,6,4,9,11,9,10,2,5,9,11,,,12,8,,,8,1,11,6,9,4,4,4,3,1,12,13,2,2,2,2,2,2,5,2,8,9,4,10,,11,,,b'\x11\xe8\xe1I\xeck\xc38\x9a\xbe\x12\xdf\x17\xaeN\x1e'
11E8E149-EC6B-C338-9ABE-12DF17AE4E1E,2019-ncaa-d3-natl,ncaa,338,274,390,336,404,399,394,401,333,363,367,312,384,357,390,272,348,373,163,371,298,403,414,351,342,312,306,319,160,418,380,371,156,405,265,370,221,22,170,226,418,387,389,347,,,35,134,,,280,410,332,419,371,354,321,288,243,361,300,281,315,318,338,377,411,230,358,319,104,398,374,,91,,,287,33,38,48,118,18,26,125,297,298,238,417,33,30,175,28,121,38,29,163,132,209,383,422,84,36,156,45,380,34,265,43,150,416,374,311,10,57,203,313,,,384,193,,,280,31,346,203,304,143,162,260,83,85,394,408,64,69,65,199,85,134,175,155,143,400,41,316,,286,,,b'\x11\xe8\xe1I\xeck\xc38\x9a\xbe\x12\xdf\x17\xaeN\x1e'
11E8E149-EC6B-C338-9ABE-12DF17AE4E1E,2020-ncaa-d3-conf-Great Northeast,ncaa,8,8,5,8,7,11,10,8,11,10,5,11,11,11,10,11,9,9,11,9,9,9,6,12,11,12,7,8,3,6,7,7,8,6,7,9,5,9,11,10,11,11,11,11,,,3,4,,,10,7,9,7,12,12,11,11,3,11,11,9,9,9,11,7,5,5,4,10,10,11,11,,2,,,10,3,3,6,5,3,3,5,11,11,7,11,1,1,7,1,4,6,6,5,5,5,10,12,4,9,8,9,7,11,7,5,6,6,4,4,9,10,12,11,,,5,3,,,10,5,12,6,10,5,5,7,4,3,10,11,1,1,1,6,6,9,8,9,7,7,10,12,,4,,,b'\x11\xe8\xe1I\xeck\xc38\x9a\xbe\x12\xdf\x17\xaeN\x1e'
11E8E149-EC6B-C338-9ABE-12DF17AE4E1E,2020-ncaa-d3-natl,ncaa,306,329,198,322,237,397,393,329,422,373,171,428,393,389,339,381,324,309,299,305,343,334,276,424,419,417,264,326,85,160,196,203,229,193,227,335,71,377,384,379,411,415,393,393,,,162,217,,,340,310,309,155,420,419,346,391,142,396,394,332,318,314,352,254,137,168,151,354,368,418,402,,188,,,339,60,66,167,52,63,122,67,230,294,107,338,80,90,99,81,141,134,126,70,49,67,314,347,153,238,229,268,196,271,227,142,266,233,207,185,245,272,354,328,,,110,51,,,340,118,412,88,342,71,93,208,75,135,250,316,85,95,83,174,154,254,290,279,158,221,257,359,,70,,,b'\x11\xe8\xe1I\xeck\xc38\x9a\xbe\x12\xdf\x17\xaeN\x1e'
11E8E149-EC6B-C338-9ABE-12DF17AE4E1E,2021-ncaa-d3-natl,ncaa,148,115,193,155,197,196,196,191,231,200,182,260,164,186,74,181,202,203,204,203,242,192,195,224,230,201,105,75,200,168,77,194,32,189,72,177,39,77,88,83,213,216,247,265,,,74,57,,,121,200,191,110,195,186,71,203,67,105,157,212,205,208,85,122,64,137,81,104,86,237,279,,33,,,121,75,84,81,90,58,62,133,150,147,165,285,53,56,100,55,56,78,81,162,121,93,275,282,21,68,32,92,77,83,72,103,259,183,76,152,61,35,139,223,,,194,136,,,121,83,187,70,133,54,75,76,15,3,262,274,12,7,6,30,34,27,153,85,178,117,37,246,,123,,,b'\x11\xe8\xe1I\xeck\xc38\x9a\xbe\x12\xdf\x17\xaeN\x1e'
11E8E149-EC6B-C338-9ABE-12DF17AE4E1E,2022-ncaa-d3-conf-Great Northeast,ncaa,8,8,8,8,10,10,10,11,8,10,11,9,9,7,7,7,6,6,5,5,1,9,9,9,7,8,5,8,1,12,9,9,7,11,6,9,5,8,11,10,11,11,13,13,,,6,12,,,9,9,10,13,11,11,12,10,12,9,8,5,4,3,11,12,12,11,13,10,10,11,13,,8,,,9,9,8,4,7,3,2,9,13,12,8,12,8,6,11,6,13,5,4,7,9,9,13,13,7,5,7,5,9,4,6,7,6,10,9,10,10,11,10,12,,,3,1,,,9,5,9,9,9,7,7,5,2,2,13,13,8,7,7,5,3,6,4,5,8,11,10,9,,1,,,b'\x11\xe8\xe1I\xeck\xc38\x9a\xbe\x12\xdf\x17\xaeN\x1e'
11E8E149-EC6B-C338-9ABE-12DF17AE4E1E,2022-ncaa-d3-natl,ncaa,232,257,188,250,248,303,327,297,348,322,279,351,252,217,282,204,157,143,225,131,74,270,228,338,322,358,121,196,40,276,265,184,106,222,153,250,84,387,380,342,390,409,405,404,,,300,337,,,349,203,178,415,361,382,376,377,334,276,243,151,127,117,353,230,302,160,233,278,367,416,417,,318,,,340,283,239,237,215,111,91,211,417,403,353,408,249,262,169,270,343,238,178,280,272,316,413,417,200,115,106,153,265,133,153,306,327,305,331,347,360,352,307,351,,,102,62,,,349,200,362,286,344,268,220,232,99,56,412,406,248,255,265,233,156,108,130,117,293,342,333,310,,78,,,b'\x11\xe8\xe1I\xeck\xc38\x9a\xbe\x12\xdf\x17\xaeN\x1e'
11E8E149-EC6B-C338-9ABE-12DF17AE4E1E,2023-ncaa-d3-conf-Great Northeast,ncaa,8,7,13,7,13,11,11,11,6,10,12,3,11,11,12,5,10,11,6,11,4,11,13,8,7,8,10,10,4,10,7,10,3,11,4,10,5,6,11,10,11,10,12,12,,,6,12,,,8,13,11,9,11,10,11,7,10,11,9,9,10,10,11,10,9,7,7,10,9,11,12,,9,,,8,2,2,1,8,1,1,8,12,10,12,13,5,5,11,4,12,1,1,11,10,11,13,13,8,1,3,2,7,2,4,2,8,12,9,9,8,11,1,4,,,9,2,,,8,1,7,10,8,8,5,2,2,1,13,13,8,9,9,2,2,3,3,3,5,10,10,1,,3,,,b'\x11\xe8\xe1I\xeck\xc38\x9a\xbe\x12\xdf\x17\xaeN\x1e'
11E8E149-EC6B-C338-9ABE-12DF17AE4E1E,2023-ncaa-d3-natl,ncaa,228,247,185,243,230,276,270,267,272,222,232,203,344,247,398,252,194,188,213,190,160,260,219,310,294,314,305,343,96,194,132,191,90,191,80,244,159,338,346,308,363,372,409,409,,,266,319,,,278,230,214,247,305,299,295,229,243,359,263,173,174,172,282,201,186,172,185,251,324,383,423,,292,,,275,192,163,165,197,62,70,170,393,373,380,391,157,175,143,180,285,147,156,274,252,249,410,413,146,86,90,89,132,71,80,196,218,220,208,213,323,314,35,32,,,107,62,,,278,186,311,205,279,198,174,171,64,57,394,377,158,173,177,156,151,98,77,76,194,230,312,19,,67,,,b'\x11\xe8\xe1I\xeck\xc38\x9a\xbe\x12\xdf\x17\xaeN\x1e'
11E8E149-EC6B-C338-9ABE-12DF17AE4E1E,2024-ncaa-d3-conf-Great Northeast,ncaa,14,14,11,14,12,10,10,13,4,9,10,5,11,11,8,10,11,14,8,13,12,14,14,6,6,6,13,10,10,8,5,9,4,8,3,9,2,8,14,9,14,14,13,12,,,6,14,,,9,15,14,5,9,9,13,5,6,11,11,10,14,13,14,13,7,2,5,5,13,14,13,,11,,,9,1,2,1,6,2,1,8,11,11,6,14,6,10,1,9,15,2,1,8,8,11,13,12,10,3,4,1,5,1,3,2,6,15,13,11,12,14,4,5,,,12,3,,,9,1,7,11,9,8,4,6,4,2,13,13,9,14,14,8,3,9,4,4,6,15,14,6,,4,,,b'\x11\xe8\xe1I\xeck\xc38\x9a\xbe\x12\xdf\x17\xaeN\x1e'
11E8E149-EC6B-C338-9ABE-12DF17AE4E1E,2024-ncaa-d3-natl,ncaa,318,275,375,320,383,310,281,353,166,255,314,143,311,313,268,246,337,364,173,364,324,363,352,175,184,251,318,279,288,209,55,245,158,234,58,172,18,296,353,226,370,351,406,388,,,149,311,,,191,373,152,230,224,184,192,142,173,260,243,264,307,311,222,114,77,39,37,58,365,335,402,,323,,,189,39,40,50,85,25,22,170,242,350,71,415,78,153,8,154,366,51,53,113,82,104,385,403,188,123,158,25,55,35,58,78,245,315,216,179,315,354,57,96,,,307,196,,,191,53,241,119,193,159,142,251,81,50,362,415,167,290,295,273,267,251,82,145,180,199,368,108,,153,,,b'\x11\xe8\xe1I\xeck\xc38\x9a\xbe\x12\xdf\x17\xaeN\x1e'
11E8E149-EC6B-C338-9ABE-12DF17AE4E1E,2025-ncaa-d3-conf-Great Northeast,genius_ncaa,11,10,11,11,13,10,8,12,6,9,12,5,9,11,8,9,15,15,1,15,15,14,13,7,7,8,12,9,15,10,6,13,11,11,8,8,3,12,13,9,6,3,8,5,,,10,13,,11,10,12,14,15,9,8,8,6,8,8,10,15,15,15,14,12,9,10,10,8,12,4,8,,12,,11,10,8,3,2,9,1,1,5,13,11,15,15,12,11,11,11,15,4,4,11,14,12,15,15,12,9,11,2,6,3,8,9,14,11,5,10,8,10,9,11,,,15,15,,9,10,3,8,11,10,9,7,3,2,1,15,15,14,14,15,6,6,10,3,5,10,7,9,10,,15,,9,b'\x11\xe8\xe1I\xeck\xc38\x9a\xbe\x12\xdf\x17\xaeN\x1e'
11E8E149-EC6B-C338-9ABE-12DF17AE4E1E,2025-ncaa-d3-natl,genius_ncaa,274,242,345,271,355,299,248,321,140,216,260,141,293,316,232,253,373,404,25,404,414,347,319,166,179,264,358,262,377,267,118,319,270,304,156,196,100,313,365,261,202,155,373,322,,,276,371,,169,269,332,141,242,228,163,192,131,164,263,268,364,404,405,278,148,192,211,201,104,362,131,366,,380,,226,271,139,51,62,125,7,14,109,397,380,363,413,319,314,233,309,414,76,91,245,281,248,419,416,362,191,270,23,118,43,156,172,338,220,163,199,299,341,107,150,,,381,371,,267,269,88,269,258,270,288,148,192,23,17,412,407,381,385,385,248,278,269,72,136,262,131,346,163,,358,,251,b'\x11\xe8\xe1I\xeck\xc38\x9a\xbe\x12\xdf\x17\xaeN\x1e'
11E8E149-EC6B-C338-9ABE-12DF17AE4E1E,2026-ncaa-d3-conf-Great Northeast,genius_ncaa,2,2,1,2,1,2,2,2,2,2,2,2,2,1,2,1,1,1,2,1,1,2,2,2,2,2,1,2,1,1,2,2,2,2,2,2,1,2,2,2,2,2,1,1,,,1,1,,1,2,2,1,1,2,2,2,2,2,2,1,1,1,1,2,2,1,2,2,2,2,2,1,,1,,1,2,2,2,2,2,2,2,2,2,1,2,1,1,1,2,1,1,2,2,2,2,2,1,2,1,1,2,2,2,2,2,2,1,2,2,2,2,2,1,1,,,1,1,,1,2,2,2,2,2,2,2,2,2,2,2,1,1,1,1,2,2,1,2,2,2,2,2,1,,1,,1,b'\x11\xe8\xe1I\xeck\xc38\x9a\xbe\x12\xdf\x17\xaeN\x1e'
11E8E149-EC6B-C338-9ABE-12DF17AE4E1E,2026-ncaa-d3-natl,genius_ncaa,225,268,116,265,139,174,90,134,111,36,48,126,347,332,325,386,329,277,365,278,404,153,138,174,229,254,415,392,393,159,207,78,121,105,139,125,282,307,265,229,102,149,158,179,,,230,161,,45,251,133,87,113,200,79,108,23,30,370,377,383,338,341,163,121,180,50,91,148,287,117,197,,202,,45,251,292,280,285,213,198,191,195,393,374,341,383,196,232,86,236,274,281,283,281,247,238,378,395,105,234,121,255,207,259,139,296,248,135,192,228,270,232,151,66,,,193,287,,201,251,294,252,222,239,282,270,290,131,114,395,386,156,194,207,276,294,197,233,224,283,146,245,120,,241,,217,b'\x11\xe8\xe1I\xeck\xc38\x9a\xbe\x12\xdf\x17\xaeN\x1e'
11E8E149-EC76-A226-9ABE-12DF17AE4E1E,2018-ncaa-d3-conf-CSAC,ncaa,10,10,7,10,9,10,7,6,9,8,8,8,9,7,11,6,11,11,10,11,12,8,6,8,10,10,8,7,11,9,10,6,10,9,10,7,5,11,11,8,11,12,6,6,,,5,3,,,10,5,2,5,10,7,6,7,6,9,6,11,11,11,7,4,9,5,8,7,11,11,5,,7,,,10,12,11,11,9,11,9,10,10,9,9,8,7,6,7,6,3,10,8,10,10,11,4,6,3,9,10,8,10,10,10,11,10,12,12,11,11,11,8,9,,,12,12,,,10,8,10,11,10,12,11,12,12,11,10,10,11,9,9,12,11,11,10,11,11,12,11,10,,12,,,b'\x11\xe8\xe1I\xecv\xa2&\x9a\xbe\x12\xdf\x17\xaeN\x1e'
11E8E149-EC76-A226-9ABE-12DF17AE4E1E,2018-ncaa-d3-natl,ncaa,346,349,305,353,346,365,338,242,384,301,203,367,353,273,412,252,403,350,428,349,374,270,249,395,408,402,354,287,359,258,333,191,277,226,322,242,60,312,328,289,384,409,192,239,,,132,100,,,395,228,76,303,381,341,128,292,127,339,233,412,351,346,165,109,223,67,114,206,351,390,171,,186,,,395,314,335,342,234,317,337,194,321,271,349,197,194,260,47,256,180,338,256,260,217,323,216,283,128,320,277,348,333,346,322,399,393,378,417,423,345,343,338,341,,,416,435,,,395,224,403,333,392,371,369,406,344,391,355,319,239,320,318,413,365,352,396,386,402,380,361,380,,424,,,b'\x11\xe8\xe1I\xecv\xa2&\x9a\xbe\x12\xdf\x17\xaeN\x1e'
11E8E149-EC76-A226-9ABE-12DF17AE4E1E,2019-ncaa-d3-conf-CSAC,ncaa,3,3,5,3,5,6,5,4,6,5,3,6,5,3,8,3,8,8,7,8,9,4,5,6,6,6,4,3,8,4,6,3,5,3,6,6,4,1,3,3,3,3,3,3,,,4,4,,,5,6,6,4,6,4,2,4,4,4,3,8,8,8,4,6,4,2,2,4,3,3,3,,5,,,5,2,2,6,2,1,2,2,6,8,3,8,5,5,4,5,8,6,5,2,2,2,9,7,7,6,5,8,6,8,6,5,9,6,7,6,3,3,7,6,,,8,8,,,5,5,6,3,5,3,2,6,2,4,5,9,7,7,7,7,5,6,9,8,5,6,3,7,,8,,,b'\x11\xe8\xe1I\xecv\xa2&\x9a\xbe\x12\xdf\x17\xaeN\x1e'
11E8E149-EC76-A226-9ABE-12DF17AE4E1E,2019-ncaa-d3-natl,ncaa,206,185,317,203,339,386,363,244,411,385,307,413,198,110,361,64,430,422,426,422,429,300,310,406,417,413,190,55,433,154,214,162,228,158,227,292,104,222,282,294,206,180,197,141,,,85,93,,,285,339,220,243,400,373,106,392,257,178,77,436,432,432,208,174,99,51,49,272,281,175,161,,115,,,285,44,38,151,14,18,77,19,297,380,93,401,80,163,4,173,294,142,123,31,16,36,410,416,186,278,228,309,214,306,227,223,427,271,234,263,197,244,93,137,,,407,427,,,285,108,401,60,279,78,66,279,34,109,334,406,111,217,228,274,258,323,386,367,276,226,244,121,,424,,,b'\x11\xe8\xe1I\xecv\xa2&\x9a\xbe\x12\xdf\x17\xaeN\x1e'
11E8E149-EC76-A226-9ABE-12DF17AE4E1E,2020-ncaa-d3-conf-CSAC,ncaa,3,3,4,3,5,4,3,3,3,1,1,3,7,6,6,8,7,4,10,4,8,3,2,4,6,4,10,9,7,3,5,3,1,4,2,4,8,7,6,4,3,2,2,2,,,7,8,,,4,2,1,10,4,2,1,1,1,7,6,6,4,4,3,2,3,3,3,4,8,3,2,,8,,,4,8,6,2,6,3,3,2,9,6,9,7,8,8,6,8,7,3,8,7,8,4,9,9,6,2,1,9,5,5,2,6,7,2,2,3,8,6,5,2,,,6,8,,,4,9,4,4,4,5,6,5,3,2,8,5,8,8,8,4,6,1,8,6,7,2,7,6,,5,,,b'\x11\xe8\xe1I\xecv\xa2&\x9a\xbe\x12\xdf\x17\xaeN\x1e'
11E8E149-EC76-A226-9ABE-12DF17AE4E1E,2020-ncaa-d3-natl,ncaa,149,85,372,124,395,231,178,209,160,90,96,134,368,354,367,375,302,162,421,170,277,201,201,217,259,261,418,396,332,140,153,231,35,207,123,243,333,217,216,255,130,106,170,113,,,179,235,,,197,232,18,410,107,48,34,16,17,355,310,231,67,72,27,20,72,66,49,154,324,80,120,,322,,,194,129,95,67,222,63,68,141,322,200,402,305,237,232,245,226,343,73,122,269,279,197,392,376,296,31,35,225,153,107,123,217,351,125,70,150,201,204,34,18,,,349,393,,,197,207,251,132,195,282,233,239,141,167,376,320,326,328,327,259,360,77,357,259,314,49,286,50,,257,,,b'\x11\xe8\xe1I\xecv\xa2&\x9a\xbe\x12\xdf\x17\xaeN\x1e'
11E8E149-EC76-A226-9ABE-12DF17AE4E1E,2022-ncaa-d3-conf-CSAC,ncaa,3,3,1,3,3,3,3,1,3,1,1,3,5,6,5,9,2,1,9,1,2,1,2,3,3,3,8,8,3,1,3,3,1,1,2,3,2,2,1,3,8,8,3,4,,,5,5,,,2,2,6,7,3,3,1,1,2,7,9,2,1,1,1,5,2,5,2,3,2,9,4,,3,,,2,7,7,7,4,6,6,3,7,6,8,5,5,6,8,5,6,7,6,4,5,4,8,6,6,1,1,7,3,4,2,2,1,3,3,1,2,2,8,6,,,1,1,,,2,9,3,3,2,3,3,1,3,3,3,4,3,3,3,1,1,1,3,2,2,5,2,8,,1,,,b'\x11\xe8\xe1I\xecv\xa2&\x9a\xbe\x12\xdf\x17\xaeN\x1e'
11E8E149-EC76-A226-9ABE-12DF17AE4E1E,2022-ncaa-d3-natl,ncaa,147,95,300,131,324,211,202,229,188,144,125,209,324,345,255,371,155,54,395,50,113,199,254,230,248,194,339,355,125,114,61,246,65,193,78,92,15,60,53,24,314,310,240,231,,,42,39,,,127,293,117,237,114,111,64,59,32,319,320,78,10,9,30,72,48,120,60,30,103,297,212,,37,,,119,68,86,117,149,114,161,104,117,81,308,124,82,75,176,70,82,96,103,146,130,129,178,212,150,54,65,126,61,94,78,127,204,224,161,158,55,57,182,141,,,230,197,,,127,135,166,95,126,149,175,223,188,287,160,113,122,125,113,186,219,83,238,159,184,165,92,244,,107,,,b'\x11\xe8\xe1I\xecv\xa2&\x9a\xbe\x12\xdf\x17\xaeN\x1e'
11E8E149-EC76-A226-9ABE-12DF17AE4E1E,2023-ncaa-d3-conf-CSAC,ncaa,1,1,2,1,3,2,1,3,1,1,3,1,4,5,1,8,2,3,2,3,7,3,3,1,1,1,7,7,7,2,1,4,1,3,1,1,2,2,2,1,4,3,7,5,,,3,5,,,1,4,9,7,1,1,4,1,3,5,6,3,3,3,4,5,3,8,5,1,1,5,7,,3,,,1,2,3,3,5,2,2,5,4,7,5,10,1,2,1,2,3,3,4,5,4,1,2,6,3,1,1,1,1,1,1,3,3,2,2,2,2,2,1,1,,,1,2,,,1,6,1,1,1,1,2,1,2,1,4,3,1,1,1,1,1,1,1,1,2,3,1,1,,2,,,b'\x11\xe8\xe1I\xecv\xa2&\x9a\xbe\x12\xdf\x17\xaeN\x1e'
11E8E149-EC76-A226-9ABE-12DF17AE4E1E,2023-ncaa-d3-natl,ncaa,26,30,33,32,55,30,24,37,43,10,13,68,263,311,152,393,30,28,119,28,235,29,30,81,79,69,386,386,163,31,17,89,54,43,20,13,52,284,115,34,62,99,301,345,,,147,50,,,14,33,131,288,39,31,77,12,25,332,375,51,59,59,54,84,55,216,104,14,171,110,348,,44,,,16,145,255,323,122,304,337,177,121,245,32,212,36,68,14,68,35,284,371,101,49,20,34,151,40,99,54,136,17,105,20,259,209,28,32,58,226,105,16,1,,,39,190,,,14,400,49,9,17,42,111,129,168,170,59,132,11,23,21,78,199,41,35,25,152,44,138,2,,99,,,b'\x11\xe8\xe1I\xecv\xa2&\x9a\xbe\x12\xdf\x17\xaeN\x1e'
11E8E149-EC76-A226-9ABE-12DF17AE4E1E,2024-ncaa-d3-conf-United East,ncaa,1,3,1,2,2,1,2,2,3,2,2,3,12,11,9,15,3,3,8,3,8,2,3,4,5,5,15,16,9,2,1,1,1,2,2,1,3,11,7,3,5,9,9,12,,,13,12,,,1,3,16,6,7,6,8,3,4,14,13,5,5,5,7,11,3,7,4,2,6,10,12,,8,,,1,8,9,12,2,8,9,2,8,10,6,7,8,10,8,10,10,10,14,3,2,3,10,9,12,7,1,8,1,7,2,11,11,3,4,4,8,3,5,1,,,1,1,,,1,14,4,3,1,1,3,2,1,1,6,5,6,4,4,1,1,1,2,2,3,7,1,1,,1,,,b'\x11\xe8\xe1I\xecv\xa2&\x9a\xbe\x12\xdf\x17\xaeN\x1e'
11E8E149-EC76-A226-9ABE-12DF17AE4E1E,2024-ncaa-d3-natl,ncaa,67,66,63,71,84,125,106,77,163,36,24,168,369,358,383,400,85,47,302,42,252,66,62,238,238,223,411,415,146,18,7,121,144,47,30,40,12,307,191,92,94,122,319,355,,,239,172,,,49,99,202,202,162,118,101,27,29,389,386,115,72,61,81,84,18,196,47,33,243,125,350,,160,,,50,74,97,211,44,171,322,37,39,74,36,51,135,171,58,178,125,206,306,28,22,18,72,54,229,206,144,144,7,164,30,210,325,47,45,65,218,115,44,5,,,17,59,,,49,324,158,15,54,20,40,89,102,223,22,30,86,120,126,79,185,140,60,70,148,54,150,19,,28,,,b'\x11\xe8\xe1I\xecv\xa2&\x9a\xbe\x12\xdf\x17\xaeN\x1e'
11E8E149-EC76-A226-9ABE-12DF17AE4E1E,2025-ncaa-d3-conf-United East,genius_ncaa,5,6,4,6,7,6,6,8,4,6,7,5,9,9,7,12,3,2,13,2,3,7,7,6,6,7,10,11,4,6,2,12,7,8,4,6,9,10,8,7,6,5,15,14,,,13,12,,17,7,7,14,17,6,6,12,6,11,9,10,3,2,2,10,11,8,17,12,7,8,5,15,,10,,17,7,6,6,3,11,4,1,9,13,10,16,13,6,8,4,8,13,4,10,13,13,8,14,14,8,5,7,2,2,2,4,7,6,5,4,5,8,5,9,8,,,2,1,,1,7,11,7,6,7,5,5,3,4,1,9,8,5,7,7,2,4,5,3,2,7,4,5,7,,2,,1,b'\x11\xe8\xe1I\xecv\xa2&\x9a\xbe\x12\xdf\x17\xaeN\x1e'
11E8E149-EC76-A226-9ABE-12DF17AE4E1E,2025-ncaa-d3-natl,genius_ncaa,173,215,55,202,115,185,197,187,214,143,115,211,310,312,288,347,77,29,363,29,54,144,108,251,259,268,295,352,66,66,35,330,360,218,210,182,187,330,284,264,78,95,388,396,,,271,213,,336,200,130,256,403,263,267,308,183,175,356,355,103,38,37,233,195,85,415,320,244,270,100,404,,208,,327,200,204,240,206,248,255,215,243,202,202,220,194,168,245,16,239,240,209,313,237,201,108,154,193,156,323,360,104,35,200,210,261,255,49,50,99,304,254,227,170,,,35,32,,11,200,283,240,134,201,112,145,85,169,123,148,124,110,175,172,88,178,271,38,115,196,60,251,186,,40,,13,b'\x11\xe8\xe1I\xecv\xa2&\x9a\xbe\x12\xdf\x17\xaeN\x1e'
11E8E149-EC76-A226-9ABE-12DF17AE4E1E,2026-ncaa-d3-conf-United East,genius_ncaa,9,1,14,1,14,14,14,14,3,14,14,6,10,12,1,8,13,14,1,14,10,14,14,1,1,1,2,2,6,14,9,14,1,14,2,14,13,1,1,2,12,1,13,9,,,1,13,,1,3,14,4,1,1,2,3,2,4,1,3,1,5,4,3,5,13,5,11,9,1,1,11,,12,,1,1,1,1,1,1,1,1,1,1,1,6,1,1,1,9,1,14,1,1,1,1,1,14,6,14,1,1,1,9,1,2,1,1,13,1,1,1,2,1,1,,,14,13,,12,3,1,1,1,1,1,1,1,1,1,2,1,9,11,11,1,2,1,2,1,1,1,2,1,,13,,12,b'\x11\xe8\xe1I\xecv\xa2&\x9a\xbe\x12\xdf\x17\xaeN\x1e'
11E8E149-EC76-A226-9ABE-12DF17AE4E1E,2026-ncaa-d3-natl,genius_ncaa,288,268,215,305,249,342,347,277,376,307,209,367,380,335,389,345,230,210,274,210,213,278,271,389,385,371,314,372,54,170,139,265,111,240,154,359,334,217,261,352,146,74,334,318,,,198,312,,271,269,283,229,113,365,365,243,286,111,377,341,166,160,162,216,180,114,199,153,376,267,94,332,,278,,303,271,100,102,99,168,107,108,140,132,102,246,170,144,160,98,147,248,98,120,172,170,109,238,222,243,91,111,181,139,139,154,147,294,173,67,120,254,301,260,281,,,281,273,,236,269,133,356,96,265,95,100,83,110,116,147,106,171,204,176,91,138,102,266,179,191,86,297,320,,264,,217,b'\x11\xe8\xe1I\xecv\xa2&\x9a\xbe\x12\xdf\x17\xaeN\x1e'
11E8E149-EC7B-047E-9ABE-12DF17AE4E1E,2018-ncaa-d3-conf-NCAC,ncaa,2,2,1,2,2,3,2,4,2,2,1,3,6,9,4,9,3,2,6,2,2,2,2,2,3,2,8,9,2,5,6,1,3,1,2,1,3,4,4,3,5,6,1,1,,,1,1,,,2,2,6,6,3,2,9,2,4,8,9,3,2,2,7,8,7,1,1,3,4,7,1,,1,,,2,3,4,8,1,3,9,1,6,8,4,5,1,1,8,1,1,8,8,1,1,1,5,8,1,7,3,3,6,5,2,4,7,7,8,6,4,4,1,1,,,2,2,,,2,8,2,3,2,3,3,7,3,7,4,6,1,1,1,5,5,6,2,2,4,9,4,1,,2,,,b'\x11\xe8\xe1I\xec{\x04~\x9a\xbe\x12\xdf\x17\xaeN\x1e'
11E8E149-EC7B-047E-9ABE-12DF17AE4E1E,2018-ncaa-d3-natl,ncaa,52,88,17,79,36,129,126,115,159,82,64,169,302,317,280,364,106,134,108,130,278,112,117,207,191,171,361,374,162,228,292,6,118,40,114,96,113,208,137,104,228,318,2,7,,,112,34,,,130,96,384,301,271,254,352,150,186,370,379,209,263,253,349,406,360,14,111,171,76,346,2,,26,,,140,193,282,440,11,313,438,13,211,315,51,165,67,49,392,50,10,428,362,10,8,52,86,204,63,382,118,298,292,349,114,173,93,321,420,272,234,170,221,115,,,81,107,,,130,351,205,73,133,47,97,330,127,350,100,167,23,12,11,226,85,244,105,153,69,433,103,109,,256,,,b'\x11\xe8\xe1I\xec{\x04~\x9a\xbe\x12\xdf\x17\xaeN\x1e'
11E8E149-EC7B-047E-9ABE-12DF17AE4E1E,2019-ncaa-d3-conf-NCAC,ncaa,5,5,5,5,6,8,7,9,7,6,8,7,9,7,9,7,6,5,8,5,3,9,9,7,7,7,7,7,3,7,7,3,4,3,5,4,3,4,4,5,9,8,1,1,,,1,2,,,5,8,7,7,8,8,9,6,8,8,7,6,3,4,9,9,7,1,2,4,4,9,1,,2,,,5,1,2,2,1,3,5,3,1,1,1,3,2,2,4,2,3,2,2,1,1,2,1,1,6,4,4,4,7,5,5,3,6,9,8,5,5,6,2,2,,,6,3,,,5,2,8,2,5,2,3,6,4,6,1,1,2,2,2,6,4,5,6,5,4,9,6,3,,4,,,b'\x11\xe8\xe1I\xec{\x04~\x9a\xbe\x12\xdf\x17\xaeN\x1e'
11E8E149-EC7B-047E-9ABE-12DF17AE4E1E,2019-ncaa-d3-natl,ncaa,155,162,129,161,148,293,300,335,258,270,296,240,304,297,301,267,202,184,246,183,105,315,328,272,258,260,225,280,99,314,271,79,106,147,117,219,98,188,266,214,370,383,3,3,,,105,131,,,181,324,424,93,363,367,410,325,349,332,334,218,201,199,401,419,346,49,152,255,154,405,2,,74,,,181,66,86,255,27,136,343,15,61,104,60,85,121,118,217,110,68,213,117,18,14,79,117,123,223,220,106,149,271,167,117,115,222,396,414,340,211,270,25,39,,,171,58,,,181,117,274,93,180,38,59,214,118,323,47,66,103,100,96,171,44,192,100,123,108,425,182,16,,191,,,b'\x11\xe8\xe1I\xec{\x04~\x9a\xbe\x12\xdf\x17\xaeN\x1e'
11E8E149-EC7B-047E-9ABE-12DF17AE4E1E,2020-ncaa-d3-conf-NCAC,ncaa,6,6,5,6,8,9,9,9,8,7,6,9,9,9,4,9,8,8,5,8,7,9,8,8,8,9,9,8,6,7,5,6,6,7,6,6,3,6,9,7,8,6,1,1,,,9,9,,,5,8,6,4,9,9,9,7,3,9,9,7,7,7,9,8,7,4,5,6,7,7,1,,9,,,5,2,1,1,1,1,1,1,3,2,6,5,9,9,9,9,9,1,1,1,3,4,9,6,9,5,6,3,5,4,6,1,8,7,6,4,6,8,2,2,,,8,7,,,5,1,9,4,5,4,1,3,1,3,6,4,9,9,9,4,3,5,3,4,3,7,7,2,,8,,,b'\x11\xe8\xe1I\xec{\x04~\x9a\xbe\x12\xdf\x17\xaeN\x1e'
11E8E149-EC7B-047E-9ABE-12DF17AE4E1E,2020-ncaa-d3-natl,ncaa,285,329,126,314,142,327,287,271,279,210,93,343,371,404,178,407,374,405,111,407,432,319,314,328,330,333,404,364,357,258,237,261,267,270,259,246,166,237,309,273,264,241,24,15,,,384,417,,,291,318,415,83,381,339,341,241,105,393,418,403,428,428,391,392,289,322,327,265,223,288,22,,364,,,290,106,29,92,39,34,133,16,158,115,292,135,423,384,436,380,395,138,108,46,140,184,420,231,437,219,267,184,237,197,259,84,250,283,253,171,292,331,58,32,,,403,415,,,291,99,332,212,298,94,16,47,24,96,140,81,421,371,370,88,52,205,144,163,83,322,273,45,,433,,,b'\x11\xe8\xe1I\xec{\x04~\x9a\xbe\x12\xdf\x17\xaeN\x1e'
11E8E149-EC7B-047E-9ABE-12DF17AE4E1E,2022-ncaa-d3-conf-NCAC,ncaa,2,2,2,2,2,3,2,2,3,1,1,2,7,7,4,8,2,2,3,2,8,2,2,3,3,2,8,7,6,5,4,2,2,2,3,2,1,2,1,1,3,2,2,3,,,8,8,,,2,2,6,6,3,3,5,1,1,7,8,3,5,5,5,8,5,2,3,1,1,3,3,,7,,,2,4,3,5,2,3,6,2,5,7,3,6,7,7,8,7,7,6,6,2,2,3,8,6,9,4,2,4,4,5,3,3,2,5,5,4,3,3,5,3,,,5,7,,,2,7,3,3,2,2,2,3,2,4,2,3,6,4,5,3,3,4,3,3,3,6,3,4,,8,,,b'\x11\xe8\xe1I\xec{\x04~\x9a\xbe\x12\xdf\x17\xaeN\x1e'
11E8E149-EC7B-047E-9ABE-12DF17AE4E1E,2022-ncaa-d3-natl,ncaa,39,21,107,30,139,89,59,150,18,39,74,39,232,312,87,345,162,245,37,244,358,160,219,40,41,28,378,334,308,217,191,63,56,105,52,25,39,72,49,4,163,157,162,169,,,258,291,,,44,217,333,182,71,41,171,26,80,272,346,191,297,299,207,330,263,35,115,18,31,188,180,,217,,,42,133,107,241,39,103,225,37,185,236,128,223,289,210,417,216,201,230,196,44,73,105,315,233,343,156,56,147,191,146,52,64,77,242,274,113,88,93,230,147,,,274,299,,,44,212,32,104,41,76,63,143,64,159,138,182,247,168,166,138,94,112,84,81,37,307,65,205,,351,,,b'\x11\xe8\xe1I\xec{\x04~\x9a\xbe\x12\xdf\x17\xaeN\x1e'
11E8E149-EC7B-047E-9ABE-12DF17AE4E1E,2023-ncaa-d3-conf-NCAC,ncaa,4,4,1,4,2,2,2,2,4,2,2,3,3,1,6,2,3,4,2,5,7,2,1,3,3,4,5,4,7,2,5,1,3,1,3,1,1,6,5,2,2,2,1,2,,,8,8,,,4,1,3,3,3,3,2,3,4,4,1,5,8,8,2,1,4,1,1,1,5,2,2,,8,,,4,6,4,7,2,4,6,2,6,6,7,3,8,8,8,8,8,7,8,2,3,4,8,5,8,6,3,7,5,7,3,6,6,2,5,4,6,5,8,6,,,4,6,,,4,8,4,4,4,4,4,4,4,5,6,3,8,8,8,6,6,5,4,5,4,4,5,7,,5,,,b'\x11\xe8\xe1I\xec{\x04~\x9a\xbe\x12\xdf\x17\xaeN\x1e'
11E8E149-EC7B-047E-9ABE-12DF17AE4E1E,2023-ncaa-d3-natl,ncaa,107,171,33,151,35,67,65,80,95,77,114,78,110,107,147,185,76,191,2,203,289,88,88,91,75,82,225,207,202,191,230,96,184,130,196,37,45,239,161,65,90,116,26,31,,,411,401,,,135,66,262,100,112,118,188,126,225,154,183,142,300,313,221,274,282,234,272,55,145,134,41,,367,,,145,353,237,311,114,236,363,64,230,178,318,76,422,417,416,417,381,368,363,113,220,221,365,143,419,272,184,269,230,289,196,173,125,131,214,136,274,209,346,281,,,180,295,,,135,363,104,216,144,195,96,109,108,193,142,79,409,395,394,184,179,170,105,128,95,226,190,291,,323,,,b'\x11\xe8\xe1I\xec{\x04~\x9a\xbe\x12\xdf\x17\xaeN\x1e'
11E8E149-EC7B-047E-9ABE-12DF17AE4E1E,2024-ncaa-d3-conf-NCAC,ncaa,5,5,5,5,5,5,5,5,5,5,6,5,4,5,4,2,6,8,3,8,7,6,7,5,5,5,5,3,8,7,6,4,5,5,5,5,1,2,5,3,6,6,3,3,,,1,1,,,5,7,7,1,5,5,5,5,6,4,3,6,8,8,6,7,7,4,5,3,5,6,2,,1,,,5,5,5,6,4,4,4,4,4,5,4,6,3,2,8,2,1,3,2,4,4,5,5,6,5,6,5,4,6,5,5,5,5,6,6,5,5,5,4,4,,,8,8,,,5,2,5,5,5,5,5,7,5,6,4,7,4,3,3,6,6,6,5,6,5,6,5,5,,8,,,b'\x11\xe8\xe1I\xec{\x04~\x9a\xbe\x12\xdf\x17\xaeN\x1e'
11E8E149-EC7B-047E-9ABE-12DF17AE4E1E,2024-ncaa-d3-natl,ncaa,129,139,112,142,118,180,168,214,126,187,256,99,123,121,139,103,297,367,13,361,356,247,310,111,114,94,183,128,351,309,305,206,290,258,282,84,16,51,87,33,234,237,34,36,,,86,73,,,169,303,397,26,222,193,267,210,320,136,138,338,397,394,324,398,342,265,330,64,37,259,30,,50,,,170,172,194,255,120,206,260,120,206,217,188,217,165,101,421,102,96,217,178,125,133,195,215,236,175,315,290,199,305,255,282,269,317,281,300,312,202,246,217,260,,,338,323,,,169,151,118,233,152,139,153,211,174,212,184,191,151,76,77,158,111,275,155,206,242,323,170,203,,391,,,b'\x11\xe8\xe1I\xec{\x04~\x9a\xbe\x12\xdf\x17\xaeN\x1e'
11E8E149-EC7B-047E-9ABE-12DF17AE4E1E,2025-ncaa-d3-conf-NCAC,genius_ncaa,4,3,4,4,4,6,6,6,5,5,5,4,6,6,6,6,7,6,7,6,7,6,6,5,6,5,6,5,7,6,6,3,6,5,6,4,1,4,5,5,5,4,1,1,,,5,5,,2,5,6,5,1,6,6,5,4,4,7,5,7,7,7,6,6,5,1,3,2,5,3,1,,5,,2,5,4,4,4,4,2,2,1,8,8,8,7,5,5,3,5,6,4,6,5,5,5,8,8,5,6,6,6,6,6,6,5,7,5,4,5,5,6,2,4,,,7,8,,6,5,5,6,5,5,5,5,5,2,3,8,8,6,6,5,5,5,6,7,6,5,4,5,4,,7,,6,b'\x11\xe8\xe1I\xec{\x04~\x9a\xbe\x12\xdf\x17\xaeN\x1e'
11E8E149-EC7B-047E-9ABE-12DF17AE4E1E,2025-ncaa-d3-natl,genius_ncaa,173,184,116,187,125,223,189,243,125,160,214,114,250,256,223,231,297,350,60,348,364,273,264,144,148,188,321,257,322,304,282,245,256,278,260,96,32,228,270,144,92,83,41,17,,,172,165,,101,270,242,325,63,265,215,316,169,245,274,285,335,383,382,353,356,336,300,349,84,210,95,39,,136,,91,268,298,238,194,259,61,78,122,416,375,419,391,196,210,170,204,296,188,210,346,341,304,417,417,149,240,256,158,282,185,260,328,350,164,165,274,311,332,92,95,,,338,346,,295,270,202,216,295,263,246,192,141,50,38,410,351,164,174,169,131,140,203,108,148,293,192,281,78,,390,,314,b'\x11\xe8\xe1I\xec{\x04~\x9a\xbe\x12\xdf\x17\xaeN\x1e'
11E8E149-EC7B-047E-9ABE-12DF17AE4E1E,2026-ncaa-d3-conf-NCAC,genius_ncaa,1,1,1,1,1,6,4,7,3,3,6,2,6,4,7,4,4,3,6,3,3,7,5,4,4,5,6,6,4,4,6,1,4,2,4,2,3,6,7,3,2,3,1,1,,,2,2,,3,1,5,3,1,6,4,7,3,6,6,4,4,3,3,7,5,4,1,2,2,6,2,1,,2,,3,1,1,1,5,1,2,5,1,4,6,3,6,6,4,5,4,4,6,7,1,1,1,6,5,8,6,4,5,6,5,4,2,3,4,5,2,8,8,5,6,,,4,4,,4,1,5,6,1,1,1,1,5,2,5,4,6,6,4,4,6,7,6,5,5,2,4,8,5,,4,,4,b'\x11\xe8\xe1I\xec{\x04~\x9a\xbe\x12\xdf\x17\xaeN\x1e'
11E8E149-EC7B-047E-9ABE-12DF17AE4E1E,2026-ncaa-d3-natl,genius_ncaa,225,200,215,240,249,332,329,330,260,342,364,190,221,191,285,49,353,370,107,367,276,341,326,242,252,277,144,104,295,383,403,266,329,335,364,271,84,183,318,244,112,65,31,8,,,145,180,,234,244,305,314,113,349,331,372,345,394,197,121,370,399,393,389,388,398,204,350,235,230,68,12,,170,,278,247,100,96,162,29,74,108,60,209,285,101,370,132,110,305,118,196,152,142,49,47,75,336,347,229,279,329,187,403,221,364,108,201,265,218,153,292,380,210,343,,,354,348,,201,244,113,312,126,245,95,86,231,61,116,261,355,149,115,136,209,207,342,275,322,126,213,335,257,,391,,195,b'\x11\xe8\xe1I\xec{\x04~\x9a\xbe\x12\xdf\x17\xaeN\x1e'
11E8E149-EC7F-A4DE-9ABE-12DF17AE4E1E,2018-ncaa-d3-conf-SCIAC,ncaa,6,6,5,6,5,6,6,4,8,3,3,9,7,7,7,7,3,4,8,4,4,4,4,9,8,9,7,7,3,4,6,3,4,4,5,5,4,7,8,6,6,7,2,3,,,2,2,,,6,4,2,1,6,4,3,3,3,7,6,3,3,3,3,3,4,2,2,3,9,5,2,,3,,,6,7,7,8,6,8,8,4,5,4,6,4,3,2,9,2,2,8,6,5,5,4,3,4,3,4,4,8,6,4,5,3,1,6,7,4,5,6,8,7,,,5,3,,,6,6,9,3,6,7,7,8,8,8,6,5,3,3,3,8,8,4,8,5,5,5,7,8,,3,,,b'\x11\xe8\xe1I\xec\x7f\xa4\xde\x9a\xbe\x12\xdf\x17\xaeN\x1e'
11E8E149-EC7F-A4DE-9ABE-12DF17AE4E1E,2018-ncaa-d3-natl,ncaa,320,251,412,307,412,356,354,385,282,287,276,310,403,412,337,399,230,193,290,212,174,375,405,336,310,280,350,399,53,324,209,373,175,380,195,342,230,31,127,199,351,269,187,165,,,30,71,,,275,409,168,12,224,244,140,126,51,395,383,64,39,47,101,133,177,131,137,227,163,249,113,,84,,,280,58,91,62,230,131,127,185,96,61,303,130,65,41,408,41,57,45,28,227,216,298,123,183,116,62,175,53,209,47,195,40,38,417,377,254,71,197,79,87,,,323,98,,,275,35,273,282,282,296,329,367,336,383,238,188,170,113,114,346,287,219,266,250,156,352,219,169,,60,,,b'\x11\xe8\xe1I\xec\x7f\xa4\xde\x9a\xbe\x12\xdf\x17\xaeN\x1e'
11E8E149-EC7F-A4DE-9ABE-12DF17AE4E1E,2019-ncaa-d3-conf-SCIAC,ncaa,9,9,5,9,6,8,9,5,9,8,8,9,4,4,8,3,5,5,6,5,3,5,5,9,9,8,3,3,1,8,9,8,9,9,9,7,4,1,2,5,5,4,1,1,,,2,1,,,9,5,2,4,8,9,5,8,8,4,4,5,4,4,5,5,8,8,9,6,3,4,1,,2,,,9,8,8,5,9,7,6,8,7,4,8,5,6,5,7,5,4,6,6,9,9,9,5,5,2,6,9,9,9,9,9,9,6,5,5,7,5,8,1,1,,,7,4,,,9,5,9,9,9,9,9,7,8,8,7,7,7,6,7,8,8,7,9,9,9,5,6,1,,5,,,b'\x11\xe8\xe1I\xec\x7f\xa4\xde\x9a\xbe\x12\xdf\x17\xaeN\x1e'
11E8E149-EC7F-A4DE-9ABE-12DF17AE4E1E,2019-ncaa-d3-natl,ncaa,413,361,422,413,425,406,410,410,365,404,403,349,350,327,360,169,372,384,219,383,234,410,428,362,357,276,189,200,164,435,435,423,320,432,426,388,232,4,12,95,378,281,142,92,,,14,55,,,373,424,199,267,321,331,159,319,227,244,144,245,250,244,168,344,425,364,426,303,12,265,62,,66,,,389,70,98,28,400,111,49,338,155,39,439,151,70,48,379,46,139,25,18,404,405,418,204,271,124,45,320,170,435,103,426,139,228,420,360,390,13,126,8,30,,,414,183,,,373,20,325,414,387,392,387,328,361,345,371,195,243,192,194,310,237,263,427,397,355,350,98,28,,256,,,b'\x11\xe8\xe1I\xec\x7f\xa4\xde\x9a\xbe\x12\xdf\x17\xaeN\x1e'
11E8E149-EC7F-A4DE-9ABE-12DF17AE4E1E,2020-ncaa-d3-conf-SCIAC,ncaa,8,8,5,8,9,8,8,4,8,8,5,9,8,5,8,6,9,8,7,8,8,5,6,8,8,9,8,6,8,5,8,8,7,7,8,9,9,1,2,8,7,6,2,3,,,3,3,,,8,7,3,7,8,8,3,7,3,8,5,9,8,8,3,4,4,7,6,9,2,7,2,,3,,,8,7,7,4,9,7,5,7,5,2,7,3,5,5,8,4,4,3,2,8,9,9,4,4,5,6,7,8,8,9,8,8,7,6,6,8,5,4,8,7,,,9,9,,,8,3,8,8,8,7,8,6,8,6,5,4,6,6,5,6,5,7,8,9,8,6,5,8,,9,,,b'\x11\xe8\xe1I\xec\x7f\xa4\xde\x9a\xbe\x12\xdf\x17\xaeN\x1e'
11E8E149-EC7F-A4DE-9ABE-12DF17AE4E1E,2020-ncaa-d3-natl,ncaa,397,329,419,399,422,400,390,381,375,370,345,365,386,349,404,252,379,405,124,406,374,393,419,386,382,300,300,304,208,368,375,410,374,408,397,414,420,7,4,182,405,352,134,93,,,41,173,,,352,421,210,277,293,275,46,219,67,312,192,245,302,301,74,214,204,215,222,388,2,336,42,,244,,,363,71,73,31,300,122,94,266,44,28,300,79,219,126,429,115,205,33,24,275,322,398,145,90,317,204,374,203,375,202,397,73,122,429,419,384,12,56,233,315,,,426,375,,,352,15,301,410,367,390,359,369,389,410,228,183,405,354,347,389,300,388,427,425,280,404,61,382,,374,,,b'\x11\xe8\xe1I\xec\x7f\xa4\xde\x9a\xbe\x12\xdf\x17\xaeN\x1e'
11E8E149-EC7F-A4DE-9ABE-12DF17AE4E1E,2022-ncaa-d3-conf-SCIAC,ncaa,9,6,8,9,8,8,8,7,8,6,7,7,7,7,8,6,4,3,7,3,1,7,8,7,7,5,5,6,1,8,8,9,4,9,8,9,8,2,6,7,8,8,6,6,,,6,9,,,9,7,2,5,5,8,6,5,6,7,5,1,1,1,4,4,8,9,9,8,5,8,6,,8,,,9,6,4,2,9,7,3,9,1,1,7,1,9,9,9,9,8,3,2,9,9,9,4,1,9,1,4,4,8,3,8,1,1,9,8,6,2,4,3,2,,,4,1,,,9,2,6,9,9,9,8,7,8,7,2,1,9,9,9,8,5,1,6,4,1,8,5,3,,1,,,b'\x11\xe8\xe1I\xec\x7f\xa4\xde\x9a\xbe\x12\xdf\x17\xaeN\x1e'
11E8E149-EC7F-A4DE-9ABE-12DF17AE4E1E,2022-ncaa-d3-natl,ncaa,364,257,405,358,410,362,366,403,140,321,369,166,369,394,183,344,270,268,233,268,85,397,411,186,170,104,264,333,63,405,323,415,116,417,275,402,426,7,21,227,415,382,293,276,,,83,410,,,314,412,256,151,151,177,240,121,126,303,341,49,45,46,178,326,367,403,404,384,12,391,225,,366,,,335,94,86,21,422,188,73,390,19,8,407,6,292,203,426,193,323,25,13,407,423,429,74,10,373,8,116,16,323,10,275,8,2,422,423,375,8,50,21,45,,,370,56,,,314,18,149,418,336,396,378,235,405,386,78,9,422,398,397,305,99,27,133,72,90,428,36,50,,101,,,b'\x11\xe8\xe1I\xec\x7f\xa4\xde\x9a\xbe\x12\xdf\x17\xaeN\x1e'
11E8E149-EC7F-A4DE-9ABE-12DF17AE4E1E,2023-ncaa-d3-conf-SCIAC,ncaa,8,8,8,8,9,7,7,7,7,6,5,9,9,9,7,8,4,5,3,6,7,7,8,8,7,6,9,9,4,5,5,7,6,6,5,9,9,1,2,7,8,8,3,3,,,5,8,,,7,9,7,8,7,7,5,5,3,9,9,4,5,5,5,8,4,6,5,8,1,8,2,,8,,,7,1,3,2,7,6,5,7,1,1,5,2,3,3,2,3,6,2,1,7,6,8,3,2,6,4,6,1,5,1,5,1,3,9,8,8,1,2,4,3,,,8,5,,,7,1,5,9,6,7,7,6,8,8,3,2,6,8,7,6,3,7,4,5,4,8,2,4,,6,,,b'\x11\xe8\xe1I\xec\x7f\xa4\xde\x9a\xbe\x12\xdf\x17\xaeN\x1e'
11E8E149-EC7F-A4DE-9ABE-12DF17AE4E1E,2023-ncaa-d3-natl,ncaa,341,198,416,303,417,399,395,415,260,356,359,324,407,419,246,410,348,376,113,377,313,412,419,325,295,221,376,401,84,378,174,418,279,413,230,408,394,5,41,199,411,312,153,74,,,38,354,,,266,419,366,233,278,260,214,138,44,391,406,123,152,161,204,344,179,297,239,349,26,341,47,,307,,,278,13,15,10,286,34,34,209,6,7,285,8,78,73,174,68,223,11,11,227,249,337,58,24,314,28,279,13,174,11,230,13,68,419,390,324,4,34,101,214,,,415,233,,,266,11,196,341,273,254,258,208,332,367,41,14,333,341,327,228,121,240,169,201,140,407,22,333,,310,,,b'\x11\xe8\xe1I\xec\x7f\xa4\xde\x9a\xbe\x12\xdf\x17\xaeN\x1e'
11E8E149-EC7F-A4DE-9ABE-12DF17AE4E1E,2024-ncaa-d3-conf-SCIAC,ncaa,2,3,1,3,2,2,2,2,4,1,1,6,8,7,8,9,1,1,8,1,1,1,1,7,7,4,8,8,2,2,3,1,4,1,4,4,9,6,1,5,3,4,1,3,,,7,5,,,1,1,2,7,2,3,3,1,2,8,8,1,1,1,1,1,2,2,1,7,1,4,3,,6,,,1,8,8,9,2,9,9,5,1,3,1,1,5,7,4,7,3,9,9,2,2,2,1,1,4,9,4,9,3,9,4,3,1,4,8,4,6,2,7,4,,,1,1,,,1,9,3,1,1,5,6,8,9,9,1,1,5,5,5,9,9,9,5,7,1,6,3,5,,1,,,b'\x11\xe8\xe1I\xec\x7f\xa4\xde\x9a\xbe\x12\xdf\x17\xaeN\x1e'
11E8E149-EC7F-A4DE-9ABE-12DF17AE4E1E,2024-ncaa-d3-natl,ncaa,110,45,345,74,357,202,218,292,142,133,100,209,369,407,138,416,45,18,285,19,64,235,322,196,171,111,343,403,36,206,137,269,233,245,172,290,376,12,10,115,286,244,138,169,,,178,297,,,143,353,182,244,83,122,129,50,27,362,407,10,6,6,61,154,116,120,100,252,24,219,96,,309,,,139,91,123,115,186,283,316,169,8,16,15,7,224,248,134,245,170,128,93,99,108,183,17,4,313,187,233,98,137,120,172,33,11,355,332,157,14,19,145,85,,,110,20,,,143,80,96,197,134,203,249,299,352,392,4,14,313,329,330,311,255,274,237,265,75,313,27,206,,11,,,b'\x11\xe8\xe1I\xec\x7f\xa4\xde\x9a\xbe\x12\xdf\x17\xaeN\x1e'
11E8E149-EC7F-A4DE-9ABE-12DF17AE4E1E,2025-ncaa-d3-conf-SCIAC,genius_ncaa,6,4,7,6,7,7,6,7,1,5,5,3,8,9,2,8,8,7,9,7,7,7,7,2,3,4,9,7,8,7,7,4,6,6,3,5,4,3,8,5,9,9,3,5,,,1,3,,5,6,7,6,4,5,4,6,4,5,7,9,8,6,6,6,6,7,1,4,4,7,9,2,,3,,6,6,3,5,3,4,5,8,5,2,2,4,3,2,1,6,1,2,3,2,4,2,4,1,2,2,6,6,1,7,2,3,1,1,9,9,6,2,6,7,8,,,6,4,,5,6,3,5,6,6,5,7,9,9,9,3,3,3,3,3,9,5,8,3,6,2,9,3,9,,4,,3,b'\x11\xe8\xe1I\xec\x7f\xa4\xde\x9a\xbe\x12\xdf\x17\xaeN\x1e'
11E8E149-EC7F-A4DE-9ABE-12DF17AE4E1E,2025-ncaa-d3-natl,genius_ncaa,274,155,397,236,398,353,347,394,116,296,327,196,357,395,61,367,334,340,279,336,240,393,408,149,158,136,334,318,214,365,236,374,231,384,201,324,218,5,112,129,415,410,215,173,,,18,124,,73,236,409,328,34,185,167,231,116,93,297,373,200,164,156,220,305,268,86,156,176,87,413,126,,109,,132,238,25,36,22,199,78,77,167,30,16,185,86,33,21,346,21,55,20,12,167,154,294,65,111,132,88,231,13,236,22,201,12,34,416,408,339,8,147,258,340,,,374,92,,240,236,10,153,321,241,251,296,328,320,368,147,145,147,107,102,297,159,296,151,216,120,412,112,383,,158,,167,b'\x11\xe8\xe1I\xec\x7f\xa4\xde\x9a\xbe\x12\xdf\x17\xaeN\x1e'
11E8E149-EC7F-A4DE-9ABE-12DF17AE4E1E,2026-ncaa-d3-natl,genius_ncaa,345,21,413,194,413,414,413,414,379,414,414,390,403,412,219,89,406,409,102,409,7,414,414,348,278,158,1,93,5,414,396,414,415,414,414,410,1,1,7,8,414,278,402,346,,,4,344,,45,244,414,395,113,306,392,365,410,392,148,121,12,15,24,303,412,383,412,412,148,2,260,304,,352,,386,313,4,5,4,288,5,5,320,2,3,20,46,4,3,367,3,141,3,3,210,239,302,20,9,267,10,415,3,396,5,414,6,414,414,349,401,1,28,8,385,,,412,1,,291,244,3,206,381,307,289,313,307,377,359,19,79,310,244,236,301,233,402,307,382,397,335,9,309,,22,,15,b'\x11\xe8\xe1I\xec\x7f\xa4\xde\x9a\xbe\x12\xdf\x17\xaeN\x1e'
11E8E149-EC84-04AC-9ABE-12DF17AE4E1E,2018-ncaa-d3-conf-SAA,ncaa,1,1,1,1,2,2,2,1,7,3,1,7,1,1,4,3,2,2,6,2,4,1,1,7,7,6,1,3,5,1,1,3,4,2,2,2,3,4,2,3,2,2,1,1,,,7,3,,,1,1,2,6,2,4,1,5,1,2,2,3,3,2,1,1,1,4,2,3,2,3,1,,3,,,1,2,2,5,2,3,6,1,4,3,4,3,5,4,2,4,5,6,8,2,2,1,6,5,7,4,4,8,1,7,2,4,5,1,1,1,3,1,4,2,,,1,1,,,1,7,3,1,1,1,1,2,1,2,4,2,3,3,3,2,3,3,6,4,3,1,2,3,,1,,,b'\x11\xe8\xe1I\xec\x84\x04\xac\x9a\xbe\x12\xdf\x17\xaeN\x1e'
11E8E149-EC84-04AC-9ABE-12DF17AE4E1E,2018-ncaa-d3-natl,ncaa,52,88,17,79,25,39,74,13,310,146,46,344,29,27,110,134,23,14,221,14,79,11,21,273,253,161,57,99,101,13,46,79,139,22,111,94,210,134,12,71,78,123,33,22,,,436,412,,,68,37,228,97,94,164,45,266,142,68,69,44,41,39,42,88,27,275,66,170,38,132,54,,394,,,78,326,174,298,93,129,226,69,349,349,274,289,432,431,304,431,425,358,397,121,194,113,426,321,426,247,139,418,46,394,111,217,256,43,71,73,76,9,388,257,,,6,49,,,68,405,93,100,78,108,43,44,29,48,239,209,393,383,382,90,170,100,272,201,101,88,30,309,,20,,,b'\x11\xe8\xe1I\xec\x84\x04\xac\x9a\xbe\x12\xdf\x17\xaeN\x1e'
11E8E149-EC84-04AC-9ABE-12DF17AE4E1E,2019-ncaa-d3-conf-SAA,ncaa,1,2,1,2,2,2,2,1,5,2,1,5,3,4,7,6,3,3,6,3,5,1,1,5,5,5,6,5,4,1,1,3,4,1,2,2,2,6,1,2,2,2,1,1,,,6,4,,,1,2,6,8,4,5,2,4,1,4,4,4,4,4,2,2,1,3,2,4,2,2,1,,5,,,1,1,1,5,1,1,4,1,2,5,2,6,5,5,5,5,6,6,7,1,2,1,8,4,8,5,4,6,1,7,2,4,6,1,1,1,4,4,3,2,,,1,4,,,1,7,3,1,1,1,1,2,1,1,2,3,5,5,5,1,2,4,3,3,2,2,4,3,,4,,,b'\x11\xe8\xe1I\xec\x84\x04\xac\x9a\xbe\x12\xdf\x17\xaeN\x1e'
11E8E149-EC84-04AC-9ABE-12DF17AE4E1E,2019-ncaa-d3-natl,ncaa,24,72,8,64,14,90,120,34,310,185,109,305,52,36,206,99,94,44,369,36,82,31,42,277,295,227,79,87,206,33,120,39,98,29,125,150,260,204,52,152,111,164,9,5,,,399,334,,,77,57,392,236,269,296,229,347,327,118,97,231,150,141,194,311,90,233,132,287,38,217,16,,216,,,88,170,88,288,20,49,136,36,316,408,37,391,391,385,323,384,403,336,376,30,59,38,427,354,419,246,98,423,120,389,125,115,220,54,75,41,189,74,234,173,,,28,97,,,77,384,171,37,83,21,7,17,4,12,158,282,256,226,226,23,37,76,231,154,26,137,61,117,,144,,,b'\x11\xe8\xe1I\xec\x84\x04\xac\x9a\xbe\x12\xdf\x17\xaeN\x1e'
11E8E149-EC84-04AC-9ABE-12DF17AE4E1E,2020-ncaa-d3-conf-SAA,ncaa,1,1,1,1,2,2,1,1,1,1,1,4,6,8,2,8,1,1,5,1,7,1,1,3,3,3,8,8,4,1,1,1,2,1,1,2,4,4,2,2,1,1,2,1,,,2,2,,,1,1,1,3,2,1,1,1,1,6,8,1,1,1,1,1,1,1,1,2,3,1,2,,2,,,1,3,2,7,1,1,4,1,8,8,4,8,2,2,1,2,5,7,7,1,1,1,8,8,2,5,2,5,1,6,1,5,6,1,2,2,3,2,5,1,,,2,6,,,1,8,2,1,1,1,1,4,1,3,7,8,1,2,2,4,5,3,3,4,4,1,2,2,,2,,,b'\x11\xe8\xe1I\xec\x84\x04\xac\x9a\xbe\x12\xdf\x17\xaeN\x1e'
11E8E149-EC84-04AC-9ABE-12DF17AE4E1E,2020-ncaa-d3-natl,ncaa,1,2,2,2,5,8,10,8,78,3,2,153,311,370,108,432,4,1,213,1,129,5,5,152,124,78,386,421,41,8,23,11,154,5,40,113,403,283,57,169,74,172,34,25,,,431,370,,,20,8,160,219,34,40,79,11,9,376,421,10,7,7,29,71,35,91,31,220,105,157,72,,373,,,24,357,181,402,18,61,184,23,426,435,121,418,426,432,123,432,427,426,429,42,65,49,437,405,408,364,154,338,23,363,40,171,175,24,88,31,109,12,275,53,,,2,44,,,20,427,41,48,28,96,27,123,6,17,339,392,355,376,375,180,244,217,89,125,58,87,29,157,,8,,,b'\x11\xe8\xe1I\xec\x84\x04\xac\x9a\xbe\x12\xdf\x17\xaeN\x1e'
11E8E149-EC84-04AC-9ABE-12DF17AE4E1E,2021-ncaa-d3-conf-SAA,ncaa,3,1,7,2,7,5,4,4,3,4,3,4,7,6,6,5,6,5,7,5,6,5,5,4,4,5,6,6,6,2,1,5,2,5,2,5,5,3,4,4,2,2,3,1,,,3,4,,,3,6,2,5,3,2,2,1,1,5,5,4,4,4,2,2,2,2,1,2,4,2,2,,5,,,3,1,1,2,3,1,2,2,4,4,5,6,3,3,3,3,7,2,2,3,3,2,7,7,7,3,2,3,1,2,2,3,5,3,2,1,3,5,2,2,,,6,7,,,3,2,3,2,3,5,3,4,2,3,7,7,6,6,6,4,6,4,6,5,4,2,6,5,,4,,,b'\x11\xe8\xe1I\xec\x84\x04\xac\x9a\xbe\x12\xdf\x17\xaeN\x1e'
11E8E149-EC84-04AC-9ABE-12DF17AE4E1E,2021-ncaa-d3-natl,ncaa,63,58,146,63,157,106,97,94,131,74,62,141,178,164,215,259,98,83,215,80,168,91,96,177,180,161,263,258,126,36,20,92,112,69,46,132,247,155,91,156,74,74,64,29,,,197,229,,,67,117,6,93,29,19,6,9,2,212,197,42,19,18,5,3,7,10,2,115,198,34,36,,270,,,72,136,117,142,42,95,112,41,203,215,148,259,217,227,68,227,283,157,165,61,87,59,281,264,268,170,112,167,20,164,46,112,91,70,54,28,152,111,125,46,,,107,171,,,67,170,113,62,79,176,96,208,32,62,254,271,273,279,279,244,277,214,243,233,80,22,194,151,,34,,,b'\x11\xe8\xe1I\xec\x84\x04\xac\x9a\xbe\x12\xdf\x17\xaeN\x1e'
11E8E149-EC84-04AC-9ABE-12DF17AE4E1E,2022-ncaa-d3-conf-SAA,ncaa,5,6,1,5,1,3,3,2,6,1,1,5,7,6,6,7,2,1,4,1,6,2,2,6,6,6,8,8,5,1,2,2,7,2,3,2,1,8,6,4,3,3,1,1,,,7,4,,,4,2,3,6,4,4,4,2,2,7,7,5,5,5,4,3,4,3,4,2,7,3,1,,5,,,4,7,7,8,2,6,6,4,8,8,2,8,5,7,1,6,4,8,7,2,2,2,6,6,3,8,7,7,2,7,3,7,5,3,5,3,8,7,2,1,,,1,7,,,4,7,6,4,5,5,3,5,3,5,7,8,3,5,5,6,7,7,5,6,5,4,7,1,,5,,,b'\x11\xe8\xe1I\xec\x84\x04\xac\x9a\xbe\x12\xdf\x17\xaeN\x1e'
11E8E149-EC84-04AC-9ABE-12DF17AE4E1E,2022-ncaa-d3-natl,ncaa,232,318,61,268,88,170,179,167,207,126,101,199,308,288,313,338,82,54,243,56,136,148,76,240,234,284,309,353,81,122,171,75,227,86,169,136,110,417,360,289,169,242,58,44,,,407,364,,,286,72,156,282,261,257,308,168,173,346,350,127,94,93,268,149,186,130,155,183,361,234,68,,378,,,275,369,328,339,200,222,178,256,414,419,223,399,366,401,51,399,397,369,361,246,239,256,399,380,279,347,227,286,171,316,169,292,185,142,243,218,398,342,130,72,,,64,132,,,286,354,282,260,278,265,208,229,125,59,399,404,309,358,357,271,252,265,148,196,205,221,344,74,,112,,,b'\x11\xe8\xe1I\xec\x84\x04\xac\x9a\xbe\x12\xdf\x17\xaeN\x1e'
11E8E149-EC84-04AC-9ABE-12DF17AE4E1E,2023-ncaa-d3-conf-SAA,ncaa,5,5,5,5,5,6,5,6,2,5,5,1,7,7,5,5,7,7,2,6,7,7,7,2,2,3,7,6,4,7,6,4,4,6,4,6,8,5,7,7,4,3,7,6,,,4,6,,,6,7,5,2,5,4,5,4,5,6,5,5,5,5,6,5,7,4,5,5,7,3,7,,5,,,6,1,4,2,5,4,2,6,6,7,6,7,3,3,4,3,6,1,1,5,5,5,5,7,3,1,4,1,6,1,4,4,7,3,3,5,4,4,5,4,,,6,3,,,6,2,5,5,6,5,5,2,5,3,6,7,3,4,4,2,4,4,4,4,5,3,4,5,,5,,,b'\x11\xe8\xe1I\xec\x84\x04\xac\x9a\xbe\x12\xdf\x17\xaeN\x1e'
11E8E149-EC84-04AC-9ABE-12DF17AE4E1E,2023-ncaa-d3-natl,ncaa,188,198,185,198,223,166,191,259,103,157,188,108,268,300,197,312,53,79,67,76,79,236,221,127,98,133,254,331,58,267,221,234,266,261,214,283,362,259,270,297,169,176,356,346,,,337,358,,,161,196,192,195,134,169,283,125,193,282,315,37,60,57,225,203,279,228,264,295,271,170,370,,350,,,164,196,167,175,182,125,99,243,304,336,151,355,256,261,165,243,327,180,212,210,213,186,333,317,256,253,266,110,221,157,214,206,225,139,139,164,177,191,165,164,,,61,20,,,161,207,159,194,179,205,181,191,139,88,296,340,251,263,253,200,231,248,93,159,208,123,186,156,,37,,,b'\x11\xe8\xe1I\xec\x84\x04\xac\x9a\xbe\x12\xdf\x17\xaeN\x1e'
11E8E149-EC84-04AC-9ABE-12DF17AE4E1E,2024-ncaa-d3-conf-SAA,ncaa,6,6,5,6,6,6,4,4,4,4,5,3,5,4,4,3,8,8,5,8,7,5,6,3,4,7,5,4,8,5,4,3,1,4,2,5,5,7,7,5,4,4,5,4,,,6,6,,,5,6,3,3,3,3,3,4,5,3,4,8,7,7,3,3,4,3,3,4,7,4,5,,6,,,5,4,4,4,5,2,2,4,7,6,8,7,4,6,2,5,7,4,3,5,5,5,8,8,5,1,1,2,4,1,2,5,7,4,3,5,7,7,4,5,,,8,7,,,5,3,6,5,5,5,5,4,3,3,7,7,6,6,6,4,6,3,4,2,5,3,7,5,,7,,,b'\x11\xe8\xe1I\xec\x84\x04\xac\x9a\xbe\x12\xdf\x17\xaeN\x1e'
11E8E149-EC84-04AC-9ABE-12DF17AE4E1E,2024-ncaa-d3-natl,ncaa,203,232,112,223,124,131,150,160,132,170,216,119,123,124,133,154,94,107,148,101,93,145,124,116,115,139,147,172,158,143,139,136,174,134,148,183,291,317,269,248,205,249,211,188,,,383,374,,,209,130,175,33,122,155,190,182,249,136,141,98,120,111,163,138,156,150,136,201,282,225,231,,372,,,209,350,269,228,266,167,121,256,404,375,365,365,380,399,113,399,412,278,296,314,321,311,404,384,330,229,174,218,139,223,148,253,226,154,188,208,304,260,265,269,,,92,112,,,209,300,137,287,208,313,222,179,134,74,390,361,370,388,393,241,254,199,171,179,222,171,284,242,,86,,,b'\x11\xe8\xe1I\xec\x84\x04\xac\x9a\xbe\x12\xdf\x17\xaeN\x1e'
11E8E149-EC84-04AC-9ABE-12DF17AE4E1E,2025-ncaa-d3-conf-SAA,genius_ncaa,4,4,3,4,5,4,7,7,6,7,7,6,2,2,4,2,1,2,1,2,1,5,6,6,3,3,1,3,1,6,6,7,6,7,6,6,3,5,5,5,5,5,4,5,,,5,4,,3,4,6,3,3,3,7,7,7,6,2,2,1,2,2,5,5,6,7,7,6,5,5,3,,6,,3,4,4,6,2,6,6,4,6,4,3,4,4,2,2,4,1,2,2,4,6,6,5,2,4,1,4,6,3,6,3,6,6,5,4,3,5,4,5,5,7,,,2,2,,3,4,4,3,5,4,5,6,4,6,5,4,4,2,2,1,3,5,4,4,4,6,3,4,5,,2,,2,b'\x11\xe8\xe1I\xec\x84\x04\xac\x9a\xbe\x12\xdf\x17\xaeN\x1e'
11E8E149-EC84-04AC-9ABE-12DF17AE4E1E,2025-ncaa-d3-natl,genius_ncaa,194,155,290,184,337,188,260,313,183,257,293,170,233,254,182,247,14,21,84,20,7,259,282,176,106,116,73,256,5,274,216,299,315,294,266,297,309,149,183,246,247,261,348,353,,,214,228,,256,195,273,131,365,111,226,278,233,272,210,214,3,5,5,151,171,244,245,251,283,200,223,349,,286,,290,193,194,216,202,213,262,173,313,113,267,30,269,221,201,298,204,229,200,180,182,197,219,124,112,218,279,315,93,216,160,266,228,225,222,226,239,176,212,285,333,,,38,3,,56,195,163,137,244,181,281,281,303,303,247,163,320,281,256,256,305,301,313,152,235,267,173,225,316,,3,,41,b'\x11\xe8\xe1I\xec\x84\x04\xac\x9a\xbe\x12\xdf\x17\xaeN\x1e'
11E8E149-EC84-04AC-9ABE-12DF17AE4E1E,2026-ncaa-d3-conf-SAA,genius_ncaa,1,1,2,1,2,3,3,2,3,3,3,3,2,2,2,1,2,3,1,2,1,2,2,3,2,3,1,1,1,2,2,2,1,2,1,3,2,2,3,3,2,1,2,2,,,1,1,,3,2,2,1,1,2,3,2,3,3,2,1,1,2,1,2,1,2,1,1,2,3,1,2,,1,,3,2,1,1,1,1,1,1,3,1,2,1,2,1,1,1,1,1,1,2,1,1,1,1,2,1,1,1,2,2,1,1,2,2,2,2,1,2,3,3,3,,,2,2,,2,2,2,3,1,2,1,2,2,2,2,1,2,1,1,1,2,3,2,2,1,2,2,3,3,,1,,2,b'\x11\xe8\xe1I\xec\x84\x04\xac\x9a\xbe\x12\xdf\x17\xaeN\x1e'
11E8E149-EC84-04AC-9ABE-12DF17AE4E1E,2026-ncaa-d3-natl,genius_ncaa,98,68,215,92,321,221,270,280,200,272,294,203,214,231,171,207,62,68,204,68,23,257,251,190,153,204,92,216,36,226,164,173,94,192,92,263,225,248,290,288,233,213,351,344,,,160,211,,197,102,245,106,399,153,236,266,227,267,180,196,24,21,21,170,118,175,41,81,228,307,188,351,,212,,234,99,94,106,145,76,142,144,187,49,173,7,242,144,160,98,155,220,143,155,42,37,44,91,71,260,126,94,145,164,134,92,94,146,196,132,84,280,326,320,386,,,95,14,,201,102,165,210,45,104,76,105,203,178,191,41,230,171,204,196,195,245,162,185,167,103,109,327,373,,11,,195,b'\x11\xe8\xe1I\xec\x84\x04\xac\x9a\xbe\x12\xdf\x17\xaeN\x1e'
11E8E149-EC88-832E-9ABE-12DF17AE4E1E,2018-ncaa-d3-conf-OAC,ncaa,1,1,1,1,2,2,2,2,1,2,2,2,5,7,1,8,4,5,4,5,10,2,2,2,2,1,8,6,9,2,1,1,1,1,1,2,2,2,2,1,7,7,5,2,,,2,2,,,1,4,10,4,2,2,7,2,4,6,9,6,8,8,7,10,4,2,1,2,1,9,5,,1,,,1,1,2,8,1,1,1,1,9,10,2,10,1,1,4,1,2,5,7,1,1,1,10,10,1,1,1,3,1,1,1,2,6,5,6,6,2,2,5,3,,,5,6,,,1,7,1,1,1,1,1,3,1,1,6,10,1,1,1,1,1,1,1,1,2,9,1,3,,8,,,b'\x11\xe8\xe1I\xec\x88\x83.\x9a\xbe\x12\xdf\x17\xaeN\x1e'
11E8E149-EC88-832E-9ABE-12DF17AE4E1E,2018-ncaa-d3-natl,ncaa,31,37,43,39,45,46,35,95,19,39,81,43,108,241,11,313,123,176,54,179,324,109,147,22,23,15,292,231,335,177,147,21,8,53,23,45,149,59,35,17,280,307,158,108,,,165,143,,,27,150,417,38,69,51,230,65,161,154,323,199,290,294,256,394,279,30,104,59,14,361,206,,59,,,32,151,126,326,32,36,66,72,426,441,100,442,119,97,331,96,208,278,243,76,66,134,435,441,134,73,8,156,147,101,23,150,195,272,310,226,53,40,130,57,,,122,124,,,27,295,15,96,25,52,34,119,11,4,377,434,58,44,46,68,29,30,42,28,77,397,24,81,,264,,,b'\x11\xe8\xe1I\xec\x88\x83.\x9a\xbe\x12\xdf\x17\xaeN\x1e'
11E8E149-EC88-832E-9ABE-12DF17AE4E1E,2019-ncaa-d3-conf-OAC,ncaa,7,7,1,7,1,6,7,6,6,7,7,8,4,5,4,3,9,9,2,9,9,6,6,7,6,7,3,3,7,7,8,2,1,3,2,5,5,7,6,5,8,8,9,7,,,2,2,,,7,5,10,5,9,9,9,10,10,5,8,9,9,9,10,10,10,4,8,8,4,9,10,,1,,,7,5,5,7,4,2,2,5,10,10,5,10,2,2,9,2,5,7,6,5,4,7,10,10,1,1,1,7,8,4,2,9,10,8,8,9,8,8,10,10,,,7,7,,,7,6,7,4,7,2,1,3,1,1,9,10,1,1,1,1,1,1,4,1,7,10,6,10,,10,,,b'\x11\xe8\xe1I\xec\x88\x83.\x9a\xbe\x12\xdf\x17\xaeN\x1e'
11E8E149-EC88-832E-9ABE-12DF17AE4E1E,2019-ncaa-d3-natl,ncaa,155,219,42,183,44,129,134,172,117,213,229,196,45,106,20,104,257,344,8,341,353,201,257,71,73,67,90,53,358,309,316,69,7,135,88,185,307,85,87,119,355,368,323,303,,,74,69,,,167,224,435,47,232,228,369,320,369,76,183,338,406,404,398,435,393,129,285,275,25,416,372,,19,,,171,278,263,317,155,96,67,252,438,440,257,442,94,53,429,56,141,257,155,276,258,356,426,441,69,28,7,245,316,138,88,292,269,391,412,397,114,134,358,350,,,272,260,,,167,233,91,276,164,121,130,114,37,10,429,434,50,21,23,58,8,5,95,35,185,433,57,295,,403,,,b'\x11\xe8\xe1I\xec\x88\x83.\x9a\xbe\x12\xdf\x17\xaeN\x1e'
11E8E149-EC88-832E-9ABE-12DF17AE4E1E,2020-ncaa-d3-conf-OAC,ncaa,3,3,3,3,4,8,5,6,5,7,10,3,4,3,9,2,7,9,6,9,8,6,8,5,6,7,6,4,9,4,3,5,2,5,2,6,4,4,5,4,3,2,6,5,,,2,5,,,3,9,10,4,9,6,8,7,10,5,3,10,9,10,10,10,4,5,5,6,2,3,7,,2,,,3,1,1,3,2,1,1,2,9,9,4,10,1,1,5,1,5,2,2,3,3,3,10,10,2,3,2,3,3,2,2,5,8,6,4,5,3,4,5,7,,,7,6,,,3,3,5,3,3,2,2,2,1,1,9,9,1,1,1,1,1,2,2,2,5,7,2,5,,7,,,b'\x11\xe8\xe1I\xec\x88\x83.\x9a\xbe\x12\xdf\x17\xaeN\x1e'
11E8E149-EC88-832E-9ABE-12DF17AE4E1E,2020-ncaa-d3-natl,ncaa,61,63,65,69,107,200,172,203,155,231,340,64,88,53,212,44,345,364,195,367,311,240,311,121,150,120,168,75,400,138,80,195,55,180,55,194,247,61,91,98,215,162,231,149,,,143,237,,,131,356,436,253,269,245,332,302,403,113,77,399,418,419,376,426,190,301,274,235,32,262,261,,75,,,135,94,85,116,127,25,26,167,411,416,291,431,78,57,315,54,231,79,77,232,212,213,426,431,121,63,55,73,80,54,55,157,249,262,204,219,50,85,248,321,,,254,189,,,131,105,87,179,113,41,40,23,10,3,369,370,41,30,31,10,1,33,27,21,111,338,36,211,,365,,,b'\x11\xe8\xe1I\xec\x88\x83.\x9a\xbe\x12\xdf\x17\xaeN\x1e'
11E8E149-EC88-832E-9ABE-12DF17AE4E1E,2021-ncaa-d3-conf-OAC,ncaa,5,8,1,6,3,7,7,6,9,7,8,8,5,1,8,2,7,7,9,7,7,6,6,9,9,8,4,4,7,4,6,3,3,4,5,4,1,4,2,1,3,1,5,5,,,4,7,,,5,7,10,10,8,8,8,10,10,6,4,10,10,10,9,9,6,8,6,6,1,4,7,,1,,,5,2,3,5,3,2,2,4,9,9,2,8,2,2,8,2,2,3,4,3,2,2,5,8,2,4,3,9,6,8,5,8,8,4,2,6,2,1,7,8,,,7,10,,,5,4,7,2,5,1,2,1,1,1,4,5,1,1,1,1,1,2,6,3,4,7,1,6,,10,,,b'\x11\xe8\xe1I\xec\x88\x83.\x9a\xbe\x12\xdf\x17\xaeN\x1e'
11E8E149-EC88-832E-9ABE-12DF17AE4E1E,2021-ncaa-d3-natl,ncaa,63,238,23,145,29,54,53,37,192,64,49,168,36,22,166,56,60,63,133,64,152,41,44,175,174,150,84,70,173,28,90,35,105,33,114,51,98,214,70,86,41,72,77,136,,,239,180,,,85,48,266,257,191,192,173,221,229,100,73,192,204,209,200,247,96,172,141,154,44,114,173,,110,,,112,228,233,246,84,219,236,95,256,255,141,239,201,186,238,184,75,239,240,108,107,102,196,238,95,236,105,258,90,253,114,236,162,50,116,132,154,38,252,217,,,61,201,,,85,238,129,96,110,48,56,53,47,34,173,167,54,38,39,29,20,78,115,98,102,165,30,184,,237,,,b'\x11\xe8\xe1I\xec\x88\x83.\x9a\xbe\x12\xdf\x17\xaeN\x1e'
11E8E149-EC88-832E-9ABE-12DF17AE4E1E,2022-ncaa-d3-conf-OAC,ncaa,5,5,4,5,4,6,6,9,5,6,7,6,6,7,5,5,7,8,2,8,7,9,9,5,5,5,6,5,4,5,4,4,5,5,4,5,6,1,5,5,8,7,9,7,,,1,1,,,4,10,10,2,6,6,9,6,6,7,6,7,8,8,9,10,4,4,5,5,1,7,9,,1,,,4,1,1,2,1,1,1,3,7,9,3,9,1,1,8,1,7,1,1,3,3,3,10,10,5,5,5,1,4,1,4,3,7,8,8,5,1,4,10,10,,,8,5,,,4,1,4,3,4,2,2,3,1,1,7,9,1,1,1,2,2,5,2,2,4,8,3,10,,9,,,b'\x11\xe8\xe1I\xec\x88\x83.\x9a\xbe\x12\xdf\x17\xaeN\x1e'
11E8E149-EC88-832E-9ABE-12DF17AE4E1E,2022-ncaa-d3-natl,ncaa,96,95,107,105,138,175,188,211,172,189,211,178,148,178,137,195,187,247,58,254,249,222,247,171,154,145,190,179,197,189,131,110,44,143,48,182,193,113,131,135,173,145,208,111,,,100,116,,,83,266,406,179,217,214,296,234,270,185,215,211,300,308,314,381,224,128,181,222,77,209,238,,47,,,84,55,49,152,20,22,44,56,330,406,55,427,112,76,376,88,270,124,147,42,44,64,417,416,236,89,44,114,131,105,48,110,305,211,175,131,125,143,428,424,,,207,169,,,83,161,135,45,78,18,12,49,3,5,289,394,73,30,46,29,22,60,48,47,80,263,98,428,,277,,,b'\x11\xe8\xe1I\xec\x88\x83.\x9a\xbe\x12\xdf\x17\xaeN\x1e'
11E8E149-EC88-832E-9ABE-12DF17AE4E1E,2023-ncaa-d3-conf-OAC,ncaa,1,1,1,1,1,1,1,4,1,3,5,1,3,5,2,4,6,6,7,6,4,4,4,1,1,1,5,4,8,3,3,1,2,2,2,1,3,5,5,1,6,6,2,2,,,4,4,,,1,5,9,1,1,1,6,5,5,3,5,6,6,6,6,8,4,1,2,1,4,6,3,,2,,,1,3,4,10,3,1,3,3,10,10,4,10,2,4,2,4,5,8,6,3,1,5,10,10,3,3,2,2,3,1,2,5,7,8,9,8,6,5,1,1,,,6,4,,,1,6,1,3,1,2,3,6,1,1,9,10,1,2,2,4,1,2,1,1,4,9,5,1,,6,,,b'\x11\xe8\xe1I\xec\x88\x83.\x9a\xbe\x12\xdf\x17\xaeN\x1e'
11E8E149-EC88-832E-9ABE-12DF17AE4E1E,2023-ncaa-d3-natl,ncaa,11,30,7,26,7,43,48,67,65,71,108,64,71,91,71,178,87,101,100,101,194,71,74,60,60,54,201,170,264,128,180,8,13,14,27,80,237,183,91,85,182,255,113,91,,,268,190,,,65,69,416,6,159,157,315,178,312,143,211,218,275,270,327,388,263,26,111,189,46,318,174,,67,,,84,298,223,391,25,59,138,46,427,429,162,424,249,236,260,243,290,391,335,77,70,167,425,425,183,154,13,291,180,222,27,169,124,307,382,264,285,216,150,91,,,103,198,,,65,360,56,133,73,57,37,108,4,13,371,403,92,80,87,88,19,39,57,38,52,418,144,54,,326,,,b'\x11\xe8\xe1I\xec\x88\x83.\x9a\xbe\x12\xdf\x17\xaeN\x1e'
11E8E149-EC88-832E-9ABE-12DF17AE4E1E,2024-ncaa-d3-conf-OAC,ncaa,1,3,1,3,1,2,2,1,6,1,1,3,4,1,6,5,7,8,7,6,9,1,1,6,6,6,9,6,8,1,2,3,2,2,2,2,8,2,1,1,1,1,5,5,,,3,2,,,3,2,9,8,5,2,2,3,4,5,3,8,8,8,2,7,2,3,3,7,1,5,9,,1,,,3,3,3,6,3,1,3,2,9,9,9,9,1,1,5,1,3,5,6,4,3,3,10,10,2,2,2,10,2,5,2,3,7,1,1,1,2,1,3,1,,,6,9,,,3,9,3,3,3,2,1,1,1,1,9,6,1,1,1,1,1,1,6,2,2,3,1,2,,9,,,b'\x11\xe8\xe1I\xec\x88\x83.\x9a\xbe\x12\xdf\x17\xaeN\x1e'
11E8E149-EC88-832E-9ABE-12DF17AE4E1E,2024-ncaa-d3-natl,ncaa,74,139,17,118,30,89,87,57,176,109,133,105,86,45,257,85,187,221,133,202,272,65,89,161,173,118,193,147,329,55,103,66,9,59,53,161,351,81,30,109,184,187,302,296,,,164,150,,,106,117,401,244,211,190,181,199,293,152,92,302,343,334,215,356,130,226,167,261,19,297,360,,41,,,117,241,208,255,134,63,93,104,421,416,393,416,130,112,289,106,182,219,226,246,233,236,418,424,105,31,9,332,103,186,53,167,122,196,203,152,75,32,238,201,,,185,297,,,106,298,95,145,112,58,66,39,13,5,388,334,48,30,28,20,5,9,121,35,59,331,25,149,,355,,,b'\x11\xe8\xe1I\xec\x88\x83.\x9a\xbe\x12\xdf\x17\xaeN\x1e'
11E8E149-EC88-832E-9ABE-12DF17AE4E1E,2025-ncaa-d3-conf-OAC,genius_ncaa,2,2,1,2,1,5,2,1,6,1,3,2,6,2,10,2,8,7,8,8,7,1,3,7,8,6,9,7,8,1,1,2,1,2,1,2,3,5,3,2,5,4,5,5,,,2,3,,5,2,6,10,1,6,5,3,2,6,7,3,8,7,8,4,7,1,2,2,3,3,5,5,,2,,3,2,2,1,4,2,2,5,1,4,5,5,8,3,2,10,2,4,2,2,2,2,2,8,9,4,1,1,7,1,1,1,2,3,7,5,3,5,4,5,4,,,7,8,,3,2,4,6,2,2,2,1,2,1,2,3,4,3,2,2,1,1,1,3,1,2,9,4,4,,8,,4,b'\x11\xe8\xe1I\xec\x88\x83.\x9a\xbe\x12\xdf\x17\xaeN\x1e'
11E8E149-EC88-832E-9ABE-12DF17AE4E1E,2025-ncaa-d3-natl,genius_ncaa,121,75,290,92,292,287,267,305,212,248,316,101,267,174,360,110,297,283,298,287,183,304,350,224,237,202,254,221,263,139,41,257,7,204,12,214,116,54,123,127,279,159,263,177,,,69,217,,180,131,382,410,43,260,230,244,210,310,245,133,283,248,261,257,330,86,166,117,167,90,263,243,,79,,222,126,27,21,23,75,9,26,48,209,138,324,334,106,47,417,48,186,21,20,123,153,176,394,382,257,2,7,37,41,13,12,24,132,353,220,160,62,128,84,160,,,302,198,,129,131,37,158,108,123,40,33,32,14,27,251,191,133,57,60,18,4,8,59,18,45,341,92,107,,266,,112,b'\x11\xe8\xe1I\xec\x88\x83.\x9a\xbe\x12\xdf\x17\xaeN\x1e'
11E8E149-EC88-832E-9ABE-12DF17AE4E1E,2026-ncaa-d3-conf-OAC,genius_ncaa,2,1,4,1,4,4,4,7,2,4,8,1,4,5,5,2,9,8,5,7,5,8,9,2,2,2,6,5,8,7,1,4,1,4,1,4,7,1,2,1,5,5,7,2,,,3,5,,1,2,7,7,1,2,1,4,1,6,4,2,8,7,6,5,8,4,1,1,2,1,5,5,,4,,1,1,1,1,2,1,1,1,1,3,5,3,9,6,4,9,4,7,2,1,1,1,1,9,7,9,1,1,1,1,1,1,1,9,6,6,2,4,5,3,5,,,8,8,,5,2,1,2,1,1,1,1,3,1,1,5,8,8,6,6,3,1,1,1,1,1,6,5,5,,8,,4,b'\x11\xe8\xe1I\xec\x88\x83.\x9a\xbe\x12\xdf\x17\xaeN\x1e'
11E8E149-EC88-832E-9ABE-12DF17AE4E1E,2026-ncaa-d3-natl,genius_ncaa,345,366,116,375,132,256,231,253,192,211,271,111,244,191,307,123,305,334,140,327,311,277,263,203,221,257,286,224,301,269,199,219,112,240,121,327,382,248,305,334,291,296,351,352,,,319,396,,370,306,252,399,64,342,304,382,272,365,284,229,368,394,387,397,399,317,275,316,371,212,349,368,,321,,375,298,232,183,173,217,191,160,257,198,226,141,253,376,343,394,341,370,198,169,224,300,339,321,156,393,117,112,135,199,123,121,175,176,313,333,287,241,272,226,290,,,215,138,,10,306,185,265,303,294,199,113,71,128,71,147,185,378,339,339,111,33,77,39,42,135,379,201,213,,276,,10,b'\x11\xe8\xe1I\xec\x88\x83.\x9a\xbe\x12\xdf\x17\xaeN\x1e'
11E8E149-EC8D-1146-9ABE-12DF17AE4E1E,2018-ncaa-d3-conf-NCAC,ncaa,9,9,9,9,9,9,9,9,9,9,9,7,9,8,9,7,7,6,8,6,5,9,9,9,9,8,9,8,6,6,5,9,6,9,7,9,9,5,8,8,7,3,9,9,,,2,3,,,7,9,5,7,9,9,8,8,7,9,7,7,6,6,8,6,5,9,8,9,8,4,9,,3,,,8,5,6,1,9,8,3,9,4,2,7,3,3,3,7,3,3,2,1,9,9,9,2,4,2,3,6,2,5,2,7,5,6,8,6,8,5,7,8,9,,,8,6,,,7,1,7,8,8,7,7,4,8,4,6,3,3,3,3,4,4,3,4,4,8,7,5,9,,7,,,b'\x11\xe8\xe1I\xec\x8d\x11F\x9a\xbe\x12\xdf\x17\xaeN\x1e'
11E8E149-EC8D-1146-9ABE-12DF17AE4E1E,2018-ncaa-d3-natl,ncaa,426,437,197,428,201,336,308,236,351,283,245,332,280,212,356,174,390,367,385,365,375,271,297,358,374,348,298,205,376,191,233,349,251,291,297,368,400,133,180,322,233,213,333,354,,,111,167,,,373,321,387,23,374,328,210,311,242,282,197,410,387,386,273,314,184,385,313,388,139,242,346,,106,,,363,286,348,169,407,356,265,366,257,126,428,128,105,87,324,93,80,144,117,394,388,386,106,216,69,135,251,278,233,218,297,241,117,321,291,329,153,207,348,369,,,377,394,,,373,129,330,374,363,291,341,204,340,280,254,123,105,84,93,156,90,157,301,241,258,349,168,366,,410,,,b'\x11\xe8\xe1I\xec\x8d\x11F\x9a\xbe\x12\xdf\x17\xaeN\x1e'
11E8E149-EC8D-1146-9ABE-12DF17AE4E1E,2019-ncaa-d3-conf-NCAC,ncaa,6,6,3,6,4,4,5,7,5,4,3,6,8,9,6,8,2,4,1,4,5,5,4,6,5,6,5,8,1,8,9,7,7,9,8,6,6,7,8,7,4,4,8,8,,,7,6,,,6,4,5,4,7,7,8,5,5,9,9,2,5,5,8,7,8,9,9,8,7,5,8,,6,,,6,8,7,5,7,6,3,9,9,8,6,8,6,4,7,4,5,5,6,8,8,6,7,7,3,7,7,7,9,7,8,7,7,3,3,6,6,5,5,5,,,4,5,,,6,6,6,6,6,6,6,4,6,3,8,8,4,3,3,4,5,6,5,6,6,3,5,5,,5,,,b'\x11\xe8\xe1I\xec\x8d\x11F\x9a\xbe\x12\xdf\x17\xaeN\x1e'
11E8E149-EC8D-1146-9ABE-12DF17AE4E1E,2019-ncaa-d3-natl,ncaa,237,304,67,273,97,163,191,183,213,182,146,251,204,253,151,287,77,163,13,162,197,177,185,219,168,165,199,261,89,273,309,318,378,315,365,244,329,207,185,243,209,242,350,373,,,298,253,,,279,152,347,126,223,265,319,237,230,258,308,106,215,209,308,348,341,420,416,313,135,250,386,,214,,,270,394,385,314,361,351,253,366,384,345,351,317,263,195,412,178,169,307,301,372,378,367,239,303,147,341,378,288,309,323,365,340,193,164,207,262,140,132,263,229,,,138,136,,,279,278,186,375,280,293,304,193,273,154,324,286,193,140,131,159,156,283,188,225,271,230,99,220,,210,,,b'\x11\xe8\xe1I\xec\x8d\x11F\x9a\xbe\x12\xdf\x17\xaeN\x1e'
11E8E149-EC8D-1146-9ABE-12DF17AE4E1E,2020-ncaa-d3-conf-NCAC,ncaa,4,4,3,4,3,3,3,3,4,5,3,5,5,6,6,5,4,4,3,4,5,3,3,5,5,3,4,5,4,5,6,5,8,4,8,4,4,5,4,4,5,7,6,6,,,7,6,,,4,1,3,5,5,5,4,5,5,6,5,4,4,4,5,4,6,7,6,4,5,4,6,,6,,,4,7,7,9,7,8,8,7,2,5,1,3,6,6,2,6,5,8,9,7,7,5,1,1,4,8,8,8,6,8,8,6,3,1,4,5,7,5,7,7,,,3,3,,,4,9,4,5,4,6,6,6,7,7,1,3,5,6,6,6,6,8,7,8,6,2,5,6,,5,,,b'\x11\xe8\xe1I\xec\x8d\x11F\x9a\xbe\x12\xdf\x17\xaeN\x1e'
11E8E149-EC8D-1146-9ABE-12DF17AE4E1E,2020-ncaa-d3-natl,ncaa,170,218,65,207,94,137,123,134,148,94,107,131,203,203,221,267,154,253,22,247,336,144,133,163,159,161,304,286,248,238,266,243,366,244,327,194,328,254,209,233,110,166,273,313,,,257,158,,,239,94,221,196,194,159,214,118,167,252,259,210,322,322,245,261,304,350,345,235,195,145,301,,193,,,239,373,392,352,332,410,362,365,158,226,81,139,264,283,186,276,171,356,372,304,286,259,51,67,166,379,366,282,266,341,327,308,145,98,161,192,276,247,248,194,,,123,158,,,239,346,196,292,236,270,309,238,356,289,114,163,205,213,209,229,260,321,179,258,235,150,230,211,,185,,,b'\x11\xe8\xe1I\xec\x8d\x11F\x9a\xbe\x12\xdf\x17\xaeN\x1e'
11E8E149-EC8D-1146-9ABE-12DF17AE4E1E,2021-ncaa-d3-conf-NCAC,ncaa,1,2,1,2,1,1,1,1,1,1,1,1,2,1,2,5,1,1,3,1,2,1,1,1,1,1,5,5,3,2,2,1,2,1,2,1,4,6,4,4,1,2,2,3,,,6,6,,,1,1,3,3,1,1,4,1,3,5,6,2,2,1,4,4,5,3,4,3,5,3,3,,5,,,1,5,5,6,2,4,5,3,6,6,1,6,6,6,2,6,6,6,6,2,1,1,5,5,6,5,2,4,2,5,2,4,3,1,3,1,5,4,3,2,,,1,2,,,1,6,1,2,1,2,2,2,2,2,3,5,4,5,5,2,3,2,2,2,2,3,4,3,,1,,,b'\x11\xe8\xe1I\xec\x8d\x11F\x9a\xbe\x12\xdf\x17\xaeN\x1e'
11E8E149-EC8D-1146-9ABE-12DF17AE4E1E,2021-ncaa-d3-natl,ncaa,50,58,112,54,127,114,106,151,22,102,136,19,130,144,96,178,112,113,113,109,86,144,143,29,26,59,197,191,136,145,84,126,94,133,66,129,217,163,198,163,82,58,134,111,,,167,211,,,41,142,215,91,102,96,243,71,188,164,199,120,119,116,239,224,188,159,182,155,161,87,160,,161,,,43,117,112,136,45,105,115,68,146,179,64,250,139,136,114,141,181,134,142,47,48,40,236,223,171,136,94,103,84,112,66,109,102,106,81,45,140,157,110,97,,,95,28,,,41,144,71,37,44,31,31,52,26,20,124,210,86,96,105,46,54,82,20,23,39,109,130,70,,68,,,b'\x11\xe8\xe1I\xec\x8d\x11F\x9a\xbe\x12\xdf\x17\xaeN\x1e'
11E8E149-EC8D-1146-9ABE-12DF17AE4E1E,2022-ncaa-d3-conf-NCAC,ncaa,2,4,1,4,1,1,1,1,1,2,2,1,1,2,3,3,5,5,6,5,7,1,1,1,2,3,5,4,9,2,2,3,5,3,2,1,3,9,6,3,1,3,4,4,,,6,3,,,3,1,8,2,2,2,6,3,6,2,3,8,9,9,7,6,3,6,4,2,6,4,7,,2,,,3,6,5,6,4,5,5,4,9,9,6,8,5,6,5,5,6,5,9,5,5,4,9,9,6,5,5,2,2,2,2,5,4,1,1,3,9,7,6,6,,,2,3,,,3,9,2,4,3,3,3,1,3,2,6,5,3,3,3,2,2,2,2,2,4,1,7,4,,5,,,b'\x11\xe8\xe1I\xec\x8d\x11F\x9a\xbe\x12\xdf\x17\xaeN\x1e'
11E8E149-EC8D-1146-9ABE-12DF17AE4E1E,2022-ncaa-d3-natl,ncaa,39,79,13,65,16,41,26,60,20,34,76,32,78,111,41,203,225,259,123,262,378,75,63,23,32,49,275,176,406,105,86,150,172,136,117,42,172,311,200,97,62,92,162,174,,,258,148,,,60,61,367,107,104,61,248,82,232,121,226,343,384,388,298,342,234,380,338,86,151,141,243,,86,,,71,311,302,287,231,274,241,248,321,325,228,292,299,256,380,242,232,286,354,232,254,161,272,266,239,226,172,188,86,189,117,237,142,34,48,66,353,269,286,183,,,118,266,,,60,370,51,134,71,88,94,27,97,35,172,166,154,102,96,19,61,82,15,24,98,102,233,183,,333,,,b'\x11\xe8\xe1I\xec\x8d\x11F\x9a\xbe\x12\xdf\x17\xaeN\x1e'
11E8E149-EC8D-1146-9ABE-12DF17AE4E1E,2023-ncaa-d3-conf-NCAC,ncaa,3,3,1,3,1,1,1,1,1,1,1,1,2,2,3,6,1,2,1,2,6,1,2,2,2,1,7,6,6,1,2,6,6,4,4,2,3,1,1,1,1,1,8,8,,,4,2,,,1,2,4,2,1,1,1,1,1,3,4,2,4,4,1,2,2,8,6,2,1,1,8,,1,,,1,3,3,2,4,3,1,5,7,7,3,8,3,3,4,3,5,3,7,5,4,2,7,8,3,4,6,4,2,4,4,3,3,1,1,1,1,1,7,4,,,2,3,,,1,7,2,2,1,3,3,1,3,1,7,7,2,3,3,1,4,4,3,3,2,1,1,6,,2,,,b'\x11\xe8\xe1I\xec\x8d\x11F\x9a\xbe\x12\xdf\x17\xaeN\x1e'
11E8E149-EC8D-1146-9ABE-12DF17AE4E1E,2023-ncaa-d3-natl,ncaa,90,171,13,137,16,29,19,44,28,24,42,34,103,129,81,251,114,227,7,230,387,50,93,35,34,16,323,255,354,144,169,339,220,269,247,65,295,42,8,12,38,39,378,370,,,251,172,,,53,82,380,48,68,46,141,47,130,168,229,219,356,356,189,367,252,427,417,119,2,73,408,,83,,,60,346,332,162,394,311,111,414,324,286,315,322,315,249,415,258,322,164,320,405,416,272,266,262,231,140,220,233,169,189,247,237,109,25,18,40,39,9,394,297,,,88,156,,,53,353,13,227,57,134,138,7,132,18,208,145,202,112,119,3,42,48,56,40,110,56,6,348,,257,,,b'\x11\xe8\xe1I\xec\x8d\x11F\x9a\xbe\x12\xdf\x17\xaeN\x1e'
11E8E149-EC8D-1146-9ABE-12DF17AE4E1E,2024-ncaa-d3-conf-NCAC,ncaa,2,2,1,2,1,1,1,1,2,1,1,2,6,6,7,8,2,2,1,2,6,1,1,4,4,2,8,8,4,1,1,5,1,2,1,1,4,1,1,1,1,1,8,8,,,4,4,,,1,1,3,3,1,1,1,1,1,7,6,2,2,2,1,1,1,6,4,1,1,1,8,,2,,,1,3,4,1,5,1,1,5,8,6,8,8,2,3,2,3,6,1,7,6,6,3,8,8,3,1,1,5,1,1,1,3,2,1,1,1,1,1,5,1,,,2,3,,,1,8,1,1,1,2,3,1,1,1,7,2,1,1,1,1,1,1,3,1,2,1,1,4,,2,,,b'\x11\xe8\xe1I\xec\x8d\x11F\x9a\xbe\x12\xdf\x17\xaeN\x1e'
11E8E149-EC8D-1146-9ABE-12DF17AE4E1E,2024-ncaa-d3-natl,ncaa,42,66,17,61,26,18,9,13,36,4,6,42,245,216,298,368,74,164,4,153,398,16,45,87,83,23,414,381,324,17,15,266,71,93,54,16,144,22,1,1,7,6,266,251,,,178,123,,,12,72,320,219,29,14,30,8,17,325,313,161,292,286,41,191,36,419,253,26,1,12,321,,52,,,13,167,180,97,310,129,114,184,362,146,426,243,120,96,317,102,163,81,307,347,335,66,336,389,121,54,71,217,15,117,54,158,139,7,4,7,30,8,265,56,,,83,262,,,12,356,7,39,11,36,46,2,25,10,239,42,42,24,26,1,34,12,36,21,56,13,8,170,,255,,,b'\x11\xe8\xe1I\xec\x8d\x11F\x9a\xbe\x12\xdf\x17\xaeN\x1e'
11E8E149-EC8D-1146-9ABE-12DF17AE4E1E,2025-ncaa-d3-conf-NCAC,genius_ncaa,1,1,4,1,4,1,1,2,1,1,1,1,5,7,3,8,5,5,1,5,8,3,4,1,1,1,8,8,8,2,2,8,2,4,2,1,2,2,2,1,1,1,7,3,,,4,4,,1,1,5,4,1,1,1,1,1,1,6,7,4,5,5,1,1,2,8,2,1,2,1,7,,3,,1,1,1,1,1,3,1,1,5,2,4,1,8,2,2,6,2,7,1,1,4,3,1,7,7,6,1,2,1,2,1,2,1,6,1,1,1,2,2,1,1,,,4,3,,2,1,3,1,1,1,1,1,1,1,1,3,5,2,2,2,1,2,2,1,1,3,1,2,1,,3,,2,b'\x11\xe8\xe1I\xec\x8d\x11F\x9a\xbe\x12\xdf\x17\xaeN\x1e'
11E8E149-EC8D-1146-9ABE-12DF17AE4E1E,2025-ncaa-d3-natl,genius_ncaa,14,18,16,18,28,18,8,32,11,7,15,20,127,239,21,344,196,246,73,237,403,39,62,21,24,17,387,302,406,46,15,272,80,136,37,5,67,102,33,3,13,7,196,131,,,144,102,,73,4,75,349,258,33,14,97,12,49,204,332,309,357,352,135,270,90,416,327,11,26,23,262,,30,,57,4,96,90,66,212,75,35,298,242,287,133,385,181,124,382,127,291,59,280,243,267,45,337,321,231,38,80,98,15,56,37,188,301,9,5,18,140,59,141,32,,,91,212,,72,4,331,5,28,4,16,18,2,13,2,127,144,76,41,45,1,16,14,9,5,84,22,58,63,,251,,104,b'\x11\xe8\xe1I\xec\x8d\x11F\x9a\xbe\x12\xdf\x17\xaeN\x1e'
11E8E149-EC8D-1146-9ABE-12DF17AE4E1E,2026-ncaa-d3-conf-NCAC,genius_ncaa,1,1,1,1,1,2,1,6,1,1,2,1,7,8,5,8,6,6,3,6,7,6,8,1,2,1,8,7,6,6,2,3,1,3,1,8,8,3,5,8,7,7,7,7,,,2,4,,1,4,7,5,1,2,1,6,1,2,7,8,6,6,6,6,8,6,3,3,8,3,7,7,,2,,1,4,6,7,8,4,5,4,6,6,7,5,7,1,2,1,2,3,7,3,6,4,5,5,6,1,2,1,1,2,1,1,5,4,7,7,7,4,5,1,1,,,8,8,,4,4,5,1,5,3,6,7,8,5,4,6,7,1,2,2,7,3,2,1,1,5,7,4,1,,8,,4,b'\x11\xe8\xe1I\xec\x8d\x11F\x9a\xbe\x12\xdf\x17\xaeN\x1e'
11E8E149-EC8D-1146-9ABE-12DF17AE4E1E,2026-ncaa-d3-natl,genius_ncaa,98,21,327,49,337,301,255,357,30,174,262,41,371,385,234,384,314,292,325,278,244,350,369,76,94,80,406,388,275,355,246,321,82,347,124,324,362,33,90,136,352,287,261,190,,,96,261,,271,154,363,207,113,120,67,206,17,64,349,380,204,170,147,188,289,304,126,216,227,73,291,206,,233,,364,143,69,76,66,201,68,65,216,142,126,210,327,66,63,241,63,158,60,52,225,205,214,254,313,133,50,82,56,246,52,124,65,104,325,193,176,63,133,24,17,,,304,97,,98,154,61,102,173,120,185,199,196,157,140,272,298,117,105,115,178,157,99,119,98,150,211,120,39,,144,,43,b'\x11\xe8\xe1I\xec\x8d\x11F\x9a\xbe\x12\xdf\x17\xaeN\x1e'
11E8E149-EC91-BA02-9ABE-12DF17AE4E1E,2018-ncaa-d3-conf-Skyline,ncaa,2,2,1,2,3,1,1,1,1,1,1,1,8,7,7,8,2,1,9,1,4,1,1,1,2,5,10,9,7,1,1,1,1,1,1,1,1,9,7,4,2,2,1,1,,,10,10,,,1,1,2,6,1,1,1,1,1,8,7,3,1,1,1,1,1,1,1,1,8,2,1,,10,,,1,2,2,3,2,2,2,2,3,8,1,9,10,10,7,10,10,6,8,2,2,2,9,6,10,1,1,1,1,1,1,2,4,2,2,1,6,6,7,3,,,1,5,,,1,10,2,1,2,2,2,2,2,2,2,6,10,10,10,4,4,1,1,1,2,2,6,7,,1,,,b'\x11\xe8\xe1I\xec\x91\xba\x02\x9a\xbe\x12\xdf\x17\xaeN\x1e'
11E8E149-EC91-BA02-9ABE-12DF17AE4E1E,2018-ncaa-d3-natl,ncaa,31,19,68,27,107,20,6,8,43,1,1,60,335,335,306,423,181,31,436,30,347,8,4,102,195,225,441,424,415,1,1,2,11,1,1,13,184,435,285,176,38,55,9,4,,,426,383,,,5,18,26,303,11,3,6,1,1,372,372,235,40,40,7,3,1,2,1,11,415,45,8,,415,,,3,71,25,303,3,23,234,3,123,341,5,280,409,426,97,426,423,355,403,2,2,3,424,218,441,141,11,56,1,70,1,49,200,32,51,7,384,163,404,127,,,68,413,,,5,423,54,2,6,31,9,168,10,129,88,286,391,406,408,229,361,88,11,26,26,34,335,378,,104,,,b'\x11\xe8\xe1I\xec\x91\xba\x02\x9a\xbe\x12\xdf\x17\xaeN\x1e'
11E8E149-EC91-BA02-9ABE-12DF17AE4E1E,2019-ncaa-d3-conf-Skyline,ncaa,3,3,5,3,6,1,1,2,1,1,1,3,8,9,3,9,1,1,5,1,5,1,1,2,3,3,10,9,6,1,1,1,2,1,1,1,1,9,7,4,2,3,2,2,,,8,7,,,2,4,4,7,1,1,1,1,1,8,9,1,1,1,1,1,1,1,1,1,9,3,2,,7,,,2,3,3,3,3,2,3,2,4,7,2,7,7,8,5,8,9,3,5,3,3,3,9,7,9,2,2,1,1,1,1,2,4,3,3,2,9,6,4,2,,,1,6,,,2,8,2,3,2,3,3,4,3,4,4,6,8,7,7,5,4,3,1,2,3,2,8,5,,1,,,b'\x11\xe8\xe1I\xec\x91\xba\x02\x9a\xbe\x12\xdf\x17\xaeN\x1e'
11E8E149-EC91-BA02-9ABE-12DF17AE4E1E,2019-ncaa-d3-natl,ncaa,62,46,129,59,191,31,14,19,40,4,2,77,368,406,179,440,85,19,392,21,322,17,13,98,137,135,442,437,310,1,1,9,30,1,1,10,53,385,183,60,70,87,28,31,,,214,97,,,9,63,33,285,6,6,7,1,1,386,414,83,15,13,6,3,1,1,1,2,358,56,26,,187,,,5,69,64,363,3,42,306,3,261,354,82,298,135,210,23,212,166,356,375,4,2,3,377,385,239,251,30,38,1,80,1,40,86,78,118,22,301,117,158,19,,,107,378,,,9,382,23,4,9,44,42,340,33,280,235,330,120,183,187,323,378,226,16,52,34,75,280,146,,114,,,b'\x11\xe8\xe1I\xec\x91\xba\x02\x9a\xbe\x12\xdf\x17\xaeN\x1e'
11E8E149-EC91-BA02-9ABE-12DF17AE4E1E,2020-ncaa-d3-conf-Skyline,ncaa,6,6,3,6,4,6,6,4,8,3,2,7,11,11,10,10,3,2,8,2,6,3,4,9,8,8,11,11,2,2,1,5,4,3,2,7,9,8,6,8,7,6,3,4,,,5,5,,,6,7,9,5,9,8,5,3,3,11,10,3,1,1,3,2,1,5,2,7,7,7,3,,3,,,6,5,5,5,6,3,3,6,5,5,6,9,5,6,1,6,8,5,1,6,6,6,7,9,5,3,4,2,1,2,2,7,7,7,6,6,7,6,6,4,,,3,7,,,6,5,7,6,6,5,5,5,4,4,6,6,3,5,5,5,2,3,2,3,6,7,7,7,,3,,,b'\x11\xe8\xe1I\xec\x91\xba\x02\x9a\xbe\x12\xdf\x17\xaeN\x1e'
11E8E149-EC91-BA02-9ABE-12DF17AE4E1E,2020-ncaa-d3-natl,ncaa,263,306,126,289,173,246,201,71,336,72,12,345,415,396,428,426,221,111,407,103,344,68,36,382,390,384,434,434,206,4,1,95,243,10,18,208,243,399,315,324,199,238,84,99,,,74,39,,,238,157,187,303,293,239,50,60,8,427,411,242,109,105,44,24,3,89,6,224,374,224,90,,40,,,238,176,220,335,101,184,251,125,289,362,108,317,81,149,19,143,128,298,314,109,71,82,225,317,87,327,243,183,1,262,18,292,305,172,216,241,360,271,259,98,,,220,389,,,238,287,308,116,240,145,194,286,160,218,268,334,64,132,123,245,262,302,140,220,246,181,342,244,,254,,,b'\x11\xe8\xe1I\xec\x91\xba\x02\x9a\xbe\x12\xdf\x17\xaeN\x1e'
11E8E149-EC91-BA02-9ABE-12DF17AE4E1E,2022-ncaa-d3-conf-Skyline,ncaa,7,7,7,7,8,9,9,10,8,8,9,8,4,5,6,5,9,8,10,8,7,10,10,7,9,8,5,5,8,7,6,9,6,8,6,10,10,9,8,10,9,9,8,8,,,2,1,,,8,9,9,3,9,9,9,8,9,4,5,9,8,8,9,8,7,8,8,10,9,9,7,,1,,,8,5,8,7,8,7,3,9,11,11,6,10,1,1,7,1,1,5,3,9,7,8,4,9,1,5,6,4,6,5,6,9,9,8,9,9,8,9,5,7,,,9,7,,,8,3,8,8,8,5,8,8,8,6,11,11,1,1,1,5,5,5,6,6,8,8,8,6,,9,,,b'\x11\xe8\xe1I\xec\x91\xba\x02\x9a\xbe\x12\xdf\x17\xaeN\x1e'
11E8E149-EC91-BA02-9ABE-12DF17AE4E1E,2022-ncaa-d3-natl,ncaa,275,234,345,271,356,339,293,281,313,273,245,315,274,265,281,221,396,373,402,375,392,310,310,311,344,342,301,198,400,163,136,280,327,232,239,365,403,208,293,354,320,313,262,280,,,15,2,,,305,332,131,134,288,207,75,198,97,227,187,396,356,356,111,78,52,90,51,346,321,276,237,,3,,,311,130,256,226,248,250,187,284,239,264,170,323,12,14,96,14,5,136,106,247,169,238,51,303,7,300,327,164,136,214,239,319,321,335,320,370,255,310,114,131,,,391,412,,,305,93,315,279,312,300,370,399,361,370,340,379,8,4,4,363,345,370,347,361,367,261,329,180,,392,,,b'\x11\xe8\xe1I\xec\x91\xba\x02\x9a\xbe\x12\xdf\x17\xaeN\x1e'
11E8E149-EC91-BA02-9ABE-12DF17AE4E1E,2023-ncaa-d3-conf-Skyline,ncaa,10,10,7,10,8,10,10,10,9,10,10,9,9,8,9,8,10,8,10,8,2,10,10,9,9,10,6,7,1,10,9,9,8,9,9,10,10,10,10,10,10,10,8,9,,,1,1,,,10,10,7,7,10,10,10,10,10,8,8,10,7,7,10,10,9,7,9,10,10,10,8,,2,,,10,10,10,9,10,10,9,10,9,6,9,6,2,2,9,2,1,8,4,10,10,10,4,7,1,8,8,6,9,7,9,10,9,10,9,10,10,10,7,9,,,9,4,,,10,2,10,10,10,10,10,10,10,9,9,7,2,2,2,9,6,8,7,8,10,9,10,9,,7,,,b'\x11\xe8\xe1I\xec\x91\xba\x02\x9a\xbe\x12\xdf\x17\xaeN\x1e'
11E8E149-EC91-BA02-9ABE-12DF17AE4E1E,2023-ncaa-d3-natl,ncaa,396,398,333,407,361,409,409,380,419,401,305,420,387,374,388,338,387,287,426,284,200,376,288,417,419,418,240,283,112,257,296,214,345,233,336,411,342,419,419,420,354,381,345,385,,,61,41,,,416,294,87,269,417,417,369,412,233,385,364,391,222,209,356,109,195,50,97,418,421,334,334,,106,,,413,265,347,338,267,344,368,214,267,223,321,168,52,68,39,72,34,302,215,255,184,277,77,249,31,372,345,305,296,359,336,397,406,349,379,405,418,418,319,356,,,344,352,,,416,156,417,322,413,358,389,410,384,408,334,304,65,105,117,403,375,389,393,401,407,294,419,365,,305,,,b'\x11\xe8\xe1I\xec\x91\xba\x02\x9a\xbe\x12\xdf\x17\xaeN\x1e'
11E8E149-EC91-BA02-9ABE-12DF17AE4E1E,2024-ncaa-d3-conf-Skyline,ncaa,10,10,7,10,8,11,11,9,11,11,9,11,10,8,11,8,8,3,11,3,1,9,9,11,11,11,7,9,1,7,8,9,9,8,8,11,11,9,10,11,10,10,2,4,,,1,1,,,11,7,5,3,11,11,9,11,7,10,8,8,1,1,9,6,7,9,8,11,9,10,1,,1,,,11,9,10,10,10,11,10,10,5,4,6,4,3,3,10,2,1,8,4,9,9,10,1,2,2,7,9,9,8,10,8,11,10,9,9,10,11,10,6,8,,,6,4,,,11,5,11,9,11,9,10,10,11,10,8,7,3,3,3,8,8,7,10,10,11,9,11,7,,2,,,b'\x11\xe8\xe1I\xec\x91\xba\x02\x9a\xbe\x12\xdf\x17\xaeN\x1e'
11E8E149-EC91-BA02-9ABE-12DF17AE4E1E,2024-ncaa-d3-natl,ncaa,385,394,296,389,328,408,406,275,425,388,209,424,401,307,424,314,361,144,425,145,130,260,157,425,425,423,290,343,71,80,215,223,387,150,355,410,352,390,380,415,325,361,121,204,,,56,23,,,412,211,72,244,415,417,194,400,139,401,294,369,78,78,162,41,40,139,53,414,397,320,99,,70,,,407,306,373,375,284,400,402,298,86,143,53,71,63,60,193,58,15,336,299,214,164,241,11,36,33,399,387,409,215,412,355,388,336,268,326,373,391,374,188,200,,,207,263,,,412,220,418,316,404,355,387,399,406,413,118,195,78,74,74,394,389,406,419,417,387,232,391,229,,128,,,b'\x11\xe8\xe1I\xec\x91\xba\x02\x9a\xbe\x12\xdf\x17\xaeN\x1e'
11E8E149-EC91-BA02-9ABE-12DF17AE4E1E,2025-ncaa-d3-conf-Skyline,genius_ncaa,11,11,7,11,7,11,11,10,11,9,6,11,11,11,11,11,11,10,11,10,11,10,11,11,11,11,11,11,2,11,11,11,11,11,11,11,11,9,9,11,11,11,10,10,,,1,1,,11,11,7,4,4,11,11,10,9,6,11,11,11,10,10,10,11,11,11,11,11,9,11,9,,1,,11,11,11,11,11,11,11,11,11,11,11,10,10,1,1,9,1,1,11,11,11,11,11,1,10,1,11,11,11,11,11,11,11,11,11,11,11,9,9,3,4,,,10,9,,10,11,4,11,11,11,11,11,11,11,11,11,11,1,1,1,11,11,11,11,11,11,11,9,4,,10,,10,b'\x11\xe8\xe1I\xec\x91\xba\x02\x9a\xbe\x12\xdf\x17\xaeN\x1e'
11E8E149-EC91-BA02-9ABE-12DF17AE4E1E,2025-ncaa-d3-natl,genius_ncaa,412,418,192,412,218,409,408,340,418,392,204,418,412,387,418,375,402,388,388,388,407,353,272,418,418,417,401,406,98,404,419,226,419,351,419,416,418,407,403,418,375,412,320,386,,,5,1,,336,419,172,122,127,418,418,394,410,185,416,393,412,403,403,406,272,417,216,390,419,389,395,324,,1,,341,417,413,419,419,346,418,417,376,399,416,126,354,5,4,148,4,1,418,389,326,236,371,11,279,1,419,419,413,419,418,419,419,409,392,418,419,404,402,72,83,,,360,369,,385,419,246,418,417,418,406,418,419,415,415,393,418,1,1,1,417,408,419,415,419,419,409,396,80,,391,,389,b'\x11\xe8\xe1I\xec\x91\xba\x02\x9a\xbe\x12\xdf\x17\xaeN\x1e'
11E8E149-EC91-BA02-9ABE-12DF17AE4E1E,2026-ncaa-d3-conf-Skyline,genius_ncaa,10,11,4,10,4,11,11,10,11,10,10,11,11,11,11,10,9,8,7,8,7,10,8,11,11,11,7,10,1,9,11,5,9,7,9,11,9,10,11,11,11,11,5,5,,,2,1,,4,11,8,10,2,11,11,11,11,10,11,11,8,7,7,11,10,10,3,8,11,10,11,6,,1,,4,10,9,9,9,8,7,6,9,11,11,8,11,2,2,4,2,2,9,4,9,8,10,9,11,1,8,9,7,11,7,9,11,10,11,11,11,11,10,2,3,,,9,7,,7,11,4,11,10,11,9,10,11,8,5,11,11,2,2,2,10,4,9,8,9,10,11,10,2,,9,,8,b'\x11\xe8\xe1I\xec\x91\xba\x02\x9a\xbe\x12\xdf\x17\xaeN\x1e'
11E8E149-EC91-BA02-9ABE-12DF17AE4E1E,2026-ncaa-d3-natl,genius_ncaa,345,268,327,351,337,401,402,383,406,392,328,412,408,404,388,406,373,370,308,371,357,382,365,408,408,410,360,397,42,332,267,261,305,298,257,397,200,311,410,403,369,352,261,241,,,12,2,,130,384,363,226,113,411,412,404,398,163,411,413,363,335,340,405,246,234,27,85,393,404,332,206,,3,,204,393,90,143,170,127,124,136,137,237,256,177,372,10,10,39,9,2,121,83,148,67,183,139,377,1,255,305,110,267,150,257,248,369,387,391,395,327,403,55,86,,,361,285,,262,384,56,411,261,395,253,334,397,278,340,373,397,2,2,2,372,307,378,290,354,370,375,396,96,,298,,217,b'\x11\xe8\xe1I\xec\x91\xba\x02\x9a\xbe\x12\xdf\x17\xaeN\x1e'
11E8E149-EC96-2C90-9ABE-12DF17AE4E1E,2018-ncaa-d3-conf-Michigan Intercol. Ath. Assn.,ncaa,7,7,5,7,7,5,9,7,7,9,9,6,4,1,6,1,5,5,8,6,1,7,5,7,7,7,1,1,3,8,8,9,9,9,9,9,9,7,7,9,6,7,3,6,,,9,8,,,9,5,2,6,5,9,6,9,9,3,1,5,4,5,6,4,7,9,9,9,7,6,3,,9,,,9,9,9,9,7,8,9,5,6,2,7,2,8,8,4,8,6,9,9,8,8,7,4,3,6,9,9,7,8,9,9,9,8,6,6,6,8,8,3,4,,,5,3,,,9,5,7,7,9,9,9,9,8,9,6,3,8,8,8,9,9,9,7,9,9,6,8,3,,3,,,"b'\x11\xe8\xe1I\xec\x96,\x90\x9a\xbe\x12\xdf\x17\xaeN\x1e'"
11E8E149-EC96-2C90-9ABE-12DF17AE4E1E,2018-ncaa-d3-natl,ncaa,364,279,425,353,427,403,411,416,367,418,435,241,230,102,389,10,384,382,324,384,36,418,421,338,336,359,40,48,204,400,335,429,435,426,422,419,426,173,384,412,304,230,199,149,,,182,359,,,374,419,69,257,312,345,199,389,426,100,11,272,214,221,203,97,257,387,363,408,391,149,102,,427,,,385,94,86,36,332,113,75,256,132,46,415,103,202,235,125,236,344,43,45,331,337,305,245,200,303,347,435,67,335,152,422,201,367,283,166,267,191,340,87,383,,,417,295,,,374,25,367,366,384,404,373,366,365,377,324,202,401,418,421,398,417,430,364,416,394,86,362,226,,219,,,"b'\x11\xe8\xe1I\xec\x96,\x90\x9a\xbe\x12\xdf\x17\xaeN\x1e'"
11E8E149-EC96-2C90-9ABE-12DF17AE4E1E,2019-ncaa-d3-conf-Michigan Intercol. Ath. Assn.,ncaa,8,8,7,8,9,8,8,9,8,8,9,8,7,3,9,1,7,5,9,5,2,9,9,8,8,8,4,3,4,9,8,9,9,9,8,9,9,6,6,9,5,5,6,6,,,9,9,,,8,9,5,7,8,8,8,8,9,7,2,6,5,5,7,7,9,9,9,9,6,3,6,,9,,,8,5,4,1,5,5,3,5,3,1,6,1,9,9,9,9,9,4,4,5,6,6,8,1,9,9,9,8,8,8,8,3,4,5,5,3,5,7,5,7,,,6,4,,,8,2,8,8,8,8,6,5,5,5,4,4,9,9,9,6,8,9,8,8,4,4,7,7,,5,,,"b'\x11\xe8\xe1I\xec\x96,\x90\x9a\xbe\x12\xdf\x17\xaeN\x1e'"
11E8E149-EC96-2C90-9ABE-12DF17AE4E1E,2019-ncaa-d3-natl,ncaa,375,274,422,365,427,422,424,423,402,425,430,340,333,231,412,41,405,380,416,383,78,420,418,389,394,401,84,94,215,406,365,428,431,428,422,437,442,105,361,434,264,148,280,157,,,219,437,,,388,421,165,327,397,402,318,409,401,217,57,343,243,244,314,221,291,416,398,438,353,118,161,,441,,,401,48,16,14,259,22,17,256,89,54,287,230,333,300,347,295,437,20,30,278,348,281,390,205,432,235,431,66,365,114,422,28,181,303,124,113,170,370,103,367,,,405,209,,,388,22,404,354,399,338,223,182,199,158,286,260,440,438,437,290,352,412,380,401,205,87,361,273,,217,,,"b'\x11\xe8\xe1I\xec\x96,\x90\x9a\xbe\x12\xdf\x17\xaeN\x1e'"
11E8E149-EC96-2C90-9ABE-12DF17AE4E1E,2020-ncaa-d3-conf-Michigan Intercol. Ath. Assn.,ncaa,9,9,7,9,8,8,8,9,8,9,9,8,4,4,5,1,8,7,5,7,3,9,9,6,7,6,1,1,5,9,9,9,9,9,9,9,9,3,6,6,8,8,5,6,,,2,3,,,8,9,5,2,8,8,9,9,9,2,1,7,7,7,9,8,9,9,9,9,5,7,4,,5,,,8,9,9,6,9,9,8,9,4,3,8,1,9,9,8,9,5,7,5,9,9,9,2,2,6,8,9,9,9,9,9,7,5,8,8,8,4,7,1,6,,,8,6,,,8,2,7,9,8,9,9,8,9,9,5,4,9,9,9,8,9,8,9,9,8,8,5,2,,7,,,"b'\x11\xe8\xe1I\xec\x96,\x90\x9a\xbe\x12\xdf\x17\xaeN\x1e'"
11E8E149-EC96-2C90-9ABE-12DF17AE4E1E,2020-ncaa-d3-natl,ncaa,379,391,327,387,345,372,377,358,387,405,403,392,126,90,220,21,366,388,214,386,222,371,394,342,344,327,20,18,267,419,428,359,394,400,422,406,419,69,192,360,393,390,128,155,,,96,118,,,396,374,308,163,378,384,327,420,412,90,55,370,384,381,356,397,423,346,412,421,112,388,98,,131,,,391,339,329,216,358,362,306,320,173,107,344,76,336,307,359,306,238,233,109,332,358,409,124,103,274,348,394,364,428,366,422,260,166,409,410,394,136,246,118,282,,,394,322,,,396,68,356,415,394,381,357,326,388,384,229,150,373,346,347,350,241,369,401,391,306,406,173,146,,395,,,"b'\x11\xe8\xe1I\xec\x96,\x90\x9a\xbe\x12\xdf\x17\xaeN\x1e'"
11E8E149-EC96-2C90-9ABE-12DF17AE4E1E,2021-ncaa-d3-conf-Michigan Intercol. Ath. Assn.,ncaa,7,6,8,7,8,7,7,6,7,7,7,8,6,7,7,3,8,8,8,8,8,7,8,7,7,7,2,1,8,7,7,7,7,7,7,8,8,1,4,7,8,8,7,5,,,3,7,,,7,8,4,5,7,7,3,7,5,6,3,8,8,8,4,4,5,7,7,7,5,8,5,,6,,,7,5,5,1,7,5,1,7,5,2,8,3,6,6,6,6,7,1,1,7,7,7,6,5,6,5,7,5,7,6,7,6,5,7,6,7,2,5,1,1,,,7,7,,,7,1,7,7,7,7,7,7,7,6,6,6,8,8,8,7,7,7,8,8,7,6,5,1,,7,,,"b'\x11\xe8\xe1I\xec\x96,\x90\x9a\xbe\x12\xdf\x17\xaeN\x1e'"
11E8E149-EC96-2C90-9ABE-12DF17AE4E1E,2021-ncaa-d3-natl,ncaa,215,250,112,242,130,176,177,112,273,191,130,276,121,85,231,62,182,181,210,182,250,125,132,271,273,264,65,47,196,155,262,148,262,153,272,197,265,130,114,249,173,252,89,102,,,180,164,,,281,129,133,110,264,263,95,270,161,147,71,257,254,252,141,172,209,213,229,273,94,246,77,,193,,,276,220,213,179,238,204,176,218,234,187,260,164,235,227,209,227,238,189,168,253,260,274,226,210,194,232,262,231,262,233,272,231,221,170,262,270,164,177,139,141,,,144,200,,,281,157,267,277,274,272,256,227,219,193,260,225,269,263,260,250,208,253,278,274,258,252,159,136,,206,,,"b'\x11\xe8\xe1I\xec\x96,\x90\x9a\xbe\x12\xdf\x17\xaeN\x1e'"
11E8E149-EC96-2C90-9ABE-12DF17AE4E1E,2022-ncaa-d3-conf-Michigan Intercol. Ath. Assn.,ncaa,9,9,9,9,9,9,9,9,7,8,9,7,9,8,9,7,9,9,5,9,3,9,9,7,7,8,5,7,1,9,9,9,9,9,9,9,5,8,9,8,8,8,4,5,,,1,2,,,8,9,3,3,8,8,9,8,9,9,8,8,9,9,9,9,9,8,9,8,8,7,3,,2,,,8,7,7,9,6,7,6,6,8,9,6,7,2,2,9,2,2,8,3,6,6,7,3,6,2,9,9,5,9,9,9,7,5,9,8,8,8,9,1,8,,,8,2,,,8,1,9,8,8,8,8,9,7,9,9,9,6,6,6,9,9,9,8,9,7,8,9,4,,5,,,"b'\x11\xe8\xe1I\xec\x96,\x90\x9a\xbe\x12\xdf\x17\xaeN\x1e'"
11E8E149-EC96-2C90-9ABE-12DF17AE4E1E,2022-ncaa-d3-natl,ncaa,423,410,345,423,362,402,406,406,382,403,397,384,369,359,356,211,364,356,325,356,149,404,394,385,376,397,178,230,77,420,426,378,425,404,426,407,364,315,410,411,342,350,173,165,,,35,23,,,419,366,249,245,414,418,424,406,396,349,324,345,322,323,423,404,426,377,424,415,386,306,99,,42,,,418,342,372,275,372,325,199,363,397,332,396,338,78,62,270,63,54,231,125,389,376,414,202,366,27,414,425,179,426,336,426,362,228,404,420,420,399,419,167,356,,,335,87,,,419,65,409,428,420,415,414,412,390,383,420,412,156,145,143,408,370,425,356,408,393,410,415,255,,219,,,"b'\x11\xe8\xe1I\xec\x96,\x90\x9a\xbe\x12\xdf\x17\xaeN\x1e'"
11E8E149-EC96-2C90-9ABE-12DF17AE4E1E,2023-ncaa-d3-conf-Michigan Intercol. Ath. Assn.,ncaa,8,8,7,8,8,8,8,8,8,8,8,8,8,6,8,5,9,9,9,9,7,8,8,8,8,8,6,5,7,8,8,7,7,9,7,8,2,8,8,8,6,6,3,3,,,6,9,,,8,8,4,2,8,8,7,8,7,7,5,9,9,9,8,5,7,6,6,8,8,6,3,,9,,,8,6,6,4,6,5,3,7,8,8,5,7,6,6,4,6,7,4,1,6,6,7,6,6,4,5,7,7,8,6,7,7,7,7,7,7,7,7,4,5,,,9,9,,,8,2,8,7,8,7,7,7,6,5,8,8,8,7,8,7,7,7,7,7,7,7,7,5,,9,,,"b'\x11\xe8\xe1I\xec\x96,\x90\x9a\xbe\x12\xdf\x17\xaeN\x1e'"
11E8E149-EC96-2C90-9ABE-12DF17AE4E1E,2023-ncaa-d3-natl,ncaa,357,372,271,366,298,366,348,319,360,312,269,358,350,304,374,260,387,335,414,336,318,333,304,370,387,386,325,270,335,320,353,222,197,282,317,291,111,318,362,330,274,268,149,123,,,257,314,,,381,290,201,164,390,363,305,319,236,354,292,401,337,336,331,242,309,129,222,279,336,253,129,,323,,,376,263,253,193,272,197,119,299,334,320,261,344,263,261,214,263,317,199,145,297,301,349,316,319,219,201,197,328,353,289,317,281,265,343,351,354,311,339,159,192,,,315,294,,,381,140,390,333,375,324,306,286,250,162,352,357,308,303,307,305,235,238,370,333,299,334,331,181,,309,,,"b'\x11\xe8\xe1I\xec\x96,\x90\x9a\xbe\x12\xdf\x17\xaeN\x1e'"
11E8E149-EC96-2C90-9ABE-12DF17AE4E1E,2024-ncaa-d3-conf-Michigan Intercol. Ath. Assn.,ncaa,6,6,4,6,5,7,7,7,8,7,6,7,5,5,8,6,9,9,8,9,8,7,4,9,9,9,6,5,9,8,9,1,6,5,6,6,1,9,8,7,5,6,2,3,,,9,7,,,7,3,1,4,9,8,6,7,6,6,5,9,9,9,7,3,9,1,4,7,8,5,2,,9,,,7,7,5,7,5,5,6,2,8,6,6,6,9,9,1,9,9,9,8,5,5,5,9,6,8,7,6,9,9,8,6,4,2,5,6,5,9,8,1,2,,,9,9,,,7,8,9,5,7,6,5,7,5,5,6,8,9,9,9,7,8,7,8,8,5,5,8,1,,9,,,"b'\x11\xe8\xe1I\xec\x96,\x90\x9a\xbe\x12\xdf\x17\xaeN\x1e'"
11E8E149-EC96-2C90-9ABE-12DF17AE4E1E,2024-ncaa-d3-natl,ncaa,271,329,112,302,117,292,275,207,339,292,243,319,216,141,332,133,342,309,383,305,301,231,166,337,360,361,199,159,316,341,408,43,78,145,281,236,135,356,334,314,268,313,53,50,,,341,308,,,361,110,144,24,356,330,256,325,295,236,167,378,350,350,302,224,376,17,153,267,327,298,52,,336,,,356,349,250,323,110,163,218,101,391,385,298,322,403,409,195,408,403,365,313,156,201,285,406,359,374,211,78,408,408,371,281,219,193,290,356,290,376,362,188,226,,,327,376,,,361,328,373,260,352,312,201,305,133,186,376,372,399,406,404,350,279,175,393,336,197,334,360,175,,382,,,"b'\x11\xe8\xe1I\xec\x96,\x90\x9a\xbe\x12\xdf\x17\xaeN\x1e'"
11E8E149-EC96-2C90-9ABE-12DF17AE4E1E,2025-ncaa-d3-conf-Michigan Intercol. Ath. Assn.,genius_ncaa,9,9,7,9,7,9,8,8,9,8,8,7,9,6,9,2,8,9,4,8,5,8,8,9,9,9,5,6,3,9,9,2,8,7,8,4,1,8,9,6,7,8,3,3,,,2,2,,1,8,5,1,2,9,8,5,8,7,7,4,7,7,5,5,4,9,1,4,3,9,7,3,,2,,1,8,5,6,9,3,5,8,3,6,9,1,7,4,4,1,4,3,9,8,2,2,4,3,7,3,9,8,8,9,9,8,2,1,8,9,5,9,8,2,3,,,8,7,,8,8,5,9,4,8,7,8,9,7,9,7,9,4,5,5,9,9,9,9,9,4,7,9,2,,5,,8,"b'\x11\xe8\xe1I\xec\x96,\x90\x9a\xbe\x12\xdf\x17\xaeN\x1e'"
11E8E149-EC96-2C90-9ABE-12DF17AE4E1E,2025-ncaa-d3-natl,genius_ncaa,343,374,192,353,193,295,309,302,289,283,270,272,291,252,339,222,185,166,256,153,90,282,220,304,292,321,195,259,80,389,410,54,209,196,335,225,62,343,351,302,357,390,120,138,,,110,55,,53,358,132,97,6,321,333,335,297,290,306,250,153,136,125,304,198,407,14,165,221,337,368,109,,114,,51,352,376,367,394,164,317,305,231,377,406,129,362,270,264,234,263,211,392,327,189,177,313,280,318,160,342,209,374,410,375,335,204,51,367,403,332,375,369,63,108,,,162,129,,295,358,299,353,327,351,365,352,394,312,334,368,402,301,290,289,395,351,341,375,366,216,386,362,70,,135,,307,"b'\x11\xe8\xe1I\xec\x96,\x90\x9a\xbe\x12\xdf\x17\xaeN\x1e'"
11E8E149-EC96-2C90-9ABE-12DF17AE4E1E,2026-ncaa-d3-conf-Michigan Intercol. Ath. Assn.,genius_ncaa,7,7,3,7,4,6,6,5,8,4,4,7,7,7,9,7,3,3,6,3,5,5,3,8,8,8,7,9,3,5,8,6,7,6,8,4,2,8,8,8,5,5,3,6,,,5,2,,2,8,3,1,2,8,7,4,6,4,9,7,5,3,3,5,2,6,6,7,3,9,4,4,,3,,3,9,8,8,7,9,8,8,8,7,5,9,5,6,6,8,6,5,7,7,9,9,9,5,6,3,7,7,7,8,8,8,9,7,3,5,9,8,9,2,3,,,3,6,,4,8,7,8,8,9,9,9,9,8,8,9,6,6,5,5,9,9,7,9,9,9,3,9,3,,4,,4,"b'\x11\xe8\xe1I\xec\x96,\x90\x9a\xbe\x12\xdf\x17\xaeN\x1e'"
11E8E149-EC96-2C90-9ABE-12DF17AE4E1E,2026-ncaa-d3-natl,genius_ncaa,345,268,327,351,337,363,352,368,231,291,314,194,395,380,395,359,314,302,301,295,198,366,348,285,289,320,397,399,148,385,386,294,327,350,342,316,116,197,348,301,388,398,323,326,,,70,84,,9,359,330,70,113,314,272,305,136,131,395,370,204,178,168,286,171,367,82,228,211,348,380,269,,166,,14,371,188,192,149,291,191,174,223,209,123,354,136,165,168,154,155,190,146,108,299,277,352,203,241,172,250,327,125,386,159,342,198,214,371,380,373,297,387,78,102,,,323,217,,381,359,83,346,378,373,384,377,383,363,386,348,295,310,337,329,388,361,375,326,359,343,335,391,116,,188,,381,"b'\x11\xe8\xe1I\xec\x96,\x90\x9a\xbe\x12\xdf\x17\xaeN\x1e'"
11E8E149-EC9A-D4A2-9ABE-12DF17AE4E1E,2018-ncaa-d3-conf-SUNYAC,ncaa,9,9,7,9,7,9,9,9,9,8,8,9,9,8,10,5,8,8,9,7,7,9,9,10,9,9,5,7,4,5,4,6,7,7,6,9,2,10,9,9,7,7,4,3,,,1,1,,,9,10,9,2,9,9,8,8,8,8,7,7,7,7,9,7,3,5,2,9,10,7,3,,1,,,9,2,4,5,6,7,4,8,2,6,2,7,2,2,5,3,3,2,1,5,4,5,2,4,3,5,7,4,4,4,6,7,7,9,8,9,10,10,2,6,,,10,9,,,9,1,9,5,9,5,8,9,9,7,5,8,3,3,3,7,5,8,6,8,9,8,10,2,,9,,,b'\x11\xe8\xe1I\xec\x9a\xd4\xa2\x9a\xbe\x12\xdf\x17\xaeN\x1e'
11E8E149-EC9A-D4A2-9ABE-12DF17AE4E1E,2018-ncaa-d3-natl,ncaa,320,349,197,335,212,389,389,326,410,392,331,402,284,192,381,116,358,337,361,334,271,334,291,406,410,409,134,134,203,120,129,137,196,124,161,339,96,333,378,371,320,301,102,77,,,32,25,,,343,349,404,63,413,418,355,411,359,286,175,377,360,363,374,303,97,70,63,360,346,330,95,,15,,,339,93,114,259,47,73,116,80,342,407,106,426,41,47,132,49,68,193,121,75,46,149,340,417,58,279,196,227,129,242,161,277,396,398,398,393,373,391,64,110,,,387,409,,,343,90,393,186,344,99,132,297,84,128,345,417,31,38,43,220,92,286,252,267,282,424,370,60,,418,,,b'\x11\xe8\xe1I\xec\x9a\xd4\xa2\x9a\xbe\x12\xdf\x17\xaeN\x1e'
11E8E149-EC9A-D4A2-9ABE-12DF17AE4E1E,2019-ncaa-d3-conf-SUNYAC,ncaa,10,10,7,10,7,10,10,9,10,9,9,9,8,5,10,5,7,7,7,7,4,9,6,10,10,10,4,5,3,2,2,3,3,2,2,10,8,10,10,10,10,10,3,3,,,3,3,,,10,7,3,1,10,10,7,9,9,6,5,7,5,5,7,2,1,1,1,10,10,10,2,,3,,,10,6,9,7,7,5,8,5,6,5,10,6,4,3,4,3,3,6,2,7,5,9,6,7,3,2,3,3,2,3,2,9,9,10,10,10,10,10,8,9,,,8,7,,,10,3,10,8,10,8,9,10,9,10,8,6,4,4,4,8,7,4,7,7,9,10,10,9,,5,,,b'\x11\xe8\xe1I\xec\x9a\xd4\xa2\x9a\xbe\x12\xdf\x17\xaeN\x1e'
11E8E149-EC9A-D4A2-9ABE-12DF17AE4E1E,2019-ncaa-d3-natl,ncaa,413,434,215,421,220,355,349,295,387,348,309,356,290,189,396,153,300,259,364,250,164,295,226,387,381,399,196,208,161,216,263,72,44,102,119,361,298,385,391,397,417,427,96,122,,,76,62,,,385,224,203,23,386,387,309,376,318,307,175,306,251,247,306,171,201,11,45,386,391,425,87,,71,,,379,256,302,340,171,285,350,129,288,247,332,177,141,143,202,140,83,328,180,183,157,308,193,269,106,116,44,297,263,228,119,325,296,411,428,423,416,412,369,390,,,286,308,,,385,217,395,263,379,285,311,382,289,378,301,254,150,148,147,364,219,129,329,256,318,426,411,377,,276,,,b'\x11\xe8\xe1I\xec\x9a\xd4\xa2\x9a\xbe\x12\xdf\x17\xaeN\x1e'
11E8E149-EC9A-D4A2-9ABE-12DF17AE4E1E,2020-ncaa-d3-conf-SUNYAC,ncaa,10,10,7,10,10,10,10,10,7,9,10,3,10,7,10,5,9,6,10,6,3,10,9,9,9,10,8,10,4,9,8,7,9,9,9,9,2,10,10,10,6,6,1,2,,,1,1,,,10,7,4,8,10,10,10,8,10,10,7,9,5,5,10,7,9,6,9,8,10,6,1,,2,,,10,7,8,10,6,8,8,6,5,8,5,6,2,2,5,2,1,6,6,6,5,6,2,6,1,10,9,3,8,6,9,8,7,8,8,9,10,10,6,9,,,8,8,,,10,3,10,8,10,8,9,10,9,9,7,9,2,2,2,8,9,10,3,9,8,7,10,8,,7,,,b'\x11\xe8\xe1I\xec\x9a\xd4\xa2\x9a\xbe\x12\xdf\x17\xaeN\x1e'
11E8E149-EC9A-D4A2-9ABE-12DF17AE4E1E,2020-ncaa-d3-natl,ncaa,344,345,327,353,357,353,333,358,284,298,349,181,355,257,419,176,353,305,382,309,220,360,322,317,333,366,330,313,254,303,269,177,258,232,237,235,40,367,393,317,269,259,37,36,,,26,28,,,326,312,183,303,354,336,327,275,329,351,222,344,274,278,336,203,253,63,142,186,390,242,24,,26,,,328,123,220,274,146,184,213,172,289,329,162,348,14,14,308,13,10,185,130,153,113,175,141,343,22,284,258,171,269,224,237,234,232,321,318,321,365,384,213,303,,,374,379,,,326,108,367,216,331,218,301,368,263,314,323,365,17,12,13,309,270,323,245,293,286,282,375,261,,378,,,b'\x11\xe8\xe1I\xec\x9a\xd4\xa2\x9a\xbe\x12\xdf\x17\xaeN\x1e'
11E8E149-EC9A-D4A2-9ABE-12DF17AE4E1E,2022-ncaa-d3-conf-SUNYAC,ncaa,10,10,7,10,8,9,9,5,10,10,10,10,3,3,7,1,10,10,10,10,7,8,8,9,10,9,1,1,10,6,7,7,7,7,9,8,5,6,7,8,10,10,8,8,,,3,7,,,9,7,3,3,9,9,4,10,10,3,1,10,10,10,6,5,5,5,3,8,8,10,8,,7,,,9,5,9,7,9,10,9,10,2,4,1,4,2,2,5,2,1,7,3,5,5,7,1,2,2,8,7,8,7,9,9,5,3,10,10,10,8,9,7,10,,,10,9,,,9,2,9,8,9,7,10,10,10,9,3,4,3,4,4,10,8,8,10,10,5,10,9,9,,9,,,b'\x11\xe8\xe1I\xec\x9a\xd4\xa2\x9a\xbe\x12\xdf\x17\xaeN\x1e'
11E8E149-EC9A-D4A2-9ABE-12DF17AE4E1E,2022-ncaa-d3-natl,ncaa,351,385,188,365,228,274,257,144,374,339,301,354,66,33,265,24,405,367,422,365,332,186,177,328,375,359,57,17,427,115,228,105,212,113,234,213,108,252,226,235,265,311,187,236,,,208,179,,,266,203,175,279,336,309,86,383,357,53,21,419,405,405,144,134,117,58,66,226,244,288,187,,195,,,262,181,264,321,124,323,349,191,78,243,4,177,67,85,59,85,32,300,231,81,51,121,15,61,57,318,212,364,228,358,234,145,70,294,354,247,293,267,354,403,,,358,410,,,266,207,343,144,265,160,244,355,315,356,58,231,44,65,63,322,249,308,371,351,138,330,288,366,,406,,,b'\x11\xe8\xe1I\xec\x9a\xd4\xa2\x9a\xbe\x12\xdf\x17\xaeN\x1e'
11E8E149-EC9A-D4A2-9ABE-12DF17AE4E1E,2023-ncaa-d3-conf-SUNYAC,ncaa,7,7,7,7,7,8,9,9,7,6,7,5,10,5,10,6,6,6,5,6,4,8,7,10,9,9,8,9,1,5,7,3,6,4,6,10,9,10,9,10,10,10,5,7,,,3,2,,,8,7,5,1,9,10,8,7,7,10,6,5,5,5,6,5,6,2,2,10,10,10,5,,4,,,8,5,8,9,4,5,8,4,9,8,8,8,5,3,9,3,2,9,6,6,5,6,8,9,2,6,6,7,7,7,6,6,6,9,10,10,10,10,5,4,,,5,5,,,8,4,9,7,8,7,9,10,7,10,10,10,4,4,4,10,8,8,7,8,6,10,10,4,,5,,,b'\x11\xe8\xe1I\xec\x9a\xd4\xa2\x9a\xbe\x12\xdf\x17\xaeN\x1e'
11E8E149-EC9A-D4A2-9ABE-12DF17AE4E1E,2023-ncaa-d3-natl,ncaa,188,171,271,186,273,285,270,224,328,249,219,280,268,181,368,184,286,289,288,289,276,237,221,334,339,329,271,235,229,114,128,73,168,84,112,274,220,272,280,290,387,396,166,189,,,92,89,,,258,268,203,21,286,266,121,231,173,264,151,277,268,268,145,106,73,11,10,255,301,393,151,,116,,,258,126,169,320,45,113,251,41,328,351,206,338,57,57,137,59,44,275,176,68,41,141,282,375,60,272,168,214,128,242,112,192,202,380,396,352,327,318,122,132,,,305,348,,,258,149,307,168,262,200,239,381,168,333,348,381,50,62,61,356,262,308,293,308,231,387,341,140,,296,,,b'\x11\xe8\xe1I\xec\x9a\xd4\xa2\x9a\xbe\x12\xdf\x17\xaeN\x1e'
11E8E149-EC9A-D4A2-9ABE-12DF17AE4E1E,2024-ncaa-d3-conf-SUNYAC,ncaa,4,5,2,5,2,5,5,2,8,6,4,9,5,3,7,3,9,8,7,8,9,2,1,8,8,8,6,1,10,3,5,1,2,1,4,4,4,10,6,5,3,4,3,4,,,10,8,,,4,1,2,4,5,6,4,7,4,4,3,10,9,9,4,2,4,2,2,5,7,4,4,,9,,,4,6,6,8,1,8,9,6,5,7,1,7,9,8,7,7,7,9,9,1,1,2,4,3,8,5,2,10,5,8,4,6,5,4,6,5,10,7,3,3,,,5,10,,,4,10,8,2,4,5,4,7,4,5,3,7,7,7,7,6,6,5,9,6,4,5,8,2,,9,,,b'\x11\xe8\xe1I\xec\x9a\xd4\xa2\x9a\xbe\x12\xdf\x17\xaeN\x1e'
11E8E149-EC9A-D4A2-9ABE-12DF17AE4E1E,2024-ncaa-d3-natl,ncaa,162,185,112,178,143,241,192,103,302,219,152,308,143,105,215,128,405,397,377,397,418,149,151,279,344,317,249,94,423,137,223,33,69,61,121,151,96,235,204,178,183,188,68,75,,,177,162,,,180,163,231,152,293,225,97,246,171,157,114,417,417,417,169,186,144,12,32,161,210,203,68,,155,,,181,93,109,297,19,145,263,58,110,314,6,276,142,170,73,169,143,279,239,19,17,41,179,183,208,211,69,360,223,316,121,118,166,283,322,202,224,191,137,102,,,396,424,,,180,253,300,44,186,63,86,267,112,214,89,290,109,149,152,242,188,175,329,278,97,329,192,116,,424,,,b'\x11\xe8\xe1I\xec\x9a\xd4\xa2\x9a\xbe\x12\xdf\x17\xaeN\x1e'
11E8E149-EC9A-D4A2-9ABE-12DF17AE4E1E,2025-ncaa-d3-conf-SUNYAC,genius_ncaa,3,3,1,3,1,4,4,3,4,2,3,2,7,7,6,8,1,1,2,1,5,3,3,4,3,3,8,8,2,4,6,1,4,1,3,2,2,7,4,4,3,5,1,2,,,6,3,,7,3,3,5,1,4,4,5,2,3,7,7,1,2,2,4,4,4,1,1,2,5,5,2,,4,,7,3,6,7,10,2,4,7,2,8,10,4,9,5,3,5,3,2,10,9,2,2,3,9,8,4,10,4,7,6,8,3,5,6,8,8,6,7,4,6,2,,,3,4,,5,3,8,4,3,3,4,4,10,2,5,6,9,3,3,2,10,7,6,5,7,5,8,5,4,,3,,5,b'\x11\xe8\xe1I\xec\x9a\xd4\xa2\x9a\xbe\x12\xdf\x17\xaeN\x1e'
11E8E149-EC9A-D4A2-9ABE-12DF17AE4E1E,2025-ncaa-d3-natl,genius_ncaa,102,118,55,118,87,185,179,135,251,146,113,239,269,234,312,282,145,159,172,163,235,140,139,271,266,248,286,307,157,242,323,16,93,68,176,120,72,213,170,154,204,258,97,101,,,164,103,,236,192,107,226,223,263,249,217,190,170,314,287,191,207,211,218,260,311,15,80,157,164,266,108,,87,,208,196,189,210,393,19,94,261,27,390,414,110,400,70,67,239,66,51,373,313,40,25,87,367,405,66,284,93,356,323,345,176,210,200,322,379,295,244,211,132,84,,,226,284,,250,192,303,266,102,199,101,119,334,56,160,347,397,31,30,31,278,178,217,273,261,143,381,191,90,,317,,283,b'\x11\xe8\xe1I\xec\x9a\xd4\xa2\x9a\xbe\x12\xdf\x17\xaeN\x1e'
11E8E149-EC9A-D4A2-9ABE-12DF17AE4E1E,2026-ncaa-d3-conf-SUNYAC,genius_ncaa,2,1,7,1,7,7,7,7,5,7,9,1,7,6,9,1,6,7,3,7,5,7,7,5,6,4,6,6,6,2,1,7,1,7,1,6,1,3,1,1,10,8,5,1,,,3,3,,1,5,8,6,1,1,1,1,1,5,1,1,5,5,5,1,1,1,2,1,1,7,8,2,,4,,1,3,4,3,4,6,2,1,5,4,4,6,10,3,3,8,2,6,3,3,8,8,9,10,10,5,3,1,4,1,3,1,3,9,9,8,8,3,6,1,1,,,9,10,,6,5,3,1,9,4,7,7,7,2,2,9,9,5,4,3,5,3,3,4,3,8,9,7,1,,9,,3,b'\x11\xe8\xe1I\xec\x9a\xd4\xa2\x9a\xbe\x12\xdf\x17\xaeN\x1e'
11E8E149-EC9A-D4A2-9ABE-12DF17AE4E1E,2026-ncaa-d3-natl,genius_ncaa,288,200,327,282,337,354,357,328,347,353,324,329,303,272,338,189,267,284,187,278,174,325,343,344,333,293,156,233,94,206,128,290,97,273,129,316,107,63,128,179,376,322,215,100,,,54,148,,1,269,361,243,113,269,286,101,261,156,245,139,124,147,147,99,148,57,73,42,211,150,342,137,,119,,1,279,94,76,72,157,33,46,104,312,226,374,392,117,90,352,84,257,64,48,254,271,322,407,406,204,66,97,135,128,97,129,138,325,376,332,338,112,206,151,242,,,361,327,,201,269,51,258,295,287,264,199,229,54,78,402,385,237,161,149,213,135,145,340,270,288,344,216,261,,298,,148,b'\x11\xe8\xe1I\xec\x9a\xd4\xa2\x9a\xbe\x12\xdf\x17\xaeN\x1e'
11E8E149-EC9F-6F6C-9ABE-12DF17AE4E1E,2018-ncaa-d3-conf-OAC,ncaa,3,3,3,3,3,3,3,3,6,3,3,6,9,8,8,9,2,4,1,4,6,3,4,7,6,5,9,9,3,4,6,8,7,8,7,4,4,1,1,3,5,5,9,9,,,9,10,,,5,3,8,5,5,4,3,3,2,9,8,3,4,4,2,7,6,10,10,4,2,5,9,,10,,,5,6,5,3,7,8,6,7,2,2,5,2,10,9,7,9,8,6,8,7,7,7,4,2,10,7,7,7,6,7,7,7,7,4,4,5,1,1,9,5,,,3,2,,,5,8,5,6,6,5,5,2,5,5,2,2,9,9,9,3,3,6,6,7,4,4,2,9,,3,,,b'\x11\xe8\xe1I\xec\x9fol\x9a\xbe\x12\xdf\x17\xaeN\x1e'
11E8E149-EC9F-6F6C-9ABE-12DF17AE4E1E,2018-ncaa-d3-natl,ncaa,114,138,68,134,74,116,118,122,137,98,101,132,230,232,218,295,75,167,11,170,285,123,189,158,118,68,289,319,140,232,301,291,261,276,313,115,183,41,25,36,224,255,318,321,,,430,440,,,215,169,369,80,146,146,190,115,152,267,293,98,229,236,198,356,305,409,407,141,15,289,348,,421,,,216,384,303,181,348,276,196,339,307,236,362,198,439,410,439,410,416,260,259,356,400,389,358,197,415,204,261,304,301,268,313,259,179,207,244,245,58,51,304,218,,,116,92,,,215,263,78,371,219,282,197,69,196,99,242,163,422,388,390,119,75,133,210,172,198,293,41,263,,175,,,b'\x11\xe8\xe1I\xec\x9fol\x9a\xbe\x12\xdf\x17\xaeN\x1e'
11E8E149-EC9F-6F6C-9ABE-12DF17AE4E1E,2019-ncaa-d3-conf-OAC,ncaa,4,4,3,4,4,3,2,2,4,5,5,6,1,2,1,2,8,8,7,7,8,3,3,2,3,1,2,2,9,4,4,10,8,9,9,4,7,2,1,2,3,2,10,10,,,10,10,,,4,3,7,4,2,1,2,6,7,2,2,8,8,8,4,6,5,10,10,4,1,3,9,,10,,,4,7,4,2,8,6,5,7,2,2,9,2,10,10,5,10,9,4,7,8,9,5,4,2,10,7,8,3,4,6,9,3,3,2,2,1,3,3,2,3,,,4,4,,,4,8,1,5,4,6,5,1,7,5,1,1,9,9,9,2,5,4,3,4,2,2,2,3,,4,,,b'\x11\xe8\xe1I\xec\x9fol\x9a\xbe\x12\xdf\x17\xaeN\x1e'
11E8E149-EC9F-6F6C-9ABE-12DF17AE4E1E,2019-ncaa-d3-natl,ncaa,137,162,67,155,78,75,74,87,103,172,200,149,20,49,21,68,222,229,205,223,224,102,164,55,69,40,68,44,367,191,191,365,268,322,276,161,356,40,18,65,188,196,357,361,,,429,440,,,141,157,365,44,80,87,139,225,300,21,72,272,285,280,159,318,258,435,423,197,19,229,392,,410,,,144,354,257,106,391,228,159,320,297,117,439,124,426,408,417,405,413,153,228,401,425,372,358,216,402,122,268,206,191,164,276,93,34,101,87,68,35,21,144,140,,,110,126,,,141,272,46,334,148,242,166,25,159,72,233,55,402,368,367,42,68,67,106,81,65,131,22,105,,174,,,b'\x11\xe8\xe1I\xec\x9fol\x9a\xbe\x12\xdf\x17\xaeN\x1e'
11E8E149-EC9F-6F6C-9ABE-12DF17AE4E1E,2020-ncaa-d3-conf-OAC,ncaa,7,7,5,7,7,7,8,9,6,6,6,7,8,8,3,8,3,2,8,2,3,6,9,7,5,5,5,7,2,7,5,7,9,8,8,8,5,2,4,6,10,9,3,3,,,8,10,,,7,8,8,8,6,8,9,5,5,8,8,3,1,1,8,8,8,8,8,7,3,10,4,,8,,,7,5,4,4,4,3,3,5,6,5,7,5,7,7,6,7,10,5,4,4,5,6,9,6,9,7,9,4,5,5,8,4,5,8,8,6,2,3,8,6,,,5,4,,,7,2,7,6,7,5,5,5,5,3,5,5,7,7,7,6,4,8,5,5,4,9,3,9,,3,,,b'\x11\xe8\xe1I\xec\x9fol\x9a\xbe\x12\xdf\x17\xaeN\x1e'
11E8E149-EC9F-6F6C-9ABE-12DF17AE4E1E,2020-ncaa-d3-natl,ncaa,215,245,126,234,194,203,229,260,194,217,160,272,215,335,35,339,93,76,245,70,90,211,292,192,183,140,190,252,80,233,198,277,279,267,246,220,225,50,69,109,324,330,122,108,,,329,386,,,212,296,374,415,231,268,322,245,197,239,352,97,75,67,274,369,253,338,323,239,39,360,124,,304,,,213,216,168,156,221,155,167,201,230,197,282,225,350,307,390,314,328,178,136,219,262,302,319,248,347,231,279,147,198,173,246,71,48,301,298,172,56,88,406,382,,,81,28,,,212,128,144,305,217,186,151,113,139,129,216,178,320,278,284,135,77,213,111,141,72,346,50,402,,90,,,b'\x11\xe8\xe1I\xec\x9fol\x9a\xbe\x12\xdf\x17\xaeN\x1e'
11E8E149-EC9F-6F6C-9ABE-12DF17AE4E1E,2021-ncaa-d3-conf-OAC,ncaa,4,2,6,4,7,6,2,7,2,4,4,2,3,8,1,7,6,5,8,6,8,7,7,2,2,2,6,5,8,8,8,7,9,7,8,5,7,3,1,3,5,5,4,3,,,5,1,,,4,5,2,5,2,2,3,2,2,3,6,6,5,5,3,4,8,3,7,3,3,3,3,,7,,,2,4,4,7,2,4,6,3,7,7,1,7,9,9,5,9,10,7,7,2,3,3,7,6,10,10,9,7,8,10,8,6,7,6,5,4,4,4,8,7,,,6,6,,,4,4,4,5,4,6,5,9,5,7,7,8,8,8,8,9,9,10,8,9,7,2,3,8,,6,,,b'\x11\xe8\xe1I\xec\x9fol\x9a\xbe\x12\xdf\x17\xaeN\x1e'
11E8E149-EC9F-6F6C-9ABE-12DF17AE4E1E,2021-ncaa-d3-natl,ncaa,50,149,47,100,53,38,30,45,42,34,33,102,31,68,8,185,48,46,124,50,162,45,50,34,42,35,131,102,198,84,220,50,250,56,225,55,228,208,64,91,55,145,64,127,,,242,146,,,59,45,40,110,30,29,50,47,47,48,143,99,101,107,47,71,196,107,148,112,86,106,116,,218,,,82,245,236,252,80,228,249,89,246,249,122,176,261,258,186,257,213,254,250,93,114,127,221,171,230,268,250,245,220,258,225,218,87,54,157,103,195,80,264,215,,,55,138,,,59,238,59,167,96,200,157,229,137,186,202,233,253,247,247,246,253,258,200,248,124,99,92,246,,105,,,b'\x11\xe8\xe1I\xec\x9fol\x9a\xbe\x12\xdf\x17\xaeN\x1e'
11E8E149-EC9F-6F6C-9ABE-12DF17AE4E1E,2022-ncaa-d3-conf-OAC,ncaa,4,4,4,4,4,4,4,8,3,4,3,3,10,10,7,10,6,6,7,5,5,7,8,3,3,4,9,10,3,8,8,8,4,9,6,4,1,1,3,2,5,3,5,6,,,8,10,,,5,6,7,2,4,4,8,3,3,10,10,5,3,3,7,9,8,9,10,3,1,5,5,,9,,,5,3,3,1,6,2,4,4,4,3,9,4,9,9,2,8,10,2,4,5,6,5,7,4,9,4,4,4,8,3,6,2,2,3,1,2,5,5,5,4,,,4,2,,,5,5,5,5,5,4,4,2,4,4,4,3,9,9,9,3,4,4,5,4,2,1,5,6,,3,,,b'\x11\xe8\xe1I\xec\x9fol\x9a\xbe\x12\xdf\x17\xaeN\x1e'
11E8E149-EC9F-6F6C-9ABE-12DF17AE4E1E,2022-ncaa-d3-natl,ncaa,76,79,107,84,139,143,117,202,62,69,108,68,312,326,256,350,183,205,151,197,280,202,233,103,109,105,383,369,235,338,338,240,112,289,249,105,124,117,120,79,173,188,100,98,,,368,388,,,146,184,280,182,167,136,278,60,130,341,362,207,240,232,280,360,382,334,378,101,80,209,110,,344,,,152,207,165,155,206,193,207,154,137,105,274,87,348,336,308,334,329,182,212,190,226,188,243,133,371,88,112,201,338,148,249,14,3,124,105,10,143,150,312,251,,,193,167,,,146,259,158,137,145,127,102,56,137,144,89,49,323,305,304,80,109,56,120,83,5,158,117,296,,247,,,b'\x11\xe8\xe1I\xec\x9fol\x9a\xbe\x12\xdf\x17\xaeN\x1e'
11E8E149-EC9F-6F6C-9ABE-12DF17AE4E1E,2023-ncaa-d3-conf-OAC,ncaa,4,4,1,4,2,4,3,3,3,1,1,5,8,10,3,10,7,7,5,7,10,3,3,4,4,4,10,9,7,7,7,4,7,5,7,2,4,3,4,3,7,10,2,4,,,10,10,,,4,1,7,4,6,3,5,1,2,9,10,7,7,7,5,6,8,5,7,4,3,10,3,,10,,,4,6,3,9,1,5,9,2,2,2,1,2,10,10,4,10,10,10,10,1,2,2,7,2,10,10,7,9,7,10,7,1,1,5,7,1,4,3,4,3,,,7,6,,,4,10,5,5,4,4,2,4,3,8,2,2,10,10,10,9,7,8,5,6,1,7,4,4,,7,,,b'\x11\xe8\xe1I\xec\x9fol\x9a\xbe\x12\xdf\x17\xaeN\x1e'
11E8E149-EC9F-6F6C-9ABE-12DF17AE4E1E,2023-ncaa-d3-natl,ncaa,107,131,63,128,71,153,136,156,117,111,77,210,233,324,49,358,179,162,253,162,282,151,196,152,157,131,324,311,222,280,315,180,203,229,282,205,305,108,84,155,294,340,103,120,,,409,418,,,194,162,340,89,218,183,267,141,115,293,374,229,228,235,268,368,347,316,358,262,57,365,120,,389,,,196,260,139,234,90,168,282,67,139,146,166,87,418,415,350,416,396,312,266,78,159,213,344,104,421,233,203,285,315,279,282,28,7,252,307,66,155,141,159,80,,,139,121,,,194,267,170,217,195,150,70,97,98,168,95,84,404,398,398,174,118,165,182,166,9,338,112,110,,222,,,b'\x11\xe8\xe1I\xec\x9fol\x9a\xbe\x12\xdf\x17\xaeN\x1e'
11E8E149-EC9F-6F6C-9ABE-12DF17AE4E1E,2024-ncaa-d3-conf-OAC,ncaa,6,5,7,6,9,6,7,7,4,5,4,9,7,9,2,9,4,5,3,5,7,7,9,5,5,3,7,8,4,6,6,10,8,9,8,6,4,1,3,3,5,3,7,6,,,10,10,,,7,9,5,3,3,3,3,4,2,7,9,4,5,5,3,6,6,10,8,4,2,1,6,,10,,,7,6,5,1,9,5,1,7,7,2,10,3,10,10,7,10,10,2,3,9,10,9,8,6,10,5,8,4,6,4,8,4,5,3,2,3,1,3,5,4,,,5,2,,,7,3,4,9,7,9,6,2,6,4,8,2,10,10,10,6,7,6,8,8,5,1,3,9,,2,,,b'\x11\xe8\xe1I\xec\x9fol\x9a\xbe\x12\xdf\x17\xaeN\x1e'
11E8E149-EC9F-6F6C-9ABE-12DF17AE4E1E,2024-ncaa-d3-natl,ncaa,271,297,200,289,220,216,231,207,254,247,192,313,181,230,104,247,159,224,74,231,254,213,284,252,213,176,146,179,142,250,269,361,275,337,326,256,294,46,63,146,194,153,266,232,,,407,427,,,277,293,303,72,227,238,172,241,164,189,230,141,216,218,180,299,249,405,373,263,49,179,275,,421,,,275,311,180,58,372,153,67,333,285,134,416,191,418,415,353,417,424,117,130,384,410,381,392,241,413,128,275,281,269,207,326,131,100,196,150,137,67,98,294,272,,,200,117,,,277,143,177,365,274,322,191,45,173,53,296,139,419,419,422,113,139,141,291,226,145,180,82,306,,183,,,b'\x11\xe8\xe1I\xec\x9fol\x9a\xbe\x12\xdf\x17\xaeN\x1e'
11E8E149-EC9F-6F6C-9ABE-12DF17AE4E1E,2025-ncaa-d3-conf-OAC,genius_ncaa,5,6,1,6,1,7,7,7,8,3,1,9,8,9,5,10,5,8,2,7,8,6,6,9,6,7,10,10,6,7,9,4,5,5,5,6,6,4,5,5,7,8,10,10,,,10,10,,7,6,5,9,1,8,8,8,4,1,9,10,7,8,7,8,10,9,7,8,6,2,9,10,,9,,6,6,5,4,2,4,3,4,5,2,4,2,3,10,10,7,10,10,4,5,4,5,5,5,3,10,5,5,9,9,7,5,3,2,3,3,2,2,2,7,6,,,6,7,,2,6,6,7,4,7,3,3,1,3,1,2,3,10,8,8,2,2,5,8,5,3,7,1,7,,7,,2,b'\x11\xe8\xe1I\xec\x9fol\x9a\xbe\x12\xdf\x17\xaeN\x1e'
11E8E149-EC9F-6F6C-9ABE-12DF17AE4E1E,2025-ncaa-d3-natl,genius_ncaa,194,242,55,218,62,214,223,222,237,181,122,286,301,350,151,364,99,139,76,131,201,200,236,261,226,200,267,338,69,262,289,233,162,251,255,236,255,114,136,191,253,257,396,388,,,393,414,,309,210,231,404,68,301,299,352,245,181,343,378,125,188,180,334,397,325,354,368,302,73,318,409,,371,,294,211,170,97,89,179,129,84,279,93,219,37,253,389,372,359,370,397,128,160,171,252,218,299,95,407,131,162,272,289,212,255,34,33,158,128,53,75,76,334,267,,,117,56,,28,210,184,217,190,218,89,53,19,81,26,65,137,363,333,328,32,37,90,160,120,21,222,45,301,,180,,34,b'\x11\xe8\xe1I\xec\x9fol\x9a\xbe\x12\xdf\x17\xaeN\x1e'
11E8E149-EC9F-6F6C-9ABE-12DF17AE4E1E,2026-ncaa-d3-conf-OAC,genius_ncaa,2,1,4,1,4,5,5,9,4,6,6,5,7,9,4,8,5,6,2,5,4,9,6,4,3,4,7,6,4,8,7,8,4,8,7,5,5,5,6,7,4,1,9,9,,,5,9,,6,3,6,5,1,3,3,7,4,3,6,9,5,5,4,7,3,6,8,8,3,6,2,9,,7,,8,3,2,3,1,7,4,3,9,2,1,4,3,1,2,2,2,6,1,2,6,6,3,1,2,3,2,4,2,7,2,7,3,3,4,1,1,5,7,1,2,,,5,2,,2,3,3,5,3,3,2,3,1,6,3,2,1,2,4,4,1,2,2,4,4,4,1,7,2,,2,,2,b'\x11\xe8\xe1I\xec\x9fol\x9a\xbe\x12\xdf\x17\xaeN\x1e'
11E8E149-EC9F-6F6C-9ABE-12DF17AE4E1E,2026-ncaa-d3-natl,genius_ncaa,98,68,215,92,245,232,255,253,236,169,139,263,380,375,332,401,62,139,19,126,180,238,278,288,235,182,339,400,24,148,65,339,9,283,49,280,280,76,74,148,259,146,384,382,,,254,413,,306,140,299,339,90,176,216,170,99,44,377,391,24,66,51,122,209,83,363,242,251,71,233,396,,354,,342,132,105,112,54,364,148,72,377,58,57,142,121,174,190,95,194,359,61,73,344,334,275,113,79,281,16,9,119,65,62,49,46,22,265,91,58,16,7,117,73,,,123,17,,123,140,101,144,176,157,101,117,8,188,46,48,34,215,260,267,12,14,2,112,30,28,213,6,129,,27,,104,b'\x11\xe8\xe1I\xec\x9fol\x9a\xbe\x12\xdf\x17\xaeN\x1e'
11E8E149-ECA3-E10A-9ABE-12DF17AE4E1E,2018-ncaa-d3-conf-ASC,ncaa,12,12,8,12,10,10,11,13,9,10,12,5,13,11,13,10,8,5,10,5,1,13,12,9,9,11,10,12,3,10,9,10,12,11,9,9,7,11,13,11,11,11,6,5,,,3,3,,,12,13,10,5,10,11,13,10,11,13,11,5,2,2,12,11,8,8,11,9,13,11,4,,3,,,12,12,13,8,12,10,5,11,12,10,13,10,3,4,3,4,5,8,5,13,12,13,9,10,2,10,12,2,9,5,9,11,11,11,12,12,12,13,3,4,,,10,5,,,12,3,10,13,12,12,12,10,10,11,13,10,6,7,7,12,9,12,5,8,12,11,13,3,,8,,,b'\x11\xe8\xe1I\xec\xa3\xe1\n\x9a\xbe\x12\xdf\x17\xaeN\x1e'
11E8E149-ECA3-E10A-9ABE-12DF17AE4E1E,2018-ncaa-d3-natl,ncaa,400,379,390,406,397,354,369,413,242,333,397,150,393,364,401,275,165,108,332,107,7,394,399,265,232,282,235,366,13,283,125,398,392,388,276,346,185,164,338,310,392,357,290,246,,,155,328,,,363,409,269,232,277,326,400,260,333,361,305,41,16,15,301,246,174,331,272,279,323,350,235,,339,,,372,204,190,67,389,176,60,394,279,212,343,296,244,309,58,301,399,82,51,388,387,420,289,282,255,283,392,27,125,76,276,259,309,417,396,408,253,357,28,84,,,272,58,,,363,38,268,428,371,395,367,304,332,228,371,343,382,410,410,351,273,379,119,249,367,392,349,52,,70,,,b'\x11\xe8\xe1I\xec\xa3\xe1\n\x9a\xbe\x12\xdf\x17\xaeN\x1e'
11E8E149-ECA3-E10A-9ABE-12DF17AE4E1E,2019-ncaa-d3-conf-ASC,ncaa,6,6,4,6,6,8,8,10,6,8,11,6,7,9,6,5,5,8,1,8,7,10,11,5,5,6,6,8,5,12,11,5,5,7,6,7,9,3,5,7,12,12,7,8,,,6,8,,,7,8,13,6,10,9,13,9,11,8,10,5,9,9,12,13,12,7,9,9,3,13,8,,3,,,7,10,10,8,10,10,8,10,7,9,5,7,2,2,10,2,3,6,5,8,9,11,5,6,3,2,5,4,11,2,6,11,9,13,13,13,5,6,10,10,,,9,5,,,7,6,6,10,7,7,9,6,8,6,6,9,2,2,2,5,1,4,4,4,8,13,3,11,,9,,,b'\x11\xe8\xe1I\xec\xa3\xe1\n\x9a\xbe\x12\xdf\x17\xaeN\x1e'
11E8E149-ECA3-E10A-9ABE-12DF17AE4E1E,2019-ncaa-d3-natl,ncaa,206,185,317,203,332,270,323,380,203,322,384,165,260,265,244,178,65,154,14,154,25,363,384,200,112,124,95,234,12,402,370,320,177,375,271,361,361,68,195,271,377,363,304,257,,,239,376,,,278,368,335,157,221,317,387,307,375,238,220,20,78,83,349,393,409,272,376,364,120,380,291,,324,,,276,215,188,105,330,194,76,393,246,290,151,359,285,279,242,273,380,111,78,337,350,390,281,240,278,85,177,95,370,82,271,295,351,392,378,401,93,198,151,278,,,201,30,,,278,82,166,373,268,307,276,197,266,106,294,345,332,338,329,237,124,137,157,139,327,396,137,193,,105,,,b'\x11\xe8\xe1I\xec\xa3\xe1\n\x9a\xbe\x12\xdf\x17\xaeN\x1e'
11E8E149-ECA3-E10A-9ABE-12DF17AE4E1E,2020-ncaa-d3-conf-ASC,ncaa,12,11,12,12,12,12,12,12,11,12,12,9,10,8,12,3,10,12,2,12,6,12,12,11,11,10,5,4,5,10,8,11,7,11,8,11,9,2,8,9,12,12,7,4,,,3,10,,,10,12,10,2,11,12,9,11,11,7,4,8,11,11,10,8,7,8,7,10,6,12,4,,8,,,10,5,5,2,7,4,3,6,3,4,7,5,10,10,5,10,11,2,1,7,7,10,6,5,10,3,7,4,8,3,8,8,9,12,12,12,5,10,9,11,,,12,12,,,10,1,10,8,10,7,7,6,9,7,7,6,11,11,11,7,5,6,8,8,9,12,9,11,,12,,,b'\x11\xe8\xe1I\xec\xa3\xe1\n\x9a\xbe\x12\xdf\x17\xaeN\x1e'
11E8E149-ECA3-E10A-9ABE-12DF17AE4E1E,2020-ncaa-d3-natl,ncaa,344,368,198,357,203,265,304,227,340,309,316,266,207,101,381,97,139,217,33,222,157,225,239,336,297,287,123,191,76,190,206,192,168,199,200,326,348,202,217,319,344,351,217,224,,,323,358,,,327,261,246,17,271,314,198,325,326,213,84,124,214,219,196,201,160,151,161,347,226,352,223,,351,,,325,319,252,210,280,274,194,312,214,244,151,230,392,391,260,389,385,253,179,268,303,359,268,152,361,179,168,255,206,225,200,327,338,352,367,376,257,270,292,331,,,265,280,,,327,200,272,325,317,319,274,249,280,215,232,265,403,394,396,296,221,196,273,249,328,370,271,301,,264,,,b'\x11\xe8\xe1I\xec\xa3\xe1\n\x9a\xbe\x12\xdf\x17\xaeN\x1e'
11E8E149-ECA3-E10A-9ABE-12DF17AE4E1E,2021-ncaa-d3-conf-ASC,ncaa,12,11,6,12,6,10,10,10,8,8,9,6,9,8,9,7,8,9,4,9,7,10,9,8,8,8,8,9,4,10,10,7,9,8,9,9,8,8,10,10,10,12,4,4,,,6,5,,,10,8,8,4,10,11,12,9,9,10,8,8,9,8,12,11,10,7,10,10,8,12,4,,5,,,11,8,9,7,10,9,6,9,8,7,10,6,6,6,6,6,4,6,6,10,10,12,5,7,5,8,9,3,10,6,9,11,9,10,12,12,10,12,3,4,,,10,11,,,10,6,8,12,12,11,12,12,11,10,9,6,7,7,7,11,8,8,4,8,11,12,12,2,,11,,,b'\x11\xe8\xe1I\xec\xa3\xe1\n\x9a\xbe\x12\xdf\x17\xaeN\x1e'
11E8E149-ECA3-E10A-9ABE-12DF17AE4E1E,2021-ncaa-d3-natl,ncaa,215,282,23,250,25,53,57,44,179,57,43,144,75,46,212,137,24,26,106,25,59,43,27,186,166,189,117,175,37,59,219,27,193,38,197,72,193,268,228,231,120,260,18,80,,,267,216,,,274,25,101,65,184,208,224,186,203,182,148,71,75,74,208,142,215,120,168,210,218,262,63,,239,,,237,272,271,265,208,270,263,213,269,265,197,137,272,272,129,272,205,267,265,209,216,250,150,143,174,266,193,263,219,266,197,270,146,72,260,259,269,227,197,103,,,29,128,,,274,262,206,253,235,250,234,230,228,208,220,213,238,248,248,249,202,204,167,195,217,252,229,73,,123,,,b'\x11\xe8\xe1I\xec\xa3\xe1\n\x9a\xbe\x12\xdf\x17\xaeN\x1e'
11E8E149-ECA3-E10A-9ABE-12DF17AE4E1E,2022-ncaa-d3-conf-ASC,ncaa,9,8,8,9,9,11,10,9,8,11,11,10,9,9,2,7,11,11,3,11,11,11,11,7,8,10,6,3,11,9,6,9,8,9,8,10,7,8,11,11,10,10,7,6,,,3,6,,,9,10,8,6,11,9,9,10,9,7,8,11,11,11,11,10,9,9,8,9,11,10,5,,4,,,9,5,5,3,9,6,5,10,4,2,4,3,3,3,6,3,5,3,1,9,9,9,3,3,6,5,8,1,6,2,8,2,2,10,9,8,10,11,2,4,,,11,11,,,9,1,10,9,9,9,7,7,9,9,4,3,6,6,7,7,3,8,4,6,6,10,11,4,,11,,,b'\x11\xe8\xe1I\xec\xa3\xe1\n\x9a\xbe\x12\xdf\x17\xaeN\x1e'
11E8E149-ECA3-E10A-9ABE-12DF17AE4E1E,2022-ncaa-d3-natl,ncaa,328,290,345,332,366,334,320,357,221,325,343,256,214,277,104,169,355,389,95,387,331,367,361,198,209,254,173,127,306,355,321,346,273,360,304,305,246,223,352,314,357,340,250,250,,,145,295,,,325,353,189,290,273,256,284,288,275,144,203,328,381,377,336,259,336,271,313,260,328,327,219,,299,,,331,181,173,78,339,240,130,339,71,60,216,78,294,274,327,264,311,93,71,314,347,367,137,53,327,141,273,90,321,107,304,118,101,376,350,308,259,356,80,167,,,385,376,,,325,69,284,368,338,339,324,265,354,320,131,112,377,366,365,299,220,266,241,261,229,335,332,136,,385,,,b'\x11\xe8\xe1I\xec\xa3\xe1\n\x9a\xbe\x12\xdf\x17\xaeN\x1e'
11E8E149-ECA3-E10A-9ABE-12DF17AE4E1E,2023-ncaa-d3-conf-ASC,ncaa,7,6,7,7,7,8,10,9,10,10,10,10,7,6,7,3,4,4,10,4,1,9,10,9,9,8,1,3,1,7,8,9,9,9,9,8,3,5,8,8,10,10,5,6,,,2,2,,,8,10,8,3,8,10,9,10,10,5,5,4,2,2,8,9,7,8,8,8,8,9,5,,3,,,8,6,9,9,8,9,10,7,3,2,6,2,2,3,3,3,2,7,2,8,5,8,1,2,3,9,9,5,8,9,9,4,2,10,10,8,7,8,7,10,,,4,2,,,8,2,8,8,8,7,9,9,9,10,4,2,2,5,5,8,7,9,9,10,6,9,8,9,,3,,,b'\x11\xe8\xe1I\xec\xa3\xe1\n\x9a\xbe\x12\xdf\x17\xaeN\x1e'
11E8E149-ECA3-E10A-9ABE-12DF17AE4E1E,2023-ncaa-d3-natl,ncaa,289,297,271,303,290,282,340,358,322,352,340,346,225,254,167,222,50,39,197,41,9,304,292,307,245,286,39,189,5,333,336,231,316,296,330,335,263,291,332,348,384,399,126,167,,,243,251,,,344,265,159,152,283,359,365,363,333,205,236,22,17,17,288,217,333,147,250,335,308,392,105,,315,,,339,327,309,256,294,343,342,238,156,98,328,64,346,358,193,353,272,286,206,273,289,351,146,93,305,322,316,226,336,293,330,156,61,340,367,282,339,361,352,398,,,121,29,,,344,168,306,365,341,353,339,338,360,386,190,119,382,390,389,362,305,343,303,336,204,332,352,382,,49,,,b'\x11\xe8\xe1I\xec\xa3\xe1\n\x9a\xbe\x12\xdf\x17\xaeN\x1e'
11E8E149-ECA3-E10A-9ABE-12DF17AE4E1E,2024-ncaa-d3-conf-ASC,ncaa,6,7,1,6,3,7,7,3,8,6,6,7,5,4,8,5,7,5,10,5,4,4,4,8,8,7,6,5,6,8,10,3,8,4,10,6,5,3,3,6,9,9,7,8,,,3,2,,,8,3,9,4,8,7,6,7,7,6,5,9,9,9,8,10,10,4,7,6,3,9,7,,1,,,8,10,10,10,8,10,10,8,4,3,4,3,1,2,3,2,1,10,7,6,5,10,2,3,1,9,8,10,10,10,10,9,8,9,9,10,5,5,4,4,,,4,3,,,8,7,7,9,7,5,10,8,10,10,4,3,1,1,1,8,3,7,10,10,9,9,4,4,,6,,,b'\x11\xe8\xe1I\xec\xa3\xe1\n\x9a\xbe\x12\xdf\x17\xaeN\x1e'
11E8E149-ECA3-E10A-9ABE-12DF17AE4E1E,2024-ncaa-d3-natl,ncaa,251,297,112,276,143,194,218,194,238,217,205,242,203,186,228,217,96,87,209,84,88,173,210,248,216,197,165,224,89,328,392,118,206,214,340,223,223,125,119,177,288,319,154,224,,,289,256,,,304,155,196,152,238,253,232,239,234,221,213,100,91,93,204,281,364,123,263,246,102,313,174,,268,,,294,367,374,337,339,382,373,319,186,157,259,79,272,293,160,296,168,343,288,309,296,353,65,87,157,278,206,396,392,381,340,339,230,318,366,365,158,160,89,74,,,77,44,,,304,277,236,352,290,335,349,319,366,363,165,130,257,267,275,320,244,247,379,344,309,358,135,66,,70,,,b'\x11\xe8\xe1I\xec\xa3\xe1\n\x9a\xbe\x12\xdf\x17\xaeN\x1e'
11E8E149-ECA3-E10A-9ABE-12DF17AE4E1E,2025-ncaa-d3-conf-SCAC,genius_ncaa,7,7,4,7,4,7,8,7,8,6,5,8,9,9,7,10,4,4,3,4,6,6,9,8,7,7,8,9,3,7,9,5,7,5,8,7,7,1,2,4,9,10,11,10,,,2,2,,2,7,10,12,2,8,9,10,10,6,10,11,5,5,5,8,12,8,5,6,8,1,10,11,,2,,2,7,3,6,8,6,9,5,7,5,8,2,9,2,2,10,2,2,8,5,4,3,6,2,5,1,9,7,8,9,9,8,4,4,10,10,9,1,3,10,6,,,5,2,,9,7,3,6,6,7,4,6,8,7,5,5,8,2,2,2,5,2,9,7,7,3,12,2,7,,7,,9,b'\x11\xe8\xe1I\xec\xa3\xe1\n\x9a\xbe\x12\xdf\x17\xaeN\x1e'
11E8E149-ECA3-E10A-9ABE-12DF17AE4E1E,2025-ncaa-d3-natl,genius_ncaa,194,215,116,207,125,185,219,235,208,238,224,258,174,233,85,236,78,115,71,118,106,215,306,191,150,96,108,182,67,248,269,167,183,204,219,157,89,13,29,43,324,314,401,398,,,81,99,,63,186,308,409,63,210,262,304,280,267,187,255,76,120,118,277,399,288,201,247,175,8,352,407,,39,,55,189,186,242,221,231,211,144,294,284,339,132,358,76,97,105,95,120,185,122,240,203,266,181,302,75,218,183,224,269,222,219,255,244,352,351,345,28,52,161,166,,,159,60,,343,186,119,108,276,178,153,197,171,174,98,253,316,48,68,66,128,54,173,191,173,231,393,29,129,,186,,353,b'\x11\xe8\xe1I\xec\xa3\xe1\n\x9a\xbe\x12\xdf\x17\xaeN\x1e'
11E8E149-ECA3-E10A-9ABE-12DF17AE4E1E,2026-ncaa-d3-natl,genius_ncaa,157,132,215,163,249,135,163,239,70,197,265,86,89,162,50,148,69,72,208,68,29,217,241,50,46,46,73,120,118,251,218,219,269,228,223,173,242,140,146,133,279,298,323,340,,,241,273,,20,184,228,56,113,22,68,131,133,234,47,93,26,23,21,78,104,202,106,140,105,181,246,304,,344,,27,182,266,234,201,283,226,222,207,254,163,357,114,344,341,267,341,334,225,208,282,308,320,296,197,339,255,269,166,218,192,223,232,199,244,259,253,228,249,380,405,,,202,150,,363,184,196,59,324,172,361,324,322,302,331,309,216,390,388,390,361,353,322,227,287,297,171,279,404,,99,,373,b'\x11\xe8\xe1I\xec\xa3\xe1\n\x9a\xbe\x12\xdf\x17\xaeN\x1e'
11E8E149-ECA8-3750-9ABE-12DF17AE4E1E,2018-ncaa-d3-conf-NWC,ncaa,8,8,5,8,5,8,7,3,8,8,7,9,4,4,7,3,9,8,9,9,7,5,7,8,8,8,3,2,8,4,7,8,6,8,8,7,6,1,1,4,2,2,8,8,,,5,5,,,8,8,5,2,8,6,2,8,5,4,4,9,8,9,3,5,4,8,7,6,2,2,8,,6,,,8,7,4,4,8,2,1,9,9,9,7,9,4,4,8,4,8,3,5,9,9,8,9,9,5,5,6,9,7,8,8,8,8,3,3,7,2,2,4,5,,,9,9,,,8,3,8,9,8,8,5,6,2,1,9,9,6,5,5,5,6,6,9,8,8,2,2,5,,9,,,b'\x11\xe8\xe1I\xec\xa87P\x9a\xbe\x12\xdf\x17\xaeN\x1e'
11E8E149-ECA8-3750-9ABE-12DF17AE4E1E,2018-ncaa-d3-natl,ncaa,364,309,412,364,419,363,360,389,288,376,388,316,235,271,160,119,372,403,161,402,300,396,424,261,262,218,128,106,307,349,291,426,314,419,358,374,335,14,77,188,238,127,383,316,,,105,357,,,319,425,299,117,240,251,164,306,252,132,120,290,329,319,180,291,224,404,367,301,64,134,360,,328,,,333,107,74,19,400,27,11,412,360,281,396,432,194,122,425,118,410,19,20,424,431,427,431,421,280,54,314,79,291,54,358,175,356,378,216,333,42,180,157,313,,,412,257,,,319,20,219,414,331,370,312,157,174,25,432,421,374,306,306,178,176,196,321,283,341,234,153,304,,307,,,b'\x11\xe8\xe1I\xec\xa87P\x9a\xbe\x12\xdf\x17\xaeN\x1e'
11E8E149-ECA8-3750-9ABE-12DF17AE4E1E,2019-ncaa-d3-conf-NWC,ncaa,8,8,5,8,5,8,8,8,8,9,9,5,3,1,8,1,8,9,1,9,7,9,9,7,8,7,1,1,8,8,8,9,8,9,9,8,6,1,1,3,5,4,7,6,,,3,5,,,7,9,9,3,8,8,8,9,9,2,1,8,9,9,9,9,8,9,9,8,1,5,7,,4,,,7,2,3,1,7,2,1,6,6,4,9,7,2,2,6,2,3,1,1,8,7,7,7,9,2,3,8,7,8,6,9,8,9,7,4,7,1,2,4,6,,,9,9,,,7,1,7,7,8,4,5,2,4,2,7,4,2,2,2,2,1,5,8,6,9,6,1,4,,9,,,b'\x11\xe8\xe1I\xec\xa87P\x9a\xbe\x12\xdf\x17\xaeN\x1e'
11E8E149-ECA8-3750-9ABE-12DF17AE4E1E,2019-ncaa-d3-natl,ncaa,375,304,407,378,407,398,396,419,241,411,433,99,188,146,287,19,413,429,56,428,268,422,435,176,197,134,69,42,381,436,429,430,284,434,410,394,350,7,47,137,331,144,372,314,,,50,338,,,268,431,439,1,320,313,364,381,434,90,33,386,423,418,400,439,431,432,439,358,14,216,342,,192,,,282,28,32,10,397,40,15,372,114,32,418,248,60,41,378,41,228,10,10,406,409,396,253,292,174,14,284,43,429,27,410,49,201,400,205,277,7,109,21,220,,,431,382,,,268,12,199,378,295,205,216,41,196,68,278,125,176,137,138,36,19,92,256,177,217,311,39,55,,436,,,b'\x11\xe8\xe1I\xec\xa87P\x9a\xbe\x12\xdf\x17\xaeN\x1e'
11E8E149-ECA8-3750-9ABE-12DF17AE4E1E,2020-ncaa-d3-conf-NWC,ncaa,3,3,3,3,4,6,4,4,3,3,4,5,5,6,4,6,8,8,6,8,9,5,6,4,5,4,8,4,9,5,5,3,4,4,4,2,5,2,4,3,5,5,6,6,,,3,5,,,3,7,9,5,6,4,5,4,4,7,6,9,9,9,7,9,5,4,5,5,4,6,6,,2,,,3,2,3,3,4,4,4,4,2,3,1,3,7,5,7,5,5,2,3,3,3,3,5,3,8,3,4,4,5,4,4,1,2,6,6,3,1,1,7,6,,,9,8,,,3,3,5,3,3,3,4,4,4,4,2,3,5,4,4,3,1,3,4,4,2,6,1,7,,9,,,b'\x11\xe8\xe1I\xec\xa87P\x9a\xbe\x12\xdf\x17\xaeN\x1e'
11E8E149-ECA8-3750-9ABE-12DF17AE4E1E,2020-ncaa-d3-natl,ncaa,170,85,398,132,401,331,313,397,112,298,377,89,288,329,170,209,361,377,219,367,255,399,418,118,144,85,275,214,328,385,293,409,161,410,256,324,323,11,47,81,272,116,344,267,,,91,366,,,186,418,404,127,222,182,299,172,284,215,239,290,311,288,318,404,349,355,372,246,20,169,311,,256,,,173,21,19,15,247,34,22,275,30,31,130,184,219,149,409,137,358,17,19,234,296,289,267,117,386,23,161,22,293,18,256,9,16,373,202,66,7,33,94,189,,,376,122,,,186,23,110,263,168,130,98,34,132,70,90,89,348,292,285,48,36,76,135,101,20,285,14,166,,260,,,b'\x11\xe8\xe1I\xec\xa87P\x9a\xbe\x12\xdf\x17\xaeN\x1e'
11E8E149-ECA8-3750-9ABE-12DF17AE4E1E,2021-ncaa-d3-conf-NWC,ncaa,6,1,6,4,6,6,6,6,6,6,6,7,5,5,6,4,7,7,1,7,7,6,6,6,7,6,5,2,7,6,2,7,7,6,6,6,5,1,1,3,5,1,7,7,,,3,4,,,4,7,6,6,6,6,2,6,2,3,3,7,7,7,3,5,2,7,6,6,1,2,7,,4,,,4,1,1,1,6,1,1,6,2,2,6,2,2,3,4,3,6,1,1,7,7,4,3,3,5,2,7,2,2,2,6,1,1,5,1,1,1,1,1,1,,,7,7,,,4,1,6,7,6,3,3,1,3,1,2,2,4,5,5,1,1,7,3,4,2,1,1,1,,7,,,b'\x11\xe8\xe1I\xec\xa87P\x9a\xbe\x12\xdf\x17\xaeN\x1e'
11E8E149-ECA8-3750-9ABE-12DF17AE4E1E,2021-ncaa-d3-natl,ncaa,176,58,232,125,244,238,237,234,216,239,237,214,220,224,170,82,248,251,39,251,264,236,241,206,206,162,134,77,230,224,28,251,275,247,214,239,206,33,18,77,229,54,269,278,,,54,241,,,152,243,277,280,190,164,75,177,126,105,80,231,264,264,121,220,62,282,249,186,18,97,280,,166,,,163,47,47,39,270,44,35,254,50,41,268,96,61,63,130,64,267,41,43,272,274,218,176,136,205,66,275,43,28,47,214,44,55,226,28,43,29,10,35,29,,,239,193,,,152,40,133,262,212,125,110,7,113,11,124,32,191,196,205,9,17,246,29,119,68,73,7,25,,223,,,b'\x11\xe8\xe1I\xec\xa87P\x9a\xbe\x12\xdf\x17\xaeN\x1e'
11E8E149-ECA8-3750-9ABE-12DF17AE4E1E,2022-ncaa-d3-conf-NWC,ncaa,2,3,1,3,2,3,3,2,5,3,4,4,1,1,2,1,4,5,3,5,5,3,3,3,5,2,1,1,5,4,6,2,2,2,3,5,8,1,1,3,3,3,8,8,,,4,4,,,3,3,9,5,3,3,3,7,9,1,1,5,5,6,4,7,5,6,4,7,1,5,8,,3,,,3,7,9,8,8,9,9,8,3,2,5,1,3,3,6,3,1,8,4,7,5,6,1,1,3,3,2,8,6,6,3,3,3,6,6,5,1,1,7,7,,,4,6,,,3,7,3,6,3,4,5,3,8,8,2,1,3,2,2,2,1,2,8,4,3,7,1,7,,7,,,b'\x11\xe8\xe1I\xec\xa87P\x9a\xbe\x12\xdf\x17\xaeN\x1e'
11E8E149-ECA8-3750-9ABE-12DF17AE4E1E,2022-ncaa-d3-natl,ncaa,76,95,61,96,88,77,98,104,114,181,251,96,38,40,68,42,105,155,63,152,121,106,191,71,65,29,48,51,251,196,255,174,81,176,189,159,313,32,5,39,205,209,340,372,,,254,286,,,122,188,374,282,91,139,197,263,368,40,47,161,224,229,212,375,270,308,301,229,6,265,381,,162,,,130,322,350,259,354,385,325,359,127,135,187,84,232,196,346,207,137,250,197,330,327,345,37,52,154,90,81,291,255,203,189,178,30,280,315,251,39,21,333,357,,,165,172,,,122,236,29,302,129,197,246,99,311,211,62,45,152,118,127,81,30,41,160,94,96,372,9,292,,275,,,b'\x11\xe8\xe1I\xec\xa87P\x9a\xbe\x12\xdf\x17\xaeN\x1e'
11E8E149-ECA8-3750-9ABE-12DF17AE4E1E,2023-ncaa-d3-conf-NWC,ncaa,3,3,1,3,1,3,3,3,5,4,3,5,2,4,3,5,1,2,1,2,5,3,3,5,4,3,5,5,3,5,6,1,3,2,4,3,4,1,2,3,4,4,3,3,,,5,4,,,3,3,7,6,4,4,5,4,4,3,5,3,4,4,5,8,6,3,4,5,1,4,3,,4,,,3,5,5,7,4,5,7,3,3,2,2,2,5,5,5,5,2,8,7,3,2,3,4,4,5,4,3,7,6,8,4,4,4,4,4,3,2,2,9,6,,,4,4,,,3,7,3,3,3,2,4,3,5,6,3,2,2,3,4,3,3,4,6,5,4,4,1,8,,7,,,b'\x11\xe8\xe1I\xec\xa87P\x9a\xbe\x12\xdf\x17\xaeN\x1e'
11E8E149-ECA8-3750-9ABE-12DF17AE4E1E,2023-ncaa-d3-natl,ncaa,67,62,109,71,162,168,184,231,133,229,288,159,85,118,53,105,227,304,25,306,241,245,328,97,96,55,100,91,275,254,248,210,78,226,150,202,232,20,26,42,226,175,113,99,,,132,221,,,85,339,418,288,200,212,306,273,347,91,139,250,346,349,336,417,294,269,303,231,7,263,113,,75,,,83,60,103,112,150,140,172,160,81,105,111,161,57,52,252,56,56,87,80,132,97,118,82,165,93,68,78,167,248,109,150,39,37,269,198,105,17,26,258,304,,,299,221,,,85,107,59,102,61,33,69,51,110,118,62,70,34,26,29,27,9,52,112,77,33,318,7,228,,369,,,b'\x11\xe8\xe1I\xec\xa87P\x9a\xbe\x12\xdf\x17\xaeN\x1e'
11E8E149-ECA8-3750-9ABE-12DF17AE4E1E,2024-ncaa-d3-conf-NWC,ncaa,2,2,1,2,1,1,1,2,2,1,1,2,6,5,8,9,2,1,8,1,7,1,2,3,4,3,9,9,4,1,2,1,1,1,2,3,5,4,1,3,2,2,5,5,,,4,2,,,1,2,6,3,2,2,2,1,1,7,6,3,3,3,1,2,1,6,1,3,2,2,7,,2,,,1,2,5,7,4,7,6,5,2,7,1,6,1,2,2,2,1,5,8,3,2,1,1,4,1,2,1,7,2,6,2,6,7,2,2,2,5,3,9,7,,,1,6,,,1,8,3,1,1,2,3,4,3,5,1,5,1,1,1,2,4,1,5,3,3,2,4,8,,4,,,b'\x11\xe8\xe1I\xec\xa87P\x9a\xbe\x12\xdf\x17\xaeN\x1e'
11E8E149-ECA8-3750-9ABE-12DF17AE4E1E,2024-ncaa-d3-natl,ncaa,110,115,112,119,118,147,144,152,127,105,141,87,243,204,311,263,111,92,251,89,132,132,183,155,157,122,315,316,162,109,85,203,76,155,96,170,277,95,77,120,135,115,226,214,,,227,267,,,98,233,329,26,143,138,175,96,160,274,237,119,100,100,144,242,103,263,171,186,80,146,244,,190,,,95,102,143,139,181,186,153,240,128,185,76,263,83,85,191,81,116,117,156,174,152,105,125,198,122,80,76,169,85,110,96,118,118,117,82,84,116,111,381,336,,,83,57,,,98,204,102,82,86,75,119,77,152,104,104,162,64,59,55,56,84,52,124,71,97,136,103,365,,76,,,b'\x11\xe8\xe1I\xec\xa87P\x9a\xbe\x12\xdf\x17\xaeN\x1e'
11E8E149-ECA8-3750-9ABE-12DF17AE4E1E,2025-ncaa-d3-conf-NWC,genius_ncaa,5,5,5,5,7,5,5,4,5,5,4,7,5,5,3,5,9,9,7,9,9,5,7,5,6,5,6,2,9,6,6,7,5,7,6,4,7,1,1,2,4,3,6,7,,,7,8,,4,5,7,4,5,5,3,1,5,1,3,3,9,9,9,2,4,5,6,6,4,1,3,6,,8,,4,5,4,5,2,6,6,6,7,2,2,3,3,7,7,8,7,6,3,2,6,6,6,3,2,7,4,5,7,6,6,6,7,9,5,4,6,2,2,8,7,,,9,9,,2,5,3,5,6,5,5,6,4,7,7,3,2,8,7,7,5,5,4,7,6,7,5,2,8,,9,,2,b'\x11\xe8\xe1I\xec\xa87P\x9a\xbe\x12\xdf\x17\xaeN\x1e'
11E8E149-ECA8-3750-9ABE-12DF17AE4E1E,2025-ncaa-d3-natl,genius_ncaa,250,242,290,256,302,239,209,225,210,226,214,253,181,229,107,204,321,352,168,353,371,259,317,197,218,161,210,145,349,206,209,354,259,306,282,259,300,30,66,138,228,177,351,356,,,271,379,,256,238,343,303,116,184,158,113,180,146,137,182,317,346,345,151,256,157,351,269,239,56,203,353,,348,,290,239,160,142,57,337,249,162,306,40,24,230,39,326,245,415,246,275,64,80,293,346,319,111,34,355,131,259,203,209,166,282,184,231,244,174,233,65,108,355,342,,,281,211,,49,238,78,152,303,235,252,226,106,294,223,62,30,364,298,302,132,134,170,281,246,239,204,96,372,,240,,33,b'\x11\xe8\xe1I\xec\xa87P\x9a\xbe\x12\xdf\x17\xaeN\x1e'
11E8E149-ECA8-3750-9ABE-12DF17AE4E1E,2026-ncaa-d3-conf-NWC,genius_ncaa,1,3,1,3,1,1,1,1,4,1,1,4,1,1,3,4,2,1,4,1,4,1,1,4,4,4,4,3,4,1,1,1,4,1,3,1,1,5,5,4,1,5,2,3,,,5,5,,5,3,1,2,1,3,3,3,4,1,3,3,5,4,4,3,2,2,1,1,3,5,3,3,,5,,3,3,5,5,5,1,5,5,1,5,5,3,5,5,5,4,5,4,5,5,1,1,2,5,4,5,5,4,5,1,5,3,5,4,1,5,4,5,3,5,5,,,1,5,,1,3,5,4,4,3,3,1,4,1,4,4,5,5,5,5,5,4,4,4,4,2,5,3,5,,3,,3,b'\x11\xe8\xe1I\xec\xa87P\x9a\xbe\x12\xdf\x17\xaeN\x1e'
11E8E149-ECA8-3750-9ABE-12DF17AE4E1E,2026-ncaa-d3-natl,genius_ncaa,225,132,327,194,327,297,241,334,49,207,299,59,260,324,113,262,378,382,246,382,394,350,366,65,88,81,359,237,400,335,236,334,161,344,196,247,237,41,112,74,366,312,283,237,,,135,327,,324,198,365,329,7,113,49,122,48,104,183,245,371,371,378,188,274,244,152,192,87,90,322,222,,317,,401,194,103,102,74,259,95,93,173,176,79,383,158,132,108,321,107,198,69,59,273,278,312,289,294,224,88,161,76,236,75,196,191,363,362,288,351,28,55,290,364,,,367,301,,62,198,57,85,292,183,281,264,235,221,257,314,192,270,216,218,230,193,182,210,194,337,302,52,389,,313,,24,b'\x11\xe8\xe1I\xec\xa87P\x9a\xbe\x12\xdf\x17\xaeN\x1e'
11E8E149-ECAC-9D4A-9ABE-12DF17AE4E1E,2018-ncaa-d3-conf-NWC,ncaa,9,9,5,9,5,9,9,8,9,7,3,8,9,8,9,8,8,9,5,8,8,9,8,9,9,9,9,9,5,5,5,9,7,9,7,9,8,9,9,9,5,4,5,4,,,8,9,,,9,7,5,2,9,9,7,7,2,9,8,8,9,8,8,6,5,9,8,9,9,4,5,,8,,,9,5,5,1,9,5,2,8,5,4,5,7,7,7,3,7,7,2,3,8,8,7,6,5,6,6,7,5,5,5,7,9,9,4,4,8,9,9,6,4,,,8,7,,,9,2,9,8,9,7,6,3,6,3,6,4,8,8,8,4,5,7,7,6,9,3,9,8,,8,,,b'\x11\xe8\xe1I\xec\xac\x9dJ\x9a\xbe\x12\xdf\x17\xaeN\x1e'
11E8E149-ECAC-9D4A-9ABE-12DF17AE4E1E,2018-ncaa-d3-natl,ncaa,383,349,390,389,395,391,368,403,265,310,321,266,408,409,403,381,348,390,149,387,348,406,412,325,311,336,395,400,174,375,260,424,300,420,318,385,360,153,356,363,221,124,383,352,,,230,419,,,348,414,306,128,362,322,350,200,163,411,402,295,338,330,364,310,295,426,418,363,311,141,373,,395,,,355,95,91,20,414,109,18,413,180,95,369,260,184,169,270,172,383,23,26,415,421,369,264,245,281,52,300,42,260,39,318,126,228,278,119,221,243,363,101,155,,,382,210,,,348,31,336,349,357,289,278,75,259,85,278,197,338,318,325,104,129,151,174,158,270,152,340,183,,288,,,b'\x11\xe8\xe1I\xec\xac\x9dJ\x9a\xbe\x12\xdf\x17\xaeN\x1e'
11E8E149-ECAC-9D4A-9ABE-12DF17AE4E1E,2019-ncaa-d3-conf-NWC,ncaa,6,5,5,6,7,6,7,6,7,6,6,8,6,6,5,5,6,4,8,4,3,6,6,8,7,8,2,5,4,5,5,5,2,6,5,4,2,7,8,7,4,3,6,5,,,7,8,,,5,6,5,6,6,7,6,6,5,6,5,5,4,4,6,5,5,4,4,4,7,3,5,,8,,,5,4,2,3,5,1,2,3,4,3,8,3,8,8,3,8,8,3,3,5,5,4,9,5,8,1,2,5,5,3,5,6,8,4,3,4,6,7,7,7,,,4,2,,,5,4,8,4,5,6,3,3,3,4,6,3,8,8,8,4,6,3,7,5,6,3,7,7,,1,,,b'\x11\xe8\xe1I\xec\xac\x9dJ\x9a\xbe\x12\xdf\x17\xaeN\x1e'
11E8E149-ECAC-9D4A-9ABE-12DF17AE4E1E,2019-ncaa-d3-natl,ncaa,282,134,430,231,430,396,402,430,148,391,420,169,328,375,106,225,323,355,189,357,94,427,431,132,115,166,160,203,121,401,169,422,55,420,108,372,191,30,305,244,349,155,377,308,,,78,429,,,207,433,244,55,169,201,301,217,274,180,234,105,110,109,248,214,222,244,239,173,293,186,321,,394,,,207,13,10,5,344,17,9,297,26,12,372,126,141,113,327,105,389,6,8,333,371,357,286,153,380,4,55,10,169,6,108,18,180,408,199,218,60,300,93,312,,,360,21,,,207,11,163,288,209,264,206,78,224,153,189,105,390,373,371,131,121,32,126,73,197,237,294,300,,21,,,b'\x11\xe8\xe1I\xec\xac\x9dJ\x9a\xbe\x12\xdf\x17\xaeN\x1e'
11E8E149-ECAC-9D4A-9ABE-12DF17AE4E1E,2020-ncaa-d3-conf-NWC,ncaa,7,6,5,7,5,8,8,7,8,7,7,8,9,7,8,5,6,5,5,5,5,7,5,9,9,8,5,6,2,6,8,9,6,9,7,7,6,7,8,7,1,1,9,9,,,7,8,,,8,5,2,2,8,8,6,6,5,9,5,4,4,4,5,2,6,9,9,6,8,1,9,,9,,,8,5,5,1,8,5,3,8,3,2,6,2,4,5,3,5,8,1,6,8,8,4,2,2,6,2,6,8,8,5,7,8,8,1,1,4,7,8,9,9,,,4,4,,,8,6,8,4,8,6,5,5,5,5,3,2,6,7,7,5,8,6,9,6,8,1,8,9,,2,,,b'\x11\xe8\xe1I\xec\xac\x9dJ\x9a\xbe\x12\xdf\x17\xaeN\x1e'
11E8E149-ECAC-9D4A-9ABE-12DF17AE4E1E,2020-ncaa-d3-natl,ncaa,324,218,419,310,419,399,400,417,274,389,409,275,355,376,257,225,328,359,135,358,144,420,426,283,250,272,175,232,84,391,294,428,239,427,321,413,399,31,272,351,309,121,418,409,,,125,422,,,308,427,269,116,292,326,313,312,290,262,250,140,181,183,298,296,294,414,391,380,237,140,417,,404,,,322,22,33,10,426,92,17,425,19,11,259,102,105,98,179,93,346,10,10,414,417,373,72,47,269,10,239,16,294,10,321,59,171,349,101,204,65,279,354,433,,,363,47,,,308,13,274,328,321,291,308,71,361,149,102,63,309,324,320,106,131,95,236,179,244,148,252,429,,80,,,b'\x11\xe8\xe1I\xec\xac\x9dJ\x9a\xbe\x12\xdf\x17\xaeN\x1e'
11E8E149-ECAC-9D4A-9ABE-12DF17AE4E1E,2021-ncaa-d3-conf-NWC,ncaa,4,7,1,6,1,1,1,2,3,2,2,2,2,2,4,3,1,1,4,1,2,2,1,3,3,4,3,4,3,3,6,1,3,1,4,2,3,7,6,4,2,3,3,4,,,7,7,,,7,1,1,3,3,3,4,3,6,2,2,3,3,2,4,3,6,4,5,3,6,3,4,,7,,,5,7,7,7,3,7,7,5,6,7,4,3,7,7,3,7,7,7,7,3,4,6,4,2,7,6,3,7,6,7,4,6,6,2,5,6,6,5,5,4,,,1,2,,,7,7,4,5,5,6,4,4,4,5,4,3,7,7,7,7,6,3,5,5,6,5,5,4,,2,,,b'\x11\xe8\xe1I\xec\xac\x9dJ\x9a\xbe\x12\xdf\x17\xaeN\x1e'
11E8E149-ECAC-9D4A-9ABE-12DF17AE4E1E,2021-ncaa-d3-natl,ncaa,148,250,61,202,67,59,59,75,45,71,104,17,55,57,125,69,59,54,160,50,32,71,73,37,45,68,108,116,132,134,233,81,157,101,201,64,149,217,165,133,66,114,134,186,,,263,279,,,195,61,79,59,65,80,170,95,228,82,72,83,66,59,137,123,248,176,229,103,169,100,195,,278,,,170,241,235,215,241,237,207,245,219,217,213,119,266,267,95,266,281,224,217,245,254,255,187,110,245,202,157,213,233,212,201,250,234,92,186,227,207,149,162,130,,,46,32,,,195,217,95,243,174,246,207,139,197,127,197,159,276,278,277,210,182,137,142,140,236,172,145,87,,42,,,b'\x11\xe8\xe1I\xec\xac\x9dJ\x9a\xbe\x12\xdf\x17\xaeN\x1e'
11E8E149-ECAC-9D4A-9ABE-12DF17AE4E1E,2022-ncaa-d3-conf-NWC,ncaa,8,8,5,8,9,6,6,4,9,7,7,7,4,3,9,2,7,8,4,8,8,4,4,9,9,7,4,2,8,7,8,5,5,6,8,6,4,6,5,5,7,8,3,3,,,6,6,,,8,4,1,9,6,5,2,5,5,3,2,7,8,8,2,2,7,2,6,5,6,7,3,,7,,,8,9,7,9,5,7,7,3,4,4,7,4,9,9,7,9,7,9,7,6,7,8,6,4,8,6,5,8,8,9,8,9,9,7,8,9,6,4,9,9,,,8,9,,,8,6,7,7,8,9,8,9,7,9,6,4,9,9,9,9,9,7,9,9,9,6,6,9,,8,,,b'\x11\xe8\xe1I\xec\xac\x9dJ\x9a\xbe\x12\xdf\x17\xaeN\x1e'
11E8E149-ECAC-9D4A-9ABE-12DF17AE4E1E,2022-ncaa-d3-natl,ncaa,328,210,405,293,414,386,391,398,298,394,406,242,264,224,293,72,373,392,135,395,220,400,407,269,265,242,117,109,218,404,375,398,260,404,345,379,291,18,161,239,398,344,250,167,,,75,336,,,311,405,142,419,252,266,165,309,328,120,67,251,301,310,206,256,362,283,343,282,148,329,141,,352,,,332,48,33,25,241,40,35,230,80,49,297,176,267,232,362,223,388,33,20,244,307,368,334,188,398,45,260,38,375,35,345,170,401,414,395,405,55,231,221,410,,,403,269,,,311,22,275,363,332,352,289,309,273,283,282,252,417,410,408,356,260,243,329,299,363,385,230,391,,283,,,b'\x11\xe8\xe1I\xec\xac\x9dJ\x9a\xbe\x12\xdf\x17\xaeN\x1e'
11E8E149-ECAC-9D4A-9ABE-12DF17AE4E1E,2023-ncaa-d3-conf-NWC,ncaa,8,8,5,8,9,9,9,9,7,8,8,8,9,9,7,6,8,8,7,8,4,9,9,7,7,8,7,6,5,9,9,7,8,8,8,8,6,8,8,9,9,9,8,8,,,1,2,,,8,9,8,6,9,9,9,8,8,9,8,8,8,8,9,9,9,6,8,8,8,9,8,,1,,,8,4,4,6,3,4,5,2,8,7,8,7,2,3,1,3,5,5,2,5,4,7,8,8,3,7,8,3,9,5,8,7,7,9,9,9,8,8,4,7,,,8,5,,,8,2,8,8,8,5,5,7,4,5,8,7,3,5,5,7,4,8,4,8,7,9,8,5,,8,,,b'\x11\xe8\xe1I\xec\xac\x9dJ\x9a\xbe\x12\xdf\x17\xaeN\x1e'
11E8E149-ECAC-9D4A-9ABE-12DF17AE4E1E,2023-ncaa-d3-natl,ncaa,396,385,377,404,389,394,400,414,296,397,412,271,344,344,282,154,368,383,249,384,152,412,410,287,279,326,154,175,142,406,358,391,267,401,296,398,315,140,381,374,421,423,365,306,,,34,139,,,343,408,423,138,405,402,427,396,407,302,298,352,361,364,426,427,415,355,410,398,272,428,334,,51,,,347,43,42,39,193,27,31,167,267,202,353,361,64,53,295,51,172,30,23,247,242,357,370,395,135,89,267,25,358,31,296,86,222,418,416,392,235,385,122,344,,,381,107,,,343,22,343,361,359,168,173,165,94,82,359,325,117,98,89,129,24,181,63,101,198,425,325,201,,333,,,b'\x11\xe8\xe1I\xec\xac\x9dJ\x9a\xbe\x12\xdf\x17\xaeN\x1e'
11E8E149-ECAC-9D4A-9ABE-12DF17AE4E1E,2024-ncaa-d3-conf-NWC,ncaa,8,8,5,8,7,9,9,7,8,9,9,8,5,4,7,2,9,8,9,8,4,8,8,8,8,8,3,1,6,4,4,9,8,8,5,8,4,5,7,8,6,6,8,8,,,1,1,,,8,9,9,7,9,9,7,9,9,5,3,9,7,7,8,7,4,9,7,8,6,6,8,,1,,,8,4,7,2,9,6,1,9,6,6,5,7,2,1,7,1,2,1,1,9,9,7,3,6,2,4,8,3,4,3,5,4,4,6,6,6,8,9,5,6,,,8,5,,,8,1,8,7,8,6,7,5,7,3,8,7,2,2,2,4,2,5,4,4,6,6,8,5,,6,,,b'\x11\xe8\xe1I\xec\xac\x9dJ\x9a\xbe\x12\xdf\x17\xaeN\x1e'
11E8E149-ECAC-9D4A-9ABE-12DF17AE4E1E,2024-ncaa-d3-natl,ncaa,318,206,403,299,406,400,403,414,280,410,415,282,273,326,159,86,391,392,277,390,102,413,415,237,239,250,69,70,195,381,184,418,230,411,216,400,279,21,282,298,399,301,358,239,,,25,257,,,280,417,424,244,365,369,412,389,409,186,189,335,322,317,408,421,298,411,395,357,162,352,306,,111,,,288,16,17,11,328,18,8,350,62,42,253,341,36,22,389,22,252,11,11,334,346,333,278,286,191,11,230,11,184,9,216,11,77,398,207,190,55,315,26,222,,,394,60,,,280,11,258,323,285,125,130,34,126,31,223,202,155,97,101,27,8,82,38,46,93,326,225,77,,267,,,b'\x11\xe8\xe1I\xec\xac\x9dJ\x9a\xbe\x12\xdf\x17\xaeN\x1e'
11E8E149-ECAC-9D4A-9ABE-12DF17AE4E1E,2025-ncaa-d3-conf-NWC,genius_ncaa,6,6,5,6,9,9,9,6,8,7,6,9,7,6,7,3,5,6,4,6,7,7,6,8,9,9,3,3,4,4,5,4,2,3,4,9,8,5,6,9,6,5,6,5,,,2,4,,4,6,9,5,8,9,9,5,7,4,7,5,4,6,6,5,3,1,1,1,9,7,6,6,,4,,4,6,2,2,3,3,1,2,3,6,6,4,6,5,4,6,3,8,2,1,3,3,4,7,7,6,2,2,6,5,4,4,4,5,7,6,5,8,8,6,5,,,8,8,,7,6,1,9,4,6,4,3,5,3,3,6,6,5,4,4,4,4,3,6,5,4,6,8,6,,8,,7,b'\x11\xe8\xe1I\xec\xac\x9dJ\x9a\xbe\x12\xdf\x17\xaeN\x1e'
11E8E149-ECAC-9D4A-9ABE-12DF17AE4E1E,2025-ncaa-d3-natl,genius_ncaa,326,269,386,320,391,384,385,392,354,389,383,367,310,333,233,173,379,396,106,395,316,395,405,344,335,325,128,137,200,316,174,383,68,372,128,397,385,58,273,353,382,276,359,293,,,45,269,,138,291,405,370,244,367,368,323,365,299,236,223,323,364,359,346,352,183,221,200,387,216,331,322,,167,,229,299,17,12,11,160,8,11,154,85,49,281,288,136,95,378,95,326,12,10,192,244,267,364,296,337,7,68,24,174,14,128,16,141,403,292,223,85,279,103,257,,,401,320,,356,291,14,315,242,300,134,90,71,71,61,238,211,310,244,244,87,45,57,194,111,97,351,232,221,,373,,341,b'\x11\xe8\xe1I\xec\xac\x9dJ\x9a\xbe\x12\xdf\x17\xaeN\x1e'
11E8E149-ECAC-9D4A-9ABE-12DF17AE4E1E,2026-ncaa-d3-natl,genius_ncaa,390,132,409,390,412,412,410,412,335,409,410,338,411,414,363,343,408,407,391,406,104,411,409,357,365,380,308,349,86,413,412,409,407,409,411,411,385,11,373,394,407,337,409,406,,,4,8,,9,340,409,147,410,395,392,406,350,304,377,380,288,154,168,399,355,413,282,400,402,331,273,399,,21,,31,404,7,18,9,385,20,11,387,17,12,300,259,4,5,127,5,18,8,8,386,352,383,47,226,6,41,407,11,412,12,411,50,390,409,361,405,23,391,8,159,,,409,100,,397,340,8,391,402,407,395,406,398,404,388,357,357,53,57,64,384,370,404,340,393,411,313,376,116,,188,,381,b'\x11\xe8\xe1I\xec\xac\x9dJ\x9a\xbe\x12\xdf\x17\xaeN\x1e'
11E8E149-ECB1-4DC2-9ABE-12DF17AE4E1E,2018-ncaa-d3-conf-NEAC,ncaa,14,14,9,14,14,14,14,14,14,14,14,14,7,5,13,1,11,10,13,10,2,13,13,12,12,14,1,3,3,14,14,11,13,14,14,11,1,14,14,13,11,10,10,10,,,1,1,,,14,9,5,14,14,14,14,14,14,7,4,10,9,9,13,11,14,9,13,11,14,10,10,,2,,,14,9,11,12,9,10,10,6,12,11,12,9,2,2,6,2,1,10,7,9,7,12,4,11,1,12,13,8,14,11,14,14,13,12,12,14,14,14,8,13,,,12,9,,,14,7,14,12,14,12,13,14,11,14,13,13,2,2,2,14,13,13,12,12,14,11,14,8,,12,,,b'\x11\xe8\xe1I\xec\xb1M\xc2\x9a\xbe\x12\xdf\x17\xaeN\x1e'
11E8E149-ECB1-4DC2-9ABE-12DF17AE4E1E,2018-ncaa-d3-conf-United East,ncaa,14,14,9,14,14,14,14,14,14,14,14,14,7,5,13,1,11,10,13,10,2,13,13,12,12,14,1,3,3,14,14,11,13,14,14,11,1,14,14,13,11,10,10,10,,,1,1,,,14,9,5,14,14,14,14,14,14,7,4,10,9,9,13,11,14,9,13,11,14,10,10,,2,,,14,9,11,12,9,10,10,6,12,11,12,9,2,2,6,2,1,10,7,9,7,12,4,11,1,12,13,8,14,11,14,14,13,12,12,14,14,14,8,13,,,12,9,,,14,7,14,12,14,12,13,14,11,14,13,13,2,2,2,14,13,13,12,12,14,11,14,8,,12,,,b'\x11\xe8\xe1I\xec\xb1M\xc2\x9a\xbe\x12\xdf\x17\xaeN\x1e'
11E8E149-ECB1-4DC2-9ABE-12DF17AE4E1E,2018-ncaa-d3-natl,ncaa,417,411,363,419,386,417,423,402,431,429,421,426,284,190,385,66,334,272,395,268,23,395,366,419,415,421,23,73,42,428,437,320,388,396,420,388,59,389,422,411,347,364,331,362,,,21,9,,,413,302,72,430,422,432,407,439,424,235,111,304,177,172,388,228,434,192,381,385,414,310,316,,27,,,416,202,293,352,160,276,342,148,295,286,236,252,51,45,241,46,24,292,201,167,115,235,130,300,36,382,388,259,437,326,420,388,398,374,394,414,422,429,297,430,,,370,312,,,413,151,429,287,411,346,384,430,366,416,349,375,79,73,72,422,398,406,383,406,411,319,422,373,,328,,,b'\x11\xe8\xe1I\xec\xb1M\xc2\x9a\xbe\x12\xdf\x17\xaeN\x1e'
11E8E149-ECB1-4DC2-9ABE-12DF17AE4E1E,2019-ncaa-d3-conf-NEAC,ncaa,12,12,7,12,10,11,11,9,11,11,11,11,9,3,10,3,9,8,12,8,5,9,7,10,11,11,6,5,6,9,11,11,9,10,11,12,10,12,12,12,8,8,6,8,,,5,5,,,12,6,2,4,11,11,6,10,10,9,3,8,7,7,8,3,8,10,10,12,12,7,6,,6,,,12,11,11,7,12,11,11,12,4,2,12,1,10,11,11,9,7,8,7,12,12,12,1,1,7,7,9,10,11,8,11,10,8,7,8,11,12,12,9,11,,,8,9,,,12,7,11,12,12,12,12,11,12,12,5,2,10,11,10,11,12,9,11,10,11,6,12,10,,7,,,b'\x11\xe8\xe1I\xec\xb1M\xc2\x9a\xbe\x12\xdf\x17\xaeN\x1e'
11E8E149-ECB1-4DC2-9ABE-12DF17AE4E1E,2019-ncaa-d3-conf-United East,ncaa,12,12,7,12,10,11,11,9,11,11,11,11,9,3,10,3,9,8,12,8,5,9,7,10,11,11,6,5,6,9,11,11,9,10,11,12,10,12,12,12,8,8,6,8,,,5,5,,,12,6,2,4,11,11,6,10,10,9,3,8,7,7,8,3,8,10,10,12,12,7,6,,6,,,12,11,11,7,12,11,11,12,4,2,12,1,10,11,11,9,7,8,7,12,12,12,1,1,7,7,9,10,11,8,11,10,8,7,8,11,12,12,9,11,,,8,9,,,12,7,11,12,12,12,12,11,12,12,5,2,10,11,10,11,12,9,11,10,11,6,12,10,,7,,,b'\x11\xe8\xe1I\xec\xb1M\xc2\x9a\xbe\x12\xdf\x17\xaeN\x1e'
11E8E149-ECB1-4DC2-9ABE-12DF17AE4E1E,2019-ncaa-d3-natl,ncaa,424,439,215,435,241,341,327,178,404,319,198,394,274,157,394,179,333,251,422,250,263,188,135,407,409,409,219,198,270,273,385,242,340,271,395,330,289,372,336,383,182,237,254,342,,,87,33,,,421,107,35,118,375,360,112,342,176,281,141,346,245,247,125,62,265,220,256,356,382,176,252,,83,,,418,422,436,405,392,438,428,390,122,144,165,40,179,210,104,206,63,401,361,351,324,359,7,31,73,358,340,415,385,407,395,434,356,231,339,407,424,404,409,388,,,303,384,,,421,347,413,361,407,415,426,417,431,429,131,149,190,224,218,417,413,362,418,409,425,223,416,415,,313,,,b'\x11\xe8\xe1I\xec\xb1M\xc2\x9a\xbe\x12\xdf\x17\xaeN\x1e'
11E8E149-ECB1-4DC2-9ABE-12DF17AE4E1E,2020-ncaa-d3-conf-NEAC,ncaa,11,11,7,11,9,10,10,9,8,7,6,8,8,8,10,8,8,7,7,7,6,9,7,10,9,10,8,8,7,7,6,4,4,4,4,7,4,11,11,10,8,9,2,3,,,5,7,,,11,7,2,5,9,9,8,5,6,8,8,6,7,7,8,5,7,4,3,7,11,8,2,,8,,,11,5,5,8,6,9,10,5,5,6,7,3,8,9,1,9,4,7,6,5,5,7,4,5,5,5,4,1,6,2,4,8,8,10,11,9,11,11,8,9,,,7,7,,,11,7,10,7,11,8,8,11,9,12,6,6,9,10,10,11,10,9,4,5,10,8,11,10,,6,,,b'\x11\xe8\xe1I\xec\xb1M\xc2\x9a\xbe\x12\xdf\x17\xaeN\x1e'
11E8E149-ECB1-4DC2-9ABE-12DF17AE4E1E,2020-ncaa-d3-conf-United East,ncaa,11,11,7,11,9,10,10,9,8,7,6,8,8,8,10,8,8,7,7,7,6,9,7,10,9,10,8,8,7,7,6,4,4,4,4,7,4,11,11,10,8,9,2,3,,,5,7,,,11,7,2,5,9,9,8,5,6,8,8,6,7,7,8,5,7,4,3,7,11,8,2,,8,,,11,5,5,8,6,9,10,5,5,6,7,3,8,9,1,9,4,7,6,5,5,7,4,5,5,5,4,1,6,2,4,8,8,10,11,9,11,11,8,9,,,7,7,,,11,7,10,7,11,8,8,11,9,12,6,6,9,10,10,11,10,9,4,5,10,8,11,10,,6,,,b'\x11\xe8\xe1I\xec\xb1M\xc2\x9a\xbe\x12\xdf\x17\xaeN\x1e'
11E8E149-ECB1-4DC2-9ABE-12DF17AE4E1E,2020-ncaa-d3-natl,ncaa,324,329,327,332,351,302,297,308,253,238,222,243,347,342,329,318,287,256,330,254,265,304,223,290,298,348,336,334,226,260,193,174,181,219,151,222,108,404,397,330,269,294,177,218,,,115,83,,,330,205,46,247,283,265,224,181,133,338,321,251,208,205,227,81,202,61,121,174,415,242,149,,154,,,332,254,298,308,230,326,339,214,173,167,198,124,167,232,48,221,146,294,231,196,155,234,90,146,144,198,181,103,193,124,151,320,289,296,336,341,428,419,187,196,,,219,208,,,330,251,348,231,323,326,340,386,365,405,229,238,227,289,281,392,374,258,175,217,347,252,425,233,,126,,,b'\x11\xe8\xe1I\xec\xb1M\xc2\x9a\xbe\x12\xdf\x17\xaeN\x1e'
11E8E149-ECB1-4DC2-9ABE-12DF17AE4E1E,2022-ncaa-d3-conf-United East,ncaa,7,7,4,7,4,7,7,5,6,3,3,6,7,7,5,7,5,4,6,4,8,6,6,6,6,7,7,7,6,4,3,3,3,4,3,5,5,6,7,6,6,7,1,2,,,5,5,,,6,6,6,3,6,6,5,3,3,7,7,5,5,5,6,5,3,5,4,5,6,6,1,,5,,,6,3,3,4,4,5,5,3,5,5,4,5,4,6,4,6,5,3,3,3,4,5,6,5,6,3,3,3,3,3,3,3,4,6,6,5,7,7,1,1,,,5,4,,,6,4,7,5,6,5,4,5,4,6,5,5,5,6,5,6,3,4,3,3,4,6,7,1,,5,,,b'\x11\xe8\xe1I\xec\xb1M\xc2\x9a\xbe\x12\xdf\x17\xaeN\x1e'
11E8E149-ECB1-4DC2-9ABE-12DF17AE4E1E,2022-ncaa-d3-natl,ncaa,302,318,250,320,265,288,253,268,243,181,134,284,376,387,280,396,304,294,289,295,366,275,249,281,296,326,395,383,240,163,43,231,200,201,84,170,56,341,354,251,176,165,162,130,,,100,93,,,225,273,200,122,313,249,239,139,69,385,398,304,279,289,258,154,124,164,135,137,352,159,138,,105,,,225,89,83,168,67,86,123,99,206,275,94,319,118,167,54,151,230,157,161,77,71,80,291,306,209,204,200,67,43,95,84,181,286,206,187,178,367,370,63,32,,,260,251,,,225,163,304,88,216,113,118,238,108,160,225,315,148,216,197,221,243,228,53,109,194,181,368,56,,223,,,b'\x11\xe8\xe1I\xec\xb1M\xc2\x9a\xbe\x12\xdf\x17\xaeN\x1e'
11E8E149-ECB1-4DC2-9ABE-12DF17AE4E1E,2023-ncaa-d3-conf-United East,ncaa,4,5,3,5,3,6,5,5,6,4,3,5,6,6,5,6,5,8,4,7,7,5,6,6,6,6,6,6,6,8,8,5,4,7,8,6,4,6,6,5,5,4,5,5,,,4,4,,,6,4,8,1,7,7,8,4,6,6,6,6,8,8,8,9,8,7,8,6,5,6,5,,4,,,6,3,6,6,3,4,4,7,4,7,2,7,4,4,3,4,4,4,5,5,2,3,5,4,4,3,4,5,8,4,8,3,2,4,4,3,6,6,8,7,,,4,3,,,6,6,7,3,6,3,5,4,5,1,4,5,3,4,3,4,2,2,4,3,2,5,6,7,,4,,,b'\x11\xe8\xe1I\xec\xb1M\xc2\x9a\xbe\x12\xdf\x17\xaeN\x1e'
11E8E149-ECB1-4DC2-9ABE-12DF17AE4E1E,2023-ncaa-d3-natl,ncaa,248,297,109,271,128,298,257,234,288,224,167,309,292,283,277,281,368,372,303,371,410,261,263,309,332,325,335,251,384,326,339,272,181,315,302,169,46,262,299,222,137,131,327,327,,,48,25,,,256,215,300,119,360,315,311,267,215,320,321,409,410,409,358,358,367,357,392,190,237,162,350,,15,,,253,110,189,224,158,180,148,232,242,323,80,358,25,32,62,33,39,152,197,160,101,95,145,314,33,151,181,247,339,202,302,242,261,136,125,179,342,348,165,150,,,347,377,,,256,221,339,89,250,75,148,155,141,93,214,296,13,15,16,89,119,123,213,155,203,160,305,138,,404,,,b'\x11\xe8\xe1I\xec\xb1M\xc2\x9a\xbe\x12\xdf\x17\xaeN\x1e'
11E8E149-ECB1-4DC2-9ABE-12DF17AE4E1E,2024-ncaa-d3-conf-United East,ncaa,13,13,12,13,15,17,16,17,8,16,17,4,13,13,7,5,17,17,11,17,9,17,17,9,9,13,7,6,12,17,17,15,14,17,13,13,4,7,13,12,17,16,15,13,,,3,3,,,13,17,17,10,14,13,17,15,16,6,9,17,17,17,17,17,17,12,17,10,10,16,13,,2,,,13,5,6,5,10,2,3,11,15,14,16,16,3,3,11,3,3,5,2,13,13,15,17,17,4,5,14,2,17,2,13,8,10,17,17,16,10,17,11,16,,,15,5,,,13,1,13,14,13,12,12,12,6,6,17,16,4,3,3,11,2,14,3,6,12,17,14,15,,15,,,b'\x11\xe8\xe1I\xec\xb1M\xc2\x9a\xbe\x12\xdf\x17\xaeN\x1e'
11E8E149-ECB1-4DC2-9ABE-12DF17AE4E1E,2024-ncaa-d3-natl,ncaa,339,375,112,352,170,328,299,332,250,289,297,239,289,283,287,232,352,347,317,342,302,342,284,263,284,352,285,240,298,368,340,213,365,315,318,201,28,377,387,311,331,359,302,335,,,46,22,,,348,230,302,244,381,357,410,320,352,315,312,390,381,376,412,377,402,282,377,220,350,362,326,,14,,,342,236,290,364,114,248,274,159,366,403,136,377,48,68,57,58,44,326,265,141,87,187,216,375,37,387,365,104,340,259,318,332,326,323,365,364,402,409,283,334,,,314,311,,,348,194,364,263,345,181,251,345,205,230,334,387,29,39,34,300,219,366,66,211,298,365,388,268,,369,,,b'\x11\xe8\xe1I\xec\xb1M\xc2\x9a\xbe\x12\xdf\x17\xaeN\x1e'
11E8E149-ECB1-4DC2-9ABE-12DF17AE4E1E,2025-ncaa-d3-conf-United East,genius_ncaa,5,4,8,5,10,9,7,13,2,4,9,2,14,13,9,14,10,12,4,12,10,13,14,3,2,4,15,15,12,11,4,7,2,7,1,4,1,3,6,3,11,9,10,9,,,2,3,,2,4,16,17,13,8,5,13,2,9,14,14,10,11,11,14,16,11,5,7,3,4,11,10,,1,,2,4,1,3,5,3,2,1,6,7,14,2,16,1,1,2,1,1,2,1,3,2,3,5,13,1,1,2,1,4,1,1,2,4,15,13,10,6,8,4,3,,,13,7,,16,4,1,4,3,4,2,4,8,5,4,7,12,1,1,1,5,1,2,1,1,4,16,7,3,,12,,16,b'\x11\xe8\xe1I\xec\xb1M\xc2\x9a\xbe\x12\xdf\x17\xaeN\x1e'
11E8E149-ECB1-4DC2-9ABE-12DF17AE4E1E,2025-ncaa-d3-natl,genius_ncaa,141,155,116,156,159,219,170,242,108,91,109,105,375,373,366,379,218,205,234,206,296,237,233,185,190,208,402,398,209,181,85,127,204,160,78,70,20,215,242,110,236,242,320,340,,,27,14,,31,158,257,348,189,259,195,312,74,111,388,385,244,237,238,317,321,208,146,167,60,195,274,343,,9,,26,156,81,186,314,70,190,264,110,202,319,52,312,12,14,33,14,8,233,171,65,37,79,71,286,11,262,204,44,85,96,78,198,204,311,328,282,319,327,121,77,,,229,206,,385,158,157,201,109,152,61,151,266,161,209,173,289,4,5,5,179,104,240,22,67,171,346,287,100,,270,,393,b'\x11\xe8\xe1I\xec\xb1M\xc2\x9a\xbe\x12\xdf\x17\xaeN\x1e'
11E8E149-ECB1-4DC2-9ABE-12DF17AE4E1E,2026-ncaa-d3-conf-United East,genius_ncaa,2,1,9,1,9,8,8,11,1,8,10,3,7,10,4,9,8,12,3,12,7,11,11,2,2,2,7,7,10,9,2,13,4,11,3,5,2,3,7,4,10,8,5,2,,,3,4,,1,5,13,12,1,3,3,9,3,8,5,9,3,8,8,7,10,5,11,8,1,6,9,3,,4,,1,4,4,4,4,6,5,4,12,3,7,2,12,2,2,7,2,3,2,3,6,6,6,3,4,3,3,4,2,2,3,3,5,9,10,9,8,3,6,5,7,,,13,7,,12,5,3,3,6,4,6,6,6,8,6,3,10,2,1,1,3,3,3,1,3,7,9,4,6,,8,,12,b'\x11\xe8\xe1I\xec\xb1M\xc2\x9a\xbe\x12\xdf\x17\xaeN\x1e'
11E8E149-ECB1-4DC2-9ABE-12DF17AE4E1E,2026-ncaa-d3-natl,genius_ncaa,13,21,116,27,203,118,140,188,120,73,104,128,303,304,290,367,23,43,56,44,81,153,179,169,114,86,305,384,30,226,182,191,272,208,201,36,11,144,96,33,59,61,195,198,,,96,14,,75,47,165,206,384,112,151,246,79,99,344,362,16,32,31,163,239,273,231,273,30,85,65,231,,20,,69,54,149,170,259,36,151,172,144,264,372,38,401,36,70,47,71,47,233,257,52,19,25,199,354,24,274,272,159,182,195,201,241,322,111,126,162,203,177,117,65,,,70,26,,381,47,249,110,36,52,51,102,239,82,91,241,384,8,13,15,180,219,261,66,129,216,118,167,87,,43,,394,b'\x11\xe8\xe1I\xec\xb1M\xc2\x9a\xbe\x12\xdf\x17\xaeN\x1e'
11E8E149-ECB5-F20A-9ABE-12DF17AE4E1E,2018-ncaa-d3-conf-C2C,ncaa,10,10,7,10,8,8,8,8,8,8,10,3,3,1,9,1,8,8,9,8,2,9,8,5,7,8,1,1,9,4,4,7,4,5,4,8,9,9,10,10,10,10,8,8,,,5,8,,,7,8,5,2,7,7,8,8,10,2,1,8,8,8,7,3,3,5,3,8,9,9,8,,7,,,7,7,6,6,8,5,3,7,10,9,10,9,3,3,10,3,2,5,2,10,9,10,10,10,1,3,4,2,4,1,4,6,5,10,10,9,8,8,1,4,,,7,5,,,7,2,7,9,8,8,8,9,5,5,10,10,5,4,4,8,5,4,3,5,7,9,9,2,,6,,,b'\x11\xe8\xe1I\xec\xb5\xf2\n\x9a\xbe\x12\xdf\x17\xaeN\x1e'
11E8E149-ECB5-F20A-9ABE-12DF17AE4E1E,2018-ncaa-d3-conf-CAC,ncaa,10,10,7,10,8,8,8,8,8,8,10,3,3,1,9,1,8,8,9,8,2,9,8,5,7,8,1,1,9,4,4,7,4,5,4,8,9,9,10,10,10,10,8,8,,,5,8,,,7,8,5,2,7,7,8,8,10,2,1,8,8,8,7,3,3,5,3,8,9,9,8,,7,,,7,7,6,6,8,5,3,7,10,9,10,9,3,3,10,3,2,5,2,10,9,10,10,10,1,3,4,2,4,1,4,6,5,10,10,9,8,8,1,4,,,7,5,,,7,2,7,9,8,8,8,9,5,5,10,10,5,4,4,8,5,4,3,5,7,9,9,2,,6,,,b'\x11\xe8\xe1I\xec\xb5\xf2\n\x9a\xbe\x12\xdf\x17\xaeN\x1e'
11E8E149-ECB5-F20A-9ABE-12DF17AE4E1E,2018-ncaa-d3-natl,ncaa,320,349,197,335,224,276,284,300,256,340,410,119,90,35,301,14,321,246,394,247,42,299,168,206,238,338,67,47,329,108,52,203,132,151,57,318,333,427,420,405,285,297,163,159,,,204,218,,,309,205,161,146,283,298,319,369,433,88,30,343,244,247,321,119,83,162,95,340,422,291,161,,215,,,305,269,256,245,231,171,188,191,389,339,379,345,197,182,268,172,203,230,201,288,282,307,360,393,162,125,132,73,52,81,57,266,233,275,285,298,408,395,20,58,,,237,303,,,309,236,315,277,306,273,275,287,191,206,394,349,191,179,170,264,232,141,75,90,272,287,397,9,,249,,,b'\x11\xe8\xe1I\xec\xb5\xf2\n\x9a\xbe\x12\xdf\x17\xaeN\x1e'
11E8E149-ECB5-F20A-9ABE-12DF17AE4E1E,2019-ncaa-d3-conf-C2C,ncaa,7,7,5,7,8,7,8,4,8,8,8,6,1,1,7,1,8,8,6,8,3,4,4,6,8,8,1,1,8,4,7,8,8,7,8,8,8,4,6,7,3,3,3,4,,,8,7,,,8,3,2,7,5,8,1,8,8,1,1,8,8,8,3,3,3,8,7,8,5,3,3,,8,,,8,7,5,2,7,8,5,8,1,1,3,1,8,7,7,7,7,6,6,7,8,6,3,1,7,6,8,8,7,8,8,8,8,2,2,5,4,5,1,7,,,8,8,,,8,6,8,6,8,8,7,4,8,7,2,1,8,8,8,7,7,8,8,8,8,2,5,3,,8,,,b'\x11\xe8\xe1I\xec\xb5\xf2\n\x9a\xbe\x12\xdf\x17\xaeN\x1e'
11E8E149-ECB5-F20A-9ABE-12DF17AE4E1E,2019-ncaa-d3-conf-CAC,ncaa,7,7,5,7,8,7,8,4,8,8,8,6,1,1,7,1,8,8,6,8,3,4,4,6,8,8,1,1,8,4,7,8,8,7,8,8,8,4,6,7,3,3,3,4,,,8,7,,,8,3,2,7,5,8,1,8,8,1,1,8,8,8,3,3,3,8,7,8,5,3,3,,8,,,8,7,5,2,7,8,5,8,1,1,3,1,8,7,7,7,7,6,6,7,8,6,3,1,7,6,8,8,7,8,8,8,8,2,2,5,4,5,1,7,,,8,8,,,8,6,8,6,8,8,7,4,8,7,2,1,8,8,8,7,7,8,8,8,8,2,5,3,,8,,,b'\x11\xe8\xe1I\xec\xb5\xf2\n\x9a\xbe\x12\xdf\x17\xaeN\x1e'
11E8E149-ECB5-F20A-9ABE-12DF17AE4E1E,2019-ncaa-d3-natl,ncaa,263,304,129,285,183,222,263,101,390,418,429,254,6,2,304,1,358,357,327,361,50,142,127,283,313,305,2,1,401,112,251,345,411,276,397,187,107,311,251,254,62,66,98,109,,,423,410,,,272,139,144,249,261,323,80,435,443,5,2,392,384,388,143,130,121,418,332,201,274,52,100,,427,,,269,315,271,179,334,343,271,341,80,101,139,74,403,415,208,415,392,245,333,292,323,192,135,37,385,384,411,404,251,403,397,323,321,54,50,120,263,220,144,391,,,259,345,,,272,308,290,224,267,262,241,124,300,230,65,64,391,404,406,205,323,355,397,383,293,39,235,132,,302,,,b'\x11\xe8\xe1I\xec\xb5\xf2\n\x9a\xbe\x12\xdf\x17\xaeN\x1e'
11E8E149-ECB5-F20A-9ABE-12DF17AE4E1E,2020-ncaa-d3-conf-NEAC,ncaa,4,4,4,4,4,4,8,5,10,11,12,3,2,2,7,2,2,2,6,2,1,5,5,4,4,4,2,2,4,6,8,9,11,7,9,9,10,2,2,6,7,7,4,4,,,12,12,,,8,5,9,3,5,10,6,10,12,2,2,2,1,2,6,7,6,9,8,9,2,7,3,,12,,,8,11,11,7,9,11,11,7,3,1,10,1,12,12,12,12,12,9,9,9,10,10,3,1,12,11,11,11,8,11,9,10,7,5,7,7,3,4,9,12,,,3,2,,,8,8,3,11,8,12,9,7,11,11,4,1,12,12,12,9,9,10,11,10,8,7,3,9,,1,,,b'\x11\xe8\xe1I\xec\xb5\xf2\n\x9a\xbe\x12\xdf\x17\xaeN\x1e'
11E8E149-ECB5-F20A-9ABE-12DF17AE4E1E,2020-ncaa-d3-conf-United East,ncaa,4,4,4,4,4,4,8,5,10,11,12,3,2,2,7,2,2,2,6,2,1,5,5,4,4,4,2,2,4,6,8,9,11,7,9,9,10,2,2,6,7,7,4,4,,,12,12,,,8,5,9,3,5,10,6,10,12,2,2,2,1,2,6,7,6,9,8,9,2,7,3,,12,,,8,11,11,7,9,11,11,7,3,1,10,1,12,12,12,12,12,9,9,9,10,10,3,1,12,11,11,11,8,11,9,10,7,5,7,7,3,4,9,12,,,3,2,,,8,8,3,11,8,12,9,7,11,11,4,1,12,12,12,9,9,10,11,10,8,7,3,9,,1,,,b'\x11\xe8\xe1I\xec\xb5\xf2\n\x9a\xbe\x12\xdf\x17\xaeN\x1e'
11E8E149-ECB5-F20A-9ABE-12DF17AE4E1E,2020-ncaa-d3-natl,ncaa,215,218,198,221,243,177,235,170,287,396,429,95,7,4,209,2,221,184,297,187,2,179,205,150,171,148,2,3,295,271,348,321,370,313,381,229,231,119,119,184,231,273,226,264,,,382,354,,,285,179,116,163,123,236,116,414,438,4,4,206,178,184,117,159,271,341,329,215,134,228,235,,398,,,281,381,366,257,370,389,352,314,188,98,372,45,385,381,258,380,304,306,304,342,364,354,133,84,309,334,370,383,348,373,381,362,291,197,249,320,212,212,94,341,,,173,154,,,285,269,183,353,273,378,352,305,384,381,212,91,393,389,388,340,349,336,378,364,351,175,227,91,,133,,,b'\x11\xe8\xe1I\xec\xb5\xf2\n\x9a\xbe\x12\xdf\x17\xaeN\x1e'
11E8E149-ECB5-F20A-9ABE-12DF17AE4E1E,2022-ncaa-d3-conf-United East,ncaa,3,3,4,3,5,3,5,6,4,7,9,4,1,2,2,1,1,1,4,1,1,5,5,2,2,2,1,1,2,5,6,7,5,7,5,4,1,4,3,4,3,2,3,4,,,9,8,,,4,5,3,4,1,5,6,7,9,1,1,1,1,1,4,4,5,6,7,4,3,1,2,,8,,,4,5,4,2,7,6,4,7,2,2,5,2,9,9,6,9,8,2,5,6,7,6,4,1,8,5,5,6,6,4,5,5,5,2,1,4,4,6,6,8,,,1,1,,,4,7,2,6,4,6,6,3,7,3,3,3,9,8,8,3,6,5,4,4,5,1,5,7,,1,,,b'\x11\xe8\xe1I\xec\xb5\xf2\n\x9a\xbe\x12\xdf\x17\xaeN\x1e'
11E8E149-ECB5-F20A-9ABE-12DF17AE4E1E,2022-ncaa-d3-natl,ncaa,116,129,107,125,159,87,176,179,184,374,412,75,2,7,59,2,34,23,224,26,1,150,133,51,50,66,1,2,117,166,183,214,317,186,264,85,26,264,218,129,24,26,146,160,,,388,349,,,80,128,157,268,69,203,241,414,427,2,7,41,37,44,179,173,197,294,251,79,217,25,171,,375,,,75,227,194,224,161,229,259,152,127,165,135,125,345,342,256,342,318,247,329,150,165,88,200,117,362,341,317,237,183,286,264,255,301,37,33,79,297,248,212,415,,,21,22,,,80,313,64,118,74,153,125,123,164,186,83,100,321,314,316,153,289,300,169,231,212,36,260,188,,21,,,b'\x11\xe8\xe1I\xec\xb5\xf2\n\x9a\xbe\x12\xdf\x17\xaeN\x1e'
11E8E149-ECB5-F20A-9ABE-12DF17AE4E1E,2023-ncaa-d3-conf-United East,ncaa,2,2,1,2,2,1,2,1,4,6,9,3,1,1,3,1,2,1,6,1,1,1,1,3,2,2,1,1,5,1,4,4,5,3,5,1,3,5,3,2,1,1,7,7,,,7,6,,,1,1,3,9,1,3,2,8,9,1,1,2,2,1,2,3,3,8,5,2,3,1,7,,7,,,1,2,4,2,7,7,7,4,1,1,4,1,7,7,1,7,7,2,9,6,5,1,1,1,6,4,5,9,4,8,5,4,4,1,1,1,4,2,6,8,,,1,2,,,1,9,2,1,1,1,1,1,3,2,1,1,5,7,6,1,5,3,6,5,4,1,2,5,,1,,,b'\x11\xe8\xe1I\xec\xb5\xf2\n\x9a\xbe\x12\xdf\x17\xaeN\x1e'
11E8E149-ECB5-F20A-9ABE-12DF17AE4E1E,2023-ncaa-d3-natl,ncaa,107,131,63,128,92,73,105,65,208,285,377,66,4,6,136,1,181,91,365,90,12,70,58,88,120,121,5,2,347,113,228,241,260,178,298,69,75,259,148,113,20,16,370,389,,,355,279,,,47,53,133,221,90,144,101,358,423,5,4,236,141,140,86,117,154,373,285,79,189,22,390,,309,,,51,148,179,152,230,284,290,192,44,43,138,32,239,292,55,288,232,161,363,165,160,31,56,36,284,241,260,393,228,363,298,251,283,10,6,15,162,88,150,290,,,77,189,,,47,371,127,30,56,70,94,43,189,178,22,13,175,222,218,51,253,169,318,264,178,13,113,105,,127,,,b'\x11\xe8\xe1I\xec\xb5\xf2\n\x9a\xbe\x12\xdf\x17\xaeN\x1e'
11E8E149-ECB5-F20A-9ABE-12DF17AE4E1E,2024-ncaa-d3-conf-United East,ncaa,3,1,12,1,13,8,9,12,2,11,16,2,1,1,2,1,13,14,6,14,6,12,13,2,2,1,2,1,16,14,12,13,12,14,11,8,6,1,4,4,4,2,11,5,,,4,6,,,4,13,5,7,2,3,4,7,15,1,1,8,10,10,4,6,10,8,10,4,4,2,6,,6,,,2,2,1,3,5,2,4,7,6,6,7,11,4,4,4,4,7,3,5,5,4,4,7,10,7,4,12,6,12,6,11,4,9,7,2,3,3,7,3,12,,,13,11,,,4,5,2,4,2,4,5,7,6,7,9,10,5,6,6,5,12,11,12,13,7,2,7,9,,8,,,b'\x11\xe8\xe1I\xec\xb5\xf2\n\x9a\xbe\x12\xdf\x17\xaeN\x1e'
11E8E149-ECB5-F20A-9ABE-12DF17AE4E1E,2024-ncaa-d3-natl,ncaa,110,185,17,154,28,48,61,23,215,146,200,116,12,4,202,11,173,158,279,158,155,29,20,154,178,161,59,26,367,97,273,160,377,126,374,75,190,320,146,153,8,24,218,289,,,386,183,,,145,12,85,241,108,127,59,265,356,17,7,292,282,288,79,94,196,369,310,137,193,13,273,,268,,,152,391,382,381,290,392,390,297,180,223,131,92,387,401,155,399,287,399,422,247,264,108,105,51,301,405,377,421,273,420,374,393,357,9,21,94,315,169,377,350,,,133,359,,,145,415,172,136,155,218,234,166,282,239,86,90,309,319,319,188,344,343,362,362,306,15,210,288,,303,,,b'\x11\xe8\xe1I\xec\xb5\xf2\n\x9a\xbe\x12\xdf\x17\xaeN\x1e'
11E8E149-ECB5-F20A-9ABE-12DF17AE4E1E,2025-ncaa-d3-conf-United East,genius_ncaa,5,6,4,6,4,7,8,9,6,10,16,4,4,5,6,3,2,4,1,4,2,9,8,5,3,5,1,4,2,10,8,9,13,9,7,8,8,11,12,9,9,8,2,2,,,8,8,,5,8,8,15,4,7,10,15,14,17,4,5,2,3,3,13,14,12,12,13,9,9,10,2,,8,,6,9,9,8,9,9,10,14,7,6,3,13,3,13,14,5,14,11,11,11,8,7,9,9,5,12,13,13,4,8,5,7,8,5,8,7,8,11,11,5,9,,,3,2,,11,8,10,6,10,9,7,7,6,8,11,6,3,11,13,13,7,7,10,4,6,8,9,9,6,,3,,11,b'\x11\xe8\xe1I\xec\xb5\xf2\n\x9a\xbe\x12\xdf\x17\xaeN\x1e'
11E8E149-ECB5-F20A-9ABE-12DF17AE4E1E,2025-ncaa-d3-natl,genius_ncaa,82,94,55,92,90,143,195,236,139,207,290,70,163,125,253,108,31,84,1,81,32,205,137,134,73,164,101,207,27,153,95,214,374,187,233,168,153,378,353,293,106,135,66,102,,,158,90,,73,161,132,281,229,190,261,370,271,375,202,159,35,118,116,336,259,210,334,294,220,321,135,83,,84,,65,165,232,252,310,141,286,370,77,155,103,290,50,226,253,120,256,153,311,329,127,105,115,136,135,201,399,374,72,95,261,233,336,347,98,140,219,392,362,40,69,,,99,108,,309,161,266,167,175,172,132,155,188,194,307,108,52,166,187,194,185,217,359,27,160,276,134,354,22,,150,,339,b'\x11\xe8\xe1I\xec\xb5\xf2\n\x9a\xbe\x12\xdf\x17\xaeN\x1e'
11E8E149-ECB5-F20A-9ABE-12DF17AE4E1E,2026-ncaa-d3-conf-United East,genius_ncaa,2,1,9,1,9,11,11,12,5,12,13,1,9,8,8,1,10,10,8,10,2,12,12,5,5,5,4,6,5,11,6,10,7,9,5,8,4,6,10,9,9,7,5,2,,,5,10,,9,7,11,11,1,7,9,11,10,13,6,2,7,4,4,11,12,8,3,3,6,10,7,3,,8,,13,5,2,2,3,2,2,4,3,6,4,4,9,4,5,2,4,11,5,4,2,2,5,12,11,12,5,7,3,6,5,5,3,11,9,7,5,6,9,3,5,,,10,1,,4,7,4,7,4,5,3,3,5,2,6,6,8,6,8,7,7,5,9,3,5,4,8,9,4,,2,,3,b'\x11\xe8\xe1I\xec\xb5\xf2\n\x9a\xbe\x12\xdf\x17\xaeN\x1e'
11E8E149-ECB5-F20A-9ABE-12DF17AE4E1E,2026-ncaa-d3-natl,genius_ncaa,288,366,42,332,47,219,214,154,322,307,273,290,60,33,218,15,308,270,354,272,226,172,116,270,296,338,48,13,357,220,323,117,362,149,344,205,184,381,378,345,207,314,158,240,,,360,261,,130,359,97,309,66,369,363,370,397,407,111,68,396,383,387,388,324,335,266,321,325,348,300,237,,269,,96,340,344,329,348,204,321,335,212,312,338,175,223,348,375,137,378,302,356,348,208,201,233,220,201,259,393,362,326,323,365,344,393,399,135,276,352,372,367,242,313,,,138,245,,62,359,319,354,286,346,252,231,238,227,229,230,264,281,313,328,265,244,359,215,306,355,265,334,164,,302,,110,b'\x11\xe8\xe1I\xec\xb5\xf2\n\x9a\xbe\x12\xdf\x17\xaeN\x1e'
11E8E149-ECBA-787A-9ABE-12DF17AE4E1E,2018-ncaa-d3-conf-NEAC,ncaa,6,7,3,6,4,6,7,5,7,9,8,9,2,2,4,3,5,5,6,6,5,5,5,7,6,6,2,1,10,8,10,3,9,3,8,8,11,6,3,9,14,14,3,3,,,10,9,,,5,4,10,12,8,8,8,13,11,2,1,9,8,8,8,9,10,2,6,10,4,14,3,,8,,,5,11,9,14,3,9,14,3,7,7,7,3,12,11,11,11,6,14,12,3,3,8,8,5,10,13,9,14,10,14,8,8,5,12,14,12,2,2,5,5,,,3,5,,,5,10,6,9,5,8,7,12,8,12,6,5,9,9,8,11,6,11,10,11,4,13,2,3,,5,,,b'\x11\xe8\xe1I\xec\xbaxz\x9a\xbe\x12\xdf\x17\xaeN\x1e'
11E8E149-ECBA-787A-9ABE-12DF17AE4E1E,2018-ncaa-d3-conf-United East,ncaa,6,7,3,6,4,6,7,5,7,9,8,9,2,2,4,3,5,5,6,6,5,5,5,7,6,6,2,1,10,8,10,3,9,3,8,8,11,6,3,9,14,14,3,3,,,10,9,,,5,4,10,12,8,8,8,13,11,2,1,9,8,8,8,9,10,2,6,10,4,14,3,,8,,,5,11,9,14,3,9,14,3,7,7,7,3,12,11,11,11,6,14,12,3,3,8,8,5,10,13,9,14,10,14,8,8,5,12,14,12,2,2,5,5,,,3,5,,,5,10,6,9,5,8,7,12,8,12,6,5,9,9,8,11,6,11,10,11,4,13,2,3,,5,,,b'\x11\xe8\xe1I\xec\xbaxz\x9a\xbe\x12\xdf\x17\xaeN\x1e'
11E8E149-ECBA-787A-9ABE-12DF17AE4E1E,2018-ncaa-d3-natl,ncaa,179,197,123,190,191,148,170,115,247,247,200,306,41,63,53,91,225,210,253,204,236,122,118,189,204,202,66,46,330,224,336,33,257,84,268,197,265,265,202,237,315,388,42,89,,,261,130,,,195,97,78,404,156,179,105,305,257,40,65,265,246,244,118,125,261,11,64,219,228,343,42,,218,,,197,291,293,417,50,306,428,21,247,208,300,74,271,307,124,301,108,414,370,47,39,111,206,199,229,408,257,399,336,415,268,213,134,239,371,242,176,123,116,114,,,191,290,,,195,347,230,169,196,239,244,399,257,417,225,174,240,274,270,405,375,383,357,377,201,289,146,90,,231,,,b'\x11\xe8\xe1I\xec\xbaxz\x9a\xbe\x12\xdf\x17\xaeN\x1e'
11E8E149-ECBA-787A-9ABE-12DF17AE4E1E,2019-ncaa-d3-conf-NEAC,ncaa,5,5,2,5,2,3,3,3,6,4,3,5,4,5,8,6,3,3,4,3,4,2,2,6,5,3,5,6,4,6,8,3,6,4,8,9,12,10,5,9,6,9,5,6,,,12,12,,,5,2,6,5,4,5,4,4,5,5,5,4,4,4,5,8,7,5,6,10,4,8,5,,12,,,5,10,6,8,6,6,9,3,7,4,10,4,12,12,5,12,12,11,11,6,7,6,11,4,12,9,6,11,8,11,8,5,4,4,6,3,1,1,9,10,,,4,4,,,5,11,6,6,5,8,5,4,5,6,6,4,12,12,12,8,7,7,8,7,3,4,1,9,,4,,,b'\x11\xe8\xe1I\xec\xbaxz\x9a\xbe\x12\xdf\x17\xaeN\x1e'
11E8E149-ECBA-787A-9ABE-12DF17AE4E1E,2019-ncaa-d3-conf-United East,ncaa,5,5,2,5,2,3,3,3,6,4,3,5,4,5,8,6,3,3,4,3,4,2,2,6,5,3,5,6,4,6,8,3,6,4,8,9,12,10,5,9,6,9,5,6,,,12,12,,,5,2,6,5,4,5,4,4,5,5,5,4,4,4,5,8,7,5,6,10,4,8,5,,12,,,5,10,6,8,6,6,9,3,7,4,10,4,12,12,5,12,12,11,11,6,7,6,11,4,12,9,6,11,8,11,8,5,4,4,6,3,1,1,9,10,,,4,4,,,5,11,6,6,5,8,5,4,5,6,6,4,12,12,12,8,7,7,8,7,3,4,1,9,,4,,,b'\x11\xe8\xe1I\xec\xbaxz\x9a\xbe\x12\xdf\x17\xaeN\x1e'
11E8E149-ECBA-787A-9ABE-12DF17AE4E1E,2019-ncaa-d3-natl,ncaa,206,244,129,232,149,127,127,115,164,101,85,194,236,271,201,330,118,102,244,115,227,105,119,204,200,170,312,322,178,178,259,97,257,118,252,272,411,214,144,269,251,333,197,245,,,426,400,,,199,109,101,94,124,125,98,85,73,268,292,125,106,123,89,113,200,86,100,315,181,291,203,,429,,,199,351,239,332,130,292,345,154,139,239,55,121,438,439,271,439,416,388,358,102,166,207,288,72,434,358,257,355,259,366,252,181,113,202,296,182,68,37,263,174,,,189,272,,,199,340,177,223,196,304,207,310,259,326,120,202,438,439,439,378,363,330,325,337,150,233,56,249,,214,,,b'\x11\xe8\xe1I\xec\xbaxz\x9a\xbe\x12\xdf\x17\xaeN\x1e'
11E8E149-ECBA-787A-9ABE-12DF17AE4E1E,2020-ncaa-d3-conf-NEAC,ncaa,6,6,7,6,7,8,6,7,4,4,5,7,9,9,8,9,9,8,8,8,10,7,8,7,8,8,10,9,8,5,5,6,6,5,6,11,12,6,8,11,5,6,5,5,,,9,11,,,4,9,8,1,8,5,7,4,3,9,9,7,8,8,7,6,5,5,4,11,7,5,5,,11,,,4,3,3,2,4,6,5,6,1,5,1,5,11,10,11,10,11,4,5,2,4,4,5,3,11,4,6,5,5,3,6,1,1,7,6,5,2,2,6,4,,,11,11,,,4,4,9,5,4,5,5,6,7,6,2,5,11,11,11,8,8,8,7,7,2,6,2,6,,10,,,b'\x11\xe8\xe1I\xec\xbaxz\x9a\xbe\x12\xdf\x17\xaeN\x1e'
11E8E149-ECBA-787A-9ABE-12DF17AE4E1E,2020-ncaa-d3-conf-United East,ncaa,6,6,7,6,7,8,6,7,4,4,5,7,9,9,8,9,9,8,8,8,10,7,8,7,8,8,10,9,8,5,5,6,6,5,6,11,12,6,8,11,5,6,5,5,,,9,11,,,4,9,8,1,8,5,7,4,3,9,9,7,8,8,7,6,5,5,4,11,7,5,5,,11,,,4,3,3,2,4,6,5,6,1,5,1,5,11,10,11,10,11,4,5,2,4,4,5,3,11,4,6,5,5,3,6,1,1,7,6,5,2,2,6,4,,,11,11,,,4,4,9,5,4,5,5,6,7,6,2,5,11,11,11,8,8,8,7,7,2,6,2,6,,10,,,b'\x11\xe8\xe1I\xec\xbaxz\x9a\xbe\x12\xdf\x17\xaeN\x1e'
11E8E149-ECBA-787A-9ABE-12DF17AE4E1E,2020-ncaa-d3-natl,ncaa,285,275,327,291,339,281,241,275,205,144,117,224,386,392,306,401,310,242,375,260,339,272,279,252,284,288,415,392,288,271,279,198,143,231,215,347,426,217,265,348,208,193,295,293,,,247,310,,,265,269,110,137,244,174,174,69,40,382,385,282,198,213,167,134,214,85,140,361,285,161,287,,339,,,266,154,131,158,148,171,171,217,112,188,48,216,312,305,296,306,318,175,149,127,164,200,221,123,345,136,143,243,279,188,215,130,152,262,251,196,97,117,58,35,,,361,378,,,265,182,294,181,259,251,221,273,255,262,161,259,363,344,347,302,295,202,319,276,182,205,140,68,,355,,,b'\x11\xe8\xe1I\xec\xbaxz\x9a\xbe\x12\xdf\x17\xaeN\x1e'
11E8E149-ECBA-787A-9ABE-12DF17AE4E1E,2022-ncaa-d3-conf-United East,ncaa,6,6,6,6,7,5,3,4,3,2,4,5,4,4,4,5,7,6,8,6,7,4,4,5,5,5,6,5,9,1,2,6,7,3,4,7,9,5,4,7,4,4,5,5,,,8,7,,,7,4,1,6,5,2,1,2,4,4,4,7,4,4,1,1,1,3,1,7,7,4,4,,9,,,7,7,7,5,6,3,2,6,8,8,7,8,7,8,3,8,9,5,6,7,6,7,9,8,5,7,7,5,2,5,4,7,9,5,5,7,4,5,3,4,,,6,5,,,7,5,5,7,7,7,7,7,6,5,8,8,8,9,9,7,9,7,6,7,7,4,6,5,,3,,,b'\x11\xe8\xe1I\xec\xbaxz\x9a\xbe\x12\xdf\x17\xaeN\x1e'
11E8E149-ECBA-787A-9ABE-12DF17AE4E1E,2022-ncaa-d3-natl,ncaa,275,318,188,293,231,179,131,85,230,121,91,212,180,155,248,229,357,241,424,239,340,99,61,233,305,315,341,216,422,43,59,202,382,113,269,278,415,390,320,363,58,95,223,241,,,406,347,,,312,90,28,290,171,98,38,92,59,203,161,395,248,245,44,17,18,188,66,306,375,50,233,,411,,,306,384,359,341,253,290,255,267,407,395,324,335,353,399,36,399,376,370,372,291,273,265,353,351,243,408,382,304,59,378,269,413,423,102,204,337,373,299,63,19,,,192,342,,,312,333,286,313,306,372,347,371,278,260,408,401,355,387,388,392,402,392,311,373,408,95,354,42,,185,,,b'\x11\xe8\xe1I\xec\xbaxz\x9a\xbe\x12\xdf\x17\xaeN\x1e'
11E8E149-ECBA-787A-9ABE-12DF17AE4E1E,2023-ncaa-d3-conf-United East,ncaa,7,7,8,7,8,7,7,4,7,5,5,7,5,5,6,4,6,3,7,3,5,4,5,7,7,7,5,5,7,2,2,7,8,5,4,7,8,4,5,7,3,3,2,2,,,9,9,,,7,7,1,4,6,5,1,2,2,5,4,5,3,3,1,1,1,2,2,7,6,3,2,,9,,,7,7,2,3,5,1,1,2,7,5,7,6,9,9,4,9,9,4,3,7,7,7,9,7,9,8,8,4,2,5,4,5,6,5,5,6,5,5,1,3,,,8,8,,,7,3,6,7,7,7,7,6,4,7,8,7,9,9,9,8,8,8,8,8,6,4,5,3,,8,,,b'\x11\xe8\xe1I\xec\xbaxz\x9a\xbe\x12\xdf\x17\xaeN\x1e'
11E8E149-ECBA-787A-9ABE-12DF17AE4E1E,2023-ncaa-d3-natl,ncaa,341,297,377,344,392,319,307,299,289,278,263,283,297,275,304,241,344,315,372,315,271,305,295,303,322,336,283,233,300,179,122,244,313,210,194,354,384,293,336,364,203,193,117,90,,,251,299,,,289,320,45,267,245,205,97,182,109,229,197,299,210,209,100,49,77,32,29,319,372,119,70,,385,,,290,115,98,158,94,74,124,77,260,257,238,287,220,286,35,284,329,166,152,115,96,143,355,327,282,307,313,90,122,167,194,192,297,269,261,243,288,316,8,4,,,392,412,,,289,119,318,187,281,307,270,373,206,317,351,370,332,381,384,385,391,375,269,338,294,147,359,7,,360,,,b'\x11\xe8\xe1I\xec\xbaxz\x9a\xbe\x12\xdf\x17\xaeN\x1e'
11E8E149-ECBA-787A-9ABE-12DF17AE4E1E,2024-ncaa-d3-conf-United East,ncaa,7,5,11,6,11,5,5,5,7,7,7,5,2,2,5,4,6,9,5,9,11,5,8,5,6,3,6,5,10,5,6,10,7,5,6,5,9,3,1,1,3,3,8,4,,,12,13,,,5,11,2,10,1,2,2,5,5,3,3,4,7,7,1,1,2,4,2,3,2,3,5,,16,,,4,7,7,6,4,7,6,10,9,13,5,14,12,8,16,8,16,7,7,6,11,5,16,12,15,7,7,11,6,8,6,10,12,5,3,6,4,2,8,7,,,11,15,,,5,7,3,5,5,9,6,8,4,4,11,11,16,14,14,8,13,7,15,14,9,3,4,11,,9,,,b'\x11\xe8\xe1I\xec\xbaxz\x9a\xbe\x12\xdf\x17\xaeN\x1e'
11E8E149-ECBA-787A-9ABE-12DF17AE4E1E,2024-ncaa-d3-natl,ncaa,184,232,63,208,90,39,33,10,186,42,25,179,86,57,223,195,185,120,368,115,337,13,11,192,230,183,293,197,372,27,145,96,308,52,271,48,179,252,66,85,15,38,177,249,,,405,271,,,121,14,9,238,35,22,6,33,31,107,68,236,171,163,7,12,35,149,54,44,195,16,214,,393,,,125,370,331,390,135,354,392,172,156,271,44,120,409,405,271,403,305,405,418,112,151,67,173,52,361,381,308,419,145,416,271,373,362,14,39,101,286,120,129,38,,,185,392,,,121,417,153,88,131,296,261,334,294,345,107,193,391,384,380,362,409,341,402,387,323,14,230,91,,273,,,b'\x11\xe8\xe1I\xec\xbaxz\x9a\xbe\x12\xdf\x17\xaeN\x1e'
11E8E149-ECBA-787A-9ABE-12DF17AE4E1E,2025-ncaa-d3-conf-United East,genius_ncaa,3,2,4,3,5,1,2,2,5,2,4,6,1,2,1,2,4,5,14,5,7,1,1,4,5,1,2,1,16,2,5,4,5,3,6,2,5,2,2,1,2,3,7,7,,,15,13,,8,2,1,2,5,1,1,2,3,5,1,2,5,5,4,1,1,2,6,2,2,2,1,8,,16,,8,1,11,7,12,6,3,10,3,15,12,17,10,17,16,16,16,16,13,15,7,12,7,17,15,17,9,5,16,5,15,6,10,15,2,3,6,2,2,13,12,,,4,11,,12,2,17,1,5,2,10,6,7,2,6,13,9,16,16,16,9,15,7,14,11,9,1,2,13,,5,,12,b'\x11\xe8\xe1I\xec\xbaxz\x9a\xbe\x12\xdf\x17\xaeN\x1e'
11E8E149-ECBA-787A-9ABE-12DF17AE4E1E,2025-ncaa-d3-natl,genius_ncaa,82,75,116,87,139,38,43,19,181,89,64,189,23,30,89,114,108,60,307,55,180,17,27,140,162,108,114,82,310,12,43,127,282,38,189,51,126,158,36,45,17,23,224,262,,,364,268,,201,57,52,42,154,18,21,9,71,53,21,24,111,76,69,6,11,7,146,23,31,139,14,239,,365,,188,53,289,173,259,97,165,268,73,226,226,223,156,405,391,384,385,354,308,376,106,185,77,348,169,404,333,282,379,43,381,189,315,370,21,29,78,78,19,183,93,,,97,289,,309,57,368,68,95,63,231,143,212,140,216,194,187,397,381,375,257,367,310,359,342,277,14,69,159,,102,,329,b'\x11\xe8\xe1I\xec\xbaxz\x9a\xbe\x12\xdf\x17\xaeN\x1e'
11E8E149-ECBA-787A-9ABE-12DF17AE4E1E,2026-ncaa-d3-conf-United East,genius_ncaa,2,7,4,7,4,4,4,5,9,4,5,7,4,4,9,6,2,1,9,2,5,5,5,7,8,7,9,9,7,3,4,9,10,6,8,4,5,8,4,5,5,6,2,6,,,11,11,,1,6,5,5,1,6,6,4,5,5,8,5,4,3,3,4,3,3,14,7,5,5,6,5,,11,,1,8,8,8,8,9,8,8,6,7,6,13,2,10,10,6,10,7,8,8,7,8,7,5,7,8,8,10,9,4,8,8,9,12,3,4,6,7,4,7,6,,,2,6,,8,6,9,6,7,8,8,7,4,7,8,7,3,8,8,9,6,7,7,9,8,10,4,6,7,,3,,9,b'\x11\xe8\xe1I\xec\xbaxz\x9a\xbe\x12\xdf\x17\xaeN\x1e'
11E8E149-ECBA-787A-9ABE-12DF17AE4E1E,2026-ncaa-d3-natl,genius_ncaa,54,200,8,151,21,19,15,5,265,12,9,209,145,38,369,246,42,18,343,19,208,4,5,289,299,280,326,322,218,2,44,87,393,17,280,44,279,377,181,237,7,55,50,140,,,383,143,,234,165,12,63,113,153,122,33,88,57,286,144,149,81,94,28,29,17,346,133,189,266,29,131,,249,,133,179,378,371,397,138,335,376,136,390,398,216,322,344,351,215,347,191,396,406,158,161,81,309,332,193,410,393,386,44,402,280,405,405,7,45,186,393,259,336,167,,,24,260,,169,165,399,234,147,196,219,204,265,142,187,313,329,190,173,164,249,360,376,273,349,358,20,318,229,,122,,254,b'\x11\xe8\xe1I\xec\xbaxz\x9a\xbe\x12\xdf\x17\xaeN\x1e'
11E8E149-ECBE-F922-9ABE-12DF17AE4E1E,2018-ncaa-d3-conf-AMCC,ncaa,7,7,7,7,10,5,7,7,5,7,5,4,7,7,5,8,1,3,1,3,2,6,6,5,3,3,3,9,1,9,8,7,10,7,9,4,1,5,5,5,7,8,3,3,,,4,2,,,6,5,1,9,3,5,5,4,3,6,6,1,1,1,5,3,8,3,5,1,7,7,2,,4,,,6,7,10,10,2,9,10,2,4,5,2,5,4,6,4,6,2,10,7,2,2,5,2,4,2,10,10,6,8,8,9,6,4,7,8,8,9,8,2,1,,,4,2,,,6,6,5,7,6,9,10,10,10,10,5,5,7,7,7,10,10,10,7,10,9,6,9,3,,1,,,"b'\x11\xe8\xe1I\xec\xbe\xf9""\x9a\xbe\x12\xdf\x17\xaeN\x1e'"
11E8E149-ECBE-F922-9ABE-12DF17AE4E1E,2018-ncaa-d3-natl,ncaa,243,172,390,213,403,212,256,309,200,206,247,189,316,321,297,317,41,90,18,91,67,266,284,227,146,152,219,351,11,249,171,249,394,259,286,175,71,153,212,163,257,284,102,142,,,80,56,,,176,289,22,303,42,98,63,74,69,261,227,1,11,11,43,34,117,26,46,55,311,178,59,,213,,,168,133,174,310,88,270,371,106,62,143,23,86,159,156,224,147,82,278,230,54,54,115,60,59,208,410,394,109,171,250,286,217,256,297,338,290,345,354,31,29,,,187,103,,,176,149,171,208,178,345,358,436,392,437,133,271,301,294,290,437,428,432,300,402,342,172,396,61,,16,,,"b'\x11\xe8\xe1I\xec\xbe\xf9""\x9a\xbe\x12\xdf\x17\xaeN\x1e'"
11E8E149-ECBE-F922-9ABE-12DF17AE4E1E,2019-ncaa-d3-conf-AMCC,ncaa,4,3,4,4,5,2,3,3,3,4,3,3,4,4,6,6,1,1,2,1,2,2,3,3,3,2,4,7,1,6,8,4,8,4,8,2,3,4,2,2,5,5,3,4,,,6,5,,,4,3,2,7,2,3,3,3,5,5,6,1,1,1,2,2,5,4,4,2,4,5,4,,5,,,4,10,10,10,10,10,10,10,6,8,5,5,4,5,3,5,3,9,8,8,8,7,2,5,2,9,8,7,8,8,8,6,2,4,6,5,5,3,9,8,,,2,1,,,4,8,2,7,4,9,9,9,10,10,7,7,3,4,4,9,10,9,5,9,6,4,5,9,,1,,,"b'\x11\xe8\xe1I\xec\xbe\xf9""\x9a\xbe\x12\xdf\x17\xaeN\x1e'"
11E8E149-ECBE-F922-9ABE-12DF17AE4E1E,2019-ncaa-d3-natl,ncaa,206,219,215,219,255,139,140,152,157,125,146,121,221,186,289,242,112,122,171,110,147,136,153,182,170,144,274,291,147,183,209,233,356,221,293,91,58,184,133,81,208,249,142,189,,,151,81,,,238,145,76,172,81,89,73,79,115,226,172,86,93,81,65,86,163,212,180,57,194,200,136,,168,,,238,390,417,381,351,409,351,383,282,325,156,260,149,159,126,154,95,365,326,330,307,333,69,172,75,383,356,263,209,329,293,383,229,231,305,354,305,283,334,281,,,213,265,,,238,297,152,357,241,388,407,404,409,379,296,343,161,173,166,397,385,382,287,339,377,223,314,340,,177,,,"b'\x11\xe8\xe1I\xec\xbe\xf9""\x9a\xbe\x12\xdf\x17\xaeN\x1e'"
11E8E149-ECBE-F922-9ABE-12DF17AE4E1E,2020-ncaa-d3-conf-AMCC,ncaa,6,6,5,6,5,2,2,3,3,3,2,5,4,7,2,9,2,2,2,2,4,4,3,2,2,2,3,6,3,8,8,4,8,7,8,4,5,5,3,4,1,3,1,1,,,11,8,,,4,1,1,4,2,2,3,3,3,4,7,2,1,1,1,1,8,3,6,4,4,1,2,,10,,,3,10,8,10,3,6,9,3,8,9,5,6,10,10,1,10,9,11,11,3,3,4,10,7,8,10,8,7,8,10,8,8,7,1,4,4,7,6,6,4,,,3,4,,,4,11,4,6,3,7,8,10,7,10,7,8,9,10,10,10,11,10,8,8,8,1,7,6,,1,,,"b'\x11\xe8\xe1I\xec\xbe\xf9""\x9a\xbe\x12\xdf\x17\xaeN\x1e'"
11E8E149-ECBE-F922-9ABE-12DF17AE4E1E,2020-ncaa-d3-natl,ncaa,170,163,198,177,264,95,136,163,126,126,123,178,167,243,72,306,25,39,37,46,88,133,147,138,81,71,174,267,38,260,261,223,372,246,323,118,127,180,139,103,95,142,48,70,,,345,233,,,155,100,36,250,41,87,105,80,88,164,246,9,23,28,53,80,245,208,241,77,204,83,41,,370,,,153,343,323,356,199,321,347,187,264,267,218,179,319,353,101,357,261,374,379,188,178,180,215,197,259,396,372,237,261,330,323,321,267,115,189,220,319,297,148,114,,,75,86,,,155,355,105,234,148,335,320,371,322,377,274,288,328,358,362,393,413,386,244,337,325,87,328,157,,41,,,"b'\x11\xe8\xe1I\xec\xbe\xf9""\x9a\xbe\x12\xdf\x17\xaeN\x1e'"
11E8E149-ECBE-F922-9ABE-12DF17AE4E1E,2021-ncaa-d3-natl,ncaa,251,28,273,251,275,285,285,275,283,279,275,278,282,277,283,113,284,285,139,285,285,277,276,284,285,283,283,262,278,276,255,278,282,279,280,281,112,16,224,261,273,137,262,85,,,2,3,,,187,276,18,110,281,273,16,240,31,279,84,282,284,284,68,31,111,149,135,243,252,57,48,,4,,,281,11,13,11,220,10,8,279,20,22,55,283,1,1,3,1,3,11,11,228,153,192,36,255,1,22,282,11,255,13,280,19,275,279,203,271,21,248,27,278,,,280,241,,,187,9,283,263,281,275,280,283,274,240,275,284,1,2,2,281,281,284,282,284,280,94,264,283,,179,,,"b'\x11\xe8\xe1I\xec\xbe\xf9""\x9a\xbe\x12\xdf\x17\xaeN\x1e'"
11E8E149-ECBE-F922-9ABE-12DF17AE4E1E,2022-ncaa-d3-conf-AMCC,ncaa,6,7,4,7,4,5,5,5,6,5,5,5,7,7,7,6,8,8,2,8,9,5,7,6,6,4,5,6,6,7,7,6,4,7,7,4,1,3,4,4,3,4,3,3,,,4,7,,,6,6,6,1,5,5,6,6,6,6,7,7,9,9,6,8,8,7,7,4,4,4,3,,5,,,6,5,4,3,6,4,5,4,2,3,7,3,7,7,9,6,6,4,4,4,6,7,6,4,8,5,4,8,7,7,7,5,4,4,4,4,5,5,6,7,,,8,5,,,6,4,6,6,6,6,5,4,6,6,3,2,7,7,7,5,4,4,8,7,4,5,5,7,,8,,,"b'\x11\xe8\xe1I\xec\xbe\xf9""\x9a\xbe\x12\xdf\x17\xaeN\x1e'"
11E8E149-ECBE-F922-9ABE-12DF17AE4E1E,2022-ncaa-d3-natl,ncaa,302,341,188,325,207,278,247,184,332,218,164,302,301,197,380,217,331,373,67,375,408,227,250,342,346,309,332,282,320,312,377,280,306,296,371,202,98,127,155,165,152,148,223,268,,,127,104,,,323,228,242,164,340,292,149,229,153,321,217,373,410,411,232,289,344,328,353,205,132,151,233,,103,,,317,262,299,245,279,337,330,247,127,92,289,60,229,169,392,155,87,222,204,256,264,267,82,87,191,273,306,366,377,349,371,181,72,210,230,181,259,273,174,155,,,348,381,,,323,193,330,281,323,248,281,244,324,341,109,59,229,166,153,213,208,267,376,337,156,228,255,176,,396,,,"b'\x11\xe8\xe1I\xec\xbe\xf9""\x9a\xbe\x12\xdf\x17\xaeN\x1e'"
11E8E149-ECBE-F922-9ABE-12DF17AE4E1E,2023-ncaa-d3-conf-AMCC,ncaa,4,4,5,4,5,4,4,4,6,7,5,7,1,2,3,1,6,7,5,7,6,4,5,6,6,4,1,1,7,4,5,3,3,4,5,4,4,4,4,4,6,6,5,4,,,3,3,,,4,7,6,3,4,4,3,6,5,1,2,6,7,7,4,4,4,1,2,5,4,7,5,,3,,,4,4,5,6,5,6,3,6,6,7,5,7,3,4,3,3,5,4,2,4,4,6,5,6,3,3,3,8,5,7,5,7,7,7,7,7,4,4,8,8,,,7,7,,,4,2,4,5,4,5,6,6,6,3,6,7,5,5,5,6,5,4,7,7,6,7,4,8,,7,,,"b'\x11\xe8\xe1I\xec\xbe\xf9""\x9a\xbe\x12\xdf\x17\xaeN\x1e'"
11E8E149-ECBE-F922-9ABE-12DF17AE4E1E,2023-ncaa-d3-natl,ncaa,228,131,397,195,397,356,353,321,363,376,340,388,158,194,134,109,395,405,152,403,407,358,385,340,348,311,83,35,381,194,153,355,314,312,255,301,143,48,144,199,330,265,383,377,,,33,61,,,287,398,207,123,272,265,58,327,157,79,76,374,399,397,97,126,53,124,58,205,179,228,362,,81,,,291,54,94,66,222,98,84,223,156,143,207,269,38,55,56,51,98,49,33,214,172,229,165,281,70,209,314,122,153,152,255,192,306,377,326,349,145,265,213,305,,,405,408,,,287,31,279,277,289,274,317,347,312,307,293,315,99,143,130,325,278,348,366,366,319,275,280,342,,388,,,"b'\x11\xe8\xe1I\xec\xbe\xf9""\x9a\xbe\x12\xdf\x17\xaeN\x1e'"
11E8E149-ECBE-F922-9ABE-12DF17AE4E1E,2024-ncaa-d3-conf-AMCC,ncaa,3,3,1,3,1,3,3,2,6,3,3,6,1,1,3,4,7,6,5,7,8,2,2,5,5,5,4,1,8,4,6,1,4,1,7,2,1,4,4,3,7,8,3,5,,,3,2,,,3,2,7,2,5,4,3,5,4,1,2,9,8,8,4,7,4,1,2,2,3,8,4,,2,,,3,8,7,10,3,9,10,3,2,2,2,1,3,3,2,3,2,10,10,3,2,4,2,1,2,7,4,10,6,10,7,4,1,7,9,6,4,4,8,4,,,5,9,,,3,10,3,3,3,4,7,8,8,9,1,1,3,3,3,6,3,6,7,7,3,8,3,7,,8,,,"b'\x11\xe8\xe1I\xec\xbe\xf9""\x9a\xbe\x12\xdf\x17\xaeN\x1e'"
11E8E149-ECBE-F922-9ABE-12DF17AE4E1E,2024-ncaa-d3-natl,ncaa,162,185,112,178,137,127,112,54,223,141,79,273,65,80,90,145,294,303,213,315,391,70,102,198,226,160,174,88,392,94,191,66,189,75,196,86,98,79,32,49,288,330,163,256,,,46,16,,,165,115,147,109,110,92,22,155,81,66,85,337,349,352,39,103,81,45,49,68,67,313,190,,14,,,166,296,366,397,202,382,409,201,137,182,99,91,59,52,194,58,12,370,317,157,110,206,22,86,32,321,189,384,191,371,196,280,132,292,360,324,136,94,283,199,,,323,399,,,165,307,138,209,171,245,337,378,366,393,120,161,36,29,34,358,286,279,352,336,257,337,119,268,,379,,,"b'\x11\xe8\xe1I\xec\xbe\xf9""\x9a\xbe\x12\xdf\x17\xaeN\x1e'"
11E8E149-ECBE-F922-9ABE-12DF17AE4E1E,2025-ncaa-d3-conf-AMCC,genius_ncaa,4,5,3,4,4,4,4,5,4,3,4,4,5,5,5,5,6,6,6,6,8,6,6,4,4,4,5,4,7,5,5,4,4,4,4,4,5,4,4,4,5,4,4,4,,,6,7,,5,4,7,8,5,5,4,5,3,4,5,5,7,7,7,7,8,6,4,5,5,4,5,4,,7,,5,4,4,4,4,4,5,4,3,4,4,6,2,6,5,5,5,5,4,3,4,4,4,5,3,6,4,4,6,5,5,4,2,2,4,3,3,4,4,3,4,,,5,4,,3,4,3,4,4,4,3,3,3,4,4,3,3,6,6,6,3,2,4,4,4,3,4,4,4,,7,,3,"b'\x11\xe8\xe1I\xec\xbe\xf9""\x9a\xbe\x12\xdf\x17\xaeN\x1e'"
11E8E149-ECBE-F922-9ABE-12DF17AE4E1E,2025-ncaa-d3-natl,genius_ncaa,194,184,192,195,218,200,162,138,213,167,144,246,168,190,136,214,358,361,285,360,398,173,211,213,252,206,278,162,404,168,212,117,105,149,164,168,211,86,97,126,159,141,108,113,,,149,148,,107,204,238,193,127,191,132,83,151,100,156,176,381,380,374,116,184,156,74,93,153,103,139,101,,151,,109,202,171,206,223,171,249,266,176,137,159,147,143,176,167,222,166,139,213,180,161,146,189,126,145,182,156,105,284,212,229,164,169,149,244,260,219,123,139,205,167,,,353,385,,227,204,207,197,167,191,192,222,250,250,290,151,169,180,178,174,239,215,147,294,240,185,257,148,222,,386,,236,"b'\x11\xe8\xe1I\xec\xbe\xf9""\x9a\xbe\x12\xdf\x17\xaeN\x1e'"
11E8E149-ECBE-F922-9ABE-12DF17AE4E1E,2026-ncaa-d3-conf-AMCC,genius_ncaa,4,1,9,1,9,9,9,9,3,9,9,5,9,9,4,8,9,9,4,9,8,9,9,5,5,2,8,9,8,9,3,9,1,9,1,7,5,1,1,2,8,4,9,5,,,1,8,,7,4,9,9,2,4,3,2,3,2,7,9,6,8,8,5,7,2,5,2,3,1,5,6,,5,,9,2,1,1,1,6,1,1,6,1,1,3,9,1,1,1,1,8,1,1,6,5,2,6,8,2,1,1,1,3,1,1,1,9,9,1,5,1,1,1,1,,,9,8,,5,4,1,2,1,2,1,1,1,1,1,2,4,2,5,3,1,1,1,5,1,5,5,1,2,,9,,4,"b'\x11\xe8\xe1I\xec\xbe\xf9""\x9a\xbe\x12\xdf\x17\xaeN\x1e'"
11E8E149-ECBE-F922-9ABE-12DF17AE4E1E,2026-ncaa-d3-natl,genius_ncaa,54,68,116,75,139,174,132,83,289,119,60,318,157,168,183,285,287,245,343,223,376,90,162,287,314,220,299,198,366,66,191,149,105,115,212,105,142,36,6,15,194,196,195,218,,,193,188,,197,175,190,286,113,200,142,30,139,41,191,207,348,291,277,43,183,67,167,106,116,5,225,231,,135,,177,181,212,231,217,221,269,224,292,123,203,53,189,231,228,193,220,217,223,204,188,192,224,92,90,234,153,105,351,191,303,212,276,307,244,256,296,90,49,193,98,,,288,379,,262,175,221,176,194,182,153,182,152,242,177,73,152,203,191,176,162,105,115,373,301,258,302,56,157,,372,,296,"b'\x11\xe8\xe1I\xec\xbe\xf9""\x9a\xbe\x12\xdf\x17\xaeN\x1e'"
11E8E149-ECC4-9990-9ABE-12DF17AE4E1E,2018-ncaa-d3-conf-AMCC,ncaa,4,5,1,5,3,4,3,2,6,1,1,6,10,9,9,10,7,9,2,9,10,2,2,6,7,6,10,10,9,3,7,5,7,4,7,1,4,4,3,2,1,1,7,6,,,6,5,,,4,2,3,8,7,3,2,1,1,10,10,9,9,9,2,4,4,9,7,2,3,1,8,,5,,,4,5,4,7,4,3,2,4,8,10,6,9,4,7,1,7,8,5,10,5,4,2,9,9,3,9,7,9,7,10,7,8,8,1,1,1,6,4,9,4,,,8,10,,,4,9,7,2,4,2,2,4,2,1,8,8,2,4,4,2,9,7,9,9,6,1,5,9,,9,,,b'\x11\xe8\xe1I\xec\xc4\x99\x90\x9a\xbe\x12\xdf\x17\xaeN\x1e'
11E8E149-ECC4-9990-9ABE-12DF17AE4E1E,2018-ncaa-d3-natl,ncaa,196,251,68,222,106,129,100,26,305,46,12,304,343,279,402,375,183,252,52,244,430,37,35,357,344,304,410,393,298,53,184,212,408,118,367,107,207,324,142,179,8,18,324,337,,,303,102,,,214,33,43,299,183,113,22,44,10,381,329,239,333,321,40,43,62,342,178,129,245,9,353,,234,,,215,360,332,363,196,273,268,243,363,404,165,361,329,356,110,355,336,381,427,239,219,76,320,322,246,427,408,434,184,437,367,374,350,16,28,74,406,311,409,202,,,252,427,,,214,413,296,125,214,253,231,258,192,160,316,365,271,303,301,275,410,394,392,400,306,12,365,385,,370,,,b'\x11\xe8\xe1I\xec\xc4\x99\x90\x9a\xbe\x12\xdf\x17\xaeN\x1e'
11E8E149-ECC4-9990-9ABE-12DF17AE4E1E,2019-ncaa-d3-conf-AMCC,ncaa,4,6,1,5,1,5,5,2,4,2,2,5,10,10,9,10,3,2,8,2,6,3,2,7,7,7,10,10,2,2,6,3,4,3,4,4,5,10,8,8,3,4,5,5,,,10,9,,,5,2,7,6,7,7,8,4,2,10,10,4,3,3,7,7,7,5,7,6,8,4,5,,9,,,5,8,8,9,3,8,9,3,5,5,4,4,9,9,4,10,8,10,10,2,2,4,7,4,9,8,4,9,6,9,4,9,8,3,3,3,10,9,6,4,,,1,3,,,5,9,8,4,5,4,2,2,3,4,3,3,7,9,9,3,4,4,4,3,4,3,9,3,,3,,,b'\x11\xe8\xe1I\xec\xc4\x99\x90\x9a\xbe\x12\xdf\x17\xaeN\x1e'
11E8E149-ECC4-9990-9ABE-12DF17AE4E1E,2019-ncaa-d3-natl,ncaa,206,304,42,258,59,205,166,124,246,71,32,256,413,402,406,426,180,150,295,122,319,119,66,322,322,342,429,433,168,121,201,105,276,99,231,126,113,412,357,288,101,163,224,292,,,369,254,,,305,59,182,289,341,281,309,116,64,427,426,261,233,210,296,192,214,235,231,175,352,163,280,,262,,,291,367,371,389,233,383,381,236,241,277,163,154,296,348,55,353,227,397,397,202,179,176,125,143,204,373,276,349,201,367,231,415,398,97,174,280,425,387,287,128,,,138,281,,,305,385,347,182,291,199,233,227,269,264,144,166,192,248,257,239,256,280,193,226,337,159,380,217,,260,,,b'\x11\xe8\xe1I\xec\xc4\x99\x90\x9a\xbe\x12\xdf\x17\xaeN\x1e'
11E8E149-ECC4-9990-9ABE-12DF17AE4E1E,2020-ncaa-d3-conf-AMCC,ncaa,5,5,5,5,6,6,2,5,2,2,3,2,7,6,9,8,7,6,11,6,8,6,6,3,5,5,11,10,9,7,7,5,7,6,7,3,3,6,6,5,6,7,5,5,,,8,9,,,6,4,3,10,5,2,4,1,4,8,6,9,6,6,5,4,6,4,5,3,6,7,5,,8,,,6,3,3,8,2,4,7,1,4,3,6,3,9,9,2,9,8,8,9,2,2,2,8,4,9,9,7,6,7,8,7,3,4,4,6,2,10,7,7,5,,,6,8,,,6,8,5,4,6,6,4,6,2,9,4,4,8,9,9,7,9,7,6,7,5,3,8,8,,6,,,b'\x11\xe8\xe1I\xec\xc4\x99\x90\x9a\xbe\x12\xdf\x17\xaeN\x1e'
11E8E149-ECC4-9990-9ABE-12DF17AE4E1E,2020-ncaa-d3-natl,ncaa,118,163,26,148,64,70,37,34,99,32,37,74,159,135,231,258,253,202,333,198,369,43,45,126,165,141,369,280,401,91,165,98,338,88,269,34,137,237,116,57,155,255,95,170,,,393,244,,,155,39,172,423,111,55,82,42,93,220,216,340,312,313,116,158,155,246,211,59,132,233,129,,289,,,160,388,347,396,147,358,409,115,230,221,234,85,409,406,294,403,275,416,412,125,169,190,231,122,353,410,338,359,165,393,269,313,212,105,229,209,349,262,336,208,,,173,341,,,155,396,135,238,176,238,208,252,233,326,147,109,362,343,338,273,279,340,208,282,208,186,278,275,,318,,,b'\x11\xe8\xe1I\xec\xc4\x99\x90\x9a\xbe\x12\xdf\x17\xaeN\x1e'
11E8E149-ECC4-9990-9ABE-12DF17AE4E1E,2021-ncaa-d3-natl,ncaa,251,28,273,251,275,276,272,277,82,271,274,46,277,279,249,201,282,284,201,284,281,278,279,116,153,126,281,244,276,274,104,280,265,280,227,273,184,5,54,60,280,243,262,66,,,3,6,,,141,280,165,110,123,41,36,14,22,221,180,268,276,277,79,138,72,221,160,85,53,223,48,,8,,,149,5,6,9,177,7,6,246,4,8,10,123,13,8,283,8,96,7,6,131,151,149,30,22,177,9,265,5,104,6,227,6,99,279,122,126,1,21,24,253,,,284,281,,,141,6,99,196,146,176,195,202,242,198,30,153,191,105,119,188,204,259,183,239,157,94,18,274,,276,,,b'\x11\xe8\xe1I\xec\xc4\x99\x90\x9a\xbe\x12\xdf\x17\xaeN\x1e'
11E8E149-ECC4-9990-9ABE-12DF17AE4E1E,2022-ncaa-d3-conf-AMCC,ncaa,3,2,4,2,5,2,3,1,3,1,1,2,5,5,5,7,2,5,1,5,8,2,4,3,2,1,8,8,8,4,4,4,6,4,6,2,3,1,1,1,2,2,1,1,,,6,3,,,1,4,2,3,1,1,1,1,1,5,4,1,4,4,1,1,3,3,4,1,1,2,1,,6,,,1,1,2,4,1,2,2,1,3,6,2,7,3,3,2,3,5,5,7,1,1,1,8,7,6,7,6,4,4,6,6,3,6,1,1,2,2,3,5,4,,,6,8,,,1,6,1,1,1,2,1,5,2,3,4,6,5,6,5,6,8,7,6,5,3,1,3,5,,7,,,b'\x11\xe8\xe1I\xec\xc4\x99\x90\x9a\xbe\x12\xdf\x17\xaeN\x1e'
11E8E149-ECC4-9990-9ABE-12DF17AE4E1E,2022-ncaa-d3-natl,ncaa,39,55,32,50,50,13,8,9,51,3,5,58,140,150,155,334,140,133,216,131,397,11,17,80,98,47,398,330,401,10,36,70,340,31,185,21,211,117,8,8,32,82,42,82,,,264,67,,,19,25,82,290,15,7,10,2,12,212,245,239,245,240,11,52,24,179,71,27,36,61,56,,124,,,19,313,331,403,76,347,409,87,197,289,66,144,271,258,288,254,79,403,414,58,60,46,125,138,201,411,340,361,36,397,185,296,193,27,66,74,231,87,139,14,,,215,405,,,19,407,26,71,23,132,160,305,212,331,94,168,159,139,137,272,360,357,211,298,170,46,144,64,,372,,,b'\x11\xe8\xe1I\xec\xc4\x99\x90\x9a\xbe\x12\xdf\x17\xaeN\x1e'
11E8E149-ECC4-9990-9ABE-12DF17AE4E1E,2023-ncaa-d3-conf-AMCC,ncaa,2,2,1,2,1,1,1,1,1,1,1,2,4,6,1,8,3,2,2,2,7,1,1,2,2,1,8,7,8,2,1,1,5,1,3,2,7,1,1,1,1,1,1,1,,,5,4,,,1,1,2,5,1,1,1,1,1,4,6,3,3,3,1,1,2,2,1,2,1,1,1,,5,,,1,2,2,8,1,3,5,1,2,6,2,6,4,3,6,4,4,8,8,2,1,1,4,5,5,8,5,3,1,5,3,2,3,1,2,2,2,2,3,2,,,4,6,,,1,8,1,2,1,2,2,5,1,4,2,4,3,3,3,4,7,5,2,3,2,1,2,3,,5,,,b'\x11\xe8\xe1I\xec\xc4\x99\x90\x9a\xbe\x12\xdf\x17\xaeN\x1e'
11E8E149-ECC4-9990-9ABE-12DF17AE4E1E,2023-ncaa-d3-natl,ncaa,48,62,33,63,35,8,3,6,17,2,3,50,89,190,11,359,51,57,133,61,374,7,18,29,31,14,371,313,371,26,55,56,339,28,180,20,301,89,4,9,21,47,97,169,,,312,90,,,12,14,68,100,6,2,6,2,7,128,277,93,114,123,6,32,39,161,63,31,34,27,132,,186,,,13,373,392,415,149,389,399,194,299,381,64,252,217,216,177,225,86,410,418,136,98,78,106,191,96,414,339,346,55,401,180,356,219,33,89,126,194,61,266,44,,,73,328,,,12,411,9,115,20,239,280,344,294,329,204,291,110,111,120,321,366,364,193,293,261,49,121,186,,185,,,b'\x11\xe8\xe1I\xec\xc4\x99\x90\x9a\xbe\x12\xdf\x17\xaeN\x1e'
11E8E149-ECC4-9990-9ABE-12DF17AE4E1E,2024-ncaa-d3-conf-AMCC,ncaa,2,2,2,2,4,2,1,1,2,1,1,3,3,6,2,7,8,8,8,8,10,1,1,2,3,2,10,7,10,1,2,4,5,2,3,4,10,1,1,2,1,2,1,1,,,7,5,,,2,3,2,6,2,1,1,1,1,3,6,7,7,7,1,1,2,5,1,4,1,1,1,,7,,,2,2,2,5,2,2,7,1,5,4,6,5,7,7,3,7,6,5,6,1,1,1,9,8,8,4,5,6,2,5,3,2,4,1,1,1,2,2,2,1,,,9,10,,,2,8,2,1,2,1,1,3,2,5,5,3,6,7,7,3,5,4,5,5,1,1,2,1,,9,,,b'\x11\xe8\xe1I\xec\xc4\x99\x90\x9a\xbe\x12\xdf\x17\xaeN\x1e'
11E8E149-ECC4-9990-9ABE-12DF17AE4E1E,2024-ncaa-d3-natl,ncaa,74,87,63,88,92,35,17,18,59,12,21,64,123,115,145,276,238,224,270,215,394,30,59,79,116,54,374,271,410,45,92,117,274,78,181,94,377,50,6,36,40,59,23,30,,,237,106,,,47,62,108,244,18,9,11,10,23,160,168,293,289,285,15,66,55,190,93,112,21,44,26,,157,,,48,315,311,356,154,267,294,161,370,367,263,305,195,221,120,219,153,347,369,186,163,123,280,343,124,354,274,347,92,357,181,287,235,59,100,135,178,78,57,6,,,264,397,,,47,362,37,138,62,198,223,278,191,203,319,317,140,161,156,252,308,290,263,280,229,76,126,30,,362,,,b'\x11\xe8\xe1I\xec\xc4\x99\x90\x9a\xbe\x12\xdf\x17\xaeN\x1e'
11E8E149-ECC4-9990-9ABE-12DF17AE4E1E,2025-ncaa-d3-conf-AMCC,genius_ncaa,1,1,3,1,4,1,1,1,1,1,1,1,4,6,2,6,4,4,1,4,9,1,3,1,1,1,9,8,9,2,3,2,3,3,3,2,9,1,1,1,2,2,1,1,,,5,5,,2,1,4,3,5,1,1,1,1,1,4,6,4,6,6,1,1,2,2,1,2,1,2,1,,5,,1,1,2,1,2,1,2,5,1,1,1,1,1,9,8,8,8,8,2,5,1,1,1,4,1,9,3,3,4,3,3,3,1,1,2,1,1,2,2,1,1,,,4,8,,3,1,6,1,1,1,2,2,2,2,5,1,1,9,9,9,2,7,2,3,3,1,1,2,1,,6,,3,b'\x11\xe8\xe1I\xec\xc4\x99\x90\x9a\xbe\x12\xdf\x17\xaeN\x1e'
11E8E149-ECC4-9990-9ABE-12DF17AE4E1E,2025-ncaa-d3-natl,genius_ncaa,57,56,55,61,97,10,5,10,22,3,5,29,132,166,106,341,220,195,259,198,413,12,28,41,62,22,399,334,412,31,53,80,103,36,73,38,324,45,4,6,48,58,35,61,,,191,89,,73,9,39,61,258,4,3,7,1,3,176,217,281,262,269,10,35,32,118,44,26,19,55,41,,125,,65,8,242,252,306,145,317,364,151,65,116,63,61,303,269,324,266,171,309,365,107,129,69,75,43,279,191,103,320,53,277,73,83,30,39,56,23,181,60,59,6,,,219,389,,56,9,376,12,57,14,145,155,183,235,288,42,56,258,217,220,184,296,117,225,177,51,42,133,38,,307,,65,b'\x11\xe8\xe1I\xec\xc4\x99\x90\x9a\xbe\x12\xdf\x17\xaeN\x1e'
11E8E149-ECC4-9990-9ABE-12DF17AE4E1E,2026-ncaa-d3-conf-AMCC,genius_ncaa,2,4,1,4,1,1,1,1,2,1,1,3,4,3,3,9,4,4,6,4,9,1,1,2,3,4,9,8,9,1,4,1,2,1,3,1,3,8,5,3,3,5,2,3,,,9,5,,8,2,1,1,1,2,2,1,2,1,4,8,8,9,9,1,1,3,1,1,2,5,4,4,,7,,7,3,8,6,7,2,6,7,1,8,7,5,3,9,9,3,9,7,7,7,2,3,3,7,4,9,5,2,7,4,7,3,3,2,2,5,1,8,4,5,2,,,2,7,,1,2,8,3,3,4,3,2,4,2,4,2,2,8,8,8,4,7,3,4,3,1,4,5,5,,6,,2,b'\x11\xe8\xe1I\xec\xc4\x99\x90\x9a\xbe\x12\xdf\x17\xaeN\x1e'
11E8E149-ECC4-9990-9ABE-12DF17AE4E1E,2026-ncaa-d3-natl,genius_ncaa,98,200,42,183,60,30,18,28,114,6,14,97,248,183,341,344,96,88,238,82,326,33,38,170,192,179,403,376,280,25,58,89,227,54,127,56,307,321,165,178,63,148,50,102,,,309,141,,234,180,44,91,104,86,40,42,8,26,329,295,180,197,187,48,58,53,208,122,127,228,122,94,,174,,169,188,365,337,342,249,288,330,126,393,328,402,225,376,367,336,365,282,346,363,297,314,277,362,355,279,324,227,298,58,315,127,317,176,58,148,177,333,228,290,142,,,87,303,,47,180,364,157,267,199,296,244,226,147,219,365,246,329,296,289,233,275,225,165,188,229,113,272,229,,195,,85,b'\x11\xe8\xe1I\xec\xc4\x99\x90\x9a\xbe\x12\xdf\x17\xaeN\x1e'
11E8E149-ECC9-1C9A-9ABE-12DF17AE4E1E,2018-ncaa-d3-conf-NEAC,ncaa,7,7,5,8,6,5,3,2,5,2,2,4,8,9,7,10,10,11,12,11,14,2,3,5,7,7,13,10,13,6,6,10,12,8,9,4,9,4,2,1,7,7,4,7,,,8,7,,,7,4,1,7,3,1,1,1,2,9,10,12,11,11,2,2,5,13,10,3,6,7,5,,9,,,7,12,13,11,13,12,12,13,10,6,13,4,9,9,10,9,7,11,11,13,13,13,6,6,7,10,12,6,6,7,9,7,2,7,8,4,7,6,14,11,,,10,13,,,7,11,5,13,7,13,12,10,13,11,9,6,8,8,9,10,14,10,7,8,9,7,7,14,,9,,,b'\x11\xe8\xe1I\xec\xc9\x1c\x9a\x9a\xbe\x12\xdf\x17\xaeN\x1e'
11E8E149-ECC9-1C9A-9ABE-12DF17AE4E1E,2018-ncaa-d3-conf-United East,ncaa,7,7,5,8,6,5,3,2,5,2,2,4,8,9,7,10,10,11,12,11,14,2,3,5,7,7,13,10,13,6,6,10,12,8,9,4,9,4,2,1,7,7,4,7,,,8,7,,,7,4,1,7,3,1,1,1,2,9,10,12,11,11,2,2,5,13,10,3,6,7,5,,9,,,7,12,13,11,13,12,12,13,10,6,13,4,9,9,10,9,7,11,11,13,13,13,6,6,7,10,12,6,6,7,9,7,2,7,8,4,7,6,14,11,,,10,13,,,7,11,5,13,7,13,12,10,13,11,9,6,8,8,9,10,14,10,7,8,9,7,7,14,,9,,,b'\x11\xe8\xe1I\xec\xc9\x1c\x9a\x9a\xbe\x12\xdf\x17\xaeN\x1e'
11E8E149-ECC9-1C9A-9ABE-12DF17AE4E1E,2018-ncaa-d3-natl,ncaa,280,197,412,260,417,309,241,275,217,191,174,236,321,348,249,341,404,378,407,378,405,305,351,240,295,258,391,308,425,228,148,414,378,390,316,233,234,54,112,137,179,135,208,195,,,71,119,,,266,371,35,112,97,40,15,27,15,235,237,355,265,265,24,31,67,328,176,85,221,85,128,,250,,,271,126,162,82,329,217,173,275,123,64,374,93,108,105,199,105,126,75,77,312,306,280,119,169,136,180,378,86,148,103,316,98,81,254,181,176,184,276,420,406,,,412,414,,,266,69,239,290,268,389,395,393,395,405,272,191,276,277,278,392,412,366,336,356,288,103,334,442,,307,,,b'\x11\xe8\xe1I\xec\xc9\x1c\x9a\x9a\xbe\x12\xdf\x17\xaeN\x1e'
11E8E149-ECC9-1C9A-9ABE-12DF17AE4E1E,2019-ncaa-d3-conf-NEAC,ncaa,8,7,7,8,12,6,5,4,5,3,2,7,8,11,3,12,7,7,2,7,11,5,6,7,7,4,10,8,8,3,3,8,4,7,3,4,6,2,2,4,7,6,4,4,,,2,2,,,6,7,3,9,2,2,2,2,2,7,9,5,6,6,2,2,3,4,5,3,5,5,4,,3,,,6,7,9,6,9,9,6,9,9,7,11,6,2,2,2,2,2,5,5,9,9,10,4,9,2,4,4,3,3,3,3,4,1,8,10,6,8,7,11,9,,,9,11,,,6,6,4,8,6,10,10,10,10,10,10,9,3,3,3,10,8,5,5,4,5,8,8,12,,9,,,b'\x11\xe8\xe1I\xec\xc9\x1c\x9a\x9a\xbe\x12\xdf\x17\xaeN\x1e'
11E8E149-ECC9-1C9A-9ABE-12DF17AE4E1E,2019-ncaa-d3-conf-United East,ncaa,8,7,7,8,12,6,5,4,5,3,2,7,8,11,3,12,7,7,2,7,11,5,6,7,7,4,10,8,8,3,3,8,4,7,3,4,6,2,2,4,7,6,4,4,,,2,2,,,6,7,3,9,2,2,2,2,2,7,9,5,6,6,2,2,3,4,5,3,5,5,4,,3,,,6,7,9,6,9,9,6,9,9,7,11,6,2,2,2,2,2,5,5,9,9,10,4,9,2,4,4,3,3,3,3,4,1,8,10,6,8,7,11,9,,,9,11,,,6,6,4,8,6,10,10,10,10,10,10,9,3,3,3,10,8,5,5,4,5,8,8,12,,9,,,b'\x11\xe8\xe1I\xec\xc9\x1c\x9a\x9a\xbe\x12\xdf\x17\xaeN\x1e'
11E8E149-ECC9-1C9A-9ABE-12DF17AE4E1E,2019-ncaa-d3-natl,ncaa,306,244,390,298,402,262,214,261,165,150,114,237,345,386,148,388,303,323,181,321,394,279,313,223,235,219,392,360,311,154,55,345,247,296,112,179,170,130,186,145,231,200,224,226,,,25,32,,,216,340,34,326,75,39,23,20,11,305,355,203,221,224,29,33,54,160,68,70,296,150,151,,64,,,217,161,273,205,307,248,216,278,288,224,352,282,23,29,60,28,27,126,89,311,242,305,100,331,20,127,247,37,55,44,112,178,89,366,357,330,211,258,349,276,,,396,417,,,216,100,180,293,220,376,409,416,385,403,393,369,48,67,65,407,389,282,155,197,311,269,332,407,,327,,,b'\x11\xe8\xe1I\xec\xc9\x1c\x9a\x9a\xbe\x12\xdf\x17\xaeN\x1e'
11E8E149-ECC9-1C9A-9ABE-12DF17AE4E1E,2020-ncaa-d3-conf-NEAC,ncaa,3,3,2,3,2,3,3,3,5,1,1,10,10,10,2,10,1,1,2,1,7,2,1,8,6,7,9,10,1,3,3,5,5,3,3,3,7,10,7,7,3,3,3,2,,,8,8,,,3,2,3,4,4,3,5,2,2,10,10,1,2,1,2,2,3,8,5,5,9,3,4,,7,,,3,10,7,9,7,4,3,8,11,12,8,11,9,8,10,8,10,8,11,8,8,5,11,11,6,5,5,6,3,7,3,6,3,3,4,3,8,6,12,10,,,1,4,,,3,11,5,4,3,6,4,4,2,1,10,10,8,6,7,4,7,4,1,1,4,3,7,12,,3,,,b'\x11\xe8\xe1I\xec\xc9\x1c\x9a\x9a\xbe\x12\xdf\x17\xaeN\x1e'
11E8E149-ECC9-1C9A-9ABE-12DF17AE4E1E,2020-ncaa-d3-conf-United East,ncaa,3,3,2,3,2,3,3,3,5,1,1,10,10,10,2,10,1,1,2,1,7,2,1,8,6,7,9,10,1,3,3,5,5,3,3,3,7,10,7,7,3,3,3,2,,,8,8,,,3,2,3,4,4,3,5,2,2,10,10,1,2,1,2,2,3,8,5,5,9,3,4,,7,,,3,10,7,9,7,4,3,8,11,12,8,11,9,8,10,8,10,8,11,8,8,5,11,11,6,5,5,6,3,7,3,6,3,3,4,3,8,6,12,10,,,1,4,,,3,11,5,4,3,6,4,4,2,1,10,10,8,6,7,4,7,4,1,1,4,3,7,12,,3,,,b'\x11\xe8\xe1I\xec\xc9\x1c\x9a\x9a\xbe\x12\xdf\x17\xaeN\x1e'
11E8E149-ECC9-1C9A-9ABE-12DF17AE4E1E,2020-ncaa-d3-natl,ncaa,134,136,126,140,156,146,130,94,209,48,15,255,386,402,245,430,67,91,97,92,322,82,55,270,239,266,407,420,93,67,53,206,148,120,75,132,160,381,293,248,40,53,170,132,,,173,105,,,196,60,61,204,146,117,77,37,10,399,417,59,87,92,61,42,63,255,119,125,347,49,183,,142,,,197,305,315,281,268,150,99,289,430,421,339,422,110,117,138,120,206,246,339,329,298,216,383,419,68,136,148,151,53,140,75,296,221,61,79,138,349,273,427,314,,,131,279,,,196,368,244,174,213,260,266,245,135,58,412,412,87,91,99,206,291,117,119,113,253,66,335,422,,141,,,b'\x11\xe8\xe1I\xec\xc9\x1c\x9a\x9a\xbe\x12\xdf\x17\xaeN\x1e'
11E8E149-ECC9-1C9A-9ABE-12DF17AE4E1E,2022-ncaa-d3-conf-United East,ncaa,9,9,6,9,6,9,9,9,9,9,8,9,6,5,8,4,9,8,9,8,5,8,9,9,9,9,2,3,5,9,9,9,9,9,9,9,7,8,8,9,9,9,9,9,,,1,1,,,9,7,4,5,9,9,9,9,8,5,5,9,8,8,8,9,9,9,9,9,8,9,9,,1,,,9,9,9,9,9,9,9,9,9,7,9,6,1,1,8,1,1,9,4,9,9,9,1,6,1,9,9,8,9,9,9,9,7,9,9,9,9,9,9,9,,,9,8,,,9,3,9,9,9,9,9,9,9,9,9,7,1,1,1,9,8,9,9,9,9,9,9,9,,9,,,b'\x11\xe8\xe1I\xec\xc9\x1c\x9a\x9a\xbe\x12\xdf\x17\xaeN\x1e'
11E8E149-ECC9-1C9A-9ABE-12DF17AE4E1E,2022-ncaa-d3-natl,ncaa,423,424,300,423,329,414,415,376,429,421,374,429,340,291,379,141,417,407,429,405,387,389,329,428,428,427,80,52,369,398,419,393,426,396,427,401,83,425,423,423,400,415,417,423,,,10,1,,,429,298,128,274,426,427,409,427,379,329,248,426,419,419,417,278,409,424,425,417,420,408,421,,1,,,429,403,419,375,421,410,338,412,419,369,415,345,9,8,325,7,1,299,188,423,408,423,48,370,1,399,426,316,419,374,427,423,388,384,410,426,427,427,369,426,,,414,428,,,429,124,428,427,429,423,428,423,419,406,422,411,2,1,1,405,376,412,391,410,429,376,427,408,,426,,,b'\x11\xe8\xe1I\xec\xc9\x1c\x9a\x9a\xbe\x12\xdf\x17\xaeN\x1e'
11E8E149-ECC9-1C9A-9ABE-12DF17AE4E1E,2023-ncaa-d3-conf-United East,ncaa,8,8,8,8,9,8,8,8,8,8,5,8,7,7,7,7,8,6,9,5,6,8,7,8,8,8,7,7,4,7,7,8,6,8,7,8,7,7,7,8,8,8,9,9,,,2,3,,,8,7,2,6,8,8,5,6,2,7,7,8,4,4,5,2,5,5,7,8,7,7,9,,3,,,8,8,8,5,8,8,6,8,6,4,8,4,3,2,8,2,2,3,2,8,8,8,2,5,2,2,6,3,7,3,7,8,7,8,8,8,8,8,7,6,,,6,5,,,8,2,8,8,8,8,8,8,8,8,7,6,4,3,4,7,7,5,7,7,8,7,8,8,,3,,,b'\x11\xe8\xe1I\xec\xc9\x1c\x9a\x9a\xbe\x12\xdf\x17\xaeN\x1e'
11E8E149-ECC9-1C9A-9ABE-12DF17AE4E1E,2023-ncaa-d3-natl,ncaa,396,372,397,402,402,397,391,381,387,366,302,394,383,381,362,339,404,347,424,343,292,383,370,393,410,409,340,312,288,306,255,362,221,356,261,391,330,309,385,397,330,281,420,425,,,15,11,,,380,371,65,288,385,362,193,298,100,364,333,386,237,233,202,74,181,136,160,372,399,228,425,,21,,,386,120,219,121,331,172,119,275,317,202,410,302,15,19,95,19,19,73,46,351,297,334,175,371,13,116,221,93,255,83,261,325,354,373,332,389,381,396,159,221,,,373,324,,,380,52,406,315,388,356,385,389,355,366,406,352,31,32,35,364,332,256,337,319,391,264,408,285,,243,,,b'\x11\xe8\xe1I\xec\xc9\x1c\x9a\x9a\xbe\x12\xdf\x17\xaeN\x1e'
11E8E149-ECC9-1C9A-9ABE-12DF17AE4E1E,2024-ncaa-d3-conf-United East,ncaa,17,14,12,17,13,16,17,15,15,15,13,15,14,14,15,9,14,13,9,13,10,15,12,15,15,15,8,9,6,11,10,16,15,15,14,16,14,12,14,15,16,14,10,8,,,1,1,,,15,12,3,7,13,14,10,13,8,13,10,9,9,9,11,5,8,16,13,15,16,14,4,,1,,,15,12,14,7,16,13,7,16,14,11,17,13,2,2,14,2,1,6,6,16,16,16,4,13,1,6,15,5,10,5,14,16,16,15,14,17,14,16,17,17,,,14,14,,,15,6,14,16,15,16,16,17,16,15,16,15,2,2,2,15,16,15,11,12,17,14,17,17,,11,,,b'\x11\xe8\xe1I\xec\xc9\x1c\x9a\x9a\xbe\x12\xdf\x17\xaeN\x1e'
11E8E149-ECC9-1C9A-9ABE-12DF17AE4E1E,2024-ncaa-d3-natl,ncaa,408,405,345,414,357,393,391,293,416,349,189,415,393,355,415,348,318,282,372,284,317,294,173,416,416,414,312,357,73,189,183,385,401,338,356,396,358,409,401,410,337,368,226,295,,,12,2,,,419,169,14,244,395,391,135,345,66,386,331,268,214,215,139,18,98,376,266,396,418,317,196,,3,,,416,406,422,386,418,423,383,421,285,279,262,192,26,27,163,26,8,342,278,415,403,410,10,108,7,332,401,199,183,267,356,425,395,343,385,418,422,413,425,424,,,369,410,,,419,247,411,406,416,421,425,423,422,414,359,364,44,45,38,418,405,374,331,361,422,294,420,427,,348,,,b'\x11\xe8\xe1I\xec\xc9\x1c\x9a\x9a\xbe\x12\xdf\x17\xaeN\x1e'
11E8E149-ECC9-1C9A-9ABE-12DF17AE4E1E,2025-ncaa-d3-conf-United East,genius_ncaa,14,14,13,14,13,13,13,11,14,14,12,12,12,8,16,9,11,11,9,11,9,10,10,14,14,14,12,13,5,9,9,10,10,10,11,13,11,14,13,13,14,15,11,11,,,3,2,,1,15,9,4,5,12,13,8,11,7,12,8,7,7,7,7,4,6,9,8,11,16,14,11,,3,,1,15,17,17,13,17,17,13,17,12,12,10,12,3,3,8,3,4,12,8,17,17,17,1,9,3,7,10,9,9,9,11,17,13,14,16,16,17,17,13,15,,,12,9,,7,15,9,13,17,15,17,17,16,17,15,14,14,4,4,4,15,13,8,12,12,17,14,17,15,,7,,6,b'\x11\xe8\xe1I\xec\xc9\x1c\x9a\x9a\xbe\x12\xdf\x17\xaeN\x1e'
11E8E149-ECC9-1C9A-9ABE-12DF17AE4E1E,2025-ncaa-d3-natl,genius_ncaa,370,374,345,380,357,372,365,310,382,311,231,363,388,335,408,303,317,310,303,308,305,315,207,391,391,394,366,372,135,137,134,318,318,248,264,335,168,402,390,380,334,349,356,376,,,22,8,,4,401,255,52,258,373,362,159,273,108,384,304,295,251,244,180,42,58,206,110,314,402,288,350,,26,,4,397,370,397,294,407,407,313,411,202,191,240,150,74,104,69,101,59,252,188,397,383,393,15,94,26,258,318,198,134,229,264,387,292,319,338,387,415,409,308,317,,,316,351,,250,401,170,390,385,395,396,404,393,405,395,271,286,124,158,157,388,363,325,324,334,397,259,413,365,,243,,241,b'\x11\xe8\xe1I\xec\xc9\x1c\x9a\x9a\xbe\x12\xdf\x17\xaeN\x1e'
11E8E149-ECC9-1C9A-9ABE-12DF17AE4E1E,2026-ncaa-d3-conf-United East,genius_ncaa,2,8,1,8,1,2,2,1,10,1,1,9,7,6,11,11,1,3,4,3,12,1,3,11,11,9,12,12,11,2,5,3,5,1,6,1,6,10,5,7,4,10,10,11,,,12,8,,12,9,3,13,1,9,8,5,6,3,11,12,11,12,12,5,11,4,8,4,7,4,11,11,,5,,10,9,13,12,11,13,12,10,14,11,14,5,13,13,12,14,12,5,12,12,13,14,12,6,10,6,10,5,12,5,12,6,11,7,5,10,11,9,7,13,11,,,6,14,,8,9,12,8,11,9,9,11,7,10,5,9,12,7,5,5,8,4,6,10,6,8,11,5,12,,14,,11,b'\x11\xe8\xe1I\xec\xc9\x1c\x9a\x9a\xbe\x12\xdf\x17\xaeN\x1e'
11E8E149-ECC9-1C9A-9ABE-12DF17AE4E1E,2026-ncaa-d3-natl,genius_ncaa,288,414,1,351,1,102,112,7,397,67,3,396,248,113,376,335,36,43,176,42,310,7,2,398,394,396,292,348,72,13,190,3,234,1,231,99,178,416,391,383,100,356,304,391,,,383,57,,271,412,2,169,113,398,397,324,362,176,377,358,275,291,289,338,167,146,199,173,360,386,351,392,,68,,132,386,414,414,415,351,414,412,373,412,415,233,349,384,367,373,365,84,415,415,358,351,354,173,290,67,402,234,412,190,413,231,413,275,22,257,331,416,394,403,260,,,12,321,,19,412,415,393,346,389,331,349,307,326,206,341,356,137,75,72,254,241,239,283,270,347,247,394,271,,298,,103,b'\x11\xe8\xe1I\xec\xc9\x1c\x9a\x9a\xbe\x12\xdf\x17\xaeN\x1e'
11E8E149-ECCD-C6AA-9ABE-12DF17AE4E1E,2018-ncaa-d3-conf-USA South,ncaa,2,1,5,1,7,3,4,4,13,6,4,15,3,4,5,8,2,2,12,2,6,3,4,11,11,8,6,7,7,3,4,11,13,5,12,5,4,6,1,2,1,2,2,2,,,17,17,,,2,4,4,9,2,2,3,4,3,3,2,3,3,2,2,3,3,16,4,3,4,1,2,,18,,,2,10,9,9,5,10,10,4,3,4,9,5,15,15,7,15,14,9,15,4,7,1,8,5,15,15,13,18,4,17,12,13,16,1,1,4,1,2,10,3,,,4,10,,,2,15,5,2,4,7,7,8,9,10,5,5,15,15,15,10,16,14,16,16,11,1,2,9,,3,,,b'\x11\xe8\xe1I\xec\xcd\xc6\xaa\x9a\xbe\x12\xdf\x17\xaeN\x1e'
11E8E149-ECCD-C6AA-9ABE-12DF17AE4E1E,2018-ncaa-d3-natl,ncaa,89,19,390,41,403,182,209,130,301,222,131,339,149,174,138,235,137,71,351,77,120,114,175,288,292,198,139,157,148,36,54,365,354,196,239,237,298,36,14,107,53,29,89,67,,,301,377,,,75,270,21,303,28,46,5,84,16,77,72,32,8,9,4,9,10,213,21,126,117,14,52,,429,,,45,42,35,40,143,73,97,109,30,25,185,58,248,315,52,316,373,56,147,106,126,39,213,76,399,250,354,264,54,257,239,76,268,61,23,31,18,13,130,92,,,255,317,,,75,138,131,51,67,190,150,198,209,298,85,79,385,414,415,258,413,370,418,405,211,10,67,235,,56,,,b'\x11\xe8\xe1I\xec\xcd\xc6\xaa\x9a\xbe\x12\xdf\x17\xaeN\x1e'
11E8E149-ECCD-C6AA-9ABE-12DF17AE4E1E,2019-ncaa-d3-conf-USA South,ncaa,10,13,3,13,4,8,12,10,9,8,9,8,10,10,10,12,4,5,4,5,5,9,7,9,8,10,8,12,5,15,16,7,14,10,16,12,15,12,12,14,12,13,5,5,,,12,8,,,15,5,12,10,13,14,13,13,12,12,13,5,6,6,13,15,17,14,17,15,10,14,7,,7,,,14,16,16,16,16,15,14,15,16,14,14,9,9,9,11,9,5,15,16,16,15,16,11,9,4,16,14,14,16,16,16,12,6,9,12,11,11,11,6,6,,,3,3,,,15,14,13,16,14,14,13,11,13,11,13,11,6,7,7,11,9,15,12,12,9,13,10,4,,4,,,b'\x11\xe8\xe1I\xec\xcd\xc6\xaa\x9a\xbe\x12\xdf\x17\xaeN\x1e'
11E8E149-ECCD-C6AA-9ABE-12DF17AE4E1E,2019-ncaa-d3-natl,ncaa,282,185,407,258,415,362,378,410,224,339,385,212,384,383,326,319,215,229,177,229,71,405,413,261,224,209,254,353,34,414,387,390,339,409,358,410,419,33,205,345,360,299,254,205,,,56,153,,,270,409,139,268,217,262,299,191,198,339,327,45,47,46,215,239,382,193,313,395,182,264,165,,216,,,283,65,88,51,257,109,84,238,118,88,272,200,83,87,167,88,173,47,40,253,229,254,188,227,153,192,339,59,387,86,358,15,5,367,279,104,39,168,20,54,,,326,56,,,270,37,256,307,276,314,323,360,322,344,289,274,222,237,238,355,339,371,306,343,64,227,150,52,,87,,,b'\x11\xe8\xe1I\xec\xcd\xc6\xaa\x9a\xbe\x12\xdf\x17\xaeN\x1e'
11E8E149-ECCD-C6AA-9ABE-12DF17AE4E1E,2020-ncaa-d3-conf-USA South,ncaa,9,9,8,9,9,9,9,12,4,10,11,5,7,9,4,8,6,6,7,6,2,11,12,3,4,5,7,8,4,16,17,11,13,14,16,15,17,7,10,13,9,11,14,15,,,6,5,,,11,9,11,18,8,11,15,10,14,7,8,5,5,4,11,15,17,10,17,16,6,10,14,,4,,,11,12,16,15,13,15,15,16,7,12,2,11,4,4,11,4,4,15,11,12,10,12,4,7,2,15,13,9,17,12,16,12,4,13,14,11,5,9,1,1,,,6,4,,,11,10,10,13,11,11,14,14,16,13,8,11,3,4,4,13,10,14,10,13,12,14,6,1,,7,,,b'\x11\xe8\xe1I\xec\xcd\xc6\xaa\x9a\xbe\x12\xdf\x17\xaeN\x1e'
11E8E149-ECCD-C6AA-9ABE-12DF17AE4E1E,2020-ncaa-d3-natl,ncaa,263,245,327,269,338,288,299,336,224,287,303,239,248,289,161,253,248,208,291,198,147,325,354,220,226,225,202,206,178,412,423,250,334,349,390,350,406,119,207,313,215,205,330,360,,,74,58,,,300,294,161,112,251,267,283,260,245,224,256,195,160,148,261,279,415,158,330,364,184,166,316,,95,,,302,221,325,272,295,348,284,318,200,232,148,234,51,64,76,67,55,226,186,274,215,257,55,191,38,338,334,318,423,338,390,280,194,277,293,314,127,194,39,47,,,316,230,,,300,143,286,300,303,304,354,367,376,369,253,301,69,84,90,344,330,364,370,372,321,232,169,42,,270,,,b'\x11\xe8\xe1I\xec\xcd\xc6\xaa\x9a\xbe\x12\xdf\x17\xaeN\x1e'
11E8E149-ECCD-C6AA-9ABE-12DF17AE4E1E,2021-ncaa-d3-conf-USA South,ncaa,12,8,14,10,15,11,13,15,11,13,13,13,14,15,5,13,5,4,10,4,1,13,14,11,10,10,4,12,1,14,15,14,8,14,11,14,12,3,8,12,10,8,10,8,,,5,7,,,11,14,2,2,8,10,9,10,6,10,12,1,1,1,5,4,10,7,6,12,9,4,7,,11,,,11,6,8,5,12,9,5,14,4,3,6,4,6,3,15,3,4,3,3,11,11,11,4,3,7,6,8,7,15,5,11,3,2,12,11,9,4,9,7,9,,,9,1,,,11,3,10,10,11,14,12,13,14,14,7,8,11,9,9,13,16,11,15,15,9,9,10,11,,1,,,b'\x11\xe8\xe1I\xec\xcd\xc6\xaa\x9a\xbe\x12\xdf\x17\xaeN\x1e'
11E8E149-ECCD-C6AA-9ABE-12DF17AE4E1E,2021-ncaa-d3-natl,ncaa,128,183,112,164,115,101,123,115,173,117,95,218,130,146,86,240,31,28,145,28,13,97,90,183,147,158,80,199,10,107,201,108,206,110,213,126,160,200,173,194,62,67,101,142,,,188,119,,,199,88,12,32,75,142,100,126,53,164,205,5,4,4,37,20,127,82,86,153,223,33,101,,221,,,178,203,210,194,202,222,207,205,150,157,126,79,198,191,205,192,123,195,200,186,194,172,74,61,143,213,206,209,201,210,213,174,64,75,120,105,207,187,162,117,,,71,37,,,199,196,166,184,172,248,249,252,257,261,143,147,221,205,205,255,273,232,258,253,176,55,224,155,,10,,,b'\x11\xe8\xe1I\xec\xcd\xc6\xaa\x9a\xbe\x12\xdf\x17\xaeN\x1e'
11E8E149-ECCD-C6AA-9ABE-12DF17AE4E1E,2022-ncaa-d3-conf-USA South,ncaa,11,11,11,11,14,13,15,10,17,16,13,17,7,3,15,4,2,2,10,2,1,7,8,17,16,13,2,9,1,10,18,10,15,11,18,15,19,9,7,15,4,4,8,11,,,17,14,,,13,7,1,9,9,15,2,16,13,6,2,1,1,1,1,1,7,14,11,17,13,2,8,,19,,,13,13,11,10,12,17,16,11,1,1,1,1,17,16,14,16,14,10,13,9,9,6,1,1,19,16,15,19,18,19,18,13,12,4,2,5,16,12,16,18,,,7,5,,,13,13,13,10,13,15,15,15,16,19,1,1,18,18,18,16,19,16,19,19,14,1,14,18,,1,,,b'\x11\xe8\xe1I\xec\xcd\xc6\xaa\x9a\xbe\x12\xdf\x17\xaeN\x1e'
11E8E149-ECCD-C6AA-9ABE-12DF17AE4E1E,2022-ncaa-d3-natl,ncaa,275,234,345,271,363,269,334,234,392,347,304,360,207,86,394,89,53,19,309,20,4,195,195,390,363,348,44,170,9,200,311,353,398,309,402,390,422,240,224,387,37,33,285,332,,,388,380,,,291,190,5,247,163,296,24,322,206,140,29,6,3,3,9,5,86,296,191,399,342,10,274,,427,,,290,215,194,120,302,347,335,250,7,10,60,2,403,410,166,409,357,171,285,202,252,124,16,2,413,367,398,391,311,390,402,118,90,32,16,15,312,294,206,283,,,102,86,,,291,233,344,162,282,363,342,329,402,418,3,3,425,426,426,390,423,399,425,423,229,6,371,298,,4,,,b'\x11\xe8\xe1I\xec\xcd\xc6\xaa\x9a\xbe\x12\xdf\x17\xaeN\x1e'
11E8E149-ECCD-C6AA-9ABE-12DF17AE4E1E,2023-ncaa-d3-conf-USA South,ncaa,7,8,8,7,8,8,8,6,9,8,8,7,4,4,6,2,8,8,10,8,4,8,8,7,9,6,3,3,8,8,8,8,9,8,9,8,9,2,5,6,4,5,4,1,,,4,4,,,7,7,5,4,7,7,6,9,10,4,2,10,9,8,6,7,8,7,7,9,5,3,1,,5,,,7,5,5,4,2,4,4,2,7,6,5,8,6,6,7,6,8,4,5,3,5,5,9,8,8,10,9,8,8,9,9,2,3,5,5,3,3,4,5,9,,,8,6,,,7,3,6,7,7,7,6,7,3,5,8,9,10,8,8,8,8,10,9,9,5,3,3,6,,5,,,b'\x11\xe8\xe1I\xec\xcd\xc6\xaa\x9a\xbe\x12\xdf\x17\xaeN\x1e'
11E8E149-ECCD-C6AA-9ABE-12DF17AE4E1E,2023-ncaa-d3-natl,ncaa,341,269,397,332,402,338,334,357,311,329,353,274,255,219,316,149,318,257,396,253,105,348,376,306,321,299,181,172,193,312,295,408,415,387,406,393,420,70,182,344,208,160,200,177,,,173,263,,,298,380,86,288,227,232,103,241,201,175,106,210,82,83,80,88,185,361,295,376,245,101,134,,371,,,303,95,58,46,202,92,93,185,65,56,174,93,350,360,209,360,394,68,95,172,236,187,268,92,406,374,415,186,295,302,406,36,48,182,114,56,76,145,77,174,,,316,184,,,298,45,297,290,304,334,267,299,298,336,173,178,415,414,415,361,396,415,398,412,128,57,201,179,,97,,,b'\x11\xe8\xe1I\xec\xcd\xc6\xaa\x9a\xbe\x12\xdf\x17\xaeN\x1e'
11E8E149-ECCD-C6AA-9ABE-12DF17AE4E1E,2024-ncaa-d3-conf-USA South,ncaa,6,6,5,6,8,7,6,8,5,8,8,5,5,5,4,4,10,10,6,10,8,9,9,5,7,6,4,3,7,6,6,10,5,8,6,6,6,6,7,7,2,1,8,7,,,2,3,,,5,10,10,10,7,7,9,8,8,5,5,9,9,9,10,10,5,10,9,6,7,2,8,,3,,,5,4,4,1,8,8,2,9,2,1,6,4,2,2,4,2,4,1,1,8,10,8,3,3,3,3,5,5,6,4,6,4,3,2,2,3,4,6,3,6,,,10,8,,,5,1,6,5,5,5,5,2,8,3,4,1,3,3,3,2,1,4,6,6,5,2,5,3,,8,,,b'\x11\xe8\xe1I\xec\xcd\xc6\xaa\x9a\xbe\x12\xdf\x17\xaeN\x1e'
11E8E149-ECCD-C6AA-9ABE-12DF17AE4E1E,2024-ncaa-d3-natl,ncaa,339,232,403,329,408,397,387,405,282,371,393,309,340,370,193,253,403,407,281,408,350,407,403,273,300,350,248,198,303,329,149,415,309,407,266,408,403,203,376,385,160,30,390,351,,,23,108,,,292,408,230,399,335,308,317,295,240,261,281,367,362,365,342,223,171,406,354,375,366,40,359,,102,,,317,23,40,15,395,86,21,392,18,14,254,85,41,36,147,35,211,14,19,380,376,262,52,53,149,31,309,17,149,19,266,15,29,243,30,46,125,317,35,131,,,414,389,,,292,20,337,248,316,205,273,64,322,172,79,41,165,184,182,64,184,180,164,168,127,45,309,111,,395,,,b'\x11\xe8\xe1I\xec\xcd\xc6\xaa\x9a\xbe\x12\xdf\x17\xaeN\x1e'
11E8E149-ECCD-C6AA-9ABE-12DF17AE4E1E,2025-ncaa-d3-conf-USA South,genius_ncaa,5,5,5,5,7,5,5,5,5,5,5,5,4,4,3,4,5,3,3,3,4,5,5,5,5,4,4,4,4,5,5,9,5,7,6,5,3,1,4,4,2,1,6,6,,,6,7,,5,5,7,5,3,4,5,4,5,5,4,4,3,4,4,3,3,5,9,8,5,2,1,7,,7,,6,5,3,3,1,8,7,1,8,1,1,1,3,6,6,2,6,9,1,1,7,8,5,2,1,6,4,5,7,5,4,6,2,1,2,1,2,2,5,6,6,,,6,4,,4,5,3,4,5,5,5,5,3,7,3,2,2,6,8,8,3,4,5,6,5,3,1,5,5,,5,,4,b'\x11\xe8\xe1I\xec\xcd\xc6\xaa\x9a\xbe\x12\xdf\x17\xaeN\x1e'
11E8E149-ECCD-C6AA-9ABE-12DF17AE4E1E,2025-ncaa-d3-natl,genius_ncaa,274,118,406,229,410,379,376,394,290,369,374,320,340,367,212,265,351,378,167,376,253,395,406,295,290,280,199,218,168,335,185,413,347,406,325,353,136,35,244,231,106,18,334,245,,,35,202,,220,194,407,125,258,233,238,118,232,130,229,227,174,199,196,127,119,127,407,322,189,262,18,238,,241,,339,179,3,3,3,277,27,12,323,3,4,11,31,49,101,15,101,331,6,11,193,184,58,28,8,310,35,347,19,185,21,325,3,16,173,14,10,71,261,52,164,,,397,298,,190,194,13,279,67,180,111,141,64,271,180,10,22,259,338,337,96,279,253,295,289,33,18,276,208,,256,,79,b'\x11\xe8\xe1I\xec\xcd\xc6\xaa\x9a\xbe\x12\xdf\x17\xaeN\x1e'
11E8E149-ECCD-C6AA-9ABE-12DF17AE4E1E,2026-ncaa-d3-conf-USA South,genius_ncaa,1,1,1,1,1,1,1,1,1,1,1,2,1,1,1,5,1,1,6,1,4,1,1,1,2,2,6,4,6,1,6,1,5,1,6,1,4,10,5,2,1,1,1,4,,,10,6,,10,1,1,6,1,5,5,8,4,8,4,6,4,5,4,7,9,9,9,9,3,3,1,5,,5,,7,3,10,10,10,5,10,10,7,9,9,3,6,10,10,8,10,6,10,10,5,6,4,5,4,7,10,5,10,6,10,6,9,5,1,1,1,9,4,4,2,,,1,4,,4,1,10,4,4,3,4,2,2,4,3,4,4,5,4,4,1,5,4,4,2,4,1,4,2,,6,,8,b'\x11\xe8\xe1I\xec\xcd\xc6\xaa\x9a\xbe\x12\xdf\x17\xaeN\x1e'
11E8E149-ECCD-C6AA-9ABE-12DF17AE4E1E,2026-ncaa-d3-natl,genius_ncaa,54,132,42,116,46,59,46,68,144,30,26,205,199,245,127,370,73,39,362,34,179,52,37,175,209,252,335,329,225,31,76,133,292,80,184,56,191,380,309,261,4,9,76,151,,,342,159,,197,91,40,69,65,147,116,132,75,52,295,350,155,73,64,102,57,74,293,177,127,344,7,123,,238,,133,111,270,284,302,179,343,355,233,49,159,13,36,322,290,349,298,163,310,379,111,143,30,29,8,307,339,292,292,76,319,184,164,38,5,10,4,378,313,180,60,,,56,224,,363,91,381,225,33,109,112,138,139,273,261,8,28,245,177,176,142,338,251,155,194,52,9,341,103,,121,,381,b'\x11\xe8\xe1I\xec\xcd\xc6\xaa\x9a\xbe\x12\xdf\x17\xaeN\x1e'
11E8E149-ECD2-3CF8-9ABE-12DF17AE4E1E,2018-ncaa-d3-conf-USA South,ncaa,1,3,1,3,1,2,3,5,2,5,6,2,1,1,4,5,4,4,10,4,2,5,5,3,3,3,7,5,13,6,13,3,10,4,10,4,9,15,9,5,3,5,7,7,,,15,15,,,3,3,17,1,8,8,12,10,15,7,8,9,7,8,10,16,10,12,13,7,5,5,10,,13,,,5,12,11,14,2,12,12,5,8,16,1,10,16,16,8,16,16,15,17,1,2,2,11,7,16,14,10,15,13,15,10,8,5,3,4,3,15,9,15,13,,,2,4,,,3,17,4,3,3,2,2,3,2,4,4,9,14,13,13,4,6,9,8,6,2,6,8,10,,8,,,b'\x11\xe8\xe1I\xec\xd2<\xf8\x9a\xbe\x12\xdf\x17\xaeN\x1e'
11E8E149-ECD2-3CF8-9ABE-12DF17AE4E1E,2018-ncaa-d3-natl,ncaa,31,49,17,47,19,43,49,55,103,84,105,78,66,63,136,155,56,24,318,24,50,48,48,90,104,101,167,170,198,84,168,39,207,51,184,119,318,312,144,185,66,106,173,223,,,385,255,,,74,37,251,17,102,127,192,154,280,133,135,116,66,66,151,194,186,159,163,213,147,113,246,,248,,,82,323,268,383,85,296,343,160,211,361,19,254,394,421,78,422,375,407,414,70,83,73,247,132,376,384,207,390,168,396,184,118,50,66,124,54,302,174,333,248,,,20,82,,,74,407,103,92,81,107,91,142,119,133,100,229,306,365,367,175,231,248,192,207,50,130,175,236,,74,,,b'\x11\xe8\xe1I\xec\xd2<\xf8\x9a\xbe\x12\xdf\x17\xaeN\x1e'
11E8E149-ECD2-3CF8-9ABE-12DF17AE4E1E,2019-ncaa-d3-conf-USA South,ncaa,1,1,3,1,3,2,1,5,1,1,4,1,9,9,9,15,5,4,12,4,8,3,3,2,2,2,16,14,10,4,4,2,8,3,3,3,8,10,8,4,6,9,1,1,,,8,3,,,1,3,11,7,3,2,9,2,7,10,12,8,5,5,8,10,8,1,4,4,8,10,1,,4,,,2,9,5,14,1,3,11,1,11,16,3,15,12,11,7,11,10,14,17,1,1,1,15,13,12,14,8,6,4,12,3,7,10,5,9,7,14,12,7,4,,,5,8,,,1,16,3,2,2,1,1,9,3,7,9,13,9,8,8,10,10,12,2,4,4,10,13,6,,7,,,b'\x11\xe8\xe1I\xec\xd2<\xf8\x9a\xbe\x12\xdf\x17\xaeN\x1e'
11E8E149-ECD2-3CF8-9ABE-12DF17AE4E1E,2019-ncaa-d3-natl,ncaa,38,46,42,51,50,42,38,58,32,24,58,31,204,220,208,337,38,17,334,16,90,46,39,49,65,81,354,359,180,77,89,19,226,31,93,114,366,351,215,204,147,236,22,29,,,316,129,,,52,34,127,198,50,41,163,25,116,285,305,74,29,30,105,106,139,33,51,163,244,202,32,,186,,,59,277,195,410,21,161,331,44,326,421,23,362,372,400,107,397,333,420,418,24,29,48,374,302,356,417,226,234,89,338,93,181,160,97,210,98,324,205,183,86,,,47,146,,,52,408,82,72,65,119,82,300,75,180,227,383,296,329,321,318,330,338,89,182,98,159,227,118,,95,,,b'\x11\xe8\xe1I\xec\xd2<\xf8\x9a\xbe\x12\xdf\x17\xaeN\x1e'
11E8E149-ECD2-3CF8-9ABE-12DF17AE4E1E,2020-ncaa-d3-conf-USA South,ncaa,2,4,1,4,1,2,2,1,6,2,1,7,11,11,10,18,2,1,15,1,3,1,1,9,7,7,14,17,2,2,4,4,11,3,6,4,12,16,7,10,1,1,1,1,,,17,12,,,2,1,8,11,5,7,7,5,2,15,15,2,2,2,5,5,4,11,5,9,11,1,1,,12,,,3,13,6,16,1,8,16,1,10,10,10,4,17,17,15,17,14,16,18,1,1,1,15,8,18,17,11,17,4,18,6,4,6,1,2,2,15,10,18,13,,,1,1,,,2,18,6,1,4,2,1,4,2,8,5,3,16,15,14,6,12,12,8,12,2,1,11,16,,2,,,b'\x11\xe8\xe1I\xec\xd2<\xf8\x9a\xbe\x12\xdf\x17\xaeN\x1e'
11E8E149-ECD2-3CF8-9ABE-12DF17AE4E1E,2020-ncaa-d3-natl,ncaa,79,111,26,104,40,79,89,36,232,44,15,246,293,284,289,393,15,4,389,5,53,17,13,274,268,270,320,388,40,13,45,82,319,24,163,199,371,393,210,312,13,15,26,46,,,382,172,,,113,21,74,209,133,153,92,70,27,350,351,27,5,6,35,34,23,201,47,274,308,16,37,,277,,,124,325,238,367,77,245,389,52,230,210,257,97,411,410,293,407,316,403,426,74,112,50,315,173,385,402,319,397,45,408,163,116,57,20,44,12,403,284,428,326,,,10,76,,,113,418,218,61,137,160,112,199,122,269,147,101,367,348,347,230,359,329,253,298,61,30,343,409,,13,,,b'\x11\xe8\xe1I\xec\xd2<\xf8\x9a\xbe\x12\xdf\x17\xaeN\x1e'
11E8E149-ECD2-3CF8-9ABE-12DF17AE4E1E,2021-ncaa-d3-conf-USA South,ncaa,1,2,3,2,7,2,2,4,2,2,2,2,7,10,4,14,2,2,11,2,6,3,3,2,2,3,14,13,9,4,3,7,5,6,3,2,5,7,4,3,1,1,4,5,,,6,4,,,1,3,6,14,3,2,5,2,2,9,13,3,3,3,4,6,4,11,7,2,4,1,8,,4,,,1,3,2,7,4,4,7,4,6,8,3,8,8,8,12,8,10,7,12,3,4,1,10,9,11,7,5,6,3,6,3,6,8,1,1,1,9,7,12,7,,,3,4,,,1,13,3,1,1,1,2,1,2,1,3,3,6,4,4,1,5,1,2,1,2,1,7,11,,5,,,b'\x11\xe8\xe1I\xec\xd2<\xf8\x9a\xbe\x12\xdf\x17\xaeN\x1e'
11E8E149-ECD2-3CF8-9ABE-12DF17AE4E1E,2021-ncaa-d3-natl,ncaa,3,115,5,60,8,3,2,5,15,1,2,26,40,42,118,256,3,3,158,3,79,5,5,31,33,34,250,254,99,4,24,11,180,7,71,2,86,276,103,53,1,9,9,56,,,274,84,,,3,6,33,263,13,12,46,6,12,197,231,20,14,14,26,24,37,173,76,18,152,7,74,,129,,,22,271,269,272,68,263,272,59,275,275,170,136,277,276,180,276,220,272,280,85,104,33,243,187,237,277,180,270,24,273,71,268,157,2,12,19,275,124,262,62,,,3,63,,,3,280,26,33,27,86,53,65,55,79,141,114,199,188,194,80,221,173,55,92,97,10,158,123,,19,,,b'\x11\xe8\xe1I\xec\xd2<\xf8\x9a\xbe\x12\xdf\x17\xaeN\x1e'
11E8E149-ECD2-3CF8-9ABE-12DF17AE4E1E,2022-ncaa-d3-conf-USA South,ncaa,3,4,5,4,7,4,4,5,2,2,6,3,8,8,6,13,4,5,8,4,5,5,5,4,4,3,14,13,10,5,2,11,14,9,9,3,6,8,4,3,1,1,3,3,,,9,9,,,2,8,9,13,3,3,7,2,6,10,12,4,4,4,7,8,5,18,17,3,4,1,3,,8,,,2,7,5,7,3,6,9,2,5,3,9,3,12,9,19,9,12,7,10,2,7,2,13,5,16,9,14,7,2,9,9,3,3,1,1,1,10,6,11,8,,,5,6,,,2,11,3,2,2,1,1,1,2,3,3,2,11,8,8,1,6,8,3,3,2,2,8,11,,6,,,b'\x11\xe8\xe1I\xec\xd2<\xf8\x9a\xbe\x12\xdf\x17\xaeN\x1e'
11E8E149-ECD2-3CF8-9ABE-12DF17AE4E1E,2022-ncaa-d3-natl,ncaa,76,55,188,65,207,97,88,165,42,45,87,49,267,320,150,366,52,22,290,22,106,129,131,69,74,77,343,360,136,105,53,352,369,272,263,100,195,225,164,120,22,16,83,75,,,258,226,,,53,150,121,164,39,42,127,21,55,290,337,35,16,18,73,83,102,413,317,73,215,18,70,,278,,,51,160,120,105,214,158,184,137,92,50,320,51,343,321,357,322,327,123,264,188,237,78,232,104,390,287,369,116,53,174,263,93,117,22,9,8,234,187,212,139,,,46,53,,,53,255,62,91,60,134,101,50,143,172,68,29,349,317,322,79,291,280,97,166,94,12,223,213,,23,,,b'\x11\xe8\xe1I\xec\xd2<\xf8\x9a\xbe\x12\xdf\x17\xaeN\x1e'
11E8E149-ECD2-3CF8-9ABE-12DF17AE4E1E,2023-ncaa-d3-conf-CCS,ncaa,2,3,1,3,1,1,1,1,3,1,1,2,1,1,2,6,1,1,1,1,3,1,1,2,2,2,5,6,4,1,1,1,3,1,2,1,5,8,4,2,3,4,7,7,,,9,8,,,2,1,3,3,1,4,3,4,3,2,2,2,4,4,3,3,2,5,3,2,5,4,7,,8,,,3,8,7,7,6,7,8,5,4,3,6,1,9,9,6,9,9,9,9,5,6,6,6,1,9,6,3,8,1,6,2,4,1,1,2,2,5,4,9,8,,,1,3,,,2,9,2,4,2,5,4,2,5,4,2,1,9,9,9,3,5,3,2,2,2,1,4,9,,3,,,b'\x11\xe8\xe1I\xec\xd2<\xf8\x9a\xbe\x12\xdf\x17\xaeN\x1e'
11E8E149-ECD2-3CF8-9ABE-12DF17AE4E1E,2023-ncaa-d3-natl,ncaa,107,171,33,151,45,27,48,41,122,57,58,127,97,87,158,236,4,7,75,7,38,23,20,130,94,101,148,246,33,23,33,107,265,40,124,100,293,343,159,216,84,159,308,360,,,421,402,,,111,24,97,198,34,86,84,96,122,140,148,6,8,8,44,47,35,260,96,170,251,124,356,,400,,,116,411,355,355,244,369,378,233,215,232,190,95,426,423,329,422,403,400,406,221,299,232,277,78,413,333,265,309,33,337,124,175,47,48,110,60,311,153,366,267,,,11,72,,,111,405,67,240,124,299,218,173,252,229,135,120,415,407,406,261,312,232,144,177,101,92,229,320,,19,,,b'\x11\xe8\xe1I\xec\xd2<\xf8\x9a\xbe\x12\xdf\x17\xaeN\x1e'
11E8E149-ECD2-3CF8-9ABE-12DF17AE4E1E,2024-ncaa-d3-conf-CCS,ncaa,4,3,5,4,5,6,6,5,4,5,5,4,5,5,5,5,6,6,3,6,9,5,5,4,4,5,7,5,7,4,1,4,4,4,1,3,2,5,6,4,7,6,3,4,,,4,6,,,3,5,6,1,4,4,4,5,3,4,4,5,7,7,4,3,1,4,1,1,6,7,5,,5,,,3,2,1,3,2,1,4,1,6,4,9,6,3,3,3,3,5,3,4,3,2,2,8,8,6,3,4,4,1,4,1,2,3,5,2,1,5,6,6,5,,,6,6,,,3,5,3,2,3,2,2,3,1,4,7,5,3,4,4,3,5,5,3,3,2,1,6,7,,5,,,b'\x11\xe8\xe1I\xec\xd2<\xf8\x9a\xbe\x12\xdf\x17\xaeN\x1e'
11E8E149-ECD2-3CF8-9ABE-12DF17AE4E1E,2024-ncaa-d3-natl,ncaa,142,115,296,138,300,182,204,196,207,168,160,195,273,256,317,301,64,56,192,61,96,165,145,244,200,217,259,329,66,32,14,209,261,100,77,183,154,277,252,230,222,228,186,195,,,220,225,,,139,245,126,44,104,149,88,107,78,273,228,28,20,21,53,36,12,116,22,135,313,175,163,,285,,,136,108,101,142,102,114,206,52,149,96,324,104,246,273,97,271,273,157,204,98,103,75,288,215,314,260,261,78,14,146,77,36,21,117,105,31,240,207,170,144,,,74,66,,,139,184,154,108,136,175,151,244,165,293,197,125,295,325,325,275,320,307,141,221,55,74,281,206,,13,,,b'\x11\xe8\xe1I\xec\xd2<\xf8\x9a\xbe\x12\xdf\x17\xaeN\x1e'
11E8E149-ECD2-3CF8-9ABE-12DF17AE4E1E,2025-ncaa-d3-conf-CCS,genius_ncaa,1,1,2,1,3,2,2,3,2,2,2,3,4,6,1,5,1,1,1,1,4,3,2,3,1,2,5,6,2,1,1,2,2,1,1,2,4,6,4,3,8,8,1,1,,,3,2,,6,2,3,8,7,2,3,4,3,3,4,5,1,1,1,4,3,1,1,1,4,4,9,2,,2,,6,2,4,4,7,2,3,5,1,4,5,5,4,4,4,1,4,3,6,6,1,1,2,5,6,3,7,2,2,1,2,1,1,2,5,5,3,6,5,3,2,,,1,1,,4,2,7,1,3,2,3,3,6,3,4,4,4,2,4,4,3,2,4,2,2,1,8,6,2,,1,,4,b'\x11\xe8\xe1I\xec\xd2<\xf8\x9a\xbe\x12\xdf\x17\xaeN\x1e'
11E8E149-ECD2-3CF8-9ABE-12DF17AE4E1E,2025-ncaa-d3-natl,genius_ncaa,57,75,36,74,53,43,72,65,114,55,60,120,205,199,194,318,2,5,75,5,45,44,23,137,93,144,211,337,23,38,22,57,227,33,60,70,146,396,287,228,119,225,46,83,,,271,118,,294,95,27,81,375,61,117,153,83,118,257,280,6,14,14,98,61,53,117,65,101,324,188,72,,167,,263,95,351,335,386,133,312,379,103,302,323,231,188,298,331,94,337,224,389,393,140,117,107,226,227,206,357,227,177,22,273,60,306,215,54,112,129,394,315,213,114,,,7,53,,36,95,388,120,119,106,188,192,257,186,260,217,216,211,253,258,256,313,274,52,128,208,91,343,142,,26,,56,b'\x11\xe8\xe1I\xec\xd2<\xf8\x9a\xbe\x12\xdf\x17\xaeN\x1e'
11E8E149-ECD2-3CF8-9ABE-12DF17AE4E1E,2026-ncaa-d3-conf-CCS,genius_ncaa,3,3,1,3,1,1,1,1,2,1,1,2,2,1,3,2,1,1,2,1,3,1,1,2,2,2,2,3,2,1,1,1,1,1,1,1,2,3,3,3,1,2,1,1,,,3,2,,3,3,1,2,1,2,2,2,1,2,2,2,2,2,3,2,1,1,2,1,1,3,2,1,,1,,2,3,3,3,3,2,3,3,2,3,3,3,2,3,3,2,3,2,3,3,2,2,2,3,3,2,3,1,3,1,3,1,3,2,1,3,3,3,3,2,1,,,1,1,,1,3,3,2,2,3,2,2,2,2,1,2,2,2,2,2,2,2,1,1,1,1,3,3,1,,1,,3,b'\x11\xe8\xe1I\xec\xd2<\xf8\x9a\xbe\x12\xdf\x17\xaeN\x1e'
11E8E149-ECD2-3CF8-9ABE-12DF17AE4E1E,2026-ncaa-d3-natl,genius_ncaa,288,268,215,305,249,227,211,253,153,156,194,135,329,309,312,329,190,158,295,164,166,245,208,200,207,269,352,356,165,98,22,308,275,236,96,231,252,331,358,317,158,119,145,119,,,160,200,,271,249,228,98,113,168,148,170,85,90,329,312,119,81,92,143,45,40,307,149,191,384,108,128,,212,,303,254,213,218,142,353,182,122,319,301,199,385,293,183,168,226,180,271,143,165,372,365,310,306,342,150,164,275,84,22,109,96,191,148,173,101,169,340,368,151,150,,,123,78,,47,249,159,239,298,273,306,308,190,238,152,357,285,230,214,232,195,264,221,60,113,251,86,383,175,,27,,31,b'\x11\xe8\xe1I\xec\xd2<\xf8\x9a\xbe\x12\xdf\x17\xaeN\x1e'
11E8E149-ECD7-4C98-9ABE-12DF17AE4E1E,2018-ncaa-d3-conf-ACAA,ncaa,3,4,1,3,1,1,1,1,3,1,1,3,1,1,3,3,4,2,5,2,5,1,1,3,3,4,5,3,5,1,2,1,3,1,3,1,2,4,3,2,1,2,1,2,,,5,5,,,3,1,2,1,3,2,2,2,1,2,2,5,5,5,2,2,1,3,3,1,2,1,2,,5,,,3,5,5,5,2,4,5,2,3,4,2,3,5,5,4,5,5,5,5,2,3,3,4,3,5,5,3,5,2,5,3,3,2,1,3,1,3,2,5,3,,,2,5,,,3,5,3,3,3,3,3,4,3,3,3,3,5,5,5,4,4,4,3,4,1,1,2,4,,5,,,b'\x11\xe8\xe1I\xec\xd7L\x98\x9a\xbe\x12\xdf\x17\xaeN\x1e'
11E8E149-ECD7-4C98-9ABE-12DF17AE4E1E,2018-ncaa-d3-natl,ncaa,299,279,363,301,372,248,159,80,267,99,51,249,343,281,400,339,413,388,426,380,441,125,76,321,367,368,434,359,437,48,72,320,318,164,228,272,404,410,363,376,76,91,130,131,,,416,403,,,332,105,5,244,130,34,7,14,5,311,199,415,366,359,9,4,18,192,31,209,426,43,98,,444,,,334,359,282,146,371,333,211,381,138,140,214,100,436,435,278,435,429,236,333,346,390,274,242,66,422,256,318,291,72,277,228,331,313,56,53,120,281,201,94,32,,,397,441,,,332,338,348,259,324,420,378,341,390,343,221,213,444,443,443,407,435,342,400,382,376,14,344,139,,361,,,b'\x11\xe8\xe1I\xec\xd7L\x98\x9a\xbe\x12\xdf\x17\xaeN\x1e'
11E8E149-ECD7-4C98-9ABE-12DF17AE4E1E,2019-ncaa-d3-conf-ACAA,ncaa,5,4,4,5,4,5,5,5,6,5,5,6,6,5,6,6,4,4,6,4,3,5,5,6,6,6,6,6,2,5,4,5,2,5,3,5,6,3,4,6,5,6,4,3,,,2,2,,,6,5,5,1,6,6,4,5,2,6,6,3,2,2,2,4,3,5,3,6,4,6,2,,2,,,6,3,3,3,5,3,3,6,3,2,5,3,3,1,6,1,1,3,2,5,5,6,1,3,1,3,2,3,4,3,3,3,4,5,6,6,3,6,1,2,,,5,2,,,6,2,6,5,6,6,6,3,6,3,5,3,2,1,1,3,2,2,5,4,6,6,5,2,,2,,,b'\x11\xe8\xe1I\xec\xd7L\x98\x9a\xbe\x12\xdf\x17\xaeN\x1e'
11E8E149-ECD7-4C98-9ABE-12DF17AE4E1E,2019-ncaa-d3-natl,ncaa,424,274,437,424,438,437,437,437,430,431,409,430,441,441,438,438,431,430,405,430,392,436,437,434,434,432,426,438,104,425,360,437,428,435,420,440,434,53,414,435,432,408,382,348,,,6,5,,,425,437,51,424,425,424,211,335,26,437,436,351,274,267,224,69,184,267,241,433,423,366,244,,5,,,434,18,88,17,425,121,36,399,89,19,434,165,4,5,13,5,4,8,7,425,381,421,14,286,3,108,428,17,360,30,420,262,409,435,409,435,178,422,8,42,,,436,411,,,425,7,432,429,434,434,439,438,437,438,426,335,6,5,5,433,424,430,429,433,440,333,429,100,,364,,,b'\x11\xe8\xe1I\xec\xd7L\x98\x9a\xbe\x12\xdf\x17\xaeN\x1e'
11E8E149-ECD7-4C98-9ABE-12DF17AE4E1E,2020-ncaa-d3-conf-ACAA,ncaa,4,3,4,4,4,4,5,5,4,5,5,5,4,4,4,4,4,5,1,5,3,4,5,5,4,4,1,5,2,5,4,5,3,6,4,5,5,1,3,5,4,3,2,2,,,3,4,,,4,5,3,3,4,5,5,5,5,4,4,1,3,3,4,4,4,4,6,5,3,3,2,,5,,,4,3,3,2,6,3,3,6,1,2,3,1,2,2,5,2,3,2,2,4,5,5,1,1,4,2,3,2,4,2,4,4,3,5,4,4,4,6,3,5,,,4,1,,,4,3,4,5,4,6,6,4,6,6,2,4,4,3,3,4,3,2,4,3,6,4,5,5,,1,,,b'\x11\xe8\xe1I\xec\xd7L\x98\x9a\xbe\x12\xdf\x17\xaeN\x1e'
11E8E149-ECD7-4C98-9ABE-12DF17AE4E1E,2020-ncaa-d3-natl,ncaa,344,136,432,291,433,426,419,432,346,403,416,352,422,420,393,343,419,425,310,425,317,431,433,372,373,324,359,370,175,414,302,430,352,430,351,426,389,6,71,265,318,64,353,234,,,7,51,,,258,433,104,276,277,257,63,158,29,362,294,208,174,166,62,117,135,137,130,343,98,46,198,,88,,,278,5,6,7,150,8,8,176,11,12,116,248,6,7,115,7,60,6,6,138,107,105,100,253,63,33,352,11,302,10,351,18,298,415,166,231,10,185,25,117,,,431,294,,,258,6,314,162,264,232,295,358,294,351,242,303,75,78,86,325,368,379,416,415,317,111,210,202,,231,,,b'\x11\xe8\xe1I\xec\xd7L\x98\x9a\xbe\x12\xdf\x17\xaeN\x1e'
11E8E149-ECDB-C336-9ABE-12DF17AE4E1E,2018-ncaa-d3-conf-AMCC,ncaa,3,3,1,3,1,1,1,1,4,2,2,7,2,3,3,7,3,1,10,1,4,1,1,4,5,4,5,3,6,1,2,3,4,2,3,3,8,6,2,4,3,4,2,2,,,10,9,,,3,1,4,2,1,1,1,2,2,2,3,3,3,3,1,2,2,5,2,4,4,4,3,,10,,,3,10,7,4,7,7,7,3,5,4,7,3,10,10,6,10,10,9,9,6,9,7,6,5,10,4,4,8,2,7,3,9,9,3,3,6,4,2,10,9,,,2,6,,,3,10,3,6,3,6,4,1,5,5,4,4,9,10,10,6,8,4,6,6,8,3,3,10,,3,,,b'\x11\xe8\xe1I\xec\xdb\xc36\x9a\xbe\x12\xdf\x17\xaeN\x1e'
11E8E149-ECDB-C336-9ABE-12DF17AE4E1E,2018-ncaa-d3-natl,ncaa,151,138,197,155,212,108,113,63,244,118,66,267,156,166,166,279,92,45,337,46,161,60,64,232,241,219,228,234,175,25,36,222,334,75,174,128,227,262,123,172,71,84,98,128,,,418,399,,,165,98,47,63,45,59,19,71,38,145,143,59,27,30,11,15,14,196,27,94,272,55,92,,437,,,163,331,246,218,240,336,337,230,69,83,127,36,441,441,272,440,414,322,347,200,275,206,192,29,432,360,334,298,36,337,174,387,420,78,103,209,297,190,388,290,,,117,284,,,165,338,151,215,175,334,259,257,327,344,69,75,440,437,437,353,401,353,318,347,366,51,304,393,,59,,,b'\x11\xe8\xe1I\xec\xdb\xc36\x9a\xbe\x12\xdf\x17\xaeN\x1e'
11E8E149-ECDB-C336-9ABE-12DF17AE4E1E,2019-ncaa-d3-conf-AMCC,ncaa,3,3,2,3,3,3,1,1,5,1,1,6,8,7,5,9,5,4,10,4,9,1,1,6,8,5,9,8,8,1,5,2,1,1,3,2,9,6,4,4,1,2,2,2,,,9,10,,,3,1,1,5,4,2,1,1,1,8,7,8,5,5,1,1,1,2,1,4,6,2,2,,10,,,3,7,6,6,2,3,5,2,7,4,10,6,10,10,5,9,10,8,9,3,5,3,9,8,10,2,1,10,5,10,3,10,10,1,2,2,8,5,4,2,,,4,10,,,3,10,5,2,3,5,4,4,2,3,6,5,10,10,10,5,8,2,10,5,9,1,6,5,,8,,,b'\x11\xe8\xe1I\xec\xdb\xc36\x9a\xbe\x12\xdf\x17\xaeN\x1e'
11E8E149-ECDB-C336-9ABE-12DF17AE4E1E,2019-ncaa-d3-natl,ncaa,206,185,317,203,331,226,143,122,194,83,69,215,342,332,329,365,367,321,397,324,424,158,178,260,305,264,424,368,404,104,155,221,195,166,192,150,206,159,125,126,103,86,77,60,,,208,224,,,181,215,66,151,149,57,22,21,15,336,320,360,300,312,38,46,66,108,56,90,221,63,55,,297,,,180,147,132,135,165,141,145,173,206,195,244,238,251,262,186,260,298,148,211,184,188,142,295,246,287,185,195,289,155,253,192,390,440,113,106,265,197,176,64,24,,,386,433,,,181,227,240,137,181,235,214,262,201,234,257,263,303,310,313,279,359,258,368,335,403,69,244,79,,402,,,b'\x11\xe8\xe1I\xec\xdb\xc36\x9a\xbe\x12\xdf\x17\xaeN\x1e'
11E8E149-ECDB-C336-9ABE-12DF17AE4E1E,2020-ncaa-d3-conf-AMCC,ncaa,9,9,7,9,11,10,9,7,11,9,1,11,11,11,11,11,9,9,10,8,9,7,7,11,11,11,9,11,5,3,6,9,6,5,6,11,10,8,8,11,7,6,6,6,,,7,10,,,10,8,5,11,10,9,2,9,1,11,11,8,9,8,4,2,2,8,3,11,9,5,6,,9,,,10,8,4,3,10,2,2,7,9,7,10,9,11,11,6,11,11,3,5,10,10,10,11,9,11,4,6,10,6,7,6,11,11,8,7,9,9,8,9,7,,,9,10,,,10,4,11,8,10,9,7,5,3,2,9,10,11,11,11,5,8,6,10,9,11,7,10,10,,9,,,b'\x11\xe8\xe1I\xec\xdb\xc36\x9a\xbe\x12\xdf\x17\xaeN\x1e'
11E8E149-ECDB-C336-9ABE-12DF17AE4E1E,2020-ncaa-d3-natl,ncaa,397,419,198,408,326,369,359,137,428,291,47,426,411,360,430,387,300,276,322,267,392,154,114,430,430,418,373,400,122,46,97,246,271,125,235,389,388,327,284,399,205,225,267,268,,,358,350,,,412,192,96,432,395,378,72,303,21,420,357,304,271,260,87,58,29,237,67,412,337,191,267,,384,,,406,393,335,255,324,302,209,329,351,312,328,279,402,402,210,403,391,319,264,341,365,377,331,270,332,248,271,389,97,346,235,374,346,284,334,371,370,337,248,145,,,327,408,,,412,264,407,362,399,382,331,303,303,238,346,335,408,404,404,348,314,267,385,348,359,283,364,271,,352,,,b'\x11\xe8\xe1I\xec\xdb\xc36\x9a\xbe\x12\xdf\x17\xaeN\x1e'
11E8E149-ECDB-C336-9ABE-12DF17AE4E1E,2022-ncaa-d3-conf-AMCC,ncaa,9,9,7,9,7,8,7,6,9,8,8,9,4,1,8,2,9,9,4,9,7,6,6,8,9,8,2,2,5,8,9,9,9,8,9,6,4,6,6,6,6,7,9,9,,,5,4,,,9,5,1,3,7,7,3,8,7,3,1,9,8,8,3,2,7,9,8,6,7,5,9,,8,,,9,9,9,8,9,9,8,9,3,4,4,4,8,8,7,8,8,8,6,9,9,9,2,2,5,8,9,9,9,9,9,9,7,7,8,9,7,6,9,9,,,9,7,,,9,5,9,9,9,9,9,9,9,9,6,5,8,8,8,9,9,9,9,9,9,4,8,9,,6,,,b'\x11\xe8\xe1I\xec\xdb\xc36\x9a\xbe\x12\xdf\x17\xaeN\x1e'
11E8E149-ECDB-C336-9ABE-12DF17AE4E1E,2022-ncaa-d3-natl,ncaa,393,410,250,403,285,327,318,132,411,313,158,410,228,123,363,156,328,334,271,333,385,162,166,408,405,389,177,158,250,262,391,262,390,268,415,315,287,225,186,327,235,312,417,426,,,180,75,,,410,128,20,290,351,339,27,341,91,215,99,334,336,341,48,50,241,242,245,326,263,219,424,,224,,,408,416,418,391,398,418,384,409,321,341,181,216,282,299,191,306,155,392,349,384,378,399,59,137,77,404,390,421,391,422,415,412,302,265,370,404,277,232,361,328,,,291,363,,,410,306,390,402,404,425,418,417,420,408,342,375,313,324,331,421,412,403,426,425,414,254,295,386,,274,,,b'\x11\xe8\xe1I\xec\xdb\xc36\x9a\xbe\x12\xdf\x17\xaeN\x1e'
11E8E149-ECDB-C336-9ABE-12DF17AE4E1E,2023-ncaa-d3-conf-AMCC,ncaa,8,8,7,8,7,8,7,6,8,5,6,6,7,3,8,3,7,8,3,8,8,6,7,8,8,8,6,6,5,6,8,7,8,7,8,7,6,6,5,6,7,7,8,8,,,7,7,,,8,6,1,1,7,6,5,5,4,7,3,7,8,8,5,2,6,3,6,6,6,6,8,,7,,,8,8,5,3,7,4,4,4,8,4,8,4,7,7,4,7,7,6,4,7,8,8,7,7,7,6,8,7,8,8,8,6,6,6,6,6,6,6,6,7,,,7,5,,,8,2,8,8,8,8,8,8,7,8,8,6,7,8,8,8,8,8,8,8,8,4,7,7,,6,,,b'\x11\xe8\xe1I\xec\xdb\xc36\x9a\xbe\x12\xdf\x17\xaeN\x1e'
11E8E149-ECDB-C336-9ABE-12DF17AE4E1E,2023-ncaa-d3-natl,ncaa,396,385,377,404,390,384,366,275,405,345,279,384,337,209,402,163,400,391,338,390,408,307,310,404,411,398,288,210,357,271,334,299,361,304,375,328,182,234,310,335,330,350,412,416,,,289,329,,,395,306,40,148,359,329,65,294,122,290,121,396,386,387,107,57,167,90,125,283,347,269,413,,399,,,396,295,212,168,266,163,178,183,317,209,408,199,369,384,151,383,383,216,175,288,308,346,369,295,353,335,361,368,334,371,375,330,361,311,331,357,349,371,150,189,,,393,410,,,395,127,395,371,393,397,359,380,321,365,383,327,411,416,417,406,403,387,422,417,379,201,383,241,,365,,,b'\x11\xe8\xe1I\xec\xdb\xc36\x9a\xbe\x12\xdf\x17\xaeN\x1e'
11E8E149-ECDB-C336-9ABE-12DF17AE4E1E,2024-ncaa-d3-conf-AMCC,ncaa,7,7,2,7,3,6,7,5,7,8,5,7,6,4,6,5,3,2,6,2,3,5,4,7,7,7,2,4,3,5,9,5,8,6,9,6,7,5,5,7,4,4,6,7,,,9,9,,,9,5,4,5,7,7,5,8,5,7,5,4,3,2,5,4,5,8,7,7,5,4,6,,9,,,9,10,8,7,9,7,8,8,9,8,9,6,8,8,9,9,8,7,9,9,9,9,7,7,6,8,8,9,9,9,9,8,6,4,4,5,6,5,6,6,,,2,3,,,9,7,7,9,9,9,8,6,7,7,7,7,8,8,9,7,9,7,8,8,8,4,5,6,,2,,,b'\x11\xe8\xe1I\xec\xdb\xc36\x9a\xbe\x12\xdf\x17\xaeN\x1e'
11E8E149-ECDB-C336-9ABE-12DF17AE4E1E,2024-ncaa-d3-natl,ncaa,299,297,296,308,324,235,244,152,328,262,217,297,184,108,323,132,209,197,235,195,182,159,178,321,327,277,161,171,173,152,244,241,323,201,315,263,289,171,156,238,145,159,333,349,,,275,247,,,311,199,62,232,204,219,45,217,146,170,79,153,141,140,47,60,83,162,111,238,223,114,323,,342,,,315,326,314,266,300,315,245,323,242,256,208,218,296,290,269,296,270,271,265,296,299,310,196,187,230,332,323,373,244,363,315,264,188,207,255,253,256,233,238,254,,,246,305,,,311,240,266,329,294,364,360,354,346,327,293,320,340,336,344,375,374,352,403,392,296,152,289,292,,192,,,b'\x11\xe8\xe1I\xec\xdb\xc36\x9a\xbe\x12\xdf\x17\xaeN\x1e'
11E8E149-ECDB-C336-9ABE-12DF17AE4E1E,2025-ncaa-d3-conf-AMCC,genius_ncaa,7,7,3,7,4,5,5,3,7,6,5,7,2,1,7,1,9,7,9,7,7,4,4,6,7,7,3,2,8,7,8,8,9,6,9,5,6,5,5,6,4,7,8,8,,,4,2,,4,8,2,1,5,6,6,3,8,6,3,1,9,8,8,4,2,7,9,8,6,5,4,8,,4,,4,7,9,9,9,8,9,9,8,9,7,9,5,4,7,1,7,4,9,9,9,8,8,6,8,2,9,9,9,8,9,9,9,9,3,4,7,7,6,7,7,,,6,9,,1,8,7,7,8,8,9,9,8,7,8,9,6,4,7,7,8,9,9,9,9,9,3,6,6,,8,,1,b'\x11\xe8\xe1I\xec\xdb\xc36\x9a\xbe\x12\xdf\x17\xaeN\x1e'
11E8E149-ECDB-C336-9ABE-12DF17AE4E1E,2025-ncaa-d3-natl,genius_ncaa,370,356,373,376,378,356,348,253,381,366,313,383,168,100,301,42,408,409,370,408,402,299,332,365,382,358,103,25,409,354,395,379,412,381,414,340,270,86,163,266,247,264,381,392,,,32,13,,53,382,310,46,258,315,277,34,339,193,81,25,402,402,402,68,83,302,292,319,290,231,158,374,,64,,71,383,338,382,302,364,340,279,330,370,272,406,247,42,59,87,48,32,244,195,368,347,354,141,333,17,402,412,384,395,403,414,401,392,284,314,389,208,276,258,327,,,407,417,,68,382,104,362,390,381,397,402,404,396,403,403,367,101,127,113,399,400,408,416,414,410,153,305,342,,405,,29,b'\x11\xe8\xe1I\xec\xdb\xc36\x9a\xbe\x12\xdf\x17\xaeN\x1e'
11E8E149-ECDB-C336-9ABE-12DF17AE4E1E,2026-ncaa-d3-conf-AMCC,genius_ncaa,7,7,4,7,4,6,7,4,7,6,5,7,7,4,8,3,2,3,4,2,3,4,4,7,7,7,3,7,1,3,2,7,4,4,4,8,9,6,7,9,4,3,6,7,,,7,9,,1,8,4,4,2,6,7,3,6,5,7,2,2,2,2,2,2,1,7,3,8,9,3,7,,9,,1,8,5,5,2,7,4,2,7,5,3,8,6,7,8,7,8,9,3,4,7,7,7,9,5,8,2,4,5,2,3,4,6,6,5,3,4,7,8,8,8,,,3,2,,7,8,6,7,7,6,7,7,2,6,2,6,3,9,9,9,3,4,2,7,5,6,2,9,8,,1,,7,b'\x11\xe8\xe1I\xec\xdb\xc36\x9a\xbe\x12\xdf\x17\xaeN\x1e'
11E8E149-ECDB-C336-9ABE-12DF17AE4E1E,2026-ncaa-d3-natl,genius_ncaa,390,397,116,390,139,341,347,178,405,351,230,398,268,103,398,88,279,195,388,183,153,181,112,404,406,401,145,187,143,156,313,194,402,171,396,373,367,390,389,402,239,353,351,389,,,193,38,,45,414,106,41,113,400,401,227,396,309,323,103,347,238,226,232,67,178,236,220,399,397,269,368,,135,,45,410,402,399,388,357,363,330,330,410,405,393,378,283,256,303,245,145,382,352,388,382,400,334,388,61,403,402,373,313,395,396,403,351,249,375,400,405,398,388,400,,,138,259,,201,414,306,403,408,410,411,405,406,372,337,413,413,273,234,225,405,396,403,392,402,406,312,402,387,,160,,217,b'\x11\xe8\xe1I\xec\xdb\xc36\x9a\xbe\x12\xdf\x17\xaeN\x1e'
11E8E149-ECE0-654E-9ABE-12DF17AE4E1E,2018-ncaa-d3-conf-AMCC,ncaa,7,7,7,7,7,9,9,8,10,9,9,9,8,6,8,4,9,8,7,8,8,8,9,10,10,9,7,5,4,8,6,9,3,9,5,9,10,3,6,9,6,5,10,10,,,5,7,,,8,9,8,1,9,9,7,9,8,8,4,8,8,8,7,8,5,7,6,9,5,5,10,,6,,,8,2,2,1,9,5,3,10,1,2,4,4,3,5,2,5,7,1,2,7,6,6,3,3,8,1,3,7,6,4,5,1,1,5,5,2,3,7,4,3,,,9,7,,,8,3,9,5,8,4,5,2,6,6,2,3,6,6,6,3,3,2,8,5,2,5,5,4,,8,,,b'\x11\xe8\xe1I\xec\xe0eN\x9a\xbe\x12\xdf\x17\xaeN\x1e'
11E8E149-ECE0-654E-9ABE-12DF17AE4E1E,2018-ncaa-d3-natl,ncaa,320,327,305,326,312,346,333,275,366,289,211,354,353,314,391,289,308,302,275,302,318,282,268,378,380,369,309,322,193,183,222,336,289,285,296,376,387,259,299,384,221,221,418,421,,,154,175,,,368,293,166,57,353,329,173,278,136,339,281,297,282,283,182,145,131,305,220,383,317,202,421,,210,,,361,250,286,154,369,330,252,334,180,99,363,92,214,215,188,217,207,154,170,349,347,320,122,138,186,190,289,259,222,231,296,126,51,201,183,160,367,379,157,152,,,323,318,,,368,173,359,304,352,325,338,262,352,325,216,130,254,263,268,265,294,257,339,322,184,158,382,195,,295,,,b'\x11\xe8\xe1I\xec\xe0eN\x9a\xbe\x12\xdf\x17\xaeN\x1e'
11E8E149-ECE0-654E-9ABE-12DF17AE4E1E,2019-ncaa-d3-conf-AMCC,ncaa,8,6,7,8,8,9,8,7,8,9,9,8,7,2,8,2,8,6,7,6,4,7,8,9,9,9,2,3,4,7,7,8,5,7,6,8,2,5,6,5,8,8,8,8,,,3,3,,,9,9,8,2,8,8,5,9,9,6,2,5,6,6,5,6,3,7,5,8,5,8,8,,3,,,9,5,7,4,8,7,6,6,3,2,8,2,3,2,7,2,1,3,1,7,7,8,3,3,4,4,5,5,7,4,6,5,6,9,9,9,6,7,4,6,,,7,5,,,9,2,7,8,9,7,8,7,8,8,5,2,4,3,3,6,5,6,7,6,8,8,7,7,,4,,,b'\x11\xe8\xe1I\xec\xe0eN\x9a\xbe\x12\xdf\x17\xaeN\x1e'
11E8E149-ECE0-654E-9ABE-12DF17AE4E1E,2019-ncaa-d3-natl,ncaa,306,331,215,326,231,307,291,220,344,261,241,296,287,179,401,174,282,292,232,292,279,242,222,350,353,348,259,251,224,115,134,279,352,216,264,205,86,286,296,257,324,346,350,386,,,56,38,,,367,263,238,79,329,318,175,276,236,303,162,283,289,291,204,168,91,281,167,188,299,330,365,,45,,,361,320,381,327,342,394,358,334,213,201,249,163,96,77,375,74,37,285,234,314,298,327,54,150,54,341,352,239,134,284,264,397,335,280,317,382,356,357,287,297,,,291,320,,,367,196,327,355,356,323,378,373,384,382,223,213,105,78,76,329,286,352,255,309,391,280,358,305,,288,,,b'\x11\xe8\xe1I\xec\xe0eN\x9a\xbe\x12\xdf\x17\xaeN\x1e'
11E8E149-ECE0-654E-9ABE-12DF17AE4E1E,2020-ncaa-d3-conf-AMCC,ncaa,4,4,1,4,2,4,2,1,5,6,9,3,2,1,6,2,4,4,5,4,5,2,2,4,4,4,2,2,7,1,1,2,1,2,1,2,2,2,2,2,4,5,10,10,,,5,5,,,2,6,11,2,4,4,1,7,9,2,1,4,4,4,3,5,1,2,2,5,2,6,10,,2,,,2,2,2,2,4,1,1,8,5,8,3,10,1,1,3,1,3,2,3,7,4,3,5,8,2,1,1,4,1,2,1,5,9,2,1,3,1,1,4,3,,,4,7,,,2,6,2,1,2,1,1,1,1,1,5,5,1,1,1,1,1,1,3,1,2,4,1,3,,7,,,b'\x11\xe8\xe1I\xec\xe0eN\x9a\xbe\x12\xdf\x17\xaeN\x1e'
11E8E149-ECE0-654E-9ABE-12DF17AE4E1E,2020-ncaa-d3-natl,ncaa,118,136,65,136,94,110,108,50,239,149,157,172,73,29,276,70,185,194,182,198,260,58,83,213,223,174,151,113,317,12,10,88,5,20,6,127,188,135,64,84,164,146,418,424,,,110,108,,,61,196,355,196,154,139,70,206,249,98,49,239,268,270,88,153,11,134,19,145,81,212,428,,44,,,59,98,157,155,188,127,122,225,247,274,189,335,53,43,221,43,82,107,151,203,168,121,214,319,74,21,5,218,10,90,6,199,245,138,94,144,125,66,141,125,,,232,357,,,61,251,71,57,51,47,91,54,89,48,204,210,21,21,21,21,34,9,117,36,146,178,77,105,,338,,,b'\x11\xe8\xe1I\xec\xe0eN\x9a\xbe\x12\xdf\x17\xaeN\x1e'
11E8E149-ECE0-654E-9ABE-12DF17AE4E1E,2022-ncaa-d3-conf-AMCC,ncaa,2,3,1,3,1,1,2,3,2,3,3,3,1,4,1,5,1,3,3,3,4,3,1,2,1,2,4,4,7,3,2,1,1,1,1,3,5,4,3,3,5,5,6,6,,,7,6,,,3,2,7,3,3,3,5,3,4,4,6,4,7,7,5,6,4,1,2,3,3,6,6,,2,,,3,6,7,7,7,7,7,5,6,5,6,5,4,5,1,6,3,7,5,6,5,4,5,6,3,1,1,2,2,2,1,2,1,5,6,3,3,2,4,2,,,7,9,,,3,9,2,3,3,3,4,2,4,2,2,4,2,3,3,2,1,1,1,1,1,8,2,3,,9,,,b'\x11\xe8\xe1I\xec\xe0eN\x9a\xbe\x12\xdf\x17\xaeN\x1e'
11E8E149-ECE0-654E-9ABE-12DF17AE4E1E,2022-ncaa-d3-natl,ncaa,96,39,300,54,333,156,119,252,30,105,176,57,202,323,32,305,290,340,62,341,383,265,323,37,47,33,336,261,376,159,16,225,52,197,15,176,297,34,50,51,286,221,340,354,,,45,72,,,82,354,323,290,44,25,101,28,64,166,283,237,317,314,125,241,75,82,62,99,52,259,342,,43,,,61,78,135,98,251,200,181,219,60,46,222,69,46,54,70,57,59,83,60,213,170,253,32,113,70,51,52,27,16,24,15,12,1,382,352,121,21,34,20,5,,,398,416,,,82,81,16,224,55,162,233,194,283,307,87,57,58,81,88,161,79,80,21,31,16,374,31,15,,416,,,b'\x11\xe8\xe1I\xec\xe0eN\x9a\xbe\x12\xdf\x17\xaeN\x1e'
11E8E149-ECE0-654E-9ABE-12DF17AE4E1E,2023-ncaa-d3-conf-AMCC,ncaa,3,3,1,3,3,3,3,2,4,3,3,4,2,1,5,2,2,4,1,2,5,2,2,4,3,3,2,2,3,1,4,6,4,2,4,3,2,2,2,3,3,3,1,2,,,6,6,,,3,3,5,7,3,3,2,3,3,2,1,2,5,3,2,3,1,8,3,3,2,3,1,,6,,,3,6,7,5,6,7,7,5,3,2,6,2,6,6,1,6,6,5,7,5,5,3,3,3,4,4,4,6,4,6,4,4,2,3,3,3,3,3,5,4,,,6,8,,,3,6,3,3,3,4,4,2,5,6,3,2,6,6,6,3,4,3,6,6,3,3,3,5,,8,,,b'\x11\xe8\xe1I\xec\xe0eN\x9a\xbe\x12\xdf\x17\xaeN\x1e'
11E8E149-ECE0-654E-9ABE-12DF17AE4E1E,2023-ncaa-d3-natl,ncaa,188,131,333,175,363,243,265,190,345,304,266,336,126,88,256,88,187,304,3,306,257,208,299,322,285,199,61,99,131,78,76,351,364,233,259,208,95,22,22,51,215,180,212,226,,,102,135,,,216,358,221,288,141,197,38,265,169,83,41,86,247,255,48,121,29,297,97,121,43,158,179,,178,,,216,138,179,135,248,212,209,191,156,98,328,117,135,170,100,169,166,130,110,236,208,240,154,185,150,301,364,189,76,233,259,129,116,304,270,228,34,56,159,191,,,403,425,,,216,78,135,299,206,272,300,300,314,346,221,164,215,241,247,302,261,353,321,347,218,234,76,210,,416,,,b'\x11\xe8\xe1I\xec\xe0eN\x9a\xbe\x12\xdf\x17\xaeN\x1e'
11E8E149-ECE0-654E-9ABE-12DF17AE4E1E,2024-ncaa-d3-conf-AMCC,ncaa,4,4,2,4,4,4,5,6,4,5,6,4,5,2,5,2,1,1,2,1,1,6,3,4,4,3,3,6,2,6,5,2,7,3,6,5,3,7,6,5,6,6,8,9,,,6,4,,,6,4,3,6,3,5,6,4,8,5,1,1,1,1,6,3,6,2,4,5,6,6,8,,6,,,6,9,9,9,7,8,9,5,8,5,10,2,6,6,6,6,3,9,8,8,8,8,4,6,4,9,7,6,5,6,6,7,2,6,7,7,8,6,5,5,,,3,5,,,6,6,4,8,6,8,9,9,9,8,6,5,4,4,4,9,7,8,5,6,6,7,8,5,,3,,,b'\x11\xe8\xe1I\xec\xe0eN\x9a\xbe\x12\xdf\x17\xaeN\x1e'
11E8E149-ECE0-654E-9ABE-12DF17AE4E1E,2024-ncaa-d3-natl,ncaa,203,232,112,223,170,124,135,118,168,159,219,100,101,67,226,84,126,178,76,185,165,116,95,143,139,153,144,145,213,159,206,102,310,119,247,111,122,312,247,183,304,355,376,397,,,146,54,,,286,93,91,244,103,129,107,174,252,105,66,134,199,213,115,96,173,97,115,110,279,324,388,,122,,,282,404,412,413,351,409,408,317,384,330,377,182,142,120,299,112,28,402,354,348,318,368,83,252,38,378,310,319,206,355,247,369,153,275,368,361,348,303,181,194,,,245,362,,,286,334,161,378,279,382,396,394,390,391,366,303,109,91,88,386,347,355,270,319,343,314,318,165,,307,,,b'\x11\xe8\xe1I\xec\xe0eN\x9a\xbe\x12\xdf\x17\xaeN\x1e'
11E8E149-ECE0-654E-9ABE-12DF17AE4E1E,2025-ncaa-d3-conf-AMCC,genius_ncaa,8,7,7,8,8,8,8,7,8,7,7,5,7,4,9,4,5,4,7,4,4,7,7,8,8,8,6,6,4,8,9,6,8,7,8,8,7,7,8,8,8,8,9,9,,,3,4,,9,7,6,2,2,8,8,6,6,7,7,4,6,4,4,8,5,8,5,7,8,7,8,9,,3,,9,8,7,7,8,7,7,8,7,6,6,5,6,3,3,4,3,2,7,6,7,7,7,2,4,3,8,8,8,9,8,8,7,5,8,8,8,6,8,2,3,,,7,7,,9,7,4,8,7,7,7,7,9,8,9,6,8,3,3,4,9,8,8,8,8,7,8,8,2,,5,,9,b'\x11\xe8\xe1I\xec\xe0eN\x9a\xbe\x12\xdf\x17\xaeN\x1e'
11E8E149-ECE0-654E-9ABE-12DF17AE4E1E,2025-ncaa-d3-natl,genius_ncaa,370,384,290,381,313,339,343,281,369,315,277,315,320,194,394,151,272,264,253,265,194,285,228,371,364,365,225,264,123,389,413,191,326,314,392,341,278,326,339,358,257,322,385,405,,,67,18,,201,405,141,39,127,346,348,195,310,253,319,146,240,227,226,201,116,395,85,287,345,348,231,391,,75,,237,396,405,412,405,366,404,384,356,391,374,362,276,98,114,118,112,37,392,321,364,344,396,110,309,19,357,326,388,413,389,392,390,220,376,411,403,393,385,107,163,,,344,363,,405,405,283,377,393,392,402,406,410,399,406,397,389,123,145,138,408,391,368,399,393,386,378,386,131,,334,,408,b'\x11\xe8\xe1I\xec\xe0eN\x9a\xbe\x12\xdf\x17\xaeN\x1e'
11E8E149-ECE0-654E-9ABE-12DF17AE4E1E,2026-ncaa-d3-conf-AMCC,genius_ncaa,4,4,4,5,4,7,6,8,5,6,8,4,5,8,5,4,8,4,9,4,1,8,8,4,6,6,6,3,6,8,8,3,6,6,6,5,2,4,9,5,9,9,3,4,,,3,4,,4,5,7,8,2,7,6,9,6,9,5,7,6,3,3,9,9,9,2,6,5,6,9,2,,3,,4,5,3,3,5,3,4,6,4,2,5,2,5,4,3,8,3,4,6,2,3,4,6,5,3,7,6,6,4,8,5,6,2,1,8,9,8,5,9,2,3,,,5,1,,3,5,2,6,6,5,5,5,7,6,8,2,7,5,3,3,8,2,8,3,7,2,9,7,1,,2,,3,b'\x11\xe8\xe1I\xec\xe0eN\x9a\xbe\x12\xdf\x17\xaeN\x1e'
11E8E149-ECE0-654E-9ABE-12DF17AE4E1E,2026-ncaa-d3-natl,genius_ncaa,345,268,327,351,337,381,381,385,271,374,381,252,380,376,326,296,341,344,226,339,148,384,378,290,284,328,275,319,108,395,389,326,310,367,322,368,193,170,377,344,401,411,215,168,,,28,27,,104,367,370,322,113,380,378,408,329,350,362,363,267,269,257,406,387,395,136,303,344,322,410,137,,29,,133,373,138,152,140,224,132,99,261,254,251,214,376,59,19,415,21,22,110,60,250,250,372,241,353,50,195,310,76,389,111,322,170,230,400,413,408,228,384,33,88,,,363,203,,291,367,48,357,388,378,326,346,380,297,276,379,395,110,26,27,347,197,346,210,298,323,416,352,51,,308,,279,b'\x11\xe8\xe1I\xec\xe0eN\x9a\xbe\x12\xdf\x17\xaeN\x1e'
11E8E149-ECE5-1AB2-9ABE-12DF17AE4E1E,2018-ncaa-d3-conf-SUNYAC,ncaa,8,8,7,8,8,8,8,6,8,8,9,7,3,2,6,1,6,5,8,4,1,6,7,8,8,8,1,2,3,7,9,7,9,8,9,8,8,4,5,7,8,10,1,1,,,7,7,,,8,8,2,4,7,8,5,8,9,2,1,6,2,2,4,2,4,6,5,8,6,8,1,,8,,,8,8,8,3,8,4,7,6,8,3,10,3,8,8,9,8,8,5,5,9,9,9,9,7,8,8,9,8,9,7,9,4,3,6,6,7,6,6,5,7,,,5,4,,,8,4,8,9,8,9,9,7,8,10,8,7,8,8,8,9,10,9,10,9,6,6,6,6,,4,,,b'\x11\xe8\xe1I\xec\xe5\x1a\xb2\x9a\xbe\x12\xdf\x17\xaeN\x1e'
11E8E149-ECE5-1AB2-9ABE-12DF17AE4E1E,2018-ncaa-d3-natl,ncaa,299,327,197,314,219,312,348,255,387,406,387,389,63,31,233,22,273,225,335,218,48,253,271,356,352,327,9,14,183,260,357,160,239,206,329,331,233,151,194,292,384,405,62,45,,,278,303,,,322,265,244,106,345,383,238,427,420,51,26,279,218,206,237,272,263,105,180,354,174,405,56,,307,,,316,227,134,228,92,48,128,33,421,376,405,384,311,315,221,330,365,259,221,172,185,248,440,432,318,308,239,393,357,372,329,176,229,286,322,247,191,223,125,262,,,228,192,,,322,199,327,266,312,246,162,268,53,143,423,390,339,337,357,297,259,316,390,366,199,297,200,118,,231,,,b'\x11\xe8\xe1I\xec\xe5\x1a\xb2\x9a\xbe\x12\xdf\x17\xaeN\x1e'
11E8E149-ECE5-1AB2-9ABE-12DF17AE4E1E,2019-ncaa-d3-conf-SUNYAC,ncaa,7,4,7,7,8,7,8,8,8,8,8,8,4,4,4,3,5,3,8,4,2,8,10,7,6,4,3,3,5,5,6,9,10,10,10,7,7,2,2,4,6,6,4,4,,,5,6,,,8,10,7,2,4,6,3,8,6,4,4,4,1,1,3,4,3,9,8,7,4,5,4,,7,,,8,5,5,4,5,6,6,7,4,4,3,3,8,8,10,8,7,5,6,5,7,8,4,4,8,10,10,5,6,9,10,3,2,6,6,4,3,3,3,5,,,5,3,,,8,1,4,9,8,7,8,8,10,9,5,5,9,8,9,7,9,10,8,10,5,4,3,4,,2,,,b'\x11\xe8\xe1I\xec\xe5\x1a\xb2\x9a\xbe\x12\xdf\x17\xaeN\x1e'
11E8E149-ECE5-1AB2-9ABE-12DF17AE4E1E,2019-ncaa-d3-natl,ncaa,263,274,215,276,221,243,261,211,311,333,296,348,86,98,92,90,268,182,394,191,115,203,289,257,285,208,48,49,273,253,330,311,394,304,392,244,215,36,38,114,220,241,124,140,,,270,263,,,298,289,303,25,231,267,161,360,302,61,85,263,156,164,155,272,249,335,319,231,34,224,117,,294,,,294,310,280,236,271,307,242,303,187,231,148,193,352,345,283,346,324,271,228,259,285,314,211,132,310,391,394,360,330,383,392,209,120,277,304,258,50,62,82,111,,,184,111,,,298,167,219,364,285,315,296,283,306,281,200,244,366,361,363,320,278,390,375,389,225,271,58,83,,140,,,b'\x11\xe8\xe1I\xec\xe5\x1a\xb2\x9a\xbe\x12\xdf\x17\xaeN\x1e'
11E8E149-ECE5-1AB2-9ABE-12DF17AE4E1E,2020-ncaa-d3-conf-SUNYAC,ncaa,9,9,7,9,8,9,9,7,10,10,9,9,7,4,9,3,8,7,7,7,6,7,8,10,10,9,5,3,6,8,9,10,10,10,10,10,7,2,4,6,5,5,7,6,,,4,4,,,7,9,8,2,9,9,5,9,8,7,4,8,7,7,5,5,8,10,10,10,3,5,7,,4,,,7,5,5,1,8,5,2,9,5,4,7,7,5,5,4,5,7,2,2,9,8,7,6,7,4,8,10,9,9,9,10,6,9,4,2,5,3,3,10,10,,,6,3,,,7,1,9,7,7,6,7,7,5,4,7,5,5,6,6,6,7,8,10,10,7,2,3,10,,4,,,b'\x11\xe8\xe1I\xec\xe5\x1a\xb2\x9a\xbe\x12\xdf\x17\xaeN\x1e'
11E8E149-ECE5-1AB2-9ABE-12DF17AE4E1E,2020-ncaa-d3-natl,ncaa,324,345,198,337,218,305,311,191,371,343,296,367,150,82,318,74,341,333,309,327,285,218,290,352,363,319,107,78,311,270,358,350,371,329,395,266,168,58,78,170,277,288,217,211,,,153,169,,,310,281,286,63,330,335,145,367,310,151,65,360,343,338,185,272,267,379,349,264,69,279,223,,173,,,307,188,192,158,245,175,149,255,247,232,267,277,206,228,144,216,258,162,174,260,239,225,263,279,218,315,371,400,358,376,395,311,357,191,173,269,48,75,399,413,,,265,234,,,310,141,322,269,313,224,222,195,203,162,265,255,225,250,241,202,212,316,395,367,310,165,63,405,,264,,,b'\x11\xe8\xe1I\xec\xe5\x1a\xb2\x9a\xbe\x12\xdf\x17\xaeN\x1e'
11E8E149-ECE5-1AB2-9ABE-12DF17AE4E1E,2022-ncaa-d3-conf-SUNYAC,ncaa,9,9,7,9,8,10,10,10,9,9,9,9,4,4,6,4,9,9,8,9,5,10,10,10,9,10,4,4,7,10,10,9,10,10,10,9,7,8,10,10,9,9,7,7,,,6,9,,,10,9,4,3,10,10,8,9,9,4,4,9,8,8,8,8,10,7,10,9,10,9,7,,8,,,10,7,5,4,8,6,6,7,4,3,7,3,10,10,8,10,10,4,4,6,8,9,5,4,9,9,10,7,10,8,10,6,6,8,8,5,7,7,6,7,,,8,8,,,10,4,10,9,10,8,6,7,7,8,5,3,10,10,10,7,9,9,9,9,7,6,7,6,,8,,,b'\x11\xe8\xe1I\xec\xe5\x1a\xb2\x9a\xbe\x12\xdf\x17\xaeN\x1e'
11E8E149-ECE5-1AB2-9ABE-12DF17AE4E1E,2022-ncaa-d3-natl,ncaa,302,341,188,325,194,316,305,238,365,331,269,374,156,125,247,114,331,297,378,295,237,248,246,344,360,355,113,84,279,344,404,229,291,286,384,285,221,243,267,303,271,316,173,191,,,226,198,,,356,205,196,66,365,361,262,381,317,166,130,373,328,327,287,285,376,257,333,313,233,299,169,,222,,,344,290,276,253,245,277,279,202,239,187,322,143,314,321,216,322,288,264,240,235,244,260,222,196,274,305,291,396,404,384,384,300,267,204,239,275,184,195,346,388,,,267,257,,,356,226,368,270,343,277,259,260,262,282,221,172,312,317,322,276,268,297,401,378,288,212,182,360,,295,,,b'\x11\xe8\xe1I\xec\xe5\x1a\xb2\x9a\xbe\x12\xdf\x17\xaeN\x1e'
11E8E149-ECE5-1AB2-9ABE-12DF17AE4E1E,2023-ncaa-d3-conf-SUNYAC,ncaa,8,8,7,8,8,7,7,7,10,8,8,10,3,3,7,3,7,4,10,4,3,5,4,8,8,8,2,2,5,8,9,5,8,6,8,9,8,6,7,8,3,6,4,3,,,10,10,,,7,2,1,2,7,7,4,9,9,4,4,6,3,3,4,2,7,4,6,9,8,4,3,,10,,,7,6,5,6,6,7,6,7,5,7,3,7,9,9,4,9,9,8,9,5,6,5,4,4,8,9,8,9,9,10,8,7,8,3,5,6,8,8,10,10,,,4,4,,,7,9,8,5,7,8,6,9,8,8,5,9,9,9,9,9,10,9,10,10,7,3,8,10,,3,,,b'\x11\xe8\xe1I\xec\xe5\x1a\xb2\x9a\xbe\x12\xdf\x17\xaeN\x1e'
11E8E149-ECE5-1AB2-9ABE-12DF17AE4E1E,2023-ncaa-d3-natl,ncaa,289,297,271,303,275,303,309,214,372,308,227,368,208,159,322,166,288,225,386,225,193,216,220,365,374,347,161,153,203,198,284,175,278,186,313,316,296,198,212,314,255,279,144,132,,,257,248,,,310,230,124,55,309,305,108,307,185,199,124,282,168,167,113,104,151,77,100,317,258,225,124,,323,,,307,192,199,254,143,216,165,266,204,341,30,343,210,216,156,214,241,239,234,144,138,159,203,218,202,307,278,375,284,367,313,297,331,198,229,277,151,154,310,315,,,234,234,,,310,207,340,185,303,263,266,337,269,222,236,379,242,255,259,334,335,335,399,382,308,159,197,345,,164,,,b'\x11\xe8\xe1I\xec\xe5\x1a\xb2\x9a\xbe\x12\xdf\x17\xaeN\x1e'
11E8E149-ECE5-1AB2-9ABE-12DF17AE4E1E,2024-ncaa-d3-conf-SUNYAC,ncaa,7,6,7,7,8,9,9,10,6,9,10,7,7,7,5,6,5,3,4,3,1,9,9,6,6,7,1,7,1,10,10,4,8,7,8,9,7,9,10,9,10,10,3,3,,,2,3,,,8,8,7,6,9,9,10,9,10,7,6,1,3,3,9,8,10,3,6,9,10,10,3,,4,,,8,3,4,7,2,2,8,1,7,6,7,5,1,1,9,1,1,7,3,2,2,5,6,7,4,9,8,3,10,7,8,3,4,10,9,7,9,10,6,9,,,6,4,,,8,2,9,6,8,7,7,9,5,10,7,6,3,3,2,9,7,9,5,8,6,9,10,8,,5,,,b'\x11\xe8\xe1I\xec\xe5\x1a\xb2\x9a\xbe\x12\xdf\x17\xaeN\x1e'
11E8E149-ECE5-1AB2-9ABE-12DF17AE4E1E,2024-ncaa-d3-natl,ncaa,251,232,296,255,328,325,322,352,277,335,331,306,228,266,153,188,289,299,211,289,166,357,350,259,249,290,120,151,163,350,344,155,280,257,276,325,290,238,316,325,378,386,112,130,,,39,42,,,277,332,284,244,322,332,363,339,327,211,245,253,279,268,366,341,353,48,184,331,280,386,92,,35,,,279,103,167,266,91,158,252,81,242,249,217,270,25,25,222,22,14,188,116,97,67,159,181,342,42,337,280,163,344,248,276,175,187,367,379,335,234,306,209,304,,,365,345,,,277,79,318,236,283,168,238,354,214,332,293,314,29,21,14,304,214,353,245,305,214,379,269,250,,373,,,b'\x11\xe8\xe1I\xec\xe5\x1a\xb2\x9a\xbe\x12\xdf\x17\xaeN\x1e'
11E8E149-ECE5-1AB2-9ABE-12DF17AE4E1E,2025-ncaa-d3-conf-SUNYAC,genius_ncaa,5,4,5,5,5,5,6,7,5,7,8,7,4,4,3,3,7,8,3,8,6,7,6,3,5,5,2,2,5,6,5,3,5,4,6,8,9,8,8,8,9,9,5,7,,,5,6,,7,6,5,7,2,6,7,7,9,9,4,4,7,7,7,7,7,6,3,3,8,8,9,4,,6,,8,6,5,5,9,3,7,8,3,5,7,2,6,6,5,10,5,4,8,7,3,3,4,4,5,7,8,5,5,5,7,6,2,1,9,9,5,9,8,3,6,,,9,10,,3,6,6,6,5,6,5,5,8,7,10,5,6,7,5,5,9,6,7,4,6,3,9,8,3,,10,,4,b'\x11\xe8\xe1I\xec\xe5\x1a\xb2\x9a\xbe\x12\xdf\x17\xaeN\x1e'
11E8E149-ECE5-1AB2-9ABE-12DF17AE4E1E,2025-ncaa-d3-natl,genius_ncaa,173,184,116,187,166,241,235,230,246,289,277,266,97,117,102,83,336,355,242,355,322,265,222,193,223,256,100,41,361,288,306,74,185,154,212,238,242,280,294,280,328,358,115,133,,,130,108,,220,226,207,260,258,296,276,289,327,336,93,126,379,388,389,333,314,324,53,157,278,246,354,119,,93,,212,226,140,142,346,30,145,303,39,202,305,64,246,168,124,339,127,89,318,243,33,34,99,222,242,186,293,185,257,306,283,212,100,89,330,367,231,311,325,168,226,,,323,348,,122,226,217,278,123,222,105,116,296,119,273,173,276,135,100,101,267,176,261,219,234,86,370,281,141,,381,,133,b'\x11\xe8\xe1I\xec\xe5\x1a\xb2\x9a\xbe\x12\xdf\x17\xaeN\x1e'
11E8E149-ECE5-1AB2-9ABE-12DF17AE4E1E,2026-ncaa-d3-conf-SUNYAC,genius_ncaa,1,1,1,1,1,2,3,5,4,3,4,5,4,3,4,5,3,3,6,3,4,4,2,4,4,5,5,5,5,3,5,1,5,1,4,2,2,9,8,7,6,10,4,8,,,7,6,,9,2,1,1,1,3,5,6,5,7,5,4,4,3,3,5,3,4,1,2,3,8,10,8,,6,,8,5,5,7,9,2,8,8,4,6,9,2,7,4,6,2,6,3,9,8,2,2,2,3,5,2,8,5,7,5,7,4,5,2,6,9,6,9,9,4,3,,,3,3,,6,2,8,6,2,5,3,5,9,6,7,5,8,2,5,5,9,8,7,7,7,3,7,9,3,,3,,8,b'\x11\xe8\xe1I\xec\xe5\x1a\xb2\x9a\xbe\x12\xdf\x17\xaeN\x1e'
11E8E149-ECE5-1AB2-9ABE-12DF17AE4E1E,2026-ncaa-d3-natl,genius_ncaa,54,68,116,75,116,160,180,138,274,211,178,296,89,98,151,124,135,163,135,164,184,139,142,249,236,237,79,93,179,185,268,30,145,70,156,156,173,263,208,221,360,405,117,197,,,175,70,,197,184,128,201,6,177,224,117,272,220,96,93,146,207,206,121,129,222,5,28,199,233,399,133,,110,,177,187,230,254,356,19,226,340,29,301,353,128,283,144,148,146,155,49,338,288,30,16,108,232,325,87,328,145,296,268,315,156,127,32,318,401,249,270,233,311,309,,,227,329,,262,184,277,240,138,195,194,221,385,184,357,290,359,83,94,103,378,310,310,307,321,69,384,245,309,,296,,296,b'\x11\xe8\xe1I\xec\xe5\x1a\xb2\x9a\xbe\x12\xdf\x17\xaeN\x1e'
11E8E149-ECE9-9F88-9ABE-12DF17AE4E1E,2018-ncaa-d3-conf-Little East,ncaa,7,7,5,7,5,6,6,8,3,3,4,3,7,7,7,7,6,6,4,6,7,7,6,5,5,5,8,7,4,8,7,6,7,8,6,6,7,4,8,5,5,5,5,4,,,1,2,,,8,6,5,2,6,5,8,3,3,7,7,6,6,6,7,6,8,6,8,6,7,5,4,,2,,,8,7,6,3,6,2,2,5,8,8,8,8,6,5,7,3,6,3,3,7,7,8,8,8,4,7,7,2,7,3,6,7,7,5,6,8,6,8,8,8,,,7,6,,,8,3,6,8,8,7,7,6,4,2,8,8,8,5,3,6,6,8,3,6,7,5,8,8,,7,,,b'\x11\xe8\xe1I\xec\xe9\x9f\x88\x9a\xbe\x12\xdf\x17\xaeN\x1e'
11E8E149-ECE9-9F88-9ABE-12DF17AE4E1E,2018-ncaa-d3-natl,ncaa,320,379,123,349,135,245,202,212,184,113,109,158,399,374,410,380,265,297,145,300,384,229,142,255,256,316,420,410,272,321,356,95,384,180,348,259,337,408,392,366,268,363,318,342,,,204,67,,,356,107,107,63,294,239,273,99,109,410,389,310,350,353,305,173,365,74,223,295,392,308,336,,161,,,345,396,351,426,100,182,300,68,439,439,330,418,306,269,367,260,213,419,392,171,182,242,429,434,187,434,384,272,356,403,348,374,320,177,318,300,375,342,388,335,,,265,352,,,356,342,345,314,342,353,308,407,156,265,436,436,283,237,232,409,394,415,232,361,333,218,346,383,,335,,,b'\x11\xe8\xe1I\xec\xe9\x9f\x88\x9a\xbe\x12\xdf\x17\xaeN\x1e'
11E8E149-ECE9-9F88-9ABE-12DF17AE4E1E,2019-ncaa-d3-conf-Little East,ncaa,8,8,7,8,7,7,7,7,6,5,6,5,8,7,9,6,8,9,4,9,9,8,8,6,6,7,7,7,7,8,8,7,8,8,8,7,7,1,7,5,5,5,6,6,,,8,9,,,8,8,6,1,7,7,6,5,4,8,6,7,9,9,7,7,8,7,8,6,6,4,6,,9,,,8,5,3,2,7,2,2,6,9,5,9,7,8,8,3,7,9,3,3,7,7,7,9,9,7,6,8,3,8,5,8,5,3,5,4,4,3,6,6,4,,,9,6,,,8,2,7,7,8,7,7,5,6,4,9,7,9,9,9,5,6,9,7,8,7,4,5,7,,7,,,b'\x11\xe8\xe1I\xec\xe9\x9f\x88\x9a\xbe\x12\xdf\x17\xaeN\x1e'
11E8E149-ECE9-9F88-9ABE-12DF17AE4E1E,2019-ncaa-d3-natl,ncaa,282,244,365,282,364,360,331,396,173,235,281,181,418,420,367,385,335,386,34,386,384,399,392,258,239,303,414,409,232,417,402,401,404,412,405,314,244,264,388,335,211,165,286,223,,,295,393,,,315,371,255,18,338,282,370,155,158,414,404,293,370,365,392,320,422,386,427,269,350,151,245,,406,,,324,102,83,54,241,65,52,241,213,176,289,295,257,310,57,306,405,71,84,269,271,202,357,294,326,303,404,80,402,150,405,108,212,198,127,131,224,335,103,129,,,346,188,,,315,64,343,260,332,246,192,166,163,123,304,290,340,388,387,234,289,381,197,300,211,110,306,162,,251,,,b'\x11\xe8\xe1I\xec\xe9\x9f\x88\x9a\xbe\x12\xdf\x17\xaeN\x1e'
11E8E149-ECE9-9F88-9ABE-12DF17AE4E1E,2020-ncaa-d3-conf-Little East,ncaa,9,9,7,9,7,9,9,9,9,9,7,9,8,9,7,8,9,8,9,8,8,9,9,9,9,9,6,7,4,9,9,8,9,9,9,9,9,8,8,9,8,7,9,9,,,8,8,,,9,9,4,4,9,9,7,9,5,8,9,7,7,7,7,7,9,8,9,9,8,5,8,,9,,,9,7,6,6,6,4,1,8,8,9,3,9,9,8,9,8,9,6,4,7,7,8,9,8,8,9,9,7,9,8,9,7,8,8,9,9,9,9,2,2,,,8,6,,,9,1,9,9,9,8,8,8,5,2,9,9,9,9,9,8,7,9,8,9,8,5,9,3,,6,,,b'\x11\xe8\xe1I\xec\xe9\x9f\x88\x9a\xbe\x12\xdf\x17\xaeN\x1e'
11E8E149-ECE9-9F88-9ABE-12DF17AE4E1E,2020-ncaa-d3-natl,ncaa,379,409,198,390,280,392,386,348,396,360,228,410,383,387,314,369,333,293,361,283,286,348,269,407,408,413,277,318,121,323,352,316,418,328,399,355,214,408,411,405,241,283,323,305,,,404,393,,,406,245,191,303,415,410,386,381,206,388,393,345,295,282,382,246,328,335,347,381,403,241,323,,412,,,401,323,217,233,174,125,106,253,372,405,188,387,396,393,283,389,414,291,297,229,266,277,404,341,365,415,418,307,352,386,399,317,354,184,233,272,386,390,133,141,,,168,101,,,406,193,416,331,406,323,237,280,154,114,367,401,405,396,396,328,343,411,320,378,320,162,374,139,,126,,,b'\x11\xe8\xe1I\xec\xe9\x9f\x88\x9a\xbe\x12\xdf\x17\xaeN\x1e'
11E8E149-ECE9-9F88-9ABE-12DF17AE4E1E,2021-ncaa-d3-conf-Little East,ncaa,4,4,5,4,5,5,5,5,6,5,5,6,5,5,4,5,5,4,4,4,3,5,5,6,6,6,1,2,1,5,6,5,6,5,6,5,2,2,6,6,5,5,5,6,,,2,4,,,6,5,5,1,6,6,6,6,4,4,5,3,2,3,6,6,6,5,6,6,5,3,6,,3,,,6,2,2,2,5,3,3,5,3,2,6,3,2,2,3,2,3,2,2,5,4,4,3,5,2,4,6,2,6,3,6,2,5,5,5,5,3,5,2,3,,,5,2,,,6,2,6,5,6,5,5,4,5,4,5,4,3,3,3,5,5,6,6,6,6,4,5,4,,3,,,b'\x11\xe8\xe1I\xec\xe9\x9f\x88\x9a\xbe\x12\xdf\x17\xaeN\x1e'
11E8E149-ECE9-9F88-9ABE-12DF17AE4E1E,2021-ncaa-d3-natl,ncaa,215,115,220,218,220,250,253,233,282,256,234,285,230,239,148,198,229,223,254,223,98,232,230,281,279,279,13,63,16,235,254,237,267,235,273,250,121,71,263,278,234,224,228,213,,,66,160,,,249,229,261,9,280,283,272,283,236,214,236,207,163,156,271,255,225,267,265,277,232,218,222,,148,,,269,60,61,61,212,56,58,181,81,70,255,210,51,58,40,57,87,61,62,232,207,181,163,253,38,86,267,71,254,75,273,62,140,219,100,151,71,236,64,177,,,217,62,,,249,58,279,216,271,156,186,136,142,102,244,184,44,66,61,114,130,250,259,263,181,106,204,136,,123,,,b'\x11\xe8\xe1I\xec\xe9\x9f\x88\x9a\xbe\x12\xdf\x17\xaeN\x1e'
11E8E149-ECE9-9F88-9ABE-12DF17AE4E1E,2022-ncaa-d3-conf-Little East,ncaa,9,9,4,9,4,9,9,4,9,6,1,9,8,7,9,7,9,7,8,7,9,4,3,9,9,9,8,7,4,3,5,8,9,6,9,8,7,9,9,9,7,7,9,9,,,9,9,,,9,3,2,4,9,9,5,7,2,8,7,9,7,7,6,1,3,9,7,8,9,7,9,,9,,,9,9,9,6,9,8,5,9,9,7,8,4,9,9,8,9,9,8,7,9,9,9,6,3,8,7,9,9,5,8,9,9,8,6,7,9,9,8,9,9,,,6,8,,,9,7,9,9,9,9,9,7,8,7,9,7,9,9,9,9,9,8,8,8,9,6,9,9,,4,,,b'\x11\xe8\xe1I\xec\xe9\x9f\x88\x9a\xbe\x12\xdf\x17\xaeN\x1e'
11E8E149-ECE9-9F88-9ABE-12DF17AE4E1E,2022-ncaa-d3-natl,ncaa,393,400,300,401,312,394,387,337,400,325,191,408,406,403,408,402,362,352,346,352,394,341,285,413,408,414,393,399,157,250,269,361,354,336,347,378,292,407,407,406,269,273,365,355,,,379,422,,,403,281,118,131,406,399,299,325,81,413,406,372,349,350,333,111,193,361,303,386,413,240,365,,421,,,401,286,205,104,334,171,85,336,280,212,354,271,397,378,368,368,409,133,150,353,392,357,367,253,392,240,354,207,269,222,347,306,357,211,183,289,411,408,312,303,,,256,193,,,403,135,413,365,405,366,304,205,259,151,347,293,416,407,404,289,309,314,340,325,347,135,412,373,,136,,,b'\x11\xe8\xe1I\xec\xe9\x9f\x88\x9a\xbe\x12\xdf\x17\xaeN\x1e'
11E8E149-ECE9-9F88-9ABE-12DF17AE4E1E,2023-ncaa-d3-conf-Little East,ncaa,9,9,7,9,8,9,9,8,9,9,8,9,4,3,6,3,8,9,5,9,7,9,7,9,9,9,1,1,4,8,8,9,9,9,9,9,4,9,9,9,9,9,8,9,,,9,8,,,9,5,2,4,9,9,6,9,8,3,3,8,9,9,8,3,7,8,8,9,9,9,8,,9,,,9,9,9,4,9,9,4,9,6,4,9,4,9,9,4,9,9,8,6,9,9,9,6,3,7,7,9,7,8,7,9,8,5,8,9,9,8,8,7,8,,,6,4,,,9,5,9,9,9,9,9,9,9,8,7,6,9,9,9,9,8,9,9,9,9,7,8,8,,2,,,b'\x11\xe8\xe1I\xec\xe9\x9f\x88\x9a\xbe\x12\xdf\x17\xaeN\x1e'
11E8E149-ECE9-9F88-9ABE-12DF17AE4E1E,2023-ncaa-d3-natl,ncaa,357,345,333,361,363,379,382,350,403,397,350,415,213,227,211,140,341,371,120,371,303,360,335,385,379,384,47,66,156,326,337,360,350,361,368,360,191,325,380,376,379,385,356,356,,,366,416,,,386,321,148,288,380,391,281,408,309,179,174,325,365,368,316,192,288,318,327,348,370,375,347,,416,,,384,253,212,106,350,274,137,360,121,124,171,140,371,372,251,370,389,140,122,322,354,367,205,91,374,267,350,243,337,266,368,255,245,298,275,303,295,344,296,367,,,269,168,,,386,105,389,373,387,355,324,256,342,258,192,196,401,403,405,319,290,333,365,359,302,227,343,353,,160,,,b'\x11\xe8\xe1I\xec\xe9\x9f\x88\x9a\xbe\x12\xdf\x17\xaeN\x1e'
11E8E149-ECE9-9F88-9ABE-12DF17AE4E1E,2024-ncaa-d3-conf-Little East,ncaa,5,5,5,5,6,6,6,8,4,6,7,4,5,5,5,4,5,4,6,4,3,7,5,5,5,7,3,4,4,7,6,7,9,8,8,7,8,9,9,9,4,3,8,8,,,9,8,,,7,5,4,7,6,6,8,7,7,5,5,4,4,4,6,6,5,7,7,8,9,4,8,,9,,,7,8,4,4,7,3,2,6,7,7,7,8,9,8,8,8,8,6,7,7,8,6,9,8,8,9,9,4,6,7,8,6,6,4,4,4,8,8,7,7,,,3,2,,,7,5,7,7,6,8,5,4,2,2,8,8,8,8,8,5,7,9,4,8,6,4,8,7,,4,,,b'\x11\xe8\xe1I\xec\xe9\x9f\x88\x9a\xbe\x12\xdf\x17\xaeN\x1e'
11E8E149-ECE9-9F88-9ABE-12DF17AE4E1E,2024-ncaa-d3-natl,ncaa,227,232,200,238,244,317,316,301,333,303,245,337,312,291,320,273,238,273,108,274,260,298,289,342,333,343,223,278,100,325,342,280,300,319,336,354,368,289,318,359,130,112,312,288,,,402,422,,,290,265,258,187,349,354,333,311,243,317,298,227,284,289,336,304,339,296,348,373,292,120,316,,418,,,286,129,74,104,92,46,62,115,242,285,177,335,373,344,375,329,400,132,163,119,199,147,405,305,405,257,300,273,342,274,336,148,275,136,104,115,256,285,283,303,,,204,115,,,290,149,349,170,292,150,76,95,58,48,255,295,384,351,336,132,197,264,285,284,160,120,254,298,,189,,,b'\x11\xe8\xe1I\xec\xe9\x9f\x88\x9a\xbe\x12\xdf\x17\xaeN\x1e'
11E8E149-ECE9-9F88-9ABE-12DF17AE4E1E,2025-ncaa-d3-conf-Little East,genius_ncaa,9,9,6,9,6,7,9,7,9,9,8,9,5,5,8,5,6,7,8,7,3,7,6,9,9,9,3,4,3,2,3,8,6,5,6,6,4,9,8,8,5,5,5,4,,,6,9,,7,8,7,5,2,9,9,7,8,7,5,5,6,5,5,8,5,2,9,5,7,8,3,5,,8,,7,8,6,7,2,7,6,1,9,6,5,7,6,6,6,8,6,8,2,2,9,9,8,7,7,5,5,6,4,3,5,6,7,7,5,4,6,8,8,8,9,,,6,5,,4,8,3,8,7,8,7,6,4,6,3,6,5,9,7,7,4,5,5,8,6,8,4,8,8,,6,,3,b'\x11\xe8\xe1I\xec\xe9\x9f\x88\x9a\xbe\x12\xdf\x17\xaeN\x1e'
11E8E149-ECE9-9F88-9ABE-12DF17AE4E1E,2025-ncaa-d3-natl,genius_ncaa,359,374,290,363,294,370,378,331,393,383,356,391,273,175,368,100,272,200,361,198,58,323,286,385,383,385,57,126,60,174,171,343,240,290,248,353,132,339,366,366,190,140,228,157,,,315,389,,346,343,305,224,45,384,391,330,397,357,252,134,240,145,145,306,174,135,327,241,354,356,142,214,,384,,370,340,134,90,57,234,52,34,248,295,273,300,368,249,267,148,261,376,66,110,280,293,232,390,359,293,125,240,185,171,144,248,261,377,142,92,198,266,308,196,319,,,219,151,,109,343,124,372,212,342,209,154,106,88,40,330,328,318,323,321,140,202,167,258,221,290,100,300,248,,140,,89,b'\x11\xe8\xe1I\xec\xe9\x9f\x88\x9a\xbe\x12\xdf\x17\xaeN\x1e'
11E8E149-ECE9-9F88-9ABE-12DF17AE4E1E,2026-ncaa-d3-conf-Little East,genius_ncaa,6,5,8,6,8,9,8,8,9,8,8,9,8,9,2,7,9,9,2,9,6,9,9,9,9,9,3,2,2,8,8,9,8,9,9,9,3,2,8,7,9,9,3,1,,,2,6,,5,6,9,6,2,9,8,7,8,6,5,7,6,7,7,8,7,7,6,6,6,7,8,1,,8,,7,9,2,2,2,4,1,1,5,3,3,5,8,2,2,5,2,3,2,1,5,6,6,8,9,3,4,8,2,8,2,9,4,9,9,8,9,3,9,8,9,,,9,8,,6,6,1,9,7,9,8,8,8,4,3,9,9,4,3,3,8,6,8,5,8,9,7,9,9,,8,,4,b'\x11\xe8\xe1I\xec\xe9\x9f\x88\x9a\xbe\x12\xdf\x17\xaeN\x1e'
11E8E149-ECE9-9F88-9ABE-12DF17AE4E1E,2026-ncaa-d3-natl,genius_ncaa,13,68,42,64,111,45,94,94,190,119,146,165,66,53,192,125,16,20,117,23,35,76,69,171,136,144,70,156,49,119,220,103,263,105,240,65,113,307,198,176,76,167,58,61,,,390,341,,271,145,65,133,390,124,209,218,231,301,124,109,33,40,46,161,173,218,233,245,147,207,142,103,,371,,213,163,324,313,316,233,276,231,298,360,380,187,373,283,356,42,347,335,326,360,264,240,150,313,336,183,339,263,321,220,332,240,316,227,27,62,105,270,164,134,96,,,39,67,,123,145,359,162,163,158,216,199,168,138,69,314,347,189,278,260,182,272,251,207,229,222,57,170,68,,69,,186,b'\x11\xe8\xe1I\xec\xe9\x9f\x88\x9a\xbe\x12\xdf\x17\xaeN\x1e'
11E8E149-ECEE-27C4-9ABE-12DF17AE4E1E,2018-ncaa-d3-conf-SCIAC,ncaa,6,6,5,6,8,8,9,7,6,7,6,8,6,5,6,4,7,7,5,8,7,8,9,6,6,5,6,5,4,9,8,6,7,7,6,6,5,1,2,3,9,9,4,4,,,4,4,,,7,9,6,8,8,8,7,7,5,5,5,6,7,8,7,8,9,5,7,6,1,8,3,,4,,,7,3,5,5,4,6,7,5,1,2,3,3,4,4,6,4,4,4,3,3,3,5,2,2,5,8,7,5,8,8,6,2,3,8,8,6,2,5,4,5,,,9,6,,,7,1,6,7,7,6,6,6,6,7,1,2,4,4,4,7,5,8,6,8,4,8,3,5,,9,,,"b""\x11\xe8\xe1I\xec\xee'\xc4\x9a\xbe\x12\xdf\x17\xaeN\x1e"""
11E8E149-ECEE-27C4-9ABE-12DF17AE4E1E,2018-ncaa-d3-natl,ncaa,320,327,305,326,336,296,269,342,172,222,273,186,311,347,221,304,308,364,77,365,361,353,386,198,194,166,332,307,290,405,387,330,389,383,385,276,272,41,121,160,417,429,252,294,,,87,107,,,321,373,334,250,265,241,304,174,201,300,338,297,363,367,339,400,406,297,390,257,69,427,233,,112,,,320,262,313,262,292,347,300,304,193,172,199,164,178,164,257,162,119,237,127,284,263,362,98,137,135,378,389,153,387,242,385,249,156,421,435,410,161,287,147,171,,,357,231,,,321,79,218,402,318,333,355,361,373,367,219,225,210,203,205,358,233,388,225,329,304,434,216,184,,344,,,"b""\x11\xe8\xe1I\xec\xee'\xc4\x9a\xbe\x12\xdf\x17\xaeN\x1e"""
11E8E149-ECEE-27C4-9ABE-12DF17AE4E1E,2019-ncaa-d3-conf-SCIAC,ncaa,1,1,1,1,1,1,1,1,1,3,5,2,1,2,1,2,1,1,1,1,2,1,2,1,1,1,2,2,4,4,4,4,6,4,4,1,1,4,1,1,3,5,6,7,,,9,6,,,2,1,3,1,1,1,2,4,7,1,2,1,2,2,2,3,5,5,6,1,1,5,7,,6,,,2,9,9,9,8,9,8,7,3,6,3,4,8,9,3,9,6,9,9,7,7,7,2,3,4,7,6,7,4,7,4,6,3,2,4,5,4,2,7,6,,,1,3,,,2,9,1,6,2,7,7,6,6,5,2,3,4,7,6,6,7,4,4,4,4,4,3,7,,3,,,"b""\x11\xe8\xe1I\xec\xee'\xc4\x9a\xbe\x12\xdf\x17\xaeN\x1e"""
11E8E149-ECEE-27C4-9ABE-12DF17AE4E1E,2019-ncaa-d3-natl,ncaa,53,46,67,56,71,50,58,60,74,112,122,133,32,83,19,150,123,224,10,203,284,80,137,48,46,23,119,86,308,248,292,237,302,259,305,64,164,40,13,14,182,225,142,209,,,369,319,,,123,114,251,36,43,55,91,143,188,35,111,166,278,261,115,264,319,355,368,72,19,223,175,,317,,,124,390,378,354,312,403,385,302,150,160,196,84,365,366,259,356,229,372,335,273,292,315,89,63,275,312,302,287,292,305,305,209,49,214,290,210,114,84,340,275,,,209,278,,,123,330,35,315,128,290,298,248,336,332,102,104,318,309,298,267,225,256,183,200,140,280,78,302,,292,,,"b""\x11\xe8\xe1I\xec\xee'\xc4\x9a\xbe\x12\xdf\x17\xaeN\x1e"""
11E8E149-ECEE-27C4-9ABE-12DF17AE4E1E,2020-ncaa-d3-conf-SCIAC,ncaa,4,4,3,4,3,4,4,7,4,4,7,4,4,4,1,4,3,6,2,6,3,7,5,2,2,3,4,4,4,7,7,5,6,6,6,1,1,6,7,3,5,4,2,5,,,4,4,,,5,5,5,7,4,4,7,8,7,4,4,6,6,6,7,7,7,8,8,1,5,4,4,,3,,,5,5,8,5,7,9,9,6,1,1,5,1,3,2,3,2,2,5,7,5,4,5,1,1,2,7,6,4,7,5,6,6,2,5,5,6,6,8,5,4,,,5,3,,,5,6,4,6,5,4,5,5,7,8,2,1,3,3,3,4,4,6,4,4,4,5,6,4,,5,,,"b""\x11\xe8\xe1I\xec\xee'\xc4\x9a\xbe\x12\xdf\x17\xaeN\x1e"""
11E8E149-ECEE-27C4-9ABE-12DF17AE4E1E,2020-ncaa-d3-natl,ncaa,149,163,126,164,173,130,151,209,103,169,252,98,126,168,106,170,104,137,108,136,113,193,242,79,74,56,162,173,173,301,318,221,322,261,314,132,130,96,98,59,146,164,134,199,,,271,254,,,207,217,267,303,126,148,259,186,296,139,182,118,148,145,243,320,334,277,316,125,72,158,136,,261,,,208,351,368,314,327,401,401,261,130,57,363,18,257,250,270,249,111,306,258,291,284,321,47,61,181,330,322,258,318,304,314,231,91,274,327,290,179,196,148,167,,,189,146,,,207,225,84,330,198,285,321,266,372,391,113,36,234,226,227,260,208,305,217,264,210,315,159,132,,205,,,"b""\x11\xe8\xe1I\xec\xee'\xc4\x9a\xbe\x12\xdf\x17\xaeN\x1e"""
11E8E149-ECEE-27C4-9ABE-12DF17AE4E1E,2022-ncaa-d3-conf-SCIAC,ncaa,2,2,1,2,1,3,2,2,3,4,3,2,2,2,2,4,8,8,3,8,9,3,4,2,3,2,7,4,9,6,9,2,5,5,9,2,2,5,2,2,3,4,3,5,,,7,4,,,3,2,5,2,3,3,2,4,3,2,4,9,9,9,3,5,9,4,7,2,3,3,3,,5,,,4,4,5,6,3,6,6,4,3,6,1,6,6,6,8,6,3,7,7,3,3,2,5,3,6,6,5,8,9,7,9,7,6,3,4,2,3,1,4,4,,,8,9,,,3,9,3,2,3,2,3,4,4,4,1,6,6,5,5,5,7,5,8,7,5,3,1,4,,9,,,"b""\x11\xe8\xe1I\xec\xee'\xc4\x9a\xbe\x12\xdf\x17\xaeN\x1e"""
11E8E149-ECEE-27C4-9ABE-12DF17AE4E1E,2022-ncaa-d3-natl,ncaa,147,95,300,131,300,214,176,239,111,162,205,135,180,234,93,224,357,395,41,391,418,268,334,112,134,72,302,187,411,349,350,346,203,357,320,127,93,14,12,6,246,190,187,177,,,92,147,,,180,329,302,10,121,64,77,72,92,138,202,364,411,409,138,303,346,336,357,52,9,199,145,,137,,,179,146,189,103,323,254,174,308,71,62,210,79,149,92,393,93,114,93,93,287,297,291,67,71,186,84,203,160,350,126,320,181,152,298,248,269,16,31,96,87,,,377,375,,,180,100,110,278,179,251,287,203,331,297,99,73,227,163,161,182,164,140,279,222,240,255,25,125,,393,,,"b""\x11\xe8\xe1I\xec\xee'\xc4\x9a\xbe\x12\xdf\x17\xaeN\x1e"""
11E8E149-ECEE-27C4-9ABE-12DF17AE4E1E,2023-ncaa-d3-conf-SCIAC,ncaa,5,5,5,5,5,5,6,6,6,7,8,4,1,1,3,1,9,9,5,9,6,6,6,3,3,4,1,1,8,7,7,6,8,7,7,3,1,5,6,2,2,2,9,9,,,4,3,,,5,6,4,6,5,6,4,8,8,1,1,8,9,9,7,5,8,7,7,1,5,2,9,,5,,,5,4,4,4,6,3,4,4,6,5,7,6,2,2,8,2,2,4,5,5,5,2,6,6,2,8,8,7,7,9,7,6,5,2,1,2,3,5,3,7,,,7,6,,,5,4,6,4,5,6,5,7,4,6,6,7,4,2,2,5,9,8,7,8,6,1,4,3,,7,,,"b""\x11\xe8\xe1I\xec\xee'\xc4\x9a\xbe\x12\xdf\x17\xaeN\x1e"""
11E8E149-ECEE-27C4-9ABE-12DF17AE4E1E,2023-ncaa-d3-natl,ncaa,289,269,333,292,345,277,277,287,256,367,387,263,49,60,70,16,378,396,111,396,320,323,367,153,185,174,23,9,412,377,366,379,312,386,366,181,33,60,147,88,211,158,398,402,,,86,131,,,247,348,217,121,208,217,153,362,384,16,23,383,405,404,223,284,357,383,397,97,130,157,397,,150,,,248,132,179,91,319,201,136,284,171,105,344,172,118,85,352,79,115,78,81,308,311,285,159,214,140,164,312,182,366,167,366,233,263,241,167,255,125,221,231,370,,,377,340,,,247,82,214,283,248,268,300,238,305,255,238,175,197,141,133,206,221,226,314,288,292,158,199,304,,367,,,"b""\x11\xe8\xe1I\xec\xee'\xc4\x9a\xbe\x12\xdf\x17\xaeN\x1e"""
11E8E149-ECEE-27C4-9ABE-12DF17AE4E1E,2024-ncaa-d3-conf-SCIAC,ncaa,8,8,4,8,4,7,6,6,7,7,7,4,1,1,2,2,8,8,3,8,9,7,7,4,5,5,2,2,9,9,9,8,8,9,9,5,4,2,6,3,9,8,4,4,,,5,4,,,9,5,6,2,7,6,5,8,8,1,2,9,9,9,8,8,9,9,9,4,2,8,4,,5,,,9,6,6,6,9,8,6,8,3,1,4,2,6,6,7,6,7,5,5,8,8,8,3,2,6,5,8,7,9,6,9,7,6,6,5,7,8,8,2,2,,,7,8,,,9,5,7,8,8,8,8,7,8,7,2,2,7,8,8,6,6,4,9,8,7,5,8,1,,8,,,"b""\x11\xe8\xe1I\xec\xee'\xc4\x9a\xbe\x12\xdf\x17\xaeN\x1e"""
11E8E149-ECEE-27C4-9ABE-12DF17AE4E1E,2024-ncaa-d3-natl,ncaa,353,375,200,357,202,231,242,294,177,325,373,201,52,88,31,30,325,381,9,380,304,316,363,108,110,99,33,14,347,408,416,401,375,410,408,228,180,44,118,119,375,388,296,320,,,170,240,,,325,316,357,19,243,246,321,351,393,33,74,354,402,400,365,412,424,426,426,219,46,397,309,,191,,,323,352,337,161,402,359,245,389,149,86,347,67,343,341,283,344,315,193,128,392,399,403,103,64,278,202,375,173,416,181,408,293,203,353,354,368,220,305,35,94,,,323,205,,,325,125,167,395,318,353,347,180,363,267,163,78,356,349,354,218,134,215,189,196,292,373,223,24,,353,,,"b""\x11\xe8\xe1I\xec\xee'\xc4\x9a\xbe\x12\xdf\x17\xaeN\x1e"""
11E8E149-ECEE-27C4-9ABE-12DF17AE4E1E,2025-ncaa-d3-conf-SCIAC,genius_ncaa,3,3,3,3,6,5,4,6,2,6,6,1,3,2,4,3,9,9,5,9,8,6,6,1,2,2,4,2,9,9,9,3,4,8,8,6,7,4,5,6,6,6,2,2,,,4,4,,3,5,4,4,6,6,5,7,6,6,2,3,9,9,9,9,9,9,3,8,6,3,6,3,,4,,3,5,5,4,6,2,4,7,6,3,5,3,4,7,7,8,7,6,5,6,2,3,3,4,3,8,4,4,5,9,5,8,3,2,4,5,2,7,7,2,3,,,9,9,,1,5,6,6,2,4,3,3,5,5,7,2,4,8,6,7,5,6,4,6,5,1,4,6,2,,9,,1,"b""\x11\xe8\xe1I\xec\xee'\xc4\x9a\xbe\x12\xdf\x17\xaeN\x1e"""
11E8E149-ECEE-27C4-9ABE-12DF17AE4E1E,2025-ncaa-d3-natl,genius_ncaa,173,184,116,187,121,165,145,189,105,177,221,138,97,148,49,133,317,370,66,369,379,223,282,84,104,90,185,98,384,383,400,217,248,325,352,135,183,72,103,86,202,226,128,171,,,168,139,,73,221,196,282,25,179,143,221,196,262,93,163,361,401,400,295,378,410,277,394,140,61,228,140,,133,,72,221,287,285,277,229,313,322,208,151,146,198,95,287,230,392,239,163,286,247,200,227,255,127,103,241,242,248,289,400,276,352,243,168,239,289,261,152,190,141,148,,,354,362,,47,221,241,159,257,213,229,242,238,279,304,128,116,272,194,213,233,181,210,236,228,213,292,143,113,,403,,48,"b""\x11\xe8\xe1I\xec\xee'\xc4\x9a\xbe\x12\xdf\x17\xaeN\x1e"""
11E8E149-ECEE-27C4-9ABE-12DF17AE4E1E,2026-ncaa-d3-conf-SCIAC,genius_ncaa,3,4,1,4,3,3,3,5,2,2,4,3,4,4,2,5,6,5,7,4,5,5,6,3,4,3,6,5,7,3,5,2,3,2,3,3,7,4,2,2,7,7,2,3,,,3,2,,1,4,6,7,3,5,4,6,3,5,4,5,7,7,6,6,8,4,2,2,4,2,7,2,,1,,1,4,4,7,6,3,7,7,5,3,5,2,3,2,3,2,3,1,6,3,2,2,4,1,3,1,6,3,4,5,5,3,4,1,7,8,6,1,2,2,2,,,6,6,,1,4,3,5,4,4,3,6,6,6,7,3,4,1,1,1,6,1,5,3,5,3,8,1,1,,7,,1,"b""\x11\xe8\xe1I\xec\xee'\xc4\x9a\xbe\x12\xdf\x17\xaeN\x1e"""
11E8E149-ECEE-27C4-9ABE-12DF17AE4E1E,2026-ncaa-d3-natl,genius_ncaa,157,132,215,163,318,258,255,305,141,307,299,251,117,255,11,178,329,349,133,339,312,313,321,104,117,132,97,47,337,385,393,321,294,360,347,139,28,106,199,80,327,317,100,77,,,92,82,,104,204,297,264,386,231,216,313,286,285,71,233,338,364,346,342,370,402,337,390,63,134,326,69,,78,,111,205,146,183,169,238,226,153,340,100,209,23,303,78,83,158,84,70,147,135,205,163,195,40,111,63,171,294,138,393,146,347,170,166,280,232,243,127,214,55,71,,,323,281,,76,204,124,198,200,194,182,260,245,302,207,103,291,59,59,62,201,184,227,168,194,227,248,157,52,,349,,66,"b""\x11\xe8\xe1I\xec\xee'\xc4\x9a\xbe\x12\xdf\x17\xaeN\x1e"""
11E8E149-ECF2-AE34-9ABE-12DF17AE4E1E,2019-ncaa-d3-conf-SLIAC,ncaa,10,7,10,10,10,10,10,10,10,10,7,10,10,10,9,10,10,10,7,10,10,10,10,10,10,10,10,9,9,10,10,10,10,10,10,10,7,6,10,10,10,10,5,6,,,1,1,,,10,10,10,9,10,10,10,8,5,10,10,10,10,10,10,10,10,9,10,10,9,10,4,,1,,,10,4,9,8,9,10,7,10,3,6,2,6,1,1,4,1,1,3,1,8,5,9,1,5,1,10,10,2,10,5,10,9,9,10,10,10,7,10,1,2,,,10,10,,,10,1,10,10,10,10,10,10,10,10,7,9,1,1,1,10,10,10,7,10,10,10,10,2,,10,,,b'\x11\xe8\xe1I\xec\xf2\xae4\x9a\xbe\x12\xdf\x17\xaeN\x1e'
11E8E149-ECF2-AE34-9ABE-12DF17AE4E1E,2019-ncaa-d3-natl,ncaa,424,274,437,424,437,438,438,440,372,433,435,392,438,442,383,429,438,439,228,439,437,440,439,405,405,422,435,416,333,440,439,440,437,440,439,433,218,56,435,418,442,442,333,271,,,5,3,,,428,438,177,329,433,425,434,356,208,433,439,429,437,436,435,404,439,339,434,397,425,441,152,,3,,,436,21,79,21,405,121,22,425,61,65,134,339,6,6,77,6,10,14,6,394,338,429,23,223,6,214,437,5,439,12,439,247,413,441,441,441,153,431,5,38,,,439,439,,,428,6,431,440,437,437,437,439,437,428,404,435,36,50,53,440,411,439,290,419,439,442,426,35,,442,,,b'\x11\xe8\xe1I\xec\xf2\xae4\x9a\xbe\x12\xdf\x17\xaeN\x1e'
11E8E149-ECF2-AE34-9ABE-12DF17AE4E1E,2020-ncaa-d3-conf-SLIAC,ncaa,10,10,5,10,9,10,10,9,10,9,7,10,10,10,10,9,10,10,10,10,10,9,9,10,10,10,10,8,10,9,9,7,9,8,9,10,9,10,10,10,10,10,1,2,,,1,1,,,10,9,7,9,10,10,9,9,6,10,10,10,10,10,9,8,8,5,8,10,10,10,1,,1,,,10,10,10,10,9,9,9,9,9,10,7,8,2,1,7,1,1,10,7,8,8,10,3,6,1,10,9,10,9,10,9,10,9,10,10,10,10,10,1,1,,,10,10,,,10,1,10,10,10,10,10,10,9,9,9,10,2,1,1,10,8,10,10,10,10,10,10,1,,10,,,b'\x11\xe8\xe1I\xec\xf2\xae4\x9a\xbe\x12\xdf\x17\xaeN\x1e'
11E8E149-ECF2-AE34-9ABE-12DF17AE4E1E,2020-ncaa-d3-natl,ncaa,431,368,424,431,424,433,432,431,410,422,406,415,422,425,386,348,432,434,313,435,434,432,428,419,420,427,366,314,352,428,405,423,411,428,411,426,308,302,433,426,435,436,101,49,,,9,11,,,428,425,117,48,425,418,374,384,195,404,390,429,432,433,407,200,381,269,348,414,430,435,21,,23,,,436,181,288,78,413,243,51,426,334,299,323,405,18,10,410,8,32,44,23,421,412,434,154,363,20,223,411,25,405,59,411,402,423,434,437,437,407,435,2,1,,,434,436,,,428,14,428,435,435,435,433,435,422,396,433,432,153,78,74,434,395,415,356,393,438,434,435,1,,436,,,b'\x11\xe8\xe1I\xec\xf2\xae4\x9a\xbe\x12\xdf\x17\xaeN\x1e'
11E8E149-ECF2-AE34-9ABE-12DF17AE4E1E,2022-ncaa-d3-conf-SLIAC,ncaa,8,8,8,8,8,8,8,8,8,5,4,7,8,8,8,7,8,3,8,3,3,8,7,8,8,8,8,8,1,3,3,8,8,7,6,8,7,3,7,8,4,3,6,5,,,4,4,,,8,8,4,3,8,6,4,5,3,8,8,6,1,1,3,3,1,8,5,8,7,3,6,,4,,,8,5,5,1,8,3,1,8,7,4,7,7,5,2,8,1,4,1,1,8,8,8,7,7,4,3,8,5,3,4,6,5,6,7,4,6,4,5,7,6,,,7,5,,,8,1,8,8,8,8,8,6,6,3,7,6,6,3,3,5,6,6,6,6,7,4,5,8,,5,,,b'\x11\xe8\xe1I\xec\xf2\xae4\x9a\xbe\x12\xdf\x17\xaeN\x1e'
11E8E149-ECF2-AE34-9ABE-12DF17AE4E1E,2022-ncaa-d3-natl,ncaa,406,341,405,410,408,395,394,392,347,356,347,320,401,378,412,323,335,219,417,217,70,382,388,369,378,375,335,374,80,250,135,409,391,384,337,395,378,99,302,370,291,193,380,344,,,58,189,,,382,397,62,120,308,296,128,189,88,375,275,154,11,11,69,36,35,355,192,352,351,129,334,,308,,,396,135,155,42,408,117,30,403,287,167,403,352,94,82,276,75,293,43,37,419,414,404,301,353,115,184,391,61,135,86,337,170,182,362,252,315,134,286,58,129,,,352,143,,,382,33,354,405,393,413,404,372,377,269,416,403,332,320,320,383,386,378,369,382,363,154,325,186,,49,,,b'\x11\xe8\xe1I\xec\xf2\xae4\x9a\xbe\x12\xdf\x17\xaeN\x1e'
11E8E149-ECF2-AE34-9ABE-12DF17AE4E1E,2023-ncaa-d3-conf-SLIAC,ncaa,5,5,4,5,6,6,6,3,6,4,3,5,7,4,7,7,6,2,7,2,6,3,3,6,7,6,7,7,5,2,1,2,3,2,1,8,8,2,4,7,6,6,4,5,,,5,5,,,5,5,4,8,6,5,2,3,2,6,5,4,2,2,2,2,1,1,1,8,5,6,4,,5,,,5,1,2,5,2,2,2,3,8,8,3,8,3,3,3,3,6,5,4,2,1,2,7,8,4,4,3,6,1,5,1,5,7,6,4,5,4,5,5,4,,,2,2,,,5,4,6,2,5,2,2,5,2,3,7,8,3,3,3,5,5,5,7,6,5,4,5,5,,1,,,b'\x11\xe8\xe1I\xec\xf2\xae4\x9a\xbe\x12\xdf\x17\xaeN\x1e'
11E8E149-ECF2-AE34-9ABE-12DF17AE4E1E,2023-ncaa-d3-natl,ncaa,210,198,271,207,329,163,171,146,200,145,136,182,241,208,312,274,100,62,297,66,121,125,127,225,232,217,282,314,115,54,47,258,226,148,131,313,419,222,178,321,175,187,269,237,,,199,202,,,213,187,73,408,93,101,48,75,68,229,188,56,31,30,35,31,26,188,50,314,278,147,261,,268,,,213,283,267,199,285,160,73,353,387,399,251,406,220,205,261,207,316,189,210,328,330,299,368,386,152,201,226,175,47,181,131,337,346,163,164,279,274,234,165,121,,,91,117,,,213,221,168,282,218,332,314,295,221,91,401,409,252,239,245,294,315,238,250,245,343,115,295,191,,27,,,b'\x11\xe8\xe1I\xec\xf2\xae4\x9a\xbe\x12\xdf\x17\xaeN\x1e'
11E8E149-ECF2-AE34-9ABE-12DF17AE4E1E,2024-ncaa-d3-conf-SLIAC,ncaa,4,4,1,4,1,5,4,3,5,3,3,5,10,10,10,10,5,6,6,5,10,3,3,8,7,6,10,10,5,1,1,4,4,1,3,7,10,4,3,5,6,6,4,3,,,6,8,,,4,7,10,1,6,5,3,3,3,10,10,5,6,5,3,6,1,7,1,8,3,6,5,,5,,,5,3,2,4,2,2,3,2,7,8,5,7,9,7,9,7,8,4,5,3,3,2,8,7,9,3,4,4,1,3,3,3,6,5,5,4,3,3,7,5,,,2,4,,,4,4,5,3,5,3,2,3,2,2,6,6,7,6,5,3,2,3,3,3,3,5,2,7,,5,,,b'\x11\xe8\xe1I\xec\xf2\xae4\x9a\xbe\x12\xdf\x17\xaeN\x1e'
11E8E149-ECF2-AE34-9ABE-12DF17AE4E1E,2024-ncaa-d3-natl,ncaa,142,185,63,172,66,138,113,68,210,38,14,211,397,370,407,413,54,33,267,33,264,59,48,304,290,269,416,423,94,20,24,123,201,52,89,239,396,336,211,304,102,151,163,199,,,312,214,,,206,70,150,18,193,145,82,30,14,413,395,70,51,51,60,52,21,199,54,296,272,132,204,,248,,,206,337,311,302,252,318,277,293,225,297,121,229,331,357,156,356,309,326,354,236,243,179,200,158,279,268,201,281,24,282,89,287,235,62,96,138,331,222,347,146,,,36,121,,,206,360,228,167,204,224,223,199,240,184,177,233,288,302,300,209,278,212,163,176,229,84,283,307,,47,,,b'\x11\xe8\xe1I\xec\xf2\xae4\x9a\xbe\x12\xdf\x17\xaeN\x1e'
11E8E149-ECF2-AE34-9ABE-12DF17AE4E1E,2025-ncaa-d3-conf-SLIAC,genius_ncaa,3,3,1,3,1,4,5,1,6,5,3,6,7,3,8,5,4,3,8,2,5,1,1,8,8,6,7,7,5,1,7,4,7,3,7,5,10,3,2,5,2,2,1,1,,,8,6,,10,4,1,8,1,6,6,4,6,5,8,5,5,4,4,4,6,4,9,8,8,2,3,1,,6,,9,4,7,6,7,6,6,6,5,5,7,5,7,8,8,4,8,8,8,10,5,4,3,8,7,8,6,7,10,7,10,7,6,4,3,3,4,3,1,8,5,,,1,3,,1,4,10,6,4,4,4,4,3,2,1,5,4,7,6,6,2,2,6,9,7,4,3,1,7,,3,,3,b'\x11\xe8\xe1I\xec\xf2\xae4\x9a\xbe\x12\xdf\x17\xaeN\x1e'
11E8E149-ECF2-AE34-9ABE-12DF17AE4E1E,2025-ncaa-d3-natl,genius_ncaa,141,155,116,156,182,146,145,47,307,103,45,292,269,166,367,297,90,34,369,34,144,37,46,333,334,286,299,335,131,48,157,226,328,116,311,249,371,236,105,258,16,20,31,23,,,379,310,,309,190,54,43,371,155,143,26,100,28,293,187,87,31,29,20,26,39,284,120,286,218,12,28,,383,,305,191,285,214,217,189,190,181,211,251,273,195,224,374,396,92,396,382,281,368,204,226,85,325,205,361,332,328,406,157,400,311,282,308,19,23,58,235,123,300,172,,,42,112,,40,190,363,270,104,204,226,169,166,161,143,223,237,360,388,387,230,356,309,387,371,253,13,213,294,,29,,43,b'\x11\xe8\xe1I\xec\xf2\xae4\x9a\xbe\x12\xdf\x17\xaeN\x1e'
11E8E149-ECF2-AE34-9ABE-12DF17AE4E1E,2026-ncaa-d3-conf-SLIAC,genius_ncaa,5,3,7,5,7,8,6,7,4,6,7,6,3,8,1,4,7,7,6,7,6,7,8,3,3,1,3,1,7,8,8,8,6,8,7,6,6,1,1,1,6,2,3,1,,,3,7,,4,3,8,5,3,2,1,2,2,2,1,4,6,5,6,3,5,6,8,7,1,1,3,2,,8,,6,3,2,2,2,8,2,2,7,2,2,7,2,3,4,1,4,8,2,3,7,7,6,3,2,5,3,6,3,8,3,7,3,5,5,2,3,1,1,3,5,,,7,1,,1,3,2,1,5,3,6,6,2,6,4,2,2,6,8,8,2,5,5,8,7,5,3,1,7,,1,,1,b'\x11\xe8\xe1I\xec\xf2\xae4\x9a\xbe\x12\xdf\x17\xaeN\x1e'
11E8E149-ECF2-AE34-9ABE-12DF17AE4E1E,2026-ncaa-d3-natl,genius_ncaa,157,200,116,194,139,74,70,65,209,58,58,199,157,132,265,259,62,64,215,68,209,63,74,218,224,180,272,280,181,81,226,238,372,158,356,109,290,236,100,152,20,27,50,80,,,330,217,,197,218,81,21,113,45,58,19,54,39,191,134,76,59,66,18,22,88,326,203,130,193,16,49,,334,,177,218,349,348,280,378,366,301,374,237,226,225,112,354,383,83,384,343,309,344,366,357,259,119,99,251,364,372,360,226,369,356,360,282,27,52,167,270,170,210,116,,,50,89,,12,218,333,178,282,218,365,357,276,374,296,211,185,351,387,387,325,390,356,387,385,350,19,245,188,,19,,15,b'\x11\xe8\xe1I\xec\xf2\xae4\x9a\xbe\x12\xdf\x17\xaeN\x1e'
11E8E149-ECF7-4016-9ABE-12DF17AE4E1E,2018-ncaa-d3-conf-NWC,ncaa,5,5,5,5,8,6,6,7,5,6,6,7,5,6,2,6,5,5,8,4,5,7,6,5,6,7,5,5,4,3,3,4,3,3,2,8,7,6,7,7,7,7,7,7,,,1,4,,,4,9,8,6,4,4,6,6,4,5,6,4,4,4,6,4,3,1,1,7,7,7,7,,2,,,4,2,6,5,4,4,5,7,8,8,1,8,1,1,9,1,2,5,2,6,5,6,5,8,1,3,3,1,3,3,2,5,7,9,9,9,6,7,5,7,,,5,4,,,4,1,4,4,4,4,7,7,5,5,8,8,1,1,1,7,4,4,3,4,6,8,7,6,,3,,,b'\x11\xe8\xe1I\xec\xf7@\x16\x9a\xbe\x12\xdf\x17\xaeN\x1e'
11E8E149-ECF7-4016-9ABE-12DF17AE4E1E,2018-ncaa-d3-natl,ncaa,262,172,412,237,416,323,330,410,100,321,381,143,280,373,49,276,263,285,184,282,107,401,419,94,91,126,193,219,145,293,62,360,86,351,37,326,248,82,284,244,400,329,357,312,,,83,334,,,232,423,278,46,142,159,284,172,233,181,286,102,108,108,236,218,131,93,86,196,277,340,325,,288,,,232,62,72,38,284,56,20,338,247,241,252,400,71,43,423,44,169,26,19,315,328,371,310,367,131,27,86,13,62,12,37,72,137,427,390,369,68,218,64,150,,,310,52,,,232,22,123,340,228,304,311,296,237,156,378,401,184,118,120,252,158,109,46,62,242,404,215,142,,54,,,b'\x11\xe8\xe1I\xec\xf7@\x16\x9a\xbe\x12\xdf\x17\xaeN\x1e'
11E8E149-ECF7-4016-9ABE-12DF17AE4E1E,2019-ncaa-d3-conf-NWC,ncaa,3,3,3,3,3,3,4,5,4,5,5,3,5,3,6,4,3,2,4,2,2,4,5,4,3,3,4,6,3,3,2,2,1,2,1,5,7,3,5,6,7,6,3,2,,,6,6,,,3,5,7,1,4,4,5,5,7,5,4,2,2,2,5,6,2,2,2,6,5,7,3,,6,,,3,6,6,6,4,5,4,5,5,7,4,8,3,5,1,6,7,6,5,4,4,3,6,7,3,2,1,1,2,1,1,4,6,6,6,5,4,3,2,2,,,2,1,,,3,5,3,3,3,3,4,4,5,3,5,8,5,6,6,3,3,1,1,1,4,7,3,2,,2,,,b'\x11\xe8\xe1I\xec\xf7@\x16\x9a\xbe\x12\xdf\x17\xaeN\x1e'
11E8E149-ECF7-4016-9ABE-12DF17AE4E1E,2019-ncaa-d3-natl,ncaa,137,46,390,83,391,247,267,401,43,252,399,17,228,278,154,141,154,225,53,231,43,393,405,35,22,33,170,216,106,285,36,345,16,344,14,334,376,46,202,211,397,321,245,156,,,155,412,,,126,412,366,15,62,111,321,131,341,136,147,34,76,84,257,288,154,160,136,238,162,349,186,,352,,,113,53,64,33,305,70,30,359,118,135,170,322,100,110,139,105,296,30,26,306,304,355,233,238,214,7,16,7,36,7,14,19,29,412,349,233,57,180,7,25,,,209,10,,,126,36,25,270,91,219,228,143,225,103,238,288,210,235,225,145,63,21,8,9,87,389,151,10,,20,,,b'\x11\xe8\xe1I\xec\xf7@\x16\x9a\xbe\x12\xdf\x17\xaeN\x1e'
11E8E149-ECF7-4016-9ABE-12DF17AE4E1E,2020-ncaa-d3-conf-NWC,ncaa,4,6,3,6,3,5,5,3,6,4,6,4,8,3,9,3,5,6,1,6,7,4,3,7,6,7,6,7,6,1,1,4,5,3,1,8,9,8,7,8,4,3,2,1,,,9,9,,,4,6,8,1,5,5,4,5,6,8,3,6,7,7,6,3,1,5,1,9,7,3,2,,8,,,4,6,2,2,3,2,2,3,7,7,8,7,9,9,5,9,9,3,4,5,5,5,8,8,9,4,5,1,1,1,1,7,9,5,4,5,8,7,3,2,,,8,9,,,4,5,6,5,4,4,3,1,2,2,7,7,9,9,9,4,4,5,1,1,5,5,6,2,,8,,,b'\x11\xe8\xe1I\xec\xf7@\x16\x9a\xbe\x12\xdf\x17\xaeN\x1e'
11E8E149-ECF7-4016-9ABE-12DF17AE4E1E,2020-ncaa-d3-natl,ncaa,237,218,327,240,332,248,257,343,133,261,356,94,194,217,182,144,212,293,55,290,176,347,356,131,105,158,183,189,193,109,13,304,91,233,16,333,397,196,299,320,294,214,170,80,,,370,437,,,187,394,396,23,197,216,302,220,339,176,174,165,255,252,310,286,79,260,145,328,260,268,142,,413,,,183,82,44,35,220,31,28,197,274,198,354,332,300,334,122,334,423,49,37,264,287,309,413,362,372,44,91,9,13,9,16,80,197,364,286,246,259,327,88,152,,,277,166,,,187,47,100,279,172,176,101,55,56,29,315,266,351,372,376,105,53,68,8,17,134,352,307,104,,207,,,b'\x11\xe8\xe1I\xec\xf7@\x16\x9a\xbe\x12\xdf\x17\xaeN\x1e'
11E8E149-ECF7-4016-9ABE-12DF17AE4E1E,2021-ncaa-d3-conf-NWC,ncaa,2,6,2,5,2,2,2,1,4,3,3,4,1,1,3,1,3,2,5,2,4,1,2,4,4,2,1,1,4,1,4,3,6,3,5,3,2,5,2,2,1,2,2,2,,,6,6,,,3,2,2,1,1,1,1,4,5,1,1,2,2,3,1,1,4,5,4,2,3,1,2,,6,,,3,6,6,6,4,6,6,4,7,5,5,4,6,6,4,6,4,6,6,5,6,5,5,6,4,7,6,6,4,6,5,7,7,1,3,5,5,3,6,6,,,2,5,,,3,6,2,6,3,7,6,6,5,6,7,4,6,6,6,6,7,6,6,6,7,2,3,5,,3,,,b'\x11\xe8\xe1I\xec\xf7@\x16\x9a\xbe\x12\xdf\x17\xaeN\x1e'
11E8E149-ECF7-4016-9ABE-12DF17AE4E1E,2021-ncaa-d3-natl,ncaa,101,183,81,148,81,61,66,70,89,98,115,72,28,38,71,31,73,67,171,68,57,68,81,57,63,42,41,37,180,84,127,135,232,117,208,67,138,138,36,46,53,55,120,160,,,225,251,,,140,82,82,10,32,50,39,118,181,18,21,82,62,61,32,64,111,246,220,66,61,44,165,,262,,,140,225,227,187,257,216,184,241,245,199,265,160,222,224,130,229,228,199,203,266,265,247,195,213,134,204,232,199,127,199,208,253,263,69,107,213,143,77,184,178,,,68,58,,,140,203,53,245,142,251,236,165,204,136,250,181,222,231,236,188,212,191,156,174,266,88,93,155,,43,,,b'\x11\xe8\xe1I\xec\xf7@\x16\x9a\xbe\x12\xdf\x17\xaeN\x1e'
11E8E149-ECF7-4016-9ABE-12DF17AE4E1E,2022-ncaa-d3-conf-NWC,ncaa,2,2,3,2,4,2,2,1,4,2,2,3,2,2,7,3,1,3,1,3,2,1,1,4,3,3,3,5,2,1,2,7,7,3,4,3,5,2,2,4,1,1,7,5,,,9,9,,,2,2,3,5,1,2,1,2,2,2,3,2,3,3,1,1,1,7,1,3,3,1,7,,9,,,2,6,3,2,3,2,1,5,6,8,4,8,8,8,5,8,9,6,9,4,6,3,9,5,9,7,7,6,2,7,4,6,7,1,1,2,2,2,4,3,,,3,7,,,2,8,1,2,2,5,3,2,2,1,5,7,7,8,8,5,7,5,5,5,6,1,3,4,,4,,,b'\x11\xe8\xe1I\xec\xf7@\x16\x9a\xbe\x12\xdf\x17\xaeN\x1e'
11E8E149-ECF7-4016-9ABE-12DF17AE4E1E,2022-ncaa-d3-natl,ncaa,116,21,376,41,383,232,259,339,135,289,383,66,127,122,184,63,145,237,16,234,47,329,368,98,80,53,73,115,100,210,30,394,307,363,165,273,277,21,57,103,74,11,380,301,,,334,428,,,105,386,201,290,41,90,95,172,301,55,39,22,72,69,74,138,67,386,243,169,70,17,359,,425,,,76,38,19,19,198,14,15,295,159,184,157,395,309,312,265,301,427,28,43,234,311,194,419,332,416,76,307,24,30,29,165,50,293,191,27,68,25,73,21,55,,,320,151,,,105,44,36,188,77,191,86,32,51,8,304,352,399,402,395,96,215,217,87,134,165,43,86,25,,123,,,b'\x11\xe8\xe1I\xec\xf7@\x16\x9a\xbe\x12\xdf\x17\xaeN\x1e'
11E8E149-ECF7-4016-9ABE-12DF17AE4E1E,2023-ncaa-d3-conf-NWC,ncaa,2,2,3,2,3,1,2,1,3,2,2,3,1,1,1,4,2,3,2,4,8,1,1,2,1,1,4,2,7,1,4,8,4,4,6,2,7,2,1,2,1,1,7,6,,,9,9,,,1,1,1,5,1,1,1,2,2,1,1,1,3,3,1,1,1,8,3,2,2,1,7,,9,,,1,3,3,1,5,3,2,5,6,5,6,6,9,8,7,8,9,1,9,7,7,2,7,6,9,3,4,8,4,7,6,8,9,1,1,2,1,1,6,3,,,5,9,,,1,9,1,2,1,4,2,2,3,2,6,6,8,7,7,2,8,3,8,7,8,1,2,4,,4,,,b'\x11\xe8\xe1I\xec\xf7@\x16\x9a\xbe\x12\xdf\x17\xaeN\x1e'
11E8E149-ECF7-4016-9ABE-12DF17AE4E1E,2023-ncaa-d3-natl,ncaa,67,30,271,42,310,114,110,151,91,192,266,93,42,64,30,64,230,309,27,306,257,181,267,54,53,32,76,41,358,187,161,376,153,337,222,166,281,37,30,50,16,4,333,251,,,386,425,,,43,278,168,284,31,47,51,147,235,20,34,184,288,294,67,162,143,414,326,111,45,7,330,,412,,,33,73,32,21,274,25,20,261,230,131,378,320,286,268,323,263,413,25,108,313,356,107,408,335,384,41,153,140,161,78,222,251,418,35,5,61,23,17,101,139,,,312,329,,,43,149,30,75,37,107,58,8,38,11,261,174,330,307,307,12,178,56,217,124,272,14,33,123,,307,,,b'\x11\xe8\xe1I\xec\xf7@\x16\x9a\xbe\x12\xdf\x17\xaeN\x1e'
11E8E149-ECF7-4016-9ABE-12DF17AE4E1E,2024-ncaa-d3-conf-NWC,ncaa,2,2,1,2,1,2,3,1,5,3,2,5,1,1,5,1,4,4,4,4,6,2,1,5,6,5,4,4,5,2,3,3,4,2,3,4,8,9,4,7,1,1,3,2,,,9,9,,,3,1,2,3,3,4,1,4,4,2,1,4,4,4,2,1,2,7,2,6,7,1,3,,8,,,3,6,2,6,2,2,3,3,8,8,2,8,7,6,8,6,9,7,9,1,3,2,9,7,9,7,4,8,3,7,3,9,9,1,1,1,2,1,1,1,,,7,8,,,3,9,4,2,3,3,2,2,2,1,5,8,6,5,5,3,6,3,6,5,7,1,2,1,,8,,,b'\x11\xe8\xe1I\xec\xf7@\x16\x9a\xbe\x12\xdf\x17\xaeN\x1e'
11E8E149-ECF7-4016-9ABE-12DF17AE4E1E,2024-ncaa-d3-natl,ncaa,89,87,112,98,128,158,170,149,188,232,292,139,65,51,178,50,179,229,89,219,134,161,158,150,152,150,76,69,252,100,75,263,222,181,152,239,356,234,210,250,32,14,74,22,,,403,417,,,123,201,281,67,166,197,169,268,347,66,48,202,259,250,186,205,91,333,217,272,208,25,74,,411,,,118,118,68,94,97,43,45,158,232,324,98,384,365,326,387,332,408,123,217,120,196,92,403,309,403,181,222,157,75,165,152,185,342,61,36,69,80,59,18,16,,,257,333,,,123,233,130,92,116,98,38,43,26,17,214,296,345,304,309,60,154,155,118,120,162,53,68,7,,319,,,b'\x11\xe8\xe1I\xec\xf7@\x16\x9a\xbe\x12\xdf\x17\xaeN\x1e'
11E8E149-ECF7-4016-9ABE-12DF17AE4E1E,2025-ncaa-d3-conf-NWC,genius_ncaa,3,3,3,3,3,3,2,3,2,2,2,4,3,7,1,8,5,5,9,5,5,3,3,2,4,4,7,5,7,2,3,5,6,5,5,8,9,8,7,8,2,2,2,1,,,9,9,,9,4,3,3,4,3,2,4,2,2,4,8,7,4,4,4,2,2,4,4,8,8,2,1,,9,,9,4,6,4,4,4,2,1,4,8,9,7,8,9,8,9,8,9,7,8,5,5,5,9,8,9,6,6,3,3,5,5,5,6,3,3,4,7,6,1,2,,,5,6,,8,4,7,3,5,4,6,4,3,2,2,8,8,9,9,9,6,6,6,4,4,5,2,7,2,,5,,8,b'\x11\xe8\xe1I\xec\xf7@\x16\x9a\xbe\x12\xdf\x17\xaeN\x1e'
11E8E149-ECF7-4016-9ABE-12DF17AE4E1E,2025-ncaa-d3-natl,genius_ncaa,250,215,345,247,349,300,280,365,93,275,340,106,250,312,105,216,336,322,331,320,204,368,375,91,120,183,244,189,314,304,135,374,268,362,194,378,413,180,306,354,279,203,83,18,,,316,415,,336,252,383,338,40,234,204,350,202,293,206,264,314,277,273,339,315,241,338,314,375,260,225,44,,401,,375,255,92,39,27,196,26,21,191,251,199,313,342,350,281,406,272,405,42,35,248,323,314,408,332,399,112,268,20,135,30,194,42,114,319,213,162,152,268,7,19,,,296,130,,327,252,39,192,309,254,232,120,92,68,44,315,296,391,360,359,138,120,189,49,90,100,259,237,14,,199,,312,b'\x11\xe8\xe1I\xec\xf7@\x16\x9a\xbe\x12\xdf\x17\xaeN\x1e'
11E8E149-ECF7-4016-9ABE-12DF17AE4E1E,2026-ncaa-d3-natl,genius_ncaa,225,68,379,151,382,387,386,388,269,388,392,242,340,345,274,134,392,389,313,388,246,391,390,261,285,292,199,150,289,283,17,369,30,358,12,345,55,51,274,214,394,301,178,34,,,35,337,,130,194,397,378,113,306,281,253,279,282,216,157,343,306,292,281,239,32,104,34,159,256,359,44,,212,,269,185,20,15,23,51,10,24,4,82,27,403,182,30,24,190,23,185,20,16,98,102,164,396,383,261,16,30,18,17,13,12,65,410,398,316,361,23,108,33,125,,,371,93,,262,194,19,232,130,190,57,38,91,21,127,300,107,148,145,133,85,23,44,43,37,285,374,103,100,,124,,189,b'\x11\xe8\xe1I\xec\xf7@\x16\x9a\xbe\x12\xdf\x17\xaeN\x1e'
11E8E149-ECFB-D0C2-9ABE-12DF17AE4E1E,2018-ncaa-d3-conf-Skyline,ncaa,7,7,7,7,9,8,8,8,8,6,6,6,5,5,8,5,8,8,7,7,5,7,9,8,8,7,5,5,6,8,6,8,9,8,8,8,8,3,3,7,5,6,8,8,,,5,4,,,7,10,7,6,8,8,4,5,5,5,4,7,6,7,4,6,7,8,8,8,3,3,8,,5,,,7,6,6,5,7,6,4,7,8,5,7,6,5,5,10,5,5,5,3,7,7,7,7,9,5,8,9,7,6,7,8,8,10,6,6,8,3,4,9,10,,,8,6,,,7,1,7,7,7,7,7,6,7,6,9,8,7,6,6,6,7,9,7,8,8,4,4,9,,7,,,b'\x11\xe8\xe1I\xec\xfb\xd0\xc2\x9a\xbe\x12\xdf\x17\xaeN\x1e'
11E8E149-ECFB-D0C2-9ABE-12DF17AE4E1E,2018-ncaa-d3-natl,ncaa,262,223,363,259,378,303,256,168,340,246,215,298,241,129,377,115,394,394,306,395,407,212,239,342,360,335,301,184,405,128,173,242,396,184,335,309,350,164,178,275,106,103,379,393,,,91,46,,,294,276,50,303,219,153,26,157,87,190,59,375,372,373,50,48,49,63,41,258,271,58,378,,173,,,296,191,231,312,147,187,245,142,324,340,222,335,89,85,237,89,84,257,285,163,134,141,254,353,77,417,396,304,173,392,335,401,440,154,171,306,142,155,338,345,,,405,431,,,294,199,311,217,284,336,346,419,303,370,387,410,150,129,141,418,425,425,407,424,422,76,243,393,,384,,,b'\x11\xe8\xe1I\xec\xfb\xd0\xc2\x9a\xbe\x12\xdf\x17\xaeN\x1e'
11E8E149-ECFB-D0C2-9ABE-12DF17AE4E1E,2019-ncaa-d3-conf-Skyline,ncaa,5,5,1,5,4,4,6,4,6,5,6,7,3,3,7,3,4,3,4,4,2,4,4,6,5,5,2,3,5,6,7,8,8,7,7,6,8,2,2,6,2,4,6,6,,,5,4,,,6,6,8,8,4,6,5,7,8,3,3,5,6,6,5,6,7,10,8,7,2,4,7,,4,,,6,8,7,8,7,7,5,7,10,9,9,8,4,4,6,4,5,8,7,7,7,6,6,9,3,7,8,8,7,8,7,8,7,2,5,5,3,3,8,7,,,3,3,,,6,7,5,6,6,5,6,5,6,3,9,8,4,4,4,4,3,6,6,6,5,4,3,6,,6,,,b'\x11\xe8\xe1I\xec\xfb\xd0\xc2\x9a\xbe\x12\xdf\x17\xaeN\x1e'
11E8E149-ECFB-D0C2-9ABE-12DF17AE4E1E,2019-ncaa-d3-natl,ncaa,187,185,215,187,236,246,233,75,373,256,196,333,129,47,362,63,338,306,365,308,338,109,150,355,371,316,163,91,372,86,227,154,407,109,359,345,415,90,46,273,170,220,254,300,,,85,34,,,268,186,131,84,242,216,26,266,173,113,29,350,321,324,45,85,67,98,53,370,96,164,252,,79,,,268,249,335,397,134,294,319,191,360,408,92,370,54,102,7,105,74,374,353,139,80,118,171,347,37,432,407,418,227,432,359,271,155,185,268,234,93,63,191,198,,,328,393,,,268,274,293,205,260,283,333,412,295,350,364,417,54,115,116,406,408,428,420,429,278,166,103,197,,346,,,b'\x11\xe8\xe1I\xec\xfb\xd0\xc2\x9a\xbe\x12\xdf\x17\xaeN\x1e'
11E8E149-ECFB-D0C2-9ABE-12DF17AE4E1E,2020-ncaa-d3-conf-Skyline,ncaa,10,10,7,10,9,10,10,11,10,10,8,10,7,7,8,7,6,7,4,7,3,10,9,10,10,10,3,6,1,8,8,7,9,8,7,10,4,9,11,10,11,10,5,5,,,7,8,,,9,8,6,5,10,10,11,10,7,7,7,5,6,6,10,7,8,6,7,10,10,11,5,,8,,,9,8,8,7,7,7,6,8,10,11,10,10,6,7,4,7,6,8,8,9,8,9,8,10,4,9,9,3,8,7,7,9,10,10,8,10,11,11,3,6,,,6,2,,,9,3,10,9,10,9,8,8,8,7,10,11,7,7,7,8,9,9,7,8,9,9,11,3,,2,,,b'\x11\xe8\xe1I\xec\xfb\xd0\xc2\x9a\xbe\x12\xdf\x17\xaeN\x1e'
11E8E149-ECFB-D0C2-9ABE-12DF17AE4E1E,2020-ncaa-d3-natl,ncaa,379,409,198,390,280,382,389,289,426,388,289,423,289,211,371,179,293,271,314,267,225,291,182,417,416,416,100,154,91,187,257,145,377,159,329,350,183,418,405,410,352,387,177,198,,,145,80,,,402,189,119,303,405,415,284,406,301,289,210,291,261,260,294,125,157,84,112,378,412,359,170,,160,,,397,345,363,399,167,268,280,210,413,422,233,398,92,138,33,131,106,389,346,218,149,241,297,395,43,424,377,365,257,412,329,424,429,277,354,404,413,398,124,164,,,285,338,,,402,249,415,311,395,337,350,410,277,312,405,423,101,164,155,403,385,418,365,403,412,274,400,124,,288,,,b'\x11\xe8\xe1I\xec\xfb\xd0\xc2\x9a\xbe\x12\xdf\x17\xaeN\x1e'
11E8E149-ECFB-D0C2-9ABE-12DF17AE4E1E,2022-ncaa-d3-conf-Skyline,ncaa,11,11,11,11,11,11,11,11,11,11,11,11,7,4,11,3,8,9,5,9,4,11,11,11,11,11,2,4,1,11,11,11,11,11,11,11,11,8,10,11,7,7,11,11,,,1,2,,,11,11,8,6,11,11,11,11,11,6,4,8,9,9,11,10,11,11,11,11,8,6,11,,2,,,11,6,9,2,11,9,7,11,1,1,8,1,3,3,3,3,2,2,2,11,11,9,1,1,2,9,11,9,11,8,11,8,6,7,5,7,7,10,4,9,,,7,4,,,11,1,11,10,11,8,10,6,11,9,3,2,5,5,5,7,7,10,10,11,9,4,7,5,,6,,,b'\x11\xe8\xe1I\xec\xfb\xd0\xc2\x9a\xbe\x12\xdf\x17\xaeN\x1e'
11E8E149-ECFB-D0C2-9ABE-12DF17AE4E1E,2022-ncaa-d3-natl,ncaa,393,410,250,403,285,379,382,274,417,383,310,403,287,127,410,96,343,339,328,333,239,285,266,414,409,402,131,159,162,346,410,357,424,365,424,392,396,330,353,403,181,231,408,419,,,26,6,,,408,226,86,290,403,406,252,401,337,287,108,363,345,341,282,183,361,398,397,414,345,165,415,,9,,,406,365,408,336,394,413,393,377,173,148,293,66,54,79,26,75,16,307,317,372,335,305,8,74,17,421,424,402,410,415,424,396,245,143,203,312,350,363,104,172,,,303,307,,,408,202,408,378,406,383,409,396,413,414,199,159,48,87,89,386,400,422,415,420,389,101,353,109,,303,,,b'\x11\xe8\xe1I\xec\xfb\xd0\xc2\x9a\xbe\x12\xdf\x17\xaeN\x1e'
11E8E149-ECFB-D0C2-9ABE-12DF17AE4E1E,2024-ncaa-d3-conf-Skyline,ncaa,10,10,7,10,8,10,10,11,10,10,11,10,7,7,8,5,11,11,9,11,11,11,10,10,10,10,6,5,8,11,10,11,10,11,10,10,9,11,11,10,9,9,11,11,,,4,3,,,10,9,6,3,10,10,11,10,11,7,7,11,11,11,11,10,11,11,11,10,11,9,11,,4,,,10,11,11,9,11,10,9,11,10,7,10,6,4,4,1,4,4,9,5,11,11,11,3,6,1,9,10,7,10,8,10,10,7,10,10,11,10,11,8,11,,,9,8,,,10,4,10,11,10,11,11,9,10,9,10,8,4,4,4,9,9,9,7,8,10,10,10,8,,9,,,b'\x11\xe8\xe1I\xec\xfb\xd0\xc2\x9a\xbe\x12\xdf\x17\xaeN\x1e'
11E8E149-ECFB-D0C2-9ABE-12DF17AE4E1E,2024-ncaa-d3-natl,ncaa,385,405,200,390,257,386,371,306,400,362,292,399,283,239,350,165,405,405,319,400,399,337,205,395,400,407,202,144,343,341,385,234,394,305,398,346,198,420,411,399,268,326,392,410,,,112,40,,,411,144,77,244,409,392,341,391,309,289,238,414,416,413,389,165,357,228,326,366,411,271,399,,118,,,404,379,406,392,355,408,398,336,279,234,308,127,88,163,13,154,56,380,345,337,280,321,38,152,27,402,394,367,385,400,398,398,294,235,320,371,408,403,353,376,,,351,383,,,411,292,407,360,399,374,398,395,403,401,287,260,92,180,175,392,383,399,374,397,384,228,398,358,,377,,,b'\x11\xe8\xe1I\xec\xfb\xd0\xc2\x9a\xbe\x12\xdf\x17\xaeN\x1e'
11E8E149-ECFB-D0C2-9ABE-12DF17AE4E1E,2025-ncaa-d3-conf-Skyline,genius_ncaa,9,9,7,9,7,9,9,11,7,11,11,8,5,6,3,2,9,9,3,9,4,11,10,6,6,9,2,1,6,10,9,7,8,10,7,9,5,11,11,9,10,10,3,3,,,2,2,,4,9,11,7,4,9,9,11,11,11,5,6,9,9,9,11,10,10,6,10,9,11,10,3,,2,,5,9,10,10,9,10,10,10,9,8,6,11,5,7,5,8,5,2,9,2,10,10,10,3,7,2,8,8,3,9,4,7,8,3,10,10,9,10,11,7,11,,,8,5,,6,9,2,9,10,9,10,10,9,10,10,8,7,7,6,6,9,6,7,3,5,8,10,10,8,,8,,4,b'\x11\xe8\xe1I\xec\xfb\xd0\xc2\x9a\xbe\x12\xdf\x17\xaeN\x1e'
11E8E149-ECFB-D0C2-9ABE-12DF17AE4E1E,2025-ncaa-d3-natl,genius_ncaa,343,374,192,353,218,366,370,374,340,385,387,351,210,222,175,79,349,367,210,363,179,379,276,297,303,380,44,42,213,354,334,170,351,263,303,307,56,419,417,384,375,399,165,238,,,69,26,,169,381,225,186,127,391,392,414,405,412,200,210,372,386,379,417,277,372,125,264,325,411,395,162,,46,,177,373,316,345,366,223,346,379,180,242,221,275,116,143,162,110,166,79,349,283,207,159,253,89,175,95,387,351,123,334,277,303,321,239,313,365,349,413,411,132,296,,,316,315,,138,381,206,388,317,372,316,339,372,346,385,248,224,144,168,174,365,316,372,124,290,310,327,404,127,,345,,143,b'\x11\xe8\xe1I\xec\xfb\xd0\xc2\x9a\xbe\x12\xdf\x17\xaeN\x1e'
11E8E149-ECFB-D0C2-9ABE-12DF17AE4E1E,2026-ncaa-d3-conf-Skyline,genius_ncaa,2,2,4,2,4,7,7,6,7,8,7,7,4,5,3,5,2,3,3,3,2,5,5,7,6,6,2,4,2,7,9,8,10,9,10,9,10,5,7,9,4,4,2,3,,,7,4,,4,5,4,2,2,5,7,6,8,7,3,5,1,2,2,5,4,7,9,9,9,7,3,1,,7,,4,5,4,6,7,2,6,9,3,2,2,5,1,7,5,6,5,4,8,8,2,2,2,3,4,6,11,10,8,9,9,10,5,7,3,4,4,7,7,8,10,,,3,2,,4,5,8,6,4,5,5,7,10,7,11,3,2,6,5,5,8,11,11,10,11,7,1,8,9,,2,,4,b'\x11\xe8\xe1I\xec\xfb\xd0\xc2\x9a\xbe\x12\xdf\x17\xaeN\x1e'
11E8E149-ECFB-D0C2-9ABE-12DF17AE4E1E,2026-ncaa-d3-natl,genius_ncaa,98,200,42,183,64,82,117,56,296,141,65,335,78,90,141,216,42,43,209,44,128,48,26,277,268,307,100,147,101,81,266,96,386,88,362,173,317,402,352,356,6,39,31,95,,,398,260,,271,211,25,17,113,181,239,107,257,140,146,173,91,81,83,87,23,163,214,192,288,389,18,47,,381,,213,214,334,327,366,142,335,391,89,264,233,290,44,359,392,62,390,254,377,398,128,124,34,176,129,278,408,386,386,266,401,362,342,277,3,17,42,395,331,276,191,,,35,169,,30,211,391,314,78,215,244,230,296,254,348,147,87,298,356,354,322,403,393,367,389,273,8,371,220,,53,,59,b'\x11\xe8\xe1I\xec\xfb\xd0\xc2\x9a\xbe\x12\xdf\x17\xaeN\x1e'
11E8E149-ED00-6FE2-9ABE-12DF17AE4E1E,2018-ncaa-d3-conf-Liberty League,ncaa,2,2,1,2,1,1,1,2,1,2,6,1,1,1,1,2,2,6,1,6,7,2,3,1,1,1,4,2,8,7,7,1,2,3,6,2,5,2,2,1,3,4,8,7,,,4,4,,,1,2,3,2,1,1,2,2,7,1,2,5,7,7,3,4,8,1,5,2,1,4,8,,4,,,1,6,6,9,3,4,8,3,9,10,5,9,5,5,4,5,5,9,9,3,3,4,9,8,5,6,2,8,7,8,6,5,4,3,5,6,1,1,9,9,,,7,9,,,1,9,1,4,1,5,5,7,3,4,7,10,4,4,4,7,7,3,7,6,5,5,1,9,,9,,,b'\x11\xe8\xe1I\xed\x00o\xe2\x9a\xbe\x12\xdf\x17\xaeN\x1e'
11E8E149-ED00-6FE2-9ABE-12DF17AE4E1E,2018-ncaa-d3-natl,ncaa,31,68,8,68,10,16,16,24,50,34,70,45,21,28,50,104,143,206,47,199,350,32,62,38,42,18,188,104,392,260,393,9,82,54,218,28,195,72,9,15,84,145,318,359,,,297,133,,,37,27,298,93,62,49,126,110,250,56,94,292,371,370,169,350,401,65,246,78,5,166,370,,83,,,47,357,363,435,86,300,379,100,400,428,169,364,190,201,163,192,100,430,411,102,84,122,290,369,101,312,82,428,393,413,218,365,273,116,237,231,35,4,304,180,,,175,363,,,37,416,33,113,46,96,122,212,96,143,277,321,63,70,65,153,119,119,257,197,187,272,6,180,,403,,,b'\x11\xe8\xe1I\xed\x00o\xe2\x9a\xbe\x12\xdf\x17\xaeN\x1e'
11E8E149-ED00-6FE2-9ABE-12DF17AE4E1E,2019-ncaa-d3-conf-Liberty League,ncaa,2,2,1,2,3,1,1,3,2,1,1,1,6,7,5,8,1,3,1,3,7,3,3,2,2,1,10,9,6,6,8,5,6,6,7,1,4,1,1,1,1,1,7,6,,,6,5,,,2,3,3,5,1,1,3,1,1,7,7,1,5,5,3,4,8,7,8,1,1,1,8,,4,,,2,8,8,6,8,5,1,8,9,10,6,10,4,5,2,5,6,5,9,8,8,4,8,9,4,4,6,6,8,6,7,9,9,1,1,3,5,2,6,3,,,6,9,,,2,8,1,3,2,4,4,1,3,1,9,10,3,3,3,1,7,3,5,4,6,1,2,5,,7,,,b'\x11\xe8\xe1I\xed\x00o\xe2\x9a\xbe\x12\xdf\x17\xaeN\x1e'
11E8E149-ED00-6FE2-9ABE-12DF17AE4E1E,2019-ncaa-d3-natl,ncaa,62,90,42,86,43,60,39,47,59,25,36,51,221,224,226,321,208,288,22,281,412,67,126,86,89,47,402,347,368,293,376,109,172,180,291,43,160,36,9,6,53,61,245,221,,,126,56,,,83,90,334,45,103,44,116,26,76,299,313,286,372,369,163,345,383,245,342,69,7,78,306,,38,,,84,274,318,349,177,179,120,289,426,435,190,431,60,58,221,59,99,309,342,263,204,152,352,424,43,267,172,388,376,363,291,362,361,82,105,190,101,58,340,201,,,300,389,,,83,347,80,145,87,117,163,157,92,27,389,419,30,23,25,79,127,149,267,214,270,125,47,273,,420,,,b'\x11\xe8\xe1I\xed\x00o\xe2\x9a\xbe\x12\xdf\x17\xaeN\x1e'
11E8E149-ED00-6FE2-9ABE-12DF17AE4E1E,2020-ncaa-d3-conf-Liberty League,ncaa,6,6,5,6,5,6,5,5,4,4,3,5,5,7,6,7,6,5,6,4,6,5,6,5,5,4,7,7,5,4,4,6,6,6,6,7,8,3,3,6,4,5,5,5,,,5,3,,,6,6,5,1,6,3,3,4,4,6,7,4,4,4,4,4,3,7,6,6,4,4,7,,5,,,6,8,9,4,8,4,4,8,10,10,10,10,2,2,6,2,3,4,6,9,8,8,8,10,2,4,6,7,4,6,6,9,10,5,4,9,2,2,4,4,,,6,8,,,6,5,6,8,6,9,9,7,5,2,10,10,2,2,2,6,5,4,6,6,9,4,3,4,,6,,,b'\x11\xe8\xe1I\xed\x00o\xe2\x9a\xbe\x12\xdf\x17\xaeN\x1e'
11E8E149-ED00-6FE2-9ABE-12DF17AE4E1E,2020-ncaa-d3-natl,ncaa,237,275,126,265,131,186,121,122,154,61,52,168,311,316,250,353,316,338,179,328,421,152,202,195,220,169,410,354,387,190,204,237,233,226,243,229,380,63,56,145,315,327,192,185,,,100,85,,,266,216,324,49,202,106,118,52,45,323,341,351,373,364,165,266,198,295,277,249,49,341,201,,59,,,264,358,385,315,364,298,191,342,426,394,409,399,48,32,343,29,37,238,190,391,375,380,285,404,24,210,233,252,204,239,243,414,398,295,315,401,56,52,318,205,,,327,374,,,266,203,181,364,279,293,335,267,258,146,408,368,28,18,15,198,127,195,214,203,384,340,50,297,,384,,,b'\x11\xe8\xe1I\xed\x00o\xe2\x9a\xbe\x12\xdf\x17\xaeN\x1e'
11E8E149-ED00-6FE2-9ABE-12DF17AE4E1E,2021-ncaa-d3-conf-Liberty League,ncaa,3,1,3,1,3,3,3,3,3,3,4,1,3,3,4,1,4,4,3,4,1,3,3,3,3,1,1,1,2,3,4,4,2,4,4,3,3,1,2,2,4,3,3,3,,,1,4,,,2,3,3,1,1,1,1,2,3,1,1,2,2,2,1,1,2,2,3,2,2,2,2,,3,,,2,1,1,1,4,1,2,2,1,1,4,1,2,2,3,2,3,1,1,4,4,2,3,1,4,1,2,2,4,2,4,1,3,3,1,1,2,4,1,1,,,3,2,,,2,1,2,1,2,3,2,2,2,3,1,1,4,4,4,2,3,2,4,4,2,1,4,1,,1,,,b'\x11\xe8\xe1I\xed\x00o\xe2\x9a\xbe\x12\xdf\x17\xaeN\x1e'
11E8E149-ED00-6FE2-9ABE-12DF17AE4E1E,2021-ncaa-d3-natl,ncaa,215,1,273,1,273,272,272,274,142,273,280,9,269,266,261,16,274,272,261,271,17,274,274,130,165,142,128,113,172,277,242,275,91,277,217,275,226,8,72,140,277,153,274,222,,,13,212,,,138,273,223,1,39,41,10,57,184,58,3,84,20,19,9,8,151,82,105,120,152,97,202,,265,,,113,8,6,8,193,6,8,139,7,4,216,16,15,16,14,15,263,9,8,178,159,113,110,44,244,3,91,9,242,7,217,6,99,271,43,51,13,207,1,1,,,273,73,,,138,11,160,87,122,224,195,184,219,240,85,47,263,282,282,239,275,120,273,250,157,18,245,1,,12,,,b'\x11\xe8\xe1I\xed\x00o\xe2\x9a\xbe\x12\xdf\x17\xaeN\x1e'
11E8E149-ED00-6FE2-9ABE-12DF17AE4E1E,2022-ncaa-d3-conf-Liberty League,ncaa,5,5,4,5,5,7,7,7,7,5,6,6,7,6,7,6,8,8,5,8,8,7,8,7,7,7,7,6,5,7,7,6,7,6,7,7,7,3,4,6,4,4,5,4,,,8,9,,,7,7,10,2,7,7,6,6,6,8,7,7,8,8,7,8,7,7,7,7,2,4,5,,9,,,7,3,3,4,5,4,4,5,7,4,8,4,7,7,1,7,8,4,3,5,5,6,8,8,5,7,7,7,7,7,7,6,9,5,5,6,3,6,6,5,,,8,9,,,7,3,7,6,7,4,3,3,4,3,6,5,7,7,7,3,4,7,7,6,6,5,3,6,,9,,,b'\x11\xe8\xe1I\xed\x00o\xe2\x9a\xbe\x12\xdf\x17\xaeN\x1e'
11E8E149-ED00-6FE2-9ABE-12DF17AE4E1E,2022-ncaa-d3-natl,ncaa,190,210,188,202,194,261,248,228,288,228,187,294,274,236,299,252,292,334,113,327,359,246,303,304,306,240,281,268,245,287,348,210,195,249,301,303,358,43,51,194,332,342,98,96,,,138,180,,,250,299,400,66,321,296,232,242,179,298,262,318,364,358,277,386,318,209,268,331,22,365,90,,112,,,248,169,182,204,170,177,225,116,230,168,330,170,134,107,311,109,99,176,143,178,167,247,215,260,161,215,195,330,348,289,301,200,190,331,336,306,77,128,254,233,,,359,358,,,250,127,251,254,252,150,165,175,159,235,208,141,129,100,103,151,71,196,346,293,171,368,72,252,,409,,,b'\x11\xe8\xe1I\xed\x00o\xe2\x9a\xbe\x12\xdf\x17\xaeN\x1e'
11E8E149-ED00-6FE2-9ABE-12DF17AE4E1E,2023-ncaa-d3-conf-Liberty League,ncaa,7,6,8,7,8,8,8,8,9,9,9,7,5,4,6,2,8,8,3,9,6,8,8,5,6,6,1,2,8,8,6,6,7,8,6,7,2,3,8,8,9,9,5,5,,,4,6,,,7,8,5,6,6,8,6,9,9,3,3,7,7,7,8,6,7,1,5,7,7,9,5,,7,,,7,3,4,5,4,4,5,3,4,4,5,4,3,3,9,4,4,3,2,3,3,5,5,5,5,6,7,4,6,3,6,4,8,9,8,8,6,8,1,3,,,8,8,,,7,2,6,6,7,6,6,8,6,9,5,6,6,5,6,8,6,7,6,8,7,9,8,2,,7,,,b'\x11\xe8\xe1I\xed\x00o\xe2\x9a\xbe\x12\xdf\x17\xaeN\x1e'
11E8E149-ED00-6FE2-9ABE-12DF17AE4E1E,2023-ncaa-d3-natl,ncaa,289,297,271,303,312,303,292,265,319,329,344,303,122,95,217,53,377,390,206,392,378,301,362,277,296,255,96,39,391,329,359,177,257,263,324,234,104,46,97,115,354,354,172,195,,,194,276,,,285,354,326,288,309,290,202,342,340,97,68,394,408,413,277,365,328,79,206,203,67,360,164,,256,,,282,132,161,209,132,163,242,93,200,175,256,173,138,119,292,132,114,182,104,133,117,241,204,246,158,280,257,317,359,315,324,192,213,394,400,367,95,169,122,219,,,386,378,,,285,80,270,288,282,211,225,302,228,325,232,202,178,158,165,285,174,314,363,353,231,410,127,140,,405,,,b'\x11\xe8\xe1I\xed\x00o\xe2\x9a\xbe\x12\xdf\x17\xaeN\x1e'
11E8E149-ED00-6FE2-9ABE-12DF17AE4E1E,2024-ncaa-d3-conf-Liberty League,ncaa,6,6,5,6,5,4,3,5,4,5,5,5,2,3,3,4,8,6,9,6,9,5,4,4,4,5,5,4,9,5,6,2,6,3,6,4,5,7,5,5,9,10,7,8,,,5,5,,,7,5,2,3,3,3,2,6,5,2,2,9,7,7,5,3,5,1,3,4,7,10,7,,7,,,7,10,9,10,6,10,10,8,6,10,1,9,10,7,10,7,6,10,9,5,6,8,4,3,5,7,6,9,6,9,6,6,2,9,10,8,9,8,10,8,,,6,8,,,7,7,4,8,7,9,8,9,8,8,5,9,9,8,8,10,9,7,9,7,6,10,8,10,,6,,,b'\x11\xe8\xe1I\xed\x00o\xe2\x9a\xbe\x12\xdf\x17\xaeN\x1e'
11E8E149-ED00-6FE2-9ABE-12DF17AE4E1E,2024-ncaa-d3-natl,ncaa,271,329,112,302,170,229,193,132,271,216,164,285,154,135,187,151,368,374,232,378,407,178,214,258,289,241,233,131,402,200,270,90,187,124,229,197,213,134,128,162,388,409,337,365,,,162,145,,,312,217,274,244,276,227,133,234,185,176,161,402,406,406,208,285,225,67,119,218,103,410,356,,140,,,301,334,342,367,215,341,297,315,258,381,38,328,222,140,412,147,111,348,237,197,204,344,130,195,133,299,187,354,270,340,229,261,144,390,417,392,181,185,421,419,,,333,372,,,312,217,248,350,300,293,310,347,310,263,236,367,190,122,128,326,183,254,324,301,232,416,155,424,,386,,,b'\x11\xe8\xe1I\xed\x00o\xe2\x9a\xbe\x12\xdf\x17\xaeN\x1e'
11E8E149-ED00-6FE2-9ABE-12DF17AE4E1E,2025-ncaa-d3-conf-Liberty League,genius_ncaa,3,3,1,3,2,3,3,6,1,4,6,1,3,7,1,6,5,6,3,6,7,6,6,1,2,2,6,4,8,7,6,2,1,4,1,3,5,6,6,3,8,8,8,8,,,1,1,,8,4,6,10,3,3,3,8,5,7,3,7,6,7,7,8,9,9,2,6,4,5,8,8,,1,,8,4,8,7,8,5,6,5,4,10,9,9,8,5,2,9,1,3,7,3,6,6,8,5,9,3,2,1,2,6,1,1,6,5,9,9,9,3,3,3,2,,,6,4,,8,4,6,3,7,3,6,6,5,5,4,9,7,3,1,1,4,1,1,1,1,5,10,3,2,,6,,8,b'\x11\xe8\xe1I\xed\x00o\xe2\x9a\xbe\x12\xdf\x17\xaeN\x1e'
11E8E149-ED00-6FE2-9ABE-12DF17AE4E1E,2025-ncaa-d3-natl,genius_ncaa,141,184,55,175,69,142,113,180,53,134,180,111,103,203,14,206,310,350,149,348,380,213,263,43,63,64,231,128,396,292,301,63,32,136,95,117,202,77,104,75,374,386,228,252,,,64,63,,220,202,248,405,88,187,136,296,173,252,118,259,375,396,396,343,408,343,79,209,152,46,405,263,,14,,188,204,314,326,322,257,216,215,202,399,368,393,372,74,48,351,44,44,267,151,308,280,362,323,400,42,78,32,230,301,149,95,259,145,395,402,382,91,116,213,203,,,300,293,,343,202,187,87,329,195,196,237,202,138,123,370,329,34,19,18,133,24,51,119,69,193,419,61,173,,385,,356,b'\x11\xe8\xe1I\xed\x00o\xe2\x9a\xbe\x12\xdf\x17\xaeN\x1e'
11E8E149-ED00-6FE2-9ABE-12DF17AE4E1E,2026-ncaa-d3-conf-Liberty League,genius_ncaa,1,1,3,1,3,7,6,5,6,6,7,6,4,4,7,2,9,9,10,9,10,7,7,5,8,6,7,3,10,3,1,4,4,3,2,4,3,3,3,2,10,10,3,2,,,6,9,,9,3,10,10,1,6,5,3,5,6,3,2,9,9,9,6,7,1,2,1,4,3,10,2,,6,,9,3,1,1,3,1,1,1,1,6,8,3,10,5,5,3,5,9,3,1,1,1,1,10,10,9,4,4,2,1,3,2,1,7,10,10,7,2,3,7,8,,,7,6,,8,3,1,4,3,3,1,1,4,1,1,7,10,5,5,5,3,1,5,3,4,2,10,2,9,,7,,8,b'\x11\xe8\xe1I\xed\x00o\xe2\x9a\xbe\x12\xdf\x17\xaeN\x1e'
11E8E149-ED00-6FE2-9ABE-12DF17AE4E1E,2026-ncaa-d3-natl,genius_ncaa,98,132,116,138,139,227,205,177,270,241,180,325,117,175,72,171,353,362,192,361,406,210,241,248,273,241,155,73,390,137,147,82,65,102,74,139,80,120,117,93,369,385,158,194,,,117,108,,234,187,265,405,113,312,264,222,301,223,130,212,397,406,407,317,372,155,56,82,178,65,403,197,,34,,222,188,157,156,229,47,114,216,14,312,256,348,282,90,80,239,84,31,203,155,85,57,165,337,387,75,155,65,231,147,204,74,218,313,362,385,363,137,132,226,215,,,273,307,,146,187,155,208,166,188,56,76,178,37,169,305,227,22,20,22,120,21,119,182,143,178,407,91,213,,363,,179,b'\x11\xe8\xe1I\xed\x00o\xe2\x9a\xbe\x12\xdf\x17\xaeN\x1e'
11E8E149-ED05-895A-9ABE-12DF17AE4E1E,2018-ncaa-d3-conf-NJAC,ncaa,8,8,7,8,7,8,8,9,7,9,8,7,7,8,5,7,8,8,4,8,9,9,9,7,7,7,7,6,9,9,7,5,2,6,3,7,2,6,9,5,10,9,9,5,,,4,5,,,9,9,9,2,8,8,9,9,7,7,8,8,8,8,9,9,7,3,5,6,7,10,8,,4,,,9,4,2,4,6,1,1,7,10,8,8,10,4,5,3,5,7,4,1,8,7,9,10,10,3,1,2,2,7,1,3,7,8,10,10,9,6,9,5,5,,,9,7,,,9,2,7,9,9,7,6,7,2,1,10,9,4,5,5,7,3,2,4,3,8,10,6,5,,8,,,b'\x11\xe8\xe1I\xed\x05\x89Z\x9a\xbe\x12\xdf\x17\xaeN\x1e'
11E8E149-ED05-895A-9ABE-12DF17AE4E1E,2018-ncaa-d3-natl,ncaa,320,349,197,335,240,318,281,353,182,225,265,193,349,368,273,335,356,361,287,365,365,359,285,216,237,333,372,334,344,279,220,117,141,177,132,210,86,401,417,323,400,412,152,124,,,124,141,,,301,270,282,192,355,296,394,231,260,353,370,376,384,386,408,298,289,52,135,191,400,419,148,,125,,,297,169,140,238,99,78,105,108,396,407,246,417,147,187,68,192,289,228,169,155,123,221,411,423,166,223,141,109,220,134,132,236,335,362,378,358,382,397,259,297,,,360,369,,,301,162,335,222,300,191,172,278,87,112,401,417,148,185,199,262,191,232,113,154,252,390,376,279,,388,,,b'\x11\xe8\xe1I\xed\x05\x89Z\x9a\xbe\x12\xdf\x17\xaeN\x1e'
11E8E149-ED05-895A-9ABE-12DF17AE4E1E,2019-ncaa-d3-conf-NJAC,ncaa,8,8,7,8,8,9,9,10,5,8,8,6,10,9,9,7,5,5,1,5,3,10,10,6,5,7,7,10,1,10,4,4,2,6,3,5,2,7,10,8,10,10,4,4,,,2,6,,,8,10,6,7,8,9,9,6,8,10,9,1,5,5,9,7,6,1,3,4,9,10,4,,5,,,8,5,4,7,4,1,3,4,10,9,9,10,3,3,3,3,5,7,2,5,4,7,9,10,5,3,2,1,4,2,3,6,6,10,10,10,9,10,2,3,,,6,3,,,8,1,8,7,8,5,6,10,3,5,10,10,3,3,4,9,2,5,2,3,6,10,9,4,,4,,,b'\x11\xe8\xe1I\xed\x05\x89Z\x9a\xbe\x12\xdf\x17\xaeN\x1e'
11E8E149-ED05-895A-9ABE-12DF17AE4E1E,2019-ncaa-d3-natl,ncaa,237,244,215,248,270,316,328,356,283,256,276,243,391,350,405,336,118,105,233,110,68,325,270,324,287,335,290,385,21,207,146,75,233,105,110,244,67,376,396,340,410,419,158,164,,,228,251,,,222,288,280,251,346,365,395,266,275,397,361,93,72,81,362,250,188,15,47,231,385,419,143,,253,,,220,82,75,263,15,52,222,11,252,308,142,289,174,273,18,286,271,279,195,25,17,72,368,363,267,361,233,108,146,210,110,85,179,358,386,246,373,381,86,112,,,149,78,,,222,145,332,112,228,100,83,312,63,249,265,325,188,281,290,325,233,365,113,232,111,376,369,91,,98,,,b'\x11\xe8\xe1I\xed\x05\x89Z\x9a\xbe\x12\xdf\x17\xaeN\x1e'
11E8E149-ED05-895A-9ABE-12DF17AE4E1E,2020-ncaa-d3-conf-NJAC,ncaa,9,9,7,9,7,8,9,10,3,9,8,6,5,8,4,7,6,10,2,10,9,10,10,4,4,5,6,5,3,10,10,4,7,8,9,6,6,3,8,6,10,10,8,7,,,6,8,,,8,8,6,1,7,9,10,8,6,5,8,4,8,8,10,10,10,4,8,6,6,9,8,,7,,,8,6,5,5,5,2,2,6,9,10,7,10,6,8,1,8,9,6,4,6,5,8,9,9,6,7,7,5,10,6,9,5,5,9,9,8,8,10,8,9,,,10,5,,,8,4,8,8,8,9,7,7,3,3,9,10,6,9,9,10,8,9,5,8,5,8,9,8,,9,,,b'\x11\xe8\xe1I\xed\x05\x89Z\x9a\xbe\x12\xdf\x17\xaeN\x1e'
11E8E149-ED05-895A-9ABE-12DF17AE4E1E,2020-ncaa-d3-natl,ncaa,263,275,198,276,207,256,249,313,184,191,208,188,334,358,243,338,185,175,237,177,207,297,266,206,200,250,322,346,144,377,396,46,175,166,245,285,329,295,339,323,329,361,286,271,,,293,271,,,208,198,165,31,258,253,317,168,183,339,355,172,163,164,300,242,389,7,116,296,317,337,288,,326,,,209,104,63,239,21,51,135,37,271,385,44,352,284,389,7,384,396,294,270,26,26,55,397,333,354,327,175,276,396,313,245,47,72,223,271,87,328,345,292,275,,,232,190,,,208,245,299,76,205,139,89,285,59,150,283,378,298,393,393,330,323,328,297,316,60,210,337,301,,208,,,b'\x11\xe8\xe1I\xed\x05\x89Z\x9a\xbe\x12\xdf\x17\xaeN\x1e'
11E8E149-ED05-895A-9ABE-12DF17AE4E1E,2022-ncaa-d3-conf-NJAC,ncaa,8,7,7,8,7,6,7,7,4,5,7,5,5,5,4,5,5,5,6,5,3,7,8,6,5,6,4,4,4,5,1,5,1,5,1,6,5,6,8,7,8,9,6,5,,,3,4,,,7,8,5,2,4,4,4,4,5,5,5,4,3,3,4,4,2,3,3,7,8,8,5,,4,,,7,5,6,3,8,5,4,7,6,3,9,5,5,5,5,5,5,2,3,7,8,8,7,7,6,1,1,2,1,2,1,5,5,8,9,7,3,4,4,6,,,5,3,,,7,3,6,7,7,7,8,6,8,7,5,5,5,5,5,6,4,4,2,2,6,8,4,7,,2,,,b'\x11\xe8\xe1I\xed\x05\x89Z\x9a\xbe\x12\xdf\x17\xaeN\x1e'
11E8E149-ED05-895A-9ABE-12DF17AE4E1E,2022-ncaa-d3-natl,ncaa,232,210,300,237,304,203,219,270,155,224,242,180,192,249,102,254,111,74,279,75,64,248,248,154,143,180,174,219,91,122,49,207,94,160,51,256,315,238,262,278,254,219,236,221,,,149,215,,,141,283,136,52,95,142,141,145,149,155,211,40,21,24,88,65,54,51,32,232,305,207,204,,235,,,136,105,107,105,182,139,140,169,96,97,176,134,215,230,154,223,272,110,115,168,174,182,185,143,290,90,94,94,49,92,51,123,171,242,199,177,81,107,159,178,,,158,103,,,141,129,154,153,150,202,197,207,225,264,132,134,283,301,300,230,245,148,174,157,183,186,150,211,,41,,,b'\x11\xe8\xe1I\xed\x05\x89Z\x9a\xbe\x12\xdf\x17\xaeN\x1e'
11E8E149-ED05-895A-9ABE-12DF17AE4E1E,2023-ncaa-d3-conf-NJAC,ncaa,5,5,5,5,5,6,6,5,6,5,4,5,6,6,8,5,3,3,7,3,2,5,5,6,7,7,6,8,4,7,8,4,5,5,8,7,6,3,5,7,3,3,6,7,,,3,2,,,6,5,6,3,5,5,5,5,5,6,6,3,3,3,5,5,7,4,6,7,4,4,7,,2,,,6,5,5,5,2,3,2,7,5,7,2,7,6,4,7,4,5,5,6,3,2,2,6,5,5,5,5,8,8,5,8,5,4,4,5,4,2,4,2,2,,,3,2,,,6,7,7,3,6,4,4,6,5,5,4,6,5,4,4,5,7,5,8,8,6,4,1,2,,2,,,b'\x11\xe8\xe1I\xed\x05\x89Z\x9a\xbe\x12\xdf\x17\xaeN\x1e'
11E8E149-ED05-895A-9ABE-12DF17AE4E1E,2023-ncaa-d3-natl,ncaa,132,171,63,160,71,136,136,101,191,101,87,171,268,213,338,304,72,46,285,46,140,90,84,228,231,223,313,346,110,140,225,54,263,82,234,166,254,277,188,224,45,65,192,253,,,254,116,,,112,76,174,89,187,183,176,121,133,321,281,99,69,72,149,170,183,88,131,225,203,57,233,,171,,,114,155,139,327,23,229,371,48,56,195,6,111,319,317,234,315,217,345,378,17,23,19,126,45,358,370,263,364,225,381,234,107,106,55,79,31,242,174,176,101,,,42,81,,,112,361,213,34,107,74,70,215,143,268,28,121,262,258,259,221,288,316,280,298,68,75,188,125,,70,,,b'\x11\xe8\xe1I\xed\x05\x89Z\x9a\xbe\x12\xdf\x17\xaeN\x1e'
11E8E149-ED05-895A-9ABE-12DF17AE4E1E,2024-ncaa-d3-conf-NJAC,ncaa,4,5,1,5,1,4,4,4,3,3,3,5,6,6,4,7,8,7,7,7,8,4,3,4,5,6,8,5,7,5,6,4,1,4,6,3,2,4,5,4,2,2,4,3,,,4,5,,,4,3,7,4,6,4,6,3,5,7,7,8,7,7,6,9,6,6,7,3,3,2,4,,3,,,4,6,3,2,2,3,1,4,5,7,3,8,10,8,10,9,10,3,5,3,6,2,8,6,10,1,1,9,6,5,6,1,1,3,2,1,6,6,3,2,,,3,2,,,4,7,5,2,4,3,2,1,2,1,5,6,9,7,7,1,3,1,6,3,1,4,5,2,,3,,,b'\x11\xe8\xe1I\xed\x05\x89Z\x9a\xbe\x12\xdf\x17\xaeN\x1e'
11E8E149-ED05-895A-9ABE-12DF17AE4E1E,2024-ncaa-d3-natl,ncaa,89,162,17,141,35,91,76,52,153,60,29,216,189,253,80,354,187,137,347,137,345,57,64,172,197,154,338,292,326,109,242,35,59,57,160,39,38,172,73,44,51,76,34,49,,,244,131,,,108,64,288,385,212,158,165,118,74,266,342,302,254,258,181,290,205,138,158,60,64,106,70,,93,,,122,243,186,315,68,180,292,64,232,289,151,215,347,318,342,316,262,328,353,69,92,72,313,232,345,194,59,406,242,363,160,102,56,74,119,47,95,34,209,68,,,54,127,,,108,368,152,61,113,60,50,72,60,115,131,143,240,196,193,77,100,77,279,184,32,169,32,120,,186,,,b'\x11\xe8\xe1I\xed\x05\x89Z\x9a\xbe\x12\xdf\x17\xaeN\x1e'
11E8E149-ED05-895A-9ABE-12DF17AE4E1E,2025-ncaa-d3-conf-NJAC,genius_ncaa,9,9,7,9,7,10,10,10,9,10,8,9,9,9,8,9,6,3,7,3,3,10,10,9,9,9,8,9,1,10,10,10,9,10,9,9,5,9,10,9,9,9,8,7,,,1,1,,5,10,9,7,3,10,10,10,10,8,9,9,5,3,3,10,9,10,6,10,9,9,9,7,,2,,6,10,8,6,6,8,2,1,6,10,10,10,10,1,1,10,1,7,6,4,10,10,10,10,10,1,8,9,1,10,2,9,10,10,9,8,10,10,10,1,2,,,3,1,,6,10,2,9,10,10,9,8,8,3,1,10,10,5,2,3,8,7,9,3,7,10,7,10,1,,2,,6,b'\x11\xe8\xe1I\xed\x05\x89Z\x9a\xbe\x12\xdf\x17\xaeN\x1e'
11E8E149-ED05-895A-9ABE-12DF17AE4E1E,2025-ncaa-d3-natl,genius_ncaa,370,400,192,385,237,387,393,388,386,360,247,399,407,411,375,412,202,130,356,123,81,376,305,399,390,401,316,405,4,350,339,238,305,299,305,375,151,411,411,399,363,385,334,324,,,128,115,,220,398,266,239,148,404,410,419,383,254,410,415,183,96,90,415,320,366,229,329,388,399,382,344,,128,,235,387,289,262,272,202,99,107,163,411,398,384,399,136,115,268,119,179,246,214,287,266,280,402,412,98,303,305,153,339,226,305,394,411,253,288,376,400,399,37,42,,,106,26,,190,398,173,403,312,389,301,270,301,108,115,407,393,137,115,119,276,252,308,166,232,375,272,384,34,,66,,190,b'\x11\xe8\xe1I\xed\x05\x89Z\x9a\xbe\x12\xdf\x17\xaeN\x1e'
11E8E149-ED05-895A-9ABE-12DF17AE4E1E,2026-ncaa-d3-conf-NJAC,genius_ncaa,9,9,1,9,2,10,10,9,10,10,8,10,8,7,7,6,7,5,6,5,5,9,8,10,10,10,4,5,1,9,9,7,9,8,9,8,4,8,9,8,1,2,2,2,,,2,1,,3,8,6,5,2,10,10,9,10,8,8,7,7,5,5,9,8,9,7,8,8,8,1,2,,2,,3,8,6,6,6,7,7,5,8,4,7,1,8,3,3,7,3,4,6,8,5,5,3,3,4,3,8,9,9,9,9,9,6,5,1,1,2,10,10,4,5,,,4,3,,3,8,7,10,6,8,6,6,6,7,5,4,7,3,3,3,6,8,8,9,9,6,1,10,4,,4,,3,b'\x11\xe8\xe1I\xed\x05\x89Z\x9a\xbe\x12\xdf\x17\xaeN\x1e'
11E8E149-ED05-895A-9ABE-12DF17AE4E1E,2026-ncaa-d3-natl,genius_ncaa,157,329,8,257,21,156,148,70,334,141,41,362,170,175,223,318,108,49,364,48,181,60,41,338,346,347,210,241,163,73,269,40,224,49,272,89,78,383,323,293,19,48,76,148,,,349,158,,75,200,36,266,113,363,357,341,329,216,309,335,286,205,198,325,279,231,224,248,270,280,52,171,,142,,45,207,266,244,330,50,271,344,78,162,278,48,126,348,348,252,354,245,337,384,34,51,14,179,95,344,361,224,393,269,383,272,198,122,13,29,9,382,330,320,219,,,16,60,,10,200,382,343,26,203,21,26,57,67,105,35,63,197,168,174,55,156,212,295,264,38,37,302,225,,103,,41,b'\x11\xe8\xe1I\xed\x05\x89Z\x9a\xbe\x12\xdf\x17\xaeN\x1e'
11E8E149-ED0B-2D74-9ABE-12DF17AE4E1E,2018-ncaa-d3-conf-ODAC,ncaa,11,11,7,11,11,11,11,12,9,7,6,9,11,11,8,10,11,11,10,11,11,12,10,10,10,11,10,9,11,11,11,6,5,11,8,12,9,11,12,12,9,9,12,12,,,6,8,,,11,9,7,11,11,11,11,7,5,11,11,11,11,11,12,10,11,4,10,11,12,9,12,,8,,,11,5,6,5,9,6,4,10,8,9,6,9,8,7,11,7,8,4,5,10,9,10,8,8,8,3,5,5,11,5,8,9,10,8,8,11,10,11,7,9,,,11,11,,,11,4,11,9,11,9,7,5,6,6,8,9,8,8,8,7,6,7,6,6,10,8,11,8,,11,,,b'\x11\xe8\xe1I\xed\x0b-t\x9a\xbe\x12\xdf\x17\xaeN\x1e'
11E8E149-ED0B-2D74-9ABE-12DF17AE4E1E,2018-ncaa-d3-natl,ncaa,364,349,363,371,386,384,348,398,204,263,270,270,405,425,215,421,410,418,312,419,423,407,398,270,293,352,429,398,369,408,334,299,177,371,216,364,343,302,407,383,408,401,412,409,,,179,324,,,366,392,241,430,380,314,402,178,131,414,429,413,407,411,416,358,393,148,301,352,378,408,412,,301,,,367,129,128,84,260,187,115,318,96,147,97,193,248,250,248,252,320,94,63,252,261,327,166,115,313,117,177,50,334,56,216,208,311,391,365,374,202,318,195,211,,,411,351,,,366,67,366,310,358,271,269,246,303,258,168,221,354,360,362,284,209,211,135,159,312,366,284,265,,393,,,b'\x11\xe8\xe1I\xed\x0b-t\x9a\xbe\x12\xdf\x17\xaeN\x1e'
11E8E149-ED0B-2D74-9ABE-12DF17AE4E1E,2019-ncaa-d3-conf-ODAC,ncaa,11,11,11,11,12,11,11,9,12,11,10,12,11,11,10,8,11,12,9,12,12,10,11,12,12,11,8,6,9,10,10,13,13,11,12,11,11,3,8,11,5,4,12,12,,,2,2,,,11,11,6,12,11,11,7,11,5,10,8,10,11,11,8,7,8,13,11,11,7,4,12,,3,,,11,7,7,5,13,6,1,13,13,13,7,13,4,2,13,2,5,2,5,13,13,11,10,13,5,11,13,9,10,9,12,12,12,5,4,10,3,7,5,8,,,13,13,,,11,3,11,11,11,12,11,10,9,3,13,13,5,4,4,8,10,12,13,13,12,5,5,8,,12,,,b'\x11\xe8\xe1I\xed\x0b-t\x9a\xbe\x12\xdf\x17\xaeN\x1e'
11E8E149-ED0B-2D74-9ABE-12DF17AE4E1E,2019-ncaa-d3-natl,ncaa,375,399,215,386,276,310,293,248,338,259,186,350,298,294,299,292,282,304,186,300,332,262,245,347,343,339,272,267,218,306,367,299,391,315,401,361,388,274,298,365,142,150,409,411,,,162,120,,,369,207,147,274,337,322,205,270,156,314,293,283,307,301,235,194,305,315,337,386,290,122,416,,181,,,363,321,329,282,302,297,181,363,332,371,178,364,221,163,402,162,190,253,282,310,321,280,235,279,161,395,391,358,367,383,401,362,346,143,164,271,236,250,314,280,,,312,332,,,369,226,360,329,366,324,328,325,298,204,331,381,240,177,175,302,340,392,372,389,357,126,246,318,,323,,,b'\x11\xe8\xe1I\xed\x0b-t\x9a\xbe\x12\xdf\x17\xaeN\x1e'
11E8E149-ED0B-2D74-9ABE-12DF17AE4E1E,2020-ncaa-d3-conf-ODAC,ncaa,13,13,11,13,11,13,13,13,13,12,10,13,11,9,12,7,13,13,13,13,13,13,13,13,13,13,7,6,13,9,9,13,13,12,10,12,8,8,12,12,7,6,13,13,,,4,7,,,12,13,12,1,13,13,11,12,10,10,8,13,13,13,12,11,7,13,12,12,11,5,13,,5,,,12,2,2,1,11,5,1,13,1,5,1,10,6,5,11,5,8,1,1,10,11,9,3,3,7,8,13,6,9,8,10,8,13,8,4,10,2,8,3,6,,,13,13,,,12,1,13,10,13,8,8,5,9,3,4,8,8,8,8,4,4,9,9,8,11,5,5,3,,13,,,b'\x11\xe8\xe1I\xed\x0b-t\x9a\xbe\x12\xdf\x17\xaeN\x1e'
11E8E149-ED0B-2D74-9ABE-12DF17AE4E1E,2020-ncaa-d3-natl,ncaa,367,345,372,368,374,406,394,386,388,374,338,385,391,366,391,285,422,414,411,412,393,394,399,395,409,400,344,281,367,327,307,387,291,373,335,367,208,198,348,352,264,168,365,332,,,87,230,,,354,404,368,52,414,390,342,360,244,370,327,426,408,405,377,340,243,333,313,357,304,192,338,,170,,,355,40,60,29,286,131,55,359,25,68,16,194,135,141,145,131,276,31,36,241,236,222,73,50,265,128,291,184,307,151,335,167,311,301,178,258,103,222,106,166,,,422,399,,,354,33,400,246,362,157,192,108,265,138,46,137,226,251,240,117,111,236,331,296,251,214,176,154,,421,,,b'\x11\xe8\xe1I\xed\x0b-t\x9a\xbe\x12\xdf\x17\xaeN\x1e'
11E8E149-ED0B-2D74-9ABE-12DF17AE4E1E,2021-ncaa-d3-conf-ODAC,ncaa,9,8,6,9,6,8,8,8,10,8,8,10,6,5,5,5,6,6,11,6,3,8,7,10,10,10,2,4,6,7,8,8,11,8,10,8,8,7,10,11,6,6,8,9,,,4,4,,,10,7,11,1,10,10,11,11,11,7,7,10,8,7,11,11,7,10,11,10,9,6,10,,3,,,9,5,5,5,6,6,4,7,5,7,3,8,4,4,6,4,4,5,5,6,6,4,5,7,5,9,11,7,8,8,10,7,11,5,5,9,7,10,3,5,,,7,5,,,10,5,10,8,10,5,5,7,5,3,6,8,3,3,3,5,5,11,8,9,8,5,10,2,,8,,,b'\x11\xe8\xe1I\xed\x0b-t\x9a\xbe\x12\xdf\x17\xaeN\x1e'
11E8E149-ED0B-2D74-9ABE-12DF17AE4E1E,2021-ncaa-d3-natl,ncaa,176,214,146,210,152,192,194,182,251,207,186,264,137,145,105,105,179,157,264,154,85,185,173,237,244,256,28,40,128,184,241,176,236,182,247,190,174,159,247,251,141,140,204,233,,,114,85,,,245,167,238,28,263,268,264,275,252,133,160,227,176,175,261,243,232,226,239,253,207,148,236,,76,,,233,124,129,125,153,126,118,179,140,144,118,212,118,115,164,117,104,124,124,163,145,147,133,182,93,170,236,149,241,152,247,169,253,153,137,199,172,240,82,85,,,168,162,,,245,117,255,178,236,124,142,128,136,98,174,189,88,83,87,118,109,214,206,214,210,146,216,38,,212,,,b'\x11\xe8\xe1I\xed\x0b-t\x9a\xbe\x12\xdf\x17\xaeN\x1e'
11E8E149-ED0B-2D74-9ABE-12DF17AE4E1E,2022-ncaa-d3-conf-ODAC,ncaa,6,5,10,5,11,8,9,9,8,9,9,10,6,8,5,7,7,6,11,6,5,10,10,8,9,7,4,4,6,4,1,10,7,8,5,6,4,2,5,5,2,1,8,7,,,1,4,,,6,11,11,9,6,6,6,8,7,5,6,6,3,3,6,7,1,10,6,6,5,1,8,,3,,,5,1,1,2,7,2,2,9,2,1,2,6,1,1,6,2,4,1,2,7,6,2,4,4,4,2,7,1,1,1,5,6,11,5,1,6,1,2,4,8,,,8,5,,,6,2,6,2,5,2,3,1,6,1,3,3,2,2,2,1,2,5,4,4,7,3,2,6,,6,,,b'\x11\xe8\xe1I\xed\x0b-t\x9a\xbe\x12\xdf\x17\xaeN\x1e'
11E8E149-ED0B-2D74-9ABE-12DF17AE4E1E,2022-ncaa-d3-natl,ncaa,147,55,376,95,383,344,352,362,278,362,362,313,214,247,139,152,315,278,374,283,115,358,383,257,268,230,98,114,179,140,15,382,197,328,98,281,99,32,115,142,154,22,303,235,,,51,229,,,115,401,380,290,240,267,203,310,261,118,141,202,109,121,181,254,14,347,141,184,115,51,282,,148,,,94,11,12,14,105,20,22,159,11,23,6,171,38,56,35,58,302,14,24,72,64,29,107,55,286,37,197,31,15,26,98,34,350,246,34,84,25,95,73,175,,,348,152,,,115,30,165,33,81,16,23,15,76,47,18,63,108,176,186,11,48,124,128,125,134,92,86,160,,174,,,b'\x11\xe8\xe1I\xed\x0b-t\x9a\xbe\x12\xdf\x17\xaeN\x1e'
11E8E149-ED0B-2D74-9ABE-12DF17AE4E1E,2023-ncaa-d3-conf-ODAC,ncaa,5,5,3,5,3,6,7,8,7,7,7,7,7,9,5,8,1,5,1,5,5,7,8,5,4,5,7,9,4,6,6,9,6,6,6,5,3,8,8,5,2,2,10,10,,,4,9,,,5,9,12,4,7,7,10,7,9,7,10,3,7,8,10,11,7,12,9,5,6,2,10,,5,,,5,2,3,2,6,3,2,8,8,8,6,11,5,6,1,6,11,2,2,7,8,6,9,11,6,3,6,5,6,3,6,6,12,2,2,6,2,2,5,5,,,3,2,,,5,4,5,5,5,2,4,2,4,2,6,7,4,4,4,2,2,2,2,2,6,3,2,4,,4,,,b'\x11\xe8\xe1I\xed\x0b-t\x9a\xbe\x12\xdf\x17\xaeN\x1e'
11E8E149-ED0B-2D74-9ABE-12DF17AE4E1E,2023-ncaa-d3-natl,ncaa,107,62,271,78,331,263,275,346,162,261,319,172,241,281,174,239,128,159,105,162,65,327,336,162,129,180,169,238,62,191,83,380,194,340,156,216,88,185,278,217,90,36,387,331,,,185,336,,,102,362,355,413,230,269,344,248,307,229,265,71,94,102,321,314,146,420,332,176,246,57,391,,239,,,95,26,20,19,164,23,18,270,77,128,55,336,161,225,42,225,406,23,49,170,176,60,319,236,350,66,194,46,83,39,156,86,339,94,19,48,100,158,91,159,,,163,25,,,102,63,154,56,92,28,26,4,28,8,103,171,204,265,271,9,58,102,59,58,127,53,135,106,,71,,,b'\x11\xe8\xe1I\xed\x0b-t\x9a\xbe\x12\xdf\x17\xaeN\x1e'
11E8E149-ED0B-2D74-9ABE-12DF17AE4E1E,2024-ncaa-d3-conf-ODAC,ncaa,8,8,3,8,5,7,8,7,9,8,7,9,7,6,11,6,4,6,1,6,6,7,8,9,9,9,5,8,3,7,7,7,9,7,7,8,10,5,6,8,2,2,9,7,,,7,8,,,8,7,11,8,9,11,11,10,11,9,6,5,7,7,11,10,6,10,8,9,5,3,9,,8,,,8,4,3,6,5,3,4,5,10,11,6,12,8,7,9,7,10,6,7,5,5,5,12,13,7,10,9,8,7,9,7,8,12,4,4,9,4,3,5,6,,,7,7,,,8,6,9,6,8,4,4,2,3,1,11,10,8,7,7,3,3,9,7,8,7,4,3,5,,9,,,b'\x11\xe8\xe1I\xed\x0b-t\x9a\xbe\x12\xdf\x17\xaeN\x1e'
11E8E149-ED0B-2D74-9ABE-12DF17AE4E1E,2024-ncaa-d3-natl,ncaa,227,162,375,192,379,364,376,375,352,352,362,332,337,299,363,206,213,283,33,294,138,375,388,355,324,309,143,263,40,227,130,382,314,345,244,374,321,84,244,316,156,55,343,255,,,89,283,,,202,398,362,108,313,351,286,322,267,287,222,91,172,183,272,293,111,315,209,353,218,65,312,,230,,,203,19,14,22,73,12,17,69,149,128,238,372,107,94,264,88,345,22,32,102,124,60,408,388,328,146,314,48,130,68,244,59,351,206,51,85,43,134,106,228,,,347,170,,,202,29,271,102,202,59,33,52,18,30,271,282,220,206,200,53,119,276,223,258,157,78,111,188,,222,,,b'\x11\xe8\xe1I\xed\x0b-t\x9a\xbe\x12\xdf\x17\xaeN\x1e'
11E8E149-ED0B-2D74-9ABE-12DF17AE4E1E,2025-ncaa-d3-conf-ODAC,genius_ncaa,8,7,5,8,5,7,7,5,10,7,9,10,3,5,2,5,13,10,12,10,10,5,8,10,10,8,5,3,13,7,9,11,11,10,9,10,10,1,4,5,2,2,9,8,,,4,6,,7,7,8,10,5,8,8,7,9,9,3,6,13,11,11,7,10,8,13,12,10,3,3,9,,6,,8,7,5,6,4,11,5,3,9,11,8,12,13,2,2,5,2,4,2,5,11,11,7,8,11,1,10,11,9,9,9,9,10,10,3,3,6,2,3,1,1,,,12,12,,13,7,6,7,7,7,6,6,4,5,4,12,10,2,2,2,4,5,8,8,9,9,3,3,1,,13,,13,b'\x11\xe8\xe1I\xed\x0b-t\x9a\xbe\x12\xdf\x17\xaeN\x1e'
11E8E149-ED0B-2D74-9ABE-12DF17AE4E1E,2025-ncaa-d3-natl,genius_ncaa,250,242,290,256,327,322,315,301,304,341,331,314,150,146,180,85,360,322,380,324,214,309,345,273,306,272,88,45,334,220,173,389,327,356,296,355,362,74,158,275,88,49,278,217,,,114,187,,236,216,362,327,258,316,303,232,345,327,110,107,366,316,316,268,319,177,410,358,355,124,68,259,,156,,272,216,37,56,37,195,68,44,247,113,151,119,301,59,73,122,80,201,33,74,199,165,90,193,254,148,166,327,120,173,123,296,100,216,115,55,86,80,157,34,76,,,369,336,,368,216,67,264,107,200,77,99,68,104,58,163,203,77,95,99,55,125,199,199,194,139,75,117,36,,371,,372,b'\x11\xe8\xe1I\xed\x0b-t\x9a\xbe\x12\xdf\x17\xaeN\x1e'
11E8E149-ED0B-2D74-9ABE-12DF17AE4E1E,2026-ncaa-d3-conf-ODAC,genius_ncaa,8,7,3,8,7,12,10,12,6,7,12,3,11,10,10,6,12,10,12,10,8,12,12,8,10,11,12,9,11,12,12,12,11,12,12,12,11,8,12,12,7,5,11,11,,,7,12,,11,11,10,12,5,12,10,12,7,12,11,9,12,10,10,12,12,12,12,12,12,10,6,11,,9,,11,11,5,2,1,9,3,1,10,3,2,2,6,10,9,10,8,12,1,2,8,12,8,10,2,12,3,11,4,12,5,12,6,9,5,2,5,9,12,1,7,,,11,11,,4,11,1,12,8,12,6,2,1,3,1,3,3,11,11,10,1,2,4,6,6,7,3,11,3,,11,,3,b'\x11\xe8\xe1I\xed\x0b-t\x9a\xbe\x12\xdf\x17\xaeN\x1e'
11E8E149-ED0B-2D74-9ABE-12DF17AE4E1E,2026-ncaa-d3-natl,genius_ncaa,225,200,215,240,246,334,319,290,299,284,250,295,316,297,310,278,349,313,358,311,306,304,255,318,336,366,320,275,283,235,211,282,284,278,266,316,270,339,388,362,107,67,261,201,,,282,369,,156,264,249,136,96,350,312,283,253,197,318,298,365,302,293,312,131,180,247,234,310,388,64,252,,377,,190,267,115,51,93,23,52,69,98,100,195,30,307,384,365,380,358,413,124,159,28,142,74,399,136,416,201,284,172,211,183,266,99,327,118,50,49,302,345,55,53,,,273,290,,169,264,151,366,95,282,123,18,66,34,40,103,277,407,399,397,151,255,265,250,263,112,47,350,52,,251,,165,b'\x11\xe8\xe1I\xed\x0b-t\x9a\xbe\x12\xdf\x17\xaeN\x1e'
11E8E149-ED0F-AD68-9ABE-12DF17AE4E1E,2018-ncaa-d3-conf-ODAC,ncaa,1,1,1,1,2,2,2,1,3,1,1,4,8,9,10,11,1,1,11,1,1,1,1,7,7,7,9,11,1,1,1,1,2,1,1,2,6,9,5,6,2,4,1,1,,,7,2,,,2,1,1,3,3,2,2,2,1,9,10,1,1,1,1,1,1,1,1,2,8,3,1,,5,,,2,8,9,12,4,10,11,8,2,7,2,4,5,5,6,5,2,12,12,2,1,3,2,3,4,7,2,7,1,6,1,10,6,4,6,5,11,7,10,2,,,1,1,,,2,12,4,3,2,4,6,11,9,10,2,6,4,4,4,8,11,5,3,4,8,5,9,7,,1,,,b'\x11\xe8\xe1I\xed\x0f\xadh\x9a\xbe\x12\xdf\x17\xaeN\x1e'
11E8E149-ED0F-AD68-9ABE-12DF17AE4E1E,2018-ncaa-d3-natl,ncaa,52,49,68,54,84,64,81,59,178,28,20,197,379,368,361,422,5,1,374,1,22,27,29,254,233,195,370,427,15,7,6,34,51,7,12,113,244,289,103,167,127,157,12,35,,,186,81,,,84,76,128,153,63,90,69,24,20,403,398,4,1,1,23,36,9,34,5,137,205,160,14,,87,,,87,276,353,388,199,404,420,200,52,112,35,44,159,140,252,147,41,367,340,127,101,157,15,24,112,143,51,240,6,200,12,302,163,160,245,232,342,199,436,333,,,8,39,,,84,367,92,117,90,166,255,301,345,384,25,54,100,92,95,243,244,90,156,111,219,240,286,424,,2,,,b'\x11\xe8\xe1I\xed\x0f\xadh\x9a\xbe\x12\xdf\x17\xaeN\x1e'
11E8E149-ED0F-AD68-9ABE-12DF17AE4E1E,2019-ncaa-d3-conf-ODAC,ncaa,4,4,4,4,4,5,7,3,10,2,1,10,12,9,13,11,1,1,11,1,1,1,1,10,10,10,9,12,1,1,2,9,10,1,7,7,5,6,3,7,1,1,3,4,,,7,5,,,4,3,3,1,5,7,3,4,1,12,11,1,1,1,1,1,1,9,2,7,5,1,2,,9,,,5,9,11,10,9,11,10,7,7,2,13,2,2,4,4,4,2,9,12,9,7,3,3,5,2,8,10,12,2,11,7,11,9,1,1,2,5,1,10,6,,,1,1,,,4,11,8,3,5,4,8,8,10,10,6,1,2,2,2,5,12,10,9,9,9,1,4,10,,1,,,b'\x11\xe8\xe1I\xed\x0f\xadh\x9a\xbe\x12\xdf\x17\xaeN\x1e'
11E8E149-ED0F-AD68-9ABE-12DF17AE4E1E,2019-ncaa-d3-natl,ncaa,101,104,67,108,70,77,111,57,227,59,35,222,328,284,370,374,7,2,300,2,31,35,35,285,250,203,311,400,10,22,41,196,288,66,150,150,271,276,105,190,24,25,43,75,,,331,205,,,115,64,129,34,88,151,78,57,45,367,344,1,2,2,30,42,25,312,81,179,203,22,45,,250,,,119,304,358,309,308,386,404,200,135,49,412,21,181,182,223,192,84,305,385,270,247,119,56,91,134,312,288,342,41,342,150,343,254,28,35,92,246,119,324,169,,,15,65,,,115,380,137,123,120,188,263,184,312,361,89,20,139,133,139,154,316,256,249,247,273,25,185,277,,14,,,b'\x11\xe8\xe1I\xed\x0f\xadh\x9a\xbe\x12\xdf\x17\xaeN\x1e'
11E8E149-ED0F-AD68-9ABE-12DF17AE4E1E,2020-ncaa-d3-conf-ODAC,ncaa,1,3,2,3,2,1,1,1,7,1,1,7,10,12,3,13,2,1,8,1,7,1,1,7,7,7,12,12,5,1,1,1,3,1,1,1,4,12,5,2,1,2,1,1,,,10,5,,,2,1,3,6,4,2,2,1,1,11,12,4,2,2,2,2,2,3,1,2,9,2,1,,7,,,2,8,10,12,3,10,12,5,8,11,5,8,5,4,13,4,4,12,13,4,4,2,5,7,4,6,3,9,1,7,1,12,10,2,3,6,12,7,6,1,,,3,9,,,2,13,3,1,2,3,4,7,5,7,7,7,3,2,2,6,7,3,6,5,7,3,11,3,,4,,,b'\x11\xe8\xe1I\xed\x0f\xadh\x9a\xbe\x12\xdf\x17\xaeN\x1e'
11E8E149-ED0F-AD68-9ABE-12DF17AE4E1E,2020-ncaa-d3-natl,ncaa,79,136,7,117,17,35,34,18,139,10,5,221,330,380,135,431,27,12,256,12,271,12,7,204,194,211,403,417,125,11,26,26,43,7,29,36,151,412,251,193,22,40,15,31,,,390,211,,,98,15,108,227,99,84,86,24,11,384,419,64,38,39,51,44,26,103,25,91,321,48,26,,247,,,104,370,374,412,170,379,410,163,247,278,186,132,279,237,387,241,96,410,422,150,151,116,126,156,194,196,43,338,26,302,29,357,262,36,98,142,392,250,354,128,,,45,301,,,98,424,163,80,109,156,198,212,223,268,133,128,164,108,110,185,243,79,133,100,226,99,308,270,,164,,,b'\x11\xe8\xe1I\xed\x0f\xadh\x9a\xbe\x12\xdf\x17\xaeN\x1e'
11E8E149-ED0F-AD68-9ABE-12DF17AE4E1E,2021-ncaa-d3-conf-ODAC,ncaa,7,1,11,1,11,11,11,11,7,11,11,8,10,11,8,7,11,11,1,11,7,11,11,8,6,3,6,6,3,9,1,10,2,10,1,10,1,1,1,1,11,7,9,5,,,1,8,,,5,11,9,6,4,4,2,4,3,4,4,1,4,4,2,4,1,2,1,1,1,7,4,,7,,,3,1,1,1,4,1,1,2,2,2,9,2,1,1,7,1,5,1,1,4,2,7,4,5,7,1,2,1,1,1,1,1,3,11,10,7,1,1,2,7,,,11,10,,,5,1,1,6,2,3,4,6,4,9,3,3,5,5,6,7,2,4,2,2,3,11,1,7,,10,,,b'\x11\xe8\xe1I\xed\x0f\xadh\x9a\xbe\x12\xdf\x17\xaeN\x1e'
11E8E149-ED0F-AD68-9ABE-12DF17AE4E1E,2021-ncaa-d3-natl,ncaa,128,1,232,1,234,226,229,229,151,227,231,163,216,229,127,144,213,230,6,230,166,230,237,150,116,57,104,146,67,210,17,228,5,222,11,207,16,30,7,5,240,157,213,119,,,45,163,,,85,241,217,110,54,82,32,87,56,91,97,33,107,113,35,111,12,23,8,19,8,179,119,,104,,,49,45,42,46,94,43,45,64,46,47,209,86,54,50,245,53,146,47,45,95,111,144,165,141,193,28,5,47,17,42,11,42,65,246,201,142,27,2,46,66,,,239,234,,,85,46,20,104,42,90,82,79,89,136,103,67,152,119,138,78,31,14,90,45,62,235,2,87,,223,,,b'\x11\xe8\xe1I\xed\x0f\xadh\x9a\xbe\x12\xdf\x17\xaeN\x1e'
11E8E149-ED0F-AD68-9ABE-12DF17AE4E1E,2022-ncaa-d3-conf-ODAC,ncaa,1,1,2,1,3,5,3,2,5,4,2,5,2,2,4,6,9,8,8,8,11,3,5,4,5,3,8,5,11,2,3,4,1,2,1,2,2,3,2,2,11,9,6,8,,,8,9,,,2,8,12,6,4,4,3,4,5,3,5,11,12,11,5,9,3,4,3,2,1,12,7,,4,,,2,3,3,6,3,8,9,5,1,3,1,2,6,8,9,8,5,6,4,1,1,3,2,1,11,1,1,7,3,2,1,1,3,11,9,8,4,4,11,9,,,11,11,,,2,5,2,1,2,1,2,2,5,6,1,2,5,6,6,2,1,1,2,1,1,12,3,7,,12,,,b'\x11\xe8\xe1I\xed\x0f\xadh\x9a\xbe\x12\xdf\x17\xaeN\x1e'
11E8E149-ED0F-AD68-9ABE-12DF17AE4E1E,2022-ncaa-d3-natl,ncaa,76,79,107,84,127,139,136,170,129,151,184,152,99,155,75,192,242,223,251,221,242,182,225,111,133,110,197,151,314,76,51,108,13,89,27,87,72,92,79,47,291,288,240,260,,,195,274,,,117,270,413,87,165,155,219,184,239,122,192,272,266,264,234,341,96,125,91,84,60,346,267,,135,,,120,155,169,154,219,279,259,241,23,62,21,45,267,248,309,247,224,160,125,155,168,241,36,12,315,29,13,166,51,99,27,81,62,328,325,229,224,218,286,265,,,317,366,,,117,164,68,168,104,86,108,53,217,186,10,24,233,212,214,56,13,13,96,41,53,389,195,258,,398,,,b'\x11\xe8\xe1I\xed\x0f\xadh\x9a\xbe\x12\xdf\x17\xaeN\x1e'
11E8E149-ED0F-AD68-9ABE-12DF17AE4E1E,2023-ncaa-d3-conf-ODAC,ncaa,2,2,6,2,8,8,6,10,4,6,9,4,6,6,6,5,13,13,12,13,12,11,11,4,5,6,9,4,13,5,3,4,1,4,2,3,2,1,3,2,5,3,6,5,,,8,12,,,4,13,13,5,8,6,9,6,8,5,6,13,12,12,9,13,4,4,4,2,2,5,5,,10,,,4,1,1,1,4,1,3,4,1,1,5,3,6,5,12,5,8,1,1,4,4,4,8,3,12,1,1,3,3,1,2,2,5,8,5,4,3,6,2,3,,,12,10,,,4,1,4,1,3,1,1,1,2,3,1,1,7,5,5,1,1,1,5,1,3,7,3,2,,13,,,b'\x11\xe8\xe1I\xed\x0f\xadh\x9a\xbe\x12\xdf\x17\xaeN\x1e'
11E8E149-ED0F-AD68-9ABE-12DF17AE4E1E,2023-ncaa-d3-natl,ncaa,67,62,109,71,162,221,181,239,116,179,229,101,180,198,193,190,344,298,393,294,273,249,277,121,177,186,301,196,397,128,62,195,29,168,34,120,91,155,196,118,178,124,118,86,,,263,373,,,125,312,407,288,274,209,318,196,296,208,225,385,340,338,341,377,138,251,202,126,134,211,128,,229,,,127,61,38,62,84,48,93,68,110,110,187,192,269,209,398,214,300,72,81,84,133,120,322,211,376,28,29,80,62,44,34,52,141,220,151,103,244,273,91,102,,,309,314,,,125,124,145,87,110,34,23,17,34,52,90,73,236,183,182,22,11,17,45,21,44,273,221,66,,383,,,b'\x11\xe8\xe1I\xed\x0f\xadh\x9a\xbe\x12\xdf\x17\xaeN\x1e'
11E8E149-ED0F-AD68-9ABE-12DF17AE4E1E,2024-ncaa-d3-conf-ODAC,ncaa,4,3,7,4,7,8,7,9,7,7,9,7,6,7,7,3,11,12,10,12,11,10,10,7,7,7,8,4,13,4,3,6,5,5,4,7,7,2,4,6,11,6,6,6,,,4,7,,,5,11,12,1,7,7,7,6,8,5,5,11,12,12,10,9,4,5,4,7,2,10,6,,5,,,5,1,1,1,4,1,2,4,4,4,3,7,5,4,7,4,7,2,2,4,4,4,8,6,10,2,5,3,3,2,4,1,3,9,5,1,2,2,2,4,,,12,9,,,5,3,7,4,4,2,1,1,4,3,3,6,6,6,5,2,2,3,5,5,1,8,2,4,,11,,,b'\x11\xe8\xe1I\xed\x0f\xadh\x9a\xbe\x12\xdf\x17\xaeN\x1e'
11E8E149-ED0F-AD68-9ABE-12DF17AE4E1E,2024-ncaa-d3-natl,ncaa,110,115,112,119,112,240,221,197,237,251,226,263,148,150,150,143,347,320,380,315,316,219,243,224,257,240,180,112,369,130,148,139,128,131,145,222,216,177,199,206,241,211,197,174,,,185,245,,,144,288,404,2,290,258,239,280,269,167,179,383,358,352,283,328,138,159,131,243,154,265,215,,158,,,144,61,59,110,63,63,129,70,110,161,82,234,152,172,111,162,226,112,134,57,55,47,273,224,284,165,128,281,148,225,145,31,38,172,124,40,99,114,120,132,,,246,257,,,144,137,227,53,142,32,30,59,46,79,89,135,126,153,141,50,63,136,230,182,24,196,89,100,,310,,,b'\x11\xe8\xe1I\xed\x0f\xadh\x9a\xbe\x12\xdf\x17\xaeN\x1e'
11E8E149-ED0F-AD68-9ABE-12DF17AE4E1E,2025-ncaa-d3-conf-ODAC,genius_ncaa,1,1,1,1,1,2,2,2,2,3,4,1,3,2,6,7,4,3,4,3,6,2,3,1,1,1,9,8,10,3,4,3,1,2,2,1,1,4,3,1,3,5,1,1,,,7,5,,5,2,3,11,1,4,4,6,5,8,6,7,4,5,5,5,8,3,5,4,2,1,6,1,,2,,3,2,3,3,9,5,3,6,5,10,11,9,12,4,5,7,5,9,9,10,5,5,5,10,10,6,1,1,7,4,3,2,3,5,2,4,2,3,2,10,7,,,3,10,,6,2,11,2,2,2,2,3,1,3,1,7,3,4,3,4,1,1,1,3,1,3,6,1,8,,9,,7,b'\x11\xe8\xe1I\xed\x0f\xadh\x9a\xbe\x12\xdf\x17\xaeN\x1e'
11E8E149-ED0F-AD68-9ABE-12DF17AE4E1E,2025-ncaa-d3-natl,genius_ncaa,3,4,3,4,3,53,47,28,148,48,57,103,106,59,263,169,112,80,269,81,217,26,40,157,176,128,261,215,295,23,55,33,9,20,24,47,117,196,64,55,102,142,11,5,,,285,184,,388,60,56,411,37,202,180,212,166,244,221,171,274,250,258,226,346,82,236,142,127,39,243,23,,69,,338,73,242,237,324,101,149,228,85,360,362,265,337,193,195,208,198,181,309,350,147,129,92,344,365,164,56,9,348,55,241,24,36,7,69,88,21,120,40,300,192,,,79,243,,72,60,375,94,58,62,24,28,17,20,18,193,167,44,47,48,12,9,11,82,28,11,202,26,166,,318,,135,b'\x11\xe8\xe1I\xed\x0f\xadh\x9a\xbe\x12\xdf\x17\xaeN\x1e'
11E8E149-ED0F-AD68-9ABE-12DF17AE4E1E,2026-ncaa-d3-conf-ODAC,genius_ncaa,2,1,3,1,7,9,8,8,7,8,10,6,3,3,5,2,9,11,1,11,11,11,9,5,6,6,4,2,9,9,10,3,1,6,4,6,4,4,9,5,11,9,4,3,,,4,7,,6,1,10,9,5,9,7,7,8,10,3,2,9,11,11,11,8,9,3,5,5,6,11,4,,5,,8,1,1,1,2,1,1,2,1,1,5,1,11,6,4,5,4,9,2,1,1,1,1,8,6,10,2,1,5,10,4,4,1,5,6,3,1,3,4,8,10,,,8,6,,6,1,2,7,1,1,1,1,2,1,2,1,7,6,4,4,2,1,2,7,5,2,4,3,8,,8,,5,b'\x11\xe8\xe1I\xed\x0f\xadh\x9a\xbe\x12\xdf\x17\xaeN\x1e'
11E8E149-ED0F-AD68-9ABE-12DF17AE4E1E,2026-ncaa-d3-natl,genius_ncaa,54,68,116,75,139,192,176,162,226,156,156,215,199,189,247,210,202,263,51,260,330,175,224,236,226,161,256,236,238,109,112,187,68,148,108,169,210,80,40,73,168,109,261,232,,,263,357,,387,83,252,397,113,240,212,185,184,177,231,225,238,316,304,224,353,121,224,173,211,23,195,295,,241,,386,93,115,71,114,33,64,117,35,132,136,157,191,312,268,367,258,357,136,145,46,120,95,368,200,403,101,68,231,112,175,108,74,155,185,103,56,70,44,260,243,,,219,210,,76,83,163,123,77,81,18,10,13,17,35,80,67,310,244,236,17,16,55,182,104,24,221,27,253,,284,,93,b'\x11\xe8\xe1I\xed\x0f\xadh\x9a\xbe\x12\xdf\x17\xaeN\x1e'
11E8E149-ED14-660A-9ABE-12DF17AE4E1E,2018-ncaa-d3-conf-SCIAC,ncaa,4,4,3,4,3,5,5,8,2,5,5,2,5,6,2,6,1,2,3,2,1,6,6,3,2,2,3,6,1,6,5,2,2,3,2,4,3,5,6,4,8,8,8,8,,,3,3,,,4,6,9,2,5,9,9,6,7,6,7,1,1,1,9,9,7,3,5,5,4,9,8,,2,,,4,4,6,6,3,5,4,6,3,7,2,7,2,3,5,2,3,5,2,4,4,6,4,6,4,1,2,2,5,2,2,6,4,9,9,7,3,4,1,3,,,1,1,,,4,4,4,4,3,3,5,5,5,4,5,6,2,2,2,5,2,2,2,2,3,9,2,2,,2,,,b'\x11\xe8\xe1I\xed\x14f\n\x9a\xbe\x12\xdf\x17\xaeN\x1e'
11E8E149-ED14-660A-9ABE-12DF17AE4E1E,2018-ncaa-d3-natl,ncaa,243,138,412,201,413,364,372,424,133,339,395,178,389,413,143,366,213,258,105,259,73,422,432,162,119,116,255,349,34,403,169,370,87,395,77,358,231,18,169,175,433,427,367,341,,,24,148,,,206,431,424,14,243,283,409,217,265,338,387,52,87,87,375,415,310,121,222,270,86,433,344,,67,,,203,14,30,27,181,65,39,261,28,86,20,250,47,34,353,30,94,20,12,148,153,301,91,119,160,22,87,12,169,11,77,21,62,437,437,373,16,117,28,81,,,345,10,,,206,14,140,278,190,155,200,228,254,234,112,233,122,97,85,185,40,98,43,53,104,444,69,74,,96,,,b'\x11\xe8\xe1I\xed\x14f\n\x9a\xbe\x12\xdf\x17\xaeN\x1e'
11E8E149-ED14-660A-9ABE-12DF17AE4E1E,2019-ncaa-d3-conf-SCIAC,ncaa,4,4,3,4,3,5,5,6,4,5,4,8,6,8,2,7,6,7,3,7,8,6,7,4,4,4,5,5,3,7,8,3,3,5,5,4,7,2,3,4,8,8,3,6,,,3,4,,,4,6,9,2,6,5,8,6,5,6,7,7,7,7,8,9,7,4,7,7,2,8,4,,3,,,4,6,6,7,3,5,7,3,4,2,7,2,2,3,5,3,2,7,5,3,3,6,4,4,3,4,3,5,8,5,5,2,2,8,8,6,2,3,6,5,,,6,2,,,4,4,4,7,4,5,5,5,5,7,4,1,3,3,3,4,3,5,6,5,1,8,2,6,,7,,,b'\x11\xe8\xe1I\xed\x14f\n\x9a\xbe\x12\xdf\x17\xaeN\x1e'
11E8E149-ED14-660A-9ABE-12DF17AE4E1E,2019-ncaa-d3-natl,ncaa,237,244,215,248,219,269,251,303,188,209,160,289,293,380,40,371,279,315,102,321,372,312,376,214,209,136,313,289,260,390,397,179,161,290,278,300,352,16,29,111,415,415,167,193,,,115,183,,,239,357,412,21,283,246,317,197,131,311,387,278,337,345,343,426,405,121,300,324,16,421,149,,119,,,239,168,213,227,204,248,319,138,150,102,335,88,129,102,314,113,78,185,95,181,170,300,108,167,138,185,161,240,397,214,278,46,19,414,421,310,17,40,215,191,,,342,235,,,239,95,173,310,226,194,250,276,274,350,165,103,141,115,127,245,79,197,261,238,67,428,23,231,,370,,,b'\x11\xe8\xe1I\xed\x14f\n\x9a\xbe\x12\xdf\x17\xaeN\x1e'
11E8E149-ED14-660A-9ABE-12DF17AE4E1E,2020-ncaa-d3-conf-SCIAC,ncaa,1,1,1,1,2,2,1,5,2,1,2,3,7,8,4,8,2,2,3,2,5,4,4,4,3,2,7,8,2,4,4,1,1,3,2,3,4,3,5,2,9,9,6,6,,,2,2,,,2,4,9,6,6,5,8,1,6,7,8,4,4,5,8,8,6,1,4,5,1,9,7,,2,,,2,2,3,8,1,3,8,2,2,3,1,4,2,3,1,3,3,7,3,1,1,2,2,2,4,3,1,2,4,3,2,1,1,9,9,4,2,3,2,1,,,1,1,,,2,5,2,2,1,1,3,3,3,4,1,2,2,2,2,3,1,2,2,2,1,9,1,2,,2,,,b'\x11\xe8\xe1I\xed\x14f\n\x9a\xbe\x12\xdf\x17\xaeN\x1e'
11E8E149-ED14-660A-9ABE-12DF17AE4E1E,2020-ncaa-d3-natl,ncaa,36,63,7,61,13,90,100,122,118,70,58,183,207,303,76,363,41,51,106,53,182,108,145,147,117,66,270,322,98,207,247,15,166,59,140,146,266,76,41,67,407,427,149,229,,,274,183,,,122,117,418,220,215,238,360,171,194,294,370,109,140,143,334,414,335,65,188,234,11,430,210,,110,,,133,280,280,415,53,328,427,60,130,221,46,81,345,345,215,351,166,420,358,32,36,153,129,80,307,362,166,294,247,338,140,42,6,374,422,212,48,35,213,132,,,14,2,,,122,335,82,197,117,89,99,219,155,313,43,79,220,218,224,210,66,242,92,138,12,430,15,130,,50,,,b'\x11\xe8\xe1I\xed\x14f\n\x9a\xbe\x12\xdf\x17\xaeN\x1e'
11E8E149-ED14-660A-9ABE-12DF17AE4E1E,2021-ncaa-d3-conf-SCIAC,ncaa,2,2,1,2,1,2,2,2,2,2,2,1,2,2,2,2,1,1,1,1,1,2,2,2,2,2,2,2,1,2,2,1,2,1,1,2,1,2,2,2,2,2,2,2,,,1,1,,,2,2,2,1,2,2,2,2,2,2,2,1,1,1,2,2,2,1,1,2,2,2,2,,1,,,2,2,2,2,2,2,2,1,2,2,2,2,1,1,1,1,1,2,2,2,2,2,2,2,1,2,2,1,2,1,1,2,1,2,2,2,2,2,2,2,,,1,1,,,2,2,2,2,2,2,2,2,2,2,2,2,1,1,1,2,2,2,1,1,2,2,2,2,,1,,,b'\x11\xe8\xe1I\xed\x14f\n\x9a\xbe\x12\xdf\x17\xaeN\x1e'
11E8E149-ED14-660A-9ABE-12DF17AE4E1E,2021-ncaa-d3-natl,ncaa,251,58,256,251,259,268,269,271,153,267,269,125,276,276,269,243,253,258,3,261,115,271,272,196,122,138,215,275,8,272,225,267,127,267,141,268,219,23,154,192,278,274,283,284,,,16,41,,,159,270,281,110,235,251,276,177,218,275,268,41,140,156,277,283,266,186,244,243,53,279,284,,13,,,213,23,21,17,142,21,22,51,27,15,279,35,26,22,262,20,96,16,16,156,186,261,202,178,196,16,127,14,225,15,141,12,13,281,281,254,26,198,16,26,,,254,3,,,159,16,155,258,218,145,124,112,113,198,177,36,191,143,119,110,7,94,29,38,29,284,113,17,,27,,,b'\x11\xe8\xe1I\xed\x14f\n\x9a\xbe\x12\xdf\x17\xaeN\x1e'
11E8E149-ED14-660A-9ABE-12DF17AE4E1E,2022-ncaa-d3-conf-SCIAC,ncaa,1,1,4,1,4,1,3,5,1,2,4,1,4,6,1,7,1,2,4,2,4,5,6,1,1,1,6,7,4,5,2,1,1,2,1,3,5,3,4,3,9,9,1,3,,,1,1,,,1,6,7,3,1,1,7,2,4,5,7,2,3,3,6,7,7,1,2,3,2,9,2,,1,,,1,3,3,8,2,5,8,1,5,5,4,3,1,1,7,1,1,8,5,1,1,4,3,5,1,3,1,1,2,2,1,4,2,8,9,9,4,5,4,5,,,3,2,,,1,5,1,3,1,4,5,8,6,8,5,5,1,1,1,7,4,2,1,1,2,9,4,5,,4,,,b'\x11\xe8\xe1I\xed\x14f\n\x9a\xbe\x12\xdf\x17\xaeN\x1e'
11E8E149-ED14-660A-9ABE-12DF17AE4E1E,2022-ncaa-d3-natl,ncaa,76,21,300,36,303,141,142,316,10,115,233,23,240,346,35,328,124,163,96,170,150,291,353,20,17,6,290,301,172,355,193,244,50,303,36,199,301,13,14,20,418,424,100,136,,,19,14,,,93,345,318,51,34,39,231,32,129,208,323,55,78,79,199,356,356,118,248,125,8,427,69,,6,,,73,113,175,196,164,218,312,95,105,57,341,47,54,31,404,31,10,141,71,149,129,281,61,158,63,41,50,18,193,19,36,105,86,416,422,400,31,80,96,107,,,257,75,,,93,93,13,250,63,213,278,347,306,400,147,67,72,25,27,301,100,68,7,10,165,427,49,125,,143,,,b'\x11\xe8\xe1I\xed\x14f\n\x9a\xbe\x12\xdf\x17\xaeN\x1e'
11E8E149-ED14-660A-9ABE-12DF17AE4E1E,2023-ncaa-d3-conf-SCIAC,ncaa,2,2,1,2,2,2,2,3,1,2,2,3,7,7,1,9,1,1,1,1,1,2,2,2,1,1,6,8,1,3,2,2,3,3,2,1,2,8,5,4,9,9,1,2,,,3,1,,,2,2,5,4,2,3,6,3,4,7,8,1,1,1,4,3,3,3,3,3,8,9,1,,1,,,2,9,9,9,4,9,9,3,3,3,2,1,4,5,3,4,1,9,9,1,1,3,1,1,3,5,3,2,2,2,2,3,1,8,9,4,8,6,2,1,,,1,1,,,2,8,2,2,2,3,6,9,7,9,2,1,2,4,3,9,6,2,1,1,1,9,7,2,,1,,,b'\x11\xe8\xe1I\xed\x14f\n\x9a\xbe\x12\xdf\x17\xaeN\x1e'
11E8E149-ED14-660A-9ABE-12DF17AE4E1E,2023-ncaa-d3-natl,ncaa,67,85,63,81,68,73,110,160,83,77,55,195,255,375,10,400,6,9,39,9,57,107,110,114,63,65,241,369,13,152,97,122,151,127,76,96,164,198,136,127,381,408,18,59,,,143,71,,,163,106,239,45,90,154,278,97,76,312,401,5,11,10,177,228,198,212,214,128,140,413,16,,62,,,171,375,404,393,326,416,421,253,95,61,290,9,179,195,144,196,40,392,328,267,230,319,9,31,72,206,151,97,97,122,76,233,30,331,392,328,222,178,176,77,,,18,7,,,163,341,71,300,159,282,342,328,390,406,57,28,105,120,124,306,198,144,33,51,168,395,161,125,,13,,,b'\x11\xe8\xe1I\xed\x14f\n\x9a\xbe\x12\xdf\x17\xaeN\x1e'
11E8E149-ED14-660A-9ABE-12DF17AE4E1E,2024-ncaa-d3-conf-SCIAC,ncaa,4,5,3,5,3,4,5,5,5,4,4,5,9,9,9,8,2,2,2,2,3,4,3,8,4,8,7,9,1,6,6,3,3,3,3,3,1,9,9,9,8,9,7,9,,,1,1,,,6,3,4,1,5,8,9,4,4,9,9,2,2,2,6,4,6,1,5,3,9,9,8,,1,,,6,4,9,8,3,7,8,2,9,9,6,7,1,1,1,1,1,7,7,3,3,3,4,8,1,7,3,3,6,4,3,9,9,7,9,9,9,9,4,3,,,2,2,,,6,7,8,3,6,4,9,9,6,8,9,8,1,1,1,8,7,3,2,2,9,8,9,4,,2,,,b'\x11\xe8\xe1I\xed\x14f\n\x9a\xbe\x12\xdf\x17\xaeN\x1e'
11E8E149-ED14-660A-9ABE-12DF17AE4E1E,2024-ncaa-d3-natl,ncaa,227,139,392,187,392,331,344,398,145,269,299,194,409,416,262,414,94,160,39,162,72,387,395,211,143,178,330,414,14,368,173,341,67,359,74,272,72,87,277,204,399,364,386,380,,,7,3,,,215,396,255,11,207,240,343,117,90,393,418,12,18,17,257,243,295,106,185,158,255,378,366,,1,,,216,43,115,65,272,125,107,192,186,87,394,236,6,5,154,5,3,36,26,280,197,303,64,365,5,21,67,14,173,11,74,310,408,405,378,406,190,329,66,95,,,226,15,,,215,30,201,259,220,222,343,352,310,356,349,264,2,2,2,260,156,94,31,42,391,384,316,156,,16,,,b'\x11\xe8\xe1I\xed\x14f\n\x9a\xbe\x12\xdf\x17\xaeN\x1e'
11E8E149-ED14-660A-9ABE-12DF17AE4E1E,2025-ncaa-d3-conf-SCIAC,genius_ncaa,5,4,3,5,3,3,3,3,4,3,3,5,6,6,5,5,3,2,8,2,4,3,3,4,4,3,7,8,5,5,6,5,3,4,6,3,3,1,1,2,5,5,5,6,,,3,2,,3,3,3,2,1,2,2,3,2,3,5,5,3,2,1,2,2,5,5,3,2,1,4,5,,2,,3,3,6,8,8,8,7,9,3,7,3,9,2,1,1,1,2,1,6,7,8,7,7,3,7,1,3,3,9,6,7,6,9,8,3,4,8,1,1,5,4,,,1,1,,9,3,7,3,5,3,6,8,8,7,8,6,2,1,1,1,6,7,3,9,8,9,3,1,6,,1,,9,b'\x11\xe8\xe1I\xed\x14f\n\x9a\xbe\x12\xdf\x17\xaeN\x1e'
11E8E149-ED14-660A-9ABE-12DF17AE4E1E,2025-ncaa-d3-natl,genius_ncaa,217,184,290,207,292,189,164,178,168,155,132,220,224,274,99,298,243,209,291,206,276,180,265,182,201,129,276,235,285,147,182,242,127,203,198,107,81,20,28,30,257,219,190,219,,,79,119,,43,172,301,236,43,115,91,64,88,54,189,246,204,161,154,64,149,98,154,115,62,44,231,173,,99,,49,169,156,238,152,299,253,261,184,202,51,413,69,51,51,214,52,39,112,88,296,264,284,99,226,58,96,127,262,182,181,198,358,390,326,298,377,18,29,227,178,,,209,158,,417,172,104,115,266,176,247,302,256,295,342,246,82,68,67,68,210,160,128,321,258,364,305,43,270,,136,,417,b'\x11\xe8\xe1I\xed\x14f\n\x9a\xbe\x12\xdf\x17\xaeN\x1e'
11E8E149-ED14-660A-9ABE-12DF17AE4E1E,2026-ncaa-d3-conf-SCIAC,genius_ncaa,3,1,7,1,7,7,7,7,4,7,7,1,8,8,7,7,4,6,1,6,3,7,7,4,3,4,5,7,1,7,2,7,1,7,2,6,3,1,5,4,5,2,8,8,,,2,7,,1,3,7,1,3,2,2,2,1,2,7,5,1,1,1,2,2,2,5,3,1,7,2,8,,7,,1,2,1,1,1,6,1,2,4,1,1,4,1,2,2,7,2,5,1,2,5,5,2,2,1,7,1,1,2,2,1,2,1,2,5,1,2,1,6,1,1,,,4,2,,6,3,2,4,2,2,2,2,1,4,6,1,1,6,5,5,1,6,1,5,1,2,1,7,1,,1,,6,b'\x11\xe8\xe1I\xed\x14f\n\x9a\xbe\x12\xdf\x17\xaeN\x1e'
11E8E149-ED14-660A-9ABE-12DF17AE4E1E,2026-ncaa-d3-natl,genius_ncaa,157,21,379,59,382,352,357,381,129,358,382,144,282,351,101,195,273,366,2,367,229,381,394,123,68,23,139,195,111,381,274,379,2,383,107,263,18,8,13,5,369,162,377,356,,,19,127,,1,76,392,307,113,58,105,129,131,160,119,167,46,192,213,139,320,260,152,199,23,12,230,341,,54,,1,30,16,24,19,276,54,52,219,4,7,45,3,17,13,203,13,33,18,18,163,158,118,3,1,152,7,2,44,274,20,107,8,7,373,105,35,21,109,117,277,,,350,34,,406,76,24,36,60,25,50,122,44,284,295,1,2,63,54,50,31,30,4,268,79,14,199,95,299,,69,,406,b'\x11\xe8\xe1I\xed\x14f\n\x9a\xbe\x12\xdf\x17\xaeN\x1e'
11E8E149-ED18-C4FC-9ABE-12DF17AE4E1E,2018-ncaa-d3-conf-Great Northeast,ncaa,4,3,5,4,8,5,6,11,3,5,7,4,8,11,4,8,4,5,4,5,4,10,11,4,4,4,7,9,5,5,2,4,5,5,2,4,5,6,9,5,9,10,5,3,,,3,5,,,3,12,11,5,5,6,13,4,8,8,11,3,4,4,10,10,5,2,4,3,8,10,5,,2,,,3,2,3,9,3,3,5,3,9,11,3,11,1,1,9,1,2,6,5,2,2,3,10,10,3,7,5,1,2,3,2,1,4,11,11,7,8,7,9,9,,,5,5,,,3,2,4,5,3,2,4,8,4,4,8,12,2,2,2,4,3,7,2,2,3,12,7,9,,6,,,b'\x11\xe8\xe1I\xed\x18\xc4\xfc\x9a\xbe\x12\xdf\x17\xaeN\x1e'
11E8E149-ED18-C4FC-9ABE-12DF17AE4E1E,2018-ncaa-d3-natl,ncaa,151,172,123,165,155,161,172,270,69,157,247,66,210,261,115,249,123,154,101,153,130,251,209,79,64,119,236,258,157,249,162,45,107,103,62,121,95,333,334,202,369,402,158,170,,,109,76,,,182,191,268,179,174,184,356,160,298,218,287,126,167,167,337,286,281,20,88,114,300,412,176,,66,,,183,254,297,387,122,168,237,124,424,432,244,429,57,54,185,53,42,342,257,170,114,247,347,431,31,250,107,90,162,131,62,223,139,378,418,366,311,306,353,375,,,182,171,,,182,247,150,239,184,206,246,355,141,192,417,431,37,36,36,306,188,215,55,101,207,423,287,346,,216,,,b'\x11\xe8\xe1I\xed\x18\xc4\xfc\x9a\xbe\x12\xdf\x17\xaeN\x1e'
11E8E149-ED18-C4FC-9ABE-12DF17AE4E1E,2019-ncaa-d3-conf-Great Northeast,ncaa,5,5,5,5,8,8,9,10,9,9,8,7,10,9,9,10,1,1,4,1,1,8,7,10,9,10,6,10,1,4,4,3,1,4,3,8,4,10,10,8,10,12,6,6,,,6,7,,,6,8,9,10,9,13,12,11,9,11,9,1,2,2,9,9,7,2,3,9,11,11,6,,5,,,6,3,4,6,4,4,6,5,4,8,1,8,3,4,7,4,6,6,5,4,3,5,6,6,7,2,1,6,4,4,3,1,3,9,10,7,10,10,8,7,,,3,1,,,6,6,9,5,6,5,6,5,5,5,4,7,5,4,5,5,5,3,7,5,3,10,8,7,,2,,,b'\x11\xe8\xe1I\xed\x18\xc4\xfc\x9a\xbe\x12\xdf\x17\xaeN\x1e'
11E8E149-ED18-C4FC-9ABE-12DF17AE4E1E,2019-ncaa-d3-natl,ncaa,237,274,129,262,199,280,317,287,337,286,214,352,308,309,291,309,106,97,212,87,87,253,181,345,318,347,187,304,24,188,216,87,99,109,131,268,143,383,372,351,343,378,240,278,,,143,116,,,343,176,209,347,351,377,372,341,264,338,348,108,101,95,330,229,217,71,94,304,357,377,260,,114,,,337,297,335,343,234,294,299,216,360,336,284,303,129,96,359,105,80,317,251,246,220,282,217,325,90,192,99,268,216,238,131,265,142,304,348,317,371,355,223,235,,,84,50,,,343,274,348,254,333,250,291,319,261,266,323,317,113,88,93,271,193,155,230,192,229,351,343,197,,73,,,b'\x11\xe8\xe1I\xed\x18\xc4\xfc\x9a\xbe\x12\xdf\x17\xaeN\x1e'
11E8E149-ED18-C4FC-9ABE-12DF17AE4E1E,2020-ncaa-d3-conf-Great Northeast,ncaa,3,3,3,3,4,5,6,4,9,6,3,8,3,3,7,5,5,5,8,5,5,4,5,9,9,7,5,4,5,2,2,5,3,4,2,4,2,5,4,4,4,3,8,7,,,9,8,,,4,5,12,9,7,8,5,8,8,6,3,7,7,7,5,8,2,9,3,4,4,6,8,,6,,,4,1,1,5,1,1,5,1,2,6,2,7,8,5,11,5,8,4,7,1,1,2,9,6,12,2,3,7,2,3,2,1,3,2,2,2,7,7,6,7,,,7,8,,,4,8,6,2,3,1,1,1,1,1,2,3,6,3,3,1,1,3,4,4,1,3,9,6,,11,,,b'\x11\xe8\xe1I\xed\x18\xc4\xfc\x9a\xbe\x12\xdf\x17\xaeN\x1e'
11E8E149-ED18-C4FC-9ABE-12DF17AE4E1E,2020-ncaa-d3-natl,ncaa,170,198,126,190,173,268,271,173,342,247,189,305,278,176,390,202,194,156,305,158,196,175,185,350,347,316,237,269,140,87,133,169,117,122,149,143,17,177,158,134,192,175,231,212,,,288,348,,,165,249,325,303,315,327,206,293,224,296,198,217,182,185,201,236,95,187,122,141,153,221,249,,278,,,167,53,43,97,61,47,105,55,188,179,209,265,181,219,95,206,291,95,143,75,78,52,352,305,304,136,117,318,133,255,149,116,271,128,82,83,142,122,259,245,,,194,198,,,165,171,287,45,173,32,30,51,32,63,172,159,165,195,187,50,87,117,275,214,107,145,120,244,,213,,,b'\x11\xe8\xe1I\xed\x18\xc4\xfc\x9a\xbe\x12\xdf\x17\xaeN\x1e'
11E8E149-ED18-C4FC-9ABE-12DF17AE4E1E,2022-ncaa-d3-conf-Great Northeast,ncaa,4,4,11,4,12,9,9,9,6,8,9,7,8,9,5,9,9,11,7,11,9,10,11,5,5,5,7,6,5,3,1,10,3,8,2,10,8,2,5,6,8,4,8,2,,,1,5,,,5,12,13,9,5,6,7,8,4,6,7,7,8,8,7,8,1,9,2,6,4,6,4,,2,,,5,1,1,1,6,2,1,5,4,2,9,8,1,1,3,1,5,1,1,6,6,6,8,11,3,1,3,2,1,1,2,2,8,11,6,6,3,6,8,9,,,11,4,,,5,2,5,5,4,5,5,1,3,3,6,4,2,3,3,1,1,2,3,2,5,7,6,11,,7,,,b'\x11\xe8\xe1I\xed\x18\xc4\xfc\x9a\xbe\x12\xdf\x17\xaeN\x1e'
11E8E149-ED18-C4FC-9ABE-12DF17AE4E1E,2022-ncaa-d3-natl,ncaa,168,129,300,153,314,303,293,299,286,279,261,300,272,269,259,232,272,273,229,283,233,296,306,294,290,288,221,231,165,122,47,302,133,232,95,285,243,177,268,283,210,131,146,109,,,55,82,,,214,335,287,138,271,273,199,248,182,253,229,211,190,212,210,169,54,223,109,266,269,158,104,,62,,,214,67,116,83,243,149,116,238,96,82,210,152,41,59,29,58,96,71,83,223,180,179,90,175,71,67,133,93,47,80,95,178,251,265,186,236,196,234,254,287,,,253,148,,,214,96,249,151,207,144,205,159,234,232,132,115,54,95,98,137,131,117,168,151,237,214,252,309,,134,,,b'\x11\xe8\xe1I\xed\x18\xc4\xfc\x9a\xbe\x12\xdf\x17\xaeN\x1e'
11E8E149-ED18-C4FC-9ABE-12DF17AE4E1E,2023-ncaa-d3-conf-Great Northeast,ncaa,4,4,5,4,7,6,5,5,5,4,5,6,7,7,8,8,6,7,7,5,9,5,4,6,6,6,9,8,7,2,3,4,5,2,3,7,10,8,7,7,5,4,4,4,,,9,7,,,5,7,7,10,6,5,7,5,5,8,8,7,5,4,6,3,3,4,2,6,6,5,4,,8,,,5,5,5,7,7,6,8,5,5,4,8,5,6,7,3,7,6,6,7,6,6,6,7,8,6,5,5,6,3,4,3,9,10,5,5,7,9,8,8,7,,,10,10,,,5,8,6,5,5,4,6,6,8,7,5,5,7,8,8,4,5,4,5,4,9,6,8,7,,10,,,b'\x11\xe8\xe1I\xed\x18\xc4\xfc\x9a\xbe\x12\xdf\x17\xaeN\x1e'
11E8E149-ED18-C4FC-9ABE-12DF17AE4E1E,2023-ncaa-d3-natl,ncaa,210,223,185,220,212,188,195,167,230,159,131,219,268,242,297,298,153,122,269,113,182,154,107,255,251,284,297,315,145,78,78,187,187,135,132,220,265,368,316,309,70,70,137,168,,,251,217,,,221,128,102,160,177,172,120,129,92,282,258,133,98,94,108,55,65,167,88,226,354,61,135,,274,,,221,239,261,219,262,294,291,219,148,117,263,92,259,261,204,258,197,219,274,232,241,182,128,121,226,215,187,192,78,197,132,360,379,104,102,230,369,324,220,169,,,209,303,,,221,278,266,165,223,255,261,246,300,300,152,109,258,263,264,239,297,210,209,207,336,90,356,217,,188,,,b'\x11\xe8\xe1I\xed\x18\xc4\xfc\x9a\xbe\x12\xdf\x17\xaeN\x1e'
11E8E149-ED18-C4FC-9ABE-12DF17AE4E1E,2024-ncaa-d3-conf-Great Northeast,ncaa,6,6,3,6,3,6,7,6,10,4,3,12,10,10,5,12,4,6,4,5,10,6,4,10,10,7,11,12,4,5,9,5,8,6,8,6,12,7,6,7,1,2,9,10,,,11,8,,,7,4,6,2,7,8,6,4,3,10,10,4,5,4,5,3,5,8,7,9,6,2,9,,7,,,7,10,12,7,11,12,9,12,8,7,8,8,10,9,3,9,10,7,12,11,9,6,6,8,7,8,8,14,9,13,8,12,11,1,1,6,10,9,12,7,,,7,13,,,7,12,8,5,7,5,7,3,7,4,7,7,7,8,8,2,8,5,12,10,12,1,9,11,,10,,,b'\x11\xe8\xe1I\xed\x18\xc4\xfc\x9a\xbe\x12\xdf\x17\xaeN\x1e'
11E8E149-ED18-C4FC-9ABE-12DF17AE4E1E,2024-ncaa-d3-natl,ncaa,227,297,63,262,72,121,121,57,240,82,31,265,264,246,307,352,64,72,127,67,268,54,31,278,263,283,328,348,118,71,199,113,305,90,279,151,252,388,297,292,25,39,312,361,,,392,249,,,241,23,24,131,153,156,61,89,43,313,300,86,114,108,54,23,87,181,118,188,348,22,340,,357,,,239,388,380,364,311,374,366,304,274,261,258,146,365,381,147,381,284,384,404,294,295,176,163,133,252,373,305,406,199,405,279,391,335,23,50,143,392,314,217,77,,,89,309,,,241,403,282,189,243,331,321,297,330,306,212,188,321,340,339,312,387,328,359,356,345,22,359,177,,147,,,b'\x11\xe8\xe1I\xed\x18\xc4\xfc\x9a\xbe\x12\xdf\x17\xaeN\x1e'
11E8E149-ED18-C4FC-9ABE-12DF17AE4E1E,2025-ncaa-d3-conf-Great Northeast,genius_ncaa,10,10,7,10,10,7,7,7,10,7,4,11,9,7,11,11,5,5,7,5,7,8,7,11,10,9,10,11,2,7,11,11,13,10,13,7,2,6,7,6,9,10,7,8,,,6,4,,4,11,8,4,13,8,10,4,8,4,10,9,5,5,5,4,3,7,13,11,7,7,9,6,,6,,4,11,11,12,9,12,14,12,11,7,4,11,2,13,13,12,13,10,9,9,10,11,11,5,3,9,13,13,11,11,12,13,12,5,4,7,9,10,9,15,14,,,5,7,,6,11,8,9,13,11,13,12,13,13,13,8,5,13,13,13,13,13,13,13,13,11,4,10,15,,5,,6,b'\x11\xe8\xe1I\xed\x18\xc4\xfc\x9a\xbe\x12\xdf\x17\xaeN\x1e'
11E8E149-ED18-C4FC-9ABE-12DF17AE4E1E,2025-ncaa-d3-natl,genius_ncaa,326,334,290,335,340,246,262,191,321,253,184,328,245,212,287,232,149,181,130,182,193,185,175,327,307,288,171,228,95,235,309,371,397,337,390,194,74,228,224,217,192,233,310,338,,,214,166,,122,345,160,51,387,198,228,79,216,103,226,165,96,115,113,69,65,194,391,324,137,271,149,300,,286,,138,345,380,383,261,388,395,327,373,180,108,323,63,352,336,290,327,259,292,304,369,384,347,84,63,232,371,397,350,309,375,390,376,303,121,166,293,286,278,395,381,,,162,173,,190,345,255,298,374,343,388,382,350,394,379,224,160,382,371,366,372,382,373,380,389,370,82,314,403,,85,,169,b'\x11\xe8\xe1I\xed\x18\xc4\xfc\x9a\xbe\x12\xdf\x17\xaeN\x1e'
11E8E149-ED18-C4FC-9ABE-12DF17AE4E1E,2026-ncaa-d3-natl,genius_ncaa,288,268,215,305,249,271,295,263,291,327,307,306,139,162,159,91,241,227,263,236,131,271,261,258,257,270,59,69,186,325,369,326,333,339,378,271,170,241,292,286,116,100,334,339,,,210,247,,45,337,233,60,113,244,275,196,325,298,100,93,183,186,200,204,150,319,342,355,235,296,70,332,,312,,64,344,270,276,172,387,288,174,390,237,194,303,219,261,238,278,245,301,182,195,389,389,349,172,171,216,228,333,249,369,248,378,365,388,158,131,321,312,359,320,394,,,165,66,,146,337,193,294,345,330,370,361,261,364,240,296,273,333,321,334,288,337,291,362,347,392,80,361,373,,59,,131,b'\x11\xe8\xe1I\xed\x18\xc4\xfc\x9a\xbe\x12\xdf\x17\xaeN\x1e'
11E8E149-ED1D-7D6C-9ABE-12DF17AE4E1E,2018-ncaa-d3-conf-Liberty League,ncaa,7,7,7,7,7,8,8,8,9,7,4,9,9,10,6,10,6,5,9,5,6,7,6,9,9,9,9,10,3,5,4,6,6,6,5,8,10,8,8,8,4,3,3,3,,,6,7,,,7,6,5,1,8,8,7,7,1,9,10,3,3,2,5,3,1,6,3,8,8,3,3,,7,,,7,2,2,1,4,3,1,7,3,5,2,6,6,6,5,6,9,2,4,4,4,5,5,6,8,2,6,5,4,3,5,3,5,4,3,5,8,8,6,6,,,3,3,,,7,4,8,5,7,4,4,5,5,3,4,5,8,8,8,6,6,6,6,5,4,3,8,6,,2,,,b'\x11\xe8\xe1I\xed\x1d}l\x9a\xbe\x12\xdf\x17\xaeN\x1e'
11E8E149-ED1D-7D6C-9ABE-12DF17AE4E1E,2018-ncaa-d3-natl,ncaa,262,251,305,267,309,333,318,323,300,250,157,350,379,403,183,401,300,291,289,287,340,324,301,337,335,344,362,362,200,165,109,238,49,206,75,399,435,276,332,404,174,119,258,204,,,115,228,,,209,339,294,53,337,300,253,215,80,380,410,285,258,254,262,207,110,130,97,409,332,147,243,,158,,,208,41,43,63,81,37,55,107,168,216,116,336,112,81,383,85,204,59,71,94,96,92,312,312,254,32,49,121,109,61,75,86,279,214,135,141,135,187,107,78,,,265,204,,,209,100,318,72,211,76,78,111,65,90,209,266,145,102,106,93,91,54,186,108,141,176,184,127,,200,,,b'\x11\xe8\xe1I\xed\x1d}l\x9a\xbe\x12\xdf\x17\xaeN\x1e'
11E8E149-ED1D-7D6C-9ABE-12DF17AE4E1E,2019-ncaa-d3-conf-Liberty League,ncaa,7,6,7,7,8,7,8,8,8,7,6,8,9,9,7,9,5,4,7,4,3,8,8,8,8,8,7,8,2,3,3,6,5,4,5,9,9,6,8,9,8,4,5,5,,,5,6,,,6,9,7,4,7,8,7,7,3,9,9,3,2,2,5,5,2,4,3,9,7,4,5,,6,,,6,2,3,2,5,3,2,7,5,6,3,7,3,3,4,3,4,2,2,5,4,5,6,6,5,3,5,5,3,4,5,3,4,8,6,7,6,7,1,2,,,5,2,,,6,2,8,6,6,4,5,6,6,4,6,8,4,4,4,5,2,6,7,7,4,6,6,2,,1,,,b'\x11\xe8\xe1I\xed\x1d}l\x9a\xbe\x12\xdf\x17\xaeN\x1e'
11E8E149-ED1D-7D6C-9ABE-12DF17AE4E1E,2019-ncaa-d3-natl,ncaa,237,219,317,240,333,349,339,338,323,289,220,353,364,370,282,356,295,300,254,301,310,346,353,346,339,329,318,333,150,150,111,277,191,234,141,381,390,153,255,349,282,231,245,199,,,64,124,,,236,383,385,159,359,342,294,258,142,365,367,266,255,267,302,300,93,200,114,394,214,260,228,,80,,,237,62,97,103,150,98,90,197,198,247,144,351,39,36,154,36,75,69,57,172,133,173,209,332,72,136,191,131,111,128,141,74,121,342,260,220,105,189,70,70,,,312,211,,,236,58,298,174,240,108,161,189,150,133,243,300,43,49,46,120,73,194,204,185,127,312,152,84,,257,,,b'\x11\xe8\xe1I\xed\x1d}l\x9a\xbe\x12\xdf\x17\xaeN\x1e'
11E8E149-ED1D-7D6C-9ABE-12DF17AE4E1E,2020-ncaa-d3-conf-Liberty League,ncaa,4,4,1,4,4,3,3,2,5,3,1,6,9,9,3,10,1,1,3,1,4,2,1,6,4,5,8,9,1,1,1,5,8,2,2,6,9,8,5,7,3,3,2,2,,,9,8,,,5,4,6,8,4,4,4,3,1,9,10,1,1,1,3,2,1,5,2,7,6,3,2,,8,,,5,9,8,8,6,5,6,3,9,9,8,7,10,10,7,10,10,9,7,7,7,7,10,9,8,9,8,3,1,9,2,8,7,4,6,5,7,4,7,3,,,2,4,,,5,7,3,7,5,8,6,6,3,6,9,9,10,10,10,7,6,9,2,5,7,6,5,6,,2,,,b'\x11\xe8\xe1I\xed\x1d}l\x9a\xbe\x12\xdf\x17\xaeN\x1e'
11E8E149-ED1D-7D6C-9ABE-12DF17AE4E1E,2020-ncaa-d3-natl,ncaa,101,163,7,139,20,40,32,13,171,11,4,247,311,374,101,428,41,50,120,53,368,11,17,232,205,178,402,407,174,15,42,31,204,12,76,91,307,295,102,157,93,181,20,55,,,408,277,,,183,24,193,234,106,81,57,27,6,367,416,109,132,143,50,90,39,117,38,161,162,167,39,,288,,,188,426,412,429,223,389,420,146,384,349,370,170,399,374,374,371,207,433,421,226,243,293,279,268,273,364,204,369,42,376,76,381,239,154,300,303,222,82,310,79,,,25,193,,,183,415,121,293,190,274,255,268,239,300,284,202,297,263,259,269,238,245,165,199,261,280,118,209,,123,,,b'\x11\xe8\xe1I\xed\x1d}l\x9a\xbe\x12\xdf\x17\xaeN\x1e'
11E8E149-ED1D-7D6C-9ABE-12DF17AE4E1E,2022-ncaa-d3-conf-Liberty League,ncaa,8,8,7,8,8,8,8,8,8,7,7,7,10,10,8,9,10,10,10,10,10,8,7,8,9,9,9,8,8,5,5,8,5,7,5,6,3,9,9,9,5,5,6,6,,,9,10,,,8,8,4,7,8,8,8,5,4,9,9,10,10,10,8,5,5,6,6,6,9,5,6,,10,,,8,5,3,1,8,5,2,6,5,1,9,3,8,8,4,8,10,3,2,8,8,7,9,6,9,4,5,1,5,3,5,2,2,4,4,4,7,7,9,8,,,7,3,,,8,4,9,8,8,8,6,4,5,5,7,6,9,10,10,5,6,5,4,5,4,4,8,9,,4,,,b'\x11\xe8\xe1I\xed\x1d}l\x9a\xbe\x12\xdf\x17\xaeN\x1e'
11E8E149-ED1D-7D6C-9ABE-12DF17AE4E1E,2022-ncaa-d3-natl,ncaa,351,341,300,357,333,349,305,297,314,243,178,331,382,374,345,372,379,373,352,371,406,318,316,340,361,360,404,362,353,183,123,292,107,256,128,294,241,208,301,296,353,339,299,304,,,130,249,,,328,334,252,290,357,290,198,179,70,381,376,393,378,374,243,203,111,202,145,272,287,349,301,,208,,,330,144,142,87,278,139,115,215,206,97,398,150,180,179,196,170,253,89,82,296,299,311,254,254,228,58,107,112,123,88,128,68,49,331,289,203,98,160,294,267,,,330,284,,,328,98,342,282,330,246,241,168,225,228,273,134,257,261,254,171,124,95,219,155,113,304,171,349,,285,,,b'\x11\xe8\xe1I\xed\x1d}l\x9a\xbe\x12\xdf\x17\xaeN\x1e'
11E8E149-ED1D-7D6C-9ABE-12DF17AE4E1E,2023-ncaa-d3-conf-Liberty League,ncaa,4,4,1,4,2,5,5,2,8,5,3,6,3,3,7,4,7,6,8,6,10,3,3,7,8,8,7,4,9,5,8,4,4,4,7,3,3,7,6,4,2,2,7,7,,,10,10,,,6,2,3,4,7,6,3,7,5,5,4,9,9,9,5,5,8,7,7,5,5,2,7,,10,,,6,7,6,8,6,7,10,5,5,3,9,3,10,10,1,10,9,8,9,6,6,4,6,4,7,4,4,10,8,10,7,6,2,2,2,4,7,5,6,5,,,6,10,,,6,9,9,4,6,4,4,4,5,5,4,3,9,9,9,4,4,4,7,4,4,2,6,5,,9,,,b'\x11\xe8\xe1I\xed\x1d}l\x9a\xbe\x12\xdf\x17\xaeN\x1e'
11E8E149-ED1D-7D6C-9ABE-12DF17AE4E1E,2023-ncaa-d3-natl,ncaa,171,223,63,204,65,173,149,63,293,179,121,286,110,75,245,124,336,356,233,356,411,93,102,283,306,272,226,120,414,144,259,60,34,89,154,102,121,198,124,133,108,130,232,274,,,387,400,,,200,96,241,37,255,204,93,235,179,136,110,395,404,404,154,202,191,93,140,138,140,154,264,,351,,,202,227,203,240,162,257,333,99,127,92,295,57,340,368,91,368,310,283,280,141,149,161,198,105,343,74,34,395,259,306,154,142,108,156,190,137,170,115,266,200,,,265,380,,,200,331,269,114,203,126,118,101,162,226,79,45,297,332,327,132,135,46,328,192,97,225,120,215,,374,,,b'\x11\xe8\xe1I\xed\x1d}l\x9a\xbe\x12\xdf\x17\xaeN\x1e'
11E8E149-ED1D-7D6C-9ABE-12DF17AE4E1E,2024-ncaa-d3-conf-Liberty League,ncaa,8,8,9,8,9,8,8,8,5,8,9,3,7,6,8,3,9,9,3,9,6,8,8,5,5,8,4,5,6,7,7,8,4,8,5,5,1,6,9,6,6,4,6,6,,,9,10,,,6,8,4,3,8,8,7,8,9,4,3,7,8,9,7,7,7,4,7,1,8,4,5,,10,,,6,2,2,1,4,2,1,5,2,2,3,2,9,10,7,10,10,1,1,4,4,5,6,1,10,2,4,1,7,1,5,2,5,7,6,4,6,9,3,7,,,9,7,,,6,3,8,5,6,5,5,4,5,6,2,2,10,10,10,5,6,4,4,5,5,6,9,7,,7,,,b'\x11\xe8\xe1I\xed\x1d}l\x9a\xbe\x12\xdf\x17\xaeN\x1e'
11E8E149-ED1D-7D6C-9ABE-12DF17AE4E1E,2024-ncaa-d3-natl,ncaa,299,297,296,308,328,295,266,296,220,277,308,190,220,189,266,127,377,398,100,402,397,331,355,218,232,228,256,164,379,315,288,254,84,298,182,177,47,116,219,141,222,137,168,165,,,192,335,,,195,355,306,244,286,244,230,232,280,200,162,389,408,410,312,349,305,177,245,131,171,175,148,,268,,,195,54,62,80,100,125,181,100,27,45,55,63,155,152,201,162,190,74,64,73,74,115,101,49,303,68,84,129,288,84,182,47,79,336,287,160,125,217,312,366,,,386,375,,,195,80,249,104,189,85,101,134,179,244,38,52,209,205,220,135,92,79,206,143,73,321,172,350,,400,,,b'\x11\xe8\xe1I\xed\x1d}l\x9a\xbe\x12\xdf\x17\xaeN\x1e'
11E8E149-ED1D-7D6C-9ABE-12DF17AE4E1E,2025-ncaa-d3-conf-Liberty League,genius_ncaa,8,8,7,8,7,7,7,8,5,6,7,5,9,9,9,10,6,5,6,5,4,7,8,6,6,8,10,10,4,4,2,6,6,7,4,4,2,8,7,7,5,4,2,2,,,5,6,,5,7,8,4,4,7,5,7,2,4,9,9,5,4,4,6,4,4,4,3,2,8,5,2,,5,,6,7,2,3,2,3,2,3,3,7,5,7,6,7,6,6,6,7,2,2,5,5,6,9,8,7,4,6,1,2,2,4,5,8,4,4,6,4,7,9,7,,,5,3,,5,7,2,7,6,7,7,4,4,4,5,7,6,7,6,6,5,7,4,3,4,6,3,7,9,,3,,5,b'\x11\xe8\xe1I\xed\x1d}l\x9a\xbe\x12\xdf\x17\xaeN\x1e'
11E8E149-ED1D-7D6C-9ABE-12DF17AE4E1E,2025-ncaa-d3-natl,genius_ncaa,234,242,192,239,201,234,200,199,206,129,99,202,349,346,329,358,252,236,261,237,328,199,198,259,272,260,384,369,249,173,161,140,161,164,146,135,84,210,208,168,102,93,46,48,,,209,211,,107,188,219,190,50,232,184,148,93,66,361,354,253,233,233,159,168,167,97,122,108,229,92,34,,228,,109,186,102,99,209,62,107,241,46,155,159,192,162,193,165,291,156,147,194,207,57,66,82,239,209,243,206,161,177,161,176,146,152,240,175,170,159,135,144,395,344,,,231,235,,295,188,211,254,91,179,121,118,237,121,262,170,169,197,169,164,222,243,198,201,196,166,150,155,396,,225,,307,b'\x11\xe8\xe1I\xed\x1d}l\x9a\xbe\x12\xdf\x17\xaeN\x1e'
11E8E149-ED1D-7D6C-9ABE-12DF17AE4E1E,2026-ncaa-d3-conf-Liberty League,genius_ncaa,5,4,3,5,3,4,4,4,3,4,4,4,9,9,6,10,8,8,4,8,8,5,5,3,3,3,9,9,6,6,6,5,2,6,5,3,4,6,6,3,3,3,7,7,,,1,2,,4,4,5,3,1,3,3,2,4,2,8,9,7,8,8,3,3,5,3,4,3,6,3,7,,1,,4,4,6,3,4,4,2,3,2,7,4,9,5,7,8,7,8,8,4,5,6,6,6,9,8,8,2,2,5,6,3,5,4,4,4,3,4,7,7,1,1,,,8,8,,3,4,7,3,4,4,7,4,5,2,4,8,5,7,8,8,5,6,2,7,4,5,3,7,1,,8,,3,b'\x11\xe8\xe1I\xed\x1d}l\x9a\xbe\x12\xdf\x17\xaeN\x1e'
11E8E149-ED1D-7D6C-9ABE-12DF17AE4E1E,2026-ncaa-d3-natl,genius_ncaa,54,132,42,116,105,98,67,92,145,73,81,192,99,139,83,218,241,266,158,245,371,104,112,141,166,163,261,153,368,220,342,78,86,127,229,89,244,263,173,161,37,58,88,161,,,175,56,,234,154,90,254,379,212,157,206,159,183,163,240,357,378,363,270,318,335,193,283,198,144,75,153,,37,,169,170,283,297,301,220,307,332,177,254,203,298,106,209,221,160,212,104,294,305,216,198,168,132,181,134,180,86,346,342,305,229,224,83,84,146,122,276,219,107,42,,,241,378,,262,154,326,201,140,169,129,169,134,190,221,144,69,91,102,88,112,112,84,268,170,102,183,179,50,,395,,313,b'\x11\xe8\xe1I\xed\x1d}l\x9a\xbe\x12\xdf\x17\xaeN\x1e'
11E8E149-ED22-288A-9ABE-12DF17AE4E1E,2018-ncaa-d3-conf-Little East,ncaa,8,8,5,8,5,7,7,6,6,7,6,7,6,4,4,4,8,8,8,8,8,7,7,6,6,7,5,4,8,5,4,7,5,6,5,7,5,3,7,7,8,7,5,5,,,5,8,,,6,8,8,2,7,7,4,7,5,5,4,8,8,8,7,7,4,7,6,7,6,8,4,,7,,,6,3,3,1,7,6,3,7,2,2,2,3,3,6,1,6,7,1,1,6,6,6,2,2,5,1,5,3,4,2,5,6,5,8,7,7,2,6,5,6,,,8,7,,,6,1,7,6,7,5,5,1,6,4,3,3,3,7,7,1,1,2,5,5,6,7,4,5,,8,,,"b'\x11\xe8\xe1I\xed""(\x8a\x9a\xbe\x12\xdf\x17\xaeN\x1e'"
11E8E149-ED22-288A-9ABE-12DF17AE4E1E,2018-ncaa-d3-natl,ncaa,280,327,123,305,177,335,276,230,312,260,196,325,261,264,267,225,430,424,412,423,440,294,241,319,362,374,343,177,438,170,199,212,150,196,189,334,372,360,379,380,304,309,340,367,,,204,240,,,315,251,348,294,393,331,307,313,249,280,292,439,438,438,385,322,203,260,243,374,339,336,360,,161,,,311,167,287,202,307,359,281,351,85,150,61,151,54,89,12,81,61,168,179,272,204,203,18,77,43,145,150,236,199,198,189,312,264,207,204,270,230,242,268,258,,,328,350,,,315,203,365,194,311,125,236,159,317,244,66,119,33,69,58,109,81,126,199,167,266,261,198,253,,387,,,"b'\x11\xe8\xe1I\xed""(\x8a\x9a\xbe\x12\xdf\x17\xaeN\x1e'"
11E8E149-ED22-288A-9ABE-12DF17AE4E1E,2019-ncaa-d3-conf-Little East,ncaa,4,5,1,5,4,5,4,4,5,4,4,4,6,5,6,4,7,7,8,6,7,5,4,5,5,5,6,6,9,2,1,3,1,2,1,6,9,7,5,6,4,4,5,4,,,4,6,,,3,5,8,8,6,5,4,4,6,6,5,8,8,7,5,4,3,3,2,8,3,5,5,,4,,,3,2,2,4,2,1,5,2,4,2,7,2,3,3,4,3,2,4,4,2,2,3,5,5,4,1,1,2,1,1,1,2,4,6,6,3,2,3,7,5,,,8,9,,,3,5,4,1,3,1,1,1,1,5,4,2,3,2,2,1,1,1,1,1,2,8,2,6,,9,,,"b'\x11\xe8\xe1I\xed""(\x8a\x9a\xbe\x12\xdf\x17\xaeN\x1e'"
11E8E149-ED22-288A-9ABE-12DF17AE4E1E,2019-ncaa-d3-natl,ncaa,101,104,67,108,95,157,95,132,95,72,101,78,236,231,258,277,348,341,328,341,408,163,128,123,177,214,398,301,413,26,4,86,10,36,2,198,382,349,312,291,101,76,124,142,,,195,238,,,57,229,404,124,220,130,215,82,162,290,287,398,392,392,278,240,30,113,33,265,288,132,147,,121,,,56,43,53,116,48,107,251,37,26,46,81,51,121,98,304,100,92,99,157,33,33,30,98,85,261,34,10,52,4,36,2,69,200,110,76,63,108,75,287,226,,,316,394,,,57,231,125,18,46,11,21,28,60,152,13,18,83,66,71,16,24,16,14,13,46,156,72,248,,407,,,"b'\x11\xe8\xe1I\xed""(\x8a\x9a\xbe\x12\xdf\x17\xaeN\x1e'"
11E8E149-ED22-288A-9ABE-12DF17AE4E1E,2020-ncaa-d3-conf-Little East,ncaa,2,2,1,2,2,4,1,2,2,2,3,2,3,2,5,3,7,7,8,7,9,2,4,2,4,3,9,4,9,1,1,1,1,1,1,2,5,2,1,2,6,6,2,2,,,5,7,,,2,6,9,2,5,1,2,2,4,3,2,9,9,8,4,5,2,2,1,2,1,7,2,,3,,,2,1,1,5,1,1,8,1,1,1,5,1,6,6,5,6,3,5,3,1,2,2,4,2,9,1,1,2,1,1,1,1,3,8,8,2,1,1,1,1,,,9,8,,,2,4,2,1,1,1,1,2,1,6,1,1,5,5,5,2,1,1,2,1,1,9,1,1,,9,,,"b'\x11\xe8\xe1I\xed""(\x8a\x9a\xbe\x12\xdf\x17\xaeN\x1e'"
11E8E149-ED22-288A-9ABE-12DF17AE4E1E,2020-ncaa-d3-natl,ncaa,36,31,65,37,94,115,57,92,60,48,110,30,167,135,255,185,366,338,376,332,401,129,109,77,148,153,378,248,433,27,7,54,73,28,8,83,205,254,194,117,208,206,26,37,,,257,296,,,27,217,379,196,168,69,147,56,175,209,184,412,393,393,213,226,34,76,23,109,195,260,30,,193,,,22,27,28,178,11,88,362,5,17,18,94,7,201,228,126,226,137,175,196,6,12,15,114,31,357,186,73,66,7,92,8,49,146,175,164,57,121,81,78,49,,,270,372,,,27,217,70,16,19,9,9,68,48,289,6,5,149,171,172,64,60,124,23,38,27,235,73,57,,376,,,"b'\x11\xe8\xe1I\xed""(\x8a\x9a\xbe\x12\xdf\x17\xaeN\x1e'"
11E8E149-ED22-288A-9ABE-12DF17AE4E1E,2021-ncaa-d3-conf-Little East,ncaa,1,1,1,1,1,1,1,1,1,1,1,1,1,2,3,3,3,1,6,1,4,1,1,1,2,2,5,3,6,1,1,1,2,1,1,1,5,6,4,2,1,1,1,5,,,6,2,,,1,1,4,3,2,1,4,1,3,2,3,6,5,4,4,4,3,2,2,2,3,1,4,,2,,,1,5,5,6,1,6,6,1,2,3,2,1,3,5,2,5,2,6,6,1,1,1,2,2,3,6,2,6,1,6,1,6,3,1,1,1,6,3,3,1,,,2,6,,,1,6,2,1,1,1,1,1,1,5,1,1,2,2,2,1,1,2,1,1,1,2,3,1,,6,,,"b'\x11\xe8\xe1I\xed""(\x8a\x9a\xbe\x12\xdf\x17\xaeN\x1e'"
11E8E149-ED22-288A-9ABE-12DF17AE4E1E,2021-ncaa-d3-natl,ncaa,25,1,112,1,130,131,112,149,31,107,147,28,103,125,76,112,200,172,278,170,216,156,148,30,69,118,214,96,273,110,61,114,76,116,38,123,194,176,219,166,81,45,117,126,,,146,137,,,25,151,255,110,167,105,238,104,227,105,156,271,239,239,257,248,134,115,119,143,185,80,137,,90,,,28,87,92,123,9,99,157,10,70,81,43,19,76,105,7,105,40,119,134,9,5,5,38,54,88,136,76,107,61,116,38,91,114,75,25,16,113,85,82,44,,,154,184,,,25,136,103,5,22,3,9,21,17,132,13,14,15,35,35,14,27,82,24,27,19,55,68,31,,228,,,"b'\x11\xe8\xe1I\xed""(\x8a\x9a\xbe\x12\xdf\x17\xaeN\x1e'"
11E8E149-ED22-288A-9ABE-12DF17AE4E1E,2022-ncaa-d3-conf-Little East,ncaa,1,1,1,1,1,2,1,1,2,1,2,2,2,2,1,5,4,4,6,4,6,1,2,2,2,2,5,4,9,1,2,1,2,1,2,1,4,4,4,1,2,1,4,5,,,7,5,,,1,2,4,7,2,1,2,2,5,2,5,5,6,6,2,3,1,1,1,1,4,2,6,,5,,,1,4,2,5,1,5,6,1,1,3,1,2,7,7,7,7,5,6,8,1,1,1,4,1,9,4,2,5,2,5,2,2,6,2,3,1,4,3,7,6,,,2,5,,,1,8,1,1,1,2,1,2,1,4,1,1,6,6,6,3,2,2,3,2,2,4,3,7,,6,,,"b'\x11\xe8\xe1I\xed""(\x8a\x9a\xbe\x12\xdf\x17\xaeN\x1e'"
11E8E149-ED22-288A-9ABE-12DF17AE4E1E,2022-ncaa-d3-natl,ncaa,18,55,6,45,7,52,50,26,152,69,50,171,64,72,92,177,131,104,247,107,261,31,20,143,165,178,194,141,323,35,115,14,60,16,69,43,101,380,221,147,35,72,146,215,,,400,289,,,35,19,308,114,175,162,200,197,233,116,171,283,280,291,222,235,136,105,101,113,205,109,248,,218,,,45,191,142,329,21,177,363,19,117,216,44,115,348,340,285,346,260,343,402,15,29,11,251,129,379,249,60,388,115,360,69,221,281,19,29,26,184,54,286,168,,,33,200,,,35,410,159,11,46,12,9,26,27,100,26,41,194,180,185,32,95,79,143,110,62,71,53,167,,210,,,"b'\x11\xe8\xe1I\xed""(\x8a\x9a\xbe\x12\xdf\x17\xaeN\x1e'"
11E8E149-ED22-288A-9ABE-12DF17AE4E1E,2023-ncaa-d3-conf-Little East,ncaa,1,1,1,1,2,2,1,2,1,1,2,2,4,5,1,6,3,3,6,3,6,3,2,2,2,2,7,7,7,1,1,1,1,1,1,1,2,4,2,1,4,3,6,6,,,3,3,,,1,3,6,4,2,1,2,1,3,5,6,3,4,5,3,4,1,1,1,1,4,4,6,,3,,,1,1,2,6,2,2,9,1,3,3,3,3,1,2,3,2,2,4,4,2,2,1,2,5,2,1,1,2,1,1,1,3,4,5,5,2,2,2,6,4,,,1,5,,,1,7,1,1,1,1,2,3,2,7,2,3,1,2,2,2,1,1,2,1,2,6,2,5,,3,,,"b'\x11\xe8\xe1I\xed""(\x8a\x9a\xbe\x12\xdf\x17\xaeN\x1e'"
11E8E149-ED22-288A-9ABE-12DF17AE4E1E,2023-ncaa-d3-natl,ncaa,4,21,3,17,3,23,16,12,96,15,11,99,118,110,174,300,59,36,277,36,264,11,12,116,130,115,334,300,300,16,50,2,3,2,8,53,275,312,86,114,154,276,103,200,,,363,199,,,31,12,334,288,136,104,167,78,119,249,287,232,212,209,174,263,82,15,23,180,85,322,186,,99,,,46,308,267,413,15,315,418,12,127,200,71,56,380,343,404,357,137,417,409,13,18,47,184,81,366,147,3,392,50,324,8,154,84,117,262,104,138,25,416,277,,,20,165,,,31,418,86,31,39,23,21,84,56,221,25,32,208,136,142,82,41,22,75,36,30,335,24,337,,198,,,"b'\x11\xe8\xe1I\xed""(\x8a\x9a\xbe\x12\xdf\x17\xaeN\x1e'"
11E8E149-ED22-288A-9ABE-12DF17AE4E1E,2024-ncaa-d3-conf-Little East,ncaa,1,1,1,1,1,1,1,1,1,1,3,1,2,2,1,3,7,5,8,5,6,1,2,1,1,1,4,3,9,1,1,3,1,1,1,1,2,1,1,1,1,1,5,3,,,2,1,,,1,2,7,1,1,1,1,1,6,2,2,8,6,5,1,2,1,4,1,1,1,1,5,,1,,,1,1,1,1,1,1,4,1,1,1,1,1,1,1,1,1,4,1,3,1,1,1,2,2,5,1,1,1,1,1,1,1,2,1,1,1,1,1,2,1,,,4,8,,,1,7,1,1,1,1,1,1,1,1,1,1,1,1,1,1,1,1,1,1,1,1,1,1,,6,,,"b'\x11\xe8\xe1I\xed""(\x8a\x9a\xbe\x12\xdf\x17\xaeN\x1e'"
11E8E149-ED22-288A-9ABE-12DF17AE4E1E,2024-ncaa-d3-natl,ncaa,4,2,8,3,11,21,13,15,46,16,37,51,41,53,91,170,205,145,358,125,322,17,32,54,87,50,296,169,407,10,13,28,3,7,8,30,210,135,16,23,13,10,91,109,,,140,77,,,3,54,366,215,58,29,75,59,136,98,127,340,299,287,94,218,25,166,52,65,22,31,155,,16,,,5,49,56,167,23,76,271,14,72,72,155,69,130,142,121,150,130,153,316,20,20,6,199,161,266,27,3,308,13,161,8,49,98,22,11,6,21,1,265,114,,,70,278,,,3,367,17,3,3,4,4,4,10,42,19,13,32,33,41,3,13,4,58,14,7,51,3,142,,281,,,"b'\x11\xe8\xe1I\xed""(\x8a\x9a\xbe\x12\xdf\x17\xaeN\x1e'"
11E8E149-ED22-288A-9ABE-12DF17AE4E1E,2025-ncaa-d3-conf-Little East,genius_ncaa,2,2,2,2,4,3,2,2,2,3,4,2,4,4,5,4,5,6,6,6,5,2,4,2,3,2,5,5,7,1,1,2,2,1,1,2,1,2,1,2,4,3,1,1,,,4,4,,1,2,5,6,6,2,2,3,4,6,4,4,7,7,7,3,6,1,2,1,2,1,5,1,,4,,1,2,2,1,3,1,2,6,1,1,2,2,3,5,5,3,5,5,3,3,1,1,1,5,2,8,2,2,3,1,3,1,2,4,4,5,2,4,3,1,1,,,4,4,,3,2,5,2,2,2,1,1,1,2,5,1,1,5,5,4,1,1,2,2,1,2,6,4,1,,4,,4,"b'\x11\xe8\xe1I\xed""(\x8a\x9a\xbe\x12\xdf\x17\xaeN\x1e'"
11E8E149-ED22-288A-9ABE-12DF17AE4E1E,2025-ncaa-d3-natl,genius_ncaa,68,56,116,67,157,150,152,171,136,171,256,66,122,76,239,90,174,150,268,147,107,164,171,123,134,137,165,152,244,115,101,51,46,64,39,123,130,196,173,147,266,285,59,71,,,257,275,,107,76,202,259,175,160,157,189,186,314,130,87,185,157,157,184,221,122,24,43,124,173,303,60,,236,,99,67,61,40,181,16,72,283,8,53,67,104,53,303,333,104,323,286,221,205,14,22,41,266,108,386,125,46,181,101,143,39,55,140,222,232,111,128,119,84,116,,,62,36,,40,76,236,123,38,64,47,31,133,58,233,44,49,299,320,312,158,136,107,125,117,46,273,114,68,,54,,43,"b'\x11\xe8\xe1I\xed""(\x8a\x9a\xbe\x12\xdf\x17\xaeN\x1e'"
11E8E149-ED22-288A-9ABE-12DF17AE4E1E,2026-ncaa-d3-conf-Little East,genius_ncaa,1,1,1,1,2,2,1,1,6,1,1,5,4,3,8,3,6,6,6,6,8,1,1,7,7,5,8,7,7,1,1,2,3,1,2,2,3,4,2,2,2,2,1,3,,,5,4,,6,3,3,4,2,2,1,1,1,1,4,3,6,6,6,1,1,1,2,1,2,2,2,2,,3,,5,3,4,3,5,2,3,5,1,5,6,3,4,8,8,7,8,8,5,6,3,4,5,6,4,8,5,3,9,1,7,2,6,4,2,3,3,2,1,8,6,,,4,7,,2,3,6,3,4,4,3,1,3,1,3,4,4,8,8,8,3,4,3,9,6,4,3,1,7,,5,,2,"b'\x11\xe8\xe1I\xed""(\x8a\x9a\xbe\x12\xdf\x17\xaeN\x1e'"
11E8E149-ED22-288A-9ABE-12DF17AE4E1E,2026-ncaa-d3-natl,genius_ncaa,13,68,42,64,64,50,86,110,136,71,104,115,145,141,217,238,13,53,6,53,109,95,75,148,80,137,161,285,39,129,180,27,117,51,95,109,258,351,284,267,158,259,5,26,,,263,116,,347,131,72,175,113,133,192,285,157,241,238,245,28,118,120,252,190,229,48,116,218,274,252,14,,119,,299,151,311,311,350,130,316,380,95,264,256,235,92,299,280,298,280,114,348,333,120,135,175,167,162,227,290,117,270,180,289,95,286,168,148,279,235,314,239,260,210,,,25,32,,39,131,341,155,174,160,185,193,252,210,310,147,110,207,157,158,237,208,189,115,140,184,280,228,195,,32,,74,"b'\x11\xe8\xe1I\xed""(\x8a\x9a\xbe\x12\xdf\x17\xaeN\x1e'"
11E8E149-ED26-D3EE-9ABE-12DF17AE4E1E,2018-ncaa-d3-conf-SAA,ncaa,3,2,3,3,3,3,2,4,1,1,4,1,5,4,6,7,5,4,8,4,5,4,4,1,1,1,8,8,7,6,7,1,3,3,5,3,5,2,4,4,4,5,2,2,,,2,2,,,2,4,3,5,4,1,4,1,3,6,6,6,4,4,5,6,7,1,3,2,3,5,2,,2,,,2,4,3,7,1,2,5,2,7,8,2,8,2,2,8,2,2,7,6,1,1,2,7,7,3,5,3,4,7,5,5,3,3,4,6,4,4,5,1,1,,,3,5,,,2,6,4,2,2,3,3,7,2,3,6,8,2,2,2,6,5,5,4,5,4,5,4,1,,4,,,b'\x11\xe8\xe1I\xed&\xd3\xee\x9a\xbe\x12\xdf\x17\xaeN\x1e'
11E8E149-ED26-D3EE-9ABE-12DF17AE4E1E,2018-ncaa-d3-natl,ncaa,138,88,305,106,334,199,216,308,110,206,300,88,204,227,155,196,172,127,316,126,52,273,340,101,120,84,198,213,163,302,281,185,154,248,188,268,340,32,58,128,327,303,84,52,,,124,204,,,149,342,289,155,127,141,221,151,259,167,183,108,60,59,168,283,275,61,152,236,55,312,68,,176,,,143,105,76,151,60,40,67,83,324,368,152,416,207,122,436,118,248,125,91,97,130,209,414,398,293,172,154,150,281,149,188,65,112,365,340,219,35,65,47,64,,,171,41,,,149,85,101,212,149,172,125,259,69,110,359,408,249,155,146,232,176,240,219,225,104,352,55,55,,69,,,b'\x11\xe8\xe1I\xed&\xd3\xee\x9a\xbe\x12\xdf\x17\xaeN\x1e'
11E8E149-ED26-D3EE-9ABE-12DF17AE4E1E,2019-ncaa-d3-conf-SAA,ncaa,3,4,1,4,1,1,1,2,2,1,2,2,2,2,4,4,4,4,8,4,4,2,2,2,2,2,7,6,5,3,4,1,1,2,3,1,1,7,3,1,7,7,2,2,,,5,3,,,3,1,4,6,2,1,3,1,4,2,3,5,5,5,5,6,6,2,3,1,3,7,2,,3,,,3,6,6,8,3,5,8,2,5,7,3,4,6,4,8,4,3,8,8,3,3,3,4,3,4,4,1,7,4,8,3,5,4,7,7,7,4,5,5,5,,,3,5,,,3,8,2,3,3,4,3,6,3,6,3,6,6,4,4,6,4,3,5,4,4,7,4,5,,5,,,b'\x11\xe8\xe1I\xed&\xd3\xee\x9a\xbe\x12\xdf\x17\xaeN\x1e'
11E8E149-ED26-D3EE-9ABE-12DF17AE4E1E,2019-ncaa-d3-natl,ncaa,118,185,20,159,25,98,130,160,127,174,257,81,93,69,173,98,68,46,288,42,17,125,125,102,101,114,107,149,132,243,301,25,39,75,113,150,229,254,194,178,397,420,50,46,,,372,349,,,145,99,396,211,229,274,397,306,398,145,153,161,130,121,377,414,361,105,237,254,102,429,79,,222,,,151,302,181,374,43,135,241,69,366,416,77,376,413,374,430,376,358,383,324,59,98,197,413,329,399,176,39,316,301,266,113,93,65,340,400,240,140,99,314,326,,,42,37,,,145,337,140,171,154,94,52,115,40,52,232,329,327,242,250,129,32,50,112,79,30,422,54,197,,136,,,b'\x11\xe8\xe1I\xed&\xd3\xee\x9a\xbe\x12\xdf\x17\xaeN\x1e'
11E8E149-ED26-D3EE-9ABE-12DF17AE4E1E,2020-ncaa-d3-conf-SAA,ncaa,2,2,1,2,1,1,2,2,2,2,3,1,1,1,3,2,2,2,4,2,2,2,2,1,1,1,2,3,6,2,4,2,5,2,4,1,2,2,1,1,6,6,1,2,,,1,1,,,2,2,2,2,1,2,2,3,3,1,1,2,2,2,2,2,3,2,2,1,1,6,1,,1,,,2,7,7,8,3,8,8,3,3,6,3,3,3,3,7,3,1,8,8,3,3,4,3,3,1,8,5,8,4,8,4,4,4,6,7,6,1,1,7,4,,,1,2,,,2,7,1,6,2,6,7,8,6,7,3,4,3,3,3,7,6,6,6,6,3,6,1,6,,1,,,b'\x11\xe8\xe1I\xed&\xd3\xee\x9a\xbe\x12\xdf\x17\xaeN\x1e'
11E8E149-ED26-D3EE-9ABE-12DF17AE4E1E,2020-ncaa-d3-natl,ncaa,134,136,126,140,128,61,108,148,101,253,342,106,12,27,15,35,47,27,242,25,6,122,177,33,34,19,15,22,158,227,265,122,201,170,230,166,296,33,13,51,366,388,64,88,,,213,190,,,114,162,276,12,27,95,171,300,383,13,30,40,29,23,104,223,246,125,194,171,26,392,67,,180,,,115,362,354,348,276,353,313,285,294,316,201,257,272,268,281,272,200,350,236,267,260,356,181,227,192,262,201,303,265,300,230,119,22,374,399,292,24,18,213,292,,,42,25,,,114,236,15,337,138,298,311,311,309,283,272,296,252,244,246,305,185,237,254,255,108,401,19,202,,30,,,b'\x11\xe8\xe1I\xed&\xd3\xee\x9a\xbe\x12\xdf\x17\xaeN\x1e'
11E8E149-ED26-D3EE-9ABE-12DF17AE4E1E,2021-ncaa-d3-conf-SAA,ncaa,2,3,1,3,1,2,2,2,2,1,2,2,2,2,1,3,3,3,2,3,3,2,2,2,2,1,3,3,4,3,5,1,6,1,4,2,7,4,3,2,4,5,1,2,,,4,1,,,1,2,3,4,2,3,3,3,4,2,2,3,3,3,3,3,4,1,2,3,2,4,1,,2,,,1,5,5,7,2,5,6,3,5,6,1,4,6,5,6,5,1,6,6,2,2,3,3,3,3,6,6,6,5,6,4,5,3,4,6,6,4,2,4,3,,,3,2,,,1,6,1,3,2,4,4,6,4,6,4,5,4,4,4,6,5,6,3,6,4,5,2,2,,3,,,b'\x11\xe8\xe1I\xed&\xd3\xee\x9a\xbe\x12\xdf\x17\xaeN\x1e'
11E8E149-ED26-D3EE-9ABE-12DF17AE4E1E,2021-ncaa-d3-natl,ncaa,25,92,47,64,50,31,37,42,73,38,46,59,31,36,89,117,15,16,166,15,15,35,40,63,56,40,79,127,55,42,119,19,182,22,108,76,262,211,50,138,105,247,15,53,,,237,107,,,36,38,24,57,15,37,36,61,99,48,53,9,7,7,21,25,82,3,10,160,98,215,32,,196,,,55,236,233,261,28,233,257,42,216,263,28,181,256,255,140,255,170,263,253,25,31,69,173,115,224,269,182,242,119,257,108,193,50,97,265,155,164,41,178,83,,,27,39,,,36,246,50,111,68,174,150,274,151,257,153,254,236,242,243,278,270,261,183,243,80,227,69,85,,16,,,b'\x11\xe8\xe1I\xed&\xd3\xee\x9a\xbe\x12\xdf\x17\xaeN\x1e'
11E8E149-ED26-D3EE-9ABE-12DF17AE4E1E,2022-ncaa-d3-conf-SAA,ncaa,1,1,2,1,2,2,2,3,1,2,3,1,2,2,3,2,1,2,2,2,4,3,3,1,1,1,3,2,6,2,1,1,1,1,1,3,6,1,1,1,6,7,4,6,,,1,1,,,1,3,4,4,2,2,2,4,4,2,2,1,3,3,2,4,3,1,1,3,1,7,5,,1,,,1,5,6,7,5,7,7,2,6,7,4,5,1,1,2,1,1,6,6,5,1,4,2,5,1,6,1,6,1,6,1,6,4,6,7,8,1,2,3,3,,,3,6,,,1,6,1,3,1,3,5,7,6,7,5,4,1,1,1,4,2,2,5,4,7,7,1,3,,8,,,b'\x11\xe8\xe1I\xed&\xd3\xee\x9a\xbe\x12\xdf\x17\xaeN\x1e'
11E8E149-ED26-D3EE-9ABE-12DF17AE4E1E,2022-ncaa-d3-natl,ncaa,28,5,188,12,222,65,95,148,64,128,229,40,69,78,98,108,19,37,105,42,38,116,179,52,40,22,94,139,116,115,96,54,29,63,31,157,318,65,26,75,344,378,118,123,,,43,20,,,41,210,186,220,20,44,93,102,247,54,66,17,32,38,60,137,117,7,18,150,45,374,107,,13,,,30,174,200,303,70,157,229,96,304,362,122,349,90,88,165,93,81,281,190,83,68,163,266,348,88,115,29,179,96,149,31,145,111,354,382,303,44,23,96,106,,,81,70,,,41,219,17,133,37,156,182,332,142,240,303,364,76,71,76,297,184,108,153,138,138,388,34,78,,53,,,b'\x11\xe8\xe1I\xed&\xd3\xee\x9a\xbe\x12\xdf\x17\xaeN\x1e'
11E8E149-ED26-D3EE-9ABE-12DF17AE4E1E,2023-ncaa-d3-conf-SAA,ncaa,2,2,1,2,2,2,3,2,4,1,1,3,8,6,8,7,2,2,6,3,5,2,2,5,4,6,8,8,3,2,1,1,1,1,1,3,2,8,5,3,7,7,1,1,,,5,4,,,1,2,4,6,2,3,2,2,2,8,7,4,4,4,2,2,2,1,1,3,5,7,1,,4,,,1,3,2,7,1,3,7,1,3,6,2,5,6,6,5,6,4,7,7,1,1,1,6,4,7,3,1,5,1,4,1,2,2,7,7,4,8,6,1,1,,,2,5,,,1,7,3,1,1,1,1,5,3,5,3,5,6,6,6,6,3,1,2,2,2,7,7,1,,4,,,b'\x11\xe8\xe1I\xed&\xd3\xee\x9a\xbe\x12\xdf\x17\xaeN\x1e'
11E8E149-ED26-D3EE-9ABE-12DF17AE4E1E,2023-ncaa-d3-natl,ncaa,107,198,13,164,27,71,102,82,167,63,68,121,309,207,386,321,9,6,191,6,30,49,29,218,168,210,284,384,15,51,105,6,110,9,45,129,243,394,273,272,365,412,2,3,,,379,247,,,205,27,185,288,172,226,284,132,191,363,318,16,12,13,186,159,119,8,17,242,289,415,2,,268,,,208,403,349,423,35,304,406,32,370,404,165,240,413,404,391,406,296,424,405,46,81,219,371,275,377,357,110,332,105,362,45,272,133,317,412,335,388,289,231,126,,,14,50,,,205,403,191,233,210,244,160,330,131,282,266,300,375,344,344,346,231,230,116,162,138,414,293,131,,46,,,b'\x11\xe8\xe1I\xed&\xd3\xee\x9a\xbe\x12\xdf\x17\xaeN\x1e'
11E8E149-ED26-D3EE-9ABE-12DF17AE4E1E,2024-ncaa-d3-conf-SAA,ncaa,4,3,3,4,3,3,3,2,5,3,2,5,7,6,5,6,7,7,3,7,8,3,3,5,6,4,7,7,7,2,1,1,2,2,1,2,4,5,3,3,7,7,1,2,,,2,2,,,3,4,5,2,5,2,1,1,1,7,6,7,8,8,2,4,1,1,1,3,5,7,1,,3,,,3,1,3,7,1,4,8,1,1,3,2,2,2,2,1,2,1,6,4,1,1,1,2,2,4,5,2,3,1,5,1,2,2,7,7,4,5,5,3,2,,,5,8,,,3,5,4,3,3,2,3,5,5,7,2,2,2,3,3,6,4,5,3,3,2,7,5,3,,8,,,b'\x11\xe8\xe1I\xed&\xd3\xee\x9a\xbe\x12\xdf\x17\xaeN\x1e'
11E8E149-ED26-D3EE-9ABE-12DF17AE4E1E,2024-ncaa-d3-natl,ncaa,129,139,112,142,118,178,184,220,159,164,187,161,238,256,198,277,123,185,54,175,195,210,222,167,151,163,258,286,133,165,110,45,88,82,48,210,254,220,223,217,397,411,46,90,,,208,223,,,163,243,345,26,219,221,275,177,200,262,282,131,215,200,266,297,187,22,59,229,198,413,42,,174,,,165,167,194,295,90,257,369,65,82,85,169,33,237,287,50,293,167,296,188,65,57,174,102,76,260,215,88,98,110,130,48,90,33,378,402,306,286,290,106,86,,,185,153,,,163,191,149,180,166,136,153,256,223,358,66,52,215,261,269,272,125,182,62,94,77,410,260,88,,215,,,b'\x11\xe8\xe1I\xed&\xd3\xee\x9a\xbe\x12\xdf\x17\xaeN\x1e'
11E8E149-ED26-D3EE-9ABE-12DF17AE4E1E,2025-ncaa-d3-conf-SAA,genius_ncaa,6,5,3,6,3,7,3,5,3,2,2,2,7,7,7,7,7,7,2,7,7,7,5,3,4,5,7,7,7,7,5,2,4,2,3,3,2,6,6,4,7,7,1,1,,,2,2,,7,5,4,4,1,7,3,4,1,2,7,7,7,7,7,7,4,7,1,1,2,6,7,1,,2,,7,5,3,3,7,2,4,6,1,3,2,3,2,4,3,5,3,1,5,3,1,1,4,3,3,3,5,4,2,5,4,3,1,1,7,7,6,6,7,3,3,,,7,7,,7,5,2,6,4,5,4,4,7,5,7,3,3,4,3,3,7,4,6,3,5,2,7,6,4,,7,,7,b'\x11\xe8\xe1I\xed&\xd3\xee\x9a\xbe\x12\xdf\x17\xaeN\x1e'
11E8E149-ED26-D3EE-9ABE-12DF17AE4E1E,2025-ncaa-d3-natl,genius_ncaa,326,334,290,335,294,346,314,349,220,255,281,179,355,340,353,279,366,380,229,381,363,360,347,254,273,311,369,327,313,354,330,174,230,267,234,282,170,293,360,311,416,418,30,30,,,181,256,,408,331,336,310,45,353,297,364,228,255,359,337,373,384,385,387,325,349,70,206,263,318,419,16,,240,,413,329,182,158,217,124,155,258,79,194,159,278,136,278,245,349,239,214,227,97,131,150,308,261,200,285,258,230,115,330,164,234,48,25,410,415,329,339,367,107,165,,,388,391,,209,331,71,330,331,339,270,236,319,225,338,234,213,334,298,297,321,174,305,193,243,81,418,349,131,,406,,188,b'\x11\xe8\xe1I\xed&\xd3\xee\x9a\xbe\x12\xdf\x17\xaeN\x1e'
11E8E149-ED26-D3EE-9ABE-12DF17AE4E1E,2026-ncaa-d3-natl,genius_ncaa,225,329,42,282,64,112,100,80,235,111,93,225,107,83,211,163,157,189,131,183,301,86,85,224,232,230,190,154,262,177,338,52,125,93,259,34,31,284,191,110,227,324,117,181,,,241,103,,156,323,76,182,113,238,221,177,214,217,174,157,267,308,300,210,232,299,130,215,69,177,332,172,,96,,123,307,384,381,356,350,335,315,291,408,374,401,323,268,301,116,311,234,354,328,381,360,381,324,382,78,260,125,370,338,351,259,384,281,211,337,372,340,293,397,366,,,119,246,,201,323,341,244,358,310,339,338,270,254,186,395,336,161,187,201,259,191,152,335,268,337,339,282,370,,269,,259,b'\x11\xe8\xe1I\xed&\xd3\xee\x9a\xbe\x12\xdf\x17\xaeN\x1e'
11E8E149-ED2B-D470-9ABE-12DF17AE4E1E,2018-ncaa-d3-conf-Midwest Conference,ncaa,2,3,3,3,4,4,3,3,4,2,2,5,5,8,1,10,7,4,10,4,9,3,3,5,6,7,9,8,9,1,1,2,1,2,1,3,6,7,6,5,3,3,1,1,,,10,10,,,2,3,7,4,6,2,4,2,1,7,9,9,5,4,4,3,1,2,1,3,8,5,1,,10,,,3,2,2,2,1,2,3,1,3,2,6,1,10,10,6,10,10,3,3,1,2,3,10,3,10,2,1,2,1,2,1,2,3,3,3,1,3,3,9,6,,,5,9,,,2,7,5,2,3,3,1,1,1,2,1,1,10,10,10,2,1,1,2,1,1,3,3,7,,8,,,b'\x11\xe8\xe1I\xed+\xd4p\x9a\xbe\x12\xdf\x17\xaeN\x1e'
11E8E149-ED2B-D470-9ABE-12DF17AE4E1E,2018-ncaa-d3-conf-MWC,ncaa,2,3,3,3,4,4,3,3,4,2,2,5,5,8,1,10,7,4,10,4,9,3,3,5,6,7,9,8,9,1,1,2,1,2,1,3,6,7,6,5,3,3,1,1,,,10,10,,,2,3,7,4,6,2,4,2,1,7,9,9,5,4,4,3,1,2,1,3,8,5,1,,10,,,3,2,2,2,1,2,3,1,3,2,6,1,10,10,6,10,10,3,3,1,2,3,10,3,10,2,1,2,1,2,1,2,3,3,3,1,3,3,9,6,,,5,9,,,2,7,5,2,3,3,1,1,1,2,1,1,10,10,10,2,1,1,2,1,1,3,3,7,,8,,,b'\x11\xe8\xe1I\xed+\xd4p\x9a\xbe\x12\xdf\x17\xaeN\x1e'
11E8E149-ED2B-D470-9ABE-12DF17AE4E1E,2018-ncaa-d3-natl,ncaa,114,88,197,98,300,225,189,236,136,139,103,231,321,397,46,405,261,148,413,141,258,214,203,175,219,243,376,350,300,41,9,227,13,110,6,187,217,280,269,233,190,132,49,13,,,422,444,,,105,302,341,426,210,155,210,94,68,327,408,269,120,117,178,161,31,207,52,167,286,193,40,,439,,,92,40,10,23,25,11,42,12,52,33,215,77,436,432,332,431,443,48,64,26,120,91,436,118,444,13,13,38,9,24,6,31,282,192,107,64,184,179,195,117,,,194,194,,,105,114,177,54,104,44,3,9,9,30,49,31,435,431,431,27,31,9,33,13,30,193,196,195,,166,,,b'\x11\xe8\xe1I\xed+\xd4p\x9a\xbe\x12\xdf\x17\xaeN\x1e'
11E8E149-ED2B-D470-9ABE-12DF17AE4E1E,2019-ncaa-d3-conf-Midwest Conference,ncaa,1,1,1,1,2,3,2,5,1,1,2,1,9,10,5,10,2,1,10,1,5,2,1,2,3,4,10,10,5,1,1,1,1,1,1,2,7,10,9,7,5,7,1,2,,,7,4,,,1,1,6,8,5,3,9,1,3,10,10,4,1,1,7,5,2,1,1,4,9,7,1,,3,,,1,1,2,8,1,4,10,1,1,3,1,1,3,4,2,3,2,8,8,1,1,1,2,1,8,4,1,1,1,1,1,2,7,2,7,2,9,6,2,1,,,1,1,,,1,10,4,1,1,1,1,4,3,9,1,1,3,3,3,3,3,1,1,1,1,7,7,1,,1,,,b'\x11\xe8\xe1I\xed+\xd4p\x9a\xbe\x12\xdf\x17\xaeN\x1e'
11E8E149-ED2B-D470-9ABE-12DF17AE4E1E,2019-ncaa-d3-conf-MWC,ncaa,1,1,1,1,2,3,2,5,1,1,2,1,9,10,5,10,2,1,10,1,5,2,1,2,3,4,10,10,5,1,1,1,1,1,1,2,7,10,9,7,5,7,1,2,,,7,4,,,1,1,6,8,5,3,9,1,3,10,10,4,1,1,7,5,2,1,1,4,9,7,1,,3,,,1,1,2,8,1,4,10,1,1,3,1,1,3,4,2,3,2,8,8,1,1,1,2,1,8,4,1,1,1,1,1,2,7,2,7,2,9,6,2,1,,,1,1,,,1,10,4,1,1,1,1,4,3,9,1,1,3,3,3,3,3,1,1,1,1,7,7,1,,1,,,b'\x11\xe8\xe1I\xed+\xd4p\x9a\xbe\x12\xdf\x17\xaeN\x1e'
11E8E149-ED2B-D470-9ABE-12DF17AE4E1E,2019-ncaa-d3-natl,ncaa,78,104,42,105,51,181,160,258,89,80,105,95,384,389,311,406,131,53,390,55,108,202,117,156,173,265,407,415,129,154,96,28,22,59,30,169,241,415,400,339,246,292,55,68,,,340,306,,,147,115,355,209,312,275,416,140,224,415,423,209,96,108,399,333,259,74,117,264,359,335,71,,216,,,152,142,132,294,50,213,336,74,53,156,12,100,312,363,54,362,281,331,303,35,37,67,136,58,352,143,22,95,96,107,30,213,292,206,257,209,381,353,203,134,,,44,41,,,147,328,268,55,155,40,48,84,114,188,19,65,206,267,264,103,58,52,21,26,117,321,318,137,,93,,,b'\x11\xe8\xe1I\xed+\xd4p\x9a\xbe\x12\xdf\x17\xaeN\x1e'
11E8E149-ED2B-D470-9ABE-12DF17AE4E1E,2020-ncaa-d3-conf-Midwest Conference,ncaa,1,1,1,1,1,2,1,2,1,1,1,2,6,9,2,9,2,1,6,1,3,2,1,3,2,2,9,9,3,2,2,1,1,1,1,2,4,8,6,5,6,7,2,3,,,9,9,,,1,1,5,6,4,3,9,2,2,7,9,2,1,1,5,4,2,2,2,4,5,7,3,,9,,,1,4,3,5,2,4,8,2,1,2,4,2,9,9,8,9,9,9,9,1,2,3,7,2,10,2,1,2,2,1,1,2,5,5,6,4,5,4,10,7,,,1,2,,,1,10,2,3,1,3,2,3,3,5,1,2,9,9,9,5,3,1,2,1,2,8,4,9,,2,,,b'\x11\xe8\xe1I\xed+\xd4p\x9a\xbe\x12\xdf\x17\xaeN\x1e'
11E8E149-ED2B-D470-9ABE-12DF17AE4E1E,2020-ncaa-d3-conf-MWC,ncaa,1,1,1,1,1,2,1,2,1,1,1,2,6,9,2,9,2,1,6,1,3,2,1,3,2,2,9,9,3,2,2,1,1,1,1,2,4,8,6,5,6,7,2,3,,,9,9,,,1,1,5,6,4,3,9,2,2,7,9,2,1,1,5,4,2,2,2,4,5,7,3,,9,,,1,4,3,5,2,4,8,2,1,2,4,2,9,9,8,9,9,9,9,1,2,3,7,2,10,2,1,2,2,1,1,2,5,5,6,4,5,4,10,7,,,1,2,,,1,10,2,3,1,3,2,3,3,5,1,2,9,9,9,5,3,1,2,1,2,8,4,9,,2,,,b'\x11\xe8\xe1I\xed+\xd4p\x9a\xbe\x12\xdf\x17\xaeN\x1e'
11E8E149-ED2B-D470-9ABE-12DF17AE4E1E,2020-ncaa-d3-natl,ncaa,61,63,65,69,113,133,156,245,69,114,134,136,242,353,33,374,50,35,229,32,61,191,169,89,80,128,253,323,72,174,108,105,11,134,38,180,244,295,288,241,234,236,84,86,,,384,402,,,106,170,314,303,190,220,385,159,213,286,381,65,46,46,327,315,217,175,208,209,242,285,107,,320,,,108,162,68,117,91,95,202,63,106,77,266,69,419,412,347,413,407,188,189,90,157,172,355,115,433,33,11,93,108,46,38,126,223,206,203,141,245,232,304,249,,,54,41,,,106,276,129,110,105,86,31,24,58,112,60,32,395,380,387,71,55,12,38,18,92,267,188,252,,83,,,b'\x11\xe8\xe1I\xed+\xd4p\x9a\xbe\x12\xdf\x17\xaeN\x1e'
11E8E149-ED2B-D470-9ABE-12DF17AE4E1E,2021-ncaa-d3-conf-MWC,ncaa,2,1,3,1,3,2,2,4,1,2,3,1,3,4,2,4,3,3,3,3,3,4,3,1,1,1,5,4,3,3,3,3,1,2,1,3,4,3,4,4,2,1,4,3,,,4,5,,,1,3,1,1,1,1,3,1,1,4,4,2,1,1,2,1,3,2,2,3,4,1,3,,5,,,1,2,1,2,1,1,2,1,1,1,2,1,4,4,5,4,5,2,2,1,2,1,5,1,5,1,1,2,3,1,1,1,3,2,1,1,3,4,2,2,,,3,3,,,1,3,2,1,1,1,1,1,1,1,1,1,5,4,5,1,1,1,1,1,1,1,4,2,,1,,,b'\x11\xe8\xe1I\xed+\xd4p\x9a\xbe\x12\xdf\x17\xaeN\x1e'
11E8E149-ED2B-D470-9ABE-12DF17AE4E1E,2021-ncaa-d3-natl,ncaa,148,1,246,1,248,241,237,251,2,227,249,4,254,256,104,250,235,240,101,238,103,251,249,7,8,37,268,257,144,249,34,249,1,249,2,257,285,47,246,260,226,11,240,162,,,46,280,,,64,247,38,110,20,14,153,7,56,207,243,54,55,45,115,46,111,94,87,237,263,15,181,,272,,,6,28,22,27,31,26,33,17,14,12,79,4,54,48,268,48,259,30,33,14,61,12,167,10,285,9,1,27,34,21,2,12,7,225,3,3,49,241,21,13,,,239,51,,,64,38,47,6,8,13,2,3,17,80,6,3,263,241,244,5,102,1,11,2,3,7,255,14,,27,,,b'\x11\xe8\xe1I\xed+\xd4p\x9a\xbe\x12\xdf\x17\xaeN\x1e'
11E8E149-ED2B-D470-9ABE-12DF17AE4E1E,2022-ncaa-d3-conf-MWC,ncaa,1,1,1,1,1,1,1,2,1,1,1,1,2,6,1,8,3,2,6,3,7,2,1,1,1,1,8,4,9,1,1,1,2,1,1,1,2,7,7,2,1,1,5,5,,,7,6,,,1,1,7,6,2,1,7,1,3,3,8,4,5,5,7,5,1,6,2,1,6,4,7,,4,,,1,5,5,7,4,6,7,5,5,5,4,3,3,6,2,6,6,6,8,5,3,3,3,3,3,4,2,2,1,2,1,3,1,1,1,1,7,7,8,6,,,1,5,,,1,9,1,2,1,1,2,1,3,2,3,3,2,1,2,1,2,2,1,1,1,3,6,7,,5,,,b'\x11\xe8\xe1I\xed+\xd4p\x9a\xbe\x12\xdf\x17\xaeN\x1e'
11E8E149-ED2B-D470-9ABE-12DF17AE4E1E,2022-ncaa-d3-natl,ncaa,76,156,13,122,13,81,83,118,67,80,88,121,119,210,26,294,90,74,201,78,194,102,74,79,79,131,232,227,208,135,106,105,22,117,41,127,281,376,299,241,106,136,274,312,,,416,418,,,165,62,377,30,191,183,368,170,251,210,334,194,191,206,360,355,257,327,311,239,241,201,338,,340,,,173,363,350,270,347,377,268,373,197,247,133,180,360,378,123,380,355,301,324,333,333,286,147,106,284,56,22,166,106,111,41,143,23,114,162,90,353,276,421,387,,,30,73,,,165,369,133,219,170,146,148,23,206,45,72,85,243,266,273,30,24,7,13,5,38,253,233,382,,142,,,b'\x11\xe8\xe1I\xed+\xd4p\x9a\xbe\x12\xdf\x17\xaeN\x1e'
11E8E149-ED2B-D470-9ABE-12DF17AE4E1E,2023-ncaa-d3-conf-MWC,ncaa,1,2,1,2,1,1,1,1,1,1,1,2,5,7,1,8,2,1,7,1,4,1,1,1,1,1,8,7,6,1,1,2,1,1,1,2,8,8,5,3,4,4,6,7,,,9,9,,,1,1,3,6,2,2,6,2,3,7,8,3,3,3,4,3,1,6,3,3,7,4,7,,7,,,1,6,4,6,4,5,8,2,3,2,7,1,8,8,8,8,6,7,7,3,4,2,4,3,8,1,1,1,1,1,1,3,3,3,3,1,8,3,9,7,,,2,4,,,1,9,1,2,1,2,1,1,2,3,1,1,6,5,5,1,1,1,1,1,2,4,4,9,,4,,,b'\x11\xe8\xe1I\xed+\xd4p\x9a\xbe\x12\xdf\x17\xaeN\x1e'
11E8E149-ED2B-D470-9ABE-12DF17AE4E1E,2023-ncaa-d3-natl,ncaa,48,62,33,63,55,51,63,171,18,55,86,61,158,332,3,370,28,25,164,26,76,123,96,24,23,49,259,304,101,175,66,148,1,165,5,166,352,350,291,261,123,119,301,301,,,416,429,,,85,78,270,288,101,108,353,94,183,223,389,49,52,54,308,293,259,332,321,253,257,191,348,,388,,,93,315,212,107,347,254,173,300,165,88,358,78,409,402,367,402,408,161,230,329,384,314,290,103,411,7,1,44,66,20,5,143,100,109,85,89,274,212,400,341,,,26,18,,,85,352,60,160,90,141,85,6,116,49,82,29,383,363,361,19,25,1,2,2,73,185,190,366,,55,,,b'\x11\xe8\xe1I\xed+\xd4p\x9a\xbe\x12\xdf\x17\xaeN\x1e'
11E8E149-ED2B-D470-9ABE-12DF17AE4E1E,2024-ncaa-d3-conf-MWC,ncaa,1,1,1,1,1,2,2,3,1,1,2,1,7,9,1,9,1,1,3,1,3,3,3,1,1,1,9,9,3,3,1,4,1,3,1,3,8,8,5,5,2,1,4,4,,,4,5,,,1,3,7,5,2,2,6,1,3,8,9,1,1,1,3,4,3,5,4,4,5,2,4,,3,,,1,3,2,4,2,4,5,2,3,3,4,4,5,4,8,4,5,4,7,2,2,1,5,4,7,1,1,1,1,1,1,1,2,3,1,1,6,2,9,6,,,2,4,,,1,7,1,1,1,1,1,3,1,3,2,2,3,3,3,2,2,1,1,1,1,4,3,7,,3,,,b'\x11\xe8\xe1I\xed+\xd4p\x9a\xbe\x12\xdf\x17\xaeN\x1e'
11E8E149-ED2B-D470-9ABE-12DF17AE4E1E,2024-ncaa-d3-natl,ncaa,74,115,38,107,44,80,106,211,24,58,83,58,300,368,61,393,14,13,130,12,54,147,99,52,36,95,327,372,57,165,43,113,7,129,7,232,399,368,315,319,78,79,251,258,,,358,363,,,95,92,292,97,138,165,384,83,179,348,404,31,26,28,329,298,252,249,259,312,296,123,291,,268,,,101,231,199,181,219,234,198,236,149,171,148,171,326,352,162,350,341,211,265,196,226,167,230,132,332,17,7,30,43,21,7,43,6,96,111,30,341,295,398,327,,,28,38,,,95,343,104,90,94,89,83,33,113,61,82,81,249,259,257,38,57,5,2,2,16,189,268,351,,71,,,b'\x11\xe8\xe1I\xed+\xd4p\x9a\xbe\x12\xdf\x17\xaeN\x1e'
11E8E149-ED2B-D470-9ABE-12DF17AE4E1E,2025-ncaa-d3-conf-Midwest Conference,genius_ncaa,1,1,1,1,1,1,1,1,1,1,1,1,8,9,2,9,2,2,5,2,4,1,1,1,1,2,9,9,3,1,1,2,1,1,1,1,7,4,3,3,1,1,1,1,,,8,9,,8,1,2,8,1,2,2,4,1,1,8,9,3,2,2,2,3,1,4,1,3,3,1,1,,6,,8,1,1,1,1,1,1,3,1,1,1,2,3,6,5,9,6,7,2,4,1,2,1,8,4,9,1,1,1,1,1,1,1,1,1,1,1,3,1,5,3,,,2,3,,7,1,8,1,1,1,1,1,1,1,1,1,1,5,4,4,1,1,1,1,1,1,1,1,4,,2,,8,b'\x11\xe8\xe1I\xed+\xd4p\x9a\xbe\x12\xdf\x17\xaeN\x1e'
11E8E149-ED2B-D470-9ABE-12DF17AE4E1E,2025-ncaa-d3-natl,genius_ncaa,30,25,36,33,49,55,64,135,27,30,42,80,293,374,37,402,8,6,181,7,70,99,76,49,41,66,353,380,49,42,5,63,2,36,2,152,356,286,197,219,28,13,40,20,,,349,378,,386,18,107,323,226,81,100,302,34,85,351,397,17,17,16,205,229,63,138,79,236,196,39,63,,262,,368,19,71,42,86,56,37,96,44,185,175,232,227,281,261,277,266,340,107,212,70,93,47,376,285,369,9,2,34,5,18,2,21,43,63,45,12,208,135,213,94,,,31,42,,227,18,309,39,23,19,18,9,5,9,16,111,72,193,166,179,10,19,4,3,2,14,102,129,142,,61,,267,b'\x11\xe8\xe1I\xed+\xd4p\x9a\xbe\x12\xdf\x17\xaeN\x1e'
11E8E149-ED2B-D470-9ABE-12DF17AE4E1E,2026-ncaa-d3-conf-Midwest Conference,genius_ncaa,1,1,4,1,5,4,3,6,1,3,4,1,5,9,2,8,5,5,9,5,4,6,6,1,2,1,8,7,7,1,1,5,1,4,1,4,8,3,3,4,1,1,8,7,,,4,7,,4,1,7,6,4,1,1,5,1,3,5,8,4,3,3,4,4,1,4,1,3,3,1,8,,4,,5,1,2,2,2,1,2,2,3,1,4,1,9,1,3,2,3,5,2,2,1,1,1,6,3,5,1,1,2,1,1,1,2,4,2,1,1,3,3,5,5,,,5,3,,7,1,4,1,1,1,1,1,1,1,1,1,4,2,3,3,1,1,1,1,1,1,1,4,5,,3,,6,b'\x11\xe8\xe1I\xed+\xd4p\x9a\xbe\x12\xdf\x17\xaeN\x1e'
11E8E149-ED2B-D470-9ABE-12DF17AE4E1E,2026-ncaa-d3-natl,genius_ncaa,13,68,42,64,64,15,12,76,9,6,29,27,165,255,56,378,28,17,277,15,118,53,55,26,32,43,344,344,186,15,3,127,90,51,8,62,328,300,167,164,23,26,134,122,,,387,400,,413,19,93,260,113,29,23,164,8,62,254,360,59,34,33,105,126,21,282,116,137,196,40,211,,364,,406,34,284,237,217,245,191,153,268,334,330,276,360,354,324,363,305,361,234,293,286,323,187,373,334,334,153,90,125,3,127,8,263,266,27,31,74,280,165,368,264,,,48,122,,146,19,325,14,144,34,130,78,28,53,14,270,251,291,216,191,29,96,58,6,10,155,57,189,328,,93,,210,b'\x11\xe8\xe1I\xed+\xd4p\x9a\xbe\x12\xdf\x17\xaeN\x1e'
11E8E149-ED30-8B28-9ABE-12DF17AE4E1E,2018-ncaa-d3-conf-Great Northeast,ncaa,13,13,9,13,10,12,11,8,13,11,5,11,12,10,13,11,8,7,10,6,8,8,5,13,13,13,10,12,3,3,5,10,9,7,9,13,13,12,10,13,11,12,6,6,,,7,9,,,13,9,4,5,12,11,3,9,3,12,10,8,5,5,3,3,1,9,2,13,12,11,4,,9,,,13,12,11,8,11,12,9,12,3,2,11,2,12,10,13,10,9,8,7,11,11,12,1,2,12,6,9,10,5,7,9,10,7,10,12,12,12,12,13,11,,,3,3,,,13,6,12,11,13,12,11,11,12,13,7,2,12,11,11,11,9,6,11,10,10,9,12,13,,2,,,b'\x11\xe8\xe1I\xed0\x8b(\x9a\xbe\x12\xdf\x17\xaeN\x1e'
11E8E149-ED30-8B28-9ABE-12DF17AE4E1E,2018-ncaa-d3-natl,ncaa,417,327,429,417,432,428,431,420,435,424,394,432,418,393,433,315,365,318,391,324,154,419,423,433,432,430,221,360,10,287,235,419,247,405,307,432,401,134,371,426,438,433,264,212,,,36,161,,,416,429,58,256,411,423,142,395,107,408,282,184,77,81,112,55,55,165,75,428,399,431,139,,249,,,428,80,103,26,402,179,59,402,48,29,242,101,155,94,430,89,210,24,18,373,394,421,94,70,256,44,247,113,235,67,307,208,361,425,389,417,213,367,304,422,,,356,85,,,416,18,424,404,426,421,414,391,421,397,230,208,402,374,369,403,366,290,427,398,418,314,392,433,,19,,,b'\x11\xe8\xe1I\xed0\x8b(\x9a\xbe\x12\xdf\x17\xaeN\x1e'
11E8E149-ED30-8B28-9ABE-12DF17AE4E1E,2019-ncaa-d3-conf-Great Northeast,ncaa,11,11,9,11,9,7,7,7,8,10,10,8,6,5,7,5,2,2,8,3,3,5,6,8,8,7,3,6,2,8,10,9,8,8,11,6,5,6,6,6,13,13,11,13,,,3,3,,,12,7,4,1,4,7,5,9,6,5,5,2,1,1,3,3,5,5,4,5,7,13,10,,6,,,12,13,13,11,13,13,13,12,5,2,13,1,6,6,5,7,3,11,7,12,12,13,1,2,2,6,8,11,10,8,11,11,6,13,13,13,5,7,9,10,,,4,3,,,12,7,6,13,12,13,13,13,13,13,9,4,8,8,8,13,12,10,12,12,12,13,9,10,,1,,,b'\x11\xe8\xe1I\xed0\x8b(\x9a\xbe\x12\xdf\x17\xaeN\x1e'
11E8E149-ED30-8B28-9ABE-12DF17AE4E1E,2019-ncaa-d3-natl,ncaa,390,331,407,390,410,336,376,378,336,371,370,323,298,286,312,217,111,99,219,94,13,354,393,332,296,234,85,237,6,376,357,330,248,359,314,364,251,17,56,187,435,434,382,400,,,47,85,,,366,391,64,58,146,255,87,252,169,201,125,7,6,5,44,75,241,59,95,246,125,432,355,,171,,,380,247,335,163,402,373,283,368,139,61,383,79,113,105,233,105,86,132,51,381,362,428,49,108,92,149,248,176,357,156,314,207,77,433,437,430,22,65,191,307,,,184,15,,,366,48,253,427,380,433,432,430,428,431,313,230,278,275,272,428,386,344,404,395,367,432,110,331,,3,,,b'\x11\xe8\xe1I\xed0\x8b(\x9a\xbe\x12\xdf\x17\xaeN\x1e'
11E8E149-ED30-8B28-9ABE-12DF17AE4E1E,2020-ncaa-d3-conf-Great Northeast,ncaa,12,12,9,12,12,10,12,11,12,12,12,12,7,5,8,2,6,6,7,6,2,10,7,10,10,10,1,1,1,8,8,11,12,10,11,11,6,12,12,12,12,12,12,12,,,3,1,,,12,8,1,9,10,11,7,12,11,5,2,3,2,2,6,3,6,11,10,11,12,12,12,,8,,,12,12,12,11,12,12,12,11,3,2,10,2,5,8,4,7,2,10,8,12,12,12,1,1,1,12,12,4,8,12,11,12,4,12,12,12,12,12,10,12,,,5,2,,,12,7,10,12,12,12,12,12,12,12,7,4,9,10,10,12,12,12,10,12,12,10,12,10,,1,,,b'\x11\xe8\xe1I\xed0\x8b(\x9a\xbe\x12\xdf\x17\xaeN\x1e'
11E8E149-ED30-8B28-9ABE-12DF17AE4E1E,2020-ncaa-d3-natl,ncaa,379,368,372,383,388,379,402,338,427,405,364,427,255,179,356,117,172,195,134,203,74,330,302,415,399,395,23,112,10,258,312,246,396,254,357,373,173,319,359,387,430,435,256,334,,,60,41,,,399,298,51,303,364,401,195,410,313,203,95,87,102,110,162,75,159,75,105,367,388,431,232,,113,,,403,336,408,384,316,423,429,282,106,103,202,34,59,64,100,67,14,362,234,263,201,323,7,41,29,411,396,325,312,387,357,389,273,391,416,415,375,383,318,383,,,189,102,,,399,149,395,379,397,406,423,434,428,434,198,193,111,129,134,433,419,429,408,426,405,367,398,371,,45,,,b'\x11\xe8\xe1I\xed0\x8b(\x9a\xbe\x12\xdf\x17\xaeN\x1e'
11E8E149-ED30-8B28-9ABE-12DF17AE4E1E,2022-ncaa-d3-conf-Great Northeast,ncaa,6,6,1,6,3,4,4,1,4,6,5,4,2,1,3,4,1,1,2,1,3,1,3,4,4,4,2,4,3,7,10,7,9,5,11,4,6,4,2,4,6,8,11,11,,,13,9,,,6,2,3,3,4,4,2,6,6,2,2,1,1,1,1,4,8,10,7,4,3,7,11,,12,,,6,13,13,13,11,13,12,12,12,11,10,6,13,13,12,13,11,13,13,12,12,12,9,8,10,11,9,10,10,10,11,12,11,6,8,11,3,2,9,6,,,1,5,,,6,12,4,11,6,13,11,12,10,10,12,9,12,12,12,12,12,8,10,10,11,6,3,8,,2,,,b'\x11\xe8\xe1I\xed0\x8b(\x9a\xbe\x12\xdf\x17\xaeN\x1e'
11E8E149-ED30-8B28-9ABE-12DF17AE4E1E,2022-ncaa-d3-natl,ncaa,168,210,107,194,135,73,104,63,208,170,153,241,47,56,69,106,42,70,60,66,118,62,85,157,132,97,51,68,141,166,282,165,295,158,308,103,152,117,41,76,167,245,349,388,,,351,245,,,201,75,65,174,48,102,49,214,193,45,60,46,83,82,34,86,197,233,212,100,80,203,378,,328,,,204,406,397,360,332,393,374,300,330,261,351,141,373,373,206,375,285,379,370,335,337,323,188,179,241,348,295,380,282,379,308,406,334,145,260,327,105,51,159,127,,,125,247,,,201,361,107,328,199,367,359,339,355,347,289,210,350,351,356,357,361,311,354,334,361,189,80,127,,170,,,b'\x11\xe8\xe1I\xed0\x8b(\x9a\xbe\x12\xdf\x17\xaeN\x1e'
11E8E149-ED30-8B28-9ABE-12DF17AE4E1E,2023-ncaa-d3-conf-Great Northeast,ncaa,6,6,5,6,6,5,6,3,7,8,8,9,2,1,2,2,5,8,2,8,5,3,7,5,5,4,2,2,6,7,8,9,12,9,11,4,4,3,3,4,2,2,7,8,,,11,11,,,6,5,4,5,5,7,4,10,9,2,1,5,8,8,4,7,6,12,12,4,3,2,7,,12,,,6,10,8,4,9,9,6,9,6,3,13,3,11,11,4,11,10,6,9,10,9,8,8,6,9,11,12,10,8,10,11,5,1,2,2,2,5,5,6,8,,,5,8,,,6,9,5,7,6,9,9,4,9,5,7,4,11,11,11,4,11,10,11,11,6,2,4,6,,7,,,b'\x11\xe8\xe1I\xed0\x8b(\x9a\xbe\x12\xdf\x17\xaeN\x1e'
11E8E149-ED30-8B28-9ABE-12DF17AE4E1E,2023-ncaa-d3-natl,ncaa,188,223,109,207,150,101,133,79,248,231,197,275,32,35,58,71,93,85,198,86,88,76,78,167,165,143,27,31,177,194,305,255,382,218,376,62,24,204,114,79,34,53,232,277,,,390,304,,,188,55,50,241,86,140,64,275,255,25,33,96,95,99,52,80,215,337,296,54,174,32,249,,383,,,191,355,336,298,287,349,355,245,208,166,304,84,376,388,171,383,321,337,388,271,286,160,194,118,319,400,382,400,305,407,376,291,179,31,45,71,230,149,192,190,,,85,166,,,188,374,176,203,193,306,286,252,315,301,179,124,363,374,370,286,371,367,377,380,247,22,207,160,,81,,,b'\x11\xe8\xe1I\xed0\x8b(\x9a\xbe\x12\xdf\x17\xaeN\x1e'
11E8E149-ED30-8B28-9ABE-12DF17AE4E1E,2024-ncaa-d3-conf-Great Northeast,ncaa,7,7,3,7,4,5,5,3,7,10,9,8,1,1,3,3,8,8,10,8,7,4,7,4,5,4,3,1,12,11,11,6,7,8,10,4,8,2,2,3,4,4,11,13,,,14,12,,,5,6,5,8,5,6,1,10,10,1,1,8,8,9,2,8,12,9,11,4,3,4,12,,14,,,5,14,13,10,10,13,12,10,3,3,5,1,15,15,15,15,13,12,10,9,12,13,8,1,14,7,7,13,11,11,10,6,2,7,9,5,2,2,7,8,,,8,10,,,5,11,4,10,5,12,9,5,12,9,3,3,15,15,15,9,6,4,9,8,4,9,3,5,,11,,,b'\x11\xe8\xe1I\xed0\x8b(\x9a\xbe\x12\xdf\x17\xaeN\x1e'
11E8E149-ED30-8B28-9ABE-12DF17AE4E1E,2024-ncaa-d3-natl,ncaa,271,329,112,302,170,130,160,87,257,275,246,275,25,23,96,35,152,189,126,191,147,94,127,186,186,133,24,25,257,325,382,211,296,276,372,103,68,97,52,65,105,146,312,356,,,385,343,,,236,78,74,244,116,175,68,307,300,18,20,178,221,218,76,142,359,275,355,100,81,118,335,,375,,,235,376,354,311,329,381,353,347,91,164,50,82,413,393,394,395,322,346,344,269,314,315,96,26,359,309,296,387,382,375,372,253,101,140,211,189,181,141,129,153,,,148,187,,,236,339,196,309,239,348,327,296,362,329,74,137,407,382,383,325,326,270,365,341,222,154,155,106,,163,,,b'\x11\xe8\xe1I\xed0\x8b(\x9a\xbe\x12\xdf\x17\xaeN\x1e'
11E8E149-ED30-8B28-9ABE-12DF17AE4E1E,2025-ncaa-d3-conf-Great Northeast,genius_ncaa,5,4,7,5,9,5,6,5,8,5,6,4,4,3,6,3,10,13,3,13,12,6,8,6,6,5,8,4,13,2,2,7,5,5,5,6,9,4,3,5,2,2,6,7,,,9,9,,5,4,10,8,7,4,4,2,5,7,4,2,8,14,14,3,4,2,6,4,4,4,2,5,,9,,7,4,3,6,6,7,6,7,8,2,2,3,3,8,9,4,9,9,6,6,6,5,6,4,2,8,5,5,6,2,7,5,6,6,7,3,5,4,4,3,4,,,11,13,,3,4,6,5,5,4,4,5,5,9,8,2,3,8,8,8,4,5,4,5,4,7,6,5,3,,13,,3,b'\x11\xe8\xe1I\xed0\x8b(\x9a\xbe\x12\xdf\x17\xaeN\x1e'
11E8E149-ED30-8B28-9ABE-12DF17AE4E1E,2025-ncaa-d3-natl,genius_ncaa,141,155,116,156,166,81,106,81,170,164,217,119,49,34,163,51,52,124,9,127,117,85,89,132,103,93,62,93,148,130,137,194,266,165,208,105,184,193,109,131,113,152,254,300,,,308,240,,180,118,79,79,258,46,88,62,175,250,44,28,51,128,132,54,87,145,241,184,100,170,117,272,,298,,179,122,331,324,319,258,334,320,254,209,238,170,159,270,285,143,289,230,328,338,233,228,212,135,136,198,277,266,222,137,251,208,328,279,106,152,218,213,152,84,92,,,93,164,,40,118,334,98,198,127,278,284,271,299,297,179,201,256,274,283,282,312,249,185,206,293,116,189,68,,100,,43,b'\x11\xe8\xe1I\xed0\x8b(\x9a\xbe\x12\xdf\x17\xaeN\x1e'
11E8E149-ED30-8B28-9ABE-12DF17AE4E1E,2026-ncaa-d3-natl,genius_ncaa,390,366,215,390,229,334,318,288,295,272,250,267,340,292,359,280,349,277,394,278,260,302,260,321,343,362,350,307,283,283,260,326,380,321,352,368,391,314,369,387,327,357,283,312,,,210,248,,197,372,245,145,35,350,308,280,227,197,341,291,365,254,266,293,147,244,342,315,383,372,326,280,,312,,234,368,249,254,197,324,294,232,318,132,136,157,89,292,288,250,288,283,214,191,293,302,316,114,74,285,316,380,172,260,233,352,182,87,260,265,227,337,379,290,339,,,248,229,,98,372,168,369,344,369,351,340,321,368,338,147,163,355,365,366,338,332,362,250,329,243,198,380,351,,188,,79,b'\x11\xe8\xe1I\xed0\x8b(\x9a\xbe\x12\xdf\x17\xaeN\x1e'
11E8E149-ED35-3EB6-9ABE-12DF17AE4E1E,2018-ncaa-d3-conf-ODAC,ncaa,10,10,7,10,7,10,10,6,11,12,10,12,7,6,7,5,10,9,9,9,9,6,6,11,11,10,5,5,8,5,4,5,9,4,6,8,4,8,9,10,8,8,3,2,,,9,9,,,10,6,4,4,10,10,4,10,8,7,4,10,9,8,5,4,3,2,2,8,9,8,2,,9,,,10,7,7,7,5,7,8,7,7,6,4,7,9,9,12,9,9,8,6,4,7,9,6,6,10,9,9,9,4,7,6,7,5,9,9,9,7,9,9,10,,,6,5,,,10,6,10,10,10,10,8,10,7,8,7,8,10,10,10,12,10,9,10,10,9,9,8,10,,4,,,b'\x11\xe8\xe1I\xed5>\xb6\x9a\xbe\x12\xdf\x17\xaeN\x1e'
11E8E149-ED35-3EB6-9ABE-12DF17AE4E1E,2018-ncaa-d3-natl,ncaa,320,379,123,349,148,254,263,215,309,283,220,347,164,199,119,194,244,235,252,234,257,214,170,287,290,309,129,126,218,215,272,198,295,206,290,222,154,355,337,301,225,277,89,118,,,389,389,,,340,158,208,155,308,317,277,338,274,179,220,278,277,279,283,231,256,233,259,252,329,262,100,,392,,,330,360,292,305,228,331,331,216,193,182,183,105,426,422,349,420,378,350,310,206,272,325,249,91,410,335,295,296,272,319,290,211,132,266,349,261,359,336,315,325,,,149,154,,,340,286,316,331,334,307,240,244,278,296,158,155,423,417,416,324,267,309,254,280,196,320,330,302,,170,,,b'\x11\xe8\xe1I\xed5>\xb6\x9a\xbe\x12\xdf\x17\xaeN\x1e'
11E8E149-ED35-3EB6-9ABE-12DF17AE4E1E,2019-ncaa-d3-conf-ODAC,ncaa,6,7,2,8,3,2,2,2,4,1,2,4,4,7,5,10,7,4,12,4,7,3,2,6,8,7,11,9,8,3,4,6,3,3,5,2,4,12,7,8,2,3,6,6,,,13,12,,,6,2,4,10,7,5,5,2,3,7,10,7,5,5,5,3,3,11,7,4,9,3,9,,12,,,6,11,10,8,10,8,8,8,12,8,12,7,10,10,7,11,12,10,9,10,11,6,11,9,10,4,3,7,4,6,5,7,7,2,2,3,12,8,9,5,,,2,4,,,6,12,6,5,7,6,5,1,4,2,10,6,10,10,11,1,8,1,5,4,6,3,11,7,,2,,,b'\x11\xe8\xe1I\xed5>\xb6\x9a\xbe\x12\xdf\x17\xaeN\x1e'
11E8E149-ED35-3EB6-9ABE-12DF17AE4E1E,2019-ncaa-d3-natl,ncaa,101,134,42,125,66,57,55,54,94,48,52,125,152,214,93,326,89,53,335,52,183,51,48,111,121,130,308,282,253,55,75,135,33,79,69,73,197,333,201,146,41,47,131,134,,,431,421,,,79,53,140,439,97,81,141,70,102,228,301,156,96,101,114,126,89,289,170,105,226,63,177,,388,,,81,273,188,166,245,182,196,181,261,165,384,149,390,411,158,413,406,228,347,258,288,146,348,231,386,55,33,270,75,177,69,154,129,37,32,36,294,177,183,82,,,37,117,,,79,392,115,88,85,116,80,27,95,59,169,70,323,349,353,45,135,19,121,54,86,57,202,118,,82,,,b'\x11\xe8\xe1I\xed5>\xb6\x9a\xbe\x12\xdf\x17\xaeN\x1e'
11E8E149-ED35-3EB6-9ABE-12DF17AE4E1E,2020-ncaa-d3-conf-ODAC,ncaa,4,5,3,5,4,4,4,3,6,3,3,5,9,8,8,10,4,3,7,3,4,3,3,6,6,6,9,10,3,4,6,4,4,5,6,4,5,9,7,5,3,3,9,7,,,11,10,,,4,3,2,6,5,3,5,2,2,8,9,3,3,3,4,3,5,4,5,4,7,3,9,,10,,,4,7,3,5,5,4,6,3,6,6,8,5,12,12,9,11,11,7,10,5,8,5,12,6,12,5,4,8,6,4,6,4,7,3,2,2,8,6,12,10,,,6,7,,,4,10,6,4,6,7,3,3,3,4,6,4,10,10,10,5,6,4,7,6,4,2,6,11,,5,,,b'\x11\xe8\xe1I\xed5>\xb6\x9a\xbe\x12\xdf\x17\xaeN\x1e'
11E8E149-ED35-3EB6-9ABE-12DF17AE4E1E,2020-ncaa-d3-natl,ncaa,101,111,65,109,113,90,86,102,109,52,67,88,266,243,269,325,64,43,241,43,148,75,60,149,147,167,334,361,145,114,160,74,78,85,116,83,147,349,254,178,56,78,249,257,,,411,384,,,106,46,93,303,108,102,176,57,104,298,296,82,57,60,126,111,166,114,136,109,286,77,281,,381,,,108,261,128,190,116,143,223,104,168,162,200,123,430,427,306,427,417,279,361,119,200,120,360,128,430,161,78,285,160,241,116,142,176,48,64,44,259,183,292,193,,,88,209,,,106,385,184,98,129,161,75,79,95,128,116,93,418,412,411,153,242,107,189,140,105,67,212,242,,146,,,b'\x11\xe8\xe1I\xed5>\xb6\x9a\xbe\x12\xdf\x17\xaeN\x1e'
11E8E149-ED35-3EB6-9ABE-12DF17AE4E1E,2021-ncaa-d3-conf-ODAC,ncaa,2,4,2,4,2,2,1,2,3,1,1,2,4,3,3,8,3,3,3,3,10,2,2,3,3,2,9,7,8,1,3,3,6,3,5,2,6,5,2,2,2,3,2,3,,,10,7,,,1,3,7,2,3,2,4,2,2,6,8,5,5,5,4,6,4,7,6,4,2,3,3,,6,,,1,8,7,8,3,7,9,1,8,6,8,3,8,8,8,8,6,8,9,2,4,2,7,6,8,8,6,9,3,9,5,8,5,2,3,2,5,3,10,8,,,3,3,,,1,9,2,2,1,1,1,2,2,5,2,2,5,4,4,2,4,4,4,3,4,3,2,9,,4,,,b'\x11\xe8\xe1I\xed5>\xb6\x9a\xbe\x12\xdf\x17\xaeN\x1e'
11E8E149-ED35-3EB6-9ABE-12DF17AE4E1E,2021-ncaa-d3-natl,ncaa,25,115,32,75,34,32,25,33,44,21,20,85,53,81,35,235,38,36,75,36,201,36,41,56,54,39,208,189,178,50,140,43,75,47,127,26,97,210,49,33,28,56,38,64,,,233,138,,,21,36,122,61,48,38,67,29,30,130,212,96,119,119,64,109,146,148,154,43,60,62,68,,131,,,38,223,220,235,105,221,250,61,215,193,231,74,223,222,148,218,108,233,244,104,110,62,151,151,157,213,75,246,140,239,127,227,165,24,34,59,187,54,257,163,,,34,101,,,21,247,55,51,43,68,72,64,84,131,100,53,118,113,107,54,126,63,137,104,116,41,67,221,,92,,,b'\x11\xe8\xe1I\xed5>\xb6\x9a\xbe\x12\xdf\x17\xaeN\x1e'
11E8E149-ED35-3EB6-9ABE-12DF17AE4E1E,2022-ncaa-d3-conf-ODAC,ncaa,4,3,5,3,7,3,4,5,2,2,3,3,5,9,2,10,2,5,1,5,8,6,6,2,1,2,9,8,5,9,9,6,4,6,6,4,3,6,3,3,4,5,9,9,,,6,5,,,3,5,3,5,2,2,4,2,3,7,10,2,5,5,4,6,10,6,7,3,4,5,10,,6,,,3,4,4,4,6,4,3,6,6,8,4,10,9,5,12,5,7,3,6,6,7,6,8,7,10,3,4,4,9,4,6,1,2,2,3,1,3,1,9,5,,,4,6,,,3,8,3,4,3,5,4,5,2,4,5,7,7,5,5,3,6,2,5,3,3,2,1,9,,5,,,b'\x11\xe8\xe1I\xed5>\xb6\x9a\xbe\x12\xdf\x17\xaeN\x1e'
11E8E149-ED35-3EB6-9ABE-12DF17AE4E1E,2022-ncaa-d3-natl,ncaa,62,55,107,61,150,100,96,165,56,84,112,87,156,244,47,297,76,118,57,103,186,156,176,67,57,57,243,266,170,262,278,136,75,188,156,87,136,156,135,88,132,129,265,282,,,252,237,,,68,137,206,201,80,85,212,77,140,197,289,84,137,126,198,261,312,181,253,84,124,155,300,,204,,,67,187,158,179,151,167,178,164,167,210,125,222,305,262,379,264,290,190,233,151,176,123,259,181,335,101,75,216,278,164,156,71,46,84,68,25,125,115,294,228,,,158,182,,,68,289,83,94,72,107,97,81,114,103,112,156,269,226,228,88,142,71,141,105,39,103,98,268,,201,,,b'\x11\xe8\xe1I\xed5>\xb6\x9a\xbe\x12\xdf\x17\xaeN\x1e'
11E8E149-ED35-3EB6-9ABE-12DF17AE4E1E,2023-ncaa-d3-conf-ODAC,ncaa,7,5,6,7,8,5,5,5,6,5,4,6,10,10,8,11,4,1,10,1,4,3,5,7,7,7,10,11,6,8,8,5,7,5,7,9,10,6,5,7,3,5,7,7,,,7,6,,,7,4,3,5,5,5,5,5,3,10,11,1,2,2,4,4,6,5,6,8,8,3,8,,9,,,7,4,4,6,5,4,4,5,12,10,10,12,3,3,5,3,5,4,9,6,7,7,10,12,4,5,7,9,8,8,7,5,7,2,3,5,5,5,1,1,,,1,3,,,7,9,7,7,7,6,7,7,6,4,12,12,3,3,3,5,8,8,10,10,5,2,6,1,,2,,,b'\x11\xe8\xe1I\xed5>\xb6\x9a\xbe\x12\xdf\x17\xaeN\x1e'
11E8E149-ED35-3EB6-9ABE-12DF17AE4E1E,2023-ncaa-d3-natl,ncaa,90,85,109,91,162,128,130,134,134,91,101,131,278,253,291,326,47,27,308,26,71,108,104,172,164,170,307,354,86,105,135,138,215,119,173,236,356,252,180,259,84,90,249,256,,,324,262,,,101,109,142,288,120,138,161,87,104,305,297,47,25,26,105,114,107,173,136,273,226,91,272,,300,,,103,159,158,223,117,113,165,113,308,300,235,314,179,220,63,214,241,208,316,146,127,67,321,340,185,272,215,247,135,277,173,97,84,53,50,27,251,201,51,23,,,29,32,,,101,315,157,74,108,116,125,154,89,114,270,270,141,190,182,145,258,234,213,223,81,50,228,33,,23,,,b'\x11\xe8\xe1I\xed5>\xb6\x9a\xbe\x12\xdf\x17\xaeN\x1e'
11E8E149-ED35-3EB6-9ABE-12DF17AE4E1E,2024-ncaa-d3-conf-ODAC,ncaa,6,6,3,6,6,5,5,6,4,5,6,3,4,4,4,4,7,8,3,7,7,5,5,4,3,3,6,5,6,9,9,5,8,8,8,3,2,8,7,4,7,7,8,9,,,6,4,,,6,5,6,13,5,5,9,5,10,4,4,7,10,8,8,7,11,7,10,4,6,7,8,,6,,,6,7,7,10,6,8,7,6,9,9,7,8,6,6,3,6,5,9,9,7,7,6,6,8,4,9,8,7,9,7,8,9,9,2,3,7,6,7,3,3,,,3,3,,,6,9,5,5,6,7,6,8,6,6,9,9,5,5,6,6,8,7,6,7,8,3,7,2,,4,,,b'\x11\xe8\xe1I\xed5>\xb6\x9a\xbe\x12\xdf\x17\xaeN\x1e'
11E8E149-ED35-3EB6-9ABE-12DF17AE4E1E,2024-ncaa-d3-natl,ncaa,110,139,63,133,110,120,123,111,147,131,148,140,130,120,152,178,137,178,102,175,235,113,98,133,141,147,196,184,240,139,187,106,220,114,193,81,69,297,224,144,148,202,193,211,,,154,76,,,129,101,195,390,152,159,176,169,207,165,176,189,239,238,188,188,191,171,172,90,236,195,224,,91,,,132,212,243,293,140,216,245,140,313,310,243,289,117,134,112,129,117,265,333,167,134,77,245,328,101,320,220,312,187,314,193,245,238,54,65,100,290,232,276,235,,,97,149,,,129,326,148,100,133,118,149,177,136,150,250,247,73,85,79,131,230,241,202,222,182,68,234,225,,159,,,b'\x11\xe8\xe1I\xed5>\xb6\x9a\xbe\x12\xdf\x17\xaeN\x1e'
11E8E149-ED35-3EB6-9ABE-12DF17AE4E1E,2025-ncaa-d3-conf-ODAC,genius_ncaa,5,5,5,5,5,5,6,7,7,7,10,5,1,3,1,2,5,5,6,5,1,7,7,2,3,5,2,4,4,12,12,5,12,7,11,8,7,8,8,8,9,10,9,12,,,7,4,,4,8,5,7,5,6,6,11,9,12,2,4,5,4,4,10,9,12,6,9,9,8,10,9,,7,,6,8,12,13,12,7,12,12,8,9,10,5,6,5,7,6,6,3,12,11,8,7,10,3,4,3,13,12,10,12,12,11,9,7,10,13,11,9,9,5,8,,,4,1,,8,8,9,6,11,8,9,11,13,11,13,8,12,6,6,6,12,10,12,9,11,8,11,9,7,,3,,8,b'\x11\xe8\xe1I\xed5>\xb6\x9a\xbe\x12\xdf\x17\xaeN\x1e'
11E8E149-ED35-3EB6-9ABE-12DF17AE4E1E,2025-ncaa-d3-natl,genius_ncaa,194,215,116,207,166,224,257,251,266,329,354,244,68,61,147,32,212,193,250,187,48,237,204,198,202,244,19,24,192,324,372,126,338,222,358,275,265,283,290,300,223,279,190,243,,,198,137,,319,277,165,204,258,272,307,327,371,398,64,60,234,217,207,317,289,350,144,260,312,252,258,208,,176,,321,270,295,326,362,198,332,314,253,226,326,67,252,143,183,60,174,112,345,317,177,142,192,90,165,102,385,338,364,372,386,358,233,109,208,283,228,240,244,196,315,,,144,106,,100,277,260,274,255,269,242,287,323,298,292,194,302,113,150,149,301,285,363,331,350,202,248,222,182,,164,,106,b'\x11\xe8\xe1I\xed5>\xb6\x9a\xbe\x12\xdf\x17\xaeN\x1e'
11E8E149-ED35-3EB6-9ABE-12DF17AE4E1E,2026-ncaa-d3-conf-ODAC,genius_ncaa,8,7,3,8,7,7,6,6,8,11,10,9,1,2,3,1,9,6,11,6,3,8,8,4,7,7,1,1,10,7,6,8,7,8,9,10,10,3,4,8,12,12,6,6,,,5,6,,4,10,8,7,5,7,5,5,11,10,1,1,9,6,6,7,7,6,7,7,10,5,12,6,,6,,4,10,9,10,8,11,9,7,11,6,9,6,8,2,1,8,1,1,6,4,11,10,12,1,7,2,5,7,6,6,7,9,11,10,12,12,12,8,10,11,12,,,8,9,,9,10,4,6,12,10,11,12,9,11,8,8,10,2,1,1,7,5,6,8,9,11,12,10,11,,8,,9,b'\x11\xe8\xe1I\xed5>\xb6\x9a\xbe\x12\xdf\x17\xaeN\x1e'
11E8E149-ED35-3EB6-9ABE-12DF17AE4E1E,2026-ncaa-d3-natl,genius_ncaa,225,132,327,194,337,293,300,348,128,333,362,168,139,231,49,102,308,284,327,278,106,342,363,87,111,88,72,51,270,350,312,269,298,321,281,340,361,46,107,197,389,400,195,198,,,92,176,,75,183,354,183,113,107,123,172,220,279,43,86,188,147,147,155,225,287,37,129,275,98,391,119,,212,,105,174,91,102,133,93,107,172,44,132,92,288,119,98,90,238,92,66,118,82,93,77,198,196,241,160,234,298,119,312,148,281,113,198,382,383,334,103,226,134,267,,,304,127,,262,183,58,117,254,176,255,264,374,246,385,259,230,190,161,167,370,300,365,307,353,249,365,209,229,,144,,217,b'\x11\xe8\xe1I\xed5>\xb6\x9a\xbe\x12\xdf\x17\xaeN\x1e'
11E8E149-ED39-DB88-9ABE-12DF17AE4E1E,2018-ncaa-d3-conf-UAA,ncaa,2,2,1,2,1,3,4,3,4,5,3,4,5,5,6,5,4,3,3,3,2,2,2,4,3,3,6,7,2,3,4,2,1,1,2,3,3,4,3,5,3,3,2,3,,,3,4,,,3,3,3,1,3,4,3,5,3,5,5,4,3,3,2,2,3,2,1,3,4,3,2,,3,,,3,1,2,5,1,6,8,1,2,1,6,1,2,1,4,1,1,4,4,1,1,2,2,3,2,1,1,4,4,3,2,1,1,3,3,2,7,6,2,2,,,2,2,,,3,8,3,1,3,1,2,5,6,8,2,1,2,1,1,4,4,1,4,3,1,3,7,2,,2,,,b'\x11\xe8\xe1I\xed9\xdb\x88\x9a\xbe\x12\xdf\x17\xaeN\x1e'
11E8E149-ED39-DB88-9ABE-12DF17AE4E1E,2018-ncaa-d3-natl,ncaa,22,37,17,35,21,48,50,51,123,51,55,96,164,141,251,270,37,28,222,29,112,44,46,141,133,117,274,305,136,66,115,17,33,27,48,96,251,297,126,153,97,146,18,57,,,291,154,,,63,41,236,40,116,130,177,106,167,243,240,79,74,82,137,185,142,58,74,171,133,164,35,,121,,,74,276,344,408,128,393,440,66,77,77,174,22,184,140,358,138,27,399,391,65,63,75,28,40,138,145,33,346,115,273,48,51,1,103,175,38,343,224,327,184,,,15,63,,,63,410,116,56,62,84,140,208,242,364,21,14,80,54,55,144,151,59,153,90,8,204,229,227,,55,,,b'\x11\xe8\xe1I\xed9\xdb\x88\x9a\xbe\x12\xdf\x17\xaeN\x1e'
11E8E149-ED39-DB88-9ABE-12DF17AE4E1E,2019-ncaa-d3-conf-UAA,ncaa,6,6,1,6,3,7,6,1,8,4,1,8,8,8,8,8,6,7,6,7,8,2,1,8,8,8,8,7,5,1,1,5,3,2,3,4,4,6,4,6,4,4,1,1,,,1,1,,,6,7,7,3,7,6,1,4,1,8,8,6,7,7,2,1,1,5,2,4,6,4,1,,1,,,6,5,7,4,8,8,8,5,4,1,7,1,2,3,4,3,1,4,2,6,6,7,2,4,3,2,3,5,1,4,3,4,3,6,5,6,7,7,2,2,,,4,6,,,6,3,7,7,6,5,7,4,8,8,4,1,2,3,3,4,2,2,5,4,4,6,7,2,,4,,,b'\x11\xe8\xe1I\xed9\xdb\x88\x9a\xbe\x12\xdf\x17\xaeN\x1e'
11E8E149-ED39-DB88-9ABE-12DF17AE4E1E,2019-ncaa-d3-natl,ncaa,263,274,215,276,245,283,242,144,339,201,99,351,290,278,309,299,358,371,224,371,427,187,255,352,364,309,352,274,373,104,174,190,89,145,163,215,211,53,49,122,270,254,16,23,,,75,84,,,254,310,308,152,304,233,66,185,60,307,270,375,388,390,123,224,82,137,88,203,55,279,10,,69,,,253,154,216,172,269,338,368,187,23,16,306,9,162,128,390,127,67,150,113,195,207,247,27,23,196,85,89,329,174,236,163,90,42,330,308,222,170,187,243,172,,,303,317,,,254,143,276,209,249,182,252,208,334,393,26,7,179,136,136,184,109,108,346,264,114,344,178,262,,313,,,b'\x11\xe8\xe1I\xed9\xdb\x88\x9a\xbe\x12\xdf\x17\xaeN\x1e'
11E8E149-ED39-DB88-9ABE-12DF17AE4E1E,2020-ncaa-d3-conf-UAA,ncaa,5,5,1,5,3,6,5,3,6,5,2,6,4,6,3,7,5,6,7,6,6,2,4,6,6,6,7,3,6,7,7,3,6,4,7,6,7,3,3,4,3,4,1,1,,,4,2,,,4,3,3,3,6,5,3,5,2,4,6,5,6,6,2,4,7,3,4,6,3,3,1,,4,,,4,5,5,5,3,6,8,2,3,3,7,2,4,7,1,7,2,5,5,3,2,4,2,3,4,6,6,8,7,7,7,4,2,5,6,4,4,4,3,2,,,3,3,,,4,5,6,4,4,5,5,5,6,8,3,3,4,7,7,5,5,6,8,7,4,5,4,3,,3,,,b'\x11\xe8\xe1I\xed9\xdb\x88\x9a\xbe\x12\xdf\x17\xaeN\x1e'
11E8E149-ED39-DB88-9ABE-12DF17AE4E1E,2020-ncaa-d3-natl,ncaa,215,218,198,221,234,184,186,156,235,229,169,274,119,159,98,187,180,227,96,225,273,164,240,203,196,142,136,131,240,246,321,161,223,199,296,248,344,38,35,126,305,320,9,18,,,209,201,,,200,232,197,147,141,154,91,211,140,105,142,161,228,224,102,202,224,102,161,241,44,307,6,,250,,,200,246,266,268,227,337,386,138,88,42,316,15,267,254,311,249,129,271,209,171,183,256,74,62,258,276,223,359,321,333,296,55,9,317,342,154,61,73,163,149,,,201,163,,,200,200,158,273,202,266,284,313,337,406,98,46,277,260,262,312,256,289,362,341,69,317,72,179,,157,,,b'\x11\xe8\xe1I\xed9\xdb\x88\x9a\xbe\x12\xdf\x17\xaeN\x1e'
11E8E149-ED39-DB88-9ABE-12DF17AE4E1E,2021-ncaa-d3-natl,ncaa,148,28,232,66,234,234,233,238,104,227,239,64,230,235,201,101,255,254,248,254,271,243,244,114,161,137,249,144,275,232,94,235,148,233,116,227,80,39,57,37,238,144,125,4,,,49,193,,,119,244,268,110,178,108,125,87,148,159,118,274,276,276,204,254,101,103,85,85,36,171,1,,128,,,105,41,41,48,56,40,46,24,50,43,251,62,39,43,66,41,39,47,44,62,53,88,138,209,72,49,148,48,94,48,116,41,59,247,211,138,39,71,53,157,,,247,233,,,119,42,107,107,103,49,71,114,72,182,124,52,40,54,51,78,27,174,116,140,44,244,44,155,,261,,,b'\x11\xe8\xe1I\xed9\xdb\x88\x9a\xbe\x12\xdf\x17\xaeN\x1e'
11E8E149-ED39-DB88-9ABE-12DF17AE4E1E,2022-ncaa-d3-conf-UAA,ncaa,2,2,3,2,7,3,3,5,4,2,2,4,8,8,8,8,4,4,4,4,6,5,6,5,4,4,8,8,5,5,5,2,6,4,4,7,6,1,1,2,6,6,2,2,,,1,1,,,5,6,3,5,3,3,4,2,1,8,8,3,4,4,5,5,5,1,3,6,1,6,2,,1,,,5,3,4,8,2,5,8,2,4,4,6,4,2,1,8,1,1,6,5,2,1,3,3,6,2,5,6,6,5,6,4,4,3,7,7,4,1,1,2,3,,,6,6,,,5,5,4,3,4,4,4,8,5,8,4,4,2,1,1,8,7,7,7,7,4,7,1,3,,6,,,b'\x11\xe8\xe1I\xed9\xdb\x88\x9a\xbe\x12\xdf\x17\xaeN\x1e'
11E8E149-ED39-DB88-9ABE-12DF17AE4E1E,2022-ncaa-d3-natl,ncaa,116,129,107,125,155,94,73,63,117,58,66,116,145,147,179,244,183,219,110,217,347,76,109,137,142,103,304,255,321,162,267,33,148,58,172,96,227,104,45,61,212,286,11,27,,,283,178,,,118,106,105,231,73,49,49,54,66,180,185,207,258,259,61,123,188,8,31,94,67,248,6,,242,,,122,281,290,392,58,305,400,60,173,269,67,140,275,236,381,232,74,385,347,46,53,125,153,139,240,341,148,366,267,364,172,79,16,240,355,125,78,42,240,146,,,226,330,,,118,340,109,135,116,208,216,377,255,387,127,223,240,196,186,364,330,300,341,322,51,303,54,214,,305,,,b'\x11\xe8\xe1I\xed9\xdb\x88\x9a\xbe\x12\xdf\x17\xaeN\x1e'
11E8E149-ED39-DB88-9ABE-12DF17AE4E1E,2023-ncaa-d3-conf-UAA,ncaa,5,5,1,5,3,3,3,4,3,4,6,3,3,3,3,3,4,5,6,5,4,4,4,3,3,2,5,4,5,4,5,3,3,4,5,2,1,3,4,2,6,6,2,3,,,2,2,,,5,4,4,3,3,3,4,4,6,3,3,4,5,5,4,4,4,3,4,2,3,6,2,,2,,,5,5,5,6,5,6,7,5,4,4,4,3,3,1,8,1,1,6,3,5,5,6,3,4,2,3,3,6,5,3,5,3,2,7,7,6,6,6,6,7,,,7,6,,,5,4,4,5,5,5,5,6,6,7,4,4,3,1,1,6,3,3,6,3,3,7,6,6,,7,,,b'\x11\xe8\xe1I\xed9\xdb\x88\x9a\xbe\x12\xdf\x17\xaeN\x1e'
11E8E149-ED39-DB88-9ABE-12DF17AE4E1E,2023-ncaa-d3-natl,ncaa,132,113,185,125,233,84,73,152,32,136,257,26,46,68,40,74,250,276,179,271,218,174,253,22,29,20,142,68,394,278,286,73,38,155,114,42,44,43,39,7,330,345,30,29,,,49,39,,,83,223,199,273,37,35,107,101,275,33,55,257,283,285,131,247,289,19,117,13,39,354,20,,31,,,73,202,270,290,192,271,296,163,242,228,262,219,99,46,428,47,28,223,170,186,181,258,155,258,80,78,38,221,286,154,114,129,64,340,356,270,98,111,258,288,,,268,279,,,83,212,28,213,75,220,268,311,268,306,245,220,86,31,33,246,173,93,243,154,147,365,108,269,,293,,,b'\x11\xe8\xe1I\xed9\xdb\x88\x9a\xbe\x12\xdf\x17\xaeN\x1e'
11E8E149-ED39-DB88-9ABE-12DF17AE4E1E,2024-ncaa-d3-conf-UAA,ncaa,5,5,1,5,2,3,3,1,4,3,1,4,8,7,7,8,3,3,8,3,4,1,1,5,7,5,7,8,5,2,5,1,4,1,4,4,5,2,1,3,3,5,2,2,,,2,1,,,5,1,1,2,3,3,1,3,1,8,7,3,3,3,1,1,2,1,1,4,2,3,2,,2,,,5,7,7,8,6,5,6,6,8,7,7,6,3,3,5,3,2,8,8,6,6,6,6,8,2,4,4,7,5,6,4,5,4,6,8,6,6,4,4,2,,,3,4,,,5,8,4,6,5,7,7,8,5,6,8,7,3,3,3,8,8,4,7,6,5,6,6,4,,3,,,b'\x11\xe8\xe1I\xed9\xdb\x88\x9a\xbe\x12\xdf\x17\xaeN\x1e'
11E8E149-ED39-DB88-9ABE-12DF17AE4E1E,2024-ncaa-d3-natl,ncaa,227,232,200,238,257,154,133,143,130,100,123,97,245,216,298,281,179,125,352,121,185,127,168,158,174,136,337,314,255,183,224,92,41,119,115,172,297,108,83,132,266,281,53,69,,,97,80,,,222,168,123,244,102,86,91,65,88,257,221,167,101,99,73,121,169,34,66,163,116,263,35,,98,,,222,334,349,307,325,312,297,244,377,261,413,225,117,91,322,95,67,270,210,336,307,357,217,348,70,95,41,298,224,197,115,207,41,329,352,303,167,149,228,184,,,200,240,,,222,261,140,324,219,339,355,344,317,321,380,283,116,92,98,314,242,95,304,213,208,345,174,246,,183,,,b'\x11\xe8\xe1I\xed9\xdb\x88\x9a\xbe\x12\xdf\x17\xaeN\x1e'
11E8E149-ED39-DB88-9ABE-12DF17AE4E1E,2025-ncaa-d3-conf-UAA,genius_ncaa,5,5,1,5,5,5,5,3,7,4,4,5,8,4,7,5,3,3,5,3,4,3,4,7,7,6,6,7,2,3,4,8,5,7,7,5,5,2,2,3,2,2,7,7,,,2,2,,3,6,5,4,5,5,5,3,4,4,8,4,3,3,3,3,4,3,8,7,5,2,2,7,,2,,3,6,4,6,4,8,5,3,6,6,4,8,6,2,1,8,1,2,2,3,8,8,5,5,7,1,3,5,7,4,7,7,6,6,2,2,3,4,4,4,4,,,8,8,,6,6,5,4,4,6,4,6,4,5,3,6,4,2,1,1,2,3,3,7,7,6,2,4,4,,8,,6,b'\x11\xe8\xe1I\xed9\xdb\x88\x9a\xbe\x12\xdf\x17\xaeN\x1e'
11E8E149-ED39-DB88-9ABE-12DF17AE4E1E,2025-ncaa-d3-natl,genius_ncaa,194,184,192,195,218,167,156,160,164,159,180,158,168,162,172,189,239,255,152,251,280,171,240,161,168,115,232,190,301,181,217,210,79,204,183,146,177,37,46,61,192,149,254,255,,,65,75,,154,182,263,249,127,141,121,101,137,155,156,153,233,257,253,113,227,175,192,170,120,46,183,255,,43,,155,182,219,278,201,310,211,147,289,360,299,366,352,37,18,410,19,26,127,119,331,315,312,224,374,27,61,79,254,217,154,183,255,203,255,231,285,85,97,174,157,,,348,367,,267,182,161,117,263,177,234,292,231,223,154,348,319,29,11,13,152,121,76,265,172,257,280,97,178,,378,,278,b'\x11\xe8\xe1I\xed9\xdb\x88\x9a\xbe\x12\xdf\x17\xaeN\x1e'
11E8E149-ED39-DB88-9ABE-12DF17AE4E1E,2026-ncaa-d3-natl,genius_ncaa,98,200,42,183,112,46,30,46,125,36,64,94,72,54,203,144,256,234,310,245,387,58,85,128,165,114,309,169,398,66,122,47,29,58,58,33,150,164,36,34,81,97,36,47,,,210,133,,20,118,103,297,393,127,70,69,87,136,133,112,373,353,363,113,232,144,123,127,62,42,152,51,,72,,17,138,306,297,300,226,244,305,101,367,275,405,177,249,284,104,280,205,305,278,265,248,284,327,357,151,126,29,298,122,248,58,263,156,220,301,267,228,122,242,155,,,241,393,,323,118,304,87,230,149,167,169,133,104,165,325,127,133,161,158,122,61,34,165,83,155,350,125,164,,395,,368,b'\x11\xe8\xe1I\xed9\xdb\x88\x9a\xbe\x12\xdf\x17\xaeN\x1e'
11E8E149-ED3E-A546-9ABE-12DF17AE4E1E,2018-ncaa-d3-conf-NACC,ncaa,10,10,7,10,10,11,11,8,12,12,8,12,11,9,11,8,11,11,8,11,12,8,5,12,12,12,5,9,3,5,9,11,11,9,11,12,11,12,11,12,4,4,11,11,,,9,10,,,12,5,2,7,11,11,5,12,4,11,8,11,11,11,5,3,3,10,8,12,12,4,11,,10,,,12,12,11,3,11,8,3,11,12,10,11,12,9,8,8,8,11,4,9,11,12,11,9,10,6,8,11,11,9,11,11,11,11,4,3,9,12,11,12,12,,,10,11,,,12,8,11,11,12,12,11,7,9,4,12,12,9,8,8,7,11,8,12,11,11,2,12,12,,9,,,b'\x11\xe8\xe1I\xed>\xa5F\x9a\xbe\x12\xdf\x17\xaeN\x1e'
11E8E149-ED3E-A546-9ABE-12DF17AE4E1E,2018-ncaa-d3-natl,ncaa,364,394,197,381,264,382,379,216,428,373,185,429,321,259,386,254,348,326,354,318,360,239,194,425,425,418,212,210,197,245,379,328,286,308,395,375,282,359,354,401,164,178,375,380,,,311,330,,,419,169,103,303,410,406,180,392,165,327,250,369,352,349,218,140,241,368,327,395,360,156,385,,348,,,409,374,383,214,410,327,120,423,400,373,356,395,218,212,209,192,276,211,261,420,414,370,277,359,107,200,286,421,379,392,395,429,425,134,142,347,398,394,439,433,,,265,313,,,419,270,417,350,410,372,366,256,320,132,407,385,205,217,199,239,296,214,423,380,417,119,390,441,,286,,,b'\x11\xe8\xe1I\xed>\xa5F\x9a\xbe\x12\xdf\x17\xaeN\x1e'
11E8E149-ED3E-A546-9ABE-12DF17AE4E1E,2019-ncaa-d3-conf-NACC,ncaa,11,11,8,11,9,11,12,11,11,12,7,12,11,10,10,9,5,7,5,7,8,9,8,11,11,11,7,10,2,10,12,12,13,11,13,11,8,12,12,11,10,12,12,13,,,3,2,,,12,5,1,9,11,12,8,12,5,11,10,4,5,5,8,5,10,10,11,11,12,10,12,,5,,,12,13,13,13,13,13,12,13,12,12,13,8,4,4,4,4,2,13,12,13,13,13,3,9,3,13,13,12,12,13,13,13,9,11,12,12,12,12,12,11,,,5,6,,,12,10,11,13,12,13,13,13,13,13,12,12,4,5,4,13,13,13,13,13,13,11,12,13,,4,,,b'\x11\xe8\xe1I\xed>\xa5F\x9a\xbe\x12\xdf\x17\xaeN\x1e'
11E8E149-ED3E-A546-9ABE-12DF17AE4E1E,2019-ncaa-d3-natl,ncaa,413,434,215,421,259,359,371,271,410,342,213,403,360,289,414,279,232,273,82,271,280,277,203,414,403,408,223,321,48,361,422,302,425,345,430,353,228,388,384,396,360,411,424,437,,,55,12,,,435,144,71,179,393,403,263,369,195,372,285,217,267,264,265,144,366,325,375,378,393,379,430,,40,,,433,442,442,430,437,441,403,436,439,419,428,346,71,72,220,69,18,418,362,440,435,441,86,368,10,427,425,413,422,428,430,441,411,355,419,437,425,414,430,422,,,230,240,,,435,305,415,441,431,441,441,435,436,412,438,427,78,74,74,430,414,426,414,425,441,371,418,433,,200,,,b'\x11\xe8\xe1I\xed>\xa5F\x9a\xbe\x12\xdf\x17\xaeN\x1e'
11E8E149-ED3E-A546-9ABE-12DF17AE4E1E,2020-ncaa-d3-conf-NACC,ncaa,12,12,7,12,7,12,12,12,11,11,13,10,11,10,13,6,8,8,3,8,5,13,11,11,11,12,9,10,2,12,11,12,13,13,12,12,8,13,13,12,12,12,10,11,,,1,1,,,12,11,11,1,12,12,12,11,13,11,10,6,8,8,13,11,12,12,13,12,13,12,9,,1,,,12,12,12,13,12,12,6,12,12,12,12,12,1,1,1,1,1,12,7,12,12,12,8,12,1,13,13,2,11,7,12,13,12,12,12,12,13,13,8,11,,,12,8,,,12,3,12,12,12,12,12,13,12,7,12,12,1,1,1,13,10,13,6,9,13,12,13,9,,11,,,b'\x11\xe8\xe1I\xed>\xa5F\x9a\xbe\x12\xdf\x17\xaeN\x1e'
11E8E149-ED3E-A546-9ABE-12DF17AE4E1E,2020-ncaa-d3-natl,ncaa,379,409,198,390,200,388,399,396,377,379,391,293,383,264,431,145,196,231,143,225,41,384,338,384,352,397,182,324,11,410,415,229,343,338,371,332,53,420,424,400,391,406,295,289,,,26,17,,,425,261,277,7,410,422,426,395,416,388,257,187,233,224,425,344,424,215,363,351,416,401,303,,17,,,419,423,421,388,390,308,149,394,437,437,416,432,35,46,42,43,72,359,226,418,397,423,371,436,10,357,343,248,415,313,371,435,436,395,418,434,424,423,233,369,,,306,246,,,425,185,411,426,423,408,412,402,314,162,437,434,27,46,44,380,280,354,266,316,434,405,415,248,,323,,,b'\x11\xe8\xe1I\xed>\xa5F\x9a\xbe\x12\xdf\x17\xaeN\x1e'
11E8E149-ED3E-A546-9ABE-12DF17AE4E1E,2021-ncaa-d3-conf-NACC,ncaa,11,10,9,11,10,11,11,9,11,12,9,11,9,9,12,3,11,12,11,12,11,9,10,11,11,11,4,3,8,5,4,9,9,8,7,12,11,8,9,11,7,7,6,5,,,9,12,,,10,10,3,4,11,11,3,10,5,7,3,10,10,10,5,3,2,4,1,12,10,5,4,,12,,,11,4,3,3,5,3,5,5,3,2,10,3,11,11,3,11,12,4,3,5,7,8,11,7,12,6,9,4,4,4,7,4,6,9,8,6,6,9,6,10,,,10,7,,,10,3,11,9,11,10,7,8,6,8,10,10,12,12,12,10,10,9,12,12,7,6,9,10,,5,,,b'\x11\xe8\xe1I\xed>\xa5F\x9a\xbe\x12\xdf\x17\xaeN\x1e'
11E8E149-ED3E-A546-9ABE-12DF17AE4E1E,2021-ncaa-d3-natl,ncaa,251,238,176,251,180,200,199,176,271,201,173,266,178,138,255,96,206,205,233,204,251,181,177,269,272,268,140,103,204,125,114,165,134,160,144,211,264,136,214,268,189,226,134,103,,,192,283,,,254,181,105,110,260,255,82,246,121,185,92,256,247,250,118,70,54,66,47,271,228,207,106,,282,,,243,116,103,102,108,103,105,101,115,118,157,114,183,204,46,200,280,115,108,114,132,167,241,127,269,120,134,135,114,129,144,115,160,188,205,178,113,136,139,200,,,170,157,,,254,104,266,173,244,173,119,138,113,134,160,143,272,280,280,211,172,184,247,225,145,188,142,211,,121,,,b'\x11\xe8\xe1I\xed>\xa5F\x9a\xbe\x12\xdf\x17\xaeN\x1e'
11E8E149-ED3E-A546-9ABE-12DF17AE4E1E,2022-ncaa-d3-conf-NACC,ncaa,7,7,1,7,1,8,8,1,11,6,1,11,12,8,14,11,2,1,14,1,3,1,1,12,12,12,13,14,1,1,2,6,8,1,7,10,12,11,6,11,1,1,6,5,,,14,10,,,9,1,7,5,10,11,3,7,1,14,9,3,1,1,2,2,1,7,4,10,8,3,6,,10,,,9,10,8,10,6,5,5,5,14,14,13,12,11,10,12,10,12,10,14,9,8,6,14,13,10,9,8,13,2,13,7,11,14,2,4,8,7,4,11,8,,,1,5,,,9,14,10,6,9,7,6,4,3,3,13,12,10,10,10,5,7,6,12,9,10,4,5,10,,2,,,b'\x11\xe8\xe1I\xed>\xa5F\x9a\xbe\x12\xdf\x17\xaeN\x1e'
11E8E149-ED3E-A546-9ABE-12DF17AE4E1E,2022-ncaa-d3-natl,ncaa,131,182,61,161,67,231,246,81,388,198,74,373,328,187,415,286,74,15,377,14,96,66,57,399,391,370,257,351,29,23,103,99,158,57,186,315,379,279,162,340,74,91,139,133,,,369,327,,,252,101,266,93,344,356,143,287,123,366,249,112,49,47,97,116,31,186,73,387,196,107,183,,308,,,247,240,200,267,116,147,178,134,326,358,169,343,309,288,353,290,307,274,320,145,155,119,356,329,300,257,158,399,103,373,186,294,344,75,84,141,174,86,361,273,,,36,99,,,252,322,340,122,254,111,90,110,71,59,249,287,238,209,211,106,157,168,350,291,210,120,114,325,,70,,,b'\x11\xe8\xe1I\xed>\xa5F\x9a\xbe\x12\xdf\x17\xaeN\x1e'
11E8E149-ED3E-A546-9ABE-12DF17AE4E1E,2023-ncaa-d3-conf-NACC,ncaa,12,12,7,12,10,13,13,12,13,14,14,14,11,5,13,4,11,10,13,11,4,12,13,13,13,13,4,8,5,10,11,13,9,13,10,13,11,8,10,12,7,7,14,14,,,10,13,,,12,12,10,4,13,13,10,14,14,10,5,11,8,9,11,10,9,13,13,13,8,7,14,,11,,,12,6,6,5,12,5,3,13,10,6,10,8,12,13,9,13,14,5,3,12,12,11,12,7,12,5,9,12,11,10,10,9,12,7,6,9,11,11,12,14,,,7,4,,,12,3,13,11,12,9,8,5,7,4,10,9,13,13,13,5,6,5,12,10,9,7,11,13,,6,,,b'\x11\xe8\xe1I\xed>\xa5F\x9a\xbe\x12\xdf\x17\xaeN\x1e'
11E8E149-ED3E-A546-9ABE-12DF17AE4E1E,2023-ncaa-d3-natl,ncaa,366,398,185,376,198,354,356,271,391,355,330,364,255,126,401,90,341,279,401,281,165,275,273,387,396,379,160,151,205,300,370,290,166,314,351,348,280,277,309,358,137,115,387,382,,,300,351,,,372,246,246,71,395,390,303,386,360,274,117,370,289,296,313,285,325,327,349,380,279,131,398,,321,,,367,258,219,99,363,216,85,376,242,223,269,274,331,358,132,360,398,132,166,366,372,320,286,227,320,121,166,388,370,313,351,356,395,158,129,287,291,306,310,366,,,237,202,,,372,186,388,296,366,266,226,83,219,67,245,215,349,361,363,125,168,124,388,309,332,148,287,322,,245,,,b'\x11\xe8\xe1I\xed>\xa5F\x9a\xbe\x12\xdf\x17\xaeN\x1e'
11E8E149-ED3E-A546-9ABE-12DF17AE4E1E,2024-ncaa-d3-conf-NACC,ncaa,8,9,5,9,6,6,8,5,11,8,6,10,4,3,7,4,8,5,13,4,5,4,4,10,11,10,4,3,6,1,1,7,2,5,3,6,6,3,3,6,9,8,13,13,,,13,14,,,7,10,12,5,8,9,3,10,5,4,3,10,5,5,2,5,1,9,1,7,3,9,13,,12,,,7,4,3,1,7,3,2,7,4,2,11,5,12,10,14,10,13,2,1,7,10,9,11,6,14,2,2,8,1,4,3,5,6,9,7,5,5,5,13,14,,,2,4,,,7,4,6,7,8,6,4,2,4,4,5,2,11,11,11,4,2,2,7,6,6,9,5,13,,2,,,b'\x11\xe8\xe1I\xed>\xa5F\x9a\xbe\x12\xdf\x17\xaeN\x1e'
11E8E149-ED3E-A546-9ABE-12DF17AE4E1E,2024-ncaa-d3-natl,ncaa,227,275,112,249,134,218,224,136,313,252,213,288,148,95,279,117,253,210,338,202,199,136,135,293,320,293,138,132,259,30,27,166,18,84,29,228,227,260,217,249,156,117,386,374,,,384,412,,,166,227,323,80,263,261,138,281,247,167,98,279,238,234,147,156,24,204,64,251,232,166,395,,374,,,167,105,80,73,136,86,74,178,131,164,118,252,322,323,253,322,393,95,124,151,200,153,322,202,389,26,18,205,27,91,29,102,201,172,114,105,269,225,312,307,,,121,141,,,166,187,231,103,173,79,55,28,70,38,113,137,314,303,302,39,54,16,156,58,87,196,237,304,,119,,,b'\x11\xe8\xe1I\xed>\xa5F\x9a\xbe\x12\xdf\x17\xaeN\x1e'
11E8E149-ED3E-A546-9ABE-12DF17AE4E1E,2025-ncaa-d3-conf-NACC,genius_ncaa,11,11,10,11,11,11,11,11,11,11,14,11,7,4,12,2,9,9,6,9,4,12,10,11,11,11,2,4,4,5,6,10,7,8,7,9,5,8,11,10,11,10,13,11,,,10,13,,14,9,13,6,5,10,10,8,11,13,5,2,8,7,7,8,4,3,6,5,8,12,10,13,,14,,14,9,8,7,2,10,7,6,8,8,3,12,8,9,8,13,7,9,2,1,9,11,9,10,9,9,5,7,6,6,4,7,8,8,11,9,9,11,12,13,14,,,9,5,,7,9,2,10,9,9,9,9,8,8,7,11,8,12,12,11,7,6,5,8,7,9,10,12,13,,5,,7,b'\x11\xe8\xe1I\xed>\xa5F\x9a\xbe\x12\xdf\x17\xaeN\x1e'
11E8E149-ED3E-A546-9ABE-12DF17AE4E1E,2025-ncaa-d3-natl,genius_ncaa,343,319,373,345,378,347,356,347,338,373,387,289,194,133,289,38,297,322,155,317,113,351,370,298,297,285,45,55,162,232,160,344,61,306,141,330,189,116,249,273,363,299,385,361,,,247,409,,395,296,384,199,258,274,305,174,349,350,98,44,209,234,218,188,172,110,172,129,269,248,320,381,,390,,412,306,83,50,20,291,46,26,267,180,89,352,251,308,258,372,254,383,24,23,316,363,352,372,264,380,14,61,90,160,36,141,94,218,355,249,257,157,265,168,331,,,337,224,,209,296,35,277,307,304,300,203,116,164,95,293,227,390,368,366,171,137,65,287,178,221,281,263,266,,209,,150,b'\x11\xe8\xe1I\xed>\xa5F\x9a\xbe\x12\xdf\x17\xaeN\x1e'
11E8E149-ED3E-A546-9ABE-12DF17AE4E1E,2026-ncaa-d3-conf-NACC,genius_ncaa,11,11,1,11,1,10,11,7,12,8,5,13,10,10,10,12,9,4,13,4,6,6,3,12,13,13,9,10,7,2,2,2,4,2,3,9,7,13,13,12,8,12,5,8,,,8,5,,9,12,6,7,1,13,13,13,13,10,12,12,9,7,7,12,5,2,3,3,12,13,11,8,,6,,8,12,11,11,12,8,12,12,10,6,10,2,7,5,8,4,8,4,12,8,8,8,9,1,4,3,6,4,8,2,8,3,12,12,8,12,12,13,13,5,6,,,3,7,,5,12,11,13,9,12,9,10,11,12,11,5,9,3,5,5,11,5,4,4,5,11,12,13,4,,5,,8,b'\x11\xe8\xe1I\xed>\xa5F\x9a\xbe\x12\xdf\x17\xaeN\x1e'
11E8E149-ED3E-A546-9ABE-12DF17AE4E1E,2026-ncaa-d3-natl,genius_ncaa,390,397,116,390,139,365,368,297,392,333,250,371,385,310,403,320,256,93,411,87,42,278,187,396,401,400,310,366,61,163,189,143,179,144,176,384,383,385,400,407,369,402,364,376,,,201,165,,347,405,190,259,113,406,407,407,388,340,398,367,324,103,95,399,261,190,152,167,410,393,403,382,,152,,349,402,334,357,315,347,326,227,388,371,384,223,386,158,154,162,155,132,302,237,363,333,392,202,344,37,234,179,241,189,239,176,401,402,349,406,412,402,408,311,348,,,82,40,,123,405,240,399,382,403,349,367,338,326,181,380,392,95,108,103,316,174,197,193,194,400,406,397,309,,60,,138,b'\x11\xe8\xe1I\xed>\xa5F\x9a\xbe\x12\xdf\x17\xaeN\x1e'
11E8E149-ED43-4EC0-9ABE-12DF17AE4E1E,2018-ncaa-d3-conf-CCC,ncaa,2,2,1,2,1,2,3,2,3,3,2,4,3,3,5,7,2,2,7,2,3,2,2,3,3,4,7,5,7,2,1,1,3,1,1,1,3,7,3,3,3,3,1,1,,,10,7,,,2,2,6,6,3,3,2,4,4,5,5,2,2,2,2,3,2,1,1,1,5,5,1,,5,,,2,2,2,10,1,2,10,1,2,3,3,1,7,7,1,7,2,10,9,1,1,1,6,6,7,7,3,5,1,4,1,2,2,3,4,3,6,4,4,3,,,2,2,,,2,9,3,1,2,1,2,4,2,7,2,1,3,4,4,4,2,5,1,2,1,5,4,3,,2,,,b'\x11\xe8\xe1I\xedCN\xc0\x9a\xbe\x12\xdf\x17\xaeN\x1e'
11E8E149-ED43-4EC0-9ABE-12DF17AE4E1E,2018-ncaa-d3-natl,ncaa,31,49,17,47,34,97,103,69,183,116,96,195,113,111,156,193,129,116,247,107,206,66,67,176,196,192,214,185,258,56,63,20,100,24,42,45,38,335,215,114,212,300,3,6,,,389,341,,,86,74,351,230,217,219,237,227,258,186,205,246,230,218,241,268,116,59,67,84,188,331,5,,260,,,98,189,174,398,19,215,407,15,168,227,99,102,267,324,80,319,147,400,364,15,14,47,209,167,296,312,100,244,63,271,42,114,89,172,273,127,343,252,315,221,,,24,61,,,86,368,176,48,94,46,43,167,78,259,77,102,132,166,158,150,89,156,70,88,40,329,229,216,,90,,,b'\x11\xe8\xe1I\xedCN\xc0\x9a\xbe\x12\xdf\x17\xaeN\x1e'
11E8E149-ED43-4EC0-9ABE-12DF17AE4E1E,2019-ncaa-d3-conf-CCC,ncaa,4,4,5,4,6,5,6,7,6,7,8,6,4,6,5,4,4,4,9,4,2,6,6,6,5,5,2,5,3,3,2,3,5,4,2,4,2,4,6,5,5,3,5,5,,,1,1,,,4,7,9,4,5,7,8,8,8,4,5,4,2,2,6,5,2,3,2,5,6,3,4,,1,,,4,1,1,3,3,3,8,2,1,1,5,1,1,1,5,1,1,2,3,2,2,2,1,3,2,6,5,2,2,2,2,1,1,5,4,3,6,6,6,8,,,4,2,,,4,2,4,2,4,2,3,5,5,8,1,1,2,1,1,4,3,5,4,5,1,5,5,7,,2,,,b'\x11\xe8\xe1I\xedCN\xc0\x9a\xbe\x12\xdf\x17\xaeN\x1e'
11E8E149-ED43-4EC0-9ABE-12DF17AE4E1E,2019-ncaa-d3-natl,ncaa,187,219,129,203,184,324,343,312,362,360,338,343,233,170,331,138,197,102,388,110,35,280,309,349,345,320,92,173,69,188,204,196,219,204,208,275,111,149,207,237,287,280,167,186,,,94,117,,,233,334,420,260,384,400,391,399,385,262,196,215,106,118,367,405,217,240,232,326,122,325,174,,65,,,232,86,134,198,124,182,303,76,109,82,255,94,80,77,260,77,57,152,115,98,86,132,97,166,125,235,219,240,204,233,208,202,273,317,293,288,135,185,405,427,,,104,29,,,233,109,309,162,238,66,119,148,154,270,86,54,66,59,56,87,41,205,194,187,169,366,125,396,,110,,,b'\x11\xe8\xe1I\xedCN\xc0\x9a\xbe\x12\xdf\x17\xaeN\x1e'
11E8E149-ED43-4EC0-9ABE-12DF17AE4E1E,2020-ncaa-d3-conf-CCC,ncaa,4,3,3,4,3,3,2,3,4,2,2,3,5,4,6,7,6,4,7,4,6,3,3,4,5,5,7,7,8,1,1,5,5,3,4,1,1,2,4,1,4,4,2,1,,,6,5,,,3,3,7,1,4,3,2,3,2,6,6,6,4,4,2,3,1,7,3,1,4,6,2,,5,,,3,2,2,2,2,2,7,2,1,1,2,1,5,3,8,3,3,3,5,1,1,1,3,1,8,3,5,3,1,3,4,2,4,3,1,3,4,4,8,6,,,3,8,,,3,7,3,1,3,1,1,2,2,4,1,1,4,3,3,2,3,5,2,3,3,3,4,8,,8,,,b'\x11\xe8\xe1I\xedCN\xc0\x9a\xbe\x12\xdf\x17\xaeN\x1e'
11E8E149-ED43-4EC0-9ABE-12DF17AE4E1E,2020-ncaa-d3-natl,ncaa,118,136,65,136,77,182,138,77,233,102,63,231,220,203,264,297,287,143,423,141,282,79,88,245,303,274,343,276,363,39,54,161,193,70,99,29,4,220,142,47,253,290,48,71,,,280,251,,,144,139,313,92,242,179,134,131,101,271,259,348,201,197,130,168,48,252,103,24,157,305,58,,211,,,149,148,175,259,102,249,358,89,69,98,104,66,219,190,318,192,110,249,275,78,84,78,94,81,261,227,193,252,54,251,99,171,181,159,181,140,155,104,416,345,,,143,241,,,144,294,225,87,150,73,105,151,165,274,38,49,163,136,137,130,126,163,154,145,128,200,112,395,,213,,,b'\x11\xe8\xe1I\xedCN\xc0\x9a\xbe\x12\xdf\x17\xaeN\x1e'
11E8E149-ED43-4EC0-9ABE-12DF17AE4E1E,2022-ncaa-d3-conf-CCC,ncaa,1,1,1,1,1,1,1,2,1,1,2,2,9,9,5,9,4,3,8,3,9,2,3,3,3,1,10,9,9,1,1,1,2,1,1,1,1,1,1,1,6,6,2,2,,,4,5,,,1,5,10,3,1,1,2,1,2,9,9,7,3,3,2,5,1,2,1,1,1,6,2,,2,,,1,1,1,3,1,2,5,1,2,2,2,5,4,4,4,4,4,2,2,1,1,1,7,6,6,2,2,3,1,2,1,1,4,6,5,2,2,3,10,5,,,6,8,,,1,6,1,1,1,1,1,1,1,2,2,2,3,2,3,1,2,2,1,2,1,6,2,9,,8,,,b'\x11\xe8\xe1I\xedCN\xc0\x9a\xbe\x12\xdf\x17\xaeN\x1e'
11E8E149-ED43-4EC0-9ABE-12DF17AE4E1E,2022-ncaa-d3-natl,ncaa,9,15,13,16,14,26,14,14,58,4,3,74,252,236,245,385,109,49,351,53,348,12,24,101,138,70,410,386,359,3,4,11,19,4,2,3,22,102,6,2,169,239,12,14,,,305,205,,,10,54,352,96,55,19,43,7,16,331,355,226,148,150,38,133,6,42,6,7,14,280,19,,117,,,11,150,129,345,11,144,345,13,149,289,22,198,275,305,158,306,194,347,351,8,6,18,252,178,330,141,19,272,4,222,2,93,106,124,212,71,170,45,426,269,,,75,296,,,10,379,21,15,10,14,13,89,31,124,44,126,137,144,143,75,55,42,62,43,23,267,58,397,,251,,,b'\x11\xe8\xe1I\xedCN\xc0\x9a\xbe\x12\xdf\x17\xaeN\x1e'
11E8E149-ED43-4EC0-9ABE-12DF17AE4E1E,2023-ncaa-d3-conf-CCC,ncaa,1,1,1,1,2,2,1,4,1,1,1,1,8,10,2,10,5,3,9,3,8,4,4,1,1,1,10,10,9,2,2,3,3,3,2,1,1,3,3,1,2,1,2,1,,,2,2,,,1,5,9,6,2,2,8,1,1,10,10,8,7,7,8,9,3,5,5,1,1,2,2,,2,,,1,1,1,2,1,1,6,1,1,4,1,5,2,3,2,3,3,2,4,1,1,1,5,5,4,2,3,1,2,2,2,1,1,2,1,1,3,3,1,1,,,4,6,,,1,6,1,1,1,1,1,1,1,1,1,1,2,2,2,1,1,1,1,1,1,4,3,1,,8,,,b'\x11\xe8\xe1I\xedCN\xc0\x9a\xbe\x12\xdf\x17\xaeN\x1e'
11E8E149-ED43-4EC0-9ABE-12DF17AE4E1E,2023-ncaa-d3-natl,ncaa,11,21,13,19,25,37,20,71,11,6,17,23,343,372,159,406,104,52,328,52,272,67,56,32,42,51,417,409,311,39,16,46,49,31,13,16,68,262,149,32,64,79,21,20,,,266,195,,,16,79,353,262,103,48,251,10,59,382,405,204,143,145,234,294,97,190,132,29,129,125,39,,98,,,19,108,129,270,50,207,332,57,62,123,34,91,206,190,258,196,126,250,330,33,37,22,97,72,271,125,49,97,16,86,13,42,29,56,64,13,211,126,201,50,,,59,161,,,16,358,33,14,13,15,25,35,59,123,21,37,78,68,77,24,50,43,6,10,10,121,111,109,,217,,,b'\x11\xe8\xe1I\xedCN\xc0\x9a\xbe\x12\xdf\x17\xaeN\x1e'
11E8E149-ED43-4EC0-9ABE-12DF17AE4E1E,2024-ncaa-d3-conf-CCC,ncaa,3,3,3,3,3,5,6,7,4,5,4,4,8,9,5,10,4,1,10,1,2,4,5,4,5,5,8,9,3,7,5,2,2,3,3,6,6,6,7,6,5,5,2,3,,,4,5,,,3,5,6,4,5,6,8,6,5,9,9,5,2,2,6,8,7,2,3,6,6,5,2,,3,,,3,2,3,6,2,3,6,2,4,6,3,5,4,6,1,6,5,6,6,2,2,2,7,5,5,3,2,6,5,4,3,2,2,5,4,3,7,7,5,5,,,2,1,,,3,6,5,2,3,2,2,4,3,4,3,4,3,5,6,3,2,2,5,3,2,4,6,3,,2,,,b'\x11\xe8\xe1I\xedCN\xc0\x9a\xbe\x12\xdf\x17\xaeN\x1e'
11E8E149-ED43-4EC0-9ABE-12DF17AE4E1E,2024-ncaa-d3-natl,ncaa,89,115,63,109,92,133,131,163,97,90,74,142,278,334,144,377,60,12,395,11,57,115,93,130,154,180,326,354,104,120,129,48,137,70,101,109,125,313,248,182,294,336,50,82,,,239,154,,,140,105,198,244,181,174,278,101,117,326,373,82,14,15,193,183,149,51,81,133,250,332,60,,160,,,143,228,224,333,88,253,353,86,167,216,110,145,258,279,125,290,184,340,329,77,69,102,187,153,254,268,137,259,129,273,101,210,175,186,265,185,315,256,276,185,,,26,30,,,140,326,163,112,139,129,139,237,184,273,122,151,201,225,229,236,217,212,149,169,148,253,263,225,,37,,,b'\x11\xe8\xe1I\xedCN\xc0\x9a\xbe\x12\xdf\x17\xaeN\x1e'
11E8E149-ED43-4EC0-9ABE-12DF17AE4E1E,2025-ncaa-d3-conf-CNE,genius_ncaa,3,3,1,3,3,2,2,2,3,2,1,3,9,9,5,10,2,2,9,2,7,2,3,4,4,3,9,10,5,2,3,4,3,2,3,4,9,2,2,3,5,6,1,1,,,3,1,,7,3,3,8,3,3,3,3,2,1,10,10,2,2,2,2,6,3,6,3,4,2,5,1,,2,,7,3,3,6,5,6,6,4,6,7,8,4,10,1,1,1,1,2,3,6,6,4,4,3,9,1,3,3,6,3,3,3,8,6,3,2,5,5,4,1,1,,,2,2,,2,3,8,3,3,3,3,5,2,6,2,4,7,1,1,1,2,3,3,3,3,5,4,4,1,,2,,2,b'\x11\xe8\xe1I\xedCN\xc0\x9a\xbe\x12\xdf\x17\xaeN\x1e'
11E8E149-ED43-4EC0-9ABE-12DF17AE4E1E,2025-ncaa-d3-natl,genius_ncaa,82,94,55,92,83,99,116,132,109,67,50,177,293,356,98,385,19,23,144,25,112,105,122,153,116,97,305,370,38,105,104,121,194,113,134,175,308,148,94,160,269,324,54,51,,,156,107,,236,102,129,273,199,119,139,210,73,65,336,380,19,26,28,144,223,139,213,160,227,91,333,70,,82,,208,103,235,269,299,192,222,217,204,324,343,248,321,103,122,90,125,121,267,292,224,166,156,228,341,82,252,194,208,104,232,134,309,288,113,142,206,193,153,92,35,,,15,16,,28,102,286,91,159,103,135,174,173,142,128,269,274,51,79,81,133,151,185,104,139,246,157,151,57,,23,,34,b'\x11\xe8\xe1I\xedCN\xc0\x9a\xbe\x12\xdf\x17\xaeN\x1e'
11E8E149-ED43-4EC0-9ABE-12DF17AE4E1E,2026-ncaa-d3-conf-CNE,genius_ncaa,2,4,1,4,1,2,3,3,7,2,1,9,8,7,7,11,1,1,8,1,2,2,2,9,8,7,8,9,1,1,1,2,6,1,2,6,9,7,4,6,10,11,1,2,,,7,4,,4,5,6,10,1,7,8,5,6,2,9,10,1,1,1,3,3,1,2,1,8,4,11,1,,4,,4,6,6,6,7,4,7,8,5,5,8,2,7,9,11,5,10,7,7,6,3,4,5,4,3,9,7,6,6,1,6,2,7,6,8,10,7,7,5,10,9,,,1,1,,1,5,6,7,5,6,3,3,7,4,7,3,7,7,9,8,5,3,6,5,5,5,10,5,10,,1,,1,b'\x11\xe8\xe1I\xedCN\xc0\x9a\xbe\x12\xdf\x17\xaeN\x1e'
11E8E149-ED43-4EC0-9ABE-12DF17AE4E1E,2026-ncaa-d3-natl,genius_ncaa,98,200,42,183,64,108,142,95,281,109,39,331,230,259,171,372,18,9,259,9,68,69,99,301,274,201,189,332,22,25,64,57,173,33,106,173,291,133,26,130,291,368,5,5,,,298,244,,234,133,138,373,113,230,279,224,211,84,314,365,36,19,18,138,279,53,143,74,288,27,386,14,,161,,169,152,254,183,303,14,107,195,21,367,388,172,389,354,310,385,311,332,313,287,47,82,141,409,385,360,299,173,306,64,315,106,117,60,211,300,121,97,30,380,292,,,11,9,,19,133,281,135,162,143,80,32,143,13,41,325,364,291,194,201,148,77,202,181,188,25,339,26,346,,17,,39,b'\x11\xe8\xe1I\xedCN\xc0\x9a\xbe\x12\xdf\x17\xaeN\x1e'
11E8E149-ED47-CF22-9ABE-12DF17AE4E1E,2018-ncaa-d3-conf-HCAC,ncaa,1,1,1,1,3,4,2,3,1,2,1,3,8,9,1,10,3,3,5,3,8,3,3,3,3,3,10,9,6,1,2,3,1,3,1,1,3,5,6,3,1,1,2,2,,,4,6,,,1,5,9,4,4,2,7,2,1,9,10,5,6,6,7,7,2,4,3,1,5,1,3,,3,,,1,1,1,2,1,1,1,1,4,6,5,10,3,4,2,4,6,1,3,1,1,1,10,9,8,1,1,2,2,1,1,1,5,1,1,1,4,3,4,2,,,3,2,,,1,6,2,1,1,1,1,1,1,1,3,5,2,3,3,1,1,1,2,1,1,1,3,3,,3,,,"b'\x11\xe8\xe1I\xedG\xcf""\x9a\xbe\x12\xdf\x17\xaeN\x1e'"
11E8E149-ED47-CF22-9ABE-12DF17AE4E1E,2018-ncaa-d3-natl,ncaa,31,19,68,27,104,128,87,224,13,33,57,55,367,416,15,434,190,219,130,224,369,219,217,43,46,75,423,408,313,108,17,194,38,147,10,92,167,249,254,119,76,45,109,64,,,191,273,,,24,264,425,269,181,98,369,31,81,396,436,259,300,300,376,390,145,314,237,103,177,96,130,,91,,,23,23,15,51,22,12,53,10,180,150,266,261,182,136,373,147,305,51,107,33,57,22,415,350,382,34,38,19,17,16,10,38,215,93,34,27,199,198,147,60,,,154,121,,,24,164,42,13,19,5,2,8,3,9,120,85,121,86,95,7,10,16,1,2,19,118,125,94,,257,,,"b'\x11\xe8\xe1I\xedG\xcf""\x9a\xbe\x12\xdf\x17\xaeN\x1e'"
11E8E149-ED47-CF22-9ABE-12DF17AE4E1E,2019-ncaa-d3-conf-HCAC,ncaa,2,2,1,2,4,4,3,6,2,1,2,2,9,10,5,10,7,6,6,6,10,5,7,2,3,3,10,9,8,3,1,3,1,2,1,3,8,3,4,3,5,3,3,1,,,3,5,,,2,9,10,10,5,4,9,2,3,9,10,7,8,8,9,10,3,4,4,3,3,6,3,,2,,,2,1,1,2,1,1,1,1,3,7,1,8,2,2,6,2,6,2,1,1,1,1,9,9,6,1,1,1,1,1,1,1,8,3,3,1,4,3,2,1,,,5,3,,,2,2,2,1,2,1,1,1,1,1,1,7,2,2,2,1,1,1,1,1,1,7,3,1,,7,,,"b'\x11\xe8\xe1I\xedG\xcf""\x9a\xbe\x12\xdf\x17\xaeN\x1e'"
11E8E149-ED47-CF22-9ABE-12DF17AE4E1E,2019-ncaa-d3-natl,ncaa,78,72,129,76,205,240,185,335,47,91,139,68,404,425,203,425,270,292,183,286,347,339,365,96,98,103,431,422,282,184,37,223,21,215,18,211,295,76,175,140,234,151,61,18,,,70,184,,,75,389,440,395,291,201,410,74,160,418,435,298,329,326,417,436,209,269,257,239,57,263,58,,33,,,75,22,15,45,47,10,29,58,213,256,182,392,72,62,290,59,206,42,44,76,76,81,403,407,230,19,21,16,37,14,18,46,278,280,149,126,211,292,103,77,,,236,82,,,75,54,85,64,62,10,8,8,3,9,185,212,57,45,47,4,2,15,5,2,43,331,182,84,,268,,,"b'\x11\xe8\xe1I\xedG\xcf""\x9a\xbe\x12\xdf\x17\xaeN\x1e'"
11E8E149-ED47-CF22-9ABE-12DF17AE4E1E,2020-ncaa-d3-conf-HCAC,ncaa,7,4,7,7,10,10,9,9,5,6,5,8,10,10,5,10,10,9,10,9,8,9,8,7,8,10,9,9,8,4,3,8,6,6,3,10,9,10,10,10,7,7,2,2,,,2,5,,,8,10,9,5,10,9,9,4,4,10,10,10,6,6,9,8,4,7,3,10,10,7,2,,4,,,8,1,3,2,5,1,1,4,9,7,8,9,1,1,2,1,2,1,1,4,4,5,8,9,2,1,6,1,3,1,3,4,8,6,5,5,10,10,5,2,,,9,6,,,8,1,10,5,8,3,4,3,2,1,9,9,1,1,1,2,2,4,3,2,5,6,10,6,,9,,,"b'\x11\xe8\xe1I\xedG\xcf""\x9a\xbe\x12\xdf\x17\xaeN\x1e'"
11E8E149-ED47-CF22-9ABE-12DF17AE4E1E,2020-ncaa-d3-natl,ncaa,344,345,327,353,352,408,395,412,333,351,322,360,419,422,349,408,408,364,422,358,321,409,402,368,386,405,413,395,258,263,120,339,227,324,148,395,311,334,415,406,386,335,64,19,,,94,272,,,358,409,431,267,424,407,428,351,266,423,431,415,355,352,430,411,210,313,291,410,366,381,43,,128,,,354,39,51,51,177,29,27,183,328,291,325,412,34,27,252,29,148,35,29,254,219,260,378,414,77,115,227,27,120,34,148,190,361,377,289,333,363,409,259,316,,,363,215,,,358,30,396,274,366,102,121,97,51,25,354,341,40,35,37,52,17,170,53,75,238,372,371,307,,363,,,"b'\x11\xe8\xe1I\xedG\xcf""\x9a\xbe\x12\xdf\x17\xaeN\x1e'"
11E8E149-ED47-CF22-9ABE-12DF17AE4E1E,2021-ncaa-d3-conf-HCAC,ncaa,8,5,9,7,9,9,10,10,6,10,10,9,9,10,4,10,9,9,1,9,5,10,9,7,6,9,5,6,1,10,9,9,8,10,9,10,4,2,10,10,10,7,8,2,,,1,7,,,8,9,10,4,10,10,10,9,10,10,10,6,8,8,10,10,9,10,10,7,9,8,5,,3,,,8,2,2,2,3,2,2,4,2,2,4,7,1,1,8,1,4,2,2,5,5,4,6,6,6,2,8,1,9,2,9,2,7,10,5,7,4,10,2,9,,,9,5,,,8,2,10,5,9,1,2,2,1,1,4,4,1,1,1,2,1,5,1,1,4,7,10,8,,9,,,"b'\x11\xe8\xe1I\xedG\xcf""\x9a\xbe\x12\xdf\x17\xaeN\x1e'"
11E8E149-ED47-CF22-9ABE-12DF17AE4E1E,2021-ncaa-d3-natl,ncaa,176,183,176,202,180,203,206,213,172,206,205,208,213,226,117,245,163,186,12,187,113,210,203,191,145,209,142,222,19,228,256,202,202,208,216,192,50,126,275,237,194,169,134,58,,,94,209,,,195,199,284,110,271,273,284,257,270,261,278,147,223,218,284,285,280,268,282,227,206,219,106,,96,,,185,90,86,86,96,85,84,119,93,96,100,193,97,95,206,96,154,85,86,102,113,110,168,160,179,98,202,78,256,85,216,98,219,190,123,154,158,277,125,244,,,201,96,,,195,87,238,125,195,30,34,14,37,17,79,89,91,73,74,13,5,94,19,28,99,198,242,189,,248,,,"b'\x11\xe8\xe1I\xedG\xcf""\x9a\xbe\x12\xdf\x17\xaeN\x1e'"
11E8E149-ED47-CF22-9ABE-12DF17AE4E1E,2022-ncaa-d3-conf-HCAC,ncaa,3,3,6,3,6,7,5,7,1,5,5,2,6,9,1,8,9,9,9,9,10,8,8,2,3,3,8,7,10,6,5,5,2,6,3,6,5,4,5,2,10,6,2,1,,,6,9,,,2,10,10,4,6,3,9,2,3,6,8,10,9,9,10,10,6,4,5,3,5,7,2,,8,,,2,2,2,1,2,1,1,2,7,6,6,9,3,3,1,3,9,2,1,4,3,3,10,9,7,1,2,2,5,2,3,1,7,9,5,4,2,4,1,1,,,8,9,,,2,1,2,3,2,2,2,1,1,1,8,8,4,6,6,2,1,1,2,2,3,8,3,1,,10,,,"b'\x11\xe8\xe1I\xedG\xcf""\x9a\xbe\x12\xdf\x17\xaeN\x1e'"
11E8E149-ED47-CF22-9ABE-12DF17AE4E1E,2022-ncaa-d3-natl,ncaa,190,129,345,165,348,267,226,361,36,210,295,70,261,366,20,302,369,379,227,381,376,372,386,43,59,73,326,240,393,342,156,270,59,307,39,219,175,56,207,108,379,327,72,8,,,198,417,,,137,389,402,48,159,104,310,91,184,207,340,352,365,368,351,380,292,81,179,117,138,364,32,,352,,,127,31,17,38,50,10,18,49,280,273,259,410,215,232,146,223,418,46,34,109,139,212,429,418,387,36,59,19,156,19,39,42,290,393,337,280,116,263,40,46,,,373,259,,,137,39,88,190,127,100,37,71,5,10,381,383,326,345,342,110,37,88,18,28,114,379,209,39,,343,,,"b'\x11\xe8\xe1I\xedG\xcf""\x9a\xbe\x12\xdf\x17\xaeN\x1e'"
11E8E149-ED47-CF22-9ABE-12DF17AE4E1E,2023-ncaa-d3-conf-HCAC,ncaa,10,2,10,10,10,10,10,10,9,10,10,5,10,10,10,9,10,10,1,10,10,10,10,9,9,9,10,10,10,10,5,10,10,10,10,10,5,1,6,5,10,3,10,1,,,1,2,,,6,10,10,6,10,9,9,3,2,10,9,10,10,10,10,10,7,10,10,8,2,3,2,,2,,,10,1,1,1,10,1,1,10,1,1,10,10,1,1,8,1,1,1,1,10,10,10,10,10,1,1,10,1,5,1,10,1,10,10,7,10,1,1,1,1,,,10,10,,,6,1,9,10,10,9,10,8,2,1,10,10,1,1,1,2,2,10,4,7,10,9,1,1,,10,,,"b'\x11\xe8\xe1I\xedG\xcf""\x9a\xbe\x12\xdf\x17\xaeN\x1e'"
11E8E149-ED47-CF22-9ABE-12DF17AE4E1E,2023-ncaa-d3-natl,ncaa,396,9,429,262,429,429,429,429,251,429,429,294,427,428,111,234,429,429,348,429,381,429,429,240,291,297,266,155,406,429,416,429,381,429,396,427,197,1,287,251,429,246,424,133,,,1,72,,,250,429,422,288,398,375,421,359,371,282,337,421,421,417,425,429,424,377,420,324,116,274,158,,35,,,344,1,1,1,183,1,1,171,1,1,355,409,1,1,429,1,6,1,1,258,207,288,328,422,11,1,381,1,416,1,396,1,391,429,359,393,1,164,1,66,,,429,313,,,250,1,337,350,353,175,248,281,117,120,408,395,7,1,1,166,82,351,176,272,338,384,64,19,,419,,,"b'\x11\xe8\xe1I\xedG\xcf""\x9a\xbe\x12\xdf\x17\xaeN\x1e'"
11E8E149-ED47-CF22-9ABE-12DF17AE4E1E,2024-ncaa-d3-conf-HCAC,ncaa,5,5,4,5,4,6,6,6,6,4,4,6,8,8,7,9,2,2,1,2,5,6,4,7,6,6,9,9,2,6,6,5,9,5,6,5,6,4,5,4,6,5,4,4,,,6,4,,,5,4,6,1,6,6,6,3,2,9,9,2,2,2,5,4,6,4,6,5,4,5,4,,6,,,5,4,5,6,4,3,4,4,8,8,3,9,6,6,9,6,4,6,7,4,4,4,9,8,7,9,9,6,6,7,6,5,5,4,5,4,8,6,5,5,,,5,5,,,5,7,6,4,5,5,4,7,3,4,6,8,5,4,4,6,8,9,5,7,5,4,7,6,,4,,,"b'\x11\xe8\xe1I\xedG\xcf""\x9a\xbe\x12\xdf\x17\xaeN\x1e'"
11E8E149-ED47-CF22-9ABE-12DF17AE4E1E,2024-ncaa-d3-natl,ncaa,203,206,200,213,209,174,210,255,160,139,122,200,343,376,194,386,24,58,5,56,115,219,214,200,134,155,288,375,24,245,209,149,286,188,207,207,201,262,260,235,212,247,85,64,,,168,137,,,192,196,171,54,149,215,251,119,86,352,385,13,34,37,192,170,247,101,156,197,260,201,67,,188,,,193,231,197,286,101,139,164,141,362,400,135,397,249,206,343,197,237,271,265,129,140,167,366,372,232,349,286,132,209,234,207,205,202,207,255,206,366,355,319,261,,,113,68,,,192,230,175,215,196,239,206,324,146,167,360,401,261,222,209,315,302,342,142,253,202,202,361,333,,63,,,"b'\x11\xe8\xe1I\xedG\xcf""\x9a\xbe\x12\xdf\x17\xaeN\x1e'"
11E8E149-ED47-CF22-9ABE-12DF17AE4E1E,2025-ncaa-d3-conf-HCAC,genius_ncaa,5,4,5,5,5,7,6,5,7,4,3,8,8,9,7,9,6,8,1,8,8,5,6,8,9,6,9,9,4,8,9,9,7,8,8,5,4,1,1,3,2,2,3,2,,,8,10,,2,5,5,6,4,7,5,5,4,2,9,8,5,6,6,5,7,9,9,9,5,1,2,3,,10,,2,5,5,2,2,8,2,2,7,5,4,7,6,8,8,6,8,10,2,6,9,9,6,10,5,9,3,7,9,9,8,8,5,8,3,2,3,4,4,5,3,,,5,6,,2,5,6,7,5,6,6,3,2,3,2,5,4,9,8,8,3,4,2,9,8,5,2,4,5,,4,,2,"b'\x11\xe8\xe1I\xedG\xcf""\x9a\xbe\x12\xdf\x17\xaeN\x1e'"
11E8E149-ED47-CF22-9ABE-12DF17AE4E1E,2025-ncaa-d3-natl,genius_ncaa,217,215,192,221,201,209,197,167,239,125,73,273,349,357,290,376,149,221,22,224,349,174,262,282,263,171,367,374,136,282,340,332,215,321,341,199,214,18,23,69,159,124,76,54,,,281,337,,34,284,251,246,50,197,181,109,91,36,361,367,119,216,220,118,251,291,379,362,185,24,139,59,,308,,34,281,326,274,108,372,280,163,344,237,100,396,118,371,331,370,337,349,139,148,371,391,373,252,156,329,112,215,340,340,266,341,264,221,222,202,263,85,109,373,278,,,244,216,,84,284,166,198,355,282,321,280,119,284,169,240,104,379,346,350,162,157,119,351,281,266,219,97,373,,244,,74,"b'\x11\xe8\xe1I\xedG\xcf""\x9a\xbe\x12\xdf\x17\xaeN\x1e'"
11E8E149-ED47-CF22-9ABE-12DF17AE4E1E,2026-ncaa-d3-conf-HCAC,genius_ncaa,4,4,1,4,3,7,7,7,5,5,4,8,6,7,3,7,7,8,4,8,8,8,8,6,6,6,7,6,7,10,10,6,7,9,9,5,3,4,5,4,3,3,3,4,,,10,9,,10,8,4,3,3,7,7,7,5,4,6,7,7,8,8,8,8,10,6,9,5,4,3,3,,10,,10,8,7,5,5,4,4,9,2,3,2,8,1,10,10,9,10,9,6,6,4,6,6,7,2,10,6,7,8,10,7,9,2,4,3,5,2,6,8,7,7,,,6,5,,5,8,7,8,6,7,7,5,5,4,9,3,2,10,10,10,6,6,6,8,7,2,3,6,7,,6,,5,"b'\x11\xe8\xe1I\xedG\xcf""\x9a\xbe\x12\xdf\x17\xaeN\x1e'"
11E8E149-ED47-CF22-9ABE-12DF17AE4E1E,2026-ncaa-d3-natl,genius_ncaa,288,366,42,332,64,172,137,109,243,54,35,240,371,313,390,387,130,210,17,210,384,123,128,305,283,263,408,406,167,291,387,127,246,185,340,109,146,268,196,183,107,204,128,203,,,282,156,,197,353,91,246,113,320,268,278,120,77,401,392,226,328,332,316,345,380,282,366,218,148,204,195,,146,,133,332,371,362,339,325,335,324,273,371,330,362,244,364,324,392,324,233,342,325,336,353,360,292,292,233,299,246,351,387,340,340,336,187,152,275,289,320,282,276,166,,,198,315,,262,353,331,295,349,332,310,298,222,254,207,332,251,306,216,218,215,176,202,288,252,263,289,231,220,,355,,313,"b'\x11\xe8\xe1I\xedG\xcf""\x9a\xbe\x12\xdf\x17\xaeN\x1e'"
11E8E149-ED4C-83FA-9ABE-12DF17AE4E1E,2018-ncaa-d3-conf-CSAC,ncaa,5,5,4,5,4,4,2,3,1,2,2,2,6,9,4,8,5,4,8,4,11,2,2,3,3,4,11,9,10,2,3,8,11,5,8,2,6,8,5,4,3,3,3,3,,,11,11,,,5,2,1,1,2,1,2,1,2,6,8,6,4,4,2,2,3,11,6,2,7,3,3,,12,,,5,9,5,6,5,7,8,6,5,7,7,4,12,12,11,12,12,9,11,6,8,4,8,4,11,11,11,7,3,9,8,4,4,2,3,3,8,5,5,3,,,6,11,,,5,11,5,5,5,8,6,4,6,6,5,7,12,12,12,7,12,10,8,9,5,1,7,6,,6,,,b'\x11\xe8\xe1I\xedL\x83\xfa\x9a\xbe\x12\xdf\x17\xaeN\x1e'
11E8E149-ED4C-83FA-9ABE-12DF17AE4E1E,2018-ncaa-d3-natl,ncaa,196,172,305,187,334,129,107,135,93,80,88,118,246,310,130,355,205,167,301,158,295,130,141,120,154,124,365,330,328,124,124,315,271,241,227,64,62,173,129,57,58,48,152,135,,,356,369,,,103,158,48,155,39,22,32,16,23,215,278,159,112,101,35,39,71,271,140,18,231,36,136,,409,,,83,136,96,88,176,124,133,162,113,123,203,141,369,371,212,363,393,123,260,165,224,93,299,140,412,190,271,200,124,194,227,92,153,59,36,36,199,151,116,47,,,265,353,,,103,268,130,99,106,218,153,166,185,219,160,150,403,407,403,227,372,257,285,281,147,26,247,140,,200,,,b'\x11\xe8\xe1I\xedL\x83\xfa\x9a\xbe\x12\xdf\x17\xaeN\x1e'
11E8E149-ED4C-83FA-9ABE-12DF17AE4E1E,2019-ncaa-d3-conf-CSAC,ncaa,1,1,1,1,3,1,1,1,1,1,1,1,2,5,1,6,2,3,2,3,8,1,1,1,1,1,9,7,7,1,1,1,1,1,1,1,3,2,1,1,1,1,1,1,,,8,6,,,1,1,1,7,1,1,1,1,1,3,6,2,4,4,1,1,1,1,1,1,1,1,2,,6,,,1,1,1,7,1,2,4,1,4,6,1,6,8,6,7,6,7,7,9,1,1,1,6,4,8,2,1,2,1,2,1,1,2,1,2,1,1,1,1,1,,,5,9,,,1,9,1,1,1,1,1,3,1,2,3,5,6,5,5,3,9,1,1,1,1,1,1,1,,7,,,b'\x11\xe8\xe1I\xedL\x83\xfa\x9a\xbe\x12\xdf\x17\xaeN\x1e'
11E8E149-ED4C-83FA-9ABE-12DF17AE4E1E,2019-ncaa-d3-natl,ncaa,24,15,67,19,113,36,12,17,48,7,6,62,184,231,135,362,261,251,259,250,428,23,25,69,105,93,421,349,424,27,31,19,29,13,23,20,138,317,117,46,30,38,80,73,,,338,211,,,14,29,39,290,22,7,17,7,8,237,287,316,317,323,18,27,32,10,15,12,239,29,95,,264,,,11,118,83,309,12,85,202,45,162,388,4,357,324,320,246,320,321,335,392,12,20,11,344,229,383,185,29,250,31,219,23,85,166,34,45,16,229,85,58,5,,,275,430,,,14,411,68,9,14,53,34,184,46,108,112,332,258,250,251,204,336,118,146,120,56,30,164,37,,379,,,b'\x11\xe8\xe1I\xedL\x83\xfa\x9a\xbe\x12\xdf\x17\xaeN\x1e'
11E8E149-ED4C-83FA-9ABE-12DF17AE4E1E,2020-ncaa-d3-conf-CSAC,ncaa,7,7,6,7,9,6,6,8,6,5,5,5,6,9,4,7,2,3,8,3,4,7,6,6,5,6,6,6,3,4,3,7,6,7,4,8,10,9,8,10,6,6,6,6,,,2,2,,,8,5,3,4,5,5,7,5,4,6,9,2,2,2,5,4,4,6,6,8,10,5,5,,3,,,8,10,10,9,10,10,10,9,7,3,10,3,3,1,10,1,1,6,4,10,10,10,4,6,2,4,6,2,3,3,4,9,5,7,8,9,7,8,7,8,,,2,1,,,8,6,6,9,8,10,10,9,10,10,9,6,3,1,1,8,7,6,6,5,9,7,8,8,,2,,,b'\x11\xe8\xe1I\xedL\x83\xfa\x9a\xbe\x12\xdf\x17\xaeN\x1e'
11E8E149-ED4C-83FA-9ABE-12DF17AE4E1E,2020-ncaa-d3-natl,ncaa,324,345,198,337,258,212,233,190,261,173,89,297,328,348,241,380,76,29,342,29,83,147,78,298,286,325,282,360,46,89,109,119,215,96,154,318,405,414,362,394,318,368,344,388,,,162,82,,,370,72,25,193,195,228,142,139,61,326,349,44,15,15,82,23,70,58,45,340,408,325,347,,188,,,365,429,423,404,378,412,386,331,406,349,410,229,332,307,350,300,167,411,364,385,382,410,234,290,141,289,215,262,109,288,154,421,332,301,378,408,381,330,275,198,,,79,162,,,370,369,311,396,360,422,414,414,409,406,397,350,340,317,312,418,402,298,279,292,408,303,369,288,,44,,,b'\x11\xe8\xe1I\xedL\x83\xfa\x9a\xbe\x12\xdf\x17\xaeN\x1e'
11E8E149-ED4C-83FA-9ABE-12DF17AE4E1E,2022-ncaa-d3-conf-CSAC,ncaa,8,7,8,8,9,8,8,10,6,9,7,7,7,9,4,7,10,9,10,8,6,10,9,6,7,8,6,4,8,4,2,7,2,6,3,9,10,10,10,10,10,10,7,7,,,10,10,,,9,10,5,5,8,7,9,8,5,6,6,10,7,6,8,6,1,2,1,9,10,10,7,,10,,,9,5,3,2,8,5,3,9,1,1,3,1,10,10,6,10,10,3,1,7,9,10,5,1,10,2,2,2,2,1,3,5,6,10,9,8,6,9,2,3,,,7,6,,,9,1,8,8,9,9,5,4,8,5,1,2,10,10,10,7,4,2,2,3,7,10,9,2,,5,,,b'\x11\xe8\xe1I\xedL\x83\xfa\x9a\xbe\x12\xdf\x17\xaeN\x1e'
11E8E149-ED4C-83FA-9ABE-12DF17AE4E1E,2022-ncaa-d3-natl,ncaa,351,318,345,355,361,374,358,343,342,342,288,377,292,331,177,261,403,359,423,356,330,347,305,335,372,392,254,167,392,151,50,265,249,220,126,338,258,385,402,381,371,376,336,349,,,284,387,,,377,331,97,233,366,324,220,311,171,248,265,409,327,323,248,69,40,72,35,303,412,344,322,,404,,,375,193,164,115,264,248,192,269,40,50,116,34,368,405,49,399,391,149,109,218,243,302,143,22,394,217,249,82,50,112,126,333,397,358,358,389,371,391,35,28,,,377,399,,,377,105,377,321,373,347,320,321,360,373,77,97,414,425,425,380,348,322,207,272,373,299,402,35,,365,,,b'\x11\xe8\xe1I\xedL\x83\xfa\x9a\xbe\x12\xdf\x17\xaeN\x1e'
11E8E149-ED4C-83FA-9ABE-12DF17AE4E1E,2023-ncaa-d3-conf-CSAC,ncaa,8,9,6,9,6,7,7,5,8,5,4,8,8,6,10,7,9,7,10,8,9,5,5,9,9,9,8,8,9,4,4,7,7,5,7,8,8,8,7,8,6,7,9,9,,,10,10,,,8,5,1,5,7,6,3,4,4,8,5,9,7,8,3,2,2,6,2,8,8,6,9,,10,,,8,9,8,6,9,8,6,10,2,3,2,2,10,10,3,10,10,7,6,8,10,9,7,1,9,6,7,7,4,7,7,8,7,6,6,6,7,7,7,7,,,5,7,,,8,6,9,8,8,10,8,6,9,9,3,4,10,10,10,9,10,7,9,9,9,6,8,8,,3,,,b'\x11\xe8\xe1I\xedL\x83\xfa\x9a\xbe\x12\xdf\x17\xaeN\x1e'
11E8E149-ED4C-83FA-9ABE-12DF17AE4E1E,2023-ncaa-d3-natl,ncaa,366,345,377,368,384,352,311,230,364,188,82,348,416,388,426,398,357,202,427,203,325,227,160,396,413,405,424,420,283,58,60,345,351,205,242,311,283,361,344,361,164,172,333,352,,,413,423,,,362,238,6,128,307,214,25,67,9,416,371,331,66,68,27,5,11,199,27,265,405,84,302,,428,,,369,237,183,99,313,294,217,306,33,36,80,18,408,422,15,420,423,187,232,254,274,223,122,10,414,291,351,203,60,233,242,301,353,134,133,214,327,301,165,93,,,279,343,,,362,212,384,251,355,381,335,323,383,390,56,80,425,429,429,392,420,366,375,377,365,46,374,262,,95,,,b'\x11\xe8\xe1I\xedL\x83\xfa\x9a\xbe\x12\xdf\x17\xaeN\x1e'
11E8E149-ED4C-83FA-9ABE-12DF17AE4E1E,2024-ncaa-d3-conf-United East,ncaa,14,15,10,14,10,15,15,10,16,14,10,16,16,15,17,12,10,7,16,7,5,10,9,17,17,17,9,12,3,10,14,12,17,11,17,17,16,16,15,16,11,12,17,17,,,11,8,,,17,9,6,3,16,16,13,16,10,15,15,10,6,6,13,8,13,17,15,17,15,11,17,,11,,,17,16,16,14,17,17,16,17,11,8,13,5,9,12,5,12,8,14,13,17,17,17,1,5,6,16,17,15,14,16,17,17,6,10,13,14,13,13,6,8,,,8,4,,,17,9,16,17,17,17,17,15,17,17,10,7,11,15,15,17,17,17,17,17,16,11,13,7,,5,,,b'\x11\xe8\xe1I\xedL\x83\xfa\x9a\xbe\x12\xdf\x17\xaeN\x1e'
11E8E149-ED4C-83FA-9ABE-12DF17AE4E1E,2024-ncaa-d3-natl,ncaa,385,405,200,390,229,391,381,235,417,328,114,416,403,364,419,378,364,233,421,234,319,243,122,418,419,417,376,371,154,237,363,341,420,325,417,407,409,411,394,417,259,339,416,424,,,268,115,,,424,96,33,133,410,404,214,354,75,408,378,384,230,227,224,64,239,388,358,415,403,256,422,,287,,,421,424,425,412,423,426,424,422,91,108,137,13,261,318,45,322,101,414,387,412,406,405,3,8,59,423,420,415,363,421,417,421,253,207,337,394,372,344,120,72,,,246,350,,,424,334,416,417,420,420,421,409,423,423,96,107,278,333,334,415,411,418,417,420,415,202,369,125,,261,,,b'\x11\xe8\xe1I\xedL\x83\xfa\x9a\xbe\x12\xdf\x17\xaeN\x1e'
11E8E149-ED4C-83FA-9ABE-12DF17AE4E1E,2025-ncaa-d3-conf-United East,genius_ncaa,14,14,13,14,13,17,17,15,17,17,10,17,17,17,17,16,17,16,17,16,16,16,16,17,17,17,16,16,8,14,16,17,16,17,17,17,17,9,14,17,16,16,16,17,,,7,10,,11,17,17,12,5,17,17,14,17,6,17,16,17,16,16,15,12,14,15,15,17,13,16,16,,10,,13,17,15,16,4,16,15,5,16,9,6,14,9,10,11,9,11,14,6,2,16,16,16,7,6,7,10,16,15,16,13,17,14,8,15,15,14,9,12,7,7,,,17,16,,14,17,2,17,16,17,16,16,10,16,12,10,10,14,15,15,10,9,12,16,15,15,15,12,9,,17,,14,b'\x11\xe8\xe1I\xedL\x83\xfa\x9a\xbe\x12\xdf\x17\xaeN\x1e'
11E8E149-ED4C-83FA-9ABE-12DF17AE4E1E,2025-ncaa-d3-natl,genius_ncaa,393,400,290,399,327,407,406,352,415,380,184,417,412,403,417,403,401,342,415,329,367,356,295,416,416,415,407,409,120,262,344,347,398,325,400,411,408,401,399,413,386,402,408,414,,,135,111,,256,417,292,153,258,415,415,368,393,103,415,407,401,341,335,380,189,233,341,306,416,393,394,412,,182,,290,414,391,397,328,397,406,352,392,226,202,263,122,203,234,119,235,143,324,239,384,375,395,38,89,92,391,398,374,344,395,400,399,333,341,380,398,397,397,196,187,,,382,394,,392,417,152,414,403,414,393,399,384,400,390,261,252,257,285,291,384,341,391,389,395,395,334,393,248,,395,,394,b'\x11\xe8\xe1I\xedL\x83\xfa\x9a\xbe\x12\xdf\x17\xaeN\x1e'
11E8E149-ED51-0D62-9ABE-12DF17AE4E1E,2018-ncaa-d3-conf-NJAC,ncaa,4,4,3,4,4,1,2,1,4,2,2,4,3,3,2,6,1,1,1,1,1,1,1,4,2,3,4,5,2,6,8,3,7,3,6,3,5,8,5,4,2,2,4,8,,,10,7,,,4,1,1,6,1,1,1,2,1,3,4,1,1,1,1,1,6,2,3,3,8,2,5,,10,,,4,9,8,9,3,4,8,2,9,10,4,9,10,10,9,10,10,9,10,4,4,4,9,9,10,10,7,9,8,9,6,5,4,1,3,2,9,8,2,1,,,2,5,,,4,10,4,5,4,9,7,8,4,6,8,10,10,10,10,9,10,9,7,9,5,2,9,2,,1,,,b'\x11\xe8\xe1I\xedQ\rb\x9a\xbe\x12\xdf\x17\xaeN\x1e'
11E8E149-ED51-0D62-9ABE-12DF17AE4E1E,2018-ncaa-d3-natl,ncaa,138,138,123,152,182,41,58,64,108,69,69,136,121,163,92,278,18,38,29,38,134,56,42,106,74,105,192,255,86,144,236,125,364,129,309,104,261,386,243,229,35,67,140,166,,,406,272,,,123,21,10,303,22,32,36,48,61,134,173,13,34,34,34,20,160,115,120,92,356,32,159,,408,,,125,396,317,377,151,280,277,235,324,415,58,349,436,433,310,434,420,409,429,158,223,130,370,225,408,423,364,371,236,412,309,266,169,26,66,65,424,368,211,107,,,93,286,,,123,417,139,175,145,353,266,350,238,236,296,406,430,424,424,389,427,398,330,373,227,19,410,190,,79,,,b'\x11\xe8\xe1I\xedQ\rb\x9a\xbe\x12\xdf\x17\xaeN\x1e'
11E8E149-ED51-0D62-9ABE-12DF17AE4E1E,2019-ncaa-d3-conf-NJAC,ncaa,2,2,3,2,5,2,2,2,1,2,3,2,6,5,7,8,2,2,9,2,5,2,2,3,4,4,9,7,7,2,1,2,4,2,2,3,8,10,8,6,3,4,1,1,,,9,8,,,3,2,1,4,1,1,4,1,3,6,6,2,1,1,2,1,2,2,1,3,10,2,1,,9,,,3,7,6,8,3,4,6,2,9,8,6,8,10,10,10,10,9,9,8,3,5,5,10,8,10,8,4,5,1,5,2,3,3,3,6,2,10,8,3,1,,,3,5,,,3,9,3,5,3,6,5,9,5,6,9,9,10,10,10,10,10,8,5,5,4,3,10,2,,1,,,b'\x11\xe8\xe1I\xedQ\rb\x9a\xbe\x12\xdf\x17\xaeN\x1e'
11E8E149-ED51-0D62-9ABE-12DF17AE4E1E,2019-ncaa-d3-natl,ncaa,155,162,129,161,141,123,114,75,186,73,75,158,281,224,356,324,130,40,406,40,128,62,33,238,264,299,359,358,204,37,53,93,270,46,118,195,367,419,339,352,33,57,39,33,,,432,380,,,183,43,24,53,118,96,59,52,59,317,260,133,33,28,40,17,37,81,29,209,412,27,37,,434,,,183,330,150,309,59,101,255,31,366,327,304,245,440,440,281,440,436,376,409,82,150,101,434,313,439,380,270,270,53,335,118,154,177,47,84,48,430,379,170,90,,,49,167,,,183,401,267,115,186,282,129,278,83,209,327,310,439,441,441,366,416,351,237,303,133,31,415,158,,23,,,b'\x11\xe8\xe1I\xedQ\rb\x9a\xbe\x12\xdf\x17\xaeN\x1e'
11E8E149-ED51-0D62-9ABE-12DF17AE4E1E,2020-ncaa-d3-conf-NJAC,ncaa,1,1,1,1,4,1,1,1,7,1,2,5,3,2,6,4,1,1,1,1,1,1,1,5,3,3,2,4,2,1,1,2,2,1,2,4,4,6,2,4,1,1,1,1,,,9,5,,,1,1,1,7,1,1,1,1,2,3,2,1,1,1,1,1,1,2,1,4,4,1,1,,8,,,1,7,3,9,1,1,6,1,8,9,5,9,9,9,5,9,7,9,10,3,3,1,10,8,9,6,2,8,1,8,2,8,10,2,2,4,6,1,7,2,,,1,3,,,1,10,2,1,1,3,2,6,1,4,8,9,8,7,8,7,10,4,6,5,8,2,4,5,,1,,,b'\x11\xe8\xe1I\xedQ\rb\x9a\xbe\x12\xdf\x17\xaeN\x1e'
11E8E149-ED51-0D62-9ABE-12DF17AE4E1E,2020-ncaa-d3-natl,ncaa,9,15,7,14,7,7,27,3,307,45,10,295,35,16,273,158,1,1,150,1,40,2,2,297,248,212,86,192,30,2,19,3,234,1,70,93,331,409,101,250,10,24,5,7,,,433,283,,,32,2,9,103,13,58,4,100,32,74,36,1,4,4,4,4,5,9,1,165,306,11,9,,407,,,40,411,305,434,14,157,401,11,419,432,174,326,432,435,81,434,392,436,436,25,33,23,427,374,392,432,234,431,19,433,70,390,406,14,65,86,381,138,431,330,,,4,226,,,32,436,122,33,58,216,118,346,53,239,345,384,389,410,409,386,426,362,375,374,278,24,296,411,,11,,,b'\x11\xe8\xe1I\xedQ\rb\x9a\xbe\x12\xdf\x17\xaeN\x1e'
11E8E149-ED51-0D62-9ABE-12DF17AE4E1E,2022-ncaa-d3-conf-NJAC,ncaa,2,2,3,2,3,1,1,1,1,1,1,1,2,2,7,4,1,2,1,2,6,1,1,2,2,1,6,5,6,1,3,2,2,1,3,2,7,4,1,3,1,1,4,4,,,9,8,,,1,1,1,5,1,1,1,1,3,3,3,1,2,2,1,1,1,4,4,3,4,1,4,,9,,,1,9,5,9,4,2,2,5,9,10,4,10,10,9,6,10,10,10,10,5,5,2,10,8,8,4,2,9,3,7,3,7,6,1,1,3,7,5,5,2,,,2,9,,,1,10,1,2,1,5,5,4,1,1,6,8,10,10,10,5,9,3,8,4,5,1,6,3,,4,,,b'\x11\xe8\xe1I\xedQ\rb\x9a\xbe\x12\xdf\x17\xaeN\x1e'
11E8E149-ED51-0D62-9ABE-12DF17AE4E1E,2022-ncaa-d3-natl,ncaa,96,129,61,115,84,47,55,30,166,50,64,102,111,68,303,162,15,43,56,42,163,28,28,185,158,148,223,250,133,63,184,87,202,79,217,118,308,318,139,202,13,17,146,119,,,425,389,,,84,17,23,250,43,56,31,63,107,151,84,37,76,75,24,29,115,157,127,160,235,12,190,,416,,,88,332,194,278,102,122,132,135,369,401,147,373,424,425,157,425,425,338,408,138,193,77,422,331,421,323,202,389,184,374,217,274,326,13,15,22,320,186,206,114,,,82,297,,,84,413,146,75,97,206,87,124,52,32,313,360,410,417,417,222,381,235,327,294,182,13,253,157,,152,,,b'\x11\xe8\xe1I\xedQ\rb\x9a\xbe\x12\xdf\x17\xaeN\x1e'
11E8E149-ED51-0D62-9ABE-12DF17AE4E1E,2023-ncaa-d3-conf-NJAC,ncaa,1,1,1,1,1,1,2,1,4,2,2,4,3,3,4,7,1,1,5,1,4,1,1,5,4,2,5,6,5,2,3,2,7,2,4,2,5,8,2,4,1,1,2,2,,,10,8,,,1,1,1,4,1,2,1,2,2,4,4,1,1,1,1,1,2,3,2,2,5,1,2,,9,,,1,8,7,9,5,6,6,6,10,10,7,10,9,9,4,9,9,9,10,7,6,3,10,10,4,9,7,10,3,10,4,9,9,1,1,6,8,3,8,5,,,1,5,,,1,10,2,4,2,7,5,7,2,2,9,10,6,7,7,7,9,8,7,7,8,1,7,7,,3,,,b'\x11\xe8\xe1I\xedQ\rb\x9a\xbe\x12\xdf\x17\xaeN\x1e'
11E8E149-ED51-0D62-9ABE-12DF17AE4E1E,2023-ncaa-d3-natl,ncaa,56,113,13,98,17,22,34,13,177,33,14,192,110,86,208,284,10,8,140,8,111,8,5,198,163,154,222,294,76,8,39,27,282,10,137,75,279,380,146,212,15,37,5,8,,,423,344,,,62,8,62,97,45,69,31,65,51,181,178,20,18,22,23,20,19,110,22,144,269,23,10,,391,,,80,390,327,405,71,201,307,76,419,424,244,368,401,405,176,402,372,414,423,125,142,74,417,381,341,403,282,407,39,414,137,374,368,14,48,92,361,173,400,260,,,16,197,,,62,421,114,96,93,212,134,245,58,99,362,380,341,347,340,265,357,326,269,300,268,29,256,356,,54,,,b'\x11\xe8\xe1I\xedQ\rb\x9a\xbe\x12\xdf\x17\xaeN\x1e'
11E8E149-ED51-0D62-9ABE-12DF17AE4E1E,2024-ncaa-d3-conf-NJAC,ncaa,6,7,5,7,6,5,5,5,4,6,7,6,3,5,2,3,6,6,5,6,4,5,5,3,3,5,4,3,4,6,5,5,3,6,5,5,3,5,6,5,7,5,2,4,,,5,7,,,5,5,6,4,5,5,5,7,7,3,5,5,6,5,5,6,5,4,5,4,6,7,1,,6,,,5,5,4,4,4,4,5,2,6,5,8,6,4,4,6,4,5,3,3,5,5,6,7,8,6,4,3,5,5,3,5,2,2,6,6,3,4,4,5,5,,,5,3,,,5,4,4,5,5,5,4,5,4,4,7,5,4,4,4,5,4,4,5,4,2,5,4,5,,4,,,b'\x11\xe8\xe1I\xedQ\rb\x9a\xbe\x12\xdf\x17\xaeN\x1e'
11E8E149-ED51-0D62-9ABE-12DF17AE4E1E,2024-ncaa-d3-natl,ncaa,203,232,112,223,170,168,177,193,170,213,218,203,113,161,52,176,173,180,210,169,150,185,178,136,148,165,118,125,225,209,230,135,153,159,174,123,71,252,235,166,212,229,105,117,,,279,273,,,175,166,225,244,199,211,226,230,251,123,184,197,208,189,227,234,235,147,176,123,226,235,111,,251,,,177,224,204,242,143,174,249,98,294,198,357,194,251,256,213,255,216,244,236,175,179,207,302,298,244,208,153,256,230,238,174,137,84,216,243,153,181,167,170,186,,,195,200,,,175,246,173,191,183,172,162,192,142,206,266,177,225,227,223,183,179,171,204,188,118,248,155,157,,232,,,b'\x11\xe8\xe1I\xedQ\rb\x9a\xbe\x12\xdf\x17\xaeN\x1e'
11E8E149-ED51-0D62-9ABE-12DF17AE4E1E,2025-ncaa-d3-conf-NJAC,genius_ncaa,4,4,5,4,6,3,5,6,3,4,6,4,2,4,2,3,3,4,4,4,5,6,6,3,3,2,2,2,5,9,8,2,1,7,4,3,1,3,3,3,5,5,3,2,,,4,4,,5,3,6,5,6,3,2,4,3,6,2,2,2,5,5,4,6,9,2,6,2,3,5,3,,4,,5,3,3,3,4,2,3,3,2,8,8,9,7,4,4,6,4,6,5,5,2,2,4,7,8,7,2,1,6,8,4,4,2,3,5,5,3,4,5,3,3,,,5,6,,4,3,5,3,3,3,4,3,6,2,4,8,7,4,4,4,6,4,2,7,4,2,5,5,3,,6,,4,b'\x11\xe8\xe1I\xedQ\rb\x9a\xbe\x12\xdf\x17\xaeN\x1e'
11E8E149-ED51-0D62-9ABE-12DF17AE4E1E,2025-ncaa-d3-natl,genius_ncaa,102,94,116,106,166,145,154,167,146,185,188,194,112,163,59,197,134,168,122,157,168,163,157,131,124,146,136,142,198,206,240,85,110,127,150,89,50,236,209,141,111,114,54,58,,,152,117,,180,88,141,172,258,152,168,184,204,211,113,184,135,185,170,182,187,235,71,131,75,218,113,55,,119,,179,84,80,94,216,43,90,239,33,185,176,225,185,129,137,146,139,128,199,260,49,48,40,254,272,187,197,110,254,240,231,150,63,81,92,91,40,315,298,72,73,,,162,199,,109,88,274,160,44,84,60,74,163,75,191,168,147,107,110,114,142,205,152,217,190,52,99,284,60,,188,,119,b'\x11\xe8\xe1I\xedQ\rb\x9a\xbe\x12\xdf\x17\xaeN\x1e'
11E8E149-ED51-0D62-9ABE-12DF17AE4E1E,2026-ncaa-d3-conf-NJAC,genius_ncaa,2,2,1,2,2,1,1,1,1,1,2,1,3,4,3,4,3,2,7,2,4,1,2,2,2,1,7,4,8,5,5,3,2,3,1,1,1,3,2,1,2,1,1,1,,,5,6,,1,1,2,3,2,1,1,1,1,2,3,4,3,2,2,1,2,5,3,3,1,3,2,1,,5,,1,1,5,4,1,6,3,6,4,5,3,9,3,7,6,6,5,6,2,5,7,7,6,6,6,9,2,2,5,5,2,1,1,1,2,2,1,3,3,2,3,,,3,4,,4,1,8,1,4,1,5,4,1,3,6,5,3,7,6,5,2,5,2,5,2,1,2,3,2,,3,,4,b'\x11\xe8\xe1I\xedQ\rb\x9a\xbe\x12\xdf\x17\xaeN\x1e'
11E8E149-ED51-0D62-9ABE-12DF17AE4E1E,2026-ncaa-d3-natl,genius_ncaa,54,68,116,75,139,133,156,148,206,119,111,218,230,228,230,322,33,30,226,28,57,124,151,223,204,160,205,317,40,94,111,82,44,88,55,92,83,170,89,88,174,187,50,72,,,246,269,,271,57,162,202,113,134,186,161,139,109,267,280,30,20,17,90,159,107,56,54,102,104,206,49,,212,,261,63,152,138,202,46,182,274,42,58,81,76,29,261,232,296,236,187,208,223,23,41,56,129,45,353,123,44,248,111,198,55,90,72,158,155,63,127,71,193,136,,,37,11,,76,57,244,136,41,71,52,51,124,120,259,19,21,243,194,207,128,132,86,214,134,39,178,80,157,,9,,93,b'\x11\xe8\xe1I\xedQ\rb\x9a\xbe\x12\xdf\x17\xaeN\x1e'
11E8E149-ED5A-1F60-9ABE-12DF17AE4E1E,2018-ncaa-d3-conf-NJAC,ncaa,5,5,3,5,3,4,4,4,3,4,5,5,2,4,1,4,9,9,8,9,10,6,6,2,5,5,6,3,10,7,9,7,6,9,9,2,3,4,3,2,3,3,8,9,,,8,9,,,6,4,6,1,4,3,5,4,6,2,5,9,9,9,7,6,8,7,9,2,3,3,9,,7,,,6,8,6,5,8,6,3,9,5,6,5,5,9,9,5,9,9,6,7,7,8,8,7,4,9,7,6,7,9,7,9,3,5,4,4,6,5,5,3,2,,,8,9,,,6,5,5,7,6,6,4,3,6,3,5,5,9,9,9,3,5,5,6,6,4,4,5,3,,9,,,b'\x11\xe8\xe1I\xedZ\x1f`\x9a\xbe\x12\xdf\x17\xaeN\x1e'
11E8E149-ED5A-1F60-9ABE-12DF17AE4E1E,2018-ncaa-d3-natl,ncaa,179,197,123,190,125,150,91,108,101,89,100,103,172,197,142,245,395,354,404,357,420,143,135,105,185,186,373,214,440,209,295,247,293,244,320,75,108,258,211,102,59,59,179,183,,,278,231,,,189,124,184,10,159,68,93,70,97,182,215,416,395,399,145,151,249,320,303,49,220,57,194,,251,,,189,276,263,191,302,306,215,341,198,216,150,194,322,349,115,339,339,222,315,294,295,200,181,136,301,304,293,335,295,323,320,241,196,74,77,116,323,286,259,172,,,339,416,,,189,313,213,207,201,224,222,147,257,173,164,177,305,350,326,169,281,261,297,288,215,65,298,244,,399,,,b'\x11\xe8\xe1I\xedZ\x1f`\x9a\xbe\x12\xdf\x17\xaeN\x1e'
11E8E149-ED5A-1F60-9ABE-12DF17AE4E1E,2019-ncaa-d3-conf-NJAC,ncaa,6,5,3,5,3,3,3,5,4,5,7,5,2,3,3,2,6,6,2,6,6,5,5,4,3,2,3,3,8,8,9,9,9,9,9,4,6,2,2,2,4,2,10,10,,,5,3,,,7,4,5,2,3,3,5,5,7,2,2,6,9,9,5,5,8,9,10,5,2,3,10,,4,,,7,9,8,5,9,8,5,9,8,7,8,5,5,5,4,4,6,5,7,9,9,9,4,5,4,9,9,7,9,8,9,9,10,5,4,7,3,3,6,5,,,5,4,,,7,7,2,8,7,9,9,4,9,3,6,5,4,4,3,4,6,9,8,9,9,5,3,5,,7,,,b'\x11\xe8\xe1I\xedZ\x1f`\x9a\xbe\x12\xdf\x17\xaeN\x1e'
11E8E149-ED5A-1F60-9ABE-12DF17AE4E1E,2019-ncaa-d3-natl,ncaa,169,162,215,170,231,143,158,162,174,215,259,163,83,69,149,76,164,197,108,203,157,164,232,145,141,88,99,96,245,216,276,406,429,362,413,255,373,50,35,136,68,53,416,417,,,232,217,,,219,231,202,79,87,126,84,208,262,59,57,143,178,183,95,178,201,431,401,242,50,41,419,,259,,,218,364,365,162,422,376,183,420,252,180,353,181,292,347,48,337,345,185,268,422,416,360,147,160,200,396,429,316,276,365,413,403,373,100,99,260,63,61,93,114,,,201,179,,,219,203,99,387,223,367,363,195,362,205,265,192,306,363,354,245,322,393,340,372,395,79,74,96,,164,,,b'\x11\xe8\xe1I\xedZ\x1f`\x9a\xbe\x12\xdf\x17\xaeN\x1e'
11E8E149-ED5A-1F60-9ABE-12DF17AE4E1E,2020-ncaa-d3-conf-NJAC,ncaa,7,7,7,7,9,9,8,8,8,8,10,4,6,5,10,5,10,9,8,8,3,8,9,8,8,6,7,6,6,9,8,9,5,10,8,8,8,2,4,5,7,6,10,9,,,5,6,,,9,9,7,7,8,8,8,6,8,6,5,8,7,7,7,8,8,8,10,7,2,6,10,,5,,,9,5,6,1,8,3,1,7,9,7,10,8,5,6,3,6,8,1,1,10,10,10,8,10,4,1,5,7,8,4,8,9,9,6,6,9,5,8,5,8,,,8,2,,,9,1,7,9,9,8,8,2,4,2,9,8,5,6,6,3,2,3,9,6,9,6,7,7,,5,,,b'\x11\xe8\xe1I\xedZ\x1f`\x9a\xbe\x12\xdf\x17\xaeN\x1e'
11E8E149-ED5A-1F60-9ABE-12DF17AE4E1E,2020-ncaa-d3-natl,ncaa,263,218,372,263,388,356,356,349,341,325,335,294,339,267,398,210,308,222,392,217,123,339,365,349,353,339,256,282,156,281,304,303,191,306,301,375,361,119,224,329,223,149,267,193,,,168,317,,,283,378,184,303,320,328,215,288,234,306,201,233,123,120,187,192,187,170,184,368,232,142,242,,306,,,286,54,27,33,138,23,31,114,247,183,327,320,250,329,32,324,419,46,57,191,197,162,411,368,359,108,191,273,304,201,301,163,383,227,124,198,201,286,259,329,,,282,159,,,283,59,335,163,286,183,114,121,62,61,326,306,339,391,391,188,224,211,388,331,245,142,286,331,,149,,,b'\x11\xe8\xe1I\xedZ\x1f`\x9a\xbe\x12\xdf\x17\xaeN\x1e'
11E8E149-ED5A-1F60-9ABE-12DF17AE4E1E,2021-ncaa-d3-conf-NJAC,ncaa,8,6,7,8,7,8,7,8,4,8,8,2,6,5,6,4,8,8,4,8,5,8,8,5,5,5,5,4,7,8,8,8,7,8,8,7,6,2,8,7,8,8,8,8,,,1,2,,,8,8,5,2,7,6,8,7,7,4,4,7,7,7,8,8,8,8,8,7,6,8,8,,2,,,8,3,3,2,8,2,2,7,7,2,8,7,1,1,3,1,2,2,1,8,8,8,6,8,1,2,7,1,8,1,8,4,4,8,8,8,3,7,1,4,,,8,4,,,8,1,5,8,8,8,8,8,8,6,8,7,1,1,1,8,6,6,6,6,8,8,6,4,,6,,,b'\x11\xe8\xe1I\xedZ\x1f`\x9a\xbe\x12\xdf\x17\xaeN\x1e'
11E8E149-ED5A-1F60-9ABE-12DF17AE4E1E,2021-ncaa-d3-natl,ncaa,251,183,206,251,206,211,209,217,168,216,218,129,197,195,188,74,216,221,146,220,157,217,214,159,173,188,135,110,190,235,265,216,251,221,259,211,192,74,211,204,249,280,274,285,,,67,42,,,253,213,177,110,221,210,235,216,244,152,124,218,225,222,250,241,264,234,261,211,169,279,285,,51,,,266,100,107,83,265,96,81,234,150,93,281,221,67,67,79,67,54,80,75,275,268,280,179,267,20,95,251,76,265,84,259,117,150,232,273,275,86,197,88,233,,,209,106,,,253,73,212,279,266,268,273,246,240,206,279,243,55,63,61,232,162,224,183,212,259,269,159,195,,167,,,b'\x11\xe8\xe1I\xedZ\x1f`\x9a\xbe\x12\xdf\x17\xaeN\x1e'
11E8E149-ED5A-1F60-9ABE-12DF17AE4E1E,2022-ncaa-d3-conf-NJAC,ncaa,9,9,10,9,10,10,10,10,7,10,9,8,10,10,9,10,10,10,4,10,10,10,10,8,8,9,10,10,3,10,10,10,9,10,10,10,10,8,10,10,9,8,10,8,,,1,3,,,9,10,4,6,10,10,10,8,7,10,10,8,9,9,10,9,10,9,10,10,10,7,9,,3,,,10,4,8,1,10,8,1,10,5,7,6,8,2,1,3,1,4,1,1,10,10,10,2,6,2,2,9,1,10,1,10,9,8,9,8,9,10,10,2,5,,,10,6,,,9,1,10,10,10,10,10,9,10,4,9,9,3,4,4,8,6,8,3,7,10,7,10,4,,9,,,b'\x11\xe8\xe1I\xedZ\x1f`\x9a\xbe\x12\xdf\x17\xaeN\x1e'
11E8E149-ED5A-1F60-9ABE-12DF17AE4E1E,2022-ncaa-d3-natl,ncaa,393,341,391,397,399,400,399,410,300,366,366,319,409,411,376,393,353,367,206,368,250,410,398,341,331,381,374,402,71,408,388,403,386,413,392,409,411,296,414,413,324,249,358,326,,,48,127,,,388,394,107,290,385,378,405,281,200,406,407,245,253,249,401,255,396,389,405,409,408,211,320,,186,,,397,118,160,41,414,188,46,423,117,92,275,258,84,89,117,88,268,44,43,409,403,374,114,172,111,166,386,48,388,68,392,249,336,294,156,313,357,415,104,226,,,385,264,,,388,38,394,382,396,381,382,304,383,255,302,286,264,293,289,307,344,351,266,315,386,110,414,233,,281,,,b'\x11\xe8\xe1I\xedZ\x1f`\x9a\xbe\x12\xdf\x17\xaeN\x1e'
11E8E149-ED5A-1F60-9ABE-12DF17AE4E1E,2023-ncaa-d3-conf-NJAC,ncaa,9,9,7,9,8,10,10,10,9,8,7,9,10,10,9,8,6,8,3,8,7,10,8,9,8,9,8,9,3,10,10,8,9,9,9,10,10,9,9,10,10,10,10,10,,,1,1,,,9,7,3,8,10,10,10,7,6,10,9,6,7,7,9,7,10,6,9,10,9,10,9,,1,,,9,7,9,8,9,9,9,9,6,5,5,6,1,1,1,1,1,6,4,9,9,9,1,3,1,7,9,5,10,7,9,8,7,9,9,9,10,10,4,4,,,8,6,,,9,4,9,9,9,9,9,10,9,10,7,7,1,2,2,9,8,9,9,9,9,9,10,4,,6,,,b'\x11\xe8\xe1I\xedZ\x1f`\x9a\xbe\x12\xdf\x17\xaeN\x1e'
11E8E149-ED5A-1F60-9ABE-12DF17AE4E1E,2023-ncaa-d3-natl,ncaa,366,398,185,376,240,330,348,307,370,287,180,371,387,371,397,362,146,162,149,154,166,285,254,386,366,366,291,385,18,333,382,251,374,306,382,382,390,341,358,392,330,373,381,401,,,115,69,,,383,202,181,288,371,388,347,309,180,395,388,120,138,131,332,251,354,257,336,401,326,354,388,,97,,,372,350,389,325,364,396,303,390,221,293,91,249,141,188,65,196,142,317,272,339,300,330,49,137,65,388,374,355,382,386,382,366,268,256,315,358,379,376,231,220,,,203,146,,,383,210,375,369,378,344,369,343,382,318,222,298,142,191,198,331,292,372,355,373,351,265,362,231,,177,,,b'\x11\xe8\xe1I\xedZ\x1f`\x9a\xbe\x12\xdf\x17\xaeN\x1e'
11E8E149-ED5A-1F60-9ABE-12DF17AE4E1E,2024-ncaa-d3-conf-NJAC,ncaa,9,9,7,9,9,9,10,10,10,10,9,10,9,9,9,6,3,2,6,2,2,10,9,10,9,9,5,8,2,10,10,6,7,7,8,10,9,9,9,10,10,10,10,10,,,1,1,,,10,6,2,4,9,10,10,10,8,9,9,2,2,2,10,5,10,3,6,10,9,10,10,,1,,,10,10,10,10,10,10,8,10,9,10,5,9,1,1,5,1,1,9,7,10,10,10,2,7,1,9,7,8,10,9,8,10,6,10,10,10,10,10,2,4,,,6,4,,,10,6,9,10,10,10,10,10,10,9,9,10,1,1,1,10,9,10,10,10,10,10,10,4,,5,,,b'\x11\xe8\xe1I\xedZ\x1f`\x9a\xbe\x12\xdf\x17\xaeN\x1e'
11E8E149-ED5A-1F60-9ABE-12DF17AE4E1E,2024-ncaa-d3-natl,ncaa,408,423,200,416,257,362,382,339,394,358,279,398,343,324,357,306,141,80,367,92,45,305,221,396,384,391,123,300,17,297,351,166,360,230,362,392,374,394,395,405,361,398,413,417,,,36,11,,,414,174,124,244,391,405,387,385,287,352,334,125,59,69,349,176,302,134,213,408,390,380,415,,16,,,406,412,421,411,393,416,365,411,406,414,275,354,43,37,151,37,16,395,311,397,370,404,56,293,9,395,360,354,351,395,362,418,314,364,408,416,414,410,170,230,,,204,194,,,414,258,392,408,406,410,415,407,407,382,405,413,33,31,31,396,352,394,363,385,413,386,410,181,,189,,,b'\x11\xe8\xe1I\xedZ\x1f`\x9a\xbe\x12\xdf\x17\xaeN\x1e'
11E8E149-ED5A-1F60-9ABE-12DF17AE4E1E,2025-ncaa-d3-conf-NJAC,genius_ncaa,8,8,7,8,8,7,8,9,8,9,9,7,7,7,7,6,5,2,9,2,1,8,8,8,7,8,3,6,2,8,7,3,3,4,3,7,7,8,8,7,10,10,9,10,,,3,6,,1,8,7,3,4,7,8,9,9,9,7,6,1,1,1,8,4,7,1,1,7,8,10,9,,7,,2,8,7,9,7,9,7,7,7,5,5,8,6,6,5,7,5,4,7,3,8,8,9,5,6,4,3,3,5,7,4,3,7,5,10,10,9,7,8,5,8,,,5,4,,10,8,4,8,9,8,8,10,9,10,10,6,6,7,7,7,9,6,4,8,8,7,10,8,8,,3,,10,b'\x11\xe8\xe1I\xedZ\x1f`\x9a\xbe\x12\xdf\x17\xaeN\x1e'
11E8E149-ED5A-1F60-9ABE-12DF17AE4E1E,2025-ncaa-d3-natl,genius_ncaa,293,299,290,299,302,294,300,271,310,278,224,322,286,269,302,270,213,125,372,123,111,240,177,326,326,341,207,255,116,110,107,147,141,130,118,266,158,348,337,330,262,273,396,406,,,220,231,,63,300,222,83,116,275,282,163,258,160,281,240,152,75,71,129,66,54,49,40,245,365,239,401,,292,,63,298,196,216,195,221,291,308,177,65,48,205,34,254,261,197,256,196,208,185,176,188,222,80,52,260,178,141,203,107,185,118,197,176,235,243,230,326,313,240,244,,,226,249,,379,300,202,323,201,294,282,281,295,328,370,96,74,321,316,313,311,302,213,281,262,243,197,340,281,,147,,383,b'\x11\xe8\xe1I\xedZ\x1f`\x9a\xbe\x12\xdf\x17\xaeN\x1e'
11E8E149-ED5A-1F60-9ABE-12DF17AE4E1E,2026-ncaa-d3-conf-NJAC,genius_ncaa,2,2,1,2,2,6,5,5,6,4,5,5,5,5,8,5,4,6,4,5,8,4,5,7,6,6,5,7,6,6,6,1,1,2,3,5,6,4,5,6,3,3,3,3,,,7,10,,2,5,4,4,2,6,5,5,4,5,5,5,4,6,5,4,5,6,1,2,5,4,3,3,,7,,2,5,1,1,4,3,4,4,6,3,4,2,6,2,4,1,4,5,4,3,3,2,2,4,5,4,1,1,8,6,4,3,2,2,6,5,3,4,4,6,6,,,8,9,,9,5,4,7,1,5,1,1,4,4,4,3,4,2,4,4,4,3,1,8,4,2,6,4,6,,8,,9,b'\x11\xe8\xe1I\xedZ\x1f`\x9a\xbe\x12\xdf\x17\xaeN\x1e'
11E8E149-ED5A-1F60-9ABE-12DF17AE4E1E,2026-ncaa-d3-natl,genius_ncaa,157,200,116,194,139,224,214,207,253,181,176,235,268,239,321,283,176,182,201,173,196,201,167,276,275,298,292,312,153,193,261,158,79,163,189,280,319,321,328,333,94,81,117,125,,,357,385,,20,219,157,184,113,301,286,294,215,214,323,294,197,231,219,294,206,240,179,210,328,310,103,133,,369,,20,219,196,210,164,305,258,209,297,100,95,154,58,209,310,12,305,318,179,230,267,229,126,75,69,232,123,79,276,261,224,189,149,96,69,49,57,220,185,78,45,,,215,276,,363,219,258,300,104,219,121,146,50,223,151,48,29,178,304,300,78,147,86,274,175,96,68,180,48,,276,,377,b'\x11\xe8\xe1I\xedZ\x1f`\x9a\xbe\x12\xdf\x17\xaeN\x1e'
11E8E149-ED5E-C20E-9ABE-12DF17AE4E1E,2018-ncaa-d3-conf-NJAC,ncaa,9,9,7,9,9,9,9,7,9,7,4,9,10,10,9,10,6,3,9,3,3,7,7,9,9,9,10,10,1,4,5,8,9,8,7,9,10,3,4,9,7,7,4,4,,,6,6,,,8,7,7,6,9,9,7,5,4,10,10,5,2,2,6,5,4,8,7,9,4,6,4,,6,,,8,3,5,3,7,5,6,6,4,2,7,2,5,2,10,3,3,2,4,6,6,7,6,5,5,6,9,6,5,5,7,5,6,6,6,7,1,3,8,9,,,4,1,,,8,3,9,8,8,5,8,6,8,7,4,4,5,3,3,4,4,7,8,7,6,5,3,9,,3,,,b'\x11\xe8\xe1I\xed^\xc2\x0e\x9a\xbe\x12\xdf\x17\xaeN\x1e'
11E8E149-ED5E-C20E-9ABE-12DF17AE4E1E,2018-ncaa-d3-natl,ncaa,320,349,197,335,264,292,244,181,306,119,75,263,425,394,438,412,225,121,409,126,272,161,163,368,375,355,437,439,146,91,133,287,294,189,256,353,418,226,210,340,117,102,145,163,,,165,157,,,210,214,169,303,306,252,136,75,42,433,407,219,89,91,113,113,63,303,156,375,242,106,146,,168,,,211,89,120,135,161,208,256,161,52,72,92,78,117,109,230,113,105,115,218,117,104,60,72,71,201,263,294,307,133,299,256,145,197,88,58,80,126,107,438,401,,,175,208,,,210,212,324,78,216,97,138,153,216,272,49,71,119,108,112,131,258,275,329,317,160,56,128,438,,138,,,b'\x11\xe8\xe1I\xed^\xc2\x0e\x9a\xbe\x12\xdf\x17\xaeN\x1e'
11E8E149-ED5E-C20E-9ABE-12DF17AE4E1E,2019-ncaa-d3-conf-NJAC,ncaa,2,4,1,4,2,5,5,4,8,4,4,8,5,5,5,6,4,1,10,1,2,3,3,8,8,8,5,6,5,4,8,6,7,4,8,9,9,6,6,9,2,3,5,6,,,5,2,,,4,3,8,6,10,8,8,8,6,7,7,8,3,3,8,8,9,7,8,9,5,4,6,,2,,,4,4,5,9,2,5,8,3,7,10,1,9,2,2,9,2,2,8,9,2,1,1,6,9,3,10,7,8,8,10,8,4,4,1,1,1,6,6,9,9,,,1,1,,,4,8,9,1,4,1,1,3,1,2,4,8,2,1,1,1,4,6,6,7,3,2,5,9,,2,,,b'\x11\xe8\xe1I\xed^\xc2\x0e\x9a\xbe\x12\xdf\x17\xaeN\x1e'
11E8E149-ED5E-C20E-9ABE-12DF17AE4E1E,2019-ncaa-d3-natl,ncaa,137,219,20,176,22,186,211,83,347,165,79,331,298,215,388,322,68,13,425,13,56,56,43,368,366,360,265,343,53,94,274,119,382,96,361,318,406,379,269,380,34,79,142,212,,,316,104,,,196,30,236,122,358,368,323,295,215,371,337,161,30,35,229,218,216,323,296,406,252,72,209,,144,,,197,231,294,411,66,314,388,104,213,376,22,273,141,149,146,154,76,402,425,56,40,27,116,193,113,431,382,433,274,437,361,188,94,24,54,33,342,232,433,386,,,8,36,,,196,413,358,48,202,60,114,222,143,206,100,235,60,68,73,161,288,379,327,357,81,55,220,401,,40,,,b'\x11\xe8\xe1I\xed^\xc2\x0e\x9a\xbe\x12\xdf\x17\xaeN\x1e'
11E8E149-ED5E-C20E-9ABE-12DF17AE4E1E,2020-ncaa-d3-conf-NJAC,ncaa,10,10,7,10,9,10,10,9,10,10,9,9,9,7,9,6,4,6,4,6,2,9,8,10,9,9,4,7,1,7,7,10,10,8,10,10,7,4,7,10,9,8,9,10,,,2,3,,,10,10,8,7,10,10,9,10,7,8,6,2,4,4,9,7,7,9,8,10,8,8,9,,3,,,10,8,9,6,10,9,7,10,6,5,6,6,2,2,4,2,3,4,3,9,8,9,3,5,1,10,10,6,7,7,10,10,7,8,7,10,8,9,10,10,,,5,1,,,10,2,10,10,10,10,10,9,9,8,6,7,2,2,2,8,6,10,7,10,10,7,9,10,,2,,,b'\x11\xe8\xe1I\xed^\xc2\x0e\x9a\xbe\x12\xdf\x17\xaeN\x1e'
11E8E149-ED5E-C20E-9ABE-12DF17AE4E1E,2020-ncaa-d3-natl,ncaa,379,409,198,390,214,360,382,322,407,352,252,404,397,324,426,315,104,64,307,64,44,270,200,416,402,399,200,372,3,197,272,235,409,228,363,406,415,380,368,420,277,329,286,330,,,198,124,,,376,209,178,47,386,405,330,372,232,397,323,80,34,35,263,149,171,227,206,424,375,279,288,,233,,,371,294,352,359,252,382,346,311,168,280,41,210,145,225,22,230,154,356,340,214,150,203,48,111,99,425,409,366,272,416,363,333,235,210,277,297,397,380,430,432,,,71,49,,,376,229,399,298,372,303,342,374,378,375,190,302,160,248,253,377,376,420,366,404,334,184,381,434,,37,,,b'\x11\xe8\xe1I\xed^\xc2\x0e\x9a\xbe\x12\xdf\x17\xaeN\x1e'
11E8E149-ED5E-C20E-9ABE-12DF17AE4E1E,2021-ncaa-d3-conf-NJAC,ncaa,5,4,6,5,6,6,6,6,6,6,7,7,5,6,3,5,7,7,7,7,6,6,6,6,6,6,4,5,4,7,7,6,8,7,7,6,5,3,5,6,7,6,7,7,,,2,1,,,7,6,2,1,5,5,6,6,4,5,5,6,6,6,5,4,7,7,7,6,5,6,7,,1,,,7,4,4,3,7,4,3,8,4,6,6,8,2,2,8,2,3,3,3,7,7,7,3,7,2,3,8,3,7,3,7,7,8,7,6,7,2,3,5,5,,,6,5,,,7,3,6,7,7,7,7,7,7,4,7,8,4,2,1,7,7,8,7,8,7,6,3,6,,4,,,b'\x11\xe8\xe1I\xed^\xc2\x0e\x9a\xbe\x12\xdf\x17\xaeN\x1e'
11E8E149-ED5E-C20E-9ABE-12DF17AE4E1E,2021-ncaa-d3-natl,ncaa,176,149,193,197,194,197,200,196,217,201,191,249,182,202,73,215,190,185,201,185,167,196,197,210,211,204,118,132,122,197,217,203,256,202,246,197,182,91,169,197,224,258,213,230,,,75,24,,,233,196,145,81,206,209,159,209,96,156,213,165,147,145,159,149,176,208,217,206,163,255,225,,37,,,235,108,115,97,216,113,88,243,134,132,158,248,83,76,231,75,65,96,89,223,217,232,128,218,48,133,256,99,217,108,246,141,236,205,220,256,78,82,152,238,,,194,124,,,233,88,213,255,239,234,247,235,219,155,245,255,96,65,61,222,187,245,223,239,254,193,82,261,,123,,,b'\x11\xe8\xe1I\xed^\xc2\x0e\x9a\xbe\x12\xdf\x17\xaeN\x1e'
11E8E149-ED5E-C20E-9ABE-12DF17AE4E1E,2022-ncaa-d3-conf-NJAC,ncaa,9,10,7,10,8,9,9,8,10,8,5,9,9,7,10,6,9,8,10,8,9,9,6,10,10,10,9,9,7,8,8,9,10,9,9,9,9,10,9,9,4,3,8,9,,,6,6,,,10,6,2,6,9,8,6,7,4,9,7,9,8,8,7,3,7,10,8,8,9,2,8,,8,,,9,10,10,6,9,10,6,9,7,5,10,6,6,6,9,6,6,6,6,9,9,9,5,5,5,9,10,8,8,10,9,10,10,5,6,8,9,9,10,9,,,7,8,,,10,5,9,9,9,9,9,7,9,8,8,6,8,7,7,9,10,10,10,10,9,2,9,10,,7,,,b'\x11\xe8\xe1I\xed^\xc2\x0e\x9a\xbe\x12\xdf\x17\xaeN\x1e'
11E8E149-ED5E-C20E-9ABE-12DF17AE4E1E,2022-ncaa-d3-natl,ncaa,364,385,250,375,285,330,311,247,366,257,187,353,354,298,400,295,279,165,406,170,195,239,175,382,386,390,319,339,142,205,301,353,402,314,394,310,267,391,372,376,41,41,310,335,,,341,306,,,386,161,37,290,356,334,177,261,121,357,279,261,116,119,163,57,175,396,327,314,398,24,325,,393,,,376,338,323,176,373,335,221,361,211,139,355,100,373,393,102,394,379,226,315,370,375,269,191,134,316,373,402,358,301,377,394,390,384,40,45,207,396,377,388,377,,,186,227,,,386,273,386,305,375,369,350,253,353,290,230,149,384,401,402,320,394,374,390,392,381,21,395,407,,115,,,b'\x11\xe8\xe1I\xed^\xc2\x0e\x9a\xbe\x12\xdf\x17\xaeN\x1e'
11E8E149-ED5E-C20E-9ABE-12DF17AE4E1E,2023-ncaa-d3-conf-NJAC,ncaa,10,10,7,10,8,8,8,7,8,6,5,8,9,9,7,9,9,7,8,7,9,8,6,8,9,10,9,7,7,9,9,10,10,10,10,8,7,10,10,9,4,4,8,8,,,4,3,,,10,6,2,8,8,8,6,6,4,9,8,7,6,6,7,4,9,10,10,8,10,3,8,,8,,,10,10,10,6,10,10,3,10,9,8,10,8,8,8,6,8,7,7,7,10,10,10,5,8,2,10,10,6,9,9,10,10,10,5,6,10,9,8,10,9,,,10,8,,,10,5,10,10,10,10,10,9,10,8,10,9,10,10,10,10,10,10,10,10,10,3,9,10,,8,,,b'\x11\xe8\xe1I\xed^\xc2\x0e\x9a\xbe\x12\xdf\x17\xaeN\x1e'
11E8E149-ED5E-C20E-9ABE-12DF17AE4E1E,2023-ncaa-d3-natl,ncaa,396,411,271,409,312,327,317,299,330,263,192,340,361,360,344,343,278,277,293,277,284,297,250,350,346,364,331,350,147,333,361,386,417,379,417,339,321,384,386,385,142,181,370,392,,,268,212,,,404,193,71,288,339,325,269,253,136,370,350,266,252,254,272,130,333,421,407,342,387,113,373,,335,,,399,405,399,273,420,402,292,416,267,197,357,138,343,348,218,336,294,297,308,414,418,394,117,127,205,405,417,309,361,380,417,415,404,124,166,364,365,365,374,362,,,325,355,,,404,235,374,407,399,409,401,350,397,363,301,228,379,382,377,375,389,400,360,395,410,93,366,397,,322,,,b'\x11\xe8\xe1I\xed^\xc2\x0e\x9a\xbe\x12\xdf\x17\xaeN\x1e'
11E8E149-ED5E-C20E-9ABE-12DF17AE4E1E,2024-ncaa-d3-conf-NJAC,ncaa,9,9,7,9,9,10,9,8,9,5,4,9,10,10,10,10,10,10,9,10,10,8,6,9,10,10,10,10,5,8,8,9,10,9,10,9,10,10,10,9,4,6,9,9,,,7,6,,,9,4,1,4,10,9,7,4,2,10,10,10,9,9,8,3,8,9,9,9,10,3,9,,10,,,9,9,7,8,8,6,3,8,10,9,10,10,9,8,9,8,9,8,8,8,9,9,9,10,5,8,10,6,8,8,10,9,10,2,3,9,9,9,7,6,,,10,10,,,9,8,10,9,9,9,8,9,7,5,10,9,10,10,10,9,10,9,7,9,9,2,9,8,,10,,,b'\x11\xe8\xe1I\xed^\xc2\x0e\x9a\xbe\x12\xdf\x17\xaeN\x1e'
11E8E149-ED5E-C20E-9ABE-12DF17AE4E1E,2024-ncaa-d3-natl,ncaa,396,417,200,407,257,345,299,226,362,222,83,371,389,384,385,388,366,360,330,358,411,258,150,381,390,392,406,379,300,214,281,278,411,254,385,353,384,395,384,393,194,283,400,407,,,304,195,,,400,140,69,244,378,327,197,212,54,394,389,388,377,374,253,93,212,294,255,372,392,179,408,,331,,,391,382,350,350,271,285,216,296,410,413,306,374,343,352,246,350,334,364,358,308,306,297,357,368,228,417,411,345,281,404,385,400,401,91,178,309,409,395,328,246,,,354,405,,,400,304,390,356,390,377,357,373,284,240,409,411,356,364,363,384,398,411,346,400,388,80,401,342,,384,,,b'\x11\xe8\xe1I\xed^\xc2\x0e\x9a\xbe\x12\xdf\x17\xaeN\x1e'
11E8E149-ED5E-C20E-9ABE-12DF17AE4E1E,2025-ncaa-d3-conf-NJAC,genius_ncaa,10,10,7,10,10,9,9,7,10,7,1,10,10,10,10,10,9,5,10,5,8,7,5,10,10,10,10,10,3,7,9,7,10,9,10,10,9,10,9,10,4,4,9,9,,,8,8,,10,9,4,1,6,9,9,7,6,1,10,10,8,4,4,5,1,6,5,4,10,10,3,9,,8,,10,9,10,8,9,4,5,6,5,9,9,4,9,10,9,9,9,8,9,9,7,7,7,8,7,9,10,10,9,9,10,10,9,9,4,6,7,9,9,9,9,,,8,8,,8,9,7,10,8,9,10,9,10,8,8,9,9,10,9,9,10,10,10,10,10,9,3,9,10,,4,,8,b'\x11\xe8\xe1I\xed^\xc2\x0e\x9a\xbe\x12\xdf\x17\xaeN\x1e'
11E8E149-ED5E-C20E-9ABE-12DF17AE4E1E,2025-ncaa-d3-natl,genius_ncaa,370,400,192,385,248,332,307,207,364,151,22,387,414,416,405,418,213,88,403,89,309,181,72,390,393,395,415,419,63,102,166,151,365,127,299,347,360,416,388,390,42,61,325,358,,,393,325,,404,347,64,19,258,365,329,160,125,6,417,418,205,66,72,128,25,71,109,73,365,406,27,330,,404,,409,343,272,169,286,78,187,318,52,168,170,201,77,404,408,147,407,368,348,380,68,111,63,322,121,406,404,365,339,166,388,299,325,388,31,57,110,391,342,316,152,,,124,240,,190,347,356,392,112,333,286,190,309,204,346,175,179,404,409,409,364,401,392,350,375,318,17,373,324,,88,,190,b'\x11\xe8\xe1I\xed^\xc2\x0e\x9a\xbe\x12\xdf\x17\xaeN\x1e'
11E8E149-ED5E-C20E-9ABE-12DF17AE4E1E,2026-ncaa-d3-conf-NJAC,genius_ncaa,9,9,1,9,2,8,8,7,9,6,3,9,9,9,9,9,6,1,9,1,2,6,3,9,9,8,8,9,3,9,10,8,10,10,10,10,10,9,8,10,3,8,9,10,,,9,7,,3,10,1,1,2,8,8,7,6,3,9,9,6,1,1,6,3,9,8,10,10,9,3,9,,9,,3,10,10,10,10,8,10,9,9,7,8,5,5,10,10,10,10,8,10,10,8,8,9,5,3,10,10,10,10,10,10,10,8,4,2,6,6,9,8,9,9,,,5,5,,5,10,10,9,9,9,10,10,10,10,9,7,8,10,10,10,10,10,10,10,10,8,2,9,9,,5,,5,b'\x11\xe8\xe1I\xed^\xc2\x0e\x9a\xbe\x12\xdf\x17\xaeN\x1e'
11E8E149-ED5E-C20E-9ABE-12DF17AE4E1E,2026-ncaa-d3-natl,genius_ncaa,288,397,8,341,21,92,64,20,300,22,7,299,340,248,382,396,69,16,399,17,222,18,17,341,360,343,402,398,172,57,309,57,383,59,384,252,406,389,262,370,49,243,283,374,,,415,349,,197,374,14,44,113,311,262,150,125,47,394,383,225,77,85,119,90,205,278,262,380,302,171,362,,402,,130,345,407,388,399,236,401,405,262,225,320,66,51,415,415,233,415,378,404,412,184,255,216,170,19,398,410,383,407,309,410,384,357,136,16,125,102,363,220,368,198,,,14,156,,76,374,410,348,259,326,333,277,284,330,330,71,122,408,407,408,351,383,376,382,390,220,55,243,281,,95,,160,b'\x11\xe8\xe1I\xed^\xc2\x0e\x9a\xbe\x12\xdf\x17\xaeN\x1e'
11E8E149-ED63-51D4-9ABE-12DF17AE4E1E,2018-ncaa-d3-conf-ACAA,ncaa,1,2,1,2,2,2,2,2,2,2,2,2,3,3,2,5,1,1,4,1,2,2,2,2,2,2,3,5,2,2,1,2,2,2,1,2,3,5,4,4,2,1,4,4,,,4,4,,,2,2,5,2,4,4,5,3,3,5,5,3,2,2,4,4,3,4,4,4,3,2,5,,2,,,2,3,3,4,3,3,4,3,5,5,3,5,3,3,1,3,2,4,4,3,1,1,3,4,2,4,2,4,1,4,1,5,5,2,2,3,5,3,3,2,,,1,2,,,2,4,2,2,2,1,2,1,2,1,4,5,1,1,1,1,1,2,1,1,3,3,3,2,,2,,,b'\x11\xe8\xe1I\xedcQ\xd4\x9a\xbe\x12\xdf\x17\xaeN\x1e'
11E8E149-ED63-51D4-9ABE-12DF17AE4E1E,2018-ncaa-d3-natl,ncaa,280,138,429,238,433,419,417,431,286,378,391,307,428,432,397,419,384,361,371,353,198,431,430,351,347,379,400,426,93,386,130,418,266,414,178,402,246,169,410,389,266,109,425,408,,,39,238,,,276,431,143,419,365,339,354,189,104,421,421,222,127,116,313,144,166,154,150,329,408,100,407,,266,,,286,10,14,12,179,25,17,198,17,23,86,171,16,25,6,26,104,11,13,146,85,78,63,151,71,52,266,10,130,13,178,115,434,369,134,266,150,366,130,287,,,408,131,,,276,13,376,104,289,141,225,267,274,299,128,178,54,122,125,231,295,320,145,205,368,115,373,349,,107,,,b'\x11\xe8\xe1I\xedcQ\xd4\x9a\xbe\x12\xdf\x17\xaeN\x1e'
11E8E149-ED63-51D4-9ABE-12DF17AE4E1E,2019-ncaa-d3-conf-North Atlantic,ncaa,3,3,1,3,3,4,3,3,3,2,1,4,7,8,3,8,3,3,4,3,4,3,1,5,3,4,8,7,3,5,4,1,3,1,3,4,5,7,5,4,2,2,5,5,,,1,1,,,4,1,3,5,4,3,4,2,1,7,8,3,3,3,3,1,5,1,1,4,6,2,7,,1,,,4,4,5,8,3,3,3,3,8,8,3,8,1,1,1,1,1,8,8,4,3,3,7,8,1,7,3,6,4,6,3,8,8,5,6,7,6,4,8,5,,,3,3,,,4,8,4,3,4,3,3,8,3,3,8,8,1,1,1,7,6,5,3,3,7,6,4,7,,3,,,b'\x11\xe8\xe1I\xedcQ\xd4\x9a\xbe\x12\xdf\x17\xaeN\x1e'
11E8E149-ED63-51D4-9ABE-12DF17AE4E1E,2019-ncaa-d3-natl,ncaa,206,219,215,219,274,308,288,256,322,201,88,369,397,417,250,420,228,248,169,244,355,251,234,364,350,344,377,396,116,153,163,90,265,101,162,292,276,276,293,319,177,181,323,329,,,22,7,,,229,258,212,272,335,310,224,185,44,407,419,211,231,230,218,184,134,23,44,312,294,171,339,,11,,,228,97,154,364,32,61,135,68,412,436,76,436,16,18,61,21,25,289,234,61,27,66,363,436,19,377,265,219,163,294,162,295,387,291,324,331,246,261,303,214,,,306,337,,,229,184,335,104,230,118,184,395,83,149,415,438,9,8,10,332,286,377,241,315,299,290,255,314,,317,,,b'\x11\xe8\xe1I\xedcQ\xd4\x9a\xbe\x12\xdf\x17\xaeN\x1e'
11E8E149-ED63-51D4-9ABE-12DF17AE4E1E,2020-ncaa-d3-conf-North Atlantic,ncaa,7,7,7,7,8,8,8,8,7,8,8,7,7,8,6,2,7,7,7,7,3,8,8,7,8,8,2,1,4,8,8,5,8,8,8,8,2,8,8,8,6,5,6,6,,,1,1,,,8,8,6,5,8,8,8,8,8,7,6,7,4,4,8,7,8,5,7,7,8,5,6,,1,,,8,4,4,6,5,4,3,6,8,8,4,8,1,1,6,1,2,4,2,5,5,6,6,8,1,7,8,5,8,7,8,7,8,7,7,8,7,8,7,8,,,6,3,,,8,1,8,6,8,6,6,8,6,5,8,8,2,2,2,7,8,8,6,8,7,7,7,7,,3,,,b'\x11\xe8\xe1I\xedcQ\xd4\x9a\xbe\x12\xdf\x17\xaeN\x1e'
11E8E149-ED63-51D4-9ABE-12DF17AE4E1E,2020-ncaa-d3-natl,ncaa,418,430,198,426,280,415,417,375,431,416,369,431,342,280,396,166,400,330,429,332,221,381,292,428,431,429,112,135,168,378,413,218,389,310,400,401,198,430,430,427,285,323,359,380,,,17,7,,,426,224,170,303,431,431,414,432,388,353,271,416,339,343,421,275,392,199,321,422,426,290,367,,10,,,422,339,395,406,237,313,291,262,423,428,297,411,11,18,92,16,9,364,285,282,204,300,236,407,8,408,389,381,413,402,400,431,431,331,379,420,436,434,371,420,,,292,269,,,426,204,429,341,425,333,383,415,316,319,423,429,7,10,9,384,333,398,376,398,422,353,430,378,,303,,,b'\x11\xe8\xe1I\xedcQ\xd4\x9a\xbe\x12\xdf\x17\xaeN\x1e'
11E8E149-ED63-51D4-9ABE-12DF17AE4E1E,2021-ncaa-d3-conf-North Atlantic,ncaa,4,4,4,4,5,4,5,6,3,6,7,3,3,3,4,1,5,4,7,4,1,5,6,2,3,4,1,1,4,5,4,7,7,6,6,3,1,3,5,4,5,5,4,5,,,4,5,,,4,5,3,3,4,5,5,5,7,3,2,5,3,3,4,4,4,5,5,2,5,4,4,,6,,,4,2,3,3,4,5,4,4,1,1,3,1,3,5,2,5,3,4,4,3,3,4,2,1,6,7,7,3,4,3,6,2,3,5,4,5,4,5,4,5,,,3,1,,,4,2,4,4,4,4,5,6,7,7,2,1,5,7,7,7,7,7,5,6,4,4,5,5,,1,,,b'\x11\xe8\xe1I\xedcQ\xd4\x9a\xbe\x12\xdf\x17\xaeN\x1e'
11E8E149-ED63-51D4-9ABE-12DF17AE4E1E,2021-ncaa-d3-natl,ncaa,251,115,232,251,234,244,245,242,225,244,242,184,237,229,251,83,242,237,248,235,106,241,236,229,240,248,162,151,158,240,183,230,231,232,199,229,12,57,234,172,244,238,228,215,,,52,98,,,187,236,78,110,233,219,176,212,204,185,97,210,168,148,173,99,142,26,59,97,243,200,185,,158,,,218,51,51,55,66,52,59,78,50,56,84,101,42,51,9,49,55,53,51,57,37,84,47,112,42,73,231,51,183,57,199,56,258,244,249,260,60,223,75,258,,,236,190,,,187,49,244,137,215,155,201,268,211,269,124,184,52,127,119,262,244,263,212,253,247,223,233,246,,171,,,b'\x11\xe8\xe1I\xedcQ\xd4\x9a\xbe\x12\xdf\x17\xaeN\x1e'
11E8E149-ED63-51D4-9ABE-12DF17AE4E1E,2022-ncaa-d3-conf-North Atlantic,ncaa,5,7,1,6,2,5,5,1,9,5,3,9,3,2,8,5,7,5,10,5,10,1,1,9,9,9,5,3,10,1,4,2,3,1,4,5,4,11,9,8,4,6,6,6,,,12,11,,,6,1,3,11,9,8,3,9,5,6,3,10,10,10,3,3,1,3,3,7,10,8,7,,9,,,6,10,9,10,7,9,12,5,8,7,10,3,10,11,5,11,7,10,10,7,6,6,6,5,6,7,3,12,4,10,4,8,3,2,8,4,10,7,12,10,,,4,11,,,6,12,8,5,6,5,5,5,7,9,4,3,8,8,8,5,5,5,8,7,5,7,9,10,,9,,,b'\x11\xe8\xe1I\xedcQ\xd4\x9a\xbe\x12\xdf\x17\xaeN\x1e'
11E8E149-ED63-51D4-9ABE-12DF17AE4E1E,2022-ncaa-d3-natl,ncaa,232,210,300,237,343,321,280,247,331,257,214,321,287,226,340,222,351,317,391,321,329,259,233,334,356,362,289,241,325,81,48,166,103,127,63,241,146,330,338,312,262,246,247,271,,,165,227,,,240,279,95,409,301,248,90,216,115,267,190,350,272,282,106,51,17,26,11,206,371,230,227,,272,,,241,85,102,147,113,139,241,66,85,67,261,57,126,187,45,174,152,136,138,93,89,114,150,149,226,118,103,156,48,135,63,88,126,273,259,167,242,241,361,365,,,345,385,,,240,141,331,115,246,173,192,302,225,362,113,78,205,265,257,293,281,191,269,240,145,223,297,405,,318,,,b'\x11\xe8\xe1I\xedcQ\xd4\x9a\xbe\x12\xdf\x17\xaeN\x1e'
11E8E149-ED63-51D4-9ABE-12DF17AE4E1E,2023-ncaa-d3-conf-North Atlantic,ncaa,5,5,7,5,7,6,6,5,5,6,6,5,3,3,7,5,6,3,11,3,1,5,5,5,5,6,5,4,7,4,4,5,6,3,5,4,5,4,4,3,3,4,6,6,,,10,10,,,6,6,3,7,4,4,3,5,6,3,3,6,2,2,2,2,2,2,2,3,5,3,6,,11,,,6,5,5,6,5,6,8,5,4,6,4,6,9,8,6,6,7,6,7,5,5,5,7,6,8,8,6,6,4,6,5,4,4,6,5,4,3,3,7,7,,,4,5,,,6,7,5,5,6,6,6,9,5,8,6,8,8,7,7,8,9,8,8,9,5,3,3,7,,4,,,b'\x11\xe8\xe1I\xedcQ\xd4\x9a\xbe\x12\xdf\x17\xaeN\x1e'
11E8E149-ED63-51D4-9ABE-12DF17AE4E1E,2023-ncaa-d3-natl,ncaa,210,171,333,196,337,227,190,178,207,194,209,178,154,133,244,144,355,303,403,289,290,198,247,199,261,227,265,149,413,84,64,207,176,144,109,94,39,103,102,64,161,129,175,182,,,160,210,,,132,300,129,49,118,79,30,104,101,110,77,353,245,231,42,54,31,42,15,43,184,107,150,,275,,,119,66,69,144,57,84,170,60,114,169,95,217,128,147,140,140,159,130,131,50,53,69,216,217,223,190,176,153,64,161,109,164,310,215,186,196,76,80,176,179,,,309,339,,,132,132,177,80,122,151,164,310,173,291,183,246,209,219,213,302,306,262,292,281,244,138,128,238,,239,,,b'\x11\xe8\xe1I\xedcQ\xd4\x9a\xbe\x12\xdf\x17\xaeN\x1e'
11E8E149-ED63-51D4-9ABE-12DF17AE4E1E,2024-ncaa-d3-conf-North Atlantic,ncaa,2,4,1,3,2,1,2,2,3,1,1,3,4,7,2,11,1,1,6,1,4,2,1,3,3,3,11,11,6,2,4,1,4,1,4,3,9,10,5,4,4,6,4,4,,,13,9,,,4,1,4,5,3,4,4,1,1,6,10,2,1,1,3,2,3,2,2,5,7,6,6,,12,,,4,9,8,11,3,6,10,2,9,13,7,12,12,13,7,13,11,13,14,3,3,3,14,13,11,10,4,10,4,12,4,7,8,2,6,4,9,4,11,7,,,1,1,,,4,14,4,4,4,4,4,10,4,4,8,12,12,12,12,10,10,6,4,5,4,5,5,8,,1,,,b'\x11\xe8\xe1I\xedcQ\xd4\x9a\xbe\x12\xdf\x17\xaeN\x1e'
11E8E149-ED63-51D4-9ABE-12DF17AE4E1E,2024-ncaa-d3-natl,ncaa,89,30,345,54,357,149,147,233,72,128,171,104,203,292,39,319,118,115,222,108,128,209,269,75,77,72,264,266,178,174,97,130,135,143,80,160,236,79,97,103,245,218,234,187,,,164,236,,,43,299,87,244,26,34,66,41,56,163,251,50,30,26,35,69,79,10,17,78,172,171,199,,286,,,23,39,35,134,12,20,76,11,263,328,134,385,102,130,63,133,241,126,122,22,19,31,402,407,243,181,135,69,97,98,80,102,307,249,206,149,48,51,200,174,,,152,71,,,43,122,62,37,36,105,80,321,29,179,343,394,168,219,225,309,312,269,192,238,176,150,94,279,,27,,,b'\x11\xe8\xe1I\xedcQ\xd4\x9a\xbe\x12\xdf\x17\xaeN\x1e'
11E8E149-ED63-51D4-9ABE-12DF17AE4E1E,2025-ncaa-d3-conf-SUNYAC,genius_ncaa,4,4,1,4,2,2,1,2,2,1,2,3,5,5,2,6,5,6,1,6,9,2,2,2,2,2,6,6,9,5,8,4,7,6,8,4,8,3,3,5,6,6,3,3,,,7,5,,2,4,1,1,2,2,1,2,1,2,6,5,6,9,9,2,3,5,7,7,5,3,6,3,,7,,2,4,10,10,8,7,10,10,8,4,4,6,3,10,10,6,10,7,9,10,7,7,6,3,3,8,7,7,8,8,9,8,6,4,2,5,4,8,5,10,9,,,5,9,,2,4,9,3,6,4,7,8,5,9,9,4,4,10,9,9,5,8,5,7,9,6,3,6,10,,6,,3,b'\x11\xe8\xe1I\xedcQ\xd4\x9a\xbe\x12\xdf\x17\xaeN\x1e'
11E8E149-ED63-51D4-9ABE-12DF17AE4E1E,2025-ncaa-d3-natl,genius_ncaa,141,155,116,156,139,151,129,96,194,126,90,222,155,166,143,234,260,304,97,301,384,124,158,200,210,157,262,196,340,256,335,147,160,191,284,152,251,77,60,107,210,243,123,142,,,121,81,,53,179,127,163,154,162,122,77,133,92,171,187,300,344,343,108,192,293,177,239,162,69,238,128,,78,,46,180,254,290,267,247,322,308,235,146,163,159,113,201,236,103,230,164,271,272,221,194,203,78,109,167,197,160,366,335,316,284,272,227,162,194,225,226,202,399,345,,,293,351,,177,179,283,184,177,183,205,246,224,286,282,123,126,172,202,200,219,222,152,334,282,247,187,201,389,,347,,195,b'\x11\xe8\xe1I\xedcQ\xd4\x9a\xbe\x12\xdf\x17\xaeN\x1e'
11E8E149-ED63-51D4-9ABE-12DF17AE4E1E,2026-ncaa-d3-conf-SUNYAC,genius_ncaa,2,5,1,5,1,1,1,3,1,1,2,3,1,4,2,6,9,6,10,6,9,5,6,1,2,1,8,3,10,4,6,2,6,3,6,1,5,5,4,2,5,9,1,2,,,6,4,,6,1,6,9,1,2,1,4,1,3,1,5,10,9,8,6,8,6,3,4,2,2,8,1,,5,,5,3,7,6,6,5,6,7,3,7,6,8,5,7,7,3,7,7,6,5,4,3,4,6,7,6,6,6,6,6,5,6,7,4,4,5,5,7,5,2,2,,,6,8,,9,1,5,3,4,3,5,4,3,4,5,6,5,6,7,7,4,4,5,6,4,5,5,5,2,,8,,9,b'\x11\xe8\xe1I\xedcQ\xd4\x9a\xbe\x12\xdf\x17\xaeN\x1e'
11E8E149-ED63-51D4-9ABE-12DF17AE4E1E,2026-ncaa-d3-natl,genius_ncaa,13,21,116,27,139,48,38,46,167,48,46,183,78,78,168,197,162,163,216,173,345,51,112,168,189,76,260,180,324,36,91,76,59,56,79,105,322,49,4,20,107,127,36,31,,,167,95,,271,16,145,122,113,27,17,12,35,27,86,75,177,207,219,12,67,26,45,17,116,9,127,30,,96,,261,19,169,162,234,56,151,232,46,225,248,167,241,165,168,154,169,138,230,254,59,49,49,258,288,194,147,59,321,91,269,79,182,236,111,124,112,74,13,180,74,,,209,341,,201,16,271,46,38,23,68,86,188,82,194,193,211,103,121,120,175,213,104,345,250,143,118,34,137,,269,,217,b'\x11\xe8\xe1I\xedcQ\xd4\x9a\xbe\x12\xdf\x17\xaeN\x1e'
11E8E149-ED67-C228-9ABE-12DF17AE4E1E,2018-ncaa-d3-conf-SUNYAC,ncaa,4,3,5,4,6,3,5,4,3,6,4,5,5,4,3,6,4,4,1,5,4,5,5,3,3,2,4,5,5,6,6,3,5,5,5,4,4,3,3,3,5,4,2,2,,,3,3,,,3,5,4,5,3,3,4,5,4,4,5,3,5,5,3,5,7,1,3,2,3,4,2,,3,,,3,3,3,10,1,2,1,2,10,10,5,10,2,2,5,2,2,9,7,2,2,3,8,10,2,9,5,5,6,6,5,8,8,5,5,6,4,3,3,2,,,4,3,,,3,6,3,4,3,4,5,10,1,4,9,10,2,2,2,6,8,7,5,6,8,4,5,3,,5,,,b'\x11\xe8\xe1I\xedg\xc2(\x9a\xbe\x12\xdf\x17\xaeN\x1e'
11E8E149-ED67-C228-9ABE-12DF17AE4E1E,2018-ncaa-d3-natl,ncaa,151,172,123,165,168,169,187,159,230,234,262,226,82,81,134,88,196,225,129,234,215,164,213,174,173,134,103,96,264,238,282,113,160,158,204,124,76,105,97,76,201,224,98,65,,,103,70,,,155,202,288,207,191,214,184,286,310,94,88,224,269,279,200,293,268,102,183,118,81,230,107,,60,,,157,169,183,330,70,47,78,95,438,440,255,443,39,43,137,40,79,249,252,161,100,152,433,443,29,256,160,272,282,266,204,355,417,210,243,310,142,143,181,195,,,198,193,,,155,243,164,157,155,126,147,279,32,44,434,440,29,29,26,195,180,217,232,226,315,263,116,150,,247,,,b'\x11\xe8\xe1I\xedg\xc2(\x9a\xbe\x12\xdf\x17\xaeN\x1e'
11E8E149-ED67-C228-9ABE-12DF17AE4E1E,2019-ncaa-d3-conf-SUNYAC,ncaa,6,4,5,6,5,8,9,6,9,10,10,10,2,2,6,1,3,4,6,3,1,4,7,9,9,6,1,1,2,3,8,7,1,6,4,8,6,4,4,6,7,7,10,10,,,8,9,,,4,8,9,5,8,9,5,10,10,2,2,3,3,3,4,7,5,8,6,9,3,7,10,,8,,,4,3,3,2,8,7,7,8,1,1,2,2,6,5,9,5,5,2,1,6,6,6,2,1,7,1,1,9,8,4,4,3,4,7,5,7,2,2,9,10,,,3,4,,,4,5,6,5,5,4,5,2,7,6,1,1,6,6,6,3,2,1,10,4,3,7,2,8,,4,,,b'\x11\xe8\xe1I\xedg\xc2(\x9a\xbe\x12\xdf\x17\xaeN\x1e'
11E8E149-ED67-C228-9ABE-12DF17AE4E1E,2019-ncaa-d3-natl,ncaa,206,244,129,232,146,264,321,165,405,406,389,400,32,14,249,13,219,213,214,219,59,170,222,356,347,291,3,10,144,202,326,135,14,160,216,238,82,72,60,157,321,310,286,311,,,348,407,,,227,227,340,91,319,378,174,427,416,26,14,232,237,242,182,294,227,130,165,273,53,345,314,,334,,,227,164,157,168,175,213,242,175,109,113,197,109,283,270,267,267,239,175,139,159,181,223,187,112,305,31,14,401,326,284,216,136,136,311,300,243,32,25,363,420,,,238,241,,,227,208,289,165,227,134,136,108,185,203,86,75,252,239,235,122,57,23,391,250,120,356,26,350,,272,,,b'\x11\xe8\xe1I\xedg\xc2(\x9a\xbe\x12\xdf\x17\xaeN\x1e'
11E8E149-ED67-C228-9ABE-12DF17AE4E1E,2020-ncaa-d3-conf-SUNYAC,ncaa,2,2,1,2,2,3,1,2,5,2,4,2,1,1,7,1,6,8,2,8,8,3,3,3,3,2,4,1,10,5,7,1,3,1,6,4,8,1,1,1,3,3,2,4,,,9,7,,,3,3,7,4,3,1,2,3,7,1,1,7,9,9,3,4,6,1,2,4,1,3,3,,6,,,3,3,4,7,2,4,9,3,2,3,2,2,10,6,10,6,5,9,8,1,3,3,5,1,10,6,3,10,7,10,6,1,1,3,5,2,1,1,4,4,,,9,10,,,3,8,2,3,3,3,4,5,4,6,2,3,8,5,5,5,4,5,9,6,1,4,1,4,,9,,,b'\x11\xe8\xe1I\xedg\xc2(\x9a\xbe\x12\xdf\x17\xaeN\x1e'
11E8E149-ED67-C228-9ABE-12DF17AE4E1E,2020-ncaa-d3-natl,ncaa,36,63,7,61,8,53,50,10,238,107,96,176,21,10,218,34,233,305,50,300,376,22,34,190,204,130,120,49,397,78,217,22,99,31,174,97,265,85,10,43,83,137,55,96,,,364,223,,,53,36,271,105,145,116,45,231,274,42,27,347,406,404,96,225,150,92,111,167,15,146,88,,199,,,67,231,197,388,35,252,388,59,129,286,12,174,361,301,424,291,164,400,398,21,37,47,197,99,356,281,99,425,217,411,174,107,63,78,163,51,41,11,233,176,,,316,432,,,53,404,115,44,64,51,52,170,100,207,40,139,241,165,162,147,156,144,322,261,34,180,9,147,,429,,,b'\x11\xe8\xe1I\xedg\xc2(\x9a\xbe\x12\xdf\x17\xaeN\x1e'
11E8E149-ED67-C228-9ABE-12DF17AE4E1E,2022-ncaa-d3-conf-SUNYAC,ncaa,1,1,1,1,1,1,1,2,1,4,6,1,1,2,1,2,4,8,2,8,9,2,3,1,1,1,2,2,9,4,5,2,3,1,4,1,2,1,1,1,2,2,5,6,,,5,2,,,1,3,7,3,1,1,2,5,6,1,3,6,9,9,3,6,6,3,2,1,1,2,5,,2,,,1,4,4,8,1,4,7,2,5,7,2,6,4,3,4,3,4,8,9,1,1,2,4,6,5,7,3,6,5,5,4,1,2,3,3,2,2,4,8,6,,,8,10,,,1,8,1,3,1,3,3,5,3,6,4,5,2,2,2,4,5,5,3,3,1,3,1,7,,10,,,b'\x11\xe8\xe1I\xedg\xc2(\x9a\xbe\x12\xdf\x17\xaeN\x1e'
11E8E149-ED67-C228-9ABE-12DF17AE4E1E,2022-ncaa-d3-natl,ncaa,39,55,32,50,50,68,66,43,168,145,174,148,22,26,83,36,272,328,65,314,361,60,68,107,129,107,77,28,410,81,170,22,121,29,106,52,94,182,76,55,70,113,65,94,,,307,185,,,56,77,267,290,126,128,94,252,323,34,34,367,407,406,159,256,162,36,70,81,72,126,88,,164,,,63,216,221,379,31,200,371,26,272,329,119,221,185,258,34,270,143,381,368,29,23,54,248,276,181,331,121,350,170,352,106,143,94,156,265,111,207,133,396,383,,,302,409,,,56,365,98,53,57,54,74,226,78,237,156,213,87,139,149,203,174,204,196,188,56,264,121,347,,412,,,b'\x11\xe8\xe1I\xedg\xc2(\x9a\xbe\x12\xdf\x17\xaeN\x1e'
11E8E149-ED67-C228-9ABE-12DF17AE4E1E,2023-ncaa-d3-conf-SUNYAC,ncaa,4,2,10,2,10,10,10,10,1,9,10,1,8,10,1,4,9,10,6,10,9,10,10,1,1,1,7,4,9,9,4,10,1,10,2,7,3,1,1,1,9,2,9,6,,,1,3,,,2,10,3,4,1,1,1,1,1,1,3,8,8,8,1,1,2,1,1,1,1,2,7,,3,,,1,1,1,1,1,1,1,1,2,1,5,3,1,1,8,1,8,1,1,1,1,2,10,6,10,1,1,1,4,1,2,1,2,10,2,2,1,3,1,5,,,10,8,,,2,1,1,2,1,3,1,3,1,2,3,3,7,7,7,4,5,1,5,3,1,2,3,9,,8,,,b'\x11\xe8\xe1I\xedg\xc2(\x9a\xbe\x12\xdf\x17\xaeN\x1e'
11E8E149-ED67-C228-9ABE-12DF17AE4E1E,2023-ncaa-d3-natl,ncaa,152,9,416,26,416,339,320,405,60,340,401,89,173,306,17,120,400,401,260,400,293,404,415,42,61,50,156,79,404,384,195,392,31,391,60,262,90,12,75,31,352,139,277,166,,,19,183,,,69,417,202,23,56,44,78,106,182,40,89,293,290,291,88,165,191,25,73,38,100,147,155,,168,,,28,8,8,9,18,8,15,7,27,11,280,114,46,40,253,40,235,9,12,23,35,50,342,256,360,10,31,14,195,9,60,5,15,399,181,23,19,165,65,253,,,411,304,,,69,12,55,38,36,69,43,161,52,230,159,102,256,247,252,176,184,75,186,117,13,200,182,271,,280,,,b'\x11\xe8\xe1I\xedg\xc2(\x9a\xbe\x12\xdf\x17\xaeN\x1e'
11E8E149-ED67-C228-9ABE-12DF17AE4E1E,2024-ncaa-d3-conf-SUNYAC,ncaa,2,2,4,2,6,3,2,6,1,4,9,1,2,2,4,1,3,5,1,5,4,6,6,1,1,1,4,4,8,6,3,6,5,6,5,3,5,3,4,3,2,2,8,8,,,4,4,,,2,5,5,6,1,1,5,2,9,2,1,2,7,6,5,5,5,7,7,2,4,2,8,,3,,,2,2,5,5,8,6,5,7,1,4,3,4,2,2,10,2,2,3,6,6,5,3,1,2,5,3,5,2,3,2,5,2,1,2,2,2,3,2,4,6,,,7,8,,,2,6,1,3,2,3,5,3,6,6,2,4,2,2,3,3,5,4,1,3,2,2,3,5,,8,,,b'\x11\xe8\xe1I\xedg\xc2(\x9a\xbe\x12\xdf\x17\xaeN\x1e'
11E8E149-ED67-C228-9ABE-12DF17AE4E1E,2024-ncaa-d3-natl,ncaa,89,87,112,98,196,85,75,105,53,111,222,31,45,58,88,60,303,349,83,352,367,130,181,37,52,42,178,75,411,180,170,223,169,206,169,75,151,97,78,50,73,69,337,347,,,111,91,,,45,178,239,394,61,42,99,111,256,43,51,347,383,387,141,239,201,293,249,52,81,82,356,,76,,,40,104,145,158,155,180,198,147,143,137,204,178,81,85,161,92,105,138,206,154,131,71,141,212,112,146,169,190,170,169,169,106,85,83,64,53,146,146,228,249,,,345,384,,,45,234,48,71,41,77,123,98,143,163,127,104,61,59,67,70,143,117,145,125,88,96,131,216,,394,,,b'\x11\xe8\xe1I\xedg\xc2(\x9a\xbe\x12\xdf\x17\xaeN\x1e'
11E8E149-ED67-C228-9ABE-12DF17AE4E1E,2025-ncaa-d3-conf-SUNYAC,genius_ncaa,1,1,1,1,2,1,2,5,1,4,5,1,1,6,1,5,4,4,4,4,4,5,5,1,1,1,4,3,8,7,4,2,2,2,1,1,4,4,4,2,2,3,4,4,,,4,4,,1,1,4,9,2,1,2,8,4,7,1,6,5,6,6,8,9,7,2,2,1,4,4,5,,3,,1,1,1,1,4,1,3,9,1,1,2,1,2,2,6,1,6,5,4,6,1,1,1,1,2,5,3,2,3,4,2,1,1,2,3,2,2,5,6,9,8,,,4,2,,7,1,7,1,1,1,1,1,3,1,6,1,2,1,4,4,3,2,3,2,1,1,4,3,7,,5,,7,b'\x11\xe8\xe1I\xedg\xc2(\x9a\xbe\x12\xdf\x17\xaeN\x1e'
11E8E149-ED67-C228-9ABE-12DF17AE4E1E,2025-ncaa-d3-natl,genius_ncaa,14,18,16,18,26,61,55,104,34,92,150,68,40,116,9,162,220,231,176,229,285,122,140,25,33,36,162,89,373,269,296,40,47,100,107,52,107,140,100,42,115,134,130,174,,,209,153,,17,36,98,374,253,145,118,314,178,303,70,209,325,351,348,335,405,362,135,263,78,45,204,197,,70,,11,40,113,138,280,51,175,330,41,123,144,143,89,129,241,4,239,160,288,305,46,33,38,144,158,168,150,47,272,296,218,107,77,73,110,143,68,250,223,369,324,,,147,192,,155,36,329,56,32,30,19,34,48,60,141,45,38,42,111,112,41,43,57,80,51,27,235,154,297,,324,,215,b'\x11\xe8\xe1I\xedg\xc2(\x9a\xbe\x12\xdf\x17\xaeN\x1e'
11E8E149-ED67-C228-9ABE-12DF17AE4E1E,2026-ncaa-d3-conf-SUNYAC,genius_ncaa,2,1,7,1,7,8,9,10,3,9,10,6,8,10,1,8,4,5,1,5,3,10,10,2,1,2,2,4,2,9,3,8,2,9,2,9,10,2,7,8,8,5,7,4,,,2,5,,1,4,10,10,1,4,7,9,7,9,5,10,2,4,3,10,10,5,8,8,9,2,6,4,,2,,1,2,2,2,1,10,3,2,8,2,1,9,1,1,2,1,2,4,1,1,10,6,7,1,3,1,1,2,1,3,1,2,1,1,8,4,1,1,1,6,10,,,8,4,,9,4,1,2,5,2,2,3,1,8,3,2,1,1,2,3,1,1,1,1,1,1,7,1,10,,6,,9,b'\x11\xe8\xe1I\xedg\xc2(\x9a\xbe\x12\xdf\x17\xaeN\x1e'
11E8E149-ED67-C228-9ABE-12DF17AE4E1E,2026-ncaa-d3-natl,genius_ncaa,157,68,327,116,337,349,349,390,22,353,391,45,268,369,23,233,300,343,46,339,98,388,389,21,12,40,148,176,164,389,193,380,217,388,150,382,394,41,242,291,360,218,100,24,,,40,251,,37,172,388,416,113,254,264,410,261,392,203,339,169,262,257,410,415,376,375,395,371,90,300,35,,82,,45,158,39,50,41,262,74,58,256,29,34,130,116,43,27,284,28,89,36,32,227,218,261,68,101,145,57,217,18,193,25,150,25,31,388,293,201,52,218,242,406,,,371,99,,262,172,30,64,262,138,60,108,41,171,111,48,40,76,45,48,22,5,119,4,14,34,380,96,358,,324,,217,b'\x11\xe8\xe1I\xedg\xc2(\x9a\xbe\x12\xdf\x17\xaeN\x1e'
11E8E149-ED6C-CFC0-9ABE-12DF17AE4E1E,2018-ncaa-d3-conf-SUNYAC,ncaa,1,1,1,1,2,1,1,5,1,2,6,1,2,5,1,7,1,1,5,1,2,4,4,1,1,1,6,6,6,3,2,2,2,2,1,3,9,6,4,4,2,2,8,8,,,2,2,,,1,4,8,6,1,1,7,2,7,3,6,1,1,1,6,8,5,4,4,4,4,2,8,,2,,,1,1,1,6,2,3,6,5,3,9,3,9,1,1,2,1,1,3,6,1,1,1,3,8,1,4,2,2,2,2,1,2,2,2,2,2,5,5,1,1,,,1,1,,,1,7,1,1,1,1,1,2,2,2,2,6,1,1,1,2,1,3,1,1,1,2,4,1,,1,,,b'\x11\xe8\xe1I\xedl\xcf\xc0\x9a\xbe\x12\xdf\x17\xaeN\x1e'
11E8E149-ED6C-CFC0-9ABE-12DF17AE4E1E,2018-ncaa-d3-natl,ncaa,14,7,43,12,55,64,79,152,37,134,242,38,45,85,33,109,81,71,206,69,47,132,134,24,29,35,106,108,234,146,111,45,58,73,44,127,282,226,175,155,87,85,246,238,,,46,23,,,21,136,390,242,103,132,345,211,376,79,141,143,136,134,316,363,240,104,165,190,116,128,298,,6,,,26,86,143,325,48,83,141,65,389,425,139,434,14,14,34,14,15,204,269,83,31,36,302,438,9,145,58,153,111,144,44,233,322,113,110,147,166,125,90,94,,,63,66,,,21,300,31,33,21,23,55,117,23,36,318,377,2,2,2,38,39,77,41,44,140,187,90,44,,150,,,b'\x11\xe8\xe1I\xedl\xcf\xc0\x9a\xbe\x12\xdf\x17\xaeN\x1e'
11E8E149-ED6C-CFC0-9ABE-12DF17AE4E1E,2019-ncaa-d3-conf-SUNYAC,ncaa,2,2,1,2,3,2,2,7,1,1,4,1,5,6,2,6,1,1,1,1,3,6,5,1,1,2,6,7,1,8,1,2,2,3,1,1,1,7,7,3,2,2,6,5,,,2,2,,,2,5,10,8,2,3,10,2,7,5,7,1,2,2,10,10,9,4,4,1,7,3,7,,1,,,2,2,2,5,2,2,1,2,10,10,8,10,1,1,3,1,1,3,4,4,2,2,8,10,1,2,2,1,1,1,1,6,8,4,2,6,5,5,6,6,,,2,2,,,2,6,2,1,2,1,1,3,1,1,7,9,1,1,1,2,1,2,1,1,6,5,5,6,,3,,,b'\x11\xe8\xe1I\xedl\xcf\xc0\x9a\xbe\x12\xdf\x17\xaeN\x1e'
11E8E149-ED6C-CFC0-9ABE-12DF17AE4E1E,2019-ncaa-d3-natl,ncaa,21,29,20,29,28,45,44,113,18,50,116,30,93,174,22,247,68,159,7,154,223,116,111,15,14,20,231,211,262,216,166,14,4,44,20,35,99,248,178,57,165,189,190,195,,,41,14,,,34,97,402,219,94,88,361,107,291,145,290,161,276,273,364,406,345,42,145,71,95,250,251,,6,,,42,196,298,395,103,177,255,109,420,427,231,420,15,16,65,15,9,342,287,142,73,134,289,432,11,61,4,131,166,91,20,316,280,262,321,327,140,95,263,208,,,133,194,,,34,334,26,90,38,43,116,164,56,57,358,376,1,1,1,55,16,13,19,14,172,399,54,163,,309,,,b'\x11\xe8\xe1I\xedl\xcf\xc0\x9a\xbe\x12\xdf\x17\xaeN\x1e'
11E8E149-ED6C-CFC0-9ABE-12DF17AE4E1E,2020-ncaa-d3-conf-SUNYAC,ncaa,2,2,1,2,1,4,3,5,1,1,3,1,4,8,1,10,5,9,1,9,10,6,5,1,1,1,9,6,9,7,3,2,1,2,1,2,5,9,9,3,4,4,5,5,,,2,2,,,2,5,10,3,4,3,9,1,6,5,10,6,10,10,9,10,7,3,5,2,8,4,6,,1,,,2,2,3,5,1,2,3,2,7,10,4,10,1,1,9,1,2,3,4,3,1,2,9,9,2,1,1,1,3,1,1,4,5,5,4,3,5,5,7,7,,,7,6,,,2,6,1,2,2,2,2,3,2,1,4,8,1,1,1,2,1,1,1,1,4,5,5,5,,8,,,b'\x11\xe8\xe1I\xedl\xcf\xc0\x9a\xbe\x12\xdf\x17\xaeN\x1e'
11E8E149-ED6C-CFC0-9ABE-12DF17AE4E1E,2020-ncaa-d3-natl,ncaa,36,31,65,37,78,128,102,223,25,95,183,42,159,253,40,262,229,316,21,318,354,246,231,34,31,65,290,219,342,198,90,43,19,76,14,61,57,264,286,93,238,228,149,100,,,40,31,,,44,244,403,93,184,134,361,121,277,197,307,283,377,376,380,382,250,41,118,65,207,287,177,,12,,,44,46,68,276,15,30,80,42,369,429,43,430,14,8,411,8,20,181,154,29,21,36,384,425,35,99,19,43,90,46,14,170,304,249,248,227,155,167,292,264,,,240,239,,,44,208,69,31,31,15,31,162,13,21,315,406,6,4,4,66,37,60,12,18,126,326,112,242,,347,,,b'\x11\xe8\xe1I\xedl\xcf\xc0\x9a\xbe\x12\xdf\x17\xaeN\x1e'
11E8E149-ED6C-CFC0-9ABE-12DF17AE4E1E,2022-ncaa-d3-conf-SUNYAC,ncaa,3,3,1,3,1,5,5,6,5,5,8,2,5,5,8,5,7,4,7,4,4,5,5,3,5,7,6,5,6,7,6,1,1,2,3,6,4,10,8,7,3,3,2,1,,,1,1,,,3,4,9,3,8,8,10,7,8,6,5,7,5,5,10,10,8,2,5,7,7,4,2,,1,,,3,2,2,6,2,1,5,1,8,8,6,8,1,1,2,1,2,5,6,2,2,3,8,9,1,3,1,5,6,4,3,4,5,4,2,3,5,5,9,9,,,7,7,,,3,7,6,2,3,2,2,3,1,2,6,8,1,1,1,2,2,2,2,2,3,7,5,8,,7,,,b'\x11\xe8\xe1I\xedl\xcf\xc0\x9a\xbe\x12\xdf\x17\xaeN\x1e'
11E8E149-ED6C-CFC0-9ABE-12DF17AE4E1E,2022-ncaa-d3-natl,ncaa,96,156,32,134,50,189,170,160,202,155,181,162,176,135,272,175,294,264,332,262,294,178,130,210,236,259,265,206,349,170,225,24,47,53,72,155,169,352,310,247,136,162,44,37,,,82,33,,,132,127,380,290,335,296,364,267,329,259,233,386,369,366,381,379,262,38,118,247,239,214,58,,11,,,142,105,142,336,17,76,211,17,382,408,143,400,23,32,14,34,23,298,289,34,7,25,346,421,19,217,47,301,225,265,72,199,236,186,237,164,255,211,369,344,,,230,318,,,132,303,261,25,141,13,28,141,16,51,294,349,4,4,8,67,39,97,117,104,86,295,172,307,,382,,,b'\x11\xe8\xe1I\xedl\xcf\xc0\x9a\xbe\x12\xdf\x17\xaeN\x1e'
11E8E149-ED6C-CFC0-9ABE-12DF17AE4E1E,2023-ncaa-d3-conf-SUNYAC,ncaa,2,4,1,4,2,2,2,5,2,1,3,2,7,9,5,10,1,1,7,1,2,4,3,2,2,3,9,10,3,3,2,1,2,1,1,2,5,5,6,5,5,5,2,2,,,2,1,,,4,6,10,5,3,3,10,2,6,8,10,2,2,2,9,10,5,3,3,4,5,7,4,,1,,,4,4,4,8,3,3,3,3,8,9,6,10,2,2,5,2,1,5,4,4,4,4,9,10,1,3,2,2,2,3,1,4,3,8,9,4,5,5,4,2,,,3,2,,,4,6,3,4,4,4,4,4,3,1,7,7,1,1,1,3,1,3,1,1,4,9,4,2,,4,,,b'\x11\xe8\xe1I\xedl\xcf\xc0\x9a\xbe\x12\xdf\x17\xaeN\x1e'
11E8E149-ED6C-CFC0-9ABE-12DF17AE4E1E,2023-ncaa-d3-natl,ncaa,67,43,185,57,265,214,197,330,42,161,269,45,268,316,144,291,247,202,336,198,146,311,347,59,80,93,329,302,262,179,44,146,33,168,15,176,168,103,189,121,279,202,153,102,,,16,13,,,76,376,417,393,213,176,385,134,288,282,330,251,191,186,364,397,172,107,134,157,107,285,152,,6,,,63,28,45,121,33,27,53,62,285,346,108,410,11,10,147,11,14,57,43,64,29,71,294,412,19,41,33,26,44,25,15,52,128,366,293,205,58,118,77,108,,,273,151,,,76,65,73,61,49,20,46,112,20,41,277,344,3,2,1,42,6,39,7,11,61,379,71,76,,302,,,b'\x11\xe8\xe1I\xedl\xcf\xc0\x9a\xbe\x12\xdf\x17\xaeN\x1e'
11E8E149-ED6C-CFC0-9ABE-12DF17AE4E1E,2024-ncaa-d3-conf-SUNYAC,ncaa,2,3,1,3,1,2,2,4,2,2,3,2,3,5,1,7,1,1,10,1,2,3,4,2,2,2,7,6,6,5,6,2,1,3,2,2,1,4,3,2,5,8,9,10,,,1,1,,,3,2,9,5,4,3,7,5,7,5,7,5,2,2,7,10,8,4,5,3,3,8,10,,1,,,3,7,7,9,3,3,3,5,8,10,2,10,3,3,5,3,3,8,8,3,3,4,10,9,3,4,1,7,6,5,2,7,7,6,7,6,5,4,7,5,,,1,1,,,3,8,3,4,3,2,2,4,1,1,8,8,1,1,1,4,2,3,2,1,5,8,2,4,,2,,,b'\x11\xe8\xe1I\xedl\xcf\xc0\x9a\xbe\x12\xdf\x17\xaeN\x1e'
11E8E149-ED6C-CFC0-9ABE-12DF17AE4E1E,2024-ncaa-d3-natl,ncaa,74,115,38,107,46,102,98,126,83,125,149,128,76,144,16,205,187,131,359,137,172,116,152,63,88,73,168,129,319,196,227,39,52,84,99,60,64,114,80,46,245,282,358,363,,,58,31,,,85,145,388,182,169,160,280,194,262,115,224,266,220,222,280,373,279,81,168,87,44,320,386,,11,,,94,172,208,335,71,122,178,94,397,422,156,414,49,51,141,46,62,283,262,103,72,113,348,416,53,172,52,276,227,233,99,253,273,251,295,277,99,77,120,82,,,137,139,,,85,279,83,110,83,53,89,162,37,43,337,383,15,12,10,91,49,81,113,79,169,354,49,67,,264,,,b'\x11\xe8\xe1I\xedl\xcf\xc0\x9a\xbe\x12\xdf\x17\xaeN\x1e'
11E8E149-ED6C-CFC0-9ABE-12DF17AE4E1E,2025-ncaa-d3-conf-Empire 8,genius_ncaa,1,1,1,1,1,2,2,2,2,1,2,2,7,8,2,12,3,3,3,3,8,2,2,2,2,2,12,12,8,3,1,1,1,1,1,1,1,7,6,1,5,8,4,4,,,2,1,,11,1,2,10,5,4,3,8,2,2,8,11,5,6,6,7,8,5,1,1,2,4,9,4,,1,,10,1,2,3,11,1,1,3,2,12,12,1,12,1,1,3,1,2,11,11,1,1,1,12,12,1,8,1,6,1,7,1,5,10,4,8,6,8,6,9,3,,,2,8,,6,1,11,1,1,1,1,1,5,1,1,10,12,1,1,1,3,2,3,1,2,2,8,6,4,,8,,7,b'\x11\xe8\xe1I\xedl\xcf\xc0\x9a\xbe\x12\xdf\x17\xaeN\x1e'
11E8E149-ED6C-CFC0-9ABE-12DF17AE4E1E,2025-ncaa-d3-natl,genius_ncaa,20,56,3,50,9,16,10,25,20,12,21,35,103,163,38,307,103,135,98,131,346,29,37,29,38,37,354,274,353,73,129,1,36,3,14,5,45,231,93,14,236,354,54,59,,,76,9,,309,21,30,343,222,84,51,208,37,135,215,322,264,319,316,243,336,222,2,29,25,65,373,118,,4,,232,34,279,295,417,5,90,241,30,419,419,23,419,33,30,261,32,20,413,394,15,6,44,405,419,18,327,36,321,129,344,14,325,311,254,388,330,247,129,308,137,,,78,246,,129,21,393,32,47,27,33,51,294,8,22,370,419,5,3,3,194,82,138,60,69,145,404,94,172,,314,,215,b'\x11\xe8\xe1I\xedl\xcf\xc0\x9a\xbe\x12\xdf\x17\xaeN\x1e'
11E8E149-ED6C-CFC0-9ABE-12DF17AE4E1E,2026-ncaa-d3-conf-Empire 8,genius_ncaa,1,1,1,1,1,1,1,1,1,1,1,1,3,4,3,4,2,3,2,3,3,2,3,1,1,1,4,4,3,1,1,1,1,1,1,1,1,1,1,1,2,2,1,1,,,1,2,,1,2,3,3,1,1,1,1,1,1,3,4,2,3,3,2,3,1,1,1,1,1,2,1,,1,,1,2,2,2,2,2,2,1,2,4,4,4,4,1,1,4,1,1,2,1,2,2,2,4,4,1,1,1,1,1,1,1,2,1,3,2,2,2,2,2,2,,,3,4,,1,2,1,1,2,2,2,2,2,2,1,4,4,1,1,1,2,1,1,1,1,2,3,2,2,,3,,1,b'\x11\xe8\xe1I\xedl\xcf\xc0\x9a\xbe\x12\xdf\x17\xaeN\x1e'
11E8E149-ED6C-CFC0-9ABE-12DF17AE4E1E,2026-ncaa-d3-natl,genius_ncaa,13,68,42,64,64,64,38,101,47,30,78,49,145,178,154,279,184,220,106,210,348,112,144,66,79,53,343,274,338,78,71,26,49,33,23,25,73,144,63,23,352,395,100,96,,,111,32,,271,49,159,408,113,157,97,251,75,174,238,288,300,338,332,290,377,158,44,74,50,30,407,168,,5,,213,67,210,234,322,40,151,187,111,371,406,108,411,66,90,80,92,53,296,240,87,38,147,342,401,22,201,49,201,71,195,23,232,199,331,398,347,190,127,151,76,,,241,359,,291,49,250,39,149,56,47,67,182,32,33,332,390,7,10,9,115,15,95,36,45,109,412,84,86,,395,,342,b'\x11\xe8\xe1I\xedl\xcf\xc0\x9a\xbe\x12\xdf\x17\xaeN\x1e'
11E8E149-ED71-6AE4-9ABE-12DF17AE4E1E,2018-ncaa-d3-conf-SUNYAC,ncaa,3,3,1,3,1,2,3,1,7,7,2,8,1,1,2,3,2,2,2,2,6,1,1,7,5,4,2,3,7,1,1,9,8,3,7,6,10,1,1,2,1,1,9,9,,,8,8,,,2,2,7,3,2,4,1,7,3,1,2,4,6,5,1,1,1,10,7,7,1,1,9,,7,,,2,6,6,1,9,9,1,9,1,1,1,2,7,7,7,7,7,1,9,8,7,4,1,1,7,3,8,10,1,8,7,6,6,1,1,1,1,1,10,8,,,2,5,,,2,9,2,3,2,3,3,1,7,1,1,1,7,6,6,1,3,2,8,5,4,1,1,10,,3,,,b'\x11\xe8\xe1I\xedqj\xe4\x9a\xbe\x12\xdf\x17\xaeN\x1e'
11E8E149-ED71-6AE4-9ABE-12DF17AE4E1E,2018-ncaa-d3-natl,ncaa,114,138,68,134,70,115,152,50,331,267,168,358,18,18,103,49,133,165,107,167,200,63,98,260,252,153,26,30,241,41,97,254,233,122,226,175,253,46,7,72,142,151,360,376,,,361,351,,,126,140,317,70,143,211,56,347,273,24,23,180,224,231,64,179,46,380,193,226,18,177,386,,296,,,131,233,235,199,245,252,168,343,205,298,60,311,258,220,372,225,264,203,296,248,255,178,191,177,252,218,233,395,97,340,226,322,349,90,83,162,21,5,237,207,,,103,174,,,126,306,107,173,129,129,143,81,180,78,146,227,179,133,138,78,126,149,306,240,241,112,13,194,,158,,,b'\x11\xe8\xe1I\xedqj\xe4\x9a\xbe\x12\xdf\x17\xaeN\x1e'
11E8E149-ED71-6AE4-9ABE-12DF17AE4E1E,2019-ncaa-d3-conf-SUNYAC,ncaa,1,1,1,1,2,1,1,1,2,5,6,3,1,1,1,2,2,2,2,2,5,1,1,2,2,1,2,2,7,1,3,10,8,9,9,2,9,1,1,1,1,1,8,8,,,7,7,,,1,1,5,7,1,1,2,6,8,1,1,2,4,4,1,5,4,10,10,4,1,1,9,,6,,,1,4,7,1,10,10,1,10,2,2,4,4,3,4,2,4,6,1,8,10,10,3,1,3,4,4,8,8,3,7,9,5,5,1,1,1,1,1,1,1,,,1,1,,,1,9,1,2,1,3,4,1,6,1,2,2,3,3,3,1,4,3,4,2,4,1,1,1,,1,,,b'\x11\xe8\xe1I\xedqj\xe4\x9a\xbe\x12\xdf\x17\xaeN\x1e'
11E8E149-ED71-6AE4-9ABE-12DF17AE4E1E,2019-ncaa-d3-natl,ncaa,15,15,20,17,23,19,29,12,158,136,124,190,4,5,34,27,112,192,21,178,253,15,37,70,76,22,20,15,370,69,218,159,181,96,275,94,360,20,1,12,81,122,297,320,,,389,286,,,35,35,248,123,34,46,30,248,301,6,12,221,322,303,51,189,152,373,296,165,1,147,349,,241,,,44,357,372,315,343,353,257,365,340,336,251,303,193,230,117,229,199,317,394,343,322,168,194,259,116,227,181,434,218,398,275,347,238,22,28,88,6,1,29,14,,,17,67,,,35,408,19,140,45,139,181,59,183,61,212,187,94,110,113,46,149,87,332,234,208,49,1,6,,70,,,b'\x11\xe8\xe1I\xedqj\xe4\x9a\xbe\x12\xdf\x17\xaeN\x1e'
11E8E149-ED71-6AE4-9ABE-12DF17AE4E1E,2020-ncaa-d3-conf-SUNYAC,ncaa,1,1,1,1,2,1,4,1,8,4,2,4,3,2,8,2,1,1,3,1,1,1,1,7,4,4,2,5,2,1,2,9,6,4,5,6,10,3,2,5,1,1,4,3,,,7,5,,,1,1,3,4,1,4,1,5,3,3,2,1,1,1,1,2,1,9,7,9,2,1,4,,5,,,1,1,1,2,4,3,4,4,1,2,1,4,3,3,1,3,4,1,10,2,2,1,1,3,5,4,6,7,2,7,5,3,4,1,1,1,2,2,3,2,,,1,1,,,1,10,3,1,1,1,1,1,3,2,1,1,3,3,3,1,6,3,4,3,2,1,2,2,,1,,,b'\x11\xe8\xe1I\xedqj\xe4\x9a\xbe\x12\xdf\x17\xaeN\x1e'
11E8E149-ED71-6AE4-9ABE-12DF17AE4E1E,2020-ncaa-d3-natl,ncaa,9,15,7,14,8,47,77,9,308,144,79,271,31,13,261,67,37,51,73,57,159,9,19,272,242,187,62,97,141,36,142,160,110,67,214,159,335,220,50,180,24,49,84,104,,,349,170,,,31,19,153,105,128,185,44,282,242,59,34,91,140,155,43,103,76,352,218,253,83,57,140,,172,,,39,176,225,266,149,268,261,224,136,243,34,235,145,157,142,163,136,244,415,124,115,18,93,142,150,142,110,426,142,383,214,263,277,8,8,16,56,10,113,62,,,7,58,,,31,421,166,11,39,27,63,38,111,72,48,95,53,51,55,20,206,46,330,212,144,13,20,59,,24,,,b'\x11\xe8\xe1I\xedqj\xe4\x9a\xbe\x12\xdf\x17\xaeN\x1e'
11E8E149-ED71-6AE4-9ABE-12DF17AE4E1E,2022-ncaa-d3-conf-SUNYAC,ncaa,2,2,1,2,1,2,2,1,7,8,6,7,2,1,3,3,8,3,9,3,2,1,1,2,6,4,3,3,8,1,4,8,4,6,5,2,3,5,2,2,1,1,4,5,,,8,4,,,2,1,2,3,3,3,1,8,6,2,2,8,4,4,1,2,2,10,9,2,3,1,4,,4,,,2,1,1,1,3,5,8,3,1,1,5,1,7,9,7,7,6,2,8,3,3,1,3,1,10,1,4,10,4,7,5,2,4,1,1,1,4,2,2,2,,,2,2,,,2,9,3,1,2,1,1,1,4,7,1,1,7,5,5,1,3,1,7,5,2,1,3,2,,2,,,b'\x11\xe8\xe1I\xedqj\xe4\x9a\xbe\x12\xdf\x17\xaeN\x1e'
11E8E149-ED71-6AE4-9ABE-12DF17AE4E1E,2022-ncaa-d3-natl,ncaa,49,79,32,70,50,111,111,36,292,199,162,278,42,25,181,44,256,162,383,152,204,39,39,236,279,235,69,34,380,54,187,152,180,102,252,127,202,247,98,163,39,58,112,166,,,270,139,,,97,44,187,290,206,201,83,321,300,52,33,351,278,272,99,148,121,341,235,211,122,70,166,,131,,,109,195,221,276,142,277,361,94,101,87,227,35,207,215,156,216,107,265,368,108,103,34,94,92,215,233,180,406,187,372,252,231,215,17,14,27,170,70,221,189,,,27,110,,,97,384,219,29,110,45,74,58,130,212,36,19,99,96,100,46,174,111,324,234,120,31,82,147,,89,,,b'\x11\xe8\xe1I\xedqj\xe4\x9a\xbe\x12\xdf\x17\xaeN\x1e'
11E8E149-ED71-6AE4-9ABE-12DF17AE4E1E,2023-ncaa-d3-conf-SUNYAC,ncaa,1,1,3,1,3,1,1,2,3,2,5,3,1,2,3,2,2,2,4,2,1,2,2,3,3,2,3,3,6,1,1,8,4,5,3,1,4,3,2,2,1,1,8,9,,,7,8,,,1,4,7,5,2,2,2,3,8,2,2,1,1,1,2,4,1,10,7,2,3,1,9,,7,,,2,2,3,2,5,4,5,5,1,2,1,1,3,4,1,4,3,2,3,3,3,1,1,1,6,2,4,3,1,2,3,3,4,1,1,1,3,1,6,8,,,2,1,,,1,7,2,1,2,1,3,1,4,4,1,1,2,2,2,1,3,2,2,2,3,1,2,5,,1,,,b'\x11\xe8\xe1I\xedqj\xe4\x9a\xbe\x12\xdf\x17\xaeN\x1e'
11E8E149-ED71-6AE4-9ABE-12DF17AE4E1E,2023-ncaa-d3-natl,ncaa,26,21,63,21,93,86,97,76,166,145,161,125,67,53,185,100,109,82,245,81,114,73,100,140,146,107,132,124,220,52,52,239,68,139,67,103,206,99,48,71,44,35,262,282,,,199,186,,,21,139,271,288,109,129,112,183,257,86,69,150,129,126,102,199,79,371,217,142,53,51,303,,117,,,21,45,67,89,115,172,237,112,15,22,26,21,123,135,155,132,116,85,234,63,63,11,29,14,257,45,68,188,52,105,67,78,144,26,10,9,50,23,338,306,,,77,131,,,21,299,76,5,18,10,29,13,101,130,2,3,70,76,75,8,80,23,84,44,45,33,32,302,,127,,,b'\x11\xe8\xe1I\xedqj\xe4\x9a\xbe\x12\xdf\x17\xaeN\x1e'
11E8E149-ED71-6AE4-9ABE-12DF17AE4E1E,2024-ncaa-d3-conf-SUNYAC,ncaa,1,1,2,1,3,1,1,1,4,3,2,4,1,1,2,2,1,3,2,4,8,1,2,3,3,3,3,2,7,1,1,7,4,4,1,1,3,2,1,1,1,1,1,1,,,9,7,,,1,3,4,6,2,2,1,3,2,1,2,4,5,7,1,3,1,9,4,1,1,1,2,,6,,,1,5,2,3,5,3,4,4,2,3,5,3,10,10,4,10,9,5,7,4,6,1,5,4,10,2,4,5,1,4,1,4,6,1,1,1,1,1,1,1,,,3,5,,,1,9,2,1,1,1,1,1,2,3,1,2,8,8,8,1,4,1,4,2,3,1,1,1,,4,,,b'\x11\xe8\xe1I\xedqj\xe4\x9a\xbe\x12\xdf\x17\xaeN\x1e'
11E8E149-ED71-6AE4-9ABE-12DF17AE4E1E,2024-ncaa-d3-natl,ncaa,15,17,17,21,30,42,43,11,224,90,42,254,28,28,108,122,169,210,119,219,377,15,25,194,203,135,145,80,366,15,44,130,180,43,120,42,118,153,19,45,33,52,13,25,,,255,95,,,66,37,186,244,94,93,23,167,104,57,60,281,333,342,36,112,31,332,128,78,48,55,20,,103,,,78,292,298,351,141,318,376,119,180,169,219,81,267,279,182,290,154,358,393,130,121,63,138,129,218,246,180,381,44,344,120,230,158,32,55,56,146,47,238,103,,,126,349,,,66,398,99,56,67,100,121,107,171,213,86,55,153,158,167,104,205,108,205,155,125,62,69,149,,297,,,b'\x11\xe8\xe1I\xedqj\xe4\x9a\xbe\x12\xdf\x17\xaeN\x1e'
11E8E149-ED71-6AE4-9ABE-12DF17AE4E1E,2025-ncaa-d3-conf-SUNYAC,genius_ncaa,2,2,1,2,2,3,3,1,6,3,4,4,2,1,7,4,3,3,6,3,7,1,1,6,6,4,5,5,7,1,2,6,3,3,5,3,6,2,1,3,1,1,6,5,,,10,8,,4,2,2,2,2,3,3,1,3,4,3,3,3,4,4,1,1,1,9,5,3,2,1,6,,9,,4,2,3,3,3,6,8,6,6,2,1,3,1,7,7,7,7,6,3,8,4,5,2,2,1,9,2,3,8,2,6,5,2,3,1,1,1,1,1,1,1,,,1,3,,1,2,10,2,2,2,2,3,1,5,4,2,1,6,7,7,1,4,2,7,5,2,1,1,1,,2,,1,b'\x11\xe8\xe1I\xedqj\xe4\x9a\xbe\x12\xdf\x17\xaeN\x1e'
11E8E149-ED71-6AE4-9ABE-12DF17AE4E1E,2025-ncaa-d3-natl,genius_ncaa,102,118,55,118,97,135,125,43,278,166,115,274,74,43,220,93,271,200,359,198,279,54,82,263,296,215,146,87,358,81,184,287,93,178,236,108,160,68,19,64,55,46,157,165,,,356,356,,122,110,90,183,258,175,160,48,216,175,87,55,324,266,269,58,145,107,398,275,141,34,62,191,,323,,102,114,163,158,108,260,240,204,238,56,51,153,64,293,273,275,266,281,125,273,220,249,101,123,53,324,51,93,377,184,281,236,100,83,38,20,25,80,37,107,71,,,131,231,,56,110,323,194,65,117,83,84,28,153,111,38,24,248,227,220,29,126,29,313,180,61,41,52,73,,205,,65,b'\x11\xe8\xe1I\xedqj\xe4\x9a\xbe\x12\xdf\x17\xaeN\x1e'
11E8E149-ED71-6AE4-9ABE-12DF17AE4E1E,2026-ncaa-d3-conf-SUNYAC,genius_ncaa,2,1,7,1,7,9,8,9,2,7,8,2,9,8,8,7,9,10,1,10,8,9,9,3,3,3,10,10,7,10,10,8,9,10,8,8,4,1,2,3,6,4,5,5,,,4,7,,3,3,9,6,1,6,3,8,1,4,9,7,7,8,8,8,9,10,8,10,4,1,3,2,,6,,5,1,1,1,3,1,1,4,1,1,2,1,3,4,4,7,4,5,3,4,1,1,1,4,2,9,4,9,2,10,4,8,2,3,7,3,2,2,4,2,7,,,10,9,,2,3,4,4,1,1,1,1,6,1,8,1,3,7,6,6,5,7,9,2,5,2,3,4,7,,10,,2,b'\x11\xe8\xe1I\xedqj\xe4\x9a\xbe\x12\xdf\x17\xaeN\x1e'
11E8E149-ED71-6AE4-9ABE-12DF17AE4E1E,2026-ncaa-d3-natl,genius_ncaa,98,21,327,49,337,323,306,359,118,284,331,131,268,327,136,242,341,355,177,361,330,361,347,127,139,207,283,223,293,371,279,351,324,369,290,293,198,178,334,264,124,54,145,103,,,139,249,,156,159,334,59,113,172,135,210,128,177,203,254,267,284,304,259,165,335,240,311,148,331,30,69,,325,,251,145,54,59,87,49,90,102,123,24,87,9,162,117,135,72,134,253,89,103,24,26,24,95,50,291,164,324,54,279,81,290,40,58,227,92,30,249,363,90,144,,,342,280,,146,159,90,242,42,135,121,130,280,206,281,39,222,237,307,305,292,349,326,107,215,63,59,362,137,,261,,85,b'\x11\xe8\xe1I\xedqj\xe4\x9a\xbe\x12\xdf\x17\xaeN\x1e'
11E8E149-ED75-E6BE-9ABE-12DF17AE4E1E,2018-ncaa-d3-conf-SUNYAC,ncaa,2,2,1,2,4,4,2,2,5,1,1,4,8,7,8,9,7,7,4,7,10,2,3,6,6,5,10,9,8,2,3,1,1,1,2,1,1,2,2,1,3,3,3,4,,,5,4,,,4,3,6,8,5,2,2,1,1,9,8,8,8,8,2,6,2,3,1,1,2,3,4,,4,,,4,4,4,9,3,5,10,3,6,4,6,4,4,4,3,4,4,7,8,3,3,2,4,5,4,1,1,6,3,5,2,5,5,4,3,3,2,2,8,4,,,6,8,,,4,8,5,2,4,2,2,4,4,5,4,2,4,4,4,3,2,1,4,4,3,5,2,7,,7,,,b'\x11\xe8\xe1I\xedu\xe6\xbe\x9a\xbe\x12\xdf\x17\xaeN\x1e'
11E8E149-ED75-E6BE-9ABE-12DF17AE4E1E,2018-ncaa-d3-natl,ncaa,80,88,68,88,89,211,179,100,280,169,141,250,188,109,317,132,334,360,187,365,410,138,212,286,305,220,288,183,388,112,165,69,95,78,136,49,1,32,19,7,257,272,140,146,,,75,58,,,151,254,422,200,291,249,162,242,223,214,144,392,409,416,230,381,152,98,103,45,11,332,177,,28,,,155,101,128,292,43,87,207,35,342,362,216,380,42,59,62,61,55,221,190,69,37,85,321,416,52,184,95,320,165,273,136,208,311,292,302,278,50,49,116,77,,,290,332,,,151,204,196,101,143,48,76,160,38,108,288,303,19,30,32,100,37,125,230,176,152,388,34,85,,393,,,b'\x11\xe8\xe1I\xedu\xe6\xbe\x9a\xbe\x12\xdf\x17\xaeN\x1e'
11E8E149-ED75-E6BE-9ABE-12DF17AE4E1E,2019-ncaa-d3-conf-SUNYAC,ncaa,3,3,5,3,6,4,4,5,4,2,3,4,7,7,8,7,6,8,5,8,9,6,8,5,5,3,8,8,6,7,7,1,4,1,3,4,3,3,3,2,8,8,2,2,,,1,1,,,3,9,8,9,5,5,4,3,3,7,6,6,8,8,5,8,6,2,3,3,2,8,3,,2,,,3,1,1,8,1,1,5,1,7,8,7,8,2,2,5,2,2,4,3,1,1,1,9,9,2,5,4,4,7,5,3,1,3,8,8,3,4,4,4,3,,,6,5,,,3,2,3,3,3,2,2,6,2,3,6,7,2,2,2,4,3,6,5,5,1,9,4,3,,8,,,b'\x11\xe8\xe1I\xedu\xe6\xbe\x9a\xbe\x12\xdf\x17\xaeN\x1e'
11E8E149-ED75-E6BE-9ABE-12DF17AE4E1E,2019-ncaa-d3-natl,ncaa,62,46,129,59,196,208,172,158,211,148,131,213,236,229,262,268,303,308,226,310,379,182,276,233,255,158,334,264,352,237,298,29,83,78,138,131,120,19,17,27,346,360,70,67,,,21,9,,,129,280,370,318,241,185,158,161,146,268,262,337,353,357,209,364,264,8,57,129,13,382,76,,8,,,128,84,124,347,24,58,218,18,380,410,154,402,31,31,109,31,30,276,174,39,18,84,350,423,42,251,83,329,298,306,138,74,90,378,405,268,41,44,82,55,,,297,291,,,129,167,160,98,125,62,105,324,50,181,361,400,17,20,19,236,96,226,296,277,75,416,34,64,,361,,,b'\x11\xe8\xe1I\xedu\xe6\xbe\x9a\xbe\x12\xdf\x17\xaeN\x1e'
11E8E149-ED75-E6BE-9ABE-12DF17AE4E1E,2020-ncaa-d3-conf-SUNYAC,ncaa,5,5,5,5,5,7,6,8,6,7,6,8,8,9,4,9,7,5,8,4,5,8,7,6,8,8,6,7,5,2,1,5,5,4,2,3,1,7,8,4,7,7,2,1,,,8,10,,,5,10,9,8,8,7,8,7,5,9,9,5,4,4,8,9,2,5,1,3,6,7,2,,9,,,5,4,2,3,3,1,1,1,9,7,10,8,9,8,6,9,10,4,1,4,4,4,10,10,9,5,5,2,1,2,2,2,3,7,7,4,8,8,1,1,,,5,4,,,5,2,6,5,6,4,3,2,1,3,9,6,9,8,9,3,2,6,2,2,3,8,7,1,,6,,,b'\x11\xe8\xe1I\xedu\xe6\xbe\x9a\xbe\x12\xdf\x17\xaeN\x1e'
11E8E149-ED75-E6BE-9ABE-12DF17AE4E1E,2020-ncaa-d3-natl,ncaa,215,245,126,234,173,294,291,281,275,287,280,263,226,206,270,181,319,250,384,247,217,275,247,276,305,320,217,184,278,110,117,93,141,99,97,162,20,288,330,231,329,332,139,92,,,247,327,,,260,300,376,303,349,341,357,329,338,250,233,354,283,280,348,328,129,83,94,162,277,363,142,,241,,,259,127,61,181,42,22,75,17,393,385,338,397,267,278,207,278,356,195,132,97,108,178,434,420,321,216,141,184,117,192,97,96,182,329,331,230,306,320,41,50,,,236,217,,,260,131,295,195,263,105,49,139,14,42,375,353,242,254,256,145,76,198,144,158,89,373,288,26,,284,,,b'\x11\xe8\xe1I\xedu\xe6\xbe\x9a\xbe\x12\xdf\x17\xaeN\x1e'
11E8E149-ED75-E6BE-9ABE-12DF17AE4E1E,2022-ncaa-d3-conf-SUNYAC,ncaa,4,5,1,5,1,4,3,3,3,1,1,4,9,8,9,9,3,6,1,6,10,4,4,6,4,3,9,9,4,2,1,5,6,3,2,5,9,4,3,3,6,6,6,4,,,6,8,,,5,5,10,3,5,4,7,2,2,9,10,3,7,7,7,7,3,9,6,6,2,7,6,,3,,,5,9,7,5,7,3,3,5,10,9,10,9,5,4,6,3,5,6,5,9,9,8,10,10,3,5,6,2,1,3,2,8,7,5,7,8,9,8,5,4,,,4,6,,,5,6,2,7,5,4,4,2,2,1,9,9,4,3,2,3,1,4,1,1,6,8,8,4,,6,,,b'\x11\xe8\xe1I\xedu\xe6\xbe\x9a\xbe\x12\xdf\x17\xaeN\x1e'
11E8E149-ED75-E6BE-9ABE-12DF17AE4E1E,2022-ncaa-d3-natl,ncaa,147,210,61,188,76,176,158,101,248,121,61,276,258,258,234,318,251,302,76,303,401,131,142,265,269,241,340,294,289,84,122,105,245,91,174,140,161,200,153,154,258,309,118,122,,,258,214,,,197,170,369,204,280,215,193,162,102,312,326,324,380,382,240,309,144,196,163,194,120,316,151,,166,,,200,240,237,311,106,130,228,55,407,375,358,359,126,173,69,170,153,303,294,156,121,155,386,412,93,341,245,284,122,313,174,289,300,199,256,260,287,238,282,170,,,236,314,,,197,266,218,179,197,111,117,176,57,106,373,323,66,89,93,152,111,262,144,189,200,281,218,218,,358,,,b'\x11\xe8\xe1I\xedu\xe6\xbe\x9a\xbe\x12\xdf\x17\xaeN\x1e'
11E8E149-ED75-E6BE-9ABE-12DF17AE4E1E,2023-ncaa-d3-conf-SUNYAC,ncaa,2,3,3,3,3,5,5,3,5,5,2,7,6,7,4,9,4,5,1,5,7,3,6,5,5,5,5,8,4,4,3,4,3,3,4,4,2,2,3,3,2,3,6,5,,,3,5,,,3,9,9,5,5,5,5,5,2,7,8,4,6,6,5,8,3,5,4,5,2,3,6,,2,,,3,3,2,3,2,2,4,2,3,3,2,4,4,5,3,5,4,3,2,2,2,3,3,5,7,4,3,4,3,4,4,2,1,4,3,3,2,2,9,6,,,6,6,,,3,2,4,3,3,2,2,2,2,3,2,2,3,3,3,2,2,4,3,4,2,5,1,8,,6,,,b'\x11\xe8\xe1I\xedu\xe6\xbe\x9a\xbe\x12\xdf\x17\xaeN\x1e'
11E8E149-ED75-E6BE-9ABE-12DF17AE4E1E,2023-ncaa-d3-natl,ncaa,67,43,185,57,240,269,244,202,301,213,146,328,255,275,235,293,281,309,222,299,364,219,283,314,312,256,287,249,267,144,129,107,50,116,57,155,51,44,57,56,255,200,192,178,,,108,188,,,106,326,375,288,292,264,166,221,114,274,288,307,329,319,198,320,121,55,65,134,42,261,197,,91,,,101,24,22,91,8,23,107,9,100,153,77,237,91,150,25,145,212,89,74,14,9,27,305,289,273,74,50,157,129,110,57,17,46,299,236,63,21,22,274,233,,,341,350,,,106,97,215,25,94,14,12,75,14,98,104,153,80,144,140,73,37,91,170,115,11,313,16,286,,386,,,b'\x11\xe8\xe1I\xedu\xe6\xbe\x9a\xbe\x12\xdf\x17\xaeN\x1e'
11E8E149-ED75-E6BE-9ABE-12DF17AE4E1E,2024-ncaa-d3-conf-SUNYAC,ncaa,6,6,4,6,5,6,6,3,9,1,1,5,10,9,10,10,10,10,5,10,10,5,5,9,9,9,10,10,9,2,2,5,3,5,3,5,2,1,2,4,7,5,6,6,,,7,10,,,6,6,10,3,8,5,2,1,1,10,9,9,10,10,3,4,2,6,3,4,2,6,7,,7,,,6,4,1,1,7,1,1,8,6,5,4,6,8,7,6,7,10,2,2,8,8,8,8,6,9,1,3,6,2,3,3,1,2,7,5,3,4,3,7,2,,,10,9,,,6,4,5,5,6,4,3,2,3,2,6,5,9,9,9,2,1,2,6,4,1,6,4,7,,10,,,b'\x11\xe8\xe1I\xedu\xe6\xbe\x9a\xbe\x12\xdf\x17\xaeN\x1e'
11E8E149-ED75-E6BE-9ABE-12DF17AE4E1E,2024-ncaa-d3-natl,ncaa,251,297,112,276,143,306,252,99,374,170,66,338,378,248,422,309,374,376,276,376,422,132,216,393,398,360,417,377,364,56,101,248,122,149,159,213,127,42,28,99,327,314,333,326,,,115,186,,,295,296,395,152,367,292,89,182,60,391,277,406,407,405,144,291,54,318,159,235,25,353,352,,85,,,291,158,167,134,237,180,147,243,195,185,206,245,202,183,262,189,245,141,102,228,236,290,237,229,219,95,122,325,101,225,159,140,134,336,319,264,91,87,265,155,,,390,419,,,295,119,326,261,305,127,133,74,143,98,170,162,172,168,173,74,29,70,286,182,123,378,77,242,,417,,,b'\x11\xe8\xe1I\xedu\xe6\xbe\x9a\xbe\x12\xdf\x17\xaeN\x1e'
11E8E149-ED75-E6BE-9ABE-12DF17AE4E1E,2025-ncaa-d3-conf-SUNYAC,genius_ncaa,6,6,5,6,5,6,5,4,9,5,1,10,8,8,9,9,8,8,8,8,10,4,4,10,10,8,10,9,6,3,3,5,1,5,2,5,3,1,2,1,8,7,8,8,,,8,9,,5,5,7,8,2,7,5,3,5,1,9,8,8,7,7,3,6,3,6,4,4,1,8,8,,8,,5,5,2,2,1,5,2,3,5,3,3,5,4,9,8,8,9,10,1,1,5,6,5,6,4,10,1,1,6,3,4,2,4,5,6,4,3,2,2,8,5,,,7,8,,6,5,5,7,4,5,3,2,2,3,2,3,3,9,8,8,2,1,1,9,3,4,7,2,8,,8,,6,b'\x11\xe8\xe1I\xedu\xe6\xbe\x9a\xbe\x12\xdf\x17\xaeN\x1e'
11E8E149-ED75-E6BE-9ABE-12DF17AE4E1E,2025-ncaa-d3-natl,genius_ncaa,234,269,116,249,166,304,260,145,353,220,88,365,315,286,336,326,353,342,339,342,404,178,256,363,371,316,359,296,341,160,201,221,16,191,122,179,64,23,37,67,341,306,293,270,,,240,353,,236,232,288,377,258,358,314,147,257,91,342,323,391,376,376,206,351,188,282,239,202,16,367,306,,213,,234,232,56,48,70,90,66,89,118,93,140,93,210,233,241,204,249,323,81,74,88,103,151,278,177,338,10,16,278,201,107,122,90,214,313,255,197,61,68,174,102,,,308,313,,209,232,128,303,96,236,45,40,31,53,49,84,109,209,210,227,34,11,12,224,76,78,352,49,151,,367,,215,b'\x11\xe8\xe1I\xedu\xe6\xbe\x9a\xbe\x12\xdf\x17\xaeN\x1e'
11E8E149-ED75-E6BE-9ABE-12DF17AE4E1E,2026-ncaa-d3-conf-SUNYAC,genius_ncaa,8,5,7,8,7,10,10,8,10,10,7,10,10,9,10,9,7,7,4,7,7,8,8,10,10,10,7,9,3,8,2,8,2,8,3,9,8,4,9,10,9,6,7,6,,,1,2,,6,9,7,6,1,10,10,6,10,2,10,9,6,5,5,7,4,3,8,5,9,8,7,4,,1,,8,9,3,4,2,9,4,3,9,2,3,3,4,2,1,10,1,1,2,2,6,7,8,2,1,4,1,2,2,2,2,3,3,7,9,7,8,3,8,4,8,,,7,6,,6,9,2,10,7,9,6,9,4,9,6,2,4,3,1,1,3,2,1,2,2,8,9,7,8,,4,,3,b'\x11\xe8\xe1I\xedu\xe6\xbe\x9a\xbe\x12\xdf\x17\xaeN\x1e'
11E8E149-ED75-E6BE-9ABE-12DF17AE4E1E,2026-ncaa-d3-natl,genius_ncaa,225,68,379,151,378,380,388,377,361,390,373,389,316,354,187,230,333,355,120,359,236,378,382,352,335,309,86,143,88,319,72,374,7,367,27,381,267,41,194,285,383,252,283,153,,,15,51,,104,211,384,265,5,253,294,75,308,100,171,178,114,169,178,85,88,72,120,77,288,236,267,155,,31,,210,208,27,30,30,187,36,33,218,45,42,126,269,19,19,166,16,98,29,27,177,166,213,150,212,114,11,7,27,72,18,27,34,118,391,267,223,46,153,151,299,,,383,319,,323,211,31,285,123,221,149,192,206,198,185,188,243,94,103,76,171,118,13,148,59,152,311,188,347,,259,,288,b'\x11\xe8\xe1I\xedu\xe6\xbe\x9a\xbe\x12\xdf\x17\xaeN\x1e'
11E8E149-ED7A-4EE8-9ABE-12DF17AE4E1E,2018-ncaa-d3-conf-NEAC,ncaa,1,1,1,1,2,1,2,4,3,5,11,1,1,1,2,2,2,2,1,2,1,4,4,1,1,1,3,2,8,13,13,5,6,10,10,2,8,9,5,2,1,1,9,8,,,6,3,,,3,1,9,9,1,5,11,7,13,1,2,4,5,5,11,12,13,10,14,5,2,1,9,,3,,,3,10,10,9,10,7,6,10,13,13,8,12,7,7,8,7,8,9,13,10,11,4,11,12,6,7,6,11,13,9,10,10,8,1,1,2,3,4,6,7,,,1,1,,,3,13,1,3,3,4,5,3,4,3,11,10,5,4,3,3,5,4,4,4,5,2,1,4,,1,,,b'\x11\xe8\xe1I\xedzN\xe8\x9a\xbe\x12\xdf\x17\xaeN\x1e'
11E8E149-ED7A-4EE8-9ABE-12DF17AE4E1E,2018-ncaa-d3-conf-United East,ncaa,1,1,1,1,2,1,2,4,3,5,11,1,1,1,2,2,2,2,1,2,1,4,4,1,1,1,3,2,8,13,13,5,6,10,10,2,8,9,5,2,1,1,9,8,,,6,3,,,3,1,9,9,1,5,11,7,13,1,2,4,5,5,11,12,13,10,14,5,2,1,9,,3,,,3,10,10,9,10,7,6,10,13,13,8,12,7,7,8,7,8,9,13,10,11,4,11,12,6,7,6,11,13,9,10,10,8,1,1,2,3,4,6,7,,,1,1,,,3,13,1,3,3,4,5,3,4,3,11,10,5,4,3,3,5,4,4,4,5,2,1,4,,1,,,b'\x11\xe8\xe1I\xedzN\xe8\x9a\xbe\x12\xdf\x17\xaeN\x1e'
11E8E149-ED7A-4EE8-9ABE-12DF17AE4E1E,2018-ncaa-d3-natl,ncaa,52,49,68,54,86,62,94,141,66,183,292,72,16,39,24,61,90,131,79,135,74,132,139,31,27,29,42,42,245,364,405,174,285,272,352,96,177,195,146,93,53,65,199,207,,,200,83,,,99,85,165,176,61,110,227,255,377,22,55,117,173,175,217,274,421,290,398,110,122,63,224,,108,,,99,303,280,303,210,223,233,214,340,344,256,319,295,291,244,295,296,306,352,245,238,167,315,320,244,335,285,308,405,333,352,338,332,63,78,135,184,141,253,300,,,55,45,,,99,351,66,177,109,195,180,168,150,127,280,289,223,215,222,163,275,270,217,234,254,69,118,208,,73,,,b'\x11\xe8\xe1I\xedzN\xe8\x9a\xbe\x12\xdf\x17\xaeN\x1e'
11E8E149-ED7A-4EE8-9ABE-12DF17AE4E1E,2019-ncaa-d3-conf-NEAC,ncaa,1,1,1,1,1,2,2,2,1,5,10,1,1,1,1,2,5,6,6,6,3,3,3,1,1,1,2,1,10,7,7,1,3,3,4,2,8,8,4,2,5,5,1,1,,,6,3,,,1,3,11,12,3,3,10,9,11,1,2,7,8,8,9,11,10,6,7,5,2,6,2,,1,,,1,5,5,11,2,5,8,2,8,9,5,7,3,3,6,3,3,10,10,2,2,2,7,10,5,6,3,5,7,5,4,2,3,5,4,2,2,3,2,5,,,3,3,,,1,10,2,2,1,2,2,3,2,3,3,5,2,2,2,2,1,3,2,2,2,7,2,2,,6,,,b'\x11\xe8\xe1I\xedzN\xe8\x9a\xbe\x12\xdf\x17\xaeN\x1e'
11E8E149-ED7A-4EE8-9ABE-12DF17AE4E1E,2019-ncaa-d3-conf-United East,ncaa,1,1,1,1,1,2,2,2,1,5,10,1,1,1,1,2,5,6,6,6,3,3,3,1,1,1,2,1,10,7,7,1,3,3,4,2,8,8,4,2,5,5,1,1,,,6,3,,,1,3,11,12,3,3,10,9,11,1,2,7,8,8,9,11,10,6,7,5,2,6,2,,1,,,1,5,5,11,2,5,8,2,8,9,5,7,3,3,6,3,3,10,10,2,2,2,7,10,5,6,3,5,7,5,4,2,3,5,4,2,2,3,2,5,,,3,3,,,1,10,2,2,1,2,2,3,2,3,3,5,2,2,2,2,1,3,2,2,2,7,2,2,,6,,,b'\x11\xe8\xe1I\xedzN\xe8\x9a\xbe\x12\xdf\x17\xaeN\x1e'
11E8E149-ED7A-4EE8-9ABE-12DF17AE4E1E,2019-ncaa-d3-natl,ncaa,24,46,20,47,28,34,43,52,61,125,189,70,14,19,23,53,99,89,215,85,101,52,54,29,35,44,52,39,325,164,238,89,237,107,219,76,249,296,151,117,62,101,53,91,,,151,47,,,74,32,230,219,61,86,210,236,372,15,51,207,204,205,202,257,301,264,308,137,138,109,82,,37,,,80,378,402,422,206,385,404,194,369,369,250,254,113,115,197,113,46,407,409,205,159,162,127,283,52,351,237,332,238,351,219,380,252,91,170,225,211,104,93,89,,,57,141,,,74,407,61,163,84,156,239,256,232,250,237,228,45,42,43,183,190,212,126,147,258,185,97,44,,158,,,b'\x11\xe8\xe1I\xedzN\xe8\x9a\xbe\x12\xdf\x17\xaeN\x1e'
11E8E149-ED7A-4EE8-9ABE-12DF17AE4E1E,2020-ncaa-d3-conf-NEAC,ncaa,1,1,2,1,3,2,1,2,1,1,3,1,3,3,4,5,7,4,10,3,5,3,3,1,2,2,7,6,10,2,2,2,2,2,2,1,5,8,3,2,2,2,1,1,,,7,5,,,1,3,7,7,2,1,3,2,5,4,4,8,5,5,3,4,2,3,2,1,4,2,1,,4,,,1,1,1,6,1,1,4,1,7,9,2,10,6,5,9,6,6,6,10,1,1,1,12,10,10,8,2,6,2,9,2,2,9,2,2,1,6,3,1,1,,,2,3,,,1,10,1,1,1,1,1,2,1,2,5,9,5,2,3,3,4,6,1,3,1,2,5,1,,4,,,b'\x11\xe8\xe1I\xedzN\xe8\x9a\xbe\x12\xdf\x17\xaeN\x1e'
11E8E149-ED7A-4EE8-9ABE-12DF17AE4E1E,2020-ncaa-d3-conf-United East,ncaa,1,1,2,1,3,2,1,2,1,1,3,1,3,3,4,5,7,4,10,3,5,3,3,1,2,2,7,6,10,2,2,2,2,2,2,1,5,8,3,2,2,2,1,1,,,7,5,,,1,3,7,7,2,1,3,2,5,4,4,8,5,5,3,4,2,3,2,1,4,2,1,,4,,,1,1,1,6,1,1,4,1,7,9,2,10,6,5,9,6,6,6,10,1,1,1,12,10,10,8,2,6,2,9,2,2,9,2,2,1,6,3,1,1,,,2,3,,,1,10,1,1,1,1,1,2,1,2,5,9,5,2,3,3,4,6,1,3,1,2,5,1,,4,,,b'\x11\xe8\xe1I\xedzN\xe8\x9a\xbe\x12\xdf\x17\xaeN\x1e'
11E8E149-ED7A-4EE8-9ABE-12DF17AE4E1E,2020-ncaa-d3-natl,ncaa,61,46,126,56,173,125,86,124,88,74,141,48,147,138,207,180,312,231,391,229,291,138,110,86,153,163,326,209,403,156,189,130,170,145,171,74,118,281,232,127,30,26,24,13,,,134,78,,,58,98,113,303,116,66,120,62,162,170,152,348,265,266,137,123,172,133,154,58,262,31,22,,101,,,54,74,59,214,29,40,111,27,317,380,125,381,148,126,269,137,214,192,328,40,41,20,398,396,240,227,170,262,189,259,171,187,353,37,40,54,253,213,21,11,,,173,243,,,58,331,182,21,63,52,46,177,25,71,293,344,131,109,116,142,274,210,222,218,168,38,239,12,,183,,,b'\x11\xe8\xe1I\xedzN\xe8\x9a\xbe\x12\xdf\x17\xaeN\x1e'
11E8E149-ED7A-4EE8-9ABE-12DF17AE4E1E,2022-ncaa-d3-conf-North Atlantic,ncaa,1,1,3,1,5,2,1,3,1,1,2,1,6,8,3,10,3,4,6,4,7,3,4,2,3,3,11,10,12,2,1,3,2,3,1,3,9,8,4,3,3,3,5,4,,,5,3,,,1,5,11,10,2,1,4,1,3,7,10,5,5,5,4,6,3,2,2,3,4,4,4,,2,,,1,4,5,8,2,6,7,2,6,8,7,8,2,3,4,3,2,7,7,2,2,2,8,10,3,4,2,4,1,3,1,7,9,6,6,8,6,4,8,4,,,5,10,,,1,7,2,3,1,1,3,4,3,3,3,4,1,1,1,4,2,1,2,1,6,8,6,6,,10,,,b'\x11\xe8\xe1I\xedzN\xe8\x9a\xbe\x12\xdf\x17\xaeN\x1e'
11E8E149-ED7A-4EE8-9ABE-12DF17AE4E1E,2022-ncaa-d3-natl,ncaa,62,79,61,75,101,94,66,75,79,30,23,131,295,341,159,394,111,70,292,69,283,71,61,141,156,163,391,379,234,30,17,62,51,36,22,92,231,299,183,162,128,155,118,139,,,176,105,,,58,98,219,397,118,78,134,34,33,337,380,166,120,123,117,121,42,73,39,123,212,177,151,,72,,,62,171,189,288,75,149,279,51,287,278,269,253,109,137,81,129,91,273,307,87,76,69,276,340,117,153,51,184,17,160,22,366,414,95,127,239,242,155,240,100,,,111,261,,,58,326,115,50,65,59,85,139,72,148,215,195,51,63,58,104,128,84,70,61,286,167,184,191,,208,,,b'\x11\xe8\xe1I\xedzN\xe8\x9a\xbe\x12\xdf\x17\xaeN\x1e'
11E8E149-ED7A-4EE8-9ABE-12DF17AE4E1E,2023-ncaa-d3-conf-North Atlantic,ncaa,3,3,1,3,1,4,4,3,7,3,2,7,9,6,9,11,1,1,6,1,3,2,2,7,6,5,9,11,1,1,2,2,4,1,3,5,9,3,2,4,6,6,2,2,,,9,7,,,4,3,12,4,7,7,5,6,3,9,10,1,1,1,5,5,1,3,3,7,2,6,2,,3,,,4,6,6,10,4,3,6,3,12,12,9,12,2,4,3,4,4,10,11,4,3,4,11,12,5,10,4,8,2,8,3,7,9,4,7,5,7,5,8,6,,,1,1,,,4,10,4,4,4,3,4,4,3,3,8,9,1,3,2,4,3,5,4,4,4,8,4,6,,1,,,b'\x11\xe8\xe1I\xedzN\xe8\x9a\xbe\x12\xdf\x17\xaeN\x1e'
11E8E149-ED7A-4EE8-9ABE-12DF17AE4E1E,2023-ncaa-d3-natl,ncaa,152,223,33,194,51,122,108,42,284,75,22,318,251,244,266,356,81,74,172,75,307,38,43,323,304,249,328,344,140,14,24,54,235,18,89,141,252,170,61,149,161,236,61,67,,,177,83,,,179,90,298,216,205,188,88,123,37,325,327,145,149,151,78,158,23,160,36,227,80,241,82,,59,,,183,326,336,396,110,188,254,102,426,425,300,407,81,91,85,88,73,385,360,169,118,168,376,419,41,351,235,322,24,355,89,397,411,171,281,361,162,79,231,69,,,45,153,,,179,343,166,191,182,149,193,274,81,108,392,400,31,34,32,212,175,252,158,202,334,291,92,150,,121,,,b'\x11\xe8\xe1I\xedzN\xe8\x9a\xbe\x12\xdf\x17\xaeN\x1e'
11E8E149-ED7A-4EE8-9ABE-12DF17AE4E1E,2024-ncaa-d3-conf-North Atlantic,ncaa,7,8,8,8,8,9,9,6,10,10,7,11,6,5,7,7,7,4,12,4,2,6,8,9,9,9,2,4,3,5,7,11,11,8,12,11,11,9,6,10,5,4,10,10,,,8,8,,,9,9,9,5,8,9,6,9,9,8,7,6,3,3,6,7,6,12,11,10,6,4,11,,8,,,8,8,9,6,12,9,5,13,6,7,4,11,9,8,9,8,12,6,6,12,12,8,3,2,7,7,11,13,7,10,12,10,12,5,3,7,10,10,12,12,,,6,5,,,9,6,9,7,8,7,8,3,9,3,5,8,9,8,8,3,6,5,12,9,9,2,11,13,,2,,,b'\x11\xe8\xe1I\xedzN\xe8\x9a\xbe\x12\xdf\x17\xaeN\x1e'
11E8E149-ED7A-4EE8-9ABE-12DF17AE4E1E,2024-ncaa-d3-natl,ncaa,318,342,200,333,257,374,375,239,413,377,261,413,250,164,375,148,322,197,415,191,127,237,223,411,411,399,91,126,134,145,263,343,342,278,369,381,337,277,284,376,86,74,273,254,,,104,86,,,363,256,203,244,397,398,220,405,273,263,160,346,183,178,216,179,123,389,285,399,283,75,282,,105,,,362,184,238,149,318,278,96,399,143,301,19,358,121,117,242,118,196,132,206,300,287,186,92,148,117,254,342,389,263,365,369,354,399,79,59,228,371,363,328,352,,,192,165,,,363,191,389,196,361,192,253,163,276,99,152,319,125,121,120,132,240,260,401,363,349,55,366,342,,164,,,b'\x11\xe8\xe1I\xedzN\xe8\x9a\xbe\x12\xdf\x17\xaeN\x1e'
11E8E149-ED7A-4EE8-9ABE-12DF17AE4E1E,2025-ncaa-d3-conf-Empire 8,genius_ncaa,9,9,5,9,9,10,12,10,11,12,11,11,8,7,12,3,9,8,11,8,5,9,9,11,11,12,2,4,6,9,10,8,11,9,10,11,7,12,12,12,7,7,2,2,,,4,2,,8,11,8,9,10,12,12,11,12,12,9,8,9,8,8,11,11,9,8,9,11,12,6,2,,4,,9,11,6,6,8,4,4,1,6,10,10,6,11,4,4,8,5,7,8,8,6,6,5,10,11,5,12,11,9,10,11,10,10,11,6,7,9,12,12,2,5,,,6,5,,4,11,5,12,8,11,6,6,9,4,2,12,11,5,3,3,8,11,12,9,11,10,5,12,2,,7,,4,b'\x11\xe8\xe1I\xedzN\xe8\x9a\xbe\x12\xdf\x17\xaeN\x1e'
11E8E149-ED7A-4EE8-9ABE-12DF17AE4E1E,2025-ncaa-d3-natl,genius_ncaa,326,356,192,339,248,388,392,332,410,405,362,408,286,160,386,74,368,328,382,326,182,337,297,406,405,404,51,77,145,256,329,192,379,229,367,377,162,370,381,386,266,298,18,6,,,79,53,,201,383,297,286,258,405,409,384,417,391,300,149,390,349,347,394,309,265,159,210,391,359,276,11,,59,,218,375,169,164,322,42,69,115,74,388,412,141,406,104,75,344,80,115,284,244,82,72,134,391,408,109,406,379,350,329,397,367,323,389,247,295,326,375,382,132,255,,,290,251,,250,383,134,402,246,377,187,180,340,80,129,381,411,100,73,78,303,281,394,360,384,314,263,362,127,,298,,263,b'\x11\xe8\xe1I\xedzN\xe8\x9a\xbe\x12\xdf\x17\xaeN\x1e'
11E8E149-ED7A-4EE8-9ABE-12DF17AE4E1E,2026-ncaa-d3-natl,genius_ncaa,288,200,327,282,337,384,378,374,329,382,369,344,329,343,248,232,398,325,415,317,139,372,372,327,373,364,233,149,341,309,164,358,170,354,190,359,188,112,308,313,309,160,100,9,,,96,309,,234,298,374,360,113,386,366,363,361,304,278,277,401,223,214,352,336,173,268,244,330,255,206,35,,233,,331,306,52,41,48,122,12,27,8,340,187,411,406,36,27,244,23,182,43,44,261,258,210,415,416,99,63,170,71,164,65,190,127,397,313,111,245,97,238,117,249,,,323,118,,98,298,43,355,195,309,115,67,89,6,18,409,362,63,45,38,56,70,140,186,154,279,174,200,202,,188,,43,b'\x11\xe8\xe1I\xedzN\xe8\x9a\xbe\x12\xdf\x17\xaeN\x1e'
11E8E149-ED7E-D512-9ABE-12DF17AE4E1E,2018-ncaa-d3-conf-SUNYAC,ncaa,10,10,7,10,9,10,10,10,10,10,10,10,6,6,7,2,10,10,10,10,8,10,10,9,10,10,3,1,9,10,10,10,10,10,10,10,6,9,10,10,10,8,7,7,,,9,10,,,10,9,5,8,10,10,10,10,10,6,4,10,9,9,10,10,10,9,10,10,9,9,7,,10,,,10,10,10,2,10,10,5,10,4,2,7,1,9,10,8,10,10,6,3,10,10,10,6,2,9,10,10,7,10,10,10,10,10,10,10,10,9,9,7,10,,,9,7,,,10,2,10,10,10,10,10,5,10,8,7,5,10,10,10,10,9,10,9,10,10,9,9,8,,8,,,b'\x11\xe8\xe1I\xed~\xd5\x12\x9a\xbe\x12\xdf\x17\xaeN\x1e'
11E8E149-ED7E-D512-9ABE-12DF17AE4E1E,2018-ncaa-d3-natl,ncaa,417,433,197,422,264,404,406,380,407,424,420,417,145,102,266,26,424,412,420,413,265,388,379,386,399,406,15,9,377,418,436,285,381,379,421,369,120,305,391,386,364,384,307,299,,,405,434,,,421,347,375,303,426,426,428,440,440,135,86,438,428,427,434,428,435,299,420,391,304,387,314,,426,,,411,300,199,189,209,140,112,229,353,358,264,355,403,406,192,408,428,262,171,267,294,360,413,338,396,386,381,358,436,389,421,397,441,391,411,424,311,377,181,390,,,357,256,,,421,112,414,400,416,309,214,224,153,118,356,370,410,419,420,302,194,373,362,376,382,415,314,187,,386,,,b'\x11\xe8\xe1I\xed~\xd5\x12\x9a\xbe\x12\xdf\x17\xaeN\x1e'
11E8E149-ED7E-D512-9ABE-12DF17AE4E1E,2019-ncaa-d3-conf-SUNYAC,ncaa,9,9,7,9,9,9,7,10,3,4,5,2,10,10,7,10,9,9,9,9,7,10,8,3,4,9,10,10,9,9,4,8,9,8,6,9,10,9,9,9,9,9,8,9,,,10,10,,,9,6,2,3,6,4,8,1,2,10,10,8,6,6,8,3,7,5,5,8,9,9,8,,10,,,9,10,4,3,6,3,4,6,7,7,9,7,10,10,8,10,10,8,5,8,9,10,10,6,10,8,9,2,4,2,6,10,10,9,9,9,7,8,5,4,,,9,9,,,9,3,8,10,9,10,7,7,5,5,9,8,10,10,10,10,8,9,2,6,10,8,8,5,,6,,,b'\x11\xe8\xe1I\xed~\xd5\x12\x9a\xbe\x12\xdf\x17\xaeN\x1e'
11E8E149-ED7E-D512-9ABE-12DF17AE4E1E,2019-ncaa-d3-natl,ncaa,306,304,317,320,329,292,238,318,136,161,191,142,360,366,285,357,363,321,389,324,364,328,313,187,236,279,412,363,376,323,284,202,242,270,237,271,314,310,347,312,366,382,286,279,,,366,420,,,331,292,158,149,262,166,244,90,111,362,365,357,300,312,266,179,283,92,162,223,346,364,275,,425,,,330,260,162,180,166,130,140,172,324,296,288,296,391,389,295,393,412,236,150,210,257,346,398,305,396,261,242,161,284,194,237,383,432,371,394,419,192,239,58,53,,,360,347,,,331,134,299,349,339,340,258,313,193,218,366,353,424,427,427,369,296,318,240,288,400,375,237,68,,340,,,b'\x11\xe8\xe1I\xed~\xd5\x12\x9a\xbe\x12\xdf\x17\xaeN\x1e'
11E8E149-ED7E-D512-9ABE-12DF17AE4E1E,2020-ncaa-d3-conf-SUNYAC,ncaa,7,7,7,7,7,5,5,4,4,5,5,6,6,6,5,8,4,3,9,3,4,4,4,4,6,6,7,8,3,4,4,8,8,7,7,8,9,8,6,9,10,10,10,10,,,5,6,,,8,4,1,1,5,5,4,2,1,6,5,3,2,1,4,1,3,7,3,7,9,10,9,,10,,,8,10,10,9,9,10,10,10,4,5,6,3,8,7,7,7,6,10,7,8,9,10,4,4,6,9,8,4,4,5,7,9,6,9,9,10,6,6,5,5,,,4,5,,,8,5,5,10,8,10,10,9,10,10,6,7,10,10,10,10,10,9,4,8,10,9,6,6,,3,,,b'\x11\xe8\xe1I\xed~\xd5\x12\x9a\xbe\x12\xdf\x17\xaeN\x1e'
11E8E149-ED7E-D512-9ABE-12DF17AE4E1E,2020-ncaa-d3-natl,ncaa,285,275,327,291,333,225,194,185,214,163,162,190,242,223,282,247,302,237,369,247,289,197,199,228,255,248,316,260,341,131,138,192,273,173,196,281,382,206,200,287,407,416,344,373,,,218,226,,,321,240,114,26,162,108,60,86,86,219,181,268,192,198,69,66,95,79,64,254,271,410,327,,305,,,323,369,354,338,293,336,279,302,328,334,258,287,293,268,366,266,220,333,209,301,309,384,244,265,209,296,273,200,138,251,196,354,284,391,407,409,136,125,187,173,,,294,342,,,321,188,240,383,326,396,386,399,371,367,354,367,345,319,318,407,354,331,286,311,368,388,173,233,,242,,,b'\x11\xe8\xe1I\xed~\xd5\x12\x9a\xbe\x12\xdf\x17\xaeN\x1e'
11E8E149-ED7E-D512-9ABE-12DF17AE4E1E,2022-ncaa-d3-conf-SUNYAC,ncaa,6,6,7,6,8,6,8,8,8,6,4,8,8,9,5,8,2,1,5,1,1,6,6,7,7,5,8,8,1,5,3,10,9,9,6,10,10,2,4,9,7,7,9,9,,,9,10,,,8,8,5,3,4,6,6,4,4,8,8,2,1,1,4,3,4,8,7,10,4,6,9,,10,,,8,8,6,3,10,7,2,9,6,5,8,5,9,8,9,7,9,3,2,10,10,10,6,5,8,4,9,2,3,2,6,9,8,6,6,9,1,1,10,8,,,3,3,,,8,3,5,10,8,9,9,6,8,5,7,6,9,9,9,6,7,7,6,6,9,4,2,10,,3,,,b'\x11\xe8\xe1I\xed~\xd5\x12\x9a\xbe\x12\xdf\x17\xaeN\x1e'
11E8E149-ED7E-D512-9ABE-12DF17AE4E1E,2022-ncaa-d3-natl,ncaa,190,210,188,202,231,218,225,181,306,213,144,324,252,228,257,284,117,89,239,92,157,167,202,312,297,250,211,274,75,119,178,224,265,171,255,292,361,120,104,250,224,238,229,226,,,247,253,,,217,234,231,290,229,260,146,224,119,276,252,104,79,81,123,179,119,250,173,320,117,239,243,,258,,,217,203,210,222,194,200,184,209,239,260,179,274,182,196,152,204,228,212,204,199,181,183,225,249,187,273,265,301,178,293,255,310,351,184,188,263,55,37,388,349,,,150,142,,,217,193,229,202,217,181,198,196,186,172,221,253,179,198,207,190,208,267,304,295,296,189,42,391,,130,,,b'\x11\xe8\xe1I\xed~\xd5\x12\x9a\xbe\x12\xdf\x17\xaeN\x1e'
11E8E149-ED7E-D512-9ABE-12DF17AE4E1E,2023-ncaa-d3-conf-SUNYAC,ncaa,6,5,3,6,3,4,4,6,4,3,4,4,5,8,2,8,5,7,3,7,6,7,8,4,4,4,6,7,7,6,6,6,7,7,7,3,1,4,4,4,4,4,7,8,,,5,6,,,5,8,8,5,4,4,9,4,4,6,9,7,7,7,8,9,8,7,8,3,4,5,8,,5,,,5,6,6,5,8,6,7,6,7,5,10,5,6,6,6,6,5,4,5,9,8,8,7,7,4,5,7,5,6,5,7,9,10,7,6,9,4,6,7,7,,,7,7,,,5,3,5,8,5,5,5,5,5,5,8,5,6,5,5,5,4,5,4,5,9,8,5,6,,7,,,b'\x11\xe8\xe1I\xed~\xd5\x12\x9a\xbe\x12\xdf\x17\xaeN\x1e'
11E8E149-ED7E-D512-9ABE-12DF17AE4E1E,2023-ncaa-d3-natl,ncaa,248,223,333,248,347,311,292,326,242,275,274,265,278,307,186,266,315,328,257,322,286,336,377,248,262,228,263,224,261,282,251,323,253,323,257,220,72,40,101,95,338,286,205,186,,,59,130,,,260,389,338,139,269,246,222,220,177,242,267,292,293,275,243,326,225,219,225,139,84,303,176,,104,,,261,100,116,85,231,84,97,157,267,155,402,259,96,77,305,79,145,67,49,269,250,291,299,350,134,176,253,120,251,129,257,333,416,366,301,384,34,95,201,251,,,376,315,,,260,42,220,306,261,226,229,220,173,191,334,225,151,124,133,195,138,241,255,249,363,324,76,272,,364,,,b'\x11\xe8\xe1I\xed~\xd5\x12\x9a\xbe\x12\xdf\x17\xaeN\x1e'
11E8E149-ED7E-D512-9ABE-12DF17AE4E1E,2024-ncaa-d3-conf-SUNYAC,ncaa,9,9,7,9,7,8,8,9,3,5,6,3,9,10,8,9,6,7,6,7,6,10,10,4,4,5,9,9,3,9,7,8,7,8,7,8,8,7,9,8,8,7,5,5,,,5,5,,,7,10,8,2,7,8,9,4,5,9,10,6,6,5,10,9,9,5,8,8,8,7,5,,5,,,7,1,3,2,6,5,7,2,2,1,10,1,6,4,8,4,4,1,1,7,7,6,3,5,6,6,7,1,7,1,7,8,10,8,8,9,8,9,2,4,,,4,2,,,7,1,6,7,7,6,6,5,7,9,4,1,6,5,5,5,3,6,3,5,8,7,9,3,,3,,,b'\x11\xe8\xe1I\xed~\xd5\x12\x9a\xbe\x12\xdf\x17\xaeN\x1e'
11E8E149-ED7E-D512-9ABE-12DF17AE4E1E,2024-ncaa-d3-natl,ncaa,271,275,296,284,310,326,290,361,173,239,281,171,348,362,289,327,339,335,296,327,299,365,366,205,221,245,361,334,270,349,313,223,251,306,241,303,315,180,302,287,348,328,168,197,,,51,85,,,249,365,378,119,326,279,373,202,240,351,364,343,327,316,388,383,351,139,258,305,236,338,148,,57,,,250,83,125,161,123,142,259,54,171,79,392,99,31,33,103,33,27,121,71,133,89,191,156,282,62,241,251,85,313,133,241,275,385,369,367,387,172,278,101,137,,,299,140,,,249,58,283,232,260,132,189,268,196,337,223,99,37,42,43,198,105,283,151,209,307,383,217,121,,278,,,b'\x11\xe8\xe1I\xed~\xd5\x12\x9a\xbe\x12\xdf\x17\xaeN\x1e'
11E8E149-ED7E-D512-9ABE-12DF17AE4E1E,2025-ncaa-d3-conf-SUNYAC,genius_ncaa,7,7,7,7,10,9,10,10,3,6,6,5,10,10,4,10,2,2,7,2,1,10,10,5,4,7,9,10,1,9,7,7,10,8,7,10,10,9,10,10,10,10,2,1,,,2,2,,5,8,10,10,10,9,10,10,6,5,10,10,2,1,1,10,10,9,4,8,10,9,10,1,,2,,6,8,4,4,6,4,5,4,4,6,6,8,7,1,1,4,2,1,5,2,6,4,7,7,7,2,9,10,1,7,3,7,7,8,10,10,10,10,10,4,4,,,2,1,,8,8,1,8,8,8,6,6,7,6,7,7,7,2,1,3,6,3,10,1,4,7,10,10,5,,1,,8,b'\x11\xe8\xe1I\xed~\xd5\x12\x9a\xbe\x12\xdf\x17\xaeN\x1e'
11E8E149-ED7E-D512-9ABE-12DF17AE4E1E,2025-ncaa-d3-natl,genius_ncaa,274,269,290,283,312,364,364,391,240,303,273,300,391,406,179,405,239,207,280,211,140,383,381,285,271,315,349,384,39,374,328,257,281,337,246,375,358,259,371,369,384,378,64,44,,,23,37,,138,309,375,388,126,379,379,417,296,238,395,413,193,155,160,413,410,389,166,324,381,296,392,35,,16,,153,310,62,108,176,89,72,171,43,308,236,367,290,15,16,57,16,18,116,52,135,68,191,269,396,20,255,281,39,328,82,246,277,374,399,391,391,286,363,92,135,,,253,51,,348,309,43,336,247,315,123,181,283,112,245,336,285,10,16,19,217,92,303,68,151,303,407,314,116,,191,,351,b'\x11\xe8\xe1I\xed~\xd5\x12\x9a\xbe\x12\xdf\x17\xaeN\x1e'
11E8E149-ED7E-D512-9ABE-12DF17AE4E1E,2026-ncaa-d3-conf-SUNYAC,genius_ncaa,2,5,1,5,1,6,6,6,6,5,6,4,6,5,7,3,1,1,7,1,1,6,5,6,5,9,3,8,1,5,7,3,7,4,7,7,9,10,10,9,3,3,2,7,,,10,10,,10,8,4,5,1,9,9,10,8,10,8,6,1,1,1,9,7,7,4,5,8,10,3,6,,10,,10,8,8,8,8,4,6,10,2,9,5,10,2,9,9,5,8,8,8,7,5,5,6,9,8,8,7,7,5,7,6,7,9,8,3,5,7,10,10,6,6,,,1,1,,2,8,6,9,8,8,8,6,7,4,10,8,2,9,9,8,8,6,6,5,5,7,4,10,4,,1,,3,b'\x11\xe8\xe1I\xed~\xd5\x12\x9a\xbe\x12\xdf\x17\xaeN\x1e'
11E8E149-ED7E-D512-9ABE-12DF17AE4E1E,2026-ncaa-d3-natl,genius_ncaa,288,268,215,305,223,297,300,258,304,303,282,276,230,196,297,151,267,163,400,154,74,249,229,296,315,327,157,166,210,177,178,256,309,234,264,309,287,277,324,331,116,92,88,112,,,155,132,,197,288,235,172,17,285,284,188,281,254,212,129,240,91,78,149,83,120,184,146,288,343,70,59,,190,,234,291,189,168,182,155,165,227,75,209,113,363,83,219,194,259,194,172,186,182,168,187,185,264,240,255,263,309,202,178,228,264,263,357,211,188,261,346,375,276,340,,,157,96,,169,288,168,320,219,298,260,236,299,216,332,261,130,290,263,267,297,316,330,301,325,325,134,385,335,,54,,165,b'\x11\xe8\xe1I\xed~\xd5\x12\x9a\xbe\x12\xdf\x17\xaeN\x1e'
11E8E149-ED83-55EC-9ABE-12DF17AE4E1E,2018-ncaa-d3-conf-Empire 8,ncaa,2,2,3,2,4,2,2,3,3,4,4,4,1,3,1,3,2,1,5,1,2,3,3,1,2,4,3,3,6,2,1,6,5,2,2,2,7,8,7,6,8,8,7,7,,,5,2,,,2,3,5,4,1,3,3,4,6,2,3,2,1,1,1,2,1,5,2,3,7,8,7,,2,,,2,7,8,9,8,9,9,8,3,2,6,2,2,1,6,1,1,7,6,7,7,6,1,3,1,4,5,2,1,1,2,6,1,4,7,6,6,7,3,3,,,1,2,,,2,7,1,6,2,6,8,7,8,9,4,2,1,1,1,6,6,3,2,2,5,7,7,4,,1,,,b'\x11\xe8\xe1I\xed\x83U\xec\x9a\xbe\x12\xdf\x17\xaeN\x1e'
11E8E149-ED83-55EC-9ABE-12DF17AE4E1E,2018-ncaa-d3-natl,ncaa,89,88,123,93,140,156,174,195,145,187,224,162,140,176,95,182,136,136,202,136,117,182,161,124,123,155,156,159,182,80,41,156,163,116,59,152,182,289,259,209,341,360,290,327,,,135,120,,,162,219,319,77,164,188,246,216,278,144,188,144,141,140,225,219,80,180,98,164,253,373,310,,81,,,164,224,325,327,247,359,348,263,180,212,129,180,66,73,193,75,33,264,235,237,171,234,46,155,46,212,163,91,41,123,59,205,103,275,304,263,268,260,359,371,,,110,99,,,162,236,121,219,164,183,279,273,317,307,153,176,46,50,50,211,152,176,56,90,186,331,252,351,,108,,,b'\x11\xe8\xe1I\xed\x83U\xec\x9a\xbe\x12\xdf\x17\xaeN\x1e'
11E8E149-ED83-55EC-9ABE-12DF17AE4E1E,2019-ncaa-d3-conf-Empire 8,ncaa,5,5,5,5,6,5,7,8,7,8,9,6,1,1,4,1,2,1,7,1,1,4,4,5,5,4,1,1,1,4,5,6,7,5,7,6,2,8,7,5,8,8,5,5,,,2,3,,,5,6,1,6,2,7,6,8,8,1,1,1,1,1,3,3,3,5,4,3,8,8,5,,3,,,5,5,6,6,6,9,8,6,5,3,6,3,2,2,7,2,2,6,5,6,5,5,1,4,2,8,7,5,5,5,7,5,2,6,5,7,6,6,8,8,,,1,1,,,5,5,4,5,6,6,7,8,9,9,5,3,3,3,2,9,9,9,6,7,6,5,7,8,,1,,,b'\x11\xe8\xe1I\xed\x83U\xec\x9a\xbe\x12\xdf\x17\xaeN\x1e'
11E8E149-ED83-55EC-9ABE-12DF17AE4E1E,2019-ncaa-d3-natl,ncaa,206,219,215,219,281,169,214,214,217,311,342,241,44,58,68,58,169,146,275,140,51,197,159,137,149,198,26,41,210,123,105,270,355,219,230,102,16,347,325,183,305,344,270,333,,,90,52,,,239,174,99,295,129,188,165,334,356,27,46,146,114,106,141,91,101,271,170,67,349,311,269,,87,,,239,343,412,356,377,421,392,353,178,144,291,89,72,82,179,78,31,314,292,344,306,309,25,104,39,351,355,164,105,242,230,376,226,208,252,339,348,323,373,407,,,92,93,,,239,262,176,332,246,348,403,391,416,406,191,149,79,81,78,354,351,358,168,274,374,198,352,383,,41,,,b'\x11\xe8\xe1I\xed\x83U\xec\x9a\xbe\x12\xdf\x17\xaeN\x1e'
11E8E149-ED83-55EC-9ABE-12DF17AE4E1E,2020-ncaa-d3-conf-Empire 8,ncaa,2,2,1,2,1,2,2,1,2,1,1,4,7,8,7,8,1,1,4,1,3,1,1,3,2,5,8,8,1,1,2,1,2,1,2,2,5,8,7,6,7,8,3,4,,,7,3,,,2,1,2,5,2,3,4,1,1,8,8,1,1,1,2,1,1,1,1,4,8,8,4,,4,,,3,8,8,8,3,6,6,6,8,8,1,8,3,4,2,4,3,8,8,3,3,3,5,7,2,6,2,4,2,4,2,6,3,2,6,5,8,8,8,5,,,1,1,,,2,8,3,2,3,4,4,7,4,2,5,8,2,2,2,5,7,4,2,2,4,5,8,8,,1,,,b'\x11\xe8\xe1I\xed\x83U\xec\x9a\xbe\x12\xdf\x17\xaeN\x1e'
11E8E149-ED83-55EC-9ABE-12DF17AE4E1E,2020-ncaa-d3-natl,ncaa,149,198,65,187,113,96,108,138,116,47,31,186,347,399,110,425,16,16,122,16,127,102,49,169,141,188,351,415,31,44,25,39,137,30,23,137,224,407,335,282,362,404,238,247,,,358,262,,,190,64,145,303,115,139,233,55,36,378,420,20,26,21,152,87,58,37,24,155,352,402,269,,295,,,193,374,342,390,153,287,215,292,378,430,39,407,343,361,160,351,340,405,375,183,185,253,328,311,253,292,137,102,25,163,23,261,153,241,338,281,392,324,394,269,,,6,7,,,190,376,154,256,189,271,245,315,202,124,322,415,278,307,294,316,267,233,42,86,195,314,354,366,,4,,,b'\x11\xe8\xe1I\xed\x83U\xec\x9a\xbe\x12\xdf\x17\xaeN\x1e'
11E8E149-ED83-55EC-9ABE-12DF17AE4E1E,2021-ncaa-d3-conf-Empire 8,ncaa,4,5,5,4,5,4,4,4,4,3,4,4,5,5,5,6,3,4,5,4,2,4,4,4,4,4,6,6,1,4,3,4,1,4,3,4,6,3,6,4,4,5,5,4,,,4,7,,,4,5,1,1,4,4,2,2,2,6,6,1,1,1,2,1,1,4,2,4,6,4,4,,7,,,4,3,3,3,4,3,3,4,5,3,7,6,6,6,5,6,6,3,3,5,6,5,6,7,6,3,1,3,3,3,3,3,2,5,5,5,3,3,5,4,,,4,3,,,4,3,4,4,4,5,4,3,3,2,7,7,7,6,6,5,5,1,4,3,4,4,4,6,,2,,,b'\x11\xe8\xe1I\xed\x83U\xec\x9a\xbe\x12\xdf\x17\xaeN\x1e'
11E8E149-ED83-55EC-9ABE-12DF17AE4E1E,2021-ncaa-d3-natl,ncaa,176,115,206,182,206,199,196,202,125,175,191,152,220,223,179,255,194,191,169,191,197,204,205,164,170,168,253,248,130,149,15,205,36,193,20,188,151,82,159,151,201,133,177,107,,,80,219,,,157,210,91,110,102,82,51,34,13,221,236,111,88,91,44,34,11,73,15,107,199,134,142,,204,,,155,85,81,75,178,64,67,141,131,103,250,258,92,87,199,87,222,75,74,217,220,229,276,271,137,63,36,65,15,62,20,84,156,218,197,205,78,110,114,187,,,205,168,,,157,76,124,198,156,207,171,162,92,51,271,253,188,174,178,164,134,52,86,64,184,196,136,246,,97,,,b'\x11\xe8\xe1I\xed\x83U\xec\x9a\xbe\x12\xdf\x17\xaeN\x1e'
11E8E149-ED83-55EC-9ABE-12DF17AE4E1E,2022-ncaa-d3-conf-Empire 8,ncaa,5,6,1,5,1,4,4,4,5,6,4,5,7,6,4,6,1,1,2,1,1,4,3,5,5,4,5,6,1,6,5,5,7,4,6,5,5,8,6,5,4,5,5,7,,,6,4,,,6,1,3,5,4,5,7,6,5,7,7,1,2,2,6,5,6,7,7,5,6,5,5,,4,,,5,9,9,8,7,8,8,7,6,7,4,6,6,6,3,6,5,9,9,6,6,6,5,6,4,8,7,5,5,8,6,5,2,3,4,3,8,6,9,6,,,1,2,,,6,9,4,6,5,6,6,7,6,5,6,7,4,4,4,6,7,5,2,4,4,3,6,7,,1,,,b'\x11\xe8\xe1I\xed\x83U\xec\x9a\xbe\x12\xdf\x17\xaeN\x1e'
11E8E149-ED83-55EC-9ABE-12DF17AE4E1E,2022-ncaa-d3-natl,ncaa,168,257,32,216,43,91,162,82,269,181,115,303,99,103,154,213,2,2,147,3,12,48,32,258,198,218,58,194,11,50,100,68,333,53,211,124,103,396,282,258,143,262,162,220,,,315,112,,,238,32,123,213,157,282,237,296,248,169,189,5,7,7,135,99,98,165,118,201,300,222,222,,172,,,237,407,403,418,223,373,356,262,416,422,207,375,293,314,139,312,197,414,411,245,224,224,290,350,112,409,333,353,100,393,211,377,202,67,201,221,380,272,410,373,,,3,30,,,238,402,204,257,232,294,302,340,241,199,375,395,180,208,200,328,345,354,198,289,280,138,301,375,,14,,,b'\x11\xe8\xe1I\xed\x83U\xec\x9a\xbe\x12\xdf\x17\xaeN\x1e'
11E8E149-ED83-55EC-9ABE-12DF17AE4E1E,2023-ncaa-d3-conf-Empire 8,ncaa,3,3,1,3,6,2,3,3,3,3,5,2,5,5,4,6,1,1,3,1,2,2,2,3,3,3,5,7,1,2,2,1,2,2,2,2,1,6,5,2,4,6,6,7,,,9,7,,,3,2,1,10,2,3,5,3,6,6,6,1,1,1,2,2,3,2,2,2,5,5,7,,8,,,3,10,9,10,8,9,7,8,7,7,6,7,6,8,5,8,6,10,10,9,9,8,8,7,4,5,2,2,2,3,2,7,4,4,7,7,4,4,1,2,,,1,2,,,3,9,3,6,3,7,7,7,6,4,7,7,5,7,7,7,9,4,2,2,6,5,4,1,,1,,,b'\x11\xe8\xe1I\xed\x83U\xec\x9a\xbe\x12\xdf\x17\xaeN\x1e'
11E8E149-ED83-55EC-9ABE-12DF17AE4E1E,2023-ncaa-d3-natl,ncaa,107,131,63,128,162,66,92,113,81,98,134,87,131,169,94,254,22,24,108,25,47,93,88,83,62,77,178,240,70,89,102,72,142,70,91,57,49,266,179,95,175,250,149,183,,,272,185,,,147,96,103,428,78,114,212,115,208,166,220,29,32,34,154,176,122,113,105,57,194,233,177,,195,,,151,360,360,358,270,339,292,291,342,362,200,300,277,257,315,270,206,357,340,272,268,278,229,267,167,237,142,212,102,215,91,301,163,161,246,237,269,208,159,113,,,39,73,,,147,350,68,257,135,265,276,254,255,180,276,297,220,189,196,237,218,168,103,125,233,233,216,110,,66,,,b'\x11\xe8\xe1I\xed\x83U\xec\x9a\xbe\x12\xdf\x17\xaeN\x1e'
11E8E149-ED83-55EC-9ABE-12DF17AE4E1E,2024-ncaa-d3-conf-Empire 8,ncaa,8,8,7,8,8,8,8,8,8,8,7,8,9,9,3,8,2,3,4,3,1,8,8,8,8,8,3,5,1,8,8,7,9,8,8,8,8,5,7,8,8,8,5,4,,,6,6,,,7,8,8,3,8,8,8,8,6,9,9,2,2,2,8,8,8,6,6,8,7,8,4,,6,,,7,3,4,1,4,4,1,6,4,4,1,6,6,6,1,6,6,1,2,4,4,4,3,3,6,8,9,3,8,5,8,2,2,6,6,4,6,7,7,7,,,1,1,,,7,1,8,6,7,5,5,6,5,5,6,7,6,7,7,6,7,9,4,6,4,4,7,7,,1,,,b'\x11\xe8\xe1I\xed\x83U\xec\x9a\xbe\x12\xdf\x17\xaeN\x1e'
11E8E149-ED83-55EC-9ABE-12DF17AE4E1E,2024-ncaa-d3-natl,ncaa,339,361,200,349,229,365,378,334,393,367,275,406,306,321,240,291,231,206,282,199,129,322,311,385,380,376,104,207,48,225,245,321,373,296,343,370,301,286,329,374,361,366,218,216,,,170,224,,,353,320,368,133,392,400,379,395,286,309,330,218,191,187,376,346,229,344,311,390,290,380,219,,191,,,348,155,186,163,223,225,186,257,137,172,111,205,171,192,142,203,224,163,146,202,195,221,157,157,193,356,373,249,245,306,343,201,208,263,258,240,304,334,415,420,,,97,22,,,353,103,370,281,356,174,196,183,231,195,143,189,181,207,216,172,163,350,264,311,200,265,301,417,,51,,,b'\x11\xe8\xe1I\xed\x83U\xec\x9a\xbe\x12\xdf\x17\xaeN\x1e'
11E8E149-ED83-55EC-9ABE-12DF17AE4E1E,2025-ncaa-d3-conf-Empire 8,genius_ncaa,5,5,5,5,5,7,8,7,9,8,6,9,6,5,7,5,4,4,5,4,4,6,3,9,9,8,1,5,2,2,4,7,6,4,5,8,8,10,7,8,3,2,11,9,,,10,10,,12,7,5,2,1,7,8,5,9,6,6,4,3,3,3,4,2,2,7,3,8,9,2,11,,11,,12,7,10,8,5,10,6,6,8,9,9,9,9,8,7,6,7,8,5,6,10,10,8,7,8,8,6,6,8,4,8,5,6,3,2,3,5,9,7,12,12,,,4,6,,3,7,8,7,6,7,10,8,7,7,5,9,8,8,8,8,7,8,6,8,8,6,2,9,12,,2,,3,b'\x11\xe8\xe1I\xed\x83U\xec\x9a\xbe\x12\xdf\x17\xaeN\x1e'
11E8E149-ED83-55EC-9ABE-12DF17AE4E1E,2025-ncaa-d3-natl,genius_ncaa,234,269,116,249,138,218,258,113,372,280,177,362,181,91,331,144,79,56,242,60,84,104,74,361,346,331,77,170,47,49,116,98,219,67,195,257,229,328,256,313,155,208,254,297,,,301,223,,256,307,92,105,113,257,308,99,319,199,192,100,77,68,74,78,63,41,93,46,295,299,174,272,,283,,246,300,350,355,355,266,355,312,300,248,307,117,215,252,280,121,265,208,351,335,246,235,244,132,152,169,303,219,369,116,359,195,300,175,154,229,237,319,245,414,405,,,70,146,,155,307,323,307,253,299,305,314,311,321,289,219,277,239,267,253,308,305,280,340,316,263,177,287,410,,63,,178,b'\x11\xe8\xe1I\xed\x83U\xec\x9a\xbe\x12\xdf\x17\xaeN\x1e'
11E8E149-ED83-55EC-9ABE-12DF17AE4E1E,2026-ncaa-d3-natl,genius_ncaa,98,132,116,138,139,150,160,141,234,194,130,314,89,175,36,253,123,93,284,87,146,135,115,204,217,249,94,112,182,211,319,18,37,59,111,247,347,326,276,323,298,377,230,292,,,241,142,,234,180,95,31,113,159,191,126,235,131,96,212,130,103,95,107,70,262,1,20,296,320,356,263,,210,,222,183,246,268,329,103,249,316,80,301,317,200,248,144,228,9,220,127,319,298,105,56,116,204,310,79,201,37,328,319,298,111,157,42,200,296,158,346,319,364,333,,,90,147,,98,180,317,270,100,191,222,247,361,212,328,290,318,83,191,176,349,327,164,354,290,106,243,342,358,,76,,114,b'\x11\xe8\xe1I\xed\x83U\xec\x9a\xbe\x12\xdf\x17\xaeN\x1e'
11E8E149-ED88-0268-9ABE-12DF17AE4E1E,2018-ncaa-d3-conf-MIAC,ncaa,2,2,4,2,6,4,4,4,4,4,4,4,6,7,4,7,8,2,11,3,4,3,6,4,4,4,7,6,8,4,3,6,4,5,3,5,11,1,1,3,6,5,4,4,,,1,2,,,4,9,11,12,5,4,4,3,5,5,6,8,2,4,3,9,3,7,6,7,1,6,4,,1,,,4,2,2,4,3,4,7,3,3,4,3,4,1,1,2,1,2,1,2,3,2,3,1,4,2,3,4,5,3,4,3,5,8,5,2,4,2,3,5,4,,,2,1,,,4,3,4,3,4,3,3,3,4,5,3,4,1,1,1,2,2,3,6,4,4,5,2,5,,1,,,b'\x11\xe8\xe1I\xed\x88\x02h\x9a\xbe\x12\xdf\x17\xaeN\x1e'
11E8E149-ED88-0268-9ABE-12DF17AE4E1E,2018-ncaa-d3-natl,ncaa,45,37,68,42,107,134,135,195,75,150,206,86,130,192,59,210,177,111,347,107,93,170,244,72,88,60,202,171,271,120,65,313,161,236,118,206,341,62,57,109,152,117,58,44,,,102,135,,,89,286,429,303,187,176,339,194,308,156,243,226,143,139,308,408,168,420,359,265,26,197,75,,44,,,90,121,156,119,277,171,130,259,222,170,308,256,67,65,299,58,73,80,124,293,270,198,172,284,78,93,161,95,65,81,118,159,158,149,97,136,118,127,259,254,,,33,5,,,89,154,36,181,74,60,98,26,104,55,175,120,38,32,31,14,16,62,34,35,107,213,78,221,,42,,,b'\x11\xe8\xe1I\xed\x88\x02h\x9a\xbe\x12\xdf\x17\xaeN\x1e'
11E8E149-ED88-0268-9ABE-12DF17AE4E1E,2019-ncaa-d3-conf-MIAC,ncaa,5,5,1,5,2,5,5,4,6,5,4,6,3,3,3,5,6,7,3,7,6,4,4,4,4,4,4,3,9,10,12,7,12,10,12,8,11,3,3,6,4,5,5,8,,,1,1,,,7,4,9,6,5,6,6,6,7,3,4,9,9,8,7,10,11,10,11,10,2,5,6,,1,,,7,11,12,12,11,12,12,10,6,5,5,3,2,3,4,3,1,11,11,11,8,8,1,2,2,11,12,12,12,12,12,12,11,4,8,10,5,4,10,10,,,5,6,,,7,10,5,8,7,8,12,10,12,12,5,4,2,3,3,9,7,11,12,11,12,6,4,8,,7,,,b'\x11\xe8\xe1I\xed\x88\x02h\x9a\xbe\x12\xdf\x17\xaeN\x1e'
11E8E149-ED88-0268-9ABE-12DF17AE4E1E,2019-ncaa-d3-natl,ncaa,155,162,129,161,132,171,170,209,135,217,270,151,97,121,75,113,265,263,249,262,210,221,251,103,116,125,135,88,332,282,306,334,388,327,374,211,318,166,176,192,165,178,216,258,,,49,25,,,258,226,360,11,186,183,278,245,323,99,135,294,292,292,285,332,317,409,397,239,134,183,223,,20,,,256,362,418,326,404,414,339,397,276,239,313,201,66,56,287,51,32,268,262,391,364,366,46,185,31,356,388,264,306,320,374,408,304,216,235,367,290,303,270,298,,,179,135,,,258,212,146,383,257,312,382,304,382,319,251,202,53,40,39,230,200,326,221,289,379,249,266,259,,202,,,b'\x11\xe8\xe1I\xed\x88\x02h\x9a\xbe\x12\xdf\x17\xaeN\x1e'
11E8E149-ED88-0268-9ABE-12DF17AE4E1E,2020-ncaa-d3-conf-MIAC,ncaa,9,9,7,9,12,10,10,10,10,11,6,12,9,11,6,10,10,10,7,10,9,10,11,11,10,10,8,7,6,6,6,10,7,11,7,12,12,5,4,11,5,5,3,4,,,2,2,,,7,11,9,11,10,10,9,11,4,9,11,8,8,8,9,10,4,10,7,12,5,5,2,,2,,,7,2,4,3,7,7,4,7,2,2,3,3,2,2,10,2,2,1,1,5,6,4,2,2,5,4,7,8,6,6,7,4,9,7,5,6,7,9,12,12,,,11,10,,,7,2,10,5,7,3,6,4,9,8,3,2,2,2,2,3,3,6,8,6,6,6,8,12,,11,,,b'\x11\xe8\xe1I\xed\x88\x02h\x9a\xbe\x12\xdf\x17\xaeN\x1e'
11E8E149-ED88-0268-9ABE-12DF17AE4E1E,2020-ncaa-d3-natl,ncaa,237,245,198,250,266,272,285,340,200,295,293,258,194,303,52,263,243,260,190,260,216,337,356,178,177,195,165,166,194,308,238,385,158,365,254,338,376,146,252,307,146,85,177,131,,,88,164,,,234,362,370,256,278,300,370,309,306,199,298,225,254,253,360,381,312,414,396,358,171,129,170,,79,,,234,114,152,53,366,196,86,361,121,85,278,190,139,90,384,88,175,43,57,350,363,299,122,159,187,38,158,104,238,57,254,239,307,213,105,242,267,334,245,289,,,264,149,,,234,76,216,253,229,149,181,41,214,87,130,76,152,95,96,31,42,39,121,64,243,189,281,257,,261,,,b'\x11\xe8\xe1I\xed\x88\x02h\x9a\xbe\x12\xdf\x17\xaeN\x1e'
11E8E149-ED88-0268-9ABE-12DF17AE4E1E,2021-ncaa-d3-conf-MIAC,ncaa,3,10,1,5,1,1,1,1,4,1,1,8,2,1,2,7,1,1,3,1,6,1,1,5,4,5,5,5,5,1,4,1,5,1,4,3,7,10,6,6,3,10,6,11,,,11,3,,,7,1,2,3,3,4,3,4,4,4,6,4,5,5,4,4,3,4,3,5,6,10,11,,2,,,5,11,11,11,8,11,11,8,11,11,9,3,9,11,1,11,3,11,11,8,7,10,2,4,3,10,5,11,4,11,4,11,10,2,8,11,10,8,10,6,,,1,9,,,7,11,4,9,6,9,10,8,10,10,7,3,3,5,4,9,7,4,5,6,10,7,8,8,,9,,,b'\x11\xe8\xe1I\xed\x88\x02h\x9a\xbe\x12\xdf\x17\xaeN\x1e'
11E8E149-ED88-0268-9ABE-12DF17AE4E1E,2021-ncaa-d3-natl,ncaa,128,149,146,152,158,124,131,158,69,130,142,86,121,146,65,167,103,130,21,130,99,153,160,67,50,55,125,154,86,160,105,163,58,168,81,153,237,113,117,145,184,234,219,269,,,137,152,,,146,161,147,99,69,89,150,89,130,105,163,51,99,94,131,161,167,176,183,167,104,241,263,,130,,,145,150,173,129,261,186,148,247,138,111,247,60,133,141,45,143,119,129,120,258,245,262,57,97,67,96,58,102,105,101,81,172,135,181,229,247,140,185,114,113,,,157,147,,,146,127,66,236,145,219,235,152,245,202,165,71,120,155,160,152,88,43,48,33,211,239,175,116,,160,,,b'\x11\xe8\xe1I\xed\x88\x02h\x9a\xbe\x12\xdf\x17\xaeN\x1e'
11E8E149-ED88-0268-9ABE-12DF17AE4E1E,2022-ncaa-d3-conf-MIAC,ncaa,5,5,5,5,7,7,6,4,8,9,7,7,4,3,9,2,10,9,12,9,8,5,9,7,8,6,4,4,10,8,9,5,3,5,7,6,6,1,1,4,8,8,9,10,,,3,4,,,5,9,8,4,5,6,1,9,8,4,2,11,10,10,4,9,9,5,4,7,2,8,9,,4,,,5,7,7,6,8,10,8,9,3,3,4,4,5,5,5,5,4,6,4,8,6,5,3,4,4,5,3,11,9,7,7,10,11,8,8,9,4,3,6,7,,,9,11,,,5,4,5,5,5,5,7,7,10,9,3,3,5,5,5,8,5,4,12,8,11,8,3,6,,10,,,b'\x11\xe8\xe1I\xed\x88\x02h\x9a\xbe\x12\xdf\x17\xaeN\x1e'
11E8E149-ED88-0268-9ABE-12DF17AE4E1E,2022-ncaa-d3-natl,ncaa,131,182,61,161,86,153,163,142,217,213,246,154,80,60,198,69,245,170,363,181,135,145,189,183,211,162,108,71,310,250,332,131,69,180,245,224,336,85,60,156,243,260,229,257,,,234,228,,,204,163,361,254,231,231,255,299,363,90,74,316,252,256,264,374,335,260,305,294,30,305,271,,139,,,209,301,314,258,285,325,285,296,197,198,213,159,263,262,253,254,207,257,214,273,275,297,144,153,212,101,69,364,332,277,245,314,250,259,299,317,205,182,230,264,,,138,139,,,204,255,178,261,214,172,194,98,229,155,114,103,186,185,167,92,36,45,270,160,223,354,143,178,,239,,,b'\x11\xe8\xe1I\xed\x88\x02h\x9a\xbe\x12\xdf\x17\xaeN\x1e'
11E8E149-ED88-0268-9ABE-12DF17AE4E1E,2023-ncaa-d3-conf-MIAC,ncaa,3,3,1,3,1,4,3,2,5,3,2,4,6,3,7,4,10,10,9,10,11,2,3,5,7,5,9,5,12,3,6,4,5,2,7,3,7,1,2,3,9,9,11,12,,,8,6,,,4,4,12,6,4,3,2,3,2,6,4,10,11,10,2,7,3,5,4,3,1,9,12,,7,,,4,8,10,8,9,9,10,5,7,5,10,4,5,5,5,5,2,7,9,9,7,7,4,5,3,6,5,11,6,11,7,10,6,8,7,8,2,2,12,9,,,8,10,,,4,9,3,7,4,7,7,6,7,10,5,4,1,1,1,5,2,5,10,8,7,9,2,12,,11,,,b'\x11\xe8\xe1I\xed\x88\x02h\x9a\xbe\x12\xdf\x17\xaeN\x1e'
11E8E149-ED88-0268-9ABE-12DF17AE4E1E,2023-ncaa-d3-natl,ncaa,90,113,63,109,85,135,109,106,128,157,198,97,77,69,157,86,300,316,254,312,332,133,230,111,140,78,192,100,408,198,239,234,111,210,208,190,316,24,13,40,318,330,321,328,,,211,253,,,166,243,403,201,184,148,184,200,311,99,96,366,378,377,245,385,253,366,341,245,4,380,358,,134,,,172,265,286,209,306,257,177,297,324,275,336,297,161,140,306,148,164,185,157,321,313,339,243,307,117,88,111,274,239,187,208,156,76,299,297,250,45,48,357,345,,,245,254,,,166,191,88,302,167,153,194,82,162,74,262,198,96,79,82,67,23,50,167,97,107,371,23,333,,356,,,b'\x11\xe8\xe1I\xed\x88\x02h\x9a\xbe\x12\xdf\x17\xaeN\x1e'
11E8E149-ED88-0268-9ABE-12DF17AE4E1E,2024-ncaa-d3-conf-MIAC,ncaa,4,4,3,4,4,4,3,4,4,7,8,4,1,1,1,1,8,9,2,9,8,4,5,2,3,3,4,1,9,6,7,5,10,4,6,3,5,4,4,3,9,11,6,8,,,1,1,,,4,5,9,5,3,3,5,6,10,1,2,8,9,9,5,9,7,4,6,3,4,10,6,,1,,,4,8,11,10,10,11,11,7,3,3,7,1,1,1,3,1,1,10,10,8,4,8,1,2,1,11,10,6,7,8,6,9,3,9,9,9,5,6,8,8,,,6,9,,,4,8,3,9,4,9,10,10,11,11,3,2,1,1,1,9,8,9,4,7,10,9,5,7,,9,,,b'\x11\xe8\xe1I\xed\x88\x02h\x9a\xbe\x12\xdf\x17\xaeN\x1e'
11E8E149-ED88-0268-9ABE-12DF17AE4E1E,2024-ncaa-d3-natl,ncaa,142,162,112,157,123,118,137,212,75,259,349,75,21,43,12,19,246,328,11,331,203,242,297,27,25,22,29,13,346,329,298,316,289,331,287,207,340,66,102,133,353,362,298,352,,,70,59,,,177,270,382,32,98,132,264,293,399,9,44,261,364,369,311,385,368,382,399,226,57,383,319,,30,,,180,327,369,270,387,387,366,340,143,55,399,27,107,82,324,87,36,226,160,368,353,379,26,77,60,225,289,109,298,150,287,216,35,334,341,316,175,215,170,288,,,215,122,,,177,158,46,371,175,284,346,221,369,352,127,31,84,56,59,162,92,195,71,106,189,372,145,157,,268,,,b'\x11\xe8\xe1I\xed\x88\x02h\x9a\xbe\x12\xdf\x17\xaeN\x1e'
11E8E149-ED88-0268-9ABE-12DF17AE4E1E,2025-ncaa-d3-conf-MIAC,genius_ncaa,4,5,4,5,4,3,3,4,3,3,6,4,2,1,3,1,4,5,4,6,5,4,5,3,3,1,2,2,8,10,11,4,7,10,10,6,12,1,1,4,7,9,10,11,,,6,4,,3,4,4,6,7,3,3,5,4,8,2,1,5,7,8,5,11,11,7,11,6,1,9,11,,4,,2,5,10,11,11,10,12,11,8,8,6,8,3,6,6,5,6,6,10,9,9,9,9,1,4,6,8,7,11,11,10,10,6,1,6,9,6,1,1,10,10,,,5,6,,2,4,9,3,8,4,9,10,8,11,11,5,5,6,6,6,8,8,9,9,9,5,9,1,11,,6,,2,b'\x11\xe8\xe1I\xed\x88\x02h\x9a\xbe\x12\xdf\x17\xaeN\x1e'
11E8E149-ED88-0268-9ABE-12DF17AE4E1E,2025-ncaa-d3-natl,genius_ncaa,121,118,116,129,139,151,165,262,71,235,335,48,68,82,79,49,160,195,91,198,77,255,326,46,46,35,65,59,218,385,396,285,148,357,330,301,393,14,42,148,328,329,359,362,,,189,233,,73,173,277,360,154,162,190,341,276,385,64,92,165,229,231,326,414,411,348,411,340,9,354,380,,159,,72,172,238,262,160,333,297,200,326,155,140,221,170,218,185,319,166,169,150,128,305,317,325,118,130,191,96,148,248,396,171,330,77,24,284,270,177,6,25,213,314,,,206,82,,109,173,156,82,289,161,191,220,110,254,158,136,109,191,152,141,103,59,85,212,137,69,332,9,203,,248,,119,b'\x11\xe8\xe1I\xed\x88\x02h\x9a\xbe\x12\xdf\x17\xaeN\x1e'
11E8E149-ED88-0268-9ABE-12DF17AE4E1E,2026-ncaa-d3-conf-MIAC,genius_ncaa,4,4,4,5,6,5,8,5,10,10,9,10,4,2,6,4,2,3,1,3,2,5,7,10,6,4,2,4,1,8,9,10,4,10,10,7,5,2,2,3,4,4,10,12,,,8,12,,6,5,5,5,3,5,8,3,10,8,2,2,1,2,2,3,5,8,11,11,6,2,4,10,,11,,6,5,5,4,2,10,3,5,7,4,2,12,3,7,7,8,6,9,3,3,9,11,8,8,6,8,2,4,6,9,5,10,6,11,5,2,5,2,2,8,12,,,3,2,,1,5,4,6,7,6,7,6,1,3,4,5,3,9,8,8,3,3,4,8,6,8,4,2,10,,1,,1,b'\x11\xe8\xe1I\xed\x88\x02h\x9a\xbe\x12\xdf\x17\xaeN\x1e'
11E8E149-ED88-0268-9ABE-12DF17AE4E1E,2026-ncaa-d3-natl,genius_ncaa,13,132,8,111,21,18,75,43,268,135,100,250,26,19,190,87,2,8,21,8,17,26,46,235,151,90,25,129,15,124,307,121,102,118,291,92,241,201,29,116,22,52,249,290,,,391,350,,156,64,37,282,113,152,274,249,323,341,108,80,13,36,35,167,317,301,378,371,274,23,74,341,,278,,99,102,323,280,254,266,309,278,289,176,218,102,115,403,395,371,396,377,302,360,236,299,144,218,62,395,164,102,388,307,348,291,224,104,17,22,25,179,58,290,245,,,8,31,,3,64,378,121,105,93,81,51,6,103,43,38,31,345,303,319,16,74,29,279,138,49,59,50,172,,67,,15,b'\x11\xe8\xe1I\xed\x88\x02h\x9a\xbe\x12\xdf\x17\xaeN\x1e'
11E8E149-ED8C-A0B6-9ABE-12DF17AE4E1E,2018-ncaa-d3-conf-MIAC,ncaa,5,5,2,5,3,5,5,2,8,6,6,6,4,2,8,4,2,1,8,1,1,2,2,8,8,6,4,5,3,3,6,1,2,2,4,3,2,5,4,5,9,10,8,10,,,3,1,,,5,2,8,7,6,6,6,8,9,6,3,4,4,3,4,7,4,1,1,3,5,11,9,,2,,,5,6,11,12,6,11,11,5,7,10,4,9,2,2,5,2,1,11,10,6,4,5,3,10,1,4,2,12,6,9,4,8,6,6,8,7,7,6,12,12,,,1,2,,,5,11,6,5,5,4,6,8,7,9,7,6,2,2,2,4,5,2,9,7,6,7,6,12,,3,,,b'\x11\xe8\xe1I\xed\x8c\xa0\xb6\x9a\xbe\x12\xdf\x17\xaeN\x1e'
11E8E149-ED8C-A0B6-9ABE-12DF17AE4E1E,2018-ncaa-d3-natl,ncaa,151,172,123,165,144,183,234,272,195,292,349,181,87,92,128,81,98,108,166,100,13,234,269,139,122,113,46,97,88,224,219,181,39,202,109,173,103,118,145,132,341,330,346,336,,,85,115,,,191,280,393,126,207,278,361,343,405,103,100,89,110,102,317,373,261,219,251,184,90,373,366,,50,,,194,214,250,166,312,160,101,300,393,333,389,393,76,67,351,61,96,119,117,357,349,337,327,411,66,39,39,191,219,97,109,182,126,268,236,240,161,200,420,436,,,99,19,,,191,174,126,279,185,175,211,112,130,61,373,304,57,43,38,60,34,28,158,76,159,323,133,409,,89,,,b'\x11\xe8\xe1I\xed\x8c\xa0\xb6\x9a\xbe\x12\xdf\x17\xaeN\x1e'
11E8E149-ED8C-A0B6-9ABE-12DF17AE4E1E,2019-ncaa-d3-conf-MIAC,ncaa,6,6,6,6,7,6,7,6,7,7,7,7,6,7,4,6,6,9,1,9,9,6,7,7,6,7,6,7,4,7,8,2,4,4,5,6,7,8,8,7,6,7,5,5,,,4,4,,,5,6,5,7,8,7,8,5,6,6,7,6,8,8,8,7,6,3,4,6,7,7,5,,5,,,5,7,9,10,6,9,11,5,5,4,8,4,4,4,11,4,3,8,8,3,3,5,4,7,5,4,4,10,8,7,5,7,8,6,7,6,8,8,5,6,,,10,10,,,5,8,7,5,5,6,6,9,8,10,6,5,5,5,5,6,6,5,8,5,5,5,6,4,,9,,,b'\x11\xe8\xe1I\xed\x8c\xa0\xb6\x9a\xbe\x12\xdf\x17\xaeN\x1e'
11E8E149-ED8C-A0B6-9ABE-12DF17AE4E1E,2019-ncaa-d3-natl,ncaa,187,185,215,187,301,216,228,289,154,231,282,166,171,215,128,193,194,242,86,237,172,284,279,143,130,168,177,180,182,253,211,246,126,266,159,215,243,241,288,249,251,251,230,228,,,173,225,,,225,276,225,384,191,209,291,227,281,169,208,176,225,225,280,258,249,223,243,203,256,258,226,,193,,,225,238,280,180,339,266,195,309,276,211,348,243,159,132,333,133,153,156,144,336,334,338,206,257,136,95,126,154,211,124,159,279,234,267,240,298,327,350,103,131,,,238,184,,,225,183,170,298,216,274,296,220,278,216,290,221,174,142,141,201,167,112,161,128,286,262,335,107,,217,,,b'\x11\xe8\xe1I\xed\x8c\xa0\xb6\x9a\xbe\x12\xdf\x17\xaeN\x1e'
11E8E149-ED8C-A0B6-9ABE-12DF17AE4E1E,2020-ncaa-d3-conf-MIAC,ncaa,11,11,7,11,7,7,8,4,9,10,9,9,8,3,10,4,7,6,4,6,8,5,8,9,8,8,5,5,5,8,10,9,9,7,10,7,7,4,3,6,7,7,11,11,,,6,6,,,10,5,5,2,7,8,2,9,6,6,2,7,6,6,3,4,7,5,4,7,4,6,10,,8,,,10,7,11,8,11,9,7,9,9,8,9,8,2,5,1,5,5,5,7,11,10,10,3,9,3,9,9,10,10,10,10,11,8,5,6,7,2,2,6,9,,,5,6,,,10,8,7,9,9,10,11,9,11,11,9,9,2,6,6,9,11,10,11,12,11,5,3,7,,4,,,b'\x11\xe8\xe1I\xed\x8c\xa0\xb6\x9a\xbe\x12\xdf\x17\xaeN\x1e'
11E8E149-ED8C-A0B6-9ABE-12DF17AE4E1E,2020-ncaa-d3-natl,ncaa,367,368,327,370,329,270,301,321,255,323,358,236,159,154,194,105,196,237,126,254,128,314,358,229,202,184,83,115,148,357,366,388,209,388,342,292,274,65,141,215,269,222,402,396,,,205,323,,,329,344,282,5,224,270,239,320,343,127,100,150,192,205,237,297,358,384,394,270,107,242,405,,292,,,330,325,330,83,427,256,66,420,390,258,432,347,151,170,146,165,296,78,79,431,430,417,300,371,96,63,209,207,366,120,342,367,341,251,197,349,79,139,159,246,,,194,60,,,329,106,232,393,327,372,360,180,312,103,401,326,202,229,226,183,178,101,293,215,376,198,126,195,,96,,,b'\x11\xe8\xe1I\xed\x8c\xa0\xb6\x9a\xbe\x12\xdf\x17\xaeN\x1e'
11E8E149-ED8C-A0B6-9ABE-12DF17AE4E1E,2021-ncaa-d3-conf-MIAC,ncaa,6,6,7,7,7,7,8,7,10,7,7,10,8,8,8,10,6,6,4,6,2,7,7,10,10,8,4,10,2,7,9,8,7,8,9,8,10,5,2,9,7,3,5,3,,,6,8,,,10,7,4,4,7,9,6,8,6,9,10,2,2,2,3,5,7,9,8,11,3,4,3,,9,,,10,5,5,4,10,5,4,10,5,4,8,7,5,6,8,6,9,4,5,10,10,11,5,8,6,4,7,6,9,5,9,5,6,7,4,6,5,5,8,10,,,6,3,,,10,5,7,10,10,11,9,4,8,4,10,7,7,9,9,4,5,5,10,9,9,4,5,11,,3,,,b'\x11\xe8\xe1I\xed\x8c\xa0\xb6\x9a\xbe\x12\xdf\x17\xaeN\x1e'
11E8E149-ED8C-A0B6-9ABE-12DF17AE4E1E,2021-ncaa-d3-natl,ncaa,176,92,220,164,222,216,225,225,191,223,221,199,216,224,145,191,176,194,23,197,36,223,226,191,140,96,76,190,11,232,234,235,136,233,236,240,271,48,35,185,213,93,194,96,,,71,238,,,192,225,182,110,137,198,190,177,143,172,185,11,27,30,130,212,215,263,257,260,32,114,119,,208,,,209,69,68,53,277,66,50,276,73,65,245,178,83,74,248,74,245,58,58,278,282,276,169,147,186,48,136,63,234,58,236,58,85,223,126,170,54,121,80,199,,,213,25,,,192,60,119,265,211,240,214,53,201,44,215,139,243,207,202,71,65,53,226,156,172,147,100,202,,60,,,b'\x11\xe8\xe1I\xed\x8c\xa0\xb6\x9a\xbe\x12\xdf\x17\xaeN\x1e'
11E8E149-ED8C-A0B6-9ABE-12DF17AE4E1E,2022-ncaa-d3-conf-MIAC,ncaa,9,9,5,9,6,9,10,5,12,11,11,12,2,1,5,1,5,7,1,7,4,6,4,10,9,11,1,1,4,3,7,1,4,1,3,7,5,9,9,10,12,12,11,12,,,10,11,,,9,6,3,3,10,11,4,11,11,1,1,5,7,7,5,2,4,1,1,8,9,12,11,,11,,,9,8,8,9,4,6,9,3,8,8,8,5,9,9,6,9,5,10,7,5,5,8,7,7,7,8,4,10,7,8,3,7,5,12,10,10,7,6,8,10,,,1,3,,,9,8,11,8,8,9,8,9,8,10,7,8,8,8,8,10,8,8,10,9,6,11,7,8,,1,,,b'\x11\xe8\xe1I\xed\x8c\xa0\xb6\x9a\xbe\x12\xdf\x17\xaeN\x1e'
11E8E149-ED8C-A0B6-9ABE-12DF17AE4E1E,2022-ncaa-d3-natl,ncaa,275,365,61,319,82,182,256,193,338,353,307,368,51,54,97,45,62,115,38,120,44,184,154,263,220,238,9,25,46,234,306,77,138,133,216,263,261,313,279,320,410,426,293,337,,,410,413,,,317,125,307,217,291,365,344,408,405,59,69,100,170,173,335,326,315,131,227,335,223,428,339,,383,,,304,388,365,346,254,305,314,217,390,349,373,266,358,362,217,363,309,365,296,285,287,363,335,328,254,245,138,333,306,314,216,294,139,344,400,366,259,220,240,313,,,13,14,,,317,301,254,348,310,292,261,242,213,192,348,277,294,304,308,261,116,157,232,190,210,411,198,191,,32,,,b'\x11\xe8\xe1I\xed\x8c\xa0\xb6\x9a\xbe\x12\xdf\x17\xaeN\x1e'
11E8E149-ED8C-A0B6-9ABE-12DF17AE4E1E,2023-ncaa-d3-conf-MIAC,ncaa,9,9,7,9,7,6,8,7,9,11,11,11,5,5,5,3,2,3,3,2,2,6,6,7,6,6,2,3,3,5,4,3,4,3,4,7,4,7,6,5,11,11,8,5,,,9,11,,,9,8,7,4,5,8,8,11,11,3,3,1,1,1,6,4,5,1,1,5,7,11,7,,10,,,9,10,7,6,7,8,6,10,10,9,4,8,10,9,10,9,10,6,4,7,9,10,8,6,8,7,4,5,4,5,4,7,7,11,11,10,6,7,5,7,,,2,1,,,9,5,6,10,9,10,9,10,10,9,10,11,10,10,10,10,8,8,6,6,9,11,7,6,,1,,,b'\x11\xe8\xe1I\xed\x8c\xa0\xb6\x9a\xbe\x12\xdf\x17\xaeN\x1e'
11E8E149-ED8C-A0B6-9ABE-12DF17AE4E1E,2023-ncaa-d3-natl,ncaa,270,297,185,283,204,200,257,310,179,317,369,188,80,104,67,76,87,128,66,123,26,279,305,119,92,117,26,54,66,267,211,207,100,233,120,277,260,162,231,246,409,411,232,198,,,303,395,,,276,304,360,79,192,278,354,354,396,69,103,65,105,100,328,349,279,187,237,285,169,421,238,,322,,,274,330,272,180,307,180,90,334,382,364,340,373,331,302,369,297,362,199,99,350,366,413,386,357,291,95,100,90,211,76,120,141,72,406,418,376,226,275,134,265,,,80,11,,,276,119,132,393,277,319,272,197,182,72,373,359,349,313,310,219,70,106,79,79,153,424,233,127,,51,,,b'\x11\xe8\xe1I\xed\x8c\xa0\xb6\x9a\xbe\x12\xdf\x17\xaeN\x1e'
11E8E149-ED8C-A0B6-9ABE-12DF17AE4E1E,2024-ncaa-d3-conf-MIAC,ncaa,11,11,7,11,9,11,9,9,11,10,9,10,7,6,7,4,11,10,11,10,9,9,8,10,11,11,6,3,8,4,5,9,8,8,10,8,4,11,11,10,10,9,7,6,,,8,9,,,11,9,8,10,11,11,10,11,8,7,6,11,10,10,10,7,4,9,7,8,11,9,7,,9,,,11,10,8,6,9,4,2,9,11,11,11,11,8,7,10,7,11,7,4,11,11,11,11,11,6,8,8,8,5,7,10,11,11,10,10,11,10,10,2,4,,,10,10,,,11,4,11,11,11,11,9,9,5,4,11,11,10,8,9,8,6,8,9,9,11,10,10,2,,10,,,b'\x11\xe8\xe1I\xed\x8c\xa0\xb6\x9a\xbe\x12\xdf\x17\xaeN\x1e'
11E8E149-ED8C-A0B6-9ABE-12DF17AE4E1E,2024-ncaa-d3-natl,ncaa,396,417,200,407,288,346,342,335,335,346,342,328,227,196,271,124,352,338,343,332,218,345,302,323,340,364,129,119,263,254,225,328,257,317,260,333,276,359,377,371,359,354,288,234,,,301,377,,,382,309,322,400,379,370,380,378,375,231,200,374,357,351,395,327,254,357,346,354,349,376,299,,327,,,377,329,238,146,322,92,42,320,421,409,409,419,333,263,423,263,389,158,110,381,400,400,421,419,290,160,257,147,225,142,260,317,344,349,340,377,357,369,35,78,,,230,146,,,382,114,358,392,385,336,253,160,96,29,417,408,348,271,279,168,99,167,158,154,311,371,342,24,,229,,,b'\x11\xe8\xe1I\xed\x8c\xa0\xb6\x9a\xbe\x12\xdf\x17\xaeN\x1e'
11E8E149-ED8C-A0B6-9ABE-12DF17AE4E1E,2025-ncaa-d3-conf-MIAC,genius_ncaa,6,5,5,6,8,5,5,8,4,5,9,2,5,4,6,4,5,5,5,5,4,8,9,4,4,4,7,7,4,4,4,11,8,8,5,5,8,6,8,7,8,7,12,12,,,5,6,,6,6,11,10,6,5,4,9,6,9,4,4,4,4,4,8,7,4,10,7,5,8,7,12,,6,,6,6,7,7,6,11,8,5,10,6,4,7,6,5,4,9,4,5,3,2,10,11,8,5,7,5,5,8,1,4,3,5,4,2,9,7,7,7,7,3,3,,,4,4,,4,6,1,4,9,6,7,6,6,8,4,7,6,5,4,4,4,3,6,3,3,7,8,7,3,,4,,3,b'\x11\xe8\xe1I\xed\x8c\xa0\xb6\x9a\xbe\x12\xdf\x17\xaeN\x1e'
11E8E149-ED8C-A0B6-9ABE-12DF17AE4E1E,2025-ncaa-d3-natl,genius_ncaa,217,184,290,207,319,265,251,350,77,257,359,42,210,222,175,113,293,297,235,297,136,350,365,73,92,132,189,164,277,294,151,356,149,348,149,292,319,160,278,247,343,268,392,387,,,121,280,,201,246,372,390,205,225,218,366,233,360,178,173,278,275,277,370,374,275,356,341,280,209,332,398,,163,,237,248,145,191,52,376,165,62,364,255,131,389,271,69,45,343,46,108,38,29,382,381,381,192,307,81,42,149,30,151,28,149,118,86,355,279,281,188,290,63,180,,,281,140,,155,246,41,141,357,257,222,266,93,231,92,291,186,88,54,56,68,26,82,48,44,161,344,234,92,,240,,141,b'\x11\xe8\xe1I\xed\x8c\xa0\xb6\x9a\xbe\x12\xdf\x17\xaeN\x1e'
11E8E149-ED8C-A0B6-9ABE-12DF17AE4E1E,2026-ncaa-d3-conf-MIAC,genius_ncaa,2,1,4,1,4,3,3,4,5,3,6,2,8,2,8,6,4,5,5,7,8,4,4,5,5,6,9,7,7,1,1,8,10,4,3,3,6,6,5,5,2,2,9,10,,,5,4,,9,4,5,11,1,3,2,2,1,4,6,2,4,5,7,2,1,1,9,1,4,9,2,9,,5,,10,4,4,6,5,8,7,6,9,7,6,7,7,2,3,2,3,4,4,6,8,7,5,4,9,2,8,10,4,1,4,3,2,1,3,3,2,5,6,10,11,,,10,12,,11,4,6,3,6,4,6,8,7,8,6,7,8,3,2,2,5,9,9,5,5,2,2,7,11,,10,,11,b'\x11\xe8\xe1I\xed\x8c\xa0\xb6\x9a\xbe\x12\xdf\x17\xaeN\x1e'
11E8E149-ED8C-A0B6-9ABE-12DF17AE4E1E,2026-ncaa-d3-natl,genius_ncaa,5,21,42,22,43,17,15,61,38,26,87,23,50,63,100,157,48,86,66,87,191,66,65,35,37,41,203,179,255,21,10,89,91,47,17,28,187,279,158,91,116,181,145,191,,,371,360,,400,24,99,349,25,38,38,118,66,194,94,121,116,193,196,125,166,46,208,111,54,173,219,222,,303,,380,37,277,247,250,188,229,245,183,286,285,250,236,334,337,244,338,312,265,290,204,228,194,310,241,314,180,91,155,10,156,17,204,126,82,129,104,257,137,134,70,,,104,267,,98,24,310,21,157,41,120,93,60,92,83,190,140,255,238,234,74,82,84,16,21,81,177,152,68,,244,,148,b'\x11\xe8\xe1I\xed\x8c\xa0\xb6\x9a\xbe\x12\xdf\x17\xaeN\x1e'
11E8E149-ED91-2064-9ABE-12DF17AE4E1E,2018-ncaa-d3-conf-PAC,ncaa,3,3,1,3,1,2,3,2,5,5,3,5,2,3,4,3,4,3,9,3,6,2,2,4,5,2,4,3,7,3,3,5,1,3,5,2,1,2,2,2,2,2,4,5,,,7,6,,,2,3,4,1,2,3,2,5,3,3,3,4,3,3,2,2,3,5,3,2,2,2,4,,5,,,2,2,3,2,3,5,6,5,1,3,1,3,4,6,3,6,7,3,8,3,2,2,4,2,8,1,1,10,3,5,5,3,3,1,2,2,2,2,8,5,,,4,7,,,2,8,2,2,2,2,3,1,4,4,1,3,3,4,4,2,5,1,6,5,3,1,2,8,,5,,,b'\x11\xe8\xe1I\xed\x91 d\x9a\xbe\x12\xdf\x17\xaeN\x1e'
11E8E149-ED91-2064-9ABE-12DF17AE4E1E,2018-ncaa-d3-natl,ncaa,80,138,17,120,29,27,29,27,118,48,47,122,54,59,100,178,67,54,211,50,195,23,41,100,116,59,203,164,287,38,99,124,121,63,149,10,26,125,18,8,22,26,126,143,,,392,331,,,48,48,242,221,64,74,79,104,145,109,131,147,139,134,80,181,86,346,207,20,30,40,187,,271,,,56,330,299,250,282,280,273,250,301,240,335,191,349,356,210,352,330,292,380,297,309,158,270,229,307,168,121,397,99,328,149,259,183,23,30,58,147,56,359,216,,,39,158,,,48,398,35,116,54,113,107,32,113,68,185,109,214,226,214,41,122,72,204,126,128,47,61,268,,148,,,b'\x11\xe8\xe1I\xed\x91 d\x9a\xbe\x12\xdf\x17\xaeN\x1e'
11E8E149-ED91-2064-9ABE-12DF17AE4E1E,2019-ncaa-d3-conf-PAC,ncaa,1,1,2,1,3,1,1,1,2,1,1,2,5,4,3,5,3,4,1,4,8,1,2,1,2,1,7,5,5,2,3,2,1,1,2,1,3,2,1,1,1,1,4,5,,,5,3,,,1,4,5,4,1,1,1,1,1,5,4,3,4,5,1,3,3,2,1,1,2,1,4,,4,,,1,1,1,3,1,2,6,1,3,2,8,3,3,6,1,5,4,4,6,1,1,1,7,7,6,3,1,6,3,6,2,1,2,2,2,1,2,2,4,1,,,6,7,,,1,7,1,1,1,1,1,2,2,4,3,2,2,5,5,2,4,2,4,4,1,2,2,4,,7,,,b'\x11\xe8\xe1I\xed\x91 d\x9a\xbe\x12\xdf\x17\xaeN\x1e'
11E8E149-ED91-2064-9ABE-12DF17AE4E1E,2019-ncaa-d3-natl,ncaa,24,29,42,31,58,36,34,25,86,28,49,58,111,80,233,213,65,126,32,134,299,29,55,100,84,43,305,268,283,103,224,70,102,68,181,29,110,64,7,5,17,19,270,297,,,282,144,,,38,49,153,286,40,31,46,32,97,161,137,124,213,221,59,155,181,131,141,34,21,21,325,,158,,,41,260,235,301,151,179,269,102,372,298,378,258,229,296,47,295,247,317,387,191,168,87,341,370,205,233,102,394,224,359,181,148,87,34,42,31,211,105,334,202,,,171,338,,,38,395,44,73,42,111,117,96,92,112,280,185,143,188,186,90,224,121,288,211,80,50,124,267,,304,,,b'\x11\xe8\xe1I\xed\x91 d\x9a\xbe\x12\xdf\x17\xaeN\x1e'
11E8E149-ED91-2064-9ABE-12DF17AE4E1E,2020-ncaa-d3-conf-PAC,ncaa,2,1,6,2,6,2,2,5,1,2,3,1,4,7,1,8,4,5,2,5,6,5,7,1,1,1,8,7,5,6,6,7,6,7,6,3,7,1,1,1,2,2,4,4,,,2,3,,,2,6,4,3,1,1,4,1,2,3,6,4,4,4,4,4,6,4,7,1,1,2,4,,3,,,2,2,3,2,4,3,4,3,2,1,6,3,3,3,3,3,3,2,3,3,3,3,4,5,5,4,6,2,6,2,6,2,4,2,2,2,1,1,5,3,,,6,6,,,2,3,1,3,2,3,4,3,4,5,3,2,4,5,5,3,6,5,5,6,2,2,1,5,,6,,,b'\x11\xe8\xe1I\xed\x91 d\x9a\xbe\x12\xdf\x17\xaeN\x1e'
11E8E149-ED91-2064-9ABE-12DF17AE4E1E,2020-ncaa-d3-natl,ncaa,79,63,126,79,150,42,28,75,17,18,56,17,176,217,132,303,126,174,80,162,313,80,139,30,29,15,365,325,334,281,308,213,145,243,253,98,330,49,16,28,23,18,249,257,,,182,133,,,34,86,109,185,16,6,54,6,48,193,243,133,205,193,59,155,320,264,299,89,37,22,264,,149,,,28,197,220,196,239,207,223,195,247,172,340,206,163,133,331,137,144,170,301,246,235,124,229,277,170,125,145,279,308,223,253,119,67,43,41,30,133,103,275,172,,,212,274,,,34,338,24,99,34,168,194,153,175,179,234,155,147,115,116,126,252,111,230,187,108,42,116,254,,239,,,b'\x11\xe8\xe1I\xed\x91 d\x9a\xbe\x12\xdf\x17\xaeN\x1e'
11E8E149-ED91-2064-9ABE-12DF17AE4E1E,2021-ncaa-d3-conf-PAC,ncaa,1,1,1,1,1,1,1,3,2,2,1,3,3,5,1,9,1,3,4,3,6,2,2,2,3,2,8,7,7,6,5,1,3,1,3,4,8,6,2,3,3,4,1,1,,,7,3,,,3,2,3,4,2,2,3,2,2,4,7,3,4,4,3,3,7,1,3,5,2,4,1,,3,,,3,6,4,7,2,4,7,2,8,10,6,9,6,6,7,6,5,8,9,2,2,3,10,9,5,7,3,4,5,7,3,3,1,3,4,3,6,2,4,2,,,2,5,,,3,9,2,3,3,4,3,5,2,3,8,7,4,5,5,5,6,4,3,4,3,4,5,3,,5,,,b'\x11\xe8\xe1I\xed\x91 d\x9a\xbe\x12\xdf\x17\xaeN\x1e'
11E8E149-ED91-2064-9ABE-12DF17AE4E1E,2021-ncaa-d3-natl,ncaa,18,1,81,1,88,57,50,67,25,44,59,39,81,103,39,206,82,90,114,91,206,69,78,28,29,32,213,168,216,80,67,60,81,62,45,73,225,186,104,97,49,43,28,19,,,161,43,,,24,77,37,47,16,11,31,13,24,85,155,109,114,120,36,38,100,17,34,76,142,31,20,,80,,,30,177,164,204,42,130,174,37,234,242,145,257,155,159,122,161,112,200,208,55,50,41,267,268,100,192,81,156,67,172,45,124,31,59,71,25,210,160,162,80,,,97,210,,,24,207,40,41,33,107,102,215,44,103,241,255,90,97,103,195,234,167,64,95,37,46,192,127,,142,,,b'\x11\xe8\xe1I\xed\x91 d\x9a\xbe\x12\xdf\x17\xaeN\x1e'
11E8E149-ED91-2064-9ABE-12DF17AE4E1E,2022-ncaa-d3-conf-PAC,ncaa,7,6,8,7,8,8,7,8,5,6,4,6,10,10,9,10,6,6,5,6,7,9,7,8,8,8,10,10,3,6,3,6,6,6,5,7,8,7,8,9,10,9,1,1,,,7,7,,,6,7,5,1,7,6,6,3,2,10,10,4,7,7,5,5,6,2,4,8,8,9,1,,7,,,7,4,4,4,3,4,5,2,4,5,4,4,6,6,4,6,7,4,4,3,3,5,7,5,8,5,6,3,3,3,5,3,4,9,7,6,8,9,5,5,,,8,5,,,6,4,8,5,8,6,6,6,6,6,5,6,7,6,6,6,6,6,4,6,5,7,8,7,,5,,,b'\x11\xe8\xe1I\xed\x91 d\x9a\xbe\x12\xdf\x17\xaeN\x1e'
11E8E149-ED91-2064-9ABE-12DF17AE4E1E,2022-ncaa-d3-natl,ncaa,275,257,300,279,320,322,284,295,271,201,164,280,399,383,406,388,265,262,232,262,306,288,280,329,326,335,403,412,131,196,144,184,223,181,145,307,306,291,330,339,379,391,45,32,,,142,170,,,287,295,133,152,304,254,189,120,53,404,384,200,177,171,189,101,132,34,55,286,346,381,20,,226,,,286,138,125,209,90,103,163,89,255,269,183,289,195,190,238,181,223,197,152,102,109,184,322,313,247,259,223,119,144,162,145,200,264,322,339,305,340,367,294,262,,,286,260,,,287,130,321,214,286,241,219,359,178,288,317,348,274,271,261,355,311,325,227,285,261,289,376,349,,192,,,b'\x11\xe8\xe1I\xed\x91 d\x9a\xbe\x12\xdf\x17\xaeN\x1e'
11E8E149-ED91-2064-9ABE-12DF17AE4E1E,2023-ncaa-d3-conf-PAC,ncaa,1,2,1,2,1,4,5,4,3,2,2,6,7,9,5,9,2,4,3,4,8,4,4,4,4,4,9,9,3,5,3,1,4,1,3,3,3,4,4,3,6,7,1,1,,,7,7,,,2,3,9,1,5,6,7,3,3,9,11,3,5,5,7,9,7,1,2,5,2,7,1,,5,,,2,2,1,9,1,1,4,1,7,9,3,9,9,8,10,8,8,9,9,1,1,1,11,11,11,6,4,7,3,6,3,1,1,7,7,2,3,3,1,1,,,2,3,,,2,9,4,1,2,1,1,4,1,2,3,8,5,5,5,4,3,5,3,3,1,9,3,1,,5,,,b'\x11\xe8\xe1I\xed\x91 d\x9a\xbe\x12\xdf\x17\xaeN\x1e'
11E8E149-ED91-2064-9ABE-12DF17AE4E1E,2023-ncaa-d3-natl,ncaa,37,21,109,24,156,159,141,128,155,90,61,214,309,339,156,375,162,193,103,198,349,139,166,203,196,163,360,358,196,128,143,11,120,25,56,83,81,140,104,75,192,233,25,13,,,168,123,,,49,194,272,264,174,145,154,83,56,330,369,179,235,242,161,233,138,5,9,82,110,222,21,,122,,,49,37,24,316,1,17,189,1,242,395,20,372,152,183,110,186,189,305,254,1,1,4,413,388,311,318,120,218,143,284,56,27,89,266,316,73,204,192,68,21,,,197,218,,,49,229,146,8,48,16,7,269,2,134,214,372,115,140,148,241,190,276,173,226,21,312,179,50,,241,,,b'\x11\xe8\xe1I\xed\x91 d\x9a\xbe\x12\xdf\x17\xaeN\x1e'
11E8E149-ED91-2064-9ABE-12DF17AE4E1E,2024-ncaa-d3-conf-PAC,ncaa,6,5,4,6,5,6,6,8,5,5,3,4,10,9,9,9,5,4,4,4,7,8,9,5,4,4,9,10,4,10,10,4,4,5,5,8,9,5,7,7,9,10,4,4,,,8,10,,,5,8,10,3,8,7,10,5,6,10,10,5,6,5,10,11,10,4,8,8,4,10,4,,8,,,4,3,2,4,2,2,3,2,7,10,4,11,8,9,8,8,9,5,4,3,3,4,11,10,9,5,4,5,10,5,5,3,4,7,7,5,5,8,1,1,,,4,2,,,5,4,7,4,5,2,2,4,1,3,7,8,7,7,7,4,3,5,4,5,3,9,5,2,,4,,,b'\x11\xe8\xe1I\xed\x91 d\x9a\xbe\x12\xdf\x17\xaeN\x1e'
11E8E149-ED91-2064-9ABE-12DF17AE4E1E,2024-ncaa-d3-natl,ncaa,203,206,200,213,209,226,186,212,174,128,119,176,337,330,309,351,258,263,206,258,342,222,265,216,215,206,382,358,261,235,257,62,115,115,144,239,327,125,152,189,335,342,78,53,,,174,216,,,171,270,279,54,236,181,180,94,83,345,344,245,269,264,195,253,236,13,63,240,130,341,61,,196,,,172,109,87,228,27,43,149,21,324,358,179,367,222,206,260,197,249,219,155,48,53,117,399,393,292,229,115,256,257,251,144,144,255,340,349,272,218,234,228,179,,,212,159,,,171,145,215,135,176,123,93,264,49,148,325,368,228,222,209,257,182,238,269,266,155,359,221,246,,200,,,b'\x11\xe8\xe1I\xed\x91 d\x9a\xbe\x12\xdf\x17\xaeN\x1e'
11E8E149-ED91-2064-9ABE-12DF17AE4E1E,2025-ncaa-d3-conf-PAC,genius_ncaa,5,5,3,5,4,6,7,5,5,3,2,7,9,10,6,10,4,3,3,3,7,5,8,6,5,5,10,10,2,9,8,2,2,3,3,5,4,3,3,4,7,7,1,2,,,5,7,,5,4,6,8,10,7,7,7,4,3,9,10,3,4,5,8,8,9,1,5,5,3,7,1,,5,,5,4,3,2,5,2,2,7,1,3,2,6,2,5,6,3,6,6,5,6,2,2,3,7,7,7,3,2,6,8,5,3,1,1,6,6,2,6,6,2,2,,,4,4,,2,4,5,5,3,4,3,3,5,3,5,3,1,4,6,6,5,4,2,6,6,1,5,5,2,,6,,2,b'\x11\xe8\xe1I\xed\x91 d\x9a\xbe\x12\xdf\x17\xaeN\x1e'
11E8E149-ED91-2064-9ABE-12DF17AE4E1E,2025-ncaa-d3-natl,genius_ncaa,194,215,116,207,186,138,111,95,163,86,68,176,230,237,209,293,213,226,162,229,355,115,145,189,200,148,346,294,308,238,348,11,76,57,197,117,203,81,58,79,204,251,54,81,,,87,42,,73,125,116,135,389,138,94,75,65,57,246,258,236,259,267,95,163,282,6,41,113,71,231,55,,41,,72,132,195,216,359,52,134,345,18,353,284,369,203,110,133,68,139,86,336,299,74,55,114,319,378,105,251,76,391,348,368,197,100,54,231,309,161,171,148,107,48,,,277,347,,138,125,294,178,116,138,158,172,321,110,320,319,256,80,108,114,289,265,222,370,331,86,281,156,93,,335,,163,b'\x11\xe8\xe1I\xed\x91 d\x9a\xbe\x12\xdf\x17\xaeN\x1e'
11E8E149-ED91-2064-9ABE-12DF17AE4E1E,2026-ncaa-d3-conf-PAC,genius_ncaa,1,1,1,1,3,5,7,9,5,5,7,5,7,10,4,11,3,4,1,5,5,10,11,5,5,5,8,9,4,7,5,11,7,11,7,9,11,6,6,9,7,7,10,9,,,11,12,,11,6,12,12,3,5,7,9,5,7,7,10,3,4,5,10,11,7,11,11,9,6,7,10,,11,,11,6,6,3,1,6,3,1,10,9,9,6,10,11,11,11,11,12,4,2,8,10,9,12,7,12,4,7,3,5,1,7,3,7,6,4,3,1,2,7,7,,,4,3,,2,6,3,4,10,5,6,3,1,3,1,9,9,11,11,11,4,2,4,3,1,3,6,1,7,,4,,2,b'\x11\xe8\xe1I\xed\x91 d\x9a\xbe\x12\xdf\x17\xaeN\x1e'
11E8E149-ED91-2064-9ABE-12DF17AE4E1E,2026-ncaa-d3-natl,genius_ncaa,54,132,42,116,64,70,90,108,158,107,128,152,99,101,167,177,42,68,60,63,116,93,94,150,126,139,136,186,119,81,109,126,165,105,139,114,257,289,201,208,63,89,68,90,,,387,400,,370,147,105,302,113,163,199,265,209,275,163,188,91,167,158,244,259,163,276,245,225,179,122,118,,364,,331,166,302,237,243,192,269,272,204,142,187,110,76,406,398,387,401,387,287,293,153,265,237,286,57,410,234,165,255,109,259,139,164,76,96,161,85,270,190,276,244,,,104,219,,201,147,309,130,218,163,163,78,43,133,105,48,49,397,379,381,104,96,127,97,91,52,203,170,220,,244,,259,b'\x11\xe8\xe1I\xed\x91 d\x9a\xbe\x12\xdf\x17\xaeN\x1e'
11E8E149-ED95-A148-9ABE-12DF17AE4E1E,2018-ncaa-d3-conf-USA South,ncaa,12,10,14,12,15,9,10,11,7,9,7,11,11,14,6,14,8,7,5,7,5,11,13,7,6,6,8,11,3,13,16,10,11,13,15,13,11,1,6,9,12,13,15,17,,,6,2,,,11,14,5,18,5,7,6,6,5,9,11,4,4,4,6,6,13,2,7,10,7,12,15,,7,,,11,9,14,12,9,14,16,3,10,5,15,7,1,3,2,4,2,11,9,8,3,9,3,9,2,11,11,9,16,8,15,15,13,15,16,15,7,8,9,9,,,11,7,,,11,9,8,10,11,14,15,16,15,17,12,12,2,4,5,15,17,12,13,14,16,14,10,12,,7,,,b'\x11\xe8\xe1I\xed\x95\xa1H\x9a\xbe\x12\xdf\x17\xaeN\x1e'
11E8E149-ED95-A148-9ABE-12DF17AE4E1E,2018-ncaa-d3-natl,ncaa,262,279,197,275,264,125,143,109,221,133,94,247,204,223,165,311,79,53,272,50,132,88,114,224,214,169,242,274,127,276,363,181,341,232,366,237,381,129,68,197,132,193,336,391,,,135,35,,,240,83,18,303,72,89,46,89,57,197,212,46,32,31,39,58,285,127,211,238,135,121,350,,134,,,240,382,417,421,257,414,427,215,257,232,282,89,133,183,59,192,56,413,381,243,177,225,52,152,62,389,341,388,363,399,366,380,189,164,282,294,191,131,259,166,,,133,206,,,240,370,216,247,233,382,404,425,408,431,254,235,141,181,199,425,423,375,387,390,357,162,200,279,,83,,,b'\x11\xe8\xe1I\xed\x95\xa1H\x9a\xbe\x12\xdf\x17\xaeN\x1e'
11E8E149-ED95-A148-9ABE-12DF17AE4E1E,2019-ncaa-d3-conf-USA South,ncaa,17,16,18,17,18,15,15,12,17,15,10,17,17,12,17,14,9,8,13,7,9,12,13,17,17,16,10,16,4,11,14,15,17,14,17,17,18,3,5,16,14,14,14,16,,,7,9,,,17,12,2,9,12,13,4,10,2,15,9,4,3,3,3,4,6,11,8,17,9,12,14,,15,,,17,14,13,11,15,11,8,12,17,11,17,13,7,7,17,7,7,10,8,15,16,17,14,16,5,17,17,15,14,17,17,15,14,15,13,16,3,5,9,10,,,7,4,,,17,7,16,17,17,17,17,17,15,14,17,16,13,11,11,17,18,17,17,17,17,7,8,14,,3,,,b'\x11\xe8\xe1I\xed\x95\xa1H\x9a\xbe\x12\xdf\x17\xaeN\x1e'
11E8E149-ED95-A148-9ABE-12DF17AE4E1E,2019-ncaa-d3-natl,ncaa,424,412,390,430,406,370,380,274,416,316,164,405,418,350,434,360,202,113,382,115,141,244,290,424,420,400,325,402,22,235,332,350,423,323,414,434,443,96,123,428,301,323,323,354,,,178,166,,,403,302,9,430,301,327,29,210,19,404,284,67,12,12,17,23,95,166,98,435,248,219,296,,366,,,406,294,294,279,256,255,286,193,326,247,388,209,239,218,296,212,182,268,230,274,275,299,261,291,189,420,423,385,332,405,414,276,204,271,297,302,126,163,170,149,,,136,49,,,403,143,394,374,400,427,414,434,388,417,412,380,369,360,360,435,437,433,438,440,381,130,260,289,,5,,,b'\x11\xe8\xe1I\xed\x95\xa1H\x9a\xbe\x12\xdf\x17\xaeN\x1e'
11E8E149-ED95-A148-9ABE-12DF17AE4E1E,2020-ncaa-d3-conf-USA South,ncaa,18,18,16,18,17,17,17,17,17,16,13,18,18,18,18,14,16,15,17,15,17,17,14,18,18,17,16,14,11,15,16,16,17,16,17,17,15,17,17,17,15,15,12,13,,,4,4,,,18,15,2,11,17,17,16,15,10,18,18,16,14,14,16,7,14,9,12,17,17,14,11,,9,,,18,15,17,14,17,16,13,17,8,8,11,6,9,7,12,7,6,14,10,16,16,18,5,6,7,16,17,6,16,11,17,16,13,12,13,15,17,17,15,16,,,12,10,,,18,5,17,17,17,17,18,18,18,18,13,13,11,12,12,18,17,17,14,17,16,8,17,17,,10,,,b'\x11\xe8\xe1I\xed\x95\xa1H\x9a\xbe\x12\xdf\x17\xaeN\x1e'
11E8E149-ED95-A148-9ABE-12DF17AE4E1E,2020-ncaa-d3-natl,ncaa,431,368,424,431,427,430,426,426,408,408,388,409,425,417,406,372,428,421,431,420,358,427,416,418,424,426,372,351,282,389,354,415,405,413,384,424,314,330,428,424,364,300,359,344,,,18,53,,,414,415,22,303,419,398,278,354,117,406,372,413,317,309,299,62,228,130,189,400,432,193,271,,182,,,424,61,128,42,359,203,99,354,62,39,245,128,29,34,65,36,78,33,30,330,285,303,30,127,48,273,405,54,354,114,384,178,225,368,256,325,392,431,310,406,,,423,366,,,414,28,426,344,419,411,418,427,421,427,298,308,186,242,250,425,428,427,407,424,390,114,434,428,,274,,,b'\x11\xe8\xe1I\xed\x95\xa1H\x9a\xbe\x12\xdf\x17\xaeN\x1e'
11E8E149-ED95-A148-9ABE-12DF17AE4E1E,2022-ncaa-d3-conf-USA South,ncaa,15,16,11,15,13,14,13,14,11,11,10,9,13,14,14,14,10,10,4,9,9,13,11,11,11,14,16,15,5,12,10,15,18,15,15,11,11,18,16,12,8,11,9,9,,,16,15,,,17,11,5,5,12,11,11,9,9,14,14,8,8,8,10,4,11,17,16,10,17,6,10,,17,,,17,16,17,11,17,16,11,16,15,11,16,8,18,18,8,18,17,13,11,17,17,17,14,9,11,17,18,9,10,11,15,19,16,12,12,16,17,14,15,16,,,10,9,,,17,9,14,17,17,18,16,17,15,15,16,14,19,19,19,18,18,18,11,15,18,7,15,17,,7,,,b'\x11\xe8\xe1I\xed\x95\xa1H\x9a\xbe\x12\xdf\x17\xaeN\x1e'
11E8E149-ED95-A148-9ABE-12DF17AE4E1E,2022-ncaa-d3-natl,ncaa,364,341,345,371,352,294,302,335,251,245,254,221,369,351,367,337,145,107,285,103,75,312,259,278,264,328,296,372,34,248,198,359,414,330,354,329,339,381,384,378,181,200,280,311,,,381,393,,,374,256,18,118,203,213,184,140,112,349,312,43,20,19,114,22,146,302,226,288,410,97,265,,426,,,374,345,318,170,375,351,233,364,151,112,310,67,392,415,65,414,401,241,229,360,366,342,175,66,361,387,414,112,198,247,354,353,298,186,209,294,333,349,240,270,,,144,80,,,374,175,325,379,368,416,393,384,403,398,251,207,423,428,428,411,418,413,290,380,388,68,388,335,,15,,,b'\x11\xe8\xe1I\xed\x95\xa1H\x9a\xbe\x12\xdf\x17\xaeN\x1e'
11E8E149-ED95-A148-9ABE-12DF17AE4E1E,2023-ncaa-d3-conf-USA South,ncaa,8,10,5,9,5,6,6,7,5,7,7,5,7,7,8,7,5,3,8,3,1,6,5,5,5,7,6,7,3,7,7,7,7,7,7,7,10,10,9,10,7,8,8,8,,,6,6,,,10,5,2,3,6,6,8,7,4,8,8,3,1,2,8,4,7,9,8,8,9,7,8,,7,,,8,9,9,8,9,9,7,9,9,8,8,6,5,4,10,5,3,8,8,9,9,10,2,4,2,8,7,7,7,7,7,10,9,6,8,9,10,9,7,7,,,4,3,,,10,6,7,9,8,10,10,9,10,10,7,7,5,3,4,10,10,7,8,8,10,5,9,6,,2,,,b'\x11\xe8\xe1I\xed\x95\xa1H\x9a\xbe\x12\xdf\x17\xaeN\x1e'
11E8E149-ED95-A148-9ABE-12DF17AE4E1E,2023-ncaa-d3-natl,ncaa,381,385,333,387,358,291,301,340,233,213,214,217,386,379,380,376,133,41,388,46,45,291,233,288,281,332,338,396,35,286,278,399,414,376,398,387,424,391,384,404,223,273,333,380,,,289,236,,,391,199,16,236,242,252,257,142,108,383,368,55,9,11,160,50,231,418,374,393,404,167,314,,379,,,385,408,413,287,425,418,379,422,114,80,276,48,290,276,311,275,149,292,289,417,420,402,20,26,137,389,414,178,278,310,398,407,343,144,188,363,387,377,122,128,,,105,51,,,391,237,338,409,380,420,419,393,420,414,183,137,361,346,345,400,415,395,311,375,414,82,395,166,,12,,,b'\x11\xe8\xe1I\xed\x95\xa1H\x9a\xbe\x12\xdf\x17\xaeN\x1e'
11E8E149-ED95-A148-9ABE-12DF17AE4E1E,2024-ncaa-d3-conf-USA South,ncaa,9,9,9,9,10,6,8,9,6,6,6,7,8,8,7,8,2,3,1,3,3,8,7,7,6,7,6,10,1,8,7,9,9,10,8,5,5,7,8,8,5,5,9,8,,,8,7,,,9,6,2,7,6,6,7,5,5,8,8,1,1,1,5,4,7,7,8,5,9,3,9,,10,,,9,9,9,7,10,9,8,10,4,2,4,1,5,9,2,9,5,6,7,10,9,9,2,2,5,9,9,8,7,8,8,8,7,8,6,7,9,9,8,8,,,4,2,,,9,5,7,9,9,9,9,8,9,9,5,7,8,10,10,8,9,9,8,8,8,3,10,9,,2,,,b'\x11\xe8\xe1I\xed\x95\xa1H\x9a\xbe\x12\xdf\x17\xaeN\x1e'
11E8E149-ED95-A148-9ABE-12DF17AE4E1E,2024-ncaa-d3-natl,ncaa,318,275,375,320,390,316,325,350,292,244,167,335,409,413,336,420,85,79,188,81,111,319,296,345,302,338,341,417,16,312,307,379,393,359,382,349,343,328,347,366,113,98,382,392,,,229,255,,,346,282,17,383,235,260,173,132,36,400,413,15,10,10,108,32,224,310,276,309,381,48,371,,382,,,353,259,309,125,398,367,264,396,30,37,107,24,202,292,18,280,253,148,178,370,348,300,19,12,162,325,393,196,307,258,382,253,170,136,113,188,348,359,129,100,,,212,118,,,346,148,344,327,346,388,394,365,410,397,76,91,327,391,389,383,406,386,376,388,348,37,385,221,,36,,,b'\x11\xe8\xe1I\xed\x95\xa1H\x9a\xbe\x12\xdf\x17\xaeN\x1e'
11E8E149-ED95-A148-9ABE-12DF17AE4E1E,2025-ncaa-d3-conf-USA South,genius_ncaa,9,9,9,9,9,8,9,9,7,8,7,9,8,9,5,9,6,6,4,6,3,9,9,8,7,7,5,7,2,8,7,7,9,9,7,9,9,7,8,9,7,6,6,7,,,1,1,,3,7,9,4,3,7,8,9,7,3,7,9,4,3,3,8,7,7,7,7,9,7,6,5,,1,,4,7,7,8,5,7,8,3,7,9,6,8,9,1,1,3,1,1,5,2,8,7,8,4,9,2,7,9,3,7,7,7,7,6,8,7,7,7,7,3,7,,,7,3,,3,7,1,8,8,7,8,8,9,8,8,9,9,1,2,2,8,9,7,7,7,8,6,7,6,,3,,3,b'\x11\xe8\xe1I\xed\x95\xa1H\x9a\xbe\x12\xdf\x17\xaeN\x1e'
11E8E149-ED95-A148-9ABE-12DF17AE4E1E,2025-ncaa-d3-natl,genius_ncaa,403,356,397,405,401,405,407,409,392,397,347,403,408,412,382,401,341,352,273,348,236,406,402,401,398,398,339,396,14,377,354,397,405,399,387,412,407,291,395,409,363,315,348,326,,,14,16,,122,380,401,106,258,400,397,378,350,127,404,403,216,182,178,363,156,310,279,313,409,394,247,289,,51,,230,389,46,104,57,271,118,65,308,137,151,157,294,21,33,85,29,71,42,28,271,219,252,103,248,53,321,405,47,354,140,387,124,181,363,290,292,303,390,92,197,,,384,236,,190,380,19,398,337,391,351,373,391,370,361,323,361,111,137,127,382,364,403,343,386,316,186,387,250,,223,,96,b'\x11\xe8\xe1I\xed\x95\xa1H\x9a\xbe\x12\xdf\x17\xaeN\x1e'
11E8E149-ED95-A148-9ABE-12DF17AE4E1E,2026-ncaa-d3-conf-USA South,genius_ncaa,7,5,8,7,8,10,10,10,8,10,9,8,8,10,5,7,10,10,1,10,7,10,10,7,6,6,4,7,2,9,3,10,10,10,5,10,6,2,9,8,10,5,9,8,,,3,9,,1,7,10,10,1,6,9,10,9,7,7,7,3,7,6,9,8,5,10,10,8,8,6,8,,8,,1,10,3,2,1,9,2,1,9,6,3,10,7,3,3,10,3,9,1,1,10,10,10,9,8,8,1,10,1,3,1,5,4,9,9,7,9,2,8,1,1,,,10,3,,4,7,1,6,10,10,9,8,1,5,1,9,7,9,9,9,2,1,1,1,1,9,8,6,1,,4,,2,b'\x11\xe8\xe1I\xed\x95\xa1H\x9a\xbe\x12\xdf\x17\xaeN\x1e'
11E8E149-ED95-A148-9ABE-12DF17AE4E1E,2026-ncaa-d3-natl,genius_ncaa,288,68,400,194,401,400,404,401,338,394,394,322,414,408,414,403,305,305,250,302,33,400,400,381,342,353,332,415,6,395,177,408,409,402,370,406,388,51,350,393,327,72,402,405,,,20,131,,20,258,400,33,113,289,341,266,179,64,413,403,11,7,7,127,39,200,387,348,390,381,36,399,,266,,45,295,12,13,19,88,16,27,33,24,15,320,73,30,35,127,32,224,19,19,88,87,89,276,221,286,95,409,13,177,22,370,18,173,382,156,116,59,303,20,69,,,374,22,,291,258,17,361,172,306,266,231,356,212,379,251,174,310,347,345,371,386,398,160,341,216,64,335,107,,6,,179,b'\x11\xe8\xe1I\xed\x95\xa1H\x9a\xbe\x12\xdf\x17\xaeN\x1e'
11E8E149-ED9A-05B2-9ABE-12DF17AE4E1E,2018-ncaa-d3-conf-MASCAC,ncaa,5,5,5,5,5,6,7,6,6,5,4,7,7,6,7,6,2,1,3,1,1,6,5,7,7,6,4,6,1,5,6,4,5,5,5,5,2,5,5,6,4,4,2,1,,,4,5,,,5,5,3,2,7,7,5,6,2,6,6,2,1,1,4,3,4,4,3,6,6,4,2,,5,,,5,2,2,3,1,2,3,2,2,4,2,3,3,4,3,4,4,3,4,1,1,1,5,3,5,6,5,6,6,5,5,1,1,3,3,2,4,5,3,3,,,3,3,,,5,3,7,2,5,3,3,5,3,4,3,4,4,4,4,5,4,6,6,6,1,2,5,4,,2,,,b'\x11\xe8\xe1I\xed\x9a\x05\xb2\x9a\xbe\x12\xdf\x17\xaeN\x1e'
11E8E149-ED9A-05B2-9ABE-12DF17AE4E1E,2018-ncaa-d3-natl,ncaa,280,327,123,305,127,261,258,146,359,196,112,328,353,256,413,305,158,148,213,147,255,141,90,376,368,366,317,368,87,108,176,207,414,153,350,242,220,400,352,346,97,144,17,25,,,356,241,,,327,95,110,30,316,313,160,236,115,377,285,168,158,158,143,78,112,247,173,282,383,103,13,,342,,,317,335,339,378,182,336,385,132,288,254,297,146,280,302,162,300,166,384,390,182,166,144,200,213,213,431,414,349,176,418,350,287,162,75,126,131,381,322,167,112,,,152,281,,,327,344,361,214,322,275,297,353,290,358,248,205,248,269,267,357,393,414,315,383,245,71,352,141,,174,,,b'\x11\xe8\xe1I\xed\x9a\x05\xb2\x9a\xbe\x12\xdf\x17\xaeN\x1e'
11E8E149-ED9A-05B2-9ABE-12DF17AE4E1E,2019-ncaa-d3-conf-MASCAC,ncaa,5,5,5,5,6,6,6,6,5,5,6,5,5,5,6,4,1,1,4,1,1,6,6,6,6,6,4,4,1,6,6,3,4,6,4,6,6,6,7,6,5,4,2,2,,,1,1,,,5,6,4,3,6,6,7,5,5,5,4,1,1,1,7,6,7,3,6,6,5,5,2,,3,,,5,1,1,3,2,1,3,2,5,3,7,3,2,3,2,3,2,3,2,3,3,3,6,7,2,5,4,3,6,4,4,4,5,4,4,5,6,6,6,6,,,3,1,,,5,2,6,5,5,4,3,5,2,4,5,3,3,3,3,5,4,5,4,4,3,4,6,6,,1,,,b'\x11\xe8\xe1I\xed\x9a\x05\xb2\x9a\xbe\x12\xdf\x17\xaeN\x1e'
11E8E149-ED9A-05B2-9ABE-12DF17AE4E1E,2019-ncaa-d3-natl,ncaa,356,382,215,371,281,328,324,248,379,240,123,380,397,361,408,376,190,168,278,168,241,224,173,399,382,391,339,391,56,150,220,194,371,180,316,356,346,360,341,390,270,311,41,61,,,136,86,,,356,182,126,295,362,357,205,244,87,407,371,170,136,140,174,105,129,150,115,380,367,279,30,,155,,,354,242,313,336,189,266,378,73,350,156,438,114,85,94,109,94,51,311,297,215,162,186,210,337,63,412,371,338,220,382,316,351,340,183,220,291,394,386,435,413,,,196,227,,,356,233,380,237,357,276,315,380,278,399,345,171,90,106,105,352,355,401,353,385,345,164,396,437,,155,,,b'\x11\xe8\xe1I\xed\x9a\x05\xb2\x9a\xbe\x12\xdf\x17\xaeN\x1e'
11E8E149-ED9A-05B2-9ABE-12DF17AE4E1E,2020-ncaa-d3-conf-MASCAC,ncaa,5,5,4,5,6,5,5,5,5,5,3,6,7,7,5,7,1,1,2,1,2,5,5,6,6,6,5,7,1,5,5,6,7,5,6,6,7,7,6,6,3,3,6,6,,,4,5,,,5,5,3,6,5,5,5,5,3,7,7,1,1,1,5,4,4,6,6,7,6,3,6,,6,,,5,5,4,4,4,4,3,6,4,5,2,4,4,6,3,6,7,4,3,4,4,5,4,4,5,7,7,4,5,6,6,4,5,4,4,5,6,6,5,3,,,3,2,,,5,3,6,5,5,6,5,5,5,3,5,6,5,6,6,5,6,7,5,5,5,3,6,5,,1,,,b'\x11\xe8\xe1I\xed\x9a\x05\xb2\x9a\xbe\x12\xdf\x17\xaeN\x1e'
11E8E149-ED9A-05B2-9ABE-12DF17AE4E1E,2020-ncaa-d3-natl,ncaa,344,368,198,357,272,296,338,251,383,284,117,400,391,378,366,396,48,37,212,32,75,198,116,400,365,373,234,390,2,179,258,260,415,229,376,355,349,404,366,403,192,276,226,260,,,303,176,,,372,104,49,285,316,363,230,296,85,394,378,26,19,18,149,60,151,261,215,381,399,178,235,,334,,,368,395,385,371,289,373,334,310,325,360,208,276,305,301,298,306,218,382,387,285,280,275,192,239,198,432,415,376,258,421,376,384,303,119,200,276,348,314,432,418,,,137,188,,,372,322,375,324,368,383,374,388,369,360,327,356,316,313,316,398,417,423,372,412,370,90,355,435,,93,,,b'\x11\xe8\xe1I\xed\x9a\x05\xb2\x9a\xbe\x12\xdf\x17\xaeN\x1e'
11E8E149-ED9A-05B2-9ABE-12DF17AE4E1E,2022-ncaa-d3-conf-MASCAC,ncaa,5,5,5,5,6,5,5,4,5,5,3,5,6,6,5,6,5,4,5,4,6,5,5,5,5,5,6,6,4,4,5,4,5,5,5,5,7,5,5,5,6,6,6,6,,,2,2,,,5,6,3,5,5,5,2,5,2,6,5,5,4,4,3,2,2,3,3,5,6,6,6,,3,,,5,5,5,5,4,5,4,5,4,5,3,6,2,2,3,2,2,5,4,4,4,5,2,3,2,5,5,5,5,4,5,5,6,6,6,6,5,5,6,5,,,7,7,,,5,2,5,5,5,5,5,6,5,5,4,6,2,2,3,6,5,5,5,5,6,6,5,7,,7,,,b'\x11\xe8\xe1I\xed\x9a\x05\xb2\x9a\xbe\x12\xdf\x17\xaeN\x1e'
11E8E149-ED9A-05B2-9ABE-12DF17AE4E1E,2022-ncaa-d3-natl,ncaa,302,365,107,338,162,145,116,37,310,59,13,296,340,236,405,363,173,118,317,107,344,35,26,343,351,334,401,390,222,33,169,90,370,59,305,110,141,384,239,233,119,237,320,385,,,211,40,,,362,28,11,290,170,134,15,55,13,365,284,196,137,129,15,7,27,95,37,114,340,136,348,,152,,,342,421,424,425,350,424,420,391,287,391,43,234,167,179,151,181,28,422,416,318,278,284,12,99,26,418,370,412,169,417,305,426,400,92,269,387,373,245,324,157,,,236,406,,,362,405,312,327,337,400,412,420,415,412,253,371,126,133,138,415,416,396,400,407,421,115,326,302,,316,,,b'\x11\xe8\xe1I\xed\x9a\x05\xb2\x9a\xbe\x12\xdf\x17\xaeN\x1e'
11E8E149-ED9A-05B2-9ABE-12DF17AE4E1E,2023-ncaa-d3-conf-MASCAC,ncaa,5,4,4,5,4,5,5,4,3,4,2,4,7,7,4,7,5,3,7,3,7,4,4,3,4,5,7,7,6,4,5,7,6,5,6,5,7,3,5,5,4,4,3,3,,,5,5,,,5,4,2,5,5,5,4,2,1,7,7,5,2,2,4,3,4,6,6,6,3,4,3,,5,,,5,6,6,6,6,4,4,5,6,6,6,6,2,1,4,1,2,5,6,6,6,5,5,5,2,6,6,6,5,6,6,6,5,4,4,5,4,5,5,4,,,5,6,,,5,4,5,5,5,5,5,5,5,5,6,6,2,1,1,5,6,6,5,7,6,3,5,5,,5,,,b'\x11\xe8\xe1I\xed\x9a\x05\xb2\x9a\xbe\x12\xdf\x17\xaeN\x1e'
11E8E149-ED9A-05B2-9ABE-12DF17AE4E1E,2023-ncaa-d3-natl,ncaa,228,269,109,252,162,132,85,48,221,31,7,260,390,388,372,418,166,66,387,59,352,39,21,308,327,323,422,416,242,22,54,140,399,56,265,146,303,409,295,303,56,137,83,138,,,303,104,,,314,26,8,288,127,71,20,16,5,406,402,182,63,62,21,6,17,178,33,164,379,67,96,,283,,,308,420,421,416,323,403,391,327,416,414,315,335,135,159,128,153,61,409,416,334,296,233,174,332,38,419,399,366,54,412,265,424,415,43,121,331,356,224,310,87,,,157,379,,,314,402,286,307,305,390,397,405,377,372,396,399,100,114,111,394,422,405,329,387,416,42,324,296,,172,,,b'\x11\xe8\xe1I\xed\x9a\x05\xb2\x9a\xbe\x12\xdf\x17\xaeN\x1e'
11E8E149-ED9A-05B2-9ABE-12DF17AE4E1E,2024-ncaa-d3-conf-MASCAC,ncaa,4,4,4,4,4,4,5,2,5,5,3,5,5,5,4,6,3,5,2,5,4,2,4,5,5,4,6,6,3,5,5,4,6,6,5,5,7,3,3,4,4,5,2,4,,,5,5,,,5,4,3,1,4,5,2,3,2,5,4,2,4,4,2,4,4,4,4,5,4,4,2,,7,,,5,6,6,6,3,6,7,3,6,5,6,3,5,5,4,5,5,6,5,3,3,4,6,5,4,7,6,6,5,6,5,7,6,4,5,5,4,4,4,4,,,5,6,,,5,4,4,5,5,6,5,6,5,7,6,5,5,5,5,6,5,7,6,7,7,4,4,5,,4,,,b'\x11\xe8\xe1I\xed\x9a\x05\xb2\x9a\xbe\x12\xdf\x17\xaeN\x1e'
11E8E149-ED9A-05B2-9ABE-12DF17AE4E1E,2024-ncaa-d3-natl,ncaa,203,232,112,223,140,106,98,37,236,38,8,262,359,330,384,397,40,41,123,42,306,35,24,315,286,262,397,410,90,29,119,78,384,44,286,163,336,352,201,260,65,161,105,196,,,328,120,,,290,28,10,133,74,76,12,21,5,375,361,36,35,40,10,7,22,55,19,182,320,69,111,,314,,,284,418,410,419,285,406,411,289,388,396,270,228,311,311,257,306,128,421,415,283,273,276,164,228,119,420,384,412,119,418,286,414,355,78,236,324,329,184,381,163,,,53,256,,,290,396,239,333,282,401,392,406,387,398,373,378,302,291,282,408,419,409,400,412,398,81,299,365,,43,,,b'\x11\xe8\xe1I\xed\x9a\x05\xb2\x9a\xbe\x12\xdf\x17\xaeN\x1e'
11E8E149-ED9A-05B2-9ABE-12DF17AE4E1E,2025-ncaa-d3-conf-MASCAC,genius_ncaa,2,2,1,2,3,3,2,3,2,1,2,3,4,4,1,5,4,4,1,4,5,3,2,3,3,3,5,4,5,1,1,1,3,1,1,4,6,5,3,4,3,3,2,2,,,4,4,,1,2,2,3,4,3,2,3,2,3,4,5,4,5,5,4,3,1,1,1,4,4,3,3,,4,,1,2,3,2,5,1,1,2,1,5,6,1,6,5,4,6,4,4,5,4,1,2,3,6,6,4,4,3,3,1,3,1,3,5,3,3,4,2,3,2,2,,,5,5,,1,2,5,3,3,2,2,2,5,1,2,5,6,4,2,3,5,4,4,3,3,3,4,2,2,,5,,1,b'\x11\xe8\xe1I\xed\x9a\x05\xb2\x9a\xbe\x12\xdf\x17\xaeN\x1e'
11E8E149-ED9A-05B2-9ABE-12DF17AE4E1E,2025-ncaa-d3-natl,genius_ncaa,173,215,55,202,73,71,49,22,185,18,4,248,310,327,250,393,79,74,189,77,361,20,16,253,255,249,393,388,211,11,36,6,163,5,52,108,330,363,192,235,119,237,107,145,,,389,261,,21,177,20,35,178,66,42,15,15,2,356,366,109,100,108,18,13,16,3,3,141,306,156,121,,368,,15,178,390,352,408,60,303,383,76,370,410,102,305,391,383,314,381,271,410,399,66,81,155,343,274,317,377,163,373,36,386,52,390,385,132,308,323,332,175,341,111,,,67,296,,392,177,395,193,170,186,317,264,386,221,333,312,371,367,347,342,389,380,329,302,323,344,189,268,304,,106,,398,b'\x11\xe8\xe1I\xed\x9a\x05\xb2\x9a\xbe\x12\xdf\x17\xaeN\x1e'
11E8E149-ED9A-05B2-9ABE-12DF17AE4E1E,2026-ncaa-d3-natl,genius_ncaa,225,268,116,265,122,207,200,117,337,135,40,353,347,313,349,391,94,72,276,77,241,105,82,363,357,351,344,385,74,31,69,82,233,59,131,327,396,357,314,378,49,88,88,82,,,353,279,,20,300,110,49,50,269,260,77,146,17,370,369,106,72,74,59,30,25,56,20,371,362,55,109,,362,,20,293,292,231,286,100,124,187,53,399,379,342,380,348,362,214,365,371,307,323,169,197,143,412,397,319,334,233,290,69,312,131,330,379,58,99,188,367,332,394,322,,,82,173,,363,300,323,323,165,277,282,182,291,51,105,400,388,348,355,364,323,376,317,296,311,320,50,370,389,,60,,377,b'\x11\xe8\xe1I\xed\x9a\x05\xb2\x9a\xbe\x12\xdf\x17\xaeN\x1e'
11E8E149-ED9E-6968-9ABE-12DF17AE4E1E,2018-ncaa-d3-conf-C2C,ncaa,5,5,5,5,5,7,5,4,5,5,3,6,10,9,8,9,10,10,7,10,10,5,4,8,8,7,10,8,10,2,3,4,2,3,3,4,3,6,6,4,4,3,7,5,,,2,2,,,4,6,8,4,8,5,4,4,3,10,9,10,10,10,6,6,2,4,2,5,5,3,5,,2,,,4,2,3,4,2,3,5,1,2,4,4,5,2,2,7,2,1,3,3,3,3,3,6,7,4,4,2,4,3,4,3,1,1,3,3,3,6,5,7,5,,,8,9,,,4,4,5,3,5,3,3,3,4,4,3,3,2,2,2,3,3,3,4,4,2,4,7,7,,9,,,b'\x11\xe8\xe1I\xed\x9eih\x9a\xbe\x12\xdf\x17\xaeN\x1e'
11E8E149-ED9E-6968-9ABE-12DF17AE4E1E,2018-ncaa-d3-conf-CAC,ncaa,5,5,5,5,5,7,5,4,5,5,3,6,10,9,8,9,10,10,7,10,10,5,4,8,8,7,10,8,10,2,3,4,2,3,3,4,3,6,6,4,4,3,7,5,,,2,2,,,4,6,8,4,8,5,4,4,3,10,9,10,10,10,6,6,2,4,2,5,5,3,5,,2,,,4,2,3,4,2,3,5,1,2,4,4,5,2,2,7,2,1,3,3,3,3,3,6,7,4,4,2,4,3,4,3,1,1,3,3,3,6,5,7,5,,,8,9,,,4,4,5,3,5,3,3,3,4,4,3,3,2,2,2,3,3,3,4,4,2,4,7,7,,9,,,b'\x11\xe8\xe1I\xed\x9eih\x9a\xbe\x12\xdf\x17\xaeN\x1e'
11E8E149-ED9E-6968-9ABE-12DF17AE4E1E,2018-ncaa-d3-natl,ncaa,151,172,123,165,148,227,152,150,165,80,49,199,389,387,311,406,341,331,320,334,427,176,143,233,270,291,436,402,391,79,48,174,213,121,89,109,98,331,290,191,75,63,119,121,,,203,192,,,126,197,283,155,263,150,171,60,46,401,412,384,378,378,216,182,75,211,106,101,292,69,134,,157,,,126,57,61,145,40,97,220,38,85,126,98,132,144,186,66,180,190,138,252,38,30,21,189,160,276,263,213,126,48,160,89,46,77,82,63,28,323,295,211,96,,,300,383,,,126,242,256,30,130,39,37,86,80,176,66,95,117,143,137,85,180,219,87,122,33,79,298,190,,368,,,b'\x11\xe8\xe1I\xed\x9eih\x9a\xbe\x12\xdf\x17\xaeN\x1e'
11E8E149-ED9E-6968-9ABE-12DF17AE4E1E,2019-ncaa-d3-conf-C2C,ncaa,3,3,3,3,4,4,4,3,6,3,1,7,6,6,5,8,5,4,8,4,8,3,3,8,7,6,8,7,4,2,2,4,2,2,3,5,7,3,3,5,5,5,2,2,,,2,3,,,5,4,7,6,6,5,5,3,1,7,7,6,5,5,5,5,2,5,2,5,4,6,2,,2,,,5,3,3,5,5,5,4,5,1,3,1,5,2,2,6,2,3,2,3,5,4,3,1,2,3,2,2,3,2,2,3,2,1,3,3,2,3,2,6,4,,,4,7,,,5,5,6,3,5,2,3,3,5,3,1,3,3,1,1,1,2,2,3,3,2,6,3,7,,6,,,b'\x11\xe8\xe1I\xed\x9eih\x9a\xbe\x12\xdf\x17\xaeN\x1e'
11E8E149-ED9E-6968-9ABE-12DF17AE4E1E,2019-ncaa-d3-conf-CAC,ncaa,3,3,3,3,4,4,4,3,6,3,1,7,6,6,5,8,5,4,8,4,8,3,3,8,7,6,8,7,4,2,2,4,2,2,3,5,7,3,3,5,5,5,2,2,,,2,3,,,5,4,7,6,6,5,5,3,1,7,7,6,5,5,5,5,2,5,2,5,4,6,2,,2,,,5,3,3,5,5,5,4,5,1,3,1,5,2,2,6,2,3,2,3,5,4,3,1,2,3,2,2,3,2,2,3,2,1,3,3,2,3,2,6,4,,,4,7,,,5,5,6,3,5,2,3,3,5,3,1,3,3,1,1,1,2,2,3,3,2,6,3,7,,6,,,b'\x11\xe8\xe1I\xed\x9eih\x9a\xbe\x12\xdf\x17\xaeN\x1e'
11E8E149-ED9E-6968-9ABE-12DF17AE4E1E,2019-ncaa-d3-natl,ncaa,118,134,67,137,108,223,190,148,261,103,41,310,391,410,272,430,190,73,415,74,255,127,86,321,334,338,411,413,169,41,52,110,166,56,87,172,201,379,321,295,97,112,83,94,,,237,191,,,157,131,275,225,311,264,250,133,48,412,424,237,103,112,203,149,53,173,71,218,326,128,97,,163,,,162,106,126,271,58,190,283,98,71,231,10,220,174,130,404,121,100,233,312,42,52,41,121,106,252,251,166,250,52,248,87,66,69,89,95,43,305,240,369,242,,,99,190,,,157,309,300,44,163,47,66,141,122,184,46,155,129,91,83,98,163,178,146,145,42,117,249,339,,152,,,b'\x11\xe8\xe1I\xed\x9eih\x9a\xbe\x12\xdf\x17\xaeN\x1e'
11E8E149-ED9E-6968-9ABE-12DF17AE4E1E,2020-ncaa-d3-conf-C2C,ncaa,4,4,2,4,2,3,3,1,5,2,1,6,3,3,2,5,2,2,4,2,5,1,3,5,5,3,3,3,3,1,2,5,4,4,5,2,3,1,1,2,2,2,5,5,,,6,6,,,3,3,4,1,3,2,1,3,1,3,3,2,2,2,1,2,1,5,4,3,1,2,5,,6,,,3,4,4,1,5,4,2,5,2,1,5,2,6,6,3,6,6,2,3,5,5,5,3,1,6,1,4,6,2,4,5,3,2,2,2,2,1,1,2,1,,,2,4,,,3,4,3,4,3,4,4,1,4,2,2,1,6,6,6,1,2,1,5,5,3,2,1,1,,4,,,b'\x11\xe8\xe1I\xed\x9eih\x9a\xbe\x12\xdf\x17\xaeN\x1e'
11E8E149-ED9E-6968-9ABE-12DF17AE4E1E,2020-ncaa-d3-conf-CAC,ncaa,4,4,2,4,2,3,3,1,5,2,1,6,3,3,2,5,2,2,4,2,5,1,3,5,5,3,3,3,3,1,2,5,4,4,5,2,3,1,1,2,2,2,5,5,,,6,6,,,3,3,4,1,3,2,1,3,1,3,3,2,2,2,1,2,1,5,4,3,1,2,5,,6,,,3,4,4,1,5,4,2,5,2,1,5,2,6,6,3,6,6,2,3,5,5,5,3,1,6,1,4,6,2,4,5,3,2,2,2,2,1,1,2,1,,,2,4,,,3,4,3,4,3,4,4,1,4,2,2,1,6,6,6,1,2,1,5,5,3,2,1,1,,4,,,b'\x11\xe8\xe1I\xed\x9eih\x9a\xbe\x12\xdf\x17\xaeN\x1e'
11E8E149-ED9E-6968-9ABE-12DF17AE4E1E,2020-ncaa-d3-natl,ncaa,215,275,65,245,109,148,113,44,257,74,22,302,234,249,195,344,205,191,246,194,387,50,62,289,301,251,346,308,306,13,22,259,152,71,78,68,58,201,92,66,43,35,286,290,,,329,328,,,117,139,270,274,201,144,49,92,25,279,304,267,263,268,75,114,15,369,106,76,130,68,315,,265,,,121,167,124,72,273,231,200,250,33,29,166,27,381,368,336,368,355,104,253,212,270,114,138,20,401,105,152,290,22,221,78,175,227,28,19,39,97,41,78,25,,,217,355,,,117,309,173,85,115,88,70,11,149,111,12,10,334,316,314,19,106,64,195,122,130,43,62,57,,315,,,b'\x11\xe8\xe1I\xed\x9eih\x9a\xbe\x12\xdf\x17\xaeN\x1e'
11E8E149-ED9E-6968-9ABE-12DF17AE4E1E,2021-ncaa-d3-conf-C2C,ncaa,1,1,1,1,1,2,1,1,1,1,1,1,3,2,4,4,2,2,4,2,4,1,2,1,2,1,4,4,4,1,1,2,1,2,1,2,4,3,1,1,1,1,1,1,,,4,3,,,1,2,4,1,2,1,1,1,1,3,3,4,4,4,1,3,1,4,3,2,1,1,2,,2,,,1,3,3,3,2,3,3,3,2,3,2,3,4,4,4,4,3,3,3,1,3,1,3,3,4,2,1,4,1,3,1,3,2,1,1,1,2,1,1,1,,,2,4,,,1,3,1,1,1,1,1,1,1,1,1,1,3,2,2,1,1,1,3,1,1,1,1,1,,4,,,b'\x11\xe8\xe1I\xed\x9eih\x9a\xbe\x12\xdf\x17\xaeN\x1e'
11E8E149-ED9E-6968-9ABE-12DF17AE4E1E,2021-ncaa-d3-natl,ncaa,63,28,176,36,180,142,115,156,33,90,115,34,206,202,204,262,176,184,139,182,260,160,172,69,89,75,280,271,249,98,18,194,95,177,48,109,106,93,60,32,51,4,134,88,,,94,99,,,28,183,108,110,47,13,26,3,6,244,242,185,192,196,39,57,20,241,111,23,92,5,106,,96,,,19,80,81,85,64,89,99,52,67,67,128,26,101,88,266,87,84,83,103,54,77,14,99,46,209,86,95,94,18,91,48,80,139,64,2,8,74,29,64,16,,,184,219,,,28,106,41,12,17,18,26,13,53,88,22,15,104,59,57,8,132,43,59,45,44,5,39,25,,177,,,b'\x11\xe8\xe1I\xed\x9eih\x9a\xbe\x12\xdf\x17\xaeN\x1e'
11E8E149-ED9E-6968-9ABE-12DF17AE4E1E,2022-ncaa-d3-conf-C2C,ncaa,2,5,3,2,3,3,3,3,5,3,3,6,3,3,4,6,3,3,2,3,4,3,3,6,5,4,4,4,2,3,6,3,4,3,5,3,4,4,1,4,2,1,3,4,,,5,4,,,3,3,4,2,4,4,3,4,1,5,4,1,1,1,3,3,3,4,4,4,2,1,4,,4,,,4,5,5,5,4,5,5,4,5,5,5,4,5,5,5,5,5,5,5,4,4,2,4,4,4,5,4,5,6,5,5,5,1,3,1,1,4,2,5,3,,,3,3,,,3,5,4,2,4,3,4,1,5,2,3,2,4,4,4,2,4,4,7,5,1,1,2,4,,2,,,b'\x11\xe8\xe1I\xed\x9eih\x9a\xbe\x12\xdf\x17\xaeN\x1e'
11E8E149-ED9E-6968-9ABE-12DF17AE4E1E,2022-ncaa-d3-natl,ncaa,76,79,107,84,151,115,105,173,63,72,91,103,252,325,103,360,86,80,181,78,191,159,205,94,90,69,321,336,159,155,92,288,237,238,176,101,143,85,66,51,66,46,250,263,,,165,159,,,89,230,350,202,113,108,228,62,104,293,359,98,100,100,203,314,182,386,318,97,55,74,287,,105,,,86,167,185,129,271,240,174,281,96,104,168,129,195,185,263,181,213,121,193,249,247,144,112,108,229,184,237,123,92,137,176,74,40,65,26,16,68,58,139,73,,,75,51,,,89,205,55,131,80,91,119,28,177,95,57,46,150,137,138,24,92,128,65,74,47,70,41,102,,90,,,b'\x11\xe8\xe1I\xed\x9eih\x9a\xbe\x12\xdf\x17\xaeN\x1e'
11E8E149-ED9E-6968-9ABE-12DF17AE4E1E,2023-ncaa-d3-conf-C2C,ncaa,5,7,3,5,3,4,4,4,6,4,3,6,5,6,4,6,3,3,6,3,6,4,3,6,6,6,3,5,2,3,3,4,7,3,5,4,1,5,5,5,5,6,5,6,,,4,3,,,6,3,7,3,6,6,6,6,4,5,6,5,5,5,7,7,4,7,4,5,5,6,6,,3,,,5,5,5,5,4,4,5,2,7,6,6,7,3,3,5,3,3,5,5,5,4,5,7,7,3,6,7,5,3,5,5,7,5,3,5,5,6,5,3,2,,,3,3,,,6,5,5,5,5,5,5,5,3,2,6,6,2,2,2,4,3,6,3,5,5,6,4,1,,5,,,b'\x11\xe8\xe1I\xed\x9eih\x9a\xbe\x12\xdf\x17\xaeN\x1e'
11E8E149-ED9E-6968-9ABE-12DF17AE4E1E,2023-ncaa-d3-natl,ncaa,316,372,109,346,131,265,250,244,263,183,107,316,361,384,248,394,166,191,117,190,281,239,185,313,289,310,346,378,89,122,110,287,337,204,240,220,153,353,345,300,288,316,192,235,,,168,132,,,323,217,311,181,320,306,328,208,111,380,399,182,231,229,323,261,128,376,268,255,309,323,219,,122,,,318,322,322,245,330,324,300,255,257,132,405,104,265,261,239,263,195,245,243,318,323,309,183,204,188,324,337,164,110,231,240,293,203,182,213,258,372,358,274,201,,,91,70,,,323,212,289,323,319,262,275,178,282,247,228,99,234,226,225,185,180,283,109,186,250,224,346,252,,84,,,b'\x11\xe8\xe1I\xed\x9eih\x9a\xbe\x12\xdf\x17\xaeN\x1e'
11E8E149-ED9E-6968-9ABE-12DF17AE4E1E,2024-ncaa-d3-conf-C2C,ncaa,3,6,2,4,2,3,3,3,3,3,3,4,2,2,4,3,3,2,5,2,2,3,2,5,4,4,3,4,2,2,2,3,5,3,4,3,3,6,6,5,3,4,3,5,,,4,5,,,5,2,2,1,4,4,6,3,4,5,4,4,2,2,5,3,3,4,4,5,6,4,5,,5,,,4,5,5,5,4,6,5,4,3,4,3,1,5,5,4,5,5,5,5,4,4,4,1,1,5,5,5,5,2,5,4,5,2,3,4,4,6,5,5,5,,,3,3,,,5,5,4,4,4,4,4,4,4,5,1,1,5,5,5,4,5,4,3,3,4,4,4,4,,3,,,b'\x11\xe8\xe1I\xed\x9eih\x9a\xbe\x12\xdf\x17\xaeN\x1e'
11E8E149-ED9E-6968-9ABE-12DF17AE4E1E,2024-ncaa-d3-natl,ncaa,271,329,112,302,169,228,240,235,230,231,204,267,228,260,171,270,150,171,174,169,163,226,139,246,222,304,189,235,120,150,123,201,298,175,189,154,42,386,368,293,256,292,163,219,,,259,213,,,282,143,181,237,272,278,313,264,231,251,285,173,190,189,295,162,159,256,198,166,370,283,190,,226,,,276,292,322,277,303,341,349,248,171,105,336,64,184,248,49,236,137,269,290,281,253,239,79,121,130,321,298,163,123,234,189,349,313,149,175,274,374,349,319,306,,,149,179,,,282,271,291,258,280,243,288,236,310,319,149,76,160,217,208,224,248,279,120,186,317,162,355,310,,166,,,b'\x11\xe8\xe1I\xed\x9eih\x9a\xbe\x12\xdf\x17\xaeN\x1e'
11E8E149-ED9E-6968-9ABE-12DF17AE4E1E,2025-ncaa-d3-conf-C2C,genius_ncaa,3,5,3,4,3,3,3,3,3,3,3,4,2,2,2,5,3,3,1,3,5,3,3,3,3,3,4,4,3,3,4,3,4,3,4,3,3,4,5,4,3,3,2,2,,,4,3,,6,5,3,4,1,3,4,6,4,5,3,5,3,5,5,6,4,4,4,4,3,4,3,2,,3,,6,4,4,5,4,4,6,5,3,4,4,2,1,4,4,5,4,3,4,4,4,3,4,2,1,4,6,4,4,4,4,4,5,2,3,4,3,4,4,4,4,,,3,4,,2,5,4,3,4,4,4,4,5,4,6,1,1,4,3,3,5,5,6,3,4,4,4,4,3,,5,,2,b'\x11\xe8\xe1I\xed\x9eih\x9a\xbe\x12\xdf\x17\xaeN\x1e'
11E8E149-ED9E-6968-9ABE-12DF17AE4E1E,2025-ncaa-d3-natl,genius_ncaa,234,242,192,239,217,316,323,325,282,321,283,323,250,286,150,237,243,281,102,278,207,326,298,277,265,303,138,179,128,153,74,358,396,291,285,287,152,328,361,333,180,163,278,312,,,183,197,,154,264,323,354,111,341,353,377,341,309,249,299,237,292,291,379,310,141,400,316,298,324,170,278,,193,,155,262,94,198,154,253,324,311,241,17,20,41,20,59,79,100,80,47,123,162,173,134,110,10,17,96,379,396,50,74,196,285,224,234,129,106,171,336,348,404,413,,,166,76,,56,264,99,288,185,262,117,216,178,322,337,19,17,57,78,78,137,186,369,58,208,238,115,325,407,,139,,50,b'\x11\xe8\xe1I\xed\x9eih\x9a\xbe\x12\xdf\x17\xaeN\x1e'
11E8E149-ED9E-6968-9ABE-12DF17AE4E1E,2026-ncaa-d3-natl,genius_ncaa,98,68,215,92,247,127,112,184,69,147,186,137,66,178,14,190,230,275,69,272,329,197,253,53,62,28,149,91,326,163,77,312,166,268,120,109,202,66,27,31,99,56,178,207,,,105,92,,156,51,266,140,102,18,15,38,67,75,27,113,166,251,253,45,124,101,318,213,44,58,51,162,,96,,190,40,146,183,133,320,229,213,228,82,39,350,20,87,123,19,118,82,129,144,285,231,167,34,96,72,95,166,117,77,97,120,84,27,173,82,65,38,17,33,13,,,304,356,,169,51,159,25,141,38,182,260,170,306,316,82,15,63,140,136,160,217,113,109,92,86,86,29,25,,316,,165,b'\x11\xe8\xe1I\xed\x9eih\x9a\xbe\x12\xdf\x17\xaeN\x1e'
11E8E149-EDA3-075C-9ABE-12DF17AE4E1E,2018-ncaa-d3-conf-CCC,ncaa,5,5,5,5,6,6,5,5,4,4,4,6,9,10,3,10,7,6,5,6,9,6,8,5,5,5,10,10,8,5,3,6,5,4,4,5,9,3,5,5,7,6,3,3,,,5,8,,,5,9,9,4,6,5,5,2,1,9,10,7,7,7,6,7,5,4,4,5,4,7,3,,7,,,5,3,3,2,5,3,5,4,2,1,6,3,8,9,2,9,10,3,2,4,3,5,7,5,9,5,5,1,3,2,4,1,1,6,6,5,4,6,5,5,,,6,4,,,5,2,5,6,5,6,5,3,4,5,4,3,8,10,10,5,4,7,3,4,2,7,5,6,,5,,,b'\x11\xe8\xe1I\xed\xa3\x07\\\x9a\xbe\x12\xdf\x17\xaeN\x1e'
11E8E149-EDA3-075C-9ABE-12DF17AE4E1E,2018-ncaa-d3-natl,ncaa,218,197,305,213,323,331,318,337,277,265,235,305,353,374,275,348,318,344,183,334,344,346,370,304,306,289,335,332,236,257,178,277,144,276,164,301,239,92,207,236,321,270,98,59,,,196,339,,,247,383,373,132,334,300,295,243,162,339,364,315,339,323,322,353,221,202,212,289,140,306,79,,259,,,246,59,47,57,115,37,58,103,202,179,213,283,207,247,105,252,367,71,66,126,140,169,372,313,340,105,144,97,178,90,164,42,100,299,227,129,138,247,244,249,,,300,164,,,247,68,280,168,234,105,85,100,65,94,232,232,249,290,303,118,83,153,163,149,59,277,193,291,,263,,,b'\x11\xe8\xe1I\xed\xa3\x07\\\x9a\xbe\x12\xdf\x17\xaeN\x1e'
11E8E149-EDA3-075C-9ABE-12DF17AE4E1E,2019-ncaa-d3-conf-CCC,ncaa,6,6,5,6,7,6,5,5,5,6,4,7,3,5,3,3,7,7,8,7,7,5,5,5,7,6,6,2,9,4,4,5,3,5,4,5,6,3,5,4,8,7,8,8,,,8,9,,,6,6,7,9,6,3,3,5,3,3,4,7,7,7,5,4,4,5,3,6,5,8,8,,9,,,6,6,3,2,8,5,4,5,3,2,9,2,9,9,3,9,9,3,1,7,8,8,7,1,9,1,3,4,4,3,4,2,3,8,7,6,5,5,7,6,,,7,7,,,6,4,6,7,6,6,6,2,6,5,3,2,9,9,9,5,2,2,6,6,4,8,4,8,,7,,,b'\x11\xe8\xe1I\xed\xa3\x07\\\x9a\xbe\x12\xdf\x17\xaeN\x1e'
11E8E149-EDA3-075C-9ABE-12DF17AE4E1E,2019-ncaa-d3-natl,ncaa,263,304,129,285,197,274,257,192,316,281,200,359,142,182,107,187,363,334,379,333,361,220,270,296,323,280,176,89,384,194,252,219,187,216,246,269,278,93,106,185,408,414,333,351,,,354,411,,,292,296,381,336,340,309,237,339,246,153,205,393,375,373,283,360,223,265,259,308,66,423,362,,347,,,289,226,155,142,210,177,211,156,187,119,357,102,396,420,119,420,411,205,140,211,245,321,326,169,401,181,187,308,252,265,246,81,63,363,371,248,114,145,381,371,,,306,305,,,292,151,271,311,290,190,134,86,149,176,164,84,385,409,413,162,59,143,276,223,78,403,102,376,,373,,,b'\x11\xe8\xe1I\xed\xa3\x07\\\x9a\xbe\x12\xdf\x17\xaeN\x1e'
11E8E149-EDA3-075C-9ABE-12DF17AE4E1E,2020-ncaa-d3-conf-CCC,ncaa,6,6,4,6,7,7,6,7,6,6,6,6,6,5,5,5,8,8,6,8,8,8,8,6,6,7,5,5,6,6,6,8,7,6,6,6,5,7,7,6,9,9,4,4,,,4,8,,,6,9,9,8,7,6,9,6,7,5,5,8,9,9,9,9,6,8,8,6,7,9,4,,6,,,6,6,6,4,8,7,6,6,5,2,9,4,7,7,4,7,8,4,3,7,7,9,4,4,4,6,7,4,6,4,6,6,5,9,9,7,7,7,2,3,,,7,3,,,6,1,6,9,6,6,6,5,6,6,6,4,7,6,6,5,5,6,5,6,6,9,6,2,,7,,,b'\x11\xe8\xe1I\xed\xa3\x07\\\x9a\xbe\x12\xdf\x17\xaeN\x1e'
11E8E149-EDA3-075C-9ABE-12DF17AE4E1E,2020-ncaa-d3-natl,ncaa,379,419,126,398,193,349,339,296,363,335,289,363,272,223,330,164,359,363,253,358,346,321,309,357,362,367,210,174,274,317,347,305,403,319,385,308,221,269,332,327,407,420,273,311,,,204,185,,,402,284,358,412,397,382,371,377,345,288,248,394,403,398,393,385,346,375,380,353,252,419,285,,165,,,392,398,399,336,373,400,361,341,264,183,352,118,308,321,206,321,215,342,223,356,355,405,115,144,196,400,403,310,347,370,385,343,202,383,401,397,323,349,64,82,,,259,196,,,402,151,371,414,402,348,348,290,370,333,247,166,281,294,291,294,177,370,262,330,315,407,303,52,,317,,,b'\x11\xe8\xe1I\xed\xa3\x07\\\x9a\xbe\x12\xdf\x17\xaeN\x1e'
11E8E149-EDA3-075C-9ABE-12DF17AE4E1E,2021-ncaa-d3-natl,ncaa,215,1,273,1,275,273,272,279,8,276,284,3,261,270,26,11,280,279,279,279,10,280,280,2,12,17,33,9,271,265,1,279,64,274,1,281,284,8,168,236,267,6,274,185,,,7,196,,,95,285,283,110,45,41,190,146,277,4,18,231,119,101,169,161,3,186,17,243,152,21,202,,64,,,3,1,1,2,1,2,4,2,1,3,1,7,8,7,282,6,109,1,1,1,4,3,63,2,284,1,64,1,1,1,1,1,1,274,17,1,9,196,1,1,,,280,173,,,95,1,3,3,1,1,1,2,4,50,1,3,152,75,61,1,3,43,1,1,1,73,185,1,,179,,,b'\x11\xe8\xe1I\xed\xa3\x07\\\x9a\xbe\x12\xdf\x17\xaeN\x1e'
11E8E149-EDA3-075C-9ABE-12DF17AE4E1E,2022-ncaa-d3-conf-CCC,ncaa,6,5,7,6,9,8,8,8,7,8,8,8,4,5,2,5,7,8,1,8,6,8,9,6,6,7,3,3,3,8,7,8,7,8,7,7,3,7,8,7,7,7,5,6,,,2,3,,,7,9,5,7,7,8,7,8,7,4,5,3,7,7,7,6,6,7,7,7,8,7,5,,4,,,7,7,7,7,7,7,7,7,8,6,8,7,2,2,3,2,2,5,4,7,7,7,5,8,2,7,7,6,7,6,7,7,6,7,7,9,7,7,8,9,,,5,2,,,7,2,7,7,7,7,7,8,7,8,8,7,2,4,2,7,6,7,7,7,7,7,8,10,,3,,,b'\x11\xe8\xe1I\xed\xa3\x07\\\x9a\xbe\x12\xdf\x17\xaeN\x1e'
11E8E149-EDA3-075C-9ABE-12DF17AE4E1E,2022-ncaa-d3-natl,ncaa,232,290,107,256,184,180,192,137,274,218,137,334,125,164,99,215,195,219,134,217,285,149,101,262,254,279,147,147,202,176,276,119,368,143,322,136,85,374,319,249,238,325,105,193,,,234,95,,,304,88,88,398,224,241,153,269,169,143,205,217,258,259,177,109,211,144,181,156,328,277,113,,175,,,295,375,401,406,244,400,404,244,326,332,212,194,112,179,20,174,41,399,376,228,171,244,77,211,35,413,368,357,276,398,322,405,310,204,321,354,389,343,419,400,,,93,163,,,304,334,288,295,298,324,364,395,362,390,283,299,73,133,132,385,375,387,328,372,359,250,358,417,,113,,,b'\x11\xe8\xe1I\xed\xa3\x07\\\x9a\xbe\x12\xdf\x17\xaeN\x1e'
11E8E149-EDA3-075C-9ABE-12DF17AE4E1E,2023-ncaa-d3-conf-CCC,ncaa,4,4,5,4,7,7,7,7,5,8,6,9,5,9,1,7,8,9,1,9,10,8,8,5,6,6,5,6,6,6,3,2,4,4,4,6,2,8,8,6,8,9,1,2,,,4,4,,,5,7,7,9,6,6,6,8,5,5,9,7,9,9,7,6,4,2,2,5,8,9,1,,5,,,5,3,3,7,3,5,7,2,6,6,6,6,4,4,1,4,5,5,5,2,3,2,7,6,5,5,4,4,3,4,4,3,5,7,8,6,9,9,4,4,,,9,9,,,5,4,6,3,5,3,3,6,5,7,7,7,5,6,6,6,4,5,3,4,3,8,9,4,,10,,,b'\x11\xe8\xe1I\xed\xa3\x07\\\x9a\xbe\x12\xdf\x17\xaeN\x1e'
11E8E149-EDA3-075C-9ABE-12DF17AE4E1E,2023-ncaa-d3-natl,ncaa,132,131,109,138,162,170,175,146,213,134,72,268,297,334,155,364,119,177,59,179,301,149,114,249,225,261,318,341,125,89,77,40,191,52,82,67,11,343,297,174,304,369,27,42,,,257,176,,,204,136,162,288,203,195,172,133,72,324,361,125,201,202,180,134,96,18,28,59,302,353,26,,224,,,204,240,233,381,46,229,381,40,237,272,143,167,284,302,145,303,185,381,331,43,48,117,249,223,280,343,191,171,77,260,82,301,314,274,361,326,369,327,274,172,,,166,229,,,204,308,228,150,201,187,184,341,184,354,206,233,255,277,276,343,279,318,117,208,257,323,340,252,,183,,,b'\x11\xe8\xe1I\xed\xa3\x07\\\x9a\xbe\x12\xdf\x17\xaeN\x1e'
11E8E149-EDA3-075C-9ABE-12DF17AE4E1E,2024-ncaa-d3-conf-NEWMAC,ncaa,8,8,7,8,7,6,7,7,6,3,4,5,11,10,11,12,1,1,3,1,2,6,6,8,8,7,12,12,1,3,4,9,10,8,9,4,3,7,7,5,6,8,7,7,,,5,5,,,9,6,3,6,4,5,4,2,1,11,10,1,1,1,2,1,3,9,5,4,8,4,8,,7,,,9,10,9,7,11,9,4,11,11,10,10,9,9,8,10,8,9,7,7,11,11,11,10,10,6,10,10,5,4,7,9,10,10,7,8,11,9,9,8,7,,,5,4,,,9,7,6,11,9,11,11,11,8,6,11,10,10,9,10,11,11,10,6,10,10,5,10,9,,2,,,b'\x11\xe8\xe1I\xed\xa3\x07\\\x9a\xbe\x12\xdf\x17\xaeN\x1e'
11E8E149-EDA3-075C-9ABE-12DF17AE4E1E,2024-ncaa-d3-natl,ncaa,251,297,112,276,140,101,98,86,135,49,45,129,327,292,347,369,41,69,35,67,251,79,79,189,159,143,368,387,95,70,83,160,181,112,134,78,104,258,165,123,245,299,193,230,,,185,117,,,247,87,96,133,70,76,65,25,40,347,321,37,73,74,49,62,63,194,110,54,230,277,212,,158,,,247,404,402,348,385,362,333,346,407,310,421,230,300,256,397,256,172,345,326,393,397,389,265,319,132,215,181,259,83,242,134,368,214,213,290,334,333,261,283,141,,,130,249,,,247,331,128,379,250,382,373,331,343,299,395,288,289,227,230,322,292,182,208,195,338,247,307,268,,133,,,b'\x11\xe8\xe1I\xed\xa3\x07\\\x9a\xbe\x12\xdf\x17\xaeN\x1e'
11E8E149-EDA3-075C-9ABE-12DF17AE4E1E,2025-ncaa-d3-conf-NEWMAC,genius_ncaa,4,3,5,3,6,3,4,3,6,2,2,6,10,11,7,12,1,1,1,1,3,3,3,7,5,5,9,12,3,3,4,6,9,4,7,7,9,5,3,5,5,5,7,6,,,4,5,,7,7,3,2,11,3,5,2,2,1,10,12,1,1,1,1,1,2,7,4,7,5,5,5,,6,,6,7,11,11,10,12,10,8,10,12,11,11,10,4,5,4,5,4,10,10,11,11,10,6,10,3,10,9,8,4,9,7,8,5,4,8,5,10,6,10,7,,,2,1,,1,7,10,6,9,7,11,11,9,9,8,11,11,4,4,4,9,9,9,7,8,8,3,9,10,,1,,2,b'\x11\xe8\xe1I\xed\xa3\x07\\\x9a\xbe\x12\xdf\x17\xaeN\x1e'
11E8E149-EDA3-075C-9ABE-12DF17AE4E1E,2025-ncaa-d3-natl,genius_ncaa,141,118,192,141,284,149,151,154,156,96,76,190,315,338,216,373,55,65,132,70,185,140,164,207,174,147,343,368,78,122,123,268,190,196,190,202,292,125,102,171,149,132,202,202,,,214,225,,236,184,186,144,382,99,111,95,47,38,329,347,39,49,53,71,112,95,271,165,190,153,130,206,,239,,251,185,269,278,169,340,240,164,293,319,231,387,255,171,130,330,125,155,148,190,347,351,289,250,313,138,156,190,200,123,170,190,176,100,132,113,142,143,127,291,199,,,89,72,,109,184,214,134,267,197,284,292,197,245,170,323,233,176,134,127,176,223,147,222,192,189,118,161,308,,52,,102,b'\x11\xe8\xe1I\xed\xa3\x07\\\x9a\xbe\x12\xdf\x17\xaeN\x1e'
11E8E149-EDA3-075C-9ABE-12DF17AE4E1E,2026-ncaa-d3-natl,genius_ncaa,157,268,42,231,64,127,163,63,354,80,10,370,360,327,365,404,6,12,119,11,144,41,55,380,341,291,307,405,9,55,222,22,167,21,197,156,204,253,94,211,239,355,7,40,,,288,125,,370,294,61,150,113,258,303,122,168,17,395,399,18,24,24,76,126,117,30,37,275,129,345,20,,153,,331,278,352,370,394,160,358,389,159,347,366,209,251,209,185,264,186,29,386,355,165,147,247,155,270,64,351,167,385,222,378,197,302,86,249,378,319,151,50,411,331,,,32,62,,262,294,352,276,256,283,271,309,367,291,339,286,314,91,69,64,336,266,276,361,340,205,368,61,396,,50,,313,b'\x11\xe8\xe1I\xed\xa3\x07\\\x9a\xbe\x12\xdf\x17\xaeN\x1e'
11E8E149-EDA7-8A20-9ABE-12DF17AE4E1E,2018-ncaa-d3-conf-Skyline,ncaa,10,10,7,10,7,10,10,10,10,10,9,10,10,10,9,9,10,10,10,10,10,10,10,10,10,10,9,8,4,10,10,10,10,10,10,10,9,10,10,10,10,10,10,10,,,1,1,,,10,7,5,3,10,10,10,10,7,10,10,10,10,10,10,10,10,10,10,10,10,10,10,,1,,,10,10,10,10,10,10,10,10,10,10,10,7,1,1,1,1,1,10,9,10,10,10,2,8,1,10,10,9,10,10,10,10,5,10,10,10,10,10,3,5,,,10,10,,,10,5,10,10,10,10,10,10,10,10,10,10,1,1,1,10,10,10,10,10,10,10,10,4,,10,,,b'\x11\xe8\xe1I\xed\xa7\x8a \x9a\xbe\x12\xdf\x17\xaeN\x1e'
11E8E149-EDA7-8A20-9ABE-12DF17AE4E1E,2018-ncaa-d3-natl,ncaa,433,379,429,433,431,439,439,434,440,436,416,441,439,438,437,431,438,433,444,433,432,435,431,442,442,443,430,419,289,437,444,431,444,435,444,440,410,413,442,443,433,438,423,432,,,7,2,,,442,424,34,245,441,441,433,435,177,442,439,441,426,428,435,156,440,350,429,442,443,418,404,,2,,,444,266,414,289,420,405,279,431,301,271,286,302,7,9,4,9,3,161,73,414,359,422,13,269,2,440,444,165,444,379,444,396,245,428,439,439,439,444,101,276,,,435,437,,,442,22,444,442,443,443,444,444,442,444,433,437,8,21,20,444,441,444,437,444,440,328,444,301,,431,,,b'\x11\xe8\xe1I\xed\xa7\x8a \x9a\xbe\x12\xdf\x17\xaeN\x1e'
11E8E149-EDA7-8A20-9ABE-12DF17AE4E1E,2019-ncaa-d3-conf-Skyline,ncaa,10,10,7,10,10,10,10,10,10,9,4,10,10,10,10,10,9,8,10,7,8,10,8,10,10,10,9,10,2,10,10,9,10,10,10,10,9,10,10,10,9,9,8,9,,,4,2,,,10,2,1,10,10,10,10,9,3,10,10,8,5,4,10,4,10,8,10,10,10,9,8,,6,,,10,10,10,10,10,10,10,10,7,6,5,4,5,5,7,4,3,10,10,10,10,10,2,3,2,10,10,9,10,10,10,10,9,8,10,10,10,10,6,5,,,10,9,,,10,6,10,10,10,10,10,10,10,10,7,7,5,6,6,10,10,10,10,10,10,6,10,7,,8,,,b'\x11\xe8\xe1I\xed\xa7\x8a \x9a\xbe\x12\xdf\x17\xaeN\x1e'
11E8E149-EDA7-8A20-9ABE-12DF17AE4E1E,2019-ncaa-d3-natl,ncaa,424,412,390,430,405,423,419,372,431,375,142,431,435,435,435,441,411,359,435,360,403,381,320,435,437,436,438,439,209,402,431,334,439,384,440,431,435,408,425,437,391,418,350,403,,,44,10,,,437,257,5,420,430,420,173,318,16,438,438,401,266,269,193,36,357,120,252,432,436,344,334,,112,,,438,401,434,425,353,433,423,364,241,274,177,137,47,74,19,69,15,404,331,316,239,353,10,119,16,443,439,414,431,441,440,435,372,358,416,429,433,433,130,100,,,404,422,,,437,157,437,424,436,440,440,441,439,442,365,394,96,160,149,441,442,441,442,443,437,248,438,237,,355,,,b'\x11\xe8\xe1I\xed\xa7\x8a \x9a\xbe\x12\xdf\x17\xaeN\x1e'
11E8E149-EDA7-8A20-9ABE-12DF17AE4E1E,2020-ncaa-d3-conf-Skyline,ncaa,11,11,7,11,8,11,11,10,11,11,9,11,8,5,11,4,11,11,9,11,11,11,10,11,11,11,6,3,10,11,11,11,11,11,11,11,10,7,10,11,10,11,10,10,,,4,2,,,11,9,5,3,11,11,10,11,8,8,5,11,11,11,11,9,11,11,11,11,8,10,10,,5,,,11,10,11,10,11,11,10,11,8,6,8,4,3,5,3,5,2,9,9,11,10,11,1,4,1,11,11,11,11,11,11,11,11,9,9,11,9,10,10,11,,,11,11,,,11,4,11,11,11,10,11,11,11,11,9,7,4,6,6,10,10,11,11,11,11,8,9,11,,11,,,b'\x11\xe8\xe1I\xed\xa7\x8a \x9a\xbe\x12\xdf\x17\xaeN\x1e'
11E8E149-EDA7-8A20-9ABE-12DF17AE4E1E,2020-ncaa-d3-natl,ncaa,431,437,198,431,272,420,412,218,436,410,310,433,330,98,433,61,432,432,405,432,437,303,236,434,436,433,208,82,426,332,419,359,437,356,436,420,381,386,382,425,344,401,389,416,,,83,24,,,437,189,123,285,432,427,185,428,320,328,83,437,437,437,319,199,341,393,387,428,383,352,400,,69,,,434,428,433,430,391,428,414,398,369,388,231,268,81,114,58,108,33,423,392,381,332,368,33,225,19,437,437,435,419,436,436,436,426,248,361,424,392,386,405,419,,,424,438,,,437,247,434,425,434,418,428,430,423,425,364,385,88,131,119,429,423,437,433,435,436,243,379,412,,437,,,b'\x11\xe8\xe1I\xed\xa7\x8a \x9a\xbe\x12\xdf\x17\xaeN\x1e'
11E8E149-EDA7-8A20-9ABE-12DF17AE4E1E,2021-ncaa-d3-conf-Skyline,ncaa,1,2,2,2,2,2,2,2,2,2,2,3,1,2,1,1,2,1,3,1,2,2,2,1,3,2,1,1,2,2,3,2,3,2,3,2,1,2,2,1,2,3,2,3,,,2,1,,,2,2,1,1,2,2,2,3,3,1,1,2,2,2,2,2,3,2,3,1,2,2,3,,2,,,3,2,2,2,3,2,2,3,2,2,2,3,2,2,2,2,1,2,2,3,3,3,2,2,1,2,3,2,3,2,3,2,2,2,2,3,2,3,3,3,,,1,2,,,2,2,2,3,3,3,3,3,3,3,2,3,1,2,2,3,3,3,3,3,3,2,3,3,,2,,,b'\x11\xe8\xe1I\xed\xa7\x8a \x9a\xbe\x12\xdf\x17\xaeN\x1e'
11E8E149-EDA7-8A20-9ABE-12DF17AE4E1E,2021-ncaa-d3-natl,ncaa,215,92,232,202,234,251,249,241,270,251,238,272,241,241,238,172,235,232,247,232,139,238,234,270,270,269,98,150,54,235,195,238,271,236,257,234,4,63,254,217,235,197,269,283,,,50,53,,,212,234,48,110,262,264,160,257,131,211,175,185,133,128,157,66,111,142,130,133,264,150,280,,141,,,249,53,54,58,103,58,61,143,35,52,10,64,49,52,91,53,53,55,54,58,49,74,12,20,80,88,271,57,195,60,257,69,279,233,184,239,74,264,69,228,,,231,121,,,212,52,268,148,245,190,229,273,265,277,30,153,120,132,138,273,274,281,262,276,273,109,270,240,,81,,,b'\x11\xe8\xe1I\xed\xa7\x8a \x9a\xbe\x12\xdf\x17\xaeN\x1e'
11E8E149-EDA7-8A20-9ABE-12DF17AE4E1E,2022-ncaa-d3-conf-Skyline,ncaa,8,8,7,8,9,10,10,8,10,9,7,10,8,6,10,7,11,10,9,10,10,8,9,10,10,10,8,7,9,9,9,10,7,9,10,9,9,3,6,8,11,11,9,10,,,5,5,,,10,8,6,6,10,10,4,9,5,8,6,11,10,10,6,7,8,9,9,9,6,11,9,,6,,,10,10,10,9,10,10,9,10,4,3,7,3,6,6,8,6,4,7,5,10,10,11,2,2,3,6,7,11,9,10,10,7,4,10,10,10,6,6,2,3,,,11,11,,,10,4,10,11,10,10,9,9,9,10,5,4,7,7,7,8,6,6,11,10,7,10,6,3,,11,,,b'\x11\xe8\xe1I\xed\xa7\x8a \x9a\xbe\x12\xdf\x17\xaeN\x1e'
11E8E149-EDA7-8A20-9ABE-12DF17AE4E1E,2022-ncaa-d3-natl,ncaa,302,318,250,320,285,297,241,130,367,216,99,366,295,204,366,256,391,370,396,368,419,171,194,377,394,367,366,267,413,211,341,229,355,225,378,250,256,150,142,236,374,404,340,391,,,165,102,,,394,180,46,290,319,228,25,181,36,296,201,410,394,390,55,74,184,162,176,252,203,390,351,,203,,,385,389,405,362,366,417,410,352,117,120,200,24,220,215,224,207,51,351,295,338,320,369,9,27,79,375,355,408,341,402,378,319,81,319,379,357,259,230,80,36,,,393,423,,,394,238,366,385,383,394,407,404,416,421,135,119,250,252,250,403,387,376,416,413,328,326,287,81,,419,,,b'\x11\xe8\xe1I\xed\xa7\x8a \x9a\xbe\x12\xdf\x17\xaeN\x1e'
11E8E149-EDA7-8A20-9ABE-12DF17AE4E1E,2023-ncaa-d3-conf-Skyline,ncaa,8,7,7,8,9,7,7,6,6,8,9,7,5,4,3,4,5,6,5,6,4,6,6,7,7,7,3,4,6,4,3,7,7,6,5,7,7,8,7,7,8,8,7,7,,,5,7,,,8,8,4,8,7,7,5,7,7,4,4,4,3,3,5,2,2,5,3,7,9,8,7,,8,,,8,8,8,7,9,9,8,9,3,3,3,3,10,6,8,6,4,7,5,8,8,9,1,2,6,6,7,3,3,4,5,5,5,8,8,8,9,9,3,5,,,6,6,,,8,4,7,9,8,9,9,8,9,8,5,5,10,9,9,8,7,7,4,5,6,8,9,4,,4,,,b'\x11\xe8\xe1I\xed\xa7\x8a \x9a\xbe\x12\xdf\x17\xaeN\x1e'
11E8E149-EDA7-8A20-9ABE-12DF17AE4E1E,2023-ncaa-d3-natl,ncaa,289,269,333,292,347,297,301,256,331,305,273,334,194,190,254,165,288,292,284,299,244,268,251,324,319,331,157,144,216,109,116,187,324,152,216,239,106,312,328,284,342,363,283,320,,,147,141,,,307,298,111,139,249,252,106,270,175,158,127,244,233,245,117,56,41,35,21,169,359,307,259,,255,,,306,199,241,276,165,299,320,189,90,169,47,124,220,237,127,235,161,270,193,128,112,203,79,84,209,360,324,200,116,297,216,293,296,349,371,359,372,372,56,86,,,337,372,,,307,136,303,276,302,323,332,386,361,399,150,246,296,321,322,391,360,384,332,369,329,294,384,94,,283,,,b'\x11\xe8\xe1I\xed\xa7\x8a \x9a\xbe\x12\xdf\x17\xaeN\x1e'
11E8E149-EDA7-8A20-9ABE-12DF17AE4E1E,2024-ncaa-d3-conf-Skyline,ncaa,7,6,7,7,7,8,8,8,8,7,5,8,8,10,9,9,7,8,2,8,6,8,8,9,9,9,9,8,3,8,6,1,7,5,5,8,6,9,9,9,11,11,2,5,,,2,2,,,7,6,3,1,8,8,8,7,4,8,9,7,7,7,8,4,8,1,1,8,9,11,1,,3,,,7,6,6,11,2,8,11,3,3,9,2,7,5,5,8,5,3,11,7,2,2,6,4,3,6,10,7,3,6,6,5,7,6,11,11,8,9,9,10,10,,,8,10,,,7,6,9,6,7,6,7,11,8,11,4,10,5,5,5,11,10,10,5,7,7,11,9,11,,8,,,b'\x11\xe8\xe1I\xed\xa7\x8a \x9a\xbe\x12\xdf\x17\xaeN\x1e'
11E8E149-EDA7-8A20-9ABE-12DF17AE4E1E,2024-ncaa-d3-natl,ncaa,299,329,200,316,229,296,281,228,334,219,132,333,361,339,382,353,242,257,161,252,328,240,93,362,359,382,350,364,125,152,166,22,337,55,188,263,177,422,406,379,343,402,102,198,,,91,19,,,355,95,27,133,327,301,201,209,96,367,351,230,261,261,219,38,127,4,13,270,414,359,94,,94,,,351,318,335,420,48,330,415,47,294,379,70,212,150,180,75,182,52,419,389,42,27,86,142,238,88,419,337,252,166,390,188,384,378,273,384,376,421,407,305,253,,,330,407,,,355,345,377,177,342,327,345,420,334,411,301,388,157,195,203,420,414,416,266,382,369,277,414,320,,357,,,b'\x11\xe8\xe1I\xed\xa7\x8a \x9a\xbe\x12\xdf\x17\xaeN\x1e'
11E8E149-EDA7-8A20-9ABE-12DF17AE4E1E,2025-ncaa-d3-conf-Skyline,genius_ncaa,8,8,7,8,9,10,10,9,10,10,10,10,10,9,9,6,8,7,9,8,2,9,8,10,10,10,4,5,1,7,7,10,10,8,10,10,10,10,10,10,9,9,11,11,,,3,3,,10,10,10,6,8,10,10,9,10,10,10,8,8,7,7,9,7,6,10,8,10,10,9,11,,5,,10,10,9,9,10,9,8,3,10,10,10,8,11,8,4,10,4,6,10,7,9,9,9,10,11,3,10,10,4,7,10,10,10,10,9,9,10,11,10,10,10,,,9,10,,11,10,1,10,9,10,9,9,10,8,7,10,10,8,4,4,10,9,10,6,9,10,9,11,10,,9,,11,b'\x11\xe8\xe1I\xed\xa7\x8a \x9a\xbe\x12\xdf\x17\xaeN\x1e'
11E8E149-EDA7-8A20-9ABE-12DF17AE4E1E,2025-ncaa-d3-natl,genius_ncaa,326,356,192,339,248,382,384,338,398,385,320,402,320,261,373,177,322,275,371,273,164,334,196,396,400,403,115,172,96,187,247,233,404,226,362,362,140,415,409,394,304,355,401,402,,,118,64,,319,392,216,177,258,402,404,392,405,342,333,263,345,286,285,389,164,181,225,204,376,404,311,406,,121,,333,386,306,318,360,170,259,218,249,369,398,134,387,143,122,279,119,114,333,310,208,176,223,262,351,97,412,404,292,247,391,362,396,401,193,261,350,411,404,267,341,,,350,386,,385,392,187,400,325,390,311,321,370,264,223,358,393,144,123,119,351,339,405,300,377,378,179,403,279,,382,,389,b'\x11\xe8\xe1I\xed\xa7\x8a \x9a\xbe\x12\xdf\x17\xaeN\x1e'
11E8E149-EDA7-8A20-9ABE-12DF17AE4E1E,2026-ncaa-d3-conf-Skyline,genius_ncaa,4,5,4,5,4,5,5,7,1,2,5,1,6,6,8,7,5,5,4,5,4,7,7,2,2,2,9,9,6,7,6,6,5,6,5,5,7,4,6,4,8,8,6,7,,,8,11,,3,4,7,7,2,3,4,8,2,4,8,7,4,5,5,8,9,7,4,7,4,4,7,7,,9,,3,4,6,4,5,5,4,4,6,8,8,3,9,9,7,9,7,10,5,6,6,7,7,10,8,11,5,5,3,6,4,5,6,9,8,8,8,4,4,2,2,,,6,6,,6,4,6,3,8,4,7,5,4,5,3,8,10,9,7,7,5,6,6,3,4,9,9,3,2,,6,,7,b'\x11\xe8\xe1I\xed\xa7\x8a \x9a\xbe\x12\xdf\x17\xaeN\x1e'
11E8E149-EDA7-8A20-9ABE-12DF17AE4E1E,2026-ncaa-d3-natl,genius_ncaa,54,200,8,151,21,16,8,29,40,1,12,21,260,202,353,354,52,39,319,34,233,27,24,98,119,167,410,393,263,59,172,33,373,39,285,19,205,387,277,201,48,225,195,317,,,387,179,,156,251,23,103,113,130,71,194,15,82,365,351,193,157,155,184,143,209,198,207,87,288,163,302,,272,,99,242,406,402,405,244,395,396,277,399,407,184,312,384,381,258,380,215,402,405,249,257,251,239,268,191,412,373,347,172,397,285,403,342,31,214,292,367,245,260,111,,,60,291,,169,251,395,182,306,241,329,329,350,301,270,329,367,278,258,252,342,354,383,135,303,354,125,263,137,,259,,254,b'\x11\xe8\xe1I\xed\xa7\x8a \x9a\xbe\x12\xdf\x17\xaeN\x1e'
11E8E149-EDAC-0F14-9ABE-12DF17AE4E1E,2018-ncaa-d3-conf-SCAC,ncaa,6,7,4,7,5,5,5,6,6,6,7,6,2,2,3,2,3,4,3,4,1,5,6,5,5,5,1,1,1,8,8,8,7,8,8,7,7,3,4,6,3,3,8,8,,,1,1,,,5,6,5,4,5,5,5,8,7,2,2,3,4,4,5,6,8,8,8,7,4,3,8,,1,,,5,5,6,5,8,8,8,8,2,1,6,1,1,1,5,1,1,4,4,8,8,7,1,2,2,6,7,7,8,7,8,4,1,4,3,4,5,4,8,8,,,4,1,,,5,3,5,6,6,7,8,5,8,8,2,1,2,1,1,4,5,6,7,7,6,3,4,8,,2,,,b'\x11\xe8\xe1I\xed\xac\x0f\x14\x9a\xbe\x12\xdf\x17\xaeN\x1e'
11E8E149-EDAC-0F14-9ABE-12DF17AE4E1E,2018-ncaa-d3-natl,ncaa,346,394,123,365,155,243,312,222,362,367,328,363,100,67,243,71,92,69,246,60,10,182,154,328,304,302,19,70,41,314,408,293,412,320,417,331,319,306,266,352,133,183,406,424,,,224,112,,,364,127,130,179,284,367,289,398,388,114,68,85,76,63,225,209,360,377,405,372,269,144,420,,182,,,351,409,421,370,381,421,391,360,269,208,327,114,237,256,158,256,124,370,355,363,345,321,77,129,98,413,412,412,408,425,417,364,145,126,195,236,389,360,441,444,,,51,26,,,364,320,326,346,349,363,386,345,396,367,235,174,186,214,223,339,359,389,380,392,325,138,356,440,,34,,,b'\x11\xe8\xe1I\xed\xac\x0f\x14\x9a\xbe\x12\xdf\x17\xaeN\x1e'
11E8E149-EDAC-0F14-9ABE-12DF17AE4E1E,2019-ncaa-d3-conf-SCAC,ncaa,6,7,4,7,6,6,6,6,7,6,6,7,6,6,5,7,6,8,3,8,7,6,6,7,7,7,5,5,5,7,8,4,6,6,7,6,3,6,6,6,8,8,6,6,,,6,7,,,7,4,4,6,7,6,7,7,5,6,6,6,6,6,7,8,8,3,7,6,6,8,6,,7,,,7,6,6,6,6,6,7,7,4,6,2,5,6,7,5,7,5,7,6,6,6,5,3,3,4,6,6,7,8,6,7,5,4,4,5,5,8,8,3,5,,,4,5,,,7,6,7,5,6,5,5,7,5,6,3,6,7,8,8,7,7,7,8,7,6,5,8,3,,5,,,b'\x11\xe8\xe1I\xed\xac\x0f\x14\x9a\xbe\x12\xdf\x17\xaeN\x1e'
11E8E149-EDAC-0F14-9ABE-12DF17AE4E1E,2019-ncaa-d3-natl,ncaa,356,399,129,379,165,301,293,218,351,303,222,367,216,200,253,203,292,272,314,271,273,233,154,342,351,378,184,168,250,331,405,139,230,225,348,249,157,400,382,355,335,388,309,332,,,336,260,,,390,112,92,186,366,359,286,356,271,240,226,326,305,305,307,177,364,136,273,278,387,362,332,,318,,,382,382,362,349,279,324,283,291,378,371,282,307,298,341,79,337,291,368,341,301,283,285,277,298,195,301,230,393,405,378,348,388,342,174,245,320,414,398,170,188,,,195,248,,,390,336,389,281,376,329,318,327,282,247,348,346,267,317,310,349,337,272,385,348,350,199,400,158,,229,,,b'\x11\xe8\xe1I\xed\xac\x0f\x14\x9a\xbe\x12\xdf\x17\xaeN\x1e'
11E8E149-EDAC-0F14-9ABE-12DF17AE4E1E,2020-ncaa-d3-conf-SCAC,ncaa,4,4,5,4,6,7,6,6,6,6,4,7,7,7,6,9,7,8,9,8,9,7,5,6,6,7,9,7,7,5,5,3,5,4,7,6,7,7,7,6,4,5,6,6,,,10,10,,,5,5,2,8,6,6,4,5,3,7,7,6,7,7,5,3,5,4,3,6,7,3,6,,10,,,5,5,4,4,5,6,8,5,2,2,3,2,10,10,6,10,10,6,8,4,4,5,4,1,10,5,5,9,5,9,7,5,5,3,3,3,7,7,10,9,,,5,7,,,5,8,7,5,5,5,5,3,6,8,1,2,10,10,10,5,9,6,10,8,5,3,7,10,,6,,,b'\x11\xe8\xe1I\xed\xac\x0f\x14\x9a\xbe\x12\xdf\x17\xaeN\x1e'
11E8E149-EDAC-0F14-9ABE-12DF17AE4E1E,2020-ncaa-d3-natl,ncaa,215,245,126,234,173,227,216,138,290,197,120,301,226,206,270,264,252,210,308,208,302,147,99,303,312,329,268,241,257,165,273,111,129,137,236,202,206,374,323,305,192,252,286,309,,,405,361,,,299,76,62,303,266,250,144,218,131,250,233,275,249,250,156,104,180,110,138,213,342,221,306,,393,,,297,339,298,266,256,322,296,274,188,210,156,143,385,391,195,394,353,323,351,238,251,228,208,114,344,190,129,398,273,335,236,306,263,110,154,202,410,375,259,210,,,181,272,,,299,373,326,203,290,280,250,227,279,256,172,188,374,377,378,271,315,162,360,295,268,122,387,244,,192,,,b'\x11\xe8\xe1I\xed\xac\x0f\x14\x9a\xbe\x12\xdf\x17\xaeN\x1e'
11E8E149-EDAC-0F14-9ABE-12DF17AE4E1E,2021-ncaa-d3-conf-SCAC,ncaa,2,3,2,3,4,3,3,3,5,3,2,4,6,5,8,9,1,1,2,1,4,2,2,7,6,5,8,9,2,2,2,1,4,1,2,3,3,9,8,5,2,4,2,3,,,5,4,,,4,2,1,9,4,4,3,3,1,8,8,2,3,3,2,1,1,2,2,4,8,3,4,,5,,,4,6,6,8,1,6,7,2,6,8,3,5,5,5,3,5,5,8,8,1,1,2,5,5,5,5,4,7,2,6,2,7,9,2,3,4,8,7,4,2,,,1,1,,,4,8,5,2,4,3,3,5,5,5,4,6,5,5,4,5,7,4,3,5,7,3,8,2,,1,,,b'\x11\xe8\xe1I\xed\xac\x0f\x14\x9a\xbe\x12\xdf\x17\xaeN\x1e'
11E8E149-EDAC-0F14-9ABE-12DF17AE4E1E,2021-ncaa-d3-natl,ncaa,63,115,81,91,108,87,94,79,152,88,67,166,121,114,155,217,63,71,105,70,130,75,78,169,160,167,180,206,75,84,137,63,37,64,80,87,100,223,182,161,82,143,84,109,,,188,106,,,95,76,23,269,109,113,80,84,52,178,184,63,63,65,61,38,111,19,43,110,216,122,104,,148,,,109,189,184,201,74,179,200,67,195,190,159,135,176,193,69,190,137,202,205,86,79,70,172,196,132,155,37,207,137,190,80,208,223,68,102,135,220,182,125,55,,,68,77,,,95,211,171,57,113,130,129,199,119,176,177,169,138,168,158,197,218,70,191,149,188,81,208,76,,43,,,b'\x11\xe8\xe1I\xed\xac\x0f\x14\x9a\xbe\x12\xdf\x17\xaeN\x1e'
11E8E149-EDAC-0F14-9ABE-12DF17AE4E1E,2022-ncaa-d3-conf-SCAC,ncaa,4,4,4,4,5,3,3,3,5,3,1,4,3,3,3,6,2,1,7,1,6,3,3,4,5,5,6,5,7,2,2,7,7,4,6,3,3,6,4,4,2,2,7,8,,,9,8,,,5,3,2,6,2,2,1,2,1,3,3,3,2,2,1,1,1,8,4,3,5,2,7,,9,,,5,9,9,4,9,9,7,9,7,1,9,1,9,9,2,9,8,6,7,9,9,8,4,3,6,6,7,8,2,8,6,9,9,2,2,5,6,5,9,9,,,2,5,,,5,7,4,7,5,8,8,4,8,6,8,1,8,8,9,5,9,4,8,4,9,2,5,9,,1,,,b'\x11\xe8\xe1I\xed\xac\x0f\x14\x9a\xbe\x12\xdf\x17\xaeN\x1e'
11E8E149-EDAC-0F14-9ABE-12DF17AE4E1E,2022-ncaa-d3-natl,ncaa,190,156,300,181,316,162,193,187,238,223,213,238,127,128,158,176,86,49,280,54,55,160,160,214,206,198,119,165,97,109,147,335,315,262,288,187,177,238,192,213,86,75,291,307,,,384,396,,,244,180,17,143,49,92,26,142,108,85,83,23,9,10,14,11,45,313,157,111,305,39,290,,423,,,246,336,316,123,413,316,172,382,239,92,417,81,360,400,48,397,396,167,227,410,409,330,203,165,304,217,315,269,147,246,288,390,387,72,52,246,218,190,373,375,,,93,102,,,244,238,183,323,245,388,373,251,370,294,310,130,395,418,418,330,397,289,373,340,406,22,285,412,,12,,,b'\x11\xe8\xe1I\xed\xac\x0f\x14\x9a\xbe\x12\xdf\x17\xaeN\x1e'
11E8E149-EDAC-0F14-9ABE-12DF17AE4E1E,2023-ncaa-d3-conf-SCAC,ncaa,3,3,1,3,3,3,3,3,4,4,2,4,3,3,1,5,3,3,8,2,4,3,2,4,4,4,1,1,5,4,5,2,8,3,6,4,6,7,4,4,2,2,5,6,,,6,3,,,4,2,4,7,3,3,3,4,4,3,3,5,5,4,3,4,6,5,5,4,4,2,6,,4,,,4,7,7,9,3,2,6,4,9,9,6,9,3,2,3,2,3,9,8,4,2,3,8,9,2,9,8,9,5,9,6,9,9,2,2,4,4,3,3,3,,,2,4,,,4,8,4,3,4,4,5,6,2,3,8,8,2,2,2,4,7,8,8,8,6,2,4,3,,4,,,b'\x11\xe8\xe1I\xed\xac\x0f\x14\x9a\xbe\x12\xdf\x17\xaeN\x1e'
11E8E149-EDAC-0F14-9ABE-12DF17AE4E1E,2023-ncaa-d3-natl,ncaa,132,131,109,138,120,63,84,65,145,163,147,204,40,62,24,119,76,52,273,52,86,62,42,100,112,132,55,59,206,116,218,155,338,138,307,84,188,346,221,203,23,40,258,259,,,384,264,,,140,37,22,80,42,70,50,177,166,32,65,75,56,56,43,28,123,201,157,85,306,20,283,,376,,,139,361,309,348,171,172,168,203,418,420,288,398,343,323,319,317,344,360,403,243,266,130,412,399,272,392,338,379,218,396,307,376,384,22,39,130,279,175,201,165,,,35,137,,,140,393,142,157,153,313,259,304,136,116,407,406,328,308,299,316,402,357,344,360,341,17,248,178,,37,,,b'\x11\xe8\xe1I\xed\xac\x0f\x14\x9a\xbe\x12\xdf\x17\xaeN\x1e'
11E8E149-EDAC-0F14-9ABE-12DF17AE4E1E,2024-ncaa-d3-conf-SCAC,ncaa,4,4,2,4,2,3,4,4,4,5,4,3,2,2,3,3,4,4,3,4,6,4,2,3,3,4,3,3,7,7,5,2,7,2,4,4,8,9,8,7,3,4,5,5,,,5,1,,,4,1,1,1,4,4,5,5,6,2,3,4,7,8,5,1,7,2,5,6,9,3,6,,2,,,4,8,8,9,2,2,5,3,9,9,4,9,4,6,3,6,7,9,9,2,2,3,8,9,3,9,7,5,5,9,4,8,9,2,3,6,9,9,7,6,,,3,8,,,4,9,4,4,4,6,5,9,3,2,8,9,3,5,5,9,9,9,4,6,8,3,9,5,,8,,,b'\x11\xe8\xe1I\xed\xac\x0f\x14\x9a\xbe\x12\xdf\x17\xaeN\x1e'
11E8E149-EDAC-0F14-9ABE-12DF17AE4E1E,2024-ncaa-d3-natl,ncaa,251,297,112,276,115,159,205,231,181,265,298,188,94,109,93,108,51,101,21,114,47,208,126,135,99,196,55,109,72,314,330,160,381,238,344,266,344,385,362,352,86,148,264,250,,,245,100,,,283,80,100,12,171,243,301,299,353,97,120,51,112,126,260,141,349,194,288,298,367,99,286,,211,,,280,384,337,378,171,130,132,167,427,427,385,425,270,270,228,280,336,382,384,301,288,255,424,427,139,407,381,259,330,362,344,416,425,72,152,323,395,371,120,180,,,121,151,,,283,354,238,307,271,356,304,357,99,81,426,427,253,245,261,365,386,396,208,324,401,71,380,100,,119,,,b'\x11\xe8\xe1I\xed\xac\x0f\x14\x9a\xbe\x12\xdf\x17\xaeN\x1e'
11E8E149-EDAC-0F14-9ABE-12DF17AE4E1E,2025-ncaa-d3-conf-SCAC,genius_ncaa,9,9,7,9,9,8,6,3,10,7,3,10,8,7,10,6,9,9,10,9,9,4,4,11,11,10,9,7,9,4,5,11,11,9,11,10,10,5,5,9,4,4,10,11,,,9,8,,7,9,4,1,9,7,6,2,3,3,7,5,9,8,8,2,1,4,12,9,10,7,4,10,,10,,8,9,8,9,5,11,11,10,9,3,1,8,1,12,12,12,12,9,7,8,10,10,9,4,1,12,5,11,9,5,8,11,6,3,4,3,4,2,2,11,7,,,10,12,,5,9,9,8,9,9,10,10,7,11,12,4,2,12,12,12,9,10,6,11,11,7,2,4,11,,11,,5,b'\x11\xe8\xe1I\xed\xac\x0f\x14\x9a\xbe\x12\xdf\x17\xaeN\x1e'
11E8E149-EDAC-0F14-9ABE-12DF17AE4E1E,2025-ncaa-d3-natl,genius_ncaa,343,319,373,345,378,319,310,293,301,306,300,282,233,196,278,132,322,312,314,308,230,302,328,291,310,284,172,144,270,286,227,400,340,388,332,325,301,116,193,267,183,113,381,379,,,194,307,,138,328,332,66,258,205,202,67,229,162,151,89,262,210,199,72,78,174,404,347,264,248,91,374,,360,,188,338,246,183,39,386,230,98,365,123,36,379,66,383,355,380,353,377,61,74,378,403,384,238,92,382,112,340,78,227,76,332,148,138,247,176,205,99,166,141,210,,,328,276,,209,328,75,291,369,334,381,346,236,362,296,242,122,412,405,404,302,321,245,279,273,275,125,210,231,,189,,150,b'\x11\xe8\xe1I\xed\xac\x0f\x14\x9a\xbe\x12\xdf\x17\xaeN\x1e'
11E8E149-EDAC-0F14-9ABE-12DF17AE4E1E,2026-ncaa-d3-conf-SCAC,genius_ncaa,3,4,1,3,1,2,2,1,2,2,2,3,1,1,2,1,1,2,1,2,2,1,1,2,2,2,1,1,2,1,4,2,2,2,4,2,2,4,2,2,1,3,2,3,,,3,4,,2,4,1,1,1,2,2,1,3,3,1,1,1,3,2,1,2,3,4,4,3,2,3,3,,3,,2,4,4,4,3,4,4,4,3,3,3,4,1,3,4,1,4,4,3,3,4,4,4,2,3,1,3,2,4,4,4,4,4,1,2,4,4,2,1,4,4,,,1,2,,1,4,3,2,4,4,4,4,1,4,4,3,1,2,4,4,3,1,1,4,4,3,4,1,4,,1,,1,b'\x11\xe8\xe1I\xed\xac\x0f\x14\x9a\xbe\x12\xdf\x17\xaeN\x1e'
11E8E149-EDAC-0F14-9ABE-12DF17AE4E1E,2026-ncaa-d3-natl,genius_ncaa,390,366,215,390,249,334,369,302,394,387,367,366,221,132,352,37,148,163,175,154,18,293,277,379,353,349,18,100,18,193,198,308,325,283,304,359,293,229,300,359,369,384,334,353,,,246,348,,271,376,285,244,113,350,390,310,406,396,197,59,81,91,78,267,198,140,307,242,376,283,384,332,,351,,303,372,260,247,152,382,282,212,331,142,67,375,26,334,372,113,365,362,179,145,371,372,389,152,84,331,241,325,206,198,212,304,108,20,325,336,234,195,246,210,346,,,132,29,,8,376,124,328,390,375,356,337,209,360,314,176,48,386,402,401,284,222,304,307,313,126,334,231,257,,32,,1,b'\x11\xe8\xe1I\xed\xac\x0f\x14\x9a\xbe\x12\xdf\x17\xaeN\x1e'
11E8E149-EDB0-A9B6-9ABE-12DF17AE4E1E,2018-ncaa-d3-conf-Landmark,ncaa,1,1,1,1,1,1,3,5,1,5,8,1,1,3,1,1,1,2,2,1,1,4,5,1,1,1,1,1,1,8,8,2,4,4,4,1,1,1,1,1,7,7,2,3,,,4,2,,,1,4,8,1,3,4,7,7,8,1,3,3,2,2,7,8,8,3,7,2,1,8,2,,2,,,1,3,4,7,1,4,7,1,3,2,2,2,5,3,7,3,2,6,6,1,1,3,4,3,5,6,4,6,8,6,4,1,2,6,7,4,1,1,3,4,,,1,1,,,1,5,1,3,1,1,2,4,3,6,2,1,4,2,2,3,1,4,1,1,1,7,1,3,,1,,,b'\x11\xe8\xe1I\xed\xb0\xa9\xb6\x9a\xbe\x12\xdf\x17\xaeN\x1e'
11E8E149-EDB0-A9B6-9ABE-12DF17AE4E1E,2018-ncaa-d3-natl,ncaa,5,3,8,4,8,37,60,162,17,123,240,29,29,97,8,122,36,67,24,57,38,140,165,11,8,9,78,102,154,394,392,14,43,111,107,22,14,112,80,16,379,426,52,81,,,128,65,,,29,112,438,19,139,196,431,276,419,84,219,107,203,189,421,443,439,108,365,53,15,436,84,,21,,,37,187,212,396,35,199,405,16,269,246,270,158,144,89,424,88,29,366,318,32,29,86,227,278,141,177,43,208,392,194,107,140,104,259,351,213,112,99,304,330,,,32,8,,,29,328,17,84,30,26,31,96,45,190,124,85,43,22,21,48,12,55,29,30,39,426,37,180,,184,,,b'\x11\xe8\xe1I\xed\xb0\xa9\xb6\x9a\xbe\x12\xdf\x17\xaeN\x1e'
11E8E149-EDB0-A9B6-9ABE-12DF17AE4E1E,2019-ncaa-d3-conf-Landmark,ncaa,1,1,1,1,2,2,1,3,1,2,5,1,1,1,1,2,4,4,4,4,3,3,4,1,1,1,4,3,6,6,6,1,1,3,1,1,1,2,4,1,6,6,1,1,,,3,2,,,1,4,7,6,3,1,7,3,7,2,2,4,4,4,6,8,7,1,4,1,1,6,1,,2,,,1,2,3,6,1,3,7,1,3,3,4,2,2,3,2,3,2,6,5,1,1,1,6,6,5,3,1,3,6,3,1,1,2,4,4,3,3,2,2,2,,,4,5,,,1,5,1,1,1,1,1,2,2,5,2,1,1,1,1,2,1,1,1,1,1,7,1,1,,5,,,b'\x11\xe8\xe1I\xed\xb0\xa9\xb6\x9a\xbe\x12\xdf\x17\xaeN\x1e'
11E8E149-EDB0-A9B6-9ABE-12DF17AE4E1E,2019-ncaa-d3-natl,ncaa,3,7,2,7,3,23,25,60,9,43,143,11,25,58,17,114,94,159,50,154,189,70,61,9,10,13,172,110,347,345,373,2,24,30,76,10,28,341,233,43,280,384,8,26,,,291,109,,,15,26,423,292,152,147,418,200,399,102,223,288,363,361,425,437,433,39,276,56,87,415,23,,42,,,24,182,185,430,7,208,438,4,187,282,69,116,225,189,337,173,45,428,417,3,3,17,216,197,245,312,24,297,373,320,76,126,100,149,295,112,353,268,421,384,,,43,95,,,15,422,41,22,15,8,12,98,25,211,39,53,61,38,38,54,20,73,27,31,15,385,143,310,,291,,,b'\x11\xe8\xe1I\xed\xb0\xa9\xb6\x9a\xbe\x12\xdf\x17\xaeN\x1e'
11E8E149-EDB0-A9B6-9ABE-12DF17AE4E1E,2020-ncaa-d3-conf-Landmark,ncaa,1,1,1,1,2,2,2,3,3,5,6,2,1,1,3,1,4,5,1,5,4,3,4,1,1,1,1,1,6,6,6,2,1,2,3,3,3,2,2,2,2,2,3,2,,,6,6,,,1,3,8,3,3,4,5,6,8,1,1,6,7,7,6,8,8,5,7,4,1,4,4,,5,,,1,1,1,1,1,1,2,1,7,4,6,6,4,5,5,4,5,1,4,1,1,2,7,7,6,1,1,5,6,3,3,1,6,2,2,2,1,1,2,4,,,4,3,,,1,6,1,1,1,1,1,1,1,1,4,2,3,3,3,1,1,1,3,1,1,4,1,1,,7,,,b'\x11\xe8\xe1I\xed\xb0\xa9\xb6\x9a\xbe\x12\xdf\x17\xaeN\x1e'
11E8E149-EDB0-A9B6-9ABE-12DF17AE4E1E,2020-ncaa-d3-natl,ncaa,18,15,26,19,60,57,57,84,66,129,232,53,25,32,65,62,154,168,180,168,168,97,118,37,47,37,98,53,351,184,212,77,18,112,98,30,47,108,61,17,87,88,55,35,,,377,372,,,22,106,341,391,95,103,221,214,357,38,64,240,269,267,241,343,279,195,243,43,40,126,78,,273,,,19,89,51,149,45,43,124,24,274,260,261,298,277,294,211,300,344,167,263,69,88,45,405,356,355,65,18,281,212,172,98,157,308,64,59,65,61,39,124,137,,,108,151,,,22,334,40,27,18,18,11,18,12,24,196,157,189,190,194,18,48,19,127,53,88,131,31,76,,237,,,b'\x11\xe8\xe1I\xed\xb0\xa9\xb6\x9a\xbe\x12\xdf\x17\xaeN\x1e'
11E8E149-EDB0-A9B6-9ABE-12DF17AE4E1E,2021-ncaa-d3-conf-Landmark,ncaa,1,1,3,1,4,4,4,5,3,5,5,2,1,1,1,1,4,5,1,5,2,5,5,1,2,1,1,1,4,4,3,2,1,3,1,4,5,2,3,5,5,4,1,1,,,3,5,,,1,5,5,2,3,4,5,5,5,1,1,4,4,4,5,5,4,1,1,4,3,4,1,,5,,,1,1,1,1,1,1,1,1,2,2,2,3,1,4,1,4,5,1,1,1,1,1,5,5,5,1,1,1,3,1,1,1,3,5,5,2,2,3,1,2,,,5,4,,,1,1,1,1,1,1,1,1,1,1,2,2,2,5,5,1,1,2,1,1,1,5,2,1,,5,,,b'\x11\xe8\xe1I\xed\xb0\xa9\xb6\x9a\xbe\x12\xdf\x17\xaeN\x1e'
11E8E149-EDB0-A9B6-9ABE-12DF17AE4E1E,2021-ncaa-d3-natl,ncaa,63,28,176,36,180,170,173,187,132,191,201,113,106,114,106,25,170,192,13,191,147,190,190,101,92,95,39,36,175,155,49,158,100,159,34,178,188,94,136,146,216,251,41,6,,,133,249,,,61,193,262,110,146,160,197,224,263,47,44,165,228,226,220,235,90,32,46,178,97,261,3,,200,,,62,83,78,96,13,76,108,9,88,86,111,76,120,137,30,136,196,102,95,12,14,36,227,159,246,118,100,89,49,95,34,84,180,208,239,169,90,91,98,176,,,192,175,,,61,92,77,46,55,24,15,85,17,140,73,72,146,200,200,115,38,170,39,72,62,262,75,112,,216,,,b'\x11\xe8\xe1I\xed\xb0\xa9\xb6\x9a\xbe\x12\xdf\x17\xaeN\x1e'
11E8E149-EDB0-A9B6-9ABE-12DF17AE4E1E,2022-ncaa-d3-conf-Landmark,ncaa,1,1,1,1,1,2,2,1,3,5,6,4,1,1,2,1,4,4,1,4,2,1,1,2,3,2,1,1,5,3,4,1,1,1,2,1,3,1,1,1,3,3,3,2,,,8,6,,,1,1,8,3,2,5,4,6,8,1,1,4,4,5,4,8,6,1,2,3,1,4,3,,4,,,1,1,1,6,1,1,3,1,4,8,1,8,6,5,4,5,7,6,6,1,1,1,8,7,7,2,1,7,4,7,2,1,1,3,3,2,3,3,1,1,,,4,4,,,1,8,2,1,1,1,1,1,1,1,2,8,4,3,3,1,1,1,4,2,1,6,2,1,,4,,,b'\x11\xe8\xe1I\xed\xb0\xa9\xb6\x9a\xbe\x12\xdf\x17\xaeN\x1e'
11E8E149-EDB0-A9B6-9ABE-12DF17AE4E1E,2022-ncaa-d3-natl,ncaa,4,15,3,14,3,18,29,27,76,121,156,109,9,20,6,38,86,149,24,152,209,34,38,29,29,25,28,22,339,67,150,10,82,23,66,27,109,194,65,33,145,227,16,18,,,378,254,,,24,41,417,111,110,149,281,305,389,22,62,254,357,360,322,409,244,132,197,101,25,289,33,,127,,,38,304,296,398,52,226,341,67,382,411,134,354,232,246,167,247,151,397,381,73,63,98,330,356,170,305,82,344,150,345,66,287,221,145,277,219,174,74,104,77,,,32,125,,,24,390,22,100,29,33,38,68,32,40,196,254,52,47,49,49,14,91,59,56,88,351,33,23,,256,,,b'\x11\xe8\xe1I\xed\xb0\xa9\xb6\x9a\xbe\x12\xdf\x17\xaeN\x1e'
11E8E149-EDB0-A9B6-9ABE-12DF17AE4E1E,2023-ncaa-d3-conf-Landmark,ncaa,1,1,1,1,1,2,2,1,2,2,4,3,1,1,2,2,3,4,1,4,5,1,2,2,2,2,1,1,6,3,4,1,1,1,1,2,5,1,1,1,1,2,4,5,,,2,1,,,1,2,7,1,2,2,2,3,5,1,1,4,6,6,3,6,3,1,1,2,1,2,4,,1,,,1,1,2,7,1,1,6,1,4,7,2,7,1,1,1,1,1,7,7,1,1,1,5,7,1,3,1,7,4,7,1,2,3,3,3,1,1,1,4,5,,,5,7,,,1,7,2,1,1,1,1,3,1,3,3,6,1,1,1,2,1,2,4,2,1,4,1,4,,8,,,b'\x11\xe8\xe1I\xed\xb0\xa9\xb6\x9a\xbe\x12\xdf\x17\xaeN\x1e'
11E8E149-EDB0-A9B6-9ABE-12DF17AE4E1E,2023-ncaa-d3-natl,ncaa,4,2,13,3,21,32,38,25,112,53,44,155,60,72,65,187,66,167,6,154,330,31,60,105,95,31,186,157,271,41,113,23,94,20,85,62,234,24,1,6,56,69,83,111,,,173,105,,,11,91,393,217,80,82,92,113,138,98,143,153,304,295,114,315,101,94,80,115,1,114,130,,40,,,12,87,126,320,16,122,317,20,185,266,68,239,84,86,124,90,57,290,326,21,13,14,196,277,118,247,94,370,113,342,85,95,110,95,117,59,10,2,238,116,,,160,293,,,11,330,19,19,9,9,20,73,29,111,80,129,25,24,27,41,49,126,179,136,36,198,1,139,,342,,,b'\x11\xe8\xe1I\xed\xb0\xa9\xb6\x9a\xbe\x12\xdf\x17\xaeN\x1e'
11E8E149-EDB0-A9B6-9ABE-12DF17AE4E1E,2024-ncaa-d3-conf-Landmark,ncaa,1,1,1,1,3,3,3,2,4,3,2,4,2,3,3,5,5,4,5,4,7,2,2,4,4,4,6,3,9,1,1,3,1,1,1,4,7,1,2,3,1,1,6,4,,,5,5,,,1,3,7,5,3,3,2,3,3,3,3,5,6,6,2,3,1,3,1,4,1,1,6,,4,,,1,1,1,1,1,1,1,1,1,3,2,7,2,3,1,3,4,1,4,1,1,1,5,5,5,1,1,2,1,1,1,1,2,2,1,1,1,1,2,1,,,6,8,,,1,8,3,1,1,1,1,1,1,1,1,2,1,3,3,1,1,1,2,1,1,2,1,1,,7,,,b'\x11\xe8\xe1I\xed\xb0\xa9\xb6\x9a\xbe\x12\xdf\x17\xaeN\x1e'
11E8E149-EDB0-A9B6-9ABE-12DF17AE4E1E,2024-ncaa-d3-natl,ncaa,7,7,5,9,5,16,15,9,102,21,19,127,41,63,74,214,50,67,90,56,298,10,16,105,108,55,224,182,299,9,9,15,5,4,4,50,309,114,7,37,14,18,20,18,,,388,314,,,5,31,374,94,68,72,83,91,112,122,172,185,235,225,90,237,33,157,57,148,10,45,62,,181,,,8,111,88,295,14,76,230,18,195,344,32,291,280,299,167,296,279,299,370,16,21,15,344,266,346,65,5,289,9,169,4,59,66,28,33,10,31,3,283,97,,,70,316,,,5,400,23,8,5,5,7,15,6,23,56,116,101,115,113,13,27,8,19,5,4,106,4,138,,315,,,b'\x11\xe8\xe1I\xed\xb0\xa9\xb6\x9a\xbe\x12\xdf\x17\xaeN\x1e'
11E8E149-EDB0-A9B6-9ABE-12DF17AE4E1E,2025-ncaa-d3-conf-Landmark,genius_ncaa,1,1,2,1,3,2,1,3,2,2,5,1,2,2,3,2,3,4,2,4,9,3,3,1,2,1,5,3,10,3,2,3,1,3,1,1,1,1,1,1,2,1,1,1,,,5,6,,5,1,4,9,7,1,1,3,3,5,1,2,5,8,8,3,8,2,6,6,1,1,2,1,,3,,4,1,1,1,1,1,1,1,1,2,3,4,8,3,1,3,2,4,1,2,1,1,1,10,10,5,1,1,2,2,1,1,1,3,3,2,1,1,1,2,4,,,6,8,,1,1,7,1,1,1,1,1,1,1,1,2,2,2,1,1,1,1,1,2,1,1,2,1,1,,10,,1,b'\x11\xe8\xe1I\xed\xb0\xa9\xb6\x9a\xbe\x12\xdf\x17\xaeN\x1e'
11E8E149-EDB0-A9B6-9ABE-12DF17AE4E1E,2025-ncaa-d3-natl,genius_ncaa,7,4,11,7,13,3,3,16,7,15,75,7,2,14,12,82,68,133,21,131,256,17,35,5,6,2,149,78,375,27,13,10,25,14,5,2,2,107,13,1,15,14,7,2,,,257,168,,236,2,44,336,258,9,8,89,31,229,13,61,178,289,289,109,244,71,87,66,2,15,36,13,,76,,171,2,47,54,275,7,50,253,6,168,273,61,241,140,145,142,150,131,262,352,9,10,8,303,287,228,121,25,162,13,132,5,46,96,35,42,11,31,8,291,196,,,103,286,,84,2,367,2,5,2,2,5,21,6,39,59,87,35,40,44,13,42,30,15,12,16,92,5,178,,306,,143,b'\x11\xe8\xe1I\xed\xb0\xa9\xb6\x9a\xbe\x12\xdf\x17\xaeN\x1e'
11E8E149-EDB0-A9B6-9ABE-12DF17AE4E1E,2026-ncaa-d3-conf-Landmark,genius_ncaa,1,1,1,1,1,1,1,2,1,1,4,1,2,4,1,6,2,4,2,4,6,2,4,1,1,1,6,6,9,2,1,8,1,6,1,1,2,1,2,1,2,2,1,1,,,5,9,,2,1,8,8,1,1,1,2,1,4,2,4,2,4,4,2,4,2,8,6,1,1,2,1,,5,,2,1,2,2,1,3,1,1,3,6,3,6,9,7,4,6,4,10,1,1,4,5,2,9,9,10,1,1,1,1,1,1,4,9,2,2,2,2,2,1,1,,,7,8,,6,1,3,1,2,1,2,2,1,1,1,6,3,7,4,4,1,1,1,1,1,4,2,2,1,,7,,6,b'\x11\xe8\xe1I\xed\xb0\xa9\xb6\x9a\xbe\x12\xdf\x17\xaeN\x1e'
11E8E149-EDB0-A9B6-9ABE-12DF17AE4E1E,2026-ncaa-d3-natl,genius_ncaa,1,1,42,1,64,8,6,38,11,8,57,6,41,51,102,162,96,135,95,126,287,39,98,12,13,5,290,199,361,16,4,182,38,74,9,3,21,46,1,1,13,2,14,4,,,263,289,,104,1,151,401,113,10,9,56,12,118,78,101,180,253,250,71,278,23,365,161,4,3,22,26,,119,,72,3,100,85,123,59,60,108,32,209,180,283,281,183,168,226,147,248,121,213,84,105,11,364,347,304,77,38,152,4,114,9,117,268,26,8,7,32,4,320,234,,,97,192,,236,1,255,2,8,2,2,2,1,4,5,102,47,63,50,41,1,6,12,13,5,25,49,4,269,,229,,292,b'\x11\xe8\xe1I\xed\xb0\xa9\xb6\x9a\xbe\x12\xdf\x17\xaeN\x1e'
11E8E149-EDB5-3530-9ABE-12DF17AE4E1E,2018-ncaa-d3-conf-SAA,ncaa,6,6,5,6,7,4,4,3,5,4,5,5,2,2,2,1,7,7,3,7,7,5,5,5,6,2,3,1,8,5,6,8,7,7,8,5,7,1,1,2,5,4,8,7,,,5,6,,,6,5,5,4,3,2,2,3,4,1,1,7,7,7,3,4,5,7,6,5,1,4,8,,7,,,6,6,6,3,8,7,4,8,5,4,6,5,7,5,5,5,6,3,4,7,8,8,4,4,4,6,7,5,6,6,8,6,6,6,5,7,1,2,8,8,,,8,8,,,6,3,2,8,6,8,8,6,8,6,5,5,8,7,7,7,8,7,8,8,7,4,1,8,,8,,,b'\x11\xe8\xe1I\xed\xb550\x9a\xbe\x12\xdf\x17\xaeN\x1e'
11E8E149-EDB5-3530-9ABE-12DF17AE4E1E,2018-ncaa-d3-natl,ncaa,280,279,305,286,305,193,217,235,192,287,347,166,63,66,122,51,232,263,156,259,142,246,345,129,134,71,64,55,283,346,385,353,315,372,376,278,361,15,11,77,257,241,406,404,,,371,425,,,260,323,309,6,111,144,123,275,337,38,39,192,213,212,129,293,340,349,372,260,13,237,413,,416,,,260,303,216,93,366,171,77,368,324,265,370,303,394,395,236,393,430,141,112,381,399,405,393,297,384,206,315,280,385,254,376,239,243,331,301,334,23,50,353,418,,,315,227,,,260,104,100,407,262,366,299,179,235,117,359,304,421,422,422,247,210,277,355,336,299,302,46,387,,289,,,b'\x11\xe8\xe1I\xed\xb550\x9a\xbe\x12\xdf\x17\xaeN\x1e'
11E8E149-EDB5-3530-9ABE-12DF17AE4E1E,2019-ncaa-d3-conf-SAA,ncaa,7,7,5,7,5,4,4,3,4,5,7,4,1,1,2,1,6,6,3,6,6,4,4,4,4,3,1,1,7,5,5,8,7,7,7,4,3,4,5,3,1,1,7,7,,,8,8,,,6,4,1,1,3,2,1,5,6,1,1,6,6,6,1,1,4,8,7,2,6,1,7,,8,,,6,8,7,2,8,7,3,8,4,2,8,2,7,8,2,8,8,4,5,8,7,7,5,2,6,6,7,5,5,6,7,8,8,2,2,5,3,2,8,8,,,7,8,,,6,5,4,7,5,8,7,4,7,4,5,2,7,8,8,5,8,6,7,8,8,1,3,8,,6,,,b'\x11\xe8\xe1I\xed\xb550\x9a\xbe\x12\xdf\x17\xaeN\x1e'
11E8E149-EDB5-3530-9ABE-12DF17AE4E1E,2019-ncaa-d3-natl,ncaa,306,304,317,320,321,279,306,343,256,394,415,226,45,48,111,18,321,341,210,337,93,354,375,147,166,167,15,13,317,391,391,393,322,396,387,301,262,80,200,223,103,55,434,422,,,399,441,,,248,356,327,67,245,289,312,405,430,18,25,310,331,327,332,362,387,409,422,282,139,63,438,,439,,,252,154,109,38,363,98,28,394,246,201,298,334,336,387,43,380,440,58,87,384,386,297,369,280,366,157,322,214,391,188,387,153,240,149,79,124,29,54,314,426,,,356,259,,,248,91,205,304,243,243,179,39,150,28,294,268,375,423,420,88,170,216,297,276,209,101,43,344,,335,,,b'\x11\xe8\xe1I\xed\xb550\x9a\xbe\x12\xdf\x17\xaeN\x1e'
11E8E149-EDB5-3530-9ABE-12DF17AE4E1E,2020-ncaa-d3-conf-SAA,ncaa,7,7,5,7,5,5,6,6,6,6,7,5,5,4,6,4,5,4,3,4,4,6,8,6,5,4,5,5,2,8,8,8,8,8,8,8,8,3,4,5,4,3,6,5,,,6,7,,,7,6,5,3,5,6,5,6,6,5,4,4,4,4,5,7,8,8,8,8,4,3,6,,6,,,7,6,6,2,7,4,2,7,7,4,8,6,8,7,8,7,8,2,3,8,8,7,7,6,6,3,8,6,8,5,8,7,5,2,3,5,4,4,8,8,,,5,4,,,7,3,6,7,7,7,6,2,4,2,8,5,8,7,7,3,4,5,7,7,8,2,4,8,,4,,,b'\x11\xe8\xe1I\xed\xb550\x9a\xbe\x12\xdf\x17\xaeN\x1e'
11E8E149-EDB5-3530-9ABE-12DF17AE4E1E,2020-ncaa-d3-natl,ncaa,285,306,198,299,272,318,342,363,294,360,389,217,200,146,320,68,221,221,221,208,36,355,370,262,253,260,80,132,108,355,372,398,331,395,379,410,435,129,249,384,201,152,381,323,,,401,433,,,336,365,372,285,339,364,398,381,414,205,128,206,219,209,387,403,374,428,425,425,147,181,390,,410,,,334,231,116,32,372,67,21,372,355,262,389,363,404,406,237,407,438,58,79,397,414,369,425,361,405,161,331,230,372,197,379,111,143,184,104,121,97,180,233,366,,,194,46,,,336,77,284,355,336,259,147,16,77,11,349,284,412,407,410,55,81,179,239,227,131,162,114,248,,150,,,b'\x11\xe8\xe1I\xed\xb550\x9a\xbe\x12\xdf\x17\xaeN\x1e'
11E8E149-EDB5-3530-9ABE-12DF17AE4E1E,2022-ncaa-d3-conf-SAA,ncaa,6,6,4,7,4,6,6,6,5,6,6,4,3,3,4,4,8,8,3,8,7,6,6,3,4,5,5,3,7,7,6,7,6,7,7,5,3,6,7,6,4,4,8,7,,,6,8,,,8,5,7,2,6,5,7,5,7,4,4,8,8,8,7,6,7,6,6,5,6,5,8,,7,,,7,6,5,4,7,5,4,7,3,3,6,2,7,6,5,6,8,4,4,7,7,7,4,3,7,5,6,4,6,4,7,5,3,5,4,5,6,6,6,7,,,5,5,,,8,3,5,7,7,6,6,2,7,3,3,3,7,7,7,2,4,4,3,5,3,6,5,6,,6,,,b'\x11\xe8\xe1I\xed\xb550\x9a\xbe\x12\xdf\x17\xaeN\x1e'
11E8E149-EDB5-3530-9ABE-12DF17AE4E1E,2022-ncaa-d3-natl,ncaa,302,290,300,313,309,276,316,365,170,308,363,155,232,262,163,173,131,185,69,190,40,352,347,161,111,183,106,188,35,305,208,359,253,351,235,292,213,213,334,293,320,284,401,374,,,341,425,,,263,352,356,57,228,303,394,303,364,205,221,62,92,97,367,338,267,359,341,269,290,304,405,,407,,,266,171,83,45,328,76,26,379,247,236,240,366,381,388,192,389,429,66,71,352,382,360,403,277,407,107,253,62,208,64,235,55,84,301,222,155,174,261,120,246,,,99,4,,,263,77,194,354,269,281,174,44,131,19,316,314,405,412,413,121,100,170,93,118,103,256,226,168,,16,,,b'\x11\xe8\xe1I\xed\xb550\x9a\xbe\x12\xdf\x17\xaeN\x1e'
11E8E149-EDB5-3530-9ABE-12DF17AE4E1E,2023-ncaa-d3-conf-SAA,ncaa,8,8,5,8,6,8,8,8,7,8,8,7,4,3,7,1,8,8,4,8,4,8,8,7,8,8,2,1,5,8,8,5,7,8,6,8,3,7,8,8,8,8,6,7,,,1,2,,,8,8,7,4,8,8,8,8,8,4,3,8,8,8,8,8,8,5,8,8,8,8,6,,2,,,8,6,6,4,6,6,5,5,5,3,7,2,2,2,7,2,1,4,2,6,6,7,3,3,2,7,7,4,8,6,6,5,4,8,8,8,7,8,4,7,,,8,7,,,8,1,8,8,8,6,6,7,6,7,5,4,2,2,2,7,5,7,6,6,6,8,8,4,,8,,,b'\x11\xe8\xe1I\xed\xb550\x9a\xbe\x12\xdf\x17\xaeN\x1e'
11E8E149-EDB5-3530-9ABE-12DF17AE4E1E,2023-ncaa-d3-natl,ncaa,366,411,109,382,151,254,309,303,297,359,382,256,97,78,189,38,109,136,98,128,18,278,225,229,194,274,16,49,50,341,343,191,304,278,318,294,244,375,371,355,403,420,327,366,,,320,281,,,373,179,230,242,311,365,403,402,418,105,91,113,148,142,379,321,379,248,351,332,328,420,350,,298,,,361,412,387,338,351,380,341,321,317,260,343,165,403,395,363,390,336,369,284,344,373,410,256,177,328,325,304,232,343,297,318,208,41,361,399,333,352,346,274,385,,,105,54,,,373,256,304,404,365,369,341,297,338,286,289,222,395,389,380,327,224,288,189,239,177,396,317,252,,104,,,b'\x11\xe8\xe1I\xed\xb550\x9a\xbe\x12\xdf\x17\xaeN\x1e'
11E8E149-EDB5-3530-9ABE-12DF17AE4E1E,2024-ncaa-d3-conf-SAA,ncaa,5,5,5,5,5,4,5,8,1,6,8,1,1,3,2,1,3,3,7,3,2,8,5,1,1,3,2,1,4,7,3,5,8,5,5,4,1,8,8,7,6,6,8,8,,,7,5,,,6,5,2,1,2,5,8,6,8,1,1,3,2,2,8,2,6,4,4,2,8,6,8,,7,,,6,8,8,6,6,8,6,6,4,2,5,1,7,7,4,7,4,7,7,6,6,6,1,1,3,7,8,1,3,3,5,8,6,5,6,6,8,8,6,8,,,3,3,,,6,4,3,7,6,8,8,8,8,8,5,4,8,8,8,8,8,8,1,5,8,5,8,7,,2,,,b'\x11\xe8\xe1I\xed\xb550\x9a\xbe\x12\xdf\x17\xaeN\x1e'
11E8E149-EDB5-3530-9ABE-12DF17AE4E1E,2024-ncaa-d3-natl,ncaa,339,329,345,346,346,249,302,384,93,335,396,93,160,233,49,125,85,82,182,84,6,370,346,65,44,149,39,120,42,321,163,375,385,357,277,272,167,347,381,331,385,396,404,404,,,279,361,,,350,345,227,3,170,256,399,310,400,106,175,26,19,20,345,214,274,347,349,222,377,385,405,,377,,,352,361,350,146,413,345,179,409,274,154,386,173,311,352,105,354,354,181,113,411,413,415,182,171,214,315,385,25,163,67,277,319,218,361,372,390,322,353,294,412,,,101,12,,,350,85,174,416,351,407,393,330,391,315,350,272,386,402,403,368,301,362,37,181,358,352,351,354,,10,,,b'\x11\xe8\xe1I\xed\xb550\x9a\xbe\x12\xdf\x17\xaeN\x1e'
11E8E149-EDB5-3530-9ABE-12DF17AE4E1E,2025-ncaa-d3-conf-SAA,genius_ncaa,5,5,2,5,2,3,4,2,5,4,6,4,1,1,6,1,4,5,4,4,4,2,1,5,5,7,3,1,4,3,7,5,7,5,7,2,1,7,7,7,1,3,5,7,,,7,7,,6,7,1,1,3,4,5,6,5,7,1,1,4,4,4,4,1,5,6,6,1,7,2,6,,7,,6,7,7,7,6,7,7,7,7,1,1,2,1,6,6,6,6,5,7,7,7,7,6,1,1,5,7,7,6,7,7,7,7,6,1,2,4,7,6,3,4,,,4,6,,4,7,7,7,6,7,7,7,3,7,6,2,1,7,7,7,5,7,5,5,6,7,2,7,3,,4,,4,b'\x11\xe8\xe1I\xed\xb550\x9a\xbe\x12\xdf\x17\xaeN\x1e'
11E8E149-EDB5-3530-9ABE-12DF17AE4E1E,2025-ncaa-d3-natl,genius_ncaa,234,269,116,249,166,133,163,170,174,238,294,132,59,54,140,45,97,99,164,98,37,155,96,126,117,192,46,60,150,191,205,296,334,258,293,140,138,378,331,270,146,199,363,385,,,414,413,,418,259,67,76,258,133,185,187,280,347,58,53,101,99,94,160,93,223,374,326,149,347,154,384,,413,,419,259,386,356,237,370,396,314,380,61,80,96,38,412,413,224,411,379,320,343,335,370,322,88,16,385,299,334,219,205,261,293,293,161,83,114,167,278,221,161,224,,,72,110,,21,259,336,212,314,264,345,319,186,374,292,50,55,406,408,406,273,317,276,177,214,260,88,253,129,,65,,14,b'\x11\xe8\xe1I\xed\xb550\x9a\xbe\x12\xdf\x17\xaeN\x1e'
11E8E149-EDB5-3530-9ABE-12DF17AE4E1E,2026-ncaa-d3-natl,genius_ncaa,157,132,215,163,324,102,184,256,76,230,307,80,72,144,51,126,7,24,28,25,6,214,177,46,10,61,24,130,12,129,31,222,206,176,50,76,33,316,329,200,213,230,195,251,,,305,333,,347,177,194,23,404,6,86,176,181,298,31,73,2,5,5,68,24,63,108,62,24,375,164,172,,387,,386,176,295,308,236,358,341,297,335,162,133,232,57,279,256,287,245,180,243,223,331,332,356,69,68,214,201,206,80,31,114,50,213,56,272,306,260,302,302,151,227,,,68,24,,98,177,226,52,339,180,387,386,369,394,392,199,156,346,335,334,381,374,265,54,124,276,221,350,175,,4,,79,b'\x11\xe8\xe1I\xed\xb550\x9a\xbe\x12\xdf\x17\xaeN\x1e'
11E8E149-EDB9-9E72-9ABE-12DF17AE4E1E,2018-ncaa-d3-conf-ODAC,ncaa,8,9,5,9,6,7,7,10,6,9,11,5,4,5,2,4,6,8,1,8,5,10,12,3,2,4,2,3,5,12,12,4,10,12,12,4,1,4,7,3,12,12,9,10,,,5,3,,,9,6,10,5,7,8,12,11,12,4,5,5,8,9,10,12,12,3,12,5,4,12,9,,4,,,9,6,8,10,6,9,10,5,2,3,3,2,7,8,2,8,4,9,7,3,3,6,3,4,6,12,10,8,12,9,12,4,2,10,11,7,6,8,2,7,,,8,4,,,9,7,7,7,9,7,9,9,10,12,4,3,7,7,7,10,8,11,7,9,4,10,5,2,,8,,,b'\x11\xe8\xe1I\xed\xb9\x9er\x9a\xbe\x12\xdf\x17\xaeN\x1e'
11E8E149-EDB9-9E72-9ABE-12DF17AE4E1E,2018-ncaa-d3-natl,ncaa,218,279,68,252,107,172,198,245,144,193,228,175,197,252,106,240,100,214,4,218,226,245,283,136,93,89,182,223,108,410,423,122,320,269,363,94,25,108,140,54,430,442,158,268,,,171,97,,,254,203,367,303,239,272,396,267,326,229,307,133,295,296,392,429,436,194,393,108,60,443,190,,78,,,250,332,360,389,201,405,434,156,57,50,160,10,324,324,256,323,114,393,317,135,147,270,33,21,262,397,320,277,423,351,363,156,33,369,426,297,130,168,206,194,,,233,188,,,254,265,172,312,239,217,261,303,347,402,27,21,256,250,250,305,183,343,182,258,104,428,88,143,,354,,,b'\x11\xe8\xe1I\xed\xb9\x9er\x9a\xbe\x12\xdf\x17\xaeN\x1e'
11E8E149-EDB9-9E72-9ABE-12DF17AE4E1E,2019-ncaa-d3-conf-ODAC,ncaa,5,7,1,7,1,7,6,6,6,3,3,9,8,12,2,13,6,6,5,6,8,6,5,8,6,8,12,11,6,8,7,1,6,2,6,1,1,11,9,3,10,12,2,2,,,11,9,,,8,5,13,9,10,10,10,8,6,11,13,8,8,8,11,12,10,5,9,3,4,12,3,,7,,,8,10,8,12,3,10,11,3,3,11,1,5,12,10,12,10,9,12,11,2,3,4,6,3,12,12,6,8,7,9,6,5,2,7,12,7,13,11,8,3,,,4,5,,,8,10,9,6,8,3,3,4,5,7,1,4,11,9,9,6,2,6,4,5,1,12,9,5,,8,,,b'\x11\xe8\xe1I\xed\xb9\x9er\x9a\xbe\x12\xdf\x17\xaeN\x1e'
11E8E149-EDB9-9E72-9ABE-12DF17AE4E1E,2019-ncaa-d3-natl,ncaa,137,244,8,184,10,148,130,169,114,80,72,199,308,375,67,408,140,138,200,122,270,157,113,165,158,206,368,371,179,258,305,36,136,91,164,53,18,365,324,148,331,391,91,126,,,405,351,,,231,88,426,206,347,316,425,212,241,381,429,273,293,283,426,430,397,216,340,136,189,417,140,,221,,,230,372,280,383,107,311,376,120,178,277,65,141,436,431,409,431,369,410,365,87,152,230,287,96,423,306,136,297,305,314,164,122,48,258,363,189,401,375,203,103,,,69,99,,,231,368,243,219,222,109,64,65,114,134,64,102,375,343,339,102,29,121,68,76,27,408,295,92,,264,,,b'\x11\xe8\xe1I\xed\xb9\x9er\x9a\xbe\x12\xdf\x17\xaeN\x1e'
11E8E149-EDB9-9E72-9ABE-12DF17AE4E1E,2020-ncaa-d3-conf-ODAC,ncaa,7,5,6,6,8,8,8,11,4,6,6,6,12,13,4,12,6,9,2,9,9,11,11,5,3,5,13,13,6,10,8,8,5,9,5,6,3,4,10,6,6,7,5,3,,,6,9,,,6,11,11,6,7,8,13,4,4,12,13,6,8,8,11,12,12,6,9,6,6,7,5,,8,,,6,1,1,2,1,1,2,1,4,7,2,9,8,7,10,7,9,2,2,1,2,3,11,8,11,3,5,1,8,1,5,1,3,9,7,3,7,11,8,8,,,8,6,,,6,3,7,2,5,2,1,2,1,2,5,6,7,7,7,2,2,6,1,2,1,8,8,10,,10,,,b'\x11\xe8\xe1I\xed\xb9\x9er\x9a\xbe\x12\xdf\x17\xaeN\x1e'
11E8E149-EDB9-9E72-9ABE-12DF17AE4E1E,2020-ncaa-d3-natl,ncaa,134,136,126,140,173,274,245,357,97,122,144,123,414,417,303,422,196,289,32,294,353,359,349,176,152,207,420,429,137,342,251,172,30,252,72,173,74,257,344,219,251,196,120,85,,,182,308,,,164,339,406,303,323,291,417,113,168,424,434,220,328,335,420,422,378,196,305,180,235,277,119,,149,,,165,41,36,67,71,55,107,70,99,115,128,202,225,197,305,189,266,69,72,71,100,97,305,222,350,49,30,43,251,30,72,39,110,251,188,96,276,339,304,257,,,306,225,,,164,102,246,70,160,25,25,28,40,65,82,81,197,176,171,30,16,35,26,22,30,289,263,285,,372,,,b'\x11\xe8\xe1I\xed\xb9\x9er\x9a\xbe\x12\xdf\x17\xaeN\x1e'
11E8E149-EDB9-9E72-9ABE-12DF17AE4E1E,2021-ncaa-d3-conf-ODAC,ncaa,7,8,5,8,5,6,5,5,4,4,4,6,9,10,6,11,7,8,7,8,11,5,5,6,7,8,11,11,10,6,7,5,4,5,4,6,11,6,7,6,8,10,5,4,,,8,10,,,7,5,8,5,8,6,7,1,1,11,11,11,11,11,10,10,9,2,4,7,6,10,6,,10,,,7,6,6,6,1,5,6,4,7,8,2,10,9,9,9,9,11,6,6,1,3,5,11,8,11,5,4,8,7,7,4,5,2,6,8,4,6,9,7,4,,,6,8,,,7,7,8,4,7,4,2,3,1,1,8,9,10,10,11,8,3,6,3,4,2,8,6,6,,9,,,b'\x11\xe8\xe1I\xed\xb9\x9er\x9a\xbe\x12\xdf\x17\xaeN\x1e'
11E8E149-EDB9-9E72-9ABE-12DF17AE4E1E,2021-ncaa-d3-natl,ncaa,128,214,81,179,92,102,75,101,39,51,53,88,186,202,83,280,163,161,196,159,273,106,109,87,106,120,282,266,266,138,199,66,17,83,60,97,191,173,149,114,156,239,120,132,,,221,267,,,125,99,169,77,149,62,149,20,19,260,280,251,249,248,205,209,227,25,94,119,118,245,165,,248,,,132,184,149,169,65,130,153,79,197,207,137,216,237,234,179,235,270,180,178,92,122,148,270,208,264,126,17,179,199,154,60,133,74,133,187,113,160,144,139,53,,,119,161,,,125,189,138,121,125,119,60,82,44,43,188,196,251,245,249,130,83,38,104,69,58,204,119,97,,190,,,b'\x11\xe8\xe1I\xed\xb9\x9er\x9a\xbe\x12\xdf\x17\xaeN\x1e'
11E8E149-EDB9-9E72-9ABE-12DF17AE4E1E,2022-ncaa-d3-conf-ODAC,ncaa,3,4,1,4,1,2,2,3,1,1,1,1,10,12,8,12,3,3,2,3,10,2,2,3,3,4,12,12,9,5,6,1,2,3,3,3,5,7,4,4,10,11,1,1,,,12,12,,,4,1,8,7,5,3,9,1,2,12,12,5,6,6,8,11,8,2,5,4,3,10,2,,9,,,4,7,5,9,1,3,7,1,10,10,7,8,12,12,4,12,12,11,11,2,4,4,12,10,12,5,2,9,6,7,3,5,6,4,6,3,6,5,5,1,,,2,4,,,4,12,4,3,4,3,1,3,1,3,7,8,10,10,10,5,3,3,3,2,4,7,5,3,,7,,,b'\x11\xe8\xe1I\xed\xb9\x9er\x9a\xbe\x12\xdf\x17\xaeN\x1e'
11E8E149-EDB9-9E72-9ABE-12DF17AE4E1E,2022-ncaa-d3-natl,ncaa,39,55,32,50,42,101,59,111,44,19,28,53,366,369,320,405,145,174,118,166,352,114,117,96,100,112,419,415,270,202,240,34,30,71,55,79,182,253,176,105,205,254,36,34,,,356,314,,,103,97,337,161,177,107,292,30,73,399,408,246,298,285,304,354,307,53,166,124,126,287,49,,233,,,114,235,142,282,43,98,248,31,314,313,239,255,386,390,232,392,366,316,319,57,94,111,405,318,396,141,30,258,240,211,55,186,207,162,224,135,246,192,195,74,,,131,210,,,103,342,132,90,101,69,28,67,26,68,202,189,310,312,315,99,72,61,92,62,78,274,159,116,,293,,,b'\x11\xe8\xe1I\xed\xb9\x9er\x9a\xbe\x12\xdf\x17\xaeN\x1e'
11E8E149-EDB9-9E72-9ABE-12DF17AE4E1E,2023-ncaa-d3-conf-ODAC,ncaa,4,7,1,6,1,2,2,1,5,1,1,5,3,4,7,9,8,10,3,11,13,2,2,6,6,3,12,10,12,3,7,2,3,2,4,2,6,5,1,3,7,8,2,3,,,10,5,,,3,1,8,5,4,3,2,2,1,6,7,12,13,13,3,5,5,2,2,3,1,7,4,,3,,,3,8,5,12,3,6,11,3,9,11,4,9,12,12,10,12,7,12,13,3,3,2,12,10,11,8,3,12,7,11,4,3,1,5,8,1,12,7,10,6,,,7,13,,,3,13,3,3,4,4,3,6,3,5,4,9,9,9,9,7,5,5,9,8,1,8,7,7,,11,,,b'\x11\xe8\xe1I\xed\xb9\x9er\x9a\xbe\x12\xdf\x17\xaeN\x1e'
11E8E149-EDB9-9E72-9ABE-12DF17AE4E1E,2023-ncaa-d3-natl,ncaa,67,131,13,116,27,53,36,32,88,32,38,76,143,133,213,256,238,265,130,271,409,45,45,108,124,114,361,284,400,100,188,16,124,32,117,66,248,216,95,90,99,166,52,66,,,320,171,,,45,42,252,288,132,78,122,62,110,224,235,344,377,385,178,260,204,78,133,124,96,183,79,,151,,,54,190,118,352,7,92,311,11,242,329,73,254,361,372,197,367,320,377,387,15,22,29,377,273,391,296,124,359,188,352,117,34,17,65,122,10,333,241,338,188,,,195,361,,,45,389,115,32,52,38,17,103,16,109,136,192,267,272,262,113,157,161,149,145,4,143,225,243,,371,,,b'\x11\xe8\xe1I\xed\xb9\x9er\x9a\xbe\x12\xdf\x17\xaeN\x1e'
11E8E149-EDB9-9E72-9ABE-12DF17AE4E1E,2024-ncaa-d3-conf-ODAC,ncaa,2,2,1,2,1,3,2,2,2,2,1,2,5,5,5,8,3,5,2,5,9,2,3,5,5,2,11,10,7,5,6,2,1,2,2,2,4,7,2,2,6,8,3,4,,,10,5,,,2,3,7,6,4,3,5,2,4,6,8,6,8,10,6,6,7,2,2,3,4,9,5,,7,,,2,6,4,12,3,4,9,2,12,13,5,10,10,10,5,10,8,12,11,3,3,3,13,11,9,5,1,6,6,4,2,3,5,5,6,2,9,6,7,5,,,2,5,,,2,11,2,2,2,3,3,7,2,5,8,11,7,8,8,7,6,2,4,2,3,7,5,6,,7,,,b'\x11\xe8\xe1I\xed\xb9\x9er\x9a\xbe\x12\xdf\x17\xaeN\x1e'
11E8E149-EDB9-9E72-9ABE-12DF17AE4E1E,2024-ncaa-d3-natl,ncaa,56,87,17,79,18,54,51,45,110,47,48,109,155,141,183,268,81,130,61,137,310,51,50,127,124,120,306,281,244,56,113,8,45,17,50,48,113,289,158,108,171,267,27,35,,,338,221,,,41,48,245,89,125,111,139,90,126,224,247,172,244,258,157,208,133,27,48,91,158,274,58,,194,,,46,176,122,369,10,90,316,7,308,372,102,283,311,344,137,354,281,381,380,13,18,27,387,345,340,247,45,338,113,313,50,72,51,77,157,33,307,198,238,117,,,50,168,,,41,388,112,24,43,39,24,138,19,126,183,249,199,220,228,143,174,115,137,117,22,175,197,149,,173,,,b'\x11\xe8\xe1I\xed\xb9\x9er\x9a\xbe\x12\xdf\x17\xaeN\x1e'
11E8E149-EDB9-9E72-9ABE-12DF17AE4E1E,2025-ncaa-d3-conf-ODAC,genius_ncaa,4,4,3,4,3,3,3,3,4,2,3,2,8,7,11,9,3,4,2,4,7,3,4,3,4,2,11,10,5,4,6,2,2,3,3,2,2,2,2,2,7,8,8,9,,,1,1,,1,3,4,8,4,3,2,4,3,6,8,9,3,3,3,3,5,5,2,3,1,2,8,8,,1,,1,4,6,5,10,4,3,9,4,12,12,11,9,3,3,8,3,2,10,9,4,4,6,11,13,2,2,2,11,6,6,3,4,3,4,6,4,5,5,9,6,,,5,9,,3,3,10,3,4,4,4,4,5,4,5,11,9,3,1,1,5,4,2,6,5,4,7,5,9,,6,,5,b'\x11\xe8\xe1I\xed\xb9\x9er\x9a\xbe\x12\xdf\x17\xaeN\x1e'
11E8E149-EDB9-9E72-9ABE-12DF17AE4E1E,2025-ncaa-d3-natl,genius_ncaa,102,118,55,118,91,96,91,101,104,69,102,78,220,171,268,259,70,102,78,100,184,102,101,128,108,105,292,310,165,102,114,43,24,48,29,55,57,204,130,74,228,265,141,144,,,129,98,,89,75,110,225,233,106,106,141,75,156,250,219,99,138,138,136,185,135,36,59,57,152,289,177,,55,,75,72,158,133,251,69,88,181,56,315,325,264,316,199,171,289,166,182,236,258,101,95,118,352,362,207,78,24,230,114,149,29,58,45,139,161,70,286,235,362,287,,,117,191,,68,75,304,101,78,74,82,75,127,51,88,262,258,139,112,108,108,106,51,119,69,34,200,240,319,,180,,73,b'\x11\xe8\xe1I\xed\xb9\x9er\x9a\xbe\x12\xdf\x17\xaeN\x1e'
11E8E149-EDB9-9E72-9ABE-12DF17AE4E1E,2026-ncaa-d3-conf-ODAC,genius_ncaa,2,1,3,1,7,3,4,8,1,3,8,1,8,7,7,5,7,8,5,8,6,9,11,1,1,1,10,8,8,10,5,9,9,10,7,3,3,1,1,1,7,6,10,10,,,1,3,,1,4,12,9,5,2,3,7,2,8,6,7,7,8,8,8,11,10,8,9,2,1,6,10,,1,,1,4,6,6,4,10,7,6,9,5,3,8,5,1,3,1,2,3,4,3,9,6,7,2,8,1,5,9,2,5,1,7,4,3,10,8,7,1,1,1,6,,,6,2,,6,4,3,1,7,4,7,8,5,9,7,7,5,1,3,2,5,4,6,2,2,4,9,1,3,,5,,5,b'\x11\xe8\xe1I\xed\xb9\x9er\x9a\xbe\x12\xdf\x17\xaeN\x1e'
11E8E149-EDB9-9E72-9ABE-12DF17AE4E1E,2026-ncaa-d3-natl,genius_ncaa,13,21,116,27,139,156,148,193,135,119,174,109,221,215,243,255,88,145,42,146,170,191,219,155,129,89,255,288,131,226,243,207,273,216,261,80,65,106,77,48,194,211,145,186,,,126,60,,45,123,220,330,113,165,179,257,139,210,255,261,102,181,182,249,348,273,258,288,80,52,225,172,,49,,45,129,195,214,227,163,223,234,175,198,203,169,199,144,135,174,134,100,215,223,155,145,140,146,205,124,263,273,225,243,243,261,182,144,177,179,165,151,140,210,196,,,165,117,,146,123,206,105,170,119,118,155,171,171,202,147,152,83,82,82,144,132,241,168,205,143,207,103,188,,196,,179,b'\x11\xe8\xe1I\xed\xb9\x9er\x9a\xbe\x12\xdf\x17\xaeN\x1e'
11E8E149-EDBD-FCF6-9ABE-12DF17AE4E1E,2018-ncaa-d3-conf-Great Northeast,ncaa,9,9,9,9,10,9,8,12,7,7,10,8,11,12,6,9,11,11,7,11,10,12,10,7,7,9,8,7,7,6,4,7,4,8,3,7,4,13,13,11,8,6,2,2,,,13,13,,,8,11,7,5,8,7,10,7,6,9,12,11,10,11,11,5,4,5,6,7,13,7,2,,13,,,8,6,4,1,8,7,6,8,1,1,5,1,13,12,8,12,13,3,2,7,9,10,5,1,13,2,4,3,4,2,3,7,6,8,5,6,13,13,4,6,,,9,9,,,8,4,9,8,8,8,7,3,8,7,1,1,13,13,13,8,7,4,4,3,8,7,13,6,,7,,,b'\x11\xe8\xe1I\xed\xbd\xfc\xf6\x9a\xbe\x12\xdf\x17\xaeN\x1e'
11E8E149-EDBD-FCF6-9ABE-12DF17AE4E1E,2018-ncaa-d3-natl,ncaa,400,379,390,406,403,406,396,399,368,392,367,381,343,358,281,239,408,416,308,415,368,408,390,369,377,401,239,189,314,283,175,355,119,346,159,360,133,360,421,393,327,251,119,74,,,315,438,,,370,398,162,303,397,387,329,368,266,295,298,393,391,390,367,180,174,168,166,313,417,243,74,,434,,,375,73,53,28,264,111,62,273,41,35,149,88,332,298,363,301,397,39,37,246,304,294,226,63,417,42,119,60,175,42,159,126,329,328,209,244,361,410,94,182,,,384,300,,,370,47,397,253,369,262,203,150,263,233,102,111,418,405,410,216,223,114,218,171,270,208,408,170,,292,,,b'\x11\xe8\xe1I\xed\xbd\xfc\xf6\x9a\xbe\x12\xdf\x17\xaeN\x1e'
11E8E149-EDBD-FCF6-9ABE-12DF17AE4E1E,2019-ncaa-d3-conf-Great Northeast,ncaa,9,8,9,9,12,10,10,9,11,13,13,12,4,4,4,3,9,10,1,10,8,10,12,9,10,9,2,2,4,8,6,10,6,10,7,13,13,7,9,12,11,10,8,8,,,9,13,,,10,12,6,11,8,8,7,13,10,2,4,8,10,10,7,6,5,6,6,13,8,10,7,,13,,,10,4,5,2,11,10,7,11,1,1,8,2,7,9,1,9,12,3,2,10,9,10,3,1,9,3,6,3,6,3,7,7,8,12,12,11,7,11,7,8,,,10,9,,,10,2,8,10,10,9,10,7,11,12,2,2,9,13,12,9,6,5,9,8,10,12,10,8,,9,,,b'\x11\xe8\xe1I\xed\xbd\xfc\xf6\x9a\xbe\x12\xdf\x17\xaeN\x1e'
11E8E149-EDBD-FCF6-9ABE-12DF17AE4E1E,2019-ncaa-d3-natl,ncaa,338,331,317,349,337,277,315,279,342,368,303,393,126,172,73,135,219,285,41,286,219,284,274,306,280,285,37,63,128,202,202,279,244,268,242,401,428,260,301,399,290,289,202,236,,,366,423,,,313,296,152,223,236,303,152,372,250,93,123,157,246,246,164,134,142,202,156,411,316,270,169,,425,,,314,256,284,160,356,365,314,324,55,41,262,25,312,371,40,363,302,191,144,305,301,354,61,32,283,197,244,219,202,204,242,234,156,348,353,335,312,331,340,364,,,284,264,,,313,149,281,339,318,339,342,288,387,388,78,45,356,408,404,346,281,263,308,296,283,326,348,373,,217,,,b'\x11\xe8\xe1I\xed\xbd\xfc\xf6\x9a\xbe\x12\xdf\x17\xaeN\x1e'
11E8E149-EDC2-89D8-9ABE-12DF17AE4E1E,2018-ncaa-d3-conf-American Rivers,ncaa,5,6,1,6,1,3,3,4,2,2,3,4,4,9,1,9,2,2,7,2,3,4,2,2,3,4,6,7,5,7,6,7,7,5,7,2,5,9,8,5,2,2,6,6,,,9,5,,,5,1,4,2,3,3,6,3,3,4,9,3,2,2,6,5,8,8,8,2,8,2,6,,7,,,5,9,9,8,8,5,5,6,9,9,8,9,8,8,7,8,7,9,9,8,8,7,8,9,6,8,7,3,6,5,7,8,8,2,2,5,9,8,4,3,,,2,4,,,5,9,4,6,5,7,7,5,3,3,9,8,6,7,7,6,7,7,3,4,8,2,7,3,,3,,,b'\x11\xe8\xe1I\xed\xc2\x89\xd8\x9a\xbe\x12\xdf\x17\xaeN\x1e'
11E8E149-EDC2-89D8-9ABE-12DF17AE4E1E,2018-ncaa-d3-natl,ncaa,218,223,197,227,230,85,102,272,8,136,288,15,68,203,6,186,113,133,141,130,72,243,191,8,10,33,146,130,244,372,324,285,245,336,264,57,64,370,365,161,106,111,192,148,,,307,289,,,204,133,67,155,32,39,270,92,290,59,192,77,101,97,224,137,390,299,376,25,370,91,188,,343,,,205,412,376,221,404,208,83,390,440,419,436,427,324,278,387,276,362,237,309,432,430,383,427,433,195,190,245,103,324,125,264,421,412,98,102,274,378,361,157,186,,,162,156,,,204,316,71,362,205,405,362,260,216,80,442,423,348,285,285,272,351,203,110,140,408,70,374,162,,120,,,b'\x11\xe8\xe1I\xed\xc2\x89\xd8\x9a\xbe\x12\xdf\x17\xaeN\x1e'
11E8E149-EDC2-89D8-9ABE-12DF17AE4E1E,2019-ncaa-d3-conf-American Rivers,ncaa,3,3,1,3,1,1,2,2,3,4,5,3,1,1,2,2,6,9,2,9,7,3,3,2,2,2,2,1,9,9,9,2,5,5,7,2,5,2,3,2,4,4,6,7,,,7,4,,,3,1,4,2,1,2,3,6,7,1,1,8,9,9,4,6,9,5,7,2,2,4,6,,5,,,3,7,6,8,4,7,9,5,8,6,7,4,6,6,8,5,4,8,9,4,4,5,7,7,7,7,5,7,9,7,7,6,4,4,5,4,4,5,3,5,,,8,8,,,3,9,3,4,3,6,6,7,5,7,8,4,5,4,4,6,7,6,4,4,6,4,3,3,,9,,,b'\x11\xe8\xe1I\xed\xc2\x89\xd8\x9a\xbe\x12\xdf\x17\xaeN\x1e'
11E8E149-EDC2-89D8-9ABE-12DF17AE4E1E,2019-ncaa-d3-natl,ncaa,78,72,129,76,137,25,30,73,12,144,313,15,3,11,5,21,225,312,5,310,256,109,103,5,6,8,21,8,412,358,368,154,203,252,268,25,63,260,184,39,36,46,328,349,,,275,155,,,65,60,53,30,5,9,56,156,367,3,10,238,358,357,94,99,390,164,306,8,227,32,358,,240,,,66,398,376,337,324,271,232,270,430,399,421,373,234,178,398,178,178,336,368,367,365,275,366,408,123,246,203,258,368,257,268,412,389,65,89,227,360,306,183,250,,,332,418,,,65,375,15,242,75,349,334,317,237,195,430,384,206,156,153,292,371,220,215,208,389,59,336,166,,397,,,b'\x11\xe8\xe1I\xed\xc2\x89\xd8\x9a\xbe\x12\xdf\x17\xaeN\x1e'
11E8E149-EDC2-89D8-9ABE-12DF17AE4E1E,2020-ncaa-d3-conf-American Rivers,ncaa,5,4,5,5,5,4,3,3,2,3,4,3,2,2,2,4,6,6,1,6,7,4,4,2,2,2,5,3,8,3,4,5,5,4,5,4,7,2,2,2,2,2,7,7,,,7,8,,,3,4,6,3,2,2,2,2,4,2,2,6,7,7,2,5,2,3,3,4,2,2,8,,8,,,3,3,2,1,4,2,2,4,7,7,5,8,6,5,6,5,8,2,3,4,4,6,9,8,8,4,5,4,4,5,5,7,9,3,3,5,2,3,3,3,,,6,8,,,3,5,2,5,3,5,4,4,2,1,7,8,6,6,6,5,5,4,6,5,7,3,3,4,,6,,,b'\x11\xe8\xe1I\xed\xc2\x89\xd8\x9a\xbe\x12\xdf\x17\xaeN\x1e'
11E8E149-EDC2-89D8-9ABE-12DF17AE4E1E,2020-ncaa-d3-natl,ncaa,118,85,198,101,243,31,35,161,4,82,271,4,20,70,2,79,167,276,12,278,252,180,213,2,2,2,130,65,385,336,263,279,126,314,180,74,259,126,126,48,31,22,313,270,,,326,342,,,56,156,85,163,5,4,101,46,265,14,57,153,271,274,121,162,351,282,333,29,144,26,317,,356,,,48,319,245,121,360,127,47,382,403,383,366,409,330,264,412,272,383,129,215,392,410,326,402,390,282,74,126,82,263,64,180,378,415,73,57,240,149,146,100,123,,,277,310,,,56,282,7,280,55,319,269,146,157,32,391,376,336,272,282,166,264,85,93,72,364,56,161,99,,281,,,b'\x11\xe8\xe1I\xed\xc2\x89\xd8\x9a\xbe\x12\xdf\x17\xaeN\x1e'
11E8E149-EDC2-89D8-9ABE-12DF17AE4E1E,2021-ncaa-d3-conf-American Rivers,ncaa,1,1,1,1,1,1,1,1,1,1,1,2,1,3,1,4,1,1,1,1,5,1,1,1,1,1,4,4,5,3,4,1,6,2,5,1,3,4,1,1,1,3,8,8,,,9,6,,,1,1,3,1,1,1,1,1,1,2,4,2,3,3,1,1,4,1,3,1,1,1,8,,9,,,1,9,9,9,3,8,9,4,7,9,3,7,7,8,2,8,6,9,9,4,2,2,5,5,4,9,6,8,4,9,5,7,3,1,4,3,6,2,7,2,,,2,7,,,1,9,1,3,2,4,4,9,5,7,5,7,5,6,6,9,9,9,5,8,4,3,4,2,,6,,,b'\x11\xe8\xe1I\xed\xc2\x89\xd8\x9a\xbe\x12\xdf\x17\xaeN\x1e'
11E8E149-EDC2-89D8-9ABE-12DF17AE4E1E,2021-ncaa-d3-natl,ncaa,12,1,61,1,61,33,32,55,13,52,77,16,13,34,11,47,33,64,8,59,81,54,57,8,4,8,48,46,153,102,179,58,159,70,137,22,49,194,84,19,24,24,153,194,,,233,194,,,20,53,51,5,4,10,43,51,156,12,32,28,88,81,40,50,196,73,133,9,112,17,216,,242,,,29,219,216,226,125,204,187,182,246,255,99,264,216,218,102,218,208,221,228,145,134,103,224,228,139,226,159,206,179,214,137,217,130,43,63,73,237,174,184,131,,,82,197,,,20,228,12,103,36,164,156,196,120,70,233,263,165,182,176,203,242,195,107,143,155,35,198,129,,141,,,b'\x11\xe8\xe1I\xed\xc2\x89\xd8\x9a\xbe\x12\xdf\x17\xaeN\x1e'
11E8E149-EDC2-89D8-9ABE-12DF17AE4E1E,2022-ncaa-d3-conf-American Rivers,ncaa,1,1,4,1,4,1,1,3,1,1,2,1,3,3,1,5,3,4,1,4,8,3,4,1,1,1,5,4,8,7,3,3,5,4,2,1,2,2,3,1,1,2,6,5,,,3,2,,,1,3,1,3,1,1,2,1,2,3,3,3,6,6,1,2,6,2,2,1,3,1,5,,3,,,1,2,3,7,1,3,7,2,4,7,2,6,1,3,1,2,3,7,8,1,1,1,5,8,2,7,5,1,3,2,2,2,4,2,3,2,3,3,1,1,,,7,7,,,1,7,1,1,1,2,4,8,3,6,5,8,2,2,2,7,9,8,1,3,2,1,3,1,,7,,,b'\x11\xe8\xe1I\xed\xc2\x89\xd8\x9a\xbe\x12\xdf\x17\xaeN\x1e'
11E8E149-EDC2-89D8-9ABE-12DF17AE4E1E,2022-ncaa-d3-natl,ncaa,7,5,13,6,21,2,2,19,1,10,78,3,7,30,1,83,37,137,2,140,263,20,32,1,1,1,138,63,390,217,260,54,144,87,138,1,35,142,25,1,12,19,240,267,,,315,108,,,6,14,110,221,4,2,62,16,238,12,57,124,288,294,85,193,350,168,271,1,35,22,299,,134,,,8,405,398,402,242,307,269,285,428,427,321,413,215,256,85,259,226,403,413,302,263,203,368,414,61,309,144,254,260,277,138,388,265,30,77,149,252,136,159,85,,,144,351,,,6,416,1,165,9,234,236,213,129,46,410,405,82,102,106,174,270,147,45,73,277,72,139,69,,353,,,b'\x11\xe8\xe1I\xed\xc2\x89\xd8\x9a\xbe\x12\xdf\x17\xaeN\x1e'
11E8E149-EDC2-89D8-9ABE-12DF17AE4E1E,2023-ncaa-d3-conf-American Rivers,ncaa,3,3,1,3,1,2,1,1,1,2,2,2,2,3,2,5,6,4,5,4,6,1,1,2,2,3,4,3,8,6,8,4,8,5,8,2,7,4,3,3,2,3,6,6,,,6,2,,,3,1,1,3,2,1,2,2,4,2,4,6,6,6,1,3,8,6,8,2,3,3,6,,5,,,3,9,9,9,6,9,8,6,7,9,6,6,4,3,9,3,1,8,9,6,6,4,3,5,2,9,8,9,8,9,8,7,7,2,4,4,5,3,9,8,,,5,7,,,3,9,3,5,3,7,7,8,7,7,6,6,4,3,3,5,9,8,7,8,7,2,3,9,,6,,,b'\x11\xe8\xe1I\xed\xc2\x89\xd8\x9a\xbe\x12\xdf\x17\xaeN\x1e'
11E8E149-EDC2-89D8-9ABE-12DF17AE4E1E,2023-ncaa-d3-natl,ncaa,132,131,109,138,111,40,44,118,14,88,263,5,34,43,43,54,187,168,265,179,122,124,140,7,11,18,139,80,382,358,377,225,333,304,355,51,148,187,145,52,47,67,283,290,,,168,64,,,98,75,115,15,23,23,135,80,328,27,40,203,188,202,144,182,396,303,379,42,157,47,308,,122,,,98,356,371,356,278,304,212,325,397,409,249,389,151,84,418,84,87,322,370,309,307,209,283,369,67,355,333,276,377,333,355,366,303,52,72,181,211,184,319,334,,,195,252,,,98,356,45,244,101,308,323,320,257,156,378,397,111,56,55,271,343,327,229,277,323,48,190,305,,238,,,b'\x11\xe8\xe1I\xed\xc2\x89\xd8\x9a\xbe\x12\xdf\x17\xaeN\x1e'
11E8E149-EDC2-89D8-9ABE-12DF17AE4E1E,2024-ncaa-d3-conf-American Rivers,ncaa,5,4,5,5,5,1,1,2,2,1,1,2,4,4,4,4,3,6,1,6,8,2,3,2,3,2,8,5,9,6,7,2,7,5,7,2,6,2,2,2,3,3,6,7,,,7,5,,,4,1,1,2,1,1,1,1,2,4,4,3,6,6,1,2,7,1,4,2,2,2,6,,7,,,3,6,8,8,4,5,8,3,7,7,6,6,6,6,9,6,4,8,9,5,5,5,8,8,6,8,7,8,7,8,7,6,6,4,4,4,3,3,8,8,,,7,8,,,4,9,3,5,4,6,6,8,6,7,7,7,6,5,5,8,9,8,8,8,6,1,3,8,,7,,,b'\x11\xe8\xe1I\xed\xc2\x89\xd8\x9a\xbe\x12\xdf\x17\xaeN\x1e'
11E8E149-EDC2-89D8-9ABE-12DF17AE4E1E,2024-ncaa-d3-natl,ncaa,184,185,200,189,209,91,79,158,22,102,210,23,76,130,24,137,269,303,101,305,325,189,228,22,27,32,218,133,391,364,377,157,165,267,270,129,305,142,143,110,50,48,280,274,,,224,187,,,117,149,112,54,39,25,110,68,187,58,118,258,319,321,140,190,383,112,275,99,151,41,289,,240,,,113,260,255,230,243,193,145,266,370,362,281,379,176,130,376,129,175,206,272,271,281,217,314,373,147,194,165,254,377,225,270,280,276,86,88,163,250,248,319,312,,,314,353,,,117,282,72,190,115,273,268,266,201,143,371,373,191,137,140,239,306,208,268,245,282,69,248,333,,338,,,b'\x11\xe8\xe1I\xed\xc2\x89\xd8\x9a\xbe\x12\xdf\x17\xaeN\x1e'
11E8E149-EDC2-89D8-9ABE-12DF17AE4E1E,2025-ncaa-d3-conf-American Rivers,genius_ncaa,3,2,5,3,5,1,2,3,1,4,3,4,1,6,1,7,3,3,4,3,3,2,3,1,1,1,1,1,6,6,5,6,7,6,5,3,5,3,3,4,2,2,8,8,,,8,8,,7,2,3,3,1,1,1,2,3,2,1,6,3,3,3,1,2,5,6,5,2,4,1,8,,9,,7,2,5,5,5,5,4,3,8,6,7,1,7,6,6,8,5,8,5,7,5,5,3,7,4,6,5,7,3,5,5,5,7,5,2,2,2,3,4,9,8,,,2,2,,4,2,7,1,5,2,6,6,6,5,2,6,7,6,5,5,6,7,7,4,6,7,1,5,9,,2,,3,b'\x11\xe8\xe1I\xed\xc2\x89\xd8\x9a\xbe\x12\xdf\x17\xaeN\x1e'
11E8E149-EDC2-89D8-9ABE-12DF17AE4E1E,2025-ncaa-d3-natl,genius_ncaa,173,155,192,170,198,64,67,201,10,143,256,27,14,120,1,106,196,271,23,270,227,213,255,4,5,4,70,33,356,341,319,292,208,327,273,77,195,92,117,51,130,118,385,377,,,107,100,,122,121,209,195,20,22,24,151,116,269,7,101,178,280,281,177,246,354,302,367,51,108,115,396,,104,,125,121,358,369,214,392,276,71,406,409,393,372,404,98,54,402,60,125,164,190,406,406,380,320,398,45,159,208,127,319,125,273,336,242,146,132,269,150,181,355,364,,,281,270,,177,121,213,13,362,120,349,353,243,276,64,404,390,95,48,49,188,223,151,127,142,327,132,169,355,,292,,175,b'\x11\xe8\xe1I\xed\xc2\x89\xd8\x9a\xbe\x12\xdf\x17\xaeN\x1e'
11E8E149-EDC2-89D8-9ABE-12DF17AE4E1E,2026-ncaa-d3-conf-American Rivers,genius_ncaa,3,1,8,1,8,8,8,9,1,8,8,1,5,9,1,9,5,7,1,6,3,9,8,1,1,1,3,3,5,9,3,9,8,9,5,8,4,2,7,3,8,1,7,4,,,2,2,,2,1,8,5,1,1,1,8,1,4,1,9,1,3,3,8,7,8,8,9,1,6,1,6,,2,,7,1,2,1,1,5,1,1,1,3,1,8,9,2,2,6,2,3,1,2,7,7,5,9,9,2,2,8,1,3,1,5,2,9,8,1,3,1,3,5,9,,,8,6,,6,1,2,1,4,1,4,3,4,1,1,9,8,2,2,2,2,7,7,1,2,6,1,2,9,,5,,5,b'\x11\xe8\xe1I\xed\xc2\x89\xd8\x9a\xbe\x12\xdf\x17\xaeN\x1e'
11E8E149-EDC2-89D8-9ABE-12DF17AE4E1E,2026-ncaa-d3-natl,genius_ncaa,225,132,327,194,337,246,247,367,7,206,328,17,282,369,40,331,202,259,64,266,140,363,367,10,8,19,287,303,156,377,287,363,326,376,302,162,62,78,219,66,253,132,261,180,,,40,64,,104,177,355,186,113,42,55,296,43,163,221,339,55,98,113,266,279,347,322,359,25,188,119,206,,82,,133,169,127,138,83,329,102,57,349,274,218,320,388,73,63,275,63,169,71,72,355,338,326,315,376,71,147,326,51,287,71,302,198,319,313,199,308,83,194,151,246,,,342,225,,363,177,58,47,337,170,314,326,273,236,105,388,383,128,105,115,234,254,298,91,184,343,174,170,261,,261,,348,b'\x11\xe8\xe1I\xed\xc2\x89\xd8\x9a\xbe\x12\xdf\x17\xaeN\x1e'
11E8E149-EDC6-DA74-9ABE-12DF17AE4E1E,2018-ncaa-d3-conf-Liberty League,ncaa,1,1,1,1,2,3,4,4,2,3,2,2,6,5,4,8,1,1,8,1,4,3,4,3,3,3,7,8,4,6,5,3,5,5,4,3,2,5,4,3,2,2,4,4,,,3,3,,,3,3,6,3,4,5,6,3,4,6,7,2,2,3,4,5,6,4,6,4,5,2,4,,3,,,3,3,3,7,2,1,3,1,10,9,8,10,3,3,6,3,3,6,8,2,2,1,10,10,3,7,5,6,5,6,4,6,9,2,2,3,5,5,2,1,,,1,2,,,3,8,4,1,3,2,2,4,1,1,8,8,2,1,1,2,3,5,4,3,6,2,5,2,,1,,,b'\x11\xe8\xe1I\xed\xc6\xdat\x9a\xbe\x12\xdf\x17\xaeN\x1e'
11E8E149-EDC6-DA74-9ABE-12DF17AE4E1E,2018-ncaa-d3-natl,ncaa,89,114,68,106,77,173,141,165,114,110,145,77,251,229,287,259,280,246,321,253,314,176,181,137,174,182,363,299,353,249,266,132,50,170,140,90,70,229,218,113,138,128,208,186,,,77,54,,,143,155,361,84,241,187,293,132,238,294,289,347,327,333,323,344,319,221,285,100,158,172,236,,31,,,147,131,156,209,145,91,149,82,396,341,383,389,42,33,329,33,34,152,204,207,165,135,366,429,41,65,50,227,266,147,140,249,325,132,112,182,138,126,7,1,,,119,102,,,143,264,211,97,151,65,98,97,42,63,350,286,19,13,13,44,45,35,142,78,183,185,94,1,,182,,,b'\x11\xe8\xe1I\xed\xc6\xdat\x9a\xbe\x12\xdf\x17\xaeN\x1e'
11E8E149-EDC6-DA74-9ABE-12DF17AE4E1E,2019-ncaa-d3-conf-Liberty League,ncaa,6,6,5,6,5,6,5,5,6,6,7,6,5,6,6,5,9,9,9,9,10,5,5,6,7,6,8,5,9,5,7,8,9,8,8,5,6,2,3,4,7,6,5,7,,,7,7,,,7,7,10,8,6,5,5,6,7,6,6,9,9,9,6,8,5,8,7,6,2,6,6,,7,,,7,5,4,5,6,5,5,5,8,7,7,6,7,7,5,7,7,6,4,6,7,7,7,7,6,9,9,6,7,8,8,8,10,7,7,8,3,5,2,4,,,8,8,,,7,4,6,8,7,7,6,5,5,5,7,6,7,8,8,6,3,9,8,8,8,7,3,3,,9,,,b'\x11\xe8\xe1I\xed\xc6\xdat\x9a\xbe\x12\xdf\x17\xaeN\x1e'
11E8E149-EDC6-DA74-9ABE-12DF17AE4E1E,2019-ncaa-d3-natl,ncaa,282,331,129,313,161,348,285,191,356,239,163,338,318,245,391,238,423,406,424,406,430,253,302,375,401,371,384,255,428,181,287,259,334,236,355,312,325,85,118,241,305,302,216,231,,,135,154,,,349,326,421,171,399,348,236,284,190,349,273,434,429,428,330,397,204,322,286,367,62,338,223,,98,,,343,176,233,231,226,279,264,245,150,189,135,187,118,129,151,130,112,194,157,199,173,225,91,158,119,333,334,383,287,377,355,283,282,320,323,345,63,88,215,194,,,364,367,,,349,120,359,282,350,146,198,187,248,222,133,161,99,109,111,146,74,311,356,346,254,368,52,195,,418,,,b'\x11\xe8\xe1I\xed\xc6\xdat\x9a\xbe\x12\xdf\x17\xaeN\x1e'
11E8E149-EDC6-DA74-9ABE-12DF17AE4E1E,2020-ncaa-d3-conf-Liberty League,ncaa,8,8,7,8,7,7,7,7,7,5,5,7,10,10,10,9,7,8,5,7,9,7,7,9,8,7,10,10,6,6,7,7,9,7,8,5,3,1,4,3,6,6,5,4,,,6,10,,,7,7,7,5,7,7,6,5,3,10,9,7,8,7,6,7,5,6,7,5,3,6,5,,9,,,7,2,3,3,3,3,2,6,3,6,3,9,8,6,4,6,9,3,3,3,4,5,6,5,9,6,9,9,7,7,8,4,5,6,5,4,5,5,8,7,,,8,7,,,7,4,7,6,7,5,4,3,4,3,4,8,9,9,9,4,3,8,9,9,6,5,6,8,,7,,,b'\x11\xe8\xe1I\xed\xc6\xdat\x9a\xbe\x12\xdf\x17\xaeN\x1e'
11E8E149-EDC6-DA74-9ABE-12DF17AE4E1E,2020-ncaa-d3-natl,ncaa,324,345,198,337,237,325,271,277,258,173,100,280,404,401,360,406,366,383,240,382,424,305,361,322,335,293,428,406,348,303,330,288,278,302,316,212,114,51,118,105,305,286,149,119,,,176,269,,,295,366,382,155,350,281,265,139,70,409,408,387,401,400,321,386,302,291,307,199,59,307,132,,204,,,296,128,152,137,219,213,140,305,82,200,17,264,187,186,249,171,221,126,93,179,188,232,109,108,245,223,278,268,330,263,316,242,317,325,299,328,87,150,327,250,,,379,351,,,295,78,297,264,293,158,181,172,235,156,94,226,208,201,188,161,101,243,290,273,249,334,102,326,,406,,,b'\x11\xe8\xe1I\xed\xc6\xdat\x9a\xbe\x12\xdf\x17\xaeN\x1e'
11E8E149-EDC6-DA74-9ABE-12DF17AE4E1E,2022-ncaa-d3-conf-Liberty League,ncaa,5,5,4,5,4,5,6,5,6,6,5,8,3,3,1,5,1,1,3,1,3,5,6,5,5,5,3,4,2,6,6,5,6,5,6,7,8,4,2,7,5,7,1,1,,,7,8,,,5,6,5,1,5,6,5,7,5,3,5,1,1,1,5,6,6,3,5,7,4,6,1,,8,,,5,6,5,7,4,3,9,1,8,2,10,2,10,10,7,10,9,8,8,4,4,5,10,9,10,8,6,8,6,8,6,5,8,6,7,7,2,2,7,6,,,3,1,,,5,5,5,5,5,5,5,7,3,7,8,4,10,9,9,7,7,8,8,7,5,6,2,7,,3,,,b'\x11\xe8\xe1I\xed\xc6\xdat\x9a\xbe\x12\xdf\x17\xaeN\x1e'
11E8E149-EDC6-DA74-9ABE-12DF17AE4E1E,2022-ncaa-d3-natl,ncaa,168,156,250,168,258,224,248,235,273,252,198,336,192,240,110,262,111,190,31,190,205,234,304,268,231,160,133,195,66,239,283,152,208,190,247,313,373,22,16,150,354,366,16,9,,,168,234,,,185,314,360,26,187,240,151,247,135,188,236,70,134,137,143,304,213,64,120,321,11,368,4,,207,,,184,137,105,188,72,92,231,28,211,137,360,117,289,278,286,277,263,198,135,79,105,211,339,265,341,267,208,272,283,269,247,135,197,379,383,320,17,17,294,278,,,286,217,,,185,111,157,247,187,178,134,268,122,301,230,144,318,307,307,279,152,303,338,319,155,395,13,321,,264,,,b'\x11\xe8\xe1I\xed\xc6\xdat\x9a\xbe\x12\xdf\x17\xaeN\x1e'
11E8E149-EDC6-DA74-9ABE-12DF17AE4E1E,2023-ncaa-d3-conf-Liberty League,ncaa,2,1,4,2,4,3,4,6,3,4,6,4,4,5,2,5,3,3,7,3,2,5,4,4,3,3,5,6,3,2,1,3,3,3,1,5,7,6,5,6,3,3,2,2,,,8,9,,,2,6,10,3,4,4,8,6,6,4,5,2,1,2,7,7,2,5,2,6,4,3,2,,6,,,2,2,2,1,2,3,4,1,1,2,3,2,7,7,2,7,7,2,4,2,2,2,4,2,10,1,3,1,1,1,1,1,1,5,4,2,3,3,4,4,,,2,2,,,2,5,3,2,2,2,2,2,3,4,2,1,5,7,7,2,1,3,1,1,1,5,2,4,,2,,,b'\x11\xe8\xe1I\xed\xc6\xdat\x9a\xbe\x12\xdf\x17\xaeN\x1e'
11E8E149-EDC6-DA74-9ABE-12DF17AE4E1E,2023-ncaa-d3-natl,ncaa,37,43,33,43,47,108,120,100,165,163,149,202,85,110,73,175,93,84,207,90,148,97,108,141,135,122,127,134,173,63,88,26,39,27,36,155,261,182,117,169,126,144,20,19,,,355,365,,,71,149,385,210,182,207,254,246,271,125,188,166,171,176,253,327,109,56,59,244,92,203,25,,264,,,81,135,121,254,44,156,360,21,95,77,233,47,313,311,243,311,221,267,255,36,56,83,217,109,359,140,39,266,88,205,36,93,111,191,234,129,119,83,357,316,,,61,93,,,71,286,100,70,69,39,33,60,60,192,42,25,228,214,217,71,38,69,100,78,43,310,69,308,,155,,,b'\x11\xe8\xe1I\xed\xc6\xdat\x9a\xbe\x12\xdf\x17\xaeN\x1e'
11E8E149-EDC6-DA74-9ABE-12DF17AE4E1E,2024-ncaa-d3-conf-Liberty League,ncaa,2,2,1,2,1,3,4,1,7,3,2,7,5,4,9,7,2,2,4,3,5,2,3,9,8,4,7,7,4,1,1,4,1,2,1,6,6,1,1,2,4,5,1,1,,,9,9,,,2,7,10,1,5,5,3,3,2,7,6,3,3,4,3,6,1,5,2,7,1,5,1,,8,,,2,1,1,2,3,1,5,1,1,1,6,1,5,8,1,9,9,3,4,2,2,1,3,2,9,1,1,7,1,2,1,1,4,2,2,1,1,1,7,5,,,5,6,,,2,5,3,1,2,1,1,1,1,2,1,1,5,7,7,1,1,1,3,1,1,4,1,5,,5,,,b'\x11\xe8\xe1I\xed\xc6\xdat\x9a\xbe\x12\xdf\x17\xaeN\x1e'
11E8E149-EDC6-DA74-9ABE-12DF17AE4E1E,2024-ncaa-d3-natl,ncaa,42,30,63,38,83,212,201,140,272,185,137,272,212,179,259,219,253,272,166,279,346,156,243,269,278,203,253,215,267,36,31,109,15,65,19,223,256,31,22,93,259,185,11,6,,,170,304,,,52,331,427,199,294,270,222,244,199,247,235,317,342,347,262,390,46,177,79,276,7,309,15,,110,,,52,17,25,67,16,37,183,12,23,24,59,42,72,126,16,126,144,59,80,10,8,16,123,95,263,38,15,187,31,96,19,15,76,237,145,42,24,24,283,238,,,272,290,,,52,108,124,11,31,3,5,10,15,83,7,7,31,75,73,7,2,19,96,37,5,300,14,231,,368,,,b'\x11\xe8\xe1I\xed\xc6\xdat\x9a\xbe\x12\xdf\x17\xaeN\x1e'
11E8E149-EDC6-DA74-9ABE-12DF17AE4E1E,2025-ncaa-d3-conf-Liberty League,genius_ncaa,3,3,1,3,4,4,5,3,7,5,1,6,7,5,7,7,2,2,7,2,2,2,2,7,7,5,7,7,2,2,5,7,7,6,7,7,9,2,2,6,1,1,5,4,,,9,7,,8,5,2,5,7,6,7,3,6,3,7,6,2,2,2,3,5,3,9,8,8,2,1,6,,8,,8,5,6,5,4,6,5,2,7,8,10,4,10,4,3,7,1,5,4,9,7,7,3,7,10,5,7,7,10,5,10,7,9,10,1,1,2,2,2,8,6,,,2,2,,9,5,9,5,3,5,3,3,2,3,1,8,9,2,2,1,2,6,6,8,8,8,1,2,6,,2,,9,b'\x11\xe8\xe1I\xed\xc6\xdat\x9a\xbe\x12\xdf\x17\xaeN\x1e'
11E8E149-EDC6-DA74-9ABE-12DF17AE4E1E,2025-ncaa-d3-natl,genius_ncaa,141,184,55,175,73,215,214,134,306,213,145,308,229,176,283,240,174,122,329,110,159,130,153,315,317,267,202,220,160,144,271,248,289,200,320,275,325,121,96,221,24,16,103,73,,,260,218,,169,237,159,313,178,302,292,215,282,203,263,228,224,163,148,200,293,198,367,306,330,77,25,115,,191,,148,236,208,240,217,233,165,114,268,341,357,235,382,98,68,362,66,96,173,285,273,254,137,283,363,90,275,289,380,271,363,320,350,380,51,47,166,171,150,369,320,,,112,111,,327,237,276,261,150,227,115,145,96,98,45,282,305,49,31,31,56,141,209,317,292,286,62,123,331,,173,,347,b'\x11\xe8\xe1I\xed\xc6\xdat\x9a\xbe\x12\xdf\x17\xaeN\x1e'
11E8E149-EDC6-DA74-9ABE-12DF17AE4E1E,2026-ncaa-d3-conf-Liberty League,genius_ncaa,8,8,3,8,3,9,9,8,9,9,8,8,8,5,8,3,5,4,5,5,2,8,10,10,9,8,3,6,2,9,8,7,8,8,7,10,10,2,4,8,7,7,1,1,,,4,5,,5,7,8,8,1,8,9,7,9,8,7,3,3,2,3,7,10,9,5,7,10,2,6,1,,4,,6,7,4,6,6,5,4,6,4,7,5,7,6,1,1,8,1,1,6,6,5,5,5,6,9,1,7,8,7,8,7,7,6,6,7,6,6,4,6,6,9,,,5,2,,5,7,3,8,7,8,5,7,7,5,8,8,6,1,1,1,7,7,8,9,8,6,6,4,8,,3,,5,b'\x11\xe8\xe1I\xed\xc6\xdat\x9a\xbe\x12\xdf\x17\xaeN\x1e'
11E8E149-EDC6-DA74-9ABE-12DF17AE4E1E,2026-ncaa-d3-natl,genius_ncaa,345,329,215,363,249,339,343,313,330,363,331,342,214,215,224,107,333,311,332,311,200,311,333,312,317,275,93,78,249,383,408,351,384,372,410,359,350,57,99,259,203,131,88,63,,,135,182,,75,313,313,352,113,358,352,324,375,342,180,157,345,291,293,339,402,398,389,404,376,47,146,59,,155,,80,317,164,205,154,319,209,156,315,198,173,251,272,50,32,330,28,16,124,126,317,282,249,100,255,28,271,384,270,408,277,410,286,349,227,142,293,97,167,134,221,,,292,137,,291,313,106,308,297,315,228,292,215,282,217,248,230,32,16,12,151,160,337,373,371,341,149,103,146,,279,,304,b'\x11\xe8\xe1I\xed\xc6\xdat\x9a\xbe\x12\xdf\x17\xaeN\x1e'
11E8E149-EDCB-4988-9ABE-12DF17AE4E1E,2018-ncaa-d3-conf-NEWMAC,ncaa,3,1,4,3,4,2,2,5,1,2,2,1,3,8,1,7,5,7,4,7,9,5,6,1,1,1,7,4,9,2,2,3,1,2,1,5,8,6,6,6,8,7,7,5,,,7,7,,,2,7,6,4,2,1,3,1,2,3,8,4,6,6,3,5,2,3,2,4,6,7,7,,7,,,2,3,3,3,3,3,2,5,5,8,3,10,10,9,10,8,11,3,3,3,4,6,9,7,11,1,1,1,2,1,1,2,4,7,7,6,1,1,1,1,,,5,7,,,2,5,1,4,2,6,3,4,3,3,5,8,10,8,7,5,5,1,1,1,4,7,3,1,,5,,,b'\x11\xe8\xe1I\xed\xcbI\x88\x9a\xbe\x12\xdf\x17\xaeN\x1e'
11E8E149-EDCB-4988-9ABE-12DF17AE4E1E,2018-ncaa-d3-natl,ncaa,66,49,123,60,144,101,66,184,12,86,153,34,108,261,7,267,300,327,172,324,381,210,209,14,22,42,302,174,424,130,38,103,3,103,5,115,276,247,245,147,272,246,279,241,,,165,258,,,34,243,366,126,78,37,223,64,181,124,287,346,375,375,277,286,138,87,88,109,208,312,307,,117,,,31,62,50,95,63,37,64,86,230,286,133,381,147,92,428,85,189,79,92,87,110,102,376,354,273,13,3,37,38,20,5,44,90,198,140,85,31,28,7,2,,,280,322,,,34,180,26,58,27,43,28,40,25,31,212,254,118,71,64,30,27,4,12,4,32,246,26,2,,349,,,b'\x11\xe8\xe1I\xed\xcbI\x88\x9a\xbe\x12\xdf\x17\xaeN\x1e'
11E8E149-EDCB-4988-9ABE-12DF17AE4E1E,2019-ncaa-d3-conf-NEWMAC,ncaa,2,2,3,3,3,2,2,7,1,4,7,1,2,5,1,6,4,4,6,4,2,5,5,1,1,1,2,3,6,5,3,2,1,3,1,2,7,6,5,4,8,8,3,3,,,4,4,,,1,4,8,4,2,2,8,4,7,2,6,4,4,4,8,7,7,1,4,2,5,8,3,,3,,,1,2,2,6,1,4,9,1,4,5,2,5,4,4,10,4,4,6,4,1,1,2,6,6,7,2,1,1,3,1,1,1,1,8,8,3,1,1,2,2,,,2,2,,,1,8,1,1,1,1,1,6,3,6,4,4,5,3,3,6,2,1,1,1,1,9,1,2,,2,,,b'\x11\xe8\xe1I\xed\xcbI\x88\x9a\xbe\x12\xdf\x17\xaeN\x1e'
11E8E149-EDCB-4988-9ABE-12DF17AE4E1E,2019-ncaa-d3-natl,ncaa,38,72,20,68,26,28,33,106,7,38,100,28,51,197,2,289,55,40,279,45,102,83,71,8,11,18,211,179,288,137,70,21,5,43,9,89,331,337,245,167,295,352,158,206,,,243,161,,,31,64,337,217,51,56,351,87,270,106,312,150,116,126,317,322,265,84,133,153,192,387,220,,88,,,36,242,247,379,84,211,365,61,326,311,277,239,202,147,415,145,85,360,337,91,94,127,285,322,180,52,5,68,70,48,9,34,7,176,243,66,21,3,29,10,,,20,33,,,31,382,20,78,30,69,79,125,81,160,197,162,102,64,64,76,45,8,6,3,11,324,2,6,,81,,,b'\x11\xe8\xe1I\xed\xcbI\x88\x9a\xbe\x12\xdf\x17\xaeN\x1e'
11E8E149-EDCB-4988-9ABE-12DF17AE4E1E,2020-ncaa-d3-conf-NEWMAC,ncaa,3,3,1,3,1,2,1,3,1,1,4,1,2,2,3,4,7,7,7,7,8,3,4,1,1,1,9,3,11,6,3,2,4,3,2,1,3,6,4,2,7,8,6,6,,,6,5,,,3,3,8,5,2,2,7,2,7,3,5,8,8,8,8,9,8,5,6,2,2,9,6,,3,,,3,8,9,10,5,6,9,5,10,10,4,9,7,7,3,7,6,10,9,4,4,6,6,9,4,8,4,2,3,2,2,8,5,8,10,9,1,1,3,3,,,1,3,,,3,9,1,5,3,6,5,7,4,4,7,10,4,5,4,7,4,3,1,1,5,10,1,2,,6,,,b'\x11\xe8\xe1I\xed\xcbI\x88\x9a\xbe\x12\xdf\x17\xaeN\x1e'
11E8E149-EDCB-4988-9ABE-12DF17AE4E1E,2020-ncaa-d3-natl,ncaa,6,15,1,13,1,10,3,47,2,5,45,2,69,159,10,271,148,157,174,162,331,51,30,3,5,14,350,247,407,195,103,9,39,38,15,14,241,402,297,121,176,295,279,353,,,284,93,,,15,18,323,218,75,35,352,35,261,171,311,326,349,354,366,362,366,107,245,88,229,324,356,,55,,,21,317,350,433,49,308,424,50,367,403,164,281,97,154,26,147,45,432,424,59,29,54,203,331,49,244,39,63,103,117,15,203,80,102,250,129,90,22,48,21,,,46,178,,,15,424,23,41,17,35,86,194,81,185,208,223,15,29,30,129,89,67,1,5,64,297,13,13,,283,,,b'\x11\xe8\xe1I\xed\xcbI\x88\x9a\xbe\x12\xdf\x17\xaeN\x1e'
11E8E149-EDCB-4988-9ABE-12DF17AE4E1E,2022-ncaa-d3-conf-NEWMAC,ncaa,1,1,4,1,6,3,3,6,1,3,6,1,4,9,1,9,6,5,5,5,7,6,7,1,1,1,10,9,9,6,1,5,1,6,1,5,9,4,4,3,3,1,4,4,,,4,7,,,1,7,7,6,1,1,6,1,5,4,9,6,5,5,6,8,7,5,6,4,3,2,4,,4,,,1,2,2,3,2,2,3,4,3,6,3,7,5,4,9,4,5,2,5,2,3,2,5,6,8,1,1,1,1,1,1,1,1,4,1,1,3,4,5,3,,,3,2,,,1,5,1,1,1,1,1,1,1,1,2,4,5,4,4,1,1,1,1,1,1,5,2,3,,3,,,b'\x11\xe8\xe1I\xed\xcbI\x88\x9a\xbe\x12\xdf\x17\xaeN\x1e'
11E8E149-EDCB-4988-9ABE-12DF17AE4E1E,2022-ncaa-d3-natl,ncaa,16,5,61,9,76,55,37,163,5,36,138,11,117,203,30,257,167,190,153,197,253,167,174,8,8,17,314,246,356,248,87,93,11,152,9,67,217,229,196,89,169,189,291,325,,,275,270,,,21,136,316,204,58,38,302,40,226,160,277,228,265,274,312,352,330,167,258,78,141,234,334,,174,,,20,131,152,243,86,155,289,48,185,156,279,131,144,163,124,143,98,219,227,80,81,79,205,235,192,32,11,39,87,33,9,55,36,145,154,53,49,28,18,3,,,78,77,,,21,310,25,40,15,43,66,79,75,165,107,60,80,85,68,53,51,10,1,1,25,227,16,4,,141,,,b'\x11\xe8\xe1I\xed\xcbI\x88\x9a\xbe\x12\xdf\x17\xaeN\x1e'
11E8E149-EDCB-4988-9ABE-12DF17AE4E1E,2023-ncaa-d3-conf-NEWMAC,ncaa,1,1,1,1,1,1,2,2,2,2,3,1,1,1,4,3,1,2,3,2,4,1,1,1,1,2,5,4,6,4,6,1,1,1,1,1,4,8,5,2,2,4,3,3,,,5,2,,,1,1,7,4,2,2,5,2,8,2,2,5,5,5,6,7,9,1,3,3,4,4,3,,2,,,1,3,5,11,1,9,11,1,1,5,1,3,3,3,7,3,1,11,11,1,1,1,1,1,4,2,1,7,6,5,1,2,1,2,3,1,6,5,4,1,,,2,7,,,1,11,2,1,1,1,1,5,3,8,1,2,1,1,1,4,3,1,2,2,1,7,4,3,,7,,,b'\x11\xe8\xe1I\xed\xcbI\x88\x9a\xbe\x12\xdf\x17\xaeN\x1e'
11E8E149-EDCB-4988-9ABE-12DF17AE4E1E,2023-ncaa-d3-natl,ncaa,2,4,1,4,1,6,4,10,12,8,36,13,13,26,20,138,19,29,46,28,169,9,9,10,8,11,188,141,307,82,159,3,2,7,11,3,99,346,110,27,166,318,78,196,,,329,98,,,8,6,285,24,33,38,217,69,277,66,137,141,224,222,216,297,286,43,145,36,95,358,175,,43,,,20,399,414,427,119,412,426,118,260,341,88,122,152,171,137,180,22,426,421,98,61,100,38,128,49,69,2,353,159,228,11,89,1,93,272,50,199,49,25,3,,,7,124,,,8,426,12,49,16,66,145,186,206,263,65,93,21,21,22,111,75,4,25,5,5,326,37,1,,179,,,b'\x11\xe8\xe1I\xed\xcbI\x88\x9a\xbe\x12\xdf\x17\xaeN\x1e'
11E8E149-EDCB-4988-9ABE-12DF17AE4E1E,2024-ncaa-d3-conf-NEWMAC,ncaa,1,1,1,1,1,1,1,1,1,1,2,1,1,2,1,6,3,2,7,2,7,1,1,1,1,1,5,2,11,8,7,1,1,2,2,1,10,5,2,1,4,5,11,11,,,9,6,,,1,1,8,4,1,1,6,1,6,1,5,6,6,6,6,9,11,3,9,3,1,9,11,,4,,,1,12,12,12,3,12,12,4,6,7,4,4,6,7,7,7,4,12,12,2,2,2,4,5,4,3,1,7,7,4,2,1,1,3,5,1,3,1,4,1,,,1,3,,,1,12,1,1,1,2,4,4,5,7,2,3,3,4,4,3,4,2,1,1,1,7,1,1,,7,,,b'\x11\xe8\xe1I\xed\xcbI\x88\x9a\xbe\x12\xdf\x17\xaeN\x1e'
11E8E149-EDCB-4988-9ABE-12DF17AE4E1E,2024-ncaa-d3-natl,ncaa,3,17,1,17,1,1,1,7,2,2,17,5,5,43,1,186,126,140,190,145,370,9,9,1,2,1,267,118,421,206,282,2,1,19,24,5,330,209,31,16,230,349,382,411,,,328,111,,,9,5,364,41,20,12,213,28,219,42,206,359,372,376,269,389,396,133,295,83,13,389,414,,29,,,15,409,418,425,234,419,425,173,319,303,274,78,184,151,329,144,17,425,417,192,161,229,45,131,55,65,1,362,282,251,24,86,1,111,310,61,43,6,159,44,,,16,192,,,9,423,3,121,13,81,156,105,220,234,73,36,19,8,7,59,18,3,13,3,3,377,1,28,,313,,,b'\x11\xe8\xe1I\xed\xcbI\x88\x9a\xbe\x12\xdf\x17\xaeN\x1e'
11E8E149-EDCB-4988-9ABE-12DF17AE4E1E,2025-ncaa-d3-conf-NEWMAC,genius_ncaa,1,1,1,1,1,1,1,1,1,1,1,1,1,1,2,7,3,3,9,2,6,1,1,1,1,1,8,6,9,3,6,1,1,1,1,1,10,6,1,1,1,1,4,7,,,9,4,,12,1,1,5,10,1,1,3,1,3,3,3,5,5,5,3,7,9,1,1,2,1,2,7,,2,,10,1,3,6,12,1,6,12,1,3,9,2,7,2,3,5,3,2,11,12,1,1,1,3,5,4,2,1,11,6,6,1,3,1,1,1,1,2,1,7,2,,,3,9,,4,1,12,1,1,1,1,1,4,2,5,3,4,2,1,2,2,4,1,1,1,1,2,1,3,,8,,6,b'\x11\xe8\xe1I\xed\xcbI\x88\x9a\xbe\x12\xdf\x17\xaeN\x1e'
11E8E149-EDCB-4988-9ABE-12DF17AE4E1E,2025-ncaa-d3-natl,genius_ncaa,1,11,1,10,1,2,2,7,12,5,9,19,12,54,7,242,55,50,202,51,299,6,8,12,13,8,260,167,379,170,310,2,1,13,30,25,346,206,27,36,72,181,157,265,,,384,196,,411,3,2,305,364,48,37,201,45,190,88,239,280,293,296,228,372,384,80,244,139,10,254,291,,106,,367,5,308,332,412,27,325,406,47,267,393,27,265,163,139,259,131,34,409,412,27,21,22,139,208,113,54,1,393,310,312,30,77,11,30,101,19,40,6,362,159,,,10,162,,47,3,418,21,10,3,12,23,61,37,78,49,136,15,10,8,22,32,3,64,13,11,191,3,162,,261,,132,b'\x11\xe8\xe1I\xed\xcbI\x88\x9a\xbe\x12\xdf\x17\xaeN\x1e'
11E8E149-EDCB-4988-9ABE-12DF17AE4E1E,2026-ncaa-d3-conf-NEWMAC,genius_ncaa,1,1,1,1,1,1,1,1,1,1,1,1,3,4,1,4,2,2,2,2,4,1,1,1,1,1,4,4,3,1,1,2,1,1,1,1,4,1,1,1,2,2,1,1,,,1,1,,1,1,3,3,1,1,1,1,1,1,3,4,2,2,2,1,1,1,2,1,1,1,2,1,,1,,1,1,1,1,2,1,1,1,2,3,4,1,4,1,1,2,1,2,2,1,1,1,1,3,4,1,1,1,1,1,1,1,1,2,2,2,1,1,1,1,1,,,3,3,,3,1,1,1,1,1,1,1,2,1,1,3,4,1,1,1,2,1,1,1,1,1,2,1,1,,3,,3,b'\x11\xe8\xe1I\xed\xcbI\x88\x9a\xbe\x12\xdf\x17\xaeN\x1e'
11E8E149-EDCB-4988-9ABE-12DF17AE4E1E,2026-ncaa-d3-natl,genius_ncaa,13,1,215,1,249,141,132,284,4,115,224,24,170,335,5,341,123,200,27,191,171,286,307,7,5,6,244,251,192,325,115,199,11,254,15,241,368,60,73,95,284,212,195,70,,,111,215,,271,8,303,321,113,26,33,272,41,138,136,341,60,136,122,248,347,319,76,181,207,50,251,172,,115,,303,6,47,51,110,10,26,40,85,254,354,59,415,17,24,17,28,144,95,92,32,11,23,381,408,31,42,11,42,115,39,15,17,6,295,194,18,23,18,33,19,,,236,87,,201,8,109,8,15,6,13,18,119,10,6,309,405,5,12,12,67,44,24,8,6,1,284,12,25,,164,,195,b'\x11\xe8\xe1I\xed\xcbI\x88\x9a\xbe\x12\xdf\x17\xaeN\x1e'
11E8E149-EDCF-D73C-9ABE-12DF17AE4E1E,2018-ncaa-d3-conf-Little East,ncaa,3,3,3,3,3,5,5,4,5,5,5,5,4,5,3,5,4,5,3,5,4,5,5,4,4,4,4,5,3,4,5,3,3,3,4,4,4,6,6,4,4,4,3,3,,,2,1,,,3,5,6,2,5,6,6,4,4,4,5,5,5,5,5,5,5,2,4,4,5,4,3,,1,,,3,2,2,4,2,3,4,3,5,7,1,7,1,1,8,1,2,4,5,2,2,2,5,5,3,4,3,4,5,4,4,2,4,4,4,3,7,7,3,3,,,5,3,,,3,4,4,2,3,1,4,5,3,3,5,7,1,1,1,4,5,4,4,4,3,4,6,3,,5,,,b'\x11\xe8\xe1I\xed\xcf\xd7<\x9a\xbe\x12\xdf\x17\xaeN\x1e'
11E8E149-EDCF-D73C-9ABE-12DF17AE4E1E,2018-ncaa-d3-natl,ncaa,179,223,68,209,89,176,164,123,239,165,145,225,164,143,246,167,240,258,185,268,328,143,103,226,230,266,247,190,323,179,267,108,268,134,260,148,188,364,302,252,196,287,214,250,,,186,64,,,248,93,149,200,244,231,193,230,238,203,181,318,341,348,234,200,250,164,210,193,293,257,248,,87,,,246,316,344,400,150,327,317,231,324,418,53,382,178,115,410,110,76,378,373,152,149,143,208,289,108,374,268,344,267,372,260,331,230,100,155,186,336,283,167,132,,,200,315,,,248,365,274,167,226,207,239,329,221,221,264,381,115,75,70,270,316,313,244,276,250,127,282,112,,317,,,b'\x11\xe8\xe1I\xed\xcf\xd7<\x9a\xbe\x12\xdf\x17\xaeN\x1e'
11E8E149-EDCF-D73C-9ABE-12DF17AE4E1E,2019-ncaa-d3-conf-Little East,ncaa,3,3,1,3,3,3,3,3,3,2,1,2,7,6,4,8,6,6,2,6,8,3,3,3,4,3,9,8,8,4,6,5,4,4,5,3,3,2,2,2,3,3,4,3,,,3,2,,,4,2,3,6,4,3,3,2,1,7,7,6,7,7,3,3,5,5,6,3,1,3,4,,2,,,4,7,6,6,6,5,4,5,7,7,5,6,6,5,8,5,5,7,6,6,6,5,7,7,5,4,4,8,6,7,5,7,6,3,2,2,3,5,4,3,,,7,8,,,4,8,3,5,4,4,4,3,2,3,7,4,5,4,4,3,4,3,6,5,5,3,3,3,,8,,,b'\x11\xe8\xe1I\xed\xcf\xd7<\x9a\xbe\x12\xdf\x17\xaeN\x1e'
11E8E149-EDCF-D73C-9ABE-12DF17AE4E1E,2019-ncaa-d3-natl,ncaa,137,162,67,155,80,152,90,98,118,38,40,126,368,356,343,390,272,294,185,298,420,129,108,201,221,222,434,412,359,178,240,242,283,222,287,78,112,311,242,129,57,64,91,82,,,232,142,,,172,105,204,89,213,124,154,35,47,398,388,330,357,363,210,210,241,360,331,83,233,66,102,,162,,,176,247,244,239,231,197,183,211,357,313,319,323,209,155,394,162,189,215,343,264,270,123,315,341,185,278,283,325,240,320,287,240,197,36,27,59,259,206,170,66,,,251,349,,,172,343,230,126,174,152,159,104,130,93,291,249,158,118,117,81,240,207,227,212,165,32,196,134,,353,,,b'\x11\xe8\xe1I\xed\xcf\xd7<\x9a\xbe\x12\xdf\x17\xaeN\x1e'
11E8E149-EDCF-D73C-9ABE-12DF17AE4E1E,2020-ncaa-d3-conf-Little East,ncaa,7,6,7,7,7,7,7,7,6,6,2,7,9,8,8,9,3,3,2,3,5,6,7,8,6,6,8,9,1,4,5,7,7,8,6,7,8,1,3,6,2,2,5,5,,,7,9,,,6,8,3,4,6,6,4,4,1,9,8,2,1,3,3,3,4,7,6,7,3,2,5,,8,,,6,4,3,1,8,5,4,7,6,3,8,4,7,7,7,7,8,3,2,8,8,7,6,4,7,4,7,6,5,5,6,5,5,6,3,5,6,7,5,4,,,4,3,,,6,3,6,7,6,7,7,4,7,4,6,5,8,8,8,6,6,7,6,6,7,3,8,6,,3,,,b'\x11\xe8\xe1I\xed\xcf\xd7<\x9a\xbe\x12\xdf\x17\xaeN\x1e'
11E8E149-EDCF-D73C-9ABE-12DF17AE4E1E,2020-ncaa-d3-natl,ncaa,263,275,198,276,310,261,271,218,309,163,65,334,410,402,382,416,77,80,172,77,215,186,197,354,327,304,367,422,23,132,168,343,341,278,311,269,252,188,177,266,53,38,204,196,,,340,352,,,272,230,167,402,265,281,185,129,28,419,409,45,48,45,133,144,118,373,284,269,210,44,205,,365,,,269,202,168,119,265,171,158,232,200,127,330,163,323,278,389,283,311,132,215,265,304,202,276,205,329,266,341,264,168,281,311,231,282,75,61,124,215,214,197,124,,,127,105,,,272,209,288,220,266,237,204,143,200,172,221,143,329,287,300,170,264,276,280,287,242,60,229,215,,86,,,b'\x11\xe8\xe1I\xed\xcf\xd7<\x9a\xbe\x12\xdf\x17\xaeN\x1e'
11E8E149-EDCF-D73C-9ABE-12DF17AE4E1E,2021-ncaa-d3-conf-Little East,ncaa,5,2,6,5,6,6,6,6,3,6,6,5,6,6,1,6,6,6,5,6,6,6,6,3,3,3,6,6,5,6,2,6,5,6,5,6,3,1,3,3,6,4,6,4,,,1,1,,,3,6,6,3,3,3,4,2,1,6,6,5,4,4,4,5,1,6,5,3,1,5,2,,1,,,5,1,1,1,6,1,1,6,1,1,3,2,1,1,1,1,1,1,1,6,6,6,1,1,1,1,5,1,2,1,5,1,1,6,6,6,1,6,1,2,,,6,3,,,3,1,3,6,5,6,6,5,6,6,2,2,1,1,1,4,2,4,2,3,4,6,6,2,,3,,,b'\x11\xe8\xe1I\xed\xcf\xd7<\x9a\xbe\x12\xdf\x17\xaeN\x1e'
11E8E149-EDCF-D73C-9ABE-12DF17AE4E1E,2021-ncaa-d3-natl,ncaa,215,149,206,224,206,206,201,205,155,179,193,148,241,232,267,260,215,221,126,222,266,206,211,201,207,182,278,272,213,201,135,225,143,220,204,199,180,66,83,105,201,121,142,38,,,64,56,,,195,212,171,110,176,115,78,40,16,268,255,213,225,227,97,146,111,274,243,138,72,134,45,,40,,,200,82,87,70,264,89,71,269,88,76,233,177,74,72,159,72,143,70,71,267,266,252,105,168,73,58,143,76,135,71,204,67,43,211,125,133,92,208,64,40,,,211,189,,,195,73,174,221,210,197,209,79,197,84,200,133,116,105,108,67,63,40,183,120,114,151,202,73,,187,,,b'\x11\xe8\xe1I\xed\xcf\xd7<\x9a\xbe\x12\xdf\x17\xaeN\x1e'
11E8E149-EDCF-D73C-9ABE-12DF17AE4E1E,2022-ncaa-d3-conf-Little East,ncaa,4,4,8,4,8,4,4,7,5,4,5,5,7,8,7,8,1,2,1,1,3,5,8,5,5,4,7,8,1,6,4,9,7,9,6,7,8,2,2,5,4,2,6,4,,,4,6,,,4,8,7,1,4,4,4,1,1,7,8,1,1,1,1,5,4,8,8,6,2,3,5,,6,,,4,5,2,1,6,1,2,5,6,4,7,5,6,6,6,6,8,1,2,7,7,6,9,9,7,3,7,2,4,2,6,5,9,4,2,5,3,4,2,1,,,5,1,,,4,2,4,5,4,6,5,3,5,2,7,4,8,8,8,4,5,5,5,4,7,2,4,2,,1,,,b'\x11\xe8\xe1I\xed\xcf\xd7<\x9a\xbe\x12\xdf\x17\xaeN\x1e'
11E8E149-EDCF-D73C-9ABE-12DF17AE4E1E,2022-ncaa-d3-natl,ncaa,232,318,61,268,63,199,215,110,346,151,55,347,340,293,378,354,42,78,43,75,226,95,112,365,335,289,282,378,24,174,292,276,282,242,336,263,330,213,134,273,61,68,250,259,,,356,313,,,255,103,283,39,311,320,207,225,90,379,352,73,126,131,187,248,240,401,363,335,128,86,294,,290,,,253,306,262,200,276,235,165,287,280,251,309,251,368,347,342,353,363,226,322,299,326,206,316,236,340,245,282,385,292,355,336,365,379,35,25,130,134,84,324,213,,,40,60,,,255,323,294,196,255,177,137,41,134,49,205,164,315,287,296,60,161,157,319,261,281,52,79,278,,80,,,b'\x11\xe8\xe1I\xed\xcf\xd7<\x9a\xbe\x12\xdf\x17\xaeN\x1e'
11E8E149-EDCF-D73C-9ABE-12DF17AE4E1E,2023-ncaa-d3-conf-Little East,ncaa,5,5,5,5,5,5,5,5,7,7,5,8,6,7,3,7,4,5,3,4,4,5,9,7,5,5,4,5,2,7,7,8,8,8,8,8,8,2,4,5,2,2,7,7,,,5,5,,,5,8,8,3,6,7,7,7,5,7,7,5,6,6,7,9,8,9,9,8,2,2,7,,5,,,5,7,6,4,6,7,3,7,5,5,4,5,5,5,1,5,5,5,6,6,6,6,3,4,4,9,8,6,7,6,8,5,6,4,4,7,3,5,4,7,,,7,3,,,5,3,5,7,5,5,7,5,6,4,5,5,5,6,5,6,6,8,6,8,6,3,4,6,,8,,,b'\x11\xe8\xe1I\xed\xcf\xd7<\x9a\xbe\x12\xdf\x17\xaeN\x1e'
11E8E149-EDCF-D73C-9ABE-12DF17AE4E1E,2023-ncaa-d3-natl,ncaa,289,345,109,321,155,300,316,278,346,283,176,372,329,347,226,346,158,197,92,188,204,270,297,354,328,304,215,309,44,356,389,275,341,332,381,331,307,151,205,306,172,185,237,254,,,160,138,,,320,259,352,260,363,377,381,335,231,357,381,172,238,223,366,394,394,362,400,373,124,199,254,,115,,,313,218,261,230,249,304,220,307,134,228,50,224,210,229,129,225,210,218,218,217,206,206,99,116,177,330,341,346,389,359,381,301,293,193,216,276,177,226,327,299,,,269,216,,,320,177,330,262,313,167,210,163,257,166,114,187,174,196,193,155,145,300,302,312,257,240,149,309,,345,,,b'\x11\xe8\xe1I\xed\xcf\xd7<\x9a\xbe\x12\xdf\x17\xaeN\x1e'
11E8E149-EDCF-D73C-9ABE-12DF17AE4E1E,2024-ncaa-d3-conf-Little East,ncaa,3,3,1,3,4,3,4,3,7,8,8,3,1,1,4,1,6,7,3,7,2,4,3,3,4,4,1,1,6,4,7,5,7,5,7,3,3,8,8,6,2,2,7,7,,,7,7,,,3,3,6,8,4,8,6,9,9,1,1,6,8,8,8,7,6,8,8,4,8,2,7,,7,,,3,6,7,5,8,6,5,8,5,4,8,5,6,6,6,6,7,5,8,8,7,3,6,6,6,5,7,9,7,8,7,5,3,2,2,3,6,7,4,6,,,5,5,,,3,8,4,3,3,3,4,2,5,4,4,4,6,6,6,2,6,5,6,5,3,2,4,3,,7,,,b'\x11\xe8\xe1I\xed\xcf\xd7<\x9a\xbe\x12\xdf\x17\xaeN\x1e'
11E8E149-EDCF-D73C-9ABE-12DF17AE4E1E,2024-ncaa-d3-natl,ncaa,184,232,63,208,111,251,302,218,367,379,374,372,49,37,169,15,193,263,34,279,107,234,205,308,272,292,4,9,127,231,320,243,266,243,332,256,124,305,296,296,140,147,312,337,,,251,230,,,263,193,335,401,338,377,350,419,416,61,46,239,334,347,372,363,295,354,361,313,241,184,340,,172,,,259,223,222,195,242,253,254,205,164,131,267,137,255,189,390,189,164,192,257,215,246,165,180,151,250,250,266,378,320,342,332,175,127,85,81,92,236,231,238,368,,,237,266,,,263,261,302,173,248,124,138,75,184,159,115,73,189,131,135,66,108,181,309,268,122,125,178,204,,336,,,b'\x11\xe8\xe1I\xed\xcf\xd7<\x9a\xbe\x12\xdf\x17\xaeN\x1e'
11E8E149-EDCF-D73C-9ABE-12DF17AE4E1E,2025-ncaa-d3-conf-Little East,genius_ncaa,2,3,1,3,1,2,4,3,4,6,7,4,2,1,2,2,2,1,5,1,2,3,3,3,2,3,2,1,5,3,6,3,5,3,5,3,3,5,4,3,3,4,4,5,,,8,7,,3,3,3,7,8,3,6,6,7,8,2,1,3,4,4,5,7,5,5,6,4,3,4,6,,5,,3,3,5,6,6,5,7,5,4,5,7,5,5,7,7,7,7,7,7,8,4,5,5,6,5,6,6,5,9,6,9,5,5,3,3,3,3,5,4,6,7,,,2,2,,5,3,7,3,3,3,3,4,2,4,2,3,4,6,4,5,2,3,4,6,5,3,3,3,5,,3,,5,b'\x11\xe8\xe1I\xed\xcf\xd7<\x9a\xbe\x12\xdf\x17\xaeN\x1e'
11E8E149-EDCF-D73C-9ABE-12DF17AE4E1E,2025-ncaa-d3-natl,genius_ncaa,82,94,55,92,111,163,231,162,295,357,341,340,13,24,50,14,129,114,264,123,29,153,160,199,197,187,3,4,169,181,273,154,159,170,239,199,139,200,166,200,155,166,228,229,,,353,363,,73,141,149,292,378,229,311,268,400,406,14,27,167,151,166,250,303,248,261,259,259,149,201,263,,320,,65,144,147,125,184,114,129,167,142,185,255,114,242,242,271,109,278,300,207,259,122,116,95,265,217,269,191,159,340,273,298,239,158,205,103,107,107,62,46,196,304,,,59,39,,276,141,276,196,92,137,71,71,74,81,79,133,177,185,221,230,82,109,117,254,198,108,138,39,154,,89,,300,b'\x11\xe8\xe1I\xed\xcf\xd7<\x9a\xbe\x12\xdf\x17\xaeN\x1e'
11E8E149-EDCF-D73C-9ABE-12DF17AE4E1E,2026-ncaa-d3-conf-Little East,genius_ncaa,1,1,1,1,2,2,3,5,2,7,7,3,1,1,1,1,4,2,7,2,2,5,7,1,2,1,2,1,6,2,2,4,1,3,1,1,2,3,1,1,7,7,5,6,,,3,2,,3,1,7,9,2,2,3,5,7,9,1,1,4,3,3,5,9,2,5,3,1,1,8,6,,1,,3,1,3,3,3,5,5,7,3,3,2,9,2,1,1,2,1,1,3,3,4,3,4,3,3,1,1,1,5,2,3,1,3,3,6,4,4,3,3,3,5,,,4,3,,4,1,3,1,3,1,1,1,1,3,7,3,1,1,1,1,1,1,1,4,1,2,8,2,3,,5,,4,b'\x11\xe8\xe1I\xed\xcf\xd7<\x9a\xbe\x12\xdf\x17\xaeN\x1e'
11E8E149-EDCF-D73C-9ABE-12DF17AE4E1E,2026-ncaa-d3-natl,genius_ncaa,13,21,116,27,122,53,70,175,20,178,304,14,7,33,16,14,145,200,59,191,89,180,214,6,6,8,29,7,298,235,204,136,22,163,57,36,67,120,87,27,146,109,117,137,,,126,99,,20,8,205,347,50,32,58,216,211,387,5,28,149,245,239,230,327,286,142,210,30,65,172,133,,49,,20,12,125,152,185,116,151,216,62,187,133,305,132,46,51,170,47,11,162,175,117,76,65,141,287,42,72,22,168,204,124,57,117,101,162,108,88,179,168,90,118,,,186,164,,236,8,206,9,44,14,26,65,92,82,169,141,62,10,6,6,40,47,25,81,43,60,186,143,61,,232,,265,b'\x11\xe8\xe1I\xed\xcf\xd7<\x9a\xbe\x12\xdf\x17\xaeN\x1e'
11E8E149-EDD4-731E-9ABE-12DF17AE4E1E,2018-ncaa-d3-conf-C2C,ncaa,7,7,7,7,9,5,4,5,3,3,4,4,9,8,10,8,5,6,6,6,8,4,3,4,4,6,8,9,6,9,8,6,10,8,8,4,5,10,9,6,5,6,1,1,,,10,9,,,8,2,1,5,4,4,2,2,2,8,8,4,5,5,3,2,8,3,6,4,10,4,1,,10,,,8,10,10,10,9,10,10,9,4,5,5,1,10,10,1,10,8,10,10,8,8,8,1,1,8,10,10,5,8,7,8,8,2,4,6,5,10,10,3,1,,,6,8,,,8,9,8,8,7,10,10,10,10,10,4,6,10,10,10,10,10,10,6,8,8,3,10,3,,4,,,b'\x11\xe8\xe1I\xed\xd4s\x1e\x9a\xbe\x12\xdf\x17\xaeN\x1e'
11E8E149-EDD4-731E-9ABE-12DF17AE4E1E,2018-ncaa-d3-conf-CAC,ncaa,7,7,7,7,9,5,4,5,3,3,4,4,9,8,10,8,5,6,6,6,8,4,3,4,4,6,8,9,6,9,8,6,10,8,8,4,5,10,9,6,5,6,1,1,,,10,9,,,8,2,1,5,4,4,2,2,2,8,8,4,5,5,3,2,8,3,6,4,10,4,1,,10,,,8,10,10,10,9,10,10,9,4,5,5,1,10,10,1,10,8,10,10,8,8,8,1,1,8,10,10,5,8,7,8,8,2,4,6,5,10,10,3,1,,,6,8,,,8,9,8,8,7,10,10,10,10,10,4,6,10,10,10,10,10,10,6,8,8,3,10,3,,4,,,b'\x11\xe8\xe1I\xed\xd4s\x1e\x9a\xbe\x12\xdf\x17\xaeN\x1e'
11E8E149-EDD4-731E-9ABE-12DF17AE4E1E,2018-ncaa-d3-natl,ncaa,218,223,197,227,222,117,77,105,82,35,43,95,329,351,257,391,172,141,270,141,320,107,51,133,159,257,407,390,305,212,201,140,327,162,223,66,109,432,394,267,68,121,36,83,,,411,290,,,245,20,4,125,55,26,42,12,19,333,358,145,117,117,48,11,212,72,112,28,427,48,28,,430,,,244,407,392,406,214,414,436,179,93,115,141,24,416,439,45,439,323,432,428,153,161,162,82,25,362,395,327,167,201,277,223,277,101,68,150,114,436,413,107,34,,,187,387,,,245,426,293,166,244,400,381,418,408,435,99,114,425,436,436,435,439,382,184,300,282,42,430,98,,157,,,b'\x11\xe8\xe1I\xed\xd4s\x1e\x9a\xbe\x12\xdf\x17\xaeN\x1e'
11E8E149-EDD4-731E-9ABE-12DF17AE4E1E,2019-ncaa-d3-conf-C2C,ncaa,2,2,1,2,1,2,2,1,4,1,2,4,5,4,8,5,3,3,1,3,6,1,1,5,5,5,7,5,3,1,1,1,3,1,1,2,4,7,5,4,6,7,1,1,,,7,5,,,2,2,3,2,2,2,2,1,3,5,4,3,4,4,1,1,1,2,1,2,6,7,1,,5,,,2,8,5,8,2,3,7,1,8,8,5,6,7,8,4,8,4,8,7,1,2,4,6,7,6,7,3,2,1,4,1,6,7,7,8,8,7,6,4,1,,,2,5,,,2,7,3,4,3,5,4,8,3,5,6,7,5,5,5,8,5,4,2,2,4,8,7,2,,3,,,b'\x11\xe8\xe1I\xed\xd4s\x1e\x9a\xbe\x12\xdf\x17\xaeN\x1e'
11E8E149-EDD4-731E-9ABE-12DF17AE4E1E,2019-ncaa-d3-conf-CAC,ncaa,2,2,1,2,1,2,2,1,4,1,2,4,5,4,8,5,3,3,1,3,6,1,1,5,5,5,7,5,3,1,1,1,3,1,1,2,4,7,5,4,6,7,1,1,,,7,5,,,2,2,3,2,2,2,2,1,3,5,4,3,4,4,1,1,1,2,1,2,6,7,1,,5,,,2,8,5,8,2,3,7,1,8,8,5,6,7,8,4,8,4,8,7,1,2,4,6,7,6,7,3,2,1,4,1,6,7,7,8,8,7,6,4,1,,,2,5,,,2,7,3,4,3,5,4,8,3,5,6,7,5,5,5,8,5,4,2,2,4,8,7,2,,3,,,b'\x11\xe8\xe1I\xed\xd4s\x1e\x9a\xbe\x12\xdf\x17\xaeN\x1e'
11E8E149-EDD4-731E-9ABE-12DF17AE4E1E,2019-ncaa-d3-natl,ncaa,53,46,67,56,92,85,102,56,207,98,97,153,164,99,320,207,52,59,170,57,127,54,30,220,205,240,230,272,126,25,8,64,146,26,22,85,106,411,320,238,125,197,10,8,,,382,290,,,109,50,87,116,110,135,76,120,147,212,138,75,79,79,66,35,29,80,26,91,381,173,8,,335,,,112,262,168,375,35,128,319,24,350,376,206,283,375,395,178,398,343,397,388,47,60,85,401,334,370,291,146,88,8,156,22,303,381,125,218,207,416,342,170,105,,,36,144,,,109,389,178,80,121,160,106,285,78,223,287,315,333,355,362,322,325,223,37,77,238,180,382,134,,34,,,b'\x11\xe8\xe1I\xed\xd4s\x1e\x9a\xbe\x12\xdf\x17\xaeN\x1e'
11E8E149-EDD4-731E-9ABE-12DF17AE4E1E,2020-ncaa-d3-conf-C2C,ncaa,5,4,4,5,4,4,4,4,2,3,2,3,5,6,5,6,6,6,3,6,6,4,5,4,4,5,6,6,6,4,3,2,1,3,1,3,2,5,5,4,5,5,1,1,,,3,5,,,5,5,3,1,4,2,4,1,2,5,6,6,6,6,4,4,3,1,1,2,5,4,1,,5,,,5,2,2,3,3,2,3,2,4,3,4,3,2,3,2,3,3,3,2,3,3,3,5,4,3,3,1,1,3,1,1,2,4,6,6,5,5,5,1,2,,,6,6,,,5,2,4,3,5,3,3,5,3,5,5,3,3,4,4,5,4,3,1,1,5,6,5,2,,6,,,b'\x11\xe8\xe1I\xed\xd4s\x1e\x9a\xbe\x12\xdf\x17\xaeN\x1e'
11E8E149-EDD4-731E-9ABE-12DF17AE4E1E,2020-ncaa-d3-conf-CAC,ncaa,5,4,4,5,4,4,4,4,2,3,2,3,5,6,5,6,6,6,3,6,6,4,5,4,4,5,6,6,6,4,3,2,1,3,1,3,2,5,5,4,5,5,1,1,,,3,5,,,5,5,3,1,4,2,4,1,2,5,6,6,6,6,4,4,3,1,1,2,5,4,1,,5,,,5,2,2,3,3,2,3,2,4,3,4,3,2,3,2,3,3,3,2,3,3,3,5,4,3,3,1,1,3,1,1,2,4,6,6,5,5,5,1,2,,,6,6,,,5,2,4,3,5,3,3,5,3,5,5,3,3,4,4,5,4,3,1,1,5,6,5,2,,6,,,b'\x11\xe8\xe1I\xed\xd4s\x1e\x9a\xbe\x12\xdf\x17\xaeN\x1e'
11E8E149-EDD4-731E-9ABE-12DF17AE4E1E,2020-ncaa-d3-natl,ncaa,134,111,198,129,262,209,145,251,41,59,112,57,362,381,278,382,312,367,64,367,418,283,234,113,114,194,427,399,368,195,84,101,113,140,45,39,12,361,360,132,272,279,20,22,,,343,383,,,157,249,199,244,191,92,230,31,79,371,384,322,385,383,287,194,168,43,83,12,353,269,14,,368,,,157,117,76,178,63,92,248,34,146,112,274,99,336,337,217,334,305,207,174,62,91,129,324,199,376,186,113,38,84,67,45,152,259,270,282,233,352,358,124,87,,,341,370,,,157,190,203,127,158,150,106,217,115,286,169,111,341,341,344,238,212,207,43,81,169,268,356,124,,369,,,b'\x11\xe8\xe1I\xed\xd4s\x1e\x9a\xbe\x12\xdf\x17\xaeN\x1e'
11E8E149-EDD4-731E-9ABE-12DF17AE4E1E,2021-ncaa-d3-conf-C2C,ncaa,3,3,3,3,3,3,3,3,3,3,3,4,2,3,1,1,4,4,2,4,2,3,3,3,3,3,1,1,2,3,3,3,3,3,3,3,1,2,3,3,3,3,3,2,,,2,4,,,3,3,1,1,3,3,3,3,3,1,2,2,2,2,3,1,3,1,1,2,4,3,1,,4,,,3,2,1,2,1,1,1,1,2,2,4,4,2,2,2,2,4,2,2,2,1,4,4,4,3,1,3,1,3,1,3,2,4,4,4,4,1,3,2,2,,,3,2,,,3,2,3,3,3,4,3,4,2,3,4,4,4,4,4,4,4,3,2,3,4,4,3,2,,2,,,b'\x11\xe8\xe1I\xed\xd4s\x1e\x9a\xbe\x12\xdf\x17\xaeN\x1e'
11E8E149-EDD4-731E-9ABE-12DF17AE4E1E,2021-ncaa-d3-natl,ncaa,251,183,206,251,206,212,214,220,171,222,216,213,199,220,68,171,205,213,56,212,150,220,213,161,152,220,91,117,97,219,148,208,138,212,117,187,8,112,279,211,205,159,147,74,,,109,278,,,206,211,119,110,230,236,267,238,225,166,221,165,209,203,266,178,212,117,162,99,274,152,48,,276,,,222,78,75,77,117,82,82,104,63,66,110,34,123,124,127,123,242,79,76,96,124,164,134,43,260,79,138,59,148,68,117,84,209,222,231,215,126,275,75,151,,,211,177,,,206,75,231,166,214,169,139,169,170,218,63,63,262,268,269,218,176,159,51,81,184,218,273,116,,187,,,b'\x11\xe8\xe1I\xed\xd4s\x1e\x9a\xbe\x12\xdf\x17\xaeN\x1e'
11E8E149-EDD4-731E-9ABE-12DF17AE4E1E,2022-ncaa-d3-conf-USA South,ncaa,1,1,2,1,4,2,2,3,1,1,2,1,5,7,4,12,7,8,7,8,13,3,4,2,2,2,17,12,15,2,1,1,2,1,1,1,1,17,8,1,12,16,1,1,,,14,8,,,1,4,6,18,2,2,4,1,3,7,11,10,9,10,6,7,3,1,1,1,10,15,1,,11,,,1,9,9,18,1,11,19,1,2,7,4,2,14,15,6,15,9,18,16,1,1,1,6,2,14,11,2,5,1,6,1,2,1,10,16,3,7,4,6,1,,,8,12,,,1,16,2,1,1,3,3,13,7,17,2,3,12,12,12,14,12,6,1,1,1,14,4,1,,12,,,b'\x11\xe8\xe1I\xed\xd4s\x1e\x9a\xbe\x12\xdf\x17\xaeN\x1e'
11E8E149-EDD4-731E-9ABE-12DF17AE4E1E,2022-ncaa-d3-natl,ncaa,28,21,61,26,105,36,27,52,35,19,27,56,156,223,71,343,76,46,272,42,222,44,34,54,67,83,344,314,272,41,14,19,78,18,12,7,4,352,209,40,149,230,24,62,,,371,250,,,31,38,61,421,31,19,71,17,41,211,294,115,80,75,57,55,60,11,12,3,275,202,27,,313,,,27,235,205,373,27,294,421,11,33,62,51,7,390,403,143,405,242,392,382,9,17,45,110,11,399,270,78,126,14,172,12,47,15,132,255,37,282,163,182,68,,,56,212,,,31,393,58,39,36,106,96,295,190,400,14,16,351,360,363,323,313,185,30,71,17,205,211,135,,100,,,b'\x11\xe8\xe1I\xed\xd4s\x1e\x9a\xbe\x12\xdf\x17\xaeN\x1e'
11E8E149-EDD4-731E-9ABE-12DF17AE4E1E,2023-ncaa-d3-conf-USA South,ncaa,4,3,4,4,4,4,4,4,2,4,6,2,2,3,2,4,4,4,6,4,2,4,4,2,2,3,4,4,10,5,2,4,2,4,2,2,1,9,7,2,2,2,5,5,,,9,10,,,3,4,3,2,2,3,4,3,7,2,4,5,4,4,4,1,4,4,2,1,8,2,5,,10,,,3,6,6,5,5,6,6,3,2,2,4,1,9,9,1,9,9,6,6,4,4,2,5,1,9,2,2,3,2,3,2,7,5,2,2,2,7,5,6,5,,,6,10,,,3,7,4,1,3,4,2,3,4,4,1,1,8,9,9,3,4,2,1,1,3,4,6,5,,6,,,b'\x11\xe8\xe1I\xed\xd4s\x1e\x9a\xbe\x12\xdf\x17\xaeN\x1e'
11E8E149-EDD4-731E-9ABE-12DF17AE4E1E,2023-ncaa-d3-natl,ncaa,210,223,185,220,209,143,144,159,118,140,163,111,164,170,204,218,161,112,304,108,147,144,85,137,148,232,252,231,210,141,59,244,59,191,44,58,12,402,354,206,93,92,205,257,,,405,410,,,191,76,31,122,106,103,115,102,148,170,167,142,91,89,92,33,115,247,185,28,385,80,213,,415,,,192,281,259,160,325,352,352,262,36,18,252,5,391,408,86,405,360,225,282,264,287,211,72,9,389,40,59,61,59,40,44,154,90,95,96,85,339,279,274,254,,,215,333,,,191,349,230,138,198,279,260,164,343,359,27,7,393,405,404,249,307,37,53,33,169,80,334,286,,197,,,b'\x11\xe8\xe1I\xed\xd4s\x1e\x9a\xbe\x12\xdf\x17\xaeN\x1e'
11E8E149-EDD4-731E-9ABE-12DF17AE4E1E,2024-ncaa-d3-conf-USA South,ncaa,1,1,1,1,1,1,1,2,1,2,5,1,3,2,2,3,4,4,5,4,4,2,2,1,1,1,5,4,8,2,1,2,1,2,1,1,1,8,6,3,6,6,1,1,,,10,10,,,1,1,4,4,1,1,4,3,6,3,3,5,5,5,3,3,2,2,2,1,6,7,1,,9,,,1,1,1,5,1,1,7,1,1,5,1,2,10,10,7,10,9,7,8,1,1,1,10,1,10,1,1,1,1,1,1,1,4,4,4,2,7,4,2,2,,,2,5,,,1,10,2,1,1,1,1,4,1,4,1,2,10,9,9,4,3,1,1,1,1,7,7,2,,5,,,b'\x11\xe8\xe1I\xed\xd4s\x1e\x9a\xbe\x12\xdf\x17\xaeN\x1e'
11E8E149-EDD4-731E-9ABE-12DF17AE4E1E,2024-ncaa-d3-natl,ncaa,42,66,17,61,22,45,38,55,54,45,75,32,104,84,182,175,145,95,335,89,196,55,18,61,91,168,299,219,338,26,5,14,20,11,1,22,46,417,343,191,109,200,20,52,,,404,349,,,19,22,138,189,101,82,171,84,211,182,170,251,217,205,174,87,58,43,31,35,360,204,39,,335,,,24,119,64,361,3,93,389,2,70,154,18,54,410,406,268,410,321,390,391,3,5,10,334,75,424,137,20,63,5,83,1,62,126,67,153,25,386,299,137,70,,,66,306,,,19,407,136,10,28,17,12,120,20,236,25,49,342,338,343,160,201,42,4,4,19,157,319,65,,223,,,b'\x11\xe8\xe1I\xed\xd4s\x1e\x9a\xbe\x12\xdf\x17\xaeN\x1e'
11E8E149-EDD4-731E-9ABE-12DF17AE4E1E,2025-ncaa-d3-conf-USA South,genius_ncaa,1,1,1,1,1,1,1,1,2,2,3,1,2,1,2,2,4,5,2,5,6,1,1,2,2,2,3,3,8,1,1,1,1,1,1,1,1,5,3,1,1,2,1,1,,,9,9,,1,1,1,2,3,1,1,1,2,6,2,1,6,7,7,2,2,1,1,1,1,4,2,1,,9,,1,1,1,1,3,1,1,4,1,2,2,3,1,8,9,4,9,7,3,8,1,1,1,9,4,9,1,1,1,1,1,1,1,3,1,2,1,1,1,1,1,,,3,7,,2,1,9,1,1,1,1,1,1,1,2,1,1,7,7,7,1,2,1,1,1,1,2,1,1,,6,,2,b'\x11\xe8\xe1I\xed\xd4s\x1e\x9a\xbe\x12\xdf\x17\xaeN\x1e'
11E8E149-EDD4-731E-9ABE-12DF17AE4E1E,2025-ncaa-d3-natl,genius_ncaa,12,11,16,13,35,28,29,17,113,46,95,30,36,9,245,47,116,175,51,170,261,22,14,93,105,124,184,134,335,8,3,18,26,10,3,19,69,374,220,130,33,47,59,92,,,401,334,,236,5,23,136,407,57,53,59,99,232,68,31,222,297,295,73,73,24,68,25,38,265,57,100,,322,,184,7,56,34,280,1,79,368,2,21,65,8,25,378,393,148,389,298,328,379,1,3,4,241,29,416,118,26,126,3,102,3,12,41,25,38,1,304,155,205,133,,,91,327,,11,5,396,85,3,6,8,2,48,15,176,7,11,307,310,309,75,175,41,17,19,7,50,199,118,,251,,18,b'\x11\xe8\xe1I\xed\xd4s\x1e\x9a\xbe\x12\xdf\x17\xaeN\x1e'
11E8E149-EDD4-731E-9ABE-12DF17AE4E1E,2026-ncaa-d3-conf-USA South,genius_ncaa,2,1,3,1,3,4,3,4,3,3,6,3,3,4,3,3,7,8,4,7,9,6,6,2,4,3,7,3,10,5,2,3,4,4,2,2,2,4,1,1,8,10,3,2,,,7,8,,3,2,7,9,1,4,2,3,2,5,2,3,9,10,9,5,6,4,2,3,1,1,10,3,,9,,4,1,4,4,5,1,4,7,2,3,4,3,3,6,7,1,7,8,7,5,1,1,1,6,3,9,8,4,4,2,4,2,3,4,6,6,3,2,1,8,6,,,6,8,,4,2,4,2,1,1,1,1,4,1,7,3,3,7,8,8,7,4,9,2,4,1,6,1,6,,9,,6,b'\x11\xe8\xe1I\xed\xd4s\x1e\x9a\xbe\x12\xdf\x17\xaeN\x1e'
11E8E149-EDD4-731E-9ABE-12DF17AE4E1E,2026-ncaa-d3-natl,genius_ncaa,225,132,327,194,337,354,329,330,260,322,315,260,268,288,242,184,391,391,232,390,400,347,338,262,288,299,292,168,386,277,114,320,243,316,166,271,84,144,285,224,366,338,178,169,,,155,318,,156,225,344,142,113,269,199,103,192,136,203,173,386,397,394,178,134,124,123,120,116,298,322,103,,348,,251,226,66,68,69,132,124,156,105,13,18,80,6,183,244,31,245,317,84,76,72,73,106,57,11,364,140,243,67,114,89,166,54,97,320,236,136,137,244,117,186,,,367,354,,236,225,71,282,132,223,167,169,217,278,367,10,9,338,392,394,282,275,293,177,236,109,203,264,202,,313,,192,b'\x11\xe8\xe1I\xed\xd4s\x1e\x9a\xbe\x12\xdf\x17\xaeN\x1e'
11E8E149-EDD9-394E-9ABE-12DF17AE4E1E,2018-ncaa-d3-conf-NECC,ncaa,8,7,7,8,8,8,9,9,8,9,9,7,6,6,8,3,7,7,6,7,4,9,9,8,8,8,3,3,3,8,8,9,9,9,8,9,8,7,8,9,9,8,4,6,,,1,1,,,8,9,8,7,8,9,9,9,9,6,3,7,7,7,9,9,7,9,9,9,8,8,4,,1,,,8,6,6,3,8,7,6,8,1,3,1,2,1,1,8,1,1,2,1,7,6,7,1,1,2,8,9,3,8,6,8,2,2,8,6,6,7,8,2,7,,,8,4,,,8,1,8,7,8,6,8,8,8,8,1,3,2,1,1,6,3,8,7,8,5,7,8,3,,6,,,b'\x11\xe8\xe1I\xed\xd99N\x9a\xbe\x12\xdf\x17\xaeN\x1e'
11E8E149-EDD9-394E-9ABE-12DF17AE4E1E,2018-ncaa-d3-natl,ncaa,383,411,197,396,264,408,406,355,426,396,324,413,365,269,415,180,372,309,423,305,240,351,226,423,424,431,209,226,149,255,322,306,429,291,407,420,430,430,428,436,374,425,158,265,,,44,15,,,419,212,156,303,427,426,398,418,352,375,263,395,330,329,398,188,251,339,313,435,425,398,155,,34,,,409,288,397,391,279,432,432,303,14,60,12,23,84,102,118,98,23,362,322,184,135,196,2,3,57,435,429,339,322,419,407,159,18,221,299,199,425,420,195,270,,,237,262,,,419,224,430,298,413,294,385,402,426,433,14,55,87,101,100,384,367,426,352,408,173,230,417,195,,249,,,b'\x11\xe8\xe1I\xed\xd99N\x9a\xbe\x12\xdf\x17\xaeN\x1e'
11E8E149-EDD9-394E-9ABE-12DF17AE4E1E,2019-ncaa-d3-conf-NECC,ncaa,8,8,5,8,5,9,9,8,9,9,8,9,7,2,9,1,9,9,9,9,3,8,8,9,9,9,1,1,4,7,7,8,7,9,8,8,4,8,8,8,8,8,4,5,,,3,5,,,8,9,9,2,9,9,9,9,9,6,1,9,9,9,9,8,7,8,8,9,8,8,4,,4,,,8,5,8,3,7,8,4,7,2,3,2,3,4,3,10,3,4,4,1,7,7,8,2,2,4,8,7,6,7,4,8,2,2,8,7,7,7,8,1,4,,,9,7,,,8,2,9,8,8,6,8,6,8,6,3,3,4,4,4,5,2,8,5,5,4,8,7,1,,9,,,b'\x11\xe8\xe1I\xed\xd99N\x9a\xbe\x12\xdf\x17\xaeN\x1e'
11E8E149-EDD9-394E-9ABE-12DF17AE4E1E,2019-ncaa-d3-natl,ncaa,356,399,129,379,186,380,388,284,419,380,311,401,306,155,426,128,333,223,431,223,130,273,136,416,421,424,174,189,162,125,189,289,370,229,317,367,224,435,423,420,175,206,173,225,,,217,147,,,386,147,167,262,419,426,360,416,365,335,173,363,244,249,352,147,138,363,277,398,426,190,182,,191,,,374,174,252,244,236,351,372,201,39,48,150,28,149,173,98,184,106,225,316,168,145,93,31,34,154,356,370,309,189,345,317,188,116,73,71,79,392,372,42,78,,,236,312,,,386,290,421,118,378,144,215,198,309,357,32,32,133,150,158,186,291,326,278,311,155,65,375,39,,268,,,b'\x11\xe8\xe1I\xed\xd99N\x9a\xbe\x12\xdf\x17\xaeN\x1e'
11E8E149-EDDD-C02C-9ABE-12DF17AE4E1E,2018-ncaa-d3-conf-SCAC,ncaa,3,3,1,3,1,2,3,1,4,1,1,5,6,7,5,8,1,1,6,1,4,1,1,6,6,4,8,8,3,1,1,2,2,1,1,4,8,5,3,3,4,4,4,5,,,8,8,,,3,2,7,2,3,3,3,3,1,8,8,1,1,1,3,2,1,3,1,6,3,4,6,,6,,,3,7,7,8,6,6,4,6,7,8,7,6,3,6,1,5,3,8,7,6,6,5,6,8,1,2,2,6,1,6,1,8,7,3,5,6,3,3,7,3,,,1,4,,,3,7,3,5,3,3,4,3,2,2,7,5,1,2,2,1,1,1,2,2,7,6,3,7,,3,,,"b'\x11\xe8\xe1I\xed\xdd\xc0,\x9a\xbe\x12\xdf\x17\xaeN\x1e'"
11E8E149-EDDD-C02C-9ABE-12DF17AE4E1E,2018-ncaa-d3-natl,ncaa,179,251,43,213,47,114,130,80,224,61,26,262,379,384,293,427,21,6,362,6,56,55,39,283,263,271,367,420,29,27,35,32,142,17,49,314,434,386,240,377,219,315,192,249,,,423,386,,,223,55,198,87,198,223,201,91,52,409,418,28,7,6,108,91,44,57,30,389,287,309,247,,384,,,223,400,384,412,169,300,367,133,421,413,334,329,304,359,53,355,278,422,383,222,186,258,357,385,182,343,142,272,35,311,49,355,218,204,350,304,367,270,404,235,,,11,43,,,223,383,222,251,242,248,235,299,167,214,370,348,187,262,259,301,240,227,133,162,240,333,300,354,,17,,,"b'\x11\xe8\xe1I\xed\xdd\xc0,\x9a\xbe\x12\xdf\x17\xaeN\x1e'"
11E8E149-EDDD-C02C-9ABE-12DF17AE4E1E,2019-ncaa-d3-conf-SCAC,ncaa,4,4,4,4,5,5,5,5,5,4,2,6,9,9,8,9,1,2,6,2,4,5,5,5,5,5,8,9,3,3,1,6,2,5,1,5,8,2,4,4,6,5,7,7,,,4,8,,,4,6,9,2,5,5,5,3,2,9,9,2,2,2,4,5,2,6,3,5,4,5,7,,5,,,4,3,2,2,3,3,3,3,3,4,4,6,5,4,7,4,6,3,1,4,4,4,7,6,9,1,2,1,1,1,1,3,5,7,6,4,3,3,4,2,,,3,4,,,4,4,5,4,4,4,4,3,4,4,2,3,6,4,4,4,1,1,1,1,3,8,3,5,,3,,,"b'\x11\xe8\xe1I\xed\xdd\xc0,\x9a\xbe\x12\xdf\x17\xaeN\x1e'"
11E8E149-EDDD-C02C-9ABE-12DF17AE4E1E,2019-ncaa-d3-natl,ncaa,206,244,129,232,131,198,218,188,251,140,81,281,372,371,294,407,59,26,360,27,96,141,144,305,292,263,341,397,41,94,82,151,64,118,67,187,196,226,179,209,259,286,315,322,,,364,385,,,201,167,270,10,227,248,232,144,66,389,393,60,20,19,137,157,106,157,100,201,196,301,336,,358,,,201,220,151,227,123,130,159,143,288,341,147,330,365,351,313,353,381,263,224,133,175,211,378,289,369,79,64,166,82,129,67,253,325,275,298,284,268,237,158,93,,,66,55,,,201,281,244,172,200,183,131,179,114,115,260,320,353,335,340,224,164,64,115,89,220,319,239,146,,44,,,"b'\x11\xe8\xe1I\xed\xdd\xc0,\x9a\xbe\x12\xdf\x17\xaeN\x1e'"
11E8E149-EDDD-C02C-9ABE-12DF17AE4E1E,2020-ncaa-d3-conf-SCAC,ncaa,7,7,1,7,3,6,7,7,7,7,2,8,8,10,7,10,2,1,4,1,4,4,4,8,7,6,6,10,2,3,3,6,7,3,4,7,10,5,5,7,6,6,2,2,,,9,9,,,7,4,9,9,7,7,7,7,4,9,10,3,1,1,6,6,4,8,6,7,5,6,2,,9,,,7,8,6,8,4,4,9,3,5,5,7,4,9,9,9,9,9,8,6,5,5,6,10,5,9,9,7,5,3,6,4,7,7,6,8,7,6,6,6,4,,,2,3,,,7,4,6,6,7,4,4,4,3,5,5,5,9,9,9,3,2,5,1,2,7,8,6,6,,3,,,"b'\x11\xe8\xe1I\xed\xdd\xc0,\x9a\xbe\x12\xdf\x17\xaeN\x1e'"
11E8E149-EDDD-C02C-9ABE-12DF17AE4E1E,2020-ncaa-d3-natl,ncaa,237,306,65,274,113,202,218,155,273,169,75,321,293,323,201,370,83,45,315,41,131,127,123,307,294,269,266,332,70,140,188,182,219,176,219,295,379,198,146,295,320,355,107,135,,,280,236,,,311,122,260,303,275,299,257,228,119,330,360,120,62,57,206,252,192,288,266,360,128,366,122,,211,,,303,385,371,370,261,313,325,218,400,371,380,291,264,261,263,255,181,372,304,294,283,355,306,342,149,241,219,282,188,282,219,396,359,331,382,400,289,254,133,74,,,100,141,,,311,306,261,327,306,281,285,270,225,229,352,307,205,196,191,251,148,185,179,183,345,393,241,97,,162,,,"b'\x11\xe8\xe1I\xed\xdd\xc0,\x9a\xbe\x12\xdf\x17\xaeN\x1e'"
11E8E149-EDDD-C02C-9ABE-12DF17AE4E1E,2021-ncaa-d3-conf-SCAC,ncaa,8,9,2,8,3,5,5,4,7,5,4,7,2,2,4,1,7,8,3,7,9,4,4,6,7,6,3,2,7,4,8,5,7,5,6,6,7,7,5,6,9,9,6,8,,,9,8,,,8,3,6,7,8,6,6,7,7,4,3,9,9,9,9,8,8,6,7,6,5,9,6,,7,,,7,9,9,9,7,9,9,7,3,4,4,2,8,6,7,6,3,9,6,6,6,8,3,3,4,8,7,8,8,9,6,9,8,6,7,9,7,6,8,8,,,6,9,,,8,6,6,8,8,7,6,6,8,8,3,3,6,6,6,7,5,6,7,6,8,8,5,8,,9,,,"b'\x11\xe8\xe1I\xed\xdd\xc0,\x9a\xbe\x12\xdf\x17\xaeN\x1e'"
11E8E149-EDDD-C02C-9ABE-12DF17AE4E1E,2021-ncaa-d3-natl,ncaa,176,250,81,222,95,115,109,92,187,127,106,205,72,78,94,85,151,151,136,146,237,100,98,162,179,172,87,54,229,123,226,86,153,101,196,126,210,180,148,181,188,265,110,175,,,202,184,,,230,93,138,90,173,162,121,200,159,80,95,228,238,235,155,163,196,112,151,186,129,268,149,,185,,,205,210,214,206,182,222,223,155,170,164,175,75,196,198,151,197,114,209,193,174,161,211,93,88,124,198,153,210,226,209,196,227,206,157,254,263,164,137,247,252,,,141,249,,,230,190,184,208,208,204,203,221,217,234,138,107,176,172,173,220,161,174,210,200,225,257,122,256,,253,,,"b'\x11\xe8\xe1I\xed\xdd\xc0,\x9a\xbe\x12\xdf\x17\xaeN\x1e'"
11E8E149-EDDD-C02C-9ABE-12DF17AE4E1E,2022-ncaa-d3-conf-SCAC,ncaa,6,6,6,6,8,7,6,8,6,8,9,6,7,5,7,3,7,8,2,8,5,8,8,6,6,6,2,2,5,4,4,3,4,3,4,7,8,7,8,7,9,8,2,2,,,3,5,,,6,8,7,9,7,6,8,8,9,6,4,6,6,6,8,6,4,2,2,7,7,8,1,,5,,,6,5,6,7,3,6,8,2,6,5,6,4,2,2,4,2,1,7,3,3,3,5,5,6,1,8,4,2,4,5,4,5,2,8,8,8,4,6,6,8,,,8,6,,,6,2,6,6,6,6,6,9,6,9,7,8,2,3,2,9,5,9,3,7,6,8,6,6,,6,,,"b'\x11\xe8\xe1I\xed\xdd\xc0,\x9a\xbe\x12\xdf\x17\xaeN\x1e'"
11E8E149-EDDD-C02C-9ABE-12DF17AE4E1E,2022-ncaa-d3-natl,ncaa,302,234,376,286,389,364,375,381,322,391,395,308,214,204,212,88,299,316,197,314,78,381,378,275,260,298,52,85,105,312,220,174,278,242,179,385,356,167,348,366,411,413,76,58,,,109,216,,,289,385,173,412,302,337,303,375,369,118,106,169,159,162,288,201,194,4,19,358,336,407,26,,300,,,293,62,65,181,28,58,160,25,185,236,128,277,105,97,199,93,121,154,76,31,33,174,310,317,219,335,278,70,220,135,179,68,135,417,428,394,184,312,182,374,,,348,179,,,289,48,293,258,285,260,243,409,205,393,325,391,255,257,256,409,352,394,243,352,188,424,304,302,,174,,,"b'\x11\xe8\xe1I\xed\xdd\xc0,\x9a\xbe\x12\xdf\x17\xaeN\x1e'"
11E8E149-EDDD-C02C-9ABE-12DF17AE4E1E,2023-ncaa-d3-conf-SCAC,ncaa,6,5,8,6,8,7,7,7,8,6,6,8,8,8,8,8,7,6,7,6,7,7,7,8,8,8,8,8,3,6,4,7,6,6,4,8,9,6,6,8,8,8,1,1,,,3,5,,,7,7,2,1,6,5,4,5,2,8,7,4,4,5,5,2,4,2,2,8,9,7,1,,5,,,7,5,5,5,5,3,4,5,8,8,5,7,5,5,5,5,5,6,3,6,6,7,7,8,5,5,6,1,4,3,4,5,4,8,8,8,5,5,4,4,,,6,5,,,7,3,6,7,7,8,8,9,7,7,9,9,5,5,6,9,9,7,5,5,7,8,7,5,,2,,,"b'\x11\xe8\xe1I\xed\xdd\xc0,\x9a\xbe\x12\xdf\x17\xaeN\x1e'"
11E8E149-EDDD-C02C-9ABE-12DF17AE4E1E,2023-ncaa-d3-natl,ncaa,289,247,377,281,377,348,367,334,379,350,309,370,329,270,369,223,223,227,216,230,139,321,298,381,363,363,162,254,41,248,178,280,251,284,192,404,422,314,357,406,371,378,58,28,,,177,225,,,348,302,54,13,301,335,144,304,160,287,195,89,89,97,124,51,140,67,85,406,382,331,22,,342,,,354,178,147,195,127,90,116,130,344,332,265,351,236,242,178,248,313,196,136,167,167,255,380,364,247,201,251,72,178,102,192,125,138,364,365,283,261,298,165,238,,,237,163,,,348,132,355,265,345,352,321,391,235,292,399,405,351,355,360,398,374,320,244,279,248,274,342,262,,63,,,"b'\x11\xe8\xe1I\xed\xdd\xc0,\x9a\xbe\x12\xdf\x17\xaeN\x1e'"
11E8E149-EDDD-C02C-9ABE-12DF17AE4E1E,2024-ncaa-d3-conf-SCAC,ncaa,8,8,7,8,9,8,8,9,6,7,8,7,8,9,6,6,8,9,5,9,3,9,9,5,5,7,6,6,3,9,9,7,4,9,5,8,7,7,9,8,9,8,9,9,,,9,9,,,8,9,9,8,8,8,9,7,7,8,9,7,6,6,9,9,9,7,9,8,8,9,9,,9,,,8,3,3,2,8,5,2,8,1,1,5,2,7,9,1,9,8,2,1,8,8,8,2,1,8,2,4,2,9,2,5,4,3,8,8,8,7,8,1,5,,,8,3,,,8,1,8,8,8,7,7,2,7,4,2,2,9,9,9,4,3,4,3,3,4,8,8,2,,4,,,"b'\x11\xe8\xe1I\xed\xdd\xc0,\x9a\xbe\x12\xdf\x17\xaeN\x1e'"
11E8E149-EDDD-C02C-9ABE-12DF17AE4E1E,2024-ncaa-d3-natl,ncaa,353,375,200,357,257,349,373,378,336,362,353,352,289,316,209,241,163,169,214,169,40,366,319,332,292,357,85,209,29,365,335,333,293,352,307,354,234,376,398,383,350,352,397,385,,,398,426,,,363,295,298,244,382,395,419,391,380,297,322,143,148,151,413,361,387,371,402,373,368,367,403,,416,,,362,255,167,101,293,124,51,325,347,314,313,362,364,392,70,388,421,149,128,331,338,343,394,350,354,194,293,96,335,117,307,189,210,272,259,241,334,358,82,173,,,152,29,,,363,128,368,339,368,265,178,85,128,39,344,328,374,400,399,154,134,208,108,130,190,275,322,77,,104,,,"b'\x11\xe8\xe1I\xed\xdd\xc0,\x9a\xbe\x12\xdf\x17\xaeN\x1e'"
11E8E149-EDDD-C02C-9ABE-12DF17AE4E1E,2025-ncaa-d3-conf-SCAC,genius_ncaa,10,9,11,10,11,11,11,12,9,12,12,9,11,11,11,8,6,8,1,8,1,12,12,10,8,8,6,10,2,12,7,12,4,12,5,11,11,8,11,11,12,11,12,12,,,8,12,,12,10,12,8,4,10,11,12,11,8,11,10,1,3,3,12,9,9,10,11,11,10,12,12,,11,,12,10,7,7,1,12,6,1,12,8,5,12,6,6,7,2,6,11,2,1,12,11,11,8,9,9,1,4,1,7,1,5,3,2,12,11,10,6,10,7,10,,,8,1,,6,10,1,8,10,10,9,9,6,9,4,10,7,9,8,8,7,5,4,3,3,6,11,10,10,,2,,6,"b'\x11\xe8\xe1I\xed\xdd\xc0,\x9a\xbe\x12\xdf\x17\xaeN\x1e'"
11E8E149-EDDD-C02C-9ABE-12DF17AE4E1E,2025-ncaa-d3-natl,genius_ncaa,326,319,345,333,351,329,358,378,274,350,376,240,286,270,295,159,145,204,46,194,34,367,374,269,217,255,97,214,19,316,148,384,221,373,191,367,340,180,305,343,390,377,396,383,,,270,402,,373,329,381,306,105,295,345,376,329,356,251,206,65,108,93,338,313,271,376,350,359,260,387,397,,376,,397,332,214,152,40,367,94,47,320,324,155,418,264,294,295,203,289,381,55,36,388,396,398,379,352,291,64,221,17,148,24,191,74,57,375,334,271,152,267,132,269,,,260,75,,250,329,47,259,381,329,339,289,147,200,107,370,259,370,373,369,195,123,124,46,59,151,347,237,189,,141,,241,"b'\x11\xe8\xe1I\xed\xdd\xc0,\x9a\xbe\x12\xdf\x17\xaeN\x1e'"
11E8E149-EDDD-C02C-9ABE-12DF17AE4E1E,2026-ncaa-d3-natl,genius_ncaa,54,68,116,75,137,177,187,206,174,165,230,91,214,144,311,149,78,88,189,87,63,192,202,187,169,158,193,266,93,226,245,222,101,226,199,162,169,183,161,158,153,147,158,143,,,305,343,,271,126,190,279,92,203,232,291,199,309,245,165,94,99,95,253,307,273,280,301,205,132,182,197,,295,,261,135,180,156,168,165,148,130,226,209,256,127,317,224,232,162,220,313,170,200,179,193,119,290,256,276,110,101,230,245,178,199,99,64,103,69,44,120,89,107,100,,,111,57,,236,126,232,180,99,127,82,76,58,79,48,172,227,190,194,176,58,95,65,176,107,47,106,72,68,,113,,265,"b'\x11\xe8\xe1I\xed\xdd\xc0,\x9a\xbe\x12\xdf\x17\xaeN\x1e'"
11E8E149-EDE2-47BE-9ABE-12DF17AE4E1E,2018-ncaa-d3-conf-SLIAC,ncaa,5,4,5,5,7,5,5,5,4,4,5,4,8,8,4,7,5,5,4,5,5,5,6,4,4,4,8,8,6,3,2,4,4,3,2,5,4,2,5,4,5,5,3,2,,,6,6,,,5,8,8,7,5,4,5,3,4,8,7,4,4,4,4,5,3,4,3,4,3,5,1,,6,,,4,3,1,1,3,1,2,2,3,2,6,3,6,6,8,6,6,2,2,3,3,5,7,6,7,4,4,1,2,1,2,2,5,5,4,3,3,5,6,5,,,7,6,,,5,2,5,5,4,4,3,2,2,4,5,4,7,7,7,4,2,5,3,2,3,5,4,7,,6,,,b'\x11\xe8\xe1I\xed\xe2G\xbe\x9a\xbe\x12\xdf\x17\xaeN\x1e'
11E8E149-EDE2-47BE-9ABE-12DF17AE4E1E,2018-ncaa-d3-natl,ncaa,262,251,305,267,346,222,214,249,171,183,212,170,251,273,212,264,211,198,233,204,221,249,280,186,187,172,278,270,216,146,76,310,176,251,124,204,211,118,151,156,266,243,112,87,,,175,261,,,230,318,207,303,154,137,145,127,140,220,233,165,146,149,131,168,92,257,161,154,172,241,85,,233,,,230,210,167,140,244,124,125,176,342,250,410,287,260,197,417,192,272,134,105,301,321,347,385,366,270,113,176,73,76,77,124,259,334,336,311,344,130,166,279,286,,,255,217,,,230,132,147,321,225,293,252,241,185,209,374,297,335,249,249,240,201,162,127,123,311,310,179,328,,188,,,b'\x11\xe8\xe1I\xed\xe2G\xbe\x9a\xbe\x12\xdf\x17\xaeN\x1e'
11E8E149-EDE2-47BE-9ABE-12DF17AE4E1E,2019-ncaa-d3-conf-SLIAC,ncaa,2,2,1,2,2,4,4,1,4,3,3,5,2,3,4,5,4,4,9,4,7,1,2,3,4,3,6,5,8,3,3,3,4,4,4,4,8,1,1,1,4,4,4,4,,,7,5,,,4,3,9,7,4,4,3,3,4,4,4,7,6,6,3,5,3,8,7,4,1,4,5,,4,,,4,5,5,5,3,5,8,3,3,3,6,3,8,8,6,8,6,8,8,3,2,3,5,4,8,6,4,10,3,10,4,5,3,3,4,4,1,1,4,3,,,4,5,,,4,8,3,3,4,2,3,2,3,3,3,3,5,5,5,2,2,3,5,4,2,4,1,3,,6,,,b'\x11\xe8\xe1I\xed\xe2G\xbe\x9a\xbe\x12\xdf\x17\xaeN\x1e'
11E8E149-EDE2-47BE-9ABE-12DF17AE4E1E,2019-ncaa-d3-natl,ncaa,62,72,67,73,94,66,63,47,143,98,112,120,64,52,146,130,148,102,324,94,163,49,80,119,148,87,188,145,313,104,199,208,217,160,250,57,123,93,20,32,97,127,158,173,,,321,235,,,91,84,173,120,63,65,58,120,174,84,78,197,144,138,62,136,153,320,251,65,40,128,190,,234,,,90,282,266,251,249,255,257,221,268,243,294,196,287,336,71,342,312,288,338,252,240,167,244,232,250,223,217,369,199,329,250,316,308,75,88,140,114,52,223,161,,,107,215,,,91,354,89,152,96,175,177,122,177,157,210,163,222,270,274,138,228,148,286,233,252,92,78,177,,168,,,b'\x11\xe8\xe1I\xed\xe2G\xbe\x9a\xbe\x12\xdf\x17\xaeN\x1e'
11E8E149-EDE2-47BE-9ABE-12DF17AE4E1E,2020-ncaa-d3-conf-SLIAC,ncaa,3,3,1,3,1,2,2,2,3,2,2,3,3,3,4,5,3,2,7,2,2,2,2,3,4,5,6,5,4,1,2,1,1,1,1,3,5,5,4,5,7,7,2,1,,,8,6,,,2,2,6,1,2,4,5,2,7,5,5,3,3,3,4,3,1,1,1,5,4,8,2,,6,,,2,5,4,7,1,2,7,1,5,5,6,5,6,7,5,7,6,6,9,1,1,2,7,5,6,1,1,5,2,2,1,4,6,5,6,4,7,5,2,3,,,3,5,,,2,9,3,2,2,1,1,4,1,4,4,4,6,6,6,3,3,1,3,2,4,6,5,2,,4,,,b'\x11\xe8\xe1I\xed\xe2G\xbe\x9a\xbe\x12\xdf\x17\xaeN\x1e'
11E8E149-EDE2-47BE-9ABE-12DF17AE4E1E,2020-ncaa-d3-natl,ncaa,134,163,65,158,70,51,54,70,75,91,150,73,41,59,77,128,102,70,286,64,99,62,47,54,71,96,143,119,281,94,105,81,29,79,61,50,102,334,220,124,184,232,57,59,,,316,242,,,79,43,135,38,53,56,119,117,238,46,88,136,98,94,98,84,133,122,124,46,274,235,68,,254,,,78,285,243,274,181,180,226,150,351,312,328,292,319,298,345,291,278,283,344,215,234,187,351,320,285,82,29,230,105,151,61,300,293,80,109,165,337,252,100,76,,,71,191,,,79,382,93,128,100,192,163,160,117,130,297,253,259,235,232,164,207,43,132,71,220,124,291,68,,120,,,b'\x11\xe8\xe1I\xed\xe2G\xbe\x9a\xbe\x12\xdf\x17\xaeN\x1e'
11E8E149-EDE2-47BE-9ABE-12DF17AE4E1E,2021-ncaa-d3-conf-SLIAC,ncaa,6,4,8,5,8,8,8,8,4,7,7,6,8,7,5,7,8,8,6,8,8,8,8,6,6,7,7,7,6,6,4,8,4,8,4,7,4,3,8,5,8,5,3,3,,,1,3,,,5,8,2,5,5,4,4,3,3,7,7,7,7,7,5,5,5,3,3,5,8,5,1,,2,,,5,1,1,1,4,1,1,2,1,1,7,3,1,1,1,1,4,1,1,5,4,4,4,6,3,2,4,1,4,1,4,1,4,8,3,4,3,7,1,5,,,8,7,,,5,1,5,5,5,5,5,5,4,4,5,4,4,5,5,5,5,4,4,5,4,3,7,4,,7,,,b'\x11\xe8\xe1I\xed\xe2G\xbe\x9a\xbe\x12\xdf\x17\xaeN\x1e'
11E8E149-EDE2-47BE-9ABE-12DF17AE4E1E,2021-ncaa-d3-natl,ncaa,148,115,193,155,196,181,167,192,59,144,177,67,192,199,141,223,209,208,188,209,262,194,191,90,108,164,269,218,264,180,83,192,124,191,100,147,68,123,242,149,173,149,120,65,,,83,63,,,163,191,29,98,101,53,72,25,36,188,208,231,230,237,102,44,98,111,91,38,261,125,48,,100,,,166,104,110,93,218,111,96,212,115,101,221,138,92,99,50,102,127,93,94,219,203,186,109,173,69,93,124,86,83,86,100,122,172,176,127,175,149,250,82,65,,,203,244,,,163,95,161,172,164,216,227,219,214,195,212,178,120,146,161,215,222,150,97,115,227,91,262,103,,191,,,b'\x11\xe8\xe1I\xed\xe2G\xbe\x9a\xbe\x12\xdf\x17\xaeN\x1e'
11E8E149-EDE2-47BE-9ABE-12DF17AE4E1E,2022-ncaa-d3-conf-SLIAC,ncaa,6,6,5,6,7,7,7,7,6,8,6,8,6,5,5,4,5,7,4,7,4,7,7,6,6,6,3,3,2,6,7,7,6,8,8,7,5,2,6,5,7,6,8,8,,,3,3,,,6,7,6,8,7,8,7,8,6,5,5,5,6,6,7,6,6,7,8,7,5,6,8,,3,,,6,3,4,4,7,7,3,7,3,3,2,5,2,4,2,4,3,2,3,7,6,5,1,3,3,5,6,7,7,7,8,4,3,3,3,4,5,7,5,7,,,4,2,,,6,2,6,5,6,6,6,4,7,6,4,4,4,4,4,4,3,5,7,7,4,3,6,5,,4,,,b'\x11\xe8\xe1I\xed\xe2G\xbe\x9a\xbe\x12\xdf\x17\xaeN\x1e'
11E8E149-EDE2-47BE-9ABE-12DF17AE4E1E,2022-ncaa-d3-natl,ncaa,275,341,107,305,131,159,202,134,302,247,171,349,90,111,94,170,85,93,125,89,128,119,87,266,244,258,64,110,93,269,365,161,324,209,363,241,311,361,291,328,186,289,336,373,,,310,150,,,366,52,40,100,197,259,147,317,216,96,143,95,117,113,130,90,321,228,279,293,312,226,366,,276,,,347,418,417,394,390,413,350,418,378,394,193,298,299,357,28,357,278,400,391,388,373,364,118,201,87,366,324,394,365,396,363,373,102,132,262,281,399,357,182,161,,,92,177,,,366,387,292,364,339,392,396,379,393,314,343,374,262,335,336,387,388,334,381,366,330,169,372,163,,106,,,b'\x11\xe8\xe1I\xed\xe2G\xbe\x9a\xbe\x12\xdf\x17\xaeN\x1e'
11E8E149-EDE2-47BE-9ABE-12DF17AE4E1E,2023-ncaa-d3-conf-SLIAC,ncaa,7,7,7,7,7,7,7,7,7,7,6,7,4,3,6,3,7,7,5,8,7,7,7,7,6,7,3,2,6,4,4,5,5,4,4,6,5,5,7,6,7,7,2,1,,,4,6,,,7,8,7,1,7,7,4,6,6,3,2,7,7,8,6,3,2,2,2,4,7,7,2,,6,,,7,4,3,4,3,3,5,2,5,1,8,1,5,4,8,4,5,3,1,4,5,7,5,6,6,3,5,1,4,3,4,2,2,7,7,7,6,7,2,2,,,7,6,,,7,1,7,7,7,7,5,7,5,7,5,3,5,5,5,7,4,7,6,7,4,7,7,2,,5,,,b'\x11\xe8\xe1I\xed\xe2G\xbe\x9a\xbe\x12\xdf\x17\xaeN\x1e'
11E8E149-EDE2-47BE-9ABE-12DF17AE4E1E,2023-ncaa-d3-natl,ncaa,357,325,377,359,386,289,297,349,203,299,329,229,202,265,107,201,265,296,176,306,202,350,344,193,181,240,158,163,175,245,148,355,258,335,204,263,163,226,324,270,360,336,131,107,,,212,345,,,322,358,126,132,174,193,174,215,211,144,184,167,178,199,182,111,136,213,181,163,338,308,86,,366,,,326,245,186,75,357,172,108,293,240,110,415,149,366,331,389,325,373,107,66,365,392,401,325,226,369,144,258,52,148,64,204,175,174,361,328,319,291,347,35,60,,,319,243,,,322,75,231,385,322,386,340,285,326,278,339,214,410,401,401,335,295,247,192,218,288,271,360,59,,181,,,b'\x11\xe8\xe1I\xed\xe2G\xbe\x9a\xbe\x12\xdf\x17\xaeN\x1e'
11E8E149-EDE2-47BE-9ABE-12DF17AE4E1E,2024-ncaa-d3-conf-SLIAC,ncaa,6,6,5,6,6,8,6,6,6,6,6,6,5,5,4,5,8,9,4,8,8,7,7,6,6,8,5,3,8,6,6,2,3,3,4,5,5,6,7,6,9,9,1,1,,,2,2,,,6,8,8,5,8,6,6,6,6,4,6,8,10,10,7,9,7,1,3,5,7,9,1,,3,,,6,5,5,6,3,5,6,3,2,6,2,5,2,2,6,2,2,6,3,2,2,6,5,5,4,6,3,5,6,4,4,5,4,9,8,7,9,9,2,4,,,10,9,,,6,3,7,6,6,5,5,6,5,6,2,7,4,3,3,6,3,6,5,5,5,9,8,3,,10,,,b'\x11\xe8\xe1I\xed\xe2G\xbe\x9a\xbe\x12\xdf\x17\xaeN\x1e'
11E8E149-EDE2-47BE-9ABE-12DF17AE4E1E,2024-ncaa-d3-natl,ncaa,227,275,112,249,170,210,197,191,204,182,151,255,206,253,115,284,256,237,278,227,278,196,136,212,227,275,252,212,271,202,226,175,301,184,259,223,273,363,332,310,245,297,90,122,,,224,144,,,305,121,140,244,254,234,224,208,169,227,280,280,272,254,242,159,230,214,221,246,337,277,93,,184,,,295,354,340,327,278,345,344,291,216,245,181,166,318,318,233,329,243,341,318,254,260,293,155,128,238,344,301,267,226,302,259,314,227,210,286,294,387,366,150,121,,,207,289,,,305,299,288,299,295,320,307,309,324,310,200,216,310,300,307,316,288,305,213,267,279,243,371,136,,260,,,b'\x11\xe8\xe1I\xed\xe2G\xbe\x9a\xbe\x12\xdf\x17\xaeN\x1e'
11E8E149-EDE2-47BE-9ABE-12DF17AE4E1E,2025-ncaa-d3-conf-SLIAC,genius_ncaa,5,6,4,6,4,8,7,6,7,7,7,7,4,4,5,4,8,10,1,10,9,8,8,7,7,8,4,3,8,4,2,7,5,6,4,6,3,4,7,6,8,7,5,4,,,4,8,,5,6,9,10,1,8,8,8,7,7,4,3,9,10,10,8,9,3,6,7,6,4,8,5,,4,,5,6,1,2,1,5,3,3,6,1,1,2,2,5,6,2,6,6,1,2,3,3,5,4,2,7,4,5,2,2,2,4,3,9,7,6,5,6,7,6,6,,,9,8,,9,6,2,8,5,6,2,3,2,5,2,1,2,4,5,5,1,1,3,3,2,5,8,5,6,,10,,9,b'\x11\xe8\xe1I\xed\xe2G\xbe\x9a\xbe\x12\xdf\x17\xaeN\x1e'
11E8E149-EDE2-47BE-9ABE-12DF17AE4E1E,2025-ncaa-d3-natl,genius_ncaa,250,299,116,275,166,222,214,144,296,235,155,330,174,182,159,217,229,255,127,251,307,161,111,287,288,297,164,156,228,37,29,113,252,59,90,168,108,360,313,282,138,150,91,88,,,303,294,,360,226,169,211,258,262,258,144,276,171,187,199,257,298,293,176,114,27,120,42,184,327,146,92,,293,,354,226,184,175,235,129,240,249,183,85,206,36,166,290,357,29,355,327,277,276,104,86,125,149,83,302,315,252,203,29,263,90,266,309,164,198,217,366,333,290,247,,,232,321,,250,226,246,260,153,228,151,144,184,197,198,82,173,278,340,343,226,231,295,153,217,240,192,345,278,,273,,273,b'\x11\xe8\xe1I\xed\xe2G\xbe\x9a\xbe\x12\xdf\x17\xaeN\x1e'
11E8E149-EDE2-47BE-9ABE-12DF17AE4E1E,2026-ncaa-d3-conf-SLIAC,genius_ncaa,5,6,1,6,3,5,2,3,8,4,2,7,2,3,4,5,8,8,5,8,9,4,5,8,8,7,7,4,9,1,2,4,3,3,3,1,1,6,5,4,7,8,5,5,,,5,4,,1,6,5,8,3,8,5,4,6,3,4,6,9,9,9,7,7,1,4,3,1,5,8,5,,2,,1,6,6,4,4,4,3,4,3,8,6,5,7,8,8,7,8,6,4,5,5,5,7,8,8,8,5,3,6,2,5,3,7,9,7,7,7,6,6,6,3,,,6,8,,3,6,4,5,6,6,4,2,4,2,2,8,6,8,7,7,4,2,4,4,3,6,8,6,4,,9,,3,b'\x11\xe8\xe1I\xed\xe2G\xbe\x9a\xbe\x12\xdf\x17\xaeN\x1e'
11E8E149-EDE2-47BE-9ABE-12DF17AE4E1E,2026-ncaa-d3-natl,genius_ncaa,157,329,8,257,10,27,36,11,287,40,16,287,89,45,261,220,47,49,198,48,259,11,10,283,286,286,223,226,206,5,37,14,178,6,77,25,87,392,252,227,87,253,68,195,,,407,323,,387,280,22,126,77,193,193,64,176,87,216,167,168,205,198,77,53,22,114,31,115,310,238,155,,349,,316,259,400,390,396,267,398,402,282,264,334,90,95,406,409,215,408,320,399,393,226,254,280,128,55,341,364,178,369,37,375,77,355,123,69,282,233,388,262,368,233,,,25,232,,30,280,395,245,269,260,298,283,260,320,302,96,145,364,375,377,311,278,226,201,210,213,251,310,281,,124,,84,b'\x11\xe8\xe1I\xed\xe2G\xbe\x9a\xbe\x12\xdf\x17\xaeN\x1e'
11E8E149-EDE6-9D0A-9ABE-12DF17AE4E1E,2018-ncaa-d3-conf-NEWMAC,ncaa,5,4,4,4,5,6,6,7,3,3,3,2,9,9,8,10,2,2,2,2,5,6,7,5,3,4,9,10,3,2,3,6,2,3,3,4,3,2,3,2,4,3,4,2,,,8,9,,,4,8,8,5,4,4,5,3,3,9,9,2,2,2,4,7,2,4,3,2,3,3,4,,8,,,4,2,2,2,4,2,3,1,7,3,6,6,7,7,8,7,10,2,2,4,3,5,10,8,10,2,2,2,3,2,3,1,3,8,5,5,4,5,3,2,,,7,5,,,4,4,3,6,3,5,2,3,2,4,8,5,7,6,6,3,3,2,2,2,2,8,4,4,,7,,,b'\x11\xe8\xe1I\xed\xe6\x9d\n\x9a\xbe\x12\xdf\x17\xaeN\x1e'
11E8E149-EDE6-9D0A-9ABE-12DF17AE4E1E,2018-ncaa-d3-natl,ncaa,66,114,17,97,29,110,87,75,140,54,38,185,288,325,192,382,131,179,74,175,364,84,100,190,182,138,379,371,240,47,39,53,41,42,25,60,80,169,87,55,167,185,152,155,,,277,269,,,100,144,428,221,235,199,274,111,110,357,388,249,323,317,291,385,101,203,128,116,56,265,211,,102,,,112,185,172,276,114,124,211,75,349,337,292,334,161,140,266,162,164,250,267,140,129,148,352,386,177,110,41,188,39,145,25,169,160,163,191,155,226,147,414,296,,,145,253,,,100,311,96,115,93,42,39,37,28,45,239,195,64,54,62,26,17,33,35,24,65,312,101,353,,345,,,b'\x11\xe8\xe1I\xed\xe6\x9d\n\x9a\xbe\x12\xdf\x17\xaeN\x1e'
11E8E149-EDE6-9D0A-9ABE-12DF17AE4E1E,2019-ncaa-d3-conf-NEWMAC,ncaa,2,4,1,4,1,4,3,1,7,1,1,8,8,8,8,10,2,2,2,2,6,1,1,7,7,5,9,11,2,2,2,1,3,1,3,5,8,2,1,3,6,6,2,1,,,8,7,,,4,1,9,2,6,6,3,2,1,9,9,3,3,3,4,5,2,2,2,7,1,7,2,,6,,,4,8,6,7,2,2,4,3,8,10,3,8,7,7,2,7,8,7,9,3,3,3,10,8,8,5,3,10,2,7,3,4,5,5,6,5,6,4,7,3,,,3,7,,,4,10,4,3,4,3,2,2,2,2,6,7,6,7,7,3,4,3,6,4,2,7,4,6,,5,,,b'\x11\xe8\xe1I\xed\xe6\x9d\n\x9a\xbe\x12\xdf\x17\xaeN\x1e'
11E8E149-EDE6-9D0A-9ABE-12DF17AE4E1E,2019-ncaa-d3-natl,ncaa,101,134,42,125,45,129,119,103,161,62,36,220,342,359,234,403,110,134,117,122,305,99,124,228,216,174,388,393,148,63,67,128,129,81,83,204,371,171,94,186,125,133,63,45,,,329,318,,,105,162,422,52,232,199,269,99,76,385,407,185,223,210,254,343,111,274,179,306,68,192,87,,200,,,111,150,121,201,99,105,155,105,268,305,180,321,271,254,258,260,295,198,258,116,126,110,355,319,298,189,129,217,67,200,83,89,105,122,134,80,108,71,223,99,,,171,250,,,105,278,130,102,105,45,39,35,42,39,175,189,168,152,155,35,31,88,78,71,38,215,53,154,,304,,,b'\x11\xe8\xe1I\xed\xe6\x9d\n\x9a\xbe\x12\xdf\x17\xaeN\x1e'
11E8E149-EDE6-9D0A-9ABE-12DF17AE4E1E,2020-ncaa-d3-conf-NEWMAC,ncaa,2,2,1,2,2,3,3,1,4,3,2,6,4,4,4,9,2,1,4,1,7,1,3,6,6,4,7,8,5,2,4,3,2,2,3,2,2,2,1,1,2,2,3,3,,,8,7,,,2,4,9,8,5,3,4,3,5,7,9,4,4,4,4,5,5,6,4,3,1,5,3,,6,,,2,4,4,8,3,4,5,3,6,8,2,8,4,5,5,5,5,8,8,3,3,2,6,8,7,5,2,10,4,10,3,2,4,3,3,1,4,2,9,7,,,7,10,,,2,8,4,1,2,1,3,3,3,2,2,5,2,3,2,2,2,1,6,5,1,4,2,6,,9,,,b'\x11\xe8\xe1I\xed\xe6\x9d\n\x9a\xbe\x12\xdf\x17\xaeN\x1e'
11E8E149-EDE6-9D0A-9ABE-12DF17AE4E1E,2020-ncaa-d3-natl,ncaa,79,85,65,88,90,158,106,86,183,58,40,192,293,299,253,356,243,269,166,275,405,118,164,218,230,162,393,357,336,61,60,105,101,68,64,120,182,54,32,39,146,133,57,41,,,162,182,,,62,242,399,181,214,138,139,67,60,330,347,293,335,340,175,305,75,175,99,140,28,181,68,,89,,,60,52,61,169,46,74,148,66,173,253,68,309,91,86,175,86,122,143,171,50,40,41,266,295,182,161,101,218,60,183,64,42,62,159,119,46,52,44,285,156,,,303,376,,,62,197,103,40,54,16,28,63,34,62,122,191,51,45,48,37,45,107,117,105,24,200,38,236,,396,,,b'\x11\xe8\xe1I\xed\xe6\x9d\n\x9a\xbe\x12\xdf\x17\xaeN\x1e'
11E8E149-EDE6-9D0A-9ABE-12DF17AE4E1E,2022-ncaa-d3-conf-NEWMAC,ncaa,3,3,1,3,1,1,1,1,2,2,2,3,1,1,4,8,3,1,10,1,3,1,2,2,3,2,7,6,8,1,2,1,3,1,2,1,1,3,1,1,6,9,1,1,,,7,4,,,2,2,8,4,3,2,3,3,3,3,6,5,2,2,3,5,3,1,1,1,1,9,1,,3,,,2,8,9,10,3,7,10,3,11,11,5,10,4,5,4,5,4,10,10,4,2,4,10,10,3,8,3,7,2,8,2,6,2,6,10,7,2,1,3,1,,,2,6,,,2,10,2,4,2,4,4,6,2,2,10,10,2,2,2,4,3,3,2,3,3,10,1,1,,7,,,b'\x11\xe8\xe1I\xed\xe6\x9d\n\x9a\xbe\x12\xdf\x17\xaeN\x1e'
11E8E149-EDE6-9D0A-9ABE-12DF17AE4E1E,2022-ncaa-d3-natl,ncaa,18,39,13,32,18,24,16,24,21,11,16,44,104,182,50,320,159,103,327,98,333,27,44,36,63,31,365,281,394,43,37,16,36,20,21,8,47,92,11,3,133,195,21,20,,,211,92,,,26,58,345,182,52,24,108,23,65,203,291,291,246,238,120,279,131,62,72,17,10,238,28,,53,,,30,289,302,396,65,149,300,38,424,421,334,397,71,68,142,72,34,374,359,122,83,117,390,426,33,198,36,233,37,216,21,268,189,175,280,228,75,14,212,69,,,174,345,,,26,377,18,99,24,71,94,180,34,73,391,361,11,10,10,112,66,64,37,39,124,321,11,111,,371,,,b'\x11\xe8\xe1I\xed\xe6\x9d\n\x9a\xbe\x12\xdf\x17\xaeN\x1e'
11E8E149-EDE6-9D0A-9ABE-12DF17AE4E1E,2023-ncaa-d3-conf-NEWMAC,ncaa,4,5,2,5,3,3,4,3,6,4,4,4,2,2,6,5,2,1,7,1,3,3,4,6,6,5,3,6,3,2,4,4,5,4,5,5,9,2,1,5,3,3,2,2,,,6,4,,,5,4,10,9,6,6,4,6,7,4,3,1,2,3,4,8,3,6,5,8,1,3,2,,4,,,5,10,10,8,5,6,6,6,9,10,6,9,4,4,3,4,3,8,8,5,5,7,7,9,3,5,5,10,4,9,5,9,5,5,6,7,2,1,6,8,,,1,1,,,5,8,4,6,5,4,4,2,4,2,8,7,2,3,2,1,1,2,4,4,4,9,1,5,,2,,,b'\x11\xe8\xe1I\xed\xe6\x9d\n\x9a\xbe\x12\xdf\x17\xaeN\x1e'
11E8E149-EDE6-9D0A-9ABE-12DF17AE4E1E,2023-ncaa-d3-natl,ncaa,90,113,63,109,106,124,136,137,140,167,184,149,106,114,112,153,97,119,107,120,129,131,193,122,114,84,141,156,165,163,167,115,66,126,98,107,141,62,54,48,195,192,48,24,,,72,68,,,97,210,384,409,160,183,248,218,292,129,158,140,172,171,239,362,206,202,211,151,29,258,58,,24,,,102,159,219,240,189,129,138,182,374,356,323,377,32,27,283,28,36,163,170,237,190,193,292,402,35,95,66,206,167,150,98,259,242,215,210,254,49,46,296,280,,,115,86,,,97,199,82,156,98,77,130,101,73,58,326,292,15,11,11,52,29,54,95,71,181,304,25,245,,180,,,b'\x11\xe8\xe1I\xed\xe6\x9d\n\x9a\xbe\x12\xdf\x17\xaeN\x1e'
11E8E149-EDE6-9D0A-9ABE-12DF17AE4E1E,2024-ncaa-d3-conf-NEWMAC,ncaa,2,2,2,2,2,2,2,2,3,2,1,3,3,3,4,9,6,6,6,6,9,2,2,3,3,2,10,9,9,1,1,2,2,1,1,2,2,5,3,2,1,1,3,3,,,11,9,,,2,2,10,1,3,2,2,2,2,6,6,7,8,8,3,5,1,6,2,1,2,1,5,,8,,,2,9,7,10,5,7,7,5,10,11,8,10,9,9,9,8,8,10,10,8,9,5,11,9,8,2,2,10,1,5,1,7,5,1,2,2,6,3,10,8,,,6,10,,,2,11,2,3,2,3,2,2,1,1,8,8,7,7,7,1,1,1,2,2,4,3,3,8,,9,,,b'\x11\xe8\xe1I\xed\xe6\x9d\n\x9a\xbe\x12\xdf\x17\xaeN\x1e'
11E8E149-EDE6-9D0A-9ABE-12DF17AE4E1E,2024-ncaa-d3-natl,ncaa,42,45,38,48,38,62,55,73,74,48,67,68,164,172,154,272,115,155,99,150,296,78,102,85,85,65,320,284,281,66,67,81,12,72,26,47,103,105,47,32,126,121,140,132,,,295,318,,,51,132,391,34,96,83,158,71,137,215,254,191,240,240,168,301,115,185,132,61,35,192,194,,179,,,57,187,175,178,175,136,173,131,324,238,363,269,209,178,287,178,217,172,214,216,227,178,333,357,209,38,12,209,67,106,26,124,93,131,123,96,45,18,258,150,,,190,291,,,51,284,42,117,50,65,71,31,55,40,229,132,112,95,97,24,22,14,64,24,57,233,18,186,,322,,,b'\x11\xe8\xe1I\xed\xe6\x9d\n\x9a\xbe\x12\xdf\x17\xaeN\x1e'
11E8E149-EDE6-9D0A-9ABE-12DF17AE4E1E,2025-ncaa-d3-conf-NEWMAC,genius_ncaa,5,6,3,6,4,6,7,4,8,4,4,8,8,9,6,11,8,8,6,8,10,4,4,8,8,8,12,10,8,2,1,2,3,3,3,3,3,11,9,7,7,7,6,4,,,7,7,,11,5,4,11,5,8,7,10,5,6,9,11,9,9,9,9,10,6,3,2,5,8,7,6,,5,,11,5,6,3,8,2,2,3,2,9,12,7,11,7,7,6,7,9,8,7,3,2,3,12,11,9,5,3,5,1,5,3,6,9,8,10,6,9,8,6,4,,,6,8,,7,5,8,8,2,6,3,2,3,1,1,9,8,6,6,6,4,2,4,3,4,4,11,5,5,,9,,9,b'\x11\xe8\xe1I\xed\xe6\x9d\n\x9a\xbe\x12\xdf\x17\xaeN\x1e'
11E8E149-EDE6-9D0A-9ABE-12DF17AE4E1E,2025-ncaa-d3-natl,genius_ncaa,141,155,116,156,118,205,191,258,117,146,161,167,280,338,115,343,226,247,148,245,289,263,270,147,146,163,329,312,240,160,93,121,96,146,55,160,149,174,203,167,348,343,80,39,,,181,253,,373,163,302,412,22,248,217,334,158,180,311,364,254,291,283,332,365,188,137,148,177,157,378,80,,146,,369,162,102,86,150,77,42,92,58,324,307,301,357,163,145,242,139,237,129,99,132,125,199,392,390,204,138,96,65,93,75,55,108,174,332,321,240,91,121,174,140,,,188,119,,295,163,107,147,184,163,76,64,97,30,52,297,277,131,122,114,84,33,109,45,55,93,376,81,151,,229,,314,b'\x11\xe8\xe1I\xed\xe6\x9d\n\x9a\xbe\x12\xdf\x17\xaeN\x1e'
11E8E149-EDE6-9D0A-9ABE-12DF17AE4E1E,2026-ncaa-d3-natl,genius_ncaa,54,200,8,151,21,34,23,40,107,10,26,78,199,144,300,304,115,200,20,191,386,48,85,146,147,71,381,340,297,73,164,47,110,62,130,27,152,106,15,16,259,347,88,182,,,342,286,,347,160,101,410,113,208,141,245,82,143,327,313,288,370,369,301,407,231,265,263,126,5,389,192,,128,,269,177,350,349,343,287,331,361,190,347,278,389,125,299,284,283,288,147,338,309,294,279,340,221,274,168,244,110,332,164,311,130,276,77,260,360,309,32,3,210,84,,,145,304,,62,160,317,62,316,171,139,155,73,138,148,224,63,123,98,99,63,8,83,94,74,91,403,2,100,,381,,136,b'\x11\xe8\xe1I\xed\xe6\x9d\n\x9a\xbe\x12\xdf\x17\xaeN\x1e'
11E8E149-EDEA-F59E-9ABE-12DF17AE4E1E,2018-ncaa-d3-conf-MIAC,ncaa,6,8,4,8,4,8,7,7,10,5,2,10,11,11,11,12,7,4,10,2,6,7,3,10,9,10,10,12,2,2,4,8,8,4,7,10,10,11,11,11,2,4,7,7,,,8,7,,,8,4,5,5,9,8,9,5,3,11,11,7,3,2,6,1,2,10,5,11,11,4,7,,7,,,8,8,6,8,9,6,5,7,11,11,8,11,8,5,12,5,7,7,9,8,9,7,11,11,6,8,8,7,4,8,7,10,10,3,5,6,11,11,9,8,,,3,4,,,8,9,9,7,8,7,7,7,5,3,11,11,8,5,5,6,6,8,7,8,9,4,11,8,,2,,,b'\x11\xe8\xe1I\xed\xea\xf5\x9e\x9a\xbe\x12\xdf\x17\xaeN\x1e'
11E8E149-EDEA-F59E-9ABE-12DF17AE4E1E,2018-ncaa-d3-natl,ncaa,218,251,123,239,148,243,250,271,236,191,180,232,343,340,313,351,125,99,265,94,103,232,195,266,243,288,303,364,69,133,101,357,278,274,212,314,371,341,335,357,90,75,220,168,,,273,307,,,292,217,316,155,284,297,360,223,222,364,367,127,98,99,309,260,147,423,354,359,310,95,225,,238,,,289,297,268,128,380,194,71,398,371,331,364,390,271,183,438,175,308,118,196,399,415,343,356,361,225,151,278,150,101,141,212,307,275,107,81,178,391,375,359,348,,,88,55,,,292,221,267,317,294,249,227,68,169,39,351,301,240,140,132,59,99,130,107,106,262,114,360,351,,72,,,b'\x11\xe8\xe1I\xed\xea\xf5\x9e\x9a\xbe\x12\xdf\x17\xaeN\x1e'
11E8E149-EDEA-F59E-9ABE-12DF17AE4E1E,2019-ncaa-d3-conf-MIAC,ncaa,7,6,8,7,8,7,6,8,4,4,3,4,11,11,10,11,10,6,12,6,7,9,11,5,7,6,10,10,8,11,9,10,7,12,7,5,5,1,5,5,5,4,4,4,,,6,7,,,6,11,7,1,6,5,5,4,3,10,11,8,5,5,6,5,9,7,9,5,5,4,4,,8,,,6,5,3,4,5,4,4,4,9,8,9,9,6,6,6,6,7,4,2,5,5,7,10,10,7,4,7,3,9,4,7,4,4,7,5,5,4,5,3,2,,,8,4,,,6,2,6,7,6,7,5,5,5,6,9,8,8,8,8,7,8,7,5,4,4,4,5,3,,5,,,b'\x11\xe8\xe1I\xed\xea\xf5\x9e\x9a\xbe\x12\xdf\x17\xaeN\x1e'
11E8E149-EDEA-F59E-9ABE-12DF17AE4E1E,2019-ncaa-d3-natl,ncaa,237,244,215,248,218,237,208,283,141,156,187,139,318,335,261,333,251,219,304,223,244,271,294,179,199,190,356,341,251,304,235,323,192,325,219,233,291,170,216,210,170,139,230,179,,,338,397,,,246,275,305,14,219,186,280,122,160,329,350,234,199,203,258,281,300,351,357,219,180,164,226,,366,,,246,229,173,116,278,121,87,267,366,298,360,353,333,292,382,286,377,128,130,320,354,340,393,367,318,96,192,119,235,103,219,170,171,237,206,200,165,202,144,124,,,193,122,,,246,169,216,305,248,266,196,132,138,79,368,318,343,299,290,152,152,113,126,110,182,232,173,157,,148,,,b'\x11\xe8\xe1I\xed\xea\xf5\x9e\x9a\xbe\x12\xdf\x17\xaeN\x1e'
11E8E149-EDEA-F59E-9ABE-12DF17AE4E1E,2020-ncaa-d3-conf-MIAC,ncaa,6,8,5,8,5,8,6,4,7,4,2,8,12,12,9,12,9,8,6,8,11,6,4,8,9,9,12,12,9,2,2,12,5,8,5,9,11,7,7,9,4,4,7,7,,,8,8,,,6,6,11,1,8,7,5,3,1,12,12,9,9,9,6,6,2,12,8,9,8,4,7,,7,,,6,5,5,2,9,4,1,11,5,7,4,9,8,7,11,7,9,2,4,9,11,5,9,8,8,1,5,4,2,1,5,2,2,4,3,2,8,6,9,7,,,7,9,,,6,7,8,4,5,4,3,2,4,1,6,7,7,7,7,2,2,2,4,4,2,3,7,9,,9,,,b'\x11\xe8\xe1I\xed\xea\xf5\x9e\x9a\xbe\x12\xdf\x17\xaeN\x1e'
11E8E149-EDEA-F59E-9ABE-12DF17AE4E1E,2020-ncaa-d3-natl,ncaa,215,245,126,234,126,238,228,279,177,162,150,205,328,364,177,364,217,204,243,217,280,267,256,198,199,236,339,341,213,193,68,395,93,341,100,322,411,261,300,335,140,96,313,246,,,337,409,,,233,277,411,1,285,266,350,178,174,347,377,237,246,255,344,334,201,435,398,370,243,151,331,,317,,,233,173,92,36,319,70,23,376,284,267,264,383,370,313,425,310,421,47,88,361,399,304,399,313,384,14,93,29,68,17,100,29,27,115,50,23,270,298,106,83,,,153,93,,,233,158,235,221,226,141,81,7,55,5,263,249,351,281,276,9,29,8,14,10,23,128,253,88,,161,,,b'\x11\xe8\xe1I\xed\xea\xf5\x9e\x9a\xbe\x12\xdf\x17\xaeN\x1e'
11E8E149-EDEA-F59E-9ABE-12DF17AE4E1E,2021-ncaa-d3-conf-MIAC,ncaa,9,4,9,9,9,9,9,9,7,9,9,3,10,9,11,11,9,9,7,9,9,9,9,9,9,10,11,11,6,9,5,9,1,9,3,9,9,3,10,11,9,7,10,8,,,3,9,,,7,9,7,2,8,6,4,3,2,11,11,6,8,7,6,2,2,6,4,8,10,7,9,,8,,,7,3,3,3,7,3,3,9,3,3,5,11,3,3,2,3,7,3,3,7,6,6,4,11,4,2,1,3,5,3,3,3,5,9,7,7,3,6,3,4,,,9,6,,,7,3,10,5,8,6,6,6,7,3,8,11,4,4,5,6,3,1,7,4,7,8,6,7,,2,,,b'\x11\xe8\xe1I\xed\xea\xf5\x9e\x9a\xbe\x12\xdf\x17\xaeN\x1e'
11E8E149-EDEA-F59E-9ABE-12DF17AE4E1E,2021-ncaa-d3-natl,ncaa,215,58,246,182,246,252,248,253,88,244,254,30,261,253,272,201,243,244,80,245,134,253,252,122,121,149,262,262,98,250,123,252,7,253,63,254,263,42,194,220,252,127,262,242,,,38,248,,,146,250,206,4,141,115,183,51,118,256,199,100,119,118,169,138,151,201,191,216,190,152,255,,204,,,155,37,37,33,230,36,31,266,44,47,120,246,38,40,73,41,219,33,32,236,222,239,146,195,99,15,7,34,123,29,63,34,46,256,217,174,41,175,35,71,,,244,40,,,146,34,151,187,162,164,178,98,158,35,200,228,134,149,164,104,47,4,81,18,93,241,169,73,,51,,,b'\x11\xe8\xe1I\xed\xea\xf5\x9e\x9a\xbe\x12\xdf\x17\xaeN\x1e'
11E8E149-EDEA-F59E-9ABE-12DF17AE4E1E,2022-ncaa-d3-conf-MIAC,ncaa,10,7,12,10,12,12,11,12,9,10,9,10,11,12,10,10,11,11,6,11,10,12,12,9,10,10,10,10,5,9,2,12,9,12,6,12,12,2,7,11,7,7,12,11,,,5,12,,,8,12,9,11,11,9,7,7,3,11,10,7,6,6,7,6,3,12,11,12,7,7,12,,9,,,8,2,2,1,12,2,1,12,6,2,11,9,8,7,12,7,12,1,1,12,12,12,11,8,10,2,9,1,2,2,6,4,7,7,4,5,2,7,1,2,,,12,10,,,8,1,10,9,9,7,6,2,5,2,9,7,10,9,9,3,3,5,3,3,6,5,6,2,,8,,,b'\x11\xe8\xe1I\xed\xea\xf5\x9e\x9a\xbe\x12\xdf\x17\xaeN\x1e'
11E8E149-EDEA-F59E-9ABE-12DF17AE4E1E,2022-ncaa-d3-natl,ncaa,328,290,345,332,374,352,340,369,242,306,314,261,333,361,218,292,331,348,220,343,264,374,384,250,252,249,271,277,198,335,137,411,231,395,222,376,387,70,232,311,269,138,384,323,,,172,416,,,295,390,386,404,327,304,345,249,228,308,328,280,296,290,354,376,269,427,416,362,162,206,379,,331,,,297,83,56,18,395,34,17,367,287,108,427,341,212,179,314,181,413,24,30,415,420,385,411,384,314,14,231,20,137,15,222,98,248,294,97,210,92,226,54,97,,,363,185,,,295,36,250,353,307,235,165,2,91,9,386,205,322,301,302,10,19,35,20,18,209,210,193,80,,291,,,b'\x11\xe8\xe1I\xed\xea\xf5\x9e\x9a\xbe\x12\xdf\x17\xaeN\x1e'
11E8E149-EDEA-F59E-9ABE-12DF17AE4E1E,2023-ncaa-d3-conf-MIAC,ncaa,7,5,11,7,12,9,10,10,10,10,8,9,10,11,11,10,9,9,6,9,8,11,9,11,10,10,7,10,4,6,2,12,2,9,3,11,11,9,9,11,6,5,12,11,,,2,4,,,7,11,2,8,9,10,7,8,3,10,9,6,8,8,7,3,4,10,7,10,10,5,11,,3,,,7,2,2,1,5,3,2,6,3,3,5,6,1,1,3,1,5,1,1,5,5,5,5,7,4,2,2,2,2,2,3,1,5,5,4,3,11,10,5,6,,,9,6,,,7,2,10,3,7,4,5,4,5,4,6,6,2,5,5,4,4,2,3,2,3,4,11,7,,4,,,b'\x11\xe8\xe1I\xed\xea\xf5\x9e\x9a\xbe\x12\xdf\x17\xaeN\x1e'
11E8E149-EDEA-F59E-9ABE-12DF17AE4E1E,2023-ncaa-d3-natl,ncaa,228,198,333,225,337,313,313,365,198,283,338,179,297,289,276,214,262,309,125,306,186,364,372,211,202,236,238,242,151,265,73,394,99,370,79,351,368,160,298,329,269,161,375,316,,,70,215,,,230,384,342,49,273,271,323,240,289,265,248,197,251,255,325,306,202,411,353,338,259,214,369,,129,,,230,70,72,29,295,51,26,329,240,209,299,365,91,75,302,76,264,29,31,327,331,295,317,351,151,13,99,20,73,16,79,43,73,299,153,139,265,341,65,140,,,279,116,,,230,46,226,230,227,163,169,68,115,39,305,283,145,114,125,65,61,28,18,14,96,229,315,102,,170,,,b'\x11\xe8\xe1I\xed\xea\xf5\x9e\x9a\xbe\x12\xdf\x17\xaeN\x1e'
11E8E149-EDEA-F59E-9ABE-12DF17AE4E1E,2024-ncaa-d3-conf-MIAC,ncaa,3,3,1,3,1,3,5,1,9,6,2,11,2,3,2,6,2,1,3,1,5,1,1,8,5,6,1,5,2,1,3,1,5,1,4,4,3,8,5,5,3,5,2,5,,,6,2,,,5,1,2,1,5,5,1,8,3,4,5,2,2,2,2,1,1,7,2,5,6,5,4,,3,,,5,11,9,11,3,8,10,2,10,9,10,7,7,5,11,5,2,11,11,3,5,4,9,8,5,6,5,11,3,11,4,10,9,2,5,5,9,5,11,10,,,1,6,,,5,11,6,4,5,5,6,6,3,8,9,6,5,3,3,6,9,4,5,4,8,3,6,11,,2,,,b'\x11\xe8\xe1I\xed\xea\xf5\x9e\x9a\xbe\x12\xdf\x17\xaeN\x1e'
11E8E149-EDEA-F59E-9ABE-12DF17AE4E1E,2024-ncaa-d3-natl,ncaa,74,87,63,88,64,126,194,117,295,267,155,359,79,115,38,194,14,26,29,21,44,90,91,254,188,173,28,105,35,119,90,278,125,199,119,213,245,209,136,214,128,140,112,113,,,203,159,,,174,102,251,10,165,264,182,324,222,91,168,19,44,35,130,173,147,386,301,262,149,165,134,,134,,,179,313,271,253,247,174,192,152,400,316,414,310,285,192,424,189,208,242,282,292,312,283,381,390,220,83,125,157,90,108,119,251,215,117,142,170,267,196,361,314,,,50,73,,,174,324,156,210,184,195,169,117,104,110,367,251,229,132,135,108,132,36,70,44,188,174,206,322,,69,,,b'\x11\xe8\xe1I\xed\xea\xf5\x9e\x9a\xbe\x12\xdf\x17\xaeN\x1e'
11E8E149-EDEA-F59E-9ABE-12DF17AE4E1E,2025-ncaa-d3-conf-MIAC,genius_ncaa,8,8,5,8,6,7,6,5,10,8,5,9,6,3,8,5,7,8,8,7,8,5,4,9,9,9,5,4,7,5,7,7,5,6,8,8,10,5,5,8,4,4,3,3,,,2,2,,1,8,5,2,2,7,7,1,7,5,6,2,7,8,6,1,1,5,5,5,8,5,3,2,,2,,1,8,8,9,9,6,9,7,9,10,10,5,10,2,2,2,2,2,8,6,6,5,4,4,10,3,4,5,9,7,7,8,9,7,5,6,9,9,8,12,12,,,12,12,,6,8,8,9,5,8,8,9,10,9,6,10,10,2,2,2,10,10,5,10,8,9,5,9,12,,11,,6,b'\x11\xe8\xe1I\xed\xea\xf5\x9e\x9a\xbe\x12\xdf\x17\xaeN\x1e'
11E8E149-EDEA-F59E-9ABE-12DF17AE4E1E,2025-ncaa-d3-natl,genius_ncaa,194,155,290,184,302,263,267,289,235,261,283,186,233,206,258,165,229,231,200,229,151,287,326,229,220,195,182,199,181,296,245,357,128,349,213,335,375,71,138,245,166,99,165,129,,,27,44,,73,210,328,268,116,222,230,216,237,257,210,161,176,187,182,207,274,278,361,345,338,117,121,143,,24,,85,210,89,155,80,302,125,80,284,262,195,343,317,20,19,225,16,43,49,58,319,287,245,178,349,30,31,128,85,245,49,213,148,165,227,133,187,181,248,316,356,,,326,272,,223,210,88,210,195,214,169,234,151,191,127,296,242,22,21,19,93,99,69,146,96,206,182,229,347,,309,,206,b'\x11\xe8\xe1I\xed\xea\xf5\x9e\x9a\xbe\x12\xdf\x17\xaeN\x1e'
11E8E149-EDEA-F59E-9ABE-12DF17AE4E1E,2026-ncaa-d3-conf-MIAC,genius_ncaa,6,6,4,6,6,8,6,7,9,5,6,5,9,9,11,8,12,9,11,9,10,7,9,9,10,9,11,11,11,10,12,5,11,9,12,11,12,4,4,9,4,7,6,6,,,6,6,,3,7,7,3,3,8,6,5,3,4,9,7,12,9,9,7,9,11,3,10,11,4,4,7,,8,,3,7,3,2,7,1,1,6,1,9,8,6,8,9,10,4,10,11,7,9,1,2,2,12,11,12,11,11,10,12,11,12,3,6,9,8,4,3,5,6,7,,,9,8,,9,7,6,11,5,7,5,1,9,1,6,9,10,11,12,12,10,12,12,11,12,4,7,5,7,,8,,9,b'\x11\xe8\xe1I\xed\xea\xf5\x9e\x9a\xbe\x12\xdf\x17\xaeN\x1e'
11E8E149-EDEA-F59E-9ABE-12DF17AE4E1E,2026-ncaa-d3-natl,genius_ncaa,98,200,42,183,103,137,142,104,264,130,93,259,170,144,273,229,73,168,10,164,272,108,116,272,246,232,207,255,136,239,315,116,193,152,255,299,393,263,178,314,94,139,261,279,,,254,162,,347,204,91,292,374,279,279,261,237,217,265,252,155,279,280,284,324,347,257,328,374,144,172,324,,107,,299,208,287,261,298,136,198,211,144,367,373,242,377,279,244,311,258,276,299,298,185,200,191,365,367,230,263,193,292,315,294,255,164,57,111,182,95,241,160,354,297,,,90,144,,169,204,303,255,184,224,133,107,129,54,54,325,332,182,132,142,116,103,158,155,146,52,230,134,304,,208,,217,b'\x11\xe8\xe1I\xed\xea\xf5\x9e\x9a\xbe\x12\xdf\x17\xaeN\x1e'
11E8E149-EDEF-55EE-9ABE-12DF17AE4E1E,2018-ncaa-d3-conf-NEAC,ncaa,9,9,9,9,12,11,13,8,13,8,5,12,14,11,14,11,4,3,8,4,6,7,9,14,14,12,10,14,1,2,7,14,14,12,13,13,13,1,1,11,6,4,2,2,,,4,5,,,10,12,8,10,11,13,3,8,4,14,11,2,1,1,3,4,2,14,9,13,1,3,1,,7,,,10,6,7,5,11,11,9,9,1,1,4,1,3,3,5,3,3,4,6,8,5,3,1,1,5,14,14,12,7,13,13,9,11,4,3,5,1,1,3,3,,,4,2,,,10,3,12,7,10,7,10,9,12,13,1,1,4,3,4,8,12,14,14,14,10,1,3,5,,2,,,b'\x11\xe8\xe1I\xed\xefU\xee\x9a\xbe\x12\xdf\x17\xaeN\x1e'
11E8E149-EDEF-55EE-9ABE-12DF17AE4E1E,2018-ncaa-d3-conf-United East,ncaa,9,9,9,9,12,11,13,8,13,8,5,12,14,11,14,11,4,3,8,4,6,7,9,14,14,12,10,14,1,2,7,14,14,12,13,13,13,1,1,11,6,4,2,2,,,4,5,,,10,12,8,10,11,13,3,8,4,14,11,2,1,1,3,4,2,14,9,13,1,3,1,,7,,,10,6,7,5,11,11,9,9,1,1,4,1,3,3,5,3,3,4,6,8,5,3,1,1,5,14,14,12,7,13,13,9,11,4,3,5,1,1,3,3,,,4,2,,,10,3,12,7,10,7,10,9,12,13,1,1,4,3,4,8,12,14,14,14,10,1,3,5,,2,,,b'\x11\xe8\xe1I\xed\xefU\xee\x9a\xbe\x12\xdf\x17\xaeN\x1e'
11E8E149-EDEF-55EE-9ABE-12DF17AE4E1E,2018-ncaa-d3-natl,ncaa,346,309,390,348,400,383,383,309,408,312,175,386,423,377,441,379,216,179,300,183,233,294,326,424,414,393,385,430,24,104,113,417,440,337,397,411,428,77,141,385,121,86,31,32,,,58,55,,,336,384,106,274,351,353,63,204,37,426,341,88,53,57,52,62,30,399,151,410,215,56,10,,149,,,341,89,174,126,275,300,287,234,30,25,185,35,42,63,50,68,39,90,132,235,160,121,14,46,61,414,440,241,113,355,397,241,305,151,104,196,123,186,79,52,,,312,244,,,336,65,371,230,336,278,358,380,400,420,85,79,85,119,124,360,407,433,408,430,355,48,255,135,,119,,,b'\x11\xe8\xe1I\xed\xefU\xee\x9a\xbe\x12\xdf\x17\xaeN\x1e'
11E8E149-EDEF-55EE-9ABE-12DF17AE4E1E,2019-ncaa-d3-conf-NEAC,ncaa,4,4,4,4,6,4,6,5,8,6,5,8,7,7,7,9,2,1,5,1,1,4,4,9,8,5,3,7,2,4,4,10,12,8,9,7,9,6,3,7,2,3,2,2,,,11,8,,,4,4,4,11,5,8,5,5,4,8,9,2,1,1,3,4,5,12,8,8,3,2,1,,10,,,4,8,8,5,8,10,10,8,2,3,6,3,9,8,9,6,6,6,9,7,8,3,2,2,8,10,12,6,4,7,9,11,11,3,2,5,4,4,7,4,,,2,1,,,4,9,5,5,4,6,7,7,8,8,2,3,8,6,6,5,9,11,6,8,10,2,4,5,,1,,,b'\x11\xe8\xe1I\xed\xefU\xee\x9a\xbe\x12\xdf\x17\xaeN\x1e'
11E8E149-EDEF-55EE-9ABE-12DF17AE4E1E,2019-ncaa-d3-conf-United East,ncaa,4,4,4,4,6,4,6,5,8,6,5,8,7,7,7,9,2,1,5,1,1,4,4,9,8,5,3,7,2,4,4,10,12,8,9,7,9,6,3,7,2,3,2,2,,,11,8,,,4,4,4,11,5,8,5,5,4,8,9,2,1,1,3,4,5,12,8,8,3,2,1,,10,,,4,8,8,5,8,10,10,8,2,3,6,3,9,8,9,6,6,6,9,7,8,3,2,2,8,10,12,6,4,7,9,11,11,3,2,5,4,4,7,4,,,2,1,,,4,9,5,5,4,6,7,7,8,8,2,3,8,6,6,5,9,11,6,8,10,2,4,5,,1,,,b'\x11\xe8\xe1I\xed\xefU\xee\x9a\xbe\x12\xdf\x17\xaeN\x1e'
11E8E149-EDEF-55EE-9ABE-12DF17AE4E1E,2019-ncaa-d3-natl,ncaa,169,72,407,108,417,320,335,365,286,290,248,327,356,392,188,375,138,94,299,87,73,333,374,311,286,238,227,346,23,206,112,409,380,368,283,357,327,36,92,230,165,89,106,98,,,80,162,,,189,398,50,344,113,167,60,124,36,302,341,11,4,4,25,40,56,284,113,236,198,49,44,,280,,,187,57,98,53,287,217,167,283,13,19,63,30,85,92,130,85,107,47,58,213,194,157,20,19,172,212,380,69,112,109,283,270,402,217,117,253,57,127,64,74,,,268,108,,,189,49,198,183,188,300,346,362,402,409,43,62,231,249,229,355,402,385,328,360,400,61,196,161,,25,,,b'\x11\xe8\xe1I\xed\xefU\xee\x9a\xbe\x12\xdf\x17\xaeN\x1e'
11E8E149-EDEF-55EE-9ABE-12DF17AE4E1E,2020-ncaa-d3-conf-CSAC,ncaa,2,2,1,2,2,2,2,1,5,4,2,6,3,5,2,5,1,1,6,1,5,1,1,3,3,3,5,5,4,1,1,6,8,1,5,2,2,8,4,3,1,1,4,4,,,9,7,,,2,1,2,6,2,4,2,4,3,3,5,1,2,3,2,3,2,7,2,2,4,1,4,,9,,,2,5,5,6,4,5,9,4,3,2,2,2,9,9,5,9,9,10,10,3,4,1,6,2,9,10,8,8,1,9,5,5,8,1,1,1,6,4,7,7,,,1,2,,,2,10,3,1,2,3,3,3,4,4,2,2,9,9,9,3,8,7,5,7,5,1,6,7,,1,,,b'\x11\xe8\xe1I\xed\xefU\xee\x9a\xbe\x12\xdf\x17\xaeN\x1e'
11E8E149-EDEF-55EE-9ABE-12DF17AE4E1E,2020-ncaa-d3-natl,ncaa,118,63,327,86,357,185,209,182,234,215,125,316,176,276,48,314,91,63,265,64,117,155,151,230,211,210,158,204,97,61,55,294,337,171,189,125,36,237,201,150,59,57,313,327,,,222,197,,,126,221,55,303,86,128,53,153,50,150,241,39,24,25,32,32,28,238,62,50,302,34,313,,314,,,117,112,120,113,204,184,191,215,62,90,95,106,240,285,88,278,290,121,252,158,166,66,130,85,303,315,337,179,55,244,189,263,369,40,32,98,212,187,133,97,,,110,137,,,126,225,170,95,121,212,216,218,263,285,97,124,287,332,328,236,384,347,258,308,312,20,260,168,,35,,,b'\x11\xe8\xe1I\xed\xefU\xee\x9a\xbe\x12\xdf\x17\xaeN\x1e'
11E8E149-EDEF-55EE-9ABE-12DF17AE4E1E,2022-ncaa-d3-conf-CSAC,ncaa,10,9,8,10,8,10,9,8,9,5,2,9,10,10,10,10,7,6,5,6,9,7,7,10,10,10,10,10,2,6,7,8,6,8,9,10,9,5,7,9,4,1,4,3,,,4,7,,,10,7,2,4,10,8,4,3,1,10,10,4,4,4,3,1,5,7,6,10,7,1,3,,7,,,10,4,5,3,10,4,2,10,3,3,9,4,6,5,10,6,7,1,3,10,10,8,6,2,7,4,6,6,7,5,9,7,8,4,2,7,5,6,3,2,,,6,5,,,10,4,10,7,10,8,6,5,6,4,4,5,8,8,7,5,8,6,10,9,9,2,6,4,,4,,,b'\x11\xe8\xe1I\xed\xefU\xee\x9a\xbe\x12\xdf\x17\xaeN\x1e'
11E8E149-EDEF-55EE-9ABE-12DF17AE4E1E,2022-ncaa-d3-natl,ncaa,364,341,345,371,351,398,387,317,407,273,94,412,425,419,429,428,335,297,380,299,391,321,286,422,421,418,426,428,72,163,172,361,365,299,319,363,224,356,379,386,167,125,216,213,,,79,88,,,385,309,71,88,401,386,138,198,6,428,426,286,183,180,141,40,52,303,159,341,403,82,158,,167,,,384,133,160,95,280,222,172,263,63,56,220,65,195,169,297,181,214,101,129,253,257,213,98,70,249,259,365,210,172,237,319,324,390,180,106,268,375,384,70,25,,,343,344,,,385,111,410,245,385,305,318,307,347,357,118,105,306,295,302,312,372,353,380,377,369,63,404,110,,236,,,b'\x11\xe8\xe1I\xed\xefU\xee\x9a\xbe\x12\xdf\x17\xaeN\x1e'
11E8E149-EDEF-55EE-9ABE-12DF17AE4E1E,2023-ncaa-d3-conf-CSAC,ncaa,3,2,2,3,2,4,3,2,5,3,1,6,9,7,9,9,4,4,8,4,10,2,2,7,8,6,9,9,8,1,2,3,2,1,2,5,9,7,4,6,1,1,3,2,,,9,9,,,5,2,3,2,4,4,1,3,1,9,8,6,5,7,1,1,1,5,1,6,6,1,3,,9,,,5,5,2,4,3,4,5,4,1,1,1,1,9,9,8,9,9,5,9,2,5,2,8,2,10,3,2,9,2,8,2,1,1,1,1,1,6,4,6,2,,,3,9,,,5,9,6,2,5,3,1,2,3,3,1,1,9,9,9,3,5,3,8,5,1,1,6,6,,4,,,b'\x11\xe8\xe1I\xed\xefU\xee\x9a\xbe\x12\xdf\x17\xaeN\x1e'
11E8E149-EDEF-55EE-9ABE-12DF17AE4E1E,2023-ncaa-d3-natl,ncaa,107,131,63,128,67,157,90,19,312,28,2,308,407,369,423,414,223,80,407,81,400,21,15,373,384,352,428,424,297,7,36,148,212,30,161,180,329,388,207,291,13,11,258,295,,,418,384,,,173,25,37,41,220,113,11,25,2,421,395,281,122,126,15,9,7,264,32,236,319,13,297,,404,,,179,229,151,193,134,299,328,184,15,51,2,17,419,424,77,424,415,309,404,71,122,28,112,2,426,267,212,409,36,387,161,105,96,9,11,3,350,202,98,6,,,91,349,,,173,408,325,24,180,128,77,67,209,215,2,21,405,417,416,170,355,187,358,310,66,11,290,58,,144,,,b'\x11\xe8\xe1I\xed\xefU\xee\x9a\xbe\x12\xdf\x17\xaeN\x1e'
11E8E149-EDEF-55EE-9ABE-12DF17AE4E1E,2024-ncaa-d3-conf-United East,ncaa,1,3,1,2,1,2,1,1,13,1,1,13,8,5,14,13,5,6,10,6,17,1,1,13,13,12,16,13,15,1,2,3,4,1,4,2,12,10,2,5,1,1,12,14,,,17,17,,,2,1,8,5,8,4,1,2,1,10,11,11,11,12,2,2,1,11,1,6,3,1,14,,17,,,3,10,8,10,3,9,10,3,2,2,2,2,17,17,7,17,17,13,15,2,3,2,12,2,17,10,4,17,2,15,4,2,1,1,1,1,9,1,14,2,,,4,16,,,2,17,7,2,3,3,2,1,3,2,1,1,17,17,17,2,7,4,13,8,1,1,2,10,,10,,,b'\x11\xe8\xe1I\xed\xefU\xee\x9a\xbe\x12\xdf\x17\xaeN\x1e'
11E8E149-EDEF-55EE-9ABE-12DF17AE4E1E,2024-ncaa-d3-natl,ncaa,42,45,38,48,45,60,30,3,304,11,1,323,289,210,380,384,233,175,349,181,423,4,6,350,369,307,421,376,388,1,6,71,207,3,85,55,237,249,24,91,6,9,357,387,,,419,351,,,56,17,40,170,90,31,4,16,1,345,293,320,276,279,4,5,1,170,5,78,152,9,384,,392,,,62,205,152,278,77,282,385,56,20,34,35,8,401,425,20,425,367,344,406,38,50,19,104,9,412,332,207,416,6,406,85,55,18,8,13,2,181,27,188,11,,,176,412,,,56,410,205,17,75,76,65,81,167,290,2,6,358,409,408,157,343,233,371,321,23,12,105,126,,306,,,b'\x11\xe8\xe1I\xed\xefU\xee\x9a\xbe\x12\xdf\x17\xaeN\x1e'
11E8E149-EDEF-55EE-9ABE-12DF17AE4E1E,2025-ncaa-d3-conf-United East,genius_ncaa,8,8,4,8,5,4,4,1,8,5,3,7,2,1,8,1,11,8,15,8,12,2,3,7,9,6,5,2,17,4,11,2,6,2,12,5,12,1,1,2,7,7,4,5,,,8,5,,3,6,2,3,5,2,3,1,4,4,2,1,13,9,9,2,2,3,1,1,5,1,6,3,,8,,3,6,12,15,16,5,16,17,5,5,9,3,4,13,13,14,11,5,16,16,5,4,6,4,3,10,15,6,17,11,17,12,6,2,6,8,7,1,1,12,11,,,8,14,,8,6,16,5,7,6,11,11,14,13,16,5,6,11,12,10,14,16,13,17,17,5,7,1,12,,9,,10,b'\x11\xe8\xe1I\xed\xefU\xee\x9a\xbe\x12\xdf\x17\xaeN\x1e'
11E8E149-EDEF-55EE-9ABE-12DF17AE4E1E,2025-ncaa-d3-natl,genius_ncaa,141,184,55,175,97,91,71,8,323,98,33,313,62,21,277,119,242,143,381,144,332,11,19,316,342,266,191,118,368,15,175,38,278,19,283,75,165,168,22,83,55,98,126,237,,,321,141,,256,144,20,33,258,91,70,5,130,35,74,26,301,192,193,7,20,18,33,13,82,104,62,150,,268,,233,147,342,339,398,103,394,413,93,36,92,21,11,370,372,210,375,166,401,404,54,64,60,36,11,314,394,278,416,175,414,283,243,111,42,105,74,84,15,213,88,,,153,374,,138,144,396,226,83,155,228,250,344,336,398,22,46,329,333,335,354,385,358,412,400,173,47,56,173,,237,,183,b'\x11\xe8\xe1I\xed\xefU\xee\x9a\xbe\x12\xdf\x17\xaeN\x1e'
11E8E149-EDEF-55EE-9ABE-12DF17AE4E1E,2026-ncaa-d3-natl,genius_ncaa,225,200,215,240,249,210,200,171,267,234,210,280,117,126,171,114,246,223,306,223,237,188,235,245,261,195,128,90,276,235,326,147,128,173,262,219,254,73,30,99,298,315,261,284,,,193,223,,324,142,227,61,113,123,120,28,186,115,71,54,211,177,189,38,91,180,26,58,174,68,278,252,,274,,366,140,145,149,180,118,191,216,118,82,117,85,89,179,241,27,230,235,190,181,89,69,96,107,97,242,180,128,313,326,276,262,175,250,234,219,210,103,79,134,133,,,329,389,,236,142,186,205,102,154,178,196,289,249,326,82,136,224,325,315,306,312,234,396,367,239,158,117,146,,357,,217,b'\x11\xe8\xe1I\xed\xefU\xee\x9a\xbe\x12\xdf\x17\xaeN\x1e'
11E8E149-EDF3-D060-9ABE-12DF17AE4E1E,2018-ncaa-d3-conf-Empire 8,ncaa,1,1,1,1,1,1,1,2,2,1,1,3,4,6,3,9,1,3,3,3,7,2,1,3,4,3,7,7,5,1,2,1,1,1,1,1,9,9,5,4,1,1,1,1,,,8,7,,,1,2,6,5,2,2,4,2,1,5,9,3,6,6,4,3,2,3,1,4,6,1,1,,6,,,1,2,1,5,1,1,5,1,5,6,1,7,6,6,5,6,6,6,8,1,1,1,7,7,8,4,1,3,2,4,1,1,3,1,1,1,5,3,4,2,,,2,4,,,1,8,2,1,1,1,1,1,1,1,3,4,4,4,5,1,3,1,1,1,1,1,4,3,,3,,,b'\x11\xe8\xe1I\xed\xf3\xd0`\x9a\xbe\x12\xdf\x17\xaeN\x1e'
11E8E149-EDF3-D060-9ABE-12DF17AE4E1E,2018-ncaa-d3-natl,ncaa,52,49,68,54,86,152,162,177,152,143,121,201,235,307,101,338,110,160,65,147,237,162,137,163,139,184,260,289,137,98,58,117,137,96,54,197,280,337,291,268,92,93,42,30,,,400,408,,,111,164,340,176,212,228,314,177,191,273,349,141,211,199,289,270,130,187,141,250,267,119,51,,374,,,116,123,69,176,36,81,181,41,180,250,84,237,376,349,355,352,364,215,272,39,70,64,379,216,421,206,137,107,58,127,54,44,67,124,123,43,297,272,304,238,,,88,93,,,111,287,166,74,111,62,27,64,34,91,120,171,342,289,294,95,95,139,37,64,21,170,245,263,,131,,,b'\x11\xe8\xe1I\xed\xf3\xd0`\x9a\xbe\x12\xdf\x17\xaeN\x1e'
11E8E149-EDF3-D060-9ABE-12DF17AE4E1E,2019-ncaa-d3-conf-Empire 8,ncaa,2,3,1,3,1,2,2,3,3,3,4,2,5,2,6,5,4,3,5,3,3,3,1,3,4,6,5,5,4,1,1,1,1,1,1,4,7,9,9,9,2,3,4,4,,,9,7,,,2,2,8,1,5,4,7,4,7,6,5,4,3,3,7,2,1,1,1,7,9,3,4,,6,,,2,2,2,8,1,1,7,1,7,7,5,7,4,5,1,4,4,8,8,2,1,2,9,8,6,5,1,2,1,2,1,2,6,2,2,2,9,8,5,4,,,4,6,,,2,8,5,2,2,1,2,4,1,1,6,7,4,4,4,2,3,3,1,1,2,3,8,3,,5,,,b'\x11\xe8\xe1I\xed\xf3\xd0`\x9a\xbe\x12\xdf\x17\xaeN\x1e'
11E8E149-EDF3-D060-9ABE-12DF17AE4E1E,2019-ncaa-d3-natl,ncaa,78,90,67,92,74,154,155,193,140,194,249,127,111,121,118,133,197,190,223,185,145,191,115,115,124,220,154,146,266,81,46,54,72,50,32,110,80,405,380,267,76,69,202,208,,,345,328,,,113,141,326,40,215,217,337,249,346,133,169,247,249,250,333,219,118,71,60,135,373,84,233,,279,,,118,134,129,279,54,115,239,55,252,296,165,287,170,173,215,166,164,253,287,64,65,69,312,321,227,197,72,90,46,122,32,265,367,134,153,175,366,317,277,296,,,264,359,,,113,303,183,66,113,65,69,150,66,139,194,225,127,130,121,115,130,127,38,49,190,191,308,242,,367,,,b'\x11\xe8\xe1I\xed\xf3\xd0`\x9a\xbe\x12\xdf\x17\xaeN\x1e'
11E8E149-EDF3-D060-9ABE-12DF17AE4E1E,2020-ncaa-d3-conf-Empire 8,ncaa,1,1,1,1,1,1,1,3,1,2,2,1,2,4,1,5,2,2,3,2,5,2,2,1,1,1,4,4,3,2,1,2,1,2,1,1,1,7,6,3,2,2,2,2,,,8,6,,,1,2,6,5,1,1,5,2,4,4,4,3,3,3,5,4,2,2,2,1,6,5,2,,5,,,1,2,2,6,1,1,5,1,4,6,3,6,6,5,3,5,5,6,6,1,1,1,7,5,6,1,1,1,1,1,1,2,2,3,4,2,7,4,3,3,,,2,3,,,1,6,1,1,1,1,1,1,1,1,4,5,4,4,4,1,1,1,1,1,1,7,5,3,,2,,,b'\x11\xe8\xe1I\xed\xf3\xd0`\x9a\xbe\x12\xdf\x17\xaeN\x1e'
11E8E149-EDF3-D060-9ABE-12DF17AE4E1E,2020-ncaa-d3-natl,ncaa,48,63,26,64,50,63,73,89,98,91,101,138,81,149,34,224,62,82,103,92,183,77,76,75,67,77,170,175,188,69,46,36,9,37,9,52,80,283,189,99,164,192,212,243,,,370,349,,,56,82,297,275,101,126,227,164,221,127,226,114,150,171,219,234,106,72,71,87,189,247,252,,263,,,61,213,207,322,94,266,319,153,112,253,14,197,319,290,360,310,232,333,295,77,98,146,149,95,319,65,9,125,46,81,9,163,133,251,311,223,163,99,340,268,,,79,167,,,56,357,57,102,61,83,90,130,140,160,49,151,227,187,200,124,67,19,33,20,98,365,87,282,,180,,,b'\x11\xe8\xe1I\xed\xf3\xd0`\x9a\xbe\x12\xdf\x17\xaeN\x1e'
11E8E149-EDF3-D060-9ABE-12DF17AE4E1E,2021-ncaa-d3-conf-Empire 8,ncaa,2,2,3,3,3,1,1,3,1,1,2,1,3,4,1,5,1,1,3,1,3,3,3,1,1,1,4,5,2,1,2,2,2,2,2,2,4,4,2,3,3,2,2,3,,,7,6,,,1,3,2,1,1,1,1,1,3,2,3,2,2,2,1,2,2,2,1,2,4,2,3,,6,,,2,4,4,4,3,4,4,3,4,6,2,7,7,7,3,7,7,4,5,3,3,3,7,5,7,4,2,4,2,4,2,4,3,2,1,1,4,2,4,2,,,1,1,,,1,5,1,2,2,3,1,1,1,1,2,6,6,7,7,2,4,2,2,2,2,2,2,3,,1,,,b'\x11\xe8\xe1I\xed\xf3\xd0`\x9a\xbe\x12\xdf\x17\xaeN\x1e'
11E8E149-EDF3-D060-9ABE-12DF17AE4E1E,2021-ncaa-d3-natl,ncaa,25,58,61,44,70,48,40,57,23,35,50,32,47,75,32,162,95,102,87,99,238,58,65,24,28,21,201,138,250,29,11,56,79,46,17,45,164,186,79,52,59,66,60,50,,,171,64,,,12,80,175,110,28,17,48,22,55,69,129,173,197,191,60,86,21,63,23,46,93,80,90,,55,,,21,171,160,202,39,130,160,60,216,247,73,272,160,170,104,173,162,197,206,48,41,37,257,258,118,197,79,153,11,171,17,186,214,63,79,80,181,99,229,155,,,80,165,,,12,206,13,35,18,39,38,92,25,20,193,246,65,74,78,70,107,112,28,38,106,90,105,195,,136,,,b'\x11\xe8\xe1I\xed\xf3\xd0`\x9a\xbe\x12\xdf\x17\xaeN\x1e'
11E8E149-EDF3-D060-9ABE-12DF17AE4E1E,2022-ncaa-d3-conf-Empire 8,ncaa,1,1,1,1,1,1,1,1,1,2,3,2,2,5,1,5,2,4,3,4,5,1,1,1,1,1,6,5,5,1,1,1,1,1,1,1,3,4,2,1,2,2,1,1,,,2,3,,,1,3,5,5,1,2,2,2,3,2,5,4,4,4,2,3,1,1,1,1,4,2,1,,2,,,1,1,2,5,2,1,2,2,7,6,7,8,2,2,1,2,3,2,4,2,1,1,8,9,2,1,1,1,1,1,1,1,3,2,2,2,3,3,1,1,,,3,4,,,1,7,1,1,1,1,2,1,1,1,7,6,2,2,2,1,1,1,1,1,1,2,3,1,,6,,,b'\x11\xe8\xe1I\xed\xf3\xd0`\x9a\xbe\x12\xdf\x17\xaeN\x1e'
11E8E149-EDF3-D060-9ABE-12DF17AE4E1E,2022-ncaa-d3-natl,ncaa,7,15,6,15,9,15,24,16,121,51,40,164,30,45,36,146,13,15,140,16,137,14,11,92,88,79,93,100,196,4,6,5,24,2,4,20,70,339,112,68,37,73,25,24,,,292,132,,,13,22,303,232,60,87,104,160,198,61,112,93,110,112,87,125,10,31,8,47,145,116,50,,73,,,17,254,209,383,18,68,202,14,424,426,218,419,192,215,125,216,220,379,398,50,41,42,424,428,159,221,24,304,6,270,4,212,191,46,117,72,259,101,383,268,,,17,208,,,13,405,33,30,14,30,19,93,2,18,369,386,45,48,47,59,78,59,46,45,55,184,120,282,,163,,,b'\x11\xe8\xe1I\xed\xf3\xd0`\x9a\xbe\x12\xdf\x17\xaeN\x1e'
11E8E149-EDF3-D060-9ABE-12DF17AE4E1E,2023-ncaa-d3-conf-Empire 8,ncaa,1,1,1,1,1,1,1,1,1,1,1,1,1,3,1,5,2,2,1,2,4,1,1,1,1,1,6,4,7,1,1,3,1,1,1,1,3,2,2,1,1,1,3,4,,,6,5,,,1,1,4,4,1,1,1,1,2,2,4,2,2,2,1,1,1,6,1,1,2,1,5,,6,,,1,1,1,3,1,1,4,1,1,4,2,4,4,4,1,4,5,2,8,1,1,1,2,5,5,1,1,1,1,1,1,2,7,1,1,1,2,2,4,3,,,3,5,,,1,10,1,1,1,1,1,1,1,2,1,4,2,4,4,1,7,1,1,1,2,1,2,4,,3,,,b'\x11\xe8\xe1I\xed\xf3\xd0`\x9a\xbe\x12\xdf\x17\xaeN\x1e'
11E8E149-EDF3-D060-9ABE-12DF17AE4E1E,2023-ncaa-d3-natl,ncaa,7,9,13,9,19,9,9,21,9,9,32,17,38,82,9,230,32,60,22,58,236,19,26,6,6,5,245,191,318,24,12,92,92,36,24,4,101,194,55,8,12,7,122,141,,,331,218,,,4,29,231,120,8,10,68,17,89,58,162,71,155,154,62,129,56,297,144,3,76,16,178,,173,,,4,141,170,253,113,214,275,115,139,185,107,162,157,171,150,169,129,226,377,104,85,15,149,174,174,158,92,150,12,146,24,237,272,11,12,18,125,37,302,149,,,48,232,,,4,397,3,10,4,22,36,28,63,76,55,65,49,58,59,18,130,56,20,22,110,26,49,200,,184,,,b'\x11\xe8\xe1I\xed\xf3\xd0`\x9a\xbe\x12\xdf\x17\xaeN\x1e'
11E8E149-EDF3-D060-9ABE-12DF17AE4E1E,2024-ncaa-d3-conf-Empire 8,ncaa,1,1,2,1,3,1,1,2,2,2,1,2,2,3,2,5,1,1,1,1,3,1,2,2,2,1,6,8,4,1,1,2,2,1,2,1,3,1,1,1,2,1,3,3,,,2,1,,,1,2,2,9,1,2,1,2,2,3,3,1,1,1,1,1,1,2,1,2,1,1,3,,1,,,1,1,3,7,1,1,5,2,5,7,4,8,1,1,5,1,1,5,7,3,1,1,5,7,3,2,2,4,1,2,2,3,3,2,2,2,1,1,1,1,,,1,6,,,1,8,1,1,1,1,2,3,2,4,4,5,1,1,1,1,3,2,3,2,2,2,1,1,,2,,,b'\x11\xe8\xe1I\xed\xf3\xd0`\x9a\xbe\x12\xdf\x17\xaeN\x1e'
11E8E149-EDF3-D060-9ABE-12DF17AE4E1E,2024-ncaa-d3-natl,ncaa,20,30,17,31,36,22,25,35,64,33,56,59,72,80,101,210,21,42,15,37,152,32,47,59,46,28,203,222,176,34,56,18,92,20,46,24,87,139,29,18,27,29,34,65,,,196,78,,,11,54,267,404,38,52,105,72,150,133,163,54,126,116,92,200,75,63,58,40,36,39,70,,62,,,12,146,194,367,31,188,351,28,242,324,103,253,83,84,206,84,41,333,365,36,25,23,207,294,96,278,92,302,56,297,46,195,191,50,77,60,31,9,89,35,,,70,225,,,11,377,19,25,12,28,57,137,62,162,136,169,27,17,15,80,140,145,88,99,83,114,10,29,,231,,,b'\x11\xe8\xe1I\xed\xf3\xd0`\x9a\xbe\x12\xdf\x17\xaeN\x1e'
11E8E149-EDF3-D060-9ABE-12DF17AE4E1E,2025-ncaa-d3-conf-Empire 8,genius_ncaa,3,3,3,3,3,4,4,4,3,4,4,4,4,6,3,9,2,2,1,2,2,3,3,3,3,3,7,7,3,6,3,4,4,6,2,4,11,1,2,4,2,3,8,10,,,5,4,,6,4,3,4,9,3,4,6,4,4,5,6,2,2,2,2,5,6,6,8,5,1,3,10,,2,,6,4,5,7,9,6,10,11,5,1,3,2,2,5,2,9,2,1,9,10,4,3,4,1,1,6,2,4,2,3,1,2,2,1,5,5,2,4,2,3,4,,,3,4,,10,4,10,4,4,4,4,5,6,8,10,1,1,2,2,2,6,6,2,2,1,1,6,2,3,,3,,12,b'\x11\xe8\xe1I\xed\xf3\xd0`\x9a\xbe\x12\xdf\x17\xaeN\x1e'
11E8E149-EDF3-D060-9ABE-12DF17AE4E1E,2025-ncaa-d3-natl,genius_ncaa,68,75,55,80,96,65,96,116,87,114,157,104,89,125,82,181,24,57,3,55,100,105,149,83,49,34,121,186,81,178,132,134,217,162,131,135,276,45,24,60,176,213,293,350,,,135,83,,138,91,141,262,256,58,112,166,150,217,106,159,24,90,88,144,288,245,237,246,179,19,219,316,,61,,119,92,285,351,378,197,385,399,195,76,140,66,60,116,90,347,89,16,351,300,143,115,205,18,47,85,270,217,101,132,159,131,198,63,273,339,249,80,56,267,231,,,131,152,,392,91,291,33,203,78,173,262,287,329,367,47,78,69,43,42,238,163,202,36,79,134,342,52,226,,205,,398,b'\x11\xe8\xe1I\xed\xf3\xd0`\x9a\xbe\x12\xdf\x17\xaeN\x1e'
11E8E149-EDF3-D060-9ABE-12DF17AE4E1E,2026-ncaa-d3-natl,genius_ncaa,288,268,215,305,321,261,231,302,102,272,304,179,132,248,20,155,368,373,243,371,374,320,298,78,104,194,158,64,397,303,201,173,84,223,66,224,196,248,343,263,360,370,100,83,,,82,72,,104,190,293,238,399,236,185,310,227,291,89,223,389,400,400,356,303,281,41,130,181,307,373,69,,64,,111,193,130,149,202,85,191,174,223,82,278,5,330,109,108,208,107,102,186,130,55,39,146,71,110,140,117,84,100,201,97,66,84,47,371,395,284,327,385,151,217,,,384,411,,381,190,140,212,143,175,145,196,326,249,240,82,350,112,107,110,297,168,148,81,92,86,396,374,175,,414,,389,b'\x11\xe8\xe1I\xed\xf3\xd0`\x9a\xbe\x12\xdf\x17\xaeN\x1e'
11E8E149-EDF8-32D6-9ABE-12DF17AE4E1E,2018-ncaa-d3-conf-Great Northeast,ncaa,9,9,9,9,10,11,12,10,12,10,3,13,13,13,12,13,6,2,9,2,5,9,7,12,12,12,9,13,1,12,12,9,11,10,11,12,9,8,11,12,7,5,10,10,,,11,11,,,11,6,2,5,11,12,6,8,2,13,13,4,2,2,4,4,9,6,9,12,10,3,9,,12,,,11,8,9,7,9,8,7,9,8,7,8,7,10,11,6,11,11,9,9,9,10,8,9,6,11,10,11,13,12,12,11,11,13,5,4,8,11,10,10,8,,,6,6,,,11,7,13,9,11,10,10,10,10,9,9,10,11,12,12,12,13,12,13,13,11,4,11,11,,4,,,b'\x11\xe8\xe1I\xed\xf82\xd6\x9a\xbe\x12\xdf\x17\xaeN\x1e'
11E8E149-EDF8-32D6-9ABE-12DF17AE4E1E,2018-ncaa-d3-natl,ncaa,299,309,305,307,341,337,342,212,400,256,92,398,408,396,421,409,137,95,311,94,205,186,188,415,406,387,353,421,17,298,410,221,228,264,386,353,299,226,219,340,144,156,360,378,,,356,349,,,334,144,33,281,338,351,99,229,29,418,396,73,42,41,66,64,271,108,188,356,284,117,367,,409,,,332,193,183,169,213,219,195,253,150,204,101,196,291,342,57,349,356,207,296,202,192,132,205,145,314,239,228,429,410,403,386,365,426,93,86,204,238,230,237,141,,,225,282,,,334,300,395,139,326,270,262,290,282,281,200,254,353,390,394,335,396,298,436,415,374,44,280,283,,154,,,b'\x11\xe8\xe1I\xed\xf82\xd6\x9a\xbe\x12\xdf\x17\xaeN\x1e'
11E8E149-EDF8-32D6-9ABE-12DF17AE4E1E,2019-ncaa-d3-conf-Great Northeast,ncaa,13,13,9,13,10,13,11,11,10,6,3,11,13,13,10,12,13,13,12,13,13,11,10,12,12,13,12,13,11,5,5,13,12,11,12,11,8,12,13,13,7,6,4,3,,,5,6,,,13,11,5,6,13,9,8,4,3,13,13,13,13,13,8,5,4,12,9,11,13,4,3,,7,,,13,9,12,4,12,11,4,13,11,7,11,9,4,5,4,5,8,4,4,13,13,12,7,10,4,6,12,4,5,5,12,13,13,7,7,12,12,12,12,9,,,13,12,,,13,3,13,12,13,12,12,11,12,8,13,10,7,7,7,11,9,10,10,10,13,6,12,12,,13,,,b'\x11\xe8\xe1I\xed\xf82\xd6\x9a\xbe\x12\xdf\x17\xaeN\x1e'
11E8E149-EDF8-32D6-9ABE-12DF17AE4E1E,2019-ncaa-d3-natl,ncaa,403,421,215,407,276,365,334,237,395,252,94,411,400,402,350,405,361,311,402,315,401,260,186,412,414,416,399,379,284,129,210,299,414,243,364,335,275,391,378,391,125,149,131,145,,,203,143,,,397,204,134,274,398,371,193,261,53,409,401,379,330,337,232,119,113,315,217,361,395,112,122,,228,,,396,292,298,279,260,255,242,237,332,290,324,262,216,286,56,291,256,297,314,281,246,204,258,296,171,419,414,355,210,392,364,374,390,122,156,264,379,366,377,309,,,321,371,,,397,253,410,283,395,310,309,323,277,281,331,307,236,291,295,339,366,406,370,396,370,109,377,388,,333,,,b'\x11\xe8\xe1I\xed\xf82\xd6\x9a\xbe\x12\xdf\x17\xaeN\x1e'
11E8E149-EDF8-32D6-9ABE-12DF17AE4E1E,2020-ncaa-d3-conf-Great Northeast,ncaa,9,8,9,9,11,12,11,12,10,11,10,10,10,10,11,8,12,11,12,10,10,12,10,11,12,11,8,7,6,5,4,12,10,10,9,12,8,8,10,11,9,8,10,10,,,6,12,,,11,12,7,6,11,10,8,10,5,10,9,12,10,10,9,4,4,12,10,12,11,7,10,,11,,,11,4,6,1,11,8,2,12,1,3,4,4,11,11,5,11,11,1,1,11,11,11,3,2,10,4,10,2,4,2,9,11,12,8,5,10,11,11,10,10,,,11,10,,,11,1,11,11,11,9,9,5,11,7,5,6,12,12,12,7,7,8,7,7,11,6,11,10,,9,,,b'\x11\xe8\xe1I\xed\xf82\xd6\x9a\xbe\x12\xdf\x17\xaeN\x1e'
11E8E149-EDF8-32D6-9ABE-12DF17AE4E1E,2020-ncaa-d3-natl,ncaa,237,245,198,250,255,354,330,240,376,257,116,381,402,370,410,379,333,274,385,275,355,257,192,401,405,398,392,389,220,75,75,279,295,182,198,306,229,365,349,359,256,261,267,237,,,280,326,,,325,273,245,190,385,357,219,264,83,408,368,345,266,269,238,135,56,282,133,326,358,253,267,,312,,,324,117,120,122,184,135,82,304,151,289,24,340,198,254,74,238,337,123,179,181,173,128,235,213,264,248,295,233,75,248,198,284,380,131,92,194,347,342,340,277,,,212,213,,,325,165,379,148,324,150,154,147,161,78,174,312,219,260,258,157,221,267,241,265,285,105,353,348,,171,,,b'\x11\xe8\xe1I\xed\xf82\xd6\x9a\xbe\x12\xdf\x17\xaeN\x1e'
11E8E149-EDF8-32D6-9ABE-12DF17AE4E1E,2022-ncaa-d3-conf-Great Northeast,ncaa,5,5,1,5,6,5,5,4,5,2,1,6,12,12,9,13,8,7,8,7,12,5,4,6,8,7,13,13,8,2,3,3,5,2,5,3,4,7,7,5,3,3,2,5,,,9,7,,,4,5,6,8,6,5,5,2,1,12,13,10,10,10,6,5,3,3,3,3,6,4,5,,6,,,4,3,4,7,3,7,9,3,1,3,3,2,6,8,5,8,7,8,8,3,3,3,3,2,11,6,5,9,3,8,5,6,9,3,2,3,9,7,13,8,,,6,8,,,4,8,6,2,5,2,2,3,5,6,1,1,6,8,8,4,6,5,8,6,4,4,7,12,,8,,,b'\x11\xe8\xe1I\xed\xf82\xd6\x9a\xbe\x12\xdf\x17\xaeN\x1e'
11E8E149-EDF8-32D6-9ABE-12DF17AE4E1E,2022-ncaa-d3-natl,ncaa,131,129,188,137,223,195,140,125,193,68,22,277,374,396,187,417,278,252,307,251,404,141,127,260,283,267,416,405,318,109,157,128,152,121,149,89,74,274,223,141,62,55,93,106,,,241,206,,,111,135,77,244,195,119,67,39,8,391,412,293,260,255,81,76,104,94,82,61,271,53,82,,249,,,106,68,79,175,57,164,290,53,28,60,30,28,164,274,11,270,222,189,275,36,30,12,70,30,283,215,152,279,157,251,149,190,309,41,32,54,279,222,336,179,,,236,324,,,111,290,257,14,114,50,77,147,151,291,20,34,158,263,265,162,298,196,272,249,163,33,271,346,,240,,,b'\x11\xe8\xe1I\xed\xf82\xd6\x9a\xbe\x12\xdf\x17\xaeN\x1e'
11E8E149-EDF8-32D6-9ABE-12DF17AE4E1E,2023-ncaa-d3-conf-Great Northeast,ncaa,4,4,5,4,5,4,4,4,3,2,1,5,12,13,9,13,3,6,3,5,12,4,5,4,4,5,13,13,5,5,6,5,6,4,5,3,6,5,4,3,8,8,9,9,,,7,6,,,4,6,10,1,4,3,5,1,1,12,13,4,4,4,5,6,5,5,4,3,4,8,10,,7,,,4,4,3,6,3,5,7,4,3,6,2,6,10,10,6,10,8,8,8,2,2,2,4,3,11,6,6,5,6,5,5,3,5,6,7,3,2,2,11,6,,,2,5,,,4,7,4,3,4,2,2,5,7,6,3,6,10,10,10,6,6,6,4,5,2,7,3,11,,4,,,b'\x11\xe8\xe1I\xed\xf82\xd6\x9a\xbe\x12\xdf\x17\xaeN\x1e'
11E8E149-EDF8-32D6-9ABE-12DF17AE4E1E,2023-ncaa-d3-natl,ncaa,132,131,109,138,108,105,55,76,77,13,6,151,412,416,373,426,109,142,86,137,404,77,72,184,173,160,427,427,194,134,153,81,222,96,163,49,98,229,139,76,105,151,262,326,,,277,168,,,66,68,138,2,98,41,60,5,4,422,424,113,158,152,55,75,142,64,83,39,208,120,290,,247,,,61,131,137,298,34,274,384,59,26,88,3,41,322,348,109,347,234,325,352,18,24,30,61,12,370,329,222,240,153,304,163,134,153,83,115,68,192,122,266,56,,,85,175,,,66,340,165,40,88,93,104,252,222,357,12,56,304,329,327,273,320,294,204,246,115,94,163,247,,81,,,b'\x11\xe8\xe1I\xed\xf82\xd6\x9a\xbe\x12\xdf\x17\xaeN\x1e'
11E8E149-EDF8-32D6-9ABE-12DF17AE4E1E,2024-ncaa-d3-conf-Great Northeast,ncaa,2,2,2,2,2,2,1,2,1,1,1,3,13,15,1,15,2,3,1,4,14,2,2,2,2,3,15,15,6,4,4,1,3,1,2,1,6,6,4,4,10,12,4,6,,,4,3,,,2,2,11,8,1,1,8,1,1,14,15,2,6,6,6,9,6,3,4,1,4,12,5,,3,,,3,13,14,15,5,15,15,5,5,9,2,4,3,3,6,3,1,15,14,5,3,7,1,2,3,12,3,5,4,6,2,10,5,11,12,10,7,5,14,6,,,4,8,,,2,13,2,6,2,3,8,11,9,15,2,5,2,3,3,7,4,6,2,3,7,12,4,14,,7,,,b'\x11\xe8\xe1I\xed\xf82\xd6\x9a\xbe\x12\xdf\x17\xaeN\x1e'
11E8E149-EDF8-32D6-9ABE-12DF17AE4E1E,2024-ncaa-d3-natl,ncaa,20,17,38,22,51,30,16,36,20,4,2,90,354,412,13,425,48,94,20,92,390,38,53,68,58,47,424,419,239,52,42,41,156,38,51,14,89,187,64,20,148,241,177,267,,,192,75,,,33,51,166,244,31,15,63,4,4,383,422,87,175,174,67,119,88,83,75,17,96,227,230,,88,,,34,273,340,400,130,362,414,133,117,169,87,70,95,105,146,95,22,376,366,101,73,81,28,73,71,321,156,154,42,225,51,293,200,97,195,196,129,49,300,54,,,58,191,,,33,368,36,95,44,122,209,292,279,360,57,77,40,38,33,215,229,220,33,77,204,191,71,224,,149,,,b'\x11\xe8\xe1I\xed\xf82\xd6\x9a\xbe\x12\xdf\x17\xaeN\x1e'
11E8E149-EDF8-32D6-9ABE-12DF17AE4E1E,2025-ncaa-d3-conf-Great Northeast,genius_ncaa,1,2,1,2,2,2,1,6,1,1,1,1,15,15,1,15,1,1,4,1,11,3,3,1,1,2,15,15,6,9,7,1,2,2,2,2,6,8,6,4,12,13,10,12,,,8,3,,7,2,2,11,7,3,2,11,1,1,15,15,1,4,4,9,13,11,2,5,2,6,13,12,,2,,6,2,10,11,13,4,11,15,4,5,9,2,5,4,5,6,5,2,10,12,4,2,3,2,4,4,6,2,8,7,8,2,2,1,5,8,3,11,8,11,6,,,1,4,,1,2,14,4,3,3,3,6,7,8,10,4,4,1,2,2,5,2,2,2,2,1,11,7,9,,4,,1,b'\x11\xe8\xe1I\xed\xf82\xd6\x9a\xbe\x12\xdf\x17\xaeN\x1e'
11E8E149-EDF8-32D6-9ABE-12DF17AE4E1E,2025-ncaa-d3-natl,genius_ncaa,68,118,16,105,34,20,12,52,8,2,2,36,394,410,117,417,11,18,95,20,264,41,47,40,30,41,414,417,119,189,235,25,136,65,121,17,127,251,119,49,204,333,369,404,,,276,114,,236,96,24,127,404,39,26,183,3,11,408,417,34,50,56,140,197,313,89,195,35,133,312,400,,131,,184,99,398,407,410,272,410,416,228,209,232,186,52,196,218,129,213,40,407,395,226,170,229,23,62,71,310,136,279,235,300,121,281,42,117,277,192,284,180,291,67,,,19,57,,15,96,400,62,202,98,250,318,314,359,374,97,84,86,99,94,279,264,175,85,108,152,255,178,209,,73,,24,b'\x11\xe8\xe1I\xed\xf82\xd6\x9a\xbe\x12\xdf\x17\xaeN\x1e'
11E8E149-EDF8-32D6-9ABE-12DF17AE4E1E,2026-ncaa-d3-natl,genius_ncaa,345,366,116,375,204,287,303,230,341,264,133,387,316,358,164,392,152,74,366,68,122,208,169,355,356,360,237,323,57,290,370,182,293,223,346,252,118,331,339,328,249,304,323,363,,,246,198,,197,365,147,149,385,361,370,352,320,135,351,395,164,74,66,315,209,334,216,297,305,324,284,348,,212,,177,353,295,318,273,338,354,312,338,142,180,117,69,233,306,43,311,239,281,271,302,261,279,39,59,144,299,293,321,370,322,346,296,165,200,264,273,356,364,311,282,,,66,25,,62,365,263,372,287,360,289,327,257,365,315,96,108,211,299,312,276,265,288,345,333,283,243,355,309,,32,,75,b'\x11\xe8\xe1I\xed\xf82\xd6\x9a\xbe\x12\xdf\x17\xaeN\x1e'
11E8E149-EDFC-AA46-9ABE-12DF17AE4E1E,2018-ncaa-d3-conf-Skyline,ncaa,5,5,5,5,5,4,6,5,4,8,10,5,2,2,2,2,4,4,3,4,1,5,5,4,4,4,2,2,5,9,7,3,7,6,6,6,2,5,6,6,8,8,3,3,,,6,6,,,6,3,6,1,4,6,7,8,10,2,2,2,4,4,7,5,9,3,6,5,6,8,3,,6,,,6,7,7,9,6,7,7,6,7,7,4,5,9,9,9,9,7,9,7,6,6,6,6,5,7,9,7,6,7,6,6,5,3,8,8,6,6,7,5,9,,,5,3,,,6,8,6,6,6,6,6,8,6,7,7,7,9,9,9,8,6,8,6,6,6,8,7,5,,5,,,b'\x11\xe8\xe1I\xed\xfc\xaaF\x9a\xbe\x12\xdf\x17\xaeN\x1e'
11E8E149-EDFC-AA46-9ABE-12DF17AE4E1E,2018-ncaa-d3-natl,ncaa,243,223,305,246,319,216,251,198,299,346,356,291,45,29,169,28,216,214,225,212,77,199,190,225,222,246,25,33,237,209,285,121,376,153,324,200,121,280,261,242,177,239,78,116,,,115,45,,,224,179,55,121,144,212,85,348,355,25,14,174,163,155,84,67,165,17,47,148,337,151,66,,158,,,224,220,246,374,75,258,367,101,215,315,64,223,190,250,64,254,148,373,336,64,56,98,164,194,184,428,376,310,285,408,324,217,180,201,278,224,391,372,221,338,,,280,338,,,224,265,257,193,231,298,315,420,321,399,247,355,236,297,315,424,422,427,375,417,280,158,393,260,,229,,,b'\x11\xe8\xe1I\xed\xfc\xaaF\x9a\xbe\x12\xdf\x17\xaeN\x1e'
11E8E149-EDFC-AA46-9ABE-12DF17AE4E1E,2019-ncaa-d3-conf-Skyline,ncaa,4,4,5,4,5,2,3,3,3,4,9,2,1,1,4,1,3,9,1,8,3,3,2,3,2,2,1,2,8,5,5,2,6,4,4,2,2,6,4,1,8,8,3,3,,,10,8,,,4,3,3,5,2,2,2,4,9,1,1,3,8,9,3,3,5,2,2,2,5,8,3,,9,,,4,6,5,9,4,6,9,4,6,5,7,2,10,10,4,10,10,9,9,4,4,5,8,5,10,9,6,5,5,6,4,4,2,7,8,4,6,5,1,4,,,4,5,,,4,9,3,5,4,6,5,8,5,7,6,5,10,10,10,9,8,8,5,5,4,8,6,2,,4,,,b'\x11\xe8\xe1I\xed\xfc\xaaF\x9a\xbe\x12\xdf\x17\xaeN\x1e'
11E8E149-EDFC-AA46-9ABE-12DF17AE4E1E,2019-ncaa-d3-natl,ncaa,137,134,129,145,165,54,59,24,208,145,180,128,17,7,192,28,208,255,75,255,290,38,44,142,156,123,64,38,380,34,85,17,387,16,214,56,132,230,72,70,242,367,63,149,,,352,140,,,122,60,36,186,30,28,12,158,207,12,5,224,280,288,13,22,31,4,7,45,202,273,60,,343,,,121,383,349,441,39,359,440,25,213,282,114,65,400,434,21,434,266,442,429,28,24,98,213,117,340,442,387,386,85,439,214,170,46,241,402,202,324,208,203,192,,,193,372,,,122,389,88,196,124,330,302,433,316,433,185,258,388,435,435,437,434,438,365,423,144,273,300,185,,224,,,b'\x11\xe8\xe1I\xed\xfc\xaaF\x9a\xbe\x12\xdf\x17\xaeN\x1e'
11E8E149-EDFC-AA46-9ABE-12DF17AE4E1E,2020-ncaa-d3-conf-Skyline,ncaa,4,4,1,4,1,1,2,2,4,5,6,3,2,1,7,2,1,3,1,3,2,2,1,4,3,4,4,4,5,3,4,1,3,1,3,1,1,11,8,5,8,9,1,1,,,9,7,,,5,1,2,4,3,3,4,7,10,3,1,1,5,5,5,3,4,1,1,2,9,9,1,,7,,,5,9,7,11,2,8,11,2,6,9,3,3,9,9,5,9,7,11,11,2,3,5,5,5,9,7,3,9,4,9,3,5,4,8,10,7,8,8,11,9,,,1,3,,,5,11,5,5,5,6,6,7,6,10,4,5,8,9,9,9,8,6,4,6,4,10,8,9,,1,,,b'\x11\xe8\xe1I\xed\xfc\xaaF\x9a\xbe\x12\xdf\x17\xaeN\x1e'
11E8E149-EDFC-AA46-9ABE-12DF17AE4E1E,2020-ncaa-d3-natl,ncaa,101,136,26,125,51,58,81,25,247,149,162,165,30,12,265,40,68,109,67,103,132,28,11,199,187,237,70,81,209,41,104,1,192,4,84,27,21,426,326,212,262,380,12,54,,,303,68,,,173,12,32,298,97,143,58,247,315,44,24,123,188,186,60,30,69,1,7,38,381,330,15,,171,,,181,417,410,437,47,398,436,48,346,403,100,167,293,364,45,366,99,437,432,39,28,102,170,236,152,429,192,410,104,427,84,357,195,213,385,323,404,285,406,384,,,54,286,,,173,426,224,146,184,276,302,424,295,424,264,330,202,267,270,424,409,377,280,345,256,316,345,368,,130,,,b'\x11\xe8\xe1I\xed\xfc\xaaF\x9a\xbe\x12\xdf\x17\xaeN\x1e'
11E8E149-EDFC-AA46-9ABE-12DF17AE4E1E,2022-ncaa-d3-conf-Skyline,ncaa,8,8,7,8,9,4,6,4,9,10,10,6,2,1,5,1,4,7,1,7,2,4,5,6,5,5,1,1,4,6,5,6,8,5,8,6,6,6,7,7,10,10,1,1,,,4,4,,,7,5,1,6,3,6,1,10,10,1,1,3,7,7,2,1,3,3,2,6,7,10,1,,4,,,7,11,11,11,9,11,11,8,8,6,11,4,8,8,2,8,6,11,9,8,8,10,3,3,5,11,8,6,5,8,8,11,8,11,11,11,9,7,7,8,,,8,9,,,7,6,6,9,7,11,11,11,10,11,9,6,8,9,9,11,11,11,7,9,11,11,10,7,,8,,,b'\x11\xe8\xe1I\xed\xfc\xaaF\x9a\xbe\x12\xdf\x17\xaeN\x1e'
11E8E149-EDFC-AA46-9ABE-12DF17AE4E1E,2022-ncaa-d3-natl,ncaa,328,365,188,345,245,107,143,44,335,247,239,264,38,11,259,19,103,231,4,230,201,47,47,267,242,217,22,30,194,56,189,64,367,56,290,147,197,284,150,210,298,394,56,158,,,117,19,,,308,49,10,399,59,127,7,283,266,20,11,88,233,233,10,9,44,15,9,142,277,326,43,,85,,,301,420,420,427,286,422,428,251,272,256,253,48,249,324,23,319,49,425,406,254,207,322,19,76,56,422,367,394,189,415,290,417,289,308,416,413,372,279,230,256,,,282,408,,,308,376,205,372,295,412,416,428,418,428,263,248,248,322,312,428,422,418,398,415,409,350,352,230,,323,,,b'\x11\xe8\xe1I\xed\xfc\xaaF\x9a\xbe\x12\xdf\x17\xaeN\x1e'
11E8E149-EDFC-AA46-9ABE-12DF17AE4E1E,2023-ncaa-d3-conf-Skyline,ncaa,5,5,5,5,6,5,5,4,7,7,6,6,2,2,5,2,6,7,4,7,6,5,5,6,6,6,1,1,8,5,6,1,6,2,6,6,6,4,4,6,8,9,1,1,,,4,3,,,6,3,2,8,5,6,2,8,9,2,2,6,8,8,3,3,5,1,2,6,5,9,1,,4,,,6,9,9,10,5,8,10,3,6,5,7,2,8,9,2,8,3,10,8,5,4,8,5,5,4,7,6,8,6,8,6,9,6,9,10,9,5,5,2,3,,,5,10,,,6,8,6,6,6,8,8,9,8,10,6,4,8,8,8,10,9,6,8,7,9,10,5,2,,8,,,b'\x11\xe8\xe1I\xed\xfc\xaaF\x9a\xbe\x12\xdf\x17\xaeN\x1e'
11E8E149-EDFC-AA46-9ABE-12DF17AE4E1E,2023-ncaa-d3-natl,ncaa,228,223,271,237,290,212,210,107,318,263,236,298,77,51,231,55,324,341,252,343,351,146,135,278,299,287,98,44,386,114,193,37,241,59,191,146,107,262,219,205,330,380,63,114,,,90,37,,,252,157,44,152,156,151,27,253,196,53,26,335,340,343,46,35,73,6,8,98,297,324,44,,112,,,256,265,303,390,96,316,401,45,237,202,284,83,172,229,47,223,79,388,316,81,60,169,137,207,127,374,241,344,193,372,191,363,357,357,401,391,299,264,77,99,,,352,418,,,252,262,275,228,252,327,334,413,340,418,267,237,213,266,266,413,393,380,381,390,368,349,321,96,,366,,,b'\x11\xe8\xe1I\xed\xfc\xaaF\x9a\xbe\x12\xdf\x17\xaeN\x1e'
11E8E149-EDFC-AA46-9ABE-12DF17AE4E1E,2024-ncaa-d3-conf-Skyline,ncaa,9,9,7,9,8,6,7,4,9,8,7,9,3,2,4,2,9,9,5,9,7,4,5,7,7,5,1,1,11,9,11,8,8,9,11,7,10,1,1,5,5,6,10,10,,,7,5,,,8,3,1,3,5,5,1,8,6,1,1,9,9,9,1,3,9,6,9,7,3,4,10,,7,,,8,10,9,8,9,9,8,8,11,7,11,5,8,7,9,7,6,10,10,10,10,9,6,8,7,8,8,11,11,11,11,9,8,6,7,7,3,5,2,3,,,10,11,,,8,8,7,8,8,10,9,8,9,8,11,8,10,9,9,10,11,8,11,11,9,5,6,3,,10,,,b'\x11\xe8\xe1I\xed\xfc\xaaF\x9a\xbe\x12\xdf\x17\xaeN\x1e'
11E8E149-EDFC-AA46-9ABE-12DF17AE4E1E,2024-ncaa-d3-natl,ncaa,353,375,200,357,289,185,178,51,357,255,154,351,59,29,235,56,333,317,355,315,363,68,90,328,357,279,93,34,393,315,419,139,398,221,419,219,296,97,41,157,97,191,326,374,,,214,50,,,334,54,8,402,178,161,10,257,122,44,15,360,326,330,13,37,328,82,196,209,107,94,332,,233,,,334,394,394,413,231,366,395,208,377,370,286,224,291,285,258,280,133,413,402,229,221,231,206,260,140,418,398,425,419,426,419,404,356,82,208,301,167,108,89,57,,,354,415,,,334,374,322,297,328,392,383,410,374,400,380,381,311,298,297,412,421,412,426,425,390,61,174,83,,384,,,b'\x11\xe8\xe1I\xed\xfc\xaaF\x9a\xbe\x12\xdf\x17\xaeN\x1e'
11E8E149-EDFC-AA46-9ABE-12DF17AE4E1E,2025-ncaa-d3-conf-Skyline,genius_ncaa,7,7,11,7,11,7,7,7,5,8,9,7,3,4,4,3,7,8,8,7,3,7,7,5,7,6,3,2,7,8,8,8,7,7,8,8,9,4,7,7,8,8,7,7,,,7,7,,2,7,8,1,8,6,7,6,8,7,2,2,5,6,5,6,4,7,4,6,8,7,8,5,,10,,2,7,8,7,7,7,6,4,8,9,9,9,9,5,7,4,7,7,5,6,8,8,8,8,9,4,7,7,8,8,7,8,9,9,6,6,8,8,8,9,8,,,7,7,,2,7,5,7,8,7,8,8,8,7,8,9,9,9,10,10,8,10,8,10,10,9,4,8,9,,7,,2,b'\x11\xe8\xe1I\xed\xfc\xaaF\x9a\xbe\x12\xdf\x17\xaeN\x1e'
11E8E149-EDFC-AA46-9ABE-12DF17AE4E1E,2025-ncaa-d3-natl,genius_ncaa,274,242,345,271,357,293,308,255,344,346,316,341,116,99,197,60,287,288,237,278,170,269,230,296,305,306,40,37,233,282,350,194,337,239,354,262,137,280,296,292,171,200,263,268,,,189,150,,73,265,217,32,258,211,245,84,323,256,63,39,228,219,203,91,50,211,38,91,197,339,102,229,,304,,93,267,142,148,227,100,118,159,130,262,316,138,320,136,181,49,180,218,219,273,125,84,75,274,314,157,365,337,354,350,372,354,353,405,92,98,227,351,350,213,301,,,335,356,,78,265,218,320,128,259,294,285,374,238,312,326,368,210,275,278,377,397,383,396,396,368,39,370,293,,264,,49,b'\x11\xe8\xe1I\xed\xfc\xaaF\x9a\xbe\x12\xdf\x17\xaeN\x1e'
11E8E149-EDFC-AA46-9ABE-12DF17AE4E1E,2026-ncaa-d3-conf-Skyline,genius_ncaa,8,8,1,8,2,1,1,2,6,4,2,6,1,1,4,1,8,7,6,7,10,2,3,6,7,5,3,1,10,3,7,1,6,3,7,2,6,7,3,5,6,10,6,10,,,10,7,,9,9,2,4,2,6,5,3,7,6,1,1,10,11,11,3,7,5,6,5,5,3,10,8,,6,,7,9,11,11,11,9,11,10,7,10,9,7,5,11,11,7,10,8,11,10,8,9,9,7,5,8,10,6,10,7,10,7,9,5,7,10,9,8,5,8,7,,,5,11,,4,9,10,5,9,9,10,9,8,10,8,7,7,11,10,9,9,7,7,7,7,8,10,5,6,,11,,5,b'\x11\xe8\xe1I\xed\xfc\xaaF\x9a\xbe\x12\xdf\x17\xaeN\x1e'
11E8E149-EDFC-AA46-9ABE-12DF17AE4E1E,2026-ncaa-d3-natl,genius_ncaa,54,200,8,151,21,7,7,4,222,32,14,269,4,4,68,92,115,154,99,146,375,5,7,173,199,187,112,41,377,14,98,24,202,12,172,17,212,372,166,167,17,62,249,358,,,405,287,,324,61,7,40,113,58,65,18,153,85,17,39,288,337,331,29,34,47,151,67,81,248,43,341,,340,,248,96,368,367,381,218,378,401,151,237,199,281,22,390,411,10,411,330,392,400,182,155,88,123,80,295,368,202,400,98,389,172,357,237,12,57,83,353,162,290,142,,,138,406,,169,61,406,164,89,106,193,187,167,243,300,76,24,286,382,379,217,327,227,317,289,220,33,221,172,,376,,254,b'\x11\xe8\xe1I\xed\xfc\xaaF\x9a\xbe\x12\xdf\x17\xaeN\x1e'
11E8E149-EE01-3A48-9ABE-12DF17AE4E1E,2018-ncaa-d3-conf-Skyline,ncaa,8,8,7,8,9,7,7,6,7,7,6,7,4,3,5,3,9,9,1,9,9,8,7,6,7,8,3,3,9,5,4,7,6,7,5,7,7,7,8,8,9,9,6,7,,,2,2,,,8,6,4,6,6,7,3,6,5,3,3,9,9,9,5,3,4,5,3,7,7,9,6,,4,,,8,8,9,8,8,9,9,8,2,1,8,1,4,4,5,4,3,8,4,8,8,8,1,1,2,6,6,5,4,5,5,9,6,9,9,9,8,8,2,2,,,8,9,,,8,4,8,8,8,8,9,9,9,9,4,1,4,4,4,9,8,6,5,5,9,9,8,2,,7,,,b'\x11\xe8\xe1I\xee\x01:H\x9a\xbe\x12\xdf\x17\xaeN\x1e'
11E8E149-EE01-3A48-9ABE-12DF17AE4E1E,2018-ncaa-d3-natl,ncaa,280,309,197,292,264,198,185,73,332,241,165,333,67,43,208,69,358,397,139,402,424,118,78,294,316,334,133,57,423,53,90,135,373,78,244,162,179,403,343,299,296,374,208,322,,,140,39,,,331,101,36,303,189,147,27,253,147,56,34,377,410,418,56,26,41,66,28,139,401,300,198,,138,,,325,406,428,430,316,435,442,258,107,91,251,17,150,235,20,217,35,426,378,265,193,277,8,35,60,425,373,329,90,406,244,416,259,239,376,389,420,378,167,139,,,351,436,,,331,345,306,328,321,398,418,432,431,442,115,89,151,238,226,431,420,412,348,395,403,252,416,173,,378,,,b'\x11\xe8\xe1I\xee\x01:H\x9a\xbe\x12\xdf\x17\xaeN\x1e'
11E8E149-EE01-3A48-9ABE-12DF17AE4E1E,2019-ncaa-d3-conf-Skyline,ncaa,8,8,7,8,8,9,9,9,8,10,8,8,7,6,8,5,8,7,6,8,4,9,10,8,8,8,4,4,3,9,8,10,9,9,9,8,7,5,6,7,10,10,10,10,,,2,3,,,9,10,7,6,9,9,9,10,6,6,5,7,4,5,9,8,8,9,9,8,6,10,10,,3,,,9,7,9,7,8,9,8,9,2,3,3,3,3,3,3,3,2,5,4,8,8,9,1,1,1,8,9,6,8,7,9,7,5,10,9,9,5,7,9,10,,,7,1,,,9,1,8,9,9,8,9,9,9,9,2,4,3,3,3,7,7,9,7,8,8,10,5,9,,3,,,b'\x11\xe8\xe1I\xee\x01:H\x9a\xbe\x12\xdf\x17\xaeN\x1e'
11E8E149-EE01-3A48-9ABE-12DF17AE4E1E,2019-ncaa-d3-natl,ncaa,390,412,215,398,290,367,349,227,408,318,149,414,356,316,389,320,353,298,417,301,360,251,234,413,415,414,322,300,263,202,302,310,436,282,416,396,408,276,293,398,391,422,430,439,,,51,13,,,420,246,157,349,401,387,183,340,121,369,330,370,294,308,218,184,181,334,278,415,294,403,435,,34,,,417,386,431,423,358,437,434,369,122,183,83,80,34,65,5,64,12,400,346,303,200,287,3,47,12,437,436,376,302,427,416,407,187,299,388,396,319,324,397,362,,,279,289,,,420,241,407,389,412,384,423,428,429,435,131,197,28,70,68,415,404,434,394,424,398,303,327,403,,263,,,b'\x11\xe8\xe1I\xee\x01:H\x9a\xbe\x12\xdf\x17\xaeN\x1e'
11E8E149-EE01-3A48-9ABE-12DF17AE4E1E,2020-ncaa-d3-conf-Skyline,ncaa,8,8,7,8,10,8,9,9,6,8,10,6,4,4,5,5,4,4,3,4,1,9,11,6,5,5,2,5,3,10,9,8,8,9,9,8,8,1,4,6,9,8,11,11,,,2,4,,,8,11,7,10,6,9,9,8,9,4,4,2,3,3,9,11,10,7,9,8,2,8,11,,4,,,8,7,9,8,9,9,8,9,7,7,5,8,4,3,9,3,3,7,4,8,7,8,4,7,3,8,8,6,9,8,9,8,6,11,11,9,2,3,9,10,,,8,1,,,8,1,6,8,8,8,9,9,9,8,7,8,5,4,4,7,6,8,8,9,8,11,2,10,,6,,,b'\x11\xe8\xe1I\xee\x01:H\x9a\xbe\x12\xdf\x17\xaeN\x1e'
11E8E149-EE01-3A48-9ABE-12DF17AE4E1E,2020-ncaa-d3-natl,ncaa,285,306,198,299,321,227,255,175,318,315,277,330,99,80,174,93,204,191,238,189,158,181,225,278,278,241,60,66,214,252,337,155,376,196,352,272,294,103,97,220,324,371,412,425,,,100,46,,,307,211,137,421,220,264,122,333,281,80,62,194,190,188,122,181,233,93,158,278,114,332,423,,85,,,304,350,382,411,205,382,391,236,274,349,99,249,127,115,213,127,58,400,342,184,132,261,83,214,64,420,376,383,337,418,352,370,274,330,386,383,87,96,387,401,,,294,332,,,307,241,254,320,299,340,367,417,378,412,287,350,137,134,143,410,378,416,378,407,357,350,102,399,,309,,,b'\x11\xe8\xe1I\xee\x01:H\x9a\xbe\x12\xdf\x17\xaeN\x1e'
11E8E149-EE01-3A48-9ABE-12DF17AE4E1E,2022-ncaa-d3-conf-Skyline,ncaa,5,5,4,5,4,2,2,2,5,6,6,5,3,3,2,4,2,2,7,2,1,2,2,2,2,2,3,3,5,5,8,2,5,4,7,5,8,4,2,3,5,5,2,3,,,8,7,,,5,1,2,2,2,2,2,6,6,3,3,2,2,2,1,2,6,1,3,3,4,4,2,,9,,,5,8,7,10,5,8,10,5,6,8,3,5,10,10,9,10,9,10,11,5,5,5,7,6,10,10,5,10,8,11,7,6,7,5,8,6,2,2,11,11,,,3,6,,,5,11,2,5,5,7,6,10,6,8,6,9,10,10,10,10,9,8,9,7,6,7,2,11,,2,,,b'\x11\xe8\xe1I\xee\x01:H\x9a\xbe\x12\xdf\x17\xaeN\x1e'
11E8E149-EE01-3A48-9ABE-12DF17AE4E1E,2022-ncaa-d3-natl,ncaa,131,129,188,137,205,57,53,40,136,89,90,144,52,59,90,123,159,115,300,123,230,38,46,109,137,111,160,106,350,57,190,48,299,40,238,106,284,205,69,116,103,194,78,153,,,305,126,,,114,48,12,150,14,15,5,57,57,41,43,156,102,107,8,8,46,5,5,80,202,89,66,,322,,,111,350,342,411,82,370,416,83,192,278,73,99,336,355,140,362,167,414,403,59,62,106,140,110,263,412,299,393,190,410,238,310,184,145,302,235,143,56,388,315,,,216,384,,,114,386,96,154,119,331,330,414,349,416,176,275,342,356,362,420,419,395,397,404,296,140,147,391,,225,,,b'\x11\xe8\xe1I\xee\x01:H\x9a\xbe\x12\xdf\x17\xaeN\x1e'
11E8E149-EE01-3A48-9ABE-12DF17AE4E1E,2023-ncaa-d3-conf-Skyline,ncaa,4,4,1,4,2,4,4,3,5,4,5,5,3,3,7,3,3,3,3,3,5,3,3,5,5,4,2,3,7,8,10,2,5,5,7,3,2,3,3,3,3,5,10,10,,,9,5,,,4,1,1,4,4,4,4,5,8,3,3,3,4,4,4,5,10,2,6,3,3,3,10,,7,,,4,6,7,8,3,7,7,7,4,9,2,5,9,10,5,10,6,9,10,2,2,3,3,3,8,5,5,10,10,10,7,4,4,3,4,3,4,4,7,7,,,4,7,,,4,9,4,4,4,5,5,5,7,6,3,6,7,7,7,5,8,5,9,9,4,3,4,7,,6,,,b'\x11\xe8\xe1I\xee\x01:H\x9a\xbe\x12\xdf\x17\xaeN\x1e'
11E8E149-EE01-3A48-9ABE-12DF17AE4E1E,2023-ncaa-d3-natl,ncaa,152,131,185,153,214,180,201,103,305,231,193,284,103,71,249,93,205,227,153,225,217,116,135,280,276,243,112,102,225,299,398,70,259,160,356,90,27,165,119,98,117,171,387,405,,,277,166,,,177,94,43,164,161,179,57,243,199,92,57,193,226,225,60,92,324,16,126,73,173,112,398,,301,,,178,181,194,311,72,250,314,119,114,248,24,189,249,308,41,305,239,322,354,58,54,46,142,115,260,360,259,423,398,416,356,259,273,72,106,121,170,131,238,239,,,255,338,,,177,332,276,71,185,189,204,331,248,332,122,252,249,320,319,337,372,351,421,407,246,60,170,249,,272,,,b'\x11\xe8\xe1I\xee\x01:H\x9a\xbe\x12\xdf\x17\xaeN\x1e'
11E8E149-EE01-3A48-9ABE-12DF17AE4E1E,2024-ncaa-d3-conf-Skyline,ncaa,4,4,2,4,2,4,4,2,4,5,6,4,2,1,5,1,4,6,4,6,2,2,2,3,3,3,2,3,7,3,7,4,5,4,6,4,2,5,4,3,3,3,9,8,,,9,9,,,4,2,7,2,4,4,3,6,9,3,2,6,6,6,3,5,5,4,5,3,5,3,9,,8,,,4,4,4,4,6,3,2,5,8,10,5,9,10,11,5,11,11,4,9,6,6,5,11,11,9,3,5,10,7,7,6,5,9,3,3,4,4,4,7,7,,,4,5,,,4,10,3,5,4,5,4,2,2,1,7,6,9,10,10,5,5,4,9,5,5,2,4,6,,5,,,b'\x11\xe8\xe1I\xee\x01:H\x9a\xbe\x12\xdf\x17\xaeN\x1e'
11E8E149-EE01-3A48-9ABE-12DF17AE4E1E,2024-ncaa-d3-natl,ncaa,89,115,63,109,82,112,121,40,283,185,169,238,36,16,211,41,225,173,336,174,206,50,52,233,258,229,80,47,337,52,204,48,138,46,206,51,19,276,150,106,61,105,319,328,,,394,332,,,99,50,86,195,141,156,37,244,242,45,18,275,236,233,43,59,65,51,45,49,219,96,350,,361,,,103,160,107,252,40,114,191,74,186,316,42,268,362,402,36,401,400,292,367,45,52,28,347,217,392,274,138,416,204,402,206,231,358,28,32,50,209,100,221,205,,,81,248,,,99,379,222,28,109,87,58,115,63,106,137,251,319,379,379,170,307,218,396,348,174,31,141,185,,132,,,b'\x11\xe8\xe1I\xee\x01:H\x9a\xbe\x12\xdf\x17\xaeN\x1e'
11E8E149-EE01-3A48-9ABE-12DF17AE4E1E,2025-ncaa-d3-conf-Skyline,genius_ncaa,5,5,4,5,6,5,6,5,6,6,7,5,1,1,7,1,1,1,7,1,1,5,4,7,5,5,1,3,3,5,5,3,5,5,5,5,6,5,5,5,3,4,8,8,,,11,11,,7,5,2,2,6,4,5,4,6,9,1,1,1,1,1,3,3,5,2,4,5,5,3,8,,11,,7,5,4,3,4,3,3,6,2,6,5,7,6,11,11,6,11,11,6,10,3,4,3,11,6,11,5,5,9,5,9,5,4,8,3,4,4,6,6,6,7,,,2,1,,2,5,10,5,5,5,6,4,5,3,6,6,6,11,11,11,6,7,5,9,7,6,3,6,5,,1,,3,b'\x11\xe8\xe1I\xee\x01:H\x9a\xbe\x12\xdf\x17\xaeN\x1e'
11E8E149-EE01-3A48-9ABE-12DF17AE4E1E,2025-ncaa-d3-natl,genius_ncaa,102,94,116,106,155,161,184,70,324,261,246,262,55,12,298,20,196,159,311,170,126,79,66,286,299,274,48,38,258,64,195,58,155,46,204,87,25,299,198,172,49,53,272,290,,,328,262,,256,94,67,70,173,174,209,53,303,305,51,13,219,170,182,49,54,59,27,34,73,267,42,287,,335,,246,93,70,47,222,13,63,245,15,93,185,50,149,287,344,47,337,308,255,354,12,16,11,306,161,374,279,155,398,195,384,204,172,343,31,35,36,297,216,252,269,,,140,267,,49,94,352,265,11,95,55,39,175,52,196,84,153,272,328,324,201,326,251,379,345,153,30,265,231,,161,,54,b'\x11\xe8\xe1I\xee\x01:H\x9a\xbe\x12\xdf\x17\xaeN\x1e'
11E8E149-EE01-3A48-9ABE-12DF17AE4E1E,2026-ncaa-d3-conf-Skyline,genius_ncaa,4,6,1,6,1,6,6,3,10,9,4,10,3,2,7,2,2,1,11,1,1,3,2,9,9,9,1,2,3,1,2,3,2,2,3,3,1,11,8,6,1,2,6,8,,,5,3,,10,6,3,8,1,9,10,7,10,11,4,3,5,1,1,6,2,1,8,4,7,8,2,8,,3,,10,6,7,7,8,6,7,8,8,7,10,2,10,4,4,10,4,3,7,9,5,4,3,5,6,3,3,2,9,2,8,3,7,8,1,1,5,10,9,1,1,,,2,3,,10,6,9,9,2,6,2,2,2,4,1,4,8,3,3,3,2,3,2,6,5,5,2,9,1,,4,,11,b'\x11\xe8\xe1I\xee\x01:H\x9a\xbe\x12\xdf\x17\xaeN\x1e'
11E8E149-EE01-3A48-9ABE-12DF17AE4E1E,2026-ncaa-d3-natl,genius_ncaa,98,132,116,138,137,233,255,143,367,249,161,347,230,139,350,201,168,60,397,53,70,130,101,368,381,373,164,227,126,11,6,226,211,77,53,156,42,346,302,290,16,7,304,288,,,109,26,,306,89,165,208,92,326,321,136,305,188,267,154,184,51,43,97,54,5,292,34,199,340,12,328,,27,,291,98,67,79,145,16,101,148,59,75,167,25,258,78,83,158,84,73,132,240,15,14,4,135,164,158,201,211,225,6,211,53,170,376,19,4,11,346,311,134,104,,,129,255,,323,89,250,315,3,92,6,14,35,33,65,36,100,18,21,22,13,177,164,168,159,130,11,342,107,,146,,348,b'\x11\xe8\xe1I\xee\x01:H\x9a\xbe\x12\xdf\x17\xaeN\x1e'
11E8E149-EE05-A1C8-9ABE-12DF17AE4E1E,2018-ncaa-d3-conf-Great Northeast,ncaa,1,1,1,1,1,1,2,3,1,3,8,2,1,1,1,3,2,4,2,3,3,3,3,1,1,1,2,2,9,4,1,3,1,3,1,2,1,5,3,1,3,3,9,9,,,1,1,,,1,3,13,11,2,2,9,5,11,1,2,5,7,6,9,11,8,8,7,2,1,6,10,,1,,,1,1,1,4,1,1,2,1,7,10,1,12,2,2,3,2,6,4,8,1,1,1,11,12,5,2,1,2,1,1,1,3,8,2,2,2,4,4,5,5,,,2,1,,,1,9,1,1,1,1,1,1,1,1,3,8,1,1,1,1,1,1,1,1,1,3,3,3,,3,,,b'\x11\xe8\xe1I\xee\x05\xa1\xc8\x9a\xbe\x12\xdf\x17\xaeN\x1e'
11E8E149-EE05-A1C8-9ABE-12DF17AE4E1E,2018-ncaa-d3-natl,ncaa,5,3,8,4,12,8,15,49,14,75,173,12,5,14,9,56,28,46,45,43,43,45,59,7,6,7,44,40,265,140,135,15,35,44,33,6,37,191,64,14,160,226,328,325,,,158,57,,,4,39,362,228,29,48,242,181,387,10,52,81,156,144,220,337,298,112,201,19,46,280,379,,28,,,5,166,149,363,28,102,157,90,363,435,24,435,129,147,139,136,187,344,362,48,33,33,381,406,145,156,35,200,135,182,33,316,394,71,106,140,74,25,142,123,,,12,32,,,4,387,6,27,5,20,23,60,15,8,233,378,40,45,40,35,38,43,26,20,136,180,17,55,,82,,,b'\x11\xe8\xe1I\xee\x05\xa1\xc8\x9a\xbe\x12\xdf\x17\xaeN\x1e'
11E8E149-EE05-A1C8-9ABE-12DF17AE4E1E,2019-ncaa-d3-conf-Great Northeast,ncaa,1,1,1,1,2,2,2,3,2,3,7,1,1,1,1,1,3,4,5,5,4,3,3,1,1,1,1,1,12,3,2,5,4,3,2,2,1,1,1,1,4,4,9,11,,,4,1,,,1,3,12,13,2,3,4,5,13,1,1,5,5,5,5,8,3,13,5,2,1,7,13,,1,,,1,8,11,10,8,12,10,9,2,4,6,3,5,3,11,3,2,8,11,8,7,4,2,3,5,5,4,7,2,7,2,12,12,3,3,6,1,1,6,6,,,2,4,,,1,11,1,3,1,2,3,1,7,4,1,1,3,3,3,1,1,1,1,1,9,4,1,4,,5,,,b'\x11\xe8\xe1I\xee\x05\xa1\xc8\x9a\xbe\x12\xdf\x17\xaeN\x1e'
11E8E149-EE05-A1C8-9ABE-12DF17AE4E1E,2019-ncaa-d3-natl,ncaa,7,2,20,5,38,11,18,33,20,79,222,13,5,8,18,31,33,51,77,51,45,32,62,10,8,6,27,31,299,60,69,84,109,52,73,12,49,43,4,1,162,210,323,365,,,173,83,,,10,79,364,295,11,21,135,174,386,7,22,90,133,133,117,296,128,246,182,16,4,249,382,,52,,,12,312,343,341,247,353,341,257,228,264,162,188,198,198,214,206,143,344,349,225,203,180,111,162,148,217,109,240,69,227,73,335,263,104,147,198,35,6,234,241,,,33,68,,,10,364,4,161,10,98,144,74,183,135,106,114,98,98,102,59,52,82,59,53,194,215,6,139,,109,,,b'\x11\xe8\xe1I\xee\x05\xa1\xc8\x9a\xbe\x12\xdf\x17\xaeN\x1e'
11E8E149-EE05-A1C8-9ABE-12DF17AE4E1E,2020-ncaa-d3-conf-Great Northeast,ncaa,2,2,1,2,1,4,4,5,4,5,8,3,2,1,4,1,1,1,1,1,1,5,3,3,2,3,2,3,2,4,3,2,6,2,3,2,3,10,9,6,5,7,8,9,,,11,6,,,5,4,11,8,6,9,12,9,12,2,3,2,3,3,12,12,7,7,7,5,8,8,9,,3,,,6,10,9,12,4,7,10,4,9,9,5,9,10,9,10,10,6,12,11,4,4,4,8,8,8,11,6,3,3,7,3,7,7,5,8,7,9,8,7,9,,,1,1,,,5,11,4,5,5,3,4,3,5,5,6,8,5,3,5,3,2,5,1,1,5,9,6,7,,2,,,b'\x11\xe8\xe1I\xee\x05\xa1\xc8\x9a\xbe\x12\xdf\x17\xaeN\x1e'
11E8E149-EE05-A1C8-9ABE-12DF17AE4E1E,2020-ncaa-d3-natl,ncaa,101,111,65,109,89,188,209,243,174,273,343,139,81,85,126,69,163,210,95,208,104,246,203,127,110,170,71,80,215,211,161,74,256,128,146,113,28,313,328,190,355,379,249,263,,,235,202,,,160,208,375,161,246,279,381,344,405,108,123,215,285,285,380,361,274,114,195,137,257,394,281,,158,,,163,173,168,331,62,157,264,86,225,334,54,293,211,241,113,241,204,321,266,64,53,113,262,266,235,355,256,134,161,244,146,263,331,284,335,313,276,282,213,297,,,84,61,,,160,221,189,164,166,97,102,210,106,165,179,268,159,178,182,201,120,297,61,142,201,363,230,185,,144,,,b'\x11\xe8\xe1I\xee\x05\xa1\xc8\x9a\xbe\x12\xdf\x17\xaeN\x1e'
11E8E149-EE05-A1C8-9ABE-12DF17AE4E1E,2021-ncaa-d3-natl,ncaa,148,28,232,66,233,229,228,235,85,232,236,115,207,232,44,114,243,248,18,247,256,237,242,68,78,52,141,68,258,220,10,234,28,231,6,226,110,37,33,27,249,202,186,30,,,46,213,,,82,245,269,92,93,73,96,100,121,58,108,218,259,252,143,225,38,90,47,77,25,242,48,,119,,,45,40,36,44,29,32,38,40,50,58,65,249,59,49,275,49,207,44,41,34,55,96,271,220,254,37,28,39,10,35,6,38,110,249,227,146,39,62,27,18,,,250,268,,,82,42,23,82,39,33,21,47,11,15,124,205,177,114,119,47,8,35,11,10,29,265,44,17,,271,,,b'\x11\xe8\xe1I\xee\x05\xa1\xc8\x9a\xbe\x12\xdf\x17\xaeN\x1e'
11E8E149-EE05-A1C8-9ABE-12DF17AE4E1E,2022-ncaa-d3-conf-Great Northeast,ncaa,2,2,1,2,5,1,2,7,1,4,8,1,1,3,1,2,4,8,1,8,5,8,8,1,1,1,3,2,10,8,6,6,2,6,3,2,2,3,3,1,7,7,7,7,,,3,1,,,2,8,12,5,1,2,8,4,11,1,3,4,11,11,9,11,10,8,9,2,2,8,8,,1,,,2,5,6,6,5,8,5,7,3,7,2,9,3,4,4,4,3,4,6,5,4,4,2,3,4,2,2,3,6,2,3,1,1,7,7,4,2,3,4,4,,,10,9,,,2,6,1,4,2,3,4,2,7,4,2,5,1,2,2,2,2,1,1,1,1,8,2,4,,12,,,b'\x11\xe8\xe1I\xee\x05\xa1\xc8\x9a\xbe\x12\xdf\x17\xaeN\x1e'
11E8E149-EE05-A1C8-9ABE-12DF17AE4E1E,2022-ncaa-d3-natl,ncaa,28,39,32,37,32,14,24,70,11,72,185,17,17,48,3,86,18,68,18,62,94,69,75,6,5,5,65,56,241,226,226,54,67,88,71,12,30,213,105,14,149,211,162,222,,,97,27,,,12,46,276,18,16,32,205,128,333,24,76,72,144,139,190,274,334,105,221,15,98,229,222,,17,,,12,246,309,372,119,337,368,158,167,306,26,208,102,187,10,181,76,355,349,92,58,85,58,145,68,204,67,190,226,178,71,226,108,151,244,162,224,148,212,193,,,131,265,,,12,372,10,74,12,80,140,195,197,230,68,183,30,72,69,159,129,90,35,48,109,259,137,138,,293,,,b'\x11\xe8\xe1I\xee\x05\xa1\xc8\x9a\xbe\x12\xdf\x17\xaeN\x1e'
11E8E149-EE05-A1C8-9ABE-12DF17AE4E1E,2023-ncaa-d3-conf-Great Northeast,ncaa,1,1,1,1,3,2,3,7,1,5,10,1,1,2,1,3,1,3,1,3,2,6,9,1,1,1,3,3,9,6,2,6,2,6,2,1,1,2,2,1,7,3,8,7,,,7,8,,,1,8,13,8,2,4,9,6,11,1,2,1,7,7,9,12,7,9,9,1,2,7,8,,4,,,1,1,1,2,2,2,2,6,2,5,1,8,7,7,7,7,9,2,3,3,3,1,6,4,10,2,2,1,2,1,2,1,2,7,4,1,3,3,10,10,,,4,4,,,1,6,1,1,1,1,1,1,1,2,2,3,5,5,5,1,1,1,1,1,1,8,2,8,,9,,,b'\x11\xe8\xe1I\xee\x05\xa1\xc8\x9a\xbe\x12\xdf\x17\xaeN\x1e'
11E8E149-EE05-A1C8-9ABE-12DF17AE4E1E,2023-ncaa-d3-natl,ncaa,26,43,13,41,25,17,27,62,19,81,171,29,10,34,6,82,44,100,11,98,124,67,66,8,5,8,50,37,280,128,80,89,19,104,23,6,10,185,88,10,70,80,249,278,,,246,173,,,9,61,322,262,32,60,226,174,348,19,81,112,242,238,234,329,234,296,278,7,69,130,313,,80,,,11,181,194,262,130,229,258,156,156,220,84,200,229,257,115,248,213,257,318,114,102,77,172,164,233,45,19,106,80,63,23,151,126,72,83,72,222,138,329,302,,,112,217,,,9,371,10,44,7,36,47,32,76,68,63,88,98,114,116,30,36,7,8,3,60,162,118,226,,292,,,b'\x11\xe8\xe1I\xee\x05\xa1\xc8\x9a\xbe\x12\xdf\x17\xaeN\x1e'
11E8E149-EE05-A1C8-9ABE-12DF17AE4E1E,2024-ncaa-d3-conf-Great Northeast,ncaa,1,1,1,1,1,1,2,1,3,3,5,1,2,3,2,6,3,4,2,2,5,1,3,1,1,1,4,5,9,6,6,2,1,2,1,2,4,4,3,2,6,7,3,5,,,7,4,,,1,1,15,7,3,5,10,7,11,3,6,7,7,7,10,15,10,6,8,3,2,10,6,,2,,,1,5,5,14,2,6,14,2,4,4,3,5,8,5,11,5,4,13,13,2,1,2,5,6,8,1,1,6,6,4,1,1,1,4,6,2,4,3,13,14,,,2,7,,,1,15,1,1,1,1,2,1,2,5,1,1,4,4,4,1,1,1,1,1,1,10,2,10,,13,,,b'\x11\xe8\xe1I\xee\x05\xa1\xc8\x9a\xbe\x12\xdf\x17\xaeN\x1e'
11E8E149-EE05-A1C8-9ABE-12DF17AE4E1E,2024-ncaa-d3-natl,ncaa,56,87,17,79,37,49,84,74,124,136,207,81,33,34,120,63,35,67,32,56,56,67,71,92,67,70,71,89,150,163,168,93,98,113,113,69,110,217,117,89,188,272,244,294,,,203,99,,,71,60,264,424,111,173,235,235,364,69,73,89,168,160,221,310,275,286,286,127,94,300,305,,65,,,85,281,285,363,107,274,346,121,279,338,150,247,246,221,306,209,131,355,351,109,111,125,232,249,187,170,98,220,168,194,113,215,142,111,194,144,214,127,238,248,,,38,80,,,71,371,82,101,76,92,110,127,115,144,158,182,118,96,94,102,95,61,41,39,105,245,101,149,,151,,,b'\x11\xe8\xe1I\xee\x05\xa1\xc8\x9a\xbe\x12\xdf\x17\xaeN\x1e'
11E8E149-EE05-A1C8-9ABE-12DF17AE4E1E,2025-ncaa-d3-conf-Great Northeast,genius_ncaa,1,2,1,2,1,4,4,4,4,7,11,6,2,2,2,2,4,4,2,4,5,4,5,4,2,4,1,2,9,4,3,4,1,3,1,1,1,5,4,3,10,8,5,6,,,7,7,,13,3,7,15,3,6,7,9,11,15,2,3,6,9,10,10,15,6,9,7,1,3,12,7,,1,,12,3,5,7,8,5,9,9,6,3,6,1,6,5,3,10,4,3,8,7,5,3,4,3,5,7,1,1,7,3,4,1,10,9,8,6,7,7,5,7,8,,,3,3,,4,3,10,3,1,1,1,2,1,4,4,1,2,2,1,1,1,1,1,1,1,5,12,3,7,,6,,5,b'\x11\xe8\xe1I\xee\x05\xa1\xc8\x9a\xbe\x12\xdf\x17\xaeN\x1e'
11E8E149-EE05-A1C8-9ABE-12DF17AE4E1E,2025-ncaa-d3-natl,genius_ncaa,44,56,36,57,47,51,78,99,69,175,252,77,10,27,33,37,72,139,19,140,96,105,86,38,32,51,25,28,235,95,62,87,29,90,21,33,22,265,188,71,183,214,304,325,,,220,175,,286,49,91,293,207,76,125,219,267,368,17,46,122,226,225,224,255,160,207,169,37,178,262,341,,118,,242,55,208,255,286,166,259,272,187,226,265,150,219,122,139,117,139,111,265,287,172,139,135,146,215,124,48,29,115,62,63,21,293,286,121,150,203,238,176,168,204,,,57,83,,227,49,337,44,86,49,72,111,95,128,125,132,149,56,71,75,74,71,20,24,16,195,217,160,103,,122,,267,b'\x11\xe8\xe1I\xee\x05\xa1\xc8\x9a\xbe\x12\xdf\x17\xaeN\x1e'
11E8E149-EE05-A1C8-9ABE-12DF17AE4E1E,2026-ncaa-d3-natl,genius_ncaa,98,268,8,194,21,82,123,20,365,221,98,383,11,3,194,34,78,60,290,63,137,25,30,329,326,296,19,14,204,10,68,82,240,24,187,105,166,326,159,231,139,266,283,354,,,360,222,,234,285,47,340,113,299,327,150,389,337,66,38,251,227,236,165,205,37,341,163,281,153,299,362,,155,,133,264,374,379,377,285,351,364,230,386,364,349,270,283,256,303,258,118,367,372,303,281,285,252,326,105,339,240,382,68,376,187,390,329,78,221,310,276,114,368,327,,,47,208,,291,285,371,247,277,264,208,224,159,183,155,300,215,107,74,76,126,93,166,242,213,304,272,122,281,,207,,348,b'\x11\xe8\xe1I\xee\x05\xa1\xc8\x9a\xbe\x12\xdf\x17\xaeN\x1e'
11E8E149-EE0A-D238-9ABE-12DF17AE4E1E,2018-ncaa-d3-conf-Liberty League,ncaa,4,4,5,4,6,6,6,6,4,6,7,4,7,8,7,9,9,8,10,8,8,6,7,5,6,6,10,9,9,3,1,2,1,1,1,4,1,6,7,4,8,8,6,6,,,4,5,,,4,8,8,9,6,6,8,5,5,7,8,9,8,8,8,7,3,2,1,3,6,8,6,,5,,,4,1,1,4,1,2,5,2,1,4,1,4,7,7,3,7,7,3,3,1,1,3,4,2,9,1,1,1,1,1,1,1,2,9,8,2,4,6,8,7,,,9,7,,,4,3,6,3,4,1,1,2,2,5,2,3,7,7,7,3,1,1,1,1,1,10,4,7,,8,,,b'\x11\xe8\xe1I\xee\n\xd28\x9a\xbe\x12\xdf\x17\xaeN\x1e'
11E8E149-EE0A-D238-9ABE-12DF17AE4E1E,2018-ncaa-d3-natl,ncaa,114,114,123,122,177,234,183,266,95,157,215,87,246,289,171,261,363,344,356,341,356,283,276,103,167,196,356,253,413,133,49,58,4,80,7,83,20,237,280,106,392,379,274,280,,,150,270,,,96,319,421,294,273,208,347,160,271,268,314,401,389,384,381,380,147,36,61,66,199,420,298,,101,,,91,29,38,117,27,70,186,29,48,105,30,139,95,127,75,127,146,98,76,18,16,56,153,127,264,25,4,49,49,32,7,12,17,369,325,98,63,77,244,240,,,348,349,,,96,123,178,35,73,12,22,58,46,141,35,74,77,100,103,47,15,15,20,12,4,406,52,229,,406,,,b'\x11\xe8\xe1I\xee\n\xd28\x9a\xbe\x12\xdf\x17\xaeN\x1e'
11E8E149-EE0A-D238-9ABE-12DF17AE4E1E,2019-ncaa-d3-conf-Liberty League,ncaa,8,8,7,8,10,8,7,9,7,8,8,7,8,8,4,7,8,8,8,7,5,9,9,7,6,7,6,7,4,4,2,7,3,5,3,7,2,8,9,7,9,9,8,8,,,1,2,,,8,10,8,9,8,7,8,8,6,8,8,8,7,7,8,6,3,5,4,5,9,9,7,,2,,,8,3,5,3,7,7,6,6,7,4,10,5,1,1,7,1,2,1,1,7,6,8,3,8,1,1,3,1,2,1,3,7,6,10,9,9,7,8,4,7,,,10,10,,,8,1,7,7,8,6,8,8,7,8,8,5,1,1,1,4,1,2,3,3,9,10,8,6,,10,,,b'\x11\xe8\xe1I\xee\n\xd28\x9a\xbe\x12\xdf\x17\xaeN\x1e'
11E8E149-EE0A-D238-9ABE-12DF17AE4E1E,2019-ncaa-d3-natl,ncaa,306,331,215,326,290,344,331,325,324,301,237,347,333,340,279,313,300,283,322,281,269,322,317,337,341,353,279,279,186,77,33,187,116,129,44,279,149,274,331,308,384,376,254,283,,,44,65,,,275,371,408,349,380,369,358,321,232,342,356,306,275,278,357,326,65,134,67,290,290,400,252,,27,,,273,91,209,222,193,217,279,147,213,154,333,185,10,15,34,15,8,126,77,192,112,216,64,307,14,122,116,59,33,64,44,198,174,406,410,387,159,210,191,225,,,346,329,,,275,75,305,211,271,114,243,270,243,307,223,165,7,6,6,151,40,131,62,74,210,424,167,197,,376,,,b'\x11\xe8\xe1I\xee\n\xd28\x9a\xbe\x12\xdf\x17\xaeN\x1e'
11E8E149-EE0A-D238-9ABE-12DF17AE4E1E,2020-ncaa-d3-conf-Liberty League,ncaa,3,3,1,3,2,4,4,6,3,6,7,3,1,3,1,5,5,3,10,3,2,6,5,1,2,3,2,1,8,8,8,1,2,5,5,3,1,10,8,4,8,8,3,7,,,4,2,,,3,2,4,4,5,6,9,7,9,1,4,6,3,3,7,6,9,1,5,3,9,8,3,,2,,,3,4,4,10,2,7,10,2,1,7,1,3,5,5,5,5,2,10,9,1,1,2,2,1,4,7,2,1,8,4,5,5,4,7,9,6,8,7,1,2,,,3,2,,,3,8,5,2,3,2,3,9,6,9,1,6,3,5,5,9,8,6,1,1,3,9,7,1,,3,,,b'\x11\xe8\xe1I\xee\n\xd28\x9a\xbe\x12\xdf\x17\xaeN\x1e'
11E8E149-EE0A-D238-9ABE-12DF17AE4E1E,2020-ncaa-d3-natl,ncaa,101,111,65,109,82,125,118,159,104,186,205,179,45,128,5,150,279,217,362,217,240,171,172,60,101,117,129,60,390,297,277,40,85,105,113,67,46,214,188,73,400,422,95,182,,,74,40,,,77,122,280,108,181,152,268,250,308,50,178,342,287,287,289,319,355,38,173,71,152,422,114,,25,,,76,96,183,403,19,291,425,30,37,183,5,91,68,75,149,76,16,384,309,12,7,32,20,52,106,231,85,192,277,206,113,167,162,354,395,308,85,71,54,46,,,187,202,,,77,313,152,38,77,44,116,332,203,393,15,116,34,39,39,270,151,168,99,116,123,400,52,31,,263,,,b'\x11\xe8\xe1I\xee\n\xd28\x9a\xbe\x12\xdf\x17\xaeN\x1e'
11E8E149-EE0A-D238-9ABE-12DF17AE4E1E,2021-ncaa-d3-conf-Liberty League,ncaa,2,4,1,3,1,2,2,2,2,2,2,2,2,2,3,2,1,1,1,1,3,2,2,2,2,2,3,3,3,2,2,1,4,2,3,2,4,4,3,3,2,4,1,1,,,4,1,,,4,2,1,3,4,4,4,4,4,3,3,3,3,3,4,4,4,2,4,4,3,4,1,,2,,,4,4,4,4,1,4,4,1,4,4,3,2,3,3,1,3,1,4,4,1,1,1,1,3,1,4,4,3,2,4,3,4,4,2,4,4,4,3,3,3,,,2,3,,,4,4,3,4,4,2,3,3,4,4,3,3,1,1,1,3,2,4,1,3,4,4,2,2,,4,,,b'\x11\xe8\xe1I\xee\n\xd28\x9a\xbe\x12\xdf\x17\xaeN\x1e'
11E8E149-EE0A-D238-9ABE-12DF17AE4E1E,2021-ncaa-d3-natl,ncaa,101,115,146,112,160,158,145,154,144,139,159,106,140,120,196,79,181,194,42,193,249,163,164,143,157,155,186,133,238,166,174,134,242,147,198,150,168,120,147,144,166,213,117,146,,,88,21,,,138,163,185,110,172,137,135,136,172,139,102,229,260,252,188,197,175,78,120,152,122,196,109,,29,,,139,119,136,163,69,162,173,90,112,138,53,116,71,81,10,81,13,143,135,56,32,60,25,103,16,218,242,131,174,156,198,162,205,173,230,223,122,148,75,35,,,189,255,,,138,124,159,112,136,99,175,251,194,258,85,162,10,20,22,225,185,259,139,223,202,208,129,30,,260,,,b'\x11\xe8\xe1I\xee\n\xd28\x9a\xbe\x12\xdf\x17\xaeN\x1e'
11E8E149-EE0A-D238-9ABE-12DF17AE4E1E,2022-ncaa-d3-conf-Liberty League,ncaa,2,3,1,3,1,1,2,1,3,2,3,2,2,2,4,2,7,4,9,4,5,1,1,3,4,3,4,3,10,1,2,1,2,1,2,2,6,8,7,3,8,9,4,5,,,10,7,,,3,1,3,3,4,2,2,4,7,2,2,8,7,6,3,2,2,1,1,4,7,9,4,,7,,,3,9,8,10,1,9,10,3,1,7,1,1,9,9,5,9,4,10,10,1,1,4,3,1,8,3,2,9,2,6,2,4,1,7,9,5,8,3,5,4,,,1,7,,,3,10,3,3,3,3,4,8,6,10,1,2,8,8,8,8,5,2,3,2,2,9,6,5,,5,,,b'\x11\xe8\xe1I\xee\n\xd28\x9a\xbe\x12\xdf\x17\xaeN\x1e'
11E8E149-EE0A-D238-9ABE-12DF17AE4E1E,2022-ncaa-d3-natl,ncaa,28,39,32,37,34,55,42,34,115,76,108,80,44,38,122,80,272,223,357,211,303,40,42,90,135,114,188,75,417,43,91,2,5,5,10,80,255,229,89,100,367,407,68,149,,,270,163,,,65,57,259,42,97,65,72,136,242,60,59,367,338,333,100,158,89,2,3,126,110,417,91,,131,,,72,279,290,409,35,342,422,35,96,208,23,58,312,317,244,314,94,408,346,19,28,120,89,43,280,127,5,350,91,282,10,42,5,365,418,208,143,52,300,234,,,164,337,,,65,380,91,89,76,99,122,314,201,376,35,83,214,210,205,304,123,52,196,116,7,420,61,218,,332,,,b'\x11\xe8\xe1I\xee\n\xd28\x9a\xbe\x12\xdf\x17\xaeN\x1e'
11E8E149-EE0A-D238-9ABE-12DF17AE4E1E,2023-ncaa-d3-conf-Liberty League,ncaa,5,5,6,5,6,4,3,5,4,7,8,3,2,2,3,1,9,8,5,8,8,6,7,2,4,4,3,1,10,7,5,8,8,7,5,3,5,5,7,2,6,7,6,6,,,6,5,,,4,6,4,1,3,3,2,5,8,1,1,8,8,8,3,3,5,6,6,3,6,6,6,,8,,,4,5,5,7,5,5,8,4,6,5,7,5,8,9,3,9,8,7,5,5,5,7,8,6,6,9,8,3,5,6,5,5,4,7,7,6,1,2,1,2,,,7,6,,,4,4,4,7,4,7,7,7,7,6,7,5,10,10,10,7,8,8,4,6,5,7,3,1,,5,,,b'\x11\xe8\xe1I\xee\n\xd28\x9a\xbe\x12\xdf\x17\xaeN\x1e'
11E8E149-EE0A-D238-9ABE-12DF17AE4E1E,2023-ncaa-d3-natl,ncaa,188,198,185,198,194,174,166,142,185,242,312,129,49,35,141,22,366,388,144,388,386,200,263,124,156,125,93,22,427,172,207,140,170,157,181,116,114,65,74,55,318,331,192,223,,,207,243,,,168,285,312,62,155,136,102,257,337,37,25,398,414,414,165,267,158,97,123,88,72,343,197,,223,,,167,170,170,213,141,190,254,108,185,161,247,137,236,249,158,258,222,216,163,140,139,218,220,203,253,218,170,242,207,228,181,123,101,344,357,265,43,54,122,186,,,289,299,,,168,153,118,239,165,181,186,240,198,262,189,160,237,251,264,236,163,216,263,244,135,369,44,117,,324,,,b'\x11\xe8\xe1I\xee\n\xd28\x9a\xbe\x12\xdf\x17\xaeN\x1e'
11E8E149-EE0A-D238-9ABE-12DF17AE4E1E,2024-ncaa-d3-conf-Liberty League,ncaa,5,4,5,5,5,6,6,4,9,7,7,9,1,1,5,1,6,7,2,7,8,4,5,7,9,6,2,1,8,6,5,6,3,6,4,2,2,3,3,1,8,8,7,7,,,4,8,,,5,4,3,3,4,4,1,7,7,1,1,7,9,8,2,4,6,6,6,3,4,9,7,,6,,,5,5,7,8,7,7,8,7,4,5,5,4,3,3,5,3,2,8,5,6,5,7,2,4,3,3,3,6,5,4,4,7,7,7,8,7,3,2,4,6,,,7,9,,,5,6,5,6,5,6,6,7,6,7,4,6,4,2,2,6,5,2,5,4,7,8,3,6,,8,,,b'\x11\xe8\xe1I\xee\n\xd28\x9a\xbe\x12\xdf\x17\xaeN\x1e'
11E8E149-EE0A-D238-9ABE-12DF17AE4E1E,2024-ncaa-d3-natl,ncaa,203,232,112,223,170,237,218,96,344,297,248,312,72,31,281,25,377,394,150,394,404,142,210,312,341,255,94,30,408,181,212,179,87,177,163,154,63,52,43,72,381,395,273,309,,,232,286,,,227,224,307,244,282,253,86,329,313,71,29,407,413,415,155,281,203,219,202,166,39,406,292,,199,,,227,181,238,283,144,285,308,176,124,179,66,169,125,98,335,102,70,245,144,131,115,259,75,120,123,99,87,276,212,186,163,180,123,382,395,353,105,110,265,291,,,365,402,,,227,171,257,213,235,143,194,246,247,274,99,159,98,73,77,190,70,72,225,147,158,412,96,242,,413,,,b'\x11\xe8\xe1I\xee\n\xd28\x9a\xbe\x12\xdf\x17\xaeN\x1e'
11E8E149-EE0A-D238-9ABE-12DF17AE4E1E,2025-ncaa-d3-conf-Liberty League,genius_ncaa,5,5,5,5,6,6,6,2,8,7,2,8,6,2,8,4,3,3,4,3,5,3,3,9,8,7,5,6,3,3,3,5,2,5,6,5,4,1,1,4,7,7,9,9,,,7,8,,10,6,3,1,5,5,6,1,7,1,6,3,3,3,3,1,1,2,5,5,5,1,7,9,,7,,10,6,5,6,6,7,8,10,5,1,1,2,1,1,1,5,3,1,5,6,4,3,5,1,1,4,1,2,7,3,4,6,7,7,6,6,7,1,1,10,9,,,4,6,,3,6,7,6,4,6,5,8,6,8,10,1,1,4,4,4,6,4,2,7,5,7,6,1,10,,4,,3,b'\x11\xe8\xe1I\xee\n\xd28\x9a\xbe\x12\xdf\x17\xaeN\x1e'
11E8E149-EE0A-D238-9ABE-12DF17AE4E1E,2025-ncaa-d3-natl,genius_ncaa,121,118,116,129,125,192,201,61,355,223,101,361,150,98,273,170,206,243,108,245,335,88,131,348,339,263,150,147,219,115,167,130,48,121,123,176,148,44,17,88,272,296,235,307,,,214,212,,169,159,145,200,63,227,234,43,261,101,165,108,231,278,283,55,146,122,151,126,192,31,308,248,,190,,159,160,115,234,308,120,340,393,120,17,40,13,18,54,65,174,66,15,260,217,55,43,89,7,14,84,63,48,311,167,202,123,253,245,277,311,290,15,14,416,404,,,238,309,,250,159,269,249,66,160,87,184,261,305,374,14,26,36,39,41,204,144,56,268,159,225,321,16,415,,283,,273,b'\x11\xe8\xe1I\xee\n\xd28\x9a\xbe\x12\xdf\x17\xaeN\x1e'
11E8E149-EE0A-D238-9ABE-12DF17AE4E1E,2026-ncaa-d3-conf-Liberty League,genius_ncaa,5,4,3,5,3,6,7,7,7,7,6,9,4,9,2,9,1,2,3,2,3,6,6,6,4,4,2,5,1,8,9,6,6,7,6,9,9,3,2,6,9,9,10,10,,,5,4,,5,8,6,1,1,5,6,6,6,5,3,9,1,1,1,4,5,8,4,6,8,3,9,10,,5,,6,8,7,9,8,10,9,9,9,1,1,6,1,2,4,1,4,2,8,8,9,9,9,1,2,2,5,6,8,9,8,6,6,2,9,9,8,5,5,4,3,,,5,5,,3,8,8,6,8,7,9,10,10,10,10,2,1,2,4,4,10,10,6,10,9,6,9,5,4,,3,,3,b'\x11\xe8\xe1I\xee\n\xd28\x9a\xbe\x12\xdf\x17\xaeN\x1e'
11E8E149-EE0A-D238-9ABE-12DF17AE4E1E,2026-ncaa-d3-natl,genius_ncaa,54,68,116,75,139,120,126,114,214,197,135,316,26,113,13,156,213,230,152,223,314,133,172,153,167,95,60,25,310,177,241,133,100,144,183,148,271,80,20,60,184,222,261,348,,,135,49,,104,137,172,174,113,114,125,73,242,139,20,114,248,278,277,99,225,213,135,167,181,23,216,295,,54,,90,148,234,315,289,304,383,376,310,17,59,10,8,98,148,14,169,28,268,254,206,136,203,1,3,35,155,100,282,241,243,183,175,26,256,309,221,83,46,276,248,,,257,347,,262,137,267,104,161,111,201,322,297,389,393,3,12,37,94,120,258,213,119,281,205,135,315,49,271,,346,,296,b'\x11\xe8\xe1I\xee\n\xd28\x9a\xbe\x12\xdf\x17\xaeN\x1e'
11E8E149-EE0F-3148-9ABE-12DF17AE4E1E,2018-ncaa-d3-conf-Michigan Intercol. Ath. Assn.,ncaa,7,7,5,7,5,7,5,6,8,5,5,8,8,7,7,8,8,8,7,8,8,6,3,8,8,9,8,7,7,3,3,6,7,4,6,6,2,9,8,7,3,3,8,9,,,7,7,,,6,4,1,3,7,5,4,5,2,8,6,8,8,8,5,1,2,4,2,6,9,3,8,,8,,,6,7,8,5,8,9,8,9,1,1,3,1,9,9,3,9,8,8,7,6,6,5,1,1,9,7,7,8,3,7,6,6,3,5,5,5,9,9,9,9,,,7,9,,,6,7,9,5,6,7,8,6,9,8,1,1,9,9,9,8,8,7,8,7,6,4,9,9,,7,,,b'\x11\xe8\xe1I\xee\x0f1H\x9a\xbe\x12\xdf\x17\xaeN\x1e'
11E8E149-EE0F-3148-9ABE-12DF17AE4E1E,2018-ncaa-d3-natl,ncaa,346,349,305,353,326,369,353,251,399,329,203,392,343,289,394,261,365,379,258,373,393,283,220,401,403,408,296,267,275,124,155,323,324,249,281,301,127,383,386,368,152,143,258,293,,,291,337,,,387,257,120,138,387,369,148,331,127,331,248,365,379,371,183,87,71,287,153,289,397,122,243,,373,,,383,244,252,135,351,369,283,364,24,41,67,33,349,363,180,358,329,179,200,299,315,282,49,13,350,263,324,264,155,260,281,217,171,167,165,205,398,399,432,426,,,339,379,,,387,194,400,285,381,320,322,238,387,346,36,58,397,399,400,303,337,321,344,338,280,128,409,439,,320,,,b'\x11\xe8\xe1I\xee\x0f1H\x9a\xbe\x12\xdf\x17\xaeN\x1e'
11E8E149-EE0F-3148-9ABE-12DF17AE4E1E,2019-ncaa-d3-conf-Michigan Intercol. Ath. Assn.,ncaa,5,5,1,5,3,6,6,7,7,7,6,7,3,6,3,5,4,4,1,4,3,6,3,7,6,6,3,5,1,4,5,7,6,7,7,5,1,8,8,5,4,4,7,8,,,3,3,,,7,3,8,3,7,7,9,7,8,5,6,4,4,4,9,8,6,8,8,6,7,5,7,,2,,,6,8,8,6,8,8,6,8,7,4,9,5,3,3,2,3,3,6,6,9,8,8,1,6,1,4,6,5,5,4,7,6,2,4,4,5,7,5,7,6,,,3,3,,,7,7,6,7,6,6,8,4,8,4,6,2,2,2,2,4,2,4,3,3,5,5,5,5,,3,,,b'\x11\xe8\xe1I\xee\x0f1H\x9a\xbe\x12\xdf\x17\xaeN\x1e'
11E8E149-EE0F-3148-9ABE-12DF17AE4E1E,2019-ncaa-d3-natl,ncaa,237,274,129,262,192,296,324,345,282,332,354,272,233,235,242,170,164,236,48,234,103,344,243,271,228,327,110,192,62,266,200,331,188,320,201,262,118,417,421,379,137,115,328,338,,,166,199,,,332,221,297,295,365,384,419,384,391,262,264,183,256,255,419,319,299,405,389,297,410,152,358,,134,,,323,249,356,152,419,338,165,413,297,205,386,278,50,62,53,59,79,110,162,418,393,324,84,276,30,79,188,110,200,95,201,227,85,131,107,153,392,394,373,411,,,127,77,,,332,204,339,280,335,213,306,97,294,121,270,174,34,45,47,57,81,64,75,63,196,146,375,371,,132,,,b'\x11\xe8\xe1I\xee\x0f1H\x9a\xbe\x12\xdf\x17\xaeN\x1e'
11E8E149-EE0F-3148-9ABE-12DF17AE4E1E,2020-ncaa-d3-conf-Michigan Intercol. Ath. Assn.,ncaa,5,5,5,5,5,6,6,5,7,7,7,6,7,5,7,5,4,5,3,5,4,5,5,7,6,7,4,5,3,5,4,5,7,5,6,7,7,8,7,8,5,6,9,9,,,1,2,,,6,5,4,3,6,7,5,7,6,7,6,5,5,5,6,4,3,5,6,7,7,6,9,,2,,,6,7,7,6,7,7,7,7,7,7,6,6,3,2,3,2,3,6,6,6,6,6,3,6,2,6,7,5,4,6,6,5,3,5,5,6,6,5,8,8,,,4,2,,,6,5,6,6,6,6,6,6,6,5,7,6,3,2,2,6,6,7,4,6,5,5,7,8,,3,,,b'\x11\xe8\xe1I\xee\x0f1H\x9a\xbe\x12\xdf\x17\xaeN\x1e'
11E8E149-EE0F-3148-9ABE-12DF17AE4E1E,2020-ncaa-d3-natl,ncaa,263,275,198,276,280,336,345,338,335,339,353,288,278,200,363,135,248,281,145,278,164,338,298,334,311,349,161,201,112,211,140,269,283,249,195,350,341,363,378,385,344,340,344,355,,,108,117,,,332,315,299,303,363,367,368,365,367,278,199,230,278,274,364,282,186,271,248,378,355,352,347,,92,,,331,191,263,202,292,278,198,309,225,230,210,275,73,61,266,67,77,160,124,288,246,282,107,257,69,241,283,93,140,140,195,142,71,279,263,229,370,379,399,425,,,157,72,,,332,116,336,295,335,225,283,240,282,223,245,252,76,59,65,197,150,257,104,164,158,276,364,405,,115,,,b'\x11\xe8\xe1I\xee\x0f1H\x9a\xbe\x12\xdf\x17\xaeN\x1e'
11E8E149-EE0F-3148-9ABE-12DF17AE4E1E,2022-ncaa-d3-conf-Michigan Intercol. Ath. Assn.,ncaa,6,6,5,6,7,6,7,6,8,7,6,8,3,3,3,3,6,4,7,4,4,6,5,8,8,7,2,2,3,4,5,7,7,5,6,7,7,5,6,7,5,5,6,6,,,3,3,,,7,7,2,6,6,7,4,7,4,3,3,5,4,4,5,3,2,7,4,7,6,5,6,,3,,,7,8,8,7,9,9,8,9,7,6,4,4,1,1,3,1,1,6,5,8,8,8,1,2,1,6,7,9,5,7,6,8,6,7,7,7,6,6,7,7,,,6,7,,,7,5,6,7,7,7,7,7,9,8,7,7,3,2,3,7,7,7,9,7,8,7,6,8,,4,,,b'\x11\xe8\xe1I\xee\x0f1H\x9a\xbe\x12\xdf\x17\xaeN\x1e'
11E8E149-EE0F-3148-9ABE-12DF17AE4E1E,2022-ncaa-d3-natl,ncaa,328,385,107,351,162,282,286,157,390,323,194,407,137,115,224,139,292,273,298,268,290,173,158,381,384,369,83,76,221,98,219,252,359,182,330,346,381,279,245,360,262,321,196,255,,,225,149,,,398,184,253,290,370,373,195,386,249,164,144,340,333,329,227,219,130,350,250,397,234,311,224,,165,,,388,409,416,363,407,416,356,417,321,317,248,229,158,156,195,160,73,345,309,398,386,401,38,166,36,364,359,380,219,385,330,393,173,277,361,388,314,275,373,362,,,223,283,,,398,272,353,398,388,375,391,341,398,324,280,271,118,116,121,319,240,328,354,341,349,343,274,363,,299,,,b'\x11\xe8\xe1I\xee\x0f1H\x9a\xbe\x12\xdf\x17\xaeN\x1e'
11E8E149-EE0F-3148-9ABE-12DF17AE4E1E,2023-ncaa-d3-conf-Michigan Intercol. Ath. Assn.,ncaa,7,7,7,7,9,6,7,5,7,6,5,7,5,4,6,4,6,7,5,7,6,5,4,7,7,6,5,4,3,4,4,9,9,5,9,7,6,6,5,7,9,9,5,7,,,1,1,,,7,5,1,4,6,6,4,6,3,4,4,5,5,5,2,2,4,7,4,7,6,9,5,,3,,,7,9,9,9,9,9,9,9,7,4,8,3,5,5,6,5,2,9,7,9,9,9,2,3,2,9,9,8,4,9,9,8,6,8,8,8,8,8,7,7,,,7,7,,,7,5,6,9,7,9,9,9,9,9,7,7,7,6,6,9,9,9,8,9,8,8,8,7,,4,,,b'\x11\xe8\xe1I\xee\x0f1H\x9a\xbe\x12\xdf\x17\xaeN\x1e'
11E8E149-EE0F-3148-9ABE-12DF17AE4E1E,2023-ncaa-d3-natl,ncaa,316,325,271,328,312,207,227,211,258,238,201,285,164,187,162,209,155,172,159,168,161,201,193,251,241,251,145,178,127,166,202,216,322,188,271,247,250,234,239,262,394,409,168,234,,,195,152,,,366,206,88,288,152,186,105,211,145,148,152,90,106,106,84,79,112,117,102,223,285,397,157,,262,,,362,419,416,381,408,409,379,384,370,275,411,183,249,252,184,248,139,374,259,409,399,423,119,238,75,341,322,247,202,315,271,383,189,392,419,416,372,362,343,326,,,170,147,,,366,219,234,421,361,418,413,403,409,400,379,321,288,295,296,409,350,358,320,353,385,407,373,366,,75,,,b'\x11\xe8\xe1I\xee\x0f1H\x9a\xbe\x12\xdf\x17\xaeN\x1e'
11E8E149-EE0F-3148-9ABE-12DF17AE4E1E,2024-ncaa-d3-conf-Michigan Intercol. Ath. Assn.,ncaa,8,8,7,8,7,6,8,5,9,9,7,9,4,4,4,2,6,4,7,4,4,6,6,8,8,7,1,1,3,5,6,8,9,7,9,9,9,6,6,8,8,9,5,5,,,5,4,,,8,6,2,3,6,7,2,9,5,3,3,3,3,3,2,1,4,7,5,9,6,7,4,,6,,,8,9,9,9,8,8,8,8,9,5,9,4,8,6,9,6,4,8,6,8,9,8,3,4,4,9,9,8,6,9,9,9,9,8,8,9,7,7,8,8,,,6,7,,,8,3,6,9,8,9,9,9,8,8,9,6,8,7,6,9,9,9,9,9,9,8,7,8,,4,,,b'\x11\xe8\xe1I\xee\x0f1H\x9a\xbe\x12\xdf\x17\xaeN\x1e'
11E8E149-EE0F-3148-9ABE-12DF17AE4E1E,2024-ncaa-d3-natl,ncaa,367,375,296,370,310,266,299,235,354,346,303,374,117,107,155,93,213,175,310,175,84,227,237,322,328,311,32,56,130,223,300,295,369,272,370,343,367,229,240,335,366,394,237,268,,,197,191,,,391,237,118,119,253,288,134,359,270,83,77,163,125,122,117,107,185,244,208,346,270,377,221,,276,,,386,407,404,338,391,386,321,388,377,310,378,226,359,337,339,310,246,350,237,396,402,421,208,225,180,367,369,357,300,375,370,400,315,392,418,415,368,361,414,422,,,250,268,,,391,174,308,422,389,416,406,392,400,378,395,360,392,378,365,401,344,381,397,395,402,399,375,420,,196,,,b'\x11\xe8\xe1I\xee\x0f1H\x9a\xbe\x12\xdf\x17\xaeN\x1e'
11E8E149-EE0F-3148-9ABE-12DF17AE4E1E,2025-ncaa-d3-conf-Michigan Intercol. Ath. Assn.,genius_ncaa,8,8,7,8,8,8,9,9,8,9,9,8,3,3,5,1,7,7,6,7,1,9,9,7,6,7,1,1,2,8,8,9,9,9,9,8,2,5,8,7,5,5,8,7,,,6,6,,7,9,9,4,3,8,9,8,9,9,2,1,5,4,4,8,7,7,9,9,8,6,4,7,,8,,7,9,7,7,6,8,6,3,9,7,8,4,9,5,6,3,6,6,4,5,8,8,6,5,6,5,8,9,6,8,8,9,8,8,5,5,8,6,9,8,9,,,7,2,,4,9,1,8,9,9,9,9,8,8,4,8,8,6,6,6,7,8,8,8,8,8,4,7,8,,3,,4,b'\x11\xe8\xe1I\xee\x0f1H\x9a\xbe\x12\xdf\x17\xaeN\x1e'
11E8E149-EE0F-3148-9ABE-12DF17AE4E1E,2025-ncaa-d3-natl,genius_ncaa,326,334,290,335,302,324,354,366,284,378,397,296,132,154,127,50,216,200,241,203,22,356,342,235,215,273,15,35,82,374,384,332,389,370,389,322,169,289,357,339,304,319,320,309,,,236,260,,328,354,313,222,116,319,365,398,390,409,97,118,154,145,151,380,317,389,312,391,320,314,282,314,,311,,348,353,340,352,240,362,311,105,403,358,379,179,390,159,183,99,187,261,233,179,367,358,363,209,311,94,384,389,214,384,321,389,349,282,287,312,356,341,372,349,412,,,172,40,,138,354,113,314,388,355,366,372,336,345,164,367,392,195,238,242,332,300,381,291,353,354,266,352,366,,98,,125,b'\x11\xe8\xe1I\xee\x0f1H\x9a\xbe\x12\xdf\x17\xaeN\x1e'
11E8E149-EE0F-3148-9ABE-12DF17AE4E1E,2026-ncaa-d3-conf-Michigan Intercol. Ath. Assn.,genius_ncaa,7,9,1,7,1,2,4,2,7,6,5,8,1,1,5,2,1,2,1,2,2,2,2,7,6,7,1,2,2,4,9,2,9,4,9,3,7,9,9,9,4,6,4,9,,,8,4,,6,8,2,4,2,7,8,9,8,8,1,2,2,5,5,9,6,9,9,9,9,8,6,8,,5,,5,8,9,9,9,8,9,9,9,9,9,7,4,8,8,2,8,2,9,9,8,8,8,1,3,2,9,9,9,9,9,9,8,2,3,9,8,9,7,6,5,,,2,3,,1,8,8,7,9,8,8,8,8,9,9,6,5,3,3,3,8,7,9,7,8,7,9,7,4,,5,,1,b'\x11\xe8\xe1I\xee\x0f1H\x9a\xbe\x12\xdf\x17\xaeN\x1e'
11E8E149-EE0F-3148-9ABE-12DF17AE4E1E,2026-ncaa-d3-natl,genius_ncaa,157,268,42,231,64,36,83,145,73,135,219,51,41,65,70,94,13,22,77,25,14,118,130,48,19,34,50,123,62,322,394,152,345,219,367,118,289,246,163,173,203,308,351,387,,,319,187,,45,303,86,232,113,99,189,357,246,381,78,125,28,46,50,306,349,396,332,386,232,115,298,385,,196,,39,286,403,403,372,395,394,327,405,403,388,340,336,292,319,156,324,231,373,350,402,397,402,198,314,69,372,345,328,394,354,367,387,190,200,344,367,280,235,354,369,,,16,7,,4,303,337,77,398,284,385,385,318,367,214,382,364,199,211,218,312,245,312,216,275,345,331,189,304,,23,,8,b'\x11\xe8\xe1I\xee\x0f1H\x9a\xbe\x12\xdf\x17\xaeN\x1e'
11E8E149-EE13-9C6A-9ABE-12DF17AE4E1E,2018-ncaa-d3-conf-C2C,ncaa,8,8,7,8,10,10,10,10,10,10,9,10,7,6,7,5,6,4,8,4,3,9,10,10,9,9,2,4,1,10,10,8,8,10,10,10,10,2,4,9,6,5,3,3,,,1,1,,,9,10,7,7,10,10,9,10,8,7,6,6,3,3,7,9,10,8,10,10,3,6,2,,1,,,9,4,5,3,7,6,4,8,6,2,8,4,4,4,5,4,7,4,1,7,7,6,3,6,3,5,8,10,10,10,10,5,4,7,5,6,4,6,6,8,,,4,1,,,9,1,10,6,9,5,6,4,7,6,8,5,7,7,8,5,4,7,10,10,6,6,6,6,,2,,,b'\x11\xe8\xe1I\xee\x13\x9cj\x9a\xbe\x12\xdf\x17\xaeN\x1e'
11E8E149-EE13-9C6A-9ABE-12DF17AE4E1E,2018-ncaa-d3-conf-CAC,ncaa,8,8,7,8,10,10,10,10,10,10,9,10,7,6,7,5,6,4,8,4,3,9,10,10,9,9,2,4,1,10,10,8,8,10,10,10,10,2,4,9,6,5,3,3,,,1,1,,,9,10,7,7,10,10,9,10,8,7,6,6,3,3,7,9,10,8,10,10,3,6,2,,1,,,9,4,5,3,7,6,4,8,6,2,8,4,4,4,5,4,7,4,1,7,7,6,3,6,3,5,8,10,10,10,10,5,4,7,5,6,4,6,6,8,,,4,1,,,9,1,10,6,9,5,6,4,7,6,8,5,7,7,8,5,4,7,10,10,6,6,6,6,,2,,,b'\x11\xe8\xe1I\xee\x13\x9cj\x9a\xbe\x12\xdf\x17\xaeN\x1e'
11E8E149-EE13-9C6A-9ABE-12DF17AE4E1E,2018-ncaa-d3-natl,ncaa,299,309,305,307,346,368,396,369,404,405,353,410,280,265,296,201,169,58,392,60,8,330,326,400,390,377,43,149,6,384,417,269,296,333,391,408,376,195,275,398,179,170,70,75,,,99,98,,,351,297,167,303,385,412,367,415,348,259,222,99,25,27,276,266,372,186,308,418,254,154,59,,128,,,348,144,145,146,204,199,242,164,117,99,278,87,237,261,123,260,258,158,157,190,188,202,171,143,282,283,296,378,417,346,391,120,124,237,228,185,326,355,147,247,,,74,6,,,351,145,389,226,351,230,234,254,270,315,170,130,285,324,324,280,285,332,411,386,179,197,345,184,,7,,,b'\x11\xe8\xe1I\xee\x13\x9cj\x9a\xbe\x12\xdf\x17\xaeN\x1e'
11E8E149-EE13-9C6A-9ABE-12DF17AE4E1E,2019-ncaa-d3-conf-C2C,ncaa,8,8,5,8,5,8,7,7,7,6,3,8,6,7,3,6,4,5,4,5,7,6,5,7,6,7,5,6,2,5,6,5,6,5,6,7,6,5,7,6,7,6,4,3,,,3,4,,,7,5,4,3,8,6,7,6,2,6,6,4,3,3,6,4,4,4,5,6,7,5,4,,6,,,7,6,4,4,6,3,3,6,6,6,7,7,5,6,5,5,6,5,5,6,6,7,5,6,5,4,6,5,6,5,6,5,5,4,6,7,8,8,8,8,,,4,3,,,7,4,7,7,7,7,6,6,6,4,8,6,6,7,6,6,6,6,6,6,7,3,8,8,,4,,,b'\x11\xe8\xe1I\xee\x13\x9cj\x9a\xbe\x12\xdf\x17\xaeN\x1e'
11E8E149-EE13-9C6A-9ABE-12DF17AE4E1E,2019-ncaa-d3-conf-CAC,ncaa,8,8,5,8,5,8,7,7,7,6,3,8,6,7,3,6,4,5,4,5,7,6,5,7,6,7,5,6,2,5,6,5,6,5,6,7,6,5,7,6,7,6,4,3,,,3,4,,,7,5,4,3,8,6,7,6,2,6,6,4,3,3,6,4,4,4,5,6,7,5,4,,6,,,7,6,4,4,6,3,3,6,6,6,7,7,5,6,5,5,6,5,5,6,6,7,5,6,5,4,6,5,6,5,6,5,5,4,6,7,8,8,8,8,,,4,3,,,7,4,7,7,7,7,6,6,6,4,8,6,6,7,6,6,6,6,6,6,7,3,8,8,,4,,,b'\x11\xe8\xe1I\xee\x13\x9cj\x9a\xbe\x12\xdf\x17\xaeN\x1e'
11E8E149-EE13-9C6A-9ABE-12DF17AE4E1E,2019-ncaa-d3-natl,ncaa,338,382,129,360,160,275,280,180,361,223,81,395,350,364,236,392,152,134,264,134,254,168,90,385,367,388,297,354,70,119,221,237,369,194,335,215,130,416,390,363,95,143,83,72,,,369,275,,,378,93,74,166,342,345,215,255,66,372,386,168,141,139,178,78,132,294,221,247,409,103,87,,364,,,368,381,291,271,258,220,185,262,378,354,308,313,419,421,272,417,415,339,382,295,333,215,387,301,376,391,369,379,221,393,335,359,369,50,69,143,436,424,441,415,,,95,172,,,378,360,379,243,360,328,257,237,195,147,348,330,409,413,408,293,387,364,351,365,319,35,431,440,,96,,,b'\x11\xe8\xe1I\xee\x13\x9cj\x9a\xbe\x12\xdf\x17\xaeN\x1e'
11E8E149-EE13-9C6A-9ABE-12DF17AE4E1E,2020-ncaa-d3-conf-C2C,ncaa,6,6,4,6,4,6,6,5,6,6,5,5,6,5,6,4,4,3,5,3,2,5,4,6,6,6,4,5,2,6,6,6,6,6,6,6,6,6,6,6,3,4,6,6,,,1,1,,,6,4,2,1,6,6,5,5,4,6,5,3,3,3,5,3,6,6,6,6,6,3,6,,1,,,6,6,6,5,6,6,5,6,6,6,6,5,3,2,6,2,1,5,4,6,6,6,2,6,1,6,6,4,6,6,6,6,6,3,4,6,6,6,4,4,,,2,3,,,6,3,6,6,6,6,6,6,6,6,6,6,4,3,3,6,6,6,6,6,6,3,6,5,,2,,,b'\x11\xe8\xe1I\xee\x13\x9cj\x9a\xbe\x12\xdf\x17\xaeN\x1e'
11E8E149-EE13-9C6A-9ABE-12DF17AE4E1E,2020-ncaa-d3-conf-CAC,ncaa,6,6,4,6,4,6,6,5,6,6,5,5,6,5,6,4,4,3,5,3,2,5,4,6,6,6,4,5,2,6,6,6,6,6,6,6,6,6,6,6,3,4,6,6,,,1,1,,,6,4,2,1,6,6,5,5,4,6,5,3,3,3,5,3,6,6,6,6,6,3,6,,1,,,6,6,6,5,6,6,5,6,6,6,6,5,3,2,6,2,1,5,4,6,6,6,2,6,1,6,6,4,6,6,6,6,6,3,4,6,6,6,4,4,,,2,3,,,6,3,6,6,6,6,6,6,6,6,6,6,4,3,3,6,6,6,6,6,6,3,6,5,,2,,,b'\x11\xe8\xe1I\xee\x13\x9cj\x9a\xbe\x12\xdf\x17\xaeN\x1e'
11E8E149-EE13-9C6A-9ABE-12DF17AE4E1E,2020-ncaa-d3-natl,ncaa,397,419,198,408,310,368,369,370,350,339,320,346,374,358,379,309,240,177,344,175,101,362,265,366,351,394,249,333,48,395,418,376,428,397,426,399,400,424,421,422,201,263,249,261,,,205,120,,,419,177,91,402,394,394,407,365,330,385,355,222,167,159,397,238,410,408,426,418,418,181,250,,244,,,413,417,407,305,405,392,259,399,359,299,374,258,300,290,312,291,249,308,353,398,405,364,198,260,161,422,428,338,418,400,426,419,385,87,123,318,429,424,205,266,,,108,55,,,419,264,408,398,410,403,395,336,385,302,356,322,313,305,306,341,388,417,353,394,406,71,422,228,,67,,,b'\x11\xe8\xe1I\xee\x13\x9cj\x9a\xbe\x12\xdf\x17\xaeN\x1e'
11E8E149-EE13-9C6A-9ABE-12DF17AE4E1E,2021-ncaa-d3-conf-C2C,ncaa,3,3,3,3,3,4,4,4,4,3,4,3,4,4,3,3,3,3,1,3,1,4,4,4,4,4,2,3,1,4,4,4,4,4,4,4,3,1,4,4,4,4,4,4,,,1,2,,,4,4,3,1,4,4,4,3,4,4,4,1,1,1,4,4,4,3,4,4,3,4,4,,3,,,4,1,2,1,4,2,2,4,1,1,1,2,1,1,1,1,2,1,1,4,4,3,1,1,1,2,4,2,4,2,4,1,1,3,3,3,3,4,2,3,,,4,3,,,4,1,4,4,4,3,4,3,4,4,2,3,2,3,3,3,3,4,4,4,3,3,4,2,,3,,,b'\x11\xe8\xe1I\xee\x13\x9cj\x9a\xbe\x12\xdf\x17\xaeN\x1e'
11E8E149-EE13-9C6A-9ABE-12DF17AE4E1E,2021-ncaa-d3-natl,ncaa,148,183,146,182,160,172,185,184,215,170,168,209,190,181,220,220,101,87,205,86,16,173,161,225,196,221,113,228,12,218,278,181,266,194,276,184,159,178,249,248,120,150,164,205,,,195,253,,,238,146,58,110,231,254,266,230,204,238,233,47,26,26,241,175,278,236,277,232,235,109,190,,269,,,224,136,139,135,176,176,162,164,85,91,85,18,178,202,39,200,206,139,150,134,135,104,49,24,214,216,266,170,278,184,276,141,115,97,69,79,178,235,59,21,,,126,33,,,238,140,246,151,222,176,178,175,230,237,39,40,233,262,258,214,247,256,248,259,157,38,224,16,,59,,,b'\x11\xe8\xe1I\xee\x13\x9cj\x9a\xbe\x12\xdf\x17\xaeN\x1e'
11E8E149-EE13-9C6A-9ABE-12DF17AE4E1E,2022-ncaa-d3-conf-United East,ncaa,3,5,1,5,3,6,6,2,7,4,2,7,5,6,6,6,3,2,7,2,3,2,3,7,7,6,5,6,1,2,5,4,6,2,6,6,8,2,2,5,5,5,1,3,,,6,6,,,5,3,8,6,7,7,3,5,2,6,6,3,2,2,3,6,2,7,5,6,2,5,3,,6,,,5,2,2,3,2,4,6,2,2,4,1,4,8,7,7,7,6,3,7,2,2,1,5,3,7,6,6,7,5,8,6,2,2,4,3,1,3,2,4,2,,,2,2,,,5,6,6,4,5,2,2,1,3,2,2,4,6,5,6,1,2,6,7,6,2,5,2,3,,2,,,b'\x11\xe8\xe1I\xee\x13\x9cj\x9a\xbe\x12\xdf\x17\xaeN\x1e'
11E8E149-EE13-9C6A-9ABE-12DF17AE4E1E,2022-ncaa-d3-natl,ncaa,168,210,107,194,162,256,232,139,353,177,54,380,348,338,346,379,242,124,403,127,284,130,148,378,382,356,356,361,167,88,210,246,383,171,346,267,300,187,140,267,97,112,123,125,,,226,156,,,217,172,275,290,348,317,154,220,52,376,371,272,142,146,150,195,113,344,234,318,146,113,136,,168,,,218,122,107,231,47,107,215,45,173,230,120,215,240,248,183,242,245,226,300,48,57,37,294,238,306,395,383,383,210,395,346,98,143,51,57,28,287,242,182,91,,,111,150,,,217,228,329,78,230,62,63,130,66,147,127,178,200,212,209,134,228,363,358,363,70,59,249,163,,147,,,b'\x11\xe8\xe1I\xee\x13\x9cj\x9a\xbe\x12\xdf\x17\xaeN\x1e'
11E8E149-EE13-9C6A-9ABE-12DF17AE4E1E,2023-ncaa-d3-conf-United East,ncaa,3,2,3,3,4,3,4,3,3,3,2,6,4,4,1,5,1,2,3,2,2,3,3,4,4,3,4,4,2,5,6,3,7,4,6,4,5,2,2,3,4,5,3,3,,,8,8,,,3,3,6,6,3,4,4,3,5,4,5,1,1,1,3,5,4,6,6,5,2,4,3,,8,,,3,5,3,4,4,4,5,5,3,3,3,3,8,8,5,8,8,6,6,3,6,4,7,3,8,6,7,7,6,7,6,1,1,3,2,2,3,3,1,1,,,2,1,,,3,7,3,4,3,5,3,2,5,3,3,3,8,8,8,5,4,6,5,6,1,2,3,1,,2,,,b'\x11\xe8\xe1I\xee\x13\x9cj\x9a\xbe\x12\xdf\x17\xaeN\x1e'
11E8E149-EE13-9C6A-9ABE-12DF17AE4E1E,2023-ncaa-d3-natl,ncaa,107,85,185,101,240,195,206,176,237,208,154,312,145,214,54,255,227,243,168,248,296,190,235,219,228,188,180,160,231,227,273,167,243,196,273,183,170,99,96,128,198,218,212,231,,,190,180,,,138,226,210,288,188,188,131,213,131,147,221,215,249,257,152,219,221,135,190,171,104,205,221,,199,,,135,92,99,180,67,110,217,58,139,161,149,157,167,232,40,231,219,181,212,66,57,61,218,215,235,280,243,304,273,311,273,34,24,140,144,32,125,133,16,5,,,261,277,,,138,193,194,78,137,92,108,197,117,224,144,160,169,229,231,201,231,270,310,307,35,126,131,8,,279,,,b'\x11\xe8\xe1I\xee\x13\x9cj\x9a\xbe\x12\xdf\x17\xaeN\x1e'
11E8E149-EE13-9C6A-9ABE-12DF17AE4E1E,2024-ncaa-d3-conf-United East,ncaa,11,9,12,12,12,12,11,14,9,13,15,7,3,4,4,2,16,16,15,16,12,14,15,6,10,8,5,2,17,8,7,14,8,12,7,11,8,4,8,8,15,13,7,3,,,7,15,,,11,15,14,2,9,9,7,12,14,2,2,16,15,16,8,9,6,10,7,7,8,13,3,,15,,,11,4,5,4,13,6,5,13,4,4,4,9,7,6,17,6,11,4,3,11,14,13,8,7,11,3,8,3,7,4,7,1,3,14,11,10,2,6,2,10,,,16,17,,,11,3,9,12,11,11,9,9,13,10,7,9,15,10,9,9,6,8,9,7,6,12,5,6,,17,,,b'\x11\xe8\xe1I\xee\x13\x9cj\x9a\xbe\x12\xdf\x17\xaeN\x1e'
11E8E149-EE13-9C6A-9ABE-12DF17AE4E1E,2024-ncaa-d3-natl,ncaa,184,185,200,189,229,203,189,124,278,244,238,237,91,62,236,61,325,295,361,289,283,139,133,245,280,266,122,67,371,105,126,262,321,183,256,167,142,266,222,208,199,240,226,277,,,268,234,,,221,157,117,133,208,188,64,236,237,76,41,354,312,304,86,79,71,274,148,155,269,189,226,,287,,,221,234,275,270,239,349,359,246,38,74,28,37,246,231,281,229,129,258,286,161,169,156,33,16,224,315,321,289,126,299,256,144,43,140,168,113,250,204,28,33,,,314,381,,,221,267,250,179,222,242,285,308,349,376,35,62,256,236,233,298,318,310,298,303,155,121,248,17,,338,,,b'\x11\xe8\xe1I\xee\x13\x9cj\x9a\xbe\x12\xdf\x17\xaeN\x1e'
11E8E149-EE13-9C6A-9ABE-12DF17AE4E1E,2025-ncaa-d3-conf-United East,genius_ncaa,1,1,1,1,2,3,3,4,3,3,5,3,3,3,2,5,5,3,16,3,5,4,4,2,4,3,7,3,14,3,6,5,3,5,3,3,7,8,4,5,1,2,3,3,,,16,15,,16,1,4,8,2,4,4,4,5,12,3,4,8,4,5,5,7,4,8,6,4,6,3,4,,15,,14,2,5,4,7,4,6,12,4,4,4,4,5,15,15,10,15,15,9,13,4,6,2,10,4,14,6,3,11,6,11,3,4,3,1,2,1,4,4,6,4,,,5,10,,3,1,15,2,2,1,3,2,2,3,3,4,4,9,10,11,3,8,4,7,5,3,2,4,4,,9,,4,b'\x11\xe8\xe1I\xee\x13\x9cj\x9a\xbe\x12\xdf\x17\xaeN\x1e'
11E8E149-EE13-9C6A-9ABE-12DF17AE4E1E,2025-ncaa-d3-natl,genius_ncaa,57,75,36,74,42,59,52,50,95,63,84,95,82,88,120,188,149,55,375,55,153,46,41,89,127,149,230,175,316,33,38,97,275,46,125,62,172,339,215,173,27,41,108,141,,,397,326,,336,77,51,149,194,89,73,106,105,169,116,145,229,116,120,102,96,49,228,102,85,250,37,132,,352,,315,82,267,274,318,161,329,368,175,72,118,69,51,308,360,54,364,267,342,383,124,114,55,72,41,274,350,275,286,38,328,125,236,169,27,43,46,272,159,152,82,,,109,287,,190,77,378,114,68,79,113,130,125,217,229,36,45,227,289,294,149,286,263,117,186,133,38,192,87,,228,,231,b'\x11\xe8\xe1I\xee\x13\x9cj\x9a\xbe\x12\xdf\x17\xaeN\x1e'
11E8E149-EE13-9C6A-9ABE-12DF17AE4E1E,2026-ncaa-d3-conf-United East,genius_ncaa,1,1,4,1,4,3,3,4,11,3,2,10,2,3,5,10,6,4,11,3,11,4,4,9,10,6,8,5,12,1,3,5,3,4,4,3,3,4,2,1,2,2,2,5,,,13,14,,11,1,6,7,1,4,4,1,4,2,3,3,9,7,7,2,2,2,9,2,3,2,1,5,,14,,12,3,6,7,7,5,7,7,5,2,3,1,3,7,8,4,8,8,7,7,5,5,2,4,1,11,6,3,10,3,7,4,6,6,1,2,2,3,1,10,8,,,7,12,,8,1,8,5,2,3,2,2,2,5,2,1,2,4,6,6,2,6,3,12,7,2,2,1,9,,10,,9,b'\x11\xe8\xe1I\xee\x13\x9cj\x9a\xbe\x12\xdf\x17\xaeN\x1e'
11E8E149-EE13-9C6A-9ABE-12DF17AE4E1E,2026-ncaa-d3-natl,genius_ncaa,157,68,327,116,337,326,316,272,315,311,228,354,248,297,133,293,341,305,361,302,316,289,310,308,327,276,219,160,292,98,38,388,208,335,188,252,105,60,76,107,49,3,334,222,,,210,408,,197,108,349,150,113,174,151,21,159,32,148,194,267,188,182,26,52,12,400,163,98,144,9,288,,400,,291,76,34,33,22,333,50,31,313,20,18,214,55,109,129,76,127,376,27,57,307,303,29,157,73,349,42,208,125,38,81,188,54,261,51,2,5,23,20,260,293,,,348,353,,123,108,70,213,21,82,45,40,2,93,29,29,9,225,290,289,4,177,81,326,215,109,4,44,377,,269,,71,b'\x11\xe8\xe1I\xee\x13\x9cj\x9a\xbe\x12\xdf\x17\xaeN\x1e'
11E8E149-EE18-0BCE-9ABE-12DF17AE4E1E,2018-ncaa-d3-conf-Midwest Conference,ncaa,5,1,10,2,10,10,10,10,1,10,10,1,10,10,8,9,10,10,6,10,7,10,10,3,3,4,10,10,6,10,2,10,2,10,2,10,9,1,5,7,10,2,10,7,,,1,2,,,3,10,9,4,5,4,7,1,4,9,10,5,6,6,6,7,4,6,4,8,4,2,6,,2,,,2,1,1,1,2,1,1,2,1,1,5,4,1,1,5,1,1,1,1,2,1,1,2,4,2,1,2,1,2,1,2,1,5,10,2,3,1,2,1,1,,,10,3,,,3,1,2,1,2,1,3,3,3,5,3,2,1,1,1,3,3,4,1,2,2,2,2,3,,4,,,b'\x11\xe8\xe1I\xee\x18\x0b\xce\x9a\xbe\x12\xdf\x17\xaeN\x1e'
11E8E149-EE18-0BCE-9ABE-12DF17AE4E1E,2018-ncaa-d3-conf-MWC,ncaa,5,1,10,2,10,10,10,10,1,10,10,1,10,10,8,9,10,10,6,10,7,10,10,3,3,4,10,10,6,10,2,10,2,10,2,10,9,1,5,7,10,2,10,7,,,1,2,,,3,10,9,4,5,4,7,1,4,9,10,5,6,6,6,7,4,6,4,8,4,2,6,,2,,,2,1,1,1,2,1,1,2,1,1,5,4,1,1,5,1,1,1,1,2,1,1,2,4,2,1,2,1,2,1,2,1,5,10,2,3,1,2,1,1,,,10,3,,,3,1,2,1,2,1,3,3,3,5,3,2,1,1,1,3,3,4,1,2,2,2,2,3,,4,,,b'\x11\xe8\xe1I\xee\x18\x0b\xce\x9a\xbe\x12\xdf\x17\xaeN\x1e'
11E8E149-EE18-0BCE-9ABE-12DF17AE4E1E,2018-ncaa-d3-natl,ncaa,262,37,436,106,436,430,426,437,89,421,437,110,415,434,131,354,428,431,228,431,166,437,437,113,111,154,311,341,156,435,121,437,188,437,133,428,370,9,279,284,420,133,400,295,,,10,198,,,173,437,420,99,267,260,415,183,286,327,381,198,181,194,402,411,280,357,344,338,189,178,306,,103,,,137,6,7,7,163,7,7,181,6,8,90,181,6,5,343,5,36,7,8,136,113,80,75,149,81,5,188,5,121,5,133,5,265,435,87,137,2,80,9,153,,,434,30,,,173,8,167,86,122,49,94,71,146,147,69,99,35,25,25,37,49,119,22,45,154,149,48,124,,133,,,b'\x11\xe8\xe1I\xee\x18\x0b\xce\x9a\xbe\x12\xdf\x17\xaeN\x1e'
11E8E149-EE18-0BCE-9ABE-12DF17AE4E1E,2019-ncaa-d3-conf-Midwest Conference,ncaa,4,5,3,5,3,4,3,3,3,2,3,3,7,8,4,9,9,8,8,8,10,4,5,4,5,3,9,8,10,4,4,8,8,7,6,6,9,1,1,2,3,3,7,8,,,1,1,,,4,5,9,4,3,2,4,2,2,7,9,10,8,8,4,8,5,10,9,5,1,4,7,,1,,,4,4,7,6,7,8,6,8,3,4,5,6,2,1,4,1,1,4,6,7,6,5,1,4,1,5,8,7,4,6,6,3,2,1,2,1,1,2,7,4,,,3,2,,,4,6,3,5,4,4,7,2,7,4,2,2,2,1,1,2,2,5,5,4,2,3,1,6,,3,,,b'\x11\xe8\xe1I\xee\x18\x0b\xce\x9a\xbe\x12\xdf\x17\xaeN\x1e'
11E8E149-EE18-0BCE-9ABE-12DF17AE4E1E,2019-ncaa-d3-conf-MWC,ncaa,4,5,3,5,3,4,3,3,3,2,3,3,7,8,4,9,9,8,8,8,10,4,5,4,5,3,9,8,10,4,4,8,8,7,6,6,9,1,1,2,3,3,7,8,,,1,1,,,4,5,9,4,3,2,4,2,2,7,9,10,8,8,4,8,5,10,9,5,1,4,7,,1,,,4,4,7,6,7,8,6,8,3,4,5,6,2,1,4,1,1,4,6,7,6,5,1,4,1,5,8,7,4,6,6,3,2,1,2,1,1,2,7,4,,,3,2,,,4,6,3,5,4,4,7,2,7,4,2,2,2,1,1,2,2,5,5,4,2,3,1,6,,3,,,b'\x11\xe8\xe1I\xee\x18\x0b\xce\x9a\xbe\x12\xdf\x17\xaeN\x1e'
11E8E149-EE18-0BCE-9ABE-12DF17AE4E1E,2019-ncaa-d3-natl,ncaa,237,274,129,262,154,212,160,229,106,109,132,106,328,343,256,348,285,251,342,255,323,237,295,150,184,143,397,362,329,263,257,327,227,317,272,172,247,76,100,105,150,116,202,172,,,83,88,,,187,292,387,154,246,173,304,96,152,355,366,321,277,288,315,388,296,399,385,183,57,170,210,,53,,,188,179,227,113,354,238,127,367,228,187,283,275,96,98,196,94,149,96,128,353,337,253,145,241,98,133,227,208,257,171,272,198,151,152,110,152,159,197,223,181,,,117,43,,,187,154,155,227,187,148,193,61,217,88,198,158,86,90,82,40,50,111,158,124,166,169,139,197,,127,,,b'\x11\xe8\xe1I\xee\x18\x0b\xce\x9a\xbe\x12\xdf\x17\xaeN\x1e'
11E8E149-EE18-0BCE-9ABE-12DF17AE4E1E,2020-ncaa-d3-conf-Midwest Conference,ncaa,7,7,5,7,6,8,6,9,5,2,2,3,10,10,10,10,8,7,9,7,10,9,9,6,6,7,10,10,7,9,8,7,3,9,5,1,1,3,3,1,3,3,6,6,,,2,6,,,4,9,8,2,7,6,8,1,1,10,10,8,7,7,8,7,8,5,9,1,3,3,6,,3,,,3,1,1,1,3,2,1,4,5,5,6,9,5,3,3,4,7,1,1,3,3,2,8,8,8,1,3,4,8,3,5,1,3,2,1,1,4,5,9,8,,,8,4,,,4,2,8,1,4,2,3,1,2,1,5,6,5,5,5,1,2,2,6,4,1,2,5,10,,7,,,b'\x11\xe8\xe1I\xee\x18\x0b\xce\x9a\xbe\x12\xdf\x17\xaeN\x1e'
11E8E149-EE18-0BCE-9ABE-12DF17AE4E1E,2020-ncaa-d3-conf-MWC,ncaa,7,7,5,7,6,8,6,9,5,2,2,3,10,10,10,10,8,7,9,7,10,9,9,6,6,7,10,10,7,9,8,7,3,9,5,1,1,3,3,1,3,3,6,6,,,2,6,,,4,9,8,2,7,6,8,1,1,10,10,8,7,7,8,7,8,5,9,1,3,3,6,,3,,,3,1,1,1,3,2,1,4,5,5,6,9,5,3,3,4,7,1,1,3,3,2,8,8,8,1,3,4,8,3,5,1,3,2,1,1,4,5,9,8,,,8,4,,,4,2,8,1,4,2,3,1,2,1,5,6,5,5,5,1,2,2,6,4,1,2,5,10,,7,,,b'\x11\xe8\xe1I\xee\x18\x0b\xce\x9a\xbe\x12\xdf\x17\xaeN\x1e'
11E8E149-EE18-0BCE-9ABE-12DF17AE4E1E,2020-ncaa-d3-natl,ncaa,285,306,198,299,243,308,261,350,144,158,203,128,405,400,374,392,331,242,403,240,266,343,364,210,245,262,421,412,283,365,361,331,100,359,280,120,11,151,259,89,164,99,359,285,,,198,340,,,254,345,364,163,332,271,388,120,177,411,407,341,242,243,374,391,379,361,393,80,175,149,367,,233,,,254,80,50,28,263,42,24,268,274,204,345,354,257,258,241,264,410,36,59,314,335,238,403,364,338,37,100,166,361,82,280,66,136,169,67,70,146,217,259,254,,,208,65,,,254,79,290,192,260,115,72,14,41,12,287,228,268,266,272,17,43,36,192,107,86,149,154,280,,167,,,b'\x11\xe8\xe1I\xee\x18\x0b\xce\x9a\xbe\x12\xdf\x17\xaeN\x1e'
11E8E149-EE18-0BCE-9ABE-12DF17AE4E1E,2022-ncaa-d3-conf-NACC,ncaa,2,2,1,2,2,3,3,6,1,1,3,2,6,9,3,9,6,10,1,10,10,7,10,2,2,2,12,10,8,10,7,7,3,8,3,3,4,4,4,2,5,5,11,11,,,6,5,,,4,9,14,6,5,4,11,3,10,9,10,8,10,10,11,13,10,8,10,5,3,6,12,,2,,,4,5,4,4,4,3,2,6,10,12,8,13,5,5,2,5,7,3,5,6,5,4,12,12,6,2,3,3,7,2,3,3,4,6,6,3,2,3,8,5,,,10,8,,,4,6,2,4,3,3,2,2,2,1,8,9,2,3,3,1,1,2,1,1,3,9,2,6,,11,,,b'\x11\xe8\xe1I\xee\x18\x0b\xce\x9a\xbe\x12\xdf\x17\xaeN\x1e'
11E8E149-EE18-0BCE-9ABE-12DF17AE4E1E,2022-ncaa-d3-natl,ncaa,62,79,61,75,90,132,111,240,29,91,197,25,220,258,135,258,237,309,22,299,322,251,300,39,42,39,334,287,312,336,307,142,43,229,124,82,91,74,99,25,205,172,320,296,,,74,77,,,78,273,427,290,211,161,396,117,296,279,326,301,385,379,405,428,390,273,356,98,20,265,358,,15,,,82,98,100,134,128,52,67,132,350,347,260,401,67,64,125,74,192,114,131,179,144,140,383,410,91,66,43,131,307,103,124,53,69,214,168,88,68,103,212,197,,,279,221,,,78,156,56,119,62,20,25,11,14,7,286,276,19,18,22,3,2,23,31,21,22,306,28,171,,389,,,b'\x11\xe8\xe1I\xee\x18\x0b\xce\x9a\xbe\x12\xdf\x17\xaeN\x1e'
11E8E149-EE18-0BCE-9ABE-12DF17AE4E1E,2023-ncaa-d3-conf-NACC,ncaa,1,1,1,1,1,1,1,3,1,2,5,1,2,2,3,3,7,9,5,9,11,3,6,1,1,1,9,4,14,5,5,7,1,7,4,1,1,1,1,1,1,1,12,10,,,2,4,,,1,8,12,5,2,1,5,3,7,2,3,9,13,13,5,11,6,10,10,1,1,2,12,,1,,,1,2,2,3,3,2,2,5,6,9,5,11,2,3,3,3,8,3,5,3,3,2,9,11,5,1,1,5,5,3,4,1,1,1,1,1,1,1,6,6,,,5,6,,,1,7,1,2,1,2,2,1,2,1,5,5,2,3,3,1,2,1,3,2,1,1,1,4,,10,,,b'\x11\xe8\xe1I\xee\x18\x0b\xce\x9a\xbe\x12\xdf\x17\xaeN\x1e'
11E8E149-EE18-0BCE-9ABE-12DF17AE4E1E,2023-ncaa-d3-natl,ncaa,17,21,33,20,55,52,52,72,64,91,163,47,48,50,84,85,173,222,80,225,246,83,148,49,51,23,159,101,362,216,279,107,14,152,143,27,53,32,10,2,93,72,345,323,,,108,93,,,30,133,371,288,102,89,171,154,310,67,85,256,328,331,207,376,307,260,306,51,3,138,383,,27,,,29,114,149,154,187,105,67,277,310,364,127,396,60,73,67,79,178,127,207,218,166,91,280,366,69,32,14,346,279,192,143,62,43,76,52,24,50,41,245,223,,,163,187,,,30,277,31,58,28,26,48,16,40,10,218,264,20,25,30,6,17,6,193,70,29,127,19,170,,300,,,b'\x11\xe8\xe1I\xee\x18\x0b\xce\x9a\xbe\x12\xdf\x17\xaeN\x1e'
11E8E149-EE18-0BCE-9ABE-12DF17AE4E1E,2024-ncaa-d3-conf-NACC,ncaa,2,2,1,2,1,2,2,2,3,2,3,3,3,4,2,8,5,6,6,5,11,3,2,2,3,3,10,6,12,4,7,3,3,4,4,2,3,4,2,2,2,5,7,8,,,11,9,,,2,2,13,4,2,4,8,4,6,3,8,11,11,11,10,12,9,7,10,3,2,7,7,,8,,,2,7,6,6,5,4,7,5,8,9,8,11,10,11,11,11,10,9,12,5,5,5,12,10,11,4,3,9,7,6,4,5,4,5,4,3,6,3,14,12,,,3,9,,,2,13,3,5,2,3,3,3,3,3,6,6,9,8,8,3,3,3,4,2,3,8,2,12,,10,,,b'\x11\xe8\xe1I\xee\x18\x0b\xce\x9a\xbe\x12\xdf\x17\xaeN\x1e'
11E8E149-EE18-0BCE-9ABE-12DF17AE4E1E,2024-ncaa-d3-natl,ncaa,89,139,38,126,46,97,92,138,47,102,171,60,104,139,60,181,187,189,212,188,226,134,193,51,57,46,226,173,322,237,256,124,63,165,146,51,56,66,60,24,227,230,302,292,,,263,284,,,112,171,407,182,164,140,314,161,288,159,216,266,291,292,320,402,325,276,319,71,20,308,349,,144,,,116,238,186,192,168,119,87,221,377,381,255,404,272,248,340,241,327,198,184,234,261,271,391,386,269,108,63,241,256,174,146,131,92,240,239,161,67,61,361,322,,,157,125,,,112,230,57,229,117,99,75,42,35,15,301,300,180,148,142,33,12,39,87,52,63,339,29,295,,292,,,b'\x11\xe8\xe1I\xee\x18\x0b\xce\x9a\xbe\x12\xdf\x17\xaeN\x1e'
11E8E149-EE18-0BCE-9ABE-12DF17AE4E1E,2025-ncaa-d3-conf-NACC,genius_ncaa,2,2,1,2,1,1,1,4,1,1,2,1,4,8,1,10,10,13,1,13,14,5,5,1,1,1,14,9,14,8,5,1,2,4,1,1,2,10,7,1,5,6,7,4,,,11,11,,13,1,3,12,5,2,1,12,1,6,7,10,13,14,14,12,12,9,3,8,1,4,7,9,,7,,12,1,3,1,3,1,1,1,1,12,13,8,13,14,14,9,14,14,4,9,3,4,3,14,13,14,2,2,1,5,1,1,1,1,4,4,1,4,4,2,2,,,6,6,,2,1,11,1,2,1,2,1,1,1,1,9,10,10,10,9,2,3,2,1,1,1,4,4,2,,13,,2,b'\x11\xe8\xe1I\xee\x18\x0b\xce\x9a\xbe\x12\xdf\x17\xaeN\x1e'
11E8E149-EE18-0BCE-9ABE-12DF17AE4E1E,2025-ncaa-d3-natl,genius_ncaa,37,25,55,36,73,82,52,238,3,48,211,2,130,252,17,246,238,292,40,293,303,259,266,3,3,11,327,230,369,339,261,94,22,200,36,31,38,184,216,35,279,269,304,233,,,287,352,,373,44,225,391,178,82,48,372,43,299,170,308,299,354,356,386,411,388,154,306,22,125,339,328,,217,,353,42,99,40,82,65,19,31,68,341,353,244,395,321,298,280,299,408,103,126,130,164,150,418,397,378,34,22,41,261,30,36,19,37,187,134,38,135,170,43,41,,,172,101,,56,44,180,22,106,41,48,21,14,4,5,282,299,274,254,252,19,13,19,7,6,18,262,92,28,,259,,65,b'\x11\xe8\xe1I\xee\x18\x0b\xce\x9a\xbe\x12\xdf\x17\xaeN\x1e'
11E8E149-EE18-0BCE-9ABE-12DF17AE4E1E,2026-ncaa-d3-conf-NACC,genius_ncaa,6,1,13,1,13,13,13,13,1,12,13,1,13,13,6,13,13,13,6,13,13,13,13,1,1,1,13,13,13,13,6,13,1,13,4,7,2,1,1,1,12,1,13,12,,,1,6,,1,4,13,12,1,1,1,2,1,1,9,11,13,13,12,4,10,8,6,7,1,1,3,11,,4,,3,1,1,1,1,6,1,1,5,1,1,12,1,2,2,3,2,11,1,1,6,4,2,7,2,12,1,1,1,6,1,4,1,4,13,1,1,1,4,1,1,,,13,11,,11,4,1,1,2,1,2,2,1,3,3,1,1,6,8,10,1,2,1,3,1,2,1,3,1,,12,,4,b'\x11\xe8\xe1I\xee\x18\x0b\xce\x9a\xbe\x12\xdf\x17\xaeN\x1e'
11E8E149-EE18-0BCE-9ABE-12DF17AE4E1E,2026-ncaa-d3-natl,genius_ncaa,288,132,379,257,382,375,369,391,76,369,390,105,316,376,60,217,380,402,3,401,388,394,397,77,64,91,249,180,308,399,351,391,120,396,234,299,23,30,233,77,396,342,395,386,,,31,277,,130,204,394,317,113,186,151,309,153,243,171,276,288,400,396,354,366,373,270,360,40,175,364,395,,191,,269,199,31,28,18,342,30,18,302,49,23,353,135,95,103,134,101,369,20,24,342,343,318,285,204,318,26,120,25,351,22,234,25,100,379,164,154,74,305,33,114,,,391,223,,146,204,22,151,278,202,217,179,42,165,87,217,79,310,344,348,85,75,93,139,101,119,221,253,100,,306,,43,b'\x11\xe8\xe1I\xee\x18\x0b\xce\x9a\xbe\x12\xdf\x17\xaeN\x1e'
11E8E149-EE1D-0818-9ABE-12DF17AE4E1E,2018-ncaa-d3-conf-MIAC,ncaa,12,12,7,12,10,12,12,12,9,12,12,9,12,12,10,8,12,11,12,12,9,12,11,9,10,12,12,10,9,12,7,10,10,11,8,12,6,12,12,12,10,11,8,8,,,2,3,,,12,11,7,4,12,12,12,12,11,12,12,12,11,12,12,10,12,9,11,12,12,9,8,,4,,,12,12,10,10,8,1,1,11,12,12,6,12,4,4,9,4,9,8,4,11,10,12,12,12,3,10,10,1,7,2,8,12,12,9,10,12,12,12,1,1,,,9,7,,,12,4,12,12,12,12,11,11,3,2,12,12,6,6,6,10,8,10,2,5,12,9,12,1,,8,,,b'\x11\xe8\xe1I\xee\x1d\x08\x18\x9a\xbe\x12\xdf\x17\xaeN\x1e'
11E8E149-EE1D-0818-9ABE-12DF17AE4E1E,2018-ncaa-d3-natl,ncaa,400,427,197,414,230,396,387,411,295,370,389,279,370,362,342,237,390,350,396,357,213,412,344,310,329,407,300,275,255,342,212,342,283,358,210,384,290,436,438,424,309,296,302,225,,,169,217,,,421,321,349,155,420,411,440,388,422,383,369,410,374,379,440,389,368,378,409,404,430,318,308,,172,,,411,336,282,179,325,97,28,391,441,438,361,444,240,191,376,191,382,183,140,398,398,413,438,442,164,180,283,35,212,59,210,391,410,331,331,401,433,437,18,42,,,237,118,,,421,148,410,401,412,340,295,219,106,13,443,442,244,190,195,208,136,195,24,68,372,356,425,8,,249,,,b'\x11\xe8\xe1I\xee\x1d\x08\x18\x9a\xbe\x12\xdf\x17\xaeN\x1e'
11E8E149-EE1D-0818-9ABE-12DF17AE4E1E,2019-ncaa-d3-conf-MIAC,ncaa,10,9,8,10,9,8,10,10,9,10,11,8,4,4,7,3,3,3,9,4,1,7,5,8,8,8,2,5,2,1,1,5,9,3,4,10,9,10,10,11,11,11,9,9,,,7,9,,,9,8,2,4,7,9,7,9,8,4,3,1,1,1,4,2,1,4,1,9,11,11,7,,9,,,9,9,6,8,4,3,2,3,12,12,10,11,9,9,12,9,9,10,6,6,9,9,12,12,8,10,9,2,1,5,4,6,5,11,11,8,9,10,1,1,,,2,1,,,9,5,8,10,9,11,8,11,3,5,12,12,10,9,9,11,10,10,4,6,8,10,11,1,,1,,,b'\x11\xe8\xe1I\xee\x1d\x08\x18\x9a\xbe\x12\xdf\x17\xaeN\x1e'
11E8E149-EE1D-0818-9ABE-12DF17AE4E1E,2019-ncaa-d3-natl,ncaa,306,331,215,326,255,200,239,264,214,256,304,216,142,146,165,147,138,76,347,79,37,219,155,188,194,250,103,152,119,74,40,233,215,145,91,295,368,385,359,372,282,306,297,261,,,386,406,,,329,203,143,172,177,224,246,266,308,125,130,104,45,50,168,90,61,212,88,316,391,292,301,,415,,,325,396,287,226,294,149,92,300,429,413,381,408,421,381,438,380,425,276,230,359,402,407,432,403,373,203,215,93,40,129,91,262,186,279,314,294,365,336,15,20,,,52,27,,,329,253,214,395,317,397,300,275,164,83,433,420,432,389,391,324,280,214,97,131,264,276,361,11,,9,,,b'\x11\xe8\xe1I\xee\x1d\x08\x18\x9a\xbe\x12\xdf\x17\xaeN\x1e'
11E8E149-EE1D-0818-9ABE-12DF17AE4E1E,2020-ncaa-d3-conf-MIAC,ncaa,10,10,7,10,9,9,9,9,8,7,8,7,10,8,11,7,11,11,12,11,10,8,5,10,11,11,9,9,11,1,1,3,12,2,6,5,2,12,12,10,8,9,4,2,,,11,11,,,11,8,4,6,9,9,6,5,5,10,8,11,10,10,7,2,1,3,1,5,12,8,4,,12,,,11,6,3,9,2,1,2,2,12,12,11,12,10,11,4,11,12,11,8,3,3,7,12,12,11,12,12,3,1,7,6,10,12,8,9,9,12,12,5,4,,,10,11,,,11,5,11,10,11,9,5,10,1,2,12,12,12,12,12,11,12,12,5,7,10,8,12,5,,8,,,b'\x11\xe8\xe1I\xee\x1d\x08\x18\x9a\xbe\x12\xdf\x17\xaeN\x1e'
11E8E149-EE1D-0818-9ABE-12DF17AE4E1E,2020-ncaa-d3-natl,ncaa,285,306,198,299,243,256,229,277,182,207,276,115,238,203,288,177,336,291,368,290,257,280,203,181,217,292,297,221,356,155,61,286,330,236,150,164,84,392,379,291,215,226,217,152,,,424,427,,,319,230,179,163,258,224,265,190,278,235,203,348,290,290,281,154,134,286,221,139,386,200,223,,427,,,318,324,143,192,139,34,43,131,433,425,360,424,417,415,297,416,436,257,237,255,307,310,438,423,402,306,330,33,61,99,150,327,413,223,254,309,412,400,34,39,,,208,199,,,319,218,276,318,311,325,176,225,38,27,430,425,426,417,418,299,292,313,39,123,328,210,399,26,,167,,,b'\x11\xe8\xe1I\xee\x1d\x08\x18\x9a\xbe\x12\xdf\x17\xaeN\x1e'
11E8E149-EE1D-0818-9ABE-12DF17AE4E1E,2021-ncaa-d3-conf-MIAC,ncaa,11,2,11,11,11,11,11,11,8,11,11,1,11,11,9,1,10,11,1,11,1,11,11,3,2,4,1,3,1,10,1,11,10,11,5,11,2,1,11,10,11,6,11,4,,,1,11,,,5,11,10,4,6,11,11,11,11,2,1,1,1,1,11,10,5,11,11,4,11,6,7,,11,,,8,1,1,1,11,1,1,11,1,1,2,8,2,2,3,2,11,1,1,11,11,8,10,2,11,1,10,1,1,1,5,1,1,11,1,1,1,11,1,11,,,11,1,,,5,1,3,7,5,7,2,1,4,1,2,4,11,11,11,1,5,7,1,1,1,1,11,3,,1,,,b'\x11\xe8\xe1I\xee\x1d\x08\x18\x9a\xbe\x12\xdf\x17\xaeN\x1e'
11E8E149-EE1D-0818-9ABE-12DF17AE4E1E,2021-ncaa-d3-natl,ncaa,251,28,273,251,275,278,279,285,94,282,285,1,269,270,204,1,266,272,4,271,1,285,283,45,10,53,2,58,3,279,21,284,222,284,85,276,40,13,257,192,278,122,274,100,,,14,285,,,143,283,242,110,134,241,282,268,285,58,18,3,20,19,272,268,196,279,279,155,210,134,202,,279,,,167,6,5,1,283,5,1,285,4,7,19,198,20,20,130,20,285,2,3,283,284,244,227,20,283,2,222,2,21,2,85,4,15,271,10,9,13,268,7,248,,,270,1,,,143,5,62,230,141,190,82,1,127,1,30,89,284,285,285,11,65,70,2,4,21,18,245,38,,3,,,b'\x11\xe8\xe1I\xee\x1d\x08\x18\x9a\xbe\x12\xdf\x17\xaeN\x1e'
11E8E149-EE1D-0818-9ABE-12DF17AE4E1E,2022-ncaa-d3-conf-MIAC,ncaa,7,9,1,8,1,6,8,8,6,8,8,6,5,4,6,5,6,4,11,4,2,7,3,6,6,8,5,6,6,1,3,2,10,1,4,4,4,10,11,8,11,11,7,7,,,9,5,,,11,5,7,5,9,10,11,10,10,6,6,8,4,4,11,8,1,3,2,4,10,11,8,,6,,,11,11,9,12,5,9,10,6,10,11,6,8,11,11,9,11,9,11,10,6,7,10,8,6,9,11,10,5,3,9,4,11,8,10,11,12,10,11,7,8,,,4,4,,,11,9,8,11,11,11,9,11,9,8,8,11,11,11,11,11,10,11,4,7,10,12,10,7,,4,,,b'\x11\xe8\xe1I\xee\x1d\x08\x18\x9a\xbe\x12\xdf\x17\xaeN\x1e'
11E8E149-EE1D-0818-9ABE-12DF17AE4E1E,2022-ncaa-d3-natl,ncaa,256,365,32,293,50,152,170,190,163,208,251,143,88,90,121,107,198,128,343,123,87,182,125,135,161,209,118,102,243,171,192,81,211,113,168,155,169,373,327,266,338,390,139,183,,,371,315,,,306,120,364,290,289,296,393,328,390,131,158,290,228,228,383,369,266,217,249,247,267,403,199,,259,,,292,401,369,375,224,313,316,229,390,391,284,307,406,403,316,397,346,392,335,242,276,352,355,305,331,340,211,244,192,286,168,333,175,316,394,362,407,378,263,291,,,46,59,,,306,324,215,356,288,270,212,204,165,139,324,309,354,341,329,237,105,216,81,123,203,408,338,181,,135,,,b'\x11\xe8\xe1I\xee\x1d\x08\x18\x9a\xbe\x12\xdf\x17\xaeN\x1e'
11E8E149-EE1D-0818-9ABE-12DF17AE4E1E,2023-ncaa-d3-conf-MIAC,ncaa,6,7,5,6,6,5,5,9,2,4,9,2,9,9,3,8,8,8,5,8,7,8,7,2,3,4,8,8,7,8,5,1,6,5,2,4,5,12,12,6,10,10,3,4,,,4,2,,,8,7,11,2,6,5,11,4,10,9,11,9,9,9,12,11,7,2,3,4,11,10,4,,1,,,8,9,8,11,3,6,8,3,12,12,11,10,7,7,9,7,3,9,7,4,4,8,11,12,5,8,6,3,5,3,2,5,4,10,10,9,10,9,2,2,,,6,5,,,8,6,5,8,8,8,8,9,4,7,11,10,7,7,7,9,5,9,2,3,5,10,9,2,,8,,,b'\x11\xe8\xe1I\xee\x1d\x08\x18\x9a\xbe\x12\xdf\x17\xaeN\x1e'
11E8E149-EE1D-0818-9ABE-12DF17AE4E1E,2023-ncaa-d3-natl,ncaa,171,198,109,190,125,174,173,330,21,175,323,20,161,229,72,183,230,247,169,244,132,319,308,23,28,86,235,204,273,312,160,140,129,217,49,232,308,284,339,269,387,392,126,104,,,111,122,,,222,295,400,87,209,191,413,191,382,188,271,254,286,288,409,402,351,178,288,266,253,409,140,,58,,,223,269,245,268,190,113,111,190,403,401,331,399,217,164,382,165,233,236,136,262,259,364,403,405,156,161,129,27,160,38,49,97,44,392,407,324,281,317,13,15,,,210,102,,,222,143,111,332,216,218,198,204,89,63,384,383,184,130,127,178,54,133,4,19,81,421,253,3,,257,,,b'\x11\xe8\xe1I\xee\x1d\x08\x18\x9a\xbe\x12\xdf\x17\xaeN\x1e'
11E8E149-EE1D-0818-9ABE-12DF17AE4E1E,2024-ncaa-d3-conf-MIAC,ncaa,10,10,7,10,8,9,8,8,5,5,6,5,10,10,10,9,10,11,8,11,11,10,9,6,8,10,10,9,11,10,10,2,4,5,5,7,6,10,9,7,11,10,8,10,,,4,5,,,10,7,4,8,9,7,7,4,4,10,10,10,11,11,11,10,9,1,3,7,9,11,8,,5,,,10,9,10,9,11,10,9,11,7,7,6,6,4,4,2,4,3,9,5,10,10,10,2,6,2,4,4,7,10,5,5,7,1,11,11,10,11,11,3,3,,,11,11,,,10,5,10,10,10,10,11,11,10,9,7,7,4,5,5,11,7,6,8,6,6,11,11,4,,11,,,b'\x11\xe8\xe1I\xee\x1d\x08\x18\x9a\xbe\x12\xdf\x17\xaeN\x1e'
11E8E149-EE1D-0818-9ABE-12DF17AE4E1E,2024-ncaa-d3-natl,ncaa,367,375,296,370,328,352,316,373,192,289,326,173,341,343,322,257,372,384,202,387,364,380,370,228,233,310,342,303,311,380,339,285,64,342,178,345,347,273,366,348,384,375,353,329,,,158,320,,,362,362,340,244,358,319,405,266,319,339,333,381,395,397,407,396,390,220,353,348,309,396,340,,220,,,364,243,255,116,365,232,82,385,300,274,295,338,165,162,245,162,267,115,51,372,369,402,248,291,144,42,64,55,339,38,178,76,13,406,404,350,334,378,31,55,,,345,216,,,362,67,332,383,364,321,312,205,275,132,338,327,221,213,220,191,64,54,107,62,113,417,338,27,,333,,,b'\x11\xe8\xe1I\xee\x1d\x08\x18\x9a\xbe\x12\xdf\x17\xaeN\x1e'
11E8E149-EE1D-0818-9ABE-12DF17AE4E1E,2025-ncaa-d3-conf-MIAC,genius_ncaa,11,11,5,11,5,11,11,11,11,12,10,10,9,9,9,6,9,9,9,9,7,11,10,10,10,11,6,6,5,9,6,8,9,7,7,10,5,10,11,10,9,8,8,9,,,4,5,,7,10,12,11,1,11,11,11,12,10,8,8,9,9,9,11,10,9,6,6,10,10,8,8,,5,,8,10,9,10,7,12,11,8,12,11,8,12,7,3,5,1,5,4,7,3,12,12,11,2,9,2,9,9,6,6,6,7,11,8,10,10,10,11,11,8,11,,,9,8,,12,10,2,10,10,10,10,11,9,12,9,11,8,3,5,5,9,4,10,7,7,11,10,11,8,,8,,12,b'\x11\xe8\xe1I\xee\x1d\x08\x18\x9a\xbe\x12\xdf\x17\xaeN\x1e'
11E8E149-EE1D-0818-9ABE-12DF17AE4E1E,2025-ncaa-d3-natl,genius_ncaa,312,334,192,322,201,295,306,353,187,329,365,199,155,212,84,103,291,310,175,311,141,352,361,143,142,201,76,73,237,333,272,314,158,333,207,287,208,190,297,260,348,308,341,321,,,103,199,,294,305,360,415,50,321,328,404,353,393,141,201,305,334,333,405,413,345,339,374,298,200,360,346,,96,,311,301,204,269,101,377,232,85,377,312,244,365,329,46,73,44,72,135,76,39,387,368,389,171,338,40,83,158,55,272,50,207,165,99,385,358,341,213,310,205,339,,,300,166,,285,305,57,223,368,308,220,277,113,241,81,311,248,38,70,69,86,17,96,75,60,182,401,227,222,,319,,295,b'\x11\xe8\xe1I\xee\x1d\x08\x18\x9a\xbe\x12\xdf\x17\xaeN\x1e'
11E8E149-EE1D-0818-9ABE-12DF17AE4E1E,2026-ncaa-d3-conf-MIAC,genius_ncaa,11,11,4,11,6,9,10,10,8,7,10,4,9,9,11,7,8,8,2,8,7,10,8,8,8,10,10,10,5,8,8,6,12,7,8,9,10,9,12,12,10,11,2,2,,,4,2,,5,9,9,4,3,9,10,11,6,10,9,7,8,8,8,11,8,8,6,8,9,12,11,1,,3,,5,9,7,8,8,6,9,9,2,6,3,10,2,6,5,11,5,2,8,7,5,6,7,5,5,6,9,12,5,8,7,8,8,7,10,10,11,11,12,3,5,,,8,5,,4,9,5,10,9,9,8,10,11,12,12,6,4,5,5,5,11,10,10,6,8,10,9,12,4,,6,,4,b'\x11\xe8\xe1I\xee\x1d\x08\x18\x9a\xbe\x12\xdf\x17\xaeN\x1e'
11E8E149-EE1D-0818-9ABE-12DF17AE4E1E,2026-ncaa-d3-natl,genius_ncaa,157,200,116,194,139,239,267,233,285,207,245,163,316,191,394,179,115,144,130,135,87,223,199,309,279,300,268,339,56,177,181,173,258,166,210,340,384,291,320,364,284,321,14,18,,,218,207,,197,276,205,294,113,332,335,358,261,332,351,229,124,176,172,336,300,213,199,216,385,271,336,13,,176,,177,270,218,222,273,110,236,278,128,176,256,74,210,249,168,404,169,99,254,235,90,116,178,162,139,254,279,258,211,181,240,210,182,133,265,317,238,314,336,134,158,,,97,50,,76,276,221,291,205,263,160,176,257,198,261,121,227,225,121,120,226,163,268,143,203,143,324,305,107,,90,,93,b'\x11\xe8\xe1I\xee\x1d\x08\x18\x9a\xbe\x12\xdf\x17\xaeN\x1e'
11E8E149-EE21-81CC-9ABE-12DF17AE4E1E,2018-ncaa-d3-conf-UMAC,ncaa,5,4,4,5,4,6,6,6,5,7,8,5,2,2,4,3,7,6,7,6,4,6,6,5,5,5,2,1,7,7,7,5,5,8,8,5,4,5,6,6,6,6,3,3,,,7,8,,,5,5,6,3,7,6,6,7,8,3,3,7,8,8,6,7,7,8,7,5,6,6,3,,8,,,5,2,3,4,4,5,7,4,1,1,2,1,8,7,4,7,4,4,5,4,4,3,1,1,9,5,5,7,7,7,8,2,2,3,2,2,7,7,7,9,,,7,6,,,5,4,6,3,5,3,3,2,6,6,1,1,6,7,7,2,3,4,6,5,2,2,6,7,,8,,,b'\x11\xe8\xe1I\xee!\x81\xcc\x9a\xbe\x12\xdf\x17\xaeN\x1e'
11E8E149-EE21-81CC-9ABE-12DF17AE4E1E,2018-ncaa-d3-natl,ncaa,179,197,123,190,177,251,263,226,294,319,338,253,108,63,270,57,280,225,348,224,105,227,211,251,274,290,84,68,291,238,284,339,273,314,321,217,136,283,278,256,121,113,145,151,,,326,356,,,237,199,252,294,303,317,301,366,395,124,65,329,269,262,298,288,268,411,395,237,249,125,164,,318,,,237,160,134,90,262,231,215,254,36,40,122,49,360,365,208,363,359,124,237,226,252,160,129,34,398,169,273,276,284,231,321,201,288,85,62,102,393,385,287,382,,,225,258,,,237,247,300,148,238,120,113,39,205,173,24,27,352,368,368,69,157,152,235,198,182,82,364,272,,306,,,b'\x11\xe8\xe1I\xee!\x81\xcc\x9a\xbe\x12\xdf\x17\xaeN\x1e'
11E8E149-EE21-81CC-9ABE-12DF17AE4E1E,2019-ncaa-d3-conf-UMAC,ncaa,6,5,6,6,9,6,5,4,6,5,6,7,5,4,6,3,6,7,4,7,8,5,8,6,6,5,5,5,8,6,9,6,6,6,8,5,6,1,3,5,6,6,2,3,,,1,3,,,5,8,3,9,5,5,1,5,3,5,2,6,7,7,3,5,6,5,4,5,2,6,1,,3,,,5,3,4,5,6,4,6,5,4,3,6,2,5,5,7,4,3,5,2,5,6,5,3,2,6,6,6,8,9,8,8,3,4,6,6,6,4,5,4,4,,,9,9,,,5,2,5,5,5,5,5,6,5,7,4,4,5,5,5,7,6,7,8,8,5,6,5,4,,8,,,b'\x11\xe8\xe1I\xee!\x81\xcc\x9a\xbe\x12\xdf\x17\xaeN\x1e'
11E8E149-EE21-81CC-9ABE-12DF17AE4E1E,2019-ncaa-d3-natl,ncaa,306,304,317,320,350,319,297,290,305,293,309,258,244,180,339,123,335,367,115,371,358,315,330,304,301,295,222,182,302,383,407,350,337,381,404,289,246,171,254,263,238,234,74,70,,,78,74,,,312,301,142,363,299,277,179,263,269,222,129,325,368,377,241,236,374,337,379,267,236,211,51,,102,,,313,190,212,160,272,231,221,242,178,138,305,161,181,134,403,136,144,139,152,266,279,243,175,186,197,251,337,303,407,293,404,243,242,202,171,226,290,340,58,96,,,399,412,,,312,146,326,253,315,287,299,288,296,315,231,182,238,175,182,272,302,307,384,359,291,143,334,68,,417,,,b'\x11\xe8\xe1I\xee!\x81\xcc\x9a\xbe\x12\xdf\x17\xaeN\x1e'
11E8E149-EE21-81CC-9ABE-12DF17AE4E1E,2020-ncaa-d3-conf-UMAC,ncaa,6,5,6,6,6,6,6,8,5,5,6,4,7,8,6,5,7,7,1,7,5,8,8,6,5,5,6,8,3,8,8,7,8,8,7,6,7,4,6,6,5,4,6,5,,,7,8,,,5,8,5,1,5,5,5,3,6,7,8,3,5,5,7,5,8,6,8,6,6,4,6,,7,,,5,2,3,1,6,6,3,6,2,2,2,2,8,7,8,7,8,2,2,6,6,6,2,2,8,7,8,4,8,4,7,2,3,4,3,3,5,6,5,6,,,7,4,,,5,2,5,6,5,5,5,3,7,6,3,3,9,8,8,5,6,7,7,6,5,2,6,6,,4,,,b'\x11\xe8\xe1I\xee!\x81\xcc\x9a\xbe\x12\xdf\x17\xaeN\x1e'
11E8E149-EE21-81CC-9ABE-12DF17AE4E1E,2020-ncaa-d3-natl,ncaa,306,306,327,316,333,253,265,302,228,207,243,174,342,299,378,288,123,178,61,177,173,278,281,256,216,243,295,363,67,330,324,371,384,364,362,308,352,230,278,316,223,216,313,335,,,346,378,,,313,252,143,26,207,232,207,141,152,334,268,71,119,121,176,141,303,363,352,301,296,173,313,,402,,,314,305,260,134,361,322,214,351,112,86,252,78,396,384,326,380,373,181,194,327,372,337,166,58,370,313,384,196,324,259,362,280,248,184,183,247,270,305,197,218,,,161,90,,,313,158,266,340,322,362,323,246,364,315,161,116,420,408,406,306,338,343,278,318,321,133,317,241,,68,,,b'\x11\xe8\xe1I\xee!\x81\xcc\x9a\xbe\x12\xdf\x17\xaeN\x1e'
11E8E149-EE21-81CC-9ABE-12DF17AE4E1E,2021-ncaa-d3-conf-UMAC,ncaa,8,8,6,8,6,7,7,7,8,7,7,7,7,7,8,7,7,7,5,7,7,7,6,8,8,8,7,8,2,7,7,7,6,7,7,7,9,7,8,9,5,4,6,6,,,8,9,,,7,6,6,3,8,8,8,8,5,8,7,6,8,7,9,4,4,8,8,9,8,4,7,,9,,,8,4,4,4,7,5,4,6,2,3,4,3,7,7,8,7,7,4,3,7,7,7,4,2,8,5,6,6,7,5,7,3,4,6,4,5,7,8,8,8,,,7,6,,,7,3,8,6,8,6,6,2,7,5,2,3,7,7,7,5,3,4,8,7,4,4,8,9,,7,,,b'\x11\xe8\xe1I\xee!\x81\xcc\x9a\xbe\x12\xdf\x17\xaeN\x1e'
11E8E149-EE21-81CC-9ABE-12DF17AE4E1E,2021-ncaa-d3-natl,ncaa,251,250,146,251,160,181,180,168,243,158,139,236,199,175,258,216,160,165,129,165,217,167,156,254,247,257,222,236,87,149,205,178,156,174,221,194,254,180,244,264,120,105,213,256,,,184,273,,,258,159,129,110,250,245,201,202,112,250,225,183,197,200,214,130,148,230,218,262,241,109,255,,259,,,242,145,143,117,249,169,128,255,100,107,114,63,198,194,185,197,252,125,126,235,250,234,97,36,238,116,156,162,205,145,221,158,174,149,136,185,191,239,184,213,,,174,224,,,258,127,254,211,249,205,184,70,215,129,63,60,256,255,256,123,121,89,240,196,197,141,237,231,,220,,,b'\x11\xe8\xe1I\xee!\x81\xcc\x9a\xbe\x12\xdf\x17\xaeN\x1e'
11E8E149-EE21-81CC-9ABE-12DF17AE4E1E,2022-ncaa-d3-conf-MIAC,ncaa,12,12,5,12,8,11,12,11,11,12,12,11,7,5,8,4,7,8,4,8,3,11,8,11,12,12,2,2,2,12,12,3,11,10,12,11,3,12,12,12,9,9,6,8,,,11,9,,,12,4,2,5,12,12,12,12,12,7,4,6,9,9,12,7,12,2,8,10,12,9,6,,12,,,12,12,11,11,7,11,11,11,4,9,2,3,12,12,7,12,10,12,11,4,8,11,4,1,11,12,11,9,12,11,12,8,4,11,12,11,12,12,9,11,,,8,7,,,12,10,12,12,12,12,11,12,11,11,4,9,12,12,12,12,12,12,9,12,9,10,12,10,,7,,,b'\x11\xe8\xe1I\xee!\x81\xcc\x9a\xbe\x12\xdf\x17\xaeN\x1e'
11E8E149-EE21-81CC-9ABE-12DF17AE4E1E,2022-ncaa-d3-natl,ncaa,381,424,107,394,162,308,346,328,343,372,366,339,148,132,219,84,153,193,111,190,36,318,244,302,262,345,26,80,32,386,408,174,278,285,349,297,144,412,405,377,293,355,202,247,,,395,381,,,397,167,226,290,381,403,422,413,416,185,169,181,218,223,416,373,419,247,375,351,379,350,230,,381,,,387,400,380,335,315,396,332,368,197,306,50,192,414,413,258,413,374,375,298,288,322,381,167,58,360,335,278,299,408,317,349,255,80,366,412,365,414,407,240,369,,,125,78,,,397,279,371,386,387,355,335,312,358,281,149,262,396,394,393,351,226,288,237,266,212,409,392,214,,170,,,b'\x11\xe8\xe1I\xee!\x81\xcc\x9a\xbe\x12\xdf\x17\xaeN\x1e'
11E8E149-EE21-81CC-9ABE-12DF17AE4E1E,2023-ncaa-d3-conf-MIAC,ncaa,12,12,7,12,9,12,12,11,12,12,12,12,2,1,10,1,4,6,4,5,1,9,8,12,12,12,1,1,1,11,12,11,12,12,12,10,3,10,11,12,8,8,6,10,,,10,9,,,12,6,1,8,12,12,10,12,12,2,1,4,4,3,9,6,12,11,12,11,12,8,6,,11,,,12,12,12,9,12,12,12,12,2,2,8,2,11,11,11,11,8,11,11,12,12,12,1,1,9,11,12,12,12,12,12,9,3,6,9,7,6,8,9,12,,,4,3,,,12,8,12,12,12,12,12,11,12,12,4,2,12,11,11,11,12,10,12,12,10,6,7,9,,3,,,b'\x11\xe8\xe1I\xee!\x81\xcc\x9a\xbe\x12\xdf\x17\xaeN\x1e'
11E8E149-EE21-81CC-9ABE-12DF17AE4E1E,2023-ncaa-d3-natl,ncaa,411,420,271,417,312,346,395,377,409,419,419,410,71,44,229,8,151,184,99,179,3,362,363,358,314,327,1,3,14,405,420,397,349,405,413,385,242,208,323,372,313,308,289,305,,,307,374,,,396,308,224,288,365,415,408,428,429,49,24,84,120,112,385,373,420,423,427,397,268,309,286,,354,,,390,361,346,152,411,369,229,388,176,95,377,79,380,337,413,329,325,177,129,404,421,419,163,87,325,186,349,262,420,222,413,113,16,349,347,257,211,295,176,411,,,197,30,,,396,129,354,411,392,383,362,247,374,297,212,114,398,377,371,279,212,218,333,295,158,343,245,203,,109,,,b'\x11\xe8\xe1I\xee!\x81\xcc\x9a\xbe\x12\xdf\x17\xaeN\x1e'
11E8E149-EE21-81CC-9ABE-12DF17AE4E1E,2024-ncaa-d3-conf-MIAC,ncaa,8,7,10,8,10,8,10,11,8,11,11,6,6,5,8,3,6,7,5,6,1,11,10,7,6,8,3,4,4,8,6,8,9,9,7,10,9,9,10,11,8,7,4,4,,,5,6,,,7,10,5,3,7,9,11,10,11,5,3,5,6,5,8,3,6,2,4,9,10,6,2,,7,,,7,2,2,3,2,6,8,3,1,1,3,2,11,11,9,10,7,5,3,2,2,5,3,1,10,10,9,4,6,6,7,3,6,6,6,6,8,9,5,9,,,9,7,,,7,2,7,5,7,7,5,7,9,10,2,3,11,11,11,10,11,11,7,10,5,6,9,6,,6,,,b'\x11\xe8\xe1I\xee!\x81\xcc\x9a\xbe\x12\xdf\x17\xaeN\x1e'
11E8E149-EE21-81CC-9ABE-12DF17AE4E1E,2024-ncaa-d3-natl,ncaa,251,232,296,255,299,287,325,374,218,350,401,136,168,132,237,43,141,185,95,175,13,362,351,174,147,220,36,93,60,346,290,354,297,355,288,362,375,283,350,365,234,171,116,107,,,259,360,,,265,339,309,37,277,338,406,367,417,145,93,95,131,122,386,343,345,358,380,369,316,193,95,,325,,,268,135,95,53,248,158,161,181,54,26,279,30,393,367,411,358,363,81,98,204,300,280,251,41,414,165,297,58,290,87,288,74,91,244,171,122,294,343,89,280,,,230,76,,,265,93,254,277,266,212,146,80,214,217,65,28,413,392,385,144,166,222,113,146,110,193,315,102,,165,,,b'\x11\xe8\xe1I\xee!\x81\xcc\x9a\xbe\x12\xdf\x17\xaeN\x1e'
11E8E149-EE21-81CC-9ABE-12DF17AE4E1E,2025-ncaa-d3-conf-MIAC,genius_ncaa,7,7,5,7,9,8,6,10,5,9,11,5,4,5,5,3,8,4,11,4,2,10,8,5,6,7,4,3,10,7,5,3,4,4,3,12,11,8,9,9,11,10,4,4,,,7,7,,7,7,8,5,7,8,7,10,8,11,3,5,8,3,3,10,6,7,2,2,12,9,11,3,,8,,8,7,5,4,5,4,6,10,3,2,1,10,1,10,9,8,8,7,6,5,4,4,5,7,2,8,3,4,5,5,4,3,2,4,8,8,5,10,10,5,8,,,6,7,,8,7,7,7,6,7,4,4,5,5,12,3,1,11,11,11,6,7,4,5,6,2,7,10,6,,5,,9,b'\x11\xe8\xe1I\xee!\x81\xcc\x9a\xbe\x12\xdf\x17\xaeN\x1e'
11E8E149-EE21-81CC-9ABE-12DF17AE4E1E,2025-ncaa-d3-natl,genius_ncaa,217,215,192,221,248,250,254,334,119,283,365,75,155,159,157,91,254,162,384,157,28,319,320,94,125,172,116,112,229,280,202,319,100,311,158,341,384,210,285,325,257,207,157,140,,,247,362,,360,215,328,346,258,255,263,389,297,393,141,146,255,133,128,371,363,287,349,348,359,229,267,159,,270,,373,215,120,94,42,282,138,138,203,65,17,360,35,319,281,334,272,318,56,74,265,307,260,201,85,367,35,100,62,202,42,158,94,134,225,146,146,193,255,63,190,,,144,35,,250,215,102,189,225,209,142,109,35,159,147,79,14,336,308,306,51,53,50,83,47,105,220,203,70,,110,,263,b'\x11\xe8\xe1I\xee!\x81\xcc\x9a\xbe\x12\xdf\x17\xaeN\x1e'
11E8E149-EE21-81CC-9ABE-12DF17AE4E1E,2026-ncaa-d3-conf-MIAC,genius_ncaa,4,1,12,1,12,9,11,12,3,12,12,11,1,8,1,1,10,12,7,12,4,12,12,1,1,1,1,1,9,12,10,12,2,12,7,4,1,1,1,1,12,8,6,3,,,2,9,,1,2,12,8,3,1,1,1,12,11,1,1,6,7,6,1,10,10,2,6,1,1,9,3,,6,,1,1,1,1,1,3,1,1,6,1,1,1,1,3,2,6,2,5,1,1,3,3,4,1,1,9,1,2,2,10,1,7,1,4,12,9,8,1,1,1,1,,,12,11,,12,2,1,1,3,1,2,4,5,10,11,1,1,7,6,6,4,2,3,12,9,3,10,1,1,,11,,12,b'\x11\xe8\xe1I\xee!\x81\xcc\x9a\xbe\x12\xdf\x17\xaeN\x1e'
11E8E149-EE21-81CC-9ABE-12DF17AE4E1E,2026-ncaa-d3-natl,genius_ncaa,54,21,215,41,249,189,247,280,155,339,372,142,50,86,65,17,57,139,13,126,11,275,303,81,49,29,4,19,63,342,356,298,216,330,314,252,249,55,53,97,253,202,283,262,,,150,235,,234,95,291,282,113,76,199,266,340,399,13,31,21,66,51,207,330,347,287,345,221,36,222,280,,180,,278,92,136,146,116,260,172,128,290,111,126,114,220,132,105,343,101,135,110,116,242,246,215,120,134,182,133,216,182,356,159,314,79,45,240,138,94,23,16,24,52,,,234,90,,291,95,114,54,204,97,154,188,135,225,159,117,148,149,99,88,113,120,166,268,224,77,163,12,13,,159,,304,b'\x11\xe8\xe1I\xee!\x81\xcc\x9a\xbe\x12\xdf\x17\xaeN\x1e'
11E8E149-EE26-0706-9ABE-12DF17AE4E1E,2018-ncaa-d3-conf-MIAC,ncaa,1,1,2,1,2,2,2,3,2,3,10,1,1,1,2,1,3,7,2,7,3,3,5,1,1,1,1,1,10,5,2,2,3,3,1,2,1,4,5,2,7,7,2,2,,,5,4,,,1,5,12,6,2,3,10,4,12,1,1,5,8,8,10,12,6,3,2,2,3,8,3,,3,,,1,1,1,6,1,2,10,1,1,2,1,2,6,6,7,6,3,6,7,1,1,1,4,2,10,7,3,2,2,3,1,2,2,7,6,3,5,5,7,10,,,5,5,,,1,8,1,2,1,1,1,2,2,8,1,2,4,4,3,3,1,4,1,1,2,8,4,6,,7,,,b'\x11\xe8\xe1I\xee&\x07\x06\x9a\xbe\x12\xdf\x17\xaeN\x1e'
11E8E149-EE26-0706-9ABE-12DF17AE4E1E,2018-ncaa-d3-natl,ncaa,8,7,8,8,9,13,19,107,2,87,285,2,6,25,5,40,45,116,9,120,69,101,115,2,2,2,49,44,299,197,123,76,113,122,66,31,172,172,106,31,233,298,21,21,,,303,266,,,11,106,434,91,40,73,395,209,427,17,80,128,271,278,389,433,359,344,376,80,37,371,46,,92,,,11,237,174,313,83,182,330,52,226,204,267,148,362,328,402,323,255,322,320,80,121,145,309,214,368,204,113,91,123,118,66,67,35,151,198,82,205,140,304,352,,,45,50,,,11,327,3,136,7,40,25,25,36,81,98,65,189,132,129,25,14,68,5,9,10,327,73,180,,219,,,b'\x11\xe8\xe1I\xee&\x07\x06\x9a\xbe\x12\xdf\x17\xaeN\x1e'
11E8E149-EE26-0706-9ABE-12DF17AE4E1E,2019-ncaa-d3-conf-MIAC,ncaa,1,1,1,1,3,2,2,5,1,2,9,1,1,2,1,2,9,10,5,10,5,5,6,1,1,1,7,2,12,6,2,1,3,1,1,2,1,5,4,1,8,8,1,2,,,5,5,,,1,5,12,9,2,2,9,2,11,1,2,10,10,10,9,12,8,1,2,2,4,10,2,,4,,,1,1,1,7,1,1,10,1,1,3,1,2,5,5,9,5,5,6,4,1,1,1,6,1,10,8,3,1,2,1,1,1,1,4,4,2,2,2,2,3,,,7,8,,,1,6,1,1,1,1,1,4,1,7,1,3,4,4,4,4,1,4,1,1,1,6,2,2,,10,,,b'\x11\xe8\xe1I\xee&\x07\x06\x9a\xbe\x12\xdf\x17\xaeN\x1e'
11E8E149-EE26-0706-9ABE-12DF17AE4E1E,2019-ncaa-d3-natl,ncaa,2,2,2,3,2,4,4,35,2,11,106,2,8,37,1,96,99,92,213,81,151,40,36,1,2,3,182,70,409,157,121,8,43,28,29,7,171,301,131,19,142,224,19,36,,,417,325,,,3,19,425,229,25,17,377,56,384,20,155,292,303,294,385,423,371,126,270,36,52,297,52,,172,,,6,238,185,399,23,220,414,20,146,261,43,119,386,371,358,369,207,412,412,17,30,47,257,122,394,269,43,140,121,185,29,85,54,95,186,56,275,146,70,43,,,29,107,,,3,420,5,41,3,12,12,33,30,101,26,44,186,147,143,29,14,39,3,7,9,305,77,14,,253,,,b'\x11\xe8\xe1I\xee&\x07\x06\x9a\xbe\x12\xdf\x17\xaeN\x1e'
11E8E149-EE26-0706-9ABE-12DF17AE4E1E,2020-ncaa-d3-conf-MIAC,ncaa,3,3,1,3,3,4,4,7,3,5,11,3,2,2,2,2,8,9,5,9,7,7,7,2,3,4,3,2,10,5,3,1,1,1,1,2,1,9,10,2,10,10,2,3,,,7,7,,,2,7,12,8,6,4,11,10,11,2,4,10,11,11,11,11,6,2,2,2,7,11,3,,4,,,2,1,1,7,1,2,11,1,3,5,1,5,6,6,7,6,6,7,6,1,1,2,7,6,9,5,1,1,3,3,1,3,4,9,8,5,6,5,3,6,,,8,8,,,2,6,3,2,2,1,1,6,2,7,2,5,5,5,5,5,1,4,1,2,3,10,5,3,,10,,,b'\x11\xe8\xe1I\xee&\x07\x06\x9a\xbe\x12\xdf\x17\xaeN\x1e'
11E8E149-EE26-0706-9ABE-12DF17AE4E1E,2020-ncaa-d3-natl,ncaa,48,46,65,50,102,130,151,354,8,247,398,5,31,93,6,39,199,234,147,231,35,344,339,5,4,20,51,33,315,316,114,161,36,226,27,56,16,276,345,92,340,331,134,112,,,335,405,,,73,332,434,213,187,209,427,323,430,39,133,263,309,310,428,432,368,252,324,60,218,385,156,,267,,,75,87,70,123,89,96,160,101,90,132,83,172,296,284,320,283,308,139,94,84,116,179,269,143,366,60,36,13,114,16,27,59,96,335,321,187,235,294,27,93,,,181,70,,,73,131,26,141,48,37,34,31,64,73,51,71,240,217,217,35,5,32,2,2,33,397,179,18,,259,,,b'\x11\xe8\xe1I\xee&\x07\x06\x9a\xbe\x12\xdf\x17\xaeN\x1e'
11E8E149-EE26-0706-9ABE-12DF17AE4E1E,2021-ncaa-d3-conf-MIAC,ncaa,1,2,3,2,3,2,4,4,1,4,4,4,1,3,1,3,2,3,6,3,3,4,4,1,1,1,3,2,7,3,3,2,3,2,2,4,5,7,4,3,5,8,4,6,,,9,10,,,1,5,9,4,1,3,8,6,8,1,4,3,3,3,7,8,4,1,1,3,4,8,6,,10,,,1,6,6,8,1,6,8,1,6,8,6,5,10,9,7,9,10,8,7,2,2,3,11,7,10,8,3,7,3,7,2,7,8,5,9,5,6,1,7,5,,,3,4,,,1,7,1,4,1,1,1,5,1,5,4,6,10,10,10,5,1,6,3,3,3,9,1,5,,5,,,b'\x11\xe8\xe1I\xee&\x07\x06\x9a\xbe\x12\xdf\x17\xaeN\x1e'
11E8E149-EE26-0706-9ABE-12DF17AE4E1E,2021-ncaa-d3-natl,ncaa,80,28,193,40,197,164,167,201,7,174,206,31,109,181,2,122,154,168,61,165,42,198,204,4,3,4,50,56,129,197,81,188,41,195,29,180,213,68,51,57,199,160,186,163,,,106,263,,,51,206,240,110,31,53,216,103,214,25,137,50,68,63,180,249,176,89,128,120,34,186,182,,222,,,39,88,76,79,61,73,80,63,88,84,127,153,143,128,242,128,260,84,80,74,123,165,262,145,274,75,41,66,81,69,29,67,88,216,234,159,59,45,69,82,,,186,29,,,51,81,6,147,31,102,45,61,49,61,119,129,255,239,238,98,30,54,22,17,55,260,33,56,,80,,,b'\x11\xe8\xe1I\xee&\x07\x06\x9a\xbe\x12\xdf\x17\xaeN\x1e'
11E8E149-EE26-0706-9ABE-12DF17AE4E1E,2022-ncaa-d0-natl,ncaa,317,303,295,319,298,321,311,326,214,305,318,216,234,256,190,126,339,333,300,332,284,333,331,203,238,263,176,114,301,343,330,283,46,323,233,313,274,113,279,286,353,338,308,308,,,84,281,,,335,320,279,40,310,287,305,281,278,187,186,332,317,314,319,322,336,201,316,299,226,343,296,,223,,,337,148,173,58,344,181,96,328,155,66,335,137,94,96,168,92,177,55,24,344,339,353,117,173,106,5,46,74,330,25,233,120,72,350,336,336,60,197,215,318,,,347,329,,,335,38,298,344,336,302,309,179,304,195,246,136,184,196,199,182,54,21,223,103,213,342,147,292,,342,,,b'\x11\xe8\xe1I\xee&\x07\x06\x9a\xbe\x12\xdf\x17\xaeN\x1e'
11E8E149-EE26-0706-9ABE-12DF17AE4E1E,2022-ncaa-d1-conf-Summit League,ncaa,9,8,8,9,8,9,8,9,6,6,7,6,7,8,7,6,10,10,9,10,10,9,9,6,9,10,7,6,9,9,9,7,2,8,5,9,7,10,10,10,10,9,9,9,,,6,8,,,10,9,6,1,10,8,10,7,7,7,7,10,10,10,10,8,9,3,6,8,10,10,9,,8,,,10,4,4,2,8,6,5,7,3,1,6,2,5,5,4,6,5,2,2,6,6,9,2,2,5,1,2,3,9,2,5,4,3,10,9,9,6,9,8,10,,,10,10,,,10,2,10,7,10,6,8,7,8,9,4,4,7,7,8,7,4,3,6,5,4,9,9,9,,10,,,b'\x11\xe8\xe1I\xee&\x07\x06\x9a\xbe\x12\xdf\x17\xaeN\x1e'
11E8E149-EE26-0706-9ABE-12DF17AE4E1E,2022-ncaa-d1-natl,ncaa,316,303,304,318,306,316,305,332,206,308,315,179,223,236,204,117,337,334,304,334,288,336,336,197,235,253,197,119,311,335,305,280,40,323,185,315,278,106,268,280,348,328,305,297,,,83,272,,,321,330,284,39,305,271,301,268,275,184,163,335,319,317,315,316,318,191,294,288,217,340,287,,211,,,323,130,162,52,345,176,87,321,142,65,327,137,85,84,169,85,166,44,18,341,331,353,111,167,104,2,40,59,305,13,185,115,70,350,329,328,59,190,197,309,,,344,327,,,321,30,282,332,324,284,303,157,295,191,230,127,163,170,172,156,44,13,194,79,194,337,138,279,,341,,,b'\x11\xe8\xe1I\xee&\x07\x06\x9a\xbe\x12\xdf\x17\xaeN\x1e'
11E8E149-EE26-0706-9ABE-12DF17AE4E1E,2023-ncaa-d0-natl,ncaa,195,203,164,209,175,195,193,239,133,226,281,98,135,132,158,93,240,216,238,216,124,243,226,123,132,166,120,110,238,251,221,200,100,232,160,120,39,234,272,155,225,202,257,264,,,230,301,,,187,214,242,58,199,202,283,230,300,123,117,237,217,214,273,239,254,206,254,94,247,223,259,,260,,,187,155,143,100,243,189,152,237,91,88,158,97,226,225,181,223,245,117,114,227,229,227,108,85,248,55,100,104,221,68,160,164,181,212,181,205,275,301,223,296,,,270,271,,,187,138,183,193,190,166,167,85,208,154,95,78,235,238,241,100,88,54,124,79,181,204,285,242,,285,,,b'\x11\xe8\xe1I\xee&\x07\x06\x9a\xbe\x12\xdf\x17\xaeN\x1e'
11E8E149-EE26-0706-9ABE-12DF17AE4E1E,2023-ncaa-d1-conf-Summit League,ncaa,7,8,4,8,4,8,7,8,7,7,7,6,6,6,5,4,10,10,9,10,7,9,8,6,7,8,5,4,10,7,6,9,5,8,5,3,3,9,10,8,9,9,6,8,,,5,9,,,6,8,10,4,9,7,8,7,8,7,6,10,10,10,10,8,8,10,9,4,10,9,6,,6,,,6,4,7,3,7,8,7,5,2,2,8,2,5,5,4,5,4,3,4,5,4,3,3,2,6,5,5,4,6,4,5,7,7,5,5,5,8,9,4,7,,,10,9,,,6,3,8,4,7,2,3,1,6,8,2,1,6,6,6,2,3,3,4,4,5,6,9,4,,9,,,b'\x11\xe8\xe1I\xee&\x07\x06\x9a\xbe\x12\xdf\x17\xaeN\x1e'
11E8E149-EE26-0706-9ABE-12DF17AE4E1E,2023-ncaa-d1-natl,ncaa,219,203,219,219,230,236,236,299,138,264,313,102,151,152,161,95,255,244,237,242,120,298,289,130,142,171,120,107,229,277,229,242,109,281,172,143,42,214,279,159,253,217,272,267,,,203,303,,,206,278,248,50,218,221,291,245,304,133,119,238,220,216,283,256,264,218,266,107,250,233,261,,262,,,206,111,100,58,257,161,113,245,76,64,171,94,210,202,180,203,248,66,61,240,239,255,108,84,246,41,109,77,229,37,172,146,186,246,189,218,257,308,215,304,,,301,270,,,206,78,196,215,209,182,177,88,224,153,98,80,241,241,245,105,87,57,131,84,188,212,290,247,,288,,,b'\x11\xe8\xe1I\xee&\x07\x06\x9a\xbe\x12\xdf\x17\xaeN\x1e'
11E8E149-EE26-0706-9ABE-12DF17AE4E1E,2024-ncaa-d0-natl,ncaa,206,176,258,207,289,196,191,261,100,183,285,42,201,166,269,109,191,233,63,234,125,265,256,112,102,144,199,203,150,295,227,300,166,312,211,144,81,224,269,175,188,153,207,189,,,217,295,,,263,233,95,263,143,144,233,140,255,175,121,136,187,195,233,169,280,288,310,98,277,150,194,,275,,,266,244,241,106,339,199,89,327,284,166,351,234,198,151,336,145,212,103,101,352,351,344,255,270,157,58,166,48,227,38,211,249,213,207,157,248,135,196,260,323,,,231,185,,,263,123,175,327,266,322,314,188,270,140,327,223,236,197,191,191,208,86,105,78,301,154,193,315,,178,,,b'\x11\xe8\xe1I\xee&\x07\x06\x9a\xbe\x12\xdf\x17\xaeN\x1e'
11E8E149-EE26-0706-9ABE-12DF17AE4E1E,2024-ncaa-d1-conf-Summit League,ncaa,5,5,6,5,6,8,5,8,4,6,7,6,7,6,7,4,7,7,5,7,7,7,6,6,7,7,6,6,7,7,7,6,5,7,5,5,2,7,8,5,3,2,3,3,,,3,4,,,5,6,4,3,8,5,4,6,4,6,3,7,7,7,5,4,5,6,7,2,8,3,3,,5,,,5,4,5,3,7,5,4,5,5,4,8,4,4,4,8,4,4,3,4,6,6,6,3,4,6,3,5,5,7,5,5,6,6,5,4,6,5,7,9,9,,,8,7,,,5,3,7,6,5,6,5,6,7,7,6,4,5,4,4,6,6,4,5,5,7,3,7,9,,7,,,b'\x11\xe8\xe1I\xee&\x07\x06\x9a\xbe\x12\xdf\x17\xaeN\x1e'
11E8E149-EE26-0706-9ABE-12DF17AE4E1E,2024-ncaa-d1-natl,ncaa,190,177,194,197,238,152,161,233,89,165,270,37,160,132,229,94,139,202,43,209,114,228,207,95,82,128,164,178,145,291,226,263,144,285,190,115,79,283,292,178,150,146,193,183,,,253,290,,,248,169,94,264,130,134,234,148,269,152,112,118,182,191,232,163,283,265,302,80,289,139,191,,281,,,250,283,278,156,340,237,124,317,309,202,356,230,217,179,338,179,217,152,156,353,352,337,259,276,159,68,144,58,226,49,190,274,209,168,151,237,176,204,285,325,,,190,161,,,248,183,165,321,254,315,310,188,262,146,325,221,236,196,193,191,214,77,86,68,290,149,204,312,,163,,,b'\x11\xe8\xe1I\xee&\x07\x06\x9a\xbe\x12\xdf\x17\xaeN\x1e'
11E8E149-EE26-0706-9ABE-12DF17AE4E1E,2025-ncaa-d0-natl,genius_ncaa,184,130,301,167,319,181,169,259,64,135,202,67,260,279,166,248,176,237,31,235,205,259,298,91,82,82,273,268,168,305,255,296,103,319,207,157,137,43,118,88,277,224,168,163,,,177,317,,143,184,285,130,167,87,75,138,52,110,218,242,90,157,159,138,180,264,237,280,80,114,225,135,,298,,198,187,180,168,55,353,263,148,342,28,18,239,22,293,290,216,277,281,67,46,337,345,349,57,18,310,19,103,69,255,25,207,137,127,298,245,262,52,131,229,258,,,252,152,,230,184,70,97,323,191,309,300,131,340,276,73,33,339,336,330,199,145,50,181,118,238,250,121,300,,163,,202,b'\x11\xe8\xe1I\xee&\x07\x06\x9a\xbe\x12\xdf\x17\xaeN\x1e'
11E8E149-EE26-0706-9ABE-12DF17AE4E1E,2025-ncaa-d1-conf-Summit League,genius_ncaa,4,4,6,4,7,5,4,5,5,5,4,6,4,6,3,5,8,7,4,7,6,6,7,4,5,3,6,4,6,5,5,7,4,7,6,3,2,5,6,3,6,5,4,4,,,6,8,,6,4,6,5,6,3,3,3,4,4,4,5,7,7,7,3,5,5,5,6,2,6,5,4,,7,,6,4,4,3,3,6,6,5,5,2,2,3,2,8,8,3,8,8,3,4,4,6,5,3,2,9,3,4,3,5,3,6,3,6,7,6,5,5,6,9,9,,,7,6,,6,4,3,4,5,4,4,4,5,8,6,2,2,9,9,9,5,5,3,4,3,4,6,6,9,,6,,5,b'\x11\xe8\xe1I\xee&\x07\x06\x9a\xbe\x12\xdf\x17\xaeN\x1e'
11E8E149-EE26-0706-9ABE-12DF17AE4E1E,2025-ncaa-d1-natl,genius_ncaa,193,130,341,177,348,213,200,306,70,166,233,68,266,291,166,249,194,253,33,254,202,304,330,100,84,87,270,269,155,318,268,323,111,339,221,177,142,34,122,93,300,241,198,172,,,154,323,,130,203,328,140,163,90,79,154,56,113,222,246,94,160,162,153,194,275,245,291,85,115,243,146,,302,,203,210,152,149,30,358,247,118,349,25,11,249,20,276,278,220,260,284,42,21,341,351,354,55,18,311,10,111,40,268,17,221,118,125,318,259,279,44,136,217,265,,,276,144,,235,203,29,104,332,216,316,305,136,343,284,71,34,341,339,334,205,144,53,184,120,246,258,122,303,,165,,196,b'\x11\xe8\xe1I\xee&\x07\x06\x9a\xbe\x12\xdf\x17\xaeN\x1e'
11E8E149-EE26-0706-9ABE-12DF17AE4E1E,2026-ncaa-d0-natl,genius_ncaa,260,250,206,273,216,256,254,298,160,243,284,131,266,264,250,178,210,205,209,208,99,291,283,167,159,202,192,215,112,282,253,273,156,286,215,206,86,159,280,206,268,215,134,90,,,138,291,,153,249,276,343,97,274,271,344,243,307,254,253,191,186,187,339,340,284,297,318,180,218,268,107,,181,,193,252,133,117,81,277,135,103,254,116,80,271,134,204,139,358,137,207,81,75,269,304,310,184,134,263,56,156,100,253,81,215,167,252,300,271,297,190,288,76,153,,,209,67,,173,249,82,216,292,262,201,178,54,194,120,139,80,256,180,174,64,15,62,135,87,224,314,255,93,,159,,168,b'\x11\xe8\xe1I\xee&\x07\x06\x9a\xbe\x12\xdf\x17\xaeN\x1e'
11E8E149-EE26-0706-9ABE-12DF17AE4E1E,2026-ncaa-d1-natl,genius_ncaa,163,249,13,212,35,88,96,120,93,123,170,98,73,87,89,111,116,123,175,124,117,123,105,81,83,111,119,108,206,154,213,124,118,128,163,40,23,275,218,101,64,90,70,76,,,289,258,,226,128,96,333,100,198,197,315,222,310,123,178,210,214,213,323,330,266,278,303,72,167,137,99,,151,,157,142,260,242,232,208,262,253,202,182,211,137,156,279,208,356,207,167,236,246,188,225,217,147,108,249,148,118,251,213,218,163,299,305,115,159,241,313,270,139,135,,,92,138,,112,128,262,121,187,143,102,93,38,128,87,72,78,191,115,114,34,16,47,89,55,210,229,228,80,,218,,169,b'\x11\xe8\xe1I\xee&\x07\x06\x9a\xbe\x12\xdf\x17\xaeN\x1e'
11E8E149-EE2A-9384-9ABE-12DF17AE4E1E,2018-ncaa-d3-conf-CUNYAC,ncaa,1,1,1,1,2,3,3,2,3,3,5,1,3,1,4,1,5,3,8,3,3,3,4,1,2,1,4,3,9,3,3,4,3,3,3,1,1,2,2,1,3,3,4,3,,,6,6,,,1,3,5,3,3,3,2,3,6,3,1,5,4,4,3,5,3,5,3,1,2,3,4,,3,,,1,2,2,3,2,2,2,2,1,3,1,4,6,6,6,6,6,2,8,2,2,2,7,3,7,2,3,3,3,3,3,2,4,2,1,1,3,4,9,9,,,2,5,,,1,7,1,1,1,2,2,3,2,2,1,3,4,3,3,2,3,2,3,3,2,2,3,9,,4,,,b'\x11\xe8\xe1I\xee*\x93\x84\x9a\xbe\x12\xdf\x17\xaeN\x1e'
11E8E149-EE2A-9384-9ABE-12DF17AE4E1E,2018-ncaa-d3-natl,ncaa,31,7,123,15,155,28,24,33,72,59,143,13,22,7,187,42,183,100,376,102,147,35,36,49,79,72,170,93,402,15,11,162,280,46,60,5,5,274,101,19,11,10,258,255,,,224,85,,,6,68,53,179,8,9,12,38,170,19,9,206,99,104,13,18,12,189,23,1,235,7,282,,182,,,4,60,61,175,30,78,168,44,138,260,39,269,123,212,16,211,256,182,375,31,20,4,256,251,247,340,280,191,11,248,60,101,227,8,7,5,275,135,125,91,,,93,296,,,6,377,21,5,4,41,37,128,54,125,125,218,101,169,168,117,379,315,158,209,89,6,261,92,,79,,,b'\x11\xe8\xe1I\xee*\x93\x84\x9a\xbe\x12\xdf\x17\xaeN\x1e'
11E8E149-EE2A-9384-9ABE-12DF17AE4E1E,2019-ncaa-d3-conf-CUNYAC,ncaa,3,3,1,3,3,3,3,2,2,2,1,4,4,4,2,7,5,3,7,3,7,3,2,4,4,4,5,4,7,3,4,3,1,3,3,2,2,2,3,3,3,3,3,2,,,9,9,,,3,3,6,8,3,3,2,2,1,4,5,6,3,3,3,5,3,4,3,2,2,3,3,,9,,,3,3,3,3,2,3,3,3,3,5,3,5,9,9,7,9,9,4,6,3,3,3,9,3,8,2,1,6,4,4,3,2,4,3,3,3,3,3,6,3,,,4,5,,,3,8,3,3,3,3,3,3,3,2,3,3,9,9,9,3,2,2,5,3,2,3,3,6,,5,,,b'\x11\xe8\xe1I\xee*\x93\x84\x9a\xbe\x12\xdf\x17\xaeN\x1e'
11E8E149-EE2A-9384-9ABE-12DF17AE4E1E,2019-ncaa-d3-natl,ncaa,78,72,129,76,172,138,123,73,216,94,45,277,249,309,115,369,169,109,348,104,282,75,76,249,266,247,335,325,254,59,93,110,202,73,135,64,37,306,198,113,72,84,177,171,,,389,343,,,66,98,80,195,140,119,56,77,31,279,348,188,115,110,57,52,62,104,48,55,269,61,188,,386,,,67,73,51,190,17,63,187,35,80,227,11,223,317,348,96,346,352,215,352,15,21,7,310,145,404,282,202,316,93,315,135,74,221,27,25,14,159,81,243,108,,,104,218,,,66,354,212,12,71,48,31,136,54,150,65,190,288,328,324,173,350,263,285,287,75,14,139,228,,110,,,b'\x11\xe8\xe1I\xee*\x93\x84\x9a\xbe\x12\xdf\x17\xaeN\x1e'
11E8E149-EE2A-9384-9ABE-12DF17AE4E1E,2020-ncaa-d2-conf-ECC,ncaa,9,1,9,9,9,9,9,9,9,9,9,9,9,9,8,3,9,9,1,9,9,9,9,9,9,7,4,3,6,9,5,9,7,9,8,9,6,1,1,1,9,4,9,1,,,1,2,,,4,9,7,1,8,8,1,8,1,4,2,8,9,9,1,6,2,2,1,8,1,3,2,,1,,,7,1,1,1,5,1,1,9,1,1,1,9,1,1,9,1,9,1,1,4,5,7,7,4,8,1,7,1,5,1,8,1,5,9,8,6,1,3,1,9,,,9,6,,,4,1,6,7,7,7,7,6,7,1,5,9,9,7,7,8,6,8,9,9,6,8,2,9,,6,,,b'\x11\xe8\xe1I\xee*\x93\x84\x9a\xbe\x12\xdf\x17\xaeN\x1e'
11E8E149-EE2A-9384-9ABE-12DF17AE4E1E,2020-ncaa-d2-natl,ncaa,305,14,310,305,310,311,311,310,311,311,311,311,309,310,279,118,309,310,6,310,64,310,311,310,300,295,15,118,5,311,221,310,298,311,301,311,277,1,210,302,310,91,308,129,,,2,24,,,186,311,98,227,286,305,181,305,212,190,116,44,115,96,157,115,116,302,278,304,230,72,100,,44,,,304,1,1,1,307,1,1,310,1,1,88,166,1,2,36,2,47,1,1,306,300,289,5,63,6,2,298,2,221,2,301,1,269,310,148,280,1,288,5,311,,,310,106,,,186,1,293,291,300,290,307,262,305,242,167,205,43,72,76,246,246,268,297,294,305,114,292,311,,86,,,b'\x11\xe8\xe1I\xee*\x93\x84\x9a\xbe\x12\xdf\x17\xaeN\x1e'
11E8E149-EE2A-9384-9ABE-12DF17AE4E1E,2022-ncaa-d2-conf-ECC,ncaa,9,9,7,9,7,10,10,9,10,10,10,10,4,3,7,2,9,6,10,6,2,9,9,9,10,10,1,2,6,9,10,10,10,10,10,10,6,8,8,10,8,8,5,5,,,1,2,,,9,9,6,2,10,10,9,10,9,4,2,7,5,5,9,5,8,10,10,10,8,8,5,,4,,,9,7,7,1,8,6,1,9,6,7,6,8,5,6,5,5,9,2,3,8,8,6,6,6,5,9,10,9,10,9,10,7,6,4,2,5,8,8,7,9,,,6,2,,,9,2,10,7,9,7,7,5,7,3,7,7,7,6,6,6,6,9,9,10,8,3,8,8,,3,,,b'\x11\xe8\xe1I\xee*\x93\x84\x9a\xbe\x12\xdf\x17\xaeN\x1e'
11E8E149-EE2A-9384-9ABE-12DF17AE4E1E,2022-ncaa-d2-natl,ncaa,240,264,146,253,146,232,246,169,286,282,226,295,76,71,127,48,214,168,269,164,91,171,147,270,278,270,9,10,155,135,195,201,278,180,276,192,80,233,231,235,192,224,142,134,,,89,59,,,265,149,151,34,268,275,165,294,251,68,51,229,168,168,175,130,126,232,201,218,235,200,152,,93,,,258,172,186,184,153,149,122,189,255,264,142,270,74,76,124,71,84,170,180,182,153,140,203,255,47,275,278,243,195,267,276,249,253,98,112,185,209,211,287,295,,,121,111,,,265,151,269,186,260,190,210,228,154,114,260,280,70,75,74,210,224,276,278,284,255,86,216,289,,99,,,b'\x11\xe8\xe1I\xee*\x93\x84\x9a\xbe\x12\xdf\x17\xaeN\x1e'
11E8E149-EE2A-9384-9ABE-12DF17AE4E1E,2023-ncaa-d2-conf-ECC,ncaa,6,6,1,6,4,5,4,3,8,6,5,6,4,2,7,4,7,5,9,5,4,3,1,7,7,7,6,4,7,6,7,6,8,6,8,4,5,7,5,5,7,8,7,7,,,7,3,,,7,1,2,5,7,5,3,6,6,6,3,8,5,5,3,3,6,7,8,6,5,7,7,,5,,,7,9,9,9,6,9,9,4,6,6,5,3,8,9,5,9,6,9,9,6,5,8,5,4,6,9,8,9,7,9,8,8,8,6,8,9,4,2,7,7,,,3,4,,,7,9,7,8,7,8,8,8,7,7,4,5,7,8,8,8,7,8,8,8,8,7,2,7,,3,,,b'\x11\xe8\xe1I\xee*\x93\x84\x9a\xbe\x12\xdf\x17\xaeN\x1e'
11E8E149-EE2A-9384-9ABE-12DF17AE4E1E,2023-ncaa-d2-natl,ncaa,169,239,47,204,59,144,122,64,240,140,76,242,99,89,154,126,222,147,280,152,214,71,63,231,251,233,148,93,239,109,207,84,220,90,233,65,36,216,159,124,135,202,89,141,,,188,92,,,207,55,134,170,237,206,123,212,145,126,116,266,206,208,151,153,173,155,169,89,156,184,115,,116,,,194,216,199,248,72,215,261,63,157,164,135,87,227,249,54,244,149,260,254,66,72,91,135,112,189,269,220,277,207,282,233,282,281,96,164,220,180,110,258,234,,,93,158,,,207,238,241,115,198,117,119,198,146,225,107,102,174,196,194,215,196,234,232,246,242,153,118,238,,161,,,b'\x11\xe8\xe1I\xee*\x93\x84\x9a\xbe\x12\xdf\x17\xaeN\x1e'
11E8E149-EE2A-9384-9ABE-12DF17AE4E1E,2024-ncaa-d2-conf-ECC,ncaa,5,5,3,5,3,5,7,8,8,9,8,7,5,5,6,5,2,2,6,2,1,7,5,6,6,7,1,5,2,8,7,8,8,8,8,5,2,7,7,6,9,9,8,9,,,6,5,,,6,4,4,4,6,9,7,9,9,5,5,2,2,2,8,5,7,9,9,4,6,9,8,,7,,,6,8,9,6,8,9,8,8,5,3,5,1,7,7,3,7,7,7,6,7,7,6,2,4,5,6,8,4,7,4,8,8,6,5,7,7,7,5,2,2,,,2,2,,,6,6,6,7,6,7,7,7,8,7,6,3,7,7,7,6,6,6,5,5,7,5,5,1,,2,,,b'\x11\xe8\xe1I\xee*\x93\x84\x9a\xbe\x12\xdf\x17\xaeN\x1e'
11E8E149-EE2A-9384-9ABE-12DF17AE4E1E,2024-ncaa-d2-natl,ncaa,187,197,172,191,196,208,227,206,251,238,212,248,157,134,181,115,138,115,225,120,50,188,174,235,225,229,65,105,60,160,146,226,235,207,208,123,18,207,224,149,260,270,249,268,,,41,27,,,217,177,130,162,221,252,208,259,210,148,123,118,90,95,183,124,134,230,218,92,209,259,255,,42,,,212,127,170,170,144,176,172,142,147,146,141,152,55,55,163,58,41,146,133,139,113,136,81,161,50,188,235,112,146,140,208,269,289,173,178,255,168,178,87,134,,,94,49,,,217,121,235,155,214,168,201,225,210,217,167,171,70,69,72,197,177,202,131,170,274,161,179,102,,48,,,b'\x11\xe8\xe1I\xee*\x93\x84\x9a\xbe\x12\xdf\x17\xaeN\x1e'
11E8E149-EE2A-9384-9ABE-12DF17AE4E1E,2025-ncaa-d2-conf-ECC,genius_ncaa,2,2,1,2,1,2,3,3,3,6,7,3,3,2,3,3,2,2,8,2,1,2,2,3,3,4,2,3,4,5,5,4,4,5,5,3,1,6,5,3,2,3,4,7,,,3,2,,7,2,2,3,3,2,4,6,7,8,3,3,3,2,2,4,5,6,8,8,3,5,3,6,,3,,6,2,6,7,7,5,9,9,6,1,2,1,1,3,3,9,3,2,8,8,4,3,3,1,1,3,3,4,6,5,5,5,7,6,2,2,4,5,4,2,4,,,2,2,,1,2,8,3,2,3,3,4,3,8,9,1,1,3,2,2,4,5,1,4,4,5,3,4,2,,2,,1,b'\x11\xe8\xe1I\xee*\x93\x84\x9a\xbe\x12\xdf\x17\xaeN\x1e'
11E8E149-EE2A-9384-9ABE-12DF17AE4E1E,2025-ncaa-d2-natl,genius_ncaa,49,62,43,58,55,91,108,69,181,140,149,134,60,33,175,61,92,42,264,43,30,65,58,152,174,161,65,77,134,128,190,102,108,109,172,33,6,217,150,55,34,57,184,222,,,89,14,,164,74,51,117,93,144,173,138,217,243,84,59,128,76,78,120,125,175,182,202,32,157,62,211,,25,,126,76,136,186,220,103,234,248,132,74,136,27,97,52,44,212,42,10,199,244,73,61,31,21,68,53,142,108,251,190,217,172,280,279,25,31,127,139,72,129,142,,,24,39,,35,74,250,175,21,79,49,94,118,162,188,43,71,26,18,17,64,152,81,172,131,235,46,82,95,,45,,52,b'\x11\xe8\xe1I\xee*\x93\x84\x9a\xbe\x12\xdf\x17\xaeN\x1e'
11E8E149-EE2A-9384-9ABE-12DF17AE4E1E,2026-ncaa-d2-conf-ECC,genius_ncaa,6,6,1,6,3,8,7,5,7,5,3,7,7,7,8,7,6,4,8,4,7,5,5,8,8,8,8,7,3,5,7,5,2,5,5,8,8,2,4,8,7,7,6,6,,,5,7,,5,8,6,5,3,8,7,5,5,3,7,7,6,4,4,5,5,5,5,5,8,2,7,6,,5,,5,8,4,5,3,6,4,4,7,4,4,5,4,4,4,4,3,3,4,3,5,4,4,3,4,6,2,2,5,7,5,5,2,2,5,6,4,2,2,1,1,,,3,2,,1,8,5,8,4,6,4,5,3,4,4,4,4,4,4,3,4,3,2,5,5,2,5,2,1,,3,,1,b'\x11\xe8\xe1I\xee*\x93\x84\x9a\xbe\x12\xdf\x17\xaeN\x1e'
11E8E149-EE2A-9384-9ABE-12DF17AE4E1E,2026-ncaa-d2-natl,genius_ncaa,201,272,13,241,27,149,137,68,257,57,32,224,275,190,296,258,99,65,243,65,179,66,42,280,282,277,289,294,74,87,200,31,186,40,197,187,243,282,234,262,141,241,40,82,,,142,16,,256,262,42,162,88,285,269,228,151,102,294,268,191,144,151,228,183,185,100,144,270,223,231,81,,24,,219,243,234,247,280,63,208,265,44,272,272,204,215,101,84,247,87,15,270,268,94,71,89,193,255,28,273,186,272,200,280,197,253,202,53,152,164,257,198,244,183,,,49,117,,68,262,258,281,106,239,102,125,221,88,166,222,212,30,15,15,159,163,207,193,206,186,142,185,203,,148,,127,b'\x11\xe8\xe1I\xee*\x93\x84\x9a\xbe\x12\xdf\x17\xaeN\x1e'
11E8E149-EE2F-4276-9ABE-12DF17AE4E1E,2018-ncaa-d3-conf-Empire 8,ncaa,2,3,1,3,2,3,3,1,7,5,2,7,2,2,4,2,4,2,6,2,4,1,2,6,6,5,2,2,8,4,7,2,6,4,7,3,6,5,2,3,2,2,2,2,,,9,8,,,5,1,4,6,5,5,2,7,7,3,2,6,5,5,3,4,4,6,6,6,3,3,2,,8,,,5,8,5,8,2,3,6,2,7,7,7,5,9,9,8,9,9,9,9,2,5,3,9,8,9,8,6,8,7,8,7,8,8,2,2,2,7,6,7,5,,,3,8,,,5,9,6,3,5,3,2,2,2,3,7,5,8,8,8,3,4,4,7,7,6,3,6,6,,7,,,b'\x11\xe8\xe1I\xee/Bv\x9a\xbe\x12\xdf\x17\xaeN\x1e'
11E8E149-EE2F-4276-9ABE-12DF17AE4E1E,2018-ncaa-d3-natl,ncaa,151,223,43,198,51,164,158,79,266,162,111,282,149,122,241,184,208,186,266,179,291,91,83,267,276,276,223,182,304,140,268,147,230,141,283,195,286,327,225,261,92,125,27,28,,,394,360,,,234,77,246,213,270,258,198,261,231,207,191,311,299,294,227,240,231,323,296,283,207,133,39,,328,,,234,329,268,292,205,260,307,172,257,227,288,163,397,398,255,398,353,335,352,209,241,193,292,186,374,308,230,404,268,386,283,342,342,86,113,167,356,288,333,255,,,140,278,,,234,356,277,191,247,162,124,85,142,150,177,127,347,351,347,120,172,175,277,236,220,136,277,260,,299,,,b'\x11\xe8\xe1I\xee/Bv\x9a\xbe\x12\xdf\x17\xaeN\x1e'
11E8E149-EE2F-4276-9ABE-12DF17AE4E1E,2019-ncaa-d3-conf-Empire 8,ncaa,4,3,3,4,3,4,3,2,5,2,1,5,8,9,8,9,5,5,2,5,9,2,3,7,6,5,9,9,5,2,4,4,6,3,5,3,4,3,2,2,1,1,1,1,,,8,6,,,3,3,4,3,4,2,1,2,1,8,9,4,6,6,2,1,2,6,3,4,2,1,1,,8,,,3,1,1,3,2,2,4,2,1,2,1,2,8,9,3,9,9,4,7,1,2,1,7,1,9,6,6,7,4,7,5,1,1,1,1,1,4,2,2,1,,,3,3,,,3,7,6,1,3,2,1,1,2,2,1,1,8,8,8,1,7,7,7,6,1,1,3,2,,2,,,b'\x11\xe8\xe1I\xee/Bv\x9a\xbe\x12\xdf\x17\xaeN\x1e'
11E8E149-EE2F-4276-9ABE-12DF17AE4E1E,2019-ncaa-d3-natl,ncaa,137,104,215,130,255,225,177,167,205,80,70,201,409,375,411,398,215,270,58,271,389,185,194,292,276,253,425,428,212,117,106,302,336,240,234,147,148,216,206,161,77,56,25,16,,,303,312,,,146,221,183,172,202,150,93,46,28,416,385,198,261,264,120,127,94,325,213,120,230,51,20,,328,,,143,86,63,104,85,96,143,87,69,122,67,148,346,327,319,329,364,121,222,68,113,64,292,114,413,302,336,176,106,222,234,102,249,83,48,55,305,295,93,44,,,151,150,,,146,200,232,79,150,107,71,100,113,163,75,118,359,345,349,139,273,310,185,242,124,52,314,96,,102,,,b'\x11\xe8\xe1I\xee/Bv\x9a\xbe\x12\xdf\x17\xaeN\x1e'
11E8E149-EE2F-4276-9ABE-12DF17AE4E1E,2020-ncaa-d3-conf-MAC Freedom,ncaa,4,3,5,4,6,5,3,3,3,4,5,2,2,1,5,2,8,8,6,8,8,5,5,3,5,5,8,2,8,3,3,3,4,3,3,1,1,2,3,2,3,2,5,5,,,5,7,,,2,6,4,3,4,2,1,2,2,1,1,8,8,8,2,3,1,3,3,1,3,2,4,,6,,,2,2,2,1,2,2,1,2,2,3,3,4,5,6,1,6,7,1,2,2,2,2,7,6,7,4,4,1,3,2,3,1,3,4,3,2,3,5,2,1,,,7,7,,,2,3,3,2,2,2,2,3,2,3,5,6,6,6,6,4,6,5,4,4,2,4,5,2,,7,,,b'\x11\xe8\xe1I\xee/Bv\x9a\xbe\x12\xdf\x17\xaeN\x1e'
11E8E149-EE2F-4276-9ABE-12DF17AE4E1E,2020-ncaa-d3-natl,ncaa,237,245,198,250,280,233,183,178,204,238,217,249,99,159,53,141,414,422,292,422,431,246,217,164,218,253,213,63,436,171,176,195,357,192,277,111,49,299,318,179,136,159,116,115,,,255,228,,,252,232,162,303,228,150,127,225,191,80,142,428,429,430,225,165,145,156,147,69,320,120,103,,299,,,252,213,202,261,130,155,231,111,304,289,281,261,237,307,46,314,288,281,279,148,128,152,316,309,233,391,357,221,176,320,277,223,230,191,230,217,380,374,275,261,,,384,420,,,252,215,252,233,246,246,226,308,182,263,309,312,253,317,320,317,331,380,232,323,236,165,368,288,,409,,,b'\x11\xe8\xe1I\xee/Bv\x9a\xbe\x12\xdf\x17\xaeN\x1e'
11E8E149-EE2F-4276-9ABE-12DF17AE4E1E,2021-ncaa-d3-conf-MAC Freedom,ncaa,7,2,8,7,8,8,8,8,3,8,8,2,8,8,8,6,8,8,6,8,6,8,8,3,4,2,8,8,5,8,8,8,5,8,6,8,1,1,4,2,8,3,8,8,,,1,8,,,4,8,3,3,2,2,2,2,3,8,6,6,4,4,3,3,7,4,6,2,4,2,8,,8,,,4,1,1,1,3,1,1,3,1,1,1,1,1,1,6,1,7,1,1,2,4,4,4,1,8,1,5,1,8,1,6,1,1,8,4,2,1,1,1,1,,,8,8,,,4,1,5,4,4,5,3,6,5,8,1,1,8,8,8,7,8,7,5,5,1,2,1,2,,8,,,b'\x11\xe8\xe1I\xee/Bv\x9a\xbe\x12\xdf\x17\xaeN\x1e'
11E8E149-EE2F-4276-9ABE-12DF17AE4E1E,2021-ncaa-d3-natl,ncaa,176,28,246,84,248,244,241,246,103,235,242,77,252,247,236,201,243,241,186,241,184,248,248,127,146,136,255,239,179,225,14,247,179,244,47,232,27,37,92,37,235,62,228,176,,,34,86,,,95,249,47,110,50,32,14,14,15,192,129,100,72,74,18,14,9,69,12,12,152,43,119,,136,,,49,34,35,38,89,38,43,80,24,25,46,11,35,32,172,31,35,38,37,53,54,44,14,17,111,43,179,35,14,35,47,30,21,240,78,37,37,64,40,60,,,244,135,,,95,37,76,54,60,108,147,216,219,271,19,16,106,99,87,188,231,218,112,160,64,49,105,116,,51,,,b'\x11\xe8\xe1I\xee/Bv\x9a\xbe\x12\xdf\x17\xaeN\x1e'
11E8E149-EE2F-4276-9ABE-12DF17AE4E1E,2022-ncaa-d3-conf-MAC Freedom,ncaa,2,2,1,2,1,2,2,2,2,2,1,3,5,5,2,9,7,8,3,8,9,2,2,3,3,3,9,7,9,3,4,2,2,2,2,2,2,5,3,3,2,3,1,1,,,7,6,,,2,2,7,2,3,2,2,2,1,6,8,8,8,8,3,5,4,3,4,2,3,4,1,,3,,,2,3,3,8,2,4,5,3,3,6,1,5,6,5,7,5,4,8,8,2,2,2,5,3,6,2,2,5,4,5,2,1,3,2,1,2,9,5,5,1,,,4,7,,,2,8,3,2,2,2,2,1,2,2,2,4,3,2,2,1,1,1,3,2,1,3,5,2,,6,,,b'\x11\xe8\xe1I\xee/Bv\x9a\xbe\x12\xdf\x17\xaeN\x1e'
11E8E149-EE2F-4276-9ABE-12DF17AE4E1E,2022-ncaa-d3-natl,ncaa,62,79,61,75,90,122,90,96,98,59,59,127,207,236,136,303,294,333,126,337,409,131,129,129,145,156,375,289,395,109,127,103,96,106,101,36,31,245,179,59,92,94,31,19,,,295,285,,,64,141,325,290,180,115,176,71,98,270,313,369,396,402,240,290,172,193,187,36,156,132,36,,197,,,68,105,115,196,73,114,143,113,173,281,52,309,149,173,107,160,221,182,253,75,77,40,249,252,225,172,96,237,127,204,101,139,198,57,47,44,300,250,282,169,,,150,215,,,64,286,143,35,64,28,35,39,47,37,102,198,83,89,84,28,81,92,112,95,75,90,230,218,,246,,,b'\x11\xe8\xe1I\xee/Bv\x9a\xbe\x12\xdf\x17\xaeN\x1e'
11E8E149-EE2F-4276-9ABE-12DF17AE4E1E,2023-ncaa-d3-conf-MAC Freedom,ncaa,2,2,1,2,1,2,2,2,2,1,1,3,7,8,4,9,3,3,6,3,8,2,1,2,2,3,9,8,9,2,2,1,4,1,2,2,6,4,3,3,2,2,2,2,,,7,5,,,2,1,1,4,2,2,2,1,1,7,8,4,4,5,2,1,2,1,1,2,3,2,2,,6,,,2,3,3,7,2,4,7,2,2,7,1,4,4,5,5,5,5,7,9,2,2,2,2,2,7,5,4,6,2,7,2,3,2,2,2,2,7,4,8,2,,,4,8,,,2,9,3,2,2,2,2,5,3,5,2,5,3,4,4,4,8,4,5,4,2,2,6,7,,7,,,b'\x11\xe8\xe1I\xee/Bv\x9a\xbe\x12\xdf\x17\xaeN\x1e'
11E8E149-EE2F-4276-9ABE-12DF17AE4E1E,2023-ncaa-d3-natl,ncaa,37,43,33,43,35,50,33,29,78,17,8,130,284,322,142,396,166,115,309,123,393,35,33,126,151,139,407,383,359,36,90,19,199,16,115,45,176,302,131,94,26,46,34,44,,,349,203,,,39,38,160,100,99,49,69,18,17,345,384,249,217,227,71,97,75,40,34,62,184,36,55,,252,,,40,148,144,372,14,163,337,33,156,320,9,250,244,289,64,288,199,365,399,16,12,7,213,181,288,379,199,355,90,377,115,151,178,28,53,20,372,276,382,183,,,166,359,,,39,393,119,12,43,43,44,194,67,170,76,218,144,192,187,179,286,290,208,247,77,44,298,340,,304,,,b'\x11\xe8\xe1I\xee/Bv\x9a\xbe\x12\xdf\x17\xaeN\x1e'
11E8E149-EE2F-4276-9ABE-12DF17AE4E1E,2024-ncaa-d3-conf-MAC Freedom,ncaa,3,3,3,3,3,3,4,2,5,3,1,6,6,8,5,8,1,1,4,1,2,2,2,5,5,5,6,7,1,2,3,4,3,2,2,4,4,4,3,4,2,3,7,7,,,8,8,,,5,2,3,3,3,3,3,3,1,8,8,1,1,1,2,2,1,3,1,4,4,3,8,,8,,,5,5,4,4,4,2,1,6,8,8,3,8,8,6,8,6,8,4,5,5,6,5,8,8,8,2,3,7,3,5,2,7,8,2,2,3,5,4,7,3,,,2,2,,,5,7,5,3,5,4,3,2,2,1,6,8,7,6,5,2,5,2,7,5,6,3,5,7,,1,,,b'\x11\xe8\xe1I\xee/Bv\x9a\xbe\x12\xdf\x17\xaeN\x1e'
11E8E149-EE2F-4276-9ABE-12DF17AE4E1E,2024-ncaa-d3-natl,ncaa,162,185,112,178,143,185,194,131,274,122,43,331,352,380,232,406,54,49,183,49,213,108,118,327,294,247,339,384,56,98,151,175,175,134,195,270,361,207,153,261,82,87,255,243,,,381,378,,,245,139,173,152,228,229,131,127,35,366,393,56,53,53,103,128,85,214,136,304,186,95,269,,369,,,243,317,273,264,241,210,155,276,381,384,261,387,300,239,414,229,266,254,277,273,303,292,360,360,257,194,175,338,151,296,195,345,369,163,182,286,290,241,408,302,,,87,113,,,245,286,240,268,246,272,230,217,178,109,362,370,289,212,197,201,223,164,306,260,315,184,264,405,,84,,,b'\x11\xe8\xe1I\xee/Bv\x9a\xbe\x12\xdf\x17\xaeN\x1e'
11E8E149-EE2F-4276-9ABE-12DF17AE4E1E,2025-ncaa-d3-conf-MAC Freedom,genius_ncaa,1,1,1,1,2,2,2,1,4,1,1,4,4,4,3,6,1,1,1,1,3,1,1,4,3,3,4,5,2,1,1,2,5,1,3,1,2,4,3,3,4,4,2,2,,,8,8,,6,3,1,5,3,2,3,3,3,3,4,4,1,1,1,3,4,1,3,2,3,4,4,2,,8,,6,3,4,3,7,2,2,3,2,6,7,3,7,8,8,6,8,8,8,8,3,3,3,8,7,8,6,5,6,1,6,3,3,3,2,3,3,5,4,2,1,,,1,2,,2,3,8,2,3,3,3,3,3,2,1,4,7,8,6,6,3,4,5,2,3,2,4,4,1,,2,,2,b'\x11\xe8\xe1I\xee/Bv\x9a\xbe\x12\xdf\x17\xaeN\x1e'
11E8E149-EE2F-4276-9ABE-12DF17AE4E1E,2025-ncaa-d3-natl,genius_ncaa,68,94,36,91,50,113,113,57,225,88,35,278,230,264,144,346,85,99,128,91,268,60,78,247,240,173,288,311,158,59,117,74,211,55,171,74,83,135,65,65,171,229,97,105,,,344,298,,328,152,97,311,258,188,188,130,141,72,289,340,131,173,167,133,233,89,176,121,109,62,250,122,,259,,300,158,292,259,340,121,216,284,114,302,329,212,257,283,290,185,296,257,343,330,142,137,157,300,277,236,320,211,348,117,355,171,269,253,145,217,211,262,191,161,52,,,117,221,,190,152,316,143,176,156,128,114,149,99,138,217,223,196,199,204,151,129,231,218,218,172,258,184,95,,235,,231,b'\x11\xe8\xe1I\xee/Bv\x9a\xbe\x12\xdf\x17\xaeN\x1e'
11E8E149-EE2F-4276-9ABE-12DF17AE4E1E,2026-ncaa-d3-natl,genius_ncaa,13,68,42,64,104,48,32,77,62,52,48,196,41,178,3,291,287,277,265,278,404,93,90,54,84,111,240,102,407,81,119,37,286,49,163,10,20,304,217,56,107,219,76,152,,,328,209,,234,52,102,268,377,132,77,165,119,108,78,288,386,391,392,244,244,163,82,112,17,199,204,123,,211,,169,68,231,237,354,13,209,358,10,292,322,165,208,201,265,50,258,125,350,347,18,13,33,279,309,177,384,286,270,119,334,163,309,345,107,230,222,340,298,354,262,,,269,403,,291,52,324,92,71,67,61,78,266,71,267,207,230,87,149,142,239,238,340,115,238,214,221,282,304,,407,,342,b'\x11\xe8\xe1I\xee/Bv\x9a\xbe\x12\xdf\x17\xaeN\x1e'
11E8E149-EE33-B996-9ABE-12DF17AE4E1E,2018-ncaa-d3-conf-MAC Commonwealth,ncaa,4,4,1,4,1,3,3,1,5,3,1,6,4,5,5,7,2,1,6,1,6,1,1,6,6,5,6,6,3,1,6,5,8,4,7,5,9,5,2,5,1,2,4,4,,,9,5,,,4,1,1,1,4,3,1,3,1,6,5,4,3,3,1,1,2,8,6,6,3,1,4,,8,,,4,9,8,8,5,8,8,4,4,2,8,1,9,9,6,9,7,8,9,5,5,3,4,2,8,8,8,9,6,9,7,7,7,1,2,3,4,2,5,3,,,1,7,,,4,9,6,3,4,5,4,4,4,7,4,1,9,8,8,4,9,7,7,7,6,1,4,4,,3,,,b'\x11\xe8\xe1I\xee3\xb9\x96\x9a\xbe\x12\xdf\x17\xaeN\x1e'
11E8E149-EE33-B996-9ABE-12DF17AE4E1E,2018-ncaa-d3-natl,ncaa,114,197,17,162,21,89,75,25,264,53,15,303,251,243,272,368,106,95,217,102,354,25,23,303,303,274,355,347,223,41,151,162,274,81,269,161,357,341,148,247,44,73,68,140,,,406,304,,,174,19,174,40,205,170,77,108,45,323,345,209,201,211,88,106,88,386,253,275,190,69,119,,305,,,180,373,355,347,268,409,423,213,30,29,166,4,416,408,335,405,262,381,418,195,240,129,51,7,390,333,274,426,151,416,269,373,307,25,45,101,297,134,368,151,,,113,356,,,174,421,247,127,189,158,158,82,289,310,7,2,357,331,319,114,249,174,304,257,223,49,171,276,,309,,,b'\x11\xe8\xe1I\xee3\xb9\x96\x9a\xbe\x12\xdf\x17\xaeN\x1e'
11E8E149-EE33-B996-9ABE-12DF17AE4E1E,2019-ncaa-d3-conf-MAC Commonwealth,ncaa,6,4,6,6,8,5,5,5,4,5,6,4,4,4,4,4,4,3,7,3,2,5,5,4,4,4,4,3,3,4,5,6,4,6,5,5,6,4,6,5,2,2,4,4,,,1,1,,,4,5,1,8,2,2,2,2,2,3,3,3,1,2,1,1,4,4,4,4,6,1,4,,3,,,4,3,3,4,4,4,4,3,4,5,7,5,4,2,9,2,2,3,5,4,5,3,6,5,6,4,4,5,5,3,5,4,5,2,2,3,7,7,2,2,,,4,4,,,4,4,4,2,4,5,5,6,5,7,4,5,5,3,3,6,9,4,5,6,5,2,7,5,,1,,,b'\x11\xe8\xe1I\xee3\xb9\x96\x9a\xbe\x12\xdf\x17\xaeN\x1e'
11E8E149-EE33-B996-9ABE-12DF17AE4E1E,2019-ncaa-d3-natl,ncaa,169,219,67,197,120,91,109,75,168,64,48,209,298,309,260,378,29,20,207,21,131,59,56,230,206,194,328,383,63,100,178,128,164,105,185,163,320,323,199,247,37,54,135,229,,,199,80,,,135,52,75,357,120,144,124,66,57,346,357,30,27,27,76,84,140,204,156,206,249,44,160,,123,,,140,307,343,362,223,391,419,145,89,51,307,18,263,187,419,184,62,354,380,161,178,126,50,42,210,235,164,346,178,311,185,247,111,65,97,93,346,251,329,190,,,47,115,,,135,391,190,108,147,191,249,261,319,396,53,25,193,138,134,229,310,157,252,203,174,80,290,284,,48,,,b'\x11\xe8\xe1I\xee3\xb9\x96\x9a\xbe\x12\xdf\x17\xaeN\x1e'
11E8E149-EE33-B996-9ABE-12DF17AE4E1E,2020-ncaa-d3-conf-MAC Commonwealth,ncaa,4,4,1,4,2,4,5,2,7,6,2,7,5,3,6,4,1,1,6,1,1,2,2,7,7,7,2,5,1,1,3,2,1,2,3,6,8,5,4,5,1,1,6,7,,,7,7,,,4,2,4,8,5,6,5,7,4,6,3,1,1,1,2,3,1,5,3,9,4,1,7,,7,,,4,5,5,7,4,4,7,5,3,4,2,4,6,6,8,6,6,6,8,3,4,3,6,3,6,2,1,9,3,7,3,7,7,2,2,3,5,4,8,6,,,1,4,,,4,8,6,2,4,2,2,3,2,2,3,3,6,6,6,3,3,2,7,6,5,3,4,6,,2,,,b'\x11\xe8\xe1I\xee3\xb9\x96\x9a\xbe\x12\xdf\x17\xaeN\x1e'
11E8E149-EE33-B996-9ABE-12DF17AE4E1E,2020-ncaa-d3-natl,ncaa,170,275,7,216,23,139,149,33,329,118,27,355,207,186,281,319,86,24,373,26,188,26,14,343,345,341,257,291,135,44,167,18,86,18,153,204,316,417,291,334,28,65,116,204,,,377,184,,,255,16,97,303,279,290,155,244,100,294,281,182,82,86,125,83,97,81,70,315,327,64,174,,222,,,250,384,388,418,186,406,431,158,181,188,183,62,340,326,286,341,145,421,423,139,137,133,80,76,237,270,86,428,167,416,153,384,302,50,139,205,397,274,422,318,,,68,309,,,255,422,327,111,251,181,214,224,271,331,75,65,213,198,205,214,258,133,339,268,263,137,311,376,,219,,,b'\x11\xe8\xe1I\xee3\xb9\x96\x9a\xbe\x12\xdf\x17\xaeN\x1e'
11E8E149-EE33-B996-9ABE-12DF17AE4E1E,2021-ncaa-d3-conf-MAC Commonwealth,ncaa,3,5,2,5,2,3,3,2,4,3,4,4,4,2,7,4,2,2,6,2,2,2,2,4,4,4,3,5,2,2,1,4,4,2,2,5,7,7,4,7,2,2,2,5,,,4,5,,,4,2,6,3,4,4,6,4,5,6,4,2,2,2,4,2,3,5,4,7,5,3,5,,4,,,4,6,7,5,5,6,5,5,6,4,6,3,4,4,2,4,2,5,5,5,5,4,2,4,3,5,4,5,1,5,2,7,6,2,3,4,6,5,3,4,,,2,2,,,4,5,4,4,4,2,5,3,4,3,4,3,2,2,2,2,2,1,3,2,6,3,4,3,,3,,,b'\x11\xe8\xe1I\xee3\xb9\x96\x9a\xbe\x12\xdf\x17\xaeN\x1e'
11E8E149-EE33-B996-9ABE-12DF17AE4E1E,2021-ncaa-d3-natl,ncaa,128,183,112,164,130,156,149,140,205,134,125,187,178,149,243,195,137,120,225,120,132,138,138,218,217,212,217,226,103,98,69,138,147,122,112,182,261,170,196,243,115,119,64,63,,,125,69,,,172,143,228,110,229,217,220,171,151,237,210,174,135,136,215,189,90,192,149,251,176,134,48,,49,,,161,129,149,146,161,169,174,117,115,105,202,38,104,109,97,107,36,135,139,133,117,108,39,82,53,148,147,139,69,141,112,182,237,127,118,179,174,194,197,211,,,144,191,,,172,141,210,110,165,75,124,96,156,189,62,28,37,43,44,59,52,109,79,89,190,144,176,211,,206,,,b'\x11\xe8\xe1I\xee3\xb9\x96\x9a\xbe\x12\xdf\x17\xaeN\x1e'
11E8E149-EE33-B996-9ABE-12DF17AE4E1E,2022-ncaa-d3-conf-MAC Commonwealth,ncaa,4,4,9,4,9,7,8,9,7,9,7,8,5,6,2,6,5,4,6,4,3,8,8,5,5,5,1,2,2,3,2,7,8,7,4,7,6,4,6,7,5,4,8,7,,,6,7,,,4,8,5,3,5,6,3,9,5,3,5,2,2,2,3,5,2,6,3,7,5,4,7,,6,,,4,2,2,2,3,4,2,7,1,4,1,6,3,1,8,1,4,1,1,2,2,3,1,1,3,6,8,3,2,4,4,4,7,7,4,6,4,6,2,3,,,8,4,,,4,1,6,3,4,4,4,5,5,5,2,5,4,4,4,4,5,8,5,7,6,5,7,3,,6,,,b'\x11\xe8\xe1I\xee3\xb9\x96\x9a\xbe\x12\xdf\x17\xaeN\x1e'
11E8E149-EE33-B996-9ABE-12DF17AE4E1E,2022-ncaa-d3-natl,ncaa,210,234,188,233,207,261,286,282,295,284,248,322,247,258,202,249,140,118,260,110,80,262,273,290,273,272,145,220,56,234,257,318,373,291,332,321,340,223,263,329,181,174,162,156,,,230,263,,,247,272,354,164,321,346,358,332,277,264,272,134,106,95,325,326,246,379,345,357,211,187,161,,231,,,245,163,185,159,230,264,202,270,53,129,31,130,215,176,332,181,178,152,171,181,192,162,69,42,252,345,373,213,257,275,332,215,227,162,130,163,143,170,139,162,,,216,155,,,247,150,274,220,253,141,172,127,248,206,41,90,215,178,180,119,144,333,218,279,197,160,147,121,,225,,,b'\x11\xe8\xe1I\xee3\xb9\x96\x9a\xbe\x12\xdf\x17\xaeN\x1e'
11E8E149-EE33-B996-9ABE-12DF17AE4E1E,2023-ncaa-d3-conf-MAC Commonwealth,ncaa,7,6,6,7,6,7,7,4,8,7,6,8,4,5,6,4,6,5,8,3,5,5,5,7,7,7,3,4,5,4,6,7,4,6,6,7,6,3,5,7,2,1,9,9,,,7,8,,,7,6,3,1,7,7,3,7,4,4,3,6,4,3,3,3,3,5,4,7,6,1,9,,8,,,7,3,2,1,5,2,2,7,7,7,6,8,7,7,8,6,8,1,3,5,7,5,8,8,8,2,4,7,6,4,6,3,8,2,1,4,3,4,6,7,,,4,5,,,7,4,7,5,7,5,4,3,3,2,7,8,8,8,8,3,7,4,9,6,5,1,6,7,,3,,,b'\x11\xe8\xe1I\xee3\xb9\x96\x9a\xbe\x12\xdf\x17\xaeN\x1e'
11E8E149-EE33-B996-9ABE-12DF17AE4E1E,2023-ncaa-d3-natl,ncaa,316,345,185,334,207,290,284,214,354,279,178,367,233,222,272,248,272,227,357,219,228,215,213,352,357,340,210,205,192,158,214,299,246,240,281,358,403,213,224,347,137,127,381,384,,,312,343,,,315,245,244,88,324,317,183,299,172,248,228,295,226,209,195,190,135,340,243,383,233,131,388,,329,,,312,230,223,131,318,268,159,333,156,155,188,191,309,268,388,263,289,134,187,298,335,270,189,130,302,186,246,309,214,264,281,272,276,134,109,193,162,161,366,347,,,255,283,,,315,190,327,264,310,248,230,126,266,155,163,156,320,268,268,136,195,177,312,267,263,116,164,377,,272,,,b'\x11\xe8\xe1I\xee3\xb9\x96\x9a\xbe\x12\xdf\x17\xaeN\x1e'
11E8E149-EE33-B996-9ABE-12DF17AE4E1E,2024-ncaa-d3-conf-MAC Commonwealth,ncaa,8,8,5,8,5,6,7,6,7,8,7,6,6,4,6,3,5,3,6,3,2,6,6,7,6,8,2,4,2,2,3,7,7,7,6,7,6,8,7,8,7,6,6,6,,,3,4,,,7,5,2,1,6,7,5,8,6,5,3,3,3,3,5,2,2,6,5,7,8,6,6,,5,,,7,5,6,4,7,5,5,7,4,3,6,3,3,3,5,3,3,4,4,6,6,7,4,5,3,6,7,5,3,5,6,4,4,5,3,6,8,8,3,4,,,6,5,,,7,4,7,6,7,7,7,5,6,5,5,3,5,3,4,5,8,7,5,5,6,3,8,4,,3,,,b'\x11\xe8\xe1I\xee3\xb9\x96\x9a\xbe\x12\xdf\x17\xaeN\x1e'
11E8E149-EE33-B996-9ABE-12DF17AE4E1E,2024-ncaa-d3-natl,ncaa,339,361,200,349,292,293,288,318,232,286,289,245,257,268,220,231,286,245,341,242,162,312,197,247,251,354,217,214,204,200,125,269,367,242,248,340,378,410,407,395,234,271,177,208,,,277,253,,,341,202,161,409,321,314,364,297,305,267,272,290,245,243,361,157,190,287,236,362,402,229,182,,296,,,336,271,269,261,230,268,279,193,225,185,296,164,267,284,174,277,234,268,270,220,227,238,220,207,237,372,367,81,125,222,248,306,297,195,217,269,407,400,89,123,,,300,356,,,341,207,348,285,340,287,279,302,269,303,246,203,285,295,291,306,304,368,92,244,300,177,397,83,,326,,,b'\x11\xe8\xe1I\xee3\xb9\x96\x9a\xbe\x12\xdf\x17\xaeN\x1e'
11E8E149-EE33-B996-9ABE-12DF17AE4E1E,2025-ncaa-d3-conf-MAC Commonwealth,genius_ncaa,6,6,5,6,7,6,6,6,6,5,4,4,8,7,8,7,6,5,7,6,5,5,5,6,6,7,8,8,5,5,6,3,2,4,6,7,7,3,4,5,6,8,6,6,,,1,1,,3,5,6,3,7,6,6,4,4,2,8,7,6,5,5,3,2,4,2,2,7,4,6,6,,3,,3,5,2,5,6,3,7,5,7,2,4,2,6,1,1,4,1,1,4,3,3,3,3,1,2,1,4,2,5,6,5,6,3,3,6,7,5,3,5,2,2,,,5,5,,1,5,4,7,3,5,3,7,8,7,8,2,6,1,1,1,7,6,6,7,7,5,6,5,3,,4,,1,b'\x11\xe8\xe1I\xee3\xb9\x96\x9a\xbe\x12\xdf\x17\xaeN\x1e'
11E8E149-EE33-B996-9ABE-12DF17AE4E1E,2025-ncaa-d3-natl,genius_ncaa,274,299,192,292,282,298,281,255,291,187,156,260,380,343,403,349,206,143,343,140,181,230,189,343,338,338,381,395,102,220,274,87,237,136,230,313,326,304,301,340,266,311,137,211,,,228,188,,201,266,187,124,367,327,291,239,168,121,389,351,195,117,111,208,152,213,30,81,333,303,276,138,,252,,218,265,129,202,325,73,327,375,141,15,111,2,59,140,171,77,172,84,307,276,38,31,66,12,12,172,323,237,294,274,322,230,198,192,226,285,221,286,287,141,107,,,156,150,,155,266,241,337,97,261,152,218,342,327,382,18,121,142,180,178,328,307,323,303,321,211,226,287,137,,125,,154,b'\x11\xe8\xe1I\xee3\xb9\x96\x9a\xbe\x12\xdf\x17\xaeN\x1e'
11E8E149-EE33-B996-9ABE-12DF17AE4E1E,2026-ncaa-d3-natl,genius_ncaa,225,132,327,194,376,323,295,314,218,280,287,231,254,289,177,219,372,373,265,367,378,323,350,212,253,200,296,184,378,148,19,345,278,289,85,271,170,36,68,80,339,241,230,155,,,76,224,,75,142,371,344,378,172,117,62,120,80,169,183,348,338,328,95,178,20,194,59,116,78,252,160,,174,,105,116,46,41,56,72,41,72,39,82,64,244,150,109,116,141,118,270,59,47,74,78,114,311,257,301,133,278,53,19,69,85,58,222,349,238,194,52,83,24,20,,,384,402,,291,142,46,119,154,121,87,67,146,72,182,186,133,225,244,260,166,127,281,99,178,124,273,96,39,,395,,279,b'\x11\xe8\xe1I\xee3\xb9\x96\x9a\xbe\x12\xdf\x17\xaeN\x1e'
11E8E149-EE38-DC28-9ABE-12DF17AE4E1E,2018-ncaa-d3-conf-NJAC,ncaa,3,3,1,3,1,2,1,2,1,1,1,3,5,7,4,8,3,4,5,4,6,2,2,3,3,4,9,8,6,1,1,1,4,1,2,6,9,7,7,7,8,8,1,1,,,1,1,,,3,2,5,4,2,2,3,1,2,5,7,3,4,4,3,3,1,1,1,8,5,8,1,,1,,,3,7,9,10,1,9,10,1,6,9,3,8,1,1,2,1,1,10,9,1,1,2,4,7,2,9,4,3,1,6,2,4,3,8,9,8,8,7,10,6,,,1,3,,,3,9,3,3,3,3,5,10,7,9,6,8,1,1,1,8,7,8,2,4,3,9,8,7,,2,,,b'\x11\xe8\xe1I\xee8\xdc(\x9a\xbe\x12\xdf\x17\xaeN\x1e'
11E8E149-EE38-DC28-9ABE-12DF17AE4E1E,2018-ncaa-d3-natl,ncaa,89,114,68,106,96,73,43,71,52,24,45,51,257,277,217,356,137,136,210,130,301,74,63,89,99,132,389,365,320,59,45,7,194,12,41,192,414,389,267,295,179,282,4,8,,,69,14,,,65,65,112,216,76,40,108,20,64,298,327,190,180,166,106,77,69,3,11,241,335,233,3,,25,,,65,207,289,441,10,327,430,22,202,365,14,218,86,104,113,101,25,436,402,8,6,30,84,181,75,421,194,167,45,319,41,172,85,234,386,212,396,324,402,284,,,81,218,,,65,372,122,65,71,115,190,412,221,398,136,313,50,61,60,390,357,378,85,218,119,322,353,371,,123,,,b'\x11\xe8\xe1I\xee8\xdc(\x9a\xbe\x12\xdf\x17\xaeN\x1e'
11E8E149-EE38-DC28-9ABE-12DF17AE4E1E,2019-ncaa-d3-conf-NJAC,ncaa,9,9,7,9,7,8,8,8,7,6,6,7,9,10,2,10,7,8,3,8,8,8,9,7,7,6,8,8,4,6,6,8,8,8,7,6,4,5,7,5,8,7,3,3,,,7,9,,,9,9,7,5,7,6,7,4,4,9,10,5,7,7,7,6,5,8,7,6,6,7,3,,8,,,9,6,7,3,7,7,2,8,5,6,5,6,7,8,5,8,8,4,3,8,8,8,7,6,7,7,8,3,6,4,7,7,8,9,9,8,5,7,7,8,,,10,9,,,9,2,6,9,9,8,7,7,7,4,7,7,8,9,9,8,5,10,4,6,8,8,7,8,,10,,,b'\x11\xe8\xe1I\xee8\xdc(\x9a\xbe\x12\xdf\x17\xaeN\x1e'
11E8E149-EE38-DC28-9ABE-12DF17AE4E1E,2019-ncaa-d3-natl,ncaa,306,331,215,326,260,268,251,279,223,182,127,278,356,397,180,395,228,206,266,195,271,267,238,273,275,293,362,367,158,211,192,285,399,272,310,244,235,319,329,300,175,191,83,84,,,375,378,,,299,239,193,181,280,246,274,163,93,369,395,211,185,172,243,187,193,290,262,231,324,169,75,,405,,,295,254,192,207,184,220,223,213,162,221,126,174,386,426,45,422,414,291,277,175,191,203,273,134,390,414,399,181,192,298,310,243,258,205,230,228,353,358,234,185,,,289,310,,,299,202,292,284,297,284,224,259,250,251,179,231,398,433,430,335,331,402,189,317,255,195,356,250,,284,,,b'\x11\xe8\xe1I\xee8\xdc(\x9a\xbe\x12\xdf\x17\xaeN\x1e'
11E8E149-EE38-DC28-9ABE-12DF17AE4E1E,2020-ncaa-d3-conf-NJAC,ncaa,7,7,7,7,8,7,7,7,6,7,4,8,8,10,3,8,7,4,9,4,6,7,7,7,7,8,8,8,5,6,6,6,4,7,4,9,9,8,9,9,5,5,4,4,,,8,10,,,6,7,5,6,6,7,7,5,4,7,9,5,3,2,6,5,6,5,6,8,9,5,4,,9,,,6,3,1,2,6,4,4,4,5,3,8,4,7,7,6,7,6,2,2,5,6,6,6,6,8,3,4,2,6,2,4,4,6,5,5,6,3,6,3,4,,,9,6,,,6,3,6,6,6,5,5,4,5,5,5,4,9,8,7,5,4,5,4,4,4,5,6,6,,6,,,b'\x11\xe8\xe1I\xee8\xdc(\x9a\xbe\x12\xdf\x17\xaeN\x1e'
11E8E149-EE38-DC28-9ABE-12DF17AE4E1E,2020-ncaa-d3-natl,ncaa,285,275,327,291,348,337,339,298,361,287,139,386,386,387,328,398,189,58,420,62,102,252,215,378,385,376,307,375,55,91,123,145,205,114,159,405,434,309,329,413,154,135,101,79,,,411,428,,,256,271,134,207,328,343,204,260,68,382,375,138,21,22,128,74,62,36,26,419,354,112,75,,430,,,255,57,26,87,33,50,147,32,52,104,59,113,372,411,38,407,413,146,157,24,42,48,343,120,427,248,205,264,123,273,159,31,104,183,157,45,245,248,248,220,,,181,156,,,256,154,359,56,261,122,60,188,86,227,88,144,401,426,420,262,304,303,341,327,56,130,295,296,,84,,,b'\x11\xe8\xe1I\xee8\xdc(\x9a\xbe\x12\xdf\x17\xaeN\x1e'
11E8E149-EE38-DC28-9ABE-12DF17AE4E1E,2021-ncaa-d3-conf-NJAC,ncaa,7,4,7,7,7,7,8,7,8,7,6,8,8,8,7,8,5,5,3,5,3,7,7,8,8,8,6,7,1,6,4,7,4,6,5,8,8,1,3,8,5,2,6,4,,,4,8,,,4,7,1,2,6,8,1,4,1,7,6,1,1,1,1,1,2,4,2,8,3,1,4,,8,,,5,1,1,1,5,1,1,6,1,1,3,3,3,3,2,3,8,1,2,5,5,4,5,2,7,1,4,2,4,2,5,1,2,6,3,4,1,4,7,8,,,6,1,,,4,2,8,4,5,5,4,3,5,5,3,4,8,8,8,5,8,4,8,7,4,1,5,8,,1,,,b'\x11\xe8\xe1I\xee8\xdc(\x9a\xbe\x12\xdf\x17\xaeN\x1e'
11E8E149-EE38-DC28-9ABE-12DF17AE4E1E,2021-ncaa-d3-natl,ncaa,215,149,206,224,206,209,214,202,266,208,180,270,246,240,256,279,167,172,135,170,141,202,207,272,263,251,207,273,9,180,101,206,161,201,159,243,280,69,81,262,176,80,171,125,,,125,282,,,183,208,67,110,218,236,51,162,7,272,270,31,25,24,31,41,38,110,53,280,114,66,119,,281,,,186,73,71,72,122,75,77,110,67,67,128,54,104,126,26,123,262,75,77,109,109,94,143,67,248,84,161,90,101,88,159,62,94,198,97,65,71,96,239,282,,,194,60,,,183,77,240,95,188,133,110,106,134,160,78,73,235,271,269,164,196,185,254,231,93,84,124,285,,32,,,b'\x11\xe8\xe1I\xee8\xdc(\x9a\xbe\x12\xdf\x17\xaeN\x1e'
11E8E149-EE38-DC28-9ABE-12DF17AE4E1E,2022-ncaa-d3-conf-NJAC,ncaa,7,7,1,7,2,6,8,3,9,5,3,10,7,6,6,7,2,1,9,1,1,2,2,9,9,8,4,7,1,2,6,4,3,3,6,8,8,9,6,8,2,2,9,10,,,10,10,,,8,2,9,6,8,9,8,9,6,8,8,3,1,1,8,8,5,7,6,9,6,5,10,,10,,,8,7,4,4,5,7,7,6,4,4,3,3,9,10,4,9,9,8,8,4,4,4,8,3,9,3,3,10,6,8,6,2,2,2,2,1,4,1,8,8,,,1,1,,,8,9,8,4,8,2,1,1,2,2,3,3,7,9,9,2,2,1,6,3,1,5,1,8,,1,,,b'\x11\xe8\xe1I\xee8\xdc(\x9a\xbe\x12\xdf\x17\xaeN\x1e'
11E8E149-EE38-DC28-9ABE-12DF17AE4E1E,2022-ncaa-d3-natl,ncaa,210,257,107,241,162,260,289,227,359,263,147,390,295,316,241,341,93,27,376,20,57,189,160,363,357,351,181,288,22,76,132,213,153,145,188,337,366,305,277,362,88,67,331,329,,,411,423,,,223,201,298,290,353,375,326,340,185,326,351,109,44,33,239,226,96,293,196,389,258,102,359,,403,,,224,122,70,88,141,103,113,144,63,105,76,119,388,406,80,406,420,131,200,119,151,84,299,78,418,141,153,313,132,254,188,30,44,70,40,9,130,112,405,380,,,23,19,,,223,222,318,81,225,62,26,6,64,42,38,49,364,383,382,39,98,103,255,183,14,76,105,391,,24,,,b'\x11\xe8\xe1I\xee8\xdc(\x9a\xbe\x12\xdf\x17\xaeN\x1e'
11E8E149-EE38-DC28-9ABE-12DF17AE4E1E,2023-ncaa-d3-conf-NJAC,ncaa,8,8,7,8,7,9,9,8,10,10,8,10,8,7,10,4,5,6,6,6,6,7,9,10,10,8,4,4,2,4,4,9,2,6,3,9,9,5,8,8,7,5,7,6,,,8,10,,,8,10,9,5,9,9,7,9,7,8,7,5,5,5,6,8,4,7,4,9,7,5,6,,10,,,8,1,1,1,6,1,1,3,3,2,8,4,4,7,3,7,10,1,1,5,5,4,8,7,10,1,2,2,4,1,3,2,6,7,2,2,1,5,7,8,,,5,3,,,8,1,8,2,8,2,1,1,1,1,3,3,7,9,9,2,2,2,4,2,2,6,3,9,,4,,,b'\x11\xe8\xe1I\xee8\xdc(\x9a\xbe\x12\xdf\x17\xaeN\x1e'
11E8E149-EE38-DC28-9ABE-12DF17AE4E1E,2023-ncaa-d3-natl,ncaa,210,223,185,220,214,321,337,283,376,312,243,369,337,273,375,265,158,127,275,132,96,261,248,380,362,351,184,297,29,60,48,234,152,142,99,382,398,307,320,386,192,153,192,157,,,349,411,,,232,311,361,164,358,382,324,346,258,347,286,137,102,109,294,239,43,228,94,401,296,194,197,,364,,,232,54,32,49,103,48,81,89,81,92,146,146,290,321,81,325,385,68,103,100,113,85,309,170,396,140,152,156,48,137,99,48,150,152,88,64,162,182,416,418,,,151,90,,,232,116,326,90,231,56,34,26,53,65,77,81,299,337,342,57,78,138,164,140,58,140,164,416,,106,,,b'\x11\xe8\xe1I\xee8\xdc(\x9a\xbe\x12\xdf\x17\xaeN\x1e'
11E8E149-EE38-DC28-9ABE-12DF17AE4E1E,2024-ncaa-d3-conf-NJAC,ncaa,4,4,5,4,5,7,6,6,8,7,5,7,8,7,7,8,4,5,3,5,5,7,7,8,8,8,6,9,3,3,2,7,4,4,2,7,6,7,7,8,5,3,2,1,,,9,10,,,6,9,9,3,8,7,8,8,6,8,8,4,4,4,7,7,2,7,3,8,7,6,1,,9,,,6,1,2,1,3,2,2,3,4,3,6,4,6,6,8,6,7,1,1,4,4,4,6,4,9,2,4,1,2,1,2,3,7,7,4,4,3,3,9,8,,,6,7,,,6,2,7,4,6,4,3,2,3,3,4,3,7,6,6,2,2,3,3,2,5,6,3,9,,7,,,b'\x11\xe8\xe1I\xee8\xdc(\x9a\xbe\x12\xdf\x17\xaeN\x1e'
11E8E149-EE38-DC28-9ABE-12DF17AE4E1E,2024-ncaa-d3-natl,ncaa,142,162,112,157,118,243,246,232,255,210,141,302,295,326,200,342,159,162,227,153,204,218,192,275,268,284,276,310,108,66,40,213,240,138,109,247,240,302,289,290,145,132,74,39,,,319,370,,,184,274,387,26,299,284,304,226,160,320,354,186,176,170,282,258,61,282,143,285,262,158,74,,303,,,186,96,68,107,83,55,112,75,171,172,194,233,296,303,211,302,352,130,162,89,114,83,367,262,371,238,240,115,40,163,109,180,340,134,98,131,129,131,353,301,,,198,201,,,184,158,243,111,187,67,38,53,38,60,149,150,277,282,281,64,96,210,79,118,158,148,115,336,,246,,,b'\x11\xe8\xe1I\xee8\xdc(\x9a\xbe\x12\xdf\x17\xaeN\x1e'
11E8E149-EE38-DC28-9ABE-12DF17AE4E1E,2025-ncaa-d3-conf-NJAC,genius_ncaa,7,7,7,7,8,8,7,8,6,8,7,6,8,8,9,7,8,8,5,8,6,9,9,6,6,7,9,8,4,5,1,6,4,8,1,8,10,6,7,8,8,6,5,4,,,9,10,,9,6,10,9,4,8,7,8,7,5,8,8,7,6,6,9,8,3,4,2,8,7,6,5,,10,,9,6,1,1,1,1,1,2,1,5,6,7,8,7,7,4,7,9,1,1,1,1,3,9,9,8,3,4,1,1,1,1,4,8,6,4,6,5,7,4,6,,,10,7,,7,6,1,7,4,6,2,1,4,1,2,6,8,8,8,8,3,3,4,3,3,5,6,6,6,,9,,7,b'\x11\xe8\xe1I\xee8\xdc(\x9a\xbe\x12\xdf\x17\xaeN\x1e'
11E8E149-EE38-DC28-9ABE-12DF17AE4E1E,2025-ncaa-d3-natl,genius_ncaa,234,242,192,239,218,284,275,271,273,222,195,270,335,316,351,311,206,147,342,147,152,247,177,301,304,326,306,343,124,80,47,137,216,109,82,332,366,357,349,363,164,157,183,169,,,404,412,,388,198,240,212,127,308,285,263,214,174,347,324,195,122,121,236,129,52,91,53,351,349,150,187,,407,,399,198,50,31,93,23,35,126,21,100,131,111,158,330,384,18,384,393,143,203,29,41,35,359,191,403,262,216,115,47,166,82,100,293,111,100,84,266,260,152,131,,,188,207,,227,198,180,301,51,194,63,37,102,41,139,115,141,344,390,390,168,241,273,112,185,112,97,270,144,,166,,236,b'\x11\xe8\xe1I\xee8\xdc(\x9a\xbe\x12\xdf\x17\xaeN\x1e'
11E8E149-EE38-DC28-9ABE-12DF17AE4E1E,2026-ncaa-d3-conf-NJAC,genius_ncaa,5,5,1,5,2,7,6,7,5,5,4,6,7,8,4,7,9,7,10,7,9,8,7,6,7,7,9,6,9,1,1,10,6,6,2,3,3,5,6,4,10,7,5,5,,,1,3,,7,7,10,10,2,7,6,7,5,4,7,8,9,7,7,8,7,1,10,6,3,5,10,5,,1,,7,7,7,7,3,9,1,1,7,10,9,10,10,1,1,9,1,1,1,1,9,9,8,10,10,1,4,6,1,1,1,2,7,7,7,4,8,4,5,4,4,,,2,1,,1,7,1,6,7,7,7,7,3,1,1,10,9,1,1,1,1,1,4,1,1,7,7,4,4,,2,,1,b'\x11\xe8\xe1I\xee8\xdc(\x9a\xbe\x12\xdf\x17\xaeN\x1e'
11E8E149-EE38-DC28-9ABE-12DF17AE4E1E,2026-ncaa-d3-natl,genius_ncaa,98,132,116,138,122,226,209,224,204,156,151,220,316,321,278,362,202,68,407,68,102,204,183,245,280,290,349,351,180,38,5,334,242,202,59,195,186,279,280,269,124,78,304,264,,,230,330,,347,221,238,404,50,310,278,343,184,169,351,374,238,70,66,300,251,29,407,263,247,260,149,328,,202,,349,222,191,176,126,323,132,97,272,322,226,388,343,165,121,358,118,222,120,153,354,361,269,350,373,154,126,242,102,5,104,59,238,308,125,56,174,228,212,193,160,,,41,8,,8,221,163,227,242,234,107,108,20,60,20,321,185,103,56,58,9,20,92,19,27,207,132,192,157,,14,,7,b'\x11\xe8\xe1I\xee8\xdc(\x9a\xbe\x12\xdf\x17\xaeN\x1e'
11E8E149-EE3E-A766-9ABE-12DF17AE4E1E,2018-ncaa-d3-conf-Great Northeast,ncaa,3,3,1,3,1,3,3,4,4,6,9,3,2,2,2,4,5,9,1,9,7,4,4,3,2,3,4,4,8,8,8,2,6,4,6,3,8,7,8,4,6,8,1,1,,,8,6,,,4,4,10,11,4,5,12,6,12,2,5,7,11,10,12,12,12,4,8,4,4,8,1,,4,,,4,9,8,12,4,4,10,2,12,12,9,10,8,9,10,9,7,12,11,4,4,5,12,11,7,11,6,4,8,8,6,4,3,7,8,5,2,3,1,2,,,11,11,,,4,11,3,7,4,4,3,6,3,5,10,9,6,5,5,3,4,8,3,4,2,10,2,1,,13,,,b'\x11\xe8\xe1I\xee>\xa7f\x9a\xbe\x12\xdf\x17\xaeN\x1e'
11E8E149-EE3E-A766-9ABE-12DF17AE4E1E,2018-ncaa-d3-natl,ncaa,52,68,43,72,54,59,80,92,96,173,284,68,14,22,64,34,112,176,31,175,129,106,108,48,44,48,45,39,297,199,248,21,117,56,127,79,148,216,139,85,190,267,29,40,,,236,117,,,81,89,271,231,92,134,226,283,394,26,41,183,290,286,248,311,306,30,113,114,108,274,44,,93,,,86,282,260,403,42,163,322,40,400,422,204,378,214,201,218,217,144,401,361,71,60,118,384,400,170,327,117,281,248,312,127,150,80,185,290,164,76,43,58,68,,,244,366,,,81,361,55,134,69,119,120,269,74,171,333,367,114,106,109,228,197,209,146,165,77,300,43,26,,392,,,b'\x11\xe8\xe1I\xee>\xa7f\x9a\xbe\x12\xdf\x17\xaeN\x1e'
11E8E149-EE3E-A766-9ABE-12DF17AE4E1E,2019-ncaa-d3-conf-Great Northeast,ncaa,4,4,3,4,4,4,4,4,3,4,9,4,2,3,5,2,5,7,3,7,5,4,4,3,3,2,4,4,6,6,7,6,10,5,8,4,9,4,3,4,5,5,2,1,,,7,5,,,4,4,13,7,5,4,10,6,12,4,3,6,8,8,10,12,11,10,13,6,3,6,2,,4,,,4,7,8,9,7,8,9,4,6,6,9,6,9,7,6,6,5,9,10,7,6,7,5,5,6,11,10,8,7,8,8,2,1,6,6,3,3,3,5,5,,,7,6,,,4,10,4,8,4,6,7,2,8,7,3,3,4,5,4,3,3,7,4,6,2,7,2,6,,7,,,b'\x11\xe8\xe1I\xee>\xa7f\x9a\xbe\x12\xdf\x17\xaeN\x1e'
11E8E149-EE3E-A766-9ABE-12DF17AE4E1E,2019-ncaa-d3-natl,ncaa,78,90,67,92,82,102,117,141,116,163,217,112,79,87,94,103,160,213,65,219,204,147,163,94,81,83,132,114,279,263,319,66,266,114,251,157,282,171,134,141,199,246,36,56,,,148,73,,,133,137,293,100,141,157,238,215,315,98,112,210,271,275,246,314,335,83,175,187,101,241,39,,84,,,138,270,325,398,121,288,382,84,350,336,265,244,92,146,27,140,70,381,343,126,75,145,200,326,68,400,266,316,319,367,251,202,83,246,341,236,148,122,191,206,,,201,247,,,133,311,112,179,139,167,227,345,208,327,287,280,58,103,99,298,240,346,220,293,138,327,100,150,,285,,,b'\x11\xe8\xe1I\xee>\xa7f\x9a\xbe\x12\xdf\x17\xaeN\x1e'
11E8E149-EE3E-A766-9ABE-12DF17AE4E1E,2020-ncaa-d3-conf-Great Northeast,ncaa,3,3,3,3,3,2,3,3,1,3,4,1,1,2,1,3,4,3,10,4,3,3,4,1,1,1,3,2,12,9,10,3,1,5,6,5,9,4,3,5,2,2,1,1,,,7,5,,,2,2,5,1,2,3,4,4,9,1,1,6,5,5,4,6,11,2,6,6,3,3,1,,5,,,2,6,7,8,6,8,9,7,5,5,3,3,6,7,6,6,5,8,9,6,6,6,4,4,5,1,1,11,10,6,6,3,2,3,3,3,3,2,5,6,,,4,6,,,2,9,2,3,2,6,6,6,6,8,3,2,4,5,4,4,4,1,5,5,2,5,2,5,,7,,,b'\x11\xe8\xe1I\xee>\xa7f\x9a\xbe\x12\xdf\x17\xaeN\x1e'
11E8E149-EE3E-A766-9ABE-12DF17AE4E1E,2020-ncaa-d3-natl,ncaa,101,111,65,109,70,119,92,92,140,144,224,84,54,38,166,65,333,279,381,287,293,123,129,115,164,139,188,77,416,238,338,44,90,90,204,173,327,166,121,159,113,141,41,53,,,293,238,,,86,93,265,38,171,115,147,197,322,63,60,383,342,351,191,258,304,45,144,204,100,147,50,,227,,,85,117,120,296,38,152,266,80,121,286,10,256,225,247,135,226,188,286,323,28,32,43,186,157,287,227,90,396,338,344,204,51,42,151,186,49,65,43,45,42,,,263,349,,,86,328,174,42,89,54,68,183,103,168,69,224,165,182,172,172,167,163,308,260,28,194,40,24,,371,,,b'\x11\xe8\xe1I\xee>\xa7f\x9a\xbe\x12\xdf\x17\xaeN\x1e'
11E8E149-EE3E-A766-9ABE-12DF17AE4E1E,2021-ncaa-d3-conf-CCC,ncaa,1,1,3,1,3,2,1,4,2,1,2,2,3,4,1,5,3,2,6,2,2,3,4,1,1,1,5,5,4,4,4,3,2,4,4,2,3,2,1,2,2,1,1,1,,,4,5,,,1,3,4,4,1,1,2,2,2,2,5,3,1,1,1,2,3,1,2,3,1,1,1,,5,,,1,2,2,3,1,2,2,1,6,6,4,6,2,3,1,2,4,3,3,1,1,1,6,6,3,4,2,5,4,4,4,3,3,3,1,1,2,1,2,2,,,4,5,,,1,3,1,1,1,1,1,3,1,1,6,6,1,4,3,2,3,4,4,4,2,1,1,2,,5,,,b'\x11\xe8\xe1I\xee>\xa7f\x9a\xbe\x12\xdf\x17\xaeN\x1e'
11E8E149-EE3E-A766-9ABE-12DF17AE4E1E,2021-ncaa-d3-natl,ncaa,63,28,176,36,180,153,141,175,84,143,151,139,121,171,21,193,176,161,254,159,175,171,185,80,101,72,155,98,231,160,139,135,45,147,89,157,204,76,24,58,147,99,51,1,,,108,158,,,40,186,174,110,76,58,69,74,62,73,165,185,119,121,66,138,106,12,30,120,35,112,10,,134,,,32,83,79,101,8,50,78,3,190,197,134,284,74,80,38,75,117,99,99,27,18,26,284,285,70,102,45,121,139,111,89,71,111,166,119,46,64,21,69,28,,,192,218,,,40,99,67,25,35,24,19,131,1,5,270,280,29,46,36,88,90,114,201,175,29,129,18,33,,216,,,b'\x11\xe8\xe1I\xee>\xa7f\x9a\xbe\x12\xdf\x17\xaeN\x1e'
11E8E149-EE3E-A766-9ABE-12DF17AE4E1E,2022-ncaa-d3-conf-CCC,ncaa,4,3,7,4,9,6,4,6,2,3,5,1,6,6,7,6,8,9,4,9,8,6,7,2,2,4,8,7,10,5,5,6,6,6,6,5,7,5,6,5,2,1,1,1,,,5,4,,,3,7,3,7,4,2,5,2,3,5,6,8,9,9,5,3,5,5,5,3,5,2,1,,5,,,3,3,3,2,2,3,4,2,3,2,7,4,8,6,10,6,6,4,5,2,3,3,9,7,10,6,6,4,5,4,6,3,5,4,3,3,6,6,2,3,,,10,10,,,3,3,4,3,3,3,3,5,3,6,5,4,9,7,7,5,7,6,5,6,5,3,6,3,,10,,,b'\x11\xe8\xe1I\xee>\xa7f\x9a\xbe\x12\xdf\x17\xaeN\x1e'
11E8E149-EE3E-A766-9ABE-12DF17AE4E1E,2022-ncaa-d3-natl,ncaa,96,95,107,105,162,88,56,60,87,39,44,73,207,175,275,278,200,163,265,161,321,68,70,124,153,142,373,319,344,65,116,50,128,46,91,72,176,243,125,98,28,32,10,7,,,264,164,,,45,82,73,290,70,34,44,26,44,249,212,223,187,184,45,64,79,19,24,58,192,30,5,,221,,,43,142,97,309,10,82,292,8,263,303,141,249,294,291,292,281,229,314,341,14,18,19,377,320,353,287,128,304,116,298,91,111,168,79,128,49,153,75,212,108,,,243,382,,,45,344,122,23,51,81,55,275,44,243,206,259,256,244,238,263,315,241,246,251,83,94,119,188,,325,,,b'\x11\xe8\xe1I\xee>\xa7f\x9a\xbe\x12\xdf\x17\xaeN\x1e'
11E8E149-EE3E-A766-9ABE-12DF17AE4E1E,2023-ncaa-d3-conf-CCC,ncaa,7,7,5,7,8,8,8,6,6,6,3,8,8,7,9,8,7,6,6,6,7,6,5,8,8,9,7,8,4,4,4,6,5,6,5,8,8,7,6,8,4,5,4,3,,,7,8,,,6,6,4,10,7,7,4,4,3,9,6,6,6,6,4,2,2,3,3,8,7,5,4,,8,,,6,5,5,5,5,4,3,5,8,9,5,9,8,8,5,8,9,6,7,5,5,5,10,9,9,8,5,6,4,7,5,7,8,6,5,8,4,5,8,6,,,8,8,,,6,5,8,6,6,6,5,5,4,3,8,9,8,8,8,8,8,8,6,7,7,5,5,8,,6,,,b'\x11\xe8\xe1I\xee>\xa7f\x9a\xbe\x12\xdf\x17\xaeN\x1e'
11E8E149-EE3E-A766-9ABE-12DF17AE4E1E,2023-ncaa-d3-natl,ncaa,188,223,109,207,183,161,150,104,220,98,50,251,321,322,273,371,119,122,158,128,295,110,63,268,250,280,356,373,138,65,72,52,185,46,101,188,262,382,311,294,146,205,48,55,,,366,302,,,219,79,79,427,178,159,113,93,47,353,351,125,137,142,109,61,70,29,25,210,345,166,47,,352,,,219,306,237,348,73,208,279,98,291,356,104,283,376,368,276,369,340,370,357,85,110,144,336,251,356,325,185,228,72,296,101,337,366,148,241,269,261,185,266,145,,,160,292,,,219,347,263,158,219,250,186,304,165,227,253,330,363,359,357,328,325,288,185,235,295,180,238,247,,176,,,b'\x11\xe8\xe1I\xee>\xa7f\x9a\xbe\x12\xdf\x17\xaeN\x1e'
11E8E149-EE3E-A766-9ABE-12DF17AE4E1E,2024-ncaa-d3-conf-CCC,ncaa,3,4,1,4,1,2,2,3,2,2,2,3,5,6,1,8,2,4,1,4,8,3,3,2,2,2,7,7,6,2,2,1,7,2,4,4,9,7,5,5,7,9,1,1,,,6,3,,,4,2,7,2,3,3,4,2,4,6,7,2,5,5,4,7,3,3,2,5,5,8,1,,5,,,5,8,8,10,4,8,9,3,9,9,6,6,6,5,9,5,1,10,9,4,3,4,5,8,3,10,7,4,2,9,4,8,9,7,10,8,6,5,2,2,,,3,7,,,4,9,2,6,5,5,5,10,5,8,9,8,2,1,2,9,6,9,1,5,7,10,5,2,,6,,,b'\x11\xe8\xe1I\xee>\xa7f\x9a\xbe\x12\xdf\x17\xaeN\x1e'
11E8E149-EE3E-A766-9ABE-12DF17AE4E1E,2024-ncaa-d3-natl,ncaa,56,66,38,64,39,37,39,61,57,32,34,95,184,260,63,355,35,76,13,73,270,61,35,86,60,114,323,326,167,23,11,21,340,14,72,83,266,383,291,225,176,302,2,5,,,354,168,,,113,43,165,35,53,59,120,40,61,242,326,64,150,148,114,80,42,36,20,120,325,250,2,,260,,,119,369,374,424,74,359,423,48,332,359,182,155,236,239,183,245,55,424,407,64,48,109,158,222,111,422,340,115,11,347,72,410,396,185,346,359,356,247,188,66,,,61,245,,,113,383,80,193,124,230,275,390,266,389,234,269,143,143,145,381,348,400,17,215,352,282,293,126,,157,,,b'\x11\xe8\xe1I\xee>\xa7f\x9a\xbe\x12\xdf\x17\xaeN\x1e'
11E8E149-EE3E-A766-9ABE-12DF17AE4E1E,2025-ncaa-d3-conf-CNE,genius_ncaa,5,5,5,5,5,6,6,8,4,6,6,4,4,7,4,7,3,4,2,3,2,6,6,3,3,5,5,6,4,7,6,3,5,6,5,6,8,7,7,6,7,7,4,5,,,6,7,,3,5,4,3,6,6,6,8,6,5,5,6,3,3,3,6,5,7,1,4,7,7,6,4,,6,,3,5,7,5,9,4,3,6,2,10,9,8,8,8,7,5,7,7,9,7,4,5,5,9,10,7,6,5,5,6,7,5,7,8,8,9,9,6,6,4,7,,,5,6,,10,5,7,5,5,5,6,6,8,4,5,10,9,7,7,7,7,7,5,5,5,6,7,6,5,,6,,10,b'\x11\xe8\xe1I\xee>\xa7f\x9a\xbe\x12\xdf\x17\xaeN\x1e'
11E8E149-EE3E-A766-9ABE-12DF17AE4E1E,2025-ncaa-d3-natl,genius_ncaa,194,215,116,207,118,144,170,209,143,171,188,174,194,244,110,271,45,51,99,48,60,169,125,146,112,181,152,240,54,223,255,55,188,102,169,202,261,352,312,294,228,303,157,192,,,358,308,,101,205,94,121,22,149,195,256,186,211,213,266,38,56,51,197,128,257,25,92,229,317,269,173,,359,,91,208,318,216,352,64,142,288,45,336,344,268,244,389,385,276,385,343,368,342,79,121,179,389,306,372,317,188,239,255,290,169,290,317,203,297,265,266,229,132,119,,,100,139,,405,205,328,205,194,207,264,172,306,116,248,308,322,383,375,375,335,315,300,204,244,256,236,244,107,,105,,410,b'\x11\xe8\xe1I\xee>\xa7f\x9a\xbe\x12\xdf\x17\xaeN\x1e'
11E8E149-EE3E-A766-9ABE-12DF17AE4E1E,2026-ncaa-d3-conf-CNE,genius_ncaa,2,1,7,1,7,10,10,11,5,10,8,7,6,11,1,10,7,8,5,6,6,10,9,4,4,6,5,6,5,8,3,7,3,7,1,11,10,5,8,8,6,3,6,5,,,4,8,,1,2,9,7,1,6,6,8,6,4,5,9,3,4,3,7,7,5,2,3,6,8,3,5,,6,,1,1,1,1,2,1,1,1,1,2,3,3,8,2,4,1,3,8,2,4,1,1,1,11,7,10,3,3,1,3,3,1,1,7,3,2,1,4,6,1,2,,,8,6,,11,2,2,6,1,1,1,1,2,1,1,3,4,3,5,5,2,5,4,1,3,1,1,5,2,,5,,11,b'\x11\xe8\xe1I\xee>\xa7f\x9a\xbe\x12\xdf\x17\xaeN\x1e'
11E8E149-EE3E-A766-9ABE-12DF17AE4E1E,2026-ncaa-d3-natl,genius_ncaa,13,68,42,64,64,98,98,97,191,107,78,253,110,159,78,268,104,158,65,154,286,97,85,191,182,202,182,183,220,86,152,25,116,33,91,195,356,321,238,295,249,344,134,210,,,271,145,,20,133,95,255,113,212,211,231,209,174,183,269,188,274,275,255,232,171,37,74,319,228,351,211,,131,,17,152,260,271,349,68,236,321,66,328,361,165,311,165,181,127,169,62,334,323,77,54,91,257,340,89,294,116,298,152,308,91,218,104,133,243,157,173,75,290,218,,,104,228,,381,133,329,196,101,145,92,128,242,99,195,257,298,53,57,57,198,167,194,165,173,94,259,70,229,,244,,398,b'\x11\xe8\xe1I\xee>\xa7f\x9a\xbe\x12\xdf\x17\xaeN\x1e'
11E8E149-EE43-250C-9ABE-12DF17AE4E1E,2018-ncaa-d3-conf-ASC,ncaa,9,9,13,9,13,13,13,10,13,13,13,13,5,2,11,1,12,13,8,13,5,11,10,13,13,13,1,1,5,12,13,11,13,12,13,12,8,8,9,12,9,9,12,12,,,9,8,,,13,8,1,3,13,13,6,13,13,2,1,11,11,11,7,4,12,4,10,11,11,9,12,,13,,,13,11,10,7,10,13,11,10,5,3,10,3,7,11,2,11,8,9,6,10,9,9,1,4,7,11,13,12,13,13,13,8,5,9,10,9,8,11,10,13,,,12,7,,,13,6,13,9,13,13,13,13,13,13,6,5,12,13,13,13,13,13,13,13,11,9,12,12,,4,,,b'\x11\xe8\xe1I\xeeC%\x0c\x9a\xbe\x12\xdf\x17\xaeN\x1e'
11E8E149-EE43-250C-9ABE-12DF17AE4E1E,2018-ncaa-d3-natl,ncaa,364,349,363,371,367,356,386,320,406,414,413,400,121,47,319,21,286,240,350,237,31,314,291,388,388,381,11,28,126,293,362,373,399,366,410,363,219,268,323,372,225,248,422,425,,,385,409,,,403,279,62,129,338,388,154,423,398,74,17,228,145,142,135,83,227,325,292,349,357,175,419,,442,,,401,356,321,173,382,363,249,386,155,147,237,98,406,423,112,422,412,253,218,358,374,376,177,75,375,345,399,360,362,367,410,350,304,283,317,362,336,351,142,332,,,211,138,,,403,178,383,396,399,419,397,364,405,371,234,221,433,440,440,415,404,391,421,418,388,206,377,214,,65,,,b'\x11\xe8\xe1I\xeeC%\x0c\x9a\xbe\x12\xdf\x17\xaeN\x1e'
11E8E149-EE43-250C-9ABE-12DF17AE4E1E,2019-ncaa-d3-conf-ASC,ncaa,12,10,12,12,13,10,10,11,10,10,8,10,11,12,4,11,9,10,3,10,10,11,11,11,10,11,4,6,7,11,9,13,12,12,12,11,11,6,10,11,9,9,11,11,,,5,7,,,12,9,1,8,9,10,5,10,3,6,11,7,7,7,4,1,10,13,12,10,12,8,11,,10,,,12,11,11,3,12,8,3,11,11,8,11,11,8,6,13,7,9,4,3,12,12,12,10,9,5,6,12,2,9,3,12,10,5,9,8,10,6,8,5,6,,,11,10,,,12,5,11,12,12,13,12,12,11,9,11,11,12,12,12,13,13,10,9,8,12,7,9,6,,8,,,b'\x11\xe8\xe1I\xeeC%\x0c\x9a\xbe\x12\xdf\x17\xaeN\x1e'
11E8E149-EE43-250C-9ABE-12DF17AE4E1E,2019-ncaa-d3-natl,ncaa,390,331,407,390,418,357,371,375,334,372,338,372,281,330,158,260,276,320,76,317,246,378,386,328,303,304,133,185,111,360,234,426,418,419,384,379,328,133,285,343,264,209,409,385,,,162,321,,,377,386,38,353,203,245,82,256,109,183,202,113,160,156,83,58,207,425,386,300,335,158,394,,397,,,387,215,178,50,409,167,39,415,276,211,348,337,304,264,343,260,399,59,56,416,424,414,327,278,295,168,418,47,234,66,384,265,305,330,226,336,153,274,137,228,,,372,295,,,377,49,314,417,385,428,404,355,365,237,407,390,427,416,419,386,394,356,269,320,399,149,320,283,,181,,,b'\x11\xe8\xe1I\xeeC%\x0c\x9a\xbe\x12\xdf\x17\xaeN\x1e'
11E8E149-EE43-250C-9ABE-12DF17AE4E1E,2020-ncaa-d3-conf-ASC,ncaa,8,9,5,9,6,11,9,11,6,6,3,7,12,12,5,12,8,8,5,8,11,9,8,9,8,11,12,12,4,11,9,5,8,7,9,12,12,12,12,12,10,11,5,6,,,1,2,,,11,6,4,5,12,11,12,6,2,12,12,7,7,6,12,7,11,6,9,12,12,10,6,,2,,,11,11,11,10,10,10,8,9,11,11,11,9,2,3,4,3,2,11,8,9,9,9,7,10,1,9,8,6,9,7,9,10,8,9,11,11,10,9,7,5,,,9,9,,,11,8,11,9,11,8,9,10,10,10,10,11,2,4,4,10,9,8,6,7,10,9,10,7,,11,,,b'\x11\xe8\xe1I\xeeC%\x0c\x9a\xbe\x12\xdf\x17\xaeN\x1e'
11E8E149-EE43-250C-9ABE-12DF17AE4E1E,2020-ncaa-d3-natl,ncaa,324,306,372,330,381,330,324,366,249,269,230,299,386,405,211,402,205,234,161,231,245,363,332,295,261,328,327,377,77,342,319,311,314,338,312,382,412,356,385,401,219,204,302,286,,,112,101,,,362,300,52,144,272,275,270,182,92,368,394,129,137,137,246,113,307,188,262,375,402,138,278,,217,,,362,301,317,214,336,237,126,349,384,364,358,358,155,187,105,183,240,200,174,371,350,349,309,369,111,248,314,117,319,160,312,348,327,259,259,334,283,329,71,71,,,300,238,,,362,158,337,336,351,395,390,383,341,277,411,407,255,284,280,388,393,332,265,303,383,160,352,110,,172,,,b'\x11\xe8\xe1I\xeeC%\x0c\x9a\xbe\x12\xdf\x17\xaeN\x1e'
11E8E149-EE43-250C-9ABE-12DF17AE4E1E,2021-ncaa-d3-conf-ASC,ncaa,5,9,2,7,2,3,3,2,6,4,3,9,3,4,3,9,2,2,2,2,8,2,2,6,5,6,6,8,3,6,11,2,5,2,7,4,7,10,8,6,4,10,11,12,,,10,3,,,7,2,9,3,7,7,10,7,7,7,9,6,10,10,10,12,11,3,7,6,6,11,12,,4,,,7,12,12,12,5,11,11,7,11,11,7,11,8,8,4,8,3,11,11,5,5,8,7,9,1,11,5,12,11,12,7,12,5,2,11,10,11,9,12,10,,,3,8,,,7,11,7,6,7,6,7,9,5,4,10,12,4,4,4,8,7,7,8,7,6,10,6,9,,10,,,b'\x11\xe8\xe1I\xeeC%\x0c\x9a\xbe\x12\xdf\x17\xaeN\x1e'
11E8E149-EE43-250C-9ABE-12DF17AE4E1E,2021-ncaa-d3-natl,ncaa,35,275,2,155,2,7,10,7,154,10,6,162,16,9,131,150,4,5,46,5,71,6,6,152,126,146,90,156,36,25,246,2,120,5,178,20,200,282,181,195,20,188,168,277,,,281,183,,,205,4,115,38,150,181,208,173,177,148,161,52,82,90,178,165,246,61,157,197,174,176,278,,192,,,159,282,283,283,127,281,282,147,284,284,113,241,279,279,119,279,183,283,283,140,131,151,206,217,131,281,120,284,246,283,178,280,93,7,166,139,279,158,280,197,,,4,94,,,205,283,167,150,155,159,154,190,126,100,217,245,159,170,170,188,180,159,190,183,125,149,143,188,,112,,,b'\x11\xe8\xe1I\xeeC%\x0c\x9a\xbe\x12\xdf\x17\xaeN\x1e'
11E8E149-EE43-250C-9ABE-12DF17AE4E1E,2022-ncaa-d3-conf-ASC,ncaa,5,6,2,6,3,2,2,2,3,2,2,3,3,4,3,8,5,5,1,5,9,2,2,2,2,3,7,8,7,4,5,3,5,3,5,2,3,9,3,4,2,4,11,11,,,9,7,,,5,2,2,6,2,3,2,3,3,3,6,6,8,8,2,2,5,4,4,3,4,3,11,,7,,,5,10,10,11,7,11,10,8,8,9,5,6,4,6,1,6,2,10,10,8,7,6,4,6,1,9,5,9,5,9,5,4,1,4,6,2,7,5,8,7,,,6,10,,,5,10,5,6,5,7,8,8,7,8,7,7,1,2,1,8,9,5,7,5,3,5,5,8,,10,,,b'\x11\xe8\xe1I\xeeC%\x0c\x9a\xbe\x12\xdf\x17\xaeN\x1e'
11E8E149-EE43-250C-9ABE-12DF17AE4E1E,2022-ncaa-d3-natl,ncaa,147,210,61,188,76,57,63,55,120,63,66,130,104,124,127,238,29,65,48,61,196,49,36,127,101,129,217,237,154,122,216,83,151,91,190,48,86,346,206,122,43,80,390,413,,,396,296,,,144,30,45,204,62,75,80,86,109,146,180,64,111,106,70,67,186,142,163,49,262,62,414,,347,,,158,384,381,350,294,381,345,306,314,310,246,200,323,355,99,351,273,367,394,294,282,223,182,197,203,257,151,344,216,327,190,207,27,39,85,60,300,188,324,224,,,75,239,,,144,399,139,189,161,287,297,255,293,249,229,226,260,298,292,266,337,168,248,207,121,61,230,278,,140,,,b'\x11\xe8\xe1I\xeeC%\x0c\x9a\xbe\x12\xdf\x17\xaeN\x1e'
11E8E149-EE43-250C-9ABE-12DF17AE4E1E,2023-ncaa-d3-conf-ASC,ncaa,5,5,4,5,4,3,3,2,5,1,2,5,8,9,8,10,3,3,6,3,7,2,2,7,6,6,10,10,5,2,4,4,5,3,5,3,4,6,3,3,1,1,8,9,,,6,5,,,5,1,1,1,2,3,2,1,1,9,9,3,3,3,2,1,2,4,2,2,7,1,8,,8,,,5,5,6,3,7,5,3,8,7,7,4,8,5,6,5,5,5,4,10,7,8,4,5,7,6,3,5,8,4,3,5,7,8,1,1,2,2,2,3,2,,,3,7,,,5,10,4,3,5,5,6,4,4,4,8,7,6,6,6,4,8,4,8,5,7,1,2,3,,4,,,b'\x11\xe8\xe1I\xeeC%\x0c\x9a\xbe\x12\xdf\x17\xaeN\x1e'
11E8E149-EE43-250C-9ABE-12DF17AE4E1E,2023-ncaa-d3-natl,ncaa,171,171,185,178,198,93,105,68,202,69,34,242,292,303,242,380,22,33,51,31,179,56,45,253,205,192,310,374,45,45,94,170,125,104,136,123,227,293,157,192,30,30,333,321,,,364,311,,,185,56,15,71,49,68,22,43,13,300,316,10,19,18,12,12,32,140,42,100,287,19,346,,382,,,187,365,317,214,349,220,115,339,402,366,400,357,346,313,383,305,352,233,342,376,395,273,394,368,278,135,125,336,94,254,136,325,275,37,33,106,89,30,288,129,,,32,108,,,185,376,158,220,192,351,315,243,223,112,400,361,358,324,319,255,364,137,339,260,307,20,94,297,,9,,,b'\x11\xe8\xe1I\xeeC%\x0c\x9a\xbe\x12\xdf\x17\xaeN\x1e'
11E8E149-EE43-250C-9ABE-12DF17AE4E1E,2024-ncaa-d3-conf-ASC,ncaa,7,6,7,7,8,6,5,5,5,3,2,5,10,10,10,10,5,7,2,7,10,6,6,6,7,5,10,10,4,5,6,8,6,7,6,4,1,4,5,4,3,3,9,9,,,1,3,,,6,7,2,6,5,3,3,2,1,10,10,3,5,4,3,2,4,8,6,2,6,3,9,,3,,,6,6,4,3,9,4,3,10,6,7,5,8,6,4,8,3,8,3,5,10,10,9,7,6,7,4,6,6,6,4,6,8,7,4,3,7,6,7,5,3,,,8,8,,,6,4,6,6,6,9,6,5,5,4,8,7,9,7,7,5,9,5,8,7,8,1,7,6,,7,,,b'\x11\xe8\xe1I\xeeC%\x0c\x9a\xbe\x12\xdf\x17\xaeN\x1e'
11E8E149-EE43-250C-9ABE-12DF17AE4E1E,2024-ncaa-d3-natl,ncaa,299,275,345,300,357,246,247,278,202,126,90,214,415,409,410,419,69,125,30,121,227,256,276,303,237,237,402,424,31,231,179,352,223,327,228,201,109,205,234,205,83,58,367,332,,,229,302,,,262,281,63,244,167,171,116,38,20,418,411,18,38,39,84,71,153,306,230,126,287,42,358,,344,,,264,221,130,55,323,101,40,339,294,234,326,339,380,326,420,329,410,73,125,345,388,319,393,300,393,104,223,107,179,93,228,229,320,114,66,155,275,293,238,165,,,222,169,,,262,145,246,283,264,346,262,171,197,80,364,341,414,389,394,231,316,179,247,220,299,49,320,318,,79,,,b'\x11\xe8\xe1I\xeeC%\x0c\x9a\xbe\x12\xdf\x17\xaeN\x1e'
11E8E149-EE43-250C-9ABE-12DF17AE4E1E,2025-ncaa-d2-conf-Lone Star,genius_ncaa,16,16,8,16,9,11,11,3,16,7,2,16,11,10,14,13,10,9,11,9,16,3,4,16,16,15,14,13,9,8,13,15,16,14,16,12,12,9,3,12,2,5,14,16,,,7,1,,1,16,2,1,7,13,12,2,5,1,12,12,10,10,10,1,2,10,15,15,13,8,3,14,,7,,1,16,16,16,15,16,16,12,16,16,16,12,13,13,11,7,11,7,16,16,16,16,16,7,10,1,16,16,16,13,16,16,16,9,3,9,13,13,9,16,15,,,12,16,,16,16,13,15,16,16,16,16,16,16,16,16,16,12,11,11,16,16,16,16,16,16,2,13,15,,12,,15,b'\x11\xe8\xe1I\xeeC%\x0c\x9a\xbe\x12\xdf\x17\xaeN\x1e'
11E8E149-EE43-250C-9ABE-12DF17AE4E1E,2025-ncaa-d2-natl,genius_ncaa,290,281,275,292,285,278,272,200,295,241,122,296,270,267,264,251,265,264,168,264,285,220,255,294,295,279,242,234,154,255,257,293,298,292,299,266,210,29,70,183,149,103,294,299,,,23,32,,22,295,252,19,207,236,206,17,145,11,247,212,210,214,211,27,48,187,298,292,221,118,57,297,,116,,29,296,181,216,76,295,200,50,296,203,181,216,243,61,50,230,49,109,61,60,294,294,290,97,190,39,191,298,169,257,181,299,219,181,196,145,238,88,161,283,279,,,284,288,,263,295,43,282,295,296,298,298,287,295,213,281,286,177,150,148,279,284,274,296,296,289,80,198,297,,258,,260,b'\x11\xe8\xe1I\xeeC%\x0c\x9a\xbe\x12\xdf\x17\xaeN\x1e'
11E8E149-EE43-250C-9ABE-12DF17AE4E1E,2026-ncaa-d2-conf-Lone Star,genius_ncaa,11,12,6,11,7,13,13,7,16,15,5,17,8,10,5,14,9,10,3,10,13,7,7,15,16,15,3,4,8,5,9,16,17,11,16,13,13,4,3,9,2,1,14,14,,,10,9,,7,14,9,5,2,11,12,2,16,1,6,8,8,8,8,2,2,2,16,8,13,5,1,13,,11,,8,15,12,10,6,16,13,5,17,5,10,7,11,13,12,10,12,10,6,8,16,16,14,4,4,11,10,17,13,9,13,16,17,17,7,6,16,7,7,17,17,,,9,13,,11,14,5,13,16,15,16,14,10,15,9,8,14,13,11,11,9,12,13,16,16,17,4,8,17,,8,,10,b'\x11\xe8\xe1I\xeeC%\x0c\x9a\xbe\x12\xdf\x17\xaeN\x1e'
11E8E149-EE43-250C-9ABE-12DF17AE4E1E,2026-ncaa-d2-natl,genius_ncaa,276,144,289,276,290,291,293,292,293,295,289,298,266,285,133,215,253,273,42,266,113,292,291,290,283,265,19,128,12,269,180,295,295,293,293,291,213,13,145,256,216,36,297,287,,,18,219,,60,264,292,67,88,237,280,79,282,57,168,191,37,70,62,59,57,74,297,272,271,178,20,284,,252,,202,289,24,25,6,295,31,9,294,46,12,269,145,42,34,158,34,256,8,8,296,296,289,148,153,156,46,295,19,180,21,293,147,298,278,77,277,15,149,229,298,,,282,91,,165,264,7,265,292,290,291,290,162,275,146,240,173,261,260,263,202,249,269,295,293,297,48,169,298,,56,,40,b'\x11\xe8\xe1I\xeeC%\x0c\x9a\xbe\x12\xdf\x17\xaeN\x1e'
11E8E149-EE47-E358-9ABE-12DF17AE4E1E,2018-ncaa-d3-conf-Landmark,ncaa,6,5,5,6,6,7,7,7,6,7,6,7,6,5,6,5,7,7,3,7,7,7,7,6,6,6,6,5,7,6,6,5,5,6,6,6,4,2,2,4,5,5,3,2,,,2,5,,,6,8,7,6,7,7,6,6,5,6,5,7,7,7,6,6,6,5,5,6,2,5,3,,4,,,6,2,2,2,3,2,2,2,4,4,6,6,2,2,1,2,5,2,1,3,3,4,6,6,3,4,5,4,6,5,6,3,5,7,5,5,2,2,1,1,,,6,6,,,6,1,7,5,6,3,4,2,2,2,5,6,2,4,3,2,2,6,6,7,5,6,2,1,,6,,,b'\x11\xe8\xe1I\xeeG\xe3X\x9a\xbe\x12\xdf\x17\xaeN\x1e'
11E8E149-EE47-E358-9ABE-12DF17AE4E1E,2018-ncaa-d3-natl,ncaa,243,223,305,246,339,320,283,260,298,254,256,275,288,236,341,183,390,410,196,409,417,305,371,308,327,264,328,237,386,316,344,209,190,266,284,187,55,20,47,48,285,244,42,20,,,97,166,,,224,372,342,261,313,257,159,223,178,271,189,399,412,409,223,355,297,95,191,130,29,260,26,,123,,,224,66,68,123,77,56,130,46,230,188,302,257,86,106,92,107,155,102,80,96,79,139,314,347,179,200,190,268,344,239,284,133,290,340,279,256,45,92,107,120,,,412,402,,,224,71,272,172,227,112,121,218,96,211,267,240,116,128,131,194,138,266,347,325,192,313,66,127,,423,,,b'\x11\xe8\xe1I\xeeG\xe3X\x9a\xbe\x12\xdf\x17\xaeN\x1e'
11E8E149-EE47-E358-9ABE-12DF17AE4E1E,2019-ncaa-d3-conf-Landmark,ncaa,7,7,5,7,5,5,6,7,3,8,8,4,2,2,2,1,7,7,6,7,6,7,7,3,3,4,1,1,7,7,7,6,5,6,6,5,3,6,6,4,7,7,4,5,,,4,5,,,7,7,6,1,5,5,6,8,8,1,1,7,7,7,7,6,6,6,6,4,6,7,4,,5,,,7,5,5,3,6,4,4,4,6,2,7,4,6,5,7,5,7,2,3,6,6,6,5,5,7,2,5,3,7,2,6,6,3,7,7,5,4,6,4,7,,,8,7,,,7,2,4,6,7,6,6,4,4,6,8,3,6,6,6,5,4,4,6,4,6,6,5,4,,8,,,b'\x11\xe8\xe1I\xeeG\xe3X\x9a\xbe\x12\xdf\x17\xaeN\x1e'
11E8E149-EE47-E358-9ABE-12DF17AE4E1E,2019-ncaa-d3-natl,ncaa,356,361,317,365,362,310,282,349,176,352,392,202,100,133,76,51,402,404,345,400,318,368,382,121,178,197,87,33,414,383,343,313,316,356,318,249,174,118,273,197,370,364,150,143,,,222,347,,,307,375,329,436,288,254,331,350,389,57,89,413,404,400,375,389,374,260,347,196,184,373,123,,314,,,307,193,141,116,222,144,170,151,232,131,395,152,349,304,405,295,317,132,84,237,297,358,340,237,363,259,316,126,343,166,318,202,265,382,376,363,140,263,215,344,,,414,403,,,307,70,233,376,308,291,226,235,205,259,281,175,387,357,350,265,166,313,191,248,259,388,193,266,,430,,,b'\x11\xe8\xe1I\xeeG\xe3X\x9a\xbe\x12\xdf\x17\xaeN\x1e'
11E8E149-EE47-E358-9ABE-12DF17AE4E1E,2020-ncaa-d3-conf-Landmark,ncaa,5,3,5,5,6,5,7,7,4,7,8,5,3,6,1,4,2,2,2,3,1,7,7,3,2,3,2,3,2,8,5,3,2,6,2,7,7,5,7,7,8,8,2,3,,,5,5,,,5,6,4,3,4,7,7,7,7,2,6,1,2,2,7,6,7,1,3,7,6,8,2,,6,,,6,4,4,6,4,4,6,3,4,5,4,4,6,6,4,6,6,6,2,3,4,5,6,5,7,3,2,2,5,2,2,2,2,8,8,8,5,5,4,7,,,3,1,,,5,3,4,5,5,5,5,7,5,7,6,6,7,7,7,8,4,4,2,3,4,8,5,5,,1,,,b'\x11\xe8\xe1I\xeeG\xe3X\x9a\xbe\x12\xdf\x17\xaeN\x1e'
11E8E149-EE47-E358-9ABE-12DF17AE4E1E,2020-ncaa-d3-natl,ncaa,149,136,198,150,280,172,204,326,73,234,286,147,137,270,9,250,79,111,116,119,58,289,257,57,40,104,114,167,96,326,243,57,207,150,130,198,216,301,338,267,376,399,72,107,,,316,313,,,162,225,158,303,117,172,338,216,298,130,266,51,78,83,293,228,332,19,95,177,322,387,63,,346,,,161,200,168,338,57,182,339,58,181,226,112,141,327,353,114,346,256,353,251,53,57,164,265,182,333,333,207,82,243,173,130,111,89,371,392,277,253,276,292,319,,,84,38,,,162,216,141,213,162,234,204,353,207,371,201,250,332,358,356,375,302,335,93,206,131,384,268,301,,48,,,b'\x11\xe8\xe1I\xeeG\xe3X\x9a\xbe\x12\xdf\x17\xaeN\x1e'
11E8E149-EE47-E358-9ABE-12DF17AE4E1E,2022-ncaa-d3-conf-Landmark,ncaa,6,6,5,6,6,6,6,6,6,6,7,3,4,3,5,3,6,6,5,6,7,6,7,5,6,6,4,4,8,8,7,4,5,6,6,6,4,5,5,6,8,8,4,5,,,6,7,,,6,7,5,6,6,6,5,5,6,3,3,6,6,6,6,7,8,4,6,6,5,8,4,,7,,,6,5,6,5,4,4,6,3,6,3,8,3,4,7,1,7,6,5,2,5,5,6,6,6,5,5,5,4,7,6,6,3,3,8,7,6,4,5,3,5,,,6,5,,,6,2,6,6,6,6,5,7,4,7,6,3,5,7,7,7,4,6,5,6,4,7,5,4,,5,,,b'\x11\xe8\xe1I\xeeG\xe3X\x9a\xbe\x12\xdf\x17\xaeN\x1e'
11E8E149-EE47-E358-9ABE-12DF17AE4E1E,2022-ncaa-d3-natl,ncaa,210,210,250,222,285,255,239,312,151,264,325,137,137,167,118,105,339,363,144,365,307,325,326,126,141,182,163,98,363,338,317,188,199,259,230,178,81,159,281,176,383,386,105,126,,,192,275,,,214,321,330,290,254,222,329,276,355,109,147,358,389,389,365,365,349,93,225,145,208,397,84,,238,,,216,125,160,188,153,171,278,72,170,82,381,68,90,137,27,136,104,171,121,153,114,205,173,225,119,238,199,146,317,167,230,155,156,362,365,307,118,196,230,321,,,290,174,,,214,109,212,229,215,164,200,268,209,344,190,79,107,173,175,241,135,270,188,221,172,373,156,266,,270,,,b'\x11\xe8\xe1I\xeeG\xe3X\x9a\xbe\x12\xdf\x17\xaeN\x1e'
11E8E149-EE47-E358-9ABE-12DF17AE4E1E,2023-ncaa-d3-conf-Landmark,ncaa,6,6,5,6,5,6,6,8,4,6,6,4,6,7,5,4,7,6,7,6,3,8,7,4,4,6,6,6,4,8,7,3,5,6,6,4,1,6,7,6,7,7,3,3,,,6,6,,,6,7,6,5,6,6,8,6,6,6,6,7,4,4,8,7,8,2,4,3,6,7,3,,7,,,6,4,1,6,2,3,5,2,3,4,3,3,7,7,8,7,6,6,3,2,2,3,6,4,8,6,5,3,7,2,6,1,1,7,7,4,8,8,1,1,,,7,6,,,6,2,6,5,6,4,3,7,4,6,4,5,7,7,7,8,6,7,3,6,2,7,8,1,,6,,,b'\x11\xe8\xe1I\xeeG\xe3X\x9a\xbe\x12\xdf\x17\xaeN\x1e'
11E8E149-EE47-E358-9ABE-12DF17AE4E1E,2023-ncaa-d3-natl,ncaa,248,269,185,262,240,318,292,339,224,263,315,180,304,270,318,205,357,359,310,363,324,355,319,235,258,318,309,237,341,245,183,187,274,213,179,183,20,332,379,263,346,342,90,85,,,268,347,,,278,331,377,288,357,324,395,283,342,309,284,388,388,390,406,372,246,167,215,171,320,369,88,,295,,,275,105,70,159,48,62,192,26,194,159,274,171,300,244,390,239,247,158,125,55,90,153,354,268,364,296,274,85,183,155,179,74,129,326,323,195,306,342,45,92,,,360,364,,,278,99,314,198,280,106,74,160,64,187,196,158,311,248,242,173,113,285,73,157,80,352,296,41,,398,,,b'\x11\xe8\xe1I\xeeG\xe3X\x9a\xbe\x12\xdf\x17\xaeN\x1e'
11E8E149-EE47-E358-9ABE-12DF17AE4E1E,2024-ncaa-d3-conf-Landmark,ncaa,4,4,1,4,3,4,4,4,2,4,5,3,4,5,2,7,2,3,3,3,4,3,3,3,2,3,7,7,6,4,3,1,3,2,3,2,1,5,5,4,7,9,3,6,,,10,10,,,4,2,6,5,4,4,5,4,6,4,7,3,3,3,4,6,4,1,2,2,5,9,4,,10,,,4,5,3,9,3,5,9,2,2,6,3,2,10,10,3,10,7,9,8,3,3,3,6,2,10,7,3,3,3,4,3,2,1,8,9,3,3,4,6,5,,,2,3,,,4,9,4,4,4,4,3,6,4,8,2,3,8,9,9,8,6,4,3,3,2,10,3,5,,4,,,b'\x11\xe8\xe1I\xeeG\xe3X\x9a\xbe\x12\xdf\x17\xaeN\x1e'
11E8E149-EE47-E358-9ABE-12DF17AE4E1E,2024-ncaa-d3-natl,ncaa,110,115,112,119,143,149,162,216,109,141,194,117,200,237,134,262,72,99,86,104,112,194,201,115,96,113,209,260,103,122,65,77,132,87,56,116,81,203,200,134,227,235,83,87,,,381,400,,,102,250,324,152,147,180,269,155,215,219,266,68,109,118,238,272,121,53,67,115,179,252,79,,369,,,99,105,80,183,35,106,239,32,82,125,73,108,347,372,152,372,342,230,198,31,47,78,291,110,399,233,132,91,65,133,56,13,4,266,283,44,103,105,371,341,,,105,64,,,102,196,94,99,88,79,55,123,82,201,66,95,330,350,353,167,133,206,56,97,6,302,92,349,,103,,,b'\x11\xe8\xe1I\xeeG\xe3X\x9a\xbe\x12\xdf\x17\xaeN\x1e'
11E8E149-EE47-E358-9ABE-12DF17AE4E1E,2025-ncaa-d3-conf-Landmark,genius_ncaa,4,4,4,4,5,5,5,6,3,5,6,3,6,6,5,6,8,7,6,6,7,6,5,4,4,4,8,8,8,6,6,1,2,4,3,4,3,6,6,4,10,10,5,5,,,8,7,,10,4,3,6,6,5,5,6,4,6,6,6,9,7,7,6,6,6,1,2,3,5,10,5,,6,,10,4,5,3,6,3,3,6,3,3,5,1,4,8,9,5,9,8,7,6,3,3,4,5,3,9,2,2,4,6,4,3,3,2,9,10,5,5,5,4,5,,,5,6,,8,4,8,4,4,4,5,3,6,3,6,4,7,8,8,8,6,4,2,3,3,4,10,4,4,,7,,9,b'\x11\xe8\xe1I\xeeG\xe3X\x9a\xbe\x12\xdf\x17\xaeN\x1e'
11E8E149-EE47-E358-9ABE-12DF17AE4E1E,2025-ncaa-d3-natl,genius_ncaa,141,155,116,156,162,120,105,149,62,92,174,39,191,152,241,184,182,205,125,203,234,156,144,86,96,117,290,253,282,149,147,19,45,43,40,57,41,255,228,113,392,408,176,222,,,276,250,,395,165,141,157,234,109,85,154,77,196,205,168,201,237,234,162,162,169,10,32,45,235,410,192,,257,,395,167,295,231,349,76,216,322,66,242,279,149,186,372,364,282,360,292,362,279,73,100,237,301,187,352,182,45,196,147,180,40,146,106,359,395,305,240,208,267,238,,,196,253,,276,165,292,122,216,154,242,182,302,182,304,213,251,354,348,347,322,233,141,140,147,126,397,222,253,,234,,294,b'\x11\xe8\xe1I\xeeG\xe3X\x9a\xbe\x12\xdf\x17\xaeN\x1e'
11E8E149-EE47-E358-9ABE-12DF17AE4E1E,2026-ncaa-d3-conf-Landmark,genius_ncaa,4,4,1,4,1,3,3,3,2,2,1,2,8,9,8,9,3,2,5,2,7,3,7,2,2,2,10,10,6,3,3,1,4,2,4,3,4,3,3,3,4,4,5,6,,,6,7,,4,3,7,7,1,3,3,3,2,1,8,9,3,2,2,3,7,3,1,2,3,3,4,5,,6,,4,3,4,3,5,2,4,6,2,3,4,3,3,4,6,4,6,4,6,4,2,2,3,6,5,7,7,4,3,3,3,4,1,1,7,6,3,3,3,6,5,,,6,6,,9,3,4,3,4,3,4,3,5,4,6,3,4,4,6,6,6,4,7,3,3,1,7,3,6,,6,,9,b'\x11\xe8\xe1I\xeeG\xe3X\x9a\xbe\x12\xdf\x17\xaeN\x1e'
11E8E149-EE47-E358-9ABE-12DF17AE4E1E,2026-ncaa-d3-natl,genius_ncaa,13,21,116,27,139,68,46,140,21,54,113,48,99,196,27,265,176,170,236,164,248,144,182,25,40,20,271,192,323,86,46,63,109,74,34,15,32,94,39,9,239,250,88,116,,,263,294,,271,14,217,332,113,40,25,121,47,112,106,234,197,213,206,131,249,94,33,33,9,44,269,109,,241,,261,18,133,110,226,7,114,240,7,142,195,97,149,233,241,174,245,238,231,204,7,10,42,302,201,342,228,109,159,46,175,34,84,104,275,299,127,63,25,354,320,,,181,199,,236,14,204,11,53,16,34,26,169,37,207,96,135,211,213,225,176,105,191,66,104,34,332,20,355,,221,,265,b'\x11\xe8\xe1I\xeeG\xe3X\x9a\xbe\x12\xdf\x17\xaeN\x1e'
11E8E149-EE4C-6284-9ABE-12DF17AE4E1E,2018-ncaa-d3-conf-Centennial,ncaa,10,10,6,10,6,10,10,7,10,9,5,10,9,8,11,7,10,10,8,10,9,7,5,10,10,10,8,8,4,2,7,10,9,9,9,9,7,10,10,10,8,10,7,6,,,8,7,,,10,5,1,5,10,10,5,9,3,9,7,10,9,9,5,1,1,10,9,9,10,6,6,,9,,,10,10,10,7,11,10,7,11,9,6,11,5,7,7,8,7,6,7,7,11,11,11,3,4,4,9,9,10,7,9,9,10,7,6,6,10,10,10,8,9,,,6,7,,,10,8,10,10,10,10,10,10,10,9,10,7,7,7,7,10,10,10,10,9,10,3,10,9,,6,,,b'\x11\xe8\xe1I\xeeLb\x84\x9a\xbe\x12\xdf\x17\xaeN\x1e'
11E8E149-EE4C-6284-9ABE-12DF17AE4E1E,2018-ncaa-d3-natl,ncaa,400,394,363,409,378,415,402,365,412,364,208,415,419,410,426,396,400,399,322,399,414,374,376,428,426,417,402,404,192,203,204,403,339,369,336,399,303,216,340,394,413,404,199,205,,,80,178,,,415,397,297,303,419,404,261,337,82,424,411,388,385,382,311,256,120,402,299,400,322,415,156,,152,,,417,227,321,116,425,364,218,408,150,61,400,82,79,76,251,77,70,84,55,410,397,419,44,123,65,135,339,193,204,162,336,345,285,398,369,409,247,325,359,366,,,395,348,,,415,52,412,413,419,362,397,292,406,348,229,116,129,114,118,249,185,250,331,311,384,378,318,407,,359,,,b'\x11\xe8\xe1I\xeeLb\x84\x9a\xbe\x12\xdf\x17\xaeN\x1e'
11E8E149-EE4C-6284-9ABE-12DF17AE4E1E,2019-ncaa-d3-conf-Centennial,ncaa,10,10,6,10,10,10,10,5,10,10,8,10,8,4,10,4,10,9,11,9,10,5,5,10,10,10,7,7,4,7,8,8,9,8,9,10,6,9,10,10,7,8,5,8,,,4,5,,,10,4,2,8,10,10,3,10,6,8,3,9,9,9,3,2,5,6,6,9,10,7,5,,6,,,10,10,10,8,10,10,8,10,9,8,10,7,5,3,8,3,3,8,8,10,10,10,1,7,2,9,9,11,8,10,9,10,8,8,8,10,9,9,10,11,,,10,10,,,10,9,10,10,10,10,10,10,10,10,9,9,5,4,4,10,10,10,11,10,10,8,10,10,,9,,,b'\x11\xe8\xe1I\xeeLb\x84\x9a\xbe\x12\xdf\x17\xaeN\x1e'
11E8E149-EE4C-6284-9ABE-12DF17AE4E1E,2019-ncaa-d3-natl,ncaa,403,421,215,407,281,372,377,232,424,363,276,397,328,140,432,120,312,302,308,301,265,255,262,422,419,406,210,231,135,169,278,247,327,222,340,348,212,204,229,338,351,373,167,204,,,157,173,,,412,289,274,295,406,407,189,389,275,337,120,323,302,308,221,232,155,226,184,375,217,369,149,,174,,,409,346,363,312,338,378,341,305,241,183,310,139,243,189,385,192,133,307,187,313,320,394,112,151,160,330,327,379,278,372,340,380,329,393,417,424,246,271,425,428,,,356,375,,,412,147,400,407,415,352,361,357,366,372,247,197,253,201,207,350,222,345,396,378,376,413,255,428,,390,,,b'\x11\xe8\xe1I\xeeLb\x84\x9a\xbe\x12\xdf\x17\xaeN\x1e'
11E8E149-EE4C-6284-9ABE-12DF17AE4E1E,2020-ncaa-d3-conf-Centennial,ncaa,5,6,4,6,5,7,5,10,3,3,2,5,8,9,5,9,4,4,9,4,4,6,4,5,5,7,9,8,4,8,7,7,9,7,7,5,8,10,10,9,2,3,3,5,,,2,2,,,8,3,3,7,7,7,10,4,3,9,9,5,3,3,8,6,9,7,8,7,10,3,4,,2,,,8,6,9,9,5,9,9,7,4,8,3,7,2,2,11,2,2,9,9,5,4,6,3,4,3,9,9,6,7,7,7,6,1,4,7,5,10,10,9,6,,,5,4,,,8,9,8,6,8,7,8,8,8,8,4,8,2,2,2,8,9,9,5,8,6,5,10,8,,5,,,b'\x11\xe8\xe1I\xeeLb\x84\x9a\xbe\x12\xdf\x17\xaeN\x1e'
11E8E149-EE4C-6284-9ABE-12DF17AE4E1E,2020-ncaa-d3-natl,ncaa,202,218,126,211,172,286,261,297,225,163,95,273,399,413,235,418,212,144,364,141,239,267,287,286,293,286,395,410,143,184,150,231,272,223,205,254,230,188,231,251,110,89,77,103,,,31,29,,,210,315,389,302,336,312,372,179,110,410,427,235,157,151,344,365,193,290,267,289,164,119,82,,15,,,210,74,133,210,108,208,299,112,56,107,64,117,61,29,417,33,24,146,130,83,72,87,50,110,109,262,272,147,150,192,205,77,73,243,223,132,222,256,394,335,,,191,114,,,210,117,268,122,209,52,123,171,178,258,44,69,42,15,18,101,75,237,111,158,76,275,201,382,,211,,,b'\x11\xe8\xe1I\xeeLb\x84\x9a\xbe\x12\xdf\x17\xaeN\x1e'
11E8E149-EE4C-6284-9ABE-12DF17AE4E1E,2022-ncaa-d3-conf-Centennial,ncaa,6,6,6,6,9,5,5,7,3,6,5,3,6,6,3,6,6,6,7,6,5,7,8,4,3,3,6,5,7,9,8,7,6,8,7,5,7,2,4,3,2,2,6,6,,,3,3,,,5,10,5,8,3,3,5,2,4,5,5,6,6,6,5,7,9,7,8,5,3,2,6,,3,,,4,3,4,2,7,7,4,6,5,3,8,4,2,2,4,2,2,1,2,7,7,5,4,6,3,2,6,4,8,3,7,6,8,3,2,6,1,1,7,8,,,7,7,,,5,2,4,4,4,5,6,4,7,6,6,3,2,2,2,2,5,2,6,5,6,3,1,9,,7,,,b'\x11\xe8\xe1I\xeeLb\x84\x9a\xbe\x12\xdf\x17\xaeN\x1e'
11E8E149-EE4C-6284-9ABE-12DF17AE4E1E,2022-ncaa-d3-natl,ncaa,147,182,107,173,156,214,196,232,174,147,131,216,303,343,169,358,217,216,212,211,281,233,264,213,216,192,333,328,192,265,281,210,141,232,214,220,260,110,138,179,111,71,112,124,,,119,125,,,123,253,394,234,287,252,339,171,163,333,377,250,257,251,344,392,314,289,314,262,69,127,124,,58,,,128,64,107,138,133,167,255,92,49,41,192,42,59,79,53,82,57,119,159,95,74,60,54,101,110,133,141,210,281,177,214,155,232,130,76,100,34,32,388,340,,,277,263,,,123,171,201,46,122,21,63,38,114,184,27,15,25,35,37,20,38,97,137,119,110,166,10,379,,361,,,b'\x11\xe8\xe1I\xeeLb\x84\x9a\xbe\x12\xdf\x17\xaeN\x1e'
11E8E149-EE4C-6284-9ABE-12DF17AE4E1E,2023-ncaa-d3-conf-Centennial,ncaa,7,6,6,7,8,7,8,8,4,7,7,4,7,8,2,9,3,3,10,3,3,8,8,5,5,5,5,7,4,10,9,7,10,9,10,9,8,7,8,8,1,1,7,8,,,5,5,,,4,6,3,6,5,6,8,7,7,6,9,3,2,2,8,6,10,8,9,8,7,1,7,,6,,,4,2,3,4,5,3,4,4,8,8,8,8,2,3,4,3,5,4,8,5,5,3,9,9,4,10,10,5,9,6,10,7,10,1,1,4,9,10,9,9,,,9,7,,,4,6,7,4,4,5,6,7,4,4,9,8,4,3,3,6,10,10,7,8,7,1,9,9,,7,,,b'\x11\xe8\xe1I\xeeLb\x84\x9a\xbe\x12\xdf\x17\xaeN\x1e'
11E8E149-EE4C-6284-9ABE-12DF17AE4E1E,2023-ncaa-d3-natl,ncaa,228,247,185,243,213,316,304,321,257,235,188,300,361,380,268,366,269,252,314,260,265,314,324,301,300,301,347,359,160,292,288,317,347,323,335,351,383,187,274,338,51,27,162,155,,,140,182,,,197,324,379,163,349,334,375,250,193,376,394,294,260,266,367,380,315,358,362,382,198,39,165,,140,,,198,34,46,82,77,92,175,72,39,51,76,82,81,68,230,72,91,60,131,52,51,25,86,100,186,314,347,192,288,246,335,134,309,90,42,75,151,223,416,408,,,360,353,,,197,102,308,54,199,25,49,65,99,164,34,46,60,57,62,49,124,312,209,254,149,76,158,416,,398,,,b'\x11\xe8\xe1I\xeeLb\x84\x9a\xbe\x12\xdf\x17\xaeN\x1e'
11E8E149-EE4C-6284-9ABE-12DF17AE4E1E,2024-ncaa-d3-conf-Centennial,ncaa,6,5,5,6,5,5,4,5,4,2,3,5,9,10,8,10,6,6,8,6,9,5,5,5,5,6,11,10,8,4,6,8,6,8,6,8,10,8,8,8,1,1,11,11,,,7,6,,,7,4,2,4,6,4,5,2,3,9,10,7,7,7,5,3,4,10,8,8,8,1,11,,6,,,7,9,9,4,10,8,2,10,10,10,7,10,5,4,7,4,7,2,7,10,11,8,8,9,4,4,6,5,6,5,6,10,11,1,1,7,9,8,5,2,,,8,9,,,7,8,6,6,7,9,9,2,6,2,9,9,5,4,4,2,6,3,6,5,10,1,8,4,,9,,,b'\x11\xe8\xe1I\xeeLb\x84\x9a\xbe\x12\xdf\x17\xaeN\x1e'
11E8E149-EE4C-6284-9ABE-12DF17AE4E1E,2024-ncaa-d3-natl,ncaa,203,232,112,223,143,291,253,259,228,164,108,258,385,390,360,390,310,286,322,287,368,274,258,302,326,331,410,396,258,183,174,320,253,269,239,316,382,289,308,339,47,28,302,266,,,154,209,,,238,285,384,152,355,293,345,177,114,396,406,356,330,331,358,347,207,387,342,361,257,49,326,,126,,,238,99,109,74,235,79,49,252,285,261,285,378,95,90,247,77,201,61,131,266,265,130,318,379,143,165,253,190,174,176,239,275,394,72,29,142,224,236,228,170,,,338,364,,,238,134,317,129,241,73,86,30,65,21,257,238,74,62,49,18,62,136,145,133,251,71,192,216,,391,,,b'\x11\xe8\xe1I\xeeLb\x84\x9a\xbe\x12\xdf\x17\xaeN\x1e'
11E8E149-EE4C-6284-9ABE-12DF17AE4E1E,2025-ncaa-d3-conf-Centennial,genius_ncaa,10,10,10,10,11,10,10,10,10,10,7,10,9,9,9,7,9,11,3,11,10,10,11,10,10,10,8,8,7,8,8,9,6,9,8,9,9,3,5,10,5,3,7,6,,,5,7,,5,7,11,7,9,10,10,7,8,6,9,8,9,9,9,7,9,7,7,6,9,5,4,7,,7,,6,7,2,3,1,6,2,1,7,7,8,6,9,5,5,6,4,9,1,1,6,6,5,9,7,7,3,6,5,8,4,8,7,9,5,4,7,4,7,6,8,,,11,11,,8,7,1,10,5,7,6,5,4,4,2,7,9,7,6,6,3,6,6,8,7,8,3,7,9,,11,,8,b'\x11\xe8\xe1I\xeeLb\x84\x9a\xbe\x12\xdf\x17\xaeN\x1e'
11E8E149-EE4C-6284-9ABE-12DF17AE4E1E,2025-ncaa-d3-natl,genius_ncaa,293,269,345,297,357,374,359,359,327,326,272,347,359,371,303,322,383,394,166,393,392,375,387,345,349,332,340,297,291,277,199,368,284,351,259,364,312,95,259,309,130,56,110,38,,,75,193,,272,231,396,386,258,376,354,333,293,188,358,353,376,395,393,365,381,206,318,279,357,190,81,72,,136,,319,231,11,11,19,44,15,28,57,53,68,101,263,49,54,176,60,200,19,25,50,52,34,279,267,223,150,284,65,199,76,259,99,384,193,66,131,73,195,141,191,,,414,412,,295,231,26,322,53,219,27,29,50,34,57,113,152,93,96,98,38,76,235,200,203,178,107,146,199,,416,,291,b'\x11\xe8\xe1I\xeeLb\x84\x9a\xbe\x12\xdf\x17\xaeN\x1e'
11E8E149-EE4C-6284-9ABE-12DF17AE4E1E,2026-ncaa-d3-conf-Centennial,genius_ncaa,9,9,1,9,1,9,9,6,11,8,8,11,8,5,11,4,5,6,8,6,7,6,8,11,11,10,6,7,4,7,11,7,8,8,11,10,10,6,6,10,8,9,4,5,,,9,10,,5,10,7,8,1,11,11,7,10,10,10,5,7,8,8,8,10,9,8,10,10,5,9,5,,9,,4,10,9,9,6,9,8,7,7,8,6,9,5,5,6,1,6,6,8,7,9,8,7,6,8,2,9,8,11,11,11,11,11,10,5,5,9,9,9,1,4,,,7,9,,6,10,4,10,7,10,9,9,5,7,5,8,5,4,5,5,7,7,9,11,11,10,5,9,1,,9,,7,b'\x11\xe8\xe1I\xeeLb\x84\x9a\xbe\x12\xdf\x17\xaeN\x1e'
11E8E149-EE4C-6284-9ABE-12DF17AE4E1E,2026-ncaa-d3-natl,genius_ncaa,225,268,116,265,139,238,277,202,340,342,282,357,78,72,170,41,235,259,168,266,197,214,192,299,290,304,26,18,215,170,254,170,331,158,309,247,168,291,307,308,222,265,68,97,,,328,317,,324,305,186,263,113,331,348,287,392,375,86,68,282,309,325,319,269,207,195,203,296,271,248,69,,330,,324,297,249,271,277,216,288,287,215,225,243,171,160,183,268,13,258,201,272,268,209,154,197,121,176,116,356,331,292,254,327,309,327,330,200,261,311,314,328,290,350,,,219,257,,323,305,235,299,246,293,225,253,261,275,276,193,207,125,244,236,261,252,348,304,339,317,243,305,292,,284,,348,b'\x11\xe8\xe1I\xeeLb\x84\x9a\xbe\x12\xdf\x17\xaeN\x1e'
11E8E149-EE51-3D90-9ABE-12DF17AE4E1E,2018-ncaa-d3-conf-NJAC,ncaa,2,2,1,2,2,3,3,3,6,5,7,2,1,1,7,2,4,5,3,5,5,3,4,5,4,2,2,2,7,2,2,2,1,2,1,1,1,2,1,1,5,5,2,2,,,3,2,,,1,5,8,5,3,4,4,7,8,1,1,6,7,7,4,7,2,4,2,1,1,5,3,,2,,,1,2,4,8,4,8,9,5,2,4,2,3,3,4,7,4,2,8,5,3,3,3,1,1,4,2,1,4,2,3,1,2,1,7,7,4,3,1,6,8,,,5,6,,,1,7,1,2,2,2,2,2,5,5,2,2,2,2,2,2,2,1,3,2,2,7,1,6,,7,,,b'\x11\xe8\xe1I\xeeQ=\x90\x9a\xbe\x12\xdf\x17\xaeN\x1e'
11E8E149-EE51-3D90-9ABE-12DF17AE4E1E,2018-ncaa-d3-natl,ncaa,45,68,17,70,28,49,44,41,119,100,186,31,29,10,245,33,172,219,73,218,267,62,71,87,94,81,143,94,362,59,80,29,42,32,36,16,23,221,98,28,113,141,22,41,,,90,28,,,50,80,356,199,119,114,167,188,369,68,36,287,362,362,197,290,126,100,94,35,82,184,38,,14,,,60,230,305,383,133,372,391,189,90,254,11,167,152,109,386,110,45,360,342,78,69,95,38,62,129,143,42,272,80,215,36,104,26,142,213,99,238,132,417,405,,,171,340,,,50,371,50,79,47,61,110,142,201,220,29,121,60,40,39,92,56,56,84,59,35,281,106,357,,367,,,b'\x11\xe8\xe1I\xeeQ=\x90\x9a\xbe\x12\xdf\x17\xaeN\x1e'
11E8E149-EE51-3D90-9ABE-12DF17AE4E1E,2019-ncaa-d3-conf-NJAC,ncaa,1,1,3,1,4,4,4,7,3,7,9,1,1,1,4,1,9,10,4,10,4,7,8,2,2,1,2,1,10,9,7,2,1,3,1,2,1,3,4,1,9,9,8,7,,,1,1,,,1,8,10,3,4,4,6,7,9,1,1,9,10,10,6,10,10,2,5,1,3,9,8,,1,,,1,1,3,4,5,6,7,5,1,1,3,2,1,1,2,1,1,2,1,4,3,4,1,2,1,1,1,4,7,1,1,1,1,8,8,5,2,2,1,4,,,8,7,,,1,4,1,2,1,2,4,2,6,7,1,1,1,2,2,2,1,1,3,1,1,9,2,1,,9,,,b'\x11\xe8\xe1I\xeeQ=\x90\x9a\xbe\x12\xdf\x17\xaeN\x1e'
11E8E149-EE51-3D90-9ABE-12DF17AE4E1E,2019-ncaa-d3-natl,ncaa,101,104,67,108,91,150,165,174,170,226,347,60,76,31,280,34,194,197,190,203,92,175,176,130,142,137,83,74,269,235,265,41,17,90,95,72,14,224,204,84,270,300,158,220,,,90,60,,,133,157,338,112,205,225,297,303,407,94,41,240,258,261,305,336,298,56,125,78,151,334,190,,35,,,138,176,259,334,139,335,385,141,80,135,70,87,106,122,141,121,60,313,257,101,79,148,43,80,107,96,17,270,265,201,95,74,26,291,335,170,229,214,158,253,,,230,263,,,133,299,158,107,130,96,171,223,258,332,50,69,73,82,83,174,88,46,169,109,49,372,164,121,,319,,,b'\x11\xe8\xe1I\xeeQ=\x90\x9a\xbe\x12\xdf\x17\xaeN\x1e'
11E8E149-EE51-3D90-9ABE-12DF17AE4E1E,2020-ncaa-d3-conf-NJAC,ncaa,3,4,1,4,2,4,4,3,5,6,7,2,2,1,7,1,8,7,5,7,4,3,6,3,5,4,3,2,9,8,9,1,3,3,5,2,2,1,1,1,8,9,3,3,,,1,1,,,3,3,9,4,4,4,4,9,10,2,1,9,9,9,5,9,9,1,3,3,1,10,3,,1,,,3,2,8,10,2,8,10,2,4,6,2,3,1,1,2,1,1,10,7,2,1,3,4,4,2,9,3,9,9,9,5,2,1,10,10,7,2,4,1,5,,,7,9,,,3,7,4,3,3,2,5,10,8,10,3,5,1,1,1,9,3,7,8,7,2,10,1,1,,10,,,b'\x11\xe8\xe1I\xeeQ=\x90\x9a\xbe\x12\xdf\x17\xaeN\x1e'
11E8E149-EE51-3D90-9ABE-12DF17AE4E1E,2020-ncaa-d3-natl,ncaa,149,163,126,164,136,236,242,159,312,287,322,222,123,38,343,45,300,248,359,247,174,176,189,285,308,278,126,90,325,263,364,33,241,85,284,170,78,166,154,155,333,372,20,56,,,67,35,,,194,165,238,74,282,280,182,329,363,132,50,333,280,280,203,245,300,15,78,173,142,364,18,,37,,,195,108,212,413,23,268,422,21,121,232,27,122,35,64,21,61,15,391,328,18,8,37,37,162,42,390,241,412,364,413,284,42,13,348,393,173,270,264,248,310,,,246,278,,,194,254,293,68,197,99,185,390,232,418,100,212,19,42,46,360,274,358,373,370,32,385,253,237,,290,,,b'\x11\xe8\xe1I\xeeQ=\x90\x9a\xbe\x12\xdf\x17\xaeN\x1e'
11E8E149-EE51-3D90-9ABE-12DF17AE4E1E,2021-ncaa-d3-conf-NJAC,ncaa,1,1,2,1,2,2,2,3,1,2,3,1,3,2,4,2,1,2,1,2,1,2,2,1,1,1,3,3,3,3,3,2,1,2,1,1,2,7,4,2,2,4,1,3,,,6,4,,,2,3,3,2,1,2,5,3,6,3,3,2,3,3,4,5,5,1,4,1,4,4,2,,5,,,2,5,7,8,1,7,8,1,3,3,2,1,5,4,6,4,1,6,6,1,1,2,1,1,3,5,1,5,3,5,1,3,1,3,5,2,6,5,3,3,,,2,2,,,2,7,2,2,2,2,3,5,4,8,1,1,3,3,3,3,3,2,1,1,1,5,4,3,,3,,,b'\x11\xe8\xe1I\xeeQ=\x90\x9a\xbe\x12\xdf\x17\xaeN\x1e'
11E8E149-EE51-3D90-9ABE-12DF17AE4E1E,2021-ncaa-d3-natl,ncaa,35,28,112,33,130,102,113,126,91,127,146,66,84,84,102,61,79,97,55,96,52,121,127,70,55,64,63,78,91,105,65,92,71,104,41,81,42,142,129,67,96,108,18,22,,,153,124,,,38,135,155,110,76,108,154,146,224,58,67,54,85,87,133,150,111,44,60,52,116,108,6,,126,,,41,121,124,163,35,142,197,19,93,96,100,15,142,133,178,131,47,159,154,23,23,32,60,45,159,148,71,126,65,133,41,103,45,130,147,54,133,114,139,170,,,116,93,,,38,154,64,32,38,40,55,158,109,247,28,19,92,80,84,140,130,109,47,64,27,147,104,136,,106,,,b'\x11\xe8\xe1I\xeeQ=\x90\x9a\xbe\x12\xdf\x17\xaeN\x1e'
11E8E149-EE51-3D90-9ABE-12DF17AE4E1E,2022-ncaa-d3-conf-NJAC,ncaa,3,6,1,6,1,2,2,4,5,9,10,2,1,1,2,1,8,9,3,9,4,4,4,1,1,3,1,1,10,4,2,7,5,5,4,1,2,7,7,6,7,7,5,7,,,8,9,,,4,4,10,4,7,7,9,10,10,1,1,10,10,10,9,10,8,8,9,5,5,9,7,,6,,,4,8,7,5,6,9,10,4,2,1,5,1,8,8,7,8,7,7,7,6,6,6,1,1,7,4,5,4,2,4,4,3,1,7,7,4,8,8,9,10,,,8,10,,,4,7,2,6,4,4,3,2,6,5,1,1,6,6,6,1,1,2,1,1,2,9,8,9,,10,,,b'\x11\xe8\xe1I\xeeQ=\x90\x9a\xbe\x12\xdf\x17\xaeN\x1e'
11E8E149-EE51-3D90-9ABE-12DF17AE4E1E,2022-ncaa-d3-natl,ncaa,147,234,32,199,43,121,166,158,196,328,369,185,11,16,40,9,254,278,161,268,85,175,138,84,95,150,7,4,364,105,124,149,194,134,159,83,34,334,294,170,212,252,229,284,,,394,385,,,163,154,411,213,226,289,361,404,425,14,24,347,374,373,380,385,207,333,286,139,210,299,283,,307,,,169,271,258,247,228,344,370,175,37,35,148,9,389,394,210,404,321,289,293,164,190,202,79,9,383,249,194,230,124,242,159,72,19,168,213,73,325,293,400,428,,,186,258,,,163,294,129,194,153,96,98,30,203,233,9,5,319,326,341,61,42,129,73,82,20,278,235,356,,350,,,b'\x11\xe8\xe1I\xeeQ=\x90\x9a\xbe\x12\xdf\x17\xaeN\x1e'
11E8E149-EE51-3D90-9ABE-12DF17AE4E1E,2023-ncaa-d3-conf-NJAC,ncaa,4,4,3,4,4,5,5,6,3,7,10,3,1,1,1,1,8,9,4,10,3,6,7,1,1,1,1,1,8,8,7,6,1,7,6,4,3,1,4,2,8,7,5,5,,,5,9,,,3,8,10,2,6,6,9,10,10,1,2,8,10,10,10,10,8,9,8,4,1,9,5,,3,,,3,2,2,2,4,3,5,5,1,1,1,1,3,2,10,2,2,2,3,2,3,5,2,1,6,2,1,3,7,3,6,1,1,8,7,1,4,7,6,10,,,7,7,,,3,3,3,5,3,1,2,2,3,3,1,1,3,1,1,1,1,1,1,1,1,8,5,5,,7,,,b'\x11\xe8\xe1I\xeeQ=\x90\x9a\xbe\x12\xdf\x17\xaeN\x1e'
11E8E149-EE51-3D90-9ABE-12DF17AE4E1E,2023-ncaa-d3-natl,ncaa,132,131,109,138,110,190,230,299,129,343,399,117,34,49,31,14,235,266,114,265,43,295,334,58,57,74,9,12,253,308,244,251,130,293,153,181,112,120,193,141,267,229,149,159,,,238,349,,,115,327,427,4,236,283,401,393,427,27,50,259,311,315,398,419,349,334,366,204,90,298,166,,206,,,109,76,87,95,152,195,236,144,24,31,52,28,217,171,362,169,148,93,88,103,120,140,51,20,314,99,130,76,244,68,153,13,2,272,209,36,199,268,329,422,,,269,171,,,115,106,99,131,96,44,61,37,154,176,10,9,184,134,135,34,13,82,43,39,3,320,172,317,,345,,,b'\x11\xe8\xe1I\xeeQ=\x90\x9a\xbe\x12\xdf\x17\xaeN\x1e'
11E8E149-EE51-3D90-9ABE-12DF17AE4E1E,2024-ncaa-d3-conf-NJAC,ncaa,2,2,1,2,1,2,3,3,2,4,8,2,1,1,1,1,7,9,1,9,7,3,4,1,1,1,1,1,10,4,4,3,2,3,1,2,5,1,2,1,6,4,8,8,,,2,3,,,2,7,10,4,2,3,3,5,9,1,1,7,10,10,4,10,4,5,4,2,1,8,8,,2,,,2,3,6,7,7,7,9,6,1,1,7,1,2,2,2,2,2,5,3,7,3,5,1,2,2,3,2,2,4,2,1,4,3,8,7,5,1,2,10,10,,,8,8,,,2,5,1,3,1,2,5,4,5,7,1,1,2,2,2,3,1,2,1,1,3,9,1,7,,9,,,b'\x11\xe8\xe1I\xeeQ=\x90\x9a\xbe\x12\xdf\x17\xaeN\x1e'
11E8E149-EE51-3D90-9ABE-12DF17AE4E1E,2024-ncaa-d3-natl,ncaa,89,115,63,109,92,77,106,113,98,225,326,66,10,12,44,9,225,328,3,327,242,134,224,40,41,21,23,10,368,158,138,155,160,154,138,91,129,33,18,21,281,286,302,358,,,154,167,,,74,254,394,244,84,118,179,288,401,6,14,275,380,384,237,376,204,257,234,105,8,327,339,,91,,,75,196,285,242,282,354,372,231,30,28,157,11,111,134,89,137,61,213,173,201,168,223,15,23,104,191,160,187,138,186,138,154,44,279,296,226,75,73,361,395,,,239,258,,,74,184,20,208,60,108,184,108,294,316,15,10,66,85,90,87,43,126,96,93,100,355,46,322,,341,,,b'\x11\xe8\xe1I\xeeQ=\x90\x9a\xbe\x12\xdf\x17\xaeN\x1e'
11E8E149-EE51-3D90-9ABE-12DF17AE4E1E,2025-ncaa-d3-conf-NJAC,genius_ncaa,1,1,1,1,2,2,2,4,2,6,10,2,1,1,1,1,2,6,1,7,4,4,7,1,1,1,1,1,9,6,5,5,5,6,6,4,6,1,1,1,7,7,6,6,,,2,3,,4,1,8,10,6,2,3,5,8,10,1,1,4,7,8,6,10,8,8,9,4,1,8,6,,1,,4,1,2,4,4,5,8,8,8,1,2,1,2,3,3,5,3,2,4,2,3,3,5,1,1,6,5,5,3,5,6,6,1,1,7,7,5,1,1,10,10,,,4,3,,5,1,3,1,6,1,1,4,3,6,6,1,1,2,3,2,2,1,3,1,2,1,8,1,9,,7,,5,b'\x11\xe8\xe1I\xeeQ=\x90\x9a\xbe\x12\xdf\x17\xaeN\x1e'
11E8E149-EE51-3D90-9ABE-12DF17AE4E1E,2025-ncaa-d3-natl,genius_ncaa,44,44,55,46,97,94,126,126,130,276,314,157,5,15,20,13,140,229,14,237,128,144,216,51,47,28,10,5,280,163,198,214,291,191,257,103,134,16,12,19,180,173,312,345,,,144,134,,101,55,248,399,258,100,162,203,338,392,4,23,187,300,310,233,387,231,334,298,129,3,226,342,,72,,84,54,110,148,188,139,302,345,153,12,22,10,10,213,218,215,218,134,188,204,67,73,91,16,7,264,296,291,257,198,284,257,58,36,178,171,88,31,36,367,395,,,172,147,,100,55,168,25,127,43,54,82,76,218,256,6,8,157,149,155,72,63,232,147,188,34,249,19,328,,259,,122,b'\x11\xe8\xe1I\xeeQ=\x90\x9a\xbe\x12\xdf\x17\xaeN\x1e'
11E8E149-EE51-3D90-9ABE-12DF17AE4E1E,2026-ncaa-d3-conf-NJAC,genius_ncaa,5,5,1,5,1,4,3,6,2,9,10,2,1,1,1,1,10,10,8,10,1,7,10,1,1,2,1,1,10,7,7,4,5,7,7,2,2,2,3,2,7,5,9,9,,,4,4,,7,3,9,9,1,4,3,6,9,10,1,1,10,10,10,7,10,7,4,7,2,2,7,9,,4,,7,3,2,3,5,1,5,8,1,2,2,4,2,3,2,8,2,2,5,2,2,3,5,2,2,5,5,5,7,7,5,7,3,6,9,8,7,1,2,1,2,,,10,10,,7,3,2,3,5,3,2,3,5,5,8,2,2,3,2,2,5,2,5,7,5,3,9,1,1,,10,,7,b'\x11\xe8\xe1I\xeeQ=\x90\x9a\xbe\x12\xdf\x17\xaeN\x1e'
11E8E149-EE51-3D90-9ABE-12DF17AE4E1E,2026-ncaa-d3-natl,genius_ncaa,288,366,42,332,59,42,56,88,127,211,265,124,2,2,30,2,190,139,330,146,75,87,126,40,67,44,6,2,367,206,329,226,342,219,365,43,110,159,57,46,133,226,351,395,,,365,308,,306,215,108,296,98,106,135,195,349,406,3,8,306,254,270,222,341,326,388,386,94,36,236,385,,288,,251,215,373,376,321,367,388,385,314,198,117,342,16,393,351,402,347,178,328,321,342,373,368,81,39,292,339,342,341,329,341,365,332,141,135,245,265,90,31,242,304,,,157,268,,262,215,316,66,366,210,312,313,180,353,325,93,19,350,273,260,190,151,251,260,257,256,265,18,164,,319,,313,b'\x11\xe8\xe1I\xeeQ=\x90\x9a\xbe\x12\xdf\x17\xaeN\x1e'
11E8E149-EE55-CED2-9ABE-12DF17AE4E1E,2018-ncaa-d3-conf-SCAC,ncaa,6,5,7,6,8,7,7,8,5,8,8,4,5,4,6,1,8,8,2,8,6,8,8,4,4,6,2,2,5,6,5,7,8,7,6,5,2,4,6,4,7,7,2,2,,,2,4,,,7,8,8,8,7,7,7,7,8,4,4,7,7,7,7,8,5,6,5,4,5,7,2,,4,,,7,3,3,1,4,2,3,3,5,4,5,4,5,5,4,6,6,2,1,4,4,6,5,4,5,8,8,1,5,3,6,3,5,8,8,8,4,6,1,6,,,8,7,,,7,1,6,8,7,6,5,6,3,6,6,4,6,6,6,8,2,8,3,6,5,8,5,2,,8,,,b'\x11\xe8\xe1I\xeeU\xce\xd2\x9a\xbe\x12\xdf\x17\xaeN\x1e'
11E8E149-EE55-CED2-9ABE-12DF17AE4E1E,2018-ncaa-d3-natl,ncaa,299,327,197,314,295,278,311,367,207,353,414,133,135,118,191,46,214,254,125,268,49,361,313,150,128,239,54,80,147,385,355,198,386,287,346,266,168,364,396,330,296,328,65,61,,,266,242,,,319,267,234,409,287,333,418,374,434,126,97,213,254,276,409,348,399,149,309,276,364,300,58,,286,,,314,293,235,331,136,155,198,139,385,399,227,376,318,360,71,366,370,347,277,174,163,264,403,381,288,419,386,144,355,303,346,287,284,342,391,363,384,404,69,206,,,205,106,,,319,189,286,335,313,297,248,349,170,217,388,412,346,384,385,372,320,410,162,319,292,367,378,63,,193,,,b'\x11\xe8\xe1I\xeeU\xce\xd2\x9a\xbe\x12\xdf\x17\xaeN\x1e'
11E8E149-EE55-CED2-9ABE-12DF17AE4E1E,2019-ncaa-d3-conf-SCAC,ncaa,1,2,1,2,1,2,2,3,3,5,4,4,1,1,1,2,3,3,5,3,5,2,3,3,3,3,2,2,8,5,6,3,7,4,6,3,2,4,2,3,2,2,4,3,,,8,4,,,3,2,6,3,3,4,4,5,6,1,2,7,5,5,5,7,6,5,6,3,1,2,4,,3,,,3,5,4,8,2,2,5,2,9,9,5,8,8,8,3,8,9,8,9,2,2,3,9,8,7,8,7,9,6,9,6,7,9,2,2,3,4,4,8,6,,,2,7,,,3,8,3,3,3,3,2,2,2,2,6,8,5,5,5,3,3,6,7,6,4,2,4,7,,7,,,b'\x11\xe8\xe1I\xeeU\xce\xd2\x9a\xbe\x12\xdf\x17\xaeN\x1e'
11E8E149-EE55-CED2-9ABE-12DF17AE4E1E,2019-ncaa-d3-natl,ncaa,78,134,20,118,20,63,62,40,160,153,143,184,18,24,52,59,246,202,318,203,259,49,58,107,145,118,78,40,391,143,285,41,176,70,232,45,79,238,104,67,38,63,254,232,,,329,176,,,100,46,292,119,155,155,156,274,326,31,70,344,336,339,198,273,272,163,227,93,90,76,327,,157,,,107,317,227,369,78,79,122,96,436,438,242,430,279,297,144,303,354,373,402,153,146,103,438,433,220,340,176,408,285,398,232,400,424,54,92,184,298,199,243,210,,,133,290,,,100,396,131,103,109,102,73,107,19,17,403,413,148,159,159,100,169,196,258,234,281,113,170,143,,309,,,b'\x11\xe8\xe1I\xeeU\xce\xd2\x9a\xbe\x12\xdf\x17\xaeN\x1e'
11E8E149-EE55-CED2-9ABE-12DF17AE4E1E,2020-ncaa-d3-conf-SCAC,ncaa,4,6,1,6,1,5,5,4,5,5,7,2,4,2,8,3,6,7,7,6,7,5,7,5,5,5,5,3,8,6,6,3,3,6,6,3,2,4,4,4,5,4,7,7,,,6,7,,,6,7,10,1,5,5,6,6,7,5,4,7,8,8,7,8,6,5,8,5,3,5,7,,2,,,6,10,9,6,8,9,6,8,7,6,9,6,8,8,10,8,7,7,5,8,8,7,7,4,6,2,3,8,6,7,6,9,9,5,5,6,5,5,4,3,,,4,5,,,6,4,5,7,6,7,6,2,5,3,7,6,7,4,5,2,1,1,5,4,8,5,5,3,,7,,,b'\x11\xe8\xe1I\xeeU\xce\xd2\x9a\xbe\x12\xdf\x17\xaeN\x1e'
11E8E149-EE55-CED2-9ABE-12DF17AE4E1E,2020-ncaa-d3-natl,ncaa,215,275,65,245,90,156,142,121,192,159,235,99,116,52,291,84,243,186,329,184,190,128,144,171,197,177,204,146,339,205,276,136,79,165,206,98,77,166,125,74,180,201,323,339,,,156,123,,,290,117,258,181,211,191,199,215,335,149,76,293,259,258,212,270,265,220,256,121,100,231,357,,83,,,287,408,395,320,375,306,194,356,429,396,412,367,248,216,338,221,234,308,271,396,395,400,349,393,122,115,79,355,276,279,206,416,394,249,303,387,298,268,54,52,,,146,181,,,290,322,201,352,283,310,313,205,219,105,393,345,187,159,167,190,124,71,255,175,374,326,250,31,,215,,,b'\x11\xe8\xe1I\xeeU\xce\xd2\x9a\xbe\x12\xdf\x17\xaeN\x1e'
11E8E149-EE55-CED2-9ABE-12DF17AE4E1E,2021-ncaa-d3-conf-SCAC,ncaa,5,3,7,4,7,7,7,8,4,6,7,5,7,8,6,8,6,6,5,6,3,8,8,5,5,4,5,8,4,7,7,8,2,8,4,7,8,1,2,3,5,3,9,9,,,2,3,,,5,8,9,2,7,7,7,6,5,7,9,4,4,4,8,9,6,7,6,7,1,4,9,,2,,,5,2,2,2,6,1,1,8,5,6,6,9,2,1,9,1,4,2,2,7,8,5,7,8,3,1,2,3,7,2,4,2,6,7,4,5,1,2,5,6,,,7,2,,,5,2,4,3,5,2,2,2,1,1,6,8,2,1,1,2,1,1,5,2,5,5,2,6,,3,,,b'\x11\xe8\xe1I\xeeU\xce\xd2\x9a\xbe\x12\xdf\x17\xaeN\x1e'
11E8E149-EE55-CED2-9ABE-12DF17AE4E1E,2021-ncaa-d3-natl,ncaa,101,115,146,112,146,152,154,163,150,146,143,180,146,160,116,186,131,128,181,126,91,157,175,156,158,106,139,162,95,168,214,147,4,160,107,172,216,79,20,80,141,102,213,230,,,88,70,,,105,173,257,21,161,164,183,157,132,161,187,115,87,85,154,250,186,121,150,202,14,148,255,,29,,,114,114,116,112,154,99,88,190,175,170,178,274,99,97,188,97,133,107,104,190,184,179,247,266,75,73,4,148,214,113,107,133,194,172,149,182,91,57,139,166,,,148,79,,,105,116,112,129,114,84,92,46,50,6,230,237,55,48,50,27,10,6,199,84,140,206,43,177,,138,,,b'\x11\xe8\xe1I\xeeU\xce\xd2\x9a\xbe\x12\xdf\x17\xaeN\x1e'
11E8E149-EE55-CED2-9ABE-12DF17AE4E1E,2022-ncaa-d3-conf-SCAC,ncaa,2,2,4,2,4,5,5,5,4,5,5,3,5,5,4,5,5,4,6,4,3,5,5,5,4,3,5,7,6,3,3,6,2,6,2,5,5,1,1,3,5,4,9,7,,,7,9,,,3,7,9,2,5,5,5,4,6,6,6,5,4,4,5,9,3,7,6,5,1,5,9,,6,,,3,2,1,1,7,1,1,7,8,7,7,9,5,4,7,5,9,1,2,7,7,6,9,9,8,1,2,3,3,1,2,3,8,5,4,3,1,1,1,1,,,3,2,,,3,3,3,5,3,3,2,1,1,1,9,6,6,4,6,1,1,1,2,2,3,5,1,1,,5,,,b'\x11\xe8\xe1I\xeeU\xce\xd2\x9a\xbe\x12\xdf\x17\xaeN\x1e'
11E8E149-EE55-CED2-9ABE-12DF17AE4E1E,2022-ncaa-d3-natl,ncaa,131,55,345,89,354,291,309,349,212,315,350,215,198,230,128,166,232,208,273,205,60,338,367,192,184,171,107,152,112,250,138,350,100,326,131,281,208,45,129,178,279,184,369,287,,,161,378,,,170,382,338,128,194,232,264,271,285,134,164,110,75,73,219,287,152,282,214,235,113,216,357,,324,,,163,40,24,28,163,14,16,291,263,300,156,426,185,150,329,160,419,34,41,227,259,215,420,395,357,24,100,62,138,41,131,79,329,272,103,151,49,140,46,103,,,252,46,,,170,51,151,171,158,129,73,36,30,3,354,399,294,280,290,55,80,70,149,108,169,177,121,61,,75,,,b'\x11\xe8\xe1I\xeeU\xce\xd2\x9a\xbe\x12\xdf\x17\xaeN\x1e'
11E8E149-EE55-CED2-9ABE-12DF17AE4E1E,2023-ncaa-d3-conf-SCAC,ncaa,4,4,1,4,2,4,4,4,3,2,3,3,4,5,5,6,6,7,1,8,9,4,4,3,3,3,9,7,7,3,2,4,2,4,2,3,5,1,3,3,5,4,7,5,,,8,9,,,3,6,9,6,4,4,6,2,5,5,6,7,8,8,6,8,5,7,7,3,1,5,7,,6,,,3,2,1,1,2,1,1,3,6,7,4,8,8,8,9,8,9,1,4,3,7,4,9,7,9,2,2,2,2,2,2,2,2,4,3,3,2,4,1,1,,,4,2,,,3,4,3,4,3,2,1,1,1,1,5,5,7,7,7,1,1,2,1,2,2,4,2,1,,6,,,b'\x11\xe8\xe1I\xeeU\xce\xd2\x9a\xbe\x12\xdf\x17\xaeN\x1e'
11E8E149-EE55-CED2-9ABE-12DF17AE4E1E,2023-ncaa-d3-natl,ncaa,171,171,185,178,233,199,209,218,193,206,250,156,164,147,258,136,199,261,73,265,223,231,238,188,167,190,191,184,195,148,115,218,74,183,83,196,179,207,228,207,133,96,289,192,,,349,409,,,147,268,278,273,191,196,196,206,268,170,136,187,267,277,215,221,125,205,166,183,223,127,299,,364,,,140,96,25,49,54,13,19,103,314,360,142,411,394,365,410,365,427,80,114,110,217,155,429,384,422,59,74,129,115,82,83,60,230,152,94,67,230,244,13,7,,,190,145,,,147,147,171,123,148,97,19,26,3,1,308,355,396,376,376,63,89,64,131,85,67,140,239,5,,158,,,b'\x11\xe8\xe1I\xeeU\xce\xd2\x9a\xbe\x12\xdf\x17\xaeN\x1e'
11E8E149-EE55-CED2-9ABE-12DF17AE4E1E,2024-ncaa-d3-conf-SCAC,ncaa,3,2,4,2,4,3,3,3,3,2,1,4,4,5,4,8,3,2,6,2,7,2,4,4,4,3,8,7,6,1,1,6,2,3,2,3,2,1,1,1,2,1,3,3,,,6,8,,,3,5,8,4,2,2,1,1,1,5,5,3,2,2,1,2,1,5,2,1,1,2,3,,8,,,3,1,1,1,4,1,1,2,4,2,7,6,9,7,8,7,9,1,2,5,6,4,9,7,9,1,2,3,1,1,2,2,6,3,1,1,1,1,5,2,,,2,2,,,3,4,2,2,3,2,1,1,1,1,4,1,8,6,6,1,1,1,2,2,2,2,1,6,,2,,,b'\x11\xe8\xe1I\xeeU\xce\xd2\x9a\xbe\x12\xdf\x17\xaeN\x1e'
11E8E149-EE55-CED2-9ABE-12DF17AE4E1E,2024-ncaa-d3-natl,ncaa,89,30,345,54,350,206,203,273,118,192,240,138,206,262,107,251,210,189,265,195,156,268,334,121,132,98,230,218,212,106,33,336,31,247,38,100,15,28,56,27,75,16,266,128,,,140,362,,,58,377,319,112,86,96,111,109,129,171,201,123,92,102,99,175,39,270,104,32,71,38,247,,262,,,36,22,11,17,98,6,11,67,206,119,361,388,217,157,377,154,415,21,34,166,242,76,425,410,401,6,31,41,33,25,38,43,343,101,16,32,27,53,101,111,,,189,48,,,58,48,54,48,38,43,14,6,2,1,292,210,307,252,251,10,50,20,123,51,95,39,63,143,,44,,,b'\x11\xe8\xe1I\xeeU\xce\xd2\x9a\xbe\x12\xdf\x17\xaeN\x1e'
11E8E149-EE55-CED2-9ABE-12DF17AE4E1E,2025-ncaa-d3-conf-SCAC,genius_ncaa,1,2,1,2,1,2,1,1,5,1,1,6,5,5,9,11,2,2,8,2,11,1,1,6,6,4,11,11,10,1,2,1,3,1,3,1,4,3,1,1,1,2,8,8,,,12,7,,6,3,1,6,6,2,2,1,1,1,8,8,8,7,7,1,3,1,3,2,2,2,3,8,,7,,6,3,10,10,11,3,8,7,5,11,12,5,12,9,6,6,7,7,11,11,5,4,4,10,11,6,8,3,12,2,12,3,10,9,1,2,5,5,1,3,1,,,1,3,,1,3,12,4,4,3,5,4,5,1,1,8,12,5,4,5,4,7,5,10,6,5,4,1,3,,1,,1,b'\x11\xe8\xe1I\xeeU\xce\xd2\x9a\xbe\x12\xdf\x17\xaeN\x1e'
11E8E149-EE55-CED2-9ABE-12DF17AE4E1E,2025-ncaa-d3-natl,genius_ncaa,20,25,16,27,21,27,22,18,84,19,23,92,116,103,185,269,73,60,207,55,260,16,31,108,121,78,315,278,293,58,142,32,69,28,104,22,91,116,18,11,40,54,254,234,,,358,247,,154,63,33,182,176,56,45,60,33,75,190,194,151,159,152,57,144,117,107,95,42,33,67,312,,234,,108,69,352,320,374,150,138,100,262,415,417,218,417,189,227,86,235,299,366,380,247,214,146,404,411,110,216,69,384,142,352,104,381,382,48,80,184,208,78,63,15,,,12,64,,11,63,390,71,118,71,144,131,137,47,12,383,400,78,102,107,115,177,97,234,162,283,94,101,29,,60,,18,b'\x11\xe8\xe1I\xeeU\xce\xd2\x9a\xbe\x12\xdf\x17\xaeN\x1e'
11E8E149-EE55-CED2-9ABE-12DF17AE4E1E,2026-ncaa-d3-natl,genius_ncaa,98,200,42,183,115,44,53,41,228,73,68,214,60,41,195,129,62,127,33,126,269,42,55,209,198,162,146,142,223,17,39,63,238,26,115,44,119,257,104,104,174,271,304,313,,,330,232,,347,113,86,239,407,116,129,62,159,148,111,83,138,246,250,84,126,28,159,54,98,137,261,353,,212,,299,127,308,284,334,115,177,191,161,405,408,224,409,249,314,56,311,337,336,332,187,151,166,401,402,146,347,238,309,39,329,115,366,387,103,215,288,346,267,290,212,,,50,131,,2,113,328,99,191,131,174,138,210,42,35,384,400,133,199,201,205,203,271,186,224,312,220,289,229,,98,,3,b'\x11\xe8\xe1I\xeeU\xce\xd2\x9a\xbe\x12\xdf\x17\xaeN\x1e'
11E8E149-EE5A-911A-9ABE-12DF17AE4E1E,2018-ncaa-d3-conf-ASC,ncaa,2,1,2,1,2,4,3,2,5,4,3,6,3,4,4,7,5,2,11,2,7,2,3,5,5,5,7,6,10,1,1,3,1,2,1,3,3,9,4,3,4,2,3,3,,,11,7,,,2,5,13,12,7,6,7,4,7,5,6,10,6,6,6,8,1,10,3,3,2,5,3,,4,,,2,2,3,4,4,3,8,5,4,4,7,4,4,4,6,5,4,2,8,5,3,1,5,5,9,1,1,8,1,4,1,3,3,3,1,2,10,7,11,9,,,2,1,,,2,9,3,1,1,1,1,1,2,2,3,3,2,2,2,1,1,1,2,2,2,2,7,9,,1,,,b'\x11\xe8\xe1I\xeeZ\x91\x1a\x9a\xbe\x12\xdf\x17\xaeN\x1e'
11E8E149-EE5A-911A-9ABE-12DF17AE4E1E,2018-ncaa-d3-natl,ncaa,22,37,17,35,41,54,68,58,149,87,90,134,103,93,163,208,43,18,334,17,46,46,40,135,155,141,190,217,144,21,22,111,98,39,39,50,77,329,162,115,47,52,163,180,,,403,365,,,61,66,307,421,133,154,196,163,237,171,185,93,47,45,142,176,42,327,109,89,178,77,223,,291,,,70,253,216,214,202,265,274,228,117,172,93,145,369,384,166,385,352,275,354,183,209,97,193,92,369,145,98,249,22,207,39,193,168,39,44,57,363,259,297,190,,,5,14,,,61,383,79,77,60,68,64,23,108,69,47,68,244,261,260,32,74,59,72,52,83,85,264,195,,15,,,b'\x11\xe8\xe1I\xeeZ\x91\x1a\x9a\xbe\x12\xdf\x17\xaeN\x1e'
11E8E149-EE5A-911A-9ABE-12DF17AE4E1E,2019-ncaa-d3-conf-ASC,ncaa,1,2,1,2,1,2,1,1,3,2,2,4,3,3,2,7,2,3,6,3,11,1,1,3,3,2,9,5,11,1,1,2,4,1,1,2,4,11,3,2,2,2,4,5,,,13,13,,,1,1,3,12,2,3,1,2,4,3,5,9,8,8,2,2,1,6,1,3,6,3,6,,11,,,1,3,2,10,2,6,9,3,3,5,1,5,12,12,2,12,11,11,12,2,2,1,6,3,13,6,4,7,1,6,1,1,2,1,2,1,12,4,10,7,,,2,9,,,1,13,2,1,1,1,1,1,4,3,1,2,3,9,8,1,2,3,1,2,1,3,6,8,,7,,,b'\x11\xe8\xe1I\xeeZ\x91\x1a\x9a\xbe\x12\xdf\x17\xaeN\x1e'
11E8E149-EE5A-911A-9ABE-12DF17AE4E1E,2019-ncaa-d3-natl,ncaa,15,29,8,26,37,15,23,19,60,28,56,47,41,43,113,166,27,20,197,21,110,17,14,50,54,65,206,186,249,14,16,48,100,19,33,18,74,376,167,73,43,81,135,170,,,438,418,,,18,15,128,443,42,53,123,80,212,107,118,102,103,103,100,119,43,247,92,43,207,104,213,,377,,,22,279,181,292,111,236,305,137,114,221,33,127,428,437,121,435,417,361,416,85,125,59,274,76,426,240,100,234,16,231,33,108,84,20,37,15,360,182,243,118,,,6,116,,,18,425,33,46,26,50,28,18,71,56,31,56,338,367,369,38,113,69,35,36,24,64,209,121,,78,,,b'\x11\xe8\xe1I\xeeZ\x91\x1a\x9a\xbe\x12\xdf\x17\xaeN\x1e'
11E8E149-EE5A-911A-9ABE-12DF17AE4E1E,2020-ncaa-d3-conf-ASC,ncaa,2,2,2,2,3,2,2,3,1,2,2,3,3,5,2,8,7,5,10,6,9,3,2,1,2,3,8,3,11,1,1,4,1,1,2,2,6,8,4,3,5,3,2,2,,,5,5,,,1,5,11,6,1,1,5,2,4,3,7,9,5,5,5,6,2,4,1,2,5,6,2,,3,,,1,3,2,5,2,2,5,2,6,6,6,8,6,4,9,4,6,5,7,4,4,3,9,8,8,1,1,2,1,2,2,2,5,6,4,1,7,5,11,10,,,4,6,,,1,7,1,2,1,2,2,2,2,2,4,5,4,3,3,2,2,1,2,2,1,5,4,10,,5,,,b'\x11\xe8\xe1I\xeeZ\x91\x1a\x9a\xbe\x12\xdf\x17\xaeN\x1e'
11E8E149-EE5A-911A-9ABE-12DF17AE4E1E,2020-ncaa-d3-natl,ncaa,24,46,7,43,21,19,20,20,77,28,39,66,81,76,147,221,52,22,294,22,146,15,18,76,98,101,255,227,249,19,28,33,38,16,22,36,207,361,162,128,50,91,155,166,,,423,368,,,36,22,174,258,58,51,103,58,135,155,164,126,79,79,80,93,45,120,52,91,224,97,213,,335,,,45,319,197,315,92,167,247,106,284,340,127,270,422,414,354,413,394,368,404,100,158,103,376,250,412,174,38,268,28,233,22,147,117,35,71,33,365,238,402,296,,,22,172,,,36,416,58,65,43,108,52,62,57,60,168,197,369,337,337,104,165,62,75,51,63,96,269,339,,108,,,b'\x11\xe8\xe1I\xeeZ\x91\x1a\x9a\xbe\x12\xdf\x17\xaeN\x1e'
11E8E149-EE5A-911A-9ABE-12DF17AE4E1E,2021-ncaa-d3-conf-ASC,ncaa,3,2,6,2,7,6,7,8,7,6,6,8,8,9,8,10,4,3,7,4,2,7,7,7,7,7,9,10,1,2,2,6,3,5,2,7,10,5,3,5,5,3,9,7,,,4,4,,,3,9,7,7,5,6,4,3,3,9,10,2,2,2,3,4,1,5,2,7,3,5,9,,3,,,3,3,3,4,3,3,4,3,7,8,4,10,3,4,1,4,5,3,3,4,2,2,8,10,2,3,3,3,2,3,2,3,3,6,1,2,6,8,9,11,,,5,3,,,3,4,4,2,3,2,3,3,2,2,6,7,1,3,3,1,3,3,4,3,3,5,8,11,,2,,,b'\x11\xe8\xe1I\xeeZ\x91\x1a\x9a\xbe\x12\xdf\x17\xaeN\x1e'
11E8E149-EE5A-911A-9ABE-12DF17AE4E1E,2021-ncaa-d3-natl,ncaa,5,92,14,48,15,15,21,16,159,20,13,165,40,33,156,204,6,4,172,4,19,13,14,168,148,141,103,198,17,7,48,12,64,9,57,35,203,264,115,167,15,69,72,164,,,269,176,,,29,15,94,110,87,135,111,117,92,168,168,10,8,8,48,55,33,81,34,177,135,76,189,,172,,,65,260,261,264,88,258,259,129,266,276,83,234,240,260,23,260,185,264,270,99,74,47,158,202,108,256,64,273,48,269,57,234,61,9,44,33,270,162,278,230,,,7,21,,,29,270,100,42,67,66,80,83,76,46,142,193,72,136,137,85,155,80,154,127,53,52,183,245,,11,,,b'\x11\xe8\xe1I\xeeZ\x91\x1a\x9a\xbe\x12\xdf\x17\xaeN\x1e'
11E8E149-EE5A-911A-9ABE-12DF17AE4E1E,2022-ncaa-d3-conf-ASC,ncaa,4,4,5,4,5,5,6,5,10,6,5,9,4,3,5,4,1,2,4,2,2,4,4,8,6,6,2,4,3,3,4,6,3,5,4,5,6,4,4,5,3,1,5,3,,,8,10,,,4,7,10,2,6,8,6,9,7,4,3,1,3,3,6,5,3,8,5,7,3,1,6,,8,,,4,4,3,5,4,2,4,3,8,7,8,10,7,6,8,7,9,5,5,5,5,4,10,11,9,4,3,7,4,7,4,7,10,2,1,5,4,4,10,10,,,3,4,,,4,5,6,3,4,2,2,2,2,2,9,6,5,5,5,2,2,2,6,4,5,1,4,11,,3,,,b'\x11\xe8\xe1I\xeeZ\x91\x1a\x9a\xbe\x12\xdf\x17\xaeN\x1e'
11E8E149-EE5A-911A-9ABE-12DF17AE4E1E,2022-ncaa-d3-natl,ncaa,131,95,250,118,263,206,272,261,280,308,299,305,119,130,140,128,20,42,93,42,13,235,253,246,188,186,29,123,16,202,211,246,92,236,177,227,126,142,174,211,111,56,229,131,,,327,406,,,139,268,214,62,155,286,224,336,305,95,113,9,17,16,145,161,167,203,193,221,195,71,217,,380,,,138,95,46,65,109,21,40,64,335,254,370,371,318,284,387,298,405,75,133,175,233,136,426,404,397,65,92,206,211,139,177,215,411,102,43,115,153,162,324,385,,,87,33,,,139,157,180,113,146,120,53,40,18,20,357,291,352,311,321,65,148,81,265,177,241,64,180,359,,29,,,b'\x11\xe8\xe1I\xeeZ\x91\x1a\x9a\xbe\x12\xdf\x17\xaeN\x1e'
11E8E149-EE5A-911A-9ABE-12DF17AE4E1E,2023-ncaa-d3-conf-ASC,ncaa,2,2,1,2,1,5,4,3,6,4,3,6,4,4,5,6,7,8,5,8,9,3,3,5,5,7,8,5,8,3,5,1,1,2,4,4,6,8,4,6,5,5,6,5,,,7,7,,,4,3,9,2,7,6,3,5,3,7,7,9,9,9,4,6,3,3,4,6,4,7,6,,2,,,4,1,1,5,1,2,4,1,4,6,2,6,8,7,6,7,6,5,9,1,2,1,6,6,8,4,1,9,5,5,4,4,9,3,3,3,8,7,7,3,,,5,9,,,4,8,5,1,4,1,1,2,2,2,3,5,3,3,3,1,2,2,3,3,4,3,7,5,,10,,,b'\x11\xe8\xe1I\xeeZ\x91\x1a\x9a\xbe\x12\xdf\x17\xaeN\x1e'
11E8E149-EE5A-911A-9ABE-12DF17AE4E1E,2023-ncaa-d3-natl,ncaa,67,131,13,116,14,112,110,55,252,131,70,267,122,115,168,225,109,119,138,123,249,59,47,244,242,224,197,195,186,72,185,48,71,46,135,141,246,293,162,211,156,226,175,188,,,389,366,,,131,47,341,42,241,240,199,238,204,198,218,213,258,262,211,268,153,200,176,254,148,264,244,,290,,,146,257,156,275,70,123,198,91,280,327,122,295,399,376,395,378,375,313,346,91,146,113,392,261,400,164,71,398,185,342,135,267,319,79,107,134,339,257,405,332,,,89,225,,,131,371,199,95,150,70,31,42,33,40,165,191,334,282,281,60,73,65,237,136,134,172,236,357,,262,,,b'\x11\xe8\xe1I\xeeZ\x91\x1a\x9a\xbe\x12\xdf\x17\xaeN\x1e'
11E8E149-EE5A-911A-9ABE-12DF17AE4E1E,2024-ncaa-d3-conf-ASC,ncaa,3,2,5,3,5,5,3,6,3,4,3,3,8,8,5,8,6,6,8,6,7,7,7,3,3,4,9,8,7,4,3,7,3,5,3,3,3,5,6,3,2,1,3,2,,,9,10,,,3,8,8,6,4,4,5,4,3,7,8,7,4,5,7,8,5,7,5,3,4,2,3,,10,,,3,1,1,1,2,2,1,3,3,4,2,6,8,7,7,7,10,1,1,2,3,1,8,4,10,2,3,4,3,1,3,6,9,3,1,5,1,3,9,8,,,6,4,,,3,3,4,1,3,1,1,1,2,1,3,4,8,6,6,1,2,3,2,2,6,2,3,8,,5,,,b'\x11\xe8\xe1I\xeeZ\x91\x1a\x9a\xbe\x12\xdf\x17\xaeN\x1e'
11E8E149-EE5A-911A-9ABE-12DF17AE4E1E,2024-ncaa-d3-natl,ncaa,67,45,112,59,170,131,145,194,91,121,160,107,212,248,126,300,60,43,247,46,68,159,177,113,101,108,244,291,105,206,195,182,75,188,132,123,137,177,162,128,53,45,108,54,,,398,409,,,91,165,223,244,122,144,232,123,180,232,277,59,43,49,184,231,234,223,225,123,154,58,116,,399,,,91,113,50,64,96,34,48,116,195,217,161,306,399,382,368,379,418,97,194,114,212,99,413,264,422,88,75,190,195,130,132,241,413,60,31,103,75,63,396,359,,,33,19,,,91,248,115,75,91,90,25,23,23,20,170,191,397,376,370,43,127,66,145,94,216,52,65,382,,20,,,b'\x11\xe8\xe1I\xeeZ\x91\x1a\x9a\xbe\x12\xdf\x17\xaeN\x1e'
11E8E149-EE5A-911A-9ABE-12DF17AE4E1E,2025-ncaa-d2-natl,genius_ncaa,297,7,299,297,299,299,299,299,138,299,299,108,299,299,114,21,299,300,300,299,295,299,299,101,203,231,147,16,301,299,275,299,278,299,293,298,3,3,264,98,300,257,298,193,,,4,293,,3,168,299,75,207,239,142,140,225,256,48,38,300,298,298,236,159,260,293,297,15,247,236,205,,294,,191,284,3,3,3,293,3,3,298,3,3,25,128,4,4,295,4,301,3,3,285,296,284,147,24,300,3,278,3,275,3,293,3,236,298,71,152,3,292,3,293,,,299,284,,291,168,3,249,291,281,286,232,54,265,68,72,139,301,299,299,169,230,229,263,261,245,59,290,281,,281,,2,b'\x11\xe8\xe1I\xeeZ\x91\x1a\x9a\xbe\x12\xdf\x17\xaeN\x1e'
11E8E149-EE5A-911A-9ABE-12DF17AE4E1E,2026-ncaa-d2-conf-Lone Star,genius_ncaa,11,7,17,11,17,17,17,17,14,17,17,13,17,17,14,8,17,17,9,17,15,17,17,14,14,16,13,10,10,17,14,17,13,17,14,17,7,1,12,13,17,12,7,2,,,1,10,,2,11,17,12,2,16,14,13,14,12,14,10,14,15,15,16,13,13,12,14,12,11,10,2,,10,,2,16,1,1,1,9,1,1,4,3,1,14,15,3,2,15,2,15,1,1,11,13,12,17,16,14,1,13,1,14,1,14,1,15,17,11,14,1,17,4,15,,,17,3,,16,11,1,16,14,16,13,9,8,2,5,16,15,15,14,14,9,10,12,14,13,13,10,15,14,,4,,13,b'\x11\xe8\xe1I\xeeZ\x91\x1a\x9a\xbe\x12\xdf\x17\xaeN\x1e'
11E8E149-EE5A-911A-9ABE-12DF17AE4E1E,2026-ncaa-d2-natl,genius_ncaa,201,196,141,221,170,144,150,186,81,199,231,83,57,90,50,38,206,222,101,230,170,194,190,50,51,81,49,25,243,236,226,127,29,170,92,79,28,143,201,87,148,128,23,9,,,222,286,,270,104,176,143,88,107,119,182,204,258,27,50,209,230,244,214,195,237,63,159,44,174,147,23,,266,,279,101,106,72,74,89,54,53,115,160,156,141,212,228,247,98,242,292,95,100,123,161,129,276,194,277,55,29,115,226,86,92,123,237,163,116,129,130,166,137,210,,,129,57,,97,104,121,117,103,98,104,50,30,37,22,177,179,267,272,271,86,95,42,116,63,133,136,149,153,,76,,86,b'\x11\xe8\xe1I\xeeZ\x91\x1a\x9a\xbe\x12\xdf\x17\xaeN\x1e'
11E8E149-EE5F-0C2C-9ABE-12DF17AE4E1E,2018-ncaa-d3-conf-ASC,ncaa,4,4,3,4,3,3,4,4,3,6,7,2,1,1,7,2,4,6,5,7,6,4,4,2,3,3,2,2,9,4,3,4,2,5,3,2,2,7,5,2,5,5,8,9,,,7,4,,,4,3,5,8,2,4,4,7,9,1,2,6,7,7,4,5,7,5,5,2,5,4,9,,5,,,3,6,5,11,6,6,10,6,8,8,11,7,5,3,12,3,3,10,11,7,6,6,7,8,4,5,2,6,3,6,3,5,4,4,4,4,6,3,7,7,,,3,10,,,4,11,2,6,4,4,6,6,4,4,7,6,4,3,3,3,7,2,3,3,4,4,4,5,,8,,,"b'\x11\xe8\xe1I\xee_\x0c,\x9a\xbe\x12\xdf\x17\xaeN\x1e'"
11E8E149-EE5F-0C2C-9ABE-12DF17AE4E1E,2018-ncaa-d3-natl,ncaa,138,114,197,130,264,92,125,172,77,198,308,59,34,45,56,60,125,126,203,126,44,155,164,45,48,51,61,58,250,149,71,282,193,233,106,59,46,187,157,61,104,92,333,329,,,291,316,,,107,182,117,303,35,67,118,181,335,23,38,87,93,91,98,116,128,294,216,27,194,88,346,,330,,,94,225,154,135,232,137,121,204,307,254,342,274,338,315,347,308,354,159,239,277,311,227,377,308,345,135,193,63,71,80,106,182,208,109,93,119,235,211,35,50,,,137,141,,,107,261,38,203,99,242,188,153,148,133,299,252,364,337,327,182,274,157,63,87,205,90,249,33,,91,,,"b'\x11\xe8\xe1I\xee_\x0c,\x9a\xbe\x12\xdf\x17\xaeN\x1e'"
11E8E149-EE5F-0C2C-9ABE-12DF17AE4E1E,2019-ncaa-d3-conf-ASC,ncaa,5,4,8,5,10,6,4,7,4,4,7,2,6,6,7,6,11,12,7,12,13,9,9,4,4,4,12,9,12,5,4,5,1,6,2,4,5,4,4,4,10,10,8,7,,,1,1,,,5,12,10,11,5,4,6,4,5,5,6,11,11,11,10,10,4,3,5,4,5,10,7,,1,,,5,2,5,4,5,1,1,5,13,13,12,13,1,1,1,1,1,3,1,9,6,8,13,13,1,1,1,1,4,1,2,8,12,12,11,12,3,3,1,1,,,12,12,,,5,3,4,6,5,5,6,9,2,2,13,13,1,1,1,4,3,1,2,1,9,12,4,1,,12,,,"b'\x11\xe8\xe1I\xee_\x0c,\x9a\xbe\x12\xdf\x17\xaeN\x1e'"
11E8E149-EE5F-0C2C-9ABE-12DF17AE4E1E,2019-ncaa-d3-natl,ncaa,206,104,407,168,418,329,297,404,72,267,393,38,293,299,273,161,348,372,174,369,247,404,412,79,92,113,302,239,318,309,42,377,47,366,28,249,151,40,220,124,404,316,350,248,,,16,63,,,180,415,249,353,126,99,192,95,254,192,148,240,264,259,211,227,130,144,111,95,208,340,320,,48,,,173,39,49,36,203,7,8,169,426,395,416,443,14,11,157,10,109,28,21,338,295,352,440,443,26,8,47,8,42,8,28,157,381,418,359,394,57,209,3,2,,,401,283,,,180,29,98,287,172,253,261,291,47,29,441,439,35,35,30,213,111,40,25,25,334,383,196,2,,273,,,"b'\x11\xe8\xe1I\xee_\x0c,\x9a\xbe\x12\xdf\x17\xaeN\x1e'"
11E8E149-EE5F-0C2C-9ABE-12DF17AE4E1E,2020-ncaa-d2-conf-Lone Star,ncaa,18,18,13,18,15,17,17,16,17,17,18,15,11,10,15,3,16,15,10,15,7,17,16,16,16,17,4,7,6,17,16,12,17,15,16,15,6,13,17,15,18,18,15,15,,,2,2,,,18,15,11,6,17,17,15,17,18,10,7,15,15,15,16,14,17,11,14,14,15,18,15,,3,,,18,13,17,16,15,12,5,17,18,18,13,18,2,2,3,2,3,10,6,16,13,18,14,18,1,17,17,8,16,12,16,18,18,17,18,18,16,17,3,12,,,15,10,,,18,4,17,18,18,17,18,18,13,7,18,18,2,2,2,17,11,18,11,17,18,17,16,4,,14,,,"b'\x11\xe8\xe1I\xee_\x0c,\x9a\xbe\x12\xdf\x17\xaeN\x1e'"
11E8E149-EE5F-0C2C-9ABE-12DF17AE4E1E,2020-ncaa-d2-natl,ncaa,300,289,283,300,286,301,302,300,282,304,302,278,210,191,244,50,282,277,177,276,94,301,299,270,267,280,44,63,105,285,253,278,292,286,278,271,74,172,293,267,301,306,237,192,,,10,9,,,300,298,228,115,294,298,289,303,296,167,110,254,250,248,295,250,251,185,237,246,267,299,215,,21,,,298,123,167,130,205,79,26,268,298,305,195,309,9,14,91,16,49,78,38,260,215,272,264,306,3,259,292,56,253,132,278,289,301,299,297,309,230,296,126,266,,,293,204,,,300,16,290,299,301,272,281,297,177,84,306,310,16,19,25,271,194,302,186,266,306,293,282,197,,258,,,"b'\x11\xe8\xe1I\xee_\x0c,\x9a\xbe\x12\xdf\x17\xaeN\x1e'"
11E8E149-EE5F-0C2C-9ABE-12DF17AE4E1E,2021-ncaa-d2-conf-Lone Star,ncaa,15,16,10,15,11,14,14,12,15,14,8,15,15,14,16,15,14,12,14,12,13,13,11,16,15,15,15,15,4,8,9,14,12,11,13,14,11,12,15,15,10,10,14,13,,,5,4,,,16,12,12,6,15,15,13,15,4,16,16,13,12,12,13,8,7,13,11,16,15,10,14,,6,,,15,9,10,6,13,3,3,15,16,16,16,16,3,4,1,4,13,4,5,16,15,14,16,16,1,8,12,8,9,7,13,15,16,11,10,15,11,15,14,15,,,12,8,,,16,4,15,14,15,14,14,13,2,1,16,16,1,4,4,7,7,11,13,14,16,10,13,15,,11,,,"b'\x11\xe8\xe1I\xee_\x0c,\x9a\xbe\x12\xdf\x17\xaeN\x1e'"
11E8E149-EE5F-0C2C-9ABE-12DF17AE4E1E,2021-ncaa-d2-natl,ncaa,211,199,144,211,154,190,190,170,218,182,140,221,202,192,212,214,179,165,207,166,181,173,154,222,222,225,193,208,49,132,108,171,187,161,184,184,106,159,221,219,139,110,190,166,,,66,87,,,219,155,138,99,224,224,203,210,81,224,222,201,172,173,209,122,93,189,163,208,221,114,205,,82,,,222,84,87,71,165,46,35,194,209,183,210,225,45,52,18,47,177,66,71,218,197,175,225,226,6,101,187,79,108,83,184,165,224,124,56,192,151,218,167,207,,,145,77,,,219,70,225,189,222,156,143,109,14,1,225,225,17,50,41,74,104,161,141,159,222,60,208,209,,96,,,"b'\x11\xe8\xe1I\xee_\x0c,\x9a\xbe\x12\xdf\x17\xaeN\x1e'"
11E8E149-EE5F-0C2C-9ABE-12DF17AE4E1E,2023-ncaa-d2-conf-Lone Star,ncaa,1,1,2,1,3,4,4,4,3,4,10,1,2,2,4,2,9,10,4,9,9,4,6,1,2,2,5,3,11,12,14,5,10,6,15,5,10,4,3,3,1,2,9,8,,,12,9,,,3,4,15,10,7,6,14,10,15,2,5,10,12,13,15,15,15,10,14,8,1,5,12,,6,,,3,13,6,13,2,1,3,3,16,16,8,16,12,12,15,12,15,12,14,4,5,3,16,16,12,14,10,13,14,14,15,14,16,3,5,12,2,2,8,9,,,8,9,,,3,13,2,5,3,3,1,2,1,1,15,16,7,5,5,1,3,10,6,9,10,8,1,5,,14,,,"b'\x11\xe8\xe1I\xee_\x0c,\x9a\xbe\x12\xdf\x17\xaeN\x1e'"
11E8E149-EE5F-0C2C-9ABE-12DF17AE4E1E,2023-ncaa-d2-natl,ncaa,19,46,8,39,11,36,51,47,74,90,149,36,20,15,100,26,42,67,49,64,47,44,51,51,39,37,40,47,142,186,258,35,159,70,218,75,172,138,66,77,26,44,183,113,,,278,219,,,57,36,266,116,122,165,248,223,287,54,48,136,172,169,246,283,270,158,241,181,28,66,242,,163,,,65,233,135,250,10,9,24,40,298,298,116,298,269,256,269,259,293,263,269,80,108,80,298,298,241,263,159,281,258,284,218,273,293,39,89,138,116,53,125,123,,,52,94,,,57,266,59,98,59,48,7,39,1,1,292,296,179,133,139,37,60,151,136,144,162,120,24,51,,212,,,"b'\x11\xe8\xe1I\xee_\x0c,\x9a\xbe\x12\xdf\x17\xaeN\x1e'"
11E8E149-EE5F-0C2C-9ABE-12DF17AE4E1E,2024-ncaa-d2-conf-Lone Star,ncaa,2,2,2,2,3,5,5,4,8,10,12,5,3,2,6,1,8,8,4,8,7,7,6,4,4,4,4,3,10,6,8,4,6,5,6,6,7,6,4,6,4,4,5,3,,,15,12,,,3,6,15,11,10,11,11,15,16,4,3,9,9,9,10,13,9,7,9,7,3,4,7,,9,,,3,6,4,8,2,1,2,5,15,14,9,14,9,13,4,13,16,8,9,6,5,4,16,15,12,8,6,15,8,12,6,11,15,5,5,6,6,5,3,6,,,10,12,,,3,11,4,3,4,2,1,2,1,2,11,13,6,8,8,2,2,5,8,8,5,7,4,3,,14,,,"b'\x11\xe8\xe1I\xee_\x0c,\x9a\xbe\x12\xdf\x17\xaeN\x1e'"
11E8E149-EE5F-0C2C-9ABE-12DF17AE4E1E,2024-ncaa-d2-natl,ncaa,23,59,8,46,10,51,60,38,121,104,137,84,17,10,105,22,92,124,53,120,115,44,51,85,90,77,45,27,209,101,190,44,91,57,144,58,109,159,74,78,37,65,93,59,,,267,218,,,53,44,280,227,154,169,218,243,284,41,45,208,239,241,233,272,207,185,219,139,43,99,151,,126,,,65,213,134,222,37,41,70,73,290,295,90,291,249,239,191,242,279,240,252,80,99,87,296,283,229,191,91,267,190,251,144,240,277,50,87,121,160,95,45,38,,,151,253,,,53,255,81,75,62,24,10,10,3,2,227,264,132,124,123,10,19,59,99,72,113,142,58,8,,282,,,"b'\x11\xe8\xe1I\xee_\x0c,\x9a\xbe\x12\xdf\x17\xaeN\x1e'"
11E8E149-EE5F-0C2C-9ABE-12DF17AE4E1E,2025-ncaa-d2-conf-Lone Star,genius_ncaa,3,3,4,3,7,7,6,8,4,9,16,1,2,2,4,1,15,16,4,16,12,9,12,3,3,2,3,1,16,15,16,7,5,9,12,4,2,2,7,3,1,1,10,8,,,13,14,,6,3,9,13,15,7,4,11,14,16,1,2,16,16,16,13,14,15,8,12,3,3,1,12,,10,,4,3,1,1,3,2,1,1,3,8,15,2,16,11,9,9,9,15,5,9,4,4,2,16,15,15,9,5,10,16,9,12,5,15,4,2,2,2,2,4,7,,,13,12,,12,3,8,3,2,3,3,2,1,1,1,7,13,8,8,8,3,4,7,8,7,4,4,2,3,,16,,13,"b'\x11\xe8\xe1I\xee_\x0c,\x9a\xbe\x12\xdf\x17\xaeN\x1e'"
11E8E149-EE5F-0C2C-9ABE-12DF17AE4E1E,2025-ncaa-d2-natl,genius_ncaa,24,16,72,19,106,113,104,148,58,182,282,10,19,12,82,5,258,282,26,283,234,171,217,26,33,25,32,9,287,278,283,133,92,209,211,55,36,43,71,27,49,30,220,168,,,192,240,,118,31,170,278,279,143,125,238,254,299,15,13,284,295,295,282,295,293,197,280,59,20,60,247,,141,,104,27,40,21,80,9,13,20,61,203,269,34,296,126,111,216,110,246,78,117,36,47,32,296,277,211,95,92,164,283,130,211,116,269,81,47,73,28,38,16,57,,,247,228,,201,31,131,59,26,26,12,5,12,1,1,178,257,88,73,73,11,20,60,109,83,84,102,16,7,,288,,226,"b'\x11\xe8\xe1I\xee_\x0c,\x9a\xbe\x12\xdf\x17\xaeN\x1e'"
11E8E149-EE5F-0C2C-9ABE-12DF17AE4E1E,2026-ncaa-d2-conf-Lone Star,genius_ncaa,8,7,6,8,7,10,10,11,8,11,14,9,4,9,4,4,15,15,4,15,15,13,15,6,6,8,6,2,17,15,15,14,12,15,14,9,6,7,10,8,3,3,16,16,,,11,14,,5,8,11,3,2,8,6,7,8,12,1,6,14,16,15,10,12,16,14,16,6,9,3,16,,15,,6,8,5,4,2,11,4,3,9,6,7,11,10,6,13,1,13,16,3,8,13,11,5,12,11,10,7,12,7,15,8,14,12,16,2,1,5,1,1,3,4,,,15,16,,4,8,10,8,5,8,6,6,1,6,2,9,8,7,13,13,4,12,7,10,10,13,1,1,4,,16,,3,"b'\x11\xe8\xe1I\xee_\x0c,\x9a\xbe\x12\xdf\x17\xaeN\x1e'"
11E8E149-EE5F-0C2C-9ABE-12DF17AE4E1E,2026-ncaa-d2-natl,genius_ncaa,157,144,141,167,170,249,239,214,244,266,266,212,97,72,174,3,283,288,152,289,282,235,229,203,229,240,34,5,289,249,244,217,87,235,208,176,58,140,237,185,85,39,189,149,,,135,251,,204,178,221,266,88,280,264,255,287,292,73,33,296,296,298,290,282,249,243,266,173,164,69,181,,164,,224,180,58,66,55,146,54,59,101,140,93,235,160,56,90,7,98,216,57,76,174,112,64,199,230,81,61,87,134,244,98,208,166,291,115,35,138,76,153,51,120,,,252,265,,97,178,81,255,57,174,28,40,8,37,26,160,91,37,100,108,7,27,51,154,88,198,78,99,49,,284,,86,"b'\x11\xe8\xe1I\xee_\x0c,\x9a\xbe\x12\xdf\x17\xaeN\x1e'"
11E8E149-EE63-B84E-9ABE-12DF17AE4E1E,2018-ncaa-d3-conf-PAC,ncaa,10,9,9,10,9,8,10,10,9,10,10,8,4,2,7,1,10,10,7,10,1,10,10,7,7,8,1,1,5,10,10,8,10,10,10,10,9,7,9,10,10,10,7,7,,,6,5,,,10,9,5,3,8,9,9,10,10,2,1,10,10,10,9,9,10,8,9,10,8,9,7,,8,,,10,8,8,8,8,8,9,8,9,4,10,4,7,5,10,5,5,8,2,8,8,8,6,5,4,10,10,7,10,10,10,9,9,10,10,10,7,10,2,6,,,8,3,,,10,2,9,10,10,10,10,10,9,9,10,7,8,8,8,10,10,10,9,10,9,10,8,2,,6,,,b'\x11\xe8\xe1I\xeec\xb8N\x9a\xbe\x12\xdf\x17\xaeN\x1e'
11E8E149-EE63-B84E-9ABE-12DF17AE4E1E,2018-ncaa-d3-natl,ncaa,400,411,305,410,346,355,383,386,355,419,433,322,78,47,226,7,326,325,277,334,21,384,381,277,267,321,3,8,199,420,431,396,422,416,430,405,403,276,387,409,369,390,264,283,,,224,284,,,411,349,264,303,375,399,416,433,444,47,25,327,310,323,413,381,431,417,436,416,332,375,252,,295,,,408,401,394,214,419,367,245,393,360,223,435,199,318,275,382,276,270,230,149,423,425,438,246,274,202,377,422,244,431,314,430,425,392,394,406,433,350,401,94,379,,,276,105,,,411,90,357,439,414,418,407,339,386,317,393,276,372,344,348,355,272,387,324,367,424,399,365,103,,222,,,b'\x11\xe8\xe1I\xeec\xb8N\x9a\xbe\x12\xdf\x17\xaeN\x1e'
11E8E149-EE63-B84E-9ABE-12DF17AE4E1E,2019-ncaa-d3-conf-PAC,ncaa,7,8,1,8,1,2,5,4,4,8,9,4,1,1,2,1,4,2,9,1,1,3,1,3,3,3,1,1,4,9,9,3,8,5,8,5,4,8,6,6,6,7,4,6,,,9,8,,,7,1,4,2,4,6,7,9,9,1,2,4,3,3,7,6,9,6,8,5,5,6,6,,7,,,7,9,9,9,7,9,9,6,1,3,1,1,8,8,7,8,3,9,9,5,7,7,1,1,7,9,8,8,9,9,8,8,4,5,6,7,8,6,1,4,,,1,3,,,7,9,6,7,7,7,7,7,9,9,1,3,8,7,7,6,7,7,8,7,6,6,6,1,,4,,,b'\x11\xe8\xe1I\xeec\xb8N\x9a\xbe\x12\xdf\x17\xaeN\x1e'
11E8E149-EE63-B84E-9ABE-12DF17AE4E1E,2019-ncaa-d3-natl,ncaa,306,382,67,346,79,119,177,159,220,352,397,172,11,10,89,8,172,105,355,100,8,138,107,101,122,164,7,5,272,348,419,102,289,203,369,120,77,341,287,208,282,374,209,286,,,382,279,,,328,67,132,46,164,244,277,408,436,11,13,222,149,142,237,205,402,143,307,143,279,343,235,,335,,,311,437,427,421,321,424,408,349,310,357,157,204,410,369,427,370,218,423,395,299,328,377,160,125,266,387,289,415,419,415,369,403,227,252,370,376,379,332,42,147,,,138,206,,,328,379,229,380,309,395,375,381,374,363,245,297,374,314,315,385,346,321,374,362,342,330,333,29,,210,,,b'\x11\xe8\xe1I\xeec\xb8N\x9a\xbe\x12\xdf\x17\xaeN\x1e'
11E8E149-EE63-B84E-9ABE-12DF17AE4E1E,2020-ncaa-d3-conf-PAC,ncaa,9,9,9,9,9,9,9,9,9,9,9,9,7,6,6,3,9,9,9,9,7,9,9,9,9,9,2,2,9,9,9,9,9,9,9,9,5,8,9,9,8,8,9,9,,,1,1,,,9,9,7,2,9,9,9,9,9,5,4,9,9,9,9,9,9,9,9,9,8,8,9,,1,,,9,7,8,7,9,8,8,8,5,4,4,5,1,1,7,1,1,6,2,7,7,8,1,2,1,9,9,7,9,9,9,8,8,8,8,9,8,9,7,9,,,9,8,,,9,1,9,9,9,8,9,9,9,9,7,7,3,2,1,7,7,9,8,9,8,8,8,8,,9,,,b'\x11\xe8\xe1I\xeec\xb8N\x9a\xbe\x12\xdf\x17\xaeN\x1e'
11E8E149-EE63-B84E-9ABE-12DF17AE4E1E,2020-ncaa-d3-natl,ncaa,431,430,327,431,343,413,415,408,404,426,413,421,220,241,187,75,425,420,417,420,300,411,380,381,401,419,39,21,373,430,436,403,432,421,435,404,271,419,432,423,357,373,393,412,,,28,18,,,434,327,209,153,426,425,424,436,423,201,212,432,427,427,432,367,436,419,435,417,419,344,399,,27,,,428,421,427,348,423,425,352,419,312,240,359,196,118,85,356,80,42,301,218,422,413,422,35,172,34,427,432,355,436,414,435,422,325,344,368,414,423,428,336,428,,,393,339,,,434,99,425,431,429,421,426,407,424,413,340,310,165,130,112,394,361,430,398,423,418,321,421,362,,394,,,b'\x11\xe8\xe1I\xeec\xb8N\x9a\xbe\x12\xdf\x17\xaeN\x1e'
11E8E149-EE63-B84E-9ABE-12DF17AE4E1E,2021-ncaa-d3-conf-PAC,ncaa,9,9,9,9,9,10,9,10,9,9,7,9,9,10,8,6,9,10,9,10,7,10,10,9,9,10,5,5,6,8,9,8,6,8,8,9,5,8,10,9,8,7,10,10,,,2,4,,,9,9,5,1,9,9,8,8,6,9,9,9,9,9,8,7,8,7,8,9,9,7,10,,5,,,9,5,6,4,7,5,3,5,10,6,10,10,3,2,8,3,4,4,2,9,10,9,9,10,3,5,6,5,9,6,8,8,10,10,8,10,7,10,5,6,,,9,7,,,9,2,10,9,9,8,7,7,6,6,10,10,5,2,4,7,5,7,8,7,8,8,9,6,,8,,,b'\x11\xe8\xe1I\xeec\xb8N\x9a\xbe\x12\xdf\x17\xaeN\x1e'
11E8E149-EE63-B84E-9ABE-12DF17AE4E1E,2021-ncaa-d3-natl,ncaa,215,238,146,237,146,180,177,161,242,171,149,251,159,149,184,151,182,172,243,170,214,164,150,246,248,260,146,124,187,148,197,146,204,151,207,178,163,208,261,252,138,161,209,251,,,120,62,,,267,147,95,21,247,238,170,235,146,181,169,231,211,210,196,81,144,113,126,220,266,146,250,,94,,,262,175,174,159,203,135,131,148,248,204,266,261,124,117,201,118,95,148,139,238,231,238,263,278,47,174,204,160,197,164,207,218,261,162,196,253,213,252,171,203,,,168,232,,,267,135,259,247,263,245,238,242,148,144,279,268,106,86,96,229,210,223,237,233,265,171,256,207,,212,,,b'\x11\xe8\xe1I\xeec\xb8N\x9a\xbe\x12\xdf\x17\xaeN\x1e'
11E8E149-EE63-B84E-9ABE-12DF17AE4E1E,2022-ncaa-d3-conf-PAC,ncaa,9,8,10,9,10,10,10,10,9,10,10,10,8,9,8,4,8,10,8,10,3,10,10,9,9,9,2,3,2,10,10,10,9,10,9,9,2,4,9,8,9,8,10,8,,,1,4,,,9,10,6,4,9,10,9,10,8,7,6,6,6,5,10,6,7,7,7,7,7,7,9,,4,,,9,5,7,3,10,6,3,10,7,6,10,8,1,1,7,1,1,2,1,10,10,10,2,8,1,3,9,2,10,2,9,9,10,10,10,10,4,8,1,3,,,9,2,,,9,1,9,10,9,9,9,9,9,7,10,10,4,4,4,7,5,8,8,8,9,10,7,3,,2,,,b'\x11\xe8\xe1I\xeec\xb8N\x9a\xbe\x12\xdf\x17\xaeN\x1e'
11E8E149-EE63-B84E-9ABE-12DF17AE4E1E,2022-ncaa-d3-natl,ncaa,381,290,405,380,412,407,412,409,415,417,409,421,324,334,285,140,364,355,334,353,95,408,406,402,398,393,37,94,42,355,303,390,371,390,355,389,63,79,345,343,392,348,374,351,,,22,80,,,396,410,211,290,396,407,331,416,339,213,168,225,154,148,307,237,207,230,215,324,323,314,328,,121,,,402,77,135,50,371,139,57,372,185,126,342,294,25,22,238,20,37,41,24,379,360,400,133,291,28,179,371,71,303,89,355,281,382,413,402,421,140,345,63,261,,,367,69,,,396,20,388,404,403,386,398,394,385,359,401,368,109,97,94,382,304,377,377,386,411,381,327,199,,83,,,b'\x11\xe8\xe1I\xeec\xb8N\x9a\xbe\x12\xdf\x17\xaeN\x1e'
11E8E149-EE63-B84E-9ABE-12DF17AE4E1E,2023-ncaa-d3-conf-PAC,ncaa,10,10,9,10,11,11,11,11,10,11,11,10,7,6,10,4,6,5,11,5,2,11,10,11,10,10,4,6,1,10,11,5,7,9,10,10,6,10,10,10,9,9,11,11,,,2,2,,,11,7,2,9,11,11,10,11,10,6,5,4,3,3,8,5,9,3,7,10,10,9,11,,4,,,11,10,10,10,10,10,9,9,11,10,9,8,3,3,2,3,3,10,8,10,9,11,5,9,1,8,7,9,11,9,10,10,10,11,11,11,11,11,7,10,,,4,1,,,11,6,11,11,11,10,10,10,10,10,11,10,4,4,4,10,10,9,10,10,11,10,11,10,,3,,,b'\x11\xe8\xe1I\xeec\xb8N\x9a\xbe\x12\xdf\x17\xaeN\x1e'
11E8E149-EE63-B84E-9ABE-12DF17AE4E1E,2023-ncaa-d3-natl,ncaa,381,398,271,390,327,355,367,262,410,370,325,390,237,118,393,98,302,193,410,195,80,255,207,401,408,401,99,130,132,278,372,129,318,194,360,327,171,356,353,367,277,327,392,408,,,52,17,,,409,182,49,399,373,387,191,391,316,226,93,303,139,138,183,93,255,31,118,327,366,257,395,,49,,,406,394,412,399,345,397,358,363,397,408,292,349,57,86,23,94,51,390,302,360,294,385,125,343,17,374,318,412,372,406,360,418,396,373,411,422,402,387,387,412,,,205,195,,,409,249,401,387,404,402,408,418,395,391,414,416,50,103,114,414,384,380,419,411,418,372,397,401,,118,,,b'\x11\xe8\xe1I\xeec\xb8N\x9a\xbe\x12\xdf\x17\xaeN\x1e'
11E8E149-EE63-B84E-9ABE-12DF17AE4E1E,2024-ncaa-d3-conf-PAC,ncaa,11,11,7,11,9,10,11,11,11,11,11,11,6,3,10,1,11,11,5,11,4,11,10,10,10,10,1,1,5,11,11,11,11,11,11,10,4,10,11,10,11,11,11,11,,,1,1,,,11,7,6,11,11,11,11,11,11,6,3,11,11,11,11,8,11,10,11,11,10,11,11,,1,,,11,11,11,10,11,11,10,11,11,11,10,5,1,1,1,1,1,10,9,11,11,11,1,5,1,11,11,10,11,10,11,11,7,11,11,11,11,11,9,11,,,11,10,,,11,5,11,11,11,11,11,11,11,11,11,11,1,1,1,11,10,11,10,11,11,11,11,10,,11,,,b'\x11\xe8\xe1I\xeec\xb8N\x9a\xbe\x12\xdf\x17\xaeN\x1e'
11E8E149-EE63-B84E-9ABE-12DF17AE4E1E,2024-ncaa-d3-natl,ncaa,419,423,296,419,343,374,380,326,399,411,405,388,104,48,297,5,383,390,216,392,221,353,316,369,372,379,7,4,305,410,425,354,423,391,424,311,59,345,370,349,411,424,419,425,,,21,6,,,425,240,103,405,385,390,315,422,420,70,19,396,400,403,359,260,422,358,416,311,353,422,425,,10,,,424,426,427,421,426,425,411,426,415,411,362,293,36,47,48,49,9,418,319,426,425,427,18,216,4,424,423,400,425,419,424,426,286,417,427,427,402,411,408,427,,,409,422,,,425,180,391,427,424,427,427,426,426,418,416,420,41,57,60,427,399,422,418,422,423,425,405,415,,419,,,b'\x11\xe8\xe1I\xeec\xb8N\x9a\xbe\x12\xdf\x17\xaeN\x1e'
11E8E149-EE63-B84E-9ABE-12DF17AE4E1E,2025-ncaa-d3-conf-PAC,genius_ncaa,11,11,6,11,8,11,11,10,11,10,9,11,10,7,11,8,9,9,7,9,9,10,6,11,11,11,7,9,5,10,10,10,11,10,11,11,11,11,11,11,8,9,9,11,,,3,2,,2,11,3,3,5,11,11,10,10,8,10,7,9,9,9,10,3,10,9,10,11,11,8,9,,6,,2,11,10,11,11,10,11,11,11,10,10,10,7,6,7,2,7,5,11,8,10,10,11,1,5,2,11,11,10,10,11,11,10,8,10,10,11,11,11,11,11,,,9,8,,7,11,8,11,11,11,10,11,11,11,11,10,10,7,9,9,11,9,11,10,11,10,10,11,11,,8,,7,b'\x11\xe8\xe1I\xeec\xb8N\x9a\xbe\x12\xdf\x17\xaeN\x1e'
11E8E149-EE63-B84E-9ABE-12DF17AE4E1E,2025-ncaa-d3-natl,genius_ncaa,412,417,290,412,327,333,318,203,376,306,228,364,261,157,362,148,362,348,351,346,351,228,165,372,378,376,213,166,319,301,378,226,366,263,395,351,352,367,347,372,236,310,304,344,,,81,21,,34,412,123,25,258,337,309,87,303,166,233,122,371,343,342,115,49,283,132,202,350,376,208,292,,101,,36,405,414,415,404,414,415,375,416,393,385,350,292,126,153,80,156,77,397,341,413,404,415,64,251,16,389,366,404,378,406,395,408,223,337,397,402,397,381,395,392,,,350,401,,276,412,289,380,416,404,414,414,408,412,401,399,396,161,200,208,409,398,390,411,406,402,329,393,403,,348,,281,b'\x11\xe8\xe1I\xeec\xb8N\x9a\xbe\x12\xdf\x17\xaeN\x1e'
11E8E149-EE63-B84E-9ABE-12DF17AE4E1E,2026-ncaa-d3-conf-PAC,genius_ncaa,9,9,1,9,1,10,9,2,10,3,1,9,12,5,12,9,11,8,12,6,11,2,2,11,11,12,12,12,11,2,4,5,3,3,6,12,12,10,9,12,6,5,4,5,,,1,1,,3,11,1,4,1,10,9,2,3,1,12,5,11,8,6,2,2,2,5,3,12,10,6,4,,1,,3,11,10,10,8,10,8,5,8,10,9,11,9,2,2,7,2,1,6,9,10,9,8,5,10,2,3,3,9,4,8,6,5,2,8,8,7,11,10,12,12,,,8,10,,2,11,9,11,8,11,10,10,8,8,5,10,9,2,2,2,6,9,3,9,8,5,8,11,12,,8,,2,b'\x11\xe8\xe1I\xeec\xb8N\x9a\xbe\x12\xdf\x17\xaeN\x1e'
11E8E149-EE63-B84E-9ABE-12DF17AE4E1E,2026-ncaa-d3-natl,genius_ncaa,288,268,215,305,229,303,273,243,278,219,204,260,316,283,343,300,324,234,398,236,249,249,221,303,331,339,354,315,285,189,174,226,319,213,243,263,215,295,335,316,158,163,215,250,,,82,18,,130,327,226,94,35,294,241,145,159,107,318,269,331,200,200,149,72,129,118,118,228,359,108,202,,64,,133,336,232,276,273,228,229,254,153,347,298,368,299,50,70,106,63,12,238,213,263,206,257,217,378,14,307,319,187,174,238,243,317,309,278,311,344,346,374,388,398,,,236,261,,201,327,189,329,291,333,335,361,392,306,364,392,370,32,38,34,376,357,360,275,336,363,238,385,409,,164,,195,b'\x11\xe8\xe1I\xeec\xb8N\x9a\xbe\x12\xdf\x17\xaeN\x1e'
11E8E149-EE68-721C-9ABE-12DF17AE4E1E,2018-ncaa-d3-conf-North Atlantic,ncaa,7,7,7,7,8,7,7,6,7,7,7,7,5,5,6,5,7,6,7,6,6,7,6,7,7,7,7,4,7,6,7,4,6,6,7,6,7,5,7,7,9,9,6,5,,,6,7,,,7,8,3,7,7,7,4,7,5,5,4,6,5,5,5,4,5,3,3,6,7,9,6,,8,,,7,7,6,4,7,4,3,7,9,8,8,8,9,7,9,8,8,4,5,7,7,7,9,8,8,5,6,5,7,5,7,6,7,8,7,7,8,8,9,9,,,5,6,,,7,5,7,7,7,7,7,7,5,5,9,9,10,9,10,7,9,6,7,7,7,8,8,9,,5,,,b'\x11\xe8\xe1I\xeehr\x1c\x9a\xbe\x12\xdf\x17\xaeN\x1e'
11E8E149-EE68-721C-9ABE-12DF17AE4E1E,2018-ncaa-d3-natl,ncaa,280,279,305,286,336,298,300,247,339,328,286,362,164,182,161,148,291,288,276,282,268,261,266,313,320,306,111,103,248,162,189,142,152,146,177,260,161,206,241,254,379,395,279,264,,,242,278,,,283,296,142,250,266,281,141,328,221,135,132,273,249,246,150,141,109,33,45,225,265,385,276,,312,,,285,181,108,187,72,50,112,51,369,354,317,377,329,269,415,271,337,201,177,122,175,224,434,403,359,218,152,248,189,228,177,178,302,281,276,246,253,285,315,359,,,290,289,,,283,178,298,221,271,264,174,316,90,184,399,396,381,329,341,333,305,280,328,320,237,258,302,363,,254,,,b'\x11\xe8\xe1I\xeehr\x1c\x9a\xbe\x12\xdf\x17\xaeN\x1e'
11E8E149-EE68-721C-9ABE-12DF17AE4E1E,2019-ncaa-d3-conf-North Atlantic,ncaa,6,6,5,6,6,5,5,4,4,6,5,5,5,5,2,4,7,7,5,7,8,6,5,3,4,5,3,2,7,7,7,6,7,6,7,5,7,8,8,6,3,5,6,6,,,7,6,,,5,4,2,6,5,4,5,5,5,3,5,8,7,7,7,5,7,7,7,5,8,4,6,,7,,,5,7,3,4,6,5,5,6,3,4,4,3,8,8,7,8,7,5,6,5,6,5,5,3,7,5,7,5,7,5,7,2,1,3,3,3,8,8,3,4,,,6,8,,,5,5,6,5,6,6,5,3,6,4,3,3,8,7,7,5,7,6,7,6,3,2,8,4,,8,,,b'\x11\xe8\xe1I\xeehr\x1c\x9a\xbe\x12\xdf\x17\xaeN\x1e'
11E8E149-EE68-721C-9ABE-12DF17AE4E1E,2019-ncaa-d3-natl,ncaa,375,331,390,382,401,414,411,403,399,413,391,408,311,321,284,171,425,426,340,425,409,409,402,391,400,412,192,108,377,371,340,386,346,391,366,422,422,245,401,424,317,243,357,336,,,89,228,,,358,404,239,295,411,399,324,402,296,252,227,422,422,422,380,271,275,275,301,426,379,231,337,,237,,,369,37,27,43,114,41,63,106,100,104,191,231,155,130,322,136,263,45,45,114,134,144,309,234,315,208,346,158,340,167,366,17,39,313,194,84,333,408,130,264,,,428,415,,,358,41,408,178,369,172,148,232,148,212,211,236,289,261,271,249,251,350,361,364,63,181,401,237,,422,,,b'\x11\xe8\xe1I\xeehr\x1c\x9a\xbe\x12\xdf\x17\xaeN\x1e'
11E8E149-EE68-721C-9ABE-12DF17AE4E1E,2020-ncaa-d3-conf-North Atlantic,ncaa,4,3,4,4,5,5,5,7,4,5,6,4,2,5,3,4,6,5,5,6,5,7,6,3,4,5,5,2,6,5,3,4,3,4,3,5,6,7,7,6,5,6,4,4,,,4,5,,,5,6,5,3,5,4,6,5,7,2,4,6,5,5,6,5,6,3,4,4,7,6,4,,5,,,5,3,3,4,4,3,5,3,5,3,7,4,6,6,7,6,5,5,5,4,4,4,7,5,6,4,3,3,3,3,3,2,2,5,5,4,8,7,3,3,,,3,4,,,5,5,5,4,5,4,3,5,3,6,5,4,6,6,6,4,4,4,4,3,4,5,8,3,,4,,,b'\x11\xe8\xe1I\xeehr\x1c\x9a\xbe\x12\xdf\x17\xaeN\x1e'
11E8E149-EE68-721C-9ABE-12DF17AE4E1E,2020-ncaa-d3-natl,ncaa,263,275,198,276,263,341,327,335,305,331,293,353,248,294,153,239,356,359,257,356,337,352,317,300,309,347,199,159,293,297,235,250,220,278,218,315,270,355,380,361,315,314,246,249,,,188,232,,,314,309,274,246,372,355,363,356,306,241,282,372,378,374,385,312,294,245,284,339,348,322,246,,218,,,313,139,136,172,142,152,202,139,158,167,165,203,219,190,318,189,192,165,138,130,142,193,228,202,268,195,220,117,235,140,218,93,88,274,264,170,414,412,64,84,,,333,306,,,314,146,345,201,308,171,170,214,177,230,183,196,233,208,203,205,170,219,136,164,113,272,401,62,,360,,,b'\x11\xe8\xe1I\xeehr\x1c\x9a\xbe\x12\xdf\x17\xaeN\x1e'
11E8E149-EE68-721C-9ABE-12DF17AE4E1E,2021-ncaa-d3-conf-North Atlantic,ncaa,4,7,2,4,2,6,5,3,7,4,3,6,7,4,7,5,7,7,2,7,7,3,3,7,7,7,7,6,7,4,6,3,5,4,5,5,4,7,7,7,4,6,4,6,,,6,3,,,7,3,6,1,7,7,7,7,6,7,6,7,7,7,7,6,6,7,7,6,7,6,6,,3,,,7,7,7,5,7,7,5,6,5,5,3,3,7,7,6,7,4,5,5,6,6,6,3,3,4,6,5,5,6,6,5,5,1,3,6,4,7,7,7,5,,,5,7,,,7,5,7,6,7,5,5,3,6,5,4,4,4,3,3,3,2,5,4,4,3,6,7,6,,7,,,b'\x11\xe8\xe1I\xeehr\x1c\x9a\xbe\x12\xdf\x17\xaeN\x1e'
11E8E149-EE68-721C-9ABE-12DF17AE4E1E,2021-ncaa-d3-natl,ncaa,251,92,246,251,247,268,265,255,279,259,256,271,275,256,281,205,268,276,49,276,284,256,254,282,282,282,274,260,241,259,244,255,247,256,256,263,120,56,281,281,256,217,253,240,,,34,135,,,229,251,166,75,282,280,262,262,167,279,243,281,283,283,279,200,248,265,269,268,282,210,227,,136,,,275,38,38,36,198,40,34,226,34,35,55,98,44,42,213,41,131,36,34,177,180,203,48,39,152,38,247,40,244,38,256,32,19,254,213,147,82,284,53,248,,,255,270,,,229,33,282,205,276,182,195,181,231,198,63,109,182,164,164,176,138,190,178,190,80,208,284,246,,272,,,b'\x11\xe8\xe1I\xeehr\x1c\x9a\xbe\x12\xdf\x17\xaeN\x1e'
11E8E149-EE68-721C-9ABE-12DF17AE4E1E,2022-ncaa-d3-conf-North Atlantic,ncaa,11,11,10,11,10,11,11,10,11,10,10,11,10,10,9,9,11,10,9,10,9,10,10,11,11,11,7,8,6,9,6,11,7,10,7,11,5,6,10,11,11,7,12,12,,,3,8,,,11,10,10,4,11,11,11,11,9,10,9,11,11,11,11,10,8,11,11,11,9,9,12,,5,,,11,6,4,2,10,4,2,10,8,5,12,9,6,6,9,6,12,2,3,11,11,10,12,11,8,1,7,5,6,2,7,4,2,10,2,5,8,11,5,8,,,10,2,,,11,3,11,10,11,7,7,2,6,2,11,8,10,9,10,3,3,2,4,4,6,6,11,7,,3,,,b'\x11\xe8\xe1I\xeehr\x1c\x9a\xbe\x12\xdf\x17\xaeN\x1e'
11E8E149-EE68-721C-9ABE-12DF17AE4E1E,2022-ncaa-d3-natl,ncaa,406,365,391,411,396,411,411,407,414,407,379,420,398,397,357,330,402,388,409,388,292,407,402,415,415,410,250,283,139,394,352,408,274,406,353,402,237,167,385,395,392,347,413,396,,,37,136,,,384,399,246,126,417,414,384,397,235,382,368,388,313,315,386,293,351,397,389,400,369,353,404,,125,,,393,32,35,22,277,27,24,221,173,70,405,273,78,59,290,63,297,23,23,322,328,282,351,358,227,32,274,50,352,38,353,30,115,345,166,153,236,388,182,329,,,352,67,,,384,31,416,276,395,244,218,135,152,121,358,230,251,243,245,149,163,164,268,228,161,185,375,341,,98,,,b'\x11\xe8\xe1I\xeehr\x1c\x9a\xbe\x12\xdf\x17\xaeN\x1e'
11E8E149-EE68-721C-9ABE-12DF17AE4E1E,2023-ncaa-d3-conf-North Atlantic,ncaa,9,9,8,9,9,10,10,12,10,10,10,11,11,11,6,9,9,7,10,7,5,11,10,10,10,10,4,8,2,9,8,9,9,9,9,11,7,12,12,11,9,7,8,8,,,3,6,,,10,10,6,6,10,10,12,10,9,11,11,8,6,6,11,9,8,9,9,11,12,7,8,,7,,,10,8,8,5,7,7,5,7,8,5,11,4,11,11,12,11,11,5,3,8,12,12,9,7,11,6,9,3,8,4,9,6,6,10,10,8,11,11,10,11,,,6,3,,,10,3,10,10,10,10,8,8,8,7,9,7,12,11,11,9,8,10,5,8,7,9,11,11,,5,,,b'\x11\xe8\xe1I\xeehr\x1c\x9a\xbe\x12\xdf\x17\xaeN\x1e'
11E8E149-EE68-721C-9ABE-12DF17AE4E1E,2023-ncaa-d3-natl,ncaa,366,398,185,376,269,359,363,326,377,329,259,380,350,316,354,289,302,239,391,244,188,316,191,382,380,407,250,287,121,347,357,178,336,273,347,305,136,422,414,395,203,272,249,281,,,246,149,,,399,126,83,407,400,394,378,366,279,360,330,330,244,252,369,164,362,158,282,328,414,209,256,,268,,,387,349,311,340,195,245,282,154,374,341,347,275,330,342,168,347,309,358,339,226,234,250,346,325,268,379,336,276,357,347,347,364,355,168,258,316,418,406,296,318,,,226,257,,,399,299,410,297,385,342,309,354,247,287,366,342,347,354,355,369,359,363,290,339,348,169,409,307,,224,,,b'\x11\xe8\xe1I\xeehr\x1c\x9a\xbe\x12\xdf\x17\xaeN\x1e'
11E8E149-EE68-721C-9ABE-12DF17AE4E1E,2024-ncaa-d3-conf-North Atlantic,ncaa,7,11,1,9,4,6,6,4,9,5,4,9,11,6,11,9,5,3,11,3,10,4,3,11,11,11,9,9,5,3,6,5,10,4,6,12,14,13,11,11,6,8,6,6,,,14,13,,,12,2,5,11,11,10,10,7,7,11,9,9,8,9,10,5,7,9,6,12,12,8,8,,13,,,11,12,10,9,7,10,11,7,11,9,11,5,14,14,11,14,14,11,13,10,11,10,11,8,12,13,10,14,6,13,6,11,6,3,7,8,12,9,14,11,,,3,7,,,12,13,11,10,11,11,6,5,6,5,11,6,14,14,14,8,9,8,8,8,7,7,10,12,,8,,,b'\x11\xe8\xe1I\xeehr\x1c\x9a\xbe\x12\xdf\x17\xaeN\x1e'
11E8E149-EE68-721C-9ABE-12DF17AE4E1E,2024-ncaa-d3-natl,ncaa,299,297,296,308,324,357,358,297,387,352,299,389,250,206,324,166,313,261,385,263,181,295,216,380,383,387,112,148,151,209,235,294,328,259,302,398,412,386,385,404,253,277,302,307,,,282,282,,,372,215,82,232,369,367,237,370,259,240,183,299,226,230,243,86,157,241,187,405,393,214,307,,347,,,370,256,220,157,286,217,161,286,251,206,297,227,296,356,46,358,363,193,231,293,289,244,287,242,288,304,328,281,235,292,302,264,279,131,131,197,331,321,319,364,,,271,308,,,372,204,385,265,366,326,292,260,262,217,301,281,340,385,385,308,341,332,335,343,296,84,333,356,,227,,,b'\x11\xe8\xe1I\xeehr\x1c\x9a\xbe\x12\xdf\x17\xaeN\x1e'
11E8E149-EE68-721C-9ABE-12DF17AE4E1E,2025-ncaa-d3-conf-North Atlantic,genius_ncaa,4,4,4,4,4,6,5,5,6,5,3,6,7,7,8,9,5,5,6,4,6,5,4,6,6,7,9,9,5,4,4,6,4,5,4,6,6,9,7,6,4,2,7,7,,,6,7,,10,5,5,5,1,6,5,5,5,4,8,7,5,5,5,5,3,4,7,5,6,7,2,7,,6,,10,5,3,3,1,4,3,2,5,4,3,4,5,8,6,10,6,6,2,5,5,5,5,9,7,7,2,4,6,4,4,4,3,3,3,2,4,8,6,7,5,,,4,4,,6,5,6,6,4,5,4,4,4,3,3,5,5,8,6,6,4,4,4,5,4,3,2,6,5,,5,,6,b'\x11\xe8\xe1I\xeehr\x1c\x9a\xbe\x12\xdf\x17\xaeN\x1e'
11E8E149-EE68-721C-9ABE-12DF17AE4E1E,2025-ncaa-d3-natl,genius_ncaa,312,269,373,314,374,369,362,361,325,325,311,297,365,340,378,277,330,297,357,300,205,363,342,346,350,363,309,322,167,292,234,376,294,360,288,307,94,313,375,341,272,223,373,357,,,86,146,,154,317,351,102,85,340,322,237,259,184,353,284,269,189,192,232,101,187,274,234,237,381,185,358,,201,,228,320,65,78,42,251,52,54,173,267,137,399,278,76,92,128,85,184,37,62,290,272,185,329,368,140,150,294,82,234,93,288,184,313,156,74,169,295,347,107,188,,,296,200,,276,317,62,361,191,321,263,260,246,179,185,355,281,162,184,170,232,309,275,283,291,299,59,357,196,,132,,254,b'\x11\xe8\xe1I\xeehr\x1c\x9a\xbe\x12\xdf\x17\xaeN\x1e'
11E8E149-EE68-721C-9ABE-12DF17AE4E1E,2026-ncaa-d3-conf-North Atlantic,genius_ncaa,2,5,2,5,2,3,3,3,7,2,2,5,4,4,6,5,1,2,2,2,3,2,2,6,5,5,6,6,2,3,4,3,4,3,4,2,3,8,6,4,3,3,3,4,,,8,7,,10,5,2,10,1,6,6,9,6,9,6,7,2,4,3,9,10,6,9,7,5,5,4,4,,7,,10,5,8,7,8,5,8,8,7,6,8,4,5,7,7,4,7,6,8,9,4,4,4,4,5,5,6,4,7,4,7,4,6,5,2,2,5,7,7,5,5,,,2,5,,2,5,9,5,4,5,3,4,2,3,2,4,4,2,3,3,1,2,4,4,3,6,3,7,4,,6,,3,b'\x11\xe8\xe1I\xeehr\x1c\x9a\xbe\x12\xdf\x17\xaeN\x1e'
11E8E149-EE68-721C-9ABE-12DF17AE4E1E,2026-ncaa-d3-natl,genius_ncaa,54,200,8,151,18,64,59,60,185,64,66,191,110,98,205,206,78,109,148,105,242,68,45,194,194,236,228,220,226,156,289,9,104,30,146,19,24,374,295,174,70,194,58,129,,,400,340,,306,96,34,252,108,276,251,318,225,273,243,260,251,281,284,333,315,327,80,186,87,254,206,142,,318,,210,126,274,264,356,31,276,353,71,209,334,43,194,318,386,21,387,306,367,382,25,20,26,185,138,294,324,104,351,289,348,146,248,181,37,127,77,360,269,193,105,,,61,212,,98,96,385,254,28,125,32,34,110,68,123,61,145,156,272,274,126,145,151,148,138,68,141,231,84,,268,,189,b'\x11\xe8\xe1I\xeehr\x1c\x9a\xbe\x12\xdf\x17\xaeN\x1e'
11E8E149-EE6C-F6F2-9ABE-12DF17AE4E1E,2018-ncaa-d3-conf-PAC,ncaa,1,1,1,1,3,1,1,1,1,1,2,1,1,1,1,2,2,4,1,4,8,1,4,1,1,1,5,2,10,2,1,1,3,1,1,1,7,1,1,1,1,1,1,1,,,1,1,,,1,4,6,3,1,1,1,1,2,1,2,2,4,5,1,4,2,1,1,1,1,1,1,,1,,,1,1,1,5,1,1,4,1,5,6,4,7,1,1,1,1,2,2,7,1,1,1,10,10,6,5,3,1,1,1,1,1,2,2,1,1,1,1,1,1,,,6,10,,,1,7,1,1,1,1,1,4,1,3,5,4,1,1,1,1,4,4,1,1,1,2,1,1,,8,,,b'\x11\xe8\xe1I\xeel\xf6\xf2\x9a\xbe\x12\xdf\x17\xaeN\x1e'
11E8E149-EE6C-F6F2-9ABE-12DF17AE4E1E,2018-ncaa-d3-natl,ncaa,3,3,5,3,7,1,1,5,1,3,23,1,4,23,1,145,16,32,42,34,228,6,17,1,1,1,163,98,373,26,12,13,73,9,9,4,243,52,1,1,21,30,6,5,,,351,177,,,1,17,324,303,3,2,66,13,150,7,96,71,148,162,67,236,84,151,90,14,3,47,18,,100,,,1,222,162,393,16,75,322,5,417,394,365,340,232,238,207,243,167,387,422,42,34,20,430,428,221,275,73,118,12,157,9,86,73,26,55,17,76,8,79,13,,,17,153,,,1,427,1,17,1,21,19,46,6,50,283,212,66,65,67,34,66,75,4,10,14,98,14,17,,173,,,b'\x11\xe8\xe1I\xeel\xf6\xf2\x9a\xbe\x12\xdf\x17\xaeN\x1e'
11E8E149-EE6C-F6F2-9ABE-12DF17AE4E1E,2019-ncaa-d3-conf-ACAA,ncaa,2,1,4,1,4,4,4,4,1,4,4,1,4,4,3,4,3,3,4,3,1,4,4,1,1,1,5,5,3,3,1,4,1,4,1,4,3,2,1,1,4,1,4,2,,,3,3,,,1,4,3,1,1,1,1,1,1,2,1,2,1,1,1,1,1,1,1,1,3,1,2,,3,,,1,2,2,2,1,2,2,1,2,3,1,6,2,3,1,3,3,2,3,1,1,1,5,5,3,2,1,2,1,2,1,2,6,4,1,1,1,1,4,3,,,4,5,,,1,3,1,1,1,1,1,2,1,2,1,4,1,3,3,2,3,1,1,1,1,1,1,4,,1,,,b'\x11\xe8\xe1I\xeel\xf6\xf2\x9a\xbe\x12\xdf\x17\xaeN\x1e'
11E8E149-EE6C-F6F2-9ABE-12DF17AE4E1E,2019-ncaa-d3-natl,ncaa,3,1,20,1,39,3,3,42,1,3,41,1,73,186,9,318,10,40,1,36,168,39,45,2,1,1,347,328,275,90,10,56,57,56,5,13,277,232,78,16,22,20,96,83,,,282,150,,,2,37,234,330,2,3,169,3,125,122,302,19,116,105,144,226,205,182,192,17,82,31,135,,111,,,1,249,202,337,81,117,164,118,402,423,149,411,276,224,383,219,246,344,379,122,139,91,407,402,248,166,57,13,10,31,5,234,230,57,78,82,165,56,58,15,,,68,195,,,2,400,1,70,1,73,55,72,32,23,304,362,146,107,107,59,100,42,1,1,106,118,62,21,,212,,,b'\x11\xe8\xe1I\xeel\xf6\xf2\x9a\xbe\x12\xdf\x17\xaeN\x1e'
11E8E149-EE6C-F6F2-9ABE-12DF17AE4E1E,2024-ncaa-d2-conf-G-MAC,ncaa,5,4,3,5,4,5,7,6,7,11,11,8,3,2,5,3,5,5,7,4,1,6,7,6,6,6,1,1,6,6,8,4,4,5,6,6,5,9,8,8,7,7,3,3,,,7,9,,,5,6,13,11,7,9,11,12,14,3,3,7,6,5,11,13,10,6,7,9,7,8,3,,6,,,5,5,5,9,3,4,8,2,8,9,5,8,11,8,12,8,8,9,9,3,5,4,10,7,11,5,4,5,8,5,6,2,3,7,8,3,4,6,12,14,,,9,8,,,5,9,6,4,5,3,2,4,2,3,6,7,8,9,8,3,2,3,3,3,2,9,5,12,,11,,,b'\x11\xe8\xe1I\xeel\xf6\xf2\x9a\xbe\x12\xdf\x17\xaeN\x1e'
11E8E149-EE6C-F6F2-9ABE-12DF17AE4E1E,2024-ncaa-d2-natl,ncaa,98,93,117,98,157,143,168,205,111,248,277,100,23,35,31,10,169,207,70,203,45,206,211,49,51,76,7,7,194,203,180,176,83,190,126,141,104,117,165,125,117,92,71,35,,,52,63,,,111,209,254,227,148,186,256,278,297,11,24,188,221,218,260,262,220,201,231,145,121,126,65,,32,,,112,93,106,98,158,77,56,187,219,223,164,263,73,47,273,43,89,79,81,180,183,170,215,248,69,58,83,82,180,69,126,106,126,171,133,138,96,142,235,295,,,228,211,,,111,87,87,158,108,82,99,60,55,29,213,219,61,41,37,33,34,49,59,43,103,183,100,241,,259,,,b'\x11\xe8\xe1I\xeel\xf6\xf2\x9a\xbe\x12\xdf\x17\xaeN\x1e'
11E8E149-EE6C-F6F2-9ABE-12DF17AE4E1E,2025-ncaa-d2-conf-G-MAC,genius_ncaa,8,8,5,8,6,9,10,9,7,10,11,3,11,9,12,7,6,3,11,3,1,9,9,9,9,10,11,11,3,8,7,5,8,6,7,7,4,9,9,9,11,11,3,3,,,1,1,,12,9,9,11,3,10,11,12,10,12,11,9,6,4,4,12,12,8,4,6,7,9,12,3,,1,,12,9,6,7,11,6,4,9,2,12,9,10,10,1,1,8,1,1,10,7,7,5,6,11,12,1,12,8,5,7,9,7,8,7,12,11,10,8,8,13,12,,,7,5,,12,9,5,9,8,8,6,8,11,5,11,12,11,1,1,1,11,5,12,6,8,8,12,8,13,,6,,12,b'\x11\xe8\xe1I\xeel\xf6\xf2\x9a\xbe\x12\xdf\x17\xaeN\x1e'
11E8E149-EE6C-F6F2-9ABE-12DF17AE4E1E,2025-ncaa-d2-natl,genius_ncaa,174,222,72,193,84,174,157,185,107,138,214,34,178,123,265,94,188,171,209,175,102,185,163,114,124,177,207,184,175,204,214,84,146,132,149,129,113,233,251,190,157,165,51,45,,,16,2,,221,201,149,253,104,242,219,289,181,271,207,148,224,219,222,289,273,246,110,199,168,195,176,59,,3,,189,195,173,202,223,121,127,164,130,272,267,201,264,27,21,217,19,18,197,174,159,121,153,215,279,8,200,146,144,214,159,149,156,111,177,204,183,206,222,279,291,,,195,203,,256,201,170,192,168,192,108,152,190,85,89,251,255,12,9,10,109,80,165,89,105,126,217,176,272,,263,,271,b'\x11\xe8\xe1I\xeel\xf6\xf2\x9a\xbe\x12\xdf\x17\xaeN\x1e'
11E8E149-EE6C-F6F2-9ABE-12DF17AE4E1E,2026-ncaa-d2-conf-G-MAC,genius_ncaa,5,4,9,5,9,9,10,11,1,9,10,1,11,12,6,12,10,9,10,9,2,11,11,1,1,2,11,12,7,12,9,9,6,9,4,10,4,2,10,4,9,9,2,1,,,1,2,,4,5,10,7,2,6,5,11,3,8,9,12,6,5,5,11,11,11,1,4,4,10,9,1,,2,,6,4,1,1,4,2,1,1,4,6,8,1,13,8,5,10,5,11,4,3,2,2,6,11,10,12,5,6,3,9,2,4,4,10,13,13,12,6,12,8,12,,,10,7,,9,5,3,5,6,4,5,2,12,3,2,10,13,10,9,9,12,10,9,6,6,8,13,12,12,,7,,9,b'\x11\xe8\xe1I\xeel\xf6\xf2\x9a\xbe\x12\xdf\x17\xaeN\x1e'
11E8E149-EE6C-F6F2-9ABE-12DF17AE4E1E,2026-ncaa-d2-natl,genius_ncaa,30,13,141,24,167,162,126,178,52,99,188,9,212,157,261,125,222,206,202,204,180,184,199,83,108,97,271,224,247,221,217,58,68,115,83,88,56,78,102,47,109,85,15,5,,,32,8,,85,41,192,176,83,137,78,164,46,180,219,139,228,208,201,177,222,224,6,45,55,85,90,6,,11,,94,35,50,57,139,7,72,125,25,58,179,5,219,57,56,76,55,42,122,120,8,4,10,87,119,120,145,68,129,217,135,83,74,163,184,173,107,120,165,220,266,,,236,259,,247,41,117,119,11,28,18,31,205,60,156,50,216,40,42,44,160,144,173,145,160,72,177,140,253,,276,,256,b'\x11\xe8\xe1I\xeel\xf6\xf2\x9a\xbe\x12\xdf\x17\xaeN\x1e'
11E8E149-EE71-844C-9ABE-12DF17AE4E1E,2018-ncaa-d3-conf-HCAC,ncaa,2,2,1,2,4,2,4,5,3,6,10,2,1,1,2,1,4,6,1,6,2,5,6,1,1,1,1,1,7,3,1,2,8,2,2,2,2,4,4,2,8,8,1,1,,,2,2,,,2,8,10,7,2,4,9,8,10,1,1,6,7,7,9,10,4,3,2,2,3,8,1,,1,,,2,2,2,8,2,2,7,2,9,9,6,9,1,1,9,1,2,7,5,2,2,2,9,10,4,9,8,1,1,2,2,5,9,9,9,7,3,2,2,3,,,5,5,,,2,2,1,3,2,2,2,5,2,4,7,8,1,1,1,5,2,9,1,2,4,10,2,2,,9,,,b'\x11\xe8\xe1I\xeeq\x84L\x9a\xbe\x12\xdf\x17\xaeN\x1e'
11E8E149-EE71-844C-9ABE-12DF17AE4E1E,2018-ncaa-d3-natl,ncaa,52,49,68,54,86,88,137,209,68,306,410,41,6,10,29,6,146,278,3,279,65,219,265,17,15,17,8,5,306,118,27,168,304,143,70,60,35,112,130,38,252,259,7,3,,,87,79,,,41,312,440,176,98,181,357,375,441,5,16,196,355,356,376,424,164,283,229,64,62,328,6,,37,,,43,113,118,276,39,88,242,23,319,303,289,306,89,68,406,71,54,211,160,62,59,142,341,390,126,360,304,29,27,99,70,205,327,345,359,322,82,96,107,280,,,294,294,,,41,114,8,204,39,56,67,146,41,139,258,230,53,35,35,89,26,296,5,50,150,412,51,76,,397,,,b'\x11\xe8\xe1I\xeeq\x84L\x9a\xbe\x12\xdf\x17\xaeN\x1e'
11E8E149-EE71-844C-9ABE-12DF17AE4E1E,2019-ncaa-d3-conf-HCAC,ncaa,1,1,1,1,2,1,1,2,1,4,9,1,1,1,1,1,8,9,1,9,5,2,4,1,1,1,2,1,10,6,6,4,8,5,6,1,2,1,1,1,7,7,2,3,,,1,1,,,1,3,8,8,1,1,5,6,10,1,1,8,10,10,5,8,7,5,8,1,1,7,2,,1,,,1,3,6,8,2,7,9,3,5,6,2,5,1,1,2,1,1,8,8,2,2,2,1,5,1,10,8,3,6,5,6,5,4,7,8,5,1,2,3,5,,,8,10,,,1,7,1,3,1,2,4,7,6,9,3,5,1,1,1,6,3,7,2,2,3,8,1,3,,10,,,b'\x11\xe8\xe1I\xeeq\x84L\x9a\xbe\x12\xdf\x17\xaeN\x1e'
11E8E149-EE71-844C-9ABE-12DF17AE4E1E,2019-ncaa-d3-natl,ncaa,7,7,8,9,9,9,12,37,11,155,345,8,1,4,4,6,41,110,9,110,32,41,68,4,4,2,4,4,351,164,162,56,250,81,132,13,68,85,19,2,227,320,17,39,,,98,26,,,16,54,407,63,12,33,245,313,437,2,8,149,259,260,251,399,338,259,318,27,8,347,35,,13,,,20,401,420,436,167,406,430,164,360,364,237,205,135,94,399,98,21,427,400,167,142,229,95,242,53,391,250,198,162,290,132,386,209,258,389,371,102,41,334,382,,,117,255,,,16,381,3,246,19,142,222,268,240,294,194,184,47,26,27,184,69,236,24,61,227,408,27,197,,350,,,b'\x11\xe8\xe1I\xeeq\x84L\x9a\xbe\x12\xdf\x17\xaeN\x1e'
11E8E149-EE71-844C-9ABE-12DF17AE4E1E,2020-ncaa-d3-conf-HCAC,ncaa,1,1,1,1,2,1,1,2,2,3,6,1,1,1,2,1,4,5,1,5,7,2,2,1,1,1,3,2,10,2,1,1,1,1,1,3,7,1,1,2,8,8,1,1,,,4,1,,,1,4,6,8,1,1,2,3,7,1,1,5,10,10,2,3,2,1,1,3,1,9,1,,1,,,1,2,2,10,1,3,10,1,4,9,2,8,3,3,5,3,1,9,6,1,1,1,6,8,5,4,1,3,1,2,1,3,7,8,9,8,1,1,2,3,,,3,8,,,1,7,1,1,1,1,1,8,1,8,3,8,3,2,2,6,3,1,1,1,3,9,1,2,,4,,,b'\x11\xe8\xe1I\xeeq\x84L\x9a\xbe\x12\xdf\x17\xaeN\x1e'
11E8E149-EE71-844C-9ABE-12DF17AE4E1E,2020-ncaa-d3-natl,ncaa,9,9,26,8,61,32,39,68,29,111,277,14,14,17,81,19,154,222,68,203,169,85,121,17,20,11,77,37,376,56,21,28,70,26,10,61,201,74,37,23,340,363,9,12,,,96,66,,,15,195,421,394,59,62,197,191,391,21,32,240,331,319,230,349,88,51,50,103,24,400,12,,24,,,14,121,168,366,36,125,333,26,294,349,141,301,53,52,137,54,38,327,227,36,23,75,255,353,67,233,70,61,21,105,10,289,349,354,384,360,27,14,304,322,,,127,168,,,15,238,3,93,12,28,64,197,61,169,213,243,16,16,16,122,31,137,9,28,186,416,6,232,,251,,,b'\x11\xe8\xe1I\xeeq\x84L\x9a\xbe\x12\xdf\x17\xaeN\x1e'
11E8E149-EE71-844C-9ABE-12DF17AE4E1E,2021-ncaa-d3-conf-HCAC,ncaa,1,1,3,1,3,2,2,3,1,3,4,1,2,2,5,2,5,5,7,5,6,3,3,1,1,1,3,2,9,3,2,3,5,3,2,2,7,8,3,2,3,4,3,6,,,8,6,,,1,3,4,4,1,1,2,3,7,2,2,7,6,6,2,3,1,4,2,4,4,4,4,,7,,,1,8,8,8,4,8,8,5,7,8,3,4,8,8,2,8,3,8,8,3,2,3,3,4,4,9,5,8,2,8,2,9,6,4,4,6,7,1,8,8,,,3,8,,,1,8,1,2,1,5,6,8,7,9,3,5,3,4,4,8,7,7,3,5,7,4,2,9,,6,,,b'\x11\xe8\xe1I\xeeq\x84L\x9a\xbe\x12\xdf\x17\xaeN\x1e'
11E8E149-EE71-844C-9ABE-12DF17AE4E1E,2021-ncaa-d3-natl,ncaa,5,149,5,72,6,11,8,8,120,17,16,65,5,3,150,24,15,14,182,15,74,8,8,100,105,107,64,52,186,5,54,10,160,6,93,12,126,273,118,103,7,59,18,117,,,278,186,,,25,10,162,110,91,104,94,164,241,45,28,146,131,135,89,106,57,130,72,111,121,65,118,,174,,,67,267,270,276,70,271,278,91,253,273,62,110,267,271,53,271,136,276,276,59,60,57,98,84,144,276,160,276,54,276,93,277,235,9,98,130,259,73,282,255,,,11,125,,,25,276,80,61,70,65,88,111,112,145,61,94,105,131,135,116,133,169,96,123,154,102,81,239,,111,,,b'\x11\xe8\xe1I\xeeq\x84L\x9a\xbe\x12\xdf\x17\xaeN\x1e'
11E8E149-EE71-844C-9ABE-12DF17AE4E1E,2022-ncaa-d3-conf-HCAC,ncaa,1,1,6,1,6,4,4,6,2,7,9,1,2,1,5,2,7,7,6,7,2,6,6,1,1,1,2,2,9,3,1,6,3,5,1,3,6,1,2,1,2,1,5,3,,,2,2,,,1,7,9,4,1,1,3,4,9,1,2,7,6,6,3,5,3,5,3,1,1,1,3,,1,,,1,1,1,2,1,2,4,1,1,1,2,1,1,1,2,1,1,1,2,1,1,1,2,6,2,2,3,1,1,1,1,3,9,3,1,2,1,1,3,9,,,6,4,,,1,4,1,1,1,1,1,2,2,4,1,1,1,1,1,1,2,3,1,1,4,2,1,5,,3,,,b'\x11\xe8\xe1I\xeeq\x84L\x9a\xbe\x12\xdf\x17\xaeN\x1e'
11E8E149-EE71-844C-9ABE-12DF17AE4E1E,2022-ncaa-d3-natl,ncaa,4,1,13,2,21,10,20,45,33,97,261,7,8,10,56,18,32,30,195,28,14,33,41,12,14,10,31,26,287,17,9,38,95,21,13,23,119,174,56,21,45,63,40,63,,,163,59,,,5,70,372,221,25,45,172,205,407,13,20,117,113,107,153,272,65,124,75,51,54,111,65,,28,,,7,177,225,370,36,240,389,32,192,250,113,157,84,76,208,75,17,333,353,33,26,32,129,215,78,267,95,121,9,167,13,346,378,99,177,220,41,6,393,406,,,20,90,,,5,362,4,32,4,19,50,125,73,201,67,88,16,12,12,66,58,114,6,20,179,240,6,320,,124,,,b'\x11\xe8\xe1I\xeeq\x84L\x9a\xbe\x12\xdf\x17\xaeN\x1e'
11E8E149-EE71-844C-9ABE-12DF17AE4E1E,2023-ncaa-d3-conf-HCAC,ncaa,1,1,1,1,1,1,1,1,1,2,8,1,1,1,2,1,3,2,9,2,2,1,2,1,1,1,2,2,9,1,1,2,2,1,1,1,2,4,1,1,2,1,4,5,,,2,1,,,1,5,9,6,1,1,3,4,10,1,1,6,3,3,4,6,1,3,1,1,1,2,6,,1,,,1,2,2,5,1,4,8,1,3,3,1,2,2,2,6,2,2,5,7,1,1,1,2,2,3,6,2,3,1,2,1,5,9,1,1,2,3,2,10,9,,,1,6,,,1,6,1,1,1,1,1,1,1,5,2,2,2,2,2,1,1,2,1,1,4,2,2,6,,6,,,b'\x11\xe8\xe1I\xeeq\x84L\x9a\xbe\x12\xdf\x17\xaeN\x1e'
11E8E149-EE71-844C-9ABE-12DF17AE4E1E,2023-ncaa-d3-natl,ncaa,1,1,1,1,2,5,10,7,41,36,149,8,2,2,85,17,7,4,236,4,8,5,6,21,22,15,33,33,184,6,8,7,127,4,22,4,82,252,38,14,33,73,50,117,,,232,40,,,2,10,367,288,30,67,175,199,399,14,19,59,45,46,135,257,54,139,69,52,38,115,119,,16,,,5,227,306,424,10,337,418,16,176,345,16,177,96,62,387,66,11,418,420,11,6,6,63,166,68,367,127,332,8,366,22,385,399,36,99,170,235,59,405,376,,,3,41,,,2,420,5,6,5,7,24,104,55,173,32,95,9,5,6,46,62,139,16,41,184,168,57,279,,73,,,b'\x11\xe8\xe1I\xeeq\x84L\x9a\xbe\x12\xdf\x17\xaeN\x1e'
11E8E149-EE71-844C-9ABE-12DF17AE4E1E,2024-ncaa-d3-conf-HCAC,ncaa,1,1,2,1,3,1,1,3,1,5,8,1,1,1,1,1,8,6,8,6,2,4,5,1,1,1,2,1,10,1,1,4,2,2,1,1,1,1,1,1,2,1,2,1,,,1,1,,,1,6,10,10,1,1,5,5,10,1,1,8,7,7,6,8,2,5,2,1,1,2,2,,1,,,1,1,1,3,1,1,3,1,1,1,1,4,1,1,5,1,1,1,3,1,1,1,3,5,1,3,2,1,1,2,1,4,10,1,1,2,1,1,1,3,,,7,6,,,1,5,1,1,1,1,1,1,1,3,1,2,1,1,1,1,1,3,1,1,2,1,1,1,,8,,,b'\x11\xe8\xe1I\xeeq\x84L\x9a\xbe\x12\xdf\x17\xaeN\x1e'
11E8E149-EE71-844C-9ABE-12DF17AE4E1E,2024-ncaa-d3-natl,ncaa,1,2,2,2,4,8,11,29,21,71,229,4,2,3,45,10,66,25,329,26,24,26,30,10,14,12,46,23,357,21,20,24,113,15,28,2,10,209,55,7,39,65,10,16,,,86,18,,,1,37,413,378,53,80,265,218,415,8,17,233,186,197,254,369,101,273,175,22,26,117,25,,5,,,2,68,118,374,9,168,374,13,91,258,9,197,28,19,407,19,5,315,386,7,3,3,69,190,65,292,113,249,20,274,28,327,416,19,23,79,136,40,305,315,,,14,108,,,1,391,5,4,2,2,9,26,14,75,13,44,3,1,1,6,14,75,7,22,137,91,24,140,,234,,,b'\x11\xe8\xe1I\xeeq\x84L\x9a\xbe\x12\xdf\x17\xaeN\x1e'
11E8E149-EE71-844C-9ABE-12DF17AE4E1E,2025-ncaa-d3-conf-HCAC,genius_ncaa,1,1,2,1,3,4,5,6,4,8,10,1,2,1,8,1,7,6,6,7,2,6,5,2,2,2,2,2,7,2,1,4,6,3,1,3,1,4,4,2,5,3,4,4,,,2,2,,4,1,8,10,7,5,6,9,10,10,2,1,7,8,8,9,10,1,7,3,3,3,5,4,,1,,4,1,1,1,6,1,3,8,1,1,1,1,2,1,1,4,1,1,4,4,1,1,1,1,1,2,8,6,1,1,3,1,9,10,5,5,6,1,1,7,9,,,3,2,,9,1,3,1,1,1,1,1,3,1,8,1,1,1,1,1,2,1,7,1,1,7,5,1,6,,3,,9,b'\x11\xe8\xe1I\xeeq\x84L\x9a\xbe\x12\xdf\x17\xaeN\x1e'
11E8E149-EE71-844C-9ABE-12DF17AE4E1E,2025-ncaa-d3-natl,genius_ncaa,37,44,36,44,42,92,110,102,141,160,269,31,57,21,255,30,65,102,63,107,53,103,135,107,99,71,79,103,172,99,87,78,202,80,96,80,101,79,54,48,171,195,41,94,,,92,57,,138,72,155,401,194,147,183,230,255,383,86,38,118,175,182,222,348,162,184,159,117,30,250,65,,20,,105,71,168,285,365,116,344,404,75,56,62,122,27,46,42,229,42,5,316,267,69,50,119,14,51,50,312,202,182,87,245,96,387,407,266,323,379,20,17,384,393,,,84,91,,356,72,238,59,142,72,57,140,190,230,345,31,20,14,12,9,111,56,212,57,102,324,368,9,334,,183,,371,b'\x11\xe8\xe1I\xeeq\x84L\x9a\xbe\x12\xdf\x17\xaeN\x1e'
11E8E149-EE71-844C-9ABE-12DF17AE4E1E,2026-ncaa-d3-conf-HCAC,genius_ncaa,1,1,1,1,3,1,1,3,2,7,10,1,1,1,2,1,5,4,8,4,2,3,6,1,1,1,1,1,8,1,1,9,3,3,1,1,4,1,1,1,2,1,1,1,,,1,3,,1,1,9,9,3,1,1,3,7,10,1,1,5,4,4,3,6,1,9,3,1,1,2,1,,1,,1,1,1,2,1,6,2,4,5,2,1,5,2,1,1,1,1,1,1,1,6,4,1,1,3,1,2,3,1,1,1,1,7,10,2,1,6,1,1,4,6,,,9,9,,7,1,2,1,1,1,1,2,1,2,4,2,1,1,1,1,1,1,2,1,1,7,2,1,4,,9,,7,b'\x11\xe8\xe1I\xeeq\x84L\x9a\xbe\x12\xdf\x17\xaeN\x1e'
11E8E149-EE71-844C-9ABE-12DF17AE4E1E,2026-ncaa-d3-natl,genius_ncaa,98,68,215,92,249,195,241,290,143,315,376,46,78,83,161,18,69,79,184,82,5,264,289,89,66,59,20,60,66,114,8,298,103,240,19,205,128,88,120,113,213,98,117,107,,,70,112,,130,62,320,369,113,94,194,283,300,402,38,28,26,26,28,194,267,51,287,153,155,99,164,89,,53,,133,53,88,125,97,263,151,178,130,82,32,392,23,34,60,63,56,25,81,87,240,180,161,54,152,44,66,103,46,8,50,19,241,383,280,157,301,36,27,134,287,,,145,23,,323,62,95,31,137,44,64,143,80,192,249,82,8,15,28,27,43,37,62,10,15,308,248,23,146,,46,,330,b'\x11\xe8\xe1I\xeeq\x84L\x9a\xbe\x12\xdf\x17\xaeN\x1e'
11E8E149-EE76-22FE-9ABE-12DF17AE4E1E,2018-ncaa-d3-conf-Michigan Intercol. Ath. Assn.,ncaa,2,2,1,2,2,3,2,5,1,1,2,1,5,6,4,9,4,4,3,4,7,4,6,1,1,1,9,9,8,7,6,3,1,5,3,4,6,1,2,1,5,5,1,1,,,4,4,,,2,6,9,4,4,2,7,1,6,5,9,4,6,6,7,9,9,5,7,5,1,5,2,,2,,,2,1,1,1,1,1,1,1,3,3,4,5,4,3,9,3,3,1,3,1,2,2,7,6,8,1,1,3,6,1,3,1,1,4,2,1,1,1,1,1,,,1,1,,,2,4,2,2,2,1,1,1,1,1,3,2,3,3,3,1,1,1,1,1,1,5,1,1,,4,,,"b'\x11\xe8\xe1I\xeev""\xfe\x9a\xbe\x12\xdf\x17\xaeN\x1e'"
11E8E149-EE76-22FE-9ABE-12DF17AE4E1E,2018-ncaa-d3-natl,ncaa,10,19,8,17,12,59,41,127,16,25,102,7,235,240,220,303,106,116,168,107,196,116,148,30,32,22,371,348,281,308,331,48,32,134,115,125,356,77,50,68,179,222,39,31,,,281,249,,,18,121,433,228,196,140,410,83,312,319,356,240,271,264,406,442,426,252,391,256,9,321,77,,71,,,30,84,61,228,14,53,198,18,219,303,80,304,226,172,380,180,205,215,307,19,24,24,365,316,330,93,32,241,331,170,115,53,102,90,85,34,11,2,116,59,,,66,54,,,18,330,34,16,18,4,6,14,7,17,87,133,81,53,56,11,7,21,39,17,7,214,1,43,,293,,,"b'\x11\xe8\xe1I\xeev""\xfe\x9a\xbe\x12\xdf\x17\xaeN\x1e'"
11E8E149-EE76-22FE-9ABE-12DF17AE4E1E,2019-ncaa-d3-conf-Michigan Intercol. Ath. Assn.,ncaa,1,1,1,1,2,1,2,2,1,3,5,1,1,2,1,3,1,1,2,1,1,2,5,1,1,1,2,2,3,6,4,4,3,5,3,2,5,1,2,2,3,3,5,4,,,2,4,,,1,5,9,2,1,2,5,4,7,1,4,1,1,1,4,9,8,6,6,3,1,4,5,,1,,,1,1,2,3,2,1,2,2,2,5,2,7,2,1,8,1,2,1,3,2,2,2,6,7,3,3,3,1,4,1,3,2,7,2,2,2,1,2,3,4,,,1,1,,,1,4,1,2,1,1,2,1,1,2,2,3,1,1,1,1,1,3,1,1,2,2,1,3,,2,,,"b'\x11\xe8\xe1I\xeev""\xfe\x9a\xbe\x12\xdf\x17\xaeN\x1e'"
11E8E149-EE76-22FE-9ABE-12DF17AE4E1E,2019-ncaa-d3-natl,ncaa,12,7,20,11,21,20,30,100,6,51,180,10,27,80,13,137,23,40,45,50,61,82,137,7,7,5,116,130,191,266,247,139,112,199,149,96,359,43,15,30,86,88,150,124,,,247,201,,,7,109,418,121,37,51,349,115,358,52,167,54,116,129,311,420,385,354,391,166,4,160,214,,92,,,8,105,120,220,77,73,121,92,340,386,164,396,78,60,341,56,87,165,308,107,92,39,346,399,104,157,112,196,247,170,149,157,223,45,29,46,42,22,287,263,,,13,6,,,7,327,6,33,6,14,26,21,18,16,212,248,31,17,17,8,23,37,41,32,59,93,10,190,,60,,,"b'\x11\xe8\xe1I\xeev""\xfe\x9a\xbe\x12\xdf\x17\xaeN\x1e'"
11E8E149-EE76-22FE-9ABE-12DF17AE4E1E,2020-ncaa-d3-conf-Michigan Intercol. Ath. Assn.,ncaa,2,2,1,2,1,2,3,4,2,3,6,2,1,3,1,3,1,2,2,2,1,4,4,1,1,1,2,3,2,3,3,2,2,4,2,3,2,1,2,1,2,2,4,3,,,6,6,,,2,4,9,3,2,3,4,3,8,1,4,1,2,2,4,7,4,3,5,3,1,2,5,,4,,,2,2,1,1,1,2,3,1,1,1,2,4,4,3,4,3,4,2,3,1,2,2,6,4,9,2,2,2,3,2,2,1,2,2,2,2,1,2,4,4,,,3,1,,,2,6,1,2,2,2,1,1,2,3,1,1,4,3,3,2,1,2,2,2,1,2,1,3,,4,,,"b'\x11\xe8\xe1I\xeev""\xfe\x9a\xbe\x12\xdf\x17\xaeN\x1e'"
11E8E149-EE76-22FE-9ABE-12DF17AE4E1E,2020-ncaa-d3-natl,ncaa,24,46,7,43,13,62,80,120,74,131,208,79,39,72,46,124,68,51,215,51,49,104,133,44,50,34,97,104,204,134,173,83,40,101,96,128,251,89,48,56,53,50,84,68,,,257,248,,,6,131,427,220,158,192,354,263,372,92,157,147,140,138,326,408,268,270,287,202,16,106,140,,102,,,9,23,22,129,8,25,155,7,106,160,71,224,167,167,233,165,203,113,256,13,16,7,345,278,343,99,40,264,173,187,96,14,39,34,26,4,39,20,318,301,,,71,88,,,6,311,29,3,5,2,3,3,3,19,33,52,72,58,58,3,10,25,70,37,3,94,8,220,,232,,,"b'\x11\xe8\xe1I\xeev""\xfe\x9a\xbe\x12\xdf\x17\xaeN\x1e'"
11E8E149-EE76-22FE-9ABE-12DF17AE4E1E,2021-ncaa-d3-conf-Michigan Intercol. Ath. Assn.,ncaa,2,2,1,2,3,2,2,3,2,2,4,2,2,2,2,2,2,2,4,2,2,3,4,2,2,2,3,2,7,3,3,2,3,3,3,2,1,4,2,2,2,2,3,3,,,6,4,,,2,4,8,8,2,2,5,3,7,2,2,2,4,4,5,7,4,4,4,2,2,2,3,,2,,,2,1,2,6,1,3,7,2,3,7,2,6,1,3,1,3,2,6,6,1,1,2,4,6,2,4,3,4,3,5,3,1,2,2,2,2,3,2,5,6,,,2,2,,,2,5,2,2,2,1,1,1,2,2,2,3,1,2,2,2,1,3,2,2,1,2,2,4,,2,,,"b'\x11\xe8\xe1I\xeev""\xfe\x9a\xbe\x12\xdf\x17\xaeN\x1e'"
11E8E149-EE76-22FE-9ABE-12DF17AE4E1E,2021-ncaa-d3-natl,ncaa,12,92,23,54,31,20,24,36,32,32,52,27,12,18,45,49,31,32,76,32,84,38,43,20,19,13,75,59,185,36,79,26,55,29,44,15,32,206,40,12,28,51,18,39,,,229,135,,,4,44,252,273,53,59,166,112,235,31,66,118,144,147,168,239,147,94,112,25,29,91,63,,83,,,8,191,189,241,16,175,234,16,216,247,73,219,150,182,28,184,77,235,243,20,12,13,188,243,78,225,55,227,79,232,44,156,72,33,59,22,181,51,267,241,,,33,86,,,4,242,16,14,7,10,13,31,8,30,84,125,20,33,39,20,24,65,36,35,12,103,41,218,,137,,,"b'\x11\xe8\xe1I\xeev""\xfe\x9a\xbe\x12\xdf\x17\xaeN\x1e'"
11E8E149-EE76-22FE-9ABE-12DF17AE4E1E,2022-ncaa-d3-conf-Michigan Intercol. Ath. Assn.,ncaa,2,2,1,2,2,2,2,2,2,3,4,2,1,1,2,1,2,2,2,2,2,2,2,2,2,2,1,1,5,3,3,2,3,2,3,2,3,4,1,1,2,2,3,3,,,8,7,,,2,2,9,6,2,2,5,4,6,1,1,2,3,3,3,7,4,4,5,2,1,2,4,,6,,,2,2,3,3,2,3,2,4,1,7,1,8,6,7,1,6,8,3,8,2,2,2,6,3,8,2,3,6,3,4,3,1,1,2,2,2,3,4,8,6,,,2,1,,,2,8,2,2,2,2,2,1,2,1,1,4,2,3,2,1,1,1,2,2,1,2,3,7,,2,,,"b'\x11\xe8\xe1I\xeev""\xfe\x9a\xbe\x12\xdf\x17\xaeN\x1e'"
11E8E149-EE76-22FE-9ABE-12DF17AE4E1E,2022-ncaa-d3-natl,ncaa,2,21,2,17,2,4,5,6,27,17,36,31,10,21,12,98,10,17,92,17,151,5,8,18,18,9,101,67,302,25,108,8,79,10,73,5,102,240,28,11,32,96,40,50,,,415,293,,,3,11,397,290,42,51,211,143,326,42,89,164,210,215,221,361,191,238,213,48,15,170,102,,163,,,5,256,232,395,23,213,329,74,255,412,5,348,308,357,40,353,298,403,418,22,22,10,275,226,288,315,79,396,108,386,73,118,66,15,35,7,266,91,414,326,,,4,116,,,3,419,6,6,3,4,7,5,10,14,43,194,62,106,101,4,23,63,67,51,6,118,57,293,,198,,,"b'\x11\xe8\xe1I\xeev""\xfe\x9a\xbe\x12\xdf\x17\xaeN\x1e'"
11E8E149-EE76-22FE-9ABE-12DF17AE4E1E,2023-ncaa-d3-conf-Michigan Intercol. Ath. Assn.,ncaa,2,2,1,2,3,2,4,4,2,4,7,2,2,2,2,2,2,3,4,3,3,4,6,2,2,2,2,1,5,7,6,5,3,4,4,3,3,1,1,1,2,2,7,5,,,3,3,,,2,6,9,7,2,4,5,4,8,2,3,4,3,3,5,9,8,8,9,3,1,2,8,,1,,,2,1,1,1,4,1,1,4,4,5,3,9,2,1,7,1,6,1,2,4,4,3,9,9,5,2,3,4,6,3,4,5,8,2,1,2,1,2,3,4,,,2,1,,,2,4,2,2,2,1,1,1,1,1,4,4,1,1,1,1,1,2,2,2,4,2,1,3,,6,,,"b'\x11\xe8\xe1I\xeev""\xfe\x9a\xbe\x12\xdf\x17\xaeN\x1e'"
11E8E149-EE76-22FE-9ABE-12DF17AE4E1E,2023-ncaa-d3-natl,ncaa,26,62,7,54,8,25,35,70,27,95,198,25,14,28,22,63,34,39,96,43,48,64,92,19,13,9,54,56,215,265,332,47,35,117,171,60,209,87,33,24,64,86,249,250,,,332,245,,,23,48,386,107,79,110,320,219,389,42,86,117,153,164,304,401,390,259,361,129,11,153,325,,135,,,32,253,223,278,145,125,148,161,382,385,273,375,249,244,203,248,286,277,351,200,195,110,384,382,207,95,35,368,332,279,171,233,210,45,56,74,104,62,319,307,,,33,63,,,23,385,18,72,23,45,37,18,18,16,257,227,92,85,88,11,32,21,123,52,86,120,31,188,,201,,,"b'\x11\xe8\xe1I\xeev""\xfe\x9a\xbe\x12\xdf\x17\xaeN\x1e'"
11E8E149-EE76-22FE-9ABE-12DF17AE4E1E,2024-ncaa-d3-conf-Michigan Intercol. Ath. Assn.,ncaa,2,2,1,2,1,2,2,3,2,3,5,1,3,3,3,4,2,1,5,1,1,2,2,1,2,2,5,4,4,4,4,4,4,3,5,3,6,4,3,4,1,1,8,8,,,6,5,,,2,1,7,5,2,4,7,4,8,4,4,2,1,1,5,8,5,8,6,5,1,1,9,,4,,,2,4,3,3,4,3,1,5,3,7,3,7,5,3,8,3,5,3,9,4,4,1,7,7,7,5,4,7,4,7,5,5,8,1,1,1,2,2,7,6,,,1,1,,,2,9,3,1,2,1,1,1,1,1,3,4,4,2,2,1,2,3,4,4,3,1,1,6,,1,,,"b'\x11\xe8\xe1I\xeev""\xfe\x9a\xbe\x12\xdf\x17\xaeN\x1e'"
11E8E149-EE76-22FE-9ABE-12DF17AE4E1E,2024-ncaa-d3-natl,ncaa,42,87,8,75,10,39,65,77,82,95,170,44,59,56,143,113,39,15,274,16,30,64,69,62,62,59,125,154,164,225,333,73,101,126,240,157,364,172,76,148,52,90,326,330,,,307,193,,,61,44,352,93,140,177,325,204,361,131,130,118,87,84,271,371,354,308,362,276,42,126,378,,118,,,74,275,277,326,142,193,179,212,397,420,189,411,152,128,309,126,148,296,364,198,188,87,339,397,108,194,101,392,333,346,240,231,185,32,40,58,209,121,419,413,,,8,21,,,61,381,87,73,68,51,74,46,39,18,279,315,43,27,25,27,67,58,182,111,96,90,81,392,,65,,,"b'\x11\xe8\xe1I\xeev""\xfe\x9a\xbe\x12\xdf\x17\xaeN\x1e'"
11E8E149-EE76-22FE-9ABE-12DF17AE4E1E,2025-ncaa-d3-conf-Michigan Intercol. Ath. Assn.,genius_ncaa,1,1,2,1,3,2,1,3,1,1,3,1,5,4,3,6,3,3,3,4,7,3,3,1,1,2,9,7,8,5,5,4,2,4,3,2,8,2,3,1,2,2,8,6,,,5,5,,9,2,3,9,6,2,2,4,1,4,5,6,3,5,7,4,8,5,6,7,1,1,2,9,,3,,8,2,1,2,2,2,1,1,2,4,6,7,8,3,1,8,1,2,2,4,3,3,2,9,9,6,3,2,4,5,3,3,4,7,2,2,3,2,2,1,1,,,5,6,,9,2,6,2,1,2,1,2,1,1,1,4,4,2,1,1,1,1,3,1,1,2,2,2,1,,8,,9,"b'\x11\xe8\xe1I\xeev""\xfe\x9a\xbe\x12\xdf\x17\xaeN\x1e'"
11E8E149-EE76-22FE-9ABE-12DF17AE4E1E,2025-ncaa-d3-natl,genius_ncaa,14,18,16,18,18,30,32,85,15,34,123,11,81,107,77,179,79,94,143,91,158,78,114,14,15,14,252,209,294,210,250,113,57,158,136,66,274,84,48,39,29,21,314,302,,,358,347,,360,25,84,376,80,64,56,267,63,274,134,200,157,195,200,263,385,327,319,352,122,18,51,362,,234,,330,28,192,148,167,153,90,95,178,334,341,267,373,244,181,400,174,264,164,294,211,241,116,374,361,248,86,57,262,250,173,136,214,260,42,31,61,75,42,103,61,,,84,121,,348,25,333,16,75,23,41,38,9,21,10,221,197,127,80,76,8,27,23,78,36,96,85,23,43,,239,,365,"b'\x11\xe8\xe1I\xeev""\xfe\x9a\xbe\x12\xdf\x17\xaeN\x1e'"
11E8E149-EE76-22FE-9ABE-12DF17AE4E1E,2026-ncaa-d3-conf-Michigan Intercol. Ath. Assn.,genius_ncaa,4,1,8,1,8,8,9,9,6,8,9,6,8,8,6,8,4,6,3,6,1,9,9,6,5,4,4,8,1,9,4,8,2,8,2,8,4,1,3,4,9,7,9,4,,,2,9,,2,4,9,9,2,4,6,8,5,6,7,8,1,1,1,6,6,4,1,1,5,2,8,5,,9,,6,4,1,1,2,1,1,1,1,3,2,5,9,1,2,1,2,9,2,1,1,1,3,9,9,7,1,2,1,4,1,2,2,9,9,6,6,1,3,8,9,,,9,2,,7,4,1,4,2,3,1,1,2,1,1,8,9,4,6,6,2,1,2,2,2,5,6,1,9,,2,,7,"b'\x11\xe8\xe1I\xeev""\xfe\x9a\xbe\x12\xdf\x17\xaeN\x1e'"
11E8E149-EE76-22FE-9ABE-12DF17AE4E1E,2026-ncaa-d3-natl,genius_ncaa,98,21,327,49,337,271,286,364,53,262,364,9,268,272,282,146,190,245,56,245,67,352,371,69,50,26,220,273,110,283,43,273,19,289,10,241,136,25,44,39,279,85,283,97,,,131,391,,130,25,378,367,113,72,102,244,96,283,203,139,48,81,85,196,326,129,43,59,77,31,152,222,,305,,204,10,23,12,35,4,9,16,15,100,147,73,399,78,114,26,113,399,35,37,9,12,10,410,384,362,32,19,32,43,28,10,9,47,310,79,6,19,41,193,330,,,317,108,,291,25,41,19,9,8,9,3,19,2,3,207,323,146,242,236,21,32,39,28,23,2,163,30,309,,172,,279,"b'\x11\xe8\xe1I\xeev""\xfe\x9a\xbe\x12\xdf\x17\xaeN\x1e'"
11E8E149-EE7A-E56E-9ABE-12DF17AE4E1E,2018-ncaa-d3-conf-NESCAC,ncaa,9,9,6,9,7,9,9,8,10,9,6,10,11,11,4,11,5,5,8,5,2,8,7,10,10,9,3,9,2,8,7,9,10,8,10,8,1,4,5,5,5,5,8,10,,,3,4,,,9,8,8,5,10,10,8,10,4,11,11,4,2,2,8,7,8,10,9,7,5,5,9,,5,,,9,5,6,4,9,7,3,9,6,8,5,10,2,2,6,2,2,4,4,9,7,7,3,7,2,4,10,5,7,5,10,9,10,7,6,7,5,7,6,9,,,5,5,,,9,4,9,7,8,6,8,8,8,6,7,11,3,3,3,6,5,7,6,8,10,7,7,10,,4,,,b'\x11\xe8\xe1I\xeez\xe5n\x9a\xbe\x12\xdf\x17\xaeN\x1e'
11E8E149-EE7A-E56E-9ABE-12DF17AE4E1E,2018-ncaa-d3-natl,ncaa,179,138,305,164,316,283,316,372,196,298,314,255,270,344,89,308,141,125,261,123,39,348,372,197,176,179,154,246,55,279,132,363,124,351,130,220,66,88,206,157,268,197,269,247,,,71,170,,,171,377,385,102,245,294,375,288,288,247,334,75,58,56,326,357,253,371,342,175,137,247,261,,76,,,169,52,100,58,259,166,102,309,57,88,75,177,52,57,150,58,93,45,50,242,197,194,53,106,94,37,124,36,132,30,130,98,151,294,187,206,92,171,167,231,,,157,15,,,171,63,194,159,169,93,166,101,228,170,78,117,59,63,66,63,46,64,53,47,150,270,121,212,,57,,,b'\x11\xe8\xe1I\xeez\xe5n\x9a\xbe\x12\xdf\x17\xaeN\x1e'
11E8E149-EE7A-E56E-9ABE-12DF17AE4E1E,2019-ncaa-d3-conf-NESCAC,ncaa,4,4,6,4,8,6,7,7,7,7,6,7,9,10,5,9,4,4,7,4,2,6,7,7,5,5,6,7,2,6,4,8,1,7,3,4,1,3,5,4,4,3,7,6,,,1,1,,,4,7,4,4,3,6,5,4,4,8,10,2,2,2,3,4,5,7,4,3,6,3,6,,1,,,4,4,6,3,8,4,2,9,10,9,6,11,1,1,9,1,1,2,2,9,8,7,7,11,1,1,1,3,4,2,3,9,9,7,3,7,3,4,8,8,,,3,2,,,4,5,4,4,4,5,8,7,5,3,10,11,1,1,1,3,3,1,5,2,9,5,4,8,,1,,,b'\x11\xe8\xe1I\xeez\xe5n\x9a\xbe\x12\xdf\x17\xaeN\x1e'
11E8E149-EE7A-E56E-9ABE-12DF17AE4E1E,2019-ncaa-d3-natl,ncaa,78,46,215,65,298,134,143,247,69,178,217,138,111,237,15,241,169,187,159,187,178,229,283,57,58,53,165,159,255,125,35,230,2,194,10,87,47,82,101,44,170,94,265,240,,,68,123,,,39,328,342,380,77,97,203,157,200,104,230,146,159,159,183,266,105,208,126,53,91,164,263,,57,,,29,34,82,72,168,144,115,223,43,95,39,211,21,18,199,17,28,46,63,141,102,80,40,140,49,6,2,29,35,11,10,44,72,196,104,81,39,42,303,293,,,222,162,,,39,121,36,38,23,30,96,60,156,124,48,91,13,8,8,21,25,1,23,5,58,182,45,314,,187,,,b'\x11\xe8\xe1I\xeez\xe5n\x9a\xbe\x12\xdf\x17\xaeN\x1e'
11E8E149-EE7A-E56E-9ABE-12DF17AE4E1E,2020-ncaa-d3-conf-NESCAC,ncaa,5,4,7,5,8,6,6,7,7,5,3,7,11,11,8,11,2,2,11,2,3,7,7,7,7,6,11,11,1,2,3,7,2,6,3,10,11,3,3,9,7,4,2,2,,,6,11,,,5,7,6,4,4,5,5,2,1,11,11,1,1,1,1,2,2,5,2,10,5,4,2,,9,,,5,5,4,4,6,2,2,4,11,10,11,11,3,4,7,3,10,3,4,10,9,9,11,11,6,1,2,6,3,2,3,9,11,7,2,9,1,1,1,1,,,2,1,,,5,5,5,6,5,5,2,2,1,1,11,11,6,5,5,2,3,1,8,4,10,5,1,1,,1,,,b'\x11\xe8\xe1I\xeez\xe5n\x9a\xbe\x12\xdf\x17\xaeN\x1e'
11E8E149-EE7A-E56E-9ABE-12DF17AE4E1E,2020-ncaa-d3-natl,ncaa,134,111,198,129,218,233,227,264,187,107,82,203,405,405,347,414,120,101,267,103,218,226,304,247,236,189,406,425,81,105,67,256,25,202,53,313,404,51,75,229,274,203,72,27,,,195,351,,,129,359,384,63,228,217,248,68,48,411,414,99,66,69,199,290,100,256,166,334,59,276,63,,228,,,125,48,36,45,114,15,45,44,340,182,427,328,124,102,265,104,263,38,48,198,202,169,423,415,236,21,25,97,67,42,53,138,340,241,128,188,14,7,21,7,,,131,52,,,129,73,153,117,128,59,44,35,19,30,335,209,135,112,115,25,25,15,106,43,154,233,5,15,,89,,,b'\x11\xe8\xe1I\xeez\xe5n\x9a\xbe\x12\xdf\x17\xaeN\x1e'
11E8E149-EE7A-E56E-9ABE-12DF17AE4E1E,2022-ncaa-d3-conf-NESCAC,ncaa,2,1,4,2,4,7,7,7,4,7,7,3,9,11,6,10,1,1,4,1,1,7,6,5,3,7,6,11,1,7,4,3,2,5,1,5,5,11,11,10,5,5,3,3,,,6,3,,,3,5,8,1,8,9,11,8,8,11,11,1,1,1,11,8,8,1,3,8,11,5,3,,3,,,3,3,3,7,2,3,5,2,3,11,1,10,5,5,6,5,5,7,6,2,2,2,5,5,8,4,2,3,4,4,1,3,6,6,7,4,11,11,2,4,,,2,1,,,3,7,8,1,3,2,2,5,3,2,3,9,3,3,3,4,2,3,1,1,3,10,11,2,,1,,,b'\x11\xe8\xe1I\xeez\xe5n\x9a\xbe\x12\xdf\x17\xaeN\x1e'
11E8E149-EE7A-E56E-9ABE-12DF17AE4E1E,2022-ncaa-d3-natl,ncaa,116,55,300,81,309,317,328,382,156,273,315,177,357,385,211,355,120,151,100,151,52,371,381,194,139,167,240,354,17,346,251,270,54,312,90,297,186,76,238,224,379,335,229,134,,,67,217,,,149,383,418,57,296,323,414,245,280,354,387,47,71,70,399,414,343,159,261,277,135,381,191,,88,,,143,24,24,50,64,25,41,98,117,174,90,353,48,38,310,34,145,45,38,76,80,122,309,334,188,30,54,39,251,31,90,27,141,376,291,195,30,114,35,39,,,165,5,,,149,43,182,111,144,35,41,60,38,36,160,244,64,41,39,38,11,55,49,46,57,365,47,24,,47,,,b'\x11\xe8\xe1I\xeez\xe5n\x9a\xbe\x12\xdf\x17\xaeN\x1e'
11E8E149-EE7A-E56E-9ABE-12DF17AE4E1E,2023-ncaa-d3-conf-NESCAC,ncaa,2,2,1,2,4,4,3,5,3,3,3,4,7,8,5,9,9,9,5,9,9,5,5,4,5,4,9,8,9,6,7,3,3,4,3,2,1,3,2,1,9,9,5,7,,,5,3,,,2,4,11,8,9,4,7,3,4,7,11,9,10,10,8,11,7,4,6,2,2,10,6,,2,,,2,4,3,8,1,3,7,1,8,8,5,7,7,7,4,7,6,8,8,1,1,2,9,9,6,4,3,8,7,9,3,6,9,7,7,6,3,3,4,2,,,7,10,,,2,8,3,1,2,1,1,2,1,4,3,6,3,3,4,2,1,4,4,2,3,11,2,3,,11,,,b'\x11\xe8\xe1I\xeez\xe5n\x9a\xbe\x12\xdf\x17\xaeN\x1e'
11E8E149-EE7A-E56E-9ABE-12DF17AE4E1E,2023-ncaa-d3-natl,ncaa,17,43,7,39,10,102,82,93,94,62,64,124,194,244,117,320,169,177,199,174,315,99,120,117,125,110,339,308,291,217,265,18,8,63,62,54,63,145,83,33,318,370,160,202,,,303,259,,,82,100,419,226,265,219,361,165,232,308,356,311,335,335,372,422,352,149,267,114,28,404,233,,95,,,94,157,135,305,28,145,352,19,171,185,167,121,300,289,265,297,207,319,288,32,39,79,270,198,329,69,8,305,265,195,62,97,99,202,271,142,125,92,150,58,,,70,88,,,82,343,131,55,77,17,13,30,25,92,58,51,138,126,132,26,4,9,62,28,28,373,36,54,,282,,,b'\x11\xe8\xe1I\xeez\xe5n\x9a\xbe\x12\xdf\x17\xaeN\x1e'
11E8E149-EE7A-E56E-9ABE-12DF17AE4E1E,2024-ncaa-d3-conf-NESCAC,ncaa,3,2,3,2,4,4,5,6,4,4,5,5,10,10,9,10,2,4,2,5,6,6,7,5,4,3,10,10,2,5,5,4,1,3,3,3,5,2,3,3,10,9,5,4,,,7,9,,,2,7,11,4,5,6,9,4,4,10,10,2,5,5,9,10,5,4,3,4,2,9,7,,6,,,2,1,1,5,1,1,3,1,4,7,4,9,6,7,6,7,9,4,5,1,1,1,11,7,8,3,1,4,5,3,3,1,3,5,3,1,1,1,2,1,,,2,1,,,2,4,3,1,2,1,1,1,1,1,4,5,5,6,6,1,1,2,4,2,1,6,1,1,,4,,,b'\x11\xe8\xe1I\xeez\xe5n\x9a\xbe\x12\xdf\x17\xaeN\x1e'
11E8E149-EE7A-E56E-9ABE-12DF17AE4E1E,2024-ncaa-d3-natl,ncaa,74,87,63,88,71,162,133,167,94,86,102,88,295,292,284,324,173,257,22,268,355,185,272,134,129,86,372,350,242,274,279,66,13,139,93,141,203,38,40,52,370,378,143,135,,,295,375,,,86,261,409,82,226,176,283,98,159,336,343,232,328,336,314,405,330,90,203,179,14,405,177,,223,,,93,79,49,116,34,53,169,25,88,116,104,154,317,297,326,293,324,143,117,34,60,97,324,164,400,54,13,230,279,124,93,10,7,292,271,48,10,11,120,69,,,195,113,,,86,160,105,69,78,25,16,29,24,67,54,58,267,235,231,33,10,22,126,55,2,363,2,86,,288,,,b'\x11\xe8\xe1I\xeez\xe5n\x9a\xbe\x12\xdf\x17\xaeN\x1e'
11E8E149-EE7A-E56E-9ABE-12DF17AE4E1E,2025-ncaa-d3-conf-NESCAC,genius_ncaa,4,2,8,4,9,7,9,7,11,10,8,11,3,3,8,2,4,4,1,4,5,7,8,11,11,8,1,2,3,2,2,7,1,3,2,10,7,2,1,7,7,6,4,3,,,5,9,,8,8,8,6,4,7,9,1,10,5,1,1,4,4,4,1,1,2,1,1,9,2,7,3,,9,,8,8,4,5,4,4,5,5,5,3,2,3,2,6,5,6,5,7,4,3,4,4,7,5,2,8,1,1,4,2,3,2,1,4,9,7,6,2,2,4,4,,,7,7,,2,8,4,8,3,7,5,5,6,5,6,3,4,8,8,8,5,2,1,10,4,4,7,2,4,,6,,2,b'\x11\xe8\xe1I\xeez\xe5n\x9a\xbe\x12\xdf\x17\xaeN\x1e'
11E8E149-EE7A-E56E-9ABE-12DF17AE4E1E,2025-ncaa-d3-natl,genius_ncaa,82,94,55,92,60,83,82,66,133,118,97,188,62,107,40,182,116,168,61,176,262,75,92,113,107,91,139,123,261,84,106,70,23,73,44,108,254,160,85,120,337,369,64,84,,,365,372,,294,150,102,238,32,83,92,94,155,151,74,140,145,225,226,104,166,113,95,87,141,99,385,79,,336,,277,152,358,322,307,270,334,334,236,202,181,248,101,376,349,375,347,269,330,269,244,289,334,177,107,326,44,23,268,106,152,44,243,126,298,346,298,68,31,276,202,,,125,215,,78,150,322,81,265,142,260,231,184,262,237,148,111,346,307,304,207,122,26,154,75,173,365,40,231,,196,,92,b'\x11\xe8\xe1I\xeez\xe5n\x9a\xbe\x12\xdf\x17\xaeN\x1e'
11E8E149-EE7A-E56E-9ABE-12DF17AE4E1E,2026-ncaa-d3-natl,genius_ncaa,5,21,42,22,64,53,35,24,203,24,26,173,157,88,306,249,168,145,271,146,355,33,47,232,258,208,357,290,327,5,9,14,14,6,6,52,229,253,80,108,284,363,76,147,,,201,88,,271,65,93,247,113,136,78,37,60,52,245,170,284,264,270,48,92,11,21,3,116,129,377,123,,57,,213,87,249,276,337,96,288,340,103,237,305,102,209,165,154,187,147,43,319,300,81,61,113,121,194,96,140,14,260,9,221,6,204,82,190,287,202,228,85,210,84,,,74,235,,146,65,331,115,82,75,78,130,219,147,235,126,183,53,44,41,173,109,48,102,64,81,322,125,133,,156,,210,b'\x11\xe8\xe1I\xeez\xe5n\x9a\xbe\x12\xdf\x17\xaeN\x1e'
11E8E149-EE7F-441A-9ABE-12DF17AE4E1E,2018-ncaa-d3-conf-SCAC,ncaa,1,1,2,1,2,1,1,2,2,2,2,1,1,1,2,3,2,2,5,2,5,2,2,1,1,1,5,3,6,5,7,5,6,5,7,2,5,1,1,2,1,2,3,3,,,7,6,,,2,1,1,4,1,1,2,2,3,1,1,2,3,3,1,4,6,7,7,2,1,1,3,,8,,,2,6,5,6,5,5,5,4,3,3,4,3,8,8,6,8,8,6,8,5,5,2,3,3,7,7,6,8,7,8,7,5,6,1,1,1,2,2,2,1,,,3,5,,,2,8,2,2,2,4,3,1,5,4,3,3,7,7,7,3,8,5,8,8,3,1,2,1,,5,,,b'\x11\xe8\xe1I\xee\x7fD\x1a\x9a\xbe\x12\xdf\x17\xaeN\x1e'
11E8E149-EE7F-441A-9ABE-12DF17AE4E1E,2018-ncaa-d3-natl,ncaa,31,19,68,27,107,30,33,38,71,36,68,54,84,83,144,198,50,47,158,46,160,39,68,76,69,37,244,222,228,260,391,236,360,256,402,60,240,98,22,33,9,16,124,125,,,420,347,,,56,32,40,303,23,20,40,35,89,121,117,54,71,67,44,81,332,365,379,64,57,10,147,,405,,,58,352,268,279,220,224,218,232,321,330,240,275,407,415,173,414,415,335,421,256,279,90,363,259,383,385,360,426,391,427,402,328,323,15,21,46,191,87,167,75,,,73,189,,,56,412,64,112,65,236,173,148,155,116,261,269,390,393,392,200,384,331,384,368,247,11,123,112,,109,,,b'\x11\xe8\xe1I\xee\x7fD\x1a\x9a\xbe\x12\xdf\x17\xaeN\x1e'
11E8E149-EE7F-441A-9ABE-12DF17AE4E1E,2019-ncaa-d3-conf-SCAC,ncaa,1,1,2,1,2,1,1,1,1,1,1,1,2,4,2,5,8,7,7,7,9,1,1,1,2,1,9,7,9,1,2,5,3,3,4,1,7,3,1,1,1,1,1,1,,,7,5,,,1,1,1,8,1,1,1,1,1,2,4,9,8,8,1,1,1,7,4,2,2,1,1,,6,,,1,2,3,3,4,4,4,4,1,2,1,4,4,3,6,3,4,4,7,3,3,1,4,2,5,3,3,5,2,5,4,2,3,1,1,1,2,2,1,1,,,9,9,,,1,9,1,1,1,2,3,1,3,3,1,1,3,3,3,1,8,3,5,3,2,1,2,1,,9,,,b'\x11\xe8\xe1I\xee\x7fD\x1a\x9a\xbe\x12\xdf\x17\xaeN\x1e'
11E8E149-EE7F-441A-9ABE-12DF17AE4E1E,2019-ncaa-d3-natl,ncaa,38,29,67,35,128,38,20,26,41,15,45,21,116,90,218,218,257,229,317,219,371,37,46,46,77,58,383,269,419,70,119,192,180,125,176,30,180,207,55,36,13,13,24,15,,,323,197,,,27,45,60,394,27,10,21,10,55,141,117,313,285,275,32,55,92,304,190,22,135,13,29,,239,,,25,192,209,204,218,195,145,268,276,314,168,343,154,169,127,166,208,181,383,234,209,43,242,293,151,197,180,321,119,275,176,288,323,11,8,28,189,77,58,16,,,238,399,,,27,396,53,36,33,106,132,75,128,63,214,250,109,128,121,64,315,127,222,175,223,9,136,37,,337,,,b'\x11\xe8\xe1I\xee\x7fD\x1a\x9a\xbe\x12\xdf\x17\xaeN\x1e'
11E8E149-EE7F-441A-9ABE-12DF17AE4E1E,2020-ncaa-d3-conf-SCAC,ncaa,1,1,1,1,2,1,1,1,1,1,1,1,1,1,2,2,8,9,5,9,10,1,1,1,1,1,8,2,10,1,2,7,6,4,3,1,1,1,1,1,1,1,1,1,,,3,1,,,1,1,3,3,1,1,2,1,2,1,1,8,9,9,2,2,2,10,7,1,1,1,1,,1,,,1,1,1,1,2,1,1,2,4,3,4,5,2,1,7,1,4,1,9,2,3,1,9,6,7,4,6,7,2,5,3,2,6,1,1,1,1,1,3,1,,,9,10,,,1,10,1,1,1,1,1,1,1,1,2,3,1,1,1,1,6,3,3,1,2,1,1,1,,10,,,b'\x11\xe8\xe1I\xee\x7fD\x1a\x9a\xbe\x12\xdf\x17\xaeN\x1e'
11E8E149-EE7F-441A-9ABE-12DF17AE4E1E,2020-ncaa-d3-natl,ncaa,24,31,26,31,46,6,1,7,10,8,43,3,17,21,97,87,293,285,289,283,404,14,33,9,19,4,309,126,437,94,180,237,247,182,266,1,51,32,2,1,4,2,48,38,,,188,70,,,3,30,127,248,6,1,17,5,107,27,37,374,368,367,26,122,163,390,320,2,3,4,74,,74,,,4,183,183,190,198,147,164,182,284,253,285,286,198,208,176,206,239,183,396,213,208,28,294,301,214,223,247,369,180,324,266,284,334,9,4,18,39,8,54,22,,,281,424,,,3,408,6,23,4,60,74,32,74,44,200,151,115,114,114,23,236,125,220,180,182,11,16,25,,402,,,b'\x11\xe8\xe1I\xee\x7fD\x1a\x9a\xbe\x12\xdf\x17\xaeN\x1e'
11E8E149-EE7F-441A-9ABE-12DF17AE4E1E,2021-ncaa-d3-conf-SCAC,ncaa,1,1,1,1,1,1,1,1,1,1,1,2,1,1,3,2,3,2,7,2,5,1,1,1,2,1,6,3,8,1,3,4,3,3,5,1,6,3,1,1,1,1,5,5,,,7,5,,,1,1,5,6,1,1,1,1,2,1,1,5,5,5,1,5,3,8,8,1,2,1,8,,4,,,1,4,5,4,5,7,5,6,2,2,1,4,4,4,8,4,6,5,9,2,3,1,2,2,7,4,3,9,3,8,5,6,5,1,1,1,2,1,1,1,,,2,8,,,1,9,1,1,1,1,1,1,3,2,1,1,4,3,3,1,3,2,6,3,1,1,1,1,,8,,,b'\x11\xe8\xe1I\xee\x7fD\x1a\x9a\xbe\x12\xdf\x17\xaeN\x1e'
11E8E149-EE7F-441A-9ABE-12DF17AE4E1E,2021-ncaa-d3-natl,ncaa,25,58,61,44,62,51,45,54,48,48,63,44,38,51,67,95,90,76,215,76,156,55,71,39,58,19,148,84,239,77,175,79,33,79,140,51,155,121,14,13,18,8,106,134,,,192,111,,,15,71,121,50,33,25,35,44,93,43,56,153,119,128,42,105,137,174,166,53,19,12,162,,103,,,23,169,168,169,132,186,181,138,127,147,71,99,174,178,154,181,145,174,206,111,112,34,85,60,163,130,33,229,175,204,140,148,80,26,11,17,97,6,88,22,,,93,220,,,15,213,34,24,25,38,46,18,92,54,38,45,95,91,99,18,107,20,204,117,44,17,9,24,,201,,,b'\x11\xe8\xe1I\xee\x7fD\x1a\x9a\xbe\x12\xdf\x17\xaeN\x1e'
11E8E149-EE7F-441A-9ABE-12DF17AE4E1E,2022-ncaa-d3-conf-SCAC,ncaa,1,1,2,1,2,1,1,1,1,1,2,1,1,2,1,2,8,7,9,7,8,1,2,1,1,1,8,4,9,5,6,2,3,2,3,1,2,5,2,1,1,1,4,4,,,2,1,,,1,1,1,5,1,1,2,1,3,1,1,9,7,7,2,2,6,4,5,1,3,1,5,,1,,,1,4,4,6,2,3,4,3,5,6,4,6,1,1,8,1,2,4,9,2,2,1,6,7,2,3,3,7,6,7,3,1,1,1,1,1,2,2,3,2,,,6,7,,,1,9,1,1,1,1,3,3,3,2,3,4,1,1,1,2,8,3,5,3,1,1,2,2,,7,,,b'\x11\xe8\xe1I\xee\x7fD\x1a\x9a\xbe\x12\xdf\x17\xaeN\x1e'
11E8E149-EE7F-441A-9ABE-12DF17AE4E1E,2022-ncaa-d3-natl,ncaa,4,5,6,5,11,5,3,8,9,9,42,6,19,18,100,81,82,57,236,57,215,9,6,10,16,16,226,130,404,143,313,5,66,22,170,2,69,348,101,17,10,23,76,110,,,264,36,,,11,4,27,285,9,8,47,25,214,44,45,221,196,201,49,82,304,31,134,5,155,20,131,,60,,,14,392,388,420,108,316,381,118,422,425,198,385,205,185,272,193,75,420,423,147,119,55,326,387,67,323,66,414,313,405,170,382,274,6,20,57,287,113,346,239,,,72,362,,,11,426,30,36,16,143,164,271,109,128,346,373,50,29,32,197,359,134,286,219,222,20,149,235,,311,,,b'\x11\xe8\xe1I\xee\x7fD\x1a\x9a\xbe\x12\xdf\x17\xaeN\x1e'
11E8E149-EE7F-441A-9ABE-12DF17AE4E1E,2023-ncaa-d3-conf-SCAC,ncaa,1,1,1,1,1,1,1,1,1,1,1,1,1,1,2,1,1,1,3,1,1,1,1,1,1,1,2,3,6,2,3,5,3,2,3,1,3,4,1,1,1,1,8,8,,,9,7,,,1,1,1,5,1,1,1,1,3,1,1,1,1,1,1,1,2,9,4,1,2,1,9,,9,,,1,3,2,2,6,4,2,7,1,3,1,5,6,6,4,7,8,2,9,5,5,1,3,2,7,3,3,8,3,6,3,4,8,1,1,1,3,2,2,2,,,1,3,,,1,9,1,1,1,3,2,2,3,2,1,3,6,6,5,2,8,3,4,3,3,1,3,2,,1,,,b'\x11\xe8\xe1I\xee\x7fD\x1a\x9a\xbe\x12\xdf\x17\xaeN\x1e'
11E8E149-EE7F-441A-9ABE-12DF17AE4E1E,2023-ncaa-d3-natl,ncaa,4,4,7,5,11,2,2,3,22,11,43,11,4,10,61,65,5,5,137,5,37,3,3,17,15,21,94,95,209,18,91,75,283,24,213,1,67,402,126,38,2,3,200,227,,,428,390,,,6,3,5,265,4,6,12,39,184,10,18,17,16,16,7,8,51,326,165,1,277,3,277,,418,,,6,401,336,368,198,330,248,320,280,401,25,317,424,421,294,422,421,404,426,187,253,32,328,145,412,374,283,419,91,413,213,356,312,2,3,6,386,156,110,33,,,2,110,,,6,427,15,27,10,175,103,66,117,42,138,265,391,394,395,121,399,222,262,248,207,4,267,31,,8,,,b'\x11\xe8\xe1I\xee\x7fD\x1a\x9a\xbe\x12\xdf\x17\xaeN\x1e'
11E8E149-EE7F-441A-9ABE-12DF17AE4E1E,2024-ncaa-d3-conf-SCAC,ncaa,1,1,2,1,3,1,2,2,2,4,7,2,1,1,1,2,1,1,1,1,1,1,3,1,1,1,1,1,2,4,4,5,6,6,6,1,3,2,2,2,1,2,7,7,,,7,3,,,1,2,2,6,1,1,3,4,8,1,1,1,1,1,2,3,6,6,6,2,2,1,7,,7,,,1,6,7,7,3,6,7,6,7,8,1,8,2,3,2,3,4,7,8,3,3,2,4,5,4,8,6,6,4,6,6,6,5,1,2,2,2,2,4,7,,,1,1,,,1,8,1,3,1,3,3,5,5,3,5,8,2,3,2,5,8,7,5,5,6,1,2,4,,1,,,b'\x11\xe8\xe1I\xee\x7fD\x1a\x9a\xbe\x12\xdf\x17\xaeN\x1e'
11E8E149-EE7F-441A-9ABE-12DF17AE4E1E,2024-ncaa-d3-natl,ncaa,30,45,17,44,18,9,35,48,62,176,256,76,1,7,7,17,2,6,26,6,7,34,38,18,9,10,3,11,96,150,246,179,402,161,358,28,73,250,92,55,22,47,226,238,,,413,303,,,62,20,139,89,12,74,150,283,394,1,11,10,21,19,107,152,264,383,363,43,118,34,281,,354,,,70,413,384,398,269,307,241,308,424,425,316,406,396,393,305,388,358,407,419,322,330,222,395,394,271,414,402,379,246,411,358,386,303,16,44,118,181,67,113,147,,,6,41,,,62,408,14,272,72,308,244,208,155,56,395,393,320,299,293,223,336,373,198,298,286,30,84,50,,35,,,b'\x11\xe8\xe1I\xee\x7fD\x1a\x9a\xbe\x12\xdf\x17\xaeN\x1e'
11E8E149-EE7F-441A-9ABE-12DF17AE4E1E,2025-ncaa-d3-conf-SCAC,genius_ncaa,4,5,2,5,2,1,2,2,1,2,2,3,1,3,1,7,1,1,6,1,5,2,2,1,1,1,7,6,6,3,6,3,8,3,6,2,8,10,4,3,2,3,4,5,,,11,5,,11,5,2,2,5,1,1,3,2,4,3,7,2,2,2,3,2,5,6,5,3,5,2,5,,6,,10,5,12,12,12,8,10,12,6,12,11,9,10,8,8,4,8,6,12,12,8,8,8,9,12,2,11,8,11,6,10,6,11,6,3,4,6,11,7,3,4,,,2,7,,9,5,11,1,8,5,8,8,10,8,8,11,9,6,7,7,10,11,8,5,5,10,3,7,4,,3,,10,b'\x11\xe8\xe1I\xee\x7fD\x1a\x9a\xbe\x12\xdf\x17\xaeN\x1e'
11E8E149-EE7F-441A-9ABE-12DF17AE4E1E,2025-ncaa-d3-natl,genius_ncaa,141,184,55,175,68,29,37,79,23,63,147,26,33,73,15,145,62,79,116,70,121,70,71,19,17,33,137,121,265,199,228,178,348,185,287,44,113,255,161,77,53,77,130,163,,,333,200,,272,134,52,84,77,24,29,107,67,205,38,109,83,110,95,101,117,269,285,290,33,199,59,166,,285,,243,138,404,394,389,313,328,289,282,413,406,393,362,298,319,134,323,282,392,384,350,339,309,354,388,141,381,348,245,228,331,287,381,274,86,177,247,347,277,92,66,,,100,209,,361,134,370,43,323,140,357,342,324,252,183,396,370,252,272,279,327,342,332,131,242,334,114,296,57,,156,,377,b'\x11\xe8\xe1I\xee\x7fD\x1a\x9a\xbe\x12\xdf\x17\xaeN\x1e'
11E8E149-EE7F-441A-9ABE-12DF17AE4E1E,2026-ncaa-d3-natl,genius_ncaa,288,268,215,305,249,195,169,230,90,189,265,61,117,149,122,98,300,266,341,272,234,242,255,73,97,130,188,117,363,303,284,298,388,316,359,151,182,195,218,153,184,195,334,335,,,167,129,,324,243,228,73,113,94,73,111,118,234,71,76,288,235,253,135,131,281,287,305,74,240,129,332,,231,,366,245,260,254,208,297,198,144,294,357,322,337,374,209,194,234,186,258,203,220,340,330,303,346,366,148,347,388,172,284,252,359,238,175,162,160,209,179,203,117,152,,,232,197,,169,243,182,167,342,253,356,340,333,259,191,395,387,274,263,249,332,366,381,250,348,306,82,217,129,,149,,165,b'\x11\xe8\xe1I\xee\x7fD\x1a\x9a\xbe\x12\xdf\x17\xaeN\x1e'
11E8E149-EE83-BF86-9ABE-12DF17AE4E1E,2018-ncaa-d3-natl,ncaa,433,88,443,433,443,443,443,443,443,443,442,444,442,442,443,428,443,442,441,442,362,443,443,444,443,441,406,434,48,442,409,443,441,443,439,443,338,2,366,427,442,184,431,273,,,2,5,,,374,443,14,441,436,437,73,402,13,441,417,390,152,147,74,32,140,334,248,430,403,90,178,,55,,,438,2,3,2,363,3,3,388,3,3,182,222,3,3,2,3,133,2,2,347,264,262,50,184,34,4,441,4,409,4,439,3,436,443,226,384,3,421,5,181,,,443,410,,,374,2,440,353,436,425,431,437,429,423,342,387,138,320,341,438,438,443,444,443,437,68,428,368,,295,,,b'\x11\xe8\xe1I\xee\x83\xbf\x86\x9a\xbe\x12\xdf\x17\xaeN\x1e'
11E8E149-EE83-BF86-9ABE-12DF17AE4E1E,2019-ncaa-d3-natl,ncaa,439,162,441,439,443,443,443,443,442,443,443,443,442,443,430,222,443,443,443,443,433,443,443,442,442,442,51,34,357,443,442,443,443,443,443,443,377,26,442,442,443,443,438,420,,,1,1,,,435,441,56,295,442,442,441,443,432,425,390,443,442,442,441,358,442,441,443,442,441,443,343,,1,,,442,5,14,4,439,78,6,441,3,3,132,64,1,1,9,1,1,4,3,437,423,442,1,18,1,79,443,3,442,3,443,30,236,443,443,442,268,443,4,343,,,443,440,,,435,3,442,442,442,443,443,443,443,443,304,369,5,7,7,443,441,443,411,441,442,439,443,180,,441,,,b'\x11\xe8\xe1I\xee\x83\xbf\x86\x9a\xbe\x12\xdf\x17\xaeN\x1e'
11E8E149-EE83-BF86-9ABE-12DF17AE4E1E,2020-ncaa-d3-natl,ncaa,431,63,437,431,437,438,438,437,438,438,437,438,438,437,437,199,438,438,438,438,417,437,437,438,438,438,160,165,189,438,438,438,438,438,438,438,422,3,438,438,437,433,437,426,,,2,1,,,392,437,292,431,438,438,438,438,434,434,404,438,438,438,438,437,438,433,438,438,436,429,406,,1,,,438,2,2,2,430,4,4,429,1,1,140,16,2,2,30,2,2,2,2,415,381,430,2,8,2,3,438,2,438,2,438,2,139,437,436,435,5,438,1,243,,,437,437,,,392,2,438,438,438,433,437,437,437,437,138,162,14,25,26,435,407,435,384,429,423,431,438,63,,438,,,b'\x11\xe8\xe1I\xee\x83\xbf\x86\x9a\xbe\x12\xdf\x17\xaeN\x1e'
11E8E149-EE83-BF86-9ABE-12DF17AE4E1E,2022-ncaa-d3-natl,ncaa,406,15,429,345,429,429,429,429,399,429,428,414,429,429,349,414,429,429,367,429,405,429,429,411,412,413,399,393,210,427,181,429,388,428,333,429,320,2,400,404,429,408,428,418,,,1,192,,,285,429,54,3,393,365,123,260,21,405,409,364,328,305,148,21,58,204,108,359,418,381,412,,348,,,411,2,2,1,409,3,3,414,1,1,142,91,2,2,38,2,139,1,1,385,367,393,10,32,64,3,388,1,181,3,333,1,177,429,375,395,2,364,5,232,,,429,387,,,285,1,407,400,410,421,419,416,426,417,208,261,282,347,342,418,410,404,384,398,401,269,393,366,,279,,,b'\x11\xe8\xe1I\xee\x83\xbf\x86\x9a\xbe\x12\xdf\x17\xaeN\x1e'
11E8E149-EE83-BF86-9ABE-12DF17AE4E1E,2023-ncaa-d3-natl,ncaa,411,62,428,390,428,427,427,427,399,427,426,402,424,426,390,333,426,427,296,427,89,427,428,408,388,376,205,347,12,427,365,428,393,428,394,426,304,3,312,375,423,135,423,376,,,4,270,,,296,428,18,288,331,363,157,307,91,361,305,61,36,30,110,62,274,213,257,363,346,72,315,,390,,,375,2,2,2,392,4,3,374,2,2,217,26,3,5,1,5,229,2,2,363,298,256,11,30,88,3,393,4,365,4,394,4,364,425,148,315,3,300,7,381,,,428,209,,,296,2,383,310,371,382,399,375,412,409,116,89,233,392,392,387,413,392,411,408,396,61,338,414,,96,,,b'\x11\xe8\xe1I\xee\x83\xbf\x86\x9a\xbe\x12\xdf\x17\xaeN\x1e'
11E8E149-EE83-BF86-9ABE-12DF17AE4E1E,2024-ncaa-d3-natl,ncaa,419,66,427,419,427,426,427,427,401,426,427,405,426,427,387,407,425,427,409,427,145,427,427,410,408,413,336,395,41,426,202,427,392,427,330,427,426,1,420,421,427,414,427,427,,,1,12,,,333,427,41,244,408,409,384,357,145,414,418,249,119,102,359,72,154,277,212,421,422,401,424,,39,,,415,1,1,1,419,1,1,413,1,1,123,3,1,1,358,1,2,1,1,398,377,399,1,1,6,1,392,1,202,1,330,1,407,427,387,421,2,424,1,355,,,427,172,,,333,1,409,403,412,415,423,419,427,427,31,24,25,9,12,407,392,393,295,358,424,322,425,387,,81,,,b'\x11\xe8\xe1I\xee\x83\xbf\x86\x9a\xbe\x12\xdf\x17\xaeN\x1e'
11E8E149-EE83-BF86-9ABE-12DF17AE4E1E,2025-ncaa-d3-natl,genius_ncaa,412,94,419,412,419,419,419,419,419,419,419,419,418,418,404,377,419,419,419,419,386,419,419,419,419,418,322,313,212,418,321,419,418,419,412,419,403,1,401,417,419,400,419,419,,,1,31,,4,367,419,60,419,417,416,257,415,88,401,383,417,345,345,302,82,151,392,298,417,405,356,419,,144,,50,416,1,1,1,390,1,1,382,1,1,100,15,1,1,23,1,45,1,1,349,309,378,3,9,44,2,418,1,321,1,412,1,353,419,399,415,2,393,5,325,,,419,419,,418,367,1,417,409,416,407,409,412,419,419,117,154,207,295,287,413,406,417,401,412,413,331,400,380,,413,,418,b'\x11\xe8\xe1I\xee\x83\xbf\x86\x9a\xbe\x12\xdf\x17\xaeN\x1e'
11E8E149-EE83-BF86-9ABE-12DF17AE4E1E,2026-ncaa-d3-natl,genius_ncaa,390,397,116,390,214,399,395,216,416,396,167,416,389,283,412,310,378,319,409,317,380,234,209,416,416,414,225,279,109,342,411,276,414,323,416,408,414,311,338,414,259,360,283,361,,,76,4,,20,415,161,158,415,415,414,324,414,200,406,336,413,380,383,360,319,391,382,401,415,292,300,304,,8,,20,414,391,407,392,384,405,373,407,357,386,159,310,158,154,162,169,32,380,327,380,349,399,41,189,15,413,414,406,411,412,416,408,372,320,411,414,320,342,380,377,,,313,391,,406,415,260,415,412,415,409,412,408,410,389,357,396,95,108,120,404,378,413,415,416,411,388,312,380,,405,,406,b'\x11\xe8\xe1I\xee\x83\xbf\x86\x9a\xbe\x12\xdf\x17\xaeN\x1e'
11E8E149-EE88-6432-9ABE-12DF17AE4E1E,2018-ncaa-d3-conf-NESCAC,ncaa,3,3,3,3,4,3,3,3,7,3,3,7,6,4,10,8,3,3,5,4,4,3,4,7,8,3,7,8,4,2,3,5,8,4,5,3,9,1,1,2,3,3,3,2,,,9,9,,,3,4,9,4,2,4,2,3,2,7,5,3,3,3,2,6,2,9,5,6,1,2,3,,8,,,3,4,4,6,3,4,6,2,1,5,2,3,9,10,8,10,10,7,8,2,3,3,6,1,11,7,8,8,3,8,5,2,1,3,2,2,2,1,4,2,,,4,4,,,3,8,3,3,3,3,2,2,3,3,1,1,7,7,7,2,3,6,7,6,2,2,1,3,,2,,,b'\x11\xe8\xe1I\xee\x88d2\x9a\xbe\x12\xdf\x17\xaeN\x1e'
11E8E149-EE88-6432-9ABE-12DF17AE4E1E,2018-ncaa-d3-natl,ncaa,10,37,5,33,5,31,31,15,161,29,34,102,113,54,295,189,43,49,104,50,232,17,27,170,166,96,270,266,208,30,81,100,104,48,123,110,367,151,23,91,29,37,45,56,,,434,407,,,14,35,395,248,155,143,169,130,203,219,172,158,199,203,160,308,98,396,279,266,22,66,91,,320,,,16,128,97,207,41,205,332,61,14,75,8,46,394,387,334,390,331,267,396,21,55,10,140,16,429,169,104,403,81,342,123,20,8,19,17,1,68,11,359,197,,,13,88,,,14,411,59,10,17,6,7,7,31,53,1,5,222,184,192,9,33,38,132,70,2,45,8,215,,142,,,b'\x11\xe8\xe1I\xee\x88d2\x9a\xbe\x12\xdf\x17\xaeN\x1e'
11E8E149-EE88-6432-9ABE-12DF17AE4E1E,2019-ncaa-d3-conf-NESCAC,ncaa,2,2,2,2,4,2,2,4,3,2,3,3,6,8,7,8,1,1,1,1,1,3,3,3,3,2,8,10,1,4,5,3,2,3,4,3,3,7,3,2,2,1,9,9,,,10,11,,,2,2,9,8,2,2,8,3,5,10,9,1,1,1,5,6,6,5,5,4,3,1,11,,9,,,2,3,3,4,2,3,4,2,4,6,4,6,10,10,8,10,9,6,7,2,2,2,11,8,10,4,2,5,5,4,4,2,4,2,1,1,7,5,4,2,,,1,1,,,2,8,2,2,3,2,2,1,2,1,3,3,7,7,7,1,1,2,4,1,2,2,3,5,,2,,,b'\x11\xe8\xe1I\xee\x88d2\x9a\xbe\x12\xdf\x17\xaeN\x1e'
11E8E149-EE88-6432-9ABE-12DF17AE4E1E,2019-ncaa-d3-natl,ncaa,5,7,4,8,6,12,9,21,23,10,18,42,107,155,64,323,16,56,2,55,275,19,31,37,24,9,316,316,199,39,56,21,12,20,26,16,117,114,14,4,53,70,70,86,,,408,365,,,5,40,415,393,49,43,201,42,132,229,326,88,214,220,199,361,137,198,149,54,10,148,130,,190,,,7,111,83,254,26,87,289,13,155,192,146,156,317,323,207,324,270,284,360,26,35,19,333,224,375,101,12,270,56,204,26,40,57,41,46,9,63,11,417,270,,,19,85,,,5,393,8,13,4,5,3,5,7,31,41,39,130,131,132,6,10,11,31,19,6,133,7,322,,161,,,b'\x11\xe8\xe1I\xee\x88d2\x9a\xbe\x12\xdf\x17\xaeN\x1e'
11E8E149-EE88-6432-9ABE-12DF17AE4E1E,2020-ncaa-d3-conf-NESCAC,ncaa,2,1,4,1,5,2,2,5,1,2,6,1,3,4,4,7,7,7,2,7,10,6,6,1,2,1,9,6,10,6,2,5,3,4,2,2,2,2,1,1,3,3,8,7,,,5,6,,,3,6,10,7,2,1,3,1,3,4,6,7,7,10,5,10,5,6,6,1,1,3,8,,5,,,2,7,6,6,4,5,4,5,5,5,6,6,4,5,6,5,3,6,6,5,4,5,8,6,5,3,3,3,2,4,2,3,2,5,6,2,3,2,5,4,,,7,7,,,3,6,2,3,2,3,3,3,4,4,5,4,3,3,3,3,2,3,2,2,2,9,2,5,,9,,,b'\x11\xe8\xe1I\xee\x88d2\x9a\xbe\x12\xdf\x17\xaeN\x1e'
11E8E149-EE88-6432-9ABE-12DF17AE4E1E,2020-ncaa-d3-natl,ncaa,2,2,7,3,17,16,9,35,12,12,48,12,79,102,87,213,167,266,25,273,396,49,81,14,15,8,333,229,399,72,51,48,23,46,17,9,87,82,21,4,118,144,122,169,,,298,243,,,9,87,392,227,51,22,160,28,158,147,213,286,376,382,218,350,141,172,164,18,12,217,181,,123,,,11,133,178,308,82,231,354,76,121,148,102,115,132,109,284,108,65,264,318,67,56,60,102,145,167,105,23,116,51,94,17,33,11,115,133,28,71,34,285,171,,,161,282,,,9,358,5,39,7,17,39,57,87,151,35,45,46,36,33,28,28,30,15,14,10,236,22,191,,354,,,b'\x11\xe8\xe1I\xee\x88d2\x9a\xbe\x12\xdf\x17\xaeN\x1e'
11E8E149-EE88-6432-9ABE-12DF17AE4E1E,2022-ncaa-d3-conf-NESCAC,ncaa,4,3,4,3,6,4,4,5,3,6,6,4,2,3,2,3,4,4,5,4,4,5,5,2,2,2,2,2,5,3,1,5,3,4,2,3,2,8,7,2,8,8,8,9,,,5,2,,,2,6,10,6,4,5,7,7,7,2,3,4,5,4,6,5,2,3,2,2,6,10,9,,2,,,2,7,7,6,4,8,8,6,4,5,3,4,6,7,5,6,3,6,5,4,4,5,2,4,6,5,3,6,1,6,2,5,2,8,11,6,6,6,2,3,,,4,5,,,2,6,1,5,2,3,3,3,7,6,4,3,5,5,4,2,1,4,2,2,4,11,7,2,,5,,,b'\x11\xe8\xe1I\xee\x88d2\x9a\xbe\x12\xdf\x17\xaeN\x1e'
11E8E149-EE88-6432-9ABE-12DF17AE4E1E,2022-ncaa-d3-natl,ncaa,39,39,61,40,90,70,75,83,81,113,134,123,58,92,25,151,135,174,102,181,243,91,142,70,73,44,141,107,298,50,22,101,33,72,26,77,148,80,33,28,314,349,293,334,,,168,162,,,74,205,382,290,83,88,148,154,219,71,139,198,256,256,171,309,68,191,107,90,26,381,339,,66,,,77,248,290,272,236,294,302,213,219,198,256,165,134,117,291,112,70,247,193,222,210,262,131,200,95,73,33,160,22,119,26,76,13,277,308,157,19,5,130,86,,,118,160,,,74,242,19,211,59,116,165,116,190,175,140,103,70,50,48,77,28,29,51,29,31,366,5,74,,218,,,b'\x11\xe8\xe1I\xee\x88d2\x9a\xbe\x12\xdf\x17\xaeN\x1e'
11E8E149-EE88-6432-9ABE-12DF17AE4E1E,2023-ncaa-d3-conf-NESCAC,ncaa,1,1,1,1,2,1,2,2,1,2,4,1,1,2,3,2,1,1,4,1,1,2,3,1,1,1,1,3,5,2,1,2,4,2,1,1,2,7,3,2,2,4,10,10,,,10,10,,,1,3,6,4,1,2,3,2,7,1,2,2,2,2,2,4,4,3,3,1,4,4,10,,10,,,1,7,6,9,4,5,6,5,11,11,2,11,9,8,7,8,7,9,9,4,4,4,10,8,8,6,4,7,1,8,1,2,1,2,3,1,5,2,1,1,,,1,2,,,1,9,1,3,1,3,3,5,3,3,8,11,6,6,6,6,6,5,2,1,1,3,3,1,,3,,,b'\x11\xe8\xe1I\xee\x88d2\x9a\xbe\x12\xdf\x17\xaeN\x1e'
11E8E149-EE88-6432-9ABE-12DF17AE4E1E,2023-ncaa-d3-natl,ncaa,17,62,5,49,6,28,42,26,121,68,53,167,54,66,64,188,21,35,29,37,158,24,28,113,90,70,130,158,134,98,240,10,95,19,138,29,105,240,80,59,149,274,269,350,,,419,383,,,105,17,315,224,124,164,225,202,252,115,187,82,170,175,217,319,256,115,193,103,65,301,354,,328,,,122,409,385,414,139,374,403,138,334,360,189,203,395,368,401,370,224,420,410,139,170,215,261,201,312,299,95,409,240,393,138,196,33,124,285,144,98,19,201,97,,,12,52,,,105,414,91,192,120,144,132,147,144,169,172,168,272,206,208,142,102,121,166,130,48,325,14,75,,98,,,b'\x11\xe8\xe1I\xee\x88d2\x9a\xbe\x12\xdf\x17\xaeN\x1e'
11E8E149-EE88-6432-9ABE-12DF17AE4E1E,2024-ncaa-d3-conf-NESCAC,ncaa,8,7,8,8,8,6,7,8,8,8,8,8,3,2,4,2,7,5,10,4,3,7,8,6,8,6,2,2,7,4,4,10,5,9,7,4,1,4,6,4,5,4,11,11,,,10,11,,,8,8,4,1,3,5,1,8,7,1,2,6,4,3,1,2,3,10,8,2,7,3,11,,11,,,8,8,6,3,10,7,4,11,7,2,8,4,10,10,7,10,11,5,3,10,10,10,8,5,9,2,5,7,4,4,7,7,9,7,6,6,2,2,2,3,,,6,4,,,8,4,5,9,8,10,8,3,9,5,7,4,11,11,11,6,9,5,10,8,8,3,5,2,,2,,,b'\x11\xe8\xe1I\xee\x88d2\x9a\xbe\x12\xdf\x17\xaeN\x1e'
11E8E149-EE88-6432-9ABE-12DF17AE4E1E,2024-ncaa-d3-natl,ncaa,227,206,296,233,298,204,199,253,141,211,256,134,165,187,127,164,251,274,147,263,223,264,313,125,136,119,187,166,272,231,188,305,66,281,149,130,49,63,115,64,311,266,319,302,,,365,424,,,199,323,301,20,142,141,162,166,208,140,158,207,241,230,167,245,199,255,225,70,104,294,313,,409,,,201,179,136,52,336,193,97,327,91,68,265,123,367,314,404,322,374,72,66,315,363,360,244,91,391,31,66,117,188,61,149,83,63,321,264,199,16,23,120,154,,,272,195,,,199,95,121,319,200,264,202,78,242,149,132,86,398,368,372,128,98,45,194,108,127,292,23,147,,234,,,b'\x11\xe8\xe1I\xee\x88d2\x9a\xbe\x12\xdf\x17\xaeN\x1e'
11E8E149-EE88-6432-9ABE-12DF17AE4E1E,2025-ncaa-d3-conf-NESCAC,genius_ncaa,7,4,8,7,8,8,8,9,7,8,9,7,4,5,5,3,10,9,3,9,7,9,9,7,7,7,4,3,8,7,6,10,6,10,8,9,9,3,5,6,4,2,11,11,,,7,11,,8,7,9,10,3,8,6,4,8,7,2,3,6,9,9,5,6,5,11,10,8,5,3,11,,10,,8,7,3,2,2,9,1,1,9,6,5,9,9,8,6,11,6,10,2,4,9,11,5,10,8,9,3,6,3,6,4,8,8,10,5,1,4,1,1,3,3,,,9,6,,2,7,3,7,5,6,4,4,2,4,1,7,6,10,9,9,2,3,3,7,5,7,1,1,3,,7,,2,b'\x11\xe8\xe1I\xee\x88d2\x9a\xbe\x12\xdf\x17\xaeN\x1e'
11E8E149-EE88-6432-9ABE-12DF17AE4E1E,2025-ncaa-d3-natl,genius_ncaa,141,155,116,156,124,206,206,182,257,231,197,279,163,178,146,185,218,285,33,278,302,195,224,240,224,196,157,154,222,130,128,353,260,275,237,280,347,116,135,223,118,88,334,317,,,365,405,,309,201,275,371,61,249,248,214,268,222,182,196,244,329,330,248,316,145,411,343,316,101,125,351,,366,,305,201,164,119,62,296,151,96,292,113,82,246,153,339,295,345,289,355,74,135,286,329,236,247,125,363,138,260,198,128,160,237,133,171,108,68,100,35,43,291,282,,,181,145,,155,201,154,177,222,198,129,96,22,125,54,102,58,326,292,283,30,66,109,143,129,114,120,35,284,,218,,178,b'\x11\xe8\xe1I\xee\x88d2\x9a\xbe\x12\xdf\x17\xaeN\x1e'
11E8E149-EE88-6432-9ABE-12DF17AE4E1E,2026-ncaa-d3-natl,genius_ncaa,54,132,42,116,54,55,64,134,58,130,164,138,18,113,9,143,115,178,39,183,232,139,161,33,27,27,75,56,266,291,334,191,194,228,277,92,272,178,113,98,124,178,230,277,,,348,329,,197,168,133,385,74,139,151,331,237,321,57,206,214,291,300,344,400,380,368,391,202,56,229,299,,250,,133,175,330,320,256,354,309,287,275,328,203,400,122,307,301,249,305,252,265,277,360,362,338,246,260,210,208,194,252,334,247,277,276,130,135,187,218,195,156,368,356,,,198,262,,201,168,288,56,307,166,230,217,68,196,131,257,69,218,187,191,74,59,99,91,79,172,265,94,328,,355,,259,b'\x11\xe8\xe1I\xee\x88d2\x9a\xbe\x12\xdf\x17\xaeN\x1e'
11E8E149-EE8C-DF44-9ABE-12DF17AE4E1E,2018-ncaa-d3-conf-CCC,ncaa,1,1,1,1,2,1,2,1,6,2,1,3,2,1,9,2,1,1,6,1,1,1,1,6,6,3,4,6,1,1,2,2,1,2,3,4,8,2,1,2,2,2,5,4,,,7,4,,,1,1,3,7,1,2,1,3,3,2,1,1,1,1,1,1,1,6,2,4,2,2,6,,2,,,1,4,5,4,4,4,3,5,8,9,4,8,5,5,7,5,6,4,9,5,4,3,8,7,6,2,1,9,2,8,3,6,6,2,2,2,2,1,5,4,,,1,1,,,1,10,2,3,1,3,3,2,3,2,6,5,1,2,2,2,2,1,8,5,6,2,2,5,,1,,,b'\x11\xe8\xe1I\xee\x8c\xdfD\x9a\xbe\x12\xdf\x17\xaeN\x1e'
11E8E149-EE8C-DF44-9ABE-12DF17AE4E1E,2018-ncaa-d3-natl,ncaa,31,49,17,47,41,58,105,18,338,139,82,285,69,17,354,89,20,13,232,12,33,13,22,323,300,213,98,156,64,12,53,67,77,17,85,137,267,147,16,118,70,95,145,160,,,378,287,,,76,42,215,421,145,222,60,254,220,139,44,42,35,33,46,93,26,240,58,242,48,118,207,,224,,,85,271,250,338,137,199,245,163,336,380,145,360,260,244,327,248,234,333,376,149,156,81,322,330,232,145,77,422,53,381,85,349,365,45,64,118,90,17,338,229,,,3,23,,,76,400,144,67,85,80,82,75,68,56,227,268,127,103,105,57,117,59,293,175,202,91,35,240,,9,,,b'\x11\xe8\xe1I\xee\x8c\xdfD\x9a\xbe\x12\xdf\x17\xaeN\x1e'
11E8E149-EE8C-DF44-9ABE-12DF17AE4E1E,2019-ncaa-d3-conf-CCC,ncaa,3,2,2,3,2,1,2,1,2,4,5,4,1,1,1,1,2,1,5,1,1,1,2,2,2,1,1,1,4,2,3,3,4,3,5,1,4,1,1,1,2,2,2,2,,,6,6,,,1,2,1,5,1,2,1,7,7,1,1,2,1,1,1,1,3,7,5,1,1,2,3,,5,,,1,5,5,5,4,1,5,4,6,5,6,8,7,5,8,5,6,4,8,4,4,3,9,6,7,3,4,5,3,5,5,5,6,2,2,1,1,1,8,7,,,1,1,,,1,9,1,3,1,4,2,3,2,2,6,5,6,5,5,2,5,3,5,3,5,2,1,6,,1,,,b'\x11\xe8\xe1I\xee\x8c\xdfD\x9a\xbe\x12\xdf\x17\xaeN\x1e'
11E8E149-EE8C-DF44-9ABE-12DF17AE4E1E,2019-ncaa-d3-natl,ncaa,155,185,67,173,82,117,185,132,268,270,237,306,45,55,83,91,44,29,286,30,15,92,106,205,198,156,24,59,86,110,142,240,256,186,207,196,264,193,110,191,108,129,98,88,,,364,336,,,149,125,265,100,159,258,215,356,335,55,83,64,37,39,146,199,156,357,279,263,121,144,109,,313,,,148,265,173,195,169,136,166,139,332,277,343,281,379,362,384,356,379,228,317,216,276,178,395,316,378,246,256,257,142,255,207,288,358,73,72,122,61,32,414,403,,,13,11,,,149,321,148,167,156,162,112,68,83,78,272,205,345,300,298,92,174,175,153,151,223,91,38,391,,12,,,b'\x11\xe8\xe1I\xee\x8c\xdfD\x9a\xbe\x12\xdf\x17\xaeN\x1e'
11E8E149-EE8C-DF44-9ABE-12DF17AE4E1E,2020-ncaa-d3-conf-CCC,ncaa,2,3,1,3,2,2,3,2,5,5,3,5,1,1,2,3,1,1,2,1,3,2,2,5,4,4,3,3,2,2,4,2,4,2,5,4,9,5,2,4,2,2,3,3,,,7,3,,,4,2,6,4,5,5,3,5,5,1,3,1,2,2,3,7,3,4,5,5,3,3,3,,4,,,4,4,3,8,3,5,8,3,3,2,3,3,4,4,7,4,2,7,8,3,3,3,2,2,6,4,4,5,4,5,5,3,2,2,2,2,3,3,9,7,,,1,1,,,4,8,5,4,4,3,3,3,4,3,2,2,3,2,2,3,2,3,4,4,2,4,3,9,,1,,,b'\x11\xe8\xe1I\xee\x8c\xdfD\x9a\xbe\x12\xdf\x17\xaeN\x1e'
11E8E149-EE8C-DF44-9ABE-12DF17AE4E1E,2020-ncaa-d3-natl,ncaa,61,85,26,82,53,149,182,103,277,244,198,292,79,63,168,112,99,118,155,112,116,105,95,241,233,214,67,99,142,107,177,103,172,104,176,173,180,242,165,205,136,178,192,221,,,261,193,,,149,84,305,303,247,301,254,346,344,123,119,162,200,195,249,292,189,250,230,240,136,206,233,,143,,,156,207,240,326,126,278,332,152,168,240,74,189,206,205,216,211,151,308,343,113,110,101,134,158,206,248,172,327,177,310,176,217,196,122,155,146,208,148,387,370,,,52,81,,,149,351,219,106,154,78,115,132,143,166,91,133,124,110,116,112,112,151,169,155,139,196,132,337,,126,,,b'\x11\xe8\xe1I\xee\x8c\xdfD\x9a\xbe\x12\xdf\x17\xaeN\x1e'
11E8E149-EE8C-DF44-9ABE-12DF17AE4E1E,2021-ncaa-d3-natl,ncaa,148,28,232,66,234,228,239,249,28,247,252,108,199,243,1,134,206,218,45,216,4,247,240,10,5,61,9,44,23,252,150,228,62,238,27,220,17,66,276,184,230,117,234,218,,,43,75,,,89,238,127,110,89,175,279,240,273,33,190,15,31,27,269,200,261,23,135,63,268,119,202,,79,,,61,42,45,51,48,50,49,142,20,50,2,94,47,44,254,44,44,49,48,21,21,42,6,6,146,44,62,35,150,39,27,45,73,242,215,141,67,265,64,263,,,224,15,,,89,48,91,44,64,52,105,207,205,227,5,100,99,59,61,171,134,120,6,14,72,213,252,211,,27,,,b'\x11\xe8\xe1I\xee\x8c\xdfD\x9a\xbe\x12\xdf\x17\xaeN\x1e'
11E8E149-EE8C-DF44-9ABE-12DF17AE4E1E,2022-ncaa-d3-conf-CCC,ncaa,2,2,3,2,3,2,3,4,3,5,4,4,2,3,1,4,6,6,2,6,7,4,4,1,1,2,5,4,8,4,3,5,5,4,3,2,2,4,4,2,4,3,4,4,,,7,7,,,2,6,8,1,2,3,4,5,5,3,3,6,8,8,4,7,4,6,4,2,4,4,4,,7,,,2,2,2,1,3,1,1,3,6,7,3,10,7,7,6,7,10,1,3,3,2,2,10,10,9,3,5,2,3,3,3,2,3,3,2,1,2,5,3,4,,,4,5,,,2,5,2,2,2,2,2,2,2,1,6,6,6,6,6,2,3,4,3,3,2,4,4,2,,4,,,b'\x11\xe8\xe1I\xee\x8c\xdfD\x9a\xbe\x12\xdf\x17\xaeN\x1e'
11E8E149-EE8C-DF44-9ABE-12DF17AE4E1E,2022-ncaa-d3-natl,ncaa,76,156,13,122,15,49,45,25,138,53,56,125,72,64,157,144,135,136,194,136,288,30,30,136,157,147,219,163,332,59,158,28,174,28,132,28,76,311,137,84,100,192,95,120,,,396,258,,,63,27,236,104,127,112,114,135,194,109,124,263,285,288,132,172,164,88,110,62,151,188,160,,260,,,80,296,249,387,34,180,310,57,350,413,65,358,331,363,92,368,316,398,404,45,45,61,358,333,297,370,174,372,158,382,132,210,144,52,151,75,276,144,342,242,,,48,218,,,63,398,138,68,88,77,67,163,47,81,218,327,201,247,253,167,203,239,160,187,71,163,154,255,,196,,,b'\x11\xe8\xe1I\xee\x8c\xdfD\x9a\xbe\x12\xdf\x17\xaeN\x1e'
11E8E149-EE8C-DF44-9ABE-12DF17AE4E1E,2023-ncaa-d3-conf-CCC,ncaa,2,2,3,2,3,3,4,3,4,5,7,4,3,3,8,4,1,1,2,1,2,3,3,4,4,2,3,4,1,5,5,7,6,7,6,3,3,4,2,3,3,3,5,6,,,8,7,,,3,3,6,1,3,5,2,6,8,3,3,1,1,1,2,3,5,7,7,3,3,3,5,,7,,,3,7,7,6,6,7,8,6,4,3,7,3,7,7,4,7,6,7,8,6,7,4,3,4,6,6,6,8,5,8,6,5,3,3,4,2,5,4,10,9,,,1,1,,,3,8,3,4,3,5,6,4,6,8,3,2,7,7,7,4,7,4,7,5,5,3,4,9,,1,,,b'\x11\xe8\xe1I\xee\x8c\xdfD\x9a\xbe\x12\xdf\x17\xaeN\x1e'
11E8E149-EE8C-DF44-9ABE-12DF17AE4E1E,2023-ncaa-d3-natl,ncaa,90,113,63,109,63,85,103,75,187,91,109,116,180,99,349,207,29,32,97,33,74,62,50,210,171,166,233,305,68,119,184,163,204,145,220,73,89,298,166,143,77,113,109,145,,,375,308,,,137,43,135,11,108,140,111,111,158,229,144,33,46,49,77,96,161,293,223,84,218,103,126,,344,,,142,323,286,295,216,335,375,166,134,115,239,63,376,361,342,357,250,329,373,176,226,137,168,76,346,251,204,322,184,308,220,284,223,46,67,99,265,170,394,343,,,13,15,,,137,384,178,128,154,208,194,167,246,271,85,57,344,314,306,196,277,175,221,195,214,61,212,381,,7,,,b'\x11\xe8\xe1I\xee\x8c\xdfD\x9a\xbe\x12\xdf\x17\xaeN\x1e'
11E8E149-EE8C-DF44-9ABE-12DF17AE4E1E,2024-ncaa-d3-conf-CCC,ncaa,1,2,1,2,2,3,3,2,5,3,1,5,4,5,3,7,1,2,2,2,6,2,2,5,4,4,6,6,4,1,1,3,4,1,1,1,2,5,2,2,2,4,3,4,,,7,7,,,2,4,8,4,4,4,3,3,3,5,5,1,3,3,2,5,1,5,1,3,2,4,4,,7,,,2,6,4,7,3,4,5,4,8,10,4,10,7,7,3,7,7,7,7,3,4,3,9,10,7,6,4,5,1,5,1,4,3,3,5,4,4,3,7,3,,,1,3,,,2,7,1,3,2,3,3,3,2,3,7,9,7,7,7,4,3,4,2,2,3,5,3,4,,3,,,b'\x11\xe8\xe1I\xee\x8c\xdfD\x9a\xbe\x12\xdf\x17\xaeN\x1e'
11E8E149-EE8C-DF44-9ABE-12DF17AE4E1E,2024-ncaa-d3-natl,ncaa,56,66,38,64,51,53,57,44,134,50,27,193,168,225,79,344,45,44,151,42,237,40,43,156,149,129,289,302,166,12,4,38,176,13,22,10,1,270,130,40,133,212,89,110,,,310,199,,,96,72,212,244,77,88,85,74,51,223,301,80,96,91,70,90,16,78,18,13,183,206,118,,195,,,102,313,273,370,93,234,294,112,347,387,145,315,318,318,233,310,256,375,361,107,113,131,316,299,274,339,176,180,4,259,22,227,173,99,200,145,240,118,361,191,,,24,99,,,96,360,74,137,97,153,134,218,113,154,252,308,239,231,226,207,222,237,48,103,146,200,144,295,,55,,,b'\x11\xe8\xe1I\xee\x8c\xdfD\x9a\xbe\x12\xdf\x17\xaeN\x1e'
11E8E149-EE8C-DF44-9ABE-12DF17AE4E1E,2025-ncaa-d3-conf-CNE,genius_ncaa,4,4,1,4,1,4,5,4,5,4,2,8,4,8,2,9,1,1,4,1,4,3,2,5,5,4,6,8,2,4,4,6,7,5,6,3,6,3,3,4,2,3,6,7,,,8,8,,8,4,2,7,1,5,5,5,5,3,6,8,1,1,1,3,4,4,7,6,3,3,2,7,,7,,8,4,4,4,7,3,5,5,5,3,7,1,7,7,8,2,8,8,7,9,3,3,1,8,4,8,9,7,8,4,8,6,4,7,2,3,4,2,2,6,4,,,1,1,,1,4,9,4,4,4,4,3,5,5,3,3,6,5,6,6,4,5,7,8,7,4,2,2,4,,1,,1,b'\x11\xe8\xe1I\xee\x8c\xdfD\x9a\xbe\x12\xdf\x17\xaeN\x1e'
11E8E149-EE8C-DF44-9ABE-12DF17AE4E1E,2025-ncaa-d3-natl,genius_ncaa,141,184,55,175,62,139,184,107,280,169,61,355,224,284,76,356,27,16,224,14,75,72,94,290,267,210,147,280,20,70,144,188,290,124,254,132,97,144,77,128,130,171,202,214,,,401,384,,328,147,112,248,68,181,251,156,226,82,256,342,26,19,18,103,169,91,295,187,168,89,176,236,,377,,317,149,219,162,220,126,181,195,179,155,262,65,211,366,359,255,360,356,263,325,120,152,104,271,141,368,313,290,361,144,357,254,264,319,69,75,124,68,32,240,125,,,3,2,,21,147,312,180,122,146,120,86,98,111,102,108,181,327,314,322,127,207,252,280,280,201,84,40,193,,2,,20,b'\x11\xe8\xe1I\xee\x8c\xdfD\x9a\xbe\x12\xdf\x17\xaeN\x1e'
11E8E149-EE8C-DF44-9ABE-12DF17AE4E1E,2026-ncaa-d3-conf-CNE,genius_ncaa,5,4,7,5,7,7,4,7,6,4,5,5,9,9,8,7,11,10,9,11,11,7,7,6,6,5,10,8,11,6,4,10,9,8,7,2,1,1,1,1,7,4,4,3,,,6,11,,9,4,8,5,1,4,1,1,2,1,7,6,10,8,9,1,2,2,6,4,1,1,4,4,,11,,11,4,3,2,3,2,2,4,3,1,4,1,5,7,7,10,7,10,5,5,2,3,2,7,2,11,5,9,5,4,5,7,1,3,9,4,2,1,1,7,6,,,7,8,,7,4,2,5,3,4,4,2,4,2,6,2,6,11,11,11,7,11,10,10,11,1,4,1,8,,3,,5,b'\x11\xe8\xe1I\xee\x8c\xdfD\x9a\xbe\x12\xdf\x17\xaeN\x1e'
11E8E149-EE8C-DF44-9ABE-12DF17AE4E1E,2026-ncaa-d3-natl,genius_ncaa,225,329,42,282,114,118,121,70,282,130,83,286,110,78,233,166,135,210,24,210,342,81,119,274,264,198,166,158,229,66,175,250,340,158,321,134,251,133,34,103,213,277,304,322,,,330,295,,156,236,132,365,405,247,245,141,237,190,183,155,234,328,332,187,329,144,403,343,254,27,314,353,,212,,123,233,327,297,256,298,294,210,356,292,330,144,328,380,319,413,311,324,268,289,305,354,315,291,191,343,316,340,341,175,336,321,213,68,88,136,117,151,74,394,345,,,97,162,,24,236,281,171,319,238,221,169,68,157,53,207,251,339,211,201,80,81,216,260,240,89,190,61,358,,229,,43,b'\x11\xe8\xe1I\xee\x8c\xdfD\x9a\xbe\x12\xdf\x17\xaeN\x1e'
11E8E149-EE91-4BF6-9ABE-12DF17AE4E1E,2018-ncaa-d3-natl,ncaa,400,172,437,375,437,435,437,438,369,440,439,414,349,406,34,75,436,439,244,438,319,438,438,315,323,296,14,11,345,441,422,438,361,438,411,430,111,4,176,212,439,295,397,314,,,11,246,,,285,438,409,3,367,379,308,426,374,53,106,386,399,403,358,399,403,363,413,294,104,312,267,,202,,,315,8,8,8,291,9,8,227,2,2,185,3,11,10,340,10,83,8,7,213,227,268,16,8,230,8,361,8,422,8,411,7,221,440,305,326,4,227,12,307,,,439,382,,,285,7,321,303,328,208,266,222,370,393,10,3,212,175,166,207,144,334,375,364,264,339,144,218,,425,,,b'\x11\xe8\xe1I\xee\x91K\xf6\x9a\xbe\x12\xdf\x17\xaeN\x1e'
11E8E149-EE91-4BF6-9ABE-12DF17AE4E1E,2019-ncaa-d3-natl,ncaa,375,104,439,305,439,432,436,439,383,436,440,374,391,400,297,80,416,415,346,416,36,438,440,354,344,308,38,90,68,431,325,439,159,437,299,429,172,2,137,234,421,171,202,37,,,10,287,,,215,440,65,113,217,305,77,362,272,108,47,89,36,34,61,72,146,85,84,236,206,134,16,,360,,,224,3,3,3,209,5,5,231,1,1,3,13,18,20,97,18,248,3,4,118,128,131,22,2,353,3,159,6,325,4,299,4,199,431,173,164,3,231,93,431,,,434,161,,,215,4,308,124,214,234,266,298,369,404,5,31,360,387,388,344,365,238,428,394,248,120,278,429,,82,,,b'\x11\xe8\xe1I\xee\x91K\xf6\x9a\xbe\x12\xdf\x17\xaeN\x1e'
11E8E149-EE91-4BF6-9ABE-12DF17AE4E1E,2020-ncaa-d3-natl,ncaa,344,163,431,309,431,409,410,430,252,412,432,173,315,308,285,55,397,411,178,412,87,430,430,221,210,197,92,102,189,371,122,429,218,423,190,369,86,10,150,143,411,266,60,8,,,39,411,,,239,432,201,114,159,200,114,271,331,91,43,135,146,146,112,126,87,243,141,130,186,257,2,,406,,,243,8,7,6,262,10,15,129,4,3,424,5,198,135,400,137,390,7,6,220,317,335,257,21,434,8,218,6,122,6,190,13,229,427,291,274,15,173,100,372,,,425,150,,,239,7,180,312,245,302,217,162,276,366,64,8,434,430,431,255,225,218,261,252,223,273,190,344,,113,,,b'\x11\xe8\xe1I\xee\x91K\xf6\x9a\xbe\x12\xdf\x17\xaeN\x1e'
11E8E149-EE91-4BF6-9ABE-12DF17AE4E1E,2022-ncaa-d3-conf-C2C,ncaa,3,3,4,2,4,4,4,4,4,5,4,4,4,4,5,3,4,4,4,4,3,4,4,5,4,3,3,3,4,4,3,4,1,4,2,5,5,3,3,5,5,5,4,3,,,4,7,,,4,4,3,2,3,3,2,3,3,3,3,3,3,4,2,2,1,1,1,3,3,6,3,,7,,,3,4,3,4,2,3,4,2,3,3,3,5,4,4,4,4,7,4,4,2,2,4,6,5,6,3,1,4,3,4,2,3,2,4,5,3,3,4,2,2,,,4,6,,,4,4,3,4,3,5,3,5,3,3,4,5,7,7,7,5,5,3,6,4,3,5,4,2,,5,,,b'\x11\xe8\xe1I\xee\x91K\xf6\x9a\xbe\x12\xdf\x17\xaeN\x1e'
11E8E149-EE91-4BF6-9ABE-12DF17AE4E1E,2022-ncaa-d3-natl,ncaa,275,15,424,81,424,413,413,423,72,416,423,108,391,414,48,243,401,409,83,409,61,424,424,77,54,35,146,203,74,416,69,424,221,423,136,405,132,5,30,31,421,220,324,76,,,9,339,,,168,424,205,290,30,58,117,89,137,98,182,11,21,21,67,146,91,218,142,64,52,220,59,,332,,,101,6,5,6,304,6,6,330,5,5,63,86,15,11,279,12,319,6,6,262,290,290,102,28,355,5,221,6,69,6,136,5,273,425,257,299,5,27,7,80,,,423,133,,,168,6,23,293,103,275,264,182,326,271,54,94,365,361,355,228,205,220,135,170,291,247,37,97,,107,,,b'\x11\xe8\xe1I\xee\x91K\xf6\x9a\xbe\x12\xdf\x17\xaeN\x1e'
11E8E149-EE91-4BF6-9ABE-12DF17AE4E1E,2023-ncaa-d3-conf-C2C,ncaa,4,4,5,4,5,5,5,5,4,5,5,5,3,4,1,2,5,5,5,5,2,5,5,3,3,3,1,1,4,5,5,6,4,5,4,5,2,2,4,3,4,2,4,3,,,3,7,,,4,6,5,1,3,4,4,4,6,1,3,4,4,4,4,5,5,6,4,3,3,2,2,,7,,,4,2,2,2,5,2,2,5,1,2,1,3,4,4,4,4,6,2,2,4,5,4,3,1,6,2,4,2,5,2,4,2,2,5,2,3,1,1,5,6,,,4,2,,,4,2,4,4,4,3,3,3,4,4,2,2,7,7,7,3,4,4,4,4,3,2,1,6,,3,,,b'\x11\xe8\xe1I\xee\x91K\xf6\x9a\xbe\x12\xdf\x17\xaeN\x1e'
11E8E149-EE91-4BF6-9ABE-12DF17AE4E1E,2023-ncaa-d3-natl,ncaa,248,30,420,109,420,408,405,419,97,409,420,114,321,385,41,111,416,423,58,423,359,420,420,71,83,111,151,87,383,409,171,420,147,420,167,371,80,8,230,116,354,45,341,130,,,12,265,,,174,421,274,234,135,125,196,195,280,71,122,322,384,388,260,273,207,352,308,74,203,63,167,,221,,,141,7,7,7,281,7,7,298,8,9,181,235,18,12,423,12,262,7,7,279,312,214,228,175,304,6,147,7,171,7,167,9,287,409,69,149,7,227,11,155,,,420,312,,,174,8,112,175,134,154,150,63,171,83,149,143,276,181,189,69,123,96,96,83,220,105,210,112,,343,,,b'\x11\xe8\xe1I\xee\x91K\xf6\x9a\xbe\x12\xdf\x17\xaeN\x1e'
11E8E149-EE91-4BF6-9ABE-12DF17AE4E1E,2024-ncaa-d3-conf-C2C,ncaa,3,2,5,2,5,5,4,5,4,4,5,3,3,5,3,1,5,5,2,5,1,5,5,3,3,2,2,1,5,5,3,5,1,5,1,4,2,2,2,2,4,2,4,2,,,2,4,,,2,5,5,3,2,3,2,3,5,1,1,2,3,3,2,4,2,1,1,2,2,2,2,,4,,,2,2,2,2,1,1,2,1,2,2,1,5,2,2,2,2,3,2,2,1,1,1,5,4,3,2,1,2,3,2,1,1,4,5,3,3,1,2,2,2,,,5,4,,,2,2,2,1,2,1,1,3,1,2,4,4,2,2,2,2,1,1,4,4,2,3,2,1,,4,,,b'\x11\xe8\xe1I\xee\x91K\xf6\x9a\xbe\x12\xdf\x17\xaeN\x1e'
11E8E149-EE91-4BF6-9ABE-12DF17AE4E1E,2024-ncaa-d3-natl,ncaa,299,162,413,253,413,389,385,410,162,377,409,197,306,368,73,204,374,398,78,402,250,411,414,142,135,167,164,161,210,382,185,407,146,408,151,330,81,22,273,181,366,197,218,43,,,55,382,,,215,415,347,244,251,248,340,267,301,188,250,229,301,313,350,358,265,277,279,172,213,247,100,,329,,,215,12,8,9,165,8,7,199,110,77,290,400,79,61,334,55,388,12,12,240,282,274,411,387,338,8,146,8,185,8,151,30,318,394,204,242,22,228,7,47,,,395,81,,,215,12,169,253,205,164,108,70,57,28,347,338,316,280,274,90,75,103,81,72,205,263,177,19,,181,,,b'\x11\xe8\xe1I\xee\x91K\xf6\x9a\xbe\x12\xdf\x17\xaeN\x1e'
11E8E149-EE91-4BF6-9ABE-12DF17AE4E1E,2025-ncaa-d3-conf-C2C,genius_ncaa,3,2,4,2,4,4,4,4,1,4,4,1,4,4,4,3,4,4,3,4,4,4,4,1,2,1,5,5,5,4,2,4,1,4,1,4,2,2,2,1,5,5,4,4,,,3,6,,1,2,4,5,2,2,2,4,1,4,4,4,4,4,4,5,5,3,1,2,2,2,5,4,,4,,1,2,3,3,3,1,3,3,4,2,3,1,6,2,2,2,2,2,3,3,1,1,3,3,4,2,3,1,1,2,3,1,2,3,5,5,5,2,2,2,2,,,4,6,,4,2,3,1,2,2,2,3,4,3,1,4,5,2,2,2,4,2,2,1,1,3,5,2,1,,6,,4,b'\x11\xe8\xe1I\xee\x91K\xf6\x9a\xbe\x12\xdf\x17\xaeN\x1e'
11E8E149-EE91-4BF6-9ABE-12DF17AE4E1E,2025-ncaa-d3-natl,genius_ncaa,343,215,412,330,413,400,398,414,180,390,411,139,376,387,299,203,392,410,88,408,198,415,416,192,183,223,253,266,184,401,170,411,271,412,196,384,250,3,276,248,414,370,288,154,,,19,306,,154,287,417,403,237,320,306,396,269,335,309,289,262,318,313,395,406,301,327,340,302,181,393,141,,221,,310,307,4,13,6,329,20,10,278,43,13,358,223,9,6,315,6,30,4,3,323,297,348,129,288,36,14,271,3,170,3,196,22,166,417,381,373,5,218,10,134,,,413,133,,379,287,4,222,358,301,233,301,235,281,219,280,206,39,29,30,161,65,204,29,69,250,402,145,73,,272,,356,b'\x11\xe8\xe1I\xee\x91K\xf6\x9a\xbe\x12\xdf\x17\xaeN\x1e'
11E8E149-EE91-4BF6-9ABE-12DF17AE4E1E,2026-ncaa-d3-conf-C2C,genius_ncaa,3,3,1,3,1,4,4,4,1,4,4,1,1,3,1,1,4,4,1,4,3,4,3,1,1,2,1,1,4,2,1,3,3,3,2,3,3,4,4,4,4,4,1,2,,,2,2,,4,4,3,3,1,4,4,4,4,4,1,3,4,4,4,4,3,2,3,3,3,4,4,1,,2,,4,4,3,2,2,3,2,2,3,2,3,3,2,3,2,3,2,3,2,1,3,3,4,2,2,4,2,3,1,1,1,2,3,3,4,4,4,3,3,3,4,,,4,4,,2,4,1,2,4,4,3,2,2,2,2,2,3,3,2,2,2,1,2,1,1,3,4,3,3,,4,,2,b'\x11\xe8\xe1I\xee\x91K\xf6\x9a\xbe\x12\xdf\x17\xaeN\x1e'
11E8E149-EE91-4BF6-9ABE-12DF17AE4E1E,2026-ncaa-d3-natl,genius_ncaa,225,200,215,240,249,279,241,350,25,207,326,20,260,317,130,237,338,362,104,353,308,355,332,38,52,135,324,256,343,342,121,282,197,324,75,231,193,207,342,230,384,383,249,229,,,82,154,,156,203,326,397,113,255,194,396,150,334,259,323,348,386,371,402,398,347,247,322,191,257,400,235,,64,,190,203,127,156,156,198,177,153,250,132,185,96,284,66,32,394,28,17,129,79,176,169,291,86,184,62,126,197,32,121,52,75,108,73,391,403,360,127,230,24,28,,,309,218,,397,203,77,169,293,220,141,211,220,233,207,147,249,48,16,12,160,26,162,2,18,126,413,157,13,,324,,405,b'\x11\xe8\xe1I\xee\x91K\xf6\x9a\xbe\x12\xdf\x17\xaeN\x1e'
11E8E149-EE96-0EFC-9ABE-12DF17AE4E1E,2018-ncaa-d3-conf-Little East,ncaa,2,2,1,2,2,2,2,3,4,4,3,4,2,2,2,3,2,3,2,3,2,3,3,3,3,3,3,3,2,3,1,2,4,2,2,2,1,7,5,3,2,2,1,1,,,7,6,,,2,3,4,2,4,4,3,5,7,2,3,2,4,4,3,3,3,4,3,3,4,2,1,,5,,,2,4,5,5,4,5,7,2,3,3,3,2,7,7,3,7,4,7,6,3,3,3,4,3,8,8,4,4,1,5,2,4,3,3,3,2,8,4,2,2,,,3,5,,,2,6,3,3,2,2,2,2,5,6,2,2,5,6,6,3,4,5,2,2,2,3,5,2,,4,,,b'\x11\xe8\xe1I\xee\x96\x0e\xfc\x9a\xbe\x12\xdf\x17\xaeN\x1e'
11E8E149-EE96-0EFC-9ABE-12DF17AE4E1E,2018-ncaa-d3-natl,ncaa,22,19,43,22,58,51,42,39,115,95,107,112,29,33,73,98,193,210,164,199,306,56,44,86,102,122,150,91,384,38,44,36,157,30,55,22,39,384,239,92,49,74,20,38,,,374,248,,,47,50,135,300,83,77,87,142,224,49,73,289,326,315,115,94,64,78,47,24,281,65,31,,276,,,52,223,225,380,52,252,387,54,180,259,76,147,267,322,83,319,188,389,403,43,35,34,176,157,272,347,157,222,44,277,55,185,150,59,98,76,271,138,64,30,,,157,372,,,47,397,106,41,52,88,100,213,134,270,97,145,158,201,204,203,289,233,86,135,103,92,177,29,,319,,,b'\x11\xe8\xe1I\xee\x96\x0e\xfc\x9a\xbe\x12\xdf\x17\xaeN\x1e'
11E8E149-EE96-0EFC-9ABE-12DF17AE4E1E,2019-ncaa-d3-conf-Little East,ncaa,4,4,5,4,6,6,6,6,4,6,5,7,3,8,1,7,3,4,1,4,6,6,6,4,3,4,4,5,2,5,4,6,7,6,6,4,1,6,6,4,6,6,2,2,,,6,7,,,5,6,5,7,5,6,7,6,5,4,8,3,4,4,6,6,4,6,7,4,5,6,2,,6,,,5,3,4,5,5,8,6,4,2,3,3,3,7,6,9,6,3,6,5,4,5,6,2,2,9,9,7,1,4,4,6,6,5,4,7,5,8,7,1,2,,,5,5,,,5,4,5,6,5,5,6,6,7,7,2,3,7,6,6,6,5,8,2,4,6,5,6,1,,6,,,b'\x11\xe8\xe1I\xee\x96\x0e\xfc\x9a\xbe\x12\xdf\x17\xaeN\x1e'
11E8E149-EE96-0EFC-9ABE-12DF17AE4E1E,2019-ncaa-d3-natl,ncaa,118,104,129,120,158,203,249,303,182,243,174,334,193,368,3,372,77,105,87,115,134,270,209,180,134,212,124,215,49,207,132,302,400,282,277,185,125,360,358,289,220,265,59,77,,,289,242,,,200,211,288,162,235,297,381,291,201,230,391,76,113,123,350,276,232,385,348,193,337,247,54,,256,,,200,217,235,263,189,359,348,258,22,104,6,63,319,273,372,265,180,271,303,127,155,147,44,12,311,402,400,88,132,224,277,215,170,120,148,138,348,345,103,88,,,99,70,,,200,253,208,193,195,180,204,223,316,334,15,66,289,244,233,232,264,373,60,180,188,134,325,84,,103,,,b'\x11\xe8\xe1I\xee\x96\x0e\xfc\x9a\xbe\x12\xdf\x17\xaeN\x1e'
11E8E149-EE96-0EFC-9ABE-12DF17AE4E1E,2020-ncaa-d3-conf-Little East,ncaa,3,3,1,3,4,3,3,3,5,4,4,5,2,3,2,4,4,3,4,3,3,3,2,3,3,4,2,2,5,3,2,4,5,2,3,5,7,7,6,5,6,8,3,3,,,9,6,,,4,3,5,4,4,5,5,5,7,2,4,4,4,4,5,4,3,4,2,6,5,7,3,,6,,,4,8,8,7,7,8,9,6,3,4,4,3,8,9,2,9,6,8,8,5,5,6,2,3,6,6,5,3,2,6,3,8,4,6,7,7,7,5,6,5,,,3,4,,,4,8,3,6,4,5,6,5,8,8,2,3,7,7,7,7,5,5,3,4,6,8,5,5,,4,,,b'\x11\xe8\xe1I\xee\x96\x0e\xfc\x9a\xbe\x12\xdf\x17\xaeN\x1e'
11E8E149-EE96-0EFC-9ABE-12DF17AE4E1E,2020-ncaa-d3-natl,ncaa,61,63,65,69,113,124,164,129,229,201,150,262,107,141,103,198,70,79,141,83,118,120,86,197,179,202,104,149,113,41,35,210,316,96,129,212,302,334,262,293,171,219,128,172,,,396,338,,,152,125,235,303,180,235,211,273,238,140,188,92,108,116,180,157,52,317,155,260,274,218,151,,337,,,155,258,243,235,228,334,354,205,56,69,129,29,357,389,66,393,321,296,357,161,170,127,89,28,339,334,316,164,35,255,129,226,201,68,96,112,235,171,259,229,,,43,74,,,152,344,148,150,141,155,163,128,252,271,31,26,293,345,355,177,233,279,79,150,175,103,179,222,,64,,,b'\x11\xe8\xe1I\xee\x96\x0e\xfc\x9a\xbe\x12\xdf\x17\xaeN\x1e'
11E8E149-EE96-0EFC-9ABE-12DF17AE4E1E,2022-ncaa-d3-conf-Little East,ncaa,5,5,4,5,7,5,5,9,4,7,9,3,3,3,5,1,6,8,3,8,4,9,7,3,4,6,2,3,6,5,3,5,8,5,4,4,2,6,7,6,8,8,5,6,,,3,3,,,7,7,6,8,6,6,9,8,9,3,2,6,8,8,9,8,5,6,6,4,7,8,4,,4,,,7,6,7,7,7,7,8,8,3,2,6,3,4,4,3,4,3,5,5,6,6,7,1,2,2,8,8,1,3,3,4,6,3,7,8,7,6,7,3,7,,,8,7,,,7,3,6,7,7,7,7,8,7,8,3,3,4,3,4,7,6,9,1,3,5,8,7,3,,8,,,b'\x11\xe8\xe1I\xee\x96\x0e\xfc\x9a\xbe\x12\xdf\x17\xaeN\x1e'
11E8E149-EE96-0EFC-9ABE-12DF17AE4E1E,2022-ncaa-d3-natl,ncaa,275,257,300,279,344,338,340,364,253,361,390,186,187,172,243,73,315,347,150,346,143,369,335,219,218,297,90,97,193,305,175,346,326,345,232,275,107,334,388,337,317,300,259,258,,,155,265,,,290,340,284,426,334,340,391,366,402,149,120,287,332,334,397,306,267,336,324,255,373,302,254,,247,,,287,109,132,90,257,171,130,243,101,79,243,127,126,123,238,120,175,84,94,236,238,234,141,154,199,211,326,42,175,75,232,127,149,265,200,198,134,215,70,206,,,297,159,,,290,86,300,256,294,204,224,171,259,252,142,108,205,206,210,166,179,279,56,137,184,214,199,84,,216,,,b'\x11\xe8\xe1I\xee\x96\x0e\xfc\x9a\xbe\x12\xdf\x17\xaeN\x1e'
11E8E149-EE96-0EFC-9ABE-12DF17AE4E1E,2023-ncaa-d3-conf-Little East,ncaa,6,5,7,6,7,6,6,7,5,6,7,4,7,6,8,4,7,6,9,6,2,7,6,5,6,6,6,6,6,6,4,5,6,5,4,6,3,7,6,7,7,6,2,2,,,8,9,,,6,7,3,1,5,5,5,6,6,6,5,7,5,3,4,1,4,5,3,5,8,5,1,,8,,,6,4,3,3,4,6,7,4,1,1,2,1,8,8,5,8,6,3,3,3,4,5,1,1,9,5,6,4,4,4,4,2,1,7,7,3,6,6,3,5,,,8,8,,,6,2,6,5,6,7,5,7,8,9,1,1,8,8,8,8,7,6,4,5,3,5,6,3,,6,,,b'\x11\xe8\xe1I\xee\x96\x0e\xfc\x9a\xbe\x12\xdf\x17\xaeN\x1e'
11E8E149-EE96-0EFC-9ABE-12DF17AE4E1E,2023-ncaa-d3-natl,ncaa,210,247,109,231,115,235,217,186,249,199,223,173,199,131,345,142,272,247,332,235,207,196,142,250,275,303,262,208,298,198,234,131,146,163,189,148,94,358,327,256,149,170,18,16,,,398,406,,,205,128,218,32,289,256,236,236,290,229,149,323,286,273,258,185,218,156,197,166,315,172,12,,394,,,205,141,124,196,86,197,331,55,56,50,148,30,340,333,266,333,263,223,264,56,87,81,169,48,386,194,146,269,234,230,189,62,60,120,131,52,194,160,141,160,,,236,309,,,205,275,305,76,215,100,86,128,155,272,36,29,326,322,323,162,203,158,226,183,50,131,168,113,,299,,,b'\x11\xe8\xe1I\xee\x96\x0e\xfc\x9a\xbe\x12\xdf\x17\xaeN\x1e'
11E8E149-EE96-0EFC-9ABE-12DF17AE4E1E,2024-ncaa-d3-conf-Little East,ncaa,8,8,7,8,8,8,8,6,9,7,6,9,6,6,8,6,8,8,7,8,7,6,6,9,9,9,6,6,5,3,2,8,5,7,4,8,4,6,7,7,5,5,6,5,,,8,9,,,6,8,3,3,7,7,4,6,5,6,6,7,5,6,4,3,2,6,6,7,7,5,6,,8,,,6,2,2,2,6,2,1,5,2,2,4,3,8,9,5,9,9,2,2,5,6,7,8,1,9,3,5,2,2,2,4,3,7,6,5,5,3,4,3,4,,,9,9,,,6,2,9,5,8,5,3,3,6,5,3,2,9,9,9,3,5,3,7,3,5,5,6,5,,8,,,b'\x11\xe8\xe1I\xee\x96\x0e\xfc\x9a\xbe\x12\xdf\x17\xaeN\x1e'
11E8E149-EE96-0EFC-9ABE-12DF17AE4E1E,2024-ncaa-d3-natl,ncaa,353,342,345,354,357,372,352,344,350,301,226,346,388,376,393,359,339,337,290,332,344,350,357,371,373,365,370,366,177,239,172,358,172,332,204,338,249,197,293,317,304,219,207,155,,,321,420,,,299,371,268,244,363,336,249,233,110,382,365,315,298,296,267,241,160,321,248,321,276,246,171,,406,,,311,64,44,34,169,74,59,186,29,37,99,84,326,334,244,322,398,43,43,148,216,216,252,46,410,63,172,87,172,57,204,80,242,303,183,167,125,221,66,67,,,361,321,,,299,54,355,181,309,151,103,62,164,147,51,59,396,393,391,120,122,102,219,162,152,229,214,97,,328,,,b'\x11\xe8\xe1I\xee\x96\x0e\xfc\x9a\xbe\x12\xdf\x17\xaeN\x1e'
11E8E149-EE96-0EFC-9ABE-12DF17AE4E1E,2025-ncaa-d3-conf-Little East,genius_ncaa,6,6,2,6,5,5,3,4,3,1,1,3,9,8,7,9,8,8,7,8,9,4,2,5,6,7,9,9,8,5,5,6,7,4,7,4,7,8,7,6,1,1,3,2,,,9,8,,6,6,2,4,7,6,3,4,1,2,9,9,9,9,9,4,4,7,8,8,5,7,1,3,,9,,6,6,7,5,8,4,3,2,5,9,9,4,9,8,9,4,9,9,8,9,5,6,4,9,8,7,7,7,7,5,6,7,7,8,2,2,4,7,6,6,2,,,8,9,,7,6,8,6,4,6,6,5,6,3,1,8,9,7,9,9,6,7,7,4,7,6,2,6,6,,9,,7,b'\x11\xe8\xe1I\xee\x96\x0e\xfc\x9a\xbe\x12\xdf\x17\xaeN\x1e'
11E8E149-EE96-0EFC-9ABE-12DF17AE4E1E,2025-ncaa-d3-natl,genius_ncaa,250,299,116,275,163,240,179,158,224,72,30,264,401,397,384,413,254,231,277,224,385,166,118,308,314,322,413,411,245,153,159,294,355,242,294,245,337,361,318,328,83,115,141,127,,,374,333,,319,280,99,98,248,290,205,169,51,21,406,410,292,264,260,193,122,178,371,296,283,331,89,164,,372,,321,273,258,194,272,108,106,105,181,370,402,137,392,315,326,166,327,363,300,349,160,161,120,393,369,280,355,355,214,159,297,294,338,387,59,78,172,256,215,378,237,,,244,334,,240,280,325,324,144,266,210,161,232,87,66,339,377,313,313,319,253,322,319,171,253,302,57,241,363,,293,,261,b'\x11\xe8\xe1I\xee\x96\x0e\xfc\x9a\xbe\x12\xdf\x17\xaeN\x1e'
11E8E149-EE96-0EFC-9ABE-12DF17AE4E1E,2026-ncaa-d3-conf-Little East,genius_ncaa,6,7,1,6,2,7,7,7,5,6,4,7,6,7,2,8,7,8,5,8,9,7,6,5,5,7,7,5,8,4,3,6,9,6,5,5,6,8,9,8,3,5,8,8,,,7,7,,8,9,6,8,2,8,7,7,6,4,8,9,8,9,9,9,8,4,8,8,6,8,4,8,,6,,8,8,7,8,8,8,6,4,8,9,9,4,9,5,4,6,4,5,7,5,9,7,7,7,8,2,8,9,3,3,5,5,8,6,3,5,7,6,4,2,2,,,8,9,,6,9,4,8,8,8,6,7,6,4,2,8,8,3,2,2,5,3,6,1,3,7,4,4,2,,9,,7,b'\x11\xe8\xe1I\xee\x96\x0e\xfc\x9a\xbe\x12\xdf\x17\xaeN\x1e'
11E8E149-EE96-0EFC-9ABE-12DF17AE4E1E,2026-ncaa-d3-natl,genius_ncaa,157,68,327,116,337,294,211,350,8,178,309,12,268,345,80,273,402,406,144,406,415,369,353,13,33,119,401,259,415,348,63,388,252,383,117,114,34,189,347,120,158,50,230,57,,,160,359,,324,124,344,123,113,109,24,181,21,118,203,283,409,414,415,308,186,273,400,385,10,336,43,160,,366,,401,106,56,37,42,129,21,18,163,209,180,283,402,174,116,384,113,385,47,68,218,273,103,411,389,367,54,252,17,63,21,117,90,365,141,13,52,90,183,12,7,,,399,413,,363,124,76,137,85,94,136,53,48,20,9,348,353,324,244,236,64,230,111,3,12,212,16,186,7,,416,,348,b'\x11\xe8\xe1I\xee\x96\x0e\xfc\x9a\xbe\x12\xdf\x17\xaeN\x1e'
11E8E149-EE9A-C33E-9ABE-12DF17AE4E1E,2018-ncaa-d3-conf-Little East,ncaa,1,1,1,1,1,1,1,2,2,1,1,2,5,6,1,6,2,2,5,2,5,2,2,1,2,1,6,6,5,2,3,1,1,1,1,1,3,4,1,1,3,3,2,2,,,8,7,,,1,2,2,1,1,1,2,1,1,6,6,2,2,2,2,2,2,1,1,1,2,3,2,,6,,,1,5,4,8,1,4,5,1,7,6,6,5,8,8,2,8,5,8,7,1,1,1,6,6,7,3,1,6,3,6,1,3,2,2,2,1,3,2,1,1,,,1,4,,,1,7,1,1,1,3,1,4,2,5,6,5,7,8,8,5,7,1,6,3,1,2,2,1,,3,,,b'\x11\xe8\xe1I\xee\x9a\xc3>\x9a\xbe\x12\xdf\x17\xaeN\x1e'
11E8E149-EE9A-C33E-9ABE-12DF17AE4E1E,2018-ncaa-d3-natl,ncaa,22,19,43,22,59,12,5,20,10,2,5,18,275,343,99,416,75,35,339,36,323,18,11,28,43,54,432,406,352,57,88,2,63,8,34,7,129,394,181,60,110,211,45,69,,,424,301,,,19,10,17,303,9,4,34,2,8,325,392,132,72,79,31,28,89,5,15,6,301,152,62,,389,,,21,354,313,433,38,241,396,39,363,411,137,294,357,393,61,395,294,439,435,52,52,50,348,325,294,320,63,314,88,326,34,307,224,42,116,93,302,114,47,5,,,22,198,,,19,435,47,43,35,187,157,344,124,279,284,345,270,334,332,356,397,197,172,174,192,60,213,18,,44,,,b'\x11\xe8\xe1I\xee\x9a\xc3>\x9a\xbe\x12\xdf\x17\xaeN\x1e'
11E8E149-EE9A-C33E-9ABE-12DF17AE4E1E,2019-ncaa-d3-conf-Little East,ncaa,1,1,1,1,1,1,1,1,2,3,2,3,2,2,2,5,1,1,7,1,4,1,1,2,2,2,5,4,5,1,2,2,5,1,3,1,6,9,1,3,2,2,1,1,,,9,5,,,1,1,2,3,1,1,2,3,2,2,4,1,1,1,2,2,2,2,1,1,7,2,1,,8,,,1,8,8,8,3,7,7,3,6,8,4,4,9,9,5,9,7,8,9,3,4,1,8,6,8,8,5,7,2,9,3,4,2,2,3,1,5,2,8,6,,,1,4,,,1,9,1,2,1,6,5,7,5,6,6,6,8,8,8,8,8,6,5,7,3,2,4,8,,1,,,b'\x11\xe8\xe1I\xee\x9a\xc3>\x9a\xbe\x12\xdf\x17\xaeN\x1e'
11E8E149-EE9A-C33E-9ABE-12DF17AE4E1E,2019-ncaa-d3-natl,ncaa,38,29,67,35,72,29,27,38,44,18,28,48,167,210,132,344,36,24,238,25,158,33,21,56,62,85,344,344,216,40,54,73,238,40,101,41,213,392,236,151,45,90,14,21,,,397,247,,,48,21,37,38,16,14,37,11,37,218,269,40,28,29,26,21,51,94,40,47,340,54,14,,356,,,51,327,263,382,97,255,357,100,261,324,121,226,377,359,379,363,267,390,419,90,122,75,299,199,345,373,238,266,54,326,101,157,81,32,63,34,294,138,363,219,,,10,84,,,48,421,76,81,63,212,175,297,177,279,203,269,341,296,307,311,401,312,162,229,112,28,230,324,,7,,,b'\x11\xe8\xe1I\xee\x9a\xc3>\x9a\xbe\x12\xdf\x17\xaeN\x1e'
11E8E149-EE9A-C33E-9ABE-12DF17AE4E1E,2020-ncaa-d3-conf-Little East,ncaa,5,3,5,5,5,2,4,4,4,3,6,3,4,4,4,5,1,2,1,2,1,4,3,5,2,2,3,6,2,6,8,3,8,4,7,3,3,4,5,3,3,5,4,4,,,5,3,,,3,1,2,4,1,3,3,3,3,4,3,1,3,1,2,2,6,1,3,3,6,3,4,,7,,,3,6,7,9,3,7,6,3,7,8,2,7,5,5,4,5,4,9,9,3,3,4,7,7,4,8,8,8,8,9,7,3,2,2,5,1,3,3,7,7,,,2,2,,,3,9,4,4,3,6,5,9,6,7,7,8,6,6,6,9,9,8,7,8,3,2,3,7,,1,,,b'\x11\xe8\xe1I\xee\x9a\xc3>\x9a\xbe\x12\xdf\x17\xaeN\x1e'
11E8E149-EE9A-C33E-9ABE-12DF17AE4E1E,2020-ncaa-d3-natl,ncaa,149,163,126,164,136,134,168,165,188,159,186,154,182,168,244,211,45,70,75,64,73,142,116,184,155,168,180,253,63,293,357,122,365,202,347,187,237,281,238,239,146,223,116,158,,,288,150,,,178,70,82,74,132,177,196,175,220,204,182,37,70,62,148,129,329,125,231,197,262,158,115,,278,,,180,279,296,382,105,291,354,128,264,356,79,269,245,225,302,221,138,385,395,98,105,85,206,247,205,414,365,369,357,405,347,234,174,72,141,122,201,165,383,360,,,28,40,,,178,367,217,152,182,244,249,357,253,329,247,327,224,202,197,349,389,392,328,365,214,74,182,375,,21,,,b'\x11\xe8\xe1I\xee\x9a\xc3>\x9a\xbe\x12\xdf\x17\xaeN\x1e'
11E8E149-EE9A-C33E-9ABE-12DF17AE4E1E,2021-ncaa-d3-conf-Little East,ncaa,2,2,3,2,3,2,2,3,2,2,3,2,1,3,2,2,1,1,2,3,1,3,3,2,1,1,2,1,3,3,5,2,3,3,3,2,1,4,1,1,3,2,3,2,,,4,3,,,2,3,1,3,1,2,1,3,5,1,2,1,1,1,1,1,5,1,1,1,4,2,3,,4,,,2,4,4,4,2,4,4,2,4,6,1,6,5,3,6,3,4,4,4,2,2,2,4,3,4,5,3,4,5,4,3,3,4,3,3,2,2,1,6,6,,,3,4,,,2,4,1,2,2,2,2,6,3,3,3,6,4,4,4,6,6,5,4,5,3,1,2,6,,2,,,b'\x11\xe8\xe1I\xee\x9a\xc3>\x9a\xbe\x12\xdf\x17\xaeN\x1e'
11E8E149-EE9A-C33E-9ABE-12DF17AE4E1E,2021-ncaa-d3-natl,ncaa,101,92,176,95,180,155,166,179,117,185,195,177,91,123,29,57,142,141,107,142,55,179,183,83,72,93,18,26,115,178,180,138,99,162,111,142,63,117,176,131,180,198,147,104,,,109,101,,,54,177,64,110,79,120,130,218,218,24,52,74,77,81,109,91,163,13,49,81,190,179,119,,141,,,53,96,94,115,25,87,94,55,127,175,32,273,94,92,130,92,103,112,113,29,24,28,218,245,102,126,99,113,180,113,111,103,173,146,92,70,88,50,229,281,,,154,71,,,54,109,110,31,58,58,62,211,46,68,191,270,65,67,61,178,207,195,172,186,108,80,66,274,,66,,,b'\x11\xe8\xe1I\xee\x9a\xc3>\x9a\xbe\x12\xdf\x17\xaeN\x1e'
11E8E149-EE9A-C33E-9ABE-12DF17AE4E1E,2022-ncaa-d3-conf-Little East,ncaa,3,3,1,3,2,1,1,2,1,2,6,1,1,1,2,2,3,2,4,1,2,2,1,1,1,1,3,1,8,4,6,2,5,2,3,2,5,7,5,3,1,4,1,1,,,8,7,,,2,1,1,9,1,1,3,4,7,1,1,3,4,4,3,2,7,3,3,2,5,1,2,,8,,,3,7,6,9,3,6,7,2,8,9,3,8,8,8,4,8,7,9,9,3,3,3,8,8,6,9,5,8,6,8,3,7,4,1,4,4,7,6,6,5,,,3,6,,,2,9,2,3,3,4,4,6,4,5,5,9,7,7,7,6,8,6,4,5,4,3,6,5,,7,,,b'\x11\xe8\xe1I\xee\x9a\xc3>\x9a\xbe\x12\xdf\x17\xaeN\x1e'
11E8E149-EE9A-C33E-9ABE-12DF17AE4E1E,2022-ncaa-d3-natl,ncaa,49,95,13,89,31,33,44,50,74,61,117,46,63,56,131,118,31,40,139,38,103,42,20,68,68,123,156,161,195,140,249,28,224,46,196,53,159,419,314,220,45,142,61,87,,,422,326,,,71,12,76,396,88,110,209,149,290,93,115,114,131,132,195,126,265,88,170,107,317,111,89,,370,,,91,354,318,410,54,269,363,84,369,415,88,328,353,366,150,366,279,412,419,69,75,57,336,309,281,392,224,366,249,389,196,370,346,23,73,103,282,145,221,163,,,9,122,,,71,418,150,66,93,126,112,243,95,149,240,331,232,248,246,244,333,296,155,212,232,54,170,119,,87,,,b'\x11\xe8\xe1I\xee\x9a\xc3>\x9a\xbe\x12\xdf\x17\xaeN\x1e'
11E8E149-EE9A-C33E-9ABE-12DF17AE4E1E,2023-ncaa-d3-conf-Little East,ncaa,3,3,1,3,2,1,2,2,3,3,6,1,1,1,2,1,1,1,1,2,1,2,1,1,1,1,3,3,5,9,9,3,7,4,7,3,7,5,5,4,1,1,5,5,,,7,4,,,3,1,1,4,1,2,2,3,7,1,1,1,2,4,2,2,9,3,6,3,5,1,5,,6,,,3,8,8,9,5,8,8,5,7,9,6,7,6,7,6,7,4,9,9,5,5,3,7,7,6,8,7,8,9,9,7,9,9,1,1,4,4,3,2,1,,,3,7,,,3,9,3,3,3,8,8,8,5,6,6,8,6,5,6,7,9,7,7,7,8,1,3,2,,5,,,b'\x11\xe8\xe1I\xee\x9a\xc3>\x9a\xbe\x12\xdf\x17\xaeN\x1e'
11E8E149-EE9A-C33E-9ABE-12DF17AE4E1E,2023-ncaa-d3-natl,ncaa,107,131,63,128,93,57,65,98,68,112,236,24,57,39,160,56,93,162,40,168,133,106,95,50,40,62,125,112,254,368,406,98,229,216,340,90,241,281,200,168,53,95,212,260,,,375,269,,,146,39,66,288,70,84,163,151,338,61,53,136,228,239,175,189,408,169,345,122,206,74,246,,344,,,150,371,356,358,245,346,345,256,299,297,220,218,350,339,282,347,267,374,395,244,254,175,223,199,277,318,229,384,406,372,340,396,397,40,73,209,138,94,77,99,,,131,220,,,146,398,130,164,145,273,262,254,273,238,231,223,312,293,296,266,338,245,304,286,355,52,101,44,,218,,,b'\x11\xe8\xe1I\xee\x9a\xc3>\x9a\xbe\x12\xdf\x17\xaeN\x1e'
11E8E149-EE9A-C33E-9ABE-12DF17AE4E1E,2024-ncaa-d3-conf-Little East,ncaa,2,2,1,2,3,2,2,2,2,2,2,2,4,4,2,5,2,1,5,1,4,2,1,2,2,2,5,5,7,2,3,1,2,2,2,2,6,7,3,2,3,4,4,6,,,6,6,,,2,1,1,6,2,2,2,2,4,4,4,3,3,2,2,1,4,1,2,2,6,3,4,,6,,,2,4,3,8,2,5,8,2,3,6,2,4,7,7,9,6,6,8,9,2,2,2,5,3,7,4,2,7,3,6,2,4,4,3,3,2,6,3,8,5,,,1,4,,,2,9,2,2,2,2,2,7,3,6,2,5,7,7,6,7,9,4,5,4,2,3,4,8,,2,,,b'\x11\xe8\xe1I\xee\x9a\xc3>\x9a\xbe\x12\xdf\x17\xaeN\x1e'
11E8E149-EE9A-C33E-9ABE-12DF17AE4E1E,2024-ncaa-d3-natl,ncaa,20,30,17,31,34,25,24,30,76,25,30,83,96,115,86,278,35,40,117,40,212,28,20,77,72,76,273,255,222,143,268,7,68,30,137,65,298,317,142,143,78,173,168,274,,,343,151,,,48,10,70,381,42,44,87,52,84,173,220,89,122,124,77,94,257,25,90,122,189,150,239,,202,,,60,357,327,415,78,352,416,71,156,227,85,68,377,314,418,316,119,416,410,56,77,73,135,71,318,292,68,402,268,388,137,231,110,55,162,95,272,119,408,283,,,38,210,,,48,416,103,66,73,154,152,291,218,347,70,93,275,193,193,274,293,152,272,223,126,127,143,361,,151,,,b'\x11\xe8\xe1I\xee\x9a\xc3>\x9a\xbe\x12\xdf\x17\xaeN\x1e'
11E8E149-EE9A-C33E-9ABE-12DF17AE4E1E,2025-ncaa-d3-conf-Little East,genius_ncaa,1,1,2,1,2,1,1,1,1,2,3,1,1,2,1,3,4,5,4,5,6,1,1,1,1,1,4,2,9,4,4,1,1,2,2,1,2,4,2,1,2,2,2,3,,,7,6,,9,1,1,2,4,1,1,1,2,4,1,2,4,6,6,1,2,4,1,2,1,5,2,2,,6,,9,1,3,2,4,2,4,8,3,2,3,3,2,9,8,6,8,6,4,7,2,2,2,4,1,9,1,1,6,4,4,2,1,2,1,1,1,3,2,5,5,,,5,7,,2,1,9,1,1,1,2,2,3,5,6,2,2,8,8,8,3,6,1,3,2,1,1,2,3,,7,,2,b'\x11\xe8\xe1I\xee\x9a\xc3>\x9a\xbe\x12\xdf\x17\xaeN\x1e'
11E8E149-EE9A-C33E-9ABE-12DF17AE4E1E,2025-ncaa-d3-natl,genius_ncaa,37,25,55,36,73,17,21,39,32,72,145,38,6,29,11,73,85,77,194,81,132,42,52,18,21,21,72,39,323,178,278,25,30,62,102,52,225,221,101,81,106,172,91,111,,,401,348,,408,22,29,50,178,10,16,42,81,203,5,32,113,106,116,43,68,245,22,77,49,172,135,105,,377,,405,20,270,221,330,85,211,349,51,233,214,260,102,364,389,70,389,319,357,372,77,82,76,291,183,344,112,30,356,278,282,102,116,71,60,103,44,91,28,285,232,,,70,204,,56,22,387,35,52,32,166,126,209,130,259,171,133,325,356,357,251,310,78,273,181,77,77,61,243,,107,,65,b'\x11\xe8\xe1I\xee\x9a\xc3>\x9a\xbe\x12\xdf\x17\xaeN\x1e'
11E8E149-EE9A-C33E-9ABE-12DF17AE4E1E,2026-ncaa-d3-conf-Little East,genius_ncaa,4,5,1,5,2,4,3,4,3,4,3,4,3,4,5,6,2,4,1,4,5,4,4,3,3,3,5,4,3,4,7,1,7,2,7,6,8,5,3,5,6,8,8,9,,,4,1,,6,4,4,4,2,4,3,4,4,3,3,4,3,5,5,4,4,4,1,2,8,3,7,8,,2,,5,5,6,7,9,1,9,9,2,2,4,2,1,6,5,4,5,2,9,9,1,1,2,2,2,5,9,7,6,7,9,7,5,2,5,9,6,3,2,3,4,,,2,4,,2,4,7,4,5,5,5,6,9,9,9,2,2,6,4,4,9,9,9,6,9,3,6,2,3,,3,,2,b'\x11\xe8\xe1I\xee\x9a\xc3>\x9a\xbe\x12\xdf\x17\xaeN\x1e'
11E8E149-EE9A-C33E-9ABE-12DF17AE4E1E,2026-ncaa-d3-natl,genius_ncaa,157,200,116,194,139,124,176,193,177,269,262,226,32,72,45,62,52,102,55,105,43,175,175,116,83,105,15,29,103,377,410,152,287,257,382,252,339,236,209,275,271,350,215,296,,,246,149,,271,278,126,70,113,121,212,257,324,357,30,68,62,115,117,224,230,410,173,351,305,193,316,240,,212,,261,273,346,349,322,327,369,355,298,237,218,234,89,322,280,378,271,137,323,300,298,313,333,103,104,218,324,287,338,410,336,382,302,125,196,292,277,151,106,380,404,,,61,16,,39,278,297,191,336,261,359,360,353,377,376,211,174,326,261,254,351,331,305,366,352,294,237,103,380,,30,,43,b'\x11\xe8\xe1I\xee\x9a\xc3>\x9a\xbe\x12\xdf\x17\xaeN\x1e'
11E8E149-EE9F-5B10-9ABE-12DF17AE4E1E,2018-ncaa-d3-conf-Liberty League,ncaa,9,9,7,9,8,9,9,10,7,9,10,8,8,9,5,3,8,9,2,9,2,10,10,8,7,8,3,3,2,10,9,8,9,9,9,9,8,10,10,9,9,9,2,2,,,2,2,,,9,10,10,4,9,9,10,9,10,8,9,8,9,9,10,10,10,7,9,9,10,9,2,,2,,,9,4,5,5,6,5,2,6,8,7,7,8,1,1,1,1,2,4,1,7,6,7,6,9,2,9,9,2,9,5,9,9,10,10,9,9,9,9,1,3,,,4,1,,,9,1,9,8,9,7,8,9,6,7,10,9,1,2,2,8,4,9,3,7,9,9,9,1,,3,,,b'\x11\xe8\xe1I\xee\x9f[\x10\x9a\xbe\x12\xdf\x17\xaeN\x1e'
11E8E149-EE9F-5B10-9ABE-12DF17AE4E1E,2018-ncaa-d3-natl,ncaa,320,327,305,326,323,411,416,426,352,420,431,351,275,298,228,77,379,414,87,414,171,426,426,320,298,361,48,76,150,433,435,356,346,413,383,407,270,249,419,406,419,411,70,47,,,42,91,,,355,418,439,132,424,430,442,434,442,251,261,382,423,424,443,444,443,352,434,417,302,429,59,,48,,,353,46,93,99,155,81,88,141,257,237,275,347,21,26,23,26,37,67,40,187,103,195,218,389,25,266,346,63,435,108,383,193,352,401,355,375,219,380,12,80,,,290,9,,,355,31,387,260,360,90,151,186,116,146,289,286,15,27,27,107,36,323,108,181,249,405,268,6,,254,,,b'\x11\xe8\xe1I\xee\x9f[\x10\x9a\xbe\x12\xdf\x17\xaeN\x1e'
11E8E149-EE9F-5B10-9ABE-12DF17AE4E1E,2019-ncaa-d3-conf-Liberty League,ncaa,5,5,5,5,6,5,6,7,5,5,4,5,10,10,9,10,4,5,4,5,4,7,7,5,5,5,9,10,3,8,6,4,7,7,6,5,5,5,6,6,4,5,2,2,,,3,4,,,5,6,9,10,5,6,9,5,5,10,10,4,4,4,9,9,7,6,6,6,4,5,1,,3,,,5,1,2,4,2,2,7,1,1,3,2,4,6,6,6,6,5,4,5,2,1,2,5,4,8,8,7,3,6,5,6,4,8,5,4,4,4,6,8,8,,,3,1,,,5,6,5,2,5,2,2,4,4,6,1,4,5,6,5,3,4,8,4,5,5,4,4,8,,2,,,b'\x11\xe8\xe1I\xee\x9f[\x10\x9a\xbe\x12\xdf\x17\xaeN\x1e'
11E8E149-EE9F-5B10-9ABE-12DF17AE4E1E,2019-ncaa-d3-natl,ncaa,137,104,215,130,306,326,279,330,212,200,210,204,384,368,365,351,327,355,201,355,368,348,357,270,277,275,400,380,290,293,230,174,218,233,180,255,192,156,262,217,295,273,15,9,,,56,72,,,155,359,403,391,357,301,368,183,193,391,378,341,367,365,390,408,287,117,202,242,167,305,9,,45,,,150,24,33,130,19,55,190,22,47,123,24,176,64,58,243,51,61,93,94,14,10,31,149,165,194,251,218,119,230,159,180,90,309,262,208,161,77,140,234,238,,,288,170,,,155,81,278,42,146,24,36,153,69,210,51,120,67,60,52,94,72,271,126,171,114,259,86,250,,281,,,b'\x11\xe8\xe1I\xee\x9f[\x10\x9a\xbe\x12\xdf\x17\xaeN\x1e'
11E8E149-EE9F-5B10-9ABE-12DF17AE4E1E,2020-ncaa-d3-conf-Liberty League,ncaa,7,7,7,7,8,8,8,9,8,8,9,8,6,5,8,3,9,7,8,7,5,8,8,7,7,9,4,6,7,7,6,8,7,8,7,8,4,6,9,8,5,4,5,3,,,3,5,,,8,8,8,6,8,8,8,8,8,5,5,9,7,7,8,8,7,8,8,8,8,5,5,,4,,,8,1,1,1,4,2,1,4,5,4,5,6,4,4,9,4,5,1,2,5,6,4,7,7,6,3,7,2,6,3,7,3,6,3,1,3,6,9,5,8,,,5,3,,,8,3,8,4,8,3,2,1,2,1,5,5,5,4,4,1,2,5,7,8,4,3,8,7,,4,,,b'\x11\xe8\xe1I\xee\x9f[\x10\x9a\xbe\x12\xdf\x17\xaeN\x1e'
11E8E149-EE9F-5B10-9ABE-12DF17AE4E1E,2020-ncaa-d3-natl,ncaa,263,245,327,269,347,363,330,350,292,310,313,282,323,309,307,233,400,408,285,407,403,372,386,309,325,318,317,234,375,328,281,364,206,358,286,298,195,116,257,256,277,194,226,197,,,49,110,,,263,393,380,206,369,332,310,295,254,304,274,407,415,417,358,378,299,353,345,279,179,251,214,,52,,,262,37,66,45,232,99,85,238,69,70,184,204,43,24,393,23,63,32,38,207,205,158,99,184,116,77,206,130,281,91,286,130,238,243,115,182,109,209,225,278,,,349,222,,,263,45,320,156,268,85,142,86,170,137,109,97,59,33,32,44,58,122,215,171,182,186,151,276,,332,,,b'\x11\xe8\xe1I\xee\x9f[\x10\x9a\xbe\x12\xdf\x17\xaeN\x1e'
11E8E149-EE9F-5B10-9ABE-12DF17AE4E1E,2022-ncaa-d3-conf-Liberty League,ncaa,4,4,2,4,3,6,5,4,4,3,2,5,9,9,9,10,4,2,7,2,6,4,4,6,6,6,8,10,4,3,3,4,4,3,4,5,4,6,6,5,3,3,3,3,,,5,6,,,4,4,8,5,6,5,7,3,3,10,10,5,3,3,6,7,4,5,4,5,6,3,3,,4,,,4,2,2,5,3,2,5,4,4,5,3,5,5,6,2,6,7,5,7,3,3,2,5,3,7,4,4,5,3,4,4,3,4,3,3,3,4,5,4,3,,,4,6,,,4,6,6,2,4,2,2,2,2,2,3,3,4,6,5,2,2,3,2,3,3,3,4,4,,6,,,b'\x11\xe8\xe1I\xee\x9f[\x10\x9a\xbe\x12\xdf\x17\xaeN\x1e'
11E8E149-EE9F-5B10-9ABE-12DF17AE4E1E,2022-ncaa-d3-natl,ncaa,168,210,107,194,153,212,163,190,150,87,70,173,362,369,307,392,306,302,270,309,400,212,241,218,237,207,412,394,346,184,206,89,46,122,94,199,272,112,123,149,201,178,50,40,,,83,76,,,143,253,398,212,285,184,257,84,72,392,399,362,360,363,292,366,219,92,147,237,74,236,47,,29,,,147,91,105,192,68,127,192,88,127,201,72,228,118,91,333,90,97,162,156,66,69,90,189,202,206,104,46,226,206,170,94,81,109,246,240,134,105,127,286,180,,,330,365,,,143,172,200,84,142,41,61,90,81,120,83,139,85,51,52,58,33,72,156,111,53,309,80,258,,404,,,b'\x11\xe8\xe1I\xee\x9f[\x10\x9a\xbe\x12\xdf\x17\xaeN\x1e'
11E8E149-EE9F-5B10-9ABE-12DF17AE4E1E,2023-ncaa-d3-conf-Liberty League,ncaa,5,6,4,6,5,7,6,4,6,3,2,8,9,9,10,10,5,4,9,4,9,4,6,9,9,9,10,10,6,6,7,6,5,6,8,8,9,2,3,7,5,4,3,3,,,7,7,,,5,5,9,5,9,7,7,2,1,10,10,6,5,5,6,8,6,8,8,8,2,4,3,,5,,,5,4,3,3,3,1,1,6,7,9,2,10,8,8,8,8,10,4,6,4,4,3,10,9,9,5,5,9,7,8,8,3,3,4,3,3,5,4,9,6,,,3,1,,,5,6,7,3,5,3,3,3,2,1,6,8,8,8,8,3,3,5,8,7,3,4,4,9,,3,,,b'\x11\xe8\xe1I\xee\x9f[\x10\x9a\xbe\x12\xdf\x17\xaeN\x1e'
11E8E149-EE9F-5B10-9ABE-12DF17AE4E1E,2023-ncaa-d3-natl,ncaa,248,269,185,262,225,323,288,252,327,188,79,356,401,404,382,413,300,270,340,265,375,258,305,367,371,337,410,410,176,231,285,170,97,199,223,343,378,82,127,282,255,220,144,80,,,189,271,,,242,313,358,231,364,322,263,178,52,413,413,328,279,277,278,349,229,140,196,370,94,261,142,,196,,,242,62,48,102,62,34,48,137,242,335,69,392,146,144,228,145,298,97,99,92,91,102,375,359,254,110,97,328,285,219,223,71,157,236,178,132,187,243,371,289,,,176,64,,,242,117,331,97,241,60,52,85,35,31,245,338,146,137,140,81,70,112,325,236,75,248,198,383,,134,,,b'\x11\xe8\xe1I\xee\x9f[\x10\x9a\xbe\x12\xdf\x17\xaeN\x1e'
11E8E149-EE9F-5B10-9ABE-12DF17AE4E1E,2024-ncaa-d3-conf-Liberty League,ncaa,4,4,1,4,3,5,5,6,3,4,4,4,8,10,1,10,4,4,8,4,4,6,6,3,3,3,9,8,5,8,9,3,7,5,8,7,9,8,7,7,7,7,3,3,,,7,4,,,4,3,8,3,7,7,8,5,6,10,10,5,5,5,8,9,9,3,8,8,6,7,3,,4,,,4,4,4,9,2,5,9,2,8,9,4,8,7,6,8,6,5,9,10,3,3,3,9,8,8,9,7,10,9,10,8,5,6,6,7,5,4,5,4,4,,,2,1,,,4,8,6,4,4,3,3,6,4,5,6,8,7,6,6,7,7,6,6,6,4,7,4,3,,3,,,b'\x11\xe8\xe1I\xee\x9f[\x10\x9a\xbe\x12\xdf\x17\xaeN\x1e'
11E8E149-EE9F-5B10-9ABE-12DF17AE4E1E,2024-ncaa-d3-natl,ncaa,203,275,63,237,92,256,243,224,252,213,150,301,264,309,174,323,269,270,226,268,327,240,272,266,277,244,294,275,230,350,394,81,263,194,321,279,333,153,187,247,335,365,59,66,,,203,169,,,254,207,371,244,341,315,358,273,214,313,357,333,340,336,377,405,403,114,296,342,98,382,69,,134,,,249,202,156,341,29,114,269,24,347,379,158,333,257,236,296,241,202,338,271,46,51,135,375,370,265,362,263,364,394,379,321,167,169,342,383,288,190,212,305,267,,,207,152,,,254,218,296,185,252,110,91,249,63,170,283,330,196,176,179,234,123,308,289,299,106,390,130,266,,308,,,b'\x11\xe8\xe1I\xee\x9f[\x10\x9a\xbe\x12\xdf\x17\xaeN\x1e'
11E8E149-EE9F-5B10-9ABE-12DF17AE4E1E,2025-ncaa-d3-conf-Liberty League,genius_ncaa,5,5,5,5,5,5,4,5,4,1,4,3,8,8,6,9,7,6,8,7,9,5,5,4,4,4,9,8,9,7,8,1,3,1,3,6,8,3,5,5,9,9,1,1,,,8,9,,5,3,5,8,2,4,4,4,1,2,8,8,7,6,6,5,8,7,1,1,7,6,10,1,,9,,5,3,1,1,9,1,1,7,1,6,8,3,5,8,10,2,9,8,9,7,1,1,1,10,7,9,5,3,6,8,7,3,1,1,10,10,5,4,6,1,1,,,7,9,,6,3,5,4,2,4,2,2,8,1,6,4,8,8,10,10,8,5,5,5,6,1,9,6,1,,8,,6,b'\x11\xe8\xe1I\xee\x9f[\x10\x9a\xbe\x12\xdf\x17\xaeN\x1e'
11E8E149-EE9F-5B10-9ABE-12DF17AE4E1E,2025-ncaa-d3-natl,genius_ncaa,194,184,192,195,198,226,170,211,138,132,141,162,286,319,208,323,330,330,270,336,387,235,289,178,207,179,376,309,363,309,331,28,27,101,92,235,328,81,120,174,363,372,22,15,,,183,220,,220,129,266,283,20,217,149,167,97,98,300,328,352,352,354,216,296,320,5,50,246,96,382,13,,193,,235,133,50,45,223,11,34,183,7,237,279,140,279,157,201,52,204,220,225,132,18,15,71,366,356,245,107,27,265,331,191,92,29,61,373,384,186,109,158,121,87,,,331,324,,267,129,158,209,64,125,63,57,250,38,189,240,292,156,207,211,246,139,111,272,204,37,395,128,119,,356,,278,b'\x11\xe8\xe1I\xee\x9f[\x10\x9a\xbe\x12\xdf\x17\xaeN\x1e'
11E8E149-EE9F-5B10-9ABE-12DF17AE4E1E,2026-ncaa-d3-conf-Liberty League,genius_ncaa,1,1,3,1,3,2,2,3,2,2,2,3,1,5,1,6,6,7,1,7,7,3,3,1,1,1,5,4,7,5,4,3,1,4,1,2,6,1,1,1,2,1,6,5,,,1,3,,5,1,3,1,1,1,1,1,1,1,1,3,4,6,6,1,1,3,1,2,1,1,1,5,,1,,6,1,2,2,1,3,3,5,3,4,2,8,2,3,2,4,2,3,1,2,3,3,3,7,6,4,1,1,3,4,1,1,2,5,3,1,2,2,1,5,4,,,8,9,,8,1,5,1,1,1,2,3,2,3,6,4,2,3,2,2,1,2,1,4,1,3,1,2,5,,8,,8,b'\x11\xe8\xe1I\xee\x9f[\x10\x9a\xbe\x12\xdf\x17\xaeN\x1e'
11E8E149-EE9F-5B10-9ABE-12DF17AE4E1E,2026-ncaa-d3-natl,genius_ncaa,98,21,327,49,337,233,231,308,94,241,258,198,188,310,15,294,249,292,105,295,266,307,352,94,85,32,176,155,254,309,215,250,25,278,68,286,310,19,11,29,339,246,158,86,,,25,31,,130,71,358,191,113,35,40,53,75,59,78,226,113,170,168,56,183,173,17,45,137,15,252,92,,25,,204,47,56,61,81,67,36,74,25,225,153,337,331,36,38,168,40,81,66,50,108,80,151,359,393,90,42,25,102,215,68,68,70,183,373,330,261,46,77,55,56,,,348,277,,291,71,58,37,121,45,136,137,269,63,195,357,326,63,65,64,218,144,81,278,173,155,339,84,96,,269,,279,b'\x11\xe8\xe1I\xee\x9f[\x10\x9a\xbe\x12\xdf\x17\xaeN\x1e'
11E8E149-EEA3-CEAC-9ABE-12DF17AE4E1E,2018-ncaa-d3-conf-Centennial,ncaa,5,7,4,7,4,5,6,5,7,4,1,7,8,7,8,9,4,2,9,2,4,4,3,8,8,8,9,9,3,1,2,7,8,6,7,6,8,7,7,7,2,2,2,2,,,10,9,,,6,4,8,1,7,6,4,4,2,8,9,5,2,2,4,4,2,8,8,7,6,2,2,,8,,,6,6,4,4,5,4,3,4,8,8,10,8,9,9,9,9,9,4,6,6,7,6,11,8,9,9,8,8,2,8,7,8,6,2,2,4,6,6,9,7,,,4,5,,,6,7,8,6,7,6,5,3,3,2,8,5,9,9,9,4,6,8,6,7,8,2,6,8,,5,,,b'\x11\xe8\xe1I\xee\xa3\xce\xac\x9a\xbe\x12\xdf\x17\xaeN\x1e'
11E8E149-EEA3-CEAC-9ABE-12DF17AE4E1E,2018-ncaa-d3-natl,ncaa,196,223,123,213,133,281,241,178,302,160,82,324,393,377,355,395,269,198,368,191,331,179,247,355,356,301,399,392,235,120,159,224,210,167,215,288,345,69,72,200,155,130,52,42,,,251,312,,,217,288,415,52,343,289,214,168,71,406,404,319,237,228,219,330,129,284,204,341,54,170,50,,209,,,218,106,79,126,90,97,198,57,132,115,276,116,299,261,361,260,285,132,146,85,124,150,300,189,380,212,210,286,159,258,215,118,237,221,199,171,130,142,368,268,,,255,268,,,217,147,278,165,232,79,60,67,80,153,117,81,275,231,232,79,52,176,250,216,109,275,107,359,,331,,,b'\x11\xe8\xe1I\xee\xa3\xce\xac\x9a\xbe\x12\xdf\x17\xaeN\x1e'
11E8E149-EEA3-CEAC-9ABE-12DF17AE4E1E,2019-ncaa-d3-conf-Centennial,ncaa,4,4,1,4,1,2,4,4,4,1,1,4,10,10,9,10,1,1,5,1,1,2,2,5,5,5,10,10,2,5,4,5,8,5,6,9,10,8,6,9,2,3,2,2,,,5,3,,,6,2,5,3,4,5,9,1,2,10,10,1,1,1,6,6,7,6,7,10,6,2,2,,3,,,6,9,9,9,7,9,10,8,5,7,2,4,10,8,11,8,5,9,10,5,5,6,4,1,6,10,8,5,4,7,6,6,4,3,5,6,10,8,6,2,,,1,1,,,6,10,5,6,6,6,8,8,9,7,3,5,7,7,7,5,7,8,4,5,5,3,8,5,,1,,,b'\x11\xe8\xe1I\xee\xa3\xce\xac\x9a\xbe\x12\xdf\x17\xaeN\x1e'
11E8E149-EEA3-CEAC-9ABE-12DF17AE4E1E,2019-ncaa-d3-natl,ncaa,118,134,67,137,101,163,183,205,162,86,76,191,409,414,358,431,25,16,267,16,77,149,190,254,213,159,380,434,14,125,131,202,232,166,172,318,416,103,74,256,137,136,23,25,,,121,94,,,130,208,386,200,223,256,352,106,99,424,427,26,14,17,247,352,175,314,265,389,51,180,27,,63,,,134,149,141,213,117,201,278,122,89,151,56,132,292,214,424,219,188,205,236,86,120,120,181,100,329,246,232,208,131,219,172,74,73,171,172,95,211,195,381,292,,,32,8,,,130,238,144,133,133,84,78,89,133,182,53,79,230,153,154,75,71,175,108,120,49,234,147,357,,31,,,b'\x11\xe8\xe1I\xee\xa3\xce\xac\x9a\xbe\x12\xdf\x17\xaeN\x1e'
11E8E149-EEA3-CEAC-9ABE-12DF17AE4E1E,2020-ncaa-d3-conf-Centennial,ncaa,9,9,6,9,8,4,4,6,4,2,3,2,9,8,8,8,5,2,10,3,3,4,6,6,6,5,11,10,5,5,5,8,10,8,9,9,10,3,3,8,6,7,2,2,,,5,4,,,6,5,2,8,4,3,3,1,2,8,8,4,1,2,1,2,5,8,6,9,3,5,2,,5,,,6,9,10,7,8,10,8,9,3,4,6,2,4,4,7,4,4,8,7,7,6,7,2,3,5,10,10,8,5,10,9,9,5,5,6,7,2,3,2,2,,,3,2,,,6,7,6,8,7,9,10,9,10,10,5,5,5,4,4,9,10,10,9,10,9,3,3,4,,1,,,b'\x11\xe8\xe1I\xee\xa3\xce\xac\x9a\xbe\x12\xdf\x17\xaeN\x1e'
11E8E149-EEA3-CEAC-9ABE-12DF17AE4E1E,2020-ncaa-d3-natl,ncaa,324,345,198,337,280,266,249,290,210,137,105,227,405,408,337,413,160,104,350,103,195,260,321,266,269,235,401,418,103,202,191,296,375,267,313,363,428,61,96,301,256,243,71,105,,,65,69,,,252,345,351,303,273,253,286,97,74,411,415,142,72,69,240,317,177,308,272,392,73,253,61,,56,,,252,158,240,223,238,328,349,206,52,49,192,36,108,90,262,88,53,185,141,182,152,217,22,54,124,368,375,197,191,295,313,157,101,301,301,250,79,115,197,146,,,159,64,,,252,82,227,294,257,194,260,260,330,379,55,50,116,95,96,222,175,360,221,300,173,303,94,215,,119,,,b'\x11\xe8\xe1I\xee\xa3\xce\xac\x9a\xbe\x12\xdf\x17\xaeN\x1e'
11E8E149-EEA3-CEAC-9ABE-12DF17AE4E1E,2022-ncaa-d3-conf-Centennial,ncaa,9,9,6,9,7,9,10,9,9,10,11,8,1,2,6,2,7,7,10,7,1,9,10,7,7,7,1,1,6,8,9,10,9,9,9,8,4,4,7,8,10,10,10,10,,,2,4,,,9,11,11,3,9,10,9,10,11,1,2,7,7,7,9,10,8,10,9,8,5,10,10,,2,,,9,8,9,3,10,10,3,10,6,7,6,7,5,3,11,3,5,2,1,9,9,10,2,4,4,3,9,7,9,7,9,8,4,10,7,10,4,6,8,10,,,4,1,,,9,1,7,10,10,9,9,5,10,5,7,7,6,4,4,4,1,4,8,7,8,10,6,10,,2,,,b'\x11\xe8\xe1I\xee\xa3\xce\xac\x9a\xbe\x12\xdf\x17\xaeN\x1e'
11E8E149-EEA3-CEAC-9ABE-12DF17AE4E1E,2022-ncaa-d3-natl,ncaa,351,365,250,360,253,370,372,346,373,391,388,350,198,140,309,54,348,340,340,343,154,355,373,345,349,330,63,60,206,301,300,370,257,354,324,329,138,77,217,254,387,369,365,359,,,35,58,,,310,380,428,21,397,401,400,407,411,194,118,375,353,359,406,424,299,407,384,344,97,406,373,,14,,,307,72,117,58,316,179,94,327,49,59,146,136,73,52,340,54,105,50,48,284,279,289,56,85,127,98,257,184,300,142,324,123,160,358,282,298,98,216,342,423,,,260,52,,,310,47,319,298,326,93,146,29,219,107,48,44,77,44,50,14,5,120,235,179,147,369,131,378,,223,,,b'\x11\xe8\xe1I\xee\xa3\xce\xac\x9a\xbe\x12\xdf\x17\xaeN\x1e'
11E8E149-EEA3-CEAC-9ABE-12DF17AE4E1E,2023-ncaa-d3-conf-Centennial,ncaa,9,9,6,9,6,10,9,10,7,10,10,7,3,3,5,2,6,8,4,6,2,10,10,7,7,7,2,2,3,9,8,10,6,10,7,7,3,8,10,7,10,8,10,10,,,2,4,,,9,10,11,1,10,9,10,10,11,2,2,4,5,5,10,11,9,11,11,6,8,10,10,,1,,,9,7,8,2,10,8,3,10,6,5,9,6,5,4,11,4,6,2,1,10,10,10,3,4,6,2,6,3,8,2,7,5,5,10,6,7,5,9,1,6,,,4,1,,,9,2,8,10,9,9,8,3,9,3,6,6,6,5,5,3,2,2,4,2,6,8,6,2,,2,,,b'\x11\xe8\xe1I\xee\xa3\xce\xac\x9a\xbe\x12\xdf\x17\xaeN\x1e'
11E8E149-EEA3-CEAC-9ABE-12DF17AE4E1E,2023-ncaa-d3-natl,ncaa,289,297,271,303,278,363,372,389,333,375,380,331,263,266,255,146,315,348,170,339,170,390,397,320,302,305,114,138,137,306,233,371,196,365,239,332,165,108,277,276,351,267,327,308,,,27,66,,,277,400,429,63,387,391,418,394,390,256,253,320,348,341,415,424,290,398,382,334,149,352,322,,13,,,277,41,61,33,264,110,102,206,44,28,272,70,74,44,412,42,71,28,26,223,238,234,75,95,160,78,196,63,233,56,239,60,112,359,221,202,100,242,220,353,,,284,57,,,277,29,296,247,286,64,99,36,166,145,50,23,82,44,42,21,3,117,88,91,93,355,135,259,,254,,,b'\x11\xe8\xe1I\xee\xa3\xce\xac\x9a\xbe\x12\xdf\x17\xaeN\x1e'
11E8E149-EEA3-CEAC-9ABE-12DF17AE4E1E,2024-ncaa-d3-conf-Centennial,ncaa,4,5,1,5,2,4,5,4,5,5,6,3,5,4,7,5,3,4,7,4,4,4,6,4,4,5,5,7,4,7,8,7,8,6,9,4,1,7,5,5,3,4,10,9,,,5,5,,,6,3,6,7,4,5,7,6,6,5,4,4,5,5,8,9,8,8,9,4,5,4,10,,5,,,6,10,10,8,8,10,8,8,8,5,10,5,6,7,5,7,5,8,9,8,8,7,3,7,5,9,8,6,8,9,9,9,7,2,4,6,6,6,8,7,,,4,4,,,6,9,5,7,6,7,8,4,9,5,8,4,6,5,5,4,4,6,5,7,7,3,6,7,,5,,,b'\x11\xe8\xe1I\xee\xa3\xce\xac\x9a\xbe\x12\xdf\x17\xaeN\x1e'
11E8E149-EEA3-CEAC-9ABE-12DF17AE4E1E,2024-ncaa-d3-natl,ncaa,162,185,112,178,170,283,275,316,216,253,289,178,295,265,328,225,258,254,240,252,179,311,335,240,231,233,274,283,170,294,255,308,239,316,253,226,97,143,226,184,182,126,287,282,,,112,198,,,190,340,420,244,344,330,400,284,345,320,295,285,295,299,402,417,323,373,378,248,113,200,311,,79,,,192,60,77,61,159,114,138,129,72,51,246,94,102,134,60,133,183,52,92,150,132,96,150,147,197,165,239,129,255,133,253,78,148,182,91,88,119,197,221,282,,,239,105,,,190,85,244,115,192,31,53,22,89,88,52,26,81,111,109,15,17,136,90,97,62,207,106,206,,298,,,b'\x11\xe8\xe1I\xee\xa3\xce\xac\x9a\xbe\x12\xdf\x17\xaeN\x1e'
11E8E149-EEA3-CEAC-9ABE-12DF17AE4E1E,2025-ncaa-d3-conf-Centennial,genius_ncaa,3,3,1,3,4,1,1,2,1,2,4,2,2,4,2,6,4,5,4,4,7,2,2,1,1,2,7,6,9,2,2,5,4,5,3,1,2,9,8,3,1,1,11,11,,,4,3,,4,3,2,3,9,1,1,2,2,5,3,6,5,5,5,2,2,2,9,5,1,9,1,11,,2,,4,3,9,9,6,10,8,5,10,10,9,11,8,2,1,8,1,2,5,9,11,10,7,8,9,2,2,4,2,2,2,3,8,5,2,1,4,10,9,8,4,,,4,5,,4,3,9,2,7,3,7,7,5,6,3,10,8,2,1,1,2,5,2,2,1,6,2,10,5,,5,,5,b'\x11\xe8\xe1I\xee\xa3\xce\xac\x9a\xbe\x12\xdf\x17\xaeN\x1e'
11E8E149-EEA3-CEAC-9ABE-12DF17AE4E1E,2025-ncaa-d3-natl,genius_ncaa,121,118,116,129,139,132,102,178,42,83,130,69,210,277,73,302,243,226,249,220,295,181,166,57,80,111,344,271,333,86,33,251,138,166,57,49,28,265,250,96,61,44,272,283,,,47,40,,138,93,214,302,154,130,78,202,60,138,224,312,272,259,256,214,211,80,310,191,28,239,69,287,,15,,128,91,116,202,128,285,216,196,219,180,82,356,144,27,27,250,27,24,82,159,281,243,140,83,237,38,104,138,58,33,57,57,100,59,83,54,55,319,304,227,177,,,242,291,,177,93,194,93,121,90,88,165,82,182,155,160,58,17,13,12,37,90,88,35,42,86,88,287,216,,289,,195,b'\x11\xe8\xe1I\xee\xa3\xce\xac\x9a\xbe\x12\xdf\x17\xaeN\x1e'
11E8E149-EEA3-CEAC-9ABE-12DF17AE4E1E,2026-ncaa-d3-conf-Centennial,genius_ncaa,3,5,1,5,1,2,2,4,3,2,1,5,2,7,2,7,4,4,2,4,6,4,4,3,3,2,5,4,7,2,3,9,9,5,7,2,6,5,4,2,2,3,9,8,,,5,4,,3,4,7,8,1,2,2,5,2,2,2,7,6,6,6,5,5,3,11,7,3,4,3,9,,4,,3,4,8,8,4,8,8,4,10,5,7,6,8,7,7,10,6,9,3,5,8,9,6,5,4,8,6,9,5,3,5,7,7,7,2,2,5,6,5,11,11,,,5,7,,11,4,4,2,6,4,8,7,3,7,2,5,6,7,6,5,2,4,6,3,4,6,2,5,11,,7,,11,b'\x11\xe8\xe1I\xee\xa3\xce\xac\x9a\xbe\x12\xdf\x17\xaeN\x1e'
11E8E149-EEA3-CEAC-9ABE-12DF17AE4E1E,2026-ncaa-d3-natl,genius_ncaa,98,68,215,92,249,250,216,246,180,197,194,229,248,297,133,311,308,329,181,317,362,264,293,197,223,181,311,247,314,114,34,286,134,227,64,134,50,80,102,55,227,120,195,170,,,47,54,,156,105,323,382,113,210,162,148,133,90,230,298,309,323,304,194,285,51,261,134,60,82,185,172,,19,,190,103,75,89,83,167,118,125,132,67,54,207,86,66,47,336,47,46,68,89,149,146,100,94,137,130,91,134,110,34,94,64,43,24,227,76,34,52,53,405,408,,,341,365,,291,105,90,118,94,86,41,72,52,126,156,66,27,48,24,25,25,39,102,95,87,20,149,46,413,,372,,304,b'\x11\xe8\xe1I\xee\xa3\xce\xac\x9a\xbe\x12\xdf\x17\xaeN\x1e'
11E8E149-EEA8-85DC-9ABE-12DF17AE4E1E,2018-ncaa-d3-conf-Empire 8,ncaa,7,7,5,7,5,8,8,6,8,6,5,8,7,8,7,7,8,6,9,6,5,6,6,8,8,8,5,5,4,5,8,5,3,6,8,8,3,2,1,5,4,4,8,8,,,3,4,,,7,6,3,1,8,8,6,5,2,7,7,8,4,4,5,5,5,2,5,8,2,4,8,,4,,,7,3,3,3,3,4,3,3,5,5,5,6,1,2,1,3,2,3,4,3,2,2,4,6,3,2,3,7,8,7,8,4,4,6,6,4,1,2,8,8,,,7,5,,,7,4,8,2,7,4,5,6,5,6,6,7,2,2,3,7,8,6,8,8,4,5,2,8,,5,,,b'\x11\xe8\xe1I\xee\xa8\x85\xdc\x9a\xbe\x12\xdf\x17\xaeN\x1e'
11E8E149-EEA8-85DC-9ABE-12DF17AE4E1E,2018-ncaa-d3-natl,ncaa,280,309,197,292,230,314,298,236,342,247,150,352,338,338,307,350,286,176,417,179,260,228,294,360,370,313,322,327,214,206,306,231,169,229,285,319,308,52,75,210,196,177,393,395,,,145,201,,,269,311,346,155,350,321,210,259,120,342,347,307,160,163,201,305,206,212,209,342,59,203,405,,144,,,268,117,143,160,188,140,106,236,276,320,135,375,67,75,181,75,120,120,126,211,174,187,235,339,80,156,169,358,306,288,285,165,187,246,215,215,42,61,348,311,,,208,132,,,269,140,310,190,265,127,174,185,153,113,265,327,65,68,69,135,104,170,362,308,177,259,48,366,,198,,,b'\x11\xe8\xe1I\xee\xa8\x85\xdc\x9a\xbe\x12\xdf\x17\xaeN\x1e'
11E8E149-EEA8-85DC-9ABE-12DF17AE4E1E,2019-ncaa-d3-conf-Empire 8,ncaa,6,6,5,6,7,7,6,5,6,6,6,7,4,5,3,3,9,9,9,9,8,8,7,6,7,7,4,2,9,5,7,7,4,7,6,2,1,5,6,3,6,6,8,8,,,1,1,,,8,7,3,7,7,5,4,6,5,3,3,9,9,9,6,6,5,7,7,2,6,6,8,,1,,,8,9,9,7,9,7,3,9,9,8,8,9,1,1,5,1,1,5,2,9,8,9,5,9,1,2,4,4,7,3,6,9,9,9,9,9,8,9,7,7,,,9,9,,,8,4,7,9,7,9,9,9,7,6,9,9,1,1,1,8,4,2,5,5,9,9,9,7,,9,,,b'\x11\xe8\xe1I\xee\xa8\x85\xdc\x9a\xbe\x12\xdf\x17\xaeN\x1e'
11E8E149-EEA8-85DC-9ABE-12DF17AE4E1E,2019-ncaa-d3-natl,ncaa,282,304,215,299,293,263,225,214,233,226,235,225,171,167,214,159,378,325,410,324,333,248,244,221,281,277,258,154,399,211,185,295,225,278,212,85,4,238,267,100,220,221,389,394,,,39,27,,,304,250,191,356,267,201,165,221,228,169,150,391,345,348,213,193,193,308,272,49,255,224,401,,24,,,299,275,361,304,332,297,204,339,400,381,342,382,30,27,165,26,22,207,176,355,308,335,195,394,17,157,225,169,185,155,212,433,434,299,307,421,333,337,358,353,,,348,379,,,304,197,277,312,298,297,359,349,298,231,401,385,21,22,21,264,208,166,174,164,424,303,338,368,,382,,,b'\x11\xe8\xe1I\xee\xa8\x85\xdc\x9a\xbe\x12\xdf\x17\xaeN\x1e'
11E8E149-EEA8-85DC-9ABE-12DF17AE4E1E,2020-ncaa-d3-conf-Empire 8,ncaa,3,4,3,4,3,3,3,2,6,4,5,3,1,1,6,2,4,4,2,4,1,3,3,4,4,3,2,3,4,4,5,3,7,3,6,3,2,3,1,1,1,4,8,8,,,1,1,,,4,3,1,4,3,4,1,5,7,3,2,4,4,4,1,2,5,3,4,3,2,1,8,,1,,,4,6,6,7,2,5,8,3,6,7,2,7,1,1,8,1,1,7,7,2,2,2,2,6,1,8,7,6,5,7,6,5,5,1,5,4,3,2,7,7,,,3,4,,,4,7,4,3,4,5,5,8,6,7,6,7,1,1,1,8,8,8,6,6,5,2,3,6,,3,,,b'\x11\xe8\xe1I\xee\xa8\x85\xdc\x9a\xbe\x12\xdf\x17\xaeN\x1e'
11E8E149-EEA8-85DC-9ABE-12DF17AE4E1E,2020-ncaa-d3-natl,ncaa,149,163,126,164,156,81,83,74,137,135,268,34,39,23,240,29,154,188,119,194,172,92,126,100,103,58,124,89,323,211,225,157,323,180,274,36,35,79,40,15,116,171,323,361,,,29,8,,,96,101,118,204,57,60,52,144,323,40,22,174,231,238,71,143,221,166,204,22,55,123,342,,14,,,95,254,323,404,99,291,316,192,328,419,35,380,53,38,271,38,26,376,371,106,73,96,153,321,36,376,323,259,225,328,274,348,315,159,240,275,103,74,187,226,,,246,334,,,96,348,76,138,93,213,278,384,253,287,305,403,33,27,29,338,352,346,219,289,318,167,86,184,,290,,,b'\x11\xe8\xe1I\xee\xa8\x85\xdc\x9a\xbe\x12\xdf\x17\xaeN\x1e'
11E8E149-EEA8-85DC-9ABE-12DF17AE4E1E,2022-ncaa-d3-conf-Empire 8,ncaa,4,4,4,4,4,5,5,7,4,3,5,4,8,8,5,8,4,3,5,3,2,6,6,4,4,5,8,8,2,7,7,3,5,6,5,3,2,6,7,4,5,4,4,3,,,1,1,,,4,5,4,4,5,4,8,4,4,8,8,3,3,3,7,6,8,2,6,3,7,4,4,,1,,,4,5,8,9,4,5,7,4,8,9,3,7,1,1,5,1,1,7,8,5,4,3,6,8,1,7,5,3,7,4,5,9,7,4,5,6,7,7,3,4,,,2,1,,,4,5,5,5,4,5,7,9,4,7,8,8,1,1,1,8,8,7,4,5,7,6,7,3,,2,,,b'\x11\xe8\xe1I\xee\xa8\x85\xdc\x9a\xbe\x12\xdf\x17\xaeN\x1e'
11E8E149-EEA8-85DC-9ABE-12DF17AE4E1E,2022-ncaa-d3-natl,ncaa,76,79,107,84,120,119,134,172,113,97,110,120,264,275,231,329,34,25,214,22,82,136,110,150,130,176,278,341,68,143,133,78,247,97,142,46,5,334,274,111,55,74,105,121,,,28,4,,,104,109,138,79,132,153,225,94,131,302,314,41,42,36,164,124,168,74,99,34,285,60,113,,4,,,104,181,272,377,59,171,266,82,402,417,161,411,10,13,79,13,3,315,344,89,37,38,246,419,5,354,247,199,133,272,142,355,355,73,108,184,333,287,263,191,,,42,64,,,104,332,174,54,102,103,201,365,118,196,389,414,1,2,2,265,328,321,118,206,301,82,298,227,,42,,,b'\x11\xe8\xe1I\xee\xa8\x85\xdc\x9a\xbe\x12\xdf\x17\xaeN\x1e'
11E8E149-EEA8-85DC-9ABE-12DF17AE4E1E,2023-ncaa-d3-conf-Empire 8,ncaa,7,7,7,7,8,7,8,8,6,7,7,6,7,7,8,4,6,5,8,5,3,7,7,7,6,7,4,5,3,8,8,5,8,8,7,6,2,9,9,7,8,8,5,6,,,3,3,,,8,6,2,4,7,8,8,6,7,7,5,4,4,3,6,3,8,1,6,4,9,7,4,,3,,,8,7,8,9,5,4,5,4,10,8,10,8,2,1,6,1,2,7,6,8,7,7,9,10,2,8,8,7,8,8,7,9,10,8,8,8,7,7,10,10,,,6,4,,,8,5,7,8,8,9,9,10,7,7,10,9,3,1,1,10,10,9,8,10,9,7,8,10,,5,,,b'\x11\xe8\xe1I\xee\xa8\x85\xdc\x9a\xbe\x12\xdf\x17\xaeN\x1e'
11E8E149-EEA8-85DC-9ABE-12DF17AE4E1E,2023-ncaa-d3-natl,ncaa,248,269,185,262,240,218,212,203,232,203,209,200,180,164,262,180,250,212,324,203,191,201,180,221,247,267,231,201,265,127,146,125,207,122,169,113,36,277,263,180,164,177,212,220,,,42,14,,,225,211,173,288,221,203,168,201,219,191,160,257,207,192,166,152,103,75,74,86,279,160,221,,20,,,225,202,270,315,153,137,192,126,403,393,362,386,29,26,259,26,23,236,241,215,161,176,326,415,26,287,207,230,146,264,169,387,417,175,200,350,281,269,410,409,,,248,298,,,225,224,247,193,222,220,268,332,152,187,403,391,22,17,15,259,259,275,253,267,373,179,276,413,,263,,,b'\x11\xe8\xe1I\xee\xa8\x85\xdc\x9a\xbe\x12\xdf\x17\xaeN\x1e'
11E8E149-EEA8-85DC-9ABE-12DF17AE4E1E,2024-ncaa-d3-conf-Empire 8,ncaa,5,5,4,5,4,5,5,7,5,5,6,4,7,4,9,4,7,5,9,5,5,7,4,5,5,6,8,7,6,7,7,4,7,5,6,5,6,9,8,6,7,7,8,8,,,3,2,,,6,4,3,2,6,5,7,5,7,7,5,7,6,6,7,3,7,4,4,6,8,7,8,,3,,,6,7,8,9,6,9,9,5,7,8,5,5,2,3,3,2,2,9,8,6,5,7,1,6,2,9,7,6,7,8,6,7,4,7,8,7,9,8,5,6,,,5,3,,,6,6,6,7,6,7,8,9,8,9,7,8,2,2,2,8,9,8,5,7,7,8,8,6,,4,,,b'\x11\xe8\xe1I\xee\xa8\x85\xdc\x9a\xbe\x12\xdf\x17\xaeN\x1e'
11E8E149-EEA8-85DC-9ABE-12DF17AE4E1E,2024-ncaa-d3-natl,ncaa,251,297,112,276,126,278,295,279,309,282,275,252,283,208,376,201,152,131,289,132,66,260,178,324,310,349,191,277,77,267,314,139,332,192,313,254,140,379,367,343,119,154,241,276,,,76,29,,,342,148,197,51,339,353,365,314,335,311,241,178,138,142,334,234,299,159,231,291,354,128,253,,32,,,332,309,329,362,200,283,308,174,387,365,327,318,76,78,143,77,48,325,332,237,191,194,235,377,48,381,332,326,314,366,313,358,331,140,199,287,399,388,389,391,,,113,86,,,342,288,354,251,330,254,298,341,245,274,370,345,53,53,49,296,305,357,290,328,333,154,384,375,,114,,,b'\x11\xe8\xe1I\xee\xa8\x85\xdc\x9a\xbe\x12\xdf\x17\xaeN\x1e'
11E8E149-EEA8-85DC-9ABE-12DF17AE4E1E,2025-ncaa-d3-conf-Empire 8,genius_ncaa,11,11,10,11,10,9,9,11,6,9,12,7,11,10,11,7,5,5,4,5,1,11,10,7,6,7,6,10,1,10,8,10,10,10,8,10,10,9,11,10,12,12,12,12,,,1,3,,2,9,11,8,3,9,9,10,8,10,11,9,4,4,4,10,9,10,10,10,10,11,12,12,,3,,5,9,7,9,7,9,9,7,10,7,8,4,8,3,4,5,3,4,6,4,9,8,11,4,6,2,10,10,1,8,3,8,7,5,11,11,11,11,11,4,10,,,7,2,,9,9,2,9,11,9,11,11,12,10,9,8,9,6,6,5,12,10,11,3,6,8,11,11,8,,4,,9,b'\x11\xe8\xe1I\xee\xa8\x85\xdc\x9a\xbe\x12\xdf\x17\xaeN\x1e'
11E8E149-EEA8-85DC-9ABE-12DF17AE4E1E,2025-ncaa-d3-natl,genius_ncaa,359,384,192,367,239,311,324,314,305,305,294,288,283,256,319,198,188,215,137,220,135,310,291,314,283,304,163,233,70,307,276,214,333,263,281,269,105,298,334,304,378,394,325,343,,,56,39,,73,337,269,266,170,338,356,358,322,321,294,254,162,206,214,348,297,318,202,264,275,293,398,330,,34,,79,333,299,341,342,256,303,253,277,347,362,229,349,54,70,135,66,52,293,199,276,222,315,162,329,32,342,333,128,276,235,281,318,236,361,386,378,358,361,316,359,,,248,196,,361,337,147,321,345,340,303,334,354,300,276,340,357,51,62,54,313,237,341,130,251,308,380,348,324,,250,,366,b'\x11\xe8\xe1I\xee\xa8\x85\xdc\x9a\xbe\x12\xdf\x17\xaeN\x1e'
11E8E149-EEA8-85DC-9ABE-12DF17AE4E1E,2026-ncaa-d3-natl,genius_ncaa,288,200,327,282,327,358,372,369,301,364,375,233,340,292,359,164,219,252,107,260,59,365,355,307,263,289,142,276,32,335,248,312,235,335,225,367,299,152,324,337,380,366,371,375,,,44,62,,156,320,353,262,7,287,325,316,298,318,297,188,66,93,104,279,194,244,108,163,339,306,351,353,,89,,251,342,149,183,129,325,202,168,264,176,98,339,133,50,67,126,63,40,112,77,319,269,346,93,227,33,140,235,87,248,97,225,108,46,382,381,329,151,285,320,410,,,281,65,,291,320,72,292,350,331,346,372,369,371,383,314,251,89,115,115,357,279,293,228,270,241,365,282,402,,80,,279,b'\x11\xe8\xe1I\xee\xa8\x85\xdc\x9a\xbe\x12\xdf\x17\xaeN\x1e'
11E8E149-EEAD-8C62-9ABE-12DF17AE4E1E,2018-ncaa-d3-conf-ODAC,ncaa,4,5,1,5,1,5,6,5,10,8,7,10,2,2,6,3,4,3,8,3,2,5,4,9,9,8,1,2,3,4,6,2,4,2,7,10,12,6,3,9,5,5,6,6,,,12,12,,,6,5,9,2,9,9,7,12,9,3,3,6,4,4,6,7,5,7,4,12,3,6,6,,12,,,6,4,3,3,1,5,7,2,1,5,1,5,12,12,10,12,12,7,8,1,2,4,9,1,12,4,4,12,6,11,7,2,4,5,4,3,4,4,3,4,,,2,3,,,6,8,9,4,6,3,1,2,3,4,1,5,12,12,12,4,2,3,11,8,2,6,3,3,,5,,,b'\x11\xe8\xe1I\xee\xad\x8cb\x9a\xbe\x12\xdf\x17\xaeN\x1e'
11E8E149-EEAD-8C62-9ABE-12DF17AE4E1E,2018-ncaa-d3-natl,ncaa,196,251,68,222,101,229,278,200,341,317,280,343,145,120,223,126,95,75,241,77,35,164,173,312,289,277,62,120,54,218,326,165,232,189,303,353,397,221,205,335,252,308,192,208,,,441,443,,,259,158,325,233,318,366,342,381,363,177,161,123,113,113,299,336,291,275,306,399,143,328,217,,438,,,254,247,101,151,111,208,260,158,18,89,7,52,444,444,330,444,440,292,302,57,178,189,283,9,443,297,232,383,326,356,303,92,143,162,206,115,153,139,211,233,,,95,79,,,259,290,288,201,252,146,49,42,128,151,6,38,442,442,442,147,135,201,291,264,60,242,104,156,,144,,,b'\x11\xe8\xe1I\xee\xad\x8cb\x9a\xbe\x12\xdf\x17\xaeN\x1e'
11E8E149-EEAD-8C62-9ABE-12DF17AE4E1E,2019-ncaa-d3-conf-ODAC,ncaa,6,5,5,5,5,6,5,5,8,9,6,8,2,2,3,4,9,9,4,9,10,5,6,7,7,4,4,2,12,2,1,8,4,4,4,9,12,1,1,4,7,7,11,10,,,10,13,,,5,9,10,2,4,3,2,7,4,2,2,9,9,9,4,5,2,6,1,9,1,7,11,,11,,,4,4,3,1,4,1,4,4,8,6,8,8,11,12,6,12,13,6,6,5,8,8,13,8,13,3,4,5,1,5,4,4,6,8,6,6,2,3,3,2,,,9,11,,,5,5,2,7,4,5,4,2,1,1,8,9,12,12,12,4,4,4,6,6,5,7,2,3,,9,,,b'\x11\xe8\xe1I\xee\xad\x8cb\x9a\xbe\x12\xdf\x17\xaeN\x1e'
11E8E149-EEAD-8C62-9ABE-12DF17AE4E1E,2019-ncaa-d3-natl,ncaa,169,185,129,179,134,161,188,151,253,220,182,290,116,142,101,189,140,163,128,164,180,145,165,225,212,172,111,143,159,88,122,153,113,113,123,305,407,153,115,270,290,305,286,264,,,406,432,,,186,206,336,16,173,208,146,253,210,115,156,145,167,169,147,197,96,162,97,360,124,329,314,,400,,,186,266,134,124,194,107,113,167,306,253,345,237,429,438,105,438,441,221,206,233,284,291,416,277,430,149,113,266,122,219,123,106,115,255,262,163,239,224,126,102,,,151,166,,,186,238,141,255,185,224,119,66,97,75,276,210,429,437,438,179,132,121,225,176,100,284,216,103,,154,,,b'\x11\xe8\xe1I\xee\xad\x8cb\x9a\xbe\x12\xdf\x17\xaeN\x1e'
11E8E149-EEAD-8C62-9ABE-12DF17AE4E1E,2020-ncaa-d3-conf-ODAC,ncaa,10,11,6,11,10,12,11,10,12,10,9,12,13,11,13,9,9,8,12,8,8,10,8,12,12,12,10,11,4,8,10,7,9,8,9,9,7,13,13,13,12,13,8,10,,,7,6,,,13,7,5,13,12,12,10,10,6,13,10,9,7,7,9,7,8,5,7,9,13,13,8,,9,,,13,11,10,10,7,11,13,4,7,4,12,1,9,9,8,9,7,11,7,7,6,10,6,5,8,9,9,10,10,10,9,7,6,13,13,11,13,13,4,4,,,11,12,,,13,7,12,9,12,10,11,12,11,12,8,5,9,9,9,12,9,10,8,8,8,13,13,3,,11,,,b'\x11\xe8\xe1I\xee\xad\x8cb\x9a\xbe\x12\xdf\x17\xaeN\x1e'
11E8E149-EEAD-8C62-9ABE-12DF17AE4E1E,2020-ncaa-d3-natl,ncaa,367,391,198,374,317,378,375,343,392,331,240,389,405,377,414,359,235,166,357,170,165,332,266,405,397,401,308,385,34,328,371,187,301,251,339,382,325,383,388,407,378,400,259,306,,,229,213,,,390,240,163,416,400,402,382,356,218,411,376,219,144,152,349,242,337,145,252,409,377,390,255,,271,,,381,289,288,312,206,353,382,177,88,104,143,43,361,343,337,346,224,338,245,146,182,286,101,38,327,332,301,336,371,345,339,149,61,342,375,280,418,410,141,153,,,294,297,,,390,213,406,308,382,300,300,340,348,403,98,96,372,349,356,363,298,333,348,347,163,359,408,149,,309,,,b'\x11\xe8\xe1I\xee\xad\x8cb\x9a\xbe\x12\xdf\x17\xaeN\x1e'
11E8E149-EEAD-8C62-9ABE-12DF17AE4E1E,2021-ncaa-d3-conf-ODAC,ncaa,5,6,6,6,7,7,7,7,9,6,6,9,8,7,10,9,5,4,8,5,2,6,6,9,9,9,8,8,2,8,9,6,8,6,6,7,3,10,11,9,10,11,7,10,,,6,3,,,11,6,2,11,9,9,9,8,6,8,9,4,3,3,7,2,11,1,3,9,11,11,9,,5,,,10,7,8,7,8,9,7,6,5,5,5,5,5,6,1,6,2,7,7,8,5,9,2,2,2,6,8,5,9,5,6,9,7,7,11,11,11,11,8,9,,,5,2,,,11,6,9,10,9,10,11,11,11,11,6,6,4,7,7,11,10,9,6,8,11,10,11,8,,3,,,b'\x11\xe8\xe1I\xee\xad\x8cb\x9a\xbe\x12\xdf\x17\xaeN\x1e'
11E8E149-EEAD-8C62-9ABE-12DF17AE4E1E,2021-ncaa-d3-natl,ncaa,101,214,61,162,80,99,104,82,180,93,69,188,146,127,204,224,62,60,175,57,92,77,62,199,191,232,193,232,49,114,223,41,83,57,120,101,105,263,267,244,168,272,177,270,,,207,83,,,258,54,15,274,197,205,211,156,121,233,229,100,77,74,182,63,231,14,73,165,274,263,252,,148,,,229,232,245,248,148,257,257,127,190,197,134,48,198,225,32,225,82,245,233,121,96,161,40,64,82,221,83,214,223,220,120,248,163,116,257,248,272,272,205,146,,,52,72,,,258,234,243,160,219,226,243,266,254,275,117,123,137,189,191,268,249,180,144,158,232,228,278,155,,50,,,b'\x11\xe8\xe1I\xee\xad\x8cb\x9a\xbe\x12\xdf\x17\xaeN\x1e'
11E8E149-EEAD-8C62-9ABE-12DF17AE4E1E,2022-ncaa-d3-conf-ODAC,ncaa,12,12,8,12,9,12,10,8,12,10,8,11,9,5,12,5,10,9,10,9,7,8,8,11,11,12,6,7,7,12,12,9,11,10,12,10,10,11,11,12,6,7,10,11,,,11,8,,,12,6,1,9,12,12,8,10,9,9,4,10,9,9,10,4,12,9,12,10,11,6,11,,11,,,12,12,12,10,11,12,11,10,9,7,11,5,11,10,7,10,8,10,9,11,11,11,5,6,7,12,11,11,12,12,12,12,12,10,11,12,11,12,12,11,,,12,12,,,12,7,12,11,12,12,12,12,12,12,10,6,12,11,11,12,12,12,11,12,12,6,11,12,,11,,,b'\x11\xe8\xe1I\xee\xad\x8cb\x9a\xbe\x12\xdf\x17\xaeN\x1e'
11E8E149-EEAD-8C62-9ABE-12DF17AE4E1E,2022-ncaa-d3-natl,ncaa,393,410,250,403,271,342,357,306,378,335,299,348,303,195,385,164,251,212,313,208,114,287,266,379,371,377,176,233,73,377,412,332,407,360,416,376,374,341,358,390,222,267,269,321,,,310,279,,,402,205,75,153,374,385,314,364,305,305,183,220,155,153,290,183,393,360,393,398,352,205,284,,368,,,398,391,387,300,364,399,354,350,219,168,325,76,348,367,130,363,284,321,288,351,353,376,109,96,234,392,407,342,412,383,416,408,360,264,333,391,367,376,300,360,,,327,341,,,402,217,389,391,398,395,389,382,400,399,241,192,371,381,378,396,385,389,387,395,405,252,368,333,,339,,,b'\x11\xe8\xe1I\xee\xad\x8cb\x9a\xbe\x12\xdf\x17\xaeN\x1e'
11E8E149-EEAD-8C62-9ABE-12DF17AE4E1E,2023-ncaa-d3-conf-ODAC,ncaa,11,10,11,11,11,12,12,12,10,9,8,9,13,13,13,12,10,12,2,12,11,12,12,11,10,11,11,13,3,11,10,12,12,12,11,13,13,13,13,13,12,10,8,8,,,1,1,,,10,11,7,2,12,12,12,8,6,13,13,8,10,10,12,8,11,8,10,13,13,9,7,,1,,,10,5,10,9,9,11,10,7,2,3,8,2,1,1,4,1,1,7,3,8,5,8,1,4,1,11,12,1,10,4,11,8,6,11,10,11,13,13,8,10,,,13,11,,,10,3,12,9,10,9,10,11,11,13,7,4,1,1,1,10,9,12,3,9,10,9,13,11,,12,,,b'\x11\xe8\xe1I\xee\xad\x8cb\x9a\xbe\x12\xdf\x17\xaeN\x1e'
11E8E149-EEAD-8C62-9ABE-12DF17AE4E1E,2023-ncaa-d3-natl,ncaa,357,345,333,361,354,376,373,395,316,314,298,330,394,398,359,384,247,281,147,281,199,391,366,346,320,358,330,387,37,367,260,374,371,381,311,410,423,361,399,411,291,275,315,337,,,54,73,,,338,349,220,150,372,376,409,288,223,398,400,175,204,205,394,278,345,365,384,416,391,251,293,,89,,,336,100,199,151,271,278,248,230,86,70,226,88,25,46,20,42,30,111,102,230,158,180,24,125,37,269,371,38,260,80,311,219,216,268,219,267,334,380,266,319,,,350,288,,,338,78,367,232,342,226,318,315,348,370,143,116,35,63,58,267,260,338,67,174,285,194,364,338,,316,,,b'\x11\xe8\xe1I\xee\xad\x8cb\x9a\xbe\x12\xdf\x17\xaeN\x1e'
11E8E149-EEAD-8C62-9ABE-12DF17AE4E1E,2024-ncaa-d3-conf-ODAC,ncaa,13,13,11,13,12,13,13,12,13,13,11,13,13,13,13,13,13,13,11,13,13,12,12,13,13,13,13,13,4,12,13,13,13,13,13,13,13,10,13,13,13,12,13,13,,,1,1,,,13,12,9,7,13,13,12,13,6,13,13,13,13,13,12,12,12,13,13,13,12,11,13,,1,,,13,9,13,7,13,13,11,11,2,1,12,1,2,2,2,2,2,4,3,12,11,12,1,2,1,12,13,9,13,13,13,10,6,12,12,13,12,13,8,10,,,13,13,,,13,1,13,13,13,12,13,11,13,12,4,1,4,4,4,10,7,13,11,13,10,11,13,11,,13,,,b'\x11\xe8\xe1I\xee\xad\x8cb\x9a\xbe\x12\xdf\x17\xaeN\x1e'
11E8E149-EEAD-8C62-9ABE-12DF17AE4E1E,2024-ncaa-d3-natl,ncaa,408,375,392,413,393,416,414,408,405,395,350,401,416,414,406,382,415,416,369,416,409,410,408,413,412,409,399,378,260,402,402,411,409,413,412,417,418,220,388,412,374,329,416,418,,,18,44,,,401,403,325,104,416,411,402,365,189,417,409,412,410,409,409,373,393,410,415,420,351,328,420,,43,,,402,80,156,38,397,289,141,383,14,15,211,15,38,40,87,41,78,33,30,369,342,351,9,20,72,251,409,91,402,146,412,124,112,361,278,305,282,391,181,299,,,413,379,,,401,25,408,384,408,324,366,269,397,378,47,29,115,150,159,246,218,380,341,367,275,269,367,317,,410,,,b'\x11\xe8\xe1I\xee\xad\x8cb\x9a\xbe\x12\xdf\x17\xaeN\x1e'
11E8E149-EEAD-8C62-9ABE-12DF17AE4E1E,2025-ncaa-d3-conf-ODAC,genius_ncaa,13,13,8,13,9,10,8,13,3,6,6,6,13,13,12,13,9,6,13,6,9,13,11,6,8,10,13,13,9,10,5,12,9,11,7,12,13,12,13,13,10,9,11,10,,,6,10,,10,12,12,9,5,9,7,12,6,5,13,13,8,6,6,12,7,9,11,11,13,12,7,11,,9,,10,12,10,12,2,13,13,4,13,1,1,4,1,8,13,1,13,12,3,2,12,12,13,1,1,7,5,9,1,5,1,7,6,4,11,9,9,12,13,4,5,,,7,3,,12,12,2,10,12,12,12,12,6,13,6,3,1,10,12,12,6,6,7,1,2,7,8,11,6,,4,,12,b'\x11\xe8\xe1I\xee\xad\x8cb\x9a\xbe\x12\xdf\x17\xaeN\x1e'
11E8E149-EEAD-8C62-9ABE-12DF17AE4E1E,2025-ncaa-d3-natl,genius_ncaa,359,356,345,360,357,355,326,371,198,226,218,245,402,404,355,407,336,275,392,278,278,369,345,278,302,346,409,404,208,187,58,382,319,333,184,387,411,343,384,389,236,168,297,278,,,175,300,,328,323,368,251,258,350,288,365,146,96,403,409,314,197,203,354,206,106,369,250,392,378,180,269,,288,,366,326,116,152,34,374,264,94,387,30,29,89,76,189,255,27,251,322,48,47,343,336,292,45,30,227,178,319,22,58,39,184,71,56,239,149,141,284,344,196,212,,,277,165,,267,323,52,331,302,327,267,289,126,344,200,60,68,280,344,339,160,183,256,63,126,148,148,338,275,,170,,251,b'\x11\xe8\xe1I\xee\xad\x8cb\x9a\xbe\x12\xdf\x17\xaeN\x1e'
11E8E149-EEAD-8C62-9ABE-12DF17AE4E1E,2026-ncaa-d3-conf-ODAC,genius_ncaa,6,7,1,7,1,2,2,2,5,2,2,7,4,8,2,11,2,2,3,3,5,2,2,7,4,4,6,10,3,2,4,3,8,2,8,5,9,12,6,7,3,8,11,12,,,12,9,,6,6,2,11,5,6,8,11,6,6,7,12,4,5,5,10,10,8,11,10,7,4,8,12,,8,,5,6,12,12,11,12,12,11,12,10,11,4,7,9,11,7,11,10,11,11,12,11,11,3,4,6,10,8,11,4,10,8,9,7,1,4,8,10,5,5,2,,,2,4,,4,6,11,4,9,6,8,7,3,8,3,5,4,7,9,9,4,3,3,2,1,6,8,4,1,,6,,8,b'\x11\xe8\xe1I\xee\xad\x8cb\x9a\xbe\x12\xdf\x17\xaeN\x1e'
11E8E149-EEAD-8C62-9ABE-12DF17AE4E1E,2026-ncaa-d3-natl,genius_ncaa,98,132,116,138,139,115,90,189,35,32,53,112,352,391,64,413,57,102,79,113,273,170,151,97,71,131,399,403,133,78,21,230,265,153,67,263,400,316,301,322,102,105,364,385,,,160,97,,104,133,169,228,113,105,79,248,19,32,376,411,70,115,122,213,159,86,301,185,315,304,117,382,,94,,90,144,238,247,206,295,276,259,245,162,108,301,52,261,249,232,258,227,215,245,270,270,222,125,108,245,244,265,102,21,143,67,122,28,103,97,60,254,208,55,10,,,165,233,,236,133,240,93,220,146,209,213,131,259,237,107,45,243,224,236,144,187,213,19,62,65,106,215,37,,196,,265,b'\x11\xe8\xe1I\xee\xad\x8cb\x9a\xbe\x12\xdf\x17\xaeN\x1e'
11E8E149-EEB2-5A44-9ABE-12DF17AE4E1E,2018-ncaa-d3-conf-ACAA,ncaa,2,1,4,1,4,3,3,4,1,3,4,1,4,4,5,4,3,3,3,3,3,4,4,1,1,1,4,4,4,4,3,3,1,3,2,3,4,2,1,1,4,3,2,1,,,2,2,,,1,4,3,5,1,1,3,1,2,4,3,2,3,3,3,3,4,1,1,2,1,3,1,,3,,,1,2,2,2,1,2,2,1,4,3,5,4,2,2,5,2,3,2,2,1,2,2,5,5,4,2,1,2,3,2,2,2,4,4,1,2,1,1,2,1,,,4,3,,,1,2,1,1,1,2,1,2,1,2,5,4,3,3,2,2,3,1,4,3,2,2,1,1,,3,,,b'\x11\xe8\xe1I\xee\xb2ZD\x9a\xbe\x12\xdf\x17\xaeN\x1e'
11E8E149-EEB2-5A44-9ABE-12DF17AE4E1E,2018-ncaa-d3-natl,ncaa,218,68,429,133,434,352,308,409,58,247,359,53,363,386,193,320,410,407,380,407,345,415,409,88,131,236,392,325,411,388,140,281,187,339,78,270,189,229,390,277,353,290,130,114,,,31,60,,,159,408,8,437,74,28,66,19,59,235,264,325,233,230,78,22,173,1,13,51,423,183,47,,222,,,146,12,21,59,23,48,144,27,12,36,15,80,52,76,38,73,91,53,34,13,12,37,78,68,215,133,187,11,140,18,78,36,154,386,309,194,142,302,20,38,,,431,422,,,159,37,261,52,154,254,291,433,331,436,107,244,235,322,308,434,429,393,157,290,233,145,371,84,,326,,,b'\x11\xe8\xe1I\xee\xb2ZD\x9a\xbe\x12\xdf\x17\xaeN\x1e'
11E8E149-EEB2-5A44-9ABE-12DF17AE4E1E,2019-ncaa-d3-conf-ACAA,ncaa,2,4,2,3,2,3,3,3,3,3,3,3,1,1,2,1,2,2,3,2,4,3,2,3,3,3,2,1,5,2,3,3,6,2,4,3,2,5,5,4,3,4,1,1,,,6,5,,,4,3,4,1,3,3,5,4,6,1,1,4,5,5,6,3,4,4,4,3,5,4,1,,5,,,3,5,5,4,4,5,5,4,4,4,3,1,6,6,4,6,5,4,4,4,4,4,3,1,6,4,6,4,3,4,4,5,2,2,3,3,5,5,5,4,,,2,3,,,4,4,3,4,3,5,4,4,5,5,1,2,6,6,5,4,4,5,2,3,3,2,5,3,,5,,,b'\x11\xe8\xe1I\xee\xb2ZD\x9a\xbe\x12\xdf\x17\xaeN\x1e'
11E8E149-EEB2-5A44-9ABE-12DF17AE4E1E,2019-ncaa-d3-natl,ncaa,306,134,434,245,434,416,405,424,252,377,406,187,397,380,380,224,428,431,305,431,410,428,429,282,311,325,382,292,397,405,182,432,422,429,347,342,66,50,333,229,309,156,286,244,,,9,15,,,297,431,45,250,238,159,68,108,106,297,187,381,380,380,122,63,176,309,264,85,377,88,128,,55,,,321,14,27,23,229,92,72,225,12,14,89,72,20,21,123,23,49,17,17,170,131,175,24,55,83,171,422,9,182,16,347,51,214,404,272,289,131,374,39,151,,,435,438,,,297,14,334,236,310,346,389,421,415,427,121,181,145,162,160,414,423,423,201,354,353,151,395,197,,427,,,b'\x11\xe8\xe1I\xee\xb2ZD\x9a\xbe\x12\xdf\x17\xaeN\x1e'
11E8E149-EEB2-5A44-9ABE-12DF17AE4E1E,2020-ncaa-d3-conf-ACAA,ncaa,3,6,1,3,1,1,1,1,5,1,1,4,1,1,5,1,3,3,3,3,6,1,1,4,5,3,4,1,5,1,5,2,5,2,6,1,3,5,1,1,1,1,4,5,,,6,3,,,3,1,2,2,3,1,1,3,1,1,1,5,6,6,1,2,3,5,4,3,1,1,4,,3,,,3,6,6,6,4,6,6,4,6,5,6,2,6,6,1,6,4,6,6,5,4,3,3,3,3,6,5,6,5,6,6,6,5,1,1,2,5,1,4,3,,,3,6,,,3,6,3,3,3,4,3,3,4,3,4,3,3,4,4,3,5,4,6,6,5,1,2,3,,6,,,b'\x11\xe8\xe1I\xee\xb2ZD\x9a\xbe\x12\xdf\x17\xaeN\x1e'
11E8E149-EEB2-5A44-9ABE-12DF17AE4E1E,2020-ncaa-d3-natl,ncaa,397,218,432,381,432,425,429,428,411,434,433,401,323,253,379,23,422,427,281,427,202,429,430,399,398,363,38,36,227,424,416,433,436,433,437,419,192,9,117,263,228,47,436,437,,,14,132,,,337,431,12,113,268,309,19,374,257,62,13,236,222,217,23,36,247,402,366,257,220,17,437,,375,,,364,9,15,8,363,21,9,360,27,17,305,214,20,73,1,67,366,8,9,359,301,165,165,230,159,266,436,78,416,136,437,41,285,279,38,115,10,132,69,336,,,433,410,,,337,8,374,304,359,402,396,385,399,368,338,339,312,418,417,413,435,436,436,436,378,10,210,334,,332,,,b'\x11\xe8\xe1I\xee\xb2ZD\x9a\xbe\x12\xdf\x17\xaeN\x1e'
11E8E149-EEB2-5A44-9ABE-12DF17AE4E1E,2021-ncaa-d3-conf-CSAC,ncaa,2,2,2,2,2,3,3,3,2,2,2,2,3,3,2,3,2,2,3,2,2,3,2,2,2,2,3,3,2,3,3,2,3,3,3,3,3,2,2,2,1,2,2,2,,,2,3,,,2,2,1,1,2,2,2,1,1,2,2,2,2,2,2,2,3,2,3,3,2,1,1,,3,,,2,2,2,2,1,2,2,1,1,1,2,1,3,3,3,3,3,2,2,1,2,1,1,1,3,2,3,2,3,2,3,2,3,1,1,1,2,2,1,1,,,2,1,,,2,2,2,2,2,2,2,2,2,3,1,1,3,3,3,3,3,3,3,3,2,1,2,1,,1,,,b'\x11\xe8\xe1I\xee\xb2ZD\x9a\xbe\x12\xdf\x17\xaeN\x1e'
11E8E149-EEB2-5A44-9ABE-12DF17AE4E1E,2021-ncaa-d3-natl,ncaa,215,28,256,125,259,266,263,263,210,265,264,206,259,259,173,123,271,269,259,269,259,264,262,204,225,195,191,106,268,263,235,267,274,264,267,269,279,23,71,223,253,57,269,254,,,25,112,,,141,267,110,110,211,164,89,166,102,142,118,264,250,252,133,189,169,186,195,268,53,27,241,,213,,,145,18,15,21,15,16,23,13,20,20,90,39,34,31,147,31,233,23,30,13,29,16,227,71,278,40,274,28,235,32,267,14,108,250,22,11,13,25,3,4,,,261,185,,,141,24,202,34,116,72,34,156,53,206,52,67,257,259,260,203,271,282,264,278,44,11,18,3,,201,,,b'\x11\xe8\xe1I\xee\xb2ZD\x9a\xbe\x12\xdf\x17\xaeN\x1e'
11E8E149-EEB2-5A44-9ABE-12DF17AE4E1E,2022-ncaa-d3-conf-CSAC,ncaa,7,5,8,7,10,9,10,9,10,10,8,10,6,5,6,4,8,8,6,9,7,9,8,9,9,9,3,3,5,7,5,10,7,10,5,8,7,6,8,8,5,2,9,8,,,9,9,,,8,8,1,6,9,10,6,10,6,3,4,8,6,7,6,4,6,9,9,8,9,3,9,,9,,,8,2,2,1,6,1,1,6,4,5,6,8,9,9,5,9,9,2,2,6,7,6,10,7,9,3,7,3,5,3,5,3,7,8,5,6,8,10,9,10,,,9,7,,,8,2,9,5,8,6,4,3,4,1,9,8,9,9,9,6,5,4,5,4,4,4,10,10,,6,,,b'\x11\xe8\xe1I\xee\xb2ZD\x9a\xbe\x12\xdf\x17\xaeN\x1e'
11E8E149-EEB2-5A44-9ABE-12DF17AE4E1E,2022-ncaa-d3-natl,ncaa,328,257,376,323,382,393,394,341,408,393,322,411,303,240,350,161,388,385,341,388,364,348,337,403,404,398,159,143,247,217,113,388,357,359,285,360,165,233,342,357,204,111,396,382,,,127,280,,,347,361,84,271,379,375,102,378,168,237,137,371,347,354,140,65,72,373,236,306,367,84,395,,330,,,348,59,46,48,171,48,49,176,117,117,205,240,245,288,104,281,389,53,67,185,206,191,338,228,370,141,357,76,113,87,285,203,398,263,153,253,277,348,139,218,,,404,413,,,347,66,391,209,352,256,196,224,175,185,256,267,374,388,388,291,330,312,262,292,334,113,374,246,,396,,,b'\x11\xe8\xe1I\xee\xb2ZD\x9a\xbe\x12\xdf\x17\xaeN\x1e'
11E8E149-EEB2-5A44-9ABE-12DF17AE4E1E,2023-ncaa-d3-conf-CSAC,ncaa,7,7,6,7,8,10,10,9,10,9,8,10,7,8,7,5,7,6,9,6,3,9,8,10,10,10,6,6,1,7,7,9,8,8,6,10,10,10,10,10,9,9,8,8,,,6,7,,,10,8,7,7,10,10,10,9,8,7,7,7,6,4,10,7,7,9,8,10,10,9,8,,7,,,10,6,7,5,6,7,4,8,5,6,6,5,7,7,2,7,7,4,3,6,7,7,6,5,5,4,8,2,7,2,6,7,9,7,7,8,10,10,10,10,,,7,4,,,10,2,10,7,10,7,6,5,6,4,6,7,7,7,7,6,4,5,2,2,7,7,10,10,,6,,,b'\x11\xe8\xe1I\xee\xb2ZD\x9a\xbe\x12\xdf\x17\xaeN\x1e'
11E8E149-EEB2-5A44-9ABE-12DF17AE4E1E,2023-ncaa-d3-natl,ncaa,341,297,377,344,393,402,398,397,383,363,326,378,401,394,407,352,382,334,409,334,245,396,353,399,405,414,374,377,153,314,179,377,332,370,246,406,387,411,418,416,284,239,365,364,,,63,114,,,365,351,118,286,408,398,370,329,206,405,387,361,260,260,363,125,224,312,284,408,419,196,334,,172,,,370,68,118,73,251,220,148,290,34,59,31,96,74,164,3,169,208,77,66,192,136,148,27,43,133,201,332,32,179,49,246,242,333,283,204,285,412,415,201,284,,,382,373,,,365,63,413,173,372,238,293,282,349,343,61,134,153,284,293,297,295,320,87,184,321,161,417,306,,336,,,b'\x11\xe8\xe1I\xee\xb2ZD\x9a\xbe\x12\xdf\x17\xaeN\x1e'
11E8E149-EEB2-5A44-9ABE-12DF17AE4E1E,2024-ncaa-d3-conf-United East,ncaa,14,17,3,16,3,14,14,9,17,17,12,17,5,3,10,3,8,8,14,8,2,9,5,16,16,16,1,3,2,13,16,6,16,9,16,15,13,17,17,17,14,17,14,15,,,10,5,,,16,4,12,4,17,17,16,17,17,7,5,12,12,11,16,15,15,15,16,16,17,16,15,,5,,,16,17,17,17,14,16,17,14,16,17,12,10,10,14,2,13,5,17,17,14,12,14,5,11,5,17,16,14,16,17,16,13,4,12,16,13,17,14,9,13,,,7,9,,,16,15,17,15,16,15,15,16,15,16,12,12,7,8,8,16,14,16,10,16,8,15,15,4,,13,,,b'\x11\xe8\xe1I\xee\xb2ZD\x9a\xbe\x12\xdf\x17\xaeN\x1e'
11E8E149-EEB2-5A44-9ABE-12DF17AE4E1E,2024-ncaa-d3-natl,ncaa,396,394,345,402,350,405,411,385,414,413,385,419,324,287,344,158,345,322,370,315,114,384,331,412,405,412,56,124,59,388,383,350,416,379,406,409,292,408,414,418,401,418,382,400,,,54,26,,,413,290,73,112,411,416,404,421,374,288,244,323,264,257,400,167,392,301,375,411,416,403,377,,101,,,408,325,366,372,268,374,386,245,195,189,201,107,98,176,14,169,75,359,273,232,167,306,42,122,57,412,416,141,383,331,406,251,75,361,399,363,382,401,42,135,,,360,346,,,413,153,414,372,409,389,400,418,405,415,280,304,163,269,267,419,404,419,286,398,318,352,395,59,,323,,,b'\x11\xe8\xe1I\xee\xb2ZD\x9a\xbe\x12\xdf\x17\xaeN\x1e'
11E8E149-EEB2-5A44-9ABE-12DF17AE4E1E,2025-ncaa-d3-conf-United East,genius_ncaa,13,13,13,13,17,16,16,17,11,16,17,14,10,13,3,11,15,14,12,15,6,17,16,12,12,15,6,6,7,17,17,8,9,13,14,14,10,17,17,16,17,17,14,15,,,1,1,,14,14,13,6,16,16,16,17,16,16,10,13,15,13,14,17,12,17,2,11,14,17,17,13,,2,,16,14,8,12,15,8,14,15,8,9,8,11,6,2,2,1,2,2,14,7,6,5,13,2,10,2,12,9,7,17,10,14,13,11,17,17,17,15,16,1,2,,,14,8,,13,14,5,16,13,14,12,14,17,15,17,10,11,2,2,2,17,11,14,9,13,14,17,16,1,,11,,13,b'\x11\xe8\xe1I\xee\xb2ZD\x9a\xbe\x12\xdf\x17\xaeN\x1e'
11E8E149-EEB2-5A44-9ABE-12DF17AE4E1E,2025-ncaa-d3-natl,genius_ncaa,370,334,386,372,395,398,393,407,336,379,368,371,384,402,190,370,380,373,345,373,251,407,389,351,352,392,284,315,141,408,383,306,363,376,350,382,269,398,416,397,411,414,388,401,,,7,3,,272,386,376,64,402,390,383,408,347,235,367,391,327,288,288,404,159,392,37,224,371,414,409,377,,8,,340,388,138,274,265,227,288,341,127,218,100,375,92,11,17,1,16,6,194,85,222,101,258,37,265,5,357,363,42,383,147,350,290,263,407,412,400,380,405,2,3,,,377,254,,368,386,45,397,335,387,369,392,411,393,414,346,293,13,61,64,406,389,401,256,362,371,390,405,2,,235,,360,b'\x11\xe8\xe1I\xee\xb2ZD\x9a\xbe\x12\xdf\x17\xaeN\x1e'
11E8E149-EEB2-5A44-9ABE-12DF17AE4E1E,2026-ncaa-d3-conf-United East,genius_ncaa,11,12,4,11,4,12,13,9,13,13,12,12,11,7,13,3,4,6,2,6,1,9,8,13,12,13,1,9,1,13,14,7,14,10,14,13,14,12,14,14,11,13,11,13,,,4,1,,1,14,6,9,1,14,14,14,14,14,12,11,6,9,10,14,14,14,13,14,14,13,13,11,,1,,1,14,12,13,12,14,13,12,13,9,10,10,4,9,6,11,6,1,10,10,14,13,14,2,3,1,12,14,8,14,11,14,12,5,11,13,13,12,14,3,4,,,4,4,,6,14,7,14,14,14,14,14,14,14,14,10,7,5,4,4,13,12,14,8,13,13,13,13,3,,7,,6,b'\x11\xe8\xe1I\xee\xb2ZD\x9a\xbe\x12\xdf\x17\xaeN\x1e'
11E8E149-EEB2-5A44-9ABE-12DF17AE4E1E,2026-ncaa-d3-natl,genius_ncaa,390,268,379,390,382,409,412,405,413,412,408,404,403,391,411,110,341,362,143,361,4,404,398,412,396,412,12,318,2,411,416,394,413,403,415,413,415,307,415,416,409,416,392,401,,,8,1,,1,402,387,179,113,414,416,415,416,416,404,347,129,179,192,415,378,415,372,413,416,413,414,379,,1,,1,412,99,170,91,381,258,178,354,29,24,219,15,14,15,72,15,4,64,39,345,288,387,2,24,3,255,413,37,416,87,415,157,150,403,415,411,314,412,12,199,,,376,52,,381,402,29,412,407,413,396,411,409,415,416,129,92,43,64,63,403,354,407,231,380,380,409,409,32,,147,,376,b'\x11\xe8\xe1I\xee\xb2ZD\x9a\xbe\x12\xdf\x17\xaeN\x1e'
11E8E149-EEB7-0616-9ABE-12DF17AE4E1E,2018-ncaa-d3-conf-Liberty League,ncaa,4,5,1,5,4,5,3,3,3,4,4,5,3,4,2,5,10,10,4,10,10,5,5,2,2,4,6,4,10,1,2,4,3,2,2,5,3,4,5,5,7,7,7,8,,,9,8,,,5,5,9,8,5,4,5,6,6,3,4,10,10,10,7,8,4,5,4,5,4,7,7,,6,,,5,5,7,6,5,9,9,4,1,1,4,1,8,8,9,8,4,7,5,5,5,6,2,1,6,3,3,3,2,2,2,2,1,7,7,4,3,2,5,5,,,10,10,,,5,6,3,6,5,3,6,3,7,9,1,1,5,5,5,4,2,2,2,2,2,8,2,4,,10,,,b'\x11\xe8\xe1I\xee\xb7\x06\x16\x9a\xbe\x12\xdf\x17\xaeN\x1e'
11E8E149-EEB7-0616-9ABE-12DF17AE4E1E,2018-ncaa-d3-natl,ncaa,114,138,68,134,102,170,128,159,97,130,147,121,156,216,82,224,355,393,147,394,422,205,224,93,126,125,312,180,428,149,98,117,56,125,50,102,130,187,188,96,341,347,406,420,,,253,302,,,149,245,418,237,233,156,281,159,240,192,271,409,432,431,356,398,208,187,199,119,113,395,425,,155,,,154,154,227,228,208,339,370,196,36,52,83,42,138,122,275,123,64,201,161,144,137,210,24,37,168,87,56,123,98,94,50,65,21,321,337,189,53,57,47,27,,,362,408,,,149,208,125,180,141,82,137,109,245,277,17,23,91,79,79,74,28,51,52,39,41,403,39,27,,430,,,b'\x11\xe8\xe1I\xee\xb7\x06\x16\x9a\xbe\x12\xdf\x17\xaeN\x1e'
11E8E149-EEB7-0616-9ABE-12DF17AE4E1E,2019-ncaa-d3-conf-Liberty League,ncaa,2,2,1,2,4,4,3,4,1,4,5,2,1,3,1,3,7,7,3,7,9,4,4,1,1,2,4,3,8,6,5,2,2,3,2,3,3,7,7,3,4,7,4,4,,,2,1,,,3,4,6,7,4,3,6,4,8,2,4,7,8,8,7,7,8,2,5,3,6,7,4,,1,,,3,6,9,10,4,9,9,4,4,4,4,2,2,2,10,2,1,8,7,3,3,3,2,3,2,6,2,2,5,3,2,1,1,4,5,2,9,9,4,5,,,4,4,,,3,7,2,4,3,3,7,9,8,9,2,1,2,2,2,8,5,4,1,2,1,5,9,4,,6,,,b'\x11\xe8\xe1I\xee\xb7\x06\x16\x9a\xbe\x12\xdf\x17\xaeN\x1e'
11E8E149-EEB7-0616-9ABE-12DF17AE4E1E,2019-ncaa-d3-natl,ncaa,53,72,42,71,62,61,45,89,27,59,130,39,60,114,31,167,292,341,70,351,402,130,121,24,34,50,269,144,416,194,172,26,108,63,77,63,210,286,222,103,273,342,142,256,,,61,18,,,89,108,306,331,108,61,240,98,256,103,197,363,404,411,319,338,293,63,130,98,168,350,196,,12,,,93,284,385,419,156,409,432,166,122,179,91,81,58,45,280,42,7,389,349,125,85,158,12,87,34,296,108,176,172,218,77,71,4,256,350,142,327,282,158,115,,,219,306,,,89,343,63,160,82,130,259,320,323,389,63,78,22,18,16,231,137,181,53,84,33,370,233,102,,360,,,b'\x11\xe8\xe1I\xee\xb7\x06\x16\x9a\xbe\x12\xdf\x17\xaeN\x1e'
11E8E149-EEB7-0616-9ABE-12DF17AE4E1E,2020-ncaa-d3-conf-Liberty League,ncaa,2,2,1,2,1,1,1,1,1,2,3,1,2,2,2,6,4,6,2,6,7,1,2,2,1,1,6,5,9,3,3,4,5,4,3,2,6,4,1,2,2,2,4,6,,,10,9,,,1,1,3,2,1,1,1,2,5,2,2,5,6,6,2,3,4,4,4,2,1,2,4,,10,,,1,6,6,5,5,8,8,5,4,1,6,2,6,9,1,9,7,6,8,4,3,3,4,4,5,5,5,5,3,5,3,2,1,2,3,2,1,1,6,6,,,7,10,,,1,10,1,3,1,4,5,4,7,7,3,1,6,7,7,3,7,3,3,3,2,2,1,5,,8,,,b'\x11\xe8\xe1I\xee\xb7\x06\x16\x9a\xbe\x12\xdf\x17\xaeN\x1e'
11E8E149-EEB7-0616-9ABE-12DF17AE4E1E,2020-ncaa-d3-natl,ncaa,79,85,65,88,65,40,23,59,20,35,69,32,58,122,19,206,279,345,59,344,420,84,123,22,28,16,296,160,424,179,163,117,122,142,121,42,215,69,31,14,130,161,139,192,,,303,259,,,40,110,296,9,38,14,78,34,111,71,168,342,404,403,136,252,222,194,217,39,34,171,160,,238,,,37,210,284,296,218,341,383,151,112,82,272,37,148,195,54,202,98,282,306,163,126,139,57,97,134,183,122,194,163,175,121,88,29,166,198,91,103,72,233,151,,,354,419,,,40,330,12,124,33,127,197,183,261,323,67,35,98,139,145,163,149,121,101,94,65,209,65,198,,419,,,b'\x11\xe8\xe1I\xee\xb7\x06\x16\x9a\xbe\x12\xdf\x17\xaeN\x1e'
11E8E149-EEB7-0616-9ABE-12DF17AE4E1E,2022-ncaa-d3-conf-Liberty League,ncaa,2,2,4,2,6,3,3,2,5,9,9,3,1,1,2,1,3,5,2,5,2,2,3,2,2,1,1,1,7,8,9,7,9,8,9,4,5,1,1,1,2,2,7,7,,,6,3,,,2,2,1,10,1,4,1,9,9,1,1,3,4,4,1,3,9,8,8,3,1,1,7,,6,,,2,7,7,6,7,7,6,8,5,8,5,8,6,5,9,5,5,6,9,6,7,3,4,4,4,9,9,10,9,10,9,7,6,1,1,2,1,1,3,7,,,2,4,,,2,9,2,4,2,6,7,6,7,6,5,8,6,5,6,6,10,9,10,10,7,1,1,2,,2,,,b'\x11\xe8\xe1I\xee\xb7\x06\x16\x9a\xbe\x12\xdf\x17\xaeN\x1e'
11E8E149-EEB7-0616-9ABE-12DF17AE4E1E,2022-ncaa-d3-natl,ncaa,96,95,107,105,161,85,123,48,277,323,361,196,3,3,119,3,192,282,9,277,110,65,154,151,152,51,3,3,340,354,422,228,348,293,417,147,238,12,1,7,79,124,320,358,,,180,74,,,133,86,85,289,67,141,23,386,414,3,3,215,337,334,41,213,398,317,380,174,2,93,348,,118,,,137,325,346,313,265,365,325,302,219,264,136,210,225,150,411,155,92,302,352,252,253,186,104,155,142,359,348,425,422,419,417,314,183,42,67,116,12,3,221,343,,,228,298,,,133,336,111,212,149,255,293,285,314,276,160,220,182,109,118,237,334,326,422,411,264,50,3,198,,308,,,b'\x11\xe8\xe1I\xee\xb7\x06\x16\x9a\xbe\x12\xdf\x17\xaeN\x1e'
11E8E149-EEB7-0616-9ABE-12DF17AE4E1E,2023-ncaa-d3-conf-Liberty League,ncaa,3,3,1,3,1,1,2,1,2,2,4,1,1,1,5,3,1,1,2,1,1,1,1,3,2,2,2,3,5,1,2,1,2,1,3,2,6,9,4,3,4,5,8,8,,,9,8,,,3,1,2,2,1,2,1,3,7,2,2,1,2,1,1,1,1,3,1,2,8,5,9,,9,,,3,9,7,9,7,6,6,7,9,8,6,7,6,6,6,6,5,9,10,7,7,6,9,8,4,3,2,7,2,5,3,7,7,3,5,5,8,6,8,8,,,1,3,,,3,10,2,5,3,5,5,5,4,3,8,7,4,4,4,5,5,2,3,3,6,3,7,7,,1,,,b'\x11\xe8\xe1I\xee\xb7\x06\x16\x9a\xbe\x12\xdf\x17\xaeN\x1e'
11E8E149-EEB7-0616-9ABE-12DF17AE4E1E,2023-ncaa-d3-natl,ncaa,90,113,63,109,91,94,97,90,132,172,223,98,42,37,102,48,199,233,131,225,197,105,106,89,107,112,88,50,346,105,152,79,52,80,93,107,212,211,150,151,226,264,375,379,,,342,342,,,141,113,264,214,116,129,146,230,329,46,47,260,307,300,169,214,141,121,128,151,153,283,394,,288,,,144,311,311,279,276,254,173,300,367,371,271,354,189,186,201,180,193,257,261,301,291,279,285,347,116,105,52,301,152,210,93,281,190,166,196,225,226,177,357,357,,,107,162,,,141,310,102,225,146,188,212,137,160,70,314,312,112,110,104,110,112,56,203,116,211,242,167,333,,167,,,b'\x11\xe8\xe1I\xee\xb7\x06\x16\x9a\xbe\x12\xdf\x17\xaeN\x1e'
11E8E149-EEB7-0616-9ABE-12DF17AE4E1E,2024-ncaa-d3-conf-Liberty League,ncaa,1,1,1,1,3,2,2,2,2,2,3,2,3,2,4,6,1,1,1,1,1,1,1,2,2,2,3,6,1,2,2,1,2,1,2,3,8,4,2,4,5,6,2,2,,,3,3,,,1,2,7,3,2,2,4,2,4,3,4,1,1,1,1,2,2,2,1,5,3,6,2,,3,,,1,3,3,7,1,4,7,3,3,6,2,6,4,4,4,4,4,7,7,1,1,2,7,5,4,5,2,4,2,5,2,3,3,3,4,3,8,4,4,3,,,1,2,,,1,9,1,2,1,2,2,3,3,3,3,4,3,3,3,3,2,5,2,3,2,5,6,3,,2,,,b'\x11\xe8\xe1I\xee\xb7\x06\x16\x9a\xbe\x12\xdf\x17\xaeN\x1e'
11E8E149-EEB7-0616-9ABE-12DF17AE4E1E,2024-ncaa-d3-natl,ncaa,15,7,38,13,51,79,104,71,169,122,114,177,84,89,111,160,85,117,84,115,189,69,88,146,144,109,148,153,198,43,50,41,130,36,59,137,280,132,61,112,234,284,24,34,,,160,98,,,42,132,353,244,137,162,153,192,212,128,144,140,198,201,156,270,70,83,62,200,55,310,37,,63,,,44,109,143,344,21,188,336,40,124,299,12,240,115,112,208,102,60,315,305,18,16,32,134,177,152,278,130,249,50,269,59,140,161,188,253,139,214,139,361,286,,,89,157,,,42,300,71,38,40,29,54,178,84,186,61,184,51,46,39,118,91,171,93,114,69,287,121,295,,204,,,b'\x11\xe8\xe1I\xee\xb7\x06\x16\x9a\xbe\x12\xdf\x17\xaeN\x1e'
11E8E149-EEB7-0616-9ABE-12DF17AE4E1E,2025-ncaa-d3-conf-Liberty League,genius_ncaa,2,2,1,2,1,1,2,4,2,3,5,2,2,3,2,5,1,1,1,1,1,4,4,2,1,1,2,5,1,5,4,3,5,3,5,2,6,5,4,2,3,5,4,6,,,2,2,,3,1,1,7,1,1,2,6,4,6,2,5,1,1,1,4,6,6,3,4,3,4,4,4,,2,,2,1,7,8,10,4,7,9,6,2,6,1,4,3,3,4,3,2,10,10,3,2,4,2,2,2,8,5,4,4,6,5,4,3,3,5,3,6,5,4,4,,,1,1,,1,1,10,1,5,2,4,7,7,7,7,2,4,1,2,3,7,8,7,2,3,3,5,4,4,,1,,1,b'\x11\xe8\xe1I\xee\xb7\x06\x16\x9a\xbe\x12\xdf\x17\xaeN\x1e'
11E8E149-EEB7-0616-9ABE-12DF17AE4E1E,2025-ncaa-d3-natl,genius_ncaa,44,56,36,57,36,58,88,106,91,98,138,100,110,133,112,210,17,36,16,36,64,91,103,87,57,50,135,216,55,199,265,29,145,74,159,146,298,144,81,140,142,202,70,116,,,162,76,,201,71,78,319,3,86,148,241,163,240,162,202,23,70,77,195,294,294,54,145,225,67,208,98,,54,,165,70,249,330,388,122,368,395,170,104,267,20,148,87,98,148,95,25,369,352,75,58,97,26,69,65,313,145,314,265,326,159,188,72,162,253,175,188,137,349,292,,,45,41,,84,71,346,70,114,69,100,186,260,261,316,53,151,30,36,35,198,167,214,157,184,104,277,110,290,,90,,115,b'\x11\xe8\xe1I\xee\xb7\x06\x16\x9a\xbe\x12\xdf\x17\xaeN\x1e'
11E8E149-EEB7-0616-9ABE-12DF17AE4E1E,2026-ncaa-d3-conf-Liberty League,genius_ncaa,1,1,3,1,3,5,5,5,4,3,5,2,10,7,10,7,3,4,2,4,5,4,4,7,6,5,10,10,3,4,2,9,3,5,3,8,7,7,7,7,7,5,5,4,,,8,8,,10,5,7,5,1,4,4,3,3,4,10,6,2,2,2,2,2,2,8,3,7,8,6,3,,9,,10,5,4,5,2,7,6,4,6,1,3,5,3,6,5,9,5,6,2,2,7,7,7,4,3,7,3,3,1,2,1,3,2,3,5,4,3,6,4,2,2,,,3,3,,5,5,4,5,5,5,5,6,3,7,5,2,3,6,5,5,2,2,3,2,1,3,4,6,2,,1,,5,b'\x11\xe8\xe1I\xee\xb7\x06\x16\x9a\xbe\x12\xdf\x17\xaeN\x1e'
11E8E149-EEB7-0616-9ABE-12DF17AE4E1E,2026-ncaa-d3-natl,genius_ncaa,225,132,327,194,337,332,313,332,194,269,336,79,329,259,371,131,365,376,118,379,368,345,357,220,240,223,356,292,325,261,108,368,359,353,274,348,365,70,164,246,279,157,178,145,,,57,123,,104,190,367,276,113,214,146,112,107,190,278,116,324,354,363,168,201,111,334,234,288,168,152,103,,128,,133,186,61,76,72,157,107,108,140,49,47,143,85,73,54,318,56,57,62,63,138,139,130,83,113,159,171,359,73,108,102,274,122,305,313,184,237,137,265,151,252,,,342,253,,169,190,50,194,190,189,152,199,229,246,304,96,89,128,86,88,199,215,331,193,275,270,174,264,261,,261,,114,b'\x11\xe8\xe1I\xee\xb7\x06\x16\x9a\xbe\x12\xdf\x17\xaeN\x1e'
11E8E149-EEBB-AAF4-9ABE-12DF17AE4E1E,2018-ncaa-d3-conf-NEWMAC,ncaa,1,1,1,1,1,5,3,2,6,4,4,4,6,4,7,5,8,8,6,8,10,3,2,6,6,6,8,6,10,6,6,5,5,6,5,3,5,5,4,3,3,4,2,1,,,9,6,,,5,4,11,2,6,5,7,5,6,8,5,9,10,10,9,8,6,8,8,5,2,5,3,,4,,,5,6,4,4,5,4,4,2,9,9,7,8,8,5,11,6,9,4,5,5,6,4,11,10,9,5,5,9,6,6,5,3,2,3,3,1,3,3,6,6,,,3,8,,,5,7,6,3,5,2,1,2,1,2,7,4,5,5,5,2,1,3,5,4,1,4,2,5,,10,,,b'\x11\xe8\xe1I\xee\xbb\xaa\xf4\x9a\xbe\x12\xdf\x17\xaeN\x1e'
11E8E149-EEBB-AAF4-9ABE-12DF17AE4E1E,2018-ncaa-d3-natl,ncaa,45,49,43,51,46,173,110,179,49,93,182,30,204,200,203,181,401,420,176,419,437,240,271,66,96,97,387,239,439,243,180,227,84,244,126,96,142,132,167,69,97,60,102,58,,,150,220,,,52,270,444,85,286,186,382,139,330,260,291,430,440,440,424,441,340,397,411,142,53,138,138,,52,,,59,35,35,70,57,20,47,45,257,257,243,373,60,51,264,53,127,57,112,86,72,32,382,407,148,68,84,120,180,85,126,32,79,98,41,23,49,59,40,31,,,328,320,,,52,152,112,28,44,2,8,6,4,2,177,144,24,17,19,3,3,27,27,15,6,160,18,16,,428,,,b'\x11\xe8\xe1I\xee\xbb\xaa\xf4\x9a\xbe\x12\xdf\x17\xaeN\x1e'
11E8E149-EEBB-AAF4-9ABE-12DF17AE4E1E,2019-ncaa-d3-conf-NEWMAC,ncaa,7,7,8,7,10,9,9,10,6,10,11,7,5,6,5,2,10,11,10,10,9,10,11,6,6,7,3,1,11,10,8,9,6,9,6,9,1,5,8,6,9,9,10,8,,,3,6,,,7,11,11,7,9,9,10,10,11,5,4,10,11,10,10,11,10,9,9,8,6,9,10,,4,,,7,1,1,2,7,2,2,7,5,4,6,7,3,2,7,2,5,2,1,7,7,9,5,7,3,3,6,2,8,3,6,2,2,10,9,9,3,7,3,4,,,11,10,,,7,1,7,9,8,4,6,4,6,4,5,5,3,4,4,4,1,4,3,3,5,10,6,3,,11,,,b'\x11\xe8\xe1I\xee\xbb\xaa\xf4\x9a\xbe\x12\xdf\x17\xaeN\x1e'
11E8E149-EEBB-AAF4-9ABE-12DF17AE4E1E,2019-ncaa-d3-natl,ncaa,263,244,317,271,343,393,356,407,181,365,402,176,260,299,161,111,432,433,375,433,425,413,416,168,242,281,273,99,436,381,229,374,130,388,156,325,198,118,354,275,406,337,389,357,,,43,190,,,239,413,441,295,408,369,432,370,406,238,274,438,439,439,436,441,363,384,399,319,184,408,396,,42,,,242,23,33,30,211,47,35,230,80,81,184,293,41,26,367,26,94,21,25,214,198,199,189,254,120,23,130,27,229,23,156,22,70,374,216,162,50,213,42,163,,,426,354,,,239,27,288,190,247,32,61,19,91,37,111,113,49,29,29,10,4,36,44,33,41,378,84,55,,434,,,b'\x11\xe8\xe1I\xee\xbb\xaa\xf4\x9a\xbe\x12\xdf\x17\xaeN\x1e'
11E8E149-EEBB-AAF4-9ABE-12DF17AE4E1E,2020-ncaa-d3-conf-NEWMAC,ncaa,5,6,3,5,5,9,7,8,7,6,7,7,6,5,8,6,10,9,9,9,10,9,8,7,8,8,10,6,10,7,9,4,3,4,4,4,1,7,8,4,7,7,2,2,,,9,9,,,6,7,7,7,10,10,8,8,6,9,7,10,10,10,9,8,6,2,5,4,6,8,2,,8,,,6,3,2,5,1,2,6,1,2,5,3,5,9,7,10,8,7,7,5,1,1,1,8,3,10,4,3,8,9,9,4,5,9,7,6,5,5,5,7,5,,,9,8,,,6,5,9,2,5,3,2,4,2,5,1,2,8,7,7,5,3,5,7,8,3,8,4,5,,10,,,b'\x11\xe8\xe1I\xee\xbb\xaa\xf4\x9a\xbe\x12\xdf\x17\xaeN\x1e'
11E8E149-EEBB-AAF4-9ABE-12DF17AE4E1E,2020-ncaa-d3-natl,ncaa,170,198,126,190,168,295,243,298,186,201,249,163,293,292,274,260,402,379,397,386,394,323,324,196,249,282,370,266,415,271,219,134,61,196,112,137,26,242,319,165,289,267,185,151,,,226,334,,,161,329,398,273,351,285,373,226,293,314,318,424,413,418,398,400,309,139,223,133,225,320,190,,210,,,162,26,18,93,10,24,114,10,76,148,40,228,288,211,426,211,281,91,90,14,25,39,374,223,417,98,61,130,219,99,112,51,240,251,205,108,153,201,113,130,,,327,299,,,161,109,282,36,159,14,7,48,17,74,58,122,271,189,192,46,33,84,97,78,42,289,135,92,,384,,,b'\x11\xe8\xe1I\xee\xbb\xaa\xf4\x9a\xbe\x12\xdf\x17\xaeN\x1e'
11E8E149-EEBB-AAF4-9ABE-12DF17AE4E1E,2022-ncaa-d3-conf-NEWMAC,ncaa,4,3,3,4,3,6,4,4,5,5,4,6,1,2,3,3,8,9,4,9,10,4,4,5,5,5,5,1,10,5,5,3,2,3,3,3,2,8,5,4,9,11,7,8,,,11,11,,,5,4,9,2,6,6,5,6,6,2,5,9,10,10,7,6,4,3,5,5,5,11,8,,10,,,5,5,4,7,4,5,7,2,5,5,7,3,7,11,2,10,9,8,6,3,4,3,6,4,9,2,2,8,5,5,3,4,3,7,8,4,8,7,7,5,,,5,7,,,5,8,5,3,5,2,2,2,3,3,2,3,7,8,8,2,2,2,5,2,2,9,7,6,,8,,,b'\x11\xe8\xe1I\xee\xbb\xaa\xf4\x9a\xbe\x12\xdf\x17\xaeN\x1e'
11E8E149-EEBB-AAF4-9ABE-12DF17AE4E1E,2022-ncaa-d3-natl,ncaa,96,39,300,54,314,257,204,288,97,218,251,155,152,267,28,206,408,413,178,412,425,336,354,89,131,134,286,122,429,222,54,287,3,266,19,130,55,59,144,49,403,380,401,393,,,113,342,,,92,376,410,138,199,114,175,141,170,108,225,416,424,424,289,358,156,190,169,53,100,410,405,,173,,,70,21,31,39,148,57,71,136,29,33,101,120,31,46,15,45,116,36,33,125,92,112,81,132,122,9,3,36,54,17,19,14,52,355,231,114,14,29,80,102,,,387,386,,,92,52,106,62,67,24,60,24,105,104,37,38,29,59,55,12,7,3,42,9,29,338,15,105,,410,,,b'\x11\xe8\xe1I\xee\xbb\xaa\xf4\x9a\xbe\x12\xdf\x17\xaeN\x1e'
11E8E149-EEBB-AAF4-9ABE-12DF17AE4E1E,2023-ncaa-d3-conf-NEWMAC,ncaa,4,3,5,4,5,5,5,8,3,5,9,2,5,5,5,4,8,7,4,7,5,7,7,2,2,3,7,5,10,7,3,5,3,5,3,3,1,5,7,4,9,9,9,8,,,7,11,,,3,8,11,2,5,5,9,4,9,3,6,8,8,8,8,11,6,4,4,2,6,10,9,,9,,,3,1,1,2,3,1,3,3,5,3,4,7,6,6,2,7,10,2,2,3,3,3,10,7,10,1,3,1,3,1,3,1,2,9,9,2,3,6,1,2,,,6,4,,,3,4,3,3,3,2,3,1,1,4,5,5,6,6,6,3,2,3,1,1,2,10,6,1,,6,,,b'\x11\xe8\xe1I\xee\xbb\xaa\xf4\x9a\xbe\x12\xdf\x17\xaeN\x1e'
11E8E149-EEBB-AAF4-9ABE-12DF17AE4E1E,2023-ncaa-d3-natl,ncaa,107,62,271,78,290,208,176,352,15,185,353,14,145,217,50,125,353,379,155,377,327,365,379,15,24,41,269,148,417,235,37,222,53,223,16,68,9,132,266,46,354,289,240,193,,,79,226,,,46,394,420,152,154,105,357,135,356,121,202,368,397,396,388,395,200,129,169,27,168,360,233,,85,,,38,19,16,36,20,18,51,17,74,83,129,231,71,61,223,61,152,31,30,25,28,43,296,286,267,41,53,18,37,18,16,11,32,323,182,41,76,155,56,147,,,335,203,,,46,35,37,42,26,12,9,38,13,66,96,103,75,67,68,25,10,56,3,6,7,302,103,68,,337,,,b'\x11\xe8\xe1I\xee\xbb\xaa\xf4\x9a\xbe\x12\xdf\x17\xaeN\x1e'
11E8E149-EEBB-AAF4-9ABE-12DF17AE4E1E,2024-ncaa-d3-conf-NEWMAC,ncaa,7,8,5,7,5,8,8,8,9,8,8,6,8,7,10,5,7,7,4,7,3,7,7,9,9,8,7,10,3,3,3,7,8,7,4,8,5,7,8,7,8,9,9,8,,,9,11,,,6,7,12,5,9,9,10,9,10,8,7,5,4,4,10,10,4,10,7,9,7,10,10,,10,,,6,4,2,3,4,4,5,6,2,3,3,3,11,11,5,11,11,4,6,3,3,3,7,2,12,5,8,3,3,3,4,2,3,5,3,3,5,5,7,9,,,2,1,,,6,6,7,4,6,1,1,1,4,3,1,2,8,10,9,2,2,4,3,3,2,6,5,7,,1,,,b'\x11\xe8\xe1I\xee\xbb\xaa\xf4\x9a\xbe\x12\xdf\x17\xaeN\x1e'
11E8E149-EEBB-AAF4-9ABE-12DF17AE4E1E,2024-ncaa-d3-natl,ncaa,184,206,112,192,136,236,211,269,144,211,270,122,199,200,179,161,322,350,156,348,326,291,315,132,153,158,251,183,341,219,140,254,79,243,111,193,158,143,213,163,333,311,255,231,,,197,330,,,148,337,418,99,279,247,356,228,328,214,232,365,384,383,384,407,249,327,302,211,113,365,269,,170,,,147,74,71,59,146,106,110,157,62,64,141,138,224,166,367,154,235,54,75,138,184,154,201,109,327,65,79,78,140,56,111,35,32,237,143,70,52,75,82,99,,,199,79,,,148,97,147,128,143,44,44,20,82,58,45,38,197,144,138,16,9,35,49,34,27,270,37,60,,249,,,b'\x11\xe8\xe1I\xee\xbb\xaa\xf4\x9a\xbe\x12\xdf\x17\xaeN\x1e'
11E8E149-EEBB-AAF4-9ABE-12DF17AE4E1E,2025-ncaa-d3-conf-NEWMAC,genius_ncaa,7,8,3,7,3,8,8,7,5,6,8,3,6,4,11,3,9,9,3,9,8,7,5,5,7,7,10,9,7,5,3,5,4,5,4,4,1,10,10,6,8,8,11,12,,,10,11,,8,6,6,12,1,9,9,11,8,12,8,9,10,10,10,12,12,8,10,11,6,7,12,12,,7,,8,6,5,4,4,4,5,4,5,3,5,5,4,9,10,3,10,11,5,6,5,5,4,9,4,11,3,4,3,3,3,4,2,2,5,3,2,10,9,3,5,,,5,5,,1,6,7,7,5,5,2,3,1,3,2,4,2,7,9,9,1,1,3,2,3,2,9,6,2,,7,,3,b'\x11\xe8\xe1I\xee\xbb\xaa\xf4\x9a\xbe\x12\xdf\x17\xaeN\x1e'
11E8E149-EEBB-AAF4-9ABE-12DF17AE4E1E,2025-ncaa-d3-natl,genius_ncaa,194,242,55,218,62,210,189,263,111,180,268,60,210,183,235,135,293,348,49,353,327,284,254,111,115,182,265,204,324,223,153,209,109,226,114,106,46,289,310,181,334,335,196,178,,,325,385,,294,171,263,414,68,294,255,385,242,355,243,233,351,394,399,401,404,290,325,331,131,232,376,232,,279,,277,173,113,80,78,159,94,121,132,123,84,256,129,308,298,253,303,348,100,132,165,204,164,297,158,365,96,109,90,153,73,114,10,9,158,117,28,201,230,132,173,,,177,118,,40,171,163,187,143,165,56,43,12,56,47,87,43,266,254,259,17,14,66,32,34,13,222,157,90,,262,,53,b'\x11\xe8\xe1I\xee\xbb\xaa\xf4\x9a\xbe\x12\xdf\x17\xaeN\x1e'
11E8E149-EEBB-AAF4-9ABE-12DF17AE4E1E,2026-ncaa-d3-conf-NEWMAC,genius_ncaa,3,3,1,3,1,3,3,4,2,3,3,2,3,3,3,2,1,2,1,2,1,4,3,2,2,2,1,3,1,3,3,1,3,1,2,3,1,4,4,3,3,3,3,3,,,3,3,,3,3,1,1,1,3,3,4,3,3,3,3,1,2,2,4,3,3,1,1,3,4,3,3,,3,,3,3,3,3,3,2,3,3,1,3,3,3,2,2,4,1,4,3,3,3,2,2,2,2,3,3,3,3,2,3,2,2,3,3,3,3,3,4,4,3,3,,,1,1,,1,3,3,3,3,3,3,3,3,3,3,3,3,2,4,4,3,3,3,2,2,3,3,4,3,,1,,1,b'\x11\xe8\xe1I\xee\xbb\xaa\xf4\x9a\xbe\x12\xdf\x17\xaeN\x1e'
11E8E149-EEBB-AAF4-9ABE-12DF17AE4E1E,2026-ncaa-d3-natl,genius_ncaa,98,68,215,92,249,256,255,333,80,280,343,95,157,248,54,137,295,305,205,302,173,333,330,58,69,101,140,106,278,297,159,247,126,270,97,219,137,120,234,155,298,228,323,293,,,66,113,,234,107,336,400,113,228,216,377,250,358,117,223,279,287,285,381,394,270,161,218,174,153,278,304,,45,,278,105,67,87,102,113,95,113,102,111,108,152,218,43,60,98,63,65,91,79,103,70,101,149,250,83,114,126,74,159,85,97,54,55,318,237,128,97,163,78,124,,,230,41,,169,107,80,101,110,88,33,64,97,87,125,117,118,21,28,34,61,26,143,46,70,40,326,103,68,,142,,165,b'\x11\xe8\xe1I\xee\xbb\xaa\xf4\x9a\xbe\x12\xdf\x17\xaeN\x1e'
11E8E149-EEC0-4A5A-9ABE-12DF17AE4E1E,2018-ncaa-d3-conf-American Rivers,ncaa,1,1,1,1,4,1,2,3,1,3,8,1,1,2,3,2,1,1,5,1,1,2,3,1,1,1,2,2,1,4,3,1,3,2,1,1,1,1,1,1,4,5,4,5,,,1,1,,,1,3,7,9,1,2,5,4,8,1,2,1,1,1,5,7,5,1,2,1,1,6,5,,1,,,1,1,2,7,1,3,6,1,1,8,1,7,1,1,5,1,1,6,7,1,1,1,3,7,2,5,3,2,3,3,1,2,2,4,3,1,1,1,1,1,,,1,1,,,1,7,1,1,1,1,1,4,1,6,1,6,1,1,1,2,3,3,2,3,2,5,1,1,,1,,,b'\x11\xe8\xe1I\xee\xc0JZ\x9a\xbe\x12\xdf\x17\xaeN\x1e'
11E8E149-EEC0-4A5A-9ABE-12DF17AE4E1E,2018-ncaa-d3-natl,ncaa,2,2,2,2,4,3,7,27,11,43,161,3,3,5,20,39,1,3,28,3,2,15,12,4,3,4,27,56,94,162,279,1,20,12,51,3,21,339,110,21,81,187,84,139,,,112,11,,,8,4,194,436,16,53,299,196,421,12,42,12,33,36,208,295,373,44,184,16,89,209,178,,4,,,12,423,425,444,139,376,400,193,437,443,146,425,116,87,370,98,30,442,438,176,122,118,275,413,32,240,20,390,279,344,51,374,138,49,145,139,268,86,130,108,,,1,3,,,8,441,7,82,11,100,154,216,102,89,336,394,21,11,16,121,141,47,69,49,139,173,77,32,,11,,,b'\x11\xe8\xe1I\xee\xc0JZ\x9a\xbe\x12\xdf\x17\xaeN\x1e'
11E8E149-EEC0-4A5A-9ABE-12DF17AE4E1E,2019-ncaa-d3-conf-American Rivers,ncaa,1,1,1,1,3,2,3,5,1,3,8,1,2,3,3,3,1,1,1,1,1,5,6,1,1,1,3,3,2,5,2,1,1,1,1,1,1,3,5,1,6,6,4,4,,,2,2,,,1,5,8,7,2,3,8,4,8,2,3,1,2,2,7,8,6,1,2,1,3,7,4,,1,,,1,1,2,6,1,2,3,3,2,7,1,7,1,3,2,3,2,5,4,1,1,1,3,4,4,2,1,1,2,1,1,1,1,6,6,2,2,4,1,1,,,1,1,,,1,5,1,1,1,1,2,3,2,2,1,5,1,2,2,3,1,2,1,1,1,6,2,1,,2,,,b'\x11\xe8\xe1I\xee\xc0JZ\x9a\xbe\x12\xdf\x17\xaeN\x1e'
11E8E149-EEC0-4A5A-9ABE-12DF17AE4E1E,2019-ncaa-d3-natl,ncaa,7,15,4,14,5,8,10,59,4,44,234,3,9,17,11,56,3,9,3,9,4,44,28,3,3,7,39,72,109,133,77,7,23,22,15,1,1,403,290,21,85,159,108,123,,,178,44,,,11,13,299,373,17,47,390,171,420,16,84,10,58,54,347,340,328,88,181,3,232,199,197,,23,,,15,404,414,435,146,336,287,311,432,442,46,433,106,90,307,88,71,424,423,194,154,165,301,411,45,242,23,84,77,133,15,343,148,87,191,172,405,312,130,141,,,3,25,,,11,431,7,127,13,105,158,181,111,30,342,423,25,19,18,89,78,44,2,4,135,247,277,43,,66,,,b'\x11\xe8\xe1I\xee\xc0JZ\x9a\xbe\x12\xdf\x17\xaeN\x1e'
11E8E149-EEC0-4A5A-9ABE-12DF17AE4E1E,2020-ncaa-d3-conf-American Rivers,ncaa,1,1,1,1,2,1,1,4,1,4,7,1,1,1,1,1,2,2,4,2,1,3,3,1,1,1,1,1,5,4,2,1,4,1,1,1,1,3,1,1,4,4,3,3,,,3,3,,,1,3,8,2,1,1,5,5,9,1,1,2,4,4,5,6,5,2,1,1,1,5,3,,1,,,1,1,1,7,1,1,4,1,4,8,1,7,2,3,5,3,3,7,7,1,1,1,7,7,7,5,4,1,2,2,1,1,3,4,4,2,1,1,1,2,,,2,4,,,1,7,1,1,1,1,1,5,1,3,3,6,1,2,2,4,2,5,1,2,1,5,1,1,,4,,,b'\x11\xe8\xe1I\xee\xc0JZ\x9a\xbe\x12\xdf\x17\xaeN\x1e'
11E8E149-EEC0-4A5A-9ABE-12DF17AE4E1E,2020-ncaa-d3-natl,ncaa,9,15,7,14,11,2,4,72,1,55,361,1,4,6,7,10,13,27,24,26,4,54,58,1,1,1,27,24,255,246,130,50,24,102,24,3,24,264,151,10,74,107,80,63,,,139,56,,,4,31,251,126,4,10,279,132,428,7,16,36,91,86,242,294,362,181,289,7,122,131,135,,30,,,5,349,311,377,122,139,133,221,432,436,175,428,211,121,430,129,184,367,378,201,206,188,406,418,135,99,24,47,130,53,24,171,77,96,167,103,257,175,88,161,,,21,63,,,4,403,1,129,6,126,125,148,42,16,378,410,97,41,42,100,95,25,5,4,79,208,149,39,,104,,,b'\x11\xe8\xe1I\xee\xc0JZ\x9a\xbe\x12\xdf\x17\xaeN\x1e'
11E8E149-EEC0-4A5A-9ABE-12DF17AE4E1E,2021-ncaa-d3-conf-American Rivers,ncaa,3,2,4,2,4,5,4,4,2,3,8,1,4,4,6,1,8,8,4,8,7,5,6,4,3,4,5,3,8,1,1,3,2,3,1,4,4,3,4,4,7,5,2,1,,,3,3,,,2,6,9,2,3,2,2,3,8,4,1,7,7,7,3,5,1,4,1,4,4,6,1,,2,,,2,1,1,3,1,1,3,1,3,4,4,5,3,3,6,3,3,3,4,1,1,1,7,7,6,1,2,4,1,3,1,1,1,3,2,1,3,4,5,7,,,7,9,,,2,4,2,1,1,1,1,2,1,1,4,3,2,2,2,1,1,3,2,1,1,2,3,5,,8,,,b'\x11\xe8\xe1I\xee\xc0JZ\x9a\xbe\x12\xdf\x17\xaeN\x1e'
11E8E149-EEC0-4A5A-9ABE-12DF17AE4E1E,2021-ncaa-d3-natl,ncaa,8,92,17,53,17,13,13,17,47,24,53,6,4,4,113,5,50,56,94,57,137,18,20,25,31,28,58,19,263,12,35,18,10,16,15,7,37,254,99,29,17,41,7,13,,,228,60,,,5,21,168,20,36,34,53,102,264,15,6,194,222,222,72,95,43,66,40,14,106,57,28,,50,,,17,227,218,254,33,197,244,35,259,267,105,245,235,225,217,225,138,252,261,40,47,27,264,252,181,183,10,253,35,237,15,224,147,12,26,26,252,117,233,167,,,45,251,,,5,266,21,17,13,21,21,37,10,17,152,179,78,61,60,24,74,9,58,22,52,37,121,102,,236,,,b'\x11\xe8\xe1I\xee\xc0JZ\x9a\xbe\x12\xdf\x17\xaeN\x1e'
11E8E149-EEC0-4A5A-9ABE-12DF17AE4E1E,2022-ncaa-d3-conf-American Rivers,ncaa,2,2,1,2,1,3,3,2,3,5,7,3,2,2,3,2,1,1,3,1,1,1,1,3,3,3,1,2,5,5,8,2,6,2,8,3,6,1,1,3,3,3,4,4,,,2,1,,,3,1,5,1,3,3,3,6,8,2,2,1,3,2,2,3,7,4,5,3,1,3,4,,1,,,3,5,8,9,2,7,8,4,6,9,1,8,2,2,3,3,2,8,9,2,2,2,1,6,1,9,6,9,8,9,8,1,1,1,2,1,2,2,3,5,,,1,2,,,3,9,3,2,3,1,3,7,4,5,3,7,1,1,1,5,7,7,9,8,1,2,2,2,,2,,,b'\x11\xe8\xe1I\xee\xc0JZ\x9a\xbe\x12\xdf\x17\xaeN\x1e'
11E8E149-EEC0-4A5A-9ABE-12DF17AE4E1E,2022-ncaa-d3-natl,ncaa,62,55,107,61,108,39,90,100,90,256,343,77,6,12,11,14,47,93,32,92,15,93,138,22,21,14,5,6,212,331,383,116,147,213,296,83,142,92,48,43,66,88,208,209,,,87,26,,,51,87,127,13,18,66,109,331,408,5,14,58,117,115,90,182,375,141,281,75,60,74,238,,34,,,53,296,306,308,212,231,186,255,387,401,215,394,123,101,317,105,120,286,330,241,220,168,308,375,73,221,147,361,383,322,296,244,140,70,88,106,156,125,182,302,,,87,113,,,51,344,35,143,53,224,238,273,168,117,370,390,91,57,61,210,293,166,335,271,189,76,127,163,,103,,,b'\x11\xe8\xe1I\xee\xc0JZ\x9a\xbe\x12\xdf\x17\xaeN\x1e'
11E8E149-EEC0-4A5A-9ABE-12DF17AE4E1E,2023-ncaa-d3-conf-American Rivers,ncaa,1,1,1,1,3,1,3,3,3,6,8,3,1,1,1,1,2,2,4,2,1,2,4,1,1,1,1,1,6,4,5,2,7,3,6,1,4,1,1,1,4,4,1,2,,,1,1,,,2,4,8,6,1,3,4,8,8,1,1,4,3,3,2,7,4,4,3,1,1,4,2,,1,,,2,2,3,6,1,3,6,1,5,2,7,3,2,2,7,2,2,5,7,1,1,2,4,6,4,7,7,8,5,7,6,1,2,4,3,2,1,2,6,5,,,1,1,,,2,7,1,2,2,2,2,4,2,5,3,1,2,2,2,3,4,6,6,6,1,4,1,4,,2,,,b'\x11\xe8\xe1I\xee\xc0JZ\x9a\xbe\x12\xdf\x17\xaeN\x1e'
11E8E149-EEC0-4A5A-9ABE-12DF17AE4E1E,2023-ncaa-d3-natl,ncaa,26,62,7,54,9,15,27,30,55,159,274,37,1,9,13,9,82,101,88,101,59,34,44,16,19,12,10,8,364,226,340,27,101,78,235,34,174,135,40,23,92,157,65,82,,,119,20,,,37,27,282,225,53,85,181,293,409,4,15,207,275,270,203,345,358,181,294,90,25,186,108,,12,,,45,361,366,402,151,291,337,150,410,416,283,366,177,112,403,105,65,394,396,193,185,147,315,385,78,251,101,414,340,390,235,175,40,61,128,69,138,67,343,360,,,35,129,,,37,404,21,130,44,111,143,152,87,84,319,308,46,28,24,93,122,108,236,164,57,166,46,217,,212,,,b'\x11\xe8\xe1I\xee\xc0JZ\x9a\xbe\x12\xdf\x17\xaeN\x1e'
11E8E149-EEC0-4A5A-9ABE-12DF17AE4E1E,2024-ncaa-d3-conf-American Rivers,ncaa,1,1,1,1,2,3,4,6,4,6,9,1,1,1,6,1,1,1,4,1,1,3,4,3,1,3,1,1,1,3,3,1,1,2,2,1,1,3,3,3,4,4,1,2,,,1,1,,,1,4,9,3,3,5,8,7,9,1,1,1,1,1,5,7,4,4,3,1,3,5,1,,1,,,1,1,2,4,1,3,6,1,1,1,2,1,1,1,1,1,1,2,5,1,1,1,1,1,1,2,1,2,3,1,2,1,1,2,2,1,2,2,4,7,,,1,1,,,1,6,2,1,1,1,2,2,2,4,1,1,1,1,1,2,2,2,1,1,1,3,2,3,,1,,,b'\x11\xe8\xe1I\xee\xc0JZ\x9a\xbe\x12\xdf\x17\xaeN\x1e'
11E8E149-EEC0-4A5A-9ABE-12DF17AE4E1E,2024-ncaa-d3-natl,ncaa,4,7,2,7,2,13,34,48,52,139,302,16,4,5,50,8,9,9,109,7,4,36,28,21,17,24,9,17,143,130,217,8,34,26,81,20,40,342,188,80,86,174,53,104,,,168,36,,,21,15,370,38,81,185,357,326,422,11,25,66,88,85,318,364,314,158,242,78,120,242,127,,12,,,37,352,380,415,157,345,382,164,384,399,226,302,67,82,56,77,26,400,403,177,117,91,153,341,25,208,34,362,217,316,81,200,17,45,106,52,301,157,170,247,,,1,9,,,21,414,35,65,33,46,112,79,107,95,195,179,4,5,5,36,45,31,47,31,34,188,112,51,,23,,,b'\x11\xe8\xe1I\xee\xc0JZ\x9a\xbe\x12\xdf\x17\xaeN\x1e'
11E8E149-EEC0-4A5A-9ABE-12DF17AE4E1E,2025-ncaa-d3-conf-American Rivers,genius_ncaa,1,1,1,1,3,3,4,4,4,5,8,1,2,1,4,1,1,2,2,2,1,4,4,3,2,3,2,3,3,1,1,2,1,2,1,1,1,4,4,1,1,1,1,1,,,1,1,,2,1,6,8,4,3,4,7,5,9,2,2,1,4,4,7,8,1,2,2,1,3,2,1,,1,,2,1,1,1,2,1,1,5,1,1,2,3,4,1,1,3,1,1,2,4,1,1,1,5,7,3,2,1,1,1,1,1,1,6,1,1,1,5,5,2,5,,,1,1,,1,1,6,2,1,1,1,1,1,1,3,1,1,1,1,1,1,2,1,1,1,1,2,4,2,,1,,2,b'\x11\xe8\xe1I\xee\xc0JZ\x9a\xbe\x12\xdf\x17\xaeN\x1e'
11E8E149-EEC0-4A5A-9ABE-12DF17AE4E1E,2025-ncaa-d3-natl,genius_ncaa,12,11,16,13,32,32,57,98,38,119,286,8,16,11,126,19,37,65,20,60,27,93,83,24,16,29,53,61,183,128,121,48,13,71,25,14,16,236,155,38,57,52,27,24,,,59,15,,236,27,75,329,374,74,124,300,225,407,43,37,81,166,155,286,340,242,158,199,32,114,86,49,,6,,184,33,186,210,284,115,145,207,107,319,341,239,336,114,79,366,75,74,239,309,150,135,86,290,357,118,51,13,187,121,104,25,224,226,74,73,103,275,209,63,120,,,47,61,,84,27,353,28,56,26,35,56,51,48,43,209,197,32,18,17,21,47,16,30,20,101,135,171,29,,138,,127,b'\x11\xe8\xe1I\xee\xc0JZ\x9a\xbe\x12\xdf\x17\xaeN\x1e'
11E8E149-EEC0-4A5A-9ABE-12DF17AE4E1E,2026-ncaa-d3-conf-American Rivers,genius_ncaa,3,5,1,5,1,5,7,7,6,6,7,4,4,4,6,2,3,3,5,4,2,7,5,5,6,6,4,5,2,5,5,2,2,3,2,2,1,8,8,6,2,3,4,3,,,8,8,,6,5,5,4,1,7,9,8,8,9,6,4,4,4,5,9,5,5,2,3,3,8,3,5,,8,,5,5,4,4,4,2,3,4,3,5,5,5,4,9,9,7,8,8,4,5,3,5,3,8,5,9,5,2,4,5,5,2,4,8,1,3,2,7,7,1,1,,,3,2,,1,5,7,7,2,5,3,2,2,2,3,3,3,9,9,8,3,3,3,4,4,2,2,7,1,,3,,1,b'\x11\xe8\xe1I\xee\xc0JZ\x9a\xbe\x12\xdf\x17\xaeN\x1e'
11E8E149-EEC0-4A5A-9ABE-12DF17AE4E1E,2026-ncaa-d3-natl,genius_ncaa,288,268,215,305,249,285,306,337,170,353,377,172,117,168,79,39,256,292,137,295,85,334,315,119,110,184,38,30,218,358,350,312,244,345,301,173,15,212,330,192,213,152,117,67,,,206,321,,306,247,299,277,113,264,290,380,363,405,71,104,230,272,276,385,361,370,318,372,105,263,164,89,,297,,342,252,167,138,110,242,151,115,267,123,133,134,198,299,228,397,220,326,124,124,232,293,260,256,120,373,147,244,131,350,130,301,170,263,234,147,208,211,309,33,75,,,250,103,,47,247,122,224,251,237,233,174,119,192,134,134,156,359,310,302,151,152,187,146,157,227,158,258,25,,200,,31,b'\x11\xe8\xe1I\xee\xc0JZ\x9a\xbe\x12\xdf\x17\xaeN\x1e'
11E8E149-EEC5-1D14-9ABE-12DF17AE4E1E,2018-ncaa-d3-conf-PAC,ncaa,2,2,1,2,1,3,2,3,2,2,1,2,5,5,5,7,7,7,8,7,10,3,3,3,3,3,10,7,9,4,6,4,5,5,6,4,5,4,3,3,3,4,5,4,,,10,10,,,3,2,2,1,3,2,3,2,1,5,5,8,8,9,3,3,4,4,5,4,3,3,5,,10,,,3,3,2,3,2,2,2,2,4,9,2,9,9,9,8,9,10,5,9,2,3,3,9,8,10,4,5,6,6,6,6,2,4,3,3,3,3,3,10,10,,,5,9,,,3,9,4,3,3,3,2,2,2,1,4,6,9,9,9,4,6,3,5,6,2,3,3,10,,7,,,b'\x11\xe8\xe1I\xee\xc5\x1d\x14\x9a\xbe\x12\xdf\x17\xaeN\x1e'
11E8E149-EEC5-1D14-9ABE-12DF17AE4E1E,2018-ncaa-d3-natl,ncaa,45,49,43,51,51,36,33,48,60,27,44,63,135,158,111,285,73,84,155,84,270,50,65,78,72,53,306,276,278,115,167,73,128,87,150,34,115,187,67,35,55,72,136,115,,,438,426,,,58,51,160,213,52,43,98,42,93,182,236,130,149,151,92,164,196,195,197,41,85,74,183,,417,,,62,320,167,250,130,132,132,183,334,390,113,368,435,438,232,437,438,337,372,147,226,147,419,295,428,236,128,314,167,288,150,199,220,57,80,77,235,119,432,370,,,68,190,,,58,387,53,124,64,153,71,63,48,26,245,315,405,409,405,124,218,123,172,142,116,87,130,405,,162,,,b'\x11\xe8\xe1I\xee\xc5\x1d\x14\x9a\xbe\x12\xdf\x17\xaeN\x1e'
11E8E149-EEC5-1D14-9ABE-12DF17AE4E1E,2019-ncaa-d3-conf-PAC,ncaa,2,2,2,2,5,3,3,7,1,2,3,1,7,7,4,9,1,1,3,2,3,7,6,2,1,2,8,9,2,6,4,4,3,4,3,4,5,4,5,4,2,2,3,3,,,6,5,,,2,5,7,7,3,3,8,2,5,7,9,1,1,1,8,8,6,5,7,4,4,2,3,,5,,,2,4,4,4,2,1,3,2,9,9,9,8,5,3,5,3,5,5,5,3,3,3,9,9,3,6,3,2,4,2,3,3,5,3,4,3,4,4,3,3,,,2,2,,,2,5,2,3,2,3,3,4,1,3,9,6,4,3,3,3,3,4,2,2,3,4,4,2,,2,,,b'\x11\xe8\xe1I\xee\xc5\x1d\x14\x9a\xbe\x12\xdf\x17\xaeN\x1e'
11E8E149-EEC5-1D14-9ABE-12DF17AE4E1E,2019-ncaa-d3-natl,ncaa,62,104,20,100,31,47,57,82,57,47,89,50,162,189,153,298,13,25,52,25,83,61,64,66,44,55,248,320,82,104,130,52,127,62,94,69,182,292,165,108,49,72,135,139,,,354,252,,,118,60,324,234,98,138,316,104,234,251,304,33,74,74,249,302,226,180,203,131,133,93,202,,197,,,126,405,353,391,162,175,207,155,439,433,375,414,347,306,396,306,300,391,384,265,286,273,429,426,234,273,127,250,130,260,94,325,237,134,223,235,294,204,255,165,,,35,73,,,118,386,57,247,122,198,153,154,52,41,420,393,221,169,165,134,107,126,67,75,187,265,163,155,,118,,,b'\x11\xe8\xe1I\xee\xc5\x1d\x14\x9a\xbe\x12\xdf\x17\xaeN\x1e'
11E8E149-EEC5-1D14-9ABE-12DF17AE4E1E,2020-ncaa-d3-conf-PAC,ncaa,3,4,1,4,1,4,4,4,5,4,4,5,5,4,7,6,1,1,3,1,1,3,4,6,3,3,4,6,2,2,2,3,1,1,1,4,2,4,4,4,3,3,2,2,,,7,7,,,4,4,8,6,4,4,6,5,5,7,5,1,1,1,5,5,3,6,6,5,3,4,2,,4,,,4,4,4,4,3,4,3,4,7,7,7,7,7,5,9,5,6,5,6,4,5,4,8,8,7,2,1,3,2,3,1,6,6,3,3,4,4,4,1,1,,,1,1,,,4,6,3,4,4,4,3,2,3,1,5,5,5,3,3,2,2,1,2,2,6,4,4,1,,2,,,b'\x11\xe8\xe1I\xee\xc5\x1d\x14\x9a\xbe\x12\xdf\x17\xaeN\x1e'
11E8E149-EEC5-1D14-9ABE-12DF17AE4E1E,2020-ncaa-d3-natl,ncaa,101,136,26,125,53,82,145,127,189,142,155,156,147,120,225,208,8,14,56,12,19,76,92,182,126,108,122,254,15,80,77,114,106,83,80,120,123,195,113,114,70,81,67,57,,,329,288,,,131,108,333,303,155,246,292,237,309,211,207,15,31,32,217,285,121,265,199,168,91,111,99,,207,,,139,332,273,293,214,184,149,263,380,406,207,394,332,242,433,255,294,286,326,248,277,262,364,349,278,168,106,221,77,188,80,257,210,142,182,193,283,231,106,85,,,26,50,,,131,346,77,230,133,163,140,106,92,35,302,337,237,146,160,91,84,82,77,61,163,229,200,63,,85,,,b'\x11\xe8\xe1I\xee\xc5\x1d\x14\x9a\xbe\x12\xdf\x17\xaeN\x1e'
11E8E149-EEC5-1D14-9ABE-12DF17AE4E1E,2021-ncaa-d3-conf-PAC,ncaa,2,2,3,2,5,5,5,6,1,4,6,1,5,8,3,5,4,1,7,1,2,6,6,1,1,1,6,6,5,5,1,3,1,5,1,1,1,1,3,1,5,5,2,2,,,5,8,,,2,8,10,5,4,4,7,3,7,5,6,2,1,1,7,8,5,2,3,1,1,5,2,,6,,,2,2,1,2,1,1,2,1,2,2,3,4,9,7,9,6,8,2,3,1,1,2,8,5,10,1,1,1,1,1,1,1,2,5,5,2,4,6,6,5,,,4,3,,,2,3,1,2,1,1,1,1,1,1,2,1,9,7,7,1,1,1,1,1,1,5,3,5,,3,,,b'\x11\xe8\xe1I\xee\xc5\x1d\x14\x9a\xbe\x12\xdf\x17\xaeN\x1e'
11E8E149-EEC5-1D14-9ABE-12DF17AE4E1E,2021-ncaa-d3-natl,ncaa,50,58,112,54,124,87,89,122,18,92,125,22,96,114,57,149,101,84,209,84,64,119,124,21,25,29,160,143,165,73,19,92,14,85,10,43,7,139,122,18,77,44,57,32,,,149,133,,,23,139,188,85,49,49,146,53,151,86,142,88,53,55,117,136,52,44,34,7,113,67,44,,99,,,26,115,104,131,30,102,130,30,123,139,80,161,174,162,241,161,188,133,141,30,45,38,245,152,258,98,14,109,19,104,10,84,39,103,77,21,181,191,184,194,,,103,80,,,23,148,22,29,20,29,20,40,21,47,76,100,177,138,142,44,53,23,25,13,11,106,185,193,,81,,,b'\x11\xe8\xe1I\xee\xc5\x1d\x14\x9a\xbe\x12\xdf\x17\xaeN\x1e'
11E8E149-EEC5-1D14-9ABE-12DF17AE4E1E,2022-ncaa-d3-conf-PAC,ncaa,1,1,1,1,1,2,3,5,1,3,6,1,2,3,1,5,2,1,4,1,2,4,5,1,1,1,5,4,5,7,7,2,3,5,3,1,1,3,1,1,4,4,2,2,,,4,3,,,1,5,8,2,3,3,8,4,7,2,5,2,2,2,7,9,9,6,8,1,1,4,3,,2,,,1,2,2,6,1,2,4,1,2,7,1,9,3,3,6,3,5,5,6,1,1,1,6,6,5,5,3,4,7,4,3,2,2,3,3,1,3,4,3,2,,,2,3,,,1,6,1,1,1,1,1,3,1,3,1,5,2,2,2,2,3,4,1,2,1,4,2,2,,7,,,b'\x11\xe8\xe1I\xee\xc5\x1d\x14\x9a\xbe\x12\xdf\x17\xaeN\x1e'
11E8E149-EEC5-1D14-9ABE-12DF17AE4E1E,2022-ncaa-d3-natl,ncaa,18,39,13,32,21,44,57,72,73,96,131,97,55,84,43,148,23,40,114,38,93,64,78,62,53,41,116,128,169,135,202,52,190,68,161,15,3,149,68,9,66,106,32,36,,,176,61,,,35,79,383,221,108,151,290,203,309,84,165,106,131,132,265,368,257,166,217,24,38,154,52,,35,,,39,222,217,355,41,180,302,69,280,376,61,325,207,221,149,207,147,341,365,49,43,59,279,299,194,352,190,316,202,348,161,195,145,85,155,91,218,149,254,195,,,99,203,,,35,352,46,69,38,37,45,108,47,75,146,248,69,67,62,73,77,213,94,141,63,218,111,153,,302,,,b'\x11\xe8\xe1I\xee\xc5\x1d\x14\x9a\xbe\x12\xdf\x17\xaeN\x1e'
11E8E149-EEC5-1D14-9ABE-12DF17AE4E1E,2023-ncaa-d3-conf-PAC,ncaa,1,1,3,1,3,5,4,6,1,4,5,1,3,4,1,6,8,10,5,10,9,6,7,1,1,1,7,5,11,8,4,2,3,3,4,1,1,4,6,1,4,3,2,2,,,3,4,,,1,9,10,3,4,3,8,4,8,3,6,11,10,10,10,10,8,2,4,1,5,4,3,,2,,,1,1,2,2,2,2,1,2,3,8,1,11,4,2,8,2,4,1,3,2,2,2,10,10,7,3,3,2,4,2,4,3,8,4,3,4,6,7,9,7,,,11,10,,,1,5,1,2,1,2,2,1,2,1,4,9,3,2,2,1,2,3,2,2,2,5,6,7,,11,,,b'\x11\xe8\xe1I\xee\xc5\x1d\x14\x9a\xbe\x12\xdf\x17\xaeN\x1e'
11E8E149-EEC5-1D14-9ABE-12DF17AE4E1E,2023-ncaa-d3-natl,ncaa,17,9,63,15,93,119,86,101,89,125,156,95,71,93,60,132,302,325,210,330,380,136,155,73,99,95,218,110,421,119,136,20,117,38,66,25,5,160,122,19,79,74,15,7,,,119,70,,,40,186,344,288,145,106,176,162,247,94,137,369,391,395,250,317,161,13,45,22,102,105,15,,42,,,37,50,39,284,4,34,127,14,204,406,4,395,123,134,162,128,176,255,269,4,4,9,350,336,243,285,117,224,136,259,66,125,313,141,172,119,306,283,410,392,,,352,413,,,40,252,89,13,30,13,9,148,8,51,147,356,70,72,73,107,120,201,122,152,89,208,246,394,,418,,,b'\x11\xe8\xe1I\xee\xc5\x1d\x14\x9a\xbe\x12\xdf\x17\xaeN\x1e'
11E8E149-EEC5-1D14-9ABE-12DF17AE4E1E,2024-ncaa-d3-conf-PAC,ncaa,2,1,4,2,5,3,3,4,1,3,6,2,5,6,1,6,3,5,1,5,6,5,6,2,1,1,6,6,8,6,2,2,3,3,1,2,1,1,2,1,5,7,3,1,,,5,3,,,2,6,8,3,3,2,5,2,7,5,6,3,7,7,5,7,7,1,4,2,1,7,3,,2,,,2,4,4,7,3,4,7,4,2,6,2,6,5,6,6,6,5,7,5,2,2,3,6,4,7,4,3,1,2,3,1,2,1,5,8,3,3,2,3,4,,,8,7,,,2,7,1,3,2,3,3,6,4,6,2,6,5,5,5,6,4,4,1,1,1,7,2,3,,9,,,b'\x11\xe8\xe1I\xee\xc5\x1d\x14\x9a\xbe\x12\xdf\x17\xaeN\x1e'
11E8E149-EEC5-1D14-9ABE-12DF17AE4E1E,2024-ncaa-d3-natl,ncaa,30,7,112,16,143,58,48,99,28,80,144,40,58,105,23,144,222,297,19,294,354,119,164,29,28,19,211,134,377,139,107,19,55,47,32,24,27,70,50,8,225,254,50,61,,,102,62,,,38,182,235,152,30,23,89,66,163,51,114,238,341,336,116,220,152,7,21,8,60,248,47,,67,,,31,142,186,328,60,199,288,87,201,338,41,279,111,137,83,133,104,309,255,53,37,88,188,254,125,225,55,134,107,167,32,137,104,308,344,236,146,138,258,219,,,357,401,,,38,264,18,98,25,112,147,311,166,249,179,306,90,114,109,280,204,195,95,123,118,346,131,234,,404,,,b'\x11\xe8\xe1I\xee\xc5\x1d\x14\x9a\xbe\x12\xdf\x17\xaeN\x1e'
11E8E149-EEC5-1D14-9ABE-12DF17AE4E1E,2025-ncaa-d3-conf-PAC,genius_ncaa,1,1,2,1,2,2,2,3,1,1,4,2,2,4,3,7,2,4,1,4,8,3,3,1,1,1,4,6,7,3,1,1,1,1,1,3,6,2,2,2,4,4,2,1,,,9,9,,8,2,7,11,5,2,1,6,2,6,3,5,4,7,8,5,9,3,4,1,2,2,5,3,,8,,8,2,1,1,1,1,1,1,3,1,4,2,6,9,9,6,9,9,1,2,1,1,2,9,3,9,1,1,1,1,1,1,2,4,4,4,3,3,2,4,4,,,8,9,,9,2,6,1,2,2,2,1,1,1,2,1,3,8,8,8,2,1,1,1,1,2,6,2,4,,10,,10,b'\x11\xe8\xe1I\xee\xc5\x1d\x14\x9a\xbe\x12\xdf\x17\xaeN\x1e'
11E8E149-EEC5-1D14-9ABE-12DF17AE4E1E,2025-ncaa-d3-natl,genius_ncaa,20,25,16,27,22,14,18,23,43,34,53,55,27,56,36,156,59,150,4,147,300,28,43,37,36,20,176,136,309,51,92,7,21,14,23,41,198,144,41,32,94,143,26,41,,,333,241,,201,24,48,245,202,30,35,80,63,153,57,118,130,270,276,99,188,105,21,38,58,46,179,48,,200,,149,25,300,261,371,81,268,345,91,226,316,76,198,344,362,133,364,288,379,362,72,74,121,234,157,300,150,21,329,92,271,23,152,85,135,227,133,213,98,378,266,,,222,377,,356,24,377,14,88,25,90,81,130,101,148,112,176,230,258,262,146,117,57,126,85,60,278,103,307,,377,,376,b'\x11\xe8\xe1I\xee\xc5\x1d\x14\x9a\xbe\x12\xdf\x17\xaeN\x1e'
11E8E149-EEC5-1D14-9ABE-12DF17AE4E1E,2026-ncaa-d3-conf-PAC,genius_ncaa,1,1,1,1,3,4,2,6,3,2,6,3,4,6,3,6,6,9,2,9,8,6,9,4,4,3,9,7,6,8,7,4,1,7,3,3,6,4,5,2,8,8,5,2,,,2,8,,1,1,8,11,3,4,2,6,2,6,4,6,6,9,9,6,9,8,4,7,3,4,8,5,,2,,1,1,1,1,1,3,1,2,3,4,7,3,11,5,5,5,4,10,1,1,3,3,3,9,11,8,1,1,5,7,1,3,2,8,5,3,1,9,9,6,6,,,6,5,,1,1,1,3,1,1,1,1,1,1,2,4,7,5,5,4,1,1,1,5,1,2,5,9,6,,6,,1,b'\x11\xe8\xe1I\xee\xc5\x1d\x14\x9a\xbe\x12\xdf\x17\xaeN\x1e'
11E8E149-EEC5-1D14-9ABE-12DF17AE4E1E,2026-ncaa-d3-natl,genius_ncaa,13,21,116,27,207,75,105,193,44,119,192,75,89,178,32,198,39,127,5,135,136,188,214,37,11,11,114,165,104,283,257,182,196,219,200,92,180,133,110,69,112,104,58,44,,,293,322,,347,49,186,284,396,48,99,257,139,249,96,216,41,153,172,246,327,327,216,295,102,75,131,62,,278,,349,55,198,183,197,156,209,190,242,132,218,58,234,274,268,215,271,300,208,222,144,162,149,177,114,313,213,196,169,257,185,200,94,37,167,168,70,160,142,290,303,,,132,84,,98,49,217,33,156,53,124,113,112,150,110,80,174,255,244,254,128,128,175,84,115,44,193,114,292,,152,,114,b'\x11\xe8\xe1I\xee\xc5\x1d\x14\x9a\xbe\x12\xdf\x17\xaeN\x1e'
11E8E149-EEC9-DCE6-9ABE-12DF17AE4E1E,2018-ncaa-d3-conf-ODAC,ncaa,4,5,1,5,3,4,4,4,4,5,8,3,1,1,4,1,3,4,3,4,4,4,5,2,3,1,4,4,7,7,10,3,7,5,9,5,10,1,2,2,4,6,2,4,,,8,6,,,5,4,6,5,4,5,5,6,10,1,1,3,5,5,4,8,9,8,11,7,1,5,3,,6,,,5,11,12,11,10,12,12,9,4,2,5,1,6,6,4,6,3,10,9,8,8,7,1,2,3,8,7,10,10,10,9,8,3,7,7,6,2,3,4,8,,,5,7,,,5,10,2,6,5,8,10,6,11,11,3,1,5,5,5,5,7,6,8,7,6,7,2,4,,6,,,b'\x11\xe8\xe1I\xee\xc9\xdc\xe6\x9a\xbe\x12\xdf\x17\xaeN\x1e'
11E8E149-EEC9-DCE6-9ABE-12DF17AE4E1E,2018-ncaa-d3-natl,ncaa,114,138,68,134,81,93,133,141,139,162,224,99,88,81,162,110,47,78,50,79,70,120,182,110,81,49,105,147,95,218,273,152,222,177,248,180,293,47,27,75,174,206,78,153,,,204,151,,,134,167,347,96,109,168,227,222,322,129,115,47,114,114,195,346,291,253,290,230,19,225,103,,115,,,135,289,376,345,299,422,418,278,21,33,73,11,170,177,175,167,49,326,306,225,191,239,6,10,114,290,222,286,273,292,248,201,64,221,275,229,45,33,101,104,,,145,145,,,134,293,49,235,128,181,283,226,377,381,9,10,109,109,102,193,139,198,194,193,148,309,27,69,,236,,,b'\x11\xe8\xe1I\xee\xc9\xdc\xe6\x9a\xbe\x12\xdf\x17\xaeN\x1e'
11E8E149-EEC9-DCE6-9ABE-12DF17AE4E1E,2019-ncaa-d3-conf-ODAC,ncaa,2,3,2,3,2,1,1,1,7,6,5,5,1,1,4,2,2,2,1,2,4,2,3,4,3,2,1,3,4,4,9,3,8,5,8,4,9,4,2,1,4,5,4,9,,,9,6,,,2,1,2,8,1,4,4,9,10,1,1,3,3,3,3,4,7,8,8,6,3,5,7,,8,,,3,12,13,13,7,13,13,10,4,7,4,3,7,6,9,6,4,13,13,7,4,5,1,2,4,10,8,13,9,13,8,9,3,3,5,4,8,4,12,11,,,3,6,,,2,13,3,4,3,9,12,12,12,12,3,3,4,5,5,12,11,9,8,8,7,4,3,11,,5,,,b'\x11\xe8\xe1I\xee\xc9\xdc\xe6\x9a\xbe\x12\xdf\x17\xaeN\x1e'
11E8E149-EEC9-DCE6-9ABE-12DF17AE4E1E,2019-ncaa-d3-natl,ncaa,78,104,42,105,47,40,61,51,125,119,156,90,35,32,116,78,16,35,18,36,58,43,60,91,60,42,62,122,101,241,362,131,194,174,307,104,265,156,42,78,53,85,124,197,,,395,283,,,99,33,135,107,41,100,126,184,297,54,64,21,69,70,96,176,342,278,336,145,56,78,168,,306,,,101,401,414,385,347,427,413,347,139,173,138,83,310,291,291,286,142,379,406,296,300,214,47,49,179,261,194,404,362,380,307,279,66,64,112,110,220,120,287,251,,,64,154,,,99,414,75,191,107,246,300,219,352,315,74,73,202,181,180,212,273,146,315,251,167,102,132,217,,138,,,b'\x11\xe8\xe1I\xee\xc9\xdc\xe6\x9a\xbe\x12\xdf\x17\xaeN\x1e'
11E8E149-EEC9-DCE6-9ABE-12DF17AE4E1E,2020-ncaa-d3-conf-ODAC,ncaa,3,1,6,2,7,2,2,6,1,7,11,1,1,2,1,2,5,6,1,6,3,6,7,1,1,1,2,1,8,6,4,3,1,4,2,2,1,3,2,1,9,8,6,6,,,3,4,,,1,8,7,4,1,1,4,7,11,1,2,5,6,6,3,5,4,1,4,1,4,8,6,,3,,,1,3,6,8,6,9,11,6,1,2,3,3,2,2,1,2,2,5,4,3,3,7,1,2,3,1,1,2,4,2,2,3,2,10,11,8,4,2,7,11,,,7,8,,,1,5,1,5,1,6,9,10,10,11,1,2,2,3,3,7,5,2,4,4,5,12,4,8,,6,,,b'\x11\xe8\xe1I\xee\xc9\xdc\xe6\x9a\xbe\x12\xdf\x17\xaeN\x1e'
11E8E149-EEC9-DCE6-9ABE-12DF17AE4E1E,2020-ncaa-d3-natl,ncaa,101,85,126,96,132,75,112,140,114,224,305,105,22,33,37,51,66,116,44,116,50,132,149,52,38,44,34,40,176,184,178,67,13,102,62,70,65,164,131,53,238,251,170,225,,,159,153,,,74,133,198,58,45,97,150,253,352,19,44,57,113,114,127,174,193,46,96,51,138,261,183,,131,,,69,224,294,294,231,362,376,211,69,93,124,48,170,170,240,158,76,268,218,169,154,224,32,51,158,59,13,207,178,118,62,134,52,289,323,228,183,155,340,368,,,177,214,,,74,298,46,168,79,195,246,253,319,363,54,61,157,147,135,223,161,40,167,91,124,330,163,323,,190,,,b'\x11\xe8\xe1I\xee\xc9\xdc\xe6\x9a\xbe\x12\xdf\x17\xaeN\x1e'
11E8E149-EEC9-DCE6-9ABE-12DF17AE4E1E,2021-ncaa-d3-conf-ODAC,ncaa,4,4,8,5,8,5,6,6,2,7,7,7,3,4,1,3,8,7,10,7,9,7,8,1,1,1,3,2,11,5,5,7,1,7,3,5,5,4,3,3,7,5,4,2,,,5,9,,,3,8,4,10,2,1,3,5,5,2,3,8,7,8,3,3,3,4,2,2,4,5,2,,9,,,5,4,4,4,5,4,5,5,4,4,7,4,7,7,10,7,9,4,4,5,7,8,8,3,10,4,1,4,5,4,3,4,4,9,9,7,4,2,4,6,,,8,11,,,3,4,3,7,5,8,7,9,7,10,4,4,11,9,10,9,7,3,7,6,5,7,3,4,,11,,,b'\x11\xe8\xe1I\xee\xc9\xdc\xe6\x9a\xbe\x12\xdf\x17\xaeN\x1e'
11E8E149-EEC9-DCE6-9ABE-12DF17AE4E1E,2021-ncaa-d3-natl,ncaa,101,92,176,95,190,131,125,164,38,151,168,121,55,122,3,75,185,179,235,179,193,167,178,19,30,20,51,14,269,171,149,159,22,166,74,117,103,92,68,37,156,134,96,57,,,130,204,,,71,175,62,264,26,24,42,98,109,9,51,199,174,180,52,79,136,36,62,32,86,130,41,,194,,,74,119,114,110,146,118,122,112,108,93,211,61,160,148,232,149,182,113,107,139,160,199,149,94,229,88,22,110,149,100,74,112,101,193,219,181,82,44,88,93,,,194,250,,,71,108,36,162,78,187,159,177,168,209,124,85,246,221,228,201,163,51,165,109,137,207,44,87,,232,,,b'\x11\xe8\xe1I\xee\xc9\xdc\xe6\x9a\xbe\x12\xdf\x17\xaeN\x1e'
11E8E149-EEC9-DCE6-9ABE-12DF17AE4E1E,2022-ncaa-d3-conf-ODAC,ncaa,1,1,2,1,4,1,1,1,3,5,7,2,1,1,1,1,6,7,7,7,9,1,1,1,2,1,3,1,12,3,4,2,3,1,2,1,1,4,1,1,9,8,3,3,,,4,2,,,1,3,4,12,1,1,1,5,8,1,1,9,10,10,1,3,4,1,1,1,2,9,3,,2,,,1,6,7,11,5,10,12,3,3,2,3,1,5,6,8,6,2,9,8,3,2,5,1,2,5,4,3,8,4,6,2,3,1,8,10,4,8,6,2,3,,,6,10,,,1,10,1,6,1,4,6,8,9,11,2,1,4,3,3,7,5,4,6,6,2,11,6,1,,10,,,b'\x11\xe8\xe1I\xee\xc9\xdc\xe6\x9a\xbe\x12\xdf\x17\xaeN\x1e'
11E8E149-EEC9-DCE6-9ABE-12DF17AE4E1E,2022-ncaa-d3-natl,ncaa,49,55,61,56,102,54,57,56,105,131,187,99,25,34,55,51,179,196,164,190,214,66,80,66,81,58,78,44,366,59,88,45,58,37,49,38,71,159,71,35,164,212,33,59,,,180,100,,,49,103,220,407,56,62,82,188,283,28,40,241,270,266,97,165,101,33,44,38,96,225,37,,79,,,55,238,276,332,122,337,395,112,78,141,53,54,229,241,190,254,106,329,316,78,78,126,46,38,214,201,58,297,88,256,49,64,8,211,293,94,316,225,230,211,,,226,357,,,49,330,49,112,52,109,151,219,237,336,34,51,149,154,167,204,145,113,166,147,27,302,244,178,,344,,,b'\x11\xe8\xe1I\xee\xc9\xdc\xe6\x9a\xbe\x12\xdf\x17\xaeN\x1e'
11E8E149-EEC9-DCE6-9ABE-12DF17AE4E1E,2023-ncaa-d3-conf-ODAC,ncaa,1,1,2,1,2,1,1,2,1,2,3,1,1,1,1,2,2,3,7,3,7,1,1,1,1,1,4,2,11,1,1,1,2,1,1,1,1,7,2,1,9,12,1,1,,,5,3,,,1,2,4,5,1,1,1,3,7,1,2,7,8,6,1,2,1,1,1,1,3,12,1,,2,,,1,6,8,13,1,8,13,1,5,9,1,4,7,8,2,8,3,13,12,1,1,1,6,5,5,7,2,7,1,9,1,4,3,12,12,9,6,3,6,4,,,2,8,,,1,12,1,2,1,5,5,10,7,11,2,6,5,7,7,11,7,6,4,4,4,13,4,5,,5,,,b'\x11\xe8\xe1I\xee\xc9\xdc\xe6\x9a\xbe\x12\xdf\x17\xaeN\x1e'
11E8E149-EEC9-DCE6-9ABE-12DF17AE4E1E,2023-ncaa-d3-natl,ncaa,37,62,13,60,14,13,22,23,71,65,90,73,12,21,27,92,26,26,150,24,68,18,13,40,41,58,63,70,218,17,15,1,64,1,7,9,38,371,177,67,226,358,1,1,,,354,160,,,36,16,150,42,24,52,79,137,241,25,54,64,68,64,56,64,33,2,2,17,250,338,1,,214,,,41,364,351,426,21,365,420,36,237,377,28,156,352,374,103,377,167,427,411,20,16,93,178,141,286,348,64,247,15,319,7,202,57,266,404,245,365,217,310,225,,,22,148,,,36,415,32,99,45,156,165,364,205,369,125,250,241,280,279,363,270,219,64,113,84,391,261,208,,69,,,b'\x11\xe8\xe1I\xee\xc9\xdc\xe6\x9a\xbe\x12\xdf\x17\xaeN\x1e'
11E8E149-EEC9-DCE6-9ABE-12DF17AE4E1E,2024-ncaa-d3-conf-ODAC,ncaa,1,1,1,1,2,1,1,1,1,1,3,1,1,1,2,2,1,1,7,1,2,1,1,1,1,1,3,3,8,1,1,1,2,1,1,1,1,12,3,1,10,13,1,1,,,5,2,,,1,1,2,9,1,1,2,1,7,1,2,1,1,1,2,2,2,1,1,1,8,12,1,,3,,,1,8,11,13,2,12,13,3,3,8,1,3,3,3,8,3,1,13,13,1,1,1,2,4,3,11,2,4,1,5,1,5,2,11,13,8,11,5,9,7,,,1,6,,,1,13,1,1,1,6,7,13,9,13,2,5,2,2,2,13,12,8,1,4,4,12,9,7,,2,,,b'\x11\xe8\xe1I\xee\xc9\xdc\xe6\x9a\xbe\x12\xdf\x17\xaeN\x1e'
11E8E149-EEC9-DCE6-9ABE-12DF17AE4E1E,2024-ncaa-d3-natl,ncaa,4,7,2,7,3,4,6,6,61,18,39,50,8,10,53,101,2,2,194,2,34,3,3,39,38,62,92,113,165,6,29,1,110,1,13,7,139,406,207,137,184,367,1,9,,,401,113,,,14,2,92,181,15,38,83,110,230,34,57,34,24,23,50,45,43,1,2,46,271,336,3,,187,,,20,401,403,427,8,407,427,8,232,409,7,80,362,357,285,363,38,427,426,6,4,34,86,83,206,421,110,389,29,417,13,241,23,168,393,211,374,172,401,277,,,3,130,,,14,426,39,47,27,126,155,397,229,406,69,200,159,142,146,391,340,340,94,205,60,375,236,275,,46,,,b'\x11\xe8\xe1I\xee\xc9\xdc\xe6\x9a\xbe\x12\xdf\x17\xaeN\x1e'
11E8E149-EEC9-DCE6-9ABE-12DF17AE4E1E,2025-ncaa-d3-conf-ODAC,genius_ncaa,2,2,1,2,1,1,1,1,5,1,1,3,2,1,10,8,1,1,8,1,3,1,1,5,5,3,8,9,3,1,1,1,3,1,1,3,9,7,1,3,11,13,2,3,,,10,3,,7,1,1,4,1,1,1,1,1,2,5,5,2,2,2,1,2,1,1,1,4,4,13,2,,4,,5,1,10,10,13,1,10,13,2,8,13,1,5,8,6,11,6,1,13,13,1,1,2,5,6,7,9,3,12,1,11,1,2,1,7,12,3,4,1,6,3,,,1,2,,1,1,13,1,3,1,5,5,11,6,12,4,8,5,5,5,10,8,3,7,6,2,13,2,4,,1,,2,b'\x11\xe8\xe1I\xee\xc9\xdc\xe6\x9a\xbe\x12\xdf\x17\xaeN\x1e'
11E8E149-EEC9-DCE6-9ABE-12DF17AE4E1E,2025-ncaa-d3-natl,genius_ncaa,14,25,11,26,11,11,14,6,154,17,12,115,77,31,266,195,23,11,239,12,160,4,5,165,161,107,250,250,199,4,14,3,63,1,16,62,332,224,31,106,247,375,3,13,,,313,129,,336,31,10,164,83,36,43,24,42,73,150,94,73,60,66,24,52,9,12,5,144,78,370,4,,140,,285,43,360,349,413,25,332,412,36,289,389,45,207,306,271,327,272,90,416,408,26,26,74,191,190,211,327,63,395,14,393,16,111,13,142,333,109,103,11,121,24,,,9,183,,28,31,409,53,73,48,107,115,310,135,315,141,254,160,120,123,285,240,165,227,202,28,316,27,42,,79,,60,b'\x11\xe8\xe1I\xee\xc9\xdc\xe6\x9a\xbe\x12\xdf\x17\xaeN\x1e'
11E8E149-EEC9-DCE6-9ABE-12DF17AE4E1E,2026-ncaa-d3-conf-ODAC,genius_ncaa,1,1,1,1,1,1,1,1,2,1,1,2,5,1,12,8,1,1,6,1,4,1,1,3,2,2,11,11,6,1,3,1,4,1,3,1,7,11,2,4,9,11,1,4,,,10,4,,6,1,1,3,5,1,2,3,1,2,10,6,2,2,3,2,5,4,2,2,4,2,10,1,,4,,5,2,11,11,12,2,11,12,2,6,8,7,2,11,10,11,10,2,12,12,2,3,3,6,3,9,12,4,12,3,12,3,2,1,3,10,2,12,6,5,1,,,1,1,,1,1,12,2,4,3,4,4,10,7,12,4,1,9,8,7,9,8,8,5,7,1,11,6,1,,1,,3,b'\x11\xe8\xe1I\xee\xc9\xdc\xe6\x9a\xbe\x12\xdf\x17\xaeN\x1e'
11E8E149-EEC9-DCE6-9ABE-12DF17AE4E1E,2026-ncaa-d3-natl,genius_ncaa,13,1,215,1,249,137,132,209,66,80,188,22,268,231,328,277,57,130,22,135,151,199,237,108,70,50,322,355,102,94,20,152,160,127,30,173,305,94,78,100,352,375,45,81,,,66,28,,156,41,270,168,113,23,33,64,13,77,272,196,21,57,60,52,101,34,29,15,105,117,364,22,,45,,190,31,113,128,208,28,191,316,18,37,40,111,10,158,86,414,76,9,184,159,11,23,71,46,28,249,208,160,84,20,119,30,47,14,299,304,91,103,82,55,34,,,219,182,,123,41,147,29,93,29,119,149,333,249,404,23,18,190,67,53,294,255,273,60,129,30,291,117,52,,124,,104,b'\x11\xe8\xe1I\xee\xc9\xdc\xe6\x9a\xbe\x12\xdf\x17\xaeN\x1e'
11E8E149-EECE-701C-9ABE-12DF17AE4E1E,2018-ncaa-d3-conf-Centennial,ncaa,9,9,6,9,6,9,9,9,9,8,2,9,10,10,10,11,5,8,2,8,10,9,9,9,9,9,10,11,2,7,9,6,7,8,8,7,5,8,8,8,4,4,4,3,,,11,11,,,9,10,3,5,9,9,7,8,1,10,10,4,7,7,8,7,6,6,7,6,8,4,3,,11,,,9,8,5,2,7,5,2,7,7,5,7,6,11,11,3,11,11,5,4,7,8,8,9,6,11,4,7,9,9,7,8,9,8,7,7,9,8,8,7,5,,,8,8,,,9,5,9,8,9,8,7,4,6,5,7,6,11,11,11,8,9,7,9,8,9,6,8,7,,7,,,b'\x11\xe8\xe1I\xee\xcep\x1c\x9a\xbe\x12\xdf\x17\xaeN\x1e'
11E8E149-EECE-701C-9ABE-12DF17AE4E1E,2018-ncaa-d3-natl,ncaa,346,379,197,361,264,351,336,214,391,230,52,403,419,417,408,433,240,302,71,307,419,234,290,413,401,367,409,431,83,159,229,191,89,168,191,291,173,67,88,203,268,249,54,48,,,315,404,,,312,326,344,303,389,371,178,238,24,429,432,240,319,334,211,302,143,142,125,316,74,278,49,,351,,,309,122,83,93,142,122,208,78,90,50,299,56,365,400,72,398,398,146,107,112,154,222,272,104,418,91,89,320,229,222,191,145,281,351,333,276,63,82,388,275,,,370,385,,,312,141,354,199,301,137,95,99,132,229,94,44,388,411,407,159,79,95,341,245,160,375,72,393,,407,,,b'\x11\xe8\xe1I\xee\xcep\x1c\x9a\xbe\x12\xdf\x17\xaeN\x1e'
11E8E149-EECE-701C-9ABE-12DF17AE4E1E,2019-ncaa-d3-conf-Centennial,ncaa,9,9,6,9,7,9,8,6,8,5,2,9,9,9,7,9,11,11,8,11,11,8,7,9,9,9,11,9,10,6,7,3,4,4,5,4,2,7,9,6,9,9,1,1,,,8,8,,,9,8,7,2,9,8,4,4,1,9,9,11,11,10,7,5,4,2,4,3,8,9,1,,9,,,9,4,4,5,3,4,6,4,2,4,4,5,7,10,4,10,9,6,3,4,4,5,9,5,10,4,4,7,7,5,5,7,10,9,9,9,6,7,5,3,,,11,11,,,9,1,9,5,9,5,4,6,4,6,5,6,8,10,10,7,5,6,7,8,7,9,7,6,,10,,,b'\x11\xe8\xe1I\xee\xcep\x1c\x9a\xbe\x12\xdf\x17\xaeN\x1e'
11E8E149-EECE-701C-9ABE-12DF17AE4E1E,2019-ncaa-d3-natl,ncaa,306,304,317,320,330,379,342,320,349,261,149,377,404,415,328,394,401,406,301,406,432,352,378,383,389,367,417,375,363,263,250,231,147,263,195,233,40,59,159,133,391,356,26,12,,,143,320,,,259,394,410,150,394,347,257,230,69,404,405,411,410,410,329,375,219,118,148,181,93,388,15,,212,,,260,38,23,66,41,31,103,30,89,107,140,173,221,232,199,235,320,76,47,41,57,133,337,219,387,127,147,204,250,159,195,74,326,405,385,322,80,169,287,249,,,419,410,,,259,47,356,157,275,70,46,110,57,162,117,137,278,279,283,133,42,179,281,241,127,411,122,327,,431,,,b'\x11\xe8\xe1I\xee\xcep\x1c\x9a\xbe\x12\xdf\x17\xaeN\x1e'
11E8E149-EECE-701C-9ABE-12DF17AE4E1E,2020-ncaa-d3-conf-Centennial,ncaa,8,8,6,8,7,9,9,5,9,8,6,10,5,7,6,6,8,8,4,8,9,7,10,9,10,8,6,5,7,9,9,9,7,9,10,8,6,1,2,4,8,8,7,4,,,9,10,,,10,9,8,5,9,9,2,8,4,5,5,8,8,8,4,7,8,9,9,8,2,8,6,,10,,,10,10,5,3,7,3,3,6,10,5,11,6,11,11,9,10,11,4,5,8,10,10,11,8,11,6,7,10,9,8,10,10,11,8,8,8,1,1,8,8,,,9,10,,,10,2,9,10,10,10,7,5,5,5,10,6,11,11,11,6,6,7,11,9,10,8,1,11,,8,,,b'\x11\xe8\xe1I\xee\xcep\x1c\x9a\xbe\x12\xdf\x17\xaeN\x1e'
11E8E149-EECE-701C-9ABE-12DF17AE4E1E,2020-ncaa-d3-natl,ncaa,263,275,198,276,271,331,332,271,366,315,205,384,315,299,295,288,262,304,129,300,319,278,358,370,355,305,224,256,139,281,322,324,224,316,318,318,269,25,51,181,324,297,111,72,,,316,413,,,292,369,387,281,355,359,256,333,179,307,293,259,310,306,280,383,281,345,336,340,27,332,96,,346,,,292,103,47,51,159,57,109,73,173,46,421,90,380,367,339,357,386,65,64,186,258,269,388,256,418,128,224,298,322,234,318,124,269,289,220,215,18,23,359,344,,,384,358,,,292,65,303,266,297,136,66,37,70,117,199,47,387,373,362,75,51,147,314,256,141,287,12,363,,409,,,b'\x11\xe8\xe1I\xee\xcep\x1c\x9a\xbe\x12\xdf\x17\xaeN\x1e'
11E8E149-EECE-701C-9ABE-12DF17AE4E1E,2021-ncaa-d3-natl,ncaa,176,1,256,1,259,256,259,260,95,263,267,98,237,250,47,22,260,261,77,261,125,259,261,51,53,18,24,15,215,260,145,254,34,258,61,251,34,21,15,10,258,77,240,93,,,21,103,,,83,263,123,110,37,52,36,146,195,13,17,130,150,156,44,115,111,6,14,19,20,80,77,,104,,,10,15,12,18,3,12,20,3,14,21,10,67,27,29,54,29,232,21,21,3,6,11,190,42,280,17,34,24,145,23,61,14,222,261,175,82,24,65,27,183,,,263,231,,,83,21,28,13,10,15,10,119,17,166,20,79,215,243,251,160,143,120,201,177,44,172,75,155,,223,,,b'\x11\xe8\xe1I\xee\xcep\x1c\x9a\xbe\x12\xdf\x17\xaeN\x1e'
11E8E149-EECE-701C-9ABE-12DF17AE4E1E,2022-ncaa-d3-conf-Centennial,ncaa,4,5,1,5,1,3,4,1,8,2,1,9,9,5,8,8,1,1,3,1,4,1,1,9,9,6,7,10,2,1,4,3,4,2,4,9,10,5,2,9,9,9,5,5,,,11,11,,,6,2,6,1,5,6,2,5,1,9,7,1,1,1,2,2,2,3,2,10,2,9,5,,11,,,6,9,6,9,4,2,6,3,9,10,7,11,11,11,10,11,11,10,11,4,5,6,11,10,11,10,4,10,4,10,4,9,9,7,10,8,6,4,9,5,,,2,5,,,6,10,6,6,6,6,4,8,1,1,9,10,11,11,11,10,9,9,7,8,9,7,5,7,,4,,,b'\x11\xe8\xe1I\xee\xcep\x1c\x9a\xbe\x12\xdf\x17\xaeN\x1e'
11E8E149-EECE-701C-9ABE-12DF17AE4E1E,2022-ncaa-d3-natl,ncaa,116,156,61,144,61,222,241,151,354,195,73,370,333,316,347,364,51,56,138,50,162,120,154,373,345,291,249,359,20,69,148,51,134,48,120,301,360,124,84,270,271,318,83,66,,,391,400,,,172,196,415,9,338,354,269,282,120,372,364,83,95,84,229,326,126,48,61,370,63,347,97,,342,,,174,117,52,262,3,36,165,5,247,361,40,334,380,384,218,377,387,295,253,5,14,52,418,327,417,300,134,340,148,340,120,168,367,234,295,200,130,109,361,272,,,99,118,,,172,238,263,61,173,34,8,105,4,49,158,292,339,340,332,141,81,206,242,230,93,332,75,325,,181,,,b'\x11\xe8\xe1I\xee\xcep\x1c\x9a\xbe\x12\xdf\x17\xaeN\x1e'
11E8E149-EECE-701C-9ABE-12DF17AE4E1E,2023-ncaa-d3-conf-Centennial,ncaa,6,7,1,6,1,4,5,2,9,4,1,9,10,9,10,10,2,2,2,2,5,2,1,10,9,10,9,11,2,1,1,3,3,2,3,8,11,10,7,10,5,10,9,7,,,11,10,,,8,1,4,3,8,8,3,4,1,10,10,2,3,3,3,1,1,3,2,10,10,8,9,,11,,,8,10,7,8,6,2,1,6,10,11,6,11,11,11,2,11,11,11,11,7,7,7,11,11,8,7,3,8,1,9,3,10,11,4,4,9,10,7,11,7,,,1,3,,,8,10,9,6,8,7,5,5,2,1,10,10,11,11,11,8,7,7,6,6,9,4,10,11,,3,,,b'\x11\xe8\xe1I\xee\xcep\x1c\x9a\xbe\x12\xdf\x17\xaeN\x1e'
11E8E149-EECE-701C-9ABE-12DF17AE4E1E,2023-ncaa-d3-natl,ncaa,171,223,63,204,70,247,237,129,337,134,37,349,400,391,409,411,90,138,71,132,334,128,115,377,352,338,398,417,42,43,61,87,169,57,103,329,405,298,233,346,262,295,175,151,,,338,339,,,229,179,362,78,333,321,238,173,50,414,409,134,200,189,232,241,63,140,75,387,218,321,217,,282,,,229,161,103,228,43,69,104,94,291,382,56,369,333,366,72,370,401,273,253,65,75,111,401,322,373,263,169,257,61,277,103,224,334,200,242,218,242,200,416,323,,,121,180,,,229,243,295,126,230,78,42,92,31,36,225,329,289,330,334,123,100,184,155,165,162,282,188,400,,199,,,b'\x11\xe8\xe1I\xee\xcep\x1c\x9a\xbe\x12\xdf\x17\xaeN\x1e'
11E8E149-EECE-701C-9ABE-12DF17AE4E1E,2024-ncaa-d3-conf-Centennial,ncaa,4,4,5,4,5,6,6,7,7,6,2,9,11,11,5,11,2,1,3,1,5,6,4,8,7,7,9,11,1,2,2,3,3,2,2,6,6,9,9,7,7,8,2,1,,,10,9,,,4,6,7,4,7,8,8,5,2,11,11,1,1,1,6,2,2,3,2,7,9,7,2,,9,,,4,5,1,6,3,1,1,2,11,11,4,11,10,11,6,9,11,6,6,3,3,3,11,11,9,5,3,3,2,2,2,6,10,8,8,8,8,7,10,9,,,2,2,,,4,6,7,4,4,4,1,6,1,1,11,11,8,9,9,6,3,4,3,2,6,8,7,11,,2,,,b'\x11\xe8\xe1I\xee\xcep\x1c\x9a\xbe\x12\xdf\x17\xaeN\x1e'
11E8E149-EECE-701C-9ABE-12DF17AE4E1E,2024-ncaa-d3-natl,ncaa,162,185,112,178,160,306,314,311,314,229,97,364,408,417,229,421,98,99,185,104,191,288,288,363,336,333,354,416,23,98,47,127,96,102,42,289,192,241,283,299,327,312,34,10,,,304,388,,,192,342,419,179,367,365,397,261,101,416,424,106,109,118,381,379,85,134,97,335,213,353,30,,283,,,194,44,20,86,4,9,40,4,308,342,191,402,287,287,231,271,396,102,96,15,30,50,426,417,406,137,96,78,47,91,42,93,383,296,257,181,198,229,388,309,,,130,39,,,192,98,285,54,181,16,8,40,1,12,277,309,264,261,248,44,20,109,49,58,79,338,165,372,,133,,,b'\x11\xe8\xe1I\xee\xcep\x1c\x9a\xbe\x12\xdf\x17\xaeN\x1e'
11E8E149-EECE-701C-9ABE-12DF17AE4E1E,2025-ncaa-d3-conf-Centennial,genius_ncaa,4,4,1,4,4,6,6,6,5,4,2,5,11,11,10,11,3,1,11,1,3,5,5,7,7,9,11,11,2,4,4,3,3,3,4,5,3,10,9,8,7,7,3,2,,,10,9,,10,5,5,9,9,9,7,10,4,2,11,11,4,1,1,9,6,4,3,3,5,10,7,3,,8,,10,5,5,2,5,1,1,2,2,8,10,5,10,10,10,7,10,11,8,5,2,3,3,11,10,11,5,3,4,4,5,4,5,8,6,6,5,9,8,10,5,,,2,1,,2,5,7,9,3,5,3,2,3,1,1,8,10,10,9,9,6,2,4,4,4,5,7,9,10,,2,,3,b'\x11\xe8\xe1I\xee\xcep\x1c\x9a\xbe\x12\xdf\x17\xaeN\x1e'
11E8E149-EECE-701C-9ABE-12DF17AE4E1E,2025-ncaa-d3-natl,genius_ncaa,121,118,116,129,166,320,262,307,204,122,77,263,410,413,388,416,290,190,397,192,318,296,268,305,319,330,416,416,193,139,86,130,121,136,66,202,95,286,314,244,195,146,37,12,,,194,279,,379,154,305,402,258,369,315,388,128,68,413,416,322,211,213,383,360,151,151,143,229,257,214,33,,170,,377,153,21,6,67,2,4,59,1,137,222,79,302,221,241,169,246,350,73,102,4,9,14,411,355,398,161,121,85,86,97,66,37,306,180,118,66,235,262,291,201,,,106,37,,56,154,109,312,19,145,6,1,26,1,25,118,183,197,210,219,28,40,120,65,68,31,205,213,284,,113,,59,b'\x11\xe8\xe1I\xee\xcep\x1c\x9a\xbe\x12\xdf\x17\xaeN\x1e'
11E8E149-EECE-701C-9ABE-12DF17AE4E1E,2026-ncaa-d3-conf-Centennial,genius_ncaa,3,5,1,5,1,6,6,8,4,3,3,4,8,9,8,10,7,10,3,9,11,7,7,6,6,8,11,11,9,9,9,4,3,5,7,3,4,10,10,9,7,8,10,10,,,4,3,,1,8,3,5,1,8,7,9,4,4,10,11,8,10,9,9,8,11,5,7,5,10,8,10,,3,,1,8,6,6,5,5,5,3,9,6,10,5,11,6,5,7,5,7,4,4,5,5,5,8,7,5,3,3,6,9,5,7,3,2,5,4,3,6,6,7,6,,,6,8,,1,8,8,9,5,8,5,5,4,4,1,6,10,5,4,4,3,3,3,5,4,2,5,5,5,,8,,2,b'\x11\xe8\xe1I\xee\xcep\x1c\x9a\xbe\x12\xdf\x17\xaeN\x1e'
11E8E149-EECE-701C-9ABE-12DF17AE4E1E,2026-ncaa-d3-natl,genius_ncaa,98,329,3,230,6,66,59,16,314,67,18,343,99,86,185,287,96,34,384,34,218,15,12,310,330,331,209,194,243,19,136,4,60,3,86,34,74,399,312,272,102,285,134,238,,,397,265,,306,254,18,287,111,345,326,301,308,213,264,303,334,225,226,305,238,136,99,109,226,279,312,284,,195,,166,240,374,340,398,65,304,380,61,382,398,174,300,400,402,167,402,336,398,395,82,98,127,358,315,338,307,60,401,136,381,86,286,112,55,246,132,391,277,364,220,,,5,88,,1,254,402,318,109,242,87,55,123,41,92,229,263,263,287,288,147,100,91,205,132,57,294,268,228,,123,,19,b'\x11\xe8\xe1I\xee\xcep\x1c\x9a\xbe\x12\xdf\x17\xaeN\x1e'
11E8E149-EED3-60D6-9ABE-12DF17AE4E1E,2018-ncaa-d3-conf-UAA,ncaa,3,3,1,3,4,1,1,4,1,2,5,1,1,2,1,2,3,4,1,4,3,4,5,1,1,1,3,2,4,6,5,1,2,2,1,1,1,3,4,1,7,7,7,6,,,7,6,,,2,2,2,4,1,1,4,2,5,1,2,3,4,4,4,5,6,1,2,1,3,7,7,,7,,,2,7,6,7,5,4,3,4,8,7,5,7,5,8,2,8,6,8,6,6,5,7,7,7,3,3,2,1,5,1,1,5,5,8,8,7,5,5,2,3,,,3,3,,,2,6,1,6,2,7,6,7,4,3,8,7,5,8,8,8,6,3,1,1,5,8,5,2,,3,,,b'\x11\xe8\xe1I\xee\xd3`\xd6\x9a\xbe\x12\xdf\x17\xaeN\x1e'
11E8E149-EED3-60D6-9ABE-12DF17AE4E1E,2018-ncaa-d3-natl,ncaa,80,88,68,88,99,17,21,91,6,59,136,22,15,106,2,156,73,165,10,163,244,101,118,3,4,5,121,95,337,335,345,24,57,97,100,8,24,159,99,11,309,371,220,266,,,400,368,,,73,73,126,226,10,12,150,66,212,21,138,96,224,222,149,230,405,12,147,4,99,362,255,,374,,,75,415,384,409,180,341,360,209,371,410,168,326,400,376,398,372,303,415,350,203,236,341,329,277,317,206,57,208,345,206,100,319,157,345,427,378,250,196,259,208,,,119,173,,,73,369,13,300,76,329,293,347,249,264,326,376,374,342,333,361,270,139,126,114,238,412,183,221,,182,,,b'\x11\xe8\xe1I\xee\xd3`\xd6\x9a\xbe\x12\xdf\x17\xaeN\x1e'
11E8E149-EED3-60D6-9ABE-12DF17AE4E1E,2019-ncaa-d3-conf-UAA,ncaa,1,1,1,1,4,1,1,2,1,1,2,1,3,4,1,6,2,2,1,2,3,1,1,1,1,1,5,6,2,4,5,1,1,1,1,1,1,4,1,1,3,3,6,6,,,7,7,,,1,1,1,4,1,1,2,1,2,3,4,2,2,2,1,1,4,1,1,1,4,3,6,,7,,,1,3,3,6,2,2,3,3,6,7,4,6,3,2,8,2,4,6,4,3,3,3,6,6,4,1,1,2,5,2,1,5,5,4,4,5,3,1,6,6,,,2,4,,,1,8,1,2,1,3,3,6,2,3,6,7,3,2,2,6,4,1,2,2,5,4,3,6,,2,,,b'\x11\xe8\xe1I\xee\xd3`\xd6\x9a\xbe\x12\xdf\x17\xaeN\x1e'
11E8E149-EED3-60D6-9ABE-12DF17AE4E1E,2019-ncaa-d3-natl,ncaa,38,72,20,68,33,18,19,32,24,20,50,35,68,99,49,243,42,79,51,73,240,30,40,30,30,21,268,229,294,164,277,11,3,37,64,8,29,201,50,7,215,296,221,250,,,415,350,,,70,24,148,265,33,24,113,38,139,114,204,117,187,178,112,201,301,36,107,11,61,315,289,,312,,,78,424,390,407,221,279,301,198,434,426,367,387,342,332,279,329,269,413,398,288,291,298,400,409,199,62,3,381,277,270,64,372,260,152,269,287,170,55,183,79,,,34,118,,,70,426,30,204,79,237,212,205,121,92,400,374,211,193,190,207,158,14,187,82,247,289,65,94,,116,,,b'\x11\xe8\xe1I\xee\xd3`\xd6\x9a\xbe\x12\xdf\x17\xaeN\x1e'
11E8E149-EED3-60D6-9ABE-12DF17AE4E1E,2020-ncaa-d3-conf-UAA,ncaa,4,4,1,4,5,1,4,2,5,2,3,5,3,3,4,4,1,1,5,1,1,1,1,5,5,5,3,5,2,3,3,2,4,2,3,1,1,6,5,3,7,7,8,8,,,7,6,,,5,1,1,5,1,4,2,2,3,3,3,1,1,1,1,1,3,2,2,1,6,7,8,,7,,,5,8,7,6,8,6,4,8,5,6,2,6,6,5,4,5,6,6,6,7,7,8,5,5,2,4,4,4,3,5,3,6,7,4,5,6,8,7,7,8,,,1,2,,,5,8,4,7,5,8,7,6,6,4,5,6,6,5,5,6,6,4,4,5,6,4,8,7,,1,,,b'\x11\xe8\xe1I\xee\xd3`\xd6\x9a\xbe\x12\xdf\x17\xaeN\x1e'
11E8E149-EED3-60D6-9ABE-12DF17AE4E1E,2020-ncaa-d3-natl,ncaa,170,163,198,177,226,107,130,135,157,169,162,195,86,128,59,175,100,160,46,151,206,134,157,137,108,91,127,136,197,149,162,129,114,140,134,91,79,139,107,62,405,419,238,241,,,316,319,,,214,158,106,72,54,79,66,135,134,56,114,78,138,128,54,94,125,70,83,47,165,413,245,,346,,,215,381,354,345,284,291,197,328,393,412,248,376,323,268,405,278,280,343,240,316,328,383,333,338,217,161,114,239,162,202,134,313,205,366,390,375,117,97,347,313,,,123,142,,,214,278,91,348,219,378,345,359,290,219,386,408,329,275,289,368,294,179,249,234,316,381,129,355,,81,,,b'\x11\xe8\xe1I\xee\xd3`\xd6\x9a\xbe\x12\xdf\x17\xaeN\x1e'
11E8E149-EED3-60D6-9ABE-12DF17AE4E1E,2022-ncaa-d3-conf-UAA,ncaa,2,2,3,2,3,2,2,3,2,3,4,2,1,3,1,4,5,5,7,5,4,2,2,1,2,2,4,2,6,2,1,3,2,3,1,1,4,6,6,4,7,7,8,8,,,7,8,,,2,3,4,1,2,2,2,3,4,1,3,4,5,5,1,1,2,2,2,1,6,7,8,,8,,,2,6,4,4,3,4,3,3,5,6,2,7,7,8,5,8,8,4,4,4,4,6,8,5,8,2,2,1,1,1,1,6,7,8,8,7,5,4,8,8,,,3,4,,,2,6,2,6,2,6,4,6,4,3,6,7,8,8,8,6,5,2,1,1,7,8,6,8,,3,,,b'\x11\xe8\xe1I\xee\xd3`\xd6\x9a\xbe\x12\xdf\x17\xaeN\x1e'
11E8E149-EED3-60D6-9ABE-12DF17AE4E1E,2022-ncaa-d3-natl,ncaa,147,182,107,173,110,59,62,115,49,97,158,63,60,102,19,159,105,112,173,110,159,106,119,30,37,42,152,120,275,151,81,101,70,120,46,115,285,213,141,130,376,402,208,239,,,403,404,,,149,118,184,32,33,43,126,94,201,56,128,130,129,136,109,143,176,117,138,121,172,411,238,,392,,,156,380,342,315,260,323,287,280,326,328,225,259,404,382,395,380,345,340,273,271,313,371,300,208,351,120,70,116,81,117,46,245,105,341,393,343,170,126,414,402,,,56,79,,,149,310,43,331,162,330,285,287,270,236,283,294,382,359,360,315,194,89,58,55,199,396,133,413,,63,,,b'\x11\xe8\xe1I\xee\xd3`\xd6\x9a\xbe\x12\xdf\x17\xaeN\x1e'
11E8E149-EED3-60D6-9ABE-12DF17AE4E1E,2023-ncaa-d3-conf-UAA,ncaa,2,2,1,2,4,4,2,8,2,3,4,1,7,7,4,7,5,4,8,4,3,8,6,2,1,3,6,7,6,3,3,4,1,5,1,4,6,6,6,4,7,7,7,7,,,4,7,,,2,8,8,4,4,2,8,3,4,7,7,5,4,4,8,6,3,4,5,4,6,7,7,,4,,,2,3,2,2,3,1,1,2,6,6,8,8,4,4,6,4,6,1,1,3,3,3,8,8,6,1,1,1,3,1,1,2,3,3,3,2,3,3,2,3,,,3,2,,,2,1,2,3,2,3,2,2,1,1,6,6,4,4,4,1,1,1,1,1,2,3,3,2,,3,,,b'\x11\xe8\xe1I\xee\xd3`\xd6\x9a\xbe\x12\xdf\x17\xaeN\x1e'
11E8E149-EED3-60D6-9ABE-12DF17AE4E1E,2023-ncaa-d3-natl,ncaa,107,113,109,119,120,116,95,226,20,83,207,18,161,204,107,227,169,159,237,149,145,211,223,26,30,44,294,253,281,276,192,214,22,249,53,123,257,187,199,148,392,397,315,286,,,257,314,,,157,195,297,80,105,87,296,73,263,188,245,185,175,163,279,316,323,278,318,131,157,414,334,,224,,,159,310,277,214,289,162,90,313,393,395,338,394,233,190,376,186,271,202,145,340,346,380,378,393,162,22,22,59,192,34,53,182,97,346,354,305,65,70,68,71,,,109,65,,,157,223,69,308,164,253,223,150,129,48,377,372,206,154,148,131,63,11,28,13,157,388,58,50,,113,,,b'\x11\xe8\xe1I\xee\xd3`\xd6\x9a\xbe\x12\xdf\x17\xaeN\x1e'
11E8E149-EED3-60D6-9ABE-12DF17AE4E1E,2024-ncaa-d3-conf-UAA,ncaa,2,2,1,2,8,2,2,8,2,2,6,2,5,6,3,6,2,2,6,1,1,4,4,2,2,2,6,7,3,7,3,4,2,5,2,5,8,6,6,6,5,3,5,3,,,8,8,,,2,2,2,8,2,2,8,2,6,5,6,2,2,1,4,4,7,4,5,5,6,5,5,,8,,,2,3,2,2,2,2,3,2,4,5,4,3,8,8,4,7,8,3,2,3,3,3,8,4,8,1,2,2,3,2,2,1,1,4,4,3,2,2,2,3,,,1,1,,,2,7,2,3,2,3,2,2,2,3,4,5,8,8,7,3,2,1,2,2,1,4,2,2,,1,,,b'\x11\xe8\xe1I\xee\xd3`\xd6\x9a\xbe\x12\xdf\x17\xaeN\x1e'
11E8E149-EED3-60D6-9ABE-12DF17AE4E1E,2024-ncaa-d3-natl,ncaa,110,115,112,119,162,76,74,214,9,73,224,6,137,179,70,199,152,137,284,137,113,199,203,12,15,25,281,228,312,258,157,127,49,175,61,141,332,213,212,159,337,356,234,227,,,365,385,,,126,175,237,188,50,40,267,56,263,147,205,178,141,147,246,275,285,134,198,146,188,374,248,,355,,,127,296,243,238,217,198,185,207,353,324,309,300,333,344,251,337,347,264,201,243,270,328,354,320,310,88,49,53,157,53,61,177,111,324,347,283,97,101,106,109,,,80,45,,,126,256,38,276,118,245,199,189,163,137,322,296,323,320,313,213,137,66,24,30,153,366,87,88,,72,,,b'\x11\xe8\xe1I\xee\xd3`\xd6\x9a\xbe\x12\xdf\x17\xaeN\x1e'
11E8E149-EED3-60D6-9ABE-12DF17AE4E1E,2025-ncaa-d3-conf-UAA,genius_ncaa,3,3,1,3,5,3,2,2,3,2,1,3,6,6,5,8,6,4,8,4,6,2,2,3,3,3,8,8,6,1,1,1,1,1,1,4,8,3,3,4,8,8,8,8,,,8,8,,4,3,3,3,5,3,2,2,2,1,6,6,6,4,4,2,2,1,1,1,4,3,8,8,,8,,4,3,6,4,3,5,2,1,4,5,5,7,5,7,7,6,7,8,4,2,6,6,7,8,5,7,1,1,4,1,2,1,2,1,7,7,5,3,2,3,3,,,3,3,,3,3,4,3,6,3,6,4,3,2,1,5,5,7,7,7,4,2,1,4,2,2,7,3,3,,3,,3,b'\x11\xe8\xe1I\xee\xd3`\xd6\x9a\xbe\x12\xdf\x17\xaeN\x1e'
11E8E149-EED3-60D6-9ABE-12DF17AE4E1E,2025-ncaa-d3-natl,genius_ncaa,121,94,192,114,248,105,61,163,14,60,171,13,122,188,51,202,332,315,335,315,356,189,250,16,31,30,345,197,416,130,46,116,5,121,7,123,323,54,69,58,355,327,137,89,,,204,338,,354,69,297,312,258,38,20,104,22,142,101,174,354,339,340,139,238,111,72,70,90,66,366,138,,223,,362,61,124,78,77,156,35,41,131,347,292,355,376,240,195,368,187,330,74,50,234,271,300,407,395,283,6,5,42,46,19,7,22,19,346,310,143,25,35,72,62,,,285,279,,122,69,113,15,218,61,149,93,79,41,31,340,311,262,197,190,78,34,9,38,14,28,367,38,80,,295,,117,b'\x11\xe8\xe1I\xee\xd3`\xd6\x9a\xbe\x12\xdf\x17\xaeN\x1e'
11E8E149-EED3-60D6-9ABE-12DF17AE4E1E,2026-ncaa-d3-natl,genius_ncaa,54,68,116,75,139,39,26,151,3,38,198,2,50,106,47,101,256,292,137,278,319,172,217,3,3,4,274,135,404,211,96,37,46,87,16,76,321,94,60,43,284,299,58,58,,,198,216,,347,5,217,334,113,16,8,168,25,259,51,106,324,350,341,218,340,262,8,53,72,44,336,62,,145,,349,9,135,128,245,9,124,224,20,187,295,62,291,155,154,140,169,146,239,191,8,9,59,266,277,219,171,46,100,96,119,16,70,40,320,365,178,63,32,20,4,,,273,328,,262,5,201,5,58,9,36,43,212,51,177,141,281,89,108,120,186,83,141,18,39,19,388,20,2,,363,,296,b'\x11\xe8\xe1I\xee\xd3`\xd6\x9a\xbe\x12\xdf\x17\xaeN\x1e'
11E8E149-EED8-1FE0-9ABE-12DF17AE4E1E,2018-ncaa-d3-conf-PAC,ncaa,5,5,1,5,3,4,4,4,3,3,5,3,3,4,2,5,5,5,3,5,7,4,1,2,2,4,6,4,8,5,4,2,4,2,4,3,2,8,6,4,8,8,6,8,,,3,2,,,5,1,1,3,4,4,4,3,6,4,4,6,6,7,4,1,5,2,2,3,7,8,6,,3,,,5,9,9,10,7,10,10,7,2,1,8,1,6,7,7,7,1,10,10,7,7,7,1,1,3,6,4,4,4,4,4,5,1,8,9,7,10,7,6,4,,,1,4,,,5,10,5,7,5,7,7,9,8,10,2,1,5,5,5,9,9,5,4,4,5,9,10,5,,1,,,b'\x11\xe8\xe1I\xee\xd8\x1f\xe0\x9a\xbe\x12\xdf\x17\xaeN\x1e'
11E8E149-EED8-1FE0-9ABE-12DF17AE4E1E,2018-ncaa-d3-natl,ncaa,151,197,68,182,96,69,63,85,70,104,123,91,59,116,32,168,150,146,207,153,248,94,82,61,65,90,181,124,336,108,108,72,115,81,86,24,33,337,238,81,324,389,179,301,,,196,92,,,224,82,144,216,68,70,138,120,196,83,148,200,196,209,141,132,145,113,107,21,267,380,207,,97,,,227,436,429,411,372,433,437,285,247,115,431,29,354,293,426,289,88,411,340,344,362,406,76,86,183,212,115,213,108,208,86,258,25,345,425,354,406,350,244,174,,,66,137,,,224,356,87,378,236,380,389,352,402,412,197,60,312,216,212,348,244,142,131,116,195,412,365,195,,99,,,b'\x11\xe8\xe1I\xee\xd8\x1f\xe0\x9a\xbe\x12\xdf\x17\xaeN\x1e'
11E8E149-EED8-1FE0-9ABE-12DF17AE4E1E,2019-ncaa-d3-conf-PAC,ncaa,7,6,6,7,7,4,2,3,3,4,4,3,4,3,5,3,5,6,5,6,7,4,5,4,4,4,4,4,9,4,6,5,6,6,6,3,2,5,4,3,5,5,7,7,,,7,6,,,5,3,1,5,2,2,2,3,4,3,3,5,7,7,2,1,5,4,4,3,6,5,7,,8,,,5,8,8,7,9,8,7,9,5,4,5,5,7,7,2,7,9,7,7,9,9,8,3,2,4,5,6,5,6,5,6,8,6,6,5,8,9,8,6,7,,,4,5,,,5,6,3,8,5,9,8,6,8,6,5,5,7,8,8,8,8,5,6,5,8,5,8,6,,3,,,b'\x11\xe8\xe1I\xee\xd8\x1f\xe0\x9a\xbe\x12\xdf\x17\xaeN\x1e'
11E8E149-EED8-1FE0-9ABE-12DF17AE4E1E,2019-ncaa-d3-natl,ncaa,306,361,129,339,144,121,123,85,196,145,214,80,116,42,342,60,186,219,127,213,200,99,90,189,196,191,202,169,292,164,254,233,349,213,325,107,139,311,221,165,142,204,340,374,,,342,234,,,323,81,72,86,116,119,64,158,264,115,40,202,240,236,81,78,187,288,253,100,274,155,365,,325,,,312,436,427,371,407,422,315,424,332,371,178,284,389,397,236,398,347,391,378,399,400,393,169,148,238,373,349,355,254,370,325,417,291,149,239,343,402,368,314,300,,,143,243,,,323,362,200,396,311,413,402,358,403,287,304,346,377,380,384,380,381,347,325,338,392,165,384,292,,145,,,b'\x11\xe8\xe1I\xee\xd8\x1f\xe0\x9a\xbe\x12\xdf\x17\xaeN\x1e'
11E8E149-EED8-1FE0-9ABE-12DF17AE4E1E,2020-ncaa-d3-conf-PAC,ncaa,6,6,2,6,4,3,3,2,4,3,2,4,2,3,5,5,3,3,6,3,5,2,1,3,5,5,7,5,4,5,4,2,8,2,7,1,3,6,3,3,7,7,4,6,,,9,8,,,5,1,2,6,3,3,3,3,3,4,3,3,3,3,2,2,5,2,2,2,6,7,5,,9,,,5,8,7,9,5,9,9,5,4,5,1,1,9,9,2,9,8,9,9,5,4,5,2,1,8,8,8,8,4,7,7,4,2,5,7,5,7,6,8,5,,,2,3,,,5,9,4,6,6,7,7,7,8,8,4,4,9,9,9,9,8,8,7,7,4,5,7,7,,1,,,b'\x11\xe8\xe1I\xee\xd8\x1f\xe0\x9a\xbe\x12\xdf\x17\xaeN\x1e'
11E8E149-EED8-1FE0-9ABE-12DF17AE4E1E,2020-ncaa-d3-natl,ncaa,306,345,126,329,173,82,93,99,130,98,130,104,131,110,189,193,62,70,133,74,125,85,70,140,119,135,207,220,151,158,208,145,349,151,293,137,245,308,219,214,264,343,256,331,,,407,307,,,304,48,34,303,61,80,85,82,145,148,132,54,70,71,64,59,174,154,169,133,294,288,272,,399,,,298,434,431,420,389,426,422,375,274,262,255,93,418,421,190,422,313,430,409,363,371,394,95,68,286,403,349,307,208,371,293,257,28,237,362,270,407,361,259,221,,,37,84,,,304,396,156,399,296,417,409,398,418,418,260,242,413,415,414,419,408,375,257,333,229,264,384,244,,26,,,b'\x11\xe8\xe1I\xee\xd8\x1f\xe0\x9a\xbe\x12\xdf\x17\xaeN\x1e'
11E8E149-EED8-1FE0-9ABE-12DF17AE4E1E,2021-ncaa-d3-conf-PAC,ncaa,8,8,3,8,3,7,7,5,8,6,3,8,10,9,9,10,5,6,2,5,8,5,5,8,8,8,9,10,3,4,6,5,9,6,7,6,3,5,4,5,6,6,5,6,,,1,1,,,8,5,4,2,8,8,4,6,3,10,10,5,6,5,4,4,3,5,5,6,5,6,5,,1,,,8,7,7,10,5,8,9,7,5,8,2,7,1,1,1,1,1,7,8,5,4,5,1,4,1,9,9,8,6,8,7,7,5,7,9,6,5,7,10,9,,,6,4,,,8,6,8,6,8,6,8,10,9,9,6,9,1,1,1,9,9,9,7,8,7,7,6,10,,4,,,b'\x11\xe8\xe1I\xee\xd8\x1f\xe0\x9a\xbe\x12\xdf\x17\xaeN\x1e'
11E8E149-EED8-1FE0-9ABE-12DF17AE4E1E,2021-ncaa-d3-natl,ncaa,148,214,112,193,115,137,135,106,226,111,82,234,168,146,222,232,116,129,77,126,222,106,110,239,233,213,216,230,96,69,92,104,253,90,190,123,111,170,145,162,101,158,101,131,,,99,9,,,223,119,88,32,179,172,60,120,26,219,205,130,150,142,63,60,45,64,41,143,176,119,101,,17,,,206,188,212,213,150,217,199,216,175,222,49,232,83,106,11,107,25,198,192,137,82,124,32,146,11,250,253,198,92,217,190,193,97,131,207,192,202,202,239,226,,,122,167,,,223,173,204,174,191,203,253,272,250,249,196,260,19,39,44,259,260,268,228,262,200,153,218,265,,117,,,b'\x11\xe8\xe1I\xee\xd8\x1f\xe0\x9a\xbe\x12\xdf\x17\xaeN\x1e'
11E8E149-EED8-1FE0-9ABE-12DF17AE4E1E,2022-ncaa-d3-conf-PAC,ncaa,8,9,3,8,4,5,5,3,6,5,3,7,5,4,6,6,5,7,2,7,8,3,3,7,6,7,6,6,6,3,2,4,7,3,6,5,3,8,7,5,8,10,7,9,,,8,8,,,7,3,4,4,5,5,3,6,3,5,4,7,8,8,3,4,3,4,3,4,6,10,10,,8,,,6,9,9,9,6,8,9,6,8,8,5,5,9,10,3,10,8,9,8,6,6,8,5,4,7,9,7,9,2,9,6,6,3,7,9,8,7,6,9,8,,,4,6,,,7,8,6,8,7,7,7,8,7,8,8,7,8,10,10,9,7,9,6,7,7,9,6,8,,6,,,b'\x11\xe8\xe1I\xee\xd8\x1f\xe0\x9a\xbe\x12\xdf\x17\xaeN\x1e'
11E8E149-EED8-1FE0-9ABE-12DF17AE4E1E,2022-ncaa-d3-natl,ncaa,328,385,107,351,162,190,189,105,296,186,119,310,156,135,229,198,245,296,66,299,379,134,99,287,288,292,213,178,266,62,111,84,310,77,200,147,121,357,295,245,354,401,269,327,,,300,204,,,332,122,144,290,241,217,112,231,146,197,172,277,355,357,157,104,73,86,64,174,307,398,304,,263,,,321,396,379,392,220,355,371,195,378,365,292,247,348,363,153,363,267,400,345,221,221,317,270,269,230,392,310,309,111,363,200,326,146,309,399,358,365,307,377,323,,,201,315,,,332,315,268,347,320,345,334,377,303,345,343,335,323,342,342,387,329,362,249,318,275,375,318,369,,261,,,b'\x11\xe8\xe1I\xee\xd8\x1f\xe0\x9a\xbe\x12\xdf\x17\xaeN\x1e'
11E8E149-EED8-1FE0-9ABE-12DF17AE4E1E,2023-ncaa-d3-conf-PAC,ncaa,10,10,9,10,10,9,9,10,9,9,7,9,7,7,9,7,9,7,10,7,7,10,8,9,9,9,6,7,6,7,5,10,9,8,7,9,10,8,9,9,10,11,9,8,,,6,6,,,9,10,5,3,9,9,6,8,4,6,7,7,6,6,6,4,5,6,6,9,9,10,9,,10,,,9,9,9,8,8,9,3,11,10,11,4,10,5,7,4,7,9,7,7,8,8,10,6,6,4,9,9,5,5,7,7,8,9,9,9,10,10,10,4,6,,,3,2,,,9,2,9,10,9,9,9,9,9,7,10,11,8,9,9,9,9,10,7,8,8,7,10,6,,2,,,b'\x11\xe8\xe1I\xee\xd8\x1f\xe0\x9a\xbe\x12\xdf\x17\xaeN\x1e'
11E8E149-EED8-1FE0-9ABE-12DF17AE4E1E,2023-ncaa-d3-natl,ncaa,396,420,185,413,240,326,322,144,411,315,176,404,241,135,389,158,330,309,361,306,345,177,124,409,412,402,194,168,250,88,201,144,379,115,323,340,320,358,318,380,310,379,242,280,,,177,85,,,407,154,101,288,368,361,103,352,168,262,128,359,329,330,134,77,72,101,62,366,349,332,250,,180,,,402,417,411,400,335,391,300,382,413,423,219,382,183,225,61,225,163,400,354,357,315,376,219,345,54,410,379,388,201,409,323,413,374,295,384,404,415,392,363,338,,,166,215,,,407,287,386,397,398,396,400,404,372,315,411,422,188,224,227,404,372,398,388,403,398,307,404,370,,120,,,b'\x11\xe8\xe1I\xee\xd8\x1f\xe0\x9a\xbe\x12\xdf\x17\xaeN\x1e'
11E8E149-EED8-1FE0-9ABE-12DF17AE4E1E,2024-ncaa-d3-conf-PAC,ncaa,9,9,7,9,7,7,9,7,9,10,10,9,4,5,4,4,6,6,7,6,5,7,4,8,8,9,2,2,7,4,3,7,9,6,6,9,6,8,9,9,8,9,6,8,,,6,5,,,9,5,4,5,7,9,6,10,9,3,4,6,4,6,6,6,3,7,5,7,9,8,5,,9,,,9,9,9,8,8,9,8,9,4,4,5,3,7,8,4,9,4,8,6,8,8,9,2,3,4,8,9,6,3,7,6,9,9,10,10,10,9,9,10,10,,,5,3,,,9,6,9,9,9,8,9,9,10,8,6,7,8,9,9,9,8,9,8,8,9,10,9,11,,3,,,b'\x11\xe8\xe1I\xee\xd8\x1f\xe0\x9a\xbe\x12\xdf\x17\xaeN\x1e'
11E8E149-EED8-1FE0-9ABE-12DF17AE4E1E,2024-ncaa-d3-natl,ncaa,353,361,296,355,328,245,257,160,338,321,254,361,84,78,137,73,310,295,301,299,269,189,163,294,323,316,60,32,315,92,128,175,304,131,224,235,172,286,268,268,286,306,132,160,,,166,143,,,331,217,81,244,225,233,55,319,204,49,47,294,274,278,75,48,45,69,34,205,318,255,107,,239,,,329,338,342,321,289,331,291,300,300,303,230,248,217,216,209,209,150,314,251,284,272,338,166,226,126,347,304,316,128,327,224,373,350,328,361,389,348,326,417,421,,,260,326,,,331,208,279,354,329,371,370,388,360,370,338,352,262,266,258,388,359,357,360,366,376,306,358,423,,216,,,b'\x11\xe8\xe1I\xee\xd8\x1f\xe0\x9a\xbe\x12\xdf\x17\xaeN\x1e'
11E8E149-EED8-1FE0-9ABE-12DF17AE4E1E,2025-ncaa-d3-conf-PAC,genius_ncaa,7,6,6,7,7,8,8,6,9,9,10,8,3,3,8,2,6,7,6,5,2,6,7,9,7,7,1,2,6,5,7,4,4,6,7,7,5,5,5,7,9,8,8,8,,,10,10,,9,7,8,4,4,6,8,3,9,10,2,2,6,5,3,3,4,5,3,4,7,6,9,7,,10,,9,7,7,7,4,7,7,5,6,6,3,7,3,10,10,10,10,10,7,3,7,8,7,11,2,10,3,4,7,7,6,7,5,5,8,8,8,5,5,9,10,,,2,1,,3,7,4,7,7,7,7,7,6,7,6,7,4,10,10,10,7,7,4,8,7,7,8,6,9,,1,,3,b'\x11\xe8\xe1I\xee\xd8\x1f\xe0\x9a\xbe\x12\xdf\x17\xaeN\x1e'
11E8E149-EED8-1FE0-9ABE-12DF17AE4E1E,2025-ncaa-d3-natl,genius_ncaa,173,155,192,170,212,126,131,60,259,196,182,235,51,37,167,59,220,219,206,206,232,73,104,216,231,167,85,48,317,95,248,35,75,41,174,140,222,96,53,109,233,290,141,197,,,281,222,,180,219,116,62,91,69,76,16,179,159,31,21,213,213,198,26,47,66,8,10,110,113,241,145,,308,,188,219,357,311,342,194,291,337,139,295,261,326,145,375,378,241,378,301,362,307,203,230,293,294,211,322,222,75,397,248,370,174,176,80,287,355,253,157,107,362,334,,,172,261,,155,219,317,155,271,216,347,312,354,290,357,299,265,384,387,386,378,335,216,392,358,189,300,174,362,,145,,154,b'\x11\xe8\xe1I\xee\xd8\x1f\xe0\x9a\xbe\x12\xdf\x17\xaeN\x1e'
11E8E149-EED8-1FE0-9ABE-12DF17AE4E1E,2026-ncaa-d3-conf-PAC,genius_ncaa,5,5,1,5,3,1,2,4,4,7,10,4,1,3,1,3,5,7,3,6,3,4,10,3,3,1,1,1,7,11,10,3,2,6,5,5,8,1,2,1,11,10,11,11,,,2,5,,7,4,5,5,3,1,2,4,7,10,1,3,5,7,6,4,10,11,3,6,5,1,11,11,,2,,7,4,8,8,9,5,7,10,5,6,6,7,6,8,6,8,6,5,8,3,7,7,10,4,5,7,2,2,6,10,5,5,1,1,12,12,6,7,8,3,4,,,10,7,,6,4,7,1,9,4,8,8,9,7,10,6,6,8,6,6,8,3,2,6,5,1,12,7,3,,10,,6,b'\x11\xe8\xe1I\xee\xd8\x1f\xe0\x9a\xbe\x12\xdf\x17\xaeN\x1e'
11E8E149-EED8-1FE0-9ABE-12DF17AE4E1E,2026-ncaa-d3-natl,genius_ncaa,225,200,215,240,249,146,160,237,67,264,348,43,18,56,41,12,190,227,97,223,73,240,263,22,18,35,27,9,266,332,345,199,182,257,245,151,201,152,174,121,298,311,371,393,,,111,79,,156,174,228,83,113,30,66,125,218,371,6,12,119,186,189,128,154,333,76,187,74,190,278,377,,115,,190,171,243,268,223,313,312,261,328,111,147,95,93,224,207,253,200,155,223,175,268,267,335,45,50,197,188,182,193,345,188,245,117,16,331,367,258,280,339,180,289,,,303,337,,291,174,178,68,327,185,343,355,355,383,374,117,189,299,283,276,358,291,246,286,277,148,346,327,208,,311,,304,b'\x11\xe8\xe1I\xee\xd8\x1f\xe0\x9a\xbe\x12\xdf\x17\xaeN\x1e'
11E8E149-EEDD-53F2-9ABE-12DF17AE4E1E,2018-ncaa-d3-conf-SLIAC,ncaa,2,2,1,2,2,2,1,2,3,1,1,5,4,7,3,8,2,2,1,3,8,2,2,3,3,3,7,7,3,4,5,6,7,6,7,2,2,5,2,3,1,1,5,5,,,8,7,,,2,1,2,4,3,3,3,2,1,7,8,3,3,3,3,4,4,9,8,2,2,1,5,,7,,,2,5,5,3,6,5,4,6,5,4,5,4,6,7,5,7,7,3,8,7,7,1,6,3,6,5,7,8,5,8,7,8,9,1,1,1,4,2,7,3,,,2,3,,,2,9,3,1,2,2,1,1,3,1,2,2,5,5,5,1,6,3,5,6,5,1,3,5,,3,,,b'\x11\xe8\xe1I\xee\xddS\xf2\x9a\xbe\x12\xdf\x17\xaeN\x1e'
11E8E149-EEDD-53F2-9ABE-12DF17AE4E1E,2018-ncaa-d3-natl,ncaa,80,68,123,78,146,57,68,82,84,70,77,131,145,226,43,321,39,90,14,91,230,81,94,91,62,52,233,269,130,232,300,377,298,341,364,31,40,193,105,37,6,3,264,232,,,368,313,,,60,71,60,136,31,42,71,51,65,151,252,25,91,94,59,82,265,431,421,17,162,6,290,,353,,,55,239,207,83,370,187,84,369,279,198,354,273,316,263,401,266,355,95,338,374,396,107,307,262,311,145,298,301,300,245,364,374,427,7,5,48,235,154,348,230,,,107,184,,,60,365,76,90,63,197,168,34,160,49,244,169,295,234,237,45,334,126,263,206,333,5,205,339,,102,,,b'\x11\xe8\xe1I\xee\xddS\xf2\x9a\xbe\x12\xdf\x17\xaeN\x1e'
11E8E149-EEDD-53F2-9ABE-12DF17AE4E1E,2019-ncaa-d3-conf-SLIAC,ncaa,4,4,3,4,3,3,1,2,3,1,1,4,8,9,5,9,2,2,6,2,8,2,1,4,3,4,9,10,6,1,2,4,3,3,2,2,4,10,6,4,1,1,2,2,,,10,9,,,2,1,1,2,2,1,1,1,1,8,9,3,2,2,1,1,1,4,2,2,6,1,2,,10,,,2,3,1,2,2,3,6,2,1,1,4,1,10,10,7,10,10,2,10,2,4,2,6,1,10,2,3,5,2,3,2,5,8,1,1,1,8,6,10,4,,,1,6,,,2,10,4,2,2,3,2,1,2,4,1,1,9,10,10,1,9,2,3,2,4,1,6,10,,2,,,b'\x11\xe8\xe1I\xee\xddS\xf2\x9a\xbe\x12\xdf\x17\xaeN\x1e'
11E8E149-EEDD-53F2-9ABE-12DF17AE4E1E,2019-ncaa-d3-natl,ncaa,137,104,215,130,226,62,51,95,34,16,22,57,373,405,216,433,44,38,218,42,225,72,52,81,79,128,422,431,141,42,17,273,121,136,45,32,49,397,310,127,9,4,173,155,,,420,402,,,43,71,14,60,18,12,35,5,7,379,403,22,19,20,20,12,28,276,75,7,400,2,156,,435,,,31,135,75,60,181,149,152,184,23,33,116,34,425,423,288,424,432,107,334,143,237,42,247,29,442,66,121,76,17,59,45,247,416,9,6,20,410,352,352,186,,,81,196,,,43,374,97,29,41,158,83,46,164,171,26,33,434,431,432,114,396,79,74,68,256,5,406,361,,27,,,b'\x11\xe8\xe1I\xee\xddS\xf2\x9a\xbe\x12\xdf\x17\xaeN\x1e'
11E8E149-EEDD-53F2-9ABE-12DF17AE4E1E,2020-ncaa-d3-conf-SLIAC,ncaa,1,1,1,1,2,1,1,1,1,1,1,2,7,8,1,10,1,1,5,1,6,1,1,1,1,1,9,10,3,3,1,2,6,2,2,1,2,7,5,2,1,2,4,5,,,10,8,,,1,1,2,2,1,1,4,1,1,8,9,2,1,1,3,1,3,7,6,1,6,1,5,,9,,,1,6,5,6,2,8,8,5,2,3,2,2,9,9,8,9,8,8,10,2,2,1,4,2,9,8,6,2,1,3,2,2,1,1,1,1,5,3,3,2,,,1,2,,,1,10,1,1,1,4,4,3,6,7,2,2,8,8,8,4,10,6,1,3,1,1,4,3,,2,,,b'\x11\xe8\xe1I\xee\xddS\xf2\x9a\xbe\x12\xdf\x17\xaeN\x1e'
11E8E149-EEDD-53F2-9ABE-12DF17AE4E1E,2020-ncaa-d3-natl,ncaa,61,85,26,82,29,11,7,55,5,4,12,19,242,362,25,411,11,17,62,17,212,34,23,13,11,31,388,403,146,179,159,223,268,214,207,2,9,409,287,44,12,14,204,239,,,421,306,,,39,9,35,88,10,8,140,2,24,305,402,23,36,36,97,64,273,380,355,3,336,14,247,,371,,,41,390,369,313,330,401,329,378,136,225,50,147,396,363,419,362,292,341,427,299,338,112,96,37,325,255,268,179,159,211,207,263,121,5,11,14,383,280,225,81,,,11,59,,,39,429,54,83,46,240,230,122,298,164,63,112,331,264,263,136,367,154,57,69,174,7,323,167,,15,,,b'\x11\xe8\xe1I\xee\xddS\xf2\x9a\xbe\x12\xdf\x17\xaeN\x1e'
11E8E149-EEDD-53F2-9ABE-12DF17AE4E1E,2021-ncaa-d3-conf-SLIAC,ncaa,1,1,5,1,6,2,3,5,1,1,1,1,7,8,4,8,1,2,2,2,4,4,6,1,1,1,8,8,3,3,1,7,5,5,2,3,2,2,2,1,1,1,2,2,,,3,5,,,1,7,7,3,1,2,3,1,1,8,8,1,2,1,2,4,2,8,5,1,2,1,3,,5,,,1,2,2,2,3,2,2,1,2,2,4,6,3,3,5,3,3,2,3,3,3,1,6,7,5,3,5,2,1,3,2,4,8,1,1,1,1,1,3,1,,,2,1,,,1,2,1,1,1,1,1,1,1,1,2,2,2,2,2,1,3,3,1,2,3,1,1,2,,1,,,b'\x11\xe8\xe1I\xee\xddS\xf2\x9a\xbe\x12\xdf\x17\xaeN\x1e'
11E8E149-EEDD-53F2-9ABE-12DF17AE4E1E,2021-ncaa-d3-natl,ncaa,25,28,81,32,91,43,33,65,4,15,26,10,182,195,101,282,37,43,48,42,176,61,74,17,13,10,275,281,121,42,13,155,197,106,58,21,41,162,52,11,9,3,77,70,,,188,110,,,11,81,54,55,3,1,27,1,3,255,277,14,29,28,22,28,28,266,163,3,100,2,95,,148,,,9,173,170,161,188,181,161,195,155,150,167,130,167,157,202,156,125,159,202,187,196,48,118,128,126,163,197,129,13,137,58,225,274,20,6,44,143,61,139,34,,,62,70,,,11,205,7,40,14,96,109,39,124,64,95,83,115,93,90,33,203,90,23,29,215,4,93,97,,31,,,b'\x11\xe8\xe1I\xee\xddS\xf2\x9a\xbe\x12\xdf\x17\xaeN\x1e'
11E8E149-EEDD-53F2-9ABE-12DF17AE4E1E,2022-ncaa-d3-conf-SLIAC,ncaa,1,1,2,1,3,1,1,2,1,1,1,2,4,6,1,8,2,2,2,2,8,2,2,2,1,1,7,6,6,1,1,5,4,2,2,1,2,5,1,1,1,1,1,1,,,5,6,,,1,2,1,3,1,1,1,1,1,6,6,2,3,3,1,1,2,6,2,1,4,1,1,,6,,,1,1,1,3,1,1,4,1,4,2,6,2,3,5,1,5,5,3,7,1,1,1,5,5,5,6,4,1,1,1,2,2,4,1,1,1,3,1,8,2,,,5,8,,,1,7,1,1,1,1,1,1,1,2,3,2,2,5,5,1,7,4,1,2,2,1,3,6,,7,,,b'\x11\xe8\xe1I\xee\xddS\xf2\x9a\xbe\x12\xdf\x17\xaeN\x1e'
11E8E149-EEDD-53F2-9ABE-12DF17AE4E1E,2022-ncaa-d3-natl,ncaa,39,1,300,4,328,28,19,111,3,15,52,12,165,307,13,361,71,82,119,83,234,98,122,7,6,7,363,329,281,105,19,350,285,271,129,30,168,147,95,22,5,2,223,172,,,284,287,,,9,134,7,256,2,1,8,1,4,126,257,19,30,26,6,6,43,345,184,2,244,2,185,,388,,,3,115,81,64,250,96,87,201,149,82,344,142,271,317,87,319,382,81,232,255,260,63,296,204,350,153,285,59,19,76,129,85,136,14,4,4,192,141,88,23,,,186,275,,,9,273,5,44,8,215,173,109,167,154,201,115,344,368,370,157,401,224,90,139,143,3,242,114,,67,,,b'\x11\xe8\xe1I\xee\xddS\xf2\x9a\xbe\x12\xdf\x17\xaeN\x1e'
11E8E149-EEDD-53F2-9ABE-12DF17AE4E1E,2023-ncaa-d3-conf-SLIAC,ncaa,1,1,2,1,2,1,1,1,1,1,1,2,6,8,2,8,3,4,3,5,8,2,2,2,2,2,8,8,8,3,2,3,6,3,3,1,4,6,3,2,1,1,3,3,,,8,8,,,1,2,1,3,1,1,1,1,1,7,8,5,5,6,1,1,4,6,4,1,4,1,3,,8,,,1,3,1,2,1,1,3,1,4,4,4,6,8,8,7,8,8,4,7,1,3,1,8,5,8,6,6,2,2,4,3,1,4,1,1,1,3,1,3,1,,,3,5,,,1,7,1,1,1,1,1,1,1,1,3,5,7,6,7,2,7,4,1,2,1,1,3,3,,4,,,b'\x11\xe8\xe1I\xee\xddS\xf2\x9a\xbe\x12\xdf\x17\xaeN\x1e'
11E8E149-EEDD-53F2-9ABE-12DF17AE4E1E,2023-ncaa-d3-natl,ncaa,26,21,63,21,93,12,11,37,2,1,10,12,268,320,120,395,41,46,118,52,311,32,25,18,16,28,409,402,295,47,34,158,306,98,127,11,173,367,204,77,14,14,168,176,,,420,385,,,21,23,24,288,7,4,40,1,11,321,366,62,69,80,34,24,69,285,150,4,294,14,208,,409,,,21,336,206,256,156,190,184,202,267,312,132,276,417,414,374,414,414,320,408,164,255,72,381,206,415,345,306,153,34,245,127,211,195,8,9,12,306,167,213,43,,,31,183,,,21,406,23,79,33,233,124,113,109,81,209,255,403,396,396,189,368,278,68,144,150,10,246,152,,53,,,b'\x11\xe8\xe1I\xee\xddS\xf2\x9a\xbe\x12\xdf\x17\xaeN\x1e'
11E8E149-EEDD-53F2-9ABE-12DF17AE4E1E,2024-ncaa-d3-conf-SLIAC,ncaa,1,1,1,1,3,1,1,2,1,1,1,1,4,8,1,9,3,4,3,4,9,2,2,1,1,1,9,9,9,2,4,9,6,5,5,2,4,2,2,2,1,1,3,2,,,9,9,,,1,2,5,5,2,2,2,2,2,5,9,4,4,4,2,3,3,10,9,2,1,1,3,,8,,,1,1,1,1,1,1,1,1,6,5,6,8,4,6,2,6,10,1,8,1,1,1,10,8,10,4,6,6,4,5,5,2,9,1,1,1,1,1,4,2,,,6,7,,,1,9,1,1,1,1,1,1,1,1,4,2,2,5,4,1,5,4,4,4,2,1,1,2,,9,,,b'\x11\xe8\xe1I\xee\xddS\xf2\x9a\xbe\x12\xdf\x17\xaeN\x1e'
11E8E149-EEDD-53F2-9ABE-12DF17AE4E1E,2024-ncaa-d3-natl,ncaa,8,2,38,4,51,7,4,27,6,1,7,11,228,292,94,389,13,10,135,10,214,18,19,14,11,13,400,390,219,80,111,263,351,168,264,19,246,244,69,38,3,4,121,103,,,421,359,,,4,13,34,244,5,2,32,2,11,283,359,25,22,24,20,40,134,403,325,21,140,4,163,,400,,,3,196,125,154,128,99,125,125,285,267,278,271,343,387,44,393,406,209,412,165,178,12,384,307,363,357,351,300,111,326,264,219,309,3,2,3,214,65,159,31,,,41,226,,,4,413,11,12,6,68,37,24,27,32,196,155,268,327,328,37,360,257,131,185,141,3,121,98,,96,,,b'\x11\xe8\xe1I\xee\xddS\xf2\x9a\xbe\x12\xdf\x17\xaeN\x1e'
11E8E149-EEDD-53F2-9ABE-12DF17AE4E1E,2025-ncaa-d3-conf-SLIAC,genius_ncaa,1,1,2,1,3,1,1,3,1,2,2,1,4,7,2,9,2,2,4,3,6,2,2,1,1,1,8,8,6,3,3,2,6,2,5,1,2,8,5,1,3,3,4,3,,,9,7,,4,1,2,3,9,1,1,5,2,3,6,7,2,2,2,3,2,5,4,3,2,6,2,4,,8,,3,1,3,1,5,1,2,7,1,4,3,4,5,9,9,5,9,9,7,9,2,2,1,9,6,9,7,6,3,3,6,5,2,2,1,1,1,8,6,7,4,,,2,5,,2,1,9,1,1,1,1,1,4,1,6,4,3,9,8,8,4,8,7,1,4,1,1,7,5,,4,,4,b'\x11\xe8\xe1I\xee\xddS\xf2\x9a\xbe\x12\xdf\x17\xaeN\x1e'
11E8E149-EEDD-53F2-9ABE-12DF17AE4E1E,2025-ncaa-d3-natl,genius_ncaa,20,11,55,16,109,13,11,36,16,6,14,21,230,295,88,380,12,8,197,9,139,26,17,31,28,60,373,376,154,44,40,82,335,50,154,4,34,389,255,95,12,22,66,93,,,409,286,,236,19,12,12,369,5,4,38,4,19,268,345,12,11,13,25,15,50,124,61,4,341,10,83,,395,,208,16,302,249,351,93,264,358,80,194,238,145,111,372,402,32,402,339,376,410,80,80,23,242,140,347,400,335,227,40,348,154,224,189,7,9,14,405,336,308,124,,,14,128,,34,19,408,58,36,34,183,152,242,175,274,142,162,339,383,382,281,399,364,118,266,159,5,375,276,,21,,41,b'\x11\xe8\xe1I\xee\xddS\xf2\x9a\xbe\x12\xdf\x17\xaeN\x1e'
11E8E149-EEDD-53F2-9ABE-12DF17AE4E1E,2026-ncaa-d3-conf-SLIAC,genius_ncaa,2,1,7,1,7,7,8,9,2,9,9,2,3,5,2,3,5,5,3,5,2,8,7,2,1,2,2,2,3,6,1,7,1,7,1,8,8,3,6,6,1,1,9,6,,,1,6,,2,1,7,4,3,1,3,7,7,8,1,3,1,1,2,4,4,4,5,5,6,6,1,8,,3,,4,1,1,1,1,1,1,1,1,1,3,2,6,3,1,9,1,7,1,2,1,1,1,9,5,9,1,1,1,1,1,1,1,4,2,1,1,3,5,2,7,,,8,5,,6,1,3,2,1,1,1,1,1,1,1,1,4,6,2,2,1,4,1,3,1,2,1,5,4,,4,,6,b'\x11\xe8\xe1I\xee\xddS\xf2\x9a\xbe\x12\xdf\x17\xaeN\x1e'
11E8E149-EEDD-53F2-9ABE-12DF17AE4E1E,2026-ncaa-d3-natl,genius_ncaa,157,68,327,116,337,309,323,340,221,322,351,153,248,231,274,117,230,252,161,245,82,329,317,205,193,242,138,188,117,269,146,363,187,350,214,302,181,189,304,277,41,4,371,327,,,82,154,,234,124,323,48,113,139,179,133,192,247,148,86,79,93,85,109,60,117,322,228,171,336,5,353,,196,,331,106,50,66,44,293,90,42,378,45,81,39,313,46,38,243,40,167,41,79,262,256,36,73,117,132,59,187,97,146,75,214,84,239,64,3,16,144,230,117,221,,,288,168,,146,124,94,223,30,107,100,155,62,206,61,78,207,81,65,64,42,294,135,265,194,197,7,274,202,,88,,85,b'\x11\xe8\xe1I\xee\xddS\xf2\x9a\xbe\x12\xdf\x17\xaeN\x1e'
11E8E149-EEE1-E20A-9ABE-12DF17AE4E1E,2018-ncaa-d3-conf-NEWMAC,ncaa,8,7,8,8,9,10,9,10,7,8,8,9,10,10,6,9,10,11,5,11,11,10,11,8,9,8,11,9,8,9,7,11,9,10,9,9,6,4,7,8,1,1,10,9,,,4,10,,,7,11,10,7,10,9,10,7,5,10,10,10,11,11,10,11,8,11,10,8,5,1,10,,6,,,7,1,1,1,9,1,1,9,2,1,10,10,2,2,1,2,7,1,1,9,9,3,7,9,2,4,9,3,7,3,9,6,10,1,1,3,6,8,9,10,,,10,3,,,7,1,9,5,7,3,5,1,4,1,4,2,3,4,4,1,2,6,4,5,6,1,7,10,,9,,,b'\x11\xe8\xe1I\xee\xe1\xe2\n\x9a\xbe\x12\xdf\x17\xaeN\x1e'
11E8E149-EEE1-E20A-9ABE-12DF17AE4E1E,2018-ncaa-d3-natl,ncaa,280,251,363,283,365,386,359,401,245,327,342,277,373,390,248,331,406,426,126,426,416,413,425,271,282,286,360,303,350,338,195,434,338,428,341,342,218,51,249,235,63,5,434,410,,,51,259,,,175,426,441,119,383,344,404,291,279,355,375,405,430,429,425,435,294,444,440,308,114,28,436,,77,,,171,11,11,10,354,12,10,321,101,25,421,297,12,15,10,15,125,10,17,378,332,53,228,376,40,27,338,30,195,25,341,110,433,70,4,53,82,273,221,319,,,390,155,,,175,19,276,47,161,10,26,1,26,1,179,47,6,16,15,1,8,63,73,55,206,23,142,294,,352,,,b'\x11\xe8\xe1I\xee\xe1\xe2\n\x9a\xbe\x12\xdf\x17\xaeN\x1e'
11E8E149-EEE1-E20A-9ABE-12DF17AE4E1E,2019-ncaa-d3-conf-NEWMAC,ncaa,7,9,4,9,5,10,10,9,9,8,4,9,10,10,9,9,9,9,9,9,11,9,9,9,10,10,11,10,9,6,5,11,10,10,9,10,10,10,10,10,1,1,11,9,,,5,9,,,9,9,10,8,10,10,9,8,4,10,10,9,9,9,9,9,5,11,10,10,8,1,11,,7,,,9,4,3,1,10,1,1,10,10,9,9,11,5,6,9,6,11,1,2,10,11,8,11,11,6,7,10,4,5,4,9,10,11,1,1,6,8,9,11,11,,,8,6,,,9,2,10,8,9,6,4,1,1,1,10,10,7,6,6,1,3,7,5,6,9,1,8,11,,8,,,b'\x11\xe8\xe1I\xee\xe1\xe2\n\x9a\xbe\x12\xdf\x17\xaeN\x1e'
11E8E149-EEE1-E20A-9ABE-12DF17AE4E1E,2019-ncaa-d3-natl,ncaa,306,274,365,308,387,417,393,414,260,331,322,304,422,431,251,402,435,434,419,434,441,421,415,314,358,395,437,376,437,354,151,436,421,430,370,392,345,269,418,394,125,26,424,379,,,117,373,,,330,419,436,418,423,383,427,278,223,420,433,439,440,440,434,431,285,443,440,396,351,69,424,,227,,,335,19,13,7,373,7,4,370,268,131,422,418,60,65,150,64,410,7,27,417,414,164,424,425,212,69,421,17,151,24,370,120,421,78,5,58,184,361,277,337,,,406,275,,,330,26,386,175,343,54,44,1,14,1,350,223,106,120,115,1,18,168,40,65,226,15,268,348,,404,,,b'\x11\xe8\xe1I\xee\xe1\xe2\n\x9a\xbe\x12\xdf\x17\xaeN\x1e'
11E8E149-EEE1-E20A-9ABE-12DF17AE4E1E,2020-ncaa-d3-conf-NEWMAC,ncaa,5,6,3,5,6,8,6,5,8,4,1,9,10,11,6,11,8,8,8,8,11,5,6,9,9,9,11,11,9,1,2,8,8,6,5,8,10,5,5,9,1,1,10,9,,,7,8,,,5,9,11,10,9,9,5,5,1,10,11,9,9,9,5,6,2,8,7,10,5,1,11,,7,,,5,2,1,2,4,1,1,4,9,7,6,11,8,9,7,9,10,2,3,5,6,4,11,11,9,3,8,6,2,5,5,5,10,1,1,2,3,3,10,8,,,8,7,,,5,3,8,4,6,2,1,1,1,1,8,6,6,8,8,1,1,4,5,4,3,2,3,10,,8,,,b'\x11\xe8\xe1I\xee\xe1\xe2\n\x9a\xbe\x12\xdf\x17\xaeN\x1e'
11E8E149-EEE1-E20A-9ABE-12DF17AE4E1E,2020-ncaa-d3-natl,ncaa,170,85,398,132,410,395,361,379,296,269,189,335,422,430,359,424,405,414,272,416,429,390,410,351,358,336,435,419,333,211,78,418,195,379,167,361,332,36,181,272,102,13,418,386,,,62,318,,,138,417,394,413,361,295,222,126,26,422,425,382,388,389,278,318,91,388,270,323,143,39,424,,183,,,121,6,5,9,40,5,5,49,82,73,203,402,31,39,43,43,384,9,18,80,70,12,424,401,306,24,195,29,78,20,167,15,342,123,9,11,20,78,113,100,,,400,266,,,138,21,302,13,119,6,5,2,2,1,209,202,78,120,130,2,32,81,157,115,52,29,59,194,,329,,,b'\x11\xe8\xe1I\xee\xe1\xe2\n\x9a\xbe\x12\xdf\x17\xaeN\x1e'
11E8E149-EEE1-E20A-9ABE-12DF17AE4E1E,2022-ncaa-d3-conf-NEWMAC,ncaa,9,6,11,9,11,11,11,11,10,11,11,10,11,11,6,11,10,10,11,10,8,11,11,10,10,10,9,10,5,11,11,11,10,11,10,11,8,1,10,10,11,6,10,7,,,1,2,,,9,11,11,6,10,10,11,10,7,11,11,10,9,9,10,11,11,9,10,10,8,7,7,,2,,,10,1,1,1,8,1,1,8,2,1,6,6,1,2,10,2,2,1,1,8,8,8,3,7,5,3,10,2,11,2,10,2,10,11,9,10,1,9,2,9,,,10,9,,,9,1,10,10,10,7,7,7,7,8,6,6,4,3,3,5,5,11,11,11,8,8,9,9,,10,,,b'\x11\xe8\xe1I\xee\xe1\xe2\n\x9a\xbe\x12\xdf\x17\xaeN\x1e'
11E8E149-EEE1-E20A-9ABE-12DF17AE4E1E,2022-ncaa-d3-natl,ncaa,381,234,417,373,417,415,416,418,361,411,411,392,416,420,337,404,407,408,312,408,296,417,419,389,381,387,359,386,94,422,396,421,378,420,397,415,304,31,378,380,377,182,358,272,,,11,34,,,344,420,332,270,407,404,413,351,203,407,416,330,312,305,413,398,404,399,415,396,319,188,275,,24,,,371,10,11,10,261,13,12,268,23,19,236,235,19,15,205,15,124,10,11,265,240,228,161,224,97,37,378,14,396,14,397,33,364,401,179,295,49,366,42,187,,,413,140,,,344,10,396,271,376,193,232,178,236,189,208,200,112,107,106,155,162,329,267,305,320,201,307,197,,262,,,b'\x11\xe8\xe1I\xee\xe1\xe2\n\x9a\xbe\x12\xdf\x17\xaeN\x1e'
11E8E149-EEE1-E20A-9ABE-12DF17AE4E1E,2023-ncaa-d3-conf-NEWMAC,ncaa,7,7,8,7,8,10,10,11,10,10,8,10,11,11,9,11,6,6,9,6,2,10,11,10,10,10,6,10,1,9,7,9,8,9,7,10,10,9,10,10,4,2,10,10,,,2,3,,,9,11,9,1,10,10,11,10,6,11,11,6,3,2,10,10,8,8,8,10,9,2,10,,3,,,9,2,2,1,7,2,1,8,8,6,7,10,1,1,6,1,4,1,1,8,7,5,8,10,2,3,8,3,7,3,7,5,9,6,2,4,9,10,5,7,,,8,2,,,9,1,10,5,10,5,6,3,5,1,9,9,3,2,3,2,4,7,7,7,8,2,9,6,,4,,,b'\x11\xe8\xe1I\xee\xe1\xe2\n\x9a\xbe\x12\xdf\x17\xaeN\x1e'
11E8E149-EEE1-E20A-9ABE-12DF17AE4E1E,2023-ncaa-d3-natl,ncaa,316,297,333,323,342,392,394,387,392,358,234,412,405,411,350,408,309,304,321,299,274,384,371,411,403,406,349,395,46,243,203,370,360,346,308,369,157,307,383,379,121,61,341,319,,,29,30,,,330,387,337,76,411,406,391,348,132,412,416,280,247,245,378,296,174,350,273,361,355,78,327,,29,,,331,38,76,67,173,87,80,201,139,161,149,303,16,17,172,18,25,41,64,178,124,75,110,298,32,263,360,112,203,163,308,277,402,148,66,210,258,337,122,142,,,328,210,,,330,47,397,121,333,89,175,187,177,159,210,235,16,13,14,103,196,331,231,284,316,85,311,166,,271,,,b'\x11\xe8\xe1I\xee\xe1\xe2\n\x9a\xbe\x12\xdf\x17\xaeN\x1e'
11E8E149-EEE1-E20A-9ABE-12DF17AE4E1E,2024-ncaa-d3-conf-NEWMAC,ncaa,10,10,9,10,9,11,10,9,11,11,9,11,9,9,9,8,11,11,11,10,11,9,11,11,11,10,9,8,10,11,11,11,11,10,11,11,11,1,6,9,9,7,5,4,,,1,1,,,10,12,9,7,11,10,7,11,5,9,9,10,10,10,9,11,10,11,11,11,6,6,4,,1,,,10,3,4,4,6,2,1,9,7,9,6,12,3,1,11,1,3,2,2,9,7,8,9,11,3,11,11,6,11,9,11,8,9,10,9,10,7,8,1,2,,,10,9,,,10,1,10,10,11,7,10,10,6,5,9,12,4,2,2,7,7,11,12,11,9,8,8,2,,10,,,b'\x11\xe8\xe1I\xee\xe1\xe2\n\x9a\xbe\x12\xdf\x17\xaeN\x1e'
11E8E149-EEE1-E20A-9ABE-12DF17AE4E1E,2024-ncaa-d3-natl,ncaa,299,232,375,288,383,368,333,366,266,301,285,281,352,365,292,321,399,400,275,394,396,376,392,296,332,296,365,307,348,384,387,361,379,380,395,316,239,44,192,210,294,215,186,120,,,14,10,,,293,389,260,230,324,267,225,200,132,331,332,386,389,381,289,336,367,251,345,260,139,194,126,,8,,,309,65,107,96,184,68,49,218,324,310,272,412,13,9,307,9,13,49,49,238,180,188,276,412,14,315,379,182,387,244,395,217,334,307,202,298,125,286,11,8,,,370,230,,,293,38,323,271,311,209,287,338,197,180,401,406,8,4,4,254,260,383,369,380,326,181,245,14,,302,,,b'\x11\xe8\xe1I\xee\xe1\xe2\n\x9a\xbe\x12\xdf\x17\xaeN\x1e'
11E8E149-EEE1-E20A-9ABE-12DF17AE4E1E,2025-ncaa-d3-conf-NEWMAC,genius_ncaa,10,8,10,10,10,10,11,12,9,10,12,9,11,12,10,10,5,5,4,5,2,12,12,9,9,10,7,11,2,11,10,12,11,12,11,11,11,2,8,11,6,4,12,10,,,1,1,,5,11,12,10,8,10,11,12,10,10,11,10,4,4,4,11,11,11,12,12,11,6,4,11,,1,,5,11,2,2,2,11,1,1,12,9,8,9,12,1,1,1,1,3,1,1,12,12,9,11,12,1,6,11,1,10,2,11,10,10,9,4,11,6,11,3,10,,,10,3,,9,11,1,10,10,11,6,7,7,5,3,12,12,1,2,1,5,5,10,5,6,10,4,10,8,,6,,8,b'\x11\xe8\xe1I\xee\xe1\xe2\n\x9a\xbe\x12\xdf\x17\xaeN\x1e'
11E8E149-EEE1-E20A-9ABE-12DF17AE4E1E,2025-ncaa-d3-natl,genius_ncaa,293,299,290,299,299,344,351,341,312,316,309,280,340,299,369,238,239,255,152,255,154,338,357,330,311,296,228,299,74,260,206,350,264,327,251,368,357,149,260,334,186,106,359,316,,,81,160,,138,271,369,375,107,352,359,354,314,296,339,282,193,220,215,341,354,227,346,310,373,200,138,363,,101,,153,275,62,84,53,226,33,25,224,364,316,354,401,23,26,201,21,104,34,41,298,269,217,378,410,54,148,264,104,206,99,251,277,396,212,109,267,146,240,152,229,,,232,68,,276,271,50,297,229,279,123,147,100,61,24,375,348,27,28,23,58,72,184,168,169,303,160,192,176,,160,,281,b'\x11\xe8\xe1I\xee\xe1\xe2\n\x9a\xbe\x12\xdf\x17\xaeN\x1e'
11E8E149-EEE1-E20A-9ABE-12DF17AE4E1E,2026-ncaa-d3-natl,genius_ncaa,157,200,116,194,139,198,148,237,51,73,138,71,347,359,252,385,219,207,249,191,263,232,268,113,127,112,404,391,250,330,317,318,354,330,349,139,189,106,118,80,139,109,334,330,,,145,120,,45,200,242,393,113,243,179,362,79,144,370,398,256,252,239,358,406,372,402,403,178,52,168,359,,62,,45,201,211,222,181,289,202,140,317,286,293,227,352,174,135,281,134,203,173,182,306,294,258,260,316,138,263,354,166,317,198,349,309,360,180,144,272,160,186,24,5,,,209,112,,323,200,168,158,284,206,150,176,87,136,57,267,279,115,82,82,68,67,241,80,134,299,218,114,5,,269,,348,b'\x11\xe8\xe1I\xee\xe1\xe2\n\x9a\xbe\x12\xdf\x17\xaeN\x1e'
11E8E149-EEE6-687A-9ABE-12DF17AE4E1E,2018-ncaa-d3-conf-NEAC,ncaa,7,5,9,6,10,13,11,13,9,12,13,7,9,8,11,4,14,14,11,14,11,14,14,8,10,10,8,8,12,11,9,12,7,13,7,9,2,5,11,8,8,8,8,4,,,3,8,,,8,14,14,2,13,11,13,11,12,8,7,14,14,14,14,14,11,11,12,8,9,8,6,,4,,,8,2,2,1,4,1,1,5,9,9,6,13,5,6,2,5,12,1,1,7,6,6,13,13,8,4,7,2,9,4,7,3,9,8,7,6,10,12,1,2,,,14,11,,,8,1,11,6,9,3,3,2,2,1,10,12,6,7,7,2,1,5,3,5,3,8,12,1,,14,,,b'\x11\xe8\xe1I\xee\xe6hz\x9a\xbe\x12\xdf\x17\xaeN\x1e'
11E8E149-EEE6-687A-9ABE-12DF17AE4E1E,2018-ncaa-d3-conf-United East,ncaa,7,5,9,6,10,13,11,13,9,12,13,7,9,8,11,4,14,14,11,14,11,14,14,8,10,10,8,8,12,11,9,12,7,13,7,9,2,5,11,8,8,8,8,4,,,3,8,,,8,14,14,2,13,11,13,11,12,8,7,14,14,14,14,14,11,11,12,8,9,8,6,,4,,,8,2,2,1,4,1,1,5,9,9,6,13,5,6,2,5,12,1,1,7,6,6,13,13,8,4,7,2,9,4,7,3,9,8,7,6,10,12,1,2,,,14,11,,,8,1,11,6,9,3,3,2,2,1,10,12,6,7,7,2,1,5,3,5,3,8,12,1,,14,,,b'\x11\xe8\xe1I\xee\xe6hz\x9a\xbe\x12\xdf\x17\xaeN\x1e'
11E8E149-EEE6-687A-9ABE-12DF17AE4E1E,2018-ncaa-d3-natl,ncaa,280,309,197,292,240,371,347,351,337,346,354,299,264,196,343,99,420,419,388,415,380,367,323,327,359,383,258,131,422,329,330,306,306,334,325,248,52,364,403,321,190,173,235,202,,,93,110,,,354,306,350,192,407,382,389,371,385,263,179,431,433,432,415,364,350,339,374,248,364,193,228,,73,,,346,144,167,133,254,166,97,317,257,283,176,339,117,193,18,192,298,125,139,285,232,230,233,298,133,250,306,183,330,200,325,266,338,231,201,264,397,412,20,36,,,399,400,,,354,127,385,249,355,168,194,151,187,105,254,296,119,195,199,142,133,262,200,219,272,237,388,9,,426,,,b'\x11\xe8\xe1I\xee\xe6hz\x9a\xbe\x12\xdf\x17\xaeN\x1e'
11E8E149-EEE6-687A-9ABE-12DF17AE4E1E,2019-ncaa-d3-conf-NEAC,ncaa,11,11,7,11,11,12,12,12,12,12,8,12,12,12,11,8,12,12,11,12,12,12,12,12,12,12,12,11,7,10,10,12,7,11,10,11,3,4,10,10,12,12,9,5,,,7,10,,,11,12,12,7,12,12,12,11,8,12,12,12,11,11,12,12,9,11,11,11,7,12,8,,8,,,11,4,4,1,10,2,1,11,11,12,8,12,5,6,1,5,11,1,1,11,11,11,12,12,6,3,7,9,10,6,10,7,9,9,7,8,7,10,1,1,,,9,7,,,11,1,12,11,11,5,6,2,3,1,12,12,6,9,7,3,2,4,10,9,8,9,7,1,,9,,,b'\x11\xe8\xe1I\xee\xe6hz\x9a\xbe\x12\xdf\x17\xaeN\x1e'
11E8E149-EEE6-687A-9ABE-12DF17AE4E1E,2019-ncaa-d3-conf-United East,ncaa,11,11,7,11,11,12,12,12,12,12,8,12,12,12,11,8,12,12,11,12,12,12,12,12,12,12,12,11,7,10,10,12,7,11,10,11,3,4,10,10,12,12,9,5,,,7,10,,,11,12,12,7,12,12,12,11,8,12,12,12,11,11,12,12,9,11,11,11,7,12,8,,8,,,11,4,4,1,10,2,1,11,11,12,8,12,5,6,1,5,11,1,1,11,11,11,12,12,6,3,7,9,10,6,10,7,9,9,7,8,7,10,1,1,,,9,7,,,11,1,12,11,11,5,6,2,3,1,12,12,6,9,7,3,2,4,10,9,8,9,7,1,,9,,,b'\x11\xe8\xe1I\xee\xe6hz\x9a\xbe\x12\xdf\x17\xaeN\x1e'
11E8E149-EEE6-687A-9ABE-12DF17AE4E1E,2019-ncaa-d3-natl,ncaa,403,421,215,407,268,401,385,321,406,322,172,406,418,400,415,384,372,353,383,357,391,343,322,415,416,417,393,388,234,331,389,309,357,331,396,318,109,298,345,347,324,332,254,238,,,182,202,,,417,306,294,232,421,413,354,345,143,422,400,388,366,371,381,339,344,332,362,348,304,330,252,,201,,,413,287,294,213,319,248,130,376,332,362,201,368,205,264,66,258,307,217,183,329,315,347,254,304,167,324,357,362,389,356,396,369,384,296,309,378,342,378,15,8,,,316,268,,,417,148,418,365,416,305,307,266,274,141,331,375,226,274,265,269,221,334,379,366,364,301,346,11,,326,,,b'\x11\xe8\xe1I\xee\xe6hz\x9a\xbe\x12\xdf\x17\xaeN\x1e'
11E8E149-EEE6-687A-9ABE-12DF17AE4E1E,2020-ncaa-d3-conf-NEAC,ncaa,12,12,7,12,10,12,12,12,12,12,8,12,12,12,12,12,12,11,12,11,8,12,12,12,12,12,11,11,2,11,10,11,12,12,11,12,8,12,12,12,9,8,8,8,,,1,4,,,12,12,12,6,12,12,12,12,8,12,12,12,10,10,12,12,10,10,11,12,12,9,8,,1,,,12,8,8,4,10,5,2,12,12,10,12,12,2,2,5,2,5,3,2,12,12,12,10,12,1,10,12,3,10,6,11,11,12,11,9,12,12,12,3,5,,,12,9,,,12,1,12,12,12,11,10,9,6,4,12,11,3,4,4,7,3,11,6,9,12,11,12,4,,12,,,b'\x11\xe8\xe1I\xee\xe6hz\x9a\xbe\x12\xdf\x17\xaeN\x1e'
11E8E149-EEE6-687A-9ABE-12DF17AE4E1E,2020-ncaa-d3-conf-United East,ncaa,12,12,7,12,10,12,12,12,12,12,8,12,12,12,12,12,12,11,12,11,8,12,12,12,12,12,11,11,2,11,10,11,12,12,11,12,8,12,12,12,9,8,8,8,,,1,4,,,12,12,12,6,12,12,12,12,8,12,12,12,10,10,12,12,10,10,11,12,12,9,8,,1,,,12,8,8,4,10,5,2,12,12,10,12,12,2,2,5,2,5,3,2,12,12,12,10,12,1,10,12,3,10,6,11,11,12,11,9,12,12,12,3,5,,,12,9,,,12,1,12,12,12,11,10,9,6,4,12,11,3,4,4,7,3,11,6,9,12,11,12,4,,12,,,b'\x11\xe8\xe1I\xee\xe6hz\x9a\xbe\x12\xdf\x17\xaeN\x1e'
11E8E149-EEE6-687A-9ABE-12DF17AE4E1E,2020-ncaa-d3-natl,ncaa,431,437,198,431,279,432,433,427,429,408,337,432,433,435,394,438,420,373,433,374,326,424,374,432,432,436,417,433,89,423,424,332,387,400,406,423,197,438,437,435,305,311,381,387,,,58,52,,,438,331,302,300,437,437,437,425,349,438,438,430,392,391,437,412,433,364,428,430,435,307,390,,47,,,435,397,415,296,411,375,169,422,410,394,347,390,81,96,102,97,125,252,171,420,406,419,183,359,30,343,387,166,424,263,406,432,427,358,369,426,438,437,71,121,,,379,331,,,438,123,437,420,436,386,400,328,374,187,400,393,88,104,103,293,210,344,192,273,425,376,436,72,,406,,,b'\x11\xe8\xe1I\xee\xe6hz\x9a\xbe\x12\xdf\x17\xaeN\x1e'
11E8E149-EEE6-687A-9ABE-12DF17AE4E1E,2021-ncaa-d3-natl,ncaa,251,58,256,251,259,280,279,272,284,282,272,283,269,266,261,41,274,272,261,271,109,272,271,283,283,284,8,30,40,268,185,265,131,265,133,278,87,35,283,284,267,222,274,278,,,18,49,,,200,271,282,110,284,285,285,285,284,247,215,274,270,271,285,282,238,149,210,284,281,248,270,,20,,,272,20,22,20,147,23,24,120,20,15,152,35,15,16,14,17,50,16,17,119,75,175,28,68,37,17,131,17,185,18,133,32,282,274,279,281,42,283,16,94,,,271,265,,,200,17,284,189,277,80,139,131,174,214,52,36,26,56,61,110,9,120,53,72,252,281,281,17,,279,,,b'\x11\xe8\xe1I\xee\xe6hz\x9a\xbe\x12\xdf\x17\xaeN\x1e'
11E8E149-EEE6-687A-9ABE-12DF17AE4E1E,2022-ncaa-d3-conf-United East,ncaa,8,8,6,8,7,8,8,8,8,8,5,8,9,9,9,8,8,9,5,9,9,9,7,8,8,8,8,8,4,7,7,8,8,8,7,8,6,9,9,8,8,8,8,8,,,2,4,,,8,8,7,6,8,8,8,8,5,9,9,8,9,9,9,7,6,4,6,8,9,8,8,,4,,,8,8,8,8,8,8,7,8,6,6,8,7,3,3,1,3,3,8,2,8,8,8,3,7,2,8,8,4,7,6,7,8,6,8,8,8,8,8,8,7,,,8,9,,,8,2,8,8,8,8,8,8,8,8,7,6,3,4,4,8,7,8,5,8,8,8,8,8,,8,,,b'\x11\xe8\xe1I\xee\xe6hz\x9a\xbe\x12\xdf\x17\xaeN\x1e'
11E8E149-EEE6-687A-9ABE-12DF17AE4E1E,2022-ncaa-d3-natl,ncaa,393,410,250,403,299,416,414,380,428,406,243,428,420,417,427,416,415,414,394,415,427,396,263,429,429,429,414,414,226,242,234,252,406,256,338,400,77,429,428,428,317,374,408,417,,,130,70,,,428,265,135,427,429,429,423,424,211,427,425,425,426,425,426,181,217,214,217,424,429,324,415,,153,,,425,339,381,341,310,370,322,313,355,329,313,267,71,232,1,236,154,331,284,317,232,292,124,297,24,417,406,174,234,342,338,401,353,293,368,398,429,429,206,229,,,405,426,,,428,181,429,369,425,370,384,398,374,374,382,367,71,264,269,401,383,415,225,368,397,285,429,232,,423,,,b'\x11\xe8\xe1I\xee\xe6hz\x9a\xbe\x12\xdf\x17\xaeN\x1e'
11E8E149-EEE6-687A-9ABE-12DF17AE4E1E,2023-ncaa-d3-conf-United East,ncaa,9,9,5,9,6,9,9,9,9,9,4,9,8,8,9,8,9,9,5,9,9,9,8,9,9,9,8,8,1,9,9,9,9,9,9,9,9,9,9,9,9,9,8,8,,,1,1,,,9,5,5,5,9,9,9,9,4,8,8,9,9,9,9,7,9,9,9,9,9,9,7,,1,,,9,9,9,9,9,9,9,9,9,9,9,9,1,1,6,1,1,9,8,9,9,9,4,9,1,9,9,8,9,9,9,9,9,9,9,9,9,9,9,9,,,9,9,,,9,4,9,9,9,9,9,9,9,9,9,9,2,1,1,9,9,9,9,9,9,9,9,9,,9,,,b'\x11\xe8\xe1I\xee\xe6hz\x9a\xbe\x12\xdf\x17\xaeN\x1e'
11E8E149-EEE6-687A-9ABE-12DF17AE4E1E,2023-ncaa-d3-natl,ncaa,423,428,185,423,233,423,420,352,429,417,144,429,424,415,429,417,423,424,389,423,429,385,267,429,429,429,415,414,214,374,417,360,429,375,428,419,409,426,426,429,390,421,378,412,,,14,1,,,429,190,161,273,429,429,407,428,112,428,422,429,429,429,423,270,393,415,414,428,424,402,384,,1,,,429,426,428,429,412,426,422,409,428,422,391,326,14,18,102,17,2,423,394,416,380,422,32,334,3,429,429,422,417,427,428,429,403,387,424,427,428,428,390,355,,,419,429,,,429,228,429,428,429,424,427,429,423,422,423,421,5,8,7,426,417,429,420,428,428,413,427,395,,429,,,b'\x11\xe8\xe1I\xee\xe6hz\x9a\xbe\x12\xdf\x17\xaeN\x1e'
11E8E149-EEE6-687A-9ABE-12DF17AE4E1E,2024-ncaa-d3-conf-AMCC,ncaa,10,10,10,10,10,10,10,10,10,10,10,10,10,10,10,3,10,10,10,10,9,10,10,10,10,10,1,2,5,10,10,10,10,10,10,10,8,9,10,10,10,10,10,10,,,1,1,,,10,10,9,10,10,10,10,10,10,10,9,10,10,10,10,10,10,10,10,10,10,10,10,,1,,,10,6,10,4,10,10,4,10,6,7,8,7,1,1,1,1,1,3,1,10,10,10,1,5,1,10,10,5,10,7,10,10,8,10,10,10,10,10,1,7,,,10,6,,,10,1,10,10,10,10,10,10,10,10,10,10,1,1,1,10,10,10,10,10,10,10,10,4,,10,,,b'\x11\xe8\xe1I\xee\xe6hz\x9a\xbe\x12\xdf\x17\xaeN\x1e'
11E8E149-EEE6-687A-9ABE-12DF17AE4E1E,2024-ncaa-d3-natl,ncaa,419,342,415,419,419,425,425,421,427,425,421,427,421,395,426,116,425,425,426,425,410,422,417,427,427,427,108,107,232,422,426,419,427,421,427,424,242,333,426,427,425,426,422,422,,,5,1,,,427,416,185,423,427,427,424,427,413,419,291,427,426,426,426,359,419,396,421,427,421,424,419,,2,,,427,160,358,119,420,362,115,424,180,192,176,342,3,4,1,4,1,48,23,420,390,424,5,213,1,400,427,98,426,285,427,384,360,422,426,426,400,427,44,360,,,419,380,,,427,13,427,426,427,425,426,427,425,422,411,422,1,3,3,426,402,426,421,424,425,421,427,206,,406,,,b'\x11\xe8\xe1I\xee\xe6hz\x9a\xbe\x12\xdf\x17\xaeN\x1e'
11E8E149-EEEA-E652-9ABE-12DF17AE4E1E,2018-ncaa-d3-conf-CCC,ncaa,10,10,9,10,9,10,10,9,10,10,8,10,7,7,8,5,10,7,9,7,7,9,9,10,10,9,3,2,4,10,10,9,10,9,10,8,1,5,6,6,6,7,6,7,,,3,2,,,10,8,1,3,10,10,4,10,6,7,4,9,6,6,3,6,10,7,9,7,6,4,5,,8,,,10,10,10,9,9,10,9,9,6,6,7,4,9,8,8,8,4,9,7,8,8,8,3,3,5,10,10,10,10,10,10,10,10,6,9,10,7,8,8,7,,,9,8,,,10,3,10,10,10,10,10,10,10,10,8,8,10,9,9,10,10,10,10,10,10,4,8,8,,7,,,b'\x11\xe8\xe1I\xee\xea\xe6R\x9a\xbe\x12\xdf\x17\xaeN\x1e'
11E8E149-EEEA-E652-9ABE-12DF17AE4E1E,2018-ncaa-d3-natl,ncaa,417,433,197,422,212,367,377,264,416,387,293,419,257,183,349,146,297,248,360,253,204,264,267,411,411,394,97,127,124,356,432,278,403,329,429,272,32,216,253,271,280,331,220,276,,,288,254,,,407,214,178,63,404,405,254,406,300,254,166,321,246,255,263,265,381,292,369,289,227,285,207,,324,,,402,371,381,349,304,389,374,305,211,204,206,120,311,298,292,301,195,353,313,286,283,329,115,108,220,410,403,439,432,436,429,409,389,259,346,391,301,312,315,367,,,245,224,,,407,244,406,363,401,367,364,371,384,380,214,204,339,316,321,377,354,400,433,429,399,278,308,332,,262,,,b'\x11\xe8\xe1I\xee\xea\xe6R\x9a\xbe\x12\xdf\x17\xaeN\x1e'
11E8E149-EEEA-E652-9ABE-12DF17AE4E1E,2019-ncaa-d3-conf-CCC,ncaa,8,8,8,8,9,8,8,8,7,8,6,8,8,9,4,9,8,8,7,8,8,9,9,7,8,8,9,6,7,9,9,9,9,9,9,6,1,6,7,6,7,8,4,4,,,4,4,,,9,8,3,8,8,6,7,6,1,7,9,8,8,8,8,8,9,8,9,3,7,7,2,,6,,,9,9,9,6,9,9,6,8,8,7,8,4,4,6,4,6,5,8,5,9,9,9,2,5,4,9,9,7,9,9,9,9,7,7,8,9,4,7,1,1,,,8,8,,,9,3,8,9,9,9,9,9,9,9,9,8,7,7,7,9,9,9,8,9,9,7,6,1,,8,,,b'\x11\xe8\xe1I\xee\xea\xe6R\x9a\xbe\x12\xdf\x17\xaeN\x1e'
11E8E149-EEEA-E652-9ABE-12DF17AE4E1E,2019-ncaa-d3-natl,ncaa,390,412,215,398,301,385,363,327,376,340,254,389,339,335,315,290,404,384,407,383,393,352,351,384,398,394,321,230,366,419,438,296,424,385,435,279,69,221,318,281,374,403,118,151,,,151,115,,,416,289,260,384,414,395,365,365,251,352,350,422,397,395,394,396,432,310,421,290,234,390,107,,168,,,412,331,356,333,270,338,316,273,297,290,254,232,201,249,88,258,192,346,271,272,241,310,176,233,137,428,424,399,438,425,435,383,352,320,365,393,153,236,29,31,,,372,346,,,416,155,411,390,417,336,349,376,334,347,304,307,214,256,265,375,326,427,409,422,377,335,161,25,,412,,,b'\x11\xe8\xe1I\xee\xea\xe6R\x9a\xbe\x12\xdf\x17\xaeN\x1e'
11E8E149-EEEA-E652-9ABE-12DF17AE4E1E,2020-ncaa-d3-conf-CCC,ncaa,9,9,8,9,8,9,9,9,8,7,7,7,8,6,7,4,9,9,8,9,7,9,9,8,8,9,4,4,7,9,9,7,9,9,8,7,3,9,9,9,8,8,6,6,,,5,4,,,9,7,3,4,8,8,8,7,6,7,4,9,8,8,8,5,9,6,7,7,9,8,5,,8,,,9,7,7,7,6,6,4,7,7,7,6,6,6,6,3,6,7,6,5,6,6,7,5,8,3,9,9,6,9,8,8,7,8,7,7,8,9,9,1,1,,,9,9,,,9,3,9,7,9,8,8,9,7,9,8,8,8,8,8,8,9,9,7,9,8,5,9,1,,9,,,b'\x11\xe8\xe1I\xee\xea\xe6R\x9a\xbe\x12\xdf\x17\xaeN\x1e'
11E8E149-EEEA-E652-9ABE-12DF17AE4E1E,2020-ncaa-d3-natl,ncaa,306,329,198,322,268,315,281,200,327,277,254,289,226,151,358,131,405,367,416,371,375,240,222,332,360,358,284,162,411,297,374,181,354,233,361,237,156,283,305,286,229,274,279,304,,,326,289,,,338,184,121,270,338,292,161,287,236,227,134,421,385,387,223,171,294,138,219,222,305,225,279,,356,,,336,246,229,302,129,291,325,175,112,206,36,137,345,347,204,346,274,326,318,102,121,159,147,83,331,391,354,402,374,403,361,340,377,206,258,307,259,266,7,4,,,325,364,,,338,246,366,232,334,266,247,333,290,348,124,231,354,355,356,357,356,380,397,399,340,183,274,4,,350,,,b'\x11\xe8\xe1I\xee\xea\xe6R\x9a\xbe\x12\xdf\x17\xaeN\x1e'
11E8E149-EEEA-E652-9ABE-12DF17AE4E1E,2021-ncaa-d3-natl,ncaa,251,28,273,251,275,284,282,279,259,284,283,253,269,273,194,9,284,282,285,282,177,283,284,242,265,252,36,4,283,285,283,285,268,285,285,276,20,2,38,64,282,256,253,59,,,3,13,,,170,281,220,110,267,256,190,276,274,58,24,282,250,252,232,273,280,284,285,155,20,257,20,,8,,,277,10,10,7,284,12,10,257,7,2,285,2,8,10,130,10,73,6,5,284,283,282,16,28,59,5,268,10,283,9,285,19,283,283,214,279,1,42,7,107,,,285,277,,,170,4,263,281,278,268,275,143,279,278,85,2,152,164,178,153,109,204,279,271,280,223,18,38,,280,,,b'\x11\xe8\xe1I\xee\xea\xe6R\x9a\xbe\x12\xdf\x17\xaeN\x1e'
11E8E149-EEEA-E652-9ABE-12DF17AE4E1E,2022-ncaa-d3-conf-CCC,ncaa,9,9,7,9,8,10,10,9,10,9,9,10,8,4,10,3,10,10,10,10,5,9,8,10,10,10,4,5,5,9,8,9,8,9,8,10,8,10,10,10,3,4,7,7,,,8,6,,,9,3,2,5,10,10,9,9,9,7,4,10,10,10,9,4,9,9,9,10,10,3,7,,9,,,9,8,8,5,9,8,2,9,10,9,9,8,6,8,2,7,8,6,7,9,9,9,8,9,4,8,8,8,8,8,8,8,10,2,4,7,10,10,4,7,,,9,9,,,9,8,10,9,9,8,8,7,8,5,10,10,7,9,9,8,8,8,8,8,9,2,10,5,,9,,,b'\x11\xe8\xe1I\xee\xea\xe6R\x9a\xbe\x12\xdf\x17\xaeN\x1e'
11E8E149-EEEA-E652-9ABE-12DF17AE4E1E,2022-ncaa-d3-natl,ncaa,364,400,188,380,217,382,375,253,418,380,270,413,278,150,398,124,377,342,405,337,302,265,180,416,416,419,167,146,248,317,392,221,344,266,388,338,163,422,396,397,139,186,250,283,,,256,183,,,404,125,74,182,412,409,291,405,320,301,157,405,373,367,338,138,348,243,306,372,404,141,275,,275,,,399,337,349,305,287,316,254,318,350,342,266,304,207,281,33,270,250,306,326,307,270,255,211,293,98,355,344,406,392,399,388,421,429,117,174,355,423,406,263,305,,,309,379,,,404,300,417,277,399,328,340,335,309,258,345,346,198,272,265,335,366,349,408,393,413,111,411,261,,363,,,b'\x11\xe8\xe1I\xee\xea\xe6R\x9a\xbe\x12\xdf\x17\xaeN\x1e'
11E8E149-EEEA-E652-9ABE-12DF17AE4E1E,2023-ncaa-d3-conf-CCC,ncaa,10,10,9,10,9,10,10,10,9,9,9,6,10,6,10,3,10,10,10,10,5,10,10,9,10,10,4,3,8,10,9,8,9,10,8,10,7,10,10,10,9,8,10,10,,,1,1,,,10,10,8,7,10,10,10,9,9,6,4,10,10,10,10,10,10,8,10,10,10,8,10,,1,,,10,8,8,4,9,8,5,9,9,8,10,8,1,1,7,1,1,3,1,9,9,10,4,8,1,7,9,3,9,5,8,9,10,8,7,10,10,10,6,8,,,10,4,,,10,1,10,10,10,9,9,7,8,6,10,8,1,1,1,5,3,9,5,6,9,7,10,6,,9,,,b'\x11\xe8\xe1I\xee\xea\xe6R\x9a\xbe\x12\xdf\x17\xaeN\x1e'
11E8E149-EEEA-E652-9ABE-12DF17AE4E1E,2023-ncaa-d3-natl,ncaa,381,398,271,390,288,357,351,378,286,322,356,248,321,295,330,197,355,342,342,347,224,379,323,294,308,362,260,228,249,392,383,364,375,384,377,289,86,399,410,362,222,225,387,397,,,44,29,,,379,281,196,146,377,366,410,336,362,318,283,371,344,345,408,295,404,386,411,276,400,192,391,,38,,,374,290,358,212,390,344,182,395,308,266,306,311,54,49,214,46,47,151,177,390,369,340,92,284,29,307,375,131,383,202,377,410,422,171,159,379,396,398,258,352,,,258,154,,,379,139,380,360,376,336,371,308,362,243,333,314,47,46,46,251,263,335,207,271,408,130,389,300,,206,,,b'\x11\xe8\xe1I\xee\xea\xe6R\x9a\xbe\x12\xdf\x17\xaeN\x1e'
11E8E149-EEEA-E652-9ABE-12DF17AE4E1E,2024-ncaa-d3-conf-CCC,ncaa,10,10,10,10,10,10,10,10,10,10,10,10,10,10,10,5,10,10,9,10,5,10,10,10,10,10,5,5,1,10,8,9,9,10,9,10,4,10,10,10,10,10,10,9,,,1,1,,,10,10,9,4,10,10,10,10,10,10,10,10,10,10,10,10,10,9,10,10,10,10,9,,2,,,10,4,7,2,8,7,3,9,1,4,1,4,1,1,10,1,4,2,1,7,7,9,2,2,2,7,9,1,8,3,9,7,8,10,9,10,10,10,6,9,,,10,4,,,10,1,10,10,10,7,8,6,9,6,2,6,5,3,3,5,5,8,4,7,8,9,10,8,,9,,,b'\x11\xe8\xe1I\xee\xea\xe6R\x9a\xbe\x12\xdf\x17\xaeN\x1e'
11E8E149-EEEA-E652-9ABE-12DF17AE4E1E,2024-ncaa-d3-natl,ncaa,367,375,296,370,328,394,389,386,361,354,340,358,376,381,356,325,351,309,393,315,194,387,339,370,371,397,292,322,114,322,261,366,391,353,345,325,50,401,413,387,343,348,371,382,,,63,57,,,385,330,254,244,407,401,416,371,339,379,383,358,293,301,417,315,312,380,376,331,404,336,375,,78,,,381,176,285,171,346,343,252,364,62,92,77,116,63,54,217,58,49,136,139,304,269,260,20,45,62,339,391,69,261,173,345,369,392,224,181,342,412,415,228,338,,,233,90,,,385,104,398,305,383,261,336,289,372,332,84,120,78,68,74,232,249,354,126,257,374,168,411,285,,169,,,b'\x11\xe8\xe1I\xee\xea\xe6R\x9a\xbe\x12\xdf\x17\xaeN\x1e'
11E8E149-EEEA-E652-9ABE-12DF17AE4E1E,2025-ncaa-d3-conf-CNE,genius_ncaa,10,10,7,10,7,10,10,10,10,10,9,10,10,10,8,6,9,9,10,9,3,10,10,10,10,10,3,5,1,10,8,8,9,9,7,10,2,10,10,10,10,10,10,10,,,2,3,,2,10,10,5,4,10,10,10,10,9,9,9,9,9,8,10,8,10,8,9,10,10,10,10,,4,,2,10,8,9,8,9,9,9,9,4,5,7,4,2,3,3,4,3,6,3,9,9,10,1,3,2,7,9,3,8,6,7,9,9,10,10,10,10,10,10,10,,,9,5,,9,10,1,10,10,10,8,9,9,9,10,6,8,4,4,4,8,8,8,6,8,9,8,10,10,,8,,9,b'\x11\xe8\xe1I\xee\xea\xe6R\x9a\xbe\x12\xdf\x17\xaeN\x1e'
11E8E149-EEEA-E652-9ABE-12DF17AE4E1E,2025-ncaa-d3-natl,genius_ncaa,393,384,345,396,355,383,389,397,365,398,386,374,330,350,244,224,293,265,320,255,50,392,363,354,341,381,78,178,41,364,325,364,357,374,340,307,4,398,410,367,386,387,416,417,,,96,130,,24,385,355,180,242,393,396,413,398,381,313,325,238,184,172,412,266,348,305,360,268,400,377,416,,171,,28,381,226,269,130,360,303,177,361,155,118,259,171,149,131,238,135,162,119,101,342,338,337,82,139,137,296,357,60,325,140,340,353,359,290,257,361,366,392,325,407,,,255,89,,379,385,69,387,364,382,340,355,304,372,326,233,221,224,223,230,300,290,354,180,283,368,214,380,371,,137,,380,b'\x11\xe8\xe1I\xee\xea\xe6R\x9a\xbe\x12\xdf\x17\xaeN\x1e'
11E8E149-EEEA-E652-9ABE-12DF17AE4E1E,2026-ncaa-d3-conf-CNE,genius_ncaa,10,10,1,10,1,9,9,6,8,6,4,6,11,7,11,9,4,3,11,3,5,6,6,10,10,10,9,11,2,8,11,3,8,5,9,5,2,9,10,9,9,9,9,11,,,5,1,,4,11,4,9,1,10,10,11,9,8,11,10,8,5,5,11,11,11,7,9,6,9,9,11,,1,,4,11,10,10,10,9,9,7,9,11,11,9,11,5,2,11,3,1,8,7,8,8,9,5,10,2,9,8,7,11,7,9,10,11,4,7,10,11,11,8,8,,,2,2,,9,11,7,10,10,11,10,10,10,9,5,10,11,2,1,1,8,6,8,6,6,10,6,11,6,,2,,10,b'\x11\xe8\xe1I\xee\xea\xe6R\x9a\xbe\x12\xdf\x17\xaeN\x1e'
11E8E149-EEEA-E652-9ABE-12DF17AE4E1E,2026-ncaa-d3-natl,genius_ncaa,390,397,116,390,139,349,338,267,363,291,200,359,363,324,373,333,308,245,377,245,267,276,197,383,387,395,351,352,184,257,295,124,229,158,238,252,45,374,395,355,382,410,384,398,,,105,20,,45,394,178,253,113,403,395,392,350,263,386,375,371,291,297,395,297,304,121,203,305,380,409,399,,24,,45,380,298,324,318,269,271,216,311,386,388,269,398,78,67,290,71,22,283,251,313,263,323,262,386,13,290,229,249,295,271,238,384,384,291,359,393,375,388,364,374,,,165,154,,381,394,235,395,334,387,292,333,347,252,169,391,399,18,11,15,279,204,279,220,252,379,355,379,358,,196,,394,b'\x11\xe8\xe1I\xee\xea\xe6R\x9a\xbe\x12\xdf\x17\xaeN\x1e'
11E8E149-EEF0-81B6-9ABE-12DF17AE4E1E,2018-ncaa-d3-conf-C2C,ncaa,9,9,7,9,7,9,9,7,9,9,7,9,6,5,6,2,9,7,10,7,5,7,9,9,10,10,4,2,5,6,9,9,9,9,9,9,8,4,5,8,9,8,10,10,,,8,10,,,10,9,4,1,9,9,5,9,6,6,4,9,6,6,4,5,5,9,7,9,6,8,10,,9,,,10,8,6,5,10,8,6,10,5,5,6,3,9,9,2,9,10,6,5,9,10,9,4,2,9,6,9,9,9,9,9,10,10,9,8,10,3,4,9,10,,,9,7,,,10,3,9,10,10,9,8,6,9,7,6,6,9,9,9,9,8,9,9,9,10,7,4,9,,8,,,b'\x11\xe8\xe1I\xee\xf0\x81\xb6\x9a\xbe\x12\xdf\x17\xaeN\x1e'
11E8E149-EEF0-81B6-9ABE-12DF17AE4E1E,2018-ncaa-d3-conf-CAC,ncaa,9,9,7,9,7,9,9,7,9,9,7,9,6,5,6,2,9,7,10,7,5,7,9,9,10,10,4,2,5,6,9,9,9,9,9,9,8,4,5,8,9,8,10,10,,,8,10,,,10,9,4,1,9,9,5,9,6,6,4,9,6,6,4,5,5,9,7,9,6,8,10,,9,,,10,8,6,5,10,8,6,10,5,5,6,3,9,9,2,9,10,6,5,9,10,9,4,2,9,6,9,9,9,9,9,10,10,9,8,10,3,4,9,10,,,9,7,,,10,3,9,10,10,9,8,6,9,7,6,6,9,9,9,9,8,9,9,9,10,7,4,9,,8,,,b'\x11\xe8\xe1I\xee\xf0\x81\xb6\x9a\xbe\x12\xdf\x17\xaeN\x1e'
11E8E149-EEF0-81B6-9ABE-12DF17AE4E1E,2018-ncaa-d3-natl,ncaa,364,379,305,377,319,375,382,331,401,397,328,411,221,203,261,135,343,267,421,259,162,326,285,393,396,397,74,82,206,260,327,310,371,303,372,382,300,327,369,396,321,342,386,402,,,335,370,,,401,284,147,121,391,398,272,405,312,191,158,347,220,212,267,172,226,257,257,390,362,306,391,,400,,,398,316,289,181,336,334,262,342,155,154,228,106,382,406,76,407,391,253,214,309,322,352,178,95,352,355,371,314,327,344,372,409,435,290,323,404,336,348,404,428,,,335,325,,,401,169,399,364,400,373,341,310,363,333,205,184,409,425,426,364,345,371,377,383,416,264,354,418,,314,,,b'\x11\xe8\xe1I\xee\xf0\x81\xb6\x9a\xbe\x12\xdf\x17\xaeN\x1e'
11E8E149-EEF0-81B6-9ABE-12DF17AE4E1E,2019-ncaa-d3-conf-Atlantic East,ncaa,7,7,7,7,7,7,7,7,7,7,7,7,6,6,4,5,7,7,7,7,7,7,7,7,7,7,5,2,7,7,6,7,7,7,7,7,7,6,7,7,4,3,5,3,,,3,3,,,7,7,4,3,7,7,6,6,5,6,5,7,7,7,6,4,5,5,6,7,7,3,5,,4,,,7,3,3,3,4,2,1,7,6,7,2,7,3,3,3,3,7,2,1,5,6,6,7,6,4,7,7,2,6,3,7,7,7,7,6,7,3,4,4,5,,,7,7,,,7,1,7,7,7,7,6,7,5,2,7,7,5,6,5,7,7,7,5,7,7,6,3,5,,7,,,b'\x11\xe8\xe1I\xee\xf0\x81\xb6\x9a\xbe\x12\xdf\x17\xaeN\x1e'
11E8E149-EEF0-81B6-9ABE-12DF17AE4E1E,2019-ncaa-d3-natl,ncaa,375,399,215,386,263,338,308,237,359,309,206,379,249,239,271,232,382,312,429,308,325,258,202,360,380,392,243,172,364,129,179,205,293,169,248,314,292,354,350,368,134,135,365,350,,,239,236,,,368,234,181,194,372,337,193,329,192,247,236,397,333,324,228,143,113,158,103,345,356,117,380,,269,,,362,245,203,249,157,149,90,306,372,420,66,421,287,279,257,277,367,253,240,208,215,235,372,373,263,321,293,289,179,315,248,421,442,229,250,381,184,172,243,245,,,387,429,,,368,211,378,257,361,278,240,294,164,81,376,431,299,286,285,302,297,328,320,333,414,220,191,262,,423,,,b'\x11\xe8\xe1I\xee\xf0\x81\xb6\x9a\xbe\x12\xdf\x17\xaeN\x1e'
11E8E149-EEF0-81B6-9ABE-12DF17AE4E1E,2020-ncaa-d3-conf-Atlantic East,ncaa,7,7,7,7,7,7,7,7,6,7,7,7,7,7,6,6,7,6,7,6,1,7,7,7,7,7,6,6,1,7,3,6,5,7,5,7,6,7,7,7,7,7,7,7,,,4,7,,,7,7,4,3,7,7,7,7,7,7,7,7,4,4,7,6,7,4,6,7,7,7,6,,6,,,7,5,5,4,6,4,2,7,6,6,5,7,4,4,2,4,6,4,2,7,7,7,6,6,2,4,5,2,3,2,5,5,7,7,7,7,7,7,1,1,,,7,2,,,7,1,7,7,7,6,6,6,6,3,7,7,4,4,4,6,5,5,2,3,7,7,7,1,,3,,,b'\x11\xe8\xe1I\xee\xf0\x81\xb6\x9a\xbe\x12\xdf\x17\xaeN\x1e'
11E8E149-EEF0-81B6-9ABE-12DF17AE4E1E,2020-ncaa-d3-natl,ncaa,344,345,327,353,368,405,398,397,369,364,310,387,413,411,373,390,388,217,435,208,151,386,231,394,410,425,362,374,180,119,72,142,335,134,155,394,287,437,435,428,274,307,409,406,,,376,367,,,409,273,86,409,422,411,413,368,253,417,410,384,166,160,404,88,84,34,36,403,438,249,410,,417,,,407,250,181,261,107,115,117,199,346,412,84,395,338,388,37,387,406,316,268,133,129,205,386,340,320,398,335,85,72,238,155,352,416,269,325,347,434,429,17,19,,,226,212,,,409,197,421,278,400,324,264,364,186,189,366,421,377,411,411,401,392,401,151,305,362,222,433,14,,139,,,b'\x11\xe8\xe1I\xee\xf0\x81\xb6\x9a\xbe\x12\xdf\x17\xaeN\x1e'
11E8E149-EEF5-1B22-9ABE-12DF17AE4E1E,2018-ncaa-d3-conf-NESCAC,ncaa,4,5,3,5,3,4,5,4,8,6,5,9,2,3,3,6,2,1,10,1,1,4,3,8,7,8,2,3,1,4,6,3,4,3,4,6,8,11,10,10,9,11,2,3,,,11,8,,,7,2,1,3,6,9,7,9,8,4,4,1,1,1,3,2,5,1,1,9,11,9,2,,9,,,6,11,11,11,4,11,11,6,8,9,4,1,10,11,2,11,5,11,10,4,4,6,2,2,5,11,4,9,6,10,4,10,3,6,11,8,11,9,8,7,,,2,2,,,7,10,6,6,6,8,10,11,10,11,4,6,8,9,9,11,11,10,9,10,7,9,11,4,,1,,,"b'\x11\xe8\xe1I\xee\xf5\x1b""\x9a\xbe\x12\xdf\x17\xaeN\x1e'"
11E8E149-EEF5-1B22-9ABE-12DF17AE4E1E,2018-ncaa-d3-natl,ncaa,138,88,305,106,326,208,228,329,113,236,310,128,182,245,86,204,158,84,359,86,24,283,269,95,109,160,148,179,138,130,47,145,111,138,38,225,235,255,294,255,353,354,29,37,,,263,338,,,137,316,197,138,135,162,268,197,285,146,198,86,36,38,183,149,76,40,38,181,309,351,16,,338,,,129,80,77,162,56,137,311,28,52,41,190,34,248,266,174,266,214,176,132,37,47,104,161,74,357,131,111,54,47,67,38,25,20,331,328,117,213,248,211,279,,,187,114,,,137,153,136,108,118,139,128,275,200,372,73,58,316,327,330,298,253,187,81,109,35,302,266,249,,93,,,"b'\x11\xe8\xe1I\xee\xf5\x1b""\x9a\xbe\x12\xdf\x17\xaeN\x1e'"
11E8E149-EEF5-1B22-9ABE-12DF17AE4E1E,2019-ncaa-d3-conf-NESCAC,ncaa,7,8,5,8,5,5,6,2,9,6,2,8,8,4,11,7,3,3,10,3,4,2,2,11,9,9,7,8,3,2,3,4,5,2,6,5,6,5,2,5,6,9,3,3,,,10,10,,,8,4,1,9,6,8,1,5,2,9,5,4,3,3,1,1,1,1,1,6,5,7,4,,11,,,8,9,8,9,4,7,7,5,8,10,5,7,11,11,10,11,11,10,9,4,6,5,9,4,11,8,5,11,3,11,6,3,3,5,9,5,6,3,10,5,,,5,7,,,8,9,8,7,7,9,4,10,6,9,7,8,11,11,11,10,11,8,11,10,5,6,5,7,,5,,,"b'\x11\xe8\xe1I\xee\xf5\x1b""\x9a\xbe\x12\xdf\x17\xaeN\x1e'"
11E8E149-EEF5-1B22-9ABE-12DF17AE4E1E,2019-ncaa-d3-natl,ncaa,206,162,365,185,389,298,302,221,357,252,214,316,333,215,416,227,183,172,245,174,159,212,297,376,359,298,253,326,83,50,47,176,82,94,61,295,258,39,43,169,360,339,77,62,,,203,353,,,190,370,156,435,201,223,38,178,86,310,132,91,62,64,34,64,12,21,10,226,100,336,43,,346,,,190,74,53,86,87,92,152,81,47,73,78,110,329,307,305,299,329,100,73,65,106,188,252,92,411,85,82,196,47,142,61,13,11,376,356,106,10,9,137,135,,,306,293,,,190,76,220,169,189,196,142,264,190,312,93,148,395,386,381,306,234,185,337,291,19,347,29,197,,186,,,"b'\x11\xe8\xe1I\xee\xf5\x1b""\x9a\xbe\x12\xdf\x17\xaeN\x1e'"
11E8E149-EEF5-1B22-9ABE-12DF17AE4E1E,2020-ncaa-d3-conf-NESCAC,ncaa,8,8,4,8,6,5,7,6,10,7,7,8,5,1,11,1,3,3,9,3,1,3,3,10,10,10,3,5,2,3,7,3,6,3,7,11,10,8,6,10,4,5,3,4,,,7,4,,,8,4,1,10,8,10,4,10,10,6,1,3,3,3,3,4,3,3,3,11,7,5,4,,6,,,8,9,9,9,7,7,6,10,8,11,3,9,7,8,4,8,8,9,9,7,7,7,9,7,4,10,6,11,7,11,7,6,5,4,7,5,8,7,10,11,,,4,5,,,8,9,9,8,8,9,8,10,6,5,8,9,7,6,6,10,10,9,10,10,7,4,7,9,,2,,,"b'\x11\xe8\xe1I\xee\xf5\x1b""\x9a\xbe\x12\xdf\x17\xaeN\x1e'"
11E8E149-EEF5-1B22-9ABE-12DF17AE4E1E,2020-ncaa-d3-natl,ncaa,170,163,198,177,237,221,219,148,282,257,289,204,123,49,319,54,279,270,282,267,225,170,231,254,275,217,142,101,318,85,115,101,160,82,132,229,261,54,55,133,344,347,95,110,,,195,224,,,192,303,272,155,206,206,84,264,301,109,40,280,260,260,110,191,67,43,35,215,62,352,82,,228,,,191,145,166,250,104,196,264,118,151,221,78,219,163,133,331,131,109,235,159,96,101,174,163,187,207,236,160,285,115,282,132,45,25,335,349,162,37,37,275,309,,,313,340,,,192,155,185,194,178,177,202,302,214,305,174,244,185,155,155,268,201,251,304,288,54,355,44,288,,331,,,"b'\x11\xe8\xe1I\xee\xf5\x1b""\x9a\xbe\x12\xdf\x17\xaeN\x1e'"
11E8E149-EEF5-1B22-9ABE-12DF17AE4E1E,2022-ncaa-d3-conf-NESCAC,ncaa,7,9,3,7,3,3,3,3,5,4,4,5,1,1,4,1,5,5,6,5,6,3,3,4,5,4,1,1,10,2,3,4,5,3,4,2,1,9,5,1,6,10,5,6,,,11,10,,,7,3,5,6,2,2,4,9,9,1,1,8,9,9,4,3,3,7,4,1,5,8,6,,10,,,7,11,10,9,9,10,9,10,10,10,7,3,10,10,11,10,11,9,9,8,8,10,6,3,10,9,5,9,3,9,4,11,11,5,8,11,9,9,9,10,,,5,10,,,7,9,2,10,7,10,8,9,9,9,6,4,11,11,11,9,9,6,5,5,11,8,9,9,,9,,,"b'\x11\xe8\xe1I\xee\xf5\x1b""\x9a\xbe\x12\xdf\x17\xaeN\x1e'"
11E8E149-EEF5-1B22-9ABE-12DF17AE4E1E,2022-ncaa-d3-natl,ncaa,190,234,107,217,162,118,130,85,226,213,209,235,47,50,85,67,229,264,108,265,268,104,157,167,180,130,68,48,331,88,153,124,216,109,197,109,117,87,47,57,367,398,146,217,,,381,371,,,230,187,263,290,130,150,84,266,269,45,50,259,319,319,105,214,113,150,122,110,56,401,171,,362,,,230,371,345,321,252,355,367,205,247,193,326,90,395,352,422,357,265,336,272,237,284,354,208,140,337,300,216,316,153,317,197,348,252,337,391,384,65,35,346,341,,,230,303,,,230,259,101,360,224,316,290,297,303,340,194,129,373,329,336,311,193,252,263,266,294,392,35,338,,313,,,"b'\x11\xe8\xe1I\xee\xf5\x1b""\x9a\xbe\x12\xdf\x17\xaeN\x1e'"
11E8E149-EEF5-1B22-9ABE-12DF17AE4E1E,2023-ncaa-d3-conf-NESCAC,ncaa,9,9,7,9,8,8,7,8,4,8,8,7,3,7,1,6,8,7,10,7,5,8,7,2,2,8,2,2,6,8,9,6,9,8,9,5,3,11,10,7,7,6,9,9,,,8,7,,,9,6,1,6,5,5,10,8,7,2,5,6,6,6,7,5,8,6,7,3,11,5,9,,8,,,9,10,9,6,9,9,5,10,7,9,3,8,8,9,3,9,9,7,7,9,9,10,3,4,5,7,9,4,9,5,9,11,11,9,10,11,10,10,11,11,,,6,5,,,9,6,9,11,9,11,11,10,11,7,9,10,9,9,9,11,11,10,5,8,11,5,10,11,,4,,,"b'\x11\xe8\xe1I\xee\xf5\x1b""\x9a\xbe\x12\xdf\x17\xaeN\x1e'"
11E8E149-EEF5-1B22-9ABE-12DF17AE4E1E,2023-ncaa-d3-natl,ncaa,248,247,271,257,286,259,261,288,222,258,238,289,194,287,57,271,208,233,151,235,201,283,286,208,198,231,166,188,143,257,237,160,139,202,158,141,18,216,279,178,304,298,180,199,,,126,156,,,222,293,219,126,225,242,245,244,197,186,276,159,180,185,241,207,228,60,138,87,275,296,171,,159,,,222,128,170,183,180,225,226,187,114,150,113,164,128,110,296,111,107,154,121,155,143,200,107,152,149,164,139,138,237,137,158,251,290,326,318,330,145,193,393,397,,,269,226,,,222,128,237,199,225,202,244,278,281,294,151,186,167,138,142,253,202,185,212,199,272,308,190,411,,236,,,"b'\x11\xe8\xe1I\xee\xf5\x1b""\x9a\xbe\x12\xdf\x17\xaeN\x1e'"
11E8E149-EEF5-1B22-9ABE-12DF17AE4E1E,2024-ncaa-d3-conf-NESCAC,ncaa,8,9,3,9,5,8,8,5,9,7,6,10,4,7,3,7,6,9,4,7,7,5,3,9,9,10,4,3,5,8,9,5,10,5,10,5,4,11,11,11,4,7,8,10,,,8,5,,,9,2,1,6,10,10,8,10,5,4,7,7,8,6,8,3,9,5,7,6,11,5,10,,9,,,9,9,9,10,8,10,10,8,5,9,2,5,5,5,3,6,2,10,10,7,4,6,1,4,3,10,10,10,9,10,10,11,10,2,7,7,9,9,11,11,,,8,10,,,9,10,10,6,9,8,10,11,11,11,5,9,4,4,5,11,11,11,9,10,10,4,9,11,,8,,,"b'\x11\xe8\xe1I\xee\xf5\x1b""\x9a\xbe\x12\xdf\x17\xaeN\x1e'"
11E8E149-EEF5-1B22-9ABE-12DF17AE4E1E,2024-ncaa-d3-natl,ncaa,227,162,375,192,385,281,258,340,140,237,265,186,260,334,83,292,337,368,144,364,357,355,369,145,160,164,298,232,317,336,277,282,133,325,183,211,106,76,209,142,309,245,200,190,,,74,173,,,162,375,149,244,173,131,143,125,105,206,271,264,315,311,179,199,270,64,144,103,209,220,139,,193,,,154,45,75,70,131,147,163,163,25,48,30,98,61,42,294,41,68,50,46,100,90,120,47,48,146,85,133,62,277,59,183,116,228,330,254,238,95,202,381,384,,,383,355,,,162,55,188,122,154,165,225,304,290,348,58,118,130,112,114,270,251,194,252,240,226,230,207,414,,343,,,"b'\x11\xe8\xe1I\xee\xf5\x1b""\x9a\xbe\x12\xdf\x17\xaeN\x1e'"
11E8E149-EEF5-1B22-9ABE-12DF17AE4E1E,2025-ncaa-d3-conf-NESCAC,genius_ncaa,10,11,4,10,5,9,7,8,8,7,7,8,8,6,10,5,8,10,2,10,9,8,7,8,8,9,7,5,5,10,11,3,7,8,10,5,2,9,10,10,8,9,5,6,,,3,1,,11,11,6,5,5,10,10,9,9,9,9,6,9,11,11,10,9,10,2,8,5,10,9,6,,1,,11,10,10,10,8,5,7,6,6,11,11,8,11,3,4,9,4,2,8,8,6,6,10,9,11,1,9,7,9,11,9,10,11,11,8,11,11,11,11,10,11,,,10,11,,6,11,7,10,10,10,11,10,11,8,5,11,11,1,2,2,11,10,10,9,11,11,9,11,11,,11,,6,"b'\x11\xe8\xe1I\xee\xf5\x1b""\x9a\xbe\x12\xdf\x17\xaeN\x1e'"
11E8E149-EEF5-1B22-9ABE-12DF17AE4E1E,2025-ncaa-d3-natl,genius_ncaa,293,299,290,299,294,249,246,288,197,280,290,219,150,198,95,128,276,361,2,369,338,308,331,171,145,166,125,106,262,361,364,170,117,268,238,172,66,135,217,150,405,407,110,110,,,114,159,,220,289,303,223,45,200,213,211,263,268,110,151,246,358,365,265,283,354,65,207,115,191,411,91,,156,,258,291,263,295,251,276,278,243,244,289,242,317,222,154,98,399,101,83,215,104,282,279,361,174,266,123,124,117,211,364,169,238,312,276,399,401,395,188,257,308,351,,,369,349,,327,289,123,211,346,287,323,336,343,313,331,312,291,186,117,118,314,198,162,287,249,328,407,234,340,,371,,322,"b'\x11\xe8\xe1I\xee\xf5\x1b""\x9a\xbe\x12\xdf\x17\xaeN\x1e'"
11E8E149-EEF5-1B22-9ABE-12DF17AE4E1E,2026-ncaa-d3-conf-NESCAC,genius_ncaa,5,5,1,5,3,3,3,3,6,4,3,6,2,2,2,1,4,5,1,5,6,3,3,5,5,6,2,1,6,2,3,3,5,3,5,1,1,5,6,3,3,5,1,4,,,4,3,,6,6,3,3,3,5,5,4,6,5,2,2,6,6,6,5,4,3,4,5,2,5,5,2,,3,,5,6,5,6,6,6,6,6,4,2,3,4,1,4,4,2,4,4,5,3,5,3,6,1,2,4,6,5,4,3,5,5,6,3,4,6,6,6,6,6,5,,,4,6,,1,6,3,6,6,6,5,6,6,6,6,1,1,4,4,4,5,2,5,4,5,4,6,6,5,,6,,2,"b'\x11\xe8\xe1I\xee\xf5\x1b""\x9a\xbe\x12\xdf\x17\xaeN\x1e'"
11E8E149-EEF5-1B22-9ABE-12DF17AE4E1E,2026-ncaa-d3-natl,genius_ncaa,98,268,8,194,21,95,98,73,246,116,117,202,78,42,254,86,115,182,35,191,275,81,83,233,220,210,147,139,232,193,361,14,62,51,206,105,222,284,179,199,298,386,31,71,,,342,242,,400,261,65,387,113,314,304,344,308,355,203,157,288,359,369,370,401,360,114,252,281,93,402,84,,128,,340,249,358,353,379,182,321,367,143,371,365,306,273,307,268,341,258,116,371,335,213,213,306,283,320,164,255,62,381,361,360,206,336,208,260,371,356,292,204,388,355,,,70,141,,76,261,352,233,272,254,151,165,165,130,158,271,221,131,84,76,137,30,93,233,160,189,403,139,309,,282,,160,"b'\x11\xe8\xe1I\xee\xf5\x1b""\x9a\xbe\x12\xdf\x17\xaeN\x1e'"
11E8E149-EEFA-12E4-9ABE-12DF17AE4E1E,2018-ncaa-d3-conf-USA South,ncaa,19,17,18,19,19,19,19,17,19,18,15,19,18,17,18,15,18,18,19,18,16,18,17,19,19,19,13,13,9,17,17,19,19,19,19,18,13,10,16,17,8,4,15,12,,,1,3,,,18,17,11,3,19,19,14,18,8,18,16,18,16,16,13,10,16,19,19,18,16,3,13,,6,,,18,6,7,3,19,6,4,19,11,9,14,16,3,1,15,1,7,3,3,18,18,17,9,14,5,13,19,10,17,10,19,17,19,11,6,14,11,16,17,19,,,19,18,,,18,3,19,17,19,17,16,13,14,11,16,16,9,7,7,13,15,17,19,17,19,4,16,19,,17,,,b'\x11\xe8\xe1I\xee\xfa\x12\xe4\x9a\xbe\x12\xdf\x17\xaeN\x1e'
11E8E149-EEFA-12E4-9ABE-12DF17AE4E1E,2018-ncaa-d3-natl,ncaa,433,379,429,433,429,429,427,428,429,422,415,425,414,407,414,340,410,388,425,391,222,429,428,431,429,426,264,340,75,422,416,435,437,433,437,431,374,159,402,422,144,50,336,291,,,15,32,,,408,428,116,4,415,421,279,390,173,398,344,325,172,174,261,117,325,419,417,423,404,31,253,,90,,,425,48,80,24,388,97,26,392,138,99,320,291,47,40,250,39,134,17,21,382,376,326,162,268,84,266,437,123,416,157,437,254,418,304,125,318,238,400,253,410,,,430,345,,,408,15,427,375,424,401,402,379,389,331,367,354,206,202,188,366,406,421,429,433,429,62,404,419,,305,,,b'\x11\xe8\xe1I\xee\xfa\x12\xe4\x9a\xbe\x12\xdf\x17\xaeN\x1e'
11E8E149-EEFA-12E4-9ABE-12DF17AE4E1E,2019-ncaa-d3-conf-USA South,ncaa,18,18,10,18,13,18,18,18,18,18,18,18,18,16,18,10,18,18,18,18,18,18,18,18,18,18,18,17,11,18,18,18,18,18,18,18,9,18,18,18,18,18,18,18,,,1,1,,,18,15,10,11,18,18,18,18,18,18,16,18,18,18,18,18,18,18,18,18,18,18,18,,1,,,18,18,18,18,18,18,17,18,18,17,18,14,1,1,1,1,1,17,12,18,18,18,1,14,1,18,18,18,18,18,18,18,18,18,18,18,18,18,14,17,,,18,18,,,18,4,18,18,18,18,18,18,18,18,18,18,1,1,1,18,17,18,18,18,18,18,18,15,,18,,,b'\x11\xe8\xe1I\xee\xfa\x12\xe4\x9a\xbe\x12\xdf\x17\xaeN\x1e'
11E8E149-EEFA-12E4-9ABE-12DF17AE4E1E,2019-ncaa-d3-natl,ncaa,439,399,422,439,426,442,442,438,443,442,432,442,443,433,443,343,440,438,433,438,436,439,433,443,443,443,410,435,47,442,443,434,442,439,442,442,414,436,441,443,436,438,440,442,,,7,2,,,443,414,94,295,443,443,442,442,410,443,428,441,441,441,442,401,443,439,441,443,440,428,439,,2,,,443,430,440,365,440,440,367,440,395,269,431,249,7,7,36,7,3,248,81,442,441,443,6,272,2,441,442,250,443,412,442,441,429,436,442,443,442,442,144,396,,,437,441,,,443,30,443,443,443,442,442,442,442,441,439,432,8,11,15,442,438,442,437,442,443,437,442,323,,443,,,b'\x11\xe8\xe1I\xee\xfa\x12\xe4\x9a\xbe\x12\xdf\x17\xaeN\x1e'
11E8E149-EEFA-12E4-9ABE-12DF17AE4E1E,2020-ncaa-d3-conf-USA South,ncaa,16,16,16,16,16,16,16,16,18,17,17,17,9,7,14,2,17,16,18,16,9,16,16,16,17,16,3,3,15,18,18,18,18,18,18,16,4,12,15,16,5,5,16,16,,,8,7,,,17,14,1,7,16,16,10,17,16,8,6,17,16,16,13,10,18,16,18,15,16,2,16,,14,,,17,17,14,11,16,10,6,14,18,16,18,14,12,12,5,12,12,13,12,17,18,15,14,16,9,18,18,15,18,17,18,18,18,7,7,16,13,15,13,17,,,18,18,,,17,6,16,18,16,18,17,17,15,15,18,17,15,16,16,17,18,18,18,18,18,3,15,14,,16,,,b'\x11\xe8\xe1I\xee\xfa\x12\xe4\x9a\xbe\x12\xdf\x17\xaeN\x1e'
11E8E149-EEFA-12E4-9ABE-12DF17AE4E1E,2020-ncaa-d3-natl,ncaa,418,345,424,420,425,427,421,422,406,430,428,395,334,278,383,48,434,430,428,430,347,428,425,397,414,414,125,45,408,435,437,424,429,431,434,406,154,171,404,390,187,93,410,399,,,22,57,,,416,412,24,150,406,389,242,403,370,189,63,431,412,412,307,138,432,296,411,338,406,36,380,,231,,,425,79,105,34,346,76,39,294,289,132,420,311,68,81,103,76,225,27,34,382,368,327,318,375,119,330,429,207,437,279,434,327,424,314,184,354,263,405,225,424,,,432,434,,,416,27,422,384,421,420,411,419,377,383,428,397,306,338,333,421,431,432,431,433,427,58,414,404,,431,,,b'\x11\xe8\xe1I\xee\xfa\x12\xe4\x9a\xbe\x12\xdf\x17\xaeN\x1e'
11E8E149-EEFA-12E4-9ABE-12DF17AE4E1E,2021-ncaa-d3-conf-USA South,ncaa,14,14,9,14,12,15,15,12,15,15,15,15,11,8,15,5,12,10,15,10,2,12,12,15,15,15,3,5,4,13,16,6,14,10,15,15,9,14,15,15,13,14,7,7,,,2,2,,,15,10,5,15,15,15,15,15,14,12,8,13,8,8,15,13,15,3,9,15,15,14,6,,2,,,15,12,13,13,6,12,13,6,15,14,15,13,3,3,3,5,3,13,9,9,6,10,8,16,3,15,14,12,16,14,15,12,11,15,15,15,15,15,9,14,,,11,11,,,15,8,15,13,15,12,14,15,10,15,15,15,4,4,4,16,15,16,16,16,14,14,15,7,,12,,,b'\x11\xe8\xe1I\xee\xfa\x12\xe4\x9a\xbe\x12\xdf\x17\xaeN\x1e'
11E8E149-EEFA-12E4-9ABE-12DF17AE4E1E,2021-ncaa-d3-natl,ncaa,176,262,61,224,77,151,164,95,268,164,120,262,117,70,252,77,116,67,271,66,38,93,69,266,268,274,59,93,53,96,238,53,258,60,250,153,137,262,269,273,98,232,64,141,,,163,16,,,282,66,52,266,272,275,242,274,251,195,108,199,111,108,236,98,178,50,99,257,273,179,96,,46,,,271,239,251,255,130,240,252,97,267,253,220,205,169,191,34,195,59,251,239,148,108,160,153,248,35,273,258,253,238,264,250,255,197,97,241,240,274,276,184,184,,,84,172,,,282,225,273,209,267,242,254,277,211,265,262,262,72,119,119,276,272,276,263,272,247,180,280,129,,151,,,b'\x11\xe8\xe1I\xee\xfa\x12\xe4\x9a\xbe\x12\xdf\x17\xaeN\x1e'
11E8E149-EEFA-12E4-9ABE-12DF17AE4E1E,2022-ncaa-d3-conf-USA South,ncaa,19,11,19,19,19,19,19,19,19,19,19,19,18,18,18,6,19,19,19,19,14,19,19,19,19,19,1,3,7,19,19,19,17,19,19,19,14,2,19,19,19,18,19,19,,,1,1,,,18,19,14,13,19,19,19,19,19,13,10,18,18,17,19,19,19,15,18,19,18,18,19,,1,,,19,1,1,1,18,1,1,19,8,6,17,19,1,1,7,1,1,1,1,19,18,19,8,18,1,1,17,1,19,1,19,8,19,19,18,19,2,18,1,12,,,19,18,,,18,1,19,18,19,19,19,19,17,11,19,19,1,1,1,17,11,17,18,17,19,18,17,7,,18,,,b'\x11\xe8\xe1I\xee\xfa\x12\xe4\x9a\xbe\x12\xdf\x17\xaeN\x1e'
11E8E149-EEFA-12E4-9ABE-12DF17AE4E1E,2022-ncaa-d3-natl,ncaa,423,257,421,423,421,425,425,422,422,425,422,423,413,413,383,248,418,418,416,416,158,422,421,421,422,423,157,204,92,418,360,422,412,421,390,425,406,133,426,429,424,412,417,397,,,6,9,,,409,421,80,290,421,424,419,423,362,371,334,399,299,280,414,167,345,268,319,427,425,396,393,,25,,,428,21,36,12,386,31,10,424,159,141,255,416,14,11,257,10,67,11,10,404,396,421,210,374,18,84,412,10,360,12,390,96,322,424,421,425,198,418,6,33,,,420,390,,,409,9,423,426,426,426,423,424,407,343,426,429,162,152,126,422,396,416,337,394,418,405,422,16,,380,,,b'\x11\xe8\xe1I\xee\xfa\x12\xe4\x9a\xbe\x12\xdf\x17\xaeN\x1e'
11E8E149-EEFA-12E4-9ABE-12DF17AE4E1E,2023-ncaa-d3-conf-CCS,ncaa,9,9,9,9,9,9,9,9,9,9,8,9,9,9,9,5,9,8,9,8,8,9,9,9,9,9,3,4,2,9,9,9,9,9,9,9,9,3,7,9,9,9,9,9,,,1,1,,,9,9,4,6,9,9,9,9,8,9,8,8,8,8,9,9,9,8,9,9,4,9,9,,1,,,9,9,9,9,9,9,9,9,8,7,8,6,1,1,1,1,1,8,3,9,9,9,1,7,1,8,9,6,9,7,9,9,7,9,9,9,7,9,1,3,,,9,9,,,9,3,9,9,9,9,9,9,9,9,8,8,1,1,1,9,9,9,8,9,9,9,9,2,,9,,,b'\x11\xe8\xe1I\xee\xfa\x12\xe4\x9a\xbe\x12\xdf\x17\xaeN\x1e'
11E8E149-EEFA-12E4-9ABE-12DF17AE4E1E,2023-ncaa-d3-natl,ncaa,423,269,420,423,421,426,425,421,425,425,422,425,419,412,413,238,424,422,416,422,321,422,423,424,424,419,134,185,90,422,404,421,416,421,418,428,429,7,296,427,427,429,424,427,,,5,3,,,417,423,257,285,425,425,400,424,326,390,313,418,380,383,407,415,402,368,403,429,178,427,424,,3,,,427,21,93,16,418,140,40,402,62,25,369,186,2,2,6,2,1,12,10,412,359,425,4,219,1,112,416,9,404,12,418,80,118,426,429,428,83,410,5,31,,,424,393,,,417,10,420,425,426,423,426,427,427,425,388,367,1,3,3,422,369,416,342,400,399,428,387,15,,422,,,b'\x11\xe8\xe1I\xee\xfa\x12\xe4\x9a\xbe\x12\xdf\x17\xaeN\x1e'
11E8E149-EEFA-12E4-9ABE-12DF17AE4E1E,2024-ncaa-d3-conf-CCS,ncaa,9,6,9,9,9,9,9,9,8,9,8,9,8,9,6,6,9,8,5,8,6,9,9,8,7,8,2,4,1,9,8,9,9,9,9,8,5,2,7,8,9,8,9,9,,,1,2,,,8,9,1,9,7,7,7,7,7,6,7,7,6,6,7,6,8,8,8,8,8,8,9,,2,,,8,1,4,1,9,5,1,9,1,1,5,2,1,1,1,1,1,1,1,9,9,9,1,2,1,5,9,1,8,1,9,4,7,9,8,9,2,7,1,4,,,9,9,,,8,1,8,9,8,9,9,9,9,9,6,7,2,2,2,8,8,8,8,8,9,8,8,3,,8,,,b'\x11\xe8\xe1I\xee\xfa\x12\xe4\x9a\xbe\x12\xdf\x17\xaeN\x1e'
11E8E149-EEFA-12E4-9ABE-12DF17AE4E1E,2024-ncaa-d3-natl,ncaa,408,139,424,399,426,423,423,424,381,423,425,387,418,423,301,299,419,421,180,421,92,424,424,379,362,368,114,269,25,424,395,425,415,425,410,422,262,2,363,377,421,318,426,416,,,4,53,,,342,424,31,419,342,373,307,353,210,308,297,75,84,83,252,135,375,315,372,358,371,220,410,,204,,,393,4,6,2,371,7,4,368,2,2,74,36,7,6,81,6,98,3,4,317,292,335,12,14,98,4,415,3,395,3,410,4,231,424,330,356,3,341,3,171,,,424,294,,,342,4,378,380,387,405,411,408,415,420,116,171,283,322,310,413,410,414,367,408,381,192,340,166,,247,,,b'\x11\xe8\xe1I\xee\xfa\x12\xe4\x9a\xbe\x12\xdf\x17\xaeN\x1e'
11E8E149-EEFA-12E4-9ABE-12DF17AE4E1E,2025-ncaa-d3-conf-CCS,genius_ncaa,9,9,7,9,9,9,9,9,9,8,6,9,9,9,7,9,9,8,9,8,8,9,8,9,9,9,7,7,5,9,9,9,7,9,9,9,9,8,8,9,9,9,7,8,,,6,5,,2,9,7,4,8,9,9,9,8,5,9,9,9,8,8,9,8,9,9,9,9,8,8,7,,7,,2,9,9,9,4,9,7,3,9,8,4,9,5,8,7,9,7,8,4,3,9,9,9,6,4,6,3,7,6,9,6,9,5,1,9,9,9,8,8,8,7,,,8,5,,5,9,3,9,9,9,9,9,8,9,6,8,7,9,8,8,8,8,5,7,7,7,9,8,8,,7,,5,b'\x11\xe8\xe1I\xee\xfa\x12\xe4\x9a\xbe\x12\xdf\x17\xaeN\x1e'
11E8E149-EEFA-12E4-9ABE-12DF17AE4E1E,2025-ncaa-d3-natl,genius_ncaa,412,334,412,412,414,416,415,413,408,411,390,413,409,415,336,404,412,367,418,372,192,413,410,410,410,411,335,356,112,411,370,414,312,413,378,417,417,273,408,416,345,196,363,304,,,53,265,,43,410,406,34,399,408,406,375,387,119,399,405,384,118,123,345,97,351,395,399,415,410,123,281,,361,,90,413,75,67,10,413,88,13,415,104,33,368,212,226,214,267,210,396,13,13,410,417,410,248,172,313,18,312,15,370,11,378,34,48,387,238,232,341,410,84,250,,,403,262,,295,410,15,411,392,413,405,390,329,391,278,361,330,410,410,410,376,366,222,323,301,279,136,408,304,,202,,215,b'\x11\xe8\xe1I\xee\xfa\x12\xe4\x9a\xbe\x12\xdf\x17\xaeN\x1e'
11E8E149-EEFA-12E4-9ABE-12DF17AE4E1E,2026-ncaa-d3-natl,genius_ncaa,390,21,415,390,415,415,415,415,393,415,415,410,415,415,74,328,414,415,241,414,19,415,415,386,346,356,14,170,7,415,305,416,412,415,409,416,416,4,346,412,416,396,409,272,,,1,178,,45,292,415,4,113,165,319,50,350,51,148,237,4,2,2,15,3,88,354,234,412,400,300,172,,389,,416,413,2,2,2,414,3,2,412,4,2,415,265,1,1,182,1,290,2,2,415,415,415,227,323,92,2,412,2,305,2,409,4,416,415,364,416,3,323,1,293,,,415,193,,397,292,2,359,416,412,416,416,416,416,410,416,408,404,406,405,416,415,409,412,414,416,163,388,358,,15,,217,b'\x11\xe8\xe1I\xee\xfa\x12\xe4\x9a\xbe\x12\xdf\x17\xaeN\x1e'
11E8E149-EEFE-C758-9ABE-12DF17AE4E1E,2018-ncaa-d3-conf-Little East,ncaa,5,5,5,5,8,3,4,1,8,6,6,6,1,1,8,1,5,4,7,4,1,1,1,7,7,6,1,1,6,1,2,8,8,4,8,5,8,8,2,8,1,1,7,8,,,6,3,,,7,1,1,8,2,2,1,6,5,1,1,4,3,3,1,1,1,8,2,5,8,1,7,,8,,,7,8,8,7,8,8,8,8,1,1,7,1,4,4,5,5,1,6,8,8,8,7,1,1,1,5,8,8,2,8,8,8,8,1,1,5,5,1,6,7,,,4,8,,,7,8,5,7,5,8,8,8,8,8,1,1,4,4,5,8,8,6,8,8,8,1,7,7,,1,,,b'\x11\xe8\xe1I\xee\xfe\xc7X\x9a\xbe\x12\xdf\x17\xaeN\x1e'
11E8E149-EEFE-C758-9ABE-12DF17AE4E1E,2018-ncaa-d3-natl,ncaa,243,279,123,261,191,9,17,1,380,179,168,222,1,1,358,1,77,39,323,38,41,1,1,309,332,281,2,2,371,2,29,384,415,33,344,110,396,413,70,269,3,8,315,396,,,400,82,,,189,1,1,404,2,7,1,203,210,1,1,67,37,34,1,1,2,434,14,104,396,2,330,,403,,,189,444,444,420,444,444,444,444,9,10,225,1,271,298,146,308,44,419,443,444,444,295,1,1,37,364,415,444,29,443,344,444,386,1,2,109,238,10,368,356,,,42,432,,,189,444,193,228,199,442,443,403,444,443,2,1,240,266,276,409,444,336,443,440,442,1,208,359,,24,,,b'\x11\xe8\xe1I\xee\xfe\xc7X\x9a\xbe\x12\xdf\x17\xaeN\x1e'
11E8E149-EEFE-C758-9ABE-12DF17AE4E1E,2019-ncaa-d3-conf-Little East,ncaa,7,6,7,7,9,4,5,2,8,7,7,6,1,1,5,1,4,3,6,3,1,2,2,7,7,6,1,1,4,3,3,9,9,7,7,5,8,8,4,7,1,1,9,9,,,1,1,,,7,4,1,9,3,4,1,7,7,1,1,4,3,3,1,1,1,9,4,5,9,1,9,,1,,,7,9,9,7,9,9,9,9,1,1,6,1,1,1,6,1,1,5,7,9,9,8,1,1,1,5,9,9,3,8,7,9,8,1,1,8,5,4,9,9,,,4,7,,,7,6,6,8,7,9,9,8,9,9,1,1,1,1,1,7,9,7,9,9,9,1,7,9,,3,,,b'\x11\xe8\xe1I\xee\xfe\xc7X\x9a\xbe\x12\xdf\x17\xaeN\x1e'
11E8E149-EEFE-C758-9ABE-12DF17AE4E1E,2019-ncaa-d3-natl,ncaa,237,244,215,248,312,72,107,22,325,286,329,219,7,3,265,4,160,118,323,118,47,25,20,231,257,249,8,6,321,18,66,418,433,236,376,169,335,399,235,310,11,17,382,419,,,222,61,,,282,25,2,416,20,48,4,305,344,4,3,135,87,90,3,2,8,440,210,151,402,6,400,,246,,,279,440,441,353,443,442,433,442,37,18,358,5,135,110,321,98,19,326,421,441,442,370,2,3,27,358,433,410,66,402,376,440,395,7,11,201,339,171,422,432,,,121,368,,,282,423,188,356,266,436,438,389,441,434,42,10,147,126,109,362,439,362,412,406,438,3,341,421,,85,,,b'\x11\xe8\xe1I\xee\xfe\xc7X\x9a\xbe\x12\xdf\x17\xaeN\x1e'
11E8E149-EEFE-C758-9ABE-12DF17AE4E1E,2020-ncaa-d3-conf-Little East,ncaa,8,8,7,8,9,5,6,1,8,7,8,8,1,1,6,1,6,5,7,5,4,1,1,6,8,7,1,1,8,2,3,9,6,6,8,6,4,5,4,7,1,1,6,6,,,2,2,,,7,2,1,9,3,4,1,7,6,1,1,5,5,5,1,1,1,9,4,4,7,1,6,,5,,,7,9,9,3,9,9,5,9,2,1,9,2,3,2,6,2,2,2,6,9,9,9,1,1,1,2,6,9,3,7,8,9,9,1,1,8,4,4,9,9,,,7,9,,,7,6,7,8,7,9,9,6,9,9,3,2,3,4,3,5,8,3,9,7,9,1,6,9,,5,,,b'\x11\xe8\xe1I\xee\xfe\xc7X\x9a\xbe\x12\xdf\x17\xaeN\x1e'
11E8E149-EEFE-C758-9ABE-12DF17AE4E1E,2020-ncaa-d3-natl,ncaa,285,306,198,299,310,181,197,31,382,317,258,356,26,8,308,13,264,172,388,177,161,38,26,341,357,344,26,19,344,7,40,388,345,139,261,208,246,377,233,309,15,9,295,320,,,274,181,,,226,55,13,402,135,166,7,335,248,17,7,262,156,164,10,8,6,418,81,195,368,7,303,,308,,,228,288,376,147,428,418,271,424,65,46,240,60,98,98,158,97,81,115,359,409,403,160,11,27,60,210,345,413,40,353,261,417,414,13,5,114,283,163,433,435,,,194,386,,,226,377,281,143,233,299,361,182,414,307,74,47,106,107,103,148,396,229,406,354,404,4,297,436,,150,,,b'\x11\xe8\xe1I\xee\xfe\xc7X\x9a\xbe\x12\xdf\x17\xaeN\x1e'
11E8E149-EEFE-C758-9ABE-12DF17AE4E1E,2022-ncaa-d3-conf-Little East,ncaa,8,8,4,8,5,8,8,8,7,5,4,8,9,9,8,9,5,6,7,6,7,8,5,8,8,8,9,9,2,9,8,4,3,4,5,5,1,8,8,7,9,9,2,3,,,2,1,,,8,4,3,5,8,8,8,5,3,9,9,4,5,5,8,4,9,2,4,5,8,9,1,,1,,,8,8,8,8,8,9,9,7,7,1,9,1,2,5,1,4,1,7,6,8,8,8,2,5,1,5,3,4,8,6,5,7,2,9,9,8,8,9,3,2,,,4,3,,,8,5,8,8,8,8,8,9,9,9,8,2,2,5,4,8,7,4,6,7,8,9,8,3,,3,,,b'\x11\xe8\xe1I\xee\xfe\xc7X\x9a\xbe\x12\xdf\x17\xaeN\x1e'
11E8E149-EEFE-C758-9ABE-12DF17AE4E1E,2022-ncaa-d3-natl,ncaa,275,341,107,305,116,286,274,225,344,192,85,358,395,380,396,400,192,201,180,208,316,226,128,375,359,380,381,408,69,133,176,95,84,113,116,162,19,421,387,323,367,396,105,168,,,142,87,,,337,131,209,75,373,360,322,238,95,408,405,215,234,247,324,159,160,111,126,188,388,401,113,,75,,,324,271,336,291,274,376,374,237,127,95,281,44,118,137,119,129,40,276,259,243,214,227,25,81,75,141,84,286,176,233,116,170,37,197,232,154,409,380,182,115,,,98,137,,,337,291,373,198,327,201,277,234,325,347,83,39,85,92,83,185,182,103,221,162,122,238,383,163,,120,,,b'\x11\xe8\xe1I\xee\xfe\xc7X\x9a\xbe\x12\xdf\x17\xaeN\x1e'
11E8E149-EEFE-C758-9ABE-12DF17AE4E1E,2023-ncaa-d3-conf-Little East,ncaa,6,5,7,6,9,8,8,9,6,5,4,7,9,9,9,9,6,4,7,5,8,8,8,8,8,8,9,9,1,3,3,7,3,7,3,4,1,6,7,6,8,8,3,3,,,4,6,,,8,9,4,9,7,6,8,4,1,9,9,4,1,1,6,5,2,6,5,4,7,8,3,,4,,,8,3,4,1,8,5,2,6,2,2,5,2,7,6,9,6,7,1,1,7,8,8,4,2,8,2,3,2,3,2,3,4,3,9,6,5,9,9,9,9,,,4,1,,,8,1,7,8,8,6,6,2,7,5,4,2,7,7,7,5,4,2,3,3,4,8,9,9,,1,,,b'\x11\xe8\xe1I\xee\xfe\xc7X\x9a\xbe\x12\xdf\x17\xaeN\x1e'
11E8E149-EEFE-C758-9ABE-12DF17AE4E1E,2023-ncaa-d3-natl,ncaa,228,198,333,225,354,336,320,350,276,209,141,325,411,413,365,419,240,241,217,248,304,341,338,343,326,330,406,419,67,204,121,307,62,276,87,197,8,214,315,220,377,352,97,78,,,119,255,,,240,364,267,150,322,295,281,139,43,415,419,154,145,156,262,204,117,195,147,107,299,374,72,,207,,,241,46,42,36,199,125,147,165,12,11,83,12,259,211,371,214,253,40,38,127,178,170,70,11,382,23,62,67,121,37,87,33,58,289,173,98,323,369,374,330,,,237,112,,,240,65,312,127,243,114,119,81,237,264,13,8,335,297,300,99,111,51,163,96,64,213,358,406,,111,,,b'\x11\xe8\xe1I\xee\xfe\xc7X\x9a\xbe\x12\xdf\x17\xaeN\x1e'
11E8E149-EEFE-C758-9ABE-12DF17AE4E1E,2024-ncaa-d3-conf-Little East,ncaa,8,8,7,8,7,8,7,7,8,5,5,8,7,7,6,7,9,9,9,9,9,8,8,8,8,8,8,7,8,4,4,6,3,6,5,4,1,4,6,3,8,8,2,2,,,1,2,,,9,9,5,2,7,4,5,5,3,7,7,9,9,9,5,5,3,5,5,3,5,8,2,,2,,,9,7,8,3,9,9,6,9,6,3,9,2,3,3,2,3,3,3,1,9,9,9,1,5,1,2,3,5,4,3,5,8,8,8,8,8,9,9,1,2,,,8,7,,,9,1,8,9,9,9,9,6,9,7,6,3,4,4,4,6,3,2,8,6,9,8,9,2,,5,,,b'\x11\xe8\xe1I\xee\xfe\xc7X\x9a\xbe\x12\xdf\x17\xaeN\x1e'
11E8E149-EEFE-C758-9ABE-12DF17AE4E1E,2024-ncaa-d3-natl,ncaa,318,342,200,333,256,277,229,168,286,177,77,326,324,333,256,358,369,334,398,338,403,204,243,325,355,318,386,317,375,174,243,196,183,184,246,132,26,127,140,104,381,397,53,79,,,123,140,,,313,273,240,242,303,235,118,159,53,332,346,393,351,355,160,222,155,173,150,106,132,400,35,,130,,,312,249,263,204,276,309,344,185,103,48,349,21,261,270,190,271,189,222,151,233,239,313,93,69,253,187,183,335,243,292,246,231,204,346,357,341,277,287,73,40,,,300,329,,,313,156,301,301,308,256,276,241,310,359,101,35,278,288,286,259,175,197,342,296,244,367,282,69,,326,,,b'\x11\xe8\xe1I\xee\xfe\xc7X\x9a\xbe\x12\xdf\x17\xaeN\x1e'
11E8E149-EEFE-C758-9ABE-12DF17AE4E1E,2025-ncaa-d3-conf-Little East,genius_ncaa,7,7,7,7,8,9,8,8,8,7,6,8,7,6,9,6,7,4,9,4,4,8,8,8,8,8,6,6,4,7,7,9,9,9,9,9,6,7,9,9,6,6,8,8,,,5,5,,8,9,8,3,9,8,8,8,6,5,7,6,5,2,2,7,3,6,7,7,8,9,6,8,,7,,8,9,8,8,6,7,8,7,8,7,6,8,4,3,3,2,3,3,5,5,8,7,7,3,6,3,9,9,5,7,7,9,9,9,7,7,8,6,7,9,8,,,7,6,,6,9,2,9,9,9,8,8,8,8,8,9,8,4,6,6,8,9,9,9,9,9,5,7,9,,5,,6,b'\x11\xe8\xe1I\xee\xfe\xc7X\x9a\xbe\x12\xdf\x17\xaeN\x1e'
11E8E149-EEFE-C758-9ABE-12DF17AE4E1E,2025-ncaa-d3-natl,genius_ncaa,343,356,290,348,342,323,333,308,346,304,248,336,320,296,342,286,167,53,398,53,31,272,201,349,348,356,186,292,42,216,259,312,381,283,351,339,281,347,350,362,263,312,263,299,,,347,341,,336,349,206,68,405,317,340,255,300,201,319,279,112,25,24,175,88,170,273,228,342,363,244,243,,398,,354,348,317,335,270,321,334,300,290,237,192,295,137,193,258,23,256,209,286,286,301,270,251,115,164,139,371,381,265,259,338,351,379,369,150,189,315,311,318,205,240,,,149,120,,227,349,228,352,297,344,352,362,358,369,365,264,241,243,314,313,367,370,373,325,360,377,105,333,257,,67,,215,b'\x11\xe8\xe1I\xee\xfe\xc7X\x9a\xbe\x12\xdf\x17\xaeN\x1e'
11E8E149-EEFE-C758-9ABE-12DF17AE4E1E,2026-ncaa-d3-conf-Little East,genius_ncaa,6,7,1,6,1,6,5,6,4,3,5,2,7,5,9,5,7,7,9,7,7,6,5,4,6,6,9,9,9,7,9,5,4,5,8,4,7,6,5,4,3,4,2,2,,,7,8,,1,8,5,7,1,7,5,6,3,5,9,6,8,8,7,7,6,7,7,7,5,4,4,3,,6,,1,7,9,5,4,7,3,3,6,8,8,7,7,9,9,9,9,9,5,4,8,9,9,9,7,9,6,4,8,9,7,8,9,8,7,7,8,7,6,7,7,,,6,6,,8,8,5,6,9,7,8,3,2,1,1,7,7,9,9,9,3,2,4,8,6,8,9,5,6,,7,,8,b'\x11\xe8\xe1I\xee\xfe\xc7X\x9a\xbe\x12\xdf\x17\xaeN\x1e'
11E8E149-EEFE-C758-9ABE-12DF17AE4E1E,2026-ncaa-d3-natl,genius_ncaa,225,268,116,265,135,262,220,215,247,181,180,221,295,259,336,282,314,319,251,311,364,230,194,275,293,324,364,308,312,277,321,87,213,144,233,125,35,339,359,265,227,268,100,138,,,246,211,,37,239,165,219,88,346,297,322,215,223,339,314,376,380,374,355,277,323,63,167,148,334,259,119,,212,,37,237,180,152,245,22,159,250,38,176,248,84,188,256,310,70,311,294,255,264,21,25,45,267,187,316,307,213,255,321,284,233,248,359,162,211,215,337,357,90,58,,,281,360,,381,239,254,336,72,236,82,65,212,91,222,121,211,234,304,312,231,245,295,233,278,224,186,332,61,,370,,394,b'\x11\xe8\xe1I\xee\xfe\xc7X\x9a\xbe\x12\xdf\x17\xaeN\x1e'
11E8E149-EF03-53F4-9ABE-12DF17AE4E1E,2018-ncaa-d3-conf-CCC,ncaa,4,4,3,4,3,4,4,4,2,5,5,2,4,5,2,6,3,3,3,3,4,4,5,2,2,2,6,4,6,6,5,7,6,6,5,3,4,4,4,4,5,5,4,5,,,1,1,,,4,5,10,2,4,4,9,5,7,3,7,3,4,5,8,8,7,8,7,3,3,6,4,,1,,,4,6,6,8,6,8,6,6,4,8,1,6,2,1,9,1,1,6,6,6,6,6,2,4,4,6,6,3,5,3,5,4,4,5,3,6,3,3,1,1,,,4,5,,,4,7,4,5,4,5,6,6,7,4,3,7,2,1,1,3,1,4,2,3,4,6,3,1,,6,,,b'\x11\xe8\xe1I\xef\x03S\xf4\x9a\xbe\x12\xdf\x17\xaeN\x1e'
11E8E149-EF03-53F4-9ABE-12DF17AE4E1E,2018-ncaa-d3-natl,ncaa,114,138,68,134,69,175,191,191,186,199,219,200,161,179,149,179,143,173,113,170,167,189,219,173,163,144,165,181,166,238,237,212,244,229,243,146,131,139,147,126,257,291,168,199,,,118,88,,,198,207,410,33,242,265,336,279,318,196,228,193,239,236,338,393,307,342,348,189,84,332,200,,56,,,199,242,303,331,211,339,294,298,180,303,28,268,152,97,420,101,72,286,250,189,181,246,89,142,124,272,244,207,237,223,243,254,170,278,324,296,76,75,69,61,,,154,120,,,198,233,170,250,197,143,197,201,245,201,120,230,98,57,60,139,67,186,123,139,189,374,50,40,,257,,,b'\x11\xe8\xe1I\xef\x03S\xf4\x9a\xbe\x12\xdf\x17\xaeN\x1e'
11E8E149-EF03-53F4-9ABE-12DF17AE4E1E,2019-ncaa-d3-conf-CCC,ncaa,1,2,1,2,1,3,3,2,4,2,1,3,6,3,7,8,1,2,1,2,3,2,1,4,3,3,5,9,1,1,1,1,1,1,1,2,3,7,4,3,3,4,3,3,,,5,5,,,2,3,8,3,3,5,6,2,6,8,7,1,3,3,3,6,1,1,1,4,3,5,5,,3,,,2,2,4,8,1,1,7,1,5,8,4,6,2,2,1,2,2,6,7,1,1,1,4,8,1,2,1,6,1,5,1,4,5,3,3,5,3,2,4,3,,,2,3,,,2,8,3,1,2,1,1,4,1,3,5,4,1,2,2,1,1,1,2,1,3,6,2,3,,3,,,b'\x11\xe8\xe1I\xef\x03S\xf4\x9a\xbe\x12\xdf\x17\xaeN\x1e'
11E8E149-EF03-53F4-9ABE-12DF17AE4E1E,2019-ncaa-d3-natl,ncaa,62,104,20,100,34,111,160,93,274,158,109,264,182,149,274,251,22,27,100,28,74,69,105,278,229,142,149,271,30,58,101,37,42,38,63,144,166,82,26,83,220,255,106,131,,,275,243,,,102,150,429,266,258,320,339,285,277,278,267,53,81,87,275,403,125,145,110,245,18,327,153,,103,,,114,184,203,324,100,208,311,91,241,282,153,241,159,173,159,178,140,317,279,97,84,128,218,252,169,149,42,335,101,267,63,170,140,243,285,207,25,5,255,197,,,57,60,,,102,306,113,105,92,36,56,62,79,102,115,127,76,83,86,46,13,34,132,80,70,386,3,155,,158,,,b'\x11\xe8\xe1I\xef\x03S\xf4\x9a\xbe\x12\xdf\x17\xaeN\x1e'
11E8E149-EF03-53F4-9ABE-12DF17AE4E1E,2020-ncaa-d3-conf-CCC,ncaa,2,1,4,1,4,4,4,5,2,3,5,1,9,7,8,6,4,5,4,5,5,5,6,2,2,2,8,8,5,5,2,3,1,5,1,3,2,1,3,2,7,5,8,8,,,2,6,,,2,8,8,3,2,2,6,2,4,8,7,5,5,5,6,8,4,2,4,2,1,7,9,,2,,,2,1,1,1,4,1,1,4,2,4,1,8,2,2,1,2,5,1,1,4,4,4,7,6,5,1,1,1,2,1,1,1,1,6,5,1,1,2,5,5,,,6,5,,,2,2,2,3,2,2,2,1,1,1,3,5,2,4,4,1,1,1,1,1,1,8,2,5,,6,,,b'\x11\xe8\xe1I\xef\x03S\xf4\x9a\xbe\x12\xdf\x17\xaeN\x1e'
11E8E149-EF03-53F4-9ABE-12DF17AE4E1E,2020-ncaa-d3-natl,ncaa,48,63,26,64,37,113,95,98,142,55,75,101,272,214,335,295,118,137,154,141,269,105,110,180,176,147,357,350,224,114,137,62,14,77,52,68,70,151,93,50,264,292,313,342,,,217,196,,,105,112,359,179,212,171,246,94,163,325,286,193,235,241,249,331,199,159,187,114,64,335,364,,100,,,110,184,251,294,169,283,232,272,196,325,32,310,92,141,29,143,140,264,241,154,119,149,97,212,90,60,14,227,137,136,52,93,33,227,257,136,93,55,310,217,,,84,131,,,105,318,137,107,110,61,129,107,147,91,115,222,36,69,65,74,39,17,80,35,42,339,43,235,,194,,,b'\x11\xe8\xe1I\xef\x03S\xf4\x9a\xbe\x12\xdf\x17\xaeN\x1e'
11E8E149-EF03-53F4-9ABE-12DF17AE4E1E,2021-ncaa-d3-conf-CCC,ncaa,5,2,6,3,6,6,6,6,1,5,6,1,6,6,5,6,6,6,1,6,6,6,6,2,2,2,6,6,6,6,3,6,4,6,3,6,2,1,3,1,6,3,5,2,,,1,3,,,2,6,6,1,2,2,4,1,1,6,6,4,6,6,4,6,4,5,5,1,2,5,3,,2,,,2,1,1,1,5,1,1,5,1,1,5,5,1,1,6,1,3,1,1,5,6,6,5,5,4,1,4,1,3,1,3,1,2,6,2,3,1,2,1,1,,,6,6,,,2,1,2,5,2,2,2,1,2,2,4,2,4,1,2,1,1,1,1,1,2,5,1,1,,6,,,b'\x11\xe8\xe1I\xef\x03S\xf4\x9a\xbe\x12\xdf\x17\xaeN\x1e'
11E8E149-EF03-53F4-9ABE-12DF17AE4E1E,2021-ncaa-d3-natl,ncaa,176,58,232,125,232,232,227,236,70,218,230,58,251,246,217,237,248,252,23,251,274,239,243,107,117,89,273,250,259,235,66,239,52,238,50,219,74,39,46,23,244,164,219,108,,,39,87,,,105,242,272,5,138,64,108,24,41,239,235,231,265,264,163,232,111,149,135,54,36,200,148,,40,,,91,44,42,45,119,37,41,109,58,55,197,237,42,37,257,37,63,42,42,144,136,152,209,247,77,38,52,45,66,41,50,38,33,242,161,93,35,32,16,7,,,247,247,,,105,44,75,136,91,67,82,58,58,38,197,164,52,30,27,34,12,43,49,34,29,213,18,7,,261,,,b'\x11\xe8\xe1I\xef\x03S\xf4\x9a\xbe\x12\xdf\x17\xaeN\x1e'
11E8E149-EF03-53F4-9ABE-12DF17AE4E1E,2022-ncaa-d3-conf-CCC,ncaa,6,7,3,7,4,5,5,5,4,4,3,3,5,7,3,8,1,1,7,1,3,5,5,4,4,3,7,8,1,3,2,4,1,3,2,4,4,2,3,4,10,10,5,5,,,6,10,,,4,10,9,2,5,5,6,4,4,6,7,1,1,1,6,8,3,4,3,4,3,10,6,,6,,,4,4,4,4,6,4,3,5,4,4,6,6,5,5,9,5,5,3,1,6,6,8,6,5,5,1,1,1,2,1,2,4,1,10,10,6,1,1,1,1,,,1,1,,,4,1,3,6,4,5,5,3,4,3,3,3,5,5,5,3,1,1,2,1,3,10,1,1,,1,,,b'\x11\xe8\xe1I\xef\x03S\xf4\x9a\xbe\x12\xdf\x17\xaeN\x1e'
11E8E149-EF03-53F4-9ABE-12DF17AE4E1E,2022-ncaa-d3-natl,ncaa,210,318,32,255,37,76,79,68,127,56,62,117,180,169,230,282,40,14,296,12,102,54,49,152,163,158,269,297,137,49,39,31,6,26,11,61,104,297,160,118,412,429,139,202,,,328,271,,,162,60,278,98,138,146,196,101,152,264,258,97,61,60,142,168,94,44,47,96,176,429,199,,190,,,167,366,372,390,207,377,359,266,287,374,74,279,282,296,215,301,172,389,322,194,179,301,160,194,167,62,6,244,39,155,11,215,42,368,414,346,184,85,174,88,,,14,68,,,162,365,125,239,174,205,227,256,245,208,180,283,165,169,173,229,76,14,81,26,99,422,95,103,,62,,,b'\x11\xe8\xe1I\xef\x03S\xf4\x9a\xbe\x12\xdf\x17\xaeN\x1e'
11E8E149-EF03-53F4-9ABE-12DF17AE4E1E,2023-ncaa-d3-conf-CCC,ncaa,4,5,3,5,4,4,3,5,3,2,4,3,4,4,3,5,9,8,8,8,9,5,6,2,3,3,8,5,10,1,1,5,2,2,1,2,4,1,4,2,10,10,6,5,,,3,6,,,2,9,10,2,5,3,5,3,7,4,5,9,8,8,6,8,1,4,4,2,2,10,6,,3,,,2,2,2,3,4,3,2,4,7,7,4,7,6,4,10,6,7,4,2,4,4,6,8,7,8,1,2,2,1,1,1,2,4,10,9,7,1,2,2,3,,,6,7,,,2,2,2,5,2,2,2,2,2,2,6,6,6,5,5,2,2,2,2,2,2,10,1,2,,7,,,b'\x11\xe8\xe1I\xef\x03S\xf4\x9a\xbe\x12\xdf\x17\xaeN\x1e'
11E8E149-EF03-53F4-9ABE-12DF17AE4E1E,2023-ncaa-d3-natl,ncaa,188,247,63,218,71,141,116,114,120,103,96,164,190,233,138,303,199,183,271,168,261,121,123,147,166,173,312,278,290,71,32,89,20,66,17,69,57,229,185,102,379,394,153,146,,,303,332,,,159,169,351,89,193,158,213,128,144,246,299,260,257,239,220,256,95,144,101,79,166,412,179,,228,,,165,242,188,230,148,186,186,188,230,284,116,267,360,343,331,353,354,260,195,154,199,274,310,212,365,48,20,100,32,61,17,182,176,330,358,289,138,106,213,138,,,121,167,,,159,256,140,201,168,139,100,93,105,85,173,204,324,298,301,114,47,25,36,20,124,393,101,152,,199,,,b'\x11\xe8\xe1I\xef\x03S\xf4\x9a\xbe\x12\xdf\x17\xaeN\x1e'
11E8E149-EF03-53F4-9ABE-12DF17AE4E1E,2024-ncaa-d3-conf-CCC,ncaa,1,1,3,1,3,6,5,5,3,4,6,2,7,7,6,6,7,7,6,7,9,6,7,3,3,3,9,8,9,4,3,4,1,4,2,2,1,1,3,1,9,8,5,5,,,2,6,,,1,8,10,4,6,5,7,5,6,7,6,8,8,8,9,9,5,4,4,2,1,9,5,,1,,,1,1,1,4,1,1,2,1,5,7,2,9,5,4,8,4,6,3,3,1,1,1,8,9,8,1,1,2,3,1,2,1,1,8,6,1,1,2,1,1,,,6,2,,,1,3,3,1,1,1,1,1,1,1,5,7,4,4,4,1,1,1,3,1,1,8,1,1,,8,,,b'\x11\xe8\xe1I\xef\x03S\xf4\x9a\xbe\x12\xdf\x17\xaeN\x1e'
11E8E149-EF03-53F4-9ABE-12DF17AE4E1E,2024-ncaa-d3-natl,ncaa,42,45,38,48,51,88,57,89,41,26,50,46,300,284,302,357,179,173,236,175,340,97,114,97,113,97,405,370,321,59,46,37,33,40,14,13,3,164,99,14,281,303,116,119,,,192,170,,,67,149,380,244,151,88,203,31,92,348,355,257,271,275,226,320,105,74,78,15,78,334,158,,88,,,72,147,130,266,64,106,202,51,279,320,171,303,231,210,280,209,213,253,251,72,75,100,340,333,264,120,33,151,46,125,14,116,129,204,237,133,99,64,57,17,,,77,101,,,67,284,69,81,64,47,41,73,30,66,191,207,136,119,118,63,38,51,32,32,50,310,49,21,,178,,,b'\x11\xe8\xe1I\xef\x03S\xf4\x9a\xbe\x12\xdf\x17\xaeN\x1e'
11E8E149-EF03-53F4-9ABE-12DF17AE4E1E,2025-ncaa-d3-conf-CNE,genius_ncaa,2,2,1,2,4,3,3,5,2,3,5,2,3,3,1,5,4,3,8,3,5,5,7,1,1,2,7,4,7,1,1,2,1,1,1,1,1,4,5,2,6,5,3,3,,,1,4,,5,1,8,10,6,4,4,7,4,7,3,4,6,4,4,7,10,2,3,1,1,4,8,3,,1,,4,1,1,1,1,2,1,2,3,1,2,2,5,4,4,7,2,4,1,1,2,2,3,7,5,6,1,1,1,1,1,1,1,1,6,6,1,4,5,2,2,,,3,3,,4,1,3,1,1,1,1,1,1,1,1,1,2,3,3,2,1,1,1,1,1,1,9,3,2,,3,,5,b'\x11\xe8\xe1I\xef\x03S\xf4\x9a\xbe\x12\xdf\x17\xaeN\x1e'
11E8E149-EF03-53F4-9ABE-12DF17AE4E1E,2025-ncaa-d3-natl,genius_ncaa,14,18,16,18,28,51,69,117,45,71,118,54,116,173,66,267,28,18,228,14,36,82,77,45,45,58,187,238,104,49,20,13,15,22,4,22,18,235,146,47,204,246,88,96,,,242,198,,220,46,105,383,258,124,149,340,149,273,190,283,62,50,46,271,323,100,55,57,42,110,312,124,,98,,170,56,196,129,291,41,135,289,42,185,242,127,179,354,325,330,321,277,311,284,44,70,129,315,184,366,102,15,114,20,85,4,66,52,216,274,118,157,88,72,47,,,5,17,,155,46,319,34,93,45,44,30,54,44,91,90,88,251,204,198,57,21,31,13,10,20,350,71,33,,38,,215,b'\x11\xe8\xe1I\xef\x03S\xf4\x9a\xbe\x12\xdf\x17\xaeN\x1e'
11E8E149-EF03-53F4-9ABE-12DF17AE4E1E,2026-ncaa-d3-conf-CNE,genius_ncaa,5,4,7,5,7,6,8,10,1,7,8,4,5,10,2,8,8,9,1,9,9,10,11,1,1,1,7,7,7,10,9,8,1,10,3,4,3,3,7,4,11,10,3,1,,,2,3,,4,7,9,6,1,3,5,7,3,4,3,8,4,7,7,7,10,9,4,6,3,6,10,2,,3,,7,7,5,5,3,8,5,1,8,7,6,10,10,4,5,2,5,11,4,3,9,9,10,10,11,5,2,1,2,9,2,3,4,4,11,11,8,5,8,4,7,,,8,3,,7,7,5,3,9,7,9,9,4,7,1,10,10,8,10,10,6,4,2,2,2,6,11,7,6,,5,,5,b'\x11\xe8\xe1I\xef\x03S\xf4\x9a\xbe\x12\xdf\x17\xaeN\x1e'
11E8E149-EF03-53F4-9ABE-12DF17AE4E1E,2026-ncaa-d3-natl,genius_ncaa,13,132,8,111,21,13,11,44,34,21,58,53,18,61,37,174,108,145,90,135,303,45,69,28,39,22,201,133,354,78,156,27,43,39,61,5,40,201,54,13,207,303,31,37,,,365,299,,387,56,74,390,113,107,84,253,120,252,93,205,286,331,323,292,384,243,176,207,29,23,359,84,,173,,316,89,341,301,336,146,276,280,210,334,374,133,333,393,379,324,378,345,348,331,167,215,256,335,261,345,188,43,313,156,277,61,224,74,167,295,200,103,25,320,235,,,56,126,,201,56,356,27,215,69,111,70,62,68,44,205,258,293,240,236,83,25,37,74,48,49,361,11,225,,250,,288,b'\x11\xe8\xe1I\xef\x03S\xf4\x9a\xbe\x12\xdf\x17\xaeN\x1e'
11E8E149-EF08-4B34-9ABE-12DF17AE4E1E,2018-ncaa-d3-conf-MASCAC,ncaa,1,1,1,1,3,1,1,1,4,2,1,3,1,1,1,1,3,3,2,3,5,1,1,2,2,2,1,1,6,1,3,7,7,4,7,1,3,1,1,1,1,1,4,5,,,7,7,,,1,1,1,6,1,1,1,2,1,1,1,3,3,3,1,1,1,7,6,1,1,1,4,,7,,,1,6,6,4,7,7,6,7,1,1,4,1,7,7,7,7,6,4,7,7,7,2,1,1,7,4,7,7,3,7,7,7,7,1,1,1,3,1,7,6,,,5,7,,,1,7,1,1,1,6,6,2,6,5,1,1,7,6,6,2,7,3,7,7,7,1,3,7,,5,,,b'\x11\xe8\xe1I\xef\x08K4\x9a\xbe\x12\xdf\x17\xaeN\x1e'
11E8E149-EF08-4B34-9ABE-12DF17AE4E1E,2018-ncaa-d3-natl,ncaa,80,88,68,88,107,5,4,2,248,38,33,151,2,2,227,11,77,106,98,94,299,2,3,172,202,110,52,26,400,8,136,323,423,75,401,14,224,304,13,43,1,2,279,356,,,442,263,,,51,2,2,303,1,1,2,37,44,2,2,103,137,133,2,2,11,424,99,12,216,1,319,,441,,,51,443,440,401,432,441,432,434,83,123,89,26,429,425,338,426,299,429,444,403,411,126,17,5,300,424,423,443,136,444,401,439,364,2,3,37,309,54,427,314,,,74,428,,,51,443,82,131,88,417,416,340,434,401,43,67,413,403,408,371,443,385,442,435,421,2,259,404,,111,,,b'\x11\xe8\xe1I\xef\x08K4\x9a\xbe\x12\xdf\x17\xaeN\x1e'
11E8E149-EF08-4B34-9ABE-12DF17AE4E1E,2019-ncaa-d3-conf-MASCAC,ncaa,1,1,1,1,2,1,1,1,4,3,3,4,1,1,3,1,3,3,2,3,6,1,1,4,4,3,2,1,7,1,3,7,7,2,7,2,4,1,1,1,1,1,7,7,,,7,7,,,1,1,1,4,1,1,1,3,3,1,1,3,4,4,1,1,1,7,2,2,1,1,7,,7,,,1,6,7,5,7,7,7,7,1,1,2,1,6,7,3,7,4,5,7,7,7,2,1,1,4,6,7,7,3,7,7,7,7,1,1,1,1,1,7,5,,,1,7,,,1,7,2,2,1,5,6,3,7,7,1,1,5,5,5,3,7,4,7,7,6,1,1,7,,2,,,b'\x11\xe8\xe1I\xef\x08K4\x9a\xbe\x12\xdf\x17\xaeN\x1e'
11E8E149-EF08-4B34-9ABE-12DF17AE4E1E,2019-ncaa-d3-natl,ncaa,101,134,42,125,49,2,4,1,277,36,16,224,2,1,164,10,112,118,184,120,357,1,1,181,225,119,28,11,425,2,150,289,420,42,407,6,158,323,6,23,1,3,399,431,,,440,215,,,88,1,1,183,1,1,1,50,34,1,1,192,198,206,1,1,4,422,78,4,212,1,418,,440,,,91,443,443,434,441,443,443,439,109,58,323,6,405,429,81,427,184,440,443,438,438,198,5,4,121,422,420,443,150,443,407,443,363,1,3,61,327,35,439,354,,,66,437,,,88,443,86,181,114,435,435,383,440,426,52,21,339,379,380,403,443,375,443,439,434,1,233,427,,142,,,b'\x11\xe8\xe1I\xef\x08K4\x9a\xbe\x12\xdf\x17\xaeN\x1e'
11E8E149-EF08-4B34-9ABE-12DF17AE4E1E,2020-ncaa-d3-conf-MASCAC,ncaa,2,2,4,2,4,1,1,1,4,4,5,2,1,1,3,1,5,6,4,6,4,1,1,2,2,2,1,1,7,3,4,7,6,4,7,1,3,1,1,1,1,1,4,5,,,5,3,,,2,1,1,1,1,1,1,4,5,1,1,4,7,4,1,1,2,7,4,1,1,1,4,,7,,,2,7,7,5,7,7,7,7,1,1,4,1,6,4,5,4,2,5,7,7,7,3,1,1,4,6,6,7,4,7,7,7,4,1,1,2,1,1,7,7,,,5,7,,,2,7,2,3,2,7,7,7,7,7,1,2,6,5,5,7,7,6,7,7,6,1,1,7,,4,,,b'\x11\xe8\xe1I\xef\x08K4\x9a\xbe\x12\xdf\x17\xaeN\x1e'
11E8E149-EF08-4B34-9ABE-12DF17AE4E1E,2020-ncaa-d3-natl,ncaa,202,218,126,211,146,9,20,2,330,242,187,290,2,2,163,3,134,114,270,101,109,3,4,207,240,160,3,2,398,23,264,343,425,147,423,22,139,226,9,41,2,4,192,283,,,422,143,,,194,3,2,130,2,5,2,283,222,1,2,144,112,102,2,2,17,407,165,11,209,1,201,,419,,,195,437,437,427,435,437,435,433,173,73,388,8,374,376,177,376,139,428,437,430,432,267,6,9,112,430,425,437,264,437,423,437,358,2,6,102,276,70,438,436,,,120,426,,,194,437,146,272,193,434,432,405,435,432,154,53,360,364,365,416,437,406,437,434,432,1,263,438,,131,,,b'\x11\xe8\xe1I\xef\x08K4\x9a\xbe\x12\xdf\x17\xaeN\x1e'
11E8E149-EF08-4B34-9ABE-12DF17AE4E1E,2022-ncaa-d3-conf-MASCAC,ncaa,3,3,2,3,3,1,2,1,4,4,5,2,1,1,4,1,2,2,3,2,1,1,1,3,3,3,2,2,3,1,3,5,4,3,4,2,4,2,1,2,1,1,5,5,,,5,4,,,3,1,1,4,1,1,1,4,5,1,1,2,2,2,1,1,1,6,4,1,3,1,5,,4,,,2,4,4,3,5,4,5,4,5,2,7,2,4,4,4,4,3,3,7,5,5,3,4,7,3,4,4,6,3,6,4,5,7,1,1,1,3,2,6,7,,,2,5,,,3,7,3,3,3,4,4,4,4,4,5,2,4,4,4,3,7,4,6,4,4,1,4,6,,2,,,b'\x11\xe8\xe1I\xef\x08K4\x9a\xbe\x12\xdf\x17\xaeN\x1e'
11E8E149-EF08-4B34-9ABE-12DF17AE4E1E,2022-ncaa-d3-natl,ncaa,131,210,32,178,41,6,12,2,211,91,120,94,1,1,149,12,11,7,257,7,32,2,2,108,121,120,14,15,285,6,152,133,353,38,331,9,68,412,122,92,1,3,310,380,,,413,131,,,57,2,3,115,6,11,2,155,258,1,2,38,26,27,2,2,8,318,87,8,330,1,364,,367,,,64,424,423,415,401,423,419,378,349,264,369,85,348,357,185,353,148,416,429,387,385,132,66,122,105,399,353,426,152,426,331,427,421,1,3,85,393,164,412,381,,,17,369,,,57,428,99,127,98,380,383,334,391,369,235,136,259,268,260,332,426,339,417,401,417,2,317,377,,71,,,b'\x11\xe8\xe1I\xef\x08K4\x9a\xbe\x12\xdf\x17\xaeN\x1e'
11E8E149-EF08-4B34-9ABE-12DF17AE4E1E,2023-ncaa-d3-conf-MASCAC,ncaa,2,2,1,2,1,1,2,1,6,5,4,5,1,1,5,1,1,1,4,1,1,1,1,5,5,3,1,1,1,1,4,5,5,1,5,2,5,5,2,4,1,1,7,7,,,7,6,,,2,1,1,4,3,3,1,5,5,1,1,1,1,1,1,1,1,7,4,4,5,1,7,,7,,,3,5,4,4,5,7,5,6,2,2,1,2,6,6,5,6,7,6,7,4,5,1,1,2,6,5,5,7,4,7,5,5,6,1,1,1,5,1,7,7,,,1,4,,,2,7,4,1,3,2,4,1,4,1,1,2,5,5,5,1,7,4,7,6,4,1,3,6,,1,,,b'\x11\xe8\xe1I\xef\x08K4\x9a\xbe\x12\xdf\x17\xaeN\x1e'
11E8E149-EF08-4B34-9ABE-12DF17AE4E1E,2023-ncaa-d3-natl,ncaa,90,131,33,123,45,18,23,2,320,69,31,245,11,4,292,36,56,16,377,16,128,2,2,281,305,277,77,51,308,3,43,260,392,25,312,23,128,415,167,188,1,1,333,373,,,427,305,,,61,2,4,198,15,29,3,108,65,17,6,102,37,36,3,2,3,419,56,37,368,1,377,,419,,,68,404,397,361,367,407,368,391,176,269,58,154,366,394,83,395,333,386,428,326,326,24,78,55,251,401,392,426,43,425,312,403,359,1,1,8,394,148,400,285,,,15,337,,,61,428,216,28,100,285,303,180,346,203,101,169,303,340,341,216,426,340,415,399,346,1,335,366,,26,,,b'\x11\xe8\xe1I\xef\x08K4\x9a\xbe\x12\xdf\x17\xaeN\x1e'
11E8E149-EF08-4B34-9ABE-12DF17AE4E1E,2024-ncaa-d3-conf-MASCAC,ncaa,3,3,1,3,1,1,1,1,4,2,2,3,1,1,2,1,6,6,4,6,7,1,1,3,3,3,1,1,7,1,3,6,5,4,6,1,2,1,1,1,1,1,7,6,,,6,4,,,2,1,1,3,1,1,1,2,3,1,1,6,6,6,1,1,2,6,5,1,1,1,7,,5,,,2,4,5,3,4,4,4,5,5,3,5,2,4,4,7,4,4,3,7,4,4,2,4,3,5,5,5,7,3,7,6,5,7,1,1,1,1,1,6,6,,,6,7,,,2,7,2,2,2,3,3,1,3,3,4,2,4,4,4,1,7,4,7,6,4,1,1,6,,6,,,b'\x11\xe8\xe1I\xef\x08K4\x9a\xbe\x12\xdf\x17\xaeN\x1e'
11E8E149-EF08-4B34-9ABE-12DF17AE4E1E,2024-ncaa-d3-natl,ncaa,110,139,63,133,85,15,10,1,260,40,15,213,9,2,227,47,213,160,348,158,379,2,2,225,271,201,154,55,416,2,114,310,403,70,379,6,76,305,26,43,1,1,363,384,,,397,135,,,63,3,3,203,8,6,2,32,15,4,2,259,218,217,2,2,2,402,81,3,241,2,385,,368,,,67,397,384,341,357,371,339,351,324,290,304,196,385,352,406,350,265,362,424,350,374,44,205,167,270,398,403,426,114,423,379,422,424,2,1,29,322,71,424,354,,,152,421,,,63,425,145,52,105,347,332,249,328,241,259,223,344,294,287,271,425,365,425,419,404,2,265,421,,233,,,b'\x11\xe8\xe1I\xef\x08K4\x9a\xbe\x12\xdf\x17\xaeN\x1e'
11E8E149-EF08-4B34-9ABE-12DF17AE4E1E,2025-ncaa-d3-conf-MASCAC,genius_ncaa,2,2,1,2,3,1,1,1,5,2,1,5,1,1,5,1,6,6,6,6,6,1,1,5,5,4,3,1,6,2,6,6,5,4,6,2,3,2,2,2,1,1,4,4,,,6,5,,1,3,1,1,4,1,1,1,3,1,1,1,6,6,6,1,1,2,6,6,2,2,1,4,,6,,1,3,5,5,3,5,5,5,5,2,2,5,1,6,6,2,6,6,3,6,5,5,2,2,2,5,5,5,6,6,6,6,6,6,1,1,1,2,1,6,4,,,6,6,,1,3,6,4,2,4,5,4,2,4,4,2,1,6,6,6,2,5,5,6,5,6,1,2,5,,6,,1,b'\x11\xe8\xe1I\xef\x08K4\x9a\xbe\x12\xdf\x17\xaeN\x1e'
11E8E149-EF08-4B34-9ABE-12DF17AE4E1E,2025-ncaa-d3-natl,genius_ncaa,121,118,116,129,184,36,31,3,298,45,19,233,41,4,344,78,206,143,343,140,354,3,3,288,320,265,222,129,385,15,221,299,400,106,398,38,123,309,68,104,2,2,190,251,,,412,259,,9,124,3,3,380,14,10,2,23,13,35,4,231,152,147,2,2,11,377,99,20,278,2,208,,410,,7,129,397,373,339,332,368,337,304,278,249,293,119,407,410,144,410,367,377,418,312,334,50,232,124,351,408,400,418,221,417,398,414,414,2,2,37,278,63,349,174,,,140,410,,392,124,417,243,70,159,364,330,288,334,318,249,206,400,404,402,346,416,384,417,413,396,2,253,329,,161,,396,b'\x11\xe8\xe1I\xef\x08K4\x9a\xbe\x12\xdf\x17\xaeN\x1e'
11E8E149-EF08-4B34-9ABE-12DF17AE4E1E,2026-ncaa-d3-natl,genius_ncaa,157,68,327,116,337,267,247,200,310,262,247,244,188,109,332,79,333,245,402,245,215,206,233,302,338,295,206,136,345,269,348,362,341,348,400,327,376,133,133,280,33,12,364,366,,,210,258,,197,236,222,3,113,64,55,2,96,50,78,6,245,81,85,2,2,117,307,221,235,286,2,340,,400,,291,243,173,198,105,373,249,164,361,67,56,194,50,174,135,281,134,170,104,187,347,350,135,42,44,199,159,341,306,348,266,400,332,404,30,7,135,144,136,260,310,,,281,322,,323,236,196,306,134,240,372,379,331,391,379,132,110,324,307,305,337,414,320,414,406,404,2,274,377,,80,,313,b'\x11\xe8\xe1I\xef\x08K4\x9a\xbe\x12\xdf\x17\xaeN\x1e'
11E8E149-EF0C-E680-9ABE-12DF17AE4E1E,2018-ncaa-d3-conf-SLIAC,ncaa,4,4,1,4,1,4,4,1,6,3,2,6,3,1,8,5,1,1,3,1,3,1,1,7,6,6,4,6,1,1,1,2,1,1,1,4,6,7,4,6,8,8,6,6,,,3,2,,,4,3,5,1,4,5,1,5,2,5,2,1,1,1,1,1,1,2,1,6,7,8,6,,1,,,5,7,9,8,7,9,9,7,1,3,2,2,4,4,6,4,1,8,7,5,5,6,1,1,3,1,1,3,1,2,1,3,1,6,6,6,7,3,9,7,,,1,4,,,4,7,4,6,5,5,7,5,8,7,1,1,4,4,4,5,4,1,1,1,2,8,6,8,,1,,,b'\x11\xe8\xe1I\xef\x0c\xe6\x80\x9a\xbe\x12\xdf\x17\xaeN\x1e'
11E8E149-EF0C-E680-9ABE-12DF17AE4E1E,2018-ncaa-d3-natl,ncaa,196,172,305,187,306,143,207,131,292,202,192,240,188,88,338,141,25,24,150,27,15,93,112,290,234,197,108,240,21,9,2,203,19,45,2,228,284,173,104,219,361,362,279,286,,,101,134,,,179,250,141,18,49,129,30,145,114,149,53,2,2,3,14,19,3,86,4,186,231,365,276,,131,,,178,285,309,178,357,311,177,383,279,263,269,282,202,145,393,138,177,167,122,359,368,380,184,237,156,20,19,50,2,29,2,145,54,368,360,291,128,79,368,364,,,68,100,,,179,201,67,322,176,349,352,308,338,260,305,302,246,183,181,292,222,31,77,45,208,355,173,393,,6,,,b'\x11\xe8\xe1I\xef\x0c\xe6\x80\x9a\xbe\x12\xdf\x17\xaeN\x1e'
11E8E149-EF0C-E680-9ABE-12DF17AE4E1E,2019-ncaa-d3-conf-SLIAC,ncaa,3,3,3,3,4,1,2,3,2,4,5,1,1,1,1,3,5,5,4,5,5,3,4,1,1,1,2,2,10,2,1,2,1,1,1,3,6,4,2,3,7,7,9,9,,,3,3,,,3,4,6,8,1,2,2,4,7,1,1,6,7,7,2,2,2,3,1,3,2,7,9,,2,,,3,8,8,7,8,9,9,7,5,4,8,4,6,6,9,6,3,6,5,7,7,8,3,3,7,1,1,1,1,1,1,2,1,7,7,6,5,4,6,6,,,5,8,,,3,7,1,5,3,5,6,6,6,6,4,4,6,4,4,4,1,1,1,1,3,7,4,5,,7,,,b'\x11\xe8\xe1I\xef\x0c\xe6\x80\x9a\xbe\x12\xdf\x17\xaeN\x1e'
11E8E149-EF0C-E680-9ABE-12DF17AE4E1E,2019-ncaa-d3-natl,ncaa,118,72,317,90,338,70,70,145,46,158,340,12,19,21,80,29,219,236,172,237,118,156,190,18,23,24,72,45,371,70,12,228,1,140,4,70,140,130,98,49,295,269,404,406,,,110,180,,,85,252,86,241,10,13,32,85,305,10,11,157,171,173,37,47,39,114,39,21,189,277,405,,161,,,72,249,284,122,390,315,157,398,168,154,253,207,229,169,408,166,205,112,91,377,388,399,131,142,207,5,1,24,12,10,4,191,102,340,299,297,217,201,151,244,,,275,319,,,85,195,11,292,76,334,342,243,349,244,219,209,284,225,222,238,173,2,33,11,251,310,261,193,,199,,,b'\x11\xe8\xe1I\xef\x0c\xe6\x80\x9a\xbe\x12\xdf\x17\xaeN\x1e'
11E8E149-EF0C-E680-9ABE-12DF17AE4E1E,2020-ncaa-d3-conf-SLIAC,ncaa,5,5,5,5,5,4,4,4,6,4,4,6,2,2,5,3,6,6,4,6,7,4,6,6,6,4,3,3,8,4,4,6,2,5,4,5,4,1,1,3,6,5,5,4,,,7,9,,,5,7,4,3,3,3,1,4,2,2,2,5,6,6,1,5,4,4,3,3,1,6,4,,8,,,5,3,1,2,5,5,4,4,3,2,3,4,8,8,4,8,9,3,1,4,6,6,5,4,8,2,2,6,4,4,4,3,3,7,7,5,1,1,8,5,,,7,8,,,5,4,4,6,5,5,5,5,5,6,3,3,9,9,9,5,4,2,6,5,3,7,1,8,,6,,,b'\x11\xe8\xe1I\xef\x0c\xe6\x80\x9a\xbe\x12\xdf\x17\xaeN\x1e'
11E8E149-EF0C-E680-9ABE-12DF17AE4E1E,2020-ncaa-d3-natl,ncaa,215,218,198,221,231,93,98,76,176,188,189,198,28,48,51,80,189,279,42,278,305,114,130,119,115,80,76,47,343,251,268,263,177,264,263,98,144,119,73,54,121,145,204,203,,,329,295,,,159,90,43,118,39,46,23,165,155,20,38,177,275,274,36,70,226,266,269,53,134,107,205,,358,,,158,353,298,221,312,278,179,330,294,285,262,272,378,373,251,371,376,255,313,320,340,294,295,242,323,128,177,268,268,219,263,263,206,115,129,177,216,186,327,299,,,302,385,,,159,348,112,250,165,343,306,258,282,203,300,309,385,383,378,298,355,147,290,247,271,87,235,326,,319,,,b'\x11\xe8\xe1I\xef\x0c\xe6\x80\x9a\xbe\x12\xdf\x17\xaeN\x1e'
11E8E149-EF0C-E680-9ABE-12DF17AE4E1E,2021-ncaa-d3-conf-SLIAC,ncaa,2,2,5,2,5,3,2,2,2,2,2,4,2,5,1,6,6,5,7,6,7,2,4,2,2,2,6,5,8,2,2,2,1,2,1,4,7,1,1,3,7,7,6,6,,,6,8,,,2,5,4,1,2,1,1,2,2,1,5,6,5,6,1,1,1,1,1,4,1,8,6,,6,,,2,3,3,3,1,3,3,3,4,7,1,7,6,6,3,6,8,3,2,1,1,3,8,5,7,1,1,3,2,2,1,2,2,7,6,3,2,2,5,3,,,6,6,,,2,4,2,2,2,2,2,3,2,2,4,7,6,7,6,4,1,1,2,1,2,7,2,6,,3,,,b'\x11\xe8\xe1I\xef\x0c\xe6\x80\x9a\xbe\x12\xdf\x17\xaeN\x1e'
11E8E149-EF0C-E680-9ABE-12DF17AE4E1E,2021-ncaa-d3-natl,ncaa,25,92,47,64,49,22,18,27,27,18,22,52,24,59,9,192,61,56,173,53,225,29,38,23,34,15,189,123,251,31,27,32,13,31,14,37,236,198,30,54,111,240,125,198,,,239,200,,,33,41,32,46,6,5,11,12,11,35,117,137,116,112,16,23,46,26,22,61,71,223,201,,214,,,48,250,246,245,174,248,243,223,223,249,72,200,244,248,98,246,199,246,238,171,162,200,123,107,169,160,13,202,27,185,14,233,103,86,224,193,218,92,191,56,,,52,186,,,33,245,18,157,57,209,200,220,199,157,172,233,210,226,217,226,191,28,45,25,169,199,132,111,,99,,,b'\x11\xe8\xe1I\xef\x0c\xe6\x80\x9a\xbe\x12\xdf\x17\xaeN\x1e'
11E8E149-EF0C-E680-9ABE-12DF17AE4E1E,2022-ncaa-d3-conf-SLIAC,ncaa,2,2,1,2,1,2,2,1,3,2,2,3,2,2,3,5,1,1,1,1,5,1,1,3,3,3,5,5,5,2,2,1,1,1,1,4,6,7,2,4,2,2,4,6,,,6,5,,,2,1,3,3,2,2,2,2,4,2,3,1,2,2,2,2,3,3,1,4,2,2,5,,5,,,2,4,3,6,2,6,7,4,2,6,1,4,6,6,3,6,6,7,8,2,2,2,3,2,6,1,1,4,2,1,1,3,2,2,2,2,6,4,1,1,,,1,4,,,2,8,2,2,2,2,2,2,3,4,2,3,5,6,6,2,4,1,2,1,1,2,4,1,,2,,,b'\x11\xe8\xe1I\xef\x0c\xe6\x80\x9a\xbe\x12\xdf\x17\xaeN\x1e'
11E8E149-EF0C-E680-9ABE-12DF17AE4E1E,2022-ncaa-d3-natl,ncaa,96,95,107,105,159,35,35,47,65,52,77,85,60,87,46,179,80,104,86,92,221,45,54,63,62,50,185,154,273,115,146,143,131,136,139,110,338,221,88,127,53,76,340,366,,,237,121,,,94,43,30,268,13,17,22,49,84,56,98,87,123,115,23,42,149,197,168,114,175,57,369,,182,,,97,372,381,343,309,364,275,354,369,379,204,336,225,248,133,247,206,332,356,321,300,266,195,281,92,176,131,251,146,220,139,296,112,92,165,169,300,204,130,60,,,131,295,,,94,381,54,227,113,318,338,315,312,217,338,359,182,212,214,308,340,122,190,153,248,115,262,91,,173,,,b'\x11\xe8\xe1I\xef\x0c\xe6\x80\x9a\xbe\x12\xdf\x17\xaeN\x1e'
11E8E149-EF0C-E680-9ABE-12DF17AE4E1E,2023-ncaa-d3-conf-SLIAC,ncaa,2,3,1,3,1,3,3,2,5,2,2,6,2,2,4,6,1,1,2,1,2,1,1,5,5,4,2,3,1,1,3,1,1,1,2,4,7,7,1,4,5,5,6,7,,,6,4,,,4,1,8,2,4,6,3,5,3,4,4,1,1,1,3,4,3,3,3,6,2,5,6,,4,,,4,7,6,7,4,6,6,5,2,5,2,5,4,5,1,5,4,7,8,3,2,3,2,2,5,5,1,8,3,7,2,4,1,3,6,2,7,4,8,8,,,1,1,,,4,8,4,3,4,3,4,4,6,5,2,4,4,4,4,4,2,3,4,5,2,6,4,8,,2,,,b'\x11\xe8\xe1I\xef\x0c\xe6\x80\x9a\xbe\x12\xdf\x17\xaeN\x1e'
11E8E149-EF0C-E680-9ABE-12DF17AE4E1E,2023-ncaa-d3-natl,ncaa,132,131,109,138,115,80,101,94,141,112,117,160,124,138,135,229,26,42,36,39,91,78,81,142,109,109,163,225,74,84,125,216,232,148,203,212,350,214,128,225,114,150,365,387,,,317,238,,,203,91,137,32,62,96,91,109,125,137,157,23,49,44,58,82,90,284,177,239,190,126,382,,294,,,203,398,397,290,410,403,311,415,230,213,259,139,324,334,153,333,275,313,332,401,397,368,84,98,182,237,232,279,125,275,203,266,53,112,149,166,303,239,382,322,,,48,98,,,203,338,97,336,204,354,361,244,377,260,202,173,310,323,323,258,281,194,233,221,222,113,271,373,,50,,,b'\x11\xe8\xe1I\xef\x0c\xe6\x80\x9a\xbe\x12\xdf\x17\xaeN\x1e'
11E8E149-EF0C-E680-9ABE-12DF17AE4E1E,2024-ncaa-d3-conf-SLIAC,ncaa,2,2,1,2,3,3,3,5,3,3,4,3,6,6,5,6,6,5,7,6,6,5,4,3,3,3,7,6,6,3,2,1,1,2,1,3,8,7,5,3,4,4,7,7,,,4,4,,,3,4,6,5,3,3,5,3,4,6,7,6,5,6,5,7,4,3,2,3,6,4,8,,2,,,3,2,3,2,4,4,4,4,4,6,3,6,4,4,8,3,6,2,4,4,4,3,7,6,7,1,1,2,2,1,1,1,3,4,3,3,6,6,5,6,,,1,2,,,3,6,3,2,3,2,3,2,3,3,3,4,2,2,2,2,1,1,1,1,1,4,6,5,,4,,,b'\x11\xe8\xe1I\xef\x0c\xe6\x80\x9a\xbe\x12\xdf\x17\xaeN\x1e'
11E8E149-EF0C-E680-9ABE-12DF17AE4E1E,2024-ncaa-d3-natl,ncaa,129,115,200,127,206,86,80,147,29,58,118,25,216,241,167,303,114,87,264,92,159,127,102,50,55,107,334,318,247,115,61,147,56,122,49,140,324,341,281,227,104,108,343,357,,,237,210,,,114,111,78,25,33,26,98,22,79,216,242,91,65,69,73,42,74,88,69,118,330,98,354,,253,,,109,262,243,171,295,298,225,301,105,110,159,106,333,344,251,337,319,201,257,261,290,230,154,66,325,88,56,102,61,80,49,93,22,90,95,54,369,330,181,126,,,81,120,,,114,306,97,165,125,276,259,193,293,248,110,110,348,351,349,227,294,82,113,81,102,77,364,191,,41,,,b'\x11\xe8\xe1I\xef\x0c\xe6\x80\x9a\xbe\x12\xdf\x17\xaeN\x1e'
11E8E149-EF0C-E680-9ABE-12DF17AE4E1E,2025-ncaa-d3-conf-SLIAC,genius_ncaa,2,1,4,2,4,2,3,4,3,3,4,3,2,4,1,6,3,4,6,4,7,4,4,2,2,2,5,5,7,6,6,1,1,1,2,4,9,2,1,4,4,4,3,2,,,5,5,,5,2,5,2,1,2,3,2,4,4,3,3,3,3,3,1,3,6,1,1,4,3,4,3,,5,,5,2,2,3,6,2,4,8,2,2,4,1,6,6,4,6,4,5,6,6,1,1,2,5,4,6,5,1,8,6,5,2,1,1,4,4,3,2,2,2,2,,,3,4,,2,2,6,2,2,2,3,5,6,6,7,3,5,5,4,4,7,7,4,6,6,2,4,2,3,,2,,1,b'\x11\xe8\xe1I\xef\x0c\xe6\x80\x9a\xbe\x12\xdf\x17\xaeN\x1e'
11E8E149-EF0C-E680-9ABE-12DF17AE4E1E,2025-ncaa-d3-natl,genius_ncaa,68,44,192,53,281,57,60,64,65,48,55,108,163,211,97,310,48,40,222,43,157,57,57,96,94,98,275,291,171,115,189,48,137,61,147,160,370,286,171,224,57,73,50,75,,,307,190,,236,47,45,10,363,15,19,20,18,24,154,197,27,21,27,15,14,88,13,19,138,287,41,42,,345,,251,39,182,138,312,36,195,314,62,85,229,28,132,352,369,137,364,297,340,371,35,46,31,202,84,370,275,137,334,189,326,147,116,119,47,70,30,319,226,308,194,,,41,87,,56,47,371,112,33,56,200,166,332,209,344,99,229,359,376,372,355,395,288,349,328,124,31,309,318,,10,,50,b'\x11\xe8\xe1I\xef\x0c\xe6\x80\x9a\xbe\x12\xdf\x17\xaeN\x1e'
11E8E149-EF0C-E680-9ABE-12DF17AE4E1E,2026-ncaa-d3-conf-SLIAC,genius_ncaa,2,3,1,3,3,6,5,5,3,2,5,5,8,9,6,9,6,6,8,6,8,6,6,4,5,6,9,8,6,5,5,3,2,4,2,3,2,7,8,5,9,9,3,3,,,4,2,,4,5,6,9,3,9,8,8,4,6,9,9,8,8,8,9,9,8,3,4,4,7,9,4,,1,,3,5,4,6,5,5,4,6,5,6,5,4,5,2,3,2,3,2,4,4,4,4,4,4,7,1,4,2,5,5,4,2,4,2,8,8,5,7,8,4,3,,,4,4,,4,5,5,7,3,5,2,4,5,3,5,6,5,1,1,1,4,1,2,2,2,3,9,7,2,,6,,4,b'\x11\xe8\xe1I\xef\x0c\xe6\x80\x9a\xbe\x12\xdf\x17\xaeN\x1e'
11E8E149-EF0C-E680-9ABE-12DF17AE4E1E,2026-ncaa-d3-natl,genius_ncaa,288,366,42,332,64,214,196,95,353,141,68,328,295,183,380,292,202,168,309,164,313,97,60,369,374,379,347,338,211,109,270,42,172,66,232,169,161,388,349,338,158,291,100,196,,,298,121,,156,391,53,96,113,362,340,224,257,148,364,295,318,279,280,255,135,206,95,134,286,358,252,168,,161,,123,370,386,384,384,301,366,361,276,393,377,335,295,299,314,188,311,171,382,370,325,301,331,253,329,104,328,172,370,270,363,232,372,217,148,319,325,395,366,242,161,,,61,166,,30,391,369,379,318,367,342,343,336,302,275,365,338,207,199,201,330,297,227,335,299,319,280,371,164,,135,,59,b'\x11\xe8\xe1I\xef\x0c\xe6\x80\x9a\xbe\x12\xdf\x17\xaeN\x1e'
11E8E149-EF11-8852-9ABE-12DF17AE4E1E,2018-ncaa-d3-conf-PAC,ncaa,8,9,7,9,7,9,9,9,8,9,9,9,8,8,8,6,8,8,10,8,3,9,7,9,9,10,3,6,1,8,8,6,7,7,7,7,3,10,10,9,7,7,3,2,,,9,9,,,7,7,3,3,10,10,10,9,9,8,8,9,7,6,10,7,8,6,7,8,10,7,2,,9,,,7,6,4,6,4,4,5,4,6,8,5,6,10,10,5,10,9,7,4,4,6,6,7,7,9,8,7,5,8,8,7,6,7,5,7,5,9,9,5,9,,,9,6,,,7,4,10,6,7,6,6,7,6,6,6,8,10,10,10,7,7,8,7,7,7,6,9,7,,9,,,b'\x11\xe8\xe1I\xef\x11\x88R\x9a\xbe\x12\xdf\x17\xaeN\x1e'
11E8E149-EF11-8852-9ABE-12DF17AE4E1E,2018-ncaa-d3-natl,ncaa,346,379,197,361,256,358,375,392,326,382,379,349,264,314,173,187,246,274,169,259,87,382,311,305,281,373,90,144,67,399,369,212,165,316,251,286,49,421,429,390,268,271,75,62,,,324,381,,,380,261,230,286,395,403,436,401,410,263,312,250,278,265,432,345,418,179,339,306,416,278,76,,359,,,374,244,133,158,164,102,114,147,324,303,314,309,404,395,308,395,422,209,172,212,271,314,418,331,409,166,165,140,369,141,251,233,341,316,329,313,414,417,116,236,,,335,298,,,380,186,386,292,374,261,159,183,109,122,327,306,412,408,404,236,195,181,160,160,248,340,403,107,,356,,,b'\x11\xe8\xe1I\xef\x11\x88R\x9a\xbe\x12\xdf\x17\xaeN\x1e'
11E8E149-EF11-8852-9ABE-12DF17AE4E1E,2019-ncaa-d3-conf-PAC,ncaa,6,6,2,6,2,6,6,6,6,5,5,8,3,5,1,4,6,5,8,5,5,5,2,5,6,8,3,3,6,7,7,1,7,2,7,2,1,9,7,5,7,8,1,2,,,8,9,,,8,2,2,1,7,5,6,7,6,4,5,8,6,6,6,3,8,1,3,2,8,8,1,,9,,,8,7,6,8,3,6,8,3,4,5,2,4,9,9,4,9,7,8,8,2,2,5,6,3,9,8,7,7,7,7,7,5,3,7,7,4,7,7,5,5,,,6,7,,,8,8,8,4,8,6,5,8,5,8,4,4,9,9,9,9,9,9,7,8,5,7,7,5,,7,,,b'\x11\xe8\xe1I\xef\x11\x88R\x9a\xbe\x12\xdf\x17\xaeN\x1e'
11E8E149-EF11-8852-9ABE-12DF17AE4E1E,2019-ncaa-d3-natl,ncaa,282,331,129,313,150,237,245,253,250,267,241,300,145,207,81,208,239,210,284,203,174,237,172,222,234,286,126,126,237,371,411,46,104,147,257,101,6,381,365,218,349,397,83,105,,,359,314,,,337,117,120,95,284,293,325,323,289,157,239,258,236,233,315,212,401,20,152,88,355,383,87,,354,,,328,369,311,365,148,255,312,163,357,359,233,277,395,392,300,393,342,381,328,173,205,286,343,270,339,256,104,370,411,342,257,230,126,307,384,295,366,347,130,144,,,219,254,,,337,331,331,269,321,316,267,347,228,284,319,334,382,374,378,374,312,232,343,307,200,353,342,112,,249,,,b'\x11\xe8\xe1I\xef\x11\x88R\x9a\xbe\x12\xdf\x17\xaeN\x1e'
11E8E149-EF11-8852-9ABE-12DF17AE4E1E,2020-ncaa-d3-conf-PAC,ncaa,3,3,2,3,3,5,5,7,3,5,5,2,8,8,8,7,2,2,1,2,2,7,6,5,2,4,6,9,1,7,8,1,2,3,3,5,1,5,6,5,6,6,1,1,,,6,6,,,3,5,5,5,5,5,7,4,6,9,8,2,2,2,7,7,7,1,3,4,5,6,1,,7,,,3,3,2,6,1,1,7,1,3,3,3,2,8,8,8,8,4,7,5,1,1,2,7,4,9,6,2,4,8,5,3,1,1,5,6,3,5,5,2,2,,,3,2,,,3,5,6,2,3,2,2,6,1,7,2,3,8,7,7,6,4,6,3,4,1,5,5,2,,3,,,b'\x11\xe8\xe1I\xef\x11\x88R\x9a\xbe\x12\xdf\x17\xaeN\x1e'
11E8E149-EF11-8852-9ABE-12DF17AE4E1E,2020-ncaa-d3-natl,ncaa,101,85,126,96,158,158,174,232,124,135,198,103,248,249,229,280,58,91,74,83,82,199,188,148,109,138,245,315,69,255,245,36,57,84,86,107,52,251,253,148,129,140,13,14,,,229,205,,,92,166,206,215,164,193,293,144,235,268,272,47,87,80,248,239,288,17,77,104,233,137,11,,215,,,90,83,54,250,12,69,271,9,151,215,85,186,316,273,394,266,222,258,253,17,24,44,350,249,379,196,57,197,245,192,86,20,23,210,241,32,306,302,113,103,,,212,221,,,92,276,167,43,87,69,41,220,52,241,136,194,286,246,243,216,205,173,158,158,13,234,288,92,,239,,,b'\x11\xe8\xe1I\xef\x11\x88R\x9a\xbe\x12\xdf\x17\xaeN\x1e'
11E8E149-EF11-8852-9ABE-12DF17AE4E1E,2021-ncaa-d3-conf-PAC,ncaa,4,4,1,4,2,3,4,4,4,3,4,5,6,6,4,7,3,2,5,2,5,4,4,5,5,5,7,8,4,3,3,2,2,2,2,3,2,9,8,4,7,9,3,4,,,6,5,,,6,3,6,9,5,5,6,4,5,7,8,4,2,3,6,5,6,3,6,3,7,9,3,,2,,,6,9,10,9,9,9,8,10,6,9,5,5,8,4,10,5,2,9,7,8,8,10,4,3,4,4,2,6,3,4,2,5,4,9,10,8,10,8,1,1,,,5,6,,,6,8,5,8,6,7,6,6,7,7,5,6,7,4,3,6,2,2,4,2,5,10,8,1,,6,,,b'\x11\xe8\xe1I\xef\x11\x88R\x9a\xbe\x12\xdf\x17\xaeN\x1e'
11E8E149-EF11-8852-9ABE-12DF17AE4E1E,2021-ncaa-d3-natl,ncaa,80,149,81,118,108,81,82,91,81,76,89,80,103,104,129,174,93,87,163,90,142,92,85,93,95,132,190,177,157,53,43,73,54,64,33,59,56,221,205,119,133,212,60,76,,,159,71,,,173,91,102,269,88,82,118,68,101,145,158,129,110,115,105,72,55,51,43,49,214,203,67,,72,,,158,216,223,210,214,228,195,252,199,224,93,229,173,153,246,156,81,206,190,207,209,240,91,131,74,159,54,167,43,159,33,186,53,155,244,216,250,245,98,32,,,111,213,,,173,194,102,217,158,221,232,224,235,164,195,239,126,88,90,212,142,75,76,75,146,252,253,34,,178,,,b'\x11\xe8\xe1I\xef\x11\x88R\x9a\xbe\x12\xdf\x17\xaeN\x1e'
11E8E149-EF11-8852-9ABE-12DF17AE4E1E,2022-ncaa-d3-conf-PAC,ncaa,2,2,1,2,2,4,4,4,2,2,2,2,7,8,2,9,6,8,3,8,10,5,4,2,2,2,8,7,9,8,8,1,1,4,1,3,6,5,5,3,5,5,6,6,,,2,1,,,3,4,7,4,4,4,7,2,4,8,9,8,10,10,9,8,10,1,6,5,4,5,6,,1,,,3,6,6,8,2,5,6,4,9,10,2,10,4,4,8,4,4,8,7,2,2,4,10,10,3,4,1,5,8,6,1,7,8,5,6,7,6,5,2,1,,,7,7,,,3,7,3,4,3,3,4,5,3,4,7,9,3,3,3,4,4,3,3,3,6,8,4,1,,9,,,b'\x11\xe8\xe1I\xef\x11\x88R\x9a\xbe\x12\xdf\x17\xaeN\x1e'
11E8E149-EF11-8852-9ABE-12DF17AE4E1E,2022-ncaa-d3-natl,ncaa,76,156,13,122,28,80,68,65,104,49,41,142,162,201,108,301,120,185,45,205,357,77,66,128,113,136,305,279,260,189,295,16,154,53,187,72,149,302,191,131,100,176,132,201,,,130,31,,,156,44,304,290,189,160,271,125,162,263,324,244,335,351,302,346,327,62,186,148,143,188,214,,19,,,165,359,350,415,91,291,368,106,397,416,166,357,232,208,306,223,109,409,391,112,96,160,304,354,124,359,154,375,295,380,187,387,361,191,322,332,287,202,104,31,,,150,293,,,156,388,161,169,164,133,148,274,113,163,301,342,96,64,72,212,139,222,170,186,274,336,173,36,,356,,,b'\x11\xe8\xe1I\xef\x11\x88R\x9a\xbe\x12\xdf\x17\xaeN\x1e'
11E8E149-EF11-8852-9ABE-12DF17AE4E1E,2023-ncaa-d3-conf-PAC,ncaa,5,6,3,6,3,6,7,8,2,5,4,5,6,10,3,8,7,8,6,8,10,8,11,3,3,5,8,8,8,9,6,3,1,4,2,6,4,7,8,7,11,10,7,7,,,1,1,,,5,8,10,3,8,7,11,6,5,8,9,9,9,9,11,11,10,4,9,7,6,11,7,,1,,,5,4,5,6,4,5,7,4,5,7,5,7,1,1,7,1,1,5,1,4,3,6,3,7,2,1,1,1,6,1,2,6,5,10,10,9,7,8,5,5,,,9,8,,,5,3,6,5,5,3,5,6,5,5,5,6,1,1,1,3,1,1,1,1,6,11,7,5,,10,,,b'\x11\xe8\xe1I\xef\x11\x88R\x9a\xbe\x12\xdf\x17\xaeN\x1e'
11E8E149-EF11-8852-9ABE-12DF17AE4E1E,2023-ncaa-d3-natl,ncaa,132,171,63,160,105,187,155,170,144,136,113,206,213,287,87,315,297,317,238,318,398,196,170,158,193,226,333,258,369,185,175,30,30,67,40,101,100,293,268,179,297,329,205,252,,,25,10,,,158,176,328,405,279,211,293,176,160,269,338,361,381,381,334,338,240,30,103,133,216,368,242,,5,,,162,132,243,373,63,225,325,83,260,348,82,315,23,24,136,22,10,307,222,67,33,106,111,312,22,116,30,157,175,126,40,259,228,344,378,340,358,334,302,231,,,312,382,,,158,261,221,84,158,65,142,267,135,213,205,282,6,7,7,167,72,71,70,55,181,401,297,251,,401,,,b'\x11\xe8\xe1I\xef\x11\x88R\x9a\xbe\x12\xdf\x17\xaeN\x1e'
11E8E149-EF11-8852-9ABE-12DF17AE4E1E,2024-ncaa-d3-conf-PAC,ncaa,7,5,7,7,7,9,8,9,6,7,7,8,9,10,6,8,7,7,9,7,8,9,10,7,7,7,8,8,6,8,5,5,1,7,3,6,5,2,6,5,10,8,8,7,,,4,8,,,7,11,11,5,9,8,8,7,5,9,9,7,8,8,9,8,8,6,7,6,5,9,8,,4,,,7,1,1,1,4,1,2,3,3,1,6,4,9,7,11,7,11,2,1,4,4,5,10,7,10,1,1,2,5,1,3,1,6,9,5,4,2,6,4,5,,,9,6,,,7,1,8,5,6,1,1,1,2,2,3,2,9,8,8,2,1,1,3,3,2,7,3,5,,8,,,b'\x11\xe8\xe1I\xef\x11\x88R\x9a\xbe\x12\xdf\x17\xaeN\x1e'
11E8E149-EF11-8852-9ABE-12DF17AE4E1E,2024-ncaa-d3-natl,ncaa,203,185,296,192,328,264,235,263,196,182,174,231,312,334,214,332,310,303,272,305,349,279,318,232,246,214,347,313,290,202,142,153,28,170,66,188,100,76,141,124,323,288,186,144,,,86,179,,,178,348,295,244,249,203,177,139,91,299,325,294,290,293,201,266,149,46,77,139,120,316,163,,124,,,174,67,51,87,70,39,74,73,186,198,174,312,198,130,408,137,250,75,60,84,109,160,368,324,319,34,28,112,142,59,66,90,234,350,312,243,99,153,221,208,,,358,352,,,178,90,212,127,169,109,84,147,71,122,238,279,248,181,184,139,82,47,182,105,137,348,135,275,,359,,,b'\x11\xe8\xe1I\xef\x11\x88R\x9a\xbe\x12\xdf\x17\xaeN\x1e'
11E8E149-EF11-8852-9ABE-12DF17AE4E1E,2025-ncaa-d3-conf-PAC,genius_ncaa,9,9,6,9,8,10,10,11,8,11,11,9,8,9,4,6,10,10,8,10,6,11,11,8,9,9,2,1,8,11,11,6,9,11,9,8,1,8,10,8,11,11,10,10,,,1,1,,3,9,11,6,5,10,10,11,11,11,7,9,10,10,10,11,11,11,5,11,8,8,11,10,,1,,4,9,8,9,9,8,8,9,8,9,8,3,9,2,3,4,3,2,8,5,8,7,9,2,6,3,9,9,5,11,7,9,8,6,11,11,9,9,10,5,9,,,10,6,,5,9,1,9,9,9,8,9,9,8,9,9,9,2,3,3,8,8,9,7,8,8,11,9,6,,9,,4,b'\x11\xe8\xe1I\xef\x11\x88R\x9a\xbe\x12\xdf\x17\xaeN\x1e'
11E8E149-EF11-8852-9ABE-12DF17AE4E1E,2025-ncaa-d3-natl,genius_ncaa,359,384,192,367,248,310,304,292,288,333,286,352,139,206,68,141,360,361,300,360,324,310,278,258,281,313,92,44,347,402,415,82,285,254,376,213,51,315,345,278,395,409,243,303,,,42,11,,53,374,180,113,258,336,326,313,358,313,124,192,385,380,374,348,281,416,26,255,204,310,406,240,,27,,51,369,392,405,402,322,399,365,357,364,392,162,331,80,84,187,85,31,385,300,314,268,366,73,262,22,368,285,383,415,391,376,366,183,390,413,399,380,383,325,362,,,357,365,,309,374,249,349,379,368,376,387,399,388,372,351,385,74,82,82,392,327,360,382,377,351,405,368,332,,388,,318,b'\x11\xe8\xe1I\xef\x11\x88R\x9a\xbe\x12\xdf\x17\xaeN\x1e'
11E8E149-EF11-8852-9ABE-12DF17AE4E1E,2026-ncaa-d3-conf-PAC,genius_ncaa,5,5,1,5,3,9,8,10,6,9,8,6,7,7,7,5,12,12,9,12,12,12,12,6,7,7,10,5,12,12,12,12,12,12,12,4,3,6,8,4,2,2,2,3,,,2,3,,7,7,11,9,3,9,8,10,9,8,7,7,12,12,12,12,12,12,12,12,4,6,2,2,,2,,7,7,3,5,3,8,9,8,9,1,1,1,1,2,3,4,3,3,2,6,4,4,4,1,1,4,8,12,7,12,7,12,5,9,1,1,2,5,6,9,10,,,12,12,,6,7,4,9,4,7,3,5,3,9,8,1,1,2,3,3,2,6,8,7,7,5,1,5,9,,12,,6,b'\x11\xe8\xe1I\xef\x11\x88R\x9a\xbe\x12\xdf\x17\xaeN\x1e'
11E8E149-EF11-8852-9ABE-12DF17AE4E1E,2026-ncaa-d3-natl,genius_ncaa,225,200,215,240,249,323,323,323,255,347,339,284,170,225,125,105,341,355,177,353,281,329,314,219,241,266,104,65,293,374,391,269,245,330,323,213,29,197,317,209,227,176,230,221,,,62,41,,370,297,294,273,113,333,318,354,350,353,136,186,360,371,371,376,359,393,220,345,164,244,185,218,,39,,397,296,162,222,162,335,263,168,368,123,180,81,257,34,67,38,71,50,139,129,309,241,240,22,123,18,180,245,172,391,172,323,286,337,275,216,324,179,271,226,336,,,342,339,,291,297,118,302,250,297,220,310,231,336,230,134,242,15,36,46,183,163,234,250,247,341,233,217,277,,378,,304,b'\x11\xe8\xe1I\xef\x11\x88R\x9a\xbe\x12\xdf\x17\xaeN\x1e'
11E8E149-EF16-0C06-9ABE-12DF17AE4E1E,2018-ncaa-d3-conf-CCIW,ncaa,2,2,1,2,1,2,2,2,2,2,3,2,4,3,5,4,5,7,6,7,8,2,2,2,3,3,7,4,7,3,3,1,1,1,1,2,1,4,4,2,2,2,1,1,,,5,3,,,2,2,9,6,4,2,5,2,6,4,4,6,7,7,5,8,4,1,1,2,3,6,1,,1,,,2,1,1,8,1,1,9,1,3,2,4,2,9,7,8,6,4,9,7,1,1,1,9,8,9,6,1,3,3,3,1,1,1,4,5,2,4,4,1,2,,,7,8,,,2,8,3,1,2,1,1,3,1,4,3,2,7,3,2,2,1,4,2,3,1,7,3,1,,8,,,b'\x11\xe8\xe1I\xef\x16\x0c\x06\x9a\xbe\x12\xdf\x17\xaeN\x1e'
11E8E149-EF16-0C06-9ABE-12DF17AE4E1E,2018-ncaa-d3-natl,ncaa,66,49,123,60,182,82,52,115,34,72,159,17,88,100,116,128,260,291,151,282,333,135,191,34,50,27,283,169,403,170,164,60,48,91,63,20,19,63,45,5,171,168,1,1,,,106,89,,,33,196,259,303,51,29,105,52,195,107,112,300,342,330,134,255,203,38,76,8,49,198,1,,62,,,29,89,54,181,17,43,230,8,219,179,284,188,286,201,434,192,200,185,197,22,51,66,401,307,387,113,48,194,164,149,63,53,112,190,193,90,118,108,125,101,,,345,399,,,33,240,25,63,28,63,30,138,29,186,198,151,258,164,156,123,102,86,161,110,48,239,98,92,,404,,,b'\x11\xe8\xe1I\xef\x16\x0c\x06\x9a\xbe\x12\xdf\x17\xaeN\x1e'
11E8E149-EF16-0C06-9ABE-12DF17AE4E1E,2019-ncaa-d3-conf-CCIW,ncaa,1,1,1,1,1,2,2,5,2,3,6,1,2,2,2,2,6,7,3,6,6,5,5,1,1,2,3,2,9,8,4,1,5,1,2,1,1,6,5,2,8,8,1,1,,,1,1,,,2,3,9,2,2,2,9,4,9,2,3,8,9,8,9,9,9,1,1,1,4,8,1,,1,,,2,1,1,9,1,4,9,1,2,5,2,2,2,2,2,2,1,9,7,1,1,1,3,4,3,9,5,1,4,5,2,1,1,8,8,3,7,6,1,1,,,5,6,,,2,7,2,1,2,1,1,7,2,7,2,3,1,1,1,7,3,9,1,2,1,9,6,1,,8,,,b'\x11\xe8\xe1I\xef\x16\x0c\x06\x9a\xbe\x12\xdf\x17\xaeN\x1e'
11E8E149-EF16-0C06-9ABE-12DF17AE4E1E,2019-ncaa-d3-natl,ncaa,53,46,67,56,93,87,93,213,30,148,292,29,60,102,43,94,149,225,37,223,146,213,232,20,18,28,131,105,293,351,322,48,183,143,154,20,2,198,209,18,340,386,1,1,,,178,122,,,86,173,361,117,112,128,359,193,381,80,142,199,282,280,365,402,404,68,230,12,125,389,1,,101,,,83,193,188,368,49,201,395,17,213,169,297,93,234,232,235,248,124,369,303,49,50,115,236,226,246,333,183,166,322,233,154,195,185,317,380,282,206,212,53,76,,,184,159,,,86,282,52,153,77,112,122,277,133,346,159,107,173,166,178,256,159,277,77,136,131,393,145,34,,262,,,b'\x11\xe8\xe1I\xef\x16\x0c\x06\x9a\xbe\x12\xdf\x17\xaeN\x1e'
11E8E149-EF16-0C06-9ABE-12DF17AE4E1E,2020-ncaa-d3-conf-CCIW,ncaa,1,1,1,1,2,3,3,3,6,5,5,6,2,2,3,3,2,5,2,5,4,3,5,4,3,2,2,2,4,4,4,4,8,4,4,1,1,1,1,1,8,8,1,1,,,3,3,,,2,6,8,6,4,5,4,6,6,2,3,3,5,6,5,8,5,4,4,1,1,8,1,,2,,,2,5,4,6,1,5,8,1,4,2,6,2,7,7,9,7,3,7,5,1,1,2,6,4,8,8,8,5,4,8,4,2,2,6,8,5,2,1,1,1,,,4,3,,,2,4,2,4,2,1,1,4,3,8,3,2,5,5,5,6,2,8,3,7,1,8,1,1,,5,,,b'\x11\xe8\xe1I\xef\x16\x0c\x06\x9a\xbe\x12\xdf\x17\xaeN\x1e'
11E8E149-EF16-0C06-9ABE-12DF17AE4E1E,2020-ncaa-d3-natl,ncaa,61,85,26,82,31,75,130,130,168,256,269,229,18,43,11,71,40,76,34,79,45,120,171,78,54,28,19,31,117,193,229,122,264,154,241,12,2,42,23,3,333,367,2,3,,,235,180,,,124,166,405,98,129,231,295,355,382,31,82,74,139,150,272,395,285,273,294,17,7,392,4,,114,,,129,347,252,341,134,175,339,53,369,235,426,148,385,337,422,334,247,353,314,168,225,288,385,324,341,324,264,303,229,322,241,234,204,264,330,279,35,21,172,206,,,56,42,,,124,290,32,299,120,178,130,144,88,190,291,127,311,247,244,151,79,228,142,178,149,368,10,115,,134,,,b'\x11\xe8\xe1I\xef\x16\x0c\x06\x9a\xbe\x12\xdf\x17\xaeN\x1e'
11E8E149-EF16-0C06-9ABE-12DF17AE4E1E,2021-ncaa-d3-conf-CCIW,ncaa,1,1,7,1,7,3,4,7,1,3,5,1,7,8,2,8,2,2,2,2,2,7,7,1,1,1,8,8,1,6,3,3,3,4,2,6,8,1,2,3,8,8,4,5,,,3,1,,,2,7,7,4,2,3,7,2,3,7,8,1,1,1,4,7,4,2,2,7,1,8,3,,1,,,2,3,3,4,3,4,5,2,3,3,6,3,3,4,2,4,1,4,3,3,3,3,3,5,3,2,3,3,3,2,2,3,4,8,8,6,1,2,4,4,,,7,5,,,2,3,1,3,1,2,3,6,5,7,4,3,3,3,2,5,2,4,1,1,3,8,2,4,,5,,,b'\x11\xe8\xe1I\xef\x16\x0c\x06\x9a\xbe\x12\xdf\x17\xaeN\x1e'
11E8E149-EF16-0C06-9ABE-12DF17AE4E1E,2021-ncaa-d3-natl,ncaa,18,28,61,30,62,60,65,89,34,63,85,42,91,104,62,188,35,41,53,42,58,79,87,36,23,16,137,178,52,94,93,58,57,68,42,78,179,155,74,68,153,244,64,98,,,171,77,,,48,86,237,50,68,96,224,81,165,136,196,33,50,54,185,240,169,73,116,128,48,251,96,,55,,,70,197,205,213,110,194,216,86,208,202,196,150,160,174,76,173,86,210,200,118,101,139,145,207,83,178,57,158,93,164,42,214,177,122,212,206,143,88,178,128,,,73,49,,,48,202,31,128,61,100,119,135,110,142,176,131,65,78,78,119,56,70,33,31,152,231,73,116,,97,,,b'\x11\xe8\xe1I\xef\x16\x0c\x06\x9a\xbe\x12\xdf\x17\xaeN\x1e'
11E8E149-EF16-0C06-9ABE-12DF17AE4E1E,2022-ncaa-d3-conf-CCIW,ncaa,4,5,1,5,3,4,6,4,7,6,4,7,8,8,6,7,5,6,1,5,8,4,4,8,6,7,5,6,4,5,7,1,1,2,3,5,4,7,5,5,6,7,3,5,,,9,9,,,5,4,7,7,7,6,6,6,5,8,8,5,7,7,6,7,6,1,2,6,4,8,4,,6,,,5,6,6,8,4,5,7,2,9,7,9,4,5,5,5,5,4,8,4,5,5,5,8,7,5,3,1,8,7,6,3,6,5,6,6,7,7,7,8,6,,,6,9,,,5,5,7,5,5,5,5,5,5,6,8,4,4,4,4,5,3,1,7,4,5,7,5,7,,9,,,b'\x11\xe8\xe1I\xef\x16\x0c\x06\x9a\xbe\x12\xdf\x17\xaeN\x1e'
11E8E149-EF16-0C06-9ABE-12DF17AE4E1E,2022-ncaa-d3-natl,ncaa,116,182,32,151,50,126,124,130,161,103,97,160,228,210,235,283,96,165,23,152,255,126,94,191,171,197,279,300,152,178,223,37,32,65,61,132,180,352,284,228,265,334,146,187,,,390,360,,,189,85,305,290,238,221,324,173,215,300,309,175,282,272,332,322,277,65,156,216,239,360,206,,302,,,193,318,305,347,150,254,312,125,360,354,271,285,274,284,228,281,211,345,320,170,160,226,311,323,204,141,32,279,223,227,61,281,201,227,319,292,360,301,318,247,,,158,271,,,189,343,211,186,193,137,136,154,112,134,265,241,163,162,160,148,75,61,99,70,160,356,269,248,,328,,,b'\x11\xe8\xe1I\xef\x16\x0c\x06\x9a\xbe\x12\xdf\x17\xaeN\x1e'
11E8E149-EF16-0C06-9ABE-12DF17AE4E1E,2023-ncaa-d3-conf-CCIW,ncaa,5,4,4,5,5,5,5,4,5,5,3,5,6,7,7,7,7,8,6,6,6,4,4,6,7,7,8,8,5,3,4,2,2,3,4,5,5,3,3,5,6,6,1,1,,,7,8,,,5,4,6,2,5,5,3,4,3,6,7,7,7,6,3,3,1,1,1,5,3,6,1,,8,,,5,2,1,2,1,1,4,1,3,2,4,2,8,8,4,8,9,5,4,1,2,2,8,4,9,4,2,7,4,7,4,1,2,6,6,2,2,2,3,2,,,7,7,,,5,6,6,2,5,2,1,4,1,7,3,2,8,9,9,7,3,3,7,6,1,6,2,3,,5,,,b'\x11\xe8\xe1I\xef\x16\x0c\x06\x9a\xbe\x12\xdf\x17\xaeN\x1e'
11E8E149-EF16-0C06-9ABE-12DF17AE4E1E,2023-ncaa-d3-natl,ncaa,152,171,109,168,131,168,164,161,164,142,136,176,219,227,224,276,208,212,208,198,255,167,181,189,201,185,302,282,246,227,274,92,89,145,174,134,155,167,154,140,189,207,71,68,,,349,371,,,162,173,238,181,200,173,190,146,151,252,265,234,254,242,201,255,258,79,170,147,143,220,77,,338,,,168,180,111,173,91,108,197,75,176,182,193,159,383,392,169,392,384,229,231,97,137,152,349,188,403,154,89,305,274,233,174,107,139,191,217,139,244,233,110,76,,,185,188,,,162,249,195,136,174,133,78,106,85,143,154,140,368,387,385,169,156,127,260,189,92,238,221,89,,220,,,b'\x11\xe8\xe1I\xef\x16\x0c\x06\x9a\xbe\x12\xdf\x17\xaeN\x1e'
11E8E149-EF16-0C06-9ABE-12DF17AE4E1E,2024-ncaa-d3-conf-CCIW,ncaa,7,6,7,7,8,8,9,9,6,8,8,7,8,8,5,6,5,6,2,6,1,9,8,6,6,7,2,4,1,8,8,5,3,8,7,8,6,8,8,8,8,8,7,7,,,1,5,,,8,9,8,7,8,9,9,8,8,6,8,5,5,6,9,8,8,3,8,8,8,8,7,,3,,,8,1,1,3,4,2,2,3,8,6,7,7,5,5,6,5,5,2,1,4,5,7,8,8,5,3,3,4,8,4,7,6,8,9,9,9,7,8,3,8,,,7,2,,,8,1,8,7,8,6,5,8,2,5,8,7,5,5,5,6,2,7,5,5,8,9,8,5,,6,,,b'\x11\xe8\xe1I\xef\x16\x0c\x06\x9a\xbe\x12\xdf\x17\xaeN\x1e'
11E8E149-EF16-0C06-9ABE-12DF17AE4E1E,2024-ncaa-d3-natl,ncaa,203,206,200,213,229,209,247,337,117,239,308,126,228,278,123,249,57,107,42,108,42,307,289,119,79,145,137,250,46,322,267,196,186,262,187,231,176,313,337,282,341,353,226,237,,,214,250,,,280,267,243,133,214,255,383,231,329,235,287,42,80,79,352,304,336,173,271,228,306,355,226,,233,,,277,320,304,236,314,274,234,251,347,212,406,206,259,212,365,203,180,231,159,333,336,377,279,290,179,191,186,94,267,113,187,298,258,338,351,360,293,318,159,241,,,179,77,,,280,166,187,362,275,329,313,276,273,255,344,239,273,226,216,268,190,202,104,128,294,356,296,173,,135,,,b'\x11\xe8\xe1I\xef\x16\x0c\x06\x9a\xbe\x12\xdf\x17\xaeN\x1e'
11E8E149-EF16-0C06-9ABE-12DF17AE4E1E,2025-ncaa-d3-conf-CCIW,genius_ncaa,3,3,1,3,2,4,5,5,7,6,7,6,3,2,3,2,7,7,3,8,8,5,5,4,3,5,1,2,6,7,7,2,4,3,5,3,1,6,6,4,5,5,2,2,,,4,4,,2,4,5,8,5,5,6,6,7,7,3,3,7,9,9,7,8,7,2,5,4,6,5,2,,2,,1,4,5,4,7,4,4,5,3,8,8,5,7,4,5,7,5,5,7,5,4,4,3,7,8,6,6,4,8,7,8,5,6,8,5,5,6,7,7,6,8,,,9,9,,9,4,5,6,4,4,3,3,3,3,3,7,8,4,3,4,4,2,5,6,5,5,6,7,5,,9,,9,b'\x11\xe8\xe1I\xef\x16\x0c\x06\x9a\xbe\x12\xdf\x17\xaeN\x1e'
11E8E149-EF16-0C06-9ABE-12DF17AE4E1E,2025-ncaa-d3-natl,genius_ncaa,141,184,55,175,97,159,170,223,126,221,280,107,97,111,118,89,179,239,43,245,167,225,192,99,91,143,106,101,226,316,327,142,112,231,218,179,220,293,292,236,149,147,243,239,,,263,264,,154,229,149,299,258,220,236,353,286,367,114,144,230,309,316,366,358,365,249,338,243,236,191,276,,198,,133,229,303,252,212,264,185,146,256,336,315,306,311,321,283,337,278,317,229,239,291,312,278,345,316,267,131,112,239,327,190,218,236,194,164,178,190,301,300,258,310,,,255,278,,177,229,268,186,254,229,186,155,87,115,60,277,245,274,237,230,101,89,90,129,103,169,230,246,219,,348,,212,b'\x11\xe8\xe1I\xef\x16\x0c\x06\x9a\xbe\x12\xdf\x17\xaeN\x1e'
11E8E149-EF16-0C06-9ABE-12DF17AE4E1E,2026-ncaa-d3-conf-CCIW,genius_ncaa,6,8,1,6,7,7,7,7,8,7,7,7,4,2,7,1,7,7,1,7,7,7,7,8,8,9,3,2,7,7,8,6,9,7,8,6,5,9,8,9,3,5,4,6,,,9,8,,7,9,3,5,9,9,9,8,9,9,4,2,8,8,8,9,9,7,8,8,8,8,5,4,,7,,7,9,9,9,8,9,8,9,5,9,3,9,1,2,6,1,6,2,8,8,9,9,8,3,8,2,9,9,7,8,9,8,9,5,4,6,6,8,8,7,8,,,6,7,,5,9,6,9,9,9,9,9,8,8,9,9,1,2,4,4,7,7,9,6,8,9,6,7,7,,7,,5,b'\x11\xe8\xe1I\xef\x16\x0c\x06\x9a\xbe\x12\xdf\x17\xaeN\x1e'
11E8E149-EF16-0C06-9ABE-12DF17AE4E1E,2026-ncaa-d3-natl,genius_ncaa,225,329,42,282,113,197,200,202,229,234,261,178,117,96,228,64,168,207,110,210,145,204,180,198,190,234,101,114,191,261,286,288,366,293,353,271,327,289,294,315,102,136,117,162,,,276,236,,271,343,159,403,402,344,349,403,365,404,202,182,284,321,332,403,411,362,412,410,361,179,192,172,,139,,213,323,348,353,273,388,335,287,339,347,238,404,151,268,268,194,258,201,268,274,396,393,379,206,280,121,316,366,237,286,268,353,360,269,162,220,320,257,243,210,265,,,181,201,,146,343,263,249,380,328,264,277,85,254,131,286,93,161,150,142,80,47,216,64,114,302,301,152,133,,339,,210,b'\x11\xe8\xe1I\xef\x16\x0c\x06\x9a\xbe\x12\xdf\x17\xaeN\x1e'
11E8E149-EF1A-C52A-9ABE-12DF17AE4E1E,2018-ncaa-d3-conf-NEWMAC,ncaa,10,10,8,10,9,8,10,8,10,10,11,10,2,1,4,1,4,9,1,9,2,8,9,10,8,7,1,1,2,5,4,9,10,9,10,7,1,7,8,7,10,10,11,11,,,6,5,,,10,10,7,7,8,10,6,10,11,1,1,3,7,7,6,6,4,9,9,6,8,10,11,,9,,,10,10,10,5,10,10,5,10,8,6,9,5,6,8,5,8,6,5,4,10,10,10,3,4,5,9,10,4,4,7,10,8,5,10,9,9,8,9,11,11,,,9,4,,,10,2,7,10,10,10,10,8,10,8,9,9,8,10,10,8,7,10,6,8,9,10,9,11,,4,,,b'\x11\xe8\xe1I\xef\x1a\xc5*\x9a\xbe\x12\xdf\x17\xaeN\x1e'
11E8E149-EF1A-C52A-9ABE-12DF17AE4E1E,2018-ncaa-d3-natl,ncaa,320,349,197,335,202,256,326,309,324,395,385,370,50,75,52,36,161,290,2,287,106,314,298,230,179,221,4,16,92,172,120,389,393,335,301,162,7,247,306,196,369,385,442,442,,,161,212,,,327,329,400,24,259,352,330,416,416,35,57,131,298,298,344,315,161,428,375,139,258,397,443,,164,,,322,339,372,169,422,359,151,432,316,274,322,310,174,156,280,162,216,163,136,422,416,417,155,254,95,308,393,113,120,168,301,316,167,302,277,352,281,317,378,431,,,221,149,,,327,110,207,419,333,341,357,204,346,167,314,290,171,150,155,184,128,316,122,192,313,317,292,386,,224,,,b'\x11\xe8\xe1I\xef\x1a\xc5*\x9a\xbe\x12\xdf\x17\xaeN\x1e'
11E8E149-EF1A-C52A-9ABE-12DF17AE4E1E,2019-ncaa-d3-conf-NEWMAC,ncaa,10,9,8,10,11,8,8,8,8,9,10,4,7,3,10,1,7,7,1,7,5,8,8,8,8,8,4,6,4,9,10,7,9,8,10,7,2,9,9,9,9,10,9,10,,,6,5,,,10,8,3,10,8,7,7,9,10,7,2,6,7,7,7,4,8,6,8,6,10,9,9,,8,,,10,10,10,9,8,7,6,9,11,11,8,10,8,8,4,7,7,10,8,8,9,10,9,9,4,10,9,7,10,9,10,9,9,9,10,10,10,10,6,10,,,7,8,,,10,4,9,10,10,10,10,10,9,9,11,11,8,8,9,10,11,10,9,10,10,8,10,7,,6,,,b'\x11\xe8\xe1I\xef\x1a\xc5*\x9a\xbe\x12\xdf\x17\xaeN\x1e'
11E8E149-EF1A-C52A-9ABE-12DF17AE4E1E,2019-ncaa-d3-natl,ncaa,282,274,317,293,353,304,275,327,209,297,389,97,171,108,317,45,369,400,89,404,343,359,340,185,201,257,194,113,374,354,310,249,364,307,308,160,33,292,355,213,407,416,377,381,,,151,181,,,295,328,195,388,275,237,282,275,382,137,75,362,399,406,342,263,331,139,246,104,334,411,385,,224,,,293,185,203,242,164,161,145,204,350,369,214,374,121,163,41,166,208,219,170,201,160,218,304,377,117,382,364,140,310,242,308,253,257,327,337,326,363,390,223,341,,,370,351,,,295,115,282,300,296,286,292,367,231,234,382,403,160,217,222,360,319,400,210,326,295,286,379,273,,380,,,b'\x11\xe8\xe1I\xef\x1a\xc5*\x9a\xbe\x12\xdf\x17\xaeN\x1e'
11E8E149-EF1A-C52A-9ABE-12DF17AE4E1E,2020-ncaa-d3-conf-NEWMAC,ncaa,10,9,10,10,10,10,10,10,5,10,10,5,9,9,5,5,9,10,3,10,5,10,10,4,4,5,2,2,6,10,8,10,9,10,8,10,8,1,7,8,10,10,11,11,,,4,10,,,9,11,10,2,8,8,10,9,9,5,6,7,7,7,10,10,9,9,9,9,4,10,10,,10,,,9,1,3,1,10,3,2,10,1,1,8,3,3,4,2,4,9,1,1,10,9,10,3,2,8,1,9,1,8,1,8,1,2,10,9,8,1,8,5,9,,,10,1,,,9,1,5,10,9,8,8,5,8,6,5,3,9,9,9,6,6,8,4,6,6,9,7,7,,5,,,b'\x11\xe8\xe1I\xef\x1a\xc5*\x9a\xbe\x12\xdf\x17\xaeN\x1e'
11E8E149-EF1A-C52A-9ABE-12DF17AE4E1E,2020-ncaa-d3-natl,ncaa,324,275,398,328,402,366,363,409,211,374,406,196,234,282,154,114,366,401,139,393,231,410,412,172,182,203,135,109,279,401,349,419,355,416,353,350,298,44,258,274,400,359,400,383,,,153,398,,,304,411,369,133,297,302,367,331,375,161,171,312,353,341,379,396,373,390,400,312,170,375,388,,354,,,311,71,95,23,387,117,48,366,112,51,346,183,110,106,170,108,262,25,25,380,373,366,158,193,193,134,355,36,349,50,353,96,134,382,266,284,61,240,187,358,,,390,164,,,304,26,242,371,316,275,298,154,296,178,238,160,235,252,251,165,121,278,186,240,218,294,167,294,,286,,,b'\x11\xe8\xe1I\xef\x1a\xc5*\x9a\xbe\x12\xdf\x17\xaeN\x1e'
11E8E149-EF1A-C52A-9ABE-12DF17AE4E1E,2022-ncaa-d3-conf-NEWMAC,ncaa,8,8,8,8,8,7,7,8,6,7,8,5,6,7,5,2,8,8,6,8,4,9,9,6,6,7,3,3,6,9,8,7,7,8,8,7,5,7,8,7,5,4,8,9,,,5,10,,,7,8,6,6,7,7,9,7,10,5,7,7,7,7,9,9,9,7,8,7,9,4,9,,11,,,7,3,3,2,6,4,4,5,1,2,1,2,11,9,7,10,11,4,4,5,6,6,4,1,11,6,7,4,8,4,8,3,7,8,4,5,7,8,3,7,,,9,8,,,7,4,7,6,7,5,5,3,6,6,1,2,11,11,11,3,6,7,6,6,5,7,8,5,,9,,,b'\x11\xe8\xe1I\xef\x1a\xc5*\x9a\xbe\x12\xdf\x17\xaeN\x1e'
11E8E149-EF1A-C52A-9ABE-12DF17AE4E1E,2022-ncaa-d3-natl,ncaa,302,257,345,293,374,332,286,355,159,264,304,179,278,334,138,247,380,393,204,391,393,367,371,173,193,232,300,215,383,336,259,332,272,345,261,271,205,139,318,244,278,210,250,253,,,205,374,,,200,372,281,404,266,200,276,184,206,234,274,380,393,394,336,295,275,227,255,212,278,213,219,,361,,,199,39,51,54,165,132,136,148,9,17,27,12,169,210,89,204,264,52,59,101,117,128,28,7,348,176,272,72,259,89,261,83,234,292,195,182,68,167,28,30,,,382,350,,,200,55,244,147,200,122,141,144,265,328,8,14,286,331,326,168,185,291,171,224,175,204,152,25,,379,,,b'\x11\xe8\xe1I\xef\x1a\xc5*\x9a\xbe\x12\xdf\x17\xaeN\x1e'
11E8E149-EF1A-C52A-9ABE-12DF17AE4E1E,2023-ncaa-d3-conf-NEWMAC,ncaa,7,9,5,9,5,8,9,7,9,9,9,9,7,4,7,2,9,9,8,9,7,8,6,8,8,9,2,2,7,10,10,6,6,7,8,9,2,10,9,9,7,6,4,4,,,8,10,,,8,6,4,2,9,9,8,9,9,6,5,10,9,9,9,5,10,7,7,9,10,7,4,,10,,,8,7,7,5,9,7,8,5,4,1,11,1,10,9,8,10,7,5,6,7,8,9,5,4,9,3,6,8,10,8,8,6,8,7,7,8,10,9,1,2,,,7,8,,,8,6,9,8,8,7,8,6,9,9,4,1,9,8,9,6,6,6,8,8,7,5,10,1,,8,,,b'\x11\xe8\xe1I\xef\x1a\xc5*\x9a\xbe\x12\xdf\x17\xaeN\x1e'
11E8E149-EF1A-C52A-9ABE-12DF17AE4E1E,2023-ncaa-d3-natl,ncaa,188,223,109,207,112,247,230,208,266,238,198,288,171,185,188,193,281,298,246,312,332,229,170,263,266,302,202,161,292,229,272,150,83,186,200,134,37,353,337,242,192,219,137,174,,,330,338,,,249,156,236,29,303,283,265,282,260,201,215,333,340,353,303,237,261,193,230,147,309,222,153,,312,,,247,201,197,184,217,245,303,132,127,63,360,55,300,278,310,275,204,191,236,188,214,179,180,120,307,105,83,292,272,205,200,211,207,130,127,159,352,329,45,42,,,207,230,,,249,274,309,139,245,152,156,116,202,248,109,41,275,243,234,124,169,89,254,158,180,145,317,27,,250,,,b'\x11\xe8\xe1I\xef\x1a\xc5*\x9a\xbe\x12\xdf\x17\xaeN\x1e'
11E8E149-EF1A-C52A-9ABE-12DF17AE4E1E,2024-ncaa-d3-conf-NEWMAC,ncaa,10,10,9,10,11,10,11,10,10,10,10,10,10,11,8,11,8,8,10,8,8,10,9,10,10,11,8,11,6,9,9,8,7,9,7,10,8,10,11,11,11,11,9,8,,,6,10,,,11,9,4,9,10,11,11,10,7,10,11,9,7,7,11,4,8,2,4,10,11,11,7,,11,,,11,5,3,2,8,5,5,8,2,2,5,2,8,10,1,10,10,3,3,5,5,9,5,1,11,4,7,2,9,2,7,5,6,11,11,9,11,11,3,3,,,8,6,,,11,4,11,9,10,9,9,8,11,10,4,4,11,12,12,10,8,9,10,9,6,11,11,5,,5,,,b'\x11\xe8\xe1I\xef\x1a\xc5*\x9a\xbe\x12\xdf\x17\xaeN\x1e'
11E8E149-EF1A-C52A-9ABE-12DF17AE4E1E,2024-ncaa-d3-natl,ncaa,271,275,296,284,324,315,293,321,248,273,228,292,312,351,184,322,324,361,106,364,373,339,312,265,264,323,309,280,254,333,337,188,82,265,211,277,208,332,355,322,357,347,108,121,,,160,243,,,299,294,177,232,310,281,294,227,167,299,341,322,360,363,328,240,329,80,194,259,344,347,87,,226,,,298,147,180,126,263,278,249,247,43,45,113,44,242,231,263,224,192,136,106,203,225,270,59,30,277,93,82,205,337,139,211,148,130,321,298,251,279,313,159,188,,,333,315,,,299,125,335,235,304,222,250,223,320,330,48,52,287,276,269,232,192,118,284,214,184,292,306,198,,317,,,b'\x11\xe8\xe1I\xef\x1a\xc5*\x9a\xbe\x12\xdf\x17\xaeN\x1e'
11E8E149-EF1A-C52A-9ABE-12DF17AE4E1E,2025-ncaa-d3-conf-NEWMAC,genius_ncaa,10,8,10,10,10,11,10,10,11,11,10,11,9,10,8,5,10,10,11,10,7,10,11,11,11,11,4,3,5,10,11,10,7,11,10,10,4,4,11,10,12,10,4,1,,,6,12,,6,10,10,4,8,11,10,8,11,8,7,8,7,7,7,8,8,10,5,9,9,10,11,1,,11,,7,10,1,1,1,3,3,2,3,1,1,1,2,11,11,7,10,12,2,2,2,3,2,5,2,12,4,7,6,11,4,10,1,4,10,7,3,8,10,2,8,,,9,6,,3,10,3,11,3,10,5,4,6,7,9,1,1,12,12,12,7,8,7,11,10,3,5,11,6,,5,,1,b'\x11\xe8\xe1I\xef\x1a\xc5*\x9a\xbe\x12\xdf\x17\xaeN\x1e'
11E8E149-EF1A-C52A-9ABE-12DF17AE4E1E,2025-ncaa-d3-natl,genius_ncaa,312,334,192,322,201,307,297,243,326,261,177,345,305,302,281,292,282,301,163,301,343,266,206,341,332,339,273,276,190,271,313,151,135,212,247,290,241,318,323,332,312,334,70,68,,,374,395,,154,313,192,162,50,333,319,222,274,152,318,315,289,314,323,255,178,280,109,175,307,312,324,52,,397,,155,311,210,110,141,136,155,233,94,76,65,189,57,406,395,385,395,365,205,212,118,213,214,293,60,414,170,135,311,313,258,247,56,53,189,190,93,266,275,141,122,,,172,156,,40,313,233,339,186,309,224,132,160,177,249,92,66,405,397,395,235,249,160,316,275,67,169,270,137,,145,,31,b'\x11\xe8\xe1I\xef\x1a\xc5*\x9a\xbe\x12\xdf\x17\xaeN\x1e'
11E8E149-EF1A-C52A-9ABE-12DF17AE4E1E,2026-ncaa-d3-natl,genius_ncaa,225,329,42,282,47,134,100,79,237,95,76,227,145,126,250,203,241,288,67,295,399,97,106,252,256,247,303,219,340,309,405,89,152,155,351,125,264,269,177,202,158,256,195,257,,,314,210,,271,301,71,200,66,275,221,173,191,163,238,222,357,396,398,255,295,390,208,336,235,152,252,269,,187,,213,285,352,341,325,299,351,308,336,274,322,119,243,371,343,367,341,267,330,329,287,310,298,174,124,282,250,152,390,405,364,351,182,19,96,197,98,211,119,336,272,,,250,392,,47,301,346,281,270,288,271,258,184,277,173,168,230,310,244,248,192,195,144,369,302,67,203,103,285,,403,,85,b'\x11\xe8\xe1I\xef\x1a\xc5*\x9a\xbe\x12\xdf\x17\xaeN\x1e'
11E8E149-EF1F-4D84-9ABE-12DF17AE4E1E,2018-ncaa-d3-conf-NECC,ncaa,6,6,4,6,5,7,7,5,7,7,4,8,5,3,5,5,5,6,5,6,5,6,7,7,7,7,4,4,4,3,4,5,6,4,5,8,9,2,4,7,8,9,2,1,,,3,3,,,6,8,9,5,7,7,4,7,5,5,4,6,6,6,5,8,2,5,4,8,3,9,1,,2,,,6,5,5,5,5,5,5,6,5,7,4,7,4,3,4,3,3,5,3,5,3,5,3,7,3,7,6,7,4,7,5,8,6,9,9,8,3,5,5,6,,,5,6,,,6,2,6,6,6,5,5,6,5,5,5,7,1,2,4,5,1,7,8,7,8,9,4,6,,7,,,b'\x11\xe8\xe1I\xef\x1fM\x84\x9a\xbe\x12\xdf\x17\xaeN\x1e'
11E8E149-EF1F-4D84-9ABE-12DF17AE4E1E,2018-ncaa-d3-natl,ncaa,320,279,390,322,399,409,415,391,414,400,322,423,399,380,380,345,286,294,243,303,238,385,394,418,409,400,197,328,25,232,190,362,377,330,312,427,437,143,313,418,412,399,84,76,,,57,129,,,299,413,272,247,402,409,276,383,166,382,348,185,166,181,259,222,102,196,127,433,297,396,48,,142,,,302,15,41,77,58,121,183,102,10,36,4,73,47,59,91,65,63,64,53,27,18,49,19,26,157,315,377,140,190,197,312,61,174,351,258,202,101,233,142,210,,,345,165,,,299,34,390,107,304,95,167,326,279,376,16,115,96,111,121,293,279,395,335,375,168,242,221,241,,169,,,b'\x11\xe8\xe1I\xef\x1fM\x84\x9a\xbe\x12\xdf\x17\xaeN\x1e'
11E8E149-EF25-1782-9ABE-12DF17AE4E1E,2018-ncaa-d3-conf-NWC,ncaa,2,2,3,2,4,2,1,2,1,1,1,2,6,7,3,7,6,6,3,6,9,2,2,2,2,2,8,7,9,2,2,2,2,2,1,1,1,3,2,1,4,3,2,1,,,6,6,,,2,4,7,8,2,1,1,1,1,6,7,7,7,7,2,3,2,4,2,1,3,5,2,,5,,,2,1,1,2,1,1,4,1,3,3,6,5,5,6,6,6,6,1,3,1,2,2,7,6,8,2,2,2,2,1,1,1,2,2,2,2,3,3,1,1,,,6,6,,,2,5,2,2,2,1,1,1,1,2,3,3,5,4,4,1,2,1,2,1,1,5,3,1,,6,,,b'\x11\xe8\xe1I\xef%\x17\x82\x9a\xbe\x12\xdf\x17\xaeN\x1e'
11E8E149-EF25-1782-9ABE-12DF17AE4E1E,2018-ncaa-d3-natl,ncaa,80,19,363,38,374,141,96,304,3,73,212,5,226,342,30,322,315,364,84,365,386,325,364,9,13,13,381,288,414,221,33,333,17,301,15,60,75,54,120,22,296,191,119,55,,,132,343,,,44,384,257,277,26,10,121,8,85,166,304,267,332,336,155,221,135,217,167,10,128,232,80,,243,,,33,47,41,25,246,52,32,290,93,105,159,251,220,199,261,201,385,25,30,262,288,256,278,188,363,11,17,15,33,10,15,13,15,299,152,75,92,162,6,3,,,353,271,,,44,53,10,176,33,136,111,45,125,62,159,170,326,300,304,66,57,12,9,6,27,225,163,3,,281,,,b'\x11\xe8\xe1I\xef%\x17\x82\x9a\xbe\x12\xdf\x17\xaeN\x1e'
11E8E149-EF25-1782-9ABE-12DF17AE4E1E,2019-ncaa-d3-conf-NWC,ncaa,2,2,1,2,2,2,1,1,2,1,3,1,1,2,2,3,4,6,3,6,8,1,2,2,2,2,6,3,7,1,1,1,3,1,2,1,1,4,2,1,3,5,4,4,,,5,2,,,2,2,4,9,2,1,1,2,4,1,2,6,7,7,2,3,1,1,1,1,3,4,4,,2,,,2,5,5,8,1,3,7,1,6,8,3,6,6,7,2,7,4,8,9,1,1,2,8,8,5,6,3,2,1,4,2,1,2,3,5,3,7,4,1,1,,,6,8,,,2,8,1,2,2,2,2,6,1,5,4,6,4,4,4,5,5,4,2,2,1,5,5,1,,7,,,b'\x11\xe8\xe1I\xef%\x17\x82\x9a\xbe\x12\xdf\x17\xaeN\x1e'
11E8E149-EF25-1782-9ABE-12DF17AE4E1E,2019-ncaa-d3-natl,ncaa,78,29,317,50,357,108,82,224,19,128,265,25,80,149,26,129,286,336,71,337,324,259,320,14,20,14,212,116,394,207,48,277,62,269,37,99,178,48,67,34,245,201,286,259,,,94,177,,,62,342,231,410,29,19,89,51,197,37,101,256,326,327,129,211,151,200,160,43,74,221,275,,133,,,52,92,102,90,180,125,102,226,129,165,122,257,181,163,275,178,262,89,75,185,187,224,232,196,265,30,62,19,48,16,37,23,27,345,281,127,148,207,8,6,,,340,315,,,62,102,13,177,49,171,168,167,186,159,172,225,238,217,232,175,116,49,20,24,49,318,196,5,,304,,,b'\x11\xe8\xe1I\xef%\x17\x82\x9a\xbe\x12\xdf\x17\xaeN\x1e'
11E8E149-EF25-1782-9ABE-12DF17AE4E1E,2020-ncaa-d3-conf-NWC,ncaa,1,1,1,1,1,1,1,1,1,1,1,1,2,5,3,7,4,4,2,4,8,1,1,1,1,1,9,8,7,2,2,2,2,2,2,1,1,3,1,1,3,4,2,3,,,8,7,,,1,1,5,7,2,1,1,1,2,6,7,5,5,5,2,5,2,2,3,1,1,5,4,,6,,,1,3,4,6,2,3,7,2,5,6,5,5,6,8,2,8,7,8,9,2,2,2,7,6,7,6,2,3,2,3,2,2,3,3,3,2,4,3,1,1,,,3,7,,,1,9,1,2,1,2,2,2,3,3,4,4,3,5,5,2,3,2,2,2,1,4,3,1,,7,,,b'\x11\xe8\xe1I\xef%\x17\x82\x9a\xbe\x12\xdf\x17\xaeN\x1e'
11E8E149-EF25-1782-9ABE-12DF17AE4E1E,2020-ncaa-d3-natl,ncaa,24,9,126,12,136,85,73,193,16,74,183,28,116,212,23,230,167,248,49,240,278,203,284,15,13,10,254,199,327,229,89,272,67,263,57,93,191,40,52,22,234,187,192,138,,,360,416,,,59,292,390,74,64,47,241,62,215,122,238,188,280,272,258,360,249,334,318,82,31,258,201,,343,,,55,151,84,65,209,82,72,202,208,163,274,253,372,353,352,360,402,95,82,221,271,291,368,258,393,43,67,26,89,22,57,35,40,289,245,113,127,151,10,5,,,254,211,,,59,125,8,235,52,125,71,25,73,36,195,149,356,330,330,50,24,29,10,13,29,330,110,6,,313,,,b'\x11\xe8\xe1I\xef%\x17\x82\x9a\xbe\x12\xdf\x17\xaeN\x1e'
11E8E149-EF25-1782-9ABE-12DF17AE4E1E,2021-ncaa-d3-conf-NWC,ncaa,1,1,2,1,3,3,3,3,2,1,1,1,3,3,2,6,4,4,7,4,5,3,3,2,2,1,6,5,5,4,5,2,2,2,3,1,1,6,5,1,3,5,1,1,,,5,5,,,1,3,3,4,2,2,5,1,3,4,6,5,4,4,5,4,5,2,3,1,4,5,1,,5,,,1,5,4,5,2,4,5,2,5,6,2,5,5,5,6,5,5,5,5,2,2,1,6,5,6,5,2,5,5,5,3,4,3,3,4,2,7,7,4,3,,,3,3,,,1,5,3,1,2,2,2,3,2,3,3,5,5,4,4,4,5,2,2,2,1,4,7,3,,4,,,b'\x11\xe8\xe1I\xef%\x17\x82\x9a\xbe\x12\xdf\x17\xaeN\x1e'
11E8E149-EF25-1782-9ABE-12DF17AE4E1E,2021-ncaa-d3-natl,ncaa,35,58,81,49,98,72,69,111,9,60,97,14,101,134,40,212,91,82,192,80,96,106,105,16,18,26,209,188,182,145,128,98,82,115,70,39,22,180,160,40,124,195,17,12,,,216,243,,,50,97,128,107,62,55,219,41,139,140,219,125,94,98,205,199,234,157,207,15,129,191,12,,244,,,68,175,156,177,54,150,164,82,181,211,87,214,211,206,177,209,230,186,188,64,80,95,233,185,232,154,82,127,128,135,70,133,67,102,153,72,228,238,120,70,,,80,41,,,50,194,56,76,56,103,74,123,68,81,156,203,202,194,204,149,139,69,18,18,58,150,223,66,,74,,,b'\x11\xe8\xe1I\xef%\x17\x82\x9a\xbe\x12\xdf\x17\xaeN\x1e'
11E8E149-EF25-1782-9ABE-12DF17AE4E1E,2022-ncaa-d3-conf-NWC,ncaa,1,1,1,1,1,1,1,3,1,1,1,1,6,6,6,8,3,1,8,1,4,2,2,1,1,1,9,9,4,3,3,1,1,1,1,1,1,4,3,1,2,2,4,4,,,7,5,,,1,1,4,3,2,1,5,1,1,8,8,3,2,2,3,5,3,5,3,1,2,2,4,,5,,,1,2,1,6,2,5,8,1,1,3,1,2,6,5,4,5,4,7,8,1,1,1,3,2,6,2,1,4,3,3,1,1,2,2,2,1,3,3,1,1,,,1,2,,,1,9,2,1,1,1,1,1,3,6,1,2,5,5,5,1,3,1,2,1,1,2,2,1,,2,,,b'\x11\xe8\xe1I\xef%\x17\x82\x9a\xbe\x12\xdf\x17\xaeN\x1e'
11E8E149-EF25-1782-9ABE-12DF17AE4E1E,2022-ncaa-d3-natl,ncaa,18,5,107,10,158,104,105,203,50,84,176,33,207,210,196,267,47,31,237,34,54,166,223,65,58,43,262,305,113,196,120,214,40,206,54,41,16,78,61,13,129,89,118,95,,,337,397,,,52,227,344,253,92,108,280,77,225,249,260,58,51,53,218,337,235,294,274,29,41,148,128,,316,,,54,122,79,124,118,107,155,101,110,114,197,132,323,317,305,310,324,140,157,111,147,141,294,164,388,43,40,96,120,65,54,34,38,196,150,47,88,97,37,12,,,50,21,,,52,198,47,97,47,62,46,25,66,86,73,54,289,278,263,43,35,19,33,17,19,234,65,14,,55,,,b'\x11\xe8\xe1I\xef%\x17\x82\x9a\xbe\x12\xdf\x17\xaeN\x1e'
11E8E149-EF25-1782-9ABE-12DF17AE4E1E,2023-ncaa-d3-conf-NWC,ncaa,1,1,1,1,1,2,1,2,1,1,1,1,5,7,2,9,6,5,6,5,9,2,2,1,2,2,9,9,9,3,2,3,1,3,1,1,2,3,3,1,2,2,1,1,,,7,6,,,2,2,6,6,2,2,4,1,1,7,9,7,5,5,4,4,5,7,5,1,3,2,1,,6,,,2,2,1,2,2,2,3,1,5,6,4,5,6,6,8,6,8,3,5,1,3,1,6,5,8,1,1,4,2,1,1,1,5,2,2,1,4,3,3,2,,,2,7,,,2,8,2,1,2,1,1,1,1,1,4,4,6,6,6,1,1,1,1,1,1,2,3,2,,5,,,b'\x11\xe8\xe1I\xef%\x17\x82\x9a\xbe\x12\xdf\x17\xaeN\x1e'
11E8E149-EF25-1782-9ABE-12DF17AE4E1E,2023-ncaa-d3-natl,ncaa,48,9,271,17,273,201,155,263,50,130,204,51,233,289,132,272,341,351,279,354,377,286,346,66,89,73,362,280,405,245,99,323,12,310,32,120,138,45,85,37,114,43,90,25,,,144,334,,,52,361,390,21,138,81,195,64,146,220,279,354,352,357,249,339,209,308,271,75,64,89,76,,200,,,44,22,14,22,27,13,28,43,81,120,86,298,229,163,411,160,353,26,32,38,86,68,396,270,404,11,12,29,99,19,32,13,77,225,92,21,58,116,77,81,,,294,193,,,52,62,78,35,42,21,6,14,5,25,110,152,270,200,197,13,20,5,22,7,13,196,88,96,,276,,,b'\x11\xe8\xe1I\xef%\x17\x82\x9a\xbe\x12\xdf\x17\xaeN\x1e'
11E8E149-EF25-1782-9ABE-12DF17AE4E1E,2024-ncaa-d3-conf-NWC,ncaa,4,2,3,4,4,4,4,3,3,4,4,4,2,3,2,4,7,7,7,7,8,3,3,2,2,2,5,3,9,3,1,4,2,3,1,2,1,2,2,1,4,4,4,4,,,7,6,,,2,6,8,5,4,3,5,3,3,1,4,7,8,8,5,5,3,5,3,2,1,5,4,,6,,,2,1,1,3,1,1,2,1,6,5,6,5,3,4,1,5,6,3,4,2,1,3,8,9,5,1,2,2,1,1,1,1,3,4,3,3,3,4,3,2,,,6,7,,,2,4,2,3,2,1,1,1,1,2,6,4,3,4,4,1,1,2,1,1,1,5,3,3,,7,,,b'\x11\xe8\xe1I\xef%\x17\x82\x9a\xbe\x12\xdf\x17\xaeN\x1e'
11E8E149-EF25-1782-9ABE-12DF17AE4E1E,2024-ncaa-d3-natl,ncaa,89,45,296,64,310,224,194,288,96,233,320,89,115,150,72,90,366,376,215,374,337,306,364,73,103,81,173,79,404,214,48,324,46,288,34,102,22,25,70,22,281,145,211,124,,,245,407,,,78,380,412,119,183,136,208,198,306,78,112,371,385,380,268,372,168,298,235,45,34,249,200,,315,,,64,24,20,29,81,21,30,79,72,64,170,214,176,226,79,236,390,30,33,88,97,106,353,244,382,21,46,20,48,18,34,9,34,330,185,59,40,96,89,148,,,348,265,,,78,42,63,83,56,26,17,13,21,33,92,84,231,270,283,21,6,27,11,9,12,311,61,102,,346,,,b'\x11\xe8\xe1I\xef%\x17\x82\x9a\xbe\x12\xdf\x17\xaeN\x1e'
11E8E149-EF25-1782-9ABE-12DF17AE4E1E,2025-ncaa-d3-conf-NWC,genius_ncaa,1,1,1,1,1,1,1,1,1,1,1,1,1,2,2,4,4,4,6,4,8,1,2,1,1,1,9,6,8,3,1,3,1,2,1,1,1,4,2,1,1,1,4,4,,,4,3,,3,1,2,8,3,1,1,3,1,3,2,4,6,5,5,3,7,6,8,7,1,2,1,4,,2,,2,1,1,1,1,1,3,4,2,2,4,1,5,2,2,5,1,3,1,6,1,1,1,4,5,4,1,1,2,1,1,1,1,1,1,1,1,1,1,1,1,,,3,7,,5,1,8,1,1,1,1,1,1,1,1,2,3,1,1,1,1,1,1,1,1,1,1,1,1,,7,,5,b'\x11\xe8\xe1I\xef%\x17\x82\x9a\xbe\x12\xdf\x17\xaeN\x1e'
11E8E149-EF25-1782-9ABE-12DF17AE4E1E,2025-ncaa-d3-natl,genius_ncaa,10,2,36,3,48,46,25,115,5,22,108,6,116,183,54,243,243,250,177,258,344,133,172,8,11,10,362,252,400,223,83,188,14,210,15,13,43,74,62,4,66,51,206,195,,,214,255,,107,10,156,389,225,62,33,249,24,207,175,265,320,347,349,296,396,317,353,363,19,25,101,258,,117,,86,9,55,61,91,80,99,126,129,46,125,26,196,207,131,407,127,174,85,157,60,83,56,166,99,320,13,14,26,83,16,15,5,2,88,59,6,44,38,23,9,,,206,234,,49,10,255,10,29,8,15,17,6,35,28,23,50,118,63,57,6,6,7,1,1,1,144,18,8,,338,,71,b'\x11\xe8\xe1I\xef%\x17\x82\x9a\xbe\x12\xdf\x17\xaeN\x1e'
11E8E149-EF25-1782-9ABE-12DF17AE4E1E,2026-ncaa-d3-natl,genius_ncaa,225,132,327,194,332,363,366,373,245,358,364,247,329,345,240,241,314,338,153,334,178,371,377,256,247,235,200,242,148,394,376,375,48,387,252,377,335,51,193,278,366,247,323,192,,,96,353,,370,229,369,386,30,314,310,355,283,283,278,283,204,249,245,350,383,394,358,392,350,120,322,269,,233,,411,229,55,44,33,292,52,24,363,58,73,92,315,165,126,327,124,383,36,35,292,326,293,278,148,366,23,48,60,376,43,252,35,66,349,162,119,43,115,55,120,,,329,82,,363,229,40,271,225,255,125,86,16,113,17,111,174,310,281,275,22,16,18,155,61,49,273,72,96,,204,,348,b'\x11\xe8\xe1I\xef%\x17\x82\x9a\xbe\x12\xdf\x17\xaeN\x1e'
11E8E149-EF2A-0332-9ABE-12DF17AE4E1E,2018-ncaa-d3-conf-SCIAC,ncaa,5,5,5,5,9,7,8,6,7,8,8,1,4,3,9,3,9,8,6,7,5,7,7,7,7,6,4,4,8,7,9,9,6,9,8,9,8,2,3,8,2,2,6,6,,,7,8,,,5,7,4,9,7,7,5,8,8,4,3,8,8,6,5,5,6,9,9,9,2,2,6,,9,,,5,2,1,1,5,1,1,7,8,7,5,8,9,9,8,8,9,1,1,7,7,3,9,8,9,5,6,6,9,4,8,5,8,3,2,3,1,1,1,4,,,7,5,,,5,3,7,6,5,5,3,2,2,2,8,8,9,9,9,4,4,6,7,5,7,3,1,4,,7,,,b'\x11\xe8\xe1I\xef*\x032\x9a\xbe\x12\xdf\x17\xaeN\x1e'
11E8E149-EF2A-0332-9ABE-12DF17AE4E1E,2018-ncaa-d3-natl,ncaa,262,251,305,267,341,315,306,327,271,291,344,188,264,179,367,108,318,316,255,307,216,331,359,275,286,263,238,202,268,356,359,400,363,401,392,378,420,77,170,312,166,126,307,234,,,376,433,,,292,354,273,281,298,284,260,280,332,235,130,315,304,292,279,328,349,422,425,386,127,131,298,,423,,,294,158,80,53,236,53,28,307,295,295,217,388,387,370,345,366,439,78,94,291,348,299,421,328,420,190,363,195,359,187,392,176,347,192,137,193,68,129,23,37,,,303,181,,,292,87,290,294,297,244,134,78,92,27,322,341,417,404,406,140,189,257,275,272,230,146,100,18,,273,,,b'\x11\xe8\xe1I\xef*\x032\x9a\xbe\x12\xdf\x17\xaeN\x1e'
11E8E149-EF2A-0332-9ABE-12DF17AE4E1E,2019-ncaa-d3-conf-SCIAC,ncaa,5,4,5,5,9,7,6,8,6,7,7,4,7,6,7,5,8,8,4,8,6,8,8,7,6,6,6,6,7,6,5,9,4,8,7,9,9,5,7,9,4,2,7,4,,,7,9,,,5,8,6,9,7,6,7,7,6,7,6,8,8,8,7,7,6,9,8,9,5,3,6,,9,,,5,3,2,1,6,1,1,4,9,8,9,9,6,8,2,8,9,1,1,8,8,5,9,9,8,2,4,4,5,3,7,5,9,3,1,4,1,1,2,2,,,8,7,,,5,2,6,3,5,3,2,2,2,1,9,8,7,9,9,2,2,2,5,3,6,1,1,2,,6,,,b'\x11\xe8\xe1I\xef*\x032\x9a\xbe\x12\xdf\x17\xaeN\x1e'
11E8E149-EF2A-0332-9ABE-12DF17AE4E1E,2019-ncaa-d3-natl,ncaa,237,219,317,240,328,327,300,325,272,247,267,235,345,309,369,273,295,328,126,324,312,339,371,302,293,255,326,329,217,361,328,378,169,386,294,398,431,62,149,342,199,125,265,127,,,257,391,,,253,358,322,141,310,284,268,212,206,340,282,266,311,312,286,351,343,390,393,410,98,168,238,,339,,,255,97,58,40,220,16,13,239,395,364,361,427,243,254,185,253,435,52,65,317,340,256,441,430,314,38,169,156,328,91,294,170,368,208,115,181,46,97,21,26,,,359,276,,,253,84,280,207,252,178,108,51,28,8,419,397,297,305,300,68,93,63,234,146,227,152,71,27,,338,,,b'\x11\xe8\xe1I\xef*\x032\x9a\xbe\x12\xdf\x17\xaeN\x1e'
11E8E149-EF2A-0332-9ABE-12DF17AE4E1E,2020-ncaa-d3-conf-SCIAC,ncaa,3,2,3,3,4,7,6,9,1,3,8,1,6,6,6,5,7,7,8,7,7,8,9,3,4,4,6,5,9,8,5,9,4,9,5,6,5,3,6,4,1,1,5,1,,,9,9,,,3,9,8,9,7,6,9,3,8,5,6,7,7,7,9,9,9,9,9,6,4,1,5,,8,,,3,1,1,1,3,1,1,3,8,8,6,9,9,9,5,9,9,1,1,3,5,3,9,9,9,1,4,3,5,1,5,2,8,1,1,1,3,5,1,2,,,6,2,,,3,2,5,3,3,3,1,1,1,1,7,7,7,7,7,1,2,1,3,3,3,1,3,1,,7,,,b'\x11\xe8\xe1I\xef*\x032\x9a\xbe\x12\xdf\x17\xaeN\x1e'
11E8E149-EF2A-0332-9ABE-12DF17AE4E1E,2020-ncaa-d3-natl,ncaa,118,85,198,101,280,240,215,343,44,178,305,40,272,306,172,255,302,302,261,300,253,350,376,66,89,94,328,278,326,339,240,374,261,376,255,286,370,65,169,204,121,74,139,29,,,399,435,,,152,382,393,303,239,196,382,146,319,267,303,308,306,306,384,416,360,406,403,298,76,107,121,,408,,,148,65,24,30,90,11,14,140,317,349,197,420,350,345,248,334,433,45,68,156,227,154,436,398,416,108,261,41,240,46,255,39,167,173,83,50,90,182,27,40,,,303,157,,,152,70,118,155,127,79,20,15,7,2,319,350,361,352,344,34,57,123,48,54,49,153,105,23,,321,,,b'\x11\xe8\xe1I\xef*\x032\x9a\xbe\x12\xdf\x17\xaeN\x1e'
11E8E149-EF2A-0332-9ABE-12DF17AE4E1E,2022-ncaa-d3-conf-SCIAC,ncaa,4,2,9,4,9,9,9,9,6,9,9,3,5,4,5,2,9,9,6,9,7,9,9,4,5,4,4,2,8,9,7,8,3,8,5,6,4,1,5,4,5,3,5,1,,,2,6,,,4,9,9,1,6,5,5,6,7,3,2,8,8,8,7,8,5,5,5,5,4,4,5,,6,,,3,1,1,1,1,1,1,2,7,8,2,9,2,2,6,2,9,1,1,2,2,1,9,9,7,2,3,2,7,1,5,2,9,5,2,3,1,6,1,1,,,9,4,,,4,1,4,1,2,1,1,1,1,1,8,9,5,4,4,1,1,4,4,5,7,4,3,1,,6,,,b'\x11\xe8\xe1I\xef*\x032\x9a\xbe\x12\xdf\x17\xaeN\x1e'
11E8E149-EF2A-0332-9ABE-12DF17AE4E1E,2022-ncaa-d3-natl,ncaa,210,95,391,160,391,371,363,399,177,365,399,167,250,311,120,119,391,405,89,407,338,402,412,153,169,133,175,116,343,383,274,396,218,393,254,338,229,8,75,101,311,128,265,79,,,54,334,,,175,414,424,7,260,235,312,275,332,132,163,346,391,396,356,415,322,346,352,244,27,197,191,,214,,,168,12,10,13,93,8,9,129,219,208,233,428,49,40,302,34,375,13,15,172,187,190,427,424,282,27,218,21,274,21,254,64,418,386,185,277,13,138,10,15,,,382,105,,,175,16,145,191,163,78,42,35,6,2,395,402,184,160,152,37,26,143,115,127,238,268,68,9,,257,,,b'\x11\xe8\xe1I\xef*\x032\x9a\xbe\x12\xdf\x17\xaeN\x1e'
11E8E149-EF2A-0332-9ABE-12DF17AE4E1E,2023-ncaa-d3-conf-SCIAC,ncaa,9,9,5,9,7,9,9,9,8,9,9,6,6,6,9,2,7,8,6,8,5,9,9,9,8,9,4,3,6,9,9,8,9,9,9,7,6,7,9,9,4,3,2,1,,,2,4,,,9,8,9,9,9,9,9,9,9,6,4,7,7,7,9,9,9,9,9,9,7,4,3,,3,,,9,3,1,3,3,1,1,5,9,9,6,9,7,6,7,7,8,3,3,6,7,6,9,9,7,9,9,4,9,7,9,8,9,6,5,9,7,9,1,4,,,9,8,,,9,2,9,8,9,4,2,1,1,1,9,9,7,6,6,2,1,9,5,6,7,5,6,1,,9,,,b'\x11\xe8\xe1I\xef*\x032\x9a\xbe\x12\xdf\x17\xaeN\x1e'
11E8E149-EF2A-0332-9ABE-12DF17AE4E1E,2023-ncaa-d3-natl,ncaa,357,345,333,361,344,365,364,399,235,383,406,223,180,219,131,68,397,402,218,403,297,401,403,185,210,245,92,47,368,416,415,401,388,415,400,332,200,63,294,253,251,149,180,76,,,79,200,,,333,401,411,113,366,358,417,387,412,142,168,404,415,415,421,428,426,422,428,309,139,190,156,,137,,,334,103,61,51,194,19,17,208,393,379,366,421,183,161,297,153,380,47,34,295,309,331,427,423,241,247,388,51,415,91,400,281,414,371,288,370,119,302,45,227,,,411,388,,,333,30,300,367,337,236,152,130,32,19,417,410,254,233,229,135,91,322,114,209,320,336,196,74,,426,,,b'\x11\xe8\xe1I\xef*\x032\x9a\xbe\x12\xdf\x17\xaeN\x1e'
11E8E149-EF2A-0332-9ABE-12DF17AE4E1E,2024-ncaa-d3-conf-SCIAC,ncaa,5,4,9,4,9,9,8,9,1,8,8,2,5,5,1,3,9,9,4,9,8,9,9,1,2,3,4,3,8,8,7,6,6,7,6,9,5,1,7,4,7,5,3,1,,,2,3,,,4,9,9,3,8,5,8,7,7,4,5,8,8,8,9,9,8,4,6,5,4,6,2,,2,,,4,1,1,1,1,1,1,1,4,6,3,9,4,3,5,3,5,1,1,1,1,1,9,9,5,2,6,1,7,2,6,1,8,9,6,6,1,4,1,1,,,9,9,,,4,1,5,2,4,1,1,4,1,1,8,9,4,4,4,3,2,7,3,4,5,7,2,2,,9,,,b'\x11\xe8\xe1I\xef*\x032\x9a\xbe\x12\xdf\x17\xaeN\x1e'
11E8E149-EF2A-0332-9ABE-12DF17AE4E1E,2024-ncaa-d3-natl,ncaa,162,87,375,131,378,340,320,398,95,322,391,114,257,337,67,200,352,386,68,385,280,400,411,94,90,104,194,175,274,406,357,368,219,395,251,313,244,19,186,158,333,220,154,31,,,33,164,,,163,407,414,102,269,250,395,255,350,200,274,301,363,362,405,424,406,264,379,252,69,283,101,,83,,,156,17,16,32,54,10,14,105,212,292,97,422,54,40,276,40,303,25,22,91,86,134,414,415,226,88,219,19,357,25,251,97,397,373,281,307,12,93,6,20,,,406,284,,,163,23,139,157,147,57,49,86,16,11,335,399,124,109,107,76,35,201,51,89,209,350,31,9,,396,,,b'\x11\xe8\xe1I\xef*\x032\x9a\xbe\x12\xdf\x17\xaeN\x1e'
11E8E149-EF2A-0332-9ABE-12DF17AE4E1E,2025-ncaa-d3-conf-SCIAC,genius_ncaa,1,1,3,1,5,4,5,4,7,4,4,6,7,8,8,7,2,3,1,3,3,4,4,8,5,6,5,9,1,3,2,1,5,2,2,4,5,5,4,4,4,3,6,3,,,2,1,,2,2,6,9,5,4,6,4,5,4,8,7,1,3,3,4,4,2,2,1,5,4,3,6,,1,,2,2,2,2,3,1,1,1,1,9,9,2,9,2,3,3,3,5,4,4,1,1,1,9,9,4,7,5,4,2,4,2,7,9,6,6,7,3,4,1,1,,,4,7,,8,2,4,2,1,2,1,1,4,1,1,9,9,2,2,2,3,2,7,2,2,6,7,2,1,,6,,8,b'\x11\xe8\xe1I\xef*\x032\x9a\xbe\x12\xdf\x17\xaeN\x1e'
11E8E149-EF2A-0332-9ABE-12DF17AE4E1E,2025-ncaa-d3-natl,genius_ncaa,102,25,373,52,373,286,288,339,182,245,241,215,320,362,162,338,185,269,13,265,231,333,376,212,160,139,266,317,94,163,37,306,253,251,81,257,173,27,110,134,288,182,278,162,,,20,59,,9,143,395,337,36,154,164,143,124,87,282,327,68,143,140,138,203,56,94,55,156,118,200,221,,36,,10,130,30,28,48,61,6,14,100,324,365,171,416,25,22,284,24,159,28,24,129,91,161,406,414,100,182,253,20,37,35,81,250,413,374,301,362,85,197,34,38,,,331,197,,414,143,21,105,210,134,137,129,253,40,36,385,410,70,50,51,200,146,304,92,173,339,314,196,62,,198,,414,b'\x11\xe8\xe1I\xef*\x032\x9a\xbe\x12\xdf\x17\xaeN\x1e'
11E8E149-EF2A-0332-9ABE-12DF17AE4E1E,2026-ncaa-d3-conf-SCIAC,genius_ncaa,6,7,1,6,1,5,6,6,8,6,5,8,5,5,5,6,4,2,5,2,4,6,3,7,6,8,4,4,5,5,8,3,6,3,7,4,1,8,7,7,4,5,1,1,,,8,8,,1,7,3,5,1,7,8,7,7,6,5,7,6,4,4,7,4,7,3,4,6,6,5,1,,8,,1,7,7,6,7,2,5,5,3,7,8,6,7,8,8,4,8,8,8,7,3,4,6,7,6,8,7,6,7,8,7,7,8,8,6,7,8,7,5,2,3,,,2,4,,6,7,7,8,6,7,6,5,7,3,4,6,7,8,8,8,8,7,7,7,7,8,6,5,1,,4,,6,b'\x11\xe8\xe1I\xef*\x032\x9a\xbe\x12\xdf\x17\xaeN\x1e'
11E8E149-EF2A-0332-9ABE-12DF17AE4E1E,2026-ncaa-d3-natl,genius_ncaa,345,200,379,341,379,389,386,395,188,378,387,223,371,391,171,317,396,391,323,390,305,396,399,210,245,248,319,267,290,377,212,392,312,393,292,354,94,27,223,166,347,125,195,41,,,36,311,,1,267,399,409,24,330,281,356,221,227,306,347,348,318,304,366,385,244,370,342,194,149,172,55,,236,,1,286,30,26,24,248,23,21,169,75,28,381,178,95,90,207,92,344,25,23,272,286,319,345,301,320,54,312,27,212,33,292,99,406,395,291,369,28,176,12,30,,,399,351,,406,267,18,230,329,289,215,148,96,116,112,272,134,310,322,325,131,71,227,148,182,337,338,122,32,,394,,406,b'\x11\xe8\xe1I\xef*\x032\x9a\xbe\x12\xdf\x17\xaeN\x1e'
11E8E149-EF2E-D358-9ABE-12DF17AE4E1E,2018-ncaa-d3-conf-NWC,ncaa,6,6,5,6,8,4,3,4,3,5,8,3,3,3,5,2,7,7,1,7,6,6,4,3,4,4,4,3,7,9,9,6,8,7,9,5,9,4,6,6,3,5,8,9,,,2,1,,,5,3,1,6,3,3,3,4,7,2,1,6,6,6,4,2,8,3,5,3,5,3,8,,4,,,5,9,7,8,5,8,6,6,4,6,2,3,5,5,7,5,4,8,7,5,6,4,3,3,4,8,8,8,9,9,9,7,6,5,5,6,5,6,6,9,,,7,8,,,5,7,5,6,5,9,9,9,9,9,4,7,7,6,6,9,9,9,8,9,7,4,6,8,,7,,,b'\x11\xe8\xe1I\xef.\xd3X\x9a\xbe\x12\xdf\x17\xaeN\x1e'
11E8E149-EF2E-D358-9ABE-12DF17AE4E1E,2018-ncaa-d3-natl,ncaa,280,223,390,272,396,212,226,362,53,306,399,61,61,131,26,58,276,346,48,351,173,368,385,27,24,44,60,41,326,426,414,351,322,403,365,252,277,103,236,190,238,228,393,400,,,51,51,,,234,359,61,155,42,65,158,198,343,16,48,161,252,265,163,166,423,157,334,133,250,165,384,,131,,,235,230,275,149,356,273,163,365,237,198,294,244,150,118,326,123,149,125,114,354,356,354,160,230,127,228,322,94,414,126,365,165,88,302,262,251,226,319,79,193,,,355,223,,,234,101,102,355,221,407,402,395,394,363,343,337,284,253,254,393,388,355,281,332,308,177,327,135,,192,,,b'\x11\xe8\xe1I\xef.\xd3X\x9a\xbe\x12\xdf\x17\xaeN\x1e'
11E8E149-EF2E-D358-9ABE-12DF17AE4E1E,2019-ncaa-d3-conf-NWC,ncaa,4,4,5,4,8,4,3,4,3,3,4,2,7,6,7,6,5,5,6,5,5,5,4,3,4,4,8,7,6,4,4,6,4,4,3,6,9,7,7,8,2,2,9,9,,,8,9,,,4,4,1,7,3,2,2,1,2,7,5,4,5,5,1,1,4,5,3,5,7,2,9,,9,,,4,7,7,4,8,7,3,9,3,5,2,4,9,9,7,9,9,5,6,6,8,6,4,2,9,4,4,3,4,2,3,3,4,2,2,2,5,5,8,9,,,5,5,,,4,6,4,5,4,7,7,5,7,6,3,5,9,9,9,7,9,6,4,4,5,2,6,9,,3,,,b'\x11\xe8\xe1I\xef.\xd3X\x9a\xbe\x12\xdf\x17\xaeN\x1e'
11E8E149-EF2E-D358-9ABE-12DF17AE4E1E,2019-ncaa-d3-natl,ncaa,206,134,390,177,396,250,231,366,55,174,332,24,325,306,327,240,249,266,153,269,161,360,373,75,74,101,342,336,230,306,137,414,281,392,215,376,429,118,252,334,192,108,382,359,,,228,390,,,223,378,112,133,64,58,142,36,165,265,206,114,132,130,127,107,170,382,314,336,286,97,365,,403,,,226,181,175,40,420,242,48,435,80,119,96,250,310,246,414,224,371,49,53,408,427,403,138,77,322,58,281,28,137,32,215,54,31,278,159,135,122,226,191,272,,,250,86,,,223,60,114,384,231,394,366,212,379,185,184,264,404,371,366,257,293,188,123,135,176,138,250,311,,46,,,b'\x11\xe8\xe1I\xef.\xd3X\x9a\xbe\x12\xdf\x17\xaeN\x1e'
11E8E149-EF2E-D358-9ABE-12DF17AE4E1E,2020-ncaa-d3-conf-NWC,ncaa,4,4,5,4,8,2,2,5,2,2,2,2,6,8,2,9,1,1,9,1,1,3,4,2,2,3,7,9,3,4,4,6,8,5,6,4,8,6,5,6,6,6,7,8,,,4,2,,,5,3,1,6,1,2,2,2,1,4,8,1,1,1,1,1,4,6,4,3,6,4,7,,5,,,5,9,9,9,9,8,5,9,8,8,9,8,2,2,4,2,2,7,7,9,9,8,6,7,1,8,8,7,4,7,6,9,7,4,5,7,6,5,4,4,,,1,1,,,5,7,2,8,5,9,9,9,8,6,9,8,2,2,2,8,9,8,8,8,9,3,7,4,,1,,,b'\x11\xe8\xe1I\xef.\xd3X\x9a\xbe\x12\xdf\x17\xaeN\x1e'
11E8E149-EF2E-D358-9ABE-12DF17AE4E1E,2020-ncaa-d3-natl,ncaa,237,111,419,188,421,315,324,416,21,325,408,46,262,374,14,254,240,195,295,217,23,412,421,23,24,35,159,197,127,402,244,427,263,425,278,385,414,16,163,243,344,190,405,364,,,42,253,,,219,421,225,122,66,98,300,124,276,121,248,43,22,27,226,262,323,398,385,291,150,198,379,,251,,,214,47,75,17,419,61,12,415,274,112,428,373,25,21,250,22,198,14,13,428,425,413,292,392,47,16,263,8,244,8,278,73,120,389,206,273,41,225,27,110,,,321,18,,,219,17,53,387,215,361,364,211,305,108,409,348,132,112,131,189,180,128,108,110,280,206,206,87,,31,,,b'\x11\xe8\xe1I\xef.\xd3X\x9a\xbe\x12\xdf\x17\xaeN\x1e'
11E8E149-EF2E-D358-9ABE-12DF17AE4E1E,2021-ncaa-d3-conf-NWC,ncaa,2,5,4,3,4,4,4,4,5,4,4,5,4,4,5,5,2,3,2,3,1,4,4,5,5,5,4,6,1,2,3,4,1,4,2,4,4,4,4,5,4,6,4,6,,,4,3,,,6,4,4,2,4,5,3,5,1,6,5,1,1,1,2,2,3,1,2,4,5,6,6,,3,,,5,4,5,4,5,5,4,7,4,4,3,6,4,4,2,4,3,4,4,6,5,7,2,4,2,4,1,4,3,4,2,5,2,4,6,4,4,4,6,7,,,4,1,,,6,4,5,4,4,5,7,5,6,4,5,6,2,3,3,3,4,1,4,3,4,6,4,7,,1,,,b'\x11\xe8\xe1I\xef.\xd3X\x9a\xbe\x12\xdf\x17\xaeN\x1e'
11E8E149-EF2E-D358-9ABE-12DF17AE4E1E,2021-ncaa-d3-natl,ncaa,101,115,146,112,153,136,148,159,138,135,139,146,155,161,136,208,71,78,117,76,28,145,152,148,127,129,114,200,21,109,62,160,20,143,36,152,176,126,135,160,176,208,194,223,,,123,115,,,179,157,151,29,105,144,158,121,112,172,189,17,16,15,88,96,78,145,105,161,143,216,227,,98,,,170,157,176,127,268,184,117,278,160,152,169,227,112,125,43,123,128,127,119,270,259,265,78,156,39,84,20,110,62,99,36,141,56,174,195,200,131,143,184,213,,,89,13,,,179,131,115,225,170,223,245,143,238,97,206,207,71,105,108,135,81,16,67,30,157,216,141,231,,9,,,b'\x11\xe8\xe1I\xef.\xd3X\x9a\xbe\x12\xdf\x17\xaeN\x1e'
11E8E149-EF2E-D358-9ABE-12DF17AE4E1E,2022-ncaa-d3-conf-NWC,ncaa,7,7,5,7,7,5,6,7,3,5,6,5,9,9,3,9,2,2,2,2,1,7,7,5,2,5,6,8,1,2,1,8,8,7,2,8,7,7,7,8,4,4,6,6,,,2,1,,,6,7,5,5,4,5,7,4,4,9,9,1,1,1,6,4,2,8,7,6,7,3,6,,2,,,6,5,8,4,9,8,5,9,8,5,8,6,1,1,2,1,2,2,3,9,8,7,4,6,1,5,8,1,1,2,2,8,8,5,3,7,4,6,7,8,,,2,1,,,6,3,4,8,6,7,9,7,9,5,8,5,1,1,1,6,6,6,1,3,8,4,5,8,,1,,,b'\x11\xe8\xe1I\xef.\xd3X\x9a\xbe\x12\xdf\x17\xaeN\x1e'
11E8E149-EF2E-D358-9ABE-12DF17AE4E1E,2022-ncaa-d3-natl,ncaa,256,182,376,239,383,312,333,396,103,308,374,128,303,364,95,281,114,160,78,170,20,384,395,105,69,88,144,273,18,283,25,397,284,378,114,355,354,47,216,253,349,243,340,297,,,41,171,,,209,401,395,290,149,220,381,215,284,237,300,12,27,30,319,349,156,395,319,300,165,285,316,,96,,,205,60,107,35,381,100,32,392,192,129,348,332,22,23,129,23,77,29,24,392,377,379,171,325,29,57,284,13,25,13,114,170,257,391,297,359,55,193,104,240,,,216,7,,,209,27,63,370,206,257,319,152,281,110,334,277,37,35,29,107,48,170,8,35,313,345,163,200,,19,,,b'\x11\xe8\xe1I\xef.\xd3X\x9a\xbe\x12\xdf\x17\xaeN\x1e'
11E8E149-EF2E-D358-9ABE-12DF17AE4E1E,2023-ncaa-d3-conf-NWC,ncaa,6,6,5,6,5,5,5,5,6,5,6,6,3,3,5,2,3,4,5,3,2,5,5,6,6,5,2,4,2,2,3,2,2,1,2,6,8,7,6,5,8,8,5,7,,,5,7,,,6,6,3,1,3,5,3,5,6,2,3,2,2,2,3,3,2,1,1,6,7,8,5,,7,,,6,8,7,5,8,9,8,7,2,1,7,1,8,9,3,9,6,6,4,8,8,8,1,1,6,2,2,5,3,4,2,4,3,7,7,6,7,7,2,4,,,1,1,,,6,4,5,7,5,8,8,6,9,9,2,1,9,9,9,8,7,2,7,4,5,7,7,3,,1,,,b'\x11\xe8\xe1I\xef.\xd3X\x9a\xbe\x12\xdf\x17\xaeN\x1e'
11E8E149-EF2E-D358-9ABE-12DF17AE4E1E,2023-ncaa-d3-natl,ncaa,289,247,377,281,378,328,337,374,271,365,397,205,173,156,264,49,307,355,101,351,135,378,394,231,230,242,68,88,182,276,164,314,47,315,81,342,291,93,252,285,392,348,225,207,,,87,283,,,255,397,335,44,264,289,271,332,381,113,70,235,290,290,289,290,178,116,141,304,222,376,170,,210,,,260,65,89,38,320,201,142,274,23,13,194,15,152,137,280,132,173,36,25,265,273,343,35,21,269,17,47,44,164,28,81,52,75,404,376,317,217,330,68,246,,,286,75,,,255,33,224,294,256,230,255,162,336,337,33,19,274,250,251,177,76,53,157,92,148,399,304,136,,119,,,b'\x11\xe8\xe1I\xef.\xd3X\x9a\xbe\x12\xdf\x17\xaeN\x1e'
11E8E149-EF2E-D358-9ABE-12DF17AE4E1E,2024-ncaa-d3-conf-NWC,ncaa,5,5,5,5,5,5,5,4,7,8,6,7,4,2,4,3,3,3,5,3,2,4,5,7,7,7,1,2,2,5,7,5,3,4,6,6,7,1,3,4,7,7,2,3,,,3,4,,,7,5,3,1,5,5,3,8,5,4,2,2,2,2,3,4,5,2,4,5,3,7,2,,5,,,7,8,8,5,7,8,9,7,5,3,7,3,7,7,6,7,5,6,5,7,7,8,4,3,6,4,3,9,7,7,6,3,1,7,7,7,1,2,2,3,,,2,3,,,7,5,6,8,7,8,8,8,8,9,7,3,8,7,7,8,7,5,9,8,5,7,1,2,,1,,,b'\x11\xe8\xe1I\xef.\xd3X\x9a\xbe\x12\xdf\x17\xaeN\x1e'
11E8E149-EF2E-D358-9ABE-12DF17AE4E1E,2024-ncaa-d3-natl,ncaa,271,232,345,270,354,313,348,348,332,367,379,327,176,155,206,81,187,206,167,202,38,339,365,290,254,236,34,81,69,333,331,321,106,339,261,351,318,66,182,269,370,345,63,58,,,140,312,,,284,365,249,193,270,324,272,366,363,130,89,104,117,115,240,294,304,209,268,340,153,361,27,,262,,,285,127,133,78,274,221,195,228,48,28,250,31,280,231,393,229,231,86,45,222,278,352,111,40,334,49,106,176,331,95,261,40,16,395,386,270,48,107,113,259,,,149,17,,,284,63,260,321,286,278,265,227,310,339,80,45,359,312,311,250,136,85,319,229,89,391,94,168,,26,,,b'\x11\xe8\xe1I\xef.\xd3X\x9a\xbe\x12\xdf\x17\xaeN\x1e'
11E8E149-EF2E-D358-9ABE-12DF17AE4E1E,2025-ncaa-d3-conf-NWC,genius_ncaa,6,6,5,6,7,6,8,5,9,8,8,8,6,3,9,2,2,2,1,2,1,4,4,9,8,7,1,4,1,5,7,6,7,6,7,7,6,3,3,7,7,7,5,6,,,6,6,,8,8,4,1,5,6,8,2,8,6,6,2,1,1,1,1,1,3,3,2,7,4,7,5,,6,,8,8,9,9,9,9,9,8,8,5,3,8,2,3,6,1,6,1,9,7,7,7,8,2,3,2,6,7,8,7,8,7,6,3,9,9,9,4,4,9,9,,,3,3,,9,8,6,7,7,8,9,9,9,9,9,5,4,4,6,6,9,9,7,8,8,6,9,5,9,,3,,9,b'\x11\xe8\xe1I\xef.\xd3X\x9a\xbe\x12\xdf\x17\xaeN\x1e'
11E8E149-EF2E-D358-9ABE-12DF17AE4E1E,2025-ncaa-d3-natl,genius_ncaa,312,319,290,317,325,280,320,284,335,343,339,312,160,113,260,67,127,217,15,211,88,279,320,306,268,231,31,96,52,286,317,282,276,288,317,292,197,61,113,194,304,283,228,272,,,175,234,,386,311,323,244,245,245,313,199,348,332,118,70,78,167,160,191,265,261,210,236,280,97,282,214,,237,,400,312,266,301,196,339,313,286,260,194,73,383,65,185,171,246,156,122,182,106,321,318,364,109,150,150,236,276,290,317,273,317,214,115,376,383,348,47,84,325,385,,,302,233,,368,311,95,235,367,313,325,341,297,351,359,234,117,232,230,208,291,200,282,348,324,255,378,81,353,,266,,372,b'\x11\xe8\xe1I\xef.\xd3X\x9a\xbe\x12\xdf\x17\xaeN\x1e'
11E8E149-EF2E-D358-9ABE-12DF17AE4E1E,2026-ncaa-d3-natl,genius_ncaa,390,200,400,390,408,403,403,404,197,402,407,107,380,385,280,55,407,410,114,410,333,405,407,182,205,283,194,128,352,407,396,400,163,404,209,401,255,27,374,329,407,387,384,336,,,17,261,,130,301,407,285,395,360,328,402,329,401,225,183,393,407,407,408,397,411,179,368,322,310,394,304,,212,,349,349,15,18,15,184,14,17,73,49,17,397,139,19,16,277,16,175,12,12,222,220,336,323,338,215,21,163,9,396,10,209,25,270,409,409,391,52,376,55,375,,,408,330,,323,301,11,324,321,345,279,253,302,189,305,345,207,255,224,236,295,141,166,27,60,288,408,323,271,,388,,217,b'\x11\xe8\xe1I\xef.\xd3X\x9a\xbe\x12\xdf\x17\xaeN\x1e'
11E8E149-EF33-702A-9ABE-12DF17AE4E1E,2018-ncaa-d3-conf-MAC Commonwealth,ncaa,6,6,6,6,6,6,6,6,6,7,7,5,2,1,7,2,7,5,7,5,1,6,5,5,5,6,2,4,5,4,4,3,3,3,2,6,5,4,6,6,9,9,5,5,,,2,2,,,6,7,5,2,6,6,4,7,7,2,1,5,4,4,4,2,1,2,2,5,6,9,5,,2,,,6,3,4,6,4,4,5,5,5,7,4,7,3,3,7,3,3,5,3,4,4,5,6,6,4,3,3,4,4,3,2,3,2,8,8,6,4,6,4,6,,,7,5,,,6,3,5,5,6,6,5,8,5,8,5,7,4,4,4,8,6,5,6,6,3,8,6,5,,5,,,b'\x11\xe8\xe1I\xef3p*\x9a\xbe\x12\xdf\x17\xaeN\x1e'
11E8E149-EF33-702A-9ABE-12DF17AE4E1E,2018-ncaa-d3-natl,ncaa,243,223,305,246,307,231,247,236,254,243,288,205,217,158,310,139,161,146,224,152,92,217,243,246,228,231,174,211,120,102,73,168,205,132,112,225,204,184,204,220,357,370,163,191,,,140,164,,,210,294,206,22,170,202,124,207,227,182,110,91,90,89,107,103,51,53,36,181,241,356,142,,197,,,209,172,167,211,153,222,292,127,117,140,175,108,253,249,271,243,193,217,164,123,146,231,163,121,291,256,205,144,73,170,112,80,60,351,368,227,199,205,195,220,,,218,215,,,210,154,197,242,207,257,252,336,284,359,170,173,323,295,291,345,292,318,213,253,134,338,247,233,,147,,,b'\x11\xe8\xe1I\xef3p*\x9a\xbe\x12\xdf\x17\xaeN\x1e'
11E8E149-EF33-702A-9ABE-12DF17AE4E1E,2019-ncaa-d3-conf-MAC Commonwealth,ncaa,3,3,4,3,4,1,1,2,1,1,1,3,2,8,1,8,3,5,2,5,6,2,1,1,1,2,6,6,6,3,3,2,3,1,3,1,1,6,3,2,7,7,7,8,,,8,7,,,2,2,2,1,1,1,1,1,1,2,8,4,4,4,2,2,3,2,2,1,5,7,7,,8,,,2,6,7,7,5,7,6,6,6,7,4,7,3,7,1,6,4,7,7,6,4,6,5,6,1,6,3,3,3,4,3,3,1,5,6,4,6,4,8,7,,,5,5,,,2,7,2,6,3,6,7,8,7,6,6,7,3,5,6,8,8,5,4,4,3,4,5,8,,4,,,b'\x11\xe8\xe1I\xef3p*\x9a\xbe\x12\xdf\x17\xaeN\x1e'
11E8E149-EF33-702A-9ABE-12DF17AE4E1E,2019-ncaa-d3-natl,ncaa,78,90,67,92,75,69,68,72,97,35,19,180,318,386,70,427,24,66,12,57,262,68,77,159,104,97,370,398,77,80,94,48,125,47,81,33,20,248,140,47,187,233,167,217,,,358,291,,,90,85,194,41,67,75,115,29,20,363,410,24,89,79,93,123,117,68,59,26,171,227,195,,302,,,87,270,291,361,143,324,372,158,168,224,132,131,248,297,68,299,187,364,345,130,115,143,123,139,217,273,125,249,94,259,81,90,25,159,224,97,319,241,397,247,,,65,131,,,90,345,92,141,93,167,189,257,244,302,121,152,183,230,227,252,245,201,145,158,60,222,264,375,,92,,,b'\x11\xe8\xe1I\xef3p*\x9a\xbe\x12\xdf\x17\xaeN\x1e'
11E8E149-EF33-702A-9ABE-12DF17AE4E1E,2020-ncaa-d3-conf-MAC Commonwealth,ncaa,2,2,4,2,5,3,3,4,1,3,4,2,2,4,1,5,4,4,2,4,6,4,5,1,1,2,5,2,7,6,7,3,6,4,7,1,1,2,2,1,4,3,3,5,,,3,3,,,3,4,5,4,2,2,2,3,3,1,4,5,5,5,3,6,6,3,4,1,2,3,4,,5,,,3,6,7,8,6,6,8,4,6,6,7,7,5,4,4,4,5,8,6,5,3,4,5,7,4,7,6,5,7,5,7,2,1,5,4,2,2,3,3,4,,,5,6,,,3,6,2,4,3,5,8,7,6,8,6,7,5,5,5,6,6,7,6,7,2,4,3,4,,7,,,b'\x11\xe8\xe1I\xef3p*\x9a\xbe\x12\xdf\x17\xaeN\x1e'
11E8E149-EF33-702A-9ABE-12DF17AE4E1E,2020-ncaa-d3-natl,ncaa,48,46,65,50,67,65,48,84,32,37,41,108,159,297,8,361,134,147,165,149,324,92,102,55,64,49,325,285,307,202,253,88,303,130,264,18,39,148,87,20,157,230,139,215,,,215,100,,,102,77,232,13,72,41,137,40,63,197,344,180,211,215,143,208,253,134,203,15,90,203,160,,135,,,105,325,367,396,195,382,416,148,214,187,251,87,148,194,59,192,68,394,384,159,120,150,67,148,91,393,303,318,253,367,264,182,51,154,246,143,201,154,371,255,,,134,201,,,102,363,66,205,106,215,279,320,310,385,164,123,98,138,137,286,288,338,218,286,135,197,152,340,,202,,,b'\x11\xe8\xe1I\xef3p*\x9a\xbe\x12\xdf\x17\xaeN\x1e'
11E8E149-EF33-702A-9ABE-12DF17AE4E1E,2021-ncaa-d3-conf-MAC Commonwealth,ncaa,2,2,4,2,4,2,2,4,1,2,2,2,3,7,1,7,4,4,2,4,6,4,4,1,2,2,7,4,6,5,5,2,1,4,1,2,1,5,3,3,6,7,3,4,,,3,2,,,2,4,5,2,2,2,4,2,1,5,7,5,5,5,5,7,6,1,2,1,3,7,4,,2,,,2,5,5,4,4,5,4,3,7,6,4,7,1,3,1,3,1,4,4,4,3,5,3,6,1,4,1,2,5,4,1,6,3,6,7,7,4,3,5,3,,,4,5,,,2,4,2,5,2,4,6,7,3,7,6,7,1,1,1,6,3,5,1,1,3,7,3,4,,5,,,b'\x11\xe8\xe1I\xef3p*\x9a\xbe\x12\xdf\x17\xaeN\x1e'
11E8E149-EF33-702A-9ABE-12DF17AE4E1E,2021-ncaa-d3-natl,ncaa,63,115,81,91,99,109,89,107,58,73,65,127,146,190,19,272,156,169,83,168,272,114,114,88,97,122,267,224,254,110,122,75,90,88,68,68,67,180,172,87,118,165,41,49,,,130,31,,,95,113,218,108,162,102,194,57,42,210,275,240,258,252,235,230,182,68,117,71,129,179,33,,22,,,109,162,187,198,106,208,218,103,131,144,86,72,104,119,44,118,27,185,169,83,58,100,29,73,32,179,90,147,122,153,68,165,92,149,228,191,199,200,210,147,,,161,258,,,95,174,128,101,112,79,139,183,172,225,59,77,25,34,34,140,70,132,44,64,112,242,168,199,,266,,,b'\x11\xe8\xe1I\xef3p*\x9a\xbe\x12\xdf\x17\xaeN\x1e'
11E8E149-EF33-702A-9ABE-12DF17AE4E1E,2022-ncaa-d3-conf-MAC Commonwealth,ncaa,3,2,3,3,8,2,2,3,2,2,6,2,3,4,5,5,1,1,4,1,1,2,4,2,2,2,4,5,1,7,5,8,4,8,3,3,4,3,2,3,2,2,7,8,,,3,2,,,3,3,3,7,1,2,2,2,6,2,3,1,1,1,2,4,6,8,8,2,3,2,8,,3,,,3,6,8,7,9,8,5,9,5,6,3,7,2,2,6,2,1,6,7,9,8,5,2,4,1,3,4,2,5,2,3,6,3,2,2,3,5,3,5,5,,,1,1,,,3,7,2,4,3,6,8,7,8,6,5,6,3,3,3,6,7,3,2,2,5,2,5,5,,1,,,b'\x11\xe8\xe1I\xef3p*\x9a\xbe\x12\xdf\x17\xaeN\x1e'
11E8E149-EF33-702A-9ABE-12DF17AE4E1E,2022-ncaa-d3-natl,ncaa,62,79,61,75,72,78,93,107,91,76,106,81,152,160,182,246,22,28,166,28,87,85,94,100,93,89,231,275,108,181,201,219,186,200,207,118,239,213,119,132,125,160,156,193,,,185,90,,,123,83,179,181,93,124,203,98,188,209,227,54,63,62,152,209,247,353,325,160,128,172,191,,83,,,132,321,363,306,311,383,314,356,185,258,85,205,161,156,219,160,103,295,331,286,258,209,50,121,82,196,186,235,201,216,207,215,60,76,100,95,216,154,346,297,,,69,126,,,123,351,103,174,133,194,258,165,305,192,107,170,93,79,84,141,191,107,110,103,130,122,160,313,,128,,,b'\x11\xe8\xe1I\xef3p*\x9a\xbe\x12\xdf\x17\xaeN\x1e'
11E8E149-EF33-702A-9ABE-12DF17AE4E1E,2023-ncaa-d3-conf-MAC Commonwealth,ncaa,5,6,1,5,1,3,3,2,5,2,4,3,5,3,8,5,1,1,3,1,1,2,2,6,5,4,5,7,1,5,7,4,2,5,5,5,5,4,2,6,8,9,3,3,,,8,7,,,6,2,4,4,3,6,4,4,6,6,5,1,1,1,4,6,6,6,7,6,3,9,3,,7,,,5,9,9,8,7,9,7,6,8,8,8,5,8,8,6,8,6,9,8,7,6,8,6,7,5,6,2,6,7,7,5,9,3,7,9,8,7,5,8,6,,,1,3,,,6,8,4,7,5,8,7,7,6,7,8,5,7,7,7,8,4,2,3,2,6,9,5,6,,2,,,b'\x11\xe8\xe1I\xef3p*\x9a\xbe\x12\xdf\x17\xaeN\x1e'
11E8E149-EF33-702A-9ABE-12DF17AE4E1E,2023-ncaa-d3-natl,ncaa,248,297,109,271,162,238,250,241,264,209,216,209,304,214,370,240,90,74,240,79,69,216,246,291,260,246,236,318,52,235,238,201,262,210,237,299,332,154,170,273,387,402,70,96,,,257,257,,,275,236,309,288,293,306,325,259,278,327,255,91,82,89,287,337,268,263,279,337,130,409,74,,224,,,270,263,283,303,204,319,360,169,176,169,227,107,249,216,324,211,125,299,219,175,186,271,130,146,200,269,262,189,238,218,237,229,142,333,370,327,239,255,343,335,,,151,92,,,275,203,254,281,269,215,236,257,276,313,154,126,221,188,180,234,147,231,137,172,193,375,215,336,,168,,,b'\x11\xe8\xe1I\xef3p*\x9a\xbe\x12\xdf\x17\xaeN\x1e'
11E8E149-EF33-702A-9ABE-12DF17AE4E1E,2024-ncaa-d3-conf-MAC Commonwealth,ncaa,2,2,1,2,1,1,1,2,2,2,2,1,3,3,4,5,1,1,3,1,1,1,1,1,2,2,6,5,3,4,2,1,2,1,1,4,8,7,5,5,4,5,3,4,,,8,6,,,2,1,1,1,1,1,4,2,4,3,4,2,2,2,4,4,6,2,4,4,5,5,4,,7,,,2,7,7,8,2,7,8,2,5,7,4,4,6,7,3,7,2,8,8,2,1,3,5,3,5,4,2,2,2,3,1,2,1,6,7,2,6,3,6,5,,,1,1,,,2,8,2,3,2,3,3,7,5,6,4,5,4,4,3,7,5,2,2,2,2,7,3,5,,1,,,b'\x11\xe8\xe1I\xef3p*\x9a\xbe\x12\xdf\x17\xaeN\x1e'
11E8E149-EF33-702A-9ABE-12DF17AE4E1E,2024-ncaa-d3-natl,ncaa,20,30,17,31,30,46,60,69,87,61,92,55,133,104,203,208,32,29,153,25,89,61,57,95,84,103,238,257,147,122,124,26,100,49,75,93,238,320,197,170,109,189,25,76,,,343,219,,,69,36,199,244,105,126,216,120,235,203,198,83,99,95,190,219,226,86,138,168,193,204,55,,202,,,82,278,292,402,69,312,406,50,186,243,115,101,255,323,28,310,140,403,385,55,40,64,139,144,196,265,100,238,124,259,75,172,52,140,269,123,275,155,391,321,,,28,100,,,69,391,113,62,77,91,117,224,161,291,88,101,127,199,187,205,187,131,52,65,65,273,148,324,,124,,,b'\x11\xe8\xe1I\xef3p*\x9a\xbe\x12\xdf\x17\xaeN\x1e'
11E8E149-EF33-702A-9ABE-12DF17AE4E1E,2025-ncaa-d3-conf-MAC Commonwealth,genius_ncaa,2,2,1,2,1,2,2,3,2,2,3,2,4,4,5,5,1,1,2,1,1,2,2,2,2,2,3,5,1,2,4,2,6,2,4,2,2,7,5,2,2,2,2,2,,,8,8,,8,3,1,5,2,2,2,7,2,6,5,6,1,1,1,4,5,5,5,6,2,5,2,3,,7,,6,3,7,7,7,4,5,7,4,6,6,6,3,8,8,6,8,8,8,8,4,5,5,7,5,8,6,6,4,4,4,4,6,4,2,2,3,7,4,5,6,,,1,1,,8,3,8,2,5,3,4,2,2,2,3,5,3,8,8,8,3,4,3,3,3,3,3,3,5,,1,,8,b'\x11\xe8\xe1I\xef3p*\x9a\xbe\x12\xdf\x17\xaeN\x1e'
11E8E149-EF33-702A-9ABE-12DF17AE4E1E,2025-ncaa-d3-natl,genius_ncaa,82,94,55,92,57,122,142,158,127,89,92,134,308,302,296,348,30,33,119,31,78,129,78,179,137,194,303,371,35,77,66,91,179,79,80,92,75,363,300,220,142,189,103,132,,,381,357,,395,174,87,207,26,167,189,260,109,140,350,346,31,41,40,196,134,101,142,111,107,306,184,115,,357,,389,174,304,249,279,165,299,360,121,109,84,228,33,391,397,217,401,334,333,333,146,167,175,186,58,377,262,179,175,66,213,80,210,156,120,184,151,347,288,373,298,,,47,63,,285,174,332,179,171,175,189,152,159,211,281,78,43,367,366,378,213,226,190,89,123,143,172,296,336,,57,,309,b'\x11\xe8\xe1I\xef3p*\x9a\xbe\x12\xdf\x17\xaeN\x1e'
11E8E149-EF33-702A-9ABE-12DF17AE4E1E,2026-ncaa-d3-natl,genius_ncaa,98,21,327,49,337,279,235,308,106,181,214,153,329,368,145,364,314,338,153,334,366,313,335,145,157,127,378,336,300,226,82,331,70,303,65,173,91,55,92,50,174,49,304,193,,,59,157,,306,54,351,166,113,85,45,53,25,17,278,334,204,249,245,69,118,74,145,96,35,129,53,240,,139,,386,29,29,30,50,41,29,38,114,75,126,60,375,36,24,271,23,136,44,52,54,53,15,284,308,187,45,70,67,82,59,65,40,171,204,32,24,70,99,210,229,,,323,240,,169,54,62,90,13,28,24,34,93,37,49,147,298,63,43,38,58,157,89,177,119,63,41,134,328,,188,,114,b'\x11\xe8\xe1I\xef3p*\x9a\xbe\x12\xdf\x17\xaeN\x1e'
11E8E149-EF38-357E-9ABE-12DF17AE4E1E,2018-ncaa-d3-conf-MAC Freedom,ncaa,8,8,5,8,6,8,8,8,8,8,8,8,7,6,8,3,2,2,5,2,1,6,4,8,8,8,1,6,1,6,6,7,8,7,8,8,4,8,8,8,8,8,7,7,,,7,4,,,8,5,2,5,8,8,8,8,8,7,4,2,1,1,5,3,6,7,7,8,8,8,7,,8,,,8,8,8,7,8,8,7,8,8,8,8,5,7,7,3,7,6,8,6,8,8,8,4,7,5,8,8,5,6,7,8,8,1,8,8,8,8,8,6,8,,,3,2,,,8,4,8,8,8,8,8,8,8,8,8,8,8,8,8,8,8,8,8,8,8,8,8,7,,1,,,b'\x11\xe8\xe1I\xef85~\x9a\xbe\x12\xdf\x17\xaeN\x1e'
11E8E149-EF38-357E-9ABE-12DF17AE4E1E,2018-ncaa-d3-natl,ncaa,417,394,390,418,403,393,402,407,372,391,382,360,382,358,384,277,200,131,364,133,11,389,372,379,363,385,153,321,8,391,381,395,432,404,424,397,288,341,408,410,402,415,346,372,,,199,235,,,429,360,64,303,364,394,364,363,302,347,298,68,24,23,270,114,322,311,341,381,412,372,323,,376,,,426,389,404,259,418,399,284,414,279,212,343,178,260,294,128,285,252,269,164,411,402,433,117,164,139,416,432,188,381,321,424,241,61,404,428,392,401,424,353,425,,,208,53,,,429,83,394,440,428,439,436,428,433,419,371,343,394,402,401,436,419,435,374,421,355,354,421,416,,28,,,b'\x11\xe8\xe1I\xef85~\x9a\xbe\x12\xdf\x17\xaeN\x1e'
11E8E149-EF38-357E-9ABE-12DF17AE4E1E,2019-ncaa-d3-conf-MAC Freedom,ncaa,7,7,5,7,5,8,8,8,7,8,8,6,4,4,5,3,5,3,7,3,1,7,7,6,6,7,1,2,1,7,7,4,4,5,4,5,5,8,8,8,8,8,6,6,,,2,5,,,8,5,3,1,8,8,8,8,8,4,3,2,1,1,7,5,6,2,4,5,8,8,6,,5,,,8,8,6,6,5,5,4,7,8,8,6,8,3,3,7,3,4,5,3,7,6,8,6,7,2,4,4,5,7,3,4,8,6,8,8,8,8,8,4,8,,,3,1,,,8,3,7,8,8,8,7,8,7,6,8,8,5,4,4,7,7,5,7,7,8,8,8,5,,1,,,b'\x11\xe8\xe1I\xef85~\x9a\xbe\x12\xdf\x17\xaeN\x1e'
11E8E149-EF38-357E-9ABE-12DF17AE4E1E,2019-ncaa-d3-natl,ncaa,356,331,365,363,375,283,335,370,266,340,373,244,260,260,259,198,75,58,257,59,7,337,310,256,210,272,80,224,9,366,346,217,175,294,253,343,297,328,366,373,397,401,372,376,,,253,305,,,375,266,40,147,184,290,292,292,311,204,177,14,9,10,162,83,308,48,124,311,396,378,365,,384,,,377,361,306,230,314,205,145,288,406,354,399,352,356,304,418,303,332,247,151,354,373,416,391,381,282,176,175,194,346,173,253,303,250,385,406,400,385,403,287,374,,,69,9,,,375,164,302,405,372,424,391,402,318,305,434,411,417,384,383,412,383,285,335,322,372,358,412,355,,1,,,b'\x11\xe8\xe1I\xef85~\x9a\xbe\x12\xdf\x17\xaeN\x1e'
11E8E149-EF38-357E-9ABE-12DF17AE4E1E,2020-ncaa-d3-conf-MAC Freedom,ncaa,7,7,5,7,6,7,7,7,7,7,8,6,6,2,7,1,6,6,7,6,1,7,7,7,7,7,1,1,4,7,5,7,6,7,5,8,8,7,7,8,8,8,8,8,,,3,5,,,7,7,7,3,7,7,7,7,8,5,2,6,5,5,7,7,6,5,6,8,7,8,8,,5,,,7,6,6,3,6,4,2,6,8,8,8,8,3,4,2,4,5,4,1,8,7,7,8,8,2,5,6,2,5,5,5,5,2,8,8,7,7,7,8,8,,,4,1,,,7,1,7,7,7,7,6,6,5,4,8,8,4,5,5,7,4,6,5,6,6,8,7,8,,2,,,b'\x11\xe8\xe1I\xef85~\x9a\xbe\x12\xdf\x17\xaeN\x1e'
11E8E149-EF38-357E-9ABE-12DF17AE4E1E,2020-ncaa-d3-natl,ncaa,306,306,327,316,357,369,391,377,386,402,404,376,203,152,316,66,235,178,337,170,14,368,341,356,349,371,29,79,44,286,275,203,296,238,279,388,289,356,389,402,357,353,305,295,,,209,261,,,360,345,215,303,377,400,391,415,413,182,99,183,119,112,351,241,230,95,156,397,378,344,300,,297,,,359,188,183,202,173,102,135,143,367,325,355,337,158,219,52,216,269,200,132,233,199,273,359,386,165,315,296,214,275,271,279,152,137,339,341,282,370,391,436,438,,,92,14,,,360,95,372,307,358,279,267,318,172,217,383,363,215,274,274,319,272,347,299,325,199,313,378,437,,20,,,b'\x11\xe8\xe1I\xef85~\x9a\xbe\x12\xdf\x17\xaeN\x1e'
11E8E149-EF38-357E-9ABE-12DF17AE4E1E,2021-ncaa-d3-conf-MAC Freedom,ncaa,5,7,2,6,3,4,4,5,6,4,5,6,2,1,4,1,5,4,7,4,1,4,4,6,6,7,1,1,6,5,5,2,6,4,7,5,7,7,5,7,4,7,4,5,,,7,7,,,6,2,5,3,7,7,6,7,8,2,1,7,7,7,5,6,4,5,5,7,5,7,5,,7,,,6,7,6,5,4,5,4,5,7,6,6,5,8,8,5,8,8,8,7,5,5,5,7,4,7,7,6,7,5,7,7,6,6,4,6,6,7,6,6,7,,,2,2,,,6,6,7,6,6,6,5,3,3,3,5,6,7,7,7,6,4,5,7,7,5,6,6,6,,2,,,b'\x11\xe8\xe1I\xef85~\x9a\xbe\x12\xdf\x17\xaeN\x1e'
11E8E149-EF38-357E-9ABE-12DF17AE4E1E,2021-ncaa-d3-natl,ncaa,148,214,112,193,130,163,157,145,211,167,163,219,99,99,119,50,190,169,267,174,191,151,145,184,205,214,73,32,247,138,202,122,155,129,188,161,195,184,229,229,156,199,96,86,,,164,203,,,202,144,223,110,243,230,233,247,250,90,103,262,234,244,251,233,179,146,170,223,196,212,92,,156,,,181,134,127,139,86,139,152,96,112,129,82,88,193,194,156,195,215,143,144,79,97,118,144,63,252,163,155,182,202,174,188,141,161,141,159,145,193,224,233,273,,,143,156,,,202,143,221,127,184,91,66,66,103,116,52,74,219,214,210,93,71,152,193,181,107,177,204,257,,201,,,b'\x11\xe8\xe1I\xef85~\x9a\xbe\x12\xdf\x17\xaeN\x1e'
11E8E149-EF38-357E-9ABE-12DF17AE4E1E,2022-ncaa-d3-conf-MAC Freedom,ncaa,5,5,5,5,5,6,5,6,7,8,6,8,6,6,5,4,7,7,5,7,5,6,6,6,6,6,3,4,4,8,8,6,8,7,8,6,8,7,6,6,8,8,4,4,,,9,9,,,6,6,5,2,7,7,8,8,7,5,6,5,6,6,8,8,9,8,8,8,6,8,4,,9,,,6,7,5,2,6,3,2,4,8,4,7,4,9,9,3,9,9,3,5,6,7,6,8,7,9,8,8,8,8,8,8,8,8,4,4,5,3,4,4,6,,,2,1,,,6,4,6,6,7,6,4,4,3,3,7,6,8,9,9,5,7,7,8,7,7,4,4,4,,1,,,b'\x11\xe8\xe1I\xef85~\x9a\xbe\x12\xdf\x17\xaeN\x1e'
11E8E149-EF38-357E-9ABE-12DF17AE4E1E,2022-ncaa-d3-natl,ncaa,328,290,345,332,366,389,397,374,384,399,363,402,278,306,228,178,348,363,199,363,241,380,379,376,369,374,88,121,138,393,398,363,347,378,386,373,200,145,331,345,357,341,223,107,,,284,419,,,353,365,248,290,394,398,360,398,327,234,230,320,340,334,375,345,386,305,370,356,282,327,165,,404,,,352,82,50,50,166,30,31,167,269,223,311,369,275,284,245,290,411,57,74,215,246,230,414,367,376,226,347,196,398,195,386,213,407,259,159,261,156,290,354,418,,,260,38,,,353,63,381,265,358,232,139,134,80,48,360,344,366,369,372,192,223,332,364,354,311,156,247,415,,87,,,b'\x11\xe8\xe1I\xef85~\x9a\xbe\x12\xdf\x17\xaeN\x1e'
11E8E149-EF38-357E-9ABE-12DF17AE4E1E,2023-ncaa-d3-conf-MAC Freedom,ncaa,6,4,6,6,6,7,7,6,8,5,6,6,6,5,7,5,6,4,8,4,4,6,7,8,8,8,5,6,3,7,8,8,8,8,8,8,8,3,5,6,3,3,5,5,,,9,9,,,6,6,5,1,7,7,4,5,5,6,4,6,3,3,4,5,6,8,8,8,5,3,5,,9,,,6,2,2,1,5,2,2,3,4,2,8,2,9,9,4,9,9,2,3,7,7,4,8,5,9,4,8,8,8,6,8,4,5,3,3,3,3,3,2,4,,,5,4,,,6,3,8,5,6,5,3,2,2,2,5,2,9,9,9,2,6,6,8,8,4,3,3,5,,2,,,b'\x11\xe8\xe1I\xef85~\x9a\xbe\x12\xdf\x17\xaeN\x1e'
11E8E149-EF38-357E-9ABE-12DF17AE4E1E,2023-ncaa-d3-natl,ncaa,289,325,185,314,198,340,329,212,396,311,229,374,304,153,404,151,340,285,397,284,256,226,216,395,406,380,244,214,237,187,311,287,301,255,358,324,259,231,250,332,70,55,180,156,,,404,422,,,312,226,242,71,379,371,178,344,242,309,146,367,298,302,206,196,182,320,259,346,254,61,183,,413,,,309,119,54,59,144,69,98,111,114,80,276,105,390,411,53,412,424,118,199,148,193,101,364,159,417,258,301,408,311,384,358,160,326,76,49,81,177,188,374,377,,,197,177,,,312,180,377,124,315,125,59,41,71,86,122,74,390,406,410,101,213,253,408,371,171,61,186,386,,174,,,b'\x11\xe8\xe1I\xef85~\x9a\xbe\x12\xdf\x17\xaeN\x1e'
11E8E149-EF38-357E-9ABE-12DF17AE4E1E,2024-ncaa-d3-conf-Landmark,ncaa,8,8,7,8,7,7,7,10,5,7,9,5,6,6,6,4,8,6,10,6,1,10,10,5,5,5,5,4,5,9,9,6,9,9,9,7,8,8,9,8,8,8,1,1,,,8,8,,,6,9,5,3,6,6,10,7,9,6,5,8,4,4,10,10,9,6,9,7,8,7,1,,9,,,7,6,6,7,4,6,8,5,6,4,6,4,8,8,6,8,6,7,7,4,5,6,7,4,8,9,9,5,9,9,9,5,5,7,7,6,7,7,3,8,,,5,1,,,6,2,8,8,7,8,8,9,7,9,6,6,10,10,10,9,9,9,7,9,5,7,7,6,,2,,,b'\x11\xe8\xe1I\xef85~\x9a\xbe\x12\xdf\x17\xaeN\x1e'
11E8E149-EF38-357E-9ABE-12DF17AE4E1E,2024-ncaa-d3-natl,ncaa,271,297,200,289,208,289,285,306,253,280,310,198,260,203,340,168,279,168,410,165,67,289,252,260,291,334,228,226,199,302,336,201,397,252,375,314,338,342,342,351,148,176,17,17,,,357,341,,,317,221,211,52,317,304,341,282,333,271,204,283,145,145,316,233,309,183,254,341,332,135,16,,377,,,313,218,165,282,80,202,285,91,143,220,64,170,372,361,313,363,313,306,300,66,96,126,277,130,376,410,397,319,336,394,375,189,212,193,249,171,312,320,328,374,,,140,65,,,317,197,339,237,312,227,177,320,206,311,152,242,381,373,374,347,335,407,323,384,190,172,309,342,,85,,,b'\x11\xe8\xe1I\xef85~\x9a\xbe\x12\xdf\x17\xaeN\x1e'
11E8E149-EF38-357E-9ABE-12DF17AE4E1E,2025-ncaa-d3-conf-Landmark,genius_ncaa,10,10,7,10,8,10,10,8,10,10,10,9,7,4,10,1,9,6,8,6,1,8,8,10,9,10,2,4,1,9,10,8,10,9,10,10,9,10,10,10,5,7,8,8,,,6,5,,1,10,7,3,2,10,10,10,10,10,8,3,8,5,5,10,7,9,8,10,10,10,5,8,,7,,1,10,9,9,9,8,9,5,9,10,10,7,10,6,6,6,6,7,9,7,8,8,10,6,9,3,10,10,9,10,9,10,9,9,7,8,10,10,10,8,10,,,9,5,,10,10,4,10,10,10,9,9,9,9,5,10,10,7,7,7,8,9,10,9,9,9,7,9,9,,5,,10,b'\x11\xe8\xe1I\xef85~\x9a\xbe\x12\xdf\x17\xaeN\x1e'
11E8E149-EF38-357E-9ABE-12DF17AE4E1E,2025-ncaa-d3-natl,genius_ncaa,412,418,192,412,218,362,377,306,399,388,380,372,255,71,398,29,229,190,308,195,33,297,207,393,389,389,29,111,32,336,393,263,410,299,409,403,414,377,376,407,215,297,278,305,,,247,147,,122,411,163,109,127,388,400,343,408,405,254,58,220,172,182,322,180,346,259,329,412,367,213,278,,270,,125,402,408,402,396,336,377,292,371,401,412,243,379,308,298,253,299,256,399,357,344,343,375,275,328,146,416,410,402,393,411,409,406,355,273,371,393,395,384,355,408,,,188,171,,209,411,264,393,400,402,395,384,395,376,321,394,411,330,322,323,397,383,411,397,408,393,286,376,355,,166,,207,b'\x11\xe8\xe1I\xef85~\x9a\xbe\x12\xdf\x17\xaeN\x1e'
11E8E149-EF38-357E-9ABE-12DF17AE4E1E,2026-ncaa-d3-conf-Landmark,genius_ncaa,9,9,1,9,1,9,10,4,10,10,9,10,7,2,9,1,5,3,7,3,1,4,2,10,10,9,1,4,1,4,6,5,10,5,8,9,9,7,7,8,9,9,1,2,,,4,3,,8,9,2,2,1,9,10,4,10,9,7,2,5,3,3,4,2,4,5,5,9,7,9,1,,4,,8,9,9,9,10,6,7,10,5,9,9,10,5,5,3,7,3,3,10,10,8,7,7,7,8,4,10,10,10,6,10,8,9,7,5,8,9,8,8,8,9,,,5,7,,2,9,9,9,8,9,9,9,10,7,10,9,9,5,3,3,10,10,10,10,10,9,5,8,8,,5,,2,b'\x11\xe8\xe1I\xef85~\x9a\xbe\x12\xdf\x17\xaeN\x1e'
11E8E149-EF38-357E-9ABE-12DF17AE4E1E,2026-ncaa-d3-natl,genius_ncaa,288,329,116,323,202,262,280,134,390,257,204,307,268,61,406,81,168,84,374,87,77,127,133,392,392,375,211,281,90,114,291,108,343,111,345,333,353,255,187,342,153,233,58,129,,,282,193,,197,335,138,114,375,346,350,108,308,267,323,58,184,89,95,92,106,125,93,96,375,218,182,62,,266,,177,328,282,266,322,105,263,353,47,274,233,311,103,299,288,263,271,143,323,309,100,119,158,250,220,264,384,343,382,291,384,345,321,331,173,272,280,307,266,226,238,,,103,143,,76,335,271,363,233,329,268,241,353,230,371,251,195,302,281,254,351,342,380,402,396,314,202,294,213,,95,,93,b'\x11\xe8\xe1I\xef85~\x9a\xbe\x12\xdf\x17\xaeN\x1e'
11E8E149-EF3C-AEE2-9ABE-12DF17AE4E1E,2018-ncaa-d3-conf-NWC,ncaa,3,3,1,3,1,3,5,6,6,9,9,6,1,1,1,1,4,4,2,4,2,4,5,4,3,3,1,1,6,8,8,1,4,4,5,3,4,2,3,3,8,9,4,6,,,3,2,,,3,5,9,1,7,8,9,9,9,1,2,5,5,5,9,9,9,5,9,8,1,9,4,,1,,,3,6,8,7,7,9,9,3,1,1,9,1,2,2,4,2,1,7,6,4,4,5,1,1,2,4,4,7,8,6,5,3,1,7,8,3,1,1,3,3,,,3,3,,,3,6,3,3,3,3,4,5,8,8,1,1,2,2,2,3,1,3,5,5,2,9,1,2,,5,,,b'\x11\xe8\xe1I\xef<\xae\xe2\x9a\xbe\x12\xdf\x17\xaeN\x1e'
11E8E149-EF3C-AEE2-9ABE-12DF17AE4E1E,2018-ncaa-d3-natl,ncaa,151,88,363,125,363,303,327,395,138,384,425,138,69,129,38,31,300,337,152,341,58,398,422,64,63,64,22,25,260,420,390,376,173,408,293,309,232,22,138,141,428,428,307,317,,,55,180,,,252,415,423,20,219,271,401,379,436,30,59,248,288,289,394,430,427,326,414,258,58,434,284,,79,,,251,113,190,69,387,313,240,325,36,12,386,18,76,70,318,61,48,57,27,342,339,392,21,41,100,60,173,58,390,48,293,46,9,429,423,330,63,221,23,118,,,312,38,,,252,30,117,376,250,255,326,209,380,367,74,12,126,105,91,161,43,124,154,121,95,438,112,28,,195,,,b'\x11\xe8\xe1I\xef<\xae\xe2\x9a\xbe\x12\xdf\x17\xaeN\x1e'
11E8E149-EF3C-AEE2-9ABE-12DF17AE4E1E,2019-ncaa-d3-conf-NWC,ncaa,7,7,5,7,6,7,6,7,6,8,8,6,4,4,4,2,9,8,7,8,9,7,8,5,6,6,3,2,9,9,9,3,6,7,7,7,4,2,3,4,8,8,2,3,,,2,3,,,6,8,8,4,7,6,7,8,8,4,3,9,8,8,7,8,9,3,7,7,2,8,2,,3,,,6,3,4,5,3,6,8,2,2,1,6,1,4,3,8,3,2,4,2,3,3,5,3,3,6,6,6,8,9,7,7,1,3,9,8,8,2,6,3,3,,,8,7,,,6,2,6,6,6,5,6,7,6,8,2,2,6,5,5,6,2,7,9,8,3,9,4,3,,8,,,b'\x11\xe8\xe1I\xef<\xae\xe2\x9a\xbe\x12\xdf\x17\xaeN\x1e'
11E8E149-EF3C-AEE2-9ABE-12DF17AE4E1E,2019-ncaa-d3-natl,ncaa,263,162,407,230,411,394,386,427,146,396,423,118,236,299,114,67,409,418,225,418,264,425,434,108,127,122,140,77,369,437,428,399,178,424,311,384,337,8,150,179,437,429,280,235,,,40,266,,,263,430,430,59,308,286,398,336,400,124,148,373,387,387,418,438,437,228,408,340,37,434,193,,159,,,272,29,43,25,262,103,89,208,16,9,236,32,94,65,410,69,136,27,12,206,230,373,65,44,257,28,178,22,428,22,311,12,16,436,432,364,48,293,6,36,,,392,47,,,263,13,196,371,282,207,246,204,311,348,58,38,248,188,193,208,33,160,159,152,49,441,176,8,,240,,,b'\x11\xe8\xe1I\xef<\xae\xe2\x9a\xbe\x12\xdf\x17\xaeN\x1e'
11E8E149-EF3C-AEE2-9ABE-12DF17AE4E1E,2020-ncaa-d3-conf-NWC,ncaa,4,4,5,4,6,7,7,8,5,8,8,3,2,2,7,1,9,8,8,9,6,8,9,3,4,6,3,2,8,8,9,8,7,8,8,4,2,4,6,4,7,7,4,4,,,2,3,,,7,9,6,3,7,6,8,7,8,1,1,8,8,8,8,8,8,8,8,3,5,7,3,,4,,,7,4,6,4,5,9,9,5,1,1,2,1,3,3,8,3,1,4,1,4,4,6,1,1,4,7,7,5,9,6,8,3,1,7,7,6,3,4,2,3,,,7,3,,,7,1,7,6,7,5,6,6,9,9,1,1,4,3,3,6,5,7,6,7,4,7,4,3,,5,,,b'\x11\xe8\xe1I\xef<\xae\xe2\x9a\xbe\x12\xdf\x17\xaeN\x1e'
11E8E149-EF3C-AEE2-9ABE-12DF17AE4E1E,2020-ncaa-d3-natl,ncaa,237,163,398,211,399,351,343,413,92,356,418,61,215,287,116,103,374,383,268,386,153,413,421,63,82,102,157,114,324,425,397,407,176,418,307,340,288,21,204,195,402,339,267,254,,,44,234,,,266,419,412,73,262,263,400,301,404,146,186,325,320,329,405,429,426,347,413,271,88,379,227,,124,,,276,50,87,25,371,213,130,321,12,9,262,13,113,59,420,61,100,22,20,311,333,390,18,13,222,26,176,19,397,18,307,12,4,426,396,253,52,257,17,64,,,321,18,,,266,22,177,361,277,243,290,162,368,343,30,14,238,170,175,150,41,102,116,101,31,422,158,21,,140,,,b'\x11\xe8\xe1I\xef<\xae\xe2\x9a\xbe\x12\xdf\x17\xaeN\x1e'
11E8E149-EF3C-AEE2-9ABE-12DF17AE4E1E,2022-ncaa-d3-conf-NWC,ncaa,5,4,5,5,8,7,5,8,2,4,8,2,7,8,4,7,7,7,7,7,7,8,9,2,4,4,8,7,7,9,9,5,3,8,5,2,2,2,6,2,8,7,5,7,,,1,2,,,5,8,6,8,7,4,8,3,6,6,7,7,7,7,8,9,9,2,8,2,5,8,5,,1,,,5,1,4,1,6,6,6,7,1,1,3,3,2,2,1,2,3,1,1,5,3,5,2,3,2,1,3,3,9,1,5,2,1,8,7,3,7,7,5,5,,,7,3,,,5,1,6,4,5,3,4,4,6,7,3,3,2,3,4,3,2,3,4,2,2,8,7,5,,5,,,b'\x11\xe8\xe1I\xef<\xae\xe2\x9a\xbe\x12\xdf\x17\xaeN\x1e'
11E8E149-EF3C-AEE2-9ABE-12DF17AE4E1E,2022-ncaa-d3-natl,ncaa,210,182,300,202,329,293,277,377,59,254,354,59,278,339,125,239,302,320,205,321,177,378,385,74,78,118,258,248,225,402,376,307,53,366,183,193,49,87,278,124,344,291,285,279,,,65,186,,,193,373,388,274,262,238,410,210,353,260,311,258,274,282,410,420,418,241,373,119,156,335,286,,82,,,194,57,95,62,263,160,93,304,40,71,71,146,58,73,52,75,150,55,45,226,198,264,41,79,113,22,53,44,376,30,183,24,21,388,335,209,192,328,50,116,,,257,24,,,193,61,179,221,190,115,180,105,250,170,54,89,84,124,131,87,25,39,64,42,46,383,242,52,,143,,,b'\x11\xe8\xe1I\xef<\xae\xe2\x9a\xbe\x12\xdf\x17\xaeN\x1e'
11E8E149-EF3C-AEE2-9ABE-12DF17AE4E1E,2023-ncaa-d3-conf-NWC,ncaa,4,4,3,4,4,4,4,6,2,3,4,2,7,6,6,8,4,6,3,6,7,6,6,3,3,4,8,8,6,7,7,3,7,6,7,4,3,5,5,4,5,5,2,2,,,3,3,,,4,5,5,6,5,3,7,3,5,6,6,5,6,6,7,7,7,5,6,4,4,5,2,,2,,,4,7,8,9,6,8,8,6,4,4,5,3,4,4,6,4,1,9,6,4,5,5,2,3,4,8,7,6,7,6,7,3,1,5,5,4,5,5,1,1,,,7,6,,,4,6,4,5,4,6,7,8,6,8,5,3,4,4,3,6,6,7,5,6,2,5,5,1,,6,,,b'\x11\xe8\xe1I\xef<\xae\xe2\x9a\xbe\x12\xdf\x17\xaeN\x1e'
11E8E149-EF3C-AEE2-9ABE-12DF17AE4E1E,2023-ncaa-d3-natl,ncaa,210,85,408,153,411,368,360,413,72,338,408,52,321,364,150,186,373,398,55,399,250,414,418,72,73,88,255,212,278,407,324,405,186,410,238,316,169,13,184,120,395,280,180,103,,,22,169,,,198,418,404,406,247,220,392,205,350,214,261,290,360,362,399,421,397,282,372,195,79,326,102,,84,,,195,16,18,15,211,34,27,251,31,34,53,205,32,22,394,22,100,15,13,166,175,251,89,111,161,34,186,16,324,15,238,8,3,411,349,138,32,254,9,35,,,401,133,,,198,13,125,259,184,122,170,149,229,179,88,148,121,78,76,108,48,163,72,98,23,390,148,14,,321,,,b'\x11\xe8\xe1I\xef<\xae\xe2\x9a\xbe\x12\xdf\x17\xaeN\x1e'
11E8E149-EF3C-AEE2-9ABE-12DF17AE4E1E,2024-ncaa-d3-conf-NWC,ncaa,1,1,3,1,3,3,2,6,1,2,5,1,3,6,1,5,5,5,6,5,5,5,6,1,1,1,7,5,8,9,9,2,6,7,7,1,2,6,6,2,3,3,9,9,,,4,3,,,4,3,4,2,1,1,6,2,7,3,5,6,6,6,7,8,9,1,8,1,5,3,9,,4,,,4,7,6,9,3,3,4,6,9,9,3,9,5,3,9,3,4,8,7,4,4,4,7,8,3,9,6,4,9,5,7,6,5,3,5,4,6,6,3,4,,,5,4,,,4,7,1,4,4,4,4,7,4,4,9,9,4,3,3,7,8,8,3,6,4,3,6,3,,5,,,b'\x11\xe8\xe1I\xef<\xae\xe2\x9a\xbe\x12\xdf\x17\xaeN\x1e'
11E8E149-EF3C-AEE2-9ABE-12DF17AE4E1E,2024-ncaa-d3-natl,ncaa,110,66,296,85,301,193,170,351,12,187,370,8,130,191,42,96,329,365,120,364,258,360,376,11,10,26,204,127,380,407,393,292,195,367,269,116,67,97,233,73,245,172,353,316,,,158,275,,,153,354,337,47,124,97,359,146,371,91,166,331,365,363,382,400,419,239,390,51,146,209,340,,220,,,153,130,118,106,195,105,52,295,251,324,112,399,224,117,427,112,244,91,78,221,276,304,328,315,268,130,195,43,393,57,269,98,106,330,285,229,143,272,48,129,,,304,119,,,153,75,79,290,151,204,181,182,156,69,301,369,269,157,152,156,116,178,76,102,144,311,200,58,,284,,,b'\x11\xe8\xe1I\xef<\xae\xe2\x9a\xbe\x12\xdf\x17\xaeN\x1e'
11E8E149-EF3C-AEE2-9ABE-12DF17AE4E1E,2025-ncaa-d3-conf-NWC,genius_ncaa,6,6,5,6,5,7,6,9,6,9,9,5,2,1,6,1,8,7,8,8,4,9,9,6,5,6,2,1,6,9,9,9,9,9,9,6,5,2,4,4,5,6,8,9,,,1,1,,1,7,8,7,1,7,6,7,9,9,1,1,8,7,8,8,9,9,9,9,6,3,4,8,,1,,1,7,7,8,5,8,7,5,9,7,7,6,7,1,1,3,1,2,4,3,9,8,7,6,6,1,9,9,9,9,9,9,9,8,4,5,7,3,5,3,6,,,7,5,,1,7,2,6,8,7,7,8,7,8,5,7,7,2,2,2,7,7,9,9,9,9,4,4,4,,6,,1,b'\x11\xe8\xe1I\xef<\xae\xe2\x9a\xbe\x12\xdf\x17\xaeN\x1e'
11E8E149-EF3C-AEE2-9ABE-12DF17AE4E1E,2025-ncaa-d3-natl,genius_ncaa,293,299,290,299,302,291,294,326,218,346,390,159,87,81,141,15,341,377,138,379,211,344,377,145,156,152,36,21,339,371,374,392,383,394,391,271,196,47,147,166,345,321,378,374,,,46,77,,89,318,367,363,116,270,270,311,351,402,56,48,346,377,380,350,400,387,417,415,251,78,335,382,,44,,95,319,281,326,132,395,322,137,395,267,206,339,266,95,76,307,75,101,106,70,395,390,397,107,232,63,258,383,165,374,202,391,293,208,358,336,368,75,182,84,250,,,352,245,,122,318,54,199,395,324,335,359,241,355,194,302,260,120,98,95,196,124,305,237,284,312,349,106,107,,352,,99,b'\x11\xe8\xe1I\xef<\xae\xe2\x9a\xbe\x12\xdf\x17\xaeN\x1e'
11E8E149-EF3C-AEE2-9ABE-12DF17AE4E1E,2026-ncaa-d3-conf-NWC,genius_ncaa,4,3,2,4,2,4,4,5,3,4,4,2,5,5,4,5,4,3,5,3,2,5,5,3,3,3,5,5,2,5,5,5,3,5,5,4,5,2,4,3,3,1,5,5,,,2,2,,1,4,4,4,1,4,4,5,3,4,5,5,3,2,2,5,5,5,5,5,4,2,2,5,,2,,1,4,4,4,2,5,3,1,5,4,3,5,4,2,2,5,2,2,2,2,5,5,5,4,3,2,2,3,3,5,2,5,3,2,4,4,5,2,2,2,3,,,4,2,,2,4,1,3,5,4,5,5,2,4,1,5,3,2,2,2,2,2,2,3,2,4,3,2,2,,4,,1,b'\x11\xe8\xe1I\xef<\xae\xe2\x9a\xbe\x12\xdf\x17\xaeN\x1e'
11E8E149-EF3C-AEE2-9ABE-12DF17AE4E1E,2026-ncaa-d3-natl,genius_ncaa,345,68,409,282,409,408,408,410,74,407,411,44,385,398,86,59,412,413,258,413,353,410,412,51,76,55,173,65,406,407,328,411,192,412,337,402,134,5,70,41,410,300,409,399,,,3,45,,9,269,412,415,12,260,199,365,246,385,103,145,401,404,404,393,414,383,415,414,161,16,364,399,,6,,31,322,6,7,7,415,19,7,415,9,6,371,74,3,4,123,4,37,6,5,414,414,413,9,82,8,4,192,7,328,4,337,18,260,413,341,404,6,129,5,72,,,414,366,,323,269,5,81,405,302,339,391,93,401,207,147,35,22,31,27,56,10,13,70,31,368,394,58,39,,411,,148,b'\x11\xe8\xe1I\xef<\xae\xe2\x9a\xbe\x12\xdf\x17\xaeN\x1e'
11E8E149-EF41-567C-9ABE-12DF17AE4E1E,2018-ncaa-d3-conf-USA South,ncaa,15,16,10,15,10,11,12,12,11,10,8,9,16,13,16,12,5,6,6,6,3,10,9,13,9,11,10,15,2,19,19,14,18,15,18,16,19,13,12,15,10,11,8,11,,,7,1,,,15,7,3,9,11,13,8,9,6,15,13,5,6,6,7,8,19,15,18,16,14,6,9,,3,,,15,18,19,17,17,17,17,14,18,13,18,8,8,8,13,7,1,17,16,17,15,15,4,11,1,19,18,16,19,19,18,19,18,8,12,17,16,15,5,5,,,3,1,,,15,13,15,18,15,18,19,18,19,19,17,13,6,5,4,18,18,18,18,19,18,7,15,6,,1,,,b'\x11\xe8\xe1I\xefAV|\x9a\xbe\x12\xdf\x17\xaeN\x1e'
11E8E149-EF41-567C-9ABE-12DF17AE4E1E,2018-ncaa-d3-natl,ncaa,383,327,412,388,422,342,342,382,250,294,335,216,377,356,371,298,221,206,249,204,98,372,387,282,260,273,294,353,74,430,440,406,436,423,438,415,442,116,257,399,196,199,252,303,,,25,13,,,369,353,13,303,185,206,131,135,116,316,254,60,48,46,95,75,430,262,404,407,313,98,172,,69,,,377,257,355,267,355,378,332,331,205,143,329,118,59,53,225,50,26,198,188,335,302,311,40,165,33,421,436,232,440,356,438,361,272,250,252,349,294,371,58,103,,,270,83,,,369,94,325,379,364,431,435,442,435,440,339,311,152,137,134,439,437,442,424,438,427,96,387,133,,29,,,b'\x11\xe8\xe1I\xefAV|\x9a\xbe\x12\xdf\x17\xaeN\x1e'
11E8E149-EF41-567C-9ABE-12DF17AE4E1E,2019-ncaa-d3-conf-USA South,ncaa,5,5,5,6,8,6,7,11,3,3,3,7,14,18,5,18,3,2,7,2,6,8,6,7,5,6,14,18,2,13,15,4,7,6,10,13,16,14,13,15,14,15,10,15,,,11,6,,,12,4,5,18,8,9,12,4,6,17,18,1,2,2,10,9,16,3,7,16,14,15,11,,9,,,12,15,15,15,11,16,16,9,8,7,9,5,13,14,2,14,8,16,14,10,8,14,3,7,7,11,7,11,15,13,10,17,12,13,16,15,15,14,10,7,,,2,1,,,12,15,10,15,12,15,15,14,14,15,8,5,11,12,12,13,13,9,11,11,15,15,14,8,,1,,,b'\x11\xe8\xe1I\xefAV|\x9a\xbe\x12\xdf\x17\xaeN\x1e'
11E8E149-EF41-567C-9ABE-12DF17AE4E1E,2019-ncaa-d3-natl,ncaa,155,162,129,161,214,134,164,195,149,73,55,206,408,422,283,436,12,10,221,10,64,128,92,235,183,218,373,436,5,291,347,66,222,128,256,376,438,365,307,403,276,361,254,343,,,239,107,,,263,58,26,434,136,178,242,52,41,419,431,6,3,3,116,81,326,28,112,408,342,313,279,,213,,,258,407,416,415,261,416,430,195,232,169,328,44,287,355,38,353,158,416,391,226,185,259,73,105,156,361,222,342,347,359,256,333,128,237,361,319,340,279,158,73,,,11,13,,,263,377,261,265,262,364,379,408,394,419,206,140,259,340,340,409,400,333,312,330,298,268,311,146,,2,,,b'\x11\xe8\xe1I\xefAV|\x9a\xbe\x12\xdf\x17\xaeN\x1e'
11E8E149-EF41-567C-9ABE-12DF17AE4E1E,2020-ncaa-d3-conf-USA South,ncaa,2,2,2,2,3,3,1,6,2,1,4,3,10,13,7,16,3,3,1,3,5,6,3,2,2,4,15,15,3,11,14,1,4,5,7,2,9,11,8,6,6,12,4,7,,,12,8,,,5,2,3,16,4,3,8,1,5,12,13,3,3,3,8,9,15,4,8,5,7,11,5,,7,,,5,16,18,18,7,18,18,6,3,5,4,3,8,8,6,8,3,17,17,4,3,3,1,3,6,11,4,14,14,16,7,11,2,3,8,4,8,7,6,3,,,4,5,,,5,17,5,4,5,6,10,12,12,17,2,4,5,5,5,10,14,7,9,11,6,7,7,3,,5,,,b'\x11\xe8\xe1I\xefAV|\x9a\xbe\x12\xdf\x17\xaeN\x1e'
11E8E149-EF41-567C-9ABE-12DF17AE4E1E,2020-ncaa-d3-natl,ncaa,24,15,65,23,122,52,48,69,45,27,29,86,266,321,128,388,41,62,78,61,251,61,47,94,75,99,364,380,153,233,300,17,163,63,177,113,305,329,211,199,113,212,53,136,,,266,98,,,84,27,39,397,56,41,115,21,34,298,359,48,86,88,93,84,298,18,82,137,265,147,62,,200,,,83,285,348,428,84,404,432,103,56,183,9,55,213,219,194,221,59,422,418,45,34,59,19,22,162,357,163,354,300,365,177,147,35,86,215,81,276,191,172,69,,,97,242,,,84,411,140,55,88,192,252,375,342,421,31,116,161,162,167,364,382,300,248,283,106,135,230,136,,160,,,b'\x11\xe8\xe1I\xefAV|\x9a\xbe\x12\xdf\x17\xaeN\x1e'
11E8E149-EF41-567C-9ABE-12DF17AE4E1E,2021-ncaa-d3-conf-USA South,ncaa,4,6,1,4,2,1,1,1,5,1,1,7,8,11,3,16,1,1,3,1,8,1,1,6,5,5,13,15,3,2,4,1,4,1,4,3,14,13,6,6,2,7,9,12,,,15,12,,,5,1,1,6,2,3,2,1,1,11,14,2,2,2,2,1,3,1,3,7,8,4,11,,15,,,5,14,14,14,8,14,15,8,14,15,13,7,15,15,8,15,11,14,15,8,9,8,9,10,9,12,4,14,4,12,4,14,13,3,9,10,8,2,15,5,,,1,7,,,5,16,5,7,6,9,9,10,8,8,13,11,12,13,13,10,13,7,6,6,12,4,2,15,,2,,,b'\x11\xe8\xe1I\xefAV|\x9a\xbe\x12\xdf\x17\xaeN\x1e'
11E8E149-EF41-567C-9ABE-12DF17AE4E1E,2021-ncaa-d3-natl,ncaa,18,149,17,82,21,8,7,12,43,3,3,93,66,92,46,274,5,6,51,7,111,11,10,73,48,58,225,252,35,9,32,14,89,11,39,18,197,271,133,127,8,65,89,195,,,273,169,,,22,13,10,96,8,17,25,10,5,191,249,7,10,11,15,12,24,34,16,63,203,36,194,,238,,,46,268,268,269,115,264,269,92,273,270,203,134,274,274,143,274,192,271,271,123,133,105,213,192,203,263,89,262,32,264,39,272,228,11,72,117,256,78,264,95,,,12,97,,,22,273,44,91,59,194,164,217,140,182,207,191,223,232,228,227,263,158,106,128,209,34,133,189,,20,,,b'\x11\xe8\xe1I\xefAV|\x9a\xbe\x12\xdf\x17\xaeN\x1e'
11E8E149-EF41-567C-9ABE-12DF17AE4E1E,2022-ncaa-d3-conf-USA South,ncaa,16,19,9,17,9,11,12,8,16,10,5,16,17,15,16,16,4,3,14,3,4,6,6,15,15,12,12,16,3,8,16,16,16,13,16,14,17,13,10,13,12,14,13,17,,,11,6,,,16,6,3,7,11,12,5,8,1,17,15,3,3,3,4,3,13,19,19,16,12,10,16,,13,,,16,17,18,14,19,19,15,18,16,13,15,10,8,8,12,8,8,14,14,18,19,16,4,10,4,13,16,17,16,17,16,17,11,6,8,13,11,7,13,10,,,3,4,,,16,14,12,16,15,17,17,16,18,16,15,13,10,11,10,15,17,15,17,16,17,5,11,13,,2,,,b'\x11\xe8\xe1I\xefAV|\x9a\xbe\x12\xdf\x17\xaeN\x1e'
11E8E149-EF41-567C-9ABE-12DF17AE4E1E,2022-ncaa-d3-natl,ncaa,381,365,345,388,356,290,305,292,318,231,160,329,395,384,384,398,90,45,311,47,81,256,252,349,330,323,322,407,15,258,277,379,392,357,381,382,419,255,286,379,243,255,280,314,,,230,232,,,371,247,13,134,191,223,92,110,27,393,375,14,4,4,36,19,158,384,300,376,354,169,265,,383,,,372,345,369,191,412,387,250,404,159,126,302,101,267,267,260,247,234,195,200,400,402,366,60,72,177,307,392,216,277,256,381,326,165,162,149,254,246,259,195,164,,,102,44,,,371,181,326,373,363,416,410,388,412,402,259,223,361,363,358,397,411,372,382,385,370,49,321,285,,4,,,b'\x11\xe8\xe1I\xefAV|\x9a\xbe\x12\xdf\x17\xaeN\x1e'
11E8E149-EF41-567C-9ABE-12DF17AE4E1E,2023-ncaa-d3-conf-USA South,ncaa,9,3,10,8,10,10,10,10,10,10,10,10,8,8,4,5,10,10,5,10,6,10,10,10,10,10,1,2,2,10,10,10,10,10,10,10,7,1,6,9,9,6,10,10,,,1,3,,,8,10,4,10,9,10,7,10,9,5,5,6,8,9,7,6,9,10,10,10,6,5,10,,3,,,10,1,1,1,10,1,1,10,1,1,9,5,1,1,6,1,6,1,1,10,10,9,3,5,4,1,10,1,10,1,10,1,10,10,4,8,1,7,1,1,,,10,2,,,8,1,9,10,10,9,9,8,9,9,8,6,6,6,7,7,9,9,10,10,9,2,8,1,,3,,,b'\x11\xe8\xe1I\xefAV|\x9a\xbe\x12\xdf\x17\xaeN\x1e'
11E8E149-EF41-567C-9ABE-12DF17AE4E1E,2023-ncaa-d3-natl,ncaa,396,171,423,382,423,418,419,422,384,420,421,403,407,418,279,322,410,416,286,416,163,421,422,384,373,361,175,281,36,423,413,425,427,424,427,422,426,10,321,404,405,186,424,418,,,11,102,,,356,422,21,108,315,343,162,311,97,305,304,96,63,74,138,76,376,429,429,412,353,100,417,,263,,,398,9,9,8,427,15,8,421,9,5,413,71,13,13,225,13,203,8,8,426,425,374,55,96,131,23,427,8,413,10,427,31,335,400,47,232,8,292,4,13,,,417,34,,,356,7,382,395,394,417,409,348,414,388,280,146,338,333,335,360,416,407,418,418,405,18,329,17,,16,,,b'\x11\xe8\xe1I\xefAV|\x9a\xbe\x12\xdf\x17\xaeN\x1e'
11E8E149-EF41-567C-9ABE-12DF17AE4E1E,2024-ncaa-d3-conf-USA South,ncaa,6,6,5,6,7,5,5,4,7,9,10,6,2,1,6,1,1,1,2,1,1,4,3,6,5,5,1,1,3,7,10,8,10,9,10,7,9,4,3,5,8,8,7,9,,,1,1,,,8,3,1,4,5,5,3,9,10,1,1,2,2,2,2,1,8,8,10,7,5,6,7,,1,,,8,10,10,10,9,10,10,8,8,8,8,3,3,1,10,1,1,10,10,9,8,10,1,4,1,10,10,10,10,10,10,10,6,5,9,9,3,3,6,9,,,1,1,,,8,9,5,10,6,10,10,10,10,10,8,8,4,2,2,10,10,10,10,10,10,4,4,6,,1,,,b'\x11\xe8\xe1I\xefAV|\x9a\xbe\x12\xdf\x17\xaeN\x1e'
11E8E149-EF41-567C-9ABE-12DF17AE4E1E,2024-ncaa-d3-natl,ncaa,318,297,345,324,357,269,325,255,376,362,360,350,146,69,325,44,92,93,163,92,16,232,252,352,331,299,15,73,34,344,387,381,413,377,413,372,392,185,208,346,205,257,358,390,,,43,13,,,360,191,15,244,213,296,94,363,323,87,27,29,23,22,58,51,314,363,368,367,266,127,340,,77,,,365,362,395,329,384,402,386,344,186,99,368,47,121,96,325,95,31,293,308,362,347,327,30,88,56,383,413,366,387,390,413,354,207,146,186,282,143,175,101,215,,,145,74,,,360,265,327,357,350,408,413,404,413,415,272,176,206,173,172,405,417,403,415,415,379,56,231,143,,24,,,b'\x11\xe8\xe1I\xefAV|\x9a\xbe\x12\xdf\x17\xaeN\x1e'
11E8E149-EF41-567C-9ABE-12DF17AE4E1E,2025-ncaa-d3-conf-USA South,genius_ncaa,7,7,5,7,6,6,7,6,9,9,9,8,3,3,6,1,1,2,5,2,1,6,7,6,6,6,1,1,1,7,8,8,6,8,9,6,6,6,6,6,6,7,9,9,,,3,3,,4,8,5,3,2,6,7,6,9,9,3,2,1,1,1,6,6,8,8,9,6,6,7,9,,3,,3,8,9,9,7,9,9,9,9,6,5,9,4,2,4,1,4,4,8,5,9,9,9,1,3,1,6,6,9,8,8,9,9,5,6,6,9,6,6,8,9,,,1,1,,5,8,5,6,9,8,9,9,6,9,9,6,5,3,5,5,7,7,6,9,8,9,7,6,9,,1,,5,b'\x11\xe8\xe1I\xefAV|\x9a\xbe\x12\xdf\x17\xaeN\x1e'
11E8E149-EF41-567C-9ABE-12DF17AE4E1E,2025-ncaa-d3-natl,genius_ncaa,359,374,290,363,302,360,383,328,401,407,395,400,177,73,350,21,185,189,193,192,16,317,301,387,372,372,5,30,12,370,402,342,372,367,404,395,383,293,335,388,322,345,392,408,,,69,46,,328,388,245,108,116,377,399,318,416,408,135,43,123,130,133,292,207,380,324,386,405,318,296,398,,79,,348,382,354,396,310,396,409,381,386,85,76,190,43,76,112,39,112,42,278,236,366,342,346,9,32,29,342,372,368,402,371,404,362,213,255,304,352,299,334,240,384,,,208,117,,250,388,180,375,370,380,375,396,379,402,404,128,120,97,141,138,361,338,361,385,385,365,221,324,281,,131,,248,b'\x11\xe8\xe1I\xefAV|\x9a\xbe\x12\xdf\x17\xaeN\x1e'
11E8E149-EF41-567C-9ABE-12DF17AE4E1E,2026-ncaa-d3-conf-USA South,genius_ncaa,3,1,8,1,8,8,8,8,4,7,8,4,6,9,1,6,4,6,2,6,1,8,8,4,1,4,3,5,1,8,1,8,2,8,1,8,8,3,7,5,8,7,7,3,,,2,4,,3,4,8,1,1,1,1,2,1,2,3,5,1,1,1,2,1,2,1,1,4,10,5,2,,7,,7,4,2,3,3,2,1,3,1,7,5,7,9,2,2,3,2,4,3,3,2,2,6,10,10,2,3,2,3,1,3,1,2,6,10,10,8,4,6,4,9,,,8,2,,9,4,3,3,6,4,8,9,10,2,10,10,10,5,7,7,10,10,10,5,8,6,10,9,10,,1,,9,b'\x11\xe8\xe1I\xefAV|\x9a\xbe\x12\xdf\x17\xaeN\x1e'
11E8E149-EF41-567C-9ABE-12DF17AE4E1E,2026-ncaa-d3-natl,genius_ncaa,225,132,327,194,375,267,313,355,139,327,320,281,170,335,5,308,148,113,292,126,32,328,317,111,87,153,56,127,68,291,164,211,148,245,103,321,304,183,297,296,271,210,304,291,,,139,243,,234,165,318,39,372,64,146,191,211,152,69,266,23,11,11,106,60,149,6,16,218,335,136,240,,325,,331,150,97,99,138,78,102,156,58,132,123,180,160,125,142,93,147,197,137,107,71,63,132,235,235,228,155,148,87,164,104,103,138,270,355,345,305,83,121,151,240,,,257,109,,323,165,95,165,160,159,267,253,376,236,367,259,295,255,313,320,382,356,312,228,284,288,286,170,261,,52,,313,b'\x11\xe8\xe1I\xefAV|\x9a\xbe\x12\xdf\x17\xaeN\x1e'
11E8E149-EF45-FA60-9ABE-12DF17AE4E1E,2018-ncaa-d3-conf-Liberty League,ncaa,6,6,5,6,5,4,5,5,6,5,3,6,5,6,3,7,5,3,7,4,5,4,2,6,5,5,5,5,6,2,3,5,4,4,3,6,7,7,6,7,5,6,5,5,,,8,6,,,6,4,2,6,3,3,3,3,3,5,5,4,4,4,2,1,2,3,2,6,7,6,5,,8,,,6,9,8,7,8,7,5,8,6,8,3,7,9,9,10,9,8,8,6,8,8,8,7,7,7,4,4,4,3,4,3,7,7,6,6,8,7,7,4,4,,,2,6,,,6,7,5,7,6,8,7,8,8,5,6,7,9,9,9,9,8,4,5,4,7,6,7,5,,4,,,b'\x11\xe8\xe1I\xefE\xfa`\x9a\xbe\x12\xdf\x17\xaeN\x1e'
11E8E149-EF45-FA60-9ABE-12DF17AE4E1E,2018-ncaa-d3-natl,ncaa,151,172,123,165,148,153,150,174,129,120,120,152,246,298,154,330,137,152,170,158,256,160,149,154,148,163,304,312,189,159,131,156,70,156,82,213,334,265,231,245,228,253,227,224,,,272,280,,,184,161,214,155,161,145,200,114,134,268,322,149,161,170,188,192,187,180,179,233,228,267,238,,231,,,184,267,263,233,250,265,189,335,237,322,96,323,264,227,375,217,245,230,229,266,278,285,217,209,236,80,70,157,131,103,82,312,296,221,246,286,176,144,90,45,,,127,139,,,184,277,173,223,188,215,222,194,227,145,218,293,232,178,173,174,147,70,116,81,266,275,146,73,,136,,,b'\x11\xe8\xe1I\xefE\xfa`\x9a\xbe\x12\xdf\x17\xaeN\x1e'
11E8E149-EF45-FA60-9ABE-12DF17AE4E1E,2019-ncaa-d3-conf-Liberty League,ncaa,4,4,1,4,2,3,4,1,4,3,3,4,3,2,3,4,2,1,6,1,2,1,1,4,4,4,3,4,5,1,1,1,1,1,1,4,7,10,4,5,4,8,3,3,,,9,8,,,4,2,1,2,3,4,1,3,4,3,2,2,1,1,1,1,1,1,1,4,8,7,3,,8,,,4,9,7,8,3,4,8,3,10,9,9,9,9,8,9,8,8,10,8,4,5,6,10,10,7,2,1,4,1,2,1,5,3,6,8,6,8,4,7,6,,,1,7,,,4,9,4,5,4,8,3,7,2,3,10,9,8,7,7,9,6,1,2,1,3,8,7,7,,3,,,b'\x11\xe8\xe1I\xefE\xfa`\x9a\xbe\x12\xdf\x17\xaeN\x1e'
11E8E149-EF45-FA60-9ABE-12DF17AE4E1E,2019-ncaa-d3-natl,ncaa,118,104,129,120,146,109,77,67,137,90,116,96,130,96,239,162,272,259,277,263,346,91,99,134,169,151,301,201,385,27,13,34,13,21,7,164,369,238,158,199,340,358,118,115,,,253,276,,,96,172,258,91,91,59,51,72,130,131,102,300,290,295,73,88,20,12,11,176,216,375,124,,223,,,92,171,160,294,82,115,187,82,357,381,203,371,170,141,357,140,162,260,199,106,109,189,359,386,192,73,13,116,13,95,7,115,108,334,358,247,126,76,287,234,,,201,314,,,96,257,87,154,95,140,137,254,106,150,319,355,153,124,126,221,123,56,80,63,108,380,118,278,,233,,,b'\x11\xe8\xe1I\xefE\xfa`\x9a\xbe\x12\xdf\x17\xaeN\x1e'
11E8E149-EF45-FA60-9ABE-12DF17AE4E1E,2020-ncaa-d3-conf-Liberty League,ncaa,5,5,5,5,6,5,6,4,6,7,6,4,3,1,5,2,3,2,9,2,1,4,3,4,6,6,3,3,3,2,2,3,1,1,1,4,5,7,6,5,9,9,8,8,,,7,7,,,4,5,1,3,3,5,2,6,6,3,1,3,2,2,1,1,2,2,1,4,7,9,8,,7,,,4,7,7,5,7,9,7,7,2,5,2,4,7,7,2,7,6,5,5,6,5,6,3,2,7,2,1,4,2,1,1,6,3,8,8,7,9,8,3,5,,,1,1,,,4,6,4,5,4,6,7,8,9,8,2,3,7,8,8,8,4,1,5,2,5,8,9,3,,1,,,b'\x11\xe8\xe1I\xefE\xfa`\x9a\xbe\x12\xdf\x17\xaeN\x1e'
11E8E149-EF45-FA60-9ABE-12DF17AE4E1E,2020-ncaa-d3-natl,ncaa,170,198,126,190,136,141,155,86,250,226,201,242,58,46,164,85,185,180,223,175,205,102,119,208,224,173,91,72,286,43,49,77,15,50,30,128,116,111,63,70,387,397,249,273,,,202,229,,,157,206,279,74,140,155,75,257,241,49,52,205,217,204,79,133,40,56,27,124,84,406,264,,163,,,159,248,308,308,235,334,329,251,181,210,142,180,142,137,179,131,90,273,163,205,184,301,82,155,120,53,15,230,49,131,30,226,151,387,394,368,176,134,159,154,,,81,118,,,157,233,109,239,156,211,259,262,287,297,167,188,123,121,113,227,104,37,185,106,203,410,156,145,,90,,,b'\x11\xe8\xe1I\xefE\xfa`\x9a\xbe\x12\xdf\x17\xaeN\x1e'
11E8E149-EF45-FA60-9ABE-12DF17AE4E1E,2021-ncaa-d3-conf-Liberty League,ncaa,4,2,3,4,3,4,4,4,1,3,3,3,4,4,1,4,3,3,2,3,2,4,4,1,1,3,2,4,1,3,3,3,1,3,1,3,2,2,4,4,3,1,4,4,,,1,3,,,3,4,3,1,2,3,3,2,2,3,4,1,1,1,3,2,2,1,1,2,4,1,4,,3,,,3,2,2,2,2,1,1,4,2,2,1,4,1,1,2,1,4,2,2,2,2,4,4,4,3,1,1,1,3,1,1,1,2,4,3,3,1,2,2,2,,,3,1,,,3,2,4,3,3,4,4,4,2,2,4,4,3,3,3,4,4,2,2,2,2,3,3,3,,1,,,b'\x11\xe8\xe1I\xefE\xfa`\x9a\xbe\x12\xdf\x17\xaeN\x1e'
11E8E149-EF45-FA60-9ABE-12DF17AE4E1E,2021-ncaa-d3-natl,ncaa,251,58,256,251,256,265,265,264,197,260,262,149,269,263,269,197,263,256,244,257,153,264,259,219,221,246,246,247,124,260,106,261,170,261,128,261,82,30,260,229,258,112,274,271,,,28,206,,,163,257,209,2,205,182,138,106,97,247,190,165,107,128,133,41,111,103,96,133,270,80,270,,247,,,232,26,26,23,160,24,17,266,30,36,27,275,27,28,112,27,249,25,25,166,149,176,155,160,160,26,170,20,106,22,128,17,16,258,182,95,34,217,24,88,,,266,266,,,163,29,241,176,228,224,204,231,185,71,207,278,215,225,230,243,238,195,123,154,80,137,238,87,,244,,,b'\x11\xe8\xe1I\xefE\xfa`\x9a\xbe\x12\xdf\x17\xaeN\x1e'
11E8E149-EF45-FA60-9ABE-12DF17AE4E1E,2022-ncaa-d3-conf-Liberty League,ncaa,7,7,7,7,7,4,4,6,2,4,4,4,4,8,3,7,2,3,4,3,4,6,5,4,3,4,6,7,3,4,4,3,3,4,3,3,2,7,8,4,9,8,8,8,,,3,4,,,6,5,2,6,3,3,4,2,2,4,6,2,2,2,2,1,3,2,2,2,8,8,8,,5,,,6,8,9,8,6,6,7,7,9,9,7,9,3,3,8,3,2,7,6,7,6,8,7,10,3,2,3,3,4,2,3,8,5,8,8,8,9,8,2,2,,,5,5,,,6,7,4,7,6,9,9,9,8,8,9,9,5,4,4,9,9,4,5,4,8,7,9,3,,1,,,b'\x11\xe8\xe1I\xefE\xfa`\x9a\xbe\x12\xdf\x17\xaeN\x1e'
11E8E149-EF45-FA60-9ABE-12DF17AE4E1E,2022-ncaa-d3-natl,ncaa,275,341,107,305,132,114,111,73,204,83,47,207,240,208,266,307,65,93,72,103,256,74,65,232,213,203,293,325,122,97,179,36,39,42,75,144,259,305,193,221,357,400,274,331,,,185,83,,,227,64,67,102,111,126,60,74,49,281,256,75,117,126,59,59,125,10,20,173,258,399,307,,122,,,227,376,393,401,232,373,373,240,387,391,258,313,132,103,331,96,30,386,334,239,215,296,184,324,44,176,39,337,179,284,75,333,124,298,380,351,304,213,312,194,,,111,256,,,227,360,198,262,231,326,355,389,320,346,370,371,97,58,56,365,299,122,300,225,278,360,264,296,,147,,,b'\x11\xe8\xe1I\xefE\xfa`\x9a\xbe\x12\xdf\x17\xaeN\x1e'
11E8E149-EF45-FA60-9ABE-12DF17AE4E1E,2023-ncaa-d3-conf-Liberty League,ncaa,8,8,6,8,7,6,7,7,5,6,5,5,7,6,8,6,4,5,6,4,3,7,5,6,5,7,8,8,1,4,4,5,6,5,4,6,4,8,9,9,8,8,4,4,,,2,1,,,8,4,1,6,5,5,5,4,3,7,6,4,4,4,4,2,4,2,3,4,9,8,4,,1,,,8,10,10,10,8,8,9,8,10,10,10,8,1,1,4,1,1,10,7,8,8,8,7,10,1,8,6,5,4,4,4,10,10,8,9,9,9,9,6,7,,,5,4,,,8,7,5,8,8,8,8,9,8,8,10,9,1,1,1,9,9,6,5,5,10,8,9,6,,4,,,b'\x11\xe8\xe1I\xefE\xfa`\x9a\xbe\x12\xdf\x17\xaeN\x1e'
11E8E149-EF45-FA60-9ABE-12DF17AE4E1E,2023-ncaa-d3-natl,ncaa,316,345,185,334,267,271,252,216,304,226,169,310,263,239,296,258,266,282,244,277,305,228,248,318,313,294,280,252,223,198,242,118,148,152,193,224,156,175,195,219,318,343,137,165,,,39,18,,,336,257,227,398,297,275,185,237,155,279,254,290,295,292,209,239,187,66,115,228,184,343,135,,17,,,329,332,389,374,311,330,279,287,410,385,388,364,17,20,114,20,7,302,193,346,282,370,186,401,6,206,148,279,242,252,193,395,358,381,406,414,288,297,366,340,,,279,290,,,336,192,282,354,326,325,369,374,328,284,410,387,7,10,10,317,205,199,294,258,386,405,285,377,,306,,,b'\x11\xe8\xe1I\xefE\xfa`\x9a\xbe\x12\xdf\x17\xaeN\x1e'
11E8E149-EF45-FA60-9ABE-12DF17AE4E1E,2024-ncaa-d3-conf-Liberty League,ncaa,7,6,7,7,7,7,7,7,6,6,6,6,9,8,10,8,5,5,6,5,3,7,7,8,7,9,8,9,2,4,4,7,8,7,7,7,4,9,8,8,2,3,4,4,,,5,7,,,8,6,1,3,6,6,6,4,3,9,7,2,2,2,6,1,4,8,5,6,9,2,4,,9,,,8,8,6,5,8,6,6,6,5,4,7,3,8,9,6,7,8,6,6,7,7,6,8,6,7,8,8,4,4,7,7,8,8,4,5,6,5,6,2,2,,,4,3,,,8,4,7,7,8,8,7,8,7,9,7,7,8,9,9,8,10,9,7,8,8,2,7,2,,1,,,b'\x11\xe8\xe1I\xefE\xfa`\x9a\xbe\x12\xdf\x17\xaeN\x1e'
11E8E149-EF45-FA60-9ABE-12DF17AE4E1E,2024-ncaa-d3-natl,ncaa,318,342,200,333,257,299,285,242,323,259,214,298,312,248,372,243,279,314,145,305,321,263,262,339,343,336,297,299,192,217,253,234,312,233,289,269,189,247,275,277,194,180,132,148,,,214,235,,,321,277,242,244,328,304,226,260,192,317,261,283,323,321,259,249,214,228,219,275,253,179,122,,233,,,321,227,238,233,218,263,256,225,171,185,172,185,224,204,274,182,160,224,188,195,206,253,165,163,200,325,312,293,253,305,289,298,322,275,292,326,202,216,106,101,,,250,236,,,321,156,324,280,325,238,253,273,263,271,187,203,232,215,203,262,224,318,300,308,294,278,208,104,,266,,,b'\x11\xe8\xe1I\xefE\xfa`\x9a\xbe\x12\xdf\x17\xaeN\x1e'
11E8E149-EF45-FA60-9ABE-12DF17AE4E1E,2025-ncaa-d3-conf-Liberty League,genius_ncaa,9,9,7,9,8,9,8,7,9,8,8,9,4,4,5,2,10,10,9,10,10,8,7,8,9,9,3,1,10,6,7,9,8,8,8,9,7,9,9,9,6,6,6,7,,,6,4,,2,9,7,2,7,9,8,5,8,8,4,2,10,10,10,7,3,5,7,7,9,9,6,5,,6,,3,9,9,9,5,9,10,8,9,4,3,8,2,6,7,3,7,6,6,4,9,8,9,3,3,6,9,8,8,7,8,8,8,6,7,7,8,9,9,2,3,,,9,10,,4,9,4,9,9,9,9,9,9,10,9,5,3,6,8,8,9,9,9,9,9,9,7,9,3,,9,,4,b'\x11\xe8\xe1I\xefE\xfa`\x9a\xbe\x12\xdf\x17\xaeN\x1e'
11E8E149-EF45-FA60-9ABE-12DF17AE4E1E,2025-ncaa-d3-natl,genius_ncaa,370,400,192,385,248,330,315,238,356,331,294,344,181,124,284,70,394,399,226,400,400,293,248,337,354,353,142,58,388,288,351,257,343,277,364,304,239,311,333,336,288,318,130,172,,,166,145,,53,376,234,194,258,364,341,218,356,321,172,104,400,414,414,314,236,296,253,284,322,309,293,133,,173,,51,371,373,385,333,365,382,322,352,294,252,330,184,173,178,181,180,110,314,229,358,345,382,92,186,86,337,343,347,351,361,364,374,285,344,378,388,385,380,121,182,,,354,373,,267,376,171,358,384,374,363,377,345,377,347,295,257,178,183,183,334,268,337,357,351,361,362,369,119,,387,,278,b'\x11\xe8\xe1I\xefE\xfa`\x9a\xbe\x12\xdf\x17\xaeN\x1e'
11E8E149-EF45-FA60-9ABE-12DF17AE4E1E,2026-ncaa-d3-conf-Liberty League,genius_ncaa,8,10,1,8,1,3,3,2,8,5,2,5,7,1,9,5,2,1,9,1,4,2,2,9,10,9,6,7,5,2,5,2,10,2,8,5,8,10,9,10,4,8,4,8,,,9,6,,5,9,2,7,1,9,8,9,7,7,9,5,6,5,5,9,6,5,9,7,9,9,8,6,,8,,4,9,10,10,10,8,10,10,10,9,10,4,7,9,9,6,9,7,10,10,8,8,8,2,4,5,10,10,10,5,10,8,10,8,2,7,9,10,9,10,7,,,1,4,,8,9,9,9,9,9,8,8,8,9,7,6,7,8,9,9,8,9,10,6,9,9,7,9,7,,5,,10,b'\x11\xe8\xe1I\xefE\xfa`\x9a\xbe\x12\xdf\x17\xaeN\x1e'
11E8E149-EF45-FA60-9ABE-12DF17AE4E1E,2026-ncaa-d3-natl,genius_ncaa,390,366,215,390,249,338,335,269,357,358,345,310,188,119,326,26,356,355,256,359,295,300,287,337,350,334,99,61,303,277,301,298,390,300,380,271,71,195,254,252,309,318,215,243,,,78,33,,130,381,286,247,113,354,342,214,370,362,148,48,374,371,382,283,253,236,287,286,235,240,294,202,,59,,133,378,285,324,238,380,343,248,394,209,233,163,222,122,121,172,124,71,229,175,370,339,385,38,125,39,353,390,244,301,300,380,342,284,344,382,396,280,354,336,407,,,342,372,,262,381,124,330,399,382,378,395,372,398,352,261,311,126,137,146,369,291,387,357,381,380,364,327,383,,378,,271,b'\x11\xe8\xe1I\xefE\xfa`\x9a\xbe\x12\xdf\x17\xaeN\x1e'
11E8E149-EF4A-AC7C-9ABE-12DF17AE4E1E,2018-ncaa-d3-conf-NESCAC,ncaa,7,9,5,8,5,6,6,5,9,5,4,8,8,7,9,7,8,6,11,6,10,5,5,9,9,10,10,7,10,5,8,4,7,5,7,9,10,8,6,9,4,4,4,4,,,5,3,,,6,5,7,1,8,7,5,6,5,8,7,10,9,8,7,5,7,5,6,10,7,4,4,,4,,,7,7,8,8,5,6,8,5,10,7,10,5,5,4,7,4,4,8,7,5,5,4,4,9,4,6,7,7,8,7,7,8,7,4,5,4,10,10,9,8,,,7,11,,,6,7,10,5,7,5,6,7,6,8,6,5,6,5,5,7,7,8,10,9,6,5,9,7,,9,,,b'\x11\xe8\xe1I\xefJ\xac|\x9a\xbe\x12\xdf\x17\xaeN\x1e'
11E8E149-EF4A-AC7C-9ABE-12DF17AE4E1E,2018-ncaa-d3-natl,ncaa,218,223,197,227,209,305,271,342,175,256,307,180,246,287,180,202,372,377,292,373,339,354,353,168,205,247,287,192,378,349,328,278,170,327,246,294,316,210,318,290,212,180,89,84,,,109,182,,,239,337,399,51,329,280,378,271,329,245,283,395,394,391,403,402,374,292,365,319,218,218,81,,98,,,239,95,120,102,219,158,186,167,123,87,325,119,95,85,291,81,97,80,90,217,207,188,144,191,154,120,170,134,328,112,246,110,131,227,161,161,153,249,268,343,,,395,377,,,239,101,275,187,245,103,138,105,177,203,138,82,99,82,80,71,61,133,148,129,126,232,168,287,,422,,,b'\x11\xe8\xe1I\xefJ\xac|\x9a\xbe\x12\xdf\x17\xaeN\x1e'
11E8E149-EF4A-AC7C-9ABE-12DF17AE4E1E,2019-ncaa-d3-conf-NESCAC,ncaa,5,6,2,6,2,4,4,3,5,3,4,5,5,6,6,6,7,8,3,8,11,4,4,5,6,7,9,6,11,5,7,5,8,5,7,7,11,11,10,10,3,7,7,10,,,7,4,,,6,3,8,1,8,5,6,6,6,6,7,10,11,10,9,8,7,8,8,10,9,6,9,,3,,,6,10,10,10,7,11,8,6,9,7,8,5,6,5,4,5,3,9,10,7,7,4,3,7,4,9,8,8,7,10,7,6,2,3,5,4,11,8,11,9,,,8,11,,,6,10,6,5,6,4,5,5,7,7,6,6,3,3,3,4,5,6,6,6,4,4,8,10,,11,,,b'\x11\xe8\xe1I\xefJ\xac|\x9a\xbe\x12\xdf\x17\xaeN\x1e'
11E8E149-EF4A-AC7C-9ABE-12DF17AE4E1E,2019-ncaa-d3-natl,ncaa,237,244,215,248,269,258,204,266,147,209,264,148,167,207,136,157,392,414,96,414,426,313,347,131,165,154,288,153,420,319,291,265,153,303,221,346,421,90,169,276,321,287,311,324,,,77,112,,,205,347,376,248,257,180,256,197,266,163,200,412,431,430,344,392,321,263,316,372,96,328,322,,72,,,204,142,181,116,293,220,191,255,139,97,316,135,118,89,355,91,104,95,86,284,274,272,115,173,139,101,153,172,291,139,221,71,45,304,238,179,71,129,329,336,,,419,425,,,205,100,167,252,201,163,213,132,250,213,155,97,126,97,101,97,56,116,178,142,101,308,82,330,,438,,,b'\x11\xe8\xe1I\xefJ\xac|\x9a\xbe\x12\xdf\x17\xaeN\x1e'
11E8E149-EF4A-AC7C-9ABE-12DF17AE4E1E,2020-ncaa-d3-conf-NESCAC,ncaa,4,4,2,4,2,3,3,2,3,4,5,4,2,3,3,3,4,4,7,4,6,2,2,3,3,3,5,3,9,5,5,2,7,2,6,4,9,9,5,6,5,7,8,10,,,8,3,,,4,2,7,8,3,3,8,5,8,3,4,6,5,5,7,8,6,4,5,7,4,7,10,,3,,,4,11,10,10,8,11,10,6,7,8,7,4,9,11,1,11,7,10,10,6,5,8,5,5,3,11,7,10,5,10,6,8,4,5,10,8,9,6,8,8,,,6,10,,,4,10,3,9,4,6,6,7,8,8,6,5,5,8,8,6,6,7,6,7,4,10,6,7,,10,,,b'\x11\xe8\xe1I\xefJ\xac|\x9a\xbe\x12\xdf\x17\xaeN\x1e'
11E8E149-EF4A-AC7C-9ABE-12DF17AE4E1E,2020-ncaa-d3-natl,ncaa,61,85,26,82,27,92,59,64,115,87,102,118,67,87,84,143,316,350,121,353,412,108,158,88,120,59,239,118,417,149,220,88,251,107,228,194,395,42,18,76,199,235,101,153,,,113,59,,,96,160,416,44,173,107,179,156,226,107,153,385,420,423,252,379,237,213,239,265,7,278,137,,28,,,102,210,273,351,136,341,379,164,90,176,37,114,170,167,255,179,85,333,306,99,96,139,57,73,164,341,251,347,220,351,228,84,31,237,294,134,85,65,383,323,,,366,421,,,96,266,64,180,99,81,140,162,208,247,37,77,96,76,80,124,70,250,194,221,38,344,39,330,,435,,,b'\x11\xe8\xe1I\xefJ\xac|\x9a\xbe\x12\xdf\x17\xaeN\x1e'
11E8E149-EF4A-AC7C-9ABE-12DF17AE4E1E,2022-ncaa-d3-conf-NESCAC,ncaa,8,9,4,8,5,5,5,4,7,3,3,9,8,7,8,11,7,8,3,7,11,4,4,7,9,8,11,10,8,5,6,6,7,6,7,6,10,4,3,6,1,1,2,2,,,7,4,,,8,4,7,5,7,6,3,1,1,10,10,9,10,10,3,4,5,9,7,9,3,1,2,,5,,,8,8,9,8,5,7,7,4,11,8,8,6,8,6,9,7,4,8,8,7,7,6,9,9,5,8,7,8,6,8,7,9,7,2,2,5,5,4,10,9,,,8,11,,,8,8,7,6,8,7,6,6,5,5,7,5,6,4,5,6,8,7,9,9,8,3,4,10,,10,,,b'\x11\xe8\xe1I\xefJ\xac|\x9a\xbe\x12\xdf\x17\xaeN\x1e'
11E8E149-EF4A-AC7C-9ABE-12DF17AE4E1E,2022-ncaa-d3-natl,ncaa,256,290,188,275,192,227,185,168,219,109,47,270,362,374,278,401,290,344,54,342,417,200,262,271,276,208,408,391,297,184,241,199,271,182,271,271,383,50,40,168,248,247,25,29,,,160,168,,,204,275,366,63,245,168,130,69,28,383,395,314,379,376,183,313,185,182,189,299,31,261,17,,146,,,208,174,182,247,123,160,281,58,263,174,366,158,149,104,369,99,68,216,167,136,133,192,256,295,169,318,271,291,241,301,271,111,91,282,305,206,55,61,307,186,,,330,347,,,204,155,197,230,205,156,165,247,147,284,247,154,142,88,90,204,138,308,294,302,107,316,42,310,,381,,,b'\x11\xe8\xe1I\xefJ\xac|\x9a\xbe\x12\xdf\x17\xaeN\x1e'
11E8E149-EF4A-AC7C-9ABE-12DF17AE4E1E,2023-ncaa-d3-conf-NESCAC,ncaa,2,2,1,2,3,3,4,3,8,4,2,11,4,3,2,8,2,2,3,2,6,3,2,8,6,6,5,5,4,4,6,1,6,1,5,3,4,8,5,3,4,7,1,1,,,7,2,,,3,2,4,5,4,7,4,6,2,5,7,4,4,4,3,3,6,1,2,4,6,7,1,,3,,,3,8,10,11,3,9,11,3,9,10,4,5,1,6,1,5,1,10,11,3,2,3,1,7,1,11,6,10,6,11,5,7,4,3,6,4,8,5,6,5,,,4,9,,,3,10,7,2,4,4,6,11,6,11,5,7,1,1,1,9,10,8,9,10,6,6,6,6,,7,,,b'\x11\xe8\xe1I\xefJ\xac|\x9a\xbe\x12\xdf\x17\xaeN\x1e'
11E8E149-EF4A-AC7C-9ABE-12DF17AE4E1E,2023-ncaa-d3-natl,ncaa,90,85,109,91,131,191,196,207,181,150,88,258,314,367,93,382,137,197,47,203,312,205,259,220,192,155,320,348,123,271,291,114,227,178,244,148,132,82,94,93,251,269,15,15,,,115,96,,,130,240,336,181,237,225,260,157,87,335,390,146,238,247,264,354,315,120,218,166,66,281,11,,63,,,132,90,135,282,47,156,336,28,148,143,192,125,73,67,180,61,31,221,219,42,32,57,131,225,95,307,227,252,291,297,244,45,38,196,218,83,80,86,150,83,,,244,222,,,130,189,186,81,128,59,98,226,122,283,126,111,41,41,38,159,147,266,218,239,40,243,64,121,,312,,,b'\x11\xe8\xe1I\xefJ\xac|\x9a\xbe\x12\xdf\x17\xaeN\x1e'
11E8E149-EF4A-AC7C-9ABE-12DF17AE4E1E,2024-ncaa-d3-conf-NESCAC,ncaa,8,9,3,9,5,4,4,3,5,3,2,6,11,11,11,11,4,6,1,7,9,3,4,8,5,5,11,11,4,6,7,7,7,7,8,6,9,8,8,7,7,8,3,3,,,5,4,,,10,4,2,6,5,4,3,2,1,11,11,5,6,6,4,5,6,9,9,7,8,8,3,,4,,,10,10,10,7,9,9,9,9,9,5,10,3,8,8,10,8,7,9,8,9,9,11,4,6,5,7,7,8,7,9,8,9,6,9,8,10,10,10,5,2,,,7,8,,,10,8,6,11,10,11,11,8,10,9,10,3,8,8,8,9,8,6,7,7,9,8,10,5,,6,,,b'\x11\xe8\xe1I\xefJ\xac|\x9a\xbe\x12\xdf\x17\xaeN\x1e'
11E8E149-EF4A-AC7C-9ABE-12DF17AE4E1E,2024-ncaa-d3-natl,ncaa,251,232,296,255,328,252,235,330,107,161,190,154,361,394,189,385,193,248,66,252,293,330,359,160,137,132,373,374,126,376,358,285,102,340,236,221,168,87,195,149,330,300,74,56,,,97,206,,,225,336,284,244,230,203,323,102,107,360,392,135,213,218,310,355,385,220,344,181,128,326,45,,143,,,225,137,170,89,309,221,169,280,110,64,315,110,183,137,372,137,169,79,64,291,302,332,132,127,215,68,102,107,358,71,236,137,125,343,304,275,146,249,150,142,,,260,102,,,225,80,191,293,229,215,240,150,267,227,145,84,235,183,184,141,92,79,176,124,175,336,204,189,,216,,,b'\x11\xe8\xe1I\xefJ\xac|\x9a\xbe\x12\xdf\x17\xaeN\x1e'
11E8E149-EF4A-AC7C-9ABE-12DF17AE4E1E,2025-ncaa-d3-conf-NESCAC,genius_ncaa,7,9,4,8,6,6,6,5,9,6,4,10,9,8,7,10,7,8,7,8,11,5,4,10,10,10,10,9,9,3,3,8,3,5,4,3,1,8,9,4,4,4,3,5,,,4,4,,3,9,5,1,6,9,7,3,6,2,10,9,8,10,10,3,2,3,8,5,1,9,4,5,,4,,3,9,6,8,6,10,9,7,7,7,3,10,3,3,3,10,3,1,5,6,10,9,4,3,6,3,5,3,8,3,5,4,8,6,4,3,3,8,8,6,6,,,6,10,,4,9,6,9,4,9,6,6,5,9,7,6,3,1,1,1,3,6,4,8,6,6,3,8,7,,9,,4,b'\x11\xe8\xe1I\xefJ\xac|\x9a\xbe\x12\xdf\x17\xaeN\x1e'
11E8E149-EF4A-AC7C-9ABE-12DF17AE4E1E,2025-ncaa-d3-natl,genius_ncaa,173,118,290,153,294,269,240,276,211,190,149,275,327,370,145,366,260,319,37,317,374,286,315,246,239,221,351,339,215,223,163,292,77,270,132,232,207,91,157,175,253,191,100,65,,,155,277,,31,197,338,315,45,230,199,173,139,71,323,367,227,311,308,203,253,183,238,211,195,153,227,72,,207,,32,195,65,93,55,244,110,108,194,104,50,303,130,106,72,364,75,116,47,45,232,240,221,157,180,174,31,77,108,163,53,132,77,118,250,153,157,47,81,227,189,,,290,222,,361,197,73,206,166,196,130,158,101,176,167,154,80,133,92,95,82,80,69,175,105,119,213,81,270,,253,,362,b'\x11\xe8\xe1I\xefJ\xac|\x9a\xbe\x12\xdf\x17\xaeN\x1e'
11E8E149-EF4A-AC7C-9ABE-12DF17AE4E1E,2026-ncaa-d3-conf-NESCAC,genius_ncaa,2,1,5,1,5,6,6,6,3,6,6,2,6,6,6,6,5,4,4,4,3,6,6,4,4,3,6,6,3,6,5,5,1,6,2,6,6,1,1,2,6,3,5,3,,,1,1,,1,3,6,4,3,4,4,4,3,2,6,6,3,3,3,4,5,6,1,3,5,1,3,5,,1,,1,3,1,1,1,1,1,1,1,4,2,6,6,1,1,6,1,1,1,1,1,1,2,6,6,1,1,1,2,5,1,2,1,6,6,3,5,1,2,1,1,,,5,2,,3,3,1,4,1,2,1,1,2,1,1,6,6,1,1,1,1,1,1,2,1,5,4,1,1,,3,,3,b'\x11\xe8\xe1I\xefJ\xac|\x9a\xbe\x12\xdf\x17\xaeN\x1e'
11E8E149-EF4A-AC7C-9ABE-12DF17AE4E1E,2026-ncaa-d3-natl,genius_ncaa,54,132,42,116,64,107,56,72,162,15,21,156,360,297,383,393,135,127,224,113,343,74,104,244,255,189,414,407,246,41,60,57,6,46,22,151,344,152,38,121,207,240,158,205,,,223,196,,45,138,128,361,113,227,135,143,39,42,395,385,234,246,226,155,293,88,143,108,272,33,300,237,,82,,39,159,260,247,244,208,249,245,214,237,256,177,211,299,290,254,298,284,252,252,211,219,242,227,183,284,72,6,252,60,183,22,149,51,209,253,159,211,118,55,6,,,138,275,,76,138,288,143,168,152,92,93,49,113,83,126,110,207,177,176,52,19,10,91,35,46,337,103,19,,302,,127,b'\x11\xe8\xe1I\xefJ\xac|\x9a\xbe\x12\xdf\x17\xaeN\x1e'
11E8E149-EF4F-822E-9ABE-12DF17AE4E1E,2018-ncaa-d3-conf-OAC,ncaa,7,7,5,7,6,8,8,7,8,7,5,8,8,9,6,7,7,7,5,7,7,6,6,8,8,8,7,7,6,3,3,5,4,4,3,7,5,7,7,6,10,10,3,4,,,1,1,,,7,9,6,6,8,8,8,7,5,8,7,5,7,7,8,5,2,4,4,7,8,10,4,,2,,,7,6,7,10,5,6,9,5,8,7,6,8,4,2,10,2,1,9,2,6,6,9,5,7,3,4,4,4,3,5,3,6,2,10,10,9,7,7,10,10,,,8,9,,,7,2,7,9,7,8,7,9,7,7,10,8,4,2,2,8,4,7,4,5,6,10,8,10,,10,,,b'\x11\xe8\xe1I\xefO\x82.\x9a\xbe\x12\xdf\x17\xaeN\x1e'
11E8E149-EF4F-822E-9ABE-12DF17AE4E1E,2018-ncaa-d3-natl,ncaa,243,279,123,261,155,165,168,187,143,150,153,174,217,265,125,287,141,223,22,218,284,191,183,155,127,156,256,264,178,159,110,110,122,125,79,200,274,268,248,240,396,419,140,173,,,135,114,,,285,191,265,179,176,175,229,148,181,226,296,151,264,258,240,241,187,97,115,222,233,421,159,,81,,,283,395,397,383,287,317,297,237,431,399,403,370,190,113,437,105,75,358,240,333,340,414,339,408,76,180,122,128,110,140,79,259,82,415,441,406,268,269,315,282,,,203,240,,,285,250,156,391,286,351,348,354,269,262,421,391,156,90,84,330,164,163,89,105,224,442,252,302,,267,,,b'\x11\xe8\xe1I\xefO\x82.\x9a\xbe\x12\xdf\x17\xaeN\x1e'
11E8E149-EF4F-822E-9ABE-12DF17AE4E1E,2019-ncaa-d3-conf-OAC,ncaa,8,8,5,8,5,5,4,5,7,4,3,5,7,6,9,6,4,5,4,5,6,4,4,8,7,8,9,9,6,7,9,4,6,5,7,8,9,4,4,8,10,10,7,8,,,7,5,,,8,4,4,1,5,4,3,3,3,7,4,5,5,6,2,4,7,3,3,7,5,10,7,,8,,,8,9,10,10,6,9,7,8,8,9,3,8,6,5,4,6,6,10,8,6,5,8,5,6,5,8,6,8,9,8,7,6,4,10,10,8,4,5,8,7,,,6,8,,,8,7,8,9,8,9,8,10,8,9,8,9,6,5,5,10,10,8,7,9,8,9,5,7,,6,,,b'\x11\xe8\xe1I\xefO\x82.\x9a\xbe\x12\xdf\x17\xaeN\x1e'
11E8E149-EF4F-822E-9ABE-12DF17AE4E1E,2019-ncaa-d3-natl,ncaa,237,274,129,262,133,103,121,152,113,153,194,114,104,119,98,156,118,184,46,183,185,153,175,99,80,75,159,166,226,273,295,94,205,153,205,164,305,148,112,142,404,423,234,267,,,335,293,,,251,145,222,12,85,115,148,164,237,108,133,125,201,199,152,223,306,82,158,176,119,418,247,,316,,,249,423,407,396,295,341,298,304,424,418,331,375,319,287,338,295,233,399,308,328,330,410,331,379,165,310,205,260,295,282,205,276,74,395,429,399,91,67,358,334,,,177,186,,,251,295,103,408,254,393,370,388,297,262,421,409,289,254,262,384,268,286,218,245,250,423,69,343,,196,,,b'\x11\xe8\xe1I\xefO\x82.\x9a\xbe\x12\xdf\x17\xaeN\x1e'
11E8E149-EF4F-822E-9ABE-12DF17AE4E1E,2020-ncaa-d3-conf-OAC,ncaa,7,7,5,7,6,3,3,2,4,2,2,4,3,4,6,5,4,5,3,5,4,1,2,3,3,2,7,5,5,3,6,3,7,2,7,5,8,3,1,3,6,8,8,9,,,6,3,,,5,2,2,7,1,1,2,2,1,3,4,4,3,3,1,1,3,2,2,4,4,5,8,,7,,,5,9,9,10,7,10,10,7,7,7,3,4,6,6,7,6,4,9,9,7,7,7,3,3,4,8,7,10,6,10,7,9,6,7,9,9,4,2,4,3,,,6,7,,,5,8,3,7,5,9,9,9,9,10,8,8,6,6,6,9,9,9,9,9,8,8,4,3,,6,,,b'\x11\xe8\xe1I\xefO\x82.\x9a\xbe\x12\xdf\x17\xaeN\x1e'
11E8E149-EF4F-822E-9ABE-12DF17AE4E1E,2020-ncaa-d3-natl,ncaa,263,275,198,276,309,71,66,80,94,60,87,82,134,154,145,241,78,109,113,112,223,74,105,95,86,52,251,250,225,190,221,157,208,167,220,208,407,106,53,152,223,275,231,277,,,340,273,,,204,84,31,393,19,19,25,33,58,124,138,50,77,75,22,48,160,99,120,195,117,209,239,,365,,,204,422,416,377,347,416,381,353,284,278,247,157,357,336,341,331,210,397,345,328,344,382,120,130,215,255,208,290,221,294,220,245,54,308,370,315,71,42,310,230,,,185,258,,,204,353,67,359,207,407,402,397,413,401,295,298,370,339,341,409,383,273,309,297,254,307,83,316,,142,,,b'\x11\xe8\xe1I\xefO\x82.\x9a\xbe\x12\xdf\x17\xaeN\x1e'
11E8E149-EF4F-822E-9ABE-12DF17AE4E1E,2021-ncaa-d3-conf-OAC,ncaa,5,6,4,5,5,4,4,1,6,2,1,4,8,7,9,8,3,1,7,1,5,1,1,8,7,6,8,10,3,3,7,4,4,3,6,7,9,6,3,8,5,6,7,7,,,9,8,,,7,2,3,5,5,5,2,3,1,8,7,2,1,1,2,2,2,4,2,7,5,5,8,,8,,,7,10,8,8,6,6,5,7,10,10,8,9,7,8,3,7,8,9,9,8,8,7,10,10,4,5,4,10,7,9,6,9,9,5,6,8,6,2,6,4,,,2,3,,,7,9,5,7,7,7,6,7,6,3,10,10,6,6,7,7,7,4,9,8,9,4,2,5,,2,,,b'\x11\xe8\xe1I\xefO\x82.\x9a\xbe\x12\xdf\x17\xaeN\x1e'
11E8E149-EF4F-822E-9ABE-12DF17AE4E1E,2021-ncaa-d3-natl,ncaa,63,214,32,125,40,36,35,28,116,25,21,123,81,63,167,213,21,24,115,24,107,24,25,136,129,110,188,216,69,25,98,38,113,32,129,64,252,230,80,154,55,154,96,166,,,259,189,,,177,30,44,110,56,64,45,49,34,171,164,37,38,37,29,40,59,119,70,170,115,133,176,,219,,,152,266,263,257,213,246,248,194,279,270,258,240,252,250,167,250,194,258,255,239,238,237,255,261,113,238,113,260,98,255,129,269,212,53,163,210,213,67,243,125,,,25,65,,,177,256,89,213,153,243,217,210,153,118,272,249,191,190,193,217,206,120,207,184,235,131,87,181,,35,,,b'\x11\xe8\xe1I\xefO\x82.\x9a\xbe\x12\xdf\x17\xaeN\x1e'
11E8E149-EF4F-822E-9ABE-12DF17AE4E1E,2022-ncaa-d3-conf-OAC,ncaa,8,8,4,8,7,8,7,5,7,5,6,5,8,6,9,4,9,9,6,9,9,8,7,8,8,7,8,8,6,6,6,10,10,8,7,7,5,3,7,6,3,2,5,5,,,7,8,,,7,8,8,6,8,7,4,5,5,8,5,9,10,10,8,6,5,10,8,7,5,2,5,,8,,,7,8,8,3,9,7,3,7,8,5,10,6,8,7,4,7,9,4,5,9,10,8,8,8,6,7,10,6,6,7,7,8,8,5,3,6,6,6,4,5,,,10,10,,,7,3,7,8,7,7,7,4,7,3,8,5,8,8,8,5,5,7,6,8,8,3,6,4,,10,,,b'\x11\xe8\xe1I\xefO\x82.\x9a\xbe\x12\xdf\x17\xaeN\x1e'
11E8E149-EF4F-822E-9ABE-12DF17AE4E1E,2022-ncaa-d3-natl,ncaa,302,365,107,338,162,227,211,223,228,203,216,190,207,186,263,184,263,292,149,293,293,236,232,223,228,237,239,213,256,268,286,349,302,329,328,237,288,245,254,268,119,99,139,108,,,324,345,,,317,222,328,290,306,278,317,254,282,249,220,311,350,352,352,359,320,422,409,289,197,136,163,,296,,,308,347,316,145,399,269,126,370,365,216,423,248,336,326,301,327,360,168,198,408,410,370,328,308,264,188,302,220,286,198,328,319,243,120,93,215,242,240,318,319,,,277,291,,,317,212,253,351,308,285,252,45,210,57,326,163,303,290,293,63,96,132,146,144,267,148,206,300,,361,,,b'\x11\xe8\xe1I\xefO\x82.\x9a\xbe\x12\xdf\x17\xaeN\x1e'
11E8E149-EF4F-822E-9ABE-12DF17AE4E1E,2023-ncaa-d3-conf-OAC,ncaa,5,5,5,5,6,6,5,5,5,4,4,3,9,6,8,8,4,4,3,5,6,6,6,5,5,5,9,8,5,4,5,5,4,6,5,8,10,1,2,6,3,2,6,6,,,8,9,,,5,6,5,10,5,5,4,3,4,8,7,4,4,4,3,4,5,6,5,9,1,3,7,,8,,,5,7,5,2,6,7,5,7,3,2,5,4,8,8,7,8,9,5,5,6,6,6,5,3,9,2,4,7,5,4,5,6,6,7,5,5,1,2,10,8,,,3,3,,,5,5,4,6,5,6,6,1,6,5,3,3,8,8,8,3,3,4,7,5,6,6,2,10,,3,,,b'\x11\xe8\xe1I\xefO\x82.\x9a\xbe\x12\xdf\x17\xaeN\x1e'
11E8E149-EF4F-822E-9ABE-12DF17AE4E1E,2023-ncaa-d3-natl,ncaa,171,198,109,190,146,186,217,192,247,193,193,193,225,170,328,203,86,131,53,132,136,182,230,256,219,167,207,273,75,231,263,200,85,207,201,302,393,81,78,239,125,102,237,229,,,320,367,,,189,220,319,200,229,256,241,223,249,261,204,79,146,149,222,324,265,256,277,347,62,142,254,,298,,,193,185,163,124,242,197,130,283,148,182,124,222,307,306,214,297,339,137,166,233,257,226,225,157,323,78,85,262,263,177,201,134,132,179,158,155,104,117,387,373,,,136,89,,,189,203,187,180,190,137,128,61,155,78,126,140,283,281,272,80,77,67,224,129,115,220,91,379,,151,,,b'\x11\xe8\xe1I\xefO\x82.\x9a\xbe\x12\xdf\x17\xaeN\x1e'
11E8E149-EF4F-822E-9ABE-12DF17AE4E1E,2024-ncaa-d3-conf-OAC,ncaa,9,9,7,9,7,10,10,8,10,10,6,10,9,8,10,8,6,4,8,4,3,8,8,10,10,10,6,9,3,7,8,9,9,7,10,10,9,6,8,9,7,7,6,7,,,6,7,,,9,8,6,1,10,10,7,10,5,9,8,5,3,3,7,5,7,8,7,10,8,7,5,,8,,,9,5,6,3,7,7,5,8,4,4,4,5,6,6,4,5,6,3,4,7,7,4,4,3,7,7,9,9,8,9,10,6,6,5,3,4,4,6,3,5,,,6,3,,,9,2,9,6,9,6,8,7,8,6,5,5,8,8,8,7,8,9,10,10,7,2,6,5,,3,,,b'\x11\xe8\xe1I\xefO\x82.\x9a\xbe\x12\xdf\x17\xaeN\x1e'
11E8E149-EF4F-822E-9ABE-12DF17AE4E1E,2024-ncaa-d3-natl,ncaa,339,342,296,347,310,324,335,300,363,325,305,336,271,200,366,163,219,199,257,202,110,290,324,361,352,320,149,217,80,270,289,364,334,341,353,382,400,94,171,328,241,183,280,233,,,232,325,,,330,332,278,119,320,344,241,327,275,269,177,170,146,153,225,279,238,377,351,387,138,199,269,,301,,,328,192,162,84,307,148,54,359,251,267,205,350,272,261,292,259,362,94,106,329,343,317,311,272,300,219,334,267,289,248,353,154,152,235,170,174,110,178,209,279,,,246,138,,,330,95,316,330,332,277,235,141,203,73,301,324,326,307,308,161,192,262,328,305,187,183,154,250,,192,,,b'\x11\xe8\xe1I\xefO\x82.\x9a\xbe\x12\xdf\x17\xaeN\x1e'
11E8E149-EF4F-822E-9ABE-12DF17AE4E1E,2025-ncaa-d3-conf-OAC,genius_ncaa,8,8,7,8,7,8,8,8,9,7,7,5,9,8,9,8,7,6,9,6,5,8,9,8,9,8,8,9,5,9,8,10,10,10,10,8,8,6,7,8,9,9,8,8,,,8,8,,10,8,9,4,4,7,7,7,5,4,8,8,6,6,6,7,8,8,10,10,7,7,7,8,,8,,10,8,6,6,5,7,6,6,7,7,7,6,7,7,7,5,7,8,7,6,7,7,7,6,5,6,9,10,4,8,8,10,5,5,6,6,7,7,8,3,3,,,8,6,,7,8,2,8,8,8,8,8,8,8,7,7,9,9,9,9,9,9,10,6,10,7,2,7,3,,6,,7,b'\x11\xe8\xe1I\xefO\x82.\x9a\xbe\x12\xdf\x17\xaeN\x1e'
11E8E149-EF4F-822E-9ABE-12DF17AE4E1E,2025-ncaa-d3-natl,genius_ncaa,312,334,192,322,218,256,267,296,227,250,254,214,261,267,213,258,170,119,333,118,73,275,251,230,229,254,190,241,111,350,343,360,384,366,374,266,233,258,288,284,168,192,288,277,,,385,392,,373,314,198,152,127,267,278,324,260,265,259,276,136,88,86,280,239,366,401,407,272,263,159,284,,402,,378,314,323,228,199,237,179,121,274,295,329,200,307,397,399,218,398,409,266,271,260,296,268,363,251,379,334,384,165,343,256,374,172,142,156,188,164,245,271,121,154,,,121,52,,129,314,233,287,304,311,320,240,229,195,135,299,335,398,400,400,288,303,335,187,270,186,137,250,119,,83,,129,b'\x11\xe8\xe1I\xefO\x82.\x9a\xbe\x12\xdf\x17\xaeN\x1e'
11E8E149-EF4F-822E-9ABE-12DF17AE4E1E,2026-ncaa-d3-conf-OAC,genius_ncaa,2,5,1,5,1,2,3,1,5,3,2,7,2,1,3,4,2,2,7,2,3,1,1,5,5,3,3,3,3,2,8,2,7,3,8,2,3,7,5,3,1,2,3,7,,,9,6,,3,7,1,3,1,3,7,5,8,7,3,3,4,3,3,5,6,7,6,7,3,5,1,6,,8,,3,7,9,9,8,5,9,8,7,4,9,2,6,9,9,3,9,8,9,9,5,5,7,4,3,7,9,7,9,8,9,8,8,4,2,3,5,6,4,9,6,,,1,3,,4,7,9,6,6,5,7,7,4,8,5,3,6,7,8,8,6,7,7,7,6,6,3,4,6,,3,,4,b'\x11\xe8\xe1I\xefO\x82.\x9a\xbe\x12\xdf\x17\xaeN\x1e'
11E8E149-EF4F-822E-9ABE-12DF17AE4E1E,2026-ncaa-d3-natl,genius_ncaa,225,366,8,302,8,51,88,69,238,104,113,166,99,39,296,119,21,14,251,13,31,44,41,230,211,233,116,206,67,109,232,89,270,94,267,80,177,360,247,257,153,306,215,287,,,408,365,,324,348,32,271,60,250,294,336,290,354,223,147,87,65,72,289,279,285,353,337,262,223,313,304,,358,,248,319,408,398,388,349,391,340,392,377,398,160,325,410,407,279,407,379,395,386,350,368,382,277,186,327,347,270,347,232,356,267,372,154,128,327,315,356,255,336,298,,,10,46,,236,348,387,241,372,313,338,307,196,294,104,272,329,377,372,375,246,177,188,135,152,257,330,229,229,,75,,312,b'\x11\xe8\xe1I\xefO\x82.\x9a\xbe\x12\xdf\x17\xaeN\x1e'
11E8E149-EF54-CE64-9ABE-12DF17AE4E1E,2018-ncaa-d3-conf-NEAC,ncaa,9,9,9,9,9,9,9,10,10,12,12,10,6,7,8,7,7,6,10,5,3,11,10,10,9,9,4,6,4,10,11,8,10,11,12,10,5,7,9,10,12,12,13,14,,,9,11,,,10,8,6,1,9,9,7,11,9,6,6,5,4,4,6,6,8,4,8,9,10,12,13,,12,,,10,7,6,6,5,8,8,7,2,4,2,6,10,12,4,12,10,8,5,4,4,9,5,2,11,11,10,10,11,12,12,4,4,11,10,10,6,10,12,14,,,6,3,,,10,6,9,11,12,10,9,11,9,10,4,7,12,14,14,13,11,12,13,13,6,10,10,13,,3,,,b'\x11\xe8\xe1I\xefT\xced\x9a\xbe\x12\xdf\x17\xaeN\x1e'
11E8E149-EF54-CE64-9ABE-12DF17AE4E1E,2018-ncaa-d3-conf-United East,ncaa,9,9,9,9,9,9,9,10,10,12,12,10,6,7,8,7,7,6,10,5,3,11,10,10,9,9,4,6,4,10,11,8,10,11,12,10,5,7,9,10,12,12,13,14,,,9,11,,,10,8,6,1,9,9,7,11,9,6,6,5,4,4,6,6,8,4,8,9,10,12,13,,12,,,10,7,6,6,5,8,8,7,2,4,2,6,10,12,4,12,10,8,5,4,4,9,5,2,11,11,10,10,11,12,12,4,4,11,10,10,6,10,12,14,,,6,3,,,10,6,9,11,12,10,9,11,9,10,4,7,12,14,14,13,11,12,13,13,6,10,10,13,,3,,,b'\x11\xe8\xe1I\xefT\xced\x9a\xbe\x12\xdf\x17\xaeN\x1e'
11E8E149-EF54-CE64-9ABE-12DF17AE4E1E,2018-ncaa-d3-natl,ncaa,299,279,363,301,364,315,340,280,375,356,302,369,235,174,316,147,189,141,314,139,68,252,241,367,357,354,95,148,65,258,341,212,335,241,360,314,203,268,282,325,332,355,400,412,,,239,225,,,311,222,44,47,247,305,96,329,198,175,99,90,51,48,68,49,182,47,71,273,357,283,400,,359,,,312,193,216,253,170,289,300,201,96,170,46,134,243,328,26,328,280,284,250,132,112,182,113,85,258,368,335,363,341,379,360,138,98,268,307,216,271,292,388,420,,,167,119,,,311,197,355,225,317,339,339,404,371,400,168,272,349,398,399,420,415,399,422,420,231,188,339,422,,32,,,b'\x11\xe8\xe1I\xefT\xced\x9a\xbe\x12\xdf\x17\xaeN\x1e'
11E8E149-EF54-CE64-9ABE-12DF17AE4E1E,2019-ncaa-d3-conf-CSAC,ncaa,3,4,1,4,4,4,4,5,3,4,7,3,4,4,4,4,6,4,9,4,3,5,4,4,5,5,3,4,6,6,4,2,2,4,2,4,7,8,5,6,3,4,4,4,,,5,3,,,3,3,4,9,5,6,7,5,8,5,4,6,5,5,7,7,7,3,5,5,7,5,5,,2,,,3,4,5,8,3,3,5,3,8,9,6,9,3,1,9,1,2,8,6,4,3,3,7,9,4,4,2,5,4,4,2,6,6,3,3,4,8,5,8,7,,,3,4,,,3,7,5,2,3,2,3,5,3,3,6,8,2,1,1,4,2,2,3,3,4,5,7,8,,3,,,b'\x11\xe8\xe1I\xefT\xced\x9a\xbe\x12\xdf\x17\xaeN\x1e'
11E8E149-EF54-CE64-9ABE-12DF17AE4E1E,2019-ncaa-d3-natl,ncaa,169,162,215,170,313,315,247,252,254,223,256,189,249,183,340,160,420,349,441,341,335,273,248,264,337,341,350,197,432,181,136,208,73,205,97,205,176,306,322,268,108,77,311,280,,,41,41,,,153,262,213,433,343,240,215,218,255,247,170,430,361,356,259,198,161,168,146,188,311,91,322,,25,,,147,31,49,139,30,31,84,50,232,345,47,405,26,23,212,21,39,85,123,40,23,22,305,400,59,63,73,130,136,94,97,170,392,125,83,119,287,297,151,193,,,351,381,,,153,176,337,17,153,26,53,165,38,77,239,356,19,12,10,74,139,75,140,105,182,110,297,164,,383,,,b'\x11\xe8\xe1I\xefT\xced\x9a\xbe\x12\xdf\x17\xaeN\x1e'
11E8E149-EF54-CE64-9ABE-12DF17AE4E1E,2020-ncaa-d3-conf-CSAC,ncaa,9,9,6,9,6,9,10,7,10,10,9,10,4,3,9,3,6,6,4,6,1,8,9,10,10,9,2,3,1,10,10,9,10,10,10,10,7,3,3,8,7,7,8,8,,,3,3,,,10,7,5,1,9,10,6,10,9,4,3,4,6,6,6,7,10,9,10,10,3,6,8,,4,,,10,9,9,8,9,9,2,10,10,10,8,9,5,3,9,3,4,7,7,9,9,9,7,8,3,9,10,10,10,10,10,8,6,6,6,8,4,5,7,9,,,7,6,,,10,4,10,10,10,9,9,8,9,5,10,10,7,5,5,9,10,10,10,10,8,5,4,8,,6,,,b'\x11\xe8\xe1I\xefT\xced\x9a\xbe\x12\xdf\x17\xaeN\x1e'
11E8E149-EF54-CE64-9ABE-12DF17AE4E1E,2020-ncaa-d3-natl,ncaa,397,368,398,402,402,393,406,367,415,412,402,405,238,114,392,46,290,298,230,290,62,368,393,404,393,368,31,74,60,416,430,373,381,404,425,391,233,56,175,318,338,325,415,414,,,42,50,,,387,379,68,133,353,386,177,405,364,163,41,173,170,156,155,180,394,235,340,364,195,267,410,,109,,,393,227,227,142,305,145,83,315,359,325,341,370,170,106,408,104,199,113,90,338,356,357,336,370,157,304,381,410,430,381,425,340,379,314,278,364,117,227,78,223,,,394,324,,,387,63,390,376,389,399,382,389,323,284,416,414,308,252,246,391,390,389,432,430,399,173,233,143,,301,,,b'\x11\xe8\xe1I\xefT\xced\x9a\xbe\x12\xdf\x17\xaeN\x1e'
11E8E149-EF54-CE64-9ABE-12DF17AE4E1E,2022-ncaa-d3-conf-CSAC,ncaa,4,4,1,4,1,4,4,1,7,3,3,6,9,4,9,8,1,2,3,2,4,2,1,7,6,6,7,9,1,2,4,6,9,4,8,4,8,7,4,5,1,3,5,6,,,7,3,,,5,1,4,1,4,5,1,4,3,9,5,1,2,2,2,2,3,8,5,7,5,2,5,,5,,,5,10,10,9,7,9,9,8,9,9,5,6,8,7,9,7,5,9,10,8,6,5,4,5,5,10,9,10,4,10,8,8,4,2,4,4,10,7,6,5,,,3,4,,,5,10,5,6,5,7,9,8,8,6,8,7,6,5,5,8,10,9,8,9,6,3,7,6,,3,,,b'\x11\xe8\xe1I\xefT\xced\x9a\xbe\x12\xdf\x17\xaeN\x1e'
11E8E149-EF54-CE64-9ABE-12DF17AE4E1E,2022-ncaa-d3-natl,ncaa,190,182,250,192,253,254,251,176,345,176,106,306,379,288,418,324,135,149,157,147,232,175,162,371,354,337,352,395,61,94,121,291,399,207,323,237,210,269,241,281,111,133,265,305,,,72,24,,,275,195,92,21,248,245,68,132,46,389,273,94,105,96,58,46,57,285,143,241,297,71,279,,61,,,276,233,269,300,156,266,298,156,247,281,159,246,116,133,113,143,95,286,312,158,126,118,168,239,90,405,399,265,121,361,323,329,319,121,169,226,376,351,120,70,,,313,391,,,275,222,314,203,273,276,310,382,294,355,276,322,146,170,183,371,393,405,333,383,335,80,382,131,,322,,,b'\x11\xe8\xe1I\xefT\xced\x9a\xbe\x12\xdf\x17\xaeN\x1e'
11E8E149-EF54-CE64-9ABE-12DF17AE4E1E,2023-ncaa-d3-conf-CSAC,ncaa,4,2,4,4,4,3,4,4,2,2,2,4,10,10,8,10,2,2,3,2,8,4,4,4,3,3,10,10,3,5,3,4,6,4,3,3,1,6,5,3,5,5,5,6,,,5,4,,,3,3,5,1,3,3,6,2,2,10,10,2,1,1,5,4,5,2,4,2,7,4,4,,5,,,3,4,4,7,4,6,8,3,3,4,3,3,6,6,7,6,5,6,8,3,2,4,3,3,6,7,6,4,3,5,3,4,2,4,4,3,8,8,9,5,,,6,8,,,3,8,3,4,4,4,4,4,5,7,2,2,6,6,6,5,7,6,3,3,3,2,7,9,,8,,,b'\x11\xe8\xe1I\xefT\xced\x9a\xbe\x12\xdf\x17\xaeN\x1e'
11E8E149-EF54-CE64-9ABE-12DF17AE4E1E,2023-ncaa-d3-natl,ncaa,171,113,333,149,333,240,201,246,135,59,32,221,422,424,403,428,125,142,136,149,354,235,211,273,244,269,426,428,81,158,79,320,369,259,227,113,48,291,293,183,133,141,289,325,,,57,34,,,152,240,70,17,131,92,90,8,3,425,428,50,58,61,63,38,80,211,130,50,343,86,265,,96,,,148,74,118,155,120,245,303,132,21,36,19,31,111,146,76,132,95,133,228,70,59,34,21,16,190,336,369,71,79,173,227,156,227,70,51,70,368,355,213,78,,,319,371,,,152,178,255,64,157,165,232,319,331,392,23,54,181,217,209,311,385,376,168,294,240,25,381,280,,252,,,b'\x11\xe8\xe1I\xefT\xced\x9a\xbe\x12\xdf\x17\xaeN\x1e'
11E8E149-EF54-CE64-9ABE-12DF17AE4E1E,2024-ncaa-d3-conf-United East,ncaa,5,7,7,7,7,4,7,8,6,9,9,9,3,8,1,8,1,1,3,1,1,6,7,3,3,4,3,7,1,7,9,7,9,5,9,3,2,9,9,6,10,11,16,16,,,8,7,,,8,7,7,9,6,10,12,11,13,5,7,1,1,1,9,10,11,6,8,5,9,12,16,,7,,,8,13,12,13,11,15,15,8,4,5,3,4,11,9,10,9,6,12,9,7,8,9,2,3,9,12,9,8,9,11,9,6,2,8,10,7,11,9,14,14,,,5,2,,,8,11,5,10,8,10,10,10,14,14,4,4,8,7,7,12,9,10,7,9,5,9,9,13,,2,,,b'\x11\xe8\xe1I\xefT\xced\x9a\xbe\x12\xdf\x17\xaeN\x1e'
11E8E149-EF54-CE64-9ABE-12DF17AE4E1E,2024-ncaa-d3-natl,ncaa,184,206,112,192,195,164,227,190,268,192,116,318,264,309,174,365,8,5,230,5,17,114,85,282,225,243,158,331,10,152,197,166,372,159,295,137,36,353,286,239,270,340,380,409,,,137,43,,,246,75,68,393,191,266,223,214,119,293,338,7,3,2,111,77,162,204,176,142,322,301,391,,116,,,246,356,389,401,275,411,420,261,39,78,33,12,209,216,166,209,45,392,376,179,156,175,7,10,109,403,372,308,197,383,295,278,74,116,233,198,345,292,300,236,,,28,53,,,246,349,256,247,247,323,364,381,399,409,28,43,175,188,183,377,378,390,261,345,254,135,317,287,,19,,,b'\x11\xe8\xe1I\xefT\xced\x9a\xbe\x12\xdf\x17\xaeN\x1e'
11E8E149-EF54-CE64-9ABE-12DF17AE4E1E,2025-ncaa-d3-conf-United East,genius_ncaa,10,10,8,10,8,8,9,6,10,8,8,9,7,7,10,8,1,1,10,1,1,6,6,9,7,9,3,10,1,8,10,6,11,6,10,7,3,15,9,11,8,10,8,8,,,17,17,,14,11,6,1,5,5,8,5,7,8,7,7,1,1,1,4,3,7,4,4,6,14,8,7,,17,,15,11,16,10,14,7,7,9,10,14,16,7,15,16,17,6,17,17,15,14,9,8,11,16,12,15,16,11,14,10,16,10,9,9,7,9,9,14,10,17,17,,,1,4,,8,11,12,10,11,11,13,12,13,9,10,15,16,17,17,17,16,17,15,13,14,10,5,13,16,,1,,8,b'\x11\xe8\xe1I\xefT\xced\x9a\xbe\x12\xdf\x17\xaeN\x1e'
11E8E149-EF54-CE64-9ABE-12DF17AE4E1E,2025-ncaa-d3-natl,genius_ncaa,250,299,116,275,166,178,248,174,314,223,129,339,278,270,265,337,5,3,289,3,9,112,48,332,285,324,118,328,2,84,154,92,378,85,298,179,82,410,363,345,83,188,288,334,,,388,242,,294,336,40,17,258,194,293,196,261,137,307,307,4,3,3,89,27,78,81,67,202,388,89,304,,388,,296,328,407,389,403,238,363,372,225,384,385,284,240,398,411,50,411,359,408,405,251,246,239,309,261,275,414,378,361,154,404,298,383,302,77,195,241,412,379,401,370,,,22,65,,285,336,383,318,298,320,380,357,387,331,356,359,359,387,406,406,398,407,402,326,380,352,71,399,395,,12,,302,b'\x11\xe8\xe1I\xefT\xced\x9a\xbe\x12\xdf\x17\xaeN\x1e'
11E8E149-EF54-CE64-9ABE-12DF17AE4E1E,2026-ncaa-d3-conf-United East,genius_ncaa,2,1,9,1,9,5,5,7,2,4,8,2,13,11,10,12,5,5,6,5,6,7,9,3,3,4,13,13,8,6,1,7,2,7,1,5,9,5,6,6,7,3,11,8,,,5,7,,6,2,9,1,1,2,1,2,1,1,9,10,2,1,1,1,1,1,1,1,1,8,3,9,,8,,7,2,3,3,2,3,3,2,4,3,4,3,10,5,4,11,4,12,4,5,3,4,3,11,5,13,2,2,4,1,2,1,2,3,7,3,3,5,5,1,1,,,12,9,,8,2,6,2,3,2,5,4,3,3,2,3,8,9,7,7,5,10,2,4,2,2,3,8,1,,6,,8,b'\x11\xe8\xe1I\xefT\xced\x9a\xbe\x12\xdf\x17\xaeN\x1e'
11E8E149-EF54-CE64-9ABE-12DF17AE4E1E,2026-ncaa-d3-natl,genius_ncaa,98,200,42,183,53,20,37,35,182,17,13,211,230,215,266,377,5,2,299,2,60,20,21,234,216,240,302,370,38,7,13,27,12,10,7,52,219,381,246,258,18,34,230,261,,,342,183,,234,67,28,30,72,52,91,50,48,24,314,322,14,6,6,22,12,13,48,8,116,348,26,299,,238,,169,91,312,280,320,135,219,237,149,371,380,231,364,342,370,135,365,348,330,375,181,189,102,376,358,280,117,12,282,13,224,7,360,378,21,47,137,375,261,368,230,,,25,177,,236,67,390,179,56,99,192,133,174,75,78,332,347,264,299,289,192,311,29,131,67,302,34,335,328,,32,,292,b'\x11\xe8\xe1I\xefT\xced\x9a\xbe\x12\xdf\x17\xaeN\x1e'
11E8E149-EF59-8E22-9ABE-12DF17AE4E1E,2018-ncaa-d3-conf-NACC,ncaa,1,1,1,1,3,2,3,6,2,5,11,1,3,2,3,1,3,5,2,4,1,6,9,2,2,1,1,3,7,7,5,8,2,8,5,3,4,1,1,1,3,2,6,6,,,7,11,,,1,9,12,7,3,4,10,8,12,3,2,3,6,5,10,12,11,11,12,3,1,3,9,,5,,,1,1,1,1,1,1,1,1,1,1,1,3,7,5,10,5,9,1,2,1,2,1,6,2,12,2,2,2,5,1,5,1,3,2,1,1,1,1,3,6,,,1,1,,,1,3,1,1,1,1,1,1,1,1,1,1,5,5,5,1,1,2,1,1,1,3,1,1,,4,,,"b'\x11\xe8\xe1I\xefY\x8e""\x9a\xbe\x12\xdf\x17\xaeN\x1e'"
11E8E149-EF59-8E22-9ABE-12DF17AE4E1E,2018-ncaa-d3-natl,ncaa,31,19,68,27,107,95,113,247,22,183,370,4,37,50,61,35,154,198,70,199,63,244,320,13,14,10,77,63,301,338,288,263,29,318,122,66,57,26,41,12,155,100,227,178,,,236,364,,,16,300,436,303,113,138,399,255,432,42,70,204,281,285,391,439,408,390,423,67,6,200,263,,139,,,13,26,27,44,98,56,80,114,28,55,52,137,174,131,359,127,254,38,72,72,94,57,186,93,360,19,29,86,288,41,122,37,120,134,61,42,13,20,101,204,,,140,31,,,16,125,14,34,8,8,12,4,24,21,15,26,112,83,82,4,4,3,32,11,17,192,3,69,,227,,,"b'\x11\xe8\xe1I\xefY\x8e""\x9a\xbe\x12\xdf\x17\xaeN\x1e'"
11E8E149-EF59-8E22-9ABE-12DF17AE4E1E,2019-ncaa-d3-conf-NACC,ncaa,1,1,2,1,3,2,2,7,1,1,8,1,2,7,2,6,4,5,4,6,6,7,9,1,1,1,5,5,10,4,2,7,2,5,1,1,4,4,6,1,3,1,5,5,,,7,10,,,1,9,13,7,2,2,11,3,10,4,8,5,9,10,10,11,5,11,7,3,3,5,6,,7,,,1,1,2,1,3,2,1,2,2,3,3,5,7,5,13,5,8,1,3,3,3,2,8,5,11,1,2,1,2,1,1,2,3,4,1,2,1,1,2,2,,,4,4,,,1,5,1,2,1,1,1,1,1,1,2,3,6,4,6,1,1,1,1,1,2,5,1,2,,6,,,"b'\x11\xe8\xe1I\xefY\x8e""\x9a\xbe\x12\xdf\x17\xaeN\x1e'"
11E8E149-EF59-8E22-9ABE-12DF17AE4E1E,2019-ncaa-d3-natl,ncaa,7,2,20,5,40,46,42,115,16,70,188,16,39,83,25,118,145,197,54,195,209,123,145,13,12,10,180,119,344,125,74,144,32,131,42,19,19,159,96,10,51,30,108,99,,,308,331,,,8,154,434,345,96,84,362,160,366,82,174,250,332,332,376,425,256,361,341,28,36,102,157,,138,,,9,35,25,85,34,65,157,62,19,65,7,117,216,159,400,184,220,85,203,21,32,10,164,48,393,51,32,87,74,63,42,38,168,52,23,12,42,23,151,143,,,121,155,,,8,268,9,7,5,1,2,2,14,20,3,17,112,76,87,2,5,7,9,6,12,110,10,76,,299,,,"b'\x11\xe8\xe1I\xefY\x8e""\x9a\xbe\x12\xdf\x17\xaeN\x1e'"
11E8E149-EF59-8E22-9ABE-12DF17AE4E1E,2020-ncaa-d3-conf-NACC,ncaa,3,3,1,3,1,6,4,4,4,7,7,5,1,3,1,3,11,12,7,12,13,6,5,3,5,5,4,1,13,6,6,6,3,6,5,3,4,7,7,5,6,4,9,10,,,10,12,,,3,5,12,6,6,5,7,7,9,1,5,13,13,13,9,9,8,10,7,3,5,6,11,,9,,,4,2,2,3,3,4,7,3,1,1,2,2,9,8,12,8,9,2,5,3,3,3,4,2,12,4,3,8,6,4,5,6,9,2,2,2,3,3,9,9,,,9,10,,,3,9,5,3,4,1,1,1,3,5,1,1,9,8,8,1,2,3,5,3,6,4,2,8,,13,,,"b'\x11\xe8\xe1I\xefY\x8e""\x9a\xbe\x12\xdf\x17\xaeN\x1e'"
11E8E149-EF59-8E22-9ABE-12DF17AE4E1E,2020-ncaa-d3-natl,ncaa,79,85,65,88,94,153,125,166,106,234,301,130,27,56,22,52,383,376,320,367,352,205,252,46,93,76,95,23,431,292,299,228,62,259,213,46,18,106,122,24,171,136,330,341,,,303,379,,,72,232,401,196,209,160,280,304,378,33,81,417,424,419,341,401,350,339,358,41,53,218,365,,238,,,74,70,54,61,128,99,173,98,38,33,213,46,283,264,349,266,282,72,118,103,139,88,204,78,375,56,62,251,299,149,213,205,384,133,73,145,44,47,233,283,,,303,317,,,72,178,102,58,75,24,23,8,72,84,19,12,232,199,195,6,13,23,150,67,156,170,27,198,,396,,,"b'\x11\xe8\xe1I\xefY\x8e""\x9a\xbe\x12\xdf\x17\xaeN\x1e'"
11E8E149-EF59-8E22-9ABE-12DF17AE4E1E,2021-ncaa-d3-conf-NACC,ncaa,1,1,1,1,1,1,1,1,2,1,1,2,3,2,4,7,1,1,7,1,5,1,1,2,3,3,6,6,5,1,2,2,2,1,2,2,7,9,3,3,1,2,3,3,,,11,6,,,1,1,5,4,2,2,5,3,3,3,5,4,4,4,3,4,4,5,5,3,4,3,5,,5,,,1,7,7,8,2,7,8,3,2,10,1,6,9,8,7,9,6,9,12,1,1,1,4,1,10,8,2,11,2,10,2,8,12,1,2,2,9,4,7,1,,,1,5,,,1,12,2,1,1,1,1,2,2,2,1,2,3,3,3,2,4,1,3,2,2,3,6,1,,4,,,"b'\x11\xe8\xe1I\xefY\x8e""\x9a\xbe\x12\xdf\x17\xaeN\x1e'"
11E8E149-EF59-8E22-9ABE-12DF17AE4E1E,2021-ncaa-d3-natl,ncaa,12,28,47,29,53,50,47,52,64,39,48,54,70,69,121,161,50,46,130,42,116,50,59,72,77,46,184,169,144,46,86,43,16,45,43,47,127,159,28,34,41,35,70,92,,,205,134,,,9,65,204,110,73,63,115,63,106,132,144,103,101,99,93,179,94,76,71,79,31,56,119,,91,,,14,135,134,196,18,162,196,44,106,185,7,139,172,175,130,175,107,192,211,11,13,10,90,48,202,148,16,223,86,204,43,169,231,38,24,35,133,36,152,58,,,51,75,,,9,222,43,9,9,9,11,17,27,37,18,70,58,57,59,16,33,19,110,59,57,53,34,62,,96,,,"b'\x11\xe8\xe1I\xefY\x8e""\x9a\xbe\x12\xdf\x17\xaeN\x1e'"
11E8E149-EF59-8E22-9ABE-12DF17AE4E1E,2022-ncaa-d3-conf-NACC,ncaa,1,1,4,1,5,5,4,4,6,5,2,5,4,5,7,7,7,6,11,4,8,4,5,6,6,5,8,8,9,2,1,5,1,3,1,6,6,1,1,1,7,6,4,4,,,8,11,,,2,11,12,6,4,3,2,4,3,4,6,7,6,6,3,6,2,6,2,6,1,7,5,,8,,,2,1,1,2,1,2,3,1,2,2,3,4,9,8,8,8,8,2,3,1,3,2,10,7,12,1,1,7,1,4,1,1,3,5,3,1,1,1,6,2,,,2,1,,,2,4,4,1,1,1,1,1,1,4,2,2,9,7,7,2,2,1,5,2,1,6,1,3,,1,,,"b'\x11\xe8\xe1I\xefY\x8e""\x9a\xbe\x12\xdf\x17\xaeN\x1e'"
11E8E149-EF59-8E22-9ABE-12DF17AE4E1E,2022-ncaa-d3-natl,ncaa,18,5,107,10,162,148,136,128,182,136,178,114,148,97,292,138,232,179,320,166,200,127,230,189,217,117,242,200,294,63,85,95,12,82,43,207,329,19,3,41,271,248,100,67,,,218,319,,,30,276,414,290,176,155,140,153,231,185,122,262,205,187,146,344,77,111,76,246,4,318,110,,160,,,24,27,21,86,9,29,91,18,45,145,13,220,182,176,235,181,289,86,106,7,9,14,293,167,384,32,12,284,85,154,43,10,57,199,110,12,9,2,114,93,,,78,40,,,30,152,66,8,17,3,3,4,7,27,24,76,141,131,138,5,9,15,220,93,3,241,2,77,,91,,,"b'\x11\xe8\xe1I\xefY\x8e""\x9a\xbe\x12\xdf\x17\xaeN\x1e'"
11E8E149-EF59-8E22-9ABE-12DF17AE4E1E,2023-ncaa-d3-conf-NACC,ncaa,2,2,1,2,1,3,5,8,2,4,7,3,4,8,2,10,1,1,4,1,1,7,8,2,2,2,8,10,2,4,3,4,3,5,1,5,9,7,6,5,3,2,7,2,,,11,12,,,2,9,14,5,3,6,14,5,11,6,10,2,2,2,12,13,5,7,8,6,6,5,7,,6,,,2,1,1,4,1,1,4,1,2,3,3,7,6,8,2,8,9,4,4,1,1,1,13,8,13,3,3,1,3,1,1,2,5,3,2,2,6,6,9,9,,,2,2,,,2,5,3,1,2,1,1,2,1,3,2,2,4,5,5,2,1,2,1,1,2,3,4,8,,2,,,"b'\x11\xe8\xe1I\xefY\x8e""\x9a\xbe\x12\xdf\x17\xaeN\x1e'"
11E8E149-EF59-8E22-9ABE-12DF17AE4E1E,2023-ncaa-d3-natl,ncaa,67,85,63,81,93,119,129,221,57,155,238,55,115,161,69,171,72,115,56,113,83,203,235,52,38,42,155,180,139,231,200,107,25,163,51,172,268,142,143,153,169,136,175,134,,,223,293,,,33,223,402,288,145,175,351,198,339,146,214,99,168,165,340,387,295,191,252,229,81,221,217,,141,,,27,40,30,73,39,32,72,53,148,197,105,290,138,198,46,207,319,83,125,49,46,38,332,300,296,47,25,119,200,73,51,45,165,124,71,47,80,82,274,291,,,73,27,,,33,173,54,23,27,8,5,9,5,24,99,122,81,129,137,5,7,24,49,24,32,187,43,217,,125,,,"b'\x11\xe8\xe1I\xefY\x8e""\x9a\xbe\x12\xdf\x17\xaeN\x1e'"
11E8E149-EF59-8E22-9ABE-12DF17AE4E1E,2024-ncaa-d3-conf-NACC,ncaa,1,1,1,1,2,3,1,3,2,1,1,2,6,8,6,11,3,2,8,2,9,2,3,4,4,2,13,13,9,2,2,2,1,1,1,4,5,1,1,1,5,4,2,2,,,7,6,,,1,4,14,5,4,3,10,1,3,11,11,8,8,8,9,13,4,2,3,4,1,8,5,,3,,,1,1,1,4,1,2,4,1,2,5,2,10,5,5,8,5,6,3,6,1,2,1,9,9,9,1,1,4,2,1,1,2,5,2,2,2,1,1,7,4,,,1,5,,,1,11,1,1,1,1,1,1,1,2,2,3,2,2,3,1,1,1,1,1,1,7,1,4,,7,,,"b'\x11\xe8\xe1I\xefY\x8e""\x9a\xbe\x12\xdf\x17\xaeN\x1e'"
11E8E149-EF59-8E22-9ABE-12DF17AE4E1E,2024-ncaa-d3-natl,ncaa,30,30,38,35,51,95,87,148,38,93,174,39,137,164,100,209,150,140,273,137,154,139,230,43,54,33,265,211,291,196,178,84,6,116,39,57,74,30,17,10,171,130,186,131,,,220,291,,,25,240,422,244,161,137,329,138,292,193,240,235,223,222,322,415,279,188,238,84,2,245,235,,106,,,25,57,45,87,45,27,57,57,206,265,126,357,160,153,230,162,299,84,120,62,70,51,382,363,308,21,6,176,178,74,39,47,140,158,90,49,20,16,188,168,,,97,49,,,25,183,31,33,17,9,11,7,5,4,130,152,88,81,85,5,4,6,46,13,20,255,7,126,,214,,,"b'\x11\xe8\xe1I\xefY\x8e""\x9a\xbe\x12\xdf\x17\xaeN\x1e'"
11E8E149-EF59-8E22-9ABE-12DF17AE4E1E,2025-ncaa-d3-conf-NACC,genius_ncaa,1,1,1,1,1,2,2,1,7,2,3,5,2,2,6,5,2,2,8,2,7,1,2,7,7,3,7,8,11,2,3,2,1,1,2,3,6,1,1,2,3,3,6,4,,,6,6,,6,2,4,13,5,4,5,4,5,8,4,4,6,6,6,4,11,5,5,4,5,1,3,6,,2,,4,2,1,3,5,2,3,5,5,3,10,1,12,2,2,2,2,5,3,8,2,1,1,9,11,8,1,1,10,3,7,2,6,12,2,2,3,1,1,8,7,,,2,3,,3,2,12,2,1,2,1,2,3,3,3,2,5,1,1,1,1,2,1,7,4,5,3,1,7,,8,,3,"b'\x11\xe8\xe1I\xefY\x8e""\x9a\xbe\x12\xdf\x17\xaeN\x1e'"
11E8E149-EF59-8E22-9ABE-12DF17AE4E1E,2025-ncaa-d3-natl,genius_ncaa,44,75,16,71,22,106,122,78,200,160,202,133,74,41,230,71,103,96,223,91,102,73,105,174,170,119,109,114,202,126,231,70,8,88,88,149,262,92,50,114,130,126,293,269,,,271,284,,309,84,99,397,202,213,233,257,283,352,123,86,208,201,200,254,379,239,232,237,260,23,230,340,,129,,262,94,158,133,157,148,110,87,242,251,334,98,364,236,249,200,230,310,164,227,178,191,143,316,284,252,16,8,371,231,216,88,172,228,100,90,119,97,54,183,179,,,63,79,,18,84,313,119,74,87,31,32,8,31,8,131,190,115,114,102,8,5,5,205,50,76,215,37,98,,184,,27,"b'\x11\xe8\xe1I\xefY\x8e""\x9a\xbe\x12\xdf\x17\xaeN\x1e'"
11E8E149-EF59-8E22-9ABE-12DF17AE4E1E,2026-ncaa-d3-conf-NACC,genius_ncaa,1,1,1,1,1,1,1,2,2,1,1,2,3,4,4,10,1,1,5,1,2,1,2,2,2,2,6,7,4,1,1,1,5,1,1,1,3,8,6,4,4,6,1,1,,,10,10,,13,1,3,6,1,3,2,5,2,4,5,8,1,1,1,2,4,1,2,2,3,5,5,1,,8,,12,2,5,6,8,1,6,9,3,3,11,1,11,6,7,8,6,5,8,9,1,1,1,5,3,7,8,5,5,1,7,1,4,1,3,5,2,9,7,9,7,,,1,2,,1,1,10,2,1,2,3,3,5,5,6,2,10,5,4,3,5,6,6,1,3,1,4,7,8,,2,,2,"b'\x11\xe8\xe1I\xefY\x8e""\x9a\xbe\x12\xdf\x17\xaeN\x1e'"
11E8E149-EF59-8E22-9ABE-12DF17AE4E1E,2026-ncaa-d3-natl,genius_ncaa,54,21,215,41,249,184,184,280,32,165,294,15,199,231,155,194,135,139,194,154,71,278,294,36,36,37,212,246,161,206,49,273,66,264,35,169,193,94,142,90,158,62,158,50,,,206,372,,370,31,305,333,113,68,86,266,95,267,167,196,72,66,78,216,288,153,230,192,100,117,108,143,,297,,397,25,64,55,71,82,51,48,206,123,209,50,384,144,129,211,124,338,69,95,94,112,66,328,282,315,59,66,57,49,58,35,54,135,209,66,45,151,211,134,188,,,172,37,,47,31,106,33,50,20,28,24,34,30,12,134,291,171,156,146,28,52,52,25,22,40,128,184,146,,64,,31,"b'\x11\xe8\xe1I\xefY\x8e""\x9a\xbe\x12\xdf\x17\xaeN\x1e'"
11E8E149-EF5E-57E0-9ABE-12DF17AE4E1E,2018-ncaa-d3-conf-WIAC,ncaa,3,2,2,3,2,3,1,3,1,2,3,1,3,3,4,4,5,5,5,5,7,3,3,1,1,2,6,5,7,6,6,3,4,3,5,1,1,7,4,2,2,2,7,7,,,6,5,,,3,1,3,3,2,1,3,2,4,3,4,7,7,7,3,4,7,3,6,1,5,2,7,,4,,,3,6,5,7,2,1,2,3,8,8,6,8,5,5,6,5,6,6,8,4,4,2,8,8,4,7,4,4,6,6,5,7,8,2,2,2,7,5,4,5,,,4,6,,,3,8,3,3,3,5,6,5,1,2,8,8,4,3,4,5,5,5,3,5,6,2,6,4,,6,,,b'\x11\xe8\xe1I\xef^W\xe0\x9a\xbe\x12\xdf\x17\xaeN\x1e'
11E8E149-EF5E-57E0-9ABE-12DF17AE4E1E,2018-ncaa-d3-natl,ncaa,89,114,68,106,89,100,86,175,27,95,227,11,130,143,140,140,190,243,81,227,243,184,200,32,34,45,263,196,341,356,348,162,147,261,229,42,42,178,171,41,124,129,279,261,,,346,342,,,124,139,303,200,121,95,309,112,324,156,181,259,320,305,331,369,420,268,383,38,109,148,319,,283,,,130,257,174,218,156,113,106,182,376,388,234,403,340,276,427,271,342,230,288,216,257,214,416,388,334,180,147,178,348,170,229,193,205,122,127,134,184,177,147,149,,,200,209,,,124,305,84,198,131,156,105,102,57,41,327,347,292,198,191,102,111,122,93,94,138,168,118,94,,317,,,b'\x11\xe8\xe1I\xef^W\xe0\x9a\xbe\x12\xdf\x17\xaeN\x1e'
11E8E149-EF5E-57E0-9ABE-12DF17AE4E1E,2019-ncaa-d3-conf-WIAC,ncaa,6,5,7,6,8,7,6,6,3,6,5,5,4,6,2,5,8,7,6,7,5,6,7,3,3,4,5,3,7,7,7,6,5,7,6,2,3,3,6,2,7,5,6,4,,,3,2,,,6,8,3,3,3,2,2,4,4,3,5,6,6,6,2,2,6,4,3,2,6,4,6,,4,,,6,5,4,3,5,1,2,5,7,8,5,8,5,2,8,2,7,3,2,5,6,7,7,7,4,4,5,3,7,3,6,7,7,8,6,8,6,6,7,8,,,8,7,,,6,1,6,8,6,7,6,6,4,3,7,8,6,5,5,6,6,5,5,5,8,6,6,7,,6,,,b'\x11\xe8\xe1I\xef^W\xe0\x9a\xbe\x12\xdf\x17\xaeN\x1e'
11E8E149-EF5E-57E0-9ABE-12DF17AE4E1E,2019-ncaa-d3-natl,ncaa,187,185,215,187,267,155,160,285,62,172,258,74,157,239,66,223,152,203,69,213,160,275,306,60,50,66,207,206,207,293,175,296,157,310,136,117,95,145,191,90,215,190,311,215,,,195,268,,,174,292,289,222,111,129,283,151,259,145,236,130,183,191,260,297,287,310,325,81,156,206,322,,216,,,174,245,192,127,297,55,25,346,434,424,377,438,187,134,416,133,348,109,116,383,390,365,439,439,163,79,157,56,175,53,136,265,283,221,179,255,184,228,324,330,,,222,143,,,174,151,84,324,176,278,224,145,69,13,436,437,201,143,141,124,125,105,55,59,266,212,191,325,,187,,,b'\x11\xe8\xe1I\xef^W\xe0\x9a\xbe\x12\xdf\x17\xaeN\x1e'
11E8E149-EF5E-57E0-9ABE-12DF17AE4E1E,2020-ncaa-d3-conf-WIAC,ncaa,2,2,1,2,2,2,2,1,5,2,1,4,4,3,5,5,3,4,3,3,6,1,1,5,5,4,6,5,3,4,5,1,1,1,4,2,2,6,4,3,1,1,3,3,,,7,2,,,4,1,7,5,5,5,5,3,5,5,6,4,5,5,5,5,5,2,4,4,4,1,3,,2,,,4,7,5,8,3,3,6,2,8,8,7,8,6,4,7,5,2,8,8,4,4,3,8,8,3,6,1,8,5,8,4,5,5,4,6,4,2,2,3,3,,,3,5,,,4,8,4,3,4,3,3,6,2,1,8,8,2,2,2,5,2,5,5,4,3,6,2,3,,7,,,b'\x11\xe8\xe1I\xef^W\xe0\x9a\xbe\x12\xdf\x17\xaeN\x1e'
11E8E149-EF5E-57E0-9ABE-12DF17AE4E1E,2020-ncaa-d3-natl,ncaa,101,136,26,125,28,136,106,162,86,83,136,65,194,212,185,245,208,296,45,294,356,182,209,101,97,90,323,275,322,323,314,63,12,157,89,128,194,138,140,87,201,200,155,137,,,261,300,,,147,168,408,84,236,195,348,147,280,266,285,302,380,379,372,417,381,162,301,178,54,283,195,,143,,,154,229,192,264,120,109,158,120,372,383,270,366,245,174,415,179,211,248,198,165,194,247,380,384,232,53,12,200,314,111,89,80,46,296,326,180,103,109,141,116,,,282,319,,,147,274,133,188,146,93,84,83,45,40,296,291,156,78,80,59,14,14,67,31,35,387,47,90,,405,,,b'\x11\xe8\xe1I\xef^W\xe0\x9a\xbe\x12\xdf\x17\xaeN\x1e'
11E8E149-EF5E-57E0-9ABE-12DF17AE4E1E,2021-ncaa-d3-conf-WIAC,ncaa,2,1,3,2,4,2,3,4,2,4,4,2,2,4,1,3,1,5,1,5,4,3,5,2,1,1,2,2,2,6,5,4,1,6,1,6,8,2,2,2,3,3,3,3,,,5,6,,,2,3,5,5,1,2,5,5,6,2,3,2,4,4,4,7,7,4,7,7,1,4,3,,5,,,2,3,3,3,4,2,3,4,8,6,6,6,2,2,3,2,2,3,3,4,4,4,6,6,3,1,1,1,5,1,1,2,2,3,3,2,2,3,1,1,,,6,7,,,2,6,1,3,2,4,4,3,4,3,5,4,2,1,1,3,1,1,1,1,2,3,2,1,,8,,,b'\x11\xe8\xe1I\xef^W\xe0\x9a\xbe\x12\xdf\x17\xaeN\x1e'
11E8E149-EF5E-57E0-9ABE-12DF17AE4E1E,2021-ncaa-d3-natl,ncaa,50,58,112,54,123,83,103,143,24,123,152,41,60,106,7,90,63,115,2,117,72,140,159,15,6,2,40,64,79,205,247,144,6,174,76,164,275,85,19,96,162,185,70,40,,,159,225,,,48,145,234,76,44,79,226,139,236,31,113,32,130,128,222,276,276,203,261,230,8,220,62,,139,,,60,143,141,131,194,126,125,140,190,144,254,192,152,145,207,143,166,130,129,212,219,217,225,236,128,76,6,103,247,96,76,98,9,162,171,90,74,19,88,68,,,148,131,,,48,142,11,169,49,118,110,40,82,39,207,116,132,111,111,38,12,3,20,8,24,229,8,38,,221,,,b'\x11\xe8\xe1I\xef^W\xe0\x9a\xbe\x12\xdf\x17\xaeN\x1e'
11E8E149-EF5E-57E0-9ABE-12DF17AE4E1E,2022-ncaa-d3-conf-WIAC,ncaa,2,2,1,2,2,2,2,2,2,2,2,2,2,2,3,3,3,4,2,4,6,2,2,1,1,1,5,4,7,4,6,1,7,2,6,2,5,2,1,1,2,5,1,1,,,6,1,,,2,2,5,6,2,2,2,3,6,3,3,4,6,6,3,7,6,3,6,3,1,4,1,,3,,,2,7,6,8,1,5,8,1,7,8,1,5,7,7,3,7,5,8,7,1,1,2,5,4,7,8,7,6,6,6,6,8,7,3,7,7,2,2,1,1,,,3,4,,,2,7,1,3,1,4,4,7,4,5,3,8,7,6,6,7,4,8,3,6,6,7,2,1,,7,,,b'\x11\xe8\xe1I\xef^W\xe0\x9a\xbe\x12\xdf\x17\xaeN\x1e'
11E8E149-EF5E-57E0-9ABE-12DF17AE4E1E,2022-ncaa-d3-natl,ncaa,28,95,3,74,4,22,22,30,54,46,97,41,32,41,52,94,105,205,10,205,308,37,70,32,33,15,149,92,360,291,359,16,38,78,137,86,341,66,7,23,251,345,2,1,,,381,260,,,81,33,407,236,125,123,285,184,348,74,121,284,383,386,340,423,408,178,344,234,3,385,10,,140,,,99,397,355,414,98,288,378,91,407,413,232,314,392,386,323,380,294,418,387,124,141,258,371,343,310,204,38,347,359,301,137,296,150,286,397,329,118,55,195,126,,,69,161,,,81,400,37,216,84,105,84,117,59,79,261,258,241,221,216,113,18,36,61,38,95,418,14,65,,340,,,b'\x11\xe8\xe1I\xef^W\xe0\x9a\xbe\x12\xdf\x17\xaeN\x1e'
11E8E149-EF5E-57E0-9ABE-12DF17AE4E1E,2023-ncaa-d3-conf-WIAC,ncaa,2,3,1,3,1,1,1,1,3,1,1,2,1,3,3,6,4,3,7,3,6,1,1,3,4,3,8,6,6,2,4,1,1,1,2,2,6,4,1,2,2,8,1,1,,,7,1,,,4,1,1,6,3,1,1,1,1,4,6,4,3,3,2,2,4,1,1,2,2,7,1,,1,,,4,8,8,8,4,6,8,3,8,8,7,7,7,7,3,7,3,8,8,4,4,5,7,8,2,7,1,8,4,8,2,7,4,7,8,7,8,6,5,2,,,3,6,,,4,8,3,5,4,7,7,8,4,6,8,8,3,3,4,8,8,5,5,6,7,8,6,3,,4,,,b'\x11\xe8\xe1I\xef^W\xe0\x9a\xbe\x12\xdf\x17\xaeN\x1e'
11E8E149-EF5E-57E0-9ABE-12DF17AE4E1E,2023-ncaa-d3-natl,ncaa,56,113,13,98,13,31,24,39,40,36,75,39,49,63,55,145,169,148,259,158,277,40,58,33,47,27,239,140,392,194,282,11,42,38,108,107,374,95,25,68,251,335,15,17,,,312,177,,,119,40,291,16,73,55,128,81,217,82,126,285,285,299,159,303,315,37,155,218,23,357,29,,144,,,133,413,393,408,203,330,345,211,422,421,287,362,333,309,357,315,236,408,379,246,248,333,358,365,176,183,42,378,282,324,108,169,18,285,388,242,180,104,141,64,,,115,240,,,119,392,39,287,123,259,237,260,159,132,364,358,227,184,192,240,133,81,188,123,70,400,86,60,,294,,,b'\x11\xe8\xe1I\xef^W\xe0\x9a\xbe\x12\xdf\x17\xaeN\x1e'
11E8E149-EF5E-57E0-9ABE-12DF17AE4E1E,2024-ncaa-d3-conf-WIAC,ncaa,7,5,7,7,8,7,8,8,7,8,8,7,7,7,5,7,6,6,6,6,5,8,8,7,7,7,6,7,3,7,7,6,8,8,7,8,5,7,8,8,6,5,1,1,,,1,1,,,8,8,5,4,7,8,7,8,3,7,7,5,5,4,7,6,6,2,5,8,7,5,1,,2,,,8,4,4,6,1,1,2,1,8,8,5,8,1,1,3,2,3,6,2,3,1,4,8,8,1,7,8,1,7,6,7,7,8,8,8,8,7,8,1,3,,,8,7,,,8,1,7,7,8,6,6,8,2,3,8,8,2,2,2,7,7,8,4,7,8,8,7,3,,7,,,b'\x11\xe8\xe1I\xef^W\xe0\x9a\xbe\x12\xdf\x17\xaeN\x1e'
11E8E149-EF5E-57E0-9ABE-12DF17AE4E1E,2024-ncaa-d3-natl,ncaa,251,275,200,264,257,254,258,297,200,282,296,229,181,213,118,172,265,294,128,289,232,297,339,183,180,179,156,146,223,283,254,230,131,259,179,291,339,81,170,224,341,325,63,15,,,97,184,,,270,348,393,244,271,271,327,285,316,189,218,252,310,304,333,388,286,224,267,314,97,355,54,,98,,,269,218,162,139,220,39,31,204,423,416,398,424,171,112,416,125,308,126,75,328,326,378,423,425,158,109,131,141,254,110,179,195,220,372,373,352,75,136,82,116,,,307,223,,,270,80,181,361,273,227,175,148,36,19,418,414,181,116,129,127,41,111,153,122,194,397,88,77,,331,,,b'\x11\xe8\xe1I\xef^W\xe0\x9a\xbe\x12\xdf\x17\xaeN\x1e'
11E8E149-EF5E-57E0-9ABE-12DF17AE4E1E,2025-ncaa-d3-conf-WIAC,genius_ncaa,7,7,7,7,7,7,6,8,6,6,7,6,7,7,5,4,7,7,8,7,7,8,8,5,6,7,6,4,7,5,3,7,6,7,5,7,6,6,8,7,6,4,5,4,,,1,1,,1,7,8,3,7,7,6,5,6,4,6,5,7,7,7,8,6,4,4,4,7,8,4,4,,2,,1,7,3,3,3,4,1,1,6,7,8,4,8,1,1,8,1,2,3,2,6,6,6,8,8,1,4,6,1,3,3,5,4,6,8,6,7,6,8,1,2,,,8,8,,8,7,1,7,8,7,7,7,7,3,1,8,8,2,2,2,6,7,7,5,6,7,6,8,2,,8,,7,b'\x11\xe8\xe1I\xef^W\xe0\x9a\xbe\x12\xdf\x17\xaeN\x1e'
11E8E149-EF5E-57E0-9ABE-12DF17AE4E1E,2025-ncaa-d3-natl,genius_ncaa,293,319,192,309,248,271,227,300,135,245,312,96,181,171,193,99,384,380,328,379,339,318,340,125,165,184,237,127,405,324,308,208,38,266,168,343,397,125,223,295,334,291,196,126,,,108,195,,236,282,337,364,258,282,223,332,253,337,172,158,395,399,398,368,393,334,185,268,363,153,344,200,,110,,251,279,211,206,113,309,72,32,314,406,380,395,411,87,65,341,66,203,85,54,363,364,377,401,413,78,25,38,174,308,76,168,133,101,366,335,299,106,187,48,96,,,338,274,,250,282,84,208,339,277,225,222,129,83,19,400,374,87,53,54,94,36,37,196,94,146,384,123,44,,363,,263,b'\x11\xe8\xe1I\xef^W\xe0\x9a\xbe\x12\xdf\x17\xaeN\x1e'
11E8E149-EF5E-57E0-9ABE-12DF17AE4E1E,2026-ncaa-d3-natl,genius_ncaa,13,21,116,27,139,25,32,65,86,50,61,151,48,120,24,236,88,118,126,113,258,71,93,74,78,49,169,140,272,36,56,170,124,97,102,118,355,175,49,115,31,22,134,113,,,336,326,,234,36,122,76,113,7,11,19,40,44,45,119,102,134,122,20,37,26,195,73,140,116,24,166,,341,,222,39,255,203,193,215,161,138,250,301,311,228,338,364,348,319,354,389,222,270,248,290,199,377,305,371,159,124,255,56,233,102,263,323,52,48,114,211,110,90,24,,,145,297,,123,36,286,32,158,50,234,134,106,93,54,290,302,358,347,353,157,263,129,233,183,245,45,170,61,,168,,138,b'\x11\xe8\xe1I\xef^W\xe0\x9a\xbe\x12\xdf\x17\xaeN\x1e'
11E8E149-EF63-0A74-9ABE-12DF17AE4E1E,2018-ncaa-d3-conf-WIAC,ncaa,4,2,4,4,5,6,6,7,5,8,8,6,1,1,1,1,8,8,1,8,8,8,8,2,2,5,1,1,8,7,4,6,2,7,3,7,7,4,6,6,5,3,6,6,,,5,7,,,4,8,8,3,7,6,8,8,8,1,1,8,8,8,8,8,6,7,8,8,4,5,6,,5,,,4,1,1,1,6,4,1,7,1,2,1,5,1,2,1,2,7,1,1,6,6,6,3,3,5,1,2,2,4,1,3,5,7,6,5,5,2,4,4,6,,,8,7,,,4,1,5,5,5,2,3,1,5,1,2,3,2,4,3,2,2,2,2,1,5,6,3,6,,8,,,b'\x11\xe8\xe1I\xefc\nt\x9a\xbe\x12\xdf\x17\xaeN\x1e'
11E8E149-EF63-0A74-9ABE-12DF17AE4E1E,2018-ncaa-d3-natl,ncaa,151,138,197,155,256,268,254,298,215,326,355,234,78,109,78,59,370,414,63,415,379,335,359,146,162,164,87,38,396,215,117,320,54,289,81,394,441,95,193,339,257,182,279,228,,,291,431,,,166,382,427,286,272,263,316,350,386,71,91,391,431,432,380,412,220,362,311,413,106,271,292,,330,,,165,65,69,40,273,102,44,328,101,130,142,253,129,140,155,138,313,36,38,280,269,260,204,185,251,20,54,63,117,37,81,61,111,311,192,168,51,105,237,357,,,375,329,,,166,56,153,200,167,72,87,21,109,38,111,126,135,138,136,20,9,21,63,33,70,334,59,245,,408,,,b'\x11\xe8\xe1I\xefc\nt\x9a\xbe\x12\xdf\x17\xaeN\x1e'
11E8E149-EF63-0A74-9ABE-12DF17AE4E1E,2019-ncaa-d3-conf-WIAC,ncaa,2,2,1,2,4,3,4,2,7,5,4,8,1,1,1,3,7,7,1,8,8,2,3,4,5,3,3,1,8,3,6,1,3,1,4,7,8,3,3,6,4,7,1,1,,,7,8,,,2,3,6,8,4,6,3,6,5,1,1,8,8,8,4,7,4,1,1,7,2,5,1,,6,,,2,2,2,6,1,4,5,1,5,6,2,5,3,7,1,7,5,7,7,1,1,1,6,6,7,7,3,8,6,8,4,2,6,3,4,3,5,5,2,2,,,7,8,,,2,6,3,2,2,2,2,4,3,4,3,6,2,6,6,4,4,6,7,7,2,5,5,2,,8,,,b'\x11\xe8\xe1I\xefc\nt\x9a\xbe\x12\xdf\x17\xaeN\x1e'
11E8E149-EF63-0A74-9ABE-12DF17AE4E1E,2019-ncaa-d3-natl,ncaa,53,29,129,41,206,168,187,196,175,250,274,234,64,97,47,87,235,273,91,281,239,209,282,127,128,90,65,58,297,211,212,158,162,180,177,348,426,56,59,250,182,152,34,17,,,314,371,,,61,299,384,396,181,206,247,304,329,60,105,253,306,318,268,370,239,170,204,393,33,196,30,,287,,,60,41,22,109,13,34,112,27,71,198,15,259,251,287,103,277,341,117,149,13,19,32,335,192,398,208,162,227,212,212,177,21,96,180,142,44,71,89,103,126,,,179,109,,,61,149,96,34,54,22,17,55,22,73,62,172,219,254,249,67,67,177,172,166,16,205,59,84,,202,,,b'\x11\xe8\xe1I\xefc\nt\x9a\xbe\x12\xdf\x17\xaeN\x1e'
11E8E149-EF63-0A74-9ABE-12DF17AE4E1E,2020-ncaa-d3-conf-WIAC,ncaa,4,2,3,3,6,3,4,5,2,3,4,3,2,3,2,3,6,6,4,7,7,5,5,2,3,2,5,3,8,3,2,5,5,5,3,6,8,1,1,5,6,7,2,2,,,3,4,,,2,6,6,8,1,2,3,2,4,2,3,6,6,7,3,4,3,4,3,6,1,8,2,,3,,,2,2,2,4,2,2,1,3,4,4,2,7,3,3,6,3,5,3,3,2,2,2,6,6,6,4,5,4,2,3,3,5,8,5,4,6,1,1,2,2,,,4,4,,,2,3,1,2,2,2,2,3,3,2,4,5,3,3,3,2,3,6,3,3,7,4,1,2,,4,,,b'\x11\xe8\xe1I\xefc\nt\x9a\xbe\x12\xdf\x17\xaeN\x1e'
11E8E149-EF63-0A74-9ABE-12DF17AE4E1E,2020-ncaa-d3-natl,ncaa,101,85,126,96,190,145,128,198,67,180,260,92,72,128,28,126,287,313,171,314,303,219,327,43,61,30,167,91,386,233,169,261,104,256,139,301,430,17,15,135,344,326,90,45,,,168,280,,,104,345,413,399,144,114,247,194,314,61,150,324,347,349,286,402,253,322,309,344,4,371,95,,138,,,103,138,95,90,176,77,54,249,258,298,155,361,284,232,401,230,352,92,76,208,254,281,366,306,337,71,104,105,169,76,139,198,316,308,252,287,37,58,94,106,,,220,125,,,104,98,27,243,91,116,83,45,71,20,239,272,266,209,210,47,22,53,74,49,179,351,34,75,,254,,,b'\x11\xe8\xe1I\xefc\nt\x9a\xbe\x12\xdf\x17\xaeN\x1e'
11E8E149-EF63-0A74-9ABE-12DF17AE4E1E,2021-ncaa-d3-conf-WIAC,ncaa,4,4,3,4,3,4,4,3,5,3,2,6,5,5,4,6,7,7,5,7,8,4,4,4,4,5,5,5,7,3,3,3,4,2,3,4,6,3,4,4,5,5,2,2,,,4,2,,,4,5,8,2,7,5,4,4,3,5,7,8,8,8,5,5,3,2,3,5,4,5,2,,1,,,4,1,1,5,2,1,1,3,5,8,2,8,3,4,2,4,5,4,4,3,1,3,7,8,4,5,4,5,3,5,3,1,1,6,5,4,4,4,4,3,,,5,8,,,4,4,3,4,4,3,3,5,3,2,4,8,3,3,3,4,2,6,5,5,1,8,4,4,,7,,,b'\x11\xe8\xe1I\xefc\nt\x9a\xbe\x12\xdf\x17\xaeN\x1e'
11E8E149-EF63-0A74-9ABE-12DF17AE4E1E,2021-ncaa-d3-natl,ncaa,101,149,112,125,121,129,123,138,106,122,119,155,126,157,53,207,137,143,81,146,219,141,154,109,109,88,170,155,166,149,167,119,42,128,98,158,258,99,58,134,173,218,45,15,,,142,145,,,125,153,267,39,163,142,206,132,125,155,224,174,202,206,224,265,204,131,169,221,32,246,27,,73,,,130,139,133,140,126,123,119,132,184,182,154,244,155,155,142,156,193,138,130,150,148,202,242,240,152,110,42,145,167,132,98,90,6,191,248,128,89,34,152,136,,,147,146,,,125,132,87,186,131,105,95,72,63,28,203,216,135,132,131,69,14,42,84,60,15,273,17,152,,218,,,b'\x11\xe8\xe1I\xefc\nt\x9a\xbe\x12\xdf\x17\xaeN\x1e'
11E8E149-EF63-0A74-9ABE-12DF17AE4E1E,2022-ncaa-d3-conf-WIAC,ncaa,5,5,4,5,5,6,7,4,7,6,5,7,5,5,1,5,5,7,3,6,5,4,5,6,5,6,3,3,3,3,3,3,1,3,2,7,7,3,5,8,3,2,3,3,,,5,8,,,4,5,7,4,7,8,5,7,5,5,5,5,5,5,6,6,3,1,2,7,4,3,3,,5,,,4,1,1,2,2,1,1,3,5,4,5,6,5,6,1,6,8,4,4,2,2,3,7,6,6,2,1,4,3,4,2,2,4,5,4,3,3,5,3,4,,,8,7,,,4,4,5,2,4,1,1,1,1,1,4,4,5,7,7,3,2,1,4,3,2,5,3,3,,8,,,b'\x11\xe8\xe1I\xefc\nt\x9a\xbe\x12\xdf\x17\xaeN\x1e'
11E8E149-EF63-0A74-9ABE-12DF17AE4E1E,2022-ncaa-d3-natl,ncaa,168,210,107,194,120,183,204,259,132,244,259,204,96,192,18,186,183,255,39,239,188,261,313,99,92,71,100,111,184,308,297,131,7,216,81,258,344,52,72,151,302,281,90,43,,,267,392,,,145,304,421,79,232,262,387,304,345,109,242,207,311,292,384,425,358,169,282,308,18,357,94,,223,,,151,131,92,99,166,55,64,145,335,286,332,368,242,291,94,298,386,116,96,217,223,268,410,383,298,17,7,153,297,83,81,85,131,342,316,243,39,65,167,201,,,204,83,,,145,131,94,206,138,75,52,13,25,12,296,238,204,244,248,15,3,6,91,23,59,398,20,140,,272,,,b'\x11\xe8\xe1I\xefc\nt\x9a\xbe\x12\xdf\x17\xaeN\x1e'
11E8E149-EF63-0A74-9ABE-12DF17AE4E1E,2023-ncaa-d3-conf-WIAC,ncaa,5,4,4,5,4,5,4,4,5,4,4,5,2,5,2,4,6,5,6,5,5,4,6,5,5,4,3,2,7,5,5,4,2,4,4,6,7,1,2,3,6,3,3,2,,,2,3,,,2,6,8,1,4,4,3,4,5,2,3,6,6,6,4,7,5,2,4,6,1,4,3,,3,,,2,1,2,3,1,2,3,1,4,6,2,5,3,3,6,2,4,3,3,1,1,1,6,6,6,3,2,5,5,4,4,2,5,4,4,4,2,3,4,5,,,6,5,,,2,3,4,1,2,1,1,3,1,3,3,5,4,4,3,2,2,1,4,4,2,5,2,5,,5,,,b'\x11\xe8\xe1I\xefc\nt\x9a\xbe\x12\xdf\x17\xaeN\x1e'
11E8E149-EF63-0A74-9ABE-12DF17AE4E1E,2023-ncaa-d3-natl,ncaa,67,62,109,71,115,149,151,208,101,191,274,80,92,100,95,103,230,243,175,238,178,211,292,78,91,56,144,108,306,257,258,87,26,156,92,252,357,31,31,100,277,254,22,10,,,223,306,,,58,296,408,32,163,161,265,217,332,96,120,254,281,280,279,389,300,76,191,286,13,311,18,,186,,,57,59,41,118,30,38,108,37,176,219,131,278,203,198,187,192,259,122,106,40,50,86,347,302,313,59,26,186,258,112,92,23,35,285,247,77,27,43,141,178,,,222,134,,,58,137,64,67,51,31,28,56,21,61,154,182,159,163,157,61,26,44,135,80,16,342,15,113,,275,,,b'\x11\xe8\xe1I\xefc\nt\x9a\xbe\x12\xdf\x17\xaeN\x1e'
11E8E149-EF63-0A74-9ABE-12DF17AE4E1E,2024-ncaa-d3-conf-WIAC,ncaa,5,5,2,5,2,2,2,1,3,3,3,5,1,1,1,1,7,8,2,8,8,2,3,2,3,3,2,1,8,8,8,2,7,4,8,2,4,2,1,1,8,8,7,7,,,8,7,,,5,2,3,3,3,2,2,4,5,1,1,7,8,8,4,7,8,5,7,2,2,8,7,,8,,,5,8,8,7,6,8,7,8,7,7,3,6,8,8,1,8,6,7,7,5,5,7,2,3,4,8,7,8,8,8,8,8,6,5,7,7,5,3,1,1,,,6,8,,,5,7,3,8,5,8,8,7,8,8,6,7,7,8,8,8,8,7,7,8,7,6,3,1,,8,,,b'\x11\xe8\xe1I\xefc\nt\x9a\xbe\x12\xdf\x17\xaeN\x1e'
11E8E149-EF63-0A74-9ABE-12DF17AE4E1E,2024-ncaa-d3-natl,ncaa,184,232,63,208,88,86,98,94,112,192,255,102,17,24,36,28,263,325,48,322,300,120,194,58,66,39,62,21,386,315,379,231,277,281,365,194,372,33,13,76,199,246,343,344,,,413,410,,,196,146,280,217,99,112,140,250,355,13,32,324,378,375,203,353,371,346,384,242,8,253,372,,404,,,199,378,350,279,352,318,165,393,375,393,207,371,360,367,236,370,373,309,290,364,371,373,298,279,259,268,277,383,379,357,365,245,88,220,275,245,67,62,73,90,,,254,302,,,196,283,67,364,195,315,282,157,240,64,324,348,318,311,317,179,158,212,320,280,182,284,42,38,,356,,,b'\x11\xe8\xe1I\xefc\nt\x9a\xbe\x12\xdf\x17\xaeN\x1e'
11E8E149-EF63-0A74-9ABE-12DF17AE4E1E,2025-ncaa-d3-conf-WIAC,genius_ncaa,4,5,2,5,2,3,3,2,4,5,3,5,1,2,3,3,3,3,3,3,4,2,2,3,3,3,2,3,4,3,6,2,3,2,6,4,5,4,2,4,4,7,3,2,,,6,4,,3,5,2,6,3,4,5,3,5,3,1,3,3,2,2,3,5,5,1,3,4,2,7,2,,4,,3,5,7,7,7,6,7,7,3,8,6,7,3,5,5,3,5,3,7,7,4,3,7,4,6,2,7,3,7,6,7,6,8,5,6,8,8,7,6,7,3,,,3,5,,3,5,7,4,7,5,5,8,8,7,8,6,5,3,3,3,7,6,6,7,7,5,7,6,4,,5,,4,b'\x11\xe8\xe1I\xefc\nt\x9a\xbe\x12\xdf\x17\xaeN\x1e'
11E8E149-EF63-0A74-9ABE-12DF17AE4E1E,2025-ncaa-d3-natl,genius_ncaa,102,184,16,151,17,56,66,79,68,121,183,86,29,51,44,87,108,143,87,137,149,86,97,48,53,49,90,67,281,248,347,29,28,88,165,197,381,162,92,178,286,348,70,78,,,393,381,,354,145,63,335,79,131,140,259,231,334,61,110,212,261,259,276,361,352,102,237,306,55,374,107,,305,,323,155,381,369,357,283,325,293,271,370,351,314,268,339,345,198,347,293,367,326,300,302,335,287,281,214,107,28,382,347,309,165,158,29,239,330,204,181,126,183,168,,,83,136,,49,145,354,80,275,150,198,189,109,165,93,263,217,221,235,230,118,57,34,226,121,62,373,86,98,,233,,80,b'\x11\xe8\xe1I\xefc\nt\x9a\xbe\x12\xdf\x17\xaeN\x1e'
11E8E149-EF63-0A74-9ABE-12DF17AE4E1E,2026-ncaa-d3-natl,genius_ncaa,54,132,42,116,64,69,59,90,131,116,167,114,18,32,84,54,219,223,199,210,252,97,120,95,115,96,113,46,364,98,149,70,38,80,72,71,208,221,122,105,194,237,145,209,,,293,272,,75,99,124,357,113,162,144,201,226,328,57,67,335,342,332,255,330,187,171,177,161,84,287,222,,155,,59,117,269,291,286,232,335,292,334,100,271,12,200,261,232,296,220,152,279,264,173,190,234,37,31,221,126,38,282,149,233,72,175,44,220,284,204,241,161,311,300,,,181,302,,30,99,288,84,183,116,105,153,109,254,144,21,123,155,119,102,96,35,34,131,72,61,350,134,252,,339,,59,b'\x11\xe8\xe1I\xefc\nt\x9a\xbe\x12\xdf\x17\xaeN\x1e'
11E8E149-EF73-1770-9ABE-12DF17AE4E1E,2018-ncaa-d3-conf-WIAC,ncaa,2,2,1,2,1,2,3,2,4,3,2,2,4,2,6,5,3,2,7,2,2,2,2,5,6,3,5,6,3,3,3,1,1,1,2,3,5,2,2,3,3,5,2,2,,,3,3,,,2,2,7,3,5,5,6,4,6,6,5,3,3,3,4,7,4,6,5,5,1,7,3,,1,,,2,4,6,4,5,6,7,5,2,4,2,3,2,1,7,1,1,4,3,5,5,4,1,1,1,1,1,8,3,4,2,1,2,3,4,3,4,2,8,7,,,2,3,,,2,6,2,2,2,1,2,2,6,3,1,2,1,1,1,1,1,1,4,2,1,5,2,7,,4,,,b'\x11\xe8\xe1I\xefs\x17p\x9a\xbe\x12\xdf\x17\xaeN\x1e'
11E8E149-EF73-1770-9ABE-12DF17AE4E1E,2018-ncaa-d3-natl,ncaa,66,49,123,60,182,97,98,184,30,116,230,28,100,154,69,160,165,136,263,139,119,168,304,29,36,11,214,163,311,154,78,259,2,223,26,158,321,12,2,10,196,115,95,63,,,91,250,,,17,349,432,303,71,76,223,105,281,114,165,172,141,146,205,409,178,338,277,169,1,227,105,,54,,,14,37,57,45,229,95,72,223,77,72,184,187,54,42,303,41,89,28,36,219,203,174,121,178,125,8,2,70,78,26,26,25,30,259,132,84,18,30,388,395,,,154,57,,,17,72,5,89,10,22,33,11,77,40,56,41,33,28,28,8,1,1,40,5,15,311,16,383,,177,,,b'\x11\xe8\xe1I\xefs\x17p\x9a\xbe\x12\xdf\x17\xaeN\x1e'
11E8E149-EF73-1770-9ABE-12DF17AE4E1E,2019-ncaa-d3-conf-WIAC,ncaa,1,1,1,1,1,2,2,5,1,4,6,1,2,2,4,2,2,1,8,1,1,4,5,1,1,1,4,5,4,5,3,3,1,3,1,1,1,1,2,1,4,2,3,3,,,1,3,,,1,5,8,4,2,2,7,5,8,2,2,2,1,1,6,8,7,5,4,1,1,5,4,,1,,,1,1,1,1,3,3,3,4,1,3,1,6,1,1,3,1,1,1,1,3,2,2,2,3,1,1,1,1,3,1,1,1,1,2,2,1,1,2,6,6,,,1,1,,,1,3,1,1,1,1,1,1,2,2,1,2,1,1,1,1,1,1,1,1,1,3,1,6,,2,,,b'\x11\xe8\xe1I\xefs\x17p\x9a\xbe\x12\xdf\x17\xaeN\x1e'
11E8E149-EF73-1770-9ABE-12DF17AE4E1E,2019-ncaa-d3-natl,ncaa,12,15,8,15,12,43,51,96,33,88,272,6,37,23,183,44,55,53,242,52,20,79,121,22,25,15,122,120,252,149,157,82,6,88,47,37,75,85,30,15,115,113,88,69,,,308,310,,,17,122,438,230,139,161,386,218,419,101,81,186,163,165,373,432,313,305,335,99,8,226,138,,96,,,21,102,106,156,101,144,162,161,104,224,26,253,229,207,298,224,249,159,233,84,95,73,215,146,304,19,6,217,157,111,47,40,43,104,91,35,71,38,397,398,,,25,17,,,17,312,16,39,12,9,10,3,27,14,26,58,95,84,90,3,3,2,28,8,8,252,15,313,,135,,,b'\x11\xe8\xe1I\xefs\x17p\x9a\xbe\x12\xdf\x17\xaeN\x1e'
11E8E149-EF73-1770-9ABE-12DF17AE4E1E,2020-ncaa-d3-conf-WIAC,ncaa,3,4,1,4,1,1,1,4,1,4,7,1,1,1,1,1,2,1,5,1,1,3,3,1,1,1,1,1,2,6,6,2,3,4,5,1,1,4,3,1,4,5,4,5,,,6,3,,,3,2,8,3,2,4,6,7,8,1,1,2,2,2,6,7,6,5,6,3,2,7,5,,1,,,3,8,8,7,5,8,8,4,7,5,6,3,1,2,4,2,1,7,7,5,5,4,3,4,1,5,3,7,6,7,5,8,6,3,5,5,4,3,5,8,,,1,2,,,3,7,2,4,3,4,4,5,4,5,5,3,1,1,1,1,1,4,2,1,4,5,3,4,,2,,,b'\x11\xe8\xe1I\xefs\x17p\x9a\xbe\x12\xdf\x17\xaeN\x1e'
11E8E149-EF73-1770-9ABE-12DF17AE4E1E,2020-ncaa-d3-natl,ncaa,61,136,2,109,2,30,64,119,40,137,286,22,23,28,75,53,26,24,112,26,13,82,148,24,17,6,47,76,130,339,389,60,32,171,211,113,260,34,12,27,208,257,149,189,,,337,290,,,71,75,432,19,139,214,395,308,420,50,94,86,115,119,365,435,421,284,389,220,1,327,221,,119,,,89,355,361,360,253,358,349,259,274,283,223,212,240,242,214,238,158,360,333,245,229,279,144,204,156,110,32,355,389,276,211,163,41,233,305,201,21,6,359,376,,,37,33,,,71,371,18,223,72,91,132,58,145,106,127,94,95,81,76,38,6,18,102,44,51,386,1,248,,197,,,b'\x11\xe8\xe1I\xefs\x17p\x9a\xbe\x12\xdf\x17\xaeN\x1e'
11E8E149-EF73-1770-9ABE-12DF17AE4E1E,2021-ncaa-d3-conf-WIAC,ncaa,1,1,1,1,2,1,1,2,1,2,6,1,1,1,3,2,2,1,6,1,1,2,2,1,2,2,3,3,5,5,7,1,2,3,6,1,1,4,3,1,2,2,5,5,,,6,4,,,1,2,7,4,2,1,6,3,8,3,2,4,3,3,6,8,6,3,5,1,3,2,5,,2,,,1,5,5,6,3,6,7,1,2,4,4,3,6,6,8,6,3,6,7,2,2,2,4,3,7,4,2,6,7,6,6,7,7,2,2,3,3,1,4,4,,,1,2,,,1,7,2,2,1,1,2,1,2,4,2,3,4,2,2,1,3,2,4,2,4,2,1,3,,2,,,b'\x11\xe8\xe1I\xefs\x17p\x9a\xbe\x12\xdf\x17\xaeN\x1e'
11E8E149-EF73-1770-9ABE-12DF17AE4E1E,2021-ncaa-d3-natl,ncaa,35,58,81,49,85,70,80,121,11,101,156,5,47,72,43,44,77,76,168,76,18,115,134,6,9,7,72,65,148,193,267,113,31,146,156,81,143,102,32,21,106,123,125,146,,,176,205,,,39,119,260,43,58,74,248,123,272,42,76,90,74,79,238,277,275,200,258,98,15,165,174,,116,,,47,159,145,150,137,144,155,105,160,141,215,118,193,175,263,171,169,151,153,143,177,158,208,154,215,106,31,162,267,143,156,151,134,110,106,118,78,11,152,190,,,77,11,,,39,165,19,124,45,72,54,22,60,45,108,65,170,124,114,21,16,17,72,36,89,168,6,113,,58,,,b'\x11\xe8\xe1I\xefs\x17p\x9a\xbe\x12\xdf\x17\xaeN\x1e'
11E8E149-EF73-1770-9ABE-12DF17AE4E1E,2022-ncaa-d3-conf-WIAC,ncaa,3,3,4,3,4,4,4,6,3,5,8,1,4,4,6,2,6,5,7,5,2,5,7,2,2,2,2,2,4,8,7,4,4,6,7,8,8,1,2,4,5,4,5,5,,,2,3,,,3,6,8,2,4,4,8,6,8,2,2,6,4,4,7,8,7,4,7,8,2,5,6,,1,,,3,2,2,4,4,2,2,4,6,6,6,8,2,1,5,1,4,3,2,4,3,4,6,7,3,5,4,5,7,5,7,4,6,6,5,6,1,1,8,8,,,5,2,,,3,2,2,4,3,2,3,3,3,3,6,7,1,1,1,1,1,4,6,5,5,6,1,8,,3,,,b'\x11\xe8\xe1I\xefs\x17p\x9a\xbe\x12\xdf\x17\xaeN\x1e'
11E8E149-EF73-1770-9ABE-12DF17AE4E1E,2022-ncaa-d3-natl,ncaa,49,79,32,70,34,83,96,212,23,177,315,16,34,61,15,43,148,170,141,166,65,208,295,13,12,4,54,42,295,351,367,126,15,238,154,205,372,17,4,30,259,240,274,273,,,211,300,,,42,258,429,42,145,170,403,294,415,48,94,249,291,285,404,429,415,304,386,285,1,352,333,,68,,,49,141,152,165,160,107,106,172,304,303,237,364,105,89,269,90,157,141,138,196,178,219,319,364,130,32,15,210,367,123,154,118,120,282,270,214,6,1,396,421,,,93,20,,,42,166,11,146,32,23,33,3,28,11,191,181,33,20,19,2,1,5,60,15,42,391,1,347,,232,,,b'\x11\xe8\xe1I\xefs\x17p\x9a\xbe\x12\xdf\x17\xaeN\x1e'
11E8E149-EF73-1770-9ABE-12DF17AE4E1E,2023-ncaa-d3-conf-WIAC,ncaa,4,4,2,4,2,4,5,6,4,6,7,3,5,2,5,2,3,4,1,4,2,5,4,4,3,5,2,4,2,8,8,3,5,6,7,6,4,7,8,7,4,6,4,4,,,4,2,,,5,3,6,4,5,6,8,6,8,6,4,3,4,4,8,8,8,6,8,7,4,6,4,,2,,,5,5,4,6,2,4,5,2,6,7,3,6,2,2,4,2,2,6,6,3,2,2,5,7,3,6,5,6,8,7,7,1,1,2,6,1,4,5,6,8,,,4,4,,,5,6,5,2,5,2,2,5,3,4,4,6,1,1,1,5,4,6,3,3,1,7,2,6,,6,,,b'\x11\xe8\xe1I\xefs\x17p\x9a\xbe\x12\xdf\x17\xaeN\x1e'
11E8E149-EF73-1770-9ABE-12DF17AE4E1E,2023-ncaa-d3-natl,ncaa,56,113,13,98,21,99,124,167,98,194,332,30,54,33,169,29,76,145,23,144,50,162,205,63,46,40,53,81,161,378,399,104,73,229,249,269,404,89,79,197,316,362,135,147,,,282,256,,,133,126,414,217,214,262,397,317,420,89,79,171,280,283,393,425,418,322,408,353,21,394,187,,114,,,149,296,296,309,214,236,252,178,361,314,352,294,179,179,210,169,143,293,256,242,229,263,289,349,121,119,73,322,399,222,249,48,6,245,287,110,13,8,231,313,,,99,61,,,133,297,98,214,138,83,110,62,83,64,255,184,62,60,59,44,8,34,99,60,18,374,2,131,,274,,,b'\x11\xe8\xe1I\xefs\x17p\x9a\xbe\x12\xdf\x17\xaeN\x1e'
11E8E149-EF73-1770-9ABE-12DF17AE4E1E,2024-ncaa-d3-conf-WIAC,ncaa,1,1,2,1,3,3,3,5,2,5,6,3,3,5,2,6,2,3,1,3,4,5,6,3,2,1,3,3,2,6,5,5,3,5,4,4,6,1,2,3,2,3,2,2,,,3,3,,,1,6,8,4,4,5,8,5,8,4,6,2,4,4,8,8,7,8,8,5,1,3,2,,1,,,1,1,2,2,4,2,3,2,3,5,4,7,2,2,8,1,1,2,3,4,4,2,7,7,3,2,3,2,5,1,4,1,1,2,2,1,1,1,7,7,,,3,1,,,1,3,1,2,1,1,1,1,1,1,2,1,1,1,1,1,1,2,2,1,1,2,1,7,,4,,,b'\x11\xe8\xe1I\xefs\x17p\x9a\xbe\x12\xdf\x17\xaeN\x1e'
11E8E149-EF73-1770-9ABE-12DF17AE4E1E,2024-ncaa-d3-natl,ncaa,20,45,8,41,15,43,77,113,48,159,251,57,17,39,15,52,53,149,2,148,98,109,146,28,20,16,43,38,211,241,258,151,30,188,124,112,275,95,68,70,59,61,68,45,,,208,205,,,26,127,423,384,144,201,375,301,408,40,101,156,308,302,387,426,366,392,402,220,16,142,120,,42,,,32,143,141,142,167,132,145,154,242,198,293,264,202,143,380,137,185,134,234,193,224,110,300,296,236,42,30,238,258,121,124,23,2,57,34,9,57,41,221,268,,,56,47,,,26,300,24,64,21,13,21,3,22,7,102,56,72,34,30,2,1,7,26,6,1,167,15,111,,256,,,b'\x11\xe8\xe1I\xefs\x17p\x9a\xbe\x12\xdf\x17\xaeN\x1e'
11E8E149-EF73-1770-9ABE-12DF17AE4E1E,2025-ncaa-d3-conf-WIAC,genius_ncaa,2,1,3,1,3,4,4,5,2,4,5,2,3,4,1,5,4,4,6,4,3,5,5,2,2,2,5,5,6,7,7,3,4,4,3,3,3,1,1,1,8,8,1,1,,,2,2,,6,1,4,8,1,2,2,8,4,7,3,6,6,6,5,7,8,8,3,5,2,1,8,1,,1,,5,1,1,2,5,1,4,5,1,1,3,2,5,2,2,4,2,1,5,5,1,1,1,2,3,3,5,4,5,7,4,3,2,3,7,7,4,1,1,6,6,,,4,3,,5,1,5,2,1,1,1,1,4,1,5,1,4,1,1,1,2,1,5,2,2,1,8,1,5,,4,,5,b'\x11\xe8\xe1I\xefs\x17p\x9a\xbe\x12\xdf\x17\xaeN\x1e'
11E8E149-EF73-1770-9ABE-12DF17AE4E1E,2025-ncaa-d3-natl,genius_ncaa,10,25,2,25,2,26,36,58,29,61,143,25,24,60,27,112,94,125,90,123,172,63,120,22,20,9,140,100,311,296,352,23,11,91,109,126,372,24,6,37,299,351,25,29,,,236,177,,413,26,69,419,16,172,173,393,224,377,92,198,275,330,335,396,419,398,265,385,304,1,402,72,,28,,388,45,223,265,356,102,268,318,125,237,314,97,249,120,104,312,109,63,327,307,102,79,128,147,222,114,74,11,338,352,241,109,40,6,183,236,73,4,2,213,176,,,33,24,,20,26,347,18,82,28,14,24,11,43,35,63,68,16,9,11,5,1,10,41,15,10,385,1,77,,246,,52,b'\x11\xe8\xe1I\xefs\x17p\x9a\xbe\x12\xdf\x17\xaeN\x1e'
11E8E149-EF73-1770-9ABE-12DF17AE4E1E,2026-ncaa-d3-natl,genius_ncaa,13,1,215,1,229,215,247,316,109,249,299,125,214,272,93,245,78,100,173,87,26,289,342,107,81,16,122,222,52,309,244,331,58,329,182,213,138,12,2,7,222,70,158,68,,,44,105,,197,22,342,414,35,137,199,332,202,285,180,257,39,37,32,261,409,289,350,341,164,1,172,143,,13,,234,15,31,47,55,109,33,60,47,162,87,336,329,7,6,333,6,1,42,51,141,81,22,242,392,2,39,58,131,244,81,182,65,228,190,19,48,7,2,107,145,,,132,2,,24,22,65,24,16,12,4,17,9,14,25,199,79,1,1,1,2,2,21,146,64,55,103,1,113,,32,,12,b'\x11\xe8\xe1I\xefs\x17p\x9a\xbe\x12\xdf\x17\xaeN\x1e'
11E8E149-EF77-F650-9ABE-12DF17AE4E1E,2018-ncaa-d3-conf-WIAC,ncaa,7,7,7,7,8,8,8,8,8,7,6,7,8,7,8,6,7,6,8,6,5,7,4,8,8,8,7,7,4,5,5,7,6,6,6,6,3,8,8,8,7,7,3,3,,,4,2,,,8,4,1,3,8,8,5,6,3,8,6,6,4,4,5,1,5,2,3,4,8,6,1,,7,,,8,7,7,8,7,6,6,6,7,7,5,7,6,6,5,5,3,7,5,7,7,7,6,7,3,5,6,3,5,3,6,8,5,5,6,7,8,8,2,2,,,6,5,,,8,5,8,7,7,7,7,8,7,7,7,7,6,6,6,8,8,6,7,6,8,4,8,2,,3,,,b'\x11\xe8\xe1I\xefw\xf6P\x9a\xbe\x12\xdf\x17\xaeN\x1e'
11E8E149-EF77-F650-9ABE-12DF17AE4E1E,2018-ncaa-d3-natl,ncaa,346,379,197,361,264,225,220,206,241,182,175,223,278,256,298,273,183,156,280,153,179,192,108,249,246,318,282,298,165,203,188,217,174,220,182,313,390,422,398,400,215,280,95,112,,,373,329,,,360,88,32,303,210,217,172,162,154,277,245,166,128,131,148,56,201,184,192,335,418,220,87,,393,,,352,420,392,355,320,369,296,347,353,354,270,281,399,374,396,366,328,375,333,330,365,368,276,239,308,172,174,172,188,167,182,223,63,217,319,237,432,422,58,41,,,107,161,,,360,353,328,336,345,412,381,377,354,313,356,368,408,389,385,396,378,189,189,185,239,226,424,53,,52,,,b'\x11\xe8\xe1I\xefw\xf6P\x9a\xbe\x12\xdf\x17\xaeN\x1e'
11E8E149-EF77-F650-9ABE-12DF17AE4E1E,2019-ncaa-d3-conf-WIAC,ncaa,5,5,5,5,5,5,5,4,6,3,3,4,8,8,7,8,6,5,4,6,6,5,6,7,7,5,8,8,5,4,4,8,4,6,5,6,5,2,4,5,2,3,8,7,,,5,7,,,5,6,5,2,5,4,4,2,2,8,8,5,5,5,3,5,3,7,8,6,4,3,8,,5,,,5,6,6,2,6,2,1,7,8,7,8,7,4,3,5,3,8,2,3,8,7,8,8,8,3,3,4,4,4,2,5,8,8,3,3,6,4,4,5,3,,,4,3,,,5,4,5,5,5,5,4,2,1,1,8,7,4,2,2,2,3,3,4,3,7,2,4,5,,3,,,b'\x11\xe8\xe1I\xefw\xf6P\x9a\xbe\x12\xdf\x17\xaeN\x1e'
11E8E149-EF77-F650-9ABE-12DF17AE4E1E,2019-ncaa-d3-natl,ncaa,237,274,129,262,169,190,176,186,171,122,112,171,333,318,325,345,154,182,140,187,274,185,224,232,219,177,363,369,156,216,177,338,96,309,170,285,393,111,107,227,157,124,340,282,,,389,435,,,230,221,309,190,216,190,226,109,123,360,354,171,197,208,214,295,244,413,377,337,86,177,365,,386,,,231,297,168,94,322,53,24,342,430,410,400,429,373,351,361,348,439,115,140,397,413,382,442,427,348,26,96,149,177,78,170,238,277,185,146,205,140,151,223,161,,,82,35,,,230,214,175,317,233,250,146,40,43,5,430,400,362,335,328,63,59,20,100,51,203,210,129,197,,68,,,b'\x11\xe8\xe1I\xefw\xf6P\x9a\xbe\x12\xdf\x17\xaeN\x1e'
11E8E149-EF77-F650-9ABE-12DF17AE4E1E,2020-ncaa-d3-conf-WIAC,ncaa,7,6,7,7,7,7,6,6,6,6,5,6,8,7,8,6,7,5,8,5,3,6,7,7,7,7,7,6,5,5,4,7,4,7,6,5,5,3,6,6,6,4,8,8,,,2,7,,,7,7,4,2,7,6,4,4,3,7,5,7,4,4,4,2,4,7,7,5,5,4,8,,6,,,7,3,3,1,7,4,1,6,1,1,5,1,8,4,8,4,6,1,2,7,7,7,4,1,7,1,4,2,4,1,6,1,1,5,3,2,6,6,7,5,,,5,3,,,7,2,7,7,7,7,6,1,6,6,1,1,8,7,7,3,5,1,6,2,1,3,6,7,,3,,,b'\x11\xe8\xe1I\xefw\xf6P\x9a\xbe\x12\xdf\x17\xaeN\x1e'
11E8E149-EF77-F650-9ABE-12DF17AE4E1E,2020-ncaa-d3-natl,ncaa,215,218,198,221,205,238,201,318,82,124,241,39,347,329,348,305,279,256,317,254,249,312,351,135,158,150,394,373,292,348,239,369,6,376,106,326,421,96,168,278,299,233,410,404,,,137,304,,,206,337,367,29,237,170,324,79,219,357,329,280,251,247,330,375,369,399,403,347,103,301,421,,148,,,207,132,124,41,357,213,75,389,38,66,72,152,296,167,438,165,271,42,44,322,378,346,116,39,349,5,6,34,239,12,106,8,1,279,179,25,169,241,310,308,,,232,111,,,206,94,195,240,206,165,159,26,235,75,41,64,310,181,182,29,19,1,40,11,5,276,177,316,,208,,,b'\x11\xe8\xe1I\xefw\xf6P\x9a\xbe\x12\xdf\x17\xaeN\x1e'
11E8E149-EF77-F650-9ABE-12DF17AE4E1E,2021-ncaa-d3-conf-WIAC,ncaa,6,6,5,6,5,7,7,7,3,7,7,4,6,6,2,5,6,8,2,8,5,8,8,3,3,3,4,4,3,7,6,6,5,7,7,3,2,5,6,6,7,7,6,6,,,3,5,,,5,8,6,3,6,7,7,7,5,4,5,5,7,7,8,6,5,6,6,3,6,7,6,,6,,,5,4,2,1,7,5,3,5,3,2,8,2,5,5,7,5,6,1,1,8,8,8,5,4,5,2,5,4,6,3,7,2,3,8,6,5,7,7,7,7,,,8,3,,,5,1,5,7,6,6,5,4,6,6,6,2,7,7,7,5,4,3,6,4,3,7,7,7,,6,,,b'\x11\xe8\xe1I\xefw\xf6P\x9a\xbe\x12\xdf\x17\xaeN\x1e'
11E8E149-EF77-F650-9ABE-12DF17AE4E1E,2021-ncaa-d3-natl,ncaa,176,214,146,210,154,149,156,181,78,153,175,120,130,170,31,165,126,159,14,159,133,184,184,66,46,66,93,126,93,212,261,170,56,183,180,153,161,109,155,139,220,269,168,190,,,139,218,,,207,172,256,40,155,171,263,175,221,125,211,107,179,183,260,275,272,206,259,167,86,274,199,,143,,,192,148,139,116,246,135,125,174,166,110,282,77,185,168,259,163,200,122,110,257,267,277,219,191,207,92,56,118,261,105,180,98,10,203,250,188,133,206,210,266,,,163,84,,,207,114,104,264,200,211,178,67,148,122,220,64,248,204,196,90,19,30,88,54,61,268,149,259,,179,,,b'\x11\xe8\xe1I\xefw\xf6P\x9a\xbe\x12\xdf\x17\xaeN\x1e'
11E8E149-EF77-F650-9ABE-12DF17AE4E1E,2022-ncaa-d3-conf-WIAC,ncaa,8,8,4,8,6,7,6,5,4,4,4,4,6,6,8,6,8,8,4,8,8,6,4,5,7,8,7,6,5,4,4,4,3,4,5,4,4,8,8,6,8,8,4,4,,,3,4,,,7,4,6,6,8,5,7,4,4,7,6,7,8,8,8,5,5,4,5,5,7,8,4,,2,,,6,5,7,5,5,7,7,6,1,2,3,1,4,4,4,4,2,5,5,5,5,5,1,2,4,3,3,3,4,3,5,1,1,8,8,5,8,8,7,6,,,7,5,,,7,5,8,5,7,5,5,5,7,7,1,1,4,3,4,6,3,3,2,2,1,8,7,7,,5,,,b'\x11\xe8\xe1I\xefw\xf6P\x9a\xbe\x12\xdf\x17\xaeN\x1e'
11E8E149-EF77-F650-9ABE-12DF17AE4E1E,2022-ncaa-d3-natl,ncaa,232,290,107,256,162,193,195,310,60,174,274,48,228,258,156,225,148,179,122,176,112,289,299,76,66,109,238,260,147,361,325,245,45,308,152,199,201,225,292,218,342,352,236,244,,,172,235,,,247,256,391,290,244,251,412,217,360,266,298,176,205,202,407,417,401,342,392,237,183,389,263,,111,,,243,300,328,196,368,332,221,357,239,165,352,167,173,109,401,112,109,174,141,367,369,383,122,192,109,37,45,86,325,56,152,150,32,339,345,293,259,306,275,310,,,178,74,,,247,166,168,333,244,229,265,97,276,158,189,100,136,67,70,69,16,16,22,11,105,393,221,236,,229,,,b'\x11\xe8\xe1I\xefw\xf6P\x9a\xbe\x12\xdf\x17\xaeN\x1e'
11E8E149-EF77-F650-9ABE-12DF17AE4E1E,2023-ncaa-d3-conf-WIAC,ncaa,6,7,4,7,6,6,6,5,6,5,5,6,7,4,7,3,7,8,5,8,8,6,5,6,7,7,5,3,8,6,6,6,3,5,6,4,3,6,7,6,4,2,8,8,,,6,7,,,6,5,4,3,7,5,4,5,6,7,2,8,8,8,5,4,7,5,6,5,8,2,8,,7,,,6,4,5,4,6,5,4,7,2,1,5,2,4,6,1,6,6,4,4,6,5,4,2,2,4,4,3,7,6,6,6,3,2,3,3,2,3,2,3,3,,,7,8,,,6,4,7,4,6,5,5,4,7,5,2,1,5,6,6,4,5,2,7,7,3,4,4,4,,7,,,b'\x11\xe8\xe1I\xefw\xf6P\x9a\xbe\x12\xdf\x17\xaeN\x1e'
11E8E149-EF77-F650-9ABE-12DF17AE4E1E,2023-ncaa-d3-natl,ncaa,228,269,109,252,120,220,227,256,190,257,343,106,126,88,256,66,223,257,112,271,144,263,285,154,149,164,115,116,201,329,342,283,70,321,258,258,270,155,208,233,198,165,394,395,,,272,361,,,227,261,381,80,271,280,343,306,392,141,109,248,303,321,360,386,370,370,398,293,134,230,410,,241,,,226,202,233,78,387,263,93,393,171,140,248,223,220,260,69,248,332,92,111,379,374,326,164,173,201,36,70,247,342,133,258,45,12,190,134,82,62,89,110,209,,,197,106,,,227,157,201,269,229,157,184,24,212,52,145,108,193,223,218,31,30,26,213,95,40,230,51,89,,241,,,b'\x11\xe8\xe1I\xefw\xf6P\x9a\xbe\x12\xdf\x17\xaeN\x1e'
11E8E149-EF77-F650-9ABE-12DF17AE4E1E,2024-ncaa-d3-conf-WIAC,ncaa,4,4,4,4,5,6,5,5,4,2,5,2,6,6,8,5,5,5,7,5,6,6,5,5,6,5,8,8,6,5,6,7,5,7,6,6,7,3,4,6,5,4,4,4,,,2,2,,,6,4,4,4,6,4,5,2,4,6,5,6,6,6,5,5,5,7,6,6,3,4,4,,3,,,6,6,6,5,8,6,5,6,5,3,8,2,3,3,2,3,2,4,5,8,8,8,3,6,2,4,5,4,6,3,6,4,3,6,4,4,4,4,3,2,,,5,5,,,6,5,6,6,6,7,7,5,7,6,7,4,3,3,3,4,4,4,3,3,4,5,4,2,,6,,,b'\x11\xe8\xe1I\xefw\xf6P\x9a\xbe\x12\xdf\x17\xaeN\x1e'
11E8E149-EF77-F650-9ABE-12DF17AE4E1E,2024-ncaa-d3-natl,ncaa,162,185,112,178,166,160,147,217,86,156,301,21,137,94,247,68,238,270,122,274,197,227,281,72,82,78,208,165,314,311,306,227,61,274,197,236,373,103,132,179,263,243,258,245,,,132,190,,,208,256,332,213,172,152,270,172,357,147,95,254,314,320,300,366,345,295,350,267,84,291,278,,109,,,208,301,306,165,376,257,138,361,370,271,403,319,156,127,333,118,161,147,127,387,386,380,274,354,103,63,61,205,306,112,197,109,15,271,252,172,60,76,73,108,,,192,104,,,208,171,110,342,206,250,274,101,223,88,342,241,134,101,92,81,59,34,156,73,90,309,52,55,,224,,,b'\x11\xe8\xe1I\xefw\xf6P\x9a\xbe\x12\xdf\x17\xaeN\x1e'
11E8E149-EF77-F650-9ABE-12DF17AE4E1E,2025-ncaa-d3-conf-WIAC,genius_ncaa,8,8,7,8,7,8,8,7,7,7,8,7,6,6,6,1,8,8,7,8,8,7,7,8,8,8,4,2,8,4,4,8,8,8,8,6,2,4,7,6,4,3,7,7,,,5,8,,5,8,7,2,7,8,7,4,7,6,5,1,8,8,8,6,4,3,8,8,6,7,2,7,,8,,6,8,2,1,1,7,2,2,7,3,2,6,4,6,6,6,6,8,1,1,8,8,8,6,4,8,2,8,2,4,2,8,1,4,4,2,1,2,3,2,7,,,7,7,,2,8,2,8,6,8,6,4,2,4,2,5,3,7,8,7,3,5,4,6,5,4,1,3,6,,7,,2,b'\x11\xe8\xe1I\xefw\xf6P\x9a\xbe\x12\xdf\x17\xaeN\x1e'
11E8E149-EF77-F650-9ABE-12DF17AE4E1E,2025-ncaa-d3-natl,genius_ncaa,293,319,192,309,248,292,258,304,199,290,353,128,147,120,217,40,390,391,256,389,340,324,336,164,206,237,160,65,402,336,318,339,82,354,243,271,256,177,264,237,213,139,325,259,,,285,393,,346,256,323,351,258,314,269,337,312,380,132,101,396,406,406,375,388,346,385,392,279,192,211,330,,314,,350,256,119,76,32,290,49,18,348,267,270,251,389,278,237,361,235,395,40,52,325,362,286,388,334,333,20,82,148,318,59,243,38,55,193,97,77,42,80,213,330,,,277,177,,9,256,92,257,237,256,138,87,18,64,7,265,272,311,250,249,24,35,25,158,69,48,179,54,231,,285,,6,b'\x11\xe8\xe1I\xefw\xf6P\x9a\xbe\x12\xdf\x17\xaeN\x1e'
11E8E149-EF77-F650-9ABE-12DF17AE4E1E,2026-ncaa-d3-natl,genius_ncaa,13,21,116,27,122,182,176,214,133,169,200,155,165,222,115,239,168,154,261,146,138,207,221,134,146,143,196,203,216,201,142,258,113,248,134,286,372,178,168,253,112,77,178,142,,,230,305,,156,126,224,377,50,220,212,317,205,263,203,267,184,190,182,311,349,244,356,329,334,123,131,214,,202,,133,135,169,135,152,134,102,106,155,264,271,212,351,256,210,346,200,322,155,172,170,217,169,366,335,325,95,113,152,142,124,134,145,203,167,110,113,90,65,290,312,,,172,125,,30,126,194,150,136,128,68,48,38,35,25,241,247,234,164,154,34,41,49,58,43,85,193,56,292,,209,,37,b'\x11\xe8\xe1I\xefw\xf6P\x9a\xbe\x12\xdf\x17\xaeN\x1e'
11E8E149-EF7D-8F52-9ABE-12DF17AE4E1E,2018-ncaa-d3-conf-WIAC,ncaa,6,6,4,6,4,4,4,5,3,4,7,4,2,4,3,2,4,4,3,4,3,5,7,3,3,4,3,2,5,8,8,1,7,5,7,5,6,3,3,5,8,8,1,1,,,8,8,,,6,5,4,2,3,4,4,5,7,2,3,4,5,5,6,6,8,1,4,6,3,8,2,,8,,,6,5,2,5,1,1,4,1,5,6,3,6,8,8,2,8,8,8,6,1,1,5,7,6,8,8,7,5,8,8,7,1,4,7,7,6,5,6,1,1,,,5,4,,,6,4,6,6,6,6,4,6,2,5,5,6,8,8,8,6,6,8,6,7,3,8,5,1,,5,,,b'\x11\xe8\xe1I\xef}\x8fR\x9a\xbe\x12\xdf\x17\xaeN\x1e'
11E8E149-EF7D-8F52-9ABE-12DF17AE4E1E,2018-ncaa-d3-natl,ncaa,138,138,123,152,131,167,182,285,76,216,310,84,95,170,42,124,183,218,100,212,131,274,274,59,57,83,117,112,239,338,315,189,238,266,235,342,431,210,256,324,246,266,75,66,,,427,442,,,164,238,365,45,186,205,370,262,372,110,180,206,256,251,365,377,389,230,336,377,184,290,83,,432,,,167,199,85,148,73,72,134,58,247,246,241,226,431,437,203,437,436,241,208,92,167,223,425,255,438,286,238,128,315,170,235,25,16,272,287,87,219,256,15,15,,,198,126,,,164,194,133,236,172,161,65,91,49,98,225,199,426,426,427,183,118,245,89,138,15,324,186,5,,247,,,b'\x11\xe8\xe1I\xef}\x8fR\x9a\xbe\x12\xdf\x17\xaeN\x1e'
11E8E149-EF7D-8F52-9ABE-12DF17AE4E1E,2019-ncaa-d3-conf-WIAC,ncaa,6,5,7,6,7,8,8,8,8,8,8,7,7,5,8,4,4,3,7,3,2,8,8,8,8,8,1,4,1,8,8,5,7,8,8,8,7,7,7,8,3,4,4,5,,,4,4,,,8,7,2,1,8,8,8,8,7,6,4,3,3,3,7,3,8,3,7,8,7,2,3,,7,,,8,3,3,4,4,6,4,3,2,2,4,2,5,5,2,5,4,4,3,4,4,4,3,2,6,6,7,6,8,6,8,3,5,6,5,4,7,8,2,4,,,5,4,,,8,2,8,4,8,4,5,8,6,7,4,4,6,8,8,8,8,8,8,8,4,4,8,3,,4,,,b'\x11\xe8\xe1I\xef}\x8fR\x9a\xbe\x12\xdf\x17\xaeN\x1e'
11E8E149-EF7D-8F52-9ABE-12DF17AE4E1E,2019-ncaa-d3-natl,ncaa,282,244,365,282,368,356,396,417,257,400,420,228,249,278,209,106,172,168,227,170,5,406,399,217,175,274,40,148,18,434,433,325,245,399,372,409,405,281,404,411,311,271,158,137,,,253,384,,,325,368,218,69,328,386,430,401,423,195,198,79,59,61,412,359,438,199,394,413,363,257,113,,384,,,329,118,98,76,217,161,138,224,55,61,125,101,326,328,231,318,355,91,74,182,227,265,202,75,388,154,245,145,433,140,372,34,40,361,315,174,353,413,64,256,,,214,20,,,325,67,341,274,334,270,229,240,280,295,104,124,393,402,391,291,243,268,291,290,104,299,393,101,,63,,,b'\x11\xe8\xe1I\xef}\x8fR\x9a\xbe\x12\xdf\x17\xaeN\x1e'
11E8E149-EF7D-8F52-9ABE-12DF17AE4E1E,2020-ncaa-d3-conf-WIAC,ncaa,8,8,7,8,8,8,8,8,8,8,8,7,5,5,7,2,8,8,6,8,5,8,8,8,8,8,4,4,6,8,8,8,7,8,8,8,7,5,7,8,8,6,6,6,,,1,5,,,8,8,3,6,8,8,7,8,7,4,4,8,8,8,7,8,8,8,8,8,7,5,6,,5,,,8,6,7,2,8,7,5,8,5,2,8,2,2,1,5,1,4,2,1,8,8,8,2,3,2,2,7,3,8,2,8,7,3,8,7,8,6,7,4,6,,,8,8,,,8,1,8,8,8,8,8,7,8,7,7,2,6,4,4,7,4,2,7,5,8,8,6,5,,8,,,b'\x11\xe8\xe1I\xef}\x8fR\x9a\xbe\x12\xdf\x17\xaeN\x1e'
11E8E149-EF7D-8F52-9ABE-12DF17AE4E1E,2020-ncaa-d3-natl,ncaa,367,391,198,374,272,282,293,309,248,317,366,191,165,117,260,78,302,276,327,278,139,314,347,222,237,233,128,107,268,409,417,332,82,388,343,385,429,111,184,332,299,287,330,369,,,143,207,,,361,281,234,285,302,304,315,335,380,159,104,308,271,274,332,363,422,364,418,411,121,301,328,,157,,,356,376,392,186,425,412,324,404,151,41,414,34,284,201,432,206,149,178,100,412,420,426,56,63,195,26,82,267,417,131,343,134,17,380,372,310,169,239,225,327,,,327,263,,,361,166,289,402,356,371,379,221,409,346,174,43,298,221,230,215,116,27,285,154,150,390,177,239,,352,,,b'\x11\xe8\xe1I\xef}\x8fR\x9a\xbe\x12\xdf\x17\xaeN\x1e'
11E8E149-EF7D-8F52-9ABE-12DF17AE4E1E,2021-ncaa-d3-conf-WIAC,ncaa,6,6,5,6,6,5,6,5,8,8,8,8,3,2,6,1,5,3,8,2,2,5,6,7,8,4,1,1,4,8,8,7,7,8,8,8,7,1,1,5,6,6,6,7,,,1,1,,,7,4,1,6,4,6,2,8,7,1,1,3,2,1,1,3,8,7,8,8,2,6,6,,3,,,7,7,8,8,8,8,8,8,1,1,1,1,4,1,4,1,1,7,6,5,6,6,1,1,2,7,7,8,8,8,8,6,5,4,7,7,1,2,3,6,,,6,5,,,7,5,6,6,7,7,8,8,8,8,1,1,5,4,4,8,8,7,8,8,8,4,3,5,,5,,,b'\x11\xe8\xe1I\xef}\x8fR\x9a\xbe\x12\xdf\x17\xaeN\x1e'
11E8E149-EF7D-8F52-9ABE-12DF17AE4E1E,2021-ncaa-d3-natl,ncaa,176,214,146,210,156,140,149,150,178,171,183,172,75,74,110,27,123,106,218,105,20,142,164,129,144,86,17,25,110,216,281,173,178,188,264,190,274,73,12,136,194,257,168,225,,,133,92,,,219,150,76,89,116,156,117,235,249,26,26,89,50,52,79,197,277,207,267,253,12,251,199,,118,,,212,183,198,156,258,230,187,265,81,105,40,25,160,141,249,136,62,154,136,229,234,263,10,14,104,134,178,195,281,167,264,148,37,183,252,224,69,16,139,224,,,148,113,,,219,139,142,254,205,258,268,241,278,270,30,57,191,155,143,234,189,142,268,236,175,246,14,177,,138,,,b'\x11\xe8\xe1I\xef}\x8fR\x9a\xbe\x12\xdf\x17\xaeN\x1e'
11E8E149-EF7D-8F52-9ABE-12DF17AE4E1E,2022-ncaa-d3-conf-WIAC,ncaa,6,7,3,6,3,3,3,3,8,8,6,8,1,1,2,1,7,6,6,7,4,3,3,4,6,5,1,1,8,6,8,6,8,7,8,5,6,4,4,5,6,7,8,8,,,7,6,,,8,3,4,5,6,6,3,8,7,1,1,8,7,7,4,4,8,8,8,6,3,7,8,,7,,,8,8,8,6,8,8,6,8,2,5,2,3,8,8,6,8,7,6,6,8,8,8,2,1,8,7,8,8,8,8,8,5,2,2,3,2,5,4,6,7,,,6,6,,,8,6,7,8,8,8,6,4,8,4,2,3,8,8,8,5,5,7,8,8,3,4,4,5,,6,,,b'\x11\xe8\xe1I\xef}\x8fR\x9a\xbe\x12\xdf\x17\xaeN\x1e'
11E8E149-EF7D-8F52-9ABE-12DF17AE4E1E,2022-ncaa-d3-natl,ncaa,190,234,107,217,109,137,183,181,192,293,311,239,28,46,23,31,219,225,196,230,120,194,268,97,110,64,16,16,291,379,416,316,161,352,380,275,399,34,18,136,302,329,358,365,,,320,355,,,258,205,359,15,162,206,246,370,393,23,44,253,268,277,261,395,416,404,422,327,7,357,389,,292,,,256,376,350,185,404,346,161,402,304,240,350,241,384,334,421,334,352,214,177,405,416,411,250,198,309,84,161,358,416,262,380,195,39,256,279,240,21,12,230,308,,,193,129,,,258,214,127,388,259,326,301,86,288,90,267,186,358,303,304,111,65,53,332,197,140,323,8,205,,247,,,b'\x11\xe8\xe1I\xef}\x8fR\x9a\xbe\x12\xdf\x17\xaeN\x1e'
11E8E149-EF7D-8F52-9ABE-12DF17AE4E1E,2023-ncaa-d3-conf-WIAC,ncaa,6,6,7,6,8,7,7,8,7,8,8,7,3,1,6,1,5,6,4,6,3,7,8,7,6,6,1,1,4,7,7,7,4,8,8,8,8,2,4,8,7,5,6,6,,,1,6,,,7,7,5,7,6,7,7,8,7,1,1,5,5,5,6,6,6,7,7,8,3,5,6,,5,,,7,3,3,2,8,3,1,8,4,5,4,8,5,4,5,4,7,2,2,8,8,7,4,3,5,1,4,4,7,3,8,5,6,7,2,6,1,1,2,4,,,5,3,,,7,2,6,7,7,6,6,2,5,1,6,7,6,5,5,3,3,3,8,8,6,2,1,2,,3,,,b'\x11\xe8\xe1I\xef}\x8fR\x9a\xbe\x12\xdf\x17\xaeN\x1e'
11E8E149-EF7D-8F52-9ABE-12DF17AE4E1E,2023-ncaa-d3-natl,ncaa,171,171,185,178,229,195,233,269,180,322,385,147,46,47,83,19,223,243,156,244,49,269,329,99,105,92,20,16,226,316,321,227,21,284,188,320,397,51,87,227,286,237,356,310,,,165,285,,,153,319,363,246,188,246,301,359,410,33,31,212,249,252,302,382,337,224,301,343,48,294,370,,161,,,156,112,113,71,246,84,43,326,260,293,162,383,159,124,338,121,280,60,60,284,292,282,323,329,204,20,21,228,321,99,188,30,14,285,202,88,41,72,35,122,,,180,42,,,153,109,113,202,149,118,121,54,91,28,263,298,163,121,112,49,28,16,249,108,31,298,40,19,,143,,,b'\x11\xe8\xe1I\xef}\x8fR\x9a\xbe\x12\xdf\x17\xaeN\x1e'
11E8E149-EF7D-8F52-9ABE-12DF17AE4E1E,2024-ncaa-d3-conf-WIAC,ncaa,6,5,4,6,4,5,6,4,5,6,7,6,4,4,3,2,4,4,4,4,3,4,4,4,4,4,1,2,4,4,4,3,2,3,3,7,8,3,3,7,6,6,6,5,,,4,5,,,4,4,6,2,5,6,4,6,6,2,3,4,3,3,2,4,3,3,4,7,3,6,5,,4,,,4,5,5,4,5,5,6,3,4,2,7,1,4,4,6,4,5,5,4,6,6,6,6,5,5,3,2,6,4,4,3,4,4,7,6,6,2,2,4,5,,,4,2,,,4,4,5,5,4,5,5,4,6,7,5,3,4,4,5,5,3,3,6,4,4,7,2,5,,3,,,b'\x11\xe8\xe1I\xef}\x8fR\x9a\xbe\x12\xdf\x17\xaeN\x1e'
11E8E149-EF7D-8F52-9ABE-12DF17AE4E1E,2024-ncaa-d3-natl,ncaa,162,162,200,166,229,191,221,254,180,297,353,132,76,73,140,39,173,210,137,219,63,254,321,124,122,89,50,58,194,280,286,217,10,251,140,343,415,31,54,218,301,236,358,325,,,229,373,,,149,322,377,133,187,223,250,305,380,58,54,162,194,208,249,365,282,201,251,363,27,304,368,,247,,,145,120,105,55,270,76,46,263,274,193,339,329,230,172,361,174,332,52,55,305,320,325,363,353,283,9,10,226,286,80,140,55,42,312,228,147,22,39,53,128,,,160,35,,,149,102,101,242,146,142,120,44,90,34,282,217,238,186,189,40,23,11,243,81,58,318,26,49,,111,,,b'\x11\xe8\xe1I\xef}\x8fR\x9a\xbe\x12\xdf\x17\xaeN\x1e'
11E8E149-EF7D-8F52-9ABE-12DF17AE4E1E,2025-ncaa-d3-conf-WIAC,genius_ncaa,6,5,5,6,6,6,7,6,8,8,6,8,4,3,4,2,5,5,4,5,2,6,6,7,7,6,1,1,2,8,8,5,5,6,7,8,8,3,5,8,7,6,4,5,,,3,3,,4,6,5,4,5,6,8,6,8,8,2,2,4,4,4,5,7,7,6,7,8,4,6,5,,3,,4,6,5,5,4,5,3,3,5,5,4,5,7,4,4,2,4,6,4,4,5,5,4,7,7,6,3,5,6,8,6,7,6,8,5,3,6,4,5,4,8,,,5,1,,4,6,4,6,4,6,4,5,3,2,3,7,7,6,6,6,4,4,3,8,8,8,4,5,7,,2,,3,b'\x11\xe8\xe1I\xef}\x8fR\x9a\xbe\x12\xdf\x17\xaeN\x1e'
11E8E149-EF7D-8F52-9ABE-12DF17AE4E1E,2025-ncaa-d3-natl,genius_ncaa,173,184,116,187,136,226,262,296,221,336,355,256,68,103,47,54,193,195,187,198,61,290,334,142,136,118,17,23,182,379,401,242,51,331,306,370,406,51,107,291,308,278,228,196,,,168,237,,294,223,296,384,100,273,315,382,374,400,64,116,217,229,231,374,416,404,298,401,389,41,338,245,,133,,296,223,167,165,93,284,135,87,281,262,225,302,293,178,153,272,154,253,93,94,304,305,283,282,294,185,28,51,310,401,171,306,152,157,252,206,214,65,118,141,254,,,73,7,,26,223,137,183,239,215,131,134,53,113,48,232,185,150,130,133,47,25,24,267,137,130,301,57,113,,69,,25,b'\x11\xe8\xe1I\xef}\x8fR\x9a\xbe\x12\xdf\x17\xaeN\x1e'
11E8E149-EF7D-8F52-9ABE-12DF17AE4E1E,2026-ncaa-d3-natl,genius_ncaa,54,132,42,116,64,152,173,104,308,278,239,294,18,16,178,10,184,230,71,223,192,121,156,255,250,186,22,6,259,211,355,133,150,154,308,186,262,120,48,127,133,169,249,298,,,360,361,,400,121,144,389,113,288,310,261,385,397,57,33,300,348,349,310,392,332,293,332,303,20,236,304,,269,,380,142,194,228,245,144,244,292,117,176,167,192,107,117,152,46,134,58,237,264,133,94,72,88,165,86,213,150,362,355,329,308,259,273,84,94,155,120,66,193,221,,,193,263,,47,121,271,211,74,133,23,62,54,104,144,72,39,20,40,32,32,35,107,318,224,153,183,44,116,,352,,85,b'\x11\xe8\xe1I\xef}\x8fR\x9a\xbe\x12\xdf\x17\xaeN\x1e'
11E8E149-EF82-718E-9ABE-12DF17AE4E1E,2018-ncaa-d3-conf-WIAC,ncaa,5,5,4,5,5,5,7,6,6,6,4,8,5,6,2,7,2,3,2,3,1,6,6,6,5,6,2,4,1,2,1,5,5,4,1,4,2,6,7,4,4,4,4,5,,,2,4,,,5,7,6,3,6,7,7,7,5,5,7,2,2,2,7,5,1,5,1,3,6,3,4,,2,,,5,2,3,2,4,3,5,2,3,1,7,1,4,3,4,3,4,2,2,3,3,3,5,4,7,3,5,1,1,2,1,4,6,4,3,4,3,3,3,4,,,3,1,,,5,2,4,4,4,4,5,4,4,6,4,1,5,5,5,4,3,4,1,3,4,3,4,3,,2,,,b'\x11\xe8\xe1I\xef\x82q\x8e\x9a\xbe\x12\xdf\x17\xaeN\x1e'
11E8E149-EF82-718E-9ABE-12DF17AE4E1E,2018-ncaa-d3-natl,ncaa,179,197,123,190,191,192,268,329,185,239,267,229,275,331,137,333,21,33,59,30,9,259,248,202,117,165,126,316,2,143,59,315,127,253,72,255,222,280,297,281,176,150,214,198,,,217,285,,,193,270,368,404,223,320,413,295,315,296,355,14,30,28,347,332,159,394,316,292,244,204,219,,174,,,195,196,196,113,321,208,158,282,215,131,375,170,244,183,411,189,235,105,136,318,351,300,232,211,261,62,127,52,59,46,72,133,108,172,136,142,226,236,244,273,,,25,2,,,193,187,148,240,183,160,160,50,179,115,191,100,204,140,145,50,48,50,21,21,122,211,194,229,,13,,,b'\x11\xe8\xe1I\xef\x82q\x8e\x9a\xbe\x12\xdf\x17\xaeN\x1e'
11E8E149-EF82-718E-9ABE-12DF17AE4E1E,2019-ncaa-d3-conf-WIAC,ncaa,6,8,5,8,6,6,7,7,5,7,7,2,3,3,5,1,3,4,3,4,3,7,4,2,2,7,2,2,2,6,5,4,6,5,3,4,2,8,8,7,8,8,5,6,,,2,1,,,7,4,4,7,7,7,6,7,6,4,3,4,4,4,8,4,5,6,5,3,8,8,5,,2,,,7,7,7,7,7,8,8,6,3,1,7,1,2,4,4,3,2,6,5,6,5,6,1,1,2,5,6,1,5,5,3,5,3,7,8,7,8,7,4,5,,,2,2,,,7,5,7,7,7,6,8,7,8,8,5,1,3,3,2,7,5,4,2,4,6,7,7,4,,1,,,b'\x11\xe8\xe1I\xef\x82q\x8e\x9a\xbe\x12\xdf\x17\xaeN\x1e'
11E8E149-EF82-718E-9ABE-12DF17AE4E1E,2019-ncaa-d3-natl,ncaa,306,361,129,339,203,202,263,323,184,277,355,152,171,177,204,144,47,72,88,69,12,283,259,167,113,169,74,188,25,279,207,270,165,292,174,215,165,301,326,278,368,390,297,331,,,173,194,,,317,245,300,372,232,323,402,337,392,194,199,43,66,62,372,349,314,344,359,247,266,397,318,,149,,,308,386,376,210,414,398,330,380,168,70,405,45,352,316,388,306,223,233,184,400,410,419,96,86,260,110,165,103,207,99,174,274,101,317,333,334,301,314,277,348,,,41,4,,,317,222,184,398,306,333,334,168,359,300,152,46,331,282,273,190,102,94,69,67,239,366,280,269,,17,,,b'\x11\xe8\xe1I\xef\x82q\x8e\x9a\xbe\x12\xdf\x17\xaeN\x1e'
11E8E149-EF82-718E-9ABE-12DF17AE4E1E,2020-ncaa-d3-conf-WIAC,ncaa,6,6,3,6,4,6,7,7,4,7,6,5,7,8,4,8,1,2,1,2,2,7,6,3,2,5,2,7,1,7,7,4,8,6,7,7,6,8,8,7,5,8,5,4,,,4,1,,,6,5,2,4,6,7,8,6,6,8,8,1,1,1,8,6,7,3,5,7,8,6,4,,4,,,6,4,6,6,4,6,7,5,3,7,1,5,3,7,1,7,3,6,6,3,3,5,1,2,4,8,8,1,7,6,7,3,2,7,8,7,8,8,6,7,,,2,1,,,6,5,6,6,6,5,7,8,7,8,3,7,3,6,6,8,8,8,1,8,5,7,8,6,,1,,,b'\x11\xe8\xe1I\xef\x82q\x8e\x9a\xbe\x12\xdf\x17\xaeN\x1e'
11E8E149-EF82-718E-9ABE-12DF17AE4E1E,2020-ncaa-d3-natl,ncaa,263,306,126,289,143,218,269,378,85,231,320,102,319,372,127,334,30,64,18,70,25,355,358,108,42,92,196,347,8,395,367,182,231,306,239,344,410,206,314,337,387,396,155,160,,,141,162,,,270,318,395,86,249,323,429,262,362,336,387,24,59,67,414,427,420,225,362,390,187,406,159,,111,,,267,281,317,284,271,326,232,335,221,309,67,296,230,197,322,195,182,271,149,253,241,352,136,177,183,248,231,66,367,119,239,199,111,395,403,369,240,311,394,415,,,50,1,,,270,144,162,342,258,248,272,247,284,197,209,292,202,176,180,225,93,232,50,93,181,421,220,382,,43,,,b'\x11\xe8\xe1I\xef\x82q\x8e\x9a\xbe\x12\xdf\x17\xaeN\x1e'
11E8E149-EF82-718E-9ABE-12DF17AE4E1E,2021-ncaa-d3-conf-WIAC,ncaa,5,5,5,5,8,8,8,8,7,6,4,7,8,8,8,8,3,2,3,3,3,7,7,8,5,7,6,8,1,4,4,5,3,5,2,7,4,6,7,7,7,8,4,4,,,2,3,,,6,7,4,8,8,8,8,6,4,8,8,1,1,2,7,4,4,1,4,6,7,7,4,,4,,,6,2,5,2,5,4,2,6,5,3,7,5,1,2,1,3,4,2,2,7,5,5,3,7,1,3,3,2,4,2,2,5,6,7,8,8,6,6,6,5,,,3,1,,,6,2,8,5,5,5,6,6,5,5,8,6,1,6,6,6,5,4,2,3,7,6,6,6,,1,,,b'\x11\xe8\xe1I\xef\x82q\x8e\x9a\xbe\x12\xdf\x17\xaeN\x1e'
11E8E149-EF82-718E-9ABE-12DF17AE4E1E,2021-ncaa-d3-natl,ncaa,148,183,146,182,160,164,171,185,137,149,152,160,202,208,174,257,82,104,37,109,65,178,178,172,115,144,177,256,13,187,186,153,35,169,90,181,206,123,195,208,220,271,110,89,,,138,196,,,215,170,222,110,194,219,268,162,157,256,269,26,49,59,255,256,236,128,186,223,138,274,96,,136,,,204,141,145,124,225,130,120,192,184,136,262,170,135,145,42,146,177,126,113,243,225,257,191,237,91,93,35,105,186,102,90,137,98,202,258,241,118,163,171,207,,,100,7,,,215,119,158,232,197,185,189,117,145,104,239,160,124,164,164,127,37,33,60,37,150,267,124,207,,21,,,b'\x11\xe8\xe1I\xef\x82q\x8e\x9a\xbe\x12\xdf\x17\xaeN\x1e'
11E8E149-EF82-718E-9ABE-12DF17AE4E1E,2022-ncaa-d3-conf-WIAC,ncaa,7,5,8,7,8,8,8,8,6,7,7,6,7,8,4,7,1,3,1,3,1,8,8,8,4,7,4,7,1,6,5,7,2,8,4,6,3,5,7,7,7,6,7,7,,,1,2,,,6,8,3,1,5,7,6,5,3,6,7,1,2,2,5,3,4,2,3,4,8,6,7,,4,,,7,3,3,1,7,4,4,5,4,1,8,2,1,3,2,3,3,1,1,7,6,7,4,5,1,1,2,2,5,1,4,6,5,7,6,8,4,6,2,3,,,2,1,,,6,1,6,6,6,7,8,8,6,8,8,2,2,5,5,8,8,2,5,4,8,3,6,4,,1,,,b'\x11\xe8\xe1I\xef\x82q\x8e\x9a\xbe\x12\xdf\x17\xaeN\x1e'
11E8E149-EF82-718E-9ABE-12DF17AE4E1E,2022-ncaa-d3-natl,ncaa,232,182,345,226,345,299,343,384,187,308,339,217,319,367,146,309,59,130,13,136,31,370,389,203,112,116,136,304,5,383,342,341,16,368,178,328,257,37,153,206,363,294,303,281,,,83,276,,,239,384,384,4,209,307,389,262,271,295,343,7,36,42,339,388,371,254,328,283,89,332,292,,171,,,239,98,117,39,383,114,55,347,197,68,420,190,86,87,145,85,251,39,36,394,390,380,229,284,133,12,16,74,342,24,178,118,158,368,258,300,28,111,182,299,,,111,2,,,239,53,162,314,234,254,274,82,242,123,308,118,177,198,192,81,44,11,178,65,229,314,58,274,,8,,,b'\x11\xe8\xe1I\xef\x82q\x8e\x9a\xbe\x12\xdf\x17\xaeN\x1e'
11E8E149-EF82-718E-9ABE-12DF17AE4E1E,2023-ncaa-d3-conf-WIAC,ncaa,8,7,7,8,7,8,8,7,8,7,6,8,8,8,8,7,8,7,8,7,7,8,7,8,8,8,7,5,5,4,3,8,6,7,5,5,1,3,6,5,8,7,7,7,,,3,8,,,8,8,7,5,8,8,6,7,3,8,7,7,7,7,7,5,2,8,5,4,5,8,7,,8,,,8,2,1,1,5,1,2,5,3,2,6,4,6,5,8,5,8,1,1,5,6,6,8,5,8,2,6,3,3,2,5,4,7,6,1,5,7,8,7,7,,,8,7,,,8,1,8,6,8,4,3,1,2,2,5,3,8,7,7,1,1,4,6,5,5,1,8,8,,8,,,b'\x11\xe8\xe1I\xef\x82q\x8e\x9a\xbe\x12\xdf\x17\xaeN\x1e'
11E8E149-EF82-718E-9ABE-12DF17AE4E1E,2023-ncaa-d3-natl,ncaa,228,247,185,243,208,274,266,273,255,233,211,261,297,296,265,288,235,252,146,253,237,273,314,275,259,250,272,293,148,219,196,302,43,283,130,250,180,120,176,191,308,266,370,315,,,232,372,,,242,328,394,99,300,294,307,247,221,304,309,223,260,263,310,359,210,341,298,260,121,326,379,,250,,,242,135,95,44,291,62,32,328,285,250,298,367,290,197,427,196,365,45,56,325,371,327,391,331,334,17,43,138,196,58,130,52,69,236,143,109,119,176,374,369,,,237,141,,,242,101,233,261,244,147,101,23,64,21,277,254,299,198,198,28,22,13,140,56,61,248,129,386,,245,,,b'\x11\xe8\xe1I\xef\x82q\x8e\x9a\xbe\x12\xdf\x17\xaeN\x1e'
11E8E149-EF82-718E-9ABE-12DF17AE4E1E,2024-ncaa-d3-conf-WIAC,ncaa,7,5,7,7,7,8,7,7,8,7,2,8,8,8,6,8,8,7,8,7,7,7,7,8,8,8,7,6,7,3,3,8,1,6,5,5,2,5,6,5,3,2,8,8,,,6,8,,,7,7,7,1,8,7,3,7,1,8,8,7,7,7,3,3,2,6,3,4,6,2,8,,7,,,7,2,1,1,7,3,1,7,2,1,6,4,5,5,7,5,8,1,1,7,7,5,5,2,8,1,1,7,3,2,5,6,7,4,3,5,3,6,8,8,,,7,6,,,7,2,8,4,7,3,3,2,3,2,3,2,8,7,7,2,2,1,8,6,6,3,5,8,,5,,,b'\x11\xe8\xe1I\xef\x82q\x8e\x9a\xbe\x12\xdf\x17\xaeN\x1e'
11E8E149-EF82-718E-9ABE-12DF17AE4E1E,2024-ncaa-d3-natl,ncaa,142,139,200,147,229,258,240,242,222,204,200,224,278,273,291,282,275,248,305,248,274,251,306,255,256,218,314,293,241,165,150,209,2,191,63,239,233,70,113,160,178,85,326,280,,,312,414,,,186,332,389,133,273,245,226,195,177,286,276,271,250,256,245,334,145,192,160,240,85,157,332,,341,,,187,86,62,36,258,72,39,284,110,99,203,241,285,254,350,245,377,41,44,257,305,272,307,197,372,3,2,190,150,43,63,98,223,268,146,158,45,60,305,289,,,207,107,,,186,94,204,155,185,92,69,12,79,26,119,98,304,257,252,17,11,2,211,46,109,272,44,320,,195,,,b'\x11\xe8\xe1I\xef\x82q\x8e\x9a\xbe\x12\xdf\x17\xaeN\x1e'
11E8E149-EF82-718E-9ABE-12DF17AE4E1E,2025-ncaa-d3-conf-WIAC,genius_ncaa,4,4,5,4,5,5,5,3,5,3,2,4,8,8,8,8,6,6,5,6,6,4,4,6,5,5,8,8,5,2,1,6,1,3,1,5,4,2,3,3,2,1,7,8,,,4,6,,2,4,6,5,4,5,4,1,2,1,8,8,5,5,6,1,1,1,7,2,3,3,1,8,,6,,2,4,4,4,2,8,5,4,4,4,1,8,1,3,3,5,3,5,2,3,7,7,5,5,5,5,1,1,4,1,1,1,5,7,3,1,5,3,4,8,5,,,6,4,,1,4,3,5,3,4,3,3,1,5,4,4,1,5,4,4,1,2,1,3,1,6,2,4,8,,3,,1,b'\x11\xe8\xe1I\xef\x82q\x8e\x9a\xbe\x12\xdf\x17\xaeN\x1e'
11E8E149-EF82-718E-9ABE-12DF17AE4E1E,2025-ncaa-d3-natl,genius_ncaa,82,94,55,92,71,110,95,109,96,75,102,90,206,190,214,263,149,181,130,176,258,119,152,114,119,89,310,287,260,61,42,206,4,123,17,214,376,81,61,149,146,101,351,330,,,328,398,,319,85,211,372,151,139,110,158,84,156,239,241,199,232,226,172,290,74,315,185,271,51,187,377,,281,,303,86,150,121,47,335,104,60,286,255,131,389,238,233,230,244,230,338,54,104,345,361,250,330,297,259,2,4,158,42,37,17,111,125,109,60,83,44,33,285,214,,,84,81,,5,85,210,63,146,75,75,67,4,63,14,201,67,173,160,161,7,7,2,80,11,68,142,30,243,,133,,4,b'\x11\xe8\xe1I\xef\x82q\x8e\x9a\xbe\x12\xdf\x17\xaeN\x1e'
11E8E149-EF82-718E-9ABE-12DF17AE4E1E,2026-ncaa-d3-natl,genius_ncaa,13,1,215,1,249,149,100,218,13,95,178,40,145,269,19,301,287,252,338,245,296,227,278,18,44,18,315,211,381,107,15,250,35,190,11,84,160,51,25,17,253,172,195,144,,,288,411,,324,19,309,327,113,33,13,84,24,68,109,249,272,217,216,96,209,45,170,78,33,32,222,172,,378,,366,13,77,39,62,24,39,86,17,75,59,212,87,318,290,334,298,391,82,98,29,107,85,387,158,414,50,35,58,15,56,11,58,245,244,104,67,90,94,151,134,,,236,163,,201,19,111,7,57,13,44,11,21,19,73,75,37,378,366,371,46,63,32,26,19,45,171,99,175,,164,,195,b'\x11\xe8\xe1I\xef\x82q\x8e\x9a\xbe\x12\xdf\x17\xaeN\x1e'
11E8E149-EF86-F9FC-9ABE-12DF17AE4E1E,2018-ncaa-d3-conf-WIAC,ncaa,8,8,7,8,7,7,5,4,7,4,4,5,6,5,7,3,6,7,6,7,6,4,5,7,7,7,4,3,6,4,7,8,8,8,8,7,8,5,5,7,6,6,8,8,,,1,1,,,7,6,2,1,4,3,1,3,2,4,2,5,6,6,2,2,3,8,7,7,7,4,8,,3,,,7,8,8,6,8,8,8,8,6,2,8,2,7,7,8,7,2,5,4,8,8,8,2,2,2,6,8,6,7,7,8,6,1,8,8,8,6,7,7,8,,,7,8,,,7,3,7,8,8,8,8,7,8,8,6,5,7,7,7,7,7,7,8,8,7,7,7,8,,7,,,b'\x11\xe8\xe1I\xef\x86\xf9\xfc\x9a\xbe\x12\xdf\x17\xaeN\x1e'
11E8E149-EF86-F9FC-9ABE-12DF17AE4E1E,2018-ncaa-d3-natl,ncaa,320,349,197,335,248,190,209,171,252,211,205,246,164,148,230,163,165,148,229,144,148,157,156,234,229,230,164,178,169,168,217,338,344,274,332,319,409,223,198,315,151,167,340,386,,,186,138,,,324,164,105,235,169,194,116,212,190,152,127,138,120,121,104,99,154,374,286,342,238,140,356,,195,,,319,413,423,317,424,431,398,396,155,65,402,30,301,280,311,271,131,314,290,402,401,400,39,51,165,290,344,291,217,294,332,163,6,227,270,203,281,274,431,424,,,182,222,,,324,277,227,395,320,406,410,342,423,403,172,61,331,292,281,347,332,299,312,313,175,232,292,431,,149,,,b'\x11\xe8\xe1I\xef\x86\xf9\xfc\x9a\xbe\x12\xdf\x17\xaeN\x1e'
11E8E149-EF86-F9FC-9ABE-12DF17AE4E1E,2019-ncaa-d3-conf-WIAC,ncaa,4,4,1,4,3,1,1,1,2,1,1,3,5,4,6,6,1,2,5,1,4,1,1,5,4,2,6,7,3,1,1,7,8,4,7,5,6,5,1,3,1,1,7,8,,,8,6,,,4,1,1,6,1,1,1,1,1,5,6,1,2,1,1,1,1,8,6,5,3,1,7,,8,,,4,8,8,8,8,7,7,8,6,5,6,4,8,8,7,8,6,8,8,7,8,5,4,5,5,8,8,7,1,7,7,6,2,1,1,2,3,1,8,7,,,3,5,,,4,8,2,6,4,8,7,5,7,6,6,5,8,7,7,5,7,7,6,6,5,1,3,8,,5,,,b'\x11\xe8\xe1I\xef\x86\xf9\xfc\x9a\xbe\x12\xdf\x17\xaeN\x1e'
11E8E149-EF86-F9FC-9ABE-12DF17AE4E1E,2019-ncaa-d3-natl,ncaa,101,104,67,108,101,73,76,67,131,66,81,108,193,174,266,286,34,45,121,42,120,60,95,161,133,84,276,327,107,56,63,341,354,209,233,232,413,96,27,166,41,43,270,290,,,409,389,,,131,130,247,200,70,92,108,71,113,246,232,38,53,51,78,162,68,427,317,302,41,47,310,,376,,,136,356,335,187,387,373,242,395,139,144,218,122,381,376,334,370,349,225,327,365,385,268,139,69,336,291,354,232,63,257,233,62,9,58,52,25,48,18,431,383,,,90,151,,,131,324,59,266,136,244,245,64,288,144,94,74,349,320,315,91,201,223,133,153,39,68,27,419,,126,,,b'\x11\xe8\xe1I\xef\x86\xf9\xfc\x9a\xbe\x12\xdf\x17\xaeN\x1e'
11E8E149-EF86-F9FC-9ABE-12DF17AE4E1E,2020-ncaa-d3-conf-WIAC,ncaa,5,5,3,5,3,5,5,2,7,5,3,8,3,2,3,4,4,3,7,3,4,2,2,6,6,6,3,2,4,1,1,6,2,2,1,3,3,7,5,4,3,3,7,7,,,8,8,,,5,3,5,1,4,3,1,5,2,3,2,3,3,3,1,1,1,6,1,1,6,3,7,,8,,,5,5,4,5,6,5,3,7,5,6,4,6,7,8,2,8,8,5,5,6,6,6,5,5,5,3,2,6,1,4,1,3,4,2,2,3,5,5,8,4,,,6,7,,,5,6,5,5,5,6,5,4,5,3,6,6,7,8,8,6,7,3,8,6,5,2,5,8,,5,,,b'\x11\xe8\xe1I\xef\x86\xf9\xfc\x9a\xbe\x12\xdf\x17\xaeN\x1e'
11E8E149-EF86-F9FC-9ABE-12DF17AE4E1E,2020-ncaa-d3-natl,ncaa,170,163,198,177,198,172,158,157,181,153,150,185,167,193,152,231,189,195,187,203,274,167,209,170,178,145,236,203,256,61,31,318,69,193,54,159,202,92,83,88,256,211,378,372,,,323,408,,,169,305,362,3,117,108,97,114,122,164,189,177,196,201,105,160,41,340,151,135,99,253,385,,351,,,169,207,192,59,381,239,95,384,140,115,239,193,327,285,380,291,354,76,77,367,386,360,202,124,324,26,69,91,31,43,54,107,70,251,194,167,133,124,376,342,,,277,311,,,169,127,75,301,169,245,222,64,256,101,156,126,332,299,306,89,78,27,103,48,127,245,140,382,,281,,,b'\x11\xe8\xe1I\xef\x86\xf9\xfc\x9a\xbe\x12\xdf\x17\xaeN\x1e'
11E8E149-EF86-F9FC-9ABE-12DF17AE4E1E,2021-ncaa-d3-conf-WIAC,ncaa,6,6,5,6,7,6,5,6,4,5,3,5,7,7,5,7,8,6,7,6,6,6,3,5,6,8,8,7,8,2,1,8,8,4,5,4,5,8,8,8,4,4,8,8,,,7,7,,,8,6,2,7,5,4,3,2,1,7,6,7,5,5,3,1,1,8,1,4,8,3,8,,8,,,8,8,7,4,6,7,5,7,3,5,5,4,7,7,6,7,8,5,5,6,7,7,2,2,6,8,8,3,1,4,5,4,4,5,4,6,8,8,8,8,,,4,6,,,8,3,7,8,8,8,7,7,7,7,6,7,8,8,8,7,7,8,3,7,5,5,8,8,,3,,,b'\x11\xe8\xe1I\xef\x86\xf9\xfc\x9a\xbe\x12\xdf\x17\xaeN\x1e'
11E8E149-EF86-F9FC-9ABE-12DF17AE4E1E,2021-ncaa-d3-natl,ncaa,176,214,146,210,159,144,137,153,101,125,128,130,155,174,83,227,151,140,195,140,183,153,148,115,132,165,211,192,176,106,47,174,188,158,106,158,240,173,217,218,168,206,219,264,,,180,261,,,232,155,117,109,131,108,131,76,74,172,223,154,138,139,131,80,65,212,146,181,229,199,263,,255,,,220,184,166,137,237,168,134,235,166,143,227,151,207,188,255,184,224,140,132,242,258,271,184,139,213,136,188,107,47,116,106,118,18,189,246,189,204,243,254,276,,,136,118,,,232,129,148,266,226,259,228,186,213,158,220,184,263,246,241,216,153,151,62,87,104,252,251,280,,88,,,b'\x11\xe8\xe1I\xef\x86\xf9\xfc\x9a\xbe\x12\xdf\x17\xaeN\x1e'
11E8E149-EF86-F9FC-9ABE-12DF17AE4E1E,2022-ncaa-d3-conf-WIAC,ncaa,4,3,7,4,7,5,5,7,1,3,3,3,8,7,7,8,3,1,8,1,3,6,5,3,3,3,8,8,2,2,2,8,6,5,1,3,2,6,6,3,4,3,6,6,,,4,5,,,5,7,2,6,3,3,4,1,2,8,8,2,1,1,2,2,2,7,4,2,6,2,5,,6,,,5,4,4,3,6,5,3,7,3,3,4,4,3,1,8,1,1,2,2,6,7,6,3,3,2,4,6,1,2,2,1,3,3,4,2,4,6,7,4,5,,,4,3,,,5,3,4,7,5,6,7,6,5,6,5,6,3,2,2,4,6,6,1,1,7,2,8,6,,2,,,b'\x11\xe8\xe1I\xef\x86\xf9\xfc\x9a\xbe\x12\xdf\x17\xaeN\x1e'
11E8E149-EF86-F9FC-9ABE-12DF17AE4E1E,2022-ncaa-d3-natl,ncaa,168,182,188,184,231,127,135,294,13,74,171,26,340,380,141,395,29,17,235,17,42,247,254,35,30,56,351,396,57,276,163,312,104,300,112,140,196,208,242,158,238,225,259,261,,,332,394,,,226,244,244,290,93,104,371,45,160,355,401,21,12,12,283,296,302,370,359,126,204,250,281,,345,,,226,355,355,165,415,342,144,406,330,227,390,269,271,179,427,174,233,157,155,414,419,408,199,241,172,51,104,59,163,46,112,245,98,240,233,276,224,228,286,258,,,54,15,,,226,190,70,375,218,342,346,133,327,129,322,217,273,182,167,126,103,37,17,16,242,262,216,287,,27,,,b'\x11\xe8\xe1I\xef\x86\xf9\xfc\x9a\xbe\x12\xdf\x17\xaeN\x1e'
11E8E149-EF86-F9FC-9ABE-12DF17AE4E1E,2023-ncaa-d3-conf-WIAC,ncaa,3,2,4,2,5,3,3,3,2,3,3,1,6,6,4,5,1,1,2,1,1,3,3,2,1,1,4,8,1,1,1,5,7,3,1,1,2,5,3,1,1,1,5,5,,,5,4,,,3,4,2,2,1,2,2,2,4,3,5,1,1,1,1,1,1,4,2,1,5,1,5,,6,,,3,7,7,5,7,8,6,6,7,4,8,3,1,1,7,1,1,5,5,7,7,8,3,4,1,5,7,1,1,1,1,8,8,4,7,8,6,7,7,6,,,1,1,,,3,5,1,8,3,8,8,7,8,8,7,4,2,2,2,7,7,7,1,1,8,5,7,7,,1,,,b'\x11\xe8\xe1I\xef\x86\xf9\xfc\x9a\xbe\x12\xdf\x17\xaeN\x1e'
11E8E149-EF86-F9FC-9ABE-12DF17AE4E1E,2023-ncaa-d3-natl,ncaa,107,85,185,101,203,130,157,242,76,175,296,38,126,128,163,129,62,63,145,63,33,208,254,64,52,57,140,187,100,198,118,310,123,280,113,201,271,116,121,158,149,110,277,262,,,268,350,,,117,264,287,77,84,124,244,158,320,117,119,42,47,48,190,251,187,353,292,193,119,143,289,,295,,,111,186,205,105,340,186,108,303,280,180,390,261,138,122,281,117,183,94,122,355,349,286,245,303,139,62,123,67,118,48,113,164,134,158,101,152,89,103,288,324,,,52,12,,,117,159,52,241,112,192,221,89,193,102,271,179,137,114,107,75,107,68,60,48,175,148,94,297,,30,,,b'\x11\xe8\xe1I\xef\x86\xf9\xfc\x9a\xbe\x12\xdf\x17\xaeN\x1e'
11E8E149-EF86-F9FC-9ABE-12DF17AE4E1E,2024-ncaa-d3-conf-WIAC,ncaa,2,3,1,3,1,1,1,1,1,1,1,1,2,2,4,4,1,1,5,1,1,1,1,1,1,2,5,5,5,2,2,1,6,1,1,1,1,8,7,2,4,7,5,6,,,7,6,,,2,1,2,4,1,1,6,1,7,3,4,3,2,2,6,2,4,1,2,1,8,7,6,,6,,,3,7,7,8,2,7,8,4,6,6,2,5,7,7,4,7,4,8,8,2,2,3,4,4,6,6,6,3,2,7,1,3,2,3,5,3,8,7,5,4,,,1,3,,,2,8,2,3,3,4,4,6,5,5,4,6,4,5,4,6,6,6,1,2,2,4,8,4,,2,,,b'\x11\xe8\xe1I\xef\x86\xf9\xfc\x9a\xbe\x12\xdf\x17\xaeN\x1e'
11E8E149-EF86-F9FC-9ABE-12DF17AE4E1E,2024-ncaa-d3-natl,ncaa,30,87,5,70,7,10,14,46,11,44,194,3,13,15,64,48,23,32,55,28,41,42,36,6,6,15,106,99,243,128,136,36,54,63,70,8,57,333,190,56,116,208,244,271,,,422,387,,,35,21,314,386,41,67,302,140,391,46,63,103,169,167,281,330,291,266,287,39,143,270,315,,317,,,45,390,358,373,246,322,284,292,381,402,196,330,391,376,370,375,325,387,391,258,297,257,317,273,309,179,54,245,136,216,70,189,27,62,133,73,315,189,170,161,,,15,95,,,35,402,16,194,48,131,114,48,100,36,213,225,254,200,188,48,58,33,12,20,45,213,142,62,,175,,,b'\x11\xe8\xe1I\xef\x86\xf9\xfc\x9a\xbe\x12\xdf\x17\xaeN\x1e'
11E8E149-EF86-F9FC-9ABE-12DF17AE4E1E,2025-ncaa-d3-conf-WIAC,genius_ncaa,3,2,3,2,4,2,2,4,1,2,4,1,4,5,2,7,1,1,1,1,1,3,3,1,1,1,3,7,1,6,5,4,7,5,4,1,1,7,6,2,3,5,5,6,,,7,7,,7,2,3,1,6,1,1,7,1,5,4,7,1,1,1,4,2,6,5,6,1,6,5,6,,7,,8,2,6,6,6,3,6,5,8,2,5,1,6,8,8,7,8,7,6,6,3,4,3,3,1,7,8,7,2,5,5,4,3,1,2,4,2,8,7,5,4,,,2,2,,7,2,6,1,5,2,8,6,6,8,5,2,6,8,7,8,8,8,8,1,4,3,3,7,3,,1,,8,b'\x11\xe8\xe1I\xef\x86\xf9\xfc\x9a\xbe\x12\xdf\x17\xaeN\x1e'
11E8E149-EF86-F9FC-9ABE-12DF17AE4E1E,2025-ncaa-d3-natl,genius_ncaa,30,75,3,60,7,7,16,69,6,27,125,5,43,79,30,183,4,6,77,6,21,45,45,6,4,7,158,203,121,252,294,80,95,148,187,34,185,301,175,93,69,122,250,286,,,416,406,,419,63,17,318,208,47,72,369,103,339,112,220,37,61,59,321,366,385,365,398,88,119,181,329,,363,,418,78,406,392,366,355,391,293,385,319,365,163,277,400,380,397,383,337,381,385,348,374,317,216,153,290,187,95,290,294,248,187,266,64,52,99,104,278,173,240,181,,,2,10,,109,63,398,23,259,80,179,168,38,187,37,158,171,296,216,229,43,60,44,31,31,92,155,122,106,,43,,202,b'\x11\xe8\xe1I\xef\x86\xf9\xfc\x9a\xbe\x12\xdf\x17\xaeN\x1e'
11E8E149-EF86-F9FC-9ABE-12DF17AE4E1E,2026-ncaa-d3-natl,genius_ncaa,54,68,116,75,139,78,75,166,27,56,113,55,170,263,61,327,72,88,163,87,158,159,163,42,43,51,297,294,190,114,34,261,191,208,73,44,92,221,171,72,34,20,178,165,,,319,345,,412,39,178,235,113,51,63,203,50,112,219,317,83,99,95,171,194,125,360,273,39,174,31,214,,321,,411,44,184,166,149,246,165,144,239,198,180,239,228,196,224,109,230,307,160,228,247,237,99,240,230,239,147,191,110,34,114,73,149,151,44,18,33,228,192,226,183,,,172,216,,291,39,244,42,83,36,84,96,37,101,61,147,108,156,185,195,39,141,104,22,36,96,31,192,213,,209,,326,b'\x11\xe8\xe1I\xef\x86\xf9\xfc\x9a\xbe\x12\xdf\x17\xaeN\x1e'
11E8E149-EF8B-C7D4-9ABE-12DF17AE4E1E,2018-ncaa-d3-conf-UMAC,ncaa,1,1,1,1,2,2,1,1,1,1,1,2,7,7,2,8,2,2,5,2,8,1,1,2,3,3,8,8,8,1,1,1,1,1,1,2,5,4,3,2,1,1,5,5,,,6,5,,,1,2,3,3,2,1,2,1,1,7,7,4,4,4,2,2,1,2,1,2,3,1,5,,4,,,1,1,1,5,1,1,3,3,2,5,1,5,4,5,1,5,5,5,8,1,1,1,4,2,8,3,1,1,1,1,1,1,1,1,1,1,1,1,1,1,,,4,8,,,1,8,1,1,1,1,1,1,1,1,2,3,3,3,3,1,5,2,1,1,1,1,1,1,,7,,,b'\x11\xe8\xe1I\xef\x8b\xc7\xd4\x9a\xbe\x12\xdf\x17\xaeN\x1e'
11E8E149-EF8B-C7D4-9ABE-12DF17AE4E1E,2018-ncaa-d3-natl,ncaa,31,37,43,39,65,40,22,47,33,7,16,56,293,354,133,407,120,95,259,94,346,51,50,77,86,92,419,395,338,23,7,91,114,38,17,48,229,320,155,97,52,61,173,179,,,355,271,,,36,71,200,423,57,24,95,11,27,347,403,193,165,164,94,110,40,226,65,63,195,68,216,,240,,,40,217,190,284,123,187,220,166,247,334,78,315,295,282,274,282,287,296,359,113,139,67,280,247,305,186,114,79,7,99,17,196,198,48,57,67,219,94,33,6,,,149,355,,,36,380,37,60,40,85,80,80,89,75,166,234,176,165,158,83,187,94,10,27,112,64,113,11,,310,,,b'\x11\xe8\xe1I\xef\x8b\xc7\xd4\x9a\xbe\x12\xdf\x17\xaeN\x1e'
11E8E149-EF8B-C7D4-9ABE-12DF17AE4E1E,2019-ncaa-d3-conf-UMAC,ncaa,1,1,1,1,2,2,2,1,4,1,1,4,4,6,1,7,2,2,1,2,4,2,2,4,3,2,4,6,4,1,1,3,1,2,1,4,5,2,1,2,1,1,6,4,,,8,7,,,1,2,8,2,2,2,2,2,2,4,7,2,2,2,2,4,1,4,2,4,1,1,6,,7,,,1,2,2,3,4,3,1,4,3,4,1,5,8,8,5,8,9,2,7,4,4,3,8,3,9,2,1,1,1,1,1,2,3,1,2,2,1,1,2,1,,,2,4,,,1,7,2,2,1,2,1,1,2,1,1,3,6,6,6,1,1,1,1,1,1,2,1,2,,4,,,b'\x11\xe8\xe1I\xef\x8b\xc7\xd4\x9a\xbe\x12\xdf\x17\xaeN\x1e'
11E8E149-EF8B-C7D4-9ABE-12DF17AE4E1E,2019-ncaa-d3-natl,ncaa,24,7,129,12,152,49,53,157,17,53,106,43,123,275,10,314,61,126,31,120,196,138,155,17,16,16,250,240,233,109,38,218,53,165,36,46,124,178,129,45,70,37,240,194,,,303,344,,,25,179,256,106,28,22,151,32,117,123,297,61,134,130,136,181,119,262,183,30,149,56,260,,277,,,18,112,93,99,142,87,97,171,178,215,169,290,292,246,377,235,328,100,184,156,201,112,336,243,354,38,53,46,38,35,36,148,274,89,49,78,80,51,29,11,,,179,213,,,25,261,12,74,20,90,63,44,72,50,161,177,264,212,206,49,102,26,26,21,126,89,62,19,,202,,,b'\x11\xe8\xe1I\xef\x8b\xc7\xd4\x9a\xbe\x12\xdf\x17\xaeN\x1e'
11E8E149-EF8B-C7D4-9ABE-12DF17AE4E1E,2020-ncaa-d3-conf-UMAC,ncaa,2,2,1,2,2,3,2,2,3,2,2,6,4,6,2,6,3,4,3,5,6,3,4,3,3,3,5,5,9,1,1,5,5,4,4,2,3,1,1,1,1,1,3,3,,,9,9,,,2,5,9,4,4,2,4,2,4,4,6,7,6,6,4,7,2,8,6,2,1,2,3,,8,,,2,4,2,2,5,4,2,5,3,3,3,3,9,9,6,9,9,3,4,5,5,4,6,3,9,4,5,5,1,5,4,5,7,2,2,2,1,2,3,3,,,5,7,,,2,4,1,4,2,2,1,1,3,2,2,2,7,7,6,1,1,3,3,3,4,3,1,3,,7,,,b'\x11\xe8\xe1I\xef\x8b\xc7\xd4\x9a\xbe\x12\xdf\x17\xaeN\x1e'
11E8E149-EF8B-C7D4-9ABE-12DF17AE4E1E,2020-ncaa-d3-natl,ncaa,118,111,126,118,167,103,88,151,46,74,112,87,150,240,50,286,178,237,77,240,332,162,191,61,60,51,289,239,310,110,64,349,308,271,182,54,67,124,110,32,59,43,170,150,,,409,418,,,112,232,291,272,88,68,173,62,126,174,267,196,276,272,186,251,129,411,328,30,97,66,183,,401,,,112,234,165,85,306,227,143,317,90,98,176,112,407,399,333,398,409,141,198,281,337,254,252,66,411,204,308,76,64,105,182,292,355,101,84,184,208,203,64,38,,,252,289,,,112,210,44,258,108,203,146,43,193,107,77,68,396,384,384,90,135,191,54,83,246,115,184,52,,305,,,b'\x11\xe8\xe1I\xef\x8b\xc7\xd4\x9a\xbe\x12\xdf\x17\xaeN\x1e'
11E8E149-EF8B-C7D4-9ABE-12DF17AE4E1E,2021-ncaa-d3-conf-UMAC,ncaa,5,6,6,5,6,6,6,6,5,6,5,5,8,8,7,9,3,5,3,5,2,6,7,5,5,5,9,9,1,6,3,6,3,6,4,6,5,3,5,5,4,3,4,3,,,7,8,,,5,7,7,3,5,5,5,2,1,9,9,2,2,2,3,5,2,7,4,5,5,3,4,,8,,,5,2,2,3,3,2,3,3,3,2,8,1,8,8,6,8,9,3,4,3,4,4,9,3,9,3,3,3,3,3,4,2,5,5,3,3,4,7,2,1,,,6,2,,,5,4,5,4,5,3,1,1,2,3,3,1,9,9,9,3,4,3,2,2,2,3,7,2,,2,,,b'\x11\xe8\xe1I\xef\x8b\xc7\xd4\x9a\xbe\x12\xdf\x17\xaeN\x1e'
11E8E149-EF8B-C7D4-9ABE-12DF17AE4E1E,2021-ncaa-d3-natl,ncaa,128,183,112,164,128,120,114,130,92,85,87,106,207,199,226,276,75,90,71,86,138,127,129,138,120,127,266,278,42,120,102,151,144,141,131,106,79,148,140,101,92,97,105,99,,,203,268,,,132,132,154,100,130,119,186,42,35,270,276,49,59,57,143,154,145,219,202,95,125,104,110,,251,,,134,153,130,130,158,147,150,123,121,111,199,37,238,237,174,235,274,142,151,147,193,159,193,58,277,142,144,136,102,136,131,151,176,103,93,111,187,204,82,20,,,119,103,,,132,152,127,152,132,139,89,38,113,111,70,34,275,270,269,91,118,91,68,74,130,106,196,31,,114,,,b'\x11\xe8\xe1I\xef\x8b\xc7\xd4\x9a\xbe\x12\xdf\x17\xaeN\x1e'
11E8E149-EF8B-C7D4-9ABE-12DF17AE4E1E,2022-ncaa-d3-conf-UMAC,ncaa,5,5,5,5,5,5,5,7,4,4,2,5,7,7,3,7,6,6,7,6,6,7,7,4,4,5,7,6,7,1,1,7,4,6,3,5,3,4,6,5,4,4,5,4,,,8,8,,,5,8,7,5,5,5,6,3,2,6,7,6,5,5,6,6,1,7,5,5,6,3,5,,8,,,5,2,1,1,5,2,2,5,1,1,3,2,8,8,7,8,8,1,1,5,6,5,7,1,8,2,4,2,1,2,3,1,6,4,3,4,4,5,3,1,,,7,7,,,5,1,5,5,5,5,2,1,3,2,1,1,8,8,8,2,2,3,2,2,3,3,6,3,,7,,,b'\x11\xe8\xe1I\xef\x8b\xc7\xd4\x9a\xbe\x12\xdf\x17\xaeN\x1e'
11E8E149-EF8B-C7D4-9ABE-12DF17AE4E1E,2022-ncaa-d3-natl,ncaa,328,385,107,351,162,185,191,235,148,174,173,208,202,295,64,299,159,193,133,181,217,232,196,160,151,205,228,242,168,173,79,335,217,280,163,178,174,339,325,256,119,93,216,175,,,421,429,,,279,214,321,290,234,233,343,217,218,245,333,189,218,209,343,294,205,418,374,219,291,136,249,,419,,,270,349,217,90,365,235,100,374,173,148,293,147,427,424,415,424,428,165,179,366,411,382,361,93,427,104,217,89,79,92,163,229,217,173,148,186,333,322,96,75,,,193,211,,,279,206,199,358,280,286,143,8,171,30,127,81,428,422,422,62,68,72,24,30,174,213,298,59,,247,,,b'\x11\xe8\xe1I\xef\x8b\xc7\xd4\x9a\xbe\x12\xdf\x17\xaeN\x1e'
11E8E149-EF8B-C7D4-9ABE-12DF17AE4E1E,2023-ncaa-d3-conf-UMAC,ncaa,3,3,3,3,3,6,5,5,6,6,5,6,6,6,4,6,4,5,4,5,4,4,6,6,6,6,3,5,2,1,1,4,3,3,2,6,6,5,6,6,3,2,5,5,,,7,8,,,3,8,8,1,7,8,6,7,5,5,7,3,3,3,6,8,1,6,3,7,4,3,5,,8,,,3,1,1,1,4,2,2,4,1,1,1,3,5,6,3,6,8,1,1,4,4,3,2,2,8,2,3,3,1,2,2,2,3,3,2,1,4,4,2,3,,,4,2,,,3,1,4,2,3,2,1,1,3,2,1,1,3,5,5,1,1,2,4,2,2,2,4,2,,3,,,b'\x11\xe8\xe1I\xef\x8b\xc7\xd4\x9a\xbe\x12\xdf\x17\xaeN\x1e'
11E8E149-EF8B-C7D4-9ABE-12DF17AE4E1E,2023-ncaa-d3-natl,ncaa,248,247,271,257,290,314,324,352,278,326,335,313,213,259,139,199,252,252,255,253,131,346,347,264,253,279,119,150,128,198,95,378,189,340,165,358,348,204,306,343,189,112,387,365,,,317,414,,,250,373,378,152,318,336,357,339,327,202,246,225,221,226,349,343,151,417,332,365,262,165,391,,361,,,251,83,63,26,304,103,41,361,62,83,78,213,315,297,314,297,400,37,51,290,338,254,234,89,393,66,189,50,95,41,165,93,188,193,90,131,187,266,201,293,,,273,151,,,250,68,262,235,246,138,105,21,153,44,71,103,355,338,339,38,60,102,69,65,136,155,230,234,,240,,,b'\x11\xe8\xe1I\xef\x8b\xc7\xd4\x9a\xbe\x12\xdf\x17\xaeN\x1e'
11E8E149-EF8B-C7D4-9ABE-12DF17AE4E1E,2024-ncaa-d3-conf-UMAC,ncaa,1,1,1,1,3,2,2,2,3,3,3,4,3,5,1,6,3,5,1,5,7,3,3,2,2,2,6,5,6,2,2,2,1,2,1,5,8,4,3,4,4,5,3,3,,,7,8,,,1,3,7,7,4,3,4,3,3,4,5,5,5,5,5,5,3,3,3,5,2,5,3,,5,,,1,1,2,4,3,4,6,4,1,2,1,1,5,5,2,5,4,4,6,1,1,2,2,1,6,2,1,1,2,1,1,2,3,4,4,3,4,5,6,5,,,3,4,,,1,6,2,2,1,1,1,1,4,5,1,1,4,4,4,1,1,1,1,1,1,5,4,5,,5,,,b'\x11\xe8\xe1I\xef\x8b\xc7\xd4\x9a\xbe\x12\xdf\x17\xaeN\x1e'
11E8E149-EF8B-C7D4-9ABE-12DF17AE4E1E,2024-ncaa-d3-natl,ncaa,89,115,63,109,92,137,126,132,129,132,121,185,130,194,37,240,213,303,7,305,372,153,167,120,120,116,219,177,309,134,71,183,38,156,47,247,397,180,160,231,141,133,140,150,,,358,386,,,103,198,336,244,190,162,207,175,181,165,258,259,368,366,258,326,180,300,241,307,117,185,170,,313,,,107,128,150,152,174,248,224,216,48,89,39,89,237,239,199,245,225,158,182,137,143,129,77,39,287,47,38,81,71,51,47,87,58,163,139,86,240,218,170,119,,,169,175,,,103,263,106,85,89,64,88,47,172,139,27,37,171,179,181,46,48,21,22,18,51,224,183,132,,254,,,b'\x11\xe8\xe1I\xef\x8b\xc7\xd4\x9a\xbe\x12\xdf\x17\xaeN\x1e'
11E8E149-EF8B-C7D4-9ABE-12DF17AE4E1E,2025-ncaa-d3-conf-UMAC,genius_ncaa,1,1,1,1,1,3,3,3,3,2,3,2,3,3,2,4,6,6,2,6,8,3,2,3,3,3,4,4,7,2,1,1,1,1,1,3,4,4,3,4,4,5,4,4,,,7,6,,6,3,2,8,1,4,3,4,3,3,3,4,6,6,6,4,6,2,3,3,3,3,5,4,,6,,5,3,4,2,4,2,3,6,2,2,2,4,2,8,8,5,8,7,5,6,2,2,3,5,2,8,2,1,3,1,2,1,2,2,3,3,2,3,3,5,4,,,3,5,,2,3,7,3,3,3,1,1,1,3,4,2,2,8,7,7,1,1,1,2,1,2,5,3,4,,6,,2,b'\x11\xe8\xe1I\xef\x8b\xc7\xd4\x9a\xbe\x12\xdf\x17\xaeN\x1e'
11E8E149-EF8B-C7D4-9ABE-12DF17AE4E1E,2025-ncaa-d3-natl,genius_ncaa,102,118,55,118,57,130,113,153,70,158,229,89,67,94,60,95,286,325,83,326,337,181,203,58,69,79,156,81,376,235,139,203,35,223,53,176,316,130,131,152,242,245,235,256,,,267,320,,180,109,204,379,26,169,136,248,205,319,78,129,341,382,386,309,377,299,313,328,233,81,307,271,,202,,162,112,178,142,141,191,208,212,189,81,92,139,94,336,322,263,314,305,176,153,170,207,235,182,78,357,21,35,53,139,34,53,58,38,250,242,135,112,122,205,230,,,285,307,,100,109,231,92,158,102,93,79,44,123,116,54,46,297,280,268,59,29,15,19,8,34,333,80,164,,375,,122,b'\x11\xe8\xe1I\xef\x8b\xc7\xd4\x9a\xbe\x12\xdf\x17\xaeN\x1e'
11E8E149-EF8B-C7D4-9ABE-12DF17AE4E1E,2026-ncaa-d3-natl,genius_ncaa,288,268,215,305,325,367,356,354,303,342,320,305,329,327,289,242,368,385,84,382,390,361,323,313,306,358,289,238,281,277,61,303,99,303,38,382,386,279,390,392,339,295,145,84,,,171,335,,324,315,330,375,406,391,374,400,345,324,329,333,389,407,405,407,374,236,297,290,392,345,346,128,,245,,366,321,124,89,109,104,86,87,156,142,195,97,319,274,181,410,180,315,115,89,106,190,267,341,217,383,63,99,41,61,46,38,37,21,367,351,152,211,317,180,266,,,350,344,,62,315,97,352,223,312,135,72,115,76,75,176,277,344,231,232,124,39,59,7,11,15,385,258,208,,385,,43,b'\x11\xe8\xe1I\xef\x8b\xc7\xd4\x9a\xbe\x12\xdf\x17\xaeN\x1e'
11E8E149-EF91-3D2C-9ABE-12DF17AE4E1E,2018-ncaa-d3-conf-WIAC,ncaa,1,1,2,1,2,1,2,1,2,1,1,3,7,8,5,8,1,1,4,1,4,1,1,4,4,1,8,8,2,1,2,4,3,2,4,2,4,1,1,1,1,1,4,4,,,7,6,,,1,2,5,3,1,2,2,1,1,7,8,1,1,1,1,3,2,4,2,2,2,1,5,,6,,,1,3,4,3,3,5,3,4,4,5,4,4,3,4,3,4,5,3,7,2,2,1,4,5,6,3,3,6,2,5,4,3,3,1,1,1,1,1,6,3,,,1,2,,,1,7,1,1,1,3,1,3,3,4,3,4,3,2,2,3,4,3,5,4,2,1,1,5,,1,,,"b'\x11\xe8\xe1I\xef\x91=,\x9a\xbe\x12\xdf\x17\xaeN\x1e'"
11E8E149-EF91-3D2C-9ABE-12DF17AE4E1E,2018-ncaa-d3-natl,ncaa,14,19,17,18,36,35,40,41,99,22,25,101,261,272,247,373,10,26,56,28,178,38,61,142,100,56,340,384,78,70,112,85,44,69,80,159,399,129,34,123,59,70,199,217,,,421,405,,,39,59,287,301,85,96,167,49,74,330,360,31,70,75,121,251,153,285,221,274,32,102,273,,341,,,46,261,240,239,212,289,259,271,138,243,48,206,344,332,339,330,312,269,346,192,230,123,182,103,341,83,44,329,112,220,80,104,48,51,54,35,23,3,211,63,,,18,56,,,39,386,43,80,43,75,77,29,115,59,60,112,207,174,172,31,62,25,136,60,35,102,5,102,,71,,,"b'\x11\xe8\xe1I\xef\x91=,\x9a\xbe\x12\xdf\x17\xaeN\x1e'"
11E8E149-EF91-3D2C-9ABE-12DF17AE4E1E,2019-ncaa-d3-conf-WIAC,ncaa,2,2,1,2,1,4,3,3,4,2,2,6,6,7,3,7,5,6,2,5,7,3,2,6,6,6,7,6,6,2,2,2,2,2,2,3,4,6,5,4,6,6,2,2,,,6,5,,,3,2,7,4,6,5,5,3,3,7,7,7,7,7,5,6,2,2,2,4,5,7,2,,3,,,3,4,5,5,2,5,6,2,4,4,3,3,7,6,6,6,3,5,6,2,3,3,5,4,8,2,2,5,2,4,2,4,4,5,7,5,2,3,1,1,,,5,6,,,3,7,4,3,3,3,3,3,5,5,2,3,5,4,4,3,2,2,3,2,3,8,2,1,,7,,,"b'\x11\xe8\xe1I\xef\x91=,\x9a\xbe\x12\xdf\x17\xaeN\x1e'"
11E8E149-EF91-3D2C-9ABE-12DF17AE4E1E,2019-ncaa-d3-natl,ncaa,101,134,42,125,53,107,97,63,169,77,66,193,221,224,226,311,127,167,99,164,306,75,92,211,202,160,324,314,231,90,107,133,28,103,74,223,401,198,93,224,231,275,50,53,,,415,424,,,160,106,339,212,194,174,176,129,127,299,313,205,252,252,192,274,165,284,233,333,83,317,64,,355,,,165,314,227,236,213,242,276,190,206,180,267,136,410,393,362,391,361,299,286,204,269,260,294,149,395,52,28,230,107,146,74,132,70,189,219,137,34,10,78,27,,,117,207,,,160,335,147,188,165,145,113,54,135,117,125,83,352,313,309,72,47,17,86,41,68,295,13,41,,246,,,"b'\x11\xe8\xe1I\xef\x91=,\x9a\xbe\x12\xdf\x17\xaeN\x1e'"
11E8E149-EF91-3D2C-9ABE-12DF17AE4E1E,2020-ncaa-d3-conf-WIAC,ncaa,1,1,3,1,5,4,3,3,3,1,2,2,5,6,6,7,5,7,2,6,8,4,4,4,4,3,8,8,7,2,3,3,6,3,2,3,4,2,2,2,2,2,1,1,,,5,6,,,1,4,1,7,3,1,2,1,1,6,7,5,7,6,2,3,2,1,2,1,3,2,1,,7,,,1,1,1,3,1,1,4,1,2,3,3,4,5,6,3,6,7,4,4,1,1,1,7,7,8,7,6,5,3,5,2,2,7,1,1,1,3,4,1,1,,,7,6,,,1,4,3,1,1,1,1,2,1,4,2,4,5,5,5,4,6,7,4,7,2,1,4,1,,6,,,"b'\x11\xe8\xe1I\xef\x91=,\x9a\xbe\x12\xdf\x17\xaeN\x1e'"
11E8E149-EF91-3D2C-9ABE-12DF17AE4E1E,2020-ncaa-d3-natl,ncaa,24,15,65,23,94,94,61,94,65,34,44,67,293,289,277,346,139,225,20,222,371,116,141,128,111,72,400,382,270,179,182,86,63,117,103,143,321,113,72,85,106,110,17,11,,,313,314,,,38,128,293,196,113,74,152,30,71,330,335,189,301,293,172,269,222,128,185,170,57,136,19,,253,,,36,74,54,184,34,66,179,29,173,221,105,246,240,247,201,249,264,190,237,33,43,35,339,280,334,134,63,227,182,175,103,88,188,110,100,60,69,45,64,27,,,177,224,,,38,290,83,30,37,26,23,75,29,90,122,158,183,182,185,73,96,88,128,94,65,156,42,40,,252,,,"b'\x11\xe8\xe1I\xef\x91=,\x9a\xbe\x12\xdf\x17\xaeN\x1e'"
11E8E149-EF91-3D2C-9ABE-12DF17AE4E1E,2021-ncaa-d3-conf-WIAC,ncaa,2,3,1,3,1,3,2,1,6,1,1,3,4,3,7,4,4,4,4,4,7,1,1,6,7,6,7,6,6,1,2,2,6,1,4,2,3,7,5,3,1,1,1,1,,,8,8,,,3,1,3,1,3,3,1,1,2,6,4,6,6,6,2,2,2,5,2,2,5,1,1,,7,,,3,6,4,7,1,3,6,2,5,7,3,7,8,8,5,8,7,8,8,1,3,1,8,5,8,6,6,7,2,7,4,8,8,1,1,1,5,5,2,2,,,2,4,,,3,8,4,1,3,2,1,2,1,1,3,4,6,5,5,2,6,5,7,6,6,1,5,2,,4,,,"b'\x11\xe8\xe1I\xef\x91=,\x9a\xbe\x12\xdf\x17\xaeN\x1e'"
11E8E149-EF91-3D2C-9ABE-12DF17AE4E1E,2021-ncaa-d3-natl,ncaa,50,92,81,73,82,84,85,79,118,81,77,111,109,98,172,157,94,113,40,114,213,85,90,128,134,113,198,183,149,70,78,115,63,101,99,103,184,151,82,99,64,45,24,8,,,223,271,,,67,96,193,11,106,94,80,72,83,157,140,130,175,176,83,121,81,204,151,131,79,63,16,,249,,,80,168,143,153,124,129,141,106,184,171,200,194,211,189,253,189,217,157,173,142,181,107,258,206,240,126,63,182,78,156,99,182,244,62,31,74,117,48,132,73,,,88,106,,,67,186,92,84,82,88,51,26,43,26,169,116,202,162,152,32,75,38,109,70,142,49,44,83,,104,,,"b'\x11\xe8\xe1I\xef\x91=,\x9a\xbe\x12\xdf\x17\xaeN\x1e'"
11E8E149-EF91-3D2C-9ABE-12DF17AE4E1E,2022-ncaa-d3-conf-WIAC,ncaa,1,1,1,1,1,1,1,1,5,1,1,5,3,3,5,4,2,2,5,2,7,1,1,7,8,4,6,5,6,1,1,2,5,1,3,1,1,7,3,2,1,1,2,2,,,8,7,,,1,1,1,3,1,1,1,2,1,4,4,3,3,3,1,1,1,6,1,1,5,1,2,,8,,,1,6,5,7,3,3,5,2,8,7,7,7,6,5,7,5,6,7,8,3,4,1,8,8,5,6,5,7,1,7,3,7,8,1,1,1,7,3,5,2,,,1,8,,,1,8,3,1,2,3,2,2,2,2,7,5,6,3,3,2,7,5,7,7,4,1,5,2,,4,,,"b'\x11\xe8\xe1I\xef\x91=,\x9a\xbe\x12\xdf\x17\xaeN\x1e'"
11E8E149-EF91-3D2C-9ABE-12DF17AE4E1E,2022-ncaa-d3-natl,ncaa,2,39,1,25,1,3,3,1,118,5,1,158,30,36,65,231,5,5,148,4,251,1,1,110,116,85,209,180,262,1,40,13,97,3,99,10,178,379,54,60,3,15,5,22,,,428,309,,,17,1,239,31,53,50,54,80,82,98,166,139,150,145,51,106,49,329,177,83,84,27,30,,266,,,34,417,407,423,178,387,414,128,411,396,336,226,398,369,400,368,183,423,426,198,217,86,305,285,256,323,97,423,40,414,99,386,214,3,13,33,304,48,377,130,,,1,274,,,17,429,53,63,43,82,81,33,74,64,182,109,157,91,91,25,130,49,162,101,123,32,71,194,,207,,,"b'\x11\xe8\xe1I\xef\x91=,\x9a\xbe\x12\xdf\x17\xaeN\x1e'"
11E8E149-EF91-3D2C-9ABE-12DF17AE4E1E,2023-ncaa-d3-conf-WIAC,ncaa,1,1,2,1,3,2,2,2,1,2,2,4,3,7,1,8,2,2,3,2,4,2,2,1,2,2,6,7,3,3,2,2,8,2,3,3,5,8,5,4,2,4,2,3,,,8,5,,,1,2,3,7,2,3,5,3,2,5,8,2,2,2,3,3,3,3,3,3,7,3,2,,4,,,1,6,6,7,3,7,7,4,1,3,1,1,8,8,2,8,5,7,7,2,3,3,1,1,7,8,8,2,2,5,3,6,3,1,5,3,5,4,1,1,,,2,2,,,1,7,2,3,1,3,4,6,6,7,1,2,7,8,8,6,6,8,2,2,4,3,5,1,,2,,,"b'\x11\xe8\xe1I\xef\x91=,\x9a\xbe\x12\xdf\x17\xaeN\x1e'"
11E8E149-EF91-3D2C-9ABE-12DF17AE4E1E,2023-ncaa-d3-natl,ncaa,26,62,7,54,12,33,39,61,44,41,63,71,89,161,23,278,37,51,83,46,171,54,40,44,37,59,230,219,180,119,165,70,133,81,128,148,388,323,191,238,95,155,34,62,,,390,322,,,91,33,318,288,111,117,298,119,229,165,295,124,173,169,286,323,250,317,306,282,155,195,71,,248,,,106,381,360,347,280,378,382,254,208,189,246,85,387,379,316,380,288,372,386,260,285,225,173,101,322,228,133,290,165,279,128,182,45,64,118,76,184,90,165,74,,,23,53,,,91,395,62,195,102,136,133,49,186,135,77,52,281,246,249,66,79,99,55,52,58,178,72,64,,105,,,"b'\x11\xe8\xe1I\xef\x91=,\x9a\xbe\x12\xdf\x17\xaeN\x1e'"
11E8E149-EF91-3D2C-9ABE-12DF17AE4E1E,2024-ncaa-d3-conf-WIAC,ncaa,2,2,4,2,5,4,4,3,6,4,4,4,5,3,7,3,3,2,3,2,2,2,2,6,5,6,4,4,1,1,1,4,4,2,2,3,3,6,5,4,1,1,3,3,,,4,4,,,3,3,1,4,2,3,1,3,2,5,2,1,1,1,1,1,1,4,1,3,5,1,3,,4,,,2,3,3,3,3,4,4,5,1,3,1,3,6,6,5,6,7,3,6,1,3,1,1,1,7,5,4,5,1,4,2,2,5,1,1,2,6,5,6,6,,,2,4,,,3,6,4,1,2,2,2,3,4,4,1,4,6,6,6,3,5,5,5,4,3,1,6,6,,1,,,"b'\x11\xe8\xe1I\xef\x91=,\x9a\xbe\x12\xdf\x17\xaeN\x1e'"
11E8E149-EF91-3D2C-9ABE-12DF17AE4E1E,2024-ncaa-d3-natl,ncaa,15,30,8,30,13,26,32,43,60,56,116,29,41,41,128,105,29,46,41,46,105,41,41,49,40,43,160,162,193,63,98,56,109,56,92,46,170,282,138,95,65,123,78,94,,,388,300,,,44,35,299,244,71,97,205,141,312,98,105,94,165,173,204,268,174,258,216,114,119,151,128,,222,,,55,343,314,339,192,315,290,269,242,352,62,266,347,330,330,332,276,355,381,184,208,143,224,166,291,225,109,308,98,282,92,195,62,46,78,57,250,124,200,139,,,21,93,,,44,394,40,120,51,102,99,57,130,55,102,166,212,175,178,54,87,76,58,52,61,130,109,93,,144,,,"b'\x11\xe8\xe1I\xef\x91=,\x9a\xbe\x12\xdf\x17\xaeN\x1e'"
11E8E149-EF91-3D2C-9ABE-12DF17AE4E1E,2025-ncaa-d3-conf-WIAC,genius_ncaa,1,3,1,3,1,1,1,1,3,1,1,3,2,1,7,6,2,2,2,2,5,1,1,4,4,4,7,6,3,1,2,1,2,1,2,2,7,8,4,5,1,2,2,3,,,8,5,,7,3,1,7,2,3,3,2,3,2,7,4,2,3,3,2,3,2,2,1,5,5,3,3,,5,,7,3,8,8,8,2,8,8,2,6,7,3,2,7,7,1,7,4,8,8,2,2,2,1,2,4,6,2,8,2,8,2,6,2,1,5,3,5,2,3,1,,,1,6,,5,3,8,3,2,3,2,2,5,6,7,3,2,4,5,5,5,3,2,4,3,2,5,2,1,,6,,6,"b'\x11\xe8\xe1I\xef\x91=,\x9a\xbe\x12\xdf\x17\xaeN\x1e'"
11E8E149-EF91-3D2C-9ABE-12DF17AE4E1E,2025-ncaa-d3-natl,genius_ncaa,20,56,3,50,4,21,25,46,33,32,78,22,77,84,92,193,48,69,58,68,177,43,39,33,34,56,233,213,252,95,140,39,19,45,48,77,322,330,196,180,62,102,35,55,,,404,350,,417,67,27,357,38,128,113,306,123,288,174,226,159,240,235,313,343,260,266,262,209,162,167,90,,238,,414,81,370,365,364,269,349,355,239,295,279,286,189,301,255,363,256,165,360,374,266,274,216,184,195,192,67,19,307,140,202,48,124,17,60,104,52,226,99,132,60,,,51,172,,100,67,394,66,136,73,85,98,37,118,72,128,68,125,87,87,23,30,13,44,23,23,194,76,37,,255,,187,"b'\x11\xe8\xe1I\xef\x91=,\x9a\xbe\x12\xdf\x17\xaeN\x1e'"
11E8E149-EF91-3D2C-9ABE-12DF17AE4E1E,2026-ncaa-d3-natl,genius_ncaa,98,21,327,49,337,309,280,334,115,211,255,149,347,372,196,357,308,305,270,302,280,334,353,158,180,146,373,342,260,193,32,363,87,335,48,333,353,49,103,182,194,36,323,232,,,139,387,,271,113,368,314,113,139,92,122,52,54,308,345,188,188,182,124,186,50,322,163,253,104,63,269,,325,,364,85,43,44,39,249,79,53,305,15,32,27,105,122,80,396,76,223,38,43,192,251,148,76,21,333,32,87,48,32,37,48,50,160,280,55,78,63,107,320,365,,,317,185,,291,113,48,86,113,83,72,86,33,185,96,14,35,249,146,138,26,61,39,77,50,96,100,120,402,,172,,279,"b'\x11\xe8\xe1I\xef\x91=,\x9a\xbe\x12\xdf\x17\xaeN\x1e'"
11E8E149-EF95-DE4A-9ABE-12DF17AE4E1E,2018-ncaa-d3-conf-NCAC,ncaa,4,4,1,4,1,2,3,1,3,3,4,2,3,2,5,3,1,1,5,1,1,1,1,3,2,3,2,3,1,8,8,2,4,2,4,3,4,8,6,5,3,7,4,6,,,9,5,,,4,1,2,1,2,3,7,4,8,3,3,2,1,1,4,3,8,2,5,4,5,5,5,,7,,,5,9,7,9,4,6,8,4,8,9,5,6,9,9,5,9,8,9,9,4,4,6,9,7,7,6,4,8,8,8,4,7,4,3,7,5,8,6,2,3,,,1,1,,,4,9,4,4,4,6,5,8,4,6,8,9,9,9,9,8,7,5,5,5,5,5,8,2,,1,,,b'\x11\xe8\xe1I\xef\x95\xdeJ\x9a\xbe\x12\xdf\x17\xaeN\x1e'
11E8E149-EF95-DE4A-9ABE-12DF17AE4E1E,2018-ncaa-d3-natl,ncaa,138,197,43,176,49,95,132,86,213,150,134,206,113,97,184,166,48,51,116,55,91,78,86,195,165,140,132,186,96,260,357,41,126,103,230,206,347,233,131,227,164,252,199,267,,,342,200,,,185,55,157,92,175,224,217,247,272,163,164,72,105,115,181,254,363,93,236,297,121,231,254,,221,,,191,378,355,425,117,300,388,76,393,390,283,286,308,273,365,289,151,424,400,128,131,191,325,343,211,297,126,393,357,365,230,227,95,158,283,196,247,157,130,93,,,30,51,,,185,400,200,179,180,213,209,323,167,271,323,315,194,154,166,308,276,168,248,213,135,272,137,81,,64,,,b'\x11\xe8\xe1I\xef\x95\xdeJ\x9a\xbe\x12\xdf\x17\xaeN\x1e'
11E8E149-EF95-DE4A-9ABE-12DF17AE4E1E,2019-ncaa-d3-conf-NCAC,ncaa,3,3,3,3,3,2,3,3,1,3,6,1,4,4,4,4,3,3,4,2,2,3,3,1,1,2,4,5,5,9,8,2,3,5,4,2,4,5,5,3,1,1,4,5,,,5,3,,,2,2,4,1,2,2,7,2,7,3,6,3,4,3,6,5,9,2,6,2,5,1,5,,3,,,2,4,4,5,3,2,2,4,8,9,4,9,3,6,3,6,7,7,7,3,3,3,8,8,5,5,3,3,8,3,4,4,4,2,1,3,4,4,3,1,,,2,2,,,2,8,2,3,2,5,5,4,3,2,7,9,3,6,5,5,6,3,2,3,5,2,3,2,,3,,,b'\x11\xe8\xe1I\xef\x95\xdeJ\x9a\xbe\x12\xdf\x17\xaeN\x1e'
11E8E149-EF95-DE4A-9ABE-12DF17AE4E1E,2019-ncaa-d3-natl,ncaa,101,104,67,108,81,82,75,142,56,76,133,49,152,192,125,249,127,161,109,154,201,135,150,61,64,62,283,257,259,285,286,105,79,169,142,67,115,184,132,64,103,111,234,234,,,289,250,,,84,119,267,90,105,90,239,91,213,197,251,169,211,201,225,293,351,152,268,75,110,137,272,,207,,,82,197,168,250,126,141,181,123,324,331,226,328,251,276,122,267,282,257,289,146,147,136,349,338,255,144,79,224,286,189,142,122,106,134,154,103,105,83,116,81,,,88,81,,,84,317,95,109,86,115,106,120,90,90,256,276,185,207,201,118,131,83,120,98,88,191,68,74,,122,,,b'\x11\xe8\xe1I\xef\x95\xdeJ\x9a\xbe\x12\xdf\x17\xaeN\x1e'
11E8E149-EF95-DE4A-9ABE-12DF17AE4E1E,2020-ncaa-d3-conf-NCAC,ncaa,3,2,3,3,3,4,5,7,2,4,5,2,7,7,3,7,2,5,2,5,4,7,6,2,2,2,6,7,2,8,7,3,2,5,3,5,5,7,7,6,4,3,3,3,,,1,1,,,2,5,5,5,6,6,8,3,8,8,8,3,5,5,7,7,9,3,7,5,6,3,4,,1,,,2,3,3,6,3,3,6,3,4,6,4,7,2,4,1,4,4,6,5,3,2,2,5,7,3,2,2,2,7,2,3,2,1,5,5,1,4,4,4,5,,,2,2,,,2,6,3,2,2,3,4,4,4,4,5,7,2,3,3,3,4,2,2,2,2,5,4,5,,3,,,b'\x11\xe8\xe1I\xef\x95\xdeJ\x9a\xbe\x12\xdf\x17\xaeN\x1e'
11E8E149-EF95-DE4A-9ABE-12DF17AE4E1E,2020-ncaa-d3-natl,ncaa,79,85,65,88,94,151,125,217,43,64,120,55,319,345,223,349,134,227,11,240,320,221,218,92,70,111,371,378,205,348,284,201,120,281,158,157,249,250,263,198,164,179,128,146,,,117,84,,,99,153,301,196,205,160,356,74,193,356,369,180,308,317,355,374,398,304,375,198,193,212,151,,50,,,101,105,160,239,97,184,291,97,140,167,118,166,101,118,87,120,94,216,248,92,64,64,128,195,137,115,120,66,284,75,158,68,50,148,143,63,194,199,141,99,,,102,73,,,99,300,169,49,96,48,94,133,121,186,95,103,58,72,71,95,102,71,23,30,42,190,146,105,,165,,,b'\x11\xe8\xe1I\xef\x95\xdeJ\x9a\xbe\x12\xdf\x17\xaeN\x1e'
11E8E149-EF95-DE4A-9ABE-12DF17AE4E1E,2021-ncaa-d3-conf-NCAC,ncaa,2,4,2,3,2,3,3,4,2,4,4,2,1,2,1,2,4,4,4,4,3,4,4,2,2,2,2,1,5,5,6,3,4,4,3,3,2,4,6,2,4,6,1,1,,,4,5,,,3,4,5,1,5,4,6,5,6,1,3,5,5,5,6,6,6,4,6,2,3,6,1,,3,,,3,3,3,3,3,3,3,2,3,4,3,4,3,4,1,3,5,3,3,3,2,3,4,4,3,3,4,3,6,3,3,3,2,4,5,5,3,2,2,4,,,4,3,,,3,3,3,3,3,3,3,3,3,3,3,4,2,4,3,3,2,3,3,3,3,5,1,2,,6,,,b'\x11\xe8\xe1I\xef\x95\xdeJ\x9a\xbe\x12\xdf\x17\xaeN\x1e'
11E8E149-EF95-DE4A-9ABE-12DF17AE4E1E,2021-ncaa-d3-natl,ncaa,101,92,176,95,176,186,183,198,74,195,209,71,126,157,53,39,209,211,119,209,195,200,198,43,64,115,83,39,262,221,245,193,175,202,183,172,90,102,222,148,196,203,60,14,,,103,179,,,109,194,270,17,216,196,271,231,275,81,127,260,267,264,278,281,274,231,273,151,132,223,17,,119,,,115,92,91,94,55,86,93,58,108,115,131,195,80,99,24,98,134,94,92,69,51,63,177,220,96,102,175,82,245,90,183,81,90,183,148,99,82,102,82,144,,,200,139,,,109,93,152,68,109,33,42,62,41,56,124,133,44,90,92,49,26,114,27,38,54,185,44,63,,244,,,b'\x11\xe8\xe1I\xef\x95\xdeJ\x9a\xbe\x12\xdf\x17\xaeN\x1e'
11E8E149-EF95-DE4A-9ABE-12DF17AE4E1E,2022-ncaa-d3-conf-NCAC,ncaa,4,2,3,3,3,4,4,3,4,4,5,4,6,5,5,5,6,7,5,7,6,4,4,4,5,5,6,6,7,6,7,5,4,5,5,4,5,5,4,4,4,1,1,2,,,7,7,,,4,4,2,3,4,4,1,4,5,6,5,5,6,6,3,3,6,4,5,5,5,2,1,,8,,,4,2,2,4,3,2,2,3,3,6,2,7,4,4,4,4,8,4,4,3,3,2,7,7,8,3,4,7,7,5,5,2,1,2,2,1,2,2,8,8,,,4,4,,,4,5,5,2,4,4,4,4,4,3,3,8,5,5,4,4,5,3,6,4,2,2,2,8,,4,,,b'\x11\xe8\xe1I\xef\x95\xdeJ\x9a\xbe\x12\xdf\x17\xaeN\x1e'
11E8E149-EF95-DE4A-9ABE-12DF17AE4E1E,2022-ncaa-d3-natl,ncaa,96,95,107,105,120,138,119,152,123,125,162,107,145,146,185,182,260,312,68,314,370,180,177,130,127,154,263,202,345,330,355,208,73,263,241,138,209,240,212,171,149,161,105,104,,,318,312,,,151,121,174,79,164,138,180,129,205,180,179,302,367,372,233,265,373,286,351,157,189,178,113,,286,,,157,219,185,220,158,198,209,157,173,210,151,196,328,278,410,281,271,220,241,157,194,158,258,173,342,67,73,267,355,172,241,55,25,117,121,43,130,122,354,322,,,242,292,,,151,308,196,117,160,147,119,120,140,145,127,156,292,236,238,122,158,40,202,112,32,146,105,342,,321,,,b'\x11\xe8\xe1I\xef\x95\xdeJ\x9a\xbe\x12\xdf\x17\xaeN\x1e'
11E8E149-EF95-DE4A-9ABE-12DF17AE4E1E,2023-ncaa-d3-conf-NCAC,ncaa,1,1,3,1,4,4,4,3,3,3,3,4,6,8,4,8,4,3,6,2,5,3,3,4,4,3,8,8,5,5,3,2,2,3,2,5,5,4,3,5,5,5,2,1,,,6,4,,,3,4,5,5,4,4,4,2,2,7,8,3,2,2,4,6,5,2,3,5,3,5,1,,4,,,3,1,1,4,1,1,4,1,1,3,1,4,5,5,1,5,7,4,4,1,1,1,5,3,7,3,2,2,3,2,2,1,1,3,2,2,3,3,3,3,,,3,4,,,3,6,3,1,3,1,1,3,1,3,1,4,4,5,5,3,3,2,2,2,1,2,3,3,,3,,,b'\x11\xe8\xe1I\xef\x95\xdeJ\x9a\xbe\x12\xdf\x17\xaeN\x1e'
11E8E149-EF95-DE4A-9ABE-12DF17AE4E1E,2023-ncaa-d3-natl,ncaa,56,30,185,39,240,178,151,256,52,100,132,94,321,375,76,385,217,219,228,219,285,254,309,84,93,87,380,366,248,251,117,220,17,240,25,281,400,67,108,189,325,297,73,58,,,187,290,,,94,310,333,288,158,116,279,63,94,334,393,201,211,209,270,355,257,208,243,292,75,346,66,,192,,,88,66,56,89,98,98,130,129,52,103,37,144,233,207,326,205,246,96,77,72,92,125,181,90,342,17,17,34,117,23,25,13,5,304,245,49,28,51,101,63,,,219,115,,,94,131,96,82,74,63,62,71,106,129,45,96,235,207,205,77,46,13,12,8,6,319,34,103,,205,,,b'\x11\xe8\xe1I\xef\x95\xdeJ\x9a\xbe\x12\xdf\x17\xaeN\x1e'
11E8E149-EF95-DE4A-9ABE-12DF17AE4E1E,2024-ncaa-d3-conf-NCAC,ncaa,3,2,3,3,3,3,2,3,1,2,2,1,3,4,1,6,3,3,4,3,5,3,3,1,1,1,6,6,7,3,3,3,3,3,3,2,2,4,2,2,3,3,4,4,,,6,6,,,2,3,2,2,2,2,2,2,2,2,5,3,3,3,2,2,3,2,2,2,3,3,5,,7,,,2,1,1,4,1,2,6,1,1,2,2,3,7,5,6,5,5,4,5,1,1,1,6,2,7,2,3,2,3,2,3,4,6,3,2,4,2,3,3,3,,,3,4,,,2,6,2,2,2,3,1,4,2,4,2,4,7,6,6,3,4,3,2,3,4,2,3,3,,3,,,b'\x11\xe8\xe1I\xef\x95\xdeJ\x9a\xbe\x12\xdf\x17\xaeN\x1e'
11E8E149-EF95-DE4A-9ABE-12DF17AE4E1E,2024-ncaa-d3-natl,ncaa,110,66,296,85,296,156,118,248,23,89,147,54,243,347,35,350,256,274,160,274,336,258,324,36,45,36,364,312,333,239,77,282,72,271,52,128,196,29,51,35,274,195,108,81,,,214,357,,,80,344,344,4,63,37,145,24,67,234,336,215,241,246,159,279,202,217,200,67,45,241,87,,284,,,66,73,64,68,118,95,100,146,62,96,65,172,251,197,366,182,271,66,60,108,150,189,231,111,351,49,72,27,77,23,52,148,291,324,266,256,24,45,200,159,,,291,206,,,80,84,33,144,61,116,104,104,141,157,84,125,299,250,240,116,82,64,14,26,184,301,38,237,,262,,,b'\x11\xe8\xe1I\xef\x95\xdeJ\x9a\xbe\x12\xdf\x17\xaeN\x1e'
11E8E149-EF95-DE4A-9ABE-12DF17AE4E1E,2025-ncaa-d3-conf-NCAC,genius_ncaa,3,3,1,3,1,2,2,3,2,2,4,3,2,2,2,3,2,3,3,3,4,2,2,2,2,3,4,4,5,4,5,1,4,2,4,2,5,5,4,4,3,5,2,2,,,8,8,,8,3,1,7,1,4,3,6,5,5,3,3,2,3,3,5,7,6,6,6,4,4,5,4,,7,,8,3,5,5,5,2,5,5,4,5,6,3,4,7,7,4,7,5,7,8,2,2,3,6,4,7,5,4,5,5,5,4,2,1,2,3,2,4,3,2,3,,,3,6,,5,3,8,3,3,3,3,3,3,4,4,4,3,7,5,4,3,3,3,3,3,1,2,3,2,,6,,5,b'\x11\xe8\xe1I\xef\x95\xdeJ\x9a\xbe\x12\xdf\x17\xaeN\x1e'
11E8E149-EF95-DE4A-9ABE-12DF17AE4E1E,2025-ncaa-d3-natl,genius_ncaa,102,94,116,106,159,97,82,225,13,126,238,24,53,166,3,152,248,297,56,301,283,242,281,10,8,15,153,86,365,299,164,296,134,301,119,94,200,112,153,76,138,97,206,190,,,251,331,,256,61,260,359,189,68,58,287,133,297,48,187,276,342,343,319,376,331,374,381,79,95,146,227,,225,,246,58,122,113,90,211,125,115,209,155,139,226,201,210,185,306,174,246,93,114,216,231,211,229,198,254,74,134,34,164,33,119,92,108,201,147,130,99,132,59,86,,,312,306,,285,61,141,24,165,53,92,91,47,102,75,136,105,184,152,149,47,48,72,14,24,79,231,87,48,,370,,302,b'\x11\xe8\xe1I\xef\x95\xdeJ\x9a\xbe\x12\xdf\x17\xaeN\x1e'
11E8E149-EF95-DE4A-9ABE-12DF17AE4E1E,2026-ncaa-d3-conf-NCAC,genius_ncaa,1,1,1,1,1,1,3,5,4,2,3,4,7,4,8,6,1,1,1,1,4,4,3,5,3,2,7,8,2,4,4,5,2,6,3,6,7,4,3,6,3,2,6,6,,,6,7,,6,3,1,1,1,1,3,5,2,3,7,4,1,1,1,4,3,4,5,6,6,4,3,6,,6,,6,3,5,3,1,7,3,2,4,6,3,8,4,7,5,7,4,7,1,2,7,8,6,7,7,6,1,2,3,4,2,3,5,7,1,1,5,3,3,4,4,,,1,1,,1,3,5,2,4,4,5,3,1,3,2,6,3,7,5,4,1,2,1,3,2,5,1,3,4,,1,,1,b'\x11\xe8\xe1I\xef\x95\xdeJ\x9a\xbe\x12\xdf\x17\xaeN\x1e'
11E8E149-EF95-DE4A-9ABE-12DF17AE4E1E,2026-ncaa-d3-natl,genius_ncaa,98,68,215,92,229,237,270,275,225,241,247,212,260,269,255,269,115,135,158,146,92,260,269,238,201,212,183,284,64,220,105,355,195,328,185,271,233,189,227,251,233,171,371,360,,,336,415,,347,204,270,250,35,189,236,234,195,195,259,249,57,60,71,182,176,168,392,335,235,238,188,377,,403,,386,205,164,117,93,243,107,83,248,187,159,261,254,322,328,246,324,406,116,119,256,307,276,354,225,391,77,195,102,105,85,185,113,167,256,165,146,127,147,107,113,,,90,10,,24,204,136,214,231,212,228,125,66,110,66,233,204,381,383,382,132,131,78,85,70,135,189,157,113,,10,,12,b'\x11\xe8\xe1I\xef\x95\xdeJ\x9a\xbe\x12\xdf\x17\xaeN\x1e'
11E8E149-EF9A-69BA-9ABE-12DF17AE4E1E,2018-ncaa-d3-conf-NJAC,ncaa,5,5,3,5,4,5,5,6,5,3,3,6,8,9,6,9,2,2,6,2,4,4,3,6,6,6,8,9,3,4,3,6,5,4,5,5,6,9,8,6,4,4,6,7,,,9,10,,,5,3,3,6,5,5,6,3,3,8,9,2,3,3,5,4,5,6,4,5,9,4,6,,9,,,5,6,2,7,5,3,5,4,6,7,6,6,8,8,6,8,8,7,8,5,5,5,8,8,7,4,5,5,3,4,5,8,9,3,2,5,7,6,9,7,,,3,4,,,5,8,6,4,5,4,3,4,3,4,7,6,8,8,8,6,6,4,5,5,7,3,7,8,,4,,,b'\x11\xe8\xe1I\xef\x9ai\xba\x9a\xbe\x12\xdf\x17\xaeN\x1e'
11E8E149-EF9A-69BA-9ABE-12DF17AE4E1E,2018-ncaa-d3-natl,ncaa,114,197,17,162,23,72,73,62,154,40,24,211,284,332,159,397,28,19,227,19,155,49,18,204,184,252,341,383,84,72,152,43,259,50,192,87,187,437,372,298,40,97,58,111,,,428,295,,,166,11,70,94,166,161,206,90,73,350,395,58,50,53,152,76,158,172,155,161,393,67,93,,370,,,175,402,379,418,149,391,416,170,193,280,50,113,414,411,296,418,304,434,437,105,144,72,157,67,365,402,259,390,152,409,192,404,373,22,60,111,435,398,442,392,,,28,203,,,166,435,258,85,171,198,178,234,240,289,81,142,356,354,361,256,369,297,192,227,294,38,412,429,,110,,,b'\x11\xe8\xe1I\xef\x9ai\xba\x9a\xbe\x12\xdf\x17\xaeN\x1e'
11E8E149-EF9A-69BA-9ABE-12DF17AE4E1E,2019-ncaa-d3-conf-NJAC,ncaa,7,6,7,7,9,7,6,3,9,3,1,9,8,8,8,9,10,9,8,9,10,4,4,9,9,9,10,9,9,3,2,7,6,5,6,8,7,4,3,4,5,5,6,5,,,8,10,,,6,5,3,8,5,5,1,3,1,8,8,10,8,8,1,3,1,6,2,7,4,5,5,,10,,,6,3,2,1,6,2,1,6,3,5,4,7,7,7,6,7,10,1,5,6,6,3,8,7,9,2,6,6,2,6,6,4,7,4,2,3,4,4,5,2,,,9,10,,,6,6,7,4,6,4,3,1,4,1,5,6,8,8,8,3,8,3,9,8,5,1,4,6,,8,,,b'\x11\xe8\xe1I\xef\x9ai\xba\x9a\xbe\x12\xdf\x17\xaeN\x1e'
11E8E149-EF9A-69BA-9ABE-12DF17AE4E1E,2019-ncaa-d3-natl,ncaa,206,219,215,219,287,254,231,110,346,165,60,366,339,323,333,366,249,168,384,164,311,111,109,372,373,352,361,355,223,29,50,262,280,100,169,273,332,241,173,287,120,120,183,138,,,392,404,,,191,192,125,338,253,212,41,141,22,352,339,230,136,136,48,44,13,256,43,277,256,107,170,,418,,,192,129,68,94,109,70,94,144,135,215,79,255,396,400,250,401,433,134,246,105,167,92,373,174,428,256,280,316,50,301,169,148,317,71,47,65,217,157,215,104,,,227,322,,,191,250,294,96,194,151,75,88,99,87,146,222,405,411,414,164,305,273,340,323,162,38,221,231,,194,,,b'\x11\xe8\xe1I\xef\x9ai\xba\x9a\xbe\x12\xdf\x17\xaeN\x1e'
11E8E149-EF9A-69BA-9ABE-12DF17AE4E1E,2020-ncaa-d3-conf-NJAC,ncaa,6,5,5,6,5,5,6,6,4,3,3,7,9,9,5,10,2,2,7,3,8,6,3,6,6,7,9,10,4,4,4,5,6,5,3,5,5,10,10,7,3,3,7,8,,,7,7,,,5,5,4,2,5,5,5,3,3,10,10,3,2,3,4,3,3,6,5,5,10,3,7,,6,,,5,4,4,4,4,6,5,5,3,4,3,5,8,5,10,5,5,3,6,4,4,4,5,3,7,5,6,4,4,3,3,3,4,3,3,1,10,7,9,7,,,6,10,,,5,6,5,4,5,4,4,3,6,6,4,3,7,5,5,4,7,6,3,2,3,3,8,9,,7,,,b'\x11\xe8\xe1I\xef\x9ai\xba\x9a\xbe\x12\xdf\x17\xaeN\x1e'
11E8E149-EF9A-69BA-9ABE-12DF17AE4E1E,2020-ncaa-d3-natl,ncaa,263,275,198,276,207,310,313,224,357,234,89,372,399,379,397,399,173,97,379,96,199,194,127,385,384,385,358,404,65,77,95,218,302,144,217,343,365,391,350,392,79,84,249,248,,,346,330,,,278,174,144,31,333,338,193,216,61,405,379,156,58,65,145,67,57,199,87,373,385,69,250,,372,,,275,108,76,142,86,102,175,95,106,144,86,154,340,349,174,346,350,172,285,81,109,53,283,141,382,315,302,284,95,312,217,71,116,51,47,27,340,310,406,354,,,181,236,,,278,261,363,63,272,146,106,179,129,200,116,168,346,356,356,209,333,316,302,314,97,37,346,413,,138,,,b'\x11\xe8\xe1I\xef\x9ai\xba\x9a\xbe\x12\xdf\x17\xaeN\x1e'
11E8E149-EF9A-69BA-9ABE-12DF17AE4E1E,2021-ncaa-d3-conf-NJAC,ncaa,5,7,4,6,4,5,5,5,7,3,2,6,7,7,8,6,3,3,5,3,4,5,5,7,7,7,8,8,2,4,5,5,6,4,4,5,4,6,6,5,6,7,5,5,,,3,3,,,6,4,8,2,8,7,7,2,3,8,6,3,4,4,6,7,4,3,5,5,7,7,6,,3,,,6,6,6,5,4,6,5,4,6,7,4,6,6,6,4,6,6,5,5,4,4,5,7,6,5,8,6,6,5,6,4,5,6,5,7,6,7,8,8,7,,,3,6,,,6,4,7,6,6,4,5,6,3,3,6,6,5,6,5,6,4,7,4,5,5,7,8,7,,5,,,b'\x11\xe8\xe1I\xef\x9ai\xba\x9a\xbe\x12\xdf\x17\xaeN\x1e'
11E8E149-EF9A-69BA-9ABE-12DF17AE4E1E,2021-ncaa-d3-natl,ncaa,176,214,146,210,160,174,174,173,219,142,127,220,225,209,263,267,131,130,147,130,146,165,161,245,232,225,251,274,33,127,115,143,213,138,154,161,109,137,189,190,210,263,134,135,,,116,79,,,209,166,201,110,234,228,217,143,71,274,270,115,99,94,202,175,108,102,87,185,175,269,138,,88,,,196,125,122,138,62,117,133,65,146,151,131,185,146,150,90,149,160,136,131,75,73,128,205,204,166,189,213,133,115,150,154,136,155,180,237,202,154,209,264,280,,,153,127,,,209,121,217,165,203,126,118,194,105,153,190,200,152,177,171,199,141,238,144,201,143,234,197,282,,143,,,b'\x11\xe8\xe1I\xef\x9ai\xba\x9a\xbe\x12\xdf\x17\xaeN\x1e'
11E8E149-EF9A-69BA-9ABE-12DF17AE4E1E,2022-ncaa-d3-conf-NJAC,ncaa,6,5,4,5,4,3,3,6,3,2,2,7,8,9,3,9,3,3,2,3,7,5,7,4,3,2,8,8,2,9,9,8,7,8,8,5,4,2,3,2,5,4,7,6,,,4,2,,,5,5,7,3,3,3,7,3,2,7,9,2,4,4,5,7,9,6,7,4,1,4,6,,1,,,5,6,9,8,7,6,5,8,8,8,8,7,1,2,2,2,1,4,5,8,7,5,6,9,1,8,7,5,9,6,8,8,7,4,3,6,2,3,5,4,,,3,2,,,5,6,4,5,5,6,6,5,7,3,7,7,1,1,1,4,5,6,4,6,7,4,2,5,,5,,,b'\x11\xe8\xe1I\xef\x9ai\xba\x9a\xbe\x12\xdf\x17\xaeN\x1e'
11E8E149-EF9A-69BA-9ABE-12DF17AE4E1E,2022-ncaa-d3-natl,ncaa,168,182,188,184,194,183,193,219,186,138,85,271,324,374,113,403,71,79,130,73,187,197,207,228,203,196,310,367,60,230,268,193,254,205,265,190,181,190,185,197,136,153,208,193,,,210,167,,,187,198,180,66,178,194,215,116,54,342,395,56,69,67,172,188,238,173,209,187,193,133,216,,196,,,187,212,217,232,185,160,145,197,341,332,252,350,141,190,64,193,248,218,246,212,184,152,313,357,129,292,254,254,268,270,265,274,295,112,109,170,182,169,263,174,,,138,123,,,187,233,208,160,186,192,203,221,147,130,327,336,134,190,193,207,275,286,252,275,265,99,178,261,,118,,,b'\x11\xe8\xe1I\xef\x9ai\xba\x9a\xbe\x12\xdf\x17\xaeN\x1e'
11E8E149-EF9A-69BA-9ABE-12DF17AE4E1E,2023-ncaa-d3-conf-NJAC,ncaa,5,6,3,6,3,4,4,4,7,3,3,7,7,8,5,10,2,2,1,2,5,3,3,7,6,6,7,10,1,5,6,5,8,4,7,5,4,2,1,3,6,6,8,9,,,5,4,,,5,3,7,1,4,4,4,3,3,7,10,2,2,2,4,6,5,8,7,6,2,6,10,,3,,,5,6,6,7,8,8,7,8,6,6,4,5,2,6,2,6,6,8,8,8,8,6,3,6,3,6,8,9,6,6,7,6,3,3,4,5,5,6,8,6,,,2,1,,,5,8,6,6,5,5,8,3,8,4,5,5,2,3,3,3,4,4,6,6,5,5,6,8,,1,,,b'\x11\xe8\xe1I\xef\x9ai\xba\x9a\xbe\x12\xdf\x17\xaeN\x1e'
11E8E149-EF9A-69BA-9ABE-12DF17AE4E1E,2023-ncaa-d3-natl,ncaa,132,198,33,174,33,117,146,99,227,103,48,262,292,309,219,374,18,18,91,18,93,74,60,265,207,195,267,370,21,137,231,97,305,110,275,95,108,275,169,170,149,252,356,396,,,312,148,,,179,54,275,1,194,245,247,167,99,352,373,28,39,40,184,216,208,236,227,162,162,224,387,,186,,,183,333,347,384,186,380,388,231,139,260,33,145,280,300,130,309,182,386,390,143,131,112,71,74,199,383,305,372,231,392,275,267,123,69,135,122,323,249,366,258,,,9,10,,,179,382,198,146,178,162,205,227,278,253,69,159,194,204,211,216,250,297,234,270,165,118,241,320,,18,,,b'\x11\xe8\xe1I\xef\x9ai\xba\x9a\xbe\x12\xdf\x17\xaeN\x1e'
11E8E149-EF9A-69BA-9ABE-12DF17AE4E1E,2024-ncaa-d3-conf-NJAC,ncaa,6,6,7,6,7,6,6,7,6,8,6,8,7,8,3,9,1,1,2,1,1,6,8,7,4,3,3,6,1,9,9,10,8,10,9,8,7,3,3,6,8,7,7,7,,,3,2,,,7,8,5,1,4,6,4,6,4,6,6,1,1,1,3,4,9,10,10,7,4,5,7,,4,,,7,7,8,6,9,8,7,9,8,6,9,5,3,3,7,3,3,6,5,9,8,8,4,5,3,6,8,7,9,6,9,7,4,4,5,6,5,7,8,7,,,1,1,,,7,3,6,8,7,8,9,7,9,8,8,8,3,3,3,7,7,6,8,8,8,3,7,10,,1,,,b'\x11\xe8\xe1I\xef\x9ai\xba\x9a\xbe\x12\xdf\x17\xaeN\x1e'
11E8E149-EF9A-69BA-9ABE-12DF17AE4E1E,2024-ncaa-d3-natl,ncaa,227,232,200,238,200,197,263,224,301,275,171,353,216,282,84,320,19,35,25,35,49,180,224,295,206,188,79,244,13,235,291,302,335,280,346,287,320,121,124,240,245,279,319,340,,,192,170,,,275,210,214,6,196,272,196,274,141,216,291,8,16,16,131,184,236,323,289,306,126,243,324,,209,,,274,340,350,236,382,349,237,379,263,206,320,200,184,229,90,229,203,235,251,377,361,341,113,200,107,315,335,326,291,323,346,343,267,168,179,292,146,161,361,322,,,28,13,,,275,223,203,348,270,341,357,276,349,259,274,235,202,233,233,276,284,310,332,326,339,144,168,364,,9,,,b'\x11\xe8\xe1I\xef\x9ai\xba\x9a\xbe\x12\xdf\x17\xaeN\x1e'
11E8E149-EF9A-69BA-9ABE-12DF17AE4E1E,2025-ncaa-d3-conf-NJAC,genius_ncaa,3,3,1,3,2,4,3,2,5,2,2,5,5,6,5,8,4,7,2,6,9,2,4,5,5,4,7,7,6,1,2,8,2,3,2,2,3,2,2,2,2,2,7,8,,,6,7,,3,4,5,8,6,4,4,2,2,3,6,7,6,8,7,3,7,2,10,8,3,2,2,8,,5,,3,4,5,5,3,10,6,5,10,4,3,6,3,2,2,8,2,1,2,6,9,9,6,3,4,2,1,2,8,2,3,2,5,4,3,2,4,3,3,7,4,,,2,5,,1,4,6,4,5,4,3,5,1,5,3,4,2,1,1,1,1,2,1,6,1,4,4,3,5,,5,,1,b'\x11\xe8\xe1I\xef\x9ai\xba\x9a\xbe\x12\xdf\x17\xaeN\x1e'
11E8E149-EF9A-69BA-9ABE-12DF17AE4E1E,2025-ncaa-d3-natl,genius_ncaa,44,94,11,84,13,40,39,15,186,29,8,227,163,161,169,335,51,63,96,55,320,15,12,223,208,175,314,308,205,22,97,60,171,27,167,36,92,304,114,98,20,40,215,298,,,376,227,,180,67,13,176,258,135,114,76,80,47,262,301,139,194,189,79,118,60,262,138,72,161,46,299,,219,,123,76,319,324,372,167,370,397,164,85,131,95,44,290,294,184,296,152,369,398,133,122,51,58,44,222,298,171,403,97,390,167,272,177,16,33,41,256,93,308,110,,,18,153,,4,67,407,144,48,82,66,94,80,184,199,29,23,140,145,144,73,185,130,248,201,116,43,127,198,,108,,8,b'\x11\xe8\xe1I\xef\x9ai\xba\x9a\xbe\x12\xdf\x17\xaeN\x1e'
11E8E149-EF9A-69BA-9ABE-12DF17AE4E1E,2026-ncaa-d3-conf-NJAC,genius_ncaa,1,1,1,1,2,2,2,2,3,2,1,3,5,6,6,8,1,2,1,2,7,2,6,3,3,3,6,8,2,3,4,5,3,4,5,6,8,1,1,3,3,4,4,4,,,3,2,,3,2,8,8,2,2,2,2,2,1,5,6,1,2,2,2,6,3,5,4,6,1,3,4,,3,,3,2,3,1,2,4,1,2,5,6,5,6,7,5,5,3,5,9,3,4,4,4,4,7,8,7,3,3,4,4,3,5,5,8,4,3,4,2,1,2,1,,,1,2,,1,2,6,2,3,2,3,1,2,1,2,6,5,5,5,5,3,4,3,4,3,5,4,2,2,,1,,1,b'\x11\xe8\xe1I\xef\x9ai\xba\x9a\xbe\x12\xdf\x17\xaeN\x1e'
11E8E149-EF9A-69BA-9ABE-12DF17AE4E1E,2026-ncaa-d3-natl,genius_ncaa,13,1,215,1,249,203,198,218,173,130,111,224,340,359,219,397,88,130,81,135,228,210,267,225,191,129,336,381,75,141,87,326,198,268,179,219,274,66,32,85,70,24,178,134,,,171,271,,45,52,282,216,113,103,110,84,53,22,341,372,43,57,60,63,158,77,342,213,174,58,33,162,,245,,64,42,76,64,68,120,95,95,167,29,59,39,97,209,224,148,220,351,80,122,83,113,31,165,42,382,106,198,155,87,130,179,79,231,82,16,23,52,37,180,118,,,122,30,,76,52,138,88,29,39,42,31,29,87,89,15,37,274,306,302,41,149,132,203,157,77,26,46,208,,25,,66,b'\x11\xe8\xe1I\xef\x9ai\xba\x9a\xbe\x12\xdf\x17\xaeN\x1e'
11E8E149-EF9F-02C2-9ABE-12DF17AE4E1E,2018-ncaa-d3-conf-NCAC,ncaa,7,7,5,7,6,7,7,8,5,5,8,4,6,5,7,4,5,4,9,4,4,7,3,6,7,9,6,5,5,4,4,8,8,7,8,8,7,9,9,9,3,5,2,2,,,8,9,,,8,3,1,5,7,7,5,5,6,6,5,5,4,4,5,1,4,8,7,8,9,3,2,,9,,,7,7,8,6,7,6,5,7,9,7,9,7,8,5,9,4,5,6,6,8,8,7,8,9,5,8,8,4,4,6,8,9,9,3,4,7,9,9,7,7,,,4,4,,,8,7,9,7,7,8,8,6,7,5,9,8,8,5,5,7,8,8,6,7,9,2,9,7,,4,,,b'\x11\xe8\xe1I\xef\x9f\x02\xc2\x9a\xbe\x12\xdf\x17\xaeN\x1e'
11E8E149-EF9F-02C2-9ABE-12DF17AE4E1E,2018-ncaa-d3-natl,ncaa,346,394,123,365,148,272,244,136,353,216,134,335,270,184,369,227,305,193,418,187,277,139,93,363,378,376,299,252,314,133,249,299,343,235,362,336,398,394,333,388,129,166,130,152,,,368,310,,,394,87,91,155,328,293,129,262,153,289,195,347,228,219,139,80,147,382,295,376,367,136,142,,353,,,389,427,412,349,390,372,288,357,417,354,422,299,384,302,444,295,257,351,339,396,419,394,335,334,239,317,343,401,249,386,362,392,234,136,202,277,411,369,368,327,,,157,283,,,394,336,373,385,391,403,371,319,323,252,408,329,380,269,262,325,336,289,360,344,344,153,385,359,,180,,,b'\x11\xe8\xe1I\xef\x9f\x02\xc2\x9a\xbe\x12\xdf\x17\xaeN\x1e'
11E8E149-EF9F-02C2-9ABE-12DF17AE4E1E,2019-ncaa-d3-conf-NCAC,ncaa,8,8,9,8,9,7,8,8,8,9,7,9,2,3,1,2,5,2,9,2,1,4,5,8,8,8,2,2,2,2,4,9,9,7,7,8,5,6,7,8,5,5,7,6,,,3,4,,,8,6,1,3,6,6,1,8,2,2,2,4,1,1,1,1,1,7,5,5,9,4,6,,8,,,8,6,6,3,8,7,4,7,7,6,8,5,7,5,6,5,4,4,4,7,7,7,6,5,4,8,9,8,4,8,7,6,5,4,4,7,7,7,6,7,,,3,4,,,8,4,7,7,8,9,9,9,8,8,9,7,8,8,8,9,9,8,8,8,7,1,8,7,,1,,,b'\x11\xe8\xe1I\xef\x9f\x02\xc2\x9a\xbe\x12\xdf\x17\xaeN\x1e'
11E8E149-EF9F-02C2-9ABE-12DF17AE4E1E,2019-ncaa-d3-natl,ncaa,356,382,215,371,248,220,254,122,363,305,162,399,107,126,108,188,177,85,385,87,116,111,109,334,340,311,57,80,145,67,144,355,395,236,352,282,315,241,173,296,163,199,245,293,,,295,232,,,361,149,78,160,196,251,54,326,133,96,104,153,54,56,48,44,46,398,210,293,256,154,240,,320,,,356,412,389,298,384,384,323,350,316,201,404,144,386,310,442,320,238,323,321,380,407,385,227,177,286,351,395,373,144,372,352,310,139,143,193,229,206,150,277,246,,,96,152,,,361,297,283,393,354,407,386,342,369,352,321,213,398,324,334,358,374,358,388,378,309,126,214,296,,47,,,b'\x11\xe8\xe1I\xef\x9f\x02\xc2\x9a\xbe\x12\xdf\x17\xaeN\x1e'
11E8E149-EF9F-02C2-9ABE-12DF17AE4E1E,2020-ncaa-d3-conf-NCAC,ncaa,9,8,9,9,9,7,8,6,9,8,8,8,6,4,9,3,3,2,8,2,1,5,5,9,9,8,2,4,1,3,3,8,5,6,5,9,7,7,5,9,1,1,7,7,,,2,5,,,8,7,1,8,3,7,1,8,4,3,3,1,1,1,1,1,1,8,3,8,8,1,7,,7,,,8,6,7,3,8,7,2,9,6,3,8,6,4,3,7,2,3,2,3,8,8,8,3,4,2,3,5,4,3,3,5,7,7,4,2,7,8,7,9,9,,,5,4,,,8,3,8,8,8,8,8,7,8,6,8,8,6,5,5,7,7,4,8,6,8,1,9,9,,2,,,b'\x11\xe8\xe1I\xef\x9f\x02\xc2\x9a\xbe\x12\xdf\x17\xaeN\x1e'
11E8E149-EF9F-02C2-9ABE-12DF17AE4E1E,2020-ncaa-d3-natl,ncaa,324,345,198,337,280,186,194,107,298,195,129,278,182,128,293,204,123,88,301,79,133,99,65,299,299,299,192,213,147,37,48,358,289,193,186,250,338,360,266,321,65,70,353,374,,,188,141,,,316,95,44,303,147,160,39,173,97,178,114,106,53,50,28,16,22,390,151,242,350,54,357,,218,,,315,413,419,242,429,414,244,427,340,237,397,244,170,124,379,115,104,216,290,427,427,395,92,235,65,161,289,252,48,221,186,402,292,82,90,285,390,335,347,294,,,115,237,,,316,320,256,358,318,397,408,288,412,280,335,260,188,145,131,247,337,179,270,248,387,65,377,355,,75,,,b'\x11\xe8\xe1I\xef\x9f\x02\xc2\x9a\xbe\x12\xdf\x17\xaeN\x1e'
11E8E149-EF9F-02C2-9ABE-12DF17AE4E1E,2021-ncaa-d3-conf-NCAC,ncaa,6,6,2,6,4,4,4,3,6,3,3,6,5,4,5,6,2,2,5,2,4,2,2,6,6,6,4,6,2,3,5,2,6,2,6,4,5,5,5,6,3,5,3,6,,,5,2,,,6,2,1,4,6,5,3,4,2,6,5,3,3,3,2,1,4,1,1,6,6,4,5,,6,,,6,6,6,5,4,6,6,4,5,5,5,2,5,5,3,5,3,5,5,4,4,6,2,2,1,6,6,6,5,6,6,6,6,3,6,6,6,6,6,5,,,2,4,,,6,5,6,6,6,6,6,6,5,6,6,6,6,6,6,6,6,6,6,6,6,4,6,5,,3,,,b'\x11\xe8\xe1I\xef\x9f\x02\xc2\x9a\xbe\x12\xdf\x17\xaeN\x1e'
11E8E149-EF9F-02C2-9ABE-12DF17AE4E1E,2021-ncaa-d3-natl,ncaa,251,238,176,251,180,195,193,178,256,184,159,255,192,173,244,187,175,177,187,174,202,176,171,261,259,261,181,194,102,160,182,180,238,179,228,202,246,145,220,258,166,181,177,214,,,120,114,,,257,170,56,110,242,235,101,212,82,217,175,180,168,156,100,56,106,141,123,243,243,158,198,,173,,,250,130,141,134,187,151,137,180,140,132,190,131,115,113,157,115,74,128,118,189,172,204,101,154,65,167,238,139,182,146,228,174,226,182,226,250,213,269,162,204,,,179,202,,,257,110,257,220,254,239,249,256,241,250,218,214,131,123,132,254,236,248,254,256,256,182,275,240,,146,,,b'\x11\xe8\xe1I\xef\x9f\x02\xc2\x9a\xbe\x12\xdf\x17\xaeN\x1e'
11E8E149-EF9F-02C2-9ABE-12DF17AE4E1E,2022-ncaa-d3-conf-NCAC,ncaa,8,8,3,8,6,8,9,4,9,9,7,9,4,1,8,1,7,8,4,8,4,5,6,9,9,9,2,2,1,9,9,9,9,9,9,8,8,3,3,8,8,9,9,9,,,5,2,,,9,3,1,7,9,9,3,9,8,5,1,6,7,8,4,5,9,9,9,9,3,9,9,,5,,,9,9,9,9,9,9,9,9,6,1,8,1,9,9,3,9,5,9,8,9,9,9,2,1,2,9,9,9,9,9,9,8,6,4,6,8,7,8,9,9,,,3,2,,,9,8,9,9,9,9,9,9,9,9,7,1,8,9,8,9,9,9,9,9,8,4,8,9,,2,,,b'\x11\xe8\xe1I\xef\x9f\x02\xc2\x9a\xbe\x12\xdf\x17\xaeN\x1e'
11E8E149-EF9F-02C2-9ABE-12DF17AE4E1E,2022-ncaa-d3-natl,ncaa,364,424,61,387,90,269,297,139,404,315,220,393,173,72,377,90,209,217,174,211,198,150,150,398,389,365,84,134,101,323,415,304,393,316,419,357,397,229,178,352,279,363,358,401,,,295,174,,,417,94,207,290,382,394,251,395,342,228,101,265,305,301,272,317,384,415,417,404,141,353,397,,197,,,405,425,425,383,426,425,402,425,298,236,345,89,377,352,358,353,204,395,366,422,424,422,40,62,138,398,393,420,415,420,419,416,237,217,334,396,325,297,410,408,,,144,190,,,417,334,378,421,407,403,406,317,409,353,220,137,327,294,296,327,266,350,410,396,379,311,263,385,,241,,,b'\x11\xe8\xe1I\xef\x9f\x02\xc2\x9a\xbe\x12\xdf\x17\xaeN\x1e'
11E8E149-EF9F-02C2-9ABE-12DF17AE4E1E,2023-ncaa-d3-conf-NCAC,ncaa,8,8,5,8,6,8,8,7,7,8,7,8,7,6,7,4,8,6,8,7,3,7,7,7,7,8,3,3,2,7,8,7,8,8,8,8,8,8,8,8,7,7,4,4,,,2,1,,,8,3,1,5,8,8,7,8,7,6,6,8,5,6,7,5,7,6,8,8,8,7,3,,5,,,8,8,8,8,7,7,7,6,8,8,8,6,4,4,3,4,2,7,6,8,8,7,4,7,2,8,8,8,8,8,8,8,8,7,7,7,8,8,5,8,,,7,7,,,8,5,8,7,8,8,8,8,7,7,8,8,5,4,4,8,8,8,8,8,8,7,8,5,,7,,,b'\x11\xe8\xe1I\xef\x9f\x02\xc2\x9a\xbe\x12\xdf\x17\xaeN\x1e'
11E8E149-EF9F-02C2-9ABE-12DF17AE4E1E,2023-ncaa-d3-natl,ncaa,411,428,109,422,162,341,352,248,401,349,253,399,263,187,360,170,285,270,318,265,220,251,189,392,392,394,147,174,130,372,412,278,407,342,419,388,408,379,367,403,399,425,78,149,,,136,44,,,419,110,139,288,399,400,334,395,319,298,217,336,321,315,345,266,405,367,406,414,341,419,87,,87,,,414,425,425,417,393,419,410,367,406,359,412,214,244,198,378,192,54,412,376,396,390,415,114,269,50,416,407,409,412,418,419,409,233,338,409,408,398,381,427,426,,,273,321,,,419,322,405,422,414,416,411,406,402,401,387,331,215,163,157,401,349,393,391,402,388,377,367,424,,348,,,b'\x11\xe8\xe1I\xef\x9f\x02\xc2\x9a\xbe\x12\xdf\x17\xaeN\x1e'
11E8E149-EF9F-02C2-9ABE-12DF17AE4E1E,2024-ncaa-d3-conf-NCAC,ncaa,7,7,5,7,6,7,7,7,8,8,7,8,5,3,8,1,5,5,7,5,2,7,5,8,8,8,1,1,2,6,7,7,6,7,8,7,7,7,7,7,7,7,6,7,,,2,2,,,8,5,1,3,7,7,7,8,7,5,1,5,5,5,7,3,6,7,7,7,7,7,6,,3,,,8,8,8,7,8,8,7,8,6,2,7,2,4,4,7,4,3,5,3,8,8,8,1,4,2,3,6,8,7,8,8,8,8,7,7,8,7,7,7,8,,,5,5,,,8,4,8,8,8,8,8,8,8,8,6,5,5,5,5,7,7,5,8,8,8,7,7,7,,4,,,b'\x11\xe8\xe1I\xef\x9f\x02\xc2\x9a\xbe\x12\xdf\x17\xaeN\x1e'
11E8E149-EF9F-02C2-9ABE-12DF17AE4E1E,2024-ncaa-d3-natl,ncaa,353,375,200,357,257,346,358,305,386,366,307,394,223,206,239,155,286,288,234,289,210,304,267,372,367,374,73,114,121,283,318,285,264,292,314,356,313,354,360,378,365,380,244,272,,,105,118,,,397,250,233,244,379,385,339,394,325,225,209,290,302,304,346,257,286,303,308,376,345,384,249,,107,,,387,368,386,288,392,382,285,398,263,238,282,209,163,130,341,133,106,261,154,388,384,406,67,156,77,215,264,302,318,272,314,403,365,378,396,411,352,351,391,404,,,281,280,,,397,149,376,400,392,365,377,328,383,311,274,266,173,137,143,301,177,228,313,279,389,401,336,393,,300,,,b'\x11\xe8\xe1I\xef\x9f\x02\xc2\x9a\xbe\x12\xdf\x17\xaeN\x1e'
11E8E149-EF9F-02C2-9ABE-12DF17AE4E1E,2025-ncaa-d3-conf-NCAC,genius_ncaa,7,7,7,7,7,7,7,7,7,7,8,7,7,5,7,2,6,7,5,6,2,7,7,7,7,7,2,2,2,7,7,6,7,7,7,7,7,8,8,7,7,8,6,7,,,1,1,,4,7,7,1,1,7,7,7,7,8,4,4,6,6,6,7,5,7,4,7,7,8,7,5,,2,,6,7,7,8,7,8,8,8,8,4,3,4,2,2,3,5,3,1,5,4,8,8,8,1,2,1,7,7,2,7,4,7,7,3,7,7,8,8,7,8,8,,,6,4,,1,7,2,7,8,7,8,8,8,8,8,6,6,3,3,3,7,8,7,5,7,8,7,8,8,,4,,1,b'\x11\xe8\xe1I\xef\x9f\x02\xc2\x9a\xbe\x12\xdf\x17\xaeN\x1e'
11E8E149-EF9F-02C2-9ABE-12DF17AE4E1E,2025-ncaa-d3-natl,genius_ncaa,343,356,290,348,327,340,340,377,226,337,367,212,261,286,166,166,312,340,195,336,187,377,354,206,205,299,151,153,207,398,386,302,331,367,342,331,249,354,386,359,401,403,115,139,,,50,51,,180,377,310,203,258,348,346,406,340,372,233,271,312,338,341,409,342,405,251,386,329,368,402,96,,48,,222,376,362,393,320,387,401,349,378,248,195,308,140,80,88,148,89,41,284,143,374,359,401,32,146,28,293,331,90,386,166,342,338,162,405,414,405,382,396,325,399,,,328,242,,155,377,110,338,397,376,377,391,382,397,388,279,242,99,104,102,366,259,321,148,246,349,411,377,353,,315,,141,b'\x11\xe8\xe1I\xef\x9f\x02\xc2\x9a\xbe\x12\xdf\x17\xaeN\x1e'
11E8E149-EF9F-02C2-9ABE-12DF17AE4E1E,2026-ncaa-d3-conf-NCAC,genius_ncaa,5,5,1,5,1,8,8,3,8,7,4,8,4,3,6,3,3,5,4,3,5,3,1,8,8,8,3,4,1,3,5,4,3,3,5,6,6,5,4,7,1,1,3,3,,,5,5,,3,8,2,3,1,8,8,3,7,4,4,3,3,5,3,3,1,3,4,3,6,5,1,3,,5,,3,8,3,5,2,6,5,3,7,3,4,2,5,5,5,3,4,6,2,3,5,5,4,3,3,5,4,3,7,5,7,5,5,6,3,2,6,7,6,8,8,,,5,6,,4,8,4,8,3,8,3,5,2,5,3,3,4,5,5,4,2,3,4,7,7,5,3,7,8,,5,,4,b'\x11\xe8\xe1I\xef\x9f\x02\xc2\x9a\xbe\x12\xdf\x17\xaeN\x1e'
11E8E149-EF9F-02C2-9ABE-12DF17AE4E1E,2026-ncaa-d3-natl,genius_ncaa,157,132,215,163,249,211,187,242,97,174,239,87,188,222,166,180,287,349,11,339,361,266,269,109,102,142,273,199,319,226,93,268,248,266,136,186,227,201,243,195,112,66,41,14,,,201,293,,387,154,269,193,113,125,89,142,103,177,148,172,272,364,346,197,176,175,213,197,132,251,68,17,,291,,403,155,156,110,126,119,107,119,120,162,167,162,239,312,263,386,245,342,141,143,122,204,196,343,195,390,188,248,80,93,111,136,127,233,234,170,151,228,270,336,372,,,329,369,,47,154,136,139,202,167,200,112,156,110,147,199,224,371,341,334,188,211,246,54,117,163,158,279,383,,357,,31,b'\x11\xe8\xe1I\xef\x9f\x02\xc2\x9a\xbe\x12\xdf\x17\xaeN\x1e'
11E8E149-EFA3-C2F8-9ABE-12DF17AE4E1E,2018-ncaa-d3-conf-MASCAC,ncaa,3,3,1,3,2,3,3,5,1,1,2,2,6,7,6,7,4,4,5,4,4,4,4,3,3,4,7,7,3,3,1,1,1,1,1,2,1,6,6,4,5,6,1,2,,,3,3,,,4,3,6,4,3,3,7,1,3,7,7,4,4,4,7,6,5,1,2,2,5,6,1,,3,,,4,4,4,5,3,4,7,1,3,2,6,2,6,6,2,6,5,5,3,2,2,5,3,2,6,3,1,1,1,1,1,2,3,6,7,5,6,4,2,2,,,2,4,,,4,4,4,4,4,2,2,3,4,7,2,2,5,5,5,3,2,2,1,1,2,7,4,2,,3,,,b'\x11\xe8\xe1I\xef\xa3\xc2\xf8\x9a\xbe\x12\xdf\x17\xaeN\x1e'
11E8E149-EFA3-C2F8-9ABE-12DF17AE4E1E,2018-ncaa-d3-natl,ncaa,196,251,68,222,96,167,98,150,55,47,78,62,335,356,265,374,351,346,319,344,421,179,125,98,153,223,433,382,429,154,93,62,143,88,67,31,13,392,357,131,304,350,15,39,,,211,145,,,236,131,285,216,230,112,257,46,100,372,386,406,404,405,327,252,217,82,124,26,341,359,17,,118,,,236,327,335,371,186,376,413,123,123,109,273,37,324,314,278,308,129,378,312,141,155,269,102,69,269,301,143,109,93,157,67,254,136,349,407,353,372,332,147,71,,,300,398,,,236,304,224,271,249,210,233,274,294,373,88,50,256,246,241,270,159,207,38,84,189,416,320,94,,401,,,b'\x11\xe8\xe1I\xef\xa3\xc2\xf8\x9a\xbe\x12\xdf\x17\xaeN\x1e'
11E8E149-EFA3-C2F8-9ABE-12DF17AE4E1E,2019-ncaa-d3-conf-MASCAC,ncaa,2,2,1,2,3,2,2,3,1,1,1,1,5,6,5,7,4,2,7,2,5,3,3,1,1,1,7,7,5,2,1,1,1,1,1,1,1,5,4,2,4,5,1,1,,,5,5,,,3,4,7,5,2,2,4,1,1,6,7,5,2,2,4,5,2,1,1,1,4,7,1,,4,,,3,3,2,6,1,2,4,1,3,4,3,4,5,5,4,5,5,5,4,1,1,4,7,5,7,3,1,1,1,1,1,1,1,5,6,3,3,3,3,2,,,4,3,,,3,4,1,3,3,2,1,4,1,2,3,4,4,4,4,3,2,3,1,1,1,7,3,2,,4,,,b'\x11\xe8\xe1I\xef\xa3\xc2\xf8\x9a\xbe\x12\xdf\x17\xaeN\x1e'
11E8E149-EFA3-C2F8-9ABE-12DF17AE4E1E,2019-ncaa-d3-natl,ncaa,62,72,67,73,114,105,50,160,10,19,56,20,345,389,137,411,327,278,387,277,399,178,137,32,59,105,440,404,418,56,6,45,151,39,11,16,7,349,317,55,276,313,7,14,,,143,102,,,75,191,363,295,145,37,281,13,65,377,412,381,347,347,311,264,68,60,38,6,288,339,5,,81,,,77,141,192,359,62,246,401,41,114,126,176,67,103,125,114,121,56,338,278,48,31,82,77,138,128,310,151,20,6,70,11,97,60,280,340,188,252,211,191,94,,,259,340,,,75,263,77,100,74,74,124,255,172,354,71,61,70,87,83,210,115,251,4,28,72,364,188,150,,362,,,b'\x11\xe8\xe1I\xef\xa3\xc2\xf8\x9a\xbe\x12\xdf\x17\xaeN\x1e'
11E8E149-EFA3-C2F8-9ABE-12DF17AE4E1E,2020-ncaa-d3-conf-MASCAC,ncaa,2,3,1,3,1,4,4,3,3,1,1,3,5,5,6,6,3,3,5,3,7,3,2,4,4,4,7,6,5,1,1,3,2,3,2,4,4,6,3,4,2,2,1,3,,,7,7,,,3,2,6,6,4,4,3,2,1,5,5,5,5,7,3,3,3,4,3,4,3,2,3,,4,,,3,3,3,3,3,5,6,2,2,2,7,2,5,5,4,5,4,3,5,2,2,2,3,3,6,1,2,5,1,2,2,1,1,2,2,1,2,2,3,1,,,2,4,,,3,6,4,2,3,2,2,1,3,5,2,1,4,4,4,1,1,1,2,2,1,2,2,2,,3,,,b'\x11\xe8\xe1I\xef\xa3\xc2\xf8\x9a\xbe\x12\xdf\x17\xaeN\x1e'
11E8E149-EFA3-C2F8-9ABE-12DF17AE4E1E,2020-ncaa-d3-natl,ncaa,79,111,26,104,49,106,69,55,150,38,28,170,255,262,222,345,208,168,323,177,367,58,32,189,215,246,389,339,349,20,15,111,167,43,43,42,63,395,296,172,32,45,23,33,,,313,200,,,125,58,227,264,199,118,140,61,66,309,331,302,269,284,163,118,37,263,85,64,319,62,33,,186,,,132,256,252,281,194,287,362,113,188,110,362,61,262,289,151,291,183,288,374,175,167,93,162,161,244,233,167,174,15,192,43,175,115,42,60,52,288,179,182,73,,,98,287,,,125,383,194,86,132,107,130,99,152,220,106,34,171,186,190,92,169,137,56,62,104,76,205,120,,220,,,b'\x11\xe8\xe1I\xef\xa3\xc2\xf8\x9a\xbe\x12\xdf\x17\xaeN\x1e'
11E8E149-EFA3-C2F8-9ABE-12DF17AE4E1E,2022-ncaa-d3-conf-MASCAC,ncaa,4,4,2,4,4,4,4,3,3,2,1,4,7,7,6,7,4,4,4,5,7,3,3,4,4,4,7,7,6,2,2,3,3,4,3,3,1,3,4,4,2,2,2,2,,,6,6,,,4,4,5,7,4,4,4,1,1,7,7,4,5,5,4,5,3,4,5,3,4,2,2,,6,,,4,2,2,1,3,3,2,3,1,1,5,1,5,5,6,5,6,1,2,3,3,4,5,1,6,2,3,2,2,2,3,2,2,3,2,3,2,3,2,1,,,4,3,,,4,3,4,4,4,3,3,1,3,3,1,1,5,5,5,1,2,2,2,2,3,2,2,2,,3,,,b'\x11\xe8\xe1I\xef\xa3\xc2\xf8\x9a\xbe\x12\xdf\x17\xaeN\x1e'
11E8E149-EFA3-C2F8-9ABE-12DF17AE4E1E,2022-ncaa-d3-natl,ncaa,210,234,188,233,204,151,86,117,69,21,18,100,403,400,397,419,311,297,308,303,420,146,103,169,205,233,428,422,397,92,52,166,118,131,74,30,25,366,306,114,56,52,93,128,,,218,160,,,176,116,57,140,134,35,57,3,3,415,415,341,328,334,86,48,78,143,90,13,346,49,82,,209,,,178,252,288,242,267,344,337,242,85,76,208,32,232,236,236,239,146,237,282,225,225,176,49,44,210,133,118,149,52,139,74,341,311,88,91,189,387,339,114,18,,,243,354,,,176,314,220,138,182,237,275,239,328,349,63,42,234,235,238,231,306,131,126,122,309,74,377,99,,254,,,b'\x11\xe8\xe1I\xef\xa3\xc2\xf8\x9a\xbe\x12\xdf\x17\xaeN\x1e'
11E8E149-EFA3-C2F8-9ABE-12DF17AE4E1E,2023-ncaa-d3-conf-MASCAC,ncaa,4,4,2,4,2,4,4,3,4,3,1,3,5,4,7,6,4,2,5,2,6,2,2,4,3,4,6,6,5,2,1,3,3,2,3,2,2,4,3,3,2,3,3,5,,,6,7,,,4,2,6,2,4,4,3,4,2,6,4,4,4,3,2,2,2,4,2,3,4,2,5,,6,,,4,3,3,1,3,3,6,3,1,1,4,1,7,7,6,7,6,3,5,3,3,4,2,1,7,3,3,5,1,3,3,2,1,3,3,3,2,2,3,1,,,2,3,,,4,5,3,4,4,3,2,2,3,4,1,1,7,7,7,3,2,3,3,3,1,4,2,2,,2,,,b'\x11\xe8\xe1I\xef\xa3\xc2\xf8\x9a\xbe\x12\xdf\x17\xaeN\x1e'
11E8E149-EFA3-C2F8-9ABE-12DF17AE4E1E,2023-ncaa-d3-natl,ncaa,228,297,63,261,80,102,68,33,199,46,26,211,213,192,288,317,211,104,382,95,316,36,22,239,284,285,369,322,345,11,25,134,325,34,159,23,13,397,264,147,64,123,168,264,,,368,242,,,218,33,85,129,125,88,35,55,30,269,252,268,156,146,40,21,13,232,38,20,340,92,208,,330,,,218,384,385,387,277,401,409,196,185,117,341,35,337,386,44,383,226,399,397,239,221,191,87,79,227,386,325,342,25,375,159,386,327,67,147,233,303,152,122,26,,,80,308,,,218,390,225,221,224,296,310,296,345,383,133,61,293,349,346,320,344,335,247,292,328,98,244,79,,131,,,b'\x11\xe8\xe1I\xef\xa3\xc2\xf8\x9a\xbe\x12\xdf\x17\xaeN\x1e'
11E8E149-EFA3-C2F8-9ABE-12DF17AE4E1E,2024-ncaa-d3-conf-MASCAC,ncaa,5,5,4,5,5,5,4,4,3,1,1,4,7,7,7,7,5,4,6,4,5,5,2,4,4,5,7,7,4,2,1,5,3,2,2,4,5,6,5,5,3,3,3,2,,,4,6,,,4,5,4,2,5,4,3,1,1,7,7,5,2,3,3,2,1,5,2,4,5,3,3,,4,,,4,5,4,2,5,5,5,4,2,1,7,1,6,6,6,6,6,2,3,5,6,5,5,1,6,2,3,2,1,2,2,2,1,3,3,3,6,5,3,3,,,1,1,,,4,2,5,4,4,4,4,4,4,5,3,1,7,6,7,4,4,2,2,2,3,3,5,3,,1,,,b'\x11\xe8\xe1I\xef\xa3\xc2\xf8\x9a\xbe\x12\xdf\x17\xaeN\x1e'
11E8E149-EFA3-C2F8-9ABE-12DF17AE4E1E,2024-ncaa-d3-natl,ncaa,353,394,112,364,163,185,159,119,211,76,31,246,383,385,367,411,149,101,337,98,305,106,41,288,298,355,413,413,160,14,3,124,235,38,36,112,86,424,383,324,148,223,154,228,,,289,188,,,323,68,58,196,228,172,109,62,22,394,401,171,112,109,98,16,8,131,16,113,409,162,174,,268,,,319,385,374,353,324,376,379,260,232,150,356,61,367,334,381,337,200,365,352,299,311,316,144,106,261,309,235,121,3,197,36,323,184,146,230,246,419,379,265,105,,,50,185,,,323,353,309,311,322,357,349,336,353,375,214,122,347,308,313,350,338,270,84,153,287,158,407,242,,39,,,b'\x11\xe8\xe1I\xef\xa3\xc2\xf8\x9a\xbe\x12\xdf\x17\xaeN\x1e'
11E8E149-EFA3-C2F8-9ABE-12DF17AE4E1E,2025-ncaa-d3-conf-MASCAC,genius_ncaa,5,5,5,5,5,5,5,6,1,3,3,4,5,6,2,6,5,5,4,5,4,6,6,4,4,5,6,6,4,6,3,4,1,6,2,3,2,4,5,3,6,5,3,3,,,1,3,,1,5,6,5,1,5,4,5,1,2,5,6,5,4,4,6,5,6,3,5,3,5,6,2,,2,,1,5,2,3,1,4,4,3,4,1,1,2,2,3,3,5,3,3,1,1,4,4,5,1,1,3,1,1,1,3,1,2,1,1,6,6,3,5,6,1,1,,,4,2,,1,5,1,5,5,5,4,5,3,5,5,1,2,5,4,4,3,1,1,2,1,1,6,5,1,,3,,1,b'\x11\xe8\xe1I\xef\xa3\xc2\xf8\x9a\xbe\x12\xdf\x17\xaeN\x1e'
11E8E149-EFA3-C2F8-9ABE-12DF17AE4E1E,2025-ncaa-d3-natl,genius_ncaa,274,299,192,292,201,231,208,234,190,134,96,234,364,378,274,386,149,91,340,89,175,205,163,252,258,277,375,383,114,195,220,101,133,145,160,123,36,326,308,222,295,332,149,201,,,290,288,,3,276,149,116,50,224,207,213,101,60,370,384,119,71,72,165,110,191,47,89,90,323,298,153,,324,,3,272,281,301,271,262,362,328,297,53,125,33,73,287,313,131,314,245,295,250,198,198,249,46,27,244,213,133,243,220,228,160,124,39,273,320,200,347,328,43,23,,,51,28,,397,276,262,286,245,275,295,306,298,359,351,64,139,317,329,332,315,287,206,253,237,136,286,342,40,,19,,401,b'\x11\xe8\xe1I\xef\xa3\xc2\xf8\x9a\xbe\x12\xdf\x17\xaeN\x1e'
11E8E149-EFA3-C2F8-9ABE-12DF17AE4E1E,2026-ncaa-d3-conf-MASCAC,genius_ncaa,1,1,1,1,1,1,1,2,1,1,2,1,1,2,1,2,1,1,2,1,1,2,2,1,1,1,1,2,1,2,1,1,1,1,1,1,1,2,2,1,2,2,2,2,,,1,1,,2,1,2,1,1,1,1,2,1,2,1,2,1,1,1,2,2,2,1,1,1,2,2,2,,1,,2,1,1,1,2,1,1,2,1,1,2,1,2,1,1,2,1,1,2,2,1,1,1,1,2,1,2,1,1,1,1,1,1,1,2,2,1,2,2,2,2,,,1,1,,2,1,2,1,1,1,1,1,2,1,2,1,2,1,1,1,2,2,2,1,1,1,2,2,2,,1,,2,b'\x11\xe8\xe1I\xef\xa3\xc2\xf8\x9a\xbe\x12\xdf\x17\xaeN\x1e'
11E8E149-EFA3-C2F8-9ABE-12DF17AE4E1E,2026-ncaa-d3-natl,genius_ncaa,225,268,116,265,139,164,156,178,160,139,144,197,199,231,155,295,148,154,193,154,216,172,144,172,174,238,254,260,194,119,90,232,259,179,177,118,121,336,326,254,194,232,230,274,,,230,201,,104,274,151,159,113,188,186,227,151,158,231,283,157,190,193,218,141,129,307,234,140,328,225,263,,202,,90,266,310,327,245,375,348,280,366,209,192,248,123,233,190,342,194,131,243,260,362,364,328,70,112,135,241,259,187,90,204,177,342,277,128,153,271,360,356,107,62,,,132,195,,201,274,265,218,313,266,305,336,212,355,268,172,123,211,147,148,197,231,206,105,143,335,138,359,68,,152,,217,b'\x11\xe8\xe1I\xef\xa3\xc2\xf8\x9a\xbe\x12\xdf\x17\xaeN\x1e'
11E8E149-EFA8-5C6E-9ABE-12DF17AE4E1E,2018-ncaa-d3-conf-Skyline,ncaa,9,9,7,9,8,9,9,9,9,9,4,9,9,9,10,10,6,5,8,6,7,9,6,9,9,9,8,10,1,7,8,9,8,9,9,9,10,8,9,9,7,7,9,9,,,7,8,,,9,5,1,4,9,9,9,9,2,9,9,5,3,3,8,2,5,9,9,9,9,5,9,,9,,,9,9,8,7,9,8,8,9,6,2,9,2,6,6,6,6,4,7,6,9,9,9,3,2,4,7,8,8,8,8,9,7,2,5,7,7,9,9,10,7,,,7,8,,,9,6,9,9,9,9,8,7,8,8,6,4,8,8,8,7,9,7,9,9,7,3,9,10,,6,,,b'\x11\xe8\xe1I\xef\xa8\\n\x9a\xbe\x12\xdf\x17\xaeN\x1e'
11E8E149-EFA8-5C6E-9ABE-12DF17AE4E1E,2018-ncaa-d3-natl,ncaa,417,411,363,419,374,413,412,282,434,350,85,435,436,424,440,436,315,267,365,268,382,279,170,436,434,435,417,440,31,172,321,366,426,317,419,417,413,420,415,430,133,159,389,414,,,191,104,,,436,174,12,277,417,416,101,324,11,440,428,267,174,172,99,21,87,308,187,427,431,81,388,,315,,,433,411,430,349,429,436,404,429,123,118,254,57,138,193,51,180,71,334,325,409,391,363,10,39,47,414,426,415,321,429,419,421,260,151,207,340,440,432,381,291,,,377,426,,,436,271,433,399,432,436,438,429,439,438,211,180,216,288,280,432,433,423,438,437,430,74,441,415,,340,,,b'\x11\xe8\xe1I\xef\xa8\\n\x9a\xbe\x12\xdf\x17\xaeN\x1e'
11E8E149-EFA8-5C6E-9ABE-12DF17AE4E1E,2019-ncaa-d3-conf-Skyline,ncaa,8,8,7,8,7,8,8,6,9,6,2,9,9,8,9,8,2,3,2,3,7,5,3,9,9,9,6,8,1,4,6,7,5,6,6,9,10,8,8,9,5,5,7,8,,,9,10,,,8,5,2,2,8,8,3,5,2,9,7,2,3,3,2,2,3,7,5,9,8,2,6,,10,,,8,9,8,5,9,8,7,8,3,1,10,1,8,9,1,9,7,6,6,9,9,8,4,4,7,4,5,7,6,5,6,6,3,5,6,6,8,8,10,9,,,5,7,,,8,5,9,7,8,9,8,7,8,8,5,2,9,9,9,8,9,5,8,7,7,3,9,10,,2,,,b'\x11\xe8\xe1I\xef\xa8\\n\x9a\xbe\x12\xdf\x17\xaeN\x1e'
11E8E149-EFA8-5C6E-9ABE-12DF17AE4E1E,2019-ncaa-d3-natl,ncaa,390,361,390,393,399,362,349,179,421,270,68,424,414,399,413,414,278,259,293,255,382,190,186,427,425,415,379,401,105,54,102,266,342,147,267,408,423,248,234,408,192,188,389,410,,,243,267,,,380,269,6,254,290,268,9,154,4,402,360,159,125,114,8,7,10,47,12,401,380,97,374,,417,,,385,207,289,207,318,359,358,247,71,43,336,24,133,313,1,306,201,225,202,271,186,220,38,60,126,333,342,349,102,353,267,178,80,275,283,241,252,238,334,223,,,335,386,,,380,157,397,264,381,405,412,420,424,437,177,111,263,420,418,429,433,413,434,428,311,132,360,400,,153,,,b'\x11\xe8\xe1I\xef\xa8\\n\x9a\xbe\x12\xdf\x17\xaeN\x1e'
11E8E149-EFA8-5C6E-9ABE-12DF17AE4E1E,2020-ncaa-d3-conf-Skyline,ncaa,9,9,7,9,7,9,7,5,9,4,3,9,9,9,6,9,9,5,10,5,8,5,3,8,9,9,9,9,7,4,5,9,10,6,8,9,11,10,9,9,6,7,9,9,,,10,9,,,10,2,1,1,8,4,1,4,2,9,9,8,4,4,1,1,3,8,5,9,11,5,9,,10,,,10,11,10,9,10,10,9,10,11,8,11,6,10,11,7,11,10,10,10,10,11,10,9,8,8,10,10,10,5,10,8,10,8,6,7,8,10,9,7,5,,,7,9,,,10,10,9,10,9,11,10,10,10,9,11,10,10,11,11,11,11,10,10,10,10,5,10,8,,5,,,b'\x11\xe8\xe1I\xef\xa8\\n\x9a\xbe\x12\xdf\x17\xaeN\x1e'
11E8E149-EFA8-5C6E-9ABE-12DF17AE4E1E,2020-ncaa-d3-natl,ncaa,379,345,398,382,407,348,317,229,362,251,84,390,374,385,297,395,379,298,424,300,385,251,195,380,400,392,390,349,337,121,200,332,419,264,377,368,409,349,342,393,205,239,374,389,,,198,147,,,388,232,6,242,257,197,18,99,5,342,339,329,170,175,18,11,44,148,55,331,417,102,337,,387,,,394,360,350,258,343,328,271,300,328,226,393,182,262,361,18,362,319,297,291,354,321,315,237,276,174,415,419,349,200,398,377,393,371,201,247,338,337,328,187,133,,,387,425,,,388,188,384,372,386,427,419,428,416,422,399,362,382,419,422,435,434,433,426,432,420,72,391,294,,280,,,b'\x11\xe8\xe1I\xef\xa8\\n\x9a\xbe\x12\xdf\x17\xaeN\x1e'
11E8E149-EFA8-5C6E-9ABE-12DF17AE4E1E,2021-ncaa-d3-conf-Skyline,ncaa,1,3,1,3,1,1,1,1,1,1,1,1,2,1,3,2,1,2,1,2,3,1,1,2,2,3,3,2,3,1,2,1,2,1,2,1,2,3,3,3,1,1,1,1,,,3,3,,,3,1,2,1,3,1,1,1,2,2,2,3,3,3,3,3,2,1,1,2,3,1,1,,3,,,2,3,3,3,2,3,3,1,3,3,3,1,3,3,1,3,3,3,3,2,2,2,3,3,3,3,2,3,2,3,2,3,3,1,3,2,3,2,1,1,,,2,3,,,3,3,3,2,2,2,2,2,2,2,3,2,3,3,3,2,2,2,1,2,2,3,1,1,,3,,,b'\x11\xe8\xe1I\xef\xa8\\n\x9a\xbe\x12\xdf\x17\xaeN\x1e'
11E8E149-EFA8-5C6E-9ABE-12DF17AE4E1E,2021-ncaa-d3-natl,ncaa,215,149,206,224,217,224,219,209,265,211,203,258,237,216,275,200,225,228,125,228,269,209,200,267,269,277,252,238,169,190,95,201,240,198,177,215,144,145,280,274,181,138,177,173,,,109,236,,,246,203,11,258,258,250,96,197,64,264,194,243,255,252,143,16,48,46,34,222,283,80,142,,276,,,259,86,81,82,76,84,86,76,73,79,107,69,127,135,60,131,243,86,87,73,85,85,159,77,253,120,240,85,95,94,177,106,267,183,117,160,122,246,59,41,,,222,278,,,246,85,274,123,247,211,171,245,179,255,124,153,268,276,277,264,278,263,224,255,241,42,268,57,,263,,,b'\x11\xe8\xe1I\xef\xa8\\n\x9a\xbe\x12\xdf\x17\xaeN\x1e'
11E8E149-EFA8-5C6E-9ABE-12DF17AE4E1E,2022-ncaa-d3-conf-Skyline,ncaa,8,8,7,8,7,8,8,9,7,7,8,7,6,7,7,6,10,11,4,11,11,9,8,8,8,9,6,6,10,10,10,7,9,10,9,7,2,10,11,9,6,8,3,4,,,11,11,,,9,6,3,1,8,8,8,7,7,5,7,10,11,11,8,6,10,7,10,7,11,7,3,,11,,,9,9,6,6,7,5,6,6,8,7,9,6,11,11,5,11,11,9,8,7,9,7,9,7,11,7,9,8,10,7,9,10,11,5,7,8,10,11,1,1,,,10,10,,,9,7,9,7,9,9,7,7,7,7,9,7,11,11,11,9,10,9,8,8,10,5,11,1,,10,,,b'\x11\xe8\xe1I\xef\xa8\\n\x9a\xbe\x12\xdf\x17\xaeN\x1e'
11E8E149-EFA8-5C6E-9ABE-12DF17AE4E1E,2022-ncaa-d3-natl,ncaa,328,290,345,332,354,333,282,268,301,260,214,328,287,304,244,255,396,404,162,404,422,315,293,309,336,353,324,222,405,334,358,256,377,292,368,236,131,305,351,291,251,278,208,229,,,300,307,,,355,269,19,128,268,193,59,164,61,243,228,396,412,412,121,49,264,60,144,159,383,179,148,,409,,,357,249,212,219,205,245,258,182,151,158,194,106,358,394,61,396,372,260,221,187,195,225,221,127,364,384,377,272,358,346,368,343,374,225,272,310,316,340,28,11,,,396,421,,,355,166,361,290,345,382,356,397,359,404,251,269,409,424,424,414,415,411,396,412,376,119,377,25,,408,,,b'\x11\xe8\xe1I\xef\xa8\\n\x9a\xbe\x12\xdf\x17\xaeN\x1e'
11E8E149-EFA8-5C6E-9ABE-12DF17AE4E1E,2023-ncaa-d3-conf-Skyline,ncaa,6,5,7,6,7,6,6,8,4,5,8,3,6,6,4,5,8,10,1,10,10,8,8,3,3,5,8,6,9,9,7,8,9,8,8,5,3,6,6,5,6,6,3,4,,,7,6,,,5,6,5,2,6,5,6,4,5,6,5,8,10,10,7,7,8,6,8,4,6,5,2,,9,,,5,5,5,6,7,5,5,4,7,7,8,7,7,7,3,6,8,6,6,7,6,6,9,8,5,10,9,4,7,6,8,6,8,7,7,7,8,8,1,2,,,10,9,,,5,3,5,7,5,6,6,7,5,7,8,8,9,10,9,7,10,10,5,6,7,6,8,1,,10,,,b'\x11\xe8\xe1I\xef\xa8\\n\x9a\xbe\x12\xdf\x17\xaeN\x1e'
11E8E149-EFA8-5C6E-9ABE-12DF17AE4E1E,2023-ncaa-d3-natl,ncaa,270,198,397,251,399,325,284,370,130,263,324,163,284,325,129,245,395,406,132,405,412,387,389,143,172,237,322,209,409,374,306,318,372,356,326,159,14,175,330,163,189,132,187,161,,,83,136,,,212,385,113,131,190,131,148,114,134,193,232,374,400,399,208,141,292,52,160,45,331,85,123,,260,,,209,35,32,88,37,25,96,15,230,174,330,263,67,124,9,124,202,83,70,62,38,66,357,374,148,348,372,59,306,163,326,196,394,295,225,272,244,345,26,34,,,408,411,,,212,39,267,143,217,216,206,368,128,338,355,334,173,287,287,376,367,404,282,372,322,125,353,45,,396,,,b'\x11\xe8\xe1I\xef\xa8\\n\x9a\xbe\x12\xdf\x17\xaeN\x1e'
11E8E149-EFA8-5C6E-9ABE-12DF17AE4E1E,2024-ncaa-d3-conf-Skyline,ncaa,8,8,7,8,8,9,9,10,7,9,10,6,6,6,6,4,10,10,3,10,9,10,11,6,6,8,4,4,9,10,9,10,11,10,9,9,8,6,8,8,8,8,6,6,,,6,7,,,9,11,9,3,9,9,10,9,10,6,5,10,10,10,10,11,10,10,10,9,6,8,6,,6,,,9,7,8,7,8,7,4,9,9,11,7,10,6,6,3,6,7,5,3,8,7,8,7,10,4,11,11,7,9,9,9,8,11,8,8,9,7,8,1,4,,,11,9,,,9,1,8,10,9,8,8,7,7,7,9,11,6,6,7,7,6,11,7,9,8,8,7,1,,11,,,b'\x11\xe8\xe1I\xef\xa8\\n\x9a\xbe\x12\xdf\x17\xaeN\x1e'
11E8E149-EFA8-5C6E-9ABE-12DF17AE4E1E,2024-ncaa-d3-natl,ncaa,318,297,345,324,357,348,330,342,310,344,342,322,206,205,196,114,386,391,253,394,365,359,348,277,313,344,140,86,356,353,371,276,405,328,393,307,217,277,348,330,314,320,251,262,,,140,147,,,351,327,141,244,325,300,245,331,302,171,143,387,392,395,309,221,334,128,237,282,341,267,222,,262,,,354,192,228,247,188,236,222,200,220,249,184,242,123,186,24,209,199,240,191,185,138,210,186,253,118,409,405,256,371,369,393,339,391,292,315,355,301,347,35,78,,,388,378,,,351,99,352,328,353,332,339,385,325,366,317,349,210,282,301,389,380,417,368,409,373,219,335,53,,383,,,b'\x11\xe8\xe1I\xef\xa8\\n\x9a\xbe\x12\xdf\x17\xaeN\x1e'
11E8E149-EFA8-5C6E-9ABE-12DF17AE4E1E,2025-ncaa-d3-conf-Skyline,genius_ncaa,9,9,7,9,9,8,8,8,8,7,8,6,9,5,10,4,10,11,1,11,10,8,9,8,8,8,7,6,10,9,10,9,9,9,9,7,2,8,8,8,7,7,4,4,,,5,5,,4,8,9,5,8,8,8,8,6,8,7,5,10,11,11,8,9,9,7,9,6,8,7,4,,6,,5,8,7,8,8,8,9,9,7,2,1,5,1,6,7,5,7,4,8,5,7,7,7,2,1,6,9,9,7,10,6,9,7,4,8,8,7,7,7,4,6,,,11,11,,7,8,3,8,7,8,7,7,7,9,9,4,4,6,8,8,7,8,9,7,8,7,7,7,6,,11,,7,b'\x11\xe8\xe1I\xef\xa8\\n\x9a\xbe\x12\xdf\x17\xaeN\x1e'
11E8E149-EFA8-5C6E-9ABE-12DF17AE4E1E,2025-ncaa-d3-natl,genius_ncaa,359,356,345,360,357,372,356,345,343,346,351,293,291,234,357,96,406,416,79,415,418,373,355,335,347,364,251,148,386,350,357,280,353,319,355,227,13,318,378,289,195,164,176,206,,,101,123,,169,315,345,165,258,373,344,277,323,317,258,152,404,418,418,361,234,326,122,227,148,366,122,135,,179,,226,315,47,97,137,117,222,272,138,15,32,15,40,95,115,89,119,95,121,126,62,54,73,20,21,175,357,353,203,357,295,355,158,248,219,183,183,286,349,43,117,,,401,411,,129,315,74,368,140,316,167,229,315,318,377,29,75,155,185,196,304,319,375,335,364,249,130,339,67,,409,,97,b'\x11\xe8\xe1I\xef\xa8\\n\x9a\xbe\x12\xdf\x17\xaeN\x1e'
11E8E149-EFA8-5C6E-9ABE-12DF17AE4E1E,2026-ncaa-d3-conf-Skyline,genius_ncaa,10,8,10,10,10,10,10,11,9,11,11,9,7,8,6,6,11,11,9,10,8,11,10,8,10,10,5,5,9,11,10,11,11,11,11,10,2,6,10,10,10,9,6,6,,,3,5,,2,10,10,3,2,10,9,9,9,9,6,6,11,9,7,9,5,9,11,10,8,11,8,5,,8,,2,11,8,8,2,11,9,3,11,2,1,10,3,6,9,2,9,11,3,2,11,11,11,1,2,5,5,11,4,10,5,11,10,11,9,9,10,9,11,5,8,,,10,8,,7,10,2,10,11,10,11,11,9,11,10,5,4,10,11,11,11,10,10,9,10,11,7,11,7,,5,,6,b'\x11\xe8\xe1I\xef\xa8\\n\x9a\xbe\x12\xdf\x17\xaeN\x1e'
11E8E149-EFA8-5C6E-9ABE-12DF17AE4E1E,2026-ncaa-d3-natl,genius_ncaa,345,329,215,363,249,352,338,278,355,327,239,378,268,289,234,274,368,325,395,327,340,301,211,349,376,394,245,173,316,226,252,337,400,311,377,224,19,385,403,354,116,141,304,357,,,167,96,,104,390,201,27,113,371,345,250,325,177,272,282,389,320,326,288,50,175,357,297,181,407,70,290,,231,,111,389,287,329,211,402,374,324,364,82,38,358,5,165,284,3,280,173,228,252,390,345,290,8,17,76,351,400,231,252,284,377,402,413,103,106,362,404,410,180,201,,,304,381,,201,390,215,392,333,383,381,397,339,408,406,82,14,204,357,356,365,394,384,340,374,413,43,411,208,,316,,195,b'\x11\xe8\xe1I\xef\xa8\\n\x9a\xbe\x12\xdf\x17\xaeN\x1e'
11E8E149-EFAC-D91A-9ABE-12DF17AE4E1E,2018-ncaa-d3-conf-CUNYAC,ncaa,7,7,7,7,9,7,7,7,7,6,6,5,6,7,7,6,7,7,7,7,8,7,7,6,7,7,7,7,7,8,8,6,6,7,6,7,9,8,7,7,5,5,8,9,,,3,3,,,7,5,1,9,7,7,6,6,4,6,6,7,7,7,7,4,8,1,6,7,8,5,8,,4,,,7,8,7,9,7,7,8,6,8,8,8,7,2,3,1,3,3,9,7,7,7,7,5,9,2,7,6,6,8,5,6,7,6,6,6,7,6,6,2,3,,,7,6,,,7,5,7,7,7,8,7,9,7,8,8,8,3,5,5,9,9,7,6,8,7,5,7,3,,5,,,b'\x11\xe8\xe1I\xef\xac\xd9\x1a\x9a\xbe\x12\xdf\x17\xaeN\x1e'
11E8E149-EFAC-D91A-9ABE-12DF17AE4E1E,2018-ncaa-d3-natl,ncaa,320,349,197,335,300,270,219,128,322,143,56,323,382,349,398,386,317,217,416,212,363,136,45,362,379,405,412,388,331,144,247,106,411,118,357,294,379,442,425,414,102,203,439,443,,,242,36,,,396,23,3,426,275,213,65,101,31,389,357,340,204,201,72,10,125,43,57,319,440,84,440,,252,,,392,430,436,443,278,434,439,279,321,347,198,162,184,297,7,301,90,441,436,268,184,184,55,168,55,441,411,386,247,432,357,431,292,65,178,248,430,405,79,21,,,181,389,,,396,424,408,257,382,423,427,443,427,439,325,360,177,312,321,442,442,438,386,426,419,40,423,75,,146,,,b'\x11\xe8\xe1I\xef\xac\xd9\x1a\x9a\xbe\x12\xdf\x17\xaeN\x1e'
11E8E149-EFAC-D91A-9ABE-12DF17AE4E1E,2019-ncaa-d3-conf-CUNYAC,ncaa,7,7,7,7,8,7,7,7,7,7,7,7,6,5,7,3,8,6,8,6,5,7,5,7,7,7,4,5,6,2,1,2,6,2,2,7,7,9,9,8,7,8,2,3,,,4,4,,,7,7,1,4,7,7,5,6,7,6,4,7,5,5,5,1,1,1,1,7,9,7,1,,7,,,7,5,5,8,5,5,9,4,5,2,9,1,2,3,1,4,1,8,4,5,4,5,2,4,3,7,6,1,1,1,2,7,7,7,9,8,9,8,5,7,,,7,8,,,7,3,7,6,7,7,7,9,7,9,7,4,4,5,7,9,9,7,1,5,8,6,9,5,,6,,,b'\x11\xe8\xe1I\xef\xac\xd9\x1a\x9a\xbe\x12\xdf\x17\xaeN\x1e'
11E8E149-EFAC-D91A-9ABE-12DF17AE4E1E,2019-ncaa-d3-natl,ncaa,375,399,215,386,271,377,371,229,418,350,200,417,345,248,418,265,344,176,439,178,175,217,29,420,427,433,266,262,219,17,19,30,376,15,105,369,285,443,439,436,301,396,115,243,,,257,75,,,419,56,4,257,410,403,185,377,177,359,243,359,148,151,167,5,7,5,2,392,443,308,106,,284,,,416,364,388,438,90,386,442,46,288,257,317,73,179,271,22,277,72,436,423,75,49,100,105,202,100,438,376,240,19,396,105,423,406,164,332,362,441,430,203,209,,,214,398,,,419,387,430,176,406,367,384,437,373,439,301,267,190,278,285,439,440,435,261,401,417,144,440,222,,179,,,b'\x11\xe8\xe1I\xef\xac\xd9\x1a\x9a\xbe\x12\xdf\x17\xaeN\x1e'
11E8E149-EFAC-D91A-9ABE-12DF17AE4E1E,2020-ncaa-d3-conf-CUNYAC,ncaa,4,5,1,5,2,5,5,5,5,4,2,5,6,6,6,6,5,3,8,3,6,4,3,5,5,5,8,6,5,3,2,1,2,1,2,5,3,6,6,5,5,5,1,2,,,1,1,,,4,2,6,2,5,5,6,4,5,6,6,8,3,3,6,5,3,1,1,5,6,6,1,,1,,,4,2,3,7,2,2,5,2,5,8,2,8,1,1,8,1,2,7,5,2,2,4,7,8,5,4,2,2,2,2,2,5,7,6,6,5,6,5,2,2,,,3,5,,,4,6,5,3,4,2,3,5,2,3,5,7,1,1,1,5,2,4,2,2,5,7,5,1,,4,,,b'\x11\xe8\xe1I\xef\xac\xd9\x1a\x9a\xbe\x12\xdf\x17\xaeN\x1e'
11E8E149-EFAC-D91A-9ABE-12DF17AE4E1E,2020-ncaa-d3-natl,ncaa,237,218,327,240,357,345,287,271,279,186,119,286,402,389,389,391,411,324,434,323,386,287,150,337,379,402,431,391,405,60,37,38,142,35,37,217,91,431,417,367,231,245,145,139,,,51,33,,,231,221,59,303,341,252,169,108,41,400,380,417,299,299,189,31,27,2,5,158,429,181,111,,60,,,231,28,33,289,4,34,210,6,188,356,15,343,63,73,140,67,75,236,225,4,4,11,325,345,179,299,142,117,37,185,37,207,417,206,225,221,386,362,19,8,,,356,417,,,231,212,381,18,230,63,80,377,64,310,242,380,94,98,90,355,370,334,203,271,264,151,393,16,,336,,,b'\x11\xe8\xe1I\xef\xac\xd9\x1a\x9a\xbe\x12\xdf\x17\xaeN\x1e'
11E8E149-EFAC-D91A-9ABE-12DF17AE4E1E,2022-ncaa-d3-conf-CUNYAC,ncaa,4,4,2,4,2,3,4,5,2,4,3,2,3,4,3,4,4,3,6,3,2,4,3,2,2,5,4,4,4,3,2,2,3,3,2,5,6,6,6,5,6,6,1,2,,,2,2,,,5,4,5,4,5,4,6,4,4,3,4,5,3,3,6,5,3,1,3,5,6,6,1,,2,,,5,4,6,6,3,5,6,3,4,5,3,4,4,4,4,4,2,5,5,2,2,4,4,4,3,5,3,2,2,2,2,6,6,6,6,6,6,5,1,1,,,3,2,,,5,5,4,4,5,5,5,6,4,6,3,5,3,3,3,6,3,4,2,2,5,6,6,1,,3,,,b'\x11\xe8\xe1I\xef\xac\xd9\x1a\x9a\xbe\x12\xdf\x17\xaeN\x1e'
11E8E149-EFAC-D91A-9ABE-12DF17AE4E1E,2022-ncaa-d3-natl,ncaa,275,156,405,240,411,399,382,411,137,350,398,122,376,388,270,270,410,399,414,399,287,412,400,177,233,352,368,285,391,317,38,330,281,337,79,315,87,310,418,348,403,375,146,90,,,16,13,,,257,406,152,228,323,242,359,180,259,315,308,403,325,330,373,118,110,13,23,158,419,343,45,,21,,,269,15,26,49,74,44,80,90,37,62,63,179,17,18,41,18,19,38,28,61,35,89,65,191,40,188,281,11,38,23,79,170,409,398,349,377,279,402,15,38,,,406,359,,,257,24,333,145,262,185,269,393,286,394,160,277,34,56,59,376,347,379,50,218,363,284,406,25,,335,,,b'\x11\xe8\xe1I\xef\xac\xd9\x1a\x9a\xbe\x12\xdf\x17\xaeN\x1e'
11E8E149-EFAC-D91A-9ABE-12DF17AE4E1E,2023-ncaa-d3-conf-CUNYAC,ncaa,4,5,1,5,4,4,4,5,3,5,6,4,4,4,3,5,3,3,4,3,2,5,4,4,4,4,4,5,3,5,3,2,3,3,2,6,7,6,6,6,5,5,2,2,,,6,6,,,4,4,7,8,4,5,6,5,6,4,5,3,3,3,6,7,5,2,4,6,6,5,2,,6,,,4,4,5,7,2,4,6,2,4,7,1,6,7,7,6,7,6,7,6,2,2,4,5,5,7,4,3,1,3,2,2,4,4,5,6,6,4,5,1,1,,,3,4,,,4,5,4,4,4,3,4,6,4,5,3,7,6,6,6,6,4,3,1,2,4,6,4,1,,4,,,b'\x11\xe8\xe1I\xef\xac\xd9\x1a\x9a\xbe\x12\xdf\x17\xaeN\x1e'
11E8E149-EFAC-D91A-9ABE-12DF17AE4E1E,2023-ncaa-d3-natl,ncaa,188,198,185,198,266,183,160,201,114,103,112,138,326,330,271,348,217,202,262,203,294,199,128,163,180,260,379,368,240,107,29,101,209,104,47,161,208,384,352,281,87,94,37,48,,,153,99,,,103,153,98,395,170,127,164,66,74,339,339,201,191,192,164,83,87,46,42,140,371,76,30,,154,,,99,76,83,288,11,145,333,24,48,172,5,126,189,179,249,169,106,270,304,9,8,12,104,66,290,306,209,47,29,114,47,196,316,104,124,116,254,218,41,18,,,237,320,,,103,291,232,21,97,73,88,309,157,352,39,170,195,178,169,288,333,301,37,119,194,90,254,34,,245,,,b'\x11\xe8\xe1I\xef\xac\xd9\x1a\x9a\xbe\x12\xdf\x17\xaeN\x1e'
11E8E149-EFAC-D91A-9ABE-12DF17AE4E1E,2024-ncaa-d3-conf-CUNYAC,ncaa,8,8,7,8,7,8,8,8,8,7,7,8,8,8,8,7,7,6,5,6,3,8,8,8,8,8,6,7,1,7,6,8,7,7,7,8,8,6,8,8,8,8,8,8,,,1,1,,,8,8,7,7,8,8,8,7,6,8,7,6,4,4,8,8,6,8,7,8,7,8,8,,1,,,8,7,8,6,8,8,7,8,5,2,7,2,1,1,1,1,1,4,1,8,8,8,1,4,1,6,7,1,6,4,7,8,8,8,8,8,7,7,2,4,,,7,2,,,8,1,8,8,8,8,8,8,8,8,6,5,1,1,1,8,4,7,5,7,8,8,7,2,,4,,,b'\x11\xe8\xe1I\xef\xac\xd9\x1a\x9a\xbe\x12\xdf\x17\xaeN\x1e'
11E8E149-EFAC-D91A-9ABE-12DF17AE4E1E,2024-ncaa-d3-natl,ncaa,408,361,403,411,409,418,419,413,423,416,382,423,422,418,425,392,381,369,376,369,225,412,400,424,422,422,317,411,9,398,381,410,425,412,416,421,419,360,418,422,416,420,419,423,,,10,5,,,418,400,109,406,422,423,411,411,213,424,414,294,233,232,406,193,369,375,398,422,417,407,421,,9,,,423,183,358,221,388,396,357,373,54,39,202,28,9,10,6,11,4,144,50,356,274,382,2,31,3,395,425,43,381,206,416,417,423,416,421,425,370,412,106,258,,,400,301,,,418,27,424,411,422,412,418,425,421,426,193,184,6,26,27,423,401,423,333,413,426,405,413,257,,293,,,b'\x11\xe8\xe1I\xef\xac\xd9\x1a\x9a\xbe\x12\xdf\x17\xaeN\x1e'
11E8E149-EFAC-D91A-9ABE-12DF17AE4E1E,2025-ncaa-d3-conf-CUNYAC,genius_ncaa,7,6,7,7,8,8,8,8,8,7,7,8,8,7,7,7,7,6,7,6,3,8,8,8,8,8,5,6,2,8,8,8,7,8,7,8,8,5,7,8,7,5,7,8,,,1,1,,7,7,8,7,3,8,8,8,7,6,7,7,7,3,3,8,8,8,8,8,8,7,5,7,,1,,8,7,5,8,4,8,7,5,8,6,3,7,4,1,1,1,1,1,2,1,8,6,7,1,6,1,5,7,2,8,3,7,8,8,8,6,8,6,7,3,3,,,7,1,,7,7,1,8,7,7,7,8,6,7,6,7,4,1,1,1,6,5,6,4,5,8,6,6,4,,2,,7,b'\x11\xe8\xe1I\xef\xac\xd9\x1a\x9a\xbe\x12\xdf\x17\xaeN\x1e'
11E8E149-EFAC-D91A-9ABE-12DF17AE4E1E,2025-ncaa-d3-natl,genius_ncaa,370,319,397,371,401,412,412,409,414,407,330,416,414,414,411,410,392,305,414,301,189,402,396,414,413,414,379,408,15,359,293,410,416,404,405,415,405,351,404,414,318,247,381,390,,,9,6,,107,402,398,77,258,412,413,378,388,95,412,412,331,103,97,340,102,226,412,382,413,407,151,356,,17,,188,406,45,221,83,356,334,270,331,14,9,128,12,6,9,2,9,4,46,38,295,192,207,1,19,4,367,416,47,293,177,405,386,416,303,209,385,364,401,196,293,,,335,115,,410,402,23,413,310,408,350,398,398,406,413,71,62,7,33,34,385,392,409,343,392,417,97,406,350,,75,,409,b'\x11\xe8\xe1I\xef\xac\xd9\x1a\x9a\xbe\x12\xdf\x17\xaeN\x1e'
11E8E149-EFAC-D91A-9ABE-12DF17AE4E1E,2026-ncaa-d3-conf-CUNYAC,genius_ncaa,7,7,1,7,1,7,7,4,7,7,3,7,7,5,8,6,8,8,3,8,8,6,3,7,8,7,7,7,5,3,7,5,6,5,6,7,7,7,7,7,6,6,2,4,,,2,2,,3,7,1,1,1,7,7,4,7,3,7,5,8,8,8,6,3,3,5,5,7,7,6,2,,2,,3,7,7,7,6,8,8,8,8,1,2,2,1,2,2,4,2,2,5,8,8,8,7,1,1,2,4,6,7,7,7,6,8,5,4,5,6,8,7,3,4,,,8,8,,5,7,8,7,6,7,7,7,6,8,8,1,2,2,2,2,5,8,4,7,7,8,4,8,3,,8,,5,b'\x11\xe8\xe1I\xef\xac\xd9\x1a\x9a\xbe\x12\xdf\x17\xaeN\x1e'
11E8E149-EFAC-D91A-9ABE-12DF17AE4E1E,2026-ncaa-d3-natl,genius_ncaa,390,366,215,390,249,394,389,251,414,377,148,414,395,365,405,383,392,313,414,311,383,266,129,414,415,415,380,360,242,109,216,163,337,135,306,377,149,412,412,411,124,209,158,267,,,189,63,,75,410,128,5,113,412,409,159,395,49,408,378,408,302,293,197,7,48,34,22,389,415,77,143,,263,,80,409,289,329,312,296,378,374,284,67,103,64,17,193,249,44,245,88,310,311,229,178,179,6,12,101,364,337,332,216,351,306,369,346,111,188,298,415,413,134,97,,,273,394,,262,410,285,414,229,408,383,397,405,409,414,66,113,250,330,334,409,413,396,405,401,393,45,416,146,,251,,271,b'\x11\xe8\xe1I\xef\xac\xd9\x1a\x9a\xbe\x12\xdf\x17\xaeN\x1e'
11E8E149-EFB1-975C-9ABE-12DF17AE4E1E,2018-ncaa-d3-conf-C2C,ncaa,3,3,1,3,2,2,3,2,2,3,5,2,2,3,4,4,2,2,2,2,4,2,2,2,1,1,7,7,4,5,6,2,5,2,6,3,4,3,3,2,3,4,5,7,,,6,3,,,3,3,3,7,2,3,3,5,5,3,3,2,2,2,2,4,6,2,4,3,2,5,6,,4,,,3,9,9,9,5,9,9,6,7,8,3,7,8,8,9,8,4,9,8,4,4,5,5,4,7,9,5,7,6,8,6,6,3,5,4,4,5,3,5,3,,,2,3,,,3,8,3,5,3,6,5,8,6,8,5,8,8,6,6,6,7,6,7,7,5,5,3,4,,3,,,b'\x11\xe8\xe1I\xef\xb1\x97\\\x9a\xbe\x12\xdf\x17\xaeN\x1e'
11E8E149-EFB1-975C-9ABE-12DF17AE4E1E,2018-ncaa-d3-conf-CAC,ncaa,3,3,1,3,2,2,3,2,2,3,5,2,2,3,4,4,2,2,2,2,4,2,2,2,1,1,7,7,4,5,6,2,5,2,6,3,4,3,3,2,3,4,5,7,,,6,3,,,3,3,3,7,2,3,3,5,5,3,3,2,2,2,2,4,6,2,4,3,2,5,6,,4,,,3,9,9,9,5,9,9,6,7,8,3,7,8,8,9,8,4,9,8,4,4,5,5,4,7,9,5,7,6,8,6,6,3,5,4,4,5,3,5,3,,,2,3,,,3,8,3,5,3,6,5,8,6,8,5,8,8,6,6,6,7,6,7,7,5,5,3,4,,3,,,b'\x11\xe8\xe1I\xef\xb1\x97\\\x9a\xbe\x12\xdf\x17\xaeN\x1e'
11E8E149-EFB1-975C-9ABE-12DF17AE4E1E,2018-ncaa-d3-natl,ncaa,89,114,68,106,107,55,67,67,120,84,103,83,113,90,195,177,48,50,127,48,110,64,79,112,103,76,207,221,155,151,250,70,185,97,221,53,101,153,66,49,78,112,173,231,,,349,251,,,120,64,101,303,54,78,88,87,156,143,125,49,79,71,70,122,210,110,147,52,96,99,205,,287,,,128,368,321,361,185,306,362,149,316,283,305,185,387,387,269,378,306,383,366,197,229,217,296,235,332,322,185,379,250,369,221,293,190,113,179,173,309,226,279,191,,,78,166,,,120,372,86,209,140,256,218,252,208,269,251,206,359,362,349,281,303,249,284,274,213,147,259,237,,115,,,b'\x11\xe8\xe1I\xef\xb1\x97\\\x9a\xbe\x12\xdf\x17\xaeN\x1e'
11E8E149-EFB1-975C-9ABE-12DF17AE4E1E,2019-ncaa-d3-conf-C2C,ncaa,6,6,5,6,6,3,3,5,5,5,6,3,4,3,6,2,6,6,7,6,4,4,6,4,4,2,4,4,6,6,8,7,7,8,7,3,2,1,1,1,2,2,6,7,,,1,1,,,6,7,5,4,3,3,4,4,5,4,3,5,6,6,3,6,6,7,8,3,1,2,6,,1,,,6,5,8,6,8,7,6,7,5,4,8,4,1,1,3,1,1,4,4,8,7,8,2,5,1,5,7,6,8,6,7,4,3,4,5,6,1,1,3,3,,,7,6,,,6,2,2,8,6,6,8,7,7,8,7,5,1,2,2,5,4,7,7,7,6,3,1,4,,7,,,b'\x11\xe8\xe1I\xef\xb1\x97\\\x9a\xbe\x12\xdf\x17\xaeN\x1e'
11E8E149-EFB1-975C-9ABE-12DF17AE4E1E,2019-ncaa-d3-conf-CAC,ncaa,6,6,5,6,6,3,3,5,5,5,6,3,4,3,6,2,6,6,7,6,4,4,6,4,4,2,4,4,6,6,8,7,7,8,7,3,2,1,1,1,2,2,6,7,,,1,1,,,6,7,5,4,3,3,4,4,5,4,3,5,6,6,3,6,6,7,8,3,1,2,6,,1,,,6,5,8,6,8,7,6,7,5,4,8,4,1,1,3,1,1,4,4,8,7,8,2,5,1,5,7,6,8,6,7,4,3,4,5,6,1,1,3,3,,,7,6,,,6,2,2,8,6,6,8,7,7,8,7,5,1,2,2,5,4,7,7,7,6,3,1,4,,7,,,b'\x11\xe8\xe1I\xef\xb1\x97\\\x9a\xbe\x12\xdf\x17\xaeN\x1e'
11E8E149-EFB1-975C-9ABE-12DF17AE4E1E,2019-ncaa-d3-natl,ncaa,237,274,129,262,165,175,193,188,204,245,301,182,86,75,155,69,222,174,339,168,99,183,215,164,187,153,86,73,274,323,386,296,363,319,400,110,45,127,120,76,72,65,121,133,,,171,110,,,271,171,215,186,193,214,232,294,352,89,80,236,182,175,212,284,353,371,388,103,99,61,128,,141,,,267,373,372,292,360,311,235,325,406,318,420,301,189,204,170,212,198,285,301,386,369,342,290,376,103,341,363,376,386,375,400,390,339,139,163,290,227,230,203,258,,,192,173,,,271,278,194,352,265,319,327,253,271,196,390,303,171,178,187,242,260,319,349,344,352,153,201,185,,217,,,b'\x11\xe8\xe1I\xef\xb1\x97\\\x9a\xbe\x12\xdf\x17\xaeN\x1e'
11E8E149-EFB1-975C-9ABE-12DF17AE4E1E,2020-ncaa-d3-conf-C2C,ncaa,2,2,1,2,1,2,2,2,4,4,4,4,1,1,1,1,3,4,2,4,4,3,2,2,2,2,1,1,5,3,4,1,3,1,3,1,1,2,2,1,4,6,3,4,,,5,3,,,2,2,5,1,2,2,3,6,6,1,1,4,5,5,3,5,4,3,3,1,2,6,3,,2,,,2,5,5,6,4,5,6,4,5,5,2,4,4,4,4,4,2,6,5,4,4,4,1,3,2,4,3,5,4,5,3,5,1,3,5,4,2,2,5,5,,,4,5,,,2,5,2,5,2,5,5,4,5,4,3,4,1,1,2,4,3,4,4,3,2,5,2,4,,5,,,b'\x11\xe8\xe1I\xef\xb1\x97\\\x9a\xbe\x12\xdf\x17\xaeN\x1e'
11E8E149-EFB1-975C-9ABE-12DF17AE4E1E,2020-ncaa-d3-conf-CAC,ncaa,2,2,1,2,1,2,2,2,4,4,4,4,1,1,1,1,3,4,2,4,4,3,2,2,2,2,1,1,5,3,4,1,3,1,3,1,1,2,2,1,4,6,3,4,,,5,3,,,2,2,5,1,2,2,3,6,6,1,1,4,5,5,3,5,4,3,3,1,2,6,3,,2,,,2,5,5,6,4,5,6,4,5,5,2,4,4,4,4,4,2,6,5,4,4,4,1,3,2,4,3,5,4,5,3,5,1,3,5,4,2,2,5,5,,,4,5,,,2,5,2,5,2,5,5,4,5,4,3,4,1,1,2,4,3,4,4,3,2,5,2,4,,5,,,b'\x11\xe8\xe1I\xef\xb1\x97\\\x9a\xbe\x12\xdf\x17\xaeN\x1e'
11E8E149-EFB1-975C-9ABE-12DF17AE4E1E,2020-ncaa-d3-natl,ncaa,118,163,26,148,30,122,147,80,241,231,210,241,41,38,131,72,167,210,107,208,237,105,95,191,188,181,69,52,272,174,310,33,198,66,250,49,13,242,165,69,241,315,46,102,,,343,225,,,173,69,289,94,223,248,216,328,347,67,75,256,321,325,249,292,269,67,149,72,136,317,71,,226,,,181,296,292,399,79,348,412,92,106,216,25,95,364,313,418,319,150,408,384,54,77,132,113,55,326,357,198,417,310,408,250,203,131,206,312,216,298,244,387,374,,,206,313,,,173,375,205,158,177,142,150,257,216,328,45,105,275,206,213,238,196,271,316,298,129,310,223,337,,349,,,b'\x11\xe8\xe1I\xef\xb1\x97\\\x9a\xbe\x12\xdf\x17\xaeN\x1e'
11E8E149-EFB1-975C-9ABE-12DF17AE4E1E,2022-ncaa-d3-conf-MAC Commonwealth,ncaa,2,2,1,2,1,3,3,2,3,3,4,3,2,3,4,3,4,8,2,8,6,3,5,3,3,3,5,4,6,2,6,6,9,4,7,2,3,2,1,2,1,1,2,1,,,1,1,,,2,6,8,8,4,4,4,4,7,3,4,5,8,8,5,7,4,7,7,3,2,1,3,,1,,,2,3,3,4,2,1,1,3,9,9,6,9,1,3,1,3,6,4,6,3,3,2,9,9,2,9,9,5,6,7,7,5,8,1,1,2,3,4,6,6,,,6,6,,,2,4,3,2,2,2,2,2,1,1,9,9,1,1,1,2,4,7,3,4,4,1,3,6,,7,,,b'\x11\xe8\xe1I\xef\xb1\x97\\\x9a\xbe\x12\xdf\x17\xaeN\x1e'
11E8E149-EFB1-975C-9ABE-12DF17AE4E1E,2022-ncaa-d3-natl,ncaa,49,55,61,56,76,162,179,188,183,151,203,124,207,150,308,185,105,155,63,152,167,187,214,197,177,159,229,262,121,204,239,186,264,186,250,140,123,128,126,113,48,37,88,56,,,111,62,,,106,218,405,204,250,257,340,225,303,270,216,161,224,229,341,394,281,312,309,194,66,64,105,,32,,,113,103,107,193,71,63,103,77,341,349,219,380,83,113,37,115,209,169,235,114,85,47,370,400,120,315,264,250,239,277,250,139,205,60,46,45,140,138,300,294,,,181,170,,,106,220,164,65,100,27,32,34,21,22,270,277,31,49,53,21,64,225,122,160,75,97,83,249,,297,,,b'\x11\xe8\xe1I\xef\xb1\x97\\\x9a\xbe\x12\xdf\x17\xaeN\x1e'
11E8E149-EFB1-975C-9ABE-12DF17AE4E1E,2023-ncaa-d3-conf-MAC Commonwealth,ncaa,6,5,6,6,8,6,8,8,4,8,9,4,2,2,5,1,5,7,2,7,2,9,9,3,2,2,2,2,4,9,9,8,9,9,9,4,1,1,3,1,7,7,5,4,,,3,4,,,5,9,6,4,5,8,7,8,9,2,2,3,5,5,7,7,9,8,9,2,2,6,5,,4,,,6,4,3,3,3,1,1,3,9,9,9,9,5,3,9,3,7,2,2,6,5,6,9,9,7,8,9,4,9,8,9,5,9,4,4,5,1,3,2,5,,,6,4,,,5,2,6,6,6,6,5,5,2,1,9,9,6,4,3,4,6,9,6,9,7,3,2,2,,5,,,b'\x11\xe8\xe1I\xef\xb1\x97\\\x9a\xbe\x12\xdf\x17\xaeN\x1e'
11E8E149-EFB1-975C-9ABE-12DF17AE4E1E,2023-ncaa-d3-natl,ncaa,248,269,185,262,240,281,299,288,295,327,351,287,131,122,187,83,286,327,123,330,210,300,356,254,248,222,64,63,232,376,394,255,334,329,374,190,22,58,120,91,291,293,192,175,,,126,140,,,254,328,375,288,317,327,331,364,380,124,115,313,355,355,355,404,395,265,364,177,60,310,197,,111,,,254,126,113,170,99,42,101,50,377,320,376,359,146,128,290,124,194,145,140,156,148,183,409,409,171,336,334,328,394,351,374,277,375,257,240,293,54,110,327,383,,,322,237,,,254,100,264,252,257,140,121,184,50,90,368,332,146,127,118,154,132,339,325,342,267,267,64,339,,361,,,b'\x11\xe8\xe1I\xef\xb1\x97\\\x9a\xbe\x12\xdf\x17\xaeN\x1e'
11E8E149-EFB1-975C-9ABE-12DF17AE4E1E,2024-ncaa-d3-conf-MAC Commonwealth,ncaa,3,3,3,3,3,3,3,3,3,3,4,3,2,2,3,2,4,4,2,4,6,3,2,3,3,4,3,2,6,3,6,2,4,3,5,3,4,4,4,3,6,7,5,5,,,5,2,,,3,2,3,1,3,3,3,3,3,2,2,5,5,4,3,3,4,1,3,3,3,7,5,,4,,,3,6,5,7,3,3,3,3,8,8,5,8,8,5,7,5,6,7,7,5,5,4,8,7,6,7,4,7,6,7,5,4,5,4,6,5,7,6,5,6,,,4,6,,,3,7,4,4,3,5,4,6,3,3,7,8,7,6,6,6,7,5,6,6,4,5,5,6,,5,,,b'\x11\xe8\xe1I\xef\xb1\x97\\\x9a\xbe\x12\xdf\x17\xaeN\x1e'
11E8E149-EFB1-975C-9ABE-12DF17AE4E1E,2024-ncaa-d3-natl,ncaa,142,162,112,157,143,177,173,141,206,181,177,212,155,144,172,179,242,233,237,237,281,149,156,199,207,209,198,170,285,174,229,96,200,118,200,145,123,217,193,165,188,231,63,60,,,203,152,,,158,158,208,152,215,199,148,201,191,179,171,256,268,273,169,201,198,77,114,152,196,211,64,,171,,,161,165,147,274,75,139,204,90,251,322,116,292,249,279,85,277,275,271,287,83,80,85,308,287,272,307,200,322,229,315,200,241,311,160,192,201,250,219,353,318,,,287,361,,,158,273,214,114,164,135,124,226,109,173,230,293,223,255,256,229,243,263,277,277,216,178,222,336,,351,,,b'\x11\xe8\xe1I\xef\xb1\x97\\\x9a\xbe\x12\xdf\x17\xaeN\x1e'
11E8E149-EFB1-975C-9ABE-12DF17AE4E1E,2025-ncaa-d3-conf-MAC Commonwealth,genius_ncaa,3,3,3,3,3,3,3,4,3,4,5,3,2,1,2,2,2,3,3,3,3,4,3,3,3,3,2,2,4,7,7,1,4,3,7,3,3,2,3,3,4,5,3,3,,,2,2,,1,2,3,4,3,3,3,3,5,7,1,2,2,4,4,2,6,8,1,4,3,2,5,2,,2,,1,2,4,4,8,2,4,8,2,3,6,3,5,3,3,5,4,2,7,6,2,2,2,3,4,3,8,4,6,7,7,7,4,5,4,4,4,5,6,3,3,,,2,2,,2,2,6,3,2,2,2,3,6,5,6,3,5,3,3,3,6,5,7,5,6,4,4,6,2,,2,,3,b'\x11\xe8\xe1I\xef\xb1\x97\\\x9a\xbe\x12\xdf\x17\xaeN\x1e'
11E8E149-EFB1-975C-9ABE-12DF17AE4E1E,2025-ncaa-d3-natl,genius_ncaa,121,118,116,129,139,151,150,129,177,134,136,169,200,185,207,241,155,175,161,176,228,137,159,187,186,155,248,237,210,191,280,68,224,103,235,121,135,135,106,116,180,216,91,107,,,137,87,,31,107,147,196,154,162,149,123,141,150,216,204,160,191,191,131,194,223,42,97,118,115,199,92,,100,,26,106,125,165,312,53,195,321,54,146,219,91,157,112,153,31,166,102,293,297,47,38,53,128,178,144,334,224,344,280,359,235,161,170,146,193,144,201,186,183,130,,,109,103,,267,107,264,166,77,110,94,134,264,168,301,123,180,83,130,141,244,260,311,309,316,137,166,185,159,,116,,284,b'\x11\xe8\xe1I\xef\xb1\x97\\\x9a\xbe\x12\xdf\x17\xaeN\x1e'
11E8E149-EFB1-975C-9ABE-12DF17AE4E1E,2026-ncaa-d3-natl,genius_ncaa,345,329,215,363,249,359,360,374,205,339,336,270,352,385,109,360,279,311,146,317,217,372,336,226,203,318,257,313,96,389,366,256,323,330,287,387,401,311,402,397,384,401,68,55,,,175,270,,306,343,313,352,113,382,380,413,340,349,356,405,261,291,304,413,404,407,184,345,403,368,400,40,,251,,342,350,174,183,182,196,249,195,307,49,173,7,181,209,160,362,155,157,176,133,136,160,266,44,23,263,286,323,71,366,138,287,157,140,365,377,332,340,400,380,412,,,292,130,,381,343,106,349,315,355,242,260,299,323,293,41,230,274,204,196,280,171,347,41,172,209,380,383,404,,279,,389,b'\x11\xe8\xe1I\xef\xb1\x97\\\x9a\xbe\x12\xdf\x17\xaeN\x1e'
11E8E16E-0165-E2E0-B147-12DF17AE4E1E,2019-ncaa-d3-conf-SCAC,ncaa,8,8,7,8,9,8,8,7,9,9,8,9,5,3,9,1,9,9,2,9,3,8,8,9,9,8,1,1,4,8,9,9,8,9,9,8,9,5,7,8,7,6,9,9,,,3,3,,,8,8,5,6,8,8,6,9,8,4,1,8,9,9,8,6,7,9,9,8,7,7,9,,4,,,8,9,9,1,9,8,2,9,8,5,9,7,3,5,2,5,7,2,3,9,9,9,2,7,2,5,8,8,9,7,9,8,6,5,4,8,7,7,6,7,,,5,3,,,8,2,8,9,8,9,9,5,8,5,9,7,4,6,6,5,5,5,9,9,8,4,7,6,,2,,,b'\x11\xe8\xe1n\x01e\xe2\xe0\xb1G\x12\xdf\x17\xaeN\x1e'
11E8E16E-0165-E2E0-B147-12DF17AE4E1E,2019-ncaa-d3-natl,ncaa,424,361,430,426,432,427,429,428,422,435,439,416,236,163,346,12,422,432,68,431,237,431,430,401,392,403,11,14,256,427,426,438,402,436,436,417,156,75,375,384,384,274,442,441,,,17,100,,,422,428,105,295,395,414,254,430,423,75,19,356,398,397,321,207,392,436,436,369,368,243,442,,154,,,427,97,175,13,442,167,10,443,268,113,429,378,27,40,12,44,268,16,15,443,443,440,166,361,28,31,402,93,426,56,436,287,349,382,184,392,192,399,64,370,,,419,181,,,422,16,412,432,427,432,433,300,421,167,435,386,135,216,237,296,320,292,426,399,427,148,397,241,,183,,,b'\x11\xe8\xe1n\x01e\xe2\xe0\xb1G\x12\xdf\x17\xaeN\x1e'
11E8E16E-0165-E2E0-B147-12DF17AE4E1E,2020-ncaa-d3-conf-SCAC,ncaa,8,8,7,8,7,8,9,8,9,10,10,9,5,5,5,1,10,10,8,10,6,10,10,7,8,8,1,1,9,10,10,9,9,10,10,8,8,9,9,8,8,7,10,10,,,1,3,,,8,9,7,2,8,9,8,10,10,4,3,10,10,10,10,10,10,7,10,8,9,7,10,,3,,,8,7,8,3,10,8,2,9,9,7,10,7,2,5,1,5,8,3,2,10,10,9,5,9,2,7,9,6,10,4,10,8,8,8,6,8,9,9,1,5,,,10,6,,,8,3,8,9,8,9,9,7,9,4,9,7,4,8,8,7,4,9,8,9,9,7,9,2,,9,,,b'\x11\xe8\xe1n\x01e\xe2\xe0\xb1G\x12\xdf\x17\xaeN\x1e'
11E8E16E-0165-E2E0-B147-12DF17AE4E1E,2020-ncaa-d3-natl,ncaa,379,368,372,383,385,407,407,410,374,425,424,399,150,171,167,16,429,431,352,431,372,414,408,329,350,391,24,8,420,431,435,366,226,415,405,396,254,347,419,408,398,384,431,432,,,80,159,,,421,389,219,237,416,408,408,430,426,102,87,434,435,435,427,384,434,298,421,396,397,389,434,,155,,,418,308,335,105,422,260,63,423,393,304,418,368,101,160,24,171,302,92,52,429,421,428,278,385,57,91,226,237,435,158,405,399,401,399,373,422,340,404,45,213,,,413,346,,,421,56,413,417,420,400,399,291,355,155,422,379,177,259,268,288,204,188,364,302,416,380,373,65,,400,,,b'\x11\xe8\xe1n\x01e\xe2\xe0\xb1G\x12\xdf\x17\xaeN\x1e'
11E8E18A-1412-9098-B147-12DF17AE4E1E,2019-ncaa-d3-conf-ACAA,ncaa,2,6,1,4,1,1,1,1,4,1,1,4,3,2,4,5,1,1,5,1,5,1,1,4,4,5,3,4,4,1,2,1,3,1,2,2,5,6,6,5,1,5,3,6,,,4,1,,,5,1,1,6,4,4,3,3,4,5,5,5,4,4,4,2,2,2,2,4,6,5,6,,1,,,4,6,6,6,3,6,6,2,6,6,4,5,4,4,5,4,2,6,6,3,3,3,2,4,2,6,3,6,2,6,2,6,5,1,5,5,6,4,6,5,,,1,4,,,5,6,5,3,4,4,5,6,4,6,4,6,3,2,2,5,5,4,3,2,5,5,4,5,,4,,,b'\x11\xe8\xe1\x8a\x14\x12\x90\x98\xb1G\x12\xdf\x17\xaeN\x1e'
11E8E18A-1412-9098-B147-12DF17AE4E1E,2019-ncaa-d3-natl,ncaa,375,104,439,305,440,434,428,435,303,414,423,262,433,430,425,310,442,440,432,440,442,437,438,343,388,370,443,364,443,416,145,432,258,431,161,425,362,6,197,261,439,404,411,367,,,2,4,,,292,439,27,115,230,71,11,28,10,357,218,435,424,425,23,24,45,3,9,186,309,355,268,,4,,,346,4,5,6,152,9,13,133,15,9,222,212,2,2,37,2,2,5,5,140,64,201,21,284,4,12,258,4,145,5,161,16,231,440,435,428,5,215,25,170,,,442,442,,,292,5,351,251,338,378,422,440,422,440,371,391,4,3,3,438,427,407,389,405,408,411,304,331,,435,,,b'\x11\xe8\xe1\x8a\x14\x12\x90\x98\xb1G\x12\xdf\x17\xaeN\x1e'
11E8E18A-1412-9098-B147-12DF17AE4E1E,2020-ncaa-d3-conf-ACAA,ncaa,1,1,2,1,2,2,2,2,2,3,2,3,2,2,1,2,2,1,4,1,2,2,2,1,2,2,3,2,4,2,2,1,1,1,1,2,1,6,6,4,3,5,5,6,,,4,2,,,2,2,1,1,1,2,2,4,3,2,2,4,2,2,2,1,2,1,1,1,6,4,6,,2,,,2,5,5,5,2,5,5,2,5,6,1,5,4,4,2,4,2,5,5,2,1,2,2,5,2,4,1,4,2,4,1,5,4,3,5,5,6,5,2,2,,,1,4,,,2,5,2,2,2,3,4,6,3,5,5,6,1,2,2,6,6,2,1,2,4,5,6,2,,3,,,b'\x11\xe8\xe1\x8a\x14\x12\x90\x98\xb1G\x12\xdf\x17\xaeN\x1e'
11E8E18A-1412-9098-B147-12DF17AE4E1E,2020-ncaa-d3-natl,ncaa,344,275,412,336,414,394,375,399,313,378,382,322,293,310,230,173,411,390,406,390,283,402,387,302,336,372,209,140,355,367,329,329,342,359,317,306,75,345,412,355,396,383,389,391,,,10,6,,,377,388,30,123,312,298,201,311,237,192,175,375,292,289,228,63,253,60,139,183,421,328,357,,18,,,386,186,325,230,326,313,149,395,289,367,101,388,9,9,159,10,13,151,75,325,263,342,65,304,11,279,342,80,329,148,317,364,344,394,383,412,344,395,23,48,,,418,406,,,377,55,380,357,380,413,425,433,419,411,393,430,31,34,36,430,420,394,344,375,419,286,412,43,,357,,,b'\x11\xe8\xe1\x8a\x14\x12\x90\x98\xb1G\x12\xdf\x17\xaeN\x1e'
11E8E18A-1412-9098-B147-12DF17AE4E1E,2022-ncaa-d3-conf-North Atlantic,ncaa,12,8,12,12,12,12,12,12,12,12,11,12,11,11,11,11,12,12,12,12,12,12,11,12,12,12,10,11,7,11,12,12,12,12,11,12,11,7,12,12,12,12,10,9,,,1,1,,,12,11,1,8,12,12,10,12,4,11,11,12,12,12,12,4,9,6,8,12,12,12,8,,3,,,12,3,7,4,11,7,3,11,4,4,9,5,1,1,1,1,1,3,2,10,10,12,1,7,1,8,12,2,12,5,11,9,7,12,12,12,11,12,7,11,,,12,12,,,12,1,12,12,12,12,12,12,12,12,12,11,2,6,6,12,12,12,11,12,12,12,12,11,,12,,,b'\x11\xe8\xe1\x8a\x14\x12\x90\x98\xb1G\x12\xdf\x17\xaeN\x1e'
11E8E18A-1412-9098-B147-12DF17AE4E1E,2022-ncaa-d3-natl,ncaa,423,341,416,423,416,419,418,414,426,412,351,427,422,423,382,421,420,414,425,414,421,414,408,427,427,425,413,410,276,411,417,398,428,412,423,415,216,291,421,419,403,393,374,376,,,18,15,,,421,404,22,258,422,421,330,390,40,422,424,418,401,395,368,93,378,163,293,403,424,309,313,,99,,,427,111,232,127,335,262,136,355,151,153,201,237,16,26,3,25,22,91,56,326,234,325,20,216,11,405,428,106,417,266,423,329,352,405,405,416,389,424,254,359,,,416,401,,,421,28,425,403,424,424,427,429,422,426,403,416,43,205,206,429,425,429,419,428,425,283,424,420,,376,,,b'\x11\xe8\xe1\x8a\x14\x12\x90\x98\xb1G\x12\xdf\x17\xaeN\x1e'
11E8E18A-1412-9098-B147-12DF17AE4E1E,2023-ncaa-d3-conf-North Atlantic,ncaa,12,12,8,12,10,12,12,9,12,9,5,12,12,12,12,12,12,11,12,11,12,9,8,12,12,12,12,12,9,12,12,10,12,12,12,12,12,9,10,12,9,11,11,11,,,6,2,,,12,8,2,7,12,12,8,9,2,12,12,12,11,11,8,6,12,10,12,12,10,7,11,,9,,,12,11,11,9,12,11,9,12,6,8,5,5,7,9,5,8,6,11,9,11,9,8,3,3,4,11,12,12,12,12,12,12,11,9,11,10,9,10,3,5,,,10,8,,,12,5,12,11,12,12,12,11,12,11,7,11,9,10,10,12,12,11,12,12,12,5,10,5,,8,,,b'\x11\xe8\xe1\x8a\x14\x12\x90\x98\xb1G\x12\xdf\x17\xaeN\x1e'
11E8E18A-1412-9098-B147-12DF17AE4E1E,2023-ncaa-d3-natl,ncaa,396,411,271,409,307,407,392,274,418,337,104,418,412,403,417,405,413,382,429,381,423,302,229,420,421,421,420,403,377,388,421,336,425,369,425,401,366,404,396,412,236,326,277,355,,,177,58,,,423,148,27,261,418,412,219,350,42,418,408,422,398,398,281,115,398,333,394,413,402,208,271,,235,,,420,413,419,412,337,416,404,358,291,332,137,193,161,249,21,239,93,407,385,302,251,316,42,139,47,427,425,420,421,423,425,425,419,236,366,410,405,391,245,173,,,380,415,,,423,293,421,391,416,413,415,422,416,419,316,368,204,294,288,421,424,426,424,424,425,203,399,291,,394,,,b'\x11\xe8\xe1\x8a\x14\x12\x90\x98\xb1G\x12\xdf\x17\xaeN\x1e'
11E8E18A-1412-9098-B147-12DF17AE4E1E,2024-ncaa-d3-conf-North Atlantic,ncaa,13,3,14,13,14,14,14,14,14,14,14,14,14,14,14,10,14,14,7,14,14,14,14,14,14,14,12,10,10,14,14,14,13,14,13,14,13,1,13,14,14,10,14,8,,,1,1,,,8,14,1,5,14,14,11,14,8,13,12,14,14,14,12,8,12,13,13,14,13,9,3,,3,,,13,1,1,1,10,1,1,12,1,1,1,1,1,1,14,1,1,1,1,6,6,9,1,1,4,1,13,1,14,1,13,1,11,14,10,11,1,14,1,9,,,14,13,,,8,1,14,9,12,12,13,14,14,14,2,5,4,2,2,14,14,13,14,13,12,8,14,10,,13,,,b'\x11\xe8\xe1\x8a\x14\x12\x90\x98\xb1G\x12\xdf\x17\xaeN\x1e'
11E8E18A-1412-9098-B147-12DF17AE4E1E,2024-ncaa-d3-natl,ncaa,408,139,424,399,425,427,426,426,426,427,426,426,425,422,427,107,427,426,427,426,294,426,426,426,426,426,279,259,237,427,423,426,421,426,422,426,334,14,425,426,424,346,410,345,,,3,8,,,392,425,98,244,426,426,420,425,411,420,258,424,409,408,421,259,415,325,406,425,424,283,245,,19,,,425,2,3,4,259,5,6,224,3,3,168,48,2,2,5,2,6,4,3,194,102,212,6,74,8,19,421,4,423,4,422,5,302,425,370,391,60,425,3,325,,,426,340,,,392,3,426,344,425,363,402,421,409,424,185,206,12,47,46,416,408,424,412,421,396,267,423,166,,349,,,b'\x11\xe8\xe1\x8a\x14\x12\x90\x98\xb1G\x12\xdf\x17\xaeN\x1e'
11E8E18A-1412-9098-B147-12DF17AE4E1E,2025-ncaa-d3-conf-North Atlantic,genius_ncaa,10,10,7,10,8,10,10,9,10,8,4,10,10,10,10,10,10,10,10,10,10,9,8,10,10,10,10,10,4,8,10,9,10,9,10,10,10,10,9,10,9,9,9,9,,,1,1,,3,10,7,1,6,10,10,9,8,3,10,10,10,8,8,9,6,9,9,10,10,9,9,9,,1,,4,10,10,10,10,10,10,10,10,10,10,8,9,1,2,1,2,1,10,6,10,10,10,1,4,1,10,10,10,10,10,10,10,10,9,10,10,10,10,5,4,,,10,8,,10,10,4,10,10,10,10,10,10,10,10,9,9,1,1,1,10,10,10,10,10,10,10,10,6,,8,,10,b'\x11\xe8\xe1\x8a\x14\x12\x90\x98\xb1G\x12\xdf\x17\xaeN\x1e'
11E8E18A-1412-9098-B147-12DF17AE4E1E,2025-ncaa-d3-natl,genius_ncaa,412,384,386,412,392,414,409,402,411,400,323,410,416,409,416,395,415,407,416,408,399,405,398,413,414,412,412,410,259,412,411,404,413,411,416,408,364,320,402,408,378,374,410,416,,,12,7,,43,416,389,90,258,414,412,395,378,148,414,406,416,387,392,403,260,408,408,417,408,390,327,411,,13,,60,415,309,388,247,404,383,196,414,312,295,291,333,10,11,12,10,7,156,70,400,376,405,29,275,3,350,413,170,411,263,416,413,406,405,404,418,372,407,48,103,,,400,355,,405,416,39,415,412,415,404,410,409,410,397,391,399,11,27,25,401,377,399,377,394,418,374,402,124,,368,,405,b'\x11\xe8\xe1\x8a\x14\x12\x90\x98\xb1G\x12\xdf\x17\xaeN\x1e'
11E8E18A-1412-9098-B147-12DF17AE4E1E,2026-ncaa-d3-conf-North Atlantic,genius_ncaa,9,9,3,9,3,9,9,6,10,9,6,10,9,5,10,6,5,5,6,4,5,6,3,10,10,10,5,9,1,5,5,7,9,4,9,9,5,7,9,9,8,10,10,10,,,5,3,,6,9,3,1,1,10,10,6,10,5,10,5,6,5,4,6,3,4,8,4,10,9,9,10,,3,,6,10,9,9,9,9,9,9,8,9,9,9,4,6,6,6,6,2,9,8,9,9,8,3,7,1,9,9,9,5,9,9,9,7,9,9,9,8,9,9,10,,,7,8,,10,9,8,10,9,10,9,9,9,9,9,9,9,4,6,5,9,10,9,10,10,8,9,9,10,,6,,10,b'\x11\xe8\xe1\x8a\x14\x12\x90\x98\xb1G\x12\xdf\x17\xaeN\x1e'
11E8E18A-1412-9098-B147-12DF17AE4E1E,2026-ncaa-d3-natl,genius_ncaa,345,366,116,375,136,342,352,141,411,318,117,406,371,196,415,264,213,182,287,164,247,146,116,413,412,403,284,360,37,134,324,103,395,115,387,309,98,346,321,360,339,407,402,415,,,276,118,,234,403,114,62,91,402,403,126,376,116,392,234,248,231,206,137,74,151,85,106,351,340,387,411,,259,,222,399,350,367,390,175,371,392,186,292,328,151,146,274,297,145,288,93,386,353,156,144,253,110,159,126,409,395,392,324,404,387,360,246,265,387,371,346,322,380,347,,,150,272,,291,403,295,402,352,397,366,376,407,379,408,272,333,255,289,281,407,397,411,408,412,350,324,342,380,,180,,326,b'\x11\xe8\xe1\x8a\x14\x12\x90\x98\xb1G\x12\xdf\x17\xaeN\x1e'
11E9FD3E-9225-EE1E-9994-12DF17AE4E1E,2024-ncaa-d2-conf-PacWest,ncaa,8,8,7,8,11,10,9,6,9,8,4,9,7,8,8,8,7,7,5,7,9,7,8,9,10,9,7,7,3,2,2,9,9,4,3,9,9,7,7,9,2,2,6,4,,,3,4,,,7,10,7,11,9,8,3,7,3,7,7,7,7,7,3,4,2,7,2,9,9,2,6,,4,,,7,4,6,3,7,3,2,10,8,9,6,10,1,1,8,1,3,2,2,9,7,7,7,10,1,5,9,1,2,2,3,11,11,7,3,9,5,7,5,6,,,7,7,,,7,2,8,8,7,7,9,5,3,2,8,9,2,2,2,4,5,7,3,5,11,5,6,6,,7,,,b'\x11\xe9\xfd>\x92%\xee\x1e\x99\x94\x12\xdf\x17\xaeN\x1e'
11E9FD3E-9225-EE1E-9994-12DF17AE4E1E,2024-ncaa-d2-natl,ncaa,201,183,248,196,259,248,251,242,248,245,223,246,199,198,196,137,245,250,180,250,208,243,244,239,238,233,122,126,165,55,10,268,259,207,93,260,233,115,202,241,106,49,187,113,,,50,137,,,187,272,230,298,224,219,142,218,150,163,138,210,193,195,159,119,19,269,123,243,197,61,160,,110,,,183,42,71,42,209,45,17,280,187,218,107,289,11,15,101,14,63,27,33,235,208,165,172,268,21,140,259,19,10,37,93,239,293,178,82,235,109,172,123,167,,,223,157,,,187,26,177,194,191,126,175,121,113,23,246,273,20,18,18,59,97,203,47,107,281,110,173,171,,146,,,b'\x11\xe9\xfd>\x92%\xee\x1e\x99\x94\x12\xdf\x17\xaeN\x1e'
11E9FD3E-9225-EE1E-9994-12DF17AE4E1E,2025-ncaa-d2-conf-PacWest,genius_ncaa,5,5,2,5,2,3,3,3,4,4,2,6,6,9,4,9,5,6,5,6,8,3,3,5,5,5,10,8,8,1,1,6,3,2,1,3,4,12,10,7,4,3,8,8,,,7,8,,14,5,5,12,5,4,4,7,3,4,7,9,6,6,6,6,5,1,11,2,5,10,7,8,,4,,14,5,9,11,6,12,6,4,12,14,10,13,12,3,2,14,2,2,3,5,13,13,11,10,13,1,1,3,3,1,2,1,14,14,6,6,13,6,4,2,1,,,6,6,,9,5,9,4,8,5,4,5,1,5,2,13,9,3,1,2,1,1,1,2,1,13,8,5,1,,6,,11,b'\x11\xe9\xfd>\x92%\xee\x1e\x99\x94\x12\xdf\x17\xaeN\x1e'
11E9FD3E-9225-EE1E-9994-12DF17AE4E1E,2025-ncaa-d2-natl,genius_ncaa,107,95,162,105,179,170,162,171,147,153,142,182,162,187,116,185,168,175,127,173,172,167,160,151,157,171,164,162,146,34,10,162,59,95,10,184,190,182,200,200,124,70,139,78,,,80,152,,295,102,224,255,131,164,157,163,142,121,159,183,152,160,153,163,137,17,152,38,186,199,114,143,,81,,300,102,56,67,73,108,25,36,88,249,215,264,276,23,15,261,15,52,44,56,175,151,136,279,296,36,44,59,28,10,26,10,105,189,169,112,140,102,110,27,16,,,144,117,,165,102,66,109,119,103,63,67,47,16,19,257,234,21,12,12,28,29,44,25,23,124,166,117,17,,112,,169,b'\x11\xe9\xfd>\x92%\xee\x1e\x99\x94\x12\xdf\x17\xaeN\x1e'
11E9FD3E-9225-EE1E-9994-12DF17AE4E1E,2026-ncaa-d2-conf-PacWest,genius_ncaa,2,1,4,1,5,4,4,5,2,5,5,3,2,4,1,3,10,11,1,11,11,7,9,1,1,1,6,2,10,4,1,4,1,3,1,5,11,2,2,2,7,5,12,12,,,1,1,,1,1,11,12,3,2,2,3,3,3,1,4,9,12,12,6,9,3,2,2,4,1,6,12,,1,,1,1,3,4,5,4,2,4,3,8,5,9,11,1,1,1,1,1,3,2,5,2,4,8,12,1,2,1,2,1,2,1,5,6,8,5,7,3,3,2,2,,,10,10,,7,1,2,1,3,1,2,4,4,2,3,9,5,1,1,1,2,1,2,1,1,5,8,2,2,,10,,8,b'\x11\xe9\xfd>\x92%\xee\x1e\x99\x94\x12\xdf\x17\xaeN\x1e'
11E9FD3E-9225-EE1E-9994-12DF17AE4E1E,2026-ncaa-d2-natl,genius_ncaa,30,53,59,59,84,69,71,100,69,120,146,102,22,53,19,59,128,176,38,183,195,106,129,36,31,31,43,27,223,31,5,91,66,55,8,42,54,105,65,29,88,70,65,53,,,62,32,,60,10,164,291,88,78,82,141,173,218,15,65,163,232,239,170,241,36,122,51,55,49,121,91,,9,,38,9,86,89,137,28,67,112,24,185,187,136,230,59,53,136,49,36,119,130,37,31,44,216,248,72,111,66,74,5,81,8,108,154,137,114,95,136,117,119,116,,,164,208,,151,10,137,11,38,9,10,18,34,18,34,153,151,21,17,12,9,9,63,7,10,49,191,93,91,,237,,181,b'\x11\xe9\xfd>\x92%\xee\x1e\x99\x94\x12\xdf\x17\xaeN\x1e'
11E9FD3E-924D-0B8E-9994-12DF17AE4E1E,2025-ncaa-d2-conf-PacWest,genius_ncaa,2,2,9,2,14,5,5,9,2,13,14,3,1,2,1,1,13,13,9,13,12,11,13,1,2,3,1,1,13,4,3,11,5,7,2,6,5,5,5,5,7,4,5,3,,,1,4,,12,1,14,11,14,2,2,5,11,13,1,2,13,13,13,8,10,3,7,4,4,7,5,5,,2,,12,1,1,1,1,1,1,1,8,10,10,4,14,1,1,5,1,3,1,1,7,2,3,13,14,2,2,5,1,3,1,2,4,12,9,5,3,2,3,6,11,,,13,12,,11,1,1,3,2,1,1,1,2,1,1,11,13,1,3,1,2,4,3,3,3,6,7,3,6,,13,,10,b'\x11\xe9\xfd>\x92M\x0b\x8e\x99\x94\x12\xdf\x17\xaeN\x1e'
11E9FD3E-924D-0B8E-9994-12DF17AE4E1E,2025-ncaa-d2-natl,genius_ncaa,95,47,230,63,259,203,194,222,154,275,289,169,34,48,32,7,290,290,197,291,258,250,263,76,114,114,14,2,293,131,57,204,96,180,61,203,177,52,134,140,175,85,109,29,,,22,85,,240,67,276,260,300,147,133,122,276,277,9,12,290,289,290,189,215,69,117,80,163,105,128,74,,52,,265,58,12,14,26,36,9,12,66,172,206,106,292,10,11,155,11,72,16,22,71,52,56,280,295,45,56,96,31,57,33,61,30,116,216,114,77,39,92,100,240,,,275,258,,172,67,21,83,60,60,25,29,55,7,11,233,270,14,15,12,33,34,106,96,90,44,165,76,151,,278,,148,b'\x11\xe9\xfd>\x92M\x0b\x8e\x99\x94\x12\xdf\x17\xaeN\x1e'
11E9FD3E-924D-0B8E-9994-12DF17AE4E1E,2026-ncaa-d2-conf-PacWest,genius_ncaa,5,1,12,1,12,12,12,12,5,10,12,8,9,10,2,9,12,12,10,12,12,12,12,4,7,4,9,7,11,8,3,12,2,12,2,11,9,1,1,1,8,2,8,3,,,2,3,,1,4,12,1,3,1,1,1,1,1,2,6,8,7,7,1,1,1,5,1,2,2,1,3,,4,,1,2,1,1,1,10,1,1,8,2,1,8,4,2,2,9,2,4,1,1,10,10,6,1,3,5,1,2,1,3,1,2,1,4,11,3,3,1,5,3,3,,,12,9,,10,4,1,2,5,2,7,7,4,9,11,3,4,5,4,4,4,9,1,10,7,7,3,8,6,,6,,4,b'\x11\xe9\xfd>\x92M\x0b\x8e\x99\x94\x12\xdf\x17\xaeN\x1e'
11E9FD3E-924D-0B8E-9994-12DF17AE4E1E,2026-ncaa-d2-natl,genius_ncaa,107,13,268,47,271,250,230,260,60,240,265,69,156,214,59,78,285,288,179,287,277,266,276,48,77,41,168,60,291,189,34,277,151,264,64,222,174,7,11,23,148,21,203,88,,,39,267,,85,39,283,224,88,44,17,28,56,105,25,45,266,267,265,56,137,42,155,66,74,18,31,118,,227,,181,12,13,12,14,45,14,15,70,25,23,63,181,32,29,143,25,167,13,16,47,53,38,186,156,207,32,151,13,34,15,64,16,136,231,43,44,8,29,29,76,,,275,186,,165,39,15,14,43,12,29,27,33,42,47,88,133,108,117,99,24,72,144,81,108,52,63,36,89,,178,,86,b'\x11\xe9\xfd>\x92M\x0b\x8e\x99\x94\x12\xdf\x17\xaeN\x1e'
11E9FD3E-A394-1108-9994-12DF17AE4E1E,2020-ncaa-d3-conf-SCAC,ncaa,3,2,7,2,9,3,2,2,4,2,3,5,3,3,3,4,3,3,2,3,5,2,2,3,3,3,4,5,4,1,1,8,8,7,5,4,6,3,3,3,2,2,3,3,,,6,5,,,2,3,1,5,2,2,1,2,1,2,2,2,3,3,1,1,1,6,2,2,4,2,3,,8,,,2,3,3,2,7,6,7,6,1,1,8,1,7,4,8,4,5,2,7,6,6,3,1,2,8,6,8,4,1,3,5,3,2,2,2,2,2,2,2,2,,,7,8,,,2,7,2,4,2,6,7,5,8,9,3,1,8,7,7,4,10,8,7,7,4,2,3,4,,5,,,b'\x11\xe9\xfd>\xa3\x94\x11\x08\x99\x94\x12\xdf\x17\xaeN\x1e'
11E9FD3E-A394-1108-9994-12DF17AE4E1E,2020-ncaa-d3-natl,ncaa,79,31,327,46,342,46,47,62,70,67,120,68,51,66,91,133,118,188,26,181,275,66,103,56,53,29,189,142,313,98,98,274,186,205,166,77,226,69,24,29,37,30,209,230,,,222,199,,,49,114,19,146,3,3,8,19,43,30,42,66,135,123,9,15,65,202,100,20,112,25,189,,314,,,35,234,263,148,340,328,266,301,99,53,314,50,248,237,264,238,195,159,245,313,316,211,76,72,234,125,186,203,98,158,166,175,113,64,55,75,50,30,41,28,,,285,384,,,49,298,19,176,59,309,326,263,367,362,143,73,288,297,299,275,379,193,288,254,221,34,93,49,,228,,,b'\x11\xe9\xfd>\xa3\x94\x11\x08\x99\x94\x12\xdf\x17\xaeN\x1e'
11E9FD3E-A394-1108-9994-12DF17AE4E1E,2021-ncaa-d3-conf-SCAC,ncaa,7,3,9,6,9,9,9,9,6,9,9,6,8,9,7,3,9,9,6,9,7,9,9,8,8,7,4,4,6,9,6,9,8,9,8,9,9,2,7,9,3,2,8,6,,,1,2,,,6,9,3,1,5,5,4,5,4,6,2,8,8,8,4,3,4,9,9,9,7,2,5,,3,,,6,1,1,1,9,2,2,9,1,1,2,1,1,2,1,2,2,1,1,8,7,3,1,1,2,3,8,1,6,1,8,1,1,5,2,2,3,8,1,5,,,9,7,,,6,1,7,4,6,6,9,4,9,7,2,2,3,4,5,4,8,8,8,7,3,2,7,5,,7,,,b'\x11\xe9\xfd>\xa3\x94\x11\x08\x99\x94\x12\xdf\x17\xaeN\x1e'
11E9FD3E-A394-1108-9994-12DF17AE4E1E,2021-ncaa-d3-natl,ncaa,148,115,193,155,193,193,187,193,177,194,197,183,160,166,144,104,200,202,196,197,198,193,193,170,189,186,138,90,218,193,209,197,221,199,229,213,277,97,171,247,138,71,158,137,,,83,54,,,179,192,66,15,156,129,85,155,126,99,87,205,203,192,92,77,157,181,181,256,190,48,113,,100,,,179,99,109,91,231,125,102,238,73,80,96,58,80,102,17,102,105,90,97,205,176,125,26,41,60,113,221,101,209,103,229,89,30,153,53,47,111,186,88,134,,,202,208,,,179,94,195,138,169,186,224,190,253,226,71,82,84,159,161,186,238,219,233,230,116,29,201,146,,176,,,b'\x11\xe9\xfd>\xa3\x94\x11\x08\x99\x94\x12\xdf\x17\xaeN\x1e'
11E9FD3E-A394-1108-9994-12DF17AE4E1E,2022-ncaa-d3-conf-SCAC,ncaa,7,7,6,7,7,8,8,7,8,6,6,7,8,8,9,8,4,5,4,5,2,7,6,8,8,8,7,8,1,7,7,9,9,9,8,8,7,8,7,8,3,3,8,9,,,5,6,,,7,6,4,8,8,8,7,7,4,8,8,2,3,3,7,4,7,9,9,8,9,3,8,,7,,,7,3,2,2,6,5,2,6,1,2,5,3,4,5,1,4,6,2,4,6,6,4,2,2,4,4,9,4,7,4,8,2,3,4,3,2,9,8,7,6,,,4,3,,,7,4,9,4,7,5,5,2,5,4,2,2,5,7,7,3,6,5,6,5,4,3,9,7,,3,,,b'\x11\xe9\xfd>\xa3\x94\x11\x08\x99\x94\x12\xdf\x17\xaeN\x1e'
11E9FD3E-A394-1108-9994-12DF17AE4E1E,2022-ncaa-d3-natl,ncaa,351,290,376,345,388,369,382,368,358,364,355,338,345,307,374,205,232,248,168,254,92,362,356,361,337,354,164,276,23,364,353,372,321,376,352,370,265,208,341,359,235,170,324,288,,,145,278,,,295,345,47,406,316,347,230,318,241,299,194,77,77,78,195,100,311,279,304,322,356,123,297,,348,,,299,57,56,54,210,66,44,272,117,168,112,305,144,215,32,216,364,54,80,208,200,151,267,232,275,141,321,114,353,123,352,98,248,207,87,117,252,344,195,314,,,270,81,,,295,79,364,157,299,252,229,257,222,164,256,328,294,362,364,295,363,312,353,335,255,56,359,317,,45,,,b'\x11\xe9\xfd>\xa3\x94\x11\x08\x99\x94\x12\xdf\x17\xaeN\x1e'
11E9FD3E-A394-1108-9994-12DF17AE4E1E,2023-ncaa-d3-conf-SCAC,ncaa,6,7,5,7,6,6,6,6,6,7,8,6,6,4,7,4,8,8,9,7,5,8,6,6,6,6,4,5,4,9,9,8,9,9,9,7,4,9,9,7,4,5,6,7,,,2,1,,,6,4,5,4,7,7,8,8,8,6,4,8,7,7,8,7,9,8,9,7,8,4,5,,3,,,6,8,9,8,8,9,8,8,4,5,3,3,2,4,1,4,2,7,7,7,4,5,1,3,1,8,9,6,9,8,9,8,5,3,4,5,9,9,6,7,,,7,7,,,6,6,8,5,6,6,7,7,8,8,4,4,3,3,3,6,5,9,6,7,8,3,9,7,,8,,,b'\x11\xe9\xfd>\xa3\x94\x11\x08\x99\x94\x12\xdf\x17\xaeN\x1e'
11E9FD3E-A394-1108-9994-12DF17AE4E1E,2023-ncaa-d3-natl,ncaa,316,269,377,320,382,348,370,394,308,385,396,307,208,225,207,108,255,249,268,248,39,388,365,274,255,328,48,103,80,401,395,371,394,390,391,308,114,338,395,353,156,133,301,292,,,136,154,,,328,318,63,116,301,342,342,369,377,149,135,148,112,111,317,160,406,280,381,263,396,81,263,,302,,,330,125,144,112,237,197,145,271,100,134,99,185,210,225,134,231,266,122,152,212,205,164,152,124,249,330,394,104,395,194,391,160,187,156,120,148,402,408,165,336,,,282,135,,,328,110,353,234,327,321,320,340,334,339,200,259,322,342,349,354,391,386,291,358,275,61,412,262,,103,,,b'\x11\xe9\xfd>\xa3\x94\x11\x08\x99\x94\x12\xdf\x17\xaeN\x1e'
11E9FD3E-A394-1108-9994-12DF17AE4E1E,2024-ncaa-d3-conf-SCAC,ncaa,7,7,7,7,7,7,7,8,8,8,9,6,6,3,8,1,7,7,7,7,2,8,8,8,8,8,2,2,4,8,8,8,9,8,8,7,5,5,6,6,4,3,8,8,,,1,2,,,7,8,5,2,7,7,8,8,9,4,2,5,4,4,8,7,8,8,8,7,6,4,8,,1,,,7,5,5,3,7,6,3,7,4,4,6,5,1,1,5,1,3,3,4,7,7,7,1,3,2,7,9,4,8,5,8,7,7,5,4,7,4,7,8,9,,,7,4,,,7,3,7,7,7,8,8,6,8,7,6,6,4,4,4,6,6,8,7,7,7,4,7,8,,3,,,b'\x11\xe9\xfd>\xa3\x94\x11\x08\x99\x94\x12\xdf\x17\xaeN\x1e'
11E9FD3E-A394-1108-9994-12DF17AE4E1E,2024-ncaa-d3-natl,ncaa,339,297,375,342,375,378,390,392,349,402,411,293,223,171,313,40,265,237,300,233,12,385,385,314,299,340,26,72,61,365,310,402,389,397,376,383,299,224,349,367,168,86,298,269,,,97,212,,,319,382,229,39,337,375,371,397,414,164,80,142,107,96,343,271,320,397,389,365,329,79,265,,243,,,326,70,67,42,228,83,65,196,91,61,284,163,198,178,265,168,288,42,55,217,251,199,260,189,315,233,389,50,310,98,376,180,341,220,103,191,256,345,200,401,,,274,58,,,319,49,346,245,323,234,207,196,221,220,204,160,324,314,304,212,276,345,227,293,285,91,326,309,,91,,,b'\x11\xe9\xfd>\xa3\x94\x11\x08\x99\x94\x12\xdf\x17\xaeN\x1e'
11E9FD3E-A394-1108-9994-12DF17AE4E1E,2025-ncaa-d3-conf-SCAC,genius_ncaa,4,4,4,4,4,5,5,6,3,5,9,4,3,4,2,3,11,10,12,10,8,7,5,3,4,6,5,1,12,6,3,9,5,8,4,5,3,9,9,7,3,1,7,6,,,6,10,,3,4,5,9,2,6,5,9,9,10,1,4,11,11,11,10,7,6,11,12,5,9,1,7,,5,,3,4,2,2,2,7,3,3,8,2,4,4,5,3,3,8,3,4,1,6,7,6,3,3,3,5,3,5,3,3,3,4,5,8,2,1,2,9,8,6,8,,,7,8,,3,4,7,5,3,4,2,3,1,5,2,2,3,3,3,3,1,3,3,2,2,4,1,8,6,,10,,4,b'\x11\xe9\xfd>\xa3\x94\x11\x08\x99\x94\x12\xdf\x17\xaeN\x1e'
11E9FD3E-A394-1108-9994-12DF17AE4E1E,2025-ncaa-d3-natl,genius_ncaa,173,56,386,92,386,321,312,385,67,355,407,57,108,178,41,33,386,355,395,355,87,388,398,39,68,113,56,17,378,354,165,404,197,400,211,232,73,74,274,164,115,27,348,257,,,144,387,,73,133,402,288,39,159,154,276,285,387,26,57,338,236,241,284,260,270,408,388,80,241,43,307,,351,,118,116,15,15,7,300,25,8,368,26,27,81,273,95,92,240,93,351,8,16,288,304,167,195,137,287,12,197,11,165,7,211,83,344,210,37,132,113,294,37,216,,,348,134,,155,133,18,135,138,124,116,107,27,145,33,105,157,245,239,239,31,101,83,71,54,247,66,261,95,,171,,88,b'\x11\xe9\xfd>\xa3\x94\x11\x08\x99\x94\x12\xdf\x17\xaeN\x1e'
11E9FD3E-A394-1108-9994-12DF17AE4E1E,2026-ncaa-d3-natl,genius_ncaa,225,1,409,1,410,406,406,409,29,405,409,33,391,406,69,214,410,410,228,410,256,409,411,34,51,42,280,201,330,410,333,410,24,410,157,406,371,6,105,146,405,124,415,412,,,11,398,,45,168,411,383,113,179,135,359,136,294,183,277,310,314,304,369,410,405,391,406,288,36,219,415,,278,,251,70,5,4,5,60,2,3,13,13,8,376,366,12,10,307,9,411,5,5,143,214,139,414,398,401,2,24,4,333,3,157,2,149,407,68,37,5,62,1,15,,,410,71,,169,168,6,83,76,65,30,8,4,1,2,314,200,310,288,289,8,10,4,21,4,17,183,30,7,,244,,2,b'\x11\xe9\xfd>\xa3\x94\x11\x08\x99\x94\x12\xdf\x17\xaeN\x1e'
11E9FD3E-A70A-2566-9994-12DF17AE4E1E,2022-ncaa-d2-conf-SIAC,ncaa,10,4,14,7,14,14,14,14,6,14,14,5,13,14,4,7,14,14,4,14,7,14,14,5,4,4,7,8,5,14,9,14,10,14,10,13,1,1,6,3,13,2,13,10,,,1,7,,,6,14,3,12,5,5,8,7,8,7,7,3,4,3,7,6,8,9,10,1,9,1,9,,8,,,6,1,1,1,10,1,1,10,1,1,4,1,1,1,14,1,8,1,1,10,10,10,5,1,12,1,10,1,9,1,10,1,6,14,4,6,1,9,1,8,,,14,12,,,6,1,5,9,6,11,10,8,12,10,1,1,13,12,9,8,10,8,9,8,8,4,11,7,,12,,,b'\x11\xe9\xfd>\xa7\n%f\x99\x94\x12\xdf\x17\xaeN\x1e'
11E9FD3E-A70A-2566-9994-12DF17AE4E1E,2022-ncaa-d2-natl,ncaa,240,48,297,177,297,295,295,296,187,291,295,167,292,295,278,246,278,277,202,277,43,297,297,223,194,226,214,276,12,281,54,297,264,297,180,274,18,9,258,185,239,33,291,251,,,5,171,,,155,297,10,224,86,122,70,62,38,263,208,9,10,10,38,9,34,199,81,34,288,20,215,,252,,,163,6,6,5,203,6,6,160,3,3,129,8,13,17,49,16,231,5,5,140,165,76,37,8,265,8,264,4,54,5,180,5,141,273,23,33,7,213,8,50,,,297,235,,,155,5,214,93,168,222,206,189,268,281,19,13,279,289,288,240,289,259,194,234,174,11,259,102,,79,,,b'\x11\xe9\xfd>\xa7\n%f\x99\x94\x12\xdf\x17\xaeN\x1e'
11E9FD3E-A70A-2566-9994-12DF17AE4E1E,2023-ncaa-d2-conf-SIAC,ncaa,8,10,3,10,3,6,7,5,12,8,7,12,5,5,9,5,2,2,2,2,5,4,4,10,9,9,2,5,4,12,14,6,13,9,14,4,1,8,7,6,4,8,7,8,,,14,10,,,11,3,7,10,11,12,11,12,11,6,6,4,7,6,10,11,14,12,13,8,7,7,10,,11,,,11,13,11,9,11,12,9,11,6,8,4,6,14,14,8,14,12,13,12,11,12,8,8,2,12,13,13,14,14,14,14,9,4,3,5,4,10,10,5,6,,,2,3,,,11,12,10,11,11,8,8,6,10,8,3,5,12,13,13,8,9,10,13,12,4,6,9,5,,5,,,b'\x11\xe9\xfd>\xa7\n%f\x99\x94\x12\xdf\x17\xaeN\x1e'
11E9FD3E-A70A-2566-9994-12DF17AE4E1E,2023-ncaa-d2-natl,ncaa,183,182,197,193,220,236,259,231,270,239,172,277,260,256,242,255,52,29,221,30,15,195,165,277,256,270,110,247,4,221,234,238,295,244,292,205,61,256,268,250,70,81,154,176,,,252,239,,,204,148,28,153,240,275,235,233,117,256,259,16,11,11,148,66,205,236,242,196,273,44,130,,283,,,201,71,52,87,62,150,195,91,6,20,3,11,276,286,32,286,265,131,197,29,51,21,43,2,290,283,295,189,234,243,292,21,31,27,24,5,253,262,105,105,,,59,21,,,204,154,274,43,196,118,83,142,215,262,2,18,287,293,293,238,285,290,263,286,32,13,270,126,,13,,,b'\x11\xe9\xfd>\xa7\n%f\x99\x94\x12\xdf\x17\xaeN\x1e'
11E9FD3E-A70A-2566-9994-12DF17AE4E1E,2024-ncaa-d2-conf-SIAC,ncaa,9,10,9,9,10,10,11,9,12,13,13,14,2,4,2,2,11,10,12,10,4,9,10,7,8,8,2,1,11,8,5,12,8,10,8,4,1,7,7,3,9,9,7,6,,,7,13,,,10,11,9,5,9,9,7,13,13,1,2,12,11,11,7,8,6,13,9,3,7,10,7,,11,,,11,8,6,3,14,7,6,10,3,1,14,1,10,11,9,10,11,3,3,14,14,14,7,2,11,3,8,5,5,4,8,6,3,9,8,6,7,7,1,2,,,6,5,,,10,4,8,13,10,10,9,3,10,9,5,1,13,13,13,4,3,2,11,8,8,9,7,1,,5,,,b'\x11\xe9\xfd>\xa7\n%f\x99\x94\x12\xdf\x17\xaeN\x1e'
11E9FD3E-A70A-2566-9994-12DF17AE4E1E,2024-ncaa-d2-natl,ncaa,216,165,275,204,276,267,276,271,260,286,272,286,157,206,79,102,228,184,269,184,37,265,269,237,236,240,21,43,74,137,66,270,233,250,179,212,40,111,226,196,200,140,194,186,,,54,179,,,183,278,103,54,195,239,128,276,176,69,85,111,59,59,94,60,45,203,96,128,248,118,145,,200,,,190,24,25,19,189,72,84,127,9,6,187,5,140,175,36,175,220,20,23,136,150,118,36,9,262,96,233,38,66,46,179,16,44,183,70,45,148,235,17,54,,,220,97,,,183,22,217,131,181,176,160,122,248,270,18,5,255,270,272,179,213,225,209,224,70,61,244,40,,57,,,b'\x11\xe9\xfd>\xa7\n%f\x99\x94\x12\xdf\x17\xaeN\x1e'
11E9FD3E-A70A-2566-9994-12DF17AE4E1E,2025-ncaa-d2-conf-SIAC,genius_ncaa,5,5,9,5,12,11,12,14,4,12,13,3,8,8,6,6,6,5,8,5,1,12,14,4,3,2,5,6,4,12,12,8,11,13,12,7,5,1,3,2,10,8,4,6,,,3,5,,2,4,14,11,10,6,10,13,11,13,6,6,5,4,4,9,12,12,4,10,5,3,10,4,,6,,3,4,1,3,5,2,4,6,4,2,5,1,9,2,2,2,3,3,4,3,2,2,4,3,5,3,11,11,6,12,7,12,1,2,9,10,4,1,2,3,7,,,6,1,,3,4,3,5,5,4,3,6,8,7,8,3,9,3,4,4,6,7,12,11,13,2,9,2,5,,4,,2,b'\x11\xe9\xfd>\xa7\n%f\x99\x94\x12\xdf\x17\xaeN\x1e'
11E9FD3E-A70A-2566-9994-12DF17AE4E1E,2025-ncaa-d2-natl,genius_ncaa,107,62,230,85,251,231,260,288,152,233,256,151,249,267,198,231,68,31,248,31,4,267,258,177,149,178,102,246,7,229,179,220,266,229,217,242,161,117,226,217,115,75,163,164,,,80,121,,64,95,261,175,207,204,255,293,208,229,244,252,19,9,9,237,205,192,137,182,222,200,68,136,,154,,96,92,13,15,49,16,54,129,32,11,24,3,39,64,134,4,130,146,56,72,5,3,6,23,16,208,254,266,37,179,103,217,11,17,117,72,15,60,123,24,51,,,99,5,,85,95,48,184,19,78,27,40,146,124,241,11,40,116,193,191,149,209,277,110,208,13,61,110,28,,17,,61,b'\x11\xe9\xfd>\xa7\n%f\x99\x94\x12\xdf\x17\xaeN\x1e'
11E9FD3E-A70A-2566-9994-12DF17AE4E1E,2026-ncaa-d2-conf-SIAC,genius_ncaa,4,5,3,5,3,5,4,8,1,5,8,3,5,8,1,6,9,11,5,11,13,9,10,1,2,1,9,3,14,11,12,7,5,8,8,4,4,2,2,1,11,9,4,6,,,2,2,,4,4,10,13,1,7,5,8,6,9,7,8,12,13,13,11,13,12,10,11,4,1,12,7,,2,,4,4,5,5,7,6,5,7,3,10,8,12,11,2,2,11,2,2,6,6,8,7,7,12,13,2,6,5,7,12,7,8,4,5,8,5,5,2,1,2,3,,,7,3,,1,4,6,2,6,3,2,3,3,1,2,11,7,2,2,2,1,2,4,3,3,2,11,1,2,,11,,1,b'\x11\xe9\xfd>\xa7\n%f\x99\x94\x12\xdf\x17\xaeN\x1e'
11E9FD3E-A70A-2566-9994-12DF17AE4E1E,2026-ncaa-d2-natl,genius_ncaa,107,98,141,113,170,179,149,188,71,113,134,95,212,234,116,249,193,186,191,174,204,188,205,99,123,103,253,221,206,146,92,212,198,190,133,126,110,69,97,80,155,123,137,134,,,42,33,,60,67,213,254,88,156,113,185,66,80,219,250,187,177,168,184,235,128,230,200,98,79,156,127,,22,,65,71,65,81,74,130,106,122,96,53,31,156,46,68,68,145,63,65,65,86,97,94,59,62,77,145,134,198,90,92,98,133,56,72,105,41,40,51,60,19,11,,,185,99,,34,67,81,96,74,71,33,63,30,108,152,48,17,70,60,51,20,58,166,55,88,45,66,54,13,,160,,23,b'\x11\xe9\xfd>\xa7\n%f\x99\x94\x12\xdf\x17\xaeN\x1e'
11E9FD3E-B100-AB26-9994-12DF17AE4E1E,2022-ncaa-d3-natl,ncaa,406,21,427,368,427,428,428,427,291,427,427,327,427,428,287,367,428,428,88,428,166,427,427,321,274,361,251,356,21,428,318,427,31,427,151,428,275,4,415,396,428,397,427,289,,,3,424,,,268,427,171,1,345,362,390,292,208,374,388,95,133,140,372,144,358,187,289,339,415,403,334,,418,,,394,3,3,3,418,2,1,429,3,3,387,429,3,3,77,3,344,3,3,426,425,426,388,427,32,1,31,3,318,1,151,2,103,428,390,393,4,313,2,137,,,427,6,,,268,3,374,401,397,392,387,308,290,26,428,426,138,184,219,291,167,28,139,76,314,398,312,127,,1,,,b'\x11\xe9\xfd>\xb1\x00\xab&\x99\x94\x12\xdf\x17\xaeN\x1e'
11E9FD3E-B100-AB26-9994-12DF17AE4E1E,2023-ncaa-d3-natl,ncaa,411,113,424,401,424,424,424,425,368,424,424,365,406,414,298,113,427,425,428,425,53,425,424,353,378,393,103,92,268,420,150,423,373,423,294,424,369,6,394,402,425,382,412,267,,,10,375,,,335,424,14,230,314,312,126,344,266,139,83,324,62,57,101,18,47,84,39,364,414,302,213,,423,,,404,6,5,6,339,6,6,396,4,6,34,241,19,16,353,16,404,6,6,305,361,393,206,61,398,8,373,5,150,6,294,6,211,424,363,355,16,407,5,208,,,422,125,,,335,6,378,400,396,419,398,398,400,373,257,385,427,425,425,420,419,394,373,397,364,215,422,175,,20,,,b'\x11\xe9\xfd>\xb1\x00\xab&\x99\x94\x12\xdf\x17\xaeN\x1e'
11E9FD3E-B100-AB26-9994-12DF17AE4E1E,2024-ncaa-d3-conf-C2C,ncaa,5,4,4,5,4,4,4,4,6,4,4,6,3,3,6,2,4,4,6,4,3,4,4,6,6,6,1,2,3,4,5,4,6,4,5,5,5,3,4,6,5,6,5,6,,,3,2,,,6,4,1,3,6,6,3,6,6,3,2,5,5,5,3,2,4,6,5,6,5,6,6,,2,,,6,3,4,3,6,4,3,5,5,3,6,4,3,3,6,3,2,3,3,6,6,6,4,6,2,3,6,3,5,3,5,4,3,4,6,5,3,4,3,6,,,4,5,,,6,3,6,6,6,6,6,6,6,6,6,5,4,3,3,6,6,6,6,6,5,6,4,6,,5,,,b'\x11\xe9\xfd>\xb1\x00\xab&\x99\x94\x12\xdf\x17\xaeN\x1e'
11E9FD3E-B100-AB26-9994-12DF17AE4E1E,2024-ncaa-d3-natl,ncaa,419,232,423,419,423,420,421,422,410,421,422,395,401,389,400,95,415,412,401,412,48,421,422,407,404,404,81,158,75,415,302,423,395,423,387,423,420,38,386,419,421,401,424,420,,,8,47,,,390,422,18,85,376,387,178,388,308,254,84,222,89,86,142,28,211,366,323,416,405,364,418,,175,,,414,15,31,6,421,46,10,419,25,12,355,189,11,11,52,10,114,6,5,421,414,420,41,150,39,9,395,7,302,6,387,26,87,421,374,386,84,389,106,423,,,418,250,,,390,6,403,409,411,423,420,413,418,405,386,363,243,296,284,417,407,369,380,379,382,271,409,419,,89,,,b'\x11\xe9\xfd>\xb1\x00\xab&\x99\x94\x12\xdf\x17\xaeN\x1e'
11E9FD3E-B100-AB26-9994-12DF17AE4E1E,2025-ncaa-d3-conf-C2C,genius_ncaa,5,2,5,5,5,5,5,6,5,5,5,5,5,6,3,4,5,4,6,5,1,5,5,5,5,5,1,2,4,5,5,5,5,5,5,5,4,2,6,6,4,2,6,6,,,2,4,,1,6,5,1,2,5,5,3,5,3,2,3,5,1,1,2,1,4,5,5,5,6,2,6,,6,,1,6,2,2,2,6,1,1,5,3,2,6,5,3,3,3,3,6,2,2,6,6,5,6,6,5,2,5,1,5,2,5,3,6,4,2,4,3,6,3,6,,,5,5,,4,6,2,5,5,5,6,6,6,5,4,6,6,6,6,6,6,6,5,5,6,6,1,6,6,,2,,4,b'\x11\xe9\xfd>\xb1\x00\xab&\x99\x94\x12\xdf\x17\xaeN\x1e'
11E9FD3E-B100-AB26-9994-12DF17AE4E1E,2025-ncaa-d3-natl,genius_ncaa,393,215,417,379,417,413,416,415,409,417,414,409,396,390,385,213,374,345,387,346,19,414,414,407,403,402,50,211,6,396,302,415,371,414,377,413,295,140,392,402,372,180,373,288,,,42,335,,294,372,414,5,216,359,389,107,384,173,292,142,54,7,8,53,8,128,208,154,379,415,73,222,,414,,415,403,13,9,3,354,10,4,333,56,14,380,221,104,86,310,80,361,5,6,361,382,342,331,260,319,31,371,9,302,9,377,58,330,383,129,255,221,395,40,297,,,394,97,,327,372,6,401,353,397,408,394,396,385,374,392,366,413,411,411,405,413,376,403,399,392,34,412,322,,6,,201,b'\x11\xe9\xfd>\xb1\x00\xab&\x99\x94\x12\xdf\x17\xaeN\x1e'
11E9FD3E-B100-AB26-9994-12DF17AE4E1E,2026-ncaa-d3-conf-C2C,genius_ncaa,3,3,1,3,1,3,2,2,3,1,2,3,4,4,4,4,3,2,3,2,4,2,2,3,3,3,4,4,3,4,4,1,2,2,4,3,4,3,3,3,3,3,3,4,,,4,3,,1,3,2,1,1,3,2,2,1,2,4,4,3,2,2,2,2,4,1,2,3,3,3,3,,4,,1,3,4,4,4,1,3,4,1,3,4,2,3,3,4,1,4,4,4,4,1,1,1,3,3,3,4,2,3,4,4,4,4,4,3,3,3,4,4,1,2,,,2,1,,2,3,4,4,2,3,4,4,4,3,4,3,4,3,4,4,4,4,4,3,4,4,3,4,1,,2,,2,b'\x11\xe9\xfd>\xb1\x00\xab&\x99\x94\x12\xdf\x17\xaeN\x1e'
11E9FD3E-B100-AB26-9994-12DF17AE4E1E,2026-ncaa-d3-natl,genius_ncaa,390,416,1,390,1,9,10,1,366,3,1,388,170,113,309,390,8,3,338,3,292,1,1,385,384,357,334,358,125,17,341,5,385,4,392,118,392,410,207,353,9,206,88,299,,,416,291,,347,399,1,16,113,280,258,40,158,8,355,358,149,93,93,33,30,197,224,221,370,281,98,260,,394,,204,366,416,415,416,251,415,416,232,412,414,286,185,416,416,94,416,374,416,416,252,264,271,300,210,335,415,385,416,341,416,392,414,350,6,240,300,410,304,415,308,,,1,234,,236,399,416,365,310,361,391,353,381,335,348,341,337,399,409,410,399,405,391,403,398,372,94,352,393,,95,,329,b'\x11\xe9\xfd>\xb1\x00\xab&\x99\x94\x12\xdf\x17\xaeN\x1e'
11E9FD3E-D6F5-2CDA-9994-12DF17AE4E1E,2024-ncaa-d3-conf-AMCC,ncaa,6,4,7,6,7,7,6,3,9,7,4,9,7,5,7,6,6,5,7,5,7,4,7,8,9,6,5,5,6,3,4,7,9,4,8,8,9,2,3,4,3,3,4,3,,,8,8,,,5,7,5,3,6,6,2,7,3,6,3,6,5,5,2,2,1,7,3,8,4,3,3,,8,,,5,4,3,3,4,4,5,4,3,3,3,4,9,10,8,10,10,4,5,4,4,3,6,2,10,6,9,8,4,8,8,6,9,3,3,4,3,3,10,9,,,6,7,,,5,4,6,5,5,5,5,4,5,6,4,4,10,10,10,4,8,9,9,9,7,3,4,10,,6,,,"b'\x11\xe9\xfd>\xd6\xf5,\xda\x99\x94\x12\xdf\x17\xaeN\x1e'"
11E9FD3E-D6F5-2CDA-9994-12DF17AE4E1E,2024-ncaa-d3-natl,ncaa,271,115,415,192,415,382,366,359,355,354,341,355,278,278,282,174,386,392,246,390,362,374,403,349,363,248,188,156,304,227,117,409,336,382,284,374,349,3,3,101,212,51,251,145,,,31,201,,,205,412,76,105,129,124,7,154,34,127,59,228,224,218,9,27,19,187,39,223,28,32,109,,291,,,200,14,13,16,139,22,18,183,20,22,61,180,98,78,303,81,318,17,17,135,166,146,227,112,348,85,336,41,117,42,284,74,388,355,141,233,5,25,209,311,,,416,391,,,205,16,218,183,203,280,236,310,257,289,159,251,375,365,367,332,366,356,410,399,335,79,67,409,,316,,,"b'\x11\xe9\xfd>\xd6\xf5,\xda\x99\x94\x12\xdf\x17\xaeN\x1e'"
11E9FD3E-D6F5-2CDA-9994-12DF17AE4E1E,2025-ncaa-d3-conf-AMCC,genius_ncaa,5,3,9,5,9,7,7,8,5,8,8,8,2,3,1,3,7,8,3,8,5,8,9,5,5,5,1,1,6,6,6,9,6,8,6,6,4,2,3,3,7,3,5,5,,,2,3,,1,5,9,7,8,4,5,2,7,5,1,2,5,5,5,3,6,3,3,3,4,2,3,5,,2,,2,5,1,2,1,6,1,1,6,3,2,4,7,1,1,2,1,3,1,1,5,5,5,3,7,4,2,6,5,6,4,6,4,6,7,5,6,1,3,5,6,,,9,6,,8,5,1,5,5,5,5,6,6,6,6,5,5,2,2,2,5,5,6,7,7,6,5,3,7,,4,,8,"b'\x11\xe9\xfd>\xd6\xf5,\xda\x99\x94\x12\xdf\x17\xaeN\x1e'"
11E9FD3E-D6F5-2CDA-9994-12DF17AE4E1E,2025-ncaa-d3-natl,genius_ncaa,250,118,397,207,397,337,336,323,318,361,303,385,150,259,29,167,374,392,140,393,381,346,390,280,298,235,64,34,342,306,291,354,156,350,278,317,220,3,45,124,228,107,263,204,,,13,23,,24,234,397,92,33,143,149,18,266,63,34,82,293,325,327,36,75,118,46,60,164,85,84,167,,41,,36,234,32,58,28,255,80,45,273,85,78,176,262,19,22,148,24,82,22,19,250,211,238,116,233,69,48,156,182,291,99,278,204,351,372,259,337,28,130,276,337,,,410,402,,405,234,22,221,234,238,302,331,347,325,319,271,323,104,109,111,317,311,239,398,370,360,199,179,393,,365,,402,"b'\x11\xe9\xfd>\xd6\xf5,\xda\x99\x94\x12\xdf\x17\xaeN\x1e'"
11E9FD3E-D6F5-2CDA-9994-12DF17AE4E1E,2026-ncaa-d3-conf-AMCC,genius_ncaa,7,9,1,7,2,4,4,2,9,5,3,9,2,1,7,1,6,2,8,2,7,3,2,8,9,9,1,1,5,2,9,5,8,3,8,4,6,9,6,7,5,7,5,6,,,6,2,,1,9,3,3,2,9,9,3,9,7,3,1,9,7,7,6,3,5,8,8,7,7,7,5,,2,,1,9,9,9,9,9,9,9,9,9,8,9,2,8,7,9,7,3,9,8,9,9,9,3,6,3,9,8,9,9,9,8,9,8,4,8,9,9,7,9,9,,,4,9,,7,9,7,9,9,9,9,9,9,9,9,9,4,7,4,3,9,8,6,9,9,9,7,8,9,,7,,7,"b'\x11\xe9\xfd>\xd6\xf5,\xda\x99\x94\x12\xdf\x17\xaeN\x1e'"
11E9FD3E-D6F5-2CDA-9994-12DF17AE4E1E,2026-ncaa-d3-natl,genius_ncaa,390,414,8,390,16,345,362,54,415,364,92,415,282,39,413,106,230,125,387,126,239,57,13,415,414,413,110,202,51,45,316,46,339,41,368,359,310,415,406,413,174,373,158,303,,,325,40,,9,416,8,42,99,413,413,296,413,327,374,147,381,306,304,321,69,167,256,226,411,407,338,275,,103,,9,415,415,416,413,410,416,404,411,416,413,384,345,393,393,202,393,214,413,407,410,409,412,193,327,49,399,339,413,316,410,368,416,407,167,397,415,414,405,416,416,,,90,375,,291,416,408,413,413,414,413,414,394,407,322,408,401,293,298,289,393,367,338,399,390,415,361,405,416,,322,,348,"b'\x11\xe9\xfd>\xd6\xf5,\xda\x99\x94\x12\xdf\x17\xaeN\x1e'"
11E9FD3E-EBD5-6412-9994-12DF17AE4E1E,2026-ncaa-d3-natl,genius_ncaa,345,329,215,363,249,345,349,294,362,342,287,354,303,265,344,221,273,206,375,207,119,296,237,367,370,389,180,240,120,189,133,207,356,198,235,387,407,343,384,400,376,404,158,246,,,201,175,,156,356,243,73,113,366,369,296,345,256,310,243,254,146,145,273,101,129,88,95,403,391,388,143,,291,,190,357,208,268,291,171,343,346,254,24,144,1,39,144,232,7,230,107,284,233,99,50,163,4,4,103,361,356,155,133,243,235,127,23,331,394,270,388,399,55,64,,,294,334,,323,356,191,382,238,354,300,355,399,398,412,13,174,171,319,315,401,382,392,203,344,163,346,400,52,,290,,330,b'\x11\xe9\xfd>\xeb\xd5d\x12\x99\x94\x12\xdf\x17\xaeN\x1e'
11E9FD3F-3499-7972-9994-12DF17AE4E1E,2021-ncaa-d3-natl,ncaa,251,28,273,251,275,282,283,282,260,278,278,214,285,283,285,247,268,271,139,271,30,281,281,273,256,254,248,284,2,279,227,283,285,282,278,284,281,8,174,279,270,79,274,219,,,9,33,,,158,279,123,110,252,264,238,177,126,284,249,18,15,19,189,181,196,272,261,282,152,36,202,,104,,,248,7,9,10,143,7,7,217,14,13,55,262,2,3,21,3,22,10,8,146,85,99,55,214,8,17,285,6,227,10,278,10,224,274,142,197,11,237,7,42,,,273,9,,,158,7,252,207,243,211,257,275,242,229,235,276,16,20,27,264,275,283,212,279,259,73,224,38,,12,,,b'\x11\xe9\xfd?4\x99yr\x99\x94\x12\xdf\x17\xaeN\x1e'
11E9FD3F-3499-7972-9994-12DF17AE4E1E,2022-ncaa-d3-natl,ncaa,393,15,427,256,428,427,427,428,153,428,429,112,420,425,89,46,426,427,3,427,3,428,428,87,35,65,10,61,7,429,405,428,207,429,351,427,2,1,266,123,427,85,429,428,,,2,231,,,213,428,358,5,166,321,415,384,422,72,86,4,56,48,388,404,422,411,426,101,177,117,429,,175,,,195,1,1,2,363,1,2,386,2,2,392,423,1,1,2,1,64,1,2,401,349,294,297,425,6,2,207,2,405,2,351,3,412,427,142,345,1,281,2,318,,,428,1,,,213,2,148,264,191,230,306,155,178,29,415,400,3,11,11,94,108,77,103,83,377,189,210,127,,2,,,b'\x11\xe9\xfd?4\x99yr\x99\x94\x12\xdf\x17\xaeN\x1e'
11E9FD3F-3499-7972-9994-12DF17AE4E1E,2023-ncaa-d3-natl,ncaa,381,43,426,303,427,425,426,426,215,426,428,154,416,421,246,106,421,426,162,426,5,426,426,177,127,291,46,162,16,427,314,424,331,425,262,425,355,4,411,401,426,324,417,232,,,2,19,,,284,426,29,416,228,310,383,330,395,163,133,30,27,30,324,101,355,20,163,353,417,233,195,,72,,,353,4,4,5,163,2,2,141,18,8,387,415,4,4,28,4,187,5,4,268,200,307,414,428,51,5,331,2,314,3,262,2,215,427,394,374,6,411,2,249,,,425,56,,,284,4,321,346,343,393,380,419,242,298,428,428,166,233,240,419,409,391,149,318,337,315,416,116,,35,,,b'\x11\xe9\xfd?4\x99yr\x99\x94\x12\xdf\x17\xaeN\x1e'
11E9FD3F-6C76-8B1E-9994-12DF17AE4E1E,2018-ncaa-d3-natl,ncaa,433,7,444,433,444,444,444,444,423,444,444,431,443,444,298,383,444,444,440,444,411,444,444,427,431,413,347,268,385,444,24,444,380,444,211,444,444,1,81,415,444,41,444,187,,,1,308,,,240,444,372,303,405,375,55,331,22,347,354,420,310,310,77,120,8,384,39,439,117,51,207,,263,,,277,1,1,1,82,1,1,174,1,1,1,122,1,1,159,1,369,1,1,49,65,44,131,23,413,1,380,1,24,1,211,1,31,444,69,18,1,14,1,385,,,444,443,,,240,1,374,81,274,57,41,50,119,120,8,85,316,332,353,84,163,343,365,362,18,88,27,435,,441,,,b'\x11\xe9\xfd?lv\x8b\x1e\x99\x94\x12\xdf\x17\xaeN\x1e'
11E9FDDE-7DB9-82A6-8B88-12DF17AE4E1E,2025-ncaa-d2-natl,genius_ncaa,297,13,298,297,298,298,298,298,288,298,298,299,298,298,46,101,297,298,53,298,300,298,298,275,283,244,48,21,278,298,262,297,204,297,245,298,136,4,46,115,299,295,296,164,,,3,3,,4,166,298,28,207,195,172,11,259,49,39,57,280,292,292,29,66,185,4,35,150,87,290,67,,18,,145,264,4,4,4,76,4,4,50,5,4,179,144,3,3,258,3,2,4,4,81,63,195,80,201,16,4,204,4,262,4,245,4,147,300,300,300,3,131,5,256,,,298,299,,299,166,4,247,232,264,269,287,301,279,300,251,262,67,50,44,300,281,285,301,301,248,294,166,281,,295,,276,b'\x11\xe9\xfd\xde}\xb9\x82\xa6\x8b\x88\x12\xdf\x17\xaeN\x1e'
11E9FDDE-7DB9-82A6-8B88-12DF17AE4E1E,2026-ncaa-d2-conf-CCAA,genius_ncaa,9,9,1,9,1,11,11,6,11,12,10,11,4,4,5,3,9,11,2,10,8,7,3,10,9,12,2,2,7,8,10,4,4,7,8,8,7,11,10,9,9,9,9,11,,,2,1,,3,12,2,2,1,11,11,6,12,10,4,4,9,11,10,7,3,8,4,7,8,11,9,9,,2,,3,12,12,12,12,11,12,10,11,12,9,12,9,7,6,11,6,5,12,9,12,12,12,9,12,1,4,4,10,10,8,8,12,9,11,11,12,12,12,9,10,,,9,10,,9,12,12,12,12,12,12,12,12,12,10,12,9,7,6,6,12,9,4,10,8,12,11,12,9,,9,,9,b'\x11\xe9\xfd\xde}\xb9\x82\xa6\x8b\x88\x12\xdf\x17\xaeN\x1e'
11E9FDDE-7DB9-82A6-8B88-12DF17AE4E1E,2026-ncaa-d2-natl,genius_ncaa,157,196,59,188,84,101,102,59,226,136,50,269,50,104,26,167,150,179,72,183,271,75,65,200,202,195,78,61,216,69,145,30,90,34,106,41,18,231,182,106,268,295,125,201,,,98,13,,105,277,66,47,88,141,143,46,198,57,66,147,197,234,239,75,59,94,19,25,54,208,292,151,,34,,87,264,265,277,285,208,262,278,145,293,283,286,217,75,74,160,71,9,280,233,238,205,281,172,269,8,207,90,237,145,235,106,293,255,271,298,297,286,273,229,197,,,137,249,,84,277,239,194,284,257,286,292,296,264,279,291,282,41,33,33,294,236,177,232,212,291,294,279,224,,205,,110,b'\x11\xe9\xfd\xde}\xb9\x82\xa6\x8b\x88\x12\xdf\x17\xaeN\x1e'
11E9FDDE-9A47-33C8-8B88-12DF17AE4E1E,2021-ncaa-d2-conf-SIAC,ncaa,7,3,9,7,9,8,8,9,2,8,9,2,8,9,4,5,9,9,1,9,9,9,9,2,2,3,9,7,9,9,7,9,2,9,4,8,3,1,3,1,9,7,7,1,,,2,9,,,5,9,2,4,3,1,2,1,2,4,3,6,9,9,4,4,8,4,6,1,6,5,1,,9,,,4,2,2,1,7,2,1,4,1,1,9,1,1,2,1,2,7,1,1,7,7,7,7,7,3,1,2,1,7,1,4,2,8,9,8,8,1,3,1,3,,,9,5,,,5,1,3,6,4,8,7,7,5,9,8,5,7,9,9,9,7,4,2,1,8,7,3,5,,4,,,b'\x11\xe9\xfd\xde\x9aG3\xc8\x8b\x88\x12\xdf\x17\xaeN\x1e'
11E9FDDE-9A47-33C8-8B88-12DF17AE4E1E,2021-ncaa-d2-natl,ncaa,190,8,217,98,217,218,217,217,35,217,217,30,217,217,148,158,218,218,125,218,163,217,217,52,63,123,205,182,167,217,32,218,178,217,63,216,57,11,210,137,216,82,201,40,,,10,193,,,99,218,22,121,60,34,82,23,52,148,138,127,128,117,85,27,76,108,89,27,217,50,21,,218,,,67,9,9,9,54,9,9,24,9,9,162,34,8,11,2,11,167,9,10,46,29,34,108,96,130,10,178,8,32,10,63,9,171,217,96,97,12,216,6,19,,,218,183,,,99,9,127,45,74,115,118,174,118,195,106,70,125,210,212,193,206,189,10,57,151,49,222,23,,110,,,b'\x11\xe9\xfd\xde\x9aG3\xc8\x8b\x88\x12\xdf\x17\xaeN\x1e'
11E9FDDE-9A47-33C8-8B88-12DF17AE4E1E,2022-ncaa-d2-conf-SIAC,ncaa,12,6,13,11,13,13,13,13,14,13,13,11,14,13,14,10,13,13,7,13,5,13,13,14,14,14,9,14,1,13,10,13,7,13,9,14,11,2,13,14,14,10,11,7,,,2,8,,,9,13,8,11,14,13,11,11,9,14,10,7,3,3,9,9,7,8,9,13,12,10,8,,7,,,12,2,2,2,4,2,2,5,3,2,10,14,2,2,4,2,14,2,2,6,7,8,14,14,9,2,7,2,10,2,9,2,14,13,12,12,2,6,2,6,,,13,2,,,9,2,14,7,12,8,4,5,1,1,13,13,6,9,12,7,5,6,10,9,10,11,6,5,,1,,,b'\x11\xe9\xfd\xde\x9aG3\xc8\x8b\x88\x12\xdf\x17\xaeN\x1e'
11E9FDDE-9A47-33C8-8B88-12DF17AE4E1E,2022-ncaa-d2-natl,ncaa,263,107,296,244,296,297,298,297,288,295,293,272,298,297,299,290,276,248,284,249,16,296,296,296,294,295,282,300,3,248,26,296,240,293,103,298,248,54,294,300,286,134,272,178,,,8,215,,,217,296,26,212,277,283,190,186,57,298,287,30,4,4,108,14,19,124,33,286,297,98,176,,268,,,245,5,5,6,24,5,5,36,11,11,56,171,17,46,4,46,300,6,6,38,33,31,269,171,279,13,240,6,26,6,103,6,241,287,80,80,26,260,9,66,,,290,23,,,217,6,293,45,244,129,59,176,48,125,149,216,268,295,295,247,270,261,159,212,151,44,281,105,,1,,,b'\x11\xe9\xfd\xde\x9aG3\xc8\x8b\x88\x12\xdf\x17\xaeN\x1e'
11E9FDDE-9A47-33C8-8B88-12DF17AE4E1E,2023-ncaa-d2-conf-SIAC,ncaa,10,9,8,9,13,8,8,9,4,9,12,3,4,4,8,2,9,8,13,8,4,9,8,3,6,7,4,2,9,7,8,9,3,8,6,9,5,11,12,10,6,5,9,6,,,12,12,,,7,9,2,11,6,6,6,7,12,3,3,8,4,4,7,4,5,6,7,6,12,4,7,,14,,,7,8,3,3,8,4,3,9,5,6,5,9,13,13,7,13,14,5,6,8,11,9,13,7,14,3,3,6,8,3,6,4,8,5,6,5,12,13,1,4,,,9,7,,,7,8,7,8,7,11,6,7,6,4,6,10,14,14,14,9,11,5,9,8,7,2,13,1,,6,,,b'\x11\xe9\xfd\xde\x9aG3\xc8\x8b\x88\x12\xdf\x17\xaeN\x1e'
11E9FDDE-9A47-33C8-8B88-12DF17AE4E1E,2023-ncaa-d2-natl,ncaa,183,118,280,168,284,247,251,264,191,229,252,149,240,229,252,183,161,79,286,77,12,244,202,205,216,267,167,209,48,83,35,231,184,182,85,245,171,279,290,275,68,38,165,110,,,225,279,,,141,224,7,188,128,162,101,132,104,199,140,47,7,7,45,7,21,72,17,179,296,21,104,,295,,,141,25,13,11,60,28,37,96,9,19,8,37,275,291,12,291,298,35,84,42,75,24,181,15,297,109,184,26,35,36,85,16,120,52,14,8,275,286,58,113,,,159,85,,,141,85,250,22,132,157,59,96,145,183,19,57,297,297,297,252,290,233,177,210,83,5,293,138,,14,,,b'\x11\xe9\xfd\xde\x9aG3\xc8\x8b\x88\x12\xdf\x17\xaeN\x1e'
11E9FDDE-9A47-33C8-8B88-12DF17AE4E1E,2024-ncaa-d2-conf-SIAC,ncaa,13,9,14,13,14,14,14,14,11,14,14,6,14,13,14,10,14,12,14,12,2,14,14,12,13,13,10,11,4,14,9,14,5,14,7,14,13,1,13,14,10,7,12,11,,,1,6,,,13,14,6,14,13,12,13,9,9,12,11,7,3,3,10,7,9,6,7,13,13,6,12,,8,,,13,1,1,1,10,2,1,13,1,2,7,12,1,1,3,1,2,1,1,9,9,9,3,9,2,1,5,1,9,1,7,3,14,14,7,11,1,11,3,9,,,10,1,,,13,1,13,7,13,9,10,9,11,8,11,12,3,2,2,9,9,6,10,9,13,7,11,8,,1,,,b'\x11\xe9\xfd\xde\x9aG3\xc8\x8b\x88\x12\xdf\x17\xaeN\x1e'
11E9FDDE-9A47-33C8-8B88-12DF17AE4E1E,2024-ncaa-d2-natl,ncaa,261,151,292,240,292,292,292,293,249,290,294,236,287,289,274,262,253,187,293,191,8,292,292,259,260,283,200,276,8,252,104,290,206,287,150,294,288,96,293,298,212,84,276,233,,,10,130,,,178,292,30,297,239,270,240,189,122,282,258,45,4,4,151,40,76,68,52,291,297,57,210,,197,,,194,6,6,8,77,11,12,103,7,9,20,67,16,26,7,23,181,8,8,53,49,28,46,37,191,30,206,8,104,8,150,8,146,240,55,50,69,264,11,84,,,251,10,,,178,8,280,38,195,111,133,201,198,235,37,95,164,218,220,221,261,255,196,238,125,35,280,96,,1,,,b'\x11\xe9\xfd\xde\x9aG3\xc8\x8b\x88\x12\xdf\x17\xaeN\x1e'
11E9FDDE-9A47-33C8-8B88-12DF17AE4E1E,2025-ncaa-d2-conf-SIAC,genius_ncaa,4,3,9,4,12,4,5,4,9,5,8,8,5,4,11,5,2,4,1,4,4,4,4,9,5,5,2,5,2,6,3,11,3,8,3,8,12,7,4,9,4,3,13,13,,,11,12,,13,5,4,1,10,1,3,1,2,5,4,3,1,3,3,1,1,4,11,6,6,10,2,12,,13,,13,5,8,8,3,14,12,7,14,1,1,8,1,12,13,1,13,13,6,8,14,13,11,2,1,12,2,3,2,3,2,3,3,3,5,4,6,4,4,7,5,,,2,2,,1,5,10,4,7,6,13,14,6,14,12,2,1,13,14,14,11,14,2,3,3,5,3,6,8,,1,,1,b'\x11\xe9\xfd\xde\x9aG3\xc8\x8b\x88\x12\xdf\x17\xaeN\x1e'
11E9FDDE-9A47-33C8-8B88-12DF17AE4E1E,2025-ncaa-d2-natl,genius_ncaa,121,47,275,77,285,202,246,228,248,223,193,245,228,208,241,200,48,64,62,67,23,194,190,252,201,210,84,225,6,75,12,276,124,224,44,265,258,177,216,272,97,50,270,269,,,215,286,,138,110,226,7,207,56,138,31,107,52,174,127,1,8,8,12,6,14,216,61,220,276,35,257,,295,,221,106,29,25,15,207,99,84,177,8,9,60,3,226,276,3,275,291,27,50,132,141,68,35,4,294,23,124,15,12,10,44,18,25,96,29,18,106,136,16,19,,,87,26,,57,110,71,185,49,112,172,148,91,249,265,9,7,288,300,300,211,270,85,79,76,49,16,216,43,,1,,23,b'\x11\xe9\xfd\xde\x9aG3\xc8\x8b\x88\x12\xdf\x17\xaeN\x1e'
11E9FDDE-9A47-33C8-8B88-12DF17AE4E1E,2026-ncaa-d2-conf-SIAC,genius_ncaa,1,2,3,2,3,2,3,4,5,3,7,1,3,1,7,3,4,6,1,6,6,5,5,4,4,2,4,5,4,4,4,3,11,4,9,2,3,6,3,3,8,10,2,3,,,8,7,,1,2,6,8,1,2,3,5,3,8,3,3,2,7,7,5,6,4,3,4,2,2,9,2,,7,,1,2,8,8,11,4,8,12,1,6,4,11,2,7,9,1,9,5,9,10,4,3,3,5,7,6,11,11,8,4,12,9,5,3,6,7,4,9,7,2,2,,,5,10,,7,2,8,1,8,2,5,6,11,8,13,6,3,5,8,8,9,11,12,6,13,3,6,8,2,,9,,7,b'\x11\xe9\xfd\xde\x9aG3\xc8\x8b\x88\x12\xdf\x17\xaeN\x1e'
11E9FDDE-9A47-33C8-8B88-12DF17AE4E1E,2026-ncaa-d2-natl,genius_ncaa,65,13,221,36,233,190,186,209,105,145,195,49,240,199,258,174,93,133,50,131,76,203,215,140,110,105,216,249,46,97,27,229,277,183,154,167,131,85,131,129,155,129,92,102,,,114,157,,2,53,230,48,88,39,59,43,32,65,213,128,25,39,37,32,28,18,102,34,79,192,88,50,,244,,3,37,52,53,66,61,106,168,26,13,5,122,2,95,175,9,172,163,73,91,28,25,22,22,11,216,240,277,58,27,117,154,28,28,119,55,17,155,213,19,15,,,208,168,,188,53,65,73,52,42,98,117,197,207,288,9,3,188,268,266,247,276,289,129,260,41,27,240,20,,90,,163,b'\x11\xe9\xfd\xde\x9aG3\xc8\x8b\x88\x12\xdf\x17\xaeN\x1e'
11E9FDDF-0D80-3092-8B88-12DF17AE4E1E,2024-ncaa-d2-natl,ncaa,296,1,298,296,298,298,298,298,288,298,298,201,299,299,299,239,298,298,1,298,247,298,298,296,287,271,290,299,4,299,236,298,44,299,155,298,27,2,136,136,298,69,299,299,,,2,294,,,155,298,27,227,237,241,51,81,36,299,219,29,200,166,72,76,158,6,34,107,173,50,298,,297,,,273,2,2,2,184,2,2,293,1,1,1,109,2,2,280,2,254,2,2,85,165,228,6,1,293,1,44,2,236,2,155,1,1,298,276,61,2,115,1,1,,,298,252,,,155,2,274,218,266,267,258,269,294,260,1,189,298,296,295,286,252,129,283,261,8,235,141,1,,219,,,b'\x11\xe9\xfd\xdf\r\x800\x92\x8b\x88\x12\xdf\x17\xaeN\x1e'
11E9FDDF-0D80-3092-8B88-12DF17AE4E1E,2025-ncaa-d2-conf-PacWest,genius_ncaa,6,5,9,6,11,6,7,14,5,6,9,7,8,10,2,8,2,3,6,3,1,10,9,4,3,4,4,7,3,14,14,7,11,13,12,8,7,10,11,9,3,5,6,6,,,5,2,,6,6,6,2,5,3,6,11,6,9,6,8,1,1,1,7,7,14,5,10,6,11,2,6,,7,,7,6,6,10,13,9,9,9,5,8,9,8,9,6,6,2,6,5,12,11,9,6,5,6,8,6,13,11,8,14,10,12,12,10,4,7,6,11,11,1,2,,,3,2,,7,6,10,6,7,6,9,13,14,11,14,10,11,7,7,7,14,14,14,9,12,12,3,11,2,,2,,6,b'\x11\xe9\xfd\xdf\r\x800\x92\x8b\x88\x12\xdf\x17\xaeN\x1e'
11E9FDDF-0D80-3092-8B88-12DF17AE4E1E,2025-ncaa-d2-natl,genius_ncaa,144,95,260,127,274,214,230,270,121,230,253,149,171,212,80,151,171,164,187,169,51,266,268,115,107,124,90,135,80,287,289,211,211,261,259,266,272,67,175,219,136,94,163,134,,,27,38,,153,140,253,57,296,118,155,192,167,179,116,154,75,65,70,154,149,279,67,208,243,171,65,114,,94,,213,139,37,55,69,90,43,76,74,125,120,164,190,29,44,24,43,91,55,62,98,77,64,157,219,71,165,211,126,289,137,259,88,183,158,107,120,115,208,16,38,,,181,50,,147,140,50,180,86,138,142,174,252,148,207,212,215,80,117,119,237,253,255,256,268,191,71,201,30,,62,,114,b'\x11\xe9\xfd\xdf\r\x800\x92\x8b\x88\x12\xdf\x17\xaeN\x1e'
11E9FDDF-0D80-3092-8B88-12DF17AE4E1E,2026-ncaa-d2-conf-PacWest,genius_ncaa,9,12,1,9,2,3,3,3,4,2,1,6,6,6,5,10,8,7,11,7,9,3,3,5,6,10,10,9,8,9,12,3,12,4,12,3,8,12,12,10,5,9,4,11,,,8,2,,4,12,2,5,3,12,8,10,6,3,9,10,11,9,9,11,10,12,12,12,8,11,8,8,,2,,3,12,12,12,12,11,12,12,7,12,11,12,8,6,5,7,5,2,12,11,11,11,11,10,10,2,12,12,11,12,11,12,12,8,5,11,10,12,12,12,11,,,8,11,,10,12,10,12,12,12,12,12,12,11,12,12,10,3,3,3,12,10,12,8,11,12,9,12,11,,11,,11,b'\x11\xe9\xfd\xdf\r\x800\x92\x8b\x88\x12\xdf\x17\xaeN\x1e'
11E9FDDF-0D80-3092-8B88-12DF17AE4E1E,2026-ncaa-d2-natl,genius_ncaa,246,239,141,256,170,223,181,192,148,127,140,133,249,233,248,235,239,212,257,213,252,199,177,190,213,241,278,253,230,189,187,199,293,205,273,172,153,202,264,218,59,58,125,138,,,117,68,,105,268,169,103,88,235,173,199,96,98,260,247,255,224,226,224,144,198,203,218,167,248,37,115,,127,,117,258,176,178,189,133,125,161,55,267,226,282,224,86,115,44,109,103,181,169,183,156,150,258,280,57,285,293,122,187,202,273,192,192,143,171,192,281,290,105,95,,,231,266,,260,268,130,248,243,259,240,234,271,125,218,287,270,95,134,127,273,261,294,128,271,234,110,285,118,,264,,268,b'\x11\xe9\xfd\xdf\r\x800\x92\x8b\x88\x12\xdf\x17\xaeN\x1e'
11E9FE7C-2E11-34F8-96A1-12DF17AE4E1E,2025-ncaa-d2-conf-MEC,genius_ncaa,9,9,6,9,10,10,8,6,9,7,4,9,10,10,9,10,8,5,11,5,7,6,7,10,9,10,10,10,6,4,4,4,2,4,3,10,10,6,6,9,9,9,6,5,,,4,5,,4,10,7,7,8,10,8,5,6,5,10,10,8,4,4,5,5,4,3,4,10,5,9,6,,4,,4,10,6,6,5,8,7,5,6,6,6,7,6,6,6,11,6,7,6,5,9,10,11,5,6,7,4,2,6,4,5,3,7,5,9,10,10,6,7,5,5,,,8,7,,7,10,5,10,10,9,8,8,8,9,8,7,8,8,7,7,7,4,4,7,6,7,9,6,5,,6,,6,b'\x11\xe9\xfe|.\x114\xf8\x96\xa1\x12\xdf\x17\xaeN\x1e'
11E9FE7C-2E11-34F8-96A1-12DF17AE4E1E,2025-ncaa-d2-natl,genius_ncaa,216,236,162,227,192,169,158,106,234,122,60,256,225,222,207,260,133,75,278,75,155,100,80,250,255,253,234,244,108,44,81,88,167,65,127,247,287,255,218,281,206,248,111,160,,,204,134,,274,266,90,21,207,163,150,46,85,28,227,224,119,55,55,41,15,37,37,13,269,260,211,104,,217,,283,259,264,261,241,185,260,247,189,183,202,131,130,244,230,157,225,162,252,227,169,171,216,109,116,168,230,167,218,81,233,127,127,31,194,245,170,252,215,168,100,,,92,147,,85,266,222,233,223,246,279,274,291,270,279,203,219,239,234,234,292,276,238,243,252,145,191,259,189,,54,,82,b'\x11\xe9\xfe|.\x114\xf8\x96\xa1\x12\xdf\x17\xaeN\x1e'
11E9FE7C-2E11-34F8-96A1-12DF17AE4E1E,2026-ncaa-d2-conf-MEC,genius_ncaa,10,11,1,10,1,8,8,7,9,6,6,7,11,10,11,10,6,5,10,5,6,7,8,9,10,10,11,11,6,4,4,6,3,7,3,6,6,6,7,7,7,9,1,1,,,2,1,,11,11,8,10,1,11,11,10,7,7,11,11,8,6,6,9,9,4,6,7,7,5,9,1,,2,,11,10,9,11,8,10,11,6,10,9,8,7,9,2,2,11,1,1,4,4,11,10,11,3,8,1,2,3,6,4,4,3,6,2,11,9,9,4,3,5,5,,,6,8,,8,11,5,10,11,11,8,10,8,10,5,9,8,1,1,1,3,2,1,3,2,6,11,3,5,,8,,8,b'\x11\xe9\xfe|.\x114\xf8\x96\xa1\x12\xdf\x17\xaeN\x1e'
11E9FE7C-2E11-34F8-96A1-12DF17AE4E1E,2026-ncaa-d2-natl,genius_ncaa,201,144,221,202,224,257,252,244,200,192,185,196,284,279,281,280,228,179,276,174,153,242,240,244,249,247,283,287,102,189,129,150,7,173,18,262,229,100,207,230,291,291,51,43,,,24,28,,275,236,245,130,21,231,199,179,82,48,288,279,150,82,75,148,114,119,9,17,228,215,289,27,,32,,294,248,89,147,105,229,162,122,231,111,106,154,148,6,5,79,5,1,70,50,213,171,245,15,158,4,13,7,71,129,32,18,83,34,287,287,268,52,120,38,41,,,213,104,,213,236,61,241,181,233,213,278,280,275,271,186,191,5,3,3,239,132,16,152,60,156,284,125,58,,104,,184,b'\x11\xe9\xfe|.\x114\xf8\x96\xa1\x12\xdf\x17\xaeN\x1e'
11E9FF3D-7662-2DCC-BC85-12DF17AE4E1E,2020-ncaa-d3-natl,ncaa,397,4,438,150,438,437,437,438,146,437,438,199,437,438,109,358,437,437,436,437,290,438,438,168,256,311,379,288,412,437,297,437,261,437,193,437,88,1,365,276,438,418,437,284,,,1,4,,,246,438,383,303,376,318,414,254,288,344,399,427,338,336,416,406,351,24,126,207,290,420,317,,4,,,284,1,1,1,27,1,1,86,2,2,49,438,1,1,3,1,6,1,1,65,20,79,375,438,3,1,261,1,297,1,193,1,368,438,409,398,1,371,4,427,,,438,402,,,246,1,319,160,271,97,176,379,49,68,420,436,1,2,2,290,160,359,141,265,290,418,320,426,,434,,,b'\x11\xe9\xff=vb-\xcc\xbc\x85\x12\xdf\x17\xaeN\x1e'
11E9FF3D-7662-2DCC-BC85-12DF17AE4E1E,2021-ncaa-d3-natl,ncaa,251,28,273,251,275,283,283,284,255,280,281,254,277,280,232,183,279,278,269,276,29,283,278,259,260,267,110,173,39,283,262,273,229,277,224,284,281,19,274,283,285,285,274,246,,,6,8,,,195,277,9,110,261,264,250,252,204,221,199,165,63,45,232,81,257,15,105,282,277,285,202,,40,,,284,16,17,13,247,15,12,266,27,24,222,279,4,3,268,3,9,13,11,261,246,284,125,269,5,12,229,6,262,8,224,19,175,285,285,285,22,271,27,284,,,276,106,,,195,11,271,283,282,284,285,285,282,283,285,285,44,20,27,285,281,269,212,257,280,285,275,283,,81,,,b'\x11\xe9\xff=vb-\xcc\xbc\x85\x12\xdf\x17\xaeN\x1e'
11E9FF3D-7662-2DCC-BC85-12DF17AE4E1E,2022-ncaa-d3-natl,ncaa,406,182,423,409,423,417,421,424,309,418,421,297,423,422,415,399,364,390,104,390,34,423,423,350,282,329,287,418,1,424,374,423,409,424,391,424,427,9,377,416,420,360,396,266,,,12,138,,,336,423,15,290,263,331,315,191,113,411,395,3,6,6,200,71,368,271,339,416,396,271,264,,332,,,389,8,7,7,321,7,7,381,63,39,285,418,20,16,136,17,367,7,7,361,354,341,385,396,165,21,409,8,374,9,391,13,338,418,249,325,15,362,11,145,,,418,49,,,336,7,360,383,378,414,394,406,339,223,425,428,357,373,373,412,417,414,310,387,401,95,379,186,,18,,,b'\x11\xe9\xff=vb-\xcc\xbc\x85\x12\xdf\x17\xaeN\x1e'
11E9FF3D-7662-2DCC-BC85-12DF17AE4E1E,2023-ncaa-d3-natl,ncaa,423,247,422,423,422,421,422,423,402,422,423,381,414,409,408,192,420,419,369,419,177,423,421,405,402,413,228,275,99,424,418,422,421,422,423,422,415,38,412,418,424,419,429,428,,,6,4,,,413,420,42,423,407,407,371,390,335,364,251,334,273,280,368,172,410,276,391,420,413,400,428,,10,,,425,27,67,11,426,56,9,428,204,103,395,393,7,8,10,8,41,10,9,428,422,429,116,379,5,125,421,10,418,17,423,116,236,423,427,426,155,421,19,303,,,422,409,,,413,9,414,429,425,428,429,428,426,405,429,429,48,132,130,427,421,424,401,421,422,420,421,244,,397,,,b'\x11\xe9\xff=vb-\xcc\xbc\x85\x12\xdf\x17\xaeN\x1e'
11E9FF3D-7662-2DCC-BC85-12DF17AE4E1E,2024-ncaa-d3-conf-SLIAC,ncaa,8,7,7,8,9,7,8,9,7,9,9,8,2,2,2,2,1,1,1,1,1,8,10,5,5,5,2,2,1,9,7,6,8,8,6,8,2,3,6,7,10,10,10,9,,,1,1,,,8,10,9,9,5,8,9,8,9,2,2,1,1,1,8,10,8,5,6,6,5,10,9,,1,,,8,7,8,9,7,6,5,7,10,10,8,10,1,1,3,1,1,7,1,8,7,9,6,10,1,9,8,3,7,6,6,9,10,10,10,10,4,5,8,9,,,5,1,,,8,1,6,9,8,8,9,9,7,7,10,10,1,1,1,8,7,9,6,6,9,10,5,9,,2,,,b'\x11\xe9\xff=vb-\xcc\xbc\x85\x12\xdf\x17\xaeN\x1e'
11E9FF3D-7662-2DCC-BC85-12DF17AE4E1E,2024-ncaa-d3-natl,ncaa,318,232,392,308,397,301,368,395,227,397,407,290,155,233,41,98,52,84,58,80,2,381,389,165,97,144,5,68,7,362,275,350,349,362,294,320,126,147,307,283,385,377,406,403,,,17,20,,,322,386,122,376,131,285,332,369,383,60,102,3,8,7,212,160,277,125,190,230,308,341,400,,35,,,335,226,301,168,370,281,115,390,319,305,271,369,31,33,103,34,73,125,51,376,341,397,128,329,23,268,349,35,275,90,294,358,370,411,415,419,167,302,188,387,,,314,92,,,322,42,176,404,334,404,407,401,395,365,410,418,99,128,130,400,346,388,234,326,412,396,308,330,,83,,,b'\x11\xe9\xff=vb-\xcc\xbc\x85\x12\xdf\x17\xaeN\x1e'
11E9FF3D-7662-2DCC-BC85-12DF17AE4E1E,2025-ncaa-d3-conf-SLIAC,genius_ncaa,7,7,6,7,6,7,8,7,8,8,8,8,1,2,3,2,5,5,5,5,2,7,6,6,6,7,2,2,4,5,4,9,4,7,6,8,6,7,9,8,6,5,9,8,,,7,9,,5,7,8,7,1,7,7,6,8,8,1,2,4,5,5,7,5,1,8,4,7,8,6,9,,9,,7,7,8,7,2,9,7,1,9,8,5,9,8,4,5,1,5,7,2,4,9,10,7,6,8,4,1,4,3,4,3,6,7,8,5,5,7,5,4,5,8,,,5,6,,4,7,5,7,7,7,7,7,5,7,4,8,6,6,7,7,5,4,2,5,5,7,5,6,8,,5,,2,b'\x11\xe9\xff=vb-\xcc\xbc\x85\x12\xdf\x17\xaeN\x1e'
11E9FF3D-7662-2DCC-BC85-12DF17AE4E1E,2025-ncaa-d3-natl,genius_ncaa,293,319,192,309,247,162,209,109,328,316,275,321,36,20,184,24,124,91,296,91,41,109,59,272,275,294,13,19,156,41,65,263,324,130,224,253,290,395,327,349,69,103,373,382,,,411,388,,354,324,65,20,247,136,210,49,334,304,23,12,102,71,78,39,17,22,259,74,262,382,65,386,,411,,362,322,402,390,304,391,387,247,397,319,319,280,229,394,403,138,403,374,350,361,390,395,349,211,155,273,315,324,306,65,322,224,372,258,79,122,226,366,302,355,375,,,117,257,,72,324,357,275,350,317,392,381,325,380,267,323,331,396,401,401,368,388,314,312,321,355,56,356,355,,79,,61,b'\x11\xe9\xff=vb-\xcc\xbc\x85\x12\xdf\x17\xaeN\x1e'
11E9FF3D-7662-2DCC-BC85-12DF17AE4E1E,2026-ncaa-d3-conf-SLIAC,genius_ncaa,8,9,1,8,1,4,7,1,9,7,4,9,1,1,8,1,1,2,2,2,3,1,1,9,9,9,1,3,1,4,9,5,9,5,9,9,9,4,2,9,1,3,1,2,,,6,1,,8,8,1,2,1,7,9,1,9,5,3,1,2,3,3,1,1,5,6,6,9,3,2,1,,3,,8,7,8,8,6,6,9,9,6,5,4,6,3,5,5,6,5,1,6,9,6,6,5,2,3,3,8,9,9,9,9,9,8,6,1,3,6,4,2,4,2,,,3,6,,7,8,9,9,7,7,7,7,6,8,9,5,3,3,3,2,6,9,8,9,9,7,2,3,2,,5,,7,b'\x11\xe9\xff=vb-\xcc\xbc\x85\x12\xdf\x17\xaeN\x1e'
11E9FF3D-7662-2DCC-BC85-12DF17AE4E1E,2026-ncaa-d3-natl,genius_ncaa,345,397,42,385,47,85,192,27,399,197,43,399,145,51,351,225,1,1,200,1,13,12,15,393,366,341,33,261,4,51,303,35,344,32,354,224,297,379,228,349,27,130,2,28,,,404,246,,415,329,12,6,66,187,333,41,328,93,238,101,3,3,3,14,8,109,74,68,342,339,43,5,,392,,410,316,393,392,400,241,402,406,258,254,330,79,79,398,404,98,402,262,401,409,196,199,153,77,50,274,404,344,410,303,409,354,393,283,19,121,191,369,237,260,156,,,3,54,,98,329,404,340,197,303,367,361,388,385,396,144,251,360,391,388,398,410,386,410,407,355,23,321,195,,5,,148,b'\x11\xe9\xff=vb-\xcc\xbc\x85\x12\xdf\x17\xaeN\x1e'
11E9FF3D-7B2D-A566-BC85-12DF17AE4E1E,2020-ncaa-d3-conf-ACAA,ncaa,4,3,4,4,4,5,4,4,3,4,4,2,4,6,2,6,6,6,6,6,5,6,6,3,3,5,6,3,6,6,6,4,4,5,5,4,4,2,4,3,5,4,3,3,,,1,1,,,4,4,4,3,5,4,4,1,2,4,6,6,5,5,6,5,6,2,3,4,4,5,3,,1,,,4,2,2,3,3,2,2,3,4,3,4,6,1,1,6,1,1,3,3,3,3,4,4,6,1,3,4,3,6,3,5,1,2,6,6,6,2,4,1,1,,,6,5,,,4,2,5,6,5,5,5,5,5,4,6,5,2,1,1,5,4,6,5,5,2,6,4,1,,5,,,b'\x11\xe9\xff={-\xa5f\xbc\x85\x12\xdf\x17\xaeN\x1e'
11E9FF3D-7B2D-A566-BC85-12DF17AE4E1E,2020-ncaa-d3-natl,ncaa,418,85,436,413,436,436,436,436,430,436,436,420,436,436,434,365,436,436,372,436,201,436,436,431,428,424,319,408,14,436,434,436,383,436,421,436,337,2,383,418,436,375,417,163,,,3,27,,,347,436,189,303,428,428,404,397,262,429,394,293,221,222,402,351,429,63,295,426,343,346,151,,42,,,421,3,2,3,243,3,2,334,3,4,191,427,3,3,55,3,54,3,3,296,221,307,288,411,13,4,383,4,434,4,421,3,261,436,374,382,2,392,3,51,,,436,206,,,347,3,427,368,422,357,387,418,306,235,429,433,29,43,43,399,365,421,428,428,360,323,367,40,,293,,,b'\x11\xe9\xff={-\xa5f\xbc\x85\x12\xdf\x17\xaeN\x1e'
11E9FF3D-7B2D-A566-BC85-12DF17AE4E1E,2022-ncaa-d3-conf-C2C,ncaa,6,5,5,6,6,6,6,6,7,6,6,7,7,7,7,7,6,6,3,6,6,6,5,7,7,7,7,7,1,5,2,5,6,5,6,6,7,5,7,7,6,6,5,5,,,3,3,,,7,5,2,2,6,6,6,6,3,7,7,6,6,6,6,4,4,5,5,7,7,5,5,,3,,,6,3,4,3,5,4,3,6,2,4,2,6,3,3,3,3,3,3,3,5,5,6,2,6,3,4,6,3,2,3,6,4,6,6,6,6,5,7,4,7,,,5,4,,,7,3,7,6,6,6,6,7,6,6,5,7,3,3,3,7,7,7,3,7,6,6,7,7,,4,,,b'\x11\xe9\xff={-\xa5f\xbc\x85\x12\xdf\x17\xaeN\x1e'
11E9FF3D-7B2D-A566-BC85-12DF17AE4E1E,2022-ncaa-d3-natl,ncaa,381,156,422,356,422,420,420,421,370,414,413,400,424,426,391,427,413,416,253,416,356,421,422,400,392,404,411,424,62,368,11,420,305,415,64,417,215,56,417,399,426,406,310,192,,,8,48,,,345,422,78,290,383,368,267,209,24,424,427,228,201,187,260,45,9,54,12,319,423,394,92,,110,,,391,7,9,9,229,11,13,179,11,9,273,98,11,9,345,10,48,9,8,201,183,275,91,160,94,13,305,7,11,7,64,18,372,423,381,402,125,414,104,338,,,419,252,,,345,8,392,315,379,353,368,402,377,413,249,228,225,186,202,402,378,368,95,241,391,332,419,421,,128,,,b'\x11\xe9\xff={-\xa5f\xbc\x85\x12\xdf\x17\xaeN\x1e'
11E9FF3D-7B2D-A566-BC85-12DF17AE4E1E,2023-ncaa-d3-conf-C2C,ncaa,5,2,7,5,7,7,7,7,7,7,7,7,7,7,7,7,7,7,1,7,1,7,7,7,7,7,2,7,1,7,7,7,5,7,7,7,7,1,7,7,7,5,7,7,,,1,2,,,5,7,1,3,7,7,7,7,5,7,7,1,1,1,6,1,7,5,7,7,7,4,7,,2,,,7,1,1,1,7,1,1,7,2,1,7,6,1,1,7,1,1,1,1,7,7,7,1,6,1,1,5,1,7,1,7,1,7,7,6,6,2,7,1,7,,,7,1,,,5,1,7,6,7,7,7,7,7,6,7,7,1,1,1,7,7,5,7,7,7,4,7,7,,1,,,b'\x11\xe9\xff={-\xa5f\xbc\x85\x12\xdf\x17\xaeN\x1e'
11E9FF3D-7B2D-A566-BC85-12DF17AE4E1E,2023-ncaa-d3-natl,ncaa,411,420,271,417,312,413,415,291,426,411,187,428,393,347,418,332,360,359,322,356,395,306,225,426,426,423,195,301,32,271,386,304,419,308,422,416,413,408,397,422,375,407,412,426,,,113,38,,,424,203,81,288,421,424,249,420,129,401,341,379,370,362,296,113,241,275,269,424,408,387,421,,145,,,422,394,422,400,385,425,424,348,44,42,141,4,111,147,68,140,18,397,350,315,275,341,1,5,39,423,419,424,386,424,422,421,410,280,372,415,413,399,366,350,,,365,406,,,424,237,423,398,421,402,418,420,425,428,50,48,138,187,174,416,412,421,425,425,423,251,407,391,,385,,,b'\x11\xe9\xff={-\xa5f\xbc\x85\x12\xdf\x17\xaeN\x1e'
11E9FF3D-7B2D-A566-BC85-12DF17AE4E1E,2024-ncaa-d3-natl,ncaa,419,275,421,419,422,422,422,423,418,420,414,418,423,423,420,391,418,419,315,417,334,423,423,419,418,415,356,404,51,419,366,422,412,422,405,418,91,52,404,398,418,393,392,368,,,9,38,,,388,422,55,427,412,412,343,374,113,421,405,328,304,291,344,144,301,258,292,371,401,358,277,,118,,,409,9,24,12,373,68,33,303,5,4,348,6,8,8,61,8,10,8,7,318,263,336,4,19,20,99,412,9,366,16,405,81,337,420,376,401,123,408,24,178,,,423,377,,,388,5,415,386,410,385,410,405,416,425,92,32,75,103,106,403,388,413,390,413,408,297,406,223,,365,,,b'\x11\xe9\xff={-\xa5f\xbc\x85\x12\xdf\x17\xaeN\x1e'
11E9FF3D-7B2D-A566-BC85-12DF17AE4E1E,2026-ncaa-d3-natl,genius_ncaa,345,268,327,351,337,391,394,370,403,389,318,407,399,388,396,379,308,245,377,236,121,367,317,407,405,408,265,379,17,251,192,276,401,283,333,379,68,326,401,395,279,251,283,333,,,54,16,,20,382,328,52,113,404,405,341,384,144,398,384,188,81,73,298,60,96,53,48,356,405,152,222,,119,,31,391,139,170,223,106,209,287,68,111,103,161,59,66,74,156,76,13,194,150,73,43,136,50,127,57,379,401,145,192,261,333,284,374,355,372,383,360,402,151,237,,,294,198,,406,382,90,406,280,392,334,369,414,380,415,224,269,117,133,138,412,404,414,359,402,386,286,404,261,,106,,406,b'\x11\xe9\xff={-\xa5f\xbc\x85\x12\xdf\x17\xaeN\x1e'
11E9FFE3-9D4A-E842-9DD1-12DF17AE4E1E,2022-ncaa-d3-natl,ncaa,328,5,426,65,426,422,424,426,77,426,426,13,357,398,107,7,423,426,248,426,35,426,426,25,43,23,20,14,371,425,368,426,293,426,372,423,351,3,27,85,398,4,414,178,,,4,225,,,153,426,32,242,12,26,34,208,401,7,8,172,143,142,33,88,331,367,368,148,62,4,191,,323,,,28,4,4,4,240,4,4,210,4,4,339,262,4,4,294,4,198,4,4,263,256,76,277,302,189,4,293,4,368,4,372,4,320,421,7,30,3,9,4,53,,,426,353,,,153,4,50,70,39,183,193,137,159,140,278,206,181,163,153,126,369,206,371,321,272,7,12,12,,306,,,b'\x11\xe9\xff\xe3\x9dJ\xe8B\x9d\xd1\x12\xdf\x17\xaeN\x1e'
11E9FFE3-9D4A-E842-9DD1-12DF17AE4E1E,2023-ncaa-d3-natl,ncaa,316,9,424,90,425,420,423,424,261,423,425,168,394,408,300,62,418,420,300,420,22,424,425,223,229,120,60,115,97,425,352,426,268,426,365,420,407,2,5,144,417,51,356,52,,,7,318,,,195,425,80,288,97,150,60,223,272,77,27,43,24,20,39,123,274,347,337,313,14,39,47,,353,,,137,3,3,3,208,3,5,193,3,3,218,208,6,6,99,6,295,3,5,198,196,126,236,213,275,2,268,6,352,5,365,3,322,422,77,162,2,5,2,94,,,426,269,,,195,5,153,122,136,237,219,228,219,215,213,205,278,310,314,242,318,188,395,345,282,67,8,64,,206,,,b'\x11\xe9\xff\xe3\x9dJ\xe8B\x9d\xd1\x12\xdf\x17\xaeN\x1e'
11E9FFE3-9D4A-E842-9DD1-12DF17AE4E1E,2024-ncaa-d3-natl,ncaa,271,45,421,147,421,404,395,415,201,406,420,80,250,241,278,14,420,418,405,419,263,417,420,159,210,185,116,35,417,403,294,421,341,419,352,392,311,4,107,164,94,3,326,102,,,20,296,,,135,420,20,244,72,62,14,163,265,23,5,371,299,302,22,34,175,237,195,144,201,3,132,,390,,,69,6,2,5,59,2,3,109,11,19,46,375,17,20,23,20,395,5,8,71,66,13,374,323,335,15,341,9,294,10,352,2,189,254,6,4,1,37,5,93,,,421,370,,,135,8,208,18,81,111,77,170,68,62,241,357,269,343,347,199,397,349,390,377,106,5,90,77,,277,,,b'\x11\xe9\xff\xe3\x9dJ\xe8B\x9d\xd1\x12\xdf\x17\xaeN\x1e'
11E9FFE3-9D4A-E842-9DD1-12DF17AE4E1E,2025-ncaa-d3-conf-CCS,genius_ncaa,2,2,4,2,5,3,3,4,4,6,7,2,1,1,2,2,4,5,4,5,5,4,5,2,3,1,2,2,8,3,2,7,6,4,5,3,3,1,1,1,1,1,6,6,,,2,3,,5,1,6,7,6,1,2,2,5,7,1,1,5,6,6,2,7,2,6,5,1,1,1,6,,3,,5,1,1,2,3,1,2,2,2,6,7,6,8,1,1,3,1,2,2,4,2,2,1,7,9,2,6,6,4,2,4,5,4,8,2,1,1,1,1,4,6,,,7,9,,7,1,4,2,1,1,1,2,3,2,2,7,8,1,1,1,2,3,6,3,4,4,1,1,5,,8,,7,b'\x11\xe9\xff\xe3\x9dJ\xe8B\x9d\xd1\x12\xdf\x17\xaeN\x1e'
11E9FFE3-9D4A-E842-9DD1-12DF17AE4E1E,2025-ncaa-d3-natl,genius_ncaa,82,94,55,92,94,60,80,35,219,149,196,116,24,6,231,26,85,69,216,75,82,35,49,167,166,130,59,53,238,128,239,263,330,196,322,60,102,202,76,85,10,11,272,295,,,306,167,,309,78,35,53,252,55,86,35,194,278,28,10,113,98,101,37,62,173,380,303,65,150,8,305,,251,,294,77,267,289,325,172,232,268,150,341,329,298,284,143,162,110,156,133,306,386,206,163,49,256,340,111,317,330,372,239,366,322,328,320,10,15,57,213,103,252,235,,,199,361,,327,78,385,148,59,92,163,188,205,149,165,282,266,92,105,102,177,345,260,298,297,270,10,166,207,,287,,347,b'\x11\xe9\xff\xe3\x9dJ\xe8B\x9d\xd1\x12\xdf\x17\xaeN\x1e'
11E9FFE3-9D4A-E842-9DD1-12DF17AE4E1E,2026-ncaa-d3-conf-CCS,genius_ncaa,1,1,2,1,2,2,2,2,1,2,3,1,1,2,1,1,2,2,1,2,1,2,2,1,1,1,1,1,1,3,3,3,3,3,3,2,3,1,1,1,2,1,3,3,,,1,1,,2,1,2,1,1,1,1,1,2,3,1,1,1,1,1,1,2,3,3,3,1,1,1,3,,1,,2,1,2,2,2,3,2,1,3,2,2,2,3,1,1,1,1,1,2,2,3,3,3,1,2,1,2,3,1,3,1,3,1,1,2,1,1,1,1,1,2,,,2,3,,1,1,2,1,3,1,3,3,3,3,2,3,3,1,1,1,3,3,3,2,2,1,1,1,2,,2,,1,b'\x11\xe9\xff\xe3\x9dJ\xe8B\x9d\xd1\x12\xdf\x17\xaeN\x1e'
11E9FFE3-9D4A-E842-9DD1-12DF17AE4E1E,2026-ncaa-d3-natl,genius_ncaa,288,329,116,323,213,132,132,123,220,197,234,158,41,27,180,28,198,182,255,191,160,134,151,166,187,156,65,42,288,261,343,308,382,300,394,134,221,189,114,135,107,170,283,329,,,311,250,,197,307,127,65,414,131,142,84,242,314,35,22,228,231,239,103,159,311,397,388,167,135,127,304,,305,,177,300,360,357,280,386,366,274,396,274,278,221,196,371,351,344,347,304,295,296,383,396,373,153,119,272,337,382,306,343,323,394,351,238,107,176,264,220,166,336,362,,,250,364,,236,307,286,197,375,299,379,367,276,374,259,251,258,365,350,345,305,324,324,326,335,340,111,180,340,,341,,265,b'\x11\xe9\xff\xe3\x9dJ\xe8B\x9d\xd1\x12\xdf\x17\xaeN\x1e'
11EA0002-97BA-48FE-A4F8-12DF17AE4E1E,2024-ncaa-d3-conf-SLIAC,ncaa,5,4,7,5,8,2,2,1,2,2,2,2,3,3,3,8,4,3,5,3,7,1,1,2,2,2,8,7,10,4,5,10,10,9,8,1,1,1,1,1,2,2,5,6,,,8,5,,,2,1,1,5,1,1,1,1,1,3,3,2,2,2,1,1,2,8,7,1,2,2,4,,9,,,2,8,7,7,8,8,9,8,3,2,4,3,7,9,1,9,5,8,10,7,8,5,2,3,3,8,10,7,5,8,8,6,2,2,2,2,2,2,2,1,,,7,10,,,2,10,2,5,2,9,8,8,9,9,5,5,9,9,9,9,10,8,7,9,7,2,4,4,,3,,,b'\x11\xea\x00\x02\x97\xbaH\xfe\xa4\xf8\x12\xdf\x17\xaeN\x1e'
11EA0002-97BA-48FE-A4F8-12DF17AE4E1E,2024-ncaa-d3-natl,ncaa,184,139,345,164,357,20,12,42,10,9,28,17,168,213,89,338,74,74,168,70,289,43,68,23,26,14,381,335,320,196,196,358,371,322,331,11,93,62,9,3,19,21,218,260,,,335,227,,,81,49,2,244,1,1,3,1,2,121,159,22,13,13,3,3,105,321,211,1,141,7,187,,414,,,58,394,397,270,411,402,341,401,201,110,364,60,339,372,132,372,289,287,373,406,407,312,68,63,199,309,371,215,196,262,331,298,86,26,28,74,146,79,89,19,,,192,341,,,81,378,21,292,99,417,414,391,413,403,285,194,401,412,413,404,426,357,339,360,351,7,237,129,,49,,,b'\x11\xea\x00\x02\x97\xbaH\xfe\xa4\xf8\x12\xdf\x17\xaeN\x1e'
11EA0002-97BA-48FE-A4F8-12DF17AE4E1E,2025-ncaa-d3-conf-SLIAC,genius_ncaa,8,8,6,8,6,5,4,5,4,4,5,4,6,6,4,7,6,8,2,8,8,5,5,4,4,5,9,6,9,8,8,6,8,8,8,2,1,9,8,2,5,8,2,5,,,6,4,,2,8,4,1,1,3,4,1,3,2,5,6,6,7,7,2,1,8,3,5,1,9,5,2,,7,,1,8,9,9,9,7,9,9,7,6,8,6,3,7,7,3,7,3,10,8,7,7,8,3,5,3,8,8,7,8,7,8,9,7,8,8,8,9,9,3,3,,,7,9,,5,8,7,5,8,8,9,9,9,9,9,6,8,8,9,9,10,10,8,8,8,9,7,9,4,,7,,5,b'\x11\xea\x00\x02\x97\xbaH\xfe\xa4\xf8\x12\xdf\x17\xaeN\x1e'
11EA0002-97BA-48FE-A4F8-12DF17AE4E1E,2025-ncaa-d3-natl,genius_ncaa,293,299,290,299,327,89,68,72,83,53,56,126,181,225,113,304,136,179,111,185,329,86,51,110,109,177,318,283,290,213,268,154,354,176,314,15,12,393,309,142,66,148,50,108,,,323,142,,154,320,25,4,258,16,13,12,14,17,137,178,82,110,123,12,4,166,52,81,3,385,53,31,,386,,173,321,417,413,411,378,413,400,374,397,390,351,218,333,377,55,376,223,411,406,377,367,368,150,238,104,395,354,304,268,369,314,415,335,113,294,371,405,360,168,75,,,238,383,,138,320,399,215,373,307,418,411,417,408,409,405,398,371,395,396,419,417,393,356,382,411,74,401,201,,172,,125,b'\x11\xea\x00\x02\x97\xbaH\xfe\xa4\xf8\x12\xdf\x17\xaeN\x1e'
11EA0002-97BA-48FE-A4F8-12DF17AE4E1E,2026-ncaa-d3-conf-SLIAC,genius_ncaa,1,1,1,1,3,1,1,2,5,1,1,3,7,2,9,6,3,4,1,4,7,2,3,5,4,3,8,9,5,2,3,2,5,1,5,1,5,5,4,2,3,5,2,4,,,6,3,,2,2,4,3,3,3,2,2,1,1,8,5,4,6,5,2,3,2,2,1,1,4,5,3,,3,,2,2,7,7,9,3,7,8,2,7,7,3,4,6,7,3,7,3,9,8,3,2,3,6,6,4,9,5,8,3,8,5,2,1,5,9,2,5,4,8,6,,,5,9,,8,2,6,3,4,2,5,5,9,5,8,7,7,4,6,6,9,8,9,6,8,1,7,4,8,,7,,8,b'\x11\xea\x00\x02\x97\xbaH\xfe\xa4\xf8\x12\xdf\x17\xaeN\x1e'
11EA0002-97BA-48FE-A4F8-12DF17AE4E1E,2026-ncaa-d3-natl,genius_ncaa,157,132,215,163,248,127,112,119,172,73,121,99,221,136,346,196,115,174,49,173,251,124,149,201,188,152,313,310,203,137,214,117,349,123,294,181,325,175,95,168,207,279,128,188,,,276,190,,104,235,155,10,110,18,15,11,10,28,197,63,57,107,106,7,10,71,11,13,116,217,159,100,,375,,111,236,320,311,332,183,304,303,227,312,356,137,289,312,356,107,354,292,338,300,191,183,274,244,237,235,384,349,292,214,344,294,90,4,278,368,144,195,143,193,146,,,299,400,,406,235,266,153,330,232,400,389,413,376,395,370,406,371,395,395,414,412,404,389,399,92,238,231,229,,297,,406,b'\x11\xea\x00\x02\x97\xbaH\xfe\xa4\xf8\x12\xdf\x17\xaeN\x1e'
11EA004F-4283-D6DC-BB4C-12DF17AE4E1E,2024-ncaa-d2-natl,ncaa,296,1,298,296,298,299,299,299,299,299,299,296,298,298,298,1,299,299,4,299,106,299,299,299,297,295,3,21,25,298,79,298,89,298,71,299,259,1,80,273,299,89,298,240,,,1,132,,,152,299,192,227,292,298,76,298,294,129,5,160,246,258,112,153,36,6,6,295,88,85,234,,140,,,264,1,1,1,1,1,1,1,2,2,212,228,1,1,299,1,193,1,1,2,26,96,299,275,296,2,89,1,79,1,71,2,70,299,279,139,1,54,2,271,,,299,299,,,152,1,284,106,244,107,15,241,6,160,250,249,286,166,188,243,156,193,257,247,25,266,59,181,,299,,,b'\x11\xea\x00OB\x83\xd6\xdc\xbbL\x12\xdf\x17\xaeN\x1e'
11EA004F-4283-D6DC-BB4C-12DF17AE4E1E,2025-ncaa-d2-conf-GLIAC,genius_ncaa,6,6,6,6,6,7,8,6,9,7,7,8,6,3,9,2,3,3,3,3,2,5,4,8,8,8,2,5,2,2,4,6,9,6,8,6,6,6,7,8,2,3,4,6,,,9,7,,11,8,5,2,3,6,8,3,8,7,4,3,1,1,1,3,2,2,7,6,6,8,2,4,,11,,11,8,8,9,7,8,10,11,9,1,5,2,2,3,3,2,3,2,7,8,8,7,7,1,1,1,9,9,9,4,10,8,10,10,4,5,8,5,5,11,11,,,7,9,,8,8,7,8,8,8,8,9,10,9,11,3,5,4,5,5,9,10,9,9,8,10,3,6,11,,7,,8,b'\x11\xea\x00OB\x83\xd6\xdc\xbbL\x12\xdf\x17\xaeN\x1e'
11EA004F-4283-D6DC-BB4C-12DF17AE4E1E,2025-ncaa-d2-natl,genius_ncaa,174,159,207,177,224,181,196,150,259,230,225,204,95,45,235,34,154,185,71,186,101,151,154,229,215,199,46,68,113,128,154,213,194,183,212,152,95,131,152,156,65,52,163,174,,,150,173,,268,221,162,60,207,140,187,52,238,222,75,18,108,142,142,62,69,87,178,133,125,188,46,147,,200,,284,214,185,238,163,269,259,172,277,130,130,140,138,51,67,102,69,47,132,134,258,236,222,32,103,32,142,194,189,154,174,212,295,296,162,161,280,162,175,247,277,,,247,269,,172,221,136,194,222,213,243,281,258,287,247,169,175,81,85,88,238,232,189,250,241,298,130,201,270,,236,,161,b'\x11\xea\x00OB\x83\xd6\xdc\xbbL\x12\xdf\x17\xaeN\x1e'
11EA004F-4283-D6DC-BB4C-12DF17AE4E1E,2026-ncaa-d2-conf-GLIAC,genius_ncaa,8,8,1,8,1,6,7,4,9,8,6,10,3,3,4,5,5,5,10,5,6,3,7,8,8,7,3,2,5,3,6,11,10,9,9,6,5,2,3,3,6,6,10,11,,,5,7,,3,8,9,10,1,6,7,4,8,6,3,3,5,5,5,3,7,3,11,9,6,2,6,10,,5,,3,8,8,9,6,11,10,9,11,6,2,9,3,7,7,9,7,5,5,2,10,10,10,3,4,6,7,10,7,6,8,9,10,8,9,7,9,2,2,7,7,,,7,6,,9,8,1,6,10,8,8,9,6,10,9,6,2,7,7,7,5,2,7,7,8,10,9,2,7,,7,,9,b'\x11\xea\x00OB\x83\xd6\xdc\xbbL\x12\xdf\x17\xaeN\x1e'
11EA004F-4283-D6DC-BB4C-12DF17AE4E1E,2026-ncaa-d2-natl,genius_ncaa,246,196,221,250,233,263,263,247,258,279,271,254,156,154,172,39,267,239,288,238,106,250,254,235,254,251,33,23,218,180,107,282,76,268,136,232,95,69,197,193,174,64,266,245,,,64,237,,239,226,257,227,88,262,254,186,281,266,92,46,258,191,197,197,188,107,290,254,185,167,99,255,,152,,273,238,65,76,32,285,72,34,266,111,39,288,136,63,43,264,38,127,30,33,289,290,265,163,179,116,10,76,52,107,29,136,113,198,211,71,171,59,155,51,130,,,245,167,,188,226,39,233,235,250,154,162,15,150,55,186,79,111,71,60,9,22,13,115,45,200,125,136,86,,189,,163,b'\x11\xea\x00OB\x83\xd6\xdc\xbbL\x12\xdf\x17\xaeN\x1e'
11EAECC7-355F-1C4A-B611-2362F5011B0B,2006-wnba-reg-season,wnba_com_game_box,14,14,1,14,13,14,13,10,14,12,10,11,10,6,14,4,14,14,14,14,13,10,11,14,14,14,9,7,10,3,8,14,14,13,14,10,5,3,4,7,6,6,7,5,,,8,7,,,14,13,11,13,14,13,10,12,10,10,6,14,14,14,10,11,3,14,13,10,3,6,7,,8,,,14,12,11,4,14,7,5,14,12,9,14,9,9,11,5,11,11,4,5,14,14,13,10,12,6,13,14,11,8,12,14,13,13,7,6,13,6,6,7,9,,,14,14,,,14,3,14,14,14,12,11,4,7,5,12,9,9,11,11,4,5,13,11,12,13,7,6,7,,14,,,b'\x11\xea\xec\xc75_\x1cJ\xb6\x11#b\xf5\x01\x1b\x0b'
11EAECC7-355F-1C4A-B611-2362F5011B0B,2007-wnba-reg-season,wnba_com_game_box,10,10,1,10,11,12,10,7,10,12,7,11,7,7,8,7,12,7,13,7,6,8,11,9,13,11,7,5,10,5,6,12,12,11,10,4,1,1,2,2,9,8,10,12,,,1,5,,,10,12,10,11,12,10,7,12,7,7,7,12,7,7,8,11,5,12,11,4,1,9,10,,1,,,10,5,8,4,10,8,8,4,6,2,13,3,5,5,10,4,4,2,2,10,9,9,6,6,5,10,12,8,6,10,10,8,9,9,7,9,1,2,8,8,,,7,6,,,10,2,10,10,11,5,8,4,8,8,6,2,5,5,4,2,2,10,8,10,8,9,1,8,,7,,,b'\x11\xea\xec\xc75_\x1cJ\xb6\x11#b\xf5\x01\x1b\x0b'
11EAECC7-355F-1C4A-B611-2362F5011B0B,2008-wnba-reg-season,wnba_com_game_box,12,12,1,12,7,13,9,13,4,5,5,7,14,14,10,14,4,3,13,2,2,11,12,9,11,8,14,14,3,8,6,11,12,10,8,9,5,5,5,6,10,10,5,4,,,3,3,,,11,14,14,7,13,9,13,5,5,14,14,4,3,2,11,12,8,11,10,9,5,10,5,,3,,,11,4,7,8,6,5,7,6,5,7,6,7,4,4,14,4,3,7,4,7,6,7,6,6,4,11,12,7,6,7,8,7,4,10,9,10,4,5,6,4,,,10,7,,,11,2,8,7,9,4,7,8,5,7,5,7,4,4,4,7,4,11,7,7,7,10,4,6,,10,,,b'\x11\xea\xec\xc75_\x1cJ\xb6\x11#b\xf5\x01\x1b\x0b'
11EAECC7-355F-1C4A-B611-2362F5011B0B,2009-wnba-reg-season,wnba_com_game_box,7,7,1,7,13,10,10,12,3,8,8,9,7,9,1,9,9,9,9,10,7,11,11,3,3,4,7,7,6,10,8,10,11,11,8,9,8,6,7,7,11,10,4,4,,,3,3,,,13,12,9,13,10,10,12,8,8,7,9,9,9,10,11,11,10,10,11,9,6,11,4,,3,,,13,10,11,10,11,9,7,11,10,9,11,9,1,2,9,3,3,7,4,11,11,12,6,9,1,11,11,6,8,6,8,11,11,11,11,12,8,9,5,5,,,11,9,,,13,3,5,12,13,10,11,10,9,7,10,9,1,2,3,7,4,11,6,6,11,11,8,5,,11,,,b'\x11\xea\xec\xc75_\x1cJ\xb6\x11#b\xf5\x01\x1b\x0b'
11EAECC7-355F-1C4A-B611-2362F5011B0B,2010-wnba-reg-season,wnba_com_game_box,8,8,1,8,5,12,11,9,9,9,6,8,9,10,7,9,7,6,10,6,6,7,9,8,8,8,9,9,5,8,7,9,10,8,9,8,4,4,5,7,5,4,2,2,,,3,4,,,8,10,10,5,12,11,9,9,6,9,10,7,6,6,7,9,8,9,8,8,4,5,2,,3,,,8,5,5,6,8,5,7,6,8,6,11,5,1,1,2,1,1,5,5,8,7,7,5,11,1,8,10,5,7,6,9,8,11,5,6,7,4,4,5,5,,,8,3,,,8,3,10,7,8,5,5,6,5,7,8,6,1,1,1,5,5,8,5,6,8,5,4,5,,8,,,b'\x11\xea\xec\xc75_\x1cJ\xb6\x11#b\xf5\x01\x1b\x0b'
11EAECC7-355F-1C4A-B611-2362F5011B0B,2011-wnba-reg-season,wnba_com_game_box,10,10,1,10,6,9,8,9,7,6,5,8,11,11,5,10,8,7,7,7,8,9,7,8,7,10,9,10,6,6,5,4,6,5,5,7,5,12,12,10,6,7,1,1,,,6,6,,,9,5,5,6,9,8,9,6,5,11,11,8,7,7,9,7,6,4,5,7,12,6,1,,6,,,9,5,5,8,2,6,9,3,2,4,4,3,9,9,5,9,7,8,8,1,2,4,6,2,12,7,6,3,5,5,5,6,10,7,9,7,11,11,10,11,,,9,10,,,9,8,10,4,9,5,5,8,6,9,2,4,9,9,9,8,8,7,3,5,6,7,11,10,,9,,,b'\x11\xea\xec\xc75_\x1cJ\xb6\x11#b\xf5\x01\x1b\x0b'
11EAECC7-355F-1C4A-B611-2362F5011B0B,2012-wnba-reg-season,wnba_com_game_box,9,9,1,9,1,8,7,10,7,7,9,6,6,6,9,5,10,9,10,9,10,9,7,6,7,9,6,6,10,4,3,6,1,4,2,8,7,12,11,11,6,5,6,6,,,11,12,,,7,7,9,1,8,7,10,7,9,6,6,10,9,9,9,7,4,6,4,8,12,6,6,,11,,,7,3,2,2,7,3,2,6,3,3,7,4,9,11,6,11,12,3,3,6,9,7,8,3,12,1,1,2,3,1,2,6,11,5,4,3,8,9,9,10,,,10,9,,,7,6,8,7,8,3,2,2,3,2,3,3,9,11,11,3,3,1,2,1,6,5,8,9,,10,,,b'\x11\xea\xec\xc75_\x1cJ\xb6\x11#b\xf5\x01\x1b\x0b'
11EAECC7-355F-1C4A-B611-2362F5011B0B,2013-wnba-pst-season,wnba_com_game_box,7,2,7,7,7,7,8,7,8,8,7,8,7,8,6,7,6,7,2,7,1,7,7,8,6,4,2,7,1,7,7,8,4,8,8,7,2,1,1,2,7,2,5,1,,,2,7,,,8,7,7,1,6,8,7,7,5,7,7,1,1,1,7,7,7,8,8,6,1,3,1,,6,,,8,2,2,1,8,1,1,6,6,2,8,8,2,2,8,2,7,1,1,8,8,8,8,8,4,1,4,2,7,1,8,1,5,8,6,8,1,1,1,3,,,7,1,,,8,2,5,8,8,8,6,1,3,1,8,8,6,5,5,1,1,1,8,4,6,6,1,1,,1,,,b'\x11\xea\xec\xc75_\x1cJ\xb6\x11#b\xf5\x01\x1b\x0b'
11EAECC7-355F-1C4A-B611-2362F5011B0B,2013-wnba-reg-season,wnba_com_game_box,2,2,1,2,7,4,5,5,6,5,6,6,5,6,5,6,1,1,2,1,4,2,6,6,5,4,4,6,1,4,1,4,1,2,2,8,10,2,2,4,9,9,1,1,,,4,3,,,3,8,4,7,4,5,5,5,6,5,6,1,1,1,2,6,4,4,2,8,2,9,1,,4,,,3,4,4,10,1,5,11,1,6,4,12,3,1,1,4,1,1,9,5,1,1,3,7,8,2,3,1,5,1,3,2,7,8,9,10,9,2,2,10,8,,,1,1,,,3,9,3,1,3,4,4,10,5,11,6,4,1,1,1,9,5,3,5,3,7,9,2,10,,1,,,b'\x11\xea\xec\xc75_\x1cJ\xb6\x11#b\xf5\x01\x1b\x0b'
11EAECC7-355F-1C4A-B611-2362F5011B0B,2014-wnba-pst-season,wnba_com_game_box,2,8,1,4,1,2,2,1,6,2,1,7,2,2,7,5,1,1,4,1,2,1,1,7,6,5,4,5,2,1,5,2,7,1,8,2,6,8,4,7,2,6,1,3,,,8,3,,,8,1,6,3,6,6,5,6,5,7,5,2,2,2,5,6,5,6,6,7,4,6,2,,4,,,7,8,8,8,4,8,8,4,8,8,4,5,8,8,3,8,3,8,8,5,3,5,3,4,3,8,7,8,5,8,8,8,6,1,6,7,7,4,8,7,,,1,2,,,8,8,6,6,7,5,6,7,6,6,5,4,3,3,3,6,6,7,6,8,6,6,4,7,,2,,,b'\x11\xea\xec\xc75_\x1cJ\xb6\x11#b\xf5\x01\x1b\x0b'
11EAECC7-355F-1C4A-B611-2362F5011B0B,2014-wnba-reg-season,wnba_com_game_box,8,8,1,8,8,7,8,7,5,5,5,9,10,10,6,10,4,5,3,5,7,6,5,9,7,7,9,10,3,9,9,6,12,6,10,8,9,5,6,6,8,10,2,2,,,8,8,,,9,4,3,8,7,8,7,5,5,10,10,4,5,5,6,5,9,6,6,8,5,8,2,,8,,,9,9,9,11,3,7,10,4,9,10,4,7,8,8,3,8,8,12,11,3,3,4,8,7,8,12,12,9,9,12,10,9,11,9,11,11,7,6,11,11,,,6,5,,,9,9,8,9,8,9,9,11,7,10,9,10,8,8,8,12,11,12,9,12,9,9,7,11,,6,,,b'\x11\xea\xec\xc75_\x1cJ\xb6\x11#b\xf5\x01\x1b\x0b'
11EAECC7-355F-1C4A-B611-2362F5011B0B,2015-wnba-pst-season,wnba_com_game_box,5,1,5,5,6,5,5,5,1,5,5,1,7,8,5,6,8,8,1,8,8,5,5,2,2,2,8,6,8,4,3,5,6,5,3,5,3,3,3,1,8,8,5,2,,,4,7,,,6,6,2,3,1,1,2,1,1,4,5,8,8,8,2,2,4,2,5,1,3,8,2,,8,,,6,4,5,3,7,4,2,7,5,4,2,8,2,2,6,2,6,3,3,7,7,7,3,5,3,3,6,1,3,2,3,4,3,7,8,8,2,4,3,4,,,7,8,,,6,3,1,8,7,7,8,6,8,4,6,8,5,5,5,6,6,6,3,4,7,8,5,4,,8,,,b'\x11\xea\xec\xc75_\x1cJ\xb6\x11#b\xf5\x01\x1b\x0b'
11EAECC7-355F-1C4A-B611-2362F5011B0B,2015-wnba-reg-season,wnba_com_game_box,3,3,1,3,3,1,1,1,2,1,1,2,9,10,5,12,4,5,1,5,10,1,2,2,3,1,12,12,7,3,4,2,3,2,2,8,12,1,1,4,8,9,2,2,,,8,3,,,1,2,2,3,1,1,1,1,1,9,10,4,5,5,1,2,3,2,2,8,1,8,2,,8,,,1,11,11,12,6,11,11,5,10,7,10,6,7,9,2,8,6,12,12,6,6,6,7,8,5,8,3,6,4,6,2,12,9,8,11,11,2,2,8,4,,,6,11,,,1,12,1,6,1,11,11,12,11,11,10,7,7,9,8,12,12,8,6,6,12,8,2,8,,6,,,b'\x11\xea\xec\xc75_\x1cJ\xb6\x11#b\xf5\x01\x1b\x0b'
11EAECC7-355F-1C4A-B611-2362F5011B0B,2016-wnba-pst-season,wnba_com_game_box,3,5,3,4,3,4,3,3,6,3,3,6,5,4,7,8,4,4,6,4,8,3,3,6,7,7,8,8,7,3,2,4,5,3,3,3,5,5,5,6,3,1,3,1,,,5,3,,,8,3,1,1,6,3,2,2,1,8,8,8,8,7,3,2,1,5,2,3,6,1,1,,3,,,6,5,5,5,4,5,5,5,7,7,7,8,6,6,2,6,5,5,6,5,5,3,7,7,5,6,5,6,2,6,3,6,8,3,2,4,5,4,6,3,,,4,8,,,8,5,7,3,6,4,4,5,1,3,7,8,5,5,5,6,7,6,6,6,8,2,4,4,,6,,,b'\x11\xea\xec\xc75_\x1cJ\xb6\x11#b\xf5\x01\x1b\x0b'
11EAECC7-355F-1C4A-B611-2362F5011B0B,2016-wnba-reg-season,wnba_com_game_box,4,4,1,4,8,1,1,1,3,1,1,7,10,12,2,12,9,10,4,10,12,4,5,5,6,5,12,10,10,5,3,4,3,4,3,5,9,1,1,1,9,9,2,1,,,5,5,,,5,5,3,8,1,1,1,1,1,10,12,9,10,10,4,5,5,4,4,5,1,9,2,,5,,,5,11,6,9,5,3,2,5,12,12,9,12,11,12,9,12,12,10,8,9,9,11,12,12,10,5,3,5,3,4,3,12,12,12,12,12,2,2,6,4,,,11,12,,,5,8,3,11,4,11,6,9,3,2,12,12,11,12,12,10,8,5,5,4,12,12,2,6,,11,,,b'\x11\xea\xec\xc75_\x1cJ\xb6\x11#b\xf5\x01\x1b\x0b'
11EAECC7-355F-1C4A-B611-2362F5011B0B,2017-wnba-reg-season,wnba_com_game_box,9,9,1,9,2,6,2,4,4,3,3,4,6,6,1,5,12,12,8,12,12,6,4,4,5,8,11,4,12,9,9,3,11,7,10,1,2,11,11,7,12,12,1,1,,,8,4,,,10,2,3,2,6,2,4,3,3,6,6,12,12,12,6,4,9,3,7,1,11,12,1,,8,,,10,11,11,12,6,11,12,6,6,11,5,4,8,9,1,9,6,12,12,3,4,9,3,4,6,12,11,8,9,12,10,12,11,10,12,12,12,12,8,5,,,12,12,,,10,12,9,9,10,11,11,12,11,12,6,11,8,9,9,12,12,12,8,12,12,10,12,8,,12,,,b'\x11\xea\xec\xc75_\x1cJ\xb6\x11#b\xf5\x01\x1b\x0b'
11EAECC7-355F-1C4A-B611-2362F5011B0B,2018-wnba-reg-season,wnba_sr_game_summary,10,10,1,10,1,5,3,7,4,6,7,7,5,7,3,7,6,5,6,5,7,6,4,5,5,7,5,5,6,10,8,9,12,8,10,1,2,12,12,7,8,10,5,7,11,12,7,5,5,2,10,1,4,1,7,4,7,6,7,5,7,6,5,5,6,5,10,9,8,1,12,8,5,11,7,5,2,10,12,12,12,11,12,12,11,8,7,8,3,10,10,4,10,6,12,12,11,11,11,3,2,6,12,12,6,8,10,10,12,9,6,10,12,12,12,11,12,5,7,5,8,7,8,10,12,7,12,11,12,12,12,12,12,8,6,10,10,10,12,12,12,5,10,12,7,12,11,5,5,7,8,b'\x11\xea\xec\xc75_\x1cJ\xb6\x11#b\xf5\x01\x1b\x0b'
11EAECC7-355F-1C4A-B611-2362F5011B0B,2019-wnba-pst-season,wnba_sr_game_summary,4,1,5,3,5,5,5,5,1,5,5,1,5,5,4,2,6,5,5,6,6,5,5,2,2,2,4,3,7,5,4,5,4,5,4,5,1,3,1,1,5,1,5,3,4,4,4,8,5,1,2,5,1,1,1,1,1,1,2,2,1,5,3,5,1,1,4,1,2,1,2,1,2,5,8,3,2,1,4,3,3,1,3,4,1,3,3,6,1,5,4,6,4,8,4,4,1,2,2,8,1,8,3,4,4,4,4,4,3,4,5,1,1,3,2,4,4,5,3,5,4,4,4,2,4,2,1,1,5,1,3,1,6,1,1,8,8,8,6,8,4,7,6,1,1,2,5,2,3,8,1,b'\x11\xea\xec\xc75_\x1cJ\xb6\x11#b\xf5\x01\x1b\x0b'
11EAECC7-355F-1C4A-B611-2362F5011B0B,2019-wnba-reg-season,wnba_sr_game_summary,5,5,1,5,3,2,2,4,3,3,7,2,3,3,7,5,3,5,4,5,5,3,3,2,2,2,7,7,7,11,11,2,5,3,4,2,2,9,8,3,9,10,4,9,6,8,9,4,4,8,6,2,1,3,2,2,4,3,7,3,3,3,5,5,3,3,11,2,3,2,9,9,4,6,9,4,8,6,11,12,12,4,12,12,4,3,4,4,1,10,9,6,10,5,12,12,3,4,8,2,1,8,8,5,6,11,8,4,8,4,9,12,9,9,9,6,8,4,9,4,6,9,8,6,12,2,8,6,11,12,12,12,12,3,4,10,9,10,12,12,8,6,8,8,9,9,6,4,4,9,8,b'\x11\xea\xec\xc75_\x1cJ\xb6\x11#b\xf5\x01\x1b\x0b'
11EAECC7-355F-1C4A-B611-2362F5011B0B,2020-wnba-pst-season,wnba_sr_game_summary,6,2,6,6,6,7,7,7,1,7,8,2,7,6,4,4,7,7,7,7,3,8,8,1,1,2,3,5,4,8,8,8,8,8,8,7,7,2,7,7,6,2,8,5,1,1,3,6,7,1,5,7,8,1,4,3,7,5,7,5,4,3,4,3,8,8,8,8,8,7,6,2,4,1,8,7,1,7,3,3,2,4,3,3,6,1,1,2,2,4,4,7,4,7,3,3,4,6,6,4,2,8,4,8,1,8,3,8,2,6,6,6,5,1,4,1,1,8,5,7,5,3,7,5,2,2,8,6,8,5,4,7,7,2,2,8,8,8,8,8,8,1,8,5,3,2,1,4,7,8,7,b'\x11\xea\xec\xc75_\x1cJ\xb6\x11#b\xf5\x01\x1b\x0b'
11EAECC7-355F-1C4A-B611-2362F5011B0B,2020-wnba-reg-season,wnba_sr_game_summary,6,6,1,6,7,3,1,6,1,2,6,1,6,5,5,5,12,12,7,12,11,10,8,1,1,3,10,7,12,10,8,5,4,9,4,2,4,10,10,4,8,8,3,4,5,4,6,5,12,9,5,5,4,7,3,1,6,2,6,6,5,12,12,12,10,8,10,5,9,2,10,8,3,5,6,12,9,5,7,8,8,8,9,11,4,4,3,8,3,5,7,1,6,3,8,9,6,5,7,1,4,3,6,4,2,8,2,4,8,5,7,7,8,11,11,5,4,3,4,12,11,6,3,5,9,4,7,5,7,8,8,9,11,4,3,5,7,6,8,9,6,2,2,8,7,11,5,3,12,6,3,b'\x11\xea\xec\xc75_\x1cJ\xb6\x11#b\xf5\x01\x1b\x0b'
11EAECC7-355F-1C4A-B611-2362F5011B0B,2021-wnba-pst-season,wnba_sr_game_summary,1,5,2,1,2,2,2,2,1,2,2,1,2,2,8,2,2,2,3,2,4,2,2,2,2,3,6,6,5,2,2,2,5,2,2,2,2,8,7,5,1,3,2,5,8,5,7,2,2,7,1,2,5,3,2,1,7,2,7,6,4,5,5,5,5,5,4,2,3,1,7,3,4,4,2,6,2,1,7,7,7,2,7,7,1,7,7,7,1,7,7,3,7,2,7,7,2,2,2,6,6,4,8,5,7,2,7,2,7,3,1,3,2,7,7,8,5,2,5,2,5,7,2,1,7,2,1,1,1,2,4,2,7,3,1,2,2,2,4,4,6,1,2,2,3,6,4,4,6,2,1,b'\x11\xea\xec\xc75_\x1cJ\xb6\x11#b\xf5\x01\x1b\x0b'
11EAECC7-355F-1C4A-B611-2362F5011B0B,2021-wnba-reg-season,wnba_sr_game_summary,6,6,1,6,2,3,3,4,6,4,4,5,6,6,7,7,5,7,1,7,8,4,2,7,7,5,8,7,7,5,5,7,10,6,8,1,1,8,7,3,5,8,4,5,11,10,11,8,10,5,6,2,3,2,3,3,4,4,4,6,6,5,7,7,4,2,5,7,6,1,8,5,4,11,11,10,5,6,8,7,8,7,11,12,5,2,1,9,1,9,10,2,10,7,9,12,6,6,4,2,1,10,12,10,6,5,8,8,5,4,3,4,3,10,8,11,10,4,5,10,10,11,3,6,12,6,6,6,8,7,8,11,12,2,1,9,10,10,9,12,12,6,8,5,3,10,11,4,10,11,3,b'\x11\xea\xec\xc75_\x1cJ\xb6\x11#b\xf5\x01\x1b\x0b'
11EAECC7-355F-1C4A-B611-2362F5011B0B,2022-wnba-c_c-season,wnba_sr_game_summary,2,2,1,2,1,2,2,1,2,2,2,1,2,1,2,1,1,1,1,1,1,1,1,2,2,2,2,2,1,1,1,2,1,1,1,1,1,1,1,1,2,2,2,2,2,2,2,2,2,1,2,1,1,1,2,2,1,2,2,2,1,1,1,1,1,1,1,2,1,1,1,2,2,2,2,2,1,2,2,2,1,2,2,2,1,2,1,2,1,1,1,1,1,1,1,1,2,2,2,2,2,1,1,1,2,1,1,1,1,1,1,1,1,2,2,2,2,2,2,2,2,2,1,2,1,2,2,2,2,2,1,2,2,2,1,1,1,1,1,1,1,2,1,1,1,2,2,2,2,2,1,b'\x11\xea\xec\xc75_\x1cJ\xb6\x11#b\xf5\x01\x1b\x0b'
11EAECC7-355F-1C4A-B611-2362F5011B0B,2022-wnba-pst-season,wnba_sr_game_summary,3,7,3,2,3,3,3,3,5,3,3,2,2,2,7,3,3,3,5,3,2,3,3,4,4,4,6,6,4,2,6,3,4,3,5,3,1,6,2,2,2,1,1,1,6,2,6,2,3,6,3,3,2,3,4,3,2,2,4,4,2,4,3,2,2,3,6,3,4,1,2,1,1,4,3,3,5,3,6,6,6,3,6,6,2,5,5,4,2,6,6,5,6,2,6,6,3,2,1,2,2,7,6,4,6,6,6,5,6,8,2,1,1,6,4,6,2,1,1,3,3,6,3,3,6,5,1,2,2,2,4,6,7,2,2,3,3,4,5,7,4,6,7,5,1,3,4,1,3,3,3,b'\x11\xea\xec\xc75_\x1cJ\xb6\x11#b\xf5\x01\x1b\x0b'
11EAECC7-355F-1C4A-B611-2362F5011B0B,2022-wnba-reg-season,wnba_sr_game_summary,1,1,1,1,1,2,1,7,1,2,6,1,8,8,7,8,9,10,3,10,11,8,7,1,1,2,10,9,10,8,7,3,6,6,4,1,1,7,7,3,8,9,2,8,5,4,4,3,10,2,3,6,5,1,2,1,7,2,6,8,8,9,10,10,8,7,8,3,6,1,7,8,2,5,4,10,2,3,4,11,12,6,11,12,2,1,1,6,1,2,2,6,2,1,11,10,2,1,4,1,1,2,8,6,3,7,5,4,8,5,9,9,10,7,7,5,4,2,8,10,10,4,6,3,11,2,4,2,4,11,12,11,12,1,1,2,2,2,11,10,8,3,5,8,9,7,5,2,10,4,6,b'\x11\xea\xec\xc75_\x1cJ\xb6\x11#b\xf5\x01\x1b\x0b'
11EAECC7-355F-1C4A-B611-2362F5011B0B,2023-wnba-pst-season,wnba_sr_game_summary,6,2,6,6,7,8,8,8,8,7,8,7,8,8,7,6,8,8,2,8,6,8,8,8,8,8,6,6,5,7,7,6,5,6,7,8,7,2,8,8,8,8,5,3,1,6,2,7,8,1,8,8,3,3,8,8,6,7,4,8,8,7,8,7,7,5,4,2,3,8,7,8,2,6,7,8,1,8,1,1,2,2,1,2,3,1,2,3,2,4,2,8,2,6,2,1,2,4,6,4,2,8,1,5,3,7,2,7,2,4,8,8,8,3,8,1,6,5,3,8,8,2,7,8,1,8,6,8,6,5,7,6,7,1,2,8,7,7,7,6,5,8,7,5,8,8,6,2,8,7,7,b'\x11\xea\xec\xc75_\x1cJ\xb6\x11#b\xf5\x01\x1b\x0b'
11EAECC7-355F-1C4A-B611-2362F5011B0B,2023-wnba-reg-season,wnba_sr_game_summary,8,8,1,8,4,6,4,3,7,7,5,9,4,5,3,6,12,12,12,12,12,5,5,3,7,6,5,3,12,4,4,11,11,9,9,4,5,8,8,6,7,7,3,5,4,4,5,4,12,5,7,6,7,4,6,4,3,7,5,4,5,12,12,12,5,5,4,11,9,4,8,7,3,4,5,12,5,7,6,11,6,11,12,12,11,1,1,4,1,5,6,8,5,4,5,9,6,5,7,1,1,5,10,11,7,4,7,9,11,10,4,4,7,11,9,4,4,3,5,12,12,5,8,7,7,5,7,6,6,11,6,12,12,1,1,5,6,5,5,9,10,7,7,11,4,11,4,3,12,5,8,b'\x11\xea\xec\xc75_\x1cJ\xb6\x11#b\xf5\x01\x1b\x0b'
11EAECC7-355F-1C4A-B611-2362F5011B0B,2024-wnba-reg-season,wnba_sr_game_summary,10,10,1,10,11,11,7,3,11,3,1,11,12,12,9,12,10,8,12,8,12,3,2,11,12,12,12,12,8,1,2,7,5,1,2,11,12,8,6,10,10,8,8,10,12,11,12,12,8,5,10,9,7,11,11,7,3,3,1,12,12,10,8,8,3,2,1,7,1,11,8,10,8,12,12,8,5,10,8,7,3,10,10,6,9,5,4,4,2,9,9,3,9,9,7,4,8,8,9,4,1,11,5,5,6,2,5,2,10,12,8,7,9,9,10,12,11,8,10,8,10,12,2,10,4,10,8,10,8,7,3,10,6,5,4,9,9,9,7,4,5,6,5,10,8,9,12,8,8,12,2,b'\x11\xea\xec\xc75_\x1cJ\xb6\x11#b\xf5\x01\x1b\x0b'
11EAECC7-355F-1C4A-B611-2362F5011B0B,2025-wnba-reg-season,wnba_sr_game_summary,12,12,1,12,10,13,10,10,10,8,5,12,10,12,9,10,11,11,11,11,11,10,4,11,11,13,9,10,9,2,1,5,7,2,2,10,6,13,13,13,13,13,6,5,13,13,8,8,10,12,12,6,9,10,13,10,10,8,5,10,12,11,11,11,10,4,2,5,2,10,13,13,6,13,8,10,12,12,10,12,10,10,7,6,9,11,10,11,10,8,10,2,10,9,11,4,10,10,12,11,11,6,9,7,1,1,3,2,10,9,13,13,13,13,13,13,13,6,5,10,12,8,8,12,3,13,12,13,10,12,10,7,6,11,10,8,10,10,11,4,9,1,3,10,13,13,13,6,10,8,8,b'\x11\xea\xec\xc75_\x1cJ\xb6\x11#b\xf5\x01\x1b\x0b'
11EAECC7-355F-1C4A-B611-2362F5011B0B,all-wnba-c_c-season,wnba_box,3,3,1,3,1,2,2,1,3,2,3,2,3,1,4,1,1,1,1,1,1,1,2,3,3,3,3,4,1,1,2,2,2,1,2,1,1,1,1,1,3,4,4,4,4,4,4,4,2,1,3,2,1,1,2,2,1,2,3,3,1,1,1,1,1,2,1,2,1,1,1,3,4,4,4,2,1,3,4,4,3,4,4,4,2,4,2,4,2,3,3,2,3,3,3,2,4,4,4,4,3,3,2,2,4,2,3,2,3,2,3,3,3,3,3,4,4,4,4,2,2,4,1,3,2,3,4,3,4,4,3,4,4,4,2,3,3,3,3,2,2,4,3,3,3,3,4,4,2,4,1,b'\x11\xea\xec\xc75_\x1cJ\xb6\x11#b\xf5\x01\x1b\x0b'
11EAECC7-355F-1C4A-B611-2362F5011B0B,all-wnba-pst-season,wnba_box,11,7,13,11,13,12,12,12,4,12,13,2,11,11,16,8,13,13,3,13,15,12,12,5,5,6,12,10,15,13,16,12,10,12,15,11,3,6,6,1,13,9,10,1,12,15,6,4,8,12,13,12,4,3,3,2,2,2,4,9,7,11,15,15,2,2,14,2,5,2,10,6,1,15,8,3,16,13,7,7,7,14,7,7,12,8,7,16,10,7,6,18,6,8,7,7,14,15,14,9,10,13,7,10,7,16,7,15,8,13,13,12,13,6,3,6,12,5,2,13,18,11,5,13,7,6,13,13,14,15,16,16,18,13,12,16,13,14,15,17,14,18,18,16,4,8,15,2,15,16,2,b'\x11\xea\xec\xc75_\x1cJ\xb6\x11#b\xf5\x01\x1b\x0b'
11EAECC7-355F-1C4A-B611-2362F5011B0B,all-wnba-reg-season,wnba_box,11,9,11,15,11,11,11,11,3,11,11,6,11,11,4,9,11,12,8,12,19,11,11,5,6,7,14,9,18,11,13,11,6,11,9,11,9,9,6,3,12,18,10,1,19,18,9,1,11,12,17,11,2,11,2,2,2,2,2,9,10,14,14,14,3,3,12,3,4,2,12,18,1,17,5,3,17,17,9,9,9,16,9,9,15,9,9,17,14,9,9,14,9,5,9,9,17,16,18,11,16,2,9,6,9,13,9,9,9,16,11,18,18,9,11,9,14,5,3,11,19,14,4,17,9,6,18,15,18,19,19,19,19,18,17,14,12,12,18,18,14,17,17,18,17,15,18,3,19,17,3,b'\x11\xea\xec\xc75_\x1cJ\xb6\x11#b\xf5\x01\x1b\x0b'
11EAECC7-3562-4A0A-B611-2362F5011B0B,1999-wnba-reg-season,wnba_com_game_box,5,5,1,5,4,6,5,8,6,9,9,7,5,4,4,4,8,6,11,6,3,7,5,5,5,7,4,4,7,5,4,10,12,8,10,10,11,9,9,11,2,3,9,9,,,6,7,,,4,4,9,4,6,5,8,9,9,5,4,8,6,6,7,5,5,10,8,10,9,2,9,,6,,,4,7,6,4,10,4,3,6,10,8,11,9,3,4,2,4,4,4,6,11,9,5,8,12,2,10,12,7,4,9,10,10,10,4,3,5,7,8,10,11,,,7,6,,,4,6,7,9,7,7,6,4,4,3,10,8,3,4,4,4,6,10,7,9,10,4,7,10,,7,,,b'\x11\xea\xec\xc75bJ\n\xb6\x11#b\xf5\x01\x1b\x0b'
11EAECC7-3562-4A0A-B611-2362F5011B0B,2000-wnba-pst-season,wnba_com_game_box,5,2,5,5,5,5,5,5,8,5,5,8,7,6,7,6,7,8,7,8,8,5,5,8,8,8,7,6,8,5,7,5,7,5,7,5,7,4,4,6,5,6,2,1,,,4,4,,,7,5,6,3,8,8,6,8,4,7,6,8,8,8,7,8,6,7,6,7,4,6,2,,4,,,6,4,4,4,4,4,4,5,2,4,1,5,2,3,1,3,3,4,4,4,2,4,2,2,2,5,7,4,7,4,7,4,8,5,5,7,3,4,2,1,,,5,6,,,7,4,8,4,6,3,4,6,6,6,3,5,2,2,2,5,5,8,7,7,7,5,3,1,,7,,,b'\x11\xea\xec\xc75bJ\n\xb6\x11#b\xf5\x01\x1b\x0b'
11EAECC7-3562-4A0A-B611-2362F5011B0B,2000-wnba-reg-season,wnba_com_game_box,8,8,1,8,15,13,8,7,10,9,8,10,5,7,6,5,16,16,11,16,16,11,12,11,11,11,12,5,16,6,8,14,16,13,14,14,15,5,5,11,13,13,4,4,,,2,3,,,10,13,10,15,13,8,7,9,8,5,7,16,16,16,11,12,6,14,13,14,5,13,4,,2,,,10,9,11,11,9,11,9,8,12,13,8,14,1,1,15,1,1,8,7,9,6,8,4,14,1,16,16,12,8,16,14,13,10,12,11,13,7,9,8,9,,,11,11,,,10,5,10,10,9,9,11,11,11,9,12,13,1,1,1,8,7,16,12,16,13,12,7,8,,11,,,b'\x11\xea\xec\xc75bJ\n\xb6\x11#b\xf5\x01\x1b\x0b'
11EAECC7-3562-4A0A-B611-2362F5011B0B,2001-wnba-reg-season,wnba_com_game_box,10,10,1,10,13,6,7,4,11,13,12,9,1,2,8,2,8,9,12,8,5,3,3,8,8,11,3,3,8,2,4,15,14,8,7,12,14,16,16,16,1,1,9,7,,,15,14,,,9,6,4,13,6,7,4,13,12,1,2,8,9,8,3,3,2,15,8,12,16,1,9,,15,,,9,14,14,5,14,12,5,14,14,13,13,12,10,12,7,12,14,7,10,14,15,14,12,12,8,9,14,7,4,7,7,14,13,1,2,6,16,16,5,8,,,7,12,,,9,11,9,14,11,14,14,5,12,5,14,13,10,12,12,7,10,9,7,7,14,1,16,5,,7,,,b'\x11\xea\xec\xc75bJ\n\xb6\x11#b\xf5\x01\x1b\x0b'
11EAECC7-3562-4A0A-B611-2362F5011B0B,2002-wnba-reg-season,wnba_com_game_box,7,7,1,7,2,3,4,6,8,6,9,3,7,6,13,6,3,5,5,5,5,5,5,6,5,5,6,8,4,6,9,15,16,13,16,15,15,9,4,12,1,1,7,6,,,15,13,,,8,6,7,2,3,4,6,6,9,7,6,3,5,5,5,5,6,15,13,15,9,1,7,,15,,,8,12,10,8,11,10,8,10,14,8,15,8,14,14,5,14,15,11,13,13,14,10,14,10,11,16,16,13,9,15,16,14,14,1,3,4,8,8,6,5,,,3,8,,,8,11,4,14,8,12,10,8,10,8,14,8,14,14,14,11,13,16,13,15,14,1,8,6,,3,,,b'\x11\xea\xec\xc75bJ\n\xb6\x11#b\xf5\x01\x1b\x0b'
11EAECC7-3562-4A0A-B611-2362F5011B0B,2003-wnba-pst-season,wnba_com_game_box,4,1,4,3,4,4,4,4,1,4,4,1,6,4,8,5,6,6,3,6,3,4,4,1,1,1,8,8,6,5,7,4,8,4,8,4,5,3,1,1,4,7,4,6,,,5,5,,,4,4,7,1,4,2,8,2,7,8,7,6,6,5,8,8,8,6,7,4,1,6,6,,5,,,4,5,5,5,5,4,5,1,6,5,8,6,5,5,2,5,5,5,5,6,6,6,8,8,4,5,8,5,7,5,8,5,3,4,5,5,4,3,2,1,,,4,3,,,4,5,1,7,4,6,4,3,1,3,8,7,3,4,4,3,3,8,1,5,3,5,2,1,,7,,,b'\x11\xea\xec\xc75bJ\n\xb6\x11#b\xf5\x01\x1b\x0b'
11EAECC7-3562-4A0A-B611-2362F5011B0B,2003-wnba-reg-season,wnba_com_game_box,5,5,1,5,3,4,6,4,10,9,8,8,5,2,10,5,4,4,8,5,7,5,6,9,9,9,5,5,7,12,12,5,10,4,12,9,11,1,1,4,5,6,10,11,,,9,6,,,11,6,5,3,4,6,4,9,8,5,2,4,4,5,5,6,12,5,4,9,1,5,10,,9,,,11,11,9,11,6,8,9,9,13,12,5,13,12,11,11,11,10,11,11,7,8,10,13,12,12,11,10,14,12,14,12,11,11,5,9,10,8,8,1,1,,,2,6,,,11,11,7,11,10,11,9,11,8,9,13,12,12,11,11,11,11,11,14,14,11,5,8,1,,2,,,b'\x11\xea\xec\xc75bJ\n\xb6\x11#b\xf5\x01\x1b\x0b'
11EAECC7-3562-4A0A-B611-2362F5011B0B,2004-wnba-pst-season,wnba_com_game_box,2,6,1,2,2,2,2,2,6,2,2,5,3,2,2,4,1,1,4,1,4,2,2,4,4,4,2,5,3,2,5,2,5,2,5,2,7,7,3,3,1,3,3,8,,,7,2,,,2,2,4,3,3,4,3,5,5,3,4,3,3,4,4,4,5,5,4,6,4,3,8,,2,,,2,8,7,8,1,8,8,1,5,6,2,3,8,8,6,8,5,8,8,1,1,2,4,2,6,8,5,8,5,8,5,6,1,2,5,2,7,3,7,5,,,1,4,,,2,7,5,2,2,2,2,5,5,7,2,3,5,5,5,5,7,6,6,6,1,3,3,5,,4,,,b'\x11\xea\xec\xc75bJ\n\xb6\x11#b\xf5\x01\x1b\x0b'
11EAECC7-3562-4A0A-B611-2362F5011B0B,2004-wnba-reg-season,wnba_com_game_box,3,3,1,3,2,4,2,5,5,6,7,1,8,5,12,6,11,10,8,10,10,6,7,6,6,6,9,7,12,7,10,5,4,7,7,2,5,2,2,1,3,3,13,13,,,3,3,,,5,6,6,2,4,2,5,6,7,8,5,11,10,10,6,7,7,5,7,2,2,3,13,,3,,,5,9,9,8,11,10,11,8,8,5,12,5,6,6,7,6,6,8,7,11,8,10,4,8,5,3,4,12,10,10,7,12,13,6,6,9,3,4,2,5,,,8,10,,,5,9,4,8,5,9,9,8,10,11,8,5,6,6,6,8,7,3,12,10,12,6,3,2,,8,,,b'\x11\xea\xec\xc75bJ\n\xb6\x11#b\xf5\x01\x1b\x0b'
11EAECC7-3562-4A0A-B611-2362F5011B0B,2005-wnba-pst-season,wnba_com_game_box,2,7,1,2,1,2,2,2,4,2,2,4,1,1,4,4,1,1,6,1,1,2,2,4,3,3,2,3,2,1,4,1,6,1,4,2,3,8,4,4,1,6,1,2,,,7,1,,,2,2,6,1,2,5,5,6,6,3,3,1,1,1,4,5,3,1,2,3,5,4,1,,1,,,2,8,8,8,2,8,8,2,7,7,7,2,7,7,4,7,1,8,8,2,1,1,3,5,2,8,6,8,4,8,4,7,2,2,6,6,8,7,7,2,,,1,2,,,2,7,2,2,2,4,6,8,5,8,4,2,1,2,2,8,8,8,2,6,4,6,8,2,,2,,,b'\x11\xea\xec\xc75bJ\n\xb6\x11#b\xf5\x01\x1b\x0b'
11EAECC7-3562-4A0A-B611-2362F5011B0B,2005-wnba-reg-season,wnba_com_game_box,1,1,1,1,9,2,1,4,1,2,3,2,7,8,5,8,4,4,7,5,8,3,6,2,2,2,9,9,9,6,8,2,8,2,5,1,6,4,3,1,10,10,5,6,,,4,2,,,2,5,5,9,2,1,4,2,3,7,8,4,4,5,3,6,6,2,2,1,4,10,5,,4,,,2,3,6,12,1,7,12,1,3,7,2,4,4,3,10,2,1,12,11,1,1,2,3,4,5,11,8,11,8,13,5,6,5,11,11,10,6,8,1,1,,,6,5,,,2,9,1,4,2,3,6,12,7,12,3,7,4,3,2,12,11,11,11,13,6,11,6,1,,6,,,b'\x11\xea\xec\xc75bJ\n\xb6\x11#b\xf5\x01\x1b\x0b'
11EAECC7-3562-4A0A-B611-2362F5011B0B,2006-wnba-pst-season,wnba_com_game_box,3,1,3,3,3,4,4,3,7,4,4,6,4,2,5,2,3,3,6,3,4,3,3,7,7,7,2,3,4,3,6,3,4,3,5,4,4,6,4,5,4,5,2,2,,,5,3,,,4,3,3,1,7,5,2,7,6,4,2,5,5,6,2,2,3,3,2,5,5,5,1,,3,,,4,5,6,6,2,6,6,3,5,5,2,2,5,5,3,5,2,6,6,1,1,1,1,2,2,6,4,6,6,6,5,5,2,3,5,4,6,6,3,2,,,3,6,,,4,6,7,1,4,1,5,6,6,7,2,3,1,2,2,4,6,6,7,7,3,4,6,2,,4,,,b'\x11\xea\xec\xc75bJ\n\xb6\x11#b\xf5\x01\x1b\x0b'
11EAECC7-3562-4A0A-B611-2362F5011B0B,2006-wnba-reg-season,wnba_com_game_box,1,1,1,1,3,3,3,4,4,4,6,4,6,8,5,8,4,10,1,11,12,8,9,5,4,3,7,9,8,7,7,1,5,2,5,2,1,3,3,2,8,10,2,3,,,1,1,,,1,8,8,3,3,3,4,4,6,6,8,4,10,11,8,9,7,1,2,2,3,8,2,,1,,,1,4,9,13,3,10,14,3,5,8,5,6,1,1,1,1,1,12,12,2,1,1,1,9,1,9,5,7,7,8,5,8,3,11,13,11,8,8,3,4,,,10,9,,,1,10,3,2,1,4,9,13,10,14,5,8,1,1,1,12,12,9,7,8,8,11,8,3,,10,,,b'\x11\xea\xec\xc75bJ\n\xb6\x11#b\xf5\x01\x1b\x0b'
11EAECC7-3562-4A0A-B611-2362F5011B0B,2007-wnba-pst-season,wnba_com_game_box,5,1,5,5,5,5,5,5,7,5,5,3,6,5,8,4,7,7,6,7,7,5,5,7,8,8,8,6,7,6,7,5,1,5,4,5,2,3,6,5,7,7,5,5,,,3,2,,,6,5,6,1,4,3,1,1,2,5,3,8,7,7,2,1,7,1,2,3,6,7,2,,4,,,7,4,4,4,4,3,3,1,2,3,7,4,4,3,8,3,3,4,4,4,4,3,4,4,4,2,1,4,7,3,4,4,3,6,3,4,3,6,1,1,,,6,7,,,6,4,8,3,7,6,6,8,5,7,4,5,4,3,3,6,8,1,8,6,5,2,6,1,,5,,,b'\x11\xea\xec\xc75bJ\n\xb6\x11#b\xf5\x01\x1b\x0b'
11EAECC7-3562-4A0A-B611-2362F5011B0B,2007-wnba-reg-season,wnba_com_game_box,5,5,1,5,10,5,2,4,4,3,5,3,5,5,10,6,10,11,7,11,12,5,6,5,6,3,9,7,12,7,9,3,2,2,6,2,3,4,4,3,8,7,2,2,,,4,4,,,4,6,4,10,5,2,4,3,5,5,5,10,11,11,5,6,7,3,2,2,4,8,2,,4,,,4,7,10,11,7,11,12,6,4,4,7,4,2,2,2,2,2,7,6,6,3,5,1,3,1,4,2,9,9,7,6,9,6,11,11,11,2,3,1,1,,,10,12,,,4,7,4,4,5,7,10,11,11,12,4,4,2,2,2,7,6,4,9,7,9,11,2,1,,10,,,b'\x11\xea\xec\xc75bJ\n\xb6\x11#b\xf5\x01\x1b\x0b'
11EAECC7-3562-4A0A-B611-2362F5011B0B,2008-wnba-pst-season,wnba_com_game_box,5,1,5,5,7,7,6,5,8,6,6,7,7,6,8,3,7,7,5,7,5,5,7,8,8,8,5,5,4,5,2,6,3,5,4,7,5,1,1,3,7,3,8,8,,,1,2,,,6,7,5,5,6,6,1,4,4,7,3,5,6,6,1,3,1,5,2,7,1,3,8,,1,,,6,2,3,3,6,1,1,6,5,4,8,8,1,1,1,1,2,1,1,8,6,4,7,8,1,1,3,4,2,3,4,3,5,7,3,4,2,3,4,7,,,7,4,,,6,1,8,4,6,5,6,4,1,1,8,8,1,1,1,1,2,2,8,5,6,3,3,7,,4,,,b'\x11\xea\xec\xc75bJ\n\xb6\x11#b\xf5\x01\x1b\x0b'
11EAECC7-3562-4A0A-B611-2362F5011B0B,2008-wnba-reg-season,wnba_com_game_box,4,4,1,4,8,3,4,4,8,8,11,3,4,3,8,3,10,9,12,7,4,4,7,4,4,4,4,3,11,6,8,2,5,3,6,2,3,2,3,1,14,14,12,13,,,2,2,,,2,7,6,8,3,4,4,8,11,4,3,10,9,7,4,7,6,2,3,2,2,14,12,,2,,,2,8,10,12,7,12,13,8,3,5,3,5,3,3,2,3,2,10,8,5,4,5,2,5,2,10,5,11,8,10,6,10,7,12,12,12,5,4,1,1,,,9,10,,,2,8,2,6,3,8,10,12,12,13,3,5,3,3,3,10,8,10,11,10,10,12,5,1,,9,,,b'\x11\xea\xec\xc75bJ\n\xb6\x11#b\xf5\x01\x1b\x0b'
11EAECC7-3562-4A0A-B611-2362F5011B0B,2009-wnba-reg-season,wnba_com_game_box,7,7,1,7,2,5,5,3,12,7,7,12,6,5,11,6,10,10,12,9,10,3,4,13,13,11,6,6,10,6,10,5,3,6,10,2,2,1,1,1,10,11,5,6,,,6,7,,,7,3,5,2,5,5,3,7,7,6,5,10,10,9,3,4,6,5,6,2,1,10,5,,6,,,7,7,7,7,7,8,9,7,2,3,2,2,10,9,12,9,8,10,11,5,8,7,3,1,11,7,3,13,10,12,10,7,4,5,7,4,1,1,7,4,,,7,8,,,7,10,10,6,7,7,7,7,8,9,2,3,10,9,9,10,11,7,13,12,7,5,1,7,,7,,,b'\x11\xea\xec\xc75bJ\n\xb6\x11#b\xf5\x01\x1b\x0b'
11EAECC7-3562-4A0A-B611-2362F5011B0B,2010-wnba-reg-season,wnba_com_game_box,6,6,1,6,3,4,3,4,10,3,5,10,5,3,9,4,8,9,4,9,10,4,5,9,9,7,5,5,8,4,6,2,5,2,4,6,8,5,3,5,11,11,6,7,,,4,3,,,6,5,5,3,4,3,4,3,5,5,3,8,9,9,4,5,4,2,2,6,5,11,6,,4,,,6,6,7,11,4,9,10,7,7,8,3,6,2,3,4,4,2,9,8,5,3,5,2,5,4,9,5,9,6,10,4,9,8,9,10,11,6,5,2,2,,,6,6,,,6,8,6,6,6,6,7,11,9,10,7,8,2,3,4,9,8,9,9,10,9,9,6,2,,6,,,b'\x11\xea\xec\xc75bJ\n\xb6\x11#b\xf5\x01\x1b\x0b'
11EAECC7-3562-4A0A-B611-2362F5011B0B,2011-wnba-pst-season,wnba_com_game_box,8,2,8,8,8,8,8,8,8,8,8,8,8,8,1,6,8,8,3,8,8,8,8,8,7,8,3,3,6,8,7,8,7,8,7,8,2,1,6,4,8,6,7,3,,,1,4,,,5,8,1,1,5,6,3,6,3,3,6,6,6,6,4,3,7,4,6,2,6,5,1,,7,,,7,1,1,1,1,1,2,1,1,1,1,1,1,1,5,1,5,1,1,1,1,1,2,1,8,1,7,1,7,1,7,1,4,8,7,5,2,8,1,1,,,8,8,,,5,1,8,1,6,6,4,8,8,8,1,1,8,8,8,8,8,7,8,8,3,5,8,1,,7,,,b'\x11\xea\xec\xc75bJ\n\xb6\x11#b\xf5\x01\x1b\x0b'
11EAECC7-3562-4A0A-B611-2362F5011B0B,2011-wnba-reg-season,wnba_com_game_box,2,2,1,2,1,4,4,2,10,4,3,10,6,7,6,9,4,4,8,4,9,2,3,9,9,6,8,7,7,5,7,3,7,3,8,6,9,3,1,3,11,11,9,10,,,1,1,,,3,3,3,1,4,4,2,4,3,6,7,4,4,4,2,3,5,3,3,6,3,11,9,,1,,,3,7,8,11,7,7,10,7,9,8,5,8,1,1,2,1,1,9,10,6,3,3,2,9,1,8,7,11,7,11,8,11,12,5,6,8,4,4,2,2,,,3,5,,,3,10,5,6,4,7,8,11,7,10,9,8,1,1,1,9,10,8,11,11,11,5,4,2,,3,,,b'\x11\xea\xec\xc75bJ\n\xb6\x11#b\xf5\x01\x1b\x0b'
11EAECC7-3562-4A0A-B611-2362F5011B0B,2012-wnba-pst-season,wnba_com_game_box,3,1,3,2,3,3,3,3,4,4,3,4,3,3,4,5,4,4,4,4,6,3,3,4,4,4,4,4,5,3,4,3,4,3,1,3,2,6,6,3,5,8,3,4,,,6,3,,,2,3,8,3,7,7,7,6,6,4,5,6,6,6,8,8,4,3,2,3,3,8,4,,2,,,2,5,5,6,1,5,6,1,5,6,6,6,4,4,6,4,2,6,6,2,1,3,6,8,2,6,4,6,4,6,1,5,3,4,7,5,6,5,4,2,,,3,5,,,2,6,4,4,2,2,2,6,1,3,6,6,1,1,1,2,1,4,3,2,2,8,4,2,,7,,,b'\x11\xea\xec\xc75bJ\n\xb6\x11#b\xf5\x01\x1b\x0b'
11EAECC7-3562-4A0A-B611-2362F5011B0B,2012-wnba-reg-season,wnba_com_game_box,2,2,1,2,3,4,4,2,6,4,2,7,8,9,6,9,1,4,1,4,8,2,4,7,6,5,7,9,2,5,9,7,6,6,6,5,8,3,3,4,8,8,10,11,,,2,1,,,5,3,4,3,4,4,2,4,2,8,9,1,4,4,2,4,5,7,6,5,3,8,10,,2,,,5,8,10,10,8,9,10,8,7,7,6,5,1,1,2,2,1,9,9,7,5,6,3,7,1,7,6,10,9,10,6,9,6,4,7,7,5,5,3,3,,,5,6,,,5,9,5,6,5,8,10,10,9,10,7,7,1,1,2,9,9,7,10,10,9,4,5,3,,5,,,b'\x11\xea\xec\xc75bJ\n\xb6\x11#b\xf5\x01\x1b\x0b'
11EAECC7-3562-4A0A-B611-2362F5011B0B,2013-wnba-reg-season,wnba_com_game_box,12,12,1,12,7,9,6,2,11,6,5,10,8,7,11,7,12,11,12,10,10,4,5,12,12,11,8,8,11,6,9,8,12,8,11,10,12,6,6,10,7,7,6,10,,,3,1,,,11,6,5,7,9,6,2,6,5,8,7,12,11,10,4,5,6,8,8,10,6,7,6,,3,,,11,8,10,7,9,12,12,8,2,1,10,1,6,7,2,7,2,7,9,8,8,7,1,1,5,12,12,11,9,12,11,2,1,5,6,3,10,9,2,3,,,12,12,,,11,4,11,8,11,8,10,7,12,12,2,1,6,7,7,7,9,12,11,12,2,5,10,2,,12,,,b'\x11\xea\xec\xc75bJ\n\xb6\x11#b\xf5\x01\x1b\x0b'
11EAECC7-3562-4A0A-B611-2362F5011B0B,2014-wnba-reg-season,wnba_com_game_box,10,10,1,10,8,8,6,2,12,6,2,12,8,8,7,8,10,8,11,8,11,3,2,11,12,12,8,7,9,2,1,10,11,7,6,12,12,9,5,12,4,4,7,7,,,10,10,,,8,2,2,8,8,6,2,6,2,8,8,10,8,8,3,2,2,10,7,12,9,4,7,,10,,,8,7,4,3,7,8,7,7,2,3,7,3,10,10,9,10,10,5,8,8,7,7,6,2,10,8,11,4,1,4,6,3,2,3,4,2,5,5,9,8,,,7,11,,,8,8,11,7,9,7,4,3,8,7,2,3,10,10,10,5,8,8,4,4,3,3,5,9,,7,,,b'\x11\xea\xec\xc75bJ\n\xb6\x11#b\xf5\x01\x1b\x0b'
11EAECC7-3562-4A0A-B611-2362F5011B0B,2015-wnba-reg-season,wnba_com_game_box,8,8,1,8,1,7,3,4,8,7,7,6,1,2,3,1,12,10,12,11,11,4,6,7,9,8,5,2,12,6,6,12,11,11,9,9,9,7,5,6,3,3,11,11,,,9,9,,,9,4,9,1,7,3,4,7,7,1,2,12,10,11,4,6,6,12,11,9,7,3,11,,9,,,9,8,8,4,10,9,8,7,5,3,12,3,8,7,12,7,7,3,8,9,10,8,6,4,8,10,11,5,6,6,9,5,3,3,3,2,7,5,4,6,,,12,12,,,9,7,9,8,9,8,8,4,9,8,5,3,8,7,7,3,8,10,5,6,5,3,7,4,,12,,,b'\x11\xea\xec\xc75bJ\n\xb6\x11#b\xf5\x01\x1b\x0b'
11EAECC7-3562-4A0A-B611-2362F5011B0B,2016-wnba-reg-season,wnba_com_game_box,9,9,1,9,2,4,3,2,7,3,5,6,6,4,10,5,12,7,12,8,10,2,2,7,9,8,9,6,12,3,4,10,4,6,5,9,11,9,6,9,2,2,10,8,,,12,11,,,8,1,2,2,4,3,2,3,5,6,4,12,7,8,2,2,3,10,6,9,9,2,10,,12,,,8,10,6,3,10,8,5,10,7,3,10,5,12,11,12,11,11,4,7,10,10,10,8,4,11,2,4,10,4,6,5,7,4,1,2,3,10,9,10,8,,,9,11,,,8,10,8,8,10,10,6,3,8,5,7,3,12,11,11,4,7,2,10,6,7,1,10,10,,9,,,b'\x11\xea\xec\xc75bJ\n\xb6\x11#b\xf5\x01\x1b\x0b'
11EAECC7-3562-4A0A-B611-2362F5011B0B,2017-wnba-pst-season,wnba_com_game_box,5,1,5,5,5,5,5,6,2,5,6,1,7,8,7,7,7,5,8,5,3,6,6,4,5,3,8,7,5,6,2,7,1,6,1,7,8,2,3,6,7,5,7,7,,,3,7,,,3,6,3,1,1,2,3,1,3,7,7,4,1,1,3,2,3,3,2,7,3,5,7,,7,,,5,4,2,2,7,2,2,6,3,3,7,7,3,3,5,3,7,2,2,8,8,8,7,7,7,1,1,1,2,1,1,4,7,6,6,6,3,4,1,1,,,5,1,,,3,3,3,8,5,8,4,2,2,2,7,7,7,7,7,4,2,1,2,1,7,6,4,1,,1,,,b'\x11\xea\xec\xc75bJ\n\xb6\x11#b\xf5\x01\x1b\x0b'
11EAECC7-3562-4A0A-B611-2362F5011B0B,2017-wnba-reg-season,wnba_com_game_box,4,4,1,4,11,2,2,1,5,4,2,6,4,5,3,6,7,5,12,5,7,2,3,5,6,4,6,6,10,5,6,2,2,2,3,5,10,2,1,2,4,4,12,12,,,5,6,,,3,3,1,11,2,2,1,4,2,4,5,7,5,5,2,3,5,2,2,5,2,4,12,,5,,,3,6,7,9,5,5,9,4,9,6,9,6,5,5,11,5,5,7,8,7,6,4,7,8,5,2,2,10,6,5,3,5,3,7,7,4,4,4,9,4,,,7,9,,,3,9,4,4,3,6,7,9,5,9,9,6,5,5,5,7,8,2,10,5,5,7,4,9,,7,,,b'\x11\xea\xec\xc75bJ\n\xb6\x11#b\xf5\x01\x1b\x0b'
11EAECC7-3562-4A0A-B611-2362F5011B0B,2018-wnba-pst-season,wnba_sr_game_summary,6,1,6,6,6,6,6,6,5,7,6,7,6,7,1,8,7,8,6,8,8,6,6,3,5,2,4,1,8,8,7,7,5,8,8,6,5,1,1,1,7,6,8,8,3,8,2,6,7,1,5,6,3,3,2,2,1,3,1,1,6,7,8,8,1,2,6,6,7,3,1,6,8,8,6,7,1,6,2,2,2,7,3,1,8,2,2,7,7,2,1,8,1,4,2,2,7,8,7,5,7,3,2,5,3,7,3,8,2,3,6,6,7,1,1,3,8,8,8,7,8,2,8,5,2,4,7,6,7,7,3,7,1,7,7,3,2,2,3,3,3,8,8,6,6,1,8,8,7,6,8,b'\x11\xea\xec\xc75bJ\n\xb6\x11#b\xf5\x01\x1b\x0b'
11EAECC7-3562-4A0A-B611-2362F5011B0B,2018-wnba-reg-season,wnba_sr_game_summary,3,4,1,4,6,1,1,1,2,2,5,4,4,6,2,6,10,8,11,8,9,1,2,3,4,4,8,4,12,1,1,6,2,1,1,5,11,7,6,6,4,6,8,9,7,5,11,11,6,11,2,4,5,7,1,1,1,2,5,4,6,10,8,8,2,3,1,6,1,5,7,4,8,7,11,6,11,2,6,6,4,5,4,6,6,7,8,5,8,7,7,11,7,9,4,4,4,6,6,10,9,9,2,2,2,1,2,1,3,3,3,3,3,6,3,7,5,8,9,6,11,11,5,2,7,2,5,2,6,5,4,3,5,7,8,7,7,7,4,4,2,2,2,3,3,6,7,8,6,11,5,b'\x11\xea\xec\xc75bJ\n\xb6\x11#b\xf5\x01\x1b\x0b'
11EAECC7-3562-4A0A-B611-2362F5011B0B,2019-wnba-pst-season,wnba_sr_game_summary,2,5,2,2,2,2,2,2,4,2,1,4,2,2,6,5,2,2,6,2,5,2,2,4,4,4,6,4,5,1,2,1,2,1,3,2,4,8,3,3,1,3,4,7,8,5,7,7,2,8,1,2,7,1,4,4,2,4,3,4,4,6,5,4,3,4,2,5,4,3,3,4,7,4,6,5,4,2,7,7,7,4,7,7,6,8,8,2,5,7,7,3,7,6,7,7,3,4,4,4,5,5,7,2,7,2,7,3,7,2,2,4,3,8,3,8,5,4,7,2,7,7,2,1,7,4,3,2,1,2,2,3,1,4,5,4,4,4,2,2,2,3,2,2,4,2,4,7,5,6,6,b'\x11\xea\xec\xc75bJ\n\xb6\x11#b\xf5\x01\x1b\x0b'
11EAECC7-3562-4A0A-B611-2362F5011B0B,2019-wnba-reg-season,wnba_sr_game_summary,2,2,1,2,3,4,5,1,7,7,3,7,2,5,3,7,9,2,12,3,6,2,2,5,8,7,6,3,10,1,1,5,2,2,2,6,7,4,2,4,2,2,6,5,7,6,6,9,6,8,3,4,5,3,4,5,1,7,3,2,5,9,2,3,2,2,1,5,2,6,4,2,6,7,6,6,8,3,7,6,4,11,7,1,12,2,11,1,11,5,5,7,5,9,4,5,10,10,9,5,3,5,1,2,7,1,4,2,10,10,4,3,4,5,4,7,6,6,5,6,8,6,11,3,8,3,5,5,7,6,4,7,1,2,11,5,5,5,4,5,1,7,4,10,4,5,7,6,6,6,11,b'\x11\xea\xec\xc75bJ\n\xb6\x11#b\xf5\x01\x1b\x0b'
11EAECC7-3562-4A0A-B611-2362F5011B0B,2020-wnba-pst-season,wnba_sr_game_summary,2,6,2,2,2,3,3,2,6,2,2,4,2,2,7,6,2,2,2,2,7,2,2,6,6,6,7,6,3,1,1,2,4,2,1,3,5,7,3,3,1,1,3,7,7,7,7,7,2,5,2,2,6,1,6,4,3,3,3,6,5,5,5,5,3,3,1,4,1,3,3,1,5,6,6,5,2,2,7,7,7,3,7,7,5,5,5,1,1,8,8,5,8,6,7,7,1,2,1,1,1,7,6,4,7,1,7,1,7,3,1,1,1,7,3,7,7,3,7,2,8,7,3,2,7,6,1,2,1,1,2,5,6,1,1,6,6,6,2,3,3,4,2,2,1,4,6,5,5,6,5,b'\x11\xea\xec\xc75bJ\n\xb6\x11#b\xf5\x01\x1b\x0b'
11EAECC7-3562-4A0A-B611-2362F5011B0B,2020-wnba-reg-season,wnba_sr_game_summary,7,7,1,7,3,10,8,3,10,5,3,11,10,9,11,10,7,3,12,3,8,3,2,11,11,11,9,10,5,1,2,7,2,3,3,9,9,5,3,8,2,2,8,6,8,7,9,11,6,3,7,8,9,3,10,8,3,5,3,10,9,7,3,3,3,2,1,7,3,9,5,2,8,8,9,6,3,7,2,2,2,4,4,4,7,2,5,3,6,8,8,9,8,8,3,3,5,6,5,6,5,9,1,2,6,2,5,3,4,8,3,3,4,5,4,8,7,8,6,6,6,9,7,7,5,10,4,7,2,2,2,4,4,2,5,8,8,8,3,3,1,6,5,4,3,5,8,8,6,9,7,b'\x11\xea\xec\xc75bJ\n\xb6\x11#b\xf5\x01\x1b\x0b'
11EAECC7-3562-4A0A-B611-2362F5011B0B,2021-wnba-c_c-season,wnba_sr_game_summary,2,2,1,2,1,2,2,1,2,2,1,2,2,2,2,2,2,2,1,2,2,1,1,2,2,2,2,2,1,1,1,1,1,1,1,2,2,2,2,2,2,2,2,2,2,2,1,2,1,1,2,1,1,1,2,2,1,2,1,2,2,2,2,2,1,1,1,1,1,2,2,2,2,2,1,1,1,2,2,2,1,2,2,1,2,2,2,2,2,2,2,1,2,2,1,1,2,2,2,2,2,1,1,1,1,1,1,1,2,2,2,2,2,2,2,2,2,2,2,1,2,1,1,2,1,2,2,2,2,2,1,2,1,2,2,2,2,2,1,1,1,1,1,2,2,2,2,2,1,1,1,b'\x11\xea\xec\xc75bJ\n\xb6\x11#b\xf5\x01\x1b\x0b'
11EAECC7-3562-4A0A-B611-2362F5011B0B,2021-wnba-pst-season,wnba_sr_game_summary,4,6,4,4,4,4,4,4,6,4,4,5,4,4,3,8,4,4,7,4,3,4,4,6,6,5,7,7,4,3,1,4,3,4,3,4,6,6,5,6,4,1,3,1,5,4,5,1,4,5,4,4,6,2,5,5,2,3,1,7,8,4,2,2,2,2,1,7,4,6,6,1,2,6,1,4,3,4,5,5,5,4,5,5,4,5,5,8,5,5,5,4,5,4,5,5,6,6,4,7,7,5,5,3,5,1,5,3,5,8,3,2,3,6,4,5,4,3,1,4,7,5,7,4,5,5,3,3,4,3,3,3,3,7,4,5,4,4,2,3,3,2,1,8,2,4,6,2,4,1,7,b'\x11\xea\xec\xc75bJ\n\xb6\x11#b\xf5\x01\x1b\x0b'
11EAECC7-3562-4A0A-B611-2362F5011B0B,2021-wnba-reg-season,wnba_sr_game_summary,1,1,1,1,4,8,8,12,5,7,8,6,7,10,4,8,4,3,6,3,3,10,10,6,5,6,6,8,3,2,1,6,1,2,1,8,8,11,11,9,3,2,11,9,10,9,7,11,4,12,1,12,12,4,8,8,12,7,8,7,10,4,3,3,10,10,2,6,2,8,11,3,11,10,7,4,12,1,1,1,1,1,1,1,1,1,2,2,10,3,3,9,3,6,1,1,1,3,1,9,5,9,1,1,1,1,1,1,2,10,4,3,2,8,9,10,9,11,9,4,4,7,9,1,1,4,1,1,1,1,1,1,1,1,2,3,3,3,1,1,1,1,1,2,4,8,10,11,4,7,9,b'\x11\xea\xec\xc75bJ\n\xb6\x11#b\xf5\x01\x1b\x0b'
11EAECC7-3562-4A0A-B611-2362F5011B0B,2022-wnba-pst-season,wnba_sr_game_summary,2,8,1,2,1,1,1,1,4,1,1,7,3,3,4,8,1,1,6,1,6,1,1,6,6,5,8,8,1,1,1,1,2,1,1,1,3,8,6,5,1,2,3,5,8,8,8,7,1,8,2,1,4,3,5,3,4,1,1,8,8,3,1,1,4,2,2,2,1,3,6,2,6,8,7,5,7,2,8,8,8,1,7,7,4,8,8,3,7,8,8,2,8,6,8,8,4,3,2,5,5,6,7,2,8,1,8,1,8,4,1,2,2,8,6,8,8,3,5,1,5,8,1,2,8,4,2,3,1,1,3,2,2,5,6,2,3,2,3,3,2,3,1,1,2,6,8,6,5,7,2,b'\x11\xea\xec\xc75bJ\n\xb6\x11#b\xf5\x01\x1b\x0b'
11EAECC7-3562-4A0A-B611-2362F5011B0B,2022-wnba-reg-season,wnba_sr_game_summary,3,3,1,3,5,3,3,3,2,1,1,3,11,11,3,11,3,2,6,2,7,3,2,4,3,4,11,11,5,1,1,5,2,1,1,3,7,10,8,7,1,1,12,12,7,3,6,6,1,9,1,4,6,5,3,3,3,1,1,11,11,3,2,2,3,2,1,5,1,3,10,1,12,7,6,1,9,1,2,3,2,7,3,3,9,7,7,2,9,4,3,10,3,4,2,3,6,5,3,5,6,5,2,2,1,1,1,1,3,6,1,1,1,6,5,7,3,12,12,1,4,6,4,1,5,3,2,1,2,3,2,3,3,7,7,4,3,3,2,3,2,1,1,3,1,6,7,12,1,6,4,b'\x11\xea\xec\xc75bJ\n\xb6\x11#b\xf5\x01\x1b\x0b'
11EAECC7-3562-4A0A-B611-2362F5011B0B,2023-wnba-pst-season,wnba_sr_game_summary,3,7,3,3,3,3,3,3,1,3,3,4,3,3,2,3,3,3,6,4,7,3,3,1,2,2,5,2,8,4,4,3,6,3,4,3,1,6,2,1,3,4,3,4,6,4,6,5,3,6,2,3,7,3,3,2,5,4,5,2,6,8,7,8,6,7,6,6,6,1,2,5,5,3,4,6,6,2,6,6,6,3,6,6,4,6,6,4,8,7,6,6,6,5,6,6,4,3,3,6,5,5,6,6,6,4,6,4,6,5,3,3,3,6,1,6,4,3,4,3,4,6,1,2,6,2,3,2,2,2,2,2,1,5,6,4,4,2,2,2,4,1,2,2,3,1,3,5,6,4,4,b'\x11\xea\xec\xc75bJ\n\xb6\x11#b\xf5\x01\x1b\x0b'
11EAECC7-3562-4A0A-B611-2362F5011B0B,2023-wnba-reg-season,wnba_sr_game_summary,3,3,1,3,1,4,6,8,3,4,4,7,6,9,4,8,5,3,11,3,5,6,7,4,3,4,7,7,6,6,5,8,9,8,6,3,2,3,4,3,2,2,8,8,11,11,7,7,2,3,3,9,11,1,4,6,8,4,4,6,9,5,3,3,6,7,6,8,8,3,3,2,8,11,7,2,3,3,1,1,1,4,3,4,8,2,2,1,6,7,8,3,8,9,2,3,4,3,2,6,2,10,8,9,5,5,4,6,3,8,2,2,1,4,5,11,11,8,8,2,1,7,1,3,2,4,2,3,1,1,1,3,4,2,2,7,8,8,2,3,8,5,4,3,2,4,11,8,2,7,1,b'\x11\xea\xec\xc75bJ\n\xb6\x11#b\xf5\x01\x1b\x0b'
11EAECC7-3562-4A0A-B611-2362F5011B0B,2024-wnba-pst-season,wnba_sr_game_summary,3,5,3,3,3,3,3,3,5,3,3,7,4,4,5,6,3,3,3,3,4,3,3,6,5,5,5,7,1,3,2,3,6,3,4,3,3,6,3,4,3,4,4,6,6,7,6,2,3,6,2,3,5,3,4,4,4,3,2,6,6,1,1,1,1,3,1,8,4,4,3,4,8,8,2,1,6,2,6,6,6,6,6,6,7,6,6,1,8,5,6,2,6,4,6,6,6,5,4,3,4,2,6,6,5,2,6,4,6,5,3,1,4,6,2,6,7,4,6,3,1,6,3,2,6,4,4,4,3,4,1,4,1,3,6,2,3,3,1,1,3,3,3,5,2,1,8,8,1,2,3,b'\x11\xea\xec\xc75bJ\n\xb6\x11#b\xf5\x01\x1b\x0b'
11EAECC7-3562-4A0A-B611-2362F5011B0B,2024-wnba-reg-season,wnba_sr_game_summary,3,3,1,3,4,8,8,12,6,4,5,8,11,11,6,11,1,1,11,1,5,9,10,8,7,6,9,10,2,6,4,10,4,9,3,8,6,3,3,5,3,2,10,7,9,10,2,6,2,4,2,12,12,4,8,8,12,4,5,11,11,1,1,1,9,10,6,10,9,8,3,3,10,9,2,2,4,2,1,1,1,5,1,1,8,1,1,2,6,3,3,5,3,6,1,1,4,4,2,3,2,6,1,4,2,4,1,3,2,10,1,1,1,4,4,9,10,10,7,2,1,2,2,2,1,5,2,3,1,1,1,1,1,1,1,3,3,3,1,1,1,2,1,2,1,4,9,10,2,2,2,b'\x11\xea\xec\xc75bJ\n\xb6\x11#b\xf5\x01\x1b\x0b'
11EAECC7-3562-4A0A-B611-2362F5011B0B,2025-wnba-reg-season,wnba_sr_game_summary,11,11,1,11,3,12,12,9,12,7,3,13,12,11,13,12,8,8,5,8,9,9,6,13,13,12,10,11,3,7,8,13,13,12,12,13,13,8,8,12,3,3,9,8,5,3,13,13,6,7,13,9,8,3,12,12,9,7,3,12,11,8,8,8,9,6,7,13,12,13,8,3,9,5,13,6,7,13,11,10,1,13,8,2,13,9,6,10,6,12,12,8,12,12,6,5,12,12,11,9,5,13,10,13,11,8,12,12,11,11,5,5,6,8,8,5,3,9,8,6,5,13,6,13,5,12,11,12,11,10,1,8,2,9,6,12,12,12,6,5,10,11,12,11,5,8,5,9,6,13,6,b'\x11\xea\xec\xc75bJ\n\xb6\x11#b\xf5\x01\x1b\x0b'
11EAECC7-3562-4A0A-B611-2362F5011B0B,all-wnba-c_c-season,wnba_box,3,3,1,3,1,4,4,3,4,4,2,4,4,4,3,4,4,4,2,4,4,3,1,4,4,4,4,3,3,1,1,3,1,3,1,4,4,4,4,4,3,3,3,3,3,3,1,2,3,1,4,1,3,1,4,4,3,4,2,4,4,4,4,4,3,1,1,3,3,4,4,3,3,3,1,3,1,4,2,2,1,3,2,1,4,3,3,3,3,2,2,1,2,2,1,1,3,3,3,3,4,1,1,1,1,1,1,1,2,3,2,2,2,4,4,3,3,3,3,3,4,1,1,4,1,4,3,4,2,2,1,2,1,3,3,2,2,2,1,1,1,1,1,2,2,4,3,3,3,1,1,b'\x11\xea\xec\xc75bJ\n\xb6\x11#b\xf5\x01\x1b\x0b'
11EAECC7-3562-4A0A-B611-2362F5011B0B,all-wnba-pst-season,wnba_box,5,16,4,9,4,5,5,3,9,5,4,9,4,4,9,9,6,6,10,6,16,4,5,10,12,7,10,7,16,2,10,3,2,2,5,5,5,13,4,5,4,10,5,11,18,17,12,2,2,17,2,5,12,6,9,7,7,8,6,8,9,15,16,16,8,9,7,5,3,7,5,10,9,17,2,4,17,3,13,14,15,5,14,14,5,15,15,10,14,13,13,10,13,3,13,14,5,5,5,13,15,4,13,2,16,10,15,5,14,8,4,11,10,13,5,15,9,2,4,6,17,17,2,2,14,9,4,5,8,9,9,8,9,10,13,5,5,4,8,8,6,11,12,9,10,4,11,5,16,15,5,b'\x11\xea\xec\xc75bJ\n\xb6\x11#b\xf5\x01\x1b\x0b'
11EAECC7-3562-4A0A-B611-2362F5011B0B,all-wnba-reg-season,wnba_box,4,11,7,4,7,7,6,6,8,5,4,7,8,5,11,7,7,6,13,6,16,6,7,9,11,8,11,8,17,2,8,8,7,6,8,6,15,12,1,7,2,8,9,15,16,14,12,6,3,16,2,7,8,5,7,4,3,4,6,8,7,11,8,8,4,4,4,9,5,10,2,6,13,15,7,5,12,3,13,13,12,14,13,13,12,12,12,9,11,12,12,13,12,4,12,13,13,14,10,7,9,6,13,7,13,8,13,8,14,11,4,8,8,12,2,11,3,9,11,8,14,17,6,2,13,4,10,3,10,14,11,14,15,9,10,8,6,6,11,13,8,14,15,12,7,4,9,11,13,14,7,b'\x11\xea\xec\xc75bJ\n\xb6\x11#b\xf5\x01\x1b\x0b'
11EAECC7-3565-C004-B611-2362F5011B0B,2000-wnba-reg-season,wnba_com_game_box,14,14,1,14,5,7,10,8,11,13,15,11,2,2,1,2,12,12,7,12,8,10,8,3,5,5,2,2,13,12,10,5,11,11,11,8,8,9,10,10,5,5,5,6,,,9,6,,,11,8,9,5,7,10,8,13,15,2,2,12,12,12,10,8,12,5,11,8,9,5,5,,9,,,11,12,12,8,12,14,13,15,1,4,4,4,12,11,11,11,10,11,10,12,13,13,2,1,10,12,11,6,10,8,11,15,13,9,10,12,10,12,1,1,,,13,13,,,11,9,6,14,11,12,12,8,14,13,1,4,12,11,11,11,10,12,6,8,15,9,10,1,,13,,,b'\x11\xea\xec\xc75e\xc0\x04\xb6\x11#b\xf5\x01\x1b\x0b'
11EAECC7-3565-C004-B611-2362F5011B0B,2001-wnba-reg-season,wnba_com_game_box,13,13,1,13,8,5,9,12,7,11,13,5,7,4,6,4,3,7,1,8,4,12,11,5,3,3,4,6,3,15,12,10,7,14,9,10,12,8,12,11,12,11,10,10,,,7,6,,,10,10,8,8,5,9,12,11,13,7,4,3,7,8,12,11,15,10,14,10,8,12,10,,7,,,10,15,16,9,15,15,12,15,7,3,12,3,4,8,2,8,5,9,9,15,14,15,1,5,3,8,7,5,12,4,9,16,12,11,9,16,6,10,13,14,,,4,6,,,10,9,5,15,9,15,16,9,15,12,7,3,4,8,8,9,9,8,5,4,16,11,6,13,,4,,,b'\x11\xea\xec\xc75e\xc0\x04\xb6\x11#b\xf5\x01\x1b\x0b'
11EAECC7-3565-C004-B611-2362F5011B0B,2002-wnba-pst-season,wnba_com_game_box,5,2,5,5,6,6,6,6,4,6,6,2,4,4,4,3,7,6,6,6,5,6,6,3,4,4,2,2,7,6,1,6,3,6,1,5,6,4,7,7,8,8,8,8,,,3,7,,,6,6,8,3,6,6,6,6,7,1,3,7,7,7,8,6,2,5,5,5,6,8,8,,4,,,5,3,4,3,8,4,3,8,4,4,4,3,3,3,3,3,2,3,3,8,8,8,1,3,1,3,3,3,1,3,1,4,7,7,7,8,2,5,1,1,,,6,5,,,6,3,4,8,6,5,7,2,7,5,2,2,1,2,2,1,1,2,1,1,8,7,4,1,,6,,,b'\x11\xea\xec\xc75e\xc0\x04\xb6\x11#b\xf5\x01\x1b\x0b'
11EAECC7-3565-C004-B611-2362F5011B0B,2002-wnba-reg-season,wnba_com_game_box,7,7,1,7,11,10,15,11,15,16,14,14,4,1,7,1,7,8,1,7,3,12,11,13,7,7,2,2,7,7,7,11,7,11,10,14,11,3,5,9,4,4,11,9,,,2,2,,,9,13,11,11,10,15,11,16,14,4,1,7,8,7,12,11,7,11,11,14,3,4,11,,2,,,9,9,10,7,15,9,3,16,15,14,11,15,2,2,1,2,3,3,5,15,13,13,8,15,1,3,7,5,7,4,10,12,10,7,6,11,3,4,15,16,,,2,1,,,9,4,7,11,9,9,10,7,9,3,15,14,2,2,2,3,5,3,5,4,12,7,3,15,,2,,,b'\x11\xea\xec\xc75e\xc0\x04\xb6\x11#b\xf5\x01\x1b\x0b'
11EAECC7-3565-C004-B611-2362F5011B0B,2003-wnba-reg-season,wnba_com_game_box,10,10,1,10,5,6,8,8,7,13,13,6,1,1,4,1,9,11,1,10,8,10,10,5,6,2,1,1,8,11,6,12,6,12,7,7,4,5,9,6,2,2,8,7,,,10,12,,,8,10,10,5,6,8,8,13,13,1,1,9,11,10,10,10,11,12,12,7,5,2,8,,10,,,8,8,7,3,12,6,1,12,9,4,14,7,10,9,13,9,9,3,5,12,13,13,12,9,11,4,6,4,6,1,7,12,14,3,3,8,3,4,14,14,,,9,8,,,8,5,2,13,8,8,7,3,6,1,9,4,10,9,9,3,5,4,4,1,12,3,3,14,,9,,,b'\x11\xea\xec\xc75e\xc0\x04\xb6\x11#b\xf5\x01\x1b\x0b'
11EAECC7-3565-C004-B611-2362F5011B0B,2004-wnba-reg-season,wnba_com_game_box,11,11,1,11,13,10,11,7,13,10,9,13,6,4,8,5,9,12,2,12,9,7,8,12,12,11,5,5,8,2,1,9,1,3,1,5,1,7,4,3,8,6,6,4,,,5,10,,,11,12,12,13,10,11,7,10,9,6,4,9,12,12,7,8,2,9,3,5,7,8,6,,5,,,11,6,4,2,12,7,3,10,2,4,5,4,11,11,8,11,11,3,2,9,11,12,7,2,11,1,1,4,1,1,1,5,8,10,7,8,8,8,13,13,,,11,12,,,11,2,8,9,8,6,4,2,7,3,2,4,11,11,11,3,2,1,4,1,5,10,8,13,,11,,,b'\x11\xea\xec\xc75e\xc0\x04\xb6\x11#b\xf5\x01\x1b\x0b'
11EAECC7-3565-C004-B611-2362F5011B0B,2005-wnba-pst-season,wnba_com_game_box,3,2,4,3,4,4,4,4,8,4,4,8,3,4,2,5,4,4,3,4,4,4,4,7,7,5,1,1,1,3,1,4,2,4,1,4,5,4,1,1,3,1,3,3,,,6,6,,,3,4,7,1,7,7,3,7,4,2,5,2,3,3,3,7,2,7,4,7,1,1,3,,5,,,3,5,5,5,3,4,5,4,5,5,4,5,6,6,5,6,5,5,5,3,5,5,6,4,6,5,2,5,1,5,1,5,5,4,5,2,4,1,5,5,,,4,5,,,3,5,1,4,4,2,2,1,2,1,2,4,4,4,4,1,2,2,4,1,2,5,1,5,,4,,,b'\x11\xea\xec\xc75e\xc0\x04\xb6\x11#b\xf5\x01\x1b\x0b'
11EAECC7-3565-C004-B611-2362F5011B0B,2005-wnba-reg-season,wnba_com_game_box,3,3,1,3,1,11,11,8,13,11,9,11,5,5,11,5,10,11,6,11,10,7,9,11,11,9,4,5,8,3,4,12,5,7,6,9,5,5,4,7,1,1,11,11,,,7,9,,,5,12,12,1,11,11,8,11,9,5,5,10,11,11,7,9,3,12,7,9,5,1,11,,7,,,5,2,2,1,9,4,1,9,4,3,5,8,5,6,2,8,9,1,1,9,8,3,9,8,8,5,5,8,4,3,6,1,3,2,2,2,4,4,6,7,,,11,9,,,5,2,9,2,6,2,2,1,4,1,4,3,5,6,8,1,1,5,8,3,1,2,4,6,,11,,,b'\x11\xea\xec\xc75e\xc0\x04\xb6\x11#b\xf5\x01\x1b\x0b'
11EAECC7-3565-C004-B611-2362F5011B0B,2006-wnba-pst-season,wnba_com_game_box,6,1,6,6,6,7,6,7,4,6,7,5,6,7,4,3,7,8,7,8,7,7,7,4,5,6,6,5,8,6,4,7,7,7,6,8,8,2,6,8,7,6,7,6,,,4,8,,,7,7,4,1,5,3,3,3,5,5,4,7,7,7,4,4,2,5,4,8,6,6,6,,8,,,7,2,2,1,7,2,2,7,1,1,4,1,3,3,2,3,7,1,2,7,7,7,3,1,7,2,7,2,4,2,6,2,6,7,6,6,1,1,2,4,,,6,3,,,7,2,6,7,7,7,7,3,7,6,1,1,8,8,8,6,7,7,6,6,6,5,1,4,,2,,,b'\x11\xea\xec\xc75e\xc0\x04\xb6\x11#b\xf5\x01\x1b\x0b'
11EAECC7-3565-C004-B611-2362F5011B0B,2006-wnba-reg-season,wnba_com_game_box,4,4,1,4,7,12,11,11,10,11,13,8,7,4,12,3,9,11,5,12,6,11,12,11,10,10,5,5,6,9,6,10,2,12,7,12,9,5,8,8,1,1,11,12,,,2,4,,,4,12,13,7,12,11,11,11,13,7,4,9,11,12,11,12,9,10,12,12,5,1,11,,2,,,4,1,4,2,9,5,3,10,1,1,3,5,2,2,3,2,2,1,1,7,5,2,2,1,2,1,2,6,6,4,7,2,8,3,2,2,5,5,4,5,,,6,3,,,4,1,11,1,3,1,4,2,5,3,1,1,2,2,2,1,1,1,6,4,2,3,5,4,,6,,,b'\x11\xea\xec\xc75e\xc0\x04\xb6\x11#b\xf5\x01\x1b\x0b'
11EAECC7-3565-C004-B611-2362F5011B0B,2007-wnba-pst-season,wnba_com_game_box,3,6,3,3,3,3,3,3,8,3,3,8,4,3,7,6,3,3,5,3,2,3,3,8,7,5,4,4,3,3,6,3,4,3,7,4,4,5,2,3,3,2,4,7,,,6,4,,,3,3,7,2,6,8,6,8,4,4,5,3,3,2,3,6,6,4,4,6,2,2,6,,3,,,3,6,6,6,3,6,6,4,6,6,3,3,5,5,2,5,2,6,6,3,2,2,2,3,1,6,4,6,6,6,7,6,6,3,4,6,5,1,5,5,,,3,2,,,3,6,6,2,3,3,4,5,6,6,2,4,2,1,1,4,5,6,7,8,5,5,1,6,,1,,,b'\x11\xea\xec\xc75e\xc0\x04\xb6\x11#b\xf5\x01\x1b\x0b'
11EAECC7-3565-C004-B611-2362F5011B0B,2007-wnba-reg-season,wnba_com_game_box,3,3,1,3,3,9,8,10,7,8,9,6,6,6,9,5,9,10,8,10,9,10,10,7,8,8,6,6,9,9,7,5,8,5,7,11,11,11,11,11,2,2,4,4,,,7,6,,,3,8,9,3,9,8,10,8,9,6,6,9,10,10,10,10,9,5,5,11,11,2,4,,7,,,3,1,2,5,2,4,8,3,2,5,3,5,1,3,1,3,3,5,7,1,1,1,2,5,4,9,8,6,7,8,7,1,1,2,2,1,9,11,5,5,,,6,5,,,3,6,11,1,2,1,2,5,4,8,2,5,1,3,3,5,7,9,6,8,1,2,9,5,,6,,,b'\x11\xea\xec\xc75e\xc0\x04\xb6\x11#b\xf5\x01\x1b\x0b'
11EAECC7-3565-C004-B611-2362F5011B0B,2008-wnba-pst-season,wnba_com_game_box,5,1,5,5,5,6,7,7,6,8,8,6,5,5,6,1,4,5,1,5,1,6,5,6,4,4,1,2,1,8,7,5,7,6,7,6,3,3,7,7,8,6,5,4,,,3,6,,,7,5,1,1,2,7,5,8,8,2,1,1,1,1,2,1,6,4,5,4,7,4,2,,7,,,8,4,4,4,5,4,4,5,2,2,6,3,3,3,8,2,4,4,4,5,7,7,4,4,6,4,7,3,7,4,7,1,1,8,4,2,4,6,1,5,,,5,1,,,7,4,5,8,8,8,7,8,7,7,6,4,7,6,5,8,8,8,7,8,4,4,7,2,,1,,,b'\x11\xea\xec\xc75e\xc0\x04\xb6\x11#b\xf5\x01\x1b\x0b'
11EAECC7-3565-C004-B611-2362F5011B0B,2008-wnba-reg-season,wnba_com_game_box,8,8,1,8,2,12,14,8,13,14,13,12,3,4,5,2,12,13,6,13,10,9,10,10,12,12,2,2,12,10,10,9,7,9,9,11,9,10,11,11,1,1,2,2,,,9,12,,,8,9,11,2,12,14,8,14,13,3,4,12,13,13,9,10,10,9,9,11,10,1,2,,9,,,8,3,4,2,8,8,8,7,1,1,4,1,7,7,12,7,6,3,6,4,5,4,3,1,8,5,7,10,10,8,9,1,1,2,2,1,10,11,8,11,,,13,12,,,8,6,12,3,7,3,4,2,8,8,1,1,7,7,7,3,6,5,10,8,1,2,10,8,,13,,,b'\x11\xea\xec\xc75e\xc0\x04\xb6\x11#b\xf5\x01\x1b\x0b'
11EAECC7-3565-C004-B611-2362F5011B0B,2009-wnba-pst-season,wnba_com_game_box,2,7,2,2,2,2,2,2,4,2,2,2,2,2,7,4,2,1,4,1,2,2,2,4,4,3,6,5,3,2,5,2,5,2,4,2,3,8,3,3,1,2,1,3,,,7,4,,,4,2,4,2,4,5,5,4,7,5,3,2,3,3,4,5,6,3,5,2,3,2,1,,4,,,4,7,7,7,5,7,7,5,7,7,4,5,7,7,4,7,3,7,7,5,5,4,4,7,4,8,5,7,5,7,4,7,1,1,5,2,7,3,7,7,,,1,3,,,4,7,3,5,4,4,5,5,5,5,5,4,5,4,4,4,6,5,4,5,1,4,3,7,,3,,,b'\x11\xea\xec\xc75e\xc0\x04\xb6\x11#b\xf5\x01\x1b\x0b'
11EAECC7-3565-C004-B611-2362F5011B0B,2009-wnba-reg-season,wnba_com_game_box,2,2,1,2,6,8,13,7,13,12,10,13,5,6,9,4,2,5,2,5,2,7,8,12,9,7,3,4,1,7,7,9,5,8,7,10,4,5,5,6,1,1,10,8,,,7,10,,,2,7,8,6,8,13,7,12,10,5,6,2,5,5,7,8,7,9,8,10,5,1,10,,7,,,2,3,5,1,8,5,6,9,1,2,1,6,6,7,4,7,6,1,6,8,6,1,2,2,9,2,5,10,7,8,7,2,3,1,1,1,7,6,3,6,,,4,2,,,2,7,8,1,1,3,5,1,5,6,1,2,6,7,7,1,6,2,10,8,2,1,7,3,,4,,,b'\x11\xea\xec\xc75e\xc0\x04\xb6\x11#b\xf5\x01\x1b\x0b'
11EAECC7-3565-C004-B611-2362F5011B0B,2010-wnba-pst-season,wnba_com_game_box,5,2,5,5,5,5,5,5,6,5,5,5,6,5,7,4,4,5,2,4,3,5,5,6,6,5,4,6,2,5,3,5,8,5,5,5,6,4,4,6,4,1,5,3,,,3,3,,,4,5,7,1,7,7,8,6,7,6,6,3,5,4,7,7,4,7,7,6,2,1,3,,3,,,5,4,4,4,5,4,4,4,3,4,3,6,3,3,7,3,2,4,4,4,2,2,3,5,3,4,8,4,3,4,5,3,1,5,2,1,3,2,2,3,,,5,3,,,4,4,5,3,4,1,5,3,4,4,4,5,2,3,3,2,3,7,4,5,1,3,1,1,,6,,,b'\x11\xea\xec\xc75e\xc0\x04\xb6\x11#b\xf5\x01\x1b\x0b'
11EAECC7-3565-C004-B611-2362F5011B0B,2010-wnba-reg-season,wnba_com_game_box,4,4,1,4,5,7,12,10,8,12,11,9,4,5,3,6,4,5,6,5,1,9,7,6,6,6,2,3,3,7,5,8,8,7,6,9,7,9,10,9,2,1,1,1,,,11,10,,,2,7,7,5,7,12,10,12,11,4,5,4,5,5,9,7,7,8,7,9,9,2,1,,11,,,2,3,1,2,2,2,1,2,5,5,4,7,8,8,12,8,10,3,6,2,2,1,10,6,12,7,8,4,5,4,6,3,3,1,1,1,7,8,5,7,,,3,2,,,2,6,4,1,2,3,1,2,2,1,5,5,8,8,8,3,6,7,4,4,3,1,7,5,,3,,,b'\x11\xea\xec\xc75e\xc0\x04\xb6\x11#b\xf5\x01\x1b\x0b'
11EAECC7-3565-C004-B611-2362F5011B0B,2011-wnba-pst-season,wnba_com_game_box,3,6,3,2,3,3,3,3,5,3,3,5,1,1,6,3,3,3,4,3,4,3,3,5,5,7,4,4,4,3,2,3,6,3,4,3,4,7,8,8,3,3,3,4,,,6,5,,,7,3,6,1,5,5,6,5,5,4,4,5,4,4,6,5,1,7,4,6,8,3,4,,4,,,6,6,6,6,7,6,6,7,5,5,6,4,5,6,1,6,3,6,6,7,6,7,4,5,1,6,6,6,2,6,4,6,6,3,4,6,7,7,6,8,,,3,7,,,7,6,5,7,7,5,7,2,5,4,4,4,1,4,5,2,2,5,3,3,7,4,7,7,,6,,,b'\x11\xea\xec\xc75e\xc0\x04\xb6\x11#b\xf5\x01\x1b\x0b'
11EAECC7-3565-C004-B611-2362F5011B0B,2011-wnba-reg-season,wnba_com_game_box,2,2,1,2,9,5,9,11,5,9,11,5,3,5,2,5,3,3,5,3,2,10,11,4,2,3,1,3,3,9,6,9,11,10,9,8,6,4,7,7,2,1,3,3,,,5,5,,,2,11,9,9,5,9,11,9,11,3,5,3,3,3,10,11,9,9,10,8,4,2,3,,5,,,2,3,4,6,4,4,3,6,5,7,2,7,5,7,1,7,8,6,5,3,4,2,8,7,6,11,11,3,6,7,9,3,3,4,4,2,6,8,7,8,,,4,2,,,2,3,3,7,2,3,4,6,4,3,5,7,5,7,7,6,5,11,3,7,3,4,6,7,,4,,,b'\x11\xea\xec\xc75e\xc0\x04\xb6\x11#b\xf5\x01\x1b\x0b'
11EAECC7-3565-C004-B611-2362F5011B0B,2012-wnba-pst-season,wnba_com_game_box,1,7,1,1,1,1,1,1,3,1,2,3,1,1,5,4,1,1,5,1,2,1,1,3,3,3,2,2,1,1,3,1,7,1,4,2,7,8,8,8,1,4,1,3,,,8,4,,,1,1,4,3,3,5,8,5,8,3,4,2,3,3,7,7,6,6,5,7,7,4,3,,4,,,1,8,8,8,3,8,8,3,7,7,5,3,7,7,7,7,4,8,8,3,3,2,2,5,4,8,7,7,3,8,4,7,4,1,3,3,8,7,8,8,,,1,1,,,1,8,3,3,1,3,5,7,5,7,4,3,4,4,4,5,5,7,2,4,4,2,5,7,,1,,,b'\x11\xea\xec\xc75e\xc0\x04\xb6\x11#b\xf5\x01\x1b\x0b'
11EAECC7-3565-C004-B611-2362F5011B0B,2012-wnba-reg-season,wnba_com_game_box,4,4,1,4,6,6,9,9,9,11,11,10,2,3,1,3,3,7,2,5,3,8,10,5,5,4,1,2,1,9,8,10,11,9,11,7,5,2,2,3,3,1,4,4,,,3,5,,,2,10,10,6,6,9,9,11,11,2,3,3,7,5,8,10,9,10,9,7,2,3,4,,3,,,2,2,3,3,6,6,3,9,2,2,3,2,3,3,4,3,3,1,4,5,6,3,2,2,3,8,11,7,8,7,11,1,1,3,2,1,2,2,12,12,,,4,1,,,2,3,4,3,3,2,3,3,6,3,2,2,3,3,3,1,4,8,7,7,1,3,2,12,,4,,,b'\x11\xea\xec\xc75e\xc0\x04\xb6\x11#b\xf5\x01\x1b\x0b'
11EAECC7-3565-C004-B611-2362F5011B0B,2013-wnba-pst-season,wnba_com_game_box,3,2,4,2,4,4,4,4,3,5,5,5,2,3,1,2,4,3,3,4,2,4,4,2,2,2,1,1,3,4,3,4,2,4,3,4,3,5,6,4,5,8,4,4,,,5,8,,,2,4,6,1,3,4,6,5,7,1,1,3,4,4,5,6,3,4,6,3,6,8,4,,8,,,2,5,5,5,3,5,5,3,3,3,3,3,5,5,6,5,8,5,5,3,4,5,5,2,8,4,2,5,3,4,3,4,3,4,7,5,6,7,7,8,,,3,2,,,2,5,2,4,2,4,3,2,4,4,2,2,8,7,7,3,2,3,1,1,3,8,7,8,,2,,,b'\x11\xea\xec\xc75e\xc0\x04\xb6\x11#b\xf5\x01\x1b\x0b'
11EAECC7-3565-C004-B611-2362F5011B0B,2013-wnba-reg-season,wnba_com_game_box,8,8,1,8,2,11,11,10,12,11,9,12,4,4,4,4,8,7,7,7,6,11,11,10,9,9,3,4,6,3,2,12,10,11,9,12,11,3,4,8,2,1,10,6,,,7,11,,,5,11,12,2,11,11,10,11,9,4,4,8,7,7,11,11,3,12,11,12,3,2,10,,7,,,5,1,1,1,10,3,1,9,1,2,4,4,5,3,9,3,10,1,2,10,9,6,3,3,9,2,10,7,2,4,9,1,3,2,1,1,3,4,11,11,,,5,5,,,5,2,8,5,6,1,1,1,3,1,1,2,5,3,3,1,2,2,7,4,1,2,3,11,,5,,,b'\x11\xea\xec\xc75e\xc0\x04\xb6\x11#b\xf5\x01\x1b\x0b'
11EAECC7-3565-C004-B611-2362F5011B0B,2014-wnba-pst-season,wnba_com_game_box,3,2,3,2,3,4,4,3,8,4,4,8,3,3,6,3,3,3,5,3,1,3,3,8,8,7,1,3,1,2,1,3,3,3,2,4,8,5,1,4,4,3,3,4,,,6,7,,,3,4,8,1,5,8,1,8,4,3,2,1,1,1,1,1,1,4,1,8,1,3,4,,7,,,3,5,5,5,3,5,5,3,5,5,6,4,6,6,5,6,6,5,5,3,4,3,7,6,7,5,3,5,1,5,2,5,4,3,1,1,5,1,7,8,,,3,1,,,3,5,5,2,3,2,2,1,2,1,4,3,7,6,6,1,1,3,5,5,2,1,1,8,,1,,,b'\x11\xea\xec\xc75e\xc0\x04\xb6\x11#b\xf5\x01\x1b\x0b'
11EAECC7-3565-C004-B611-2362F5011B0B,2014-wnba-reg-season,wnba_com_game_box,4,4,1,4,6,10,11,11,11,11,9,11,6,6,3,6,3,2,9,2,1,9,9,10,9,8,3,4,1,4,4,12,8,10,7,11,10,10,10,11,3,3,4,3,,,12,12,,,6,11,11,6,10,11,11,11,9,6,6,3,2,2,9,9,4,12,10,11,10,3,4,,12,,,6,3,1,1,8,3,1,8,1,1,2,2,11,11,7,11,12,2,2,7,9,9,9,1,12,3,8,1,4,1,7,2,3,4,3,1,8,8,12,12,,,4,2,,,6,2,7,8,6,3,1,1,3,1,1,1,11,11,11,2,2,3,1,1,2,4,8,12,,4,,,b'\x11\xea\xec\xc75e\xc0\x04\xb6\x11#b\xf5\x01\x1b\x0b'
11EAECC7-3565-C004-B611-2362F5011B0B,2015-wnba-pst-season,wnba_com_game_box,2,8,1,2,1,1,1,1,3,1,2,3,1,1,6,4,1,2,2,1,5,1,1,4,3,3,5,4,5,2,4,1,8,2,5,1,7,8,8,7,1,4,2,6,,,8,1,,,4,1,5,3,6,6,7,4,6,5,4,6,6,6,7,7,5,8,8,7,7,3,6,,1,,,4,8,8,8,6,8,8,6,7,7,4,3,7,7,4,7,1,8,8,5,2,2,1,2,1,8,8,8,4,8,5,8,7,1,4,5,7,2,8,7,,,1,5,,,4,8,3,4,4,4,5,5,5,6,3,3,1,1,1,4,5,5,1,3,6,3,3,7,,5,,,b'\x11\xea\xec\xc75e\xc0\x04\xb6\x11#b\xf5\x01\x1b\x0b'
11EAECC7-3565-C004-B611-2362F5011B0B,2015-wnba-reg-season,wnba_com_game_box,4,4,1,4,4,4,7,6,7,8,6,9,4,5,1,7,2,2,6,2,2,5,4,8,4,5,3,4,2,5,5,11,9,8,6,11,10,9,9,11,2,2,12,12,,,11,11,,,6,3,3,4,4,7,6,8,6,4,5,2,2,2,5,4,5,11,8,11,9,2,12,,11,,,6,6,6,1,9,8,3,11,3,6,1,8,10,10,4,10,11,1,9,8,9,5,4,3,9,3,9,4,5,3,6,4,4,1,1,1,10,10,10,10,,,2,2,,,6,10,3,5,6,6,6,1,8,3,3,6,10,10,10,1,9,3,4,3,4,1,10,10,,2,,,b'\x11\xea\xec\xc75e\xc0\x04\xb6\x11#b\xf5\x01\x1b\x0b'
11EAECC7-3565-C004-B611-2362F5011B0B,2016-wnba-pst-season,wnba_com_game_box,6,1,6,6,6,8,7,6,8,7,6,7,8,7,8,3,7,8,4,8,7,6,6,8,8,8,5,6,4,6,3,8,1,7,2,8,7,3,3,5,5,2,7,7,,,3,8,,,6,6,3,1,8,7,1,6,2,6,2,5,6,6,1,1,2,8,6,8,3,2,7,,8,,,8,1,1,1,8,2,1,8,1,1,2,6,3,3,5,3,8,1,1,7,7,6,6,2,8,1,1,2,3,1,2,1,2,6,1,1,2,2,1,5,,,7,5,,,6,3,8,4,8,3,1,1,4,1,2,4,8,8,8,1,1,1,7,2,1,1,2,5,,5,,,b'\x11\xea\xec\xc75e\xc0\x04\xb6\x11#b\xf5\x01\x1b\x0b'
11EAECC7-3565-C004-B611-2362F5011B0B,2016-wnba-reg-season,wnba_com_game_box,5,5,1,5,10,11,7,9,6,7,7,5,7,6,9,7,7,8,1,7,6,9,8,6,5,7,5,7,5,7,7,12,5,12,6,6,7,11,11,8,1,1,12,12,,,11,12,,,7,9,8,10,11,7,9,7,7,7,6,7,8,7,9,8,7,12,12,6,11,1,12,,11,,,7,5,5,1,11,6,1,11,6,4,8,8,7,7,2,7,10,1,1,11,11,9,6,6,9,1,5,3,7,2,6,5,6,2,1,2,10,12,5,7,,,6,7,,,7,4,6,7,7,5,5,1,6,1,6,4,7,7,7,1,1,1,3,2,5,2,10,5,,6,,,b'\x11\xea\xec\xc75e\xc0\x04\xb6\x11#b\xf5\x01\x1b\x0b'
11EAECC7-3565-C004-B611-2362F5011B0B,2017-wnba-reg-season,wnba_com_game_box,11,11,1,11,7,11,11,9,7,6,7,7,11,11,11,10,10,11,2,11,11,11,11,10,9,10,12,11,6,10,11,12,12,12,12,12,12,6,7,11,7,7,10,10,,,6,8,,,12,12,12,7,11,11,9,6,7,11,11,10,11,11,11,11,10,12,12,12,6,7,10,,6,,,12,10,9,1,11,8,2,11,9,1,12,2,10,8,12,8,11,2,2,11,12,12,11,6,9,7,12,11,11,10,12,7,5,5,3,5,4,7,3,3,,,8,7,,,12,1,11,12,12,10,9,1,8,2,9,1,10,8,8,2,2,7,11,10,7,5,4,3,,8,,,b'\x11\xea\xec\xc75e\xc0\x04\xb6\x11#b\xf5\x01\x1b\x0b'
11EAECC7-3565-C004-B611-2362F5011B0B,2018-wnba-reg-season,wnba_sr_game_summary,12,12,1,12,1,12,12,2,12,8,2,12,10,9,9,10,8,10,4,10,12,5,6,12,12,12,9,9,7,5,10,10,8,9,12,12,12,3,1,11,10,9,12,12,8,6,9,10,8,3,12,7,9,1,12,12,2,8,2,10,9,8,10,10,5,6,5,10,9,12,2,10,12,8,9,9,3,12,11,11,5,12,11,7,12,5,6,7,6,7,8,3,8,10,5,5,12,12,12,4,4,4,4,8,12,10,12,12,11,8,4,5,8,1,1,8,6,12,12,8,9,9,3,12,4,12,11,12,10,10,5,11,6,5,5,7,8,8,5,5,4,12,12,11,5,1,8,12,9,9,3,b'\x11\xea\xec\xc75e\xc0\x04\xb6\x11#b\xf5\x01\x1b\x0b'
11EAECC7-3565-C004-B611-2362F5011B0B,2019-wnba-reg-season,wnba_sr_game_summary,9,9,1,9,1,7,7,8,8,6,2,8,10,11,4,11,5,6,6,6,10,8,7,9,9,8,11,10,5,8,5,4,9,5,6,10,11,3,4,9,11,11,11,12,3,2,6,8,5,4,9,7,8,1,7,7,8,6,2,10,11,5,6,6,8,7,8,4,5,10,3,11,11,3,6,5,4,9,10,9,8,5,6,9,3,10,8,11,8,8,7,11,7,8,8,7,6,7,10,8,10,9,8,9,3,5,6,6,12,12,12,10,12,4,5,3,2,11,12,5,4,6,9,9,5,8,11,9,10,9,8,6,9,10,8,8,7,7,8,7,8,3,6,12,12,4,3,11,5,6,9,b'\x11\xea\xec\xc75e\xc0\x04\xb6\x11#b\xf5\x01\x1b\x0b'
11EAECC7-3565-C004-B611-2362F5011B0B,2020-wnba-reg-season,wnba_sr_game_summary,11,11,1,11,7,8,10,11,8,7,5,8,9,8,7,8,3,4,4,4,4,7,7,7,7,9,7,9,4,5,3,9,9,8,5,8,5,11,11,10,12,12,6,11,7,8,5,6,3,5,11,10,8,7,8,10,11,7,5,9,8,3,4,4,7,7,5,9,8,8,11,12,6,7,5,3,5,11,12,12,7,12,12,10,9,2,2,10,1,12,12,10,12,11,10,4,10,11,12,3,1,10,9,9,3,3,3,5,6,2,12,12,12,10,10,7,8,6,11,3,4,5,7,11,3,8,12,11,12,12,7,12,10,2,2,12,12,12,10,4,9,3,3,6,12,10,7,6,3,5,7,b'\x11\xea\xec\xc75e\xc0\x04\xb6\x11#b\xf5\x01\x1b\x0b'
11EAECC7-3565-C004-B611-2362F5011B0B,2021-wnba-reg-season,wnba_sr_game_summary,12,12,1,12,12,11,9,7,10,5,3,9,12,11,12,11,9,6,9,6,11,7,5,12,11,12,11,11,4,4,3,10,7,8,6,11,9,10,10,11,10,10,10,10,9,5,6,7,4,6,12,9,8,12,11,9,7,5,3,12,11,9,6,6,7,5,4,10,8,11,10,10,10,9,6,4,6,12,11,11,6,11,9,5,10,11,6,10,6,10,9,6,9,10,7,3,10,10,12,10,10,8,7,7,2,3,3,6,11,9,10,9,12,6,5,9,5,10,10,4,5,6,4,12,3,11,12,12,11,11,6,9,5,11,6,10,9,9,7,3,7,2,3,11,10,6,9,10,4,6,4,b'\x11\xea\xec\xc75e\xc0\x04\xb6\x11#b\xf5\x01\x1b\x0b'
11EAECC7-3565-C004-B611-2362F5011B0B,2022-wnba-reg-season,wnba_sr_game_summary,12,12,1,12,5,12,12,2,12,8,3,12,10,9,9,10,6,5,12,4,6,2,1,12,12,12,8,8,3,2,4,11,11,10,9,11,9,12,11,11,9,10,9,9,10,9,12,11,5,8,12,1,1,5,12,12,2,8,3,10,9,6,5,4,2,1,2,11,10,11,12,9,9,10,12,5,8,12,12,12,6,12,12,10,12,4,2,5,3,11,12,9,12,10,9,12,11,11,12,3,2,10,10,11,9,4,9,9,12,4,6,7,8,12,11,10,9,9,9,5,9,12,5,12,12,12,12,12,12,12,6,12,10,4,2,11,12,12,9,12,10,9,9,12,6,12,10,9,5,12,5,b'\x11\xea\xec\xc75e\xc0\x04\xb6\x11#b\xf5\x01\x1b\x0b'
11EAECC7-3565-C004-B611-2362F5011B0B,2023-wnba-reg-season,wnba_sr_game_summary,10,10,1,10,1,7,5,6,6,3,3,5,10,10,6,9,9,9,10,9,11,8,6,6,8,8,11,9,9,2,2,9,7,7,3,11,12,10,10,10,9,9,10,10,8,6,12,12,7,11,9,10,10,1,7,5,6,3,3,10,10,9,9,9,8,6,2,9,7,11,10,9,10,8,12,7,11,9,12,4,4,7,2,3,4,11,10,12,9,11,11,6,11,12,4,2,10,12,12,12,11,11,3,7,2,2,2,3,6,9,10,9,9,5,4,8,6,10,10,7,7,12,7,9,4,6,11,9,12,4,4,2,3,11,10,11,11,11,4,2,3,2,2,6,10,5,8,10,7,12,7,b'\x11\xea\xec\xc75e\xc0\x04\xb6\x11#b\xf5\x01\x1b\x0b'
11EAECC7-3565-C004-B611-2362F5011B0B,2024-wnba-pst-season,wnba_sr_game_summary,5,1,5,5,5,7,7,5,7,7,8,2,6,5,8,1,8,8,6,8,8,7,5,7,7,7,7,5,7,5,1,5,5,5,2,5,1,3,7,6,6,6,6,7,3,8,3,7,8,3,8,6,2,3,7,5,1,4,7,5,1,8,8,8,4,1,2,2,2,1,7,5,5,6,7,8,4,8,3,3,4,5,4,4,3,1,1,7,1,3,3,5,3,7,4,4,4,6,7,2,1,7,3,5,2,1,2,2,3,7,7,7,7,1,1,3,8,6,7,8,8,3,5,8,3,7,7,8,7,7,8,8,8,1,1,7,7,7,8,7,6,2,4,7,7,1,6,5,8,7,4,b'\x11\xea\xec\xc75e\xc0\x04\xb6\x11#b\xf5\x01\x1b\x0b'
11EAECC7-3565-C004-B611-2362F5011B0B,2024-wnba-reg-season,wnba_sr_game_summary,6,6,1,6,8,3,2,5,1,5,7,2,5,5,3,5,9,10,7,10,7,7,4,1,3,3,6,5,10,7,6,5,6,4,5,7,10,9,10,9,12,12,5,4,6,8,9,9,7,7,6,4,2,8,3,2,5,5,7,5,5,9,10,10,7,4,7,5,4,7,9,12,5,6,9,7,7,6,11,10,11,8,7,5,7,11,11,11,11,11,11,11,10,11,10,9,10,10,11,12,11,10,7,6,4,6,4,5,9,7,12,12,12,8,9,6,8,5,4,7,7,9,8,6,11,3,11,6,11,10,11,7,5,11,11,11,11,10,10,9,7,4,4,9,12,8,6,5,7,9,8,b'\x11\xea\xec\xc75e\xc0\x04\xb6\x11#b\xf5\x01\x1b\x0b'
11EAECC7-3565-C004-B611-2362F5011B0B,2025-wnba-pst-season,wnba_sr_game_summary,3,7,3,2,3,3,3,3,5,3,3,5,4,4,4,8,3,3,5,3,3,3,3,7,6,5,6,8,1,3,1,3,2,3,1,3,7,6,5,7,3,7,4,8,7,7,6,4,2,6,5,3,2,4,4,6,6,4,2,8,8,1,1,1,2,1,1,5,3,7,7,6,8,7,4,1,5,4,6,6,6,6,6,6,6,5,5,5,2,6,6,3,6,1,6,6,6,6,6,1,2,1,6,2,6,1,6,1,6,2,3,3,3,6,5,7,7,4,8,2,2,6,1,5,6,5,5,4,6,7,6,8,8,2,2,1,1,1,4,4,1,1,1,5,3,5,7,8,1,4,1,b'\x11\xea\xec\xc75e\xc0\x04\xb6\x11#b\xf5\x01\x1b\x0b'
11EAECC7-3565-C004-B611-2362F5011B0B,2025-wnba-reg-season,wnba_sr_game_summary,6,6,1,6,3,3,2,3,3,3,6,5,8,8,4,8,10,9,9,9,8,2,3,4,5,6,8,8,11,4,4,11,4,9,7,7,12,8,7,7,5,5,13,13,7,6,11,11,2,12,4,3,4,3,3,2,3,3,6,8,8,10,9,9,2,3,4,11,9,7,8,5,13,7,11,2,12,4,8,7,2,9,11,10,10,2,3,6,3,11,11,7,11,8,5,8,8,8,8,4,2,10,3,4,4,4,4,7,4,2,3,3,3,3,1,7,6,13,13,2,2,11,1,4,8,4,7,5,8,7,2,11,10,2,3,11,11,11,5,8,3,4,4,4,3,3,7,13,2,11,1,b'\x11\xea\xec\xc75e\xc0\x04\xb6\x11#b\xf5\x01\x1b\x0b'
11EAECC7-3565-C004-B611-2362F5011B0B,all-wnba-pst-season,wnba_box,7,13,7,9,7,7,7,7,12,7,7,11,7,7,11,7,3,4,5,4,4,7,7,11,10,10,4,8,4,4,6,7,14,7,8,8,17,12,12,16,7,8,7,15,9,8,14,11,10,9,15,7,11,1,8,11,10,11,10,7,8,2,3,3,9,6,4,11,7,15,16,8,11,8,16,11,7,12,12,12,12,11,12,12,10,11,10,12,4,12,12,13,12,5,12,12,9,9,9,5,5,12,14,14,12,6,12,8,12,1,7,6,2,12,6,16,17,12,13,4,6,9,8,15,12,7,11,12,12,12,11,12,17,6,6,12,11,11,12,13,15,7,10,7,3,6,17,13,1,7,10,b'\x11\xea\xec\xc75e\xc0\x04\xb6\x11#b\xf5\x01\x1b\x0b'
11EAECC7-3565-C004-B611-2362F5011B0B,all-wnba-reg-season,wnba_box,9,16,9,14,9,10,10,9,13,10,9,14,5,6,7,5,9,9,4,9,11,9,9,11,10,10,4,4,10,9,10,10,12,9,13,10,16,11,9,12,4,6,11,10,14,16,13,13,5,15,16,9,12,6,11,12,10,14,10,5,5,8,12,13,10,11,8,13,12,13,9,4,10,14,11,4,14,13,11,11,10,18,11,10,19,10,10,14,7,13,13,12,13,15,10,10,18,18,16,9,7,12,10,12,10,10,10,13,11,5,8,7,7,10,5,17,17,11,10,9,9,18,3,16,11,10,15,13,13,12,7,13,8,7,7,15,15,15,7,8,4,8,8,9,6,2,13,10,8,16,6,b'\x11\xea\xec\xc75e\xc0\x04\xb6\x11#b\xf5\x01\x1b\x0b'
11EAECC7-3568-D154-B611-2362F5011B0B,1998-wnba-reg-season,wnba_com_game_box,10,10,1,10,6,9,10,7,10,10,9,7,3,2,9,2,9,7,10,7,3,7,1,9,10,10,3,3,8,4,8,10,10,9,10,10,9,10,10,10,6,7,6,7,,,10,10,,,10,1,1,6,9,10,7,10,9,3,2,9,7,7,7,1,4,10,9,10,10,6,6,,10,,,10,10,10,6,10,10,10,10,5,2,10,2,10,10,4,10,10,8,10,10,10,10,4,2,9,6,10,10,8,10,10,10,6,5,7,8,10,10,4,7,,,8,8,,,10,10,10,10,10,10,10,6,10,10,5,2,10,10,10,8,10,6,10,10,10,5,10,4,,8,,,b'\x11\xea\xec\xc75h\xd1T\xb6\x11#b\xf5\x01\x1b\x0b'
11EAECC7-3568-D154-B611-2362F5011B0B,1999-wnba-reg-season,wnba_com_game_box,11,11,1,11,2,10,10,12,7,8,7,6,11,10,11,8,7,5,9,5,6,9,7,8,8,11,10,10,5,7,5,3,11,4,5,11,8,12,12,12,12,12,10,12,,,5,5,,,11,5,8,2,10,10,12,8,7,11,10,7,5,5,9,7,7,3,4,11,12,12,10,,5,,,11,8,9,12,4,11,12,3,5,4,6,2,7,8,4,8,5,11,8,3,2,7,3,4,6,12,11,3,5,7,5,8,7,12,12,12,12,11,9,10,,,5,3,,,11,8,11,11,11,8,9,12,11,12,5,4,7,8,8,11,8,12,3,7,8,12,12,9,,5,,,b'\x11\xea\xec\xc75h\xd1T\xb6\x11#b\xf5\x01\x1b\x0b'
11EAECC7-3568-D154-B611-2362F5011B0B,2000-wnba-pst-season,wnba_com_game_box,6,2,6,6,6,8,8,8,1,7,7,2,8,8,6,7,8,6,8,6,3,8,8,2,4,6,8,8,7,7,6,8,8,8,6,8,6,3,8,8,7,5,7,5,,,1,2,,,6,8,5,3,6,6,8,3,7,8,7,7,4,4,8,7,7,8,8,6,8,5,5,,2,,,7,2,2,1,7,2,2,7,1,1,7,1,1,1,6,1,2,1,1,7,7,7,3,4,3,3,8,1,6,1,6,2,3,6,4,5,4,8,3,3,,,7,4,,,6,1,7,7,7,7,7,3,7,7,4,1,3,2,2,3,2,7,1,3,6,3,8,3,,5,,,b'\x11\xea\xec\xc75h\xd1T\xb6\x11#b\xf5\x01\x1b\x0b'
11EAECC7-3568-D154-B611-2362F5011B0B,2000-wnba-reg-season,wnba_com_game_box,10,10,1,10,10,10,6,12,2,3,5,2,12,13,11,13,14,10,13,11,14,12,11,2,6,9,15,13,15,9,6,6,6,7,7,6,9,9,11,6,12,11,5,5,,,4,4,,,9,10,11,10,10,6,12,3,5,12,13,14,10,11,12,11,9,6,7,6,9,12,5,,4,,,9,11,13,9,13,12,8,12,13,6,16,7,3,4,1,4,4,7,5,14,9,12,5,15,2,5,6,4,6,4,7,11,6,14,13,14,9,10,6,7,,,16,14,,,9,7,8,12,10,11,13,9,12,8,13,6,3,4,4,7,5,5,4,4,11,14,9,6,,16,,,b'\x11\xea\xec\xc75h\xd1T\xb6\x11#b\xf5\x01\x1b\x0b'
11EAECC7-3568-D154-B611-2362F5011B0B,2001-wnba-reg-season,wnba_com_game_box,13,13,1,13,6,15,13,3,14,9,6,12,12,10,16,9,16,14,16,13,15,9,8,15,16,16,13,12,15,3,7,5,10,5,8,15,15,12,11,15,9,10,6,9,,,3,2,,,15,9,10,6,15,13,3,9,6,12,10,16,14,13,9,8,3,5,5,15,12,9,6,,3,,,15,6,11,13,9,10,14,6,11,9,11,9,2,2,10,2,1,10,8,9,6,6,4,10,1,11,10,14,7,15,8,8,7,12,12,12,11,8,3,3,,,15,16,,,15,7,16,6,15,6,11,13,10,14,11,9,2,2,2,10,8,11,14,15,8,12,11,3,,15,,,b'\x11\xea\xec\xc75h\xd1T\xb6\x11#b\xf5\x01\x1b\x0b'
11EAECC7-3568-D154-B611-2362F5011B0B,2002-wnba-pst-season,wnba_com_game_box,3,2,3,2,4,4,3,4,3,4,4,3,3,3,3,4,4,4,3,4,6,4,4,4,3,2,6,4,6,4,5,4,6,4,6,3,2,5,2,1,3,5,3,5,,,5,6,,,3,4,6,3,5,3,5,4,4,5,6,6,6,6,5,7,6,7,7,2,1,5,5,,2,,,3,5,5,5,6,5,5,7,6,5,6,8,5,5,1,5,6,5,5,7,6,7,6,8,3,5,6,5,5,5,6,5,1,3,5,4,5,3,4,2,,,4,6,,,3,5,2,7,3,4,5,1,4,1,7,7,3,5,5,2,2,3,4,3,2,5,2,3,,7,,,b'\x11\xea\xec\xc75h\xd1T\xb6\x11#b\xf5\x01\x1b\x0b'
11EAECC7-3568-D154-B611-2362F5011B0B,2002-wnba-reg-season,wnba_com_game_box,6,6,1,6,14,8,5,8,7,10,8,12,6,7,3,7,16,16,9,16,16,8,9,4,8,8,8,6,16,4,8,4,4,4,6,2,7,6,6,2,15,14,14,14,,,4,3,,,7,10,9,14,8,5,8,10,8,6,7,16,16,16,8,9,4,4,4,2,6,15,14,,4,,,7,5,7,12,5,6,9,6,7,11,5,11,4,4,6,4,2,9,8,5,3,5,7,11,4,7,4,11,8,10,6,2,2,12,11,8,6,6,3,3,,,15,15,,,7,8,6,5,7,5,7,12,6,9,7,11,4,4,4,9,8,7,11,10,2,12,6,3,,15,,,b'\x11\xea\xec\xc75h\xd1T\xb6\x11#b\xf5\x01\x1b\x0b'
11EAECC7-3568-D154-B611-2362F5011B0B,2003-wnba-reg-season,wnba_com_game_box,13,13,1,13,3,7,2,1,12,2,3,11,8,6,13,8,13,14,7,14,14,2,4,11,11,11,12,8,14,1,7,10,8,5,10,3,8,6,2,3,13,13,13,12,,,11,11,,,12,4,6,3,7,2,1,2,3,8,6,13,14,14,2,4,1,10,5,3,6,13,13,,11,,,12,14,13,8,14,13,7,14,12,10,10,8,12,12,6,12,13,9,8,14,14,14,10,10,7,7,8,10,7,12,10,14,12,9,8,14,7,6,5,4,,,14,14,,,12,8,11,14,13,14,13,8,13,7,12,10,12,12,12,9,8,7,10,12,14,9,7,5,,14,,,b'\x11\xea\xec\xc75h\xd1T\xb6\x11#b\xf5\x01\x1b\x0b'
11EAECC7-3568-D154-B611-2362F5011B0B,2004-wnba-pst-season,wnba_com_game_box,5,1,5,5,5,6,6,5,7,6,6,8,7,7,7,7,5,5,2,5,2,6,7,8,7,5,6,7,2,5,3,5,1,5,3,7,8,1,2,7,6,6,5,3,,,3,6,,,7,7,7,3,5,6,5,4,3,7,7,2,2,2,5,6,1,1,1,8,2,6,2,,6,,,7,4,2,2,4,3,3,2,4,2,7,4,4,4,7,4,8,3,3,5,6,8,6,6,8,2,1,3,3,3,3,3,6,7,8,7,2,4,1,1,,,6,3,,,7,3,4,8,6,8,4,4,3,4,6,4,8,8,8,7,3,2,5,5,5,8,4,1,,3,,,b'\x11\xea\xec\xc75h\xd1T\xb6\x11#b\xf5\x01\x1b\x0b'
11EAECC7-3568-D154-B611-2362F5011B0B,2004-wnba-reg-season,wnba_com_game_box,6,6,1,6,7,5,4,2,9,2,2,12,11,11,3,11,5,4,11,3,12,3,4,10,11,7,11,11,9,5,6,4,9,4,10,11,13,1,1,6,10,9,8,9,,,9,6,,,10,3,4,7,5,4,2,2,2,11,11,5,4,3,3,4,5,4,4,11,1,10,8,,9,,,10,12,11,9,10,12,9,11,7,8,4,8,10,10,9,10,9,10,11,10,9,11,9,6,9,10,9,13,6,13,10,9,5,9,9,7,2,1,1,1,,,8,11,,,10,10,7,12,12,12,11,9,12,9,7,8,10,10,10,10,11,10,13,13,9,9,2,1,,8,,,b'\x11\xea\xec\xc75h\xd1T\xb6\x11#b\xf5\x01\x1b\x0b'
11EAECC7-3568-D154-B611-2362F5011B0B,2005-wnba-reg-season,wnba_com_game_box,8,8,1,8,5,8,6,7,5,8,10,5,2,3,2,3,13,13,11,13,13,9,11,3,6,5,5,2,13,11,13,10,2,12,11,7,8,2,2,2,5,4,13,13,,,10,11,,,10,10,11,5,8,6,7,8,10,2,3,13,13,13,9,11,11,10,12,7,2,5,13,,10,,,10,8,5,3,12,5,3,13,11,11,8,12,9,8,11,7,8,3,2,13,13,12,11,10,7,1,2,13,13,7,11,10,12,6,5,7,2,2,3,5,,,12,7,,,10,4,6,10,8,8,5,3,5,3,11,11,9,8,7,3,2,1,13,7,10,6,2,3,,12,,,b'\x11\xea\xec\xc75h\xd1T\xb6\x11#b\xf5\x01\x1b\x0b'
11EAECC7-3568-D154-B611-2362F5011B0B,2006-wnba-pst-season,wnba_com_game_box,6,1,6,6,6,8,7,6,8,8,6,8,7,6,8,4,8,7,8,7,6,6,6,8,8,8,7,6,7,5,1,6,8,6,4,6,6,3,5,6,5,3,8,8,,,2,6,,,6,6,1,1,8,6,1,5,2,6,3,8,6,5,1,1,1,1,1,6,7,2,8,,7,,,6,1,1,2,1,1,1,5,2,3,1,7,2,2,1,2,6,3,3,2,2,2,6,6,4,3,8,3,1,3,4,1,5,6,2,3,2,3,5,8,,,8,8,,,6,3,8,2,6,5,4,7,4,3,4,8,5,6,6,8,8,8,8,8,4,2,5,8,,7,,,b'\x11\xea\xec\xc75h\xd1T\xb6\x11#b\xf5\x01\x1b\x0b'
11EAECC7-3568-D154-B611-2362F5011B0B,2006-wnba-reg-season,wnba_com_game_box,6,6,1,6,7,2,2,6,1,2,8,1,4,7,2,7,8,5,9,5,5,7,4,1,1,2,8,6,13,11,5,9,8,10,6,4,11,10,10,5,4,4,8,7,,,14,14,,,6,3,3,7,2,2,6,2,8,4,7,8,5,5,7,4,11,9,10,4,10,4,8,,14,,,6,11,5,3,10,3,2,8,14,11,12,11,14,13,7,13,14,6,9,12,12,10,14,13,14,3,8,2,5,3,6,12,12,4,4,6,3,3,1,1,,,5,8,,,6,12,2,9,8,11,5,3,3,2,14,11,14,13,13,6,9,3,2,3,12,4,3,1,,5,,,b'\x11\xea\xec\xc75h\xd1T\xb6\x11#b\xf5\x01\x1b\x0b'
11EAECC7-3568-D154-B611-2362F5011B0B,2007-wnba-reg-season,wnba_com_game_box,8,8,1,8,1,6,11,9,13,11,8,9,8,8,13,8,1,1,4,1,1,6,5,12,7,6,4,8,1,10,11,8,11,10,11,13,13,7,9,12,7,6,5,5,,,13,13,,,8,5,6,1,6,11,9,11,8,8,8,1,1,1,6,5,10,8,10,13,7,7,5,,13,,,8,9,7,8,5,7,7,5,5,6,5,6,13,13,7,13,12,10,12,3,8,7,8,4,13,12,11,10,11,11,11,6,5,4,5,5,4,4,2,2,,,2,1,,,8,10,8,7,8,9,7,8,7,7,5,6,13,13,13,10,12,12,10,11,6,4,4,2,,2,,,b'\x11\xea\xec\xc75h\xd1T\xb6\x11#b\xf5\x01\x1b\x0b'
11EAECC7-3568-D154-B611-2362F5011B0B,2008-wnba-reg-season,wnba_com_game_box,13,13,1,13,10,14,12,11,11,9,8,11,9,10,3,7,14,12,14,12,14,13,9,11,14,14,11,7,14,7,5,11,2,8,5,13,12,14,14,14,12,11,13,12,,,12,14,,,13,10,9,10,14,12,11,9,8,9,10,14,12,12,13,9,7,11,8,13,14,12,13,,12,,,13,10,9,1,12,6,2,12,9,8,8,9,9,10,3,10,11,2,1,12,12,12,9,8,7,1,2,6,5,5,5,9,8,8,7,11,14,14,12,12,,,8,5,,,13,4,14,12,13,10,9,1,6,2,9,8,9,10,10,2,1,1,6,5,9,8,14,12,,8,,,b'\x11\xea\xec\xc75h\xd1T\xb6\x11#b\xf5\x01\x1b\x0b'
11EAECC7-3568-D154-B611-2362F5011B0B,2009-wnba-pst-season,wnba_com_game_box,7,1,7,7,7,8,7,7,6,6,7,5,8,7,8,5,8,8,5,8,8,8,8,7,8,8,8,8,7,6,3,7,6,7,5,8,8,2,6,8,7,1,6,5,,,3,8,,,5,8,5,1,7,4,1,1,1,8,5,8,7,7,3,2,2,5,2,7,7,1,5,,8,,,6,1,1,1,1,1,1,4,1,2,1,4,3,3,7,3,8,1,2,1,3,3,7,1,8,2,6,2,3,2,5,1,7,6,3,3,3,7,3,8,,,8,4,,,5,1,7,4,6,5,3,4,4,3,1,5,8,8,8,6,8,7,7,8,6,2,8,8,,4,,,b'\x11\xea\xec\xc75h\xd1T\xb6\x11#b\xf5\x01\x1b\x0b'
11EAECC7-3568-D154-B611-2362F5011B0B,2009-wnba-reg-season,wnba_com_game_box,7,7,1,7,10,9,9,8,9,6,5,10,11,11,10,11,5,1,13,1,3,6,3,11,12,13,9,11,3,3,4,6,4,4,5,13,13,13,13,13,3,2,9,9,,,10,11,,,9,4,4,10,9,9,8,6,5,11,11,5,1,1,6,3,3,6,4,13,13,3,9,,10,,,9,5,6,4,9,7,8,8,3,1,5,1,9,10,2,10,11,5,9,9,9,6,5,3,10,5,4,5,4,5,5,5,5,3,3,3,12,12,13,12,,,1,1,,,9,9,13,5,9,5,6,4,7,8,3,1,9,10,10,5,9,5,5,5,5,3,12,13,,1,,,b'\x11\xea\xec\xc75h\xd1T\xb6\x11#b\xf5\x01\x1b\x0b'
11EAECC7-3568-D154-B611-2362F5011B0B,2010-wnba-pst-season,wnba_com_game_box,6,2,6,6,6,6,7,6,8,6,6,7,8,7,8,7,5,4,6,4,1,6,6,8,8,7,3,7,1,6,4,6,7,6,7,8,8,1,1,7,6,6,6,8,,,3,8,,,7,6,1,1,4,6,2,4,2,7,4,1,1,1,1,1,1,4,4,8,1,3,6,,8,,,7,2,2,2,6,2,3,6,1,1,7,1,4,4,1,4,8,3,3,6,6,6,2,2,5,3,7,3,4,3,7,1,5,7,6,7,1,1,5,8,,,6,1,,,7,3,7,7,6,7,7,7,7,8,2,1,7,8,8,8,8,7,8,8,6,4,2,8,,1,,,b'\x11\xea\xec\xc75h\xd1T\xb6\x11#b\xf5\x01\x1b\x0b'
11EAECC7-3568-D154-B611-2362F5011B0B,2010-wnba-reg-season,wnba_com_game_box,2,2,1,2,8,10,9,12,4,4,7,5,11,11,6,11,4,4,7,4,3,11,8,5,5,9,11,11,2,6,3,5,1,6,2,12,12,11,12,12,8,6,12,12,,,8,11,,,3,8,8,8,10,9,12,4,7,11,11,4,4,4,11,8,6,5,6,12,11,8,12,,8,,,3,1,3,1,3,3,4,3,1,2,2,3,5,6,5,5,7,1,1,3,4,3,4,2,9,1,1,1,3,1,2,4,6,7,4,4,9,9,9,11,,,2,1,,,3,2,8,2,4,1,3,1,3,4,1,2,5,6,5,1,1,1,1,1,4,7,9,9,,2,,,b'\x11\xea\xec\xc75h\xd1T\xb6\x11#b\xf5\x01\x1b\x0b'
11EAECC7-3568-D154-B611-2362F5011B0B,2011-wnba-reg-season,wnba_com_game_box,11,11,1,11,3,11,11,8,11,10,7,12,8,9,10,8,6,4,11,4,3,7,6,11,11,11,7,8,5,1,1,12,9,6,4,12,11,10,9,12,5,3,11,11,,,8,10,,,11,10,11,3,11,11,8,10,7,8,9,6,4,4,7,6,1,12,6,12,10,5,11,,8,,,11,8,7,2,11,10,8,10,1,1,11,1,10,8,12,8,6,2,2,11,11,11,1,1,9,4,9,5,1,3,4,8,9,8,8,9,12,12,11,12,,,8,8,,,11,2,11,10,11,8,7,2,10,8,1,1,10,8,8,2,2,4,5,3,8,8,12,11,,8,,,b'\x11\xea\xec\xc75h\xd1T\xb6\x11#b\xf5\x01\x1b\x0b'
11EAECC7-3568-D154-B611-2362F5011B0B,2012-wnba-reg-season,wnba_com_game_box,12,12,1,12,9,12,11,11,10,8,7,9,11,12,10,11,11,11,12,10,11,11,11,11,11,11,11,11,8,8,5,11,9,11,8,10,6,10,10,10,7,6,8,8,,,9,10,,,11,11,11,9,12,11,11,8,7,11,12,11,11,10,11,11,8,11,11,10,10,7,8,,9,,,11,9,8,1,11,12,8,11,1,1,9,1,10,10,11,10,9,2,1,11,11,10,1,1,11,2,9,4,5,3,8,10,10,8,5,10,8,11,8,7,,,11,10,,,11,2,12,10,11,9,8,1,12,8,1,1,10,10,10,2,1,2,4,3,10,8,8,8,,11,,,b'\x11\xea\xec\xc75h\xd1T\xb6\x11#b\xf5\x01\x1b\x0b'
11EAECC7-3568-D154-B611-2362F5011B0B,2013-wnba-pst-season,wnba_com_game_box,5,2,5,5,5,6,6,6,7,6,6,7,4,5,3,3,7,6,7,6,3,6,6,6,7,8,3,2,5,6,6,5,8,6,6,5,1,4,7,6,5,7,5,5,,,4,5,,,4,6,5,1,7,7,5,8,6,2,2,7,5,5,6,5,5,2,4,4,7,6,5,,7,,,5,3,3,4,1,3,4,1,5,3,5,4,4,4,6,4,4,4,4,1,1,1,6,5,7,5,8,4,6,5,6,3,6,5,4,4,4,6,4,5,,,6,3,,,4,3,7,2,3,2,1,8,1,8,4,5,4,4,4,8,8,8,7,8,4,3,6,5,,5,,,b'\x11\xea\xec\xc75h\xd1T\xb6\x11#b\xf5\x01\x1b\x0b'
11EAECC7-3568-D154-B611-2362F5011B0B,2013-wnba-reg-season,wnba_com_game_box,5,5,1,5,2,7,7,9,7,8,7,9,7,8,2,8,4,4,5,4,5,7,3,8,7,7,6,5,3,7,6,5,6,5,4,6,4,7,9,7,8,8,9,9,,,11,9,,,6,4,6,2,7,7,9,8,7,7,8,4,4,4,7,3,7,5,5,6,7,8,9,,11,,,6,6,6,8,6,6,7,5,7,9,3,9,7,8,5,9,7,8,8,4,4,5,9,9,7,9,6,5,6,7,4,12,12,8,9,10,5,5,7,6,,,4,6,,,6,8,7,6,7,6,6,8,6,7,7,9,7,8,9,8,8,9,5,7,12,8,5,7,,4,,,b'\x11\xea\xec\xc75h\xd1T\xb6\x11#b\xf5\x01\x1b\x0b'
11EAECC7-3568-D154-B611-2362F5011B0B,2014-wnba-pst-season,wnba_com_game_box,6,2,6,6,6,7,8,8,7,8,8,6,6,5,3,1,6,6,1,6,3,8,7,6,5,6,2,2,3,7,7,6,6,6,4,8,2,3,8,8,8,8,6,5,,,3,8,,,5,6,7,2,7,7,8,7,8,2,1,4,4,4,8,5,6,1,3,6,8,8,5,,8,,,6,1,1,2,1,1,2,1,2,2,3,3,3,3,4,3,8,3,3,1,2,2,8,5,8,4,6,2,7,3,4,1,1,8,8,5,4,8,1,4,,,6,4,,,5,2,7,4,6,3,1,5,1,5,5,5,8,8,8,8,8,8,4,7,1,8,8,1,,4,,,b'\x11\xea\xec\xc75h\xd1T\xb6\x11#b\xf5\x01\x1b\x0b'
11EAECC7-3568-D154-B611-2362F5011B0B,2014-wnba-reg-season,wnba_com_game_box,4,4,1,4,1,9,9,9,9,9,11,7,4,4,8,3,8,9,4,9,6,11,6,7,8,10,5,3,8,5,5,4,9,2,3,6,6,11,11,10,11,11,9,9,,,7,9,,,4,9,10,1,9,9,9,9,11,4,4,8,9,9,11,6,5,4,2,6,11,11,9,,7,,,4,1,2,9,2,5,11,1,3,5,5,4,3,7,1,7,3,9,7,2,2,2,4,6,5,11,9,2,5,6,3,4,5,12,12,8,11,10,2,2,,,10,10,,,4,4,9,3,4,1,2,9,5,11,3,5,3,7,7,9,7,11,2,6,4,12,11,2,,10,,,b'\x11\xea\xec\xc75h\xd1T\xb6\x11#b\xf5\x01\x1b\x0b'
11EAECC7-3568-D154-B611-2362F5011B0B,2015-wnba-pst-season,wnba_com_game_box,5,1,5,5,5,6,7,6,7,7,7,7,4,4,2,1,5,5,6,5,1,6,6,6,5,4,1,1,3,7,7,5,6,7,8,7,4,2,2,2,6,7,6,4,,,2,3,,,7,5,7,1,3,7,4,7,7,1,2,3,3,2,3,4,7,2,7,6,2,7,3,,6,,,7,3,3,4,5,3,4,4,3,3,6,1,3,3,3,3,3,4,4,3,3,6,2,4,4,3,6,4,7,4,8,5,5,6,6,7,3,7,1,3,,,5,1,,,7,4,7,6,6,6,6,7,6,8,4,2,6,6,6,8,8,6,6,6,8,6,7,2,,2,,,b'\x11\xea\xec\xc75h\xd1T\xb6\x11#b\xf5\x01\x1b\x0b'
11EAECC7-3568-D154-B611-2362F5011B0B,2015-wnba-reg-season,wnba_com_game_box,6,6,1,6,4,10,9,9,9,11,11,8,3,3,2,2,9,8,7,8,6,9,9,6,7,6,2,1,9,8,8,8,12,9,10,3,1,5,6,3,9,8,3,3,,,7,8,,,5,11,11,4,10,9,9,11,11,3,3,9,8,8,9,9,8,8,9,3,5,9,3,,7,,,5,2,2,8,3,6,10,3,2,2,3,2,3,3,11,3,3,6,7,2,2,2,2,2,6,12,12,7,8,11,10,2,2,5,6,5,2,4,3,7,,,4,3,,,5,2,7,3,5,2,2,8,6,10,2,2,3,3,3,6,7,12,7,11,2,5,2,3,,4,,,b'\x11\xea\xec\xc75h\xd1T\xb6\x11#b\xf5\x01\x1b\x0b'
11EAECC7-3568-D154-B611-2362F5011B0B,2016-wnba-reg-season,wnba_com_game_box,10,10,1,10,3,10,10,7,9,12,11,9,2,3,4,3,4,5,7,4,4,7,9,8,7,6,2,2,4,9,8,7,10,7,11,7,5,2,2,4,12,12,11,11,,,4,7,,,9,8,10,3,10,10,7,12,11,2,3,4,5,4,7,9,9,7,7,7,2,12,11,,4,,,9,7,8,6,8,7,8,7,8,7,7,7,4,5,7,5,5,7,5,8,7,8,5,7,4,11,10,9,8,10,11,9,10,9,9,11,1,1,7,10,,,5,3,,,9,5,7,10,9,7,8,6,7,8,8,7,4,5,5,7,5,11,9,10,9,9,1,7,,5,,,b'\x11\xea\xec\xc75h\xd1T\xb6\x11#b\xf5\x01\x1b\x0b'
11EAECC7-3568-D154-B611-2362F5011B0B,2017-wnba-pst-season,wnba_com_game_box,3,6,3,3,3,3,3,3,6,3,3,7,3,3,3,4,4,4,6,4,6,3,3,6,6,4,3,3,6,2,1,4,6,3,3,4,7,5,2,2,4,7,2,1,,,5,2,,,8,3,6,1,3,4,2,5,4,3,3,6,7,7,2,3,1,8,4,4,2,7,2,,2,,,4,6,6,6,8,6,5,8,6,6,5,5,5,5,1,5,2,5,5,7,6,6,2,5,2,5,6,6,1,6,3,6,4,4,5,7,5,3,6,3,,,4,7,,,8,5,1,6,4,6,8,6,8,6,6,6,2,2,2,5,3,3,6,5,8,5,3,4,,6,,,b'\x11\xea\xec\xc75h\xd1T\xb6\x11#b\xf5\x01\x1b\x0b'
11EAECC7-3568-D154-B611-2362F5011B0B,2017-wnba-reg-season,wnba_com_game_box,5,5,1,5,7,8,10,6,10,12,10,8,2,1,10,2,3,4,1,3,3,4,6,7,7,6,2,2,3,3,4,4,6,3,4,10,8,1,2,5,10,9,2,4,,,4,5,,,5,11,8,7,8,10,6,12,10,2,1,3,4,3,4,6,3,4,3,10,1,10,2,,4,,,5,4,8,11,4,4,10,2,11,4,11,5,4,4,4,4,2,10,6,6,3,7,6,10,3,10,6,6,4,7,4,8,8,11,11,10,1,1,6,7,,,4,4,,,5,5,5,7,5,4,8,11,4,10,11,4,4,4,4,10,6,10,6,7,8,11,1,6,,4,,,b'\x11\xea\xec\xc75h\xd1T\xb6\x11#b\xf5\x01\x1b\x0b'
11EAECC7-3568-D154-B611-2362F5011B0B,2018-wnba-pst-season,wnba_sr_game_summary,2,8,1,4,1,1,1,1,6,1,1,4,2,1,6,3,1,1,1,1,2,1,1,6,4,5,3,5,2,1,5,1,8,1,6,2,3,8,3,5,1,3,1,3,8,2,8,5,1,8,3,1,4,3,4,6,5,7,6,4,3,2,3,3,4,4,5,4,4,4,3,2,3,2,4,3,5,3,8,8,8,3,7,8,3,8,7,3,1,8,8,2,8,5,8,8,2,1,1,3,3,6,8,8,8,5,8,6,8,4,1,2,1,7,3,8,2,1,3,1,2,8,1,3,8,5,2,3,2,3,4,3,7,3,3,6,7,7,5,6,7,5,6,3,2,3,2,3,3,4,3,b'\x11\xea\xec\xc75h\xd1T\xb6\x11#b\xf5\x01\x1b\x0b'
11EAECC7-3568-D154-B611-2362F5011B0B,2018-wnba-reg-season,wnba_sr_game_summary,3,3,11,3,12,6,10,11,7,11,11,5,3,3,5,3,5,7,1,7,4,12,12,4,3,3,2,2,5,8,6,12,10,11,8,11,10,1,3,5,5,4,7,5,2,2,5,9,9,3,3,12,11,7,5,6,9,11,11,3,3,5,6,6,8,11,8,12,11,11,3,5,7,2,6,7,4,3,3,2,2,7,2,2,9,4,4,4,9,6,5,12,5,8,2,1,6,7,7,7,8,8,8,10,4,6,4,8,5,7,7,4,6,2,2,2,2,7,5,9,5,5,2,3,1,3,7,3,5,6,3,5,4,4,7,6,6,6,3,3,9,7,5,6,4,2,2,7,7,6,2,b'\x11\xea\xec\xc75h\xd1T\xb6\x11#b\xf5\x01\x1b\x0b'
11EAECC7-3568-D154-B611-2362F5011B0B,2019-wnba-pst-season,wnba_sr_game_summary,1,5,1,1,1,1,1,1,3,1,2,3,1,1,2,1,1,1,2,1,4,1,1,1,1,1,2,1,4,2,5,1,7,2,6,1,5,7,2,2,1,6,1,6,6,1,8,5,1,6,3,1,6,1,3,3,4,5,7,1,2,4,6,6,4,7,6,8,8,4,1,5,5,1,5,6,1,3,8,8,8,7,8,8,4,7,7,5,2,8,8,7,8,4,8,8,4,6,5,2,2,6,8,7,8,5,8,6,8,5,1,6,6,7,1,6,1,1,6,1,5,8,1,3,8,1,6,3,6,5,4,7,7,2,2,6,5,6,4,4,6,4,4,6,5,1,1,5,6,5,4,b'\x11\xea\xec\xc75h\xd1T\xb6\x11#b\xf5\x01\x1b\x0b'
11EAECC7-3568-D154-B611-2362F5011B0B,2019-wnba-reg-season,wnba_sr_game_summary,1,1,1,1,3,1,1,5,1,4,11,1,1,1,2,1,4,9,1,9,4,4,9,1,1,1,1,1,9,10,6,10,4,10,5,1,5,1,1,1,5,5,2,2,1,1,1,1,7,1,1,9,9,3,1,1,5,4,11,1,1,4,9,9,4,9,10,10,10,1,1,5,2,1,1,7,1,1,4,7,5,8,7,6,8,5,3,7,5,3,3,10,3,2,5,3,8,6,7,3,5,3,6,4,2,6,2,5,4,5,5,5,5,1,1,1,1,2,2,7,5,1,3,1,4,1,6,1,4,7,5,7,6,5,3,3,3,3,5,3,6,2,2,4,5,1,1,2,7,1,3,b'\x11\xea\xec\xc75h\xd1T\xb6\x11#b\xf5\x01\x1b\x0b'
11EAECC7-3568-D154-B611-2362F5011B0B,2020-wnba-pst-season,wnba_sr_game_summary,6,2,6,6,6,6,6,6,4,6,6,8,6,7,1,7,8,8,4,8,8,6,6,5,5,4,4,3,8,6,2,7,5,7,5,6,8,1,2,2,7,7,6,1,3,8,2,8,6,2,4,6,5,1,2,2,1,4,2,4,6,8,8,7,1,1,2,6,5,4,2,7,1,8,4,1,2,4,2,2,1,6,1,1,3,3,3,8,7,2,2,1,2,8,1,1,7,8,8,8,8,6,2,5,2,2,1,5,1,2,7,4,4,1,2,3,8,6,1,6,3,2,6,4,1,4,7,5,6,3,1,1,1,8,7,7,7,7,1,1,4,5,4,3,6,2,8,1,1,4,3,b'\x11\xea\xec\xc75h\xd1T\xb6\x11#b\xf5\x01\x1b\x0b'
11EAECC7-3568-D154-B611-2362F5011B0B,2020-wnba-reg-season,wnba_sr_game_summary,8,8,1,8,1,11,9,5,9,10,9,7,4,4,9,3,10,11,2,11,9,7,11,8,8,8,5,3,10,10,11,11,5,11,11,7,3,3,4,3,6,6,12,12,2,3,4,4,9,1,8,11,12,1,11,9,5,10,9,4,4,10,11,11,7,11,10,11,11,7,3,6,12,2,4,9,1,8,6,5,1,10,5,3,10,8,6,9,7,4,4,4,4,6,1,1,12,10,8,7,8,4,2,5,10,11,8,11,1,3,4,4,2,2,3,2,3,12,12,9,9,4,4,8,1,9,8,8,6,5,1,5,3,8,6,4,4,4,1,1,2,10,8,1,4,2,2,12,9,4,4,b'\x11\xea\xec\xc75h\xd1T\xb6\x11#b\xf5\x01\x1b\x0b'
11EAECC7-3568-D154-B611-2362F5011B0B,2021-wnba-reg-season,wnba_sr_game_summary,8,8,1,8,10,7,10,5,12,11,11,8,2,2,10,2,7,5,8,5,2,5,6,9,9,7,2,2,6,6,8,9,6,11,10,7,6,3,3,5,6,6,12,12,2,6,4,5,7,7,8,8,6,10,7,10,5,11,11,2,2,7,5,5,5,6,6,9,11,7,3,6,12,2,4,7,7,8,9,10,4,12,10,6,11,10,3,11,3,7,6,4,6,8,3,4,11,11,11,6,7,4,4,6,10,8,10,10,6,2,4,5,6,7,7,2,6,12,12,7,7,4,6,8,6,8,10,9,9,10,4,10,6,10,3,7,6,6,3,4,4,10,10,6,4,7,2,12,7,4,6,b'\x11\xea\xec\xc75h\xd1T\xb6\x11#b\xf5\x01\x1b\x0b'
11EAECC7-3568-D154-B611-2362F5011B0B,2022-wnba-pst-season,wnba_sr_game_summary,7,1,7,7,7,7,7,8,2,8,8,6,5,7,1,2,7,8,3,7,3,8,8,2,2,3,1,1,7,8,4,8,7,8,7,7,5,1,5,3,7,3,6,2,1,3,1,4,8,1,5,8,8,3,3,5,6,8,7,1,3,6,6,5,7,8,5,8,8,4,4,3,5,3,1,7,1,5,1,1,1,8,2,2,6,3,1,8,6,1,2,6,1,7,1,1,7,7,7,7,7,3,2,7,1,4,1,7,1,6,8,4,7,1,5,1,3,6,2,8,7,1,7,5,1,3,8,6,6,6,1,3,3,7,4,6,7,4,1,1,5,2,2,6,5,3,3,5,7,1,4,b'\x11\xea\xec\xc75h\xd1T\xb6\x11#b\xf5\x01\x1b\x0b'
11EAECC7-3568-D154-B611-2362F5011B0B,2022-wnba-reg-season,wnba_sr_game_summary,4,4,1,4,1,8,8,10,7,7,8,6,6,6,10,5,8,8,9,8,5,11,12,7,8,7,7,6,8,6,6,6,1,5,3,7,4,4,4,4,6,4,8,6,6,6,3,4,9,1,4,12,12,1,8,8,10,7,8,6,6,8,8,8,11,12,6,6,5,7,4,6,8,6,3,9,1,4,1,1,1,2,2,4,3,5,5,4,7,3,4,1,5,5,1,1,4,4,2,6,7,6,1,1,5,6,4,3,2,2,4,3,2,5,6,6,6,8,6,9,5,3,1,4,1,7,1,5,1,1,1,2,4,5,5,3,4,5,1,1,1,5,4,2,4,5,6,8,9,3,1,b'\x11\xea\xec\xc75h\xd1T\xb6\x11#b\xf5\x01\x1b\x0b'
11EAECC7-3568-D154-B611-2362F5011B0B,2023-wnba-pst-season,wnba_sr_game_summary,6,2,6,6,6,6,6,6,6,6,6,5,7,6,8,7,7,7,5,7,8,6,7,7,7,6,8,8,7,5,2,7,7,6,6,6,2,1,1,1,6,3,6,5,4,8,3,8,7,1,5,7,6,1,5,3,1,1,2,7,2,6,6,6,2,3,2,4,3,2,1,2,4,8,8,5,1,5,2,2,3,4,2,1,7,3,3,1,6,2,1,7,1,4,3,2,3,2,4,2,3,6,4,7,1,2,1,6,1,3,7,7,5,1,4,4,8,6,5,7,6,3,5,5,2,6,5,5,7,7,8,7,6,3,8,6,6,5,8,7,8,6,6,4,4,3,8,4,5,8,2,b'\x11\xea\xec\xc75h\xd1T\xb6\x11#b\xf5\x01\x1b\x0b'
11EAECC7-3568-D154-B611-2362F5011B0B,2023-wnba-reg-season,wnba_sr_game_summary,5,5,1,5,7,8,9,10,9,10,8,8,5,4,7,4,6,8,3,8,6,10,11,8,6,5,4,5,4,11,12,7,4,10,12,7,6,2,3,5,4,4,9,9,2,2,8,9,5,4,5,8,6,7,8,9,10,10,8,5,4,6,8,8,10,11,11,7,10,7,2,4,9,2,8,5,4,5,5,2,2,5,1,1,6,9,11,7,10,9,9,5,9,11,3,4,5,6,4,11,10,9,2,4,12,12,11,12,5,12,3,3,3,6,6,2,2,9,9,5,4,8,5,5,6,7,4,5,5,2,2,1,1,9,11,9,9,9,3,4,2,12,11,5,3,6,2,9,5,8,5,b'\x11\xea\xec\xc75h\xd1T\xb6\x11#b\xf5\x01\x1b\x0b'
11EAECC7-3568-D154-B611-2362F5011B0B,2024-wnba-reg-season,wnba_sr_game_summary,9,9,1,9,4,9,10,9,9,12,10,9,2,2,2,2,12,12,9,12,8,12,8,5,6,9,2,1,12,10,10,11,8,12,11,3,2,12,12,7,6,7,11,11,3,3,10,11,1,8,8,5,6,4,9,10,9,12,10,2,2,12,12,12,12,8,10,11,12,3,12,6,11,3,10,1,8,8,7,6,2,9,4,2,10,7,9,6,10,10,10,9,11,12,3,7,9,9,7,10,8,12,7,8,11,10,9,11,6,6,3,3,4,11,11,3,3,11,11,1,2,10,1,8,8,9,7,8,7,6,2,4,2,7,9,10,10,11,3,7,7,11,9,6,3,11,3,11,1,10,1,b'\x11\xea\xec\xc75h\xd1T\xb6\x11#b\xf5\x01\x1b\x0b'
11EAECC7-3568-D154-B611-2362F5011B0B,2025-wnba-reg-season,wnba_sr_game_summary,10,10,1,10,3,11,11,13,7,5,4,9,13,13,10,13,3,1,13,1,5,13,11,9,10,10,13,13,1,11,10,8,2,11,6,11,7,12,12,11,12,12,10,10,7,4,10,10,1,9,10,10,10,3,11,11,13,5,4,13,13,3,1,1,13,11,11,8,11,11,12,12,10,7,10,1,9,10,9,6,4,8,5,3,12,7,7,7,8,9,8,10,9,10,4,3,9,9,9,7,6,8,2,2,6,10,2,6,8,6,6,6,7,11,11,7,4,10,10,1,1,10,2,10,6,11,9,10,9,6,4,5,3,7,7,9,8,9,4,3,2,6,2,8,6,11,7,10,1,10,2,b'\x11\xea\xec\xc75h\xd1T\xb6\x11#b\xf5\x01\x1b\x0b'
11EAECC7-3568-D154-B611-2362F5011B0B,all-wnba-pst-season,wnba_box,13,11,10,15,10,10,10,10,8,10,11,8,9,9,5,5,10,11,8,11,11,10,10,7,7,5,5,5,13,11,13,10,16,10,16,10,13,8,1,3,12,17,11,10,11,12,9,10,7,11,18,10,9,4,6,6,4,9,8,5,4,9,13,13,6,8,9,12,11,9,1,17,6,13,14,5,10,15,9,9,9,16,9,9,15,9,9,17,9,8,9,8,9,12,9,9,16,17,17,6,9,10,9,16,9,13,9,16,9,6,12,16,16,9,2,7,3,8,5,10,13,12,4,18,9,4,17,15,13,14,15,15,14,12,9,14,16,16,14,14,17,15,17,15,16,2,5,4,13,14,3,b'\x11\xea\xec\xc75h\xd1T\xb6\x11#b\xf5\x01\x1b\x0b'
11EAECC7-3568-D154-B611-2362F5011B0B,all-wnba-reg-season,wnba_box,8,18,6,17,6,8,8,7,11,8,6,11,4,3,10,6,5,5,12,5,9,7,6,10,12,11,6,6,13,3,12,7,10,7,12,7,13,15,12,11,7,13,8,16,8,7,15,12,7,8,18,6,10,7,12,11,11,10,9,7,6,13,9,9,11,10,11,12,10,11,13,12,14,7,13,6,8,16,14,14,14,17,15,14,16,13,13,15,8,15,15,9,15,10,14,14,16,17,14,10,10,10,15,10,14,12,14,12,15,13,6,10,13,15,10,12,5,10,12,5,10,11,2,18,14,13,14,16,11,13,8,12,12,10,8,13,13,13,9,11,7,12,10,13,12,9,6,12,10,11,5,b'\x11\xea\xec\xc75h\xd1T\xb6\x11#b\xf5\x01\x1b\x0b'
11EAECC7-356C-1364-B611-2362F5011B0B,2008-wnba-reg-season,wnba_com_game_box,14,14,1,14,10,10,11,5,14,12,9,13,5,5,7,5,9,8,10,9,8,5,4,14,13,13,3,4,7,11,13,13,14,14,14,12,11,11,10,12,6,8,6,7,,,14,13,,,14,2,2,10,10,11,5,12,9,5,5,9,8,9,5,4,11,13,14,12,11,6,6,,14,,,14,13,13,10,13,14,10,13,6,6,9,3,13,13,1,13,13,13,13,13,14,13,8,4,14,13,14,14,13,13,14,14,14,5,8,13,13,12,9,10,,,5,8,,,14,13,13,13,14,13,13,10,14,10,6,6,13,13,13,13,13,13,14,13,14,5,13,9,,5,,,b'\x11\xea\xec\xc75l\x13d\xb6\x11#b\xf5\x01\x1b\x0b'
11EAECC7-356C-1364-B611-2362F5011B0B,2009-wnba-pst-season,wnba_com_game_box,7,1,7,7,8,7,8,8,5,8,8,6,7,8,2,7,7,5,8,5,1,7,7,5,5,6,4,4,2,7,4,8,4,8,6,7,4,3,8,7,8,7,8,8,,,1,5,,,7,7,1,4,3,6,4,5,3,4,6,1,1,1,1,1,4,6,6,4,8,5,8,,5,,,7,2,2,2,7,3,2,7,2,1,6,1,1,1,5,1,1,1,1,7,7,7,1,2,2,1,4,1,4,1,6,2,6,7,4,6,2,4,1,2,,,5,1,,,7,2,6,6,7,7,7,8,8,8,2,2,4,3,3,6,7,2,5,4,8,3,5,1,,1,,,b'\x11\xea\xec\xc75l\x13d\xb6\x11#b\xf5\x01\x1b\x0b'
11EAECC7-356C-1364-B611-2362F5011B0B,2009-wnba-reg-season,wnba_com_game_box,4,4,1,4,4,2,2,2,2,1,1,2,13,13,12,13,6,3,10,3,12,2,1,6,6,6,13,13,9,1,3,3,6,1,4,6,12,12,9,12,2,3,7,10,,,12,9,,,4,2,2,4,2,2,2,1,1,13,13,6,3,3,2,1,1,3,1,6,12,2,7,,12,,,4,11,9,12,5,10,12,4,5,6,7,3,11,11,6,11,12,12,12,4,4,4,8,4,12,10,6,7,3,9,4,12,12,2,5,7,13,13,9,2,,,4,10,,,4,12,4,4,4,11,9,12,10,12,5,6,11,11,11,12,12,10,7,9,12,2,13,9,,4,,,b'\x11\xea\xec\xc75l\x13d\xb6\x11#b\xf5\x01\x1b\x0b'
11EAECC7-356C-1364-B611-2362F5011B0B,2010-wnba-pst-season,wnba_com_game_box,2,7,1,2,1,1,1,1,3,1,1,3,3,2,6,8,1,1,8,1,5,1,1,4,4,3,8,8,4,1,1,1,2,1,1,2,4,7,2,2,1,3,1,2,,,8,7,,,2,1,2,1,2,2,1,1,1,8,8,2,2,2,2,2,2,2,1,4,4,2,1,,7,,,2,8,8,7,4,8,7,5,7,8,1,5,8,8,2,8,6,8,8,3,3,3,5,4,7,8,2,7,1,7,1,8,3,1,3,2,7,3,6,2,,,1,2,,,2,8,2,2,3,5,4,4,6,3,3,6,6,7,6,5,7,4,1,1,4,2,5,3,,2,,,b'\x11\xea\xec\xc75l\x13d\xb6\x11#b\xf5\x01\x1b\x0b'
11EAECC7-356C-1364-B611-2362F5011B0B,2010-wnba-reg-season,wnba_com_game_box,5,5,1,5,8,2,2,1,6,1,1,4,12,12,12,12,3,1,12,1,7,1,1,10,10,10,12,12,4,1,2,2,4,1,3,2,6,10,7,6,3,8,5,5,,,12,7,,,5,2,1,8,2,2,1,1,1,12,12,3,1,1,1,1,1,2,1,2,10,3,5,,12,,,5,10,8,10,5,11,11,5,2,3,1,1,12,12,3,12,9,11,11,4,5,4,3,1,11,5,4,7,2,7,3,10,10,3,7,6,11,10,11,6,,,1,4,,,5,11,7,4,5,10,8,10,11,11,2,3,12,12,12,11,11,5,7,7,10,3,11,11,,1,,,b'\x11\xea\xec\xc75l\x13d\xb6\x11#b\xf5\x01\x1b\x0b'
11EAECC7-356C-1364-B611-2362F5011B0B,2011-wnba-pst-season,wnba_com_game_box,2,8,1,2,1,2,2,1,4,2,1,6,3,4,4,8,2,1,8,1,5,1,1,7,8,6,8,8,3,1,3,2,5,2,3,2,6,6,1,2,1,1,2,6,,,8,2,,,2,1,2,1,2,2,1,2,1,8,8,3,1,1,1,1,2,3,2,5,1,1,6,,5,,,3,8,8,7,3,8,8,3,7,7,7,3,8,8,7,8,6,7,8,5,5,4,6,4,7,8,5,8,3,8,3,8,8,1,2,3,6,3,8,6,,,1,3,,,2,8,4,4,4,7,3,3,4,6,5,3,6,6,6,5,7,6,5,5,8,1,3,8,,2,,,b'\x11\xea\xec\xc75l\x13d\xb6\x11#b\xf5\x01\x1b\x0b'
11EAECC7-356C-1364-B611-2362F5011B0B,2011-wnba-reg-season,wnba_com_game_box,5,5,1,5,3,2,1,1,3,1,1,4,12,12,12,12,2,1,12,1,7,1,1,10,10,9,12,12,4,1,3,5,10,2,3,2,8,6,4,5,1,2,2,2,,,7,4,,,7,1,1,3,2,1,1,1,1,12,12,2,1,1,1,1,1,5,2,2,6,1,2,,7,,,7,10,9,10,8,8,11,5,8,6,9,5,11,11,10,11,5,11,12,7,7,8,9,5,8,10,10,9,3,9,3,7,5,1,2,3,6,3,12,6,,,2,4,,,7,12,8,8,8,10,9,10,8,11,8,6,11,11,11,11,12,10,9,9,7,1,6,12,,2,,,b'\x11\xea\xec\xc75l\x13d\xb6\x11#b\xf5\x01\x1b\x0b'
11EAECC7-356C-1364-B611-2362F5011B0B,2012-wnba-pst-season,wnba_com_game_box,5,1,5,5,6,6,5,5,7,5,5,6,7,8,7,8,6,6,3,6,7,5,5,7,7,7,8,8,8,5,5,6,8,6,7,6,6,4,3,6,3,1,4,2,,,4,7,,,7,5,2,3,6,3,2,2,1,8,8,7,7,7,2,2,2,7,6,5,6,1,1,,7,,,6,4,4,3,6,4,3,7,4,4,1,5,5,5,1,5,8,3,4,6,7,4,5,3,6,4,8,4,5,4,7,3,2,3,1,1,3,4,6,6,,,6,7,,,7,4,7,6,6,6,6,1,6,2,3,5,6,6,6,3,8,8,6,7,3,1,6,8,,6,,,b'\x11\xea\xec\xc75l\x13d\xb6\x11#b\xf5\x01\x1b\x0b'
11EAECC7-356C-1364-B611-2362F5011B0B,2012-wnba-reg-season,wnba_com_game_box,6,6,1,6,2,5,5,4,5,3,1,5,11,11,11,12,4,1,9,1,6,3,2,9,8,8,12,12,4,6,7,5,3,5,5,3,4,8,8,6,1,3,2,3,,,5,3,,,6,1,3,2,5,5,4,3,1,11,11,4,1,1,3,2,6,5,5,3,8,1,2,,5,,,6,4,4,8,3,4,9,2,4,4,8,3,8,5,9,4,4,8,10,4,4,1,6,5,8,6,3,8,7,8,5,7,9,2,3,2,12,10,5,4,,,2,5,,,6,10,7,1,6,4,4,8,4,9,4,4,8,5,4,8,10,6,8,8,7,2,12,5,,2,,,b'\x11\xea\xec\xc75l\x13d\xb6\x11#b\xf5\x01\x1b\x0b'
11EAECC7-356C-1364-B611-2362F5011B0B,2013-wnba-pst-season,wnba_com_game_box,2,8,1,2,1,2,2,1,6,2,1,6,1,1,5,5,1,1,5,2,6,1,1,7,8,7,4,4,4,1,2,2,6,1,4,2,6,8,3,5,1,1,2,3,,,8,6,,,7,1,4,1,5,5,2,4,2,4,5,5,5,6,2,2,2,7,3,5,3,1,3,,4,,,4,8,8,8,4,8,8,5,8,7,6,5,8,8,3,8,6,8,8,6,6,4,7,6,5,8,6,8,2,8,4,8,7,1,1,3,7,3,8,6,,,1,5,,,7,8,6,3,6,5,4,3,5,2,7,4,5,6,6,3,4,5,5,4,5,1,3,6,,4,,,b'\x11\xea\xec\xc75l\x13d\xb6\x11#b\xf5\x01\x1b\x0b'
11EAECC7-356C-1364-B611-2362F5011B0B,2013-wnba-reg-season,wnba_com_game_box,5,5,1,5,6,6,3,1,4,3,3,5,11,9,12,9,7,5,11,5,7,1,1,7,8,8,10,11,7,1,5,7,7,4,7,4,7,9,7,6,1,2,5,5,,,10,6,,,4,1,1,6,6,3,1,3,3,11,9,7,5,5,1,1,1,7,4,4,9,1,5,,10,,,4,6,5,5,7,8,8,6,2,3,6,2,11,11,8,11,8,6,12,6,7,2,4,2,10,8,7,9,5,9,7,4,7,1,2,2,7,6,5,4,,,9,10,,,4,12,9,2,4,6,5,5,8,8,2,3,11,11,11,6,12,8,9,9,4,1,7,5,,9,,,b'\x11\xea\xec\xc75l\x13d\xb6\x11#b\xf5\x01\x1b\x0b'
11EAECC7-356C-1364-B611-2362F5011B0B,2014-wnba-pst-season,wnba_com_game_box,5,2,5,5,5,5,5,5,4,5,5,4,6,6,2,7,5,5,6,5,4,5,5,3,3,3,6,7,4,5,2,5,2,5,1,5,1,4,3,2,5,5,6,8,,,4,5,,,2,5,2,4,3,4,3,4,2,5,7,3,3,3,3,3,3,3,2,1,3,4,8,,6,,,2,4,4,4,5,4,4,5,4,4,1,6,4,4,2,4,7,4,4,4,5,4,4,3,6,2,2,4,2,4,1,4,7,5,3,6,2,2,4,2,,,5,3,,,2,4,3,3,2,4,4,3,3,4,3,6,6,7,7,4,7,2,3,1,7,3,2,4,,3,,,b'\x11\xea\xec\xc75l\x13d\xb6\x11#b\xf5\x01\x1b\x0b'
11EAECC7-356C-1364-B611-2362F5011B0B,2014-wnba-reg-season,wnba_com_game_box,3,3,1,3,1,4,4,1,6,3,4,6,7,7,12,7,6,3,12,3,4,1,1,8,10,9,7,8,6,1,2,3,4,1,1,3,2,12,9,5,1,1,3,4,,,9,6,,,3,1,1,1,4,4,1,3,4,7,7,6,3,3,1,1,1,3,1,3,12,1,3,,9,,,3,10,7,8,6,4,8,3,11,7,11,8,9,9,2,9,9,10,12,5,6,3,11,10,9,9,4,9,2,10,1,12,12,1,1,3,12,11,5,4,,,2,6,,,3,12,6,2,3,10,7,8,4,8,11,7,9,9,9,10,12,9,9,10,12,1,12,5,,2,,,b'\x11\xea\xec\xc75l\x13d\xb6\x11#b\xf5\x01\x1b\x0b'
11EAECC7-356C-1364-B611-2362F5011B0B,2015-wnba-reg-season,wnba_com_game_box,8,8,1,8,4,2,5,2,10,5,3,10,5,4,9,8,3,3,9,2,3,3,1,10,10,11,4,6,3,2,1,10,8,5,3,7,8,12,11,12,1,1,9,7,,,12,12,,,10,1,1,4,2,5,2,5,3,5,4,3,3,2,3,1,2,10,5,7,12,1,9,,12,,,10,12,7,3,8,5,2,9,11,9,8,9,12,12,8,12,12,10,11,10,12,10,11,7,12,6,8,1,1,2,3,10,11,2,2,4,12,11,9,8,,,3,4,,,10,11,10,7,10,12,7,3,5,2,11,9,12,12,12,10,11,6,1,2,10,2,12,9,,3,,,b'\x11\xea\xec\xc75l\x13d\xb6\x11#b\xf5\x01\x1b\x0b'
11EAECC7-356C-1364-B611-2362F5011B0B,2016-wnba-pst-season,wnba_com_game_box,5,1,5,3,5,5,5,5,4,5,5,5,4,5,1,4,5,5,7,5,1,5,5,3,3,2,2,3,3,5,1,5,8,5,4,5,4,4,4,3,8,8,5,2,,,4,5,,,3,5,4,1,1,2,4,4,5,1,4,1,1,1,2,3,2,2,1,2,3,8,2,,7,,,3,4,4,4,3,4,4,3,4,4,5,4,4,4,7,4,3,4,4,3,3,5,4,6,2,4,8,4,1,4,4,4,5,5,8,8,4,5,5,7,,,5,2,,,3,4,1,6,3,7,8,8,7,6,6,6,3,3,3,8,8,8,3,7,7,8,6,7,,1,,,b'\x11\xea\xec\xc75l\x13d\xb6\x11#b\xf5\x01\x1b\x0b'
11EAECC7-356C-1364-B611-2362F5011B0B,2016-wnba-reg-season,wnba_com_game_box,5,5,1,5,3,7,8,5,10,6,4,8,12,9,12,9,1,1,11,1,3,2,3,11,11,11,8,12,1,2,1,3,9,2,4,12,12,6,3,12,5,8,3,5,,,6,4,,,10,3,1,3,7,8,5,6,4,12,9,1,1,1,2,3,2,3,2,12,6,5,3,,6,,,10,9,11,12,4,11,12,6,2,6,2,3,8,8,3,8,6,12,12,3,4,4,4,2,7,12,9,6,1,9,4,11,11,6,7,9,8,5,11,11,,,2,4,,,10,12,11,4,8,9,11,12,11,12,2,6,8,8,8,12,12,12,6,9,11,6,8,11,,2,,,b'\x11\xea\xec\xc75l\x13d\xb6\x11#b\xf5\x01\x1b\x0b'
11EAECC7-356C-1364-B611-2362F5011B0B,2017-wnba-reg-season,wnba_com_game_box,9,9,1,9,1,10,7,3,11,5,1,11,12,10,12,12,4,3,11,3,5,3,2,12,12,11,8,12,4,4,7,6,4,5,8,7,6,4,3,6,5,6,2,2,,,9,7,,,9,4,4,1,10,7,3,5,1,12,10,4,3,3,3,2,4,6,5,7,4,5,2,,9,,,9,9,4,7,7,7,6,9,4,8,3,7,11,11,8,11,12,9,10,8,8,6,8,3,12,4,4,12,7,11,8,9,10,4,5,7,7,5,12,11,,,3,5,,,9,10,10,5,8,9,4,7,7,6,4,8,11,11,11,9,10,4,12,11,9,4,7,12,,3,,,b'\x11\xea\xec\xc75l\x13d\xb6\x11#b\xf5\x01\x1b\x0b'
11EAECC7-356C-1364-B611-2362F5011B0B,2018-wnba-pst-season,wnba_sr_game_summary,4,6,4,5,4,4,4,4,7,4,4,6,4,4,3,7,4,4,7,4,3,4,4,7,6,6,6,6,4,3,3,4,7,4,3,4,8,5,6,6,4,7,3,1,5,6,5,7,4,7,7,4,1,3,6,5,2,5,2,6,7,4,2,2,2,1,1,2,1,6,7,7,1,6,8,1,7,4,5,5,5,1,5,5,1,5,5,4,6,5,5,6,5,8,5,5,1,2,2,8,6,8,5,7,5,3,5,3,5,6,4,5,5,5,4,5,6,3,1,4,3,5,3,7,5,6,5,4,5,2,6,2,6,6,6,8,8,8,8,8,8,6,7,4,4,4,6,1,1,8,4,b'\x11\xea\xec\xc75l\x13d\xb6\x11#b\xf5\x01\x1b\x0b'
11EAECC7-356C-1364-B611-2362F5011B0B,2018-wnba-reg-season,wnba_sr_game_summary,2,2,1,2,6,8,8,3,11,5,4,10,9,8,10,9,4,3,12,3,3,2,3,11,11,10,7,10,4,3,4,5,9,3,6,9,7,5,5,9,3,3,1,1,9,9,6,6,3,6,5,2,2,7,8,9,4,5,4,9,8,4,3,3,3,4,3,5,4,9,5,3,1,9,5,4,6,5,4,3,9,1,5,8,2,3,9,2,7,5,6,1,6,3,9,11,1,1,1,5,5,7,10,9,11,4,10,6,7,11,1,2,2,7,5,9,9,1,1,3,4,6,4,5,11,10,1,5,3,2,8,4,8,3,9,4,5,5,8,11,10,11,10,7,1,7,9,1,4,5,4,b'\x11\xea\xec\xc75l\x13d\xb6\x11#b\xf5\x01\x1b\x0b'
11EAECC7-356C-1364-B611-2362F5011B0B,2019-wnba-reg-season,wnba_sr_game_summary,12,12,1,12,3,12,12,7,12,12,8,12,8,2,12,3,6,4,11,4,3,5,5,12,12,12,3,4,3,3,7,3,12,4,11,11,10,6,7,11,10,9,1,1,11,11,8,7,3,5,12,6,7,3,12,12,7,12,8,8,2,6,4,4,5,5,3,3,4,11,6,10,1,11,8,3,5,12,9,8,9,3,9,10,5,4,7,3,4,6,8,2,8,7,9,8,4,3,5,7,4,6,12,12,12,7,12,11,7,7,7,7,8,8,8,11,11,1,1,3,3,8,4,12,6,12,9,12,9,8,9,9,10,4,7,6,8,8,9,8,12,12,12,7,7,8,11,1,3,8,4,b'\x11\xea\xec\xc75l\x13d\xb6\x11#b\xf5\x01\x1b\x0b'
11EAECC7-356C-1364-B611-2362F5011B0B,2020-wnba-reg-season,wnba_sr_game_summary,10,10,1,10,3,9,5,1,7,3,2,10,10,11,6,11,11,10,11,10,12,4,1,9,10,10,11,11,11,3,4,6,7,4,7,10,11,7,6,11,9,9,5,5,9,5,8,7,9,5,10,1,5,3,9,5,1,3,2,10,11,11,10,10,4,1,3,6,4,10,7,9,5,9,8,9,5,10,11,10,9,9,8,7,12,11,9,7,8,9,9,7,9,9,9,8,9,9,10,8,7,8,8,7,9,4,9,7,11,7,10,10,10,9,7,9,5,5,5,9,12,8,9,10,8,11,10,10,11,10,9,8,7,11,9,9,9,9,9,8,8,9,9,11,10,9,9,5,9,8,9,b'\x11\xea\xec\xc75l\x13d\xb6\x11#b\xf5\x01\x1b\x0b'
11EAECC7-356C-1364-B611-2362F5011B0B,2021-wnba-reg-season,wnba_sr_game_summary,11,11,1,11,4,9,5,1,9,2,2,10,10,9,11,10,12,10,12,10,12,1,1,11,12,10,10,10,12,3,4,11,11,9,11,9,12,2,2,4,1,1,2,1,5,2,9,9,11,3,10,4,5,4,9,5,1,2,2,10,9,12,10,10,1,1,3,11,9,9,2,1,2,5,9,11,3,10,10,6,3,10,3,3,9,12,9,12,9,11,11,3,11,11,4,8,12,12,10,11,12,11,8,11,12,4,12,11,12,12,2,2,5,1,1,5,2,2,1,11,11,9,7,10,7,9,11,11,10,6,3,3,3,12,9,11,11,11,4,8,8,12,12,12,2,1,5,2,11,9,7,b'\x11\xea\xec\xc75l\x13d\xb6\x11#b\xf5\x01\x1b\x0b'
11EAECC7-356C-1364-B611-2362F5011B0B,2022-wnba-reg-season,wnba_sr_game_summary,9,9,1,9,5,11,10,5,11,9,5,11,7,7,4,7,10,9,10,9,9,5,3,11,11,11,6,5,9,5,5,7,3,3,5,12,12,11,12,12,4,5,10,10,12,12,10,12,6,11,9,3,3,5,11,10,5,9,5,7,7,10,9,9,5,3,5,7,3,12,11,4,10,12,10,6,11,9,5,2,5,3,1,1,5,8,10,8,10,9,10,2,10,12,6,5,5,7,6,12,10,11,3,3,6,5,6,5,4,10,7,6,5,9,8,12,12,10,10,6,8,10,3,9,7,11,5,10,5,2,5,1,1,8,10,9,10,10,6,5,3,6,6,4,7,9,12,10,6,10,3,b'\x11\xea\xec\xc75l\x13d\xb6\x11#b\xf5\x01\x1b\x0b'
11EAECC7-356C-1364-B611-2362F5011B0B,2023-wnba-pst-season,wnba_sr_game_summary,6,2,6,6,7,7,7,7,7,8,7,8,6,7,1,5,6,6,7,6,4,7,6,6,6,7,1,1,3,8,8,8,8,8,8,7,8,3,7,7,7,5,7,7,3,7,1,4,6,4,7,6,1,3,6,6,3,8,3,1,4,3,2,3,3,2,7,8,8,7,8,4,7,7,6,2,8,7,3,3,1,8,3,3,8,1,1,6,1,3,4,3,4,7,1,3,7,7,7,1,1,4,3,8,2,8,2,8,3,2,6,2,2,2,7,3,7,7,7,6,3,1,5,7,3,7,8,7,8,8,6,8,8,1,1,7,8,8,6,8,7,7,7,6,2,7,7,7,2,6,2,b'\x11\xea\xec\xc75l\x13d\xb6\x11#b\xf5\x01\x1b\x0b'
11EAECC7-356C-1364-B611-2362F5011B0B,2023-wnba-reg-season,wnba_sr_game_summary,5,5,1,5,4,5,7,5,10,4,2,10,12,12,8,12,1,1,8,1,1,2,2,10,10,9,8,11,1,7,8,3,2,3,5,10,10,9,7,9,11,11,2,2,10,7,11,10,1,9,6,1,1,4,5,7,5,4,2,12,12,1,1,1,2,2,7,3,3,10,9,11,2,10,11,1,9,6,7,3,9,3,5,8,3,3,5,3,3,12,12,7,12,10,12,12,3,4,6,8,3,12,4,2,11,8,10,5,1,2,6,8,4,8,8,10,7,2,2,1,2,11,2,6,12,9,6,7,7,3,9,5,8,3,5,12,12,12,12,12,4,11,10,1,6,8,10,2,1,11,2,b'\x11\xea\xec\xc75l\x13d\xb6\x11#b\xf5\x01\x1b\x0b'
11EAECC7-356C-1364-B611-2362F5011B0B,2024-wnba-pst-season,wnba_sr_game_summary,5,1,5,5,5,6,6,8,2,5,6,3,8,8,7,8,6,5,8,5,6,8,7,3,6,6,8,8,6,6,4,7,7,7,5,7,6,3,8,8,6,5,5,2,2,2,2,3,5,1,7,7,6,3,6,2,7,1,3,8,8,6,5,5,8,5,4,6,5,7,7,5,1,5,3,4,1,7,2,2,3,7,2,2,6,3,3,3,4,2,2,8,2,5,2,2,7,7,6,5,3,5,3,7,3,4,3,5,2,6,6,6,6,4,8,2,2,5,2,5,5,2,5,7,2,6,6,7,6,6,6,6,5,5,7,6,6,5,5,5,6,5,5,6,5,8,5,1,4,3,4,b'\x11\xea\xec\xc75l\x13d\xb6\x11#b\xf5\x01\x1b\x0b'
11EAECC7-356C-1364-B611-2362F5011B0B,2024-wnba-reg-season,wnba_sr_game_summary,8,8,1,8,1,12,12,7,12,6,4,12,10,9,11,9,2,2,8,2,6,4,6,12,11,11,8,8,1,3,3,3,3,3,6,12,9,4,4,8,7,6,9,9,7,4,6,7,4,5,7,10,11,1,12,12,7,6,4,10,9,2,2,2,4,6,3,3,3,12,4,7,9,7,6,4,5,7,5,4,4,4,2,3,5,9,8,8,9,6,6,10,6,8,4,2,5,6,6,9,10,7,4,3,9,3,7,6,7,9,7,6,6,3,3,7,4,9,9,4,5,6,7,7,2,11,6,9,5,4,4,2,3,9,8,6,6,6,4,2,4,9,7,7,7,3,7,9,4,6,7,b'\x11\xea\xec\xc75l\x13d\xb6\x11#b\xf5\x01\x1b\x0b'
11EAECC7-356C-1364-B611-2362F5011B0B,2025-wnba-pst-season,wnba_sr_game_summary,5,1,5,5,6,6,6,5,6,5,6,4,8,6,7,5,8,6,8,6,6,6,6,6,7,7,8,7,7,6,3,6,6,6,5,5,4,3,6,5,5,3,6,6,3,1,4,8,7,4,4,6,1,6,6,5,3,3,3,7,5,7,6,6,6,3,3,4,5,5,5,3,4,2,8,6,8,5,2,2,3,2,3,4,2,1,2,1,1,4,4,6,4,7,3,3,2,2,1,2,1,8,4,6,3,3,3,5,2,4,5,5,2,1,2,3,1,6,6,7,6,4,6,4,3,6,2,5,1,1,3,4,7,1,1,8,8,8,6,5,7,5,5,2,4,2,2,4,6,8,5,b'\x11\xea\xec\xc75l\x13d\xb6\x11#b\xf5\x01\x1b\x0b'
11EAECC7-356C-1364-B611-2362F5011B0B,2025-wnba-reg-season,wnba_sr_game_summary,2,2,1,2,3,5,6,6,6,10,11,4,3,2,7,2,7,4,6,3,4,5,8,5,4,3,3,3,8,3,3,1,1,1,1,3,3,2,2,3,11,11,4,6,4,8,1,3,8,3,2,11,12,3,5,6,6,10,11,3,2,7,4,3,5,8,3,1,1,3,2,11,4,4,1,8,3,2,3,4,9,5,11,13,3,1,1,5,1,2,2,4,2,1,6,2,2,1,4,1,1,3,1,1,3,3,1,1,2,1,12,12,10,1,2,4,8,4,6,8,8,1,8,2,2,2,2,2,3,4,9,11,13,1,1,2,2,2,6,2,1,3,1,2,12,1,4,4,8,1,8,b'\x11\xea\xec\xc75l\x13d\xb6\x11#b\xf5\x01\x1b\x0b'
11EAECC7-356C-1364-B611-2362F5011B0B,all-wnba-pst-season,wnba_box,13,8,11,13,11,11,11,11,10,11,10,10,12,12,13,18,11,10,17,10,9,11,11,13,14,14,18,17,8,10,5,11,12,11,7,12,16,9,3,10,10,6,12,9,10,9,8,13,9,10,17,11,1,13,4,4,1,1,1,14,12,5,1,1,1,1,3,7,2,11,13,3,5,11,18,10,11,14,8,8,8,12,8,8,14,7,8,5,6,8,8,11,8,18,8,8,10,14,13,10,6,18,8,12,8,5,8,7,7,5,10,4,4,7,1,8,8,9,10,11,8,10,10,17,8,13,12,14,15,13,13,17,16,8,8,18,18,18,16,18,16,14,15,13,2,5,16,10,3,10,9,b'\x11\xea\xec\xc75l\x13d\xb6\x11#b\xf5\x01\x1b\x0b'
11EAECC7-356C-1364-B611-2362F5011B0B,all-wnba-reg-season,wnba_box,12,8,12,13,12,12,12,12,12,12,12,10,12,12,18,11,12,11,14,11,12,12,12,14,16,13,15,15,11,12,11,12,2,12,7,12,17,8,2,9,11,10,12,3,17,17,8,4,4,14,15,12,1,3,1,1,1,1,1,12,8,3,2,2,1,1,3,2,1,5,14,5,3,18,12,2,18,12,8,8,8,13,8,8,14,8,8,13,16,8,8,18,8,13,8,8,15,15,15,17,15,14,8,2,8,11,8,7,8,17,12,13,16,8,3,8,11,4,2,12,17,15,4,15,8,14,12,14,19,18,18,18,18,17,18,19,18,18,19,19,9,19,19,17,4,16,17,2,7,18,2,b'\x11\xea\xec\xc75l\x13d\xb6\x11#b\xf5\x01\x1b\x0b'
11EAECC7-356F-5524-B611-2362F5011B0B,1997-wnba-pst-season,wnba_com_game_box,2,2,1,2,1,2,1,2,1,1,1,1,3,2,3,4,2,2,4,2,3,2,2,2,2,3,4,4,4,2,2,1,3,1,2,1,2,4,4,2,2,4,1,1,,,4,4,,,2,2,3,1,2,1,3,1,2,3,4,4,3,3,3,3,3,1,1,1,4,4,1,,4,,,2,4,3,4,1,3,4,1,3,4,1,3,4,4,2,4,3,4,4,1,1,1,3,3,3,4,3,3,2,4,2,2,1,2,4,1,4,4,2,2,,,2,4,,,2,4,2,2,2,2,1,3,1,4,3,3,3,3,3,3,3,3,1,2,1,4,4,2,,4,,,b'\x11\xea\xec\xc75oU$\xb6\x11#b\xf5\x01\x1b\x0b'
11EAECC7-356F-5524-B611-2362F5011B0B,1997-wnba-reg-season,wnba_com_game_box,2,2,1,2,1,5,5,5,5,3,5,5,6,5,8,6,4,3,8,3,3,4,3,6,6,7,5,6,4,3,3,5,6,3,5,1,1,7,6,4,3,3,3,4,,,4,3,,,3,2,4,1,5,5,5,3,5,6,5,4,3,3,4,3,3,5,3,1,7,3,3,,4,,,3,3,1,3,1,1,5,1,4,4,6,4,5,4,8,4,4,4,6,1,1,1,8,6,7,5,6,6,3,7,5,2,2,2,2,2,4,5,3,3,,,3,4,,,3,5,7,2,5,3,1,3,1,5,4,4,5,4,4,4,6,5,6,7,2,2,4,3,,3,,,b'\x11\xea\xec\xc75oU$\xb6\x11#b\xf5\x01\x1b\x0b'
11EAECC7-356F-5524-B611-2362F5011B0B,1998-wnba-reg-season,wnba_com_game_box,4,4,1,4,4,8,8,9,4,5,4,6,9,8,4,9,4,5,5,4,6,8,8,6,5,5,8,9,4,6,2,7,2,6,2,3,3,5,6,4,2,2,7,6,,,6,8,,,3,9,9,4,8,8,9,5,4,9,8,4,5,4,8,8,6,7,6,3,5,2,7,,6,,,3,2,1,1,6,1,1,4,2,3,6,3,6,5,3,6,8,1,1,6,5,4,6,4,8,1,2,2,2,1,2,2,3,4,3,2,7,7,1,1,,,5,5,,,3,1,5,2,5,2,1,1,1,1,2,3,6,5,6,1,1,1,2,1,2,4,7,1,,5,,,b'\x11\xea\xec\xc75oU$\xb6\x11#b\xf5\x01\x1b\x0b'
11EAECC7-356F-5524-B611-2362F5011B0B,1999-wnba-pst-season,wnba_com_game_box,2,6,1,2,1,2,1,1,1,1,1,1,1,2,1,2,2,2,5,2,3,2,2,1,2,3,2,1,5,1,2,2,4,2,3,1,1,6,5,3,4,6,2,4,,,6,6,,,6,2,5,1,4,2,5,4,5,1,3,4,4,4,6,6,5,6,6,2,4,6,5,,6,,,4,6,5,5,3,5,5,3,5,5,6,3,6,6,4,6,6,5,5,4,5,6,6,3,6,5,4,5,2,5,3,5,2,2,6,4,6,4,4,1,,,2,3,,,6,5,3,6,4,4,1,1,1,1,3,2,6,6,6,2,2,3,2,2,1,6,4,1,,3,,,b'\x11\xea\xec\xc75oU$\xb6\x11#b\xf5\x01\x1b\x0b'
11EAECC7-356F-5524-B611-2362F5011B0B,1999-wnba-reg-season,wnba_com_game_box,3,3,1,3,10,8,8,9,8,11,10,9,3,6,1,3,10,11,6,10,9,10,11,4,6,4,3,2,11,8,8,11,6,11,9,6,6,3,6,4,3,1,11,8,,,10,11,,,2,11,10,10,8,8,9,11,10,3,6,10,11,10,10,11,8,11,11,6,3,3,11,,10,,,2,1,1,1,3,1,1,8,1,2,1,5,10,9,11,9,12,1,1,2,8,2,9,2,12,2,6,5,8,1,9,1,5,2,1,1,6,7,2,2,,,12,12,,,2,1,5,3,3,1,1,1,1,1,1,2,10,9,9,1,1,2,5,1,1,2,6,2,,12,,,b'\x11\xea\xec\xc75oU$\xb6\x11#b\xf5\x01\x1b\x0b'
11EAECC7-356F-5524-B611-2362F5011B0B,2000-wnba-pst-season,wnba_com_game_box,2,7,1,2,1,1,1,1,4,1,1,4,3,3,3,8,2,2,3,2,7,1,1,4,5,5,6,7,5,3,4,1,5,2,5,1,2,8,7,5,1,1,1,3,,,8,6,,,2,1,7,2,5,4,7,2,2,5,8,5,7,7,6,6,5,5,5,4,6,1,3,,6,,,4,8,8,8,2,8,8,2,7,7,3,4,8,8,4,8,5,8,8,2,4,2,4,3,5,8,5,8,4,8,5,8,5,1,1,2,8,7,7,5,,,2,5,,,2,8,5,2,3,2,2,2,2,2,2,4,4,5,5,2,4,4,4,5,2,1,6,4,,5,,,b'\x11\xea\xec\xc75oU$\xb6\x11#b\xf5\x01\x1b\x0b'
11EAECC7-356F-5524-B611-2362F5011B0B,2000-wnba-reg-season,wnba_com_game_box,3,3,1,3,5,12,11,11,9,10,9,9,8,8,4,8,11,13,6,13,13,14,14,10,9,7,8,6,10,11,11,4,9,8,10,12,11,6,6,7,11,10,8,7,,,5,7,,,5,12,15,5,12,11,11,10,9,8,8,11,13,13,14,14,11,4,8,12,6,11,8,,5,,,5,3,2,5,3,3,5,5,4,10,1,13,7,7,9,7,8,5,4,3,3,3,8,7,8,11,9,9,11,9,10,3,7,13,9,9,1,2,4,4,,,10,6,,,5,4,9,4,5,3,2,5,3,5,4,10,7,7,7,5,4,11,9,9,3,13,1,4,,10,,,b'\x11\xea\xec\xc75oU$\xb6\x11#b\xf5\x01\x1b\x0b'
11EAECC7-356F-5524-B611-2362F5011B0B,2001-wnba-pst-season,wnba_com_game_box,3,7,3,3,3,4,3,4,3,3,3,4,4,4,3,5,4,4,7,4,6,4,3,3,6,6,6,4,8,3,3,3,3,3,3,3,3,6,5,4,3,2,3,6,,,6,5,,,3,4,7,1,7,6,6,4,6,5,5,8,7,6,7,7,5,5,5,4,4,2,7,,1,,,3,5,5,5,1,5,5,1,6,5,6,5,5,6,2,7,7,5,6,1,2,1,7,6,7,6,3,5,3,5,3,5,3,3,1,1,6,6,5,4,,,4,4,,,3,5,5,2,2,1,1,1,1,1,6,2,4,5,5,1,2,2,3,3,2,2,4,2,,5,,,b'\x11\xea\xec\xc75oU$\xb6\x11#b\xf5\x01\x1b\x0b'
11EAECC7-356F-5524-B611-2362F5011B0B,2001-wnba-reg-season,wnba_com_game_box,3,3,1,3,16,4,3,10,1,4,11,1,5,9,2,6,15,15,15,15,13,13,14,1,2,2,11,5,16,16,16,9,6,15,13,3,3,2,4,2,8,6,15,15,,,10,15,,,4,12,12,16,4,3,10,4,11,5,9,15,15,15,13,14,16,9,15,3,2,8,15,,10,,,4,7,5,4,12,6,3,13,9,6,9,10,12,14,6,14,16,4,4,12,12,13,13,9,13,6,6,9,16,8,13,2,3,6,6,3,1,2,1,1,,,8,5,,,4,4,2,12,5,7,5,4,6,3,9,6,12,14,14,4,4,6,9,8,2,6,1,1,,8,,,b'\x11\xea\xec\xc75oU$\xb6\x11#b\xf5\x01\x1b\x0b'
11EAECC7-356F-5524-B611-2362F5011B0B,2002-wnba-pst-season,wnba_com_game_box,2,8,1,3,1,1,1,1,1,1,1,1,1,1,1,5,1,1,5,1,4,1,1,1,1,1,5,6,5,1,7,1,8,1,7,1,5,8,3,2,2,6,3,7,,,8,1,,,2,1,7,3,3,2,8,3,5,4,7,5,4,5,7,8,7,6,6,4,3,6,7,,1,,,2,8,8,8,5,8,8,4,8,8,5,6,8,8,4,8,4,8,8,5,5,6,5,6,4,8,8,8,7,8,7,8,6,1,4,5,7,1,6,5,,,1,1,,,2,8,1,6,2,3,3,3,2,2,6,5,4,4,4,4,4,7,2,4,5,4,1,5,,3,,,b'\x11\xea\xec\xc75oU$\xb6\x11#b\xf5\x01\x1b\x0b'
11EAECC7-356F-5524-B611-2362F5011B0B,2002-wnba-reg-season,wnba_com_game_box,5,5,1,5,9,11,10,16,2,12,13,2,7,8,4,8,13,10,14,10,9,16,16,3,4,4,7,7,13,16,16,14,13,15,13,5,4,4,11,5,6,5,11,8,,,10,15,,,6,16,16,9,11,10,16,12,13,7,8,13,10,10,16,16,16,14,15,5,4,6,11,,10,,,6,2,1,2,3,1,1,3,10,9,10,13,13,11,11,11,16,2,3,3,5,4,16,14,16,10,13,7,16,6,13,1,4,8,5,2,4,7,2,2,,,13,3,,,6,1,5,4,5,2,1,2,1,1,10,9,13,11,11,2,3,10,7,6,1,8,4,2,,13,,,b'\x11\xea\xec\xc75oU$\xb6\x11#b\xf5\x01\x1b\x0b'
11EAECC7-356F-5524-B611-2362F5011B0B,2003-wnba-reg-season,wnba_com_game_box,10,10,1,10,7,10,10,12,5,12,12,5,3,7,3,4,12,13,6,13,11,13,12,3,4,5,3,3,12,13,14,11,9,14,13,8,5,8,11,7,7,5,6,5,,,2,3,,,10,13,12,7,10,10,12,12,12,3,7,12,13,13,13,12,13,11,14,8,8,7,6,,2,,,10,5,5,5,9,4,2,10,8,8,7,10,5,3,14,3,6,6,4,10,11,11,11,11,6,6,9,8,14,7,13,4,6,5,4,6,10,13,2,3,,,11,7,,,10,4,9,8,11,5,5,5,4,2,8,8,5,3,3,6,4,6,8,7,4,5,10,2,,11,,,b'\x11\xea\xec\xc75oU$\xb6\x11#b\xf5\x01\x1b\x0b'
11EAECC7-356F-5524-B611-2362F5011B0B,2004-wnba-pst-season,wnba_com_game_box,4,6,4,4,4,4,4,4,4,4,4,2,2,1,3,1,6,6,5,6,8,4,4,1,2,2,1,1,8,4,6,4,8,4,8,4,5,5,5,1,4,5,3,5,,,6,7,,,4,4,8,3,6,3,4,8,7,1,1,8,8,8,6,8,6,8,8,5,1,5,4,,7,,,4,5,5,5,5,5,5,5,3,3,4,1,6,6,5,6,7,5,5,3,5,4,3,1,7,5,8,5,6,5,8,5,3,4,3,4,6,6,5,4,,,4,8,,,4,5,3,6,3,3,1,1,6,5,1,1,7,7,7,2,1,7,6,7,3,4,5,2,,8,,,b'\x11\xea\xec\xc75oU$\xb6\x11#b\xf5\x01\x1b\x0b'
11EAECC7-356F-5524-B611-2362F5011B0B,2004-wnba-reg-season,wnba_com_game_box,3,3,1,3,2,8,8,10,6,11,12,2,1,1,6,1,13,13,5,13,7,12,11,1,5,5,1,1,13,12,13,3,12,10,11,6,4,9,11,9,13,13,9,10,,,2,2,,,9,9,10,2,8,8,10,11,12,1,1,13,13,13,12,11,12,3,10,6,9,13,9,,2,,,9,8,12,12,4,13,13,7,4,7,2,7,4,3,10,3,2,11,10,3,3,6,2,3,4,13,12,10,13,12,11,8,3,12,13,12,10,12,6,10,,,13,13,,,9,5,9,10,11,8,12,12,13,13,4,7,4,3,3,11,10,13,10,12,8,12,10,6,,13,,,b'\x11\xea\xec\xc75oU$\xb6\x11#b\xf5\x01\x1b\x0b'
11EAECC7-356F-5524-B611-2362F5011B0B,2005-wnba-pst-season,wnba_com_game_box,6,2,6,6,6,8,8,8,6,8,8,6,7,7,7,3,8,8,2,8,5,8,8,6,6,7,4,4,4,8,8,7,7,7,7,8,7,1,6,8,8,8,8,5,,,1,8,,,7,8,8,5,8,8,8,8,8,6,4,8,8,8,8,8,8,6,7,8,2,8,7,,6,,,7,1,1,1,1,1,2,1,3,3,8,4,2,1,6,1,7,1,1,1,2,4,8,8,8,4,7,1,8,2,7,1,7,8,8,8,3,8,3,8,,,7,3,,,7,1,8,6,7,1,1,2,1,3,7,5,7,6,6,2,1,7,5,7,1,8,6,7,,7,,,b'\x11\xea\xec\xc75oU$\xb6\x11#b\xf5\x01\x1b\x0b'
11EAECC7-356F-5524-B611-2362F5011B0B,2005-wnba-reg-season,wnba_com_game_box,5,5,1,5,1,6,8,12,3,13,13,1,1,1,6,1,9,12,1,12,3,13,13,1,1,1,1,1,12,13,12,4,9,9,10,8,9,3,6,5,11,11,8,9,,,2,5,,,4,13,13,1,6,8,12,13,13,1,1,9,12,12,13,13,13,4,9,8,3,11,8,,2,,,4,5,8,9,6,8,8,8,5,6,3,6,3,4,4,5,6,6,4,5,4,9,1,5,4,9,9,1,12,6,10,4,2,13,12,11,11,13,2,3,,,13,13,,,4,1,2,11,3,5,8,9,8,8,5,6,3,4,5,6,4,9,1,6,4,13,11,2,,13,,,b'\x11\xea\xec\xc75oU$\xb6\x11#b\xf5\x01\x1b\x0b'
11EAECC7-356F-5524-B611-2362F5011B0B,2006-wnba-reg-season,wnba_com_game_box,11,11,1,11,3,13,14,14,12,14,14,13,2,2,9,1,10,13,3,13,2,14,14,9,8,11,1,1,3,14,14,12,11,14,13,14,8,9,13,14,8,7,10,9,,,7,10,,,13,14,14,3,13,14,14,14,14,2,2,10,13,13,14,14,14,12,14,14,9,8,10,,7,,,13,10,10,6,13,11,8,11,8,3,13,3,11,10,14,8,7,3,3,13,13,14,7,6,8,8,11,9,14,9,13,4,1,12,9,7,7,11,13,14,,,9,4,,,13,2,12,12,13,10,10,6,11,8,8,3,11,10,8,3,3,8,9,9,4,12,7,13,,9,,,b'\x11\xea\xec\xc75oU$\xb6\x11#b\xf5\x01\x1b\x0b'
11EAECC7-356F-5524-B611-2362F5011B0B,2007-wnba-pst-season,wnba_com_game_box,5,1,5,5,6,7,6,6,6,7,7,4,6,6,4,5,6,6,7,6,6,7,7,4,5,4,5,5,5,8,8,6,6,6,8,6,5,2,3,4,6,4,8,8,,,2,3,,,2,7,8,3,8,6,7,7,7,5,6,6,6,6,8,8,8,3,6,6,3,5,8,,1,,,2,2,2,3,1,4,3,2,1,1,1,1,1,2,1,1,1,3,3,1,1,1,1,1,2,4,6,3,8,3,8,1,1,7,5,1,2,3,3,2,,,7,4,,,2,3,7,1,2,1,1,4,8,7,1,1,1,2,1,2,3,7,6,6,1,6,2,2,,7,,,b'\x11\xea\xec\xc75oU$\xb6\x11#b\xf5\x01\x1b\x0b'
11EAECC7-356F-5524-B611-2362F5011B0B,2007-wnba-reg-season,wnba_com_game_box,8,8,1,8,6,13,12,13,8,13,13,8,2,2,1,2,13,12,12,12,8,13,13,3,5,9,2,1,13,12,12,6,10,13,12,12,10,12,13,13,3,4,8,9,,,2,3,,,9,10,11,6,13,12,13,13,13,2,2,13,12,12,13,13,12,6,13,12,12,3,8,,2,,,9,4,6,9,4,5,3,9,8,11,1,11,3,4,3,5,5,6,5,4,4,3,7,10,3,11,10,12,12,12,12,2,2,7,6,4,13,13,6,11,,,12,10,,,9,4,12,5,9,4,6,9,5,3,8,11,3,4,5,6,5,11,12,12,2,7,13,6,,12,,,b'\x11\xea\xec\xc75oU$\xb6\x11#b\xf5\x01\x1b\x0b'
11EAECC7-356F-5524-B611-2362F5011B0B,2008-wnba-pst-season,wnba_com_game_box,3,6,3,2,3,4,4,4,4,4,4,5,2,2,1,2,6,4,8,4,7,4,4,2,5,5,2,1,8,4,6,3,5,4,5,4,6,5,5,5,4,8,4,3,,,5,3,,,4,4,8,5,6,4,6,7,7,1,2,8,8,8,8,8,6,2,4,6,4,8,4,,3,,,4,5,6,6,1,6,6,3,4,6,1,6,5,5,4,5,3,6,6,1,1,2,2,2,3,6,5,6,6,6,5,5,2,4,8,7,5,5,3,1,,,4,6,,,4,5,6,3,4,1,4,6,5,6,2,6,3,3,3,6,3,5,5,6,1,8,4,1,,8,,,b'\x11\xea\xec\xc75oU$\xb6\x11#b\xf5\x01\x1b\x0b'
11EAECC7-356F-5524-B611-2362F5011B0B,2008-wnba-reg-season,wnba_com_game_box,6,6,1,6,4,6,7,9,9,13,14,8,1,1,2,1,13,14,8,14,6,10,11,1,3,5,1,1,13,13,12,9,10,12,12,8,6,8,8,9,4,4,11,11,,,4,4,,,7,11,13,4,6,7,9,13,14,1,1,13,14,14,10,11,13,9,12,8,8,4,11,,4,,,7,7,8,5,10,7,6,9,8,3,13,6,6,5,13,5,5,4,3,9,8,9,7,7,5,8,10,9,12,9,12,2,2,7,6,3,9,8,2,8,,,14,14,,,7,3,5,10,8,7,8,5,7,6,8,3,6,5,5,4,3,8,9,9,2,7,9,2,,14,,,b'\x11\xea\xec\xc75oU$\xb6\x11#b\xf5\x01\x1b\x0b'
11EAECC7-356F-5524-B611-2362F5011B0B,2009-wnba-reg-season,wnba_com_game_box,12,12,1,12,8,13,12,11,11,13,12,11,3,2,3,2,12,12,5,12,9,13,10,5,7,8,1,1,12,13,13,7,7,12,12,11,7,9,11,10,6,7,7,5,,,4,5,,,8,9,10,8,13,12,11,13,12,3,2,12,12,12,13,10,13,7,12,11,9,6,7,,4,,,8,4,4,3,4,4,3,5,6,7,9,8,7,6,11,6,7,3,2,7,5,5,10,8,7,9,7,12,13,11,12,1,2,8,6,2,6,7,6,11,,,13,13,,,8,2,12,7,10,4,4,3,4,3,6,7,7,6,6,3,2,9,12,11,1,8,6,6,,13,,,b'\x11\xea\xec\xc75oU$\xb6\x11#b\xf5\x01\x1b\x0b'
11EAECC7-356F-5524-B611-2362F5011B0B,2010-wnba-pst-season,wnba_com_game_box,3,7,3,4,3,3,3,3,4,3,3,4,4,3,4,5,3,3,5,3,6,3,3,3,5,6,7,5,7,3,2,4,6,3,4,4,5,6,7,5,5,8,4,6,,,6,6,,,5,3,6,1,6,3,4,3,4,5,5,7,6,6,5,5,3,6,5,5,7,8,5,,6,,,4,6,6,6,3,6,6,3,5,5,2,2,7,7,6,7,5,6,6,1,4,5,4,1,8,6,6,6,2,6,4,6,2,4,8,5,6,8,7,7,,,3,5,,,5,6,4,5,5,4,1,2,5,5,1,2,8,6,7,4,2,6,2,3,2,8,8,7,,5,,,b'\x11\xea\xec\xc75oU$\xb6\x11#b\xf5\x01\x1b\x0b'
11EAECC7-356F-5524-B611-2362F5011B0B,2010-wnba-reg-season,wnba_com_game_box,2,2,1,2,5,5,4,7,3,9,8,7,3,7,1,7,12,12,3,12,12,10,11,3,3,2,4,2,12,9,9,9,6,10,7,4,3,2,6,2,7,7,10,10,,,5,8,,,4,11,11,5,5,4,7,9,8,3,7,12,12,12,10,11,9,9,10,4,2,7,10,,5,,,4,4,4,3,6,4,6,4,4,1,9,2,6,5,10,5,6,2,3,6,6,6,8,4,8,4,6,3,9,3,7,2,1,6,5,2,2,3,8,9,,,12,12,,,4,4,3,5,3,4,4,3,4,6,4,1,6,5,5,2,3,4,3,3,2,6,2,8,,12,,,b'\x11\xea\xec\xc75oU$\xb6\x11#b\xf5\x01\x1b\x0b'
11EAECC7-356F-5524-B611-2362F5011B0B,2011-wnba-pst-season,wnba_com_game_box,5,2,5,5,5,6,5,6,2,5,5,2,7,7,7,4,6,7,1,7,7,7,6,2,2,3,5,5,7,6,4,6,3,6,2,6,3,4,7,6,6,4,4,1,,,3,6,,,4,7,8,1,7,4,7,4,6,5,5,7,8,8,8,7,6,6,7,4,7,4,2,,2,,,4,2,2,2,5,2,1,6,4,3,5,8,3,4,6,2,7,2,2,6,7,6,7,7,6,1,3,2,4,2,2,2,2,5,1,1,4,6,3,4,,,7,6,,,4,2,3,5,3,1,1,1,1,1,7,6,4,4,2,1,1,2,1,1,1,2,6,3,,8,,,b'\x11\xea\xec\xc75oU$\xb6\x11#b\xf5\x01\x1b\x0b'
11EAECC7-356F-5524-B611-2362F5011B0B,2011-wnba-reg-season,wnba_com_game_box,6,6,1,6,6,8,5,4,8,5,4,9,7,8,7,7,12,12,6,12,12,6,5,7,8,8,10,6,12,4,4,10,8,7,7,10,12,5,6,8,3,4,5,4,,,10,9,,,8,7,7,6,8,5,4,5,4,7,8,12,12,12,6,5,4,10,7,10,5,3,5,,10,,,8,4,3,3,6,3,2,9,7,9,1,11,6,6,8,6,12,3,6,8,8,5,11,8,10,5,8,6,4,4,7,5,11,2,1,1,2,2,4,4,,,11,12,,,8,7,7,3,5,4,3,3,3,2,7,9,6,6,6,3,6,5,6,4,5,2,2,4,,11,,,b'\x11\xea\xec\xc75oU$\xb6\x11#b\xf5\x01\x1b\x0b'
11EAECC7-356F-5524-B611-2362F5011B0B,2012-wnba-pst-season,wnba_com_game_box,7,1,7,7,7,8,8,8,8,8,8,8,8,7,8,3,8,8,1,8,8,8,8,8,8,8,6,6,7,8,7,7,3,7,8,8,4,1,2,5,8,6,7,7,,,1,1,,,8,8,6,3,8,8,3,8,4,7,3,8,8,8,3,6,3,2,1,8,1,6,7,,1,,,8,1,1,2,4,1,1,4,1,2,2,4,1,1,2,1,3,1,1,4,2,1,1,4,3,2,3,2,7,2,8,2,8,8,4,7,1,1,1,4,,,8,8,,,8,1,8,1,8,1,3,4,4,4,2,4,2,3,3,1,2,5,8,8,7,5,1,3,,8,,,b'\x11\xea\xec\xc75oU$\xb6\x11#b\xf5\x01\x1b\x0b'
11EAECC7-356F-5524-B611-2362F5011B0B,2012-wnba-reg-season,wnba_com_game_box,8,8,1,8,12,10,6,8,8,6,6,8,7,7,7,7,12,12,6,12,12,10,8,8,10,10,10,5,12,7,6,9,10,7,7,9,11,7,9,9,10,10,5,5,,,4,4,,,9,9,7,12,10,6,8,6,6,7,7,12,12,12,10,8,7,9,7,9,7,10,5,,4,,,9,7,6,7,5,7,5,10,6,6,4,7,6,7,3,7,8,7,5,8,7,9,5,6,5,10,10,6,6,6,7,5,5,10,9,11,6,8,7,6,,,12,12,,,9,4,10,9,9,7,6,7,7,5,6,6,6,7,7,7,5,10,6,6,5,10,6,7,,12,,,b'\x11\xea\xec\xc75oU$\xb6\x11#b\xf5\x01\x1b\x0b'
11EAECC7-356F-5524-B611-2362F5011B0B,2013-wnba-reg-season,wnba_com_game_box,10,10,1,10,2,12,9,7,9,6,4,11,10,10,8,10,10,10,10,11,12,9,4,11,11,12,9,9,9,1,3,3,3,1,3,7,6,12,11,11,12,11,11,11,,,6,7,,,12,7,8,2,12,9,7,6,4,10,10,10,10,11,9,4,1,3,1,7,12,12,11,,6,,,12,9,8,11,3,2,5,3,12,12,8,12,4,5,7,4,4,11,5,7,5,8,12,12,3,7,3,8,3,8,3,8,5,11,11,11,12,11,8,7,,,11,11,,,12,5,12,7,12,9,8,11,2,5,12,12,4,5,4,11,5,7,8,8,8,11,12,8,,11,,,b'\x11\xea\xec\xc75oU$\xb6\x11#b\xf5\x01\x1b\x0b'
11EAECC7-356F-5524-B611-2362F5011B0B,2014-wnba-reg-season,wnba_com_game_box,8,8,1,8,8,11,10,8,10,6,6,10,11,11,10,11,7,7,10,7,9,8,7,12,11,11,11,11,5,6,6,5,2,4,5,9,8,6,8,9,6,6,10,10,,,6,5,,,11,7,8,8,11,10,8,6,6,11,11,7,7,7,8,7,6,5,4,9,6,6,10,,6,,,11,4,3,7,5,2,6,5,10,8,10,10,5,6,4,5,6,6,4,4,4,5,10,11,7,3,2,11,6,8,5,6,8,8,8,7,9,9,7,5,,,8,9,,,11,5,12,4,11,4,3,7,2,6,10,8,5,6,5,6,4,3,11,8,6,8,9,7,,8,,,b'\x11\xea\xec\xc75oU$\xb6\x11#b\xf5\x01\x1b\x0b'
11EAECC7-356F-5524-B611-2362F5011B0B,2015-wnba-pst-season,wnba_com_game_box,3,6,3,3,3,3,3,3,6,3,3,6,3,3,4,7,3,3,5,3,7,3,3,5,6,7,6,5,7,3,2,3,2,3,1,3,2,6,6,4,3,5,4,5,,,6,8,,,3,3,8,2,5,2,3,3,3,6,6,7,7,7,4,3,3,4,3,2,6,5,5,,5,,,2,6,6,6,3,6,6,2,6,6,7,7,6,6,2,6,4,6,6,6,6,4,8,8,2,5,2,6,2,6,1,6,4,3,3,2,6,6,5,5,,,3,7,,,3,6,6,2,3,3,3,3,1,1,7,6,2,2,2,2,2,2,4,1,2,4,6,5,,7,,,b'\x11\xea\xec\xc75oU$\xb6\x11#b\xf5\x01\x1b\x0b'
11EAECC7-356F-5524-B611-2362F5011B0B,2015-wnba-reg-season,wnba_com_game_box,1,1,1,1,4,8,6,7,6,4,4,7,11,12,10,11,6,4,11,4,5,6,5,9,8,10,9,11,4,4,3,1,1,1,1,4,5,10,10,7,4,4,5,4,,,5,6,,,3,7,4,4,8,6,7,4,4,11,12,6,4,4,6,5,4,1,1,4,10,4,5,,5,,,3,1,1,5,1,1,1,1,12,12,11,12,6,6,9,6,8,2,6,3,3,3,12,12,10,1,1,3,3,1,1,3,12,4,4,3,8,7,5,2,,,5,7,,,3,9,8,1,3,1,1,5,1,1,12,12,6,6,6,2,6,1,3,1,3,4,8,5,,5,,,b'\x11\xea\xec\xc75oU$\xb6\x11#b\xf5\x01\x1b\x0b'
11EAECC7-356F-5524-B611-2362F5011B0B,2016-wnba-pst-season,wnba_com_game_box,6,1,6,6,6,6,6,8,1,6,7,1,7,8,5,6,8,7,8,7,4,8,8,1,2,1,6,5,8,8,7,7,7,8,6,6,8,2,2,2,6,6,7,7,,,1,6,,,4,7,5,1,2,1,5,1,4,5,6,6,5,4,5,6,7,7,8,4,2,5,7,,5,,,5,3,2,3,6,1,2,6,3,3,8,7,2,1,8,1,7,3,3,8,8,8,8,8,7,2,7,1,7,2,6,3,6,7,5,5,3,3,1,6,,,8,7,,,4,2,2,8,5,8,5,3,2,2,8,7,7,6,6,5,4,4,2,3,6,5,3,5,,8,,,b'\x11\xea\xec\xc75oU$\xb6\x11#b\xf5\x01\x1b\x0b'
11EAECC7-356F-5524-B611-2362F5011B0B,2016-wnba-reg-season,wnba_com_game_box,3,3,1,3,1,8,5,4,8,4,2,10,8,10,3,10,6,4,10,4,7,5,4,9,8,10,10,9,6,4,5,1,1,1,2,4,3,11,8,6,7,7,4,3,,,7,6,,,4,4,6,1,8,5,4,4,2,8,10,6,4,4,5,4,4,1,1,4,11,7,4,,7,,,4,5,4,11,1,2,7,1,11,11,4,11,6,6,5,6,7,11,9,1,2,3,11,11,8,4,1,8,5,7,2,6,7,11,11,8,12,11,8,6,,,8,10,,,4,11,10,3,6,5,4,11,2,7,11,11,6,6,6,11,9,4,8,7,6,11,12,8,,8,,,b'\x11\xea\xec\xc75oU$\xb6\x11#b\xf5\x01\x1b\x0b'
11EAECC7-356F-5524-B611-2362F5011B0B,2017-wnba-pst-season,wnba_com_game_box,5,1,5,5,5,8,6,8,3,7,8,3,5,5,4,1,8,8,3,8,8,8,8,2,3,6,4,1,8,8,8,5,7,7,6,5,4,4,8,7,8,8,7,8,,,1,1,,,6,8,7,1,8,5,8,6,8,2,1,8,8,8,8,8,8,1,5,5,8,8,7,,1,,,8,2,4,4,2,3,3,3,4,4,3,8,1,1,2,1,1,3,3,3,1,4,6,8,1,3,7,1,8,2,6,3,2,8,8,8,4,7,2,6,,,8,8,,,6,2,8,4,6,5,7,8,3,3,8,8,1,1,1,7,7,7,2,6,5,8,7,3,,8,,,b'\x11\xea\xec\xc75oU$\xb6\x11#b\xf5\x01\x1b\x0b'
11EAECC7-356F-5524-B611-2362F5011B0B,2017-wnba-reg-season,wnba_com_game_box,3,3,1,3,10,9,6,5,9,6,4,10,8,6,8,7,5,6,9,5,6,4,5,8,10,9,5,7,5,2,1,1,1,1,1,9,9,3,5,8,11,11,5,5,,,10,11,,,4,9,7,10,9,6,5,6,4,8,6,5,6,5,4,5,2,1,1,9,3,11,5,,10,,,4,3,1,5,1,1,5,1,6,9,7,9,7,6,9,6,7,5,1,1,2,3,12,9,11,1,1,5,1,2,1,1,4,12,10,8,3,2,7,6,,,10,10,,,4,4,8,3,4,3,1,5,1,5,6,9,7,6,6,5,1,1,5,2,1,12,3,7,,10,,,b'\x11\xea\xec\xc75oU$\xb6\x11#b\xf5\x01\x1b\x0b'
11EAECC7-356F-5524-B611-2362F5011B0B,2018-wnba-reg-season,wnba_sr_game_summary,11,11,1,11,3,11,11,8,10,10,8,8,7,5,11,4,12,11,10,11,8,8,7,9,10,11,6,6,11,7,9,7,6,7,7,7,3,11,11,10,9,8,11,11,5,7,12,12,9,11,11,8,7,3,11,11,8,10,8,7,5,12,11,11,9,7,7,7,7,7,11,9,11,5,12,10,11,11,9,5,6,4,1,1,4,12,12,10,12,12,12,2,12,12,8,8,7,10,9,12,12,12,5,6,9,9,9,7,10,12,8,8,10,9,9,5,7,11,11,10,10,12,7,11,9,11,9,10,8,4,6,1,1,11,11,12,12,12,7,7,5,9,8,9,8,9,5,11,10,12,7,b'\x11\xea\xec\xc75oU$\xb6\x11#b\xf5\x01\x1b\x0b'
11EAECC7-356F-5524-B611-2362F5011B0B,2019-wnba-reg-season,wnba_sr_game_summary,10,10,1,10,9,8,8,6,10,8,4,9,7,8,8,9,8,7,8,7,8,6,4,10,10,10,8,9,6,6,8,8,8,6,8,5,3,10,10,7,8,8,12,11,9,9,12,12,9,10,11,3,3,9,8,8,6,8,4,7,8,8,7,7,6,4,6,8,6,5,10,8,12,9,12,9,10,11,12,11,7,10,10,7,9,11,9,12,6,12,12,3,12,11,10,9,12,12,12,10,7,11,7,8,8,8,9,8,11,8,8,8,11,6,7,9,9,12,11,9,9,12,7,11,10,10,12,11,12,11,7,10,7,11,9,12,12,12,10,9,7,8,9,11,8,6,9,12,9,12,7,b'\x11\xea\xec\xc75oU$\xb6\x11#b\xf5\x01\x1b\x0b'
11EAECC7-356F-5524-B611-2362F5011B0B,2020-wnba-reg-season,wnba_sr_game_summary,12,12,1,12,7,12,12,12,12,12,12,12,6,2,12,1,6,7,3,7,2,12,3,12,12,12,1,2,2,7,10,2,3,2,8,12,10,12,12,12,11,11,2,3,11,12,10,9,5,12,12,3,1,7,12,12,12,12,12,6,2,6,7,7,12,3,7,2,2,12,12,11,2,11,10,5,12,12,9,11,12,5,11,12,3,4,4,5,4,7,6,12,7,2,12,11,4,4,9,2,3,5,5,3,12,10,12,8,5,1,11,11,11,12,12,11,12,2,3,5,5,10,2,12,11,12,9,12,9,11,12,11,12,4,4,7,6,7,12,11,5,12,12,5,11,12,11,2,5,10,2,b'\x11\xea\xec\xc75oU$\xb6\x11#b\xf5\x01\x1b\x0b'
11EAECC7-356F-5524-B611-2362F5011B0B,2021-wnba-pst-season,wnba_sr_game_summary,5,1,5,5,6,5,5,6,2,5,8,2,5,5,2,1,7,8,2,8,8,7,8,1,1,1,2,1,8,6,6,7,2,7,4,5,4,1,2,1,7,7,6,3,3,7,4,8,7,3,2,7,8,5,4,2,5,5,8,1,1,7,8,8,7,8,6,6,7,3,2,7,5,5,8,7,7,2,2,1,2,3,1,1,2,4,4,6,8,3,2,6,2,8,2,1,4,5,7,8,8,7,1,2,1,6,1,4,3,7,8,8,8,1,1,3,7,6,3,7,4,4,4,2,1,1,6,2,3,1,2,1,1,8,8,6,6,6,3,1,1,4,4,4,8,1,5,5,7,8,3,b'\x11\xea\xec\xc75oU$\xb6\x11#b\xf5\x01\x1b\x0b'
11EAECC7-356F-5524-B611-2362F5011B0B,2021-wnba-reg-season,wnba_sr_game_summary,8,8,1,8,10,10,11,9,7,12,12,7,1,1,3,1,10,12,7,12,5,12,7,5,6,9,1,1,11,11,11,5,8,10,9,6,3,12,12,10,11,11,9,11,7,12,8,4,8,11,11,3,1,10,10,11,9,12,12,1,1,10,12,12,12,7,11,5,10,6,12,11,9,7,8,8,11,11,12,12,11,8,12,11,8,5,8,4,2,8,8,10,7,5,12,11,8,7,8,4,2,7,9,8,9,11,9,9,9,5,9,10,10,12,12,7,12,9,11,8,9,8,2,11,10,10,9,10,12,12,11,12,11,5,8,8,8,7,12,11,9,9,9,9,9,12,7,9,8,8,2,b'\x11\xea\xec\xc75oU$\xb6\x11#b\xf5\x01\x1b\x0b'
11EAECC7-356F-5524-B611-2362F5011B0B,2022-wnba-pst-season,wnba_sr_game_summary,5,1,5,5,5,5,5,5,6,5,5,4,5,5,6,4,5,6,1,6,7,5,5,5,5,6,4,5,2,7,8,5,6,5,8,5,2,3,7,6,5,4,6,7,4,7,3,1,6,3,7,5,1,3,6,6,5,5,5,5,5,5,8,8,5,4,8,4,6,5,7,4,7,6,2,7,3,7,4,4,4,6,4,3,8,2,4,1,4,3,3,4,3,3,4,4,5,5,6,3,3,2,3,6,4,8,4,8,4,5,6,8,8,4,8,4,7,6,7,6,8,3,8,7,4,7,6,7,7,8,8,8,5,4,7,5,6,7,8,8,7,7,8,8,8,8,6,7,7,2,8,b'\x11\xea\xec\xc75oU$\xb6\x11#b\xf5\x01\x1b\x0b'
11EAECC7-356F-5524-B611-2362F5011B0B,2022-wnba-reg-season,wnba_sr_game_summary,7,7,1,7,1,9,9,11,9,12,12,9,1,1,5,1,12,12,4,11,8,12,10,5,7,9,1,1,11,9,9,4,8,7,8,5,3,8,10,8,12,12,4,5,3,7,7,8,11,5,8,9,10,1,9,9,11,12,12,1,1,12,12,11,12,10,9,4,7,5,8,12,4,3,7,11,5,8,6,4,9,1,5,11,1,3,3,3,2,12,11,12,11,9,12,7,1,3,5,7,3,12,11,8,8,9,8,8,1,1,11,11,9,7,9,3,7,4,5,11,11,7,10,8,4,9,6,8,6,4,9,5,11,3,3,12,11,11,12,7,11,8,8,1,11,7,3,4,11,7,10,b'\x11\xea\xec\xc75oU$\xb6\x11#b\xf5\x01\x1b\x0b'
11EAECC7-356F-5524-B611-2362F5011B0B,2023-wnba-pst-season,wnba_sr_game_summary,2,7,1,2,1,1,1,1,3,1,1,3,1,1,5,1,2,2,3,2,3,1,1,3,3,3,2,3,4,1,3,2,3,1,3,1,3,8,4,3,2,7,1,1,7,1,8,2,1,8,4,1,5,2,4,5,4,5,7,3,1,2,4,4,4,4,3,3,5,3,3,7,1,1,1,1,7,4,8,8,8,6,8,8,5,8,7,5,3,8,8,5,8,2,8,8,5,5,5,3,4,3,7,3,8,3,8,3,8,7,1,6,6,8,5,7,1,1,1,1,1,8,2,4,8,3,4,4,4,4,4,5,5,3,4,3,3,3,4,3,3,3,4,6,6,3,1,1,1,1,5,b'\x11\xea\xec\xc75oU$\xb6\x11#b\xf5\x01\x1b\x0b'
11EAECC7-356F-5524-B611-2362F5011B0B,2023-wnba-reg-season,wnba_sr_game_summary,2,2,1,2,1,2,3,2,2,11,12,2,1,1,1,1,10,10,2,10,4,4,3,2,2,2,1,1,11,3,3,1,1,2,2,1,1,6,6,2,8,8,4,6,3,5,2,2,11,10,2,5,5,1,2,3,2,11,12,1,1,10,10,10,4,3,3,1,2,1,6,8,4,3,2,11,10,2,4,5,11,1,7,11,1,5,6,5,5,2,3,4,3,2,11,7,1,2,3,4,6,3,6,1,4,3,3,2,2,1,11,11,8,3,3,3,5,4,6,11,11,2,11,2,9,2,3,2,4,5,11,7,11,5,6,2,3,3,11,7,6,4,3,2,11,3,3,4,11,2,11,b'\x11\xea\xec\xc75oU$\xb6\x11#b\xf5\x01\x1b\x0b'
11EAECC7-356F-5524-B611-2362F5011B0B,2024-wnba-pst-season,wnba_sr_game_summary,1,5,2,1,2,2,2,2,6,2,2,6,1,1,2,4,2,2,2,2,2,2,2,5,3,4,1,3,2,1,3,1,1,1,1,2,5,8,6,7,2,2,2,3,6,3,7,6,2,8,1,2,4,1,3,7,5,8,6,2,4,2,2,3,5,2,3,1,1,6,6,2,4,2,5,3,7,1,7,7,7,3,7,7,4,7,7,2,6,7,7,1,7,2,7,7,3,1,1,4,6,1,7,1,7,3,7,1,7,4,2,3,2,7,4,6,3,2,3,2,3,7,4,1,7,3,1,1,1,2,3,3,3,4,3,1,2,2,3,3,2,4,2,3,3,5,2,4,3,5,6,b'\x11\xea\xec\xc75oU$\xb6\x11#b\xf5\x01\x1b\x0b'
11EAECC7-356F-5524-B611-2362F5011B0B,2024-wnba-reg-season,wnba_sr_game_summary,1,1,1,1,11,2,5,4,3,9,12,1,1,1,5,1,8,9,3,9,4,5,7,3,2,2,1,2,9,5,5,2,2,2,1,2,3,5,5,2,4,4,4,5,1,1,1,1,10,11,1,8,9,11,2,5,4,9,12,1,1,8,9,9,5,7,5,2,2,2,5,4,4,1,1,10,11,1,3,5,7,2,8,10,4,4,3,3,5,1,1,2,1,1,2,3,2,2,4,1,5,1,3,2,3,5,2,1,3,3,5,5,5,1,1,1,1,4,5,10,8,1,10,1,3,2,3,1,3,5,7,8,10,4,3,1,1,1,2,3,3,3,2,3,5,1,1,4,10,1,10,b'\x11\xea\xec\xc75oU$\xb6\x11#b\xf5\x01\x1b\x0b'
11EAECC7-356F-5524-B611-2362F5011B0B,2025-wnba-pst-season,wnba_sr_game_summary,5,1,5,5,5,7,7,7,8,7,7,6,6,5,8,1,5,5,7,5,1,5,5,8,8,8,2,2,3,7,7,5,1,5,6,7,2,4,7,8,7,8,5,2,2,4,2,1,5,2,7,5,5,1,8,7,7,7,7,6,1,5,3,3,5,2,7,1,1,8,6,8,2,1,1,4,2,7,3,3,4,1,2,3,1,3,4,2,5,2,2,8,2,2,4,3,1,1,2,5,5,5,3,1,4,7,4,6,3,5,7,8,7,4,7,2,4,5,2,5,5,2,8,7,4,8,1,6,2,2,8,2,6,4,5,5,3,2,8,5,3,8,8,4,8,8,1,2,4,1,7,b'\x11\xea\xec\xc75oU$\xb6\x11#b\xf5\x01\x1b\x0b'
11EAECC7-356F-5524-B611-2362F5011B0B,2025-wnba-reg-season,wnba_sr_game_summary,4,4,1,4,10,4,9,11,4,12,12,3,4,4,2,3,2,3,1,4,3,11,13,2,1,2,2,4,4,13,12,2,12,7,11,2,1,6,9,4,6,6,5,4,3,5,3,1,9,5,3,8,6,10,4,9,11,12,12,4,4,2,3,4,11,13,13,2,7,2,6,6,5,3,3,9,5,3,6,8,12,3,6,9,4,8,11,1,11,3,5,1,5,5,12,12,4,3,2,6,8,4,13,12,8,12,10,11,7,4,6,9,5,6,7,3,5,5,4,9,7,3,13,3,8,3,6,3,6,8,12,6,9,8,11,3,5,5,12,12,13,8,10,7,6,6,3,5,9,3,13,b'\x11\xea\xec\xc75oU$\xb6\x11#b\xf5\x01\x1b\x0b'
11EAECC7-356F-5524-B611-2362F5011B0B,all-wnba-pst-season,wnba_box,6,17,2,12,2,6,6,6,7,6,6,6,3,2,7,4,7,7,11,7,17,6,6,6,8,8,7,3,18,6,12,5,9,5,10,6,9,16,14,9,5,14,5,8,14,11,16,9,5,15,9,6,14,7,14,12,12,13,15,6,6,17,17,17,14,14,13,9,13,10,11,15,12,9,6,8,12,9,14,13,13,4,13,13,6,14,14,4,12,16,16,9,16,13,14,13,4,6,8,16,12,14,16,9,15,12,16,10,13,10,5,13,11,17,15,12,6,4,7,7,16,13,9,9,13,11,7,9,6,6,6,4,5,9,10,9,9,9,6,5,8,8,7,5,15,14,4,7,17,9,11,b'\x11\xea\xec\xc75oU$\xb6\x11#b\xf5\x01\x1b\x0b'
11EAECC7-356F-5524-B611-2362F5011B0B,all-wnba-reg-season,wnba_box,3,14,1,7,2,5,4,5,10,7,8,8,1,2,2,2,8,8,9,8,15,5,5,7,8,9,3,2,19,5,15,3,8,4,11,4,5,19,13,10,3,12,4,11,10,9,16,10,10,18,10,5,13,10,13,10,12,15,15,2,3,18,18,18,13,12,14,7,9,9,15,13,9,9,9,13,15,10,15,15,16,5,14,16,6,16,17,6,15,16,16,11,16,8,16,16,7,6,8,15,13,11,16,8,17,15,16,11,13,2,5,15,9,18,12,13,8,6,8,7,16,13,9,10,16,12,11,10,7,8,9,8,10,12,12,11,10,10,10,10,10,11,12,7,16,12,3,8,18,10,11,b'\x11\xea\xec\xc75oU$\xb6\x11#b\xf5\x01\x1b\x0b'
11EAECC7-3572-876C-B611-2362F5011B0B,2000-wnba-reg-season,wnba_com_game_box,16,16,1,16,12,16,15,16,15,16,14,15,13,12,14,11,15,15,16,14,10,16,16,15,15,15,7,9,7,16,16,16,14,16,16,16,12,9,15,16,10,7,10,9,,,8,11,,,16,16,14,12,16,15,16,16,14,13,12,15,15,14,16,16,16,16,16,16,9,10,10,,8,,,16,6,5,2,14,8,4,13,4,2,13,2,11,10,14,10,12,3,3,13,16,11,11,2,14,3,14,16,16,15,16,9,14,7,4,8,13,16,12,14,,,12,7,,,16,3,16,11,16,6,5,2,8,4,4,2,11,10,10,3,3,3,16,15,9,7,13,12,,12,,,b'\x11\xea\xec\xc75r\x87l\xb6\x11#b\xf5\x01\x1b\x0b'
11EAECC7-3572-876C-B611-2362F5011B0B,2001-wnba-reg-season,wnba_com_game_box,13,13,1,13,2,16,15,13,15,14,10,15,11,11,15,8,9,5,14,5,3,11,12,16,15,15,6,10,4,8,14,16,13,16,16,16,13,1,2,7,6,5,6,6,,,8,13,,,14,13,13,2,16,15,13,14,10,11,11,9,5,5,11,12,8,16,16,16,1,6,6,,8,,,14,5,7,3,13,8,6,12,4,1,15,2,7,5,11,5,9,3,3,13,13,11,6,6,9,3,13,15,14,14,16,9,10,2,1,5,3,3,11,10,,,12,7,,,14,5,14,9,13,5,7,3,8,6,4,1,7,5,5,3,3,3,15,14,9,2,3,11,,12,,,b'\x11\xea\xec\xc75r\x87l\xb6\x11#b\xf5\x01\x1b\x0b'
11EAECC7-3572-876C-B611-2362F5011B0B,2002-wnba-pst-season,wnba_com_game_box,7,2,7,7,7,8,8,8,8,8,8,7,8,8,8,2,6,7,1,7,1,8,7,8,6,8,1,3,1,8,8,8,1,8,8,7,1,3,8,8,6,2,6,4,,,2,2,,,7,7,1,3,8,8,7,8,8,6,2,1,3,3,6,4,7,8,8,6,8,2,4,,5,,,8,2,2,2,7,2,2,6,1,1,3,2,1,1,8,1,1,2,2,6,7,5,2,2,2,1,1,2,8,2,8,1,5,6,1,2,4,8,3,4,,,7,2,,,7,2,8,2,8,7,8,6,8,6,2,3,2,1,1,5,5,1,7,6,6,1,8,4,,1,,,b'\x11\xea\xec\xc75r\x87l\xb6\x11#b\xf5\x01\x1b\x0b'
11EAECC7-3572-876C-B611-2362F5011B0B,2002-wnba-reg-season,wnba_com_game_box,7,7,1,7,15,6,6,3,13,13,12,15,3,4,5,4,10,13,4,13,12,7,7,10,10,10,3,3,11,2,1,12,10,6,9,3,2,10,7,7,2,3,3,3,,,7,8,,,5,8,8,15,6,6,3,13,12,3,4,10,13,13,7,7,2,12,6,3,10,2,3,,7,,,5,4,6,5,10,12,10,13,1,1,1,3,5,5,7,5,5,6,9,8,8,3,1,1,7,6,10,8,1,7,9,9,9,2,2,3,9,9,10,11,,,16,16,,,5,9,8,3,4,4,6,5,12,10,1,1,5,5,5,6,9,6,8,7,9,2,9,10,,16,,,b'\x11\xea\xec\xc75r\x87l\xb6\x11#b\xf5\x01\x1b\x0b'
11EAECC7-3572-876C-B611-2362F5011B0B,2003-wnba-reg-season,wnba_com_game_box,5,5,1,5,9,3,3,7,3,3,10,2,7,7,8,6,10,10,4,11,12,8,9,4,3,1,7,7,10,8,5,6,12,7,6,5,9,7,6,5,10,11,4,4,,,7,8,,,3,9,9,9,3,3,7,3,10,7,7,10,10,11,8,9,8,6,7,5,7,10,4,,7,,,3,6,8,9,7,9,10,6,5,5,6,4,4,4,9,4,3,8,6,6,5,6,4,6,3,10,12,5,5,6,6,1,1,12,11,4,6,7,3,2,,,13,13,,,3,6,1,7,3,6,8,9,9,10,5,5,4,4,4,8,6,10,5,6,1,12,6,3,,13,,,b'\x11\xea\xec\xc75r\x87l\xb6\x11#b\xf5\x01\x1b\x0b'
11EAECC7-3572-876C-B611-2362F5011B0B,2004-wnba-pst-season,wnba_com_game_box,1,1,1,1,1,1,1,1,2,1,1,6,1,3,1,6,2,2,3,2,6,1,1,2,1,3,5,3,6,1,2,1,2,1,1,1,3,8,6,4,2,4,2,4,,,8,5,,,1,1,2,2,1,1,1,3,2,2,6,5,5,5,1,1,2,4,2,1,6,4,6,,5,,,1,7,8,7,3,7,7,6,7,8,3,6,7,7,2,7,4,7,7,4,3,1,2,5,3,7,2,7,2,7,1,8,2,1,2,1,8,5,8,6,,,2,6,,,1,8,2,1,1,1,3,3,4,3,5,5,3,4,4,3,6,1,2,2,2,2,6,7,,6,,,b'\x11\xea\xec\xc75r\x87l\xb6\x11#b\xf5\x01\x1b\x0b'
11EAECC7-3572-876C-B611-2362F5011B0B,2004-wnba-reg-season,wnba_com_game_box,2,2,1,2,11,2,4,6,2,7,6,6,4,7,1,7,3,3,3,3,5,5,3,5,2,2,6,6,3,4,4,8,5,5,3,4,7,8,7,4,2,2,7,8,,,11,9,,,1,4,3,11,2,4,6,7,6,4,7,3,3,3,5,3,4,8,5,4,8,2,7,,11,,,1,7,8,6,8,8,10,9,6,6,8,6,3,5,1,5,3,7,9,8,7,4,3,7,3,2,5,3,4,2,3,2,2,3,3,3,6,5,11,8,,,3,7,,,1,11,1,3,1,7,8,6,8,10,6,6,3,5,5,7,9,2,3,2,2,3,6,11,,3,,,b'\x11\xea\xec\xc75r\x87l\xb6\x11#b\xf5\x01\x1b\x0b'
11EAECC7-3572-876C-B611-2362F5011B0B,2005-wnba-pst-season,wnba_com_game_box,5,2,5,5,5,5,5,5,5,5,5,2,4,3,8,1,5,5,1,5,6,5,5,5,5,6,5,6,5,6,7,5,1,5,6,5,4,5,5,5,5,7,6,6,,,4,4,,,5,5,2,5,5,6,4,4,5,5,1,4,7,6,4,4,7,5,6,5,6,7,5,,4,,,5,4,4,4,7,5,4,7,1,1,1,1,4,4,7,4,4,4,4,6,6,6,1,1,5,2,1,4,7,4,6,4,3,5,3,3,5,5,1,1,,,5,7,,,5,4,6,5,5,6,5,3,7,7,1,1,6,5,5,3,3,1,6,2,5,4,5,1,,6,,,b'\x11\xea\xec\xc75r\x87l\xb6\x11#b\xf5\x01\x1b\x0b'
11EAECC7-3572-876C-B611-2362F5011B0B,2005-wnba-reg-season,wnba_com_game_box,3,3,1,3,7,1,2,1,4,3,5,3,6,6,7,6,1,4,2,5,6,2,2,4,3,4,7,6,5,5,5,3,6,3,3,6,10,8,8,9,12,13,2,4,,,6,4,,,3,2,1,7,1,2,1,3,5,6,6,1,4,5,2,2,5,3,3,6,8,12,2,,6,,,3,12,12,13,3,13,13,3,8,9,4,5,8,6,13,6,4,13,13,3,2,6,4,6,6,8,6,2,5,4,3,12,10,10,13,12,8,7,13,11,,,3,10,,,3,13,3,5,4,12,12,13,13,13,8,9,8,6,6,13,13,8,2,4,12,10,8,13,,3,,,b'\x11\xea\xec\xc75r\x87l\xb6\x11#b\xf5\x01\x1b\x0b'
11EAECC7-3572-876C-B611-2362F5011B0B,2006-wnba-pst-season,wnba_com_game_box,5,1,5,5,5,5,5,5,6,5,5,4,5,5,6,1,4,5,2,5,1,5,5,5,4,3,1,1,1,7,7,5,6,5,7,5,1,4,1,1,6,7,5,3,,,3,2,,,3,5,5,1,3,8,7,8,8,1,1,1,1,1,7,7,7,4,7,4,1,7,2,,2,,,3,4,4,4,5,4,4,2,4,4,5,5,4,4,5,3,3,4,4,3,3,4,5,5,3,4,6,4,7,4,7,4,7,5,7,7,4,2,4,6,,,5,1,,,3,4,3,5,3,6,6,5,5,5,4,5,3,4,4,5,5,5,5,5,7,7,2,3,,1,,,b'\x11\xea\xec\xc75r\x87l\xb6\x11#b\xf5\x01\x1b\x0b'
11EAECC7-3572-876C-B611-2362F5011B0B,2006-wnba-reg-season,wnba_com_game_box,6,6,1,6,13,4,5,12,2,5,9,2,9,9,8,10,1,6,2,5,3,12,10,3,2,4,11,11,5,12,4,5,3,5,3,9,13,12,12,12,12,12,5,6,,,10,8,,,8,9,5,13,4,5,12,5,9,9,9,1,6,5,12,10,12,5,5,9,12,12,5,,10,,,8,8,8,9,5,8,9,4,6,5,9,4,7,7,9,7,5,10,6,6,6,8,6,5,7,4,3,1,4,2,3,5,2,10,11,9,12,12,6,7,,,7,5,,,8,9,4,8,6,8,8,9,8,9,6,5,7,7,7,10,6,4,1,2,5,10,12,6,,7,,,b'\x11\xea\xec\xc75r\x87l\xb6\x11#b\xf5\x01\x1b\x0b'
11EAECC7-3572-876C-B611-2362F5011B0B,2007-wnba-pst-season,wnba_com_game_box,8,1,8,8,8,8,8,8,1,8,8,2,5,7,2,2,8,8,1,8,8,8,8,1,2,3,3,1,8,7,3,8,3,8,3,8,8,1,7,7,8,6,7,1,,,1,8,,,7,8,2,5,2,1,3,4,6,2,2,7,8,8,4,3,3,5,3,4,6,6,1,,8,,,8,1,1,1,6,1,1,7,4,4,5,8,2,1,7,1,8,1,1,8,8,8,8,8,6,1,3,1,3,1,3,2,8,8,8,8,1,4,1,3,,,8,8,,,7,1,3,8,8,8,8,7,1,1,8,8,8,6,7,8,6,4,2,2,8,8,4,3,,8,,,b'\x11\xea\xec\xc75r\x87l\xb6\x11#b\xf5\x01\x1b\x0b'
11EAECC7-3572-876C-B611-2362F5011B0B,2007-wnba-reg-season,wnba_com_game_box,7,7,1,7,9,2,5,6,2,7,12,2,3,3,6,3,4,5,2,5,3,7,7,2,2,2,3,4,5,8,5,4,4,4,4,9,12,3,5,6,11,11,3,3,,,3,2,,,5,7,8,9,2,5,6,7,12,3,3,4,5,5,7,7,8,4,4,9,3,11,3,,3,,,5,10,11,12,9,12,13,7,10,7,11,7,4,1,13,1,1,12,8,8,7,11,5,8,2,5,4,3,5,4,4,11,7,13,13,13,7,9,4,6,,,9,7,,,5,8,2,9,4,10,11,12,12,13,10,7,4,1,1,12,8,5,3,4,11,13,7,4,,9,,,b'\x11\xea\xec\xc75r\x87l\xb6\x11#b\xf5\x01\x1b\x0b'
11EAECC7-3572-876C-B611-2362F5011B0B,2008-wnba-pst-season,wnba_com_game_box,5,1,5,5,7,8,8,8,7,7,7,8,8,7,7,6,5,6,2,6,2,8,8,7,7,7,4,7,2,6,5,8,6,8,6,8,8,2,3,8,5,1,6,6,,,2,4,,,5,8,4,5,8,8,8,6,5,8,6,2,2,2,6,7,4,8,7,8,3,1,6,,5,,,5,1,1,2,3,3,3,4,1,1,3,2,2,2,2,2,6,2,2,3,3,1,3,1,5,3,6,2,5,2,6,2,7,5,1,1,1,1,6,8,,,6,3,,,5,2,7,1,2,2,3,3,5,5,1,1,5,5,5,3,5,6,4,4,5,1,1,8,,3,,,b'\x11\xea\xec\xc75r\x87l\xb6\x11#b\xf5\x01\x1b\x0b'
11EAECC7-3572-876C-B611-2362F5011B0B,2008-wnba-reg-season,wnba_com_game_box,2,2,1,2,13,11,9,12,5,7,10,4,12,11,13,10,8,7,4,7,7,12,13,6,6,7,10,12,4,11,7,6,4,6,4,10,8,7,6,7,9,7,7,5,,,5,7,,,4,13,12,13,11,9,12,7,10,12,11,8,7,7,12,13,11,6,6,10,7,9,7,,5,,,4,1,1,6,2,3,5,2,6,9,2,10,5,6,8,6,7,5,2,3,3,3,10,9,6,4,4,2,7,4,4,3,6,11,11,7,6,7,4,3,,,11,9,,,4,1,7,4,4,1,1,6,3,5,6,9,5,6,6,5,2,4,2,4,3,11,6,4,,11,,,b'\x11\xea\xec\xc75r\x87l\xb6\x11#b\xf5\x01\x1b\x0b'
11EAECC7-3572-876C-B611-2362F5011B0B,2009-wnba-pst-season,wnba_com_game_box,5,1,5,5,5,6,6,6,8,6,6,8,6,6,4,3,5,7,2,7,6,6,6,8,7,7,1,2,4,8,8,5,8,6,8,6,2,4,5,5,5,3,5,2,,,4,6,,,6,6,8,4,8,8,8,8,8,3,4,6,8,8,8,8,8,7,8,8,5,3,1,,6,,,5,3,3,3,2,2,3,1,3,2,8,2,4,4,3,4,6,3,3,2,1,2,5,3,7,5,8,3,8,4,8,3,8,5,2,4,4,8,4,5,,,7,7,,,6,3,8,3,5,1,1,1,2,4,2,1,6,6,6,1,2,8,5,7,4,5,6,5,,8,,,b'\x11\xea\xec\xc75r\x87l\xb6\x11#b\xf5\x01\x1b\x0b'
11EAECC7-3572-876C-B611-2362F5011B0B,2009-wnba-reg-season,wnba_com_game_box,3,3,1,3,1,11,11,13,7,9,9,5,8,8,4,8,7,8,6,8,4,12,12,7,5,5,8,8,4,9,6,8,9,9,6,8,5,7,10,8,6,6,3,2,,,9,12,,,3,13,13,1,11,11,13,9,9,8,8,7,8,8,12,12,9,8,9,8,7,6,3,,9,,,3,1,1,2,3,1,1,2,8,8,8,11,5,5,3,5,9,2,1,3,2,2,12,11,6,8,9,3,6,3,6,4,10,7,4,5,9,10,8,8,,,8,5,,,3,1,7,2,3,1,1,2,1,1,8,8,5,5,5,2,1,8,3,3,4,7,9,8,,8,,,b'\x11\xea\xec\xc75r\x87l\xb6\x11#b\xf5\x01\x1b\x0b'
11EAECC7-3572-876C-B611-2362F5011B0B,2010-wnba-pst-season,wnba_com_game_box,1,1,1,1,1,2,2,2,2,2,2,1,1,1,5,1,2,2,7,2,2,2,2,2,2,2,2,2,5,2,5,2,1,2,2,1,3,8,8,4,2,4,2,4,,,7,4,,,1,2,5,1,3,4,6,5,8,3,1,5,4,4,6,6,7,3,3,3,8,5,4,,4,,,1,7,7,8,1,7,8,1,8,7,6,4,6,6,4,6,4,7,7,2,1,1,6,6,4,7,1,8,5,7,2,7,4,2,4,3,8,7,7,5,,,2,4,,,1,7,3,1,2,2,2,6,3,6,6,3,4,4,4,3,4,2,3,1,3,5,7,5,,3,,,b'\x11\xea\xec\xc75r\x87l\xb6\x11#b\xf5\x01\x1b\x0b'
11EAECC7-3572-876C-B611-2362F5011B0B,2010-wnba-reg-season,wnba_com_game_box,1,1,1,1,3,3,5,6,5,11,10,6,2,2,2,1,6,7,5,7,2,6,6,4,2,3,1,1,7,2,1,4,2,3,1,3,2,8,8,4,6,5,7,4,,,10,12,,,1,9,12,3,3,5,6,11,10,2,2,6,7,7,6,6,2,4,3,3,8,6,7,,10,,,1,2,2,4,1,1,2,1,6,7,5,8,7,7,7,7,8,4,4,1,1,2,11,7,10,3,2,2,1,2,1,1,2,8,8,3,1,2,7,8,,,9,10,,,1,5,2,3,1,2,2,4,1,2,6,7,7,7,7,4,4,3,2,2,1,8,1,7,,9,,,b'\x11\xea\xec\xc75r\x87l\xb6\x11#b\xf5\x01\x1b\x0b'
11EAECC7-3572-876C-B611-2362F5011B0B,2011-wnba-pst-season,wnba_com_game_box,5,2,5,5,5,5,6,5,7,7,6,7,4,5,2,2,5,5,6,5,1,5,5,4,3,2,1,1,1,5,5,5,2,5,5,7,8,2,4,7,7,7,8,7,,,4,7,,,3,5,5,1,3,7,5,8,7,1,1,2,2,3,4,6,4,2,3,8,3,7,7,,6,,,2,4,3,3,4,3,3,8,3,3,2,6,4,3,8,2,4,3,3,3,4,5,3,3,5,3,2,4,5,3,5,3,1,7,5,4,1,1,2,3,,,5,1,,,3,4,2,3,2,4,5,4,6,3,3,6,5,3,2,3,3,3,7,4,2,6,1,2,,1,,,b'\x11\xea\xec\xc75r\x87l\xb6\x11#b\xf5\x01\x1b\x0b'
11EAECC7-3572-876C-B611-2362F5011B0B,2011-wnba-reg-season,wnba_com_game_box,2,2,1,2,11,10,10,12,6,12,12,3,5,3,9,1,11,11,3,10,6,12,12,5,4,7,3,2,9,11,9,7,2,9,2,9,4,9,10,9,7,6,8,8,,,9,11,,,6,12,12,11,10,10,12,12,12,5,3,11,11,10,12,12,11,7,9,9,9,7,8,,9,,,6,1,1,1,3,2,3,1,3,2,8,4,2,2,6,3,3,1,1,2,1,1,5,6,4,3,2,1,9,1,2,1,2,10,7,6,6,9,6,9,,,12,11,,,6,1,9,1,6,1,1,1,2,3,3,2,2,2,3,1,1,3,1,1,1,10,6,6,,12,,,b'\x11\xea\xec\xc75r\x87l\xb6\x11#b\xf5\x01\x1b\x0b'
11EAECC7-3572-876C-B611-2362F5011B0B,2012-wnba-pst-season,wnba_com_game_box,5,1,5,5,5,5,6,6,6,6,6,7,4,4,1,1,5,5,8,5,3,6,6,5,6,6,1,1,4,6,8,5,1,5,6,4,1,3,5,2,6,5,6,6,,,5,8,,,4,6,7,1,5,6,5,7,7,1,2,5,2,2,3,3,8,1,3,1,5,5,6,,8,,,4,3,3,4,2,3,4,2,3,3,3,2,6,5,5,5,6,4,3,1,4,5,7,1,8,3,1,5,8,3,6,4,6,6,6,6,3,6,5,7,,,5,6,,,4,3,6,2,5,4,1,3,3,6,1,2,7,6,6,6,3,1,7,6,5,6,6,6,,5,,,b'\x11\xea\xec\xc75r\x87l\xb6\x11#b\xf5\x01\x1b\x0b'
11EAECC7-3572-876C-B611-2362F5011B0B,2012-wnba-reg-season,wnba_com_game_box,7,7,1,7,9,11,12,12,4,12,12,3,4,2,8,1,9,10,8,10,1,12,12,4,4,6,3,3,7,12,12,3,4,10,10,6,1,11,12,8,12,12,11,10,,,6,8,,,8,12,12,9,11,12,12,12,12,4,2,9,10,10,12,12,12,3,10,6,11,12,11,,6,,,8,1,1,5,1,1,4,1,8,8,5,10,5,4,7,5,7,6,2,1,1,2,11,10,10,9,4,5,12,5,10,2,4,11,11,9,11,12,5,8,,,8,4,,,8,1,9,2,7,1,1,5,1,4,8,8,5,4,5,6,2,9,5,5,2,11,11,5,,8,,,b'\x11\xea\xec\xc75r\x87l\xb6\x11#b\xf5\x01\x1b\x0b'
11EAECC7-3572-876C-B611-2362F5011B0B,2013-wnba-pst-season,wnba_com_game_box,7,2,7,7,7,8,7,8,2,7,8,3,6,7,4,1,8,8,8,8,8,8,8,3,3,6,5,3,8,8,8,7,7,7,7,8,7,2,8,8,7,3,8,8,,,1,3,,,5,8,8,1,8,6,8,6,8,3,4,8,8,8,8,8,8,5,7,7,8,3,8,,3,,,7,1,1,2,5,2,2,4,1,1,7,1,1,1,4,1,1,2,2,5,3,3,3,4,1,2,7,1,8,1,7,2,8,7,3,6,2,8,2,7,,,8,6,,,5,1,8,5,7,3,5,4,6,6,4,1,1,1,1,2,3,7,4,4,7,3,8,7,,7,,,b'\x11\xea\xec\xc75r\x87l\xb6\x11#b\xf5\x01\x1b\x0b'
11EAECC7-3572-876C-B611-2362F5011B0B,2013-wnba-reg-season,wnba_com_game_box,5,5,1,5,7,10,12,12,5,12,12,4,2,3,7,2,6,8,1,8,3,12,12,4,4,5,2,2,5,11,11,10,5,12,8,10,9,11,12,12,10,10,12,12,,,5,10,,,9,12,11,7,10,12,12,12,12,2,3,6,8,8,12,12,11,10,12,10,11,10,12,,5,,,9,2,2,2,8,4,2,10,5,5,2,7,10,9,12,7,11,2,1,9,10,10,8,5,12,1,5,1,11,1,8,4,9,10,8,8,9,12,6,10,,,8,4,,,9,1,6,9,9,2,2,2,4,2,5,5,10,9,7,2,1,1,1,1,4,10,9,6,,8,,,b'\x11\xea\xec\xc75r\x87l\xb6\x11#b\xf5\x01\x1b\x0b'
11EAECC7-3572-876C-B611-2362F5011B0B,2014-wnba-reg-season,wnba_com_game_box,11,11,1,11,8,12,12,12,4,12,12,3,2,3,5,1,12,12,7,12,5,12,12,3,3,6,2,2,10,12,12,11,5,12,12,7,3,8,12,7,12,9,12,12,,,5,7,,,12,12,12,8,12,12,12,12,12,2,3,12,12,12,12,12,12,11,12,7,8,12,12,,5,,,12,5,5,2,10,9,2,10,3,4,8,5,4,3,10,3,5,1,1,10,10,10,3,5,6,1,5,5,12,2,12,5,4,10,6,6,6,12,4,9,,,12,8,,,12,1,10,10,12,5,5,2,9,2,3,4,4,3,3,1,1,1,5,2,5,10,6,4,,12,,,b'\x11\xea\xec\xc75r\x87l\xb6\x11#b\xf5\x01\x1b\x0b'
11EAECC7-3572-876C-B611-2362F5011B0B,2015-wnba-reg-season,wnba_com_game_box,11,11,1,11,12,11,11,12,5,9,12,4,6,6,8,4,11,12,4,12,7,12,11,4,5,9,7,5,8,12,12,5,5,12,12,4,3,11,12,9,11,11,10,10,,,4,4,,,11,8,7,12,11,11,12,9,12,6,6,11,12,12,12,11,12,5,12,4,11,11,10,,4,,,11,7,9,7,7,7,4,8,9,10,5,10,5,5,5,5,5,8,4,7,7,9,9,10,3,7,5,9,12,9,12,9,7,10,9,9,10,12,7,9,,,10,6,,,11,4,11,9,11,7,9,7,7,4,9,10,5,5,5,8,4,7,9,9,9,10,10,7,,10,,,b'\x11\xea\xec\xc75r\x87l\xb6\x11#b\xf5\x01\x1b\x0b'
11EAECC7-3572-876C-B611-2362F5011B0B,2016-wnba-pst-season,wnba_com_game_box,6,1,6,6,6,7,8,7,7,8,8,8,6,6,6,1,6,6,1,6,3,7,7,7,6,5,1,1,1,7,5,6,4,6,8,7,1,1,1,1,6,5,6,6,,,1,7,,,5,8,8,1,5,8,3,8,6,1,1,1,2,2,4,4,4,6,4,6,1,5,6,,5,,,7,2,2,2,7,3,3,7,2,2,6,5,1,1,5,1,6,2,2,6,6,7,5,4,6,2,4,3,5,3,8,2,3,8,7,7,1,1,3,8,,,6,3,,,5,1,3,7,7,6,5,2,5,4,5,5,6,6,6,3,2,4,8,8,3,7,1,8,,2,,,b'\x11\xea\xec\xc75r\x87l\xb6\x11#b\xf5\x01\x1b\x0b'
11EAECC7-3572-876C-B611-2362F5011B0B,2016-wnba-reg-season,wnba_com_game_box,7,7,1,7,12,9,9,12,4,10,12,2,1,2,5,1,8,9,3,9,5,12,11,2,2,3,3,1,9,11,12,7,8,11,10,3,1,10,12,5,11,10,8,9,,,2,2,,,6,10,9,12,9,9,12,10,12,1,2,8,9,9,12,11,11,7,11,3,10,11,8,,2,,,6,3,10,8,9,10,10,8,4,5,6,4,2,2,6,2,1,6,4,7,5,5,1,5,1,9,8,4,12,5,10,3,2,10,10,6,6,8,3,5,,,7,5,,,6,3,5,6,5,3,10,8,10,10,4,5,2,2,2,6,4,9,4,5,3,10,6,3,,7,,,b'\x11\xea\xec\xc75r\x87l\xb6\x11#b\xf5\x01\x1b\x0b'
11EAECC7-3572-876C-B611-2362F5011B0B,2017-wnba-pst-season,wnba_com_game_box,5,1,5,5,5,7,8,7,7,8,7,8,6,7,5,2,6,7,1,7,2,7,7,7,7,7,1,4,1,7,6,8,3,8,7,7,6,3,4,8,5,2,6,4,,,3,8,,,4,7,8,1,7,8,6,8,6,4,4,2,3,3,6,6,5,7,7,7,4,2,4,,7,,,6,1,1,1,1,1,1,1,2,1,6,6,4,4,8,4,8,1,1,2,7,7,8,6,8,2,3,3,6,3,7,1,5,5,4,2,2,2,3,7,,,7,2,,,4,1,7,5,7,3,1,1,1,1,5,4,8,8,8,1,1,2,7,7,1,4,2,7,,3,,,b'\x11\xea\xec\xc75r\x87l\xb6\x11#b\xf5\x01\x1b\x0b'
11EAECC7-3572-876C-B611-2362F5011B0B,2017-wnba-reg-season,wnba_com_game_box,8,8,1,8,5,5,5,12,3,9,12,1,1,3,4,1,6,7,5,7,4,12,12,1,1,1,4,1,7,12,12,8,10,11,11,3,1,10,10,3,8,8,9,9,,,3,3,,,6,10,9,5,5,5,12,9,12,1,3,6,7,7,12,12,12,8,11,3,10,8,9,,3,,,6,8,10,10,9,6,7,7,12,12,10,11,3,3,7,3,3,6,7,9,9,8,9,12,2,11,10,4,12,6,11,3,2,8,8,6,9,10,4,9,,,5,3,,,6,6,2,8,7,8,10,10,6,7,12,12,3,3,3,6,7,11,4,6,3,8,9,4,,5,,,b'\x11\xea\xec\xc75r\x87l\xb6\x11#b\xf5\x01\x1b\x0b'
11EAECC7-3572-876C-B611-2362F5011B0B,2018-wnba-pst-season,wnba_sr_game_summary,1,5,2,1,2,2,2,2,3,3,2,5,1,2,2,2,2,2,4,2,4,2,2,2,2,2,2,2,5,2,4,2,2,2,2,1,1,7,5,3,2,5,3,5,7,3,7,2,2,5,2,2,5,2,2,3,4,6,5,2,2,3,4,4,3,2,4,3,2,1,5,5,5,4,3,4,4,2,7,7,7,5,8,7,5,6,8,1,5,7,7,5,7,3,7,7,5,4,4,1,1,5,6,2,7,4,7,2,6,1,2,4,2,8,5,7,3,3,5,2,5,7,2,2,7,2,3,2,4,5,5,7,5,1,4,4,3,3,4,5,4,4,3,2,3,5,4,5,4,3,5,b'\x11\xea\xec\xc75r\x87l\xb6\x11#b\xf5\x01\x1b\x0b'
11EAECC7-3572-876C-B611-2362F5011B0B,2018-wnba-reg-season,wnba_sr_game_summary,1,1,1,1,3,2,2,5,1,9,10,1,1,1,1,2,7,6,5,6,6,7,7,1,2,2,3,1,9,8,7,1,4,5,4,1,4,6,7,2,2,2,4,4,4,4,2,1,12,8,1,6,8,3,2,2,6,9,10,1,1,7,7,7,7,7,9,2,5,1,6,2,4,4,2,12,8,1,5,7,10,3,9,10,3,2,2,3,2,2,2,9,2,1,6,7,3,2,2,2,3,2,9,4,6,7,5,4,2,2,5,6,4,3,4,4,4,4,4,12,12,2,11,1,6,1,2,1,4,7,9,8,10,2,2,2,2,2,6,6,8,5,4,2,6,3,4,4,12,2,12,b'\x11\xea\xec\xc75r\x87l\xb6\x11#b\xf5\x01\x1b\x0b'
11EAECC7-3572-876C-B611-2362F5011B0B,2019-wnba-pst-season,wnba_sr_game_summary,4,1,5,3,5,6,6,6,6,6,6,7,6,6,3,3,5,5,4,5,2,6,6,6,5,5,3,2,3,6,7,6,8,6,7,6,3,4,7,6,6,2,6,4,3,6,3,2,6,4,6,6,8,1,5,7,7,7,8,3,5,3,3,3,8,8,7,7,7,5,6,2,4,3,2,7,5,5,3,4,4,6,4,3,7,4,4,3,6,1,1,1,2,1,3,3,7,3,3,1,6,1,4,8,3,7,3,7,4,1,6,2,2,4,5,3,6,6,4,6,6,3,5,6,3,5,5,5,3,6,5,6,5,5,6,1,1,1,3,5,8,5,5,4,2,5,3,4,7,2,2,b'\x11\xea\xec\xc75r\x87l\xb6\x11#b\xf5\x01\x1b\x0b'
11EAECC7-3572-876C-B611-2362F5011B0B,2019-wnba-reg-season,wnba_sr_game_summary,6,6,1,6,9,10,9,11,9,9,10,6,5,4,6,2,11,11,7,11,9,11,10,7,7,9,5,2,8,5,4,12,6,12,9,9,8,11,11,10,1,1,7,7,4,5,2,2,12,2,7,10,10,9,10,9,11,9,10,5,4,11,11,11,11,10,5,12,12,9,11,1,7,4,2,12,2,7,1,3,2,12,5,4,10,5,2,10,7,2,1,5,1,3,1,2,11,9,4,4,9,2,3,6,4,4,3,9,5,6,3,2,3,12,12,4,5,7,7,12,12,2,10,7,2,9,4,8,1,3,2,5,4,5,2,2,1,1,1,2,3,4,3,5,3,12,4,7,12,2,10,b'\x11\xea\xec\xc75r\x87l\xb6\x11#b\xf5\x01\x1b\x0b'
11EAECC7-3572-876C-B611-2362F5011B0B,2020-wnba-pst-season,wnba_sr_game_summary,1,1,3,1,3,2,2,3,2,3,3,1,1,1,5,2,3,3,3,3,4,3,3,2,2,1,5,4,7,3,4,3,7,3,3,1,1,6,1,1,2,3,2,3,6,4,6,4,3,7,1,3,1,1,1,1,2,1,4,3,2,6,6,6,2,4,6,1,2,1,1,3,3,4,5,3,7,1,6,6,6,2,6,6,2,7,7,5,6,6,6,2,6,4,6,6,3,3,3,6,5,5,7,7,6,4,6,3,6,5,3,2,3,6,1,6,4,2,3,3,2,6,4,1,6,1,3,1,3,4,5,3,3,5,5,4,5,5,5,7,7,3,3,4,2,1,4,3,3,5,4,b'\x11\xea\xec\xc75r\x87l\xb6\x11#b\xf5\x01\x1b\x0b'
11EAECC7-3572-876C-B611-2362F5011B0B,2020-wnba-reg-season,wnba_sr_game_summary,1,1,1,1,7,2,4,7,4,6,7,4,2,7,2,7,5,6,6,5,5,6,9,3,2,1,6,6,8,8,7,3,10,5,6,1,1,4,5,2,1,1,3,2,3,2,2,2,11,4,1,7,6,7,2,4,7,6,7,2,7,5,6,5,6,9,8,3,5,1,4,1,3,3,2,11,4,1,1,1,6,1,1,5,1,6,11,1,10,3,2,11,2,4,5,10,1,1,1,11,9,7,11,10,4,7,7,6,2,10,2,2,1,4,5,3,2,3,2,11,10,2,11,1,7,2,1,1,1,1,6,1,5,6,11,3,2,2,5,10,11,4,7,2,2,4,3,3,11,2,11,b'\x11\xea\xec\xc75r\x87l\xb6\x11#b\xf5\x01\x1b\x0b'
11EAECC7-3572-876C-B611-2362F5011B0B,2021-wnba-c_c-season,wnba_sr_game_summary,1,1,1,1,1,1,1,2,1,1,2,1,1,1,1,1,1,1,2,1,1,2,2,1,1,1,1,1,2,2,2,2,2,2,2,1,1,1,1,1,1,1,1,1,1,1,1,1,1,1,1,2,1,1,1,1,2,1,2,1,1,1,1,1,2,2,2,2,2,1,1,1,1,1,1,1,1,1,1,1,2,1,1,2,1,1,1,1,1,1,1,2,1,1,2,2,1,1,1,1,1,2,2,2,2,2,2,2,1,1,1,1,1,1,1,1,1,1,1,1,1,1,1,1,2,1,1,1,1,1,2,1,2,1,1,1,1,1,2,2,2,2,2,1,1,1,1,1,1,1,1,b'\x11\xea\xec\xc75r\x87l\xb6\x11#b\xf5\x01\x1b\x0b'
11EAECC7-3572-876C-B611-2362F5011B0B,2021-wnba-pst-season,wnba_sr_game_summary,5,1,5,5,5,6,7,5,7,7,5,7,6,6,5,5,5,5,1,5,5,5,5,7,7,6,1,4,1,6,8,5,7,5,6,6,1,3,3,4,7,8,5,2,4,8,3,6,5,1,3,5,4,1,6,7,1,7,3,2,2,1,4,4,1,1,6,1,1,5,4,7,1,8,7,1,1,5,3,2,4,1,2,3,3,3,3,3,6,2,4,1,4,7,4,4,1,1,1,4,5,3,4,7,3,8,4,6,4,6,6,7,5,3,6,4,8,5,2,5,3,3,4,3,4,6,2,6,6,4,8,4,6,5,7,4,8,8,8,8,8,7,8,6,4,7,8,1,1,7,3,b'\x11\xea\xec\xc75r\x87l\xb6\x11#b\xf5\x01\x1b\x0b'
11EAECC7-3572-876C-B611-2362F5011B0B,2021-wnba-reg-season,wnba_sr_game_summary,4,4,1,4,1,2,2,6,3,6,7,4,3,4,1,4,6,8,2,8,7,6,9,1,2,2,3,3,9,10,10,2,4,5,7,2,2,3,4,2,4,4,6,8,3,4,2,2,9,2,3,6,7,1,2,2,6,6,7,3,4,6,8,8,6,9,10,2,5,2,3,4,6,3,2,9,2,3,6,7,9,6,7,8,7,6,7,6,4,4,4,8,4,3,8,9,7,5,7,5,4,3,4,4,8,10,6,7,7,8,7,7,7,3,3,3,4,6,8,9,8,2,10,3,9,2,5,3,6,7,9,7,8,6,7,4,4,4,8,9,4,8,6,7,7,3,3,6,9,2,10,b'\x11\xea\xec\xc75r\x87l\xb6\x11#b\xf5\x01\x1b\x0b'
11EAECC7-3572-876C-B611-2362F5011B0B,2022-wnba-pst-season,wnba_sr_game_summary,4,6,4,2,4,4,4,4,3,4,4,3,4,4,2,5,4,4,4,4,4,4,4,3,3,2,3,3,5,4,5,4,3,4,3,4,4,5,1,1,4,7,4,4,5,5,5,5,4,5,4,4,6,1,1,1,3,3,3,3,3,2,2,3,3,5,4,5,5,2,1,7,4,5,6,4,4,4,5,5,5,5,5,5,5,6,6,6,5,5,5,7,5,4,5,5,6,6,5,6,6,4,5,3,5,5,5,3,5,1,4,6,4,5,1,5,5,4,4,4,4,5,4,4,5,1,5,4,5,5,4,4,4,6,5,4,2,2,4,4,3,5,3,2,6,1,5,4,4,5,4,b'\x11\xea\xec\xc75r\x87l\xb6\x11#b\xf5\x01\x1b\x0b'
11EAECC7-3572-876C-B611-2362F5011B0B,2022-wnba-reg-season,wnba_sr_game_summary,4,4,1,4,9,5,4,4,6,10,10,7,3,4,1,3,11,11,1,12,12,7,10,3,4,3,4,2,12,7,8,8,9,9,10,2,2,2,3,2,3,3,3,3,1,1,1,1,12,6,5,11,9,9,5,4,4,10,10,3,4,11,11,12,7,10,7,8,9,2,2,3,3,1,1,12,6,5,3,5,7,4,9,9,7,2,6,1,5,1,1,5,1,2,5,6,3,2,1,2,5,1,8,9,11,8,11,10,7,11,3,4,4,4,4,1,1,3,3,12,12,1,10,5,6,5,3,4,3,5,7,9,9,2,6,1,1,1,5,6,8,11,11,7,3,4,1,3,12,1,10,b'\x11\xea\xec\xc75r\x87l\xb6\x11#b\xf5\x01\x1b\x0b'
11EAECC7-3572-876C-B611-2362F5011B0B,2023-wnba-reg-season,wnba_sr_game_summary,11,11,1,11,7,11,12,7,12,12,10,12,3,3,5,3,8,6,9,6,3,7,4,12,12,12,2,2,5,5,7,5,8,4,8,12,9,11,11,12,6,6,4,4,7,10,6,6,8,6,11,4,4,7,11,12,7,12,10,3,3,8,6,6,7,4,5,5,4,12,11,6,4,7,6,8,6,11,8,10,8,9,11,9,9,6,4,8,4,6,5,12,6,5,8,6,7,8,8,5,4,6,8,8,9,7,12,8,12,11,8,6,10,12,12,7,10,4,4,8,9,6,9,11,8,12,9,11,8,10,8,11,9,6,4,6,5,6,8,6,8,9,12,12,8,12,7,4,8,6,9,b'\x11\xea\xec\xc75r\x87l\xb6\x11#b\xf5\x01\x1b\x0b'
11EAECC7-3572-876C-B611-2362F5011B0B,2024-wnba-pst-season,wnba_sr_game_summary,5,1,5,5,5,8,8,5,8,8,5,8,7,7,6,7,5,6,1,5,7,5,8,8,8,8,6,6,4,7,6,5,3,6,6,8,7,1,1,2,5,1,8,8,4,6,1,1,7,2,5,7,8,3,8,8,1,6,1,7,7,5,6,5,2,6,5,2,3,8,1,1,7,7,1,7,2,5,1,1,1,4,1,3,5,1,2,4,2,1,1,7,1,1,1,1,5,4,5,1,2,3,2,3,4,6,4,6,1,3,5,4,5,1,3,4,6,8,8,7,7,1,7,5,1,8,5,6,4,5,2,5,7,1,2,3,1,1,2,2,4,8,8,4,4,1,7,7,7,1,7,b'\x11\xea\xec\xc75r\x87l\xb6\x11#b\xf5\x01\x1b\x0b'
11EAECC7-3572-876C-B611-2362F5011B0B,2024-wnba-reg-season,wnba_sr_game_summary,5,5,1,5,4,5,3,1,8,2,3,5,9,8,12,8,4,7,1,7,11,2,3,9,9,7,10,11,4,4,7,6,9,6,9,4,7,2,2,4,1,1,1,1,9,9,4,3,11,3,5,3,3,4,5,3,1,2,3,9,8,4,7,7,2,3,4,6,6,4,2,1,1,9,4,11,3,5,4,3,5,3,6,9,2,3,2,5,1,7,7,6,7,4,6,10,3,3,3,6,3,9,10,9,9,7,11,9,4,5,1,2,3,7,6,9,9,1,1,11,11,4,9,5,10,8,4,5,4,3,5,6,9,3,2,7,7,7,6,10,10,9,11,4,1,7,9,1,11,4,9,b'\x11\xea\xec\xc75r\x87l\xb6\x11#b\xf5\x01\x1b\x0b'
11EAECC7-3572-876C-B611-2362F5011B0B,2025-wnba-pst-season,wnba_sr_game_summary,5,1,5,5,6,5,5,6,3,6,5,7,5,7,1,7,6,7,6,6,7,7,7,3,5,4,5,3,6,5,2,7,4,7,2,6,8,2,4,4,6,6,7,4,4,6,3,7,5,3,6,7,8,6,5,3,4,6,1,3,7,6,7,6,7,7,2,6,6,6,4,7,5,6,7,4,6,6,4,4,2,8,4,2,7,4,3,8,4,3,3,1,3,8,2,2,7,8,8,7,4,7,2,4,2,2,2,2,4,6,6,4,6,3,6,4,6,7,4,5,4,3,4,6,2,4,7,7,7,6,1,5,2,5,3,7,7,7,1,1,2,3,2,7,5,6,6,5,4,7,2,b'\x11\xea\xec\xc75r\x87l\xb6\x11#b\xf5\x01\x1b\x0b'
11EAECC7-3572-876C-B611-2362F5011B0B,2025-wnba-reg-season,wnba_sr_game_summary,7,7,1,7,2,8,3,2,5,2,2,6,9,9,5,9,12,13,8,13,13,4,9,7,8,7,11,9,12,12,13,12,9,13,13,4,8,1,1,2,1,1,1,1,10,7,6,6,11,1,7,4,5,2,8,3,2,2,2,9,9,12,13,13,4,9,12,12,13,4,1,1,1,10,6,11,1,7,4,5,5,7,9,11,6,2,2,9,2,7,7,9,7,6,2,10,7,7,6,3,3,7,5,9,13,13,13,13,5,5,1,1,1,5,5,10,7,1,1,11,10,6,3,7,11,8,4,7,4,5,5,9,11,2,2,7,7,7,2,10,5,13,13,5,1,5,10,1,11,6,3,b'\x11\xea\xec\xc75r\x87l\xb6\x11#b\xf5\x01\x1b\x0b'
11EAECC7-3572-876C-B611-2362F5011B0B,all-wnba-c_c-season,wnba_box,1,1,1,1,1,3,2,4,2,3,4,1,2,2,2,2,3,3,4,3,3,4,4,2,2,2,2,1,4,4,4,4,4,4,4,3,2,3,3,3,1,1,2,2,2,2,1,1,3,1,1,4,3,1,3,2,4,3,4,2,2,3,3,3,4,4,4,4,4,3,3,1,2,2,1,3,1,1,1,1,2,1,1,3,1,1,1,2,1,1,1,3,1,1,2,4,1,1,1,1,2,2,3,4,2,4,2,4,1,1,1,1,1,1,2,2,2,2,2,3,3,1,1,1,4,2,1,1,1,1,2,1,3,1,1,1,1,1,2,4,3,2,2,1,1,1,2,2,3,1,1,b'\x11\xea\xec\xc75r\x87l\xb6\x11#b\xf5\x01\x1b\x0b'
11EAECC7-3572-876C-B611-2362F5011B0B,all-wnba-pst-season,wnba_box,8,10,8,6,8,8,8,8,6,8,9,7,5,6,4,3,8,8,7,8,7,8,8,4,4,4,2,2,11,9,14,8,4,9,12,7,4,11,7,6,8,11,8,13,15,14,11,8,4,13,6,8,8,8,7,8,9,12,12,2,3,8,11,11,10,10,16,8,10,6,8,9,10,14,11,6,13,6,11,11,11,10,11,11,9,12,12,15,11,11,10,15,10,9,11,11,11,11,12,12,11,9,11,4,11,14,11,12,11,4,8,10,9,11,10,11,15,6,6,8,12,15,7,6,11,5,10,8,10,10,10,11,12,11,11,10,10,10,9,10,5,13,13,10,8,10,12,6,12,13,6,b'\x11\xea\xec\xc75r\x87l\xb6\x11#b\xf5\x01\x1b\x0b'
11EAECC7-3572-876C-B611-2362F5011B0B,all-wnba-reg-season,wnba_box,7,12,9,5,10,9,9,10,4,9,10,4,3,4,3,3,10,10,3,10,10,10,10,1,2,3,5,3,14,10,16,9,4,10,14,9,6,10,11,8,10,11,6,7,11,15,10,5,12,10,5,10,11,16,10,9,13,11,16,3,4,12,17,17,12,14,19,10,13,8,8,11,6,13,4,8,10,5,10,10,11,11,10,11,10,11,11,12,10,10,10,17,10,2,11,11,9,9,9,8,11,4,11,4,11,16,11,14,10,4,10,12,10,11,13,10,13,2,4,10,15,9,11,5,10,5,7,4,8,9,10,11,14,8,9,3,3,3,8,9,6,9,9,8,13,11,10,4,16,13,10,b'\x11\xea\xec\xc75r\x87l\xb6\x11#b\xf5\x01\x1b\x0b'
11EAECC7-3575-E2FE-B611-2362F5011B0B,1997-wnba-reg-season,wnba_com_game_box,8,8,1,8,4,8,7,1,7,6,3,8,5,3,6,4,7,7,5,7,8,3,2,8,8,8,3,3,5,2,4,4,5,2,8,6,4,5,4,6,7,6,2,3,,,6,5,,,8,3,3,4,8,7,1,6,3,5,3,7,7,7,3,2,2,4,2,6,5,7,2,,6,,,8,7,7,8,7,7,7,7,5,8,4,6,6,6,5,6,5,7,7,7,7,7,4,5,4,7,5,8,4,8,8,8,7,8,8,8,4,4,8,6,,,7,8,,,8,7,8,7,8,7,7,8,7,7,5,8,6,6,6,7,7,7,8,8,8,8,4,8,,7,,,b'\x11\xea\xec\xc75u\xe2\xfe\xb6\x11#b\xf5\x01\x1b\x0b'
11EAECC7-3575-E2FE-B611-2362F5011B0B,1998-wnba-reg-season,wnba_com_game_box,8,8,1,8,4,6,6,5,6,6,5,5,4,5,5,5,8,9,8,8,7,6,3,5,6,7,5,4,9,8,9,2,4,3,7,5,6,9,7,8,9,9,1,1,,,8,6,,,9,3,3,4,6,6,5,6,5,4,5,8,9,8,6,3,8,2,3,5,9,9,1,,8,,,9,9,9,10,8,9,9,9,10,10,9,8,8,8,9,8,6,10,9,9,9,9,9,9,6,9,4,9,9,9,7,9,7,10,10,10,8,8,2,2,,,9,10,,,9,9,8,9,9,9,9,10,9,9,10,10,8,8,8,10,9,9,9,9,9,10,8,2,,9,,,b'\x11\xea\xec\xc75u\xe2\xfe\xb6\x11#b\xf5\x01\x1b\x0b'
11EAECC7-3575-E2FE-B611-2362F5011B0B,1999-wnba-reg-season,wnba_com_game_box,6,6,1,6,1,2,2,2,4,1,2,3,10,9,8,10,1,3,2,3,4,3,1,6,3,5,9,11,1,2,2,1,1,2,1,3,4,11,10,7,5,6,1,1,,,12,12,,,8,1,4,1,2,2,2,1,2,10,9,1,3,3,3,1,2,1,2,3,11,5,1,,12,,,8,12,12,8,12,9,5,10,12,11,12,10,12,12,9,12,11,10,9,12,12,12,12,11,10,4,1,4,2,3,1,12,11,8,10,11,10,10,8,7,,,3,5,,,8,9,4,12,9,12,12,8,9,5,12,11,12,12,12,10,9,4,4,3,12,8,10,8,,3,,,b'\x11\xea\xec\xc75u\xe2\xfe\xb6\x11#b\xf5\x01\x1b\x0b'
11EAECC7-3575-E2FE-B611-2362F5011B0B,2000-wnba-reg-season,wnba_com_game_box,6,6,1,6,10,2,3,5,3,2,2,7,14,16,8,16,1,1,4,1,2,2,2,8,2,4,14,15,1,3,2,2,3,1,1,5,10,15,12,12,16,16,1,2,,,12,12,,,7,2,3,10,2,3,5,2,2,14,16,1,1,1,2,2,3,2,1,5,15,16,1,,12,,,7,14,14,14,10,12,11,10,15,14,12,11,14,15,7,15,14,16,13,10,10,15,14,10,11,9,3,2,2,2,1,9,4,15,15,15,16,13,9,6,,,3,8,,,7,13,5,15,8,14,14,14,12,11,15,14,14,15,15,16,13,9,2,2,9,15,16,9,,3,,,b'\x11\xea\xec\xc75u\xe2\xfe\xb6\x11#b\xf5\x01\x1b\x0b'
11EAECC7-3575-E2FE-B611-2362F5011B0B,2001-wnba-pst-season,wnba_com_game_box,7,2,7,7,7,7,7,8,5,7,7,2,8,8,8,8,5,6,3,6,1,7,7,6,4,4,7,8,1,7,6,8,5,8,5,7,7,2,7,7,7,7,5,2,,,2,8,,,7,7,3,1,3,4,4,2,3,8,8,1,1,1,3,3,6,3,3,6,8,5,2,,8,,,8,2,1,1,4,1,2,2,2,1,8,1,4,4,8,4,8,2,2,4,8,8,8,2,8,2,5,1,6,1,5,1,1,7,8,2,1,4,1,2,,,7,2,,,7,2,4,8,8,8,5,5,5,8,5,1,8,8,8,8,8,8,6,6,1,7,6,2,,2,,,b'\x11\xea\xec\xc75u\xe2\xfe\xb6\x11#b\xf5\x01\x1b\x0b'
11EAECC7-3575-E2FE-B611-2362F5011B0B,2001-wnba-reg-season,wnba_com_game_box,6,6,1,6,8,3,4,9,3,2,1,4,16,16,10,16,2,2,8,2,6,6,7,7,4,5,15,16,2,13,8,1,3,3,3,4,7,10,9,6,16,16,2,2,,,12,8,,,8,5,7,8,3,4,9,2,1,16,16,2,2,2,6,7,13,1,3,4,10,16,2,,12,,,8,12,10,14,7,13,15,9,4,12,2,8,15,16,9,16,12,16,12,5,7,12,7,4,15,15,3,4,8,6,3,7,5,16,16,15,13,12,16,13,,,2,2,,,8,10,6,13,8,12,10,14,13,15,4,12,15,16,16,16,12,15,4,6,7,16,13,16,,2,,,b'\x11\xea\xec\xc75u\xe2\xfe\xb6\x11#b\xf5\x01\x1b\x0b'
11EAECC7-3575-E2FE-B611-2362F5011B0B,2002-wnba-pst-season,wnba_com_game_box,4,7,3,4,3,3,3,3,5,3,3,6,5,5,5,8,3,3,7,3,2,3,3,5,5,5,8,8,2,3,6,3,7,3,4,4,4,7,6,6,4,7,1,1,,,6,3,,,8,3,3,2,2,3,3,1,2,8,8,1,1,1,2,2,4,1,1,3,7,7,1,,7,,,6,6,7,6,2,6,7,1,7,6,7,4,6,6,5,6,5,6,6,2,2,3,7,7,6,7,7,6,6,7,4,7,2,4,8,7,8,6,8,7,,,3,3,,,8,6,6,5,5,8,6,8,5,8,8,8,7,7,7,8,8,8,6,7,4,8,7,7,,2,,,b'\x11\xea\xec\xc75u\xe2\xfe\xb6\x11#b\xf5\x01\x1b\x0b'
11EAECC7-3575-E2FE-B611-2362F5011B0B,2002-wnba-reg-season,wnba_com_game_box,3,3,1,3,7,2,2,7,3,1,1,4,16,16,6,16,1,1,6,1,2,2,1,5,3,3,13,16,1,3,2,2,12,3,3,8,14,15,13,13,12,15,1,1,,,14,10,,,4,2,2,7,2,2,7,1,1,16,16,1,1,1,2,1,3,2,3,8,15,12,1,,14,,,4,16,15,16,4,16,16,5,2,4,7,1,15,15,10,15,8,16,16,4,4,9,3,2,12,15,12,4,2,12,3,6,3,14,16,13,10,5,16,12,,,1,2,,,4,15,3,10,6,16,15,16,16,16,2,4,15,15,15,16,16,15,4,12,6,14,10,16,,1,,,b'\x11\xea\xec\xc75u\xe2\xfe\xb6\x11#b\xf5\x01\x1b\x0b'
11EAECC7-3575-E2FE-B611-2362F5011B0B,2003-wnba-reg-season,wnba_com_game_box,12,12,1,12,13,12,13,6,13,7,1,13,14,14,14,14,2,2,9,2,4,3,2,14,13,13,11,14,2,5,9,3,13,2,8,14,14,12,10,14,14,14,1,2,,,14,13,,,14,2,3,13,12,13,6,7,1,14,14,2,2,2,3,2,5,3,2,14,12,14,1,,14,,,14,12,11,13,2,11,13,2,6,9,2,6,14,14,5,14,11,13,13,1,3,7,9,4,14,13,13,11,9,13,8,10,5,13,14,13,12,9,11,9,,,2,10,,,14,12,13,10,14,12,11,13,11,13,6,9,14,14,14,13,13,13,11,13,10,13,12,11,,2,,,b'\x11\xea\xec\xc75u\xe2\xfe\xb6\x11#b\xf5\x01\x1b\x0b'
11EAECC7-3575-E2FE-B611-2362F5011B0B,2004-wnba-reg-season,wnba_com_game_box,13,13,1,13,6,9,9,8,8,5,4,9,12,12,11,12,4,6,1,6,11,8,9,11,9,10,12,12,2,10,9,10,7,11,9,10,8,10,10,10,6,5,12,11,,,4,5,,,13,7,8,6,9,9,8,5,4,12,12,4,6,6,8,9,10,10,11,10,10,6,12,,4,,,13,10,13,6,13,10,4,13,11,11,10,10,2,2,6,2,4,5,5,13,13,13,8,10,2,7,7,5,9,6,9,13,11,7,5,10,9,11,7,6,,,10,9,,,13,6,12,13,13,10,13,6,10,4,11,11,2,2,2,5,5,7,5,6,13,7,9,7,,10,,,b'\x11\xea\xec\xc75u\xe2\xfe\xb6\x11#b\xf5\x01\x1b\x0b'
11EAECC7-3575-E2FE-B611-2362F5011B0B,2005-wnba-reg-season,wnba_com_game_box,12,12,1,12,11,12,13,13,8,9,8,9,10,10,9,9,6,7,3,7,4,12,10,10,8,10,6,10,1,12,11,7,12,11,12,13,12,11,13,13,13,12,12,12,,,5,6,,,13,8,8,11,12,13,13,9,8,10,10,6,7,7,12,10,12,7,11,13,11,13,12,,5,,,13,13,13,11,10,12,10,10,9,8,9,7,6,5,12,4,5,11,7,10,9,13,5,9,3,12,12,6,11,10,12,11,9,12,10,13,13,12,12,12,,,4,2,,,13,6,11,13,12,13,13,11,12,10,9,8,6,5,4,11,7,12,6,10,11,12,13,12,,4,,,b'\x11\xea\xec\xc75u\xe2\xfe\xb6\x11#b\xf5\x01\x1b\x0b'
11EAECC7-3575-E2FE-B611-2362F5011B0B,2006-wnba-reg-season,wnba_com_game_box,10,10,1,10,12,8,10,2,11,10,7,12,3,3,7,5,11,12,6,9,10,2,8,10,12,8,4,3,9,4,9,6,9,4,10,6,7,2,2,4,11,11,14,14,,,3,2,,,10,7,7,12,8,10,2,10,7,3,3,11,12,9,2,8,4,6,4,6,2,11,14,,3,,,10,9,12,11,7,12,13,5,7,2,11,1,4,4,13,4,4,11,8,8,7,9,4,4,4,11,9,12,9,11,10,9,9,12,12,12,4,4,12,11,,,11,10,,,10,6,8,10,10,9,12,11,12,13,7,2,4,4,4,11,8,11,12,11,9,12,4,12,,11,,,b'\x11\xea\xec\xc75u\xe2\xfe\xb6\x11#b\xf5\x01\x1b\x0b'
11EAECC7-3575-E2FE-B611-2362F5011B0B,2007-wnba-pst-season,wnba_com_game_box,4,6,4,4,4,4,4,4,2,4,4,5,3,4,1,3,4,4,4,4,4,4,4,2,3,2,2,2,6,4,4,4,7,4,5,3,1,6,5,2,4,3,3,4,,,5,6,,,4,4,3,5,3,4,5,6,5,3,4,5,5,5,6,5,5,8,8,1,4,3,3,,6,,,4,5,5,5,7,5,5,8,5,5,6,2,6,6,6,6,6,5,5,6,7,7,3,2,8,5,7,5,4,5,5,5,2,4,2,3,6,7,5,8,,,4,6,,,4,5,2,6,4,5,5,2,6,5,3,2,7,7,6,3,4,5,4,4,3,3,6,8,,6,,,b'\x11\xea\xec\xc75u\xe2\xfe\xb6\x11#b\xf5\x01\x1b\x0b'
11EAECC7-3575-E2FE-B611-2362F5011B0B,2007-wnba-reg-season,wnba_com_game_box,4,4,1,4,3,8,7,8,6,9,11,5,4,4,2,4,11,13,3,12,11,11,12,4,3,5,5,3,11,11,10,10,9,12,9,5,4,5,7,5,6,5,6,6,,,8,9,,,6,11,13,3,8,7,8,9,11,4,4,11,13,12,11,12,11,10,12,5,5,6,6,,8,,,6,3,5,2,8,9,6,10,1,1,2,2,7,7,6,7,6,3,3,5,5,4,3,2,8,8,9,4,10,6,9,3,3,5,3,3,5,5,10,12,,,10,9,,,6,3,5,6,7,3,5,2,9,6,1,1,7,7,7,3,3,8,4,6,3,5,5,10,,10,,,b'\x11\xea\xec\xc75u\xe2\xfe\xb6\x11#b\xf5\x01\x1b\x0b'
11EAECC7-3575-E2FE-B611-2362F5011B0B,2008-wnba-pst-season,wnba_com_game_box,2,8,1,4,1,2,2,2,3,2,2,3,1,1,3,4,1,1,3,1,3,2,2,3,2,3,3,3,3,3,8,2,8,2,8,1,2,8,4,4,2,7,3,5,,,7,1,,,8,1,3,3,4,5,7,5,6,3,4,3,3,3,7,6,8,7,8,3,5,7,5,,2,,,7,8,8,8,8,8,8,8,7,7,5,1,6,7,3,7,1,8,8,6,5,6,1,3,2,8,8,8,8,8,8,8,6,1,6,8,8,7,8,6,,,1,2,,,8,8,3,6,7,6,8,7,8,8,3,1,2,2,2,7,6,7,6,7,8,5,6,6,,2,,,b'\x11\xea\xec\xc75u\xe2\xfe\xb6\x11#b\xf5\x01\x1b\x0b'
11EAECC7-3575-E2FE-B611-2362F5011B0B,2008-wnba-reg-season,wnba_com_game_box,1,1,1,1,9,8,8,14,1,10,12,2,6,6,6,6,6,11,2,11,5,14,14,2,1,2,7,6,5,14,14,4,11,13,13,4,1,6,7,3,8,9,4,6,,,1,1,,,3,12,10,9,8,8,14,10,12,6,6,6,11,11,14,14,14,4,13,4,6,8,4,,1,,,3,2,6,11,3,9,13,3,2,2,1,4,2,2,4,2,1,9,9,2,1,1,1,2,3,12,11,8,14,11,13,4,3,8,10,4,8,10,2,5,,,12,6,,,3,5,6,1,1,2,6,11,9,13,2,2,2,2,2,9,9,12,8,11,4,8,8,2,,12,,,b'\x11\xea\xec\xc75u\xe2\xfe\xb6\x11#b\xf5\x01\x1b\x0b'
11EAECC7-3575-E2FE-B611-2362F5011B0B,2009-wnba-pst-season,wnba_com_game_box,5,1,5,5,5,5,5,5,2,5,5,4,4,5,1,2,5,6,6,6,5,5,5,2,2,2,2,1,8,5,7,6,7,5,7,5,7,1,1,1,6,6,7,7,,,2,1,,,8,5,7,4,2,2,3,5,6,1,2,6,6,6,6,7,5,8,7,5,1,6,7,,1,,,8,4,4,4,8,4,4,8,4,4,7,7,2,2,8,2,2,4,4,8,8,8,2,5,1,3,7,4,7,3,7,4,2,7,7,8,1,1,2,4,,,6,8,,,8,4,2,8,8,8,8,6,7,6,7,6,1,1,1,5,3,5,8,6,7,8,1,3,,7,,,b'\x11\xea\xec\xc75u\xe2\xfe\xb6\x11#b\xf5\x01\x1b\x0b'
11EAECC7-3575-E2FE-B611-2362F5011B0B,2009-wnba-reg-season,wnba_com_game_box,10,10,1,10,4,6,8,10,8,11,13,3,2,1,7,1,11,11,7,11,5,10,13,2,2,2,4,2,11,12,11,11,13,13,13,3,1,2,3,2,9,9,11,11,,,2,2,,,10,11,12,4,6,8,10,11,13,2,1,11,11,11,10,13,12,11,13,3,2,9,11,,2,,,10,8,10,11,10,11,11,10,4,4,10,4,4,3,10,4,1,8,5,10,10,9,1,5,3,12,13,8,11,10,13,8,1,10,10,8,5,8,4,10,,,10,7,,,10,5,3,10,8,8,10,11,11,11,4,4,4,3,4,8,5,12,8,10,8,10,5,4,,10,,,b'\x11\xea\xec\xc75u\xe2\xfe\xb6\x11#b\xf5\x01\x1b\x0b'
11EAECC7-3575-E2FE-B611-2362F5011B0B,2010-wnba-pst-season,wnba_com_game_box,6,2,6,6,6,7,6,7,5,7,7,6,5,6,2,2,7,7,4,7,4,7,7,5,3,4,1,1,3,7,8,6,5,7,8,5,2,3,5,3,8,7,6,7,,,2,1,,,8,7,3,1,5,5,5,6,5,1,2,3,3,3,3,3,5,4,6,2,6,7,6,,2,,,8,3,3,3,8,3,2,8,2,2,4,3,2,1,8,2,1,2,2,7,7,8,1,3,1,2,5,2,8,2,8,4,8,8,7,8,3,6,3,6,,,7,6,,,8,2,6,8,7,8,8,8,8,7,5,4,2,1,2,7,5,2,7,7,8,7,6,6,,4,,,b'\x11\xea\xec\xc75u\xe2\xfe\xb6\x11#b\xf5\x01\x1b\x0b'
11EAECC7-3575-E2FE-B611-2362F5011B0B,2010-wnba-reg-season,wnba_com_game_box,8,8,1,8,12,11,7,11,2,6,12,2,8,6,10,3,11,10,8,10,8,12,12,2,4,4,10,7,11,11,10,11,9,12,10,7,5,7,9,8,9,9,11,11,,,2,2,,,9,12,9,12,11,7,11,6,12,8,6,11,10,10,12,12,11,11,12,7,7,9,11,,2,,,9,7,10,5,11,10,8,12,3,4,6,4,3,4,6,3,4,6,2,11,11,10,1,3,5,6,9,6,10,5,10,6,5,10,9,10,8,11,3,4,,,11,5,,,9,1,5,10,11,7,10,5,10,8,3,4,3,4,3,6,2,6,6,5,6,10,8,3,,11,,,b'\x11\xea\xec\xc75u\xe2\xfe\xb6\x11#b\xf5\x01\x1b\x0b'
11EAECC7-3575-E2FE-B611-2362F5011B0B,2011-wnba-pst-season,wnba_com_game_box,5,2,5,5,5,7,7,7,3,6,7,4,5,6,5,1,7,6,7,6,3,6,7,3,4,4,2,2,8,7,8,7,8,7,8,5,1,3,5,1,4,2,6,5,,,2,1,,,5,6,7,1,8,8,8,7,8,2,2,8,7,7,7,8,8,8,8,1,4,2,5,,1,,,5,3,4,3,6,4,4,4,2,2,3,2,1,2,2,2,1,3,4,4,3,2,1,2,3,4,8,3,8,4,8,4,3,6,3,2,3,5,4,7,,,6,2,,,5,3,7,6,5,2,6,4,7,7,2,2,3,2,2,3,6,8,4,7,3,3,4,6,,5,,,b'\x11\xea\xec\xc75u\xe2\xfe\xb6\x11#b\xf5\x01\x1b\x0b'
11EAECC7-3575-E2FE-B611-2362F5011B0B,2011-wnba-reg-season,wnba_com_game_box,8,8,1,8,6,6,7,6,9,7,8,7,4,2,8,3,6,6,9,6,5,5,9,6,6,4,5,4,8,12,12,6,3,11,12,3,1,1,3,1,3,5,6,6,,,3,3,,,5,4,4,6,6,7,6,7,8,4,2,6,6,6,5,9,12,6,11,3,1,3,6,,3,,,5,6,6,7,5,5,6,4,4,5,6,6,8,5,11,5,4,7,7,5,6,6,7,4,11,6,3,12,12,12,12,4,7,3,3,4,3,5,9,7,,,5,3,,,5,9,6,5,7,6,6,7,5,6,4,5,8,5,5,7,7,6,12,12,4,3,3,9,,5,,,b'\x11\xea\xec\xc75u\xe2\xfe\xb6\x11#b\xf5\x01\x1b\x0b'
11EAECC7-3575-E2FE-B611-2362F5011B0B,2012-wnba-pst-season,wnba_com_game_box,7,1,7,7,7,7,7,7,2,7,7,2,6,6,6,2,7,7,2,7,4,7,7,2,2,2,3,3,6,7,1,8,5,8,5,7,5,2,1,1,7,2,8,8,,,2,6,,,6,7,1,3,1,1,1,3,2,2,1,3,4,4,1,1,1,8,8,2,2,2,8,,6,,,7,2,2,1,8,2,2,8,2,1,8,1,3,3,4,3,7,2,2,8,8,8,4,2,7,1,5,1,1,1,5,1,1,7,5,2,2,2,1,3,,,7,3,,,6,2,2,8,7,8,7,2,8,5,4,1,8,8,8,7,6,2,4,3,1,4,2,3,,2,,,b'\x11\xea\xec\xc75u\xe2\xfe\xb6\x11#b\xf5\x01\x1b\x0b'
11EAECC7-3575-E2FE-B611-2362F5011B0B,2012-wnba-reg-season,wnba_com_game_box,5,5,1,5,6,3,3,7,3,5,8,4,3,3,4,4,8,8,4,8,5,7,9,2,3,2,4,4,9,11,10,8,5,8,9,2,3,1,1,1,5,4,9,9,,,1,2,,,4,8,8,6,3,3,7,5,8,3,3,8,8,8,7,9,11,8,8,2,1,5,9,,1,,,4,6,7,6,9,4,5,4,10,5,11,9,2,2,10,1,2,5,6,9,8,8,7,12,2,3,5,9,10,9,9,4,3,7,6,4,1,1,4,5,,,6,7,,,4,5,2,8,4,6,7,6,4,5,10,5,2,2,1,5,6,3,9,9,4,7,1,4,,6,,,b'\x11\xea\xec\xc75u\xe2\xfe\xb6\x11#b\xf5\x01\x1b\x0b'
11EAECC7-3575-E2FE-B611-2362F5011B0B,2013-wnba-reg-season,wnba_com_game_box,9,9,1,9,7,8,8,4,10,9,8,8,3,2,9,3,11,12,9,12,9,8,10,9,10,10,5,3,10,8,10,11,9,10,12,5,2,4,3,3,4,3,7,7,,,1,4,,,10,10,10,7,8,8,4,9,8,3,2,11,12,12,8,10,8,11,10,5,4,4,7,,1,,,10,10,11,3,12,10,4,11,9,7,11,6,2,2,11,2,3,3,3,12,12,12,5,7,1,4,9,12,10,11,12,11,10,6,4,7,4,3,9,9,,,10,9,,,10,3,10,12,10,10,11,3,10,4,9,7,2,2,2,3,3,4,12,11,11,6,4,9,,10,,,b'\x11\xea\xec\xc75u\xe2\xfe\xb6\x11#b\xf5\x01\x1b\x0b'
11EAECC7-3575-E2FE-B611-2362F5011B0B,2014-wnba-pst-season,wnba_com_game_box,6,2,6,6,7,6,6,6,2,7,7,3,5,7,1,4,7,6,7,6,5,6,6,2,2,2,3,1,7,6,3,8,8,7,6,6,7,1,6,5,7,7,6,7,,,1,2,,,4,8,5,4,2,2,4,5,6,1,3,7,4,4,4,4,4,7,7,4,6,7,5,,2,,,5,3,3,3,8,3,3,8,1,1,5,1,1,1,7,1,1,2,2,7,7,8,1,1,1,3,8,1,3,2,6,3,8,7,7,8,3,7,3,6,,,7,6,,,4,1,2,8,5,8,8,8,8,8,1,1,2,2,2,7,4,6,1,4,8,7,7,5,,5,,,b'\x11\xea\xec\xc75u\xe2\xfe\xb6\x11#b\xf5\x01\x1b\x0b'
11EAECC7-3575-E2FE-B611-2362F5011B0B,2014-wnba-reg-season,wnba_com_game_box,4,4,1,4,6,5,7,4,7,10,10,8,1,1,1,2,11,11,1,11,10,7,10,4,4,3,1,1,12,7,10,9,3,11,11,5,4,2,2,3,5,5,11,11,,,2,4,,,7,10,9,6,5,7,4,10,10,1,1,11,11,11,7,10,7,9,11,5,2,5,11,,2,,,7,11,12,4,12,12,5,12,5,6,6,6,7,5,8,6,7,3,3,12,11,11,1,4,3,2,3,12,10,9,11,11,7,5,5,10,1,2,5,6,,,8,7,,,7,3,4,11,7,11,12,4,12,5,5,6,7,5,6,3,3,2,12,9,11,5,1,5,,8,,,b'\x11\xea\xec\xc75u\xe2\xfe\xb6\x11#b\xf5\x01\x1b\x0b'
11EAECC7-3575-E2FE-B611-2362F5011B0B,2015-wnba-reg-season,wnba_com_game_box,12,12,1,12,10,12,12,8,12,10,5,12,11,9,12,9,7,7,10,7,8,8,7,12,12,12,8,9,6,9,9,7,6,7,11,10,6,8,8,10,6,5,7,9,,,1,1,,,12,6,5,10,12,12,8,10,5,11,9,7,7,7,8,7,9,7,7,10,8,6,7,,1,,,12,9,12,10,12,12,12,12,1,1,2,1,2,2,1,2,2,7,5,12,8,11,1,1,1,5,6,12,9,12,11,11,5,7,7,10,9,9,11,11,,,8,10,,,12,6,12,11,12,9,12,10,12,12,1,1,2,2,2,7,5,5,12,12,11,7,9,11,,8,,,b'\x11\xea\xec\xc75u\xe2\xfe\xb6\x11#b\xf5\x01\x1b\x0b'
11EAECC7-3575-E2FE-B611-2362F5011B0B,2016-wnba-reg-season,wnba_com_game_box,12,12,1,12,9,12,12,8,11,9,6,11,9,8,11,8,11,12,8,12,11,10,10,12,12,12,7,8,8,8,9,9,11,9,12,10,6,8,10,10,8,5,7,7,,,8,10,,,12,11,12,9,12,12,8,9,6,9,8,11,12,12,10,10,8,9,9,10,8,8,7,,8,,,12,4,2,2,6,4,6,3,3,2,11,2,9,9,10,9,9,3,2,5,8,7,9,3,12,8,11,11,9,11,12,8,9,8,6,7,3,4,9,9,,,12,9,,,12,1,12,9,12,4,2,2,4,6,3,2,9,9,9,3,2,8,11,11,8,8,3,9,,12,,,b'\x11\xea\xec\xc75u\xe2\xfe\xb6\x11#b\xf5\x01\x1b\x0b'
11EAECC7-3575-E2FE-B611-2362F5011B0B,2017-wnba-reg-season,wnba_com_game_box,12,12,1,12,7,12,12,10,8,8,6,9,10,12,7,11,11,10,10,10,10,10,8,9,11,12,9,9,8,7,5,10,7,8,5,8,4,12,12,12,6,5,11,11,,,7,9,,,11,7,10,7,12,12,10,8,6,10,12,11,10,10,10,8,7,10,8,8,12,6,11,,7,,,11,5,6,3,10,8,3,10,5,5,4,8,6,7,2,7,8,4,3,10,10,10,5,5,7,6,7,3,5,4,5,11,12,9,9,11,11,11,10,10,,,11,11,,,11,2,12,10,11,5,6,3,8,3,5,5,6,7,7,4,3,6,3,4,11,9,11,10,,11,,,b'\x11\xea\xec\xc75u\xe2\xfe\xb6\x11#b\xf5\x01\x1b\x0b'
11EAECC7-3575-E2FE-B611-2362F5011B0B,2018-wnba-reg-season,wnba_sr_game_summary,9,8,11,9,11,7,5,6,8,1,1,11,12,12,7,12,2,2,9,2,5,4,5,10,9,8,12,12,2,4,5,2,3,4,5,4,5,4,2,1,11,11,6,6,12,10,4,3,4,6,9,5,1,5,6,3,3,1,1,12,12,2,2,2,1,1,4,1,2,4,4,11,6,12,4,3,7,9,8,10,8,9,7,5,8,11,11,9,11,4,4,10,4,5,7,6,10,9,10,11,11,3,5,3,8,5,6,5,8,5,12,11,11,8,7,12,10,6,6,4,3,4,12,9,5,8,10,9,11,11,11,9,7,12,12,5,4,4,11,10,7,8,9,10,10,8,12,6,3,4,11,b'\x11\xea\xec\xc75u\xe2\xfe\xb6\x11#b\xf5\x01\x1b\x0b'
11EAECC7-3575-E2FE-B611-2362F5011B0B,2019-wnba-pst-season,wnba_sr_game_summary,3,5,3,5,3,3,3,3,2,3,3,6,3,4,1,8,3,3,3,3,3,3,3,3,3,3,5,8,2,3,3,3,3,3,2,3,2,6,5,4,4,8,3,5,7,3,6,1,3,7,4,3,3,1,2,2,3,2,1,5,8,2,2,2,2,2,3,2,1,2,5,8,6,5,1,2,5,4,6,6,6,3,6,6,5,6,6,4,8,6,6,8,6,2,6,6,5,5,7,7,8,3,5,3,6,3,5,2,6,7,4,8,8,6,4,7,3,3,5,3,2,6,5,4,6,3,7,4,7,7,8,5,3,8,8,3,2,2,7,3,3,1,3,7,8,4,5,6,2,1,8,b'\x11\xea\xec\xc75u\xe2\xfe\xb6\x11#b\xf5\x01\x1b\x0b'
11EAECC7-3575-E2FE-B611-2362F5011B0B,2019-wnba-reg-season,wnba_sr_game_summary,4,4,1,4,1,3,6,2,5,1,1,10,12,12,1,12,1,1,10,1,2,1,1,8,6,5,10,12,1,4,9,1,1,1,1,3,1,7,5,2,7,7,3,3,12,12,5,3,2,5,2,1,2,1,3,6,2,1,1,12,12,1,1,1,1,1,4,1,1,3,7,7,3,12,5,2,5,2,8,5,11,1,3,8,1,12,12,2,12,7,6,12,6,6,11,11,1,1,2,11,12,7,4,1,10,9,7,1,9,9,10,11,10,7,6,12,12,3,3,2,2,5,12,2,11,7,1,3,8,5,11,3,8,12,12,7,6,6,11,11,4,10,7,9,10,7,12,3,2,5,12,b'\x11\xea\xec\xc75u\xe2\xfe\xb6\x11#b\xf5\x01\x1b\x0b'
11EAECC7-3575-E2FE-B611-2362F5011B0B,2020-wnba-pst-season,wnba_sr_game_summary,3,8,1,4,1,1,1,1,7,1,1,6,4,4,6,8,1,1,5,1,6,1,1,7,7,7,8,7,2,2,3,1,6,1,6,2,4,8,5,6,2,5,1,6,8,6,8,1,1,8,8,1,2,1,7,7,4,2,1,7,8,2,2,2,4,2,3,5,3,5,6,5,6,7,3,4,5,6,8,8,8,7,8,8,7,8,8,3,5,7,7,3,7,3,8,8,5,4,5,2,3,2,8,6,8,3,8,6,8,4,2,8,6,8,8,8,6,1,6,1,4,8,1,8,8,7,5,8,5,8,8,7,4,3,6,3,3,3,7,6,6,6,7,6,7,8,7,6,4,3,6,b'\x11\xea\xec\xc75u\xe2\xfe\xb6\x11#b\xf5\x01\x1b\x0b'
11EAECC7-3575-E2FE-B611-2362F5011B0B,2020-wnba-reg-season,wnba_sr_game_summary,1,1,1,1,7,1,2,4,3,1,1,5,12,12,4,12,1,1,8,1,6,2,5,6,6,2,12,12,1,6,5,1,1,1,1,3,7,2,2,1,7,7,9,10,11,10,1,1,1,7,2,4,3,7,1,2,4,1,1,12,12,1,1,1,2,5,6,1,1,3,2,7,9,11,1,1,7,2,3,7,11,3,7,6,6,10,12,2,12,1,1,2,1,1,7,7,3,2,2,5,11,1,3,1,5,5,4,1,7,6,8,8,7,3,2,11,10,9,10,1,1,1,5,2,9,1,2,2,3,7,11,7,6,10,12,1,1,1,7,7,3,5,4,7,8,3,11,9,1,1,5,b'\x11\xea\xec\xc75u\xe2\xfe\xb6\x11#b\xf5\x01\x1b\x0b'
11EAECC7-3575-E2FE-B611-2362F5011B0B,2021-wnba-pst-season,wnba_sr_game_summary,3,6,3,3,3,3,3,3,3,3,3,4,3,3,6,7,3,3,6,3,1,3,3,5,4,2,8,8,2,4,5,3,4,3,5,3,5,5,1,2,3,3,4,6,6,6,6,3,3,6,8,3,2,5,1,3,3,1,2,8,6,2,1,1,3,6,5,5,6,4,1,3,6,7,3,1,4,6,6,6,6,7,6,6,6,6,6,5,4,6,6,7,6,5,6,6,7,7,8,5,4,6,6,4,6,5,6,5,6,5,3,5,7,5,2,6,6,4,6,3,1,6,3,8,6,3,8,5,8,8,6,6,4,6,5,6,5,5,6,4,4,6,6,7,6,3,7,6,1,3,6,b'\x11\xea\xec\xc75u\xe2\xfe\xb6\x11#b\xf5\x01\x1b\x0b'
11EAECC7-3575-E2FE-B611-2362F5011B0B,2021-wnba-reg-season,wnba_sr_game_summary,2,2,1,2,3,1,1,3,1,1,1,3,11,12,2,12,1,1,5,1,4,2,4,3,1,1,12,12,1,8,9,1,2,1,2,3,7,1,1,1,8,9,3,4,4,1,1,1,1,1,2,1,2,3,1,1,3,1,1,11,12,1,1,1,2,4,8,1,1,3,1,8,3,4,1,1,1,2,5,9,12,2,8,9,6,8,12,1,12,2,2,5,1,1,11,10,2,1,3,3,6,1,6,2,7,9,7,2,7,7,11,11,11,4,4,4,1,3,4,1,3,1,11,2,11,1,3,2,5,9,12,8,9,8,12,2,2,1,11,10,6,7,7,7,11,4,4,3,1,1,11,b'\x11\xea\xec\xc75u\xe2\xfe\xb6\x11#b\xf5\x01\x1b\x0b'
11EAECC7-3575-E2FE-B611-2362F5011B0B,2022-wnba-c_c-season,wnba_sr_game_summary,1,1,1,1,1,1,1,2,1,1,1,2,1,2,1,2,2,2,2,1,2,2,2,1,1,1,1,1,2,2,2,1,2,1,1,2,2,2,2,2,1,1,1,1,1,1,1,1,1,1,1,2,1,1,1,1,2,1,1,1,2,2,2,1,2,2,2,1,1,2,2,1,1,1,1,1,1,1,1,1,2,1,1,1,2,1,2,1,2,2,2,2,1,2,2,2,1,1,1,1,1,2,2,2,1,2,1,1,2,2,2,2,2,1,1,1,1,1,1,1,1,1,1,1,2,1,1,1,1,1,2,1,1,1,2,2,2,1,2,2,2,1,1,2,2,1,1,1,1,1,1,b'\x11\xea\xec\xc75u\xe2\xfe\xb6\x11#b\xf5\x01\x1b\x0b'
11EAECC7-3575-E2FE-B611-2362F5011B0B,2022-wnba-pst-season,wnba_sr_game_summary,1,1,2,1,2,2,2,2,1,2,2,1,1,1,3,1,2,2,2,2,1,2,2,1,1,1,2,2,3,3,7,2,5,2,2,2,7,7,4,4,3,6,2,6,7,4,7,3,2,7,1,2,5,2,2,2,7,6,8,2,1,1,4,3,6,7,7,1,2,6,3,6,3,2,4,2,6,1,7,7,7,2,8,8,1,7,7,5,3,7,7,1,7,1,7,7,2,1,3,4,4,1,8,5,7,7,7,2,7,3,3,7,6,7,2,7,4,2,6,2,1,7,2,1,7,2,3,1,3,4,7,5,6,3,3,1,1,1,7,5,6,4,4,4,7,2,2,3,2,4,4,b'\x11\xea\xec\xc75u\xe2\xfe\xb6\x11#b\xf5\x01\x1b\x0b'
11EAECC7-3575-E2FE-B611-2362F5011B0B,2022-wnba-reg-season,wnba_sr_game_summary,1,1,1,1,9,1,2,1,3,5,9,2,2,3,2,4,1,3,2,3,3,1,6,2,2,1,3,4,7,10,12,1,5,4,7,4,8,1,1,1,5,6,6,4,9,11,2,2,8,7,2,2,2,9,1,2,1,5,9,2,3,1,3,3,1,6,10,1,4,4,1,5,6,9,2,8,7,2,9,10,11,5,5,7,6,12,12,10,12,5,5,8,4,3,10,9,8,6,8,9,12,3,6,5,12,12,10,7,9,7,10,10,11,1,1,9,11,6,4,8,6,2,12,2,10,1,7,3,9,10,11,5,7,12,12,5,5,4,10,9,6,12,10,9,10,1,9,6,8,2,12,b'\x11\xea\xec\xc75u\xe2\xfe\xb6\x11#b\xf5\x01\x1b\x0b'
11EAECC7-3575-E2FE-B611-2362F5011B0B,2023-wnba-pst-season,wnba_sr_game_summary,1,1,2,1,2,2,2,2,2,2,2,1,2,2,3,4,1,1,1,1,1,2,2,2,1,1,3,5,1,2,5,1,4,2,2,2,5,7,5,4,1,2,2,6,8,5,7,1,2,7,1,2,4,3,1,4,7,3,6,4,7,1,1,1,5,6,5,1,2,5,5,3,6,5,2,3,5,1,7,7,7,1,7,7,1,7,8,2,7,6,7,1,7,3,7,7,1,1,1,5,7,2,8,4,7,5,7,2,7,6,2,5,4,7,2,8,5,2,6,2,2,7,4,1,7,1,1,1,1,1,5,1,4,6,7,1,2,4,5,4,5,2,5,3,5,2,5,6,3,2,6,b'\x11\xea\xec\xc75u\xe2\xfe\xb6\x11#b\xf5\x01\x1b\x0b'
11EAECC7-3575-E2FE-B611-2362F5011B0B,2023-wnba-reg-season,wnba_sr_game_summary,1,1,1,1,12,1,1,4,1,2,9,1,2,2,2,2,2,4,1,4,2,3,9,1,1,1,3,4,8,12,11,2,3,5,4,2,8,1,1,1,3,3,1,1,1,1,1,1,9,2,1,3,2,12,1,1,4,2,9,2,2,2,4,4,3,9,12,2,5,2,1,3,1,1,1,9,2,1,2,7,12,2,8,10,2,7,7,6,7,1,1,1,1,1,10,11,2,1,1,2,8,1,6,3,6,11,6,4,4,3,6,7,6,2,2,1,1,1,1,9,8,1,12,1,11,1,1,1,2,7,12,8,10,7,7,1,1,1,10,11,6,6,6,4,6,2,1,1,9,1,12,b'\x11\xea\xec\xc75u\xe2\xfe\xb6\x11#b\xf5\x01\x1b\x0b'
11EAECC7-3575-E2FE-B611-2362F5011B0B,2024-wnba-pst-season,wnba_sr_game_summary,4,5,4,4,4,4,4,4,4,4,4,5,3,3,4,3,4,4,5,4,3,4,4,4,4,3,2,2,5,4,8,4,4,4,7,4,4,5,2,1,4,8,3,1,5,5,5,4,4,4,4,4,6,3,5,6,6,7,8,3,3,4,4,4,6,8,7,4,6,5,2,8,1,3,4,5,2,4,5,5,5,1,5,5,1,5,5,6,5,6,5,4,5,6,5,5,1,2,3,7,8,6,5,4,5,8,5,7,5,2,4,5,3,5,6,5,5,3,1,4,4,5,2,4,5,5,3,3,2,1,4,1,4,7,4,5,5,5,4,3,5,7,7,1,5,4,3,1,5,4,1,b'\x11\xea\xec\xc75u\xe2\xfe\xb6\x11#b\xf5\x01\x1b\x0b'
11EAECC7-3575-E2FE-B611-2362F5011B0B,2024-wnba-reg-season,wnba_sr_game_summary,4,4,1,4,8,1,4,6,2,7,9,3,4,3,4,4,3,6,2,6,3,6,12,2,1,1,3,4,6,12,12,1,1,8,8,5,8,1,1,1,9,9,2,3,4,5,5,5,6,1,4,6,5,8,1,4,6,7,9,4,3,3,6,6,6,12,12,1,8,5,1,9,2,4,5,6,1,4,6,7,9,7,9,12,3,6,6,9,3,4,4,1,4,3,9,6,6,5,5,7,9,3,2,1,12,12,10,8,5,2,10,9,7,2,2,4,5,2,3,6,4,5,6,4,9,1,5,4,6,7,9,9,12,6,6,4,4,4,9,6,2,12,10,5,10,2,4,2,6,5,6,b'\x11\xea\xec\xc75u\xe2\xfe\xb6\x11#b\xf5\x01\x1b\x0b'
11EAECC7-3575-E2FE-B611-2362F5011B0B,2025-wnba-pst-season,wnba_sr_game_summary,1,5,1,1,1,1,1,1,1,1,1,2,1,2,2,6,1,1,4,1,4,1,1,1,1,1,4,6,4,1,5,2,8,2,7,1,5,8,1,1,1,1,1,1,6,3,8,5,1,8,1,1,4,5,1,2,5,2,4,3,6,2,2,2,4,6,6,7,7,2,1,1,1,4,6,3,7,1,8,8,8,5,8,8,5,7,7,4,3,8,8,5,8,6,8,8,5,5,5,3,3,6,8,8,7,5,8,7,7,1,1,1,1,7,1,6,3,1,1,1,3,8,2,1,8,1,6,1,5,5,4,6,5,3,4,6,6,6,5,7,8,4,6,1,1,1,4,1,3,6,3,b'\x11\xea\xec\xc75u\xe2\xfe\xb6\x11#b\xf5\x01\x1b\x0b'
11EAECC7-3575-E2FE-B611-2362F5011B0B,2025-wnba-reg-season,wnba_sr_game_summary,2,2,1,2,10,6,8,7,8,9,8,8,6,5,3,5,4,5,2,5,6,7,7,6,6,4,5,6,6,9,11,7,8,8,10,9,11,4,3,6,7,7,2,3,1,1,4,5,7,10,5,7,7,10,6,8,7,9,8,6,5,4,5,5,7,7,9,7,8,9,4,7,2,1,4,7,10,5,7,9,11,6,13,12,7,4,4,2,4,5,4,12,4,3,9,7,6,5,7,2,4,5,8,8,9,11,9,10,9,7,8,7,8,2,3,1,1,2,3,7,6,4,11,5,7,5,8,6,7,9,11,13,12,4,4,5,4,4,9,7,8,9,9,9,8,2,1,2,7,4,11,b'\x11\xea\xec\xc75u\xe2\xfe\xb6\x11#b\xf5\x01\x1b\x0b'
11EAECC7-3575-E2FE-B611-2362F5011B0B,all-wnba-c_c-season,wnba_box,1,1,1,1,1,1,1,2,1,1,1,3,1,3,1,3,2,2,3,1,2,2,3,1,1,1,1,2,2,3,3,1,3,1,2,2,3,2,2,2,2,2,1,1,1,1,3,3,1,1,2,3,1,1,1,1,2,1,1,1,3,2,2,1,2,3,3,1,1,2,2,2,1,1,3,1,1,2,3,2,4,2,3,2,3,2,4,1,4,4,4,4,3,4,4,3,2,2,2,2,1,4,3,3,3,3,3,2,4,4,4,4,4,1,1,1,1,1,1,1,1,3,1,2,3,1,2,2,3,2,4,3,2,2,4,4,4,3,4,3,3,3,3,4,4,1,1,1,1,3,1,b'\x11\xea\xec\xc75u\xe2\xfe\xb6\x11#b\xf5\x01\x1b\x0b'
11EAECC7-3575-E2FE-B611-2362F5011B0B,all-wnba-pst-season,wnba_box,4,14,4,8,5,2,3,2,3,4,5,4,2,3,2,6,2,2,4,2,6,2,3,2,2,2,3,4,9,8,17,2,8,6,14,2,8,14,5,2,5,16,3,6,17,16,13,1,1,18,14,2,5,10,2,5,6,7,9,4,5,4,6,6,5,5,17,4,8,3,7,13,3,16,3,2,18,11,17,17,17,15,17,17,16,17,17,14,15,15,15,16,15,4,17,17,17,16,16,8,16,3,17,8,17,17,17,14,17,12,6,17,17,14,7,17,14,1,3,3,11,18,1,14,17,2,16,10,16,17,17,18,13,17,17,8,8,8,17,15,12,17,16,17,13,9,14,3,8,17,4,b'\x11\xea\xec\xc75u\xe2\xfe\xb6\x11#b\xf5\x01\x1b\x0b'
11EAECC7-3575-E2FE-B611-2362F5011B0B,all-wnba-reg-season,wnba_box,6,17,4,11,4,3,3,3,6,2,2,9,7,8,5,12,3,3,5,3,8,3,4,8,7,6,9,10,9,7,17,1,9,2,15,3,8,14,4,4,6,16,3,6,13,10,14,3,1,10,12,3,7,15,9,7,9,6,7,10,12,4,5,5,6,8,16,4,7,7,4,16,5,10,3,7,9,11,17,18,18,15,19,18,13,15,16,10,9,14,14,10,14,3,18,17,14,13,13,5,8,3,17,9,19,17,18,15,19,9,7,17,17,17,8,18,12,3,6,3,12,8,12,12,17,8,16,11,15,15,16,17,16,11,11,10,7,7,16,14,12,16,16,15,18,8,12,6,11,7,13,b'\x11\xea\xec\xc75u\xe2\xfe\xb6\x11#b\xf5\x01\x1b\x0b'
11EAECC7-3579-2CE8-B611-2362F5011B0B,1997-wnba-reg-season,wnba_com_game_box,3,3,1,3,3,1,1,2,1,1,1,1,7,7,7,7,5,4,7,3,5,1,1,1,3,2,8,7,7,6,6,1,3,1,1,3,6,4,2,2,6,7,1,1,,,8,6,,,4,1,1,3,1,1,2,1,1,7,7,5,4,3,1,1,6,1,1,3,4,6,1,,8,,,4,6,6,7,2,6,8,3,3,5,2,2,8,8,7,8,7,8,8,2,3,5,5,1,8,5,3,4,6,6,1,5,5,6,7,4,4,3,2,1,,,5,5,,,4,8,2,5,4,6,6,7,6,8,3,5,8,8,8,8,8,5,4,6,5,6,4,2,,5,,,"b'\x11\xea\xec\xc75y,\xe8\xb6\x11#b\xf5\x01\x1b\x0b'"
11EAECC7-3579-2CE8-B611-2362F5011B0B,1998-wnba-reg-season,wnba_com_game_box,7,7,1,7,6,4,2,1,7,3,1,8,5,6,3,6,6,8,3,8,9,1,2,7,7,6,6,5,7,2,3,3,7,2,3,6,7,6,5,6,8,8,2,2,,,9,9,,,7,2,2,6,4,2,1,3,1,5,6,6,8,8,1,2,2,3,2,6,6,8,2,,9,,,7,8,7,9,3,6,8,2,8,6,7,4,7,9,2,9,7,8,8,3,4,7,8,6,7,10,7,7,3,8,3,7,9,8,8,9,5,2,8,4,,,6,7,,,7,8,6,7,7,8,7,9,6,8,8,6,7,9,9,8,8,10,7,8,7,8,5,8,,6,,,"b'\x11\xea\xec\xc75y,\xe8\xb6\x11#b\xf5\x01\x1b\x0b'"
11EAECC7-3579-2CE8-B611-2362F5011B0B,1999-wnba-pst-season,wnba_com_game_box,3,3,3,2,3,3,3,3,3,3,3,2,4,3,4,4,4,4,4,4,6,3,3,4,4,4,6,5,6,3,3,3,1,3,2,2,2,4,3,2,2,2,3,3,,,4,5,,,4,3,2,1,2,1,1,1,2,4,4,6,6,5,2,2,2,3,3,1,3,2,3,,5,,,3,4,3,4,5,3,4,4,3,4,3,5,4,4,5,4,5,4,4,5,4,4,5,4,4,3,1,4,3,4,2,3,1,3,1,1,4,3,6,4,,,4,4,,,4,4,4,4,3,5,4,3,3,3,5,6,4,4,4,4,5,1,4,4,2,2,3,5,,4,,,"b'\x11\xea\xec\xc75y,\xe8\xb6\x11#b\xf5\x01\x1b\x0b'"
11EAECC7-3579-2CE8-B611-2362F5011B0B,1999-wnba-reg-season,wnba_com_game_box,2,2,1,2,9,1,1,1,3,2,3,4,4,3,3,6,6,7,4,7,8,1,2,2,2,2,6,5,8,4,7,2,5,3,4,1,5,7,4,3,8,10,4,5,,,9,6,,,3,2,2,9,1,1,1,2,3,4,3,6,7,7,1,2,4,2,3,1,7,8,4,,9,,,3,11,8,11,2,7,10,2,9,9,8,4,11,11,7,11,9,12,11,4,5,8,11,8,11,9,5,10,7,11,4,6,6,6,9,8,7,6,4,3,,,4,7,,,3,11,2,6,4,11,8,11,7,10,9,9,11,11,11,12,11,9,10,11,6,6,7,4,,4,,,"b'\x11\xea\xec\xc75y,\xe8\xb6\x11#b\xf5\x01\x1b\x0b'"
11EAECC7-3579-2CE8-B611-2362F5011B0B,2000-wnba-pst-season,wnba_com_game_box,4,2,4,3,4,4,4,4,2,4,4,3,2,4,1,2,4,4,4,4,2,4,4,1,1,2,1,1,4,4,1,4,2,4,1,3,3,5,5,3,4,7,3,4,,,6,7,,,4,4,2,3,1,1,1,3,3,1,2,3,2,2,1,1,1,1,1,1,7,7,4,,7,,,3,5,5,5,5,5,5,6,6,5,4,6,6,6,5,6,7,5,5,5,5,5,6,5,6,4,2,5,1,4,1,5,2,4,7,6,5,5,5,7,,,4,7,,,4,5,1,5,4,6,6,7,5,5,5,8,6,7,7,7,6,2,2,2,3,8,7,7,,4,,,"b'\x11\xea\xec\xc75y,\xe8\xb6\x11#b\xf5\x01\x1b\x0b'"
11EAECC7-3579-2CE8-B611-2362F5011B0B,2000-wnba-reg-season,wnba_com_game_box,1,1,1,1,16,3,5,4,6,6,6,5,6,6,10,9,2,4,2,4,5,4,5,6,4,3,5,11,4,10,13,1,1,2,3,1,1,4,4,1,6,9,3,3,,,10,10,,,2,4,2,16,3,5,4,6,6,6,6,2,4,4,4,5,10,1,2,1,4,6,3,,10,,,2,6,6,15,1,7,15,1,6,7,2,6,10,12,2,12,9,15,15,1,1,2,12,4,13,5,1,14,13,12,3,2,2,10,14,5,5,5,7,8,,,8,10,,,2,15,2,2,2,6,6,15,7,15,6,7,10,12,12,15,15,5,14,12,2,10,5,7,,8,,,"b'\x11\xea\xec\xc75y,\xe8\xb6\x11#b\xf5\x01\x1b\x0b'"
11EAECC7-3579-2CE8-B611-2362F5011B0B,2001-wnba-pst-season,wnba_com_game_box,1,1,2,1,2,1,1,1,1,1,1,1,3,1,5,2,1,1,5,1,4,1,1,1,1,1,5,6,5,1,2,1,1,1,1,1,2,7,2,1,2,5,1,1,,,7,2,,,1,1,2,1,2,1,2,1,2,3,3,3,4,4,2,2,2,1,1,1,3,4,1,,4,,,1,7,7,8,2,7,7,3,8,8,5,8,6,5,5,5,1,7,7,2,1,2,5,7,2,7,1,7,2,7,1,7,2,2,6,5,7,1,6,5,,,2,7,,,1,8,1,1,1,5,6,8,3,5,8,8,3,2,2,5,6,1,4,4,4,3,2,5,,3,,,"b'\x11\xea\xec\xc75y,\xe8\xb6\x11#b\xf5\x01\x1b\x0b'"
11EAECC7-3579-2CE8-B611-2362F5011B0B,2001-wnba-reg-season,wnba_com_game_box,1,1,1,1,8,1,1,1,2,1,2,2,5,5,3,10,6,6,7,6,10,1,2,2,1,1,10,11,13,4,2,2,1,1,1,1,6,6,1,1,4,7,4,3,,,10,5,,,1,1,1,8,1,1,1,1,2,5,5,6,6,6,1,2,4,2,1,1,6,4,4,,10,,,1,10,8,15,3,3,4,8,16,16,6,16,6,4,12,4,10,13,14,8,8,8,16,16,5,2,1,3,2,3,1,15,16,13,15,14,4,1,5,4,,,10,15,,,1,16,1,5,1,10,8,15,3,4,16,16,6,4,4,13,14,2,3,3,15,13,4,5,,10,,,"b'\x11\xea\xec\xc75y,\xe8\xb6\x11#b\xf5\x01\x1b\x0b'"
11EAECC7-3579-2CE8-B611-2362F5011B0B,2002-wnba-pst-season,wnba_com_game_box,1,1,2,1,2,2,2,2,2,2,2,4,2,2,2,6,2,2,4,2,3,2,2,2,2,3,3,5,4,2,4,2,2,2,2,2,3,6,4,3,1,1,2,2,,,7,8,,,1,2,2,3,1,1,2,2,3,3,5,3,2,2,3,3,5,2,3,1,4,1,2,,8,,,1,7,6,6,1,6,6,2,5,7,1,7,7,7,7,7,7,7,7,1,1,1,8,5,7,6,2,7,4,6,2,6,3,1,2,1,6,2,7,6,,,2,4,,,1,7,3,1,1,1,1,5,1,4,4,6,6,6,6,6,6,4,3,2,1,2,3,6,,4,,,"b'\x11\xea\xec\xc75y,\xe8\xb6\x11#b\xf5\x01\x1b\x0b'"
11EAECC7-3579-2CE8-B611-2362F5011B0B,2002-wnba-reg-season,wnba_com_game_box,1,1,1,1,4,1,1,1,1,2,6,1,2,3,2,5,5,6,11,6,6,1,2,1,2,2,5,5,10,4,4,1,1,1,1,1,1,14,12,3,8,9,2,2,,,13,9,,,1,1,1,4,1,1,1,2,6,2,3,5,6,6,1,2,4,1,1,1,14,8,2,,13,,,1,11,9,15,2,5,13,2,16,16,3,14,12,12,9,13,11,15,15,2,2,2,15,13,10,11,1,6,4,5,1,13,13,11,15,14,15,11,8,6,,,6,14,,,1,16,2,2,2,11,9,15,5,13,16,16,12,12,13,15,15,11,6,5,13,11,15,8,,6,,,"b'\x11\xea\xec\xc75y,\xe8\xb6\x11#b\xf5\x01\x1b\x0b'"
11EAECC7-3579-2CE8-B611-2362F5011B0B,2003-wnba-pst-season,wnba_com_game_box,2,8,1,2,1,1,1,1,2,1,1,2,2,1,3,3,2,2,5,2,8,1,1,2,2,2,6,4,8,2,5,1,4,2,2,1,2,8,4,2,1,2,1,1,,,8,6,,,1,1,4,1,1,1,2,1,2,4,3,5,5,6,2,3,4,5,5,1,4,2,1,,7,,,1,8,8,8,2,8,8,3,8,7,7,4,8,8,7,8,4,8,8,2,3,3,7,6,7,8,4,7,5,8,2,8,8,1,3,3,8,4,7,4,,,2,8,,,1,8,3,3,1,2,1,5,2,5,5,3,7,7,7,6,6,5,4,3,4,3,4,4,,8,,,"b'\x11\xea\xec\xc75y,\xe8\xb6\x11#b\xf5\x01\x1b\x0b'"
11EAECC7-3579-2CE8-B611-2362F5011B0B,2003-wnba-reg-season,wnba_com_game_box,2,2,1,2,6,2,4,2,8,4,6,7,6,3,9,7,3,3,2,3,5,1,3,8,8,3,4,6,3,10,11,2,2,3,5,1,2,9,4,1,8,12,2,1,,,12,7,,,5,2,2,6,2,4,2,4,6,6,3,3,3,3,1,3,10,2,3,1,9,8,2,,12,,,5,13,10,12,3,5,11,1,14,13,12,12,11,13,2,13,12,12,12,5,6,9,14,14,9,5,2,12,11,10,5,13,13,11,12,12,5,3,8,8,,,7,11,,,5,13,6,5,4,13,10,12,5,11,14,13,11,13,13,12,12,5,12,10,13,11,5,8,,7,,,"b'\x11\xea\xec\xc75y,\xe8\xb6\x11#b\xf5\x01\x1b\x0b'"
11EAECC7-3579-2CE8-B611-2362F5011B0B,2004-wnba-pst-season,wnba_com_game_box,5,1,5,5,5,7,6,5,7,7,7,7,5,5,6,3,7,7,1,7,7,7,6,7,6,7,4,4,5,7,8,6,6,7,6,5,1,4,7,6,7,8,7,7,,,4,8,,,6,5,1,3,7,6,5,6,6,5,3,6,7,7,7,5,7,2,5,2,7,8,7,,8,,,6,2,3,4,2,4,4,4,2,4,1,5,3,3,4,3,6,4,4,2,2,3,5,4,5,4,6,4,8,4,6,2,5,6,7,6,4,7,4,7,,,7,7,,,6,4,7,4,7,6,6,7,7,6,4,6,6,6,6,8,8,8,6,8,4,6,7,6,,7,,,"b'\x11\xea\xec\xc75y,\xe8\xb6\x11#b\xf5\x01\x1b\x0b'"
11EAECC7-3579-2CE8-B611-2362F5011B0B,2004-wnba-reg-season,wnba_com_game_box,1,1,1,1,1,1,1,3,1,3,5,4,7,8,2,8,2,2,9,2,3,2,2,3,3,3,7,8,4,8,8,1,2,2,4,1,2,12,9,2,7,11,1,2,,,12,11,,,2,1,1,1,1,1,3,3,5,7,8,2,2,2,2,2,8,1,2,1,12,7,1,,12,,,2,11,6,11,1,1,8,1,12,12,3,11,13,13,2,13,13,13,13,1,2,2,13,12,12,11,2,9,8,11,4,10,12,4,8,5,10,9,3,3,,,2,6,,,2,13,3,2,2,11,6,11,1,8,12,12,13,13,13,13,13,11,9,11,10,4,10,3,,2,,,"b'\x11\xea\xec\xc75y,\xe8\xb6\x11#b\xf5\x01\x1b\x0b'"
11EAECC7-3579-2CE8-B611-2362F5011B0B,2005-wnba-pst-season,wnba_com_game_box,6,2,6,6,6,6,6,7,3,7,7,3,4,6,3,2,6,6,8,6,2,7,7,1,2,4,3,2,7,7,6,8,8,8,8,6,1,3,8,3,6,2,7,4,,,2,5,,,8,7,1,5,4,3,6,5,7,1,2,5,4,4,6,3,5,8,8,1,8,1,4,,7,,,8,3,3,2,8,3,3,8,2,2,6,3,1,2,1,2,6,2,3,8,8,8,5,2,4,1,8,2,6,1,8,3,8,6,1,7,1,3,2,4,,,6,4,,,8,3,5,7,6,8,8,3,8,4,5,3,5,7,7,4,5,4,7,5,8,1,2,4,,3,,,"b'\x11\xea\xec\xc75y,\xe8\xb6\x11#b\xf5\x01\x1b\x0b'"
11EAECC7-3579-2CE8-B611-2362F5011B0B,2005-wnba-reg-season,wnba_com_game_box,7,7,1,7,13,5,3,3,7,5,4,6,9,7,10,7,8,8,9,8,12,4,5,8,9,8,11,8,11,7,7,8,11,8,9,2,4,6,5,4,4,5,4,3,,,12,10,,,8,3,3,13,5,3,3,5,4,9,7,8,8,8,4,5,7,8,8,2,6,4,4,,12,,,8,10,4,7,5,3,2,6,13,13,11,13,12,10,7,11,12,7,12,8,10,7,13,13,11,7,11,8,7,9,9,12,13,3,4,6,5,5,7,4,,,10,12,,,8,11,8,7,9,10,4,7,3,2,13,13,12,10,11,7,12,7,8,9,12,3,5,7,,10,,,"b'\x11\xea\xec\xc75y,\xe8\xb6\x11#b\xf5\x01\x1b\x0b'"
11EAECC7-3579-2CE8-B611-2362F5011B0B,2006-wnba-pst-season,wnba_com_game_box,4,6,3,4,3,3,3,4,5,3,3,7,3,4,2,5,5,4,3,4,8,4,4,6,6,5,3,2,5,4,5,4,3,4,3,3,2,5,3,2,3,2,4,1,,,6,7,,,5,4,8,1,6,4,5,6,4,3,6,6,8,8,6,6,6,6,5,1,3,3,4,,6,,,5,6,5,5,4,5,5,4,6,7,3,8,6,6,7,6,8,5,5,5,5,6,8,8,8,5,3,5,5,5,3,6,8,4,4,5,5,4,6,5,,,4,7,,,5,5,5,6,5,4,1,2,1,1,7,7,7,7,7,2,1,2,4,3,5,6,3,6,,8,,,"b'\x11\xea\xec\xc75y,\xe8\xb6\x11#b\xf5\x01\x1b\x0b'"
11EAECC7-3579-2CE8-B611-2362F5011B0B,2006-wnba-reg-season,wnba_com_game_box,2,2,1,2,6,5,4,7,6,1,1,5,14,14,13,14,6,4,7,4,9,6,6,6,6,6,14,14,7,5,3,3,4,3,4,3,2,6,5,3,5,5,4,4,,,9,6,,,5,5,6,6,5,4,7,1,1,14,14,6,4,4,6,6,5,3,3,3,6,5,4,,9,,,5,6,3,8,2,2,6,2,11,13,10,14,8,9,6,10,10,8,9,3,4,5,13,14,10,6,4,4,3,5,4,10,14,5,5,8,10,10,11,8,,,12,12,,,5,11,6,6,4,6,3,8,2,6,11,13,8,9,10,8,9,6,4,5,10,5,10,11,,12,,,"b'\x11\xea\xec\xc75y,\xe8\xb6\x11#b\xf5\x01\x1b\x0b'"
11EAECC7-3579-2CE8-B611-2362F5011B0B,2007-wnba-reg-season,wnba_com_game_box,12,12,1,12,1,7,6,3,11,5,2,12,10,10,7,10,8,9,6,9,13,4,4,11,12,13,12,9,8,6,8,9,6,7,8,7,8,9,8,8,10,10,11,11,,,12,12,,,13,3,5,1,7,6,3,5,2,10,10,8,9,9,4,4,6,9,7,7,9,10,11,,12,,,13,11,9,7,12,10,5,11,9,9,10,8,11,12,5,12,13,9,10,11,12,12,10,7,12,7,6,11,8,9,8,12,13,10,9,12,11,10,9,7,,,13,13,,,13,9,13,12,13,11,9,7,10,5,9,9,11,12,12,9,10,7,11,9,12,10,11,9,,13,,,"b'\x11\xea\xec\xc75y,\xe8\xb6\x11#b\xf5\x01\x1b\x0b'"
11EAECC7-3579-2CE8-B611-2362F5011B0B,2008-wnba-pst-season,wnba_com_game_box,3,6,3,2,3,3,3,3,5,3,3,4,4,4,5,5,3,3,7,3,4,3,3,5,6,6,7,4,6,2,1,4,2,3,1,3,1,6,6,1,3,5,1,1,,,6,7,,,2,3,6,5,5,3,2,3,3,4,5,6,5,5,4,4,2,3,3,2,6,6,1,,6,,,2,6,5,5,4,5,5,1,6,5,4,4,7,6,7,6,7,5,5,4,4,5,6,5,7,5,2,5,1,5,1,6,3,3,5,3,6,8,5,3,,,3,7,,,2,6,4,5,5,4,1,1,1,3,4,3,6,7,7,2,1,1,2,1,2,6,7,2,,6,,,"b'\x11\xea\xec\xc75y,\xe8\xb6\x11#b\xf5\x01\x1b\x0b'"
11EAECC7-3579-2CE8-B611-2362F5011B0B,2008-wnba-reg-season,wnba_com_game_box,5,5,1,5,1,5,5,6,7,4,4,5,11,7,14,8,10,10,7,10,12,6,2,8,8,11,12,11,10,3,4,1,3,1,2,1,2,13,13,8,11,12,1,1,,,7,5,,,5,4,4,1,5,5,6,4,4,11,7,10,10,10,6,2,3,1,1,1,13,11,1,,7,,,5,6,3,13,1,4,11,1,10,11,7,8,8,9,7,9,8,12,11,1,2,2,11,11,9,9,3,5,4,6,2,5,5,13,13,8,11,9,11,9,,,6,11,,,5,11,10,2,5,6,3,13,4,11,10,11,8,9,9,12,11,9,5,6,5,13,11,11,,6,,,"b'\x11\xea\xec\xc75y,\xe8\xb6\x11#b\xf5\x01\x1b\x0b'"
11EAECC7-3579-2CE8-B611-2362F5011B0B,2009-wnba-pst-season,wnba_com_game_box,3,6,3,4,3,3,3,3,7,3,3,7,3,3,6,6,3,3,7,3,3,3,3,6,6,5,5,6,1,3,1,3,1,3,1,3,1,5,4,4,3,5,3,1,,,5,2,,,3,3,6,4,6,7,6,7,4,6,7,3,2,2,5,4,1,1,1,5,4,7,3,,2,,,3,6,6,6,4,6,6,3,6,6,5,8,6,5,6,5,5,6,6,4,4,5,8,8,5,4,1,6,1,6,1,6,4,4,6,5,5,5,6,3,,,3,2,,,3,6,4,2,3,3,4,3,1,1,8,8,2,2,2,3,1,1,1,1,3,6,4,4,,2,,,"b'\x11\xea\xec\xc75y,\xe8\xb6\x11#b\xf5\x01\x1b\x0b'"
11EAECC7-3579-2CE8-B611-2362F5011B0B,2009-wnba-reg-season,wnba_com_game_box,4,4,1,4,6,12,4,5,6,4,6,4,10,7,13,7,13,13,3,13,13,9,9,9,11,12,12,9,13,5,2,2,1,2,1,4,3,8,8,4,13,12,2,1,,,1,1,,,5,10,11,6,12,4,5,4,6,10,7,13,13,13,9,9,5,2,2,4,8,13,2,,1,,,5,2,3,9,1,2,5,1,12,13,3,13,1,4,5,2,4,6,3,1,1,3,11,13,4,3,1,2,2,2,1,3,8,12,12,11,11,11,2,3,,,12,11,,,5,4,11,3,5,2,3,9,2,5,12,13,1,4,2,6,3,3,2,2,3,12,11,2,,12,,,"b'\x11\xea\xec\xc75y,\xe8\xb6\x11#b\xf5\x01\x1b\x0b'"
11EAECC7-3579-2CE8-B611-2362F5011B0B,2010-wnba-pst-season,wnba_com_game_box,6,2,6,6,6,8,8,8,7,8,8,8,7,8,3,6,8,8,1,8,8,8,8,7,7,8,5,3,6,7,7,8,4,8,6,7,7,2,6,8,7,2,6,5,,,1,2,,,6,8,8,1,8,8,7,8,6,4,7,8,8,8,8,8,5,8,8,7,5,6,6,,1,,,6,1,1,1,7,1,1,7,4,3,8,8,1,1,5,1,3,1,1,8,8,7,7,8,2,1,4,1,7,1,6,2,7,6,1,6,2,4,1,4,,,8,8,,,6,1,8,6,8,3,6,1,2,1,8,7,1,1,1,1,1,1,6,4,7,1,3,4,,8,,,"b'\x11\xea\xec\xc75y,\xe8\xb6\x11#b\xf5\x01\x1b\x0b'"
11EAECC7-3579-2CE8-B611-2362F5011B0B,2010-wnba-reg-season,wnba_com_game_box,10,10,1,10,10,9,7,8,7,8,9,3,6,4,8,5,9,11,2,11,11,8,10,7,7,5,7,6,9,12,12,7,11,11,11,5,1,3,4,3,10,10,8,8,,,1,1,,,10,6,6,10,9,7,8,8,9,6,4,9,11,11,8,10,12,7,11,5,3,10,8,,1,,,10,8,9,8,7,7,9,8,9,9,8,10,3,2,9,2,3,8,7,7,8,9,7,10,2,10,11,8,12,9,11,5,4,11,11,9,5,7,1,1,,,10,8,,,10,7,9,9,9,8,9,8,7,9,9,9,3,2,2,8,7,10,8,9,5,11,5,1,,10,,,"b'\x11\xea\xec\xc75y,\xe8\xb6\x11#b\xf5\x01\x1b\x0b'"
11EAECC7-3579-2CE8-B611-2362F5011B0B,2011-wnba-reg-season,wnba_com_game_box,9,9,1,9,2,7,6,7,4,8,9,6,2,4,1,2,10,10,4,10,10,8,10,2,3,5,4,1,10,10,11,8,12,8,11,3,2,7,8,6,9,10,10,9,,,2,2,,,10,9,10,2,7,6,7,8,9,2,4,10,10,10,8,10,10,8,8,3,7,9,10,,2,,,10,9,10,9,10,9,7,11,10,10,3,10,3,2,7,2,2,10,9,10,9,9,4,10,2,12,12,7,11,10,11,10,8,11,11,11,4,7,1,1,,,7,6,,,10,5,4,11,10,9,10,9,9,7,10,10,3,2,2,10,9,12,7,10,10,11,4,1,,7,,,"b'\x11\xea\xec\xc75y,\xe8\xb6\x11#b\xf5\x01\x1b\x0b'"
11EAECC7-3579-2CE8-B611-2362F5011B0B,2012-wnba-pst-season,wnba_com_game_box,4,1,4,4,4,4,4,4,1,3,4,1,5,5,2,7,3,3,7,3,1,4,4,1,1,1,7,7,2,4,2,4,6,4,2,5,8,5,7,7,4,7,4,5,,,3,2,,,5,4,3,3,2,2,6,1,5,6,7,1,1,1,6,4,7,5,7,6,8,7,5,,3,,,5,6,6,5,7,6,5,6,5,5,7,8,2,2,8,2,1,5,5,7,6,7,3,7,1,5,6,3,2,5,2,6,5,5,8,8,5,8,3,1,,,4,2,,,5,5,1,7,4,7,8,8,7,8,8,8,3,2,2,8,7,6,1,1,8,7,8,1,,3,,,"b'\x11\xea\xec\xc75y,\xe8\xb6\x11#b\xf5\x01\x1b\x0b'"
11EAECC7-3579-2CE8-B611-2362F5011B0B,2012-wnba-reg-season,wnba_com_game_box,3,3,1,3,9,2,2,5,2,2,3,2,9,10,5,10,2,2,3,2,4,4,3,2,2,3,9,10,5,2,2,2,8,3,3,4,9,6,7,5,4,7,1,1,,,8,6,,,3,4,2,9,2,2,5,2,3,9,10,2,2,2,4,3,2,2,3,4,6,4,1,,8,,,3,9,9,11,4,8,11,5,5,10,1,6,4,8,1,8,5,11,11,3,3,4,4,4,4,12,8,3,2,4,3,8,7,6,8,8,10,7,1,1,,,7,8,,,3,11,3,5,2,9,9,11,8,11,5,10,4,8,8,11,11,12,3,4,8,6,10,1,,7,,,"b'\x11\xea\xec\xc75y,\xe8\xb6\x11#b\xf5\x01\x1b\x0b'"
11EAECC7-3579-2CE8-B611-2362F5011B0B,2013-wnba-pst-season,wnba_com_game_box,5,2,5,5,5,5,5,5,5,4,4,4,8,6,8,6,5,5,4,5,5,5,5,5,5,3,8,8,2,4,1,6,3,5,2,6,8,3,2,7,4,5,7,7,,,3,1,,,3,5,1,1,2,2,1,1,1,8,6,2,2,2,1,1,1,6,2,8,2,5,7,,1,,,3,4,4,3,7,4,3,8,3,5,2,6,3,3,5,3,3,3,3,7,7,7,2,3,3,3,3,3,1,3,2,5,4,6,5,7,2,2,2,2,,,5,7,,,3,4,3,7,4,7,8,6,8,5,3,6,3,3,3,6,6,4,2,3,8,5,2,3,,3,,,"b'\x11\xea\xec\xc75y,\xe8\xb6\x11#b\xf5\x01\x1b\x0b'"
11EAECC7-3579-2CE8-B611-2362F5011B0B,2013-wnba-reg-season,wnba_com_game_box,2,2,1,2,2,2,2,6,1,2,2,2,12,12,3,12,5,6,8,6,8,6,7,2,2,2,12,12,8,10,8,5,8,7,5,2,3,5,5,2,3,4,3,4,,,9,5,,,2,3,3,2,2,2,6,2,2,12,12,5,6,6,6,7,10,5,7,2,5,3,3,,9,,,2,5,7,9,5,9,9,7,4,6,1,5,9,10,3,10,5,10,10,2,2,1,2,4,8,11,8,3,8,4,5,6,6,4,5,4,7,8,1,1,,,6,8,,,2,10,2,3,2,5,7,9,9,9,4,6,9,10,10,10,10,11,3,4,6,4,7,1,,6,,,"b'\x11\xea\xec\xc75y,\xe8\xb6\x11#b\xf5\x01\x1b\x0b'"
11EAECC7-3579-2CE8-B611-2362F5011B0B,2014-wnba-pst-season,wnba_com_game_box,6,2,6,6,7,8,7,7,3,6,6,2,8,8,8,8,8,8,8,8,8,7,8,5,7,8,8,8,8,8,8,7,1,8,5,6,5,2,7,6,6,4,5,1,,,2,6,,,7,7,1,4,8,5,6,1,3,8,8,8,8,8,7,7,7,5,8,4,7,4,3,,5,,,8,2,2,1,6,2,1,6,3,3,8,8,2,2,8,2,4,1,1,6,6,6,6,8,5,1,1,3,8,1,5,2,3,6,4,3,1,6,1,1,,,8,7,,,7,3,8,5,8,6,5,3,3,3,8,8,4,4,4,3,2,1,7,2,4,4,6,1,,8,,,"b'\x11\xea\xec\xc75y,\xe8\xb6\x11#b\xf5\x01\x1b\x0b'"
11EAECC7-3579-2CE8-B611-2362F5011B0B,2014-wnba-reg-season,wnba_com_game_box,4,4,1,4,3,6,3,6,3,1,1,4,12,12,9,12,9,10,5,10,12,5,4,5,5,5,12,12,11,7,7,7,7,9,9,4,7,6,7,4,2,2,6,6,,,4,3,,,5,5,4,3,6,3,6,1,1,12,12,9,10,10,5,4,7,7,9,4,6,2,6,,4,,,5,8,10,6,9,10,4,9,8,9,3,11,6,4,12,4,4,4,9,9,8,6,5,8,4,5,7,8,7,5,9,10,10,2,2,4,9,7,3,3,,,11,12,,,5,10,5,5,5,8,10,6,10,4,8,9,6,4,4,4,9,5,8,5,10,2,9,3,,11,,,"b'\x11\xea\xec\xc75y,\xe8\xb6\x11#b\xf5\x01\x1b\x0b'"
11EAECC7-3579-2CE8-B611-2362F5011B0B,2015-wnba-pst-season,wnba_com_game_box,5,1,5,5,6,7,6,7,4,6,6,5,6,6,3,3,6,6,8,6,3,7,7,3,4,5,4,2,6,6,5,7,5,6,4,6,1,4,7,5,5,2,7,7,,,2,6,,,5,7,4,3,4,4,6,6,5,2,3,5,4,4,6,6,6,7,6,3,7,2,7,,6,,,5,2,2,2,4,2,3,5,1,2,3,2,5,4,7,4,7,2,2,2,5,5,5,1,8,2,5,2,5,3,4,3,8,5,5,6,5,8,4,6,,,6,4,,,5,2,4,5,5,5,4,4,4,5,1,1,7,7,7,5,4,4,5,5,5,5,8,6,,3,,,"b'\x11\xea\xec\xc75y,\xe8\xb6\x11#b\xf5\x01\x1b\x0b'"
11EAECC7-3579-2CE8-B611-2362F5011B0B,2015-wnba-reg-season,wnba_com_game_box,10,10,1,10,4,9,4,11,1,3,10,1,8,7,11,5,10,11,3,10,9,11,12,1,1,3,10,8,11,11,10,6,7,10,7,1,2,6,7,2,12,12,6,6,,,3,7,,,8,12,12,4,9,4,11,3,10,8,7,10,11,10,11,12,11,6,10,1,6,12,6,,3,,,8,5,4,6,5,3,7,4,4,5,7,5,11,11,3,11,10,9,1,4,5,7,10,6,11,9,7,2,10,4,7,6,8,12,12,12,6,8,1,1,,,11,8,,,8,1,6,10,8,5,4,6,3,7,4,5,11,11,11,9,1,9,2,4,6,12,6,1,,11,,,"b'\x11\xea\xec\xc75y,\xe8\xb6\x11#b\xf5\x01\x1b\x0b'"
11EAECC7-3579-2CE8-B611-2362F5011B0B,2016-wnba-pst-season,wnba_com_game_box,1,5,1,1,1,1,1,1,5,2,2,4,1,1,4,2,2,2,5,2,5,1,1,5,5,6,4,2,6,1,6,2,6,1,5,1,3,8,7,7,1,4,1,5,,,8,1,,,2,1,6,1,7,5,6,7,7,3,3,7,7,8,7,5,5,4,5,5,7,2,2,,1,,,2,8,8,8,1,8,8,1,5,6,1,1,8,8,4,8,1,8,8,1,1,1,1,1,3,8,6,8,6,8,5,8,7,1,3,3,8,7,8,4,,,2,6,,,2,8,6,1,2,1,3,6,6,8,1,1,2,1,1,4,5,7,4,5,3,3,7,3,,7,,,"b'\x11\xea\xec\xc75y,\xe8\xb6\x11#b\xf5\x01\x1b\x0b'"
11EAECC7-3579-2CE8-B611-2362F5011B0B,2016-wnba-reg-season,wnba_com_game_box,2,2,1,2,10,4,4,11,1,5,8,1,5,7,1,6,10,11,9,11,9,11,12,1,1,1,6,5,11,12,11,6,6,10,7,1,2,4,9,2,4,3,6,6,,,1,1,,,2,12,11,10,4,4,11,5,8,5,7,10,11,11,11,12,12,6,10,1,4,4,6,,1,,,2,1,3,4,3,5,3,9,5,9,1,9,1,1,1,1,2,2,3,4,3,2,3,8,2,6,6,2,11,3,7,4,5,4,4,5,7,10,1,1,,,10,8,,,2,2,2,2,2,1,3,4,5,3,5,9,1,1,1,2,3,6,2,3,4,4,7,1,,10,,,"b'\x11\xea\xec\xc75y,\xe8\xb6\x11#b\xf5\x01\x1b\x0b'"
11EAECC7-3579-2CE8-B611-2362F5011B0B,2017-wnba-pst-season,wnba_com_game_box,2,6,1,2,1,2,2,2,4,2,2,2,4,1,6,6,1,1,5,1,5,2,2,5,4,5,5,6,4,3,5,2,5,2,5,1,1,8,6,4,1,1,3,6,,,8,5,,,2,1,2,1,5,3,5,3,5,6,6,5,5,5,5,5,6,6,6,1,7,1,6,,4,,,2,8,8,7,5,8,8,4,8,7,8,1,7,7,4,7,3,7,8,6,4,1,3,4,3,7,5,8,5,8,5,7,6,1,1,1,7,5,7,5,,,1,5,,,2,8,5,1,2,2,3,3,5,5,3,1,3,3,3,2,5,4,5,4,4,1,5,5,,5,,,"b'\x11\xea\xec\xc75y,\xe8\xb6\x11#b\xf5\x01\x1b\x0b'"
11EAECC7-3579-2CE8-B611-2362F5011B0B,2017-wnba-reg-season,wnba_com_game_box,2,2,1,2,4,4,4,8,1,2,8,2,9,9,5,9,7,9,3,9,8,9,10,3,2,2,10,10,9,11,10,7,5,10,7,4,7,5,6,4,1,1,8,7,,,2,2,,,2,6,11,4,4,4,8,2,8,9,9,7,9,9,9,10,11,7,10,4,5,1,8,,2,,,2,2,2,2,3,2,1,5,8,10,6,12,2,2,5,2,4,1,4,4,5,2,10,11,4,5,5,2,10,3,7,6,9,1,1,1,2,3,1,2,,,9,8,,,2,3,3,2,2,2,2,2,2,1,8,10,2,2,2,1,4,5,2,3,6,1,2,1,,9,,,"b'\x11\xea\xec\xc75y,\xe8\xb6\x11#b\xf5\x01\x1b\x0b'"
11EAECC7-3579-2CE8-B611-2362F5011B0B,2018-wnba-pst-season,wnba_sr_game_summary,5,1,5,3,5,5,5,5,8,5,5,8,5,5,5,4,5,5,3,5,5,5,5,8,8,7,1,3,3,5,8,5,3,5,7,5,2,4,7,7,5,1,5,4,3,5,4,1,5,3,8,5,7,3,7,8,7,8,8,5,4,5,5,5,7,8,8,6,8,8,6,1,4,4,1,6,2,7,4,4,4,6,4,4,6,3,4,2,2,4,4,3,4,1,4,4,6,6,6,2,2,2,4,3,4,8,4,7,4,7,5,1,4,4,7,3,5,5,4,5,6,4,5,8,4,8,6,7,3,6,2,6,4,2,1,1,1,1,2,2,2,7,5,7,1,6,4,4,6,1,1,"b'\x11\xea\xec\xc75y,\xe8\xb6\x11#b\xf5\x01\x1b\x0b'"
11EAECC7-3579-2CE8-B611-2362F5011B0B,2018-wnba-reg-season,wnba_sr_game_summary,6,6,1,6,5,10,7,10,5,4,6,6,8,10,6,8,11,12,3,11,11,11,11,6,7,6,10,8,10,11,12,10,7,12,11,8,8,2,4,3,1,1,10,10,1,1,1,2,11,1,6,11,12,6,10,8,11,4,6,8,10,11,12,11,12,12,11,10,12,8,1,1,10,1,1,11,1,6,1,1,1,10,6,4,10,1,1,1,5,3,3,5,3,4,1,3,5,5,3,1,1,5,3,7,10,12,8,11,6,10,2,1,1,3,8,1,1,10,10,11,7,1,1,6,2,6,3,6,1,1,1,6,3,1,1,3,3,3,1,2,3,10,7,5,2,3,1,10,11,1,1,"b'\x11\xea\xec\xc75y,\xe8\xb6\x11#b\xf5\x01\x1b\x0b'"
11EAECC7-3579-2CE8-B611-2362F5011B0B,2019-wnba-pst-season,wnba_sr_game_summary,4,5,4,6,4,4,4,4,7,4,4,5,4,3,8,4,4,4,7,4,7,4,4,7,8,7,7,5,6,4,6,4,6,4,5,4,7,5,4,5,3,4,2,2,5,2,5,3,4,5,8,4,5,1,8,6,6,6,6,6,3,7,7,7,6,6,5,6,5,6,4,3,2,2,4,4,2,6,5,5,5,2,5,5,2,5,5,1,7,4,5,2,5,5,5,5,2,1,1,6,7,2,6,6,5,6,6,5,5,6,3,3,5,5,6,5,2,2,2,4,3,5,3,8,5,6,2,6,1,4,5,2,2,6,7,2,3,3,5,6,7,6,7,5,3,6,2,2,4,4,5,"b'\x11\xea\xec\xc75y,\xe8\xb6\x11#b\xf5\x01\x1b\x0b'"
11EAECC7-3579-2CE8-B611-2362F5011B0B,2019-wnba-reg-season,wnba_sr_game_summary,3,3,1,3,3,5,3,3,4,5,6,4,4,6,5,6,10,12,3,12,12,7,6,4,5,4,9,5,12,9,10,7,10,7,10,7,9,5,6,6,4,4,9,10,10,10,10,10,10,3,4,5,4,3,5,3,3,5,6,4,6,10,12,12,7,6,9,7,7,7,5,4,9,10,10,10,3,4,3,2,6,2,1,5,2,9,10,9,9,9,10,4,9,10,6,10,2,5,1,12,11,10,8,10,9,10,10,10,1,2,2,4,1,10,10,10,10,9,10,10,10,10,1,4,9,4,3,2,3,2,6,1,5,9,10,9,10,9,6,10,8,9,10,1,2,10,10,9,10,10,1,"b'\x11\xea\xec\xc75y,\xe8\xb6\x11#b\xf5\x01\x1b\x0b'"
11EAECC7-3579-2CE8-B611-2362F5011B0B,2020-wnba-pst-season,wnba_sr_game_summary,6,2,6,6,6,8,8,7,8,8,7,5,8,7,8,5,6,6,1,6,1,7,7,8,8,8,6,8,1,7,6,6,1,6,4,8,3,3,8,8,7,8,6,2,2,2,1,3,7,2,6,7,7,1,8,8,7,7,6,8,6,1,1,1,7,7,4,2,3,8,8,7,1,2,1,7,2,8,1,1,3,1,2,2,1,2,2,6,4,1,1,8,1,1,2,2,2,1,2,7,7,3,1,1,3,6,1,4,3,8,8,7,8,3,7,2,2,6,2,7,7,1,8,6,3,8,2,7,2,2,6,2,5,5,4,1,1,1,3,2,1,7,4,7,8,7,2,1,7,1,8,"b'\x11\xea\xec\xc75y,\xe8\xb6\x11#b\xf5\x01\x1b\x0b'"
11EAECC7-3579-2CE8-B611-2362F5011B0B,2020-wnba-reg-season,wnba_sr_game_summary,3,3,1,3,3,5,3,10,2,4,4,3,8,10,1,9,9,9,10,9,10,11,12,2,3,4,8,8,9,12,12,8,6,12,10,5,8,6,7,5,3,3,9,8,1,1,7,8,4,8,3,8,7,3,5,3,10,4,4,8,10,9,9,9,11,12,12,8,12,5,6,3,9,1,7,4,8,3,4,4,3,7,2,2,5,12,8,12,9,2,3,3,3,5,2,6,8,8,3,12,12,2,4,6,7,12,6,10,10,12,1,1,2,8,9,1,1,9,8,4,3,7,1,3,6,5,3,4,4,4,3,2,2,12,8,2,3,3,2,6,4,7,6,10,1,8,1,9,4,7,1,"b'\x11\xea\xec\xc75y,\xe8\xb6\x11#b\xf5\x01\x1b\x0b'"
11EAECC7-3579-2CE8-B611-2362F5011B0B,2021-wnba-reg-season,wnba_sr_game_summary,8,8,1,8,4,12,12,10,11,10,9,12,8,7,9,6,10,11,11,11,10,11,12,10,10,11,7,5,10,12,12,12,12,12,12,12,11,7,8,12,2,3,5,3,6,7,12,12,2,3,9,10,10,4,12,12,10,10,9,8,7,10,11,11,11,12,12,12,12,12,7,2,5,6,12,2,3,9,2,2,2,4,2,2,2,4,4,7,8,12,12,11,12,12,2,7,4,8,2,12,11,12,10,12,10,12,11,12,1,6,1,1,1,9,10,6,7,5,3,2,1,12,1,9,5,12,2,8,2,2,2,2,2,4,4,12,12,12,2,7,10,10,11,1,1,9,6,5,2,12,1,"b'\x11\xea\xec\xc75y,\xe8\xb6\x11#b\xf5\x01\x1b\x0b'"
11EAECC7-3579-2CE8-B611-2362F5011B0B,2022-wnba-reg-season,wnba_sr_game_summary,11,11,1,11,9,10,6,9,5,3,2,8,12,12,12,12,7,7,7,7,10,9,8,10,10,10,12,12,6,10,10,12,10,12,11,9,10,6,6,10,2,2,5,2,4,2,8,7,3,3,11,5,4,9,10,6,9,3,2,12,12,7,7,7,9,8,10,12,12,9,6,2,5,4,8,3,3,11,11,9,4,11,8,2,11,10,9,12,8,10,9,11,9,11,4,8,12,12,11,11,9,9,7,10,7,10,7,11,10,9,2,2,3,10,12,4,2,5,2,3,2,8,2,11,9,10,11,11,11,9,4,8,2,10,9,10,9,9,4,8,7,7,7,10,2,10,4,5,3,8,2,"b'\x11\xea\xec\xc75y,\xe8\xb6\x11#b\xf5\x01\x1b\x0b'"
11EAECC7-3579-2CE8-B611-2362F5011B0B,2023-wnba-reg-season,wnba_sr_game_summary,9,9,1,9,7,10,10,11,11,8,6,11,11,11,9,11,4,5,4,5,7,11,10,11,11,10,6,10,2,9,10,10,5,11,11,9,4,5,5,7,1,1,11,11,12,12,4,5,3,1,7,7,8,7,10,10,11,8,6,11,11,4,5,5,11,10,9,10,11,9,5,1,11,12,4,3,1,7,3,5,2,12,9,2,12,4,8,2,11,3,4,2,4,6,1,1,12,10,5,3,5,4,1,5,9,10,8,11,7,7,1,1,2,10,10,12,12,11,11,3,3,4,4,7,3,10,5,8,3,5,2,9,2,4,8,3,4,4,1,1,1,9,8,7,1,10,12,11,3,4,4,"b'\x11\xea\xec\xc75y,\xe8\xb6\x11#b\xf5\x01\x1b\x0b'"
11EAECC7-3579-2CE8-B611-2362F5011B0B,2024-wnba-reg-season,wnba_sr_game_summary,12,12,1,12,8,10,11,10,10,8,6,10,7,7,10,7,5,3,10,3,2,8,5,10,10,10,7,7,3,9,9,9,7,10,10,10,4,11,11,12,5,5,12,12,11,12,8,10,3,10,11,2,4,8,10,11,10,8,6,7,7,5,3,3,8,5,9,9,10,10,11,5,12,11,8,3,10,11,10,11,6,11,11,8,11,8,5,10,4,8,8,7,8,7,8,5,11,11,10,5,6,5,6,7,7,9,6,10,8,4,8,8,8,12,12,11,12,12,12,3,3,8,4,11,5,12,10,12,10,11,6,11,8,8,5,8,8,8,8,5,6,7,6,8,8,12,11,12,3,8,4,"b'\x11\xea\xec\xc75y,\xe8\xb6\x11#b\xf5\x01\x1b\x0b'"
11EAECC7-3579-2CE8-B611-2362F5011B0B,2025-wnba-reg-season,wnba_sr_game_summary,9,9,1,9,1,2,4,8,2,6,9,1,7,6,8,7,1,2,10,2,2,5,2,3,3,5,6,7,5,10,9,10,11,10,9,6,9,11,11,9,9,10,11,12,11,11,5,4,3,4,9,2,2,1,2,4,8,6,9,7,6,1,2,2,5,2,10,10,10,6,11,9,11,11,5,3,4,9,13,13,13,11,10,8,11,13,12,12,12,4,3,13,3,4,13,13,11,11,10,10,12,1,12,11,7,9,7,9,12,10,9,11,11,12,12,11,11,11,12,3,4,5,7,9,13,6,10,9,13,13,13,10,8,13,12,4,3,3,13,13,12,7,7,12,9,12,11,11,3,5,7,"b'\x11\xea\xec\xc75y,\xe8\xb6\x11#b\xf5\x01\x1b\x0b'"
11EAECC7-3579-2CE8-B611-2362F5011B0B,all-wnba-pst-season,wnba_box,3,14,3,5,3,4,4,5,5,3,3,5,8,5,15,11,4,3,13,3,13,5,2,9,9,11,15,13,10,1,8,6,7,4,4,4,7,17,13,8,1,5,2,2,7,6,17,12,12,7,4,4,10,13,10,9,11,5,7,11,10,13,10,10,11,11,8,10,9,8,15,4,2,6,15,13,6,5,15,15,14,6,15,16,7,13,13,7,7,17,17,12,17,11,15,15,7,7,7,7,8,15,15,7,13,8,14,4,15,11,2,5,7,16,12,14,5,11,12,2,10,7,12,4,15,10,6,7,7,8,7,9,11,7,7,13,12,12,7,7,4,6,4,8,6,15,7,12,11,6,13,"b'\x11\xea\xec\xc75y,\xe8\xb6\x11#b\xf5\x01\x1b\x0b'"
11EAECC7-3579-2CE8-B611-2362F5011B0B,all-wnba-reg-season,wnba_box,1,13,1,2,1,2,1,1,1,1,1,2,9,10,8,13,4,4,6,4,17,4,3,3,5,5,16,13,15,6,14,2,11,3,10,1,7,18,10,5,1,9,2,4,15,11,17,9,6,9,4,2,5,8,5,3,6,3,5,13,13,9,11,11,8,6,15,6,8,4,11,7,4,12,10,12,7,6,16,16,17,8,16,17,8,19,19,11,17,17,17,8,17,11,17,18,8,8,7,18,18,9,18,11,16,14,17,10,18,15,1,9,11,19,14,14,2,12,13,4,13,12,1,4,18,7,9,6,12,11,14,9,11,16,16,12,14,14,15,16,13,10,13,14,8,17,7,13,15,8,4,"b'\x11\xea\xec\xc75y,\xe8\xb6\x11#b\xf5\x01\x1b\x0b'"
11EAECC7-357C-772C-B611-2362F5011B0B,1999-wnba-reg-season,wnba_com_game_box,6,6,1,6,2,11,11,4,12,12,12,11,1,1,5,1,12,12,7,12,11,8,9,9,12,10,1,1,12,10,12,12,8,12,12,4,2,1,1,2,11,11,12,11,,,8,10,,,9,10,12,2,11,11,4,12,12,1,1,12,12,12,8,9,10,12,12,4,1,11,12,,8,,,9,3,2,2,8,2,2,12,7,10,3,12,8,7,8,6,10,2,2,8,10,9,10,9,8,3,8,11,12,10,12,4,12,5,4,6,1,1,3,5,,,9,10,,,9,2,10,7,10,3,2,2,2,2,7,10,8,7,6,2,2,3,11,10,4,5,1,3,,9,,,"b'\x11\xea\xec\xc75|w,\xb6\x11#b\xf5\x01\x1b\x0b'"
11EAECC7-357C-772C-B611-2362F5011B0B,2000-wnba-reg-season,wnba_com_game_box,9,9,1,9,5,8,13,9,13,14,16,12,1,1,2,1,8,9,5,9,4,9,9,7,8,8,1,1,9,15,15,12,8,15,15,9,5,8,9,9,14,14,16,16,,,10,13,,,8,7,8,5,8,13,9,14,16,1,1,8,9,9,9,9,15,12,15,9,8,14,16,,10,,,8,10,4,4,8,1,1,9,16,16,10,16,13,13,5,13,16,4,6,11,12,9,16,16,15,7,8,15,15,13,15,4,12,1,3,2,11,14,15,16,,,2,2,,,8,8,11,8,7,10,4,4,1,1,16,16,13,13,13,4,6,7,15,13,4,1,11,15,,2,,,"b'\x11\xea\xec\xc75|w,\xb6\x11#b\xf5\x01\x1b\x0b'"
11EAECC7-357C-772C-B611-2362F5011B0B,2001-wnba-reg-season,wnba_com_game_box,10,10,1,10,14,10,16,14,16,16,16,16,1,1,11,1,1,1,4,1,1,10,9,14,10,12,1,1,1,9,10,7,11,7,10,13,5,14,14,14,15,15,8,8,,,16,16,,,11,7,5,14,10,16,14,16,16,1,1,1,1,1,10,9,9,7,7,13,14,15,8,,16,,,11,9,6,11,2,5,8,2,13,15,7,13,16,13,16,13,11,12,13,4,9,7,15,11,16,10,11,11,10,12,10,12,15,9,10,13,8,7,9,15,,,1,1,,,11,13,12,8,10,9,6,11,5,8,13,15,16,13,13,12,13,10,11,12,12,9,8,9,,1,,,"b'\x11\xea\xec\xc75|w,\xb6\x11#b\xf5\x01\x1b\x0b'"
11EAECC7-357C-772C-B611-2362F5011B0B,2002-wnba-reg-season,wnba_com_game_box,14,14,1,14,4,16,16,15,12,14,15,10,5,5,8,3,14,9,16,8,4,15,10,7,12,15,4,4,12,8,5,8,8,8,7,12,6,13,16,14,13,12,10,12,,,7,11,,,13,9,10,4,16,16,15,14,15,5,5,14,9,8,15,10,8,8,8,12,13,13,10,,7,,,13,5,4,4,6,3,6,4,6,7,14,6,10,9,15,10,12,7,7,6,7,6,13,8,13,5,8,1,5,3,7,11,15,9,8,10,14,16,9,15,,,7,6,,,13,7,14,7,13,5,4,4,3,6,6,7,10,9,10,7,7,5,1,3,11,9,14,9,,7,,,"b'\x11\xea\xec\xc75|w,\xb6\x11#b\xf5\x01\x1b\x0b'"
11EAECC7-357C-772C-B611-2362F5011B0B,2003-wnba-pst-season,wnba_com_game_box,5,1,5,5,5,5,6,6,4,7,7,4,4,5,4,2,5,5,8,5,2,7,5,5,4,6,2,3,2,6,4,7,6,7,5,5,1,5,8,5,3,1,7,8,,,3,4,,,7,5,2,1,3,6,4,7,6,3,2,2,2,2,5,2,6,7,6,2,8,1,8,,4,,,8,4,4,3,7,5,3,7,2,2,1,2,3,3,6,3,3,3,3,7,7,7,1,1,3,2,6,2,4,2,5,4,7,5,1,4,5,8,4,7,,,6,2,,,7,3,6,6,7,8,8,4,8,7,2,2,5,3,3,4,7,3,2,2,8,1,8,7,,2,,,"b'\x11\xea\xec\xc75|w,\xb6\x11#b\xf5\x01\x1b\x0b'"
11EAECC7-357C-772C-B611-2362F5011B0B,2003-wnba-reg-season,wnba_com_game_box,5,5,1,5,7,5,5,10,2,8,11,1,4,4,5,3,8,7,11,7,3,11,7,1,2,7,6,4,9,3,2,8,5,6,2,2,1,13,13,9,9,9,12,13,,,4,4,,,9,8,7,7,5,5,10,8,11,4,4,8,7,7,11,7,3,8,6,2,13,9,12,,4,,,9,9,12,10,11,12,12,11,4,6,3,5,8,8,10,7,5,10,9,11,10,12,2,2,5,8,5,2,2,2,2,9,3,7,7,9,11,10,7,12,,,5,5,,,9,9,3,9,6,9,12,10,12,12,4,6,8,8,7,10,9,8,2,2,9,7,11,7,,5,,,"b'\x11\xea\xec\xc75|w,\xb6\x11#b\xf5\x01\x1b\x0b'"
11EAECC7-357C-772C-B611-2362F5011B0B,2004-wnba-pst-season,wnba_com_game_box,8,1,8,8,8,8,8,8,3,8,8,1,6,6,4,2,8,8,8,8,3,8,8,3,5,8,3,2,7,8,7,8,7,8,7,8,2,3,8,8,8,7,8,6,,,1,4,,,7,8,5,3,8,8,8,7,8,4,2,7,6,5,8,7,8,6,7,7,8,7,4,,4,,,8,1,1,1,8,1,1,7,1,1,5,2,1,1,1,1,1,1,1,6,4,6,1,3,2,1,7,1,7,1,7,1,8,8,6,8,3,8,2,8,,,8,5,,,7,1,8,5,8,5,8,8,8,8,3,2,2,2,2,6,4,5,3,4,8,7,8,8,,5,,,"b'\x11\xea\xec\xc75|w,\xb6\x11#b\xf5\x01\x1b\x0b'"
11EAECC7-357C-772C-B611-2362F5011B0B,2004-wnba-reg-season,wnba_com_game_box,3,3,1,3,7,12,12,12,12,12,11,8,3,2,10,2,8,5,12,5,1,11,6,8,7,13,2,3,6,6,5,5,6,6,6,7,3,13,13,13,9,8,3,5,,,10,8,,,7,5,5,7,12,12,12,12,11,3,2,8,5,5,11,6,6,5,6,7,13,9,3,,10,,,7,2,4,5,2,8,12,5,1,1,1,1,9,9,3,9,8,9,8,2,1,1,1,1,10,6,6,7,5,7,6,3,6,5,4,4,13,13,10,12,,,4,4,,,7,8,13,1,7,2,4,5,8,12,1,1,9,9,9,9,8,6,7,7,3,5,13,10,,4,,,"b'\x11\xea\xec\xc75|w,\xb6\x11#b\xf5\x01\x1b\x0b'"
11EAECC7-357C-772C-B611-2362F5011B0B,2005-wnba-reg-season,wnba_com_game_box,11,11,1,11,8,10,10,9,10,12,12,10,4,4,3,4,12,10,8,10,7,10,7,9,10,11,3,3,10,9,9,6,10,6,8,4,2,12,12,10,6,6,6,5,,,3,3,,,11,7,7,8,10,10,9,12,12,4,4,12,10,10,10,7,9,6,6,4,12,6,6,,3,,,11,7,11,10,7,10,9,7,7,5,7,3,2,2,6,3,2,9,8,6,5,5,2,7,2,10,10,10,9,10,8,8,8,7,8,8,11,11,10,13,,,8,6,,,11,7,10,6,11,7,11,10,10,9,7,5,2,2,3,9,8,10,10,10,8,7,11,10,,8,,,"b'\x11\xea\xec\xc75|w,\xb6\x11#b\xf5\x01\x1b\x0b'"
11EAECC7-357C-772C-B611-2362F5011B0B,2006-wnba-reg-season,wnba_com_game_box,13,13,1,13,9,8,6,5,7,6,3,7,12,12,4,12,12,8,11,7,14,9,7,7,9,9,13,12,12,8,10,8,10,7,9,13,14,6,6,11,14,14,8,10,,,5,5,,,12,4,4,9,8,6,5,6,3,12,12,12,8,7,9,7,8,8,7,13,6,14,8,,5,,,12,13,13,12,12,14,12,9,10,10,7,8,10,8,11,8,6,13,11,10,10,12,5,8,5,11,10,9,10,10,9,14,11,14,14,14,14,14,8,6,,,13,13,,,12,8,10,13,12,13,13,12,14,12,10,10,10,8,8,13,11,11,9,10,14,14,14,8,,13,,,"b'\x11\xea\xec\xc75|w,\xb6\x11#b\xf5\x01\x1b\x0b'"
11EAECC7-357C-772C-B611-2362F5011B0B,2007-wnba-reg-season,wnba_com_game_box,12,12,1,12,3,4,3,2,9,2,1,10,8,9,12,9,7,8,5,8,10,2,2,10,10,7,11,10,7,2,3,7,3,3,5,3,5,6,3,4,12,12,12,13,,,11,11,,,12,2,3,3,4,3,2,2,1,8,9,7,8,8,2,2,2,7,3,3,6,12,12,,11,,,12,12,12,6,13,13,10,13,3,3,9,1,12,11,9,11,11,8,9,13,13,13,4,1,11,3,3,7,3,5,5,7,4,8,8,8,9,6,12,9,,,8,11,,,12,11,7,13,12,12,12,6,13,10,3,3,12,11,11,8,9,3,7,5,7,8,9,12,,8,,,"b'\x11\xea\xec\xc75|w,\xb6\x11#b\xf5\x01\x1b\x0b'"
11EAECC7-357C-772C-B611-2362F5011B0B,2008-wnba-reg-season,wnba_com_game_box,10,10,1,10,4,2,2,2,2,1,1,6,13,13,11,13,1,1,5,1,3,2,2,7,5,3,13,13,2,9,11,8,9,7,10,6,10,1,2,4,3,3,8,9,,,11,11,,,6,3,3,4,2,2,2,1,1,13,13,1,1,1,2,2,9,8,7,6,1,3,8,,11,,,6,12,12,9,11,13,9,11,4,4,5,2,12,12,10,12,9,11,12,11,11,11,5,3,12,7,9,13,11,12,10,12,11,3,4,9,3,3,10,7,,,3,4,,,6,12,3,11,6,12,12,9,13,9,4,4,12,12,12,11,12,7,13,12,12,3,3,10,,3,,,"b'\x11\xea\xec\xc75|w,\xb6\x11#b\xf5\x01\x1b\x0b'"
11EAECC7-357C-772C-B611-2362F5011B0B,2009-wnba-reg-season,wnba_com_game_box,11,11,1,11,10,3,6,6,10,10,11,6,4,3,6,3,3,2,8,2,1,4,6,4,4,3,2,3,5,8,9,13,8,10,9,12,11,3,4,9,4,4,6,7,,,8,8,,,12,5,3,10,3,6,6,10,11,4,3,3,2,2,4,6,8,13,10,12,3,4,6,,8,,,12,12,12,8,13,12,10,13,7,5,13,5,8,8,7,8,5,11,10,13,13,13,4,7,5,1,8,9,9,7,9,9,7,6,8,9,2,3,10,13,,,6,6,,,12,11,2,11,12,12,12,8,12,10,7,5,8,8,8,11,10,1,9,7,9,6,2,10,,6,,,"b'\x11\xea\xec\xc75|w,\xb6\x11#b\xf5\x01\x1b\x0b'"
11EAECC7-357C-772C-B611-2362F5011B0B,2010-wnba-reg-season,wnba_com_game_box,10,10,1,10,2,6,10,3,12,7,2,12,10,9,11,10,2,2,9,2,4,3,4,12,12,11,6,10,1,2,4,6,3,5,5,11,11,1,1,10,3,3,9,9,,,8,9,,,11,4,4,2,6,10,3,7,2,10,9,2,2,2,3,4,2,6,5,11,1,3,9,,8,,,11,9,6,7,9,6,3,10,9,10,7,11,10,9,8,9,11,7,8,9,10,8,9,9,7,2,3,11,4,8,5,7,7,4,3,5,3,1,12,12,,,4,7,,,11,9,11,8,10,9,6,7,6,3,9,10,10,9,9,7,8,2,11,8,7,4,3,12,,4,,,"b'\x11\xea\xec\xc75|w,\xb6\x11#b\xf5\x01\x1b\x0b'"
11EAECC7-357C-772C-B611-2362F5011B0B,2011-wnba-pst-season,wnba_com_game_box,1,1,1,1,1,1,1,2,1,1,2,1,2,3,3,7,1,2,5,1,2,2,2,1,1,1,7,7,2,2,1,1,1,1,1,1,5,8,3,3,2,5,1,2,,,7,3,,,1,2,3,1,1,1,4,1,2,7,7,1,3,1,2,2,3,1,1,2,5,6,3,,3,,,1,7,7,8,2,7,7,2,8,8,4,5,7,7,3,7,2,8,7,2,2,3,5,6,2,7,1,7,1,7,1,7,7,2,8,8,8,4,7,2,,,2,5,,,1,7,1,2,1,3,2,7,2,5,6,5,2,1,1,6,4,1,2,2,5,8,5,5,,4,,,"b'\x11\xea\xec\xc75|w,\xb6\x11#b\xf5\x01\x1b\x0b'"
11EAECC7-357C-772C-B611-2362F5011B0B,2011-wnba-reg-season,wnba_com_game_box,1,1,1,1,11,3,2,3,2,2,2,2,9,10,4,11,9,7,10,8,11,4,4,3,5,2,11,11,11,3,2,2,1,1,1,3,10,2,2,2,9,9,6,5,,,4,7,,,1,8,6,11,3,2,3,2,2,9,10,9,7,8,4,4,3,2,1,3,2,9,6,,4,,,1,2,2,5,1,1,1,2,12,12,7,12,4,4,9,4,10,4,4,4,5,7,12,12,7,1,1,2,2,2,1,2,1,6,5,5,1,1,3,3,,,6,7,,,1,6,2,2,1,2,2,5,1,1,12,12,4,4,4,4,4,1,2,2,2,6,1,3,,6,,,"b'\x11\xea\xec\xc75|w,\xb6\x11#b\xf5\x01\x1b\x0b'"
11EAECC7-357C-772C-B611-2362F5011B0B,2012-wnba-pst-season,wnba_com_game_box,2,8,2,3,2,2,2,2,5,2,1,5,2,2,3,6,2,2,6,2,5,2,2,6,5,5,5,5,3,2,6,2,2,2,3,1,3,7,4,4,2,3,2,1,,,7,5,,,3,2,5,2,4,4,4,4,3,5,6,4,5,5,5,5,5,4,4,4,4,3,1,,5,,,3,7,7,7,5,7,7,5,8,8,4,7,8,8,3,8,5,7,7,5,5,6,8,6,5,7,2,8,6,7,3,8,7,2,2,4,7,3,7,5,,,2,4,,,3,7,5,5,3,5,4,5,2,1,7,7,5,5,5,3,4,3,5,5,6,3,3,5,,4,,,"b'\x11\xea\xec\xc75|w,\xb6\x11#b\xf5\x01\x1b\x0b'"
11EAECC7-357C-772C-B611-2362F5011B0B,2012-wnba-reg-season,wnba_com_game_box,1,1,1,1,4,1,1,3,1,1,4,1,5,8,1,8,6,5,7,5,9,5,5,1,1,1,8,7,11,3,1,1,2,1,1,1,2,5,5,2,9,9,2,2,,,6,7,,,1,6,6,4,1,1,3,1,4,5,8,6,5,5,5,5,3,1,1,1,5,9,2,,6,,,1,5,4,9,2,2,7,3,9,12,2,12,7,6,5,5,6,10,7,2,2,5,10,9,6,3,2,1,1,2,1,3,2,9,10,6,4,3,2,2,,,1,3,,,1,7,1,4,1,5,4,9,2,7,9,12,7,6,5,10,7,3,1,2,3,9,4,2,,1,,,"b'\x11\xea\xec\xc75|w,\xb6\x11#b\xf5\x01\x1b\x0b'"
11EAECC7-357C-772C-B611-2362F5011B0B,2013-wnba-pst-season,wnba_com_game_box,1,1,2,1,2,1,1,2,1,1,2,1,3,4,2,8,2,2,6,1,4,2,2,1,1,1,6,6,6,2,4,1,1,2,1,1,4,7,5,1,2,4,1,2,,,7,2,,,1,2,3,1,1,1,4,2,3,5,8,4,3,3,4,4,6,1,1,1,4,2,2,,2,,,1,7,7,7,2,7,7,2,7,8,4,7,6,6,1,6,2,7,7,2,2,2,4,7,2,7,1,7,4,7,1,7,2,2,2,1,8,5,6,1,,,2,4,,,1,7,1,1,1,1,2,5,2,3,6,7,2,2,2,5,5,2,3,2,2,2,5,2,,6,,,"b'\x11\xea\xec\xc75|w,\xb6\x11#b\xf5\x01\x1b\x0b'"
11EAECC7-357C-772C-B611-2362F5011B0B,2013-wnba-reg-season,wnba_com_game_box,1,1,1,1,7,1,1,2,2,1,1,3,9,11,1,11,9,9,4,9,11,3,8,1,3,1,11,10,12,9,4,2,2,3,1,1,1,1,1,1,6,6,4,2,,,2,2,,,1,9,7,7,1,1,2,1,1,9,11,9,9,9,3,8,9,2,3,1,1,6,4,,2,,,1,3,3,6,2,1,3,4,10,11,5,11,3,3,6,5,9,5,4,3,3,4,10,11,6,4,2,2,4,2,1,10,11,7,7,6,1,1,3,2,,,7,7,,,1,6,1,4,1,3,3,6,1,3,10,11,3,3,5,5,4,4,2,2,10,7,1,3,,7,,,"b'\x11\xea\xec\xc75|w,\xb6\x11#b\xf5\x01\x1b\x0b'"
11EAECC7-357C-772C-B611-2362F5011B0B,2014-wnba-pst-season,wnba_com_game_box,3,2,3,2,4,3,3,4,5,3,3,5,4,4,5,6,4,4,3,4,7,4,4,4,4,4,7,6,5,3,4,4,5,4,7,3,3,6,2,1,3,1,4,6,,,5,4,,,6,3,4,4,4,3,2,2,1,5,6,6,6,6,2,2,2,7,5,2,2,1,7,,3,,,4,6,6,6,7,6,6,7,7,6,7,7,5,5,6,5,5,6,6,8,8,7,5,7,4,6,5,6,4,6,7,6,5,3,2,4,6,3,5,5,,,4,8,,,6,6,4,7,4,7,7,2,7,2,7,6,5,5,5,2,3,4,8,6,5,1,3,6,,7,,,"b'\x11\xea\xec\xc75|w,\xb6\x11#b\xf5\x01\x1b\x0b'"
11EAECC7-357C-772C-B611-2362F5011B0B,2014-wnba-reg-season,wnba_com_game_box,2,2,1,2,8,2,1,5,2,2,3,2,9,9,4,9,5,6,6,6,8,4,8,2,2,2,10,9,7,10,8,1,1,3,2,1,1,1,1,1,9,8,5,5,,,3,2,,,2,6,5,8,2,1,5,2,3,9,9,5,6,6,4,8,10,1,3,1,1,9,5,,3,,,2,6,8,10,4,1,3,6,12,12,9,12,2,2,6,2,2,8,6,6,5,8,12,12,2,6,1,2,8,3,2,7,9,11,10,12,4,3,8,7,,,5,4,,,2,7,2,6,2,6,8,10,1,3,12,12,2,2,2,8,6,6,2,3,7,11,4,8,,5,,,"b'\x11\xea\xec\xc75|w,\xb6\x11#b\xf5\x01\x1b\x0b'"
11EAECC7-357C-772C-B611-2362F5011B0B,2015-wnba-pst-season,wnba_com_game_box,1,6,2,1,2,2,2,2,5,2,1,4,2,2,7,8,2,1,4,2,6,2,2,7,7,6,7,8,4,1,1,2,3,1,2,2,6,7,5,6,2,1,1,3,,,7,5,,,2,2,6,3,7,3,5,2,4,8,8,4,5,5,5,5,2,6,3,5,5,1,4,,2,,,3,7,7,7,2,7,7,3,8,8,5,5,8,8,8,8,5,7,7,4,4,3,7,7,5,7,3,7,1,7,2,7,6,2,2,3,7,5,7,2,,,2,6,,,2,7,5,3,2,2,2,2,2,2,5,5,4,3,3,1,1,3,2,2,3,2,4,3,,6,,,"b'\x11\xea\xec\xc75|w,\xb6\x11#b\xf5\x01\x1b\x0b'"
11EAECC7-357C-772C-B611-2362F5011B0B,2015-wnba-reg-season,wnba_com_game_box,2,2,1,2,10,5,2,5,3,2,2,5,10,11,4,10,8,9,2,9,12,7,8,5,6,4,11,10,10,7,7,3,2,4,4,2,4,4,3,1,10,10,4,5,,,2,2,,,2,9,8,10,5,2,5,2,2,10,11,8,9,9,7,8,7,3,4,2,4,10,4,,2,,,2,3,5,9,4,4,6,6,8,11,4,11,1,1,10,1,1,5,2,5,4,4,3,11,2,2,2,8,7,5,4,8,10,10,8,8,2,3,6,5,,,9,9,,,2,3,4,4,4,3,5,9,4,6,8,11,1,1,1,5,2,2,8,5,8,10,2,6,,9,,,"b'\x11\xea\xec\xc75|w,\xb6\x11#b\xf5\x01\x1b\x0b'"
11EAECC7-357C-772C-B611-2362F5011B0B,2016-wnba-pst-season,wnba_com_game_box,2,5,2,2,2,2,2,2,2,1,1,3,3,3,3,7,1,1,3,1,6,2,2,4,4,4,7,7,5,2,4,1,2,2,1,2,2,7,6,4,2,3,2,3,,,7,2,,,1,2,7,1,4,4,7,3,3,7,7,4,4,4,6,8,5,1,3,1,5,4,5,,2,,,1,7,7,7,2,7,7,2,8,8,3,3,7,7,1,7,2,7,7,2,2,2,3,5,1,7,2,7,4,7,1,7,1,2,4,2,7,6,7,2,,,1,4,,,1,7,4,2,1,2,2,4,2,5,4,3,1,2,2,2,3,2,1,1,1,4,5,2,,4,,,"b'\x11\xea\xec\xc75|w,\xb6\x11#b\xf5\x01\x1b\x0b'"
11EAECC7-357C-772C-B611-2362F5011B0B,2016-wnba-reg-season,wnba_com_game_box,1,1,1,1,6,2,2,6,2,2,3,3,11,11,7,11,5,6,5,6,8,6,6,4,4,4,11,11,7,6,2,2,2,3,1,2,4,3,5,3,3,4,5,4,,,3,3,,,1,6,7,6,2,2,6,2,3,11,11,5,6,6,6,6,6,2,3,2,3,3,5,,3,,,1,2,1,5,2,1,4,2,9,10,3,10,3,3,4,3,4,4,6,2,1,1,10,10,5,3,2,1,2,1,1,1,3,3,3,1,4,3,4,3,,,4,6,,,1,6,1,1,1,2,1,5,1,4,9,10,3,3,3,4,6,3,1,1,1,3,4,4,,4,,,"b'\x11\xea\xec\xc75|w,\xb6\x11#b\xf5\x01\x1b\x0b'"
11EAECC7-357C-772C-B611-2362F5011B0B,2017-wnba-pst-season,wnba_com_game_box,1,5,1,1,1,1,1,1,1,1,1,4,1,2,2,8,2,2,7,1,7,1,1,1,2,2,6,5,7,1,3,1,2,1,2,2,3,7,5,3,2,3,1,3,,,7,4,,,1,2,4,1,2,1,4,2,2,5,8,7,6,5,4,4,4,4,3,2,5,2,3,,3,,,1,7,7,8,4,7,7,5,7,8,2,4,8,8,6,8,4,8,7,4,3,3,4,3,4,7,2,7,3,7,2,8,8,2,2,3,8,6,7,4,,,2,6,,,1,7,2,2,1,1,2,4,4,4,2,3,4,4,4,3,4,4,1,2,6,2,6,5,,7,,,"b'\x11\xea\xec\xc75|w,\xb6\x11#b\xf5\x01\x1b\x0b'"
11EAECC7-357C-772C-B611-2362F5011B0B,2017-wnba-reg-season,wnba_com_game_box,1,1,1,1,11,3,1,7,2,1,5,3,7,8,2,8,9,8,6,8,9,7,6,2,3,3,7,8,11,6,2,5,3,4,2,2,3,9,8,1,3,2,6,6,,,1,1,,,1,8,6,11,3,1,7,1,5,7,8,9,8,8,7,6,6,5,4,2,9,3,6,,1,,,1,1,3,4,2,3,4,3,3,7,2,10,1,1,6,1,1,2,5,2,1,1,2,7,1,3,3,1,2,1,2,3,6,2,2,2,9,9,1,1,,,6,6,,,1,7,1,1,1,1,3,4,3,4,3,7,1,1,1,2,5,3,1,1,3,2,9,1,,6,,,"b'\x11\xea\xec\xc75|w,\xb6\x11#b\xf5\x01\x1b\x0b'"
11EAECC7-357C-772C-B611-2362F5011B0B,2018-wnba-pst-season,wnba_sr_game_summary,6,1,6,6,6,8,8,8,2,8,8,3,7,8,7,6,8,7,8,7,7,8,8,4,6,8,8,7,7,6,1,6,1,6,1,8,6,3,8,8,6,2,6,6,2,7,1,3,7,4,4,8,8,3,8,7,8,4,4,7,8,8,7,7,8,7,2,5,5,7,8,3,6,7,2,7,8,5,1,1,1,2,1,2,2,1,1,6,3,3,3,7,2,6,1,1,3,5,5,6,4,7,1,1,1,1,1,1,1,2,6,3,2,3,8,2,7,6,6,7,7,1,7,4,1,7,1,5,1,1,1,1,2,4,1,7,6,5,1,1,1,1,1,1,6,8,7,6,7,2,6,"b'\x11\xea\xec\xc75|w,\xb6\x11#b\xf5\x01\x1b\x0b'"
11EAECC7-357C-772C-B611-2362F5011B0B,2018-wnba-reg-season,wnba_sr_game_summary,7,7,1,7,6,9,5,9,6,3,3,9,11,11,8,11,9,9,8,9,10,9,9,7,8,9,11,11,8,5,3,3,1,6,3,6,6,10,10,8,6,5,9,8,5,3,3,4,7,8,8,10,10,7,9,7,10,3,3,11,11,9,9,9,10,9,5,3,6,6,10,6,9,5,3,8,8,8,2,4,3,6,3,3,7,10,10,6,10,1,1,6,1,2,3,1,9,4,5,6,10,1,1,1,3,3,1,3,4,4,10,7,7,10,10,5,3,9,8,7,6,3,10,8,3,9,4,8,2,3,2,2,2,10,10,1,1,1,2,1,1,3,1,4,11,10,5,9,8,3,10,"b'\x11\xea\xec\xc75|w,\xb6\x11#b\xf5\x01\x1b\x0b'"
11EAECC7-357C-772C-B611-2362F5011B0B,2019-wnba-pst-season,wnba_sr_game_summary,7,1,7,7,7,8,7,7,5,7,7,2,7,7,7,6,8,8,8,8,8,8,7,5,6,8,8,6,8,7,1,7,1,7,1,7,8,2,8,8,7,5,7,1,1,7,1,4,8,1,5,8,4,1,7,5,5,3,4,7,6,8,8,8,7,3,1,3,3,7,8,6,1,7,2,7,7,7,1,1,1,5,1,1,3,1,1,7,4,3,3,5,2,7,1,1,6,7,6,5,3,7,1,1,1,1,1,1,1,3,7,5,4,2,8,1,7,7,1,8,8,1,7,5,1,7,4,7,4,3,1,4,4,3,3,7,7,7,1,1,1,2,1,3,5,8,7,1,7,2,2,"b'\x11\xea\xec\xc75|w,\xb6\x11#b\xf5\x01\x1b\x0b'"
11EAECC7-357C-772C-B611-2362F5011B0B,2019-wnba-reg-season,wnba_sr_game_summary,6,6,1,6,9,6,4,9,2,2,5,3,10,10,9,10,11,10,9,10,11,10,8,3,3,6,12,11,11,7,3,9,3,8,3,4,4,12,12,8,3,3,7,6,7,7,3,6,8,11,5,8,6,9,6,4,9,2,5,10,10,11,10,10,10,8,7,9,8,4,12,3,7,7,3,8,11,5,2,3,3,9,4,3,11,7,6,5,10,4,4,8,4,4,2,3,9,8,3,6,8,4,2,3,1,3,1,3,2,3,1,1,2,11,11,7,7,7,6,8,7,3,2,5,7,6,2,4,2,3,3,4,3,7,6,4,4,4,2,3,2,1,1,2,1,11,7,7,8,3,2,"b'\x11\xea\xec\xc75|w,\xb6\x11#b\xf5\x01\x1b\x0b'"
11EAECC7-357C-772C-B611-2362F5011B0B,2020-wnba-pst-season,wnba_sr_game_summary,4,6,4,5,4,4,4,4,5,4,4,7,2,3,2,3,4,4,6,4,5,4,4,4,4,5,2,2,6,4,6,4,3,4,7,4,6,5,4,5,4,4,4,4,5,3,5,2,4,5,7,4,3,1,5,6,5,6,5,2,3,7,7,7,5,5,4,7,7,6,4,4,8,3,2,1,6,5,5,5,5,8,5,5,8,6,6,4,8,5,5,6,5,5,5,5,8,7,7,5,6,4,5,3,5,6,5,7,5,7,4,3,7,5,5,5,3,4,4,4,1,5,1,7,5,5,6,4,7,7,3,4,2,7,8,5,4,4,3,4,2,7,6,8,4,5,3,8,1,2,1,"b'\x11\xea\xec\xc75|w,\xb6\x11#b\xf5\x01\x1b\x0b'"
11EAECC7-357C-772C-B611-2362F5011B0B,2020-wnba-reg-season,wnba_sr_game_summary,4,4,1,4,7,6,6,8,5,8,8,6,5,6,3,6,8,8,5,8,7,9,10,4,5,6,4,4,7,2,1,10,8,6,2,6,6,8,8,7,4,4,9,7,10,11,3,3,8,2,4,12,11,7,6,6,8,8,8,5,6,8,8,8,9,10,2,10,6,6,8,4,9,10,3,8,2,4,5,3,4,6,3,1,11,9,10,4,11,6,5,5,4,10,4,2,7,7,6,10,10,6,6,8,1,1,1,2,9,11,5,5,6,7,8,10,11,9,7,8,7,3,10,4,2,3,6,3,5,3,4,3,1,9,10,6,5,4,4,2,6,1,1,9,5,7,10,9,8,3,10,"b'\x11\xea\xec\xc75|w,\xb6\x11#b\xf5\x01\x1b\x0b'"
11EAECC7-357C-772C-B611-2362F5011B0B,2021-wnba-pst-season,wnba_sr_game_summary,5,1,5,5,6,7,6,8,5,5,6,6,6,8,1,6,6,6,5,6,6,7,6,3,5,7,3,3,6,6,6,8,6,8,7,7,8,4,8,8,5,2,7,7,1,1,2,7,6,3,6,6,1,5,7,6,8,5,4,2,7,6,6,6,7,3,6,8,8,7,8,2,7,1,6,4,7,7,4,2,1,8,3,2,8,2,2,2,7,4,3,8,3,6,1,2,8,8,6,2,2,8,2,6,1,6,2,7,1,1,5,1,1,4,8,1,1,7,7,6,6,2,4,6,3,7,7,8,7,4,1,7,2,2,6,8,7,7,1,6,5,4,5,1,1,8,1,7,4,6,3,"b'\x11\xea\xec\xc75|w,\xb6\x11#b\xf5\x01\x1b\x0b'"
11EAECC7-357C-772C-B611-2362F5011B0B,2021-wnba-reg-season,wnba_sr_game_summary,3,3,1,3,4,4,4,8,2,3,6,1,8,8,8,9,3,4,3,4,6,8,8,2,4,4,9,9,5,9,7,4,3,6,4,4,5,9,9,7,8,7,7,7,7,8,5,6,6,8,4,5,4,4,4,4,8,3,6,8,8,3,4,4,8,8,9,4,6,4,9,8,7,7,5,6,8,4,3,3,7,5,4,7,3,7,5,8,5,5,5,12,5,4,6,5,5,4,5,8,9,5,2,3,3,7,2,4,4,3,6,6,4,11,11,7,8,7,7,6,6,5,5,4,8,5,4,4,3,3,7,4,7,7,5,5,5,5,6,5,2,3,2,4,6,11,7,7,6,5,5,"b'\x11\xea\xec\xc75|w,\xb6\x11#b\xf5\x01\x1b\x0b'"
11EAECC7-357C-772C-B611-2362F5011B0B,2022-wnba-reg-season,wnba_sr_game_summary,9,9,1,9,5,6,5,8,4,4,4,5,9,10,6,9,4,4,8,4,4,6,4,6,5,8,9,10,4,4,3,2,4,2,2,6,5,9,9,9,11,11,11,11,8,8,5,5,7,4,7,8,8,5,6,5,8,4,4,9,10,4,4,4,6,4,4,2,2,6,9,11,11,8,5,7,4,7,8,8,10,8,4,5,8,11,11,9,11,6,6,7,6,6,8,4,9,8,10,10,11,4,5,4,2,3,2,2,11,12,12,12,12,10,10,8,8,11,11,7,7,5,9,7,3,6,10,7,8,8,10,4,5,11,11,6,6,6,8,4,5,2,2,11,12,10,8,11,7,5,9,"b'\x11\xea\xec\xc75|w,\xb6\x11#b\xf5\x01\x1b\x0b'"
11EAECC7-357C-772C-B611-2362F5011B0B,2023-wnba-pst-season,wnba_sr_game_summary,5,2,5,5,5,5,5,5,5,5,5,2,5,5,6,2,5,5,4,5,2,5,5,4,4,4,4,4,2,6,6,5,1,5,5,5,4,4,6,6,5,6,8,8,1,3,4,6,5,3,6,5,8,3,7,7,8,6,8,6,3,4,5,5,8,8,7,7,7,6,4,6,8,2,4,7,3,6,4,4,4,7,4,4,6,4,4,8,5,1,2,2,2,1,4,4,8,8,8,7,8,1,1,1,4,6,4,5,4,8,5,4,7,4,6,1,3,8,8,5,5,4,7,6,4,5,7,6,5,6,1,4,2,8,5,1,1,1,1,1,1,4,1,8,7,6,2,8,7,4,8,"b'\x11\xea\xec\xc75|w,\xb6\x11#b\xf5\x01\x1b\x0b'"
11EAECC7-357C-772C-B611-2362F5011B0B,2023-wnba-reg-season,wnba_sr_game_summary,5,5,1,5,4,9,8,9,8,6,7,6,8,7,11,7,7,7,7,6,8,9,8,9,9,7,9,8,7,8,6,6,10,6,7,6,7,7,9,8,10,10,12,12,9,9,3,3,6,8,10,11,9,4,9,8,9,6,7,8,7,7,7,6,9,8,8,6,6,6,7,10,12,9,3,6,8,10,11,12,10,8,6,6,10,12,12,9,12,4,2,11,2,3,9,7,11,7,10,9,12,2,11,10,8,6,9,7,10,5,9,10,11,7,7,9,9,12,12,6,6,3,10,10,5,8,10,10,11,12,10,6,6,12,12,4,2,2,9,7,11,8,9,10,9,7,9,12,6,3,10,"b'\x11\xea\xec\xc75|w,\xb6\x11#b\xf5\x01\x1b\x0b'"
11EAECC7-357C-772C-B611-2362F5011B0B,2024-wnba-pst-season,wnba_sr_game_summary,2,8,1,2,1,1,1,1,3,1,1,4,2,2,3,5,1,1,4,1,1,1,1,2,2,2,4,4,3,2,7,2,8,2,8,1,2,7,5,5,1,3,1,4,8,4,8,5,1,7,2,1,3,2,2,3,8,5,5,4,5,3,3,2,7,7,7,5,8,3,4,3,3,3,6,2,5,3,8,8,8,2,8,8,2,8,8,5,3,8,8,3,8,3,8,8,2,3,2,6,7,4,8,8,8,7,8,8,8,1,1,2,1,8,7,8,4,1,4,1,2,8,1,2,8,2,2,2,5,3,7,2,6,6,5,4,4,4,6,8,8,6,6,2,1,7,3,3,2,6,2,"b'\x11\xea\xec\xc75|w,\xb6\x11#b\xf5\x01\x1b\x0b'"
11EAECC7-357C-772C-B611-2362F5011B0B,2024-wnba-reg-season,wnba_sr_game_summary,2,2,1,2,1,6,6,8,4,9,8,7,3,6,1,6,11,11,5,11,9,11,11,4,4,4,4,3,11,8,8,4,10,7,7,1,1,7,8,3,2,3,6,6,5,6,3,2,12,2,3,11,10,1,6,6,8,9,8,3,6,11,11,11,11,11,8,4,7,1,7,2,6,5,3,12,2,3,2,2,8,1,3,7,1,2,7,1,8,2,2,8,2,2,5,8,1,1,1,2,4,4,11,10,5,8,8,7,1,1,4,4,2,6,8,5,6,6,6,12,12,3,5,3,6,4,1,2,2,2,8,3,7,2,7,2,2,2,5,8,11,5,8,1,4,6,5,6,12,3,5,"b'\x11\xea\xec\xc75|w,\xb6\x11#b\xf5\x01\x1b\x0b'"
11EAECC7-357C-772C-B611-2362F5011B0B,2025-wnba-pst-season,wnba_sr_game_summary,4,5,4,2,4,4,4,4,2,4,4,1,3,3,5,3,4,4,2,4,8,4,4,2,2,2,7,4,8,4,4,4,3,4,3,4,6,5,3,2,4,2,3,3,5,2,5,3,4,4,2,4,6,3,2,1,1,1,5,2,3,8,8,8,3,5,5,3,4,1,3,2,3,2,2,8,3,2,5,5,5,4,5,5,3,6,6,6,6,5,5,7,5,4,5,5,4,4,3,8,8,4,5,3,5,4,5,3,5,8,4,2,4,5,3,5,2,3,3,4,8,5,5,2,5,2,3,2,3,3,5,1,2,7,6,3,2,2,3,3,4,6,4,6,2,3,2,3,8,2,7,"b'\x11\xea\xec\xc75|w,\xb6\x11#b\xf5\x01\x1b\x0b'"
11EAECC7-357C-772C-B611-2362F5011B0B,2025-wnba-reg-season,wnba_sr_game_summary,1,1,1,1,3,1,1,5,1,4,7,2,2,7,1,6,13,12,12,12,10,8,10,1,2,1,7,5,13,7,5,6,10,6,4,1,2,3,4,1,2,2,3,2,2,2,2,2,13,6,1,12,11,3,1,1,5,4,7,2,7,13,12,12,8,10,7,6,6,1,3,2,3,2,2,13,6,1,2,2,8,2,2,7,2,5,5,8,5,1,1,3,1,2,3,6,3,4,1,5,9,2,11,10,2,5,5,4,1,3,2,2,2,4,4,2,2,3,2,13,11,2,5,1,4,1,1,1,2,2,8,2,7,5,5,1,1,1,3,6,11,2,5,1,2,4,2,3,13,2,5,"b'\x11\xea\xec\xc75|w,\xb6\x11#b\xf5\x01\x1b\x0b'"
11EAECC7-357C-772C-B611-2362F5011B0B,all-wnba-pst-season,wnba_box,1,12,4,1,5,3,2,4,1,2,2,3,6,8,6,13,5,5,9,5,14,3,4,3,3,3,16,12,14,5,11,4,1,3,3,3,11,15,9,7,2,7,4,3,13,10,15,5,6,14,1,3,6,10,5,3,8,3,3,10,11,12,12,12,7,7,11,6,6,5,14,7,7,10,5,9,9,2,16,16,16,9,16,15,11,16,16,9,17,14,14,17,14,7,16,16,12,10,10,14,14,6,12,1,14,11,13,3,16,7,3,7,8,15,11,13,2,7,9,5,15,14,5,1,16,3,8,2,11,11,12,10,10,15,15,7,6,6,10,11,2,9,6,12,5,16,6,9,14,11,8,"b'\x11\xea\xec\xc75|w,\xb6\x11#b\xf5\x01\x1b\x0b'"
11EAECC7-357C-772C-B611-2362F5011B0B,all-wnba-reg-season,wnba_box,2,10,7,3,8,6,7,8,2,6,7,5,6,9,1,8,6,7,10,7,14,8,8,2,4,4,10,7,16,4,9,6,3,8,3,5,4,13,7,2,9,14,7,8,12,12,11,7,9,13,1,8,9,13,6,5,7,5,8,6,9,10,10,10,9,7,9,5,6,3,7,14,8,11,6,11,11,2,12,12,13,10,12,12,11,14,15,7,18,11,11,16,11,6,13,12,11,11,11,14,17,5,12,3,12,9,12,3,12,12,9,11,12,13,7,16,10,8,9,6,11,10,7,1,12,2,8,2,9,10,12,10,9,13,15,7,5,5,12,12,3,7,7,10,11,7,11,9,9,9,8,"b'\x11\xea\xec\xc75|w,\xb6\x11#b\xf5\x01\x1b\x0b'"
11EAECC7-357F-C1CA-B611-2362F5011B0B,1997-wnba-pst-season,wnba_com_game_box,3,2,3,3,3,4,4,3,4,4,3,4,4,4,4,3,3,3,2,3,4,3,3,4,4,4,3,3,2,3,3,3,2,3,3,4,3,1,1,3,3,1,4,3,,,1,2,,,4,3,1,1,4,4,1,4,1,3,3,2,2,2,1,1,1,3,3,3,1,1,3,,2,,,4,1,1,1,4,2,2,4,1,1,3,1,1,1,3,1,2,1,1,4,4,3,2,1,2,1,2,2,3,1,3,2,4,3,1,3,1,1,4,4,,,3,2,,,4,1,4,3,4,3,3,1,4,2,1,1,2,2,2,1,1,1,4,3,4,1,1,4,,2,,,b'\x11\xea\xec\xc75\x7f\xc1\xca\xb6\x11#b\xf5\x01\x1b\x0b'
11EAECC7-357F-C1CA-B611-2362F5011B0B,1997-wnba-reg-season,wnba_com_game_box,3,3,1,3,7,6,8,3,8,8,7,7,2,2,5,2,1,1,1,1,2,2,5,7,7,5,2,2,1,5,5,6,2,5,6,5,3,1,1,3,1,1,6,6,,,5,8,,,2,4,2,7,6,8,3,8,7,2,2,1,1,1,2,5,5,6,5,5,1,1,6,,5,,,2,1,2,1,5,3,1,6,1,2,1,5,4,5,1,5,8,1,4,4,4,2,2,2,6,1,2,7,5,5,6,3,3,1,1,1,2,1,7,7,,,2,2,,,2,6,6,1,2,1,2,1,3,1,1,2,4,5,5,1,4,1,7,5,3,1,2,7,,2,,,b'\x11\xea\xec\xc75\x7f\xc1\xca\xb6\x11#b\xf5\x01\x1b\x0b'
11EAECC7-357F-C1CA-B611-2362F5011B0B,1998-wnba-pst-season,wnba_com_game_box,2,4,1,2,1,1,1,1,2,1,1,3,1,2,1,3,1,1,3,1,3,1,1,2,2,2,2,2,3,1,2,1,2,1,2,1,2,4,3,3,1,4,2,3,,,4,3,,,2,1,4,2,2,3,3,4,3,2,3,3,3,3,4,3,2,2,2,2,3,4,2,,3,,,2,4,4,4,1,4,4,1,4,3,2,2,4,4,2,4,3,4,4,1,2,2,2,1,4,4,2,4,2,4,2,4,3,1,3,3,4,4,3,2,,,1,3,,,2,4,2,2,2,2,1,3,1,4,1,2,3,3,3,3,3,4,2,2,2,3,4,2,,3,,,b'\x11\xea\xec\xc75\x7f\xc1\xca\xb6\x11#b\xf5\x01\x1b\x0b'
11EAECC7-357F-C1CA-B611-2362F5011B0B,1998-wnba-reg-season,wnba_com_game_box,3,3,1,3,3,2,5,4,5,8,7,4,2,3,7,3,2,1,4,1,2,3,5,3,3,3,2,2,1,4,5,9,5,7,6,2,2,3,3,1,3,3,7,9,,,3,4,,,2,4,7,3,2,5,4,8,7,2,3,2,1,1,3,5,4,9,7,2,3,3,7,,3,,,2,3,4,2,9,8,7,8,1,1,5,1,5,3,7,3,3,3,5,7,7,2,1,1,5,3,5,4,5,3,6,1,1,1,1,1,3,3,3,3,,,1,1,,,2,4,3,3,2,3,4,2,8,7,1,1,5,3,3,3,5,3,4,3,1,1,3,3,,1,,,b'\x11\xea\xec\xc75\x7f\xc1\xca\xb6\x11#b\xf5\x01\x1b\x0b'
11EAECC7-357F-C1CA-B611-2362F5011B0B,1999-wnba-reg-season,wnba_com_game_box,6,6,1,6,8,7,9,6,11,10,6,10,6,5,9,5,4,4,5,4,2,5,6,11,9,8,5,6,4,3,3,9,9,5,7,5,3,4,3,5,9,7,5,4,,,7,8,,,5,8,6,8,7,9,6,10,6,6,5,4,4,4,5,6,3,9,5,5,4,9,5,,7,,,5,5,4,5,5,7,7,5,3,2,4,3,6,6,10,7,7,6,5,5,4,4,4,3,7,8,9,8,3,7,7,3,3,9,7,7,5,4,7,8,,,6,4,,,5,5,8,5,6,5,4,5,7,7,3,2,6,6,7,6,5,8,8,7,3,9,5,7,,6,,,b'\x11\xea\xec\xc75\x7f\xc1\xca\xb6\x11#b\xf5\x01\x1b\x0b'
11EAECC7-357F-C1CA-B611-2362F5011B0B,2000-wnba-pst-season,wnba_com_game_box,6,2,6,6,6,6,6,6,3,6,7,1,5,5,5,1,5,5,5,5,1,6,6,3,2,1,4,4,2,8,8,7,6,7,8,6,5,2,2,1,8,8,6,2,,,3,8,,,8,6,1,3,2,2,3,1,7,3,1,2,1,1,3,3,8,6,7,2,2,8,1,,8,,,8,3,3,3,8,3,3,8,4,2,8,2,4,4,3,4,8,3,3,8,8,8,5,6,4,2,6,3,8,3,8,3,4,7,8,8,1,1,4,6,,,6,1,,,8,3,3,8,8,8,8,8,8,8,8,3,8,8,8,8,8,5,8,8,8,6,1,4,,1,,,b'\x11\xea\xec\xc75\x7f\xc1\xca\xb6\x11#b\xf5\x01\x1b\x0b'
11EAECC7-357F-C1CA-B611-2362F5011B0B,2000-wnba-reg-season,wnba_com_game_box,3,3,1,3,8,6,9,13,4,8,10,3,11,9,12,10,5,6,3,6,3,8,15,4,3,2,6,12,3,13,14,11,15,14,13,13,14,1,3,5,2,3,11,13,,,7,5,,,3,11,12,8,6,9,13,8,10,11,9,5,6,6,8,15,13,11,14,13,1,2,11,,7,,,3,5,7,6,5,6,7,6,8,9,6,12,5,6,6,6,6,6,8,5,5,4,10,11,6,15,15,6,14,10,13,6,11,4,5,3,2,3,3,3,,,4,1,,,3,6,3,7,4,5,7,6,6,7,8,9,5,6,6,6,8,15,6,10,6,4,2,3,,4,,,b'\x11\xea\xec\xc75\x7f\xc1\xca\xb6\x11#b\xf5\x01\x1b\x0b'
11EAECC7-357F-C1CA-B611-2362F5011B0B,2001-wnba-reg-season,wnba_com_game_box,9,9,1,9,11,9,6,7,10,5,3,10,14,14,9,15,7,8,13,7,9,5,4,12,13,14,12,14,6,10,13,12,15,11,14,5,1,15,15,8,3,4,4,5,,,13,10,,,12,2,2,11,9,6,7,5,3,14,14,7,8,7,5,4,10,12,11,5,15,3,4,,13,,,12,11,9,10,11,11,11,11,10,5,10,6,14,10,15,10,8,11,11,11,11,10,8,7,11,12,15,12,13,13,14,13,14,3,5,8,14,14,11,6,,,6,9,,,12,12,15,10,14,11,9,10,11,11,10,5,14,10,10,11,11,12,12,13,13,3,14,11,,6,,,b'\x11\xea\xec\xc75\x7f\xc1\xca\xb6\x11#b\xf5\x01\x1b\x0b'
11EAECC7-357F-C1CA-B611-2362F5011B0B,2002-wnba-reg-season,wnba_com_game_box,14,14,1,14,16,13,7,9,9,4,4,7,15,15,14,15,12,14,8,14,15,8,8,14,13,14,16,15,9,15,15,13,11,14,12,16,16,12,14,16,5,7,14,15,,,9,7,,,16,7,5,16,13,7,9,4,4,15,15,12,14,14,8,8,15,13,14,16,12,5,14,,9,,,16,14,16,9,16,15,11,15,13,6,16,5,6,8,3,7,7,10,10,16,16,16,4,9,5,8,11,14,15,13,12,16,8,6,7,12,12,14,11,9,,,11,13,,,16,10,15,16,16,14,16,9,15,11,13,6,6,8,7,10,10,8,14,13,16,6,12,11,,11,,,b'\x11\xea\xec\xc75\x7f\xc1\xca\xb6\x11#b\xf5\x01\x1b\x0b'
11EAECC7-357F-C1CA-B611-2362F5011B0B,2003-wnba-reg-season,wnba_com_game_box,14,14,1,14,2,14,12,5,14,10,2,14,12,11,7,12,14,12,13,12,13,7,8,13,14,14,14,11,13,4,10,13,7,11,14,13,12,10,5,12,1,1,11,10,,,8,9,,,13,7,8,2,14,12,5,10,2,12,11,14,12,12,7,8,4,13,11,13,10,1,11,,8,,,13,6,6,1,13,9,4,13,2,2,13,2,7,7,8,8,8,1,7,13,12,5,4,3,8,3,7,13,10,11,14,5,4,1,1,1,12,11,13,10,,,4,4,,,13,7,14,4,12,6,6,1,9,4,2,2,7,7,8,1,7,3,13,11,5,1,12,13,,4,,,b'\x11\xea\xec\xc75\x7f\xc1\xca\xb6\x11#b\xf5\x01\x1b\x0b'
11EAECC7-357F-C1CA-B611-2362F5011B0B,2004-wnba-reg-season,wnba_com_game_box,6,6,1,6,11,6,7,11,3,9,10,3,2,3,4,3,7,9,4,8,4,10,12,2,1,1,3,2,10,11,12,11,10,12,12,9,9,4,5,8,4,4,4,3,,,13,13,,,3,10,9,11,6,7,11,9,10,2,3,7,9,8,10,12,11,11,12,9,4,4,4,,13,,,3,4,1,1,7,3,2,6,5,2,13,3,12,12,5,12,12,2,3,7,10,8,10,4,13,4,10,6,12,5,12,1,1,2,2,1,1,2,11,11,,,5,1,,,3,4,2,6,4,4,1,1,3,2,5,2,12,12,12,2,3,4,6,5,1,2,1,11,,5,,,b'\x11\xea\xec\xc75\x7f\xc1\xca\xb6\x11#b\xf5\x01\x1b\x0b'
11EAECC7-357F-C1CA-B611-2362F5011B0B,2005-wnba-reg-season,wnba_com_game_box,8,8,1,8,12,3,9,5,9,10,11,7,3,2,8,2,2,3,4,3,1,6,3,7,5,6,2,4,4,3,3,5,7,4,4,2,1,10,9,6,8,8,1,1,,,9,7,,,7,4,4,12,3,9,5,10,11,3,2,2,3,3,6,3,3,5,4,2,10,8,1,,9,,,7,11,10,8,8,11,11,5,2,1,12,1,11,12,3,12,7,10,9,7,7,8,6,1,10,6,7,7,3,7,4,3,1,9,9,5,7,9,5,8,,,7,11,,,7,10,7,9,7,11,10,8,11,11,2,1,11,12,12,10,9,6,7,7,3,9,7,5,,7,,,b'\x11\xea\xec\xc75\x7f\xc1\xca\xb6\x11#b\xf5\x01\x1b\x0b'
11EAECC7-357F-C1CA-B611-2362F5011B0B,2006-wnba-reg-season,wnba_com_game_box,6,6,1,6,2,1,1,1,3,3,5,3,1,1,1,2,7,7,4,7,11,1,1,2,3,1,2,2,14,10,13,7,13,6,11,1,6,1,1,1,7,8,5,8,,,13,9,,,7,1,1,2,1,1,1,3,5,1,1,7,7,7,1,1,10,7,6,1,1,7,5,,13,,,7,14,14,14,11,13,11,12,13,14,6,12,13,14,4,13,13,14,14,11,11,11,11,10,11,14,13,14,13,14,11,11,5,6,10,10,1,1,10,10,,,8,11,,,7,14,1,11,9,14,14,14,13,11,13,14,13,14,13,14,14,14,14,14,11,6,1,10,,8,,,b'\x11\xea\xec\xc75\x7f\xc1\xca\xb6\x11#b\xf5\x01\x1b\x0b'
11EAECC7-357F-C1CA-B611-2362F5011B0B,2007-wnba-pst-season,wnba_com_game_box,1,1,2,1,2,1,2,2,3,2,2,1,1,1,3,1,1,1,2,1,1,2,2,3,1,1,1,3,2,2,5,2,8,2,6,1,3,7,1,1,1,5,1,3,,,7,1,,,1,2,1,5,1,2,2,5,8,1,1,1,1,1,1,2,2,6,5,2,1,4,4,,2,,,1,7,7,7,5,7,7,6,7,7,4,6,7,7,5,7,4,7,7,5,5,6,6,6,5,8,8,7,5,7,6,7,4,1,6,5,7,2,7,6,,,2,3,,,1,7,1,7,1,7,7,6,4,4,7,6,5,5,5,7,7,8,5,5,7,4,3,5,,3,,,b'\x11\xea\xec\xc75\x7f\xc1\xca\xb6\x11#b\xf5\x01\x1b\x0b'
11EAECC7-357F-C1CA-B611-2362F5011B0B,2007-wnba-reg-season,wnba_com_game_box,2,2,1,2,6,1,1,1,1,4,10,1,1,1,5,1,2,3,1,3,2,1,1,1,1,1,1,2,6,13,13,2,13,6,13,1,2,2,1,1,5,9,1,1,,,9,1,,,2,1,1,6,1,1,1,4,10,1,1,2,3,3,1,1,13,2,6,1,2,5,1,,9,,,2,13,13,13,3,6,11,1,13,13,12,13,10,9,11,10,7,13,13,7,6,8,13,13,6,13,13,13,13,13,13,13,11,3,10,10,3,1,3,4,,,3,8,,,2,13,1,11,3,13,13,13,6,11,13,13,10,9,10,13,13,13,13,13,13,3,3,3,,3,,,b'\x11\xea\xec\xc75\x7f\xc1\xca\xb6\x11#b\xf5\x01\x1b\x0b'
11EAECC7-357F-C1CA-B611-2362F5011B0B,2008-wnba-reg-season,wnba_com_game_box,10,10,1,10,10,1,1,1,3,2,3,1,2,2,9,4,2,4,1,4,9,1,1,3,2,1,5,5,8,4,9,3,13,4,11,5,14,3,1,5,13,13,3,3,,,13,8,,,9,1,1,10,1,1,1,2,3,2,2,2,4,4,1,1,4,3,4,5,3,13,3,,13,,,9,14,14,14,9,11,12,10,14,14,12,13,14,14,5,14,14,14,14,10,10,14,12,12,13,14,13,12,9,14,11,13,13,14,14,14,2,1,7,6,,,6,13,,,9,14,1,14,11,14,14,14,11,12,14,14,14,14,14,14,14,14,12,14,13,14,2,7,,6,,,b'\x11\xea\xec\xc75\x7f\xc1\xca\xb6\x11#b\xf5\x01\x1b\x0b'
11EAECC7-357F-C1CA-B611-2362F5011B0B,2009-wnba-pst-season,wnba_com_game_box,1,7,1,1,1,1,1,1,1,1,1,1,1,1,3,1,1,2,1,2,4,1,1,1,1,1,3,3,6,1,6,1,3,1,3,1,6,7,2,2,2,8,2,6,,,8,3,,,1,1,3,3,1,1,2,2,5,2,1,4,4,4,2,6,7,2,4,1,2,8,6,,3,,,2,8,8,8,6,8,8,6,8,8,3,6,8,8,2,8,4,8,8,6,6,6,3,6,3,7,3,8,6,8,3,8,3,2,8,7,8,2,8,6,,,2,5,,,1,8,1,7,1,6,6,7,6,7,6,7,3,5,5,8,5,4,3,3,5,7,2,6,,6,,,b'\x11\xea\xec\xc75\x7f\xc1\xca\xb6\x11#b\xf5\x01\x1b\x0b'
11EAECC7-357F-C1CA-B611-2362F5011B0B,2009-wnba-reg-season,wnba_com_game_box,1,1,1,1,8,1,1,1,1,2,4,1,1,4,2,5,1,4,1,3,6,1,2,1,1,1,5,5,7,11,12,1,12,5,11,1,10,4,2,3,12,13,1,3,,,11,6,,,1,1,1,8,1,1,1,2,4,1,4,1,4,3,1,2,11,1,5,1,4,12,1,,11,,,1,13,13,13,6,13,13,6,9,11,4,7,13,13,1,13,10,13,13,6,3,11,7,6,8,13,12,11,12,13,11,10,6,13,13,13,3,2,11,7,,,9,12,,,1,13,1,13,2,13,13,13,13,13,9,11,13,13,13,13,13,13,11,13,10,13,3,11,,9,,,b'\x11\xea\xec\xc75\x7f\xc1\xca\xb6\x11#b\xf5\x01\x1b\x0b'
11EAECC7-357F-C1CA-B611-2362F5011B0B,2010-wnba-pst-season,wnba_com_game_box,3,2,4,3,4,4,4,4,1,4,4,2,2,4,1,3,5,6,3,6,7,4,4,1,1,1,6,4,8,4,6,3,3,4,3,3,1,5,3,1,3,5,3,1,,,5,5,,,3,4,4,1,1,1,3,2,3,1,3,6,7,7,3,4,8,1,2,1,3,4,2,,5,,,3,5,5,5,2,5,5,2,6,6,5,7,5,5,3,5,7,5,5,5,5,4,8,7,6,5,3,5,6,5,3,5,6,3,5,4,5,5,4,1,,,4,7,,,3,5,1,4,1,6,3,5,1,2,7,8,5,5,5,5,6,5,5,6,5,6,4,2,,7,,,b'\x11\xea\xec\xc75\x7f\xc1\xca\xb6\x11#b\xf5\x01\x1b\x0b'
11EAECC7-357F-C1CA-B611-2362F5011B0B,2010-wnba-reg-season,wnba_com_game_box,7,7,1,7,1,1,1,2,1,2,4,1,1,1,4,2,1,3,1,3,5,2,2,1,1,1,3,4,6,9,11,1,7,4,8,1,9,6,2,1,12,12,3,6,,,7,5,,,7,1,2,1,1,1,2,2,4,1,1,1,3,3,2,2,9,1,4,1,6,12,3,,7,,,7,12,12,12,10,12,12,9,11,11,10,9,9,11,1,10,5,12,12,10,9,12,6,8,3,12,7,10,11,12,8,12,9,12,12,12,10,6,4,3,,,5,9,,,7,12,1,12,7,12,12,12,12,12,11,11,9,11,10,12,12,12,10,12,12,12,10,4,,5,,,b'\x11\xea\xec\xc75\x7f\xc1\xca\xb6\x11#b\xf5\x01\x1b\x0b'
11EAECC7-357F-C1CA-B611-2362F5011B0B,2011-wnba-pst-season,wnba_com_game_box,4,6,4,4,4,4,4,4,6,4,4,3,6,2,8,5,4,4,2,4,6,4,4,6,6,5,6,6,5,4,6,4,4,4,6,4,7,5,2,5,4,8,4,8,,,5,8,,,8,4,4,1,4,3,2,3,4,6,3,4,5,5,3,4,5,5,5,7,2,8,8,,8,,,8,5,5,5,8,5,5,5,6,6,8,7,6,5,4,5,8,5,5,8,8,8,8,8,4,5,4,5,6,5,6,5,5,4,6,7,5,2,5,5,,,4,4,,,8,5,6,8,8,8,8,6,3,2,8,8,7,7,7,7,5,4,6,6,6,7,2,4,,3,,,b'\x11\xea\xec\xc75\x7f\xc1\xca\xb6\x11#b\xf5\x01\x1b\x0b'
11EAECC7-357F-C1CA-B611-2362F5011B0B,2011-wnba-reg-season,wnba_com_game_box,6,6,1,6,3,1,3,5,1,3,6,1,1,1,3,6,1,2,1,2,1,3,2,1,1,1,2,5,1,6,8,1,5,4,6,1,3,8,5,4,12,12,4,7,,,11,8,,,4,2,2,3,1,3,5,3,6,1,1,1,2,2,3,2,6,1,4,1,8,12,4,,11,,,4,12,12,12,9,11,12,8,11,11,10,9,12,12,4,12,11,12,11,9,10,10,10,11,5,9,5,8,8,8,6,12,6,12,12,12,9,6,4,5,,,1,1,,,4,11,1,9,3,12,12,12,11,12,11,11,12,12,12,12,11,9,8,8,12,12,9,4,,1,,,b'\x11\xea\xec\xc75\x7f\xc1\xca\xb6\x11#b\xf5\x01\x1b\x0b'
11EAECC7-357F-C1CA-B611-2362F5011B0B,2012-wnba-reg-season,wnba_com_game_box,11,11,1,11,6,9,10,1,12,9,5,11,10,5,12,6,5,6,5,5,7,1,1,12,12,12,5,8,3,1,4,3,7,2,4,12,12,9,6,12,11,11,6,7,,,12,11,,,12,2,1,6,9,10,1,9,5,10,5,5,6,5,1,1,1,3,2,12,9,11,6,,12,,,12,12,12,12,10,10,12,7,12,11,12,8,12,12,8,12,10,12,12,10,10,11,12,11,9,10,7,11,4,11,4,11,8,12,12,12,7,6,11,9,,,9,11,,,12,12,11,12,12,12,12,12,10,12,12,11,12,12,12,12,12,10,11,11,11,12,7,11,,9,,,b'\x11\xea\xec\xc75\x7f\xc1\xca\xb6\x11#b\xf5\x01\x1b\x0b'
11EAECC7-357F-C1CA-B611-2362F5011B0B,2013-wnba-pst-season,wnba_com_game_box,3,7,3,4,3,3,3,3,4,3,3,2,5,2,7,4,3,3,1,3,7,3,3,4,4,5,7,5,7,3,5,3,5,3,5,3,5,6,4,3,3,6,3,6,,,6,4,,,6,3,2,1,4,3,3,3,4,6,2,6,7,7,3,3,4,3,4,2,5,7,6,,5,,,6,6,6,6,6,6,6,7,2,6,1,2,7,7,2,7,5,6,6,4,5,6,1,1,6,6,5,6,5,6,5,6,1,3,8,2,5,4,5,4,,,4,8,,,6,6,4,6,5,6,7,7,7,7,1,3,7,8,8,7,7,6,6,7,1,7,4,4,,8,,,b'\x11\xea\xec\xc75\x7f\xc1\xca\xb6\x11#b\xf5\x01\x1b\x0b'
11EAECC7-357F-C1CA-B611-2362F5011B0B,2013-wnba-reg-season,wnba_com_game_box,4,4,1,4,7,3,4,11,3,4,10,1,6,5,10,5,2,3,3,3,2,10,9,3,1,3,7,7,4,12,12,1,4,6,6,3,5,9,10,5,11,12,2,3,,,12,12,,,7,2,2,7,3,4,11,4,10,6,5,2,3,3,10,9,12,1,6,3,9,11,2,,12,,,7,12,9,12,4,7,10,2,11,10,9,10,12,12,1,12,12,12,11,5,6,9,11,10,11,9,4,4,12,6,6,3,2,12,12,12,6,7,4,5,,,3,3,,,7,11,4,10,5,12,9,12,7,10,11,10,12,12,12,12,11,9,4,6,3,12,6,4,,3,,,b'\x11\xea\xec\xc75\x7f\xc1\xca\xb6\x11#b\xf5\x01\x1b\x0b'
11EAECC7-357F-C1CA-B611-2362F5011B0B,2014-wnba-pst-season,wnba_com_game_box,1,1,2,1,2,1,1,2,1,1,2,1,1,1,4,2,2,2,2,2,6,2,2,1,1,1,5,4,6,4,6,1,4,2,3,1,4,7,5,3,1,2,2,2,,,7,1,,,1,2,3,4,1,1,7,2,7,4,4,5,7,7,6,8,7,1,4,3,5,2,1,,1,,,1,7,7,7,2,7,7,2,6,7,2,2,7,7,1,7,2,7,7,2,1,1,2,2,2,7,4,7,6,7,3,7,2,2,5,2,7,5,6,3,,,2,5,,,1,7,1,1,1,1,3,6,5,7,2,2,1,1,1,5,4,5,2,3,2,4,5,1,,5,,,b'\x11\xea\xec\xc75\x7f\xc1\xca\xb6\x11#b\xf5\x01\x1b\x0b'
11EAECC7-357F-C1CA-B611-2362F5011B0B,2014-wnba-reg-season,wnba_com_game_box,1,1,1,1,4,1,2,10,1,4,8,1,4,5,2,5,2,4,2,4,3,10,11,1,1,1,6,6,4,11,11,2,6,8,8,2,5,3,4,2,10,12,1,1,,,1,1,,,1,8,7,4,1,2,10,4,8,4,5,2,4,4,10,11,11,2,8,2,3,10,1,,1,,,1,2,6,12,1,6,12,2,7,11,1,9,1,1,5,1,1,11,10,1,1,1,2,9,1,10,6,6,11,11,8,1,1,7,9,5,2,4,1,1,,,3,1,,,1,11,1,1,1,2,6,12,6,12,7,11,1,1,1,11,10,10,6,11,1,7,2,1,,3,,,b'\x11\xea\xec\xc75\x7f\xc1\xca\xb6\x11#b\xf5\x01\x1b\x0b'
11EAECC7-357F-C1CA-B611-2362F5011B0B,2015-wnba-pst-season,wnba_com_game_box,4,1,4,3,4,4,4,4,2,4,4,2,5,5,1,5,4,4,3,4,2,4,4,1,1,1,3,3,2,8,8,4,4,4,6,4,5,5,4,3,4,6,3,1,,,5,2,,,1,4,3,3,2,4,8,5,7,3,7,1,2,3,8,8,8,1,2,4,4,5,1,,3,,,1,4,4,5,1,4,5,1,3,5,1,6,4,5,1,5,2,5,5,1,1,1,3,3,6,6,4,5,8,5,6,2,1,4,7,1,4,3,2,1,,,4,2,,,1,5,2,1,1,1,1,8,2,7,2,7,3,4,4,7,7,8,7,7,1,7,2,1,,4,,,b'\x11\xea\xec\xc75\x7f\xc1\xca\xb6\x11#b\xf5\x01\x1b\x0b'
11EAECC7-357F-C1CA-B611-2362F5011B0B,2015-wnba-reg-season,wnba_com_game_box,4,4,1,4,2,6,8,10,4,6,9,3,7,8,7,6,5,6,5,6,4,10,10,3,2,2,6,7,5,10,11,4,10,6,8,6,7,3,4,5,5,6,1,1,,,6,5,,,4,10,10,2,6,8,10,6,9,7,8,5,6,6,10,10,10,4,6,6,3,5,1,,6,,,4,4,3,11,2,2,9,2,7,8,6,7,4,4,7,4,4,11,10,1,1,1,8,9,4,11,10,10,11,10,8,1,1,9,10,6,5,6,2,3,,,7,5,,,4,8,5,2,2,4,3,11,2,9,7,8,4,4,4,11,10,11,10,10,1,9,5,2,,7,,,b'\x11\xea\xec\xc75\x7f\xc1\xca\xb6\x11#b\xf5\x01\x1b\x0b'
11EAECC7-357F-C1CA-B611-2362F5011B0B,2016-wnba-pst-season,wnba_com_game_box,3,5,3,4,3,3,4,4,3,4,4,2,2,2,2,5,3,3,2,3,2,4,4,2,1,3,3,4,2,4,8,3,3,4,7,4,6,6,8,8,4,7,4,4,,,5,4,,,7,4,2,1,3,6,8,5,8,4,5,3,3,3,8,7,8,3,7,7,8,7,2,,3,,,4,6,6,6,5,6,6,4,6,5,4,2,5,5,3,5,4,6,5,4,4,4,2,3,4,5,3,5,8,5,7,5,4,4,6,6,6,8,4,1,,,3,1,,,7,6,5,5,4,5,7,7,8,7,3,2,4,4,4,7,6,3,5,4,5,6,8,1,,2,,,b'\x11\xea\xec\xc75\x7f\xc1\xca\xb6\x11#b\xf5\x01\x1b\x0b'
11EAECC7-357F-C1CA-B611-2362F5011B0B,2016-wnba-reg-season,wnba_com_game_box,7,7,1,7,6,3,6,10,5,8,10,4,4,5,6,4,2,3,2,3,1,8,7,3,3,2,4,4,3,10,10,5,7,8,9,8,8,5,7,7,5,6,1,2,,,9,8,,,3,7,5,6,3,6,10,8,10,4,5,2,3,3,8,7,10,5,8,8,5,5,1,,9,,,3,8,9,10,7,8,9,4,10,8,12,6,5,4,11,4,3,8,11,6,6,6,7,9,3,7,7,7,10,8,9,2,1,5,5,4,5,6,2,2,,,3,1,,,3,9,4,5,3,8,9,10,8,9,10,8,5,4,4,8,11,7,7,8,2,5,5,2,,3,,,b'\x11\xea\xec\xc75\x7f\xc1\xca\xb6\x11#b\xf5\x01\x1b\x0b'
11EAECC7-357F-C1CA-B611-2362F5011B0B,2017-wnba-pst-season,wnba_com_game_box,3,6,3,3,3,4,4,4,5,4,4,5,2,4,1,3,3,3,4,3,1,4,4,3,1,1,2,2,3,4,7,3,4,4,4,3,2,6,7,5,3,6,4,5,,,6,6,,,6,3,5,1,4,7,7,7,7,1,5,3,4,3,7,7,7,5,8,3,6,6,4,,6,,,3,5,5,5,6,5,5,7,5,5,1,3,6,6,7,6,5,5,6,5,5,5,1,1,5,6,4,5,7,5,4,5,3,3,3,4,6,8,5,2,,,3,3,,,6,6,4,3,3,4,5,5,7,6,1,2,5,5,5,5,6,6,4,3,3,3,8,2,,4,,,b'\x11\xea\xec\xc75\x7f\xc1\xca\xb6\x11#b\xf5\x01\x1b\x0b'
11EAECC7-357F-C1CA-B611-2362F5011B0B,2017-wnba-reg-season,wnba_com_game_box,5,5,1,5,5,7,9,11,6,10,11,5,5,4,6,3,2,2,7,2,2,8,9,6,4,5,3,3,2,8,8,9,8,9,9,6,5,8,9,9,9,10,4,3,,,12,12,,,6,5,5,5,7,9,11,10,11,5,4,2,2,2,8,9,8,9,9,6,8,9,4,,12,,,6,7,4,6,8,10,8,8,1,3,1,3,9,10,3,10,10,8,9,5,7,5,4,2,10,9,8,7,8,8,9,2,1,6,6,3,6,8,5,8,,,2,1,,,6,8,7,6,6,7,4,6,10,8,1,3,9,10,10,8,9,9,7,8,2,6,6,5,,2,,,b'\x11\xea\xec\xc75\x7f\xc1\xca\xb6\x11#b\xf5\x01\x1b\x0b'
11EAECC7-357F-C1CA-B611-2362F5011B0B,2018-wnba-pst-season,wnba_sr_game_summary,2,6,3,2,3,3,3,3,1,2,3,1,3,3,4,1,3,3,5,3,6,3,3,1,1,1,5,4,6,4,6,3,4,3,5,3,4,6,4,2,3,4,2,2,6,4,6,4,3,6,1,3,2,1,1,1,3,1,7,3,1,6,6,6,6,5,7,1,3,2,4,4,2,3,5,5,6,1,6,6,6,4,6,6,4,7,6,5,4,6,6,4,6,2,6,6,4,3,3,4,5,4,7,4,6,6,6,5,7,5,3,7,6,5,2,6,4,2,2,3,4,6,4,1,6,1,4,1,6,4,8,4,8,5,5,5,5,4,7,7,6,3,4,5,5,2,3,2,5,5,7,b'\x11\xea\xec\xc75\x7f\xc1\xca\xb6\x11#b\xf5\x01\x1b\x0b'
11EAECC7-357F-C1CA-B611-2362F5011B0B,2018-wnba-reg-season,wnba_sr_game_summary,5,5,1,5,6,4,8,12,3,12,12,2,2,2,4,1,3,4,2,4,2,10,10,2,1,1,1,3,3,12,11,8,11,10,9,3,1,8,9,4,12,12,2,3,3,8,10,8,1,10,4,9,6,7,4,9,12,12,12,2,2,3,4,4,11,10,12,8,10,3,8,12,2,3,10,1,10,4,7,8,11,2,8,11,1,6,3,11,1,9,9,8,9,7,11,10,2,3,4,8,6,10,11,11,5,11,6,9,1,1,11,12,5,5,6,3,8,2,3,1,1,10,6,4,8,4,6,4,7,8,10,7,11,6,3,9,9,9,10,9,11,4,6,1,12,5,3,2,1,10,6,b'\x11\xea\xec\xc75\x7f\xc1\xca\xb6\x11#b\xf5\x01\x1b\x0b'
11EAECC7-357F-C1CA-B611-2362F5011B0B,2019-wnba-pst-season,wnba_sr_game_summary,7,1,7,7,7,7,8,8,8,8,7,8,7,8,5,7,7,7,1,7,1,7,8,8,6,6,1,7,1,8,8,7,5,8,8,8,6,1,6,7,7,7,8,8,1,7,2,6,7,1,7,7,2,1,6,8,7,8,4,7,7,1,1,1,5,5,8,3,5,8,7,6,8,7,7,1,7,8,2,2,2,8,2,2,8,2,2,8,3,2,1,4,1,3,2,2,8,8,8,3,4,4,2,5,2,8,2,8,2,8,7,7,7,1,7,1,7,8,8,7,1,2,8,7,2,8,8,8,8,8,7,8,8,7,4,5,6,5,8,7,5,8,8,8,5,7,7,8,1,7,7,b'\x11\xea\xec\xc75\x7f\xc1\xca\xb6\x11#b\xf5\x01\x1b\x0b'
11EAECC7-357F-C1CA-B611-2362F5011B0B,2019-wnba-reg-season,wnba_sr_game_summary,8,8,1,8,3,9,10,12,6,10,12,5,6,7,11,4,2,3,2,2,1,12,12,6,4,3,2,8,2,12,12,6,11,11,12,8,6,2,3,5,12,12,5,4,2,3,4,5,1,12,8,11,11,3,9,10,12,10,12,6,7,2,3,2,12,12,12,6,11,8,2,12,5,2,4,1,12,8,6,10,10,6,11,11,6,8,5,6,3,1,2,1,2,1,7,6,5,2,6,1,6,1,11,11,11,12,11,12,3,1,11,9,7,1,2,2,3,5,4,1,1,4,4,8,3,5,7,7,6,10,10,11,11,8,5,1,2,2,7,6,11,11,11,3,11,1,2,5,1,4,4,b'\x11\xea\xec\xc75\x7f\xc1\xca\xb6\x11#b\xf5\x01\x1b\x0b'
11EAECC7-357F-C1CA-B611-2362F5011B0B,2020-wnba-pst-season,wnba_sr_game_summary,4,2,5,3,5,5,5,5,3,5,5,3,5,5,3,1,5,5,8,5,2,5,5,3,3,3,1,1,5,5,5,5,2,5,2,5,2,4,6,4,5,6,5,8,3,5,4,5,5,4,3,5,4,1,3,5,6,7,8,1,1,3,3,3,6,6,7,2,5,2,5,6,6,4,7,6,8,3,4,4,4,5,4,4,4,4,4,7,3,3,3,4,3,2,4,4,6,5,4,3,4,1,3,2,4,5,4,2,4,1,5,5,2,4,6,3,5,5,8,5,6,4,5,3,4,3,4,3,4,6,6,6,8,4,3,1,2,2,5,5,4,2,1,1,5,5,4,6,6,7,1,b'\x11\xea\xec\xc75\x7f\xc1\xca\xb6\x11#b\xf5\x01\x1b\x0b'
11EAECC7-357F-C1CA-B611-2362F5011B0B,2020-wnba-reg-season,wnba_sr_game_summary,5,5,1,5,3,4,7,8,6,9,11,2,2,3,8,4,2,2,1,2,1,5,6,5,4,5,3,5,3,9,9,4,12,7,9,4,2,9,9,6,10,10,1,1,4,6,12,10,2,11,6,2,2,3,4,7,8,9,11,2,3,2,2,2,5,6,9,4,7,4,9,10,1,4,12,2,11,6,8,6,10,2,6,9,2,7,7,6,5,10,10,6,10,7,11,12,2,3,4,9,6,11,12,12,8,9,10,9,3,4,6,9,5,6,6,4,6,1,1,2,2,12,6,6,12,6,5,6,8,6,10,6,9,7,7,10,10,10,11,12,12,8,10,3,6,6,4,1,2,12,6,b'\x11\xea\xec\xc75\x7f\xc1\xca\xb6\x11#b\xf5\x01\x1b\x0b'
11EAECC7-357F-C1CA-B611-2362F5011B0B,2021-wnba-pst-season,wnba_sr_game_summary,2,8,1,2,1,1,1,1,4,1,1,3,1,1,7,3,1,1,4,1,2,1,1,4,3,4,5,5,3,1,3,1,1,1,1,1,3,7,6,3,2,5,1,4,7,3,8,4,1,8,5,1,3,4,3,4,4,4,6,4,3,3,3,3,4,4,3,3,2,2,5,5,3,3,4,3,5,3,8,8,8,6,8,8,5,8,8,4,3,8,8,5,8,3,8,8,5,4,5,3,3,2,7,1,8,3,8,1,8,4,2,6,6,8,5,7,3,1,4,1,2,8,1,5,8,4,4,4,5,6,5,5,5,4,3,3,3,3,5,2,1,3,3,5,7,5,3,3,3,4,2,b'\x11\xea\xec\xc75\x7f\xc1\xca\xb6\x11#b\xf5\x01\x1b\x0b'
11EAECC7-357F-C1CA-B611-2362F5011B0B,2021-wnba-reg-season,wnba_sr_game_summary,5,5,1,5,4,5,7,11,4,8,10,2,5,5,6,5,2,2,10,2,1,9,11,4,3,3,5,6,2,7,6,3,9,3,5,5,4,5,6,6,12,12,1,2,1,3,3,3,3,9,5,11,11,4,5,7,11,8,10,5,5,2,2,2,9,11,7,3,3,5,5,12,1,1,3,3,9,5,4,4,10,3,6,10,4,3,10,3,7,1,1,7,2,2,10,6,3,2,6,1,3,2,11,9,4,6,5,5,3,1,12,12,9,4,6,1,3,1,2,3,2,3,7,5,2,3,7,5,4,4,10,6,10,3,10,1,1,2,10,6,11,4,5,3,12,4,1,1,3,3,7,b'\x11\xea\xec\xc75\x7f\xc1\xca\xb6\x11#b\xf5\x01\x1b\x0b'
11EAECC7-357F-C1CA-B611-2362F5011B0B,2022-wnba-pst-season,wnba_sr_game_summary,7,1,7,7,7,8,8,7,8,7,7,8,8,8,8,7,8,7,8,7,8,7,7,8,8,8,7,7,8,6,3,7,1,7,4,8,8,2,3,7,8,8,8,8,3,6,2,6,7,1,8,7,3,3,8,7,1,3,2,7,7,8,5,5,1,1,1,6,3,8,5,8,8,7,5,1,1,8,2,1,2,7,1,1,7,4,3,7,8,2,1,8,1,8,2,2,8,8,8,8,8,5,1,1,2,3,2,4,1,6,7,3,5,1,3,3,6,8,8,7,2,2,5,8,2,8,7,8,8,6,2,1,1,8,8,7,5,4,2,2,1,8,6,6,3,3,7,8,1,6,1,b'\x11\xea\xec\xc75\x7f\xc1\xca\xb6\x11#b\xf5\x01\x1b\x0b'
11EAECC7-357F-C1CA-B611-2362F5011B0B,2022-wnba-reg-season,wnba_sr_game_summary,8,8,1,8,1,7,11,12,10,11,11,4,4,2,11,2,4,6,5,6,1,10,9,8,6,6,2,3,2,12,11,9,12,11,12,8,6,5,5,6,7,7,1,1,2,5,11,10,4,12,9,7,7,1,7,11,12,11,11,4,2,4,6,6,10,9,12,9,11,8,5,7,1,2,11,4,12,9,10,6,8,9,7,8,4,9,8,11,6,8,8,4,8,7,7,11,7,9,7,8,8,8,12,12,10,11,12,12,6,8,4,5,6,2,2,2,5,1,1,4,1,11,6,9,7,8,8,9,10,6,8,7,8,9,8,8,8,8,7,11,12,10,12,6,4,2,2,1,4,11,6,b'\x11\xea\xec\xc75\x7f\xc1\xca\xb6\x11#b\xf5\x01\x1b\x0b'
11EAECC7-357F-C1CA-B611-2362F5011B0B,2023-wnba-reg-season,wnba_sr_game_summary,12,12,1,12,7,12,10,12,4,9,11,3,7,8,10,5,11,11,6,11,10,12,12,5,4,11,10,6,10,10,9,12,12,12,10,8,3,12,12,11,12,12,7,7,6,8,9,11,9,12,12,12,12,7,12,10,12,9,11,7,8,11,11,11,12,12,10,12,12,8,12,12,7,6,9,9,12,12,9,9,7,10,10,7,5,8,3,11,2,7,7,9,7,7,7,5,9,9,11,7,7,7,12,12,2,9,5,10,8,4,12,12,12,9,11,6,8,7,7,9,5,9,3,12,1,11,12,12,9,9,7,10,7,8,3,7,7,7,7,5,12,2,5,8,12,9,6,7,9,9,3,b'\x11\xea\xec\xc75\x7f\xc1\xca\xb6\x11#b\xf5\x01\x1b\x0b'
11EAECC7-357F-C1CA-B611-2362F5011B0B,2024-wnba-pst-season,wnba_sr_game_summary,5,1,5,5,5,5,5,7,1,6,7,1,5,6,1,2,6,7,7,7,5,6,6,1,1,1,3,1,8,8,5,7,2,8,3,5,7,2,4,3,8,7,6,5,1,1,4,8,6,5,6,5,1,3,1,1,3,2,4,1,2,6,7,7,3,4,6,6,7,1,5,7,5,1,8,6,8,6,4,4,2,8,2,1,8,4,4,8,7,4,4,6,4,8,3,2,8,8,8,8,5,8,1,2,1,5,1,3,4,8,8,8,8,3,5,1,1,6,5,6,6,4,8,6,4,1,8,5,8,8,4,6,2,8,8,8,8,8,7,5,1,1,1,8,8,6,1,5,6,8,8,b'\x11\xea\xec\xc75\x7f\xc1\xca\xb6\x11#b\xf5\x01\x1b\x0b'
11EAECC7-357F-C1CA-B611-2362F5011B0B,2024-wnba-reg-season,wnba_sr_game_summary,7,7,1,7,4,7,9,11,7,11,11,4,6,4,7,3,6,5,4,5,1,10,9,6,5,5,5,6,5,11,11,8,12,11,12,9,5,6,7,6,11,11,3,2,2,2,7,4,9,9,9,7,8,4,7,9,11,11,11,6,4,6,5,5,10,9,11,8,11,9,6,11,3,2,7,9,9,9,9,9,12,6,5,4,6,12,12,7,12,5,5,4,5,5,11,11,7,7,8,11,12,2,12,12,8,11,12,12,11,11,11,11,10,5,5,2,2,3,2,9,6,7,12,9,7,7,9,7,9,9,12,5,4,12,12,5,5,5,11,11,12,8,12,11,11,5,2,3,9,7,12,b'\x11\xea\xec\xc75\x7f\xc1\xca\xb6\x11#b\xf5\x01\x1b\x0b'
11EAECC7-357F-C1CA-B611-2362F5011B0B,2025-wnba-pst-season,wnba_sr_game_summary,2,8,2,4,2,2,2,2,4,2,2,3,2,1,6,4,2,2,3,2,5,2,2,4,4,3,3,5,5,1,6,1,5,1,4,2,3,7,2,3,2,5,2,7,8,8,7,2,3,7,3,2,3,2,3,4,2,5,6,5,4,4,5,5,1,3,3,2,2,3,2,4,7,8,3,7,4,3,7,7,7,3,7,7,4,8,8,3,7,7,7,4,7,3,7,7,3,3,4,6,7,3,7,5,8,6,7,4,8,3,2,7,5,8,4,8,8,2,7,3,7,7,3,3,7,3,4,3,4,4,7,3,4,6,8,4,5,5,7,8,6,7,7,3,7,4,8,7,7,3,6,b'\x11\xea\xec\xc75\x7f\xc1\xca\xb6\x11#b\xf5\x01\x1b\x0b'
11EAECC7-357F-C1CA-B611-2362F5011B0B,2025-wnba-reg-season,wnba_sr_game_summary,4,4,1,4,10,7,7,4,9,11,10,7,5,3,6,4,9,10,7,10,7,3,5,8,7,8,4,2,10,6,7,4,6,5,8,5,4,5,6,5,4,4,8,9,6,9,8,7,12,8,6,5,3,10,7,7,4,11,10,5,3,9,10,10,3,5,6,4,5,5,5,4,8,6,8,12,8,6,5,3,7,4,3,5,5,6,8,4,9,10,9,11,8,7,8,11,5,6,5,8,7,11,6,6,12,7,10,8,6,8,4,4,4,7,6,6,9,8,9,12,13,8,12,6,11,7,5,4,5,3,7,3,5,6,8,10,9,8,8,11,6,12,10,6,4,7,6,8,12,8,12,b'\x11\xea\xec\xc75\x7f\xc1\xca\xb6\x11#b\xf5\x01\x1b\x0b'
11EAECC7-357F-C1CA-B611-2362F5011B0B,all-wnba-pst-season,wnba_box,2,18,1,7,1,1,1,1,2,1,1,1,1,1,8,2,1,1,2,1,5,1,1,1,1,1,6,6,12,3,15,1,5,1,11,1,12,18,2,4,3,18,1,7,16,13,18,7,3,16,7,1,2,9,1,1,3,4,11,3,2,3,7,7,3,4,15,1,4,4,6,16,4,12,13,7,15,7,18,18,18,13,18,18,13,18,18,13,13,18,18,14,18,10,18,18,15,13,15,15,13,8,18,5,18,15,18,11,18,3,1,18,14,18,4,18,10,3,8,1,14,16,3,7,18,1,15,6,17,16,18,14,15,16,16,15,15,15,18,16,10,16,14,14,14,7,9,8,9,12,7,b'\x11\xea\xec\xc75\x7f\xc1\xca\xb6\x11#b\xf5\x01\x1b\x0b'
11EAECC7-357F-C1CA-B611-2362F5011B0B,all-wnba-reg-season,wnba_box,5,15,1,9,3,1,2,2,5,3,5,3,2,1,9,4,1,2,2,2,2,1,1,4,1,1,2,5,7,8,18,4,13,5,18,2,11,16,5,6,5,17,1,2,9,8,19,11,2,19,8,1,3,12,3,6,8,8,14,4,2,2,4,4,5,5,18,8,11,6,5,17,2,8,16,10,16,9,19,19,19,12,18,19,9,18,18,16,12,18,19,7,19,9,19,19,12,12,12,13,14,8,19,13,18,18,19,18,17,3,2,16,14,14,1,15,7,1,5,1,7,16,8,8,19,1,17,9,16,16,17,15,17,15,14,16,16,16,17,17,17,15,18,11,14,1,8,5,6,12,9,b'\x11\xea\xec\xc75\x7f\xc1\xca\xb6\x11#b\xf5\x01\x1b\x0b'
11EAECC7-3583-13FC-B611-2362F5011B0B,1998-wnba-reg-season,wnba_com_game_box,5,5,1,5,9,7,7,2,8,4,2,10,8,7,6,8,5,3,7,3,8,2,4,8,8,8,7,8,5,1,1,1,1,1,1,8,8,4,4,7,10,10,9,10,,,5,5,,,6,5,5,9,7,7,2,4,2,8,7,5,3,3,2,4,1,1,1,8,4,10,9,,5,,,6,5,5,7,2,5,5,3,5,7,4,5,3,4,5,4,4,7,4,2,3,6,5,5,4,2,1,8,1,4,1,3,2,9,9,6,6,6,9,6,,,3,4,,,6,5,7,5,6,5,5,7,5,5,5,7,3,4,4,7,4,2,8,4,3,9,6,9,,3,,,b'\x11\xea\xec\xc75\x83\x13\xfc\xb6\x11#b\xf5\x01\x1b\x0b'
11EAECC7-3583-13FC-B611-2362F5011B0B,1999-wnba-pst-season,wnba_com_game_box,5,1,5,5,5,6,6,6,6,6,6,5,5,5,6,1,6,6,2,6,5,6,6,6,6,5,4,3,4,5,5,6,6,5,6,5,5,1,4,5,6,5,5,2,,,2,4,,,3,6,3,1,6,6,3,5,4,5,1,5,5,6,3,3,1,2,1,5,5,4,1,,4,,,5,1,1,1,1,1,1,1,1,1,1,1,2,2,6,2,4,1,1,1,1,1,2,1,5,2,6,2,5,2,6,1,5,6,4,3,1,5,1,5,,,5,5,,,3,1,5,2,5,1,2,5,4,5,1,1,5,5,5,5,4,6,6,6,3,4,5,4,,5,,,b'\x11\xea\xec\xc75\x83\x13\xfc\xb6\x11#b\xf5\x01\x1b\x0b'
11EAECC7-3583-13FC-B611-2362F5011B0B,1999-wnba-reg-season,wnba_com_game_box,6,6,1,6,7,5,7,3,10,5,1,12,7,11,2,12,3,2,10,2,5,2,3,12,10,9,7,7,3,6,11,8,2,7,11,12,12,6,5,9,6,8,8,10,,,11,9,,,10,3,3,7,5,7,3,5,1,7,11,3,2,2,2,3,6,8,7,12,6,6,8,,11,,,10,10,10,6,11,12,11,9,2,1,9,1,9,10,3,10,8,8,10,10,11,11,2,1,9,1,2,12,11,12,11,7,2,3,5,4,9,9,11,9,,,1,2,,,10,10,9,4,8,10,10,6,12,11,2,1,9,10,10,8,10,1,12,12,7,3,9,11,,1,,,b'\x11\xea\xec\xc75\x83\x13\xfc\xb6\x11#b\xf5\x01\x1b\x0b'
11EAECC7-3583-13FC-B611-2362F5011B0B,2000-wnba-reg-season,wnba_com_game_box,10,10,1,10,9,4,2,1,8,1,1,8,16,15,16,15,4,2,10,2,11,1,1,13,12,12,16,16,6,4,5,7,12,5,8,7,13,14,8,13,8,12,14,15,,,13,8,,,12,1,1,9,4,2,1,1,1,16,15,4,2,2,1,1,4,7,5,7,14,8,14,,13,,,12,15,16,16,16,16,16,14,9,5,14,3,9,9,8,9,5,13,16,16,14,14,3,5,5,14,12,8,5,11,8,11,1,2,8,6,14,8,16,13,,,5,12,,,12,16,12,13,12,15,16,16,16,16,9,5,9,9,9,13,16,14,8,11,11,2,14,16,,5,,,b'\x11\xea\xec\xc75\x83\x13\xfc\xb6\x11#b\xf5\x01\x1b\x0b'
11EAECC7-3583-13FC-B611-2362F5011B0B,2001-wnba-reg-season,wnba_com_game_box,13,13,1,13,5,7,5,6,9,8,6,11,9,12,5,11,11,10,5,10,11,8,6,9,9,9,9,8,11,6,9,14,5,12,12,7,11,12,10,12,13,13,15,16,,,5,7,,,16,8,9,5,7,5,6,8,6,9,12,11,10,10,8,6,6,14,12,7,12,13,15,,5,,,16,16,15,6,16,16,10,16,6,2,14,1,11,9,13,8,7,5,7,16,16,16,3,2,7,1,5,13,9,9,12,4,1,8,7,4,12,9,4,5,,,10,10,,,16,8,10,16,16,16,15,6,16,10,6,2,11,9,8,5,7,1,13,9,4,8,12,4,,10,,,b'\x11\xea\xec\xc75\x83\x13\xfc\xb6\x11#b\xf5\x01\x1b\x0b'
11EAECC7-3583-13FC-B611-2362F5011B0B,2002-wnba-reg-season,wnba_com_game_box,16,16,1,16,10,9,12,5,16,7,2,16,13,13,15,13,6,4,13,3,7,4,3,16,16,16,11,13,3,1,3,3,3,2,2,8,9,16,15,15,16,16,4,5,,,5,4,,,15,4,3,10,9,12,5,7,2,13,13,6,4,3,4,3,1,3,2,8,16,16,4,,5,,,15,13,14,14,7,13,14,7,7,12,4,9,9,7,16,8,6,14,12,7,6,12,9,6,6,11,3,10,3,10,2,5,1,13,14,9,16,12,13,13,,,3,12,,,15,13,16,9,15,13,14,14,13,14,7,12,9,7,8,14,12,11,10,10,5,13,16,13,,3,,,b'\x11\xea\xec\xc75\x83\x13\xfc\xb6\x11#b\xf5\x01\x1b\x0b'
11EAECC7-3583-13FC-B611-2362F5011B0B,2003-wnba-pst-season,wnba_com_game_box,1,1,2,1,2,2,2,2,6,2,2,7,1,2,2,7,1,1,4,1,5,2,2,6,6,4,4,2,4,1,2,2,1,1,1,2,3,7,5,3,2,6,2,2,,,7,2,,,2,2,3,1,2,3,1,4,1,2,4,3,3,3,1,1,2,2,1,3,6,5,2,,2,,,3,7,7,7,3,7,7,4,7,8,3,8,7,7,8,7,6,7,7,3,4,4,5,7,6,7,1,8,2,7,1,7,2,2,7,6,7,2,7,5,,,1,5,,,2,7,4,4,5,5,3,7,3,4,7,8,6,6,6,7,5,2,6,6,2,7,5,5,,3,,,b'\x11\xea\xec\xc75\x83\x13\xfc\xb6\x11#b\xf5\x01\x1b\x0b'
11EAECC7-3583-13FC-B611-2362F5011B0B,2003-wnba-reg-season,wnba_com_game_box,1,1,1,1,1,1,1,9,1,1,4,3,11,13,1,13,1,1,12,1,1,4,1,2,1,6,8,13,1,2,1,1,4,1,1,6,10,14,14,13,6,8,3,3,,,3,2,,,1,1,1,1,1,1,9,1,4,11,13,1,1,1,4,1,2,1,1,6,14,6,3,,3,,,1,10,14,14,1,14,14,4,10,14,1,11,2,2,7,2,2,14,14,2,1,2,1,7,2,14,4,3,1,8,1,3,2,4,10,3,14,14,9,7,,,1,1,,,1,14,4,2,1,10,14,14,14,14,10,14,2,2,2,14,14,14,3,8,3,4,14,9,,1,,,b'\x11\xea\xec\xc75\x83\x13\xfc\xb6\x11#b\xf5\x01\x1b\x0b'
11EAECC7-3583-13FC-B611-2362F5011B0B,2004-wnba-pst-season,wnba_com_game_box,5,1,5,5,5,5,5,7,1,5,5,4,8,8,4,8,4,4,7,4,1,5,5,5,3,1,8,8,1,6,1,7,3,6,2,6,4,1,1,2,5,2,6,2,,,2,1,,,3,6,6,3,2,5,7,1,1,8,8,1,1,1,3,3,4,3,3,3,2,2,3,,1,,,5,3,4,3,7,2,2,8,6,5,6,8,2,2,3,2,2,2,2,8,8,7,8,8,1,3,3,2,1,2,2,4,4,5,4,5,1,2,3,3,,,5,1,,,3,2,1,7,5,7,7,6,1,1,8,8,1,1,1,4,2,4,1,1,6,5,2,4,,1,,,b'\x11\xea\xec\xc75\x83\x13\xfc\xb6\x11#b\xf5\x01\x1b\x0b'
11EAECC7-3583-13FC-B611-2362F5011B0B,2004-wnba-reg-season,wnba_com_game_box,6,6,1,6,7,3,3,1,10,1,1,10,13,13,13,13,1,1,13,1,6,1,1,13,13,12,13,13,1,1,3,2,3,1,2,3,6,11,6,7,5,7,1,1,,,7,4,,,6,2,2,7,3,3,1,1,1,13,13,1,1,1,1,1,1,2,1,3,11,5,1,,7,,,6,13,10,13,3,4,5,3,13,13,9,13,7,7,13,7,7,12,12,6,6,9,12,13,6,8,3,10,3,8,2,6,4,8,10,6,12,7,9,4,,,1,2,,,6,12,10,7,9,13,10,13,4,5,13,13,7,7,7,12,12,8,10,8,6,8,12,9,,1,,,b'\x11\xea\xec\xc75\x83\x13\xfc\xb6\x11#b\xf5\x01\x1b\x0b'
11EAECC7-3583-13FC-B611-2362F5011B0B,2005-wnba-pst-season,wnba_com_game_box,6,2,6,6,6,7,6,6,7,6,6,7,8,8,5,7,7,7,5,7,8,6,6,8,8,8,7,7,6,5,2,6,5,6,3,7,8,2,2,7,7,4,5,1,,,3,7,,,6,6,3,5,6,3,1,3,1,7,7,6,5,7,1,1,1,4,1,6,3,6,2,,8,,,6,2,2,3,5,2,1,3,4,4,5,8,3,3,3,3,8,3,2,7,7,7,7,7,7,3,5,2,2,3,3,2,1,7,7,5,2,2,4,6,,,7,8,,,6,2,7,8,8,7,3,5,3,2,8,8,8,8,8,7,4,6,7,8,2,7,4,8,,7,,,b'\x11\xea\xec\xc75\x83\x13\xfc\xb6\x11#b\xf5\x01\x1b\x0b'
11EAECC7-3583-13FC-B611-2362F5011B0B,2005-wnba-reg-season,wnba_com_game_box,8,8,1,8,1,9,7,2,12,4,1,13,12,12,12,12,5,1,13,1,5,1,1,13,13,13,12,12,3,1,1,1,1,1,1,11,11,13,11,12,9,9,3,2,,,13,13,,,9,1,2,1,9,7,2,4,1,12,12,5,1,1,1,1,1,1,1,11,13,9,3,,13,,,9,6,3,5,2,1,5,2,12,12,6,11,13,13,8,13,13,8,10,2,6,4,12,12,13,3,1,12,1,4,1,5,6,5,6,3,10,6,9,6,,,1,4,,,9,12,13,3,10,6,3,5,1,5,12,12,13,13,13,8,10,3,12,4,5,5,10,9,,1,,,b'\x11\xea\xec\xc75\x83\x13\xfc\xb6\x11#b\xf5\x01\x1b\x0b'
11EAECC7-3583-13FC-B611-2362F5011B0B,2006-wnba-pst-season,wnba_com_game_box,1,6,1,1,1,1,1,1,2,1,1,2,2,3,3,8,1,1,4,1,3,1,1,3,3,4,8,8,3,1,2,1,1,1,1,1,3,8,8,4,2,4,1,5,,,8,5,,,2,1,2,1,2,2,6,1,1,8,8,3,3,3,5,3,5,2,3,1,8,4,5,,5,,,2,8,8,8,3,8,8,1,8,8,6,6,7,8,6,8,4,8,8,4,4,3,7,7,5,8,1,8,2,8,1,7,1,2,3,2,8,7,7,3,,,1,4,,,2,8,4,3,2,3,3,4,2,4,6,6,4,3,3,3,4,3,1,2,1,3,7,5,,3,,,b'\x11\xea\xec\xc75\x83\x13\xfc\xb6\x11#b\xf5\x01\x1b\x0b'
11EAECC7-3583-13FC-B611-2362F5011B0B,2006-wnba-reg-season,wnba_com_game_box,3,3,1,3,9,7,9,3,9,7,2,10,13,13,10,13,2,2,8,2,8,3,3,12,11,12,12,13,2,2,2,2,1,1,1,5,3,11,9,6,13,13,3,2,,,11,13,,,2,6,9,9,7,9,3,7,2,13,13,2,2,2,3,3,2,2,1,5,11,13,3,,11,,,2,2,1,7,1,1,4,1,9,12,4,13,6,6,10,6,8,4,4,1,2,3,12,11,12,5,1,5,2,6,1,1,4,9,8,4,9,7,5,3,,,1,2,,,2,4,9,3,5,2,1,7,1,4,9,12,6,6,6,4,4,5,5,6,1,9,9,5,,1,,,b'\x11\xea\xec\xc75\x83\x13\xfc\xb6\x11#b\xf5\x01\x1b\x0b'
11EAECC7-3583-13FC-B611-2362F5011B0B,2007-wnba-pst-season,wnba_com_game_box,2,8,1,2,1,2,1,1,5,1,1,7,2,2,6,7,2,2,8,2,5,1,1,5,6,7,6,7,4,1,2,1,2,1,1,2,6,8,4,6,2,8,2,6,,,8,7,,,8,1,4,4,5,5,4,2,1,7,7,4,4,4,4,4,1,2,1,5,5,8,7,,7,,,6,8,8,8,2,8,8,3,8,8,2,7,8,8,4,8,7,8,8,2,3,5,7,5,7,7,2,8,2,8,1,8,5,2,7,7,8,5,8,4,,,1,5,,,8,8,4,5,5,4,2,3,2,2,6,7,6,8,7,5,2,3,3,3,2,7,5,4,,4,,,b'\x11\xea\xec\xc75\x83\x13\xfc\xb6\x11#b\xf5\x01\x1b\x0b'
11EAECC7-3583-13FC-B611-2362F5011B0B,2007-wnba-reg-season,wnba_com_game_box,1,1,1,1,8,3,4,5,3,1,3,4,11,11,4,11,3,2,11,2,4,3,3,6,4,4,10,12,4,3,4,1,1,1,1,6,9,8,6,7,13,13,7,8,,,10,10,,,1,4,2,8,3,4,5,1,3,11,11,3,2,2,3,3,3,1,1,6,8,13,7,,10,,,1,6,3,10,1,2,4,2,12,12,4,12,8,9,4,9,8,11,11,2,2,2,12,12,9,2,1,5,4,3,1,5,10,12,12,7,8,7,7,3,,,1,2,,,1,12,3,2,1,6,3,10,2,4,12,12,8,9,9,11,11,2,5,3,5,12,8,7,,1,,,b'\x11\xea\xec\xc75\x83\x13\xfc\xb6\x11#b\xf5\x01\x1b\x0b'
11EAECC7-3583-13FC-B611-2362F5011B0B,2008-wnba-pst-season,wnba_com_game_box,1,1,1,1,1,1,1,1,2,1,1,2,3,3,4,7,2,2,4,2,6,1,1,4,3,2,6,6,5,1,4,1,1,1,2,2,7,7,2,2,1,4,2,2,,,8,5,,,1,2,7,3,3,2,2,2,1,5,7,4,4,4,3,5,3,1,1,5,2,4,2,,4,,,1,7,7,7,2,7,7,2,8,8,2,7,8,8,5,8,5,7,7,2,2,3,5,6,4,7,1,7,4,7,2,7,4,2,7,5,7,2,7,2,,,2,5,,,1,7,2,2,1,3,2,5,3,4,4,7,4,4,3,5,4,2,3,3,3,7,2,2,,5,,,b'\x11\xea\xec\xc75\x83\x13\xfc\xb6\x11#b\xf5\x01\x1b\x0b'
11EAECC7-3583-13FC-B611-2362F5011B0B,2008-wnba-reg-season,wnba_com_game_box,2,2,1,2,6,4,3,3,6,3,2,10,7,9,4,11,7,5,11,5,13,3,5,5,7,6,9,9,9,1,1,5,1,2,1,3,4,4,4,2,7,6,10,8,,,8,10,,,1,6,7,6,4,3,3,3,2,7,9,7,5,5,3,5,1,5,2,3,4,7,10,,8,,,1,5,2,4,4,1,1,4,12,13,11,14,9,8,11,8,10,6,7,6,7,6,14,14,10,3,1,3,1,2,1,6,9,4,3,2,1,2,5,2,,,1,2,,,1,9,4,5,2,5,2,4,1,1,12,13,9,8,8,6,7,3,3,2,6,4,1,5,,1,,,b'\x11\xea\xec\xc75\x83\x13\xfc\xb6\x11#b\xf5\x01\x1b\x0b'
11EAECC7-3583-13FC-B611-2362F5011B0B,2009-wnba-pst-season,wnba_com_game_box,3,1,4,2,4,4,4,4,3,4,4,3,5,4,5,8,4,4,3,4,7,4,4,3,3,4,7,7,5,4,2,4,2,4,2,4,5,6,7,6,4,4,4,4,,,6,7,,,2,4,2,4,5,3,7,3,2,7,8,5,5,5,7,3,3,4,3,3,6,4,4,,7,,,1,5,5,5,3,5,5,2,5,5,2,3,5,6,1,6,7,5,5,3,2,1,6,4,6,6,2,5,2,5,2,5,5,3,1,1,6,6,5,1,,,4,6,,,2,5,5,1,2,2,2,2,3,2,4,3,7,7,7,2,4,3,2,2,2,1,7,1,,5,,,b'\x11\xea\xec\xc75\x83\x13\xfc\xb6\x11#b\xf5\x01\x1b\x0b'
11EAECC7-3583-13FC-B611-2362F5011B0B,2009-wnba-reg-season,wnba_com_game_box,4,4,1,4,2,4,3,4,5,3,2,8,9,10,5,10,8,7,11,7,11,5,5,8,10,10,10,10,8,4,5,4,2,3,3,5,6,10,6,5,8,8,13,12,,,13,13,,,6,6,6,2,4,3,4,3,2,9,10,8,7,7,5,5,4,4,3,5,10,8,13,,13,,,6,6,2,5,2,3,2,3,11,12,6,10,12,12,8,12,13,9,8,2,7,8,13,10,13,3,2,4,5,4,3,5,9,9,9,6,10,5,1,1,,,2,4,,,6,8,9,8,6,6,2,5,3,2,11,12,12,12,12,9,8,3,4,4,5,9,10,1,,2,,,b'\x11\xea\xec\xc75\x83\x13\xfc\xb6\x11#b\xf5\x01\x1b\x0b'
11EAECC7-3583-13FC-B611-2362F5011B0B,2010-wnba-reg-season,wnba_com_game_box,12,12,1,12,10,8,6,5,11,4,3,11,7,8,5,8,10,8,11,8,9,5,3,11,11,12,8,8,10,5,8,12,12,9,12,9,10,12,11,11,1,2,4,3,,,6,6,,,12,3,3,10,8,6,5,4,3,7,8,10,8,8,5,3,5,12,9,9,12,1,4,,6,,,12,11,11,9,12,8,5,11,12,12,12,12,11,10,11,11,12,10,10,12,12,11,12,12,6,11,12,12,8,11,12,11,12,2,2,8,12,12,10,10,,,7,11,,,12,10,12,11,12,11,11,9,8,5,12,12,11,10,11,10,10,11,12,11,11,2,12,10,,7,,,b'\x11\xea\xec\xc75\x83\x13\xfc\xb6\x11#b\xf5\x01\x1b\x0b'
11EAECC7-3583-13FC-B611-2362F5011B0B,2011-wnba-reg-season,wnba_com_game_box,12,12,1,12,9,12,12,10,12,11,10,11,10,5,11,4,5,9,2,8,4,11,8,12,12,12,6,9,2,8,10,11,4,12,10,11,7,11,11,11,8,8,12,12,,,11,12,,,12,6,8,9,12,12,10,11,10,10,5,5,9,8,11,8,8,11,12,11,11,8,12,,11,,,12,11,11,4,12,12,5,12,6,3,12,2,7,9,3,10,9,5,3,12,12,12,3,3,3,2,4,10,10,6,10,9,4,9,10,10,10,10,8,10,,,9,9,,,12,4,12,12,12,11,11,4,12,5,6,3,7,9,10,5,3,2,10,6,9,9,10,8,,9,,,b'\x11\xea\xec\xc75\x83\x13\xfc\xb6\x11#b\xf5\x01\x1b\x0b'
11EAECC7-3583-13FC-B611-2362F5011B0B,2012-wnba-reg-season,wnba_com_game_box,10,10,1,10,4,7,8,6,11,10,10,12,1,1,3,2,7,3,11,3,2,6,6,10,9,7,2,1,6,10,11,12,12,12,12,11,10,4,4,7,2,2,12,12,,,10,9,,,10,5,5,4,7,8,6,10,10,1,1,7,3,3,6,6,10,12,12,11,4,2,12,,10,,,10,11,11,4,12,11,1,12,11,9,10,11,10,9,12,9,11,4,8,12,12,12,9,8,7,5,12,12,11,12,12,12,12,1,1,5,3,4,9,11,,,3,2,,,10,8,6,11,10,11,11,4,11,1,11,9,10,9,9,4,8,5,12,12,12,1,3,9,,3,,,b'\x11\xea\xec\xc75\x83\x13\xfc\xb6\x11#b\xf5\x01\x1b\x0b'
11EAECC7-3583-13FC-B611-2362F5011B0B,2013-wnba-reg-season,wnba_com_game_box,10,10,1,10,1,5,10,8,8,10,11,7,1,1,6,1,3,2,6,2,1,5,2,5,6,6,1,1,2,5,7,9,11,9,10,9,8,8,8,9,5,5,7,8,,,8,8,,,8,5,9,1,5,10,8,10,11,1,1,3,2,2,5,2,5,9,9,9,8,5,7,,8,,,8,11,12,4,11,11,5,12,8,8,7,8,8,6,10,6,6,4,7,11,11,11,6,6,4,6,11,10,7,9,10,9,4,3,3,5,11,10,12,12,,,2,2,,,8,7,5,11,8,11,12,4,11,5,8,8,8,6,6,4,7,6,10,9,9,3,11,12,,2,,,b'\x11\xea\xec\xc75\x83\x13\xfc\xb6\x11#b\xf5\x01\x1b\x0b'
11EAECC7-3583-13FC-B611-2362F5011B0B,2014-wnba-reg-season,wnba_com_game_box,11,11,1,11,4,3,5,3,8,8,7,5,3,2,11,4,1,1,8,1,2,2,3,6,6,4,4,5,2,2,3,8,10,5,4,10,11,4,3,8,6,7,7,8,,,11,11,,,10,3,6,4,3,5,3,8,7,3,2,1,1,1,2,3,2,8,5,10,4,6,7,,11,,,10,12,11,5,11,11,9,11,6,2,12,1,12,12,11,12,11,7,5,11,12,12,7,3,11,7,10,7,3,6,4,8,6,6,7,9,3,1,10,10,,,1,3,,,10,6,3,12,10,12,11,5,11,9,6,2,12,12,12,7,5,7,7,6,8,6,3,10,,1,,,b'\x11\xea\xec\xc75\x83\x13\xfc\xb6\x11#b\xf5\x01\x1b\x0b'
11EAECC7-3583-13FC-B611-2362F5011B0B,2015-wnba-pst-season,wnba_com_game_box,8,1,8,8,8,8,8,8,8,8,8,8,8,7,8,2,7,7,7,7,4,8,8,8,8,8,2,7,1,5,6,8,1,8,7,8,8,1,1,8,7,3,8,8,,,1,4,,,8,8,1,3,8,8,1,8,2,7,1,2,1,1,1,1,1,4,1,8,1,4,8,,3,,,8,1,1,1,8,1,1,8,2,1,8,4,1,1,5,1,8,1,1,8,8,8,6,6,7,1,1,3,6,1,7,1,2,8,1,4,1,1,6,8,,,8,3,,,8,1,8,7,8,8,7,1,6,2,7,4,7,8,8,3,3,1,8,8,4,1,1,8,,1,,,b'\x11\xea\xec\xc75\x83\x13\xfc\xb6\x11#b\xf5\x01\x1b\x0b'
11EAECC7-3583-13FC-B611-2362F5011B0B,2015-wnba-reg-season,wnba_com_game_box,6,6,1,6,4,3,10,3,11,12,8,11,2,1,6,3,1,1,8,1,1,2,3,11,11,7,1,3,1,1,2,9,4,3,5,12,11,2,2,8,7,7,8,8,,,10,10,,,7,5,6,4,3,10,3,12,8,2,1,1,1,1,2,3,1,9,3,12,2,7,8,,10,,,7,10,10,2,11,10,5,10,6,4,9,4,8,8,6,8,9,4,3,11,11,12,5,5,7,3,4,10,2,8,5,7,6,6,5,7,1,1,12,12,,,1,1,,,7,5,2,12,7,10,10,2,10,5,6,4,8,8,8,4,3,3,10,8,7,6,1,12,,1,,,b'\x11\xea\xec\xc75\x83\x13\xfc\xb6\x11#b\xf5\x01\x1b\x0b'
11EAECC7-3583-13FC-B611-2362F5011B0B,2016-wnba-reg-season,wnba_com_game_box,11,11,1,11,3,6,10,3,12,11,8,12,3,1,8,2,3,2,6,2,2,1,1,10,10,9,1,3,2,1,6,11,12,5,8,11,10,7,4,11,10,11,9,10,,,10,9,,,11,2,4,3,6,10,3,11,8,3,1,3,2,2,1,1,1,11,5,11,7,10,9,,10,,,11,12,12,7,12,12,11,12,1,1,5,1,10,10,8,10,8,9,10,12,12,12,2,1,6,10,12,12,6,12,8,10,8,7,8,10,9,7,12,12,,,1,2,,,11,6,9,12,11,12,12,7,12,11,1,1,10,10,10,9,10,10,12,12,10,7,9,12,,1,,,b'\x11\xea\xec\xc75\x83\x13\xfc\xb6\x11#b\xf5\x01\x1b\x0b'
11EAECC7-3583-13FC-B611-2362F5011B0B,2017-wnba-pst-season,wnba_com_game_box,5,1,5,5,5,6,6,5,8,6,5,6,8,6,8,5,5,6,2,6,4,5,5,8,8,8,7,8,2,5,4,6,8,5,8,5,4,1,1,1,6,4,5,2,,,2,3,,,4,5,1,1,6,5,1,4,1,8,2,1,2,2,1,1,1,2,1,5,1,4,1,,5,,,6,3,3,3,3,4,4,2,1,1,4,2,2,2,3,2,6,4,4,1,2,2,5,2,6,4,8,4,4,4,8,2,1,6,7,5,1,1,4,8,,,6,4,,,4,3,6,7,8,7,6,7,6,8,4,4,6,6,6,8,8,8,8,8,2,6,1,8,,2,,,b'\x11\xea\xec\xc75\x83\x13\xfc\xb6\x11#b\xf5\x01\x1b\x0b'
11EAECC7-3583-13FC-B611-2362F5011B0B,2017-wnba-reg-season,wnba_com_game_box,7,7,1,7,3,1,8,2,12,10,9,12,3,2,9,4,1,1,4,1,1,1,1,11,8,7,1,5,1,1,3,11,9,6,6,11,11,7,4,10,2,3,7,8,,,11,10,,,8,1,2,3,1,8,2,10,9,3,2,1,1,1,1,1,1,11,6,11,7,2,7,,11,,,8,12,12,8,12,12,11,12,2,2,8,1,12,12,10,12,9,11,11,12,11,11,1,1,8,7,9,9,3,9,6,10,7,3,4,9,8,6,11,12,,,1,2,,,8,11,6,11,9,12,12,8,12,11,2,2,12,12,12,11,11,7,9,9,10,3,8,11,,1,,,b'\x11\xea\xec\xc75\x83\x13\xfc\xb6\x11#b\xf5\x01\x1b\x0b'
11EAECC7-3583-13FC-B611-2362F5011B0B,2018-wnba-pst-season,wnba_sr_game_summary,6,1,6,6,6,7,7,7,4,6,7,2,7,6,8,5,6,6,2,6,1,7,7,5,3,4,7,8,1,6,1,7,6,7,4,7,7,2,2,4,8,8,6,6,1,1,3,8,6,2,6,7,6,3,5,4,6,2,3,7,5,1,1,1,5,6,2,6,6,5,2,8,6,1,7,1,2,8,3,3,3,8,2,2,7,3,3,8,8,1,2,1,2,6,3,3,8,7,8,7,8,1,3,6,1,1,2,4,3,8,8,8,8,2,6,1,1,6,6,6,1,3,6,6,3,3,8,8,8,8,7,5,2,8,8,2,4,5,6,4,5,1,2,8,8,6,1,6,1,7,1,b'\x11\xea\xec\xc75\x83\x13\xfc\xb6\x11#b\xf5\x01\x1b\x0b'
11EAECC7-3583-13FC-B611-2362F5011B0B,2018-wnba-reg-season,wnba_sr_game_summary,8,8,1,8,6,3,4,4,9,7,9,3,6,4,12,5,1,1,7,1,1,3,1,8,6,5,4,7,1,2,2,4,5,2,2,10,9,9,8,12,7,7,3,2,10,11,8,7,2,5,7,3,3,7,3,5,5,7,9,6,4,1,1,1,4,2,2,4,3,10,9,7,3,10,8,2,5,7,10,9,7,8,10,9,5,9,5,12,4,11,11,7,11,11,10,9,8,8,8,9,7,11,5,5,1,2,3,2,9,6,9,9,9,11,11,10,11,3,2,2,2,7,8,7,10,5,8,7,9,9,7,10,9,9,4,11,11,11,9,8,5,1,3,8,9,11,10,3,2,7,8,b'\x11\xea\xec\xc75\x83\x13\xfc\xb6\x11#b\xf5\x01\x1b\x0b'
11EAECC7-3583-13FC-B611-2362F5011B0B,2019-wnba-reg-season,wnba_sr_game_summary,10,10,1,10,9,11,11,10,11,11,9,11,9,9,10,8,7,8,5,8,7,9,11,11,11,11,4,6,4,2,2,11,7,9,7,12,12,8,9,12,6,6,9,8,5,4,11,11,11,7,10,12,12,9,11,11,10,11,9,9,9,7,8,8,9,11,2,11,9,12,8,6,9,5,11,11,7,10,5,1,1,7,2,2,7,1,1,8,2,11,11,9,11,12,3,1,7,11,11,9,2,12,5,7,4,2,5,7,6,11,6,6,6,3,3,5,4,9,8,11,11,11,6,10,1,11,10,10,5,1,1,2,2,1,1,11,11,11,3,1,5,4,5,6,6,3,5,9,11,11,6,b'\x11\xea\xec\xc75\x83\x13\xfc\xb6\x11#b\xf5\x01\x1b\x0b'
11EAECC7-3583-13FC-B611-2362F5011B0B,2020-wnba-reg-season,wnba_sr_game_summary,9,9,1,9,1,7,10,2,11,11,10,9,1,1,10,2,4,5,9,6,3,1,4,10,9,7,2,1,6,4,6,12,11,10,12,11,12,1,1,9,5,5,6,9,6,9,11,12,7,9,9,6,10,1,7,10,2,11,10,1,1,4,5,6,1,4,4,12,10,11,1,5,6,6,11,7,9,9,10,9,5,11,10,8,8,1,1,11,2,11,11,8,11,12,6,5,11,12,11,4,2,12,10,11,11,6,11,12,12,9,9,6,9,1,1,6,9,6,9,7,8,11,12,9,4,7,11,9,10,9,5,10,8,1,1,11,11,11,6,5,10,11,11,12,9,1,6,6,7,11,12,b'\x11\xea\xec\xc75\x83\x13\xfc\xb6\x11#b\xf5\x01\x1b\x0b'
11EAECC7-3583-13FC-B611-2362F5011B0B,2021-wnba-pst-season,wnba_sr_game_summary,5,1,5,5,6,8,8,6,8,8,7,8,8,7,4,4,7,7,8,7,7,6,7,8,8,8,4,2,7,5,4,6,8,6,8,8,7,2,4,7,6,6,7,8,2,2,1,5,8,2,7,7,7,5,8,8,5,8,5,5,5,7,7,7,6,7,2,4,5,8,3,5,7,2,5,8,6,8,1,4,3,5,4,4,7,1,1,1,2,1,1,2,1,1,3,2,3,3,3,1,1,1,3,8,3,4,3,8,2,2,6,4,4,2,3,2,2,7,8,8,8,1,8,7,2,8,5,7,2,7,7,8,8,1,2,1,1,1,6,6,7,7,7,3,4,2,2,7,8,5,8,b'\x11\xea\xec\xc75\x83\x13\xfc\xb6\x11#b\xf5\x01\x1b\x0b'
11EAECC7-3583-13FC-B611-2362F5011B0B,2021-wnba-reg-season,wnba_sr_game_summary,7,7,1,7,4,6,6,2,8,9,5,11,4,3,5,3,8,9,4,9,9,3,3,8,8,8,4,4,8,1,2,8,5,4,3,10,10,6,5,8,7,5,8,6,12,11,10,10,12,10,7,7,9,4,6,6,2,9,5,4,3,8,9,9,3,3,1,8,4,10,6,7,8,12,10,12,10,7,7,5,5,9,5,4,12,9,11,5,11,6,7,1,7,9,5,2,9,9,9,7,8,6,3,5,5,2,4,3,10,11,8,8,8,2,2,12,11,8,6,12,12,10,12,7,4,7,8,7,7,5,5,5,4,9,11,6,7,7,5,2,3,5,4,10,8,2,12,8,12,10,12,b'\x11\xea\xec\xc75\x83\x13\xfc\xb6\x11#b\xf5\x01\x1b\x0b'
11EAECC7-3583-13FC-B611-2362F5011B0B,2022-wnba-pst-season,wnba_sr_game_summary,5,1,5,5,5,6,6,6,7,6,6,5,7,6,5,6,6,5,7,5,5,6,6,7,7,7,5,4,6,5,2,6,8,6,6,6,6,4,8,8,6,5,5,3,2,1,4,8,5,4,6,6,7,3,7,8,8,7,6,6,6,7,7,7,8,6,3,7,7,7,8,5,2,1,8,6,7,6,3,3,3,4,3,4,3,1,2,2,1,4,4,3,4,5,3,3,1,4,4,1,1,8,4,8,3,2,3,6,3,2,5,5,3,3,7,2,1,5,3,5,6,4,5,6,3,6,4,5,4,3,6,7,8,1,1,8,8,8,6,6,8,1,5,3,4,7,1,2,6,8,4,b'\x11\xea\xec\xc75\x83\x13\xfc\xb6\x11#b\xf5\x01\x1b\x0b'
11EAECC7-3583-13FC-B611-2362F5011B0B,2022-wnba-reg-season,wnba_sr_game_summary,6,6,1,6,9,4,7,6,8,6,7,10,5,5,8,6,2,1,11,1,2,4,5,9,9,5,5,7,1,3,2,10,7,8,6,10,11,3,2,5,10,8,7,7,11,10,9,9,2,10,6,10,11,9,4,7,6,6,7,5,5,2,1,1,4,5,3,10,8,10,3,10,7,11,9,2,10,6,7,7,3,10,10,6,10,6,4,7,4,7,7,3,7,8,3,2,10,10,9,4,4,7,4,7,4,2,3,6,5,3,8,8,7,3,3,11,10,7,7,2,3,9,8,6,2,4,9,6,7,7,3,10,6,6,4,7,7,7,3,2,4,4,3,5,8,3,11,7,2,9,8,b'\x11\xea\xec\xc75\x83\x13\xfc\xb6\x11#b\xf5\x01\x1b\x0b'
11EAECC7-3583-13FC-B611-2362F5011B0B,2023-wnba-pst-season,wnba_sr_game_summary,4,6,4,4,4,4,4,4,4,4,4,6,4,4,4,8,4,3,8,3,5,4,4,5,5,5,7,7,6,3,1,4,2,4,1,4,6,5,3,5,4,1,4,2,5,2,5,3,4,4,3,4,2,3,2,1,2,2,1,5,5,5,3,2,1,1,1,5,1,4,6,1,3,4,3,4,4,3,5,5,5,5,5,5,2,5,5,7,4,5,5,4,5,8,5,5,6,6,2,8,6,7,5,2,5,1,5,1,5,1,4,1,1,5,3,5,2,4,2,4,7,5,2,3,5,4,2,3,3,3,3,3,3,7,3,5,5,6,3,5,2,5,3,1,1,3,4,3,4,3,1,b'\x11\xea\xec\xc75\x83\x13\xfc\xb6\x11#b\xf5\x01\x1b\x0b'
11EAECC7-3583-13FC-B611-2362F5011B0B,2023-wnba-reg-season,wnba_sr_game_summary,4,4,1,4,7,3,2,1,5,1,1,4,8,6,12,10,2,2,5,2,9,1,1,7,5,3,12,12,3,1,1,4,6,1,1,5,11,4,2,4,5,5,6,3,5,3,10,8,4,7,4,2,3,7,3,2,1,1,1,8,6,2,2,2,1,1,1,4,1,5,4,5,6,5,10,4,7,4,9,8,5,6,4,5,7,10,9,10,8,10,10,10,10,8,6,10,8,11,9,10,9,8,5,6,1,1,1,1,8,6,4,5,5,1,1,5,3,6,3,4,10,10,5,4,10,3,8,4,9,8,5,4,5,10,9,10,10,10,6,10,5,1,1,8,4,1,5,6,4,10,5,b'\x11\xea\xec\xc75\x83\x13\xfc\xb6\x11#b\xf5\x01\x1b\x0b'
11EAECC7-3583-13FC-B611-2362F5011B0B,2024-wnba-reg-season,wnba_sr_game_summary,11,11,1,11,1,4,1,2,5,1,2,6,8,10,8,10,7,4,6,4,10,1,1,7,8,8,11,9,7,2,1,12,11,5,4,6,11,10,9,11,8,10,7,8,8,7,11,8,5,12,12,1,1,1,4,1,2,1,2,8,10,7,4,4,1,1,2,12,5,6,10,8,7,8,11,5,12,12,12,12,10,12,12,11,12,10,10,12,7,12,12,12,12,10,12,12,12,12,12,8,7,8,9,11,1,1,3,4,12,8,6,10,11,10,7,8,7,7,8,5,9,11,11,12,12,6,12,11,12,12,10,12,11,10,10,12,12,12,12,12,9,1,3,12,6,10,8,7,5,11,11,b'\x11\xea\xec\xc75\x83\x13\xfc\xb6\x11#b\xf5\x01\x1b\x0b'
11EAECC7-3583-13FC-B611-2362F5011B0B,2025-wnba-reg-season,wnba_sr_game_summary,12,12,1,12,3,9,5,1,11,1,1,11,11,10,12,11,6,6,4,7,12,1,1,12,12,11,12,12,7,1,2,8,5,3,5,8,10,7,5,8,8,8,7,7,11,10,12,12,5,11,11,1,1,3,9,5,1,1,1,11,10,6,6,7,1,1,1,8,3,8,7,8,7,11,12,5,11,11,12,11,6,12,4,4,8,12,9,13,7,13,13,5,13,13,10,9,13,13,13,12,10,12,4,5,10,2,8,5,13,13,10,8,12,10,9,11,10,7,7,5,9,12,10,11,10,10,13,11,12,11,6,4,4,12,9,13,13,13,10,9,4,10,8,13,10,10,11,7,5,12,10,b'\x11\xea\xec\xc75\x83\x13\xfc\xb6\x11#b\xf5\x01\x1b\x0b'
11EAECC7-3583-13FC-B611-2362F5011B0B,all-wnba-pst-season,wnba_box,9,9,9,4,9,9,9,9,14,9,8,16,10,10,10,16,9,9,15,9,12,9,9,16,15,15,13,16,6,7,2,9,6,8,2,9,15,10,10,15,9,15,9,4,8,7,10,16,11,8,11,9,7,12,11,10,5,6,2,13,14,7,4,5,4,3,1,3,1,13,17,14,8,7,17,12,8,10,10,10,10,1,10,10,2,10,10,8,16,10,11,6,11,17,10,10,3,4,6,18,17,17,10,6,10,2,10,2,10,2,9,14,5,10,8,10,7,10,11,9,9,8,11,11,10,14,5,11,9,7,8,3,7,14,14,17,17,17,11,9,9,10,11,1,11,11,13,11,6,8,12,b'\x11\xea\xec\xc75\x83\x13\xfc\xb6\x11#b\xf5\x01\x1b\x0b'
11EAECC7-3583-13FC-B611-2362F5011B0B,all-wnba-reg-season,wnba_box,9,19,5,18,5,4,5,4,15,4,3,15,10,7,15,10,2,1,11,1,4,2,2,16,14,14,7,11,4,1,6,5,5,1,4,8,18,17,8,13,8,15,5,9,18,13,18,14,8,17,19,4,4,4,8,8,4,7,3,11,11,1,1,1,2,2,2,11,3,12,16,15,7,16,17,9,13,18,18,17,15,19,17,15,18,17,14,18,13,19,18,15,18,16,15,15,19,19,19,16,12,15,14,5,15,6,15,4,16,8,3,14,15,16,4,19,15,7,7,2,8,19,10,19,15,11,19,18,17,17,13,16,13,14,13,18,17,17,14,15,5,13,11,16,10,13,15,7,2,15,12,b'\x11\xea\xec\xc75\x83\x13\xfc\xb6\x11#b\xf5\x01\x1b\x0b'
11EAED6B-0B92-A464-BB2C-5756165888B9,1997-wnba-reg-season,wnba_com_game_box,7,7,1,7,4,4,4,4,6,5,4,6,4,4,4,3,6,6,3,6,6,5,4,5,5,6,4,5,6,1,1,8,8,7,7,7,7,8,8,8,4,5,8,8,,,7,7,,,7,5,5,4,4,4,4,5,4,4,4,6,6,6,5,4,1,8,7,7,8,4,8,,7,,,7,8,8,6,8,8,6,8,6,3,8,1,7,7,6,7,6,6,5,8,8,8,3,4,3,8,8,3,1,4,7,7,4,4,5,7,7,6,6,5,,,6,7,,,7,4,5,8,7,8,8,6,8,6,6,3,7,7,7,6,5,8,3,4,7,4,7,6,,6,,,"b'\x11\xea\xedk\x0b\x92\xa4d\xbb,WV\x16X\x88\xb9'"
11EAED6B-0B92-A464-BB2C-5756165888B9,1998-wnba-reg-season,wnba_com_game_box,8,8,1,8,6,10,9,8,9,7,3,9,10,10,10,10,10,10,9,10,10,9,6,10,9,9,10,10,10,3,4,8,6,5,5,7,5,8,8,9,7,5,3,3,,,7,7,,,8,8,8,6,10,9,8,7,3,10,10,10,10,10,9,6,3,8,5,7,8,7,3,,7,,,8,6,3,3,5,3,2,7,3,4,1,6,9,7,10,7,9,4,2,5,8,8,10,3,10,4,6,5,4,5,5,6,8,7,5,7,2,4,10,10,,,10,9,,,8,2,9,8,8,6,3,3,3,2,3,4,9,7,7,4,2,4,5,5,6,7,2,10,,10,,,"b'\x11\xea\xedk\x0b\x92\xa4d\xbb,WV\x16X\x88\xb9'"
11EAED6B-0B92-A464-BB2C-5756165888B9,1999-wnba-pst-season,wnba_com_game_box,5,1,5,5,5,5,5,5,5,5,5,6,6,6,5,6,5,5,6,5,4,5,5,5,5,6,5,6,3,6,6,5,2,5,4,5,6,2,6,6,5,1,6,5,,,1,1,,,5,5,1,1,5,4,2,2,1,6,6,3,3,3,1,1,2,1,1,5,6,1,4,,1,,,6,2,2,2,4,2,2,5,2,2,2,2,1,1,3,1,1,2,2,2,2,2,1,2,1,1,2,1,6,1,4,2,6,5,3,5,2,6,2,6,,,5,6,,,5,2,6,1,6,6,6,6,6,6,2,3,1,1,1,6,6,4,5,5,6,1,6,6,,5,,,"b'\x11\xea\xedk\x0b\x92\xa4d\xbb,WV\x16X\x88\xb9'"
11EAED6B-0B92-A464-BB2C-5756165888B9,1999-wnba-reg-season,wnba_com_game_box,4,4,1,4,12,4,4,7,5,3,4,5,8,8,7,9,2,1,12,1,1,4,4,7,7,6,8,9,2,1,1,6,3,1,2,8,9,8,7,8,1,2,3,3,,,3,1,,,6,6,1,12,4,4,7,3,4,8,8,2,1,1,4,4,1,6,1,8,8,1,3,,3,,,6,9,11,10,6,5,8,4,11,12,10,11,5,3,12,3,3,9,12,6,6,3,7,10,3,5,3,8,1,6,2,11,8,1,2,2,4,3,12,12,,,2,1,,,6,12,3,2,2,9,11,10,5,8,11,12,5,3,3,9,12,5,8,6,11,1,4,12,,2,,,"b'\x11\xea\xedk\x0b\x92\xa4d\xbb,WV\x16X\x88\xb9'"
11EAED6B-0B92-A464-BB2C-5756165888B9,2000-wnba-pst-season,wnba_com_game_box,6,2,6,6,6,7,7,7,6,8,6,7,5,7,4,3,6,6,2,6,5,7,7,6,6,4,2,2,3,6,5,6,3,6,3,7,4,1,1,2,6,4,8,8,,,2,5,,,5,7,4,3,4,5,4,7,5,3,3,4,4,4,4,4,4,3,3,5,1,4,8,,5,,,5,1,1,2,6,1,1,4,3,3,6,7,3,2,8,2,6,2,2,6,6,6,8,7,8,1,3,2,5,1,3,1,1,7,6,1,2,3,1,2,,,8,8,,,5,2,4,6,5,5,5,4,3,1,7,6,7,6,6,4,3,3,6,3,1,6,3,2,,8,,,"b'\x11\xea\xedk\x0b\x92\xa4d\xbb,WV\x16X\x88\xb9'"
11EAED6B-0B92-A464-BB2C-5756165888B9,2000-wnba-reg-season,wnba_com_game_box,3,3,1,3,13,5,4,2,7,4,4,4,7,4,13,6,9,7,14,7,9,3,4,9,10,6,13,10,14,1,1,8,10,3,5,2,4,3,2,2,1,1,1,1,,,3,2,,,4,9,4,13,5,4,2,4,4,7,4,9,7,7,3,4,1,8,3,2,3,1,1,,3,,,4,8,10,10,4,10,10,4,11,8,11,9,4,3,13,3,3,9,11,4,4,5,7,13,4,10,10,5,1,6,5,8,8,6,7,7,3,1,10,10,,,14,16,,,4,11,4,5,3,8,10,10,10,10,11,8,4,3,3,9,11,10,5,6,8,6,3,10,,14,,,"b'\x11\xea\xedk\x0b\x92\xa4d\xbb,WV\x16X\x88\xb9'"
11EAED6B-0B92-A464-BB2C-5756165888B9,2001-wnba-pst-season,wnba_com_game_box,3,2,4,2,4,3,4,3,6,4,4,8,2,3,1,4,2,2,2,2,3,3,4,5,2,2,1,1,2,4,7,4,4,4,8,4,5,5,1,2,4,4,4,7,,,5,3,,,2,3,1,1,1,2,1,5,1,1,2,2,2,2,1,1,4,4,4,3,1,3,4,,5,,,2,6,6,6,8,6,6,8,5,5,2,4,7,7,3,6,6,6,5,7,7,7,3,1,6,5,4,6,7,6,8,6,7,4,2,4,5,2,8,8,,,3,3,,,2,5,3,4,3,7,8,6,8,6,2,6,7,7,7,6,7,4,7,7,8,1,5,8,,1,,,"b'\x11\xea\xedk\x0b\x92\xa4d\xbb,WV\x16X\x88\xb9'"
11EAED6B-0B92-A464-BB2C-5756165888B9,2001-wnba-reg-season,wnba_com_game_box,4,4,1,4,3,2,2,2,5,3,4,7,4,8,1,12,4,3,9,3,7,2,1,3,6,4,7,7,10,1,1,3,9,2,2,2,2,9,6,4,5,8,1,4,,,4,3,,,3,3,3,3,2,2,2,3,4,4,8,4,3,3,2,1,1,3,2,2,9,5,1,,4,,,3,8,13,16,8,14,16,10,2,8,1,5,5,7,4,7,4,15,16,6,3,3,2,1,6,13,9,6,1,11,2,10,8,7,8,9,10,5,14,12,,,5,11,,,3,15,3,4,3,8,13,16,14,16,2,8,5,7,7,15,16,13,6,11,10,7,10,14,,5,,,"b'\x11\xea\xedk\x0b\x92\xa4d\xbb,WV\x16X\x88\xb9'"
11EAED6B-0B92-A464-BB2C-5756165888B9,2002-wnba-reg-season,wnba_com_game_box,12,12,1,12,1,5,8,2,14,5,3,13,12,9,16,12,2,3,7,4,8,3,4,15,15,13,9,14,2,11,14,9,15,10,15,4,5,8,3,6,9,10,8,11,,,16,12,,,14,3,6,1,5,8,2,5,3,12,9,2,3,4,3,4,11,9,10,4,8,9,8,,16,,,14,15,12,13,8,11,12,8,10,13,6,10,16,15,12,16,14,13,14,9,9,11,12,7,14,14,15,16,14,16,15,10,7,5,9,7,5,2,12,10,,,5,9,,,14,14,13,12,14,15,12,13,11,12,10,13,16,15,16,13,14,14,16,16,10,5,5,12,,5,,,"b'\x11\xea\xedk\x0b\x92\xa4d\xbb,WV\x16X\x88\xb9'"
11EAED6B-0B92-A464-BB2C-5756165888B9,2003-wnba-pst-season,wnba_com_game_box,3,7,3,3,3,3,3,3,3,3,3,3,3,3,6,4,3,3,6,3,7,3,3,4,7,8,7,5,7,3,6,3,5,3,4,3,7,6,7,8,5,8,3,7,,,6,3,,,8,3,5,1,8,5,5,5,5,5,5,8,7,7,6,6,5,3,4,5,7,8,7,,3,,,7,6,6,6,6,6,6,5,5,6,4,5,6,6,4,6,2,6,6,5,5,5,4,3,2,6,5,6,6,6,4,6,5,3,6,7,6,7,6,6,,,3,6,,,8,6,8,5,6,4,7,6,6,6,4,4,2,2,2,5,4,7,5,4,7,6,7,6,,5,,,"b'\x11\xea\xedk\x0b\x92\xa4d\xbb,WV\x16X\x88\xb9'"
11EAED6B-0B92-A464-BB2C-5756165888B9,2003-wnba-reg-season,wnba_com_game_box,4,4,1,4,11,8,7,3,11,6,5,12,9,9,12,9,11,6,14,6,9,6,5,12,12,12,10,9,11,6,8,8,11,9,9,3,3,3,3,2,3,3,7,8,,,6,5,,,4,5,4,11,8,7,3,6,5,9,9,11,6,6,6,5,6,8,9,3,3,3,7,,6,,,4,4,3,6,5,3,6,8,6,7,4,9,3,5,4,5,7,7,10,4,4,1,7,8,4,9,11,9,8,9,9,8,10,2,2,2,2,1,12,11,,,8,12,,,4,9,12,1,5,4,3,6,3,6,6,7,3,5,5,7,10,9,9,9,8,2,2,12,,8,,,"b'\x11\xea\xedk\x0b\x92\xa4d\xbb,WV\x16X\x88\xb9'"
11EAED6B-0B92-A464-BB2C-5756165888B9,2004-wnba-pst-season,wnba_com_game_box,3,6,3,3,3,3,3,3,5,3,3,3,4,4,8,5,3,3,6,3,5,3,3,6,8,6,7,6,4,3,4,3,4,3,4,3,6,6,4,5,3,1,1,1,,,5,3,,,5,3,3,1,4,2,2,2,4,6,5,4,4,3,2,2,3,6,6,4,5,1,1,,3,,,3,6,6,6,6,6,6,3,8,7,8,7,5,5,8,5,3,6,6,7,7,5,7,7,4,5,4,6,4,6,4,7,7,3,1,3,5,1,6,2,,,3,2,,,5,6,6,3,4,4,4,2,2,2,7,7,4,3,3,1,5,2,4,3,7,1,1,3,,2,,,"b'\x11\xea\xedk\x0b\x92\xa4d\xbb,WV\x16X\x88\xb9'"
11EAED6B-0B92-A464-BB2C-5756165888B9,2004-wnba-reg-season,wnba_com_game_box,6,6,1,6,5,7,6,4,7,4,3,7,9,9,7,10,10,8,10,7,13,4,5,7,10,8,10,10,11,3,2,12,11,9,5,8,10,5,3,5,1,1,10,7,,,6,7,,,4,8,7,5,7,6,4,4,3,9,9,10,8,7,4,5,3,12,9,8,5,1,10,,6,,,4,5,3,3,9,2,1,12,10,10,7,12,8,8,12,8,10,1,6,12,12,5,11,11,8,5,11,2,2,3,5,4,7,1,1,2,4,3,5,2,,,7,8,,,4,7,5,4,3,5,3,3,2,1,10,10,8,8,8,1,6,5,2,3,4,1,4,5,,7,,,"b'\x11\xea\xedk\x0b\x92\xa4d\xbb,WV\x16X\x88\xb9'"
11EAED6B-0B92-A464-BB2C-5756165888B9,2005-wnba-pst-season,wnba_com_game_box,1,1,1,1,1,1,1,1,2,1,1,5,2,2,1,6,2,2,7,2,7,1,1,2,4,2,6,5,8,2,3,2,4,2,2,1,2,7,3,2,1,5,2,8,,,8,3,,,1,1,5,1,1,1,2,2,2,4,6,7,6,5,2,2,4,2,3,2,3,4,7,,3,,,1,7,7,7,4,7,7,5,8,8,3,7,8,8,2,8,3,7,7,4,3,2,4,6,3,7,4,7,3,7,2,8,6,1,2,1,7,6,8,7,,,2,6,,,1,7,3,1,1,3,4,6,4,5,6,7,2,3,3,5,6,5,1,3,6,2,7,6,,5,,,"b'\x11\xea\xedk\x0b\x92\xa4d\xbb,WV\x16X\x88\xb9'"
11EAED6B-0B92-A464-BB2C-5756165888B9,2005-wnba-reg-season,wnba_com_game_box,2,2,1,2,9,4,4,6,6,6,6,8,8,9,1,10,7,2,12,2,2,5,4,6,7,7,8,7,7,2,2,11,3,5,2,5,7,7,7,8,2,2,9,7,,,8,8,,,1,6,6,9,4,4,6,6,6,8,9,7,2,2,5,4,2,11,5,5,7,2,9,,8,,,1,1,1,2,4,2,4,4,1,4,1,9,7,9,5,9,10,2,5,4,3,1,10,3,12,2,3,4,2,2,2,2,7,1,1,1,3,3,8,9,,,2,3,,,1,8,5,1,1,1,1,2,2,4,1,4,7,9,9,2,5,2,4,2,2,1,3,8,,2,,,"b'\x11\xea\xedk\x0b\x92\xa4d\xbb,WV\x16X\x88\xb9'"
11EAED6B-0B92-A464-BB2C-5756165888B9,2006-wnba-pst-season,wnba_com_game_box,2,6,2,2,2,2,2,2,3,2,2,3,1,1,1,6,2,2,5,2,5,2,2,1,2,2,5,4,6,2,3,2,2,2,2,2,5,7,2,3,1,1,3,7,,,7,4,,,1,2,6,1,1,1,4,2,3,2,5,4,4,4,3,5,4,8,6,3,2,1,7,,4,,,1,7,7,7,6,7,7,6,7,6,7,3,8,7,8,7,5,7,7,6,6,5,4,3,6,7,2,7,3,7,2,8,3,1,1,1,7,5,8,7,,,2,5,,,1,7,1,4,1,2,2,1,3,2,3,2,6,5,5,1,2,1,3,1,2,1,4,7,,6,,,"b'\x11\xea\xedk\x0b\x92\xa4d\xbb,WV\x16X\x88\xb9'"
11EAED6B-0B92-A464-BB2C-5756165888B9,2006-wnba-reg-season,wnba_com_game_box,4,4,1,4,3,6,8,8,8,8,4,9,10,11,6,11,5,3,10,2,4,5,5,8,7,7,6,10,4,1,1,13,6,8,2,10,12,8,7,9,2,2,12,11,,,6,11,,,3,11,12,3,6,8,8,8,4,10,11,5,3,2,5,5,1,13,8,10,8,2,12,,6,,,3,3,2,1,8,4,1,13,4,7,2,10,5,5,12,5,9,2,2,9,9,6,8,7,9,2,6,3,1,1,2,2,10,1,1,1,2,2,14,13,,,4,7,,,3,4,5,4,2,3,2,1,4,1,4,7,5,5,5,2,2,2,3,1,2,1,2,14,,4,,,"b'\x11\xea\xedk\x0b\x92\xa4d\xbb,WV\x16X\x88\xb9'"
11EAED6B-0B92-A464-BB2C-5756165888B9,2007-wnba-pst-season,wnba_com_game_box,5,1,5,5,7,6,6,7,4,6,6,6,8,8,4,8,5,5,3,5,3,6,6,6,4,6,7,8,1,5,1,7,5,7,2,7,7,4,8,8,5,1,6,2,,,3,5,,,5,6,5,5,7,6,8,3,3,8,8,2,2,2,7,7,4,7,7,8,8,1,5,,4,,,5,3,3,2,8,2,2,5,2,2,8,5,2,4,3,4,5,2,2,7,6,4,5,7,3,2,5,2,1,2,2,3,7,5,1,2,3,8,4,7,,,5,1,,,5,2,5,4,6,2,3,1,3,3,4,3,3,4,4,1,1,1,1,1,4,1,6,7,,1,,,"b'\x11\xea\xedk\x0b\x92\xa4d\xbb,WV\x16X\x88\xb9'"
11EAED6B-0B92-A464-BB2C-5756165888B9,2007-wnba-reg-season,wnba_com_game_box,5,5,1,5,12,11,13,11,12,10,6,13,12,12,3,12,5,4,10,4,5,9,9,13,11,12,8,11,2,1,1,13,5,8,2,10,7,10,10,10,1,1,12,10,,,5,8,,,7,13,12,12,11,13,11,10,6,12,12,5,4,4,9,9,1,13,8,10,10,1,12,,5,,,7,2,1,1,11,1,1,12,7,8,6,9,6,6,8,6,9,1,1,12,11,6,9,9,7,1,5,1,1,1,2,4,8,1,1,2,6,8,10,10,,,5,4,,,7,1,6,3,6,2,1,1,1,1,7,8,6,6,6,1,1,1,1,1,4,1,6,10,,5,,,"b'\x11\xea\xedk\x0b\x92\xa4d\xbb,WV\x16X\x88\xb9'"
11EAED6B-0B92-A464-BB2C-5756165888B9,2008-wnba-pst-season,wnba_com_game_box,5,1,5,5,5,5,5,6,1,5,5,1,6,8,2,8,8,8,5,8,8,7,5,1,1,1,8,8,7,7,3,7,4,6,3,5,4,4,8,6,6,2,7,7,,,4,8,,,3,6,2,1,1,1,4,1,2,5,8,7,7,7,5,1,5,6,5,1,8,2,7,,8,,,3,3,2,1,7,2,2,7,3,3,7,5,4,4,6,4,8,3,3,7,8,8,8,7,8,2,4,1,3,1,3,4,8,5,2,6,3,4,2,4,,,8,8,,,3,3,1,7,3,7,5,1,4,2,7,5,8,8,8,4,7,4,1,2,7,1,5,5,,6,,,"b'\x11\xea\xedk\x0b\x92\xa4d\xbb,WV\x16X\x88\xb9'"
11EAED6B-0B92-A464-BB2C-5756165888B9,2008-wnba-reg-season,wnba_com_game_box,7,7,1,7,13,9,13,10,12,11,7,14,7,12,1,12,3,2,9,2,1,8,8,13,10,9,6,8,1,2,2,14,6,11,7,14,13,9,9,13,2,2,14,14,,,6,6,,,10,8,5,13,9,13,10,11,7,7,12,3,2,2,8,8,2,14,11,14,9,2,14,,6,,,10,9,11,3,14,10,3,14,11,10,10,11,1,1,9,1,4,1,5,14,13,10,4,10,1,2,6,4,2,1,7,11,12,1,1,5,7,6,14,14,,,2,1,,,10,7,9,8,10,9,11,3,10,3,11,10,1,1,1,1,5,2,4,1,11,1,7,14,,2,,,"b'\x11\xea\xedk\x0b\x92\xa4d\xbb,WV\x16X\x88\xb9'"
11EAED6B-0B92-A464-BB2C-5756165888B9,2009-wnba-reg-season,wnba_com_game_box,13,13,1,13,12,7,7,9,4,5,3,7,12,12,8,12,4,6,4,5,8,8,7,10,8,9,11,12,2,2,1,12,10,7,2,7,9,11,12,11,5,5,12,13,,,5,4,,,11,8,7,12,7,7,9,5,3,12,12,4,6,5,8,7,2,12,7,7,11,5,12,,5,,,11,9,8,6,12,6,4,12,13,10,12,12,1,1,13,1,2,4,7,12,12,10,9,12,2,6,10,1,1,1,2,13,13,4,2,10,4,4,12,9,,,3,3,,,11,6,6,9,11,9,8,6,6,4,13,10,1,1,1,4,7,6,1,1,13,4,4,12,,3,,,"b'\x11\xea\xedk\x0b\x92\xa4d\xbb,WV\x16X\x88\xb9'"
11EAED6B-0B92-A464-BB2C-5756165888B9,all-wnba-pst-season,wnba_box,10,6,12,3,12,13,13,13,11,13,12,14,13,13,3,17,12,12,14,12,10,13,13,12,13,13,11,14,7,12,4,13,13,13,6,13,14,7,11,14,11,2,13,16,1,1,7,14,14,1,5,13,13,5,13,13,13,10,5,12,16,10,8,8,12,13,6,15,15,14,9,2,16,1,12,14,1,4,6,6,6,7,6,6,4,6,6,18,3,6,7,5,7,15,6,6,8,8,4,11,7,16,6,13,6,4,6,6,6,14,11,1,1,8,13,9,18,14,14,12,4,1,14,5,6,12,3,4,5,5,4,5,6,5,3,11,14,13,4,6,7,4,3,6,1,12,18,14,5,1,14,"b'\x11\xea\xedk\x0b\x92\xa4d\xbb,WV\x16X\x88\xb9'"
11EAED6B-0B92-A464-BB2C-5756165888B9,all-wnba-reg-season,wnba_box,14,7,13,8,13,13,13,13,16,13,13,17,13,13,13,17,13,13,17,13,7,13,13,17,17,17,17,17,2,13,1,13,16,13,2,13,14,7,15,16,13,2,13,14,1,1,7,15,14,1,6,13,14,18,14,14,14,9,4,17,17,7,3,3,14,13,1,16,14,16,17,1,15,1,14,14,1,8,7,7,7,9,7,7,7,7,7,4,5,7,7,6,7,14,7,7,6,7,4,4,5,16,7,16,7,1,7,2,7,14,13,2,2,7,9,7,16,14,14,13,6,1,14,6,7,15,4,5,5,6,5,7,4,6,5,9,8,8,5,6,15,5,4,5,1,5,16,14,3,1,14,"b'\x11\xea\xedk\x0b\x92\xa4d\xbb,WV\x16X\x88\xb9'"
11EAED6F-6EFD-2A02-8258-73755D452F6B,1997-wnba-pst-season,wnba_com_game_box,1,1,1,1,1,1,2,1,2,2,2,2,1,1,1,1,1,1,2,1,1,1,1,1,1,1,1,1,1,1,1,2,1,2,1,2,4,3,2,4,1,2,2,4,,,3,1,,,1,1,3,1,1,2,2,3,4,1,1,1,1,1,2,2,2,2,2,4,2,2,4,,1,,,1,3,4,3,3,4,3,3,2,2,1,2,2,2,1,2,1,3,3,2,2,2,1,2,1,3,1,4,1,3,1,4,3,1,2,4,3,2,2,3,,,1,1,,,1,3,1,1,1,1,2,2,3,3,2,2,1,1,1,2,1,2,2,1,3,2,2,2,,1,,,b'\x11\xea\xedon\xfd*\x02\x82Xsu]E/k'
11EAED6F-6EFD-2A02-8258-73755D452F6B,1997-wnba-reg-season,wnba_com_game_box,1,1,1,1,4,2,6,6,4,7,8,4,1,1,2,1,3,5,2,5,1,6,7,2,1,1,1,1,3,4,2,7,7,8,4,8,8,2,3,7,2,2,7,7,,,3,4,,,1,7,8,4,2,6,6,7,8,1,1,3,5,5,6,7,4,7,8,8,2,2,7,,3,,,1,2,3,2,6,5,2,5,2,1,3,3,3,3,4,3,3,2,2,5,5,3,1,3,5,3,7,1,2,1,4,1,1,3,3,3,1,2,5,8,,,4,3,,,1,2,1,3,1,2,3,2,5,2,2,1,3,3,3,2,2,3,1,1,1,3,1,5,,4,,,b'\x11\xea\xedon\xfd*\x02\x82Xsu]E/k'
11EAED6F-6EFD-2A02-8258-73755D452F6B,1998-wnba-pst-season,wnba_com_game_box,1,1,2,1,2,2,2,2,1,2,2,1,2,1,2,1,2,2,2,1,1,2,2,1,1,1,1,1,2,2,3,2,1,2,1,2,4,3,2,2,2,3,1,1,,,3,1,,,1,2,2,1,1,2,4,2,4,1,1,2,2,1,3,4,4,1,1,4,2,3,1,,1,,,1,3,3,3,2,3,3,2,3,4,1,3,3,3,1,3,1,3,3,2,1,1,1,2,1,3,1,3,3,3,1,3,1,2,4,1,3,2,4,4,,,2,2,,,1,3,1,1,1,1,2,4,2,2,2,3,1,1,1,4,4,2,1,1,1,4,1,3,,2,,,b'\x11\xea\xedon\xfd*\x02\x82Xsu]E/k'
11EAED6F-6EFD-2A02-8258-73755D452F6B,1998-wnba-reg-season,wnba_com_game_box,1,1,1,1,1,1,4,6,2,9,10,2,1,1,2,1,1,2,1,2,1,5,9,2,2,1,1,1,2,9,6,6,9,8,8,9,10,1,1,5,1,1,9,8,,,2,2,,,1,10,10,1,1,4,6,9,10,1,1,1,2,2,5,9,9,6,8,9,1,1,9,,2,,,1,1,2,4,1,2,3,1,4,5,3,9,1,1,8,1,1,2,3,1,1,1,3,8,1,7,9,3,6,6,8,4,5,2,2,3,1,1,6,9,,,2,2,,,1,3,1,1,1,1,2,4,2,3,4,5,1,1,1,2,3,7,3,6,4,2,1,6,,2,,,b'\x11\xea\xedon\xfd*\x02\x82Xsu]E/k'
11EAED6F-6EFD-2A02-8258-73755D452F6B,1999-wnba-pst-season,wnba_com_game_box,1,3,1,1,1,1,2,2,4,2,2,4,2,1,2,3,1,1,1,1,1,1,1,3,1,1,1,2,1,2,4,1,5,1,5,3,4,5,2,4,1,3,1,1,,,5,2,,,1,1,4,1,1,5,6,6,6,2,2,1,1,1,4,4,6,5,5,4,2,3,2,,3,,,1,5,6,6,2,6,6,2,6,6,4,4,5,5,2,5,3,6,6,3,3,3,4,6,3,6,5,6,4,6,5,6,3,1,2,2,5,2,5,3,,,1,1,,,1,6,1,3,1,2,3,4,2,4,4,3,3,3,3,3,3,5,3,3,3,3,2,2,,1,,,b'\x11\xea\xedon\xfd*\x02\x82Xsu]E/k'
11EAED6F-6EFD-2A02-8258-73755D452F6B,1999-wnba-reg-season,wnba_com_game_box,1,1,1,1,5,2,3,5,1,6,11,1,2,2,6,2,5,8,1,8,7,6,8,1,1,1,2,3,6,9,6,5,10,6,3,7,10,2,2,6,4,4,2,2,,,2,3,,,1,7,7,5,2,3,5,6,11,2,2,5,8,8,6,8,9,5,6,7,2,4,2,,2,,,1,2,3,9,1,3,8,1,4,7,2,7,2,2,6,2,2,7,7,1,1,1,5,5,5,11,10,1,6,4,3,2,1,7,6,3,2,2,1,1,,,8,8,,,1,7,1,1,1,2,3,9,3,8,4,7,2,2,2,7,7,11,1,4,2,7,2,1,,8,,,b'\x11\xea\xedon\xfd*\x02\x82Xsu]E/k'
11EAED6F-6EFD-2A02-8258-73755D452F6B,2000-wnba-pst-season,wnba_com_game_box,1,1,2,1,2,2,2,2,5,2,2,6,1,2,2,5,1,1,1,1,4,2,2,5,3,3,3,3,1,2,3,3,4,3,4,4,8,6,3,7,2,3,3,6,,,5,1,,,1,2,3,1,3,3,2,5,1,2,5,1,3,3,2,2,3,4,4,8,3,2,6,,1,,,1,7,6,7,1,6,6,1,8,8,5,8,7,7,7,7,4,7,7,1,3,3,7,8,7,7,4,7,3,7,4,6,6,2,3,3,6,2,6,4,,,1,2,,,1,7,2,3,1,4,1,5,1,3,6,7,5,4,4,6,7,5,5,6,4,2,2,4,,2,,,b'\x11\xea\xedon\xfd*\x02\x82Xsu]E/k'
11EAED6F-6EFD-2A02-8258-73755D452F6B,2000-wnba-reg-season,wnba_com_game_box,1,1,1,1,4,1,1,6,1,5,11,1,3,3,3,3,3,8,1,8,7,5,7,1,1,1,4,3,8,14,12,3,2,4,2,10,16,2,1,3,3,4,7,8,,,1,1,,,1,6,7,4,1,1,6,5,11,3,3,3,8,8,5,7,14,3,4,10,2,3,7,,1,,,1,4,9,13,2,9,14,2,7,10,3,10,1,2,4,2,2,10,9,2,2,1,1,9,3,4,2,3,12,2,2,5,5,11,12,11,4,4,2,2,,,9,9,,,1,10,1,1,1,4,9,13,9,14,7,10,1,2,2,10,9,4,3,2,5,11,4,2,,9,,,b'\x11\xea\xedon\xfd*\x02\x82Xsu]E/k'
11EAED6F-6EFD-2A02-8258-73755D452F6B,2001-wnba-pst-season,wnba_com_game_box,7,2,7,7,7,8,7,7,7,8,8,5,6,5,7,1,8,8,6,8,7,8,8,7,7,7,4,3,6,8,8,6,2,7,6,8,8,1,4,8,8,8,7,4,,,1,1,,,5,8,4,1,5,4,3,6,5,4,1,6,6,7,4,4,7,2,2,8,6,8,3,,2,,,7,1,2,2,3,2,1,5,1,2,1,6,1,1,6,1,5,1,1,3,3,5,4,4,5,1,2,3,8,2,6,2,6,7,7,8,2,7,4,6,,,8,8,,,5,1,8,3,7,6,7,7,7,6,2,7,6,6,6,7,5,6,8,8,6,7,7,6,,8,,,b'\x11\xea\xedon\xfd*\x02\x82Xsu]E/k'
11EAED6F-6EFD-2A02-8258-73755D452F6B,2001-wnba-reg-season,wnba_com_game_box,6,6,1,6,11,12,11,4,12,10,8,13,10,6,12,7,9,11,3,11,12,7,10,13,14,10,8,9,7,5,5,4,2,4,5,14,16,4,3,10,10,9,13,13,,,1,1,,,6,11,11,11,12,11,4,10,8,10,6,9,11,11,7,10,5,4,4,14,4,10,13,,1,,,6,3,4,8,4,4,7,4,12,14,8,15,3,3,5,3,3,8,5,7,2,4,10,15,2,5,2,10,5,10,5,6,6,15,14,10,5,6,7,7,,,14,14,,,6,6,8,3,7,3,4,8,4,7,12,14,3,3,3,8,5,5,10,10,6,15,5,7,,14,,,b'\x11\xea\xedon\xfd*\x02\x82Xsu]E/k'
11EAED6F-6EFD-2A02-8258-73755D452F6B,2002-wnba-pst-season,wnba_com_game_box,5,2,5,5,5,5,5,5,7,5,5,8,6,6,6,7,5,5,2,5,7,5,5,7,8,6,4,7,3,5,3,5,5,5,5,6,8,2,1,4,5,3,3,3,,,4,5,,,3,5,4,1,4,5,1,5,1,6,4,4,5,4,1,1,1,3,2,8,2,3,3,,6,,,4,4,3,4,3,3,4,3,2,2,8,1,4,4,2,4,8,4,4,3,3,2,3,1,8,4,5,4,3,4,5,3,4,5,3,3,2,4,5,8,,,5,7,,,3,4,5,3,4,6,4,7,6,7,1,1,8,8,8,7,7,6,8,8,3,3,4,8,,5,,,b'\x11\xea\xedon\xfd*\x02\x82Xsu]E/k'
11EAED6F-6EFD-2A02-8258-73755D452F6B,2002-wnba-reg-season,wnba_com_game_box,2,2,1,2,11,12,13,14,5,8,10,6,14,14,10,14,8,7,3,9,10,14,15,9,6,6,12,12,6,12,11,5,5,5,8,13,13,7,10,11,7,6,5,4,,,1,1,,,2,15,13,11,12,13,14,8,10,14,14,8,7,9,14,15,12,5,5,13,7,7,5,,1,,,2,1,2,10,1,2,5,1,12,15,2,16,1,1,4,1,1,7,6,1,1,1,11,16,2,8,5,9,11,9,8,3,12,10,10,6,11,15,1,1,,,10,5,,,2,5,9,1,1,1,2,10,2,5,12,15,1,1,1,7,6,8,9,9,3,10,11,1,,10,,,b'\x11\xea\xedon\xfd*\x02\x82Xsu]E/k'
11EAED6F-6EFD-2A02-8258-73755D452F6B,2003-wnba-pst-season,wnba_com_game_box,5,1,5,5,5,7,5,5,8,5,5,5,7,6,7,6,7,7,1,7,6,5,7,8,8,7,5,6,3,4,3,6,2,5,3,7,8,2,2,6,6,3,5,3,,,2,1,,,3,7,6,1,6,4,3,3,2,6,6,4,4,4,3,5,1,4,2,8,3,3,3,,1,,,2,2,2,2,4,2,2,6,3,3,2,7,2,2,1,2,1,2,2,4,2,1,3,4,1,2,2,3,3,3,3,2,1,7,2,1,1,1,3,3,,,7,7,,,3,2,5,1,2,1,1,2,3,2,3,5,1,1,1,2,2,3,7,7,1,4,1,3,,4,,,b'\x11\xea\xedon\xfd*\x02\x82Xsu]E/k'
11EAED6F-6EFD-2A02-8258-73755D452F6B,2003-wnba-reg-season,wnba_com_game_box,3,3,1,3,13,9,9,13,4,5,7,4,13,12,6,11,5,8,3,8,10,12,13,7,7,4,13,12,4,14,13,4,1,10,4,12,13,2,8,10,11,7,5,6,,,1,1,,,2,12,13,13,9,9,13,5,7,13,12,5,8,8,12,13,14,4,10,12,2,11,5,,1,,,2,1,4,7,4,1,5,3,11,11,9,14,1,1,3,1,1,5,1,3,2,3,6,13,1,1,1,6,13,3,4,7,8,14,13,11,3,5,6,5,,,10,3,,,2,2,8,3,2,1,4,7,1,5,11,11,1,1,1,5,1,1,6,3,7,14,3,6,,10,,,b'\x11\xea\xedon\xfd*\x02\x82Xsu]E/k'
11EAED6F-6EFD-2A02-8258-73755D452F6B,2004-wnba-reg-season,wnba_com_game_box,12,12,1,12,7,11,10,9,11,8,8,11,10,10,9,9,6,7,6,8,8,9,10,9,8,9,8,9,5,9,7,5,8,8,8,12,12,6,8,11,11,10,11,12,,,1,1,,,8,11,11,7,11,10,9,8,8,10,10,6,7,8,9,10,9,5,8,12,6,11,11,,1,,,8,3,7,10,6,6,6,4,9,9,6,9,1,1,4,1,1,6,4,5,4,3,6,9,1,9,8,8,7,8,8,11,10,11,11,11,7,6,8,7,,,6,3,,,8,3,11,5,6,3,7,10,6,6,9,9,1,1,1,6,4,9,8,8,11,11,7,8,,6,,,b'\x11\xea\xedon\xfd*\x02\x82Xsu]E/k'
11EAED6F-6EFD-2A02-8258-73755D452F6B,2005-wnba-pst-season,wnba_com_game_box,3,7,3,4,3,3,3,3,1,3,3,1,4,5,5,8,3,3,4,3,3,3,3,3,1,1,8,8,3,4,5,3,3,3,5,3,6,6,7,6,3,3,3,7,,,5,2,,,4,3,4,4,3,2,7,1,3,8,8,3,2,2,7,6,6,3,5,4,7,3,6,,2,,,4,6,6,6,6,6,6,6,6,6,2,6,5,5,8,5,2,6,6,5,4,3,2,3,1,6,3,6,5,6,5,6,4,3,4,4,6,4,5,3,,,3,1,,,4,6,4,3,3,5,7,7,6,6,3,6,3,1,1,6,7,3,3,4,7,3,3,3,,1,,,b'\x11\xea\xedon\xfd*\x02\x82Xsu]E/k'
11EAED6F-6EFD-2A02-8258-73755D452F6B,2005-wnba-reg-season,wnba_com_game_box,6,6,1,6,6,7,5,11,2,1,2,4,13,13,13,13,3,4,5,3,9,8,12,5,4,3,13,13,2,10,10,9,4,10,7,12,13,1,1,3,7,7,10,10,,,1,1,,,6,11,9,6,7,5,11,1,2,13,13,3,4,3,8,12,10,9,10,12,1,7,10,,1,,,6,4,7,5,11,6,6,11,10,10,10,10,1,1,9,1,3,4,3,11,11,10,8,11,1,4,4,3,10,1,7,9,11,8,7,9,1,1,4,2,,,4,1,,,6,5,4,8,5,4,7,5,6,6,10,10,1,1,1,4,3,4,3,1,9,8,1,4,,4,,,b'\x11\xea\xedon\xfd*\x02\x82Xsu]E/k'
11EAED6F-6EFD-2A02-8258-73755D452F6B,2006-wnba-pst-season,wnba_com_game_box,6,1,6,6,6,6,7,8,1,7,8,1,8,8,7,7,6,6,1,6,2,8,8,2,1,1,4,7,2,8,8,8,5,8,8,7,7,1,7,7,8,8,6,4,,,1,1,,,8,8,7,1,4,6,8,4,7,7,7,2,2,2,8,8,8,7,8,7,4,8,3,,1,,,8,3,3,3,8,3,3,8,3,2,8,4,1,1,4,1,1,2,1,8,8,8,2,4,1,1,5,1,8,1,8,3,4,8,8,8,3,8,1,1,,,7,2,,,8,1,2,8,8,8,8,8,8,8,8,4,2,1,1,7,3,4,2,4,8,8,8,1,,5,,,b'\x11\xea\xedon\xfd*\x02\x82Xsu]E/k'
11EAED6F-6EFD-2A02-8258-73755D452F6B,2006-wnba-reg-season,wnba_com_game_box,6,6,1,6,1,10,7,13,5,9,12,6,8,10,3,9,13,9,12,9,7,13,13,4,5,5,10,8,11,13,12,4,7,9,8,7,10,13,14,10,8,9,13,13,,,4,3,,,9,10,10,1,10,7,13,9,12,8,10,13,9,9,13,13,13,4,9,7,13,8,13,,4,,,9,5,7,10,4,9,10,7,2,6,1,7,3,3,2,3,3,9,7,4,3,4,3,3,3,7,7,8,12,7,8,7,6,8,7,5,13,13,1,2,,,3,1,,,9,7,7,5,7,5,7,10,9,10,2,6,3,3,3,9,7,7,8,7,7,8,13,1,,3,,,b'\x11\xea\xedon\xfd*\x02\x82Xsu]E/k'
11EAED6F-6EFD-2A02-8258-73755D452F6B,2007-wnba-reg-season,wnba_com_game_box,10,10,1,10,13,10,9,12,5,5,4,7,13,13,11,13,6,5,9,6,7,12,8,8,9,10,13,13,3,4,2,11,7,9,3,8,6,13,12,9,4,3,8,7,,,6,7,,,11,9,7,13,10,9,12,5,4,13,13,6,5,6,12,8,4,11,9,8,13,4,8,,6,,,11,8,4,3,6,3,2,8,11,10,8,10,9,8,12,8,10,4,4,9,10,10,11,11,10,6,7,2,2,2,3,10,12,6,4,6,12,12,13,13,,,4,3,,,11,5,9,8,10,8,4,3,3,2,11,10,9,8,8,4,4,6,2,2,10,6,12,13,,4,,,b'\x11\xea\xedon\xfd*\x02\x82Xsu]E/k'
11EAED6F-6EFD-2A02-8258-73755D452F6B,2008-wnba-reg-season,wnba_com_game_box,8,8,1,8,3,7,6,7,10,6,6,9,10,8,12,9,5,6,3,6,11,7,6,12,9,10,8,10,6,4,3,7,8,5,3,7,7,12,12,10,4,5,9,10,,,9,9,,,12,5,8,3,7,6,7,6,6,10,8,5,6,6,7,6,4,7,5,7,12,4,9,,9,,,12,11,5,7,5,2,4,5,13,12,14,12,11,11,6,11,12,8,10,8,9,8,13,13,11,6,8,1,3,3,3,8,10,6,5,6,12,13,13,13,,,4,3,,,12,10,11,9,12,11,5,7,2,4,13,12,11,11,11,8,10,6,1,3,8,6,12,13,,4,,,b'\x11\xea\xedon\xfd*\x02\x82Xsu]E/k'
11EAED6F-6EFD-2A02-8258-73755D452F6B,all-wnba-pst-season,wnba_box,11,5,14,2,14,14,14,14,13,14,14,12,14,14,17,12,14,14,6,14,3,14,14,14,11,9,9,15,1,14,9,14,15,14,9,14,18,5,8,17,14,3,14,14,1,1,5,3,14,1,3,14,15,2,15,14,15,14,14,16,13,1,2,2,15,15,10,14,14,17,3,5,13,1,1,14,1,1,5,5,5,2,5,5,3,5,5,2,5,5,5,2,5,2,5,5,1,1,2,2,2,7,5,15,5,9,5,9,5,9,14,3,3,5,9,5,4,14,14,14,2,1,14,3,5,8,2,1,3,4,5,7,8,4,4,3,3,3,5,4,13,5,5,1,9,3,3,14,2,1,14,b'\x11\xea\xedon\xfd*\x02\x82Xsu]E/k'
11EAED6F-6EFD-2A02-8258-73755D452F6B,all-wnba-reg-season,wnba_box,13,5,14,1,14,14,14,14,9,14,14,12,14,14,12,16,14,14,7,14,6,14,14,12,9,12,13,16,1,14,5,14,14,14,6,14,19,6,14,17,14,3,14,18,1,1,6,8,14,1,3,14,16,14,15,15,15,12,11,16,16,5,6,6,15,16,6,14,15,18,6,3,17,1,1,14,1,1,6,6,6,2,6,6,1,6,6,2,6,6,6,5,6,1,6,6,1,1,1,3,6,7,6,14,6,5,6,6,6,6,14,5,4,6,15,6,4,14,14,14,3,1,14,3,6,9,2,1,3,3,6,4,5,5,6,1,1,1,4,4,16,3,3,2,9,10,2,14,4,1,14,b'\x11\xea\xedon\xfd*\x02\x82Xsu]E/k'
11EAED7A-57A9-A0FA-90F3-65C322E99B51,1997-wnba-pst-season,wnba_com_game_box,3,2,3,3,3,3,3,4,3,3,4,3,2,2,2,2,4,4,1,4,2,4,4,3,3,2,2,2,3,4,4,3,4,4,4,3,1,2,3,1,4,3,2,2,,,2,3,,,3,4,1,1,3,3,3,2,3,2,2,3,4,4,4,4,4,3,4,2,3,2,2,,3,,,3,2,1,2,2,1,1,2,4,2,4,4,3,3,4,3,4,2,2,3,3,4,4,4,4,2,4,1,4,2,4,1,2,4,3,2,2,3,1,1,,,4,3,,,3,2,3,4,3,4,3,4,2,1,4,4,4,4,4,4,4,4,3,4,2,2,3,1,,3,,,"b'\x11\xea\xedzW\xa9\xa0\xfa\x90\xf3e\xc3""\xe9\x9bQ'"
11EAED7A-57A9-A0FA-90F3-65C322E99B51,1997-wnba-reg-season,wnba_com_game_box,3,3,1,3,8,7,3,7,3,4,6,2,3,6,3,5,8,8,6,8,7,8,8,3,4,4,6,4,8,7,8,2,1,4,2,1,2,3,5,1,8,8,3,2,,,1,1,,,6,8,7,8,7,3,7,4,6,3,6,8,8,8,8,8,7,2,4,1,3,8,3,,1,,,6,4,4,4,3,2,3,2,7,7,5,8,1,1,2,1,1,3,1,3,2,4,6,8,1,2,1,5,8,3,2,4,6,7,6,5,3,7,1,2,,,8,6,,,6,1,4,4,3,4,4,4,2,3,7,7,1,1,1,3,1,2,5,3,4,7,3,1,,8,,,"b'\x11\xea\xedzW\xa9\xa0\xfa\x90\xf3e\xc3""\xe9\x9bQ'"
11EAED7A-57A9-A0FA-90F3-65C322E99B51,1998-wnba-pst-season,wnba_com_game_box,4,2,4,4,4,4,4,4,3,4,4,2,4,3,4,2,4,4,4,4,4,4,4,3,4,3,4,3,4,4,4,4,3,4,4,4,3,1,1,1,4,1,3,2,,,1,2,,,4,4,1,3,3,1,1,1,2,3,2,4,4,4,1,1,3,4,4,1,1,1,3,,2,,,4,1,1,1,4,1,1,4,1,2,3,4,1,1,3,1,4,1,1,4,4,4,4,4,3,1,3,1,4,1,4,1,2,4,1,2,1,1,2,3,,,4,4,,,4,1,4,4,4,4,4,1,4,1,4,4,4,4,4,1,2,1,4,4,3,1,2,3,,4,,,"b'\x11\xea\xedzW\xa9\xa0\xfa\x90\xf3e\xc3""\xe9\x9bQ'"
11EAED7A-57A9-A0FA-90F3-65C322E99B51,1998-wnba-reg-season,wnba_com_game_box,5,5,1,5,10,5,2,3,3,2,6,3,7,4,8,4,7,6,6,6,5,4,7,4,4,4,9,6,6,7,7,4,3,4,4,4,4,2,2,2,4,4,5,5,,,1,1,,,4,7,4,10,5,2,3,2,6,7,4,7,6,6,4,7,7,4,4,4,2,4,5,,1,,,4,4,7,8,4,7,6,5,7,8,2,7,2,2,6,2,2,6,6,4,2,3,2,7,2,4,3,6,7,7,4,5,4,6,6,4,3,5,7,8,,,7,6,,,4,6,4,4,3,4,7,8,7,6,7,8,2,2,2,6,6,4,6,7,5,6,3,7,,7,,,"b'\x11\xea\xedzW\xa9\xa0\xfa\x90\xf3e\xc3""\xe9\x9bQ'"
11EAED7A-57A9-A0FA-90F3-65C322E99B51,1999-wnba-pst-season,wnba_com_game_box,3,3,3,2,3,4,4,4,2,4,4,3,3,4,3,5,3,3,3,3,2,4,4,2,3,2,3,4,2,4,1,4,3,4,1,4,3,3,1,1,3,4,4,6,,,3,3,,,2,4,6,1,3,2,4,2,3,3,5,2,2,2,5,5,4,4,4,3,1,4,6,,2,,,2,3,4,3,6,4,3,6,3,3,5,6,3,3,1,3,2,3,3,6,6,5,3,5,2,4,3,3,1,3,1,4,4,4,5,6,3,1,3,2,,,3,2,,,2,3,2,5,2,3,5,2,5,2,5,5,2,2,2,1,1,2,1,1,5,5,1,3,,2,,,"b'\x11\xea\xedzW\xa9\xa0\xfa\x90\xf3e\xc3""\xe9\x9bQ'"
11EAED7A-57A9-A0FA-90F3-65C322E99B51,1999-wnba-reg-season,wnba_com_game_box,6,6,1,6,5,9,5,10,2,4,8,2,8,7,10,7,9,9,3,9,10,11,12,3,4,3,11,8,9,12,9,4,4,9,6,2,1,5,8,1,7,5,7,7,,,1,2,,,7,12,11,5,9,5,10,4,8,8,7,9,9,9,11,12,12,4,9,2,5,7,7,,1,,,7,4,7,7,7,10,6,7,8,6,7,8,1,1,5,1,1,5,4,7,3,6,1,7,1,7,4,2,9,2,6,5,4,11,11,10,3,5,5,4,,,10,9,,,7,4,6,8,5,4,7,7,10,6,8,6,1,1,1,5,4,7,2,2,5,11,3,5,,10,,,"b'\x11\xea\xedzW\xa9\xa0\xfa\x90\xf3e\xc3""\xe9\x9bQ'"
11EAED7A-57A9-A0FA-90F3-65C322E99B51,2000-wnba-reg-season,wnba_com_game_box,15,15,1,15,2,9,7,3,12,7,3,13,9,11,5,12,10,11,8,10,15,6,5,12,13,13,11,8,11,8,9,9,13,10,12,3,2,7,7,4,15,15,12,14,,,15,14,,,15,5,6,2,9,7,3,7,3,9,11,10,11,10,6,5,8,9,10,3,7,15,12,,15,,,15,16,15,12,15,15,12,16,10,12,7,8,15,14,10,14,13,14,12,15,15,16,9,6,9,13,13,13,9,14,12,16,15,16,16,16,8,7,12,12,,,15,15,,,15,12,13,16,15,16,15,12,15,12,10,12,15,14,14,14,12,13,13,14,16,16,8,12,,15,,,"b'\x11\xea\xedzW\xa9\xa0\xfa\x90\xf3e\xc3""\xe9\x9bQ'"
11EAED7A-57A9-A0FA-90F3-65C322E99B51,2001-wnba-pst-season,wnba_com_game_box,2,8,1,3,1,2,2,2,4,2,2,6,1,2,2,3,3,3,4,3,8,2,2,2,5,5,3,2,7,2,5,2,6,2,4,2,4,8,8,5,1,3,2,5,,,8,6,,,8,2,5,1,6,7,7,7,7,2,4,7,8,8,8,6,8,7,8,5,6,6,6,,6,,,5,8,8,7,6,8,8,7,6,7,3,2,8,8,7,8,4,8,8,5,6,6,2,3,4,8,6,8,5,8,4,8,8,1,4,7,8,8,7,7,,,1,6,,,8,7,6,6,5,4,3,3,4,3,1,2,5,3,4,3,3,3,2,2,7,5,8,7,,7,,,"b'\x11\xea\xedzW\xa9\xa0\xfa\x90\xf3e\xc3""\xe9\x9bQ'"
11EAED7A-57A9-A0FA-90F3-65C322E99B51,2001-wnba-reg-season,wnba_com_game_box,8,8,1,8,6,11,12,15,6,12,15,6,8,7,4,5,12,12,2,12,8,15,13,4,5,6,5,4,9,7,3,13,16,10,6,8,8,7,13,9,14,14,11,11,,,8,11,,,7,14,14,6,11,12,15,12,15,8,7,12,12,12,15,13,7,13,10,8,7,14,11,,8,,,7,4,3,7,6,7,9,5,1,4,4,4,9,6,14,6,6,6,5,2,5,5,5,3,12,15,16,1,3,2,6,5,4,14,11,7,7,11,8,11,,,13,8,,,7,3,4,7,6,4,3,7,7,9,1,4,9,6,6,6,5,15,1,2,5,14,7,8,,13,,,"b'\x11\xea\xedzW\xa9\xa0\xfa\x90\xf3e\xc3""\xe9\x9bQ'"
11EAED7A-57A9-A0FA-90F3-65C322E99B51,2002-wnba-pst-season,wnba_com_game_box,7,2,7,7,7,7,7,7,6,7,7,5,7,7,7,1,8,8,8,8,8,7,8,6,7,7,7,1,8,7,2,7,4,7,3,7,7,1,5,5,7,4,7,6,,,1,4,,,5,8,5,3,7,7,4,7,6,2,1,8,8,8,4,5,3,4,4,6,5,4,6,,2,,,7,1,1,1,4,1,1,5,3,3,2,5,2,2,6,2,3,1,1,4,4,4,4,4,5,2,4,1,2,1,3,1,8,8,6,6,1,7,2,3,,,8,8,,,5,1,7,4,7,2,2,3,3,3,5,4,5,3,3,3,3,4,5,4,6,6,6,2,,8,,,"b'\x11\xea\xedzW\xa9\xa0\xfa\x90\xf3e\xc3""\xe9\x9bQ'"
11EAED7A-57A9-A0FA-90F3-65C322E99B51,2002-wnba-reg-season,wnba_com_game_box,4,4,1,4,8,4,11,13,4,15,16,8,1,2,1,2,4,2,10,2,1,11,14,2,1,1,1,1,5,10,6,7,6,9,5,5,3,1,1,1,10,8,9,10,,,12,16,,,3,14,14,8,4,11,13,15,16,1,2,4,2,2,11,14,10,7,9,5,1,10,9,,12,,,3,7,5,3,9,7,7,9,5,3,12,4,7,6,8,6,9,5,2,10,11,14,6,5,9,4,6,2,6,1,5,6,11,15,13,15,1,1,4,8,,,12,7,,,3,2,1,13,3,7,5,3,7,7,5,3,7,6,6,5,2,4,2,1,6,15,1,4,,12,,,"b'\x11\xea\xedzW\xa9\xa0\xfa\x90\xf3e\xc3""\xe9\x9bQ'"
11EAED7A-57A9-A0FA-90F3-65C322E99B51,2003-wnba-pst-season,wnba_com_game_box,8,1,8,8,8,8,8,8,5,8,8,8,5,8,1,1,8,8,2,8,4,8,8,3,3,3,1,1,5,8,1,8,7,8,6,8,4,1,3,4,8,4,8,4,,,1,8,,,5,8,8,1,7,8,7,8,8,1,1,7,7,7,7,7,3,8,8,5,2,7,5,,6,,,6,1,1,1,8,1,1,8,1,1,5,1,1,1,3,1,8,1,1,8,8,8,2,2,5,1,7,1,1,1,6,1,4,8,8,8,2,5,1,2,,,8,4,,,5,1,2,8,8,3,6,1,7,1,1,1,4,5,5,1,1,1,3,1,5,8,3,2,,6,,,"b'\x11\xea\xedzW\xa9\xa0\xfa\x90\xf3e\xc3""\xe9\x9bQ'"
11EAED7A-57A9-A0FA-90F3-65C322E99B51,2003-wnba-reg-season,wnba_com_game_box,5,5,1,5,10,13,14,14,6,14,14,9,2,5,2,2,7,9,5,9,2,14,14,6,5,8,2,2,6,8,3,14,14,13,11,11,6,11,12,11,4,4,9,9,,,13,14,,,7,14,14,10,13,14,14,14,14,2,5,7,9,9,14,14,8,14,13,11,11,4,9,,13,,,7,2,1,2,8,2,3,7,3,3,8,3,9,10,1,10,14,4,3,8,7,4,8,5,13,12,14,1,3,5,11,2,7,8,6,5,9,12,3,6,,,12,9,,,7,1,5,12,7,2,1,2,2,3,3,3,9,10,10,4,3,12,1,5,2,8,9,3,,12,,,"b'\x11\xea\xedzW\xa9\xa0\xfa\x90\xf3e\xc3""\xe9\x9bQ'"
11EAED7A-57A9-A0FA-90F3-65C322E99B51,2004-wnba-reg-season,wnba_com_game_box,10,10,1,10,2,13,13,13,4,13,13,5,5,6,5,4,11,11,7,10,2,13,13,4,4,4,4,4,7,13,11,13,13,13,13,13,11,3,12,12,12,12,5,6,,,7,12,,,12,13,13,2,13,13,13,13,13,5,6,11,11,10,13,13,13,13,13,13,3,12,5,,7,,,12,1,2,4,5,5,7,2,3,3,11,2,5,4,11,4,5,4,1,4,5,7,5,5,7,12,13,1,11,4,13,7,9,13,12,13,5,10,3,9,,,12,5,,,12,1,6,11,10,1,2,4,5,7,3,3,5,4,4,4,1,12,1,4,7,13,5,3,,12,,,"b'\x11\xea\xedzW\xa9\xa0\xfa\x90\xf3e\xc3""\xe9\x9bQ'"
11EAED7A-57A9-A0FA-90F3-65C322E99B51,2005-wnba-reg-season,wnba_com_game_box,13,13,1,13,4,13,12,10,11,7,7,12,11,11,4,11,11,9,10,8,11,11,8,12,12,12,10,11,6,8,6,13,13,13,13,9,3,9,10,11,3,3,7,8,,,11,12,,,12,9,10,4,13,12,10,7,7,11,11,11,9,8,11,8,8,13,13,9,9,3,7,,11,,,12,9,8,4,13,8,7,12,5,2,13,2,10,11,1,10,11,5,6,12,12,11,7,2,9,13,13,5,6,10,13,7,4,4,3,4,9,10,11,10,,,9,8,,,12,3,12,12,13,9,8,4,8,7,5,2,10,11,10,5,6,13,5,10,7,4,9,11,,9,,,"b'\x11\xea\xedzW\xa9\xa0\xfa\x90\xf3e\xc3""\xe9\x9bQ'"
11EAED7A-57A9-A0FA-90F3-65C322E99B51,2006-wnba-reg-season,wnba_com_game_box,11,11,1,11,9,11,12,9,13,13,11,14,5,5,11,6,3,1,13,1,1,4,2,13,13,13,3,4,1,6,11,11,12,11,12,8,4,14,11,13,3,3,1,1,,,12,12,,,11,2,2,9,11,12,9,13,11,5,5,3,1,1,4,2,6,11,11,8,14,3,1,,12,,,11,7,6,5,6,6,7,6,3,4,8,2,12,12,8,12,12,7,13,5,8,7,9,2,13,10,12,13,11,13,12,6,7,2,3,3,11,9,9,12,,,2,6,,,11,13,13,7,11,7,6,5,6,7,3,4,12,12,12,7,13,10,13,13,6,2,11,9,,2,,,"b'\x11\xea\xedzW\xa9\xa0\xfa\x90\xf3e\xc3""\xe9\x9bQ'"
11EAED7A-57A9-A0FA-90F3-65C322E99B51,all-wnba-pst-season,wnba_box,15,4,15,17,15,15,15,15,15,15,15,13,15,15,12,10,16,16,16,15,18,15,15,15,16,16,14,9,17,15,7,15,17,15,13,15,6,4,15,13,15,4,15,12,1,1,4,18,14,1,16,15,17,13,17,16,17,16,16,15,15,18,18,18,17,17,12,17,17,16,2,11,15,1,7,14,1,16,4,4,4,17,4,4,17,4,4,1,8,4,4,4,4,14,4,4,13,12,11,4,1,11,4,17,4,7,4,13,4,17,15,8,15,4,17,4,16,14,14,15,7,1,14,16,4,16,14,16,4,3,2,6,2,3,5,4,4,5,2,2,11,1,2,11,17,13,10,14,18,1,14,"b'\x11\xea\xedzW\xa9\xa0\xfa\x90\xf3e\xc3""\xe9\x9bQ'"
11EAED7A-57A9-A0FA-90F3-65C322E99B51,all-wnba-reg-season,wnba_box,15,6,15,16,15,15,15,15,14,15,15,16,15,15,6,15,15,15,16,15,5,15,15,15,15,15,12,14,6,15,4,15,19,15,17,15,3,5,17,14,15,5,15,12,1,1,5,17,14,1,14,15,18,9,17,17,17,16,18,15,15,16,13,12,17,17,10,18,18,15,10,10,11,1,15,14,1,14,5,5,5,7,5,5,5,5,5,5,1,5,5,3,5,12,5,5,4,3,5,1,1,17,5,19,5,4,5,17,5,10,15,6,6,5,17,5,9,14,14,15,5,1,14,14,5,16,6,12,4,4,3,6,7,2,2,5,11,11,3,3,19,2,5,4,15,14,4,14,12,1,14,"b'\x11\xea\xedzW\xa9\xa0\xfa\x90\xf3e\xc3""\xe9\x9bQ'"
11EAED84-96E8-158A-80BF-F5DA5CE9714E,1997-wnba-reg-season,wnba_com_game_box,3,3,1,3,2,3,2,8,2,2,2,3,8,8,1,8,2,2,4,2,4,7,6,4,2,3,7,8,2,8,7,3,4,6,3,4,5,6,7,5,4,4,5,5,,,2,2,,,5,6,6,2,3,2,8,2,2,8,8,2,2,2,7,6,8,3,6,4,6,4,5,,2,,,5,5,5,5,4,4,4,4,8,6,7,7,2,2,3,2,2,5,3,6,6,6,7,7,2,4,4,2,7,2,3,6,8,5,4,6,8,8,4,4,,,1,1,,,5,3,3,6,6,5,5,5,4,4,8,6,2,2,2,5,3,4,2,2,6,5,8,4,,1,,,b'\x11\xea\xed\x84\x96\xe8\x15\x8a\x80\xbf\xf5\xda\\\xe9qN'
11EAED84-96E8-158A-80BF-F5DA5CE9714E,1998-wnba-pst-season,wnba_com_game_box,3,2,3,3,3,3,3,3,4,3,3,4,3,4,3,4,3,3,1,3,2,3,3,4,3,4,3,4,1,3,1,3,4,3,3,3,1,2,4,4,3,2,3,4,,,2,4,,,3,3,3,3,4,4,2,3,1,4,4,1,1,2,2,2,1,3,2,2,4,2,4,,4,,,3,2,2,2,3,2,2,3,2,1,4,1,2,2,4,2,2,2,2,3,3,3,3,3,2,2,4,2,1,2,3,2,4,3,2,4,2,3,1,1,,,3,1,,,3,2,3,3,3,3,3,2,3,2,3,1,2,2,2,2,1,3,3,3,4,2,3,1,,1,,,b'\x11\xea\xed\x84\x96\xe8\x15\x8a\x80\xbf\xf5\xda\\\xe9qN'
11EAED84-96E8-158A-80BF-F5DA5CE9714E,1998-wnba-reg-season,wnba_com_game_box,2,2,1,2,1,3,1,10,1,1,8,1,6,9,1,7,3,4,2,5,4,10,10,1,1,2,4,7,3,10,10,5,8,10,9,1,1,7,9,3,5,6,4,4,,,4,3,,,5,6,6,1,3,1,10,1,8,6,9,3,4,5,10,10,10,5,10,1,7,5,4,,4,,,5,7,6,5,7,4,4,6,9,9,8,10,4,5,1,5,5,5,7,8,6,5,7,10,3,8,8,1,10,2,9,8,10,3,4,5,9,9,4,5,,,4,3,,,5,7,2,6,4,7,6,5,4,4,9,9,4,5,5,5,7,8,1,2,8,3,9,4,,4,,,b'\x11\xea\xed\x84\x96\xe8\x15\x8a\x80\xbf\xf5\xda\\\xe9qN'
11EAED84-96E8-158A-80BF-F5DA5CE9714E,1999-wnba-reg-season,wnba_com_game_box,12,12,1,12,11,12,12,11,9,7,5,8,12,12,12,11,11,10,8,11,12,12,10,10,11,12,12,12,10,11,10,7,7,10,8,9,7,10,11,10,10,9,6,6,,,4,4,,,12,9,5,11,12,12,11,7,5,12,12,11,10,11,12,10,11,7,10,9,10,10,6,,4,,,12,5,5,3,9,5,4,11,6,5,5,6,4,5,1,5,6,3,3,9,7,10,6,6,4,6,7,6,10,5,8,9,9,10,8,9,11,12,6,6,,,11,11,,,12,3,12,10,12,5,5,3,5,4,6,5,4,5,5,3,3,6,6,5,9,10,11,6,,11,,,b'\x11\xea\xed\x84\x96\xe8\x15\x8a\x80\xbf\xf5\xda\\\xe9qN'
11EAED84-96E8-158A-80BF-F5DA5CE9714E,2000-wnba-pst-season,wnba_com_game_box,3,7,2,3,3,3,3,3,7,3,3,5,4,1,8,4,3,3,6,3,6,3,3,7,7,7,5,5,6,1,2,2,1,1,2,2,1,7,6,4,3,2,3,7,,,7,3,,,2,3,8,3,7,7,5,6,6,6,4,6,6,6,5,5,2,2,2,3,5,3,6,,2,,,2,6,7,6,3,7,7,3,5,6,2,3,5,5,2,5,1,6,6,3,1,1,1,1,1,6,1,6,2,6,2,7,7,3,2,4,7,6,8,8,,,3,3,,,2,6,6,1,2,1,3,1,4,4,1,2,1,1,1,1,1,1,3,1,5,4,5,8,,3,,,b'\x11\xea\xed\x84\x96\xe8\x15\x8a\x80\xbf\xf5\xda\\\xe9qN'
11EAED84-96E8-158A-80BF-F5DA5CE9714E,2000-wnba-reg-season,wnba_com_game_box,6,6,1,6,14,14,12,14,5,10,13,6,9,10,7,7,13,14,9,15,12,15,13,5,7,10,10,7,12,5,4,15,4,12,4,4,3,13,14,8,9,6,13,11,,,6,9,,,6,14,13,14,14,12,14,10,13,9,10,13,14,15,15,13,5,15,12,4,13,9,13,,6,,,6,2,3,3,11,4,3,11,2,3,5,5,6,5,16,5,7,2,2,8,8,7,6,3,7,1,4,1,4,1,4,14,16,5,1,10,15,15,5,5,,,6,4,,,6,2,7,6,6,2,3,3,4,3,2,3,6,5,5,2,2,1,1,1,14,5,15,5,,6,,,b'\x11\xea\xed\x84\x96\xe8\x15\x8a\x80\xbf\xf5\xda\\\xe9qN'
11EAED84-96E8-158A-80BF-F5DA5CE9714E,2001-wnba-pst-season,wnba_com_game_box,5,2,5,5,5,5,5,5,2,5,5,3,6,7,6,7,7,7,1,7,5,5,6,4,3,3,8,7,4,5,1,7,8,6,2,5,1,3,3,3,5,1,6,3,,,4,7,,,4,6,8,1,4,3,5,3,4,7,7,5,5,5,5,7,1,8,7,2,2,1,4,,7,,,4,3,3,3,5,3,3,4,4,4,7,7,1,2,4,2,2,3,3,8,5,4,6,8,1,3,8,2,1,3,2,3,5,5,3,3,3,3,3,3,,,6,4,,,4,3,2,5,4,2,2,2,2,2,7,5,1,1,1,2,1,4,1,1,3,4,1,2,,5,,,b'\x11\xea\xed\x84\x96\xe8\x15\x8a\x80\xbf\xf5\xda\\\xe9qN'
11EAED84-96E8-158A-80BF-F5DA5CE9714E,2001-wnba-reg-season,wnba_com_game_box,2,2,1,2,15,13,8,16,4,7,9,3,13,13,13,13,13,13,10,14,14,16,16,6,7,7,14,13,12,12,6,8,4,9,4,6,4,5,7,3,7,3,14,14,,,2,4,,,2,16,16,15,13,8,16,7,9,13,13,13,13,14,16,16,12,8,9,6,5,7,14,,2,,,2,1,1,2,1,1,1,1,8,11,5,14,1,1,8,1,2,1,1,1,1,1,9,14,4,4,4,2,6,1,4,3,11,5,4,2,2,4,9,9,,,9,3,,,2,1,7,1,2,1,1,2,1,1,8,11,1,1,1,1,1,4,2,1,3,5,2,9,,9,,,b'\x11\xea\xed\x84\x96\xe8\x15\x8a\x80\xbf\xf5\xda\\\xe9qN'
11EAED84-96E8-158A-80BF-F5DA5CE9714E,2002-wnba-reg-season,wnba_com_game_box,13,13,1,13,3,14,13,12,10,11,11,9,11,12,12,10,9,12,2,12,11,13,13,12,9,9,10,10,8,14,10,6,2,7,4,8,8,5,8,8,14,11,16,16,,,3,5,,,11,12,15,3,14,13,12,11,11,11,12,9,12,12,13,13,14,6,7,8,5,14,16,,3,,,11,8,8,6,13,8,4,14,9,10,9,12,3,3,13,3,4,4,1,14,12,15,5,12,3,1,2,3,10,1,4,15,16,16,12,16,7,10,7,7,,,9,4,,,11,3,10,15,12,8,8,6,8,4,9,10,3,3,3,4,1,1,3,1,15,16,7,7,,9,,,b'\x11\xea\xed\x84\x96\xe8\x15\x8a\x80\xbf\xf5\xda\\\xe9qN'
11EAED84-96E8-158A-80BF-F5DA5CE9714E,2003-wnba-pst-season,wnba_com_game_box,5,1,5,5,5,6,7,7,7,6,6,6,7,7,5,8,4,4,7,4,1,6,6,7,5,5,3,7,1,7,8,5,3,6,7,6,6,4,6,7,6,5,5,5,,,4,7,,,5,6,1,1,5,7,6,6,4,6,8,1,1,1,4,4,7,1,3,5,5,3,3,,8,,,5,3,3,4,1,3,4,2,4,3,6,3,4,4,5,4,7,4,4,1,1,2,6,5,8,4,3,4,8,4,7,3,6,6,4,2,3,6,5,8,,,5,1,,,5,4,7,2,3,7,5,8,5,8,6,5,8,8,8,8,8,6,8,8,5,2,6,8,,1,,,b'\x11\xea\xed\x84\x96\xe8\x15\x8a\x80\xbf\xf5\xda\\\xe9qN'
11EAED84-96E8-158A-80BF-F5DA5CE9714E,2003-wnba-reg-season,wnba_com_game_box,9,9,1,9,11,11,11,11,9,11,9,10,10,10,11,10,6,5,10,4,6,9,10,10,10,10,9,10,5,6,4,7,3,8,3,10,7,4,7,8,12,10,14,14,,,5,10,,,6,11,11,11,11,11,11,11,9,10,10,6,5,4,9,10,6,7,8,10,4,12,14,,5,,,6,3,2,4,10,6,8,5,1,1,11,1,6,6,12,6,4,2,2,9,9,8,3,1,10,2,3,7,4,4,3,6,9,9,5,7,1,2,10,13,,,6,2,,,6,3,10,6,9,3,2,4,6,8,1,1,6,6,6,2,2,2,7,4,6,9,1,10,,6,,,b'\x11\xea\xed\x84\x96\xe8\x15\x8a\x80\xbf\xf5\xda\\\xe9qN'
11EAED84-96E8-158A-80BF-F5DA5CE9714E,all-wnba-pst-season,wnba_box,15,3,16,13,16,16,16,16,16,16,16,15,16,16,18,15,15,15,12,16,8,16,16,17,17,17,17,18,3,16,1,16,11,16,1,16,2,3,16,12,16,1,16,17,1,1,3,17,14,1,8,16,16,13,16,17,16,15,13,18,17,14,14,14,16,16,2,16,12,12,12,1,17,1,9,14,1,8,3,3,3,3,3,3,1,3,3,6,1,3,3,3,3,1,3,3,2,2,1,3,4,5,3,11,3,1,3,1,3,16,16,2,6,3,16,3,11,14,14,16,3,1,14,8,3,15,1,3,2,1,3,1,4,2,1,2,1,1,3,3,3,2,1,4,7,17,8,14,7,1,14,b'\x11\xea\xed\x84\x96\xe8\x15\x8a\x80\xbf\xf5\xda\\\xe9qN'
11EAED84-96E8-158A-80BF-F5DA5CE9714E,all-wnba-reg-season,wnba_box,16,4,16,12,16,16,16,16,7,16,16,13,16,16,16,19,16,16,15,16,13,16,16,13,13,16,18,19,5,16,3,16,15,16,5,16,2,4,19,15,16,4,16,19,1,1,4,16,14,1,7,16,17,19,18,16,19,13,13,18,18,17,16,16,18,18,13,15,16,14,18,8,18,1,8,14,1,7,4,4,4,4,4,4,4,4,4,3,4,4,4,2,4,7,4,4,3,2,3,2,3,13,4,15,4,3,4,5,4,18,16,3,5,4,19,4,6,14,14,16,2,1,14,7,4,17,3,8,2,2,2,3,3,3,3,2,2,2,2,2,11,1,1,6,5,18,5,14,5,1,14,b'\x11\xea\xed\x84\x96\xe8\x15\x8a\x80\xbf\xf5\xda\\\xe9qN'
11EAED87-10F1-1B9A-80FA-4F6805375EB9,2000-wnba-reg-season,wnba_com_game_box,13,13,1,13,1,11,14,10,14,12,12,14,4,5,9,4,6,3,12,3,1,7,3,14,14,14,3,4,5,7,7,10,7,9,9,11,7,16,16,14,6,8,9,10,,,16,15,,,13,3,5,1,11,14,10,12,12,4,5,6,3,3,7,3,7,10,9,11,16,6,9,,16,,,13,13,8,7,6,5,5,7,14,15,9,15,16,16,12,16,15,12,14,7,11,10,15,12,16,8,7,9,7,7,9,7,9,3,6,4,12,11,14,15,,,1,3,,,13,14,14,9,13,13,8,7,5,5,14,15,16,16,16,12,14,8,9,7,7,3,12,14,,1,,,b'\x11\xea\xed\x87\x10\xf1\x1b\x9a\x80\xfaOh\x057^\xb9'
11EAED87-10F1-1B9A-80FA-4F6805375EB9,2001-wnba-reg-season,wnba_com_game_box,12,12,1,12,3,8,14,8,13,14,14,14,3,3,7,3,5,4,11,4,2,4,5,11,11,13,2,2,5,10,15,6,12,6,15,11,10,11,8,13,11,12,12,12,,,14,9,,,13,4,6,3,8,14,8,14,14,3,3,5,4,4,4,5,10,6,6,11,11,11,12,,14,,,13,13,11,12,10,9,13,3,15,10,16,7,13,15,1,15,13,14,15,10,10,9,14,13,10,14,12,16,15,16,15,11,9,9,13,11,15,15,15,16,,,3,4,,,13,14,13,11,12,13,11,12,9,13,15,10,13,15,15,14,15,14,16,16,11,9,15,15,,3,,,b'\x11\xea\xed\x87\x10\xf1\x1b\x9a\x80\xfaOh\x057^\xb9'
11EAED87-10F1-1B9A-80FA-4F6805375EB9,2002-wnba-reg-season,wnba_com_game_box,7,7,1,7,13,7,3,4,6,3,5,5,10,10,11,11,11,11,12,11,14,6,6,8,11,11,15,11,14,9,12,10,14,12,11,7,12,11,9,10,11,13,6,7,,,6,6,,,12,5,4,13,7,3,4,3,5,10,10,11,11,11,6,6,9,10,12,7,11,11,6,,6,,,12,10,13,11,14,14,14,11,3,2,13,2,8,12,2,11,10,12,11,11,10,7,2,3,8,13,14,12,12,14,11,6,5,4,4,5,13,13,13,14,,,8,11,,,12,12,12,8,11,10,13,11,14,14,3,2,8,12,11,12,11,13,12,14,6,4,13,13,,8,,,b'\x11\xea\xed\x87\x10\xf1\x1b\x9a\x80\xfaOh\x057^\xb9'
11EAED87-10F1-1B9A-80FA-4F6805375EB9,all-wnba-reg-season,wnba_box,18,3,17,19,18,17,17,17,17,18,18,18,17,17,14,14,17,17,18,17,3,17,17,18,18,18,8,12,3,18,7,17,18,17,19,17,12,3,18,19,18,7,18,17,1,1,3,18,14,1,13,17,15,2,16,18,16,18,17,14,14,15,7,7,16,15,7,17,17,17,19,9,16,1,19,14,1,19,3,3,3,6,3,3,2,3,2,19,2,3,3,1,3,18,3,3,5,5,6,12,4,18,3,18,3,7,3,19,3,7,18,4,3,3,18,3,18,14,14,17,1,1,14,13,3,18,5,19,6,5,4,5,6,4,4,17,19,19,6,5,18,6,6,3,3,19,19,14,1,1,14,b'\x11\xea\xed\x87\x10\xf1\x1b\x9a\x80\xfaOh\x057^\xb9'
11EAED87-10F5-E8AA-80FA-4F6805375EB9,2000-wnba-reg-season,wnba_com_game_box,12,12,1,12,2,15,16,15,16,15,7,16,15,14,15,14,7,5,15,5,6,12,10,16,16,16,9,14,2,2,3,13,5,6,6,15,6,12,13,15,4,2,14,12,,,14,16,,,14,14,16,2,15,16,15,15,7,15,14,7,5,5,12,10,2,13,6,15,12,4,14,,14,,,14,1,1,1,7,2,2,3,3,1,15,1,8,8,3,8,11,1,1,6,7,6,13,8,12,2,5,9,3,5,6,1,3,8,2,1,5,6,11,11,,,7,5,,,14,1,15,3,14,1,1,1,2,2,3,1,8,8,8,1,1,2,9,5,1,8,5,11,,7,,,b'\x11\xea\xed\x87\x10\xf5\xe8\xaa\x80\xfaOh\x057^\xb9'
11EAED87-10F5-E8AA-80FA-4F6805375EB9,2001-wnba-pst-season,wnba_com_game_box,5,2,5,5,5,6,6,6,8,6,6,7,5,6,4,6,6,5,8,5,2,5,5,8,8,8,2,5,3,6,4,5,7,5,7,6,6,4,6,6,6,6,8,8,,,3,4,,,6,5,6,1,8,8,8,8,8,6,6,4,3,3,5,5,3,6,6,7,5,7,8,,3,,,6,4,4,4,7,4,4,6,3,3,4,3,3,3,1,3,3,4,4,6,4,3,1,5,3,4,7,4,4,4,7,4,4,6,5,6,4,5,1,1,,,5,1,,,6,4,7,7,6,3,4,4,5,4,2,4,2,3,3,4,4,7,5,5,5,6,3,1,,3,,,b'\x11\xea\xed\x87\x10\xf5\xe8\xaa\x80\xfaOh\x057^\xb9'
11EAED87-10F5-E8AA-80FA-4F6805375EB9,2001-wnba-reg-season,wnba_com_game_box,4,4,1,4,1,14,10,11,8,6,5,8,15,15,14,14,14,16,6,16,16,14,15,10,12,8,16,15,14,14,11,11,8,13,11,8,9,3,5,5,2,2,3,1,,,5,12,,,5,15,15,1,14,10,11,6,5,15,15,14,16,16,14,15,14,11,13,8,3,2,3,,5,,,5,2,2,1,5,2,2,7,3,7,3,11,8,11,3,11,15,2,2,3,4,2,11,8,14,6,8,8,11,5,11,1,2,3,3,1,8,13,2,2,,,16,13,,,5,2,11,2,4,2,2,1,2,2,3,7,8,11,11,2,2,6,8,5,1,3,8,2,,16,,,b'\x11\xea\xed\x87\x10\xf5\xe8\xaa\x80\xfaOh\x057^\xb9'
11EAED87-10F5-E8AA-80FA-4F6805375EB9,2002-wnba-reg-season,wnba_com_game_box,11,11,1,11,6,15,9,10,11,9,7,11,9,10,9,9,15,15,15,15,13,10,12,11,14,12,14,9,15,13,13,16,9,15,14,11,10,2,2,4,3,2,13,13,,,11,14,,,10,11,12,6,15,9,10,9,7,9,10,15,15,15,10,12,13,16,15,11,2,3,13,,11,,,10,3,3,1,12,4,2,12,4,5,8,7,10,10,14,9,13,1,4,12,15,8,10,4,15,2,9,15,13,8,14,3,6,3,1,1,2,3,5,4,,,14,10,,,10,6,11,6,10,3,3,1,4,2,4,5,10,10,9,1,4,2,15,8,3,3,2,5,,14,,,b'\x11\xea\xed\x87\x10\xf5\xe8\xaa\x80\xfaOh\x057^\xb9'
11EAED87-10F5-E8AA-80FA-4F6805375EB9,all-wnba-pst-season,wnba_box,17,1,17,16,17,17,17,17,18,17,17,18,18,18,14,14,17,17,18,17,2,17,17,18,18,18,8,11,2,17,3,17,18,17,17,18,10,2,17,18,17,12,17,18,1,1,2,15,14,1,10,17,18,13,18,18,18,17,17,17,18,16,5,4,18,18,5,18,16,18,4,18,18,1,4,14,1,17,2,2,2,8,2,2,8,1,1,3,2,2,2,1,2,6,2,2,6,3,3,1,3,2,2,18,2,3,2,17,1,15,17,9,12,1,14,1,1,14,14,17,1,1,14,10,2,18,9,17,1,2,1,2,3,1,1,1,2,2,1,1,18,3,8,3,18,1,1,14,10,1,14,b'\x11\xea\xed\x87\x10\xf5\xe8\xaa\x80\xfaOh\x057^\xb9'
11EAED87-10F5-E8AA-80FA-4F6805375EB9,all-wnba-reg-season,wnba_box,17,2,17,10,17,18,18,18,19,17,17,19,19,19,19,18,18,18,19,18,18,18,18,19,19,19,19,18,8,17,2,18,17,18,16,18,10,2,16,18,17,1,17,5,1,1,2,19,14,1,11,18,19,1,19,19,18,17,12,19,19,19,19,19,19,19,5,19,19,19,1,2,12,1,18,14,1,15,2,2,2,3,2,2,3,1,1,8,3,2,2,4,2,17,2,2,2,4,2,6,2,19,2,17,2,2,2,16,2,1,17,1,1,2,16,2,1,14,14,18,4,1,14,11,2,19,1,17,1,1,1,2,2,1,1,4,9,9,1,1,2,4,2,1,2,3,1,14,14,1,14,b'\x11\xea\xed\x87\x10\xf5\xe8\xaa\x80\xfaOh\x057^\xb9'
11EE7C27-9BEE-6F86-B9AB-12DF17AE4E1E,2025-ncaa-d2-conf-PacWest,genius_ncaa,8,7,9,8,13,12,11,12,8,7,7,10,14,14,9,14,8,8,7,8,10,12,11,9,9,12,12,13,6,11,10,5,6,8,9,11,11,11,13,12,9,8,10,9,,,6,6,,7,9,10,6,10,11,10,9,7,6,13,14,8,7,7,11,9,10,3,7,11,12,9,10,,8,,9,9,3,2,5,3,2,2,7,13,14,5,13,5,5,6,5,9,5,4,7,4,6,14,12,8,5,6,5,10,5,9,8,8,10,10,9,12,13,4,4,,,10,10,,14,9,4,12,6,9,8,7,12,4,4,14,14,6,6,6,10,9,8,8,8,8,9,13,5,,9,,12,"b""\x11\xee|'\x9b\xeeo\x86\xb9\xab\x12\xdf\x17\xaeN\x1e"""
11EE7C27-9BEE-6F86-B9AB-12DF17AE4E1E,2025-ncaa-d2-natl,genius_ncaa,160,141,207,163,227,258,263,257,258,251,206,270,232,242,187,212,192,198,153,202,151,255,240,254,240,251,146,188,59,252,250,101,84,166,166,262,216,173,247,267,192,175,214,175,,,65,95,,228,200,227,174,277,276,283,266,260,177,228,235,165,162,162,258,224,245,25,109,273,213,168,203,,97,,243,196,40,38,105,26,18,35,40,224,259,85,291,36,61,68,56,155,86,75,48,39,57,289,293,105,112,84,159,250,139,166,57,151,200,171,122,184,258,100,141,,,203,120,,201,200,80,261,62,194,72,55,179,14,34,250,287,65,77,75,137,134,153,223,195,88,176,222,124,,158,,190,"b""\x11\xee|'\x9b\xeeo\x86\xb9\xab\x12\xdf\x17\xaeN\x1e"""
11EE7C27-9BEE-6F86-B9AB-12DF17AE4E1E,2026-ncaa-d2-conf-PacWest,genius_ncaa,9,9,4,9,5,6,9,7,10,10,5,11,6,8,3,8,3,3,4,3,2,6,7,9,8,5,2,6,3,5,4,8,9,7,5,8,7,3,5,6,9,8,5,4,,,5,9,,6,10,8,8,3,6,10,7,11,3,6,8,2,2,2,5,6,4,8,6,9,4,9,4,,7,,7,10,9,10,8,12,8,2,12,10,9,7,12,5,4,8,4,7,7,7,12,12,12,9,9,4,6,9,5,4,5,5,10,11,10,10,11,5,7,4,4,,,7,4,,12,10,7,5,11,10,11,11,9,8,1,10,12,6,5,5,8,6,7,5,5,11,11,5,3,,5,,12,"b""\x11\xee|'\x9b\xeeo\x86\xb9\xab\x12\xdf\x17\xaeN\x1e"""
11EE7C27-9BEE-6F86-B9AB-12DF17AE4E1E,2026-ncaa-d2-natl,genius_ncaa,246,239,141,256,170,196,192,225,92,207,209,152,129,187,42,154,166,126,263,124,52,214,208,86,106,128,84,98,141,202,166,202,180,218,167,205,203,125,196,195,212,197,248,258,,,64,62,,60,249,205,219,88,179,183,273,212,228,116,187,146,93,91,250,243,206,217,235,203,150,212,262,,44,,65,247,194,199,141,262,135,91,235,278,231,291,273,65,62,173,62,82,124,97,284,279,293,255,289,24,121,180,93,166,95,167,232,230,255,272,288,155,210,29,38,,,172,77,,188,249,94,138,288,253,262,264,208,152,88,292,274,63,47,46,166,80,140,61,87,267,278,181,29,,137,,194,"b""\x11\xee|'\x9b\xeeo\x86\xb9\xab\x12\xdf\x17\xaeN\x1e"""
11EE7C27-9E57-BA52-B9AB-12DF17AE4E1E,2024-ncaa-d2-conf-Peach Belt,ncaa,9,6,10,9,10,10,10,10,8,9,8,9,10,10,10,10,7,6,8,6,3,10,10,10,9,10,9,10,1,6,4,9,8,8,3,10,8,9,10,10,7,7,10,8,,,3,10,,,9,10,2,6,10,10,10,4,3,10,10,2,2,2,9,3,4,5,4,9,10,6,10,,10,,,10,1,2,1,9,4,1,10,2,3,2,9,2,4,1,4,9,1,1,8,7,7,4,3,3,4,8,1,4,1,3,9,10,7,6,7,9,10,6,8,,,8,2,,,9,1,10,8,9,9,9,7,9,6,7,10,7,10,10,10,9,9,3,4,10,6,10,9,,1,,,"b""\x11\xee|'\x9eW\xbaR\xb9\xab\x12\xdf\x17\xaeN\x1e"""
11EE7C27-9E57-BA52-B9AB-12DF17AE4E1E,2024-ncaa-d2-natl,ncaa,269,151,293,259,294,294,294,294,244,285,283,260,294,294,292,298,271,265,249,265,137,294,293,283,271,288,292,298,11,268,87,292,211,293,132,293,273,42,292,296,291,232,291,286,,,8,201,,,261,293,71,107,267,260,238,102,16,298,299,74,43,38,188,68,77,86,60,284,295,203,279,,233,,,276,9,11,7,220,16,7,237,10,12,79,112,15,22,8,21,186,7,7,197,172,199,48,76,121,18,211,6,87,6,132,25,220,291,210,251,29,252,87,219,,,291,116,,,261,7,283,225,273,251,264,259,271,253,139,169,180,238,244,264,247,252,136,207,262,169,264,279,,78,,,"b""\x11\xee|'\x9eW\xbaR\xb9\xab\x12\xdf\x17\xaeN\x1e"""
11EE7C27-9E57-BA52-B9AB-12DF17AE4E1E,2025-ncaa-d2-conf-Peach Belt,genius_ncaa,9,10,7,9,7,9,9,9,7,8,8,8,10,10,6,10,6,5,8,5,4,9,8,8,8,10,7,9,3,9,7,7,10,8,9,9,6,9,10,10,8,7,3,3,,,5,6,,10,10,7,4,1,9,9,10,7,6,10,10,5,2,2,8,5,7,6,9,9,10,7,2,,8,,10,10,5,5,6,7,6,5,9,4,8,3,6,4,5,2,3,5,6,5,7,6,8,2,5,4,10,10,3,7,7,9,8,9,6,7,7,7,8,4,4,,,6,4,,6,10,3,10,8,10,10,10,9,10,8,6,8,5,7,6,10,10,10,6,9,10,6,8,5,,4,,6,"b""\x11\xee|'\x9eW\xbaR\xb9\xab\x12\xdf\x17\xaeN\x1e"""
11EE7C27-9E57-BA52-B9AB-12DF17AE4E1E,2025-ncaa-d2-natl,genius_ncaa,273,236,275,276,279,280,278,293,179,227,220,213,292,293,245,290,185,119,275,122,48,289,272,228,219,262,269,290,22,240,176,270,295,272,260,274,220,214,288,284,241,225,143,138,,,134,241,,199,271,270,83,25,243,242,276,119,76,294,295,71,26,26,216,86,157,185,193,244,288,183,82,,273,,258,271,63,68,54,146,108,107,150,49,47,110,68,170,180,112,170,193,67,58,125,139,154,94,65,218,272,295,22,176,103,260,81,144,216,177,157,133,236,84,128,,,172,35,,180,271,32,263,231,269,250,240,278,254,282,119,144,261,268,262,287,282,299,165,272,215,100,240,169,,30,,138,"b""\x11\xee|'\x9eW\xbaR\xb9\xab\x12\xdf\x17\xaeN\x1e"""
11EE7C27-9E57-BA52-B9AB-12DF17AE4E1E,2026-ncaa-d2-conf-Peach Belt,genius_ncaa,1,2,1,2,2,3,6,7,2,3,4,4,10,11,5,11,1,2,3,2,5,6,5,4,2,4,8,11,3,7,8,5,10,6,8,7,7,9,8,8,1,1,4,5,,,6,4,,1,5,2,4,3,4,7,9,4,5,10,11,1,2,2,8,7,9,7,9,8,7,1,5,,4,,1,5,8,8,8,6,10,10,7,3,5,3,4,7,8,5,8,6,9,10,4,4,4,4,4,7,10,10,5,8,7,8,4,1,5,7,1,9,11,7,8,,,1,2,,6,5,9,5,4,6,6,6,6,8,7,2,4,7,7,8,7,10,9,2,5,1,6,9,7,,2,,6,"b""\x11\xee|'\x9eW\xbaR\xb9\xab\x12\xdf\x17\xaeN\x1e"""
11EE7C27-9E57-BA52-B9AB-12DF17AE4E1E,2026-ncaa-d2-natl,genius_ncaa,30,196,1,134,2,6,13,10,153,7,6,179,123,97,183,261,1,1,160,1,22,5,1,186,143,169,178,257,17,4,70,10,243,6,164,38,185,296,202,215,10,84,65,173,,,297,205,,239,115,1,95,88,123,177,202,124,91,243,261,23,12,12,117,82,81,241,170,193,221,78,167,,217,,139,125,294,284,293,142,293,293,175,168,252,33,64,298,297,213,297,228,296,298,99,155,102,86,25,267,292,243,290,70,294,164,246,65,5,68,46,288,171,244,109,,,1,30,,11,115,298,149,113,132,130,112,103,182,169,28,64,265,247,243,142,199,215,86,150,68,53,184,134,,22,,73,"b""\x11\xee|'\x9eW\xbaR\xb9\xab\x12\xdf\x17\xaeN\x1e"""
11EF9E0E-9C3F-F130-A64F-12DF17AE4E1E,2025-ncaa-d3-conf-United East,genius_ncaa,16,16,13,16,13,14,12,10,15,13,6,15,12,12,11,13,14,14,8,14,14,11,11,15,15,13,13,12,9,11,14,14,17,12,16,15,16,7,10,14,10,11,6,6,,,10,11,,9,13,12,5,5,13,12,6,10,2,12,12,12,13,12,8,6,10,10,9,15,12,9,5,,13,,9,13,10,11,8,14,13,6,14,11,11,12,11,10,10,15,10,9,8,9,14,14,14,11,11,9,14,17,12,14,14,16,10,10,11,11,11,12,14,15,16,,,15,13,,17,13,6,14,14,13,14,13,11,14,13,12,13,14,14,14,12,14,16,15,16,13,8,14,17,,13,,17,b'\x11\xef\x9e\x0e\x9c?\xf10\xa6O\x12\xdf\x17\xaeN\x1e'
11EF9E0E-9C3F-F130-A64F-12DF17AE4E1E,2025-ncaa-d3-natl,genius_ncaa,403,400,345,408,357,354,340,302,357,265,135,373,389,391,356,390,317,317,278,311,373,305,289,374,373,370,389,382,185,216,241,372,406,330,379,381,401,291,328,382,186,176,215,232,,,175,176,,70,357,300,86,258,345,312,136,191,32,387,389,295,268,255,157,92,138,333,245,385,345,111,181,,288,,82,363,251,257,164,311,299,214,317,132,131,177,127,278,288,171,286,289,188,192,284,290,263,131,98,250,391,406,230,241,341,379,312,307,191,187,273,351,358,334,275,,,363,366,,410,357,113,364,344,361,359,347,339,368,353,212,228,352,364,364,360,365,398,352,387,350,104,370,378,,329,,411,b'\x11\xef\x9e\x0e\x9c?\xf10\xa6O\x12\xdf\x17\xaeN\x1e'
11EF9E0E-9C3F-F130-A64F-12DF17AE4E1E,2026-ncaa-d3-conf-United East,genius_ncaa,11,8,9,11,9,13,12,13,7,10,9,8,14,14,14,13,10,8,12,8,3,13,10,10,9,10,14,14,2,10,7,11,13,12,10,12,10,7,11,11,8,5,13,14,,,7,12,,1,10,10,6,1,10,10,12,8,6,14,13,7,2,2,12,7,7,7,9,10,11,5,14,,13,,1,10,7,5,6,7,4,3,7,9,8,12,14,7,7,5,7,13,6,6,10,11,9,13,14,10,7,13,6,7,6,10,7,14,8,6,12,7,11,12,14,,,8,2,,12,10,5,10,10,11,11,8,10,6,4,13,13,13,14,14,11,11,12,7,10,12,6,11,14,,1,,12,b'\x11\xef\x9e\x0e\x9c?\xf10\xa6O\x12\xdf\x17\xaeN\x1e'
11EF9E0E-9C3F-F130-A64F-12DF17AE4E1E,2026-ncaa-d3-natl,genius_ncaa,390,366,215,390,249,379,382,294,408,364,226,403,399,345,416,347,279,195,388,207,175,296,247,409,411,407,327,395,31,163,227,318,377,270,361,395,381,331,375,404,139,121,323,314,,,336,393,,197,395,261,134,113,405,406,296,378,144,410,354,261,132,145,273,112,101,329,218,409,384,89,304,,403,,234,398,243,192,156,284,202,152,296,187,187,187,178,390,391,206,387,408,194,188,271,321,309,317,128,397,324,377,276,227,302,361,317,392,217,209,314,320,361,336,358,,,186,106,,236,395,159,404,343,396,343,268,220,268,203,233,256,409,410,409,318,325,364,378,384,363,140,368,383,,77,,217,b'\x11\xef\x9e\x0e\x9c?\xf10\xa6O\x12\xdf\x17\xaeN\x1e'
11EF9E0E-9C57-F1AE-A64F-12DF17AE4E1E,2025-ncaa-d2-natl,genius_ncaa,290,1,301,1,301,300,300,301,7,300,301,111,300,301,1,74,301,301,27,301,294,301,301,1,1,3,23,3,297,301,65,301,2,301,1,301,24,1,55,5,301,276,301,301,,,1,300,,1,138,301,96,301,6,4,27,66,89,2,54,254,279,285,60,91,107,1,2,2,75,272,301,,291,,1,7,1,1,1,24,1,1,299,1,2,1,300,1,1,300,1,295,1,1,16,48,162,189,70,286,1,2,1,65,1,1,1,1,301,298,7,1,5,1,1,,,301,298,,301,138,1,3,131,8,129,80,229,111,2,72,301,267,217,215,247,96,28,41,23,1,298,12,1,,296,,301,b'\x11\xef\x9e\x0e\x9cW\xf1\xae\xa6O\x12\xdf\x17\xaeN\x1e'
11EF9E0E-9C57-F1AE-A64F-12DF17AE4E1E,2026-ncaa-d2-conf-NSIC,genius_ncaa,6,7,2,7,9,8,8,9,9,4,6,11,8,10,8,9,10,9,13,8,11,8,5,8,8,11,11,10,11,5,4,2,4,4,3,13,14,12,12,14,3,5,10,7,,,7,10,,5,10,9,8,11,10,10,11,5,8,10,12,12,10,9,10,6,6,1,4,13,11,5,10,,6,,5,10,9,7,9,6,4,4,12,15,15,8,16,5,5,3,5,11,8,8,9,6,7,14,15,4,5,4,4,4,4,3,10,13,7,7,9,14,15,15,16,,,8,11,,9,10,10,9,7,10,7,4,7,2,2,15,15,4,5,5,6,6,5,3,4,10,8,14,16,,11,,10,b'\x11\xef\x9e\x0e\x9cW\xf1\xae\xa6O\x12\xdf\x17\xaeN\x1e'
11EF9E0E-9C57-F1AE-A64F-12DF17AE4E1E,2026-ncaa-d2-natl,genius_ncaa,201,144,221,202,233,246,241,248,147,236,250,122,197,205,173,116,234,236,173,234,151,250,243,142,151,187,160,135,182,180,81,217,24,220,33,253,228,125,245,237,222,151,137,60,,,37,84,,140,200,250,148,88,188,171,190,170,206,146,133,184,185,179,197,131,107,74,81,213,240,168,96,,67,,202,206,77,89,51,235,54,30,227,213,152,268,281,31,27,125,30,92,43,42,266,250,240,245,284,21,17,24,38,81,27,33,147,249,225,143,233,182,264,204,279,,,250,231,,213,200,49,182,193,204,187,202,137,103,42,280,263,38,35,38,97,91,31,80,39,247,162,260,266,,220,,184,b'\x11\xef\x9e\x0e\x9cW\xf1\xae\xa6O\x12\xdf\x17\xaeN\x1e'
11EFB2BA-E2C6-F520-8806-9A93B15B3FEC,2025-wnba-pst-season,wnba_sr_game_summary,8,1,8,8,8,8,8,8,7,8,8,8,7,8,3,2,7,8,1,8,2,8,8,5,3,6,1,1,2,8,8,8,7,8,8,8,1,1,8,6,8,4,8,5,1,5,1,6,8,1,8,8,7,6,7,7,8,8,8,1,2,3,4,4,8,8,8,8,8,4,8,5,6,5,5,2,1,8,1,1,1,7,1,1,8,2,1,7,8,1,1,2,1,5,1,1,8,7,7,4,6,2,1,7,1,8,1,8,1,7,8,6,8,1,8,1,5,8,5,8,1,1,6,8,1,7,8,8,8,8,2,7,1,8,7,2,4,4,2,2,5,2,3,8,6,7,5,6,2,5,4,b'\x11\xef\xb2\xba\xe2\xc6\xf5 \x88\x06\x9a\x93\xb1[?\xec'
11EFB2BA-E2C6-F520-8806-9A93B15B3FEC,2025-wnba-reg-season,wnba_sr_game_summary,7,7,1,7,3,10,13,12,13,13,13,10,1,1,11,1,5,6,3,5,1,12,12,10,9,9,1,1,2,5,6,3,3,4,3,12,5,10,10,10,10,9,12,11,9,12,7,9,4,2,8,13,13,3,10,13,12,13,13,1,1,5,6,5,12,12,5,3,4,12,10,10,12,9,7,4,2,8,1,1,3,1,1,1,1,10,13,3,13,6,6,6,6,11,1,1,1,2,3,13,13,9,6,3,5,6,5,3,3,12,11,10,9,9,10,9,12,12,11,4,3,7,4,8,1,9,3,8,1,1,3,1,1,10,13,6,6,6,1,1,6,5,5,3,11,9,9,12,4,7,4,b'\x11\xef\xb2\xba\xe2\xc6\xf5 \x88\x06\x9a\x93\xb1[?\xec'
11EFB2BA-E2C6-F520-8806-9A93B15B3FEC,all-wnba-pst-season,wnba_box,18,1,18,18,18,18,18,18,17,18,18,17,17,17,1,1,18,18,1,18,1,18,18,8,6,12,1,1,5,18,18,18,3,18,18,17,1,1,18,11,18,13,17,5,6,18,1,6,13,6,12,18,3,13,12,15,14,18,18,1,1,6,9,9,13,12,18,13,18,1,18,11,14,18,9,1,14,18,1,1,1,18,1,1,18,2,2,11,18,1,1,7,1,16,1,1,18,18,18,17,18,1,1,3,1,18,1,18,1,18,18,15,18,1,18,1,13,13,1,18,5,6,13,12,1,17,18,18,18,18,14,13,1,18,18,6,7,7,13,12,1,12,9,18,12,18,2,1,4,18,1,b'\x11\xef\xb2\xba\xe2\xc6\xf5 \x88\x06\x9a\x93\xb1[?\xec'
11EFB2BA-E2C6-F520-8806-9A93B15B3FEC,all-wnba-reg-season,wnba_box,19,1,19,6,19,19,19,19,18,19,19,1,18,18,17,1,19,19,1,19,1,19,19,6,3,2,1,1,12,19,19,19,1,19,1,19,1,1,3,1,19,19,19,13,7,19,1,2,13,7,9,19,6,17,4,13,5,19,19,1,1,6,15,15,7,9,17,1,2,1,3,19,19,19,2,1,19,4,1,1,1,1,1,1,17,2,3,1,19,1,1,19,1,19,1,1,10,10,17,19,19,1,1,1,1,19,1,1,1,19,19,19,19,1,6,1,19,13,1,19,18,7,13,9,1,3,13,7,14,7,15,1,1,19,19,6,4,4,13,7,1,18,14,19,19,6,14,1,17,19,1,b'\x11\xef\xb2\xba\xe2\xc6\xf5 \x88\x06\x9a\x93\xb1[?\xec'
11F0B421-86CA-A1EA-B84D-12DF17AE4E1E,2026-ncaa-d3-conf-C2C,genius_ncaa,1,1,1,1,1,1,1,1,4,2,1,4,1,1,3,2,1,1,4,1,1,1,1,4,4,4,2,2,2,1,3,2,1,1,1,1,1,2,2,2,1,1,3,3,,,3,4,,1,2,1,1,1,1,1,1,2,1,1,1,1,1,1,1,1,1,2,1,1,2,1,3,,3,,1,2,2,3,3,2,4,3,2,1,1,1,1,2,3,2,2,1,3,3,2,2,2,1,1,2,1,1,4,3,3,1,1,1,2,2,2,2,2,1,1,,,1,2,,2,2,3,3,1,2,2,3,3,4,3,1,1,2,3,2,3,3,1,4,3,1,2,2,1,,1,,2,b'\x11\xf0\xb4!\x86\xca\xa1\xea\xb8M\x12\xdf\x17\xaeN\x1e'
11F0B421-86CA-A1EA-B84D-12DF17AE4E1E,2026-ncaa-d3-natl,genius_ncaa,98,21,327,49,331,308,293,213,349,272,212,321,260,196,356,169,314,334,185,334,367,230,254,351,359,323,269,228,265,88,70,261,81,192,92,247,130,170,185,222,70,19,395,404,,,160,275,,1,170,283,19,29,138,110,6,113,16,183,47,204,238,245,6,6,9,27,4,87,322,14,399,,366,,1,154,69,64,75,94,79,142,30,58,28,331,19,179,207,83,186,260,84,114,68,89,40,213,118,352,77,81,182,70,134,92,63,142,145,44,26,179,202,47,27,,,335,387,,397,170,127,288,31,165,185,145,242,185,353,111,30,329,371,356,282,380,160,386,337,135,17,313,68,,218,,403,b'\x11\xf0\xb4!\x86\xca\xa1\xea\xb8M\x12\xdf\x17\xaeN\x1e'
11F0B421-86E8-4718-B84D-12DF17AE4E1E,2026-ncaa-d2-conf-Peach Belt,genius_ncaa,1,2,1,2,1,4,2,2,8,2,3,7,5,3,10,7,9,8,8,8,11,2,3,8,7,8,10,6,10,2,3,2,2,1,3,6,10,7,5,7,6,6,1,1,,,11,11,,9,4,5,7,2,5,3,3,3,4,6,5,10,10,10,3,5,3,4,2,6,5,6,1,,11,,9,4,6,4,5,3,2,2,3,11,11,6,11,11,11,6,11,11,6,8,6,7,5,11,11,11,4,2,9,3,9,3,10,11,3,4,7,2,1,7,7,,,3,6,,1,4,9,7,2,4,4,1,2,1,2,11,11,11,11,11,4,6,3,7,7,8,3,1,7,,4,,1,b'\x11\xf0\xb4!\x86\xe8G\x18\xb8M\x12\xdf\x17\xaeN\x1e'
11F0B421-86E8-4718-B84D-12DF17AE4E1E,2026-ncaa-d2-natl,genius_ncaa,65,13,221,36,223,233,226,233,159,207,209,152,205,219,176,162,230,228,167,230,199,231,226,165,170,207,200,163,188,105,12,243,163,202,42,232,230,165,251,241,141,88,153,47,,,150,280,,140,98,236,100,20,133,121,90,115,104,156,149,162,166,175,100,46,29,159,55,185,270,77,104,,271,,202,82,38,21,37,23,15,18,42,120,152,74,277,147,183,47,178,297,47,61,32,48,31,291,247,284,77,163,26,12,37,42,43,210,119,26,28,64,112,38,56,,,197,106,,47,98,62,174,32,82,62,17,50,7,8,194,263,254,275,274,111,207,156,37,73,77,27,147,58,,56,,14,b'\x11\xf0\xb4!\x86\xe8G\x18\xb8M\x12\xdf\x17\xaeN\x1e'
